token,exchange_timestamp,ltp,last_traded_quantity,avg_trade_price,volume,total_buy_qty,total_sell_qty,open,high,low,close,open_interest,upper_circuit,lower_circuit,52wk_high,52wk_low,buy_price_1,buy_qty_1,buy_orders_1,buy_price_2,buy_qty_2,buy_orders_2,buy_price_3,buy_qty_3,buy_orders_3,buy_price_4,buy_qty_4,buy_orders_4,buy_price_5,buy_qty_5,buy_orders_5,sell_price_1,sell_qty_1,sell_orders_1,sell_price_2,sell_qty_2,sell_orders_2,sell_price_3,sell_qty_3,sell_orders_3,sell_price_4,sell_qty_4,sell_orders_4,sell_price_5,sell_qty_5,sell_orders_5
11536,2025-12-30 09:15:06+05:30,3249.2,21,3249.84,5805,20862.0,37460.0,3250.0,3251.5,3247.5,3251.5,41173650,3576.6,2926.4,4322.95,2866.6,3247.2,52,2,3247.1,3,2,3247.0,9,4,3246.9,31,1,3246.8,87,2,3249.1,13,2,3249.2,23,3,3249.4,5,1,3249.6,71,2,3249.7,199,3
11536,2025-12-30 09:15:07+05:30,3249.2,1,3249.84,5830,21738.0,38374.0,3250.0,3251.5,3247.5,3251.5,41173650,3576.6,2926.4,4322.95,2866.6,3247.2,62,3,3247.1,3,2,3247.0,9,4,3246.9,31,1,3246.8,87,2,3249.0,13,2,3249.1,54,2,3249.2,11,2,3249.4,5,1,3249.6,71,2
11536,2025-12-30 09:15:08+05:30,3249.4,20,3249.84,5830,21738.0,38374.0,3250.0,3251.5,3247.5,3251.5,41173650,3576.6,2926.4,4322.95,2866.6,3247.2,62,3,3247.1,3,2,3247.0,9,4,3246.9,31,1,3246.8,87,2,3249.0,13,2,3249.1,54,2,3249.2,11,2,3249.4,5,1,3249.6,71,2
11536,2025-12-30 09:15:08+05:30,3249.4,20,3249.83,5946,21987.0,37977.0,3250.0,3251.5,3247.5,3251.5,41173650,3576.6,2926.4,4322.95,2866.6,3248.5,7,1,3247.5,46,1,3247.4,10,1,3247.3,3,1,3247.2,16,2,3249.0,1,1,3250.0,46,2,3250.1,46,2,3250.2,48,2,3250.3,43,1
11536,2025-12-30 09:15:09+05:30,3250.0,13,3249.83,5946,21987.0,37977.0,3250.0,3251.5,3247.5,3251.5,41173650,3576.6,2926.4,4322.95,2866.6,3248.5,7,1,3247.5,46,1,3247.4,10,1,3247.3,3,1,3247.2,16,2,3249.0,1,1,3250.0,46,2,3250.1,46,2,3250.2,48,2,3250.3,43,1
11536,2025-12-30 09:15:09+05:30,3250.0,13,3249.83,5963,22331.0,37986.0,3250.0,3251.5,3247.5,3251.5,41173650,3576.6,2926.4,4322.95,2866.6,3248.7,46,1,3248.6,3,1,3248.5,9,3,3248.3,98,1,3248.0,43,1,3250.7,10,1,3250.9,43,1,3251.0,55,2,3251.1,43,1,3251.2,43,1
11536,2025-12-30 09:15:10+05:30,3250.7,2,3249.83,5963,22331.0,37986.0,3250.0,3251.5,3247.5,3251.5,41173650,3576.6,2926.4,4322.95,2866.6,3248.7,46,1,3248.6,3,1,3248.5,9,3,3248.3,98,1,3248.0,43,1,3250.7,10,1,3250.9,43,1,3251.0,55,2,3251.1,43,1,3251.2,43,1
11536,2025-12-30 09:15:10+05:30,3250.7,2,3249.83,5965,22630.0,38624.0,3250.0,3251.5,3247.5,3251.5,41173650,3576.6,2926.4,4322.95,2866.6,3249.1,46,1,3249.0,6,2,3248.7,24,2,3248.6,1,1,3248.5,14,5,3250.7,91,2,3250.9,45,2,3251.0,55,2,3251.1,48,2,3251.2,43,1
11536,2025-12-30 09:15:11+05:30,3250.7,7,3249.83,5965,22630.0,38624.0,3250.0,3251.5,3247.5,3251.5,41173650,3576.6,2926.4,4322.95,2866.6,3249.1,46,1,3249.0,6,2,3248.7,24,2,3248.6,1,1,3248.5,14,5,3250.7,91,2,3250.9,45,2,3251.0,55,2,3251.1,48,2,3251.2,43,1
11536,2025-12-30 09:15:11+05:30,3250.7,7,3249.83,6001,23198.0,39033.0,3250.0,3251.5,3247.5,3251.5,41173650,3576.6,2926.4,4322.95,2866.6,3249.1,81,4,3249.0,6,2,3248.7,75,3,3248.6,1,1,3248.5,11,4,3250.7,81,2,3251.0,55,2,3251.1,43,1,3251.2,45,2,3251.3,43,1
11536,2025-12-30 09:15:12+05:30,3249.1,12,3249.83,6013,23487.0,39289.0,3250.0,3251.5,3247.5,3251.5,41173650,3576.6,2926.4,4322.95,2866.6,3249.1,36,4,3249.0,25,3,3248.8,46,1,3248.7,75,3,3248.5,9,3,3250.7,81,2,3250.8,12,1,3250.9,2,1,3251.0,55,2,3251.1,49,2
11536,2025-12-30 09:15:13+05:30,3250.7,1,3249.83,6013,23487.0,39289.0,3250.0,3251.5,3247.5,3251.5,41173650,3576.6,2926.4,4322.95,2866.6,3249.1,36,4,3249.0,25,3,3248.8,46,1,3248.7,75,3,3248.5,9,3,3250.7,81,2,3250.8,12,1,3250.9,2,1,3251.0,55,2,3251.1,49,2
11536,2025-12-30 09:15:13+05:30,3250.7,1,3249.83,6028,24092.0,39723.0,3250.0,3251.5,3247.5,3251.5,41173650,3576.6,2926.4,4322.95,2866.6,3250.0,10,1,3249.2,46,1,3249.1,36,4,3249.0,25,3,3248.8,172,2,3250.7,468,3,3251.0,57,3,3251.2,4,2,3251.5,74,14,3251.6,6,1
11536,2025-12-30 09:15:14+05:30,3250.7,10,3249.84,6046,24102.0,40366.0,3250.0,3251.5,3247.5,3251.5,41173650,3576.6,2926.4,4322.95,2866.6,3250.0,13,3,3249.2,226,2,3249.1,17,3,3249.0,6,2,3248.9,56,1,3250.7,470,4,3251.0,55,2,3251.2,4,2,3251.5,249,15,3251.6,134,2
11536,2025-12-30 09:15:15+05:30,3250.7,4,3249.84,6046,24102.0,40366.0,3250.0,3251.5,3247.5,3251.5,41173650,3576.6,2926.4,4322.95,2866.6,3250.0,13,3,3249.2,226,2,3249.1,17,3,3249.0,6,2,3248.9,56,1,3250.7,470,4,3251.0,55,2,3251.2,4,2,3251.5,249,15,3251.6,134,2
11536,2025-12-30 09:15:15+05:30,3250.0,2,3249.84,6070,24535.0,40407.0,3250.0,3251.5,3247.5,3251.5,41173650,3576.6,2926.4,4322.95,2866.6,3250.0,2,1,3249.5,3,1,3249.1,17,3,3249.0,6,2,3248.8,47,3,3250.7,483,5,3250.8,26,1,3251.0,57,3,3251.1,25,1,3251.2,15,3
11536,2025-12-30 09:15:16+05:30,3250.0,2,3249.84,6070,25323.0,40930.0,3250.0,3251.5,3247.5,3251.5,41173650,3576.6,2926.4,4322.95,2866.6,3250.0,3,2,3249.5,3,1,3249.3,3,1,3249.1,63,4,3249.0,8,3,3250.7,465,4,3250.8,30,1,3251.0,55,2,3251.2,4,2,3251.4,25,1
11536,2025-12-30 09:15:17+05:30,3250.7,4,3249.84,6070,25323.0,40930.0,3250.0,3251.5,3247.5,3251.5,41173650,3576.6,2926.4,4322.95,2866.6,3250.0,3,2,3249.5,3,1,3249.3,3,1,3249.1,63,4,3249.0,8,3,3250.7,465,4,3250.8,30,1,3251.0,55,2,3251.2,4,2,3251.4,25,1
11536,2025-12-30 09:15:17+05:30,3250.7,4,3249.84,6074,26113.0,41659.0,3250.0,3251.5,3247.5,3251.5,41173650,3576.6,2926.4,4322.95,2866.6,3250.0,3,2,3249.5,22,2,3249.3,5,2,3249.1,63,4,3249.0,10,4,3250.7,448,4,3250.8,30,1,3251.0,55,2,3251.2,4,2,3251.3,26,1
11536,2025-12-30 09:15:18+05:30,3249.5,18,3249.84,6074,26113.0,41659.0,3250.0,3251.5,3247.5,3251.5,41173650,3576.6,2926.4,4322.95,2866.6,3250.0,3,2,3249.5,22,2,3249.3,5,2,3249.1,63,4,3249.0,10,4,3250.7,448,4,3250.8,30,1,3251.0,55,2,3251.2,4,2,3251.3,26,1
11536,2025-12-30 09:15:18+05:30,3249.5,18,3249.84,6106,27139.0,42960.0,3250.0,3251.5,3247.5,3251.5,41173650,3576.6,2926.4,4322.95,2866.6,3250.0,1,1,3249.3,22,2,3249.1,82,5,3249.0,3,2,3248.8,47,3,3250.7,458,5,3250.8,30,1,3251.0,57,3,3251.1,31,2,3251.2,4,2
11536,2025-12-30 09:15:19+05:30,3250.7,9,3249.84,6106,27139.0,42960.0,3250.0,3251.5,3247.5,3251.5,41173650,3576.6,2926.4,4322.95,2866.6,3250.0,1,1,3249.3,22,2,3249.1,82,5,3249.0,3,2,3248.8,47,3,3250.7,458,5,3250.8,30,1,3251.0,57,3,3251.1,31,2,3251.2,4,2
11536,2025-12-30 09:15:19+05:30,3249.3,2,3249.84,6143,32125.0,43088.0,3250.0,3251.5,3247.5,3251.5,41173650,3576.6,2926.4,4322.95,2866.6,3249.3,20,2,3249.1,36,4,3249.0,3,2,3248.8,64,5,3248.7,64,3,3250.7,440,5,3250.8,30,1,3251.0,57,3,3251.1,6,1,3251.2,2,1
11536,2025-12-30 09:15:20+05:30,3250.0,3,3249.84,6143,32125.0,43088.0,3250.0,3251.5,3247.5,3251.5,41173650,3576.6,2926.4,4322.95,2866.6,3249.3,20,2,3249.1,36,4,3249.0,3,2,3248.8,64,5,3248.7,64,3,3250.7,440,5,3250.8,30,1,3251.0,57,3,3251.1,6,1,3251.2,2,1
11536,2025-12-30 09:15:20+05:30,3250.0,3,3249.84,6146,32904.0,44424.0,3250.0,3251.5,3247.5,3251.5,41173650,3576.6,2926.4,4322.95,2866.6,3249.3,4,1,3249.2,85,1,3249.1,36,4,3249.0,3,2,3248.8,50,3,3250.0,57,1,3250.4,22,2,3250.5,92,2,3250.6,61,1,3250.7,442,6
11536,2025-12-30 09:15:21+05:30,3250.0,3,3249.84,6146,33384.0,44813.0,3250.0,3251.5,3247.5,3251.5,41173650,3576.6,2926.4,4322.95,2866.6,3249.3,12,2,3249.2,85,1,3249.1,36,4,3249.0,3,2,3248.8,49,2,3250.0,84,2,3250.1,51,2,3250.2,2,1,3250.3,26,1,3250.4,2,1
11536,2025-12-30 09:15:22+05:30,3248.5,5,3249.84,6146,33384.0,44813.0,3250.0,3251.5,3247.5,3251.5,41173650,3576.6,2926.4,4322.95,2866.6,3249.3,12,2,3249.2,85,1,3249.1,36,4,3249.0,3,2,3248.8,49,2,3250.0,84,2,3250.1,51,2,3250.2,2,1,3250.3,26,1,3250.4,2,1
11536,2025-12-30 09:15:22+05:30,3248.6,2,3249.73,6810,32867.0,48138.0,3250.0,3251.5,3247.5,3251.5,41173650,3576.6,2926.4,4322.95,2866.6,3247.4,31,3,3247.3,19,1,3247.2,75,5,3247.1,5,2,3247.0,9,4,3248.6,24,2,3248.7,16,2,3249.0,30,2,3249.1,59,3,3249.2,57,4
11536,2025-12-30 09:15:23+05:30,3247.9,8,3249.73,6810,32867.0,48138.0,3250.0,3251.5,3247.5,3251.5,41173650,3576.6,2926.4,4322.95,2866.6,3247.4,31,3,3247.3,19,1,3247.2,75,5,3247.1,5,2,3247.0,9,4,3248.6,24,2,3248.7,16,2,3249.0,30,2,3249.1,59,3,3249.2,57,4
11536,2025-12-30 09:15:23+05:30,3248.4,4,3249.59,7388,36307.0,55572.0,3250.0,3251.5,3247.4,3251.5,41173650,3576.6,2926.4,4322.95,2866.6,3247.2,16,2,3247.1,2,1,3247.0,6,3,3246.9,51,2,3246.8,9,1,3248.3,26,2,3248.4,10,2,3248.5,40,3,3248.6,60,3,3248.8,15,1
11536,2025-12-30 09:15:24+05:30,3247.1,15,3249.59,7388,36307.0,55572.0,3250.0,3251.5,3247.4,3251.5,41173650,3576.6,2926.4,4322.95,2866.6,3247.2,16,2,3247.1,2,1,3247.0,6,3,3246.9,51,2,3246.8,9,1,3248.3,26,2,3248.4,10,2,3248.5,40,3,3248.6,60,3,3248.8,15,1
11536,2025-12-30 09:15:24+05:30,3247.1,15,3249.31,8610,35111.0,56764.0,3250.0,3251.5,3246.8,3251.5,41173650,3576.6,2926.4,4322.95,2866.6,3246.8,9,1,3246.1,46,1,3246.0,3,2,3245.8,19,1,3245.7,2,1,3247.1,17,3,3247.2,1,1,3247.4,20,1,3247.5,28,1,3247.7,6,1
11536,2025-12-30 09:15:25+05:30,3245.5,14,3249.31,8610,35111.0,56764.0,3250.0,3251.5,3246.8,3251.5,41173650,3576.6,2926.4,4322.95,2866.6,3246.8,9,1,3246.1,46,1,3246.0,3,2,3245.8,19,1,3245.7,2,1,3247.1,17,3,3247.2,1,1,3247.4,20,1,3247.5,28,1,3247.7,6,1
11536,2025-12-30 09:15:25+05:30,3245.5,14,3249.03,9353,33814.0,58336.0,3250.0,3251.5,3244.2,3251.5,41173650,3576.6,2926.4,4322.95,2866.6,3244.3,20,1,3244.2,56,2,3244.1,1,1,3244.0,2,1,3243.9,98,1,3245.8,59,4,3245.9,27,2,3246.0,1,1,3246.1,173,1,3246.2,84,2
11536,2025-12-30 09:15:26+05:30,3245.5,30,3249.03,9353,33814.0,58336.0,3250.0,3251.5,3244.2,3251.5,41173650,3576.6,2926.4,4322.95,2866.6,3244.3,20,1,3244.2,56,2,3244.1,1,1,3244.0,2,1,3243.9,98,1,3245.8,59,4,3245.9,27,2,3246.0,1,1,3246.1,173,1,3246.2,84,2
11536,2025-12-30 09:15:26+05:30,3245.5,30,3248.99,9470,34373.0,59101.0,3250.0,3251.5,3244.2,3251.5,41173650,3576.6,2926.4,4322.95,2866.6,3244.3,27,3,3244.2,56,2,3244.1,1,1,3244.0,2,1,3243.9,98,1,3245.6,25,2,3245.8,53,2,3245.9,34,3,3246.0,52,3,3246.1,45,1
11536,2025-12-30 09:15:27+05:30,3245.6,50,3248.99,9470,34373.0,59101.0,3250.0,3251.5,3244.2,3251.5,41173650,3576.6,2926.4,4322.95,2866.6,3244.3,27,3,3244.2,56,2,3244.1,1,1,3244.0,2,1,3243.9,98,1,3245.6,25,2,3245.8,53,2,3245.9,34,3,3246.0,52,3,3246.1,45,1
11536,2025-12-30 09:15:27+05:30,3245.6,50,3248.95,9585,34725.0,58523.0,3250.0,3251.5,3244.2,3251.5,41173650,3576.6,2926.4,4322.95,2866.6,3244.6,130,5,3244.5,15,1,3244.4,22,2,3244.3,14,3,3244.2,10,1,3245.6,66,3,3245.8,4,2,3245.9,4,2,3246.0,26,2,3246.3,25,1
11536,2025-12-30 09:15:28+05:30,3245.8,3,3248.92,9652,35430.0,59548.0,3250.0,3251.5,3244.2,3251.5,41173650,3576.6,2926.4,4322.95,2866.6,3244.8,8,1,3244.6,5,1,3244.5,46,1,3244.4,39,2,3244.3,8,2,3245.8,16,3,3245.9,1,1,3246.0,1,1,3246.3,28,2,3246.4,65,2
11536,2025-12-30 09:15:28+05:30,3245.8,3,3248.92,9652,35430.0,59548.0,3250.0,3251.5,3244.2,3251.5,41173650,3576.6,2926.4,4322.95,2866.6,3244.8,8,1,3244.6,5,1,3244.5,46,1,3244.4,39,2,3244.3,8,2,3245.8,16,3,3245.9,1,1,3246.0,1,1,3246.3,28,2,3246.4,65,2
11536,2025-12-30 09:15:29+05:30,3244.8,8,3248.92,9652,35430.0,59548.0,3250.0,3251.5,3244.2,3251.5,41173650,3576.6,2926.4,4322.95,2866.6,3244.8,8,1,3244.6,5,1,3244.5,46,1,3244.4,39,2,3244.3,8,2,3245.8,16,3,3245.9,1,1,3246.0,1,1,3246.3,28,2,3246.4,65,2
11536,2025-12-30 09:15:29+05:30,3244.8,16,3248.91,9692,34688.0,59837.0,3250.0,3251.5,3244.2,3251.5,41173650,3576.6,2926.4,4322.95,2866.6,3244.8,8,1,3244.3,8,2,3244.2,10,1,3244.1,1,1,3244.0,2,1,3245.5,49,4,3245.6,38,3,3245.7,13,2,3245.8,22,2,3245.9,1,1
11536,2025-12-30 09:15:30+05:30,3244.8,7,3248.91,9692,34688.0,59837.0,3250.0,3251.5,3244.2,3251.5,41173650,3576.6,2926.4,4322.95,2866.6,3244.8,8,1,3244.3,8,2,3244.2,10,1,3244.1,1,1,3244.0,2,1,3245.5,49,4,3245.6,38,3,3245.7,13,2,3245.8,22,2,3245.9,1,1
11536,2025-12-30 09:15:30+05:30,3244.8,7,3248.9,9715,35607.0,61238.0,3250.0,3251.5,3244.2,3251.5,41173650,3576.6,2926.4,4322.95,2866.6,3245.0,100,1,3244.8,8,1,3244.3,54,3,3244.2,10,1,3244.1,1,1,3245.4,87,5,3245.5,44,3,3245.6,5,1,3245.7,25,1,3245.9,1,1
11536,2025-12-30 09:15:31+05:30,3245.1,20,3248.9,9715,35607.0,61238.0,3250.0,3251.5,3244.2,3251.5,41173650,3576.6,2926.4,4322.95,2866.6,3245.0,100,1,3244.8,8,1,3244.3,54,3,3244.2,10,1,3244.1,1,1,3245.4,87,5,3245.5,44,3,3245.6,5,1,3245.7,25,1,3245.9,1,1
11536,2025-12-30 09:15:31+05:30,3245.1,20,3248.83,9891,34354.0,61433.0,3250.0,3251.5,3244.2,3251.5,41173650,3576.6,2926.4,4322.95,2866.6,3244.3,8,2,3244.2,10,1,3244.1,1,1,3244.0,2,1,3243.9,3,1,3244.9,59,4,3245.0,6,1,3245.1,35,2,3245.2,68,2,3245.4,100,3
11536,2025-12-30 09:15:32+05:30,3243.9,5,3248.83,9891,34354.0,61433.0,3250.0,3251.5,3244.2,3251.5,41173650,3576.6,2926.4,4322.95,2866.6,3244.3,8,2,3244.2,10,1,3244.1,1,1,3244.0,2,1,3243.9,3,1,3244.9,59,4,3245.0,6,1,3245.1,35,2,3245.2,68,2,3245.4,100,3
11536,2025-12-30 09:15:32+05:30,3243.8,2,3247.68,12160,30897.0,61420.0,3250.0,3251.5,3240.2,3251.5,41173650,3576.6,2926.4,4322.95,2866.6,3241.7,31,2,3241.6,24,2,3241.1,46,1,3241.0,43,1,3240.9,45,2,3243.5,211,5,3243.6,9,3,3243.7,28,1,3243.8,73,3,3243.9,69,3
11536,2025-12-30 09:15:33+05:30,3243.5,13,3247.68,12160,30897.0,61420.0,3250.0,3251.5,3240.2,3251.5,41173650,3576.6,2926.4,4322.95,2866.6,3241.7,31,2,3241.6,24,2,3241.1,46,1,3241.0,43,1,3240.9,45,2,3243.5,211,5,3243.6,9,3,3243.7,28,1,3243.8,73,3,3243.9,69,3
11536,2025-12-30 09:15:33+05:30,3245.2,1,3247.54,12598,31994.0,61399.0,3250.0,3251.5,3240.2,3251.5,41173650,3576.6,2926.4,4322.95,2866.6,3243.6,34,3,3243.5,34,3,3243.4,15,2,3243.3,53,2,3243.2,12,3,3245.2,381,5,3245.3,175,1,3245.4,74,2,3245.5,218,2,3245.6,43,1
11536,2025-12-30 09:15:34+05:30,3245.2,84,3247.54,12598,31994.0,61399.0,3250.0,3251.5,3240.2,3251.5,41173650,3576.6,2926.4,4322.95,2866.6,3243.6,34,3,3243.5,34,3,3243.4,15,2,3243.3,53,2,3243.2,12,3,3245.2,381,5,3245.3,175,1,3245.4,74,2,3245.5,218,2,3245.6,43,1
11536,2025-12-30 09:15:34+05:30,3245.2,84,3247.39,13451,33015.0,60585.0,3250.0,3251.5,3240.2,3251.5,41173650,3576.6,2926.4,4322.95,2866.6,3244.7,37,3,3244.6,46,1,3244.5,49,2,3244.2,25,3,3244.1,18,3,3245.2,29,2,3245.3,30,1,3246.0,3,1,3246.1,25,1,3246.3,97,1
11536,2025-12-30 09:15:35+05:30,3245.2,71,3247.39,13451,33015.0,60585.0,3250.0,3251.5,3240.2,3251.5,41173650,3576.6,2926.4,4322.95,2866.6,3244.7,37,3,3244.6,46,1,3244.5,49,2,3244.2,25,3,3244.1,18,3,3245.2,29,2,3245.3,30,1,3246.0,3,1,3246.1,25,1,3246.3,97,1
11536,2025-12-30 09:15:35+05:30,3245.0,15,3247.37,13589,32710.0,60906.0,3250.0,3251.5,3240.2,3251.5,41173650,3576.6,2926.4,4322.95,2866.6,3244.1,20,2,3243.9,98,1,3243.8,48,2,3243.7,14,2,3243.6,34,2,3245.0,30,1,3245.2,278,3,3245.3,30,1,3245.5,25,1,3245.6,29,2
11536,2025-12-30 09:15:36+05:30,3245.0,15,3247.37,13589,32710.0,60906.0,3250.0,3251.5,3240.2,3251.5,41173650,3576.6,2926.4,4322.95,2866.6,3244.1,20,2,3243.9,98,1,3243.8,48,2,3243.7,14,2,3243.6,34,2,3245.0,30,1,3245.2,278,3,3245.3,30,1,3245.5,25,1,3245.6,29,2
11536,2025-12-30 09:15:36+05:30,3245.0,15,3247.37,13589,32425.0,61075.0,3250.0,3251.5,3240.2,3251.5,41173650,3576.6,2926.4,4322.95,2866.6,3244.1,93,4,3243.9,144,2,3243.8,31,1,3243.7,5,2,3243.6,34,2,3245.0,30,1,3245.1,26,1,3245.2,252,2,3245.4,21,1,3245.6,3,1
11536,2025-12-30 09:15:37+05:30,3245.0,13,3247.37,13589,32425.0,61075.0,3250.0,3251.5,3240.2,3251.5,41173650,3576.6,2926.4,4322.95,2866.6,3244.1,93,4,3243.9,144,2,3243.8,31,1,3243.7,5,2,3243.6,34,2,3245.0,30,1,3245.1,26,1,3245.2,252,2,3245.4,21,1,3245.6,3,1
11536,2025-12-30 09:15:37+05:30,3244.1,49,3247.35,13694,31993.0,61403.0,3250.0,3251.5,3240.2,3251.5,41173650,3576.6,2926.4,4322.95,2866.6,3243.7,22,2,3243.6,19,1,3243.5,3,1,3243.3,46,1,3243.2,32,3,3245.0,159,6,3245.1,132,2,3245.2,243,2,3245.4,24,2,3245.6,4,2
11536,2025-12-30 09:15:38+05:30,3244.1,17,3247.35,13694,31993.0,61403.0,3250.0,3251.5,3240.2,3251.5,41173650,3576.6,2926.4,4322.95,2866.6,3243.7,22,2,3243.6,19,1,3243.5,3,1,3243.3,46,1,3243.2,32,3,3245.0,159,6,3245.1,132,2,3245.2,243,2,3245.4,24,2,3245.6,4,2
11536,2025-12-30 09:15:38+05:30,3243.7,8,3247.33,13758,33436.0,61653.0,3250.0,3251.5,3240.2,3251.5,41173650,3576.6,2926.4,4322.95,2866.6,3243.7,3,1,3243.1,65,2,3243.0,19,1,3242.9,79,2,3242.8,141,2,3244.8,200,5,3244.9,100,2,3245.0,57,6,3245.1,50,2,3245.2,243,2
11536,2025-12-30 09:15:39+05:30,3243.7,8,3247.33,13758,33436.0,61653.0,3250.0,3251.5,3240.2,3251.5,41173650,3576.6,2926.4,4322.95,2866.6,3243.7,3,1,3243.1,65,2,3243.0,19,1,3242.9,79,2,3242.8,141,2,3244.8,200,5,3244.9,100,2,3245.0,57,6,3245.1,50,2,3245.2,243,2
11536,2025-12-30 09:15:39+05:30,3244.7,1,3247.33,13759,33858.0,62911.0,3250.0,3251.5,3240.2,3251.5,41173650,3576.6,2926.4,4322.95,2866.6,3243.7,3,1,3243.0,67,3,3242.9,79,2,3242.8,141,2,3242.7,52,3,3244.7,128,3,3244.8,188,6,3244.9,7,1,3245.0,29,3,3245.1,25,1
11536,2025-12-30 09:15:40+05:30,3244.7,1,3247.33,13759,33858.0,62911.0,3250.0,3251.5,3240.2,3251.5,41173650,3576.6,2926.4,4322.95,2866.6,3243.7,3,1,3243.0,67,3,3242.9,79,2,3242.8,141,2,3242.7,52,3,3244.7,128,3,3244.8,188,6,3244.9,7,1,3245.0,29,3,3245.1,25,1
11536,2025-12-30 09:15:40+05:30,3243.7,1,3247.33,13760,34595.0,63775.0,3250.0,3251.5,3240.2,3251.5,41173650,3576.6,2926.4,4322.95,2866.6,3243.7,2,1,3243.2,19,1,3243.1,68,3,3243.0,2,1,3242.8,158,3,3244.7,151,6,3244.8,45,3,3245.0,20,2,3245.1,119,2,3245.2,268,3
11536,2025-12-30 09:15:41+05:30,3242.8,50,3247.33,13760,34595.0,63775.0,3250.0,3251.5,3240.2,3251.5,41173650,3576.6,2926.4,4322.95,2866.6,3243.7,2,1,3243.2,19,1,3243.1,68,3,3243.0,2,1,3242.8,158,3,3244.7,151,6,3244.8,45,3,3245.0,20,2,3245.1,119,2,3245.2,268,3
11536,2025-12-30 09:15:41+05:30,3244.3,7,3247.31,13832,35243.0,64749.0,3250.0,3251.5,3240.2,3251.5,41173650,3576.6,2926.4,4322.95,2866.6,3242.9,68,3,3242.8,50,2,3242.5,2,1,3242.3,60,2,3242.2,164,4,3244.4,38,2,3244.5,3,1,3244.6,20,1,3244.7,109,3,3244.8,53,2
11536,2025-12-30 09:15:42+05:30,3244.7,4,3247.31,13832,35243.0,64749.0,3250.0,3251.5,3240.2,3251.5,41173650,3576.6,2926.4,4322.95,2866.6,3242.9,68,3,3242.8,50,2,3242.5,2,1,3242.3,60,2,3242.2,164,4,3244.4,38,2,3244.5,3,1,3244.6,20,1,3244.7,109,3,3244.8,53,2
11536,2025-12-30 09:15:42+05:30,3244.7,1,3247.3,13852,36308.0,64822.0,3250.0,3251.5,3240.2,3251.5,41173650,3576.6,2926.4,4322.95,2866.6,3243.1,66,3,3243.0,56,4,3242.9,72,3,3242.8,50,2,3242.5,2,1,3244.7,90,4,3244.8,26,1,3244.9,1,1,3245.0,20,2,3245.1,122,2
11536,2025-12-30 09:15:43+05:30,3243.2,1,3247.3,13852,36308.0,64822.0,3250.0,3251.5,3240.2,3251.5,41173650,3576.6,2926.4,4322.95,2866.6,3243.1,66,3,3243.0,56,4,3242.9,72,3,3242.8,50,2,3242.5,2,1,3244.7,90,4,3244.8,26,1,3244.9,1,1,3245.0,20,2,3245.1,122,2
11536,2025-12-30 09:15:43+05:30,3243.2,10,3247.3,13863,36884.0,65122.0,3250.0,3251.5,3240.2,3251.5,41173650,3576.6,2926.4,4322.95,2866.6,3243.2,30,2,3243.0,87,3,3242.9,3,1,3242.5,213,3,3242.4,43,1,3244.6,149,5,3244.7,76,5,3244.8,29,2,3244.9,1,1,3245.0,20,2
11536,2025-12-30 09:15:44+05:30,3243.2,10,3247.3,13863,36884.0,65122.0,3250.0,3251.5,3240.2,3251.5,41173650,3576.6,2926.4,4322.95,2866.6,3243.2,30,2,3243.0,87,3,3242.9,3,1,3242.5,213,3,3242.4,43,1,3244.6,149,5,3244.7,76,5,3244.8,29,2,3244.9,1,1,3245.0,20,2
11536,2025-12-30 09:15:44+05:30,3243.2,10,3247.3,13863,37671.0,65514.0,3250.0,3251.5,3240.2,3251.5,41173650,3576.6,2926.4,4322.95,2866.6,3243.2,11,1,3243.0,68,2,3242.9,3,1,3242.5,213,3,3242.4,43,1,3244.5,87,6,3244.6,212,7,3244.7,11,3,3244.8,54,3,3244.9,1,1
11536,2025-12-30 09:15:45+05:30,3242.9,3,3247.3,13863,37671.0,65514.0,3250.0,3251.5,3240.2,3251.5,41173650,3576.6,2926.4,4322.95,2866.6,3243.2,11,1,3243.0,68,2,3242.9,3,1,3242.5,213,3,3242.4,43,1,3244.5,87,6,3244.6,212,7,3244.7,11,3,3244.8,54,3,3244.9,1,1
11536,2025-12-30 09:15:45+05:30,3242.9,3,3247.29,13899,37576.0,66609.0,3250.0,3251.5,3240.2,3251.5,41173650,3576.6,2926.4,4322.95,2866.6,3242.1,46,1,3242.0,683,3,3241.7,46,3,3241.3,9,1,3241.2,7,1,3242.9,3,1,3243.2,21,1,3243.4,6,2,3243.5,72,2,3243.7,25,1
11536,2025-12-30 09:15:46+05:30,3243.4,10,3247.27,13959,37665.0,66843.0,3250.0,3251.5,3240.2,3251.5,41173650,3576.6,2926.4,4322.95,2866.6,3242.1,65,2,3242.0,734,4,3241.7,142,5,3241.4,1,1,3241.3,338,2,3243.4,70,4,3243.5,37,1,3243.8,28,1,3243.9,146,2,3244.0,154,4
11536,2025-12-30 09:15:47+05:30,3242.1,2,3247.27,13959,37665.0,66843.0,3250.0,3251.5,3240.2,3251.5,41173650,3576.6,2926.4,4322.95,2866.6,3242.1,65,2,3242.0,734,4,3241.7,142,5,3241.4,1,1,3241.3,338,2,3243.4,70,4,3243.5,37,1,3243.8,28,1,3243.9,146,2,3244.0,154,4
11536,2025-12-30 09:15:47+05:30,3242.1,16,3247.26,13987,38269.0,66236.0,3250.0,3251.5,3240.2,3251.5,41173650,3576.6,2926.4,4322.95,2866.6,3242.1,46,1,3242.0,734,4,3241.7,142,5,3241.6,25,3,3241.4,43,1,3243.4,52,3,3243.5,34,1,3243.6,36,1,3243.8,142,3,3243.9,61,1
11536,2025-12-30 09:15:48+05:30,3243.2,49,3247.26,13987,38269.0,66236.0,3250.0,3251.5,3240.2,3251.5,41173650,3576.6,2926.4,4322.95,2866.6,3242.1,46,1,3242.0,734,4,3241.7,142,5,3241.6,25,3,3241.4,43,1,3243.4,52,3,3243.5,34,1,3243.6,36,1,3243.8,142,3,3243.9,61,1
11536,2025-12-30 09:15:48+05:30,3242.1,1,3247.24,14055,38471.0,66550.0,3250.0,3251.5,3240.2,3251.5,41173650,3576.6,2926.4,4322.95,2866.6,3242.1,46,1,3242.0,734,4,3241.7,29,3,3241.3,2,1,3241.2,7,1,3243.1,16,2,3243.2,73,4,3243.3,36,3,3243.4,12,2,3243.6,53,3
11536,2025-12-30 09:15:49+05:30,3242.1,1,3247.24,14055,38471.0,66550.0,3250.0,3251.5,3240.2,3251.5,41173650,3576.6,2926.4,4322.95,2866.6,3242.1,46,1,3242.0,734,4,3241.7,29,3,3241.3,2,1,3241.2,7,1,3243.1,16,2,3243.2,73,4,3243.3,36,3,3243.4,12,2,3243.6,53,3
11536,2025-12-30 09:15:49+05:30,3242.1,1,3247.24,14055,38482.0,66089.0,3250.0,3251.5,3240.2,3251.5,41173650,3576.6,2926.4,4322.95,2866.6,3242.1,13,1,3242.0,734,4,3241.8,3,1,3241.7,29,3,3241.4,60,2,3243.3,53,2,3243.4,9,1,3243.6,38,1,3243.7,3,1,3243.8,47,1
11536,2025-12-30 09:15:50+05:30,3243.3,13,3247.23,14090,38646.0,66408.0,3250.0,3251.5,3240.2,3251.5,41173650,3576.6,2926.4,4322.95,2866.6,3242.2,46,1,3242.1,13,1,3242.0,734,4,3241.9,2,1,3241.8,4,2,3243.3,29,2,3243.7,3,1,3243.8,61,1,3243.9,50,2,3244.0,86,2
11536,2025-12-30 09:15:51+05:30,3241.6,7,3247.23,14090,38646.0,66408.0,3250.0,3251.5,3240.2,3251.5,41173650,3576.6,2926.4,4322.95,2866.6,3242.2,46,1,3242.1,13,1,3242.0,734,4,3241.9,2,1,3241.8,4,2,3243.3,29,2,3243.7,3,1,3243.8,61,1,3243.9,50,2,3244.0,86,2
11536,2025-12-30 09:15:51+05:30,3241.7,13,3246.88,15104,38958.0,68154.0,3250.0,3251.5,3240.2,3251.5,41173650,3576.6,2926.4,4322.95,2866.6,3242.1,10,1,3241.7,44,1,3241.6,36,2,3241.3,170,3,3241.2,37,3,3243.2,60,2,3243.3,15,2,3243.5,44,1,3243.6,103,4,3243.7,55,3
11536,2025-12-30 09:15:52+05:30,3243.2,1,3246.88,15104,38958.0,68154.0,3250.0,3251.5,3240.2,3251.5,41173650,3576.6,2926.4,4322.95,2866.6,3242.1,10,1,3241.7,44,1,3241.6,36,2,3241.3,170,3,3241.2,37,3,3243.2,60,2,3243.3,15,2,3243.5,44,1,3243.6,103,4,3243.7,55,3
11536,2025-12-30 09:15:52+05:30,3243.3,1,3246.87,15124,41442.0,66536.0,3250.0,3251.5,3240.2,3251.5,41173650,3576.6,2926.4,4322.95,2866.6,3242.2,90,2,3242.1,71,4,3242.0,17,2,3241.8,177,3,3241.7,149,2,3243.2,41,2,3243.3,8,1,3243.7,3,1,3244.1,41,2,3244.2,84,2
11536,2025-12-30 09:15:53+05:30,3243.2,16,3246.87,15124,41442.0,66536.0,3250.0,3251.5,3240.2,3251.5,41173650,3576.6,2926.4,4322.95,2866.6,3242.2,90,2,3242.1,71,4,3242.0,17,2,3241.8,177,3,3241.7,149,2,3243.2,41,2,3243.3,8,1,3243.7,3,1,3244.1,41,2,3244.2,84,2
11536,2025-12-30 09:15:53+05:30,3243.2,16,3246.87,15151,42577.0,67518.0,3250.0,3251.5,3240.2,3251.5,41173650,3576.6,2926.4,4322.95,2866.6,3242.2,65,2,3242.1,117,6,3242.0,18,3,3241.9,8,1,3241.8,177,3,3243.2,22,2,3243.7,3,1,3244.0,43,1,3244.1,43,3,3244.2,41,1
11536,2025-12-30 09:15:54+05:30,3243.2,10,3246.87,15151,42577.0,67518.0,3250.0,3251.5,3240.2,3251.5,41173650,3576.6,2926.4,4322.95,2866.6,3242.2,65,2,3242.1,117,6,3242.0,18,3,3241.9,8,1,3241.8,177,3,3243.2,22,2,3243.7,3,1,3244.0,43,1,3244.1,43,3,3244.2,41,1
11536,2025-12-30 09:15:54+05:30,3243.2,10,3246.86,15161,42579.0,67156.0,3250.0,3251.5,3240.2,3251.5,41173650,3576.6,2926.4,4322.95,2866.6,3242.2,109,3,3242.1,73,5,3242.0,18,3,3241.9,8,1,3241.8,177,3,3243.2,12,2,3243.7,3,1,3244.0,43,1,3244.1,41,2,3244.2,41,1
11536,2025-12-30 09:15:55+05:30,3242.2,8,3246.86,15178,42360.0,67205.0,3250.0,3251.5,3240.2,3251.5,41173650,3576.6,2926.4,4322.95,2866.6,3242.2,45,2,3242.1,71,4,3242.0,18,3,3241.9,8,1,3241.8,3,2,3243.2,12,2,3243.6,46,1,3243.7,3,1,3244.0,2,1,3244.1,42,3
11536,2025-12-30 09:15:56+05:30,3242.2,8,3246.86,15178,42360.0,67205.0,3250.0,3251.5,3240.2,3251.5,41173650,3576.6,2926.4,4322.95,2866.6,3242.2,45,2,3242.1,71,4,3242.0,18,3,3241.9,8,1,3241.8,3,2,3243.2,12,2,3243.6,46,1,3243.7,3,1,3244.0,2,1,3244.1,42,3
11536,2025-12-30 09:15:56+05:30,3242.2,5,3246.86,15183,42912.0,67233.0,3250.0,3251.5,3240.2,3251.5,41173650,3576.6,2926.4,4322.95,2866.6,3242.2,39,1,3242.1,84,5,3242.0,20,4,3241.8,207,5,3241.7,98,1,3243.2,25,2,3243.6,46,1,3243.7,3,1,3244.0,63,2,3244.1,85,4
11536,2025-12-30 09:15:57+05:30,3242.2,5,3246.86,15183,42912.0,67233.0,3250.0,3251.5,3240.2,3251.5,41173650,3576.6,2926.4,4322.95,2866.6,3242.2,39,1,3242.1,84,5,3242.0,20,4,3241.8,207,5,3241.7,98,1,3243.2,25,2,3243.6,46,1,3243.7,3,1,3244.0,63,2,3244.1,85,4
11536,2025-12-30 09:15:57+05:30,3243.2,6,3246.86,15193,42918.0,67261.0,3250.0,3251.5,3240.2,3251.5,41173650,3576.6,2926.4,4322.95,2866.6,3242.2,39,1,3242.1,71,4,3242.0,20,4,3241.8,167,4,3241.7,138,2,3243.2,44,2,3243.6,46,1,3243.7,3,1,3244.0,63,2,3244.1,85,4
11536,2025-12-30 09:15:58+05:30,3243.2,6,3246.86,15193,42918.0,67261.0,3250.0,3251.5,3240.2,3251.5,41173650,3576.6,2926.4,4322.95,2866.6,3242.2,39,1,3242.1,71,4,3242.0,20,4,3241.8,167,4,3241.7,138,2,3243.2,44,2,3243.6,46,1,3243.7,3,1,3244.0,63,2,3244.1,85,4
11536,2025-12-30 09:15:58+05:30,3243.2,6,3246.86,15193,41326.0,67030.0,3250.0,3251.5,3240.2,3251.5,41173650,3576.6,2926.4,4322.95,2866.6,3242.1,11,2,3242.0,6,2,3241.7,101,2,3241.6,25,2,3241.4,40,1,3243.0,10,1,3243.2,84,4,3243.5,20,2,3243.6,157,3,3243.7,177,4
11536,2025-12-30 09:15:59+05:30,3242.0,4,3246.86,15193,41326.0,67030.0,3250.0,3251.5,3240.2,3251.5,41173650,3576.6,2926.4,4322.95,2866.6,3242.1,11,2,3242.0,6,2,3241.7,101,2,3241.6,25,2,3241.4,40,1,3243.0,10,1,3243.2,84,4,3243.5,20,2,3243.6,157,3,3243.7,177,4
11536,2025-12-30 09:15:59+05:30,3242.0,4,3246.85,15208,41505.0,67007.0,3250.0,3251.5,3240.2,3251.5,41173650,3576.6,2926.4,4322.95,2866.6,3242.0,2,2,3241.8,14,1,3241.7,101,2,3241.6,55,3,3241.5,14,1,3243.0,54,2,3243.2,55,3,3243.4,90,3,3243.5,3,1,3243.6,115,2
11536,2025-12-30 09:16:00+05:30,3241.7,22,3246.85,15208,41505.0,67007.0,3250.0,3251.5,3240.2,3251.5,41173650,3576.6,2926.4,4322.95,2866.6,3242.0,2,2,3241.8,14,1,3241.7,101,2,3241.6,55,3,3241.5,14,1,3243.0,54,2,3243.2,55,3,3243.4,90,3,3243.5,3,1,3243.6,115,2
11536,2025-12-30 09:16:00+05:30,3241.7,22,3246.84,15249,41662.0,67476.0,3250.0,3251.5,3240.2,3251.5,41173650,3576.6,2926.4,4322.95,2866.6,3241.7,129,4,3241.6,15,2,3241.4,3,1,3241.2,203,3,3241.1,9,1,3243.0,37,3,3243.2,144,3,3243.3,42,1,3243.4,2,1,3243.5,3,1
11536,2025-12-30 09:16:01+05:30,3241.7,22,3246.84,15249,42492.0,67352.0,3250.0,3251.5,3240.2,3251.5,41173650,3576.6,2926.4,4322.95,2866.6,3242.1,5,1,3242.0,26,2,3241.8,40,1,3241.7,77,2,3241.6,17,2,3243.0,50,4,3243.2,36,1,3243.5,3,1,3243.7,5,2,3243.8,46,1
11536,2025-12-30 09:16:02+05:30,3242.1,7,3246.84,15249,42492.0,67352.0,3250.0,3251.5,3240.2,3251.5,41173650,3576.6,2926.4,4322.95,2866.6,3242.1,5,1,3242.0,26,2,3241.8,40,1,3241.7,77,2,3241.6,17,2,3243.0,50,4,3243.2,36,1,3243.5,3,1,3243.7,5,2,3243.8,46,1
11536,2025-12-30 09:16:02+05:30,3243.0,5,3246.82,15306,42424.0,67521.0,3250.0,3251.5,3240.2,3251.5,41173650,3576.6,2926.4,4322.95,2866.6,3241.8,40,1,3241.7,103,4,3241.6,46,2,3241.5,1,1,3241.4,3,1,3243.0,33,4,3243.2,98,2,3243.4,108,2,3243.5,45,2,3243.7,5,2
11536,2025-12-30 09:16:03+05:30,3243.0,5,3246.82,15306,42424.0,67521.0,3250.0,3251.5,3240.2,3251.5,41173650,3576.6,2926.4,4322.95,2866.6,3241.8,40,1,3241.7,103,4,3241.6,46,2,3241.5,1,1,3241.4,3,1,3243.0,33,4,3243.2,98,2,3243.4,108,2,3243.5,45,2,3243.7,5,2
11536,2025-12-30 09:16:03+05:30,3243.0,1,3246.82,15307,42566.0,67541.0,3250.0,3251.5,3240.2,3251.5,41173650,3576.6,2926.4,4322.95,2866.6,3241.8,40,1,3241.7,103,4,3241.6,3,1,3241.5,1,1,3241.4,31,3,3243.0,32,4,3243.2,98,2,3243.3,46,1,3243.4,62,1,3243.5,45,2
11536,2025-12-30 09:16:04+05:30,3241.9,2,3246.82,15307,42566.0,67541.0,3250.0,3251.5,3240.2,3251.5,41173650,3576.6,2926.4,4322.95,2866.6,3241.8,40,1,3241.7,103,4,3241.6,3,1,3241.5,1,1,3241.4,31,3,3243.0,32,4,3243.2,98,2,3243.3,46,1,3243.4,62,1,3243.5,45,2
11536,2025-12-30 09:16:04+05:30,3241.9,2,3246.65,15822,42916.0,67382.0,3250.0,3251.5,3240.2,3251.5,41173650,3576.6,2926.4,4322.95,2866.6,3242.2,25,1,3241.8,26,2,3241.7,4,2,3241.6,82,5,3241.5,62,6,3243.0,35,5,3243.2,36,1,3243.4,62,1,3243.5,3,1,3243.7,46,3
11536,2025-12-30 09:16:05+05:30,3243.2,36,3246.65,15822,42916.0,67382.0,3250.0,3251.5,3240.2,3251.5,41173650,3576.6,2926.4,4322.95,2866.6,3242.2,25,1,3241.8,26,2,3241.7,4,2,3241.6,82,5,3241.5,62,6,3243.0,35,5,3243.2,36,1,3243.4,62,1,3243.5,3,1,3243.7,46,3
11536,2025-12-30 09:16:05+05:30,3243.5,6,3246.63,15913,44751.0,65596.0,3250.0,3251.5,3240.2,3251.5,41173650,3576.6,2926.4,4322.95,2866.6,3243.5,85,2,3243.4,3,1,3243.2,40,3,3243.1,8,1,3243.0,35,3,3244.7,46,1,3244.8,17,1,3244.9,47,2,3245.0,779,4,3245.3,87,2
11536,2025-12-30 09:16:06+05:30,3243.5,6,3246.63,15913,44751.0,65596.0,3250.0,3251.5,3240.2,3251.5,41173650,3576.6,2926.4,4322.95,2866.6,3243.5,85,2,3243.4,3,1,3243.2,40,3,3243.1,8,1,3243.0,35,3,3244.7,46,1,3244.8,17,1,3244.9,47,2,3245.0,779,4,3245.3,87,2
11536,2025-12-30 09:16:06+05:30,3243.5,6,3246.63,15913,45471.0,65302.0,3250.0,3251.5,3240.2,3251.5,41173650,3576.6,2926.4,4322.95,2866.6,3243.8,87,2,3243.7,21,1,3243.6,8,1,3243.5,49,2,3243.4,11,2,3244.9,46,1,3245.0,717,3,3245.4,3,1,3245.6,130,3,3245.7,43,1
11536,2025-12-30 09:16:07+05:30,3245.0,26,3246.63,15913,45471.0,65302.0,3250.0,3251.5,3240.2,3251.5,41173650,3576.6,2926.4,4322.95,2866.6,3243.8,87,2,3243.7,21,1,3243.6,8,1,3243.5,49,2,3243.4,11,2,3244.9,46,1,3245.0,717,3,3245.4,3,1,3245.6,130,3,3245.7,43,1
11536,2025-12-30 09:16:07+05:30,3245.0,33,3246.54,16979,47932.0,63834.0,3250.0,3251.5,3240.2,3251.5,41173650,3576.6,2926.4,4322.95,2866.6,3245.3,132,4,3245.2,21,1,3245.1,47,3,3245.0,190,2,3244.9,120,3,3246.8,20,1,3247.0,93,4,3247.1,62,1,3247.2,32,2,3247.3,252,4
11536,2025-12-30 09:16:08+05:30,3247.0,23,3246.54,16979,47932.0,63834.0,3250.0,3251.5,3240.2,3251.5,41173650,3576.6,2926.4,4322.95,2866.6,3245.3,132,4,3245.2,21,1,3245.1,47,3,3245.0,190,2,3244.9,120,3,3246.8,20,1,3247.0,93,4,3247.1,62,1,3247.2,32,2,3247.3,252,4
11536,2025-12-30 09:16:08+05:30,3247.0,23,3246.54,17115,48916.0,64153.0,3250.0,3251.5,3240.2,3251.5,41173650,3576.6,2926.4,4322.95,2866.6,3245.7,44,1,3245.6,76,3,3245.5,63,2,3245.4,39,2,3245.3,90,3,3246.8,11,1,3247.0,54,3,3247.2,144,3,3247.3,178,2,3247.4,62,1
11536,2025-12-30 09:16:09+05:30,3246.8,3,3246.54,17115,48916.0,64153.0,3250.0,3251.5,3240.2,3251.5,41173650,3576.6,2926.4,4322.95,2866.6,3245.7,44,1,3245.6,76,3,3245.5,63,2,3245.4,39,2,3245.3,90,3,3246.8,11,1,3247.0,54,3,3247.2,144,3,3247.3,178,2,3247.4,62,1
11536,2025-12-30 09:16:09+05:30,3246.8,3,3246.54,17129,49274.0,64472.0,3250.0,3251.5,3240.2,3251.5,41173650,3576.6,2926.4,4322.95,2866.6,3245.7,94,3,3245.6,5,1,3245.4,31,1,3245.3,48,1,3245.2,68,3,3246.0,25,1,3246.7,114,2,3246.8,62,1,3246.9,46,1,3247.0,40,2
11536,2025-12-30 09:16:10+05:30,3246.0,1,3246.54,17129,49274.0,64472.0,3250.0,3251.5,3240.2,3251.5,41173650,3576.6,2926.4,4322.95,2866.6,3245.7,94,3,3245.6,5,1,3245.4,31,1,3245.3,48,1,3245.2,68,3,3246.0,25,1,3246.7,114,2,3246.8,62,1,3246.9,46,1,3247.0,40,2
11536,2025-12-30 09:16:10+05:30,3246.0,1,3246.54,17161,49358.0,65074.0,3250.0,3251.5,3240.2,3251.5,41173650,3576.6,2926.4,4322.95,2866.6,3245.7,50,2,3245.6,5,1,3245.4,31,1,3245.3,48,1,3245.2,1,1,3246.0,24,1,3246.6,104,3,3246.7,75,1,3246.8,63,2,3246.9,89,3
11536,2025-12-30 09:16:11+05:30,3246.0,12,3246.54,17161,49358.0,65074.0,3250.0,3251.5,3240.2,3251.5,41173650,3576.6,2926.4,4322.95,2866.6,3245.7,50,2,3245.6,5,1,3245.4,31,1,3245.3,48,1,3245.2,1,1,3246.0,24,1,3246.6,104,3,3246.7,75,1,3246.8,63,2,3246.9,89,3
11536,2025-12-30 09:16:11+05:30,3246.0,12,3246.54,17161,49358.0,65074.0,3250.0,3251.5,3240.2,3251.5,41173650,3576.6,2926.4,4322.95,2866.6,3245.7,50,2,3245.6,5,1,3245.4,31,1,3245.3,48,1,3245.2,1,1,3246.0,24,1,3246.6,104,3,3246.7,75,1,3246.8,63,2,3246.9,89,3
11536,2025-12-30 09:16:11+05:30,3246.0,12,3246.54,17195,50970.0,65385.0,3250.0,3251.5,3240.2,3251.5,41173650,3576.6,2926.4,4322.95,2866.6,3245.7,50,2,3245.6,5,1,3245.4,31,1,3245.3,48,1,3245.1,8,2,3246.0,25,1,3246.4,64,2,3246.8,99,2,3246.9,135,4,3247.0,67,2
11536,2025-12-30 09:16:12+05:30,3246.0,12,3246.54,17195,50970.0,65385.0,3250.0,3251.5,3240.2,3251.5,41173650,3576.6,2926.4,4322.95,2866.6,3245.7,50,2,3245.6,5,1,3245.4,31,1,3245.3,48,1,3245.1,8,2,3246.0,25,1,3246.4,64,2,3246.8,99,2,3246.9,135,4,3247.0,67,2
11536,2025-12-30 09:16:12+05:30,3246.0,184,3246.53,17379,53496.0,64389.0,3250.0,3251.5,3240.2,3251.5,41173650,3576.6,2926.4,4322.95,2866.6,3246.3,51,2,3246.2,50,3,3246.1,84,4,3246.0,48,1,3245.9,76,2,3247.7,41,2,3247.8,19,1,3247.9,90,2,3248.0,40,2,3248.1,79,1
11536,2025-12-30 09:16:13+05:30,3246.0,184,3246.53,17379,53496.0,64389.0,3250.0,3251.5,3240.2,3251.5,41173650,3576.6,2926.4,4322.95,2866.6,3246.3,51,2,3246.2,50,3,3246.1,84,4,3246.0,48,1,3245.9,76,2,3247.7,41,2,3247.8,19,1,3247.9,90,2,3248.0,40,2,3248.1,79,1
11536,2025-12-30 09:16:13+05:30,3247.8,1,3246.53,17379,53496.0,64389.0,3250.0,3251.5,3240.2,3251.5,41173650,3576.6,2926.4,4322.95,2866.6,3246.3,51,2,3246.2,50,3,3246.1,84,4,3246.0,48,1,3245.9,76,2,3247.7,41,2,3247.8,19,1,3247.9,90,2,3248.0,40,2,3248.1,79,1
11536,2025-12-30 09:16:13+05:30,3247.8,1,3246.53,17380,54502.0,64289.0,3250.0,3251.5,3240.2,3251.5,41173650,3576.6,2926.4,4322.95,2866.6,3246.7,92,2,3246.6,22,1,3246.4,145,5,3246.3,13,2,3246.2,6,1,3248.0,39,2,3248.2,20,2,3248.4,220,6,3248.5,46,1,3248.6,43,1
11536,2025-12-30 09:16:14+05:30,3247.8,1,3246.53,17380,54502.0,64289.0,3250.0,3251.5,3240.2,3251.5,41173650,3576.6,2926.4,4322.95,2866.6,3246.7,92,2,3246.6,22,1,3246.4,145,5,3246.3,13,2,3246.2,6,1,3248.0,39,2,3248.2,20,2,3248.4,220,6,3248.5,46,1,3248.6,43,1
11536,2025-12-30 09:16:14+05:30,3248.0,10,3246.53,17390,55554.0,64641.0,3250.0,3251.5,3240.2,3251.5,41173650,3576.6,2926.4,4322.95,2866.6,3246.9,46,1,3246.8,7,2,3246.7,85,2,3246.6,84,2,3246.5,30,1,3248.0,76,4,3248.2,29,1,3248.3,46,1,3248.4,43,2,3248.6,83,1
11536,2025-12-30 09:16:14+05:30,3248.0,10,3246.53,17390,55554.0,64641.0,3250.0,3251.5,3240.2,3251.5,41173650,3576.6,2926.4,4322.95,2866.6,3246.9,46,1,3246.8,7,2,3246.7,85,2,3246.6,84,2,3246.5,30,1,3248.0,76,4,3248.2,29,1,3248.3,46,1,3248.4,43,2,3248.6,83,1
11536,2025-12-30 09:16:15+05:30,3248.0,10,3246.53,17390,55554.0,64641.0,3250.0,3251.5,3240.2,3251.5,41173650,3576.6,2926.4,4322.95,2866.6,3246.9,46,1,3246.8,7,2,3246.7,85,2,3246.6,84,2,3246.5,30,1,3248.0,76,4,3248.2,29,1,3248.3,46,1,3248.4,43,2,3248.6,83,1
11536,2025-12-30 09:16:15+05:30,3248.0,10,3246.53,17390,55554.0,64641.0,3250.0,3251.5,3240.2,3251.5,41173650,3576.6,2926.4,4322.95,2866.6,3246.9,46,1,3246.8,7,2,3246.7,85,2,3246.6,84,2,3246.5,30,1,3248.0,76,4,3248.2,29,1,3248.3,46,1,3248.4,43,2,3248.6,83,1
11536,2025-12-30 09:16:15+05:30,3248.0,10,3246.53,17390,55373.0,64845.0,3250.0,3251.5,3240.2,3251.5,41173650,3576.6,2926.4,4322.95,2866.6,3246.9,29,2,3246.8,1,1,3246.7,85,2,3246.6,22,1,3246.5,30,1,3248.0,98,6,3248.3,46,1,3248.4,112,4,3248.5,93,2,3248.6,84,1
11536,2025-12-30 09:16:16+05:30,3248.0,10,3246.53,17390,55373.0,64845.0,3250.0,3251.5,3240.2,3251.5,41173650,3576.6,2926.4,4322.95,2866.6,3246.9,29,2,3246.8,1,1,3246.7,85,2,3246.6,22,1,3246.5,30,1,3248.0,98,6,3248.3,46,1,3248.4,112,4,3248.5,93,2,3248.6,84,1
11536,2025-12-30 09:16:16+05:30,3246.9,8,3246.53,17398,55110.0,64887.0,3250.0,3251.5,3240.2,3251.5,41173650,3576.6,2926.4,4322.95,2866.6,3246.9,70,3,3246.8,1,1,3246.7,39,1,3246.5,30,1,3246.4,73,4,3247.9,56,3,3248.0,67,4,3248.1,46,1,3248.2,118,3,3248.4,159,5
11536,2025-12-30 09:16:16+05:30,3246.9,8,3246.53,17398,55110.0,64887.0,3250.0,3251.5,3240.2,3251.5,41173650,3576.6,2926.4,4322.95,2866.6,3246.9,70,3,3246.8,1,1,3246.7,39,1,3246.5,30,1,3246.4,73,4,3247.9,56,3,3248.0,67,4,3248.1,46,1,3248.2,118,3,3248.4,159,5
11536,2025-12-30 09:16:17+05:30,3248.0,14,3246.53,17398,55110.0,64887.0,3250.0,3251.5,3240.2,3251.5,41173650,3576.6,2926.4,4322.95,2866.6,3246.9,70,3,3246.8,1,1,3246.7,39,1,3246.5,30,1,3246.4,73,4,3247.9,56,3,3248.0,67,4,3248.1,46,1,3248.2,118,3,3248.4,159,5
11536,2025-12-30 09:16:17+05:30,3248.0,14,3246.53,17398,55110.0,64887.0,3250.0,3251.5,3240.2,3251.5,41173650,3576.6,2926.4,4322.95,2866.6,3246.9,70,3,3246.8,1,1,3246.7,39,1,3246.5,30,1,3246.4,73,4,3247.9,56,3,3248.0,67,4,3248.1,46,1,3248.2,118,3,3248.4,159,5
11536,2025-12-30 09:16:17+05:30,3248.0,14,3246.54,17463,55542.0,64842.0,3250.0,3251.5,3240.2,3251.5,41173650,3576.6,2926.4,4322.95,2866.6,3246.9,115,4,3246.8,2,2,3246.7,39,1,3246.5,76,2,3246.4,73,4,3247.9,53,2,3248.0,291,6,3248.1,17,1,3248.2,28,1,3248.4,26,1
11536,2025-12-30 09:16:18+05:30,3248.0,14,3246.54,17463,55542.0,64842.0,3250.0,3251.5,3240.2,3251.5,41173650,3576.6,2926.4,4322.95,2866.6,3246.9,115,4,3246.8,2,2,3246.7,39,1,3246.5,76,2,3246.4,73,4,3247.9,53,2,3248.0,291,6,3248.1,17,1,3248.2,28,1,3248.4,26,1
11536,2025-12-30 09:16:18+05:30,3248.0,14,3246.54,17463,56101.0,64730.0,3250.0,3251.5,3240.2,3251.5,41173650,3576.6,2926.4,4322.95,2866.6,3246.9,115,4,3246.8,2,2,3246.7,39,1,3246.6,46,1,3246.5,30,1,3247.9,53,2,3248.0,246,6,3248.2,46,1,3248.3,62,1,3248.4,43,2
11536,2025-12-30 09:16:19+05:30,3248.0,14,3246.54,17463,56104.0,64913.0,3250.0,3251.5,3240.2,3251.5,41173650,3576.6,2926.4,4322.95,2866.6,3246.9,70,3,3246.8,2,2,3246.7,39,1,3246.6,45,1,3246.5,76,2,3247.9,53,2,3248.0,275,7,3248.2,46,1,3248.3,62,1,3248.4,69,3
11536,2025-12-30 09:16:19+05:30,3248.0,14,3246.54,17463,56104.0,64913.0,3250.0,3251.5,3240.2,3251.5,41173650,3576.6,2926.4,4322.95,2866.6,3246.9,70,3,3246.8,2,2,3246.7,39,1,3246.6,45,1,3246.5,76,2,3247.9,53,2,3248.0,275,7,3248.2,46,1,3248.3,62,1,3248.4,69,3
11536,2025-12-30 09:16:20+05:30,3248.0,14,3246.54,17463,56200.0,64867.0,3250.0,3251.5,3240.2,3251.5,41173650,3576.6,2926.4,4322.95,2866.6,3246.9,70,3,3246.8,2,2,3246.7,39,1,3246.6,91,2,3246.5,30,1,3247.9,70,3,3248.0,246,6,3248.2,54,2,3248.3,109,2,3248.4,43,2
11536,2025-12-30 09:16:21+05:30,3248.0,14,3246.54,17463,56200.0,64867.0,3250.0,3251.5,3240.2,3251.5,41173650,3576.6,2926.4,4322.95,2866.6,3246.9,70,3,3246.8,2,2,3246.7,39,1,3246.6,91,2,3246.5,30,1,3247.9,70,3,3248.0,246,6,3248.2,54,2,3248.3,109,2,3248.4,43,2
11536,2025-12-30 09:16:21+05:30,3248.0,14,3246.54,17463,56369.0,63681.0,3250.0,3251.5,3240.2,3251.5,41173650,3576.6,2926.4,4322.95,2866.6,3247.0,130,5,3246.9,87,5,3246.8,48,3,3246.7,48,2,3246.5,37,2,3247.9,70,3,3248.0,217,5,3248.5,62,1,3248.6,46,1,3248.7,62,1
11536,2025-12-30 09:16:22+05:30,3247.9,8,3246.54,17463,56369.0,63681.0,3250.0,3251.5,3240.2,3251.5,41173650,3576.6,2926.4,4322.95,2866.6,3247.0,130,5,3246.9,87,5,3246.8,48,3,3246.7,48,2,3246.5,37,2,3247.9,70,3,3248.0,217,5,3248.5,62,1,3248.6,46,1,3248.7,62,1
11536,2025-12-30 09:16:22+05:30,3247.1,16,3246.54,17487,56796.0,64187.0,3250.0,3251.5,3240.2,3251.5,41173650,3576.6,2926.4,4322.95,2866.6,3247.1,12,1,3247.0,11,1,3246.9,74,4,3246.8,2,2,3246.7,48,2,3247.9,62,3,3248.0,217,5,3248.4,46,1,3248.5,115,3,3248.7,109,2
11536,2025-12-30 09:16:22+05:30,3247.1,16,3246.54,17487,56796.0,64187.0,3250.0,3251.5,3240.2,3251.5,41173650,3576.6,2926.4,4322.95,2866.6,3247.1,12,1,3247.0,11,1,3246.9,74,4,3246.8,2,2,3246.7,48,2,3247.9,62,3,3248.0,217,5,3248.4,46,1,3248.5,115,3,3248.7,109,2
11536,2025-12-30 09:16:23+05:30,3247.8,10,3246.54,17487,56796.0,64187.0,3250.0,3251.5,3240.2,3251.5,41173650,3576.6,2926.4,4322.95,2866.6,3247.1,12,1,3247.0,11,1,3246.9,74,4,3246.8,2,2,3246.7,48,2,3247.9,62,3,3248.0,217,5,3248.4,46,1,3248.5,115,3,3248.7,109,2
11536,2025-12-30 09:16:23+05:30,3247.8,10,3246.54,17568,56428.0,65460.0,3250.0,3251.5,3240.2,3251.5,41173650,3576.6,2926.4,4322.95,2866.6,3247.1,7,1,3247.0,38,2,3246.9,74,4,3246.8,2,2,3246.5,30,1,3247.8,36,1,3247.9,75,5,3248.0,279,6,3248.1,75,2,3248.2,17,1
11536,2025-12-30 09:16:24+05:30,3248.0,35,3246.54,17568,56428.0,65460.0,3250.0,3251.5,3240.2,3251.5,41173650,3576.6,2926.4,4322.95,2866.6,3247.1,7,1,3247.0,38,2,3246.9,74,4,3246.8,2,2,3246.5,30,1,3247.8,36,1,3247.9,75,5,3248.0,279,6,3248.1,75,2,3248.2,17,1
11536,2025-12-30 09:16:24+05:30,3246.8,3,3246.58,18238,55970.0,66294.0,3250.0,3251.5,3240.2,3251.5,41173650,3576.6,2926.4,4322.95,2866.6,3246.5,30,1,3245.8,22,1,3245.6,27,3,3245.5,204,3,3245.4,104,2,3246.8,3,1,3246.9,10,1,3247.0,9,1,3247.1,13,1,3247.4,17,1
11536,2025-12-30 09:16:25+05:30,3246.8,3,3246.58,18238,55970.0,66294.0,3250.0,3251.5,3240.2,3251.5,41173650,3576.6,2926.4,4322.95,2866.6,3246.5,30,1,3245.8,22,1,3245.6,27,3,3245.5,204,3,3245.4,104,2,3246.8,3,1,3246.9,10,1,3247.0,9,1,3247.1,13,1,3247.4,17,1
11536,2025-12-30 09:16:25+05:30,3246.8,4,3246.58,18238,55970.0,66294.0,3250.0,3251.5,3240.2,3251.5,41173650,3576.6,2926.4,4322.95,2866.6,3246.5,30,1,3245.8,22,1,3245.6,27,3,3245.5,204,3,3245.4,104,2,3246.8,3,1,3246.9,10,1,3247.0,9,1,3247.1,13,1,3247.4,17,1
11536,2025-12-30 09:16:25+05:30,3246.8,4,3246.58,18324,56473.0,66062.0,3250.0,3251.5,3240.2,3251.5,41173650,3576.6,2926.4,4322.95,2866.6,3246.5,30,1,3245.9,46,1,3245.8,42,3,3245.6,27,3,3245.5,153,1,3246.8,6,1,3247.0,10,1,3247.1,28,1,3247.4,46,1,3247.5,72,3
11536,2025-12-30 09:16:26+05:30,3246.8,4,3246.58,18324,56466.0,66065.0,3250.0,3251.5,3240.2,3251.5,41173650,3576.6,2926.4,4322.95,2866.6,3246.5,30,1,3245.9,46,1,3245.8,41,2,3245.6,28,4,3245.5,215,2,3246.8,25,1,3247.0,10,1,3247.4,46,1,3247.5,72,3,3247.6,56,1
11536,2025-12-30 09:16:26+05:30,3246.8,4,3246.58,18324,56466.0,66065.0,3250.0,3251.5,3240.2,3251.5,41173650,3576.6,2926.4,4322.95,2866.6,3246.5,30,1,3245.9,46,1,3245.8,41,2,3245.6,28,4,3245.5,215,2,3246.8,25,1,3247.0,10,1,3247.4,46,1,3247.5,72,3,3247.6,56,1
11536,2025-12-30 09:16:27+05:30,3246.8,4,3246.58,18324,56346.0,65725.0,3250.0,3251.5,3240.2,3251.5,41173650,3576.6,2926.4,4322.95,2866.6,3246.5,30,1,3245.9,46,1,3245.8,50,3,3245.6,48,6,3245.5,62,1,3246.8,25,1,3247.0,10,1,3247.6,56,1,3247.7,17,1,3247.8,66,3
11536,2025-12-30 09:16:28+05:30,3246.8,4,3246.58,18324,56346.0,65725.0,3250.0,3251.5,3240.2,3251.5,41187475,3576.6,2926.4,4322.95,2866.6,3246.5,30,1,3245.9,46,1,3245.8,50,3,3245.6,48,6,3245.5,62,1,3246.8,25,1,3247.0,10,1,3247.6,56,1,3247.7,17,1,3247.8,66,3
11536,2025-12-30 09:16:30+05:30,3246.8,4,3246.58,18324,56346.0,65725.0,3250.0,3251.5,3240.2,3251.5,41187475,3576.6,2926.4,4322.95,2866.6,3246.5,30,1,3245.9,46,1,3245.8,50,3,3245.6,48,6,3245.5,62,1,3246.8,25,1,3247.0,10,1,3247.6,56,1,3247.7,17,1,3247.8,66,3
11536,2025-12-30 09:16:31+05:30,3246.5,16,3246.58,18324,56346.0,65725.0,3250.0,3251.5,3240.2,3251.5,41187475,3576.6,2926.4,4322.95,2866.6,3246.5,30,1,3245.9,46,1,3245.8,50,3,3245.6,48,6,3245.5,62,1,3246.8,25,1,3247.0,10,1,3247.6,56,1,3247.7,17,1,3247.8,66,3
11536,2025-12-30 09:16:31+05:30,3246.5,16,3246.58,18341,56233.0,65827.0,3250.0,3251.5,3240.2,3251.5,41187475,3576.6,2926.4,4322.95,2866.6,3246.5,14,1,3246.1,10,1,3246.0,46,1,3245.9,19,1,3245.8,58,3,3246.8,23,3,3247.0,10,1,3247.6,56,1,3247.7,42,2,3247.8,74,4
11536,2025-12-30 09:16:40+05:30,3247.6,55,3246.58,18341,56233.0,65827.0,3250.0,3251.5,3240.2,3251.5,41187475,3576.6,2926.4,4322.95,2866.6,3246.5,14,1,3246.1,10,1,3246.0,46,1,3245.9,19,1,3245.8,58,3,3246.8,23,3,3247.0,10,1,3247.6,56,1,3247.7,42,2,3247.8,74,4
11536,2025-12-30 09:16:40+05:30,3247.6,55,3246.59,18625,57459.0,64267.0,3250.0,3251.5,3240.2,3251.5,41187475,3576.6,2926.4,4322.95,2866.6,3246.6,3,1,3246.5,3,1,3246.4,82,4,3246.3,9,2,3246.2,5,1,3247.9,33,3,3248.0,330,4,3248.1,63,2,3248.2,17,2,3248.3,3,1
11536,2025-12-30 09:16:48+05:30,3246.7,1,3246.59,18625,57459.0,64267.0,3250.0,3251.5,3240.2,3251.5,41187475,3576.6,2926.4,4322.95,2866.6,3246.6,3,1,3246.5,3,1,3246.4,82,4,3246.3,9,2,3246.2,5,1,3247.9,33,3,3248.0,330,4,3248.1,63,2,3248.2,17,2,3248.3,3,1
11536,2025-12-30 09:16:49+05:30,3247.0,20,3246.58,19875,58538.0,66470.0,3250.0,3251.5,3240.2,3251.5,41187475,3576.6,2926.4,4322.95,2866.6,3247.0,14,2,3246.4,46,1,3246.3,39,2,3246.1,20,2,3246.0,71,2,3247.6,5,2,3247.7,1,1,3247.9,12,1,3248.0,301,5,3248.1,44,2
11536,2025-12-30 09:16:55+05:30,3248.1,8,3246.58,19875,58538.0,66470.0,3250.0,3251.5,3240.2,3251.5,41187475,3576.6,2926.4,4322.95,2866.6,3247.0,14,2,3246.4,46,1,3246.3,39,2,3246.1,20,2,3246.0,71,2,3247.6,5,2,3247.7,1,1,3247.9,12,1,3248.0,301,5,3248.1,44,2
11536,2025-12-30 09:16:57+05:30,3248.0,28,3246.67,21269,63110.0,66933.0,3250.0,3251.5,3240.2,3251.5,41187475,3576.6,2926.4,4322.95,2866.6,3247.9,34,2,3247.8,11,1,3247.6,46,1,3247.5,18,1,3247.4,6,1,3249.2,81,4,3249.3,62,2,3249.4,33,3,3249.5,187,3,3249.6,119,5
11536,2025-12-30 09:17:02+05:30,3249.1,12,3246.67,21269,63110.0,66933.0,3250.0,3251.5,3240.2,3251.5,41187475,3576.6,2926.4,4322.95,2866.6,3247.9,34,2,3247.8,11,1,3247.6,46,1,3247.5,18,1,3247.4,6,1,3249.2,81,4,3249.3,62,2,3249.4,33,3,3249.5,187,3,3249.6,119,5
11536,2025-12-30 09:17:06+05:30,3247.3,65,3246.73,22030,63327.0,69283.0,3250.0,3251.5,3240.2,3251.5,41187475,3576.6,2926.4,4322.95,2866.6,3247.4,38,2,3247.3,19,1,3247.2,27,2,3247.1,28,2,3247.0,147,5,3248.9,41,3,3249.0,50,1,3249.1,80,4,3249.2,77,2,3249.3,53,2
11536,2025-12-30 09:17:09+05:30,3248.9,1,3246.73,22030,63327.0,69283.0,3250.0,3251.5,3240.2,3251.5,41187475,3576.6,2926.4,4322.95,2866.6,3247.4,38,2,3247.3,19,1,3247.2,27,2,3247.1,28,2,3247.0,147,5,3248.9,41,3,3249.0,50,1,3249.1,80,4,3249.2,77,2,3249.3,53,2
11536,2025-12-30 09:17:15+05:30,3248.9,1,3246.77,22380,68582.0,70223.0,3250.0,3251.5,3240.2,3251.5,41187475,3576.6,2926.4,4322.95,2866.6,3248.8,2,1,3248.4,12,1,3248.3,7,2,3248.1,3,1,3248.0,51,4,3248.9,40,2,3249.0,47,1,3249.1,3,1,3249.7,46,1,3249.8,104,2
11536,2025-12-30 09:17:16+05:30,3248.9,1,3246.77,22380,68582.0,70223.0,3250.0,3251.5,3240.2,3251.5,41187475,3576.6,2926.4,4322.95,2866.6,3248.8,2,1,3248.4,12,1,3248.3,7,2,3248.1,3,1,3248.0,51,4,3248.9,40,2,3249.0,47,1,3249.1,3,1,3249.7,46,1,3249.8,104,2
11536,2025-12-30 09:17:23+05:30,3250.0,20,3246.77,22380,68582.0,70223.0,3250.0,3251.5,3240.2,3251.5,41187475,3576.6,2926.4,4322.95,2866.6,3248.8,2,1,3248.4,12,1,3248.3,7,2,3248.1,3,1,3248.0,51,4,3248.9,40,2,3249.0,47,1,3249.1,3,1,3249.7,46,1,3249.8,104,2
11536,2025-12-30 09:17:24+05:30,3249.9,9,3246.86,23155,73036.0,68630.0,3250.0,3251.5,3240.2,3251.5,41187475,3576.6,2926.4,4322.95,2866.6,3249.9,29,3,3249.7,71,3,3249.6,10,1,3249.4,5,3,3249.3,47,5,3250.0,83,1,3251.0,111,3,3251.1,46,1,3251.2,116,3,3251.3,43,1
11536,2025-12-30 09:17:30+05:30,3250.0,20,3246.86,23155,73036.0,68630.0,3250.0,3251.5,3240.2,3251.5,41187475,3576.6,2926.4,4322.95,2866.6,3249.9,29,3,3249.7,71,3,3249.6,10,1,3249.4,5,3,3249.3,47,5,3250.0,83,1,3251.0,111,3,3251.1,46,1,3251.2,116,3,3251.3,43,1
11536,2025-12-30 09:17:32+05:30,3250.0,47,3247.04,24637,73527.0,70128.0,3250.0,3251.5,3240.2,3251.5,41187475,3576.6,2926.4,4322.95,2866.6,3249.9,52,4,3249.8,3,1,3249.7,8,2,3249.6,69,7,3249.5,163,2,3250.9,26,1,3251.0,55,2,3251.2,23,2,3251.4,1,1,3251.5,104,15
11536,2025-12-30 09:17:37+05:30,3250.0,144,3247.04,24637,73527.0,70128.0,3250.0,3251.5,3240.2,3251.5,41187475,3576.6,2926.4,4322.95,2866.6,3249.9,52,4,3249.8,3,1,3249.7,8,2,3249.6,69,7,3249.5,163,2,3250.9,26,1,3251.0,55,2,3251.2,23,2,3251.4,1,1,3251.5,104,15
11536,2025-12-30 09:17:40+05:30,3250.3,1,3247.08,24939,74559.0,69488.0,3250.0,3251.5,3240.2,3251.5,41187475,3576.6,2926.4,4322.95,2866.6,3250.3,61,6,3250.1,11,2,3250.0,58,3,3249.9,28,4,3249.8,19,2,3250.9,3,1,3251.0,50,1,3251.5,70,13,3251.8,106,2,3251.9,53,2
11536,2025-12-30 09:17:44+05:30,3250.9,50,3247.08,24939,74559.0,69488.0,3250.0,3251.5,3240.2,3251.5,41187475,3576.6,2926.4,4322.95,2866.6,3250.3,61,6,3250.1,11,2,3250.0,58,3,3249.9,28,4,3249.8,19,2,3250.9,3,1,3251.0,50,1,3251.5,70,13,3251.8,106,2,3251.9,53,2
11536,2025-12-30 09:17:49+05:30,3250.9,9,3247.14,25288,73376.0,71727.0,3250.0,3251.5,3240.2,3251.5,41187475,3576.6,2926.4,4322.95,2866.6,3250.6,3,1,3250.5,1,1,3250.4,2,1,3250.3,106,3,3250.0,128,5,3251.0,87,4,3251.3,67,2,3251.4,73,3,3251.5,90,14,3251.6,15,1
11536,2025-12-30 09:17:51+05:30,3250.9,9,3247.14,25288,73376.0,71727.0,3250.0,3251.5,3240.2,3251.5,41187475,3576.6,2926.4,4322.95,2866.6,3250.6,3,1,3250.5,1,1,3250.4,2,1,3250.3,106,3,3250.0,128,5,3251.0,87,4,3251.3,67,2,3251.4,73,3,3251.5,90,14,3251.6,15,1
11536,2025-12-30 09:17:57+05:30,3250.5,20,3247.17,25578,72533.0,73638.0,3250.0,3251.5,3240.2,3251.5,41187475,3576.6,2926.4,4322.95,2866.6,3250.0,128,5,3249.9,5,1,3249.7,5,1,3249.6,2,1,3249.4,4,2,3250.6,15,1,3250.7,12,1,3250.8,104,3,3250.9,122,2,3251.0,193,5
11536,2025-12-30 09:17:57+05:30,3250.5,20,3247.17,25578,72533.0,73638.0,3250.0,3251.5,3240.2,3251.5,41187475,3576.6,2926.4,4322.95,2866.6,3250.0,128,5,3249.9,5,1,3249.7,5,1,3249.6,2,1,3249.4,4,2,3250.6,15,1,3250.7,12,1,3250.8,104,3,3250.9,122,2,3251.0,193,5
11536,2025-12-30 09:18:03+05:30,3250.3,3,3247.17,25578,72533.0,73638.0,3250.0,3251.5,3240.2,3251.5,41187475,3576.6,2926.4,4322.95,2866.6,3250.0,128,5,3249.9,5,1,3249.7,5,1,3249.6,2,1,3249.4,4,2,3250.6,15,1,3250.7,12,1,3250.8,104,3,3250.9,122,2,3251.0,193,5
11536,2025-12-30 09:18:04+05:30,3249.8,25,3247.21,25901,72687.0,70803.0,3250.0,3251.5,3240.2,3251.5,41187475,3576.6,2926.4,4322.95,2866.6,3249.8,6,1,3249.7,5,1,3249.6,28,2,3249.5,11,1,3249.4,7,3,3250.8,5,1,3250.9,176,3,3251.0,53,3,3251.1,56,1,3251.2,15,1
11536,2025-12-30 09:18:10+05:30,3250.9,63,3247.21,25901,72687.0,70803.0,3250.0,3251.5,3240.2,3251.5,41187475,3576.6,2926.4,4322.95,2866.6,3249.8,6,1,3249.7,5,1,3249.6,28,2,3249.5,11,1,3249.4,7,3,3250.8,5,1,3250.9,176,3,3251.0,53,3,3251.1,56,1,3251.2,15,1
11536,2025-12-30 09:18:13+05:30,3250.9,63,3247.25,26216,73662.0,71525.0,3250.0,3251.5,3240.2,3251.5,41187475,3576.6,2926.4,4322.95,2866.6,3249.7,56,4,3249.6,31,1,3249.5,15,1,3249.4,212,5,3249.3,61,6,3250.9,55,2,3251.0,47,2,3251.2,33,2,3251.3,3,1,3251.5,205,16
11536,2025-12-30 09:18:17+05:30,3250.9,103,3247.25,26216,73662.0,71525.0,3250.0,3251.5,3240.2,3251.5,41187475,3576.6,2926.4,4322.95,2866.6,3249.7,56,4,3249.6,31,1,3249.5,15,1,3249.4,212,5,3249.3,61,6,3250.9,55,2,3251.0,47,2,3251.2,33,2,3251.3,3,1,3251.5,205,16
11536,2025-12-30 09:18:20+05:30,3249.9,23,3247.28,26466,75327.0,71468.0,3250.0,3251.5,3240.2,3251.5,41187475,3576.6,2926.4,4322.95,2866.6,3249.9,25,2,3249.8,21,2,3249.7,12,1,3249.6,49,4,3249.5,266,6,3250.9,145,2,3251.0,47,2,3251.5,170,14,3251.6,68,3,3251.7,143,4
11536,2025-12-30 09:18:24+05:30,3249.9,23,3247.28,26466,75327.0,71468.0,3250.0,3251.5,3240.2,3251.5,41187475,3576.6,2926.4,4322.95,2866.6,3249.9,25,2,3249.8,21,2,3249.7,12,1,3249.6,49,4,3249.5,266,6,3250.9,145,2,3251.0,47,2,3251.5,170,14,3251.6,68,3,3251.7,143,4
11536,2025-12-30 09:18:28+05:30,3249.9,23,3247.28,26466,75178.0,72780.0,3250.0,3251.5,3240.2,3251.5,41187475,3576.6,2926.4,4322.95,2866.6,3249.8,12,2,3249.6,2,1,3249.5,7,2,3249.4,13,3,3249.3,21,3,3249.9,100,1,3250.0,160,2,3250.8,46,1,3250.9,241,6,3251.0,47,2
11536,2025-12-30 09:18:31+05:30,3249.4,6,3247.28,26466,75178.0,72780.0,3250.0,3251.5,3240.2,3251.5,41187475,3576.6,2926.4,4322.95,2866.6,3249.8,12,2,3249.6,2,1,3249.5,7,2,3249.4,13,3,3249.3,21,3,3249.9,100,1,3250.0,160,2,3250.8,46,1,3250.9,241,6,3251.0,47,2
11536,2025-12-30 09:18:36+05:30,3248.1,1,3247.31,26766,71789.0,77900.0,3250.0,3251.5,3240.2,3251.5,41187475,3576.6,2926.4,4322.95,2866.6,3248.1,22,3,3248.0,166,4,3247.9,34,1,3247.8,11,1,3247.7,34,2,3249.4,65,2,3249.5,33,2,3249.6,84,3,3249.7,11,2,3249.8,236,4
11536,2025-12-30 09:18:38+05:30,3248.1,1,3247.31,26766,71789.0,77900.0,3250.0,3251.5,3240.2,3251.5,41187475,3576.6,2926.4,4322.95,2866.6,3248.1,22,3,3248.0,166,4,3247.9,34,1,3247.8,11,1,3247.7,34,2,3249.4,65,2,3249.5,33,2,3249.6,84,3,3249.7,11,2,3249.8,236,4
11536,2025-12-30 09:18:44+05:30,3249.2,11,3247.32,26947,74876.0,75984.0,3250.0,3251.5,3240.2,3251.5,41187475,3576.6,2926.4,4322.95,2866.6,3249.2,57,6,3249.0,10,1,3248.9,21,2,3248.8,16,2,3248.7,45,4,3249.9,137,4,3250.0,260,3,3250.5,28,1,3250.7,46,1,3250.8,209,4
11536,2025-12-30 09:18:45+05:30,3249.2,3,3247.32,26947,74876.0,75984.0,3250.0,3251.5,3240.2,3251.5,41187475,3576.6,2926.4,4322.95,2866.6,3249.2,57,6,3249.0,10,1,3248.9,21,2,3248.8,16,2,3248.7,45,4,3249.9,137,4,3250.0,260,3,3250.5,28,1,3250.7,46,1,3250.8,209,4
11536,2025-12-30 09:18:52+05:30,3249.2,10,3247.32,27017,74478.0,77148.0,3250.0,3251.5,3240.2,3251.5,41187475,3576.6,2926.4,4322.95,2866.6,3249.2,16,2,3248.9,43,1,3248.8,16,2,3248.7,29,3,3248.6,3,1,3249.9,239,5,3250.0,260,3,3250.3,46,1,3250.4,58,1,3250.5,35,2
11536,2025-12-30 09:18:53+05:30,3249.2,10,3247.32,27017,74478.0,77148.0,3250.0,3251.5,3240.2,3251.5,41187475,3576.6,2926.4,4322.95,2866.6,3249.2,16,2,3248.9,43,1,3248.8,16,2,3248.7,29,3,3248.6,3,1,3249.9,239,5,3250.0,260,3,3250.3,46,1,3250.4,58,1,3250.5,35,2
11536,2025-12-30 09:19:00+05:30,3249.2,5,3247.36,27463,74949.0,78449.0,3250.0,3251.5,3240.2,3251.5,41187475,3576.6,2926.4,4322.95,2866.6,3249.2,3,1,3249.0,6,2,3248.8,3,1,3248.7,9,2,3248.5,19,2,3249.9,195,1,3250.0,122,2,3250.1,46,1,3250.2,78,2,3250.4,58,1
11536,2025-12-30 09:19:00+05:30,3249.9,5,3247.36,27463,74949.0,78449.0,3250.0,3251.5,3240.2,3251.5,41187475,3576.6,2926.4,4322.95,2866.6,3249.2,3,1,3249.0,6,2,3248.8,3,1,3248.7,9,2,3248.5,19,2,3249.9,195,1,3250.0,122,2,3250.1,46,1,3250.2,78,2,3250.4,58,1
11536,2025-12-30 09:19:07+05:30,3249.4,29,3247.36,27463,74949.0,78449.0,3250.0,3251.5,3240.2,3251.5,41187475,3576.6,2926.4,4322.95,2866.6,3249.2,3,1,3249.0,6,2,3248.8,3,1,3248.7,9,2,3248.5,19,2,3249.9,195,1,3250.0,122,2,3250.1,46,1,3250.2,78,2,3250.4,58,1
11536,2025-12-30 09:19:08+05:30,3249.8,1,3247.4,27964,74911.0,81772.0,3250.0,3251.5,3240.2,3251.5,41187475,3576.6,2926.4,4322.95,2866.6,3248.4,33,3,3248.2,100,3,3248.1,219,6,3248.0,281,9,3247.9,47,4,3249.8,45,2,3249.9,99,5,3250.0,164,3,3250.1,161,4,3250.3,46,1
11536,2025-12-30 09:19:12+05:30,3249.9,4,3247.4,27964,74911.0,81772.0,3250.0,3251.5,3240.2,3251.5,41187475,3576.6,2926.4,4322.95,2866.6,3248.4,33,3,3248.2,100,3,3248.1,219,6,3248.0,281,9,3247.9,47,4,3249.8,45,2,3249.9,99,5,3250.0,164,3,3250.1,161,4,3250.3,46,1
11536,2025-12-30 09:19:12+05:30,3249.9,4,3247.4,27964,74911.0,81772.0,3250.0,3251.5,3240.2,3251.5,41187475,3576.6,2926.4,4322.95,2866.6,3248.4,33,3,3248.2,100,3,3248.1,219,6,3248.0,281,9,3247.9,47,4,3249.8,45,2,3249.9,99,5,3250.0,164,3,3250.1,161,4,3250.3,46,1
11536,2025-12-30 09:19:13+05:30,3249.9,4,3247.4,27964,74911.0,81772.0,3250.0,3251.5,3240.2,3251.5,41187475,3576.6,2926.4,4322.95,2866.6,3248.4,33,3,3248.2,100,3,3248.1,219,6,3248.0,281,9,3247.9,47,4,3249.8,45,2,3249.9,99,5,3250.0,164,3,3250.1,161,4,3250.3,46,1
11536,2025-12-30 09:19:14+05:30,3249.9,4,3247.4,27964,74911.0,81772.0,3250.0,3251.5,3240.2,3251.5,41187475,3576.6,2926.4,4322.95,2866.6,3248.4,33,3,3248.2,100,3,3248.1,219,6,3248.0,281,9,3247.9,47,4,3249.8,45,2,3249.9,99,5,3250.0,164,3,3250.1,161,4,3250.3,46,1
11536,2025-12-30 09:19:15+05:30,3249.9,4,3247.4,27964,74911.0,81772.0,3250.0,3251.5,3240.2,3251.5,41187475,3576.6,2926.4,4322.95,2866.6,3248.4,33,3,3248.2,100,3,3248.1,219,6,3248.0,281,9,3247.9,47,4,3249.8,45,2,3249.9,99,5,3250.0,164,3,3250.1,161,4,3250.3,46,1
11536,2025-12-30 09:19:16+05:30,3249.8,14,3247.41,28023,75174.0,82392.0,3250.0,3251.5,3240.2,3251.5,41187475,3576.6,2926.4,4322.95,2866.6,3248.6,60,1,3248.4,40,3,3248.3,28,2,3248.2,58,2,3248.1,43,3,3249.0,100,1,3249.8,170,3,3249.9,104,3,3250.0,122,2,3250.1,136,2
11536,2025-12-30 09:19:16+05:30,3249.8,14,3247.41,28023,75174.0,82392.0,3250.0,3251.5,3240.2,3251.5,41187475,3576.6,2926.4,4322.95,2866.6,3248.6,60,1,3248.4,40,3,3248.3,28,2,3248.2,58,2,3248.1,43,3,3249.0,100,1,3249.8,170,3,3249.9,104,3,3250.0,122,2,3250.1,136,2
11536,2025-12-30 09:19:17+05:30,3249.8,14,3247.41,28023,75174.0,82392.0,3250.0,3251.5,3240.2,3251.5,41187475,3576.6,2926.4,4322.95,2866.6,3248.6,60,1,3248.4,40,3,3248.3,28,2,3248.2,58,2,3248.1,43,3,3249.0,100,1,3249.8,170,3,3249.9,104,3,3250.0,122,2,3250.1,136,2
11536,2025-12-30 09:19:18+05:30,3249.8,14,3247.41,28023,75174.0,82392.0,3250.0,3251.5,3240.2,3251.5,41187475,3576.6,2926.4,4322.95,2866.6,3248.6,60,1,3248.4,40,3,3248.3,28,2,3248.2,58,2,3248.1,43,3,3249.0,100,1,3249.8,170,3,3249.9,104,3,3250.0,122,2,3250.1,136,2
11536,2025-12-30 09:19:19+05:30,3249.8,14,3247.41,28023,75174.0,82392.0,3250.0,3251.5,3240.2,3251.5,41187475,3576.6,2926.4,4322.95,2866.6,3248.6,60,1,3248.4,40,3,3248.3,28,2,3248.2,58,2,3248.1,43,3,3249.0,100,1,3249.8,170,3,3249.9,104,3,3250.0,122,2,3250.1,136,2
11536,2025-12-30 09:19:19+05:30,3249.8,50,3247.41,28023,75174.0,82392.0,3250.0,3251.5,3240.2,3251.5,41187475,3576.6,2926.4,4322.95,2866.6,3248.6,60,1,3248.4,40,3,3248.3,28,2,3248.2,58,2,3248.1,43,3,3249.0,100,1,3249.8,170,3,3249.9,104,3,3250.0,122,2,3250.1,136,2
11536,2025-12-30 09:19:20+05:30,3249.8,50,3247.41,28023,75174.0,82392.0,3250.0,3251.5,3240.2,3251.5,41187475,3576.6,2926.4,4322.95,2866.6,3248.6,60,1,3248.4,40,3,3248.3,28,2,3248.2,58,2,3248.1,43,3,3249.0,100,1,3249.8,170,3,3249.9,104,3,3250.0,122,2,3250.1,136,2
11536,2025-12-30 09:19:22+05:30,3249.8,50,3247.41,28023,75174.0,82392.0,3250.0,3251.5,3240.2,3251.5,41187475,3576.6,2926.4,4322.95,2866.6,3248.6,60,1,3248.4,40,3,3248.3,28,2,3248.2,58,2,3248.1,43,3,3249.0,100,1,3249.8,170,3,3249.9,104,3,3250.0,122,2,3250.1,136,2
11536,2025-12-30 09:19:23+05:30,3249.8,50,3247.41,28023,75174.0,82392.0,3250.0,3251.5,3240.2,3251.5,41187475,3576.6,2926.4,4322.95,2866.6,3248.6,60,1,3248.4,40,3,3248.3,28,2,3248.2,58,2,3248.1,43,3,3249.0,100,1,3249.8,170,3,3249.9,104,3,3250.0,122,2,3250.1,136,2
11536,2025-12-30 09:19:24+05:30,3249.0,13,3247.44,28532,75499.0,83828.0,3250.0,3251.5,3240.2,3251.5,41187475,3576.6,2926.4,4322.95,2866.6,3248.6,112,2,3248.4,37,3,3248.3,11,3,3248.2,120,4,3248.1,68,5,3249.0,15,1,3249.8,69,2,3249.9,233,4,3250.0,139,3,3250.1,202,4
11536,2025-12-30 09:19:24+05:30,3249.0,13,3247.44,28532,75499.0,83828.0,3250.0,3251.5,3240.2,3251.5,41187475,3576.6,2926.4,4322.95,2866.6,3248.6,112,2,3248.4,37,3,3248.3,11,3,3248.2,120,4,3248.1,68,5,3249.0,15,1,3249.8,69,2,3249.9,233,4,3250.0,139,3,3250.1,202,4
11536,2025-12-30 09:19:25+05:30,3249.0,13,3247.44,28532,75499.0,83828.0,3250.0,3251.5,3240.2,3251.5,41187475,3576.6,2926.4,4322.95,2866.6,3248.6,112,2,3248.4,37,3,3248.3,11,3,3248.2,120,4,3248.1,68,5,3249.0,15,1,3249.8,69,2,3249.9,233,4,3250.0,139,3,3250.1,202,4
11536,2025-12-30 09:19:26+05:30,3249.0,13,3247.44,28532,75499.0,83828.0,3250.0,3251.5,3240.2,3251.5,41187475,3576.6,2926.4,4322.95,2866.6,3248.6,112,2,3248.4,37,3,3248.3,11,3,3248.2,120,4,3248.1,68,5,3249.0,15,1,3249.8,69,2,3249.9,233,4,3250.0,139,3,3250.1,202,4
11536,2025-12-30 09:19:28+05:30,3249.0,13,3247.44,28532,75499.0,83828.0,3250.0,3251.5,3240.2,3251.5,41203925,3576.6,2926.4,4322.95,2866.6,3248.6,112,2,3248.4,37,3,3248.3,11,3,3248.2,120,4,3248.1,68,5,3249.0,15,1,3249.8,69,2,3249.9,233,4,3250.0,139,3,3250.1,202,4
11536,2025-12-30 09:19:30+05:30,3249.0,13,3247.44,28532,75499.0,83828.0,3250.0,3251.5,3240.2,3251.5,41203925,3576.6,2926.4,4322.95,2866.6,3248.6,112,2,3248.4,37,3,3248.3,11,3,3248.2,120,4,3248.1,68,5,3249.0,15,1,3249.8,69,2,3249.9,233,4,3250.0,139,3,3250.1,202,4
11536,2025-12-30 09:19:31+05:30,3249.0,10,3247.44,28532,75499.0,83828.0,3250.0,3251.5,3240.2,3251.5,41203925,3576.6,2926.4,4322.95,2866.6,3248.6,112,2,3248.4,37,3,3248.3,11,3,3248.2,120,4,3248.1,68,5,3249.0,15,1,3249.8,69,2,3249.9,233,4,3250.0,139,3,3250.1,202,4
11536,2025-12-30 09:19:32+05:30,3249.0,1,3247.45,28650,76958.0,83929.0,3250.0,3251.5,3240.2,3251.5,41203925,3576.6,2926.4,4322.95,2866.6,3248.8,92,4,3248.7,24,1,3248.6,130,3,3248.5,114,3,3248.4,4,1,3249.0,15,1,3249.8,50,1,3249.9,177,1,3250.0,139,3,3250.1,159,3
11536,2025-12-30 09:19:37+05:30,3250.8,33,3247.45,28650,76958.0,83929.0,3250.0,3251.5,3240.2,3251.5,41203925,3576.6,2926.4,4322.95,2866.6,3248.8,92,4,3248.7,24,1,3248.6,130,3,3248.5,114,3,3248.4,4,1,3249.0,15,1,3249.8,50,1,3249.9,177,1,3250.0,139,3,3250.1,159,3
11536,2025-12-30 09:19:39+05:30,3249.5,9,3247.49,29140,79125.0,83288.0,3250.0,3251.5,3240.2,3251.5,41203925,3576.6,2926.4,4322.95,2866.6,3249.5,25,2,3249.4,31,2,3249.3,102,7,3249.2,33,4,3249.1,74,5,3250.0,20,1,3250.8,22,2,3250.9,181,3,3251.0,64,3,3251.1,96,3
11536,2025-12-30 09:19:43+05:30,3249.9,2,3247.49,29140,79125.0,83288.0,3250.0,3251.5,3240.2,3251.5,41203925,3576.6,2926.4,4322.95,2866.6,3249.5,25,2,3249.4,31,2,3249.3,102,7,3249.2,33,4,3249.1,74,5,3250.0,20,1,3250.8,22,2,3250.9,181,3,3251.0,64,3,3251.1,96,3
11536,2025-12-30 09:19:47+05:30,3250.3,6,3247.52,29449,80242.0,82408.0,3250.0,3251.5,3240.2,3251.5,41203925,3576.6,2926.4,4322.95,2866.6,3250.2,29,2,3250.1,54,3,3250.0,23,4,3249.9,1,1,3249.8,100,6,3250.8,3,1,3250.9,100,1,3251.0,47,2,3251.5,160,13,3251.6,32,2
11536,2025-12-30 09:19:48+05:30,3250.3,6,3247.52,29449,80242.0,82408.0,3250.0,3251.5,3240.2,3251.5,41203925,3576.6,2926.4,4322.95,2866.6,3250.2,29,2,3250.1,54,3,3250.0,23,4,3249.9,1,1,3249.8,100,6,3250.8,3,1,3250.9,100,1,3251.0,47,2,3251.5,160,13,3251.6,32,2
11536,2025-12-30 09:19:55+05:30,3251.0,10,3247.64,30524,81528.0,81103.0,3250.0,3251.5,3240.2,3251.5,41203925,3576.6,2926.4,4322.95,2866.6,3251.0,24,3,3250.9,8,1,3250.8,51,2,3250.7,24,1,3250.5,146,6,3251.5,160,13,3251.9,10,1,3252.0,220,3,3252.3,17,1,3252.4,168,2
11536,2025-12-30 09:19:55+05:30,3251.0,10,3247.64,30524,81528.0,81103.0,3250.0,3251.5,3240.2,3251.5,41203925,3576.6,2926.4,4322.95,2866.6,3251.0,24,3,3250.9,8,1,3250.8,51,2,3250.7,24,1,3250.5,146,6,3251.5,160,13,3251.9,10,1,3252.0,220,3,3252.3,17,1,3252.4,168,2
11536,2025-12-30 09:20:01+05:30,3251.2,5,3247.64,30524,81528.0,81103.0,3250.0,3251.5,3240.2,3251.5,41203925,3576.6,2926.4,4322.95,2866.6,3251.0,24,3,3250.9,8,1,3250.8,51,2,3250.7,24,1,3250.5,146,6,3251.5,160,13,3251.9,10,1,3252.0,220,3,3252.3,17,1,3252.4,168,2
11536,2025-12-30 09:20:02+05:30,3251.1,35,3247.8,31800,80965.0,81346.0,3250.0,3251.9,3240.2,3251.5,41203925,3576.6,2926.4,4322.95,2866.6,3251.1,1,1,3251.0,174,4,3250.8,9,3,3250.7,31,2,3250.5,65,3,3251.5,129,1,3252.0,205,2,3252.3,7,1,3252.4,43,1,3252.5,56,2
11536,2025-12-30 09:20:07+05:30,3251.3,1,3247.8,31800,80965.0,81346.0,3250.0,3251.9,3240.2,3251.5,41203925,3576.6,2926.4,4322.95,2866.6,3251.1,1,1,3251.0,174,4,3250.8,9,3,3250.7,31,2,3250.5,65,3,3251.5,129,1,3252.0,205,2,3252.3,7,1,3252.4,43,1,3252.5,56,2
11536,2025-12-30 09:20:10+05:30,3251.2,4,3247.87,32419,81019.0,82192.0,3250.0,3252.2,3240.2,3251.5,41203925,3576.6,2926.4,4322.95,2866.6,3251.1,121,2,3251.0,415,5,3250.8,5,1,3250.7,47,3,3250.6,46,1,3251.5,88,2,3252.1,7,1,3252.2,43,1,3252.3,54,1,3252.4,26,2
11536,2025-12-30 09:20:13+05:30,3251.5,50,3247.87,32419,81019.0,82192.0,3250.0,3252.2,3240.2,3251.5,41203925,3576.6,2926.4,4322.95,2866.6,3251.1,121,2,3251.0,415,5,3250.8,5,1,3250.7,47,3,3250.6,46,1,3251.5,88,2,3252.1,7,1,3252.2,43,1,3252.3,54,1,3252.4,26,2
11536,2025-12-30 09:20:18+05:30,3252.2,1,3247.89,32567,81347.0,82159.0,3250.0,3252.2,3240.2,3251.5,41203925,3576.6,2926.4,4322.95,2866.6,3251.1,177,5,3251.0,371,4,3250.9,8,2,3250.8,20,2,3250.7,33,3,3251.5,74,2,3252.3,56,2,3252.5,15,1,3252.6,98,4,3252.7,10,2
11536,2025-12-30 09:20:20+05:30,3251.1,1,3247.89,32567,81347.0,82159.0,3250.0,3252.2,3240.2,3251.5,41203925,3576.6,2926.4,4322.95,2866.6,3251.1,177,5,3251.0,371,4,3250.9,8,2,3250.8,20,2,3250.7,33,3,3251.5,74,2,3252.3,56,2,3252.5,15,1,3252.6,98,4,3252.7,10,2
11536,2025-12-30 09:20:25+05:30,3251.2,1,3247.94,32967,82002.0,81601.0,3250.0,3252.5,3240.2,3251.5,41203925,3576.6,2926.4,4322.95,2866.6,3251.2,51,4,3251.1,146,5,3251.0,396,6,3250.9,1,1,3250.8,6,2,3251.5,18,1,3252.5,52,2,3252.6,8,1,3252.7,67,4,3252.8,72,4
11536,2025-12-30 09:20:27+05:30,3251.2,1,3247.94,32967,82002.0,81601.0,3250.0,3252.5,3240.2,3251.5,41203925,3576.6,2926.4,4322.95,2866.6,3251.2,51,4,3251.1,146,5,3251.0,396,6,3250.9,1,1,3250.8,6,2,3251.5,18,1,3252.5,52,2,3252.6,8,1,3252.7,67,4,3252.8,72,4
11536,2025-12-30 09:20:33+05:30,3251.7,11,3247.94,33037,81689.0,82799.0,3250.0,3252.5,3240.2,3251.5,41203925,3576.6,2926.4,4322.95,2866.6,3251.2,692,5,3251.1,218,8,3251.0,81,4,3250.9,29,3,3250.8,5,1,3251.7,40,1,3251.9,4,1,3252.0,26,1,3252.3,105,3,3252.4,42,2
11536,2025-12-30 09:20:34+05:30,3251.9,9,3247.94,33037,81689.0,82799.0,3250.0,3252.5,3240.2,3251.5,41203925,3576.6,2926.4,4322.95,2866.6,3251.2,692,5,3251.1,218,8,3251.0,81,4,3250.9,29,3,3250.8,5,1,3251.7,40,1,3251.9,4,1,3252.0,26,1,3252.3,105,3,3252.4,42,2
11536,2025-12-30 09:20:41+05:30,3251.7,1,3247.97,33283,81648.0,84762.0,3250.0,3252.5,3240.2,3251.5,41203925,3576.6,2926.4,4322.95,2866.6,3251.2,778,6,3251.1,92,6,3251.0,81,4,3250.9,29,3,3250.8,5,1,3251.7,59,3,3251.8,13,1,3251.9,27,2,3252.0,80,2,3252.1,56,2
11536,2025-12-30 09:20:41+05:30,3251.2,1,3247.97,33283,81648.0,84762.0,3250.0,3252.5,3240.2,3251.5,41203925,3576.6,2926.4,4322.95,2866.6,3251.2,778,6,3251.1,92,6,3251.0,81,4,3250.9,29,3,3250.8,5,1,3251.7,59,3,3251.8,13,1,3251.9,27,2,3252.0,80,2,3252.1,56,2
11536,2025-12-30 09:20:48+05:30,3251.7,1,3247.97,33283,81648.0,84762.0,3250.0,3252.5,3240.2,3251.5,41203925,3576.6,2926.4,4322.95,2866.6,3251.2,778,6,3251.1,92,6,3251.0,81,4,3250.9,29,3,3250.8,5,1,3251.7,59,3,3251.8,13,1,3251.9,27,2,3252.0,80,2,3252.1,56,2
11536,2025-12-30 09:20:49+05:30,3251.7,1,3248.12,34934,78436.0,85580.0,3250.0,3252.5,3240.2,3251.5,41203925,3576.6,2926.4,4322.95,2866.6,3251.2,40,2,3250.6,23,2,3250.5,12,1,3250.3,61,1,3250.2,107,2,3251.7,80,6,3251.8,13,1,3251.9,42,5,3252.0,115,5,3252.1,97,3
11536,2025-12-30 09:20:55+05:30,3250.5,91,3248.12,34934,78436.0,85580.0,3250.0,3252.5,3240.2,3251.5,41203925,3576.6,2926.4,4322.95,2866.6,3251.2,40,2,3250.6,23,2,3250.5,12,1,3250.3,61,1,3250.2,107,2,3251.7,80,6,3251.8,13,1,3251.9,42,5,3252.0,115,5,3252.1,97,3
11536,2025-12-30 09:20:56+05:30,3250.5,91,3248.16,35482,79051.0,84959.0,3250.0,3252.5,3240.2,3251.5,41203925,3576.6,2926.4,4322.95,2866.6,3250.5,12,1,3250.2,66,3,3250.1,51,2,3250.0,753,6,3249.9,143,5,3251.7,150,5,3251.8,13,1,3251.9,42,5,3252.0,1,1,3252.1,97,3
11536,2025-12-30 09:21:01+05:30,3250.5,4,3248.16,35482,79051.0,84959.0,3250.0,3252.5,3240.2,3251.5,41203925,3576.6,2926.4,4322.95,2866.6,3250.5,12,1,3250.2,66,3,3250.1,51,2,3250.0,753,6,3249.9,143,5,3251.7,150,5,3251.8,13,1,3251.9,42,5,3252.0,1,1,3252.1,97,3
11536,2025-12-30 09:21:04+05:30,3250.5,23,3248.18,35663,79390.0,84528.0,3250.0,3252.5,3240.2,3251.5,41203925,3576.6,2926.4,4322.95,2866.6,3250.7,29,1,3250.5,61,4,3250.4,14,1,3250.3,55,2,3250.2,138,7,3251.7,31,3,3251.8,25,2,3251.9,41,4,3252.0,4,2,3252.1,97,3
11536,2025-12-30 09:21:06+05:30,3251.7,6,3248.18,35663,79390.0,84528.0,3250.0,3252.5,3240.2,3251.5,41203925,3576.6,2926.4,4322.95,2866.6,3250.7,29,1,3250.5,61,4,3250.4,14,1,3250.3,55,2,3250.2,138,7,3251.7,31,3,3251.8,25,2,3251.9,41,4,3252.0,4,2,3252.1,97,3
11536,2025-12-30 09:21:12+05:30,3251.5,10,3248.18,35714,79286.0,84815.0,3250.0,3252.5,3240.2,3251.5,41203925,3576.6,2926.4,4322.95,2866.6,3250.5,169,5,3250.3,7,1,3250.2,35,3,3250.1,95,4,3250.0,742,7,3251.7,82,7,3251.9,4,2,3252.0,82,5,3252.1,51,4,3252.2,71,2
11536,2025-12-30 09:21:13+05:30,3251.7,3,3248.18,35714,79286.0,84815.0,3250.0,3252.5,3240.2,3251.5,41203925,3576.6,2926.4,4322.95,2866.6,3250.5,169,5,3250.3,7,1,3250.2,35,3,3250.1,95,4,3250.0,742,7,3251.7,82,7,3251.9,4,2,3252.0,82,5,3252.1,51,4,3252.2,71,2
11536,2025-12-30 09:21:18+05:30,3250.5,50,3248.18,35714,79286.0,84815.0,3250.0,3252.5,3240.2,3251.5,41203925,3576.6,2926.4,4322.95,2866.6,3250.5,169,5,3250.3,7,1,3250.2,35,3,3250.1,95,4,3250.0,742,7,3251.7,82,7,3251.9,4,2,3252.0,82,5,3252.1,51,4,3252.2,71,2
11536,2025-12-30 09:21:19+05:30,3250.5,2,3248.2,35962,79265.0,85996.0,3250.0,3252.5,3240.2,3251.5,41203925,3576.6,2926.4,4322.95,2866.6,3250.5,27,2,3250.3,7,1,3250.2,7,2,3250.1,5,1,3250.0,793,7,3251.3,3,1,3251.4,3,1,3251.5,2,1,3251.6,26,1,3251.7,154,8
11536,2025-12-30 09:21:25+05:30,3250.5,3,3248.2,35962,79265.0,85996.0,3250.0,3252.5,3240.2,3251.5,41203925,3576.6,2926.4,4322.95,2866.6,3250.5,27,2,3250.3,7,1,3250.2,7,2,3250.1,5,1,3250.0,793,7,3251.3,3,1,3251.4,3,1,3251.5,2,1,3251.6,26,1,3251.7,154,8
11536,2025-12-30 09:21:27+05:30,3250.5,25,3248.22,36198,80173.0,85554.0,3250.0,3252.5,3240.2,3251.5,41203925,3576.6,2926.4,4322.95,2866.6,3250.5,26,1,3250.3,7,1,3250.2,7,2,3250.1,5,1,3250.0,814,8,3251.6,42,3,3251.7,94,5,3251.8,66,2,3251.9,31,2,3252.0,51,4
11536,2025-12-30 09:21:31+05:30,3250.5,9,3248.22,36198,80173.0,85554.0,3250.0,3252.5,3240.2,3251.5,41203925,3576.6,2926.4,4322.95,2866.6,3250.5,26,1,3250.3,7,1,3250.2,7,2,3250.1,5,1,3250.0,814,8,3251.6,42,3,3251.7,94,5,3251.8,66,2,3251.9,31,2,3252.0,51,4
11536,2025-12-30 09:21:34+05:30,3251.0,1,3248.22,36255,81861.0,84766.0,3250.0,3252.5,3240.2,3251.5,41203925,3576.6,2926.4,4322.95,2866.6,3250.9,40,3,3250.8,51,1,3250.7,47,3,3250.6,15,1,3250.5,106,5,3251.6,46,2,3251.7,30,1,3251.9,1,1,3252.0,2,1,3252.1,3,1
11536,2025-12-30 09:21:38+05:30,3251.5,2,3248.22,36255,81861.0,84766.0,3250.0,3252.5,3240.2,3251.5,41203925,3576.6,2926.4,4322.95,2866.6,3250.9,40,3,3250.8,51,1,3250.7,47,3,3250.6,15,1,3250.5,106,5,3251.6,46,2,3251.7,30,1,3251.9,1,1,3252.0,2,1,3252.1,3,1
11536,2025-12-30 09:21:42+05:30,3252.5,10,3248.26,36616,82697.0,82090.0,3250.0,3252.5,3240.2,3251.5,41203925,3576.6,2926.4,4322.95,2866.6,3251.5,8,1,3251.4,51,2,3251.2,129,6,3251.1,64,4,3251.0,59,4,3252.5,5,1,3253.0,105,2,3253.1,2,1,3253.2,152,5,3253.3,40,2
11536,2025-12-30 09:21:45+05:30,3251.6,3,3248.26,36616,82697.0,82090.0,3250.0,3252.5,3240.2,3251.5,41203925,3576.6,2926.4,4322.95,2866.6,3251.5,8,1,3251.4,51,2,3251.2,129,6,3251.1,64,4,3251.0,59,4,3252.5,5,1,3253.0,105,2,3253.1,2,1,3253.2,152,5,3253.3,40,2
11536,2025-12-30 09:21:50+05:30,3251.6,1,3248.27,36739,82845.0,81517.0,3250.0,3252.5,3240.2,3251.5,41203925,3576.6,2926.4,4322.95,2866.6,3251.5,27,4,3251.3,78,2,3251.2,42,4,3251.1,99,6,3251.0,125,4,3252.5,8,2,3253.0,168,4,3253.2,52,1,3253.4,31,2,3253.5,101,5
11536,2025-12-30 09:21:52+05:30,3251.5,6,3248.27,36739,82845.0,81517.0,3250.0,3252.5,3240.2,3251.5,41203925,3576.6,2926.4,4322.95,2866.6,3251.5,27,4,3251.3,78,2,3251.2,42,4,3251.1,99,6,3251.0,125,4,3252.5,8,2,3253.0,168,4,3253.2,52,1,3253.4,31,2,3253.5,101,5
11536,2025-12-30 09:21:57+05:30,3252.8,33,3248.28,36845,83403.0,81094.0,3250.0,3252.8,3240.2,3251.5,41203925,3576.6,2926.4,4322.95,2866.6,3252.3,2,1,3251.6,66,3,3251.5,55,4,3251.4,257,4,3251.3,185,4,3252.8,14,1,3253.0,105,2,3253.4,31,2,3253.5,55,2,3253.6,28,2
11536,2025-12-30 09:21:59+05:30,3252.8,5,3248.28,36845,83403.0,81094.0,3250.0,3252.8,3240.2,3251.5,41203925,3576.6,2926.4,4322.95,2866.6,3252.3,2,1,3251.6,66,3,3251.5,55,4,3251.4,257,4,3251.3,185,4,3252.8,14,1,3253.0,105,2,3253.4,31,2,3253.5,55,2,3253.6,28,2
11536,2025-12-30 09:22:05+05:30,3252.8,8,3248.31,37116,84151.0,81446.0,3250.0,3253.0,3240.2,3251.5,41203925,3576.6,2926.4,4322.95,2866.6,3251.9,64,3,3251.8,38,4,3251.7,64,2,3251.6,242,4,3251.5,262,7,3252.8,107,2,3253.0,103,2,3253.5,26,1,3253.6,18,1,3253.7,11,1
11536,2025-12-30 09:22:06+05:30,3252.8,1,3248.31,37116,84151.0,81446.0,3250.0,3253.0,3240.2,3251.5,41203925,3576.6,2926.4,4322.95,2866.6,3251.9,64,3,3251.8,38,4,3251.7,64,2,3251.6,242,4,3251.5,262,7,3252.8,107,2,3253.0,103,2,3253.5,26,1,3253.6,18,1,3253.7,11,1
11536,2025-12-30 09:22:12+05:30,3252.0,11,3248.32,37197,83259.0,84165.0,3250.0,3253.0,3240.2,3251.5,41203925,3576.6,2926.4,4322.95,2866.6,3251.6,5,1,3251.5,140,4,3251.4,34,3,3251.2,25,3,3251.1,27,3,3252.0,39,1,3252.6,18,1,3252.7,66,2,3252.8,399,7,3252.9,56,3
11536,2025-12-30 09:22:13+05:30,3252.0,11,3248.32,37197,83259.0,84165.0,3250.0,3253.0,3240.2,3251.5,41203925,3576.6,2926.4,4322.95,2866.6,3251.6,5,1,3251.5,140,4,3251.4,34,3,3251.2,25,3,3251.1,27,3,3252.0,39,1,3252.6,18,1,3252.7,66,2,3252.8,399,7,3252.9,56,3
11536,2025-12-30 09:22:13+05:30,3251.5,16,3248.32,37197,83259.0,84165.0,3250.0,3253.0,3240.2,3251.5,41203925,3576.6,2926.4,4322.95,2866.6,3251.6,5,1,3251.5,140,4,3251.4,34,3,3251.2,25,3,3251.1,27,3,3252.0,39,1,3252.6,18,1,3252.7,66,2,3252.8,399,7,3252.9,56,3
11536,2025-12-30 09:22:14+05:30,3251.5,16,3248.32,37197,83259.0,84165.0,3250.0,3253.0,3240.2,3251.5,41203925,3576.6,2926.4,4322.95,2866.6,3251.6,5,1,3251.5,140,4,3251.4,34,3,3251.2,25,3,3251.1,27,3,3252.0,39,1,3252.6,18,1,3252.7,66,2,3252.8,399,7,3252.9,56,3
11536,2025-12-30 09:22:15+05:30,3251.5,16,3248.32,37197,83259.0,84165.0,3250.0,3253.0,3240.2,3251.5,41203925,3576.6,2926.4,4322.95,2866.6,3251.6,5,1,3251.5,140,4,3251.4,34,3,3251.2,25,3,3251.1,27,3,3252.0,39,1,3252.6,18,1,3252.7,66,2,3252.8,399,7,3252.9,56,3
11536,2025-12-30 09:22:16+05:30,3251.5,16,3248.32,37197,83259.0,84165.0,3250.0,3253.0,3240.2,3251.5,41203925,3576.6,2926.4,4322.95,2866.6,3251.6,5,1,3251.5,140,4,3251.4,34,3,3251.2,25,3,3251.1,27,3,3252.0,39,1,3252.6,18,1,3252.7,66,2,3252.8,399,7,3252.9,56,3
11536,2025-12-30 09:22:17+05:30,3251.5,16,3248.32,37197,83259.0,84165.0,3250.0,3253.0,3240.2,3251.5,41203925,3576.6,2926.4,4322.95,2866.6,3251.6,5,1,3251.5,140,4,3251.4,34,3,3251.2,25,3,3251.1,27,3,3252.0,39,1,3252.6,18,1,3252.7,66,2,3252.8,399,7,3252.9,56,3
11536,2025-12-30 09:22:18+05:30,3251.5,16,3248.32,37197,83259.0,84165.0,3250.0,3253.0,3240.2,3251.5,41203925,3576.6,2926.4,4322.95,2866.6,3251.6,5,1,3251.5,140,4,3251.4,34,3,3251.2,25,3,3251.1,27,3,3252.0,39,1,3252.6,18,1,3252.7,66,2,3252.8,399,7,3252.9,56,3
11536,2025-12-30 09:22:18+05:30,3252.8,81,3248.32,37197,83259.0,84165.0,3250.0,3253.0,3240.2,3251.5,41203925,3576.6,2926.4,4322.95,2866.6,3251.6,5,1,3251.5,140,4,3251.4,34,3,3251.2,25,3,3251.1,27,3,3252.0,39,1,3252.6,18,1,3252.7,66,2,3252.8,399,7,3252.9,56,3
11536,2025-12-30 09:22:18+05:30,3252.8,81,3248.32,37197,83259.0,84165.0,3250.0,3253.0,3240.2,3251.5,41203925,3576.6,2926.4,4322.95,2866.6,3251.6,5,1,3251.5,140,4,3251.4,34,3,3251.2,25,3,3251.1,27,3,3252.0,39,1,3252.6,18,1,3252.7,66,2,3252.8,399,7,3252.9,56,3
11536,2025-12-30 09:22:19+05:30,3252.8,81,3248.32,37197,83259.0,84165.0,3250.0,3253.0,3240.2,3251.5,41203925,3576.6,2926.4,4322.95,2866.6,3251.6,5,1,3251.5,140,4,3251.4,34,3,3251.2,25,3,3251.1,27,3,3252.0,39,1,3252.6,18,1,3252.7,66,2,3252.8,399,7,3252.9,56,3
11536,2025-12-30 09:22:20+05:30,3251.6,32,3248.35,37521,82630.0,83775.0,3250.0,3253.0,3240.2,3251.5,41203925,3576.6,2926.4,4322.95,2866.6,3251.6,21,2,3251.5,135,5,3251.4,31,2,3251.2,73,5,3251.1,47,5,3252.7,25,2,3252.8,220,4,3252.9,47,1,3253.0,151,4,3253.1,66,3
11536,2025-12-30 09:22:20+05:30,3251.6,32,3248.35,37521,82630.0,83775.0,3250.0,3253.0,3240.2,3251.5,41203925,3576.6,2926.4,4322.95,2866.6,3251.6,21,2,3251.5,135,5,3251.4,31,2,3251.2,73,5,3251.1,47,5,3252.7,25,2,3252.8,220,4,3252.9,47,1,3253.0,151,4,3253.1,66,3
11536,2025-12-30 09:22:21+05:30,3251.6,32,3248.35,37521,82630.0,83775.0,3250.0,3253.0,3240.2,3251.5,41203925,3576.6,2926.4,4322.95,2866.6,3251.6,21,2,3251.5,135,5,3251.4,31,2,3251.2,73,5,3251.1,47,5,3252.7,25,2,3252.8,220,4,3252.9,47,1,3253.0,151,4,3253.1,66,3
11536,2025-12-30 09:22:23+05:30,3251.6,32,3248.35,37521,82630.0,83775.0,3250.0,3253.0,3240.2,3251.5,41203925,3576.6,2926.4,4322.95,2866.6,3251.6,21,2,3251.5,135,5,3251.4,31,2,3251.2,73,5,3251.1,47,5,3252.7,25,2,3252.8,220,4,3252.9,47,1,3253.0,151,4,3253.1,66,3
11536,2025-12-30 09:22:24+05:30,3252.5,4,3248.35,37521,82630.0,83775.0,3250.0,3253.0,3240.2,3251.5,41203925,3576.6,2926.4,4322.95,2866.6,3251.6,21,2,3251.5,135,5,3251.4,31,2,3251.2,73,5,3251.1,47,5,3252.7,25,2,3252.8,220,4,3252.9,47,1,3253.0,151,4,3253.1,66,3
11536,2025-12-30 09:22:24+05:30,3252.5,4,3248.35,37521,82630.0,83775.0,3250.0,3253.0,3240.2,3251.5,41203925,3576.6,2926.4,4322.95,2866.6,3251.6,21,2,3251.5,135,5,3251.4,31,2,3251.2,73,5,3251.1,47,5,3252.7,25,2,3252.8,220,4,3252.9,47,1,3253.0,151,4,3253.1,66,3
11536,2025-12-30 09:22:26+05:30,3252.5,4,3248.35,37521,82630.0,83775.0,3250.0,3253.0,3240.2,3251.5,41203925,3576.6,2926.4,4322.95,2866.6,3251.6,21,2,3251.5,135,5,3251.4,31,2,3251.2,73,5,3251.1,47,5,3252.7,25,2,3252.8,220,4,3252.9,47,1,3253.0,151,4,3253.1,66,3
11536,2025-12-30 09:22:27+05:30,3252.6,25,3248.37,37640,84452.0,82472.0,3250.0,3253.0,3240.2,3251.5,41203925,3576.6,2926.4,4322.95,2866.6,3251.6,256,4,3251.5,1103,8,3251.4,118,4,3251.3,96,2,3251.2,95,6,3252.8,220,4,3253.0,125,3,3253.1,32,1,3253.3,96,3,3253.4,28,1
11536,2025-12-30 09:22:27+05:30,3252.6,25,3248.37,37640,84452.0,82472.0,3250.0,3253.0,3240.2,3251.5,41203925,3576.6,2926.4,4322.95,2866.6,3251.6,256,4,3251.5,1103,8,3251.4,118,4,3251.3,96,2,3251.2,95,6,3252.8,220,4,3253.0,125,3,3253.1,32,1,3253.3,96,3,3253.4,28,1
11536,2025-12-30 09:22:29+05:30,3252.6,25,3248.37,37640,84452.0,82472.0,3250.0,3253.0,3240.2,3251.5,41230350,3576.6,2926.4,4322.95,2866.6,3251.6,256,4,3251.5,1103,8,3251.4,118,4,3251.3,96,2,3251.2,95,6,3252.8,220,4,3253.0,125,3,3253.1,32,1,3253.3,96,3,3253.4,28,1
11536,2025-12-30 09:22:30+05:30,3252.8,147,3248.37,37640,84452.0,82472.0,3250.0,3253.0,3240.2,3251.5,41230350,3576.6,2926.4,4322.95,2866.6,3251.6,256,4,3251.5,1103,8,3251.4,118,4,3251.3,96,2,3251.2,95,6,3252.8,220,4,3253.0,125,3,3253.1,32,1,3253.3,96,3,3253.4,28,1
11536,2025-12-30 09:22:31+05:30,3252.8,147,3248.37,37640,84452.0,82472.0,3250.0,3253.0,3240.2,3251.5,41230350,3576.6,2926.4,4322.95,2866.6,3251.6,256,4,3251.5,1103,8,3251.4,118,4,3251.3,96,2,3251.2,95,6,3252.8,220,4,3253.0,125,3,3253.1,32,1,3253.3,96,3,3253.4,28,1
11536,2025-12-30 09:22:34+05:30,3251.7,3,3248.39,37819,84470.0,83634.0,3250.0,3253.0,3240.2,3251.5,41230350,3576.6,2926.4,4322.95,2866.6,3251.7,12,1,3251.6,117,3,3251.5,1211,9,3251.4,64,4,3251.3,202,6,3252.5,1,1,3252.8,237,3,3253.0,126,4,3253.2,40,3,3253.3,50,1
11536,2025-12-30 09:22:37+05:30,3252.8,58,3248.39,37819,84470.0,83634.0,3250.0,3253.0,3240.2,3251.5,41230350,3576.6,2926.4,4322.95,2866.6,3251.7,12,1,3251.6,117,3,3251.5,1211,9,3251.4,64,4,3251.3,202,6,3252.5,1,1,3252.8,237,3,3253.0,126,4,3253.2,40,3,3253.3,50,1
11536,2025-12-30 09:22:42+05:30,3252.8,121,3248.42,38082,83979.0,81750.0,3250.0,3253.0,3240.2,3251.5,41230350,3576.6,2926.4,4322.95,2866.6,3251.8,216,3,3251.7,82,4,3251.6,176,5,3251.5,1225,10,3251.4,167,6,3253.0,126,4,3253.2,23,1,3253.3,50,1,3253.4,24,1,3253.5,102,2
11536,2025-12-30 09:22:43+05:30,3251.8,1,3248.42,38082,83979.0,81750.0,3250.0,3253.0,3240.2,3251.5,41230350,3576.6,2926.4,4322.95,2866.6,3251.8,216,3,3251.7,82,4,3251.6,176,5,3251.5,1225,10,3251.4,167,6,3253.0,126,4,3253.2,23,1,3253.3,50,1,3253.4,24,1,3253.5,102,2
11536,2025-12-30 09:22:48+05:30,3253.0,20,3248.42,38082,83979.0,81750.0,3250.0,3253.0,3240.2,3251.5,41230350,3576.6,2926.4,4322.95,2866.6,3251.8,216,3,3251.7,82,4,3251.6,176,5,3251.5,1225,10,3251.4,167,6,3253.0,126,4,3253.2,23,1,3253.3,50,1,3253.4,24,1,3253.5,102,2
11536,2025-12-30 09:22:49+05:30,3253.0,20,3248.43,38214,84500.0,82192.0,3250.0,3253.0,3240.2,3251.5,41230350,3576.6,2926.4,4322.95,2866.6,3251.9,80,2,3251.8,93,4,3251.7,76,4,3251.6,117,3,3251.5,1317,13,3253.0,211,5,3253.3,50,1,3253.5,102,2,3253.6,10,1,3253.7,49,2
11536,2025-12-30 09:22:54+05:30,3252.6,36,3248.43,38214,84500.0,82192.0,3250.0,3253.0,3240.2,3251.5,41230350,3576.6,2926.4,4322.95,2866.6,3251.9,80,2,3251.8,93,4,3251.7,76,4,3251.6,117,3,3251.5,1317,13,3253.0,211,5,3253.3,50,1,3253.5,102,2,3253.6,10,1,3253.7,49,2
11536,2025-12-30 09:22:56+05:30,3251.7,4,3248.46,38515,83741.0,85220.0,3250.0,3253.0,3240.2,3251.5,41230350,3576.6,2926.4,4322.95,2866.6,3251.7,17,3,3251.6,97,2,3251.5,1164,7,3251.4,31,2,3251.3,84,4,3252.6,7,1,3252.7,96,2,3252.8,20,1,3252.9,69,3,3253.0,225,5
11536,2025-12-30 09:22:59+05:30,3252.0,5,3248.46,38515,83741.0,85220.0,3250.0,3253.0,3240.2,3251.5,41230350,3576.6,2926.4,4322.95,2866.6,3251.7,17,3,3251.6,97,2,3251.5,1164,7,3251.4,31,2,3251.3,84,4,3252.6,7,1,3252.7,96,2,3252.8,20,1,3252.9,69,3,3253.0,225,5
11536,2025-12-30 09:23:03+05:30,3253.0,50,3248.47,38633,83506.0,85458.0,3250.0,3253.0,3240.2,3251.5,41230350,3576.6,2926.4,4322.95,2866.6,3252.0,35,1,3251.7,17,3,3251.6,97,2,3251.5,1167,8,3251.4,34,3,3252.6,11,1,3252.8,97,4,3252.9,21,1,3253.0,143,5,3253.1,87,5
11536,2025-12-30 09:23:04+05:30,3252.6,9,3248.47,38633,83506.0,85458.0,3250.0,3253.0,3240.2,3251.5,41230350,3576.6,2926.4,4322.95,2866.6,3252.0,35,1,3251.7,17,3,3251.6,97,2,3251.5,1167,8,3251.4,34,3,3252.6,11,1,3252.8,97,4,3252.9,21,1,3253.0,143,5,3253.1,87,5
11536,2025-12-30 09:23:09+05:30,3252.0,1,3248.47,38633,83506.0,85458.0,3250.0,3253.0,3240.2,3251.5,41230350,3576.6,2926.4,4322.95,2866.6,3252.0,35,1,3251.7,17,3,3251.6,97,2,3251.5,1167,8,3251.4,34,3,3252.6,11,1,3252.8,97,4,3252.9,21,1,3253.0,143,5,3253.1,87,5
11536,2025-12-30 09:23:10+05:30,3252.0,1,3248.49,38810,85711.0,83515.0,3250.0,3253.0,3240.2,3251.5,41230350,3576.6,2926.4,4322.95,2866.6,3252.0,1094,4,3251.7,63,4,3251.6,119,3,3251.5,1179,7,3251.4,88,5,3253.0,4,3,3253.1,1,1,3253.3,82,1,3253.4,58,2,3253.5,72,3
11536,2025-12-30 09:23:14+05:30,3252.0,10,3248.49,38810,85711.0,83515.0,3250.0,3253.0,3240.2,3251.5,41230350,3576.6,2926.4,4322.95,2866.6,3252.0,1094,4,3251.7,63,4,3251.6,119,3,3251.5,1179,7,3251.4,88,5,3253.0,4,3,3253.1,1,1,3253.3,82,1,3253.4,58,2,3253.5,72,3
11536,2025-12-30 09:23:18+05:30,3253.0,2,3248.5,38883,85953.0,84684.0,3250.0,3253.0,3240.2,3251.5,41230350,3576.6,2926.4,4322.95,2866.6,3252.1,26,1,3252.0,1368,5,3251.8,46,1,3251.7,137,7,3251.6,97,2,3253.0,100,2,3253.1,1,1,3253.4,58,2,3253.5,81,3,3253.6,15,1
11536,2025-12-30 09:23:19+05:30,3252.1,4,3248.5,38883,85953.0,84684.0,3250.0,3253.0,3240.2,3251.5,41230350,3576.6,2926.4,4322.95,2866.6,3252.1,26,1,3252.0,1368,5,3251.8,46,1,3251.7,137,7,3251.6,97,2,3253.0,100,2,3253.1,1,1,3253.4,58,2,3253.5,81,3,3253.6,15,1
11536,2025-12-30 09:23:24+05:30,3252.3,1,3248.5,38883,85953.0,84684.0,3250.0,3253.0,3240.2,3251.5,41230350,3576.6,2926.4,4322.95,2866.6,3252.1,26,1,3252.0,1368,5,3251.8,46,1,3251.7,137,7,3251.6,97,2,3253.0,100,2,3253.1,1,1,3253.4,58,2,3253.5,81,3,3253.6,15,1
11536,2025-12-30 09:23:25+05:30,3251.7,3,3248.62,40267,83057.0,87470.0,3250.0,3253.0,3240.2,3251.5,41230350,3576.6,2926.4,4322.95,2866.6,3251.7,14,3,3251.6,97,2,3251.5,1065,5,3251.4,31,2,3251.3,31,2,3252.7,11,1,3252.8,127,2,3252.9,74,2,3253.0,177,3,3253.1,89,6
11536,2025-12-30 09:23:29+05:30,3252.7,1,3248.62,40267,83057.0,87470.0,3250.0,3253.0,3240.2,3251.5,41230350,3576.6,2926.4,4322.95,2866.6,3251.7,14,3,3251.6,97,2,3251.5,1065,5,3251.4,31,2,3251.3,31,2,3252.7,11,1,3252.8,127,2,3252.9,74,2,3253.0,177,3,3253.1,89,6
11536,2025-12-30 09:23:32+05:30,3252.8,8,3248.63,40338,83384.0,88224.0,3250.0,3253.0,3240.2,3251.5,41230350,3576.6,2926.4,4322.95,2866.6,3251.7,13,2,3251.6,97,2,3251.5,1065,5,3251.4,31,2,3251.3,31,2,3252.0,40,2,3252.4,7,1,3252.6,140,3,3252.7,25,1,3252.8,79,2
11536,2025-12-30 09:23:35+05:30,3251.0,2,3248.63,40338,83384.0,88224.0,3250.0,3253.0,3240.2,3251.5,41230350,3576.6,2926.4,4322.95,2866.6,3251.7,13,2,3251.6,97,2,3251.5,1065,5,3251.4,31,2,3251.3,31,2,3252.0,40,2,3252.4,7,1,3252.6,140,3,3252.7,25,1,3252.8,79,2
11536,2025-12-30 09:23:39+05:30,3250.5,32,3248.78,42705,78468.0,93230.0,3250.0,3253.0,3240.2,3251.5,41230350,3576.6,2926.4,4322.95,2866.6,3250.5,26,1,3250.3,7,1,3250.0,754,10,3249.9,70,3,3249.6,3,1,3250.7,48,3,3250.8,3,1,3251.0,7,1,3251.1,45,2,3251.2,103,2
11536,2025-12-30 09:23:42+05:30,3250.5,14,3248.78,42705,78468.0,93230.0,3250.0,3253.0,3240.2,3251.5,41230350,3576.6,2926.4,4322.95,2866.6,3250.5,26,1,3250.3,7,1,3250.0,754,10,3249.9,70,3,3249.6,3,1,3250.7,48,3,3250.8,3,1,3251.0,7,1,3251.1,45,2,3251.2,103,2
11536,2025-12-30 09:23:46+05:30,3250.7,1,3248.78,42742,77166.0,92209.0,3250.0,3253.0,3240.2,3251.5,41230350,3576.6,2926.4,4322.95,2866.6,3250.5,26,1,3250.3,7,1,3250.0,754,10,3249.9,70,3,3249.8,22,2,3250.7,78,5,3251.2,14,1,3251.3,80,2,3251.4,105,3,3251.5,108,3
11536,2025-12-30 09:23:47+05:30,3250.7,1,3248.78,42742,77166.0,92209.0,3250.0,3253.0,3240.2,3251.5,41230350,3576.6,2926.4,4322.95,2866.6,3250.5,26,1,3250.3,7,1,3250.0,754,10,3249.9,70,3,3249.8,22,2,3250.7,78,5,3251.2,14,1,3251.3,80,2,3251.4,105,3,3251.5,108,3
11536,2025-12-30 09:23:53+05:30,3250.7,14,3248.79,42831,79074.0,87602.0,3250.0,3253.0,3240.2,3251.5,41230350,3576.6,2926.4,4322.95,2866.6,3250.6,14,1,3250.5,126,2,3250.4,84,2,3250.3,76,3,3250.2,76,3,3251.5,1,1,3251.9,3,1,3252.0,24,4,3252.1,74,4,3252.2,78,4
11536,2025-12-30 09:23:53+05:30,3250.7,14,3248.79,42831,79074.0,87602.0,3250.0,3253.0,3240.2,3251.5,41230350,3576.6,2926.4,4322.95,2866.6,3250.6,14,1,3250.5,126,2,3250.4,84,2,3250.3,76,3,3250.2,76,3,3251.5,1,1,3251.9,3,1,3252.0,24,4,3252.1,74,4,3252.2,78,4
11536,2025-12-30 09:23:59+05:30,3250.5,10,3248.79,42831,79074.0,87602.0,3250.0,3253.0,3240.2,3251.5,41230350,3576.6,2926.4,4322.95,2866.6,3250.6,14,1,3250.5,126,2,3250.4,84,2,3250.3,76,3,3250.2,76,3,3251.5,1,1,3251.9,3,1,3252.0,24,4,3252.1,74,4,3252.2,78,4
11536,2025-12-30 09:24:00+05:30,3251.4,1,3248.79,42842,78688.0,89613.0,3250.0,3253.0,3240.2,3251.5,41230350,3576.6,2926.4,4322.95,2866.6,3250.7,107,2,3250.5,116,2,3250.3,7,1,3250.2,3,1,3250.0,964,14,3251.4,34,3,3251.5,65,1,3251.6,64,2,3251.7,44,2,3251.8,25,2
11536,2025-12-30 09:24:05+05:30,3250.5,1,3248.79,42842,78688.0,89613.0,3250.0,3253.0,3240.2,3251.5,41230350,3576.6,2926.4,4322.95,2866.6,3250.7,107,2,3250.5,116,2,3250.3,7,1,3250.2,3,1,3250.0,964,14,3251.4,34,3,3251.5,65,1,3251.6,64,2,3251.7,44,2,3251.8,25,2
11536,2025-12-30 09:24:07+05:30,3250.5,19,3248.8,43144,77429.0,88987.0,3250.0,3253.0,3240.2,3251.5,41230350,3576.6,2926.4,4322.95,2866.6,3250.3,7,1,3250.2,3,1,3250.0,964,14,3249.9,70,3,3249.8,22,2,3251.1,3,1,3251.2,24,2,3251.3,1,1,3251.4,3,1,3251.5,172,1
11536,2025-12-30 09:24:12+05:30,3250.3,57,3248.8,43144,77429.0,88987.0,3250.0,3253.0,3240.2,3251.5,41230350,3576.6,2926.4,4322.95,2866.6,3250.3,7,1,3250.2,3,1,3250.0,964,14,3249.9,70,3,3249.8,22,2,3251.1,3,1,3251.2,24,2,3251.3,1,1,3251.4,3,1,3251.5,172,1
11536,2025-12-30 09:24:14+05:30,3250.0,7,3248.84,44397,73500.0,93312.0,3250.0,3253.0,3240.2,3251.5,41230350,3576.6,2926.4,4322.95,2866.6,3249.9,46,3,3249.8,22,2,3249.6,30,3,3249.5,12,2,3249.0,13,3,3250.0,3,1,3250.3,115,4,3250.5,35,3,3250.6,213,3,3250.7,116,4
11536,2025-12-30 09:24:18+05:30,3250.0,1,3248.84,44397,73500.0,93312.0,3250.0,3253.0,3240.2,3251.5,41230350,3576.6,2926.4,4322.95,2866.6,3249.9,46,3,3249.8,22,2,3249.6,30,3,3249.5,12,2,3249.0,13,3,3250.0,3,1,3250.3,115,4,3250.5,35,3,3250.6,213,3,3250.7,116,4
11536,2025-12-30 09:24:21+05:30,3249.9,3,3248.84,44592,74965.0,92016.0,3250.0,3253.0,3240.2,3251.5,41230350,3576.6,2926.4,4322.95,2866.6,3249.9,11,2,3249.8,22,2,3249.6,30,3,3249.5,12,2,3249.1,2,1,3250.5,63,6,3250.6,24,1,3250.7,27,2,3250.8,56,3,3250.9,118,6
11536,2025-12-30 09:24:23+05:30,3249.0,1,3248.84,44592,74965.0,92016.0,3250.0,3253.0,3240.2,3251.5,41230350,3576.6,2926.4,4322.95,2866.6,3249.9,11,2,3249.8,22,2,3249.6,30,3,3249.5,12,2,3249.1,2,1,3250.5,63,6,3250.6,24,1,3250.7,27,2,3250.8,56,3,3250.9,118,6
11536,2025-12-30 09:24:28+05:30,3249.0,2,3248.85,45130,73493.0,95200.0,3250.0,3253.0,3240.2,3251.5,41230350,3576.6,2926.4,4322.95,2866.6,3248.9,8,3,3248.8,4,1,3248.3,10,2,3248.1,31,2,3248.0,23,5,3249.0,63,3,3249.2,36,2,3249.3,69,3,3249.6,85,5,3249.7,63,2
11536,2025-12-30 09:24:28+05:30,3249.0,2,3248.85,45130,73493.0,95200.0,3250.0,3253.0,3240.2,3251.5,41230350,3576.6,2926.4,4322.95,2866.6,3248.9,8,3,3248.8,4,1,3248.3,10,2,3248.1,31,2,3248.0,23,5,3249.0,63,3,3249.2,36,2,3249.3,69,3,3249.6,85,5,3249.7,63,2
11536,2025-12-30 09:24:29+05:30,3249.0,10,3248.85,45130,73493.0,95200.0,3250.0,3253.0,3240.2,3251.5,41230350,3576.6,2926.4,4322.95,2866.6,3248.9,8,3,3248.8,4,1,3248.3,10,2,3248.1,31,2,3248.0,23,5,3249.0,63,3,3249.2,36,2,3249.3,69,3,3249.6,85,5,3249.7,63,2
11536,2025-12-30 09:24:29+05:30,3249.0,10,3248.85,45141,73615.0,95130.0,3250.0,3253.0,3240.2,3251.5,41230350,3576.6,2926.4,4322.95,2866.6,3248.9,8,3,3248.8,4,1,3248.3,10,2,3248.1,31,2,3248.0,23,5,3249.0,64,4,3249.2,36,2,3249.3,69,3,3249.6,85,5,3249.7,63,2
11536,2025-12-30 09:24:30+05:30,3248.8,4,3248.85,45141,73615.0,95130.0,3250.0,3253.0,3240.2,3251.5,41230350,3576.6,2926.4,4322.95,2866.6,3248.9,8,3,3248.8,4,1,3248.3,10,2,3248.1,31,2,3248.0,23,5,3249.0,64,4,3249.2,36,2,3249.3,69,3,3249.6,85,5,3249.7,63,2
11536,2025-12-30 09:24:30+05:30,3248.8,4,3248.85,45210,72640.0,95283.0,3250.0,3253.0,3240.2,3251.5,41230350,3576.6,2926.4,4322.95,2866.6,3248.3,10,2,3248.1,3,1,3248.0,23,5,3247.6,1,1,3247.4,26,1,3248.9,3,1,3249.0,71,4,3249.2,42,1,3249.3,21,1,3249.5,82,4
11536,2025-12-30 09:24:31+05:30,3248.9,1,3248.85,45210,72640.0,95283.0,3250.0,3253.0,3240.2,3251.5,41230350,3576.6,2926.4,4322.95,2866.6,3248.3,10,2,3248.1,3,1,3248.0,23,5,3247.6,1,1,3247.4,26,1,3248.9,3,1,3249.0,71,4,3249.2,42,1,3249.3,21,1,3249.5,82,4
11536,2025-12-30 09:24:31+05:30,3248.9,1,3248.85,45214,73047.0,94399.0,3250.0,3253.0,3240.2,3251.5,41230350,3576.6,2926.4,4322.95,2866.6,3248.3,10,2,3248.1,3,1,3248.0,23,5,3247.6,1,1,3247.4,26,1,3248.9,11,4,3249.0,70,4,3249.1,40,1,3249.2,17,1,3249.3,42,2
11536,2025-12-30 09:24:32+05:30,3248.9,1,3248.85,45214,73131.0,94101.0,3250.0,3253.0,3240.2,3251.5,41230350,3576.6,2926.4,4322.95,2866.6,3248.3,10,2,3248.1,3,1,3248.0,23,5,3247.6,1,1,3247.4,28,2,3248.7,3,1,3248.8,3,1,3248.9,28,2,3249.0,59,2,3249.1,40,1
11536,2025-12-30 09:24:33+05:30,3248.6,1,3248.85,45214,73131.0,94101.0,3250.0,3253.0,3240.2,3251.5,41230350,3576.6,2926.4,4322.95,2866.6,3248.3,10,2,3248.1,3,1,3248.0,23,5,3247.6,1,1,3247.4,28,2,3248.7,3,1,3248.8,3,1,3248.9,28,2,3249.0,59,2,3249.1,40,1
11536,2025-12-30 09:24:34+05:30,3248.6,1,3248.85,45215,73256.0,93940.0,3250.0,3253.0,3240.2,3251.5,41230350,3576.6,2926.4,4322.95,2866.6,3248.3,10,2,3248.1,3,1,3248.0,23,5,3247.6,1,1,3247.4,28,2,3248.5,3,1,3248.6,20,3,3248.8,10,1,3248.9,12,1,3249.0,81,3
11536,2025-12-30 09:24:35+05:30,3248.3,4,3248.85,45260,72728.0,94900.0,3250.0,3253.0,3240.2,3251.5,41230350,3576.6,2926.4,4322.95,2866.6,3248.3,6,2,3248.1,3,1,3248.0,23,5,3247.6,1,1,3247.4,2,1,3248.5,49,7,3248.6,24,3,3248.7,24,1,3248.8,35,2,3248.9,74,3
11536,2025-12-30 09:24:35+05:30,3248.3,4,3248.85,45260,72728.0,94900.0,3250.0,3253.0,3240.2,3251.5,41230350,3576.6,2926.4,4322.95,2866.6,3248.3,6,2,3248.1,3,1,3248.0,23,5,3247.6,1,1,3247.4,2,1,3248.5,49,7,3248.6,24,3,3248.7,24,1,3248.8,35,2,3248.9,74,3
11536,2025-12-30 09:24:36+05:30,3248.3,2,3248.85,45262,73086.0,95299.0,3250.0,3253.0,3240.2,3251.5,41230350,3576.6,2926.4,4322.95,2866.6,3248.3,4,2,3248.1,3,1,3248.0,23,5,3247.6,1,1,3247.4,2,1,3248.5,56,7,3248.6,24,3,3248.7,44,2,3248.8,72,3,3248.9,25,1
11536,2025-12-30 09:24:36+05:30,3248.3,2,3248.85,45262,73086.0,95299.0,3250.0,3253.0,3240.2,3251.5,41230350,3576.6,2926.4,4322.95,2866.6,3248.3,4,2,3248.1,3,1,3248.0,23,5,3247.6,1,1,3247.4,2,1,3248.5,56,7,3248.6,24,3,3248.7,44,2,3248.8,72,3,3248.9,25,1
11536,2025-12-30 09:24:37+05:30,3248.3,2,3248.85,45262,73295.0,93674.0,3250.0,3253.0,3240.2,3251.5,41230350,3576.6,2926.4,4322.95,2866.6,3248.3,53,3,3248.1,3,1,3248.0,23,5,3247.6,1,1,3247.4,2,1,3248.5,85,6,3248.6,3,2,3248.8,10,1,3248.9,29,2,3249.0,107,4
11536,2025-12-30 09:24:38+05:30,3248.5,45,3248.85,45336,77056.0,89131.0,3250.0,3253.0,3240.2,3251.5,41230350,3576.6,2926.4,4322.95,2866.6,3248.3,53,3,3248.2,41,2,3248.1,3,1,3248.0,51,6,3247.8,25,1,3249.0,39,1,3249.5,4,2,3249.6,33,2,3249.7,50,3,3249.8,22,1
11536,2025-12-30 09:24:38+05:30,3248.5,45,3248.85,45336,77056.0,89131.0,3250.0,3253.0,3240.2,3251.5,41230350,3576.6,2926.4,4322.95,2866.6,3248.3,53,3,3248.2,41,2,3248.1,3,1,3248.0,51,6,3247.8,25,1,3249.0,39,1,3249.5,4,2,3249.6,33,2,3249.7,50,3,3249.8,22,1
11536,2025-12-30 09:24:39+05:30,3248.5,45,3248.85,45336,76837.0,89447.0,3250.0,3253.0,3240.2,3251.5,41230350,3576.6,2926.4,4322.95,2866.6,3248.3,53,3,3248.1,3,1,3248.0,57,7,3247.7,73,2,3247.6,30,2,3249.0,70,2,3249.3,34,1,3249.4,13,1,3249.5,82,4,3249.6,131,5
11536,2025-12-30 09:24:40+05:30,3248.3,3,3248.85,45424,75459.0,89798.0,3250.0,3253.0,3240.2,3251.5,41230350,3576.6,2926.4,4322.95,2866.6,3248.3,3,1,3248.1,3,1,3248.0,29,6,3247.6,1,1,3247.4,27,2,3248.8,45,3,3248.9,22,3,3249.0,89,3,3249.1,42,2,3249.2,55,3
11536,2025-12-30 09:24:40+05:30,3248.3,3,3248.85,45424,75459.0,89798.0,3250.0,3253.0,3240.2,3251.5,41230350,3576.6,2926.4,4322.95,2866.6,3248.3,3,1,3248.1,3,1,3248.0,29,6,3247.6,1,1,3247.4,27,2,3248.8,45,3,3248.9,22,3,3249.0,89,3,3249.1,42,2,3249.2,55,3
11536,2025-12-30 09:24:41+05:30,3248.3,9,3248.85,45433,76304.0,90066.0,3250.0,3253.0,3240.2,3251.5,41230350,3576.6,2926.4,4322.95,2866.6,3248.3,26,2,3248.1,3,1,3248.0,29,6,3247.6,1,1,3247.4,73,3,3249.0,90,3,3249.1,33,1,3249.2,32,2,3249.3,90,4,3249.4,96,4
11536,2025-12-30 09:24:41+05:30,3248.3,9,3248.85,45433,76304.0,90066.0,3250.0,3253.0,3240.2,3251.5,41230350,3576.6,2926.4,4322.95,2866.6,3248.3,26,2,3248.1,3,1,3248.0,29,6,3247.6,1,1,3247.4,73,3,3249.0,90,3,3249.1,33,1,3249.2,32,2,3249.3,90,4,3249.4,96,4
11536,2025-12-30 09:24:42+05:30,3248.3,11,3248.85,45433,76304.0,90066.0,3250.0,3253.0,3240.2,3251.5,41230350,3576.6,2926.4,4322.95,2866.6,3248.3,26,2,3248.1,3,1,3248.0,29,6,3247.6,1,1,3247.4,73,3,3249.0,90,3,3249.1,33,1,3249.2,32,2,3249.3,90,4,3249.4,96,4
11536,2025-12-30 09:24:42+05:30,3248.3,11,3248.85,45470,78443.0,88539.0,3250.0,3253.0,3240.2,3251.5,41230350,3576.6,2926.4,4322.95,2866.6,3248.3,20,4,3248.2,33,1,3248.1,18,2,3248.0,29,6,3247.8,86,4,3249.0,70,2,3249.2,29,1,3249.3,30,1,3249.4,31,2,3249.5,33,3
11536,2025-12-30 09:24:43+05:30,3249.0,5,3248.85,45470,78443.0,88539.0,3250.0,3253.0,3240.2,3251.5,41230350,3576.6,2926.4,4322.95,2866.6,3248.3,20,4,3248.2,33,1,3248.1,18,2,3248.0,29,6,3247.8,86,4,3249.0,70,2,3249.2,29,1,3249.3,30,1,3249.4,31,2,3249.5,33,3
11536,2025-12-30 09:24:43+05:30,3249.0,5,3248.85,45476,76660.0,90422.0,3250.0,3253.0,3240.2,3251.5,41230350,3576.6,2926.4,4322.95,2866.6,3248.3,2,1,3248.1,3,1,3248.0,49,7,3247.6,1,1,3247.5,47,2,3249.0,65,2,3249.2,29,1,3249.3,144,4,3249.4,113,4,3249.5,161,6
11536,2025-12-30 09:24:44+05:30,3249.0,5,3248.85,45476,76995.0,90893.0,3250.0,3253.0,3240.2,3251.5,41230350,3576.6,2926.4,4322.95,2866.6,3248.3,2,1,3248.1,3,1,3248.0,49,7,3247.6,47,2,3247.5,47,2,3249.0,70,3,3249.1,17,1,3249.2,62,2,3249.3,30,1,3249.4,113,4
11536,2025-12-30 09:24:45+05:30,3247.7,8,3248.85,45476,76995.0,90893.0,3250.0,3253.0,3240.2,3251.5,41230350,3576.6,2926.4,4322.95,2866.6,3248.3,2,1,3248.1,3,1,3248.0,49,7,3247.6,47,2,3247.5,47,2,3249.0,70,3,3249.1,17,1,3249.2,62,2,3249.3,30,1,3249.4,113,4
11536,2025-12-30 09:24:45+05:30,3247.7,8,3248.84,45596,76552.0,91351.0,3250.0,3253.0,3240.2,3251.5,41230350,3576.6,2926.4,4322.95,2866.6,3247.7,29,3,3247.6,22,2,3247.5,55,3,3247.4,73,3,3247.3,214,4,3249.0,84,4,3249.1,13,1,3249.2,61,1,3249.3,61,1,3249.4,95,4
11536,2025-12-30 09:24:47+05:30,3247.7,8,3248.84,45596,76634.0,91337.0,3250.0,3253.0,3240.2,3251.5,41230350,3576.6,2926.4,4322.95,2866.6,3247.7,34,4,3247.6,22,2,3247.5,38,2,3247.4,73,3,3247.3,214,4,3249.0,84,4,3249.1,13,1,3249.2,61,1,3249.3,61,1,3249.4,95,4
11536,2025-12-30 09:24:48+05:30,3247.7,8,3248.84,45596,76631.0,90425.0,3250.0,3253.0,3240.2,3251.5,41230350,3576.6,2926.4,4322.95,2866.6,3247.7,55,6,3247.6,22,2,3247.5,21,1,3247.4,73,3,3247.3,260,5,3249.0,84,4,3249.1,13,1,3249.2,61,1,3249.3,61,1,3249.4,84,3
11536,2025-12-30 09:24:49+05:30,3248.3,2,3248.84,45598,77903.0,89808.0,3250.0,3253.0,3240.2,3251.5,41230350,3576.6,2926.4,4322.95,2866.6,3248.3,73,4,3248.2,6,1,3248.1,17,1,3248.0,64,3,3247.9,40,2,3249.0,119,5,3249.4,3,1,3249.5,3,1,3249.6,8,1,3249.7,31,2
11536,2025-12-30 09:24:49+05:30,3248.3,2,3248.84,45598,77903.0,89808.0,3250.0,3253.0,3240.2,3251.5,41230350,3576.6,2926.4,4322.95,2866.6,3248.3,73,4,3248.2,6,1,3248.1,17,1,3248.0,64,3,3247.9,40,2,3249.0,119,5,3249.4,3,1,3249.5,3,1,3249.6,8,1,3249.7,31,2
11536,2025-12-30 09:24:50+05:30,3248.3,2,3248.84,45598,78029.0,89965.0,3250.0,3253.0,3240.2,3251.5,41230350,3576.6,2926.4,4322.95,2866.6,3248.3,75,4,3248.1,12,1,3248.0,81,4,3247.9,40,2,3247.8,43,4,3249.0,117,5,3249.4,3,1,3249.5,3,1,3249.6,8,1,3249.7,31,2
11536,2025-12-30 09:24:51+05:30,3248.4,6,3248.84,45617,78690.0,89069.0,3250.0,3253.0,3240.2,3251.5,41230350,3576.6,2926.4,4322.95,2866.6,3248.4,91,5,3248.3,56,3,3248.2,18,1,3248.1,67,3,3248.0,64,3,3249.0,117,5,3249.4,3,1,3249.5,3,1,3249.6,8,1,3249.7,31,2
11536,2025-12-30 09:24:51+05:30,3248.4,6,3248.84,45617,78690.0,89069.0,3250.0,3253.0,3240.2,3251.5,41230350,3576.6,2926.4,4322.95,2866.6,3248.4,91,5,3248.3,56,3,3248.2,18,1,3248.1,67,3,3248.0,64,3,3249.0,117,5,3249.4,3,1,3249.5,3,1,3249.6,8,1,3249.7,31,2
11536,2025-12-30 09:24:52+05:30,3248.7,4,3248.85,45793,79913.0,87555.0,3250.0,3253.0,3240.2,3251.5,41230350,3576.6,2926.4,4322.95,2866.6,3248.7,89,5,3248.5,27,2,3248.4,48,3,3248.3,56,3,3248.2,18,1,3249.0,55,2,3249.9,171,2,3250.0,195,7,3250.1,3,1,3250.2,22,1
11536,2025-12-30 09:24:52+05:30,3248.7,4,3248.85,45793,79913.0,87555.0,3250.0,3253.0,3240.2,3251.5,41230350,3576.6,2926.4,4322.95,2866.6,3248.7,89,5,3248.5,27,2,3248.4,48,3,3248.3,56,3,3248.2,18,1,3249.0,55,2,3249.9,171,2,3250.0,195,7,3250.1,3,1,3250.2,22,1
11536,2025-12-30 09:24:53+05:30,3248.7,15,3248.85,45863,80082.0,87583.0,3250.0,3253.0,3240.2,3251.5,41230350,3576.6,2926.4,4322.95,2866.6,3248.7,65,4,3248.6,18,1,3248.5,48,3,3248.4,48,3,3248.3,56,3,3249.0,55,2,3249.9,3,1,3250.0,195,7,3250.1,3,1,3250.2,22,1
11536,2025-12-30 09:24:53+05:30,3248.7,15,3248.85,45863,80082.0,87583.0,3250.0,3253.0,3240.2,3251.5,41230350,3576.6,2926.4,4322.95,2866.6,3248.7,65,4,3248.6,18,1,3248.5,48,3,3248.4,48,3,3248.3,56,3,3249.0,55,2,3249.9,3,1,3250.0,195,7,3250.1,3,1,3250.2,22,1
11536,2025-12-30 09:24:54+05:30,3249.0,18,3248.85,45863,80082.0,87583.0,3250.0,3253.0,3240.2,3251.5,41230350,3576.6,2926.4,4322.95,2866.6,3248.7,65,4,3248.6,18,1,3248.5,48,3,3248.4,48,3,3248.3,56,3,3249.0,55,2,3249.9,3,1,3250.0,195,7,3250.1,3,1,3250.2,22,1
11536,2025-12-30 09:24:54+05:30,3249.0,18,3248.85,45881,80158.0,87665.0,3250.0,3253.0,3240.2,3251.5,41230350,3576.6,2926.4,4322.95,2866.6,3248.5,68,4,3248.4,17,1,3248.3,74,3,3248.1,122,5,3248.0,91,3,3249.0,82,3,3249.9,179,2,3250.0,195,7,3250.1,3,1,3250.2,47,2
11536,2025-12-30 09:24:55+05:30,3249.0,18,3248.85,45881,80051.0,87730.0,3250.0,3253.0,3240.2,3251.5,41230350,3576.6,2926.4,4322.95,2866.6,3248.5,69,4,3248.3,74,3,3248.1,122,5,3248.0,91,3,3247.9,109,4,3249.0,82,3,3249.9,3,1,3250.0,195,7,3250.1,3,1,3250.2,47,2
11536,2025-12-30 09:24:56+05:30,3248.5,2,3248.85,45881,80051.0,87730.0,3250.0,3253.0,3240.2,3251.5,41230350,3576.6,2926.4,4322.95,2866.6,3248.5,69,4,3248.3,74,3,3248.1,122,5,3248.0,91,3,3247.9,109,4,3249.0,82,3,3249.9,3,1,3250.0,195,7,3250.1,3,1,3250.2,47,2
11536,2025-12-30 09:24:56+05:30,3248.5,2,3248.85,45897,80183.0,87720.0,3250.0,3253.0,3240.2,3251.5,41230350,3576.6,2926.4,4322.95,2866.6,3248.5,26,2,3248.3,74,3,3248.2,29,1,3248.1,122,5,3248.0,91,3,3249.0,82,3,3249.9,158,2,3250.0,195,7,3250.1,49,2,3250.2,50,2
11536,2025-12-30 09:24:57+05:30,3248.5,2,3248.85,45897,80267.0,87734.0,3250.0,3253.0,3240.2,3251.5,41230350,3576.6,2926.4,4322.95,2866.6,3248.5,40,3,3248.3,74,3,3248.2,29,1,3248.1,122,5,3248.0,91,3,3249.0,96,4,3249.9,158,2,3250.0,195,7,3250.1,49,2,3250.2,50,2
11536,2025-12-30 09:24:58+05:30,3248.5,2,3248.85,45897,80265.0,87909.0,3250.0,3253.0,3240.2,3251.5,41230350,3576.6,2926.4,4322.95,2866.6,3248.5,40,3,3248.3,74,3,3248.2,29,1,3248.1,122,5,3248.0,91,3,3249.0,96,4,3249.9,158,2,3250.0,195,7,3250.1,49,2,3250.2,50,2
11536,2025-12-30 09:25:00+05:30,3248.2,21,3248.84,45931,76016.0,90658.0,3250.0,3253.0,3240.2,3251.5,41230350,3576.6,2926.4,4322.95,2866.6,3247.7,15,2,3247.6,22,2,3247.5,24,1,3247.4,2,1,3247.3,26,1,3248.7,43,2,3248.8,34,1,3249.0,96,4,3249.1,173,2,3249.2,83,2
11536,2025-12-30 09:25:00+05:30,3247.7,2,3248.84,45931,76016.0,90658.0,3250.0,3253.0,3240.2,3251.5,41230350,3576.6,2926.4,4322.95,2866.6,3247.7,15,2,3247.6,22,2,3247.5,24,1,3247.4,2,1,3247.3,26,1,3248.7,43,2,3248.8,34,1,3249.0,96,4,3249.1,173,2,3249.2,83,2
11536,2025-12-30 09:25:01+05:30,3247.7,2,3248.84,45933,76833.0,90387.0,3250.0,3253.0,3240.2,3251.5,41230350,3576.6,2926.4,4322.95,2866.6,3247.7,36,4,3247.6,52,4,3247.5,43,2,3247.4,72,4,3247.3,26,1,3248.7,16,2,3248.9,35,3,3249.0,77,2,3249.2,174,3,3249.3,62,4
11536,2025-12-30 09:25:02+05:30,3248.7,4,3248.84,45937,76361.0,90753.0,3250.0,3253.0,3240.2,3251.5,41230350,3576.6,2926.4,4322.95,2866.6,3247.7,27,3,3247.6,40,3,3247.5,21,1,3247.4,51,3,3247.3,26,1,3248.7,16,2,3248.9,57,4,3249.0,77,2,3249.1,34,1,3249.2,174,3
11536,2025-12-30 09:25:02+05:30,3247.7,2,3248.84,45937,76361.0,90753.0,3250.0,3253.0,3240.2,3251.5,41230350,3576.6,2926.4,4322.95,2866.6,3247.7,27,3,3247.6,40,3,3247.5,21,1,3247.4,51,3,3247.3,26,1,3248.7,16,2,3248.9,57,4,3249.0,77,2,3249.1,34,1,3249.2,174,3
11536,2025-12-30 09:25:03+05:30,3247.7,2,3248.84,45943,76323.0,91253.0,3250.0,3253.0,3240.2,3251.5,41230350,3576.6,2926.4,4322.95,2866.6,3247.7,13,2,3247.6,1,1,3247.4,28,2,3247.3,26,1,3247.2,68,3,3248.6,22,1,3248.7,50,3,3248.8,92,3,3248.9,106,4,3249.0,160,4
11536,2025-12-30 09:25:03+05:30,3248.6,1,3248.84,45943,76323.0,91253.0,3250.0,3253.0,3240.2,3251.5,41230350,3576.6,2926.4,4322.95,2866.6,3247.7,13,2,3247.6,1,1,3247.4,28,2,3247.3,26,1,3247.2,68,3,3248.6,22,1,3248.7,50,3,3248.8,92,3,3248.9,106,4,3249.0,160,4
11536,2025-12-30 09:25:04+05:30,3248.6,1,3248.84,45944,76395.0,90897.0,3250.0,3253.0,3240.2,3251.5,41230350,3576.6,2926.4,4322.95,2866.6,3247.7,18,3,3247.6,1,1,3247.4,28,2,3247.3,26,1,3247.2,68,3,3248.6,21,1,3248.7,50,3,3248.9,64,2,3249.0,77,2,3249.1,46,1
11536,2025-12-30 09:25:05+05:30,3248.6,1,3248.84,45944,76395.0,90897.0,3250.0,3253.0,3240.2,3251.5,41230350,3576.6,2926.4,4322.95,2866.6,3247.7,18,3,3247.6,1,1,3247.4,28,2,3247.3,26,1,3247.2,68,3,3248.6,21,1,3248.7,50,3,3248.9,64,2,3249.0,77,2,3249.1,46,1
11536,2025-12-30 09:25:05+05:30,3248.6,1,3248.84,45965,76973.0,90888.0,3250.0,3253.0,3240.2,3251.5,41230350,3576.6,2926.4,4322.95,2866.6,3247.7,3,1,3247.6,18,2,3247.4,2,1,3247.3,26,1,3247.2,64,3,3248.6,32,2,3248.7,38,2,3248.9,130,4,3249.0,32,1,3249.1,46,1
11536,2025-12-30 09:25:06+05:30,3248.6,1,3248.84,45965,77577.0,90651.0,3250.0,3253.0,3240.2,3251.5,41230350,3576.6,2926.4,4322.95,2866.6,3248.0,5,1,3247.7,21,2,3247.6,39,3,3247.4,161,2,3247.3,120,4,3248.6,12,1,3248.7,4,1,3248.9,22,1,3249.0,32,1,3249.1,21,1
11536,2025-12-30 09:25:07+05:30,3248.6,1,3248.84,45965,77577.0,90651.0,3250.0,3253.0,3240.2,3251.5,41230350,3576.6,2926.4,4322.95,2866.6,3248.0,5,1,3247.7,21,2,3247.6,39,3,3247.4,161,2,3247.3,120,4,3248.6,12,1,3248.7,4,1,3248.9,22,1,3249.0,32,1,3249.1,21,1
11536,2025-12-30 09:25:07+05:30,3248.6,1,3248.84,45966,78365.0,90709.0,3250.0,3253.0,3240.2,3251.5,41230350,3576.6,2926.4,4322.95,2866.6,3248.1,4,1,3248.0,7,2,3247.7,21,2,3247.6,79,4,3247.4,230,4,3248.6,11,1,3248.7,4,1,3248.9,22,1,3249.0,32,1,3249.2,11,1
11536,2025-12-30 09:25:08+05:30,3248.5,3,3248.84,45969,78056.0,90898.0,3250.0,3253.0,3240.2,3251.5,41230350,3576.6,2926.4,4322.95,2866.6,3248.0,7,2,3247.7,3,1,3247.6,1,1,3247.4,230,5,3247.3,23,1,3248.5,97,1,3248.6,25,2,3248.7,4,1,3248.8,22,1,3249.0,32,1
11536,2025-12-30 09:25:09+05:30,3248.5,3,3248.84,45969,78056.0,90898.0,3250.0,3253.0,3240.2,3251.5,41230350,3576.6,2926.4,4322.95,2866.6,3248.0,7,2,3247.7,3,1,3247.6,1,1,3247.4,230,5,3247.3,23,1,3248.5,97,1,3248.6,25,2,3248.7,4,1,3248.8,22,1,3249.0,32,1
11536,2025-12-30 09:25:09+05:30,3248.0,1,3248.84,45970,79081.0,89639.0,3250.0,3253.0,3240.2,3251.5,41230350,3576.6,2926.4,4322.95,2866.6,3248.0,73,4,3247.7,3,1,3247.6,54,3,3247.5,251,5,3247.4,94,6,3248.5,108,2,3248.6,14,1,3248.7,4,1,3249.0,32,1,3249.3,49,3
11536,2025-12-30 09:25:10+05:30,3248.5,2,3248.84,45970,79081.0,89639.0,3250.0,3253.0,3240.2,3251.5,41230350,3576.6,2926.4,4322.95,2866.6,3248.0,73,4,3247.7,3,1,3247.6,54,3,3247.5,251,5,3247.4,94,6,3248.5,108,2,3248.6,14,1,3248.7,4,1,3249.0,32,1,3249.3,49,3
11536,2025-12-30 09:25:11+05:30,3248.5,2,3248.84,45972,78430.0,89955.0,3250.0,3253.0,3240.2,3251.5,41230350,3576.6,2926.4,4322.95,2866.6,3248.0,59,3,3247.8,12,1,3247.7,3,1,3247.6,22,2,3247.5,212,3,3248.5,208,4,3248.7,4,1,3249.0,32,1,3249.1,33,2,3249.2,34,1
11536,2025-12-30 09:25:12+05:30,3248.0,7,3248.84,45985,74864.0,92485.0,3250.0,3253.0,3240.2,3251.5,41230350,3576.6,2926.4,4322.95,2866.6,3248.0,46,1,3247.7,3,1,3247.6,1,1,3247.4,3,2,3247.2,42,2,3248.4,14,1,3248.5,232,6,3248.7,25,2,3248.8,23,1,3248.9,142,5
11536,2025-12-30 09:25:12+05:30,3248.0,7,3248.84,45985,74864.0,92485.0,3250.0,3253.0,3240.2,3251.5,41230350,3576.6,2926.4,4322.95,2866.6,3248.0,46,1,3247.7,3,1,3247.6,1,1,3247.4,3,2,3247.2,42,2,3248.4,14,1,3248.5,232,6,3248.7,25,2,3248.8,23,1,3248.9,142,5
11536,2025-12-30 09:25:13+05:30,3248.0,7,3248.84,45985,77575.0,91550.0,3250.0,3253.0,3240.2,3251.5,41230350,3576.6,2926.4,4322.95,2866.6,3248.0,46,1,3247.7,29,3,3247.6,35,2,3247.4,48,2,3247.2,88,3,3248.4,4,1,3248.5,208,4,3248.7,20,1,3248.9,25,1,3249.0,56,4
11536,2025-12-30 09:25:14+05:30,3248.0,7,3248.84,45985,77575.0,91550.0,3250.0,3253.0,3240.2,3251.5,41230350,3576.6,2926.4,4322.95,2866.6,3248.0,46,1,3247.7,29,3,3247.6,35,2,3247.4,48,2,3247.2,88,3,3248.4,4,1,3248.5,208,4,3248.7,20,1,3248.9,25,1,3249.0,56,4
11536,2025-12-30 09:25:14+05:30,3248.0,5,3248.84,46009,77325.0,91692.0,3250.0,3253.0,3240.2,3251.5,41230350,3576.6,2926.4,4322.95,2866.6,3248.0,22,1,3247.7,16,2,3247.6,35,2,3247.4,48,2,3247.3,13,1,3248.4,16,2,3248.5,200,3,3248.6,20,1,3248.7,20,1,3248.9,25,1
11536,2025-12-30 09:25:14+05:30,3248.0,5,3248.84,46009,77325.0,91692.0,3250.0,3253.0,3240.2,3251.5,41230350,3576.6,2926.4,4322.95,2866.6,3248.0,22,1,3247.7,16,2,3247.6,35,2,3247.4,48,2,3247.3,13,1,3248.4,16,2,3248.5,200,3,3248.6,20,1,3248.7,20,1,3248.9,25,1
11536,2025-12-30 09:25:15+05:30,3248.0,5,3248.84,46009,77325.0,91692.0,3250.0,3253.0,3240.2,3251.5,41230350,3576.6,2926.4,4322.95,2866.6,3248.0,22,1,3247.7,16,2,3247.6,35,2,3247.4,48,2,3247.3,13,1,3248.4,16,2,3248.5,200,3,3248.6,20,1,3248.7,20,1,3248.9,25,1
11536,2025-12-30 09:25:15+05:30,3248.0,22,3248.84,46031,75487.0,92529.0,3250.0,3253.0,3240.2,3251.5,41230350,3576.6,2926.4,4322.95,2866.6,3247.7,3,1,3247.6,1,1,3247.4,2,1,3247.2,21,1,3247.1,46,2,3248.3,58,3,3248.4,48,4,3248.5,203,3,3248.6,20,1,3248.7,63,4
11536,2025-12-30 09:25:15+05:30,3248.0,22,3248.84,46031,75487.0,92529.0,3250.0,3253.0,3240.2,3251.5,41230350,3576.6,2926.4,4322.95,2866.6,3247.7,3,1,3247.6,1,1,3247.4,2,1,3247.2,21,1,3247.1,46,2,3248.3,58,3,3248.4,48,4,3248.5,203,3,3248.6,20,1,3248.7,63,4
11536,2025-12-30 09:25:16+05:30,3248.0,22,3248.84,46031,75487.0,92529.0,3250.0,3253.0,3240.2,3251.5,41230350,3576.6,2926.4,4322.95,2866.6,3247.7,3,1,3247.6,1,1,3247.4,2,1,3247.2,21,1,3247.1,46,2,3248.3,58,3,3248.4,48,4,3248.5,203,3,3248.6,20,1,3248.7,63,4
11536,2025-12-30 09:25:16+05:30,3248.0,22,3248.84,46031,75476.0,92791.0,3250.0,3253.0,3240.2,3251.5,41230350,3576.6,2926.4,4322.95,2866.6,3247.7,3,1,3247.6,1,1,3247.4,2,1,3247.1,25,1,3247.0,209,5,3248.2,20,2,3248.3,47,2,3248.4,36,3,3248.5,203,3,3248.6,63,3
11536,2025-12-30 09:25:16+05:30,3248.0,22,3248.84,46031,75476.0,92791.0,3250.0,3253.0,3240.2,3251.5,41230350,3576.6,2926.4,4322.95,2866.6,3247.7,3,1,3247.6,1,1,3247.4,2,1,3247.1,25,1,3247.0,209,5,3248.2,20,2,3248.3,47,2,3248.4,36,3,3248.5,203,3,3248.6,63,3
11536,2025-12-30 09:25:17+05:30,3248.0,22,3248.84,46031,75476.0,92791.0,3250.0,3253.0,3240.2,3251.5,41230350,3576.6,2926.4,4322.95,2866.6,3247.7,3,1,3247.6,1,1,3247.4,2,1,3247.1,25,1,3247.0,209,5,3248.2,20,2,3248.3,47,2,3248.4,36,3,3248.5,203,3,3248.6,63,3
11536,2025-12-30 09:25:17+05:30,3248.0,22,3248.84,46031,75483.0,92782.0,3250.0,3253.0,3240.2,3251.5,41230350,3576.6,2926.4,4322.95,2866.6,3247.7,3,1,3247.6,3,2,3247.5,9,1,3247.4,15,2,3247.1,25,1,3248.2,13,1,3248.3,47,2,3248.4,42,3,3248.5,203,3,3248.6,23,2
11536,2025-12-30 09:25:18+05:30,3248.0,22,3248.84,46031,75483.0,92782.0,3250.0,3253.0,3240.2,3251.5,41230350,3576.6,2926.4,4322.95,2866.6,3247.7,3,1,3247.6,3,2,3247.5,9,1,3247.4,15,2,3247.1,25,1,3248.2,13,1,3248.3,47,2,3248.4,42,3,3248.5,203,3,3248.6,23,2
11536,2025-12-30 09:25:18+05:30,3248.0,22,3248.84,46031,75483.0,92766.0,3250.0,3253.0,3240.2,3251.5,41230350,3576.6,2926.4,4322.95,2866.6,3247.7,3,1,3247.6,3,2,3247.5,9,1,3247.4,15,2,3247.1,71,2,3248.2,13,1,3248.3,64,3,3248.4,22,2,3248.5,203,3,3248.6,23,2
11536,2025-12-30 09:25:19+05:30,3248.0,22,3248.84,46031,75483.0,92766.0,3250.0,3253.0,3240.2,3251.5,41230350,3576.6,2926.4,4322.95,2866.6,3247.7,3,1,3247.6,3,2,3247.5,9,1,3247.4,15,2,3247.1,71,2,3248.2,13,1,3248.3,64,3,3248.4,22,2,3248.5,203,3,3248.6,23,2
11536,2025-12-30 09:25:19+05:30,3248.2,10,3248.84,46031,75483.0,92766.0,3250.0,3253.0,3240.2,3251.5,41230350,3576.6,2926.4,4322.95,2866.6,3247.7,3,1,3247.6,3,2,3247.5,9,1,3247.4,15,2,3247.1,71,2,3248.2,13,1,3248.3,64,3,3248.4,22,2,3248.5,203,3,3248.6,23,2
11536,2025-12-30 09:25:19+05:30,3248.2,10,3248.84,46041,74956.0,92499.0,3250.0,3253.0,3240.2,3251.5,41230350,3576.6,2926.4,4322.95,2866.6,3247.7,3,1,3247.6,3,2,3247.5,9,1,3247.4,2,1,3247.2,16,1,3248.2,3,1,3248.3,64,3,3248.4,22,2,3248.5,203,3,3248.6,23,2
11536,2025-12-30 09:25:19+05:30,3248.2,10,3248.84,46041,74956.0,92499.0,3250.0,3253.0,3240.2,3251.5,41230350,3576.6,2926.4,4322.95,2866.6,3247.7,3,1,3247.6,3,2,3247.5,9,1,3247.4,2,1,3247.2,16,1,3248.2,3,1,3248.3,64,3,3248.4,22,2,3248.5,203,3,3248.6,23,2
11536,2025-12-30 09:25:20+05:30,3248.2,10,3248.84,46041,74956.0,92499.0,3250.0,3253.0,3240.2,3251.5,41230350,3576.6,2926.4,4322.95,2866.6,3247.7,3,1,3247.6,3,2,3247.5,9,1,3247.4,2,1,3247.2,16,1,3248.2,3,1,3248.3,64,3,3248.4,22,2,3248.5,203,3,3248.6,23,2
11536,2025-12-30 09:25:20+05:30,3248.2,10,3248.84,46041,74948.0,92528.0,3250.0,3253.0,3240.2,3251.5,41230350,3576.6,2926.4,4322.95,2866.6,3247.7,3,1,3247.6,3,2,3247.5,9,1,3247.4,2,1,3247.2,16,1,3248.2,12,1,3248.3,52,2,3248.4,35,3,3248.5,203,3,3248.6,23,2
11536,2025-12-30 09:25:20+05:30,3248.2,10,3248.84,46041,74948.0,92528.0,3250.0,3253.0,3240.2,3251.5,41230350,3576.6,2926.4,4322.95,2866.6,3247.7,3,1,3247.6,3,2,3247.5,9,1,3247.4,2,1,3247.2,16,1,3248.2,12,1,3248.3,52,2,3248.4,35,3,3248.5,203,3,3248.6,23,2
11536,2025-12-30 09:25:21+05:30,3248.2,10,3248.84,46041,74948.0,92528.0,3250.0,3253.0,3240.2,3251.5,41230350,3576.6,2926.4,4322.95,2866.6,3247.7,3,1,3247.6,3,2,3247.5,9,1,3247.4,2,1,3247.2,16,1,3248.2,12,1,3248.3,52,2,3248.4,35,3,3248.5,203,3,3248.6,23,2
11536,2025-12-30 09:25:21+05:30,3248.2,10,3248.84,46041,75060.0,92257.0,3250.0,3253.0,3240.2,3251.5,41230350,3576.6,2926.4,4322.95,2866.6,3248.0,1,1,3247.7,3,1,3247.6,3,2,3247.5,9,1,3247.4,2,1,3248.2,79,5,3248.4,22,2,3248.5,115,2,3248.6,23,2,3248.7,101,5
11536,2025-12-30 09:25:22+05:30,3248.2,10,3248.84,46041,75060.0,92257.0,3250.0,3253.0,3240.2,3251.5,41230350,3576.6,2926.4,4322.95,2866.6,3248.0,1,1,3247.7,3,1,3247.6,3,2,3247.5,9,1,3247.4,2,1,3248.2,79,5,3248.4,22,2,3248.5,115,2,3248.6,23,2,3248.7,101,5
11536,2025-12-30 09:25:22+05:30,3248.2,10,3248.84,46041,76299.0,91908.0,3250.0,3253.0,3240.2,3251.5,41230350,3576.6,2926.4,4322.95,2866.6,3248.0,151,2,3247.9,5,1,3247.7,3,1,3247.6,13,3,3247.5,9,1,3248.2,91,3,3248.4,4,1,3248.5,95,1,3248.7,23,2,3248.8,58,2
11536,2025-12-30 09:25:24+05:30,3248.0,13,3248.84,46055,75820.0,92020.0,3250.0,3253.0,3240.2,3251.5,41230350,3576.6,2926.4,4322.95,2866.6,3248.0,137,1,3247.7,3,1,3247.6,3,2,3247.5,9,1,3247.4,2,1,3248.2,91,3,3248.4,4,1,3248.5,115,2,3248.6,10,1,3248.7,23,2
11536,2025-12-30 09:25:24+05:30,3248.0,13,3248.84,46055,75820.0,92020.0,3250.0,3253.0,3240.2,3251.5,41230350,3576.6,2926.4,4322.95,2866.6,3248.0,137,1,3247.7,3,1,3247.6,3,2,3247.5,9,1,3247.4,2,1,3248.2,91,3,3248.4,4,1,3248.5,115,2,3248.6,10,1,3248.7,23,2
11536,2025-12-30 09:25:24+05:30,3248.0,13,3248.84,46055,75820.0,92020.0,3250.0,3253.0,3240.2,3251.5,41230350,3576.6,2926.4,4322.95,2866.6,3248.0,137,1,3247.7,3,1,3247.6,3,2,3247.5,9,1,3247.4,2,1,3248.2,91,3,3248.4,4,1,3248.5,115,2,3248.6,10,1,3248.7,23,2
11536,2025-12-30 09:25:25+05:30,3248.0,13,3248.84,46055,76009.0,92140.0,3250.0,3253.0,3240.2,3251.5,41230350,3576.6,2926.4,4322.95,2866.6,3248.0,137,1,3247.7,3,1,3247.6,3,2,3247.5,9,1,3247.4,2,1,3248.2,77,3,3248.3,17,1,3248.4,4,1,3248.5,105,2,3248.6,70,1
11536,2025-12-30 09:25:25+05:30,3248.0,13,3248.84,46055,76009.0,92140.0,3250.0,3253.0,3240.2,3251.5,41230350,3576.6,2926.4,4322.95,2866.6,3248.0,137,1,3247.7,3,1,3247.6,3,2,3247.5,9,1,3247.4,2,1,3248.2,77,3,3248.3,17,1,3248.4,4,1,3248.5,105,2,3248.6,70,1
11536,2025-12-30 09:25:26+05:30,3248.0,13,3248.84,46055,76047.0,92137.0,3250.0,3253.0,3240.2,3251.5,41230350,3576.6,2926.4,4322.95,2866.6,3248.0,137,1,3247.7,3,1,3247.6,3,2,3247.5,9,1,3247.4,2,1,3248.2,77,3,3248.3,17,1,3248.4,4,1,3248.5,105,2,3248.6,70,1
11536,2025-12-30 09:25:27+05:30,3248.0,13,3248.84,46055,76031.0,92445.0,3250.0,3253.0,3240.2,3251.5,41230350,3576.6,2926.4,4322.95,2866.6,3248.0,137,1,3247.7,3,1,3247.6,3,2,3247.5,9,1,3247.4,2,1,3248.2,277,4,3248.4,4,1,3248.5,95,1,3248.6,100,3,3248.7,23,2
11536,2025-12-30 09:25:27+05:30,3248.0,13,3248.84,46055,76031.0,92445.0,3250.0,3253.0,3240.2,3251.5,41230350,3576.6,2926.4,4322.95,2866.6,3248.0,137,1,3247.7,3,1,3247.6,3,2,3247.5,9,1,3247.4,2,1,3248.2,277,4,3248.4,4,1,3248.5,95,1,3248.6,100,3,3248.7,23,2
11536,2025-12-30 09:25:28+05:30,3248.0,13,3248.84,46055,76047.0,92259.0,3250.0,3253.0,3240.2,3251.5,41230350,3576.6,2926.4,4322.95,2866.6,3248.0,137,1,3247.7,3,1,3247.6,3,2,3247.5,9,1,3247.4,2,1,3248.2,277,4,3248.3,23,2,3248.4,4,1,3248.5,95,1,3248.6,70,1
11536,2025-12-30 09:25:28+05:30,3248.0,13,3248.84,46055,76047.0,92259.0,3250.0,3253.0,3240.2,3251.5,41230350,3576.6,2926.4,4322.95,2866.6,3248.0,137,1,3247.7,3,1,3247.6,3,2,3247.5,9,1,3247.4,2,1,3248.2,277,4,3248.3,23,2,3248.4,4,1,3248.5,95,1,3248.6,70,1
11536,2025-12-30 09:25:29+05:30,3248.2,1,3248.84,46056,77722.0,91669.0,3250.0,3253.0,3240.2,3251.5,41230350,3576.6,2926.4,4322.95,2866.6,3248.0,137,1,3247.7,3,1,3247.6,3,2,3247.5,31,2,3247.4,81,4,3248.2,276,4,3248.3,6,1,3248.4,4,1,3248.5,95,1,3248.6,70,1
11536,2025-12-30 09:25:30+05:30,3248.2,1,3248.84,46056,77722.0,91669.0,3250.0,3253.0,3240.2,3251.5,41245050,3576.6,2926.4,4322.95,2866.6,3248.0,137,1,3247.7,3,1,3247.6,3,2,3247.5,31,2,3247.4,81,4,3248.2,276,4,3248.3,6,1,3248.4,4,1,3248.5,95,1,3248.6,70,1
11536,2025-12-30 09:25:30+05:30,3248.2,1,3248.84,46056,77722.0,91669.0,3250.0,3253.0,3240.2,3251.5,41245050,3576.6,2926.4,4322.95,2866.6,3248.0,137,1,3247.7,3,1,3247.6,3,2,3247.5,31,2,3247.4,81,4,3248.2,276,4,3248.3,6,1,3248.4,4,1,3248.5,95,1,3248.6,70,1
11536,2025-12-30 09:25:30+05:30,3248.2,1,3248.84,46056,78159.0,91180.0,3250.0,3253.0,3240.2,3251.5,41245050,3576.6,2926.4,4322.95,2866.6,3248.0,137,1,3247.7,36,4,3247.6,6,3,3247.5,49,2,3247.4,58,3,3248.2,276,4,3248.3,6,1,3248.4,4,1,3248.5,95,1,3248.6,70,1
11536,2025-12-30 09:25:32+05:30,3248.2,1,3248.84,46056,78188.0,91293.0,3250.0,3253.0,3240.2,3251.5,41245050,3576.6,2926.4,4322.95,2866.6,3248.0,156,3,3247.7,26,4,3247.6,3,2,3247.5,72,3,3247.4,58,3,3248.2,276,4,3248.3,6,1,3248.4,4,1,3248.5,95,1,3248.6,70,1
11536,2025-12-30 09:25:32+05:30,3248.2,1,3248.84,46056,78188.0,91293.0,3250.0,3253.0,3240.2,3251.5,41245050,3576.6,2926.4,4322.95,2866.6,3248.0,156,3,3247.7,26,4,3247.6,3,2,3247.5,72,3,3247.4,58,3,3248.2,276,4,3248.3,6,1,3248.4,4,1,3248.5,95,1,3248.6,70,1
11536,2025-12-30 09:25:32+05:30,3248.0,6,3248.84,46056,78188.0,91293.0,3250.0,3253.0,3240.2,3251.5,41245050,3576.6,2926.4,4322.95,2866.6,3248.0,156,3,3247.7,26,4,3247.6,3,2,3247.5,72,3,3247.4,58,3,3248.2,276,4,3248.3,6,1,3248.4,4,1,3248.5,95,1,3248.6,70,1
11536,2025-12-30 09:25:33+05:30,3248.0,1,3248.84,46065,77747.0,91746.0,3250.0,3253.0,3240.2,3251.5,41245050,3576.6,2926.4,4322.95,2866.6,3248.0,143,3,3247.8,12,1,3247.7,6,2,3247.6,3,2,3247.5,56,3,3248.2,399,6,3248.4,4,1,3248.5,95,1,3248.6,70,1,3249.0,40,3
11536,2025-12-30 09:25:33+05:30,3248.0,1,3248.84,46065,77747.0,91746.0,3250.0,3253.0,3240.2,3251.5,41245050,3576.6,2926.4,4322.95,2866.6,3248.0,143,3,3247.8,12,1,3247.7,6,2,3247.6,3,2,3247.5,56,3,3248.2,399,6,3248.4,4,1,3248.5,95,1,3248.6,70,1,3249.0,40,3
11536,2025-12-30 09:25:34+05:30,3248.4,39,3248.84,46503,80586.0,88981.0,3250.0,3253.0,3240.2,3251.5,41245050,3576.6,2926.4,4322.95,2866.6,3248.3,11,2,3248.2,55,2,3248.1,32,3,3248.0,166,5,3247.9,54,2,3248.5,95,1,3248.6,70,1,3249.0,37,2,3249.5,3,1,3249.6,16,2
11536,2025-12-30 09:25:34+05:30,3248.4,39,3248.84,46503,80586.0,88981.0,3250.0,3253.0,3240.2,3251.5,41245050,3576.6,2926.4,4322.95,2866.6,3248.3,11,2,3248.2,55,2,3248.1,32,3,3248.0,166,5,3247.9,54,2,3248.5,95,1,3248.6,70,1,3249.0,37,2,3249.5,3,1,3249.6,16,2
11536,2025-12-30 09:25:35+05:30,3248.5,4,3248.84,46507,79824.0,89536.0,3250.0,3253.0,3240.2,3251.5,41245050,3576.6,2926.4,4322.95,2866.6,3248.2,4,2,3248.1,1,1,3248.0,202,6,3247.9,69,3,3247.7,29,3,3248.5,91,1,3248.6,70,1,3249.0,37,2,3249.5,3,1,3249.6,88,3
11536,2025-12-30 09:25:35+05:30,3248.5,4,3248.84,46507,79824.0,89536.0,3250.0,3253.0,3240.2,3251.5,41245050,3576.6,2926.4,4322.95,2866.6,3248.2,4,2,3248.1,1,1,3248.0,202,6,3247.9,69,3,3247.7,29,3,3248.5,91,1,3248.6,70,1,3249.0,37,2,3249.5,3,1,3249.6,88,3
11536,2025-12-30 09:25:36+05:30,3248.2,2,3248.84,46517,78757.0,89614.0,3250.0,3253.0,3240.2,3251.5,41245050,3576.6,2926.4,4322.95,2866.6,3248.1,1,1,3248.0,208,6,3247.9,10,1,3247.8,22,1,3247.7,6,2,3248.5,91,1,3248.6,70,1,3249.0,37,2,3249.2,30,2,3249.3,58,3
11536,2025-12-30 09:25:36+05:30,3248.2,2,3248.84,46517,78757.0,89614.0,3250.0,3253.0,3240.2,3251.5,41245050,3576.6,2926.4,4322.95,2866.6,3248.1,1,1,3248.0,208,6,3247.9,10,1,3247.8,22,1,3247.7,6,2,3248.5,91,1,3248.6,70,1,3249.0,37,2,3249.2,30,2,3249.3,58,3
11536,2025-12-30 09:25:37+05:30,3248.2,2,3248.84,46517,79963.0,90366.0,3250.0,3253.0,3240.2,3251.5,41245050,3576.6,2926.4,4322.95,2866.6,3248.1,36,5,3248.0,237,6,3247.9,28,2,3247.8,111,4,3247.7,3,1,3248.5,165,2,3248.6,70,1,3249.0,37,2,3249.2,27,1,3249.3,55,2
11536,2025-12-30 09:25:38+05:30,3248.6,70,3248.83,46752,81621.0,88917.0,3250.0,3253.0,3240.2,3251.5,41245050,3576.6,2926.4,4322.95,2866.6,3248.7,43,5,3248.6,46,2,3248.5,23,2,3248.4,61,3,3248.3,125,4,3249.0,37,2,3250.0,158,8,3250.1,34,2,3250.2,71,2,3250.4,82,3
11536,2025-12-30 09:25:38+05:30,3248.6,70,3248.83,46752,81621.0,88917.0,3250.0,3253.0,3240.2,3251.5,41245050,3576.6,2926.4,4322.95,2866.6,3248.7,43,5,3248.6,46,2,3248.5,23,2,3248.4,61,3,3248.3,125,4,3249.0,37,2,3250.0,158,8,3250.1,34,2,3250.2,71,2,3250.4,82,3
11536,2025-12-30 09:25:39+05:30,3249.0,29,3248.84,47089,80771.0,89351.0,3250.0,3253.0,3240.2,3251.5,41245050,3576.6,2926.4,4322.95,2866.6,3249.0,11,3,3248.9,4,1,3248.8,3,1,3248.5,22,1,3248.4,198,3,3249.8,97,6,3249.9,16,1,3250.0,489,9,3250.1,21,1,3250.2,44,3
11536,2025-12-30 09:25:39+05:30,3249.0,29,3248.84,47089,80771.0,89351.0,3250.0,3253.0,3240.2,3251.5,41245050,3576.6,2926.4,4322.95,2866.6,3249.0,11,3,3248.9,4,1,3248.8,3,1,3248.5,22,1,3248.4,198,3,3249.8,97,6,3249.9,16,1,3250.0,489,9,3250.1,21,1,3250.2,44,3
11536,2025-12-30 09:25:40+05:30,3249.0,37,3248.84,47131,80739.0,88411.0,3250.0,3253.0,3240.2,3251.5,41245050,3576.6,2926.4,4322.95,2866.6,3249.0,10,2,3248.9,4,1,3248.5,22,1,3248.4,198,3,3248.3,105,5,3249.8,97,6,3249.9,16,1,3250.0,443,8,3250.1,63,2,3250.2,44,3
11536,2025-12-30 09:25:40+05:30,3249.0,37,3248.84,47131,80739.0,88411.0,3250.0,3253.0,3240.2,3251.5,41245050,3576.6,2926.4,4322.95,2866.6,3249.0,10,2,3248.9,4,1,3248.5,22,1,3248.4,198,3,3248.3,105,5,3249.8,97,6,3249.9,16,1,3250.0,443,8,3250.1,63,2,3250.2,44,3
11536,2025-12-30 09:25:41+05:30,3249.8,1,3248.84,47132,80910.0,88400.0,3250.0,3253.0,3240.2,3251.5,41245050,3576.6,2926.4,4322.95,2866.6,3249.0,10,2,3248.9,4,1,3248.5,22,1,3248.4,198,3,3248.3,105,5,3249.8,142,4,3249.9,16,1,3250.0,443,8,3250.1,63,2,3250.2,67,4
11536,2025-12-30 09:25:41+05:30,3249.8,1,3248.84,47132,80910.0,88400.0,3250.0,3253.0,3240.2,3251.5,41245050,3576.6,2926.4,4322.95,2866.6,3249.0,10,2,3248.9,4,1,3248.5,22,1,3248.4,198,3,3248.3,105,5,3249.8,142,4,3249.9,16,1,3250.0,443,8,3250.1,63,2,3250.2,67,4
11536,2025-12-30 09:25:42+05:30,3248.4,5,3248.84,47182,81847.0,88644.0,3250.0,3253.0,3240.2,3251.5,41245050,3576.6,2926.4,4322.95,2866.6,3248.5,22,2,3248.4,28,2,3248.3,49,4,3248.2,217,5,3248.1,83,5,3249.7,10,1,3249.8,142,4,3249.9,37,2,3250.0,443,8,3250.1,63,2
11536,2025-12-30 09:25:42+05:30,3248.4,5,3248.84,47182,81847.0,88644.0,3250.0,3253.0,3240.2,3251.5,41245050,3576.6,2926.4,4322.95,2866.6,3248.5,22,2,3248.4,28,2,3248.3,49,4,3248.2,217,5,3248.1,83,5,3249.7,10,1,3249.8,142,4,3249.9,37,2,3250.0,443,8,3250.1,63,2
11536,2025-12-30 09:25:43+05:30,3248.5,1,3248.84,47183,82139.0,88576.0,3250.0,3253.0,3240.2,3251.5,41245050,3576.6,2926.4,4322.95,2866.6,3248.5,84,5,3248.4,28,2,3248.3,69,5,3248.2,217,5,3248.1,129,6,3249.8,88,2,3250.0,443,8,3250.1,89,3,3250.2,46,3,3250.3,52,2
11536,2025-12-30 09:25:43+05:30,3248.5,1,3248.84,47183,82139.0,88576.0,3250.0,3253.0,3240.2,3251.5,41245050,3576.6,2926.4,4322.95,2866.6,3248.5,84,5,3248.4,28,2,3248.3,69,5,3248.2,217,5,3248.1,129,6,3249.8,88,2,3250.0,443,8,3250.1,89,3,3250.2,46,3,3250.3,52,2
11536,2025-12-30 09:25:44+05:30,3248.5,1,3248.84,47183,81984.0,88624.0,3250.0,3253.0,3240.2,3251.5,41245050,3576.6,2926.4,4322.95,2866.6,3248.5,81,4,3248.4,28,2,3248.3,69,5,3248.2,220,6,3248.1,129,6,3249.8,88,2,3250.0,443,8,3250.1,89,3,3250.2,67,4,3250.3,52,2
11536,2025-12-30 09:25:45+05:30,3249.7,1,3248.84,47185,82138.0,88301.0,3250.0,3253.0,3240.2,3251.5,41245050,3576.6,2926.4,4322.95,2866.6,3248.6,34,3,3248.5,81,4,3248.4,4,1,3248.3,196,4,3248.2,70,7,3249.8,105,3,3250.0,443,8,3250.1,71,3,3250.2,23,2,3250.3,62,3
11536,2025-12-30 09:25:45+05:30,3249.7,1,3248.84,47185,82138.0,88301.0,3250.0,3253.0,3240.2,3251.5,41245050,3576.6,2926.4,4322.95,2866.6,3248.6,34,3,3248.5,81,4,3248.4,4,1,3248.3,196,4,3248.2,70,7,3249.8,105,3,3250.0,443,8,3250.1,71,3,3250.2,23,2,3250.3,62,3
11536,2025-12-30 09:25:46+05:30,3248.6,3,3248.84,47188,80427.0,90366.0,3250.0,3253.0,3240.2,3251.5,41245050,3576.6,2926.4,4322.95,2866.6,3248.6,55,3,3248.5,2,1,3248.4,23,2,3248.3,2,1,3248.2,17,4,3249.7,60,4,3249.8,199,5,3249.9,18,1,3250.0,473,10,3250.1,92,4
11536,2025-12-30 09:25:46+05:30,3248.6,3,3248.84,47188,80427.0,90366.0,3250.0,3253.0,3240.2,3251.5,41245050,3576.6,2926.4,4322.95,2866.6,3248.6,55,3,3248.5,2,1,3248.4,23,2,3248.3,2,1,3248.2,17,4,3249.7,60,4,3249.8,199,5,3249.9,18,1,3250.0,473,10,3250.1,92,4
11536,2025-12-30 09:25:47+05:30,3248.6,3,3248.84,47188,81358.0,90132.0,3250.0,3253.0,3240.2,3251.5,41245050,3576.6,2926.4,4322.95,2866.6,3248.6,55,3,3248.5,2,1,3248.4,23,2,3248.3,2,1,3248.2,51,5,3249.7,75,5,3249.8,139,3,3249.9,18,1,3250.0,493,11,3250.1,75,3
11536,2025-12-30 09:25:48+05:30,3248.6,3,3248.84,47188,81418.0,90132.0,3250.0,3253.0,3240.2,3251.5,41245050,3576.6,2926.4,4322.95,2866.6,3248.6,55,3,3248.5,2,1,3248.4,23,2,3248.3,2,1,3248.2,51,5,3249.7,75,5,3249.8,139,3,3249.9,18,1,3250.0,493,11,3250.1,75,3
11536,2025-12-30 09:25:49+05:30,3248.6,3,3248.84,47188,81403.0,90114.0,3250.0,3253.0,3240.2,3251.5,41245050,3576.6,2926.4,4322.95,2866.6,3248.6,55,3,3248.5,2,1,3248.4,23,2,3248.3,2,1,3248.2,17,4,3249.7,131,7,3249.8,95,2,3249.9,18,1,3250.0,493,11,3250.1,75,3
11536,2025-12-30 09:25:50+05:30,3249.7,1,3248.84,47190,81415.0,90138.0,3250.0,3253.0,3240.2,3251.5,41245050,3576.6,2926.4,4322.95,2866.6,3248.6,56,4,3248.5,2,1,3248.4,23,2,3248.3,2,1,3248.2,51,5,3249.7,100,5,3249.8,120,3,3249.9,18,1,3250.0,493,11,3250.1,75,3
11536,2025-12-30 09:25:50+05:30,3249.7,1,3248.84,47190,81415.0,90138.0,3250.0,3253.0,3240.2,3251.5,41245050,3576.6,2926.4,4322.95,2866.6,3248.6,56,4,3248.5,2,1,3248.4,23,2,3248.3,2,1,3248.2,51,5,3249.7,100,5,3249.8,120,3,3249.9,18,1,3250.0,493,11,3250.1,75,3
11536,2025-12-30 09:25:51+05:30,3249.7,1,3248.84,47190,81435.0,90138.0,3250.0,3253.0,3240.2,3251.5,41245050,3576.6,2926.4,4322.95,2866.6,3248.6,56,4,3248.5,2,1,3248.4,4,1,3248.3,2,1,3248.2,17,4,3249.6,34,2,3249.7,106,6,3249.8,141,3,3249.9,49,4,3250.0,493,11
11536,2025-12-30 09:25:51+05:30,3248.6,10,3248.84,47190,81435.0,90138.0,3250.0,3253.0,3240.2,3251.5,41245050,3576.6,2926.4,4322.95,2866.6,3248.6,56,4,3248.5,2,1,3248.4,4,1,3248.3,2,1,3248.2,17,4,3249.6,34,2,3249.7,106,6,3249.8,141,3,3249.9,49,4,3250.0,493,11
11536,2025-12-30 09:25:52+05:30,3249.6,4,3248.84,47240,81391.0,89968.0,3250.0,3253.0,3240.2,3251.5,41245050,3576.6,2926.4,4322.95,2866.6,3248.6,45,4,3248.5,2,1,3248.4,4,1,3248.3,2,1,3248.2,53,5,3249.5,43,1,3249.6,46,3,3249.7,25,2,3249.8,16,1,3249.9,70,4
11536,2025-12-30 09:25:52+05:30,3249.6,4,3248.84,47240,81391.0,89968.0,3250.0,3253.0,3240.2,3251.5,41245050,3576.6,2926.4,4322.95,2866.6,3248.6,45,4,3248.5,2,1,3248.4,4,1,3248.3,2,1,3248.2,53,5,3249.5,43,1,3249.6,46,3,3249.7,25,2,3249.8,16,1,3249.9,70,4
11536,2025-12-30 09:25:53+05:30,3249.5,1,3248.84,47241,81466.0,89955.0,3250.0,3253.0,3240.2,3251.5,41245050,3576.6,2926.4,4322.95,2866.6,3248.6,55,5,3248.5,2,1,3248.4,4,1,3248.3,2,1,3248.2,53,5,3249.5,42,1,3249.6,46,3,3249.7,13,1,3249.8,16,1,3249.9,42,3
11536,2025-12-30 09:25:53+05:30,3249.5,1,3248.84,47241,81466.0,89955.0,3250.0,3253.0,3240.2,3251.5,41245050,3576.6,2926.4,4322.95,2866.6,3248.6,55,5,3248.5,2,1,3248.4,4,1,3248.3,2,1,3248.2,53,5,3249.5,42,1,3249.6,46,3,3249.7,13,1,3249.8,16,1,3249.9,42,3
11536,2025-12-30 09:25:54+05:30,3249.5,1,3248.84,47241,82420.0,88835.0,3250.0,3253.0,3240.2,3251.5,41245050,3576.6,2926.4,4322.95,2866.6,3248.6,79,7,3248.5,2,1,3248.4,177,3,3248.3,109,4,3248.2,209,12,3249.5,10,1,3250.0,446,9,3250.1,49,2,3250.2,25,2,3250.3,36,1
11536,2025-12-30 09:25:55+05:30,3249.5,1,3248.84,47241,82420.0,88835.0,3250.0,3253.0,3240.2,3251.5,41245050,3576.6,2926.4,4322.95,2866.6,3248.6,79,7,3248.5,2,1,3248.4,177,3,3248.3,109,4,3248.2,209,12,3249.5,10,1,3250.0,446,9,3250.1,49,2,3250.2,25,2,3250.3,36,1
11536,2025-12-30 09:25:55+05:30,3249.5,1,3248.84,47244,80273.0,90324.0,3250.0,3253.0,3240.2,3251.5,41245050,3576.6,2926.4,4322.95,2866.6,3248.6,55,5,3248.5,2,1,3248.4,4,1,3248.3,2,1,3248.2,18,5,3249.4,14,1,3249.5,25,2,3249.8,25,1,3249.9,145,6,3250.0,536,12
11536,2025-12-30 09:25:56+05:30,3249.5,1,3248.84,47244,82230.0,89558.0,3250.0,3253.0,3240.2,3251.5,41245050,3576.6,2926.4,4322.95,2866.6,3249.4,1,1,3248.6,55,5,3248.5,2,1,3248.4,50,2,3248.3,191,3,3249.5,7,1,3249.7,43,2,3249.8,40,1,3249.9,19,1,3250.0,467,10
11536,2025-12-30 09:25:57+05:30,3249.4,50,3248.84,47295,78690.0,89966.0,3250.0,3253.0,3240.2,3251.5,41245050,3576.6,2926.4,4322.95,2866.6,3248.6,25,5,3248.5,2,1,3248.4,4,1,3248.3,2,1,3248.2,17,4,3249.4,102,5,3249.5,45,4,3249.6,34,2,3249.7,20,1,3249.8,64,2
11536,2025-12-30 09:25:58+05:30,3249.4,50,3248.84,47295,78690.0,89966.0,3250.0,3253.0,3240.2,3251.5,41245050,3576.6,2926.4,4322.95,2866.6,3248.6,25,5,3248.5,2,1,3248.4,4,1,3248.3,2,1,3248.2,17,4,3249.4,102,5,3249.5,45,4,3249.6,34,2,3249.7,20,1,3249.8,64,2
11536,2025-12-30 09:25:59+05:30,3248.6,2,3248.84,47303,79046.0,90121.0,3250.0,3253.0,3240.2,3251.5,41245050,3576.6,2926.4,4322.95,2866.6,3248.6,23,5,3248.5,2,1,3248.4,4,1,3248.3,2,1,3248.2,17,4,3249.4,105,5,3249.5,67,2,3249.6,35,2,3249.7,20,1,3249.8,64,2
11536,2025-12-30 09:25:59+05:30,3248.6,2,3248.84,47303,79046.0,90121.0,3250.0,3253.0,3240.2,3251.5,41245050,3576.6,2926.4,4322.95,2866.6,3248.6,23,5,3248.5,2,1,3248.4,4,1,3248.3,2,1,3248.2,17,4,3249.4,105,5,3249.5,67,2,3249.6,35,2,3249.7,20,1,3249.8,64,2
11536,2025-12-30 09:26:00+05:30,3248.6,2,3248.84,47303,80111.0,90379.0,3250.0,3253.0,3240.2,3251.5,41245050,3576.6,2926.4,4322.95,2866.6,3249.0,20,1,3248.6,19,4,3248.5,2,1,3248.4,4,1,3248.3,2,1,3249.4,175,5,3249.5,67,2,3249.6,35,2,3249.7,20,1,3249.8,85,3
11536,2025-12-30 09:26:00+05:30,3248.7,3,3248.84,47303,80111.0,90379.0,3250.0,3253.0,3240.2,3251.5,41245050,3576.6,2926.4,4322.95,2866.6,3249.0,20,1,3248.6,19,4,3248.5,2,1,3248.4,4,1,3248.3,2,1,3249.4,175,5,3249.5,67,2,3249.6,35,2,3249.7,20,1,3249.8,85,3
11536,2025-12-30 09:26:01+05:30,3248.7,3,3248.84,47541,80450.0,89614.0,3250.0,3253.0,3240.2,3251.5,41245050,3576.6,2926.4,4322.95,2866.6,3248.6,23,5,3248.5,2,1,3248.4,4,1,3248.3,2,1,3248.2,18,5,3249.5,36,1,3249.9,73,2,3250.0,443,8,3250.1,59,3,3250.2,108,6
11536,2025-12-30 09:26:01+05:30,3249.5,5,3248.84,47541,80450.0,89614.0,3250.0,3253.0,3240.2,3251.5,41245050,3576.6,2926.4,4322.95,2866.6,3248.6,23,5,3248.5,2,1,3248.4,4,1,3248.3,2,1,3248.2,18,5,3249.5,36,1,3249.9,73,2,3250.0,443,8,3250.1,59,3,3250.2,108,6
11536,2025-12-30 09:26:02+05:30,3249.5,5,3248.84,47546,79646.0,90084.0,3250.0,3253.0,3240.2,3251.5,41245050,3576.6,2926.4,4322.95,2866.6,3249.0,1,1,3248.6,19,4,3248.5,2,1,3248.4,4,1,3248.3,7,2,3249.4,50,4,3249.5,40,2,3249.7,58,2,3249.8,19,1,3249.9,152,5
11536,2025-12-30 09:26:03+05:30,3249.5,5,3248.84,47546,79661.0,90485.0,3250.0,3253.0,3240.2,3251.5,41245050,3576.6,2926.4,4322.95,2866.6,3249.0,1,1,3248.6,19,4,3248.5,2,1,3248.4,4,1,3248.3,7,2,3249.4,50,4,3249.5,40,2,3249.6,39,1,3249.7,19,1,3249.8,19,1
11536,2025-12-30 09:26:04+05:30,3249.5,5,3248.84,47546,80979.0,89877.0,3250.0,3253.0,3240.2,3251.5,41245050,3576.6,2926.4,4322.95,2866.6,3249.0,31,2,3248.6,19,4,3248.5,22,2,3248.4,4,1,3248.3,45,3,3249.4,40,1,3249.5,49,2,3249.9,83,3,3250.0,464,9,3250.1,70,3
11536,2025-12-30 09:26:05+05:30,3249.4,1,3248.84,47547,80573.0,89436.0,3250.0,3253.0,3240.2,3251.5,41245050,3576.6,2926.4,4322.95,2866.6,3249.0,31,2,3248.6,19,4,3248.5,2,1,3248.4,4,1,3248.3,7,2,3249.4,39,1,3249.5,49,2,3249.9,37,2,3250.0,508,10,3250.1,3,1
11536,2025-12-30 09:26:05+05:30,3249.4,1,3248.84,47547,80573.0,89436.0,3250.0,3253.0,3240.2,3251.5,41245050,3576.6,2926.4,4322.95,2866.6,3249.0,31,2,3248.6,19,4,3248.5,2,1,3248.4,4,1,3248.3,7,2,3249.4,39,1,3249.5,49,2,3249.9,37,2,3250.0,508,10,3250.1,3,1
11536,2025-12-30 09:26:06+05:30,3249.5,10,3248.84,47596,81302.0,89547.0,3250.0,3253.0,3240.2,3251.5,41245050,3576.6,2926.4,4322.95,2866.6,3249.0,31,2,3248.6,19,4,3248.5,18,2,3248.4,181,3,3248.3,211,5,3249.5,21,1,3249.6,21,1,3249.9,4,1,3250.0,443,8,3250.2,44,3
11536,2025-12-30 09:26:06+05:30,3249.5,10,3248.84,47596,81302.0,89547.0,3250.0,3253.0,3240.2,3251.5,41245050,3576.6,2926.4,4322.95,2866.6,3249.0,31,2,3248.6,19,4,3248.5,18,2,3248.4,181,3,3248.3,211,5,3249.5,21,1,3249.6,21,1,3249.9,4,1,3250.0,443,8,3250.2,44,3
11536,2025-12-30 09:26:07+05:30,3249.5,1,3248.84,47597,81321.0,89506.0,3250.0,3253.0,3240.2,3251.5,41245050,3576.6,2926.4,4322.95,2866.6,3249.0,35,3,3248.6,39,5,3248.5,2,1,3248.4,7,2,3248.3,73,4,3249.5,20,1,3250.0,487,9,3250.2,24,2,3250.3,47,2,3250.4,57,3
11536,2025-12-30 09:26:07+05:30,3249.5,1,3248.84,47597,81321.0,89506.0,3250.0,3253.0,3240.2,3251.5,41245050,3576.6,2926.4,4322.95,2866.6,3249.0,35,3,3248.6,39,5,3248.5,2,1,3248.4,7,2,3248.3,73,4,3249.5,20,1,3250.0,487,9,3250.2,24,2,3250.3,47,2,3250.4,57,3
11536,2025-12-30 09:26:08+05:30,3249.5,1,3248.84,47598,82501.0,89208.0,3250.0,3253.0,3240.2,3251.5,41245050,3576.6,2926.4,4322.95,2866.6,3249.0,35,3,3248.9,12,1,3248.8,20,1,3248.7,11,1,3248.6,44,5,3249.5,19,1,3250.0,443,8,3250.2,24,2,3250.3,47,2,3250.4,36,2
11536,2025-12-30 09:26:08+05:30,3249.5,1,3248.84,47598,82501.0,89208.0,3250.0,3253.0,3240.2,3251.5,41245050,3576.6,2926.4,4322.95,2866.6,3249.0,35,3,3248.9,12,1,3248.8,20,1,3248.7,11,1,3248.6,44,5,3249.5,19,1,3250.0,443,8,3250.2,24,2,3250.3,47,2,3250.4,36,2
11536,2025-12-30 09:26:09+05:30,3249.0,2,3248.84,47601,82574.0,89243.0,3250.0,3253.0,3240.2,3251.5,41245050,3576.6,2926.4,4322.95,2866.6,3249.0,73,5,3248.9,16,1,3248.8,57,2,3248.7,33,2,3248.6,44,5,3249.5,19,1,3250.0,543,9,3250.2,24,2,3250.3,47,2,3250.4,36,2
11536,2025-12-30 09:26:09+05:30,3249.0,2,3248.84,47601,82574.0,89243.0,3250.0,3253.0,3240.2,3251.5,41245050,3576.6,2926.4,4322.95,2866.6,3249.0,73,5,3248.9,16,1,3248.8,57,2,3248.7,33,2,3248.6,44,5,3249.5,19,1,3250.0,543,9,3250.2,24,2,3250.3,47,2,3250.4,36,2
11536,2025-12-30 09:26:10+05:30,3249.0,2,3248.84,47601,82896.0,89530.0,3250.0,3253.0,3240.2,3251.5,41245050,3576.6,2926.4,4322.95,2866.6,3249.4,5,2,3249.0,49,3,3248.8,38,1,3248.7,11,1,3248.6,47,6,3249.5,33,2,3250.0,543,9,3250.3,47,2,3250.4,57,3,3250.5,50,3
11536,2025-12-30 09:26:11+05:30,3249.5,18,3248.84,47631,81848.0,90235.0,3250.0,3253.0,3240.2,3251.5,41245050,3576.6,2926.4,4322.95,2866.6,3249.0,26,3,3248.6,47,6,3248.5,22,3,3248.4,47,4,3248.3,204,4,3249.5,15,2,3250.0,607,11,3250.1,56,2,3250.2,23,1,3250.3,54,3
11536,2025-12-30 09:26:11+05:30,3249.5,18,3248.84,47631,81848.0,90235.0,3250.0,3253.0,3240.2,3251.5,41245050,3576.6,2926.4,4322.95,2866.6,3249.0,26,3,3248.6,47,6,3248.5,22,3,3248.4,47,4,3248.3,204,4,3249.5,15,2,3250.0,607,11,3250.1,56,2,3250.2,23,1,3250.3,54,3
11536,2025-12-30 09:26:12+05:30,3249.0,2,3248.84,47707,79280.0,91572.0,3250.0,3253.0,3240.2,3251.5,41245050,3576.6,2926.4,4322.95,2866.6,3248.6,10,2,3248.5,2,1,3248.4,4,1,3248.3,7,2,3248.2,17,4,3249.0,72,1,3249.4,72,4,3249.5,51,4,3249.6,55,2,3249.7,70,3
11536,2025-12-30 09:26:12+05:30,3249.0,2,3248.84,47707,79280.0,91572.0,3250.0,3253.0,3240.2,3251.5,41245050,3576.6,2926.4,4322.95,2866.6,3248.6,10,2,3248.5,2,1,3248.4,4,1,3248.3,7,2,3248.2,17,4,3249.0,72,1,3249.4,72,4,3249.5,51,4,3249.6,55,2,3249.7,70,3
11536,2025-12-30 09:26:13+05:30,3248.6,2,3248.84,47723,79633.0,92495.0,3250.0,3253.0,3240.2,3251.5,41245050,3576.6,2926.4,4322.95,2866.6,3248.6,1,1,3248.5,2,1,3248.4,4,1,3248.3,7,2,3248.2,17,4,3249.0,108,4,3249.1,15,1,3249.2,43,3,3249.3,102,4,3249.4,52,3
11536,2025-12-30 09:26:13+05:30,3248.6,2,3248.84,47723,79633.0,92495.0,3250.0,3253.0,3240.2,3251.5,41245050,3576.6,2926.4,4322.95,2866.6,3248.6,1,1,3248.5,2,1,3248.4,4,1,3248.3,7,2,3248.2,17,4,3249.0,108,4,3249.1,15,1,3249.2,43,3,3249.3,102,4,3249.4,52,3
11536,2025-12-30 09:26:14+05:30,3248.9,3,3248.84,47726,78569.0,92625.0,3250.0,3253.0,3240.2,3251.5,41245050,3576.6,2926.4,4322.95,2866.6,3248.6,1,1,3248.5,2,1,3248.4,4,1,3248.3,7,2,3248.2,12,3,3248.9,8,1,3249.0,145,6,3249.1,15,1,3249.2,63,3,3249.3,64,3
11536,2025-12-30 09:26:14+05:30,3248.9,3,3248.84,47726,78569.0,92625.0,3250.0,3253.0,3240.2,3251.5,41245050,3576.6,2926.4,4322.95,2866.6,3248.6,1,1,3248.5,2,1,3248.4,4,1,3248.3,7,2,3248.2,12,3,3248.9,8,1,3249.0,145,6,3249.1,15,1,3249.2,63,3,3249.3,64,3
11536,2025-12-30 09:26:15+05:30,3248.6,4,3248.84,47731,79721.0,90639.0,3250.0,3253.0,3240.2,3251.5,41245050,3576.6,2926.4,4322.95,2866.6,3248.6,6,1,3248.5,2,1,3248.4,4,1,3248.3,7,2,3248.2,12,3,3248.9,14,1,3249.0,106,3,3249.2,19,1,3249.3,41,2,3249.4,6,2
11536,2025-12-30 09:26:15+05:30,3248.6,4,3248.84,47731,79721.0,90639.0,3250.0,3253.0,3240.2,3251.5,41245050,3576.6,2926.4,4322.95,2866.6,3248.6,6,1,3248.5,2,1,3248.4,4,1,3248.3,7,2,3248.2,12,3,3248.9,14,1,3249.0,106,3,3249.2,19,1,3249.3,41,2,3249.4,6,2
11536,2025-12-30 09:26:16+05:30,3248.6,1,3248.84,47732,79431.0,91709.0,3250.0,3253.0,3240.2,3251.5,41245050,3576.6,2926.4,4322.95,2866.6,3248.6,5,1,3248.5,2,1,3248.4,4,1,3248.3,7,2,3248.2,12,3,3248.9,14,1,3249.0,121,4,3249.1,19,1,3249.2,19,1,3249.3,41,2
11536,2025-12-30 09:26:16+05:30,3248.6,1,3248.84,47732,79431.0,91709.0,3250.0,3253.0,3240.2,3251.5,41245050,3576.6,2926.4,4322.95,2866.6,3248.6,5,1,3248.5,2,1,3248.4,4,1,3248.3,7,2,3248.2,12,3,3248.9,14,1,3249.0,121,4,3249.1,19,1,3249.2,19,1,3249.3,41,2
11536,2025-12-30 09:26:17+05:30,3248.6,1,3248.84,47733,79329.0,92150.0,3250.0,3253.0,3240.2,3251.5,41245050,3576.6,2926.4,4322.95,2866.6,3248.6,4,1,3248.5,2,1,3248.4,4,1,3248.3,7,2,3248.2,12,3,3248.9,14,1,3249.0,121,4,3249.1,29,2,3249.2,57,2,3249.3,63,3
11536,2025-12-30 09:26:17+05:30,3248.6,1,3248.84,47733,79329.0,92150.0,3250.0,3253.0,3240.2,3251.5,41245050,3576.6,2926.4,4322.95,2866.6,3248.6,4,1,3248.5,2,1,3248.4,4,1,3248.3,7,2,3248.2,12,3,3248.9,14,1,3249.0,121,4,3249.1,29,2,3249.2,57,2,3249.3,63,3
11536,2025-12-30 09:26:18+05:30,3248.8,50,3248.84,47826,78913.0,92314.0,3250.0,3253.0,3240.2,3251.5,41245050,3576.6,2926.4,4322.95,2866.6,3248.8,178,3,3248.6,4,1,3248.5,2,1,3248.4,4,1,3248.3,7,2,3249.0,97,3,3249.3,22,1,3249.4,23,2,3249.5,280,5,3249.6,78,3
11536,2025-12-30 09:26:18+05:30,3249.0,1,3248.84,47826,78913.0,92314.0,3250.0,3253.0,3240.2,3251.5,41245050,3576.6,2926.4,4322.95,2866.6,3248.8,178,3,3248.6,4,1,3248.5,2,1,3248.4,4,1,3248.3,7,2,3249.0,97,3,3249.3,22,1,3249.4,23,2,3249.5,280,5,3249.6,78,3
11536,2025-12-30 09:26:19+05:30,3249.0,1,3248.84,47827,79210.0,93460.0,3250.0,3253.0,3240.2,3251.5,41245050,3576.6,2926.4,4322.95,2866.6,3248.8,222,3,3248.6,4,1,3248.5,2,1,3248.4,4,1,3248.3,7,2,3249.0,96,3,3249.1,20,1,3249.3,22,1,3249.4,41,3,3249.5,243,4
11536,2025-12-30 09:26:20+05:30,3249.0,1,3248.84,47827,79778.0,93528.0,3250.0,3253.0,3240.2,3251.5,41245050,3576.6,2926.4,4322.95,2866.6,3248.8,222,3,3248.6,4,1,3248.5,2,1,3248.4,4,1,3248.3,7,2,3249.0,85,2,3249.1,20,1,3249.4,20,2,3249.5,219,3,3249.6,64,3
11536,2025-12-30 09:26:21+05:30,3248.8,100,3248.84,47827,79778.0,93528.0,3250.0,3253.0,3240.2,3251.5,41245050,3576.6,2926.4,4322.95,2866.6,3248.8,222,3,3248.6,4,1,3248.5,2,1,3248.4,4,1,3248.3,7,2,3249.0,85,2,3249.1,20,1,3249.4,20,2,3249.5,219,3,3249.6,64,3
11536,2025-12-30 09:26:21+05:30,3248.8,100,3248.84,47927,79548.0,93412.0,3250.0,3253.0,3240.2,3251.5,41245050,3576.6,2926.4,4322.95,2866.6,3248.8,122,3,3248.6,4,1,3248.5,2,1,3248.4,4,1,3248.3,7,2,3248.9,2,1,3249.0,165,4,3249.2,46,2,3249.3,50,3,3249.4,39,2
11536,2025-12-30 09:26:22+05:30,3248.9,2,3248.84,47927,79548.0,93412.0,3250.0,3253.0,3240.2,3251.5,41245050,3576.6,2926.4,4322.95,2866.6,3248.8,122,3,3248.6,4,1,3248.5,2,1,3248.4,4,1,3248.3,7,2,3248.9,2,1,3249.0,165,4,3249.2,46,2,3249.3,50,3,3249.4,39,2
11536,2025-12-30 09:26:22+05:30,3248.9,2,3248.84,47929,79612.0,93113.0,3250.0,3253.0,3240.2,3251.5,41245050,3576.6,2926.4,4322.95,2866.6,3248.8,122,3,3248.6,4,1,3248.5,2,1,3248.4,4,1,3248.3,7,2,3249.0,154,3,3249.2,20,1,3249.3,10,1,3249.4,22,2,3249.5,312,6
11536,2025-12-30 09:26:23+05:30,3248.9,2,3248.84,47929,79622.0,93097.0,3250.0,3253.0,3240.2,3251.5,41245050,3576.6,2926.4,4322.95,2866.6,3248.8,122,3,3248.6,4,1,3248.5,2,1,3248.4,4,1,3248.3,7,2,3248.9,2,1,3249.0,179,5,3249.2,28,1,3249.3,32,2,3249.4,59,3
11536,2025-12-30 09:26:24+05:30,3248.9,8,3248.84,47929,79622.0,93097.0,3250.0,3253.0,3240.2,3251.5,41245050,3576.6,2926.4,4322.95,2866.6,3248.8,122,3,3248.6,4,1,3248.5,2,1,3248.4,4,1,3248.3,7,2,3248.9,2,1,3249.0,179,5,3249.2,28,1,3249.3,32,2,3249.4,59,3
11536,2025-12-30 09:26:24+05:30,3248.9,8,3248.84,48100,79395.0,93345.0,3250.0,3253.0,3240.2,3251.5,41245050,3576.6,2926.4,4322.95,2866.6,3248.8,10,1,3248.6,4,1,3248.5,2,1,3248.4,4,1,3248.3,7,2,3248.9,39,3,3249.0,198,6,3249.1,55,2,3249.2,18,1,3249.3,85,4
11536,2025-12-30 09:26:25+05:30,3248.2,2,3248.84,48100,79395.0,93345.0,3250.0,3253.0,3240.2,3251.5,41245050,3576.6,2926.4,4322.95,2866.6,3248.8,10,1,3248.6,4,1,3248.5,2,1,3248.4,4,1,3248.3,7,2,3248.9,39,3,3249.0,198,6,3249.1,55,2,3249.2,18,1,3249.3,85,4
11536,2025-12-30 09:26:25+05:30,3248.2,2,3248.84,48325,75629.0,95925.0,3250.0,3253.0,3240.2,3251.5,41245050,3576.6,2926.4,4322.95,2866.6,3248.1,7,2,3248.0,250,6,3247.9,9,1,3247.7,3,1,3247.6,3,2,3248.2,44,3,3248.3,10,1,3248.4,10,1,3248.5,10,1,3248.6,50,3
11536,2025-12-30 09:26:27+05:30,3248.2,2,3248.84,48325,77525.0,94937.0,3250.0,3253.0,3240.2,3251.5,41245050,3576.6,2926.4,4322.95,2866.6,3248.1,7,2,3248.0,250,6,3247.9,9,1,3247.7,3,1,3247.6,31,3,3248.2,39,2,3248.7,3,1,3248.8,12,1,3248.9,6,2,3249.0,273,9
11536,2025-12-30 09:26:28+05:30,3248.9,3,3248.83,48625,78270.0,94253.0,3250.0,3253.0,3240.2,3251.5,41245050,3576.6,2926.4,4322.95,2866.6,3248.0,110,5,3247.9,9,1,3247.7,3,1,3247.6,3,2,3247.5,93,3,3249.0,227,8,3249.1,49,3,3249.2,94,5,3249.3,87,5,3249.4,67,6
11536,2025-12-30 09:26:28+05:30,3248.9,3,3248.83,48625,78270.0,94253.0,3250.0,3253.0,3240.2,3251.5,41245050,3576.6,2926.4,4322.95,2866.6,3248.0,110,5,3247.9,9,1,3247.7,3,1,3247.6,3,2,3247.5,93,3,3249.0,227,8,3249.1,49,3,3249.2,94,5,3249.3,87,5,3249.4,67,6
11536,2025-12-30 09:26:29+05:30,3248.0,35,3248.83,48660,78191.0,94357.0,3250.0,3253.0,3240.2,3251.5,41245050,3576.6,2926.4,4322.95,2866.6,3248.0,75,5,3247.9,9,1,3247.7,3,1,3247.6,3,2,3247.5,49,2,3248.9,32,3,3249.0,220,7,3249.1,43,3,3249.2,36,3,3249.3,87,5
11536,2025-12-30 09:26:29+05:30,3248.0,35,3248.83,48660,78191.0,94357.0,3250.0,3253.0,3240.2,3251.5,41245050,3576.6,2926.4,4322.95,2866.6,3248.0,75,5,3247.9,9,1,3247.7,3,1,3247.6,3,2,3247.5,49,2,3248.9,32,3,3249.0,220,7,3249.1,43,3,3249.2,36,3,3249.3,87,5
11536,2025-12-30 09:26:30+05:30,3248.9,1,3248.83,48661,78235.0,94402.0,3250.0,3253.0,3240.2,3251.5,41245050,3576.6,2926.4,4322.95,2866.6,3248.0,75,5,3247.9,9,1,3247.7,3,1,3247.6,3,2,3247.5,49,2,3248.5,2,1,3248.9,43,4,3249.0,220,7,3249.1,43,3,3249.2,36,3
11536,2025-12-30 09:26:30+05:30,3248.9,1,3248.83,48661,78235.0,94402.0,3250.0,3253.0,3240.2,3251.5,41245050,3576.6,2926.4,4322.95,2866.6,3248.0,75,5,3247.9,9,1,3247.7,3,1,3247.6,3,2,3247.5,49,2,3248.5,2,1,3248.9,43,4,3249.0,220,7,3249.1,43,3,3249.2,36,3
11536,2025-12-30 09:26:31+05:30,3248.9,1,3248.83,48661,78274.0,94221.0,3250.0,3253.0,3240.2,3251.5,41245050,3576.6,2926.4,4322.95,2866.6,3248.0,75,5,3247.9,9,1,3247.7,3,1,3247.6,3,2,3247.5,49,2,3248.5,2,1,3248.9,60,5,3249.0,220,7,3249.1,43,3,3249.2,59,4
11536,2025-12-30 09:26:32+05:30,3248.9,1,3248.83,48661,76096.0,96100.0,3250.0,3253.0,3240.2,3251.5,41245050,3576.6,2926.4,4322.95,2866.6,3248.0,75,5,3247.9,14,2,3247.8,2,1,3247.7,3,1,3247.6,3,2,3248.5,2,1,3248.9,83,7,3249.0,264,8,3249.1,73,3,3249.2,301,9
11536,2025-12-30 09:26:33+05:30,3248.9,1,3248.83,48661,76585.0,96040.0,3250.0,3253.0,3240.2,3251.5,41245050,3576.6,2926.4,4322.95,2866.6,3248.0,75,5,3247.9,14,2,3247.8,2,1,3247.7,3,1,3247.6,3,2,3248.5,66,5,3248.6,17,1,3248.8,55,2,3248.9,69,5,3249.0,182,7
11536,2025-12-30 09:26:34+05:30,3248.0,1,3248.83,48661,76585.0,96040.0,3250.0,3253.0,3240.2,3251.5,41245050,3576.6,2926.4,4322.95,2866.6,3248.0,75,5,3247.9,14,2,3247.8,2,1,3247.7,3,1,3247.6,3,2,3248.5,66,5,3248.6,17,1,3248.8,55,2,3248.9,69,5,3249.0,182,7
11536,2025-12-30 09:26:34+05:30,3248.0,1,3248.83,48662,76654.0,96047.0,3250.0,3253.0,3240.2,3251.5,41245050,3576.6,2926.4,4322.95,2866.6,3248.0,74,5,3247.9,14,2,3247.8,2,1,3247.7,3,1,3247.6,3,2,3248.5,66,5,3248.6,17,1,3248.8,55,2,3248.9,69,5,3249.0,182,7
11536,2025-12-30 09:26:35+05:30,3247.9,1,3248.83,48662,76654.0,96047.0,3250.0,3253.0,3240.2,3251.5,41245050,3576.6,2926.4,4322.95,2866.6,3248.0,74,5,3247.9,14,2,3247.8,2,1,3247.7,3,1,3247.6,3,2,3248.5,66,5,3248.6,17,1,3248.8,55,2,3248.9,69,5,3249.0,182,7
11536,2025-12-30 09:26:35+05:30,3247.9,1,3248.83,48920,76236.0,96259.0,3250.0,3253.0,3240.2,3251.5,41245050,3576.6,2926.4,4322.95,2866.6,3247.8,2,1,3247.7,3,1,3247.6,3,2,3247.5,49,2,3247.4,2,1,3247.9,33,6,3248.0,53,3,3248.1,14,1,3248.2,44,3,3248.3,14,1
11536,2025-12-30 09:26:36+05:30,3247.5,39,3248.83,48920,76236.0,96259.0,3250.0,3253.0,3240.2,3251.5,41245050,3576.6,2926.4,4322.95,2866.6,3247.8,2,1,3247.7,3,1,3247.6,3,2,3247.5,49,2,3247.4,2,1,3247.9,33,6,3248.0,53,3,3248.1,14,1,3248.2,44,3,3248.3,14,1
11536,2025-12-30 09:26:36+05:30,3247.9,1,3248.82,49092,76026.0,96746.0,3250.0,3253.0,3240.2,3251.5,41245050,3576.6,2926.4,4322.95,2866.6,3247.5,9,1,3247.4,2,1,3247.1,25,1,3247.0,189,4,3246.5,90,3,3247.9,55,9,3248.0,53,3,3248.1,14,1,3248.2,44,3,3248.3,42,2
11536,2025-12-30 09:26:37+05:30,3247.1,1,3248.82,49092,76026.0,96746.0,3250.0,3253.0,3240.2,3251.5,41245050,3576.6,2926.4,4322.95,2866.6,3247.5,9,1,3247.4,2,1,3247.1,25,1,3247.0,189,4,3246.5,90,3,3247.9,55,9,3248.0,53,3,3248.1,14,1,3248.2,44,3,3248.3,42,2
11536,2025-12-30 09:26:37+05:30,3247.1,1,3248.82,49150,75073.0,96118.0,3250.0,3253.0,3240.2,3251.5,41245050,3576.6,2926.4,4322.95,2866.6,3247.1,19,2,3247.0,198,5,3246.8,33,1,3246.6,32,1,3246.5,28,2,3247.7,6,2,3247.8,4,1,3247.9,36,4,3248.0,29,2,3248.2,53,4
11536,2025-12-30 09:26:38+05:30,3245.0,11,3248.82,49150,75073.0,96118.0,3250.0,3253.0,3240.2,3251.5,41245050,3576.6,2926.4,4322.95,2866.6,3247.1,19,2,3247.0,198,5,3246.8,33,1,3246.6,32,1,3246.5,28,2,3247.7,6,2,3247.8,4,1,3247.9,36,4,3248.0,29,2,3248.2,53,4
11536,2025-12-30 09:26:38+05:30,3245.0,11,3248.73,50657,72740.0,99026.0,3250.0,3253.0,3240.2,3251.5,41245050,3576.6,2926.4,4322.95,2866.6,3244.1,41,2,3244.0,15,1,3243.8,15,1,3243.7,29,3,3243.6,33,2,3245.0,27,2,3245.3,3,1,3245.4,88,5,3245.6,96,4,3245.7,53,2
11536,2025-12-30 09:26:39+05:30,3243.8,40,3248.73,50657,72740.0,99026.0,3250.0,3253.0,3240.2,3251.5,41245050,3576.6,2926.4,4322.95,2866.6,3244.1,41,2,3244.0,15,1,3243.8,15,1,3243.7,29,3,3243.6,33,2,3245.0,27,2,3245.3,3,1,3245.4,88,5,3245.6,96,4,3245.7,53,2
11536,2025-12-30 09:26:40+05:30,3243.8,40,3248.72,50719,73768.0,98191.0,3250.0,3253.0,3240.2,3251.5,41245050,3576.6,2926.4,4322.95,2866.6,3244.2,32,3,3244.1,19,2,3244.0,31,2,3243.9,33,2,3243.8,226,4,3245.0,32,7,3245.4,25,1,3245.5,61,1,3245.6,67,2,3245.8,3,1
11536,2025-12-30 09:26:40+05:30,3244.2,9,3248.72,50719,73768.0,98191.0,3250.0,3253.0,3240.2,3251.5,41245050,3576.6,2926.4,4322.95,2866.6,3244.2,32,3,3244.1,19,2,3244.0,31,2,3243.9,33,2,3243.8,226,4,3245.0,32,7,3245.4,25,1,3245.5,61,1,3245.6,67,2,3245.8,3,1
11536,2025-12-30 09:26:41+05:30,3244.1,9,3248.71,50816,73957.0,98445.0,3250.0,3253.0,3240.2,3251.5,41245050,3576.6,2926.4,4322.95,2866.6,3244.1,23,4,3243.9,172,1,3243.8,72,4,3243.7,113,5,3243.6,71,3,3245.0,56,8,3245.4,86,2,3245.5,93,2,3245.6,42,1,3245.8,25,2
11536,2025-12-30 09:26:41+05:30,3243.9,97,3248.71,50816,73957.0,98445.0,3250.0,3253.0,3240.2,3251.5,41245050,3576.6,2926.4,4322.95,2866.6,3244.1,23,4,3243.9,172,1,3243.8,72,4,3243.7,113,5,3243.6,71,3,3245.0,56,8,3245.4,86,2,3245.5,93,2,3245.6,42,1,3245.8,25,2
11536,2025-12-30 09:26:42+05:30,3244.1,2,3248.7,50943,73578.0,98189.0,3250.0,3253.0,3240.2,3251.5,41245050,3576.6,2926.4,4322.95,2866.6,3243.9,109,7,3243.8,76,4,3243.7,204,5,3243.6,111,4,3243.5,23,3,3245.0,101,9,3245.4,69,2,3245.6,42,1,3245.8,25,2,3245.9,58,4
11536,2025-12-30 09:26:42+05:30,3243.9,1,3248.7,50943,73578.0,98189.0,3250.0,3253.0,3240.2,3251.5,41245050,3576.6,2926.4,4322.95,2866.6,3243.9,109,7,3243.8,76,4,3243.7,204,5,3243.6,111,4,3243.5,23,3,3245.0,101,9,3245.4,69,2,3245.6,42,1,3245.8,25,2,3245.9,58,4
11536,2025-12-30 09:26:43+05:30,3243.9,1,3248.7,50944,73579.0,98162.0,3250.0,3253.0,3240.2,3251.5,41245050,3576.6,2926.4,4322.95,2866.6,3243.9,100,6,3243.8,30,3,3243.7,242,5,3243.6,111,4,3243.5,45,4,3245.0,101,9,3245.4,69,2,3245.6,42,1,3245.8,25,2,3245.9,58,4
11536,2025-12-30 09:26:44+05:30,3243.9,1,3248.7,50945,73622.0,98163.0,3250.0,3253.0,3240.2,3251.5,41245050,3576.6,2926.4,4322.95,2866.6,3243.9,89,5,3243.8,30,3,3243.7,196,4,3243.6,93,3,3243.5,45,4,3245.0,116,10,3245.4,69,2,3245.6,42,1,3245.7,2,1,3245.8,3,1
11536,2025-12-30 09:26:44+05:30,3243.9,1,3248.7,50945,73622.0,98163.0,3250.0,3253.0,3240.2,3251.5,41245050,3576.6,2926.4,4322.95,2866.6,3243.9,89,5,3243.8,30,3,3243.7,196,4,3243.6,93,3,3243.5,45,4,3245.0,116,10,3245.4,69,2,3245.6,42,1,3245.7,2,1,3245.8,3,1
11536,2025-12-30 09:26:45+05:30,3245.0,1,3248.7,50946,73471.0,98169.0,3250.0,3253.0,3240.2,3251.5,41245050,3576.6,2926.4,4322.95,2866.6,3243.9,89,5,3243.8,42,4,3243.7,294,7,3243.6,47,2,3243.5,45,4,3245.0,116,11,3245.4,69,2,3245.6,42,1,3245.8,3,1,3245.9,78,5
11536,2025-12-30 09:26:45+05:30,3245.0,1,3248.7,50946,73471.0,98169.0,3250.0,3253.0,3240.2,3251.5,41245050,3576.6,2926.4,4322.95,2866.6,3243.9,89,5,3243.8,42,4,3243.7,294,7,3243.6,47,2,3243.5,45,4,3245.0,116,11,3245.4,69,2,3245.6,42,1,3245.8,3,1,3245.9,78,5
11536,2025-12-30 09:26:46+05:30,3243.9,1,3248.7,50947,73521.0,98215.0,3250.0,3253.0,3240.2,3251.5,41245050,3576.6,2926.4,4322.95,2866.6,3243.9,110,7,3243.8,30,3,3243.7,305,8,3243.6,72,4,3243.5,48,5,3245.0,116,11,3245.4,69,2,3245.6,42,1,3245.8,3,1,3245.9,78,5
11536,2025-12-30 09:26:46+05:30,3243.9,1,3248.7,50947,73521.0,98215.0,3250.0,3253.0,3240.2,3251.5,41245050,3576.6,2926.4,4322.95,2866.6,3243.9,110,7,3243.8,30,3,3243.7,305,8,3243.6,72,4,3243.5,48,5,3245.0,116,11,3245.4,69,2,3245.6,42,1,3245.8,3,1,3245.9,78,5
11536,2025-12-30 09:26:47+05:30,3245.0,1,3248.7,50947,73521.0,98215.0,3250.0,3253.0,3240.2,3251.5,41245050,3576.6,2926.4,4322.95,2866.6,3243.9,110,7,3243.8,30,3,3243.7,305,8,3243.6,72,4,3243.5,48,5,3245.0,116,11,3245.4,69,2,3245.6,42,1,3245.8,3,1,3245.9,78,5
11536,2025-12-30 09:26:47+05:30,3245.0,1,3248.7,50958,73601.0,98295.0,3250.0,3253.0,3240.2,3251.5,41245050,3576.6,2926.4,4322.95,2866.6,3243.9,98,6,3243.8,42,4,3243.7,307,7,3243.6,52,3,3243.5,48,5,3245.0,113,12,3245.4,69,2,3245.6,42,1,3245.8,3,1,3245.9,78,5
11536,2025-12-30 09:26:48+05:30,3243.9,1,3248.7,50958,73601.0,98295.0,3250.0,3253.0,3240.2,3251.5,41245050,3576.6,2926.4,4322.95,2866.6,3243.9,98,6,3243.8,42,4,3243.7,307,7,3243.6,52,3,3243.5,48,5,3245.0,113,12,3245.4,69,2,3245.6,42,1,3245.8,3,1,3245.9,78,5
11536,2025-12-30 09:26:48+05:30,3243.9,1,3248.7,50959,74561.0,98299.0,3250.0,3253.0,3240.2,3251.5,41245050,3576.6,2926.4,4322.95,2866.6,3244.1,75,6,3244.0,61,4,3243.9,21,2,3243.8,72,3,3243.7,314,8,3245.0,113,12,3245.4,69,2,3245.6,42,1,3245.8,3,1,3245.9,50,4
11536,2025-12-30 09:26:49+05:30,3243.7,49,3248.7,50959,74561.0,98299.0,3250.0,3253.0,3240.2,3251.5,41245050,3576.6,2926.4,4322.95,2866.6,3244.1,75,6,3244.0,61,4,3243.9,21,2,3243.8,72,3,3243.7,314,8,3245.0,113,12,3245.4,69,2,3245.6,42,1,3245.8,3,1,3245.9,50,4
11536,2025-12-30 09:26:49+05:30,3243.7,49,3248.67,51253,73842.0,98675.0,3250.0,3253.0,3240.2,3251.5,41245050,3576.6,2926.4,4322.95,2866.6,3244.1,22,3,3244.0,32,1,3243.9,31,1,3243.8,177,2,3243.7,163,5,3245.0,127,13,3245.4,80,3,3245.6,42,1,3245.8,15,2,3245.9,48,3
11536,2025-12-30 09:26:50+05:30,3243.9,17,3248.66,51353,74431.0,98644.0,3250.0,3253.0,3240.2,3251.5,41245050,3576.6,2926.4,4322.95,2866.6,3244.1,8,2,3244.0,15,2,3243.9,47,2,3243.8,196,3,3243.7,155,4,3245.0,127,13,3245.4,80,3,3245.6,42,1,3245.8,15,2,3245.9,48,3
11536,2025-12-30 09:26:51+05:30,3245.0,1,3248.66,51353,74431.0,98644.0,3250.0,3253.0,3240.2,3251.5,41245050,3576.6,2926.4,4322.95,2866.6,3244.1,8,2,3244.0,15,2,3243.9,47,2,3243.8,196,3,3243.7,155,4,3245.0,127,13,3245.4,80,3,3245.6,42,1,3245.8,15,2,3245.9,48,3
11536,2025-12-30 09:26:51+05:30,3244.1,3,3248.66,51361,74526.0,98691.0,3250.0,3253.0,3240.2,3251.5,41245050,3576.6,2926.4,4322.95,2866.6,3244.1,9,4,3244.0,47,3,3243.9,15,1,3243.8,19,1,3243.7,243,4,3245.0,126,13,3245.4,80,3,3245.6,44,2,3245.7,10,1,3245.8,65,4
11536,2025-12-30 09:26:52+05:30,3245.0,1,3248.66,51361,74526.0,98691.0,3250.0,3253.0,3240.2,3251.5,41245050,3576.6,2926.4,4322.95,2866.6,3244.1,9,4,3244.0,47,3,3243.9,15,1,3243.8,19,1,3243.7,243,4,3245.0,126,13,3245.4,80,3,3245.6,44,2,3245.7,10,1,3245.8,65,4
11536,2025-12-30 09:26:53+05:30,3244.1,1,3248.66,51363,74460.0,98716.0,3250.0,3253.0,3240.2,3251.5,41245050,3576.6,2926.4,4322.95,2866.6,3244.1,9,4,3244.0,36,2,3243.9,50,1,3243.8,19,1,3243.7,275,5,3245.0,118,13,3245.4,80,3,3245.6,63,2,3245.7,10,1,3245.8,44,3
11536,2025-12-30 09:26:53+05:30,3244.9,2,3248.66,51363,74460.0,98716.0,3250.0,3253.0,3240.2,3251.5,41245050,3576.6,2926.4,4322.95,2866.6,3244.1,9,4,3244.0,36,2,3243.9,50,1,3243.8,19,1,3243.7,275,5,3245.0,118,13,3245.4,80,3,3245.6,63,2,3245.7,10,1,3245.8,44,3
11536,2025-12-30 09:26:54+05:30,3244.1,1,3248.66,51366,74013.0,99405.0,3250.0,3253.0,3240.2,3251.5,41245050,3576.6,2926.4,4322.95,2866.6,3244.1,1,1,3243.9,50,1,3243.7,65,2,3243.6,37,2,3243.5,29,4,3244.9,16,1,3245.0,136,14,3245.2,74,3,3245.3,45,2,3245.4,122,5
11536,2025-12-30 09:26:54+05:30,3244.1,1,3248.66,51366,74013.0,99405.0,3250.0,3253.0,3240.2,3251.5,41245050,3576.6,2926.4,4322.95,2866.6,3244.1,1,1,3243.9,50,1,3243.7,65,2,3243.6,37,2,3243.5,29,4,3244.9,16,1,3245.0,136,14,3245.2,74,3,3245.3,45,2,3245.4,122,5
11536,2025-12-30 09:26:55+05:30,3244.7,1,3248.66,51369,72664.0,99750.0,3250.0,3253.0,3240.2,3251.5,41245050,3576.6,2926.4,4322.95,2866.6,3243.9,49,1,3243.7,65,2,3243.6,5,1,3243.5,24,3,3243.3,258,4,3244.8,18,1,3244.9,31,1,3245.0,118,13,3245.1,80,4,3245.2,28,1
11536,2025-12-30 09:26:55+05:30,3244.0,6,3248.66,51369,72664.0,99750.0,3250.0,3253.0,3240.2,3251.5,41245050,3576.6,2926.4,4322.95,2866.6,3243.9,49,1,3243.7,65,2,3243.6,5,1,3243.5,24,3,3243.3,258,4,3244.8,18,1,3244.9,31,1,3245.0,118,13,3245.1,80,4,3245.2,28,1
11536,2025-12-30 09:26:56+05:30,3244.0,6,3248.66,51375,75231.0,98743.0,3250.0,3253.0,3240.2,3251.5,41245050,3576.6,2926.4,4322.95,2866.6,3244.0,58,4,3243.9,88,5,3243.8,166,3,3243.7,203,5,3243.6,150,5,3244.8,13,1,3245.0,105,11,3245.3,1,1,3245.4,55,2,3245.5,3,1
11536,2025-12-30 09:26:57+05:30,3245.0,1,3248.65,51546,73406.0,99502.0,3250.0,3253.0,3240.2,3251.5,41245050,3576.6,2926.4,4322.95,2866.6,3243.9,48,1,3243.8,47,2,3243.7,65,2,3243.6,5,1,3243.5,79,5,3245.0,42,7,3245.2,36,1,3245.3,20,2,3245.4,55,2,3245.5,59,3
11536,2025-12-30 09:26:57+05:30,3245.0,1,3248.65,51546,73406.0,99502.0,3250.0,3253.0,3240.2,3251.5,41245050,3576.6,2926.4,4322.95,2866.6,3243.9,48,1,3243.8,47,2,3243.7,65,2,3243.6,5,1,3243.5,79,5,3245.0,42,7,3245.2,36,1,3245.3,20,2,3245.4,55,2,3245.5,59,3
11536,2025-12-30 09:26:58+05:30,3243.9,1,3248.65,51547,73617.0,99380.0,3250.0,3253.0,3240.2,3251.5,41245050,3576.6,2926.4,4322.95,2866.6,3243.9,47,1,3243.8,47,2,3243.7,65,2,3243.6,197,3,3243.5,79,5,3245.0,48,8,3245.1,14,1,3245.2,14,1,3245.3,60,4,3245.4,82,3
11536,2025-12-30 09:26:58+05:30,3243.9,1,3248.65,51547,73617.0,99380.0,3250.0,3253.0,3240.2,3251.5,41245050,3576.6,2926.4,4322.95,2866.6,3243.9,47,1,3243.8,47,2,3243.7,65,2,3243.6,197,3,3243.5,79,5,3245.0,48,8,3245.1,14,1,3245.2,14,1,3245.3,60,4,3245.4,82,3
11536,2025-12-30 09:26:59+05:30,3243.9,1,3248.65,51547,73617.0,99380.0,3250.0,3253.0,3240.2,3251.5,41245050,3576.6,2926.4,4322.95,2866.6,3243.9,47,1,3243.8,47,2,3243.7,65,2,3243.6,197,3,3243.5,79,5,3245.0,48,8,3245.1,14,1,3245.2,14,1,3245.3,60,4,3245.4,82,3
11536,2025-12-30 09:26:59+05:30,3244.0,5,3248.65,51553,73733.0,98404.0,3250.0,3253.0,3240.2,3251.5,41245050,3576.6,2926.4,4322.95,2866.6,3243.9,46,1,3243.8,60,3,3243.7,65,2,3243.6,229,3,3243.5,233,5,3245.0,48,8,3245.1,14,1,3245.2,14,1,3245.3,31,2,3245.4,31,2
11536,2025-12-30 09:27:00+05:30,3244.0,5,3248.65,51553,73733.0,98404.0,3250.0,3253.0,3240.2,3251.5,41245050,3576.6,2926.4,4322.95,2866.6,3243.9,46,1,3243.8,60,3,3243.7,65,2,3243.6,229,3,3243.5,233,5,3245.0,48,8,3245.1,14,1,3245.2,14,1,3245.3,31,2,3245.4,31,2
11536,2025-12-30 09:27:00+05:30,3244.0,5,3248.65,51553,74058.0,99035.0,3250.0,3253.0,3240.2,3251.5,41245050,3576.6,2926.4,4322.95,2866.6,3243.9,107,3,3243.8,31,1,3243.7,65,2,3243.6,38,3,3243.5,58,4,3245.0,48,8,3245.3,1,1,3245.4,66,3,3245.5,24,2,3245.6,91,4
11536,2025-12-30 09:27:01+05:30,3243.9,1,3248.65,51553,74058.0,99035.0,3250.0,3253.0,3240.2,3251.5,41245050,3576.6,2926.4,4322.95,2866.6,3243.9,107,3,3243.8,31,1,3243.7,65,2,3243.6,38,3,3243.5,58,4,3245.0,48,8,3245.3,1,1,3245.4,66,3,3245.5,24,2,3245.6,91,4
11536,2025-12-30 09:27:01+05:30,3243.9,3,3248.65,51557,74610.0,99188.0,3250.0,3253.0,3240.2,3251.5,41245050,3576.6,2926.4,4322.95,2866.6,3243.9,115,4,3243.8,31,1,3243.7,107,3,3243.6,38,3,3243.5,58,4,3245.0,62,9,3245.3,1,1,3245.4,66,3,3245.5,24,2,3245.6,61,3
11536,2025-12-30 09:27:02+05:30,3243.9,3,3248.65,51557,74610.0,99188.0,3250.0,3253.0,3240.2,3251.5,41245050,3576.6,2926.4,4322.95,2866.6,3243.9,115,4,3243.8,31,1,3243.7,107,3,3243.6,38,3,3243.5,58,4,3245.0,62,9,3245.3,1,1,3245.4,66,3,3245.5,24,2,3245.6,61,3
11536,2025-12-30 09:27:02+05:30,3243.9,3,3248.65,51557,75777.0,99173.0,3250.0,3253.0,3240.2,3251.5,41245050,3576.6,2926.4,4322.95,2866.6,3244.0,12,2,3243.9,117,5,3243.7,137,4,3243.6,8,2,3243.5,78,5,3245.0,67,10,3245.3,1,1,3245.4,66,3,3245.5,34,3,3245.6,40,2
11536,2025-12-30 09:27:03+05:30,3245.0,1,3248.65,51557,75777.0,99173.0,3250.0,3253.0,3240.2,3251.5,41245050,3576.6,2926.4,4322.95,2866.6,3244.0,12,2,3243.9,117,5,3243.7,137,4,3243.6,8,2,3243.5,78,5,3245.0,67,10,3245.3,1,1,3245.4,66,3,3245.5,34,3,3245.6,40,2
11536,2025-12-30 09:27:04+05:30,3244.0,1,3248.65,51559,75757.0,99227.0,3250.0,3253.0,3240.2,3251.5,41245050,3576.6,2926.4,4322.95,2866.6,3244.0,9,1,3243.9,117,5,3243.8,30,1,3243.7,107,3,3243.6,49,4,3245.0,123,12,3245.3,1,1,3245.4,66,3,3245.5,24,2,3245.6,40,2
11536,2025-12-30 09:27:04+05:30,3244.0,1,3248.65,51559,75757.0,99227.0,3250.0,3253.0,3240.2,3251.5,41245050,3576.6,2926.4,4322.95,2866.6,3244.0,9,1,3243.9,117,5,3243.8,30,1,3243.7,107,3,3243.6,49,4,3245.0,123,12,3245.3,1,1,3245.4,66,3,3245.5,24,2,3245.6,40,2
11536,2025-12-30 09:27:05+05:30,3245.0,1,3248.65,51560,74447.0,98954.0,3250.0,3253.0,3240.2,3251.5,41245050,3576.6,2926.4,4322.95,2866.6,3244.0,24,2,3243.9,128,6,3243.8,53,3,3243.7,105,4,3243.6,36,3,3245.0,122,12,3245.4,48,3,3245.5,93,4,3245.6,36,2,3245.7,47,2
11536,2025-12-30 09:27:05+05:30,3245.0,1,3248.65,51560,74447.0,98954.0,3250.0,3253.0,3240.2,3251.5,41245050,3576.6,2926.4,4322.95,2866.6,3244.0,24,2,3243.9,128,6,3243.8,53,3,3243.7,105,4,3243.6,36,3,3245.0,122,12,3245.4,48,3,3245.5,93,4,3245.6,36,2,3245.7,47,2
11536,2025-12-30 09:27:06+05:30,3244.0,5,3248.65,51565,74906.0,99151.0,3250.0,3253.0,3240.2,3251.5,41245050,3576.6,2926.4,4322.95,2866.6,3244.0,51,4,3243.9,158,7,3243.8,49,3,3243.7,65,2,3243.6,280,8,3245.0,117,11,3245.4,11,1,3245.5,90,3,3245.6,21,1,3245.7,45,2
11536,2025-12-30 09:27:06+05:30,3244.0,5,3248.65,51565,74906.0,99151.0,3250.0,3253.0,3240.2,3251.5,41245050,3576.6,2926.4,4322.95,2866.6,3244.0,51,4,3243.9,158,7,3243.8,49,3,3243.7,65,2,3243.6,280,8,3245.0,117,11,3245.4,11,1,3245.5,90,3,3245.6,21,1,3245.7,45,2
11536,2025-12-30 09:27:07+05:30,3244.0,5,3248.65,51570,74976.0,99309.0,3250.0,3253.0,3240.2,3251.5,41245050,3576.6,2926.4,4322.95,2866.6,3244.0,60,3,3243.9,146,6,3243.8,49,3,3243.7,65,2,3243.6,104,6,3245.0,117,11,3245.3,22,2,3245.4,11,1,3245.5,170,6,3245.7,45,2
11536,2025-12-30 09:27:08+05:30,3244.0,5,3248.65,51570,74955.0,99347.0,3250.0,3253.0,3240.2,3251.5,41245050,3576.6,2926.4,4322.95,2866.6,3244.0,85,4,3243.9,146,6,3243.8,13,2,3243.7,65,2,3243.6,76,5,3245.0,117,11,3245.1,18,1,3245.3,14,1,3245.4,32,2,3245.5,149,5
11536,2025-12-30 09:27:09+05:30,3244.0,5,3248.65,51580,74791.0,99672.0,3250.0,3253.0,3240.2,3251.5,41245050,3576.6,2926.4,4322.95,2866.6,3244.0,75,3,3243.9,146,6,3243.8,13,2,3243.7,65,2,3243.6,76,5,3245.0,128,12,3245.3,50,3,3245.4,32,2,3245.5,149,5,3245.7,66,3
11536,2025-12-30 09:27:09+05:30,3244.0,5,3248.65,51580,74791.0,99672.0,3250.0,3253.0,3240.2,3251.5,41245050,3576.6,2926.4,4322.95,2866.6,3244.0,75,3,3243.9,146,6,3243.8,13,2,3243.7,65,2,3243.6,76,5,3245.0,128,12,3245.3,50,3,3245.4,32,2,3245.5,149,5,3245.7,66,3
11536,2025-12-30 09:27:10+05:30,3244.0,1,3248.65,51591,74722.0,99603.0,3250.0,3253.0,3240.2,3251.5,41245050,3576.6,2926.4,4322.95,2866.6,3244.0,74,2,3243.9,105,4,3243.8,13,2,3243.7,65,2,3243.6,55,4,3245.0,119,13,3245.2,30,1,3245.3,71,3,3245.4,58,3,3245.5,149,5
11536,2025-12-30 09:27:10+05:30,3244.0,1,3248.65,51591,74722.0,99603.0,3250.0,3253.0,3240.2,3251.5,41245050,3576.6,2926.4,4322.95,2866.6,3244.0,74,2,3243.9,105,4,3243.8,13,2,3243.7,65,2,3243.6,55,4,3245.0,119,13,3245.2,30,1,3245.3,71,3,3245.4,58,3,3245.5,149,5
11536,2025-12-30 09:27:11+05:30,3245.0,2,3248.65,51591,74722.0,99603.0,3250.0,3253.0,3240.2,3251.5,41245050,3576.6,2926.4,4322.95,2866.6,3244.0,74,2,3243.9,105,4,3243.8,13,2,3243.7,65,2,3243.6,55,4,3245.0,119,13,3245.2,30,1,3245.3,71,3,3245.4,58,3,3245.5,149,5
11536,2025-12-30 09:27:11+05:30,3245.0,2,3248.65,51593,74516.0,99613.0,3250.0,3253.0,3240.2,3251.5,41245050,3576.6,2926.4,4322.95,2866.6,3244.0,74,2,3243.9,105,4,3243.8,13,2,3243.7,65,2,3243.6,91,5,3245.0,117,13,3245.2,30,1,3245.3,71,3,3245.4,32,2,3245.5,149,5
11536,2025-12-30 09:27:12+05:30,3245.0,2,3248.65,51593,74988.0,99656.0,3250.0,3253.0,3240.2,3251.5,41245050,3576.6,2926.4,4322.95,2866.6,3244.1,5,1,3244.0,74,2,3243.9,105,4,3243.8,13,2,3243.7,65,2,3245.0,107,13,3245.1,17,1,3245.2,30,1,3245.3,28,1,3245.4,32,2
11536,2025-12-30 09:27:13+05:30,3244.1,1,3248.65,51593,74988.0,99656.0,3250.0,3253.0,3240.2,3251.5,41245050,3576.6,2926.4,4322.95,2866.6,3244.1,5,1,3244.0,74,2,3243.9,105,4,3243.8,13,2,3243.7,65,2,3245.0,107,13,3245.1,17,1,3245.2,30,1,3245.3,28,1,3245.4,32,2
11536,2025-12-30 09:27:13+05:30,3244.1,1,3248.65,51594,75071.0,99683.0,3250.0,3253.0,3240.2,3251.5,41245050,3576.6,2926.4,4322.95,2866.6,3244.0,74,2,3243.9,105,4,3243.8,13,2,3243.7,65,2,3243.6,8,2,3245.0,122,14,3245.1,17,1,3245.2,30,1,3245.3,37,2,3245.4,32,2
11536,2025-12-30 09:27:14+05:30,3245.0,1,3248.65,51594,75071.0,99683.0,3250.0,3253.0,3240.2,3251.5,41245050,3576.6,2926.4,4322.95,2866.6,3244.0,74,2,3243.9,105,4,3243.8,13,2,3243.7,65,2,3243.6,8,2,3245.0,122,14,3245.1,17,1,3245.2,30,1,3245.3,37,2,3245.4,32,2
11536,2025-12-30 09:27:15+05:30,3245.0,1,3248.64,51606,74463.0,97826.0,3250.0,3253.0,3240.2,3251.5,41245050,3576.6,2926.4,4322.95,2866.6,3244.0,65,2,3243.9,142,6,3243.8,10,1,3243.7,120,4,3243.6,30,4,3245.0,119,14,3245.4,67,3,3245.7,90,4,3245.8,64,5,3245.9,73,5
11536,2025-12-30 09:27:15+05:30,3245.0,1,3248.64,51606,74463.0,97826.0,3250.0,3253.0,3240.2,3251.5,41245050,3576.6,2926.4,4322.95,2866.6,3244.0,65,2,3243.9,142,6,3243.8,10,1,3243.7,120,4,3243.6,30,4,3245.0,119,14,3245.4,67,3,3245.7,90,4,3245.8,64,5,3245.9,73,5
11536,2025-12-30 09:27:16+05:30,3244.2,14,3248.64,51623,75305.0,97269.0,3250.0,3253.0,3240.2,3251.5,41245050,3576.6,2926.4,4322.95,2866.6,3244.1,44,3,3244.0,126,4,3243.9,137,6,3243.8,282,6,3243.7,68,3,3245.0,118,15,3245.4,11,1,3245.7,73,3,3245.8,64,5,3245.9,53,4
11536,2025-12-30 09:27:16+05:30,3245.0,1,3248.64,51623,75305.0,97269.0,3250.0,3253.0,3240.2,3251.5,41245050,3576.6,2926.4,4322.95,2866.6,3244.1,44,3,3244.0,126,4,3243.9,137,6,3243.8,282,6,3243.7,68,3,3245.0,118,15,3245.4,11,1,3245.7,73,3,3245.8,64,5,3245.9,53,4
11536,2025-12-30 09:27:17+05:30,3244.2,1,3248.64,51635,75314.0,97246.0,3250.0,3253.0,3240.2,3251.5,41245050,3576.6,2926.4,4322.95,2866.6,3244.1,44,3,3244.0,126,4,3243.9,137,6,3243.8,282,6,3243.7,68,3,3245.0,103,15,3245.4,11,1,3245.7,73,3,3245.8,64,5,3245.9,53,4
11536,2025-12-30 09:27:17+05:30,3244.2,1,3248.64,51635,75314.0,97246.0,3250.0,3253.0,3240.2,3251.5,41245050,3576.6,2926.4,4322.95,2866.6,3244.1,44,3,3244.0,126,4,3243.9,137,6,3243.8,282,6,3243.7,68,3,3245.0,103,15,3245.4,11,1,3245.7,73,3,3245.8,64,5,3245.9,53,4
11536,2025-12-30 09:27:18+05:30,3244.2,1,3248.64,51635,74700.0,97881.0,3250.0,3253.0,3240.2,3251.5,41245050,3576.6,2926.4,4322.95,2866.6,3244.1,48,1,3244.0,65,2,3243.9,138,6,3243.8,40,3,3243.7,68,3,3245.0,103,15,3245.4,40,2,3245.5,19,1,3245.6,20,1,3245.7,73,3
11536,2025-12-30 09:27:19+05:30,3244.2,1,3248.64,51635,74782.0,97907.0,3250.0,3253.0,3240.2,3251.5,41245050,3576.6,2926.4,4322.95,2866.6,3244.1,48,1,3244.0,84,3,3243.9,138,6,3243.8,89,5,3243.7,68,3,3245.0,103,15,3245.4,40,2,3245.5,61,2,3245.7,93,4,3245.8,64,5
11536,2025-12-30 09:27:19+05:30,3244.1,2,3248.64,51635,74782.0,97907.0,3250.0,3253.0,3240.2,3251.5,41245050,3576.6,2926.4,4322.95,2866.6,3244.1,48,1,3244.0,84,3,3243.9,138,6,3243.8,89,5,3243.7,68,3,3245.0,103,15,3245.4,40,2,3245.5,61,2,3245.7,93,4,3245.8,64,5
11536,2025-12-30 09:27:20+05:30,3244.1,2,3248.64,51637,75136.0,97890.0,3250.0,3253.0,3240.2,3251.5,41245050,3576.6,2926.4,4322.95,2866.6,3244.1,46,1,3244.0,108,5,3243.9,123,5,3243.8,76,4,3243.7,68,3,3245.0,103,15,3245.4,40,2,3245.5,61,2,3245.7,93,4,3245.8,64,5
11536,2025-12-30 09:27:21+05:30,3244.1,13,3248.64,51650,75127.0,98069.0,3250.0,3253.0,3240.2,3251.5,41245050,3576.6,2926.4,4322.95,2866.6,3244.1,33,1,3244.0,89,4,3243.9,123,5,3243.8,76,4,3243.7,68,3,3245.0,114,16,3245.4,49,3,3245.5,42,1,3245.7,93,4,3245.8,64,5
11536,2025-12-30 09:27:21+05:30,3244.1,13,3248.64,51650,75127.0,98069.0,3250.0,3253.0,3240.2,3251.5,41245050,3576.6,2926.4,4322.95,2866.6,3244.1,33,1,3244.0,89,4,3243.9,123,5,3243.8,76,4,3243.7,68,3,3245.0,114,16,3245.4,49,3,3245.5,42,1,3245.7,93,4,3245.8,64,5
11536,2025-12-30 09:27:22+05:30,3245.0,2,3248.64,51650,75127.0,98069.0,3250.0,3253.0,3240.2,3251.5,41245050,3576.6,2926.4,4322.95,2866.6,3244.1,33,1,3244.0,89,4,3243.9,123,5,3243.8,76,4,3243.7,68,3,3245.0,114,16,3245.4,49,3,3245.5,42,1,3245.7,93,4,3245.8,64,5
11536,2025-12-30 09:27:22+05:30,3245.0,2,3248.64,51654,75235.0,97631.0,3250.0,3253.0,3240.2,3251.5,41245050,3576.6,2926.4,4322.95,2866.6,3244.2,35,4,3244.1,65,3,3244.0,121,4,3243.9,191,8,3243.8,76,4,3245.0,112,17,3245.4,11,1,3245.7,93,4,3245.8,43,4,3245.9,75,3
11536,2025-12-30 09:27:23+05:30,3244.2,1,3248.64,51655,75304.0,97670.0,3250.0,3253.0,3240.2,3251.5,41245050,3576.6,2926.4,4322.95,2866.6,3244.2,24,3,3244.1,33,1,3244.0,111,5,3243.9,210,9,3243.8,76,4,3245.0,112,17,3245.4,11,1,3245.5,7,1,3245.7,73,3,3245.8,25,3
11536,2025-12-30 09:27:24+05:30,3244.2,1,3248.64,51655,75304.0,97670.0,3250.0,3253.0,3240.2,3251.5,41245050,3576.6,2926.4,4322.95,2866.6,3244.2,24,3,3244.1,33,1,3244.0,111,5,3243.9,210,9,3243.8,76,4,3245.0,112,17,3245.4,11,1,3245.5,7,1,3245.7,73,3,3245.8,25,3
11536,2025-12-30 09:27:24+05:30,3244.1,1,3248.64,51657,73314.0,98374.0,3250.0,3253.0,3240.2,3251.5,41245050,3576.6,2926.4,4322.95,2866.6,3244.1,32,1,3244.0,66,3,3243.9,105,4,3243.8,38,2,3243.7,68,3,3245.0,124,18,3245.2,9,1,3245.3,42,2,3245.4,103,6,3245.6,43,3
11536,2025-12-30 09:27:25+05:30,3245.0,1,3248.64,51657,73314.0,98374.0,3250.0,3253.0,3240.2,3251.5,41245050,3576.6,2926.4,4322.95,2866.6,3244.1,32,1,3244.0,66,3,3243.9,105,4,3243.8,38,2,3243.7,68,3,3245.0,124,18,3245.2,9,1,3245.3,42,2,3245.4,103,6,3245.6,43,3
11536,2025-12-30 09:27:26+05:30,3245.0,3,3248.64,51681,73528.0,98392.0,3250.0,3253.0,3240.2,3251.5,41245050,3576.6,2926.4,4322.95,2866.6,3244.1,39,2,3244.0,219,4,3243.9,120,5,3243.8,58,3,3243.7,68,3,3245.0,141,19,3245.2,36,2,3245.3,14,1,3245.4,55,4,3245.6,43,3
11536,2025-12-30 09:27:26+05:30,3244.0,12,3248.64,51681,73528.0,98392.0,3250.0,3253.0,3240.2,3251.5,41245050,3576.6,2926.4,4322.95,2866.6,3244.1,39,2,3244.0,219,4,3243.9,120,5,3243.8,58,3,3243.7,68,3,3245.0,141,19,3245.2,36,2,3245.3,14,1,3245.4,55,4,3245.6,43,3
11536,2025-12-30 09:27:27+05:30,3244.0,14,3248.63,51748,73751.0,98475.0,3250.0,3253.0,3240.2,3251.5,41245050,3576.6,2926.4,4322.95,2866.6,3244.0,40,3,3243.9,105,4,3243.8,10,1,3243.7,68,3,3243.6,31,4,3245.0,152,21,3245.1,36,2,3245.2,36,1,3245.3,46,3,3245.4,113,6
11536,2025-12-30 09:27:27+05:30,3244.5,2,3248.63,51748,73751.0,98475.0,3250.0,3253.0,3240.2,3251.5,41245050,3576.6,2926.4,4322.95,2866.6,3244.0,40,3,3243.9,105,4,3243.8,10,1,3243.7,68,3,3243.6,31,4,3245.0,152,21,3245.1,36,2,3245.2,36,1,3245.3,46,3,3245.4,113,6
11536,2025-12-30 09:27:28+05:30,3244.7,1,3248.59,52176,72999.0,99166.0,3250.0,3253.0,3240.2,3251.5,41245050,3576.6,2926.4,4322.95,2866.6,3243.6,4,1,3243.5,6,2,3243.4,19,1,3243.2,165,1,3243.1,74,3,3244.6,45,3,3244.7,80,2,3244.8,113,5,3244.9,103,4,3245.0,136,20
11536,2025-12-30 09:27:28+05:30,3244.7,1,3248.59,52176,72999.0,99166.0,3250.0,3253.0,3240.2,3251.5,41245050,3576.6,2926.4,4322.95,2866.6,3243.6,4,1,3243.5,6,2,3243.4,19,1,3243.2,165,1,3243.1,74,3,3244.6,45,3,3244.7,80,2,3244.8,113,5,3244.9,103,4,3245.0,136,20
11536,2025-12-30 09:27:29+05:30,3242.6,14,3248.59,52257,72343.0,100439.0,3250.0,3253.0,3240.2,3251.5,41245050,3576.6,2926.4,4322.95,2866.6,3242.5,52,1,3242.4,186,2,3242.3,76,2,3242.2,186,2,3242.1,173,4,3243.5,2,1,3243.8,36,2,3243.9,17,1,3244.0,1,1,3244.1,23,1
11536,2025-12-30 09:27:29+05:30,3244.0,6,3248.59,52257,72343.0,100439.0,3250.0,3253.0,3240.2,3251.5,41245050,3576.6,2926.4,4322.95,2866.6,3242.5,52,1,3242.4,186,2,3242.3,76,2,3242.2,186,2,3242.1,173,4,3243.5,2,1,3243.8,36,2,3243.9,17,1,3244.0,1,1,3244.1,23,1
11536,2025-12-30 09:27:30+05:30,3244.0,6,3248.58,52304,74857.0,98187.0,3250.0,3253.0,3240.2,3251.5,41245050,3576.6,2926.4,4322.95,2866.6,3243.6,24,3,3243.4,19,1,3243.1,215,4,3243.0,46,3,3242.9,243,4,3244.6,51,4,3244.7,28,1,3244.9,31,2,3245.0,149,18,3245.1,33,3
11536,2025-12-30 09:27:31+05:30,3244.6,10,3248.58,52314,74839.0,98387.0,3250.0,3253.0,3240.2,3251.5,41245050,3576.6,2926.4,4322.95,2866.6,3243.6,24,3,3243.2,3,1,3243.1,20,2,3243.0,44,2,3242.9,234,3,3244.6,36,4,3244.7,43,2,3244.8,54,2,3244.9,125,5,3245.0,169,19
11536,2025-12-30 09:27:31+05:30,3242.3,19,3248.58,52314,74839.0,98387.0,3250.0,3253.0,3240.2,3251.5,41245050,3576.6,2926.4,4322.95,2866.6,3243.6,24,3,3243.2,3,1,3243.1,20,2,3243.0,44,2,3242.9,234,3,3244.6,36,4,3244.7,43,2,3244.8,54,2,3244.9,125,5,3245.0,169,19
11536,2025-12-30 09:27:32+05:30,3244.3,5,3248.36,54329,74016.0,99801.0,3250.0,3253.0,3240.2,3251.5,41245050,3576.6,2926.4,4322.95,2866.6,3243.1,50,2,3243.0,19,1,3242.9,32,3,3242.8,36,2,3242.7,34,2,3244.4,55,2,3244.5,55,3,3244.6,67,5,3244.7,56,5,3244.8,113,6
11536,2025-12-30 09:27:32+05:30,3244.3,5,3248.36,54329,74016.0,99801.0,3250.0,3253.0,3240.2,3251.5,41245050,3576.6,2926.4,4322.95,2866.6,3243.1,50,2,3243.0,19,1,3242.9,32,3,3242.8,36,2,3242.7,34,2,3244.4,55,2,3244.5,55,3,3244.6,67,5,3244.7,56,5,3244.8,113,6
11536,2025-12-30 09:27:33+05:30,3243.3,1,3248.36,54340,75140.0,99726.0,3250.0,3253.0,3240.2,3251.5,41245050,3576.6,2926.4,4322.95,2866.6,3243.3,21,3,3243.2,10,1,3243.1,219,3,3243.0,98,4,3242.9,61,4,3244.0,20,1,3244.5,17,1,3244.6,26,1,3244.7,62,2,3244.8,75,4
11536,2025-12-30 09:27:33+05:30,3243.3,1,3248.36,54340,75140.0,99726.0,3250.0,3253.0,3240.2,3251.5,41245050,3576.6,2926.4,4322.95,2866.6,3243.3,21,3,3243.2,10,1,3243.1,219,3,3243.0,98,4,3242.9,61,4,3244.0,20,1,3244.5,17,1,3244.6,26,1,3244.7,62,2,3244.8,75,4
11536,2025-12-30 09:27:34+05:30,3243.3,1,3248.36,54340,74872.0,100612.0,3250.0,3253.0,3240.2,3251.5,41245050,3576.6,2926.4,4322.95,2866.6,3243.0,36,3,3242.9,15,2,3242.8,54,3,3242.7,233,5,3242.6,207,3,3244.0,20,1,3244.5,106,3,3244.6,68,2,3244.7,111,4,3244.8,69,3
11536,2025-12-30 09:27:35+05:30,3244.0,1,3248.36,54340,74872.0,100612.0,3250.0,3253.0,3240.2,3251.5,41245050,3576.6,2926.4,4322.95,2866.6,3243.0,36,3,3242.9,15,2,3242.8,54,3,3242.7,233,5,3242.6,207,3,3244.0,20,1,3244.5,106,3,3244.6,68,2,3244.7,111,4,3244.8,69,3
11536,2025-12-30 09:27:35+05:30,3243.0,1,3248.36,54342,74144.0,100468.0,3250.0,3253.0,3240.2,3251.5,41245050,3576.6,2926.4,4322.95,2866.6,3243.0,25,3,3242.9,35,3,3242.8,1,1,3242.7,20,1,3242.6,29,1,3244.0,19,1,3244.4,27,2,3244.5,32,2,3244.6,51,2,3244.8,174,9
11536,2025-12-30 09:27:36+05:30,3244.0,1,3248.36,54342,74144.0,100468.0,3250.0,3253.0,3240.2,3251.5,41245050,3576.6,2926.4,4322.95,2866.6,3243.0,25,3,3242.9,35,3,3242.8,1,1,3242.7,20,1,3242.6,29,1,3244.0,19,1,3244.4,27,2,3244.5,32,2,3244.6,51,2,3244.8,174,9
11536,2025-12-30 09:27:36+05:30,3243.0,1,3248.36,54355,75041.0,100615.0,3250.0,3253.0,3240.2,3251.5,41245050,3576.6,2926.4,4322.95,2866.6,3243.0,25,4,3242.9,35,3,3242.8,1,1,3242.7,27,2,3242.6,29,1,3244.0,7,1,3244.4,27,2,3244.5,32,2,3244.6,51,2,3244.7,43,1
11536,2025-12-30 09:27:37+05:30,3242.9,4,3248.36,54355,75041.0,100615.0,3250.0,3253.0,3240.2,3251.5,41245050,3576.6,2926.4,4322.95,2866.6,3243.0,25,4,3242.9,35,3,3242.8,1,1,3242.7,27,2,3242.6,29,1,3244.0,7,1,3244.4,27,2,3244.5,32,2,3244.6,51,2,3244.7,43,1
11536,2025-12-30 09:27:37+05:30,3242.9,4,3248.36,54376,75696.0,99695.0,3250.0,3253.0,3240.2,3251.5,41245050,3576.6,2926.4,4322.95,2866.6,3243.1,80,4,3242.9,29,3,3242.8,1,1,3242.7,222,4,3242.6,271,5,3244.0,170,3,3244.3,5,1,3244.4,26,1,3244.6,45,2,3244.8,132,6
11536,2025-12-30 09:27:38+05:30,3244.0,1,3248.36,54376,75696.0,99695.0,3250.0,3253.0,3240.2,3251.5,41245050,3576.6,2926.4,4322.95,2866.6,3243.1,80,4,3242.9,29,3,3242.8,1,1,3242.7,222,4,3242.6,271,5,3244.0,170,3,3244.3,5,1,3244.4,26,1,3244.6,45,2,3244.8,132,6
11536,2025-12-30 09:27:38+05:30,3244.0,1,3248.36,54383,75997.0,99287.0,3250.0,3253.0,3240.2,3251.5,41245050,3576.6,2926.4,4322.95,2866.6,3243.2,64,5,3243.1,55,4,3243.0,180,2,3242.9,54,4,3242.8,248,4,3244.0,163,2,3244.3,5,1,3244.8,50,3,3244.9,3,1,3245.0,240,23
11536,2025-12-30 09:27:39+05:30,3244.0,48,3248.36,54383,75997.0,99287.0,3250.0,3253.0,3240.2,3251.5,41245050,3576.6,2926.4,4322.95,2866.6,3243.2,64,5,3243.1,55,4,3243.0,180,2,3242.9,54,4,3242.8,248,4,3244.0,163,2,3244.3,5,1,3244.8,50,3,3244.9,3,1,3245.0,240,23
11536,2025-12-30 09:27:40+05:30,3243.3,1,3248.35,54445,76150.0,99304.0,3250.0,3253.0,3240.2,3251.5,41245050,3576.6,2926.4,4322.95,2866.6,3243.3,53,3,3243.2,30,4,3243.1,5,1,3243.0,77,5,3242.9,241,6,3244.0,235,2,3244.3,5,1,3244.8,42,1,3245.0,199,23,3245.1,3,1
11536,2025-12-30 09:27:40+05:30,3244.0,1,3248.35,54445,76150.0,99304.0,3250.0,3253.0,3240.2,3251.5,41245050,3576.6,2926.4,4322.95,2866.6,3243.3,53,3,3243.2,30,4,3243.1,5,1,3243.0,77,5,3242.9,241,6,3244.0,235,2,3244.3,5,1,3244.8,42,1,3245.0,199,23,3245.1,3,1
11536,2025-12-30 09:27:41+05:30,3243.3,1,3248.35,54497,76131.0,99464.0,3250.0,3253.0,3240.2,3251.5,41245050,3576.6,2926.4,4322.95,2866.6,3243.3,29,4,3243.2,64,6,3243.1,176,2,3243.0,48,4,3242.9,41,4,3244.0,234,2,3244.3,5,1,3244.8,42,1,3245.0,181,23,3245.1,12,2
11536,2025-12-30 09:27:41+05:30,3243.3,1,3248.35,54497,76131.0,99464.0,3250.0,3253.0,3240.2,3251.5,41245050,3576.6,2926.4,4322.95,2866.6,3243.3,29,4,3243.2,64,6,3243.1,176,2,3243.0,48,4,3242.9,41,4,3244.0,234,2,3244.3,5,1,3244.8,42,1,3245.0,181,23,3245.1,12,2
11536,2025-12-30 09:27:42+05:30,3244.0,20,3248.35,54517,76274.0,99499.0,3250.0,3253.0,3240.2,3251.5,41245050,3576.6,2926.4,4322.95,2866.6,3243.3,17,3,3243.2,30,4,3243.1,23,2,3243.0,86,6,3242.9,199,5,3244.0,214,2,3244.3,5,1,3244.8,42,1,3245.0,222,23,3245.1,99,4
11536,2025-12-30 09:27:42+05:30,3244.0,20,3248.35,54517,76274.0,99499.0,3250.0,3253.0,3240.2,3251.5,41245050,3576.6,2926.4,4322.95,2866.6,3243.3,17,3,3243.2,30,4,3243.1,23,2,3243.0,86,6,3242.9,199,5,3244.0,214,2,3244.3,5,1,3244.8,42,1,3245.0,222,23,3245.1,99,4
11536,2025-12-30 09:27:43+05:30,3244.0,20,3248.35,54517,76357.0,99499.0,3250.0,3253.0,3240.2,3251.5,41245050,3576.6,2926.4,4322.95,2866.6,3243.3,29,4,3243.2,45,5,3243.1,207,4,3243.0,67,5,3242.9,41,4,3244.0,214,2,3244.3,5,1,3244.8,42,1,3245.0,222,23,3245.1,99,4
11536,2025-12-30 09:27:44+05:30,3243.3,1,3248.35,54518,76513.0,99565.0,3250.0,3253.0,3240.2,3251.5,41245050,3576.6,2926.4,4322.95,2866.6,3243.3,28,4,3243.2,45,5,3243.1,207,4,3243.0,67,5,3242.9,41,4,3244.0,260,3,3244.3,5,1,3244.8,42,1,3245.0,222,23,3245.1,99,4
11536,2025-12-30 09:27:44+05:30,3243.3,1,3248.35,54518,76513.0,99565.0,3250.0,3253.0,3240.2,3251.5,41245050,3576.6,2926.4,4322.95,2866.6,3243.3,28,4,3243.2,45,5,3243.1,207,4,3243.0,67,5,3242.9,41,4,3244.0,260,3,3244.3,5,1,3244.8,42,1,3245.0,222,23,3245.1,99,4
11536,2025-12-30 09:27:45+05:30,3244.0,1,3248.35,54520,76646.0,99788.0,3250.0,3253.0,3240.2,3251.5,41245050,3576.6,2926.4,4322.95,2866.6,3243.3,19,3,3243.2,30,4,3243.1,188,3,3243.0,67,5,3242.9,41,4,3244.0,259,3,3244.3,5,1,3244.6,19,1,3244.7,30,1,3244.8,42,1
11536,2025-12-30 09:27:45+05:30,3244.0,1,3248.35,54520,76646.0,99788.0,3250.0,3253.0,3240.2,3251.5,41245050,3576.6,2926.4,4322.95,2866.6,3243.3,19,3,3243.2,30,4,3243.1,188,3,3243.0,67,5,3242.9,41,4,3244.0,259,3,3244.3,5,1,3244.6,19,1,3244.7,30,1,3244.8,42,1
11536,2025-12-30 09:27:46+05:30,3244.0,1,3248.35,54523,76565.0,99952.0,3250.0,3253.0,3240.2,3251.5,41245050,3576.6,2926.4,4322.95,2866.6,3243.3,17,3,3243.2,30,4,3243.1,23,2,3243.0,67,5,3242.9,205,5,3244.0,258,3,3244.3,5,1,3244.6,19,1,3244.7,30,1,3244.8,44,2
11536,2025-12-30 09:27:46+05:30,3244.0,1,3248.35,54523,76565.0,99952.0,3250.0,3253.0,3240.2,3251.5,41245050,3576.6,2926.4,4322.95,2866.6,3243.3,17,3,3243.2,30,4,3243.1,23,2,3243.0,67,5,3242.9,205,5,3244.0,258,3,3244.3,5,1,3244.6,19,1,3244.7,30,1,3244.8,44,2
11536,2025-12-30 09:27:47+05:30,3243.3,2,3248.35,54526,76558.0,100103.0,3250.0,3253.0,3240.2,3251.5,41245050,3576.6,2926.4,4322.95,2866.6,3243.3,33,5,3243.2,21,3,3243.1,7,2,3243.0,47,4,3242.9,186,4,3244.0,257,3,3244.3,5,1,3244.6,19,1,3244.7,39,2,3244.8,69,2
11536,2025-12-30 09:27:47+05:30,3243.3,2,3248.35,54526,76558.0,100103.0,3250.0,3253.0,3240.2,3251.5,41245050,3576.6,2926.4,4322.95,2866.6,3243.3,33,5,3243.2,21,3,3243.1,7,2,3243.0,47,4,3242.9,186,4,3244.0,257,3,3244.3,5,1,3244.6,19,1,3244.7,39,2,3244.8,69,2
11536,2025-12-30 09:27:48+05:30,3244.0,1,3248.34,54544,76433.0,100267.0,3250.0,3253.0,3240.2,3251.5,41245050,3576.6,2926.4,4322.95,2866.6,3243.3,17,3,3243.2,9,2,3243.1,7,2,3243.0,33,3,3242.9,22,3,3244.0,240,3,3244.3,5,1,3244.6,19,1,3244.7,39,2,3244.8,95,4
11536,2025-12-30 09:27:48+05:30,3244.0,1,3248.34,54544,76433.0,100267.0,3250.0,3253.0,3240.2,3251.5,41245050,3576.6,2926.4,4322.95,2866.6,3243.3,17,3,3243.2,9,2,3243.1,7,2,3243.0,33,3,3242.9,22,3,3244.0,240,3,3244.3,5,1,3244.6,19,1,3244.7,39,2,3244.8,95,4
11536,2025-12-30 09:27:49+05:30,3243.3,1,3248.34,54544,76433.0,100267.0,3250.0,3253.0,3240.2,3251.5,41245050,3576.6,2926.4,4322.95,2866.6,3243.3,17,3,3243.2,9,2,3243.1,7,2,3243.0,33,3,3242.9,22,3,3244.0,240,3,3244.3,5,1,3244.6,19,1,3244.7,39,2,3244.8,95,4
11536,2025-12-30 09:27:49+05:30,3243.3,1,3248.34,54545,76161.0,100504.0,3250.0,3253.0,3240.2,3251.5,41245050,3576.6,2926.4,4322.95,2866.6,3243.3,6,2,3243.2,6,1,3243.1,7,2,3243.0,33,3,3242.9,4,2,3244.0,254,4,3244.2,19,1,3244.3,5,1,3244.4,50,2,3244.5,61,2
11536,2025-12-30 09:27:50+05:30,3243.3,5,3248.34,54545,76161.0,100504.0,3250.0,3253.0,3240.2,3251.5,41245050,3576.6,2926.4,4322.95,2866.6,3243.3,6,2,3243.2,6,1,3243.1,7,2,3243.0,33,3,3242.9,4,2,3244.0,254,4,3244.2,19,1,3244.3,5,1,3244.4,50,2,3244.5,61,2
11536,2025-12-30 09:27:50+05:30,3243.3,5,3248.33,54756,74788.0,101157.0,3250.0,3253.0,3240.2,3251.5,41245050,3576.6,2926.4,4322.95,2866.6,3243.3,3,1,3243.2,6,1,3243.1,7,2,3243.0,30,2,3242.9,1,1,3244.0,346,8,3244.1,79,4,3244.2,56,2,3244.3,58,3,3244.5,201,9
11536,2025-12-30 09:27:51+05:30,3243.3,2,3248.33,54756,74788.0,101157.0,3250.0,3253.0,3240.2,3251.5,41245050,3576.6,2926.4,4322.95,2866.6,3243.3,3,1,3243.2,6,1,3243.1,7,2,3243.0,30,2,3242.9,1,1,3244.0,346,8,3244.1,79,4,3244.2,56,2,3244.3,58,3,3244.5,201,9
11536,2025-12-30 09:27:51+05:30,3243.3,2,3248.33,54768,74786.0,101248.0,3250.0,3253.0,3240.2,3251.5,41245050,3576.6,2926.4,4322.95,2866.6,3243.3,1,1,3243.2,6,1,3243.1,21,3,3243.0,30,2,3242.9,1,1,3244.0,291,7,3244.1,55,3,3244.2,56,2,3244.3,58,3,3244.4,21,1
11536,2025-12-30 09:27:52+05:30,3243.3,1,3248.33,54768,74786.0,101248.0,3250.0,3253.0,3240.2,3251.5,41245050,3576.6,2926.4,4322.95,2866.6,3243.3,1,1,3243.2,6,1,3243.1,21,3,3243.0,30,2,3242.9,1,1,3244.0,291,7,3244.1,55,3,3244.2,56,2,3244.3,58,3,3244.4,21,1
11536,2025-12-30 09:27:52+05:30,3243.3,1,3248.33,54769,75525.0,100946.0,3250.0,3253.0,3240.2,3251.5,41245050,3576.6,2926.4,4322.95,2866.6,3243.3,8,1,3243.2,19,2,3243.1,7,2,3243.0,30,2,3242.9,1,1,3244.0,312,7,3244.1,10,1,3244.3,37,2,3244.5,114,6,3244.6,21,1
11536,2025-12-30 09:27:53+05:30,3243.3,50,3248.33,54769,75525.0,100946.0,3250.0,3253.0,3240.2,3251.5,41245050,3576.6,2926.4,4322.95,2866.6,3243.3,8,1,3243.2,19,2,3243.1,7,2,3243.0,30,2,3242.9,1,1,3244.0,312,7,3244.1,10,1,3244.3,37,2,3244.5,114,6,3244.6,21,1
11536,2025-12-30 09:27:53+05:30,3243.3,50,3248.32,54819,75576.0,100969.0,3250.0,3253.0,3240.2,3251.5,41245050,3576.6,2926.4,4322.95,2866.6,3243.3,1,1,3243.2,19,2,3243.1,7,2,3243.0,130,3,3242.9,1,1,3244.0,312,7,3244.1,10,1,3244.3,75,3,3244.5,133,7,3244.6,29,2
11536,2025-12-30 09:27:54+05:30,3243.4,1,3248.32,54820,76126.0,99836.0,3250.0,3253.0,3240.2,3251.5,41245050,3576.6,2926.4,4322.95,2866.6,3243.4,13,2,3243.3,2,2,3243.2,6,1,3243.1,35,4,3243.0,130,3,3244.0,237,4,3244.3,26,2,3244.4,28,1,3244.5,75,3,3244.7,38,3
11536,2025-12-30 09:27:55+05:30,3243.4,4,3248.32,54820,76126.0,99836.0,3250.0,3253.0,3240.2,3251.5,41245050,3576.6,2926.4,4322.95,2866.6,3243.4,13,2,3243.3,2,2,3243.2,6,1,3243.1,35,4,3243.0,130,3,3244.0,237,4,3244.3,26,2,3244.4,28,1,3244.5,75,3,3244.7,38,3
11536,2025-12-30 09:27:55+05:30,3243.2,3,3248.32,54839,76202.0,99777.0,3250.0,3253.0,3240.2,3251.5,41245050,3576.6,2926.4,4322.95,2866.6,3243.2,3,1,3243.1,7,2,3243.0,130,3,3242.9,1,1,3242.8,24,2,3244.0,264,5,3244.1,32,1,3244.2,10,1,3244.3,33,2,3244.4,18,1
11536,2025-12-30 09:27:56+05:30,3244.0,1,3248.32,54839,76202.0,99777.0,3250.0,3253.0,3240.2,3251.5,41245050,3576.6,2926.4,4322.95,2866.6,3243.2,3,1,3243.1,7,2,3243.0,130,3,3242.9,1,1,3242.8,24,2,3244.0,264,5,3244.1,32,1,3244.2,10,1,3244.3,33,2,3244.4,18,1
11536,2025-12-30 09:27:56+05:30,3244.0,1,3248.32,54840,76208.0,99735.0,3250.0,3253.0,3240.2,3251.5,41245050,3576.6,2926.4,4322.95,2866.6,3243.2,14,3,3243.1,21,3,3243.0,130,3,3242.9,1,1,3242.8,24,2,3244.0,235,4,3244.3,33,2,3244.4,65,3,3244.5,43,2,3244.6,21,1
11536,2025-12-30 09:27:57+05:30,3243.2,1,3248.32,54840,76208.0,99735.0,3250.0,3253.0,3240.2,3251.5,41245050,3576.6,2926.4,4322.95,2866.6,3243.2,14,3,3243.1,21,3,3243.0,130,3,3242.9,1,1,3242.8,24,2,3244.0,235,4,3244.3,33,2,3244.4,65,3,3244.5,43,2,3244.6,21,1
11536,2025-12-30 09:27:57+05:30,3243.2,1,3248.31,54899,76354.0,99482.0,3250.0,3253.0,3240.2,3251.5,41245050,3576.6,2926.4,4322.95,2866.6,3243.2,20,4,3243.1,45,4,3243.0,180,5,3242.9,19,2,3242.8,20,1,3244.0,235,4,3244.3,5,1,3244.5,43,2,3244.7,20,3,3244.8,108,6
11536,2025-12-30 09:27:58+05:30,3243.2,1,3248.31,54899,76354.0,99482.0,3250.0,3253.0,3240.2,3251.5,41245050,3576.6,2926.4,4322.95,2866.6,3243.2,20,4,3243.1,45,4,3243.0,180,5,3242.9,19,2,3242.8,20,1,3244.0,235,4,3244.3,5,1,3244.5,43,2,3244.7,20,3,3244.8,108,6
11536,2025-12-30 09:27:58+05:30,3243.2,1,3248.31,54899,76612.0,99416.0,3250.0,3253.0,3240.2,3251.5,41245050,3576.6,2926.4,4322.95,2866.6,3243.3,14,2,3243.2,20,4,3243.1,45,4,3243.0,199,6,3242.9,19,2,3244.0,235,4,3244.3,5,1,3244.5,43,2,3244.7,12,2,3244.8,108,6
11536,2025-12-30 09:27:59+05:30,3244.0,1,3248.31,54899,76612.0,99416.0,3250.0,3253.0,3240.2,3251.5,41245050,3576.6,2926.4,4322.95,2866.6,3243.3,14,2,3243.2,20,4,3243.1,45,4,3243.0,199,6,3242.9,19,2,3244.0,235,4,3244.3,5,1,3244.5,43,2,3244.7,12,2,3244.8,108,6
11536,2025-12-30 09:27:59+05:30,3244.0,1,3248.31,54900,76644.0,99595.0,3250.0,3253.0,3240.2,3251.5,41245050,3576.6,2926.4,4322.95,2866.6,3243.3,17,3,3243.2,28,4,3243.1,45,4,3243.0,199,6,3242.9,19,2,3244.0,234,4,3244.3,5,1,3244.5,43,2,3244.7,12,2,3244.8,108,6
11536,2025-12-30 09:28:00+05:30,3244.0,33,3248.31,54900,76644.0,99595.0,3250.0,3253.0,3240.2,3251.5,41245050,3576.6,2926.4,4322.95,2866.6,3243.3,17,3,3243.2,28,4,3243.1,45,4,3243.0,199,6,3242.9,19,2,3244.0,234,4,3244.3,5,1,3244.5,43,2,3244.7,12,2,3244.8,108,6
11536,2025-12-30 09:28:01+05:30,3244.0,10,3248.3,55077,76676.0,99441.0,3250.0,3253.0,3240.2,3251.5,41245050,3576.6,2926.4,4322.95,2866.6,3243.4,104,2,3243.3,27,4,3243.2,47,4,3243.1,7,2,3243.0,47,3,3244.0,118,3,3244.3,5,1,3244.5,1,1,3244.7,9,1,3244.8,86,4
11536,2025-12-30 09:28:01+05:30,3244.0,10,3248.3,55077,76676.0,99441.0,3250.0,3253.0,3240.2,3251.5,41245050,3576.6,2926.4,4322.95,2866.6,3243.4,104,2,3243.3,27,4,3243.2,47,4,3243.1,7,2,3243.0,47,3,3244.0,118,3,3244.3,5,1,3244.5,1,1,3244.7,9,1,3244.8,86,4
11536,2025-12-30 09:28:02+05:30,3243.4,1,3248.3,55078,75083.0,100246.0,3250.0,3253.0,3240.2,3251.5,41245050,3576.6,2926.4,4322.95,2866.6,3243.4,107,2,3243.3,17,3,3243.2,6,1,3243.1,7,2,3243.0,30,2,3244.0,118,3,3244.2,21,1,3244.3,29,2,3244.4,33,1,3244.5,87,4
11536,2025-12-30 09:28:02+05:30,3243.4,1,3248.3,55078,75083.0,100246.0,3250.0,3253.0,3240.2,3251.5,41245050,3576.6,2926.4,4322.95,2866.6,3243.4,107,2,3243.3,17,3,3243.2,6,1,3243.1,7,2,3243.0,30,2,3244.0,118,3,3244.2,21,1,3244.3,29,2,3244.4,33,1,3244.5,87,4
11536,2025-12-30 09:28:03+05:30,3243.4,1,3248.3,55080,75578.0,100498.0,3250.0,3253.0,3240.2,3251.5,41245050,3576.6,2926.4,4322.95,2866.6,3243.4,105,2,3243.3,17,3,3243.2,6,1,3243.1,7,2,3243.0,31,3,3244.0,233,5,3244.3,29,2,3244.4,33,1,3244.5,106,5,3244.6,85,3
11536,2025-12-30 09:28:03+05:30,3244.0,82,3248.3,55080,75578.0,100498.0,3250.0,3253.0,3240.2,3251.5,41245050,3576.6,2926.4,4322.95,2866.6,3243.4,105,2,3243.3,17,3,3243.2,6,1,3243.1,7,2,3243.0,31,3,3244.0,233,5,3244.3,29,2,3244.4,33,1,3244.5,106,5,3244.6,85,3
11536,2025-12-30 09:28:04+05:30,3243.4,3,3248.28,55283,76065.0,100466.0,3250.0,3253.0,3240.2,3251.5,41245050,3576.6,2926.4,4322.95,2866.6,3243.4,102,2,3243.3,17,3,3243.2,20,3,3243.1,7,2,3243.0,31,3,3244.0,304,4,3244.3,38,2,3244.4,24,1,3244.5,26,2,3244.6,64,2
11536,2025-12-30 09:28:04+05:30,3243.4,20,3248.28,55283,76065.0,100466.0,3250.0,3253.0,3240.2,3251.5,41245050,3576.6,2926.4,4322.95,2866.6,3243.4,102,2,3243.3,17,3,3243.2,20,3,3243.1,7,2,3243.0,31,3,3244.0,304,4,3244.3,38,2,3244.4,24,1,3244.5,26,2,3244.6,64,2
11536,2025-12-30 09:28:05+05:30,3244.0,1,3248.28,55304,76072.0,100346.0,3250.0,3253.0,3240.2,3251.5,41245050,3576.6,2926.4,4322.95,2866.6,3243.4,86,3,3243.3,17,3,3243.2,7,2,3243.1,7,2,3243.0,31,3,3244.0,320,6,3244.3,29,2,3244.4,33,1,3244.5,68,4,3244.6,106,3
11536,2025-12-30 09:28:05+05:30,3244.0,1,3248.28,55304,76072.0,100346.0,3250.0,3253.0,3240.2,3251.5,41245050,3576.6,2926.4,4322.95,2866.6,3243.4,86,3,3243.3,17,3,3243.2,7,2,3243.1,7,2,3243.0,31,3,3244.0,320,6,3244.3,29,2,3244.4,33,1,3244.5,68,4,3244.6,106,3
11536,2025-12-30 09:28:05+05:30,3244.0,5,3248.28,55309,77060.0,98828.0,3250.0,3253.0,3240.2,3251.5,41245050,3576.6,2926.4,4322.95,2866.6,3243.4,98,4,3243.3,27,4,3243.2,64,4,3243.1,35,4,3243.0,49,4,3244.0,333,6,3244.3,5,1,3244.5,1,1,3244.6,42,1,3244.8,88,4
11536,2025-12-30 09:28:06+05:30,3244.0,5,3248.28,55309,77060.0,98828.0,3250.0,3253.0,3240.2,3251.5,41245050,3576.6,2926.4,4322.95,2866.6,3243.4,98,4,3243.3,27,4,3243.2,64,4,3243.1,35,4,3243.0,49,4,3244.0,333,6,3244.3,5,1,3244.5,1,1,3244.6,42,1,3244.8,88,4
11536,2025-12-30 09:28:07+05:30,3244.0,5,3248.28,55309,76942.0,99706.0,3250.0,3253.0,3240.2,3251.5,41245050,3576.6,2926.4,4322.95,2866.6,3243.4,86,3,3243.3,17,3,3243.2,7,2,3243.1,7,2,3243.0,29,3,3244.0,333,6,3244.2,21,1,3244.3,5,1,3244.5,46,2,3244.6,76,3
11536,2025-12-30 09:28:08+05:30,3244.0,5,3248.28,55309,77484.0,99449.0,3250.0,3253.0,3240.2,3251.5,41245050,3576.6,2926.4,4322.95,2866.6,3243.4,86,3,3243.3,17,3,3243.2,7,2,3243.1,44,4,3243.0,71,4,3244.0,333,6,3244.3,5,1,3244.5,12,1,3244.6,43,2,3244.8,150,7
11536,2025-12-30 09:28:09+05:30,3244.0,1,3248.28,55336,77454.0,99821.0,3250.0,3253.0,3240.2,3251.5,41245050,3576.6,2926.4,4322.95,2866.6,3243.4,81,3,3243.3,17,3,3243.2,7,2,3243.1,44,4,3243.0,47,3,3244.0,311,5,3244.3,5,1,3244.5,34,2,3244.6,43,2,3244.8,105,5
11536,2025-12-30 09:28:09+05:30,3244.0,1,3248.28,55336,77454.0,99821.0,3250.0,3253.0,3240.2,3251.5,41245050,3576.6,2926.4,4322.95,2866.6,3243.4,81,3,3243.3,17,3,3243.2,7,2,3243.1,44,4,3243.0,47,3,3244.0,311,5,3244.3,5,1,3244.5,34,2,3244.6,43,2,3244.8,105,5
11536,2025-12-30 09:28:10+05:30,3244.0,2,3248.28,55338,77575.0,99837.0,3250.0,3253.0,3240.2,3251.5,41245050,3576.6,2926.4,4322.95,2866.6,3243.4,81,3,3243.3,17,3,3243.2,7,2,3243.1,26,3,3243.0,26,2,3244.0,309,5,3244.3,5,1,3244.4,24,1,3244.5,12,1,3244.6,77,3
11536,2025-12-30 09:28:10+05:30,3243.4,1,3248.28,55338,77575.0,99837.0,3250.0,3253.0,3240.2,3251.5,41245050,3576.6,2926.4,4322.95,2866.6,3243.4,81,3,3243.3,17,3,3243.2,7,2,3243.1,26,3,3243.0,26,2,3244.0,309,5,3244.3,5,1,3244.4,24,1,3244.5,12,1,3244.6,77,3
11536,2025-12-30 09:28:11+05:30,3243.4,1,3248.28,55340,77331.0,99889.0,3250.0,3253.0,3240.2,3251.5,41245050,3576.6,2926.4,4322.95,2866.6,3243.4,80,3,3243.3,17,3,3243.2,7,2,3243.1,40,4,3243.0,26,2,3244.0,318,6,3244.1,23,1,3244.2,17,1,3244.3,5,1,3244.5,67,3
11536,2025-12-30 09:28:12+05:30,3243.4,1,3248.28,55340,77294.0,99889.0,3250.0,3253.0,3240.2,3251.5,41245050,3576.6,2926.4,4322.95,2866.6,3243.4,80,3,3243.3,17,3,3243.2,7,2,3243.1,21,3,3243.0,1,1,3244.0,318,6,3244.1,23,1,3244.2,17,1,3244.3,5,1,3244.5,67,3
11536,2025-12-30 09:28:12+05:30,3243.4,1,3248.28,55340,77294.0,99889.0,3250.0,3253.0,3240.2,3251.5,41245050,3576.6,2926.4,4322.95,2866.6,3243.4,80,3,3243.3,17,3,3243.2,7,2,3243.1,21,3,3243.0,1,1,3244.0,318,6,3244.1,23,1,3244.2,17,1,3244.3,5,1,3244.5,67,3
11536,2025-12-30 09:28:13+05:30,3243.4,10,3248.28,55353,76477.0,100210.0,3250.0,3253.0,3240.2,3251.5,41245050,3576.6,2926.4,4322.95,2866.6,3243.4,67,3,3243.3,17,3,3243.2,8,3,3243.1,21,3,3243.0,1,1,3244.0,338,7,3244.1,23,1,3244.2,17,1,3244.3,5,1,3244.4,34,1
11536,2025-12-30 09:28:13+05:30,3243.4,2,3248.28,55353,76477.0,100210.0,3250.0,3253.0,3240.2,3251.5,41245050,3576.6,2926.4,4322.95,2866.6,3243.4,67,3,3243.3,17,3,3243.2,8,3,3243.1,21,3,3243.0,1,1,3244.0,338,7,3244.1,23,1,3244.2,17,1,3244.3,5,1,3244.4,34,1
11536,2025-12-30 09:28:14+05:30,3243.4,2,3248.28,55355,76627.0,100241.0,3250.0,3253.0,3240.2,3251.5,41245050,3576.6,2926.4,4322.95,2866.6,3243.4,65,3,3243.3,17,3,3243.2,8,3,3243.1,7,2,3243.0,1,1,3244.0,338,7,3244.2,17,1,3244.3,28,2,3244.4,34,1,3244.5,12,1
11536,2025-12-30 09:28:15+05:30,3244.0,2,3248.28,55357,76078.0,100740.0,3250.0,3253.0,3240.2,3251.5,41245050,3576.6,2926.4,4322.95,2866.6,3243.4,61,2,3243.3,17,3,3243.2,8,3,3243.1,21,3,3243.0,1,1,3244.0,356,8,3244.2,17,1,3244.3,55,3,3244.4,81,3,3244.5,32,2
11536,2025-12-30 09:28:15+05:30,3244.0,2,3248.28,55357,76078.0,100740.0,3250.0,3253.0,3240.2,3251.5,41245050,3576.6,2926.4,4322.95,2866.6,3243.4,61,2,3243.3,17,3,3243.2,8,3,3243.1,21,3,3243.0,1,1,3244.0,356,8,3244.2,17,1,3244.3,55,3,3244.4,81,3,3244.5,32,2
11536,2025-12-30 09:28:15+05:30,3243.4,65,3248.28,55357,76078.0,100740.0,3250.0,3253.0,3240.2,3251.5,41245050,3576.6,2926.4,4322.95,2866.6,3243.4,61,2,3243.3,17,3,3243.2,8,3,3243.1,21,3,3243.0,1,1,3244.0,356,8,3244.2,17,1,3244.3,55,3,3244.4,81,3,3244.5,32,2
11536,2025-12-30 09:28:15+05:30,3243.4,65,3248.28,55357,76078.0,100740.0,3250.0,3253.0,3240.2,3251.5,41245050,3576.6,2926.4,4322.95,2866.6,3243.4,61,2,3243.3,17,3,3243.2,8,3,3243.1,21,3,3243.0,1,1,3244.0,356,8,3244.2,17,1,3244.3,55,3,3244.4,81,3,3244.5,32,2
11536,2025-12-30 09:28:16+05:30,3242.9,14,3248.25,55633,72911.0,102529.0,3250.0,3253.0,3240.2,3251.5,41245050,3576.6,2926.4,4322.95,2866.6,3242.4,6,2,3242.0,39,6,3241.7,2,2,3241.6,4,2,3241.5,26,2,3242.9,39,3,3243.1,53,3,3243.2,21,2,3243.3,36,2,3243.4,22,1
11536,2025-12-30 09:28:16+05:30,3242.4,2,3248.25,55633,72911.0,102529.0,3250.0,3253.0,3240.2,3251.5,41245050,3576.6,2926.4,4322.95,2866.6,3242.4,6,2,3242.0,39,6,3241.7,2,2,3241.6,4,2,3241.5,26,2,3242.9,39,3,3243.1,53,3,3243.2,21,2,3243.3,36,2,3243.4,22,1
11536,2025-12-30 09:28:16+05:30,3242.4,2,3248.25,55633,72911.0,102529.0,3250.0,3253.0,3240.2,3251.5,41245050,3576.6,2926.4,4322.95,2866.6,3242.4,6,2,3242.0,39,6,3241.7,2,2,3241.6,4,2,3241.5,26,2,3242.9,39,3,3243.1,53,3,3243.2,21,2,3243.3,36,2,3243.4,22,1
11536,2025-12-30 09:28:17+05:30,3242.4,2,3248.25,55647,73625.0,102567.0,3250.0,3253.0,3240.2,3251.5,41245050,3576.6,2926.4,4322.95,2866.6,3242.4,6,2,3242.0,39,6,3241.7,2,2,3241.6,1,1,3241.5,95,4,3242.9,29,2,3243.0,44,2,3243.1,17,1,3243.2,24,2,3243.3,94,4
11536,2025-12-30 09:28:17+05:30,3242.4,2,3248.25,55647,73625.0,102567.0,3250.0,3253.0,3240.2,3251.5,41245050,3576.6,2926.4,4322.95,2866.6,3242.4,6,2,3242.0,39,6,3241.7,2,2,3241.6,1,1,3241.5,95,4,3242.9,29,2,3243.0,44,2,3243.1,17,1,3243.2,24,2,3243.3,94,4
11536,2025-12-30 09:28:18+05:30,3242.8,3,3248.25,55664,75208.0,100785.0,3250.0,3253.0,3240.2,3251.5,41245050,3576.6,2926.4,4322.95,2866.6,3242.8,6,1,3242.5,4,1,3242.4,6,2,3242.1,18,1,3242.0,66,7,3243.0,10,1,3243.4,1,1,3243.5,46,3,3243.7,141,6,3243.8,62,2
11536,2025-12-30 09:28:18+05:30,3242.8,3,3248.25,55664,75208.0,100785.0,3250.0,3253.0,3240.2,3251.5,41245050,3576.6,2926.4,4322.95,2866.6,3242.8,6,1,3242.5,4,1,3242.4,6,2,3242.1,18,1,3242.0,66,7,3243.0,10,1,3243.4,1,1,3243.5,46,3,3243.7,141,6,3243.8,62,2
11536,2025-12-30 09:28:18+05:30,3242.8,3,3248.25,55664,75208.0,100785.0,3250.0,3253.0,3240.2,3251.5,41245050,3576.6,2926.4,4322.95,2866.6,3242.8,6,1,3242.5,4,1,3242.4,6,2,3242.1,18,1,3242.0,66,7,3243.0,10,1,3243.4,1,1,3243.5,46,3,3243.7,141,6,3243.8,62,2
11536,2025-12-30 09:28:19+05:30,3242.8,3,3248.25,55664,75242.0,101081.0,3250.0,3253.0,3240.2,3251.5,41245050,3576.6,2926.4,4322.95,2866.6,3242.8,6,1,3242.5,4,1,3242.4,6,2,3242.2,12,1,3242.1,18,1,3243.0,10,1,3243.4,24,2,3243.5,33,2,3243.6,17,1,3243.7,124,5
11536,2025-12-30 09:28:19+05:30,3242.8,3,3248.25,55664,75242.0,101081.0,3250.0,3253.0,3240.2,3251.5,41245050,3576.6,2926.4,4322.95,2866.6,3242.8,6,1,3242.5,4,1,3242.4,6,2,3242.2,12,1,3242.1,18,1,3243.0,10,1,3243.4,24,2,3243.5,33,2,3243.6,17,1,3243.7,124,5
11536,2025-12-30 09:28:20+05:30,3242.8,3,3248.25,55664,75242.0,101081.0,3250.0,3253.0,3240.2,3251.5,41245050,3576.6,2926.4,4322.95,2866.6,3242.8,6,1,3242.5,4,1,3242.4,6,2,3242.2,12,1,3242.1,18,1,3243.0,10,1,3243.4,24,2,3243.5,33,2,3243.6,17,1,3243.7,124,5
11536,2025-12-30 09:28:20+05:30,3242.8,75,3248.24,55739,73601.0,102269.0,3250.0,3253.0,3240.2,3251.5,41245050,3576.6,2926.4,4322.95,2866.6,3242.5,4,1,3242.4,6,2,3242.0,39,6,3241.7,22,3,3241.6,1,1,3243.0,32,3,3243.1,9,1,3243.2,32,1,3243.3,46,2,3243.4,43,3
11536,2025-12-30 09:28:20+05:30,3242.8,75,3248.24,55739,73601.0,102269.0,3250.0,3253.0,3240.2,3251.5,41245050,3576.6,2926.4,4322.95,2866.6,3242.5,4,1,3242.4,6,2,3242.0,39,6,3241.7,22,3,3241.6,1,1,3243.0,32,3,3243.1,9,1,3243.2,32,1,3243.3,46,2,3243.4,43,3
11536,2025-12-30 09:28:20+05:30,3242.8,75,3248.24,55739,73601.0,102269.0,3250.0,3253.0,3240.2,3251.5,41245050,3576.6,2926.4,4322.95,2866.6,3242.5,4,1,3242.4,6,2,3242.0,39,6,3241.7,22,3,3241.6,1,1,3243.0,32,3,3243.1,9,1,3243.2,32,1,3243.3,46,2,3243.4,43,3
11536,2025-12-30 09:28:21+05:30,3242.8,75,3248.24,55739,73601.0,102269.0,3250.0,3253.0,3240.2,3251.5,41245050,3576.6,2926.4,4322.95,2866.6,3242.5,4,1,3242.4,6,2,3242.0,39,6,3241.7,22,3,3241.6,1,1,3243.0,32,3,3243.1,9,1,3243.2,32,1,3243.3,46,2,3243.4,43,3
11536,2025-12-30 09:28:21+05:30,3242.5,1,3248.24,55740,74132.0,102584.0,3250.0,3253.0,3240.2,3251.5,41245050,3576.6,2926.4,4322.95,2866.6,3242.5,3,1,3242.4,6,2,3242.0,39,6,3241.7,2,2,3241.6,1,1,3243.0,82,7,3243.1,34,2,3243.2,32,1,3243.3,63,3,3243.4,63,4
11536,2025-12-30 09:28:21+05:30,3243.0,1,3248.24,55740,74132.0,102584.0,3250.0,3253.0,3240.2,3251.5,41245050,3576.6,2926.4,4322.95,2866.6,3242.5,3,1,3242.4,6,2,3242.0,39,6,3241.7,2,2,3241.6,1,1,3243.0,82,7,3243.1,34,2,3243.2,32,1,3243.3,63,3,3243.4,63,4
11536,2025-12-30 09:28:21+05:30,3243.0,1,3248.24,55740,74132.0,102584.0,3250.0,3253.0,3240.2,3251.5,41245050,3576.6,2926.4,4322.95,2866.6,3242.5,3,1,3242.4,6,2,3242.0,39,6,3241.7,2,2,3241.6,1,1,3243.0,82,7,3243.1,34,2,3243.2,32,1,3243.3,63,3,3243.4,63,4
11536,2025-12-30 09:28:22+05:30,3243.0,1,3248.24,55740,74132.0,102584.0,3250.0,3253.0,3240.2,3251.5,41245050,3576.6,2926.4,4322.95,2866.6,3242.5,3,1,3242.4,6,2,3242.0,39,6,3241.7,2,2,3241.6,1,1,3243.0,82,7,3243.1,34,2,3243.2,32,1,3243.3,63,3,3243.4,63,4
11536,2025-12-30 09:28:22+05:30,3243.0,1,3248.24,55741,74347.0,102678.0,3250.0,3253.0,3240.2,3251.5,41245050,3576.6,2926.4,4322.95,2866.6,3242.5,3,1,3242.4,6,2,3242.0,39,6,3241.7,2,2,3241.6,1,1,3243.0,54,5,3243.1,53,2,3243.2,17,1,3243.3,63,3,3243.4,63,4
11536,2025-12-30 09:28:23+05:30,3243.0,1,3248.24,55741,74378.0,100327.0,3250.0,3253.0,3240.2,3251.5,41245050,3576.6,2926.4,4322.95,2866.6,3242.5,3,1,3242.4,6,2,3242.0,39,6,3241.7,23,3,3241.6,26,3,3243.0,9,1,3243.3,45,3,3243.4,35,4,3243.5,117,4,3243.6,122,5
11536,2025-12-30 09:28:23+05:30,3243.0,1,3248.24,55741,74378.0,100327.0,3250.0,3253.0,3240.2,3251.5,41245050,3576.6,2926.4,4322.95,2866.6,3242.5,3,1,3242.4,6,2,3242.0,39,6,3241.7,23,3,3241.6,26,3,3243.0,9,1,3243.3,45,3,3243.4,35,4,3243.5,117,4,3243.6,122,5
11536,2025-12-30 09:28:24+05:30,3242.0,1,3248.24,55806,73969.0,101618.0,3250.0,3253.0,3240.2,3251.5,41245050,3576.6,2926.4,4322.95,2866.6,3242.0,37,6,3241.7,202,3,3241.6,89,5,3241.5,56,4,3241.3,82,3,3243.0,21,3,3243.1,30,2,3243.2,11,1,3243.3,199,4,3243.4,120,6
11536,2025-12-30 09:28:24+05:30,3242.0,1,3248.24,55806,73969.0,101618.0,3250.0,3253.0,3240.2,3251.5,41245050,3576.6,2926.4,4322.95,2866.6,3242.0,37,6,3241.7,202,3,3241.6,89,5,3241.5,56,4,3241.3,82,3,3243.0,21,3,3243.1,30,2,3243.2,11,1,3243.3,199,4,3243.4,120,6
11536,2025-12-30 09:28:25+05:30,3242.0,1,3248.24,55806,73969.0,101618.0,3250.0,3253.0,3240.2,3251.5,41245050,3576.6,2926.4,4322.95,2866.6,3242.0,37,6,3241.7,202,3,3241.6,89,5,3241.5,56,4,3241.3,82,3,3243.0,21,3,3243.1,30,2,3243.2,11,1,3243.3,199,4,3243.4,120,6
11536,2025-12-30 09:28:25+05:30,3242.9,1,3248.24,55806,73969.0,101618.0,3250.0,3253.0,3240.2,3251.5,41245050,3576.6,2926.4,4322.95,2866.6,3242.0,37,6,3241.7,202,3,3241.6,89,5,3241.5,56,4,3241.3,82,3,3243.0,21,3,3243.1,30,2,3243.2,11,1,3243.3,199,4,3243.4,120,6
11536,2025-12-30 09:28:25+05:30,3242.9,1,3248.24,55807,74448.0,101830.0,3250.0,3253.0,3240.2,3251.5,41245050,3576.6,2926.4,4322.95,2866.6,3242.0,37,6,3241.7,202,3,3241.6,31,2,3241.5,37,4,3241.3,136,6,3242.9,30,3,3243.0,10,2,3243.1,59,3,3243.2,11,1,3243.3,190,3
11536,2025-12-30 09:28:26+05:30,3242.9,1,3248.24,55807,74448.0,101830.0,3250.0,3253.0,3240.2,3251.5,41245050,3576.6,2926.4,4322.95,2866.6,3242.0,37,6,3241.7,202,3,3241.6,31,2,3241.5,37,4,3241.3,136,6,3242.9,30,3,3243.0,10,2,3243.1,59,3,3243.2,11,1,3243.3,190,3
11536,2025-12-30 09:28:26+05:30,3242.9,1,3248.24,55807,74448.0,101830.0,3250.0,3253.0,3240.2,3251.5,41245050,3576.6,2926.4,4322.95,2866.6,3242.0,37,6,3241.7,202,3,3241.6,31,2,3241.5,37,4,3241.3,136,6,3242.9,30,3,3243.0,10,2,3243.1,59,3,3243.2,11,1,3243.3,190,3
11536,2025-12-30 09:28:26+05:30,3242.9,1,3248.24,55809,74405.0,102033.0,3250.0,3253.0,3240.2,3251.5,41245050,3576.6,2926.4,4322.95,2866.6,3242.0,37,6,3241.7,202,3,3241.6,1,1,3241.5,37,4,3241.4,23,1,3242.9,29,4,3243.0,49,4,3243.1,58,3,3243.2,17,1,3243.3,217,5
11536,2025-12-30 09:28:27+05:30,3242.6,10,3248.24,55809,74405.0,102033.0,3250.0,3253.0,3240.2,3251.5,41245050,3576.6,2926.4,4322.95,2866.6,3242.0,37,6,3241.7,202,3,3241.6,1,1,3241.5,37,4,3241.4,23,1,3242.9,29,4,3243.0,49,4,3243.1,58,3,3243.2,17,1,3243.3,217,5
11536,2025-12-30 09:28:27+05:30,3242.6,10,3248.19,56226,73938.0,102121.0,3250.0,3253.0,3240.2,3251.5,41245050,3576.6,2926.4,4322.95,2866.6,3241.4,4,1,3241.3,25,3,3241.2,40,3,3241.1,70,3,3241.0,314,18,3242.0,1,1,3242.6,30,1,3242.7,39,3,3242.8,43,2,3242.9,69,6
11536,2025-12-30 09:28:28+05:30,3242.6,10,3248.19,56226,73938.0,102121.0,3250.0,3253.0,3240.2,3251.5,41245050,3576.6,2926.4,4322.95,2866.6,3241.4,4,1,3241.3,25,3,3241.2,40,3,3241.1,70,3,3241.0,314,18,3242.0,1,1,3242.6,30,1,3242.7,39,3,3242.8,43,2,3242.9,69,6
11536,2025-12-30 09:28:28+05:30,3241.3,1,3248.19,56226,73938.0,102121.0,3250.0,3253.0,3240.2,3251.5,41245050,3576.6,2926.4,4322.95,2866.6,3241.4,4,1,3241.3,25,3,3241.2,40,3,3241.1,70,3,3241.0,314,18,3242.0,1,1,3242.6,30,1,3242.7,39,3,3242.8,43,2,3242.9,69,6
11536,2025-12-30 09:28:28+05:30,3241.3,1,3248.19,56235,74288.0,101977.0,3250.0,3253.0,3240.2,3251.5,41245050,3576.6,2926.4,4322.95,2866.6,3241.3,35,4,3241.2,29,2,3241.1,235,4,3241.0,314,18,3240.9,139,6,3242.0,8,2,3242.4,10,1,3242.5,30,1,3242.6,31,1,3242.7,142,5
11536,2025-12-30 09:28:29+05:30,3241.3,1,3248.19,56235,74288.0,101977.0,3250.0,3253.0,3240.2,3251.5,41245050,3576.6,2926.4,4322.95,2866.6,3241.3,35,4,3241.2,29,2,3241.1,235,4,3241.0,314,18,3240.9,139,6,3242.0,8,2,3242.4,10,1,3242.5,30,1,3242.6,31,1,3242.7,142,5
11536,2025-12-30 09:28:29+05:30,3241.3,1,3248.19,56235,74288.0,101977.0,3250.0,3253.0,3240.2,3251.5,41245050,3576.6,2926.4,4322.95,2866.6,3241.3,35,4,3241.2,29,2,3241.1,235,4,3241.0,314,18,3240.9,139,6,3242.0,8,2,3242.4,10,1,3242.5,30,1,3242.6,31,1,3242.7,142,5
11536,2025-12-30 09:28:30+05:30,3241.3,1,3248.19,56240,74105.0,102906.0,3250.0,3253.0,3240.2,3251.5,41245050,3576.6,2926.4,4322.95,2866.6,3241.3,4,1,3241.1,51,2,3241.0,280,17,3240.9,10,1,3240.8,3,2,3242.0,36,6,3242.1,30,1,3242.4,42,3,3242.5,88,4,3242.6,100,3
11536,2025-12-30 09:28:30+05:30,3241.0,4,3248.19,56240,74105.0,102906.0,3250.0,3253.0,3240.2,3251.5,41245050,3576.6,2926.4,4322.95,2866.6,3241.3,4,1,3241.1,51,2,3241.0,280,17,3240.9,10,1,3240.8,3,2,3242.0,36,6,3242.1,30,1,3242.4,42,3,3242.5,88,4,3242.6,100,3
11536,2025-12-30 09:28:31+05:30,3240.8,1,3248.13,56692,73972.0,103340.0,3250.0,3253.0,3240.2,3251.5,41245050,3576.6,2926.4,4322.95,2866.6,3240.6,1,1,3240.4,20,3,3240.3,165,1,3240.2,73,4,3240.1,194,11,3241.6,92,5,3241.7,15,2,3241.8,28,2,3241.9,49,3,3242.0,59,5
11536,2025-12-30 09:28:31+05:30,3240.8,1,3248.13,56692,73972.0,103340.0,3250.0,3253.0,3240.2,3251.5,41277600,3576.6,2926.4,4322.95,2866.6,3240.6,1,1,3240.4,20,3,3240.3,165,1,3240.2,73,4,3240.1,194,11,3241.6,92,5,3241.7,15,2,3241.8,28,2,3241.9,49,3,3242.0,59,5
11536,2025-12-30 09:28:31+05:30,3240.8,1,3248.13,56692,73972.0,103340.0,3250.0,3253.0,3240.2,3251.5,41277600,3576.6,2926.4,4322.95,2866.6,3240.6,1,1,3240.4,20,3,3240.3,165,1,3240.2,73,4,3240.1,194,11,3241.6,92,5,3241.7,15,2,3241.8,28,2,3241.9,49,3,3242.0,59,5
11536,2025-12-30 09:28:32+05:30,3240.6,1,3248.13,56693,74836.0,103340.0,3250.0,3253.0,3240.2,3251.5,41277600,3576.6,2926.4,4322.95,2866.6,3240.4,20,3,3240.3,175,2,3240.2,52,3,3240.1,149,10,3240.0,690,61,3241.5,51,2,3241.6,51,4,3241.7,26,3,3241.8,44,3,3241.9,64,4
11536,2025-12-30 09:28:32+05:30,3240.4,1,3248.13,56693,74836.0,103340.0,3250.0,3253.0,3240.2,3251.5,41277600,3576.6,2926.4,4322.95,2866.6,3240.4,20,3,3240.3,175,2,3240.2,52,3,3240.1,149,10,3240.0,690,61,3241.5,51,2,3241.6,51,4,3241.7,26,3,3241.8,44,3,3241.9,64,4
11536,2025-12-30 09:28:33+05:30,3240.3,1,3248.12,56716,75512.0,103063.0,3250.0,3253.0,3240.2,3251.5,41277600,3576.6,2926.4,4322.95,2866.6,3240.2,55,3,3240.1,278,12,3240.0,642,60,3239.9,146,5,3239.8,54,5,3241.4,4,2,3241.5,70,5,3241.6,88,5,3241.7,68,6,3241.8,63,5
11536,2025-12-30 09:28:33+05:30,3240.3,1,3248.12,56716,75512.0,103063.0,3250.0,3253.0,3240.2,3251.5,41277600,3576.6,2926.4,4322.95,2866.6,3240.2,55,3,3240.1,278,12,3240.0,642,60,3239.9,146,5,3239.8,54,5,3241.4,4,2,3241.5,70,5,3241.6,88,5,3241.7,68,6,3241.8,63,5
11536,2025-12-30 09:28:33+05:30,3240.2,5,3248.12,56716,75512.0,103063.0,3250.0,3253.0,3240.2,3251.5,41277600,3576.6,2926.4,4322.95,2866.6,3240.2,55,3,3240.1,278,12,3240.0,642,60,3239.9,146,5,3239.8,54,5,3241.4,4,2,3241.5,70,5,3241.6,88,5,3241.7,68,6,3241.8,63,5
11536,2025-12-30 09:28:34+05:30,3240.1,20,3248.11,56810,75380.0,103615.0,3250.0,3253.0,3240.1,3251.5,41277600,3576.6,2926.4,4322.95,2866.6,3240.1,73,11,3240.0,744,62,3239.9,86,3,3239.8,32,3,3239.7,39,2,3241.3,29,1,3241.4,51,6,3241.5,48,4,3241.6,57,3,3241.7,89,6
11536,2025-12-30 09:28:34+05:30,3240.1,20,3248.11,56810,75380.0,103615.0,3250.0,3253.0,3240.1,3251.5,41277600,3576.6,2926.4,4322.95,2866.6,3240.1,73,11,3240.0,744,62,3239.9,86,3,3239.8,32,3,3239.7,39,2,3241.3,29,1,3241.4,51,6,3241.5,48,4,3241.6,57,3,3241.7,89,6
11536,2025-12-30 09:28:35+05:30,3241.2,1,3248.11,56811,75437.0,103577.0,3250.0,3253.0,3240.1,3251.5,41277600,3576.6,2926.4,4322.95,2866.6,3240.3,1,1,3240.1,69,10,3240.0,744,62,3239.9,86,3,3239.8,32,3,3241.2,50,2,3241.3,49,4,3241.4,6,4,3241.5,24,2,3241.6,83,4
11536,2025-12-30 09:28:35+05:30,3241.6,11,3248.11,56811,75437.0,103577.0,3250.0,3253.0,3240.1,3251.5,41277600,3576.6,2926.4,4322.95,2866.6,3240.3,1,1,3240.1,69,10,3240.0,744,62,3239.9,86,3,3239.8,32,3,3241.2,50,2,3241.3,49,4,3241.4,6,4,3241.5,24,2,3241.6,83,4
11536,2025-12-30 09:28:36+05:30,3241.6,11,3248.09,57011,75538.0,103181.0,3250.0,3253.0,3240.1,3251.5,41277600,3576.6,2926.4,4322.95,2866.6,3240.3,1,1,3240.1,89,11,3240.0,744,62,3239.9,80,2,3239.8,90,4,3241.4,29,4,3241.5,22,1,3241.6,106,6,3241.7,63,5,3241.8,248,6
11536,2025-12-30 09:28:37+05:30,3241.6,11,3248.09,57011,75968.0,101376.0,3250.0,3253.0,3240.1,3251.5,41277600,3576.6,2926.4,4322.95,2866.6,3240.4,54,5,3240.3,62,2,3240.2,210,3,3240.1,128,13,3240.0,781,64,3241.2,5,1,3241.4,4,2,3241.6,43,2,3241.7,25,2,3241.8,19,2
11536,2025-12-30 09:28:38+05:30,3241.6,11,3248.09,57011,77860.0,101557.0,3250.0,3253.0,3240.1,3251.5,41277600,3576.6,2926.4,4322.95,2866.6,3240.7,70,6,3240.6,48,4,3240.5,36,3,3240.4,34,3,3240.3,111,5,3241.2,5,1,3241.4,4,2,3241.7,22,1,3241.8,19,2,3241.9,25,2
11536,2025-12-30 09:28:39+05:30,3241.2,1,3248.09,57011,77860.0,101557.0,3250.0,3253.0,3240.1,3251.5,41277600,3576.6,2926.4,4322.95,2866.6,3240.7,70,6,3240.6,48,4,3240.5,36,3,3240.4,34,3,3240.3,111,5,3241.2,5,1,3241.4,4,2,3241.7,22,1,3241.8,19,2,3241.9,25,2
11536,2025-12-30 09:28:39+05:30,3241.2,1,3248.08,57063,77475.0,101939.0,3250.0,3253.0,3240.1,3251.5,41277600,3576.6,2926.4,4322.95,2866.6,3240.6,26,2,3240.5,49,3,3240.4,48,2,3240.3,33,3,3240.2,263,3,3241.0,5,1,3241.2,5,2,3242.0,32,3,3242.1,37,2,3242.2,88,2
11536,2025-12-30 09:28:40+05:30,3240.5,1,3248.08,57063,77475.0,101939.0,3250.0,3253.0,3240.1,3251.5,41277600,3576.6,2926.4,4322.95,2866.6,3240.6,26,2,3240.5,49,3,3240.4,48,2,3240.3,33,3,3240.2,263,3,3241.0,5,1,3241.2,5,2,3242.0,32,3,3242.1,37,2,3242.2,88,2
11536,2025-12-30 09:28:40+05:30,3240.5,1,3248.08,57069,77290.0,101866.0,3250.0,3253.0,3240.1,3251.5,41277600,3576.6,2926.4,4322.95,2866.6,3240.5,52,4,3240.4,44,2,3240.3,33,3,3240.2,263,3,3240.1,144,15,3241.0,6,3,3241.2,5,2,3242.0,222,6,3242.1,98,3,3242.2,131,3
11536,2025-12-30 09:28:41+05:30,3240.5,1,3248.08,57069,77290.0,101866.0,3250.0,3253.0,3240.1,3251.5,41277600,3576.6,2926.4,4322.95,2866.6,3240.5,52,4,3240.4,44,2,3240.3,33,3,3240.2,263,3,3240.1,144,15,3241.0,6,3,3241.2,5,2,3242.0,222,6,3242.1,98,3,3242.2,131,3
11536,2025-12-30 09:28:41+05:30,3240.5,3,3248.08,57102,77016.0,101730.0,3250.0,3253.0,3240.1,3251.5,41277600,3576.6,2926.4,4322.95,2866.6,3240.5,12,2,3240.4,44,2,3240.3,47,5,3240.2,220,2,3240.1,144,15,3241.0,3,3,3241.2,4,1,3242.0,193,4,3242.1,37,2,3242.2,70,2
11536,2025-12-30 09:28:42+05:30,3242.0,4,3248.08,57102,77016.0,101730.0,3250.0,3253.0,3240.1,3251.5,41277600,3576.6,2926.4,4322.95,2866.6,3240.5,12,2,3240.4,44,2,3240.3,47,5,3240.2,220,2,3240.1,144,15,3241.0,3,3,3241.2,4,1,3242.0,193,4,3242.1,37,2,3242.2,70,2
11536,2025-12-30 09:28:43+05:30,3242.0,4,3248.07,57161,77400.0,101447.0,3250.0,3253.0,3240.1,3251.5,41277600,3576.6,2926.4,4322.95,2866.6,3240.6,14,2,3240.5,4,1,3240.4,205,4,3240.3,57,4,3240.2,225,2,3241.8,58,2,3241.9,45,3,3242.0,42,4,3242.1,72,3,3242.2,9,1
11536,2025-12-30 09:28:44+05:30,3241.8,1,3248.07,57162,77605.0,101600.0,3250.0,3253.0,3240.1,3251.5,41277600,3576.6,2926.4,4322.95,2866.6,3240.6,21,3,3240.5,4,1,3240.4,116,5,3240.3,216,5,3240.2,225,2,3241.8,53,3,3241.9,35,2,3242.0,19,2,3242.1,74,3,3242.2,29,2
11536,2025-12-30 09:28:44+05:30,3241.8,1,3248.07,57162,77605.0,101600.0,3250.0,3253.0,3240.1,3251.5,41277600,3576.6,2926.4,4322.95,2866.6,3240.6,21,3,3240.5,4,1,3240.4,116,5,3240.3,216,5,3240.2,225,2,3241.8,53,3,3241.9,35,2,3242.0,19,2,3242.1,74,3,3242.2,29,2
11536,2025-12-30 09:28:45+05:30,3241.0,1,3248.07,57168,77444.0,101986.0,3250.0,3253.0,3240.1,3251.5,41277600,3576.6,2926.4,4322.95,2866.6,3240.6,14,2,3240.5,29,3,3240.4,112,5,3240.3,19,3,3240.2,255,3,3241.0,70,2,3241.6,62,1,3241.8,53,3,3241.9,77,3,3242.0,19,2
11536,2025-12-30 09:28:45+05:30,3241.0,1,3248.07,57168,77444.0,101986.0,3250.0,3253.0,3240.1,3251.5,41277600,3576.6,2926.4,4322.95,2866.6,3240.6,14,2,3240.5,29,3,3240.4,112,5,3240.3,19,3,3240.2,255,3,3241.0,70,2,3241.6,62,1,3241.8,53,3,3241.9,77,3,3242.0,19,2
11536,2025-12-30 09:28:46+05:30,3241.6,25,3248.05,57325,77510.0,101689.0,3250.0,3253.0,3240.1,3251.5,41277600,3576.6,2926.4,4322.95,2866.6,3240.6,4,1,3240.5,36,3,3240.4,35,3,3240.3,195,5,3240.2,225,2,3241.6,37,1,3241.7,69,3,3241.8,47,1,3242.0,19,2,3242.1,45,2
11536,2025-12-30 09:28:46+05:30,3241.6,25,3248.05,57325,77510.0,101689.0,3250.0,3253.0,3240.1,3251.5,41277600,3576.6,2926.4,4322.95,2866.6,3240.6,4,1,3240.5,36,3,3240.4,35,3,3240.3,195,5,3240.2,225,2,3241.6,37,1,3241.7,69,3,3241.8,47,1,3242.0,19,2,3242.1,45,2
11536,2025-12-30 09:28:47+05:30,3240.6,1,3248.05,57327,77112.0,102119.0,3250.0,3253.0,3240.1,3251.5,41277600,3576.6,2926.4,4322.95,2866.6,3240.6,4,3,3240.5,4,1,3240.4,18,2,3240.3,171,4,3240.2,225,2,3241.5,31,1,3241.6,70,4,3241.7,10,1,3241.8,107,3,3241.9,40,2
11536,2025-12-30 09:28:47+05:30,3240.6,1,3248.05,57327,77112.0,102119.0,3250.0,3253.0,3240.1,3251.5,41277600,3576.6,2926.4,4322.95,2866.6,3240.6,4,3,3240.5,4,1,3240.4,18,2,3240.3,171,4,3240.2,225,2,3241.5,31,1,3241.6,70,4,3241.7,10,1,3241.8,107,3,3241.9,40,2
11536,2025-12-30 09:28:48+05:30,3240.4,8,3248.05,57340,77213.0,102169.0,3250.0,3253.0,3240.1,3251.5,41277600,3576.6,2926.4,4322.95,2866.6,3240.4,11,2,3240.3,190,4,3240.2,200,1,3240.1,154,16,3240.0,805,64,3241.4,60,2,3241.5,1,1,3241.6,65,4,3241.7,10,1,3241.8,107,3
11536,2025-12-30 09:28:48+05:30,3240.5,1,3248.05,57340,77213.0,102169.0,3250.0,3253.0,3240.1,3251.5,41277600,3576.6,2926.4,4322.95,2866.6,3240.4,11,2,3240.3,190,4,3240.2,200,1,3240.1,154,16,3240.0,805,64,3241.4,60,2,3241.5,1,1,3241.6,65,4,3241.7,10,1,3241.8,107,3
11536,2025-12-30 09:28:49+05:30,3239.8,2,3247.83,58924,73338.0,103650.0,3250.0,3253.0,3239.8,3251.5,41277600,3576.6,2926.4,4322.95,2866.6,3239.8,8,1,3239.5,33,2,3239.3,52,1,3239.2,177,2,3239.1,31,2,3240.0,4,2,3240.4,31,1,3240.5,36,2,3240.6,19,1,3240.8,62,3
11536,2025-12-30 09:28:49+05:30,3240.0,1,3247.83,58924,73338.0,103650.0,3250.0,3253.0,3239.8,3251.5,41277600,3576.6,2926.4,4322.95,2866.6,3239.8,8,1,3239.5,33,2,3239.3,52,1,3239.2,177,2,3239.1,31,2,3240.0,4,2,3240.4,31,1,3240.5,36,2,3240.6,19,1,3240.8,62,3
11536,2025-12-30 09:28:50+05:30,3239.8,1,3247.83,58956,73432.0,103502.0,3250.0,3253.0,3239.8,3251.5,41277600,3576.6,2926.4,4322.95,2866.6,3239.8,24,2,3239.6,12,1,3239.5,33,2,3239.4,31,2,3239.3,70,2,3240.0,6,4,3240.4,31,1,3240.5,36,2,3240.6,19,1,3240.8,20,2
11536,2025-12-30 09:28:50+05:30,3239.8,1,3247.83,58956,73432.0,103502.0,3250.0,3253.0,3239.8,3251.5,41277600,3576.6,2926.4,4322.95,2866.6,3239.8,24,2,3239.6,12,1,3239.5,33,2,3239.4,31,2,3239.3,70,2,3240.0,6,4,3240.4,31,1,3240.5,36,2,3240.6,19,1,3240.8,20,2
11536,2025-12-30 09:28:51+05:30,3240.0,1,3247.83,58957,73599.0,103444.0,3250.0,3253.0,3239.8,3251.5,41277600,3576.6,2926.4,4322.95,2866.6,3239.8,24,2,3239.5,33,2,3239.4,14,1,3239.3,52,1,3239.2,22,1,3240.0,7,5,3240.4,31,1,3240.5,36,2,3240.6,19,1,3240.8,62,3
11536,2025-12-30 09:28:51+05:30,3240.0,1,3247.83,58957,73599.0,103444.0,3250.0,3253.0,3239.8,3251.5,41277600,3576.6,2926.4,4322.95,2866.6,3239.8,24,2,3239.5,33,2,3239.4,14,1,3239.3,52,1,3239.2,22,1,3240.0,7,5,3240.4,31,1,3240.5,36,2,3240.6,19,1,3240.8,62,3
11536,2025-12-30 09:28:52+05:30,3240.0,4,3247.82,59013,73977.0,102489.0,3250.0,3253.0,3239.8,3251.5,41277600,3576.6,2926.4,4322.95,2866.6,3240.0,196,1,3239.8,15,2,3239.5,53,3,3239.3,52,1,3239.2,22,1,3240.7,32,2,3240.8,62,3,3240.9,18,2,3241.0,71,4,3241.1,52,4
11536,2025-12-30 09:28:52+05:30,3240.0,4,3247.82,59013,73977.0,102489.0,3250.0,3253.0,3239.8,3251.5,41277600,3576.6,2926.4,4322.95,2866.6,3240.0,196,1,3239.8,15,2,3239.5,53,3,3239.3,52,1,3239.2,22,1,3240.7,32,2,3240.8,62,3,3240.9,18,2,3241.0,71,4,3241.1,52,4
11536,2025-12-30 09:28:53+05:30,3240.6,2,3247.82,59013,73977.0,102489.0,3250.0,3253.0,3239.8,3251.5,41277600,3576.6,2926.4,4322.95,2866.6,3240.0,196,1,3239.8,15,2,3239.5,53,3,3239.3,52,1,3239.2,22,1,3240.7,32,2,3240.8,62,3,3240.9,18,2,3241.0,71,4,3241.1,52,4
11536,2025-12-30 09:28:53+05:30,3240.6,2,3247.82,59024,76508.0,99719.0,3250.0,3253.0,3239.8,3251.5,41277600,3576.6,2926.4,4322.95,2866.6,3240.0,324,9,3239.9,43,2,3239.8,35,3,3239.7,67,4,3239.6,84,3,3240.7,1,1,3241.1,9,1,3241.2,9,1,3241.3,7,1,3241.4,10,2
11536,2025-12-30 09:28:54+05:30,3240.1,5,3247.82,59024,76508.0,99719.0,3250.0,3253.0,3239.8,3251.5,41277600,3576.6,2926.4,4322.95,2866.6,3240.0,324,9,3239.9,43,2,3239.8,35,3,3239.7,67,4,3239.6,84,3,3240.7,1,1,3241.1,9,1,3241.2,9,1,3241.3,7,1,3241.4,10,2
11536,2025-12-30 09:28:54+05:30,3240.1,5,3247.82,59029,77676.0,99542.0,3250.0,3253.0,3239.8,3251.5,41277600,3576.6,2926.4,4322.95,2866.6,3240.3,77,6,3240.2,62,4,3240.1,32,4,3240.0,300,8,3239.9,12,1,3240.7,1,1,3241.2,9,1,3241.3,7,1,3241.4,7,1,3241.5,6,1
11536,2025-12-30 09:28:55+05:30,3240.5,5,3247.82,59029,77676.0,99542.0,3250.0,3253.0,3239.8,3251.5,41277600,3576.6,2926.4,4322.95,2866.6,3240.3,77,6,3240.2,62,4,3240.1,32,4,3240.0,300,8,3239.9,12,1,3240.7,1,1,3241.2,9,1,3241.3,7,1,3241.4,7,1,3241.5,6,1
11536,2025-12-30 09:28:55+05:30,3240.5,5,3247.82,59047,77772.0,98588.0,3250.0,3253.0,3239.8,3251.5,41277600,3576.6,2926.4,4322.95,2866.6,3240.6,56,5,3240.5,33,2,3240.4,101,3,3240.3,236,7,3240.2,70,2,3241.8,47,1,3241.9,42,1,3242.0,6,2,3242.1,109,4,3242.2,42,1
11536,2025-12-30 09:28:56+05:30,3241.8,1,3247.82,59047,77772.0,98588.0,3250.0,3253.0,3239.8,3251.5,41277600,3576.6,2926.4,4322.95,2866.6,3240.6,56,5,3240.5,33,2,3240.4,101,3,3240.3,236,7,3240.2,70,2,3241.8,47,1,3241.9,42,1,3242.0,6,2,3242.1,109,4,3242.2,42,1
11536,2025-12-30 09:28:57+05:30,3241.8,1,3247.82,59048,77662.0,98931.0,3250.0,3253.0,3239.8,3251.5,41277600,3576.6,2926.4,4322.95,2866.6,3240.7,4,1,3240.6,4,1,3240.5,29,1,3240.4,22,1,3240.3,36,4,3241.8,80,5,3241.9,12,1,3242.0,112,7,3242.1,114,5,3242.2,42,1
11536,2025-12-30 09:28:57+05:30,3240.7,1,3247.82,59048,77662.0,98931.0,3250.0,3253.0,3239.8,3251.5,41277600,3576.6,2926.4,4322.95,2866.6,3240.7,4,1,3240.6,4,1,3240.5,29,1,3240.4,22,1,3240.3,36,4,3241.8,80,5,3241.9,12,1,3242.0,112,7,3242.1,114,5,3242.2,42,1
11536,2025-12-30 09:28:58+05:30,3240.7,1,3247.82,59050,77690.0,99867.0,3250.0,3253.0,3239.8,3251.5,41277600,3576.6,2926.4,4322.95,2866.6,3240.7,3,2,3240.6,4,1,3240.5,29,1,3240.3,27,3,3240.1,178,2,3241.6,62,2,3241.7,10,1,3241.8,58,4,3241.9,80,2,3242.0,82,6
11536,2025-12-30 09:28:58+05:30,3240.7,1,3247.82,59050,77690.0,99867.0,3250.0,3253.0,3239.8,3251.5,41277600,3576.6,2926.4,4322.95,2866.6,3240.7,3,2,3240.6,4,1,3240.5,29,1,3240.3,27,3,3240.1,178,2,3241.6,62,2,3241.7,10,1,3241.8,58,4,3241.9,80,2,3242.0,82,6
11536,2025-12-30 09:28:59+05:30,3240.7,1,3247.81,59054,77788.0,99952.0,3250.0,3253.0,3239.8,3251.5,41277600,3576.6,2926.4,4322.95,2866.6,3240.7,3,1,3240.6,4,1,3240.5,29,1,3240.3,8,2,3240.1,197,3,3241.6,130,6,3241.7,10,1,3241.8,38,2,3241.9,61,1,3242.0,73,5
11536,2025-12-30 09:28:59+05:30,3240.7,1,3247.81,59054,77788.0,99952.0,3250.0,3253.0,3239.8,3251.5,41277600,3576.6,2926.4,4322.95,2866.6,3240.7,3,1,3240.6,4,1,3240.5,29,1,3240.3,8,2,3240.1,197,3,3241.6,130,6,3241.7,10,1,3241.8,38,2,3241.9,61,1,3242.0,73,5
11536,2025-12-30 09:29:00+05:30,3240.7,1,3247.81,59054,76008.0,101120.0,3250.0,3253.0,3239.8,3251.5,41277600,3576.6,2926.4,4322.95,2866.6,3240.6,4,1,3240.3,5,1,3240.1,5,1,3240.0,321,9,3239.9,103,2,3241.4,94,4,3241.5,24,2,3241.6,69,5,3241.7,78,2,3241.8,121,6
11536,2025-12-30 09:29:01+05:30,3240.5,1,3247.81,59055,76834.0,100831.0,3250.0,3253.0,3239.8,3251.5,41277600,3576.6,2926.4,4322.95,2866.6,3240.5,24,3,3240.4,14,2,3240.3,18,2,3240.2,17,1,3240.1,183,3,3240.6,100,1,3241.0,30,1,3241.6,52,3,3241.8,58,2,3241.9,80,3
11536,2025-12-30 09:29:01+05:30,3240.5,1,3247.81,59055,76834.0,100831.0,3250.0,3253.0,3239.8,3251.5,41277600,3576.6,2926.4,4322.95,2866.6,3240.5,24,3,3240.4,14,2,3240.3,18,2,3240.2,17,1,3240.1,183,3,3240.6,100,1,3241.0,30,1,3241.6,52,3,3241.8,58,2,3241.9,80,3
11536,2025-12-30 09:29:02+05:30,3240.5,1,3247.81,59066,77311.0,100255.0,3250.0,3253.0,3239.8,3251.5,41277600,3576.6,2926.4,4322.95,2866.6,3240.5,19,4,3240.4,49,5,3240.3,50,3,3240.2,49,2,3240.1,191,4,3240.6,115,3,3241.0,30,1,3241.6,50,1,3241.8,58,2,3241.9,80,3
11536,2025-12-30 09:29:02+05:30,3240.5,1,3247.81,59066,77311.0,100255.0,3250.0,3253.0,3239.8,3251.5,41277600,3576.6,2926.4,4322.95,2866.6,3240.5,19,4,3240.4,49,5,3240.3,50,3,3240.2,49,2,3240.1,191,4,3240.6,115,3,3241.0,30,1,3241.6,50,1,3241.8,58,2,3241.9,80,3
11536,2025-12-30 09:29:03+05:30,3240.6,1,3247.81,59067,77392.0,100220.0,3250.0,3253.0,3239.8,3251.5,41277600,3576.6,2926.4,4322.95,2866.6,3240.5,19,4,3240.4,36,4,3240.3,50,3,3240.2,17,1,3240.1,203,5,3240.6,115,4,3241.0,30,1,3241.6,50,1,3241.8,58,2,3241.9,80,3
11536,2025-12-30 09:29:03+05:30,3240.6,1,3247.81,59067,77392.0,100220.0,3250.0,3253.0,3239.8,3251.5,41277600,3576.6,2926.4,4322.95,2866.6,3240.5,19,4,3240.4,36,4,3240.3,50,3,3240.2,17,1,3240.1,203,5,3240.6,115,4,3241.0,30,1,3241.6,50,1,3241.8,58,2,3241.9,80,3
11536,2025-12-30 09:29:04+05:30,3241.6,158,3247.77,59437,80543.0,98881.0,3250.0,3253.0,3239.8,3251.5,41277600,3576.6,2926.4,4322.95,2866.6,3240.7,18,3,3240.6,22,2,3240.5,19,3,3240.4,185,4,3240.3,69,5,3241.9,107,4,3242.0,16,3,3242.1,50,1,3242.2,2,1,3242.3,71,3
11536,2025-12-30 09:29:04+05:30,3241.6,158,3247.77,59437,80543.0,98881.0,3250.0,3253.0,3239.8,3251.5,41277600,3576.6,2926.4,4322.95,2866.6,3240.7,18,3,3240.6,22,2,3240.5,19,3,3240.4,185,4,3240.3,69,5,3241.9,107,4,3242.0,16,3,3242.1,50,1,3242.2,2,1,3242.3,71,3
11536,2025-12-30 09:29:05+05:30,3241.9,1,3247.77,59437,80543.0,98881.0,3250.0,3253.0,3239.8,3251.5,41277600,3576.6,2926.4,4322.95,2866.6,3240.7,18,3,3240.6,22,2,3240.5,19,3,3240.4,185,4,3240.3,69,5,3241.9,107,4,3242.0,16,3,3242.1,50,1,3242.2,2,1,3242.3,71,3
11536,2025-12-30 09:29:05+05:30,3241.9,1,3247.77,59448,80674.0,99646.0,3250.0,3253.0,3239.8,3251.5,41277600,3576.6,2926.4,4322.95,2866.6,3240.7,3,1,3240.6,10,1,3240.5,19,3,3240.4,164,2,3240.3,107,6,3241.8,63,3,3241.9,148,5,3242.0,6,2,3242.1,90,2,3242.3,68,3
11536,2025-12-30 09:29:06+05:30,3241.8,1,3247.77,59448,80674.0,99646.0,3250.0,3253.0,3239.8,3251.5,41277600,3576.6,2926.4,4322.95,2866.6,3240.7,3,1,3240.6,10,1,3240.5,19,3,3240.4,164,2,3240.3,107,6,3241.8,63,3,3241.9,148,5,3242.0,6,2,3242.1,90,2,3242.3,68,3
11536,2025-12-30 09:29:06+05:30,3241.8,1,3247.77,59450,80723.0,99820.0,3250.0,3253.0,3239.8,3251.5,41277600,3576.6,2926.4,4322.95,2866.6,3240.7,3,1,3240.6,10,1,3240.5,19,3,3240.4,164,2,3240.3,107,6,3241.8,62,4,3241.9,148,5,3242.0,6,2,3242.1,90,2,3242.3,68,3
11536,2025-12-30 09:29:07+05:30,3240.6,13,3247.77,59450,80723.0,99820.0,3250.0,3253.0,3239.8,3251.5,41277600,3576.6,2926.4,4322.95,2866.6,3240.7,3,1,3240.6,10,1,3240.5,19,3,3240.4,164,2,3240.3,107,6,3241.8,62,4,3241.9,148,5,3242.0,6,2,3242.1,90,2,3242.3,68,3
11536,2025-12-30 09:29:07+05:30,3240.7,2,3247.77,59490,80669.0,100838.0,3250.0,3253.0,3239.8,3251.5,41277600,3576.6,2926.4,4322.95,2866.6,3240.7,8,1,3240.6,7,1,3240.5,39,4,3240.4,186,3,3240.3,31,3,3241.8,63,5,3241.9,144,4,3242.0,6,2,3242.1,50,1,3242.3,68,3
11536,2025-12-30 09:29:08+05:30,3240.6,2,3247.77,59490,80669.0,100838.0,3250.0,3253.0,3239.8,3251.5,41277600,3576.6,2926.4,4322.95,2866.6,3240.7,8,1,3240.6,7,1,3240.5,39,4,3240.4,186,3,3240.3,31,3,3241.8,63,5,3241.9,144,4,3242.0,6,2,3242.1,50,1,3242.3,68,3
11536,2025-12-30 09:29:08+05:30,3240.6,2,3247.77,59492,80587.0,100476.0,3250.0,3253.0,3239.8,3251.5,41277600,3576.6,2926.4,4322.95,2866.6,3240.6,39,4,3240.5,8,2,3240.4,32,1,3240.3,129,6,3240.2,67,3,3241.0,2,1,3241.6,24,1,3241.8,24,4,3241.9,111,2,3242.0,6,2
11536,2025-12-30 09:29:09+05:30,3240.6,4,3247.77,59492,80587.0,100476.0,3250.0,3253.0,3239.8,3251.5,41277600,3576.6,2926.4,4322.95,2866.6,3240.6,39,4,3240.5,8,2,3240.4,32,1,3240.3,129,6,3240.2,67,3,3241.0,2,1,3241.6,24,1,3241.8,24,4,3241.9,111,2,3242.0,6,2
11536,2025-12-30 09:29:09+05:30,3240.6,4,3247.76,59523,80804.0,100588.0,3250.0,3253.0,3239.8,3251.5,41277600,3576.6,2926.4,4322.95,2866.6,3240.6,89,7,3240.5,64,6,3240.4,16,1,3240.3,275,6,3240.2,41,2,3241.0,3,2,3241.8,24,4,3241.9,111,2,3242.0,6,2,3242.1,90,2
11536,2025-12-30 09:29:10+05:30,3241.6,100,3247.76,59523,80804.0,100588.0,3250.0,3253.0,3239.8,3251.5,41277600,3576.6,2926.4,4322.95,2866.6,3240.6,89,7,3240.5,64,6,3240.4,16,1,3240.3,275,6,3240.2,41,2,3241.0,3,2,3241.8,24,4,3241.9,111,2,3242.0,6,2,3242.1,90,2
11536,2025-12-30 09:29:10+05:30,3241.6,100,3247.65,60691,79086.0,101266.0,3250.0,3253.0,3239.8,3251.5,41277600,3576.6,2926.4,4322.95,2866.6,3240.6,21,2,3240.5,11,3,3240.3,5,1,3240.2,237,4,3240.1,62,5,3241.5,50,2,3241.6,24,1,3241.7,22,1,3241.8,27,3,3241.9,127,2
11536,2025-12-30 09:29:11+05:30,3241.6,100,3247.65,60691,79266.0,101454.0,3250.0,3253.0,3239.8,3251.5,41277600,3576.6,2926.4,4322.95,2866.6,3240.6,17,1,3240.5,11,3,3240.3,5,1,3240.2,198,2,3240.1,42,4,3241.5,52,3,3241.6,33,2,3241.7,62,2,3241.8,27,3,3241.9,127,2
11536,2025-12-30 09:29:13+05:30,3241.6,100,3247.65,60691,79432.0,101456.0,3250.0,3253.0,3239.8,3251.5,41277600,3576.6,2926.4,4322.95,2866.6,3240.6,17,1,3240.5,11,3,3240.3,5,1,3240.2,198,2,3240.1,61,5,3241.5,52,3,3241.6,33,2,3241.7,62,2,3241.8,27,3,3241.9,127,2
11536,2025-12-30 09:29:13+05:30,3240.5,7,3247.65,60691,79432.0,101456.0,3250.0,3253.0,3239.8,3251.5,41277600,3576.6,2926.4,4322.95,2866.6,3240.6,17,1,3240.5,11,3,3240.3,5,1,3240.2,198,2,3240.1,61,5,3241.5,52,3,3241.6,33,2,3241.7,62,2,3241.8,27,3,3241.9,127,2
11536,2025-12-30 09:29:14+05:30,3241.0,9,3247.62,60875,81519.0,98699.0,3250.0,3253.0,3239.8,3251.5,41277600,3576.6,2926.4,4322.95,2866.6,3240.9,96,6,3240.8,17,2,3240.7,24,3,3240.6,298,8,3240.5,133,3,3241.5,4,2,3241.9,87,1,3242.0,6,2,3242.1,50,1,3242.2,40,1
11536,2025-12-30 09:29:14+05:30,3241.0,9,3247.62,60875,81519.0,98699.0,3250.0,3253.0,3239.8,3251.5,41277600,3576.6,2926.4,4322.95,2866.6,3240.9,96,6,3240.8,17,2,3240.7,24,3,3240.6,298,8,3240.5,133,3,3241.5,4,2,3241.9,87,1,3242.0,6,2,3242.1,50,1,3242.2,40,1
11536,2025-12-30 09:29:15+05:30,3241.5,1,3247.62,60878,81654.0,97469.0,3250.0,3253.0,3239.8,3251.5,41277600,3576.6,2926.4,4322.95,2866.6,3241.0,81,7,3240.9,63,4,3240.8,13,1,3240.7,12,2,3240.6,338,9,3241.5,2,2,3241.9,87,1,3242.0,6,2,3242.1,50,1,3242.4,15,1
11536,2025-12-30 09:29:15+05:30,3241.9,274,3247.62,60878,81654.0,97469.0,3250.0,3253.0,3239.8,3251.5,41277600,3576.6,2926.4,4322.95,2866.6,3241.0,81,7,3240.9,63,4,3240.8,13,1,3240.7,12,2,3240.6,338,9,3241.5,2,2,3241.9,87,1,3242.0,6,2,3242.1,50,1,3242.4,15,1
11536,2025-12-30 09:29:16+05:30,3242.0,1,3247.59,61266,81770.0,99335.0,3250.0,3253.0,3239.8,3251.5,41277600,3576.6,2926.4,4322.95,2866.6,3241.0,48,5,3240.9,48,4,3240.8,90,3,3240.7,73,3,3240.6,334,10,3241.5,14,1,3242.0,11,3,3242.1,50,1,3242.3,2,1,3242.4,1,1
11536,2025-12-30 09:29:16+05:30,3242.0,1,3247.59,61266,81770.0,99335.0,3250.0,3253.0,3239.8,3251.5,41277600,3576.6,2926.4,4322.95,2866.6,3241.0,48,5,3240.9,48,4,3240.8,90,3,3240.7,73,3,3240.6,334,10,3241.5,14,1,3242.0,11,3,3242.1,50,1,3242.3,2,1,3242.4,1,1
11536,2025-12-30 09:29:17+05:30,3241.0,1,3247.59,61272,81243.0,99540.0,3250.0,3253.0,3239.8,3251.5,41277600,3576.6,2926.4,4322.95,2866.6,3241.0,31,2,3240.9,13,2,3240.8,16,1,3240.7,9,1,3240.6,89,6,3241.5,14,1,3241.6,12,2,3241.8,50,1,3242.0,11,3,3242.1,40,1
11536,2025-12-30 09:29:17+05:30,3241.5,1,3247.59,61272,81243.0,99540.0,3250.0,3253.0,3239.8,3251.5,41277600,3576.6,2926.4,4322.95,2866.6,3241.0,31,2,3240.9,13,2,3240.8,16,1,3240.7,9,1,3240.6,89,6,3241.5,14,1,3241.6,12,2,3241.8,50,1,3242.0,11,3,3242.1,40,1
11536,2025-12-30 09:29:18+05:30,3241.5,1,3247.59,61273,81399.0,99950.0,3250.0,3253.0,3239.8,3251.5,41277600,3576.6,2926.4,4322.95,2866.6,3241.0,32,3,3240.9,24,3,3240.8,29,2,3240.7,9,1,3240.6,216,5,3241.5,16,4,3241.6,12,2,3241.8,50,1,3242.0,11,3,3242.1,40,1
11536,2025-12-30 09:29:18+05:30,3242.8,60,3247.59,61273,81399.0,99950.0,3250.0,3253.0,3239.8,3251.5,41277600,3576.6,2926.4,4322.95,2866.6,3241.0,32,3,3240.9,24,3,3240.8,29,2,3240.7,9,1,3240.6,216,5,3241.5,16,4,3241.6,12,2,3241.8,50,1,3242.0,11,3,3242.1,40,1
11536,2025-12-30 09:29:19+05:30,3242.8,60,3247.54,61840,83252.0,98618.0,3250.0,3253.0,3239.8,3251.5,41277600,3576.6,2926.4,4322.95,2866.6,3241.5,17,1,3241.4,2,1,3241.3,33,2,3241.2,117,5,3241.1,169,3,3242.6,9,1,3242.7,18,1,3242.8,15,1,3242.9,67,3,3243.0,90,2
11536,2025-12-30 09:29:20+05:30,3241.5,1,3247.54,61841,82859.0,98778.0,3250.0,3253.0,3239.8,3251.5,41277600,3576.6,2926.4,4322.95,2866.6,3241.5,2,1,3241.4,2,1,3241.3,33,2,3241.2,94,5,3241.1,169,3,3242.6,9,1,3242.8,15,1,3242.9,67,3,3243.0,90,2,3243.1,23,2
11536,2025-12-30 09:29:20+05:30,3241.5,1,3247.54,61841,82859.0,98778.0,3250.0,3253.0,3239.8,3251.5,41277600,3576.6,2926.4,4322.95,2866.6,3241.5,2,1,3241.4,2,1,3241.3,33,2,3241.2,94,5,3241.1,169,3,3242.6,9,1,3242.8,15,1,3242.9,67,3,3243.0,90,2,3243.1,23,2
11536,2025-12-30 09:29:21+05:30,3241.5,1,3247.54,61842,83457.0,98753.0,3250.0,3253.0,3239.8,3251.5,41277600,3576.6,2926.4,4322.95,2866.6,3241.5,48,3,3241.4,14,2,3241.3,62,4,3241.2,165,7,3241.1,169,3,3242.6,9,1,3242.9,6,1,3243.0,90,2,3243.1,51,3,3243.2,62,3
11536,2025-12-30 09:29:21+05:30,3241.4,9,3247.54,61842,83457.0,98753.0,3250.0,3253.0,3239.8,3251.5,41277600,3576.6,2926.4,4322.95,2866.6,3241.5,48,3,3241.4,14,2,3241.3,62,4,3241.2,165,7,3241.1,169,3,3242.6,9,1,3242.9,6,1,3243.0,90,2,3243.1,51,3,3243.2,62,3
11536,2025-12-30 09:29:22+05:30,3241.4,9,3247.53,61927,83059.0,98890.0,3250.0,3253.0,3239.8,3251.5,41277600,3576.6,2926.4,4322.95,2866.6,3241.4,27,2,3241.3,94,3,3241.2,94,5,3241.1,186,4,3241.0,126,7,3242.9,46,3,3243.0,129,4,3243.1,28,1,3243.2,62,3,3243.3,197,2
11536,2025-12-30 09:29:23+05:30,3241.4,9,3247.53,61927,83328.0,99771.0,3250.0,3253.0,3239.8,3251.5,41277600,3576.6,2926.4,4322.95,2866.6,3241.4,30,3,3241.3,104,4,3241.2,102,6,3241.1,239,6,3241.0,126,7,3242.9,48,4,3243.0,129,4,3243.1,28,1,3243.2,62,3,3243.3,197,2
11536,2025-12-30 09:29:23+05:30,3242.9,1,3247.53,61927,83328.0,99771.0,3250.0,3253.0,3239.8,3251.5,41277600,3576.6,2926.4,4322.95,2866.6,3241.4,30,3,3241.3,104,4,3241.2,102,6,3241.1,239,6,3241.0,126,7,3242.9,48,4,3243.0,129,4,3243.1,28,1,3243.2,62,3,3243.3,197,2
11536,2025-12-30 09:29:24+05:30,3241.8,1,3247.53,61929,84036.0,99874.0,3250.0,3253.0,3239.8,3251.5,41277600,3576.6,2926.4,4322.95,2866.6,3241.8,56,3,3241.7,23,2,3241.6,80,3,3241.5,64,2,3241.4,135,4,3242.9,2,1,3243.0,50,1,3243.1,28,1,3243.4,17,3,3243.5,210,2
11536,2025-12-30 09:29:24+05:30,3241.8,1,3247.53,61929,84036.0,99874.0,3250.0,3253.0,3239.8,3251.5,41277600,3576.6,2926.4,4322.95,2866.6,3241.8,56,3,3241.7,23,2,3241.6,80,3,3241.5,64,2,3241.4,135,4,3242.9,2,1,3243.0,50,1,3243.1,28,1,3243.4,17,3,3243.5,210,2
11536,2025-12-30 09:29:25+05:30,3241.8,12,3247.53,61943,83896.0,100502.0,3250.0,3253.0,3239.8,3251.5,41277600,3576.6,2926.4,4322.95,2866.6,3241.8,7,1,3241.7,1,1,3241.6,23,3,3241.5,64,2,3241.4,116,3,3242.9,61,3,3243.0,112,4,3243.1,49,2,3243.2,58,2,3243.3,59,2
11536,2025-12-30 09:29:25+05:30,3241.8,8,3247.53,61943,83896.0,100502.0,3250.0,3253.0,3239.8,3251.5,41277600,3576.6,2926.4,4322.95,2866.6,3241.8,7,1,3241.7,1,1,3241.6,23,3,3241.5,64,2,3241.4,116,3,3242.9,61,3,3243.0,112,4,3243.1,49,2,3243.2,58,2,3243.3,59,2
11536,2025-12-30 09:29:26+05:30,3241.8,1,3247.53,61952,84224.0,100378.0,3250.0,3253.0,3239.8,3251.5,41277600,3576.6,2926.4,4322.95,2866.6,3241.8,6,1,3241.7,1,1,3241.6,29,4,3241.5,64,2,3241.4,116,3,3242.9,50,4,3243.0,112,4,3243.1,49,2,3243.2,25,2,3243.3,93,3
11536,2025-12-30 09:29:26+05:30,3241.8,25,3247.53,61952,84224.0,100378.0,3250.0,3253.0,3239.8,3251.5,41277600,3576.6,2926.4,4322.95,2866.6,3241.8,6,1,3241.7,1,1,3241.6,29,4,3241.5,64,2,3241.4,116,3,3242.9,50,4,3243.0,112,4,3243.1,49,2,3243.2,25,2,3243.3,93,3
11536,2025-12-30 09:29:27+05:30,3241.5,1,3247.52,62079,84214.0,100256.0,3250.0,3253.0,3239.8,3251.5,41277600,3576.6,2926.4,4322.95,2866.6,3241.5,35,2,3241.4,141,6,3241.3,87,4,3241.2,85,5,3241.1,47,4,3242.8,25,3,3242.9,50,4,3243.0,112,4,3243.1,55,3,3243.2,24,1
11536,2025-12-30 09:29:27+05:30,3241.5,1,3247.52,62079,84214.0,100256.0,3250.0,3253.0,3239.8,3251.5,41277600,3576.6,2926.4,4322.95,2866.6,3241.5,35,2,3241.4,141,6,3241.3,87,4,3241.2,85,5,3241.1,47,4,3242.8,25,3,3242.9,50,4,3243.0,112,4,3243.1,55,3,3243.2,24,1
11536,2025-12-30 09:29:28+05:30,3242.8,1,3247.52,62079,84214.0,100256.0,3250.0,3253.0,3239.8,3251.5,41277600,3576.6,2926.4,4322.95,2866.6,3241.5,35,2,3241.4,141,6,3241.3,87,4,3241.2,85,5,3241.1,47,4,3242.8,25,3,3242.9,50,4,3243.0,112,4,3243.1,55,3,3243.2,24,1
11536,2025-12-30 09:29:28+05:30,3241.7,2,3247.52,62084,84304.0,100310.0,3250.0,3253.0,3239.8,3251.5,41277600,3576.6,2926.4,4322.95,2866.6,3241.7,20,2,3241.6,120,4,3241.5,31,3,3241.4,123,5,3241.3,117,6,3242.8,3,2,3242.9,39,1,3243.0,50,1,3243.1,68,3,3243.2,24,1
11536,2025-12-30 09:29:29+05:30,3241.7,4,3247.52,62084,84304.0,100310.0,3250.0,3253.0,3239.8,3251.5,41277600,3576.6,2926.4,4322.95,2866.6,3241.7,20,2,3241.6,120,4,3241.5,31,3,3241.4,123,5,3241.3,117,6,3242.8,3,2,3242.9,39,1,3243.0,50,1,3243.1,68,3,3243.2,24,1
11536,2025-12-30 09:29:29+05:30,3241.7,4,3247.51,62168,84275.0,100178.0,3250.0,3253.0,3239.8,3251.5,41277600,3576.6,2926.4,4322.95,2866.6,3241.7,35,4,3241.6,124,5,3241.5,18,2,3241.4,143,7,3241.3,103,6,3242.8,3,2,3242.9,39,1,3243.0,100,2,3243.1,68,3,3243.3,86,3
11536,2025-12-30 09:29:30+05:30,3243.0,10,3247.51,62168,84275.0,100178.0,3250.0,3253.0,3239.8,3251.5,41277600,3576.6,2926.4,4322.95,2866.6,3241.7,35,4,3241.6,124,5,3241.5,18,2,3241.4,143,7,3241.3,103,6,3242.8,3,2,3242.9,39,1,3243.0,100,2,3243.1,68,3,3243.3,86,3
11536,2025-12-30 09:29:30+05:30,3243.0,10,3247.5,62296,84624.0,99799.0,3250.0,3253.0,3239.8,3251.5,41277600,3576.6,2926.4,4322.95,2866.6,3241.9,6,1,3241.8,67,2,3241.7,11,2,3241.6,103,4,3241.5,20,3,3243.0,40,1,3243.1,34,1,3243.3,43,2,3243.4,60,4,3243.5,71,2
11536,2025-12-30 09:29:31+05:30,3243.0,10,3247.5,62296,85136.0,99232.0,3250.0,3253.0,3239.8,3251.5,41277600,3576.6,2926.4,4322.95,2866.6,3241.7,109,6,3241.6,103,4,3241.5,69,3,3241.4,204,9,3241.3,116,9,3243.0,56,3,3243.3,226,3,3243.4,54,3,3243.5,96,3,3243.6,136,5
11536,2025-12-30 09:29:32+05:30,3241.7,4,3247.5,62296,85136.0,99232.0,3250.0,3253.0,3239.8,3251.5,41277600,3576.6,2926.4,4322.95,2866.6,3241.7,109,6,3241.6,103,4,3241.5,69,3,3241.4,204,9,3241.3,116,9,3243.0,56,3,3243.3,226,3,3243.4,54,3,3243.5,96,3,3243.6,136,5
11536,2025-12-30 09:29:32+05:30,3241.7,4,3247.5,62306,85000.0,100058.0,3250.0,3253.0,3239.8,3251.5,41277600,3576.6,2926.4,4322.95,2866.6,3241.8,25,1,3241.7,34,1,3241.6,100,3,3241.5,82,4,3241.4,183,8,3242.9,18,3,3243.0,110,5,3243.1,36,2,3243.2,34,1,3243.3,307,6
11536,2025-12-30 09:29:33+05:30,3242.9,9,3247.5,62306,85000.0,100058.0,3250.0,3253.0,3239.8,3251.5,41277600,3576.6,2926.4,4322.95,2866.6,3241.8,25,1,3241.7,34,1,3241.6,100,3,3241.5,82,4,3241.4,183,8,3242.9,18,3,3243.0,110,5,3243.1,36,2,3243.2,34,1,3243.3,307,6
11536,2025-12-30 09:29:33+05:30,3241.8,19,3247.49,62406,84939.0,100264.0,3250.0,3253.0,3239.8,3251.5,41277600,3576.6,2926.4,4322.95,2866.6,3241.8,22,3,3241.7,95,2,3241.6,47,2,3241.5,82,3,3241.4,167,8,3242.9,3,2,3243.0,99,3,3243.1,25,2,3243.3,63,3,3243.4,81,4
11536,2025-12-30 09:29:34+05:30,3241.8,19,3247.49,62406,84939.0,100264.0,3250.0,3253.0,3239.8,3251.5,41277600,3576.6,2926.4,4322.95,2866.6,3241.8,22,3,3241.7,95,2,3241.6,47,2,3241.5,82,3,3241.4,167,8,3242.9,3,2,3243.0,99,3,3243.1,25,2,3243.3,63,3,3243.4,81,4
11536,2025-12-30 09:29:34+05:30,3241.8,19,3247.49,62406,85033.0,99077.0,3250.0,3253.0,3239.8,3251.5,41277600,3576.6,2926.4,4322.95,2866.6,3241.8,71,4,3241.7,95,2,3241.6,41,2,3241.5,116,5,3241.4,167,8,3242.9,17,3,3243.0,85,2,3243.3,30,2,3243.4,11,2,3243.5,46,2
11536,2025-12-30 09:29:35+05:30,3242.9,1,3247.49,62406,85033.0,99077.0,3250.0,3253.0,3239.8,3251.5,41277600,3576.6,2926.4,4322.95,2866.6,3241.8,71,4,3241.7,95,2,3241.6,41,2,3241.5,116,5,3241.4,167,8,3242.9,17,3,3243.0,85,2,3243.3,30,2,3243.4,11,2,3243.5,46,2
11536,2025-12-30 09:29:35+05:30,3242.9,1,3247.49,62407,84993.0,100260.0,3250.0,3253.0,3239.8,3251.5,41277600,3576.6,2926.4,4322.95,2866.6,3241.8,65,3,3241.7,61,1,3241.6,61,1,3241.5,82,3,3241.4,195,9,3242.9,80,7,3243.0,116,4,3243.2,98,3,3243.3,21,2,3243.4,84,6
11536,2025-12-30 09:29:36+05:30,3241.8,1,3247.49,62407,84993.0,100260.0,3250.0,3253.0,3239.8,3251.5,41277600,3576.6,2926.4,4322.95,2866.6,3241.8,65,3,3241.7,61,1,3241.6,61,1,3241.5,82,3,3241.4,195,9,3242.9,80,7,3243.0,116,4,3243.2,98,3,3243.3,21,2,3243.4,84,6
11536,2025-12-30 09:29:36+05:30,3242.0,15,3247.49,62429,85224.0,99672.0,3250.0,3253.0,3239.8,3251.5,41277600,3576.6,2926.4,4322.95,2866.6,3242.0,116,3,3241.8,48,1,3241.6,10,1,3241.5,82,3,3241.4,195,9,3242.9,63,5,3243.0,114,4,3243.1,16,1,3243.2,98,3,3243.3,85,5
11536,2025-12-30 09:29:37+05:30,3242.0,15,3247.49,62429,85224.0,99672.0,3250.0,3253.0,3239.8,3251.5,41277600,3576.6,2926.4,4322.95,2866.6,3242.0,116,3,3241.8,48,1,3241.6,10,1,3241.5,82,3,3241.4,195,9,3242.9,63,5,3243.0,114,4,3243.1,16,1,3243.2,98,3,3243.3,85,5
11536,2025-12-30 09:29:37+05:30,3242.0,15,3247.49,62429,85317.0,100736.0,3250.0,3253.0,3239.8,3251.5,41277600,3576.6,2926.4,4322.95,2866.6,3242.0,116,3,3241.8,58,2,3241.7,34,1,3241.6,63,3,3241.5,249,5,3242.9,17,4,3243.0,85,2,3243.2,64,2,3243.3,3,1,3243.4,57,4
11536,2025-12-30 09:29:38+05:30,3242.9,1,3247.49,62429,85317.0,100736.0,3250.0,3253.0,3239.8,3251.5,41277600,3576.6,2926.4,4322.95,2866.6,3242.0,116,3,3241.8,58,2,3241.7,34,1,3241.6,63,3,3241.5,249,5,3242.9,17,4,3243.0,85,2,3243.2,64,2,3243.3,3,1,3243.4,57,4
11536,2025-12-30 09:29:39+05:30,3242.9,1,3247.49,62431,85141.0,101023.0,3250.0,3253.0,3239.8,3251.5,41277600,3576.6,2926.4,4322.95,2866.6,3242.0,172,5,3241.8,48,1,3241.6,29,2,3241.5,221,3,3241.4,69,6,3242.9,63,6,3243.0,123,4,3243.1,34,1,3243.2,61,2,3243.3,40,3
11536,2025-12-30 09:29:39+05:30,3242.0,1,3247.49,62431,85141.0,101023.0,3250.0,3253.0,3239.8,3251.5,41277600,3576.6,2926.4,4322.95,2866.6,3242.0,172,5,3241.8,48,1,3241.6,29,2,3241.5,221,3,3241.4,69,6,3242.9,63,6,3243.0,123,4,3243.1,34,1,3243.2,61,2,3243.3,40,3
11536,2025-12-30 09:29:40+05:30,3242.0,2,3247.49,62435,84971.0,101149.0,3250.0,3253.0,3239.8,3251.5,41277600,3576.6,2926.4,4322.95,2866.6,3242.0,194,6,3241.8,48,1,3241.6,29,2,3241.5,218,2,3241.4,69,6,3242.8,33,1,3242.9,42,5,3243.0,154,4,3243.1,34,1,3243.2,61,2
11536,2025-12-30 09:29:40+05:30,3242.8,2,3247.49,62435,84971.0,101149.0,3250.0,3253.0,3239.8,3251.5,41277600,3576.6,2926.4,4322.95,2866.6,3242.0,194,6,3241.8,48,1,3241.6,29,2,3241.5,218,2,3241.4,69,6,3242.8,33,1,3242.9,42,5,3243.0,154,4,3243.1,34,1,3243.2,61,2
11536,2025-12-30 09:29:41+05:30,3242.8,2,3247.49,62437,85857.0,100952.0,3250.0,3253.0,3239.8,3251.5,41277600,3576.6,2926.4,4322.95,2866.6,3242.0,194,6,3241.8,48,1,3241.6,29,2,3241.5,218,2,3241.4,69,6,3242.8,44,2,3242.9,12,3,3243.0,189,5,3243.1,18,1,3243.2,61,2
11536,2025-12-30 09:29:41+05:30,3242.0,1,3247.49,62437,85857.0,100952.0,3250.0,3253.0,3239.8,3251.5,41277600,3576.6,2926.4,4322.95,2866.6,3242.0,194,6,3241.8,48,1,3241.6,29,2,3241.5,218,2,3241.4,69,6,3242.8,44,2,3242.9,12,3,3243.0,189,5,3243.1,18,1,3243.2,61,2
11536,2025-12-30 09:29:42+05:30,3242.0,1,3247.49,62438,86095.0,100901.0,3250.0,3253.0,3239.8,3251.5,41277600,3576.6,2926.4,4322.95,2866.6,3242.0,199,8,3241.8,48,1,3241.6,29,2,3241.5,200,1,3241.4,96,6,3242.8,20,3,3242.9,42,4,3243.0,154,4,3243.2,61,2,3243.3,75,4
11536,2025-12-30 09:29:42+05:30,3242.0,1,3247.49,62438,86095.0,100901.0,3250.0,3253.0,3239.8,3251.5,41277600,3576.6,2926.4,4322.95,2866.6,3242.0,199,8,3241.8,48,1,3241.6,29,2,3241.5,200,1,3241.4,96,6,3242.8,20,3,3242.9,42,4,3243.0,154,4,3243.2,61,2,3243.3,75,4
11536,2025-12-30 09:29:43+05:30,3242.0,1,3247.49,62439,86248.0,100936.0,3250.0,3253.0,3239.8,3251.5,41277600,3576.6,2926.4,4322.95,2866.6,3242.0,198,8,3241.8,48,1,3241.6,29,2,3241.5,200,1,3241.4,96,6,3242.8,27,3,3242.9,23,2,3243.0,144,5,3243.2,96,3,3243.3,40,3
11536,2025-12-30 09:29:43+05:30,3242.0,1,3247.49,62439,86248.0,100936.0,3250.0,3253.0,3239.8,3251.5,41277600,3576.6,2926.4,4322.95,2866.6,3242.0,198,8,3241.8,48,1,3241.6,29,2,3241.5,200,1,3241.4,96,6,3242.8,27,3,3242.9,23,2,3243.0,144,5,3243.2,96,3,3243.3,40,3
11536,2025-12-30 09:29:44+05:30,3242.0,1,3247.49,62440,84601.0,101195.0,3250.0,3253.0,3239.8,3251.5,41277600,3576.6,2926.4,4322.95,2866.6,3242.0,197,8,3241.8,48,1,3241.6,29,2,3241.5,200,1,3241.4,53,4,3242.8,57,6,3242.9,23,2,3243.0,165,6,3243.1,17,1,3243.2,21,1
11536,2025-12-30 09:29:44+05:30,3242.1,5,3247.49,62440,84601.0,101195.0,3250.0,3253.0,3239.8,3251.5,41277600,3576.6,2926.4,4322.95,2866.6,3242.0,197,8,3241.8,48,1,3241.6,29,2,3241.5,200,1,3241.4,53,4,3242.8,57,6,3242.9,23,2,3243.0,165,6,3243.1,17,1,3243.2,21,1
11536,2025-12-30 09:29:45+05:30,3242.1,5,3247.49,62453,85662.0,98561.0,3250.0,3253.0,3239.8,3251.5,41277600,3576.6,2926.4,4322.95,2866.6,3242.1,74,5,3242.0,222,10,3241.9,42,2,3241.8,84,3,3241.6,134,6,3242.8,60,3,3243.0,90,2,3243.3,3,1,3243.4,11,2,3243.5,3,1
11536,2025-12-30 09:29:45+05:30,3242.0,29,3247.49,62453,85662.0,98561.0,3250.0,3253.0,3239.8,3251.5,41277600,3576.6,2926.4,4322.95,2866.6,3242.1,74,5,3242.0,222,10,3241.9,42,2,3241.8,84,3,3241.6,134,6,3242.8,60,3,3243.0,90,2,3243.3,3,1,3243.4,11,2,3243.5,3,1
11536,2025-12-30 09:29:46+05:30,3242.0,29,3247.46,62779,85594.0,98248.0,3250.0,3253.0,3239.8,3251.5,41277600,3576.6,2926.4,4322.95,2866.6,3242.1,96,6,3242.0,26,2,3241.9,78,4,3241.8,100,4,3241.7,161,1,3242.8,78,5,3243.0,90,2,3243.4,11,2,3243.5,3,1,3243.6,15,1
11536,2025-12-30 09:29:46+05:30,3242.1,8,3247.46,62779,85594.0,98248.0,3250.0,3253.0,3239.8,3251.5,41277600,3576.6,2926.4,4322.95,2866.6,3242.1,96,6,3242.0,26,2,3241.9,78,4,3241.8,100,4,3241.7,161,1,3242.8,78,5,3243.0,90,2,3243.4,11,2,3243.5,3,1,3243.6,15,1
11536,2025-12-30 09:29:47+05:30,3242.1,10,3247.45,62809,85338.0,99277.0,3250.0,3253.0,3239.8,3251.5,41277600,3576.6,2926.4,4322.95,2866.6,3242.1,44,4,3242.0,26,2,3241.9,59,3,3241.8,100,4,3241.6,109,5,3242.8,79,6,3243.0,90,2,3243.4,11,2,3243.5,3,1,3243.6,15,1
11536,2025-12-30 09:29:47+05:30,3242.1,2,3247.45,62809,85338.0,99277.0,3250.0,3253.0,3239.8,3251.5,41277600,3576.6,2926.4,4322.95,2866.6,3242.1,44,4,3242.0,26,2,3241.9,59,3,3241.8,100,4,3241.6,109,5,3242.8,79,6,3243.0,90,2,3243.4,11,2,3243.5,3,1,3243.6,15,1
11536,2025-12-30 09:29:48+05:30,3242.1,9,3247.45,62836,85516.0,99454.0,3250.0,3253.0,3239.8,3251.5,41277600,3576.6,2926.4,4322.95,2866.6,3242.1,14,4,3242.0,13,1,3241.9,59,3,3241.8,103,5,3241.7,188,2,3242.8,69,6,3243.0,90,2,3243.4,11,2,3243.5,3,1,3243.6,15,1
11536,2025-12-30 09:29:48+05:30,3242.0,3,3247.45,62836,85516.0,99454.0,3250.0,3253.0,3239.8,3251.5,41277600,3576.6,2926.4,4322.95,2866.6,3242.1,14,4,3242.0,13,1,3241.9,59,3,3241.8,103,5,3241.7,188,2,3242.8,69,6,3243.0,90,2,3243.4,11,2,3243.5,3,1,3243.6,15,1
11536,2025-12-30 09:29:49+05:30,3242.0,3,3247.45,62886,85597.0,99826.0,3250.0,3253.0,3239.8,3251.5,41277600,3576.6,2926.4,4322.95,2866.6,3242.0,14,2,3241.9,59,4,3241.8,120,5,3241.7,188,2,3241.6,138,6,3242.8,65,7,3243.0,90,2,3243.4,11,2,3243.5,68,4,3243.6,42,2
11536,2025-12-30 09:29:49+05:30,3242.0,3,3247.45,62886,85597.0,99826.0,3250.0,3253.0,3239.8,3251.5,41277600,3576.6,2926.4,4322.95,2866.6,3242.0,14,2,3241.9,59,4,3241.8,120,5,3241.7,188,2,3241.6,138,6,3242.8,65,7,3243.0,90,2,3243.4,11,2,3243.5,68,4,3243.6,42,2
11536,2025-12-30 09:29:50+05:30,3242.0,1,3247.45,62890,85827.0,96495.0,3250.0,3253.0,3239.8,3251.5,41277600,3576.6,2926.4,4322.95,2866.6,3242.0,66,5,3241.9,14,1,3241.8,51,2,3241.7,38,2,3241.6,59,4,3242.8,63,5,3243.0,90,2,3243.4,51,3,3243.5,3,1,3243.6,42,2
11536,2025-12-30 09:29:50+05:30,3242.0,1,3247.45,62890,85827.0,96495.0,3250.0,3253.0,3239.8,3251.5,41277600,3576.6,2926.4,4322.95,2866.6,3242.0,66,5,3241.9,14,1,3241.8,51,2,3241.7,38,2,3241.6,59,4,3242.8,63,5,3243.0,90,2,3243.4,51,3,3243.5,3,1,3243.6,42,2
11536,2025-12-30 09:29:51+05:30,3243.8,12,3247.42,63322,86299.0,96041.0,3250.0,3253.0,3239.8,3251.5,41277600,3576.6,2926.4,4322.95,2866.6,3242.8,1,1,3242.3,10,1,3242.2,169,2,3242.1,122,5,3242.0,27,3,3243.8,54,3,3243.9,59,4,3244.0,157,5,3244.1,33,2,3244.2,239,5
11536,2025-12-30 09:29:51+05:30,3243.8,12,3247.42,63322,86299.0,96041.0,3250.0,3253.0,3239.8,3251.5,41277600,3576.6,2926.4,4322.95,2866.6,3242.8,1,1,3242.3,10,1,3242.2,169,2,3242.1,122,5,3242.0,27,3,3243.8,54,3,3243.9,59,4,3244.0,157,5,3244.1,33,2,3244.2,239,5
11536,2025-12-30 09:29:52+05:30,3243.8,12,3247.42,63322,86428.0,96119.0,3250.0,3253.0,3239.8,3251.5,41277600,3576.6,2926.4,4322.95,2866.6,3242.8,1,1,3242.3,10,1,3242.2,169,2,3242.1,167,7,3242.0,27,3,3243.8,57,4,3243.9,94,5,3244.0,162,5,3244.1,33,2,3244.2,239,5
11536,2025-12-30 09:29:53+05:30,3242.8,1,3247.42,63323,85961.0,97436.0,3250.0,3253.0,3239.8,3251.5,41277600,3576.6,2926.4,4322.95,2866.6,3242.2,3,1,3242.1,42,3,3242.0,20,2,3241.9,71,3,3241.8,138,6,3242.6,2,1,3243.6,43,1,3243.7,199,2,3243.8,100,5,3243.9,118,5
11536,2025-12-30 09:29:53+05:30,3242.8,1,3247.42,63323,85961.0,97436.0,3250.0,3253.0,3239.8,3251.5,41277600,3576.6,2926.4,4322.95,2866.6,3242.2,3,1,3242.1,42,3,3242.0,20,2,3241.9,71,3,3241.8,138,6,3242.6,2,1,3243.6,43,1,3243.7,199,2,3243.8,100,5,3243.9,118,5
11536,2025-12-30 09:29:54+05:30,3242.8,1,3247.42,63323,86091.0,97799.0,3250.0,3253.0,3239.8,3251.5,41277600,3576.6,2926.4,4322.95,2866.6,3242.2,3,1,3242.1,42,4,3242.0,23,3,3241.9,71,3,3241.8,192,8,3242.6,2,1,3243.6,43,1,3243.7,199,2,3243.8,140,6,3243.9,120,6
11536,2025-12-30 09:29:54+05:30,3242.1,7,3247.42,63323,86091.0,97799.0,3250.0,3253.0,3239.8,3251.5,41277600,3576.6,2926.4,4322.95,2866.6,3242.2,3,1,3242.1,42,4,3242.0,23,3,3241.9,71,3,3241.8,192,8,3242.6,2,1,3243.6,43,1,3243.7,199,2,3243.8,140,6,3243.9,120,6
11536,2025-12-30 09:29:55+05:30,3242.6,1,3247.42,63351,86252.0,97694.0,3250.0,3253.0,3239.8,3251.5,41277600,3576.6,2926.4,4322.95,2866.6,3242.1,33,4,3242.0,23,3,3241.9,71,3,3241.8,157,7,3241.7,28,2,3242.2,5,1,3242.6,2,2,3243.5,43,1,3243.6,43,1,3243.7,199,2
11536,2025-12-30 09:29:55+05:30,3242.2,1,3247.42,63351,86252.0,97694.0,3250.0,3253.0,3239.8,3251.5,41277600,3576.6,2926.4,4322.95,2866.6,3242.1,33,4,3242.0,23,3,3241.9,71,3,3241.8,157,7,3241.7,28,2,3242.2,5,1,3242.6,2,2,3243.5,43,1,3243.6,43,1,3243.7,199,2
11536,2025-12-30 09:29:56+05:30,3242.1,8,3247.41,63393,86237.0,97696.0,3250.0,3253.0,3239.8,3251.5,41277600,3576.6,2926.4,4322.95,2866.6,3242.1,5,1,3242.0,44,5,3241.9,71,3,3241.8,84,4,3241.7,28,2,3242.2,5,2,3242.6,2,2,3243.5,105,3,3243.6,43,1,3243.7,226,3
11536,2025-12-30 09:29:56+05:30,3242.1,8,3247.41,63393,86237.0,97696.0,3250.0,3253.0,3239.8,3251.5,41277600,3576.6,2926.4,4322.95,2866.6,3242.1,5,1,3242.0,44,5,3241.9,71,3,3241.8,84,4,3241.7,28,2,3242.2,5,2,3242.6,2,2,3243.5,105,3,3243.6,43,1,3243.7,226,3
11536,2025-12-30 09:29:57+05:30,3243.5,41,3247.41,63493,86689.0,95615.0,3250.0,3253.0,3239.8,3251.5,41277600,3576.6,2926.4,4322.95,2866.6,3242.1,206,4,3242.0,68,3,3241.9,68,3,3241.8,136,6,3241.7,55,3,3243.4,82,4,3243.5,1,1,3243.7,27,1,3243.8,100,4,3243.9,60,5
11536,2025-12-30 09:29:57+05:30,3243.5,41,3247.41,63493,86689.0,95615.0,3250.0,3253.0,3239.8,3251.5,41277600,3576.6,2926.4,4322.95,2866.6,3242.1,206,4,3242.0,68,3,3241.9,68,3,3241.8,136,6,3241.7,55,3,3243.4,82,4,3243.5,1,1,3243.7,27,1,3243.8,100,4,3243.9,60,5
11536,2025-12-30 09:29:58+05:30,3242.1,1,3247.41,63494,85192.0,97318.0,3250.0,3253.0,3239.8,3251.5,41277600,3576.6,2926.4,4322.95,2866.6,3242.1,33,3,3242.0,87,4,3241.9,38,2,3241.8,127,4,3241.7,199,4,3243.4,36,3,3243.5,1,1,3243.6,108,4,3243.7,28,3,3243.8,63,2
11536,2025-12-30 09:29:58+05:30,3242.1,1,3247.41,63494,85192.0,97318.0,3250.0,3253.0,3239.8,3251.5,41277600,3576.6,2926.4,4322.95,2866.6,3242.1,33,3,3242.0,87,4,3241.9,38,2,3241.8,127,4,3241.7,199,4,3243.4,36,3,3243.5,1,1,3243.6,108,4,3243.7,28,3,3243.8,63,2
11536,2025-12-30 09:29:59+05:30,3243.4,1,3247.41,63495,85988.0,97014.0,3250.0,3253.0,3239.8,3251.5,41277600,3576.6,2926.4,4322.95,2866.6,3242.4,13,1,3242.3,47,2,3242.2,234,4,3242.1,78,5,3242.0,137,8,3243.4,3,2,3243.8,48,2,3243.9,64,4,3244.0,220,7,3244.1,41,2
11536,2025-12-30 09:29:59+05:30,3243.4,1,3247.41,63495,85988.0,97014.0,3250.0,3253.0,3239.8,3251.5,41277600,3576.6,2926.4,4322.95,2866.6,3242.4,13,1,3242.3,47,2,3242.2,234,4,3242.1,78,5,3242.0,137,8,3243.4,3,2,3243.8,48,2,3243.9,64,4,3244.0,220,7,3244.1,41,2
11536,2025-12-30 09:30:00+05:30,3242.6,9,3247.4,63625,84740.0,95129.0,3250.0,3253.0,3239.8,3251.5,41277600,3576.6,2926.4,4322.95,2866.6,3242.6,3,1,3242.5,3,1,3242.4,45,4,3242.3,3,1,3242.2,24,2,3243.9,102,4,3244.0,111,4,3244.1,43,2,3244.2,33,2,3244.3,69,2
11536,2025-12-30 09:30:00+05:30,3242.6,9,3247.4,63625,84740.0,95129.0,3250.0,3253.0,3239.8,3251.5,41277600,3576.6,2926.4,4322.95,2866.6,3242.6,3,1,3242.5,3,1,3242.4,45,4,3242.3,3,1,3242.2,24,2,3243.9,102,4,3244.0,111,4,3244.1,43,2,3244.2,33,2,3244.3,69,2
11536,2025-12-30 09:30:01+05:30,3243.2,2,3247.4,63675,83701.0,99097.0,3250.0,3253.0,3239.8,3251.5,41277600,3576.6,2926.4,4322.95,2866.6,3242.4,24,2,3242.1,4,1,3242.0,7,2,3241.8,24,2,3241.7,43,2,3243.2,23,2,3243.4,63,3,3243.5,62,2,3243.6,231,4,3243.7,138,7
11536,2025-12-30 09:30:01+05:30,3243.2,1,3247.4,63675,83701.0,99097.0,3250.0,3253.0,3239.8,3251.5,41277600,3576.6,2926.4,4322.95,2866.6,3242.4,24,2,3242.1,4,1,3242.0,7,2,3241.8,24,2,3241.7,43,2,3243.2,23,2,3243.4,63,3,3243.5,62,2,3243.6,231,4,3243.7,138,7
11536,2025-12-30 09:30:02+05:30,3243.2,1,3247.4,63684,85925.0,95290.0,3250.0,3253.0,3239.8,3251.5,41277600,3576.6,2926.4,4322.95,2866.6,3242.4,173,10,3242.3,63,2,3242.2,217,3,3242.1,111,8,3242.0,60,6,3243.2,1,1,3243.9,41,4,3244.0,98,3,3244.2,220,2,3244.3,68,2
11536,2025-12-30 09:30:02+05:30,3243.2,1,3247.4,63684,85925.0,95290.0,3250.0,3253.0,3239.8,3251.5,41277600,3576.6,2926.4,4322.95,2866.6,3242.4,173,10,3242.3,63,2,3242.2,217,3,3242.1,111,8,3242.0,60,6,3243.2,1,1,3243.9,41,4,3244.0,98,3,3244.2,220,2,3244.3,68,2
11536,2025-12-30 09:30:03+05:30,3243.2,1,3247.39,63690,87291.0,95503.0,3250.0,3253.0,3239.8,3251.5,41277600,3576.6,2926.4,4322.95,2866.6,3242.4,138,9,3242.3,63,2,3242.2,217,3,3242.1,146,9,3242.0,60,6,3243.2,16,3,3243.9,27,3,3244.0,98,3,3244.2,260,3,3244.3,68,2
11536,2025-12-30 09:30:03+05:30,3243.2,20,3247.39,63690,87291.0,95503.0,3250.0,3253.0,3239.8,3251.5,41277600,3576.6,2926.4,4322.95,2866.6,3242.4,138,9,3242.3,63,2,3242.2,217,3,3242.1,146,9,3242.0,60,6,3243.2,16,3,3243.9,27,3,3244.0,98,3,3244.2,260,3,3244.3,68,2
11536,2025-12-30 09:30:04+05:30,3243.2,20,3247.32,65218,86805.0,96301.0,3250.0,3253.0,3239.8,3251.5,41277600,3576.6,2926.4,4322.95,2866.6,3243.2,5,1,3243.1,5,1,3243.0,5,1,3242.9,6,1,3242.8,28,2,3244.1,71,3,3244.2,23,2,3244.3,84,4,3244.4,199,3,3244.5,91,5
11536,2025-12-30 09:30:04+05:30,3244.0,2,3247.32,65218,86805.0,96301.0,3250.0,3253.0,3239.8,3251.5,41277600,3576.6,2926.4,4322.95,2866.6,3243.2,5,1,3243.1,5,1,3243.0,5,1,3242.9,6,1,3242.8,28,2,3244.1,71,3,3244.2,23,2,3244.3,84,4,3244.4,199,3,3244.5,91,5
11536,2025-12-30 09:30:05+05:30,3242.9,23,3247.32,65276,89071.0,95751.0,3250.0,3253.0,3239.8,3251.5,41277600,3576.6,2926.4,4322.95,2866.6,3242.8,69,3,3242.7,25,2,3242.6,248,7,3242.5,294,5,3242.4,92,7,3244.1,103,6,3244.3,23,1,3244.4,27,1,3244.5,83,5,3244.6,237,3
11536,2025-12-30 09:30:05+05:30,3242.9,23,3247.32,65276,89071.0,95751.0,3250.0,3253.0,3239.8,3251.5,41277600,3576.6,2926.4,4322.95,2866.6,3242.8,69,3,3242.7,25,2,3242.6,248,7,3242.5,294,5,3242.4,92,7,3244.1,103,6,3244.3,23,1,3244.4,27,1,3244.5,83,5,3244.6,237,3
11536,2025-12-30 09:30:06+05:30,3244.0,2,3247.32,65280,87364.0,96390.0,3250.0,3253.0,3239.8,3251.5,41277600,3576.6,2926.4,4322.95,2866.6,3242.8,34,2,3242.7,25,2,3242.6,78,5,3242.5,294,5,3242.4,92,7,3243.9,31,1,3244.0,28,2,3244.1,114,5,3244.2,49,2,3244.3,23,1
11536,2025-12-30 09:30:06+05:30,3244.0,2,3247.32,65280,87364.0,96390.0,3250.0,3253.0,3239.8,3251.5,41277600,3576.6,2926.4,4322.95,2866.6,3242.8,34,2,3242.7,25,2,3242.6,78,5,3242.5,294,5,3242.4,92,7,3243.9,31,1,3244.0,28,2,3244.1,114,5,3244.2,49,2,3244.3,23,1
11536,2025-12-30 09:30:07+05:30,3242.7,4,3247.3,65509,88662.0,96510.0,3250.0,3253.0,3239.8,3251.5,41277600,3576.6,2926.4,4322.95,2866.6,3242.7,42,3,3242.6,241,3,3242.5,263,2,3242.4,40,3,3242.3,29,2,3243.9,58,4,3244.0,52,3,3244.1,82,3,3244.2,18,1,3244.3,196,2
11536,2025-12-30 09:30:07+05:30,3242.7,4,3247.3,65509,88662.0,96510.0,3250.0,3253.0,3239.8,3251.5,41277600,3576.6,2926.4,4322.95,2866.6,3242.7,42,3,3242.6,241,3,3242.5,263,2,3242.4,40,3,3242.3,29,2,3243.9,58,4,3244.0,52,3,3244.1,82,3,3244.2,18,1,3244.3,196,2
11536,2025-12-30 09:30:08+05:30,3242.7,9,3247.3,65518,88716.0,96505.0,3250.0,3253.0,3239.8,3251.5,41277600,3576.6,2926.4,4322.95,2866.6,3242.7,37,4,3242.6,207,3,3242.5,263,2,3242.4,40,3,3242.3,29,2,3243.9,57,5,3244.0,37,2,3244.1,81,2,3244.2,33,2,3244.3,196,2
11536,2025-12-30 09:30:08+05:30,3242.7,9,3247.3,65518,88716.0,96505.0,3250.0,3253.0,3239.8,3251.5,41277600,3576.6,2926.4,4322.95,2866.6,3242.7,37,4,3242.6,207,3,3242.5,263,2,3242.4,40,3,3242.3,29,2,3243.9,57,5,3244.0,37,2,3244.1,81,2,3244.2,33,2,3244.3,196,2
11536,2025-12-30 09:30:09+05:30,3243.9,2,3247.3,65521,88769.0,96737.0,3250.0,3253.0,3239.8,3251.5,41277600,3576.6,2926.4,4322.95,2866.6,3242.7,36,4,3242.6,247,4,3242.5,263,2,3242.4,40,3,3242.3,29,2,3243.9,56,6,3244.0,37,2,3244.1,81,2,3244.2,39,3,3244.3,196,2
11536,2025-12-30 09:30:09+05:30,3243.9,2,3247.3,65521,88769.0,96737.0,3250.0,3253.0,3239.8,3251.5,41277600,3576.6,2926.4,4322.95,2866.6,3242.7,36,4,3242.6,247,4,3242.5,263,2,3242.4,40,3,3242.3,29,2,3243.9,56,6,3244.0,37,2,3244.1,81,2,3244.2,39,3,3244.3,196,2
11536,2025-12-30 09:30:10+05:30,3242.7,2,3247.3,65523,88592.0,97393.0,3250.0,3253.0,3239.8,3251.5,41277600,3576.6,2926.4,4322.95,2866.6,3242.7,9,2,3242.6,6,1,3242.5,277,3,3242.4,55,4,3242.3,48,3,3243.0,9,1,3243.8,37,1,3243.9,7,4,3244.0,95,3,3244.1,81,2
11536,2025-12-30 09:30:10+05:30,3242.7,29,3247.3,65523,88592.0,97393.0,3250.0,3253.0,3239.8,3251.5,41277600,3576.6,2926.4,4322.95,2866.6,3242.7,9,2,3242.6,6,1,3242.5,277,3,3242.4,55,4,3242.3,48,3,3243.0,9,1,3243.8,37,1,3243.9,7,4,3244.0,95,3,3244.1,81,2
11536,2025-12-30 09:30:11+05:30,3243.1,2,3247.3,65572,87808.0,95606.0,3250.0,3253.0,3239.8,3251.5,41277600,3576.6,2926.4,4322.95,2866.6,3243.1,1,1,3242.7,181,1,3242.6,32,5,3242.5,304,4,3242.4,131,7,3243.9,4,4,3244.0,34,2,3244.1,58,1,3244.3,37,1,3244.4,26,1
11536,2025-12-30 09:30:11+05:30,3243.1,1,3247.3,65572,87808.0,95606.0,3250.0,3253.0,3239.8,3251.5,41277600,3576.6,2926.4,4322.95,2866.6,3243.1,1,1,3242.7,181,1,3242.6,32,5,3242.5,304,4,3242.4,131,7,3243.9,4,4,3244.0,34,2,3244.1,58,1,3244.3,37,1,3244.4,26,1
11536,2025-12-30 09:30:12+05:30,3242.6,1,3247.29,65606,88750.0,96385.0,3250.0,3253.0,3239.8,3251.5,41277600,3576.6,2926.4,4322.95,2866.6,3242.6,224,7,3242.5,325,5,3242.4,108,6,3242.3,12,2,3242.2,186,7,3243.9,3,3,3244.0,34,2,3244.1,58,1,3244.2,18,1,3244.3,26,1
11536,2025-12-30 09:30:12+05:30,3242.6,1,3247.29,65606,88750.0,96385.0,3250.0,3253.0,3239.8,3251.5,41277600,3576.6,2926.4,4322.95,2866.6,3242.6,224,7,3242.5,325,5,3242.4,108,6,3242.3,12,2,3242.2,186,7,3243.9,3,3,3244.0,34,2,3244.1,58,1,3244.2,18,1,3244.3,26,1
11536,2025-12-30 09:30:13+05:30,3243.9,1,3247.29,65606,88750.0,96385.0,3250.0,3253.0,3239.8,3251.5,41277600,3576.6,2926.4,4322.95,2866.6,3242.6,224,7,3242.5,325,5,3242.4,108,6,3242.3,12,2,3242.2,186,7,3243.9,3,3,3244.0,34,2,3244.1,58,1,3244.2,18,1,3244.3,26,1
11536,2025-12-30 09:30:13+05:30,3243.9,1,3247.29,65647,88223.0,96622.0,3250.0,3253.0,3239.8,3251.5,41277600,3576.6,2926.4,4322.95,2866.6,3242.7,4,1,3242.6,185,4,3242.5,266,3,3242.4,91,5,3242.3,27,2,3243.9,79,7,3244.0,82,4,3244.1,58,1,3244.2,24,2,3244.3,26,1
11536,2025-12-30 09:30:14+05:30,3242.7,1,3247.29,65647,88223.0,96622.0,3250.0,3253.0,3239.8,3251.5,41277600,3576.6,2926.4,4322.95,2866.6,3242.7,4,1,3242.6,185,4,3242.5,266,3,3242.4,91,5,3242.3,27,2,3243.9,79,7,3244.0,82,4,3244.1,58,1,3244.2,24,2,3244.3,26,1
11536,2025-12-30 09:30:14+05:30,3242.7,1,3247.29,65654,89115.0,95882.0,3250.0,3253.0,3239.8,3251.5,41277600,3576.6,2926.4,4322.95,2866.6,3242.8,252,5,3242.7,62,5,3242.6,17,3,3242.5,266,3,3242.4,143,9,3243.9,17,4,3244.0,34,2,3244.1,58,1,3244.7,163,6,3244.8,83,4
11536,2025-12-30 09:30:15+05:30,3243.1,4,3247.29,65654,89115.0,95882.0,3250.0,3253.0,3239.8,3251.5,41277600,3576.6,2926.4,4322.95,2866.6,3242.8,252,5,3242.7,62,5,3242.6,17,3,3242.5,266,3,3242.4,143,9,3243.9,17,4,3244.0,34,2,3244.1,58,1,3244.7,163,6,3244.8,83,4
11536,2025-12-30 09:30:15+05:30,3243.1,4,3247.29,65659,90876.0,94045.0,3250.0,3253.0,3239.8,3251.5,41277600,3576.6,2926.4,4322.95,2866.6,3243.1,84,6,3243.0,89,4,3242.9,168,1,3242.8,306,3,3242.7,116,7,3243.9,17,4,3244.0,34,2,3244.1,58,1,3244.7,22,1,3244.8,53,2
11536,2025-12-30 09:30:16+05:30,3244.0,31,3247.29,65659,90876.0,94045.0,3250.0,3253.0,3239.8,3251.5,41277600,3576.6,2926.4,4322.95,2866.6,3243.1,84,6,3243.0,89,4,3242.9,168,1,3242.8,306,3,3242.7,116,7,3243.9,17,4,3244.0,34,2,3244.1,58,1,3244.7,22,1,3244.8,53,2
11536,2025-12-30 09:30:16+05:30,3244.0,31,3247.29,65718,90852.0,94350.0,3250.0,3253.0,3239.8,3251.5,41277600,3576.6,2926.4,4322.95,2866.6,3243.1,78,6,3243.0,89,4,3242.9,175,1,3242.8,306,3,3242.7,73,6,3244.0,2,1,3244.1,58,1,3244.7,22,1,3244.8,53,2,3244.9,65,4
11536,2025-12-30 09:30:17+05:30,3244.0,31,3247.29,65718,90556.0,95288.0,3250.0,3253.0,3239.8,3251.5,41277600,3576.6,2926.4,4322.95,2866.6,3243.2,2,1,3243.1,11,2,3243.0,41,2,3242.8,287,4,3242.7,11,3,3244.0,3,2,3244.2,13,1,3244.3,31,2,3244.5,61,1,3244.6,207,2
11536,2025-12-30 09:30:18+05:30,3243.1,66,3247.29,65718,90556.0,95288.0,3250.0,3253.0,3239.8,3251.5,41277600,3576.6,2926.4,4322.95,2866.6,3243.2,2,1,3243.1,11,2,3243.0,41,2,3242.8,287,4,3242.7,11,3,3244.0,3,2,3244.2,13,1,3244.3,31,2,3244.5,61,1,3244.6,207,2
11536,2025-12-30 09:30:19+05:30,3243.1,66,3247.28,65799,90461.0,94783.0,3250.0,3253.0,3239.8,3251.5,41277600,3576.6,2926.4,4322.95,2866.6,3243.1,2,1,3243.0,39,1,3242.9,8,1,3242.8,261,3,3242.7,51,4,3244.0,5,3,3244.4,80,2,3244.5,94,3,3244.6,59,2,3244.7,25,2
11536,2025-12-30 09:30:20+05:30,3243.1,4,3247.28,65813,91798.0,95035.0,3250.0,3253.0,3239.8,3251.5,41277600,3576.6,2926.4,4322.95,2866.6,3243.1,28,2,3243.0,25,2,3242.9,103,4,3242.8,261,3,3242.7,85,6,3244.0,5,3,3244.5,19,1,3244.6,59,2,3244.7,25,2,3244.8,113,5
11536,2025-12-30 09:30:20+05:30,3244.0,1,3247.28,65813,91798.0,95035.0,3250.0,3253.0,3239.8,3251.5,41277600,3576.6,2926.4,4322.95,2866.6,3243.1,28,2,3243.0,25,2,3242.9,103,4,3242.8,261,3,3242.7,85,6,3244.0,5,3,3244.5,19,1,3244.6,59,2,3244.7,25,2,3244.8,113,5
11536,2025-12-30 09:30:21+05:30,3243.1,4,3247.28,65818,91802.0,95249.0,3250.0,3253.0,3239.8,3251.5,41277600,3576.6,2926.4,4322.95,2866.6,3243.1,24,2,3243.0,25,2,3242.9,103,4,3242.8,261,3,3242.7,85,6,3244.0,5,4,3244.5,19,1,3244.6,59,2,3244.7,25,2,3244.8,113,5
11536,2025-12-30 09:30:21+05:30,3243.1,4,3247.28,65818,91802.0,95249.0,3250.0,3253.0,3239.8,3251.5,41277600,3576.6,2926.4,4322.95,2866.6,3243.1,24,2,3243.0,25,2,3242.9,103,4,3242.8,261,3,3242.7,85,6,3244.0,5,4,3244.5,19,1,3244.6,59,2,3244.7,25,2,3244.8,113,5
11536,2025-12-30 09:30:22+05:30,3243.0,1,3247.28,65831,88828.0,94422.0,3250.0,3253.0,3239.8,3251.5,41277600,3576.6,2926.4,4322.95,2866.6,3243.1,74,4,3243.0,27,2,3242.9,209,4,3242.8,261,3,3242.7,92,6,3244.0,22,5,3244.5,61,1,3244.6,59,2,3244.7,25,2,3244.8,126,6
11536,2025-12-30 09:30:22+05:30,3243.1,29,3247.28,65831,88828.0,94422.0,3250.0,3253.0,3239.8,3251.5,41277600,3576.6,2926.4,4322.95,2866.6,3243.1,74,4,3243.0,27,2,3242.9,209,4,3242.8,261,3,3242.7,92,6,3244.0,22,5,3244.5,61,1,3244.6,59,2,3244.7,25,2,3244.8,126,6
11536,2025-12-30 09:30:23+05:30,3243.0,2,3247.28,65908,91901.0,95539.0,3250.0,3253.0,3239.8,3251.5,41277600,3576.6,2926.4,4322.95,2866.6,3243.0,19,1,3242.9,35,3,3242.8,290,4,3242.7,19,3,3242.6,48,4,3243.1,73,2,3244.0,21,4,3244.3,18,1,3244.6,59,2,3244.7,218,4
11536,2025-12-30 09:30:23+05:30,3243.0,1,3247.28,65908,91901.0,95539.0,3250.0,3253.0,3239.8,3251.5,41277600,3576.6,2926.4,4322.95,2866.6,3243.0,19,1,3242.9,35,3,3242.8,290,4,3242.7,19,3,3242.6,48,4,3243.1,73,2,3244.0,21,4,3244.3,18,1,3244.6,59,2,3244.7,218,4
11536,2025-12-30 09:30:24+05:30,3242.9,1,3247.27,65915,89381.0,99287.0,3250.0,3253.0,3239.8,3251.5,41277600,3576.6,2926.4,4322.95,2866.6,3242.9,13,2,3242.8,261,3,3242.7,4,2,3242.6,9,2,3242.5,4,2,3243.1,68,2,3243.6,13,1,3243.7,13,1,3243.8,15,1,3243.9,1,1
11536,2025-12-30 09:30:24+05:30,3243.1,1,3247.27,65915,89381.0,99287.0,3250.0,3253.0,3239.8,3251.5,41277600,3576.6,2926.4,4322.95,2866.6,3242.9,13,2,3242.8,261,3,3242.7,4,2,3242.6,9,2,3242.5,4,2,3243.1,68,2,3243.6,13,1,3243.7,13,1,3243.8,15,1,3243.9,1,1
11536,2025-12-30 09:30:25+05:30,3243.1,13,3247.27,65931,89118.0,99735.0,3250.0,3253.0,3239.8,3251.5,41277600,3576.6,2926.4,4322.95,2866.6,3242.9,12,2,3242.8,261,3,3242.7,4,2,3242.6,9,2,3242.5,4,2,3243.1,58,5,3243.3,18,1,3243.4,8,1,3243.6,99,4,3243.7,13,1
11536,2025-12-30 09:30:25+05:30,3242.9,6,3247.27,65931,89118.0,99735.0,3250.0,3253.0,3239.8,3251.5,41277600,3576.6,2926.4,4322.95,2866.6,3242.9,12,2,3242.8,261,3,3242.7,4,2,3242.6,9,2,3242.5,4,2,3243.1,58,5,3243.3,18,1,3243.4,8,1,3243.6,99,4,3243.7,13,1
11536,2025-12-30 09:30:26+05:30,3242.9,6,3247.27,65943,89320.0,99538.0,3250.0,3253.0,3239.8,3251.5,41277600,3576.6,2926.4,4322.95,2866.6,3242.9,14,2,3242.8,261,3,3242.7,4,2,3242.6,9,2,3242.5,4,2,3243.1,69,6,3243.5,21,1,3243.6,13,1,3243.7,103,4,3243.8,125,4
11536,2025-12-30 09:30:27+05:30,3242.9,6,3247.27,65959,89285.0,98607.0,3250.0,3253.0,3239.8,3251.5,41277600,3576.6,2926.4,4322.95,2866.6,3242.9,14,2,3242.8,261,3,3242.7,4,2,3242.6,9,2,3242.5,4,2,3243.1,113,6,3243.4,8,1,3243.5,39,2,3243.6,81,3,3243.7,56,2
11536,2025-12-30 09:30:27+05:30,3242.9,6,3247.27,65959,89285.0,98607.0,3250.0,3253.0,3239.8,3251.5,41277600,3576.6,2926.4,4322.95,2866.6,3242.9,14,2,3242.8,261,3,3242.7,4,2,3242.6,9,2,3242.5,4,2,3243.1,113,6,3243.4,8,1,3243.5,39,2,3243.6,81,3,3243.7,56,2
11536,2025-12-30 09:30:28+05:30,3242.9,3,3247.27,65981,89408.0,100086.0,3250.0,3253.0,3239.8,3251.5,41277600,3576.6,2926.4,4322.95,2866.6,3242.9,11,2,3242.8,261,3,3242.7,4,2,3242.6,9,2,3242.5,4,2,3243.1,107,5,3243.3,18,1,3243.4,29,1,3243.5,60,2,3243.6,28,2
11536,2025-12-30 09:30:28+05:30,3242.9,3,3247.27,65981,89408.0,100086.0,3250.0,3253.0,3239.8,3251.5,41277600,3576.6,2926.4,4322.95,2866.6,3242.9,11,2,3242.8,261,3,3242.7,4,2,3242.6,9,2,3242.5,4,2,3243.1,107,5,3243.3,18,1,3243.4,29,1,3243.5,60,2,3243.6,28,2
11536,2025-12-30 09:30:29+05:30,3243.1,5,3247.27,65988,89455.0,98657.0,3250.0,3253.0,3239.8,3251.5,41277600,3576.6,2926.4,4322.95,2866.6,3242.9,9,2,3242.8,261,3,3242.7,4,2,3242.6,9,2,3242.5,4,2,3243.1,116,6,3243.3,7,1,3243.4,29,1,3243.5,60,2,3243.6,28,2
11536,2025-12-30 09:30:29+05:30,3243.1,5,3247.27,65988,89455.0,98657.0,3250.0,3253.0,3239.8,3251.5,41277600,3576.6,2926.4,4322.95,2866.6,3242.9,9,2,3242.8,261,3,3242.7,4,2,3242.6,9,2,3242.5,4,2,3243.1,116,6,3243.3,7,1,3243.4,29,1,3243.5,60,2,3243.6,28,2
11536,2025-12-30 09:30:30+05:30,3243.1,5,3247.27,65988,89455.0,99898.0,3250.0,3253.0,3239.8,3251.5,41277600,3576.6,2926.4,4322.95,2866.6,3242.9,9,2,3242.8,261,3,3242.7,4,2,3242.6,9,2,3242.5,4,2,3243.1,103,6,3243.2,5,1,3243.3,18,1,3243.4,29,1,3243.5,70,3
11536,2025-12-30 09:30:30+05:30,3242.9,3,3247.27,65988,89455.0,99898.0,3250.0,3253.0,3239.8,3251.5,41277600,3576.6,2926.4,4322.95,2866.6,3242.9,9,2,3242.8,261,3,3242.7,4,2,3242.6,9,2,3242.5,4,2,3243.1,103,6,3243.2,5,1,3243.3,18,1,3243.4,29,1,3243.5,70,3
11536,2025-12-30 09:30:31+05:30,3243.1,1,3247.27,65992,89501.0,99919.0,3250.0,3253.0,3239.8,3251.5,41277600,3576.6,2926.4,4322.95,2866.6,3242.9,14,2,3242.8,261,3,3242.7,4,2,3242.6,9,2,3242.5,4,2,3243.1,102,6,3243.3,18,1,3243.4,29,1,3243.5,70,3,3243.6,28,2
11536,2025-12-30 09:30:31+05:30,3242.9,3,3247.27,65992,89501.0,99919.0,3250.0,3253.0,3239.8,3251.5,41277600,3576.6,2926.4,4322.95,2866.6,3242.9,14,2,3242.8,261,3,3242.7,4,2,3242.6,9,2,3242.5,4,2,3243.1,102,6,3243.3,18,1,3243.4,29,1,3243.5,70,3,3243.6,28,2
11536,2025-12-30 09:30:32+05:30,3242.9,1,3247.27,65996,89526.0,98779.0,3250.0,3253.0,3239.8,3251.5,41277600,3576.6,2926.4,4322.95,2866.6,3242.9,10,2,3242.8,261,3,3242.7,5,3,3242.6,9,2,3242.5,4,2,3243.1,118,7,3243.2,11,1,3243.3,13,1,3243.4,46,2,3243.5,70,3
11536,2025-12-30 09:30:32+05:30,3242.9,1,3247.27,65996,89526.0,98779.0,3250.0,3253.0,3239.8,3251.5,41277600,3576.6,2926.4,4322.95,2866.6,3242.9,10,2,3242.8,261,3,3242.7,5,3,3242.6,9,2,3242.5,4,2,3243.1,118,7,3243.2,11,1,3243.3,13,1,3243.4,46,2,3243.5,70,3
11536,2025-12-30 09:30:33+05:30,3242.9,4,3247.27,66065,88871.0,99940.0,3250.0,3253.0,3239.8,3251.5,41277600,3576.6,2926.4,4322.95,2866.6,3242.9,10,2,3242.8,11,2,3242.7,5,3,3242.6,9,2,3242.5,4,2,3243.1,46,3,3243.2,11,1,3243.3,13,1,3243.4,46,2,3243.5,87,4
11536,2025-12-30 09:30:33+05:30,3242.9,4,3247.27,66065,88871.0,99940.0,3250.0,3253.0,3239.8,3251.5,41277600,3576.6,2926.4,4322.95,2866.6,3242.9,10,2,3242.8,11,2,3242.7,5,3,3242.6,9,2,3242.5,4,2,3243.1,46,3,3243.2,11,1,3243.3,13,1,3243.4,46,2,3243.5,87,4
11536,2025-12-30 09:30:34+05:30,3243.1,1,3247.27,66065,88871.0,99940.0,3250.0,3253.0,3239.8,3251.5,41277600,3576.6,2926.4,4322.95,2866.6,3242.9,10,2,3242.8,11,2,3242.7,5,3,3242.6,9,2,3242.5,4,2,3243.1,46,3,3243.2,11,1,3243.3,13,1,3243.4,46,2,3243.5,87,4
11536,2025-12-30 09:30:34+05:30,3243.1,1,3247.27,66067,88817.0,100316.0,3250.0,3253.0,3239.8,3251.5,41277600,3576.6,2926.4,4322.95,2866.6,3242.9,9,2,3242.8,11,2,3242.7,5,3,3242.6,9,2,3242.5,4,2,3243.1,45,3,3243.2,11,1,3243.4,45,2,3243.5,56,2,3243.6,12,1
11536,2025-12-30 09:30:35+05:30,3243.1,1,3247.27,66067,88817.0,100316.0,3250.0,3253.0,3239.8,3251.5,41277600,3576.6,2926.4,4322.95,2866.6,3242.9,9,2,3242.8,11,2,3242.7,5,3,3242.6,9,2,3242.5,4,2,3243.1,45,3,3243.2,11,1,3243.4,45,2,3243.5,56,2,3243.6,12,1
11536,2025-12-30 09:30:35+05:30,3243.1,1,3247.26,66069,88817.0,100315.0,3250.0,3253.0,3239.8,3251.5,41277600,3576.6,2926.4,4322.95,2866.6,3242.9,9,2,3242.8,11,2,3242.7,5,3,3242.6,9,2,3242.5,4,2,3243.1,44,4,3243.2,11,1,3243.4,45,2,3243.5,56,2,3243.6,12,1
11536,2025-12-30 09:30:36+05:30,3242.9,1,3247.26,66069,88817.0,100315.0,3250.0,3253.0,3239.8,3251.5,41277600,3576.6,2926.4,4322.95,2866.6,3242.9,9,2,3242.8,11,2,3242.7,5,3,3242.6,9,2,3242.5,4,2,3243.1,44,4,3243.2,11,1,3243.4,45,2,3243.5,56,2,3243.6,12,1
11536,2025-12-30 09:30:36+05:30,3242.9,1,3247.26,66080,88819.0,100314.0,3250.0,3253.0,3239.8,3251.5,41277600,3576.6,2926.4,4322.95,2866.6,3242.9,12,2,3242.8,11,2,3242.7,5,3,3242.6,9,2,3242.5,4,2,3243.1,43,3,3243.2,11,1,3243.4,45,2,3243.5,56,2,3243.6,12,1
11536,2025-12-30 09:30:37+05:30,3243.1,1,3247.26,66081,88876.0,100352.0,3250.0,3253.0,3239.8,3251.5,41277600,3576.6,2926.4,4322.95,2866.6,3242.9,65,3,3242.8,11,2,3242.7,5,3,3242.6,10,3,3242.5,4,2,3243.1,52,4,3243.2,11,1,3243.6,31,2,3243.7,66,3,3243.8,33,2
11536,2025-12-30 09:30:38+05:30,3243.1,4,3247.26,66081,88876.0,100352.0,3250.0,3253.0,3239.8,3251.5,41277600,3576.6,2926.4,4322.95,2866.6,3242.9,65,3,3242.8,11,2,3242.7,5,3,3242.6,10,3,3242.5,4,2,3243.1,52,4,3243.2,11,1,3243.6,31,2,3243.7,66,3,3243.8,33,2
11536,2025-12-30 09:30:38+05:30,3243.1,4,3247.26,66116,88821.0,100342.0,3250.0,3253.0,3239.8,3251.5,41277600,3576.6,2926.4,4322.95,2866.6,3242.9,48,3,3242.8,11,2,3242.7,5,3,3242.6,10,3,3242.5,4,2,3243.1,62,5,3243.2,11,1,3243.6,87,4,3243.7,25,1,3243.8,33,2
11536,2025-12-30 09:30:40+05:30,3242.9,2,3247.26,66118,88837.0,100359.0,3250.0,3253.0,3239.8,3251.5,41277600,3576.6,2926.4,4322.95,2866.6,3242.9,46,3,3242.8,11,2,3242.7,5,3,3242.6,10,3,3242.5,4,2,3243.1,61,4,3243.2,11,1,3243.6,105,5,3243.7,25,1,3243.8,33,2
11536,2025-12-30 09:30:40+05:30,3242.9,2,3247.26,66118,88837.0,100359.0,3250.0,3253.0,3239.8,3251.5,41277600,3576.6,2926.4,4322.95,2866.6,3242.9,46,3,3242.8,11,2,3242.7,5,3,3242.6,10,3,3242.5,4,2,3243.1,61,4,3243.2,11,1,3243.6,105,5,3243.7,25,1,3243.8,33,2
11536,2025-12-30 09:30:41+05:30,3243.1,4,3247.26,66127,88434.0,100347.0,3250.0,3253.0,3239.8,3251.5,41277600,3576.6,2926.4,4322.95,2866.6,3242.9,46,3,3242.8,11,2,3242.7,5,3,3242.6,10,3,3242.5,4,2,3243.1,58,5,3243.2,11,1,3243.5,16,1,3243.6,82,4,3243.7,25,1
11536,2025-12-30 09:30:41+05:30,3242.9,6,3247.26,66127,88434.0,100347.0,3250.0,3253.0,3239.8,3251.5,41277600,3576.6,2926.4,4322.95,2866.6,3242.9,46,3,3242.8,11,2,3242.7,5,3,3242.6,10,3,3242.5,4,2,3243.1,58,5,3243.2,11,1,3243.5,16,1,3243.6,82,4,3243.7,25,1
11536,2025-12-30 09:30:42+05:30,3242.9,5,3247.26,66138,90078.0,95618.0,3250.0,3253.0,3239.8,3251.5,41277600,3576.6,2926.4,4322.95,2866.6,3242.9,35,3,3242.8,39,4,3242.7,47,6,3242.6,51,5,3242.5,23,3,3243.1,59,6,3243.2,11,1,3244.0,32,3,3244.4,49,3,3244.5,28,1
11536,2025-12-30 09:30:42+05:30,3242.9,5,3247.26,66138,90078.0,95618.0,3250.0,3253.0,3239.8,3251.5,41277600,3576.6,2926.4,4322.95,2866.6,3242.9,35,3,3242.8,39,4,3242.7,47,6,3242.6,51,5,3242.5,23,3,3243.1,59,6,3243.2,11,1,3244.0,32,3,3244.4,49,3,3244.5,28,1
11536,2025-12-30 09:30:43+05:30,3242.9,1,3247.26,66139,90143.0,96159.0,3250.0,3253.0,3239.8,3251.5,41277600,3576.6,2926.4,4322.95,2866.6,3242.9,55,5,3242.8,51,5,3242.7,26,5,3242.6,51,5,3242.5,53,4,3243.1,59,6,3243.2,11,1,3243.3,10,1,3244.0,32,3,3244.4,49,3
11536,2025-12-30 09:30:43+05:30,3243.1,3,3247.26,66139,90143.0,96159.0,3250.0,3253.0,3239.8,3251.5,41277600,3576.6,2926.4,4322.95,2866.6,3242.9,55,5,3242.8,51,5,3242.7,26,5,3242.6,51,5,3242.5,53,4,3243.1,59,6,3243.2,11,1,3243.3,10,1,3244.0,32,3,3244.4,49,3
11536,2025-12-30 09:30:44+05:30,3242.8,7,3247.25,66292,90166.0,96563.0,3250.0,3253.0,3239.8,3251.5,41277600,3576.6,2926.4,4322.95,2866.6,3242.8,11,3,3242.7,38,6,3242.6,27,4,3242.5,39,4,3242.4,267,7,3243.1,59,7,3243.2,11,1,3243.3,10,1,3244.0,32,3,3244.4,191,5
11536,2025-12-30 09:30:44+05:30,3242.8,1,3247.25,66292,90166.0,96563.0,3250.0,3253.0,3239.8,3251.5,41277600,3576.6,2926.4,4322.95,2866.6,3242.8,11,3,3242.7,38,6,3242.6,27,4,3242.5,39,4,3242.4,267,7,3243.1,59,7,3243.2,11,1,3243.3,10,1,3244.0,32,3,3244.4,191,5
11536,2025-12-30 09:30:45+05:30,3242.8,1,3247.25,66296,90267.0,96559.0,3250.0,3253.0,3239.8,3251.5,41277600,3576.6,2926.4,4322.95,2866.6,3242.8,25,4,3242.7,38,6,3242.6,27,4,3242.5,39,4,3242.4,296,8,3243.1,55,4,3243.2,11,1,3243.3,10,1,3244.0,32,3,3244.4,191,5
11536,2025-12-30 09:30:45+05:30,3242.8,1,3247.25,66296,90267.0,96559.0,3250.0,3253.0,3239.8,3251.5,41277600,3576.6,2926.4,4322.95,2866.6,3242.8,25,4,3242.7,38,6,3242.6,27,4,3242.5,39,4,3242.4,296,8,3243.1,55,4,3243.2,11,1,3243.3,10,1,3244.0,32,3,3244.4,191,5
11536,2025-12-30 09:30:46+05:30,3242.8,1,3247.25,66338,90367.0,96712.0,3250.0,3253.0,3239.8,3251.5,41277600,3576.6,2926.4,4322.95,2866.6,3242.8,14,2,3242.7,17,4,3242.6,13,4,3242.5,59,5,3242.4,296,8,3243.1,55,4,3243.2,11,1,3243.3,10,1,3244.0,32,3,3244.4,191,5
11536,2025-12-30 09:30:46+05:30,3242.8,1,3247.25,66338,90367.0,96712.0,3250.0,3253.0,3239.8,3251.5,41277600,3576.6,2926.4,4322.95,2866.6,3242.8,14,2,3242.7,17,4,3242.6,13,4,3242.5,59,5,3242.4,296,8,3243.1,55,4,3243.2,11,1,3243.3,10,1,3244.0,32,3,3244.4,191,5
11536,2025-12-30 09:30:47+05:30,3242.7,1,3247.24,66423,89650.0,97213.0,3250.0,3253.0,3239.8,3251.5,41277600,3576.6,2926.4,4322.95,2866.6,3242.6,17,4,3242.5,4,2,3242.4,23,3,3242.3,35,4,3242.2,33,2,3242.7,3,1,3243.1,41,5,3243.2,11,1,3243.3,10,1,3244.0,34,4
11536,2025-12-30 09:30:47+05:30,3242.7,1,3247.24,66423,89650.0,97213.0,3250.0,3253.0,3239.8,3251.5,41277600,3576.6,2926.4,4322.95,2866.6,3242.6,17,4,3242.5,4,2,3242.4,23,3,3242.3,35,4,3242.2,33,2,3242.7,3,1,3243.1,41,5,3243.2,11,1,3243.3,10,1,3244.0,34,4
11536,2025-12-30 09:30:48+05:30,3242.7,2,3247.24,66425,89502.0,97178.0,3250.0,3253.0,3239.8,3251.5,41277600,3576.6,2926.4,4322.95,2866.6,3242.6,10,3,3242.5,4,2,3242.4,23,3,3242.3,60,5,3242.2,33,2,3242.7,16,3,3243.1,27,4,3243.2,11,1,3243.3,10,1,3244.0,95,5
11536,2025-12-30 09:30:48+05:30,3242.7,2,3247.24,66425,89502.0,97178.0,3250.0,3253.0,3239.8,3251.5,41277600,3576.6,2926.4,4322.95,2866.6,3242.6,10,3,3242.5,4,2,3242.4,23,3,3242.3,60,5,3242.2,33,2,3242.7,16,3,3243.1,27,4,3243.2,11,1,3243.3,10,1,3244.0,95,5
11536,2025-12-30 09:30:49+05:30,3242.7,1,3247.24,66450,89254.0,97930.0,3250.0,3253.0,3239.8,3251.5,41277600,3576.6,2926.4,4322.95,2866.6,3242.6,8,3,3242.5,4,2,3242.4,10,2,3242.3,7,2,3242.2,27,2,3242.7,4,2,3243.1,26,3,3243.2,11,1,3243.3,10,1,3243.7,1,1
11536,2025-12-30 09:30:49+05:30,3242.7,1,3247.24,66450,89254.0,97930.0,3250.0,3253.0,3239.8,3251.5,41277600,3576.6,2926.4,4322.95,2866.6,3242.6,8,3,3242.5,4,2,3242.4,10,2,3242.3,7,2,3242.2,27,2,3242.7,4,2,3243.1,26,3,3243.2,11,1,3243.3,10,1,3243.7,1,1
11536,2025-12-30 09:30:50+05:30,3242.3,1,3247.22,66664,88828.0,97692.0,3250.0,3253.0,3239.8,3251.5,41277600,3576.6,2926.4,4322.95,2866.6,3242.3,6,2,3242.1,31,5,3242.0,236,7,3241.9,4,2,3241.8,103,7,3242.7,16,3,3243.1,10,1,3243.2,11,1,3243.3,10,1,3243.7,31,3
11536,2025-12-30 09:30:50+05:30,3242.3,1,3247.22,66664,88828.0,97692.0,3250.0,3253.0,3239.8,3251.5,41277600,3576.6,2926.4,4322.95,2866.6,3242.3,6,2,3242.1,31,5,3242.0,236,7,3241.9,4,2,3241.8,103,7,3242.7,16,3,3243.1,10,1,3243.2,11,1,3243.3,10,1,3243.7,31,3
11536,2025-12-30 09:30:51+05:30,3242.3,1,3247.22,66664,89119.0,98180.0,3250.0,3253.0,3239.8,3251.5,41277600,3576.6,2926.4,4322.95,2866.6,3242.3,13,3,3242.2,12,1,3242.1,19,4,3242.0,306,9,3241.9,33,3,3242.7,19,4,3243.1,10,1,3243.2,11,1,3243.3,10,1,3243.7,28,2
11536,2025-12-30 09:30:51+05:30,3242.3,2,3247.22,66664,89119.0,98180.0,3250.0,3253.0,3239.8,3251.5,41277600,3576.6,2926.4,4322.95,2866.6,3242.3,13,3,3242.2,12,1,3242.1,19,4,3242.0,306,9,3241.9,33,3,3242.7,19,4,3243.1,10,1,3243.2,11,1,3243.3,10,1,3243.7,28,2
11536,2025-12-30 09:30:52+05:30,3242.3,2,3247.22,66664,89119.0,98180.0,3250.0,3253.0,3239.8,3251.5,41277600,3576.6,2926.4,4322.95,2866.6,3242.3,13,3,3242.2,12,1,3242.1,19,4,3242.0,306,9,3241.9,33,3,3242.7,19,4,3243.1,10,1,3243.2,11,1,3243.3,10,1,3243.7,28,2
11536,2025-12-30 09:30:52+05:30,3242.3,2,3247.22,66674,89348.0,98089.0,3250.0,3253.0,3239.8,3251.5,41277600,3576.6,2926.4,4322.95,2866.6,3242.3,18,4,3242.1,30,5,3242.0,350,11,3241.9,22,3,3241.8,103,7,3242.7,15,4,3243.1,10,1,3243.2,11,1,3243.3,10,1,3243.7,1,1
11536,2025-12-30 09:30:53+05:30,3243.1,10,3247.22,66674,89348.0,98089.0,3250.0,3253.0,3239.8,3251.5,41277600,3576.6,2926.4,4322.95,2866.6,3242.3,18,4,3242.1,30,5,3242.0,350,11,3241.9,22,3,3241.8,103,7,3242.7,15,4,3243.1,10,1,3243.2,11,1,3243.3,10,1,3243.7,1,1
11536,2025-12-30 09:30:53+05:30,3243.1,10,3247.22,66728,89455.0,95326.0,3250.0,3253.0,3239.8,3251.5,41277600,3576.6,2926.4,4322.95,2866.6,3242.4,51,6,3242.3,59,5,3242.2,11,1,3242.1,170,10,3242.0,147,9,3243.2,11,1,3243.3,10,1,3243.9,2,1,3244.0,47,4,3244.3,195,2
11536,2025-12-30 09:30:54+05:30,3243.0,25,3247.22,66728,89455.0,95326.0,3250.0,3253.0,3239.8,3251.5,41277600,3576.6,2926.4,4322.95,2866.6,3242.4,51,6,3242.3,59,5,3242.2,11,1,3242.1,170,10,3242.0,147,9,3243.2,11,1,3243.3,10,1,3243.9,2,1,3244.0,47,4,3244.3,195,2
11536,2025-12-30 09:30:54+05:30,3243.0,25,3247.22,66785,90961.0,95223.0,3250.0,3253.0,3239.8,3251.5,41277600,3576.6,2926.4,4322.95,2866.6,3243.1,39,4,3243.0,67,4,3242.9,39,2,3242.8,93,5,3242.7,122,5,3244.0,19,2,3244.4,40,1,3244.6,40,1,3244.7,25,2,3244.8,213,3
11536,2025-12-30 09:30:55+05:30,3244.0,2,3247.22,66785,90961.0,95223.0,3250.0,3253.0,3239.8,3251.5,41277600,3576.6,2926.4,4322.95,2866.6,3243.1,39,4,3243.0,67,4,3242.9,39,2,3242.8,93,5,3242.7,122,5,3244.0,19,2,3244.4,40,1,3244.6,40,1,3244.7,25,2,3244.8,213,3
11536,2025-12-30 09:30:55+05:30,3244.0,2,3247.22,66787,91250.0,95276.0,3250.0,3253.0,3239.8,3251.5,41277600,3576.6,2926.4,4322.95,2866.6,3243.1,26,3,3243.0,57,3,3242.9,28,2,3242.8,31,3,3242.7,104,4,3244.0,18,3,3244.4,59,2,3244.6,40,1,3244.7,25,2,3244.8,243,6
11536,2025-12-30 09:30:56+05:30,3243.1,2,3247.22,66787,91250.0,95276.0,3250.0,3253.0,3239.8,3251.5,41277600,3576.6,2926.4,4322.95,2866.6,3243.1,26,3,3243.0,57,3,3242.9,28,2,3242.8,31,3,3242.7,104,4,3244.0,18,3,3244.4,59,2,3244.6,40,1,3244.7,25,2,3244.8,243,6
11536,2025-12-30 09:30:57+05:30,3243.1,2,3247.22,66793,91241.0,96866.0,3250.0,3253.0,3239.8,3251.5,41277600,3576.6,2926.4,4322.95,2866.6,3243.1,25,3,3243.0,29,2,3242.9,28,2,3242.8,23,2,3242.7,122,4,3244.0,19,4,3244.2,52,3,3244.3,11,1,3244.4,59,2,3244.5,37,2
11536,2025-12-30 09:30:58+05:30,3244.0,1,3247.22,66803,90528.0,96863.0,3250.0,3253.0,3239.8,3251.5,41277600,3576.6,2926.4,4322.95,2866.6,3243.1,17,4,3243.0,31,3,3242.9,1,1,3242.8,190,3,3242.7,96,4,3244.0,17,3,3244.4,19,1,3244.5,28,1,3244.6,57,2,3244.7,25,2
11536,2025-12-30 09:30:58+05:30,3244.0,1,3247.22,66803,90528.0,96863.0,3250.0,3253.0,3239.8,3251.5,41277600,3576.6,2926.4,4322.95,2866.6,3243.1,17,4,3243.0,31,3,3242.9,1,1,3242.8,190,3,3242.7,96,4,3244.0,17,3,3244.4,19,1,3244.5,28,1,3244.6,57,2,3244.7,25,2
11536,2025-12-30 09:30:59+05:30,3244.0,5,3247.22,66808,91205.0,95599.0,3250.0,3253.0,3239.8,3251.5,41277600,3576.6,2926.4,4322.95,2866.6,3243.2,27,1,3243.1,33,6,3243.0,100,6,3242.9,150,2,3242.8,180,7,3244.0,14,5,3244.4,27,1,3244.6,40,1,3244.7,25,2,3244.8,49,3
11536,2025-12-30 09:30:59+05:30,3244.0,5,3247.22,66808,91205.0,95599.0,3250.0,3253.0,3239.8,3251.5,41277600,3576.6,2926.4,4322.95,2866.6,3243.2,27,1,3243.1,33,6,3243.0,100,6,3242.9,150,2,3242.8,180,7,3244.0,14,5,3244.4,27,1,3244.6,40,1,3244.7,25,2,3244.8,49,3
11536,2025-12-30 09:31:00+05:30,3243.2,1,3247.21,66809,90983.0,95812.0,3250.0,3253.0,3239.8,3251.5,41277600,3576.6,2926.4,4322.95,2866.6,3243.2,26,1,3243.1,17,4,3243.0,31,3,3242.9,166,3,3242.8,92,5,3244.0,14,5,3244.4,16,1,3244.5,27,1,3244.6,57,2,3244.7,25,2
11536,2025-12-30 09:31:00+05:30,3243.2,1,3247.21,66809,90983.0,95812.0,3250.0,3253.0,3239.8,3251.5,41277600,3576.6,2926.4,4322.95,2866.6,3243.2,26,1,3243.1,17,4,3243.0,31,3,3242.9,166,3,3242.8,92,5,3244.0,14,5,3244.4,16,1,3244.5,27,1,3244.6,57,2,3244.7,25,2
11536,2025-12-30 09:31:01+05:30,3243.2,1,3247.21,66809,90920.0,96945.0,3250.0,3253.0,3239.8,3251.5,41277600,3576.6,2926.4,4322.95,2866.6,3243.2,26,1,3243.1,17,4,3243.0,31,3,3242.9,1,1,3242.8,62,4,3244.0,15,6,3244.3,16,1,3244.4,53,2,3244.5,35,2,3244.6,82,3
11536,2025-12-30 09:31:01+05:30,3243.2,1,3247.21,66809,90920.0,96945.0,3250.0,3253.0,3239.8,3251.5,41277600,3576.6,2926.4,4322.95,2866.6,3243.2,26,1,3243.1,17,4,3243.0,31,3,3242.9,1,1,3242.8,62,4,3244.0,15,6,3244.3,16,1,3244.4,53,2,3244.5,35,2,3244.6,82,3
11536,2025-12-30 09:31:02+05:30,3243.2,1,3247.21,66811,91120.0,95725.0,3250.0,3253.0,3239.8,3251.5,41277600,3576.6,2926.4,4322.95,2866.6,3243.2,24,1,3243.1,17,4,3243.0,72,5,3242.9,1,1,3242.8,105,4,3244.0,13,4,3244.3,16,1,3244.4,34,1,3244.5,35,2,3244.6,40,1
11536,2025-12-30 09:31:02+05:30,3243.2,1,3247.21,66811,91120.0,95725.0,3250.0,3253.0,3239.8,3251.5,41277600,3576.6,2926.4,4322.95,2866.6,3243.2,24,1,3243.1,17,4,3243.0,72,5,3242.9,1,1,3242.8,105,4,3244.0,13,4,3244.3,16,1,3244.4,34,1,3244.5,35,2,3244.6,40,1
11536,2025-12-30 09:31:03+05:30,3244.0,1,3247.21,66814,90067.0,96688.0,3250.0,3253.0,3239.8,3251.5,41277600,3576.6,2926.4,4322.95,2866.6,3243.1,8,3,3243.0,31,3,3242.9,1,1,3242.8,44,3,3242.7,51,4,3244.0,11,3,3244.2,16,1,3244.3,26,1,3244.4,59,3,3244.6,68,3
11536,2025-12-30 09:31:03+05:30,3244.0,1,3247.21,66814,90067.0,96688.0,3250.0,3253.0,3239.8,3251.5,41277600,3576.6,2926.4,4322.95,2866.6,3243.1,8,3,3243.0,31,3,3242.9,1,1,3242.8,44,3,3242.7,51,4,3244.0,11,3,3244.2,16,1,3244.3,26,1,3244.4,59,3,3244.6,68,3
11536,2025-12-30 09:31:04+05:30,3244.0,1,3247.21,66814,90671.0,96616.0,3250.0,3253.0,3239.8,3251.5,41277600,3576.6,2926.4,4322.95,2866.6,3243.1,8,3,3243.0,8,2,3242.9,1,1,3242.8,23,2,3242.7,23,2,3243.9,25,2,3244.0,39,6,3244.1,36,2,3244.2,48,2,3244.3,16,1
11536,2025-12-30 09:31:05+05:30,3244.0,1,3247.21,66814,90379.0,96122.0,3250.0,3253.0,3239.8,3251.5,41277600,3576.6,2926.4,4322.95,2866.6,3243.1,57,7,3243.0,8,2,3242.9,93,5,3242.8,72,5,3242.7,72,5,3244.0,29,5,3244.4,34,1,3244.6,66,3,3244.7,25,2,3244.8,184,3
11536,2025-12-30 09:31:05+05:30,3244.0,1,3247.21,66814,90379.0,96122.0,3250.0,3253.0,3239.8,3251.5,41277600,3576.6,2926.4,4322.95,2866.6,3243.1,57,7,3243.0,8,2,3242.9,93,5,3242.8,72,5,3242.7,72,5,3244.0,29,5,3244.4,34,1,3244.6,66,3,3244.7,25,2,3244.8,184,3
11536,2025-12-30 09:31:06+05:30,3244.0,1,3247.21,66815,91821.0,96655.0,3250.0,3253.0,3239.8,3251.5,41277600,3576.6,2926.4,4322.95,2866.6,3243.1,29,4,3243.0,8,2,3242.9,91,5,3242.8,114,6,3242.7,59,4,3244.0,28,5,3244.6,85,4,3244.7,25,2,3244.8,203,4,3244.9,101,4
11536,2025-12-30 09:31:06+05:30,3243.1,1,3247.21,66815,91821.0,96655.0,3250.0,3253.0,3239.8,3251.5,41277600,3576.6,2926.4,4322.95,2866.6,3243.1,29,4,3243.0,8,2,3242.9,91,5,3242.8,114,6,3242.7,59,4,3244.0,28,5,3244.6,85,4,3244.7,25,2,3244.8,203,4,3244.9,101,4
11536,2025-12-30 09:31:07+05:30,3243.1,1,3247.21,66846,91555.0,97029.0,3250.0,3253.0,3239.8,3251.5,41277600,3576.6,2926.4,4322.95,2866.6,3243.1,3,2,3243.0,8,2,3242.9,16,3,3242.8,37,4,3242.7,108,5,3244.0,27,4,3244.5,103,3,3244.6,102,5,3244.7,25,2,3244.8,3,1
11536,2025-12-30 09:31:07+05:30,3243.1,1,3247.21,66846,91555.0,97029.0,3250.0,3253.0,3239.8,3251.5,41277600,3576.6,2926.4,4322.95,2866.6,3243.1,3,2,3243.0,8,2,3242.9,16,3,3242.8,37,4,3242.7,108,5,3244.0,27,4,3244.5,103,3,3244.6,102,5,3244.7,25,2,3244.8,3,1
11536,2025-12-30 09:31:08+05:30,3244.0,1,3247.21,66847,91155.0,97441.0,3250.0,3253.0,3239.8,3251.5,41277600,3576.6,2926.4,4322.95,2866.6,3243.1,3,2,3243.0,8,2,3242.9,2,2,3242.8,26,3,3242.7,50,3,3244.0,27,5,3244.1,37,3,3244.2,32,2,3244.3,64,2,3244.4,7,1
11536,2025-12-30 09:31:08+05:30,3244.0,1,3247.21,66847,91155.0,97441.0,3250.0,3253.0,3239.8,3251.5,41277600,3576.6,2926.4,4322.95,2866.6,3243.1,3,2,3243.0,8,2,3242.9,2,2,3242.8,26,3,3242.7,50,3,3244.0,27,5,3244.1,37,3,3244.2,32,2,3244.3,64,2,3244.4,7,1
11536,2025-12-30 09:31:09+05:30,3244.0,1,3247.21,66847,91266.0,97528.0,3250.0,3253.0,3239.8,3251.5,41277600,3576.6,2926.4,4322.95,2866.6,3243.1,29,3,3243.0,8,2,3242.9,2,2,3242.8,26,3,3242.7,70,4,3244.0,27,5,3244.3,38,1,3244.4,203,4,3244.5,84,2,3244.6,113,4
11536,2025-12-30 09:31:09+05:30,3244.0,1,3247.21,66847,91266.0,97528.0,3250.0,3253.0,3239.8,3251.5,41277600,3576.6,2926.4,4322.95,2866.6,3243.1,29,3,3243.0,8,2,3242.9,2,2,3242.8,26,3,3242.7,70,4,3244.0,27,5,3244.3,38,1,3244.4,203,4,3244.5,84,2,3244.6,113,4
11536,2025-12-30 09:31:10+05:30,3244.0,1,3247.21,66848,91547.0,96776.0,3250.0,3253.0,3239.8,3251.5,41277600,3576.6,2926.4,4322.95,2866.6,3243.1,29,3,3243.0,8,2,3242.9,2,2,3242.8,59,5,3242.7,106,5,3244.0,26,5,3244.3,38,1,3244.4,33,2,3244.5,23,1,3244.6,113,4
11536,2025-12-30 09:31:10+05:30,3243.1,2,3247.21,66848,91547.0,96776.0,3250.0,3253.0,3239.8,3251.5,41277600,3576.6,2926.4,4322.95,2866.6,3243.1,29,3,3243.0,8,2,3242.9,2,2,3242.8,59,5,3242.7,106,5,3244.0,26,5,3244.3,38,1,3244.4,33,2,3244.5,23,1,3244.6,113,4
11536,2025-12-30 09:31:11+05:30,3243.1,2,3247.21,66853,91861.0,96864.0,3250.0,3253.0,3239.8,3251.5,41277600,3576.6,2926.4,4322.95,2866.6,3243.1,27,3,3243.0,8,2,3242.9,2,2,3242.8,59,5,3242.7,106,5,3244.0,26,5,3244.4,17,1,3244.5,23,1,3244.6,94,3,3244.7,53,3
11536,2025-12-30 09:31:12+05:30,3243.1,2,3247.21,66853,91870.0,95262.0,3250.0,3253.0,3239.8,3251.5,41277600,3576.6,2926.4,4322.95,2866.6,3243.1,3,2,3243.0,8,2,3242.9,2,2,3242.8,43,4,3242.7,106,5,3244.0,26,5,3244.4,34,1,3244.6,94,3,3244.7,53,3,3244.8,245,7
11536,2025-12-30 09:31:12+05:30,3243.1,1,3247.21,66853,91870.0,95262.0,3250.0,3253.0,3239.8,3251.5,41277600,3576.6,2926.4,4322.95,2866.6,3243.1,3,2,3243.0,8,2,3242.9,2,2,3242.8,43,4,3242.7,106,5,3244.0,26,5,3244.4,34,1,3244.6,94,3,3244.7,53,3,3244.8,245,7
11536,2025-12-30 09:31:13+05:30,3243.1,1,3247.21,66854,91741.0,95086.0,3250.0,3253.0,3239.8,3251.5,41277600,3576.6,2926.4,4322.95,2866.6,3243.1,2,2,3243.0,8,2,3242.9,13,3,3242.8,26,3,3242.7,87,5,3244.0,26,5,3244.4,34,1,3244.6,111,4,3244.7,53,3,3244.8,228,6
11536,2025-12-30 09:31:13+05:30,3243.0,1,3247.21,66854,91741.0,95086.0,3250.0,3253.0,3239.8,3251.5,41277600,3576.6,2926.4,4322.95,2866.6,3243.1,2,2,3243.0,8,2,3242.9,13,3,3242.8,26,3,3242.7,87,5,3244.0,26,5,3244.4,34,1,3244.6,111,4,3244.7,53,3,3244.8,228,6
11536,2025-12-30 09:31:14+05:30,3243.0,1,3247.21,66905,88992.0,97561.0,3250.0,3253.0,3239.8,3251.5,41277600,3576.6,2926.4,4322.95,2866.6,3243.1,46,1,3242.8,3,1,3242.7,61,1,3242.6,193,2,3242.5,77,2,3243.8,2,2,3243.9,18,1,3244.0,25,4,3244.3,25,1,3244.4,82,4
11536,2025-12-30 09:31:14+05:30,3242.8,2,3247.21,66905,88992.0,97561.0,3250.0,3253.0,3239.8,3251.5,41277600,3576.6,2926.4,4322.95,2866.6,3243.1,46,1,3242.8,3,1,3242.7,61,1,3242.6,193,2,3242.5,77,2,3243.8,2,2,3243.9,18,1,3244.0,25,4,3244.3,25,1,3244.4,82,4
11536,2025-12-30 09:31:15+05:30,3242.8,2,3247.21,66968,91229.0,97598.0,3250.0,3253.0,3239.8,3251.5,41277600,3576.6,2926.4,4322.95,2866.6,3243.2,175,1,3242.8,1,1,3242.6,21,1,3242.5,5,1,3242.4,117,4,3243.8,2,2,3244.0,25,4,3244.1,38,1,3244.2,3,1,3244.3,178,2
11536,2025-12-30 09:31:15+05:30,3243.8,1,3247.21,66968,91229.0,97598.0,3250.0,3253.0,3239.8,3251.5,41277600,3576.6,2926.4,4322.95,2866.6,3243.2,175,1,3242.8,1,1,3242.6,21,1,3242.5,5,1,3242.4,117,4,3243.8,2,2,3244.0,25,4,3244.1,38,1,3244.2,3,1,3244.3,178,2
11536,2025-12-30 09:31:16+05:30,3243.8,7,3247.2,66978,91803.0,95815.0,3250.0,3253.0,3239.8,3251.5,41277600,3576.6,2926.4,4322.95,2866.6,3243.2,175,1,3242.9,31,2,3242.8,1,1,3242.6,195,2,3242.5,143,4,3243.8,10,3,3244.0,15,4,3244.4,72,4,3244.5,26,2,3244.6,94,4
11536,2025-12-30 09:31:16+05:30,3243.8,7,3247.2,66978,91803.0,95815.0,3250.0,3253.0,3239.8,3251.5,41277600,3576.6,2926.4,4322.95,2866.6,3243.2,175,1,3242.9,31,2,3242.8,1,1,3242.6,195,2,3242.5,143,4,3243.8,10,3,3244.0,15,4,3244.4,72,4,3244.5,26,2,3244.6,94,4
11536,2025-12-30 09:31:16+05:30,3243.8,7,3247.2,66978,91803.0,95815.0,3250.0,3253.0,3239.8,3251.5,41277600,3576.6,2926.4,4322.95,2866.6,3243.2,175,1,3242.9,31,2,3242.8,1,1,3242.6,195,2,3242.5,143,4,3243.8,10,3,3244.0,15,4,3244.4,72,4,3244.5,26,2,3244.6,94,4
11536,2025-12-30 09:31:16+05:30,3243.8,7,3247.2,66978,91803.0,95815.0,3250.0,3253.0,3239.8,3251.5,41277600,3576.6,2926.4,4322.95,2866.6,3243.2,175,1,3242.9,31,2,3242.8,1,1,3242.6,195,2,3242.5,143,4,3243.8,10,3,3244.0,15,4,3244.4,72,4,3244.5,26,2,3244.6,94,4
11536,2025-12-30 09:31:17+05:30,3243.2,6,3247.2,66984,91594.0,98447.0,3250.0,3253.0,3239.8,3251.5,41277600,3576.6,2926.4,4322.95,2866.6,3243.2,169,1,3242.8,1,1,3242.6,21,1,3242.4,58,3,3242.3,219,4,3243.8,10,3,3243.9,11,1,3244.0,29,5,3244.1,15,1,3244.2,72,3
11536,2025-12-30 09:31:17+05:30,3243.2,6,3247.2,66984,91594.0,98447.0,3250.0,3253.0,3239.8,3251.5,41277600,3576.6,2926.4,4322.95,2866.6,3243.2,169,1,3242.8,1,1,3242.6,21,1,3242.4,58,3,3242.3,219,4,3243.8,10,3,3243.9,11,1,3244.0,29,5,3244.1,15,1,3244.2,72,3
11536,2025-12-30 09:31:18+05:30,3243.2,6,3247.2,66984,91594.0,98447.0,3250.0,3253.0,3239.8,3251.5,41277600,3576.6,2926.4,4322.95,2866.6,3243.2,169,1,3242.8,1,1,3242.6,21,1,3242.4,58,3,3242.3,219,4,3243.8,10,3,3243.9,11,1,3244.0,29,5,3244.1,15,1,3244.2,72,3
11536,2025-12-30 09:31:18+05:30,3243.2,2,3247.2,66999,91543.0,96374.0,3250.0,3253.0,3239.8,3251.5,41277600,3576.6,2926.4,4322.95,2866.6,3243.2,154,1,3242.8,1,1,3242.6,21,1,3242.5,194,2,3242.4,58,3,3243.8,10,3,3243.9,21,2,3244.0,29,5,3244.1,41,2,3244.2,36,1
11536,2025-12-30 09:31:18+05:30,3243.2,2,3247.2,66999,91543.0,96374.0,3250.0,3253.0,3239.8,3251.5,41277600,3576.6,2926.4,4322.95,2866.6,3243.2,154,1,3242.8,1,1,3242.6,21,1,3242.5,194,2,3242.4,58,3,3243.8,10,3,3243.9,21,2,3244.0,29,5,3244.1,41,2,3244.2,36,1
11536,2025-12-30 09:31:18+05:30,3243.2,2,3247.2,66999,91543.0,96374.0,3250.0,3253.0,3239.8,3251.5,41277600,3576.6,2926.4,4322.95,2866.6,3243.2,154,1,3242.8,1,1,3242.6,21,1,3242.5,194,2,3242.4,58,3,3243.8,10,3,3243.9,21,2,3244.0,29,5,3244.1,41,2,3244.2,36,1
11536,2025-12-30 09:31:19+05:30,3243.2,1,3247.2,67000,91544.0,98161.0,3250.0,3253.0,3239.8,3251.5,41277600,3576.6,2926.4,4322.95,2866.6,3243.2,153,1,3242.8,1,1,3242.6,21,1,3242.5,194,2,3242.4,58,3,3243.8,19,4,3243.9,21,2,3244.0,29,5,3244.1,67,4,3244.2,36,1
11536,2025-12-30 09:31:19+05:30,3243.8,1,3247.2,67000,91544.0,98161.0,3250.0,3253.0,3239.8,3251.5,41277600,3576.6,2926.4,4322.95,2866.6,3243.2,153,1,3242.8,1,1,3242.6,21,1,3242.5,194,2,3242.4,58,3,3243.8,19,4,3243.9,21,2,3244.0,29,5,3244.1,67,4,3244.2,36,1
11536,2025-12-30 09:31:19+05:30,3243.8,1,3247.2,67000,91544.0,98161.0,3250.0,3253.0,3239.8,3251.5,41277600,3576.6,2926.4,4322.95,2866.6,3243.2,153,1,3242.8,1,1,3242.6,21,1,3242.5,194,2,3242.4,58,3,3243.8,19,4,3243.9,21,2,3244.0,29,5,3244.1,67,4,3244.2,36,1
11536,2025-12-30 09:31:20+05:30,3243.8,1,3247.2,67001,91553.0,99224.0,3250.0,3253.0,3239.8,3251.5,41277600,3576.6,2926.4,4322.95,2866.6,3243.2,153,1,3242.8,1,1,3242.6,21,1,3242.5,194,2,3242.4,58,3,3243.8,18,4,3243.9,26,2,3244.0,15,4,3244.1,43,2,3244.2,70,3
11536,2025-12-30 09:31:20+05:30,3243.8,1,3247.2,67001,91553.0,99224.0,3250.0,3253.0,3239.8,3251.5,41277600,3576.6,2926.4,4322.95,2866.6,3243.2,153,1,3242.8,1,1,3242.6,21,1,3242.5,194,2,3242.4,58,3,3243.8,18,4,3243.9,26,2,3244.0,15,4,3244.1,43,2,3244.2,70,3
11536,2025-12-30 09:31:20+05:30,3243.8,1,3247.2,67001,91553.0,99224.0,3250.0,3253.0,3239.8,3251.5,41277600,3576.6,2926.4,4322.95,2866.6,3243.2,153,1,3242.8,1,1,3242.6,21,1,3242.5,194,2,3242.4,58,3,3243.8,18,4,3243.9,26,2,3244.0,15,4,3244.1,43,2,3244.2,70,3
11536,2025-12-30 09:31:21+05:30,3243.8,1,3247.2,67003,91562.0,98001.0,3250.0,3253.0,3239.8,3251.5,41277600,3576.6,2926.4,4322.95,2866.6,3243.2,152,1,3242.8,1,1,3242.6,21,1,3242.5,156,1,3242.4,60,4,3243.8,16,3,3243.9,26,2,3244.0,15,4,3244.1,43,2,3244.2,80,4
11536,2025-12-30 09:31:21+05:30,3243.8,1,3247.2,67003,91562.0,98001.0,3250.0,3253.0,3239.8,3251.5,41277600,3576.6,2926.4,4322.95,2866.6,3243.2,152,1,3242.8,1,1,3242.6,21,1,3242.5,156,1,3242.4,60,4,3243.8,16,3,3243.9,26,2,3244.0,15,4,3244.1,43,2,3244.2,80,4
11536,2025-12-30 09:31:21+05:30,3243.2,3,3247.2,67003,91562.0,98001.0,3250.0,3253.0,3239.8,3251.5,41277600,3576.6,2926.4,4322.95,2866.6,3243.2,152,1,3242.8,1,1,3242.6,21,1,3242.5,156,1,3242.4,60,4,3243.8,16,3,3243.9,26,2,3244.0,15,4,3244.1,43,2,3244.2,80,4
11536,2025-12-30 09:31:22+05:30,3243.2,149,3247.19,67155,90686.0,100596.0,3250.0,3253.0,3239.8,3251.5,41277600,3576.6,2926.4,4322.95,2866.6,3242.8,1,1,3242.4,27,1,3242.3,3,2,3242.2,37,2,3242.1,188,6,3243.5,49,2,3243.6,11,1,3243.7,57,4,3243.8,51,7,3243.9,55,3
11536,2025-12-30 09:31:22+05:30,3243.2,149,3247.19,67155,90686.0,100596.0,3250.0,3253.0,3239.8,3251.5,41277600,3576.6,2926.4,4322.95,2866.6,3242.8,1,1,3242.4,27,1,3242.3,3,2,3242.2,37,2,3242.1,188,6,3243.5,49,2,3243.6,11,1,3243.7,57,4,3243.8,51,7,3243.9,55,3
11536,2025-12-30 09:31:22+05:30,3243.2,149,3247.19,67155,90686.0,100596.0,3250.0,3253.0,3239.8,3251.5,41277600,3576.6,2926.4,4322.95,2866.6,3242.8,1,1,3242.4,27,1,3242.3,3,2,3242.2,37,2,3242.1,188,6,3243.5,49,2,3243.6,11,1,3243.7,57,4,3243.8,51,7,3243.9,55,3
11536,2025-12-30 09:31:23+05:30,3242.8,4,3247.19,67160,89414.0,101357.0,3250.0,3253.0,3239.8,3251.5,41277600,3576.6,2926.4,4322.95,2866.6,3242.3,3,2,3242.1,25,4,3242.0,61,6,3241.9,158,2,3241.8,41,4,3243.3,20,1,3243.4,50,3,3243.5,56,5,3243.6,73,5,3243.7,45,3
11536,2025-12-30 09:31:23+05:30,3242.8,4,3247.19,67160,89414.0,101357.0,3250.0,3253.0,3239.8,3251.5,41277600,3576.6,2926.4,4322.95,2866.6,3242.3,3,2,3242.1,25,4,3242.0,61,6,3241.9,158,2,3241.8,41,4,3243.3,20,1,3243.4,50,3,3243.5,56,5,3243.6,73,5,3243.7,45,3
11536,2025-12-30 09:31:23+05:30,3242.8,4,3247.19,67160,89414.0,101357.0,3250.0,3253.0,3239.8,3251.5,41277600,3576.6,2926.4,4322.95,2866.6,3242.3,3,2,3242.1,25,4,3242.0,61,6,3241.9,158,2,3241.8,41,4,3243.3,20,1,3243.4,50,3,3243.5,56,5,3243.6,73,5,3243.7,45,3
11536,2025-12-30 09:31:24+05:30,3242.8,4,3247.19,67160,89414.0,101357.0,3250.0,3253.0,3239.8,3251.5,41277600,3576.6,2926.4,4322.95,2866.6,3242.3,3,2,3242.1,25,4,3242.0,61,6,3241.9,158,2,3241.8,41,4,3243.3,20,1,3243.4,50,3,3243.5,56,5,3243.6,73,5,3243.7,45,3
11536,2025-12-30 09:31:24+05:30,3243.4,1,3247.19,67162,89127.0,101398.0,3250.0,3253.0,3239.8,3251.5,41277600,3576.6,2926.4,4322.95,2866.6,3242.3,3,2,3242.1,25,4,3242.0,61,6,3241.9,3,1,3241.8,86,6,3243.5,45,4,3243.6,36,2,3243.7,48,4,3243.8,57,6,3243.9,93,6
11536,2025-12-30 09:31:24+05:30,3243.4,1,3247.19,67162,89127.0,101398.0,3250.0,3253.0,3239.8,3251.5,41277600,3576.6,2926.4,4322.95,2866.6,3242.3,3,2,3242.1,25,4,3242.0,61,6,3241.9,3,1,3241.8,86,6,3243.5,45,4,3243.6,36,2,3243.7,48,4,3243.8,57,6,3243.9,93,6
11536,2025-12-30 09:31:24+05:30,3243.4,1,3247.19,67162,89127.0,101398.0,3250.0,3253.0,3239.8,3251.5,41277600,3576.6,2926.4,4322.95,2866.6,3242.3,3,2,3242.1,25,4,3242.0,61,6,3241.9,3,1,3241.8,86,6,3243.5,45,4,3243.6,36,2,3243.7,48,4,3243.8,57,6,3243.9,93,6
11536,2025-12-30 09:31:25+05:30,3242.3,1,3247.19,67168,88858.0,100043.0,3250.0,3253.0,3239.8,3251.5,41277600,3576.6,2926.4,4322.95,2866.6,3242.3,10,3,3242.2,11,1,3242.1,76,6,3242.0,61,6,3241.9,3,1,3243.5,54,3,3243.9,80,4,3244.0,18,5,3244.1,173,2,3244.2,122,5
11536,2025-12-30 09:31:25+05:30,3242.3,5,3247.19,67168,88858.0,100043.0,3250.0,3253.0,3239.8,3251.5,41277600,3576.6,2926.4,4322.95,2866.6,3242.3,10,3,3242.2,11,1,3242.1,76,6,3242.0,61,6,3241.9,3,1,3243.5,54,3,3243.9,80,4,3244.0,18,5,3244.1,173,2,3244.2,122,5
11536,2025-12-30 09:31:25+05:30,3242.3,5,3247.19,67168,88858.0,100043.0,3250.0,3253.0,3239.8,3251.5,41277600,3576.6,2926.4,4322.95,2866.6,3242.3,10,3,3242.2,11,1,3242.1,76,6,3242.0,61,6,3241.9,3,1,3243.5,54,3,3243.9,80,4,3244.0,18,5,3244.1,173,2,3244.2,122,5
11536,2025-12-30 09:31:26+05:30,3242.3,2,3247.19,67194,90033.0,100454.0,3250.0,3253.0,3239.8,3251.5,41277600,3576.6,2926.4,4322.95,2866.6,3242.3,5,2,3242.2,181,2,3242.1,21,4,3242.0,89,8,3241.9,31,2,3243.4,12,1,3243.5,53,4,3243.8,89,2,3243.9,80,4,3244.0,20,6
11536,2025-12-30 09:31:26+05:30,3242.3,2,3247.19,67194,90033.0,100454.0,3250.0,3253.0,3239.8,3251.5,41277600,3576.6,2926.4,4322.95,2866.6,3242.3,5,2,3242.2,181,2,3242.1,21,4,3242.0,89,8,3241.9,31,2,3243.4,12,1,3243.5,53,4,3243.8,89,2,3243.9,80,4,3244.0,20,6
11536,2025-12-30 09:31:27+05:30,3242.1,16,3247.19,67262,90234.0,100575.0,3250.0,3253.0,3239.8,3251.5,41277600,3576.6,2926.4,4322.95,2866.6,3243.0,2,1,3242.2,26,2,3242.1,163,3,3242.0,92,9,3241.9,260,5,3243.4,13,3,3243.5,53,4,3243.6,18,1,3243.7,15,1,3243.8,76,2
11536,2025-12-30 09:31:27+05:30,3242.1,16,3247.19,67262,90234.0,100575.0,3250.0,3253.0,3239.8,3251.5,41277600,3576.6,2926.4,4322.95,2866.6,3243.0,2,1,3242.2,26,2,3242.1,163,3,3242.0,92,9,3241.9,260,5,3243.4,13,3,3243.5,53,4,3243.6,18,1,3243.7,15,1,3243.8,76,2
11536,2025-12-30 09:31:27+05:30,3242.1,16,3247.19,67262,90234.0,100575.0,3250.0,3253.0,3239.8,3251.5,41277600,3576.6,2926.4,4322.95,2866.6,3243.0,2,1,3242.2,26,2,3242.1,163,3,3242.0,92,9,3241.9,260,5,3243.4,13,3,3243.5,53,4,3243.6,18,1,3243.7,15,1,3243.8,76,2
11536,2025-12-30 09:31:28+05:30,3242.7,1,3247.19,67262,90234.0,100575.0,3250.0,3253.0,3239.8,3251.5,41277600,3576.6,2926.4,4322.95,2866.6,3243.0,2,1,3242.2,26,2,3242.1,163,3,3242.0,92,9,3241.9,260,5,3243.4,13,3,3243.5,53,4,3243.6,18,1,3243.7,15,1,3243.8,76,2
11536,2025-12-30 09:31:28+05:30,3242.7,1,3247.19,67265,90948.0,100615.0,3250.0,3253.0,3239.8,3251.5,41277600,3576.6,2926.4,4322.95,2866.6,3242.6,175,1,3242.3,32,2,3242.2,15,2,3242.1,43,4,3242.0,269,10,3242.9,1,1,3243.4,17,3,3243.5,36,1,3243.6,21,1,3243.8,56,2
11536,2025-12-30 09:31:29+05:30,3242.7,1,3247.19,67265,90948.0,100615.0,3250.0,3253.0,3239.8,3251.5,41277600,3576.6,2926.4,4322.95,2866.6,3242.6,175,1,3242.3,32,2,3242.2,15,2,3242.1,43,4,3242.0,269,10,3242.9,1,1,3243.4,17,3,3243.5,36,1,3243.6,21,1,3243.8,56,2
11536,2025-12-30 09:31:29+05:30,3242.6,1,3247.19,67265,90948.0,100615.0,3250.0,3253.0,3239.8,3251.5,41277600,3576.6,2926.4,4322.95,2866.6,3242.6,175,1,3242.3,32,2,3242.2,15,2,3242.1,43,4,3242.0,269,10,3242.9,1,1,3243.4,17,3,3243.5,36,1,3243.6,21,1,3243.8,56,2
11536,2025-12-30 09:31:29+05:30,3242.6,1,3247.19,67266,90791.0,100621.0,3250.0,3253.0,3239.8,3251.5,41277600,3576.6,2926.4,4322.95,2866.6,3242.6,174,1,3242.3,32,2,3242.2,15,2,3242.1,33,3,3242.0,291,11,3242.9,2,2,3243.4,16,2,3243.5,36,1,3243.6,21,1,3243.8,56,2
11536,2025-12-30 09:31:30+05:30,3242.6,64,3247.19,67266,90791.0,100621.0,3250.0,3253.0,3239.8,3251.5,41277600,3576.6,2926.4,4322.95,2866.6,3242.6,174,1,3242.3,32,2,3242.2,15,2,3242.1,33,3,3242.0,291,11,3242.9,2,2,3243.4,16,2,3243.5,36,1,3243.6,21,1,3243.8,56,2
11536,2025-12-30 09:31:30+05:30,3242.9,2,3247.18,67344,90050.0,99984.0,3250.0,3253.0,3239.8,3251.5,41277600,3576.6,2926.4,4322.95,2866.6,3242.3,15,1,3242.1,10,2,3242.0,91,8,3241.9,137,3,3241.8,214,6,3243.4,45,3,3243.5,46,2,3243.7,29,1,3243.8,214,3,3243.9,49,2
11536,2025-12-30 09:31:30+05:30,3242.9,2,3247.18,67344,90050.0,99984.0,3250.0,3253.0,3239.8,3251.5,41277600,3576.6,2926.4,4322.95,2866.6,3242.3,15,1,3242.1,10,2,3242.0,91,8,3241.9,137,3,3241.8,214,6,3243.4,45,3,3243.5,46,2,3243.7,29,1,3243.8,214,3,3243.9,49,2
11536,2025-12-30 09:31:31+05:30,3243.2,1,3247.18,67344,90050.0,99984.0,3250.0,3253.0,3239.8,3251.5,41277600,3576.6,2926.4,4322.95,2866.6,3242.3,15,1,3242.1,10,2,3242.0,91,8,3241.9,137,3,3241.8,214,6,3243.4,45,3,3243.5,46,2,3243.7,29,1,3243.8,214,3,3243.9,49,2
11536,2025-12-30 09:31:31+05:30,3243.2,1,3247.18,67345,89575.0,101110.0,3250.0,3253.0,3239.8,3251.5,41277600,3576.6,2926.4,4322.95,2866.6,3242.3,15,1,3242.1,10,2,3242.0,60,6,3241.9,3,1,3241.8,38,5,3243.2,19,1,3243.3,10,1,3243.4,76,5,3243.5,74,2,3243.7,15,1
11536,2025-12-30 09:31:32+05:30,3243.2,1,3247.18,67345,89575.0,101110.0,3250.0,3253.0,3239.8,3251.5,41277600,3576.6,2926.4,4322.95,2866.6,3242.3,15,1,3242.1,10,2,3242.0,60,6,3241.9,3,1,3241.8,38,5,3243.2,19,1,3243.3,10,1,3243.4,76,5,3243.5,74,2,3243.7,15,1
11536,2025-12-30 09:31:32+05:30,3243.2,1,3247.18,67345,90074.0,101094.0,3250.0,3253.0,3239.8,3251.5,41277600,3576.6,2926.4,4322.95,2866.6,3242.6,100,2,3242.3,17,2,3242.2,4,2,3242.1,10,2,3242.0,60,6,3243.2,1,1,3243.3,10,1,3243.4,37,3,3243.5,36,1,3243.6,16,1
11536,2025-12-30 09:31:33+05:30,3242.6,12,3247.18,67345,90074.0,101094.0,3250.0,3253.0,3239.8,3251.5,41277600,3576.6,2926.4,4322.95,2866.6,3242.6,100,2,3242.3,17,2,3242.2,4,2,3242.1,10,2,3242.0,60,6,3243.2,1,1,3243.3,10,1,3243.4,37,3,3243.5,36,1,3243.6,16,1
11536,2025-12-30 09:31:33+05:30,3242.6,12,3247.18,67345,90074.0,101094.0,3250.0,3253.0,3239.8,3251.5,41254150,3576.6,2926.4,4322.95,2866.6,3242.6,100,2,3242.3,17,2,3242.2,4,2,3242.1,10,2,3242.0,60,6,3243.2,1,1,3243.3,10,1,3243.4,37,3,3243.5,36,1,3243.6,16,1
11536,2025-12-30 09:31:33+05:30,3242.6,12,3247.18,67357,90100.0,101107.0,3250.0,3253.0,3239.8,3251.5,41254150,3576.6,2926.4,4322.95,2866.6,3242.6,88,2,3242.3,17,2,3242.2,4,2,3242.1,25,3,3242.0,60,6,3243.2,4,3,3243.3,10,1,3243.4,2,1,3243.5,65,2,3243.6,16,1
11536,2025-12-30 09:31:34+05:30,3243.4,21,3247.18,67357,90100.0,101107.0,3250.0,3253.0,3239.8,3251.5,41254150,3576.6,2926.4,4322.95,2866.6,3242.6,88,2,3242.3,17,2,3242.2,4,2,3242.1,25,3,3242.0,60,6,3243.2,4,3,3243.3,10,1,3243.4,2,1,3243.5,65,2,3243.6,16,1
11536,2025-12-30 09:31:34+05:30,3243.5,7,3247.18,67425,89990.0,100282.0,3250.0,3253.0,3239.8,3251.5,41254150,3576.6,2926.4,4322.95,2866.6,3242.6,77,2,3242.4,10,1,3242.3,17,2,3242.2,26,3,3242.1,173,3,3243.5,72,4,3243.8,71,3,3243.9,41,3,3244.0,56,6,3244.1,249,7
11536,2025-12-30 09:31:35+05:30,3243.2,20,3247.18,67425,89990.0,100282.0,3250.0,3253.0,3239.8,3251.5,41254150,3576.6,2926.4,4322.95,2866.6,3242.6,77,2,3242.4,10,1,3242.3,17,2,3242.2,26,3,3242.1,173,3,3243.5,72,4,3243.8,71,3,3243.9,41,3,3244.0,56,6,3244.1,249,7
11536,2025-12-30 09:31:35+05:30,3243.2,20,3247.18,67425,89990.0,100282.0,3250.0,3253.0,3239.8,3251.5,41254150,3576.6,2926.4,4322.95,2866.6,3242.6,76,2,3242.3,17,2,3242.2,26,3,3242.1,10,2,3242.0,60,6,3243.4,20,1,3243.5,74,5,3243.6,26,2,3243.7,21,2,3243.8,56,2
11536,2025-12-30 09:31:35+05:30,3243.2,20,3247.17,67477,90101.0,100969.0,3250.0,3253.0,3239.8,3251.5,41254150,3576.6,2926.4,4322.95,2866.6,3242.6,76,2,3242.3,17,2,3242.2,26,3,3242.1,10,2,3242.0,60,6,3243.4,20,1,3243.5,74,5,3243.6,26,2,3243.7,21,2,3243.8,56,2
11536,2025-12-30 09:31:36+05:30,3242.6,1,3247.17,67477,90101.0,100969.0,3250.0,3253.0,3239.8,3251.5,41254150,3576.6,2926.4,4322.95,2866.6,3242.6,76,2,3242.3,17,2,3242.2,26,3,3242.1,10,2,3242.0,60,6,3243.4,20,1,3243.5,74,5,3243.6,26,2,3243.7,21,2,3243.8,56,2
11536,2025-12-30 09:31:37+05:30,3242.6,5,3247.17,67485,90112.0,100124.0,3250.0,3253.0,3239.8,3251.5,41254150,3576.6,2926.4,4322.95,2866.6,3242.6,68,2,3242.3,17,2,3242.2,26,3,3242.1,10,2,3242.0,60,6,3243.4,2,2,3243.5,74,5,3243.6,33,2,3243.7,21,2,3243.8,70,3
11536,2025-12-30 09:31:37+05:30,3242.6,13,3247.17,67485,90112.0,100124.0,3250.0,3253.0,3239.8,3251.5,41254150,3576.6,2926.4,4322.95,2866.6,3242.6,68,2,3242.3,17,2,3242.2,26,3,3242.1,10,2,3242.0,60,6,3243.4,2,2,3243.5,74,5,3243.6,33,2,3243.7,21,2,3243.8,70,3
11536,2025-12-30 09:31:38+05:30,3242.6,1,3247.17,67572,90269.0,101407.0,3250.0,3253.0,3239.8,3251.5,41254150,3576.6,2926.4,4322.95,2866.6,3242.6,3,1,3242.3,17,2,3242.2,4,2,3242.1,10,2,3242.0,60,6,3243.2,9,1,3243.3,49,3,3243.4,42,6,3243.5,36,3,3243.6,59,4
11536,2025-12-30 09:31:38+05:30,3242.6,1,3247.17,67572,90269.0,101407.0,3250.0,3253.0,3239.8,3251.5,41254150,3576.6,2926.4,4322.95,2866.6,3242.6,3,1,3242.3,17,2,3242.2,4,2,3242.1,10,2,3242.0,60,6,3243.2,9,1,3243.3,49,3,3243.4,42,6,3243.5,36,3,3243.6,59,4
11536,2025-12-30 09:31:39+05:30,3242.6,7,3247.17,67579,89866.0,101379.0,3250.0,3253.0,3239.8,3251.5,41254150,3576.6,2926.4,4322.95,2866.6,3242.3,17,2,3242.2,14,3,3242.1,10,2,3242.0,60,6,3241.9,160,2,3243.2,2,1,3243.3,49,3,3243.4,30,4,3243.5,21,2,3243.6,63,4
11536,2025-12-30 09:31:39+05:30,3242.3,1,3247.17,67579,89866.0,101379.0,3250.0,3253.0,3239.8,3251.5,41254150,3576.6,2926.4,4322.95,2866.6,3242.3,17,2,3242.2,14,3,3242.1,10,2,3242.0,60,6,3241.9,160,2,3243.2,2,1,3243.3,49,3,3243.4,30,4,3243.5,21,2,3243.6,63,4
11536,2025-12-30 09:31:40+05:30,3242.2,3,3247.16,67644,89982.0,101687.0,3250.0,3253.0,3239.8,3251.5,41254150,3576.6,2926.4,4322.95,2866.6,3242.2,11,3,3242.1,10,2,3242.0,38,5,3241.8,174,5,3241.7,55,2,3242.6,40,1,3243.2,3,2,3243.3,27,1,3243.4,29,3,3243.5,11,1
11536,2025-12-30 09:31:40+05:30,3242.2,1,3247.16,67644,89982.0,101687.0,3250.0,3253.0,3239.8,3251.5,41254150,3576.6,2926.4,4322.95,2866.6,3242.2,11,3,3242.1,10,2,3242.0,38,5,3241.8,174,5,3241.7,55,2,3242.6,40,1,3243.2,3,2,3243.3,27,1,3243.4,29,3,3243.5,11,1
11536,2025-12-30 09:31:41+05:30,3242.2,1,3247.16,67645,90019.0,101722.0,3250.0,3253.0,3239.8,3251.5,41254150,3576.6,2926.4,4322.95,2866.6,3242.2,10,3,3242.1,10,2,3242.0,38,5,3241.8,160,4,3241.7,55,2,3242.6,67,4,3243.1,26,1,3243.2,3,2,3243.4,28,2,3243.5,13,2
11536,2025-12-30 09:31:41+05:30,3242.2,3,3247.16,67645,90019.0,101722.0,3250.0,3253.0,3239.8,3251.5,41254150,3576.6,2926.4,4322.95,2866.6,3242.2,10,3,3242.1,10,2,3242.0,38,5,3241.8,160,4,3241.7,55,2,3242.6,67,4,3243.1,26,1,3243.2,3,2,3243.4,28,2,3243.5,13,2
11536,2025-12-30 09:31:42+05:30,3242.2,1,3247.16,67679,90268.0,101652.0,3250.0,3253.0,3239.8,3251.5,41254150,3576.6,2926.4,4322.95,2866.6,3242.2,55,4,3242.1,10,2,3242.0,38,5,3241.9,48,2,3241.8,185,6,3242.6,102,6,3243.1,26,1,3243.4,20,1,3243.5,2,1,3243.6,53,4
11536,2025-12-30 09:31:42+05:30,3242.6,1,3247.16,67679,90268.0,101652.0,3250.0,3253.0,3239.8,3251.5,41254150,3576.6,2926.4,4322.95,2866.6,3242.2,55,4,3242.1,10,2,3242.0,38,5,3241.9,48,2,3241.8,185,6,3242.6,102,6,3243.1,26,1,3243.4,20,1,3243.5,2,1,3243.6,53,4
11536,2025-12-30 09:31:43+05:30,3242.2,2,3247.15,67762,90312.0,101809.0,3250.0,3253.0,3239.8,3251.5,41254150,3576.6,2926.4,4322.95,2866.6,3242.2,8,1,3242.1,10,2,3242.0,38,5,3241.9,32,1,3241.8,183,6,3242.6,101,6,3243.1,26,1,3243.4,20,1,3243.5,2,1,3243.6,53,4
11536,2025-12-30 09:31:43+05:30,3242.2,2,3247.15,67762,90312.0,101809.0,3250.0,3253.0,3239.8,3251.5,41254150,3576.6,2926.4,4322.95,2866.6,3242.2,8,1,3242.1,10,2,3242.0,38,5,3241.9,32,1,3241.8,183,6,3242.6,101,6,3243.1,26,1,3243.4,20,1,3243.5,2,1,3243.6,53,4
11536,2025-12-30 09:31:44+05:30,3242.2,1,3247.15,67763,89479.0,102253.0,3250.0,3253.0,3239.8,3251.5,41254150,3576.6,2926.4,4322.95,2866.6,3242.2,7,1,3242.1,10,2,3242.0,38,5,3241.8,7,3,3241.7,3,1,3242.6,107,7,3243.1,26,1,3243.3,71,4,3243.4,20,1,3243.5,55,4
11536,2025-12-30 09:31:44+05:30,3242.6,1,3247.15,67763,89479.0,102253.0,3250.0,3253.0,3239.8,3251.5,41254150,3576.6,2926.4,4322.95,2866.6,3242.2,7,1,3242.1,10,2,3242.0,38,5,3241.8,7,3,3241.7,3,1,3242.6,107,7,3243.1,26,1,3243.3,71,4,3243.4,20,1,3243.5,55,4
11536,2025-12-30 09:31:45+05:30,3242.6,1,3247.15,67767,89484.0,102079.0,3250.0,3253.0,3239.8,3251.5,41254150,3576.6,2926.4,4322.95,2866.6,3242.2,5,1,3242.1,10,2,3242.0,38,5,3241.8,7,3,3241.7,3,1,3242.6,104,6,3243.1,26,1,3243.3,71,4,3243.4,20,1,3243.5,55,4
11536,2025-12-30 09:31:45+05:30,3242.2,3,3247.15,67767,89484.0,102079.0,3250.0,3253.0,3239.8,3251.5,41254150,3576.6,2926.4,4322.95,2866.6,3242.2,5,1,3242.1,10,2,3242.0,38,5,3241.8,7,3,3241.7,3,1,3242.6,104,6,3243.1,26,1,3243.3,71,4,3243.4,20,1,3243.5,55,4
11536,2025-12-30 09:31:46+05:30,3242.2,3,3247.15,67770,89277.0,102669.0,3250.0,3253.0,3239.8,3251.5,41254150,3576.6,2926.4,4322.95,2866.6,3242.2,3,2,3242.1,10,2,3242.0,38,5,3241.8,4,2,3241.6,45,2,3242.6,105,7,3243.1,26,1,3243.2,14,1,3243.3,57,3,3243.4,22,2
11536,2025-12-30 09:31:46+05:30,3242.2,9,3247.15,67770,89277.0,102669.0,3250.0,3253.0,3239.8,3251.5,41254150,3576.6,2926.4,4322.95,2866.6,3242.2,3,2,3242.1,10,2,3242.0,38,5,3241.8,4,2,3241.6,45,2,3242.6,105,7,3243.1,26,1,3243.2,14,1,3243.3,57,3,3243.4,22,2
11536,2025-12-30 09:31:47+05:30,3242.2,9,3247.15,67782,89639.0,102473.0,3250.0,3253.0,3239.8,3251.5,41254150,3576.6,2926.4,4322.95,2866.6,3242.2,2,2,3242.1,10,2,3242.0,38,5,3241.8,4,2,3241.6,194,3,3242.6,183,9,3243.0,25,1,3243.1,14,1,3243.3,57,3,3243.4,20,1
11536,2025-12-30 09:31:48+05:30,3242.2,9,3247.15,67782,89663.0,101437.0,3250.0,3253.0,3239.8,3251.5,41254150,3576.6,2926.4,4322.95,2866.6,3242.2,2,2,3242.1,10,2,3242.0,38,5,3241.9,9,1,3241.8,4,2,3242.6,183,9,3243.0,25,1,3243.1,14,1,3243.3,57,3,3243.4,20,1
11536,2025-12-30 09:31:48+05:30,3242.6,1,3247.15,67782,89663.0,101437.0,3250.0,3253.0,3239.8,3251.5,41254150,3576.6,2926.4,4322.95,2866.6,3242.2,2,2,3242.1,10,2,3242.0,38,5,3241.9,9,1,3241.8,4,2,3242.6,183,9,3243.0,25,1,3243.1,14,1,3243.3,57,3,3243.4,20,1
11536,2025-12-30 09:31:49+05:30,3242.6,1,3247.15,67792,89716.0,102726.0,3250.0,3253.0,3239.8,3251.5,41254150,3576.6,2926.4,4322.95,2866.6,3242.2,9,2,3242.1,10,2,3242.0,38,5,3241.9,31,3,3241.8,4,2,3242.6,177,9,3243.0,25,1,3243.3,57,3,3243.4,20,1,3243.5,27,2
11536,2025-12-30 09:31:49+05:30,3242.6,14,3247.15,67792,89716.0,102726.0,3250.0,3253.0,3239.8,3251.5,41254150,3576.6,2926.4,4322.95,2866.6,3242.2,9,2,3242.1,10,2,3242.0,38,5,3241.9,31,3,3241.8,4,2,3242.6,177,9,3243.0,25,1,3243.3,57,3,3243.4,20,1,3243.5,27,2
11536,2025-12-30 09:31:50+05:30,3242.6,14,3247.15,67844,89719.0,102677.0,3250.0,3253.0,3239.8,3251.5,41254150,3576.6,2926.4,4322.95,2866.6,3242.2,7,2,3242.1,10,2,3242.0,38,5,3241.9,9,1,3241.8,4,2,3242.6,128,8,3243.0,25,1,3243.3,57,3,3243.4,20,1,3243.5,27,2
11536,2025-12-30 09:31:51+05:30,3242.6,14,3247.15,67844,90067.0,101646.0,3250.0,3253.0,3239.8,3251.5,41254150,3576.6,2926.4,4322.95,2866.6,3242.2,29,5,3242.1,30,4,3242.0,64,7,3241.9,89,5,3241.8,43,4,3242.6,128,8,3243.4,20,1,3243.6,72,6,3243.8,266,4,3243.9,151,6
11536,2025-12-30 09:31:52+05:30,3242.2,1,3247.15,67848,90279.0,100647.0,3250.0,3253.0,3239.8,3251.5,41254150,3576.6,2926.4,4322.95,2866.6,3242.2,25,5,3242.1,30,4,3242.0,64,7,3241.9,79,4,3241.8,189,4,3242.6,126,6,3243.4,20,1,3243.6,72,6,3243.8,266,4,3243.9,118,4
11536,2025-12-30 09:31:52+05:30,3242.2,4,3247.15,67848,90279.0,100647.0,3250.0,3253.0,3239.8,3251.5,41254150,3576.6,2926.4,4322.95,2866.6,3242.2,25,5,3242.1,30,4,3242.0,64,7,3241.9,79,4,3241.8,189,4,3242.6,126,6,3243.4,20,1,3243.6,72,6,3243.8,266,4,3243.9,118,4
11536,2025-12-30 09:31:53+05:30,3242.6,3,3247.14,67884,90309.0,102174.0,3250.0,3253.0,3239.8,3251.5,41254150,3576.6,2926.4,4322.95,2866.6,3242.2,3,2,3242.1,10,2,3242.0,38,5,3241.9,43,3,3241.8,31,4,3242.6,122,5,3243.4,20,1,3243.6,69,5,3243.8,266,4,3243.9,124,6
11536,2025-12-30 09:31:53+05:30,3242.6,1,3247.14,67884,90309.0,102174.0,3250.0,3253.0,3239.8,3251.5,41254150,3576.6,2926.4,4322.95,2866.6,3242.2,3,2,3242.1,10,2,3242.0,38,5,3241.9,43,3,3241.8,31,4,3242.6,122,5,3243.4,20,1,3243.6,69,5,3243.8,266,4,3243.9,124,6
11536,2025-12-30 09:31:54+05:30,3242.6,1,3247.14,67886,90318.0,102278.0,3250.0,3253.0,3239.8,3251.5,41254150,3576.6,2926.4,4322.95,2866.6,3242.2,3,2,3242.1,10,2,3242.0,38,5,3241.9,43,3,3241.8,31,4,3242.6,121,6,3243.4,20,1,3243.6,69,5,3243.8,266,4,3243.9,124,6
11536,2025-12-30 09:31:54+05:30,3242.6,1,3247.14,67886,90318.0,102278.0,3250.0,3253.0,3239.8,3251.5,41254150,3576.6,2926.4,4322.95,2866.6,3242.2,3,2,3242.1,10,2,3242.0,38,5,3241.9,43,3,3241.8,31,4,3242.6,121,6,3243.4,20,1,3243.6,69,5,3243.8,266,4,3243.9,124,6
11536,2025-12-30 09:31:55+05:30,3242.6,1,3247.14,67887,90318.0,102278.0,3250.0,3253.0,3239.8,3251.5,41254150,3576.6,2926.4,4322.95,2866.6,3242.2,3,2,3242.1,10,2,3242.0,38,5,3241.9,43,3,3241.8,31,4,3242.6,120,6,3243.4,20,1,3243.6,69,5,3243.8,266,4,3243.9,124,6
11536,2025-12-30 09:31:55+05:30,3242.2,2,3247.14,67887,90318.0,102278.0,3250.0,3253.0,3239.8,3251.5,41254150,3576.6,2926.4,4322.95,2866.6,3242.2,3,2,3242.1,10,2,3242.0,38,5,3241.9,43,3,3241.8,31,4,3242.6,120,6,3243.4,20,1,3243.6,69,5,3243.8,266,4,3243.9,124,6
11536,2025-12-30 09:31:56+05:30,3242.1,2,3247.14,67893,90789.0,100135.0,3250.0,3253.0,3239.8,3251.5,41254150,3576.6,2926.4,4322.95,2866.6,3242.1,34,6,3242.0,261,9,3241.9,49,3,3241.8,381,8,3241.7,25,1,3242.6,119,5,3243.6,37,2,3243.8,88,3,3243.9,3,1,3244.0,93,8
11536,2025-12-30 09:31:56+05:30,3242.1,2,3247.14,67893,90789.0,100135.0,3250.0,3253.0,3239.8,3251.5,41254150,3576.6,2926.4,4322.95,2866.6,3242.1,34,6,3242.0,261,9,3241.9,49,3,3241.8,381,8,3241.7,25,1,3242.6,119,5,3243.6,37,2,3243.8,88,3,3243.9,3,1,3244.0,93,8
11536,2025-12-30 09:31:57+05:30,3242.1,2,3247.14,67893,89406.0,100192.0,3250.0,3253.0,3239.8,3251.5,41254150,3576.6,2926.4,4322.95,2866.6,3242.1,34,6,3242.0,261,9,3241.9,49,3,3241.8,381,8,3241.7,25,1,3242.6,119,5,3243.6,37,2,3243.7,1,1,3243.8,88,3,3243.9,3,1
11536,2025-12-30 09:31:58+05:30,3242.1,2,3247.14,67893,90540.0,100487.0,3250.0,3253.0,3239.8,3251.5,41254150,3576.6,2926.4,4322.95,2866.6,3242.1,26,5,3242.0,269,8,3241.9,36,4,3241.8,236,8,3241.7,25,1,3242.6,119,5,3243.6,37,2,3243.7,1,1,3243.8,91,4,3243.9,3,1
11536,2025-12-30 09:31:59+05:30,3242.1,1,3247.14,67951,89556.0,98562.0,3250.0,3253.0,3239.8,3251.5,41254150,3576.6,2926.4,4322.95,2866.6,3242.1,143,4,3242.0,64,6,3241.9,9,1,3241.8,4,2,3241.7,235,3,3242.6,119,5,3243.5,4,2,3243.6,37,2,3243.7,3,1,3243.8,91,4
11536,2025-12-30 09:31:59+05:30,3242.1,1,3247.14,67951,89556.0,98562.0,3250.0,3253.0,3239.8,3251.5,41254150,3576.6,2926.4,4322.95,2866.6,3242.1,143,4,3242.0,64,6,3241.9,9,1,3241.8,4,2,3241.7,235,3,3242.6,119,5,3243.5,4,2,3243.6,37,2,3243.7,3,1,3243.8,91,4
11536,2025-12-30 09:32:00+05:30,3242.6,5,3247.14,67956,87799.0,99684.0,3250.0,3253.0,3239.8,3251.5,41254150,3576.6,2926.4,4322.95,2866.6,3242.2,4,1,3242.1,149,4,3242.0,224,7,3241.9,27,3,3241.8,230,6,3242.6,115,6,3243.4,1,1,3243.5,3,1,3243.6,66,4,3243.7,3,1
11536,2025-12-30 09:32:00+05:30,3242.6,5,3247.14,67956,87799.0,99684.0,3250.0,3253.0,3239.8,3251.5,41254150,3576.6,2926.4,4322.95,2866.6,3242.2,4,1,3242.1,149,4,3242.0,224,7,3241.9,27,3,3241.8,230,6,3242.6,115,6,3243.4,1,1,3243.5,3,1,3243.6,66,4,3243.7,3,1
11536,2025-12-30 09:32:01+05:30,3242.6,5,3247.14,67956,90418.0,100644.0,3250.0,3253.0,3239.8,3251.5,41254150,3576.6,2926.4,4322.95,2866.6,3242.2,4,1,3242.1,149,4,3242.0,224,7,3241.9,9,1,3241.8,211,6,3242.6,116,7,3243.4,1,1,3243.5,1,1,3243.6,66,4,3243.7,3,1
11536,2025-12-30 09:32:01+05:30,3242.1,1,3247.14,67956,90418.0,100644.0,3250.0,3253.0,3239.8,3251.5,41254150,3576.6,2926.4,4322.95,2866.6,3242.2,4,1,3242.1,149,4,3242.0,224,7,3241.9,9,1,3241.8,211,6,3242.6,116,7,3243.4,1,1,3243.5,1,1,3243.6,66,4,3243.7,3,1
11536,2025-12-30 09:32:02+05:30,3242.1,8,3247.14,67976,87525.0,98591.0,3250.0,3253.0,3239.8,3251.5,41254150,3576.6,2926.4,4322.95,2866.6,3242.1,129,3,3242.0,44,6,3241.9,11,2,3241.8,17,3,3241.7,116,4,3242.6,160,8,3243.4,1,1,3243.6,66,4,3243.7,3,1,3243.8,101,5
11536,2025-12-30 09:32:02+05:30,3242.1,8,3247.14,67976,87525.0,98591.0,3250.0,3253.0,3239.8,3251.5,41254150,3576.6,2926.4,4322.95,2866.6,3242.1,129,3,3242.0,44,6,3241.9,11,2,3241.8,17,3,3241.7,116,4,3242.6,160,8,3243.4,1,1,3243.6,66,4,3243.7,3,1,3243.8,101,5
11536,2025-12-30 09:32:03+05:30,3242.5,1,3247.14,67983,90542.0,100114.0,3250.0,3253.0,3239.8,3251.5,41254150,3576.6,2926.4,4322.95,2866.6,3242.5,4,1,3242.1,137,4,3242.0,44,6,3241.9,24,3,3241.8,12,3,3242.6,155,9,3243.4,1,1,3243.6,66,4,3243.7,3,1,3243.8,102,6
11536,2025-12-30 09:32:03+05:30,3242.5,1,3247.14,67983,90542.0,100114.0,3250.0,3253.0,3239.8,3251.5,41254150,3576.6,2926.4,4322.95,2866.6,3242.5,4,1,3242.1,137,4,3242.0,44,6,3241.9,24,3,3241.8,12,3,3242.6,155,9,3243.4,1,1,3243.6,66,4,3243.7,3,1,3243.8,102,6
11536,2025-12-30 09:32:04+05:30,3242.5,2,3247.14,67983,90542.0,100114.0,3250.0,3253.0,3239.8,3251.5,41254150,3576.6,2926.4,4322.95,2866.6,3242.5,4,1,3242.1,137,4,3242.0,44,6,3241.9,24,3,3241.8,12,3,3242.6,155,9,3243.4,1,1,3243.6,66,4,3243.7,3,1,3243.8,102,6
11536,2025-12-30 09:32:04+05:30,3242.5,2,3247.14,67985,87564.0,100520.0,3250.0,3253.0,3239.8,3251.5,41254150,3576.6,2926.4,4322.95,2866.6,3242.5,2,1,3242.1,147,5,3242.0,44,6,3241.9,47,3,3241.8,24,4,3242.6,154,8,3243.4,1,1,3243.6,66,4,3243.7,3,1,3243.8,102,6
11536,2025-12-30 09:32:05+05:30,3242.5,1,3247.14,67985,87564.0,100520.0,3250.0,3253.0,3239.8,3251.5,41254150,3576.6,2926.4,4322.95,2866.6,3242.5,2,1,3242.1,147,5,3242.0,44,6,3241.9,47,3,3241.8,24,4,3242.6,154,8,3243.4,1,1,3243.6,66,4,3243.7,3,1,3243.8,102,6
11536,2025-12-30 09:32:05+05:30,3242.5,1,3247.14,67988,90732.0,100171.0,3250.0,3253.0,3239.8,3251.5,41254150,3576.6,2926.4,4322.95,2866.6,3242.5,1,1,3242.1,147,5,3242.0,46,7,3241.9,45,2,3241.8,24,4,3242.6,152,8,3243.4,1,1,3243.6,66,4,3243.7,3,1,3243.8,101,5
11536,2025-12-30 09:32:06+05:30,3242.5,1,3247.14,67988,90732.0,100171.0,3250.0,3253.0,3239.8,3251.5,41254150,3576.6,2926.4,4322.95,2866.6,3242.5,1,1,3242.1,147,5,3242.0,46,7,3241.9,45,2,3241.8,24,4,3242.6,152,8,3243.4,1,1,3243.6,66,4,3243.7,3,1,3243.8,101,5
11536,2025-12-30 09:32:06+05:30,3242.5,1,3247.14,67989,89273.0,100043.0,3250.0,3253.0,3239.8,3251.5,41254150,3576.6,2926.4,4322.95,2866.6,3242.1,154,6,3242.0,46,7,3241.9,45,2,3241.8,24,4,3241.7,177,5,3242.6,151,7,3243.4,1,1,3243.6,66,4,3243.7,3,1,3243.8,88,4
11536,2025-12-30 09:32:07+05:30,3242.1,5,3247.14,67989,89273.0,100043.0,3250.0,3253.0,3239.8,3251.5,41254150,3576.6,2926.4,4322.95,2866.6,3242.1,154,6,3242.0,46,7,3241.9,45,2,3241.8,24,4,3241.7,177,5,3242.6,151,7,3243.4,1,1,3243.6,66,4,3243.7,3,1,3243.8,88,4
11536,2025-12-30 09:32:07+05:30,3242.1,5,3247.14,67994,90948.0,100006.0,3250.0,3253.0,3239.8,3251.5,41254150,3576.6,2926.4,4322.95,2866.6,3242.1,157,7,3242.0,87,9,3241.9,45,2,3241.8,237,7,3241.7,190,6,3242.6,151,7,3243.6,66,4,3243.7,3,1,3243.8,88,4,3243.9,29,2
11536,2025-12-30 09:32:08+05:30,3242.1,1,3247.14,67994,90948.0,100006.0,3250.0,3253.0,3239.8,3251.5,41254150,3576.6,2926.4,4322.95,2866.6,3242.1,157,7,3242.0,87,9,3241.9,45,2,3241.8,237,7,3241.7,190,6,3242.6,151,7,3243.6,66,4,3243.7,3,1,3243.8,88,4,3243.9,29,2
11536,2025-12-30 09:32:08+05:30,3242.1,1,3247.14,67995,90645.0,100188.0,3250.0,3253.0,3239.8,3251.5,41254150,3576.6,2926.4,4322.95,2866.6,3242.1,77,5,3242.0,46,7,3241.9,45,2,3241.8,24,4,3241.7,190,6,3242.5,62,1,3242.6,151,7,3243.5,40,1,3243.6,66,4,3243.7,3,1
11536,2025-12-30 09:32:10+05:30,3242.1,1,3247.14,67995,90601.0,100188.0,3250.0,3253.0,3239.8,3251.5,41254150,3576.6,2926.4,4322.95,2866.6,3242.1,77,5,3242.0,46,7,3241.9,9,1,3241.8,24,4,3241.7,154,5,3242.5,79,2,3242.6,134,5,3243.5,40,1,3243.6,66,4,3243.7,3,1
11536,2025-12-30 09:32:11+05:30,3242.1,1,3247.14,67996,90630.0,100572.0,3250.0,3253.0,3239.8,3251.5,41254150,3576.6,2926.4,4322.95,2866.6,3242.1,76,5,3242.0,74,7,3241.9,9,1,3241.8,24,4,3241.7,154,5,3242.3,62,1,3242.5,18,2,3242.6,133,4,3243.5,142,2,3243.6,67,5
11536,2025-12-30 09:32:11+05:30,3242.1,1,3247.14,67996,90630.0,100572.0,3250.0,3253.0,3239.8,3251.5,41254150,3576.6,2926.4,4322.95,2866.6,3242.1,76,5,3242.0,74,7,3241.9,9,1,3241.8,24,4,3241.7,154,5,3242.3,62,1,3242.5,18,2,3242.6,133,4,3243.5,142,2,3243.6,67,5
11536,2025-12-30 09:32:12+05:30,3242.1,1,3247.14,67997,89057.0,100614.0,3250.0,3253.0,3239.8,3251.5,41254150,3576.6,2926.4,4322.95,2866.6,3242.1,75,5,3242.0,44,6,3241.9,9,1,3241.8,24,4,3241.7,154,5,3242.3,84,3,3242.5,1,1,3242.6,128,3,3243.4,27,1,3243.5,142,2
11536,2025-12-30 09:32:12+05:30,3242.1,36,3247.14,67997,89057.0,100614.0,3250.0,3253.0,3239.8,3251.5,41254150,3576.6,2926.4,4322.95,2866.6,3242.1,75,5,3242.0,44,6,3241.9,9,1,3241.8,24,4,3241.7,154,5,3242.3,84,3,3242.5,1,1,3242.6,128,3,3243.4,27,1,3243.5,142,2
11536,2025-12-30 09:32:13+05:30,3242.1,2,3247.13,68051,88993.0,100690.0,3250.0,3253.0,3239.8,3251.5,41254150,3576.6,2926.4,4322.95,2866.6,3242.1,23,3,3242.0,54,7,3241.9,9,1,3241.8,12,3,3241.7,154,5,3242.3,84,3,3242.5,7,1,3242.6,128,3,3243.4,27,1,3243.5,142,2
11536,2025-12-30 09:32:13+05:30,3242.1,2,3247.13,68051,88993.0,100690.0,3250.0,3253.0,3239.8,3251.5,41254150,3576.6,2926.4,4322.95,2866.6,3242.1,23,3,3242.0,54,7,3241.9,9,1,3241.8,12,3,3241.7,154,5,3242.3,84,3,3242.5,7,1,3242.6,128,3,3243.4,27,1,3243.5,142,2
11536,2025-12-30 09:32:14+05:30,3242.1,5,3247.13,68084,89764.0,100734.0,3250.0,3253.0,3239.8,3251.5,41254150,3576.6,2926.4,4322.95,2866.6,3242.1,5,1,3242.0,62,8,3241.9,9,1,3241.8,4,2,3241.7,93,4,3242.3,154,8,3242.5,7,1,3242.6,65,1,3243.4,27,1,3243.5,170,3
11536,2025-12-30 09:32:14+05:30,3242.0,2,3247.13,68084,89764.0,100734.0,3250.0,3253.0,3239.8,3251.5,41254150,3576.6,2926.4,4322.95,2866.6,3242.1,5,1,3242.0,62,8,3241.9,9,1,3241.8,4,2,3241.7,93,4,3242.3,154,8,3242.5,7,1,3242.6,65,1,3243.4,27,1,3243.5,170,3
11536,2025-12-30 09:32:15+05:30,3242.0,3,3247.12,68274,86397.0,101153.0,3250.0,3253.0,3239.8,3251.5,41254150,3576.6,2926.4,4322.95,2866.6,3242.0,6,1,3241.9,9,1,3241.8,16,3,3241.7,16,2,3241.6,185,4,3242.3,92,8,3242.5,7,1,3242.6,65,1,3242.9,14,1,3243.2,36,2
11536,2025-12-30 09:32:15+05:30,3242.3,1,3247.12,68274,86397.0,101153.0,3250.0,3253.0,3239.8,3251.5,41254150,3576.6,2926.4,4322.95,2866.6,3242.0,6,1,3241.9,9,1,3241.8,16,3,3241.7,16,2,3241.6,185,4,3242.3,92,8,3242.5,7,1,3242.6,65,1,3242.9,14,1,3243.2,36,2
11536,2025-12-30 09:32:16+05:30,3242.2,32,3247.1,68479,89769.0,100985.0,3250.0,3253.0,3239.8,3251.5,41254150,3576.6,2926.4,4322.95,2866.6,3242.3,1,1,3242.2,143,1,3242.0,6,1,3241.9,9,1,3241.8,4,2,3242.5,11,2,3242.6,65,1,3243.4,25,1,3243.5,40,1,3243.6,41,4
11536,2025-12-30 09:32:16+05:30,3242.2,32,3247.1,68479,89769.0,100985.0,3250.0,3253.0,3239.8,3251.5,41254150,3576.6,2926.4,4322.95,2866.6,3242.3,1,1,3242.2,143,1,3242.0,6,1,3241.9,9,1,3241.8,4,2,3242.5,11,2,3242.6,65,1,3243.4,25,1,3243.5,40,1,3243.6,41,4
11536,2025-12-30 09:32:17+05:30,3242.5,1,3247.1,68480,89412.0,100506.0,3250.0,3253.0,3239.8,3251.5,41254150,3576.6,2926.4,4322.95,2866.6,3242.3,1,1,3242.0,149,2,3241.9,9,1,3241.8,4,2,3241.7,186,3,3242.5,10,2,3242.6,65,1,3243.3,77,3,3243.4,25,1,3243.5,40,1
11536,2025-12-30 09:32:17+05:30,3242.5,1,3247.1,68480,89412.0,100506.0,3250.0,3253.0,3239.8,3251.5,41254150,3576.6,2926.4,4322.95,2866.6,3242.3,1,1,3242.0,149,2,3241.9,9,1,3241.8,4,2,3241.7,186,3,3242.5,10,2,3242.6,65,1,3243.3,77,3,3243.4,25,1,3243.5,40,1
11536,2025-12-30 09:32:18+05:30,3242.5,1,3247.1,68480,89473.0,101899.0,3250.0,3253.0,3239.8,3251.5,41254150,3576.6,2926.4,4322.95,2866.6,3242.3,1,1,3242.1,1,1,3242.0,159,3,3241.9,9,1,3241.8,4,2,3242.5,25,4,3242.6,65,1,3243.0,28,1,3243.1,13,1,3243.3,36,1
11536,2025-12-30 09:32:19+05:30,3242.1,1,3247.1,68480,89473.0,101899.0,3250.0,3253.0,3239.8,3251.5,41254150,3576.6,2926.4,4322.95,2866.6,3242.3,1,1,3242.1,1,1,3242.0,159,3,3241.9,9,1,3241.8,4,2,3242.5,25,4,3242.6,65,1,3243.0,28,1,3243.1,13,1,3243.3,36,1
11536,2025-12-30 09:32:19+05:30,3242.1,1,3247.1,68482,88834.0,100489.0,3250.0,3253.0,3239.8,3251.5,41254150,3576.6,2926.4,4322.95,2866.6,3242.0,159,3,3241.9,9,1,3241.8,4,2,3241.7,26,2,3241.6,237,8,3242.1,98,1,3242.2,4,1,3242.5,21,3,3242.6,65,1,3243.0,64,2
11536,2025-12-30 09:32:20+05:30,3242.0,1,3247.1,68483,88739.0,102348.0,3250.0,3253.0,3239.8,3251.5,41254150,3576.6,2926.4,4322.95,2866.6,3242.0,15,2,3241.9,9,1,3241.8,147,3,3241.7,13,1,3241.6,50,5,3242.1,112,2,3242.2,4,1,3242.5,6,1,3242.6,65,1,3242.7,15,1
11536,2025-12-30 09:32:21+05:30,3242.0,1,3247.1,68483,88739.0,102348.0,3250.0,3253.0,3239.8,3251.5,41254150,3576.6,2926.4,4322.95,2866.6,3242.0,15,2,3241.9,9,1,3241.8,147,3,3241.7,13,1,3241.6,50,5,3242.1,112,2,3242.2,4,1,3242.5,6,1,3242.6,65,1,3242.7,15,1
11536,2025-12-30 09:32:22+05:30,3242.0,1,3247.1,68483,89302.0,102192.0,3250.0,3253.0,3239.8,3251.5,41254150,3576.6,2926.4,4322.95,2866.6,3242.0,15,2,3241.9,9,1,3241.8,4,2,3241.7,13,1,3241.6,33,3,3242.1,203,3,3242.2,4,1,3242.5,6,1,3242.6,80,2,3242.7,43,2
11536,2025-12-30 09:32:22+05:30,3242.1,10,3247.1,68483,89302.0,102192.0,3250.0,3253.0,3239.8,3251.5,41254150,3576.6,2926.4,4322.95,2866.6,3242.0,15,2,3241.9,9,1,3241.8,4,2,3241.7,13,1,3241.6,33,3,3242.1,203,3,3242.2,4,1,3242.5,6,1,3242.6,80,2,3242.7,43,2
11536,2025-12-30 09:32:23+05:30,3242.1,10,3247.1,68525,89342.0,102628.0,3250.0,3253.0,3239.8,3251.5,41254150,3576.6,2926.4,4322.95,2866.6,3242.0,10,1,3241.9,9,1,3241.8,4,2,3241.7,13,1,3241.6,33,3,3242.1,193,4,3242.5,21,2,3242.6,65,1,3242.7,31,1,3242.8,54,2
11536,2025-12-30 09:32:23+05:30,3241.9,6,3247.1,68525,89342.0,102628.0,3250.0,3253.0,3239.8,3251.5,41254150,3576.6,2926.4,4322.95,2866.6,3242.0,10,1,3241.9,9,1,3241.8,4,2,3241.7,13,1,3241.6,33,3,3242.1,193,4,3242.5,21,2,3242.6,65,1,3242.7,31,1,3242.8,54,2
11536,2025-12-30 09:32:24+05:30,3241.9,6,3247.09,68590,89090.0,102701.0,3250.0,3253.0,3239.8,3251.5,41254150,3576.6,2926.4,4322.95,2866.6,3241.9,3,1,3241.8,4,2,3241.7,13,1,3241.6,33,3,3241.5,343,2,3242.1,195,6,3242.4,15,1,3242.5,38,2,3242.6,65,1,3242.7,6,1
11536,2025-12-30 09:32:24+05:30,3241.9,6,3247.09,68590,88974.0,102577.0,3250.0,3253.0,3239.8,3251.5,41254150,3576.6,2926.4,4322.95,2866.6,3241.9,3,1,3241.8,4,2,3241.7,13,1,3241.6,33,3,3241.5,200,1,3242.0,32,1,3242.1,195,6,3242.4,15,1,3242.5,38,2,3242.6,65,1
11536,2025-12-30 09:32:25+05:30,3242.0,5,3247.09,68590,88974.0,102577.0,3250.0,3253.0,3239.8,3251.5,41254150,3576.6,2926.4,4322.95,2866.6,3241.9,3,1,3241.8,4,2,3241.7,13,1,3241.6,33,3,3241.5,200,1,3242.0,32,1,3242.1,195,6,3242.4,15,1,3242.5,38,2,3242.6,65,1
11536,2025-12-30 09:32:26+05:30,3242.0,5,3247.09,68601,88751.0,100459.0,3250.0,3253.0,3239.8,3251.5,41254150,3576.6,2926.4,4322.95,2866.6,3241.9,9,1,3241.8,4,2,3241.7,13,1,3241.6,25,2,3241.5,200,1,3242.0,43,5,3242.1,180,4,3242.4,15,1,3242.5,38,2,3242.6,65,1
11536,2025-12-30 09:32:26+05:30,3241.9,9,3247.09,68601,88751.0,100459.0,3250.0,3253.0,3239.8,3251.5,41254150,3576.6,2926.4,4322.95,2866.6,3241.9,9,1,3241.8,4,2,3241.7,13,1,3241.6,25,2,3241.5,200,1,3242.0,43,5,3242.1,180,4,3242.4,15,1,3242.5,38,2,3242.6,65,1
11536,2025-12-30 09:32:27+05:30,3241.9,9,3247.09,68612,88115.0,102662.0,3250.0,3253.0,3239.8,3251.5,41254150,3576.6,2926.4,4322.95,2866.6,3241.9,9,1,3241.8,4,2,3241.7,13,1,3241.5,200,1,3241.4,5,1,3242.0,44,6,3242.1,178,2,3242.4,15,1,3242.5,38,2,3242.6,101,2
11536,2025-12-30 09:32:27+05:30,3242.0,1,3247.09,68612,88115.0,102662.0,3250.0,3253.0,3239.8,3251.5,41254150,3576.6,2926.4,4322.95,2866.6,3241.9,9,1,3241.8,4,2,3241.7,13,1,3241.5,200,1,3241.4,5,1,3242.0,44,6,3242.1,178,2,3242.4,15,1,3242.5,38,2,3242.6,101,2
11536,2025-12-30 09:32:28+05:30,3242.0,2,3247.09,68612,88115.0,102662.0,3250.0,3253.0,3239.8,3251.5,41254150,3576.6,2926.4,4322.95,2866.6,3241.9,9,1,3241.8,4,2,3241.7,13,1,3241.5,200,1,3241.4,5,1,3242.0,44,6,3242.1,178,2,3242.4,15,1,3242.5,38,2,3242.6,101,2
11536,2025-12-30 09:32:33+05:30,3242.3,13,3247.05,69082,88697.0,103459.0,3250.0,3253.0,3239.8,3251.5,41254150,3576.6,2926.4,4322.95,2866.6,3241.6,1,1,3241.4,326,5,3241.3,3,1,3241.1,70,4,3241.0,504,10,3242.3,19,1,3242.5,6,1,3242.6,65,1,3242.7,6,1,3242.8,18,1
11536,2025-12-30 09:32:35+05:30,3242.3,1,3247.05,69082,88697.0,103459.0,3250.0,3253.0,3239.8,3251.5,41254150,3576.6,2926.4,4322.95,2866.6,3241.6,1,1,3241.4,326,5,3241.3,3,1,3241.1,70,4,3241.0,504,10,3242.3,19,1,3242.5,6,1,3242.6,65,1,3242.7,6,1,3242.8,18,1
11536,2025-12-30 09:32:39+05:30,3242.3,1,3247.04,69247,88387.0,103428.0,3250.0,3253.0,3239.8,3251.5,41254150,3576.6,2926.4,4322.95,2866.6,3241.6,17,1,3241.5,7,1,3241.4,122,4,3241.3,24,2,3241.2,29,3,3242.3,60,4,3242.5,43,2,3242.6,65,1,3242.7,6,1,3242.8,48,2
11536,2025-12-30 09:32:40+05:30,3241.6,11,3247.04,69247,88387.0,103428.0,3250.0,3253.0,3239.8,3251.5,41254150,3576.6,2926.4,4322.95,2866.6,3241.6,17,1,3241.5,7,1,3241.4,122,4,3241.3,24,2,3241.2,29,3,3242.3,60,4,3242.5,43,2,3242.6,65,1,3242.7,6,1,3242.8,48,2
11536,2025-12-30 09:32:46+05:30,3242.5,1,3247.02,69505,89067.0,103087.0,3250.0,3253.0,3239.8,3251.5,41254150,3576.6,2926.4,4322.95,2866.6,3242.1,2,1,3241.6,88,3,3241.5,65,3,3241.4,70,5,3241.3,93,4,3242.5,5,3,3242.6,65,1,3242.9,7,2,3243.0,61,2,3243.1,166,1
11536,2025-12-30 09:32:46+05:30,3242.5,1,3247.02,69505,89067.0,103087.0,3250.0,3253.0,3239.8,3251.5,41254150,3576.6,2926.4,4322.95,2866.6,3242.1,2,1,3241.6,88,3,3241.5,65,3,3241.4,70,5,3241.3,93,4,3242.5,5,3,3242.6,65,1,3242.9,7,2,3243.0,61,2,3243.1,166,1
11536,2025-12-30 09:32:51+05:30,3242.6,1,3247.02,69505,89067.0,103087.0,3250.0,3253.0,3239.8,3251.5,41254150,3576.6,2926.4,4322.95,2866.6,3242.1,2,1,3241.6,88,3,3241.5,65,3,3241.4,70,5,3241.3,93,4,3242.5,5,3,3242.6,65,1,3242.9,7,2,3243.0,61,2,3243.1,166,1
11536,2025-12-30 09:32:52+05:30,3241.6,3,3247.01,69647,88994.0,100755.0,3250.0,3253.0,3239.8,3251.5,41254150,3576.6,2926.4,4322.95,2866.6,3241.6,36,4,3241.5,53,6,3241.4,305,9,3241.3,163,6,3241.2,281,8,3242.6,64,2,3242.9,7,2,3243.2,28,1,3243.3,102,5,3243.4,54,3
11536,2025-12-30 09:32:56+05:30,3241.8,14,3247.01,69647,88994.0,100755.0,3250.0,3253.0,3239.8,3251.5,41254150,3576.6,2926.4,4322.95,2866.6,3241.6,36,4,3241.5,53,6,3241.4,305,9,3241.3,163,6,3241.2,281,8,3242.6,64,2,3242.9,7,2,3243.2,28,1,3243.3,102,5,3243.4,54,3
11536,2025-12-30 09:32:59+05:30,3242.6,1,3247.0,69802,88681.0,102592.0,3250.0,3253.0,3239.8,3251.5,41254150,3576.6,2926.4,4322.95,2866.6,3241.6,72,7,3241.5,49,3,3241.4,272,8,3241.3,83,5,3241.2,304,8,3242.6,116,6,3242.7,5,1,3243.3,36,1,3243.4,50,3,3243.5,40,1
11536,2025-12-30 09:33:01+05:30,3241.6,10,3247.0,69802,88681.0,102592.0,3250.0,3253.0,3239.8,3251.5,41254150,3576.6,2926.4,4322.95,2866.6,3241.6,72,7,3241.5,49,3,3241.4,272,8,3241.3,83,5,3241.2,304,8,3242.6,116,6,3242.7,5,1,3243.3,36,1,3243.4,50,3,3243.5,40,1
11536,2025-12-30 09:33:06+05:30,3241.2,1,3246.96,70308,86944.0,104402.0,3250.0,3253.0,3239.8,3251.5,41254150,3576.6,2926.4,4322.95,2866.6,3241.2,6,1,3241.1,10,1,3241.0,377,11,3240.9,68,3,3240.8,186,2,3241.5,2,2,3242.1,46,2,3242.2,23,3,3242.3,13,1,3242.4,18,1
11536,2025-12-30 09:33:07+05:30,3241.2,6,3246.96,70308,86944.0,104402.0,3250.0,3253.0,3239.8,3251.5,41254150,3576.6,2926.4,4322.95,2866.6,3241.2,6,1,3241.1,10,1,3241.0,377,11,3240.9,68,3,3240.8,186,2,3241.5,2,2,3242.1,46,2,3242.2,23,3,3242.3,13,1,3242.4,18,1
11536,2025-12-30 09:33:12+05:30,3242.6,1,3246.96,70308,86944.0,104402.0,3250.0,3253.0,3239.8,3251.5,41254150,3576.6,2926.4,4322.95,2866.6,3241.2,6,1,3241.1,10,1,3241.0,377,11,3240.9,68,3,3240.8,186,2,3241.5,2,2,3242.1,46,2,3242.2,23,3,3242.3,13,1,3242.4,18,1
11536,2025-12-30 09:33:13+05:30,3241.3,44,3246.94,70611,87730.0,103214.0,3250.0,3253.0,3239.8,3251.5,41254150,3576.6,2926.4,4322.95,2866.6,3241.3,194,4,3241.2,4,1,3241.1,179,3,3241.0,543,12,3240.9,103,5,3242.6,161,8,3242.7,28,3,3242.8,1,1,3242.9,34,3,3243.0,42,2
11536,2025-12-30 09:33:17+05:30,3241.3,4,3246.94,70611,87730.0,103214.0,3250.0,3253.0,3239.8,3251.5,41254150,3576.6,2926.4,4322.95,2866.6,3241.3,194,4,3241.2,4,1,3241.1,179,3,3241.0,543,12,3240.9,103,5,3242.6,161,8,3242.7,28,3,3242.8,1,1,3242.9,34,3,3243.0,42,2
11536,2025-12-30 09:33:20+05:30,3241.5,2,3246.93,70712,87419.0,104958.0,3250.0,3253.0,3239.8,3251.5,41254150,3576.6,2926.4,4322.95,2866.6,3241.5,18,2,3241.3,161,5,3241.2,12,3,3241.1,13,2,3241.0,417,12,3242.3,48,4,3242.5,48,2,3242.6,119,3,3242.7,39,4,3242.8,1,1
11536,2025-12-30 09:33:22+05:30,3241.5,1,3246.93,70712,87419.0,104958.0,3250.0,3253.0,3239.8,3251.5,41254150,3576.6,2926.4,4322.95,2866.6,3241.5,18,2,3241.3,161,5,3241.2,12,3,3241.1,13,2,3241.0,417,12,3242.3,48,4,3242.5,48,2,3242.6,119,3,3242.7,39,4,3242.8,1,1
11536,2025-12-30 09:33:27+05:30,3242.6,10,3246.92,70838,88861.0,102741.0,3250.0,3253.0,3239.8,3251.5,41254150,3576.6,2926.4,4322.95,2866.6,3241.6,31,2,3241.5,65,6,3241.4,110,3,3241.3,170,7,3241.2,105,7,3242.6,1,1,3242.7,5,1,3242.8,1,1,3242.9,6,1,3243.0,45,3
11536,2025-12-30 09:33:27+05:30,3242.6,10,3246.92,70838,88861.0,102741.0,3250.0,3253.0,3239.8,3251.5,41254150,3576.6,2926.4,4322.95,2866.6,3241.6,31,2,3241.5,65,6,3241.4,110,3,3241.3,170,7,3241.2,105,7,3242.6,1,1,3242.7,5,1,3242.8,1,1,3242.9,6,1,3243.0,45,3
11536,2025-12-30 09:33:32+05:30,3241.8,3,3246.92,70838,88861.0,102741.0,3250.0,3253.0,3239.8,3251.5,41254150,3576.6,2926.4,4322.95,2866.6,3241.6,31,2,3241.5,65,6,3241.4,110,3,3241.3,170,7,3241.2,105,7,3242.6,1,1,3242.7,5,1,3242.8,1,1,3242.9,6,1,3243.0,45,3
11536,2025-12-30 09:33:33+05:30,3241.7,1,3246.92,70880,90043.0,101193.0,3250.0,3253.0,3239.8,3251.5,41254150,3576.6,2926.4,4322.95,2866.6,3241.8,57,4,3241.7,14,1,3241.6,122,8,3241.5,87,8,3241.4,312,6,3242.6,41,2,3242.7,5,1,3243.0,6,1,3243.4,59,3,3243.5,65,2
11536,2025-12-30 09:33:37+05:30,3243.5,38,3246.92,70880,90043.0,101193.0,3250.0,3253.0,3239.8,3251.5,41254150,3576.6,2926.4,4322.95,2866.6,3241.8,57,4,3241.7,14,1,3241.6,122,8,3241.5,87,8,3241.4,312,6,3242.6,41,2,3242.7,5,1,3243.0,6,1,3243.4,59,3,3243.5,65,2
11536,2025-12-30 09:33:40+05:30,3242.2,15,3246.9,71143,90965.0,101201.0,3250.0,3253.0,3239.8,3251.5,41254150,3576.6,2926.4,4322.95,2866.6,3242.1,17,2,3242.0,14,1,3241.9,69,4,3241.8,146,6,3241.7,127,4,3242.6,45,5,3243.5,3,2,3243.6,1,1,3243.7,46,2,3243.8,219,3
11536,2025-12-30 09:33:43+05:30,3241.8,1,3246.9,71143,90965.0,101201.0,3250.0,3253.0,3239.8,3251.5,41254150,3576.6,2926.4,4322.95,2866.6,3242.1,17,2,3242.0,14,1,3241.9,69,4,3241.8,146,6,3241.7,127,4,3242.6,45,5,3243.5,3,2,3243.6,1,1,3243.7,46,2,3243.8,219,3
11536,2025-12-30 09:33:46+05:30,3241.7,17,3246.87,71549,89871.0,101844.0,3250.0,3253.0,3239.8,3251.5,41254150,3576.6,2926.4,4322.95,2866.6,3241.7,32,3,3241.6,102,6,3241.5,37,6,3241.4,89,3,3241.3,224,9,3242.2,29,3,3242.6,40,2,3243.3,64,2,3243.4,213,6,3243.5,41,3
11536,2025-12-30 09:33:50+05:30,3242.2,18,3246.87,71549,89871.0,101844.0,3250.0,3253.0,3239.8,3251.5,41254150,3576.6,2926.4,4322.95,2866.6,3241.7,32,3,3241.6,102,6,3241.5,37,6,3241.4,89,3,3241.3,224,9,3242.2,29,3,3242.6,40,2,3243.3,64,2,3243.4,213,6,3243.5,41,3
11536,2025-12-30 09:33:53+05:30,3241.8,1,3246.86,71801,90102.0,102122.0,3250.0,3253.0,3239.8,3251.5,41254150,3576.6,2926.4,4322.95,2866.6,3241.8,9,3,3241.7,119,5,3241.6,95,6,3241.5,120,9,3241.4,186,3,3242.2,24,5,3243.2,155,1,3243.3,125,4,3243.4,59,3,3243.5,22,4
11536,2025-12-30 09:33:55+05:30,3241.8,1,3246.86,71801,90102.0,102122.0,3250.0,3253.0,3239.8,3251.5,41254150,3576.6,2926.4,4322.95,2866.6,3241.8,9,3,3241.7,119,5,3241.6,95,6,3241.5,120,9,3241.4,186,3,3242.2,24,5,3243.2,155,1,3243.3,125,4,3243.4,59,3,3243.5,22,4
11536,2025-12-30 09:34:00+05:30,3241.8,1,3246.86,71825,90218.0,102224.0,3250.0,3253.0,3239.8,3251.5,41254150,3576.6,2926.4,4322.95,2866.6,3241.8,13,3,3241.7,118,5,3241.6,101,6,3241.5,113,9,3241.4,63,4,3242.2,29,4,3243.3,64,3,3243.4,59,3,3243.5,189,5,3243.6,83,4
11536,2025-12-30 09:34:00+05:30,3241.8,1,3246.86,71825,90218.0,102224.0,3250.0,3253.0,3239.8,3251.5,41254150,3576.6,2926.4,4322.95,2866.6,3241.8,13,3,3241.7,118,5,3241.6,101,6,3241.5,113,9,3241.4,63,4,3242.2,29,4,3243.3,64,3,3243.4,59,3,3243.5,189,5,3243.6,83,4
11536,2025-12-30 09:34:05+05:30,3243.1,1,3246.86,71825,90218.0,102224.0,3250.0,3253.0,3239.8,3251.5,41254150,3576.6,2926.4,4322.95,2866.6,3241.8,13,3,3241.7,118,5,3241.6,101,6,3241.5,113,9,3241.4,63,4,3242.2,29,4,3243.3,64,3,3243.4,59,3,3243.5,189,5,3243.6,83,4
11536,2025-12-30 09:34:07+05:30,3242.0,1,3246.85,71955,91690.0,100958.0,3250.0,3253.0,3239.8,3251.5,41254150,3576.6,2926.4,4322.95,2866.6,3242.2,39,2,3242.1,42,2,3242.0,68,2,3241.9,237,5,3241.8,104,6,3243.4,13,3,3243.5,43,3,3243.7,53,3,3243.8,189,3,3243.9,64,3
11536,2025-12-30 09:34:10+05:30,3242.2,1,3246.85,71955,91690.0,100958.0,3250.0,3253.0,3239.8,3251.5,41254150,3576.6,2926.4,4322.95,2866.6,3242.2,39,2,3242.1,42,2,3242.0,68,2,3241.9,237,5,3241.8,104,6,3243.4,13,3,3243.5,43,3,3243.7,53,3,3243.8,189,3,3243.9,64,3
11536,2025-12-30 09:34:13+05:30,3243.3,10,3246.85,71981,91010.0,101624.0,3250.0,3253.0,3239.8,3251.5,41254150,3576.6,2926.4,4322.95,2866.6,3242.1,11,1,3241.9,8,3,3241.8,193,5,3241.7,167,7,3241.6,277,10,3243.3,63,7,3243.4,77,5,3243.5,22,3,3243.6,61,3,3243.7,30,3
11536,2025-12-30 09:34:15+05:30,3243.0,10,3246.85,71981,91010.0,101624.0,3250.0,3253.0,3239.8,3251.5,41254150,3576.6,2926.4,4322.95,2866.6,3242.1,11,1,3241.9,8,3,3241.8,193,5,3241.7,167,7,3241.6,277,10,3243.3,63,7,3243.4,77,5,3243.5,22,3,3243.6,61,3,3243.7,30,3
11536,2025-12-30 09:34:16+05:30,3243.0,10,3246.85,71981,91010.0,101624.0,3250.0,3253.0,3239.8,3251.5,41254150,3576.6,2926.4,4322.95,2866.6,3242.1,11,1,3241.9,8,3,3241.8,193,5,3241.7,167,7,3241.6,277,10,3243.3,63,7,3243.4,77,5,3243.5,22,3,3243.6,61,3,3243.7,30,3
11536,2025-12-30 09:34:17+05:30,3243.0,10,3246.85,71981,91010.0,101624.0,3250.0,3253.0,3239.8,3251.5,41254150,3576.6,2926.4,4322.95,2866.6,3242.1,11,1,3241.9,8,3,3241.8,193,5,3241.7,167,7,3241.6,277,10,3243.3,63,7,3243.4,77,5,3243.5,22,3,3243.6,61,3,3243.7,30,3
11536,2025-12-30 09:34:18+05:30,3243.0,10,3246.85,71981,91010.0,101624.0,3250.0,3253.0,3239.8,3251.5,41254150,3576.6,2926.4,4322.95,2866.6,3242.1,11,1,3241.9,8,3,3241.8,193,5,3241.7,167,7,3241.6,277,10,3243.3,63,7,3243.4,77,5,3243.5,22,3,3243.6,61,3,3243.7,30,3
11536,2025-12-30 09:34:19+05:30,3243.0,10,3246.85,71981,91010.0,101624.0,3250.0,3253.0,3239.8,3251.5,41254150,3576.6,2926.4,4322.95,2866.6,3242.1,11,1,3241.9,8,3,3241.8,193,5,3241.7,167,7,3241.6,277,10,3243.3,63,7,3243.4,77,5,3243.5,22,3,3243.6,61,3,3243.7,30,3
11536,2025-12-30 09:34:20+05:30,3243.0,10,3246.85,71981,91010.0,101624.0,3250.0,3253.0,3239.8,3251.5,41254150,3576.6,2926.4,4322.95,2866.6,3242.1,11,1,3241.9,8,3,3241.8,193,5,3241.7,167,7,3241.6,277,10,3243.3,63,7,3243.4,77,5,3243.5,22,3,3243.6,61,3,3243.7,30,3
11536,2025-12-30 09:34:20+05:30,3243.0,1,3246.83,72228,90889.0,102183.0,3250.0,3253.0,3239.8,3251.5,41254150,3576.6,2926.4,4322.95,2866.6,3241.9,59,2,3241.8,51,4,3241.7,162,7,3241.6,211,6,3241.5,40,6,3243.1,41,5,3243.2,154,1,3243.3,94,4,3243.4,43,2,3243.5,39,5
11536,2025-12-30 09:34:20+05:30,3243.0,1,3246.83,72228,90889.0,102183.0,3250.0,3253.0,3239.8,3251.5,41254150,3576.6,2926.4,4322.95,2866.6,3241.9,59,2,3241.8,51,4,3241.7,162,7,3241.6,211,6,3241.5,40,6,3243.1,41,5,3243.2,154,1,3243.3,94,4,3243.4,43,2,3243.5,39,5
11536,2025-12-30 09:34:21+05:30,3243.0,1,3246.83,72228,90889.0,102183.0,3250.0,3253.0,3239.8,3251.5,41254150,3576.6,2926.4,4322.95,2866.6,3241.9,59,2,3241.8,51,4,3241.7,162,7,3241.6,211,6,3241.5,40,6,3243.1,41,5,3243.2,154,1,3243.3,94,4,3243.4,43,2,3243.5,39,5
11536,2025-12-30 09:34:22+05:30,3243.0,1,3246.83,72228,90889.0,102183.0,3250.0,3253.0,3239.8,3251.5,41254150,3576.6,2926.4,4322.95,2866.6,3241.9,59,2,3241.8,51,4,3241.7,162,7,3241.6,211,6,3241.5,40,6,3243.1,41,5,3243.2,154,1,3243.3,94,4,3243.4,43,2,3243.5,39,5
11536,2025-12-30 09:34:23+05:30,3243.0,1,3246.83,72228,90889.0,102183.0,3250.0,3253.0,3239.8,3251.5,41254150,3576.6,2926.4,4322.95,2866.6,3241.9,59,2,3241.8,51,4,3241.7,162,7,3241.6,211,6,3241.5,40,6,3243.1,41,5,3243.2,154,1,3243.3,94,4,3243.4,43,2,3243.5,39,5
11536,2025-12-30 09:34:24+05:30,3243.0,1,3246.83,72228,90889.0,102183.0,3250.0,3253.0,3239.8,3251.5,41254150,3576.6,2926.4,4322.95,2866.6,3241.9,59,2,3241.8,51,4,3241.7,162,7,3241.6,211,6,3241.5,40,6,3243.1,41,5,3243.2,154,1,3243.3,94,4,3243.4,43,2,3243.5,39,5
11536,2025-12-30 09:34:25+05:30,3243.0,1,3246.83,72228,90889.0,102183.0,3250.0,3253.0,3239.8,3251.5,41254150,3576.6,2926.4,4322.95,2866.6,3241.9,59,2,3241.8,51,4,3241.7,162,7,3241.6,211,6,3241.5,40,6,3243.1,41,5,3243.2,154,1,3243.3,94,4,3243.4,43,2,3243.5,39,5
11536,2025-12-30 09:34:25+05:30,3243.1,1,3246.83,72228,90889.0,102183.0,3250.0,3253.0,3239.8,3251.5,41254150,3576.6,2926.4,4322.95,2866.6,3241.9,59,2,3241.8,51,4,3241.7,162,7,3241.6,211,6,3241.5,40,6,3243.1,41,5,3243.2,154,1,3243.3,94,4,3243.4,43,2,3243.5,39,5
11536,2025-12-30 09:34:27+05:30,3243.1,1,3246.83,72228,90889.0,102183.0,3250.0,3253.0,3239.8,3251.5,41254150,3576.6,2926.4,4322.95,2866.6,3241.9,59,2,3241.8,51,4,3241.7,162,7,3241.6,211,6,3241.5,40,6,3243.1,41,5,3243.2,154,1,3243.3,94,4,3243.4,43,2,3243.5,39,5
11536,2025-12-30 09:34:27+05:30,3242.9,5,3246.83,72269,93176.0,98967.0,3250.0,3253.0,3239.8,3251.5,41254150,3576.6,2926.4,4322.95,2866.6,3242.5,35,1,3242.4,50,3,3242.3,18,1,3242.2,248,4,3242.1,204,9,3243.1,62,8,3243.3,10,1,3243.4,9,1,3243.5,2,1,3243.8,3,1
11536,2025-12-30 09:34:28+05:30,3242.9,5,3246.83,72269,93176.0,98967.0,3250.0,3253.0,3239.8,3251.5,41254150,3576.6,2926.4,4322.95,2866.6,3242.5,35,1,3242.4,50,3,3242.3,18,1,3242.2,248,4,3242.1,204,9,3243.1,62,8,3243.3,10,1,3243.4,9,1,3243.5,2,1,3243.8,3,1
11536,2025-12-30 09:34:30+05:30,3242.9,5,3246.83,72269,93176.0,98967.0,3250.0,3253.0,3239.8,3251.5,41254150,3576.6,2926.4,4322.95,2866.6,3242.5,35,1,3242.4,50,3,3242.3,18,1,3242.2,248,4,3242.1,204,9,3243.1,62,8,3243.3,10,1,3243.4,9,1,3243.5,2,1,3243.8,3,1
11536,2025-12-30 09:34:30+05:30,3242.5,2,3246.83,72269,93176.0,98967.0,3250.0,3253.0,3239.8,3251.5,41254150,3576.6,2926.4,4322.95,2866.6,3242.5,35,1,3242.4,50,3,3242.3,18,1,3242.2,248,4,3242.1,204,9,3243.1,62,8,3243.3,10,1,3243.4,9,1,3243.5,2,1,3243.8,3,1
11536,2025-12-30 09:34:31+05:30,3242.5,2,3246.83,72269,93176.0,98967.0,3250.0,3253.0,3239.8,3251.5,41254150,3576.6,2926.4,4322.95,2866.6,3242.5,35,1,3242.4,50,3,3242.3,18,1,3242.2,248,4,3242.1,204,9,3243.1,62,8,3243.3,10,1,3243.4,9,1,3243.5,2,1,3243.8,3,1
11536,2025-12-30 09:34:33+05:30,3242.5,2,3246.83,72269,93176.0,98967.0,3250.0,3253.0,3239.8,3251.5,41263250,3576.6,2926.4,4322.95,2866.6,3242.5,35,1,3242.4,50,3,3242.3,18,1,3242.2,248,4,3242.1,204,9,3243.1,62,8,3243.3,10,1,3243.4,9,1,3243.5,2,1,3243.8,3,1
11536,2025-12-30 09:34:34+05:30,3244.5,29,3246.82,72471,95002.0,97266.0,3250.0,3253.0,3239.8,3251.5,41263250,3576.6,2926.4,4322.95,2866.6,3243.0,60,2,3242.9,40,3,3242.8,46,2,3242.7,233,3,3242.6,296,9,3244.4,61,4,3244.5,44,2,3244.6,9,1,3244.7,26,2,3244.8,56,3
11536,2025-12-30 09:34:35+05:30,3244.5,29,3246.82,72471,95002.0,97266.0,3250.0,3253.0,3239.8,3251.5,41263250,3576.6,2926.4,4322.95,2866.6,3243.0,60,2,3242.9,40,3,3242.8,46,2,3242.7,233,3,3242.6,296,9,3244.4,61,4,3244.5,44,2,3244.6,9,1,3244.7,26,2,3244.8,56,3
11536,2025-12-30 09:34:35+05:30,3244.4,1,3246.82,72471,95002.0,97266.0,3250.0,3253.0,3239.8,3251.5,41263250,3576.6,2926.4,4322.95,2866.6,3243.0,60,2,3242.9,40,3,3242.8,46,2,3242.7,233,3,3242.6,296,9,3244.4,61,4,3244.5,44,2,3244.6,9,1,3244.7,26,2,3244.8,56,3
11536,2025-12-30 09:34:40+05:30,3244.3,13,3246.82,72471,95002.0,97266.0,3250.0,3253.0,3239.8,3251.5,41263250,3576.6,2926.4,4322.95,2866.6,3243.0,60,2,3242.9,40,3,3242.8,46,2,3242.7,233,3,3242.6,296,9,3244.4,61,4,3244.5,44,2,3244.6,9,1,3244.7,26,2,3244.8,56,3
11536,2025-12-30 09:34:40+05:30,3244.3,13,3246.82,72519,95378.0,96551.0,3250.0,3253.0,3239.8,3251.5,41263250,3576.6,2926.4,4322.95,2866.6,3243.5,5,1,3243.3,26,2,3243.2,20,1,3243.1,62,2,3243.0,146,6,3244.3,1,1,3244.4,49,1,3244.5,30,1,3244.6,36,2,3244.7,59,3
11536,2025-12-30 09:34:45+05:30,3244.3,1,3246.82,72519,95378.0,96551.0,3250.0,3253.0,3239.8,3251.5,41263250,3576.6,2926.4,4322.95,2866.6,3243.5,5,1,3243.3,26,2,3243.2,20,1,3243.1,62,2,3243.0,146,6,3244.3,1,1,3244.4,49,1,3244.5,30,1,3244.6,36,2,3244.7,59,3
11536,2025-12-30 09:34:47+05:30,3244.3,5,3246.82,72538,95341.0,98060.0,3250.0,3253.0,3239.8,3251.5,41263250,3576.6,2926.4,4322.95,2866.6,3243.5,46,1,3243.3,3,1,3243.2,30,2,3243.1,84,3,3243.0,109,6,3244.3,3,2,3244.5,30,1,3244.6,10,1,3244.7,25,2,3244.8,29,3
11536,2025-12-30 09:34:50+05:30,3243.5,9,3246.82,72538,95341.0,98060.0,3250.0,3253.0,3239.8,3251.5,41263250,3576.6,2926.4,4322.95,2866.6,3243.5,46,1,3243.3,3,1,3243.2,30,2,3243.1,84,3,3243.0,109,6,3244.3,3,2,3244.5,30,1,3244.6,10,1,3244.7,25,2,3244.8,29,3
11536,2025-12-30 09:34:54+05:30,3244.3,1,3246.81,72608,94998.0,98230.0,3250.0,3253.0,3239.8,3251.5,41263250,3576.6,2926.4,4322.95,2866.6,3243.5,36,1,3243.4,13,1,3243.3,3,1,3243.1,198,3,3243.0,89,6,3244.4,35,4,3244.5,91,4,3244.6,54,3,3244.7,54,4,3244.8,27,4
11536,2025-12-30 09:34:55+05:30,3244.4,1,3246.81,72608,94998.0,98230.0,3250.0,3253.0,3239.8,3251.5,41263250,3576.6,2926.4,4322.95,2866.6,3243.5,36,1,3243.4,13,1,3243.3,3,1,3243.1,198,3,3243.0,89,6,3244.4,35,4,3244.5,91,4,3244.6,54,3,3244.7,54,4,3244.8,27,4
11536,2025-12-30 09:34:59+05:30,3244.5,64,3246.81,72608,94998.0,98230.0,3250.0,3253.0,3239.8,3251.5,41263250,3576.6,2926.4,4322.95,2866.6,3243.5,36,1,3243.4,13,1,3243.3,3,1,3243.1,198,3,3243.0,89,6,3244.4,35,4,3244.5,91,4,3244.6,54,3,3244.7,54,4,3244.8,27,4
11536,2025-12-30 09:35:01+05:30,3243.8,1,3246.81,72751,95117.0,95812.0,3250.0,3253.0,3239.8,3251.5,41263250,3576.6,2926.4,4322.95,2866.6,3243.8,49,3,3243.6,24,3,3243.5,41,3,3243.4,205,4,3243.3,118,6,3244.5,62,3,3244.8,10,1,3244.9,6,1,3245.0,104,23,3245.1,1,1
11536,2025-12-30 09:35:03+05:30,3243.8,20,3246.81,72751,95117.0,95812.0,3250.0,3253.0,3239.8,3251.5,41263250,3576.6,2926.4,4322.95,2866.6,3243.8,49,3,3243.6,24,3,3243.5,41,3,3243.4,205,4,3243.3,118,6,3244.5,62,3,3244.8,10,1,3244.9,6,1,3245.0,104,23,3245.1,1,1
11536,2025-12-30 09:35:08+05:30,3243.8,1,3246.8,72889,94347.0,96509.0,3250.0,3253.0,3239.8,3251.5,41263250,3576.6,2926.4,4322.95,2866.6,3243.8,47,2,3243.5,159,3,3243.4,13,1,3243.3,85,3,3243.2,66,3,3244.5,84,6,3244.6,6,1,3244.7,1,1,3244.9,173,3,3245.0,138,24
11536,2025-12-30 09:35:08+05:30,3243.8,1,3246.8,72889,94347.0,96509.0,3250.0,3253.0,3239.8,3251.5,41263250,3576.6,2926.4,4322.95,2866.6,3243.8,47,2,3243.5,159,3,3243.4,13,1,3243.3,85,3,3243.2,66,3,3244.5,84,6,3244.6,6,1,3244.7,1,1,3244.9,173,3,3245.0,138,24
11536,2025-12-30 09:35:13+05:30,3244.4,6,3246.8,72889,94347.0,96509.0,3250.0,3253.0,3239.8,3251.5,41263250,3576.6,2926.4,4322.95,2866.6,3243.8,47,2,3243.5,159,3,3243.4,13,1,3243.3,85,3,3243.2,66,3,3244.5,84,6,3244.6,6,1,3244.7,1,1,3244.9,173,3,3245.0,138,24
11536,2025-12-30 09:35:15+05:30,3243.7,2,3246.8,73068,93856.0,94731.0,3250.0,3253.0,3239.8,3251.5,41263250,3576.6,2926.4,4322.95,2866.6,3243.5,99,1,3243.4,13,1,3243.3,3,1,3243.2,104,6,3243.1,54,5,3243.9,1,1,3244.3,1,1,3244.4,1,1,3244.5,94,3,3244.7,18,1
11536,2025-12-30 09:35:18+05:30,3243.5,1,3246.8,73068,93856.0,94731.0,3250.0,3253.0,3239.8,3251.5,41263250,3576.6,2926.4,4322.95,2866.6,3243.5,99,1,3243.4,13,1,3243.3,3,1,3243.2,104,6,3243.1,54,5,3243.9,1,1,3244.3,1,1,3244.4,1,1,3244.5,94,3,3244.7,18,1
11536,2025-12-30 09:35:23+05:30,3244.3,1,3246.8,73075,92754.0,97461.0,3250.0,3253.0,3239.8,3251.5,41263250,3576.6,2926.4,4322.95,2866.6,3243.7,11,2,3243.5,107,2,3243.4,3,1,3243.3,57,3,3243.2,42,2,3244.4,52,2,3244.5,98,4,3244.6,8,1,3244.8,18,1,3244.9,21,2
11536,2025-12-30 09:35:23+05:30,3244.3,1,3246.8,73075,92754.0,97461.0,3250.0,3253.0,3239.8,3251.5,41263250,3576.6,2926.4,4322.95,2866.6,3243.7,11,2,3243.5,107,2,3243.4,3,1,3243.3,57,3,3243.2,42,2,3244.4,52,2,3244.5,98,4,3244.6,8,1,3244.8,18,1,3244.9,21,2
11536,2025-12-30 09:35:28+05:30,3244.0,2,3246.8,73080,94638.0,97037.0,3250.0,3253.0,3239.8,3251.5,41263250,3576.6,2926.4,4322.95,2866.6,3244.0,52,2,3243.8,115,4,3243.7,18,3,3243.6,18,1,3243.5,125,3,3244.3,5,2,3244.4,105,3,3244.5,32,2,3244.6,4,1,3244.8,8,1
11536,2025-12-30 09:35:28+05:30,3244.3,1,3246.8,73080,94638.0,97037.0,3250.0,3253.0,3239.8,3251.5,41263250,3576.6,2926.4,4322.95,2866.6,3244.0,52,2,3243.8,115,4,3243.7,18,3,3243.6,18,1,3243.5,125,3,3244.3,5,2,3244.4,105,3,3244.5,32,2,3244.6,4,1,3244.8,8,1
11536,2025-12-30 09:35:29+05:30,3244.3,1,3246.8,73085,94834.0,96835.0,3250.0,3253.0,3239.8,3251.5,41263250,3576.6,2926.4,4322.95,2866.6,3244.0,52,2,3243.8,115,4,3243.7,27,4,3243.6,28,2,3243.5,159,4,3244.4,106,4,3244.5,32,2,3244.6,4,1,3244.9,9,2,3245.0,116,24
11536,2025-12-30 09:35:30+05:30,3244.3,1,3246.8,73085,95214.0,96419.0,3250.0,3253.0,3239.8,3251.5,41263250,3576.6,2926.4,4322.95,2866.6,3244.0,118,5,3243.8,106,3,3243.7,16,3,3243.6,26,2,3243.5,186,5,3244.4,106,4,3244.5,32,2,3244.6,4,1,3245.0,116,24,3245.1,3,1
11536,2025-12-30 09:35:31+05:30,3244.3,1,3246.8,73085,95207.0,96418.0,3250.0,3253.0,3239.8,3251.5,41263250,3576.6,2926.4,4322.95,2866.6,3244.0,105,4,3243.9,13,1,3243.8,134,5,3243.7,16,3,3243.6,40,3,3244.4,106,4,3244.5,30,1,3244.9,4,1,3245.0,117,24,3245.1,3,1
11536,2025-12-30 09:35:31+05:30,3244.0,11,3246.8,73085,95207.0,96418.0,3250.0,3253.0,3239.8,3251.5,41263250,3576.6,2926.4,4322.95,2866.6,3244.0,105,4,3243.9,13,1,3243.8,134,5,3243.7,16,3,3243.6,40,3,3244.4,106,4,3244.5,30,1,3244.9,4,1,3245.0,117,24,3245.1,3,1
11536,2025-12-30 09:35:32+05:30,3244.4,10,3246.8,73107,95465.0,96642.0,3250.0,3253.0,3239.8,3251.5,41263250,3576.6,2926.4,4322.95,2866.6,3244.0,93,4,3243.9,5,1,3243.8,130,5,3243.7,19,2,3243.6,33,3,3244.4,99,5,3244.5,30,1,3245.0,111,23,3245.1,3,1,3245.2,9,2
11536,2025-12-30 09:35:32+05:30,3244.4,10,3246.8,73107,95465.0,96642.0,3250.0,3253.0,3239.8,3251.5,41263250,3576.6,2926.4,4322.95,2866.6,3244.0,93,4,3243.9,5,1,3243.8,130,5,3243.7,19,2,3243.6,33,3,3244.4,99,5,3244.5,30,1,3245.0,111,23,3245.1,3,1,3245.2,9,2
11536,2025-12-30 09:35:33+05:30,3244.4,10,3246.8,73107,95465.0,96648.0,3250.0,3253.0,3239.8,3251.5,41263250,3576.6,2926.4,4322.95,2866.6,3244.0,94,5,3243.9,5,1,3243.8,130,5,3243.7,19,2,3243.6,33,3,3244.4,100,6,3244.5,32,2,3244.7,4,1,3245.0,111,23,3245.1,8,2
11536,2025-12-30 09:35:34+05:30,3244.4,10,3246.8,73107,95466.0,96610.0,3250.0,3253.0,3239.8,3251.5,41263250,3576.6,2926.4,4322.95,2866.6,3244.0,103,5,3243.8,123,5,3243.7,19,2,3243.6,23,2,3243.5,159,4,3244.4,100,6,3244.5,30,1,3245.0,111,23,3245.1,3,1,3245.2,3,1
11536,2025-12-30 09:35:34+05:30,3244.4,1,3246.8,73107,95466.0,96610.0,3250.0,3253.0,3239.8,3251.5,41263250,3576.6,2926.4,4322.95,2866.6,3244.0,103,5,3243.8,123,5,3243.7,19,2,3243.6,23,2,3243.5,159,4,3244.4,100,6,3244.5,30,1,3245.0,111,23,3245.1,3,1,3245.2,3,1
11536,2025-12-30 09:35:35+05:30,3244.3,2,3246.8,73113,96125.0,96335.0,3250.0,3253.0,3239.8,3251.5,41263250,3576.6,2926.4,4322.95,2866.6,3244.3,201,2,3244.0,109,6,3243.8,115,4,3243.7,53,3,3243.6,33,3,3244.4,97,5,3244.5,32,2,3244.7,4,1,3245.0,111,23,3245.1,28,2
11536,2025-12-30 09:35:35+05:30,3244.3,2,3246.8,73113,96125.0,96335.0,3250.0,3253.0,3239.8,3251.5,41263250,3576.6,2926.4,4322.95,2866.6,3244.3,201,2,3244.0,109,6,3243.8,115,4,3243.7,53,3,3243.6,33,3,3244.4,97,5,3244.5,32,2,3244.7,4,1,3245.0,111,23,3245.1,28,2
11536,2025-12-30 09:35:36+05:30,3244.3,2,3246.8,73113,96481.0,96000.0,3250.0,3253.0,3239.8,3251.5,41263250,3576.6,2926.4,4322.95,2866.6,3244.3,201,2,3244.0,93,5,3243.9,5,1,3243.8,131,5,3243.7,53,3,3244.4,98,6,3244.5,40,2,3245.0,111,23,3245.1,37,4,3245.2,3,1
11536,2025-12-30 09:35:36+05:30,3244.3,34,3246.8,73113,96481.0,96000.0,3250.0,3253.0,3239.8,3251.5,41263250,3576.6,2926.4,4322.95,2866.6,3244.3,201,2,3244.0,93,5,3243.9,5,1,3243.8,131,5,3243.7,53,3,3244.4,98,6,3244.5,40,2,3245.0,111,23,3245.1,37,4,3245.2,3,1
11536,2025-12-30 09:35:37+05:30,3244.4,1,3246.79,73148,96379.0,95964.0,3250.0,3253.0,3239.8,3251.5,41263250,3576.6,2926.4,4322.95,2866.6,3244.3,220,3,3244.1,21,2,3244.0,104,5,3243.9,5,1,3243.8,165,6,3244.4,99,8,3244.5,40,2,3245.0,111,23,3245.3,3,1,3245.4,33,2
11536,2025-12-30 09:35:37+05:30,3244.4,1,3246.79,73148,96379.0,95964.0,3250.0,3253.0,3239.8,3251.5,41263250,3576.6,2926.4,4322.95,2866.6,3244.3,220,3,3244.1,21,2,3244.0,104,5,3243.9,5,1,3243.8,165,6,3244.4,99,8,3244.5,40,2,3245.0,111,23,3245.3,3,1,3245.4,33,2
11536,2025-12-30 09:35:38+05:30,3244.3,1,3246.79,73245,96437.0,95854.0,3250.0,3253.0,3239.8,3251.5,41263250,3576.6,2926.4,4322.95,2866.6,3244.3,223,4,3244.2,8,1,3244.1,4,1,3244.0,96,5,3243.9,31,3,3244.4,3,3,3244.5,40,2,3245.0,111,23,3245.3,3,1,3245.4,30,1
11536,2025-12-30 09:35:38+05:30,3244.3,1,3246.79,73245,96437.0,95854.0,3250.0,3253.0,3239.8,3251.5,41263250,3576.6,2926.4,4322.95,2866.6,3244.3,223,4,3244.2,8,1,3244.1,4,1,3244.0,96,5,3243.9,31,3,3244.4,3,3,3244.5,40,2,3245.0,111,23,3245.3,3,1,3245.4,30,1
11536,2025-12-30 09:35:39+05:30,3244.4,1,3246.79,73247,96449.0,95745.0,3250.0,3253.0,3239.8,3251.5,41263250,3576.6,2926.4,4322.95,2866.6,3244.3,223,4,3244.2,8,1,3244.0,86,4,3243.9,31,3,3243.8,178,6,3244.4,4,3,3244.5,40,2,3245.0,111,23,3245.3,3,1,3245.4,30,1
11536,2025-12-30 09:35:39+05:30,3244.4,1,3246.79,73247,96449.0,95745.0,3250.0,3253.0,3239.8,3251.5,41263250,3576.6,2926.4,4322.95,2866.6,3244.3,223,4,3244.2,8,1,3244.0,86,4,3243.9,31,3,3243.8,178,6,3244.4,4,3,3244.5,40,2,3245.0,111,23,3245.3,3,1,3245.4,30,1
11536,2025-12-30 09:35:40+05:30,3244.3,1,3246.79,73263,96411.0,94211.0,3250.0,3253.0,3239.8,3251.5,41263250,3576.6,2926.4,4322.95,2866.6,3244.3,237,7,3244.2,3,1,3244.1,18,1,3244.0,141,7,3243.9,31,3,3244.4,3,2,3244.5,40,2,3245.0,111,23,3245.5,19,2,3245.6,15,1
11536,2025-12-30 09:35:40+05:30,3244.3,1,3246.79,73263,96411.0,94211.0,3250.0,3253.0,3239.8,3251.5,41263250,3576.6,2926.4,4322.95,2866.6,3244.3,237,7,3244.2,3,1,3244.1,18,1,3244.0,141,7,3243.9,31,3,3244.4,3,2,3244.5,40,2,3245.0,111,23,3245.5,19,2,3245.6,15,1
11536,2025-12-30 09:35:41+05:30,3244.3,10,3246.79,73273,96275.0,94530.0,3250.0,3253.0,3239.8,3251.5,41263250,3576.6,2926.4,4322.95,2866.6,3244.3,222,6,3244.2,8,2,3244.1,18,1,3244.0,141,7,3243.9,31,3,3244.4,1,1,3244.5,40,2,3245.0,111,23,3245.5,19,2,3245.6,15,1
11536,2025-12-30 09:35:41+05:30,3244.4,1,3246.79,73273,96275.0,94530.0,3250.0,3253.0,3239.8,3251.5,41263250,3576.6,2926.4,4322.95,2866.6,3244.3,222,6,3244.2,8,2,3244.1,18,1,3244.0,141,7,3243.9,31,3,3244.4,1,1,3244.5,40,2,3245.0,111,23,3245.5,19,2,3245.6,15,1
11536,2025-12-30 09:35:42+05:30,3244.4,1,3246.79,73274,96718.0,94156.0,3250.0,3253.0,3239.8,3251.5,41263250,3576.6,2926.4,4322.95,2866.6,3244.3,215,5,3244.2,13,2,3244.1,22,2,3244.0,140,6,3243.9,31,3,3244.4,2,2,3244.5,40,2,3245.0,111,23,3245.5,19,2,3245.6,15,1
11536,2025-12-30 09:35:43+05:30,3245.5,10,3246.79,73274,96718.0,94156.0,3250.0,3253.0,3239.8,3251.5,41263250,3576.6,2926.4,4322.95,2866.6,3244.3,215,5,3244.2,13,2,3244.1,22,2,3244.0,140,6,3243.9,31,3,3244.4,2,2,3244.5,40,2,3245.0,111,23,3245.5,19,2,3245.6,15,1
11536,2025-12-30 09:35:43+05:30,3245.5,10,3246.77,74064,96409.0,87897.0,3250.0,3253.0,3239.8,3251.5,41263250,3576.6,2926.4,4322.95,2866.6,3245.2,100,1,3245.1,43,4,3245.0,18,1,3244.9,53,3,3244.8,93,9,3246.0,34,2,3246.5,24,1,3246.6,9,1,3246.9,320,2,3247.0,35,1
11536,2025-12-30 09:35:44+05:30,3245.5,10,3246.77,74064,97197.0,88446.0,3250.0,3253.0,3239.8,3251.5,41263250,3576.6,2926.4,4322.95,2866.6,3245.2,120,3,3245.1,33,3,3245.0,82,3,3244.9,55,4,3244.8,357,15,3246.0,46,3,3246.5,24,1,3246.6,9,1,3246.9,61,2,3247.0,38,2
11536,2025-12-30 09:35:45+05:30,3244.8,37,3246.77,74064,97197.0,88446.0,3250.0,3253.0,3239.8,3251.5,41263250,3576.6,2926.4,4322.95,2866.6,3245.2,120,3,3245.1,33,3,3245.0,82,3,3244.9,55,4,3244.8,357,15,3246.0,46,3,3246.5,24,1,3246.6,9,1,3246.9,61,2,3247.0,38,2
11536,2025-12-30 09:35:45+05:30,3244.8,37,3246.76,74530,92387.0,94053.0,3250.0,3253.0,3239.8,3251.5,41263250,3576.6,2926.4,4322.95,2866.6,3244.3,203,4,3244.2,130,2,3244.1,2,1,3244.0,345,10,3243.8,403,10,3245.3,39,3,3245.4,21,2,3245.5,12,1,3245.6,18,1,3245.7,28,2
11536,2025-12-30 09:35:46+05:30,3244.2,23,3246.76,74530,92387.0,94053.0,3250.0,3253.0,3239.8,3251.5,41263250,3576.6,2926.4,4322.95,2866.6,3244.3,203,4,3244.2,130,2,3244.1,2,1,3244.0,345,10,3243.8,403,10,3245.3,39,3,3245.4,21,2,3245.5,12,1,3245.6,18,1,3245.7,28,2
11536,2025-12-30 09:35:46+05:30,3244.2,77,3246.75,74910,90786.0,94949.0,3250.0,3253.0,3239.8,3251.5,41263250,3576.6,2926.4,4322.95,2866.6,3244.1,2,1,3244.0,86,4,3243.9,8,1,3243.8,26,3,3243.7,3,2,3244.2,18,2,3244.8,30,2,3244.9,5,1,3245.2,79,2,3245.3,21,3
11536,2025-12-30 09:35:47+05:30,3244.2,77,3246.75,74910,90786.0,94949.0,3250.0,3253.0,3239.8,3251.5,41263250,3576.6,2926.4,4322.95,2866.6,3244.1,2,1,3244.0,86,4,3243.9,8,1,3243.8,26,3,3243.7,3,2,3244.2,18,2,3244.8,30,2,3244.9,5,1,3245.2,79,2,3245.3,21,3
11536,2025-12-30 09:35:48+05:30,3244.2,77,3246.75,74910,90896.0,94813.0,3250.0,3253.0,3239.8,3251.5,41263250,3576.6,2926.4,4322.95,2866.6,3244.1,2,1,3244.0,99,5,3243.9,12,2,3243.8,26,3,3243.7,3,2,3244.2,18,2,3244.8,30,2,3244.9,5,1,3245.0,9,2,3245.2,113,3
11536,2025-12-30 09:35:48+05:30,3244.2,1,3246.75,74910,90896.0,94813.0,3250.0,3253.0,3239.8,3251.5,41263250,3576.6,2926.4,4322.95,2866.6,3244.1,2,1,3244.0,99,5,3243.9,12,2,3243.8,26,3,3243.7,3,2,3244.2,18,2,3244.8,30,2,3244.9,5,1,3245.0,9,2,3245.2,113,3
11536,2025-12-30 09:35:49+05:30,3244.2,1,3246.75,74926,90879.0,93745.0,3250.0,3253.0,3239.8,3251.5,41263250,3576.6,2926.4,4322.95,2866.6,3244.1,2,1,3244.0,86,4,3243.9,4,1,3243.8,26,3,3243.7,3,2,3244.2,18,3,3244.8,30,2,3244.9,5,1,3245.0,9,2,3245.2,113,3
11536,2025-12-30 09:35:49+05:30,3244.0,13,3246.75,74926,90879.0,93745.0,3250.0,3253.0,3239.8,3251.5,41263250,3576.6,2926.4,4322.95,2866.6,3244.1,2,1,3244.0,86,4,3243.9,4,1,3243.8,26,3,3243.7,3,2,3244.2,18,3,3244.8,30,2,3244.9,5,1,3245.0,9,2,3245.2,113,3
11536,2025-12-30 09:35:50+05:30,3244.0,9,3246.74,75054,90113.0,95672.0,3250.0,3253.0,3239.8,3251.5,41263250,3576.6,2926.4,4322.95,2866.6,3244.0,2,1,3243.9,4,1,3243.8,26,3,3243.7,3,2,3243.6,11,2,3244.2,16,3,3244.8,30,2,3244.9,5,1,3245.0,9,2,3245.2,126,4
11536,2025-12-30 09:35:50+05:30,3244.0,1,3246.74,75054,90113.0,95672.0,3250.0,3253.0,3239.8,3251.5,41263250,3576.6,2926.4,4322.95,2866.6,3244.0,2,1,3243.9,4,1,3243.8,26,3,3243.7,3,2,3243.6,11,2,3244.2,16,3,3244.8,30,2,3244.9,5,1,3245.0,9,2,3245.2,126,4
11536,2025-12-30 09:35:51+05:30,3244.0,1,3246.74,75055,90301.0,95078.0,3250.0,3253.0,3239.8,3251.5,41263250,3576.6,2926.4,4322.95,2866.6,3244.0,1,1,3243.9,12,2,3243.8,26,3,3243.7,3,2,3243.6,11,2,3244.2,18,4,3244.8,30,2,3244.9,5,1,3245.0,9,2,3245.2,126,4
11536,2025-12-30 09:35:51+05:30,3243.9,1,3246.74,75055,90301.0,95078.0,3250.0,3253.0,3239.8,3251.5,41263250,3576.6,2926.4,4322.95,2866.6,3244.0,1,1,3243.9,12,2,3243.8,26,3,3243.7,3,2,3243.6,11,2,3244.2,18,4,3244.8,30,2,3244.9,5,1,3245.0,9,2,3245.2,126,4
11536,2025-12-30 09:35:52+05:30,3243.9,1,3246.74,75057,89880.0,94309.0,3250.0,3253.0,3239.8,3251.5,41263250,3576.6,2926.4,4322.95,2866.6,3243.9,3,1,3243.8,26,3,3243.7,3,2,3243.6,11,2,3243.5,107,2,3244.2,17,3,3244.8,30,2,3244.9,5,1,3245.0,9,2,3245.2,127,5
11536,2025-12-30 09:35:52+05:30,3243.9,9,3246.74,75057,89880.0,94309.0,3250.0,3253.0,3239.8,3251.5,41263250,3576.6,2926.4,4322.95,2866.6,3243.9,3,1,3243.8,26,3,3243.7,3,2,3243.6,11,2,3243.5,107,2,3244.2,17,3,3244.8,30,2,3244.9,5,1,3245.0,9,2,3245.2,127,5
11536,2025-12-30 09:35:53+05:30,3243.9,11,3246.74,75077,89964.0,95566.0,3250.0,3253.0,3239.8,3251.5,41263250,3576.6,2926.4,4322.95,2866.6,3243.9,4,1,3243.8,26,3,3243.7,3,2,3243.6,11,2,3243.5,107,2,3244.2,15,2,3244.8,25,1,3244.9,1,1,3245.0,43,3,3245.2,126,4
11536,2025-12-30 09:35:53+05:30,3243.9,11,3246.74,75077,89964.0,95566.0,3250.0,3253.0,3239.8,3251.5,41263250,3576.6,2926.4,4322.95,2866.6,3243.9,4,1,3243.8,26,3,3243.7,3,2,3243.6,11,2,3243.5,107,2,3244.2,15,2,3244.8,25,1,3244.9,1,1,3245.0,43,3,3245.2,126,4
11536,2025-12-30 09:35:54+05:30,3243.9,11,3246.74,75077,90010.0,94174.0,3250.0,3253.0,3239.8,3251.5,41263250,3576.6,2926.4,4322.95,2866.6,3243.9,4,1,3243.8,34,4,3243.7,3,2,3243.6,12,2,3243.5,107,2,3244.2,15,2,3244.9,1,1,3245.0,56,4,3245.2,113,3,3245.3,1,1
11536,2025-12-30 09:35:55+05:30,3244.2,1,3246.74,75078,89686.0,94933.0,3250.0,3253.0,3239.8,3251.5,41263250,3576.6,2926.4,4322.95,2866.6,3243.9,4,1,3243.8,64,5,3243.7,3,2,3243.6,24,3,3243.5,107,2,3244.2,17,3,3244.9,1,1,3245.0,9,2,3245.2,113,3,3245.3,1,1
11536,2025-12-30 09:35:55+05:30,3244.2,1,3246.74,75078,89686.0,94933.0,3250.0,3253.0,3239.8,3251.5,41263250,3576.6,2926.4,4322.95,2866.6,3243.9,4,1,3243.8,64,5,3243.7,3,2,3243.6,24,3,3243.5,107,2,3244.2,17,3,3244.9,1,1,3245.0,9,2,3245.2,113,3,3245.3,1,1
11536,2025-12-30 09:35:56+05:30,3244.2,1,3246.74,75097,91657.0,93713.0,3250.0,3253.0,3239.8,3251.5,41263250,3576.6,2926.4,4322.95,2866.6,3244.2,3,1,3244.1,36,3,3244.0,18,3,3243.9,221,5,3243.8,280,9,3245.0,10,3,3245.4,12,1,3245.6,18,1,3245.7,45,2,3245.8,19,2
11536,2025-12-30 09:35:57+05:30,3244.1,1,3246.74,75098,92307.0,93858.0,3250.0,3253.0,3239.8,3251.5,41263250,3576.6,2926.4,4322.95,2866.6,3244.2,46,5,3244.0,20,3,3243.9,246,7,3243.8,280,9,3243.7,128,7,3245.0,10,3,3245.4,12,1,3245.6,18,1,3245.7,45,2,3245.8,43,2
11536,2025-12-30 09:35:57+05:30,3244.1,1,3246.74,75098,92307.0,93858.0,3250.0,3253.0,3239.8,3251.5,41263250,3576.6,2926.4,4322.95,2866.6,3244.2,46,5,3244.0,20,3,3243.9,246,7,3243.8,280,9,3243.7,128,7,3245.0,10,3,3245.4,12,1,3245.6,18,1,3245.7,45,2,3245.8,43,2
11536,2025-12-30 09:35:58+05:30,3244.1,1,3246.74,75098,92497.0,93811.0,3250.0,3253.0,3239.8,3251.5,41263250,3576.6,2926.4,4322.95,2866.6,3244.2,46,5,3244.1,212,2,3244.0,258,5,3243.9,80,6,3243.8,328,11,3245.0,10,3,3245.4,12,1,3245.6,18,1,3245.7,45,2,3245.8,43,2
11536,2025-12-30 09:35:59+05:30,3245.0,1,3246.74,75098,92497.0,93811.0,3250.0,3253.0,3239.8,3251.5,41263250,3576.6,2926.4,4322.95,2866.6,3244.2,46,5,3244.1,212,2,3244.0,258,5,3243.9,80,6,3243.8,328,11,3245.0,10,3,3245.4,12,1,3245.6,18,1,3245.7,45,2,3245.8,43,2
11536,2025-12-30 09:35:59+05:30,3245.0,1,3246.74,75102,92173.0,94365.0,3250.0,3253.0,3239.8,3251.5,41263250,3576.6,2926.4,4322.95,2866.6,3244.2,43,4,3244.1,3,1,3244.0,348,5,3243.9,80,6,3243.8,282,10,3245.0,9,3,3245.4,12,1,3245.6,18,1,3245.7,45,2,3245.8,43,2
11536,2025-12-30 09:36:01+05:30,3245.0,1,3246.74,75102,92183.0,94329.0,3250.0,3253.0,3239.8,3251.5,41263250,3576.6,2926.4,4322.95,2866.6,3244.2,45,4,3244.1,3,1,3244.0,398,6,3243.9,79,6,3243.8,282,10,3245.0,9,3,3245.4,12,1,3245.6,18,1,3245.7,45,2,3245.8,43,2
11536,2025-12-30 09:36:01+05:30,3245.0,1,3246.74,75102,92183.0,94329.0,3250.0,3253.0,3239.8,3251.5,41263250,3576.6,2926.4,4322.95,2866.6,3244.2,45,4,3244.1,3,1,3244.0,398,6,3243.9,79,6,3243.8,282,10,3245.0,9,3,3245.4,12,1,3245.6,18,1,3245.7,45,2,3245.8,43,2
11536,2025-12-30 09:36:02+05:30,3245.0,1,3246.74,75103,91519.0,93141.0,3250.0,3253.0,3239.8,3251.5,41263250,3576.6,2926.4,4322.95,2866.6,3244.1,1,1,3244.0,89,4,3243.9,50,4,3243.8,263,8,3243.7,72,4,3245.0,8,3,3245.4,21,2,3245.6,30,2,3245.7,45,2,3245.8,43,2
11536,2025-12-30 09:36:02+05:30,3244.2,1,3246.74,75103,91519.0,93141.0,3250.0,3253.0,3239.8,3251.5,41263250,3576.6,2926.4,4322.95,2866.6,3244.1,1,1,3244.0,89,4,3243.9,50,4,3243.8,263,8,3243.7,72,4,3245.0,8,3,3245.4,21,2,3245.6,30,2,3245.7,45,2,3245.8,43,2
11536,2025-12-30 09:36:03+05:30,3245.0,1,3246.74,75105,91747.0,94328.0,3250.0,3253.0,3239.8,3251.5,41263250,3576.6,2926.4,4322.95,2866.6,3244.2,27,6,3244.1,29,2,3244.0,226,3,3243.9,68,5,3243.8,263,8,3245.0,6,2,3245.4,12,1,3245.6,18,1,3245.7,45,2,3245.8,43,2
11536,2025-12-30 09:36:03+05:30,3245.0,1,3246.74,75105,91747.0,94328.0,3250.0,3253.0,3239.8,3251.5,41263250,3576.6,2926.4,4322.95,2866.6,3244.2,27,6,3244.1,29,2,3244.0,226,3,3243.9,68,5,3243.8,263,8,3245.0,6,2,3245.4,12,1,3245.6,18,1,3245.7,45,2,3245.8,43,2
11536,2025-12-30 09:36:04+05:30,3245.0,4,3246.74,75110,92012.0,93593.0,3250.0,3253.0,3239.8,3251.5,41263250,3576.6,2926.4,4322.95,2866.6,3244.2,39,8,3244.1,55,3,3244.0,412,5,3243.9,74,6,3243.8,311,10,3245.0,6,3,3245.4,12,1,3245.6,18,1,3245.7,45,2,3245.8,43,2
11536,2025-12-30 09:36:04+05:30,3245.0,4,3246.74,75110,92012.0,93593.0,3250.0,3253.0,3239.8,3251.5,41263250,3576.6,2926.4,4322.95,2866.6,3244.2,39,8,3244.1,55,3,3244.0,412,5,3243.9,74,6,3243.8,311,10,3245.0,6,3,3245.4,12,1,3245.6,18,1,3245.7,45,2,3245.8,43,2
11536,2025-12-30 09:36:05+05:30,3245.0,1,3246.74,75111,91926.0,92217.0,3250.0,3253.0,3239.8,3251.5,41263250,3576.6,2926.4,4322.95,2866.6,3244.2,48,9,3244.1,49,4,3244.0,238,4,3243.9,74,6,3243.8,311,10,3245.0,31,5,3245.4,12,1,3245.7,45,2,3245.8,43,2,3245.9,3,1
11536,2025-12-30 09:36:05+05:30,3245.0,1,3246.74,75111,91926.0,92217.0,3250.0,3253.0,3239.8,3251.5,41263250,3576.6,2926.4,4322.95,2866.6,3244.2,48,9,3244.1,49,4,3244.0,238,4,3243.9,74,6,3243.8,311,10,3245.0,31,5,3245.4,12,1,3245.7,45,2,3245.8,43,2,3245.9,3,1
11536,2025-12-30 09:36:06+05:30,3246.0,21,3246.73,75611,92917.0,91003.0,3250.0,3253.0,3239.8,3251.5,41263250,3576.6,2926.4,4322.95,2866.6,3244.4,245,8,3244.3,113,4,3244.2,300,11,3244.1,173,5,3244.0,329,9,3246.0,61,4,3246.1,9,1,3246.2,28,1,3246.3,68,4,3246.4,89,5
11536,2025-12-30 09:36:06+05:30,3246.0,21,3246.73,75611,92917.0,91003.0,3250.0,3253.0,3239.8,3251.5,41263250,3576.6,2926.4,4322.95,2866.6,3244.4,245,8,3244.3,113,4,3244.2,300,11,3244.1,173,5,3244.0,329,9,3246.0,61,4,3246.1,9,1,3246.2,28,1,3246.3,68,4,3246.4,89,5
11536,2025-12-30 09:36:07+05:30,3246.0,21,3246.73,75611,93756.0,90873.0,3250.0,3253.0,3239.8,3251.5,41263250,3576.6,2926.4,4322.95,2866.6,3245.0,11,1,3244.7,182,1,3244.6,23,2,3244.5,113,2,3244.4,302,10,3246.0,50,5,3246.1,37,2,3246.2,67,4,3246.3,85,5,3246.4,105,7
11536,2025-12-30 09:36:07+05:30,3246.0,10,3246.73,75611,93756.0,90873.0,3250.0,3253.0,3239.8,3251.5,41263250,3576.6,2926.4,4322.95,2866.6,3245.0,11,1,3244.7,182,1,3244.6,23,2,3244.5,113,2,3244.4,302,10,3246.0,50,5,3246.1,37,2,3246.2,67,4,3246.3,85,5,3246.4,105,7
11536,2025-12-30 09:36:08+05:30,3245.0,11,3246.73,75653,93233.0,91970.0,3250.0,3253.0,3239.8,3251.5,41263250,3576.6,2926.4,4322.95,2866.6,3244.7,50,6,3244.6,12,2,3244.5,81,4,3244.4,241,7,3244.3,122,5,3245.0,4,1,3246.0,11,4,3246.2,1,1,3246.4,181,7,3246.5,180,4
11536,2025-12-30 09:36:08+05:30,3245.0,11,3246.73,75653,93233.0,91970.0,3250.0,3253.0,3239.8,3251.5,41263250,3576.6,2926.4,4322.95,2866.6,3244.7,50,6,3244.6,12,2,3244.5,81,4,3244.4,241,7,3244.3,122,5,3245.0,4,1,3246.0,11,4,3246.2,1,1,3246.4,181,7,3246.5,180,4
11536,2025-12-30 09:36:09+05:30,3244.7,12,3246.73,75733,92568.0,92386.0,3250.0,3253.0,3239.8,3251.5,41263250,3576.6,2926.4,4322.95,2866.6,3244.7,3,2,3244.6,6,1,3244.5,37,3,3244.4,60,5,3244.3,22,2,3245.0,8,4,3246.0,3,3,3246.1,1,1,3246.2,33,2,3246.3,61,1
11536,2025-12-30 09:36:09+05:30,3244.7,12,3246.73,75733,92568.0,92386.0,3250.0,3253.0,3239.8,3251.5,41263250,3576.6,2926.4,4322.95,2866.6,3244.7,3,2,3244.6,6,1,3244.5,37,3,3244.4,60,5,3244.3,22,2,3245.0,8,4,3246.0,3,3,3246.1,1,1,3246.2,33,2,3246.3,61,1
11536,2025-12-30 09:36:10+05:30,3244.7,1,3246.73,75735,92413.0,93170.0,3250.0,3253.0,3239.8,3251.5,41263250,3576.6,2926.4,4322.95,2866.6,3244.7,14,2,3244.6,6,1,3244.5,37,3,3244.4,60,5,3244.3,35,3,3245.0,9,5,3246.0,1,1,3246.1,1,1,3246.2,33,2,3246.3,101,3
11536,2025-12-30 09:36:10+05:30,3244.7,1,3246.73,75735,92413.0,93170.0,3250.0,3253.0,3239.8,3251.5,41263250,3576.6,2926.4,4322.95,2866.6,3244.7,14,2,3244.6,6,1,3244.5,37,3,3244.4,60,5,3244.3,35,3,3245.0,9,5,3246.0,1,1,3246.1,1,1,3246.2,33,2,3246.3,101,3
11536,2025-12-30 09:36:11+05:30,3244.7,4,3246.73,75741,92568.0,93046.0,3250.0,3253.0,3239.8,3251.5,41263250,3576.6,2926.4,4322.95,2866.6,3244.7,11,2,3244.6,6,1,3244.5,11,1,3244.4,18,2,3244.3,34,3,3245.0,8,5,3246.0,11,3,3246.1,1,1,3246.2,197,3,3246.3,101,3
11536,2025-12-30 09:36:11+05:30,3244.7,4,3246.73,75741,92568.0,93046.0,3250.0,3253.0,3239.8,3251.5,41263250,3576.6,2926.4,4322.95,2866.6,3244.7,11,2,3244.6,6,1,3244.5,11,1,3244.4,18,2,3244.3,34,3,3245.0,8,5,3246.0,11,3,3246.1,1,1,3246.2,197,3,3246.3,101,3
11536,2025-12-30 09:36:12+05:30,3244.9,5,3246.73,75741,92568.0,93046.0,3250.0,3253.0,3239.8,3251.5,41263250,3576.6,2926.4,4322.95,2866.6,3244.7,11,2,3244.6,6,1,3244.5,11,1,3244.4,18,2,3244.3,34,3,3245.0,8,5,3246.0,11,3,3246.1,1,1,3246.2,197,3,3246.3,101,3
11536,2025-12-30 09:36:13+05:30,3244.9,5,3246.73,75758,92528.0,93502.0,3250.0,3253.0,3239.8,3251.5,41263250,3576.6,2926.4,4322.95,2866.6,3244.7,14,2,3244.6,6,1,3244.5,11,1,3244.4,18,2,3244.3,3,1,3245.0,7,5,3245.6,28,1,3245.7,28,1,3245.8,11,1,3245.9,32,1
11536,2025-12-30 09:36:14+05:30,3244.9,5,3246.73,75758,92508.0,93798.0,3250.0,3253.0,3239.8,3251.5,41263250,3576.6,2926.4,4322.95,2866.6,3244.7,14,2,3244.6,6,1,3244.5,11,1,3244.4,18,2,3244.3,3,1,3245.0,8,6,3245.6,28,1,3245.8,11,1,3245.9,32,1,3246.0,2,2
11536,2025-12-30 09:36:14+05:30,3244.7,1,3246.73,75758,92508.0,93798.0,3250.0,3253.0,3239.8,3251.5,41263250,3576.6,2926.4,4322.95,2866.6,3244.7,14,2,3244.6,6,1,3244.5,11,1,3244.4,18,2,3244.3,3,1,3245.0,8,6,3245.6,28,1,3245.8,11,1,3245.9,32,1,3246.0,2,2
11536,2025-12-30 09:36:15+05:30,3244.7,1,3246.73,75759,92525.0,92751.0,3250.0,3253.0,3239.8,3251.5,41263250,3576.6,2926.4,4322.95,2866.6,3244.7,13,2,3244.6,6,1,3244.5,11,1,3244.4,18,2,3244.3,3,1,3245.0,7,5,3245.6,28,1,3245.8,11,1,3245.9,32,1,3246.0,2,2
11536,2025-12-30 09:36:15+05:30,3245.0,1,3246.73,75759,92525.0,92751.0,3250.0,3253.0,3239.8,3251.5,41263250,3576.6,2926.4,4322.95,2866.6,3244.7,13,2,3244.6,6,1,3244.5,11,1,3244.4,18,2,3244.3,3,1,3245.0,7,5,3245.6,28,1,3245.8,11,1,3245.9,32,1,3246.0,2,2
11536,2025-12-30 09:36:16+05:30,3244.7,1,3246.73,75767,92549.0,94189.0,3250.0,3253.0,3239.8,3251.5,41263250,3576.6,2926.4,4322.95,2866.6,3244.7,12,2,3244.6,6,1,3244.5,11,1,3244.4,18,2,3244.3,3,1,3245.0,19,5,3245.6,28,1,3245.7,27,1,3245.8,11,1,3245.9,32,1
11536,2025-12-30 09:36:16+05:30,3244.7,1,3246.73,75767,92549.0,94189.0,3250.0,3253.0,3239.8,3251.5,41263250,3576.6,2926.4,4322.95,2866.6,3244.7,12,2,3244.6,6,1,3244.5,11,1,3244.4,18,2,3244.3,3,1,3245.0,19,5,3245.6,28,1,3245.7,27,1,3245.8,11,1,3245.9,32,1
11536,2025-12-30 09:36:17+05:30,3244.7,1,3246.73,75767,92547.0,94022.0,3250.0,3253.0,3239.8,3251.5,41263250,3576.6,2926.4,4322.95,2866.6,3244.7,12,2,3244.6,6,1,3244.5,11,1,3244.4,18,2,3244.3,3,1,3245.0,20,6,3245.6,28,1,3245.7,27,1,3245.8,11,1,3245.9,32,1
11536,2025-12-30 09:36:17+05:30,3245.0,5,3246.73,75767,92547.0,94022.0,3250.0,3253.0,3239.8,3251.5,41263250,3576.6,2926.4,4322.95,2866.6,3244.7,12,2,3244.6,6,1,3244.5,11,1,3244.4,18,2,3244.3,3,1,3245.0,20,6,3245.6,28,1,3245.7,27,1,3245.8,11,1,3245.9,32,1
11536,2025-12-30 09:36:18+05:30,3245.0,1,3246.73,75793,92392.0,93845.0,3250.0,3253.0,3239.8,3251.5,41263250,3576.6,2926.4,4322.95,2866.6,3244.7,12,2,3244.6,6,1,3244.5,11,1,3244.4,18,2,3244.3,3,1,3245.0,15,7,3245.6,28,1,3245.7,27,1,3245.8,16,1,3245.9,51,3
11536,2025-12-30 09:36:18+05:30,3245.0,1,3246.73,75793,92392.0,93845.0,3250.0,3253.0,3239.8,3251.5,41263250,3576.6,2926.4,4322.95,2866.6,3244.7,12,2,3244.6,6,1,3244.5,11,1,3244.4,18,2,3244.3,3,1,3245.0,15,7,3245.6,28,1,3245.7,27,1,3245.8,16,1,3245.9,51,3
11536,2025-12-30 09:36:19+05:30,3245.0,1,3246.73,75793,92714.0,93744.0,3250.0,3253.0,3239.8,3251.5,41263250,3576.6,2926.4,4322.95,2866.6,3244.7,12,2,3244.6,6,1,3244.5,19,2,3244.4,18,2,3244.3,16,2,3245.0,21,9,3245.6,28,1,3245.9,32,1,3246.0,15,3,3246.1,176,1
11536,2025-12-30 09:36:20+05:30,3244.9,5,3246.73,75798,92882.0,94017.0,3250.0,3253.0,3239.8,3251.5,41263250,3576.6,2926.4,4322.95,2866.6,3244.7,24,4,3244.6,6,1,3244.5,27,2,3244.4,45,4,3244.3,35,2,3245.0,23,11,3245.9,57,2,3246.0,2,2,3246.2,82,4,3246.3,43,2
11536,2025-12-30 09:36:20+05:30,3244.7,3,3246.73,75798,92882.0,94017.0,3250.0,3253.0,3239.8,3251.5,41263250,3576.6,2926.4,4322.95,2866.6,3244.7,24,4,3244.6,6,1,3244.5,27,2,3244.4,45,4,3244.3,35,2,3245.0,23,11,3245.9,57,2,3246.0,2,2,3246.2,82,4,3246.3,43,2
11536,2025-12-30 09:36:21+05:30,3244.7,1,3246.73,75802,92944.0,94032.0,3250.0,3253.0,3239.8,3251.5,41263250,3576.6,2926.4,4322.95,2866.6,3244.7,8,2,3244.6,6,1,3244.5,32,3,3244.4,18,2,3244.3,52,3,3245.0,21,9,3245.9,57,2,3246.0,2,2,3246.1,1,1,3246.2,82,4
11536,2025-12-30 09:36:21+05:30,3244.7,1,3246.73,75802,92944.0,94032.0,3250.0,3253.0,3239.8,3251.5,41263250,3576.6,2926.4,4322.95,2866.6,3244.7,8,2,3244.6,6,1,3244.5,32,3,3244.4,18,2,3244.3,52,3,3245.0,21,9,3245.9,57,2,3246.0,2,2,3246.1,1,1,3246.2,82,4
11536,2025-12-30 09:36:22+05:30,3245.0,1,3246.73,75803,93148.0,94055.0,3250.0,3253.0,3239.8,3251.5,41263250,3576.6,2926.4,4322.95,2866.6,3244.7,8,2,3244.6,6,1,3244.5,32,3,3244.4,18,2,3244.3,209,4,3245.0,35,11,3245.9,57,2,3246.0,2,2,3246.1,1,1,3246.2,82,4
11536,2025-12-30 09:36:22+05:30,3244.7,1,3246.73,75803,93148.0,94055.0,3250.0,3253.0,3239.8,3251.5,41263250,3576.6,2926.4,4322.95,2866.6,3244.7,8,2,3244.6,6,1,3244.5,32,3,3244.4,18,2,3244.3,209,4,3245.0,35,11,3245.9,57,2,3246.0,2,2,3246.1,1,1,3246.2,82,4
11536,2025-12-30 09:36:23+05:30,3244.7,1,3246.73,75805,92902.0,94429.0,3250.0,3253.0,3239.8,3251.5,41263250,3576.6,2926.4,4322.95,2866.6,3244.7,6,2,3244.6,6,1,3244.5,23,2,3244.4,18,2,3244.3,20,2,3245.0,33,9,3246.0,11,3,3246.1,200,2,3246.2,136,6,3246.3,86,3
11536,2025-12-30 09:36:23+05:30,3244.7,1,3246.73,75805,92902.0,94429.0,3250.0,3253.0,3239.8,3251.5,41263250,3576.6,2926.4,4322.95,2866.6,3244.7,6,2,3244.6,6,1,3244.5,23,2,3244.4,18,2,3244.3,20,2,3245.0,33,9,3246.0,11,3,3246.1,200,2,3246.2,136,6,3246.3,86,3
11536,2025-12-30 09:36:24+05:30,3244.7,1,3246.73,75806,92849.0,93915.0,3250.0,3253.0,3239.8,3251.5,41263250,3576.6,2926.4,4322.95,2866.6,3244.7,5,2,3244.6,6,1,3244.5,31,3,3244.4,18,2,3244.3,20,2,3245.0,32,8,3246.0,72,4,3246.1,170,1,3246.2,136,6,3246.3,86,3
11536,2025-12-30 09:36:24+05:30,3244.7,1,3246.73,75806,92849.0,93915.0,3250.0,3253.0,3239.8,3251.5,41263250,3576.6,2926.4,4322.95,2866.6,3244.7,5,2,3244.6,6,1,3244.5,31,3,3244.4,18,2,3244.3,20,2,3245.0,32,8,3246.0,72,4,3246.1,170,1,3246.2,136,6,3246.3,86,3
11536,2025-12-30 09:36:25+05:30,3244.7,1,3246.73,75806,92849.0,93915.0,3250.0,3253.0,3239.8,3251.5,41263250,3576.6,2926.4,4322.95,2866.6,3244.7,5,2,3244.6,6,1,3244.5,31,3,3244.4,18,2,3244.3,20,2,3245.0,32,8,3246.0,72,4,3246.1,170,1,3246.2,136,6,3246.3,86,3
11536,2025-12-30 09:36:25+05:30,3244.7,1,3246.72,75907,93142.0,93835.0,3250.0,3253.0,3239.8,3251.5,41263250,3576.6,2926.4,4322.95,2866.6,3244.6,6,1,3244.5,46,5,3244.4,82,5,3244.3,20,2,3244.2,89,8,3245.0,33,9,3246.0,11,3,3246.1,61,1,3246.2,82,4,3246.3,255,3
11536,2025-12-30 09:36:26+05:30,3244.7,1,3246.72,75907,92956.0,94085.0,3250.0,3253.0,3239.8,3251.5,41263250,3576.6,2926.4,4322.95,2866.6,3244.6,6,1,3244.5,30,3,3244.4,42,3,3244.3,20,2,3244.2,77,7,3245.0,33,9,3246.0,11,3,3246.1,61,1,3246.2,82,4,3246.3,255,3
11536,2025-12-30 09:36:28+05:30,3244.7,1,3246.72,75907,93041.0,94402.0,3250.0,3253.0,3239.8,3251.5,41263250,3576.6,2926.4,4322.95,2866.6,3244.6,6,1,3244.5,30,3,3244.4,18,2,3244.3,32,3,3244.2,77,7,3245.0,34,10,3246.0,11,3,3246.1,239,2,3246.2,94,5,3246.3,73,2
11536,2025-12-30 09:36:28+05:30,3245.0,3,3246.72,75907,93041.0,94402.0,3250.0,3253.0,3239.8,3251.5,41263250,3576.6,2926.4,4322.95,2866.6,3244.6,6,1,3244.5,30,3,3244.4,18,2,3244.3,32,3,3244.2,77,7,3245.0,34,10,3246.0,11,3,3246.1,239,2,3246.2,94,5,3246.3,73,2
11536,2025-12-30 09:36:29+05:30,3245.0,3,3246.72,75943,92991.0,93020.0,3250.0,3253.0,3239.8,3251.5,41263250,3576.6,2926.4,4322.95,2866.6,3244.6,6,1,3244.5,42,4,3244.4,18,2,3244.3,20,2,3244.2,146,10,3245.0,51,7,3246.0,11,3,3246.1,239,2,3246.2,94,5,3246.3,73,2
11536,2025-12-30 09:36:29+05:30,3245.0,5,3246.72,75943,92991.0,93020.0,3250.0,3253.0,3239.8,3251.5,41263250,3576.6,2926.4,4322.95,2866.6,3244.6,6,1,3244.5,42,4,3244.4,18,2,3244.3,20,2,3244.2,146,10,3245.0,51,7,3246.0,11,3,3246.1,239,2,3246.2,94,5,3246.3,73,2
11536,2025-12-30 09:36:30+05:30,3245.0,5,3246.72,75953,92957.0,94439.0,3250.0,3253.0,3239.8,3251.5,41263250,3576.6,2926.4,4322.95,2866.6,3244.7,20,1,3244.6,6,1,3244.5,22,2,3244.4,18,2,3244.3,20,2,3245.0,47,13,3245.9,16,1,3246.0,11,3,3246.1,240,3,3246.2,94,5
11536,2025-12-30 09:36:30+05:30,3245.0,5,3246.72,75953,92957.0,94439.0,3250.0,3253.0,3239.8,3251.5,41263250,3576.6,2926.4,4322.95,2866.6,3244.7,20,1,3244.6,6,1,3244.5,22,2,3244.4,18,2,3244.3,20,2,3245.0,47,13,3245.9,16,1,3246.0,11,3,3246.1,240,3,3246.2,94,5
11536,2025-12-30 09:36:31+05:30,3245.0,1,3246.72,75955,93026.0,94253.0,3250.0,3253.0,3239.8,3251.5,41263250,3576.6,2926.4,4322.95,2866.6,3244.7,20,1,3244.6,6,1,3244.5,22,2,3244.4,18,2,3244.3,3,1,3245.0,83,12,3245.7,40,2,3245.9,41,2,3246.0,11,3,3246.1,191,3
11536,2025-12-30 09:36:31+05:30,3245.0,1,3246.72,75955,93026.0,94253.0,3250.0,3253.0,3239.8,3251.5,41263250,3576.6,2926.4,4322.95,2866.6,3244.7,20,1,3244.6,6,1,3244.5,22,2,3244.4,18,2,3244.3,3,1,3245.0,83,12,3245.7,40,2,3245.9,41,2,3246.0,11,3,3246.1,191,3
11536,2025-12-30 09:36:32+05:30,3244.6,18,3246.72,76011,91478.0,94966.0,3250.0,3253.0,3239.8,3251.5,41263250,3576.6,2926.4,4322.95,2866.6,3244.5,22,2,3244.4,18,2,3244.2,7,2,3244.1,53,2,3244.0,62,3,3244.9,27,2,3245.0,125,14,3245.1,24,2,3245.4,12,1,3245.5,14,1
11536,2025-12-30 09:36:32+05:30,3244.9,4,3246.72,76011,91478.0,94966.0,3250.0,3253.0,3239.8,3251.5,41263250,3576.6,2926.4,4322.95,2866.6,3244.5,22,2,3244.4,18,2,3244.2,7,2,3244.1,53,2,3244.0,62,3,3244.9,27,2,3245.0,125,14,3245.1,24,2,3245.4,12,1,3245.5,14,1
11536,2025-12-30 09:36:33+05:30,3244.9,1,3246.72,76018,91713.0,94836.0,3250.0,3253.0,3239.8,3251.5,41263250,3576.6,2926.4,4322.95,2866.6,3244.5,20,2,3244.4,18,2,3244.2,7,2,3244.1,53,2,3244.0,92,4,3244.9,14,4,3245.0,104,10,3245.2,17,1,3245.3,50,2,3245.4,18,1
11536,2025-12-30 09:36:33+05:30,3244.9,1,3246.72,76018,91713.0,94836.0,3250.0,3253.0,3239.8,3251.5,41263250,3576.6,2926.4,4322.95,2866.6,3244.5,20,2,3244.4,18,2,3244.2,7,2,3244.1,53,2,3244.0,92,4,3244.9,14,4,3245.0,104,10,3245.2,17,1,3245.3,50,2,3245.4,18,1
11536,2025-12-30 09:36:34+05:30,3244.9,10,3246.72,76036,91810.0,94755.0,3250.0,3253.0,3239.8,3251.5,41263250,3576.6,2926.4,4322.95,2866.6,3244.5,12,2,3244.4,18,2,3244.2,7,2,3244.1,80,4,3244.0,92,4,3244.9,5,5,3245.0,80,9,3245.5,21,1,3245.6,57,3,3245.7,29,3
11536,2025-12-30 09:36:34+05:30,3244.9,10,3246.72,76036,91810.0,94755.0,3250.0,3253.0,3239.8,3251.5,41263250,3576.6,2926.4,4322.95,2866.6,3244.5,12,2,3244.4,18,2,3244.2,7,2,3244.1,80,4,3244.0,92,4,3244.9,5,5,3245.0,80,9,3245.5,21,1,3245.6,57,3,3245.7,29,3
11536,2025-12-30 09:36:35+05:30,3244.5,7,3246.72,76049,91888.0,94233.0,3250.0,3253.0,3239.8,3251.5,41263250,3576.6,2926.4,4322.95,2866.6,3244.5,68,3,3244.4,18,2,3244.2,7,2,3244.1,80,4,3244.0,92,4,3244.9,5,5,3245.0,80,9,3245.4,16,1,3245.5,23,1,3245.6,33,2
11536,2025-12-30 09:36:35+05:30,3244.5,1,3246.72,76049,91888.0,94233.0,3250.0,3253.0,3239.8,3251.5,41263250,3576.6,2926.4,4322.95,2866.6,3244.5,68,3,3244.4,18,2,3244.2,7,2,3244.1,80,4,3244.0,92,4,3244.9,5,5,3245.0,80,9,3245.4,16,1,3245.5,23,1,3245.6,33,2
11536,2025-12-30 09:36:36+05:30,3244.0,1,3246.71,76441,88472.0,96753.0,3250.0,3253.0,3239.8,3251.5,41263250,3576.6,2926.4,4322.95,2866.6,3244.0,61,3,3243.9,10,2,3243.8,26,3,3243.7,18,3,3243.6,3,1,3244.1,18,3,3244.2,7,1,3244.4,33,2,3244.5,12,1,3244.7,16,1
11536,2025-12-30 09:36:36+05:30,3244.0,1,3246.71,76441,88472.0,96753.0,3250.0,3253.0,3239.8,3251.5,41263250,3576.6,2926.4,4322.95,2866.6,3244.0,61,3,3243.9,10,2,3243.8,26,3,3243.7,18,3,3243.6,3,1,3244.1,18,3,3244.2,7,1,3244.4,33,2,3244.5,12,1,3244.7,16,1
11536,2025-12-30 09:36:37+05:30,3244.0,2,3246.71,76441,88472.0,96753.0,3250.0,3253.0,3239.8,3251.5,41263250,3576.6,2926.4,4322.95,2866.6,3244.0,61,3,3243.9,10,2,3243.8,26,3,3243.7,18,3,3243.6,3,1,3244.1,18,3,3244.2,7,1,3244.4,33,2,3244.5,12,1,3244.7,16,1
11536,2025-12-30 09:36:37+05:30,3244.0,2,3246.71,76446,87431.0,97177.0,3250.0,3253.0,3239.8,3251.5,41263250,3576.6,2926.4,4322.95,2866.6,3244.0,58,2,3243.9,10,2,3243.8,26,3,3243.7,18,3,3243.6,3,1,3244.1,9,3,3244.4,23,1,3244.5,28,2,3244.8,95,6,3244.9,10,3
11536,2025-12-30 09:36:38+05:30,3243.3,1,3246.71,76446,87431.0,97177.0,3250.0,3253.0,3239.8,3251.5,41263250,3576.6,2926.4,4322.95,2866.6,3244.0,58,2,3243.9,10,2,3243.8,26,3,3243.7,18,3,3243.6,3,1,3244.1,9,3,3244.4,23,1,3244.5,28,2,3244.8,95,6,3244.9,10,3
11536,2025-12-30 09:36:38+05:30,3243.3,1,3246.68,77041,82975.0,100554.0,3250.0,3253.0,3239.8,3251.5,41263250,3576.6,2926.4,4322.95,2866.6,3243.0,12,3,3242.5,11,2,3242.2,81,2,3242.1,55,2,3242.0,83,6,3243.3,38,3,3243.4,40,3,3243.5,31,2,3243.6,16,1,3243.7,29,2
11536,2025-12-30 09:36:39+05:30,3243.0,10,3246.68,77041,82975.0,100554.0,3250.0,3253.0,3239.8,3251.5,41263250,3576.6,2926.4,4322.95,2866.6,3243.0,12,3,3242.5,11,2,3242.2,81,2,3242.1,55,2,3242.0,83,6,3243.3,38,3,3243.4,40,3,3243.5,31,2,3243.6,16,1,3243.7,29,2
11536,2025-12-30 09:36:39+05:30,3243.0,10,3246.68,77205,84320.0,100690.0,3250.0,3253.0,3239.8,3251.5,41263250,3576.6,2926.4,4322.95,2866.6,3242.5,11,2,3242.1,55,2,3242.0,83,6,3241.9,10,2,3241.8,94,4,3242.9,6,1,3243.2,17,3,3243.3,15,2,3243.4,6,1,3243.7,52,3
11536,2025-12-30 09:36:40+05:30,3242.5,1,3246.68,77206,84191.0,100590.0,3250.0,3253.0,3239.8,3251.5,41263250,3576.6,2926.4,4322.95,2866.6,3242.5,10,2,3242.1,64,3,3242.0,115,7,3241.9,10,2,3241.8,94,4,3242.9,7,2,3243.2,40,4,3243.3,15,2,3243.4,6,1,3243.7,52,3
11536,2025-12-30 09:36:41+05:30,3242.5,2,3246.68,77206,84191.0,100590.0,3250.0,3253.0,3239.8,3251.5,41263250,3576.6,2926.4,4322.95,2866.6,3242.5,10,2,3242.1,64,3,3242.0,115,7,3241.9,10,2,3241.8,94,4,3242.9,7,2,3243.2,40,4,3243.3,15,2,3243.4,6,1,3243.7,52,3
11536,2025-12-30 09:36:41+05:30,3242.5,2,3246.68,77208,84554.0,100105.0,3250.0,3253.0,3239.8,3251.5,41263250,3576.6,2926.4,4322.95,2866.6,3242.5,8,2,3242.1,55,2,3242.0,63,5,3241.9,10,2,3241.8,94,4,3242.9,7,2,3243.2,40,4,3243.3,31,3,3243.4,35,3,3243.6,30,2
11536,2025-12-30 09:36:42+05:30,3242.5,1,3246.68,77216,84773.0,100888.0,3250.0,3253.0,3239.8,3251.5,41263250,3576.6,2926.4,4322.95,2866.6,3242.0,45,3,3241.9,10,2,3241.8,39,2,3241.7,237,3,3241.6,33,3,3242.4,10,3,3242.9,2,2,3243.1,1,1,3243.2,37,3,3243.3,22,2
11536,2025-12-30 09:36:42+05:30,3242.5,1,3246.68,77216,84773.0,100888.0,3250.0,3253.0,3239.8,3251.5,41263250,3576.6,2926.4,4322.95,2866.6,3242.0,45,3,3241.9,10,2,3241.8,39,2,3241.7,237,3,3241.6,33,3,3242.4,10,3,3242.9,2,2,3243.1,1,1,3243.2,37,3,3243.3,22,2
11536,2025-12-30 09:36:43+05:30,3242.0,1,3246.68,77216,84773.0,100888.0,3250.0,3253.0,3239.8,3251.5,41263250,3576.6,2926.4,4322.95,2866.6,3242.0,45,3,3241.9,10,2,3241.8,39,2,3241.7,237,3,3241.6,33,3,3242.4,10,3,3242.9,2,2,3243.1,1,1,3243.2,37,3,3243.3,22,2
11536,2025-12-30 09:36:43+05:30,3242.0,1,3246.68,77219,85168.0,99229.0,3250.0,3253.0,3239.8,3251.5,41263250,3576.6,2926.4,4322.95,2866.6,3242.0,42,3,3241.9,10,2,3241.8,39,2,3241.7,237,3,3241.6,25,2,3242.4,11,4,3242.9,1,1,3243.1,1,1,3243.2,37,2,3243.3,22,2
11536,2025-12-30 09:36:44+05:30,3242.5,125,3246.68,77219,85168.0,99229.0,3250.0,3253.0,3239.8,3251.5,41263250,3576.6,2926.4,4322.95,2866.6,3242.0,42,3,3241.9,10,2,3241.8,39,2,3241.7,237,3,3241.6,25,2,3242.4,11,4,3242.9,1,1,3243.1,1,1,3243.2,37,2,3243.3,22,2
11536,2025-12-30 09:36:44+05:30,3242.4,1,3246.66,77430,84695.0,101126.0,3250.0,3253.0,3239.8,3251.5,41263250,3576.6,2926.4,4322.95,2866.6,3242.0,42,3,3241.9,10,2,3241.8,39,2,3241.7,62,2,3241.6,40,3,3242.9,21,3,3243.0,8,1,3243.1,43,3,3243.2,54,2,3243.4,3,1
11536,2025-12-30 09:36:45+05:30,3242.9,1,3246.66,77430,84695.0,101126.0,3250.0,3253.0,3239.8,3251.5,41263250,3576.6,2926.4,4322.95,2866.6,3242.0,42,3,3241.9,10,2,3241.8,39,2,3241.7,62,2,3241.6,40,3,3242.9,21,3,3243.0,8,1,3243.1,43,3,3243.2,54,2,3243.4,3,1
11536,2025-12-30 09:36:46+05:30,3242.9,1,3246.66,77432,84900.0,102352.0,3250.0,3253.0,3239.8,3251.5,41263250,3576.6,2926.4,4322.95,2866.6,3242.0,42,3,3241.9,10,2,3241.8,39,2,3241.7,10,1,3241.6,40,3,3242.9,12,2,3243.0,8,1,3243.1,32,2,3243.2,54,2,3243.4,17,2
11536,2025-12-30 09:36:47+05:30,3242.9,1,3246.66,77432,84873.0,102395.0,3250.0,3253.0,3239.8,3251.5,41263250,3576.6,2926.4,4322.95,2866.6,3242.0,42,3,3241.9,10,2,3241.8,39,2,3241.7,10,1,3241.6,31,2,3242.9,14,3,3243.0,17,2,3243.1,32,2,3243.2,68,3,3243.4,29,2
11536,2025-12-30 09:36:47+05:30,3242.0,4,3246.66,77432,84873.0,102395.0,3250.0,3253.0,3239.8,3251.5,41263250,3576.6,2926.4,4322.95,2866.6,3242.0,42,3,3241.9,10,2,3241.8,39,2,3241.7,10,1,3241.6,31,2,3242.9,14,3,3243.0,17,2,3243.1,32,2,3243.2,68,3,3243.4,29,2
11536,2025-12-30 09:36:48+05:30,3242.0,1,3246.66,77469,84368.0,102760.0,3250.0,3253.0,3239.8,3251.5,41263250,3576.6,2926.4,4322.95,2866.6,3242.0,20,2,3241.9,10,2,3241.8,39,2,3241.7,10,1,3241.6,10,1,3242.7,32,4,3242.8,31,3,3242.9,20,3,3243.0,35,2,3243.1,15,1
11536,2025-12-30 09:36:48+05:30,3242.0,1,3246.66,77469,84368.0,102760.0,3250.0,3253.0,3239.8,3251.5,41263250,3576.6,2926.4,4322.95,2866.6,3242.0,20,2,3241.9,10,2,3241.8,39,2,3241.7,10,1,3241.6,10,1,3242.7,32,4,3242.8,31,3,3242.9,20,3,3243.0,35,2,3243.1,15,1
11536,2025-12-30 09:36:49+05:30,3242.0,1,3246.66,77469,84764.0,102398.0,3250.0,3253.0,3239.8,3251.5,41263250,3576.6,2926.4,4322.95,2866.6,3242.0,20,2,3241.9,10,2,3241.8,39,2,3241.7,10,1,3241.6,71,2,3242.7,1,1,3242.9,10,2,3243.1,8,1,3243.2,98,4,3243.3,1,1
11536,2025-12-30 09:36:49+05:30,3242.0,6,3246.66,77469,84764.0,102398.0,3250.0,3253.0,3239.8,3251.5,41263250,3576.6,2926.4,4322.95,2866.6,3242.0,20,2,3241.9,10,2,3241.8,39,2,3241.7,10,1,3241.6,71,2,3242.7,1,1,3242.9,10,2,3243.1,8,1,3243.2,98,4,3243.3,1,1
11536,2025-12-30 09:36:50+05:30,3242.0,1,3246.66,77481,84783.0,102345.0,3250.0,3253.0,3239.8,3251.5,41263250,3576.6,2926.4,4322.95,2866.6,3242.0,9,2,3241.9,10,2,3241.8,39,2,3241.7,10,1,3241.6,71,2,3242.7,2,2,3243.1,9,1,3243.2,98,4,3243.3,1,1,3243.4,38,4
11536,2025-12-30 09:36:50+05:30,3242.0,1,3246.66,77481,84783.0,102345.0,3250.0,3253.0,3239.8,3251.5,41263250,3576.6,2926.4,4322.95,2866.6,3242.0,9,2,3241.9,10,2,3241.8,39,2,3241.7,10,1,3241.6,71,2,3242.7,2,2,3243.1,9,1,3243.2,98,4,3243.3,1,1,3243.4,38,4
11536,2025-12-30 09:36:51+05:30,3242.0,6,3246.66,77487,84883.0,101813.0,3250.0,3253.0,3239.8,3251.5,41263250,3576.6,2926.4,4322.95,2866.6,3242.0,15,3,3241.9,21,3,3241.8,63,4,3241.7,12,2,3241.6,71,2,3242.7,1,1,3243.1,9,1,3243.2,104,5,3243.3,1,1,3243.4,36,3
11536,2025-12-30 09:36:51+05:30,3242.0,6,3246.66,77487,84883.0,101813.0,3250.0,3253.0,3239.8,3251.5,41263250,3576.6,2926.4,4322.95,2866.6,3242.0,15,3,3241.9,21,3,3241.8,63,4,3241.7,12,2,3241.6,71,2,3242.7,1,1,3243.1,9,1,3243.2,104,5,3243.3,1,1,3243.4,36,3
11536,2025-12-30 09:36:52+05:30,3242.0,6,3246.66,77487,84892.0,101815.0,3250.0,3253.0,3239.8,3251.5,41263250,3576.6,2926.4,4322.95,2866.6,3242.0,15,3,3241.9,10,2,3241.8,48,3,3241.7,12,2,3241.6,88,3,3242.7,2,2,3243.1,9,1,3243.2,104,5,3243.3,1,1,3243.4,36,3
11536,2025-12-30 09:36:53+05:30,3242.0,1,3246.66,77488,84893.0,102164.0,3250.0,3253.0,3239.8,3251.5,41263250,3576.6,2926.4,4322.95,2866.6,3242.0,14,3,3241.9,10,2,3241.8,48,3,3241.7,12,2,3241.6,88,3,3242.7,1,1,3243.1,9,1,3243.2,104,5,3243.3,1,1,3243.4,36,3
11536,2025-12-30 09:36:53+05:30,3242.0,1,3246.66,77488,84893.0,102164.0,3250.0,3253.0,3239.8,3251.5,41263250,3576.6,2926.4,4322.95,2866.6,3242.0,14,3,3241.9,10,2,3241.8,48,3,3241.7,12,2,3241.6,88,3,3242.7,1,1,3243.1,9,1,3243.2,104,5,3243.3,1,1,3243.4,36,3
11536,2025-12-30 09:36:54+05:30,3242.0,1,3246.66,77489,84940.0,102525.0,3250.0,3253.0,3239.8,3251.5,41263250,3576.6,2926.4,4322.95,2866.6,3242.0,28,3,3241.9,10,2,3241.8,48,3,3241.7,34,3,3241.6,88,3,3242.7,2,2,3243.1,9,1,3243.2,104,5,3243.3,1,1,3243.4,36,3
11536,2025-12-30 09:36:54+05:30,3242.0,1,3246.66,77489,84940.0,102525.0,3250.0,3253.0,3239.8,3251.5,41263250,3576.6,2926.4,4322.95,2866.6,3242.0,28,3,3241.9,10,2,3241.8,48,3,3241.7,34,3,3241.6,88,3,3242.7,2,2,3243.1,9,1,3243.2,104,5,3243.3,1,1,3243.4,36,3
11536,2025-12-30 09:36:55+05:30,3242.7,1,3246.66,77491,84983.0,102713.0,3250.0,3253.0,3239.8,3251.5,41263250,3576.6,2926.4,4322.95,2866.6,3242.0,27,2,3241.9,10,2,3241.8,48,3,3241.7,10,1,3241.6,88,3,3242.7,15,2,3243.1,9,1,3243.2,104,5,3243.3,1,1,3243.4,36,3
11536,2025-12-30 09:36:55+05:30,3242.7,1,3246.66,77491,84983.0,102713.0,3250.0,3253.0,3239.8,3251.5,41263250,3576.6,2926.4,4322.95,2866.6,3242.0,27,2,3241.9,10,2,3241.8,48,3,3241.7,10,1,3241.6,88,3,3242.7,15,2,3243.1,9,1,3243.2,104,5,3243.3,1,1,3243.4,36,3
11536,2025-12-30 09:36:56+05:30,3242.7,1,3246.66,77492,84930.0,102874.0,3250.0,3253.0,3239.8,3251.5,41263250,3576.6,2926.4,4322.95,2866.6,3242.0,27,2,3241.9,5,1,3241.8,48,3,3241.7,10,1,3241.6,88,3,3242.7,14,2,3243.1,9,1,3243.2,104,5,3243.3,1,1,3243.4,36,3
11536,2025-12-30 09:36:57+05:30,3242.0,1,3246.66,77493,84929.0,102883.0,3250.0,3253.0,3239.8,3251.5,41263250,3576.6,2926.4,4322.95,2866.6,3242.0,26,2,3241.9,5,1,3241.8,48,3,3241.7,10,1,3241.6,88,3,3242.7,13,1,3243.1,9,1,3243.2,104,5,3243.3,1,1,3243.4,36,3
11536,2025-12-30 09:36:57+05:30,3242.0,1,3246.66,77493,84929.0,102883.0,3250.0,3253.0,3239.8,3251.5,41263250,3576.6,2926.4,4322.95,2866.6,3242.0,26,2,3241.9,5,1,3241.8,48,3,3241.7,10,1,3241.6,88,3,3242.7,13,1,3243.1,9,1,3243.2,104,5,3243.3,1,1,3243.4,36,3
11536,2025-12-30 09:36:58+05:30,3242.7,2,3246.66,77495,84951.0,102861.0,3250.0,3253.0,3239.8,3251.5,41263250,3576.6,2926.4,4322.95,2866.6,3242.0,26,2,3241.9,17,2,3241.8,48,3,3241.7,10,1,3241.6,88,3,3242.7,12,2,3243.2,104,5,3243.3,1,1,3243.4,36,3,3243.5,196,3
11536,2025-12-30 09:36:58+05:30,3242.7,2,3246.66,77495,84951.0,102861.0,3250.0,3253.0,3239.8,3251.5,41263250,3576.6,2926.4,4322.95,2866.6,3242.0,26,2,3241.9,17,2,3241.8,48,3,3241.7,10,1,3241.6,88,3,3242.7,12,2,3243.2,104,5,3243.3,1,1,3243.4,36,3,3243.5,196,3
11536,2025-12-30 09:36:59+05:30,3242.7,2,3246.66,77495,85127.0,102064.0,3250.0,3253.0,3239.8,3251.5,41263250,3576.6,2926.4,4322.95,2866.6,3242.1,50,1,3242.0,69,6,3241.9,16,2,3241.8,214,4,3241.7,35,3,3242.7,12,2,3243.2,50,3,3243.3,1,1,3243.5,196,3,3243.6,65,2
11536,2025-12-30 09:37:00+05:30,3243.2,22,3246.66,77530,85187.0,99668.0,3250.0,3253.0,3239.8,3251.5,41263250,3576.6,2926.4,4322.95,2866.6,3242.1,50,1,3242.0,46,3,3241.9,5,1,3241.8,262,6,3241.7,64,4,3243.2,58,4,3243.3,10,2,3243.5,15,2,3243.6,196,2,3243.7,115,6
11536,2025-12-30 09:37:00+05:30,3243.2,22,3246.66,77530,85187.0,99668.0,3250.0,3253.0,3239.8,3251.5,41263250,3576.6,2926.4,4322.95,2866.6,3242.1,50,1,3242.0,46,3,3241.9,5,1,3241.8,262,6,3241.7,64,4,3243.2,58,4,3243.3,10,2,3243.5,15,2,3243.6,196,2,3243.7,115,6
11536,2025-12-30 09:37:01+05:30,3243.2,22,3246.66,77530,84884.0,102779.0,3250.0,3253.0,3239.8,3251.5,41263250,3576.6,2926.4,4322.95,2866.6,3242.1,50,1,3242.0,46,3,3241.9,6,2,3241.8,59,3,3241.7,13,2,3243.0,33,2,3243.1,19,2,3243.2,63,6,3243.3,13,3,3243.5,27,2
11536,2025-12-30 09:37:01+05:30,3242.9,4,3246.66,77530,84884.0,102779.0,3250.0,3253.0,3239.8,3251.5,41263250,3576.6,2926.4,4322.95,2866.6,3242.1,50,1,3242.0,46,3,3241.9,6,2,3241.8,59,3,3241.7,13,2,3243.0,33,2,3243.1,19,2,3243.2,63,6,3243.3,13,3,3243.5,27,2
11536,2025-12-30 09:37:02+05:30,3242.1,40,3246.66,77584,81535.0,102736.0,3250.0,3253.0,3239.8,3251.5,41263250,3576.6,2926.4,4322.95,2866.6,3242.0,100,4,3241.9,6,2,3241.8,39,2,3241.7,10,1,3241.6,10,1,3242.6,12,2,3242.7,11,1,3242.8,106,6,3243.0,85,3,3243.1,175,1
11536,2025-12-30 09:37:02+05:30,3242.1,40,3246.66,77584,81535.0,102736.0,3250.0,3253.0,3239.8,3251.5,41263250,3576.6,2926.4,4322.95,2866.6,3242.0,100,4,3241.9,6,2,3241.8,39,2,3241.7,10,1,3241.6,10,1,3242.6,12,2,3242.7,11,1,3242.8,106,6,3243.0,85,3,3243.1,175,1
11536,2025-12-30 09:37:03+05:30,3242.0,6,3246.66,77591,81801.0,102575.0,3250.0,3253.0,3239.8,3251.5,41263250,3576.6,2926.4,4322.95,2866.6,3242.0,95,5,3241.9,6,2,3241.8,39,2,3241.7,10,1,3241.6,10,1,3242.6,2,2,3242.8,79,3,3242.9,12,1,3243.0,53,2,3243.1,184,2
11536,2025-12-30 09:37:03+05:30,3242.0,6,3246.66,77591,81801.0,102575.0,3250.0,3253.0,3239.8,3251.5,41263250,3576.6,2926.4,4322.95,2866.6,3242.0,95,5,3241.9,6,2,3241.8,39,2,3241.7,10,1,3241.6,10,1,3242.6,2,2,3242.8,79,3,3242.9,12,1,3243.0,53,2,3243.1,184,2
11536,2025-12-30 09:37:04+05:30,3242.6,1,3246.66,77591,81801.0,102575.0,3250.0,3253.0,3239.8,3251.5,41263250,3576.6,2926.4,4322.95,2866.6,3242.0,95,5,3241.9,6,2,3241.8,39,2,3241.7,10,1,3241.6,10,1,3242.6,2,2,3242.8,79,3,3242.9,12,1,3243.0,53,2,3243.1,184,2
11536,2025-12-30 09:37:04+05:30,3242.6,3,3246.65,77649,81919.0,104095.0,3250.0,3253.0,3239.8,3251.5,41263250,3576.6,2926.4,4322.95,2866.6,3242.0,60,3,3241.9,6,2,3241.8,39,2,3241.7,10,1,3241.6,10,1,3242.6,23,5,3242.7,19,2,3242.8,75,4,3242.9,33,2,3243.0,131,5
11536,2025-12-30 09:37:05+05:30,3242.0,7,3246.65,77649,81919.0,104095.0,3250.0,3253.0,3239.8,3251.5,41263250,3576.6,2926.4,4322.95,2866.6,3242.0,60,3,3241.9,6,2,3241.8,39,2,3241.7,10,1,3241.6,10,1,3242.6,23,5,3242.7,19,2,3242.8,75,4,3242.9,33,2,3243.0,131,5
11536,2025-12-30 09:37:06+05:30,3242.0,7,3246.65,77663,80525.0,104004.0,3250.0,3253.0,3239.8,3251.5,41263250,3576.6,2926.4,4322.95,2866.6,3242.0,66,4,3241.9,6,2,3241.8,39,2,3241.7,10,1,3241.6,10,1,3242.6,7,4,3242.7,10,1,3242.8,32,3,3242.9,33,2,3243.0,111,5
11536,2025-12-30 09:37:06+05:30,3242.6,1,3246.65,77663,80525.0,104004.0,3250.0,3253.0,3239.8,3251.5,41263250,3576.6,2926.4,4322.95,2866.6,3242.0,66,4,3241.9,6,2,3241.8,39,2,3241.7,10,1,3241.6,10,1,3242.6,7,4,3242.7,10,1,3242.8,32,3,3242.9,33,2,3243.0,111,5
11536,2025-12-30 09:37:07+05:30,3242.6,1,3246.65,77664,81750.0,103973.0,3250.0,3253.0,3239.8,3251.5,41263250,3576.6,2926.4,4322.95,2866.6,3242.0,66,4,3241.9,6,2,3241.8,39,2,3241.7,10,1,3241.6,10,1,3242.6,8,5,3242.7,10,1,3242.8,32,3,3242.9,33,2,3243.0,79,4
11536,2025-12-30 09:37:07+05:30,3242.0,6,3246.65,77664,81750.0,103973.0,3250.0,3253.0,3239.8,3251.5,41263250,3576.6,2926.4,4322.95,2866.6,3242.0,66,4,3241.9,6,2,3241.8,39,2,3241.7,10,1,3241.6,10,1,3242.6,8,5,3242.7,10,1,3242.8,32,3,3242.9,33,2,3243.0,79,4
11536,2025-12-30 09:37:08+05:30,3242.0,1,3246.65,77671,81787.0,103850.0,3250.0,3253.0,3239.8,3251.5,41263250,3576.6,2926.4,4322.95,2866.6,3242.0,59,4,3241.9,6,2,3241.8,39,2,3241.7,10,1,3241.6,10,1,3242.6,18,5,3242.8,11,1,3242.9,41,3,3243.0,79,4,3243.1,27,1
11536,2025-12-30 09:37:08+05:30,3242.0,1,3246.65,77671,81787.0,103850.0,3250.0,3253.0,3239.8,3251.5,41263250,3576.6,2926.4,4322.95,2866.6,3242.0,59,4,3241.9,6,2,3241.8,39,2,3241.7,10,1,3241.6,10,1,3242.6,18,5,3242.8,11,1,3242.9,41,3,3243.0,79,4,3243.1,27,1
11536,2025-12-30 09:37:09+05:30,3242.0,1,3246.65,77674,82157.0,103395.0,3250.0,3253.0,3239.8,3251.5,41263250,3576.6,2926.4,4322.95,2866.6,3242.0,57,4,3241.9,6,2,3241.8,39,2,3241.7,34,2,3241.6,10,1,3242.6,1,1,3242.9,12,1,3243.0,33,2,3243.1,27,1,3243.2,44,3
11536,2025-12-30 09:37:09+05:30,3242.0,1,3246.65,77674,82157.0,103395.0,3250.0,3253.0,3239.8,3251.5,41263250,3576.6,2926.4,4322.95,2866.6,3242.0,57,4,3241.9,6,2,3241.8,39,2,3241.7,34,2,3241.6,10,1,3242.6,1,1,3242.9,12,1,3243.0,33,2,3243.1,27,1,3243.2,44,3
11536,2025-12-30 09:37:10+05:30,3242.0,1,3246.65,77674,82213.0,101997.0,3250.0,3253.0,3239.8,3251.5,41263250,3576.6,2926.4,4322.95,2866.6,3242.0,57,4,3241.9,6,2,3241.8,39,2,3241.7,34,2,3241.6,10,1,3242.6,1,1,3242.9,12,1,3243.0,33,2,3243.1,27,1,3243.2,44,3
11536,2025-12-30 09:37:11+05:30,3242.0,1,3246.65,77675,82240.0,102875.0,3250.0,3253.0,3239.8,3251.5,41263250,3576.6,2926.4,4322.95,2866.6,3242.0,56,4,3241.9,6,2,3241.8,39,2,3241.7,10,1,3241.6,10,1,3243.0,21,1,3243.1,47,3,3243.2,44,3,3243.3,57,6,3243.4,76,3
11536,2025-12-30 09:37:11+05:30,3242.6,2,3246.65,77675,82240.0,102875.0,3250.0,3253.0,3239.8,3251.5,41263250,3576.6,2926.4,4322.95,2866.6,3242.0,56,4,3241.9,6,2,3241.8,39,2,3241.7,10,1,3241.6,10,1,3243.0,21,1,3243.1,47,3,3243.2,44,3,3243.3,57,6,3243.4,76,3
11536,2025-12-30 09:37:12+05:30,3242.6,2,3246.65,77677,82407.0,103045.0,3250.0,3253.0,3239.8,3251.5,41263250,3576.6,2926.4,4322.95,2866.6,3242.0,56,4,3241.9,6,2,3241.8,39,2,3241.7,10,1,3241.6,10,1,3242.6,3,1,3243.0,21,1,3243.1,47,3,3243.2,44,3,3243.3,173,5
11536,2025-12-30 09:37:12+05:30,3243.0,1,3246.65,77677,82407.0,103045.0,3250.0,3253.0,3239.8,3251.5,41263250,3576.6,2926.4,4322.95,2866.6,3242.0,56,4,3241.9,6,2,3241.8,39,2,3241.7,10,1,3241.6,10,1,3242.6,3,1,3243.0,21,1,3243.1,47,3,3243.2,44,3,3243.3,173,5
11536,2025-12-30 09:37:13+05:30,3243.0,1,3246.65,77682,82418.0,102767.0,3250.0,3253.0,3239.8,3251.5,41263250,3576.6,2926.4,4322.95,2866.6,3242.0,56,4,3241.9,6,2,3241.8,39,2,3241.7,10,1,3241.6,10,1,3242.6,14,1,3243.0,41,3,3243.1,47,3,3243.2,44,3,3243.3,56,5
11536,2025-12-30 09:37:14+05:30,3242.9,5,3246.65,77717,82388.0,102905.0,3250.0,3253.0,3239.8,3251.5,41263250,3576.6,2926.4,4322.95,2866.6,3242.0,56,4,3241.9,6,2,3241.8,39,2,3241.7,10,1,3241.6,30,2,3242.9,27,5,3243.0,74,5,3243.1,37,2,3243.2,45,3,3243.3,72,6
11536,2025-12-30 09:37:14+05:30,3242.9,5,3246.65,77717,82388.0,102905.0,3250.0,3253.0,3239.8,3251.5,41263250,3576.6,2926.4,4322.95,2866.6,3242.0,56,4,3241.9,6,2,3241.8,39,2,3241.7,10,1,3241.6,30,2,3242.9,27,5,3243.0,74,5,3243.1,37,2,3243.2,45,3,3243.3,72,6
11536,2025-12-30 09:37:15+05:30,3242.9,1,3246.65,77718,81691.0,102658.0,3250.0,3253.0,3239.8,3251.5,41263250,3576.6,2926.4,4322.95,2866.6,3242.0,56,4,3241.9,6,2,3241.8,39,2,3241.7,10,1,3241.6,30,2,3242.9,15,4,3243.0,64,4,3243.1,10,1,3243.2,57,4,3243.3,42,3
11536,2025-12-30 09:37:15+05:30,3242.9,1,3246.65,77718,81691.0,102658.0,3250.0,3253.0,3239.8,3251.5,41263250,3576.6,2926.4,4322.95,2866.6,3242.0,56,4,3241.9,6,2,3241.8,39,2,3241.7,10,1,3241.6,30,2,3242.9,15,4,3243.0,64,4,3243.1,10,1,3243.2,57,4,3243.3,42,3
11536,2025-12-30 09:37:16+05:30,3242.9,1,3246.65,77718,82058.0,102696.0,3250.0,3253.0,3239.8,3251.5,41263250,3576.6,2926.4,4322.95,2866.6,3242.0,56,4,3241.9,6,2,3241.8,39,2,3241.7,10,1,3241.6,30,2,3242.9,15,4,3243.0,64,4,3243.1,10,1,3243.2,68,5,3243.3,50,4
11536,2025-12-30 09:37:17+05:30,3242.0,1,3246.65,77718,82058.0,102696.0,3250.0,3253.0,3239.8,3251.5,41263250,3576.6,2926.4,4322.95,2866.6,3242.0,56,4,3241.9,6,2,3241.8,39,2,3241.7,10,1,3241.6,30,2,3242.9,15,4,3243.0,64,4,3243.1,10,1,3243.2,68,5,3243.3,50,4
11536,2025-12-30 09:37:17+05:30,3242.0,1,3246.65,77718,82058.0,102696.0,3250.0,3253.0,3239.8,3251.5,41263250,3576.6,2926.4,4322.95,2866.6,3242.0,56,4,3241.9,6,2,3241.8,39,2,3241.7,10,1,3241.6,30,2,3242.9,15,4,3243.0,64,4,3243.1,10,1,3243.2,68,5,3243.3,50,4
11536,2025-12-30 09:37:18+05:30,3242.9,1,3246.65,77725,82078.0,102274.0,3250.0,3253.0,3239.8,3251.5,41263250,3576.6,2926.4,4322.95,2866.6,3242.0,50,4,3241.9,6,2,3241.8,39,2,3241.7,36,2,3241.6,38,2,3242.9,4,2,3243.0,55,3,3243.2,56,4,3243.3,13,2,3243.4,51,3
11536,2025-12-30 09:37:18+05:30,3242.9,1,3246.65,77725,82078.0,102274.0,3250.0,3253.0,3239.8,3251.5,41263250,3576.6,2926.4,4322.95,2866.6,3242.0,50,4,3241.9,6,2,3241.8,39,2,3241.7,36,2,3241.6,38,2,3242.9,4,2,3243.0,55,3,3243.2,56,4,3243.3,13,2,3243.4,51,3
11536,2025-12-30 09:37:18+05:30,3242.0,9,3246.65,77725,82078.0,102274.0,3250.0,3253.0,3239.8,3251.5,41263250,3576.6,2926.4,4322.95,2866.6,3242.0,50,4,3241.9,6,2,3241.8,39,2,3241.7,36,2,3241.6,38,2,3242.9,4,2,3243.0,55,3,3243.2,56,4,3243.3,13,2,3243.4,51,3
11536,2025-12-30 09:37:19+05:30,3242.0,9,3246.64,77784,80758.0,102555.0,3250.0,3253.0,3239.8,3251.5,41263250,3576.6,2926.4,4322.95,2866.6,3242.0,6,1,3241.9,6,2,3241.8,39,2,3241.7,10,1,3241.6,38,2,3242.8,11,2,3242.9,1,1,3243.0,55,3,3243.2,71,5,3243.3,53,4
11536,2025-12-30 09:37:19+05:30,3242.0,9,3246.64,77784,80758.0,102555.0,3250.0,3253.0,3239.8,3251.5,41263250,3576.6,2926.4,4322.95,2866.6,3242.0,6,1,3241.9,6,2,3241.8,39,2,3241.7,10,1,3241.6,38,2,3242.8,11,2,3242.9,1,1,3243.0,55,3,3243.2,71,5,3243.3,53,4
11536,2025-12-30 09:37:19+05:30,3242.0,15,3246.64,77784,80758.0,102555.0,3250.0,3253.0,3239.8,3251.5,41263250,3576.6,2926.4,4322.95,2866.6,3242.0,6,1,3241.9,6,2,3241.8,39,2,3241.7,10,1,3241.6,38,2,3242.8,11,2,3242.9,1,1,3243.0,55,3,3243.2,71,5,3243.3,53,4
11536,2025-12-30 09:37:20+05:30,3242.0,15,3246.64,77799,82199.0,102386.0,3250.0,3253.0,3239.8,3251.5,41263250,3576.6,2926.4,4322.95,2866.6,3242.0,15,1,3241.9,6,2,3241.8,39,2,3241.7,10,1,3241.6,38,2,3242.8,15,4,3242.9,1,1,3243.0,55,3,3243.2,66,5,3243.3,41,3
11536,2025-12-30 09:37:20+05:30,3242.0,15,3246.64,77799,82199.0,102386.0,3250.0,3253.0,3239.8,3251.5,41263250,3576.6,2926.4,4322.95,2866.6,3242.0,15,1,3241.9,6,2,3241.8,39,2,3241.7,10,1,3241.6,38,2,3242.8,15,4,3242.9,1,1,3243.0,55,3,3243.2,66,5,3243.3,41,3
11536,2025-12-30 09:37:21+05:30,3242.0,1,3246.64,77800,82378.0,102501.0,3250.0,3253.0,3239.8,3251.5,41263250,3576.6,2926.4,4322.95,2866.6,3242.0,14,1,3241.9,6,2,3241.8,39,2,3241.7,13,2,3241.6,38,2,3242.8,15,4,3243.0,55,3,3243.2,54,4,3243.3,1,1,3243.4,198,3
11536,2025-12-30 09:37:21+05:30,3242.0,1,3246.64,77800,82378.0,102501.0,3250.0,3253.0,3239.8,3251.5,41263250,3576.6,2926.4,4322.95,2866.6,3242.0,14,1,3241.9,6,2,3241.8,39,2,3241.7,13,2,3241.6,38,2,3242.8,15,4,3243.0,55,3,3243.2,54,4,3243.3,1,1,3243.4,198,3
11536,2025-12-30 09:37:21+05:30,3242.0,9,3246.64,77800,82378.0,102501.0,3250.0,3253.0,3239.8,3251.5,41263250,3576.6,2926.4,4322.95,2866.6,3242.0,14,1,3241.9,6,2,3241.8,39,2,3241.7,13,2,3241.6,38,2,3242.8,15,4,3243.0,55,3,3243.2,54,4,3243.3,1,1,3243.4,198,3
11536,2025-12-30 09:37:22+05:30,3242.0,9,3246.64,77800,82378.0,102501.0,3250.0,3253.0,3239.8,3251.5,41263250,3576.6,2926.4,4322.95,2866.6,3242.0,14,1,3241.9,6,2,3241.8,39,2,3241.7,13,2,3241.6,38,2,3242.8,15,4,3243.0,55,3,3243.2,54,4,3243.3,1,1,3243.4,198,3
11536,2025-12-30 09:37:22+05:30,3242.0,9,3246.64,77809,82559.0,102373.0,3250.0,3253.0,3239.8,3251.5,41263250,3576.6,2926.4,4322.95,2866.6,3242.0,5,1,3241.9,6,2,3241.8,39,2,3241.7,39,3,3241.6,41,3,3242.8,1,1,3243.0,55,3,3243.1,8,1,3243.2,54,4,3243.3,45,3
11536,2025-12-30 09:37:22+05:30,3242.0,2,3246.64,77809,82559.0,102373.0,3250.0,3253.0,3239.8,3251.5,41263250,3576.6,2926.4,4322.95,2866.6,3242.0,5,1,3241.9,6,2,3241.8,39,2,3241.7,39,3,3241.6,41,3,3242.8,1,1,3243.0,55,3,3243.1,8,1,3243.2,54,4,3243.3,45,3
11536,2025-12-30 09:37:23+05:30,3242.0,2,3246.64,77809,82559.0,102373.0,3250.0,3253.0,3239.8,3251.5,41263250,3576.6,2926.4,4322.95,2866.6,3242.0,5,1,3241.9,6,2,3241.8,39,2,3241.7,39,3,3241.6,41,3,3242.8,1,1,3243.0,55,3,3243.1,8,1,3243.2,54,4,3243.3,45,3
11536,2025-12-30 09:37:23+05:30,3241.9,5,3246.64,77820,82790.0,99788.0,3250.0,3253.0,3239.8,3251.5,41263250,3576.6,2926.4,4322.95,2866.6,3241.9,1,1,3241.8,42,3,3241.7,29,3,3241.6,60,4,3241.5,34,5,3242.8,1,1,3242.9,8,1,3243.0,44,2,3243.2,32,2,3243.3,1,1
11536,2025-12-30 09:37:23+05:30,3241.9,5,3246.64,77820,82790.0,99788.0,3250.0,3253.0,3239.8,3251.5,41263250,3576.6,2926.4,4322.95,2866.6,3241.9,1,1,3241.8,42,3,3241.7,29,3,3241.6,60,4,3241.5,34,5,3242.8,1,1,3242.9,8,1,3243.0,44,2,3243.2,32,2,3243.3,1,1
11536,2025-12-30 09:37:23+05:30,3241.9,5,3246.64,77820,82790.0,99788.0,3250.0,3253.0,3239.8,3251.5,41263250,3576.6,2926.4,4322.95,2866.6,3241.9,1,1,3241.8,42,3,3241.7,29,3,3241.6,60,4,3241.5,34,5,3242.8,1,1,3242.9,8,1,3243.0,44,2,3243.2,32,2,3243.3,1,1
11536,2025-12-30 09:37:24+05:30,3241.9,5,3246.64,77820,82790.0,99788.0,3250.0,3253.0,3239.8,3251.5,41263250,3576.6,2926.4,4322.95,2866.6,3241.9,1,1,3241.8,42,3,3241.7,29,3,3241.6,60,4,3241.5,34,5,3242.8,1,1,3242.9,8,1,3243.0,44,2,3243.2,32,2,3243.3,1,1
11536,2025-12-30 09:37:24+05:30,3241.9,5,3246.64,77820,82815.0,102041.0,3250.0,3253.0,3239.8,3251.5,41263250,3576.6,2926.4,4322.95,2866.6,3241.9,1,1,3241.8,75,6,3241.7,29,3,3241.6,60,4,3241.5,57,6,3242.8,2,2,3242.9,8,1,3243.0,44,2,3243.2,21,1,3243.3,1,1
11536,2025-12-30 09:37:24+05:30,3241.9,5,3246.64,77820,82815.0,102041.0,3250.0,3253.0,3239.8,3251.5,41263250,3576.6,2926.4,4322.95,2866.6,3241.9,1,1,3241.8,75,6,3241.7,29,3,3241.6,60,4,3241.5,57,6,3242.8,2,2,3242.9,8,1,3243.0,44,2,3243.2,21,1,3243.3,1,1
11536,2025-12-30 09:37:25+05:30,3241.9,5,3246.64,77820,82815.0,102041.0,3250.0,3253.0,3239.8,3251.5,41263250,3576.6,2926.4,4322.95,2866.6,3241.9,1,1,3241.8,75,6,3241.7,29,3,3241.6,60,4,3241.5,57,6,3242.8,2,2,3242.9,8,1,3243.0,44,2,3243.2,21,1,3243.3,1,1
11536,2025-12-30 09:37:25+05:30,3241.9,1,3246.64,77822,82982.0,102234.0,3250.0,3253.0,3239.8,3251.5,41263250,3576.6,2926.4,4322.95,2866.6,3241.8,83,7,3241.7,221,5,3241.6,82,5,3241.5,34,5,3241.4,56,3,3242.8,1,1,3243.0,20,1,3243.2,21,1,3243.3,1,1,3243.5,43,3
11536,2025-12-30 09:37:25+05:30,3241.9,1,3246.64,77822,82982.0,102234.0,3250.0,3253.0,3239.8,3251.5,41263250,3576.6,2926.4,4322.95,2866.6,3241.8,83,7,3241.7,221,5,3241.6,82,5,3241.5,34,5,3241.4,56,3,3242.8,1,1,3243.0,20,1,3243.2,21,1,3243.3,1,1,3243.5,43,3
11536,2025-12-30 09:37:26+05:30,3241.9,1,3246.64,77822,82982.0,102234.0,3250.0,3253.0,3239.8,3251.5,41263250,3576.6,2926.4,4322.95,2866.6,3241.8,83,7,3241.7,221,5,3241.6,82,5,3241.5,34,5,3241.4,56,3,3242.8,1,1,3243.0,20,1,3243.2,21,1,3243.3,1,1,3243.5,43,3
11536,2025-12-30 09:37:26+05:30,3242.0,1,3246.64,77823,83942.0,100959.0,3250.0,3253.0,3239.8,3251.5,41263250,3576.6,2926.4,4322.95,2866.6,3242.2,48,5,3242.1,13,2,3242.0,72,3,3241.9,185,3,3241.8,204,10,3243.0,20,1,3243.2,20,1,3243.7,15,1,3243.8,21,1,3243.9,44,3
11536,2025-12-30 09:37:26+05:30,3242.0,1,3246.64,77823,83942.0,100959.0,3250.0,3253.0,3239.8,3251.5,41263250,3576.6,2926.4,4322.95,2866.6,3242.2,48,5,3242.1,13,2,3242.0,72,3,3241.9,185,3,3241.8,204,10,3243.0,20,1,3243.2,20,1,3243.7,15,1,3243.8,21,1,3243.9,44,3
11536,2025-12-30 09:37:27+05:30,3242.2,3,3246.64,77826,85260.0,99546.0,3250.0,3253.0,3239.8,3251.5,41263250,3576.6,2926.4,4322.95,2866.6,3242.2,75,7,3242.1,401,6,3242.0,72,3,3241.9,56,3,3241.8,177,10,3243.0,21,2,3243.7,15,1,3243.9,15,1,3244.0,22,1,3244.1,15,1
11536,2025-12-30 09:37:27+05:30,3242.2,3,3246.64,77826,85260.0,99546.0,3250.0,3253.0,3239.8,3251.5,41263250,3576.6,2926.4,4322.95,2866.6,3242.2,75,7,3242.1,401,6,3242.0,72,3,3241.9,56,3,3241.8,177,10,3243.0,21,2,3243.7,15,1,3243.9,15,1,3244.0,22,1,3244.1,15,1
11536,2025-12-30 09:37:28+05:30,3242.2,3,3246.64,77826,85260.0,99546.0,3250.0,3253.0,3239.8,3251.5,41263250,3576.6,2926.4,4322.95,2866.6,3242.2,75,7,3242.1,401,6,3242.0,72,3,3241.9,56,3,3241.8,177,10,3243.0,21,2,3243.7,15,1,3243.9,15,1,3244.0,22,1,3244.1,15,1
11536,2025-12-30 09:37:28+05:30,3242.2,12,3246.64,77826,85260.0,99546.0,3250.0,3253.0,3239.8,3251.5,41263250,3576.6,2926.4,4322.95,2866.6,3242.2,75,7,3242.1,401,6,3242.0,72,3,3241.9,56,3,3241.8,177,10,3243.0,21,2,3243.7,15,1,3243.9,15,1,3244.0,22,1,3244.1,15,1
11536,2025-12-30 09:37:28+05:30,3242.2,12,3246.64,77886,84965.0,100407.0,3250.0,3253.0,3239.8,3251.5,41263250,3576.6,2926.4,4322.95,2866.6,3242.2,45,6,3242.1,56,3,3242.0,72,3,3241.9,56,3,3241.8,176,9,3243.0,22,3,3243.7,15,1,3243.9,47,2,3244.0,22,1,3244.1,191,3
11536,2025-12-30 09:37:29+05:30,3242.2,12,3246.64,77886,84965.0,100407.0,3250.0,3253.0,3239.8,3251.5,41263250,3576.6,2926.4,4322.95,2866.6,3242.2,45,6,3242.1,56,3,3242.0,72,3,3241.9,56,3,3241.8,176,9,3243.0,22,3,3243.7,15,1,3243.9,47,2,3244.0,22,1,3244.1,191,3
11536,2025-12-30 09:37:29+05:30,3244.1,2,3246.64,77886,84965.0,100407.0,3250.0,3253.0,3239.8,3251.5,41263250,3576.6,2926.4,4322.95,2866.6,3242.2,45,6,3242.1,56,3,3242.0,72,3,3241.9,56,3,3241.8,176,9,3243.0,22,3,3243.7,15,1,3243.9,47,2,3244.0,22,1,3244.1,191,3
11536,2025-12-30 09:37:30+05:30,3244.1,2,3246.63,78010,84631.0,98792.0,3250.0,3253.0,3239.8,3251.5,41263250,3576.6,2926.4,4322.95,2866.6,3242.7,20,2,3242.6,117,3,3242.5,82,4,3242.4,107,3,3242.3,93,2,3244.1,24,3,3244.2,9,1,3244.3,5,1,3244.4,61,2,3244.5,38,3
11536,2025-12-30 09:37:31+05:30,3244.1,2,3246.63,78010,85157.0,98827.0,3250.0,3253.0,3239.8,3251.5,41263250,3576.6,2926.4,4322.95,2866.6,3242.7,35,5,3242.6,117,3,3242.5,74,3,3242.4,129,5,3242.3,93,2,3244.1,35,4,3244.3,14,2,3244.4,29,1,3244.5,30,2,3244.6,54,3
11536,2025-12-30 09:37:31+05:30,3244.1,2,3246.63,78010,85157.0,98827.0,3250.0,3253.0,3239.8,3251.5,41263250,3576.6,2926.4,4322.95,2866.6,3242.7,35,5,3242.6,117,3,3242.5,74,3,3242.4,129,5,3242.3,93,2,3244.1,35,4,3244.3,14,2,3244.4,29,1,3244.5,30,2,3244.6,54,3
11536,2025-12-30 09:37:32+05:30,3244.1,2,3246.63,78010,85129.0,98726.0,3250.0,3253.0,3239.8,3251.5,41263250,3576.6,2926.4,4322.95,2866.6,3242.7,98,6,3242.6,117,3,3242.5,74,3,3242.4,129,5,3242.3,94,3,3244.1,3,2,3244.3,14,2,3244.4,29,1,3244.5,30,2,3244.6,53,2
11536,2025-12-30 09:37:32+05:30,3244.1,2,3246.63,78010,85129.0,98726.0,3250.0,3253.0,3239.8,3251.5,41263250,3576.6,2926.4,4322.95,2866.6,3242.7,98,6,3242.6,117,3,3242.5,74,3,3242.4,129,5,3242.3,94,3,3244.1,3,2,3244.3,14,2,3244.4,29,1,3244.5,30,2,3244.6,53,2
11536,2025-12-30 09:37:32+05:30,3242.7,7,3246.63,78010,85129.0,98726.0,3250.0,3253.0,3239.8,3251.5,41263250,3576.6,2926.4,4322.95,2866.6,3242.7,98,6,3242.6,117,3,3242.5,74,3,3242.4,129,5,3242.3,94,3,3244.1,3,2,3244.3,14,2,3244.4,29,1,3244.5,30,2,3244.6,53,2
11536,2025-12-30 09:37:33+05:30,3242.7,7,3246.63,78029,86328.0,98915.0,3250.0,3253.0,3239.8,3251.5,41263250,3576.6,2926.4,4322.95,2866.6,3242.9,26,2,3242.8,68,3,3242.7,237,5,3242.6,100,3,3242.5,91,4,3244.1,25,4,3244.3,14,2,3244.4,29,1,3244.5,30,2,3244.6,65,3
11536,2025-12-30 09:37:33+05:30,3244.3,7,3246.63,78029,86328.0,98915.0,3250.0,3253.0,3239.8,3251.5,41263250,3576.6,2926.4,4322.95,2866.6,3242.9,26,2,3242.8,68,3,3242.7,237,5,3242.6,100,3,3242.5,91,4,3244.1,25,4,3244.3,14,2,3244.4,29,1,3244.5,30,2,3244.6,65,3
11536,2025-12-30 09:37:34+05:30,3244.3,7,3246.63,78029,86328.0,98915.0,3250.0,3253.0,3239.8,3251.5,41313650,3576.6,2926.4,4322.95,2866.6,3242.9,26,2,3242.8,68,3,3242.7,237,5,3242.6,100,3,3242.5,91,4,3244.1,25,4,3244.3,14,2,3244.4,29,1,3244.5,30,2,3244.6,65,3
11536,2025-12-30 09:37:34+05:30,3244.3,7,3246.63,78070,86486.0,98746.0,3250.0,3253.0,3239.8,3251.5,41313650,3576.6,2926.4,4322.95,2866.6,3242.9,6,2,3242.8,55,4,3242.7,237,5,3242.6,100,3,3242.5,91,4,3244.2,12,2,3244.3,56,4,3244.5,27,1,3244.6,76,4,3244.7,189,2
11536,2025-12-30 09:37:35+05:30,3244.2,1,3246.63,78071,86755.0,97661.0,3250.0,3253.0,3239.8,3251.5,41313650,3576.6,2926.4,4322.95,2866.6,3243.0,79,3,3242.9,84,5,3242.8,133,5,3242.7,71,4,3242.6,163,6,3244.2,1,1,3244.3,11,1,3244.7,191,2,3244.8,80,6,3244.9,60,3
11536,2025-12-30 09:37:35+05:30,3244.2,1,3246.63,78071,86755.0,97661.0,3250.0,3253.0,3239.8,3251.5,41313650,3576.6,2926.4,4322.95,2866.6,3243.0,79,3,3242.9,84,5,3242.8,133,5,3242.7,71,4,3242.6,163,6,3244.2,1,1,3244.3,11,1,3244.7,191,2,3244.8,80,6,3244.9,60,3
11536,2025-12-30 09:37:36+05:30,3244.2,1,3246.63,78071,86755.0,97661.0,3250.0,3253.0,3239.8,3251.5,41313650,3576.6,2926.4,4322.95,2866.6,3243.0,79,3,3242.9,84,5,3242.8,133,5,3242.7,71,4,3242.6,163,6,3244.2,1,1,3244.3,11,1,3244.7,191,2,3244.8,80,6,3244.9,60,3
11536,2025-12-30 09:37:36+05:30,3244.2,1,3246.63,78071,87262.0,97825.0,3250.0,3253.0,3239.8,3251.5,41313650,3576.6,2926.4,4322.95,2866.6,3243.0,90,5,3242.9,85,5,3242.8,133,5,3242.7,85,5,3242.6,164,7,3244.2,1,1,3244.3,11,1,3244.7,172,2,3244.8,80,6,3244.9,60,3
11536,2025-12-30 09:37:37+05:30,3243.0,7,3246.63,78078,86584.0,98462.0,3250.0,3253.0,3239.8,3251.5,41313650,3576.6,2926.4,4322.95,2866.6,3243.0,93,4,3242.9,67,3,3242.8,108,4,3242.7,71,4,3242.6,148,6,3244.3,31,3,3244.5,23,2,3244.6,24,1,3244.7,251,6,3244.8,80,6
11536,2025-12-30 09:37:37+05:30,3243.0,7,3246.63,78078,86584.0,98462.0,3250.0,3253.0,3239.8,3251.5,41313650,3576.6,2926.4,4322.95,2866.6,3243.0,93,4,3242.9,67,3,3242.8,108,4,3242.7,71,4,3242.6,148,6,3244.3,31,3,3244.5,23,2,3244.6,24,1,3244.7,251,6,3244.8,80,6
11536,2025-12-30 09:37:38+05:30,3243.0,7,3246.63,78078,86294.0,99084.0,3250.0,3253.0,3239.8,3251.5,41313650,3576.6,2926.4,4322.95,2866.6,3243.0,50,1,3242.9,6,2,3242.8,96,3,3242.7,71,4,3242.6,86,4,3244.1,44,3,3244.2,11,2,3244.3,44,5,3244.4,8,1,3244.5,60,3
11536,2025-12-30 09:37:38+05:30,3242.6,14,3246.63,78078,86294.0,99084.0,3250.0,3253.0,3239.8,3251.5,41313650,3576.6,2926.4,4322.95,2866.6,3243.0,50,1,3242.9,6,2,3242.8,96,3,3242.7,71,4,3242.6,86,4,3244.1,44,3,3244.2,11,2,3244.3,44,5,3244.4,8,1,3244.5,60,3
11536,2025-12-30 09:37:39+05:30,3242.6,14,3246.62,78283,82974.0,99796.0,3250.0,3253.0,3239.8,3251.5,41313650,3576.6,2926.4,4322.95,2866.6,3242.6,7,1,3242.5,1,1,3242.2,500,1,3242.1,54,2,3242.0,38,4,3243.0,5,2,3243.2,26,1,3243.3,12,1,3243.5,26,2,3243.6,22,2
11536,2025-12-30 09:37:40+05:30,3242.6,14,3246.62,78283,86026.0,101499.0,3250.0,3253.0,3239.8,3251.5,41313650,3576.6,2926.4,4322.95,2866.6,3242.6,7,1,3242.5,1,1,3242.2,500,1,3242.1,2,1,3242.0,50,4,3243.0,8,3,3243.2,26,1,3243.3,14,1,3243.4,14,1,3243.5,12,1
11536,2025-12-30 09:37:40+05:30,3242.6,3,3246.62,78283,86026.0,101499.0,3250.0,3253.0,3239.8,3251.5,41313650,3576.6,2926.4,4322.95,2866.6,3242.6,7,1,3242.5,1,1,3242.2,500,1,3242.1,2,1,3242.0,50,4,3243.0,8,3,3243.2,26,1,3243.3,14,1,3243.4,14,1,3243.5,12,1
11536,2025-12-30 09:37:41+05:30,3242.6,1,3246.62,78289,86009.0,100472.0,3250.0,3253.0,3239.8,3251.5,41313650,3576.6,2926.4,4322.95,2866.6,3242.6,2,1,3242.5,1,1,3242.2,500,1,3242.1,2,1,3242.0,18,3,3243.0,8,3,3243.2,26,1,3243.3,25,2,3243.4,25,2,3243.5,8,1
11536,2025-12-30 09:37:41+05:30,3242.6,8,3246.62,78289,86009.0,100472.0,3250.0,3253.0,3239.8,3251.5,41313650,3576.6,2926.4,4322.95,2866.6,3242.6,2,1,3242.5,1,1,3242.2,500,1,3242.1,2,1,3242.0,18,3,3243.0,8,3,3243.2,26,1,3243.3,25,2,3243.4,25,2,3243.5,8,1
11536,2025-12-30 09:37:42+05:30,3242.6,8,3246.62,78297,84001.0,102415.0,3250.0,3253.0,3239.8,3251.5,41313650,3576.6,2926.4,4322.95,2866.6,3242.5,1,1,3242.2,500,1,3242.1,2,1,3242.0,18,3,3241.9,15,2,3242.9,16,3,3243.0,35,3,3243.1,18,2,3243.2,45,2,3243.3,25,2
11536,2025-12-30 09:37:42+05:30,3242.3,3,3246.62,78297,84001.0,102415.0,3250.0,3253.0,3239.8,3251.5,41313650,3576.6,2926.4,4322.95,2866.6,3242.5,1,1,3242.2,500,1,3242.1,2,1,3242.0,18,3,3241.9,15,2,3242.9,16,3,3243.0,35,3,3243.1,18,2,3243.2,45,2,3243.3,25,2
11536,2025-12-30 09:37:43+05:30,3242.3,3,3246.59,78803,83912.0,103516.0,3250.0,3253.0,3239.8,3251.5,41313650,3576.6,2926.4,4322.95,2866.6,3242.1,2,1,3242.0,18,3,3241.9,12,1,3241.8,51,3,3241.7,10,1,3242.4,11,2,3242.6,21,1,3242.7,27,2,3242.8,48,2,3242.9,26,3
11536,2025-12-30 09:37:44+05:30,3242.3,3,3246.59,78803,84414.0,103535.0,3250.0,3253.0,3239.8,3251.5,41313650,3576.6,2926.4,4322.95,2866.6,3242.1,2,1,3242.0,18,3,3241.9,12,1,3241.8,51,3,3241.7,10,1,3242.4,11,2,3242.6,21,1,3242.7,27,2,3242.8,48,2,3242.9,17,2
11536,2025-12-30 09:37:45+05:30,3242.0,4,3246.59,78897,83472.0,105613.0,3250.0,3253.0,3239.8,3251.5,41313650,3576.6,2926.4,4322.95,2866.6,3241.9,12,1,3241.8,51,3,3241.7,10,1,3241.6,10,1,3241.5,6,2,3242.0,20,4,3242.1,10,1,3242.2,25,2,3242.3,19,2,3242.4,49,4
11536,2025-12-30 09:37:45+05:30,3242.0,4,3246.59,78897,83472.0,105613.0,3250.0,3253.0,3239.8,3251.5,41313650,3576.6,2926.4,4322.95,2866.6,3241.9,12,1,3241.8,51,3,3241.7,10,1,3241.6,10,1,3241.5,6,2,3242.0,20,4,3242.1,10,1,3242.2,25,2,3242.3,19,2,3242.4,49,4
11536,2025-12-30 09:37:46+05:30,3241.7,10,3246.56,79255,82414.0,105044.0,3250.0,3253.0,3239.8,3251.5,41313650,3576.6,2926.4,4322.95,2866.6,3241.7,10,1,3241.6,10,1,3241.5,6,2,3241.3,1,1,3241.2,1,1,3241.8,26,3,3241.9,25,2,3242.0,35,4,3242.1,40,4,3242.2,29,2
11536,2025-12-30 09:37:46+05:30,3241.7,10,3246.56,79255,82414.0,105044.0,3250.0,3253.0,3239.8,3251.5,41313650,3576.6,2926.4,4322.95,2866.6,3241.7,10,1,3241.6,10,1,3241.5,6,2,3241.3,1,1,3241.2,1,1,3241.8,26,3,3241.9,25,2,3242.0,35,4,3242.1,40,4,3242.2,29,2
11536,2025-12-30 09:37:47+05:30,3241.7,10,3246.56,79255,79574.0,105561.0,3250.0,3253.0,3239.8,3251.5,41313650,3576.6,2926.4,4322.95,2866.6,3241.7,10,1,3241.6,10,1,3241.5,6,2,3241.3,1,1,3241.2,1,1,3241.8,11,2,3241.9,10,1,3242.0,35,4,3242.1,30,3,3242.2,34,2
11536,2025-12-30 09:37:48+05:30,3241.0,10,3246.54,79662,81873.0,107157.0,3250.0,3253.0,3239.8,3251.5,41313650,3576.6,2926.4,4322.95,2866.6,3240.5,6,2,3240.2,5,1,3240.1,24,5,3240.0,1339,40,3239.9,142,3,3241.0,10,1,3241.2,2,1,3241.5,8,2,3241.6,46,5,3241.7,13,1
11536,2025-12-30 09:37:48+05:30,3241.0,10,3246.54,79662,81873.0,107157.0,3250.0,3253.0,3239.8,3251.5,41313650,3576.6,2926.4,4322.95,2866.6,3240.5,6,2,3240.2,5,1,3240.1,24,5,3240.0,1339,40,3239.9,142,3,3241.0,10,1,3241.2,2,1,3241.5,8,2,3241.6,46,5,3241.7,13,1
11536,2025-12-30 09:37:49+05:30,3240.4,14,3246.54,79662,81873.0,107157.0,3250.0,3253.0,3239.8,3251.5,41313650,3576.6,2926.4,4322.95,2866.6,3240.5,6,2,3240.2,5,1,3240.1,24,5,3240.0,1339,40,3239.9,142,3,3241.0,10,1,3241.2,2,1,3241.5,8,2,3241.6,46,5,3241.7,13,1
11536,2025-12-30 09:37:49+05:30,3240.4,14,3246.53,79693,82865.0,105579.0,3250.0,3253.0,3239.8,3251.5,41313650,3576.6,2926.4,4322.95,2866.6,3240.3,38,3,3240.2,5,1,3240.1,8,4,3240.0,1371,42,3239.9,195,6,3240.4,6,1,3241.0,5,1,3241.2,2,1,3241.5,8,2,3241.6,2,1
11536,2025-12-30 09:37:50+05:30,3240.4,21,3246.53,79693,82865.0,105579.0,3250.0,3253.0,3239.8,3251.5,41313650,3576.6,2926.4,4322.95,2866.6,3240.3,38,3,3240.2,5,1,3240.1,8,4,3240.0,1371,42,3239.9,195,6,3240.4,6,1,3241.0,5,1,3241.2,2,1,3241.5,8,2,3241.6,2,1
11536,2025-12-30 09:37:51+05:30,3240.4,21,3246.53,79741,82555.0,106454.0,3250.0,3253.0,3239.8,3251.5,41313650,3576.6,2926.4,4322.95,2866.6,3240.2,21,3,3240.1,8,4,3240.0,1339,40,3239.9,141,3,3239.8,42,3,3240.4,6,1,3241.0,6,2,3241.2,2,1,3241.5,2,1,3241.6,52,5
11536,2025-12-30 09:37:51+05:30,3240.1,1,3246.53,79741,82555.0,106454.0,3250.0,3253.0,3239.8,3251.5,41313650,3576.6,2926.4,4322.95,2866.6,3240.2,21,3,3240.1,8,4,3240.0,1339,40,3239.9,141,3,3239.8,42,3,3240.4,6,1,3241.0,6,2,3241.2,2,1,3241.5,2,1,3241.6,52,5
11536,2025-12-30 09:37:52+05:30,3240.1,1,3246.53,79770,82054.0,107504.0,3250.0,3253.0,3239.8,3251.5,41313650,3576.6,2926.4,4322.95,2866.6,3240.0,1335,40,3239.9,100,1,3239.8,13,2,3239.7,256,4,3239.6,15,1,3240.1,8,3,3240.4,8,4,3241.0,1,1,3241.4,62,2,3241.5,171,2
11536,2025-12-30 09:37:52+05:30,3240.1,1,3246.53,79770,82054.0,107504.0,3250.0,3253.0,3239.8,3251.5,41313650,3576.6,2926.4,4322.95,2866.6,3240.0,1335,40,3239.9,100,1,3239.8,13,2,3239.7,256,4,3239.6,15,1,3240.1,8,3,3240.4,8,4,3241.0,1,1,3241.4,62,2,3241.5,171,2
11536,2025-12-30 09:37:53+05:30,3240.1,1,3246.52,79836,82042.0,107509.0,3250.0,3253.0,3239.8,3251.5,41313650,3576.6,2926.4,4322.95,2866.6,3240.0,1292,36,3239.9,100,1,3239.8,39,4,3239.7,241,3,3239.6,15,1,3240.1,23,5,3240.4,3,3,3241.0,1,1,3241.4,54,3,3241.5,177,2
11536,2025-12-30 09:37:53+05:30,3240.1,2,3246.52,79836,82042.0,107509.0,3250.0,3253.0,3239.8,3251.5,41313650,3576.6,2926.4,4322.95,2866.6,3240.0,1292,36,3239.9,100,1,3239.8,39,4,3239.7,241,3,3239.6,15,1,3240.1,23,5,3240.4,3,3,3241.0,1,1,3241.4,54,3,3241.5,177,2
11536,2025-12-30 09:37:53+05:30,3240.1,2,3246.52,79882,82319.0,107435.0,3250.0,3253.0,3239.8,3251.5,41313650,3576.6,2926.4,4322.95,2866.6,3240.0,1355,40,3239.9,117,3,3239.8,59,4,3239.7,306,7,3239.6,50,3,3240.1,7,3,3240.4,13,4,3241.4,54,3,3241.5,154,1,3241.6,166,7
11536,2025-12-30 09:37:54+05:30,3240.0,17,3246.52,79882,82319.0,107435.0,3250.0,3253.0,3239.8,3251.5,41313650,3576.6,2926.4,4322.95,2866.6,3240.0,1355,40,3239.9,117,3,3239.8,59,4,3239.7,306,7,3239.6,50,3,3240.1,7,3,3240.4,13,4,3241.4,54,3,3241.5,154,1,3241.6,166,7
11536,2025-12-30 09:37:54+05:30,3240.1,1,3246.52,79911,82447.0,107489.0,3250.0,3253.0,3239.8,3251.5,41313650,3576.6,2926.4,4322.95,2866.6,3240.0,1323,38,3239.9,105,2,3239.8,13,2,3239.7,236,3,3239.6,35,2,3240.1,3,3,3240.4,10,1,3241.3,170,1,3241.4,115,4,3241.5,71,2
11536,2025-12-30 09:37:55+05:30,3240.4,2,3246.52,79911,82447.0,107489.0,3250.0,3253.0,3239.8,3251.5,41313650,3576.6,2926.4,4322.95,2866.6,3240.0,1323,38,3239.9,105,2,3239.8,13,2,3239.7,236,3,3239.6,35,2,3240.1,3,3,3240.4,10,1,3241.3,170,1,3241.4,115,4,3241.5,71,2
11536,2025-12-30 09:37:55+05:30,3240.4,2,3246.52,79931,82878.0,107441.0,3250.0,3253.0,3239.8,3251.5,41313650,3576.6,2926.4,4322.95,2866.6,3240.0,1323,38,3239.9,105,2,3239.8,23,3,3239.7,239,5,3239.6,46,3,3240.4,9,2,3241.4,42,3,3241.5,71,2,3241.6,137,6,3241.7,229,3
11536,2025-12-30 09:37:57+05:30,3240.4,2,3246.52,79931,82921.0,107267.0,3250.0,3253.0,3239.8,3251.5,41313650,3576.6,2926.4,4322.95,2866.6,3240.0,1334,39,3239.9,105,2,3239.8,34,4,3239.7,239,5,3239.6,35,2,3240.4,9,2,3241.4,42,3,3241.5,72,3,3241.6,137,6,3241.7,229,3
11536,2025-12-30 09:37:57+05:30,3241.4,7,3246.52,79931,82921.0,107267.0,3250.0,3253.0,3239.8,3251.5,41313650,3576.6,2926.4,4322.95,2866.6,3240.0,1334,39,3239.9,105,2,3239.8,34,4,3239.7,239,5,3239.6,35,2,3240.4,9,2,3241.4,42,3,3241.5,72,3,3241.6,137,6,3241.7,229,3
11536,2025-12-30 09:37:58+05:30,3241.4,7,3246.51,79950,83005.0,105504.0,3250.0,3253.0,3239.8,3251.5,41313650,3576.6,2926.4,4322.95,2866.6,3240.0,1834,40,3239.9,105,2,3239.8,31,4,3239.7,32,3,3239.6,114,4,3241.1,20,2,3241.2,19,2,3241.3,63,5,3241.4,19,3,3241.5,53,3
11536,2025-12-30 09:37:58+05:30,3240.4,1,3246.51,79950,83005.0,105504.0,3250.0,3253.0,3239.8,3251.5,41313650,3576.6,2926.4,4322.95,2866.6,3240.0,1834,40,3239.9,105,2,3239.8,31,4,3239.7,32,3,3239.6,114,4,3241.1,20,2,3241.2,19,2,3241.3,63,5,3241.4,19,3,3241.5,53,3
11536,2025-12-30 09:37:59+05:30,3240.4,1,3246.51,79951,83029.0,106556.0,3250.0,3253.0,3239.8,3251.5,41313650,3576.6,2926.4,4322.95,2866.6,3240.0,1843,42,3239.9,106,3,3239.8,39,4,3239.7,247,7,3239.6,78,2,3240.4,5,1,3241.1,22,2,3241.2,9,1,3241.3,39,3,3241.4,12,2
11536,2025-12-30 09:37:59+05:30,3240.4,25,3246.51,79951,83029.0,106556.0,3250.0,3253.0,3239.8,3251.5,41313650,3576.6,2926.4,4322.95,2866.6,3240.0,1843,42,3239.9,106,3,3239.8,39,4,3239.7,247,7,3239.6,78,2,3240.4,5,1,3241.1,22,2,3241.2,9,1,3241.3,39,3,3241.4,12,2
11536,2025-12-30 09:38:00+05:30,3240.4,25,3246.51,79995,82628.0,106920.0,3250.0,3253.0,3239.8,3251.5,41313650,3576.6,2926.4,4322.95,2866.6,3240.0,1886,43,3239.9,106,3,3239.8,34,4,3239.7,207,4,3239.6,17,1,3240.4,6,1,3241.3,48,4,3241.4,1,1,3241.5,170,2,3241.6,269,6
11536,2025-12-30 09:38:00+05:30,3240.0,3,3246.51,79995,82628.0,106920.0,3250.0,3253.0,3239.8,3251.5,41313650,3576.6,2926.4,4322.95,2866.6,3240.0,1886,43,3239.9,106,3,3239.8,34,4,3239.7,207,4,3239.6,17,1,3240.4,6,1,3241.3,48,4,3241.4,1,1,3241.5,170,2,3241.6,269,6
11536,2025-12-30 09:38:01+05:30,3240.0,3,3246.45,80779,82227.0,106756.0,3250.0,3253.0,3239.8,3251.5,41313650,3576.6,2926.4,4322.95,2866.6,3240.0,1110,34,3239.9,115,4,3239.8,56,5,3239.7,242,4,3239.6,17,1,3240.4,13,2,3241.3,47,3,3241.4,33,2,3241.5,13,1,3241.6,105,4
11536,2025-12-30 09:38:01+05:30,3240.4,1,3246.45,80779,82227.0,106756.0,3250.0,3253.0,3239.8,3251.5,41313650,3576.6,2926.4,4322.95,2866.6,3240.0,1110,34,3239.9,115,4,3239.8,56,5,3239.7,242,4,3239.6,17,1,3240.4,13,2,3241.3,47,3,3241.4,33,2,3241.5,13,1,3241.6,105,4
11536,2025-12-30 09:38:02+05:30,3240.4,1,3246.45,80793,82346.0,106499.0,3250.0,3253.0,3239.8,3251.5,41313650,3576.6,2926.4,4322.95,2866.6,3240.1,41,3,3240.0,1102,33,3239.9,143,4,3239.8,45,4,3239.7,219,4,3240.4,15,4,3241.3,25,1,3241.4,1,1,3241.5,13,1,3241.6,105,4
11536,2025-12-30 09:38:02+05:30,3240.4,1,3246.45,80793,82346.0,106499.0,3250.0,3253.0,3239.8,3251.5,41313650,3576.6,2926.4,4322.95,2866.6,3240.1,41,3,3240.0,1102,33,3239.9,143,4,3239.8,45,4,3239.7,219,4,3240.4,15,4,3241.3,25,1,3241.4,1,1,3241.5,13,1,3241.6,105,4
11536,2025-12-30 09:38:03+05:30,3240.0,101,3246.44,80902,82465.0,106459.0,3250.0,3253.0,3239.8,3251.5,41313650,3576.6,2926.4,4322.95,2866.6,3240.0,1017,35,3239.9,168,5,3239.8,46,5,3239.7,122,6,3239.6,3,1,3240.4,3,3,3241.3,66,3,3241.4,1,1,3241.5,56,2,3241.6,108,5
11536,2025-12-30 09:38:03+05:30,3240.1,1,3246.44,80902,82465.0,106459.0,3250.0,3253.0,3239.8,3251.5,41313650,3576.6,2926.4,4322.95,2866.6,3240.0,1017,35,3239.9,168,5,3239.8,46,5,3239.7,122,6,3239.6,3,1,3240.4,3,3,3241.3,66,3,3241.4,1,1,3241.5,56,2,3241.6,108,5
11536,2025-12-30 09:38:04+05:30,3240.1,1,3246.44,80939,83022.0,105841.0,3250.0,3253.0,3239.8,3251.5,41313650,3576.6,2926.4,4322.95,2866.6,3240.1,48,4,3240.0,1033,34,3239.9,106,3,3239.8,78,6,3239.7,125,6,3240.4,11,2,3241.3,25,1,3241.4,9,1,3241.6,33,3,3241.7,105,3
11536,2025-12-30 09:38:05+05:30,3240.4,1,3246.44,80940,82759.0,105781.0,3250.0,3253.0,3239.8,3251.5,41313650,3576.6,2926.4,4322.95,2866.6,3240.1,180,7,3240.0,1060,35,3239.9,6,2,3239.8,78,6,3239.7,125,6,3240.4,10,2,3241.3,25,1,3241.4,9,1,3241.6,33,3,3241.7,75,2
11536,2025-12-30 09:38:05+05:30,3240.4,1,3246.44,80940,82759.0,105781.0,3250.0,3253.0,3239.8,3251.5,41313650,3576.6,2926.4,4322.95,2866.6,3240.1,180,7,3240.0,1060,35,3239.9,6,2,3239.8,78,6,3239.7,125,6,3240.4,10,2,3241.3,25,1,3241.4,9,1,3241.6,33,3,3241.7,75,2
11536,2025-12-30 09:38:06+05:30,3240.5,7,3246.43,81061,84155.0,103573.0,3250.0,3253.0,3239.8,3251.5,41313650,3576.6,2926.4,4322.95,2866.6,3240.5,39,2,3240.4,61,1,3240.3,133,5,3240.2,298,6,3240.1,240,8,3241.3,1,1,3241.4,1,1,3241.6,1,1,3241.7,1,1,3241.9,52,4
11536,2025-12-30 09:38:06+05:30,3240.5,7,3246.43,81061,84155.0,103573.0,3250.0,3253.0,3239.8,3251.5,41313650,3576.6,2926.4,4322.95,2866.6,3240.5,39,2,3240.4,61,1,3240.3,133,5,3240.2,298,6,3240.1,240,8,3241.3,1,1,3241.4,1,1,3241.6,1,1,3241.7,1,1,3241.9,52,4
11536,2025-12-30 09:38:07+05:30,3240.5,7,3246.43,81061,84216.0,103558.0,3250.0,3253.0,3239.8,3251.5,41313650,3576.6,2926.4,4322.95,2866.6,3240.5,76,5,3240.4,101,3,3240.3,170,6,3240.2,120,5,3240.1,213,8,3241.3,1,1,3241.4,1,1,3241.6,1,1,3241.7,1,1,3241.9,11,2
11536,2025-12-30 09:38:07+05:30,3241.3,1,3246.43,81061,84216.0,103558.0,3250.0,3253.0,3239.8,3251.5,41313650,3576.6,2926.4,4322.95,2866.6,3240.5,76,5,3240.4,101,3,3240.3,170,6,3240.2,120,5,3240.1,213,8,3241.3,1,1,3241.4,1,1,3241.6,1,1,3241.7,1,1,3241.9,11,2
11536,2025-12-30 09:38:08+05:30,3240.6,12,3246.42,81123,84558.0,103076.0,3250.0,3253.0,3239.8,3251.5,41313650,3576.6,2926.4,4322.95,2866.6,3240.5,118,5,3240.4,69,2,3240.3,190,6,3240.2,118,4,3240.1,391,10,3241.4,1,1,3241.6,1,1,3241.7,1,1,3241.9,2,1,3242.0,15,1
11536,2025-12-30 09:38:08+05:30,3240.6,12,3246.42,81123,84558.0,103076.0,3250.0,3253.0,3239.8,3251.5,41313650,3576.6,2926.4,4322.95,2866.6,3240.5,118,5,3240.4,69,2,3240.3,190,6,3240.2,118,4,3240.1,391,10,3241.4,1,1,3241.6,1,1,3241.7,1,1,3241.9,2,1,3242.0,15,1
11536,2025-12-30 09:38:09+05:30,3240.7,1,3246.42,81123,84558.0,103076.0,3250.0,3253.0,3239.8,3251.5,41313650,3576.6,2926.4,4322.95,2866.6,3240.7,63,4,3240.6,117,5,3240.5,83,4,3240.4,133,4,3240.3,211,7,3241.4,2,2,3241.6,1,1,3241.7,1,1,3242.0,15,1,3242.2,178,1
11536,2025-12-30 09:38:09+05:30,3240.7,1,3246.42,81143,84883.0,103017.0,3250.0,3253.0,3239.8,3251.5,41313650,3576.6,2926.4,4322.95,2866.6,3240.7,63,4,3240.6,117,5,3240.5,83,4,3240.4,133,4,3240.3,211,7,3241.4,2,2,3241.6,1,1,3241.7,1,1,3242.0,15,1,3242.2,178,1
11536,2025-12-30 09:38:10+05:30,3240.7,1,3246.42,81143,85061.0,103316.0,3250.0,3253.0,3239.8,3251.5,41313650,3576.6,2926.4,4322.95,2866.6,3240.7,61,4,3240.6,107,4,3240.5,85,5,3240.4,133,4,3240.3,220,8,3241.4,3,3,3241.6,1,1,3241.7,1,1,3242.0,15,1,3242.2,180,2
11536,2025-12-30 09:38:11+05:30,3240.7,9,3246.42,81143,85061.0,103316.0,3250.0,3253.0,3239.8,3251.5,41313650,3576.6,2926.4,4322.95,2866.6,3240.7,61,4,3240.6,107,4,3240.5,85,5,3240.4,133,4,3240.3,220,8,3241.4,3,3,3241.6,1,1,3241.7,1,1,3242.0,15,1,3242.2,180,2
11536,2025-12-30 09:38:11+05:30,3240.6,8,3246.42,81202,85216.0,103708.0,3250.0,3253.0,3239.8,3251.5,41313650,3576.6,2926.4,4322.95,2866.6,3240.6,72,2,3240.5,247,5,3240.4,133,4,3240.3,188,7,3240.2,118,4,3241.4,16,3,3241.6,1,1,3241.7,1,1,3242.0,47,2,3242.2,180,2
11536,2025-12-30 09:38:12+05:30,3240.6,1,3246.42,81202,85216.0,103708.0,3250.0,3253.0,3239.8,3251.5,41313650,3576.6,2926.4,4322.95,2866.6,3240.6,72,2,3240.5,247,5,3240.4,133,4,3240.3,188,7,3240.2,118,4,3241.4,16,3,3241.6,1,1,3241.7,1,1,3242.0,47,2,3242.2,180,2
11536,2025-12-30 09:38:13+05:30,3240.6,2,3246.42,81210,85315.0,103690.0,3250.0,3253.0,3239.8,3251.5,41313650,3576.6,2926.4,4322.95,2866.6,3240.6,154,4,3240.5,206,4,3240.4,118,3,3240.3,147,4,3240.2,106,3,3241.4,15,3,3241.6,1,1,3241.7,1,1,3242.0,47,2,3242.2,10,1
11536,2025-12-30 09:38:13+05:30,3240.6,2,3246.42,81210,85315.0,103690.0,3250.0,3253.0,3239.8,3251.5,41313650,3576.6,2926.4,4322.95,2866.6,3240.6,154,4,3240.5,206,4,3240.4,118,3,3240.3,147,4,3240.2,106,3,3241.4,15,3,3241.6,1,1,3241.7,1,1,3242.0,47,2,3242.2,10,1
11536,2025-12-30 09:38:14+05:30,3241.4,1,3246.42,81211,85270.0,103712.0,3250.0,3253.0,3239.8,3251.5,41313650,3576.6,2926.4,4322.95,2866.6,3240.6,124,3,3240.5,206,4,3240.4,118,3,3240.3,173,5,3240.2,106,3,3241.4,14,3,3241.6,1,1,3241.7,1,1,3242.0,47,2,3242.2,2,1
11536,2025-12-30 09:38:14+05:30,3241.4,1,3246.42,81211,85270.0,103712.0,3250.0,3253.0,3239.8,3251.5,41313650,3576.6,2926.4,4322.95,2866.6,3240.6,124,3,3240.5,206,4,3240.4,118,3,3240.3,173,5,3240.2,106,3,3241.4,14,3,3241.6,1,1,3241.7,1,1,3242.0,47,2,3242.2,2,1
11536,2025-12-30 09:38:15+05:30,3240.9,1,3246.42,81217,85402.0,103391.0,3250.0,3253.0,3239.8,3251.5,41313650,3576.6,2926.4,4322.95,2866.6,3240.6,152,5,3240.5,218,4,3240.4,115,2,3240.3,188,6,3240.2,107,4,3240.9,1,1,3241.4,13,2,3241.6,1,1,3241.7,1,1,3242.0,28,2
11536,2025-12-30 09:38:15+05:30,3240.9,1,3246.42,81217,85402.0,103391.0,3250.0,3253.0,3239.8,3251.5,41313650,3576.6,2926.4,4322.95,2866.6,3240.6,152,5,3240.5,218,4,3240.4,115,2,3240.3,188,6,3240.2,107,4,3240.9,1,1,3241.4,13,2,3241.6,1,1,3241.7,1,1,3242.0,28,2
11536,2025-12-30 09:38:16+05:30,3240.6,1,3246.42,81218,85440.0,103240.0,3250.0,3253.0,3239.8,3251.5,41313650,3576.6,2926.4,4322.95,2866.6,3240.6,159,6,3240.5,186,3,3240.4,115,2,3240.3,195,6,3240.2,107,4,3240.9,2,2,3241.4,12,1,3241.6,1,1,3241.7,1,1,3242.0,90,5
11536,2025-12-30 09:38:16+05:30,3240.6,1,3246.42,81218,85440.0,103240.0,3250.0,3253.0,3239.8,3251.5,41313650,3576.6,2926.4,4322.95,2866.6,3240.6,159,6,3240.5,186,3,3240.4,115,2,3240.3,195,6,3240.2,107,4,3240.9,2,2,3241.4,12,1,3241.6,1,1,3241.7,1,1,3242.0,90,5
11536,2025-12-30 09:38:17+05:30,3240.9,12,3246.42,81233,85772.0,103765.0,3250.0,3253.0,3239.8,3251.5,41313650,3576.6,2926.4,4322.95,2866.6,3240.6,143,4,3240.5,11,2,3240.4,290,3,3240.3,195,6,3240.2,130,5,3240.9,1,1,3241.6,1,1,3241.7,1,1,3242.0,60,5,3242.1,33,2
11536,2025-12-30 09:38:17+05:30,3240.9,1,3246.42,81233,85772.0,103765.0,3250.0,3253.0,3239.8,3251.5,41313650,3576.6,2926.4,4322.95,2866.6,3240.6,143,4,3240.5,11,2,3240.4,290,3,3240.3,195,6,3240.2,130,5,3240.9,1,1,3241.6,1,1,3241.7,1,1,3242.0,60,5,3242.1,33,2
11536,2025-12-30 09:38:18+05:30,3240.6,1,3246.42,81236,85438.0,104687.0,3250.0,3253.0,3239.8,3251.5,41313650,3576.6,2926.4,4322.95,2866.6,3240.6,142,4,3240.5,11,2,3240.4,229,2,3240.3,124,4,3240.2,69,4,3240.9,2,2,3241.6,1,1,3241.7,1,1,3241.9,163,1,3242.0,58,4
11536,2025-12-30 09:38:18+05:30,3240.6,24,3246.42,81236,85438.0,104687.0,3250.0,3253.0,3239.8,3251.5,41313650,3576.6,2926.4,4322.95,2866.6,3240.6,142,4,3240.5,11,2,3240.4,229,2,3240.3,124,4,3240.2,69,4,3240.9,2,2,3241.6,1,1,3241.7,1,1,3241.9,163,1,3242.0,58,4
11536,2025-12-30 09:38:19+05:30,3240.6,24,3246.41,81295,85200.0,104514.0,3250.0,3253.0,3239.8,3251.5,41313650,3576.6,2926.4,4322.95,2866.6,3240.6,47,2,3240.5,11,2,3240.4,229,2,3240.3,92,2,3240.2,25,1,3240.9,3,3,3241.6,34,4,3241.7,1,1,3241.8,21,1,3241.9,195,2
11536,2025-12-30 09:38:20+05:30,3240.6,1,3246.41,81297,83923.0,104962.0,3250.0,3253.0,3239.8,3251.5,41313650,3576.6,2926.4,4322.95,2866.6,3240.6,45,2,3240.5,11,2,3240.4,229,2,3240.3,54,1,3240.2,25,1,3240.9,2,2,3241.4,43,1,3241.5,64,3,3241.6,66,5,3241.7,1,1
11536,2025-12-30 09:38:20+05:30,3240.6,1,3246.41,81297,83923.0,104962.0,3250.0,3253.0,3239.8,3251.5,41313650,3576.6,2926.4,4322.95,2866.6,3240.6,45,2,3240.5,11,2,3240.4,229,2,3240.3,54,1,3240.2,25,1,3240.9,2,2,3241.4,43,1,3241.5,64,3,3241.6,66,5,3241.7,1,1
11536,2025-12-30 09:38:21+05:30,3240.6,1,3246.41,81298,84288.0,105099.0,3250.0,3253.0,3239.8,3251.5,41313650,3576.6,2926.4,4322.95,2866.6,3240.6,47,4,3240.5,11,2,3240.4,229,2,3240.3,93,2,3240.2,25,1,3240.9,1,1,3241.4,43,1,3241.5,52,2,3241.6,66,5,3241.7,1,1
11536,2025-12-30 09:38:21+05:30,3240.6,1,3246.41,81298,84288.0,105099.0,3250.0,3253.0,3239.8,3251.5,41313650,3576.6,2926.4,4322.95,2866.6,3240.6,47,4,3240.5,11,2,3240.4,229,2,3240.3,93,2,3240.2,25,1,3240.9,1,1,3241.4,43,1,3241.5,52,2,3241.6,66,5,3241.7,1,1
11536,2025-12-30 09:38:22+05:30,3240.6,9,3246.41,81307,84287.0,105136.0,3250.0,3253.0,3239.8,3251.5,41313650,3576.6,2926.4,4322.95,2866.6,3240.7,3,1,3240.6,36,3,3240.5,13,3,3240.4,229,2,3240.3,54,1,3241.3,14,2,3241.4,76,4,3241.5,73,3,3241.6,127,5,3241.7,1,1
11536,2025-12-30 09:38:22+05:30,3241.3,1,3246.41,81307,84287.0,105136.0,3250.0,3253.0,3239.8,3251.5,41313650,3576.6,2926.4,4322.95,2866.6,3240.7,3,1,3240.6,36,3,3240.5,13,3,3240.4,229,2,3240.3,54,1,3241.3,14,2,3241.4,76,4,3241.5,73,3,3241.6,127,5,3241.7,1,1
11536,2025-12-30 09:38:23+05:30,3241.3,1,3246.41,81308,84261.0,105453.0,3250.0,3253.0,3239.8,3251.5,41313650,3576.6,2926.4,4322.95,2866.6,3240.7,24,2,3240.6,16,2,3240.5,13,3,3240.4,229,2,3240.3,54,1,3241.3,5,3,3241.4,76,4,3241.5,97,3,3241.6,16,2,3241.7,56,3
11536,2025-12-30 09:38:24+05:30,3241.3,1,3246.41,81308,84675.0,105458.0,3250.0,3253.0,3239.8,3251.5,41313650,3576.6,2926.4,4322.95,2866.6,3240.7,26,3,3240.6,66,3,3240.5,11,2,3240.4,229,2,3240.3,54,1,3241.3,2,2,3241.4,67,3,3241.5,58,2,3241.6,16,2,3241.7,56,3
11536,2025-12-30 09:38:25+05:30,3241.3,1,3246.41,81308,84675.0,105458.0,3250.0,3253.0,3239.8,3251.5,41313650,3576.6,2926.4,4322.95,2866.6,3240.7,26,3,3240.6,66,3,3240.5,11,2,3240.4,229,2,3240.3,54,1,3241.3,2,2,3241.4,67,3,3241.5,58,2,3241.6,16,2,3241.7,56,3
11536,2025-12-30 09:38:25+05:30,3241.3,1,3246.41,81310,84723.0,105428.0,3250.0,3253.0,3239.8,3251.5,41313650,3576.6,2926.4,4322.95,2866.6,3240.7,26,3,3240.6,66,3,3240.5,11,2,3240.4,229,2,3240.3,54,1,3241.4,67,3,3241.5,58,2,3241.6,27,3,3241.7,24,2,3241.8,98,6
11536,2025-12-30 09:38:26+05:30,3241.3,1,3246.41,81310,84739.0,105210.0,3250.0,3253.0,3239.8,3251.5,41313650,3576.6,2926.4,4322.95,2866.6,3240.8,2,1,3240.7,33,3,3240.6,76,4,3240.5,2,1,3240.4,54,1,3241.5,10,1,3241.6,70,6,3241.7,112,5,3241.8,49,4,3241.9,227,4
11536,2025-12-30 09:38:27+05:30,3241.3,1,3246.41,81310,84591.0,105205.0,3250.0,3253.0,3239.8,3251.5,41313650,3576.6,2926.4,4322.95,2866.6,3240.8,2,1,3240.7,24,2,3240.6,76,4,3240.5,12,2,3240.4,54,1,3241.4,5,1,3241.5,23,3,3241.6,73,4,3241.7,82,4,3241.8,70,6
11536,2025-12-30 09:38:28+05:30,3240.8,21,3246.41,81310,84591.0,105205.0,3250.0,3253.0,3239.8,3251.5,41313650,3576.6,2926.4,4322.95,2866.6,3240.8,2,1,3240.7,24,2,3240.6,76,4,3240.5,12,2,3240.4,54,1,3241.4,5,1,3241.5,23,3,3241.6,73,4,3241.7,82,4,3241.8,70,6
11536,2025-12-30 09:38:28+05:30,3240.8,21,3246.41,81349,84629.0,105911.0,3250.0,3253.0,3239.8,3251.5,41313650,3576.6,2926.4,4322.95,2866.6,3240.7,12,2,3240.6,76,4,3240.5,2,1,3240.4,54,1,3240.3,54,1,3240.8,6,1,3241.3,59,3,3241.4,25,2,3241.5,63,3,3241.6,48,4
11536,2025-12-30 09:38:29+05:30,3240.8,14,3246.41,81349,84629.0,105911.0,3250.0,3253.0,3239.8,3251.5,41313650,3576.6,2926.4,4322.95,2866.6,3240.7,12,2,3240.6,76,4,3240.5,2,1,3240.4,54,1,3240.3,54,1,3240.8,6,1,3241.3,59,3,3241.4,25,2,3241.5,63,3,3241.6,48,4
11536,2025-12-30 09:38:30+05:30,3240.8,14,3246.41,81370,84435.0,105762.0,3250.0,3253.0,3239.8,3251.5,41313650,3576.6,2926.4,4322.95,2866.6,3240.7,3,1,3240.6,76,4,3240.5,12,2,3240.4,54,1,3240.3,54,1,3240.8,8,3,3241.3,15,1,3241.4,25,2,3241.5,24,2,3241.6,203,5
11536,2025-12-30 09:38:30+05:30,3241.0,26,3246.41,81370,84435.0,105762.0,3250.0,3253.0,3239.8,3251.5,41313650,3576.6,2926.4,4322.95,2866.6,3240.7,3,1,3240.6,76,4,3240.5,12,2,3240.4,54,1,3240.3,54,1,3240.8,8,3,3241.3,15,1,3241.4,25,2,3241.5,24,2,3241.6,203,5
11536,2025-12-30 09:38:31+05:30,3241.0,26,3246.4,81420,84208.0,105601.0,3250.0,3253.0,3239.8,3251.5,41313650,3576.6,2926.4,4322.95,2866.6,3240.7,3,1,3240.6,26,3,3240.5,12,2,3240.4,229,2,3240.3,54,1,3241.3,37,4,3241.4,75,5,3241.5,24,2,3241.6,48,4,3241.7,24,2
11536,2025-12-30 09:38:32+05:30,3241.0,26,3246.4,81420,84218.0,105556.0,3250.0,3253.0,3239.8,3251.5,41313650,3576.6,2926.4,4322.95,2866.6,3240.7,113,3,3240.6,26,3,3240.5,177,2,3240.4,54,1,3240.3,54,1,3241.3,11,2,3241.4,31,3,3241.5,24,2,3241.6,68,5,3241.7,24,2
11536,2025-12-30 09:38:33+05:30,3241.0,26,3246.4,81420,84172.0,105402.0,3250.0,3253.0,3239.8,3251.5,41313650,3576.6,2926.4,4322.95,2866.6,3240.7,103,2,3240.6,26,3,3240.5,187,3,3240.4,54,1,3240.3,54,1,3241.3,101,3,3241.4,31,3,3241.5,15,1,3241.6,68,5,3241.7,24,2
11536,2025-12-30 09:38:34+05:30,3240.7,5,3246.4,81428,84202.0,105638.0,3250.0,3253.0,3239.8,3251.5,41313650,3576.6,2926.4,4322.95,2866.6,3240.7,95,1,3240.6,26,3,3240.5,187,3,3240.4,54,1,3240.3,54,1,3241.3,100,2,3241.4,25,2,3241.5,15,1,3241.6,79,6,3241.7,24,2
11536,2025-12-30 09:38:34+05:30,3240.7,5,3246.4,81428,84202.0,105638.0,3250.0,3253.0,3239.8,3251.5,41313650,3576.6,2926.4,4322.95,2866.6,3240.7,95,1,3240.6,26,3,3240.5,187,3,3240.4,54,1,3240.3,54,1,3241.3,100,2,3241.4,25,2,3241.5,15,1,3241.6,79,6,3241.7,24,2
11536,2025-12-30 09:38:35+05:30,3241.3,1,3246.4,81429,84405.0,105714.0,3250.0,3253.0,3239.8,3251.5,41313650,3576.6,2926.4,4322.95,2866.6,3240.8,2,1,3240.7,105,2,3240.6,26,3,3240.5,177,2,3240.4,54,1,3241.3,187,5,3241.4,34,3,3241.5,35,2,3241.6,48,4,3241.7,24,2
11536,2025-12-30 09:38:35+05:30,3241.3,1,3246.4,81429,84405.0,105714.0,3250.0,3253.0,3239.8,3251.5,41313650,3576.6,2926.4,4322.95,2866.6,3240.8,2,1,3240.7,105,2,3240.6,26,3,3240.5,177,2,3240.4,54,1,3241.3,187,5,3241.4,34,3,3241.5,35,2,3241.6,48,4,3241.7,24,2
11536,2025-12-30 09:38:36+05:30,3241.0,1,3246.4,81430,84756.0,105754.0,3250.0,3253.0,3239.8,3251.5,41313650,3576.6,2926.4,4322.95,2866.6,3240.8,2,1,3240.7,108,3,3240.6,26,3,3240.5,177,2,3240.4,54,1,3241.0,99,1,3241.3,172,3,3241.4,14,2,3241.5,20,1,3241.6,26,3
11536,2025-12-30 09:38:36+05:30,3241.0,1,3246.4,81430,84756.0,105754.0,3250.0,3253.0,3239.8,3251.5,41313650,3576.6,2926.4,4322.95,2866.6,3240.8,2,1,3240.7,108,3,3240.6,26,3,3240.5,177,2,3240.4,54,1,3241.0,99,1,3241.3,172,3,3241.4,14,2,3241.5,20,1,3241.6,26,3
11536,2025-12-30 09:38:37+05:30,3240.7,1,3246.4,81515,84907.0,105801.0,3250.0,3253.0,3239.8,3251.5,41313650,3576.6,2926.4,4322.95,2866.6,3240.7,73,3,3240.6,26,3,3240.5,188,3,3240.4,54,1,3240.3,54,1,3241.0,102,3,3241.1,9,1,3241.3,171,2,3241.5,31,2,3241.6,26,3
11536,2025-12-30 09:38:37+05:30,3240.7,1,3246.4,81515,84907.0,105801.0,3250.0,3253.0,3239.8,3251.5,41313650,3576.6,2926.4,4322.95,2866.6,3240.7,73,3,3240.6,26,3,3240.5,188,3,3240.4,54,1,3240.3,54,1,3241.0,102,3,3241.1,9,1,3241.3,171,2,3241.5,31,2,3241.6,26,3
11536,2025-12-30 09:38:38+05:30,3240.7,41,3246.39,81577,84847.0,105777.0,3250.0,3253.0,3239.8,3251.5,41313650,3576.6,2926.4,4322.95,2866.6,3240.7,27,3,3240.6,201,4,3240.5,2,1,3240.4,54,1,3240.3,229,2,3241.0,100,3,3241.3,171,2,3241.6,26,3,3241.7,35,3,3241.8,92,5
11536,2025-12-30 09:38:38+05:30,3240.7,41,3246.39,81577,84847.0,105777.0,3250.0,3253.0,3239.8,3251.5,41313650,3576.6,2926.4,4322.95,2866.6,3240.7,27,3,3240.6,201,4,3240.5,2,1,3240.4,54,1,3240.3,229,2,3241.0,100,3,3241.3,171,2,3241.6,26,3,3241.7,35,3,3241.8,92,5
11536,2025-12-30 09:38:39+05:30,3240.7,41,3246.39,81577,84885.0,105416.0,3250.0,3253.0,3239.8,3251.5,41313650,3576.6,2926.4,4322.95,2866.6,3240.7,16,2,3240.6,26,3,3240.5,188,3,3240.4,54,1,3240.3,54,1,3241.0,101,4,3241.3,171,2,3241.5,20,1,3241.6,66,4,3241.7,35,3
11536,2025-12-30 09:38:40+05:30,3241.0,5,3246.39,81595,84885.0,105394.0,3250.0,3253.0,3239.8,3251.5,41313650,3576.6,2926.4,4322.95,2866.6,3240.8,3,1,3240.6,26,3,3240.5,188,3,3240.4,54,1,3240.3,54,1,3241.0,94,3,3241.3,171,2,3241.5,20,1,3241.6,66,4,3241.7,35,3
11536,2025-12-30 09:38:40+05:30,3241.0,5,3246.39,81595,84885.0,105394.0,3250.0,3253.0,3239.8,3251.5,41313650,3576.6,2926.4,4322.95,2866.6,3240.8,3,1,3240.6,26,3,3240.5,188,3,3240.4,54,1,3240.3,54,1,3241.0,94,3,3241.3,171,2,3241.5,20,1,3241.6,66,4,3241.7,35,3
11536,2025-12-30 09:38:41+05:30,3240.8,6,3246.39,81595,84885.0,105394.0,3250.0,3253.0,3239.8,3251.5,41313650,3576.6,2926.4,4322.95,2866.6,3240.8,3,1,3240.6,26,3,3240.5,188,3,3240.4,54,1,3240.3,54,1,3241.0,94,3,3241.3,171,2,3241.5,20,1,3241.6,66,4,3241.7,35,3
11536,2025-12-30 09:38:41+05:30,3240.8,6,3246.39,81620,84494.0,106172.0,3250.0,3253.0,3239.8,3251.5,41313650,3576.6,2926.4,4322.95,2866.6,3240.8,47,2,3240.6,26,3,3240.5,13,2,3240.4,54,1,3240.3,229,2,3241.0,79,4,3241.3,171,2,3241.4,9,1,3241.5,20,1,3241.6,26,3
11536,2025-12-30 09:38:42+05:30,3241.0,4,3246.39,81620,84494.0,106172.0,3250.0,3253.0,3239.8,3251.5,41313650,3576.6,2926.4,4322.95,2866.6,3240.8,47,2,3240.6,26,3,3240.5,13,2,3240.4,54,1,3240.3,229,2,3241.0,79,4,3241.3,171,2,3241.4,9,1,3241.5,20,1,3241.6,26,3
11536,2025-12-30 09:38:43+05:30,3241.0,4,3246.39,81624,84543.0,106131.0,3250.0,3253.0,3239.8,3251.5,41313650,3576.6,2926.4,4322.95,2866.6,3240.9,3,1,3240.8,44,1,3240.7,1,1,3240.6,26,3,3240.5,13,2,3241.0,75,4,3241.1,1,1,3241.3,171,2,3241.5,32,2,3241.6,26,3
11536,2025-12-30 09:38:43+05:30,3240.8,3,3246.39,81624,84543.0,106131.0,3250.0,3253.0,3239.8,3251.5,41313650,3576.6,2926.4,4322.95,2866.6,3240.9,3,1,3240.8,44,1,3240.7,1,1,3240.6,26,3,3240.5,13,2,3241.0,75,4,3241.1,1,1,3241.3,171,2,3241.5,32,2,3241.6,26,3
11536,2025-12-30 09:38:44+05:30,3240.8,3,3246.39,81647,84546.0,106052.0,3250.0,3253.0,3239.8,3251.5,41313650,3576.6,2926.4,4322.95,2866.6,3240.8,41,1,3240.7,10,2,3240.6,26,3,3240.5,2,1,3240.4,54,1,3241.0,75,4,3241.1,1,1,3241.3,190,4,3241.4,41,2,3241.5,23,1
11536,2025-12-30 09:38:44+05:30,3240.8,4,3246.39,81647,84546.0,106052.0,3250.0,3253.0,3239.8,3251.5,41313650,3576.6,2926.4,4322.95,2866.6,3240.8,41,1,3240.7,10,2,3240.6,26,3,3240.5,2,1,3240.4,54,1,3241.0,75,4,3241.1,1,1,3241.3,190,4,3241.4,41,2,3241.5,23,1
11536,2025-12-30 09:38:45+05:30,3241.0,1,3246.39,81652,84737.0,106067.0,3250.0,3253.0,3239.8,3251.5,41313650,3576.6,2926.4,4322.95,2866.6,3240.8,37,1,3240.7,10,2,3240.6,26,3,3240.5,2,1,3240.4,54,1,3241.0,74,4,3241.1,1,1,3241.3,195,3,3241.4,17,1,3241.5,23,1
11536,2025-12-30 09:38:45+05:30,3241.0,1,3246.39,81652,84737.0,106067.0,3250.0,3253.0,3239.8,3251.5,41313650,3576.6,2926.4,4322.95,2866.6,3240.8,37,1,3240.7,10,2,3240.6,26,3,3240.5,2,1,3240.4,54,1,3241.0,74,4,3241.1,1,1,3241.3,195,3,3241.4,17,1,3241.5,23,1
11536,2025-12-30 09:38:46+05:30,3241.0,1,3246.39,81652,84914.0,106005.0,3250.0,3253.0,3239.8,3251.5,41313650,3576.6,2926.4,4322.95,2866.6,3240.9,7,1,3240.8,37,1,3240.7,10,2,3240.6,26,3,3240.5,2,1,3241.0,89,6,3241.1,1,1,3241.3,195,3,3241.4,17,1,3241.5,23,1
11536,2025-12-30 09:38:46+05:30,3240.9,3,3246.39,81652,84914.0,106005.0,3250.0,3253.0,3239.8,3251.5,41313650,3576.6,2926.4,4322.95,2866.6,3240.9,7,1,3240.8,37,1,3240.7,10,2,3240.6,26,3,3240.5,2,1,3241.0,89,6,3241.1,1,1,3241.3,195,3,3241.4,17,1,3241.5,23,1
11536,2025-12-30 09:38:47+05:30,3240.9,1,3246.39,81656,84976.0,106025.0,3250.0,3253.0,3239.8,3251.5,41313650,3576.6,2926.4,4322.95,2866.6,3240.9,3,1,3240.8,37,1,3240.7,10,2,3240.6,26,3,3240.5,2,1,3241.0,159,5,3241.1,1,1,3241.3,114,2,3241.6,19,3,3241.7,30,2
11536,2025-12-30 09:38:47+05:30,3241.7,1,3246.39,81656,84976.0,106025.0,3250.0,3253.0,3239.8,3251.5,41313650,3576.6,2926.4,4322.95,2866.6,3240.9,3,1,3240.8,37,1,3240.7,10,2,3240.6,26,3,3240.5,2,1,3241.0,159,5,3241.1,1,1,3241.3,114,2,3241.6,19,3,3241.7,30,2
11536,2025-12-30 09:38:48+05:30,3242.0,1,3246.37,81954,90436.0,100275.0,3250.0,3253.0,3239.8,3251.5,41313650,3576.6,2926.4,4322.95,2866.6,3241.7,15,4,3241.6,30,1,3241.5,3,1,3241.4,57,3,3241.3,22,2,3242.0,34,4,3242.8,3,1,3243.0,3,1,3243.2,71,4,3243.3,149,1
11536,2025-12-30 09:38:48+05:30,3241.7,1,3246.37,81954,90436.0,100275.0,3250.0,3253.0,3239.8,3251.5,41313650,3576.6,2926.4,4322.95,2866.6,3241.7,15,4,3241.6,30,1,3241.5,3,1,3241.4,57,3,3241.3,22,2,3242.0,34,4,3242.8,3,1,3243.0,3,1,3243.2,71,4,3243.3,149,1
11536,2025-12-30 09:38:49+05:30,3241.7,1,3246.36,82014,89947.0,100764.0,3250.0,3253.0,3239.8,3251.5,41313650,3576.6,2926.4,4322.95,2866.6,3241.7,62,5,3241.6,109,5,3241.5,22,2,3241.4,57,3,3241.3,34,3,3242.0,35,5,3242.2,1,1,3242.8,2,1,3243.0,3,1,3243.2,71,4
11536,2025-12-30 09:38:50+05:30,3241.7,1,3246.36,82014,90080.0,101493.0,3250.0,3253.0,3239.8,3251.5,41313650,3576.6,2926.4,4322.95,2866.6,3241.7,43,3,3241.6,129,7,3241.5,22,2,3241.4,57,3,3241.3,34,3,3242.0,35,5,3242.2,1,1,3242.8,2,1,3243.0,3,1,3243.2,71,4
11536,2025-12-30 09:38:51+05:30,3241.6,1,3246.36,82059,89889.0,101424.0,3250.0,3253.0,3239.8,3251.5,41313650,3576.6,2926.4,4322.95,2866.6,3241.6,81,5,3241.5,10,2,3241.4,57,3,3241.3,34,3,3241.2,273,6,3242.0,31,5,3242.2,1,1,3242.8,2,1,3243.0,3,1,3243.2,71,4
11536,2025-12-30 09:38:51+05:30,3241.6,1,3246.36,82059,89889.0,101424.0,3250.0,3253.0,3239.8,3251.5,41313650,3576.6,2926.4,4322.95,2866.6,3241.6,81,5,3241.5,10,2,3241.4,57,3,3241.3,34,3,3241.2,273,6,3242.0,31,5,3242.2,1,1,3242.8,2,1,3243.0,3,1,3243.2,71,4
11536,2025-12-30 09:38:52+05:30,3242.0,4,3246.36,82107,90086.0,100527.0,3250.0,3253.0,3239.8,3251.5,41313650,3576.6,2926.4,4322.95,2866.6,3241.7,33,4,3241.6,111,7,3241.5,3,1,3241.4,43,2,3241.3,174,4,3242.0,2,2,3242.2,1,1,3242.8,2,1,3243.0,3,1,3243.2,39,3
11536,2025-12-30 09:38:52+05:30,3242.0,4,3246.36,82107,90086.0,100527.0,3250.0,3253.0,3239.8,3251.5,41313650,3576.6,2926.4,4322.95,2866.6,3241.7,33,4,3241.6,111,7,3241.5,3,1,3241.4,43,2,3241.3,174,4,3242.0,2,2,3242.2,1,1,3242.8,2,1,3243.0,3,1,3243.2,39,3
11536,2025-12-30 09:38:54+05:30,3242.0,4,3246.36,82107,89825.0,101171.0,3250.0,3253.0,3239.8,3251.5,41313650,3576.6,2926.4,4322.95,2866.6,3241.7,19,4,3241.6,75,5,3241.4,32,1,3241.3,25,3,3241.2,243,5,3242.0,2,2,3242.2,1,1,3242.8,2,1,3243.0,13,3,3243.1,162,1
11536,2025-12-30 09:38:54+05:30,3242.0,4,3246.36,82107,89825.0,101171.0,3250.0,3253.0,3239.8,3251.5,41313650,3576.6,2926.4,4322.95,2866.6,3241.7,19,4,3241.6,75,5,3241.4,32,1,3241.3,25,3,3241.2,243,5,3242.0,2,2,3242.2,1,1,3242.8,2,1,3243.0,13,3,3243.1,162,1
11536,2025-12-30 09:38:55+05:30,3242.0,1,3246.36,82114,90343.0,101252.0,3250.0,3253.0,3239.8,3251.5,41313650,3576.6,2926.4,4322.95,2866.6,3241.8,11,1,3241.7,12,3,3241.6,33,2,3241.5,8,2,3241.4,46,2,3242.0,8,2,3242.2,1,1,3242.8,2,1,3243.0,23,5,3243.1,174,2
11536,2025-12-30 09:38:55+05:30,3241.8,2,3246.36,82114,90343.0,101252.0,3250.0,3253.0,3239.8,3251.5,41313650,3576.6,2926.4,4322.95,2866.6,3241.8,11,1,3241.7,12,3,3241.6,33,2,3241.5,8,2,3241.4,46,2,3242.0,8,2,3242.2,1,1,3242.8,2,1,3243.0,23,5,3243.1,174,2
11536,2025-12-30 09:38:56+05:30,3242.0,1,3246.36,82123,89915.0,100595.0,3250.0,3253.0,3239.8,3251.5,41313650,3576.6,2926.4,4322.95,2866.6,3241.8,33,4,3241.7,51,4,3241.6,261,5,3241.5,24,3,3241.4,44,2,3242.2,1,1,3242.8,2,1,3243.0,4,2,3243.2,12,2,3243.3,1,1
11536,2025-12-30 09:38:56+05:30,3242.0,1,3246.36,82123,89915.0,100595.0,3250.0,3253.0,3239.8,3251.5,41313650,3576.6,2926.4,4322.95,2866.6,3241.8,33,4,3241.7,51,4,3241.6,261,5,3241.5,24,3,3241.4,44,2,3242.2,1,1,3242.8,2,1,3243.0,4,2,3243.2,12,2,3243.3,1,1
11536,2025-12-30 09:38:57+05:30,3242.0,1,3246.36,82123,91250.0,100964.0,3250.0,3253.0,3239.8,3251.5,41313650,3576.6,2926.4,4322.95,2866.6,3242.0,9,1,3241.8,33,4,3241.7,37,3,3241.6,243,4,3241.5,41,4,3242.2,3,3,3242.8,2,1,3243.0,4,2,3243.2,12,2,3243.3,1,1
11536,2025-12-30 09:38:58+05:30,3242.2,1,3246.36,82126,90809.0,101287.0,3250.0,3253.0,3239.8,3251.5,41313650,3576.6,2926.4,4322.95,2866.6,3242.0,9,1,3241.8,24,2,3241.7,15,3,3241.6,73,4,3241.5,18,2,3242.8,2,1,3243.0,1,1,3243.1,7,1,3243.2,57,4,3243.3,1,1
11536,2025-12-30 09:38:58+05:30,3242.8,1,3246.36,82126,90809.0,101287.0,3250.0,3253.0,3239.8,3251.5,41313650,3576.6,2926.4,4322.95,2866.6,3242.0,9,1,3241.8,24,2,3241.7,15,3,3241.6,73,4,3241.5,18,2,3242.8,2,1,3243.0,1,1,3243.1,7,1,3243.2,57,4,3243.3,1,1
11536,2025-12-30 09:38:59+05:30,3242.8,1,3246.36,82187,91192.0,100943.0,3250.0,3253.0,3239.8,3251.5,41313650,3576.6,2926.4,4322.95,2866.6,3242.7,11,1,3241.8,23,2,3241.7,76,4,3241.6,122,5,3241.5,23,2,3242.8,5,3,3243.0,10,2,3243.1,7,1,3243.2,17,1,3243.3,79,5
11536,2025-12-30 09:39:00+05:30,3242.8,1,3246.36,82187,91655.0,100989.0,3250.0,3253.0,3239.8,3251.5,41313650,3576.6,2926.4,4322.95,2866.6,3242.7,11,1,3242.0,300,1,3241.8,35,3,3241.7,64,3,3241.6,122,5,3242.8,2,2,3243.0,10,2,3243.1,19,2,3243.2,17,1,3243.3,33,3
11536,2025-12-30 09:39:01+05:30,3242.8,1,3246.36,82187,91517.0,100878.0,3250.0,3253.0,3239.8,3251.5,41313650,3576.6,2926.4,4322.95,2866.6,3242.7,11,1,3242.0,300,1,3241.8,35,3,3241.7,33,3,3241.6,61,4,3242.8,2,2,3243.0,1,1,3243.1,12,1,3243.3,10,2,3243.4,18,2
11536,2025-12-30 09:39:01+05:30,3242.7,9,3246.36,82187,91517.0,100878.0,3250.0,3253.0,3239.8,3251.5,41313650,3576.6,2926.4,4322.95,2866.6,3242.7,11,1,3242.0,300,1,3241.8,35,3,3241.7,33,3,3241.6,61,4,3242.8,2,2,3243.0,1,1,3243.1,12,1,3243.3,10,2,3243.4,18,2
11536,2025-12-30 09:39:02+05:30,3242.7,1,3246.35,82201,91522.0,100949.0,3250.0,3253.0,3239.8,3251.5,41313650,3576.6,2926.4,4322.95,2866.6,3242.7,12,2,3242.0,301,2,3241.8,36,4,3241.7,5,3,3241.6,66,5,3242.8,6,4,3243.0,1,1,3243.3,52,4,3243.4,18,2,3243.5,260,4
11536,2025-12-30 09:39:02+05:30,3242.7,1,3246.35,82201,91522.0,100949.0,3250.0,3253.0,3239.8,3251.5,41313650,3576.6,2926.4,4322.95,2866.6,3242.7,12,2,3242.0,301,2,3241.8,36,4,3241.7,5,3,3241.6,66,5,3242.8,6,4,3243.0,1,1,3243.3,52,4,3243.4,18,2,3243.5,260,4
11536,2025-12-30 09:39:03+05:30,3242.7,1,3246.35,82201,91372.0,100949.0,3250.0,3253.0,3239.8,3251.5,41313650,3576.6,2926.4,4322.95,2866.6,3242.7,12,2,3242.0,301,2,3241.8,36,4,3241.7,5,3,3241.6,91,6,3242.8,6,4,3243.0,1,1,3243.3,52,4,3243.4,18,2,3243.5,260,4
11536,2025-12-30 09:39:04+05:30,3242.7,1,3246.35,82201,90688.0,101106.0,3250.0,3253.0,3239.8,3251.5,41313650,3576.6,2926.4,4322.95,2866.6,3242.7,21,3,3242.0,303,3,3241.9,175,1,3241.8,24,3,3241.7,35,4,3242.8,17,4,3243.0,12,2,3243.3,22,3,3243.4,50,3,3243.5,226,3
11536,2025-12-30 09:39:05+05:30,3242.7,2,3246.35,82211,90170.0,101134.0,3250.0,3253.0,3239.8,3251.5,41313650,3576.6,2926.4,4322.95,2866.6,3242.7,12,3,3242.0,303,3,3241.9,175,1,3241.8,24,3,3241.7,35,4,3242.8,15,2,3243.0,12,2,3243.3,22,3,3243.4,50,3,3243.5,226,3
11536,2025-12-30 09:39:05+05:30,3242.7,2,3246.35,82211,90170.0,101134.0,3250.0,3253.0,3239.8,3251.5,41313650,3576.6,2926.4,4322.95,2866.6,3242.7,12,3,3242.0,303,3,3241.9,175,1,3241.8,24,3,3241.7,35,4,3242.8,15,2,3243.0,12,2,3243.3,22,3,3243.4,50,3,3243.5,226,3
11536,2025-12-30 09:39:06+05:30,3242.7,2,3246.35,82211,88572.0,100967.0,3250.0,3253.0,3239.8,3251.5,41313650,3576.6,2926.4,4322.95,2866.6,3242.7,3,2,3242.0,303,3,3241.9,175,1,3241.8,38,4,3241.7,5,3,3242.8,15,2,3243.0,12,2,3243.3,22,3,3243.4,50,3,3243.5,59,2
11536,2025-12-30 09:39:08+05:30,3242.7,2,3246.35,82211,91497.0,100955.0,3250.0,3253.0,3239.8,3251.5,41313650,3576.6,2926.4,4322.95,2866.6,3242.7,3,2,3242.0,478,4,3241.8,213,5,3241.7,35,4,3241.6,136,9,3242.8,15,2,3242.9,11,1,3243.0,1,1,3243.3,13,2,3243.4,1,1
11536,2025-12-30 09:39:08+05:30,3242.8,6,3246.35,82211,91497.0,100955.0,3250.0,3253.0,3239.8,3251.5,41313650,3576.6,2926.4,4322.95,2866.6,3242.7,3,2,3242.0,478,4,3241.8,213,5,3241.7,35,4,3241.6,136,9,3242.8,15,2,3242.9,11,1,3243.0,1,1,3243.3,13,2,3243.4,1,1
11536,2025-12-30 09:39:09+05:30,3242.8,150,3246.33,82744,87198.0,100765.0,3250.0,3253.0,3239.8,3251.5,41313650,3576.6,2926.4,4322.95,2866.6,3242.0,3,2,3241.9,175,1,3241.8,17,3,3241.7,5,3,3241.6,49,4,3242.9,10,1,3243.0,55,3,3243.1,36,3,3243.2,13,2,3243.3,55,6
11536,2025-12-30 09:39:09+05:30,3242.9,1,3246.33,82744,87198.0,100765.0,3250.0,3253.0,3239.8,3251.5,41313650,3576.6,2926.4,4322.95,2866.6,3242.0,3,2,3241.9,175,1,3241.8,17,3,3241.7,5,3,3241.6,49,4,3242.9,10,1,3243.0,55,3,3243.1,36,3,3243.2,13,2,3243.3,55,6
11536,2025-12-30 09:39:10+05:30,3242.9,1,3246.33,82745,90437.0,100941.0,3250.0,3253.0,3239.8,3251.5,41313650,3576.6,2926.4,4322.95,2866.6,3242.1,9,1,3242.0,3,2,3241.8,3,2,3241.7,5,3,3241.6,14,2,3242.8,11,1,3242.9,23,4,3243.0,42,2,3243.1,15,1,3243.2,42,3
11536,2025-12-30 09:39:10+05:30,3242.8,9,3246.33,82745,90437.0,100941.0,3250.0,3253.0,3239.8,3251.5,41313650,3576.6,2926.4,4322.95,2866.6,3242.1,9,1,3242.0,3,2,3241.8,3,2,3241.7,5,3,3241.6,14,2,3242.8,11,1,3242.9,23,4,3243.0,42,2,3243.1,15,1,3243.2,42,3
11536,2025-12-30 09:39:11+05:30,3242.8,9,3246.33,82755,90938.0,101269.0,3250.0,3253.0,3239.8,3251.5,41313650,3576.6,2926.4,4322.95,2866.6,3242.1,38,3,3242.0,3,2,3241.8,3,2,3241.7,5,3,3241.6,14,2,3242.9,9,3,3243.0,55,3,3243.2,12,2,3243.3,65,5,3243.4,224,7
11536,2025-12-30 09:39:11+05:30,3242.8,1,3246.33,82755,90938.0,101269.0,3250.0,3253.0,3239.8,3251.5,41313650,3576.6,2926.4,4322.95,2866.6,3242.1,38,3,3242.0,3,2,3241.8,3,2,3241.7,5,3,3241.6,14,2,3242.9,9,3,3243.0,55,3,3243.2,12,2,3243.3,65,5,3243.4,224,7
11536,2025-12-30 09:39:12+05:30,3242.1,20,3246.33,82823,91103.0,100885.0,3250.0,3253.0,3239.8,3251.5,41313650,3576.6,2926.4,4322.95,2866.6,3242.1,10,2,3242.0,3,2,3241.8,3,2,3241.7,5,3,3241.6,35,3,3242.9,4,3,3243.0,10,1,3243.3,74,6,3243.4,38,5,3243.5,48,3
11536,2025-12-30 09:39:12+05:30,3242.9,1,3246.33,82823,91103.0,100885.0,3250.0,3253.0,3239.8,3251.5,41313650,3576.6,2926.4,4322.95,2866.6,3242.1,10,2,3242.0,3,2,3241.8,3,2,3241.7,5,3,3241.6,35,3,3242.9,4,3,3243.0,10,1,3243.3,74,6,3243.4,38,5,3243.5,48,3
11536,2025-12-30 09:39:13+05:30,3242.9,1,3246.33,82845,91181.0,101234.0,3250.0,3253.0,3239.8,3251.5,41313650,3576.6,2926.4,4322.95,2866.6,3242.1,20,2,3242.0,3,2,3241.8,42,4,3241.7,5,3,3241.6,35,3,3242.9,2,2,3243.0,10,1,3243.2,12,1,3243.3,30,4,3243.4,71,6
11536,2025-12-30 09:39:14+05:30,3243.4,3,3246.32,82995,91316.0,100726.0,3250.0,3253.0,3239.8,3251.5,41313650,3576.6,2926.4,4322.95,2866.6,3242.1,20,2,3242.0,3,2,3241.8,42,4,3241.7,5,3,3241.6,61,4,3243.2,38,5,3243.3,51,3,3243.4,21,4,3243.5,60,4,3243.6,266,7
11536,2025-12-30 09:39:14+05:30,3243.2,4,3246.32,82995,91316.0,100726.0,3250.0,3253.0,3239.8,3251.5,41313650,3576.6,2926.4,4322.95,2866.6,3242.1,20,2,3242.0,3,2,3241.8,42,4,3241.7,5,3,3241.6,61,4,3243.2,38,5,3243.3,51,3,3243.4,21,4,3243.5,60,4,3243.6,266,7
11536,2025-12-30 09:39:15+05:30,3243.3,33,3246.32,83110,92881.0,98938.0,3250.0,3253.0,3239.8,3251.5,41313650,3576.6,2926.4,4322.95,2866.6,3242.4,42,3,3242.3,24,2,3242.2,33,3,3242.1,70,4,3242.0,29,3,3243.2,1,1,3243.6,3,1,3243.8,43,1,3243.9,43,1,3244.0,232,5
11536,2025-12-30 09:39:15+05:30,3243.3,33,3246.32,83110,92881.0,98938.0,3250.0,3253.0,3239.8,3251.5,41313650,3576.6,2926.4,4322.95,2866.6,3242.4,42,3,3242.3,24,2,3242.2,33,3,3242.1,70,4,3242.0,29,3,3243.2,1,1,3243.6,3,1,3243.8,43,1,3243.9,43,1,3244.0,232,5
11536,2025-12-30 09:39:16+05:30,3243.3,33,3246.32,83110,92853.0,99689.0,3250.0,3253.0,3239.8,3251.5,41313650,3576.6,2926.4,4322.95,2866.6,3242.5,11,1,3242.4,70,4,3242.3,14,1,3242.2,20,2,3242.1,56,3,3243.2,3,2,3243.6,3,1,3243.8,43,1,3243.9,197,2,3244.0,262,6
11536,2025-12-30 09:39:17+05:30,3243.2,1,3246.32,83110,92853.0,99689.0,3250.0,3253.0,3239.8,3251.5,41313650,3576.6,2926.4,4322.95,2866.6,3242.5,11,1,3242.4,70,4,3242.3,14,1,3242.2,20,2,3242.1,56,3,3243.2,3,2,3243.6,3,1,3243.8,43,1,3243.9,197,2,3244.0,262,6
11536,2025-12-30 09:39:17+05:30,3243.2,1,3246.32,83128,94470.0,97599.0,3250.0,3253.0,3239.8,3251.5,41313650,3576.6,2926.4,4322.95,2866.6,3243.1,45,2,3243.0,35,5,3242.9,124,5,3242.8,178,1,3242.7,134,6,3244.1,11,2,3244.2,1,1,3244.6,156,1,3244.7,1,1,3244.8,279,5
11536,2025-12-30 09:39:18+05:30,3243.6,59,3246.32,83128,94470.0,97599.0,3250.0,3253.0,3239.8,3251.5,41313650,3576.6,2926.4,4322.95,2866.6,3243.1,45,2,3243.0,35,5,3242.9,124,5,3242.8,178,1,3242.7,134,6,3244.1,11,2,3244.2,1,1,3244.6,156,1,3244.7,1,1,3244.8,279,5
11536,2025-12-30 09:39:18+05:30,3243.6,59,3246.31,83210,94561.0,97630.0,3250.0,3253.0,3239.8,3251.5,41313650,3576.6,2926.4,4322.95,2866.6,3243.6,21,1,3243.3,63,2,3243.2,5,1,3243.1,63,3,3243.0,49,4,3244.1,13,3,3244.2,1,1,3244.4,17,1,3244.5,17,1,3244.7,1,1
11536,2025-12-30 09:39:19+05:30,3244.1,10,3246.31,83210,94561.0,97630.0,3250.0,3253.0,3239.8,3251.5,41313650,3576.6,2926.4,4322.95,2866.6,3243.6,21,1,3243.3,63,2,3243.2,5,1,3243.1,63,3,3243.0,49,4,3244.1,13,3,3244.2,1,1,3244.4,17,1,3244.5,17,1,3244.7,1,1
11536,2025-12-30 09:39:20+05:30,3244.1,10,3246.31,83220,96235.0,97789.0,3250.0,3253.0,3239.8,3251.5,41313650,3576.6,2926.4,4322.95,2866.6,3243.6,24,2,3243.3,63,2,3243.2,5,1,3243.1,63,3,3243.0,49,4,3244.1,3,2,3244.2,1,1,3244.4,17,1,3244.5,17,1,3244.7,1,1
11536,2025-12-30 09:39:20+05:30,3244.0,2,3246.31,83220,96235.0,97789.0,3250.0,3253.0,3239.8,3251.5,41313650,3576.6,2926.4,4322.95,2866.6,3243.6,24,2,3243.3,63,2,3243.2,5,1,3243.1,63,3,3243.0,49,4,3244.1,3,2,3244.2,1,1,3244.4,17,1,3244.5,17,1,3244.7,1,1
11536,2025-12-30 09:39:21+05:30,3244.1,1,3246.31,83224,96053.0,96810.0,3250.0,3253.0,3239.8,3251.5,41313650,3576.6,2926.4,4322.95,2866.6,3244.0,19,1,3243.6,36,2,3243.5,10,1,3243.4,32,1,3243.3,44,2,3244.1,16,3,3244.2,1,1,3244.7,1,1,3245.0,21,7,3245.1,17,1
11536,2025-12-30 09:39:21+05:30,3244.0,10,3246.31,83224,96053.0,96810.0,3250.0,3253.0,3239.8,3251.5,41313650,3576.6,2926.4,4322.95,2866.6,3244.0,19,1,3243.6,36,2,3243.5,10,1,3243.4,32,1,3243.3,44,2,3244.1,16,3,3244.2,1,1,3244.7,1,1,3245.0,21,7,3245.1,17,1
11536,2025-12-30 09:39:22+05:30,3244.0,10,3246.31,83252,96276.0,96596.0,3250.0,3253.0,3239.8,3251.5,41313650,3576.6,2926.4,4322.95,2866.6,3244.0,10,2,3243.7,31,1,3243.6,44,3,3243.5,40,2,3243.3,44,2,3244.1,2,2,3244.2,1,1,3244.7,1,1,3245.0,21,7,3245.1,17,1
11536,2025-12-30 09:39:23+05:30,3244.0,1,3246.31,83253,96269.0,96602.0,3250.0,3253.0,3239.8,3251.5,41313650,3576.6,2926.4,4322.95,2866.6,3244.0,9,2,3243.7,33,2,3243.6,51,4,3243.5,46,3,3243.3,57,4,3244.1,2,2,3244.2,1,1,3244.7,1,1,3245.0,21,7,3245.1,17,1
11536,2025-12-30 09:39:23+05:30,3244.1,1,3246.31,83253,96269.0,96602.0,3250.0,3253.0,3239.8,3251.5,41313650,3576.6,2926.4,4322.95,2866.6,3244.0,9,2,3243.7,33,2,3243.6,51,4,3243.5,46,3,3243.3,57,4,3244.1,2,2,3244.2,1,1,3244.7,1,1,3245.0,21,7,3245.1,17,1
11536,2025-12-30 09:39:24+05:30,3244.1,1,3246.31,83254,96320.0,96583.0,3250.0,3253.0,3239.8,3251.5,41313650,3576.6,2926.4,4322.95,2866.6,3244.0,58,4,3243.7,94,4,3243.6,33,4,3243.5,46,3,3243.4,26,2,3244.1,1,1,3244.2,1,1,3244.7,1,1,3245.0,21,7,3245.1,17,1
11536,2025-12-30 09:39:25+05:30,3244.0,3,3246.31,83264,96631.0,97470.0,3250.0,3253.0,3239.8,3251.5,41313650,3576.6,2926.4,4322.95,2866.6,3244.0,73,4,3243.7,75,4,3243.6,33,4,3243.5,46,3,3243.4,200,2,3244.2,1,1,3244.7,1,1,3245.0,21,7,3245.1,17,1,3245.2,198,5
11536,2025-12-30 09:39:25+05:30,3244.2,1,3246.31,83264,96631.0,97470.0,3250.0,3253.0,3239.8,3251.5,41313650,3576.6,2926.4,4322.95,2866.6,3244.0,73,4,3243.7,75,4,3243.6,33,4,3243.5,46,3,3243.4,200,2,3244.2,1,1,3244.7,1,1,3245.0,21,7,3245.1,17,1,3245.2,198,5
11536,2025-12-30 09:39:26+05:30,3244.2,1,3246.31,83267,94668.0,95859.0,3250.0,3253.0,3239.8,3251.5,41313650,3576.6,2926.4,4322.95,2866.6,3244.1,57,5,3244.0,95,5,3243.9,28,2,3243.8,90,4,3243.7,13,2,3244.7,1,1,3245.0,21,7,3245.2,1,1,3245.3,3,1,3245.4,3,1
11536,2025-12-30 09:39:26+05:30,3244.2,1,3246.31,83267,94668.0,95859.0,3250.0,3253.0,3239.8,3251.5,41313650,3576.6,2926.4,4322.95,2866.6,3244.1,57,5,3244.0,95,5,3243.9,28,2,3243.8,90,4,3243.7,13,2,3244.7,1,1,3245.0,21,7,3245.2,1,1,3245.3,3,1,3245.4,3,1
11536,2025-12-30 09:39:27+05:30,3244.2,1,3246.31,83267,96655.0,96297.0,3250.0,3253.0,3239.8,3251.5,41313650,3576.6,2926.4,4322.95,2866.6,3244.1,102,9,3244.0,135,7,3243.9,36,3,3243.8,67,4,3243.7,202,3,3244.7,1,1,3245.0,21,7,3245.2,1,1,3245.3,3,1,3245.4,3,1
11536,2025-12-30 09:39:28+05:30,3244.6,60,3246.31,83267,96655.0,96297.0,3250.0,3253.0,3239.8,3251.5,41313650,3576.6,2926.4,4322.95,2866.6,3244.1,102,9,3244.0,135,7,3243.9,36,3,3243.8,67,4,3243.7,202,3,3244.7,1,1,3245.0,21,7,3245.2,1,1,3245.3,3,1,3245.4,3,1
11536,2025-12-30 09:39:28+05:30,3244.6,60,3246.31,83359,96811.0,96100.0,3250.0,3253.0,3239.8,3251.5,41313650,3576.6,2926.4,4322.95,2866.6,3244.6,3,1,3244.2,67,6,3244.1,59,6,3244.0,106,6,3243.9,56,4,3244.7,3,2,3245.0,21,7,3245.2,1,1,3245.4,3,1,3245.8,63,2
11536,2025-12-30 09:39:29+05:30,3244.6,2,3246.31,83379,96592.0,96803.0,3250.0,3253.0,3239.8,3251.5,41313650,3576.6,2926.4,4322.95,2866.6,3244.6,44,1,3244.1,6,2,3244.0,74,5,3243.9,25,3,3243.8,142,7,3245.0,21,7,3245.2,1,1,3245.5,29,2,3245.6,20,1,3245.8,1,1
11536,2025-12-30 09:39:29+05:30,3244.6,2,3246.31,83379,96592.0,96803.0,3250.0,3253.0,3239.8,3251.5,41313650,3576.6,2926.4,4322.95,2866.6,3244.6,44,1,3244.1,6,2,3244.0,74,5,3243.9,25,3,3243.8,142,7,3245.0,21,7,3245.2,1,1,3245.5,29,2,3245.6,20,1,3245.8,1,1
11536,2025-12-30 09:39:30+05:30,3243.8,20,3246.29,83973,93159.0,95694.0,3250.0,3253.0,3239.8,3251.5,41313650,3576.6,2926.4,4322.95,2866.6,3243.7,12,2,3243.6,3,1,3243.5,6,1,3243.3,213,3,3243.2,1,1,3243.8,287,1,3244.8,13,1,3244.9,157,1,3245.0,284,13,3245.1,43,3
11536,2025-12-30 09:39:30+05:30,3243.8,20,3246.29,83973,93159.0,95694.0,3250.0,3253.0,3239.8,3251.5,41313650,3576.6,2926.4,4322.95,2866.6,3243.7,12,2,3243.6,3,1,3243.5,6,1,3243.3,213,3,3243.2,1,1,3243.8,287,1,3244.8,13,1,3244.9,157,1,3245.0,284,13,3245.1,43,3
11536,2025-12-30 09:39:31+05:30,3243.8,89,3246.28,84349,94209.0,98216.0,3250.0,3253.0,3239.8,3251.5,41313650,3576.6,2926.4,4322.95,2866.6,3244.2,153,2,3243.7,27,2,3243.6,31,2,3243.5,6,1,3243.3,211,3,3244.5,6,1,3244.7,1,1,3244.9,182,3,3245.0,60,10,3245.1,56,4
11536,2025-12-30 09:39:31+05:30,3243.8,89,3246.28,84349,94209.0,98216.0,3250.0,3253.0,3239.8,3251.5,41313650,3576.6,2926.4,4322.95,2866.6,3244.2,153,2,3243.7,27,2,3243.6,31,2,3243.5,6,1,3243.3,211,3,3244.5,6,1,3244.7,1,1,3244.9,182,3,3245.0,60,10,3245.1,56,4
11536,2025-12-30 09:39:32+05:30,3244.5,1,3246.28,84351,94968.0,97132.0,3250.0,3253.0,3239.8,3251.5,41313650,3576.6,2926.4,4322.95,2866.6,3244.2,153,2,3244.1,25,1,3243.7,39,3,3243.6,14,2,3243.5,40,3,3244.5,5,2,3244.9,25,2,3245.0,47,9,3245.1,16,2,3245.2,21,2
11536,2025-12-30 09:39:32+05:30,3244.2,3,3246.28,84351,94968.0,97132.0,3250.0,3253.0,3239.8,3251.5,41313650,3576.6,2926.4,4322.95,2866.6,3244.2,153,2,3244.1,25,1,3243.7,39,3,3243.6,14,2,3243.5,40,3,3244.5,5,2,3244.9,25,2,3245.0,47,9,3245.1,16,2,3245.2,21,2
11536,2025-12-30 09:39:33+05:30,3244.5,1,3246.28,84355,95119.0,97134.0,3250.0,3253.0,3239.8,3251.5,41313650,3576.6,2926.4,4322.95,2866.6,3244.2,150,2,3244.1,25,1,3243.7,39,3,3243.6,33,2,3243.5,23,2,3244.5,4,2,3244.9,25,2,3245.0,46,8,3245.1,28,3,3245.2,21,2
11536,2025-12-30 09:39:33+05:30,3244.5,1,3246.28,84355,95119.0,97134.0,3250.0,3253.0,3239.8,3251.5,41313650,3576.6,2926.4,4322.95,2866.6,3244.2,150,2,3244.1,25,1,3243.7,39,3,3243.6,33,2,3243.5,23,2,3244.5,4,2,3244.9,25,2,3245.0,46,8,3245.1,28,3,3245.2,21,2
11536,2025-12-30 09:39:34+05:30,3244.2,53,3246.28,84408,95032.0,98653.0,3250.0,3253.0,3239.8,3251.5,41313650,3576.6,2926.4,4322.95,2866.6,3244.2,122,3,3243.7,11,2,3243.6,3,1,3243.5,6,1,3243.4,21,1,3244.5,1,1,3244.6,11,1,3244.8,11,1,3244.9,41,3,3245.0,93,10
11536,2025-12-30 09:39:34+05:30,3244.2,53,3246.28,84408,95032.0,98653.0,3250.0,3253.0,3239.8,3251.5,41313650,3576.6,2926.4,4322.95,2866.6,3244.2,122,3,3243.7,11,2,3243.6,3,1,3243.5,6,1,3243.4,21,1,3244.5,1,1,3244.6,11,1,3244.8,11,1,3244.9,41,3,3245.0,93,10
11536,2025-12-30 09:39:35+05:30,3244.2,15,3246.28,84408,95032.0,98653.0,3250.0,3253.0,3239.8,3251.5,41313650,3576.6,2926.4,4322.95,2866.6,3244.2,122,3,3243.7,11,2,3243.6,3,1,3243.5,6,1,3243.4,21,1,3244.5,1,1,3244.6,11,1,3244.8,11,1,3244.9,41,3,3245.0,93,10
11536,2025-12-30 09:39:35+05:30,3244.2,15,3246.28,84425,94649.0,98621.0,3250.0,3253.0,3239.8,3251.5,41313650,3576.6,2926.4,4322.95,2866.6,3244.2,107,3,3243.7,11,2,3243.6,3,1,3243.5,6,1,3243.4,21,1,3244.5,5,3,3244.8,23,2,3244.9,3,1,3245.0,21,7,3245.1,26,3
11536,2025-12-30 09:39:36+05:30,3244.2,15,3246.28,84425,94830.0,98670.0,3250.0,3253.0,3239.8,3251.5,41313650,3576.6,2926.4,4322.95,2866.6,3244.3,25,1,3244.2,82,2,3243.7,11,2,3243.6,3,1,3243.5,6,1,3244.5,3,3,3244.6,11,1,3244.8,11,1,3244.9,31,2,3245.0,21,7
11536,2025-12-30 09:39:37+05:30,3244.3,7,3246.28,84425,94830.0,98670.0,3250.0,3253.0,3239.8,3251.5,41313650,3576.6,2926.4,4322.95,2866.6,3244.3,25,1,3244.2,82,2,3243.7,11,2,3243.6,3,1,3243.5,6,1,3244.5,3,3,3244.6,11,1,3244.8,11,1,3244.9,31,2,3245.0,21,7
11536,2025-12-30 09:39:37+05:30,3244.3,7,3246.28,84432,94918.0,98414.0,3250.0,3253.0,3239.8,3251.5,41313650,3576.6,2926.4,4322.95,2866.6,3244.3,18,1,3244.2,82,2,3243.7,11,2,3243.6,3,1,3243.5,6,1,3244.5,2,2,3244.6,11,1,3244.9,3,1,3245.0,21,7,3245.1,210,5
11536,2025-12-30 09:39:38+05:30,3244.4,63,3246.28,84432,94918.0,98414.0,3250.0,3253.0,3239.8,3251.5,41313650,3576.6,2926.4,4322.95,2866.6,3244.3,18,1,3244.2,82,2,3243.7,11,2,3243.6,3,1,3243.5,6,1,3244.5,2,2,3244.6,11,1,3244.9,3,1,3245.0,21,7,3245.1,210,5
11536,2025-12-30 09:39:38+05:30,3244.4,63,3246.28,84556,94879.0,98425.0,3250.0,3253.0,3239.8,3251.5,41313650,3576.6,2926.4,4322.95,2866.6,3244.4,25,1,3244.2,82,2,3243.7,11,2,3243.6,3,1,3243.5,6,1,3244.5,21,4,3244.8,23,2,3244.9,37,3,3245.0,32,8,3245.1,172,3
11536,2025-12-30 09:39:39+05:30,3244.4,2,3246.28,84556,94879.0,98425.0,3250.0,3253.0,3239.8,3251.5,41313650,3576.6,2926.4,4322.95,2866.6,3244.4,25,1,3244.2,82,2,3243.7,11,2,3243.6,3,1,3243.5,6,1,3244.5,21,4,3244.8,23,2,3244.9,37,3,3245.0,32,8,3245.1,172,3
11536,2025-12-30 09:39:39+05:30,3244.4,2,3246.28,84558,94879.0,98778.0,3250.0,3253.0,3239.8,3251.5,41313650,3576.6,2926.4,4322.95,2866.6,3244.4,23,1,3244.2,82,2,3243.7,11,2,3243.6,3,1,3243.5,6,1,3244.5,18,4,3244.6,11,1,3244.9,30,2,3245.0,21,7,3245.1,183,4
11536,2025-12-30 09:39:40+05:30,3244.4,2,3246.28,84558,94974.0,98647.0,3250.0,3253.0,3239.8,3251.5,41313650,3576.6,2926.4,4322.95,2866.6,3244.4,23,1,3244.2,82,2,3243.7,21,3,3243.6,3,1,3243.5,36,2,3244.5,18,4,3244.6,10,1,3244.9,30,2,3245.0,21,7,3245.1,26,3
11536,2025-12-30 09:39:41+05:30,3244.4,1,3246.28,84558,94974.0,98647.0,3250.0,3253.0,3239.8,3251.5,41313650,3576.6,2926.4,4322.95,2866.6,3244.4,23,1,3244.2,82,2,3243.7,21,3,3243.6,3,1,3243.5,36,2,3244.5,18,4,3244.6,10,1,3244.9,30,2,3245.0,21,7,3245.1,26,3
11536,2025-12-30 09:39:41+05:30,3244.4,27,3246.28,84586,94968.0,98312.0,3250.0,3253.0,3239.8,3251.5,41313650,3576.6,2926.4,4322.95,2866.6,3244.4,25,1,3244.2,82,2,3243.7,21,3,3243.6,3,1,3243.5,6,1,3244.5,27,5,3244.6,26,1,3244.7,12,1,3244.8,64,5,3244.9,3,1
11536,2025-12-30 09:39:42+05:30,3244.5,3,3246.28,84608,94976.0,98166.0,3250.0,3253.0,3239.8,3251.5,41313650,3576.6,2926.4,4322.95,2866.6,3244.4,6,1,3244.2,82,2,3244.0,11,1,3243.7,11,2,3243.6,3,1,3244.5,18,4,3244.6,10,1,3244.7,12,1,3244.8,39,4,3244.9,29,2
11536,2025-12-30 09:39:42+05:30,3244.5,3,3246.28,84608,94976.0,98166.0,3250.0,3253.0,3239.8,3251.5,41313650,3576.6,2926.4,4322.95,2866.6,3244.4,6,1,3244.2,82,2,3244.0,11,1,3243.7,11,2,3243.6,3,1,3244.5,18,4,3244.6,10,1,3244.7,12,1,3244.8,39,4,3244.9,29,2
11536,2025-12-30 09:39:43+05:30,3244.5,1,3246.28,84608,94976.0,98166.0,3250.0,3253.0,3239.8,3251.5,41313650,3576.6,2926.4,4322.95,2866.6,3244.4,6,1,3244.2,82,2,3244.0,11,1,3243.7,11,2,3243.6,3,1,3244.5,18,4,3244.6,10,1,3244.7,12,1,3244.8,39,4,3244.9,29,2
11536,2025-12-30 09:39:43+05:30,3244.5,1,3246.28,84609,94816.0,98769.0,3250.0,3253.0,3239.8,3251.5,41313650,3576.6,2926.4,4322.95,2866.6,3244.4,6,1,3244.2,82,2,3244.0,11,1,3243.7,11,2,3243.6,3,1,3244.5,28,6,3244.6,10,1,3244.8,53,4,3244.9,43,3,3245.0,57,9
11536,2025-12-30 09:39:45+05:30,3244.5,1,3246.28,84614,95167.0,98361.0,3250.0,3253.0,3239.8,3251.5,41313650,3576.6,2926.4,4322.95,2866.6,3244.4,2,1,3244.2,82,2,3244.0,11,1,3243.7,11,2,3243.6,3,1,3244.5,25,4,3244.8,42,3,3244.9,20,3,3245.0,57,9,3245.1,43,3
11536,2025-12-30 09:39:45+05:30,3244.4,30,3246.28,84614,95167.0,98361.0,3250.0,3253.0,3239.8,3251.5,41313650,3576.6,2926.4,4322.95,2866.6,3244.4,2,1,3244.2,82,2,3244.0,11,1,3243.7,11,2,3243.6,3,1,3244.5,25,4,3244.8,42,3,3244.9,20,3,3245.0,57,9,3245.1,43,3
11536,2025-12-30 09:39:46+05:30,3244.4,30,3246.27,84647,95258.0,98520.0,3250.0,3253.0,3239.8,3251.5,41313650,3576.6,2926.4,4322.95,2866.6,3244.4,25,1,3244.2,82,2,3244.0,11,1,3243.7,11,2,3243.6,3,1,3244.5,21,4,3244.8,16,2,3244.9,17,2,3245.0,57,9,3245.1,68,4
11536,2025-12-30 09:39:46+05:30,3244.4,27,3246.27,84647,95258.0,98520.0,3250.0,3253.0,3239.8,3251.5,41313650,3576.6,2926.4,4322.95,2866.6,3244.4,25,1,3244.2,82,2,3244.0,11,1,3243.7,11,2,3243.6,3,1,3244.5,21,4,3244.8,16,2,3244.9,17,2,3245.0,57,9,3245.1,68,4
11536,2025-12-30 09:39:47+05:30,3244.4,27,3246.27,84674,95236.0,98366.0,3250.0,3253.0,3239.8,3251.5,41313650,3576.6,2926.4,4322.95,2866.6,3244.4,3,1,3244.3,10,1,3244.2,82,2,3244.1,7,1,3243.7,11,2,3244.5,22,5,3244.6,10,1,3244.8,30,2,3244.9,17,2,3245.0,80,10
11536,2025-12-30 09:39:48+05:30,3244.4,1,3246.27,84675,95255.0,98375.0,3250.0,3253.0,3239.8,3251.5,41313650,3576.6,2926.4,4322.95,2866.6,3244.4,52,2,3244.3,10,1,3244.2,82,2,3244.1,7,1,3243.7,11,2,3244.5,21,4,3245.0,21,7,3245.1,31,2,3245.2,63,5,3245.3,28,1
11536,2025-12-30 09:39:48+05:30,3244.4,3,3246.27,84675,95255.0,98375.0,3250.0,3253.0,3239.8,3251.5,41313650,3576.6,2926.4,4322.95,2866.6,3244.4,52,2,3244.3,10,1,3244.2,82,2,3244.1,7,1,3243.7,11,2,3244.5,21,4,3245.0,21,7,3245.1,31,2,3245.2,63,5,3245.3,28,1
11536,2025-12-30 09:39:49+05:30,3244.4,3,3246.27,84680,95319.0,97253.0,3250.0,3253.0,3239.8,3251.5,41313650,3576.6,2926.4,4322.95,2866.6,3244.4,47,1,3244.3,10,1,3244.2,82,2,3244.1,7,1,3243.7,41,3,3244.5,20,3,3245.0,21,7,3245.1,31,2,3245.2,74,6,3245.3,28,1
11536,2025-12-30 09:39:49+05:30,3244.4,1,3246.27,84680,95319.0,97253.0,3250.0,3253.0,3239.8,3251.5,41313650,3576.6,2926.4,4322.95,2866.6,3244.4,47,1,3244.3,10,1,3244.2,82,2,3244.1,7,1,3243.7,41,3,3244.5,20,3,3245.0,21,7,3245.1,31,2,3245.2,74,6,3245.3,28,1
11536,2025-12-30 09:39:50+05:30,3244.4,1,3246.27,84685,95365.0,98548.0,3250.0,3253.0,3239.8,3251.5,41313650,3576.6,2926.4,4322.95,2866.6,3244.4,42,1,3244.3,10,1,3244.2,82,2,3244.1,7,1,3243.7,11,2,3244.5,21,4,3244.9,8,1,3245.0,21,7,3245.1,54,3,3245.2,50,5
11536,2025-12-30 09:39:51+05:30,3244.5,1,3246.27,84686,95404.0,98674.0,3250.0,3253.0,3239.8,3251.5,41313650,3576.6,2926.4,4322.95,2866.6,3244.4,42,1,3244.3,10,1,3244.2,82,2,3244.1,7,1,3243.7,41,3,3244.5,20,4,3244.9,8,1,3245.0,21,7,3245.1,54,3,3245.2,50,5
11536,2025-12-30 09:39:51+05:30,3244.5,1,3246.27,84686,95404.0,98674.0,3250.0,3253.0,3239.8,3251.5,41313650,3576.6,2926.4,4322.95,2866.6,3244.4,42,1,3244.3,10,1,3244.2,82,2,3244.1,7,1,3243.7,41,3,3244.5,20,4,3244.9,8,1,3245.0,21,7,3245.1,54,3,3245.2,50,5
11536,2025-12-30 09:39:52+05:30,3244.4,1,3246.27,84687,95338.0,98660.0,3250.0,3253.0,3239.8,3251.5,41313650,3576.6,2926.4,4322.95,2866.6,3244.4,41,1,3244.3,10,1,3244.2,82,2,3244.1,7,1,3243.7,11,2,3244.5,19,3,3244.9,8,1,3245.0,21,7,3245.1,54,3,3245.2,50,5
11536,2025-12-30 09:39:52+05:30,3244.4,1,3246.27,84687,95338.0,98660.0,3250.0,3253.0,3239.8,3251.5,41313650,3576.6,2926.4,4322.95,2866.6,3244.4,41,1,3244.3,10,1,3244.2,82,2,3244.1,7,1,3243.7,11,2,3244.5,19,3,3244.9,8,1,3245.0,21,7,3245.1,54,3,3245.2,50,5
11536,2025-12-30 09:39:53+05:30,3244.4,1,3246.27,84689,95395.0,98637.0,3250.0,3253.0,3239.8,3251.5,41313650,3576.6,2926.4,4322.95,2866.6,3244.4,54,2,3244.3,10,1,3244.2,82,2,3244.1,7,1,3243.7,11,2,3244.5,18,2,3244.6,1,1,3244.8,1,1,3244.9,8,1,3245.0,21,7
11536,2025-12-30 09:39:53+05:30,3244.4,1,3246.27,84689,95395.0,98637.0,3250.0,3253.0,3239.8,3251.5,41313650,3576.6,2926.4,4322.95,2866.6,3244.4,54,2,3244.3,10,1,3244.2,82,2,3244.1,7,1,3243.7,11,2,3244.5,18,2,3244.6,1,1,3244.8,1,1,3244.9,8,1,3245.0,21,7
11536,2025-12-30 09:39:54+05:30,3244.5,1,3246.27,84690,95405.0,98618.0,3250.0,3253.0,3239.8,3251.5,41313650,3576.6,2926.4,4322.95,2866.6,3244.4,54,2,3244.3,10,1,3244.2,82,2,3244.1,7,1,3243.7,41,3,3244.5,17,2,3244.6,1,1,3244.8,1,1,3245.0,21,7,3245.1,28,1
11536,2025-12-30 09:39:54+05:30,3244.5,1,3246.27,84690,95405.0,98618.0,3250.0,3253.0,3239.8,3251.5,41313650,3576.6,2926.4,4322.95,2866.6,3244.4,54,2,3244.3,10,1,3244.2,82,2,3244.1,7,1,3243.7,41,3,3244.5,17,2,3244.6,1,1,3244.8,1,1,3245.0,21,7,3245.1,28,1
11536,2025-12-30 09:39:55+05:30,3244.5,1,3246.27,84713,96582.0,96327.0,3250.0,3253.0,3239.8,3251.5,41313650,3576.6,2926.4,4322.95,2866.6,3244.4,35,1,3244.3,25,2,3244.2,105,4,3244.1,13,2,3244.0,67,3,3244.5,9,1,3244.6,1,1,3244.8,1,1,3245.0,21,7,3245.2,1,1
11536,2025-12-30 09:39:55+05:30,3244.5,1,3246.27,84713,96582.0,96327.0,3250.0,3253.0,3239.8,3251.5,41313650,3576.6,2926.4,4322.95,2866.6,3244.4,35,1,3244.3,25,2,3244.2,105,4,3244.1,13,2,3244.0,67,3,3244.5,9,1,3244.6,1,1,3244.8,1,1,3245.0,21,7,3245.2,1,1
11536,2025-12-30 09:39:56+05:30,3244.5,1,3246.27,84713,96595.0,96335.0,3250.0,3253.0,3239.8,3251.5,41313650,3576.6,2926.4,4322.95,2866.6,3244.4,50,2,3244.3,10,1,3244.2,105,4,3244.1,7,1,3244.0,45,2,3244.5,10,2,3244.6,1,1,3244.8,1,1,3245.0,21,7,3245.2,1,1
11536,2025-12-30 09:39:57+05:30,3244.5,3,3246.27,84725,96547.0,96274.0,3250.0,3253.0,3239.8,3251.5,41313650,3576.6,2926.4,4322.95,2866.6,3244.5,8,1,3244.4,50,2,3244.3,30,2,3244.2,115,5,3244.1,14,2,3244.6,2,2,3244.8,1,1,3245.0,21,7,3245.2,1,1,3245.4,25,1
11536,2025-12-30 09:39:57+05:30,3244.5,3,3246.27,84725,96547.0,96274.0,3250.0,3253.0,3239.8,3251.5,41313650,3576.6,2926.4,4322.95,2866.6,3244.5,8,1,3244.4,50,2,3244.3,30,2,3244.2,115,5,3244.1,14,2,3244.6,2,2,3244.8,1,1,3245.0,21,7,3245.2,1,1,3245.4,25,1
11536,2025-12-30 09:39:58+05:30,3244.6,1,3246.27,84728,96472.0,97219.0,3250.0,3253.0,3239.8,3251.5,41313650,3576.6,2926.4,4322.95,2866.6,3244.6,18,2,3244.5,58,3,3244.4,35,1,3244.3,10,1,3244.2,82,2,3244.8,1,1,3245.0,21,7,3245.2,1,1,3245.4,25,1,3245.6,28,2
11536,2025-12-30 09:39:58+05:30,3244.6,1,3246.27,84728,96472.0,97219.0,3250.0,3253.0,3239.8,3251.5,41313650,3576.6,2926.4,4322.95,2866.6,3244.6,18,2,3244.5,58,3,3244.4,35,1,3244.3,10,1,3244.2,82,2,3244.8,1,1,3245.0,21,7,3245.2,1,1,3245.4,25,1,3245.6,28,2
11536,2025-12-30 09:39:59+05:30,3244.6,1,3246.27,84728,96161.0,97084.0,3250.0,3253.0,3239.8,3251.5,41313650,3576.6,2926.4,4322.95,2866.6,3244.6,18,2,3244.5,58,3,3244.4,35,1,3244.3,10,1,3244.2,82,2,3244.8,1,1,3245.0,21,7,3245.2,1,1,3245.4,52,3,3245.6,36,3
11536,2025-12-30 09:40:00+05:30,3245.0,1,3246.27,84728,96161.0,97084.0,3250.0,3253.0,3239.8,3251.5,41313650,3576.6,2926.4,4322.95,2866.6,3244.6,18,2,3244.5,58,3,3244.4,35,1,3244.3,10,1,3244.2,82,2,3244.8,1,1,3245.0,21,7,3245.2,1,1,3245.4,52,3,3245.6,36,3
11536,2025-12-30 09:40:01+05:30,3245.0,1,3246.27,84748,96345.0,97170.0,3250.0,3253.0,3239.8,3251.5,41313650,3576.6,2926.4,4322.95,2866.6,3244.7,14,1,3244.6,4,1,3244.5,58,3,3244.4,35,1,3244.3,10,1,3245.0,23,9,3245.2,11,2,3245.4,45,3,3245.6,66,5,3245.7,19,2
11536,2025-12-30 09:40:01+05:30,3245.0,1,3246.27,84748,96345.0,97170.0,3250.0,3253.0,3239.8,3251.5,41313650,3576.6,2926.4,4322.95,2866.6,3244.7,14,1,3244.6,4,1,3244.5,58,3,3244.4,35,1,3244.3,10,1,3245.0,23,9,3245.2,11,2,3245.4,45,3,3245.6,66,5,3245.7,19,2
11536,2025-12-30 09:40:02+05:30,3245.0,1,3246.27,84749,96348.0,97108.0,3250.0,3253.0,3239.8,3251.5,41313650,3576.6,2926.4,4322.95,2866.6,3244.7,14,1,3244.6,4,1,3244.5,67,4,3244.4,35,1,3244.2,82,2,3245.0,22,8,3245.2,11,2,3245.4,45,3,3245.5,10,1,3245.6,66,5
11536,2025-12-30 09:40:03+05:30,3245.0,1,3246.27,84749,97035.0,96805.0,3250.0,3253.0,3239.8,3251.5,41313650,3576.6,2926.4,4322.95,2866.6,3244.9,14,1,3244.7,52,1,3244.6,4,1,3244.5,67,4,3244.4,35,1,3245.0,22,8,3245.2,1,1,3245.4,25,1,3245.6,36,3,3245.7,17,1
11536,2025-12-30 09:40:03+05:30,3244.9,3,3246.27,84749,97035.0,96805.0,3250.0,3253.0,3239.8,3251.5,41313650,3576.6,2926.4,4322.95,2866.6,3244.9,14,1,3244.7,52,1,3244.6,4,1,3244.5,67,4,3244.4,35,1,3245.0,22,8,3245.2,1,1,3245.4,25,1,3245.6,36,3,3245.7,17,1
11536,2025-12-30 09:40:04+05:30,3244.9,3,3246.27,84782,96994.0,94517.0,3250.0,3253.0,3239.8,3251.5,41313650,3576.6,2926.4,4322.95,2866.6,3244.9,12,1,3244.7,52,1,3244.6,4,1,3244.5,67,4,3244.4,35,1,3245.0,28,10,3245.2,12,2,3245.3,9,1,3245.4,36,2,3245.5,8,1
11536,2025-12-30 09:40:04+05:30,3244.9,3,3246.27,84782,96994.0,94517.0,3250.0,3253.0,3239.8,3251.5,41313650,3576.6,2926.4,4322.95,2866.6,3244.9,12,1,3244.7,52,1,3244.6,4,1,3244.5,67,4,3244.4,35,1,3245.0,28,10,3245.2,12,2,3245.3,9,1,3245.4,36,2,3245.5,8,1
11536,2025-12-30 09:40:05+05:30,3245.0,1,3246.27,84783,96285.0,97343.0,3250.0,3253.0,3239.8,3251.5,41313650,3576.6,2926.4,4322.95,2866.6,3244.9,12,1,3244.7,52,1,3244.6,4,1,3244.5,67,4,3244.4,35,1,3245.0,24,10,3245.2,22,3,3245.4,36,2,3245.5,8,1,3245.6,65,3
11536,2025-12-30 09:40:05+05:30,3245.0,1,3246.27,84783,96285.0,97343.0,3250.0,3253.0,3239.8,3251.5,41313650,3576.6,2926.4,4322.95,2866.6,3244.9,12,1,3244.7,52,1,3244.6,4,1,3244.5,67,4,3244.4,35,1,3245.0,24,10,3245.2,22,3,3245.4,36,2,3245.5,8,1,3245.6,65,3
11536,2025-12-30 09:40:06+05:30,3245.0,1,3246.27,84784,96740.0,97154.0,3250.0,3253.0,3239.8,3251.5,41313650,3576.6,2926.4,4322.95,2866.6,3244.9,12,1,3244.7,62,2,3244.6,4,1,3244.5,58,3,3244.4,35,1,3245.0,29,12,3245.2,22,3,3245.3,14,1,3245.4,61,4,3245.5,8,1
11536,2025-12-30 09:40:06+05:30,3244.9,1,3246.27,84784,96740.0,97154.0,3250.0,3253.0,3239.8,3251.5,41313650,3576.6,2926.4,4322.95,2866.6,3244.9,12,1,3244.7,62,2,3244.6,4,1,3244.5,58,3,3244.4,35,1,3245.0,29,12,3245.2,22,3,3245.3,14,1,3245.4,61,4,3245.5,8,1
11536,2025-12-30 09:40:07+05:30,3244.9,4,3246.27,84792,96203.0,97230.0,3250.0,3253.0,3239.8,3251.5,41313650,3576.6,2926.4,4322.95,2866.6,3244.9,4,1,3244.7,62,2,3244.6,4,1,3244.5,58,3,3244.4,35,1,3245.0,34,12,3245.2,22,3,3245.4,47,3,3245.5,57,4,3245.6,92,5
11536,2025-12-30 09:40:07+05:30,3244.9,4,3246.27,84792,96203.0,97230.0,3250.0,3253.0,3239.8,3251.5,41313650,3576.6,2926.4,4322.95,2866.6,3244.9,4,1,3244.7,62,2,3244.6,4,1,3244.5,58,3,3244.4,35,1,3245.0,34,12,3245.2,22,3,3245.4,47,3,3245.5,57,4,3245.6,92,5
11536,2025-12-30 09:40:08+05:30,3244.9,4,3246.27,84792,96703.0,96709.0,3250.0,3253.0,3239.8,3251.5,41313650,3576.6,2926.4,4322.95,2866.6,3244.9,57,2,3244.7,61,2,3244.6,4,1,3244.5,58,3,3244.4,65,2,3245.0,24,11,3245.2,1,1,3245.4,25,1,3245.6,12,2,3245.7,3,1
11536,2025-12-30 09:40:09+05:30,3245.0,4,3246.27,84796,96809.0,96757.0,3250.0,3253.0,3239.8,3251.5,41313650,3576.6,2926.4,4322.95,2866.6,3244.9,57,2,3244.7,61,2,3244.6,4,1,3244.5,58,3,3244.4,65,2,3245.0,22,13,3245.2,1,1,3245.4,25,1,3245.6,3,1,3245.7,3,1
11536,2025-12-30 09:40:09+05:30,3244.9,1,3246.27,84796,96809.0,96757.0,3250.0,3253.0,3239.8,3251.5,41313650,3576.6,2926.4,4322.95,2866.6,3244.9,57,2,3244.7,61,2,3244.6,4,1,3244.5,58,3,3244.4,65,2,3245.0,22,13,3245.2,1,1,3245.4,25,1,3245.6,3,1,3245.7,3,1
11536,2025-12-30 09:40:10+05:30,3244.9,1,3246.27,84798,96163.0,97072.0,3250.0,3253.0,3239.8,3251.5,41313650,3576.6,2926.4,4322.95,2866.6,3244.9,64,3,3244.7,52,1,3244.6,4,1,3244.5,58,3,3244.4,35,1,3245.0,20,11,3245.2,9,2,3245.4,25,1,3245.6,9,1,3245.7,3,1
11536,2025-12-30 09:40:10+05:30,3245.0,1,3246.27,84798,96163.0,97072.0,3250.0,3253.0,3239.8,3251.5,41313650,3576.6,2926.4,4322.95,2866.6,3244.9,64,3,3244.7,52,1,3244.6,4,1,3244.5,58,3,3244.4,35,1,3245.0,20,11,3245.2,9,2,3245.4,25,1,3245.6,9,1,3245.7,3,1
11536,2025-12-30 09:40:11+05:30,3245.0,1,3246.27,84801,96315.0,97312.0,3250.0,3253.0,3239.8,3251.5,41313650,3576.6,2926.4,4322.95,2866.6,3244.9,64,3,3244.7,52,1,3244.6,4,1,3244.5,58,3,3244.4,35,1,3245.0,18,12,3245.2,1,1,3245.4,35,2,3245.6,12,1,3245.7,3,1
11536,2025-12-30 09:40:11+05:30,3245.0,1,3246.27,84801,96315.0,97312.0,3250.0,3253.0,3239.8,3251.5,41313650,3576.6,2926.4,4322.95,2866.6,3244.9,64,3,3244.7,52,1,3244.6,4,1,3244.5,58,3,3244.4,35,1,3245.0,18,12,3245.2,1,1,3245.4,35,2,3245.6,12,1,3245.7,3,1
11536,2025-12-30 09:40:12+05:30,3245.0,2,3246.27,84804,96526.0,97516.0,3250.0,3253.0,3239.8,3251.5,41313650,3576.6,2926.4,4322.95,2866.6,3244.9,64,3,3244.7,52,1,3244.6,4,1,3244.5,58,3,3244.4,35,1,3245.0,16,12,3245.2,1,1,3245.4,25,1,3245.6,12,1,3245.7,12,2
11536,2025-12-30 09:40:12+05:30,3244.9,9,3246.27,84804,96526.0,97516.0,3250.0,3253.0,3239.8,3251.5,41313650,3576.6,2926.4,4322.95,2866.6,3244.9,64,3,3244.7,52,1,3244.6,4,1,3244.5,58,3,3244.4,35,1,3245.0,16,12,3245.2,1,1,3245.4,25,1,3245.6,12,1,3245.7,12,2
11536,2025-12-30 09:40:13+05:30,3245.0,1,3246.27,84893,96480.0,97536.0,3250.0,3253.0,3239.8,3251.5,41313650,3576.6,2926.4,4322.95,2866.6,3244.9,15,1,3244.7,62,2,3244.6,4,1,3244.5,58,3,3244.4,35,1,3245.0,32,15,3245.2,1,1,3245.4,25,1,3245.6,40,3,3245.7,12,2
11536,2025-12-30 09:40:13+05:30,3245.0,1,3246.27,84893,96480.0,97536.0,3250.0,3253.0,3239.8,3251.5,41313650,3576.6,2926.4,4322.95,2866.6,3244.9,15,1,3244.7,62,2,3244.6,4,1,3244.5,58,3,3244.4,35,1,3245.0,32,15,3245.2,1,1,3245.4,25,1,3245.6,40,3,3245.7,12,2
11536,2025-12-30 09:40:14+05:30,3244.9,1,3246.27,84895,96433.0,97518.0,3250.0,3253.0,3239.8,3251.5,41313650,3576.6,2926.4,4322.95,2866.6,3244.9,14,1,3244.7,62,2,3244.6,4,1,3244.5,58,3,3244.4,35,1,3245.0,30,14,3245.2,1,1,3245.4,35,2,3245.6,31,2,3245.7,12,2
11536,2025-12-30 09:40:14+05:30,3244.9,1,3246.27,84895,96433.0,97518.0,3250.0,3253.0,3239.8,3251.5,41313650,3576.6,2926.4,4322.95,2866.6,3244.9,14,1,3244.7,62,2,3244.6,4,1,3244.5,58,3,3244.4,35,1,3245.0,30,14,3245.2,1,1,3245.4,35,2,3245.6,31,2,3245.7,12,2
11536,2025-12-30 09:40:15+05:30,3244.9,1,3246.27,84897,96305.0,97423.0,3250.0,3253.0,3239.8,3251.5,41313650,3576.6,2926.4,4322.95,2866.6,3244.9,24,2,3244.7,52,1,3244.6,4,1,3244.5,61,4,3244.4,35,1,3245.0,37,17,3245.1,9,1,3245.2,11,2,3245.4,44,3,3245.5,50,1
11536,2025-12-30 09:40:15+05:30,3244.9,1,3246.27,84897,96305.0,97423.0,3250.0,3253.0,3239.8,3251.5,41313650,3576.6,2926.4,4322.95,2866.6,3244.9,24,2,3244.7,52,1,3244.6,4,1,3244.5,61,4,3244.4,35,1,3245.0,37,17,3245.1,9,1,3245.2,11,2,3245.4,44,3,3245.5,50,1
11536,2025-12-30 09:40:16+05:30,3245.0,1,3246.27,85013,96769.0,94164.0,3250.0,3253.0,3239.8,3251.5,41313650,3576.6,2926.4,4322.95,2866.6,3245.0,59,1,3244.9,13,1,3244.7,63,2,3244.6,4,1,3244.5,61,4,3245.2,1,1,3245.4,25,1,3245.5,60,2,3245.8,40,2,3245.9,40,3
11536,2025-12-30 09:40:16+05:30,3245.2,1,3246.27,85013,96769.0,94164.0,3250.0,3253.0,3239.8,3251.5,41313650,3576.6,2926.4,4322.95,2866.6,3245.0,59,1,3244.9,13,1,3244.7,63,2,3244.6,4,1,3244.5,61,4,3245.2,1,1,3245.4,25,1,3245.5,60,2,3245.8,40,2,3245.9,40,3
11536,2025-12-30 09:40:17+05:30,3244.9,5,3246.27,85091,96852.0,96383.0,3250.0,3253.0,3239.8,3251.5,41313650,3576.6,2926.4,4322.95,2866.6,3244.9,15,1,3244.7,62,2,3244.6,4,1,3244.5,61,4,3244.2,83,3,3245.2,9,4,3245.4,35,2,3245.5,50,1,3245.6,10,1,3245.8,40,2
11536,2025-12-30 09:40:17+05:30,3244.9,5,3246.27,85091,96852.0,96383.0,3250.0,3253.0,3239.8,3251.5,41313650,3576.6,2926.4,4322.95,2866.6,3244.9,15,1,3244.7,62,2,3244.6,4,1,3244.5,61,4,3244.2,83,3,3245.2,9,4,3245.4,35,2,3245.5,50,1,3245.6,10,1,3245.8,40,2
11536,2025-12-30 09:40:18+05:30,3244.9,5,3246.27,85091,96852.0,96383.0,3250.0,3253.0,3239.8,3251.5,41313650,3576.6,2926.4,4322.95,2866.6,3244.9,15,1,3244.7,62,2,3244.6,4,1,3244.5,61,4,3244.2,83,3,3245.2,9,4,3245.4,35,2,3245.5,50,1,3245.6,10,1,3245.8,40,2
11536,2025-12-30 09:40:18+05:30,3245.1,34,3246.27,85091,96852.0,96383.0,3250.0,3253.0,3239.8,3251.5,41313650,3576.6,2926.4,4322.95,2866.6,3244.9,15,1,3244.7,62,2,3244.6,4,1,3244.5,61,4,3244.2,83,3,3245.2,9,4,3245.4,35,2,3245.5,50,1,3245.6,10,1,3245.8,40,2
11536,2025-12-30 09:40:18+05:30,3245.1,34,3246.27,85125,96489.0,97217.0,3250.0,3253.0,3239.8,3251.5,41313650,3576.6,2926.4,4322.95,2866.6,3245.1,15,1,3244.9,9,1,3244.7,52,1,3244.6,4,1,3244.5,60,3,3245.2,6,4,3245.3,9,1,3245.4,25,1,3245.5,50,1,3245.6,19,2
11536,2025-12-30 09:40:19+05:30,3245.1,34,3246.27,85125,96489.0,97217.0,3250.0,3253.0,3239.8,3251.5,41313650,3576.6,2926.4,4322.95,2866.6,3245.1,15,1,3244.9,9,1,3244.7,52,1,3244.6,4,1,3244.5,60,3,3245.2,6,4,3245.3,9,1,3245.4,25,1,3245.5,50,1,3245.6,19,2
11536,2025-12-30 09:40:19+05:30,3245.1,17,3246.27,85125,96489.0,97217.0,3250.0,3253.0,3239.8,3251.5,41313650,3576.6,2926.4,4322.95,2866.6,3245.1,15,1,3244.9,9,1,3244.7,52,1,3244.6,4,1,3244.5,60,3,3245.2,6,4,3245.3,9,1,3245.4,25,1,3245.5,50,1,3245.6,19,2
11536,2025-12-30 09:40:20+05:30,3245.1,17,3246.27,85157,96388.0,95664.0,3250.0,3253.0,3239.8,3251.5,41313650,3576.6,2926.4,4322.95,2866.6,3244.7,62,2,3244.6,4,1,3244.5,60,3,3244.2,83,3,3244.1,25,2,3245.0,3,3,3245.1,9,1,3245.2,5,5,3245.4,35,2,3245.5,50,1
11536,2025-12-30 09:40:20+05:30,3245.1,17,3246.27,85157,96388.0,95664.0,3250.0,3253.0,3239.8,3251.5,41313650,3576.6,2926.4,4322.95,2866.6,3244.7,62,2,3244.6,4,1,3244.5,60,3,3244.2,83,3,3244.1,25,2,3245.0,3,3,3245.1,9,1,3245.2,5,5,3245.4,35,2,3245.5,50,1
11536,2025-12-30 09:40:20+05:30,3244.7,7,3246.27,85157,96388.0,95664.0,3250.0,3253.0,3239.8,3251.5,41313650,3576.6,2926.4,4322.95,2866.6,3244.7,62,2,3244.6,4,1,3244.5,60,3,3244.2,83,3,3244.1,25,2,3245.0,3,3,3245.1,9,1,3245.2,5,5,3245.4,35,2,3245.5,50,1
11536,2025-12-30 09:40:21+05:30,3244.7,5,3246.27,85169,96351.0,97586.0,3250.0,3253.0,3239.8,3251.5,41313650,3576.6,2926.4,4322.95,2866.6,3244.7,50,2,3244.6,4,1,3244.5,69,4,3244.2,82,2,3244.1,25,2,3245.0,5,5,3245.2,2,2,3245.4,25,1,3245.5,70,2,3245.6,21,2
11536,2025-12-30 09:40:21+05:30,3244.7,5,3246.27,85169,96351.0,97586.0,3250.0,3253.0,3239.8,3251.5,41313650,3576.6,2926.4,4322.95,2866.6,3244.7,50,2,3244.6,4,1,3244.5,69,4,3244.2,82,2,3244.1,25,2,3245.0,5,5,3245.2,2,2,3245.4,25,1,3245.5,70,2,3245.6,21,2
11536,2025-12-30 09:40:21+05:30,3244.7,5,3246.27,85169,96351.0,97586.0,3250.0,3253.0,3239.8,3251.5,41313650,3576.6,2926.4,4322.95,2866.6,3244.7,50,2,3244.6,4,1,3244.5,69,4,3244.2,82,2,3244.1,25,2,3245.0,5,5,3245.2,2,2,3245.4,25,1,3245.5,70,2,3245.6,21,2
11536,2025-12-30 09:40:22+05:30,3244.7,5,3246.27,85174,96366.0,97251.0,3250.0,3253.0,3239.8,3251.5,41313650,3576.6,2926.4,4322.95,2866.6,3244.7,55,3,3244.6,4,1,3244.5,60,3,3244.2,82,2,3244.1,25,2,3245.0,6,6,3245.4,35,2,3245.5,70,2,3245.6,21,2,3245.7,1,1
11536,2025-12-30 09:40:22+05:30,3244.7,5,3246.27,85174,96366.0,97251.0,3250.0,3253.0,3239.8,3251.5,41313650,3576.6,2926.4,4322.95,2866.6,3244.7,55,3,3244.6,4,1,3244.5,60,3,3244.2,82,2,3244.1,25,2,3245.0,6,6,3245.4,35,2,3245.5,70,2,3245.6,21,2,3245.7,1,1
11536,2025-12-30 09:40:22+05:30,3245.0,1,3246.27,85174,96366.0,97251.0,3250.0,3253.0,3239.8,3251.5,41313650,3576.6,2926.4,4322.95,2866.6,3244.7,55,3,3244.6,4,1,3244.5,60,3,3244.2,82,2,3244.1,25,2,3245.0,6,6,3245.4,35,2,3245.5,70,2,3245.6,21,2,3245.7,1,1
11536,2025-12-30 09:40:23+05:30,3245.0,1,3246.27,85174,96366.0,97251.0,3250.0,3253.0,3239.8,3251.5,41313650,3576.6,2926.4,4322.95,2866.6,3244.7,55,3,3244.6,4,1,3244.5,60,3,3244.2,82,2,3244.1,25,2,3245.0,6,6,3245.4,35,2,3245.5,70,2,3245.6,21,2,3245.7,1,1
11536,2025-12-30 09:40:23+05:30,3244.7,3,3246.27,85180,96394.0,97254.0,3250.0,3253.0,3239.8,3251.5,41313650,3576.6,2926.4,4322.95,2866.6,3244.7,33,2,3244.6,14,2,3244.5,71,4,3244.2,132,4,3244.1,25,2,3245.0,5,5,3245.4,25,1,3245.5,50,1,3245.6,21,2,3245.7,1,1
11536,2025-12-30 09:40:23+05:30,3244.7,2,3246.27,85180,96394.0,97254.0,3250.0,3253.0,3239.8,3251.5,41313650,3576.6,2926.4,4322.95,2866.6,3244.7,33,2,3244.6,14,2,3244.5,71,4,3244.2,132,4,3244.1,25,2,3245.0,5,5,3245.4,25,1,3245.5,50,1,3245.6,21,2,3245.7,1,1
11536,2025-12-30 09:40:24+05:30,3244.7,2,3246.27,85180,96394.0,97254.0,3250.0,3253.0,3239.8,3251.5,41313650,3576.6,2926.4,4322.95,2866.6,3244.7,33,2,3244.6,14,2,3244.5,71,4,3244.2,132,4,3244.1,25,2,3245.0,5,5,3245.4,25,1,3245.5,50,1,3245.6,21,2,3245.7,1,1
11536,2025-12-30 09:40:24+05:30,3244.7,2,3246.27,85182,96392.0,97234.0,3250.0,3253.0,3239.8,3251.5,41313650,3576.6,2926.4,4322.95,2866.6,3244.7,42,3,3244.6,14,2,3244.5,60,3,3244.2,132,4,3244.1,25,2,3245.0,5,5,3245.4,25,1,3245.5,50,1,3245.6,21,2,3245.7,1,1
11536,2025-12-30 09:40:24+05:30,3244.7,2,3246.27,85182,96392.0,97234.0,3250.0,3253.0,3239.8,3251.5,41313650,3576.6,2926.4,4322.95,2866.6,3244.7,42,3,3244.6,14,2,3244.5,60,3,3244.2,132,4,3244.1,25,2,3245.0,5,5,3245.4,25,1,3245.5,50,1,3245.6,21,2,3245.7,1,1
11536,2025-12-30 09:40:25+05:30,3244.7,2,3246.27,85182,96392.0,97234.0,3250.0,3253.0,3239.8,3251.5,41313650,3576.6,2926.4,4322.95,2866.6,3244.7,42,3,3244.6,14,2,3244.5,60,3,3244.2,132,4,3244.1,25,2,3245.0,5,5,3245.4,25,1,3245.5,50,1,3245.6,21,2,3245.7,1,1
11536,2025-12-30 09:40:25+05:30,3245.4,1,3246.27,85204,96433.0,96022.0,3250.0,3253.0,3239.8,3251.5,41313650,3576.6,2926.4,4322.95,2866.6,3244.7,41,3,3244.6,4,1,3244.5,69,4,3244.3,20,1,3244.2,98,3,3245.4,24,1,3245.5,50,1,3245.8,40,2,3245.9,50,5,3246.0,161,7
11536,2025-12-30 09:40:25+05:30,3245.4,1,3246.27,85204,96433.0,96022.0,3250.0,3253.0,3239.8,3251.5,41313650,3576.6,2926.4,4322.95,2866.6,3244.7,41,3,3244.6,4,1,3244.5,69,4,3244.3,20,1,3244.2,98,3,3245.4,24,1,3245.5,50,1,3245.8,40,2,3245.9,50,5,3246.0,161,7
11536,2025-12-30 09:40:25+05:30,3245.4,1,3246.27,85204,96433.0,96022.0,3250.0,3253.0,3239.8,3251.5,41313650,3576.6,2926.4,4322.95,2866.6,3244.7,41,3,3244.6,4,1,3244.5,69,4,3244.3,20,1,3244.2,98,3,3245.4,24,1,3245.5,50,1,3245.8,40,2,3245.9,50,5,3246.0,161,7
11536,2025-12-30 09:40:26+05:30,3245.4,1,3246.27,85204,96387.0,97162.0,3250.0,3253.0,3239.8,3251.5,41313650,3576.6,2926.4,4322.95,2866.6,3244.7,41,3,3244.6,4,1,3244.5,69,4,3244.2,82,2,3244.1,25,2,3245.0,40,1,3245.4,35,4,3245.5,70,2,3245.6,38,3,3245.8,49,4
11536,2025-12-30 09:40:26+05:30,3245.4,1,3246.27,85204,96387.0,97162.0,3250.0,3253.0,3239.8,3251.5,41313650,3576.6,2926.4,4322.95,2866.6,3244.7,41,3,3244.6,4,1,3244.5,69,4,3244.2,82,2,3244.1,25,2,3245.0,40,1,3245.4,35,4,3245.5,70,2,3245.6,38,3,3245.8,49,4
11536,2025-12-30 09:40:27+05:30,3245.4,1,3246.27,85204,96374.0,97321.0,3250.0,3253.0,3239.8,3251.5,41313650,3576.6,2926.4,4322.95,2866.6,3244.8,10,1,3244.7,41,3,3244.6,4,1,3244.5,60,3,3244.2,112,3,3245.0,40,1,3245.4,46,4,3245.5,50,1,3245.6,28,2,3245.8,48,3
11536,2025-12-30 09:40:27+05:30,3245.4,1,3246.27,85204,96374.0,97321.0,3250.0,3253.0,3239.8,3251.5,41313650,3576.6,2926.4,4322.95,2866.6,3244.8,10,1,3244.7,41,3,3244.6,4,1,3244.5,60,3,3244.2,112,3,3245.0,40,1,3245.4,46,4,3245.5,50,1,3245.6,28,2,3245.8,48,3
11536,2025-12-30 09:40:28+05:30,3244.8,4,3246.27,85209,96388.0,97303.0,3250.0,3253.0,3239.8,3251.5,41313650,3576.6,2926.4,4322.95,2866.6,3244.8,6,1,3244.7,31,2,3244.6,4,1,3244.5,71,4,3244.2,82,2,3245.0,73,4,3245.3,20,1,3245.4,24,1,3245.5,50,1,3245.6,30,2
11536,2025-12-30 09:40:28+05:30,3244.8,4,3246.27,85209,96388.0,97303.0,3250.0,3253.0,3239.8,3251.5,41313650,3576.6,2926.4,4322.95,2866.6,3244.8,6,1,3244.7,31,2,3244.6,4,1,3244.5,71,4,3244.2,82,2,3245.0,73,4,3245.3,20,1,3245.4,24,1,3245.5,50,1,3245.6,30,2
11536,2025-12-30 09:40:29+05:30,3244.8,4,3246.27,85209,96388.0,97303.0,3250.0,3253.0,3239.8,3251.5,41313650,3576.6,2926.4,4322.95,2866.6,3244.8,6,1,3244.7,31,2,3244.6,4,1,3244.5,71,4,3244.2,82,2,3245.0,73,4,3245.3,20,1,3245.4,24,1,3245.5,50,1,3245.6,30,2
11536,2025-12-30 09:40:29+05:30,3244.8,4,3246.27,85209,96391.0,97491.0,3250.0,3253.0,3239.8,3251.5,41313650,3576.6,2926.4,4322.95,2866.6,3244.9,6,1,3244.7,31,2,3244.6,4,1,3244.5,71,4,3244.2,82,2,3245.0,79,5,3245.2,10,1,3245.3,20,1,3245.4,34,2,3245.5,78,3
11536,2025-12-30 09:40:30+05:30,3244.8,4,3246.27,85209,96413.0,97506.0,3250.0,3253.0,3239.8,3251.5,41313650,3576.6,2926.4,4322.95,2866.6,3244.9,6,1,3244.7,41,3,3244.6,4,1,3244.5,60,3,3244.2,82,2,3245.0,87,5,3245.1,9,1,3245.2,8,1,3245.3,20,1,3245.4,42,3
11536,2025-12-30 09:40:30+05:30,3244.8,4,3246.27,85209,96413.0,97506.0,3250.0,3253.0,3239.8,3251.5,41313650,3576.6,2926.4,4322.95,2866.6,3244.9,6,1,3244.7,41,3,3244.6,4,1,3244.5,60,3,3244.2,82,2,3245.0,87,5,3245.1,9,1,3245.2,8,1,3245.3,20,1,3245.4,42,3
11536,2025-12-30 09:40:31+05:30,3244.8,4,3246.27,85209,96450.0,96421.0,3250.0,3253.0,3239.8,3251.5,41313650,3576.6,2926.4,4322.95,2866.6,3244.9,6,1,3244.7,46,4,3244.6,4,1,3244.5,60,3,3244.2,82,2,3245.0,87,5,3245.3,20,1,3245.4,46,2,3245.5,58,2,3245.6,12,1
11536,2025-12-30 09:40:32+05:30,3244.8,4,3246.27,85209,96587.0,96925.0,3250.0,3253.0,3239.8,3251.5,41313650,3576.6,2926.4,4322.95,2866.6,3244.9,6,1,3244.7,46,4,3244.6,4,1,3244.5,60,3,3244.2,82,2,3245.0,87,5,3245.3,20,1,3245.4,46,2,3245.5,60,2,3245.8,79,4
11536,2025-12-30 09:40:32+05:30,3244.8,4,3246.27,85209,96587.0,96925.0,3250.0,3253.0,3239.8,3251.5,41313650,3576.6,2926.4,4322.95,2866.6,3244.9,6,1,3244.7,46,4,3244.6,4,1,3244.5,60,3,3244.2,82,2,3245.0,87,5,3245.3,20,1,3245.4,46,2,3245.5,60,2,3245.8,79,4
11536,2025-12-30 09:40:33+05:30,3244.8,4,3246.27,85209,96643.0,96921.0,3250.0,3253.0,3239.8,3251.5,41313650,3576.6,2926.4,4322.95,2866.6,3244.9,6,1,3244.7,46,4,3244.6,4,1,3244.5,60,3,3244.2,82,2,3245.0,87,5,3245.2,9,1,3245.3,50,1,3245.4,56,3,3245.5,12,1
11536,2025-12-30 09:40:33+05:30,3244.8,4,3246.27,85209,96643.0,96921.0,3250.0,3253.0,3239.8,3251.5,41313650,3576.6,2926.4,4322.95,2866.6,3244.9,6,1,3244.7,46,4,3244.6,4,1,3244.5,60,3,3244.2,82,2,3245.0,87,5,3245.2,9,1,3245.3,50,1,3245.4,56,3,3245.5,12,1
11536,2025-12-30 09:40:34+05:30,3244.8,4,3246.27,85209,96807.0,97426.0,3250.0,3253.0,3239.8,3251.5,41313650,3576.6,2926.4,4322.95,2866.6,3244.9,6,1,3244.7,46,4,3244.6,4,1,3244.5,60,3,3244.2,82,2,3245.0,87,5,3245.3,50,1,3245.4,46,2,3245.5,12,1,3245.8,49,3
11536,2025-12-30 09:40:35+05:30,3244.8,4,3246.27,85209,96807.0,97426.0,3250.0,3253.0,3239.8,3251.5,41324150,3576.6,2926.4,4322.95,2866.6,3244.9,6,1,3244.7,46,4,3244.6,4,1,3244.5,60,3,3244.2,82,2,3245.0,87,5,3245.3,50,1,3245.4,46,2,3245.5,12,1,3245.8,49,3
11536,2025-12-30 09:40:35+05:30,3245.0,1,3246.27,85210,96816.0,96801.0,3250.0,3253.0,3239.8,3251.5,41324150,3576.6,2926.4,4322.95,2866.6,3244.9,6,1,3244.7,46,4,3244.6,4,1,3244.5,60,3,3244.4,9,1,3245.0,86,5,3245.3,50,1,3245.4,46,2,3245.5,12,1,3245.8,41,2
11536,2025-12-30 09:40:35+05:30,3245.0,1,3246.27,85210,96816.0,96801.0,3250.0,3253.0,3239.8,3251.5,41324150,3576.6,2926.4,4322.95,2866.6,3244.9,6,1,3244.7,46,4,3244.6,4,1,3244.5,60,3,3244.4,9,1,3245.0,86,5,3245.3,50,1,3245.4,46,2,3245.5,12,1,3245.8,41,2
11536,2025-12-30 09:40:36+05:30,3245.0,1,3246.27,85210,96766.0,97297.0,3250.0,3253.0,3239.8,3251.5,41324150,3576.6,2926.4,4322.95,2866.6,3244.9,16,2,3244.7,36,3,3244.6,4,1,3244.5,60,3,3244.4,9,1,3245.0,86,5,3245.3,50,1,3245.4,46,2,3245.5,22,2,3245.8,41,2
11536,2025-12-30 09:40:36+05:30,3245.0,2,3246.27,85210,96766.0,97297.0,3250.0,3253.0,3239.8,3251.5,41324150,3576.6,2926.4,4322.95,2866.6,3244.9,16,2,3244.7,36,3,3244.6,4,1,3244.5,60,3,3244.4,9,1,3245.0,86,5,3245.3,50,1,3245.4,46,2,3245.5,22,2,3245.8,41,2
11536,2025-12-30 09:40:37+05:30,3245.0,2,3246.27,85210,96766.0,97297.0,3250.0,3253.0,3239.8,3251.5,41324150,3576.6,2926.4,4322.95,2866.6,3244.9,16,2,3244.7,36,3,3244.6,4,1,3244.5,60,3,3244.4,9,1,3245.0,86,5,3245.3,50,1,3245.4,46,2,3245.5,22,2,3245.8,41,2
11536,2025-12-30 09:40:37+05:30,3244.9,1,3246.27,85213,96713.0,97609.0,3250.0,3253.0,3239.8,3251.5,41324150,3576.6,2926.4,4322.95,2866.6,3244.9,15,2,3244.7,36,3,3244.6,4,1,3244.5,60,3,3244.2,94,3,3245.0,85,6,3245.2,9,1,3245.3,50,1,3245.4,32,2,3245.6,24,2
11536,2025-12-30 09:40:37+05:30,3245.0,8,3246.27,85213,96713.0,97609.0,3250.0,3253.0,3239.8,3251.5,41324150,3576.6,2926.4,4322.95,2866.6,3244.9,15,2,3244.7,36,3,3244.6,4,1,3244.5,60,3,3244.2,94,3,3245.0,85,6,3245.2,9,1,3245.3,50,1,3245.4,32,2,3245.6,24,2
11536,2025-12-30 09:40:38+05:30,3245.0,1,3246.27,85222,96796.0,97454.0,3250.0,3253.0,3239.8,3251.5,41324150,3576.6,2926.4,4322.95,2866.6,3244.9,5,1,3244.7,46,4,3244.6,4,1,3244.5,60,3,3244.2,124,4,3245.0,78,8,3245.3,50,1,3245.4,24,1,3245.5,12,1,3245.6,20,2
11536,2025-12-30 09:40:38+05:30,3245.0,1,3246.27,85222,96796.0,97454.0,3250.0,3253.0,3239.8,3251.5,41324150,3576.6,2926.4,4322.95,2866.6,3244.9,5,1,3244.7,46,4,3244.6,4,1,3244.5,60,3,3244.2,124,4,3245.0,78,8,3245.3,50,1,3245.4,24,1,3245.5,12,1,3245.6,20,2
11536,2025-12-30 09:40:39+05:30,3245.0,1,3246.27,85224,96758.0,97464.0,3250.0,3253.0,3239.8,3251.5,41324150,3576.6,2926.4,4322.95,2866.6,3244.9,15,2,3244.7,36,3,3244.6,4,1,3244.5,60,3,3244.2,106,4,3245.0,77,9,3245.3,50,1,3245.4,24,1,3245.5,12,1,3245.8,79,4
11536,2025-12-30 09:40:39+05:30,3245.0,1,3246.27,85224,96758.0,97464.0,3250.0,3253.0,3239.8,3251.5,41324150,3576.6,2926.4,4322.95,2866.6,3244.9,15,2,3244.7,36,3,3244.6,4,1,3244.5,60,3,3244.2,106,4,3245.0,77,9,3245.3,50,1,3245.4,24,1,3245.5,12,1,3245.8,79,4
11536,2025-12-30 09:40:40+05:30,3245.0,25,3246.26,85275,96832.0,97147.0,3250.0,3253.0,3239.8,3251.5,41324150,3576.6,2926.4,4322.95,2866.6,3244.9,4,1,3244.7,46,4,3244.6,4,1,3244.5,72,4,3244.4,16,1,3245.0,29,9,3245.3,50,1,3245.4,24,1,3245.8,33,3,3245.9,10,4
11536,2025-12-30 09:40:40+05:30,3245.0,25,3246.26,85275,96832.0,97147.0,3250.0,3253.0,3239.8,3251.5,41324150,3576.6,2926.4,4322.95,2866.6,3244.9,4,1,3244.7,46,4,3244.6,4,1,3244.5,72,4,3244.4,16,1,3245.0,29,9,3245.3,50,1,3245.4,24,1,3245.8,33,3,3245.9,10,4
11536,2025-12-30 09:40:41+05:30,3244.9,1,3246.26,85276,96864.0,97139.0,3250.0,3253.0,3239.8,3251.5,41324150,3576.6,2926.4,4322.95,2866.6,3244.9,13,2,3244.7,36,3,3244.6,4,1,3244.5,60,3,3244.4,16,1,3245.0,29,9,3245.3,50,1,3245.4,24,1,3245.7,4,1,3245.8,21,2
11536,2025-12-30 09:40:41+05:30,3244.9,1,3246.26,85276,96864.0,97139.0,3250.0,3253.0,3239.8,3251.5,41324150,3576.6,2926.4,4322.95,2866.6,3244.9,13,2,3244.7,36,3,3244.6,4,1,3244.5,60,3,3244.4,16,1,3245.0,29,9,3245.3,50,1,3245.4,24,1,3245.7,4,1,3245.8,21,2
11536,2025-12-30 09:40:42+05:30,3245.0,4,3246.26,85280,96551.0,97575.0,3250.0,3253.0,3239.8,3251.5,41324150,3576.6,2926.4,4322.95,2866.6,3244.9,3,1,3244.7,47,4,3244.6,4,1,3244.5,60,3,3244.2,82,2,3245.0,27,11,3245.1,9,1,3245.2,10,1,3245.3,54,2,3245.4,42,3
11536,2025-12-30 09:40:42+05:30,3244.9,1,3246.26,85280,96551.0,97575.0,3250.0,3253.0,3239.8,3251.5,41324150,3576.6,2926.4,4322.95,2866.6,3244.9,3,1,3244.7,47,4,3244.6,4,1,3244.5,60,3,3244.2,82,2,3245.0,27,11,3245.1,9,1,3245.2,10,1,3245.3,54,2,3245.4,42,3
11536,2025-12-30 09:40:43+05:30,3244.9,1,3246.26,85281,96599.0,97547.0,3250.0,3253.0,3239.8,3251.5,41324150,3576.6,2926.4,4322.95,2866.6,3244.9,12,2,3244.7,36,3,3244.6,4,1,3244.5,60,3,3244.2,82,2,3245.0,27,11,3245.1,9,1,3245.3,54,2,3245.4,34,2,3245.5,16,1
11536,2025-12-30 09:40:43+05:30,3244.9,5,3246.26,85281,96599.0,97547.0,3250.0,3253.0,3239.8,3251.5,41324150,3576.6,2926.4,4322.95,2866.6,3244.9,12,2,3244.7,36,3,3244.6,4,1,3244.5,60,3,3244.2,82,2,3245.0,27,11,3245.1,9,1,3245.3,54,2,3245.4,34,2,3245.5,16,1
11536,2025-12-30 09:40:44+05:30,3245.0,1,3246.26,85293,96782.0,96611.0,3250.0,3253.0,3239.8,3251.5,41324150,3576.6,2926.4,4322.95,2866.6,3244.9,20,2,3244.7,31,2,3244.6,4,1,3244.5,60,3,3244.2,94,3,3245.0,24,10,3245.3,50,1,3245.4,24,1,3245.5,16,1,3245.6,23,1
11536,2025-12-30 09:40:44+05:30,3245.0,1,3246.26,85293,96782.0,96611.0,3250.0,3253.0,3239.8,3251.5,41324150,3576.6,2926.4,4322.95,2866.6,3244.9,20,2,3244.7,31,2,3244.6,4,1,3244.5,60,3,3244.2,94,3,3245.0,24,10,3245.3,50,1,3245.4,24,1,3245.5,16,1,3245.6,23,1
11536,2025-12-30 09:40:45+05:30,3244.9,1,3246.26,85350,96646.0,97511.0,3250.0,3253.0,3239.8,3251.5,41324150,3576.6,2926.4,4322.95,2866.6,3244.9,19,2,3244.7,31,2,3244.6,4,1,3244.5,60,3,3244.2,112,3,3245.0,26,11,3245.3,50,1,3245.4,24,1,3245.6,4,1,3245.7,43,3
11536,2025-12-30 09:40:45+05:30,3244.9,1,3246.26,85350,96646.0,97511.0,3250.0,3253.0,3239.8,3251.5,41324150,3576.6,2926.4,4322.95,2866.6,3244.9,19,2,3244.7,31,2,3244.6,4,1,3244.5,60,3,3244.2,112,3,3245.0,26,11,3245.3,50,1,3245.4,24,1,3245.6,4,1,3245.7,43,3
11536,2025-12-30 09:40:46+05:30,3244.9,1,3246.26,85350,96646.0,97535.0,3250.0,3253.0,3239.8,3251.5,41324150,3576.6,2926.4,4322.95,2866.6,3244.9,19,2,3244.7,31,2,3244.6,4,1,3244.5,60,3,3244.2,82,2,3245.0,27,12,3245.3,50,1,3245.4,24,1,3245.5,10,1,3245.6,4,1
11536,2025-12-30 09:40:47+05:30,3244.9,2,3246.26,85352,96686.0,97395.0,3250.0,3253.0,3239.8,3251.5,41324150,3576.6,2926.4,4322.95,2866.6,3244.9,7,1,3244.7,40,3,3244.6,4,1,3244.5,60,3,3244.2,82,2,3245.0,26,11,3245.3,50,1,3245.4,25,2,3245.5,8,1,3245.6,16,2
11536,2025-12-30 09:40:47+05:30,3244.9,10,3246.26,85352,96686.0,97395.0,3250.0,3253.0,3239.8,3251.5,41324150,3576.6,2926.4,4322.95,2866.6,3244.9,7,1,3244.7,40,3,3244.6,4,1,3244.5,60,3,3244.2,82,2,3245.0,26,11,3245.3,50,1,3245.4,25,2,3245.5,8,1,3245.6,16,2
11536,2025-12-30 09:40:48+05:30,3244.9,8,3246.26,85400,96694.0,97432.0,3250.0,3253.0,3239.8,3251.5,41324150,3576.6,2926.4,4322.95,2866.6,3244.9,12,2,3244.7,31,2,3244.6,4,1,3244.5,60,3,3244.2,82,2,3245.0,27,11,3245.3,60,2,3245.4,25,2,3245.5,12,2,3245.6,12,1
11536,2025-12-30 09:40:48+05:30,3244.9,1,3246.26,85400,96694.0,97432.0,3250.0,3253.0,3239.8,3251.5,41324150,3576.6,2926.4,4322.95,2866.6,3244.9,12,2,3244.7,31,2,3244.6,4,1,3244.5,60,3,3244.2,82,2,3245.0,27,11,3245.3,60,2,3245.4,25,2,3245.5,12,2,3245.6,12,1
11536,2025-12-30 09:40:49+05:30,3244.9,1,3246.26,85401,96714.0,96348.0,3250.0,3253.0,3239.8,3251.5,41324150,3576.6,2926.4,4322.95,2866.6,3244.9,73,3,3244.8,1,1,3244.7,31,2,3244.6,4,1,3244.5,60,3,3245.0,27,11,3245.3,50,1,3245.4,25,2,3245.5,8,1,3245.7,45,3
11536,2025-12-30 09:40:49+05:30,3245.3,46,3246.26,85401,96714.0,96348.0,3250.0,3253.0,3239.8,3251.5,41324150,3576.6,2926.4,4322.95,2866.6,3244.9,73,3,3244.8,1,1,3244.7,31,2,3244.6,4,1,3244.5,60,3,3245.0,27,11,3245.3,50,1,3245.4,25,2,3245.5,8,1,3245.7,45,3
11536,2025-12-30 09:40:50+05:30,3245.0,1,3246.26,85502,96750.0,97734.0,3250.0,3253.0,3239.8,3251.5,41324150,3576.6,2926.4,4322.95,2866.6,3244.9,63,2,3244.8,1,1,3244.7,41,3,3244.6,4,1,3244.5,60,3,3245.3,13,4,3245.4,25,2,3245.5,30,2,3245.6,10,1,3245.7,25,2
11536,2025-12-30 09:40:50+05:30,3245.0,1,3246.26,85502,96750.0,97734.0,3250.0,3253.0,3239.8,3251.5,41324150,3576.6,2926.4,4322.95,2866.6,3244.9,63,2,3244.8,1,1,3244.7,41,3,3244.6,4,1,3244.5,60,3,3245.3,13,4,3245.4,25,2,3245.5,30,2,3245.6,10,1,3245.7,25,2
11536,2025-12-30 09:40:51+05:30,3245.0,1,3246.26,85502,96899.0,97706.0,3250.0,3253.0,3239.8,3251.5,41324150,3576.6,2926.4,4322.95,2866.6,3245.0,50,1,3244.9,74,3,3244.8,1,1,3244.7,31,2,3244.6,4,1,3245.3,9,3,3245.4,34,3,3245.5,30,2,3245.6,10,1,3245.7,25,2
11536,2025-12-30 09:40:52+05:30,3245.0,4,3246.26,85562,96851.0,97633.0,3250.0,3253.0,3239.8,3251.5,41324150,3576.6,2926.4,4322.95,2866.6,3245.0,16,1,3244.9,64,2,3244.8,1,1,3244.7,31,2,3244.6,4,1,3245.3,12,4,3245.4,25,2,3245.5,30,2,3245.6,10,1,3245.7,3,1
11536,2025-12-30 09:40:52+05:30,3245.0,4,3246.26,85562,96851.0,97633.0,3250.0,3253.0,3239.8,3251.5,41324150,3576.6,2926.4,4322.95,2866.6,3245.0,16,1,3244.9,64,2,3244.8,1,1,3244.7,31,2,3244.6,4,1,3245.3,12,4,3245.4,25,2,3245.5,30,2,3245.6,10,1,3245.7,3,1
11536,2025-12-30 09:40:53+05:30,3245.0,15,3246.26,85577,96836.0,97752.0,3250.0,3253.0,3239.8,3251.5,41324150,3576.6,2926.4,4322.95,2866.6,3245.0,2,2,3244.9,53,1,3244.8,1,1,3244.7,41,3,3244.6,4,1,3245.3,12,5,3245.4,25,2,3245.5,30,2,3245.6,25,2,3245.7,41,3
11536,2025-12-30 09:40:53+05:30,3245.0,15,3246.26,85577,96836.0,97752.0,3250.0,3253.0,3239.8,3251.5,41324150,3576.6,2926.4,4322.95,2866.6,3245.0,2,2,3244.9,53,1,3244.8,1,1,3244.7,41,3,3244.6,4,1,3245.3,12,5,3245.4,25,2,3245.5,30,2,3245.6,25,2,3245.7,41,3
11536,2025-12-30 09:40:54+05:30,3245.0,16,3246.26,85577,96836.0,97752.0,3250.0,3253.0,3239.8,3251.5,41324150,3576.6,2926.4,4322.95,2866.6,3245.0,2,2,3244.9,53,1,3244.8,1,1,3244.7,41,3,3244.6,4,1,3245.3,12,5,3245.4,25,2,3245.5,30,2,3245.6,25,2,3245.7,41,3
11536,2025-12-30 09:40:55+05:30,3245.0,16,3246.26,85595,96893.0,97770.0,3250.0,3253.0,3239.8,3251.5,41324150,3576.6,2926.4,4322.95,2866.6,3245.0,32,1,3244.9,64,2,3244.8,1,1,3244.7,31,2,3244.6,4,1,3245.3,11,5,3245.4,34,3,3245.5,42,3,3245.6,25,2,3245.7,20,2
11536,2025-12-30 09:40:55+05:30,3245.0,9,3246.26,85595,96893.0,97770.0,3250.0,3253.0,3239.8,3251.5,41324150,3576.6,2926.4,4322.95,2866.6,3245.0,32,1,3244.9,64,2,3244.8,1,1,3244.7,31,2,3244.6,4,1,3245.3,11,5,3245.4,34,3,3245.5,42,3,3245.6,25,2,3245.7,20,2
11536,2025-12-30 09:40:56+05:30,3245.3,1,3246.26,85611,96892.0,97942.0,3250.0,3253.0,3239.8,3251.5,41324150,3576.6,2926.4,4322.95,2866.6,3245.0,31,2,3244.9,64,2,3244.8,1,1,3244.7,31,2,3244.6,4,1,3245.3,7,6,3245.4,34,3,3245.5,8,1,3245.6,46,3,3245.7,20,2
11536,2025-12-30 09:40:56+05:30,3245.0,3,3246.26,85611,96892.0,97942.0,3250.0,3253.0,3239.8,3251.5,41324150,3576.6,2926.4,4322.95,2866.6,3245.0,31,2,3244.9,64,2,3244.8,1,1,3244.7,31,2,3244.6,4,1,3245.3,7,6,3245.4,34,3,3245.5,8,1,3245.6,46,3,3245.7,20,2
11536,2025-12-30 09:40:57+05:30,3245.0,5,3246.26,85619,96914.0,97936.0,3250.0,3253.0,3239.8,3251.5,41324150,3576.6,2926.4,4322.95,2866.6,3245.0,10,1,3244.9,77,3,3244.8,1,1,3244.7,31,2,3244.6,4,1,3245.3,10,6,3245.4,25,2,3245.5,8,1,3245.6,46,3,3245.7,20,2
11536,2025-12-30 09:40:57+05:30,3245.0,5,3246.26,85619,96914.0,97936.0,3250.0,3253.0,3239.8,3251.5,41324150,3576.6,2926.4,4322.95,2866.6,3245.0,10,1,3244.9,77,3,3244.8,1,1,3244.7,31,2,3244.6,4,1,3245.3,10,6,3245.4,25,2,3245.5,8,1,3245.6,46,3,3245.7,20,2
11536,2025-12-30 09:40:58+05:30,3245.0,2,3246.26,85626,96907.0,97930.0,3250.0,3253.0,3239.8,3251.5,41324150,3576.6,2926.4,4322.95,2866.6,3245.0,3,1,3244.9,77,3,3244.8,1,1,3244.7,31,2,3244.6,4,1,3245.3,10,6,3245.4,25,2,3245.5,29,2,3245.6,25,2,3245.7,20,2
11536,2025-12-30 09:40:58+05:30,3245.0,2,3246.26,85626,96907.0,97930.0,3250.0,3253.0,3239.8,3251.5,41324150,3576.6,2926.4,4322.95,2866.6,3245.0,3,1,3244.9,77,3,3244.8,1,1,3244.7,31,2,3244.6,4,1,3245.3,10,6,3245.4,25,2,3245.5,29,2,3245.6,25,2,3245.7,20,2
11536,2025-12-30 09:40:59+05:30,3245.0,1,3246.26,85630,96723.0,97778.0,3250.0,3253.0,3239.8,3251.5,41324150,3576.6,2926.4,4322.95,2866.6,3245.0,12,1,3244.9,64,2,3244.8,1,1,3244.7,31,2,3244.6,4,1,3245.3,10,6,3245.4,25,2,3245.5,29,2,3245.6,25,2,3245.7,41,3
11536,2025-12-30 09:40:59+05:30,3245.0,1,3246.26,85630,96723.0,97778.0,3250.0,3253.0,3239.8,3251.5,41324150,3576.6,2926.4,4322.95,2866.6,3245.0,12,1,3244.9,64,2,3244.8,1,1,3244.7,31,2,3244.6,4,1,3245.3,10,6,3245.4,25,2,3245.5,29,2,3245.6,25,2,3245.7,41,3
11536,2025-12-30 09:41:00+05:30,3244.8,1,3246.26,85911,95648.0,98443.0,3250.0,3253.0,3239.8,3251.5,41324150,3576.6,2926.4,4322.95,2866.6,3244.7,31,2,3244.6,4,1,3244.5,60,3,3244.2,82,2,3244.1,23,2,3244.8,1,1,3245.1,19,3,3245.2,42,4,3245.3,16,6,3245.4,53,5
11536,2025-12-30 09:41:00+05:30,3244.8,7,3246.26,85911,95648.0,98443.0,3250.0,3253.0,3239.8,3251.5,41324150,3576.6,2926.4,4322.95,2866.6,3244.7,31,2,3244.6,4,1,3244.5,60,3,3244.2,82,2,3244.1,23,2,3244.8,1,1,3245.1,19,3,3245.2,42,4,3245.3,16,6,3245.4,53,5
11536,2025-12-30 09:41:01+05:30,3244.7,1,3246.25,85931,95848.0,98624.0,3250.0,3253.0,3239.8,3251.5,41324150,3576.6,2926.4,4322.95,2866.6,3244.7,30,2,3244.6,4,1,3244.5,60,3,3244.2,82,2,3244.1,23,2,3244.8,3,1,3245.0,10,2,3245.1,14,2,3245.2,42,4,3245.3,9,3
11536,2025-12-30 09:41:01+05:30,3244.8,1,3246.25,85931,95848.0,98624.0,3250.0,3253.0,3239.8,3251.5,41324150,3576.6,2926.4,4322.95,2866.6,3244.7,30,2,3244.6,4,1,3244.5,60,3,3244.2,82,2,3244.1,23,2,3244.8,3,1,3245.0,10,2,3245.1,14,2,3245.2,42,4,3245.3,9,3
11536,2025-12-30 09:41:02+05:30,3244.7,1,3246.25,85933,95860.0,98628.0,3250.0,3253.0,3239.8,3251.5,41324150,3576.6,2926.4,4322.95,2866.6,3244.7,29,2,3244.6,4,1,3244.5,60,3,3244.2,82,2,3244.1,23,2,3244.8,7,3,3245.0,10,2,3245.1,34,3,3245.2,32,4,3245.3,8,2
11536,2025-12-30 09:41:02+05:30,3244.7,3,3246.25,85933,95860.0,98628.0,3250.0,3253.0,3239.8,3251.5,41324150,3576.6,2926.4,4322.95,2866.6,3244.7,29,2,3244.6,4,1,3244.5,60,3,3244.2,82,2,3244.1,23,2,3244.8,7,3,3245.0,10,2,3245.1,34,3,3245.2,32,4,3245.3,8,2
11536,2025-12-30 09:41:03+05:30,3244.7,1,3246.25,85963,95788.0,97204.0,3250.0,3253.0,3239.8,3251.5,41324150,3576.6,2926.4,4322.95,2866.6,3244.7,6,1,3244.6,4,1,3244.5,60,3,3244.2,82,2,3244.1,23,2,3244.8,6,3,3244.9,1,1,3245.0,10,2,3245.1,8,1,3245.2,26,3
11536,2025-12-30 09:41:03+05:30,3244.7,1,3246.25,85963,95788.0,97204.0,3250.0,3253.0,3239.8,3251.5,41324150,3576.6,2926.4,4322.95,2866.6,3244.7,6,1,3244.6,4,1,3244.5,60,3,3244.2,82,2,3244.1,23,2,3244.8,6,3,3244.9,1,1,3245.0,10,2,3245.1,8,1,3245.2,26,3
11536,2025-12-30 09:41:04+05:30,3244.7,3,3246.25,85966,95823.0,97204.0,3250.0,3253.0,3239.8,3251.5,41324150,3576.6,2926.4,4322.95,2866.6,3244.6,4,1,3244.5,63,4,3244.2,82,2,3244.1,23,2,3243.8,20,1,3244.8,6,3,3244.9,1,1,3245.0,10,2,3245.1,8,1,3245.2,26,3
11536,2025-12-30 09:41:04+05:30,3244.7,3,3246.25,85966,95823.0,97204.0,3250.0,3253.0,3239.8,3251.5,41324150,3576.6,2926.4,4322.95,2866.6,3244.6,4,1,3244.5,63,4,3244.2,82,2,3244.1,23,2,3243.8,20,1,3244.8,6,3,3244.9,1,1,3245.0,10,2,3245.1,8,1,3245.2,26,3
11536,2025-12-30 09:41:05+05:30,3244.8,1,3246.25,85967,95843.0,98153.0,3250.0,3253.0,3239.8,3251.5,41324150,3576.6,2926.4,4322.95,2866.6,3244.6,4,1,3244.5,63,4,3244.2,82,2,3244.1,23,2,3243.8,20,1,3244.8,1,1,3244.9,10,2,3245.0,1,1,3245.1,8,1,3245.2,26,3
11536,2025-12-30 09:41:05+05:30,3244.8,1,3246.25,85967,95843.0,98153.0,3250.0,3253.0,3239.8,3251.5,41324150,3576.6,2926.4,4322.95,2866.6,3244.6,4,1,3244.5,63,4,3244.2,82,2,3244.1,23,2,3243.8,20,1,3244.8,1,1,3244.9,10,2,3245.0,1,1,3245.1,8,1,3245.2,26,3
11536,2025-12-30 09:41:06+05:30,3244.6,3,3246.25,85971,95845.0,98336.0,3250.0,3253.0,3239.8,3251.5,41324150,3576.6,2926.4,4322.95,2866.6,3244.6,4,2,3244.5,60,3,3244.2,82,2,3244.1,23,2,3243.7,141,4,3244.8,14,1,3244.9,1,1,3245.0,11,2,3245.1,8,1,3245.2,22,2
11536,2025-12-30 09:41:06+05:30,3244.6,3,3246.25,85971,95845.0,98336.0,3250.0,3253.0,3239.8,3251.5,41324150,3576.6,2926.4,4322.95,2866.6,3244.6,4,2,3244.5,60,3,3244.2,82,2,3244.1,23,2,3243.7,141,4,3244.8,14,1,3244.9,1,1,3245.0,11,2,3245.1,8,1,3245.2,22,2
11536,2025-12-30 09:41:07+05:30,3244.6,3,3246.25,85971,95825.0,97106.0,3250.0,3253.0,3239.8,3251.5,41324150,3576.6,2926.4,4322.95,2866.6,3244.6,4,2,3244.5,60,3,3244.2,82,2,3244.1,23,2,3243.7,113,3,3244.8,15,2,3244.9,1,1,3245.0,11,2,3245.1,8,1,3245.2,22,2
11536,2025-12-30 09:41:08+05:30,3244.6,1,3246.25,85971,95825.0,97106.0,3250.0,3253.0,3239.8,3251.5,41324150,3576.6,2926.4,4322.95,2866.6,3244.6,4,2,3244.5,60,3,3244.2,82,2,3244.1,23,2,3243.7,113,3,3244.8,15,2,3244.9,1,1,3245.0,11,2,3245.1,8,1,3245.2,22,2
11536,2025-12-30 09:41:09+05:30,3244.6,1,3246.25,85972,95853.0,98118.0,3250.0,3253.0,3239.8,3251.5,41324150,3576.6,2926.4,4322.95,2866.6,3244.7,3,1,3244.5,60,3,3244.2,82,2,3244.1,23,2,3243.7,113,3,3244.8,15,2,3244.9,9,1,3245.0,1,1,3245.1,8,1,3245.2,22,2
11536,2025-12-30 09:41:09+05:30,3244.7,1,3246.25,85972,95853.0,98118.0,3250.0,3253.0,3239.8,3251.5,41324150,3576.6,2926.4,4322.95,2866.6,3244.7,3,1,3244.5,60,3,3244.2,82,2,3244.1,23,2,3243.7,113,3,3244.8,15,2,3244.9,9,1,3245.0,1,1,3245.1,8,1,3245.2,22,2
11536,2025-12-30 09:41:10+05:30,3244.7,1,3246.25,85973,95801.0,98129.0,3250.0,3253.0,3239.8,3251.5,41324150,3576.6,2926.4,4322.95,2866.6,3244.7,2,1,3244.5,60,3,3244.2,82,2,3244.1,23,2,3244.0,4,1,3244.8,14,1,3244.9,9,1,3245.0,1,1,3245.1,8,1,3245.2,22,2
11536,2025-12-30 09:41:11+05:30,3244.7,1,3246.25,85973,95675.0,98479.0,3250.0,3253.0,3239.8,3251.5,41324150,3576.6,2926.4,4322.95,2866.6,3244.7,2,1,3244.5,60,3,3244.2,82,2,3244.1,23,2,3244.0,4,1,3244.8,14,1,3244.9,19,3,3245.0,12,2,3245.1,21,3,3245.2,22,2
11536,2025-12-30 09:41:11+05:30,3244.7,10,3246.25,85973,95675.0,98479.0,3250.0,3253.0,3239.8,3251.5,41324150,3576.6,2926.4,4322.95,2866.6,3244.7,2,1,3244.5,60,3,3244.2,82,2,3244.1,23,2,3244.0,4,1,3244.8,14,1,3244.9,19,3,3245.0,12,2,3245.1,21,3,3245.2,22,2
11536,2025-12-30 09:41:12+05:30,3244.7,10,3246.25,85983,95690.0,98684.0,3250.0,3253.0,3239.8,3251.5,41324150,3576.6,2926.4,4322.95,2866.6,3244.7,7,1,3244.5,60,3,3244.2,82,2,3244.1,23,2,3244.0,4,1,3244.8,14,1,3244.9,17,2,3245.0,12,2,3245.1,16,2,3245.2,28,3
11536,2025-12-30 09:41:12+05:30,3244.8,1,3246.25,85983,95690.0,98684.0,3250.0,3253.0,3239.8,3251.5,41324150,3576.6,2926.4,4322.95,2866.6,3244.7,7,1,3244.5,60,3,3244.2,82,2,3244.1,23,2,3244.0,4,1,3244.8,14,1,3244.9,17,2,3245.0,12,2,3245.1,16,2,3245.2,28,3
11536,2025-12-30 09:41:13+05:30,3244.8,1,3246.25,85986,95704.0,98676.0,3250.0,3253.0,3239.8,3251.5,41324150,3576.6,2926.4,4322.95,2866.6,3244.7,7,1,3244.5,60,3,3244.2,82,2,3244.1,23,2,3244.0,5,2,3244.8,16,3,3245.0,11,2,3245.1,29,3,3245.2,44,4,3245.3,8,2
11536,2025-12-30 09:41:14+05:30,3244.8,1,3246.25,85986,95676.0,98668.0,3250.0,3253.0,3239.8,3251.5,41324150,3576.6,2926.4,4322.95,2866.6,3244.7,7,1,3244.5,60,3,3244.2,82,2,3244.1,23,2,3244.0,5,2,3244.8,17,4,3245.0,11,2,3245.1,16,2,3245.2,28,3,3245.3,29,3
11536,2025-12-30 09:41:15+05:30,3244.8,1,3246.25,85987,95682.0,98642.0,3250.0,3253.0,3239.8,3251.5,41324150,3576.6,2926.4,4322.95,2866.6,3244.7,7,1,3244.5,60,3,3244.2,82,2,3244.1,23,2,3244.0,5,2,3244.8,12,3,3244.9,9,1,3245.0,1,1,3245.1,16,2,3245.2,28,3
11536,2025-12-30 09:41:15+05:30,3244.7,10,3246.25,85987,95682.0,98642.0,3250.0,3253.0,3239.8,3251.5,41324150,3576.6,2926.4,4322.95,2866.6,3244.7,7,1,3244.5,60,3,3244.2,82,2,3244.1,23,2,3244.0,5,2,3244.8,12,3,3244.9,9,1,3245.0,1,1,3245.1,16,2,3245.2,28,3
11536,2025-12-30 09:41:16+05:30,3244.7,10,3246.25,86039,93420.0,99548.0,3250.0,3253.0,3239.8,3251.5,41324150,3576.6,2926.4,4322.95,2866.6,3244.5,60,3,3244.2,82,2,3244.1,7,1,3244.0,5,2,3243.7,11,2,3244.8,50,9,3244.9,13,2,3245.0,41,5,3245.1,16,2,3245.2,236,6
11536,2025-12-30 09:41:16+05:30,3244.5,3,3246.25,86039,93420.0,99548.0,3250.0,3253.0,3239.8,3251.5,41324150,3576.6,2926.4,4322.95,2866.6,3244.5,60,3,3244.2,82,2,3244.1,7,1,3244.0,5,2,3243.7,11,2,3244.8,50,9,3244.9,13,2,3245.0,41,5,3245.1,16,2,3245.2,236,6
11536,2025-12-30 09:41:17+05:30,3244.5,3,3246.25,86042,93164.0,99634.0,3250.0,3253.0,3239.8,3251.5,41324150,3576.6,2926.4,4322.95,2866.6,3244.5,57,3,3244.4,3,1,3244.2,82,2,3244.1,7,1,3244.0,5,2,3244.7,24,5,3244.8,43,6,3244.9,13,2,3245.0,41,5,3245.1,37,3
11536,2025-12-30 09:41:18+05:30,3244.5,3,3246.25,86042,93466.0,97540.0,3250.0,3253.0,3239.8,3251.5,41324150,3576.6,2926.4,4322.95,2866.6,3244.5,57,3,3244.4,3,1,3244.2,82,2,3244.1,7,1,3244.0,5,2,3244.7,5,2,3244.8,18,3,3244.9,8,1,3245.0,41,5,3245.1,23,3
11536,2025-12-30 09:41:18+05:30,3244.5,3,3246.25,86042,93466.0,97540.0,3250.0,3253.0,3239.8,3251.5,41324150,3576.6,2926.4,4322.95,2866.6,3244.5,57,3,3244.4,3,1,3244.2,82,2,3244.1,7,1,3244.0,5,2,3244.7,5,2,3244.8,18,3,3244.9,8,1,3245.0,41,5,3245.1,23,3
11536,2025-12-30 09:41:19+05:30,3244.5,3,3246.25,86056,93451.0,98573.0,3250.0,3253.0,3239.8,3251.5,41324150,3576.6,2926.4,4322.95,2866.6,3244.5,50,2,3244.4,3,1,3244.2,82,2,3244.1,7,1,3244.0,5,2,3244.7,10,1,3244.9,21,3,3245.0,11,2,3245.1,13,1,3245.2,42,4
11536,2025-12-30 09:41:20+05:30,3244.5,3,3246.25,86056,93220.0,96312.0,3250.0,3253.0,3239.8,3251.5,41324150,3576.6,2926.4,4322.95,2866.6,3244.5,53,3,3244.2,82,2,3244.1,7,1,3244.0,5,2,3243.7,11,2,3244.7,19,4,3244.9,10,2,3245.0,35,5,3245.1,13,1,3245.2,248,7
11536,2025-12-30 09:41:21+05:30,3244.5,3,3246.25,86056,93445.0,98509.0,3250.0,3253.0,3239.8,3251.5,41324150,3576.6,2926.4,4322.95,2866.6,3244.5,53,3,3244.2,82,2,3244.1,7,1,3244.0,5,2,3243.7,11,2,3244.7,15,3,3244.8,4,1,3244.9,12,2,3245.0,321,4,3245.1,17,2
11536,2025-12-30 09:41:22+05:30,3244.5,2,3246.25,86058,93884.0,98461.0,3250.0,3253.0,3239.8,3251.5,41324150,3576.6,2926.4,4322.95,2866.6,3244.6,3,1,3244.5,48,2,3244.2,82,2,3244.1,7,1,3244.0,9,3,3244.7,10,1,3245.0,310,3,3245.2,16,2,3245.3,21,3,3245.4,71,5
11536,2025-12-30 09:41:22+05:30,3244.5,2,3246.25,86058,93884.0,98461.0,3250.0,3253.0,3239.8,3251.5,41324150,3576.6,2926.4,4322.95,2866.6,3244.6,3,1,3244.5,48,2,3244.2,82,2,3244.1,7,1,3244.0,9,3,3244.7,10,1,3245.0,310,3,3245.2,16,2,3245.3,21,3,3245.4,71,5
11536,2025-12-30 09:41:23+05:30,3244.5,2,3246.25,86058,93932.0,97975.0,3250.0,3253.0,3239.8,3251.5,41324150,3576.6,2926.4,4322.95,2866.6,3244.6,3,1,3244.5,49,3,3244.2,82,2,3244.1,7,1,3244.0,5,2,3244.7,11,2,3245.0,301,2,3245.2,16,2,3245.3,21,3,3245.4,71,5
11536,2025-12-30 09:41:23+05:30,3244.7,1,3246.25,86058,93932.0,97975.0,3250.0,3253.0,3239.8,3251.5,41324150,3576.6,2926.4,4322.95,2866.6,3244.6,3,1,3244.5,49,3,3244.2,82,2,3244.1,7,1,3244.0,5,2,3244.7,11,2,3245.0,301,2,3245.2,16,2,3245.3,21,3,3245.4,71,5
11536,2025-12-30 09:41:24+05:30,3244.6,1,3246.25,86067,94246.0,98248.0,3250.0,3253.0,3239.8,3251.5,41324150,3576.6,2926.4,4322.95,2866.6,3244.6,2,1,3244.5,49,3,3244.2,82,2,3244.1,7,1,3244.0,5,2,3244.7,18,4,3245.0,301,2,3245.3,21,3,3245.4,71,5,3245.5,62,4
11536,2025-12-30 09:41:24+05:30,3244.6,1,3246.25,86067,94246.0,98248.0,3250.0,3253.0,3239.8,3251.5,41324150,3576.6,2926.4,4322.95,2866.6,3244.6,2,1,3244.5,49,3,3244.2,82,2,3244.1,7,1,3244.0,5,2,3244.7,18,4,3245.0,301,2,3245.3,21,3,3245.4,71,5,3245.5,62,4
11536,2025-12-30 09:41:25+05:30,3244.7,1,3246.25,86068,94591.0,98251.0,3250.0,3253.0,3239.8,3251.5,41324150,3576.6,2926.4,4322.95,2866.6,3244.6,2,1,3244.5,49,3,3244.2,82,2,3244.1,7,1,3244.0,5,2,3244.7,17,4,3245.0,310,3,3245.2,10,1,3245.3,21,3,3245.4,71,5
11536,2025-12-30 09:41:25+05:30,3244.6,1,3246.25,86068,94591.0,98251.0,3250.0,3253.0,3239.8,3251.5,41324150,3576.6,2926.4,4322.95,2866.6,3244.6,2,1,3244.5,49,3,3244.2,82,2,3244.1,7,1,3244.0,5,2,3244.7,17,4,3245.0,310,3,3245.2,10,1,3245.3,21,3,3245.4,71,5
11536,2025-12-30 09:41:26+05:30,3244.6,1,3246.25,86069,94524.0,98069.0,3250.0,3253.0,3239.8,3251.5,41324150,3576.6,2926.4,4322.95,2866.6,3244.6,1,1,3244.5,49,3,3244.2,82,2,3244.1,7,1,3244.0,5,2,3244.7,17,4,3244.8,9,1,3244.9,4,1,3245.0,311,3,3245.1,13,2
11536,2025-12-30 09:41:27+05:30,3244.7,1,3246.25,86071,94503.0,98306.0,3250.0,3253.0,3239.8,3251.5,41324150,3576.6,2926.4,4322.95,2866.6,3244.6,3,1,3244.5,49,3,3244.2,82,2,3244.1,7,1,3244.0,5,2,3244.7,15,3,3245.0,301,2,3245.3,21,3,3245.4,68,5,3245.5,62,4
11536,2025-12-30 09:41:30+05:30,3244.6,1,3246.25,86071,94503.0,98306.0,3250.0,3253.0,3239.8,3251.5,41324150,3576.6,2926.4,4322.95,2866.6,3244.6,3,1,3244.5,49,3,3244.2,82,2,3244.1,7,1,3244.0,5,2,3244.7,15,3,3245.0,301,2,3245.3,21,3,3245.4,68,5,3245.5,62,4
11536,2025-12-30 09:41:31+05:30,3244.6,1,3246.25,86074,94589.0,98311.0,3250.0,3253.0,3239.8,3251.5,41324150,3576.6,2926.4,4322.95,2866.6,3244.6,3,1,3244.5,49,3,3244.3,11,1,3244.2,82,2,3244.1,14,2,3244.7,14,2,3245.0,301,2,3245.3,2,1,3245.4,27,2,3245.5,9,3
11536,2025-12-30 09:41:34+05:30,3244.5,1,3246.25,86074,94589.0,98311.0,3250.0,3253.0,3239.8,3251.5,41324150,3576.6,2926.4,4322.95,2866.6,3244.6,3,1,3244.5,49,3,3244.3,11,1,3244.2,82,2,3244.1,14,2,3244.7,14,2,3245.0,301,2,3245.3,2,1,3245.4,27,2,3245.5,9,3
11536,2025-12-30 09:41:38+05:30,3244.6,15,3246.25,86118,94161.0,98136.0,3250.0,3253.0,3239.8,3251.5,41324150,3576.6,2926.4,4322.95,2866.6,3244.5,52,4,3244.2,93,3,3244.1,14,2,3244.0,53,6,3243.9,26,2,3244.6,100,5,3244.7,14,2,3245.0,301,2,3245.3,2,1,3245.4,27,2
11536,2025-12-30 09:41:38+05:30,3244.5,1,3246.25,86118,94161.0,98136.0,3250.0,3253.0,3239.8,3251.5,41324150,3576.6,2926.4,4322.95,2866.6,3244.5,52,4,3244.2,93,3,3244.1,14,2,3244.0,53,6,3243.9,26,2,3244.6,100,5,3244.7,14,2,3245.0,301,2,3245.3,2,1,3245.4,27,2
11536,2025-12-30 09:41:42+05:30,3244.6,3,3246.25,86118,94161.0,98136.0,3250.0,3253.0,3239.8,3251.5,41324150,3576.6,2926.4,4322.95,2866.6,3244.5,52,4,3244.2,93,3,3244.1,14,2,3244.0,53,6,3243.9,26,2,3244.6,100,5,3244.7,14,2,3245.0,301,2,3245.3,2,1,3245.4,27,2
11536,2025-12-30 09:41:44+05:30,3243.6,1,3246.23,86909,93576.0,97202.0,3250.0,3253.0,3239.8,3251.5,41324150,3576.6,2926.4,4322.95,2866.6,3243.8,30,5,3243.7,17,2,3243.6,67,5,3243.5,3,1,3243.4,85,5,3244.6,39,3,3245.0,306,4,3245.3,30,2,3245.4,57,4,3245.5,14,1
11536,2025-12-30 09:41:46+05:30,3244.6,1,3246.23,86909,93576.0,97202.0,3250.0,3253.0,3239.8,3251.5,41324150,3576.6,2926.4,4322.95,2866.6,3243.8,30,5,3243.7,17,2,3243.6,67,5,3243.5,3,1,3243.4,85,5,3244.6,39,3,3245.0,306,4,3245.3,30,2,3245.4,57,4,3245.5,14,1
11536,2025-12-30 09:41:50+05:30,3244.6,1,3246.23,86909,93576.0,97202.0,3250.0,3253.0,3239.8,3251.5,41324150,3576.6,2926.4,4322.95,2866.6,3243.8,30,5,3243.7,17,2,3243.6,67,5,3243.5,3,1,3243.4,85,5,3244.6,39,3,3245.0,306,4,3245.3,30,2,3245.4,57,4,3245.5,14,1
11536,2025-12-30 09:41:51+05:30,3244.6,1,3246.23,87050,94142.0,98694.0,3250.0,3253.0,3239.8,3251.5,41324150,3576.6,2926.4,4322.95,2866.6,3243.8,48,6,3243.7,75,4,3243.6,51,5,3243.5,8,1,3243.4,111,9,3244.6,30,4,3245.0,457,6,3245.2,21,1,3245.3,43,3,3245.4,57,3
11536,2025-12-30 09:41:53+05:30,3243.8,1,3246.23,87050,94142.0,98694.0,3250.0,3253.0,3239.8,3251.5,41324150,3576.6,2926.4,4322.95,2866.6,3243.8,48,6,3243.7,75,4,3243.6,51,5,3243.5,8,1,3243.4,111,9,3244.6,30,4,3245.0,457,6,3245.2,21,1,3245.3,43,3,3245.4,57,3
11536,2025-12-30 09:41:56+05:30,3244.6,10,3246.23,87050,94142.0,98694.0,3250.0,3253.0,3239.8,3251.5,41324150,3576.6,2926.4,4322.95,2866.6,3243.8,48,6,3243.7,75,4,3243.6,51,5,3243.5,8,1,3243.4,111,9,3244.6,30,4,3245.0,457,6,3245.2,21,1,3245.3,43,3,3245.4,57,3
11536,2025-12-30 09:41:57+05:30,3243.9,1,3246.23,87081,94214.0,98821.0,3250.0,3253.0,3239.8,3251.5,41324150,3576.6,2926.4,4322.95,2866.6,3243.9,28,2,3243.8,8,2,3243.7,15,2,3243.6,56,4,3243.5,203,3,3244.6,42,5,3245.0,457,6,3245.2,26,2,3245.3,54,4,3245.4,45,2
11536,2025-12-30 09:41:59+05:30,3244.3,2,3246.23,87081,94214.0,98821.0,3250.0,3253.0,3239.8,3251.5,41324150,3576.6,2926.4,4322.95,2866.6,3243.9,28,2,3243.8,8,2,3243.7,15,2,3243.6,56,4,3243.5,203,3,3244.6,42,5,3245.0,457,6,3245.2,26,2,3245.3,54,4,3245.4,45,2
11536,2025-12-30 09:42:02+05:30,3244.5,1,3246.23,87081,94214.0,98821.0,3250.0,3253.0,3239.8,3251.5,41324150,3576.6,2926.4,4322.95,2866.6,3243.9,28,2,3243.8,8,2,3243.7,15,2,3243.6,56,4,3243.5,203,3,3244.6,42,5,3245.0,457,6,3245.2,26,2,3245.3,54,4,3245.4,45,2
11536,2025-12-30 09:42:04+05:30,3244.5,1,3246.23,87085,95098.0,98497.0,3250.0,3253.0,3239.8,3251.5,41324150,3576.6,2926.4,4322.95,2866.6,3244.5,15,2,3244.3,2,1,3243.9,12,2,3243.8,8,2,3243.7,22,3,3244.6,54,4,3245.0,234,7,3245.1,15,1,3245.2,46,3,3245.3,43,3
11536,2025-12-30 09:42:05+05:30,3244.6,1,3246.23,87085,95098.0,98497.0,3250.0,3253.0,3239.8,3251.5,41324150,3576.6,2926.4,4322.95,2866.6,3244.5,15,2,3244.3,2,1,3243.9,12,2,3243.8,8,2,3243.7,22,3,3244.6,54,4,3245.0,234,7,3245.1,15,1,3245.2,46,3,3245.3,43,3
11536,2025-12-30 09:42:08+05:30,3244.6,1,3246.23,87085,95098.0,98497.0,3250.0,3253.0,3239.8,3251.5,41324150,3576.6,2926.4,4322.95,2866.6,3244.5,15,2,3244.3,2,1,3243.9,12,2,3243.8,8,2,3243.7,22,3,3244.6,54,4,3245.0,234,7,3245.1,15,1,3245.2,46,3,3245.3,43,3
11536,2025-12-30 09:42:10+05:30,3244.6,1,3246.23,87116,95162.0,99350.0,3250.0,3253.0,3239.8,3251.5,41324150,3576.6,2926.4,4322.95,2866.6,3244.5,6,2,3244.3,2,1,3243.9,1,1,3243.8,18,3,3243.7,76,3,3244.6,34,5,3244.8,12,1,3244.9,26,1,3245.0,395,9,3245.1,15,1
11536,2025-12-30 09:42:11+05:30,3244.5,1,3246.23,87116,95162.0,99350.0,3250.0,3253.0,3239.8,3251.5,41324150,3576.6,2926.4,4322.95,2866.6,3244.5,6,2,3244.3,2,1,3243.9,1,1,3243.8,18,3,3243.7,76,3,3244.6,34,5,3244.8,12,1,3244.9,26,1,3245.0,395,9,3245.1,15,1
11536,2025-12-30 09:42:14+05:30,3244.6,2,3246.23,87116,95162.0,99350.0,3250.0,3253.0,3239.8,3251.5,41324150,3576.6,2926.4,4322.95,2866.6,3244.5,6,2,3244.3,2,1,3243.9,1,1,3243.8,18,3,3243.7,76,3,3244.6,34,5,3244.8,12,1,3244.9,26,1,3245.0,395,9,3245.1,15,1
11536,2025-12-30 09:42:16+05:30,3244.6,1,3246.23,87120,94539.0,99325.0,3250.0,3253.0,3239.8,3251.5,41324150,3576.6,2926.4,4322.95,2866.6,3244.5,15,4,3244.3,2,1,3243.9,1,1,3243.8,8,2,3243.7,15,2,3244.6,29,4,3244.7,1,1,3244.9,23,2,3245.0,397,9,3245.1,28,1
11536,2025-12-30 09:42:17+05:30,3244.6,2,3246.23,87120,94539.0,99325.0,3250.0,3253.0,3239.8,3251.5,41324150,3576.6,2926.4,4322.95,2866.6,3244.5,15,4,3244.3,2,1,3243.9,1,1,3243.8,8,2,3243.7,15,2,3244.6,29,4,3244.7,1,1,3244.9,23,2,3245.0,397,9,3245.1,28,1
11536,2025-12-30 09:42:20+05:30,3244.6,1,3246.23,87120,94539.0,99325.0,3250.0,3253.0,3239.8,3251.5,41324150,3576.6,2926.4,4322.95,2866.6,3244.5,15,4,3244.3,2,1,3243.9,1,1,3243.8,8,2,3243.7,15,2,3244.6,29,4,3244.7,1,1,3244.9,23,2,3245.0,397,9,3245.1,28,1
11536,2025-12-30 09:42:23+05:30,3244.5,13,3246.22,87421,93814.0,98980.0,3250.0,3253.0,3239.8,3251.5,41324150,3576.6,2926.4,4322.95,2866.6,3244.5,15,2,3244.3,2,1,3243.9,16,2,3243.8,15,3,3243.7,19,4,3244.6,15,3,3245.0,387,9,3245.2,21,2,3245.3,2,1,3245.4,83,4
11536,2025-12-30 09:42:23+05:30,3244.6,9,3246.22,87421,93814.0,98980.0,3250.0,3253.0,3239.8,3251.5,41324150,3576.6,2926.4,4322.95,2866.6,3244.5,15,2,3244.3,2,1,3243.9,16,2,3243.8,15,3,3243.7,19,4,3244.6,15,3,3245.0,387,9,3245.2,21,2,3245.3,2,1,3245.4,83,4
11536,2025-12-30 09:42:26+05:30,3244.6,4,3246.22,87421,93814.0,98980.0,3250.0,3253.0,3239.8,3251.5,41324150,3576.6,2926.4,4322.95,2866.6,3244.5,15,2,3244.3,2,1,3243.9,16,2,3243.8,15,3,3243.7,19,4,3244.6,15,3,3245.0,387,9,3245.2,21,2,3245.3,2,1,3245.4,83,4
11536,2025-12-30 09:42:29+05:30,3245.0,9,3246.22,87504,95307.0,98239.0,3250.0,3253.0,3239.8,3251.5,41324150,3576.6,2926.4,4322.95,2866.6,3244.6,2,2,3244.5,17,3,3244.3,2,1,3244.1,18,3,3244.0,202,2,3245.0,378,9,3245.1,11,1,3245.3,16,2,3245.4,47,3,3245.5,56,3
11536,2025-12-30 09:42:29+05:30,3245.0,9,3246.22,87504,95307.0,98239.0,3250.0,3253.0,3239.8,3251.5,41324150,3576.6,2926.4,4322.95,2866.6,3244.6,2,2,3244.5,17,3,3244.3,2,1,3244.1,18,3,3244.0,202,2,3245.0,378,9,3245.1,11,1,3245.3,16,2,3245.4,47,3,3245.5,56,3
11536,2025-12-30 09:42:32+05:30,3245.0,15,3246.22,87504,95307.0,98239.0,3250.0,3253.0,3239.8,3251.5,41324150,3576.6,2926.4,4322.95,2866.6,3244.6,2,2,3244.5,17,3,3244.3,2,1,3244.1,18,3,3244.0,202,2,3245.0,378,9,3245.1,11,1,3245.3,16,2,3245.4,47,3,3245.5,56,3
11536,2025-12-30 09:42:35+05:30,3244.1,1,3246.21,88085,95141.0,96827.0,3250.0,3253.0,3239.8,3251.5,41324150,3576.6,2926.4,4322.95,2866.6,3244.1,144,11,3244.0,43,4,3243.9,221,5,3243.8,75,7,3243.7,104,8,3245.0,629,16,3245.3,2,1,3245.4,52,2,3245.6,52,3,3245.7,8,1
11536,2025-12-30 09:42:36+05:30,3244.2,2,3246.21,88085,95141.0,96827.0,3250.0,3253.0,3239.8,3251.5,41324150,3576.6,2926.4,4322.95,2866.6,3244.1,144,11,3244.0,43,4,3243.9,221,5,3243.8,75,7,3243.7,104,8,3245.0,629,16,3245.3,2,1,3245.4,52,2,3245.6,52,3,3245.7,8,1
11536,2025-12-30 09:42:40+05:30,3244.1,1,3246.21,88085,95141.0,96827.0,3250.0,3253.0,3239.8,3251.5,41324150,3576.6,2926.4,4322.95,2866.6,3244.1,144,11,3244.0,43,4,3243.9,221,5,3243.8,75,7,3243.7,104,8,3245.0,629,16,3245.3,2,1,3245.4,52,2,3245.6,52,3,3245.7,8,1
11536,2025-12-30 09:42:41+05:30,3244.1,4,3246.2,88184,94926.0,96683.0,3250.0,3253.0,3239.8,3251.5,41324150,3576.6,2926.4,4322.95,2866.6,3244.1,94,8,3244.0,20,1,3243.9,74,6,3243.8,72,7,3243.7,159,11,3245.0,650,17,3245.3,2,1,3245.4,52,2,3245.6,52,3,3245.7,20,2
11536,2025-12-30 09:42:43+05:30,3245.0,4,3246.2,88184,94926.0,96683.0,3250.0,3253.0,3239.8,3251.5,41324150,3576.6,2926.4,4322.95,2866.6,3244.1,94,8,3244.0,20,1,3243.9,74,6,3243.8,72,7,3243.7,159,11,3245.0,650,17,3245.3,2,1,3245.4,52,2,3245.6,52,3,3245.7,20,2
11536,2025-12-30 09:42:46+05:30,3245.0,1,3246.2,88184,94926.0,96683.0,3250.0,3253.0,3239.8,3251.5,41324150,3576.6,2926.4,4322.95,2866.6,3244.1,94,8,3244.0,20,1,3243.9,74,6,3243.8,72,7,3243.7,159,11,3245.0,650,17,3245.3,2,1,3245.4,52,2,3245.6,52,3,3245.7,20,2
11536,2025-12-30 09:42:48+05:30,3244.2,1,3246.2,88317,95092.0,96799.0,3250.0,3253.0,3239.8,3251.5,41324150,3576.6,2926.4,4322.95,2866.6,3244.2,19,1,3244.1,39,5,3244.0,229,3,3243.9,53,6,3243.8,66,7,3245.0,644,22,3245.3,2,1,3245.4,24,1,3245.6,52,3,3245.7,8,1
11536,2025-12-30 09:42:49+05:30,3245.0,1,3246.2,88317,95092.0,96799.0,3250.0,3253.0,3239.8,3251.5,41324150,3576.6,2926.4,4322.95,2866.6,3244.2,19,1,3244.1,39,5,3244.0,229,3,3243.9,53,6,3243.8,66,7,3245.0,644,22,3245.3,2,1,3245.4,24,1,3245.6,52,3,3245.7,8,1
11536,2025-12-30 09:42:52+05:30,3244.5,27,3246.2,88317,95092.0,96799.0,3250.0,3253.0,3239.8,3251.5,41324150,3576.6,2926.4,4322.95,2866.6,3244.2,19,1,3244.1,39,5,3244.0,229,3,3243.9,53,6,3243.8,66,7,3245.0,644,22,3245.3,2,1,3245.4,24,1,3245.6,52,3,3245.7,8,1
11536,2025-12-30 09:42:54+05:30,3244.2,3,3246.2,88565,95170.0,96810.0,3250.0,3253.0,3239.8,3251.5,41324150,3576.6,2926.4,4322.95,2866.6,3244.2,62,4,3244.1,177,2,3244.0,108,5,3243.9,108,5,3243.8,163,8,3245.0,632,21,3245.3,2,1,3245.4,24,1,3245.5,11,1,3245.6,48,2
11536,2025-12-30 09:42:55+05:30,3245.0,1,3246.2,88565,95170.0,96810.0,3250.0,3253.0,3239.8,3251.5,41324150,3576.6,2926.4,4322.95,2866.6,3244.2,62,4,3244.1,177,2,3244.0,108,5,3243.9,108,5,3243.8,163,8,3245.0,632,21,3245.3,2,1,3245.4,24,1,3245.5,11,1,3245.6,48,2
11536,2025-12-30 09:42:58+05:30,3244.2,15,3246.2,88565,95170.0,96810.0,3250.0,3253.0,3239.8,3251.5,41324150,3576.6,2926.4,4322.95,2866.6,3244.2,62,4,3244.1,177,2,3244.0,108,5,3243.9,108,5,3243.8,163,8,3245.0,632,21,3245.3,2,1,3245.4,24,1,3245.5,11,1,3245.6,48,2
11536,2025-12-30 09:43:00+05:30,3244.3,1,3246.2,88611,94836.0,97761.0,3250.0,3253.0,3239.8,3251.5,41324150,3576.6,2926.4,4322.95,2866.6,3244.3,6,1,3244.1,56,2,3244.0,253,4,3243.9,16,2,3243.8,10,2,3244.8,2,2,3245.0,632,20,3245.2,11,1,3245.3,2,1,3245.4,98,5
11536,2025-12-30 09:43:01+05:30,3244.3,1,3246.2,88611,94836.0,97761.0,3250.0,3253.0,3239.8,3251.5,41324150,3576.6,2926.4,4322.95,2866.6,3244.3,6,1,3244.1,56,2,3244.0,253,4,3243.9,16,2,3243.8,10,2,3244.8,2,2,3245.0,632,20,3245.2,11,1,3245.3,2,1,3245.4,98,5
11536,2025-12-30 09:43:04+05:30,3244.8,1,3246.2,88611,94836.0,97761.0,3250.0,3253.0,3239.8,3251.5,41324150,3576.6,2926.4,4322.95,2866.6,3244.3,6,1,3244.1,56,2,3244.0,253,4,3243.9,16,2,3243.8,10,2,3244.8,2,2,3245.0,632,20,3245.2,11,1,3245.3,2,1,3245.4,98,5
11536,2025-12-30 09:43:07+05:30,3245.0,51,3246.18,89312,95101.0,96247.0,3250.0,3253.0,3239.8,3251.5,41324150,3576.6,2926.4,4322.95,2866.6,3244.8,28,3,3244.6,15,2,3244.5,14,2,3244.4,38,4,3244.3,44,2,3245.0,190,18,3245.4,24,1,3245.7,9,2,3245.8,28,1,3245.9,4,2
11536,2025-12-30 09:43:07+05:30,3245.0,51,3246.18,89312,95101.0,96247.0,3250.0,3253.0,3239.8,3251.5,41324150,3576.6,2926.4,4322.95,2866.6,3244.8,28,3,3244.6,15,2,3244.5,14,2,3244.4,38,4,3244.3,44,2,3245.0,190,18,3245.4,24,1,3245.7,9,2,3245.8,28,1,3245.9,4,2
11536,2025-12-30 09:43:11+05:30,3244.7,50,3246.18,89312,95101.0,96247.0,3250.0,3253.0,3239.8,3251.5,41324150,3576.6,2926.4,4322.95,2866.6,3244.8,28,3,3244.6,15,2,3244.5,14,2,3244.4,38,4,3244.3,44,2,3245.0,190,18,3245.4,24,1,3245.7,9,2,3245.8,28,1,3245.9,4,2
11536,2025-12-30 09:43:14+05:30,3244.8,10,3246.18,89802,94548.0,98475.0,3250.0,3253.0,3239.8,3251.5,41324150,3576.6,2926.4,4322.95,2866.6,3244.8,1,1,3244.7,1,1,3244.2,25,1,3244.0,18,2,3243.9,16,2,3245.0,224,12,3245.2,18,2,3245.4,111,5,3245.5,23,1,3245.6,47,4
11536,2025-12-30 09:43:15+05:30,3245.0,16,3246.18,89802,94548.0,98475.0,3250.0,3253.0,3239.8,3251.5,41324150,3576.6,2926.4,4322.95,2866.6,3244.8,1,1,3244.7,1,1,3244.2,25,1,3244.0,18,2,3243.9,16,2,3245.0,224,12,3245.2,18,2,3245.4,111,5,3245.5,23,1,3245.6,47,4
11536,2025-12-30 09:43:19+05:30,3245.0,16,3246.18,89802,94548.0,98475.0,3250.0,3253.0,3239.8,3251.5,41324150,3576.6,2926.4,4322.95,2866.6,3244.8,1,1,3244.7,1,1,3244.2,25,1,3244.0,18,2,3243.9,16,2,3245.0,224,12,3245.2,18,2,3245.4,111,5,3245.5,23,1,3245.6,47,4
11536,2025-12-30 09:43:19+05:30,3243.9,11,3246.18,89802,94548.0,98475.0,3250.0,3253.0,3239.8,3251.5,41324150,3576.6,2926.4,4322.95,2866.6,3244.8,1,1,3244.7,1,1,3244.2,25,1,3244.0,18,2,3243.9,16,2,3245.0,224,12,3245.2,18,2,3245.4,111,5,3245.5,23,1,3245.6,47,4
11536,2025-12-30 09:43:20+05:30,3243.9,11,3246.18,89802,94548.0,98475.0,3250.0,3253.0,3239.8,3251.5,41324150,3576.6,2926.4,4322.95,2866.6,3244.8,1,1,3244.7,1,1,3244.2,25,1,3244.0,18,2,3243.9,16,2,3245.0,224,12,3245.2,18,2,3245.4,111,5,3245.5,23,1,3245.6,47,4
11536,2025-12-30 09:43:21+05:30,3243.9,1,3246.17,90010,94294.0,98708.0,3250.0,3253.0,3239.8,3251.5,41324150,3576.6,2926.4,4322.95,2866.6,3243.9,38,5,3243.8,24,2,3243.7,9,1,3243.6,30,4,3243.5,78,7,3244.1,1,1,3245.0,159,12,3245.1,16,1,3245.2,1,1,3245.4,143,5
11536,2025-12-30 09:43:21+05:30,3243.9,1,3246.17,90010,94294.0,98708.0,3250.0,3253.0,3239.8,3251.5,41324150,3576.6,2926.4,4322.95,2866.6,3243.9,38,5,3243.8,24,2,3243.7,9,1,3243.6,30,4,3243.5,78,7,3244.1,1,1,3245.0,159,12,3245.1,16,1,3245.2,1,1,3245.4,143,5
11536,2025-12-30 09:43:22+05:30,3243.9,1,3246.17,90010,94294.0,98708.0,3250.0,3253.0,3239.8,3251.5,41324150,3576.6,2926.4,4322.95,2866.6,3243.9,38,5,3243.8,24,2,3243.7,9,1,3243.6,30,4,3243.5,78,7,3244.1,1,1,3245.0,159,12,3245.1,16,1,3245.2,1,1,3245.4,143,5
11536,2025-12-30 09:43:23+05:30,3243.9,1,3246.17,90010,94294.0,98708.0,3250.0,3253.0,3239.8,3251.5,41324150,3576.6,2926.4,4322.95,2866.6,3243.9,38,5,3243.8,24,2,3243.7,9,1,3243.6,30,4,3243.5,78,7,3244.1,1,1,3245.0,159,12,3245.1,16,1,3245.2,1,1,3245.4,143,5
11536,2025-12-30 09:43:23+05:30,3245.0,3,3246.17,90010,94294.0,98708.0,3250.0,3253.0,3239.8,3251.5,41324150,3576.6,2926.4,4322.95,2866.6,3243.9,38,5,3243.8,24,2,3243.7,9,1,3243.6,30,4,3243.5,78,7,3244.1,1,1,3245.0,159,12,3245.1,16,1,3245.2,1,1,3245.4,143,5
11536,2025-12-30 09:43:24+05:30,3245.0,3,3246.17,90010,94294.0,98708.0,3250.0,3253.0,3239.8,3251.5,41324150,3576.6,2926.4,4322.95,2866.6,3243.9,38,5,3243.8,24,2,3243.7,9,1,3243.6,30,4,3243.5,78,7,3244.1,1,1,3245.0,159,12,3245.1,16,1,3245.2,1,1,3245.4,143,5
11536,2025-12-30 09:43:25+05:30,3245.0,3,3246.17,90010,94294.0,98708.0,3250.0,3253.0,3239.8,3251.5,41324150,3576.6,2926.4,4322.95,2866.6,3243.9,38,5,3243.8,24,2,3243.7,9,1,3243.6,30,4,3243.5,78,7,3244.1,1,1,3245.0,159,12,3245.1,16,1,3245.2,1,1,3245.4,143,5
11536,2025-12-30 09:43:26+05:30,3245.0,3,3246.17,90010,94294.0,98708.0,3250.0,3253.0,3239.8,3251.5,41324150,3576.6,2926.4,4322.95,2866.6,3243.9,38,5,3243.8,24,2,3243.7,9,1,3243.6,30,4,3243.5,78,7,3244.1,1,1,3245.0,159,12,3245.1,16,1,3245.2,1,1,3245.4,143,5
11536,2025-12-30 09:43:27+05:30,3245.0,3,3246.17,90010,94294.0,98708.0,3250.0,3253.0,3239.8,3251.5,41324150,3576.6,2926.4,4322.95,2866.6,3243.9,38,5,3243.8,24,2,3243.7,9,1,3243.6,30,4,3243.5,78,7,3244.1,1,1,3245.0,159,12,3245.1,16,1,3245.2,1,1,3245.4,143,5
11536,2025-12-30 09:43:27+05:30,3244.1,1,3246.17,90019,94656.0,98903.0,3250.0,3253.0,3239.8,3251.5,41324150,3576.6,2926.4,4322.95,2866.6,3244.1,1,1,3243.9,42,4,3243.8,14,1,3243.7,9,1,3243.6,177,4,3244.9,58,5,3245.0,212,17,3245.1,1,1,3245.2,53,4,3245.4,77,5
11536,2025-12-30 09:43:27+05:30,3244.1,1,3246.17,90019,94656.0,98903.0,3250.0,3253.0,3239.8,3251.5,41324150,3576.6,2926.4,4322.95,2866.6,3244.1,1,1,3243.9,42,4,3243.8,14,1,3243.7,9,1,3243.6,177,4,3244.9,58,5,3245.0,212,17,3245.1,1,1,3245.2,53,4,3245.4,77,5
11536,2025-12-30 09:43:28+05:30,3244.1,1,3246.17,90019,94656.0,98903.0,3250.0,3253.0,3239.8,3251.5,41324150,3576.6,2926.4,4322.95,2866.6,3244.1,1,1,3243.9,42,4,3243.8,14,1,3243.7,9,1,3243.6,177,4,3244.9,58,5,3245.0,212,17,3245.1,1,1,3245.2,53,4,3245.4,77,5
11536,2025-12-30 09:43:30+05:30,3244.1,1,3246.17,90019,94656.0,98903.0,3250.0,3253.0,3239.8,3251.5,41324150,3576.6,2926.4,4322.95,2866.6,3244.1,1,1,3243.9,42,4,3243.8,14,1,3243.7,9,1,3243.6,177,4,3244.9,58,5,3245.0,212,17,3245.1,1,1,3245.2,53,4,3245.4,77,5
11536,2025-12-30 09:43:31+05:30,3244.1,1,3246.17,90019,94656.0,98903.0,3250.0,3253.0,3239.8,3251.5,41324150,3576.6,2926.4,4322.95,2866.6,3244.1,1,1,3243.9,42,4,3243.8,14,1,3243.7,9,1,3243.6,177,4,3244.9,58,5,3245.0,212,17,3245.1,1,1,3245.2,53,4,3245.4,77,5
11536,2025-12-30 09:43:31+05:30,3244.9,1,3246.17,90019,94656.0,98903.0,3250.0,3253.0,3239.8,3251.5,41324150,3576.6,2926.4,4322.95,2866.6,3244.1,1,1,3243.9,42,4,3243.8,14,1,3243.7,9,1,3243.6,177,4,3244.9,58,5,3245.0,212,17,3245.1,1,1,3245.2,53,4,3245.4,77,5
11536,2025-12-30 09:43:33+05:30,3244.9,1,3246.17,90019,94656.0,98903.0,3250.0,3253.0,3239.8,3251.5,41324150,3576.6,2926.4,4322.95,2866.6,3244.1,1,1,3243.9,42,4,3243.8,14,1,3243.7,9,1,3243.6,177,4,3244.9,58,5,3245.0,212,17,3245.1,1,1,3245.2,53,4,3245.4,77,5
11536,2025-12-30 09:43:34+05:30,3244.9,1,3246.17,90063,95488.0,98927.0,3250.0,3253.0,3239.8,3251.5,41324150,3576.6,2926.4,4322.95,2866.6,3244.8,7,2,3244.5,2,1,3244.2,4,1,3244.0,10,1,3243.9,16,2,3244.9,49,3,3245.0,72,12,3245.1,28,3,3245.2,22,3,3245.4,29,2
11536,2025-12-30 09:43:34+05:30,3244.9,1,3246.17,90063,95488.0,98927.0,3250.0,3253.0,3239.8,3251.5,41324150,3576.6,2926.4,4322.95,2866.6,3244.8,7,2,3244.5,2,1,3244.2,4,1,3244.0,10,1,3243.9,16,2,3244.9,49,3,3245.0,72,12,3245.1,28,3,3245.2,22,3,3245.4,29,2
11536,2025-12-30 09:43:35+05:30,3244.8,2,3246.17,90063,95488.0,98927.0,3250.0,3253.0,3239.8,3251.5,41324150,3576.6,2926.4,4322.95,2866.6,3244.8,7,2,3244.5,2,1,3244.2,4,1,3244.0,10,1,3243.9,16,2,3244.9,49,3,3245.0,72,12,3245.1,28,3,3245.2,22,3,3245.4,29,2
11536,2025-12-30 09:43:36+05:30,3244.8,2,3246.17,90063,95488.0,98927.0,3250.0,3253.0,3239.8,3251.5,41367375,3576.6,2926.4,4322.95,2866.6,3244.8,7,2,3244.5,2,1,3244.2,4,1,3244.0,10,1,3243.9,16,2,3244.9,49,3,3245.0,72,12,3245.1,28,3,3245.2,22,3,3245.4,29,2
11536,2025-12-30 09:43:38+05:30,3244.8,2,3246.17,90063,95488.0,98927.0,3250.0,3253.0,3239.8,3251.5,41367375,3576.6,2926.4,4322.95,2866.6,3244.8,7,2,3244.5,2,1,3244.2,4,1,3244.0,10,1,3243.9,16,2,3244.9,49,3,3245.0,72,12,3245.1,28,3,3245.2,22,3,3245.4,29,2
11536,2025-12-30 09:43:39+05:30,3245.0,2,3246.17,90063,95488.0,98927.0,3250.0,3253.0,3239.8,3251.5,41367375,3576.6,2926.4,4322.95,2866.6,3244.8,7,2,3244.5,2,1,3244.2,4,1,3244.0,10,1,3243.9,16,2,3244.9,49,3,3245.0,72,12,3245.1,28,3,3245.2,22,3,3245.4,29,2
11536,2025-12-30 09:43:41+05:30,3244.9,40,3246.16,90523,96054.0,97265.0,3250.0,3253.0,3239.8,3251.5,41367375,3576.6,2926.4,4322.95,2866.6,3244.9,135,1,3244.8,24,3,3244.7,9,1,3244.5,177,2,3244.2,5,2,3245.0,28,7,3245.2,1,1,3245.4,24,1,3245.7,8,3,3245.9,19,3
11536,2025-12-30 09:43:43+05:30,3244.9,26,3246.16,90523,96054.0,97265.0,3250.0,3253.0,3239.8,3251.5,41367375,3576.6,2926.4,4322.95,2866.6,3244.9,135,1,3244.8,24,3,3244.7,9,1,3244.5,177,2,3244.2,5,2,3245.0,28,7,3245.2,1,1,3245.4,24,1,3245.7,8,3,3245.9,19,3
11536,2025-12-30 09:43:47+05:30,3244.9,10,3246.16,90523,96054.0,97265.0,3250.0,3253.0,3239.8,3251.5,41367375,3576.6,2926.4,4322.95,2866.6,3244.9,135,1,3244.8,24,3,3244.7,9,1,3244.5,177,2,3244.2,5,2,3245.0,28,7,3245.2,1,1,3245.4,24,1,3245.7,8,3,3245.9,19,3
11536,2025-12-30 09:43:48+05:30,3245.7,1,3246.16,90902,95813.0,96784.0,3250.0,3253.0,3239.8,3251.5,41367375,3576.6,2926.4,4322.95,2866.6,3244.9,20,2,3244.8,2,2,3244.7,11,2,3244.5,162,2,3244.4,98,3,3245.7,4,2,3245.8,4,1,3246.0,573,6,3246.1,15,1,3246.2,101,10
11536,2025-12-30 09:43:51+05:30,3245.7,1,3246.16,90902,95813.0,96784.0,3250.0,3253.0,3239.8,3251.5,41367375,3576.6,2926.4,4322.95,2866.6,3244.9,20,2,3244.8,2,2,3244.7,11,2,3244.5,162,2,3244.4,98,3,3245.7,4,2,3245.8,4,1,3246.0,573,6,3246.1,15,1,3246.2,101,10
11536,2025-12-30 09:43:55+05:30,3245.6,3,3246.16,90935,96068.0,96786.0,3250.0,3253.0,3239.8,3251.5,41367375,3576.6,2926.4,4322.95,2866.6,3245.7,1,1,3245.6,12,1,3244.9,15,1,3244.8,2,2,3244.7,37,3,3246.0,544,8,3246.1,14,1,3246.2,65,5,3246.4,53,4,3246.5,72,4
11536,2025-12-30 09:43:55+05:30,3245.6,2,3246.16,90935,96068.0,96786.0,3250.0,3253.0,3239.8,3251.5,41367375,3576.6,2926.4,4322.95,2866.6,3245.7,1,1,3245.6,12,1,3244.9,15,1,3244.8,2,2,3244.7,37,3,3246.0,544,8,3246.1,14,1,3246.2,65,5,3246.4,53,4,3246.5,72,4
11536,2025-12-30 09:43:59+05:30,3246.0,25,3246.16,90935,96068.0,96786.0,3250.0,3253.0,3239.8,3251.5,41367375,3576.6,2926.4,4322.95,2866.6,3245.7,1,1,3245.6,12,1,3244.9,15,1,3244.8,2,2,3244.7,37,3,3246.0,544,8,3246.1,14,1,3246.2,65,5,3246.4,53,4,3246.5,72,4
11536,2025-12-30 09:44:01+05:30,3245.9,11,3246.16,91196,96158.0,97086.0,3250.0,3253.0,3239.8,3251.5,41367375,3576.6,2926.4,4322.95,2866.6,3245.0,11,1,3244.9,58,6,3244.8,228,5,3244.7,119,5,3244.6,20,2,3245.7,24,3,3246.0,839,8,3246.2,1,1,3246.4,71,4,3246.5,36,3
11536,2025-12-30 09:44:03+05:30,3244.9,38,3246.16,91196,96158.0,97086.0,3250.0,3253.0,3239.8,3251.5,41367375,3576.6,2926.4,4322.95,2866.6,3245.0,11,1,3244.9,58,6,3244.8,228,5,3244.7,119,5,3244.6,20,2,3245.7,24,3,3246.0,839,8,3246.2,1,1,3246.4,71,4,3246.5,36,3
11536,2025-12-30 09:44:07+05:30,3246.0,84,3246.16,91196,96158.0,97086.0,3250.0,3253.0,3239.8,3251.5,41367375,3576.6,2926.4,4322.95,2866.6,3245.0,11,1,3244.9,58,6,3244.8,228,5,3244.7,119,5,3244.6,20,2,3245.7,24,3,3246.0,839,8,3246.2,1,1,3246.4,71,4,3246.5,36,3
11536,2025-12-30 09:44:08+05:30,3246.0,84,3246.16,91529,95873.0,98078.0,3250.0,3253.0,3239.8,3251.5,41367375,3576.6,2926.4,4322.95,2866.6,3245.0,20,1,3244.9,33,3,3244.8,2,2,3244.7,3,2,3244.6,8,1,3246.0,750,5,3246.2,1,1,3246.3,40,1,3246.4,98,6,3246.5,36,3
11536,2025-12-30 09:44:11+05:30,3246.0,1,3246.16,91529,95873.0,98078.0,3250.0,3253.0,3239.8,3251.5,41367375,3576.6,2926.4,4322.95,2866.6,3245.0,20,1,3244.9,33,3,3244.8,2,2,3244.7,3,2,3244.6,8,1,3246.0,750,5,3246.2,1,1,3246.3,40,1,3246.4,98,6,3246.5,36,3
11536,2025-12-30 09:44:15+05:30,3245.9,1,3246.15,92082,97149.0,97583.0,3250.0,3253.0,3239.8,3251.5,41367375,3576.6,2926.4,4322.95,2866.6,3245.9,3,1,3245.1,175,1,3245.0,175,1,3244.9,23,2,3244.8,23,3,3246.0,248,6,3246.2,14,2,3246.3,9,1,3246.4,54,3,3246.5,37,3
11536,2025-12-30 09:44:15+05:30,3245.9,1,3246.15,92082,97149.0,97583.0,3250.0,3253.0,3239.8,3251.5,41367375,3576.6,2926.4,4322.95,2866.6,3245.9,3,1,3245.1,175,1,3245.0,175,1,3244.9,23,2,3244.8,23,3,3246.0,248,6,3246.2,14,2,3246.3,9,1,3246.4,54,3,3246.5,37,3
11536,2025-12-30 09:44:19+05:30,3245.5,11,3246.15,92082,97149.0,97583.0,3250.0,3253.0,3239.8,3251.5,41367375,3576.6,2926.4,4322.95,2866.6,3245.9,3,1,3245.1,175,1,3245.0,175,1,3244.9,23,2,3244.8,23,3,3246.0,248,6,3246.2,14,2,3246.3,9,1,3246.4,54,3,3246.5,37,3
11536,2025-12-30 09:44:22+05:30,3245.8,8,3246.15,92404,97212.0,97805.0,3250.0,3253.0,3239.8,3251.5,41367375,3576.6,2926.4,4322.95,2866.6,3245.8,4,1,3245.5,1,1,3245.3,16,2,3245.2,11,1,3245.1,174,1,3246.0,111,9,3246.2,1,1,3246.4,21,1,3246.5,60,3,3246.6,33,2
11536,2025-12-30 09:44:23+05:30,3245.5,4,3246.15,92404,97212.0,97805.0,3250.0,3253.0,3239.8,3251.5,41367375,3576.6,2926.4,4322.95,2866.6,3245.8,4,1,3245.5,1,1,3245.3,16,2,3245.2,11,1,3245.1,174,1,3246.0,111,9,3246.2,1,1,3246.4,21,1,3246.5,60,3,3246.6,33,2
11536,2025-12-30 09:44:27+05:30,3245.7,4,3246.15,92404,97212.0,97805.0,3250.0,3253.0,3239.8,3251.5,41367375,3576.6,2926.4,4322.95,2866.6,3245.8,4,1,3245.5,1,1,3245.3,16,2,3245.2,11,1,3245.1,174,1,3246.0,111,9,3246.2,1,1,3246.4,21,1,3246.5,60,3,3246.6,33,2
11536,2025-12-30 09:44:28+05:30,3245.7,9,3246.15,92757,97272.0,98691.0,3250.0,3253.0,3239.8,3251.5,41367375,3576.6,2926.4,4322.95,2866.6,3245.7,5,1,3245.3,14,2,3245.2,11,1,3245.1,89,2,3245.0,178,2,3245.8,17,5,3245.9,11,2,3246.0,104,3,3246.2,13,1,3246.3,8,1
11536,2025-12-30 09:44:31+05:30,3246.0,90,3246.15,92757,97272.0,98691.0,3250.0,3253.0,3239.8,3251.5,41367375,3576.6,2926.4,4322.95,2866.6,3245.7,5,1,3245.3,14,2,3245.2,11,1,3245.1,89,2,3245.0,178,2,3245.8,17,5,3245.9,11,2,3246.0,104,3,3246.2,13,1,3246.3,8,1
11536,2025-12-30 09:44:34+05:30,3246.0,13,3246.15,93147,97832.0,96049.0,3250.0,3253.0,3239.8,3251.5,41367375,3576.6,2926.4,4322.95,2866.6,3245.8,1,1,3245.7,54,2,3245.6,9,1,3245.5,175,1,3245.4,6,1,3245.9,3,1,3246.4,3,2,3246.5,1,1,3246.6,9,1,3246.7,16,3
11536,2025-12-30 09:44:35+05:30,3245.9,1,3246.15,93147,97832.0,96049.0,3250.0,3253.0,3239.8,3251.5,41367375,3576.6,2926.4,4322.95,2866.6,3245.8,1,1,3245.7,54,2,3245.6,9,1,3245.5,175,1,3245.4,6,1,3245.9,3,1,3246.4,3,2,3246.5,1,1,3246.6,9,1,3246.7,16,3
11536,2025-12-30 09:44:39+05:30,3246.0,3,3246.15,93147,97832.0,96049.0,3250.0,3253.0,3239.8,3251.5,41367375,3576.6,2926.4,4322.95,2866.6,3245.8,1,1,3245.7,54,2,3245.6,9,1,3245.5,175,1,3245.4,6,1,3245.9,3,1,3246.4,3,2,3246.5,1,1,3246.6,9,1,3246.7,16,3
11536,2025-12-30 09:44:41+05:30,3245.8,2,3246.15,93233,98680.0,97146.0,3250.0,3253.0,3239.8,3251.5,41367375,3576.6,2926.4,4322.95,2866.6,3245.8,41,2,3245.7,63,3,3245.5,177,2,3245.4,16,1,3245.3,32,4,3245.9,2,2,3246.4,2,2,3246.7,2,2,3246.9,175,2,3247.0,110,7
11536,2025-12-30 09:44:43+05:30,3245.8,2,3246.15,93233,98680.0,97146.0,3250.0,3253.0,3239.8,3251.5,41367375,3576.6,2926.4,4322.95,2866.6,3245.8,41,2,3245.7,63,3,3245.5,177,2,3245.4,16,1,3245.3,32,4,3245.9,2,2,3246.4,2,2,3246.7,2,2,3246.9,175,2,3247.0,110,7
11536,2025-12-30 09:44:47+05:30,3245.8,22,3246.15,93634,98681.0,96981.0,3250.0,3253.0,3239.8,3251.5,41367375,3576.6,2926.4,4322.95,2866.6,3245.8,9,1,3245.7,63,3,3245.5,175,1,3245.4,61,1,3245.3,21,3,3245.9,9,1,3246.8,1,1,3246.9,136,2,3247.0,36,3,3247.1,35,2
11536,2025-12-30 09:44:47+05:30,3245.9,2,3246.15,93634,98681.0,96981.0,3250.0,3253.0,3239.8,3251.5,41367375,3576.6,2926.4,4322.95,2866.6,3245.8,9,1,3245.7,63,3,3245.5,175,1,3245.4,61,1,3245.3,21,3,3245.9,9,1,3246.8,1,1,3246.9,136,2,3247.0,36,3,3247.1,35,2
11536,2025-12-30 09:44:52+05:30,3245.7,2,3246.15,93634,98681.0,96981.0,3250.0,3253.0,3239.8,3251.5,41367375,3576.6,2926.4,4322.95,2866.6,3245.8,9,1,3245.7,63,3,3245.5,175,1,3245.4,61,1,3245.3,21,3,3245.9,9,1,3246.8,1,1,3246.9,136,2,3247.0,36,3,3247.1,35,2
11536,2025-12-30 09:44:53+05:30,3245.9,1,3246.15,93757,97310.0,96742.0,3250.0,3253.0,3239.8,3251.5,41367375,3576.6,2926.4,4322.95,2866.6,3245.7,93,3,3245.3,5,2,3245.1,8,2,3245.0,184,2,3244.9,20,2,3245.9,4,4,3246.0,25,1,3246.3,12,1,3246.4,11,2,3246.5,11,1
11536,2025-12-30 09:44:56+05:30,3246.6,1,3246.15,93757,97310.0,96742.0,3250.0,3253.0,3239.8,3251.5,41367375,3576.6,2926.4,4322.95,2866.6,3245.7,93,3,3245.3,5,2,3245.1,8,2,3245.0,184,2,3244.9,20,2,3245.9,4,4,3246.0,25,1,3246.3,12,1,3246.4,11,2,3246.5,11,1
11536,2025-12-30 09:44:59+05:30,3245.8,7,3246.15,94029,98817.0,96999.0,3250.0,3253.0,3239.8,3251.5,41367375,3576.6,2926.4,4322.95,2866.6,3245.8,13,1,3245.7,88,3,3245.6,47,3,3245.5,216,3,3245.4,38,3,3245.9,4,3,3246.9,12,2,3247.0,47,2,3247.2,48,3,3247.3,113,3
11536,2025-12-30 09:45:00+05:30,3245.8,3,3246.15,94029,98817.0,96999.0,3250.0,3253.0,3239.8,3251.5,41367375,3576.6,2926.4,4322.95,2866.6,3245.8,13,1,3245.7,88,3,3245.6,47,3,3245.5,216,3,3245.4,38,3,3245.9,4,3,3246.9,12,2,3247.0,47,2,3247.2,48,3,3247.3,113,3
11536,2025-12-30 09:45:04+05:30,3246.0,1,3246.15,94029,98817.0,96999.0,3250.0,3253.0,3239.8,3251.5,41367375,3576.6,2926.4,4322.95,2866.6,3245.8,13,1,3245.7,88,3,3245.6,47,3,3245.5,216,3,3245.4,38,3,3245.9,4,3,3246.9,12,2,3247.0,47,2,3247.2,48,3,3247.3,113,3
11536,2025-12-30 09:45:05+05:30,3246.0,1,3246.15,94091,97566.0,97702.0,3250.0,3253.0,3239.8,3251.5,41367375,3576.6,2926.4,4322.95,2866.6,3245.8,77,3,3245.7,97,4,3245.5,175,1,3245.3,5,2,3245.2,10,1,3246.0,2,2,3246.5,21,2,3246.6,41,2,3246.7,12,1,3246.8,20,2
11536,2025-12-30 09:45:08+05:30,3245.9,1,3246.15,94091,97566.0,97702.0,3250.0,3253.0,3239.8,3251.5,41367375,3576.6,2926.4,4322.95,2866.6,3245.8,77,3,3245.7,97,4,3245.5,175,1,3245.3,5,2,3245.2,10,1,3246.0,2,2,3246.5,21,2,3246.6,41,2,3246.7,12,1,3246.8,20,2
11536,2025-12-30 09:45:11+05:30,3246.0,26,3246.15,94224,97833.0,96905.0,3250.0,3253.0,3239.8,3251.5,41367375,3576.6,2926.4,4322.95,2866.6,3246.0,25,2,3245.9,27,2,3245.8,59,3,3245.7,88,3,3245.4,207,3,3247.0,35,7,3247.1,73,3,3247.2,20,2,3247.3,29,3,3247.4,287,8
11536,2025-12-30 09:45:12+05:30,3247.0,1,3246.15,94224,97833.0,96905.0,3250.0,3253.0,3239.8,3251.5,41367375,3576.6,2926.4,4322.95,2866.6,3246.0,25,2,3245.9,27,2,3245.8,59,3,3245.7,88,3,3245.4,207,3,3247.0,35,7,3247.1,73,3,3247.2,20,2,3247.3,29,3,3247.4,287,8
11536,2025-12-30 09:45:16+05:30,3246.9,7,3246.15,94224,97833.0,96905.0,3250.0,3253.0,3239.8,3251.5,41367375,3576.6,2926.4,4322.95,2866.6,3246.0,25,2,3245.9,27,2,3245.8,59,3,3245.7,88,3,3245.4,207,3,3247.0,35,7,3247.1,73,3,3247.2,20,2,3247.3,29,3,3247.4,287,8
11536,2025-12-30 09:45:18+05:30,3246.9,3,3246.15,94380,96915.0,97153.0,3250.0,3253.0,3239.8,3251.5,41367375,3576.6,2926.4,4322.95,2866.6,3246.9,17,1,3246.0,12,1,3245.9,12,1,3245.8,59,3,3245.7,88,3,3247.0,67,8,3247.1,12,1,3247.2,60,4,3247.3,31,4,3247.4,104,5
11536,2025-12-30 09:45:20+05:30,3246.9,6,3246.15,94380,96915.0,97153.0,3250.0,3253.0,3239.8,3251.5,41367375,3576.6,2926.4,4322.95,2866.6,3246.9,17,1,3246.0,12,1,3245.9,12,1,3245.8,59,3,3245.7,88,3,3247.0,67,8,3247.1,12,1,3247.2,60,4,3247.3,31,4,3247.4,104,5
11536,2025-12-30 09:45:24+05:30,3246.9,24,3246.15,94380,96915.0,97153.0,3250.0,3253.0,3239.8,3251.5,41367375,3576.6,2926.4,4322.95,2866.6,3246.9,17,1,3246.0,12,1,3245.9,12,1,3245.8,59,3,3245.7,88,3,3247.0,67,8,3247.1,12,1,3247.2,60,4,3247.3,31,4,3247.4,104,5
11536,2025-12-30 09:45:25+05:30,3247.0,1,3246.16,94857,97102.0,96748.0,3250.0,3253.0,3239.8,3251.5,41367375,3576.6,2926.4,4322.95,2866.6,3246.9,10,1,3246.5,2,1,3246.1,22,1,3246.0,12,1,3245.9,9,1,3247.0,36,9,3247.1,7,1,3247.2,11,1,3247.3,3,1,3247.4,49,4
11536,2025-12-30 09:45:28+05:30,3246.1,22,3246.16,94857,97102.0,96748.0,3250.0,3253.0,3239.8,3251.5,41367375,3576.6,2926.4,4322.95,2866.6,3246.9,10,1,3246.5,2,1,3246.1,22,1,3246.0,12,1,3245.9,9,1,3247.0,36,9,3247.1,7,1,3247.2,11,1,3247.3,3,1,3247.4,49,4
11536,2025-12-30 09:45:28+05:30,3246.0,4,3246.16,94932,97326.0,98235.0,3250.0,3253.0,3239.8,3251.5,41367375,3576.6,2926.4,4322.95,2866.6,3246.0,8,1,3245.9,9,1,3245.8,9,2,3245.7,59,2,3245.6,212,3,3246.1,4,4,3246.3,3,3,3246.4,4,2,3246.5,3,3,3246.9,1,1
11536,2025-12-30 09:45:29+05:30,3246.0,3,3246.16,94932,97326.0,98235.0,3250.0,3253.0,3239.8,3251.5,41367375,3576.6,2926.4,4322.95,2866.6,3246.0,8,1,3245.9,9,1,3245.8,9,2,3245.7,59,2,3245.6,212,3,3246.1,4,4,3246.3,3,3,3246.4,4,2,3246.5,3,3,3246.9,1,1
11536,2025-12-30 09:45:29+05:30,3246.0,2,3246.16,95002,97357.0,98140.0,3250.0,3253.0,3239.8,3251.5,41367375,3576.6,2926.4,4322.95,2866.6,3246.0,22,1,3245.9,9,1,3245.8,7,1,3245.7,234,3,3245.6,57,4,3246.1,7,6,3246.3,2,2,3246.5,1,1,3246.9,1,1,3247.0,51,3
11536,2025-12-30 09:45:30+05:30,3246.0,1,3246.16,95002,97357.0,98140.0,3250.0,3253.0,3239.8,3251.5,41367375,3576.6,2926.4,4322.95,2866.6,3246.0,22,1,3245.9,9,1,3245.8,7,1,3245.7,234,3,3245.6,57,4,3246.1,7,6,3246.3,2,2,3246.5,1,1,3246.9,1,1,3247.0,51,3
11536,2025-12-30 09:45:30+05:30,3245.9,5,3246.16,95345,96911.0,98253.0,3250.0,3253.0,3239.8,3251.5,41367375,3576.6,2926.4,4322.95,2866.6,3245.9,3,1,3245.8,7,1,3245.7,234,3,3245.6,47,3,3245.5,22,1,3246.0,189,4,3246.1,6,5,3246.9,1,1,3247.0,72,4,3247.2,198,3
11536,2025-12-30 09:45:31+05:30,3245.9,5,3246.16,95345,96911.0,98253.0,3250.0,3253.0,3239.8,3251.5,41367375,3576.6,2926.4,4322.95,2866.6,3245.9,3,1,3245.8,7,1,3245.7,234,3,3245.6,47,3,3245.5,22,1,3246.0,189,4,3246.1,6,5,3246.9,1,1,3247.0,72,4,3247.2,198,3
11536,2025-12-30 09:45:31+05:30,3245.9,3,3246.16,95366,95602.0,100210.0,3250.0,3253.0,3239.8,3251.5,41367375,3576.6,2926.4,4322.95,2866.6,3245.9,6,1,3245.8,7,1,3245.7,59,2,3245.6,27,1,3245.5,22,1,3246.0,374,10,3246.1,3,3,3246.2,30,3,3246.3,50,3,3246.4,34,3
11536,2025-12-30 09:45:32+05:30,3245.9,5,3246.16,95366,95602.0,100210.0,3250.0,3253.0,3239.8,3251.5,41367375,3576.6,2926.4,4322.95,2866.6,3245.9,6,1,3245.8,7,1,3245.7,59,2,3245.6,27,1,3245.5,22,1,3246.0,374,10,3246.1,3,3,3246.2,30,3,3246.3,50,3,3246.4,34,3
11536,2025-12-30 09:45:32+05:30,3245.8,38,3246.16,95435,95759.0,100214.0,3250.0,3253.0,3239.8,3251.5,41367375,3576.6,2926.4,4322.95,2866.6,3245.8,7,1,3245.7,59,2,3245.6,27,1,3245.5,22,1,3245.4,27,1,3245.9,7,2,3246.0,366,11,3246.1,4,2,3246.2,40,2,3246.3,5,1
11536,2025-12-30 09:45:33+05:30,3245.9,1,3246.16,95435,95759.0,100214.0,3250.0,3253.0,3239.8,3251.5,41367375,3576.6,2926.4,4322.95,2866.6,3245.8,7,1,3245.7,59,2,3245.6,27,1,3245.5,22,1,3245.4,27,1,3245.9,7,2,3246.0,366,11,3246.1,4,2,3246.2,40,2,3246.3,5,1
11536,2025-12-30 09:45:33+05:30,3245.7,20,3246.16,95495,95590.0,100281.0,3250.0,3253.0,3239.8,3251.5,41367375,3576.6,2926.4,4322.95,2866.6,3245.7,13,2,3245.3,5,2,3245.1,8,2,3245.0,190,5,3244.9,23,3,3245.9,12,7,3246.0,347,7,3246.1,3,1,3246.2,45,2,3246.3,63,4
11536,2025-12-30 09:45:34+05:30,3245.7,1,3246.16,95495,95590.0,100281.0,3250.0,3253.0,3239.8,3251.5,41367375,3576.6,2926.4,4322.95,2866.6,3245.7,13,2,3245.3,5,2,3245.1,8,2,3245.0,190,5,3244.9,23,3,3245.9,12,7,3246.0,347,7,3246.1,3,1,3246.2,45,2,3246.3,63,4
11536,2025-12-30 09:45:34+05:30,3245.7,5,3246.16,95548,95701.0,100555.0,3250.0,3253.0,3239.8,3251.5,41367375,3576.6,2926.4,4322.95,2866.6,3245.7,4,1,3245.3,5,2,3245.1,8,2,3245.0,220,6,3244.9,23,3,3245.9,41,13,3246.0,331,4,3246.1,23,3,3246.2,57,3,3246.3,51,3
11536,2025-12-30 09:45:35+05:30,3245.7,1,3246.16,95548,95701.0,100555.0,3250.0,3253.0,3239.8,3251.5,41367375,3576.6,2926.4,4322.95,2866.6,3245.7,4,1,3245.3,5,2,3245.1,8,2,3245.0,220,6,3244.9,23,3,3245.9,41,13,3246.0,331,4,3246.1,23,3,3246.2,57,3,3246.3,51,3
11536,2025-12-30 09:45:35+05:30,3245.7,10,3246.16,95578,95715.0,100305.0,3250.0,3253.0,3239.8,3251.5,41367375,3576.6,2926.4,4322.95,2866.6,3245.7,3,1,3245.3,5,2,3245.1,8,2,3245.0,220,6,3244.9,23,3,3245.9,28,14,3246.0,329,2,3246.1,3,1,3246.2,39,2,3246.3,46,2
11536,2025-12-30 09:45:36+05:30,3246.0,17,3246.16,95578,95715.0,100305.0,3250.0,3253.0,3239.8,3251.5,41367375,3576.6,2926.4,4322.95,2866.6,3245.7,3,1,3245.3,5,2,3245.1,8,2,3245.0,220,6,3244.9,23,3,3245.9,28,14,3246.0,329,2,3246.1,3,1,3246.2,39,2,3246.3,46,2
11536,2025-12-30 09:45:36+05:30,3246.0,17,3246.15,95671,95438.0,100155.0,3250.0,3253.0,3239.8,3251.5,41367375,3576.6,2926.4,4322.95,2866.6,3245.5,13,1,3245.3,5,2,3245.1,8,2,3245.0,220,6,3244.9,23,3,3246.0,317,4,3246.2,28,1,3246.3,27,2,3246.4,14,2,3246.5,26,1
11536,2025-12-30 09:45:37+05:30,3246.0,17,3246.15,95671,95434.0,100662.0,3250.0,3253.0,3239.8,3251.5,41367375,3576.6,2926.4,4322.95,2866.6,3245.3,5,2,3245.2,13,1,3245.1,8,2,3245.0,220,6,3244.9,31,4,3246.0,329,5,3246.2,40,2,3246.3,30,3,3246.4,12,1,3246.5,26,1
11536,2025-12-30 09:45:38+05:30,3245.3,6,3246.15,95699,95421.0,101178.0,3250.0,3253.0,3239.8,3251.5,41367375,3576.6,2926.4,4322.95,2866.6,3245.3,3,1,3245.2,13,1,3245.1,8,2,3245.0,220,6,3244.9,20,2,3246.0,327,5,3246.1,22,2,3246.2,58,4,3246.3,48,4,3246.4,12,1
11536,2025-12-30 09:45:39+05:30,3245.3,6,3246.15,95699,95421.0,101178.0,3250.0,3253.0,3239.8,3251.5,41367375,3576.6,2926.4,4322.95,2866.6,3245.3,3,1,3245.2,13,1,3245.1,8,2,3245.0,220,6,3244.9,20,2,3246.0,327,5,3246.1,22,2,3246.2,58,4,3246.3,48,4,3246.4,12,1
11536,2025-12-30 09:45:39+05:30,3245.3,11,3246.15,95729,95290.0,101534.0,3250.0,3253.0,3239.8,3251.5,41367375,3576.6,2926.4,4322.95,2866.6,3245.3,2,1,3245.1,8,2,3245.0,220,6,3244.9,20,2,3244.8,25,4,3246.0,329,8,3246.1,10,1,3246.2,43,3,3246.3,64,5,3246.4,32,2
11536,2025-12-30 09:45:40+05:30,3245.3,11,3246.15,95729,95290.0,101534.0,3250.0,3253.0,3239.8,3251.5,41367375,3576.6,2926.4,4322.95,2866.6,3245.3,2,1,3245.1,8,2,3245.0,220,6,3244.9,20,2,3244.8,25,4,3246.0,329,8,3246.1,10,1,3246.2,43,3,3246.3,64,5,3246.4,32,2
11536,2025-12-30 09:45:40+05:30,3245.3,9,3246.15,95738,95181.0,101386.0,3250.0,3253.0,3239.8,3251.5,41367375,3576.6,2926.4,4322.95,2866.6,3245.2,13,1,3245.1,8,2,3245.0,220,6,3244.9,20,2,3244.8,36,4,3246.0,319,9,3246.1,31,1,3246.3,64,5,3246.4,20,1,3246.5,64,4
11536,2025-12-30 09:45:41+05:30,3246.0,1,3246.15,95738,95181.0,101386.0,3250.0,3253.0,3239.8,3251.5,41367375,3576.6,2926.4,4322.95,2866.6,3245.2,13,1,3245.1,8,2,3245.0,220,6,3244.9,20,2,3244.8,36,4,3246.0,319,9,3246.1,31,1,3246.3,64,5,3246.4,20,1,3246.5,64,4
11536,2025-12-30 09:45:41+05:30,3245.2,4,3246.15,95750,95204.0,101247.0,3250.0,3253.0,3239.8,3251.5,41367375,3576.6,2926.4,4322.95,2866.6,3245.2,2,1,3245.1,8,2,3245.0,220,6,3244.9,20,2,3244.8,36,4,3246.0,327,8,3246.1,31,1,3246.2,11,1,3246.3,63,5,3246.4,31,2
11536,2025-12-30 09:45:42+05:30,3245.2,5,3246.15,95750,95204.0,101247.0,3250.0,3253.0,3239.8,3251.5,41367375,3576.6,2926.4,4322.95,2866.6,3245.2,2,1,3245.1,8,2,3245.0,220,6,3244.9,20,2,3244.8,36,4,3246.0,327,8,3246.1,31,1,3246.2,11,1,3246.3,63,5,3246.4,31,2
11536,2025-12-30 09:45:42+05:30,3245.6,2,3246.15,95761,95212.0,101209.0,3250.0,3253.0,3239.8,3251.5,41367375,3576.6,2926.4,4322.95,2866.6,3245.6,10,1,3245.1,8,2,3245.0,220,6,3244.9,20,2,3244.8,36,4,3246.0,325,9,3246.1,43,2,3246.2,11,1,3246.3,63,5,3246.4,31,2
11536,2025-12-30 09:45:43+05:30,3245.6,5,3246.15,95761,95212.0,101209.0,3250.0,3253.0,3239.8,3251.5,41367375,3576.6,2926.4,4322.95,2866.6,3245.6,10,1,3245.1,8,2,3245.0,220,6,3244.9,20,2,3244.8,36,4,3246.0,325,9,3246.1,43,2,3246.2,11,1,3246.3,63,5,3246.4,31,2
11536,2025-12-30 09:45:43+05:30,3245.6,1,3246.15,95767,95207.0,101228.0,3250.0,3253.0,3239.8,3251.5,41367375,3576.6,2926.4,4322.95,2866.6,3245.6,4,1,3245.1,8,2,3245.0,221,7,3244.9,20,2,3244.8,36,4,3246.0,326,10,3246.1,31,1,3246.2,11,1,3246.3,63,5,3246.4,31,2
11536,2025-12-30 09:45:44+05:30,3245.6,1,3246.15,95767,95207.0,101228.0,3250.0,3253.0,3239.8,3251.5,41367375,3576.6,2926.4,4322.95,2866.6,3245.6,4,1,3245.1,8,2,3245.0,221,7,3244.9,20,2,3244.8,36,4,3246.0,326,10,3246.1,31,1,3246.2,11,1,3246.3,63,5,3246.4,31,2
11536,2025-12-30 09:45:44+05:30,3245.6,1,3246.15,95772,95043.0,101382.0,3250.0,3253.0,3239.8,3251.5,41367375,3576.6,2926.4,4322.95,2866.6,3245.6,12,1,3245.1,8,2,3245.0,221,7,3244.9,20,2,3244.8,36,4,3245.9,8,1,3246.0,349,12,3246.1,43,2,3246.2,11,1,3246.3,63,5
11536,2025-12-30 09:45:45+05:30,3245.8,1,3246.15,95772,95043.0,101382.0,3250.0,3253.0,3239.8,3251.5,41367375,3576.6,2926.4,4322.95,2866.6,3245.6,12,1,3245.1,8,2,3245.0,221,7,3244.9,20,2,3244.8,36,4,3245.9,8,1,3246.0,349,12,3246.1,43,2,3246.2,11,1,3246.3,63,5
11536,2025-12-30 09:45:45+05:30,3245.9,1,3246.15,95780,95255.0,101418.0,3250.0,3253.0,3239.8,3251.5,41367375,3576.6,2926.4,4322.95,2866.6,3245.8,6,2,3245.1,8,2,3245.0,221,7,3244.9,20,2,3244.8,36,4,3245.9,30,6,3246.0,338,8,3246.1,50,3,3246.2,28,2,3246.3,56,4
11536,2025-12-30 09:45:46+05:30,3245.8,2,3246.15,95780,95255.0,101418.0,3250.0,3253.0,3239.8,3251.5,41367375,3576.6,2926.4,4322.95,2866.6,3245.8,6,2,3245.1,8,2,3245.0,221,7,3244.9,20,2,3244.8,36,4,3245.9,30,6,3246.0,338,8,3246.1,50,3,3246.2,28,2,3246.3,56,4
11536,2025-12-30 09:45:46+05:30,3245.9,1,3246.15,95785,95193.0,101081.0,3250.0,3253.0,3239.8,3251.5,41367375,3576.6,2926.4,4322.95,2866.6,3245.8,3,2,3245.1,8,2,3245.0,221,7,3244.9,20,2,3244.8,36,4,3245.9,40,9,3246.0,322,5,3246.1,50,3,3246.2,28,2,3246.3,56,4
11536,2025-12-30 09:45:47+05:30,3245.8,3,3246.15,95785,95193.0,101081.0,3250.0,3253.0,3239.8,3251.5,41367375,3576.6,2926.4,4322.95,2866.6,3245.8,3,2,3245.1,8,2,3245.0,221,7,3244.9,20,2,3244.8,36,4,3245.9,40,9,3246.0,322,5,3246.1,50,3,3246.2,28,2,3246.3,56,4
11536,2025-12-30 09:45:47+05:30,3245.8,1,3246.15,95792,95212.0,101095.0,3250.0,3253.0,3239.8,3251.5,41367375,3576.6,2926.4,4322.95,2866.6,3245.8,10,2,3245.6,1,1,3245.2,1,1,3245.1,8,2,3245.0,224,8,3245.9,41,10,3246.0,328,5,3246.1,43,2,3246.2,35,3,3246.3,56,4
11536,2025-12-30 09:45:48+05:30,3245.8,1,3246.15,95792,95212.0,101095.0,3250.0,3253.0,3239.8,3251.5,41367375,3576.6,2926.4,4322.95,2866.6,3245.8,10,2,3245.6,1,1,3245.2,1,1,3245.1,8,2,3245.0,224,8,3245.9,41,10,3246.0,328,5,3246.1,43,2,3246.2,35,3,3246.3,56,4
11536,2025-12-30 09:45:48+05:30,3245.8,1,3246.15,95795,95652.0,101268.0,3250.0,3253.0,3239.8,3251.5,41367375,3576.6,2926.4,4322.95,2866.6,3245.8,27,3,3245.6,6,2,3245.2,1,1,3245.1,8,2,3245.0,224,8,3245.9,39,8,3246.0,321,4,3246.1,12,1,3246.2,35,3,3246.3,56,4
11536,2025-12-30 09:45:49+05:30,3245.8,1,3246.15,95795,95652.0,101268.0,3250.0,3253.0,3239.8,3251.5,41367375,3576.6,2926.4,4322.95,2866.6,3245.8,27,3,3245.6,6,2,3245.2,1,1,3245.1,8,2,3245.0,224,8,3245.9,39,8,3246.0,321,4,3246.1,12,1,3246.2,35,3,3246.3,56,4
11536,2025-12-30 09:45:49+05:30,3245.8,1,3246.15,95799,95576.0,101221.0,3250.0,3253.0,3239.8,3251.5,41367375,3576.6,2926.4,4322.95,2866.6,3245.8,23,3,3245.6,6,2,3245.2,1,1,3245.1,8,2,3245.0,224,8,3245.9,39,8,3246.0,320,3,3246.1,4,1,3246.2,11,1,3246.3,63,5
11536,2025-12-30 09:45:50+05:30,3245.8,1,3246.15,95799,95576.0,101221.0,3250.0,3253.0,3239.8,3251.5,41367375,3576.6,2926.4,4322.95,2866.6,3245.8,23,3,3245.6,6,2,3245.2,1,1,3245.1,8,2,3245.0,224,8,3245.9,39,8,3246.0,320,3,3246.1,4,1,3246.2,11,1,3246.3,63,5
11536,2025-12-30 09:45:50+05:30,3245.8,1,3246.15,95801,95598.0,101221.0,3250.0,3253.0,3239.8,3251.5,41367375,3576.6,2926.4,4322.95,2866.6,3245.8,34,3,3245.6,6,2,3245.2,1,1,3245.1,8,2,3245.0,224,8,3245.9,39,8,3246.0,320,3,3246.1,4,1,3246.2,11,1,3246.3,63,5
11536,2025-12-30 09:45:51+05:30,3245.8,1,3246.15,95801,95598.0,101221.0,3250.0,3253.0,3239.8,3251.5,41367375,3576.6,2926.4,4322.95,2866.6,3245.8,34,3,3245.6,6,2,3245.2,1,1,3245.1,8,2,3245.0,224,8,3245.9,39,8,3246.0,320,3,3246.1,4,1,3246.2,11,1,3246.3,63,5
11536,2025-12-30 09:45:51+05:30,3245.8,10,3246.15,95813,95593.0,101219.0,3250.0,3253.0,3239.8,3251.5,41367375,3576.6,2926.4,4322.95,2866.6,3245.8,23,3,3245.6,6,2,3245.2,6,2,3245.1,8,2,3245.0,224,8,3245.9,28,5,3246.0,308,2,3246.1,19,2,3246.2,27,2,3246.3,63,5
11536,2025-12-30 09:45:52+05:30,3245.8,10,3246.15,95813,95593.0,101219.0,3250.0,3253.0,3239.8,3251.5,41367375,3576.6,2926.4,4322.95,2866.6,3245.8,23,3,3245.6,6,2,3245.2,6,2,3245.1,8,2,3245.0,224,8,3245.9,28,5,3246.0,308,2,3246.1,19,2,3246.2,27,2,3246.3,63,5
11536,2025-12-30 09:45:53+05:30,3245.8,1,3246.15,95815,95587.0,100863.0,3250.0,3253.0,3239.8,3251.5,41367375,3576.6,2926.4,4322.95,2866.6,3245.8,22,3,3245.6,9,3,3245.2,6,2,3245.1,8,2,3245.0,224,8,3245.9,28,6,3246.0,154,1,3246.1,19,2,3246.2,27,2,3246.3,63,5
11536,2025-12-30 09:45:53+05:30,3245.8,1,3246.15,95815,95587.0,100863.0,3250.0,3253.0,3239.8,3251.5,41367375,3576.6,2926.4,4322.95,2866.6,3245.8,22,3,3245.6,9,3,3245.2,6,2,3245.1,8,2,3245.0,224,8,3245.9,28,6,3246.0,154,1,3246.1,19,2,3246.2,27,2,3246.3,63,5
11536,2025-12-30 09:45:54+05:30,3245.8,3,3246.15,95815,95587.0,100863.0,3250.0,3253.0,3239.8,3251.5,41367375,3576.6,2926.4,4322.95,2866.6,3245.8,22,3,3245.6,9,3,3245.2,6,2,3245.1,8,2,3245.0,224,8,3245.9,28,6,3246.0,154,1,3246.1,19,2,3246.2,27,2,3246.3,63,5
11536,2025-12-30 09:45:54+05:30,3245.8,3,3246.15,95828,95628.0,100637.0,3250.0,3253.0,3239.8,3251.5,41367375,3576.6,2926.4,4322.95,2866.6,3245.8,18,3,3245.6,13,4,3245.2,6,2,3245.1,8,2,3245.0,242,9,3245.9,21,8,3246.0,154,1,3246.1,4,1,3246.2,11,1,3246.3,63,5
11536,2025-12-30 09:45:55+05:30,3245.7,1,3246.15,95828,95628.0,100637.0,3250.0,3253.0,3239.8,3251.5,41367375,3576.6,2926.4,4322.95,2866.6,3245.8,18,3,3245.6,13,4,3245.2,6,2,3245.1,8,2,3245.0,242,9,3245.9,21,8,3246.0,154,1,3246.1,4,1,3246.2,11,1,3246.3,63,5
11536,2025-12-30 09:45:55+05:30,3245.8,50,3246.15,95928,95626.0,100942.0,3250.0,3253.0,3239.8,3251.5,41367375,3576.6,2926.4,4322.95,2866.6,3245.6,13,4,3245.2,6,2,3245.1,8,2,3245.0,242,9,3244.9,20,2,3245.8,14,3,3245.9,21,8,3246.0,164,2,3246.1,4,1,3246.2,11,1
11536,2025-12-30 09:45:56+05:30,3245.8,1,3246.15,95928,95626.0,100942.0,3250.0,3253.0,3239.8,3251.5,41367375,3576.6,2926.4,4322.95,2866.6,3245.6,13,4,3245.2,6,2,3245.1,8,2,3245.0,242,9,3244.9,20,2,3245.8,14,3,3245.9,21,8,3246.0,164,2,3246.1,4,1,3246.2,11,1
11536,2025-12-30 09:45:56+05:30,3245.6,2,3246.15,95934,95731.0,100308.0,3250.0,3253.0,3239.8,3251.5,41367375,3576.6,2926.4,4322.95,2866.6,3245.6,58,4,3245.2,56,3,3245.1,8,2,3245.0,242,9,3244.9,20,2,3245.8,23,7,3245.9,14,5,3246.0,154,1,3246.1,4,1,3246.2,11,1
11536,2025-12-30 09:45:57+05:30,3245.6,8,3246.15,95934,95731.0,100308.0,3250.0,3253.0,3239.8,3251.5,41367375,3576.6,2926.4,4322.95,2866.6,3245.6,58,4,3245.2,56,3,3245.1,8,2,3245.0,242,9,3244.9,20,2,3245.8,23,7,3245.9,14,5,3246.0,154,1,3246.1,4,1,3246.2,11,1
11536,2025-12-30 09:45:57+05:30,3245.6,1,3246.15,95967,95609.0,101221.0,3250.0,3253.0,3239.8,3251.5,41367375,3576.6,2926.4,4322.95,2866.6,3245.6,26,2,3245.4,8,1,3245.2,56,3,3245.1,8,2,3245.0,242,9,3245.8,111,11,3245.9,1,1,3246.0,164,2,3246.1,4,1,3246.2,11,1
11536,2025-12-30 09:45:58+05:30,3245.8,3,3246.15,95967,95609.0,101221.0,3250.0,3253.0,3239.8,3251.5,41367375,3576.6,2926.4,4322.95,2866.6,3245.6,26,2,3245.4,8,1,3245.2,56,3,3245.1,8,2,3245.0,242,9,3245.8,111,11,3245.9,1,1,3246.0,164,2,3246.1,4,1,3246.2,11,1
11536,2025-12-30 09:45:58+05:30,3245.6,1,3246.15,95988,95663.0,101217.0,3250.0,3253.0,3239.8,3251.5,41367375,3576.6,2926.4,4322.95,2866.6,3245.6,13,3,3245.4,8,1,3245.2,56,3,3245.1,8,2,3245.0,242,9,3245.8,107,11,3245.9,1,1,3246.0,164,2,3246.1,4,1,3246.2,11,1
11536,2025-12-30 09:45:59+05:30,3245.6,1,3246.15,95988,95663.0,101217.0,3250.0,3253.0,3239.8,3251.5,41367375,3576.6,2926.4,4322.95,2866.6,3245.6,13,3,3245.4,8,1,3245.2,56,3,3245.1,8,2,3245.0,242,9,3245.8,107,11,3245.9,1,1,3246.0,164,2,3246.1,4,1,3246.2,11,1
11536,2025-12-30 09:45:59+05:30,3245.6,1,3246.15,96002,95919.0,100473.0,3250.0,3253.0,3239.8,3251.5,41367375,3576.6,2926.4,4322.95,2866.6,3245.6,2,2,3245.5,8,1,3245.2,56,3,3245.1,8,2,3245.0,242,9,3245.8,194,12,3245.9,1,1,3246.0,164,2,3246.1,4,1,3246.2,11,1
11536,2025-12-30 09:46:00+05:30,3245.6,1,3246.15,96002,95919.0,100473.0,3250.0,3253.0,3239.8,3251.5,41367375,3576.6,2926.4,4322.95,2866.6,3245.6,2,2,3245.5,8,1,3245.2,56,3,3245.1,8,2,3245.0,242,9,3245.8,194,12,3245.9,1,1,3246.0,164,2,3246.1,4,1,3246.2,11,1
11536,2025-12-30 09:46:00+05:30,3245.6,3,3246.15,96017,95884.0,100529.0,3250.0,3253.0,3239.8,3251.5,41367375,3576.6,2926.4,4322.95,2866.6,3245.6,1,1,3245.2,56,3,3245.1,8,2,3245.0,243,10,3244.9,20,2,3245.8,193,11,3245.9,4,1,3246.0,164,2,3246.1,20,2,3246.2,30,2
11536,2025-12-30 09:46:01+05:30,3245.6,1,3246.15,96017,95884.0,100529.0,3250.0,3253.0,3239.8,3251.5,41367375,3576.6,2926.4,4322.95,2866.6,3245.6,1,1,3245.2,56,3,3245.1,8,2,3245.0,243,10,3244.9,20,2,3245.8,193,11,3245.9,4,1,3246.0,164,2,3246.1,20,2,3246.2,30,2
11536,2025-12-30 09:46:01+05:30,3245.6,3,3246.15,96043,95454.0,100428.0,3250.0,3253.0,3239.8,3251.5,41367375,3576.6,2926.4,4322.95,2866.6,3245.6,2,1,3245.2,56,3,3245.1,8,2,3245.0,248,11,3244.9,20,2,3245.8,189,12,3245.9,4,1,3246.0,170,3,3246.1,20,2,3246.2,36,3
11536,2025-12-30 09:46:02+05:30,3245.6,1,3246.15,96043,95454.0,100428.0,3250.0,3253.0,3239.8,3251.5,41367375,3576.6,2926.4,4322.95,2866.6,3245.6,2,1,3245.2,56,3,3245.1,8,2,3245.0,248,11,3244.9,20,2,3245.8,189,12,3245.9,4,1,3246.0,170,3,3246.1,20,2,3246.2,36,3
11536,2025-12-30 09:46:02+05:30,3245.6,1,3246.15,96052,94978.0,100099.0,3250.0,3253.0,3239.8,3251.5,41367375,3576.6,2926.4,4322.95,2866.6,3245.6,1,1,3245.4,4,1,3245.3,6,1,3245.2,56,3,3245.1,8,2,3245.8,190,9,3245.9,4,1,3246.0,169,3,3246.1,38,3,3246.2,35,3
11536,2025-12-30 09:46:03+05:30,3245.6,1,3246.15,96052,94978.0,100099.0,3250.0,3253.0,3239.8,3251.5,41367375,3576.6,2926.4,4322.95,2866.6,3245.6,1,1,3245.4,4,1,3245.3,6,1,3245.2,56,3,3245.1,8,2,3245.8,190,9,3245.9,4,1,3246.0,169,3,3246.1,38,3,3246.2,35,3
11536,2025-12-30 09:46:03+05:30,3245.6,2,3246.15,96055,94815.0,102036.0,3250.0,3253.0,3239.8,3251.5,41367375,3576.6,2926.4,4322.95,2866.6,3245.4,4,1,3245.3,6,1,3245.2,56,3,3245.1,8,2,3245.0,248,11,3245.5,1,1,3245.6,19,4,3245.8,190,9,3245.9,33,4,3246.0,184,4
11536,2025-12-30 09:46:04+05:30,3245.6,2,3246.15,96055,94815.0,102036.0,3250.0,3253.0,3239.8,3251.5,41367375,3576.6,2926.4,4322.95,2866.6,3245.4,4,1,3245.3,6,1,3245.2,56,3,3245.1,8,2,3245.0,248,11,3245.5,1,1,3245.6,19,4,3245.8,190,9,3245.9,33,4,3246.0,184,4
11536,2025-12-30 09:46:04+05:30,3245.5,2,3246.15,96073,94799.0,102200.0,3250.0,3253.0,3239.8,3251.5,41367375,3576.6,2926.4,4322.95,2866.6,3245.5,1,1,3245.4,4,1,3245.2,56,3,3245.1,8,2,3245.0,247,10,3245.6,1,1,3245.7,12,2,3245.8,179,6,3245.9,26,3,3246.0,202,5
11536,2025-12-30 09:46:05+05:30,3245.5,2,3246.15,96073,94799.0,102200.0,3250.0,3253.0,3239.8,3251.5,41367375,3576.6,2926.4,4322.95,2866.6,3245.5,1,1,3245.4,4,1,3245.2,56,3,3245.1,8,2,3245.0,247,10,3245.6,1,1,3245.7,12,2,3245.8,179,6,3245.9,26,3,3246.0,202,5
11536,2025-12-30 09:46:05+05:30,3245.5,2,3246.15,96083,93412.0,102823.0,3250.0,3253.0,3239.8,3251.5,41367375,3576.6,2926.4,4322.95,2866.6,3245.5,8,1,3245.4,4,1,3245.2,56,3,3245.1,8,2,3245.0,247,10,3245.6,19,6,3245.8,366,6,3245.9,37,4,3246.0,381,6,3246.2,251,6
11536,2025-12-30 09:46:06+05:30,3245.5,2,3246.15,96083,93412.0,102823.0,3250.0,3253.0,3239.8,3251.5,41367375,3576.6,2926.4,4322.95,2866.6,3245.5,8,1,3245.4,4,1,3245.2,56,3,3245.1,8,2,3245.0,247,10,3245.6,19,6,3245.8,366,6,3245.9,37,4,3246.0,381,6,3246.2,251,6
11536,2025-12-30 09:46:07+05:30,3245.6,1,3246.15,96223,93950.0,101516.0,3250.0,3253.0,3239.8,3251.5,41367375,3576.6,2926.4,4322.95,2866.6,3245.5,8,1,3245.4,4,1,3245.2,56,3,3245.1,8,2,3245.0,247,10,3245.8,71,3,3245.9,14,2,3246.0,160,2,3246.1,8,1,3246.2,35,3
11536,2025-12-30 09:46:07+05:30,3245.6,1,3246.15,96223,93950.0,101516.0,3250.0,3253.0,3239.8,3251.5,41367375,3576.6,2926.4,4322.95,2866.6,3245.5,8,1,3245.4,4,1,3245.2,56,3,3245.1,8,2,3245.0,247,10,3245.8,71,3,3245.9,14,2,3246.0,160,2,3246.1,8,1,3246.2,35,3
11536,2025-12-30 09:46:08+05:30,3245.6,1,3246.15,96223,93939.0,100447.0,3250.0,3253.0,3239.8,3251.5,41367375,3576.6,2926.4,4322.95,2866.6,3245.5,8,1,3245.4,4,1,3245.2,56,3,3245.1,8,2,3245.0,247,10,3245.8,71,3,3245.9,14,2,3246.0,160,2,3246.1,8,1,3246.2,191,4
11536,2025-12-30 09:46:09+05:30,3245.1,4,3246.15,96223,93939.0,100447.0,3250.0,3253.0,3239.8,3251.5,41367375,3576.6,2926.4,4322.95,2866.6,3245.5,8,1,3245.4,4,1,3245.2,56,3,3245.1,8,2,3245.0,247,10,3245.8,71,3,3245.9,14,2,3246.0,160,2,3246.1,8,1,3246.2,191,4
11536,2025-12-30 09:46:09+05:30,3245.1,4,3246.15,96377,94170.0,101144.0,3250.0,3253.0,3239.8,3251.5,41367375,3576.6,2926.4,4322.95,2866.6,3245.1,29,4,3245.0,278,11,3244.9,26,3,3244.8,40,5,3244.7,45,4,3245.7,5,1,3245.8,66,2,3246.3,40,3,3246.4,186,2,3246.5,31,2
11536,2025-12-30 09:46:10+05:30,3245.1,10,3246.15,96377,94170.0,101144.0,3250.0,3253.0,3239.8,3251.5,41367375,3576.6,2926.4,4322.95,2866.6,3245.1,29,4,3245.0,278,11,3244.9,26,3,3244.8,40,5,3244.7,45,4,3245.7,5,1,3245.8,66,2,3246.3,40,3,3246.4,186,2,3246.5,31,2
11536,2025-12-30 09:46:10+05:30,3245.1,10,3246.15,96398,94202.0,100971.0,3250.0,3253.0,3239.8,3251.5,41367375,3576.6,2926.4,4322.95,2866.6,3245.1,20,4,3245.0,278,11,3244.9,26,3,3244.8,40,5,3244.7,45,4,3245.7,13,3,3245.8,63,1,3246.3,27,2,3246.5,31,2,3246.6,265,6
11536,2025-12-30 09:46:11+05:30,3245.1,2,3246.15,96398,94202.0,100971.0,3250.0,3253.0,3239.8,3251.5,41367375,3576.6,2926.4,4322.95,2866.6,3245.1,20,4,3245.0,278,11,3244.9,26,3,3244.8,40,5,3244.7,45,4,3245.7,13,3,3245.8,63,1,3246.3,27,2,3246.5,31,2,3246.6,265,6
11536,2025-12-30 09:46:11+05:30,3245.1,2,3246.15,96437,94213.0,101322.0,3250.0,3253.0,3239.8,3251.5,41367375,3576.6,2926.4,4322.95,2866.6,3245.0,306,14,3244.9,32,4,3244.8,30,5,3244.7,19,3,3244.6,21,2,3245.1,3,1,3245.7,10,4,3245.8,63,1,3246.2,21,1,3246.3,27,2
11536,2025-12-30 09:46:12+05:30,3245.1,1,3246.15,96437,94213.0,101322.0,3250.0,3253.0,3239.8,3251.5,41367375,3576.6,2926.4,4322.95,2866.6,3245.0,306,14,3244.9,32,4,3244.8,30,5,3244.7,19,3,3244.6,21,2,3245.1,3,1,3245.7,10,4,3245.8,63,1,3246.2,21,1,3246.3,27,2
11536,2025-12-30 09:46:12+05:30,3245.1,1,3246.15,96505,94489.0,101220.0,3250.0,3253.0,3239.8,3251.5,41367375,3576.6,2926.4,4322.95,2866.6,3245.0,217,12,3244.9,32,4,3244.8,72,7,3244.7,19,3,3244.6,245,5,3245.1,2,2,3245.7,5,3,3246.2,21,1,3246.3,27,2,3246.4,63,2
11536,2025-12-30 09:46:13+05:30,3245.1,1,3246.15,96505,94489.0,101220.0,3250.0,3253.0,3239.8,3251.5,41367375,3576.6,2926.4,4322.95,2866.6,3245.0,217,12,3244.9,32,4,3244.8,72,7,3244.7,19,3,3244.6,245,5,3245.1,2,2,3245.7,5,3,3246.2,21,1,3246.3,27,2,3246.4,63,2
11536,2025-12-30 09:46:13+05:30,3245.1,1,3246.15,96536,94534.0,101219.0,3250.0,3253.0,3239.8,3251.5,41367375,3576.6,2926.4,4322.95,2866.6,3245.0,182,11,3244.9,29,3,3244.8,37,4,3244.7,19,3,3244.6,239,6,3245.1,11,6,3245.7,1,1,3246.2,21,1,3246.3,27,2,3246.4,63,2
11536,2025-12-30 09:46:14+05:30,3245.1,1,3246.15,96536,94534.0,101219.0,3250.0,3253.0,3239.8,3251.5,41367375,3576.6,2926.4,4322.95,2866.6,3245.0,182,11,3244.9,29,3,3244.8,37,4,3244.7,19,3,3244.6,239,6,3245.1,11,6,3245.7,1,1,3246.2,21,1,3246.3,27,2,3246.4,63,2
11536,2025-12-30 09:46:14+05:30,3245.1,1,3246.15,96562,94323.0,99979.0,3250.0,3253.0,3239.8,3251.5,41367375,3576.6,2926.4,4322.95,2866.6,3245.0,161,11,3244.9,29,3,3244.8,37,4,3244.7,19,3,3244.6,64,5,3245.1,9,6,3246.2,30,2,3246.3,70,3,3246.4,219,3,3246.5,295,8
11536,2025-12-30 09:46:15+05:30,3245.1,3,3246.15,96562,94323.0,99979.0,3250.0,3253.0,3239.8,3251.5,41367375,3576.6,2926.4,4322.95,2866.6,3245.0,161,11,3244.9,29,3,3244.8,37,4,3244.7,19,3,3244.6,64,5,3245.1,9,6,3246.2,30,2,3246.3,70,3,3246.4,219,3,3246.5,295,8
11536,2025-12-30 09:46:15+05:30,3246.1,1,3246.15,96647,94079.0,99657.0,3250.0,3253.0,3239.8,3251.5,41367375,3576.6,2926.4,4322.95,2866.6,3245.1,6,1,3245.0,135,10,3244.9,20,2,3244.8,37,4,3244.7,3,2,3246.1,57,9,3246.2,72,5,3246.3,39,3,3246.4,61,5,3246.5,94,3
11536,2025-12-30 09:46:16+05:30,3246.1,1,3246.15,96647,94079.0,99657.0,3250.0,3253.0,3239.8,3251.5,41367375,3576.6,2926.4,4322.95,2866.6,3245.1,6,1,3245.0,135,10,3244.9,20,2,3244.8,37,4,3244.7,3,2,3246.1,57,9,3246.2,72,5,3246.3,39,3,3246.4,61,5,3246.5,94,3
11536,2025-12-30 09:46:16+05:30,3246.1,1,3246.15,96648,94153.0,99839.0,3250.0,3253.0,3239.8,3251.5,41367375,3576.6,2926.4,4322.95,2866.6,3245.1,6,1,3245.0,135,10,3244.9,20,2,3244.8,37,4,3244.7,6,3,3246.1,32,6,3246.2,72,5,3246.3,39,3,3246.4,55,4,3246.5,100,4
11536,2025-12-30 09:46:17+05:30,3245.6,25,3246.15,96648,94153.0,99839.0,3250.0,3253.0,3239.8,3251.5,41367375,3576.6,2926.4,4322.95,2866.6,3245.1,6,1,3245.0,135,10,3244.9,20,2,3244.8,37,4,3244.7,6,3,3246.1,32,6,3246.2,72,5,3246.3,39,3,3246.4,55,4,3246.5,100,4
11536,2025-12-30 09:46:17+05:30,3245.6,25,3246.15,96683,94069.0,100899.0,3250.0,3253.0,3239.8,3251.5,41367375,3576.6,2926.4,4322.95,2866.6,3245.0,135,10,3244.9,20,2,3244.8,40,4,3244.7,3,2,3244.6,29,3,3245.6,2,2,3246.1,31,7,3246.2,62,4,3246.3,48,4,3246.4,209,5
11536,2025-12-30 09:46:18+05:30,3245.6,25,3246.15,96683,94030.0,100931.0,3250.0,3253.0,3239.8,3251.5,41367375,3576.6,2926.4,4322.95,2866.6,3245.0,141,11,3244.9,20,2,3244.8,40,4,3244.7,3,2,3244.6,20,2,3245.6,3,3,3246.1,40,8,3246.2,83,5,3246.3,48,4,3246.4,209,5
11536,2025-12-30 09:46:19+05:30,3245.0,3,3246.15,96683,94030.0,100931.0,3250.0,3253.0,3239.8,3251.5,41367375,3576.6,2926.4,4322.95,2866.6,3245.0,141,11,3244.9,20,2,3244.8,40,4,3244.7,3,2,3244.6,20,2,3245.6,3,3,3246.1,40,8,3246.2,83,5,3246.3,48,4,3246.4,209,5
11536,2025-12-30 09:46:19+05:30,3245.0,3,3246.15,96699,94003.0,100930.0,3250.0,3253.0,3239.8,3251.5,41367375,3576.6,2926.4,4322.95,2866.6,3245.0,119,10,3244.9,26,3,3244.8,40,4,3244.7,3,2,3244.6,20,2,3245.6,5,5,3246.1,37,6,3246.2,83,5,3246.3,48,4,3246.4,209,5
11536,2025-12-30 09:46:20+05:30,3245.0,1,3246.15,96699,94003.0,100930.0,3250.0,3253.0,3239.8,3251.5,41367375,3576.6,2926.4,4322.95,2866.6,3245.0,119,10,3244.9,26,3,3244.8,40,4,3244.7,3,2,3244.6,20,2,3245.6,5,5,3246.1,37,6,3246.2,83,5,3246.3,48,4,3246.4,209,5
11536,2025-12-30 09:46:20+05:30,3245.0,1,3246.15,96709,94160.0,100928.0,3250.0,3253.0,3239.8,3251.5,41367375,3576.6,2926.4,4322.95,2866.6,3245.0,109,10,3244.9,26,3,3244.8,40,4,3244.7,3,2,3244.6,20,2,3245.6,22,9,3246.0,6,1,3246.1,43,3,3246.2,44,3,3246.3,39,3
11536,2025-12-30 09:46:20+05:30,3245.0,1,3246.15,96709,94160.0,100928.0,3250.0,3253.0,3239.8,3251.5,41367375,3576.6,2926.4,4322.95,2866.6,3245.0,109,10,3244.9,26,3,3244.8,40,4,3244.7,3,2,3244.6,20,2,3245.6,22,9,3246.0,6,1,3246.1,43,3,3246.2,44,3,3246.3,39,3
11536,2025-12-30 09:46:21+05:30,3245.0,4,3246.15,96709,94160.0,100928.0,3250.0,3253.0,3239.8,3251.5,41367375,3576.6,2926.4,4322.95,2866.6,3245.0,109,10,3244.9,26,3,3244.8,40,4,3244.7,3,2,3244.6,20,2,3245.6,22,9,3246.0,6,1,3246.1,43,3,3246.2,44,3,3246.3,39,3
11536,2025-12-30 09:46:21+05:30,3245.0,4,3246.15,96716,94173.0,100915.0,3250.0,3253.0,3239.8,3251.5,41367375,3576.6,2926.4,4322.95,2866.6,3245.1,20,1,3245.0,108,11,3244.9,20,2,3244.8,40,4,3244.7,3,2,3245.6,22,9,3246.0,6,1,3246.1,37,2,3246.2,44,3,3246.3,39,3
11536,2025-12-30 09:46:21+05:30,3245.0,4,3246.15,96716,94173.0,100915.0,3250.0,3253.0,3239.8,3251.5,41367375,3576.6,2926.4,4322.95,2866.6,3245.1,20,1,3245.0,108,11,3244.9,20,2,3244.8,40,4,3244.7,3,2,3245.6,22,9,3246.0,6,1,3246.1,37,2,3246.2,44,3,3246.3,39,3
11536,2025-12-30 09:46:22+05:30,3245.1,2,3246.15,96716,94173.0,100915.0,3250.0,3253.0,3239.8,3251.5,41367375,3576.6,2926.4,4322.95,2866.6,3245.1,20,1,3245.0,108,11,3244.9,20,2,3244.8,40,4,3244.7,3,2,3245.6,22,9,3246.0,6,1,3246.1,37,2,3246.2,44,3,3246.3,39,3
11536,2025-12-30 09:46:22+05:30,3245.1,2,3246.15,96722,94116.0,101128.0,3250.0,3253.0,3239.8,3251.5,41367375,3576.6,2926.4,4322.95,2866.6,3245.1,14,1,3245.0,109,12,3244.9,20,2,3244.8,40,4,3244.7,3,2,3245.6,19,6,3245.7,9,1,3245.8,9,1,3245.9,17,2,3246.0,15,2
11536,2025-12-30 09:46:23+05:30,3245.2,1,3246.15,96722,94116.0,101128.0,3250.0,3253.0,3239.8,3251.5,41367375,3576.6,2926.4,4322.95,2866.6,3245.1,14,1,3245.0,109,12,3244.9,20,2,3244.8,40,4,3244.7,3,2,3245.6,19,6,3245.7,9,1,3245.8,9,1,3245.9,17,2,3246.0,15,2
11536,2025-12-30 09:46:23+05:30,3245.2,1,3246.15,96726,93541.0,101125.0,3250.0,3253.0,3239.8,3251.5,41367375,3576.6,2926.4,4322.95,2866.6,3245.2,5,1,3245.1,11,1,3245.0,103,11,3244.9,20,2,3244.8,37,4,3245.6,35,8,3245.8,24,3,3245.9,47,3,3246.0,35,2,3246.2,59,5
11536,2025-12-30 09:46:23+05:30,3245.2,1,3246.15,96726,93541.0,101125.0,3250.0,3253.0,3239.8,3251.5,41367375,3576.6,2926.4,4322.95,2866.6,3245.2,5,1,3245.1,11,1,3245.0,103,11,3244.9,20,2,3244.8,37,4,3245.6,35,8,3245.8,24,3,3245.9,47,3,3246.0,35,2,3246.2,59,5
11536,2025-12-30 09:46:23+05:30,3245.2,1,3246.15,96728,93522.0,101131.0,3250.0,3253.0,3239.8,3251.5,41367375,3576.6,2926.4,4322.95,2866.6,3245.2,3,1,3245.1,11,1,3245.0,104,12,3244.9,20,2,3244.8,37,4,3245.6,34,7,3245.8,24,3,3245.9,47,3,3246.0,35,2,3246.2,59,5
11536,2025-12-30 09:46:24+05:30,3245.2,1,3246.15,96728,93522.0,101131.0,3250.0,3253.0,3239.8,3251.5,41367375,3576.6,2926.4,4322.95,2866.6,3245.2,3,1,3245.1,11,1,3245.0,104,12,3244.9,20,2,3244.8,37,4,3245.6,34,7,3245.8,24,3,3245.9,47,3,3246.0,35,2,3246.2,59,5
11536,2025-12-30 09:46:24+05:30,3245.2,1,3246.15,96728,93522.0,101131.0,3250.0,3253.0,3239.8,3251.5,41367375,3576.6,2926.4,4322.95,2866.6,3245.2,3,1,3245.1,11,1,3245.0,104,12,3244.9,20,2,3244.8,37,4,3245.6,34,7,3245.8,24,3,3245.9,47,3,3246.0,35,2,3246.2,59,5
11536,2025-12-30 09:46:25+05:30,3245.2,1,3246.15,96728,93522.0,101131.0,3250.0,3253.0,3239.8,3251.5,41367375,3576.6,2926.4,4322.95,2866.6,3245.2,3,1,3245.1,11,1,3245.0,104,12,3244.9,20,2,3244.8,37,4,3245.6,34,7,3245.8,24,3,3245.9,47,3,3246.0,35,2,3246.2,59,5
11536,2025-12-30 09:46:25+05:30,3245.2,1,3246.15,96730,92699.0,100033.0,3250.0,3253.0,3239.8,3251.5,41367375,3576.6,2926.4,4322.95,2866.6,3245.4,1,1,3245.1,11,1,3245.0,104,12,3244.9,20,2,3244.8,37,4,3245.6,32,7,3245.8,24,3,3245.9,49,5,3246.0,46,3,3246.1,18,1
11536,2025-12-30 09:46:25+05:30,3245.2,1,3246.15,96730,92699.0,100033.0,3250.0,3253.0,3239.8,3251.5,41367375,3576.6,2926.4,4322.95,2866.6,3245.4,1,1,3245.1,11,1,3245.0,104,12,3244.9,20,2,3244.8,37,4,3245.6,32,7,3245.8,24,3,3245.9,49,5,3246.0,46,3,3246.1,18,1
11536,2025-12-30 09:46:26+05:30,3245.4,1,3246.15,96730,92699.0,100033.0,3250.0,3253.0,3239.8,3251.5,41367375,3576.6,2926.4,4322.95,2866.6,3245.4,1,1,3245.1,11,1,3245.0,104,12,3244.9,20,2,3244.8,37,4,3245.6,32,7,3245.8,24,3,3245.9,49,5,3246.0,46,3,3246.1,18,1
11536,2025-12-30 09:46:26+05:30,3245.4,1,3246.15,96734,93401.0,100768.0,3250.0,3253.0,3239.8,3251.5,41367375,3576.6,2926.4,4322.95,2866.6,3245.4,6,2,3245.2,1,1,3245.1,11,1,3245.0,104,12,3244.9,20,2,3245.6,16,5,3245.7,4,1,3245.8,9,1,3245.9,19,3,3246.0,9,1
11536,2025-12-30 09:46:26+05:30,3245.4,1,3246.15,96734,93401.0,100768.0,3250.0,3253.0,3239.8,3251.5,41367375,3576.6,2926.4,4322.95,2866.6,3245.4,6,2,3245.2,1,1,3245.1,11,1,3245.0,104,12,3244.9,20,2,3245.6,16,5,3245.7,4,1,3245.8,9,1,3245.9,19,3,3246.0,9,1
11536,2025-12-30 09:46:27+05:30,3245.5,1,3246.15,96734,93401.0,100768.0,3250.0,3253.0,3239.8,3251.5,41367375,3576.6,2926.4,4322.95,2866.6,3245.4,6,2,3245.2,1,1,3245.1,11,1,3245.0,104,12,3244.9,20,2,3245.6,16,5,3245.7,4,1,3245.8,9,1,3245.9,19,3,3246.0,9,1
11536,2025-12-30 09:46:27+05:30,3245.5,1,3246.15,96736,93558.0,99192.0,3250.0,3253.0,3239.8,3251.5,41367375,3576.6,2926.4,4322.95,2866.6,3245.5,3,1,3245.4,1,1,3245.2,1,1,3245.1,11,1,3245.0,104,12,3245.6,14,3,3245.7,4,1,3245.9,28,4,3246.1,27,2,3246.2,52,5
11536,2025-12-30 09:46:27+05:30,3245.5,1,3246.15,96736,93558.0,99192.0,3250.0,3253.0,3239.8,3251.5,41367375,3576.6,2926.4,4322.95,2866.6,3245.5,3,1,3245.4,1,1,3245.2,1,1,3245.1,11,1,3245.0,104,12,3245.6,14,3,3245.7,4,1,3245.9,28,4,3246.1,27,2,3246.2,52,5
11536,2025-12-30 09:46:28+05:30,3246.1,8,3246.15,96736,93558.0,99192.0,3250.0,3253.0,3239.8,3251.5,41367375,3576.6,2926.4,4322.95,2866.6,3245.5,3,1,3245.4,1,1,3245.2,1,1,3245.1,11,1,3245.0,104,12,3245.6,14,3,3245.7,4,1,3245.9,28,4,3246.1,27,2,3246.2,52,5
11536,2025-12-30 09:46:28+05:30,3246.1,8,3246.15,96736,93558.0,99192.0,3250.0,3253.0,3239.8,3251.5,41367375,3576.6,2926.4,4322.95,2866.6,3245.5,3,1,3245.4,1,1,3245.2,1,1,3245.1,11,1,3245.0,104,12,3245.6,14,3,3245.7,4,1,3245.9,28,4,3246.1,27,2,3246.2,52,5
11536,2025-12-30 09:46:30+05:30,3246.1,8,3246.15,96736,93558.0,99192.0,3250.0,3253.0,3239.8,3251.5,41367375,3576.6,2926.4,4322.95,2866.6,3245.5,3,1,3245.4,1,1,3245.2,1,1,3245.1,11,1,3245.0,104,12,3245.6,14,3,3245.7,4,1,3245.9,28,4,3246.1,27,2,3246.2,52,5
11536,2025-12-30 09:46:31+05:30,3246.1,8,3246.15,96736,93558.0,99192.0,3250.0,3253.0,3239.8,3251.5,41367375,3576.6,2926.4,4322.95,2866.6,3245.5,3,1,3245.4,1,1,3245.2,1,1,3245.1,11,1,3245.0,104,12,3245.6,14,3,3245.7,4,1,3245.9,28,4,3246.1,27,2,3246.2,52,5
11536,2025-12-30 09:46:32+05:30,3245.5,6,3246.15,96851,94290.0,98814.0,3250.0,3253.0,3239.8,3251.5,41367375,3576.6,2926.4,4322.95,2866.6,3245.5,43,3,3245.4,1,1,3245.2,1,1,3245.1,11,1,3245.0,104,12,3246.1,14,6,3246.2,21,3,3246.3,15,2,3246.4,69,5,3246.5,89,1
11536,2025-12-30 09:46:33+05:30,3246.0,12,3246.15,96851,94290.0,98814.0,3250.0,3253.0,3239.8,3251.5,41367375,3576.6,2926.4,4322.95,2866.6,3245.5,43,3,3245.4,1,1,3245.2,1,1,3245.1,11,1,3245.0,104,12,3246.1,14,6,3246.2,21,3,3246.3,15,2,3246.4,69,5,3246.5,89,1
11536,2025-12-30 09:46:33+05:30,3246.0,12,3246.15,96851,94290.0,98814.0,3250.0,3253.0,3239.8,3251.5,41367375,3576.6,2926.4,4322.95,2866.6,3245.5,43,3,3245.4,1,1,3245.2,1,1,3245.1,11,1,3245.0,104,12,3246.1,14,6,3246.2,21,3,3246.3,15,2,3246.4,69,5,3246.5,89,1
11536,2025-12-30 09:46:34+05:30,3246.0,12,3246.15,96851,94290.0,98814.0,3250.0,3253.0,3239.8,3251.5,41367375,3576.6,2926.4,4322.95,2866.6,3245.5,43,3,3245.4,1,1,3245.2,1,1,3245.1,11,1,3245.0,104,12,3246.1,14,6,3246.2,21,3,3246.3,15,2,3246.4,69,5,3246.5,89,1
11536,2025-12-30 09:46:36+05:30,3246.0,12,3246.15,96851,94290.0,98814.0,3250.0,3253.0,3239.8,3251.5,41367375,3576.6,2926.4,4322.95,2866.6,3245.5,43,3,3245.4,1,1,3245.2,1,1,3245.1,11,1,3245.0,104,12,3246.1,14,6,3246.2,21,3,3246.3,15,2,3246.4,69,5,3246.5,89,1
11536,2025-12-30 09:46:37+05:30,3245.4,51,3246.15,96851,94290.0,98814.0,3250.0,3253.0,3239.8,3251.5,41367375,3576.6,2926.4,4322.95,2866.6,3245.5,43,3,3245.4,1,1,3245.2,1,1,3245.1,11,1,3245.0,104,12,3246.1,14,6,3246.2,21,3,3246.3,15,2,3246.4,69,5,3246.5,89,1
11536,2025-12-30 09:46:37+05:30,3245.4,51,3246.15,96851,94290.0,98814.0,3250.0,3253.0,3239.8,3251.5,41393975,3576.6,2926.4,4322.95,2866.6,3245.5,43,3,3245.4,1,1,3245.2,1,1,3245.1,11,1,3245.0,104,12,3246.1,14,6,3246.2,21,3,3246.3,15,2,3246.4,69,5,3246.5,89,1
11536,2025-12-30 09:46:38+05:30,3245.1,5,3246.14,97293,92777.0,101538.0,3250.0,3253.0,3239.8,3251.5,41393975,3576.6,2926.4,4322.95,2866.6,3245.1,3,1,3245.0,110,13,3244.9,20,2,3244.8,2,2,3244.7,3,2,3245.2,27,5,3245.3,11,1,3245.4,19,3,3245.5,19,2,3245.6,37,5
11536,2025-12-30 09:46:40+05:30,3245.1,5,3246.14,97293,92777.0,101538.0,3250.0,3253.0,3239.8,3251.5,41393975,3576.6,2926.4,4322.95,2866.6,3245.1,3,1,3245.0,110,13,3244.9,20,2,3244.8,2,2,3244.7,3,2,3245.2,27,5,3245.3,11,1,3245.4,19,3,3245.5,19,2,3245.6,37,5
11536,2025-12-30 09:46:41+05:30,3245.1,19,3246.14,97293,92777.0,101538.0,3250.0,3253.0,3239.8,3251.5,41393975,3576.6,2926.4,4322.95,2866.6,3245.1,3,1,3245.0,110,13,3244.9,20,2,3244.8,2,2,3244.7,3,2,3245.2,27,5,3245.3,11,1,3245.4,19,3,3245.5,19,2,3245.6,37,5
11536,2025-12-30 09:46:45+05:30,3245.0,5,3246.14,97293,92777.0,101538.0,3250.0,3253.0,3239.8,3251.5,41393975,3576.6,2926.4,4322.95,2866.6,3245.1,3,1,3245.0,110,13,3244.9,20,2,3244.8,2,2,3244.7,3,2,3245.2,27,5,3245.3,11,1,3245.4,19,3,3245.5,19,2,3245.6,37,5
11536,2025-12-30 09:46:45+05:30,3245.0,3,3246.14,97529,92542.0,101789.0,3250.0,3253.0,3239.8,3251.5,41393975,3576.6,2926.4,4322.95,2866.6,3245.0,12,2,3244.9,20,2,3244.8,2,2,3244.7,3,2,3244.6,20,2,3245.2,27,8,3245.3,4,1,3245.4,15,2,3245.5,25,3,3245.6,33,3
11536,2025-12-30 09:46:49+05:30,3245.0,3,3246.14,97529,92542.0,101789.0,3250.0,3253.0,3239.8,3251.5,41393975,3576.6,2926.4,4322.95,2866.6,3245.0,12,2,3244.9,20,2,3244.8,2,2,3244.7,3,2,3244.6,20,2,3245.2,27,8,3245.3,4,1,3245.4,15,2,3245.5,25,3,3245.6,33,3
11536,2025-12-30 09:46:51+05:30,3245.2,1,3246.14,97832,91401.0,101354.0,3250.0,3253.0,3239.8,3251.5,41393975,3576.6,2926.4,4322.95,2866.6,3245.0,14,1,3244.9,22,2,3244.8,2,2,3244.7,3,2,3244.6,20,2,3245.2,6,4,3245.3,14,2,3245.4,28,3,3245.5,24,3,3245.6,15,2
11536,2025-12-30 09:46:53+05:30,3245.0,5,3246.14,97832,91401.0,101354.0,3250.0,3253.0,3239.8,3251.5,41393975,3576.6,2926.4,4322.95,2866.6,3245.0,14,1,3244.9,22,2,3244.8,2,2,3244.7,3,2,3244.6,20,2,3245.2,6,4,3245.3,14,2,3245.4,28,3,3245.5,24,3,3245.6,15,2
11536,2025-12-30 09:46:57+05:30,3244.9,13,3246.14,97832,91401.0,101354.0,3250.0,3253.0,3239.8,3251.5,41393975,3576.6,2926.4,4322.95,2866.6,3245.0,14,1,3244.9,22,2,3244.8,2,2,3244.7,3,2,3244.6,20,2,3245.2,6,4,3245.3,14,2,3245.4,28,3,3245.5,24,3,3245.6,15,2
11536,2025-12-30 09:46:57+05:30,3244.9,13,3246.14,97937,92095.0,102441.0,3250.0,3253.0,3239.8,3251.5,41393975,3576.6,2926.4,4322.95,2866.6,3244.9,9,2,3244.8,22,3,3244.7,3,2,3244.6,20,2,3244.1,9,1,3245.0,1,1,3245.1,1,1,3245.2,28,6,3245.3,18,3,3245.4,19,2
11536,2025-12-30 09:47:01+05:30,3244.9,1,3246.14,97937,92095.0,102441.0,3250.0,3253.0,3239.8,3251.5,41393975,3576.6,2926.4,4322.95,2866.6,3244.9,9,2,3244.8,22,3,3244.7,3,2,3244.6,20,2,3244.1,9,1,3245.0,1,1,3245.1,1,1,3245.2,28,6,3245.3,18,3,3245.4,19,2
11536,2025-12-30 09:47:03+05:30,3245.0,1,3246.14,97969,92579.0,102178.0,3250.0,3253.0,3239.8,3251.5,41393975,3576.6,2926.4,4322.95,2866.6,3244.9,68,4,3244.8,22,3,3244.7,3,2,3244.6,20,2,3244.4,15,1,3245.0,1,1,3245.2,3,1,3245.4,6,1,3245.5,3,1,3245.6,23,2
11536,2025-12-30 09:47:05+05:30,3245.0,2,3246.14,97969,92579.0,102178.0,3250.0,3253.0,3239.8,3251.5,41393975,3576.6,2926.4,4322.95,2866.6,3244.9,68,4,3244.8,22,3,3244.7,3,2,3244.6,20,2,3244.4,15,1,3245.0,1,1,3245.2,3,1,3245.4,6,1,3245.5,3,1,3245.6,23,2
11536,2025-12-30 09:47:09+05:30,3244.9,1,3246.14,97969,92579.0,102178.0,3250.0,3253.0,3239.8,3251.5,41393975,3576.6,2926.4,4322.95,2866.6,3244.9,68,4,3244.8,22,3,3244.7,3,2,3244.6,20,2,3244.4,15,1,3245.0,1,1,3245.2,3,1,3245.4,6,1,3245.5,3,1,3245.6,23,2
11536,2025-12-30 09:47:09+05:30,3245.0,1,3246.13,98054,92534.0,102727.0,3250.0,3253.0,3239.8,3251.5,41393975,3576.6,2926.4,4322.95,2866.6,3244.9,64,4,3244.8,22,3,3244.7,3,2,3244.6,20,2,3244.1,9,1,3245.0,184,6,3245.5,3,1,3245.6,220,4,3245.7,34,2,3245.8,298,10
11536,2025-12-30 09:47:13+05:30,3245.0,2,3246.13,98054,92534.0,102727.0,3250.0,3253.0,3239.8,3251.5,41393975,3576.6,2926.4,4322.95,2866.6,3244.9,64,4,3244.8,22,3,3244.7,3,2,3244.6,20,2,3244.1,9,1,3245.0,184,6,3245.5,3,1,3245.6,220,4,3245.7,34,2,3245.8,298,10
11536,2025-12-30 09:47:15+05:30,3245.0,1,3246.13,98156,91086.0,102773.0,3250.0,3253.0,3239.8,3251.5,41393975,3576.6,2926.4,4322.95,2866.6,3244.9,4,1,3244.8,24,4,3244.7,3,2,3244.6,20,2,3244.1,9,1,3245.0,346,16,3245.2,13,2,3245.3,28,2,3245.4,19,3,3245.5,19,2
11536,2025-12-30 09:47:17+05:30,3245.0,1,3246.13,98156,91086.0,102773.0,3250.0,3253.0,3239.8,3251.5,41393975,3576.6,2926.4,4322.95,2866.6,3244.9,4,1,3244.8,24,4,3244.7,3,2,3244.6,20,2,3244.1,9,1,3245.0,346,16,3245.2,13,2,3245.3,28,2,3245.4,19,3,3245.5,19,2
11536,2025-12-30 09:47:21+05:30,3244.9,4,3246.13,98156,91086.0,102773.0,3250.0,3253.0,3239.8,3251.5,41393975,3576.6,2926.4,4322.95,2866.6,3244.9,4,1,3244.8,24,4,3244.7,3,2,3244.6,20,2,3244.1,9,1,3245.0,346,16,3245.2,13,2,3245.3,28,2,3245.4,19,3,3245.5,19,2
11536,2025-12-30 09:47:21+05:30,3245.0,1,3246.13,98364,91667.0,103205.0,3250.0,3253.0,3239.8,3251.5,41393975,3576.6,2926.4,4322.95,2866.6,3244.9,2,1,3244.6,17,2,3244.1,9,1,3244.0,8,2,3243.8,34,2,3245.0,597,20,3245.1,10,1,3245.2,23,3,3245.3,50,3,3245.4,6,1
11536,2025-12-30 09:47:25+05:30,3244.9,1,3246.13,98364,91667.0,103205.0,3250.0,3253.0,3239.8,3251.5,41393975,3576.6,2926.4,4322.95,2866.6,3244.9,2,1,3244.6,17,2,3244.1,9,1,3244.0,8,2,3243.8,34,2,3245.0,597,20,3245.1,10,1,3245.2,23,3,3245.3,50,3,3245.4,6,1
11536,2025-12-30 09:47:28+05:30,3244.8,11,3246.13,98469,91180.0,103886.0,3250.0,3253.0,3239.8,3251.5,41393975,3576.6,2926.4,4322.95,2866.6,3244.8,5,1,3243.8,2,2,3243.7,92,3,3243.6,279,7,3243.5,114,5,3245.0,803,20,3245.2,4,1,3245.3,34,3,3245.4,215,5,3245.5,19,2
11536,2025-12-30 09:47:28+05:30,3244.8,11,3246.13,98469,91180.0,103886.0,3250.0,3253.0,3239.8,3251.5,41393975,3576.6,2926.4,4322.95,2866.6,3244.8,5,1,3243.8,2,2,3243.7,92,3,3243.6,279,7,3243.5,114,5,3245.0,803,20,3245.2,4,1,3245.3,34,3,3245.4,215,5,3245.5,19,2
11536,2025-12-30 09:47:28+05:30,3244.8,11,3246.13,98469,90435.0,104874.0,3250.0,3253.0,3239.8,3251.5,41393975,3576.6,2926.4,4322.95,2866.6,3244.8,1,1,3243.8,2,2,3243.7,36,3,3243.6,53,5,3243.5,15,2,3244.9,1,1,3245.0,818,22,3245.1,13,1,3245.2,58,5,3245.3,25,2
11536,2025-12-30 09:47:29+05:30,3243.8,11,3246.12,98659,89911.0,103764.0,3250.0,3253.0,3239.8,3251.5,41393975,3576.6,2926.4,4322.95,2866.6,3243.8,31,3,3243.7,21,1,3243.6,33,4,3243.5,24,3,3243.4,61,5,3245.0,803,20,3245.1,36,2,3245.3,25,2,3245.4,231,5,3245.5,3,1
11536,2025-12-30 09:47:30+05:30,3243.8,11,3246.12,98659,89911.0,103764.0,3250.0,3253.0,3239.8,3251.5,41393975,3576.6,2926.4,4322.95,2866.6,3243.8,31,3,3243.7,21,1,3243.6,33,4,3243.5,24,3,3243.4,61,5,3245.0,803,20,3245.1,36,2,3245.3,25,2,3245.4,231,5,3245.5,3,1
11536,2025-12-30 09:47:30+05:30,3243.6,4,3246.12,98663,89551.0,104475.0,3250.0,3253.0,3239.8,3251.5,41393975,3576.6,2926.4,4322.95,2866.6,3243.6,1,1,3243.5,15,2,3243.4,28,2,3243.3,2,1,3243.2,68,6,3244.9,162,9,3245.0,1006,24,3245.1,50,3,3245.2,268,7,3245.3,25,2
11536,2025-12-30 09:47:31+05:30,3243.6,4,3246.12,98663,89551.0,104475.0,3250.0,3253.0,3239.8,3251.5,41393975,3576.6,2926.4,4322.95,2866.6,3243.6,1,1,3243.5,15,2,3243.4,28,2,3243.3,2,1,3243.2,68,6,3244.9,162,9,3245.0,1006,24,3245.1,50,3,3245.2,268,7,3245.3,25,2
11536,2025-12-30 09:47:31+05:30,3244.9,1,3246.12,98664,89847.0,104134.0,3250.0,3253.0,3239.8,3251.5,41393975,3576.6,2926.4,4322.95,2866.6,3243.6,89,7,3243.5,30,4,3243.4,57,4,3243.3,28,2,3243.2,78,7,3244.9,26,2,3245.0,787,18,3245.1,26,1,3245.2,228,5,3245.3,25,2
11536,2025-12-30 09:47:32+05:30,3244.9,1,3246.12,98664,89847.0,104134.0,3250.0,3253.0,3239.8,3251.5,41393975,3576.6,2926.4,4322.95,2866.6,3243.6,89,7,3243.5,30,4,3243.4,57,4,3243.3,28,2,3243.2,78,7,3244.9,26,2,3245.0,787,18,3245.1,26,1,3245.2,228,5,3245.3,25,2
11536,2025-12-30 09:47:32+05:30,3244.9,1,3246.12,98665,90088.0,103948.0,3250.0,3253.0,3239.8,3251.5,41393975,3576.6,2926.4,4322.95,2866.6,3243.8,57,2,3243.7,16,2,3243.6,41,5,3243.5,15,2,3243.4,44,4,3244.9,25,2,3245.0,787,18,3245.2,36,2,3245.3,25,2,3245.4,250,7
11536,2025-12-30 09:47:33+05:30,3244.9,1,3246.12,98665,90088.0,103948.0,3250.0,3253.0,3239.8,3251.5,41393975,3576.6,2926.4,4322.95,2866.6,3243.8,57,2,3243.7,16,2,3243.6,41,5,3243.5,15,2,3243.4,44,4,3244.9,25,2,3245.0,787,18,3245.2,36,2,3245.3,25,2,3245.4,250,7
11536,2025-12-30 09:47:33+05:30,3244.9,1,3246.12,98665,90462.0,105174.0,3250.0,3253.0,3239.8,3251.5,41393975,3576.6,2926.4,4322.95,2866.6,3243.8,79,5,3243.7,9,1,3243.6,57,7,3243.5,265,5,3243.4,44,4,3244.4,1,1,3244.9,16,1,3245.0,787,18,3245.2,36,2,3245.3,31,3
11536,2025-12-30 09:47:34+05:30,3243.8,13,3246.12,98665,90462.0,105174.0,3250.0,3253.0,3239.8,3251.5,41393975,3576.6,2926.4,4322.95,2866.6,3243.8,79,5,3243.7,9,1,3243.6,57,7,3243.5,265,5,3243.4,44,4,3244.4,1,1,3244.9,16,1,3245.0,787,18,3245.2,36,2,3245.3,31,3
11536,2025-12-30 09:47:34+05:30,3243.8,13,3246.12,98678,90428.0,105138.0,3250.0,3253.0,3239.8,3251.5,41393975,3576.6,2926.4,4322.95,2866.6,3243.8,123,8,3243.6,47,6,3243.5,242,6,3243.4,44,4,3243.3,48,3,3244.4,2,2,3244.9,16,1,3245.0,787,18,3245.2,36,2,3245.3,25,2
11536,2025-12-30 09:47:35+05:30,3244.4,1,3246.12,98678,90428.0,105138.0,3250.0,3253.0,3239.8,3251.5,41393975,3576.6,2926.4,4322.95,2866.6,3243.8,123,8,3243.6,47,6,3243.5,242,6,3243.4,44,4,3243.3,48,3,3244.4,2,2,3244.9,16,1,3245.0,787,18,3245.2,36,2,3245.3,25,2
11536,2025-12-30 09:47:35+05:30,3244.4,1,3246.12,98690,90513.0,104520.0,3250.0,3253.0,3239.8,3251.5,41393975,3576.6,2926.4,4322.95,2866.6,3243.8,123,8,3243.7,1,1,3243.6,222,7,3243.5,67,5,3243.4,44,4,3244.4,6,1,3245.0,422,16,3245.2,20,1,3245.3,25,2,3245.4,31,3
11536,2025-12-30 09:47:36+05:30,3244.4,1,3246.12,98690,90513.0,104520.0,3250.0,3253.0,3239.8,3251.5,41393975,3576.6,2926.4,4322.95,2866.6,3243.8,123,8,3243.7,1,1,3243.6,222,7,3243.5,67,5,3243.4,44,4,3244.4,6,1,3245.0,422,16,3245.2,20,1,3245.3,25,2,3245.4,31,3
11536,2025-12-30 09:47:36+05:30,3244.4,1,3246.12,98690,90513.0,104527.0,3250.0,3253.0,3239.8,3251.5,41393975,3576.6,2926.4,4322.95,2866.6,3243.8,117,7,3243.7,7,2,3243.6,222,7,3243.5,67,5,3243.4,44,4,3244.4,6,1,3245.0,422,16,3245.2,20,1,3245.3,25,2,3245.4,31,3
11536,2025-12-30 09:47:37+05:30,3244.4,1,3246.12,98691,90700.0,104269.0,3250.0,3253.0,3239.8,3251.5,41393975,3576.6,2926.4,4322.95,2866.6,3243.9,53,4,3243.8,80,5,3243.7,25,3,3243.6,222,7,3243.5,67,5,3244.4,5,1,3245.0,172,15,3245.2,20,1,3245.3,25,2,3245.4,31,3
11536,2025-12-30 09:47:38+05:30,3244.4,1,3246.12,98691,90700.0,104269.0,3250.0,3253.0,3239.8,3251.5,41393975,3576.6,2926.4,4322.95,2866.6,3243.9,53,4,3243.8,80,5,3243.7,25,3,3243.6,222,7,3243.5,67,5,3244.4,5,1,3245.0,172,15,3245.2,20,1,3245.3,25,2,3245.4,31,3
11536,2025-12-30 09:47:38+05:30,3244.4,1,3246.12,98691,89872.0,104885.0,3250.0,3253.0,3239.8,3251.5,41393975,3576.6,2926.4,4322.95,2866.6,3243.9,6,1,3243.8,86,4,3243.7,1,1,3243.6,43,5,3243.5,31,3,3244.4,5,1,3244.9,176,1,3245.0,193,16,3245.1,29,2,3245.2,234,4
11536,2025-12-30 09:47:39+05:30,3244.4,1,3246.12,98691,89987.0,104709.0,3250.0,3253.0,3239.8,3251.5,41393975,3576.6,2926.4,4322.95,2866.6,3243.9,65,4,3243.8,80,3,3243.7,1,1,3243.6,43,5,3243.5,31,3,3244.4,5,1,3245.0,193,16,3245.1,29,2,3245.2,234,4,3245.3,74,4
11536,2025-12-30 09:47:40+05:30,3244.4,1,3246.12,98691,89906.0,104689.0,3250.0,3253.0,3239.8,3251.5,41393975,3576.6,2926.4,4322.95,2866.6,3244.0,6,1,3243.9,59,3,3243.8,51,2,3243.7,1,1,3243.6,43,5,3244.4,5,1,3245.0,193,16,3245.1,29,2,3245.2,234,4,3245.3,74,4
11536,2025-12-30 09:47:41+05:30,3244.4,1,3246.12,98691,89985.0,104608.0,3250.0,3253.0,3239.8,3251.5,41393975,3576.6,2926.4,4322.95,2866.6,3244.0,6,1,3243.9,59,3,3243.8,51,2,3243.7,1,1,3243.6,62,7,3244.4,5,1,3245.0,343,17,3245.1,26,1,3245.2,20,1,3245.3,68,3
11536,2025-12-30 09:47:42+05:30,3244.4,3,3246.12,98695,90383.0,104666.0,3250.0,3253.0,3239.8,3251.5,41393975,3576.6,2926.4,4322.95,2866.6,3244.2,5,1,3243.9,53,2,3243.8,51,2,3243.7,1,1,3243.6,43,5,3244.4,3,2,3244.9,18,2,3245.0,334,16,3245.1,69,3,3245.2,20,1
11536,2025-12-30 09:47:43+05:30,3244.4,3,3246.12,98695,90383.0,104666.0,3250.0,3253.0,3239.8,3251.5,41393975,3576.6,2926.4,4322.95,2866.6,3244.2,5,1,3243.9,53,2,3243.8,51,2,3243.7,1,1,3243.6,43,5,3244.4,3,2,3244.9,18,2,3245.0,334,16,3245.1,69,3,3245.2,20,1
11536,2025-12-30 09:47:44+05:30,3244.2,2,3246.12,98699,90317.0,104670.0,3250.0,3253.0,3239.8,3251.5,41393975,3576.6,2926.4,4322.95,2866.6,3244.2,3,2,3243.9,53,2,3243.8,51,2,3243.7,1,1,3243.6,29,4,3244.4,2,2,3244.9,18,2,3245.0,332,14,3245.1,69,3,3245.2,20,1
11536,2025-12-30 09:47:44+05:30,3244.2,2,3246.12,98699,90317.0,104670.0,3250.0,3253.0,3239.8,3251.5,41393975,3576.6,2926.4,4322.95,2866.6,3244.2,3,2,3243.9,53,2,3243.8,51,2,3243.7,1,1,3243.6,29,4,3244.4,2,2,3244.9,18,2,3245.0,332,14,3245.1,69,3,3245.2,20,1
11536,2025-12-30 09:47:45+05:30,3244.2,5,3246.12,98707,90332.0,104643.0,3250.0,3253.0,3239.8,3251.5,41393975,3576.6,2926.4,4322.95,2866.6,3244.2,50,2,3243.9,53,2,3243.8,51,2,3243.7,1,1,3243.6,42,5,3244.4,3,3,3244.9,18,2,3245.0,335,12,3245.1,38,2,3245.2,26,2
11536,2025-12-30 09:47:45+05:30,3244.4,1,3246.12,98707,90332.0,104643.0,3250.0,3253.0,3239.8,3251.5,41393975,3576.6,2926.4,4322.95,2866.6,3244.2,50,2,3243.9,53,2,3243.8,51,2,3243.7,1,1,3243.6,42,5,3244.4,3,3,3244.9,18,2,3245.0,335,12,3245.1,38,2,3245.2,26,2
11536,2025-12-30 09:47:46+05:30,3244.2,1,3246.12,98707,90332.0,104643.0,3250.0,3253.0,3239.8,3251.5,41393975,3576.6,2926.4,4322.95,2866.6,3244.2,50,2,3243.9,53,2,3243.8,51,2,3243.7,1,1,3243.6,42,5,3244.4,3,3,3244.9,18,2,3245.0,335,12,3245.1,38,2,3245.2,26,2
11536,2025-12-30 09:47:46+05:30,3244.2,1,3246.12,98709,90322.0,104846.0,3250.0,3253.0,3239.8,3251.5,41393975,3576.6,2926.4,4322.95,2866.6,3244.2,49,2,3243.9,53,2,3243.8,51,2,3243.7,1,1,3243.6,30,4,3244.4,2,2,3244.9,18,2,3245.0,344,13,3245.1,38,2,3245.2,221,5
11536,2025-12-30 09:47:47+05:30,3244.4,1,3246.12,98709,90322.0,104846.0,3250.0,3253.0,3239.8,3251.5,41393975,3576.6,2926.4,4322.95,2866.6,3244.2,49,2,3243.9,53,2,3243.8,51,2,3243.7,1,1,3243.6,30,4,3244.4,2,2,3244.9,18,2,3245.0,344,13,3245.1,38,2,3245.2,221,5
11536,2025-12-30 09:47:47+05:30,3244.4,1,3246.12,98710,89818.0,105110.0,3250.0,3253.0,3239.8,3251.5,41393975,3576.6,2926.4,4322.95,2866.6,3244.3,6,1,3244.2,43,1,3243.9,53,2,3243.8,51,2,3243.7,1,1,3244.4,1,1,3244.9,24,3,3245.0,502,12,3245.1,81,4,3245.2,236,6
11536,2025-12-30 09:47:48+05:30,3244.3,1,3246.12,98710,89818.0,105110.0,3250.0,3253.0,3239.8,3251.5,41393975,3576.6,2926.4,4322.95,2866.6,3244.3,6,1,3244.2,43,1,3243.9,53,2,3243.8,51,2,3243.7,1,1,3244.4,1,1,3244.9,24,3,3245.0,502,12,3245.1,81,4,3245.2,236,6
11536,2025-12-30 09:47:48+05:30,3244.3,1,3246.12,98711,90142.0,103629.0,3250.0,3253.0,3239.8,3251.5,41393975,3576.6,2926.4,4322.95,2866.6,3244.3,6,2,3244.2,47,3,3243.9,53,2,3243.8,51,2,3243.7,1,1,3244.9,24,3,3245.0,325,11,3245.1,38,2,3245.2,216,5,3245.3,25,2
11536,2025-12-30 09:47:49+05:30,3244.9,1,3246.12,98711,90142.0,103629.0,3250.0,3253.0,3239.8,3251.5,41393975,3576.6,2926.4,4322.95,2866.6,3244.3,6,2,3244.2,47,3,3243.9,53,2,3243.8,51,2,3243.7,1,1,3244.9,24,3,3245.0,325,11,3245.1,38,2,3245.2,216,5,3245.3,25,2
11536,2025-12-30 09:47:49+05:30,3244.9,1,3246.12,98727,90723.0,102971.0,3250.0,3253.0,3239.8,3251.5,41393975,3576.6,2926.4,4322.95,2866.6,3244.9,8,1,3244.8,5,1,3244.3,54,2,3244.2,47,3,3244.0,55,2,3245.0,317,11,3245.3,1,1,3245.4,32,2,3245.5,9,2,3245.6,262,8
11536,2025-12-30 09:47:50+05:30,3244.9,1,3246.12,98727,91093.0,103166.0,3250.0,3253.0,3239.8,3251.5,41393975,3576.6,2926.4,4322.95,2866.6,3244.9,8,1,3244.8,5,1,3244.3,54,2,3244.2,47,3,3244.0,55,2,3245.0,317,11,3245.3,7,2,3245.4,32,2,3245.5,12,2,3245.6,268,9
11536,2025-12-30 09:47:51+05:30,3245.0,1,3246.12,98727,91093.0,103166.0,3250.0,3253.0,3239.8,3251.5,41393975,3576.6,2926.4,4322.95,2866.6,3244.9,8,1,3244.8,5,1,3244.3,54,2,3244.2,47,3,3244.0,55,2,3245.0,317,11,3245.3,7,2,3245.4,32,2,3245.5,12,2,3245.6,268,9
11536,2025-12-30 09:47:51+05:30,3245.0,1,3246.12,98728,91279.0,103280.0,3250.0,3253.0,3239.8,3251.5,41393975,3576.6,2926.4,4322.95,2866.6,3244.9,13,2,3244.3,54,2,3244.2,47,3,3244.0,55,2,3243.9,62,3,3245.0,575,12,3245.1,6,1,3245.3,6,2,3245.4,15,2,3245.5,3,1
11536,2025-12-30 09:47:52+05:30,3244.9,2,3246.12,98728,91279.0,103280.0,3250.0,3253.0,3239.8,3251.5,41393975,3576.6,2926.4,4322.95,2866.6,3244.9,13,2,3244.3,54,2,3244.2,47,3,3244.0,55,2,3243.9,62,3,3245.0,575,12,3245.1,6,1,3245.3,6,2,3245.4,15,2,3245.5,3,1
11536,2025-12-30 09:47:52+05:30,3244.9,2,3246.12,98730,91226.0,103279.0,3250.0,3253.0,3239.8,3251.5,41393975,3576.6,2926.4,4322.95,2866.6,3244.9,11,2,3244.4,3,2,3244.3,54,2,3244.2,47,3,3244.0,1,1,3245.0,574,11,3245.1,6,1,3245.3,6,2,3245.4,15,2,3245.5,9,2
11536,2025-12-30 09:47:53+05:30,3244.9,2,3246.12,98730,91581.0,103271.0,3250.0,3253.0,3239.8,3251.5,41393975,3576.6,2926.4,4322.95,2866.6,3244.9,11,2,3244.4,3,2,3244.3,54,2,3244.2,47,3,3244.0,27,2,3245.0,574,11,3245.3,1,1,3245.5,9,2,3245.6,85,7,3245.7,10,2
11536,2025-12-30 09:47:54+05:30,3244.9,2,3246.12,98732,91631.0,103277.0,3250.0,3253.0,3239.8,3251.5,41393975,3576.6,2926.4,4322.95,2866.6,3244.9,18,3,3244.4,3,2,3244.3,54,2,3244.2,47,3,3244.0,27,2,3245.0,574,11,3245.3,1,1,3245.4,9,1,3245.5,9,2,3245.6,85,7
11536,2025-12-30 09:47:55+05:30,3245.0,1,3246.12,98732,91631.0,103277.0,3250.0,3253.0,3239.8,3251.5,41393975,3576.6,2926.4,4322.95,2866.6,3244.9,18,3,3244.4,3,2,3244.3,54,2,3244.2,47,3,3244.0,27,2,3245.0,574,11,3245.3,1,1,3245.4,9,1,3245.5,9,2,3245.6,85,7
11536,2025-12-30 09:47:55+05:30,3244.9,1,3246.12,98739,91483.0,103309.0,3250.0,3253.0,3239.8,3251.5,41393975,3576.6,2926.4,4322.95,2866.6,3244.9,60,3,3244.4,3,2,3244.3,1,1,3244.2,4,2,3244.0,27,2,3245.0,588,14,3245.3,1,1,3245.4,9,1,3245.5,15,3,3245.6,70,6
11536,2025-12-30 09:47:56+05:30,3244.9,1,3246.12,98739,91483.0,103309.0,3250.0,3253.0,3239.8,3251.5,41393975,3576.6,2926.4,4322.95,2866.6,3244.9,60,3,3244.4,3,2,3244.3,1,1,3244.2,4,2,3244.0,27,2,3245.0,588,14,3245.3,1,1,3245.4,9,1,3245.5,15,3,3245.6,70,6
11536,2025-12-30 09:47:56+05:30,3244.9,1,3246.12,98739,91490.0,103277.0,3250.0,3253.0,3239.8,3251.5,41393975,3576.6,2926.4,4322.95,2866.6,3244.9,60,3,3244.4,10,4,3244.3,1,1,3244.2,4,2,3244.0,27,2,3245.0,589,15,3245.3,1,1,3245.4,6,1,3245.5,9,2,3245.6,70,6
11536,2025-12-30 09:47:57+05:30,3244.9,1,3246.12,98740,91446.0,103310.0,3250.0,3253.0,3239.8,3251.5,41393975,3576.6,2926.4,4322.95,2866.6,3244.9,59,3,3244.4,10,4,3244.3,1,1,3244.2,4,2,3244.0,27,2,3245.0,589,15,3245.3,1,1,3245.4,6,1,3245.5,9,2,3245.6,70,6
11536,2025-12-30 09:47:58+05:30,3244.9,1,3246.12,98740,91446.0,103310.0,3250.0,3253.0,3239.8,3251.5,41393975,3576.6,2926.4,4322.95,2866.6,3244.9,59,3,3244.4,10,4,3244.3,1,1,3244.2,4,2,3244.0,27,2,3245.0,589,15,3245.3,1,1,3245.4,6,1,3245.5,9,2,3245.6,70,6
11536,2025-12-30 09:47:59+05:30,3244.9,1,3246.12,98766,91656.0,103352.0,3250.0,3253.0,3239.8,3251.5,41393975,3576.6,2926.4,4322.95,2866.6,3244.9,58,3,3244.4,10,4,3244.3,1,1,3244.2,4,2,3244.0,27,2,3245.0,565,16,3245.3,1,1,3245.4,6,1,3245.5,9,2,3245.6,61,5
11536,2025-12-30 09:47:59+05:30,3244.9,1,3246.12,98766,91656.0,103352.0,3250.0,3253.0,3239.8,3251.5,41393975,3576.6,2926.4,4322.95,2866.6,3244.9,58,3,3244.4,10,4,3244.3,1,1,3244.2,4,2,3244.0,27,2,3245.0,565,16,3245.3,1,1,3245.4,6,1,3245.5,9,2,3245.6,61,5
11536,2025-12-30 09:48:00+05:30,3244.9,1,3246.12,98766,91656.0,103358.0,3250.0,3253.0,3239.8,3251.5,41393975,3576.6,2926.4,4322.95,2866.6,3244.9,58,3,3244.4,10,4,3244.3,1,1,3244.2,4,2,3244.0,27,2,3245.0,565,16,3245.2,6,1,3245.3,10,2,3245.4,12,2,3245.5,3,1
11536,2025-12-30 09:48:01+05:30,3244.9,1,3246.12,98766,91656.0,103358.0,3250.0,3253.0,3239.8,3251.5,41393975,3576.6,2926.4,4322.95,2866.6,3244.9,58,3,3244.4,10,4,3244.3,1,1,3244.2,4,2,3244.0,27,2,3245.0,565,16,3245.2,6,1,3245.3,10,2,3245.4,12,2,3245.5,3,1
11536,2025-12-30 09:48:01+05:30,3245.0,1,3246.12,98826,91662.0,103386.0,3250.0,3253.0,3239.8,3251.5,41393975,3576.6,2926.4,4322.95,2866.6,3244.9,6,1,3244.4,10,4,3244.3,1,1,3244.2,4,2,3243.9,13,2,3245.0,739,18,3245.1,3,1,3245.2,53,4,3245.3,25,3,3245.4,55,4
11536,2025-12-30 09:48:02+05:30,3244.9,12,3246.12,98826,91662.0,103386.0,3250.0,3253.0,3239.8,3251.5,41393975,3576.6,2926.4,4322.95,2866.6,3244.9,6,1,3244.4,10,4,3244.3,1,1,3244.2,4,2,3243.9,13,2,3245.0,739,18,3245.1,3,1,3245.2,53,4,3245.3,25,3,3245.4,55,4
11536,2025-12-30 09:48:02+05:30,3244.9,12,3246.12,98874,91657.0,103332.0,3250.0,3253.0,3239.8,3251.5,41393975,3576.6,2926.4,4322.95,2866.6,3244.4,10,4,3244.3,11,2,3244.2,4,2,3243.9,4,1,3243.8,194,3,3244.8,2,2,3245.0,741,19,3245.3,16,2,3245.4,70,4,3245.5,3,1
11536,2025-12-30 09:48:03+05:30,3244.8,1,3246.12,98876,91417.0,103521.0,3250.0,3253.0,3239.8,3251.5,41393975,3576.6,2926.4,4322.95,2866.6,3244.4,10,4,3244.3,16,3,3244.2,4,2,3243.9,68,3,3243.8,6,1,3244.8,2,2,3245.0,741,19,3245.3,16,2,3245.4,76,5,3245.5,15,3
11536,2025-12-30 09:48:04+05:30,3244.4,1,3246.12,98876,91417.0,103521.0,3250.0,3253.0,3239.8,3251.5,41393975,3576.6,2926.4,4322.95,2866.6,3244.4,10,4,3244.3,16,3,3244.2,4,2,3243.9,68,3,3243.8,6,1,3244.8,2,2,3245.0,741,19,3245.3,16,2,3245.4,76,5,3245.5,15,3
11536,2025-12-30 09:48:04+05:30,3244.4,4,3246.12,98885,91347.0,103427.0,3250.0,3253.0,3239.8,3251.5,41393975,3576.6,2926.4,4322.95,2866.6,3244.4,1,1,3244.3,16,3,3244.2,4,2,3243.9,4,1,3243.8,6,1,3244.8,2,2,3245.0,480,16,3245.3,19,3,3245.4,109,6,3245.5,15,3
11536,2025-12-30 09:48:05+05:30,3244.8,1,3246.12,98885,91347.0,103427.0,3250.0,3253.0,3239.8,3251.5,41393975,3576.6,2926.4,4322.95,2866.6,3244.4,1,1,3244.3,16,3,3244.2,4,2,3243.9,4,1,3243.8,6,1,3244.8,2,2,3245.0,480,16,3245.3,19,3,3245.4,109,6,3245.5,15,3
11536,2025-12-30 09:48:05+05:30,3244.8,1,3246.12,98895,91761.0,103302.0,3250.0,3253.0,3239.8,3251.5,41393975,3576.6,2926.4,4322.95,2866.6,3244.4,5,1,3244.3,11,2,3244.2,4,2,3243.9,4,1,3243.8,32,2,3244.8,15,2,3244.9,1,1,3245.0,466,15,3245.2,4,2,3245.3,1,1
11536,2025-12-30 09:48:06+05:30,3244.8,4,3246.12,98895,91761.0,103302.0,3250.0,3253.0,3239.8,3251.5,41393975,3576.6,2926.4,4322.95,2866.6,3244.4,5,1,3244.3,11,2,3244.2,4,2,3243.9,4,1,3243.8,32,2,3244.8,15,2,3244.9,1,1,3245.0,466,15,3245.2,4,2,3245.3,1,1
11536,2025-12-30 09:48:06+05:30,3244.8,1,3246.12,98900,92399.0,101675.0,3250.0,3253.0,3239.8,3251.5,41393975,3576.6,2926.4,4322.95,2866.6,3244.4,23,4,3244.3,11,2,3244.2,17,4,3244.1,33,1,3244.0,74,3,3244.8,11,3,3244.9,1,1,3245.0,466,15,3245.2,1,1,3245.3,1,1
11536,2025-12-30 09:48:07+05:30,3244.8,1,3246.12,98900,92399.0,101675.0,3250.0,3253.0,3239.8,3251.5,41393975,3576.6,2926.4,4322.95,2866.6,3244.4,23,4,3244.3,11,2,3244.2,17,4,3244.1,33,1,3244.0,74,3,3244.8,11,3,3244.9,1,1,3245.0,466,15,3245.2,1,1,3245.3,1,1
11536,2025-12-30 09:48:07+05:30,3244.8,1,3246.12,98900,92361.0,102885.0,3250.0,3253.0,3239.8,3251.5,41393975,3576.6,2926.4,4322.95,2866.6,3244.4,20,3,3244.3,11,2,3244.2,12,3,3244.0,79,5,3243.9,171,2,3244.8,12,4,3244.9,1,1,3245.0,466,15,3245.2,1,1,3245.3,1,1
11536,2025-12-30 09:48:08+05:30,3245.0,12,3246.12,98927,92840.0,102816.0,3250.0,3253.0,3239.8,3251.5,41393975,3576.6,2926.4,4322.95,2866.6,3244.6,3,1,3244.4,10,1,3244.3,11,2,3244.2,12,3,3244.0,71,3,3245.0,454,15,3245.2,1,1,3245.3,1,1,3245.4,21,1,3245.5,3,1
11536,2025-12-30 09:48:09+05:30,3245.0,12,3246.12,98927,92840.0,102816.0,3250.0,3253.0,3239.8,3251.5,41393975,3576.6,2926.4,4322.95,2866.6,3244.6,3,1,3244.4,10,1,3244.3,11,2,3244.2,12,3,3244.0,71,3,3245.0,454,15,3245.2,1,1,3245.3,1,1,3245.4,21,1,3245.5,3,1
11536,2025-12-30 09:48:09+05:30,3245.0,12,3246.12,98927,93085.0,102796.0,3250.0,3253.0,3239.8,3251.5,41393975,3576.6,2926.4,4322.95,2866.6,3244.6,3,1,3244.4,18,2,3244.3,11,2,3244.2,12,3,3244.1,18,2,3244.8,8,1,3245.0,456,17,3245.2,1,1,3245.3,1,1,3245.4,21,1
11536,2025-12-30 09:48:10+05:30,3245.0,12,3246.12,98927,93235.0,102766.0,3250.0,3253.0,3239.8,3251.5,41393975,3576.6,2926.4,4322.95,2866.6,3244.7,3,1,3244.4,18,2,3244.3,11,2,3244.2,12,3,3244.1,18,2,3244.8,8,1,3245.0,456,17,3245.2,1,1,3245.3,1,1,3245.5,3,1
11536,2025-12-30 09:48:12+05:30,3244.7,1,3246.12,98927,93235.0,102766.0,3250.0,3253.0,3239.8,3251.5,41393975,3576.6,2926.4,4322.95,2866.6,3244.7,3,1,3244.4,18,2,3244.3,11,2,3244.2,12,3,3244.1,18,2,3244.8,8,1,3245.0,456,17,3245.2,1,1,3245.3,1,1,3245.5,3,1
11536,2025-12-30 09:48:12+05:30,3244.7,1,3246.12,98931,93281.0,102765.0,3250.0,3253.0,3239.8,3251.5,41393975,3576.6,2926.4,4322.95,2866.6,3244.7,51,3,3244.5,8,1,3244.4,10,1,3244.3,11,2,3244.2,14,4,3244.8,8,1,3245.0,455,16,3245.2,1,1,3245.3,1,1,3245.5,3,1
11536,2025-12-30 09:48:13+05:30,3244.7,5,3246.12,98931,93281.0,102765.0,3250.0,3253.0,3239.8,3251.5,41393975,3576.6,2926.4,4322.95,2866.6,3244.7,51,3,3244.5,8,1,3244.4,10,1,3244.3,11,2,3244.2,14,4,3244.8,8,1,3245.0,455,16,3245.2,1,1,3245.3,1,1,3245.5,3,1
11536,2025-12-30 09:48:13+05:30,3244.7,5,3246.12,98938,93300.0,102764.0,3250.0,3253.0,3239.8,3251.5,41393975,3576.6,2926.4,4322.95,2866.6,3244.7,46,3,3244.5,8,1,3244.4,10,1,3244.3,11,2,3244.2,14,4,3244.8,7,2,3245.0,455,16,3245.2,1,1,3245.3,1,1,3245.5,3,1
11536,2025-12-30 09:48:14+05:30,3244.7,5,3246.12,98938,93310.0,102708.0,3250.0,3253.0,3239.8,3251.5,41393975,3576.6,2926.4,4322.95,2866.6,3244.7,46,3,3244.4,10,1,3244.3,11,2,3244.2,14,4,3244.0,246,4,3244.8,7,2,3245.0,456,17,3245.2,7,2,3245.3,1,1,3245.4,9,1
11536,2025-12-30 09:48:15+05:30,3244.8,1,3246.12,98938,93310.0,102708.0,3250.0,3253.0,3239.8,3251.5,41393975,3576.6,2926.4,4322.95,2866.6,3244.7,46,3,3244.4,10,1,3244.3,11,2,3244.2,14,4,3244.0,246,4,3244.8,7,2,3245.0,456,17,3245.2,7,2,3245.3,1,1,3245.4,9,1
11536,2025-12-30 09:48:15+05:30,3244.8,1,3246.12,98939,93302.0,102763.0,3250.0,3253.0,3239.8,3251.5,41393975,3576.6,2926.4,4322.95,2866.6,3244.7,46,3,3244.4,10,1,3244.3,11,2,3244.2,4,2,3244.0,246,4,3244.8,20,3,3245.0,456,17,3245.2,7,2,3245.3,1,1,3245.4,9,1
11536,2025-12-30 09:48:16+05:30,3244.7,2,3246.12,98939,93302.0,102763.0,3250.0,3253.0,3239.8,3251.5,41393975,3576.6,2926.4,4322.95,2866.6,3244.7,46,3,3244.4,10,1,3244.3,11,2,3244.2,4,2,3244.0,246,4,3244.8,20,3,3245.0,456,17,3245.2,7,2,3245.3,1,1,3245.4,9,1
11536,2025-12-30 09:48:16+05:30,3244.8,1,3246.12,98986,92808.0,102885.0,3250.0,3253.0,3239.8,3251.5,41393975,3576.6,2926.4,4322.95,2866.6,3244.7,7,2,3244.3,11,2,3244.2,4,2,3244.0,63,2,3243.9,65,2,3244.8,19,3,3244.9,5,1,3245.0,456,17,3245.2,27,4,3245.3,88,6
11536,2025-12-30 09:48:17+05:30,3244.8,1,3246.12,98986,92808.0,102885.0,3250.0,3253.0,3239.8,3251.5,41393975,3576.6,2926.4,4322.95,2866.6,3244.7,7,2,3244.3,11,2,3244.2,4,2,3244.0,63,2,3243.9,65,2,3244.8,19,3,3244.9,5,1,3245.0,456,17,3245.2,27,4,3245.3,88,6
11536,2025-12-30 09:48:17+05:30,3244.8,1,3246.12,98987,92893.0,102891.0,3250.0,3253.0,3239.8,3251.5,41393975,3576.6,2926.4,4322.95,2866.6,3244.7,16,3,3244.3,1,1,3244.2,4,2,3244.0,63,2,3243.9,65,2,3244.8,18,3,3244.9,3,1,3245.0,464,18,3245.2,64,6,3245.3,51,4
11536,2025-12-30 09:48:18+05:30,3244.8,1,3246.12,98987,92893.0,102891.0,3250.0,3253.0,3239.8,3251.5,41393975,3576.6,2926.4,4322.95,2866.6,3244.7,16,3,3244.3,1,1,3244.2,4,2,3244.0,63,2,3243.9,65,2,3244.8,18,3,3244.9,3,1,3245.0,464,18,3245.2,64,6,3245.3,51,4
11536,2025-12-30 09:48:18+05:30,3244.8,1,3246.12,98988,92893.0,102862.0,3250.0,3253.0,3239.8,3251.5,41393975,3576.6,2926.4,4322.95,2866.6,3244.7,7,2,3244.3,10,2,3244.2,4,2,3244.0,63,2,3243.9,65,2,3244.8,17,3,3244.9,3,1,3245.0,464,18,3245.2,64,6,3245.3,51,4
11536,2025-12-30 09:48:19+05:30,3245.0,1,3246.12,98988,92893.0,102862.0,3250.0,3253.0,3239.8,3251.5,41393975,3576.6,2926.4,4322.95,2866.6,3244.7,7,2,3244.3,10,2,3244.2,4,2,3244.0,63,2,3243.9,65,2,3244.8,17,3,3244.9,3,1,3245.0,464,18,3245.2,64,6,3245.3,51,4
11536,2025-12-30 09:48:19+05:30,3245.0,1,3246.12,99015,92917.0,102920.0,3250.0,3253.0,3239.8,3251.5,41393975,3576.6,2926.4,4322.95,2866.6,3244.7,6,2,3244.3,10,2,3244.2,4,2,3244.1,26,1,3244.0,63,2,3245.0,456,19,3245.2,1,1,3245.3,6,2,3245.4,24,2,3245.5,44,5
11536,2025-12-30 09:48:20+05:30,3245.0,1,3246.12,99015,92917.0,102920.0,3250.0,3253.0,3239.8,3251.5,41393975,3576.6,2926.4,4322.95,2866.6,3244.7,6,2,3244.3,10,2,3244.2,4,2,3244.1,26,1,3244.0,63,2,3245.0,456,19,3245.2,1,1,3245.3,6,2,3245.4,24,2,3245.5,44,5
11536,2025-12-30 09:48:20+05:30,3245.0,1,3246.12,99015,92946.0,102896.0,3250.0,3253.0,3239.8,3251.5,41393975,3576.6,2926.4,4322.95,2866.6,3244.9,4,1,3244.7,2,1,3244.3,11,2,3244.2,4,2,3244.1,26,1,3245.0,456,19,3245.2,7,2,3245.3,14,3,3245.4,24,2,3245.5,32,3
11536,2025-12-30 09:48:21+05:30,3245.0,1,3246.12,99015,92946.0,102896.0,3250.0,3253.0,3239.8,3251.5,41393975,3576.6,2926.4,4322.95,2866.6,3244.9,4,1,3244.7,2,1,3244.3,11,2,3244.2,4,2,3244.1,26,1,3245.0,456,19,3245.2,7,2,3245.3,14,3,3245.4,24,2,3245.5,32,3
11536,2025-12-30 09:48:21+05:30,3245.0,23,3246.12,99160,92973.0,102467.0,3250.0,3253.0,3239.8,3251.5,41393975,3576.6,2926.4,4322.95,2866.6,3244.9,4,1,3244.7,12,2,3244.3,1,1,3244.2,12,3,3244.1,27,2,3245.0,315,14,3245.2,1,1,3245.3,1,1,3245.5,3,1,3245.6,80,5
11536,2025-12-30 09:48:22+05:30,3245.0,23,3246.12,99160,92973.0,102467.0,3250.0,3253.0,3239.8,3251.5,41393975,3576.6,2926.4,4322.95,2866.6,3244.9,4,1,3244.7,12,2,3244.3,1,1,3244.2,12,3,3244.1,27,2,3245.0,315,14,3245.2,1,1,3245.3,1,1,3245.5,3,1,3245.6,80,5
11536,2025-12-30 09:48:22+05:30,3244.9,4,3246.12,99164,93009.0,102515.0,3250.0,3253.0,3239.8,3251.5,41393975,3576.6,2926.4,4322.95,2866.6,3244.9,5,1,3244.7,2,1,3244.3,12,2,3244.2,4,2,3244.1,53,3,3245.0,322,15,3245.2,1,1,3245.3,1,1,3245.5,11,2,3245.6,80,5
11536,2025-12-30 09:48:23+05:30,3244.9,4,3246.12,99164,93009.0,102515.0,3250.0,3253.0,3239.8,3251.5,41393975,3576.6,2926.4,4322.95,2866.6,3244.9,5,1,3244.7,2,1,3244.3,12,2,3244.2,4,2,3244.1,53,3,3245.0,322,15,3245.2,1,1,3245.3,1,1,3245.5,11,2,3245.6,80,5
11536,2025-12-30 09:48:23+05:30,3244.9,4,3246.12,99164,93047.0,102916.0,3250.0,3253.0,3239.8,3251.5,41393975,3576.6,2926.4,4322.95,2866.6,3244.9,5,1,3244.7,12,2,3244.3,1,1,3244.2,4,2,3244.1,27,2,3245.0,579,16,3245.2,1,1,3245.3,14,3,3245.5,3,1,3245.6,118,7
11536,2025-12-30 09:48:24+05:30,3244.9,20,3246.12,99184,93227.0,102944.0,3250.0,3253.0,3239.8,3251.5,41393975,3576.6,2926.4,4322.95,2866.6,3244.7,12,2,3244.3,1,1,3244.2,4,2,3244.1,27,2,3244.0,97,4,3244.8,2,1,3245.0,576,15,3245.2,1,1,3245.3,1,1,3245.5,3,1
11536,2025-12-30 09:48:25+05:30,3244.8,1,3246.12,99184,93227.0,102944.0,3250.0,3253.0,3239.8,3251.5,41393975,3576.6,2926.4,4322.95,2866.6,3244.7,12,2,3244.3,1,1,3244.2,4,2,3244.1,27,2,3244.0,97,4,3244.8,2,1,3245.0,576,15,3245.2,1,1,3245.3,1,1,3245.5,3,1
11536,2025-12-30 09:48:25+05:30,3244.8,1,3246.12,99185,93215.0,102967.0,3250.0,3253.0,3239.8,3251.5,41393975,3576.6,2926.4,4322.95,2866.6,3244.7,2,1,3244.3,11,2,3244.2,4,2,3244.1,27,2,3244.0,89,3,3244.8,2,2,3245.0,576,15,3245.2,1,1,3245.3,9,2,3245.5,3,1
11536,2025-12-30 09:48:27+05:30,3245.0,20,3246.12,99212,93022.0,102884.0,3250.0,3253.0,3239.8,3251.5,41393975,3576.6,2926.4,4322.95,2866.6,3244.7,12,2,3244.3,1,1,3244.2,4,2,3244.1,27,2,3244.0,63,2,3245.0,556,15,3245.2,1,1,3245.3,1,1,3245.4,44,3,3245.5,3,1
11536,2025-12-30 09:48:27+05:30,3245.0,20,3246.12,99212,93022.0,102884.0,3250.0,3253.0,3239.8,3251.5,41393975,3576.6,2926.4,4322.95,2866.6,3244.7,12,2,3244.3,1,1,3244.2,4,2,3244.1,27,2,3244.0,63,2,3245.0,556,15,3245.2,1,1,3245.3,1,1,3245.4,44,3,3245.5,3,1
11536,2025-12-30 09:48:29+05:30,3245.0,24,3246.12,99237,93058.0,102707.0,3250.0,3253.0,3239.8,3251.5,41393975,3576.6,2926.4,4322.95,2866.6,3244.7,13,2,3244.4,8,1,3244.3,1,1,3244.2,12,3,3244.1,32,3,3245.0,535,19,3245.2,1,1,3245.5,3,1,3245.6,28,3,3245.7,7,1
11536,2025-12-30 09:48:30+05:30,3244.7,1,3246.12,99237,93058.0,102707.0,3250.0,3253.0,3239.8,3251.5,41393975,3576.6,2926.4,4322.95,2866.6,3244.7,13,2,3244.4,8,1,3244.3,1,1,3244.2,12,3,3244.1,32,3,3245.0,535,19,3245.2,1,1,3245.5,3,1,3245.6,28,3,3245.7,7,1
11536,2025-12-30 09:48:33+05:30,3244.7,2,3246.12,99237,93058.0,102707.0,3250.0,3253.0,3239.8,3251.5,41393975,3576.6,2926.4,4322.95,2866.6,3244.7,13,2,3244.4,8,1,3244.3,1,1,3244.2,12,3,3244.1,32,3,3245.0,535,19,3245.2,1,1,3245.5,3,1,3245.6,28,3,3245.7,7,1
11536,2025-12-30 09:48:35+05:30,3245.0,1,3246.12,99253,93539.0,102525.0,3250.0,3253.0,3239.8,3251.5,41393975,3576.6,2926.4,4322.95,2866.6,3244.8,7,1,3244.7,1,1,3244.3,11,2,3244.2,4,2,3244.1,263,4,3245.0,545,22,3245.2,1,1,3245.5,13,2,3245.6,59,4,3245.7,7,1
11536,2025-12-30 09:48:36+05:30,3245.0,1,3246.12,99253,93539.0,102525.0,3250.0,3253.0,3239.8,3251.5,41393975,3576.6,2926.4,4322.95,2866.6,3244.8,7,1,3244.7,1,1,3244.3,11,2,3244.2,4,2,3244.1,263,4,3245.0,545,22,3245.2,1,1,3245.5,13,2,3245.6,59,4,3245.7,7,1
11536,2025-12-30 09:48:39+05:30,3244.8,1,3246.12,99253,93539.0,102525.0,3250.0,3253.0,3239.8,3251.5,41393975,3576.6,2926.4,4322.95,2866.6,3244.8,7,1,3244.7,1,1,3244.3,11,2,3244.2,4,2,3244.1,263,4,3245.0,545,22,3245.2,1,1,3245.5,13,2,3245.6,59,4,3245.7,7,1
11536,2025-12-30 09:48:41+05:30,3245.0,1,3246.11,99383,93565.0,102363.0,3250.0,3253.0,3239.8,3251.5,41393975,3576.6,2926.4,4322.95,2866.6,3244.9,7,1,3244.8,47,1,3244.7,1,1,3244.3,11,2,3244.2,4,2,3245.0,437,21,3245.2,1,1,3245.3,8,1,3245.4,30,1,3245.5,13,2
11536,2025-12-30 09:48:42+05:30,3245.0,1,3246.11,99383,93565.0,102363.0,3250.0,3253.0,3239.8,3251.5,41393975,3576.6,2926.4,4322.95,2866.6,3244.9,7,1,3244.8,47,1,3244.7,1,1,3244.3,11,2,3244.2,4,2,3245.0,437,21,3245.2,1,1,3245.3,8,1,3245.4,30,1,3245.5,13,2
11536,2025-12-30 09:48:45+05:30,3245.0,1,3246.11,99383,93565.0,102363.0,3250.0,3253.0,3239.8,3251.5,41393975,3576.6,2926.4,4322.95,2866.6,3244.9,7,1,3244.8,47,1,3244.7,1,1,3244.3,11,2,3244.2,4,2,3245.0,437,21,3245.2,1,1,3245.3,8,1,3245.4,30,1,3245.5,13,2
11536,2025-12-30 09:48:48+05:30,3244.9,1,3246.11,99383,93565.0,102363.0,3250.0,3253.0,3239.8,3251.5,41393975,3576.6,2926.4,4322.95,2866.6,3244.9,7,1,3244.8,47,1,3244.7,1,1,3244.3,11,2,3244.2,4,2,3245.0,437,21,3245.2,1,1,3245.3,8,1,3245.4,30,1,3245.5,13,2
11536,2025-12-30 09:48:48+05:30,3244.9,1,3246.11,99394,93447.0,102457.0,3250.0,3253.0,3239.8,3251.5,41393975,3576.6,2926.4,4322.95,2866.6,3244.9,56,3,3244.8,47,1,3244.7,1,1,3244.3,1,1,3244.2,4,2,3245.0,327,20,3245.2,13,3,3245.3,5,1,3245.4,8,1,3245.5,13,2
11536,2025-12-30 09:48:51+05:30,3244.0,1,3246.11,99394,93447.0,102457.0,3250.0,3253.0,3239.8,3251.5,41393975,3576.6,2926.4,4322.95,2866.6,3244.9,56,3,3244.8,47,1,3244.7,1,1,3244.3,1,1,3244.2,4,2,3245.0,327,20,3245.2,13,3,3245.3,5,1,3245.4,8,1,3245.5,13,2
11536,2025-12-30 09:48:54+05:30,3243.8,12,3246.11,99394,93447.0,102457.0,3250.0,3253.0,3239.8,3251.5,41393975,3576.6,2926.4,4322.95,2866.6,3244.9,56,3,3244.8,47,1,3244.7,1,1,3244.3,1,1,3244.2,4,2,3245.0,327,20,3245.2,13,3,3245.3,5,1,3245.4,8,1,3245.5,13,2
11536,2025-12-30 09:48:54+05:30,3243.8,11,3246.11,99795,89488.0,106106.0,3250.0,3253.0,3239.8,3251.5,41393975,3576.6,2926.4,4322.95,2866.6,3243.8,6,1,3243.7,1,1,3243.6,8,2,3243.5,26,3,3243.3,2,1,3244.2,39,9,3244.3,12,1,3244.4,15,2,3244.5,27,3,3244.6,75,5
11536,2025-12-30 09:48:57+05:30,3243.8,6,3246.11,99795,89488.0,106106.0,3250.0,3253.0,3239.8,3251.5,41393975,3576.6,2926.4,4322.95,2866.6,3243.8,6,1,3243.7,1,1,3243.6,8,2,3243.5,26,3,3243.3,2,1,3244.2,39,9,3244.3,12,1,3244.4,15,2,3244.5,27,3,3244.6,75,5
11536,2025-12-30 09:49:00+05:30,3243.8,1,3246.11,99795,89488.0,106106.0,3250.0,3253.0,3239.8,3251.5,41393975,3576.6,2926.4,4322.95,2866.6,3243.8,6,1,3243.7,1,1,3243.6,8,2,3243.5,26,3,3243.3,2,1,3244.2,39,9,3244.3,12,1,3244.4,15,2,3244.5,27,3,3244.6,75,5
11536,2025-12-30 09:49:00+05:30,3243.8,1,3246.11,99810,89737.0,106170.0,3250.0,3253.0,3239.8,3251.5,41393975,3576.6,2926.4,4322.95,2866.6,3243.8,5,1,3243.7,1,1,3243.6,17,3,3243.5,26,3,3243.3,2,1,3244.2,85,13,3244.3,12,1,3244.4,30,3,3244.5,27,3,3244.6,73,5
11536,2025-12-30 09:49:03+05:30,3243.8,1,3246.11,99810,89737.0,106170.0,3250.0,3253.0,3239.8,3251.5,41393975,3576.6,2926.4,4322.95,2866.6,3243.8,5,1,3243.7,1,1,3243.6,17,3,3243.5,26,3,3243.3,2,1,3244.2,85,13,3244.3,12,1,3244.4,30,3,3244.5,27,3,3244.6,73,5
11536,2025-12-30 09:49:06+05:30,3244.0,15,3246.11,99940,89028.0,105639.0,3250.0,3253.0,3239.8,3251.5,41393975,3576.6,2926.4,4322.95,2866.6,3244.0,9,1,3243.8,13,3,3243.7,1,1,3243.6,8,2,3243.5,26,3,3244.2,86,5,3244.4,24,4,3244.5,18,2,3244.6,39,4,3244.7,24,3
11536,2025-12-30 09:49:07+05:30,3244.6,7,3246.11,99940,89028.0,105639.0,3250.0,3253.0,3239.8,3251.5,41393975,3576.6,2926.4,4322.95,2866.6,3244.0,9,1,3243.8,13,3,3243.7,1,1,3243.6,8,2,3243.5,26,3,3244.2,86,5,3244.4,24,4,3244.5,18,2,3244.6,39,4,3244.7,24,3
11536,2025-12-30 09:49:11+05:30,3244.1,16,3246.11,99940,89028.0,105639.0,3250.0,3253.0,3239.8,3251.5,41393975,3576.6,2926.4,4322.95,2866.6,3244.0,9,1,3243.8,13,3,3243.7,1,1,3243.6,8,2,3243.5,26,3,3244.2,86,5,3244.4,24,4,3244.5,18,2,3244.6,39,4,3244.7,24,3
11536,2025-12-30 09:49:11+05:30,3243.8,3,3246.1,100165,90412.0,105843.0,3250.0,3253.0,3239.8,3251.5,41393975,3576.6,2926.4,4322.95,2866.6,3243.8,12,4,3243.7,1,1,3243.6,8,2,3243.5,26,3,3243.3,2,1,3244.1,24,4,3244.2,71,4,3244.4,30,4,3244.5,14,1,3244.6,36,3
11536,2025-12-30 09:49:15+05:30,3244.1,1,3246.1,100165,90412.0,105843.0,3250.0,3253.0,3239.8,3251.5,41393975,3576.6,2926.4,4322.95,2866.6,3243.8,12,4,3243.7,1,1,3243.6,8,2,3243.5,26,3,3243.3,2,1,3244.1,24,4,3244.2,71,4,3244.4,30,4,3244.5,14,1,3244.6,36,3
11536,2025-12-30 09:49:18+05:30,3244.2,33,3246.1,100248,90435.0,105764.0,3250.0,3253.0,3239.8,3251.5,41393975,3576.6,2926.4,4322.95,2866.6,3243.9,1,1,3243.7,1,1,3243.6,8,2,3243.5,26,3,3243.3,26,2,3244.2,29,2,3244.4,12,2,3244.5,8,1,3244.6,51,4,3244.7,41,4
11536,2025-12-30 09:49:18+05:30,3244.2,33,3246.1,100248,90435.0,105764.0,3250.0,3253.0,3239.8,3251.5,41393975,3576.6,2926.4,4322.95,2866.6,3243.9,1,1,3243.7,1,1,3243.6,8,2,3243.5,26,3,3243.3,26,2,3244.2,29,2,3244.4,12,2,3244.5,8,1,3244.6,51,4,3244.7,41,4
11536,2025-12-30 09:49:21+05:30,3244.0,17,3246.1,100248,90435.0,105764.0,3250.0,3253.0,3239.8,3251.5,41393975,3576.6,2926.4,4322.95,2866.6,3243.9,1,1,3243.7,1,1,3243.6,8,2,3243.5,26,3,3243.3,26,2,3244.2,29,2,3244.4,12,2,3244.5,8,1,3244.6,51,4,3244.7,41,4
11536,2025-12-30 09:49:21+05:30,3244.0,17,3246.1,100248,90435.0,105764.0,3250.0,3253.0,3239.8,3251.5,41393975,3576.6,2926.4,4322.95,2866.6,3243.9,1,1,3243.7,1,1,3243.6,8,2,3243.5,26,3,3243.3,26,2,3244.2,29,2,3244.4,12,2,3244.5,8,1,3244.6,51,4,3244.7,41,4
11536,2025-12-30 09:49:22+05:30,3244.0,17,3246.1,100248,90435.0,105764.0,3250.0,3253.0,3239.8,3251.5,41393975,3576.6,2926.4,4322.95,2866.6,3243.9,1,1,3243.7,1,1,3243.6,8,2,3243.5,26,3,3243.3,26,2,3244.2,29,2,3244.4,12,2,3244.5,8,1,3244.6,51,4,3244.7,41,4
11536,2025-12-30 09:49:23+05:30,3244.0,17,3246.1,100248,90435.0,105764.0,3250.0,3253.0,3239.8,3251.5,41393975,3576.6,2926.4,4322.95,2866.6,3243.9,1,1,3243.7,1,1,3243.6,8,2,3243.5,26,3,3243.3,26,2,3244.2,29,2,3244.4,12,2,3244.5,8,1,3244.6,51,4,3244.7,41,4
11536,2025-12-30 09:49:23+05:30,3244.1,2,3246.1,100380,90686.0,104088.0,3250.0,3253.0,3239.8,3251.5,41393975,3576.6,2926.4,4322.95,2866.6,3244.1,6,1,3243.7,1,1,3243.6,8,2,3243.5,50,4,3243.3,26,2,3244.5,22,5,3244.7,10,2,3244.8,244,8,3244.9,24,2,3245.0,407,25
11536,2025-12-30 09:49:24+05:30,3244.1,2,3246.1,100380,90686.0,104088.0,3250.0,3253.0,3239.8,3251.5,41393975,3576.6,2926.4,4322.95,2866.6,3244.1,6,1,3243.7,1,1,3243.6,8,2,3243.5,50,4,3243.3,26,2,3244.5,22,5,3244.7,10,2,3244.8,244,8,3244.9,24,2,3245.0,407,25
11536,2025-12-30 09:49:24+05:30,3244.1,2,3246.1,100380,90686.0,104088.0,3250.0,3253.0,3239.8,3251.5,41393975,3576.6,2926.4,4322.95,2866.6,3244.1,6,1,3243.7,1,1,3243.6,8,2,3243.5,50,4,3243.3,26,2,3244.5,22,5,3244.7,10,2,3244.8,244,8,3244.9,24,2,3245.0,407,25
11536,2025-12-30 09:49:25+05:30,3244.1,2,3246.1,100380,90686.0,104088.0,3250.0,3253.0,3239.8,3251.5,41393975,3576.6,2926.4,4322.95,2866.6,3244.1,6,1,3243.7,1,1,3243.6,8,2,3243.5,50,4,3243.3,26,2,3244.5,22,5,3244.7,10,2,3244.8,244,8,3244.9,24,2,3245.0,407,25
11536,2025-12-30 09:49:26+05:30,3244.1,2,3246.1,100380,90686.0,104088.0,3250.0,3253.0,3239.8,3251.5,41393975,3576.6,2926.4,4322.95,2866.6,3244.1,6,1,3243.7,1,1,3243.6,8,2,3243.5,50,4,3243.3,26,2,3244.5,22,5,3244.7,10,2,3244.8,244,8,3244.9,24,2,3245.0,407,25
11536,2025-12-30 09:49:27+05:30,3244.7,11,3246.1,100380,90686.0,104088.0,3250.0,3253.0,3239.8,3251.5,41393975,3576.6,2926.4,4322.95,2866.6,3244.1,6,1,3243.7,1,1,3243.6,8,2,3243.5,50,4,3243.3,26,2,3244.5,22,5,3244.7,10,2,3244.8,244,8,3244.9,24,2,3245.0,407,25
11536,2025-12-30 09:49:27+05:30,3244.7,11,3246.1,100380,90686.0,104088.0,3250.0,3253.0,3239.8,3251.5,41393975,3576.6,2926.4,4322.95,2866.6,3244.1,6,1,3243.7,1,1,3243.6,8,2,3243.5,50,4,3243.3,26,2,3244.5,22,5,3244.7,10,2,3244.8,244,8,3244.9,24,2,3245.0,407,25
11536,2025-12-30 09:49:28+05:30,3244.7,11,3246.1,100380,90686.0,104088.0,3250.0,3253.0,3239.8,3251.5,41393975,3576.6,2926.4,4322.95,2866.6,3244.1,6,1,3243.7,1,1,3243.6,8,2,3243.5,50,4,3243.3,26,2,3244.5,22,5,3244.7,10,2,3244.8,244,8,3244.9,24,2,3245.0,407,25
11536,2025-12-30 09:49:29+05:30,3244.7,11,3246.1,100380,90686.0,104088.0,3250.0,3253.0,3239.8,3251.5,41393975,3576.6,2926.4,4322.95,2866.6,3244.1,6,1,3243.7,1,1,3243.6,8,2,3243.5,50,4,3243.3,26,2,3244.5,22,5,3244.7,10,2,3244.8,244,8,3244.9,24,2,3245.0,407,25
11536,2025-12-30 09:49:29+05:30,3244.7,11,3246.09,100520,89858.0,105493.0,3250.0,3253.0,3239.8,3251.5,41393975,3576.6,2926.4,4322.95,2866.6,3244.0,5,1,3243.7,1,1,3243.6,8,2,3243.5,26,3,3243.3,2,1,3244.6,95,9,3244.7,37,5,3244.8,232,8,3244.9,49,3,3245.0,418,24
11536,2025-12-30 09:49:30+05:30,3244.0,21,3246.09,100520,89858.0,105493.0,3250.0,3253.0,3239.8,3251.5,41393975,3576.6,2926.4,4322.95,2866.6,3244.0,5,1,3243.7,1,1,3243.6,8,2,3243.5,26,3,3243.3,2,1,3244.6,95,9,3244.7,37,5,3244.8,232,8,3244.9,49,3,3245.0,418,24
11536,2025-12-30 09:49:30+05:30,3244.0,21,3246.09,100520,89858.0,105493.0,3250.0,3253.0,3239.8,3251.5,41393975,3576.6,2926.4,4322.95,2866.6,3244.0,5,1,3243.7,1,1,3243.6,8,2,3243.5,26,3,3243.3,2,1,3244.6,95,9,3244.7,37,5,3244.8,232,8,3244.9,49,3,3245.0,418,24
11536,2025-12-30 09:49:32+05:30,3244.0,21,3246.09,100520,89858.0,105493.0,3250.0,3253.0,3239.8,3251.5,41393975,3576.6,2926.4,4322.95,2866.6,3244.0,5,1,3243.7,1,1,3243.6,8,2,3243.5,26,3,3243.3,2,1,3244.6,95,9,3244.7,37,5,3244.8,232,8,3244.9,49,3,3245.0,418,24
11536,2025-12-30 09:49:33+05:30,3244.0,2,3246.09,100520,89858.0,105493.0,3250.0,3253.0,3239.8,3251.5,41393975,3576.6,2926.4,4322.95,2866.6,3244.0,5,1,3243.7,1,1,3243.6,8,2,3243.5,26,3,3243.3,2,1,3244.6,95,9,3244.7,37,5,3244.8,232,8,3244.9,49,3,3245.0,418,24
11536,2025-12-30 09:49:33+05:30,3244.0,2,3246.09,100520,89858.0,105493.0,3250.0,3253.0,3239.8,3251.5,41393975,3576.6,2926.4,4322.95,2866.6,3244.0,5,1,3243.7,1,1,3243.6,8,2,3243.5,26,3,3243.3,2,1,3244.6,95,9,3244.7,37,5,3244.8,232,8,3244.9,49,3,3245.0,418,24
11536,2025-12-30 09:49:35+05:30,3243.8,2,3246.09,100626,89594.0,107304.0,3250.0,3253.0,3239.8,3251.5,41393975,3576.6,2926.4,4322.95,2866.6,3243.6,7,1,3243.5,26,3,3243.3,2,1,3243.1,1,1,3243.0,48,7,3243.8,30,5,3243.9,15,3,3244.0,51,7,3244.1,11,1,3244.2,50,5
11536,2025-12-30 09:49:35+05:30,3243.8,2,3246.09,100626,89594.0,107304.0,3250.0,3253.0,3239.8,3251.5,41393975,3576.6,2926.4,4322.95,2866.6,3243.6,7,1,3243.5,26,3,3243.3,2,1,3243.1,1,1,3243.0,48,7,3243.8,30,5,3243.9,15,3,3244.0,51,7,3244.1,11,1,3244.2,50,5
11536,2025-12-30 09:49:36+05:30,3243.6,4,3246.09,100626,89594.0,107304.0,3250.0,3253.0,3239.8,3251.5,41393975,3576.6,2926.4,4322.95,2866.6,3243.6,7,1,3243.5,26,3,3243.3,2,1,3243.1,1,1,3243.0,48,7,3243.8,30,5,3243.9,15,3,3244.0,51,7,3244.1,11,1,3244.2,50,5
11536,2025-12-30 09:49:36+05:30,3243.6,4,3246.09,100626,89594.0,107304.0,3250.0,3253.0,3239.8,3251.5,41393975,3576.6,2926.4,4322.95,2866.6,3243.6,7,1,3243.5,26,3,3243.3,2,1,3243.1,1,1,3243.0,48,7,3243.8,30,5,3243.9,15,3,3244.0,51,7,3244.1,11,1,3244.2,50,5
11536,2025-12-30 09:49:38+05:30,3243.6,4,3246.09,100626,89594.0,107304.0,3250.0,3253.0,3239.8,3251.5,41452600,3576.6,2926.4,4322.95,2866.6,3243.6,7,1,3243.5,26,3,3243.3,2,1,3243.1,1,1,3243.0,48,7,3243.8,30,5,3243.9,15,3,3244.0,51,7,3244.1,11,1,3244.2,50,5
11536,2025-12-30 09:49:39+05:30,3243.1,1,3246.09,100626,89594.0,107304.0,3250.0,3253.0,3239.8,3251.5,41452600,3576.6,2926.4,4322.95,2866.6,3243.6,7,1,3243.5,26,3,3243.3,2,1,3243.1,1,1,3243.0,48,7,3243.8,30,5,3243.9,15,3,3244.0,51,7,3244.1,11,1,3244.2,50,5
11536,2025-12-30 09:49:40+05:30,3243.1,1,3246.09,100626,89594.0,107304.0,3250.0,3253.0,3239.8,3251.5,41452600,3576.6,2926.4,4322.95,2866.6,3243.6,7,1,3243.5,26,3,3243.3,2,1,3243.1,1,1,3243.0,48,7,3243.8,30,5,3243.9,15,3,3244.0,51,7,3244.1,11,1,3244.2,50,5
11536,2025-12-30 09:49:40+05:30,3243.4,8,3246.09,100869,87487.0,108146.0,3250.0,3253.0,3239.8,3251.5,41452600,3576.6,2926.4,4322.95,2866.6,3243.0,25,3,3242.6,3,1,3242.5,3,2,3242.1,111,2,3242.0,78,8,3243.3,8,1,3243.4,30,4,3243.5,3,1,3243.6,34,3,3243.7,76,4
11536,2025-12-30 09:49:42+05:30,3243.3,1,3246.09,100869,87487.0,108146.0,3250.0,3253.0,3239.8,3251.5,41452600,3576.6,2926.4,4322.95,2866.6,3243.0,25,3,3242.6,3,1,3242.5,3,2,3242.1,111,2,3242.0,78,8,3243.3,8,1,3243.4,30,4,3243.5,3,1,3243.6,34,3,3243.7,76,4
11536,2025-12-30 09:49:45+05:30,3243.0,1,3246.09,100869,87487.0,108146.0,3250.0,3253.0,3239.8,3251.5,41452600,3576.6,2926.4,4322.95,2866.6,3243.0,25,3,3242.6,3,1,3242.5,3,2,3242.1,111,2,3242.0,78,8,3243.3,8,1,3243.4,30,4,3243.5,3,1,3243.6,34,3,3243.7,76,4
11536,2025-12-30 09:49:46+05:30,3243.0,1,3246.06,101643,88412.0,108044.0,3250.0,3253.0,3239.8,3251.5,41452600,3576.6,2926.4,4322.95,2866.6,3241.9,30,4,3241.8,40,4,3241.7,47,4,3241.6,223,7,3241.5,42,3,3243.0,80,5,3243.1,10,1,3243.2,22,1,3243.4,128,3,3243.6,201,4
11536,2025-12-30 09:49:48+05:30,3243.0,6,3246.06,101643,88412.0,108044.0,3250.0,3253.0,3239.8,3251.5,41452600,3576.6,2926.4,4322.95,2866.6,3241.9,30,4,3241.8,40,4,3241.7,47,4,3241.6,223,7,3241.5,42,3,3243.0,80,5,3243.1,10,1,3243.2,22,1,3243.4,128,3,3243.6,201,4
11536,2025-12-30 09:49:51+05:30,3243.6,10,3246.06,101643,88412.0,108044.0,3250.0,3253.0,3239.8,3251.5,41452600,3576.6,2926.4,4322.95,2866.6,3241.9,30,4,3241.8,40,4,3241.7,47,4,3241.6,223,7,3241.5,42,3,3243.0,80,5,3243.1,10,1,3243.2,22,1,3243.4,128,3,3243.6,201,4
11536,2025-12-30 09:49:52+05:30,3243.6,10,3246.01,103326,89810.0,107202.0,3250.0,3253.0,3239.8,3251.5,41452600,3576.6,2926.4,4322.95,2866.6,3242.2,11,1,3242.1,44,3,3242.0,20,2,3241.9,237,4,3241.8,88,8,3243.0,65,1,3243.4,21,1,3243.6,78,5,3243.7,32,2,3243.8,214,5
11536,2025-12-30 09:49:54+05:30,3242.1,2,3246.01,103326,89810.0,107202.0,3250.0,3253.0,3239.8,3251.5,41452600,3576.6,2926.4,4322.95,2866.6,3242.2,11,1,3242.1,44,3,3242.0,20,2,3241.9,237,4,3241.8,88,8,3243.0,65,1,3243.4,21,1,3243.6,78,5,3243.7,32,2,3243.8,214,5
11536,2025-12-30 09:49:57+05:30,3242.6,1,3246.01,103326,89810.0,107202.0,3250.0,3253.0,3239.8,3251.5,41452600,3576.6,2926.4,4322.95,2866.6,3242.2,11,1,3242.1,44,3,3242.0,20,2,3241.9,237,4,3241.8,88,8,3243.0,65,1,3243.4,21,1,3243.6,78,5,3243.7,32,2,3243.8,214,5
11536,2025-12-30 09:49:58+05:30,3242.6,1,3246.0,103672,88389.0,111874.0,3250.0,3253.0,3239.8,3251.5,41452600,3576.6,2926.4,4322.95,2866.6,3242.1,33,1,3242.0,3,1,3241.8,6,2,3241.7,9,1,3241.4,11,1,3242.6,79,6,3242.7,15,2,3242.8,53,5,3242.9,25,2,3243.0,240,10
11536,2025-12-30 09:50:00+05:30,3242.1,1,3246.0,103672,88389.0,111874.0,3250.0,3253.0,3239.8,3251.5,41452600,3576.6,2926.4,4322.95,2866.6,3242.1,33,1,3242.0,3,1,3241.8,6,2,3241.7,9,1,3241.4,11,1,3242.6,79,6,3242.7,15,2,3242.8,53,5,3242.9,25,2,3243.0,240,10
11536,2025-12-30 09:50:03+05:30,3242.5,216,3246.0,103672,88389.0,111874.0,3250.0,3253.0,3239.8,3251.5,41452600,3576.6,2926.4,4322.95,2866.6,3242.1,33,1,3242.0,3,1,3241.8,6,2,3241.7,9,1,3241.4,11,1,3242.6,79,6,3242.7,15,2,3242.8,53,5,3242.9,25,2,3243.0,240,10
11536,2025-12-30 09:50:04+05:30,3241.8,1,3245.99,103970,87396.0,112022.0,3250.0,3253.0,3239.8,3251.5,41452600,3576.6,2926.4,4322.95,2866.6,3241.8,15,3,3241.7,9,1,3241.3,5,1,3241.2,8,2,3241.0,137,5,3242.4,223,7,3242.5,27,4,3242.6,303,8,3242.7,33,3,3242.8,257,6
11536,2025-12-30 09:50:06+05:30,3241.8,3,3245.99,103970,87396.0,112022.0,3250.0,3253.0,3239.8,3251.5,41452600,3576.6,2926.4,4322.95,2866.6,3241.8,15,3,3241.7,9,1,3241.3,5,1,3241.2,8,2,3241.0,137,5,3242.4,223,7,3242.5,27,4,3242.6,303,8,3242.7,33,3,3242.8,257,6
11536,2025-12-30 09:50:09+05:30,3241.8,1,3245.99,103970,87396.0,112022.0,3250.0,3253.0,3239.8,3251.5,41452600,3576.6,2926.4,4322.95,2866.6,3241.8,15,3,3241.7,9,1,3241.3,5,1,3241.2,8,2,3241.0,137,5,3242.4,223,7,3242.5,27,4,3242.6,303,8,3242.7,33,3,3242.8,257,6
11536,2025-12-30 09:50:09+05:30,3241.2,1,3245.97,104655,85329.0,112997.0,3250.0,3253.0,3239.8,3251.5,41452600,3576.6,2926.4,4322.95,2866.6,3241.2,7,2,3241.0,111,4,3240.9,1,1,3240.8,37,1,3240.5,11,1,3241.8,30,4,3241.9,29,3,3242.0,189,4,3242.1,81,5,3242.2,229,6
11536,2025-12-30 09:50:12+05:30,3241.2,3,3245.97,104655,85329.0,112997.0,3250.0,3253.0,3239.8,3251.5,41452600,3576.6,2926.4,4322.95,2866.6,3241.2,7,2,3241.0,111,4,3240.9,1,1,3240.8,37,1,3240.5,11,1,3241.8,30,4,3241.9,29,3,3242.0,189,4,3242.1,81,5,3242.2,229,6
11536,2025-12-30 09:50:15+05:30,3241.9,1,3245.97,104655,85329.0,112997.0,3250.0,3253.0,3239.8,3251.5,41452600,3576.6,2926.4,4322.95,2866.6,3241.2,7,2,3241.0,111,4,3240.9,1,1,3240.8,37,1,3240.5,11,1,3241.8,30,4,3241.9,29,3,3242.0,189,4,3242.1,81,5,3242.2,229,6
11536,2025-12-30 09:50:15+05:30,3241.8,1,3245.96,104761,86903.0,108639.0,3250.0,3253.0,3239.8,3251.5,41452600,3576.6,2926.4,4322.95,2866.6,3241.2,5,2,3241.1,16,1,3241.0,160,8,3240.9,5,2,3240.8,97,4,3241.7,1,1,3241.9,2,1,3242.2,177,2,3242.3,72,1,3242.4,226,6
11536,2025-12-30 09:50:18+05:30,3241.2,1,3245.96,104761,86903.0,108639.0,3250.0,3253.0,3239.8,3251.5,41452600,3576.6,2926.4,4322.95,2866.6,3241.2,5,2,3241.1,16,1,3241.0,160,8,3240.9,5,2,3240.8,97,4,3241.7,1,1,3241.9,2,1,3242.2,177,2,3242.3,72,1,3242.4,226,6
11536,2025-12-30 09:50:21+05:30,3241.7,2,3245.96,104761,86903.0,108639.0,3250.0,3253.0,3239.8,3251.5,41452600,3576.6,2926.4,4322.95,2866.6,3241.2,5,2,3241.1,16,1,3241.0,160,8,3240.9,5,2,3240.8,97,4,3241.7,1,1,3241.9,2,1,3242.2,177,2,3242.3,72,1,3242.4,226,6
11536,2025-12-30 09:50:21+05:30,3241.7,2,3245.96,104797,86951.0,109570.0,3250.0,3253.0,3239.8,3251.5,41452600,3576.6,2926.4,4322.95,2866.6,3241.3,16,1,3241.2,6,3,3241.0,163,8,3240.9,5,2,3240.8,69,3,3241.7,18,4,3242.2,188,3,3242.4,275,8,3242.5,34,2,3242.6,309,9
11536,2025-12-30 09:50:24+05:30,3241.5,1,3245.96,104797,86951.0,109570.0,3250.0,3253.0,3239.8,3251.5,41452600,3576.6,2926.4,4322.95,2866.6,3241.3,16,1,3241.2,6,3,3241.0,163,8,3240.9,5,2,3240.8,69,3,3241.7,18,4,3242.2,188,3,3242.4,275,8,3242.5,34,2,3242.6,309,9
11536,2025-12-30 09:50:27+05:30,3241.6,1,3245.96,104797,86951.0,109570.0,3250.0,3253.0,3239.8,3251.5,41452600,3576.6,2926.4,4322.95,2866.6,3241.3,16,1,3241.2,6,3,3241.0,163,8,3240.9,5,2,3240.8,69,3,3241.7,18,4,3242.2,188,3,3242.4,275,8,3242.5,34,2,3242.6,309,9
11536,2025-12-30 09:50:28+05:30,3242.3,21,3245.95,104972,86764.0,108130.0,3250.0,3253.0,3239.8,3251.5,41452600,3576.6,2926.4,4322.95,2866.6,3241.6,12,1,3241.4,1,1,3241.2,6,3,3241.1,61,1,3241.0,649,8,3242.4,97,7,3242.5,14,2,3242.6,194,4,3242.7,43,3,3242.8,308,8
11536,2025-12-30 09:50:28+05:30,3242.3,21,3245.95,104972,86764.0,108130.0,3250.0,3253.0,3239.8,3251.5,41452600,3576.6,2926.4,4322.95,2866.6,3241.6,12,1,3241.4,1,1,3241.2,6,3,3241.1,61,1,3241.0,649,8,3242.4,97,7,3242.5,14,2,3242.6,194,4,3242.7,43,3,3242.8,308,8
11536,2025-12-30 09:50:29+05:30,3242.4,1,3245.95,104973,88811.0,107751.0,3250.0,3253.0,3239.8,3251.5,41452600,3576.6,2926.4,4322.95,2866.6,3242.3,12,1,3241.4,1,1,3241.2,70,5,3241.1,221,3,3241.0,649,8,3242.4,96,7,3242.5,14,2,3242.6,10,1,3242.7,43,3,3242.8,86,4
11536,2025-12-30 09:50:29+05:30,3242.4,1,3245.95,104973,88811.0,107751.0,3250.0,3253.0,3239.8,3251.5,41452600,3576.6,2926.4,4322.95,2866.6,3242.3,12,1,3241.4,1,1,3241.2,70,5,3241.1,221,3,3241.0,649,8,3242.4,96,7,3242.5,14,2,3242.6,10,1,3242.7,43,3,3242.8,86,4
11536,2025-12-30 09:50:30+05:30,3242.3,5,3245.95,104979,88948.0,108111.0,3250.0,3253.0,3239.8,3251.5,41452600,3576.6,2926.4,4322.95,2866.6,3242.3,7,2,3241.4,1,1,3241.2,72,6,3241.1,221,3,3241.0,651,9,3242.4,174,8,3242.5,10,1,3242.6,10,1,3242.7,18,2,3242.8,192,3
11536,2025-12-30 09:50:30+05:30,3242.3,5,3245.95,104979,88948.0,108111.0,3250.0,3253.0,3239.8,3251.5,41452600,3576.6,2926.4,4322.95,2866.6,3242.3,7,2,3241.4,1,1,3241.2,72,6,3241.1,221,3,3241.0,651,9,3242.4,174,8,3242.5,10,1,3242.6,10,1,3242.7,18,2,3242.8,192,3
11536,2025-12-30 09:50:31+05:30,3242.3,1,3245.95,105005,89115.0,107967.0,3250.0,3253.0,3239.8,3251.5,41452600,3576.6,2926.4,4322.95,2866.6,3242.3,16,2,3241.4,1,1,3241.2,70,5,3241.1,213,3,3241.0,652,10,3242.4,90,4,3242.5,23,2,3242.6,21,2,3242.7,3,1,3242.8,76,3
11536,2025-12-30 09:50:31+05:30,3242.3,1,3245.95,105005,89115.0,107967.0,3250.0,3253.0,3239.8,3251.5,41452600,3576.6,2926.4,4322.95,2866.6,3242.3,16,2,3241.4,1,1,3241.2,70,5,3241.1,213,3,3241.0,652,10,3242.4,90,4,3242.5,23,2,3242.6,21,2,3242.7,3,1,3242.8,76,3
11536,2025-12-30 09:50:32+05:30,3242.3,1,3245.95,105008,89323.0,107939.0,3250.0,3253.0,3239.8,3251.5,41452600,3576.6,2926.4,4322.95,2866.6,3242.3,15,2,3241.4,1,1,3241.2,70,5,3241.1,233,4,3241.0,679,11,3242.4,99,5,3242.5,21,2,3242.6,50,2,3242.7,16,2,3242.8,10,1
11536,2025-12-30 09:50:32+05:30,3242.3,1,3245.95,105008,89323.0,107939.0,3250.0,3253.0,3239.8,3251.5,41452600,3576.6,2926.4,4322.95,2866.6,3242.3,15,2,3241.4,1,1,3241.2,70,5,3241.1,233,4,3241.0,679,11,3242.4,99,5,3242.5,21,2,3242.6,50,2,3242.7,16,2,3242.8,10,1
11536,2025-12-30 09:50:33+05:30,3242.3,5,3245.95,105013,89236.0,107945.0,3250.0,3253.0,3239.8,3251.5,41452600,3576.6,2926.4,4322.95,2866.6,3242.3,12,3,3241.6,1,1,3241.4,1,1,3241.2,71,6,3241.1,233,4,3242.4,80,3,3242.5,10,1,3242.6,10,1,3242.7,27,3,3242.8,10,1
11536,2025-12-30 09:50:33+05:30,3242.3,1,3245.95,105013,89236.0,107945.0,3250.0,3253.0,3239.8,3251.5,41452600,3576.6,2926.4,4322.95,2866.6,3242.3,12,3,3241.6,1,1,3241.4,1,1,3241.2,71,6,3241.1,233,4,3242.4,80,3,3242.5,10,1,3242.6,10,1,3242.7,27,3,3242.8,10,1
11536,2025-12-30 09:50:34+05:30,3242.4,1,3245.95,105015,89261.0,107964.0,3250.0,3253.0,3239.8,3251.5,41452600,3576.6,2926.4,4322.95,2866.6,3242.3,11,3,3241.6,1,1,3241.4,1,1,3241.2,71,6,3241.1,259,6,3242.4,80,4,3242.5,10,1,3242.6,35,3,3242.7,3,1,3242.8,50,2
11536,2025-12-30 09:50:34+05:30,3242.3,4,3245.95,105015,89261.0,107964.0,3250.0,3253.0,3239.8,3251.5,41452600,3576.6,2926.4,4322.95,2866.6,3242.3,11,3,3241.6,1,1,3241.4,1,1,3241.2,71,6,3241.1,259,6,3242.4,80,4,3242.5,10,1,3242.6,35,3,3242.7,3,1,3242.8,50,2
11536,2025-12-30 09:50:35+05:30,3242.4,1,3245.95,105037,89154.0,107959.0,3250.0,3253.0,3239.8,3251.5,41452600,3576.6,2926.4,4322.95,2866.6,3242.3,8,2,3241.6,1,1,3241.4,1,1,3241.3,61,1,3241.2,68,5,3242.4,80,5,3242.5,21,2,3242.6,10,1,3242.7,42,2,3242.8,24,2
11536,2025-12-30 09:50:35+05:30,3242.4,1,3245.95,105037,89154.0,107959.0,3250.0,3253.0,3239.8,3251.5,41452600,3576.6,2926.4,4322.95,2866.6,3242.3,8,2,3241.6,1,1,3241.4,1,1,3241.3,61,1,3241.2,68,5,3242.4,80,5,3242.5,21,2,3242.6,10,1,3242.7,42,2,3242.8,24,2
11536,2025-12-30 09:50:36+05:30,3242.4,1,3245.95,105037,89146.0,107965.0,3250.0,3253.0,3239.8,3251.5,41452600,3576.6,2926.4,4322.95,2866.6,3242.3,8,2,3241.6,1,1,3241.4,1,1,3241.3,61,1,3241.2,68,5,3242.4,80,5,3242.5,21,2,3242.6,10,1,3242.7,42,2,3242.8,24,2
11536,2025-12-30 09:50:36+05:30,3242.3,1,3245.95,105037,89146.0,107965.0,3250.0,3253.0,3239.8,3251.5,41452600,3576.6,2926.4,4322.95,2866.6,3242.3,8,2,3241.6,1,1,3241.4,1,1,3241.3,61,1,3241.2,68,5,3242.4,80,5,3242.5,21,2,3242.6,10,1,3242.7,42,2,3242.8,24,2
11536,2025-12-30 09:50:37+05:30,3242.3,1,3245.95,105039,89144.0,107963.0,3250.0,3253.0,3239.8,3251.5,41452600,3576.6,2926.4,4322.95,2866.6,3242.3,6,2,3241.6,1,1,3241.4,1,1,3241.3,87,2,3241.2,68,5,3242.4,78,3,3242.5,21,2,3242.6,10,1,3242.7,42,2,3242.8,24,2
11536,2025-12-30 09:50:37+05:30,3242.3,1,3245.95,105039,89144.0,107963.0,3250.0,3253.0,3239.8,3251.5,41452600,3576.6,2926.4,4322.95,2866.6,3242.3,6,2,3241.6,1,1,3241.4,1,1,3241.3,87,2,3241.2,68,5,3242.4,78,3,3242.5,21,2,3242.6,10,1,3242.7,42,2,3242.8,24,2
11536,2025-12-30 09:50:38+05:30,3242.3,1,3245.95,105044,89161.0,107931.0,3250.0,3253.0,3239.8,3251.5,41452600,3576.6,2926.4,4322.95,2866.6,3242.3,17,2,3241.6,1,1,3241.4,1,1,3241.3,87,2,3241.2,68,5,3242.4,77,2,3242.5,21,2,3242.6,24,2,3242.7,47,3,3242.8,24,2
11536,2025-12-30 09:50:38+05:30,3242.4,2,3245.95,105044,89161.0,107931.0,3250.0,3253.0,3239.8,3251.5,41452600,3576.6,2926.4,4322.95,2866.6,3242.3,17,2,3241.6,1,1,3241.4,1,1,3241.3,87,2,3241.2,68,5,3242.4,77,2,3242.5,21,2,3242.6,24,2,3242.7,47,3,3242.8,24,2
11536,2025-12-30 09:50:39+05:30,3242.4,2,3245.95,105046,89163.0,107936.0,3250.0,3253.0,3239.8,3251.5,41452600,3576.6,2926.4,4322.95,2866.6,3242.3,17,2,3241.6,1,1,3241.4,1,1,3241.3,87,2,3241.2,69,6,3242.4,89,3,3242.5,21,2,3242.6,24,2,3242.7,47,3,3242.8,24,2
11536,2025-12-30 09:50:40+05:30,3242.4,2,3245.95,105046,89138.0,107850.0,3250.0,3253.0,3239.8,3251.5,41452600,3576.6,2926.4,4322.95,2866.6,3242.3,17,2,3241.6,1,1,3241.4,1,1,3241.3,87,2,3241.2,68,5,3242.4,27,3,3242.5,21,2,3242.6,24,2,3242.7,3,1,3242.8,24,2
11536,2025-12-30 09:50:41+05:30,3242.3,1,3245.95,105046,89138.0,107850.0,3250.0,3253.0,3239.8,3251.5,41452600,3576.6,2926.4,4322.95,2866.6,3242.3,17,2,3241.6,1,1,3241.4,1,1,3241.3,87,2,3241.2,68,5,3242.4,27,3,3242.5,21,2,3242.6,24,2,3242.7,3,1,3242.8,24,2
11536,2025-12-30 09:50:41+05:30,3242.3,1,3245.95,105047,89141.0,107873.0,3250.0,3253.0,3239.8,3251.5,41452600,3576.6,2926.4,4322.95,2866.6,3242.3,18,2,3241.6,1,1,3241.4,1,1,3241.3,87,2,3241.2,68,5,3242.4,38,3,3242.5,21,2,3242.6,24,2,3242.7,3,1,3242.8,59,3
11536,2025-12-30 09:50:42+05:30,3242.3,20,3245.95,105047,89141.0,107873.0,3250.0,3253.0,3239.8,3251.5,41452600,3576.6,2926.4,4322.95,2866.6,3242.3,18,2,3241.6,1,1,3241.4,1,1,3241.3,87,2,3241.2,68,5,3242.4,38,3,3242.5,21,2,3242.6,24,2,3242.7,3,1,3242.8,59,3
11536,2025-12-30 09:50:42+05:30,3242.4,1,3245.95,105150,88257.0,108327.0,3250.0,3253.0,3239.8,3251.5,41452600,3576.6,2926.4,4322.95,2866.6,3241.6,1,1,3241.4,1,1,3241.2,6,3,3241.1,31,2,3241.0,641,8,3242.4,45,5,3242.6,45,3,3242.7,171,3,3242.8,100,5,3242.9,30,3
11536,2025-12-30 09:50:43+05:30,3242.4,1,3245.95,105150,88257.0,108327.0,3250.0,3253.0,3239.8,3251.5,41452600,3576.6,2926.4,4322.95,2866.6,3241.6,1,1,3241.4,1,1,3241.2,6,3,3241.1,31,2,3241.0,641,8,3242.4,45,5,3242.6,45,3,3242.7,171,3,3242.8,100,5,3242.9,30,3
11536,2025-12-30 09:50:43+05:30,3242.4,1,3245.95,105150,88306.0,108366.0,3250.0,3253.0,3239.8,3251.5,41452600,3576.6,2926.4,4322.95,2866.6,3241.6,1,1,3241.5,11,1,3241.4,1,1,3241.2,6,3,3241.1,31,2,3242.4,46,6,3242.6,84,5,3242.7,171,3,3242.8,100,5,3242.9,30,3
11536,2025-12-30 09:50:44+05:30,3242.4,1,3245.95,105150,85740.0,107912.0,3250.0,3253.0,3239.8,3251.5,41452600,3576.6,2926.4,4322.95,2866.6,3241.6,53,2,3241.5,11,1,3241.4,1,1,3241.3,3,1,3241.2,67,4,3242.3,1,1,3242.4,202,7,3242.5,11,2,3242.6,54,4,3242.7,15,3
11536,2025-12-30 09:50:45+05:30,3242.3,1,3245.95,105150,85740.0,107912.0,3250.0,3253.0,3239.8,3251.5,41452600,3576.6,2926.4,4322.95,2866.6,3241.6,53,2,3241.5,11,1,3241.4,1,1,3241.3,3,1,3241.2,67,4,3242.3,1,1,3242.4,202,7,3242.5,11,2,3242.6,54,4,3242.7,15,3
11536,2025-12-30 09:50:45+05:30,3241.6,14,3245.95,105166,89506.0,108111.0,3250.0,3253.0,3239.8,3251.5,41452600,3576.6,2926.4,4322.95,2866.6,3241.6,39,2,3241.5,11,1,3241.4,4,2,3241.2,67,4,3241.1,66,2,3242.3,1,1,3242.4,22,3,3242.5,11,2,3242.6,239,6,3242.7,6,2
11536,2025-12-30 09:50:46+05:30,3241.6,1,3245.95,105166,89506.0,108111.0,3250.0,3253.0,3239.8,3251.5,41452600,3576.6,2926.4,4322.95,2866.6,3241.6,39,2,3241.5,11,1,3241.4,4,2,3241.2,67,4,3241.1,66,2,3242.3,1,1,3242.4,22,3,3242.5,11,2,3242.6,239,6,3242.7,6,2
11536,2025-12-30 09:50:46+05:30,3242.3,1,3245.95,105173,89544.0,108192.0,3250.0,3253.0,3239.8,3251.5,41452600,3576.6,2926.4,4322.95,2866.6,3241.6,49,3,3241.4,1,1,3241.2,67,4,3241.1,92,3,3241.0,641,8,3242.3,1,1,3242.4,12,1,3242.5,14,2,3242.6,188,5,3242.7,40,3
11536,2025-12-30 09:50:47+05:30,3242.3,1,3245.95,105173,89544.0,108192.0,3250.0,3253.0,3239.8,3251.5,41452600,3576.6,2926.4,4322.95,2866.6,3241.6,49,3,3241.4,1,1,3241.2,67,4,3241.1,92,3,3241.0,641,8,3242.3,1,1,3242.4,12,1,3242.5,14,2,3242.6,188,5,3242.7,40,3
11536,2025-12-30 09:50:47+05:30,3242.3,1,3245.95,105173,89738.0,108172.0,3250.0,3253.0,3239.8,3251.5,41452600,3576.6,2926.4,4322.95,2866.6,3241.6,49,3,3241.5,1,1,3241.4,1,1,3241.2,68,5,3241.1,95,4,3242.3,3,2,3242.4,12,1,3242.6,183,4,3242.7,49,4,3242.8,249,6
11536,2025-12-30 09:50:48+05:30,3242.3,1,3245.95,105173,89921.0,107990.0,3250.0,3253.0,3239.8,3251.5,41452600,3576.6,2926.4,4322.95,2866.6,3241.7,11,1,3241.6,43,3,3241.5,1,1,3241.4,1,1,3241.2,69,6,3242.3,5,3,3242.4,12,1,3242.6,183,4,3242.7,62,5,3242.8,235,5
11536,2025-12-30 09:50:49+05:30,3242.3,1,3245.95,105173,90072.0,108040.0,3250.0,3253.0,3239.8,3251.5,41452600,3576.6,2926.4,4322.95,2866.6,3241.7,11,1,3241.6,43,3,3241.5,1,1,3241.4,1,1,3241.2,69,6,3242.3,5,3,3242.4,12,1,3242.5,50,1,3242.6,183,4,3242.7,62,5
11536,2025-12-30 09:50:50+05:30,3242.3,1,3245.95,105173,90072.0,108040.0,3250.0,3253.0,3239.8,3251.5,41452600,3576.6,2926.4,4322.95,2866.6,3241.7,11,1,3241.6,43,3,3241.5,1,1,3241.4,1,1,3241.2,69,6,3242.3,5,3,3242.4,12,1,3242.5,50,1,3242.6,183,4,3242.7,62,5
11536,2025-12-30 09:50:50+05:30,3242.0,12,3245.94,105214,90291.0,108235.0,3250.0,3253.0,3239.8,3251.5,41452600,3576.6,2926.4,4322.95,2866.6,3242.0,11,1,3241.6,43,3,3241.5,1,1,3241.4,1,1,3241.2,81,7,3242.3,3,3,3242.4,12,1,3242.5,50,1,3242.7,162,3,3242.8,225,6
11536,2025-12-30 09:50:51+05:30,3242.0,12,3245.94,105214,90291.0,108235.0,3250.0,3253.0,3239.8,3251.5,41452600,3576.6,2926.4,4322.95,2866.6,3242.0,11,1,3241.6,43,3,3241.5,1,1,3241.4,1,1,3241.2,81,7,3242.3,3,3,3242.4,12,1,3242.5,50,1,3242.7,162,3,3242.8,225,6
11536,2025-12-30 09:50:51+05:30,3242.0,52,3245.94,105266,89811.0,107180.0,3250.0,3253.0,3239.8,3251.5,41452600,3576.6,2926.4,4322.95,2866.6,3242.0,11,1,3241.6,43,3,3241.5,1,1,3241.4,1,1,3241.2,8,5,3242.3,24,6,3242.4,24,3,3242.5,50,1,3242.6,22,2,3242.7,162,3
11536,2025-12-30 09:50:52+05:30,3242.0,52,3245.94,105266,89811.0,107180.0,3250.0,3253.0,3239.8,3251.5,41452600,3576.6,2926.4,4322.95,2866.6,3242.0,11,1,3241.6,43,3,3241.5,1,1,3241.4,1,1,3241.2,8,5,3242.3,24,6,3242.4,24,3,3242.5,50,1,3242.6,22,2,3242.7,162,3
11536,2025-12-30 09:50:52+05:30,3242.0,52,3245.94,105266,89881.0,107886.0,3250.0,3253.0,3239.8,3251.5,41452600,3576.6,2926.4,4322.95,2866.6,3242.2,11,1,3241.6,43,3,3241.5,1,1,3241.4,1,1,3241.2,8,5,3242.3,30,8,3242.4,12,2,3242.5,50,1,3242.6,27,3,3242.7,45,4
11536,2025-12-30 09:50:53+05:30,3241.6,1,3245.94,105323,89515.0,108065.0,3250.0,3253.0,3239.8,3251.5,41452600,3576.6,2926.4,4322.95,2866.6,3241.6,4,2,3241.5,1,1,3241.4,1,1,3241.2,8,5,3241.1,3,1,3242.3,10,6,3242.4,13,1,3242.5,94,4,3242.6,170,2,3242.7,157,2
11536,2025-12-30 09:50:54+05:30,3242.3,1,3245.94,105323,89515.0,108065.0,3250.0,3253.0,3239.8,3251.5,41452600,3576.6,2926.4,4322.95,2866.6,3241.6,4,2,3241.5,1,1,3241.4,1,1,3241.2,8,5,3241.1,3,1,3242.3,10,6,3242.4,13,1,3242.5,94,4,3242.6,170,2,3242.7,157,2
11536,2025-12-30 09:50:54+05:30,3241.6,4,3245.94,105338,88836.0,108790.0,3250.0,3253.0,3239.8,3251.5,41452600,3576.6,2926.4,4322.95,2866.6,3241.6,2,2,3241.5,1,1,3241.4,1,1,3241.2,8,5,3241.1,3,1,3242.2,36,5,3242.3,35,8,3242.4,209,4,3242.5,68,2,3242.6,224,5
11536,2025-12-30 09:50:55+05:30,3242.2,1,3245.94,105338,88836.0,108790.0,3250.0,3253.0,3239.8,3251.5,41452600,3576.6,2926.4,4322.95,2866.6,3241.6,2,2,3241.5,1,1,3241.4,1,1,3241.2,8,5,3241.1,3,1,3242.2,36,5,3242.3,35,8,3242.4,209,4,3242.5,68,2,3242.6,224,5
11536,2025-12-30 09:50:55+05:30,3242.2,1,3245.94,105339,89037.0,108832.0,3250.0,3253.0,3239.8,3251.5,41452600,3576.6,2926.4,4322.95,2866.6,3241.6,2,2,3241.5,1,1,3241.4,1,1,3241.2,8,5,3241.1,3,1,3242.2,28,4,3242.3,16,4,3242.4,209,4,3242.5,70,3,3242.6,244,6
11536,2025-12-30 09:50:56+05:30,3241.6,1,3245.94,105348,89448.0,106825.0,3250.0,3253.0,3239.8,3251.5,41452600,3576.6,2926.4,4322.95,2866.6,3241.6,5,2,3241.5,1,1,3241.4,1,1,3241.2,8,5,3241.1,176,3,3242.2,8,3,3242.3,1,1,3242.4,14,1,3242.5,50,1,3242.6,53,2
11536,2025-12-30 09:50:57+05:30,3241.6,1,3245.94,105348,89448.0,106825.0,3250.0,3253.0,3239.8,3251.5,41452600,3576.6,2926.4,4322.95,2866.6,3241.6,5,2,3241.5,1,1,3241.4,1,1,3241.2,8,5,3241.1,176,3,3242.2,8,3,3242.3,1,1,3242.4,14,1,3242.5,50,1,3242.6,53,2
11536,2025-12-30 09:50:57+05:30,3241.6,1,3245.94,105349,90056.0,106857.0,3250.0,3253.0,3239.8,3251.5,41452600,3576.6,2926.4,4322.95,2866.6,3241.6,11,3,3241.5,1,1,3241.4,1,1,3241.3,2,1,3241.2,8,5,3242.2,8,3,3242.5,50,1,3242.6,30,2,3242.7,37,2,3242.8,32,3
11536,2025-12-30 09:50:58+05:30,3241.6,1,3245.94,105349,90056.0,106857.0,3250.0,3253.0,3239.8,3251.5,41452600,3576.6,2926.4,4322.95,2866.6,3241.6,11,3,3241.5,1,1,3241.4,1,1,3241.3,2,1,3241.2,8,5,3242.2,8,3,3242.5,50,1,3242.6,30,2,3242.7,37,2,3242.8,32,3
11536,2025-12-30 09:50:58+05:30,3241.6,2,3245.94,105361,90345.0,107363.0,3250.0,3253.0,3239.8,3251.5,41452600,3576.6,2926.4,4322.95,2866.6,3241.6,2,1,3241.5,8,2,3241.4,1,1,3241.3,28,2,3241.2,8,5,3242.2,18,3,3242.3,22,2,3242.5,50,1,3242.6,198,4,3242.7,68,3
11536,2025-12-30 09:50:59+05:30,3241.6,2,3245.94,105361,90345.0,107363.0,3250.0,3253.0,3239.8,3251.5,41452600,3576.6,2926.4,4322.95,2866.6,3241.6,2,1,3241.5,8,2,3241.4,1,1,3241.3,28,2,3241.2,8,5,3242.2,18,3,3242.3,22,2,3242.5,50,1,3242.6,198,4,3242.7,68,3
11536,2025-12-30 09:50:59+05:30,3241.6,2,3245.94,105363,89418.0,107939.0,3250.0,3253.0,3239.8,3251.5,41452600,3576.6,2926.4,4322.95,2866.6,3241.6,1,1,3241.5,8,2,3241.2,8,5,3241.1,3,1,3241.0,641,8,3242.2,81,8,3242.3,31,3,3242.4,179,3,3242.5,137,3,3242.6,189,3
11536,2025-12-30 09:51:00+05:30,3241.6,2,3245.94,105363,89418.0,107939.0,3250.0,3253.0,3239.8,3251.5,41452600,3576.6,2926.4,4322.95,2866.6,3241.6,1,1,3241.5,8,2,3241.2,8,5,3241.1,3,1,3241.0,641,8,3242.2,81,8,3242.3,31,3,3242.4,179,3,3242.5,137,3,3242.6,189,3
11536,2025-12-30 09:51:00+05:30,3241.6,2,3245.94,105363,89238.0,109043.0,3250.0,3253.0,3239.8,3251.5,41452600,3576.6,2926.4,4322.95,2866.6,3241.6,8,2,3241.5,1,1,3241.2,8,5,3241.1,3,1,3241.0,665,9,3242.2,61,5,3242.3,10,1,3242.4,170,2,3242.5,142,6,3242.6,209,4
11536,2025-12-30 09:51:01+05:30,3242.2,1,3245.94,105364,89802.0,108285.0,3250.0,3253.0,3239.8,3251.5,41452600,3576.6,2926.4,4322.95,2866.6,3241.6,8,2,3241.5,1,1,3241.2,32,6,3241.1,164,3,3241.0,665,9,3242.2,17,3,3242.3,10,1,3242.5,119,4,3242.6,177,2,3242.8,307,9
11536,2025-12-30 09:51:02+05:30,3242.2,2,3245.94,105364,89802.0,108285.0,3250.0,3253.0,3239.8,3251.5,41452600,3576.6,2926.4,4322.95,2866.6,3241.6,8,2,3241.5,1,1,3241.2,32,6,3241.1,164,3,3241.0,665,9,3242.2,17,3,3242.3,10,1,3242.5,119,4,3242.6,177,2,3242.8,307,9
11536,2025-12-30 09:51:02+05:30,3242.2,2,3245.94,105368,90291.0,108702.0,3250.0,3253.0,3239.8,3251.5,41452600,3576.6,2926.4,4322.95,2866.6,3241.7,6,1,3241.6,1,1,3241.5,1,1,3241.2,8,5,3241.1,185,3,3242.2,15,3,3242.4,9,1,3242.5,163,5,3242.6,186,3,3242.8,282,9
11536,2025-12-30 09:51:03+05:30,3242.2,2,3245.94,105368,89885.0,107492.0,3250.0,3253.0,3239.8,3251.5,41452600,3576.6,2926.4,4322.95,2866.6,3241.7,6,1,3241.6,1,1,3241.5,1,1,3241.2,8,5,3241.1,7,2,3242.2,25,4,3242.3,9,1,3242.4,169,2,3242.5,117,3,3242.6,219,6
11536,2025-12-30 09:51:04+05:30,3241.9,47,3245.94,105428,88605.0,109334.0,3250.0,3253.0,3239.8,3251.5,41452600,3576.6,2926.4,4322.95,2866.6,3241.6,1,1,3241.5,1,1,3241.2,8,5,3241.1,7,2,3241.0,642,9,3242.1,92,8,3242.2,193,7,3242.3,12,1,3242.4,193,5,3242.5,159,5
11536,2025-12-30 09:51:05+05:30,3242.1,1,3245.94,105428,88605.0,109334.0,3250.0,3253.0,3239.8,3251.5,41452600,3576.6,2926.4,4322.95,2866.6,3241.6,1,1,3241.5,1,1,3241.2,8,5,3241.1,7,2,3241.0,642,9,3242.1,92,8,3242.2,193,7,3242.3,12,1,3242.4,193,5,3242.5,159,5
11536,2025-12-30 09:51:06+05:30,3242.1,1,3245.94,105432,88991.0,108994.0,3250.0,3253.0,3239.8,3251.5,41452600,3576.6,2926.4,4322.95,2866.6,3241.6,1,1,3241.5,1,1,3241.2,8,5,3241.1,7,2,3241.0,642,9,3242.1,75,6,3242.2,17,2,3242.4,46,5,3242.5,160,6,3242.6,234,6
11536,2025-12-30 09:51:06+05:30,3242.1,1,3245.94,105432,88991.0,108994.0,3250.0,3253.0,3239.8,3251.5,41452600,3576.6,2926.4,4322.95,2866.6,3241.6,1,1,3241.5,1,1,3241.2,8,5,3241.1,7,2,3241.0,642,9,3242.1,75,6,3242.2,17,2,3242.4,46,5,3242.5,160,6,3242.6,234,6
11536,2025-12-30 09:51:07+05:30,3242.4,41,3245.93,105530,89926.0,107716.0,3250.0,3253.0,3239.8,3251.5,41452600,3576.6,2926.4,4322.95,2866.6,3241.6,1,1,3241.5,1,1,3241.2,22,6,3241.1,206,4,3241.0,666,10,3242.5,82,6,3242.6,210,3,3242.7,9,1,3242.8,219,6,3242.9,35,2
11536,2025-12-30 09:51:07+05:30,3241.6,1,3245.93,105530,89926.0,107716.0,3250.0,3253.0,3239.8,3251.5,41452600,3576.6,2926.4,4322.95,2866.6,3241.6,1,1,3241.5,1,1,3241.2,22,6,3241.1,206,4,3241.0,666,10,3242.5,82,6,3242.6,210,3,3242.7,9,1,3242.8,219,6,3242.9,35,2
11536,2025-12-30 09:51:08+05:30,3241.6,1,3245.93,105531,90009.0,108381.0,3250.0,3253.0,3239.8,3251.5,41452600,3576.6,2926.4,4322.95,2866.6,3241.6,51,2,3241.5,1,1,3241.2,32,6,3241.1,7,2,3241.0,666,10,3242.5,158,8,3242.6,199,3,3242.8,219,6,3242.9,44,3,3243.0,275,7
11536,2025-12-30 09:51:09+05:30,3241.6,5,3245.93,105589,89082.0,108724.0,3250.0,3253.0,3239.8,3251.5,41452600,3576.6,2926.4,4322.95,2866.6,3241.5,1,1,3241.2,8,5,3241.1,7,2,3241.0,692,11,3240.9,14,3,3242.1,54,3,3242.2,9,1,3242.3,1,1,3242.4,13,1,3242.5,145,7
11536,2025-12-30 09:51:09+05:30,3241.6,5,3245.93,105589,89082.0,108724.0,3250.0,3253.0,3239.8,3251.5,41452600,3576.6,2926.4,4322.95,2866.6,3241.5,1,1,3241.2,8,5,3241.1,7,2,3241.0,692,11,3240.9,14,3,3242.1,54,3,3242.2,9,1,3242.3,1,1,3242.4,13,1,3242.5,145,7
11536,2025-12-30 09:51:10+05:30,3241.5,2,3245.93,105589,89082.0,108724.0,3250.0,3253.0,3239.8,3251.5,41452600,3576.6,2926.4,4322.95,2866.6,3241.5,1,1,3241.2,8,5,3241.1,7,2,3241.0,692,11,3240.9,14,3,3242.1,54,3,3242.2,9,1,3242.3,1,1,3242.4,13,1,3242.5,145,7
11536,2025-12-30 09:51:10+05:30,3241.5,2,3245.93,105591,89393.0,108761.0,3250.0,3253.0,3239.8,3251.5,41452600,3576.6,2926.4,4322.95,2866.6,3241.2,8,5,3241.1,15,3,3241.0,666,10,3240.9,14,3,3240.8,81,4,3241.4,2,1,3242.2,21,1,3242.3,12,3,3242.4,211,4,3242.5,319,7
11536,2025-12-30 09:51:11+05:30,3241.4,1,3245.93,105591,89393.0,108761.0,3250.0,3253.0,3239.8,3251.5,41452600,3576.6,2926.4,4322.95,2866.6,3241.2,8,5,3241.1,15,3,3241.0,666,10,3240.9,14,3,3240.8,81,4,3241.4,2,1,3242.2,21,1,3242.3,12,3,3242.4,211,4,3242.5,319,7
11536,2025-12-30 09:51:11+05:30,3241.4,1,3245.93,105604,90808.0,107459.0,3250.0,3253.0,3239.8,3251.5,41452600,3576.6,2926.4,4322.95,2866.6,3241.4,69,6,3241.3,43,3,3241.2,104,10,3241.1,198,4,3241.0,736,16,3242.3,1,1,3242.5,122,4,3242.6,3,1,3242.8,3,1,3243.0,197,3
11536,2025-12-30 09:51:12+05:30,3241.4,7,3245.93,105604,90808.0,107459.0,3250.0,3253.0,3239.8,3251.5,41452600,3576.6,2926.4,4322.95,2866.6,3241.4,57,6,3241.3,43,3,3241.2,36,8,3241.1,20,3,3241.0,728,15,3242.0,7,2,3242.3,1,1,3242.5,116,3,3242.6,3,1,3242.8,24,2
11536,2025-12-30 09:51:12+05:30,3241.4,7,3245.93,105613,90509.0,106894.0,3250.0,3253.0,3239.8,3251.5,41452600,3576.6,2926.4,4322.95,2866.6,3241.4,57,6,3241.3,43,3,3241.2,36,8,3241.1,20,3,3241.0,728,15,3242.0,7,2,3242.3,1,1,3242.5,116,3,3242.6,3,1,3242.8,24,2
11536,2025-12-30 09:51:13+05:30,3242.0,2,3245.93,105613,90509.0,106894.0,3250.0,3253.0,3239.8,3251.5,41452600,3576.6,2926.4,4322.95,2866.6,3241.4,5,2,3241.3,30,3,3241.2,28,7,3241.1,57,4,3241.0,726,14,3242.0,6,3,3242.3,1,1,3242.5,116,3,3242.6,3,1,3242.8,24,2
11536,2025-12-30 09:51:13+05:30,3242.0,2,3245.93,105615,90561.0,106704.0,3250.0,3253.0,3239.8,3251.5,41452600,3576.6,2926.4,4322.95,2866.6,3241.4,5,2,3241.3,30,3,3241.2,28,7,3241.1,57,4,3241.0,726,14,3242.0,6,3,3242.3,1,1,3242.5,116,3,3242.6,3,1,3242.8,24,2
11536,2025-12-30 09:51:14+05:30,3242.0,2,3245.93,105615,90520.0,106713.0,3250.0,3253.0,3239.8,3251.5,41452600,3576.6,2926.4,4322.95,2866.6,3241.4,5,2,3241.3,26,2,3241.2,28,7,3241.1,20,3,3241.0,726,14,3242.0,6,3,3242.3,1,1,3242.5,116,3,3242.6,3,1,3242.8,24,2
11536,2025-12-30 09:51:15+05:30,3242.0,1,3245.93,105618,91090.0,106719.0,3250.0,3253.0,3239.8,3251.5,41452600,3576.6,2926.4,4322.95,2866.6,3241.4,11,3,3241.3,71,4,3241.2,19,6,3241.1,20,3,3241.0,726,14,3242.0,5,3,3242.5,116,3,3242.6,25,2,3242.8,24,2,3242.9,1,1
11536,2025-12-30 09:51:15+05:30,3241.4,1,3245.93,105618,91090.0,106719.0,3250.0,3253.0,3239.8,3251.5,41452600,3576.6,2926.4,4322.95,2866.6,3241.4,11,3,3241.3,71,4,3241.2,19,6,3241.1,20,3,3241.0,726,14,3242.0,5,3,3242.5,116,3,3242.6,25,2,3242.8,24,2,3242.9,1,1
11536,2025-12-30 09:51:15+05:30,3241.4,1,3245.93,105619,91089.0,106727.0,3250.0,3253.0,3239.8,3251.5,41452600,3576.6,2926.4,4322.95,2866.6,3241.5,23,5,3241.4,30,3,3241.3,93,5,3241.2,44,8,3241.1,20,3,3242.0,5,3,3242.5,116,3,3242.6,3,1,3242.8,24,2,3243.0,197,3
11536,2025-12-30 09:51:16+05:30,3241.5,1,3245.93,105619,91089.0,106727.0,3250.0,3253.0,3239.8,3251.5,41452600,3576.6,2926.4,4322.95,2866.6,3241.5,23,5,3241.4,30,3,3241.3,93,5,3241.2,44,8,3241.1,20,3,3242.0,5,3,3242.5,116,3,3242.6,3,1,3242.8,24,2,3243.0,197,3
11536,2025-12-30 09:51:17+05:30,3242.0,1,3245.93,105619,91089.0,106727.0,3250.0,3253.0,3239.8,3251.5,41452600,3576.6,2926.4,4322.95,2866.6,3241.5,23,5,3241.4,30,3,3241.3,93,5,3241.2,44,8,3241.1,20,3,3242.0,5,3,3242.5,116,3,3242.6,3,1,3242.8,24,2,3243.0,197,3
11536,2025-12-30 09:51:17+05:30,3242.0,14,3245.93,105639,91409.0,103921.0,3250.0,3253.0,3239.8,3251.5,41452600,3576.6,2926.4,4322.95,2866.6,3241.8,27,6,3241.6,64,5,3241.5,218,6,3241.4,219,9,3241.3,28,2,3242.5,116,3,3243.0,41,2,3243.2,22,1,3243.4,21,1,3243.6,104,5
11536,2025-12-30 09:51:18+05:30,3241.8,2,3245.93,105639,91409.0,103921.0,3250.0,3253.0,3239.8,3251.5,41452600,3576.6,2926.4,4322.95,2866.6,3241.8,27,6,3241.6,64,5,3241.5,218,6,3241.4,219,9,3241.3,28,2,3242.5,116,3,3243.0,41,2,3243.2,22,1,3243.4,21,1,3243.6,104,5
11536,2025-12-30 09:51:18+05:30,3241.8,2,3245.93,105641,93316.0,103919.0,3250.0,3253.0,3239.8,3251.5,41452600,3576.6,2926.4,4322.95,2866.6,3241.8,21,5,3241.7,213,4,3241.6,80,7,3241.5,32,4,3241.4,107,5,3242.5,120,6,3243.0,20,1,3243.2,22,1,3243.4,21,1,3243.6,222,5
11536,2025-12-30 09:51:19+05:30,3241.8,2,3245.93,105641,93459.0,105732.0,3250.0,3253.0,3239.8,3251.5,41452600,3576.6,2926.4,4322.95,2866.6,3242.2,21,4,3242.1,20,3,3242.0,38,2,3241.9,27,2,3241.8,84,6,3242.5,120,6,3243.0,20,1,3243.2,22,1,3243.4,21,1,3243.6,245,5
11536,2025-12-30 09:51:20+05:30,3242.5,4,3245.93,105641,93459.0,105732.0,3250.0,3253.0,3239.8,3251.5,41452600,3576.6,2926.4,4322.95,2866.6,3242.2,21,4,3242.1,20,3,3242.0,38,2,3241.9,27,2,3241.8,84,6,3242.5,120,6,3243.0,20,1,3243.2,22,1,3243.4,21,1,3243.6,245,5
11536,2025-12-30 09:51:20+05:30,3242.2,5,3245.93,105667,93529.0,105625.0,3250.0,3253.0,3239.8,3251.5,41452600,3576.6,2926.4,4322.95,2866.6,3242.2,2,2,3242.1,2,1,3242.0,20,1,3241.9,31,2,3241.8,72,5,3242.5,114,5,3243.0,20,1,3243.4,21,1,3243.6,254,7,3243.8,298,7
11536,2025-12-30 09:51:21+05:30,3242.2,5,3245.93,105667,93529.0,105625.0,3250.0,3253.0,3239.8,3251.5,41452600,3576.6,2926.4,4322.95,2866.6,3242.2,2,2,3242.1,2,1,3242.0,20,1,3241.9,31,2,3241.8,72,5,3242.5,114,5,3243.0,20,1,3243.4,21,1,3243.6,254,7,3243.8,298,7
11536,2025-12-30 09:51:21+05:30,3242.2,1,3245.93,105668,93585.0,105431.0,3250.0,3253.0,3239.8,3251.5,41452600,3576.6,2926.4,4322.95,2866.6,3242.2,7,2,3242.0,20,1,3241.9,19,1,3241.8,69,5,3241.7,47,3,3242.5,114,5,3243.0,20,1,3243.4,21,1,3243.5,12,1,3243.6,254,7
11536,2025-12-30 09:51:22+05:30,3242.2,1,3245.93,105668,93585.0,105431.0,3250.0,3253.0,3239.8,3251.5,41452600,3576.6,2926.4,4322.95,2866.6,3242.2,7,2,3242.0,20,1,3241.9,19,1,3241.8,69,5,3241.7,47,3,3242.5,114,5,3243.0,20,1,3243.4,21,1,3243.5,12,1,3243.6,254,7
11536,2025-12-30 09:51:22+05:30,3242.2,1,3245.93,105668,93215.0,106133.0,3250.0,3253.0,3239.8,3251.5,41452600,3576.6,2926.4,4322.95,2866.6,3242.4,6,1,3242.2,1,1,3242.0,3,1,3241.9,2,1,3241.8,56,3,3242.5,114,5,3242.9,25,2,3243.0,74,3,3243.1,11,1,3243.3,20,2
11536,2025-12-30 09:51:23+05:30,3242.4,1,3245.93,105668,93215.0,106133.0,3250.0,3253.0,3239.8,3251.5,41452600,3576.6,2926.4,4322.95,2866.6,3242.4,6,1,3242.2,1,1,3242.0,3,1,3241.9,2,1,3241.8,56,3,3242.5,114,5,3242.9,25,2,3243.0,74,3,3243.1,11,1,3243.3,20,2
11536,2025-12-30 09:51:23+05:30,3242.4,1,3245.93,105676,92933.0,105911.0,3250.0,3253.0,3239.8,3251.5,41452600,3576.6,2926.4,4322.95,2866.6,3242.4,6,2,3242.2,1,1,3242.0,3,1,3241.9,2,1,3241.8,64,4,3242.5,113,4,3243.0,56,2,3243.1,15,1,3243.2,21,1,3243.3,45,3
11536,2025-12-30 09:51:24+05:30,3242.4,1,3245.93,105676,92933.0,105911.0,3250.0,3253.0,3239.8,3251.5,41452600,3576.6,2926.4,4322.95,2866.6,3242.4,6,2,3242.2,1,1,3242.0,3,1,3241.9,2,1,3241.8,64,4,3242.5,113,4,3243.0,56,2,3243.1,15,1,3243.2,21,1,3243.3,45,3
11536,2025-12-30 09:51:24+05:30,3243.6,134,3245.91,106176,94218.0,103207.0,3250.0,3253.0,3239.8,3251.5,41452600,3576.6,2926.4,4322.95,2866.6,3242.4,53,3,3242.2,64,3,3242.1,167,1,3242.0,66,3,3241.9,88,4,3243.5,33,4,3243.6,37,4,3243.7,3,1,3243.8,20,2,3243.9,116,6
11536,2025-12-30 09:51:25+05:30,3241.4,131,3245.91,106176,94218.0,103207.0,3250.0,3253.0,3239.8,3251.5,41452600,3576.6,2926.4,4322.95,2866.6,3242.4,53,3,3242.2,64,3,3242.1,167,1,3242.0,66,3,3241.9,88,4,3243.5,33,4,3243.6,37,4,3243.7,3,1,3243.8,20,2,3243.9,116,6
11536,2025-12-30 09:51:25+05:30,3242.3,1,3245.86,107686,93428.0,103553.0,3250.0,3253.0,3239.8,3251.5,41452600,3576.6,2926.4,4322.95,2866.6,3242.3,21,2,3242.1,18,2,3241.7,224,3,3241.6,45,5,3241.5,45,3,3243.4,83,6,3243.5,17,2,3243.6,25,2,3243.7,27,2,3243.8,41,3
11536,2025-12-30 09:51:26+05:30,3242.3,1,3245.86,107686,93428.0,103553.0,3250.0,3253.0,3239.8,3251.5,41452600,3576.6,2926.4,4322.95,2866.6,3242.3,21,2,3242.1,18,2,3241.7,224,3,3241.6,45,5,3241.5,45,3,3243.4,83,6,3243.5,17,2,3243.6,25,2,3243.7,27,2,3243.8,41,3
11536,2025-12-30 09:51:27+05:30,3242.3,1,3245.86,107686,93894.0,104332.0,3250.0,3253.0,3239.8,3251.5,41452600,3576.6,2926.4,4322.95,2866.6,3242.2,28,3,3242.1,18,2,3241.8,3,2,3241.7,200,2,3241.6,65,5,3243.4,151,8,3243.5,17,2,3243.6,25,2,3243.7,27,2,3243.8,227,5
11536,2025-12-30 09:51:28+05:30,3242.2,40,3245.86,107686,93894.0,104332.0,3250.0,3253.0,3239.8,3251.5,41452600,3576.6,2926.4,4322.95,2866.6,3242.2,28,3,3242.1,18,2,3241.8,3,2,3241.7,200,2,3241.6,65,5,3243.4,151,8,3243.5,17,2,3243.6,25,2,3243.7,27,2,3243.8,227,5
11536,2025-12-30 09:51:28+05:30,3242.2,40,3245.85,107762,93640.0,104700.0,3250.0,3253.0,3239.8,3251.5,41452600,3576.6,2926.4,4322.95,2866.6,3242.2,15,1,3242.1,18,2,3241.8,1,1,3241.7,200,2,3241.6,63,4,3243.4,150,8,3243.5,36,3,3243.6,25,2,3243.7,88,3,3243.8,227,5
11536,2025-12-30 09:51:29+05:30,3242.1,11,3245.85,107762,93640.0,104700.0,3250.0,3253.0,3239.8,3251.5,41452600,3576.6,2926.4,4322.95,2866.6,3242.2,15,1,3242.1,18,2,3241.8,1,1,3241.7,200,2,3241.6,63,4,3243.4,150,8,3243.5,36,3,3243.6,25,2,3243.7,88,3,3243.8,227,5
11536,2025-12-30 09:51:29+05:30,3242.1,11,3245.85,107870,91685.0,106385.0,3250.0,3253.0,3239.8,3251.5,41452600,3576.6,2926.4,4322.95,2866.6,3241.4,16,3,3241.3,7,1,3241.2,88,10,3241.1,78,8,3241.0,682,12,3242.1,6,2,3242.8,44,2,3242.9,46,3,3243.0,245,3,3243.1,274,5
11536,2025-12-30 09:51:30+05:30,3242.1,11,3245.85,107870,91031.0,107842.0,3250.0,3253.0,3239.8,3251.5,41452600,3576.6,2926.4,4322.95,2866.6,3241.3,13,1,3241.2,76,9,3241.1,59,5,3241.0,696,14,3240.9,75,6,3242.1,8,3,3242.7,10,1,3242.8,65,3,3242.9,46,3,3243.0,253,4
11536,2025-12-30 09:51:31+05:30,3242.1,11,3245.85,107870,91039.0,107966.0,3250.0,3253.0,3239.8,3251.5,41452600,3576.6,2926.4,4322.95,2866.6,3241.3,13,1,3241.2,76,9,3241.1,59,5,3241.0,696,14,3240.9,75,6,3242.1,8,3,3242.7,10,1,3242.8,65,3,3242.9,226,4,3243.0,253,4
11536,2025-12-30 09:51:32+05:30,3242.1,1,3245.85,107870,91039.0,107966.0,3250.0,3253.0,3239.8,3251.5,41452600,3576.6,2926.4,4322.95,2866.6,3241.3,13,1,3241.2,76,9,3241.1,59,5,3241.0,696,14,3240.9,75,6,3242.1,8,3,3242.7,10,1,3242.8,65,3,3242.9,226,4,3243.0,253,4
11536,2025-12-30 09:51:32+05:30,3242.1,1,3245.84,108000,91435.0,107669.0,3250.0,3253.0,3239.8,3251.5,41452600,3576.6,2926.4,4322.95,2866.6,3241.3,71,5,3241.2,14,4,3241.1,24,4,3241.0,682,12,3240.9,148,9,3242.1,4,2,3242.7,71,2,3242.8,64,2,3242.9,200,5,3243.0,177,2
11536,2025-12-30 09:51:33+05:30,3242.1,1,3245.84,108000,91435.0,107669.0,3250.0,3253.0,3239.8,3251.5,41452600,3576.6,2926.4,4322.95,2866.6,3241.3,71,5,3241.2,14,4,3241.1,24,4,3241.0,682,12,3240.9,148,9,3242.1,4,2,3242.7,71,2,3242.8,64,2,3242.9,200,5,3243.0,177,2
11536,2025-12-30 09:51:33+05:30,3242.1,1,3245.84,108018,91453.0,107763.0,3250.0,3253.0,3239.8,3251.5,41452600,3576.6,2926.4,4322.95,2866.6,3241.3,18,2,3241.2,54,5,3241.1,24,4,3241.0,712,13,3240.9,112,8,3242.1,2,2,3242.5,14,1,3242.6,5,1,3242.7,114,4,3242.8,64,2
11536,2025-12-30 09:51:34+05:30,3243.0,6,3245.84,108018,91453.0,107763.0,3250.0,3253.0,3239.8,3251.5,41452600,3576.6,2926.4,4322.95,2866.6,3241.3,18,2,3241.2,54,5,3241.1,24,4,3241.0,712,13,3240.9,112,8,3242.1,2,2,3242.5,14,1,3242.6,5,1,3242.7,114,4,3242.8,64,2
11536,2025-12-30 09:51:34+05:30,3243.0,6,3245.83,108646,91823.0,106239.0,3250.0,3253.0,3239.8,3251.5,41452600,3576.6,2926.4,4322.95,2866.6,3241.6,27,2,3241.5,27,1,3241.4,232,6,3241.3,69,4,3241.2,85,5,3242.9,140,8,3243.0,48,3,3243.1,158,1,3243.2,230,4,3243.3,53,4
11536,2025-12-30 09:51:35+05:30,3242.9,1,3245.83,108646,91823.0,106239.0,3250.0,3253.0,3239.8,3251.5,41452600,3576.6,2926.4,4322.95,2866.6,3241.6,27,2,3241.5,27,1,3241.4,232,6,3241.3,69,4,3241.2,85,5,3242.9,140,8,3243.0,48,3,3243.1,158,1,3243.2,230,4,3243.3,53,4
11536,2025-12-30 09:51:35+05:30,3242.9,1,3245.83,108651,92854.0,106277.0,3250.0,3253.0,3239.8,3251.5,41452600,3576.6,2926.4,4322.95,2866.6,3241.8,14,2,3241.7,24,3,3241.6,75,5,3241.5,37,2,3241.4,239,5,3242.9,83,4,3243.2,245,5,3243.3,53,4,3243.4,297,5,3243.5,61,2
11536,2025-12-30 09:51:36+05:30,3242.9,10,3245.83,108651,92854.0,106277.0,3250.0,3253.0,3239.8,3251.5,41452600,3576.6,2926.4,4322.95,2866.6,3241.8,14,2,3241.7,24,3,3241.6,75,5,3241.5,37,2,3241.4,239,5,3242.9,83,4,3243.2,245,5,3243.3,53,4,3243.4,297,5,3243.5,61,2
11536,2025-12-30 09:51:36+05:30,3242.9,10,3245.83,108661,94308.0,106180.0,3250.0,3253.0,3239.8,3251.5,41452600,3576.6,2926.4,4322.95,2866.6,3242.1,8,2,3242.0,1000,1,3241.8,14,2,3241.7,10,1,3241.6,121,7,3242.9,12,3,3243.2,20,1,3243.3,177,3,3243.4,290,4,3243.5,18,1
11536,2025-12-30 09:51:37+05:30,3242.2,26,3245.82,108745,94581.0,106155.0,3250.0,3253.0,3239.8,3251.5,41452600,3576.6,2926.4,4322.95,2866.6,3242.3,1,1,3242.2,11,1,3242.1,8,2,3242.0,1000,1,3241.7,10,1,3242.9,19,5,3243.0,1,1,3243.2,20,1,3243.3,89,4,3243.4,37,1
11536,2025-12-30 09:51:38+05:30,3242.3,1,3245.82,108745,94581.0,106155.0,3250.0,3253.0,3239.8,3251.5,41452600,3576.6,2926.4,4322.95,2866.6,3242.3,1,1,3242.2,11,1,3242.1,8,2,3242.0,1000,1,3241.7,10,1,3242.9,19,5,3243.0,1,1,3243.2,20,1,3243.3,89,4,3243.4,37,1
11536,2025-12-30 09:51:38+05:30,3242.4,1,3245.82,108747,94649.0,105709.0,3250.0,3253.0,3239.8,3251.5,41452600,3576.6,2926.4,4322.95,2866.6,3242.4,6,1,3242.3,15,3,3242.2,21,2,3242.1,9,3,3242.0,1020,3,3242.9,17,3,3243.0,1,1,3243.2,11,1,3243.3,1,1,3243.4,15,1
11536,2025-12-30 09:51:39+05:30,3242.9,1,3245.82,108747,94649.0,105709.0,3250.0,3253.0,3239.8,3251.5,41452600,3576.6,2926.4,4322.95,2866.6,3242.4,6,1,3242.3,15,3,3242.2,21,2,3242.1,9,3,3242.0,1020,3,3242.9,17,3,3243.0,1,1,3243.2,11,1,3243.3,1,1,3243.4,15,1
11536,2025-12-30 09:51:39+05:30,3242.9,1,3245.82,108748,94831.0,105924.0,3250.0,3253.0,3239.8,3251.5,41452600,3576.6,2926.4,4322.95,2866.6,3242.7,11,1,3242.3,1,1,3242.1,2,2,3242.0,1020,3,3241.8,2,1,3242.9,21,5,3243.0,1,1,3243.2,24,2,3243.3,1,1,3243.4,42,1
11536,2025-12-30 09:51:40+05:30,3242.7,1,3245.82,108748,94831.0,105924.0,3250.0,3253.0,3239.8,3251.5,41452600,3576.6,2926.4,4322.95,2866.6,3242.7,11,1,3242.3,1,1,3242.1,2,2,3242.0,1020,3,3241.8,2,1,3242.9,21,5,3243.0,1,1,3243.2,24,2,3243.3,1,1,3243.4,42,1
11536,2025-12-30 09:51:40+05:30,3242.7,1,3245.82,108749,94803.0,105946.0,3250.0,3253.0,3239.8,3251.5,41452600,3576.6,2926.4,4322.95,2866.6,3242.7,10,1,3242.3,1,1,3242.1,2,2,3242.0,1020,3,3241.8,2,1,3242.9,19,4,3243.0,1,1,3243.2,24,2,3243.3,57,3,3243.5,18,1
11536,2025-12-30 09:51:41+05:30,3242.7,12,3245.82,108749,94803.0,105946.0,3250.0,3253.0,3239.8,3251.5,41452600,3576.6,2926.4,4322.95,2866.6,3242.7,10,1,3242.3,1,1,3242.1,2,2,3242.0,1020,3,3241.8,2,1,3242.9,19,4,3243.0,1,1,3243.2,24,2,3243.3,57,3,3243.5,18,1
11536,2025-12-30 09:51:41+05:30,3242.7,12,3245.82,108761,94989.0,105993.0,3250.0,3253.0,3239.8,3251.5,41452600,3576.6,2926.4,4322.95,2866.6,3242.8,37,1,3242.3,1,1,3242.1,2,2,3242.0,1020,3,3241.8,2,1,3242.9,18,4,3243.0,1,1,3243.2,24,2,3243.3,57,3,3243.5,66,2
11536,2025-12-30 09:51:42+05:30,3242.8,1,3245.82,108761,94989.0,105993.0,3250.0,3253.0,3239.8,3251.5,41452600,3576.6,2926.4,4322.95,2866.6,3242.8,37,1,3242.3,1,1,3242.1,2,2,3242.0,1020,3,3241.8,2,1,3242.9,18,4,3243.0,1,1,3243.2,24,2,3243.3,57,3,3243.5,66,2
11536,2025-12-30 09:51:42+05:30,3242.8,1,3245.82,108764,96796.0,102035.0,3250.0,3253.0,3239.8,3251.5,41452600,3576.6,2926.4,4322.95,2866.6,3242.8,56,5,3242.7,7,1,3242.6,48,1,3242.5,16,1,3242.4,112,5,3242.9,15,2,3243.9,7,1,3244.0,174,3,3244.1,24,1,3244.2,21,1
11536,2025-12-30 09:51:43+05:30,3242.9,2,3245.82,108764,96796.0,102035.0,3250.0,3253.0,3239.8,3251.5,41452600,3576.6,2926.4,4322.95,2866.6,3242.8,56,5,3242.7,7,1,3242.6,48,1,3242.5,16,1,3242.4,112,5,3242.9,15,2,3243.9,7,1,3244.0,174,3,3244.1,24,1,3244.2,21,1
11536,2025-12-30 09:51:43+05:30,3242.9,2,3245.82,108780,97621.0,101955.0,3250.0,3253.0,3239.8,3251.5,41452600,3576.6,2926.4,4322.95,2866.6,3243.0,24,3,3242.9,38,3,3242.8,99,5,3242.6,51,2,3242.5,201,5,3244.0,138,2,3244.1,12,1,3244.3,16,1,3244.4,68,4,3244.5,37,2
11536,2025-12-30 09:51:44+05:30,3242.9,2,3245.82,108780,96795.0,101538.0,3250.0,3253.0,3239.8,3251.5,41452600,3576.6,2926.4,4322.95,2866.6,3243.3,58,2,3243.2,10,1,3243.1,7,1,3243.0,75,3,3242.9,4,1,3243.9,7,1,3244.0,250,3,3244.1,12,1,3244.3,12,1,3244.5,12,1
11536,2025-12-30 09:51:45+05:30,3242.9,2,3245.82,108780,96760.0,101588.0,3250.0,3253.0,3239.8,3251.5,41452600,3576.6,2926.4,4322.95,2866.6,3243.9,1,1,3243.8,36,2,3243.3,7,1,3243.0,75,3,3242.9,5,2,3244.0,260,4,3244.3,17,2,3244.4,16,1,3244.5,33,2,3244.6,38,2
11536,2025-12-30 09:51:46+05:30,3243.8,2,3245.82,108780,96760.0,101588.0,3250.0,3253.0,3239.8,3251.5,41452600,3576.6,2926.4,4322.95,2866.6,3243.9,1,1,3243.8,36,2,3243.3,7,1,3243.0,75,3,3242.9,5,2,3244.0,260,4,3244.3,17,2,3244.4,16,1,3244.5,33,2,3244.6,38,2
11536,2025-12-30 09:51:46+05:30,3243.9,1,3245.82,108784,98502.0,101638.0,3250.0,3253.0,3239.8,3251.5,41452600,3576.6,2926.4,4322.95,2866.6,3243.8,34,2,3243.3,7,1,3243.0,4,1,3242.9,5,2,3242.8,58,5,3243.9,1,1,3244.0,249,2,3244.2,12,1,3244.3,17,2,3244.4,16,1
11536,2025-12-30 09:51:47+05:30,3243.9,1,3245.82,108784,98502.0,101638.0,3250.0,3253.0,3239.8,3251.5,41452600,3576.6,2926.4,4322.95,2866.6,3243.8,34,2,3243.3,7,1,3243.0,4,1,3242.9,5,2,3242.8,58,5,3243.9,1,1,3244.0,249,2,3244.2,12,1,3244.3,17,2,3244.4,16,1
11536,2025-12-30 09:51:47+05:30,3243.9,1,3245.82,108784,98275.0,101577.0,3250.0,3253.0,3239.8,3251.5,41452600,3576.6,2926.4,4322.95,2866.6,3243.8,34,2,3243.3,7,1,3243.0,4,1,3242.9,5,2,3242.8,58,5,3243.9,1,1,3244.0,249,2,3244.2,12,1,3244.3,17,2,3244.4,16,1
11536,2025-12-30 09:51:48+05:30,3244.0,17,3245.82,108784,98275.0,101577.0,3250.0,3253.0,3239.8,3251.5,41452600,3576.6,2926.4,4322.95,2866.6,3243.8,34,2,3243.3,7,1,3243.0,4,1,3242.9,5,2,3242.8,58,5,3243.9,1,1,3244.0,249,2,3244.2,12,1,3244.3,17,2,3244.4,16,1
11536,2025-12-30 09:51:48+05:30,3244.0,17,3245.82,108801,99021.0,101232.0,3250.0,3253.0,3239.8,3251.5,41452600,3576.6,2926.4,4322.95,2866.6,3243.8,34,2,3243.3,7,1,3243.1,46,1,3243.0,55,4,3242.9,202,4,3244.0,233,3,3244.3,5,1,3244.6,16,1,3244.7,24,1,3244.8,58,5
11536,2025-12-30 09:51:49+05:30,3244.0,17,3245.82,108801,98122.0,101275.0,3250.0,3253.0,3239.8,3251.5,41452600,3576.6,2926.4,4322.95,2866.6,3243.9,34,2,3243.8,2,1,3243.3,7,1,3243.0,55,4,3242.9,154,3,3244.0,243,4,3244.3,5,1,3244.4,46,1,3244.5,24,2,3244.6,63,2
11536,2025-12-30 09:51:50+05:30,3244.0,1,3245.82,108801,98122.0,101275.0,3250.0,3253.0,3239.8,3251.5,41452600,3576.6,2926.4,4322.95,2866.6,3243.9,34,2,3243.8,2,1,3243.3,7,1,3243.0,55,4,3242.9,154,3,3244.0,243,4,3244.3,5,1,3244.4,46,1,3244.5,24,2,3244.6,63,2
11536,2025-12-30 09:51:50+05:30,3244.0,1,3245.82,108802,97591.0,101488.0,3250.0,3253.0,3239.8,3251.5,41452600,3576.6,2926.4,4322.95,2866.6,3243.9,34,2,3243.8,2,1,3243.3,7,1,3243.0,53,3,3242.9,154,3,3244.0,232,3,3244.2,24,2,3244.3,5,1,3244.4,58,2,3244.5,12,1
11536,2025-12-30 09:51:51+05:30,3243.9,3,3245.82,108805,95514.0,101233.0,3250.0,3253.0,3239.8,3251.5,41452600,3576.6,2926.4,4322.95,2866.6,3243.9,31,2,3243.8,2,1,3243.3,7,1,3243.0,53,3,3242.9,201,4,3244.0,231,2,3244.3,5,1,3244.5,12,1,3244.6,16,1,3244.7,24,1
11536,2025-12-30 09:51:52+05:30,3244.0,2,3245.82,108805,95514.0,101233.0,3250.0,3253.0,3239.8,3251.5,41452600,3576.6,2926.4,4322.95,2866.6,3243.9,31,2,3243.8,2,1,3243.3,7,1,3243.0,53,3,3242.9,201,4,3244.0,231,2,3244.3,5,1,3244.5,12,1,3244.6,16,1,3244.7,24,1
11536,2025-12-30 09:51:52+05:30,3244.0,100,3245.82,108908,98357.0,101183.0,3250.0,3253.0,3239.8,3251.5,41452600,3576.6,2926.4,4322.95,2866.6,3243.9,31,2,3243.8,2,1,3243.3,7,1,3243.2,10,1,3243.0,53,3,3244.0,139,4,3244.3,5,1,3244.5,24,2,3244.6,47,2,3244.7,24,1
11536,2025-12-30 09:51:53+05:30,3244.0,10,3245.82,108908,98357.0,101183.0,3250.0,3253.0,3239.8,3251.5,41452600,3576.6,2926.4,4322.95,2866.6,3243.9,31,2,3243.8,2,1,3243.3,7,1,3243.2,10,1,3243.0,53,3,3244.0,139,4,3244.3,5,1,3244.5,24,2,3244.6,47,2,3244.7,24,1
11536,2025-12-30 09:51:53+05:30,3244.0,10,3245.82,108918,98262.0,101618.0,3250.0,3253.0,3239.8,3251.5,41452600,3576.6,2926.4,4322.95,2866.6,3243.9,78,3,3243.8,2,1,3243.3,7,1,3243.2,10,1,3243.1,78,2,3244.0,123,6,3244.3,5,1,3244.5,24,2,3244.6,16,1,3244.7,78,2
11536,2025-12-30 09:51:54+05:30,3243.9,1,3245.82,108918,98262.0,101618.0,3250.0,3253.0,3239.8,3251.5,41452600,3576.6,2926.4,4322.95,2866.6,3243.9,78,3,3243.8,2,1,3243.3,7,1,3243.2,10,1,3243.1,78,2,3244.0,123,6,3244.3,5,1,3244.5,24,2,3244.6,16,1,3244.7,78,2
11536,2025-12-30 09:51:54+05:30,3243.9,1,3245.82,108919,98190.0,101469.0,3250.0,3253.0,3239.8,3251.5,41452600,3576.6,2926.4,4322.95,2866.6,3243.9,77,3,3243.8,2,1,3243.3,7,1,3243.1,78,2,3243.0,28,2,3244.0,21,7,3244.3,17,2,3244.5,43,2,3244.6,16,1,3244.8,264,8
11536,2025-12-30 09:51:55+05:30,3244.0,3,3245.82,108919,98190.0,101469.0,3250.0,3253.0,3239.8,3251.5,41452600,3576.6,2926.4,4322.95,2866.6,3243.9,77,3,3243.8,2,1,3243.3,7,1,3243.1,78,2,3243.0,28,2,3244.0,21,7,3244.3,17,2,3244.5,43,2,3244.6,16,1,3244.8,264,8
11536,2025-12-30 09:51:55+05:30,3243.9,10,3245.82,108953,98205.0,101498.0,3250.0,3253.0,3239.8,3251.5,41452600,3576.6,2926.4,4322.95,2866.6,3243.9,66,3,3243.8,13,2,3243.3,7,1,3243.1,78,2,3243.0,28,2,3244.0,1,1,3244.5,43,2,3244.6,52,2,3244.7,13,1,3244.8,251,7
11536,2025-12-30 09:51:56+05:30,3243.9,10,3245.82,108953,98205.0,101498.0,3250.0,3253.0,3239.8,3251.5,41452600,3576.6,2926.4,4322.95,2866.6,3243.9,66,3,3243.8,13,2,3243.3,7,1,3243.1,78,2,3243.0,28,2,3244.0,1,1,3244.5,43,2,3244.6,52,2,3244.7,13,1,3244.8,251,7
11536,2025-12-30 09:51:56+05:30,3243.9,2,3245.82,108972,97752.0,101508.0,3250.0,3253.0,3239.8,3251.5,41452600,3576.6,2926.4,4322.95,2866.6,3243.9,86,3,3243.8,13,2,3243.3,7,1,3243.1,78,2,3243.0,28,2,3244.0,16,3,3244.5,43,2,3244.6,52,2,3244.8,265,8,3244.9,58,3
11536,2025-12-30 09:51:57+05:30,3243.9,2,3245.82,108972,97752.0,101508.0,3250.0,3253.0,3239.8,3251.5,41452600,3576.6,2926.4,4322.95,2866.6,3243.9,86,3,3243.8,13,2,3243.3,7,1,3243.1,78,2,3243.0,28,2,3244.0,16,3,3244.5,43,2,3244.6,52,2,3244.8,265,8,3244.9,58,3
11536,2025-12-30 09:51:57+05:30,3243.9,2,3245.82,108972,97494.0,101509.0,3250.0,3253.0,3239.8,3251.5,41452600,3576.6,2926.4,4322.95,2866.6,3243.9,88,4,3243.8,13,2,3243.3,7,1,3243.1,17,1,3243.0,55,3,3244.0,17,4,3244.5,43,2,3244.6,7,1,3244.8,265,8,3244.9,47,2
11536,2025-12-30 09:51:58+05:30,3243.9,3,3245.82,108975,97501.0,101508.0,3250.0,3253.0,3239.8,3251.5,41452600,3576.6,2926.4,4322.95,2866.6,3243.9,85,4,3243.8,13,2,3243.3,7,1,3243.1,17,1,3243.0,55,3,3244.0,16,3,3244.5,43,2,3244.6,7,1,3244.8,265,8,3244.9,47,2
11536,2025-12-30 09:51:59+05:30,3243.9,2,3245.82,108975,97501.0,101508.0,3250.0,3253.0,3239.8,3251.5,41452600,3576.6,2926.4,4322.95,2866.6,3243.9,85,4,3243.8,13,2,3243.3,7,1,3243.1,17,1,3243.0,55,3,3244.0,16,3,3244.5,43,2,3244.6,7,1,3244.8,265,8,3244.9,47,2
11536,2025-12-30 09:51:59+05:30,3243.9,2,3245.82,108979,97763.0,101571.0,3250.0,3253.0,3239.8,3251.5,41452600,3576.6,2926.4,4322.95,2866.6,3243.9,81,4,3243.8,13,2,3243.3,7,1,3243.1,17,1,3243.0,55,3,3244.0,15,2,3244.1,12,1,3244.5,55,3,3244.6,31,2,3244.7,43,1
11536,2025-12-30 09:52:00+05:30,3243.9,3,3245.82,108979,97763.0,101571.0,3250.0,3253.0,3239.8,3251.5,41452600,3576.6,2926.4,4322.95,2866.6,3243.9,81,4,3243.8,13,2,3243.3,7,1,3243.1,17,1,3243.0,55,3,3244.0,15,2,3244.1,12,1,3244.5,55,3,3244.6,31,2,3244.7,43,1
11536,2025-12-30 09:52:00+05:30,3243.9,3,3245.82,108982,98009.0,101400.0,3250.0,3253.0,3239.8,3251.5,41452600,3576.6,2926.4,4322.95,2866.6,3243.9,78,4,3243.8,13,2,3243.3,7,1,3243.2,28,1,3243.1,17,1,3244.0,15,2,3244.1,12,1,3244.3,5,1,3244.5,55,3,3244.6,31,2
11536,2025-12-30 09:52:01+05:30,3244.0,1,3245.82,108982,98009.0,101400.0,3250.0,3253.0,3239.8,3251.5,41452600,3576.6,2926.4,4322.95,2866.6,3243.9,78,4,3243.8,13,2,3243.3,7,1,3243.2,28,1,3243.1,17,1,3244.0,15,2,3244.1,12,1,3244.3,5,1,3244.5,55,3,3244.6,31,2
11536,2025-12-30 09:52:01+05:30,3244.0,1,3245.82,108995,97965.0,101362.0,3250.0,3253.0,3239.8,3251.5,41452600,3576.6,2926.4,4322.95,2866.6,3243.9,68,4,3243.8,13,2,3243.3,7,1,3243.2,28,1,3243.1,45,2,3244.0,13,3,3244.5,55,3,3244.6,7,1,3244.8,270,9,3244.9,47,2
11536,2025-12-30 09:52:02+05:30,3244.0,1,3245.82,108995,97965.0,101362.0,3250.0,3253.0,3239.8,3251.5,41452600,3576.6,2926.4,4322.95,2866.6,3243.9,68,4,3243.8,13,2,3243.3,7,1,3243.2,28,1,3243.1,45,2,3244.0,13,3,3244.5,55,3,3244.6,7,1,3244.8,270,9,3244.9,47,2
11536,2025-12-30 09:52:02+05:30,3244.0,1,3245.82,108997,97865.0,101321.0,3250.0,3253.0,3239.8,3251.5,41452600,3576.6,2926.4,4322.95,2866.6,3243.9,69,5,3243.8,17,3,3243.3,7,1,3243.2,56,2,3243.1,34,2,3244.0,11,3,3244.6,7,1,3244.8,298,10,3244.9,47,2,3245.0,118,21
11536,2025-12-30 09:52:03+05:30,3243.9,1,3245.82,108997,97865.0,101321.0,3250.0,3253.0,3239.8,3251.5,41452600,3576.6,2926.4,4322.95,2866.6,3243.9,69,5,3243.8,17,3,3243.3,7,1,3243.2,56,2,3243.1,34,2,3244.0,11,3,3244.6,7,1,3244.8,298,10,3244.9,47,2,3245.0,118,21
11536,2025-12-30 09:52:03+05:30,3243.9,1,3245.82,108998,95069.0,100874.0,3250.0,3253.0,3239.8,3251.5,41452600,3576.6,2926.4,4322.95,2866.6,3243.9,68,5,3243.8,17,3,3243.6,11,1,3243.3,50,3,3243.2,72,4,3244.0,10,2,3244.6,7,1,3244.8,73,6,3244.9,209,4,3245.0,118,21
11536,2025-12-30 09:52:04+05:30,3243.9,4,3245.82,109007,98276.0,100888.0,3250.0,3253.0,3239.8,3251.5,41452600,3576.6,2926.4,4322.95,2866.6,3243.9,59,5,3243.8,17,3,3243.3,33,2,3243.2,61,3,3243.0,99,6,3244.0,10,2,3244.6,7,1,3244.8,73,6,3244.9,209,4,3245.0,123,22
11536,2025-12-30 09:52:05+05:30,3244.0,1,3245.82,109007,98276.0,100888.0,3250.0,3253.0,3239.8,3251.5,41452600,3576.6,2926.4,4322.95,2866.6,3243.9,59,5,3243.8,17,3,3243.3,33,2,3243.2,61,3,3243.0,99,6,3244.0,10,2,3244.6,7,1,3244.8,73,6,3244.9,209,4,3245.0,123,22
11536,2025-12-30 09:52:05+05:30,3244.0,1,3245.82,109010,95332.0,100950.0,3250.0,3253.0,3239.8,3251.5,41452600,3576.6,2926.4,4322.95,2866.6,3243.9,57,5,3243.8,17,3,3243.3,33,2,3243.2,61,3,3243.0,58,5,3244.0,10,3,3244.6,19,2,3244.7,11,1,3244.8,124,9,3244.9,209,4
11536,2025-12-30 09:52:06+05:30,3244.2,11,3245.82,109010,95332.0,100950.0,3250.0,3253.0,3239.8,3251.5,41452600,3576.6,2926.4,4322.95,2866.6,3243.9,57,5,3243.8,17,3,3243.3,33,2,3243.2,61,3,3243.0,58,5,3244.0,10,3,3244.6,19,2,3244.7,11,1,3244.8,124,9,3244.9,209,4
11536,2025-12-30 09:52:06+05:30,3244.2,11,3245.82,109035,96784.0,100719.0,3250.0,3253.0,3239.8,3251.5,41452600,3576.6,2926.4,4322.95,2866.6,3243.9,57,5,3243.8,17,3,3243.3,33,2,3243.2,44,3,3243.1,211,2,3244.6,31,4,3244.7,28,1,3244.8,17,4,3244.9,258,6,3245.0,138,24
11536,2025-12-30 09:52:07+05:30,3243.9,15,3245.82,109035,96784.0,100719.0,3250.0,3253.0,3239.8,3251.5,41452600,3576.6,2926.4,4322.95,2866.6,3243.9,57,5,3243.8,17,3,3243.3,33,2,3243.2,44,3,3243.1,211,2,3244.6,31,4,3244.7,28,1,3244.8,17,4,3244.9,258,6,3245.0,138,24
11536,2025-12-30 09:52:07+05:30,3244.6,2,3245.82,109052,98206.0,100745.0,3250.0,3253.0,3239.8,3251.5,41452600,3576.6,2926.4,4322.95,2866.6,3243.9,42,4,3243.8,17,3,3243.3,33,2,3243.2,46,4,3243.1,211,2,3244.6,19,4,3244.7,39,2,3244.8,15,4,3244.9,99,5,3245.0,138,24
11536,2025-12-30 09:52:08+05:30,3244.6,2,3245.82,109052,98206.0,100745.0,3250.0,3253.0,3239.8,3251.5,41452600,3576.6,2926.4,4322.95,2866.6,3243.9,42,4,3243.8,17,3,3243.3,33,2,3243.2,46,4,3243.1,211,2,3244.6,19,4,3244.7,39,2,3244.8,15,4,3244.9,99,5,3245.0,138,24
11536,2025-12-30 09:52:08+05:30,3244.6,5,3245.82,109057,97952.0,100674.0,3250.0,3253.0,3239.8,3251.5,41452600,3576.6,2926.4,4322.95,2866.6,3243.9,42,4,3243.8,17,3,3243.4,28,1,3243.3,72,5,3243.2,67,5,3244.6,3,3,3244.8,3,3,3244.9,59,3,3245.0,126,23,3245.1,27,2
11536,2025-12-30 09:52:09+05:30,3244.5,37,3245.82,109057,97952.0,100674.0,3250.0,3253.0,3239.8,3251.5,41452600,3576.6,2926.4,4322.95,2866.6,3243.9,42,4,3243.8,17,3,3243.4,28,1,3243.3,72,5,3243.2,67,5,3244.6,3,3,3244.8,3,3,3244.9,59,3,3245.0,126,23,3245.1,27,2
11536,2025-12-30 09:52:09+05:30,3244.5,4,3245.82,109098,99375.0,100974.0,3250.0,3253.0,3239.8,3251.5,41452600,3576.6,2926.4,4322.95,2866.6,3244.5,37,2,3243.9,5,3,3243.8,17,3,3243.3,64,5,3243.2,197,3,3244.6,13,5,3244.8,3,3,3244.9,62,4,3245.0,79,21,3245.1,24,1
11536,2025-12-30 09:52:10+05:30,3244.6,1,3245.82,109098,99375.0,100974.0,3250.0,3253.0,3239.8,3251.5,41452600,3576.6,2926.4,4322.95,2866.6,3244.5,37,2,3243.9,5,3,3243.8,17,3,3243.3,64,5,3243.2,197,3,3244.6,13,5,3244.8,3,3,3244.9,62,4,3245.0,79,21,3245.1,24,1
11536,2025-12-30 09:52:10+05:30,3244.6,1,3245.82,109121,96198.0,100978.0,3250.0,3253.0,3239.8,3251.5,41452600,3576.6,2926.4,4322.95,2866.6,3244.5,15,2,3243.9,5,3,3243.8,17,3,3243.4,2,1,3243.3,64,5,3244.6,12,4,3244.8,31,4,3244.9,45,4,3245.0,79,21,3245.1,58,2
11536,2025-12-30 09:52:11+05:30,3244.6,6,3245.82,109129,98272.0,101183.0,3250.0,3253.0,3239.8,3251.5,41452600,3576.6,2926.4,4322.95,2866.6,3244.5,15,2,3243.9,5,3,3243.8,17,3,3243.3,64,5,3243.2,20,1,3244.6,16,6,3244.7,14,1,3244.8,14,4,3244.9,34,3,3245.0,160,24
11536,2025-12-30 09:52:12+05:30,3244.6,1,3245.82,109129,98272.0,101183.0,3250.0,3253.0,3239.8,3251.5,41452600,3576.6,2926.4,4322.95,2866.6,3244.5,15,2,3243.9,5,3,3243.8,17,3,3243.3,64,5,3243.2,20,1,3244.6,16,6,3244.7,14,1,3244.8,14,4,3244.9,34,3,3245.0,160,24
11536,2025-12-30 09:52:12+05:30,3244.6,1,3245.82,109134,98573.0,101335.0,3250.0,3253.0,3239.8,3251.5,41452600,3576.6,2926.4,4322.95,2866.6,3244.5,11,2,3243.9,5,3,3243.8,17,3,3243.3,64,5,3243.2,20,1,3244.6,15,6,3244.7,14,1,3244.8,14,4,3244.9,34,3,3245.0,160,24
11536,2025-12-30 09:52:13+05:30,3244.5,1,3245.82,109134,98573.0,101335.0,3250.0,3253.0,3239.8,3251.5,41452600,3576.6,2926.4,4322.95,2866.6,3244.5,11,2,3243.9,5,3,3243.8,17,3,3243.3,64,5,3243.2,20,1,3244.6,15,6,3244.7,14,1,3244.8,14,4,3244.9,34,3,3245.0,160,24
11536,2025-12-30 09:52:13+05:30,3244.5,4,3245.82,109147,98560.0,100539.0,3250.0,3253.0,3239.8,3251.5,41452600,3576.6,2926.4,4322.95,2866.6,3244.5,41,2,3244.0,1000,1,3243.9,5,3,3243.8,17,3,3243.3,63,4,3244.6,12,5,3244.8,25,5,3244.9,6,2,3245.0,93,22,3245.1,56,2
11536,2025-12-30 09:52:14+05:30,3244.5,5,3245.82,109147,98560.0,100539.0,3250.0,3253.0,3239.8,3251.5,41452600,3576.6,2926.4,4322.95,2866.6,3244.5,41,2,3244.0,1000,1,3243.9,5,3,3243.8,17,3,3243.3,63,4,3244.6,12,5,3244.8,25,5,3244.9,6,2,3245.0,93,22,3245.1,56,2
11536,2025-12-30 09:52:14+05:30,3244.5,1,3245.82,109156,98499.0,100383.0,3250.0,3253.0,3239.8,3251.5,41452600,3576.6,2926.4,4322.95,2866.6,3244.5,32,2,3244.0,1000,1,3243.9,5,3,3243.8,17,3,3243.3,63,4,3244.6,21,6,3244.8,39,6,3244.9,6,2,3245.0,123,23,3245.1,24,1
11536,2025-12-30 09:52:15+05:30,3244.6,1,3245.82,109156,98499.0,100383.0,3250.0,3253.0,3239.8,3251.5,41452600,3576.6,2926.4,4322.95,2866.6,3244.5,32,2,3244.0,1000,1,3243.9,5,3,3243.8,17,3,3243.3,63,4,3244.6,21,6,3244.8,39,6,3244.9,6,2,3245.0,123,23,3245.1,24,1
11536,2025-12-30 09:52:15+05:30,3244.6,1,3245.82,109158,96401.0,100260.0,3250.0,3253.0,3239.8,3251.5,41452600,3576.6,2926.4,4322.95,2866.6,3244.5,32,2,3244.0,1000,1,3243.9,5,3,3243.8,17,3,3243.3,63,4,3244.6,20,5,3244.8,39,6,3244.9,6,2,3245.0,123,23,3245.1,24,1
11536,2025-12-30 09:52:16+05:30,3244.6,1,3245.82,109159,96590.0,100034.0,3250.0,3253.0,3239.8,3251.5,41452600,3576.6,2926.4,4322.95,2866.6,3244.5,32,2,3244.0,1009,2,3243.9,5,3,3243.8,6,2,3243.5,48,2,3244.6,2,2,3244.8,3,3,3245.0,66,20,3245.1,24,1,3245.2,64,5
11536,2025-12-30 09:52:17+05:30,3244.5,4,3245.82,109159,96590.0,100034.0,3250.0,3253.0,3239.8,3251.5,41452600,3576.6,2926.4,4322.95,2866.6,3244.5,32,2,3244.0,1009,2,3243.9,5,3,3243.8,6,2,3243.5,48,2,3244.6,2,2,3244.8,3,3,3245.0,66,20,3245.1,24,1,3245.2,64,5
11536,2025-12-30 09:52:17+05:30,3244.6,1,3245.82,109164,96767.0,100034.0,3250.0,3253.0,3239.8,3251.5,41452600,3576.6,2926.4,4322.95,2866.6,3244.5,28,2,3244.0,1009,2,3243.9,5,3,3243.8,6,2,3243.5,15,1,3244.6,2,2,3244.8,7,4,3244.9,10,1,3245.0,78,21,3245.1,24,1
11536,2025-12-30 09:52:18+05:30,3244.6,1,3245.82,109164,96767.0,100034.0,3250.0,3253.0,3239.8,3251.5,41452600,3576.6,2926.4,4322.95,2866.6,3244.5,28,2,3244.0,1009,2,3243.9,5,3,3243.8,6,2,3243.5,15,1,3244.6,2,2,3244.8,7,4,3244.9,10,1,3245.0,78,21,3245.1,24,1
11536,2025-12-30 09:52:18+05:30,3244.5,1,3245.82,109165,96646.0,100112.0,3250.0,3253.0,3239.8,3251.5,41452600,3576.6,2926.4,4322.95,2866.6,3244.5,36,3,3244.0,1000,1,3243.9,5,3,3243.8,6,2,3243.4,30,2,3244.6,15,2,3244.8,3,3,3244.9,15,2,3245.0,78,21,3245.1,45,3
11536,2025-12-30 09:52:19+05:30,3244.5,1,3245.82,109165,96646.0,100112.0,3250.0,3253.0,3239.8,3251.5,41452600,3576.6,2926.4,4322.95,2866.6,3244.5,36,3,3244.0,1000,1,3243.9,5,3,3243.8,6,2,3243.4,30,2,3244.6,15,2,3244.8,3,3,3244.9,15,2,3245.0,78,21,3245.1,45,3
11536,2025-12-30 09:52:19+05:30,3244.5,1,3245.82,109165,96836.0,100082.0,3250.0,3253.0,3239.8,3251.5,41452600,3576.6,2926.4,4322.95,2866.6,3244.5,38,3,3244.0,1000,1,3243.9,5,3,3243.8,6,2,3243.5,34,1,3244.6,15,2,3244.8,3,3,3244.9,15,2,3245.0,78,21,3245.1,31,2
11536,2025-12-30 09:52:20+05:30,3244.5,1,3245.82,109165,96836.0,100082.0,3250.0,3253.0,3239.8,3251.5,41452600,3576.6,2926.4,4322.95,2866.6,3244.5,38,3,3244.0,1000,1,3243.9,5,3,3243.8,6,2,3243.5,34,1,3244.6,15,2,3244.8,3,3,3244.9,15,2,3245.0,78,21,3245.1,31,2
11536,2025-12-30 09:52:20+05:30,3244.5,9,3245.81,109416,95818.0,100300.0,3250.0,3253.0,3239.8,3251.5,41452600,3576.6,2926.4,4322.95,2866.6,3244.5,3,2,3244.0,1000,1,3243.9,5,3,3243.8,6,2,3243.4,2,1,3244.6,14,1,3244.8,14,4,3244.9,15,2,3245.0,176,22,3245.1,57,3
11536,2025-12-30 09:52:21+05:30,3244.6,1,3245.81,109416,95818.0,100300.0,3250.0,3253.0,3239.8,3251.5,41452600,3576.6,2926.4,4322.95,2866.6,3244.5,3,2,3244.0,1000,1,3243.9,5,3,3243.8,6,2,3243.4,2,1,3244.6,14,1,3244.8,14,4,3244.9,15,2,3245.0,176,22,3245.1,57,3
11536,2025-12-30 09:52:21+05:30,3244.6,1,3245.81,109417,95817.0,100556.0,3250.0,3253.0,3239.8,3251.5,41452600,3576.6,2926.4,4322.95,2866.6,3244.5,3,2,3244.0,1000,1,3243.9,5,3,3243.8,6,2,3243.4,27,2,3244.6,37,6,3244.8,24,5,3244.9,33,4,3245.0,196,23,3245.1,85,3
11536,2025-12-30 09:52:22+05:30,3244.6,1,3245.81,109417,95817.0,100556.0,3250.0,3253.0,3239.8,3251.5,41452600,3576.6,2926.4,4322.95,2866.6,3244.5,3,2,3244.0,1000,1,3243.9,5,3,3243.8,6,2,3243.4,27,2,3244.6,37,6,3244.8,24,5,3244.9,33,4,3245.0,196,23,3245.1,85,3
11536,2025-12-30 09:52:22+05:30,3244.5,10,3245.81,109435,95412.0,100508.0,3250.0,3253.0,3239.8,3251.5,41452600,3576.6,2926.4,4322.95,2866.6,3244.5,11,1,3244.3,30,1,3244.0,1010,2,3243.9,5,3,3243.8,6,2,3244.6,18,3,3244.8,2,2,3244.9,1,1,3245.0,67,21,3245.1,214,4
11536,2025-12-30 09:52:23+05:30,3244.6,1,3245.81,109435,95412.0,100508.0,3250.0,3253.0,3239.8,3251.5,41452600,3576.6,2926.4,4322.95,2866.6,3244.5,11,1,3244.3,30,1,3244.0,1010,2,3243.9,5,3,3243.8,6,2,3244.6,18,3,3244.8,2,2,3244.9,1,1,3245.0,67,21,3245.1,214,4
11536,2025-12-30 09:52:23+05:30,3244.6,1,3245.81,109435,95412.0,100508.0,3250.0,3253.0,3239.8,3251.5,41452600,3576.6,2926.4,4322.95,2866.6,3244.5,11,1,3244.3,30,1,3244.0,1010,2,3243.9,5,3,3243.8,6,2,3244.6,18,3,3244.8,2,2,3244.9,1,1,3245.0,67,21,3245.1,214,4
11536,2025-12-30 09:52:23+05:30,3244.4,15,3245.81,109474,96817.0,100250.0,3250.0,3253.0,3239.8,3251.5,41452600,3576.6,2926.4,4322.95,2866.6,3244.4,15,1,3244.0,1010,2,3243.9,5,3,3243.8,6,2,3243.5,30,2,3244.6,15,5,3244.8,2,2,3244.9,17,3,3245.0,82,23,3245.1,7,1
11536,2025-12-30 09:52:24+05:30,3244.4,15,3245.81,109474,96817.0,100250.0,3250.0,3253.0,3239.8,3251.5,41452600,3576.6,2926.4,4322.95,2866.6,3244.4,15,1,3244.0,1010,2,3243.9,5,3,3243.8,6,2,3243.5,30,2,3244.6,15,5,3244.8,2,2,3244.9,17,3,3245.0,82,23,3245.1,7,1
11536,2025-12-30 09:52:24+05:30,3244.4,15,3245.81,109474,96817.0,100250.0,3250.0,3253.0,3239.8,3251.5,41452600,3576.6,2926.4,4322.95,2866.6,3244.4,15,1,3244.0,1010,2,3243.9,5,3,3243.8,6,2,3243.5,30,2,3244.6,15,5,3244.8,2,2,3244.9,17,3,3245.0,82,23,3245.1,7,1
11536,2025-12-30 09:52:24+05:30,3244.4,1,3245.81,109475,97011.0,100024.0,3250.0,3253.0,3239.8,3251.5,41452600,3576.6,2926.4,4322.95,2866.6,3244.4,68,2,3244.0,1010,2,3243.9,5,3,3243.8,6,2,3243.7,21,2,3244.6,15,5,3244.8,2,2,3244.9,1,1,3245.0,67,21,3245.2,22,2
11536,2025-12-30 09:52:25+05:30,3244.6,2,3245.81,109475,97011.0,100024.0,3250.0,3253.0,3239.8,3251.5,41452600,3576.6,2926.4,4322.95,2866.6,3244.4,68,2,3244.0,1010,2,3243.9,5,3,3243.8,6,2,3243.7,21,2,3244.6,15,5,3244.8,2,2,3244.9,1,1,3245.0,67,21,3245.2,22,2
11536,2025-12-30 09:52:25+05:30,3244.6,2,3245.81,109475,97011.0,100024.0,3250.0,3253.0,3239.8,3251.5,41452600,3576.6,2926.4,4322.95,2866.6,3244.4,68,2,3244.0,1010,2,3243.9,5,3,3243.8,6,2,3243.7,21,2,3244.6,15,5,3244.8,2,2,3244.9,1,1,3245.0,67,21,3245.2,22,2
11536,2025-12-30 09:52:25+05:30,3244.4,2,3245.81,109480,97003.0,100018.0,3250.0,3253.0,3239.8,3251.5,41452600,3576.6,2926.4,4322.95,2866.6,3244.4,66,2,3244.0,1010,2,3243.9,25,5,3243.8,32,3,3243.7,16,1,3244.6,11,4,3244.8,2,2,3244.9,1,1,3245.0,67,21,3245.2,32,3
11536,2025-12-30 09:52:26+05:30,3244.4,2,3245.81,109480,97003.0,100018.0,3250.0,3253.0,3239.8,3251.5,41452600,3576.6,2926.4,4322.95,2866.6,3244.4,66,2,3244.0,1010,2,3243.9,25,5,3243.8,32,3,3243.7,16,1,3244.6,11,4,3244.8,2,2,3244.9,1,1,3245.0,67,21,3245.2,32,3
11536,2025-12-30 09:52:26+05:30,3244.4,3,3245.81,109480,97003.0,100018.0,3250.0,3253.0,3239.8,3251.5,41452600,3576.6,2926.4,4322.95,2866.6,3244.4,66,2,3244.0,1010,2,3243.9,25,5,3243.8,32,3,3243.7,16,1,3244.6,11,4,3244.8,2,2,3244.9,1,1,3245.0,67,21,3245.2,32,3
11536,2025-12-30 09:52:26+05:30,3244.8,1,3245.81,109501,97064.0,99805.0,3250.0,3253.0,3239.8,3251.5,41452600,3576.6,2926.4,4322.95,2866.6,3244.5,8,1,3244.4,54,1,3244.0,1010,2,3243.9,10,4,3243.8,32,3,3244.9,1,1,3245.0,66,20,3245.1,16,1,3245.2,31,3,3245.3,20,2
11536,2025-12-30 09:52:26+05:30,3244.8,1,3245.81,109501,97064.0,99805.0,3250.0,3253.0,3239.8,3251.5,41452600,3576.6,2926.4,4322.95,2866.6,3244.5,8,1,3244.4,54,1,3244.0,1010,2,3243.9,10,4,3243.8,32,3,3244.9,1,1,3245.0,66,20,3245.1,16,1,3245.2,31,3,3245.3,20,2
11536,2025-12-30 09:52:27+05:30,3244.8,1,3245.81,109501,97064.0,99805.0,3250.0,3253.0,3239.8,3251.5,41452600,3576.6,2926.4,4322.95,2866.6,3244.5,8,1,3244.4,54,1,3244.0,1010,2,3243.9,10,4,3243.8,32,3,3244.9,1,1,3245.0,66,20,3245.1,16,1,3245.2,31,3,3245.3,20,2
11536,2025-12-30 09:52:27+05:30,3244.8,1,3245.81,109501,97290.0,99204.0,3250.0,3253.0,3239.8,3251.5,41452600,3576.6,2926.4,4322.95,2866.6,3244.5,9,2,3244.4,59,2,3244.0,1051,5,3243.9,5,3,3243.8,86,6,3244.9,2,2,3245.0,66,20,3245.1,7,1,3245.2,1,1,3245.3,20,2
11536,2025-12-30 09:52:27+05:30,3244.8,1,3245.81,109501,97290.0,99204.0,3250.0,3253.0,3239.8,3251.5,41452600,3576.6,2926.4,4322.95,2866.6,3244.5,9,2,3244.4,59,2,3244.0,1051,5,3243.9,5,3,3243.8,86,6,3244.9,2,2,3245.0,66,20,3245.1,7,1,3245.2,1,1,3245.3,20,2
11536,2025-12-30 09:52:28+05:30,3244.5,2,3245.81,109501,97290.0,99204.0,3250.0,3253.0,3239.8,3251.5,41452600,3576.6,2926.4,4322.95,2866.6,3244.5,9,2,3244.4,59,2,3244.0,1051,5,3243.9,5,3,3243.8,86,6,3244.9,2,2,3245.0,66,20,3245.1,7,1,3245.2,1,1,3245.3,20,2
11536,2025-12-30 09:52:28+05:30,3244.5,2,3245.81,109501,97290.0,99204.0,3250.0,3253.0,3239.8,3251.5,41452600,3576.6,2926.4,4322.95,2866.6,3244.5,9,2,3244.4,59,2,3244.0,1051,5,3243.9,5,3,3243.8,86,6,3244.9,2,2,3245.0,66,20,3245.1,7,1,3245.2,1,1,3245.3,20,2
11536,2025-12-30 09:52:28+05:30,3244.5,2,3245.81,109503,97258.0,99251.0,3250.0,3253.0,3239.8,3251.5,41452600,3576.6,2926.4,4322.95,2866.6,3244.7,6,1,3244.5,1,1,3244.4,59,2,3244.0,1036,3,3243.9,31,4,3244.9,3,3,3245.0,66,20,3245.1,7,1,3245.2,16,3,3245.3,20,2
11536,2025-12-30 09:52:29+05:30,3244.5,2,3245.81,109503,97258.0,99251.0,3250.0,3253.0,3239.8,3251.5,41452600,3576.6,2926.4,4322.95,2866.6,3244.7,6,1,3244.5,1,1,3244.4,59,2,3244.0,1036,3,3243.9,31,4,3244.9,3,3,3245.0,66,20,3245.1,7,1,3245.2,16,3,3245.3,20,2
11536,2025-12-30 09:52:29+05:30,3244.9,1,3245.81,109503,97258.0,99251.0,3250.0,3253.0,3239.8,3251.5,41452600,3576.6,2926.4,4322.95,2866.6,3244.7,6,1,3244.5,1,1,3244.4,59,2,3244.0,1036,3,3243.9,31,4,3244.9,3,3,3245.0,66,20,3245.1,7,1,3245.2,16,3,3245.3,20,2
11536,2025-12-30 09:52:29+05:30,3244.9,1,3245.81,109503,97258.0,99251.0,3250.0,3253.0,3239.8,3251.5,41452600,3576.6,2926.4,4322.95,2866.6,3244.7,6,1,3244.5,1,1,3244.4,59,2,3244.0,1036,3,3243.9,31,4,3244.9,3,3,3245.0,66,20,3245.1,7,1,3245.2,16,3,3245.3,20,2
11536,2025-12-30 09:52:29+05:30,3244.7,2,3245.81,109506,97228.0,99288.0,3250.0,3253.0,3239.8,3251.5,41452600,3576.6,2926.4,4322.95,2866.6,3244.7,4,1,3244.5,1,1,3244.4,59,2,3244.0,1010,2,3243.9,31,4,3244.9,1,1,3245.0,77,21,3245.1,7,1,3245.2,28,4,3245.3,36,3
11536,2025-12-30 09:52:30+05:30,3244.7,2,3245.81,109506,97228.0,99288.0,3250.0,3253.0,3239.8,3251.5,41452600,3576.6,2926.4,4322.95,2866.6,3244.7,4,1,3244.5,1,1,3244.4,59,2,3244.0,1010,2,3243.9,31,4,3244.9,1,1,3245.0,77,21,3245.1,7,1,3245.2,28,4,3245.3,36,3
11536,2025-12-30 09:52:30+05:30,3244.7,2,3245.81,109506,97228.0,99288.0,3250.0,3253.0,3239.8,3251.5,41452600,3576.6,2926.4,4322.95,2866.6,3244.7,4,1,3244.5,1,1,3244.4,59,2,3244.0,1010,2,3243.9,31,4,3244.9,1,1,3245.0,77,21,3245.1,7,1,3245.2,28,4,3245.3,36,3
11536,2025-12-30 09:52:30+05:30,3244.7,2,3245.81,109506,97247.0,99081.0,3250.0,3253.0,3239.8,3251.5,41452600,3576.6,2926.4,4322.95,2866.6,3244.8,4,1,3244.7,49,1,3244.5,1,1,3244.4,59,2,3244.0,1010,2,3244.9,1,1,3245.0,66,20,3245.1,7,1,3245.2,11,2,3245.3,36,3
11536,2025-12-30 09:52:31+05:30,3244.7,2,3245.81,109506,97247.0,99081.0,3250.0,3253.0,3239.8,3251.5,41452600,3576.6,2926.4,4322.95,2866.6,3244.8,4,1,3244.7,49,1,3244.5,1,1,3244.4,59,2,3244.0,1010,2,3244.9,1,1,3245.0,66,20,3245.1,7,1,3245.2,11,2,3245.3,36,3
11536,2025-12-30 09:52:31+05:30,3244.9,1,3245.81,109507,97283.0,98772.0,3250.0,3253.0,3239.8,3251.5,41452600,3576.6,2926.4,4322.95,2866.6,3244.8,4,1,3244.7,49,1,3244.5,1,1,3244.4,59,2,3244.0,1051,4,3245.0,66,20,3245.2,1,1,3245.3,20,2,3245.4,7,1,3245.5,6,2
11536,2025-12-30 09:52:32+05:30,3244.9,1,3245.81,109507,97283.0,98772.0,3250.0,3253.0,3239.8,3251.5,41452600,3576.6,2926.4,4322.95,2866.6,3244.8,4,1,3244.7,49,1,3244.5,1,1,3244.4,59,2,3244.0,1051,4,3245.0,66,20,3245.2,1,1,3245.3,20,2,3245.4,7,1,3245.5,6,2
11536,2025-12-30 09:52:32+05:30,3244.9,1,3245.81,109507,97260.0,98989.0,3250.0,3253.0,3239.8,3251.5,41452600,3576.6,2926.4,4322.95,2866.6,3244.9,4,1,3244.7,49,1,3244.5,1,1,3244.4,59,2,3244.0,1051,4,3245.0,66,20,3245.2,11,2,3245.3,21,2,3245.4,17,2,3245.5,8,3
11536,2025-12-30 09:52:33+05:30,3244.9,1,3245.81,109507,97260.0,98989.0,3250.0,3253.0,3239.8,3251.5,41452600,3576.6,2926.4,4322.95,2866.6,3244.9,4,1,3244.7,49,1,3244.5,1,1,3244.4,59,2,3244.0,1051,4,3245.0,66,20,3245.2,11,2,3245.3,21,2,3245.4,17,2,3245.5,8,3
11536,2025-12-30 09:52:33+05:30,3244.9,1,3245.81,109507,97265.0,98991.0,3250.0,3253.0,3239.8,3251.5,41452600,3576.6,2926.4,4322.95,2866.6,3244.9,4,1,3244.7,49,1,3244.5,1,1,3244.4,59,2,3244.0,1051,4,3245.0,66,20,3245.2,11,2,3245.3,21,2,3245.4,12,2,3245.5,8,3
11536,2025-12-30 09:52:34+05:30,3244.9,1,3245.81,109507,97265.0,98991.0,3250.0,3253.0,3239.8,3251.5,41452600,3576.6,2926.4,4322.95,2866.6,3244.9,4,1,3244.7,49,1,3244.5,1,1,3244.4,59,2,3244.0,1051,4,3245.0,66,20,3245.2,11,2,3245.3,21,2,3245.4,12,2,3245.5,8,3
11536,2025-12-30 09:52:34+05:30,3245.0,1,3245.81,109508,97311.0,99057.0,3250.0,3253.0,3239.8,3251.5,41452600,3576.6,2926.4,4322.95,2866.6,3244.9,52,3,3244.8,1,1,3244.7,52,2,3244.5,1,1,3244.4,59,2,3245.0,119,22,3245.2,22,3,3245.3,10,1,3245.4,26,4,3245.5,6,2
11536,2025-12-30 09:52:35+05:30,3245.0,1,3245.81,109508,97311.0,99057.0,3250.0,3253.0,3239.8,3251.5,41452600,3576.6,2926.4,4322.95,2866.6,3244.9,52,3,3244.8,1,1,3244.7,52,2,3244.5,1,1,3244.4,59,2,3245.0,119,22,3245.2,22,3,3245.3,10,1,3245.4,26,4,3245.5,6,2
11536,2025-12-30 09:52:35+05:30,3245.0,1,3245.81,109509,97311.0,99058.0,3250.0,3253.0,3239.8,3251.5,41452600,3576.6,2926.4,4322.95,2866.6,3244.9,52,3,3244.8,1,1,3244.7,52,2,3244.5,1,1,3244.4,59,2,3245.0,120,22,3245.2,22,3,3245.3,10,1,3245.4,26,4,3245.5,6,2
11536,2025-12-30 09:52:36+05:30,3245.0,1,3245.81,109509,97311.0,99058.0,3250.0,3253.0,3239.8,3251.5,41452600,3576.6,2926.4,4322.95,2866.6,3244.9,52,3,3244.8,1,1,3244.7,52,2,3244.5,1,1,3244.4,59,2,3245.0,120,22,3245.2,22,3,3245.3,10,1,3245.4,26,4,3245.5,6,2
11536,2025-12-30 09:52:36+05:30,3245.0,1,3245.81,109516,97351.0,98963.0,3250.0,3253.0,3239.8,3251.5,41452600,3576.6,2926.4,4322.95,2866.6,3244.9,52,3,3244.8,1,1,3244.7,54,3,3244.5,1,1,3244.4,59,2,3245.0,119,22,3245.2,1,1,3245.3,15,2,3245.4,12,1,3245.5,5,2
11536,2025-12-30 09:52:37+05:30,3245.0,1,3245.81,109516,97351.0,98963.0,3250.0,3253.0,3239.8,3251.5,41452600,3576.6,2926.4,4322.95,2866.6,3244.9,52,3,3244.8,1,1,3244.7,54,3,3244.5,1,1,3244.4,59,2,3245.0,119,22,3245.2,1,1,3245.3,15,2,3245.4,12,1,3245.5,5,2
11536,2025-12-30 09:52:37+05:30,3245.0,1,3245.81,109516,97351.0,98963.0,3250.0,3253.0,3239.8,3251.5,41452600,3576.6,2926.4,4322.95,2866.6,3244.9,52,3,3244.8,1,1,3244.7,54,3,3244.5,1,1,3244.4,59,2,3245.0,119,22,3245.2,1,1,3245.3,15,2,3245.4,12,1,3245.5,5,2
11536,2025-12-30 09:52:37+05:30,3245.0,1,3245.81,109573,97345.0,99892.0,3250.0,3253.0,3239.8,3251.5,41452600,3576.6,2926.4,4322.95,2866.6,3244.9,52,3,3244.8,1,1,3244.7,54,3,3244.5,1,1,3244.4,59,2,3245.0,75,17,3245.2,1,1,3245.4,8,2,3245.5,3,1,3245.6,40,3
11536,2025-12-30 09:52:38+05:30,3245.0,1,3245.81,109573,97367.0,99901.0,3250.0,3253.0,3239.8,3251.5,41452600,3576.6,2926.4,4322.95,2866.6,3244.9,52,3,3244.8,1,1,3244.7,54,3,3244.5,1,1,3244.4,59,2,3245.0,75,17,3245.2,1,1,3245.3,10,1,3245.4,8,2,3245.5,3,1
11536,2025-12-30 09:52:39+05:30,3245.0,1,3245.81,109573,97367.0,99901.0,3250.0,3253.0,3239.8,3251.5,41582100,3576.6,2926.4,4322.95,2866.6,3244.9,52,3,3244.8,1,1,3244.7,54,3,3244.5,1,1,3244.4,59,2,3245.0,75,17,3245.2,1,1,3245.3,10,1,3245.4,8,2,3245.5,3,1
11536,2025-12-30 09:52:40+05:30,3244.9,1,3245.81,109575,97331.0,99891.0,3250.0,3253.0,3239.8,3251.5,41582100,3576.6,2926.4,4322.95,2866.6,3244.9,51,3,3244.8,1,1,3244.7,54,3,3244.5,1,1,3244.4,59,2,3245.0,74,17,3245.2,1,1,3245.3,10,1,3245.4,8,2,3245.5,3,1
11536,2025-12-30 09:52:40+05:30,3244.9,1,3245.81,109575,97331.0,99891.0,3250.0,3253.0,3239.8,3251.5,41582100,3576.6,2926.4,4322.95,2866.6,3244.9,51,3,3244.8,1,1,3244.7,54,3,3244.5,1,1,3244.4,59,2,3245.0,74,17,3245.2,1,1,3245.3,10,1,3245.4,8,2,3245.5,3,1
11536,2025-12-30 09:52:40+05:30,3244.9,5,3245.81,109584,96846.0,100813.0,3250.0,3253.0,3239.8,3251.5,41582100,3576.6,2926.4,4322.95,2866.6,3244.9,73,3,3244.8,1,1,3244.7,54,3,3244.5,1,1,3244.4,59,2,3245.0,1007,18,3245.1,2,1,3245.2,1,1,3245.3,20,2,3245.4,8,2
11536,2025-12-30 09:52:41+05:30,3244.9,5,3245.81,109584,96846.0,100813.0,3250.0,3253.0,3239.8,3251.5,41582100,3576.6,2926.4,4322.95,2866.6,3244.9,73,3,3244.8,1,1,3244.7,54,3,3244.5,1,1,3244.4,59,2,3245.0,1007,18,3245.1,2,1,3245.2,1,1,3245.3,20,2,3245.4,8,2
11536,2025-12-30 09:52:41+05:30,3244.9,5,3245.81,109584,96846.0,100813.0,3250.0,3253.0,3239.8,3251.5,41582100,3576.6,2926.4,4322.95,2866.6,3244.9,73,3,3244.8,1,1,3244.7,54,3,3244.5,1,1,3244.4,59,2,3245.0,1007,18,3245.1,2,1,3245.2,1,1,3245.3,20,2,3245.4,8,2
11536,2025-12-30 09:52:41+05:30,3244.9,5,3245.81,109584,97183.0,101016.0,3250.0,3253.0,3239.8,3251.5,41582100,3576.6,2926.4,4322.95,2866.6,3244.9,73,3,3244.8,1,1,3244.7,54,3,3244.5,1,1,3244.4,59,2,3245.0,1008,19,3245.2,4,2,3245.4,20,2,3245.5,3,1,3245.6,40,3
11536,2025-12-30 09:52:42+05:30,3245.0,4,3245.81,109588,96336.0,100977.0,3250.0,3253.0,3239.8,3251.5,41582100,3576.6,2926.4,4322.95,2866.6,3244.9,73,3,3244.8,1,1,3244.7,54,3,3244.5,1,1,3244.4,59,2,3245.0,1004,19,3245.2,4,2,3245.4,20,2,3245.5,3,1,3245.6,40,3
11536,2025-12-30 09:52:43+05:30,3245.0,1,3245.81,109588,96336.0,100977.0,3250.0,3253.0,3239.8,3251.5,41582100,3576.6,2926.4,4322.95,2866.6,3244.9,73,3,3244.8,1,1,3244.7,54,3,3244.5,1,1,3244.4,59,2,3245.0,1004,19,3245.2,4,2,3245.4,20,2,3245.5,3,1,3245.6,40,3
11536,2025-12-30 09:52:43+05:30,3245.0,1,3245.81,109641,97311.0,100908.0,3250.0,3253.0,3239.8,3251.5,41582100,3576.6,2926.4,4322.95,2866.6,3244.9,73,3,3244.8,1,1,3244.7,54,3,3244.5,1,1,3244.4,59,2,3245.0,959,20,3245.2,13,3,3245.3,14,1,3245.4,15,2,3245.5,29,2
11536,2025-12-30 09:52:44+05:30,3245.0,21,3245.81,109641,97311.0,100908.0,3250.0,3253.0,3239.8,3251.5,41582100,3576.6,2926.4,4322.95,2866.6,3244.9,73,3,3244.8,1,1,3244.7,54,3,3244.5,1,1,3244.4,59,2,3245.0,959,20,3245.2,13,3,3245.3,14,1,3245.4,15,2,3245.5,29,2
11536,2025-12-30 09:52:44+05:30,3245.0,21,3245.81,109694,97319.0,100588.0,3250.0,3253.0,3239.8,3251.5,41582100,3576.6,2926.4,4322.95,2866.6,3244.9,71,3,3244.8,1,1,3244.7,64,4,3244.5,1,1,3244.4,73,3,3245.0,926,20,3245.2,1,1,3245.5,3,1,3245.6,44,3,3245.8,50,3
11536,2025-12-30 09:52:45+05:30,3245.0,1,3245.81,109694,97319.0,100588.0,3250.0,3253.0,3239.8,3251.5,41582100,3576.6,2926.4,4322.95,2866.6,3244.9,71,3,3244.8,1,1,3244.7,64,4,3244.5,1,1,3244.4,73,3,3245.0,926,20,3245.2,1,1,3245.5,3,1,3245.6,44,3,3245.8,50,3
11536,2025-12-30 09:52:45+05:30,3245.0,1,3245.81,109696,97284.0,100586.0,3250.0,3253.0,3239.8,3251.5,41582100,3576.6,2926.4,4322.95,2866.6,3244.9,71,3,3244.8,1,1,3244.7,64,4,3244.5,1,1,3244.4,73,3,3245.0,926,22,3245.2,1,1,3245.5,17,2,3245.6,30,2,3245.7,9,1
11536,2025-12-30 09:52:46+05:30,3244.9,8,3245.81,109696,97284.0,100586.0,3250.0,3253.0,3239.8,3251.5,41582100,3576.6,2926.4,4322.95,2866.6,3244.9,71,3,3244.8,1,1,3244.7,64,4,3244.5,1,1,3244.4,73,3,3245.0,926,22,3245.2,1,1,3245.5,17,2,3245.6,30,2,3245.7,9,1
11536,2025-12-30 09:52:46+05:30,3245.0,51,3245.81,109756,97546.0,100220.0,3250.0,3253.0,3239.8,3251.5,41582100,3576.6,2926.4,4322.95,2866.6,3244.9,63,3,3244.8,25,2,3244.7,54,3,3244.5,1,1,3244.4,76,3,3245.0,1633,24,3245.2,1,1,3245.5,3,1,3245.6,20,1,3245.7,14,1
11536,2025-12-30 09:52:47+05:30,3244.9,1,3245.81,109756,97546.0,100220.0,3250.0,3253.0,3239.8,3251.5,41582100,3576.6,2926.4,4322.95,2866.6,3244.9,63,3,3244.8,25,2,3244.7,54,3,3244.5,1,1,3244.4,76,3,3245.0,1633,24,3245.2,1,1,3245.5,3,1,3245.6,20,1,3245.7,14,1
11536,2025-12-30 09:52:47+05:30,3244.9,1,3245.81,109757,97528.0,100440.0,3250.0,3253.0,3239.8,3251.5,41582100,3576.6,2926.4,4322.95,2866.6,3244.9,62,3,3244.8,25,2,3244.7,54,3,3244.5,15,2,3244.4,59,2,3245.0,1633,24,3245.1,1,1,3245.2,1,1,3245.5,3,1,3245.6,29,2
11536,2025-12-30 09:52:48+05:30,3244.9,7,3245.81,109757,97528.0,100440.0,3250.0,3253.0,3239.8,3251.5,41582100,3576.6,2926.4,4322.95,2866.6,3244.9,62,3,3244.8,25,2,3244.7,54,3,3244.5,15,2,3244.4,59,2,3245.0,1633,24,3245.1,1,1,3245.2,1,1,3245.5,3,1,3245.6,29,2
11536,2025-12-30 09:52:48+05:30,3244.9,7,3245.81,109764,97543.0,100440.0,3250.0,3253.0,3239.8,3251.5,41582100,3576.6,2926.4,4322.95,2866.6,3244.9,55,3,3244.8,25,2,3244.7,54,3,3244.5,1,1,3244.4,59,2,3245.0,1633,24,3245.1,1,1,3245.2,1,1,3245.5,3,1,3245.6,43,3
11536,2025-12-30 09:52:49+05:30,3244.9,1,3245.81,109764,97543.0,100440.0,3250.0,3253.0,3239.8,3251.5,41582100,3576.6,2926.4,4322.95,2866.6,3244.9,55,3,3244.8,25,2,3244.7,54,3,3244.5,1,1,3244.4,59,2,3245.0,1633,24,3245.1,1,1,3245.2,1,1,3245.5,3,1,3245.6,43,3
11536,2025-12-30 09:52:49+05:30,3244.9,9,3245.81,109774,97430.0,100439.0,3250.0,3253.0,3239.8,3251.5,41582100,3576.6,2926.4,4322.95,2866.6,3244.9,45,3,3244.8,25,2,3244.7,54,3,3244.5,1,1,3244.4,59,2,3245.0,1632,23,3245.1,1,1,3245.2,1,1,3245.5,3,1,3245.6,43,3
11536,2025-12-30 09:52:50+05:30,3245.0,90,3245.81,109774,97430.0,100439.0,3250.0,3253.0,3239.8,3251.5,41582100,3576.6,2926.4,4322.95,2866.6,3244.9,45,3,3244.8,25,2,3244.7,54,3,3244.5,1,1,3244.4,59,2,3245.0,1632,23,3245.1,1,1,3245.2,1,1,3245.5,3,1,3245.6,43,3
11536,2025-12-30 09:52:50+05:30,3244.9,1,3245.81,109866,97497.0,100399.0,3250.0,3253.0,3239.8,3251.5,41582100,3576.6,2926.4,4322.95,2866.6,3244.9,43,3,3244.8,25,2,3244.7,54,3,3244.5,1,1,3244.4,59,2,3245.0,1547,25,3245.1,1,1,3245.2,1,1,3245.4,6,1,3245.5,17,2
11536,2025-12-30 09:52:51+05:30,3244.9,1,3245.81,109866,97497.0,100399.0,3250.0,3253.0,3239.8,3251.5,41582100,3576.6,2926.4,4322.95,2866.6,3244.9,43,3,3244.8,25,2,3244.7,54,3,3244.5,1,1,3244.4,59,2,3245.0,1547,25,3245.1,1,1,3245.2,1,1,3245.4,6,1,3245.5,17,2
11536,2025-12-30 09:52:51+05:30,3244.9,1,3245.81,109867,97525.0,100398.0,3250.0,3253.0,3239.8,3251.5,41582100,3576.6,2926.4,4322.95,2866.6,3244.9,42,3,3244.8,25,2,3244.7,64,4,3244.5,1,1,3244.4,59,2,3245.0,1546,24,3245.1,1,1,3245.2,1,1,3245.4,6,1,3245.5,17,2
11536,2025-12-30 09:52:52+05:30,3244.9,1,3245.81,109867,97525.0,100398.0,3250.0,3253.0,3239.8,3251.5,41582100,3576.6,2926.4,4322.95,2866.6,3244.9,42,3,3244.8,25,2,3244.7,64,4,3244.5,1,1,3244.4,59,2,3245.0,1546,24,3245.1,1,1,3245.2,1,1,3245.4,6,1,3245.5,17,2
11536,2025-12-30 09:52:52+05:30,3244.9,26,3245.81,109966,97404.0,100450.0,3250.0,3253.0,3239.8,3251.5,41582100,3576.6,2926.4,4322.95,2866.6,3244.9,5,2,3244.8,25,2,3244.7,64,4,3244.5,1,1,3244.4,59,2,3245.0,1546,24,3245.1,2,1,3245.2,1,1,3245.3,10,1,3245.4,37,3
11536,2025-12-30 09:52:53+05:30,3244.9,1,3245.81,109966,97404.0,100450.0,3250.0,3253.0,3239.8,3251.5,41582100,3576.6,2926.4,4322.95,2866.6,3244.9,5,2,3244.8,25,2,3244.7,64,4,3244.5,1,1,3244.4,59,2,3245.0,1546,24,3245.1,2,1,3245.2,1,1,3245.3,10,1,3245.4,37,3
11536,2025-12-30 09:52:53+05:30,3244.9,10,3245.81,109981,97497.0,100441.0,3250.0,3253.0,3239.8,3251.5,41582100,3576.6,2926.4,4322.95,2866.6,3244.9,67,3,3244.8,25,2,3244.7,64,4,3244.5,1,1,3244.4,59,2,3245.0,1545,23,3245.2,4,2,3245.4,21,2,3245.5,24,2,3245.6,66,4
11536,2025-12-30 09:52:54+05:30,3244.9,10,3245.81,109981,97497.0,100441.0,3250.0,3253.0,3239.8,3251.5,41582100,3576.6,2926.4,4322.95,2866.6,3244.9,67,3,3244.8,25,2,3244.7,64,4,3244.5,1,1,3244.4,59,2,3245.0,1545,23,3245.2,4,2,3245.4,21,2,3245.5,24,2,3245.6,66,4
11536,2025-12-30 09:52:54+05:30,3244.9,1,3245.81,109982,97442.0,100532.0,3250.0,3253.0,3239.8,3251.5,41582100,3576.6,2926.4,4322.95,2866.6,3244.9,66,3,3244.8,25,2,3244.7,64,4,3244.5,1,1,3244.4,59,2,3245.0,1587,26,3245.2,4,2,3245.4,31,3,3245.5,49,4,3245.6,66,4
11536,2025-12-30 09:52:55+05:30,3245.0,1,3245.81,109982,97442.0,100532.0,3250.0,3253.0,3239.8,3251.5,41582100,3576.6,2926.4,4322.95,2866.6,3244.9,66,3,3244.8,25,2,3244.7,64,4,3244.5,1,1,3244.4,59,2,3245.0,1587,26,3245.2,4,2,3245.4,31,3,3245.5,49,4,3245.6,66,4
11536,2025-12-30 09:52:55+05:30,3245.0,1,3245.81,109983,97505.0,100531.0,3250.0,3253.0,3239.8,3251.5,41582100,3576.6,2926.4,4322.95,2866.6,3244.9,66,3,3244.8,25,2,3244.7,64,4,3244.5,4,2,3244.4,59,2,3245.0,1586,26,3245.2,4,2,3245.4,31,3,3245.5,49,4,3245.6,66,4
11536,2025-12-30 09:52:56+05:30,3244.9,15,3245.81,109983,97505.0,100531.0,3250.0,3253.0,3239.8,3251.5,41582100,3576.6,2926.4,4322.95,2866.6,3244.9,66,3,3244.8,25,2,3244.7,64,4,3244.5,4,2,3244.4,59,2,3245.0,1586,26,3245.2,4,2,3245.4,31,3,3245.5,49,4,3245.6,66,4
11536,2025-12-30 09:52:56+05:30,3245.0,1,3245.81,110000,97565.0,100487.0,3250.0,3253.0,3239.8,3251.5,41582100,3576.6,2926.4,4322.95,2866.6,3244.9,52,4,3244.8,25,2,3244.7,64,4,3244.5,4,2,3244.4,59,2,3245.0,1584,27,3245.2,4,2,3245.4,21,2,3245.5,40,3,3245.6,66,4
11536,2025-12-30 09:52:57+05:30,3244.9,1,3245.81,110000,97565.0,100487.0,3250.0,3253.0,3239.8,3251.5,41582100,3576.6,2926.4,4322.95,2866.6,3244.9,52,4,3244.8,25,2,3244.7,64,4,3244.5,4,2,3244.4,59,2,3245.0,1584,27,3245.2,4,2,3245.4,21,2,3245.5,40,3,3245.6,66,4
11536,2025-12-30 09:52:57+05:30,3244.9,1,3245.81,110053,97413.0,100941.0,3250.0,3253.0,3239.8,3251.5,41582100,3576.6,2926.4,4322.95,2866.6,3244.9,30,2,3244.8,1,1,3244.7,64,4,3244.5,4,2,3244.4,59,2,3245.0,1592,27,3245.1,18,2,3245.2,20,3,3245.3,46,1,3245.4,42,4
11536,2025-12-30 09:52:58+05:30,3244.9,1,3245.81,110053,97413.0,100941.0,3250.0,3253.0,3239.8,3251.5,41582100,3576.6,2926.4,4322.95,2866.6,3244.9,30,2,3244.8,1,1,3244.7,64,4,3244.5,4,2,3244.4,59,2,3245.0,1592,27,3245.1,18,2,3245.2,20,3,3245.3,46,1,3245.4,42,4
11536,2025-12-30 09:52:58+05:30,3244.8,2,3245.81,110198,96746.0,101265.0,3250.0,3253.0,3239.8,3251.5,41582100,3576.6,2926.4,4322.95,2866.6,3244.7,64,4,3244.5,4,2,3244.4,59,2,3244.0,1014,4,3243.9,8,4,3244.9,35,4,3245.0,1629,27,3245.1,2,1,3245.2,35,4,3245.3,47,2
11536,2025-12-30 09:52:59+05:30,3244.9,5,3245.81,110198,96746.0,101265.0,3250.0,3253.0,3239.8,3251.5,41582100,3576.6,2926.4,4322.95,2866.6,3244.7,64,4,3244.5,4,2,3244.4,59,2,3244.0,1014,4,3243.9,8,4,3244.9,35,4,3245.0,1629,27,3245.1,2,1,3245.2,35,4,3245.3,47,2
11536,2025-12-30 09:52:59+05:30,3244.7,2,3245.81,110205,96785.0,101357.0,3250.0,3253.0,3239.8,3251.5,41582100,3576.6,2926.4,4322.95,2866.6,3244.7,62,4,3244.5,4,2,3244.4,59,2,3244.0,1014,4,3243.9,8,4,3244.9,34,6,3245.0,1628,26,3245.1,2,1,3245.2,20,3,3245.3,26,1
11536,2025-12-30 09:53:00+05:30,3244.7,2,3245.81,110205,96785.0,101357.0,3250.0,3253.0,3239.8,3251.5,41582100,3576.6,2926.4,4322.95,2866.6,3244.7,62,4,3244.5,4,2,3244.4,59,2,3244.0,1014,4,3243.9,8,4,3244.9,34,6,3245.0,1628,26,3245.1,2,1,3245.2,20,3,3245.3,26,1
11536,2025-12-30 09:53:00+05:30,3244.7,8,3245.81,110213,96731.0,101327.0,3250.0,3253.0,3239.8,3251.5,41582100,3576.6,2926.4,4322.95,2866.6,3244.7,54,4,3244.5,4,2,3244.4,59,2,3244.0,1014,4,3243.9,8,4,3244.9,15,4,3245.0,1627,25,3245.1,2,1,3245.2,26,4,3245.3,26,1
11536,2025-12-30 09:53:01+05:30,3244.9,9,3245.81,110213,96731.0,101327.0,3250.0,3253.0,3239.8,3251.5,41582100,3576.6,2926.4,4322.95,2866.6,3244.7,54,4,3244.5,4,2,3244.4,59,2,3244.0,1014,4,3243.9,8,4,3244.9,15,4,3245.0,1627,25,3245.1,2,1,3245.2,26,4,3245.3,26,1
11536,2025-12-30 09:53:01+05:30,3244.9,1,3245.81,110230,96729.0,101312.0,3250.0,3253.0,3239.8,3251.5,41582100,3576.6,2926.4,4322.95,2866.6,3244.7,54,4,3244.5,4,2,3244.4,59,2,3244.0,1014,4,3243.9,8,4,3244.9,2,1,3245.0,1627,25,3245.1,7,2,3245.2,1,1,3245.4,21,2
11536,2025-12-30 09:53:02+05:30,3244.9,3,3245.81,110230,96729.0,101312.0,3250.0,3253.0,3239.8,3251.5,41582100,3576.6,2926.4,4322.95,2866.6,3244.7,54,4,3244.5,4,2,3244.4,59,2,3244.0,1014,4,3243.9,8,4,3244.9,2,1,3245.0,1627,25,3245.1,7,2,3245.2,1,1,3245.4,21,2
11536,2025-12-30 09:53:02+05:30,3244.9,3,3245.81,110253,96800.0,101361.0,3250.0,3253.0,3239.8,3251.5,41582100,3576.6,2926.4,4322.95,2866.6,3244.7,36,4,3244.5,6,3,3244.4,59,2,3244.0,1014,4,3243.9,8,4,3244.9,9,4,3245.0,1632,26,3245.1,2,1,3245.2,21,3,3245.4,65,5
11536,2025-12-30 09:53:03+05:30,3244.7,3,3245.81,110253,96800.0,101361.0,3250.0,3253.0,3239.8,3251.5,41582100,3576.6,2926.4,4322.95,2866.6,3244.7,36,4,3244.5,6,3,3244.4,59,2,3244.0,1014,4,3243.9,8,4,3244.9,9,4,3245.0,1632,26,3245.1,2,1,3245.2,21,3,3245.4,65,5
11536,2025-12-30 09:53:03+05:30,3244.7,3,3245.81,110321,96634.0,102429.0,3250.0,3253.0,3239.8,3251.5,41582100,3576.6,2926.4,4322.95,2866.6,3244.6,18,1,3244.5,6,3,3244.4,59,2,3244.0,1011,3,3243.9,5,3,3244.8,24,4,3244.9,89,7,3245.0,1591,25,3245.1,17,2,3245.2,45,4
11536,2025-12-30 09:53:04+05:30,3244.8,5,3245.81,110326,96634.0,102621.0,3250.0,3253.0,3239.8,3251.5,41582100,3576.6,2926.4,4322.95,2866.6,3244.5,6,3,3244.4,77,3,3244.0,1011,3,3243.9,5,3,3243.8,9,3,3244.8,11,3,3244.9,70,4,3245.0,1591,25,3245.1,17,2,3245.2,45,4
11536,2025-12-30 09:53:05+05:30,3244.5,2,3245.81,110326,96634.0,102621.0,3250.0,3253.0,3239.8,3251.5,41582100,3576.6,2926.4,4322.95,2866.6,3244.5,6,3,3244.4,77,3,3244.0,1011,3,3243.9,5,3,3243.8,9,3,3244.8,11,3,3244.9,70,4,3245.0,1591,25,3245.1,17,2,3245.2,45,4
11536,2025-12-30 09:53:05+05:30,3244.5,2,3245.81,110336,96623.0,103042.0,3250.0,3253.0,3239.8,3251.5,41582100,3576.6,2926.4,4322.95,2866.6,3244.5,3,2,3244.4,77,3,3244.0,1011,3,3243.9,5,3,3243.8,9,3,3244.7,10,3,3244.8,22,4,3244.9,68,3,3245.0,1591,25,3245.1,17,2
11536,2025-12-30 09:53:06+05:30,3244.5,1,3245.81,110336,96623.0,103042.0,3250.0,3253.0,3239.8,3251.5,41582100,3576.6,2926.4,4322.95,2866.6,3244.5,3,2,3244.4,77,3,3244.0,1011,3,3243.9,5,3,3243.8,9,3,3244.7,10,3,3244.8,22,4,3244.9,68,3,3245.0,1591,25,3245.1,17,2
11536,2025-12-30 09:53:06+05:30,3244.5,1,3245.8,110347,94573.0,102991.0,3250.0,3253.0,3239.8,3251.5,41582100,3576.6,2926.4,4322.95,2866.6,3244.5,20,3,3244.4,59,2,3244.0,1011,3,3243.9,5,3,3243.8,9,3,3244.7,11,4,3244.8,20,3,3244.9,19,3,3245.0,1591,25,3245.1,15,1
11536,2025-12-30 09:53:07+05:30,3244.7,1,3245.8,110356,96664.0,101726.0,3250.0,3253.0,3239.8,3251.5,41582100,3576.6,2926.4,4322.95,2866.6,3244.5,20,3,3244.4,59,2,3244.0,1011,3,3243.9,5,3,3243.8,33,4,3244.8,15,2,3244.9,9,1,3245.0,1591,25,3245.2,34,5,3245.4,86,6
11536,2025-12-30 09:53:08+05:30,3244.8,1,3245.8,110356,96664.0,101726.0,3250.0,3253.0,3239.8,3251.5,41582100,3576.6,2926.4,4322.95,2866.6,3244.5,20,3,3244.4,59,2,3244.0,1011,3,3243.9,5,3,3243.8,33,4,3244.8,15,2,3244.9,9,1,3245.0,1591,25,3245.2,34,5,3245.4,86,6
11536,2025-12-30 09:53:08+05:30,3244.5,1,3245.8,110358,96777.0,101588.0,3250.0,3253.0,3239.8,3251.5,41582100,3576.6,2926.4,4322.95,2866.6,3244.6,18,1,3244.5,29,3,3244.4,59,2,3244.0,1011,3,3243.9,5,3,3244.8,14,2,3244.9,10,2,3245.0,1581,24,3245.2,29,4,3245.4,71,5
11536,2025-12-30 09:53:09+05:30,3244.5,1,3245.8,110358,96777.0,101588.0,3250.0,3253.0,3239.8,3251.5,41582100,3576.6,2926.4,4322.95,2866.6,3244.6,18,1,3244.5,29,3,3244.4,59,2,3244.0,1011,3,3243.9,5,3,3244.8,14,2,3244.9,10,2,3245.0,1581,24,3245.2,29,4,3245.4,71,5
11536,2025-12-30 09:53:09+05:30,3244.5,1,3245.8,110358,96774.0,100637.0,3250.0,3253.0,3239.8,3251.5,41582100,3576.6,2926.4,4322.95,2866.6,3244.6,18,1,3244.5,29,3,3244.4,59,2,3244.0,1011,3,3243.9,5,3,3244.8,14,2,3244.9,4,2,3245.0,824,23,3245.2,18,3,3245.4,76,6
11536,2025-12-30 09:53:10+05:30,3244.5,1,3245.8,110358,96799.0,100737.0,3250.0,3253.0,3239.8,3251.5,41582100,3576.6,2926.4,4322.95,2866.6,3244.7,23,2,3244.5,29,3,3244.4,59,2,3244.0,1011,3,3243.9,5,3,3244.8,22,3,3244.9,11,3,3245.0,836,24,3245.2,31,4,3245.3,5,1
11536,2025-12-30 09:53:11+05:30,3244.7,1,3245.8,110359,96826.0,100964.0,3250.0,3253.0,3239.8,3251.5,41582100,3576.6,2926.4,4322.95,2866.6,3244.7,22,2,3244.5,3,2,3244.4,59,2,3244.0,1011,3,3243.9,5,3,3244.8,13,1,3244.9,20,4,3245.0,825,24,3245.2,51,5,3245.3,25,1
11536,2025-12-30 09:53:12+05:30,3244.7,1,3245.8,110359,96826.0,100964.0,3250.0,3253.0,3239.8,3251.5,41582100,3576.6,2926.4,4322.95,2866.6,3244.7,22,2,3244.5,3,2,3244.4,59,2,3244.0,1011,3,3243.9,5,3,3244.8,13,1,3244.9,20,4,3245.0,825,24,3245.2,51,5,3245.3,25,1
11536,2025-12-30 09:53:12+05:30,3244.8,2,3245.8,110362,96837.0,100676.0,3250.0,3253.0,3239.8,3251.5,41582100,3576.6,2926.4,4322.95,2866.6,3244.7,22,2,3244.5,3,2,3244.4,59,2,3244.0,1011,3,3243.9,5,3,3244.8,10,1,3244.9,20,4,3245.0,825,24,3245.2,46,4,3245.3,25,1
11536,2025-12-30 09:53:13+05:30,3244.8,2,3245.8,110362,96837.0,100676.0,3250.0,3253.0,3239.8,3251.5,41582100,3576.6,2926.4,4322.95,2866.6,3244.7,22,2,3244.5,3,2,3244.4,59,2,3244.0,1011,3,3243.9,5,3,3244.8,10,1,3244.9,20,4,3245.0,825,24,3245.2,46,4,3245.3,25,1
11536,2025-12-30 09:53:13+05:30,3244.8,1,3245.8,110363,96803.0,100727.0,3250.0,3253.0,3239.8,3251.5,41582100,3576.6,2926.4,4322.95,2866.6,3244.7,22,2,3244.5,3,2,3244.4,59,2,3244.0,1011,3,3243.9,5,3,3244.8,9,1,3244.9,9,2,3245.0,825,24,3245.2,17,2,3245.4,65,5
11536,2025-12-30 09:53:14+05:30,3244.8,1,3245.8,110363,96803.0,100727.0,3250.0,3253.0,3239.8,3251.5,41582100,3576.6,2926.4,4322.95,2866.6,3244.7,22,2,3244.5,3,2,3244.4,59,2,3244.0,1011,3,3243.9,5,3,3244.8,9,1,3244.9,9,2,3245.0,825,24,3245.2,17,2,3245.4,65,5
11536,2025-12-30 09:53:14+05:30,3244.8,1,3245.8,110363,96792.0,100860.0,3250.0,3253.0,3239.8,3251.5,41582100,3576.6,2926.4,4322.95,2866.6,3244.7,22,2,3244.5,3,2,3244.4,59,2,3244.0,1014,4,3243.9,5,3,3244.8,9,1,3244.9,20,4,3245.0,825,24,3245.1,21,2,3245.2,55,4
11536,2025-12-30 09:53:15+05:30,3244.7,55,3245.8,110363,96792.0,100860.0,3250.0,3253.0,3239.8,3251.5,41582100,3576.6,2926.4,4322.95,2866.6,3244.7,22,2,3244.5,3,2,3244.4,59,2,3244.0,1014,4,3243.9,5,3,3244.8,9,1,3244.9,20,4,3245.0,825,24,3245.1,21,2,3245.2,55,4
11536,2025-12-30 09:53:15+05:30,3244.7,60,3245.8,110520,96217.0,100607.0,3250.0,3253.0,3239.8,3251.5,41582100,3576.6,2926.4,4322.95,2866.6,3244.7,18,1,3244.5,3,2,3244.4,59,2,3244.0,1014,4,3243.9,5,3,3244.8,20,3,3244.9,12,4,3245.0,837,25,3245.1,5,1,3245.2,30,3
11536,2025-12-30 09:53:16+05:30,3244.7,60,3245.8,110520,96217.0,100607.0,3250.0,3253.0,3239.8,3251.5,41582100,3576.6,2926.4,4322.95,2866.6,3244.7,18,1,3244.5,3,2,3244.4,59,2,3244.0,1014,4,3243.9,5,3,3244.8,20,3,3244.9,12,4,3245.0,837,25,3245.1,5,1,3245.2,30,3
11536,2025-12-30 09:53:16+05:30,3244.7,20,3245.8,110541,96726.0,100355.0,3250.0,3253.0,3239.8,3251.5,41582100,3576.6,2926.4,4322.95,2866.6,3244.5,3,2,3244.4,59,2,3244.0,1014,4,3243.9,5,3,3243.8,9,3,3244.7,21,4,3244.8,10,2,3244.9,7,3,3245.0,845,26,3245.1,5,1
11536,2025-12-30 09:53:17+05:30,3244.7,20,3245.8,110541,96726.0,100355.0,3250.0,3253.0,3239.8,3251.5,41582100,3576.6,2926.4,4322.95,2866.6,3244.5,3,2,3244.4,59,2,3244.0,1014,4,3243.9,5,3,3243.8,9,3,3244.7,21,4,3244.8,10,2,3244.9,7,3,3245.0,845,26,3245.1,5,1
11536,2025-12-30 09:53:17+05:30,3244.7,1,3245.8,110542,96207.0,100255.0,3250.0,3253.0,3239.8,3251.5,41582100,3576.6,2926.4,4322.95,2866.6,3244.5,9,3,3244.4,59,2,3244.0,1014,4,3243.9,5,3,3243.8,38,5,3244.7,17,3,3244.8,3,1,3244.9,2,2,3245.0,825,24,3245.2,13,1
11536,2025-12-30 09:53:18+05:30,3244.7,1,3245.8,110542,96207.0,100255.0,3250.0,3253.0,3239.8,3251.5,41582100,3576.6,2926.4,4322.95,2866.6,3244.5,9,3,3244.4,59,2,3244.0,1014,4,3243.9,5,3,3243.8,38,5,3244.7,17,3,3244.8,3,1,3244.9,2,2,3245.0,825,24,3245.2,13,1
11536,2025-12-30 09:53:18+05:30,3244.5,13,3245.8,110567,96785.0,100107.0,3250.0,3253.0,3239.8,3251.5,41582100,3576.6,2926.4,4322.95,2866.6,3244.4,65,3,3244.0,1014,4,3243.9,5,3,3243.8,14,4,3243.6,3,1,3244.6,7,1,3244.7,25,5,3244.9,7,3,3245.0,837,25,3245.1,15,2
11536,2025-12-30 09:53:19+05:30,3244.6,1,3245.8,110567,96785.0,100107.0,3250.0,3253.0,3239.8,3251.5,41582100,3576.6,2926.4,4322.95,2866.6,3244.4,65,3,3244.0,1014,4,3243.9,5,3,3243.8,14,4,3243.6,3,1,3244.6,7,1,3244.7,25,5,3244.9,7,3,3245.0,837,25,3245.1,15,2
11536,2025-12-30 09:53:19+05:30,3244.4,3,3245.8,110571,97078.0,100491.0,3250.0,3253.0,3239.8,3251.5,41582100,3576.6,2926.4,4322.95,2866.6,3244.4,62,3,3244.0,1014,4,3243.9,5,3,3243.8,9,3,3243.6,3,1,3244.6,9,2,3244.7,16,3,3244.8,20,2,3244.9,7,3,3245.0,845,26
11536,2025-12-30 09:53:20+05:30,3244.4,3,3245.8,110571,97078.0,100491.0,3250.0,3253.0,3239.8,3251.5,41582100,3576.6,2926.4,4322.95,2866.6,3244.4,62,3,3244.0,1014,4,3243.9,5,3,3243.8,9,3,3243.6,3,1,3244.6,9,2,3244.7,16,3,3244.8,20,2,3244.9,7,3,3245.0,845,26
11536,2025-12-30 09:53:20+05:30,3244.4,3,3245.8,110571,93928.0,100913.0,3250.0,3253.0,3239.8,3251.5,41582100,3576.6,2926.4,4322.95,2866.6,3244.4,62,3,3244.0,1014,4,3243.9,5,3,3243.8,9,3,3243.6,3,1,3244.6,8,3,3244.7,9,2,3244.9,2,2,3245.0,837,25,3245.1,7,1
11536,2025-12-30 09:53:21+05:30,3244.6,1,3245.8,110573,95677.0,100684.0,3250.0,3253.0,3239.8,3251.5,41582100,3576.6,2926.4,4322.95,2866.6,3244.4,61,3,3244.0,1014,4,3243.9,5,3,3243.8,9,3,3243.6,3,1,3244.6,9,4,3244.7,8,1,3244.8,12,1,3244.9,7,2,3245.0,837,25
11536,2025-12-30 09:53:22+05:30,3244.4,6,3245.8,110573,95677.0,100684.0,3250.0,3253.0,3239.8,3251.5,41582100,3576.6,2926.4,4322.95,2866.6,3244.4,61,3,3244.0,1014,4,3243.9,5,3,3243.8,9,3,3243.6,3,1,3244.6,9,4,3244.7,8,1,3244.8,12,1,3244.9,7,2,3245.0,837,25
11536,2025-12-30 09:53:22+05:30,3244.4,6,3245.8,110634,96479.0,101013.0,3250.0,3253.0,3239.8,3251.5,41582100,3576.6,2926.4,4322.95,2866.6,3244.4,11,2,3244.0,1014,4,3243.9,5,3,3243.8,9,3,3243.6,12,2,3244.6,24,5,3244.7,22,3,3244.8,82,3,3244.9,35,4,3245.0,870,27
11536,2025-12-30 09:53:23+05:30,3244.5,1,3245.8,110634,96479.0,101013.0,3250.0,3253.0,3239.8,3251.5,41582100,3576.6,2926.4,4322.95,2866.6,3244.4,11,2,3244.0,1014,4,3243.9,5,3,3243.8,9,3,3243.6,12,2,3244.6,24,5,3244.7,22,3,3244.8,82,3,3244.9,35,4,3245.0,870,27
11536,2025-12-30 09:53:23+05:30,3244.5,2,3245.8,110638,97022.0,100954.0,3250.0,3253.0,3239.8,3251.5,41582100,3576.6,2926.4,4322.95,2866.6,3244.5,3,1,3244.4,5,1,3244.0,1014,4,3243.9,5,3,3243.8,9,3,3244.6,15,4,3244.7,18,2,3244.8,12,1,3244.9,24,4,3245.0,837,25
11536,2025-12-30 09:53:24+05:30,3244.5,3,3245.8,110638,97022.0,100954.0,3250.0,3253.0,3239.8,3251.5,41582100,3576.6,2926.4,4322.95,2866.6,3244.5,3,1,3244.4,5,1,3244.0,1014,4,3243.9,5,3,3243.8,9,3,3244.6,15,4,3244.7,18,2,3244.8,12,1,3244.9,24,4,3245.0,837,25
11536,2025-12-30 09:53:24+05:30,3244.5,3,3245.8,110641,97039.0,101190.0,3250.0,3253.0,3239.8,3251.5,41582100,3576.6,2926.4,4322.95,2866.6,3244.5,6,1,3244.4,5,1,3244.0,1014,4,3243.9,5,3,3243.8,9,3,3244.6,7,3,3244.7,18,2,3244.8,12,1,3244.9,29,5,3245.0,899,26
11536,2025-12-30 09:53:25+05:30,3244.6,1,3245.8,110641,97039.0,101190.0,3250.0,3253.0,3239.8,3251.5,41582100,3576.6,2926.4,4322.95,2866.6,3244.5,6,1,3244.4,5,1,3244.0,1014,4,3243.9,5,3,3243.8,9,3,3244.6,7,3,3244.7,18,2,3244.8,12,1,3244.9,29,5,3245.0,899,26
11536,2025-12-30 09:53:25+05:30,3244.7,30,3245.8,110749,97026.0,101586.0,3250.0,3253.0,3239.8,3251.5,41582100,3576.6,2926.4,4322.95,2866.6,3244.5,6,1,3244.4,5,1,3244.0,1014,4,3243.9,5,3,3243.8,9,3,3244.7,28,4,3244.9,3,2,3245.0,857,27,3245.2,53,4,3245.3,16,1
11536,2025-12-30 09:53:26+05:30,3244.6,1,3245.8,110749,97026.0,101586.0,3250.0,3253.0,3239.8,3251.5,41582100,3576.6,2926.4,4322.95,2866.6,3244.5,6,1,3244.4,5,1,3244.0,1014,4,3243.9,5,3,3243.8,9,3,3244.7,28,4,3244.9,3,2,3245.0,857,27,3245.2,53,4,3245.3,16,1
11536,2025-12-30 09:53:26+05:30,3244.6,1,3245.8,110750,93893.0,102053.0,3250.0,3253.0,3239.8,3251.5,41582100,3576.6,2926.4,4322.95,2866.6,3244.5,6,1,3244.4,5,1,3244.0,1014,4,3243.9,5,3,3243.8,9,3,3244.7,51,7,3244.8,12,1,3244.9,3,2,3245.0,845,26,3245.1,62,1
11536,2025-12-30 09:53:27+05:30,3244.7,3,3245.8,110750,93893.0,102053.0,3250.0,3253.0,3239.8,3251.5,41582100,3576.6,2926.4,4322.95,2866.6,3244.5,6,1,3244.4,5,1,3244.0,1014,4,3243.9,5,3,3243.8,9,3,3244.7,51,7,3244.8,12,1,3244.9,3,2,3245.0,845,26,3245.1,62,1
11536,2025-12-30 09:53:27+05:30,3244.7,3,3245.8,110774,96919.0,101975.0,3250.0,3253.0,3239.8,3251.5,41582100,3576.6,2926.4,4322.95,2866.6,3244.4,5,1,3244.0,1014,4,3243.9,5,3,3243.8,9,3,3243.6,21,3,3244.7,49,8,3244.9,27,3,3245.0,931,28,3245.1,37,2,3245.2,78,5
11536,2025-12-30 09:53:29+05:30,3244.7,2,3245.8,110774,96919.0,101975.0,3250.0,3253.0,3239.8,3251.5,41582100,3576.6,2926.4,4322.95,2866.6,3244.4,5,1,3244.0,1014,4,3243.9,5,3,3243.8,9,3,3243.6,21,3,3244.7,49,8,3244.9,27,3,3245.0,931,28,3245.1,37,2,3245.2,78,5
11536,2025-12-30 09:53:32+05:30,3244.2,3,3245.8,110774,96919.0,101975.0,3250.0,3253.0,3239.8,3251.5,41582100,3576.6,2926.4,4322.95,2866.6,3244.4,5,1,3244.0,1014,4,3243.9,5,3,3243.8,9,3,3243.6,21,3,3244.7,49,8,3244.9,27,3,3245.0,931,28,3245.1,37,2,3245.2,78,5
11536,2025-12-30 09:53:34+05:30,3244.3,48,3245.8,110774,96919.0,101975.0,3250.0,3253.0,3239.8,3251.5,41582100,3576.6,2926.4,4322.95,2866.6,3244.4,5,1,3244.0,1014,4,3243.9,5,3,3243.8,9,3,3243.6,21,3,3244.7,49,8,3244.9,27,3,3245.0,931,28,3245.1,37,2,3245.2,78,5
11536,2025-12-30 09:53:34+05:30,3244.3,48,3245.78,111917,95312.0,101881.0,3250.0,3253.0,3239.8,3251.5,41582100,3576.6,2926.4,4322.95,2866.6,3244.0,2,2,3243.9,5,3,3243.8,6,2,3243.6,18,2,3243.5,30,2,3244.2,17,2,3244.6,1,1,3244.7,57,3,3244.8,13,3,3244.9,85,4
11536,2025-12-30 09:53:38+05:30,3244.2,1,3245.78,111917,95312.0,101881.0,3250.0,3253.0,3239.8,3251.5,41582100,3576.6,2926.4,4322.95,2866.6,3244.0,2,2,3243.9,5,3,3243.8,6,2,3243.6,18,2,3243.5,30,2,3244.2,17,2,3244.6,1,1,3244.7,57,3,3244.8,13,3,3244.9,85,4
11536,2025-12-30 09:53:40+05:30,3243.9,32,3245.78,112092,94809.0,102893.0,3250.0,3253.0,3239.8,3251.5,41582100,3576.6,2926.4,4322.95,2866.6,3243.9,23,1,3243.8,5,2,3243.6,28,3,3243.5,30,2,3243.4,15,1,3244.4,2,2,3244.7,15,2,3244.8,2,1,3244.9,33,5,3245.0,845,25
11536,2025-12-30 09:53:41+05:30,3243.8,4,3245.78,112092,94809.0,102893.0,3250.0,3253.0,3239.8,3251.5,41582100,3576.6,2926.4,4322.95,2866.6,3243.9,23,1,3243.8,5,2,3243.6,28,3,3243.5,30,2,3243.4,15,1,3244.4,2,2,3244.7,15,2,3244.8,2,1,3244.9,33,5,3245.0,845,25
11536,2025-12-30 09:53:44+05:30,3244.0,4,3245.78,112092,94809.0,102893.0,3250.0,3253.0,3239.8,3251.5,41582100,3576.6,2926.4,4322.95,2866.6,3243.9,23,1,3243.8,5,2,3243.6,28,3,3243.5,30,2,3243.4,15,1,3244.4,2,2,3244.7,15,2,3244.8,2,1,3244.9,33,5,3245.0,845,25
11536,2025-12-30 09:53:46+05:30,3244.4,1,3245.78,112117,95137.0,102399.0,3250.0,3253.0,3239.8,3251.5,41582100,3576.6,2926.4,4322.95,2866.6,3244.2,11,1,3243.8,17,3,3243.7,10,1,3243.6,31,3,3243.5,54,3,3244.4,8,2,3244.9,7,3,3245.0,845,25,3245.1,38,2,3245.2,88,5
11536,2025-12-30 09:53:47+05:30,3244.4,1,3245.78,112117,95137.0,102399.0,3250.0,3253.0,3239.8,3251.5,41582100,3576.6,2926.4,4322.95,2866.6,3244.2,11,1,3243.8,17,3,3243.7,10,1,3243.6,31,3,3243.5,54,3,3244.4,8,2,3244.9,7,3,3245.0,845,25,3245.1,38,2,3245.2,88,5
11536,2025-12-30 09:53:50+05:30,3244.3,6,3245.78,112117,95137.0,102399.0,3250.0,3253.0,3239.8,3251.5,41582100,3576.6,2926.4,4322.95,2866.6,3244.2,11,1,3243.8,17,3,3243.7,10,1,3243.6,31,3,3243.5,54,3,3244.4,8,2,3244.9,7,3,3245.0,845,25,3245.1,38,2,3245.2,88,5
11536,2025-12-30 09:53:52+05:30,3244.9,1,3245.78,112159,93894.0,101023.0,3250.0,3253.0,3239.8,3251.5,41582100,3576.6,2926.4,4322.95,2866.6,3244.3,3,1,3243.8,17,3,3243.6,18,2,3243.5,54,3,3243.4,41,2,3244.9,39,7,3245.0,868,25,3245.1,10,1,3245.2,69,4,3245.3,12,1
11536,2025-12-30 09:53:53+05:30,3244.8,32,3245.78,112159,93894.0,101023.0,3250.0,3253.0,3239.8,3251.5,41582100,3576.6,2926.4,4322.95,2866.6,3244.3,3,1,3243.8,17,3,3243.6,18,2,3243.5,54,3,3243.4,41,2,3244.9,39,7,3245.0,868,25,3245.1,10,1,3245.2,69,4,3245.3,12,1
11536,2025-12-30 09:53:56+05:30,3244.6,1,3245.78,112159,93894.0,101023.0,3250.0,3253.0,3239.8,3251.5,41582100,3576.6,2926.4,4322.95,2866.6,3244.3,3,1,3243.8,17,3,3243.6,18,2,3243.5,54,3,3243.4,41,2,3244.9,39,7,3245.0,868,25,3245.1,10,1,3245.2,69,4,3245.3,12,1
11536,2025-12-30 09:53:57+05:30,3243.9,26,3245.78,112444,93650.0,102830.0,3250.0,3253.0,3239.8,3251.5,41582100,3576.6,2926.4,4322.95,2866.6,3243.9,4,1,3243.8,12,3,3243.6,18,2,3243.5,30,2,3243.3,34,3,3244.6,4,3,3244.7,21,3,3244.8,15,3,3244.9,128,9,3245.0,939,30
11536,2025-12-30 09:53:59+05:30,3243.8,1,3245.78,112444,93650.0,102830.0,3250.0,3253.0,3239.8,3251.5,41582100,3576.6,2926.4,4322.95,2866.6,3243.9,4,1,3243.8,12,3,3243.6,18,2,3243.5,30,2,3243.3,34,3,3244.6,4,3,3244.7,21,3,3244.8,15,3,3244.9,128,9,3245.0,939,30
11536,2025-12-30 09:54:02+05:30,3243.9,2,3245.78,112444,93650.0,102830.0,3250.0,3253.0,3239.8,3251.5,41582100,3576.6,2926.4,4322.95,2866.6,3243.9,4,1,3243.8,12,3,3243.6,18,2,3243.5,30,2,3243.3,34,3,3244.6,4,3,3244.7,21,3,3244.8,15,3,3244.9,128,9,3245.0,939,30
11536,2025-12-30 09:54:02+05:30,3243.9,2,3245.77,112465,95308.0,101234.0,3250.0,3253.0,3239.8,3251.5,41582100,3576.6,2926.4,4322.95,2866.6,3243.9,57,2,3243.8,16,3,3243.6,36,4,3243.5,54,3,3243.4,39,1,3244.9,34,4,3245.0,886,27,3245.1,14,1,3245.2,118,8,3245.3,12,1
11536,2025-12-30 09:54:05+05:30,3244.8,1,3245.77,112465,95308.0,101234.0,3250.0,3253.0,3239.8,3251.5,41582100,3576.6,2926.4,4322.95,2866.6,3243.9,57,2,3243.8,16,3,3243.6,36,4,3243.5,54,3,3243.4,39,1,3244.9,34,4,3245.0,886,27,3245.1,14,1,3245.2,118,8,3245.3,12,1
11536,2025-12-30 09:54:08+05:30,3244.8,1,3245.77,112465,95308.0,101234.0,3250.0,3253.0,3239.8,3251.5,41582100,3576.6,2926.4,4322.95,2866.6,3243.9,57,2,3243.8,16,3,3243.6,36,4,3243.5,54,3,3243.4,39,1,3244.9,34,4,3245.0,886,27,3245.1,14,1,3245.2,118,8,3245.3,12,1
11536,2025-12-30 09:54:08+05:30,3244.8,1,3245.77,112480,95675.0,101239.0,3250.0,3253.0,3239.8,3251.5,41582100,3576.6,2926.4,4322.95,2866.6,3244.4,10,1,3243.9,66,2,3243.8,16,3,3243.6,18,2,3243.5,54,3,3244.8,17,2,3244.9,43,4,3245.0,886,27,3245.1,14,1,3245.2,45,4
11536,2025-12-30 09:54:11+05:30,3244.9,2,3245.77,112480,95675.0,101239.0,3250.0,3253.0,3239.8,3251.5,41582100,3576.6,2926.4,4322.95,2866.6,3244.4,10,1,3243.9,66,2,3243.8,16,3,3243.6,18,2,3243.5,54,3,3244.8,17,2,3244.9,43,4,3245.0,886,27,3245.1,14,1,3245.2,45,4
11536,2025-12-30 09:54:14+05:30,3244.7,10,3245.77,112480,95675.0,101239.0,3250.0,3253.0,3239.8,3251.5,41582100,3576.6,2926.4,4322.95,2866.6,3244.4,10,1,3243.9,66,2,3243.8,16,3,3243.6,18,2,3243.5,54,3,3244.8,17,2,3244.9,43,4,3245.0,886,27,3245.1,14,1,3245.2,45,4
11536,2025-12-30 09:54:14+05:30,3244.7,10,3245.77,112574,96502.0,100607.0,3250.0,3253.0,3239.8,3251.5,41582100,3576.6,2926.4,4322.95,2866.6,3244.7,11,1,3244.4,79,3,3244.2,12,1,3244.0,282,3,3243.9,118,4,3244.8,13,2,3245.0,859,26,3245.4,21,1,3245.5,15,3,3245.6,55,4
11536,2025-12-30 09:54:17+05:30,3244.7,2,3245.77,112574,96502.0,100607.0,3250.0,3253.0,3239.8,3251.5,41582100,3576.6,2926.4,4322.95,2866.6,3244.7,11,1,3244.4,79,3,3244.2,12,1,3244.0,282,3,3243.9,118,4,3244.8,13,2,3245.0,859,26,3245.4,21,1,3245.5,15,3,3245.6,55,4
11536,2025-12-30 09:54:19+05:30,3244.7,2,3245.77,112579,97715.0,100826.0,3250.0,3253.0,3239.8,3251.5,41582100,3576.6,2926.4,4322.95,2866.6,3244.7,86,4,3244.4,50,1,3244.1,60,2,3244.0,250,1,3243.9,17,1,3244.8,10,2,3244.9,100,1,3245.0,859,26,3245.2,14,2,3245.4,38,3
11536,2025-12-30 09:54:20+05:30,3244.7,1,3245.77,112579,97715.0,100826.0,3250.0,3253.0,3239.8,3251.5,41582100,3576.6,2926.4,4322.95,2866.6,3244.7,86,4,3244.4,50,1,3244.1,60,2,3244.0,250,1,3243.9,17,1,3244.8,10,2,3244.9,100,1,3245.0,859,26,3245.2,14,2,3245.4,38,3
11536,2025-12-30 09:54:23+05:30,3244.7,12,3245.77,112579,97715.0,100826.0,3250.0,3253.0,3239.8,3251.5,41582100,3576.6,2926.4,4322.95,2866.6,3244.7,86,4,3244.4,50,1,3244.1,60,2,3244.0,250,1,3243.9,17,1,3244.8,10,2,3244.9,100,1,3245.0,859,26,3245.2,14,2,3245.4,38,3
11536,2025-12-30 09:54:25+05:30,3244.8,1,3245.77,112601,97774.0,100804.0,3250.0,3253.0,3239.8,3251.5,41582100,3576.6,2926.4,4322.95,2866.6,3244.7,76,4,3244.4,50,1,3244.0,250,1,3243.8,156,7,3243.7,10,2,3244.8,9,2,3244.9,100,1,3245.0,859,26,3245.1,13,1,3245.3,8,1
11536,2025-12-30 09:54:26+05:30,3244.7,3,3245.77,112601,97774.0,100804.0,3250.0,3253.0,3239.8,3251.5,41582100,3576.6,2926.4,4322.95,2866.6,3244.7,76,4,3244.4,50,1,3244.0,250,1,3243.8,156,7,3243.7,10,2,3244.8,9,2,3244.9,100,1,3245.0,859,26,3245.1,13,1,3245.3,8,1
11536,2025-12-30 09:54:29+05:30,3244.7,5,3245.77,112601,97774.0,100804.0,3250.0,3253.0,3239.8,3251.5,41582100,3576.6,2926.4,4322.95,2866.6,3244.7,76,4,3244.4,50,1,3244.0,250,1,3243.8,156,7,3243.7,10,2,3244.8,9,2,3244.9,100,1,3245.0,859,26,3245.1,13,1,3245.3,8,1
11536,2025-12-30 09:54:31+05:30,3244.7,2,3245.77,112620,97710.0,100701.0,3250.0,3253.0,3239.8,3251.5,41582100,3576.6,2926.4,4322.95,2866.6,3244.7,105,5,3244.4,50,1,3244.0,250,1,3243.9,7,1,3243.8,143,6,3244.8,19,4,3244.9,100,1,3245.0,859,26,3245.1,5,1,3245.2,12,1
11536,2025-12-30 09:54:32+05:30,3244.7,2,3245.77,112620,97710.0,100701.0,3250.0,3253.0,3239.8,3251.5,41582100,3576.6,2926.4,4322.95,2866.6,3244.7,105,5,3244.4,50,1,3244.0,250,1,3243.9,7,1,3243.8,143,6,3244.8,19,4,3244.9,100,1,3245.0,859,26,3245.1,5,1,3245.2,12,1
11536,2025-12-30 09:54:34+05:30,3244.7,8,3245.77,112620,97710.0,100701.0,3250.0,3253.0,3239.8,3251.5,41582100,3576.6,2926.4,4322.95,2866.6,3244.7,105,5,3244.4,50,1,3244.0,250,1,3243.9,7,1,3243.8,143,6,3244.8,19,4,3244.9,100,1,3245.0,859,26,3245.1,5,1,3245.2,12,1
11536,2025-12-30 09:54:37+05:30,3244.8,1,3245.77,112640,97959.0,100523.0,3250.0,3253.0,3239.8,3251.5,41582100,3576.6,2926.4,4322.95,2866.6,3244.7,93,6,3244.4,54,3,3244.0,250,1,3243.8,146,7,3243.7,4,2,3244.8,12,2,3244.9,100,1,3245.0,871,27,3245.1,5,1,3245.2,12,1
11536,2025-12-30 09:54:38+05:30,3244.8,1,3245.77,112640,97959.0,100523.0,3250.0,3253.0,3239.8,3251.5,41582100,3576.6,2926.4,4322.95,2866.6,3244.7,93,6,3244.4,54,3,3244.0,250,1,3243.8,146,7,3243.7,4,2,3244.8,12,2,3244.9,100,1,3245.0,871,27,3245.1,5,1,3245.2,12,1
11536,2025-12-30 09:54:40+05:30,3244.7,1,3245.77,112640,97959.0,100523.0,3250.0,3253.0,3239.8,3251.5,41582100,3576.6,2926.4,4322.95,2866.6,3244.7,93,6,3244.4,54,3,3244.0,250,1,3243.8,146,7,3243.7,4,2,3244.8,12,2,3244.9,100,1,3245.0,871,27,3245.1,5,1,3245.2,12,1
11536,2025-12-30 09:54:43+05:30,3244.8,4,3245.77,112649,98032.0,100541.0,3250.0,3253.0,3239.8,3251.5,41582100,3576.6,2926.4,4322.95,2866.6,3244.7,89,7,3244.4,54,3,3244.0,250,1,3243.8,146,7,3243.7,3,1,3244.8,8,2,3244.9,109,3,3245.0,871,27,3245.1,18,2,3245.2,50,4
11536,2025-12-30 09:54:44+05:30,3244.8,4,3245.77,112649,98032.0,100541.0,3250.0,3253.0,3239.8,3251.5,41582100,3576.6,2926.4,4322.95,2866.6,3244.7,89,7,3244.4,54,3,3244.0,250,1,3243.8,146,7,3243.7,3,1,3244.8,8,2,3244.9,109,3,3245.0,871,27,3245.1,18,2,3245.2,50,4
11536,2025-12-30 09:54:47+05:30,3244.8,1,3245.77,112649,98032.0,100541.0,3250.0,3253.0,3239.8,3251.5,41582100,3576.6,2926.4,4322.95,2866.6,3244.7,89,7,3244.4,54,3,3244.0,250,1,3243.8,146,7,3243.7,3,1,3244.8,8,2,3244.9,109,3,3245.0,871,27,3245.1,18,2,3245.2,50,4
11536,2025-12-30 09:54:48+05:30,3244.8,1,3245.77,112728,98207.0,100335.0,3250.0,3253.0,3239.8,3251.5,41582100,3576.6,2926.4,4322.95,2866.6,3244.7,99,7,3244.4,54,3,3244.3,11,1,3244.2,47,2,3244.1,11,2,3244.8,1,1,3244.9,100,1,3245.0,859,26,3245.5,15,3,3245.6,32,4
11536,2025-12-30 09:54:49+05:30,3244.8,2,3245.77,112728,98207.0,100335.0,3250.0,3253.0,3239.8,3251.5,41582100,3576.6,2926.4,4322.95,2866.6,3244.7,99,7,3244.4,54,3,3244.3,11,1,3244.2,47,2,3244.1,11,2,3244.8,1,1,3244.9,100,1,3245.0,859,26,3245.5,15,3,3245.6,32,4
11536,2025-12-30 09:54:53+05:30,3244.7,1,3245.77,112728,98207.0,100335.0,3250.0,3253.0,3239.8,3251.5,41582100,3576.6,2926.4,4322.95,2866.6,3244.7,99,7,3244.4,54,3,3244.3,11,1,3244.2,47,2,3244.1,11,2,3244.8,1,1,3244.9,100,1,3245.0,859,26,3245.5,15,3,3245.6,32,4
11536,2025-12-30 09:54:54+05:30,3244.8,4,3245.77,112742,100668.0,100162.0,3250.0,3253.0,3239.8,3251.5,41582100,3576.6,2926.4,4322.95,2866.6,3244.7,107,8,3244.6,1,1,3244.4,72,5,3244.3,75,3,3244.2,39,2,3244.8,20,3,3244.9,99,1,3245.0,859,26,3245.5,3,1,3245.6,20,1
11536,2025-12-30 09:54:56+05:30,3244.7,1,3245.77,112742,100668.0,100162.0,3250.0,3253.0,3239.8,3251.5,41582100,3576.6,2926.4,4322.95,2866.6,3244.7,107,8,3244.6,1,1,3244.4,72,5,3244.3,75,3,3244.2,39,2,3244.8,20,3,3244.9,99,1,3245.0,859,26,3245.5,3,1,3245.6,20,1
11536,2025-12-30 09:54:59+05:30,3244.9,5,3245.77,112742,100668.0,100162.0,3250.0,3253.0,3239.8,3251.5,41582100,3576.6,2926.4,4322.95,2866.6,3244.7,107,8,3244.6,1,1,3244.4,72,5,3244.3,75,3,3244.2,39,2,3244.8,20,3,3244.9,99,1,3245.0,859,26,3245.5,3,1,3245.6,20,1
11536,2025-12-30 09:55:00+05:30,3244.9,5,3245.77,112854,101210.0,99686.0,3250.0,3253.0,3239.8,3251.5,41582100,3576.6,2926.4,4322.95,2866.6,3244.8,7,3,3244.7,143,9,3244.6,37,3,3244.5,56,3,3244.4,132,6,3244.9,10,3,3245.0,859,26,3245.5,3,1,3245.8,26,3,3246.0,254,7
11536,2025-12-30 09:55:02+05:30,3244.9,1,3245.77,112854,101210.0,99686.0,3250.0,3253.0,3239.8,3251.5,41582100,3576.6,2926.4,4322.95,2866.6,3244.8,7,3,3244.7,143,9,3244.6,37,3,3244.5,56,3,3244.4,132,6,3244.9,10,3,3245.0,859,26,3245.5,3,1,3245.8,26,3,3246.0,254,7
11536,2025-12-30 09:55:05+05:30,3245.0,92,3245.77,112854,101210.0,99686.0,3250.0,3253.0,3239.8,3251.5,41582100,3576.6,2926.4,4322.95,2866.6,3244.8,7,3,3244.7,143,9,3244.6,37,3,3244.5,56,3,3244.4,132,6,3244.9,10,3,3245.0,859,26,3245.5,3,1,3245.8,26,3,3246.0,254,7
11536,2025-12-30 09:55:06+05:30,3245.0,1,3245.77,112981,101334.0,98983.0,3250.0,3253.0,3239.8,3251.5,41582100,3576.6,2926.4,4322.95,2866.6,3244.9,1,1,3244.8,99,5,3244.7,100,7,3244.6,6,1,3244.5,5,1,3245.0,770,28,3245.5,3,1,3245.6,10,1,3245.8,16,3,3245.9,17,2
11536,2025-12-30 09:55:08+05:30,3245.0,1,3245.77,112981,101334.0,98983.0,3250.0,3253.0,3239.8,3251.5,41582100,3576.6,2926.4,4322.95,2866.6,3244.9,1,1,3244.8,99,5,3244.7,100,7,3244.6,6,1,3244.5,5,1,3245.0,770,28,3245.5,3,1,3245.6,10,1,3245.8,16,3,3245.9,17,2
11536,2025-12-30 09:55:11+05:30,3245.0,1,3245.77,112981,101334.0,98983.0,3250.0,3253.0,3239.8,3251.5,41582100,3576.6,2926.4,4322.95,2866.6,3244.9,1,1,3244.8,99,5,3244.7,100,7,3244.6,6,1,3244.5,5,1,3245.0,770,28,3245.5,3,1,3245.6,10,1,3245.8,16,3,3245.9,17,2
11536,2025-12-30 09:55:11+05:30,3245.0,10,3245.77,113055,101492.0,99271.0,3250.0,3253.0,3239.8,3251.5,41582100,3576.6,2926.4,4322.95,2866.6,3244.9,109,4,3244.8,88,4,3244.7,97,7,3244.6,71,3,3244.5,5,1,3245.0,1358,36,3245.1,1,1,3245.5,3,1,3245.8,13,2,3245.9,17,2
11536,2025-12-30 09:55:14+05:30,3244.9,1,3245.77,113055,101492.0,99271.0,3250.0,3253.0,3239.8,3251.5,41582100,3576.6,2926.4,4322.95,2866.6,3244.9,109,4,3244.8,88,4,3244.7,97,7,3244.6,71,3,3244.5,5,1,3245.0,1358,36,3245.1,1,1,3245.5,3,1,3245.8,13,2,3245.9,17,2
11536,2025-12-30 09:55:16+05:30,3244.9,1,3245.77,113055,101492.0,99271.0,3250.0,3253.0,3239.8,3251.5,41582100,3576.6,2926.4,4322.95,2866.6,3244.9,109,4,3244.8,88,4,3244.7,97,7,3244.6,71,3,3244.5,5,1,3245.0,1358,36,3245.1,1,1,3245.5,3,1,3245.8,13,2,3245.9,17,2
11536,2025-12-30 09:55:17+05:30,3244.9,1,3245.77,113079,101645.0,98821.0,3250.0,3253.0,3239.8,3251.5,41582100,3576.6,2926.4,4322.95,2866.6,3244.9,100,5,3244.8,88,4,3244.7,87,6,3244.6,60,2,3244.5,15,2,3245.0,1373,39,3245.5,3,1,3245.8,13,2,3245.9,17,2,3246.0,294,10
11536,2025-12-30 09:55:19+05:30,3245.0,246,3245.77,113079,101645.0,98821.0,3250.0,3253.0,3239.8,3251.5,41582100,3576.6,2926.4,4322.95,2866.6,3244.9,100,5,3244.8,88,4,3244.7,87,6,3244.6,60,2,3244.5,15,2,3245.0,1373,39,3245.5,3,1,3245.8,13,2,3245.9,17,2,3246.0,294,10
11536,2025-12-30 09:55:22+05:30,3245.0,1,3245.77,113619,101206.0,98307.0,3250.0,3253.0,3239.8,3251.5,41582100,3576.6,2926.4,4322.95,2866.6,3244.9,71,4,3244.8,88,4,3244.7,87,6,3244.6,70,3,3244.5,56,4,3245.0,895,43,3245.5,3,1,3245.8,13,2,3245.9,14,1,3246.0,284,9
11536,2025-12-30 09:55:23+05:30,3245.0,1,3245.77,113619,101206.0,98307.0,3250.0,3253.0,3239.8,3251.5,41582100,3576.6,2926.4,4322.95,2866.6,3244.9,71,4,3244.8,88,4,3244.7,87,6,3244.6,70,3,3244.5,56,4,3245.0,895,43,3245.5,3,1,3245.8,13,2,3245.9,14,1,3246.0,284,9
11536,2025-12-30 09:55:23+05:30,3245.0,1,3245.77,113619,101206.0,98307.0,3250.0,3253.0,3239.8,3251.5,41582100,3576.6,2926.4,4322.95,2866.6,3244.9,71,4,3244.8,88,4,3244.7,87,6,3244.6,70,3,3244.5,56,4,3245.0,895,43,3245.5,3,1,3245.8,13,2,3245.9,14,1,3246.0,284,9
11536,2025-12-30 09:55:24+05:30,3245.0,1,3245.77,113619,101206.0,98307.0,3250.0,3253.0,3239.8,3251.5,41582100,3576.6,2926.4,4322.95,2866.6,3244.9,71,4,3244.8,88,4,3244.7,87,6,3244.6,70,3,3244.5,56,4,3245.0,895,43,3245.5,3,1,3245.8,13,2,3245.9,14,1,3246.0,284,9
11536,2025-12-30 09:55:25+05:30,3245.0,1,3245.77,113619,101206.0,98307.0,3250.0,3253.0,3239.8,3251.5,41582100,3576.6,2926.4,4322.95,2866.6,3244.9,71,4,3244.8,88,4,3244.7,87,6,3244.6,70,3,3244.5,56,4,3245.0,895,43,3245.5,3,1,3245.8,13,2,3245.9,14,1,3246.0,284,9
11536,2025-12-30 09:55:26+05:30,3245.0,1,3245.77,113619,101206.0,98307.0,3250.0,3253.0,3239.8,3251.5,41582100,3576.6,2926.4,4322.95,2866.6,3244.9,71,4,3244.8,88,4,3244.7,87,6,3244.6,70,3,3244.5,56,4,3245.0,895,43,3245.5,3,1,3245.8,13,2,3245.9,14,1,3246.0,284,9
11536,2025-12-30 09:55:26+05:30,3244.8,2,3245.77,113619,101206.0,98307.0,3250.0,3253.0,3239.8,3251.5,41582100,3576.6,2926.4,4322.95,2866.6,3244.9,71,4,3244.8,88,4,3244.7,87,6,3244.6,70,3,3244.5,56,4,3245.0,895,43,3245.5,3,1,3245.8,13,2,3245.9,14,1,3246.0,284,9
11536,2025-12-30 09:55:26+05:30,3244.8,2,3245.77,113619,101206.0,98307.0,3250.0,3253.0,3239.8,3251.5,41582100,3576.6,2926.4,4322.95,2866.6,3244.9,71,4,3244.8,88,4,3244.7,87,6,3244.6,70,3,3244.5,56,4,3245.0,895,43,3245.5,3,1,3245.8,13,2,3245.9,14,1,3246.0,284,9
11536,2025-12-30 09:55:27+05:30,3244.8,2,3245.77,113619,101206.0,98307.0,3250.0,3253.0,3239.8,3251.5,41582100,3576.6,2926.4,4322.95,2866.6,3244.9,71,4,3244.8,88,4,3244.7,87,6,3244.6,70,3,3244.5,56,4,3245.0,895,43,3245.5,3,1,3245.8,13,2,3245.9,14,1,3246.0,284,9
11536,2025-12-30 09:55:28+05:30,3244.9,21,3245.76,113785,101278.0,98289.0,3250.0,3253.0,3239.8,3251.5,41582100,3576.6,2926.4,4322.95,2866.6,3244.9,67,1,3244.8,63,4,3244.7,97,7,3244.6,78,4,3244.5,5,1,3245.0,896,45,3245.5,3,1,3245.8,1,1,3246.0,380,9,3246.1,3,1
11536,2025-12-30 09:55:28+05:30,3244.9,21,3245.76,113785,101278.0,98289.0,3250.0,3253.0,3239.8,3251.5,41582100,3576.6,2926.4,4322.95,2866.6,3244.9,67,1,3244.8,63,4,3244.7,97,7,3244.6,78,4,3244.5,5,1,3245.0,896,45,3245.5,3,1,3245.8,1,1,3246.0,380,9,3246.1,3,1
11536,2025-12-30 09:55:29+05:30,3245.0,10,3245.76,113785,101278.0,98289.0,3250.0,3253.0,3239.8,3251.5,41582100,3576.6,2926.4,4322.95,2866.6,3244.9,67,1,3244.8,63,4,3244.7,97,7,3244.6,78,4,3244.5,5,1,3245.0,896,45,3245.5,3,1,3245.8,1,1,3246.0,380,9,3246.1,3,1
11536,2025-12-30 09:55:29+05:30,3245.0,10,3245.76,113785,101278.0,98289.0,3250.0,3253.0,3239.8,3251.5,41582100,3576.6,2926.4,4322.95,2866.6,3244.9,67,1,3244.8,63,4,3244.7,97,7,3244.6,78,4,3244.5,5,1,3245.0,896,45,3245.5,3,1,3245.8,1,1,3246.0,380,9,3246.1,3,1
11536,2025-12-30 09:55:30+05:30,3245.0,10,3245.76,113785,101278.0,98289.0,3250.0,3253.0,3239.8,3251.5,41582100,3576.6,2926.4,4322.95,2866.6,3244.9,67,1,3244.8,63,4,3244.7,97,7,3244.6,78,4,3244.5,5,1,3245.0,896,45,3245.5,3,1,3245.8,1,1,3246.0,380,9,3246.1,3,1
11536,2025-12-30 09:55:31+05:30,3245.0,10,3245.76,113785,101278.0,98289.0,3250.0,3253.0,3239.8,3251.5,41582100,3576.6,2926.4,4322.95,2866.6,3244.9,67,1,3244.8,63,4,3244.7,97,7,3244.6,78,4,3244.5,5,1,3245.0,896,45,3245.5,3,1,3245.8,1,1,3246.0,380,9,3246.1,3,1
11536,2025-12-30 09:55:31+05:30,3245.0,1,3245.76,113785,101278.0,98289.0,3250.0,3253.0,3239.8,3251.5,41582100,3576.6,2926.4,4322.95,2866.6,3244.9,67,1,3244.8,63,4,3244.7,97,7,3244.6,78,4,3244.5,5,1,3245.0,896,45,3245.5,3,1,3245.8,1,1,3246.0,380,9,3246.1,3,1
11536,2025-12-30 09:55:32+05:30,3245.0,1,3245.76,113785,101278.0,98289.0,3250.0,3253.0,3239.8,3251.5,41582100,3576.6,2926.4,4322.95,2866.6,3244.9,67,1,3244.8,63,4,3244.7,97,7,3244.6,78,4,3244.5,5,1,3245.0,896,45,3245.5,3,1,3245.8,1,1,3246.0,380,9,3246.1,3,1
11536,2025-12-30 09:55:34+05:30,3245.0,1,3245.76,113785,101278.0,98289.0,3250.0,3253.0,3239.8,3251.5,41582100,3576.6,2926.4,4322.95,2866.6,3244.9,67,1,3244.8,63,4,3244.7,97,7,3244.6,78,4,3244.5,5,1,3245.0,896,45,3245.5,3,1,3245.8,1,1,3246.0,380,9,3246.1,3,1
11536,2025-12-30 09:55:34+05:30,3244.9,1,3245.76,114253,101270.0,97863.0,3250.0,3253.0,3239.8,3251.5,41582100,3576.6,2926.4,4322.95,2866.6,3244.8,90,6,3244.7,87,6,3244.6,77,4,3244.5,5,1,3244.4,256,7,3244.9,24,3,3245.0,471,46,3245.5,3,1,3245.7,1,1,3245.8,1,1
11536,2025-12-30 09:55:35+05:30,3244.9,1,3245.76,114253,101270.0,97863.0,3250.0,3253.0,3239.8,3251.5,41582100,3576.6,2926.4,4322.95,2866.6,3244.8,90,6,3244.7,87,6,3244.6,77,4,3244.5,5,1,3244.4,256,7,3244.9,24,3,3245.0,471,46,3245.5,3,1,3245.7,1,1,3245.8,1,1
11536,2025-12-30 09:55:35+05:30,3244.9,1,3245.76,114253,101270.0,97863.0,3250.0,3253.0,3239.8,3251.5,41582100,3576.6,2926.4,4322.95,2866.6,3244.8,90,6,3244.7,87,6,3244.6,77,4,3244.5,5,1,3244.4,256,7,3244.9,24,3,3245.0,471,46,3245.5,3,1,3245.7,1,1,3245.8,1,1
11536,2025-12-30 09:55:37+05:30,3244.9,1,3245.76,114253,101270.0,97863.0,3250.0,3253.0,3239.8,3251.5,41582100,3576.6,2926.4,4322.95,2866.6,3244.8,90,6,3244.7,87,6,3244.6,77,4,3244.5,5,1,3244.4,256,7,3244.9,24,3,3245.0,471,46,3245.5,3,1,3245.7,1,1,3245.8,1,1
11536,2025-12-30 09:55:38+05:30,3246.8,1,3245.76,114253,101270.0,97863.0,3250.0,3253.0,3239.8,3251.5,41582100,3576.6,2926.4,4322.95,2866.6,3244.8,90,6,3244.7,87,6,3244.6,77,4,3244.5,5,1,3244.4,256,7,3244.9,24,3,3245.0,471,46,3245.5,3,1,3245.7,1,1,3245.8,1,1
11536,2025-12-30 09:55:38+05:30,3246.8,1,3245.76,114253,101270.0,97863.0,3250.0,3253.0,3239.8,3251.5,41582100,3576.6,2926.4,4322.95,2866.6,3244.8,90,6,3244.7,87,6,3244.6,77,4,3244.5,5,1,3244.4,256,7,3244.9,24,3,3245.0,471,46,3245.5,3,1,3245.7,1,1,3245.8,1,1
11536,2025-12-30 09:55:40+05:30,3246.8,1,3245.76,114253,101270.0,97863.0,3250.0,3253.0,3239.8,3251.5,41584550,3576.6,2926.4,4322.95,2866.6,3244.8,90,6,3244.7,87,6,3244.6,77,4,3244.5,5,1,3244.4,256,7,3244.9,24,3,3245.0,471,46,3245.5,3,1,3245.7,1,1,3245.8,1,1
11536,2025-12-30 09:55:40+05:30,3246.7,1,3245.78,117694,101350.0,95207.0,3250.0,3253.0,3239.8,3251.5,41584550,3576.6,2926.4,4322.95,2866.6,3247.0,16,1,3246.8,196,4,3246.7,13,1,3246.6,74,3,3246.4,87,5,3247.7,22,2,3247.8,76,4,3247.9,26,2,3248.0,53,3,3248.1,17,1
11536,2025-12-30 09:55:41+05:30,3247.0,373,3245.78,117694,101350.0,95207.0,3250.0,3253.0,3239.8,3251.5,41584550,3576.6,2926.4,4322.95,2866.6,3247.0,16,1,3246.8,196,4,3246.7,13,1,3246.6,74,3,3246.4,87,5,3247.7,22,2,3247.8,76,4,3247.9,26,2,3248.0,53,3,3248.1,17,1
11536,2025-12-30 09:55:42+05:30,3247.0,373,3245.78,117694,101350.0,95207.0,3250.0,3253.0,3239.8,3251.5,41584550,3576.6,2926.4,4322.95,2866.6,3247.0,16,1,3246.8,196,4,3246.7,13,1,3246.6,74,3,3246.4,87,5,3247.7,22,2,3247.8,76,4,3247.9,26,2,3248.0,53,3,3248.1,17,1
11536,2025-12-30 09:55:44+05:30,3247.8,2,3245.78,117694,101350.0,95207.0,3250.0,3253.0,3239.8,3251.5,41584550,3576.6,2926.4,4322.95,2866.6,3247.0,16,1,3246.8,196,4,3246.7,13,1,3246.6,74,3,3246.4,87,5,3247.7,22,2,3247.8,76,4,3247.9,26,2,3248.0,53,3,3248.1,17,1
11536,2025-12-30 09:55:46+05:30,3247.4,3,3245.8,118797,103118.0,95433.0,3250.0,3253.0,3239.8,3251.5,41584550,3576.6,2926.4,4322.95,2866.6,3247.4,52,4,3247.3,109,6,3247.2,82,4,3247.1,35,3,3247.0,387,8,3247.6,6,3,3247.7,2,1,3247.8,9,3,3248.0,13,1,3248.4,9,1
11536,2025-12-30 09:55:47+05:30,3247.4,3,3245.8,118797,103118.0,95433.0,3250.0,3253.0,3239.8,3251.5,41584550,3576.6,2926.4,4322.95,2866.6,3247.4,52,4,3247.3,109,6,3247.2,82,4,3247.1,35,3,3247.0,387,8,3247.6,6,3,3247.7,2,1,3247.8,9,3,3248.0,13,1,3248.4,9,1
11536,2025-12-30 09:55:50+05:30,3248.1,6,3245.8,118797,103118.0,95433.0,3250.0,3253.0,3239.8,3251.5,41584550,3576.6,2926.4,4322.95,2866.6,3247.4,52,4,3247.3,109,6,3247.2,82,4,3247.1,35,3,3247.0,387,8,3247.6,6,3,3247.7,2,1,3247.8,9,3,3248.0,13,1,3248.4,9,1
11536,2025-12-30 09:55:52+05:30,3248.0,4,3245.85,120869,103887.0,97020.0,3250.0,3253.0,3239.8,3251.5,41584550,3576.6,2926.4,4322.95,2866.6,3248.0,29,3,3247.9,4,2,3247.8,5,2,3247.7,81,3,3247.6,70,5,3248.5,64,6,3249.1,13,1,3249.2,14,1,3249.3,7,1,3249.4,78,4
11536,2025-12-30 09:55:53+05:30,3248.5,3,3245.85,120869,103887.0,97020.0,3250.0,3253.0,3239.8,3251.5,41584550,3576.6,2926.4,4322.95,2866.6,3248.0,29,3,3247.9,4,2,3247.8,5,2,3247.7,81,3,3247.6,70,5,3248.5,64,6,3249.1,13,1,3249.2,14,1,3249.3,7,1,3249.4,78,4
11536,2025-12-30 09:55:56+05:30,3248.5,3,3245.85,120869,103887.0,97020.0,3250.0,3253.0,3239.8,3251.5,41584550,3576.6,2926.4,4322.95,2866.6,3248.0,29,3,3247.9,4,2,3247.8,5,2,3247.7,81,3,3247.6,70,5,3248.5,64,6,3249.1,13,1,3249.2,14,1,3249.3,7,1,3249.4,78,4
11536,2025-12-30 09:55:58+05:30,3248.3,39,3245.85,120869,103887.0,97020.0,3250.0,3253.0,3239.8,3251.5,41584550,3576.6,2926.4,4322.95,2866.6,3248.0,29,3,3247.9,4,2,3247.8,5,2,3247.7,81,3,3247.6,70,5,3248.5,64,6,3249.1,13,1,3249.2,14,1,3249.3,7,1,3249.4,78,4
11536,2025-12-30 09:55:58+05:30,3248.3,39,3245.86,121762,103801.0,97995.0,3250.0,3253.0,3239.8,3251.5,41584550,3576.6,2926.4,4322.95,2866.6,3248.0,268,5,3247.9,77,2,3247.7,61,1,3247.6,87,4,3247.5,102,3,3248.5,118,8,3248.7,13,1,3248.8,14,1,3248.9,7,1,3249.0,27,2
11536,2025-12-30 09:56:02+05:30,3248.0,1,3245.86,121762,103801.0,97995.0,3250.0,3253.0,3239.8,3251.5,41584550,3576.6,2926.4,4322.95,2866.6,3248.0,268,5,3247.9,77,2,3247.7,61,1,3247.6,87,4,3247.5,102,3,3248.5,118,8,3248.7,13,1,3248.8,14,1,3248.9,7,1,3249.0,27,2
11536,2025-12-30 09:56:04+05:30,3248.3,1,3245.86,121762,103801.0,97995.0,3250.0,3253.0,3239.8,3251.5,41584550,3576.6,2926.4,4322.95,2866.6,3248.0,268,5,3247.9,77,2,3247.7,61,1,3247.6,87,4,3247.5,102,3,3248.5,118,8,3248.7,13,1,3248.8,14,1,3248.9,7,1,3249.0,27,2
11536,2025-12-30 09:56:04+05:30,3248.3,2,3245.88,122413,103916.0,98229.0,3250.0,3253.0,3239.8,3251.5,41584550,3576.6,2926.4,4322.95,2866.6,3248.3,50,1,3248.1,8,1,3248.0,123,4,3247.6,22,1,3247.5,49,2,3248.5,95,1,3248.9,7,1,3249.0,15,1,3249.2,72,4,3249.3,17,2
11536,2025-12-30 09:56:07+05:30,3248.5,1,3245.88,122413,103916.0,98229.0,3250.0,3253.0,3239.8,3251.5,41584550,3576.6,2926.4,4322.95,2866.6,3248.3,50,1,3248.1,8,1,3248.0,123,4,3247.6,22,1,3247.5,49,2,3248.5,95,1,3248.9,7,1,3249.0,15,1,3249.2,72,4,3249.3,17,2
11536,2025-12-30 09:56:10+05:30,3248.4,54,3245.88,122413,103916.0,98229.0,3250.0,3253.0,3239.8,3251.5,41584550,3576.6,2926.4,4322.95,2866.6,3248.3,50,1,3248.1,8,1,3248.0,123,4,3247.6,22,1,3247.5,49,2,3248.5,95,1,3248.9,7,1,3249.0,15,1,3249.2,72,4,3249.3,17,2
11536,2025-12-30 09:56:10+05:30,3248.4,54,3245.89,122961,104565.0,93065.0,3250.0,3253.0,3239.8,3251.5,41584550,3576.6,2926.4,4322.95,2866.6,3248.4,13,1,3248.3,81,3,3248.2,39,2,3248.1,32,3,3248.0,407,13,3248.5,82,3,3249.4,5,1,3249.6,3,1,3249.7,46,2,3249.9,161,6
11536,2025-12-30 09:56:14+05:30,3248.4,48,3245.89,122961,104565.0,93065.0,3250.0,3253.0,3239.8,3251.5,41584550,3576.6,2926.4,4322.95,2866.6,3248.4,13,1,3248.3,81,3,3248.2,39,2,3248.1,32,3,3248.0,407,13,3248.5,82,3,3249.4,5,1,3249.6,3,1,3249.7,46,2,3249.9,161,6
11536,2025-12-30 09:56:16+05:30,3249.5,1,3245.91,123692,105299.0,93968.0,3250.0,3253.0,3239.8,3251.5,41584550,3576.6,2926.4,4322.95,2866.6,3248.5,10,1,3248.4,112,3,3248.3,71,2,3248.2,31,2,3248.1,210,3,3249.5,127,7,3249.6,20,1,3249.8,63,4,3249.9,94,4,3250.0,736,20
11536,2025-12-30 09:56:17+05:30,3249.5,1,3245.91,123692,105299.0,93968.0,3250.0,3253.0,3239.8,3251.5,41584550,3576.6,2926.4,4322.95,2866.6,3248.5,10,1,3248.4,112,3,3248.3,71,2,3248.2,31,2,3248.1,210,3,3249.5,127,7,3249.6,20,1,3249.8,63,4,3249.9,94,4,3250.0,736,20
11536,2025-12-30 09:56:19+05:30,3248.3,27,3245.91,123692,105299.0,93968.0,3250.0,3253.0,3239.8,3251.5,41584550,3576.6,2926.4,4322.95,2866.6,3248.5,10,1,3248.4,112,3,3248.3,71,2,3248.2,31,2,3248.1,210,3,3249.5,127,7,3249.6,20,1,3249.8,63,4,3249.9,94,4,3250.0,736,20
11536,2025-12-30 09:56:22+05:30,3248.3,19,3245.93,124539,103237.0,95230.0,3250.0,3253.0,3239.8,3251.5,41584550,3576.6,2926.4,4322.95,2866.6,3248.5,38,1,3248.1,38,3,3248.0,332,9,3247.9,15,1,3247.8,71,4,3249.0,156,5,3249.1,21,1,3249.2,9,1,3249.3,5,2,3249.4,38,1
11536,2025-12-30 09:56:23+05:30,3248.5,1,3245.93,124539,103237.0,95230.0,3250.0,3253.0,3239.8,3251.5,41584550,3576.6,2926.4,4322.95,2866.6,3248.5,38,1,3248.1,38,3,3248.0,332,9,3247.9,15,1,3247.8,71,4,3249.0,156,5,3249.1,21,1,3249.2,9,1,3249.3,5,2,3249.4,38,1
11536,2025-12-30 09:56:26+05:30,3248.3,3,3245.93,124539,103237.0,95230.0,3250.0,3253.0,3239.8,3251.5,41584550,3576.6,2926.4,4322.95,2866.6,3248.5,38,1,3248.1,38,3,3248.0,332,9,3247.9,15,1,3247.8,71,4,3249.0,156,5,3249.1,21,1,3249.2,9,1,3249.3,5,2,3249.4,38,1
11536,2025-12-30 09:56:28+05:30,3248.8,1,3245.95,125270,103916.0,96136.0,3250.0,3253.0,3239.8,3251.5,41584550,3576.6,2926.4,4322.95,2866.6,3248.8,39,1,3248.5,61,3,3248.4,21,1,3248.3,11,1,3248.2,115,3,3249.0,167,6,3249.5,103,1,3249.9,1,1,3250.0,767,19,3250.1,42,3
11536,2025-12-30 09:56:28+05:30,3248.8,1,3245.95,125270,103916.0,96136.0,3250.0,3253.0,3239.8,3251.5,41584550,3576.6,2926.4,4322.95,2866.6,3248.8,39,1,3248.5,61,3,3248.4,21,1,3248.3,11,1,3248.2,115,3,3249.0,167,6,3249.5,103,1,3249.9,1,1,3250.0,767,19,3250.1,42,3
11536,2025-12-30 09:56:29+05:30,3249.0,1,3245.95,125270,103916.0,96136.0,3250.0,3253.0,3239.8,3251.5,41584550,3576.6,2926.4,4322.95,2866.6,3248.8,39,1,3248.5,61,3,3248.4,21,1,3248.3,11,1,3248.2,115,3,3249.0,167,6,3249.5,103,1,3249.9,1,1,3250.0,767,19,3250.1,42,3
11536,2025-12-30 09:56:29+05:30,3249.0,1,3245.95,125297,103860.0,96172.0,3250.0,3253.0,3239.8,3251.5,41584550,3576.6,2926.4,4322.95,2866.6,3248.9,13,1,3248.5,61,3,3248.2,61,1,3248.1,122,5,3248.0,328,12,3249.0,301,9,3249.7,40,2,3249.9,16,2,3250.0,767,19,3250.1,24,2
11536,2025-12-30 09:56:30+05:30,3248.5,5,3245.95,125297,103860.0,96172.0,3250.0,3253.0,3239.8,3251.5,41584550,3576.6,2926.4,4322.95,2866.6,3248.9,13,1,3248.5,61,3,3248.2,61,1,3248.1,122,5,3248.0,328,12,3249.0,301,9,3249.7,40,2,3249.9,16,2,3250.0,767,19,3250.1,24,2
11536,2025-12-30 09:56:30+05:30,3248.5,5,3245.95,125321,103530.0,96459.0,3250.0,3253.0,3239.8,3251.5,41584550,3576.6,2926.4,4322.95,2866.6,3248.5,41,1,3248.3,2,1,3248.2,15,1,3248.1,100,4,3248.0,259,9,3248.8,4,4,3248.9,8,1,3249.0,292,8,3249.7,40,2,3249.8,20,2
11536,2025-12-30 09:56:31+05:30,3248.5,1,3245.95,125321,103530.0,96459.0,3250.0,3253.0,3239.8,3251.5,41584550,3576.6,2926.4,4322.95,2866.6,3248.5,41,1,3248.3,2,1,3248.2,15,1,3248.1,100,4,3248.0,259,9,3248.8,4,4,3248.9,8,1,3249.0,292,8,3249.7,40,2,3249.8,20,2
11536,2025-12-30 09:56:31+05:30,3248.5,1,3245.95,125375,103433.0,96181.0,3250.0,3253.0,3239.8,3251.5,41584550,3576.6,2926.4,4322.95,2866.6,3248.2,22,2,3248.1,25,3,3248.0,258,10,3247.9,22,2,3247.8,93,4,3248.5,4,3,3248.8,4,4,3248.9,8,1,3249.0,285,5,3249.4,26,1
11536,2025-12-30 09:56:32+05:30,3248.1,4,3245.95,125375,103433.0,96181.0,3250.0,3253.0,3239.8,3251.5,41584550,3576.6,2926.4,4322.95,2866.6,3248.2,22,2,3248.1,25,3,3248.0,258,10,3247.9,22,2,3247.8,93,4,3248.5,4,3,3248.8,4,4,3248.9,8,1,3249.0,285,5,3249.4,26,1
11536,2025-12-30 09:56:32+05:30,3248.8,4,3245.95,125508,103368.0,96504.0,3250.0,3253.0,3239.8,3251.5,41584550,3576.6,2926.4,4322.95,2866.6,3248.8,72,1,3248.1,23,3,3248.0,60,6,3247.8,172,3,3247.7,44,4,3249.0,283,3,3249.3,1,1,3249.4,41,2,3249.5,54,2,3249.6,15,1
11536,2025-12-30 09:56:33+05:30,3248.8,4,3245.95,125508,103368.0,96504.0,3250.0,3253.0,3239.8,3251.5,41584550,3576.6,2926.4,4322.95,2866.6,3248.8,72,1,3248.1,23,3,3248.0,60,6,3247.8,172,3,3247.7,44,4,3249.0,283,3,3249.3,1,1,3249.4,41,2,3249.5,54,2,3249.6,15,1
11536,2025-12-30 09:56:33+05:30,3248.8,4,3245.95,125508,103108.0,96380.0,3250.0,3253.0,3239.8,3251.5,41584550,3576.6,2926.4,4322.95,2866.6,3248.8,72,1,3248.1,25,3,3248.0,60,6,3247.8,172,3,3247.7,44,4,3249.0,302,6,3249.3,1,1,3249.4,95,4,3249.5,40,1,3249.6,32,2
11536,2025-12-30 09:56:34+05:30,3249.0,25,3245.95,125508,103108.0,96380.0,3250.0,3253.0,3239.8,3251.5,41584550,3576.6,2926.4,4322.95,2866.6,3248.8,72,1,3248.1,25,3,3248.0,60,6,3247.8,172,3,3247.7,44,4,3249.0,302,6,3249.3,1,1,3249.4,95,4,3249.5,40,1,3249.6,32,2
11536,2025-12-30 09:56:34+05:30,3249.0,25,3245.95,125533,103399.0,96132.0,3250.0,3253.0,3239.8,3251.5,41584550,3576.6,2926.4,4322.95,2866.6,3248.8,72,1,3248.5,50,2,3248.2,54,2,3248.1,19,3,3248.0,154,8,3249.0,277,6,3249.3,1,1,3249.7,26,1,3249.8,3,1,3249.9,17,1
11536,2025-12-30 09:56:35+05:30,3249.0,1,3245.95,125533,103399.0,96132.0,3250.0,3253.0,3239.8,3251.5,41584550,3576.6,2926.4,4322.95,2866.6,3248.8,72,1,3248.5,50,2,3248.2,54,2,3248.1,19,3,3248.0,154,8,3249.0,277,6,3249.3,1,1,3249.7,26,1,3249.8,3,1,3249.9,17,1
11536,2025-12-30 09:56:35+05:30,3249.0,1,3245.96,125787,103514.0,96196.0,3250.0,3253.0,3239.8,3251.5,41584550,3576.6,2926.4,4322.95,2866.6,3248.8,44,1,3248.7,37,1,3248.5,13,1,3248.3,11,1,3248.2,54,2,3249.0,262,9,3249.8,29,2,3249.9,17,1,3250.0,760,19,3250.1,24,2
11536,2025-12-30 09:56:36+05:30,3248.8,10,3245.96,125787,103514.0,96196.0,3250.0,3253.0,3239.8,3251.5,41584550,3576.6,2926.4,4322.95,2866.6,3248.8,44,1,3248.7,37,1,3248.5,13,1,3248.3,11,1,3248.2,54,2,3249.0,262,9,3249.8,29,2,3249.9,17,1,3250.0,760,19,3250.1,24,2
11536,2025-12-30 09:56:36+05:30,3249.0,184,3245.96,126043,103415.0,96094.0,3250.0,3253.0,3239.8,3251.5,41584550,3576.6,2926.4,4322.95,2866.6,3248.8,20,1,3248.7,37,1,3248.3,16,2,3248.2,26,1,3248.1,74,5,3249.0,33,9,3249.7,14,1,3249.8,29,2,3249.9,189,3,3250.0,800,20
11536,2025-12-30 09:56:37+05:30,3248.8,8,3245.96,126043,103415.0,96094.0,3250.0,3253.0,3239.8,3251.5,41584550,3576.6,2926.4,4322.95,2866.6,3248.8,20,1,3248.7,37,1,3248.3,16,2,3248.2,26,1,3248.1,74,5,3249.0,33,9,3249.7,14,1,3249.8,29,2,3249.9,189,3,3250.0,800,20
11536,2025-12-30 09:56:37+05:30,3248.8,8,3245.97,126126,102400.0,96143.0,3250.0,3253.0,3239.8,3251.5,41584550,3576.6,2926.4,4322.95,2866.6,3248.8,29,1,3248.3,71,4,3248.2,23,1,3248.1,60,5,3248.0,163,9,3249.0,50,12,3249.7,14,1,3249.8,29,2,3249.9,192,4,3250.0,800,20
11536,2025-12-30 09:56:38+05:30,3248.8,12,3245.97,126126,102400.0,96143.0,3250.0,3253.0,3239.8,3251.5,41584550,3576.6,2926.4,4322.95,2866.6,3248.8,29,1,3248.3,71,4,3248.2,23,1,3248.1,60,5,3248.0,163,9,3249.0,50,12,3249.7,14,1,3249.8,29,2,3249.9,192,4,3250.0,800,20
11536,2025-12-30 09:56:38+05:30,3248.8,4,3245.97,126244,103263.0,96541.0,3250.0,3253.0,3239.8,3251.5,41584550,3576.6,2926.4,4322.95,2866.6,3248.8,34,2,3248.3,1,1,3248.1,19,3,3248.0,86,6,3247.9,10,1,3249.0,57,13,3249.1,14,1,3249.2,15,1,3249.3,56,2,3249.4,60,4
11536,2025-12-30 09:56:39+05:30,3249.0,1,3245.97,126244,103263.0,96541.0,3250.0,3253.0,3239.8,3251.5,41584550,3576.6,2926.4,4322.95,2866.6,3248.8,34,2,3248.3,1,1,3248.1,19,3,3248.0,86,6,3247.9,10,1,3249.0,57,13,3249.1,14,1,3249.2,15,1,3249.3,56,2,3249.4,60,4
11536,2025-12-30 09:56:39+05:30,3248.9,1,3245.97,126310,103279.0,96514.0,3250.0,3253.0,3239.8,3251.5,41584550,3576.6,2926.4,4322.95,2866.6,3248.9,33,1,3248.8,3,1,3248.3,1,1,3248.1,19,3,3248.0,86,6,3249.0,50,12,3249.1,14,1,3249.2,15,1,3249.3,56,2,3249.4,99,5
11536,2025-12-30 09:56:40+05:30,3248.9,13,3245.97,126310,103279.0,96514.0,3250.0,3253.0,3239.8,3251.5,41584550,3576.6,2926.4,4322.95,2866.6,3248.9,33,1,3248.8,3,1,3248.3,1,1,3248.1,19,3,3248.0,86,6,3249.0,50,12,3249.1,14,1,3249.2,15,1,3249.3,56,2,3249.4,99,5
11536,2025-12-30 09:56:40+05:30,3248.9,1,3245.97,126383,103119.0,96623.0,3250.0,3253.0,3239.8,3251.5,41584550,3576.6,2926.4,4322.95,2866.6,3248.9,36,1,3248.8,3,1,3248.3,1,1,3248.1,29,4,3248.0,68,5,3249.0,46,12,3249.1,14,1,3249.2,37,2,3249.3,56,2,3249.4,99,5
11536,2025-12-30 09:56:41+05:30,3248.9,2,3245.97,126383,103119.0,96623.0,3250.0,3253.0,3239.8,3251.5,41584550,3576.6,2926.4,4322.95,2866.6,3248.9,36,1,3248.8,3,1,3248.3,1,1,3248.1,29,4,3248.0,68,5,3249.0,46,12,3249.1,14,1,3249.2,37,2,3249.3,56,2,3249.4,99,5
11536,2025-12-30 09:56:41+05:30,3248.9,17,3245.97,126409,103228.0,96653.0,3250.0,3253.0,3239.8,3251.5,41584550,3576.6,2926.4,4322.95,2866.6,3248.9,10,1,3248.8,12,2,3248.3,1,1,3248.1,19,3,3248.0,68,5,3249.0,87,14,3249.2,78,4,3249.3,17,1,3249.4,99,5,3249.5,53,2
11536,2025-12-30 09:56:42+05:30,3248.8,91,3245.97,126409,103228.0,96653.0,3250.0,3253.0,3239.8,3251.5,41584550,3576.6,2926.4,4322.95,2866.6,3248.9,10,1,3248.8,12,2,3248.3,1,1,3248.1,19,3,3248.0,68,5,3249.0,87,14,3249.2,78,4,3249.3,17,1,3249.4,99,5,3249.5,53,2
11536,2025-12-30 09:56:42+05:30,3248.9,1,3245.98,126732,103334.0,96543.0,3250.0,3253.0,3239.8,3251.5,41584550,3576.6,2926.4,4322.95,2866.6,3248.3,13,3,3248.2,36,1,3248.1,52,3,3248.0,95,7,3247.8,131,5,3248.9,1,1,3249.0,188,8,3249.2,22,1,3249.3,17,1,3249.4,23,1
11536,2025-12-30 09:56:43+05:30,3248.3,1,3245.98,126732,103334.0,96543.0,3250.0,3253.0,3239.8,3251.5,41584550,3576.6,2926.4,4322.95,2866.6,3248.3,13,3,3248.2,36,1,3248.1,52,3,3248.0,95,7,3247.8,131,5,3248.9,1,1,3249.0,188,8,3249.2,22,1,3249.3,17,1,3249.4,23,1
11536,2025-12-30 09:56:43+05:30,3248.3,1,3245.98,126750,103329.0,96591.0,3250.0,3253.0,3239.8,3251.5,41584550,3576.6,2926.4,4322.95,2866.6,3248.1,65,4,3248.0,68,6,3247.9,42,2,3247.8,63,4,3247.7,67,3,3248.3,3,3,3248.9,12,3,3249.0,185,6,3249.2,22,1,3249.3,17,1
11536,2025-12-30 09:56:44+05:30,3248.1,2,3245.98,126750,103329.0,96591.0,3250.0,3253.0,3239.8,3251.5,41584550,3576.6,2926.4,4322.95,2866.6,3248.1,65,4,3248.0,68,6,3247.9,42,2,3247.8,63,4,3247.7,67,3,3248.3,3,3,3248.9,12,3,3249.0,185,6,3249.2,22,1,3249.3,17,1
11536,2025-12-30 09:56:44+05:30,3248.1,2,3245.98,126811,103082.0,96601.0,3250.0,3253.0,3239.8,3251.5,41584550,3576.6,2926.4,4322.95,2866.6,3248.1,76,4,3248.0,68,6,3247.9,23,2,3247.8,85,5,3247.7,6,2,3248.3,6,5,3248.9,11,2,3249.0,179,3,3249.3,26,1,3249.5,41,2
11536,2025-12-30 09:56:45+05:30,3248.3,1,3245.98,126811,103082.0,96601.0,3250.0,3253.0,3239.8,3251.5,41584550,3576.6,2926.4,4322.95,2866.6,3248.1,76,4,3248.0,68,6,3247.9,23,2,3247.8,85,5,3247.7,6,2,3248.3,6,5,3248.9,11,2,3249.0,179,3,3249.3,26,1,3249.5,41,2
11536,2025-12-30 09:56:45+05:30,3249.0,163,3245.99,127151,103583.0,96467.0,3250.0,3253.0,3239.8,3251.5,41584550,3576.6,2926.4,4322.95,2866.6,3248.1,18,3,3248.0,53,5,3247.9,6,1,3247.8,122,4,3247.7,281,6,3248.3,2,2,3249.0,13,1,3249.4,70,2,3249.5,26,1,3249.6,65,3
11536,2025-12-30 09:56:46+05:30,3248.3,1,3245.99,127151,103583.0,96467.0,3250.0,3253.0,3239.8,3251.5,41584550,3576.6,2926.4,4322.95,2866.6,3248.1,18,3,3248.0,53,5,3247.9,6,1,3247.8,122,4,3247.7,281,6,3248.3,2,2,3249.0,13,1,3249.4,70,2,3249.5,26,1,3249.6,65,3
11536,2025-12-30 09:56:46+05:30,3248.3,1,3245.99,127152,103557.0,96490.0,3250.0,3253.0,3239.8,3251.5,41584550,3576.6,2926.4,4322.95,2866.6,3248.1,18,3,3248.0,53,5,3247.9,6,1,3247.8,122,4,3247.7,246,5,3248.3,17,5,3249.0,13,1,3249.4,70,2,3249.5,26,1,3249.6,65,3
11536,2025-12-30 09:56:47+05:30,3248.1,1,3245.99,127152,103557.0,96490.0,3250.0,3253.0,3239.8,3251.5,41584550,3576.6,2926.4,4322.95,2866.6,3248.1,18,3,3248.0,53,5,3247.9,6,1,3247.8,122,4,3247.7,246,5,3248.3,17,5,3249.0,13,1,3249.4,70,2,3249.5,26,1,3249.6,65,3
11536,2025-12-30 09:56:47+05:30,3248.1,1,3245.99,127154,103498.0,96455.0,3250.0,3253.0,3239.8,3251.5,41584550,3576.6,2926.4,4322.95,2866.6,3248.1,16,3,3248.0,53,5,3247.9,6,1,3247.8,61,3,3247.7,246,5,3248.3,16,4,3249.0,13,1,3249.4,70,2,3249.5,26,1,3249.6,65,3
11536,2025-12-30 09:56:48+05:30,3248.1,6,3245.99,127154,103498.0,96455.0,3250.0,3253.0,3239.8,3251.5,41584550,3576.6,2926.4,4322.95,2866.6,3248.1,16,3,3248.0,53,5,3247.9,6,1,3247.8,61,3,3247.7,246,5,3248.3,16,4,3249.0,13,1,3249.4,70,2,3249.5,26,1,3249.6,65,3
11536,2025-12-30 09:56:48+05:30,3248.1,1,3245.99,127240,103509.0,96474.0,3250.0,3253.0,3239.8,3251.5,41584550,3576.6,2926.4,4322.95,2866.6,3248.1,43,3,3248.0,66,6,3247.9,6,1,3247.8,61,3,3247.7,185,4,3248.3,7,3,3249.0,13,1,3249.4,70,2,3249.5,26,1,3249.6,93,4
11536,2025-12-30 09:56:49+05:30,3248.1,5,3245.99,127240,103509.0,96474.0,3250.0,3253.0,3239.8,3251.5,41584550,3576.6,2926.4,4322.95,2866.6,3248.1,43,3,3248.0,66,6,3247.9,6,1,3247.8,61,3,3247.7,185,4,3248.3,7,3,3249.0,13,1,3249.4,70,2,3249.5,26,1,3249.6,93,4
11536,2025-12-30 09:56:49+05:30,3248.1,5,3245.99,127278,102657.0,97253.0,3250.0,3253.0,3239.8,3251.5,41584550,3576.6,2926.4,4322.95,2866.6,3248.1,3,1,3248.0,92,6,3247.8,20,1,3247.7,6,2,3247.6,63,5,3248.3,10,6,3249.0,13,1,3249.1,1,1,3249.2,34,1,3249.3,87,2
11536,2025-12-30 09:56:50+05:30,3248.1,1,3245.99,127278,102657.0,97253.0,3250.0,3253.0,3239.8,3251.5,41584550,3576.6,2926.4,4322.95,2866.6,3248.1,3,1,3248.0,92,6,3247.8,20,1,3247.7,6,2,3247.6,63,5,3248.3,10,6,3249.0,13,1,3249.1,1,1,3249.2,34,1,3249.3,87,2
11536,2025-12-30 09:56:50+05:30,3248.0,1,3245.99,127285,102575.0,97757.0,3250.0,3253.0,3239.8,3251.5,41584550,3576.6,2926.4,4322.95,2866.6,3248.0,49,3,3247.7,3,1,3247.6,17,2,3247.5,56,4,3247.4,35,4,3248.1,5,3,3248.3,8,6,3248.9,68,2,3249.0,39,2,3249.1,1,1
11536,2025-12-30 09:56:51+05:30,3248.0,12,3245.99,127285,102575.0,97757.0,3250.0,3253.0,3239.8,3251.5,41584550,3576.6,2926.4,4322.95,2866.6,3248.0,49,3,3247.7,3,1,3247.6,17,2,3247.5,56,4,3247.4,35,4,3248.1,5,3,3248.3,8,6,3248.9,68,2,3249.0,39,2,3249.1,1,1
11536,2025-12-30 09:56:51+05:30,3248.0,8,3245.99,127309,102549.0,97723.0,3250.0,3253.0,3239.8,3251.5,41584550,3576.6,2926.4,4322.95,2866.6,3248.0,42,3,3247.7,3,1,3247.6,31,3,3247.5,56,4,3247.4,55,5,3248.1,10,8,3248.3,4,4,3248.8,34,1,3248.9,33,1,3249.0,39,2
11536,2025-12-30 09:56:52+05:30,3248.0,6,3245.99,127309,102549.0,97723.0,3250.0,3253.0,3239.8,3251.5,41584550,3576.6,2926.4,4322.95,2866.6,3248.0,42,3,3247.7,3,1,3247.6,31,3,3247.5,56,4,3247.4,55,5,3248.1,10,8,3248.3,4,4,3248.8,34,1,3248.9,33,1,3249.0,39,2
11536,2025-12-30 09:56:52+05:30,3248.1,1,3245.99,127351,102548.0,97719.0,3250.0,3253.0,3239.8,3251.5,41584550,3576.6,2926.4,4322.95,2866.6,3248.0,50,3,3247.8,13,1,3247.7,3,1,3247.6,31,3,3247.5,30,3,3248.1,9,9,3248.3,1,1,3248.8,34,1,3248.9,33,1,3249.0,39,2
11536,2025-12-30 09:56:53+05:30,3248.8,1,3245.99,127351,102548.0,97719.0,3250.0,3253.0,3239.8,3251.5,41584550,3576.6,2926.4,4322.95,2866.6,3248.0,50,3,3247.8,13,1,3247.7,3,1,3247.6,31,3,3247.5,30,3,3248.1,9,9,3248.3,1,1,3248.8,34,1,3248.9,33,1,3249.0,39,2
11536,2025-12-30 09:56:53+05:30,3248.1,14,3245.99,127546,102561.0,96877.0,3250.0,3253.0,3239.8,3251.5,41584550,3576.6,2926.4,4322.95,2866.6,3248.1,33,1,3248.0,44,4,3247.8,28,2,3247.7,162,2,3247.6,74,5,3248.8,9,2,3248.9,33,1,3249.0,13,1,3249.1,1,1,3249.2,32,1
11536,2025-12-30 09:56:54+05:30,3248.8,2,3245.99,127546,102561.0,96877.0,3250.0,3253.0,3239.8,3251.5,41584550,3576.6,2926.4,4322.95,2866.6,3248.1,33,1,3248.0,44,4,3247.8,28,2,3247.7,162,2,3247.6,74,5,3248.8,9,2,3248.9,33,1,3249.0,13,1,3249.1,1,1,3249.2,32,1
11536,2025-12-30 09:56:54+05:30,3248.8,2,3245.99,127548,102589.0,96961.0,3250.0,3253.0,3239.8,3251.5,41584550,3576.6,2926.4,4322.95,2866.6,3248.1,33,1,3248.0,44,4,3247.8,28,2,3247.7,188,3,3247.6,74,5,3248.8,9,4,3248.9,33,1,3249.0,45,2,3249.1,1,1,3249.3,26,1
11536,2025-12-30 09:56:55+05:30,3248.8,1,3245.99,127548,102589.0,96961.0,3250.0,3253.0,3239.8,3251.5,41584550,3576.6,2926.4,4322.95,2866.6,3248.1,33,1,3248.0,44,4,3247.8,28,2,3247.7,188,3,3247.6,74,5,3248.8,9,4,3248.9,33,1,3249.0,45,2,3249.1,1,1,3249.3,26,1
11536,2025-12-30 09:56:55+05:30,3248.8,1,3246.0,127601,103126.0,96826.0,3250.0,3253.0,3239.8,3251.5,41584550,3576.6,2926.4,4322.95,2866.6,3248.4,19,1,3248.1,63,2,3248.0,39,3,3247.9,179,1,3247.8,115,4,3248.8,9,7,3249.0,13,1,3249.1,1,1,3249.2,32,1,3249.3,26,1
11536,2025-12-30 09:56:56+05:30,3248.3,12,3246.0,127601,103126.0,96826.0,3250.0,3253.0,3239.8,3251.5,41584550,3576.6,2926.4,4322.95,2866.6,3248.4,19,1,3248.1,63,2,3248.0,39,3,3247.9,179,1,3247.8,115,4,3248.8,9,7,3249.0,13,1,3249.1,1,1,3249.2,32,1,3249.3,26,1
11536,2025-12-30 09:56:56+05:30,3248.3,12,3246.0,127632,103071.0,96697.0,3250.0,3253.0,3239.8,3251.5,41584550,3576.6,2926.4,4322.95,2866.6,3248.1,89,5,3248.0,72,6,3247.9,23,2,3247.8,136,5,3247.7,3,1,3248.8,11,10,3249.0,13,1,3249.1,1,1,3249.2,32,1,3249.4,7,1
11536,2025-12-30 09:56:57+05:30,3248.1,15,3246.0,127632,103071.0,96697.0,3250.0,3253.0,3239.8,3251.5,41584550,3576.6,2926.4,4322.95,2866.6,3248.1,89,5,3248.0,72,6,3247.9,23,2,3247.8,136,5,3247.7,3,1,3248.8,11,10,3249.0,13,1,3249.1,1,1,3249.2,32,1,3249.4,7,1
11536,2025-12-30 09:56:57+05:30,3248.1,15,3246.0,127655,103072.0,96709.0,3250.0,3253.0,3239.8,3251.5,41584550,3576.6,2926.4,4322.95,2866.6,3248.1,66,5,3248.0,72,6,3247.9,23,2,3247.8,75,4,3247.7,149,2,3248.8,10,10,3249.0,13,1,3249.1,2,2,3249.2,32,1,3249.4,7,1
11536,2025-12-30 09:56:58+05:30,3248.1,8,3246.0,127655,103072.0,96709.0,3250.0,3253.0,3239.8,3251.5,41584550,3576.6,2926.4,4322.95,2866.6,3248.1,66,5,3248.0,72,6,3247.9,23,2,3247.8,75,4,3247.7,149,2,3248.8,10,10,3249.0,13,1,3249.1,2,2,3249.2,32,1,3249.4,7,1
11536,2025-12-30 09:56:58+05:30,3248.1,8,3246.0,127668,103066.0,96731.0,3250.0,3253.0,3239.8,3251.5,41584550,3576.6,2926.4,4322.95,2866.6,3248.1,40,4,3248.0,72,6,3247.9,23,2,3247.8,75,4,3247.7,149,2,3248.8,10,10,3249.0,13,1,3249.1,2,2,3249.2,32,1,3249.3,30,1
11536,2025-12-30 09:56:59+05:30,3248.1,1,3246.0,127668,103066.0,96731.0,3250.0,3253.0,3239.8,3251.5,41584550,3576.6,2926.4,4322.95,2866.6,3248.1,40,4,3248.0,72,6,3247.9,23,2,3247.8,75,4,3247.7,149,2,3248.8,10,10,3249.0,13,1,3249.1,2,2,3249.2,32,1,3249.3,30,1
11536,2025-12-30 09:56:59+05:30,3248.1,1,3246.0,127688,103165.0,96885.0,3250.0,3253.0,3239.8,3251.5,41584550,3576.6,2926.4,4322.95,2866.6,3248.1,22,2,3248.0,72,6,3247.9,23,2,3247.8,75,4,3247.7,149,2,3248.8,9,9,3249.0,44,2,3249.1,2,2,3249.2,30,1,3249.4,33,2
11536,2025-12-30 09:57:00+05:30,3248.1,2,3246.0,127688,103165.0,96885.0,3250.0,3253.0,3239.8,3251.5,41584550,3576.6,2926.4,4322.95,2866.6,3248.1,22,2,3248.0,72,6,3247.9,23,2,3247.8,75,4,3247.7,149,2,3248.8,9,9,3249.0,44,2,3249.1,2,2,3249.2,30,1,3249.4,33,2
11536,2025-12-30 09:57:00+05:30,3248.1,2,3246.0,127699,102767.0,96891.0,3250.0,3253.0,3239.8,3251.5,41584550,3576.6,2926.4,4322.95,2866.6,3248.1,63,3,3248.0,73,7,3247.9,23,2,3247.8,75,4,3247.7,149,2,3248.8,6,6,3249.0,13,1,3249.1,2,2,3249.2,30,1,3249.3,31,1
11536,2025-12-30 09:57:01+05:30,3248.8,1,3246.0,127699,102767.0,96891.0,3250.0,3253.0,3239.8,3251.5,41584550,3576.6,2926.4,4322.95,2866.6,3248.1,63,3,3248.0,73,7,3247.9,23,2,3247.8,75,4,3247.7,149,2,3248.8,6,6,3249.0,13,1,3249.1,2,2,3249.2,30,1,3249.3,31,1
11536,2025-12-30 09:57:01+05:30,3248.8,1,3246.0,127711,103205.0,96886.0,3250.0,3253.0,3239.8,3251.5,41584550,3576.6,2926.4,4322.95,2866.6,3248.1,52,3,3248.0,73,7,3247.9,23,2,3247.8,75,4,3247.7,149,2,3248.8,4,4,3249.0,13,1,3249.1,2,2,3249.3,31,1,3249.4,48,3
11536,2025-12-30 09:57:02+05:30,3248.1,2,3246.0,127714,103169.0,96943.0,3250.0,3253.0,3239.8,3251.5,41584550,3576.6,2926.4,4322.95,2866.6,3248.1,73,6,3248.0,55,6,3247.9,6,1,3247.8,72,4,3247.7,49,3,3248.5,5,1,3248.8,4,4,3249.0,13,1,3249.1,2,2,3249.3,31,1
11536,2025-12-30 09:57:02+05:30,3248.1,2,3246.0,127714,103169.0,96943.0,3250.0,3253.0,3239.8,3251.5,41584550,3576.6,2926.4,4322.95,2866.6,3248.1,73,6,3248.0,55,6,3247.9,6,1,3247.8,72,4,3247.7,49,3,3248.5,5,1,3248.8,4,4,3249.0,13,1,3249.1,2,2,3249.3,31,1
11536,2025-12-30 09:57:03+05:30,3248.5,1,3246.0,127714,103169.0,96943.0,3250.0,3253.0,3239.8,3251.5,41584550,3576.6,2926.4,4322.95,2866.6,3248.1,73,6,3248.0,55,6,3247.9,6,1,3247.8,72,4,3247.7,49,3,3248.5,5,1,3248.8,4,4,3249.0,13,1,3249.1,2,2,3249.3,31,1
11536,2025-12-30 09:57:03+05:30,3248.5,1,3246.0,127718,103220.0,96905.0,3250.0,3253.0,3239.8,3251.5,41584550,3576.6,2926.4,4322.95,2866.6,3248.1,109,6,3248.0,68,7,3247.9,6,1,3247.8,75,5,3247.7,20,2,3248.5,7,4,3248.8,3,3,3249.0,13,1,3249.1,2,2,3249.3,31,1
11536,2025-12-30 09:57:04+05:30,3248.1,10,3246.0,127732,103178.0,96933.0,3250.0,3253.0,3239.8,3251.5,41584550,3576.6,2926.4,4322.95,2866.6,3248.1,95,6,3248.0,68,7,3247.9,6,1,3247.8,75,5,3247.7,20,2,3248.5,9,6,3248.8,1,1,3249.0,13,1,3249.1,2,2,3249.3,31,1
11536,2025-12-30 09:57:04+05:30,3248.1,10,3246.0,127732,103178.0,96933.0,3250.0,3253.0,3239.8,3251.5,41584550,3576.6,2926.4,4322.95,2866.6,3248.1,95,6,3248.0,68,7,3247.9,6,1,3247.8,75,5,3247.7,20,2,3248.5,9,6,3248.8,1,1,3249.0,13,1,3249.1,2,2,3249.3,31,1
11536,2025-12-30 09:57:05+05:30,3248.5,1,3246.0,127732,103178.0,96933.0,3250.0,3253.0,3239.8,3251.5,41584550,3576.6,2926.4,4322.95,2866.6,3248.1,95,6,3248.0,68,7,3247.9,6,1,3247.8,75,5,3247.7,20,2,3248.5,9,6,3248.8,1,1,3249.0,13,1,3249.1,2,2,3249.3,31,1
11536,2025-12-30 09:57:05+05:30,3248.5,1,3246.0,127748,103316.0,96967.0,3250.0,3253.0,3239.8,3251.5,41584550,3576.6,2926.4,4322.95,2866.6,3248.1,93,6,3248.0,55,6,3247.8,68,5,3247.7,189,3,3247.6,135,8,3248.5,11,9,3249.0,13,1,3249.1,2,2,3249.3,31,1,3249.4,48,3
11536,2025-12-30 09:57:06+05:30,3248.1,1,3246.0,127748,103316.0,96967.0,3250.0,3253.0,3239.8,3251.5,41584550,3576.6,2926.4,4322.95,2866.6,3248.1,93,6,3248.0,55,6,3247.8,68,5,3247.7,189,3,3247.6,135,8,3248.5,11,9,3249.0,13,1,3249.1,2,2,3249.3,31,1,3249.4,48,3
11536,2025-12-30 09:57:06+05:30,3248.1,3,3246.0,127754,103310.0,96967.0,3250.0,3253.0,3239.8,3251.5,41584550,3576.6,2926.4,4322.95,2866.6,3248.1,87,6,3248.0,55,6,3247.8,68,5,3247.7,189,3,3247.6,135,8,3248.5,11,9,3249.0,13,1,3249.1,2,2,3249.3,31,1,3249.4,48,3
11536,2025-12-30 09:57:07+05:30,3248.2,3,3246.0,127754,103310.0,96967.0,3250.0,3253.0,3239.8,3251.5,41584550,3576.6,2926.4,4322.95,2866.6,3248.1,87,6,3248.0,55,6,3247.8,68,5,3247.7,189,3,3247.6,135,8,3248.5,11,9,3249.0,13,1,3249.1,2,2,3249.3,31,1,3249.4,48,3
11536,2025-12-30 09:57:07+05:30,3248.2,1,3246.0,127761,104002.0,96966.0,3250.0,3253.0,3239.8,3251.5,41584550,3576.6,2926.4,4322.95,2866.6,3248.2,14,3,3248.1,764,4,3248.0,69,7,3247.8,68,5,3247.7,66,3,3248.5,10,8,3249.0,13,1,3249.1,2,2,3249.3,31,1,3249.4,48,3
11536,2025-12-30 09:57:08+05:30,3248.2,1,3246.0,127761,104002.0,96966.0,3250.0,3253.0,3239.8,3251.5,41584550,3576.6,2926.4,4322.95,2866.6,3248.2,14,3,3248.1,764,4,3248.0,69,7,3247.8,68,5,3247.7,66,3,3248.5,10,8,3249.0,13,1,3249.1,2,2,3249.3,31,1,3249.4,48,3
11536,2025-12-30 09:57:08+05:30,3248.2,1,3246.0,127764,104162.0,97148.0,3250.0,3253.0,3239.8,3251.5,41584550,3576.6,2926.4,4322.95,2866.6,3248.2,11,3,3248.1,764,4,3248.0,69,7,3247.8,68,5,3247.7,66,3,3248.5,9,7,3249.0,13,1,3249.1,2,2,3249.3,31,1,3249.4,48,3
11536,2025-12-30 09:57:09+05:30,3248.4,1,3246.0,127764,104162.0,97148.0,3250.0,3253.0,3239.8,3251.5,41584550,3576.6,2926.4,4322.95,2866.6,3248.2,11,3,3248.1,764,4,3248.0,69,7,3247.8,68,5,3247.7,66,3,3248.5,9,7,3249.0,13,1,3249.1,2,2,3249.3,31,1,3249.4,48,3
11536,2025-12-30 09:57:09+05:30,3248.4,1,3246.0,127771,104442.0,97324.0,3250.0,3253.0,3239.8,3251.5,41584550,3576.6,2926.4,4322.95,2866.6,3248.4,1,1,3248.2,57,3,3248.1,777,5,3248.0,46,5,3247.8,54,4,3248.5,4,4,3249.0,13,1,3249.1,2,2,3249.2,28,1,3249.3,18,1
11536,2025-12-30 09:57:10+05:30,3248.4,1,3246.0,127771,104442.0,97324.0,3250.0,3253.0,3239.8,3251.5,41584550,3576.6,2926.4,4322.95,2866.6,3248.4,1,1,3248.2,57,3,3248.1,777,5,3248.0,46,5,3247.8,54,4,3248.5,4,4,3249.0,13,1,3249.1,2,2,3249.2,28,1,3249.3,18,1
11536,2025-12-30 09:57:10+05:30,3248.4,1,3246.0,127773,104406.0,97427.0,3250.0,3253.0,3239.8,3251.5,41584550,3576.6,2926.4,4322.95,2866.6,3248.4,13,1,3248.2,52,2,3248.1,777,5,3248.0,40,4,3247.8,54,4,3248.5,5,5,3249.0,13,1,3249.1,2,2,3249.2,46,2,3249.4,33,2
11536,2025-12-30 09:57:11+05:30,3248.4,1,3246.0,127773,104406.0,97427.0,3250.0,3253.0,3239.8,3251.5,41584550,3576.6,2926.4,4322.95,2866.6,3248.4,13,1,3248.2,52,2,3248.1,777,5,3248.0,40,4,3247.8,54,4,3248.5,5,5,3249.0,13,1,3249.1,2,2,3249.2,46,2,3249.4,33,2
11536,2025-12-30 09:57:11+05:30,3248.4,1,3246.0,127776,103179.0,97486.0,3250.0,3253.0,3239.8,3251.5,41584550,3576.6,2926.4,4322.95,2866.6,3248.4,10,1,3248.2,52,2,3248.1,57,2,3248.0,40,4,3247.9,20,2,3248.5,2,2,3249.0,13,1,3249.1,2,2,3249.2,46,2,3249.4,33,2
11536,2025-12-30 09:57:12+05:30,3249.0,6,3246.0,127776,103179.0,97486.0,3250.0,3253.0,3239.8,3251.5,41584550,3576.6,2926.4,4322.95,2866.6,3248.4,10,1,3248.2,52,2,3248.1,57,2,3248.0,40,4,3247.9,20,2,3248.5,2,2,3249.0,13,1,3249.1,2,2,3249.2,46,2,3249.4,33,2
11536,2025-12-30 09:57:12+05:30,3249.0,77,3246.0,127888,102788.0,97372.0,3250.0,3253.0,3239.8,3251.5,41584550,3576.6,2926.4,4322.95,2866.6,3248.4,10,1,3248.2,51,1,3248.1,57,2,3248.0,40,4,3247.9,20,2,3249.0,123,1,3249.1,2,2,3249.4,46,3,3249.5,3,1,3249.6,67,3
11536,2025-12-30 09:57:13+05:30,3249.0,2,3246.0,127888,102788.0,97372.0,3250.0,3253.0,3239.8,3251.5,41584550,3576.6,2926.4,4322.95,2866.6,3248.4,10,1,3248.2,51,1,3248.1,57,2,3248.0,40,4,3247.9,20,2,3249.0,123,1,3249.1,2,2,3249.4,46,3,3249.5,3,1,3249.6,67,3
11536,2025-12-30 09:57:13+05:30,3249.0,2,3246.0,127890,103039.0,97254.0,3250.0,3253.0,3239.8,3251.5,41584550,3576.6,2926.4,4322.95,2866.6,3248.9,10,1,3248.2,51,1,3248.1,57,2,3248.0,40,4,3247.9,20,2,3249.0,145,7,3249.1,1,1,3249.2,12,1,3249.4,90,5,3249.6,82,4
11536,2025-12-30 09:57:14+05:30,3249.0,1,3246.0,127890,103039.0,97254.0,3250.0,3253.0,3239.8,3251.5,41584550,3576.6,2926.4,4322.95,2866.6,3248.9,10,1,3248.2,51,1,3248.1,57,2,3248.0,40,4,3247.9,20,2,3249.0,145,7,3249.1,1,1,3249.2,12,1,3249.4,90,5,3249.6,82,4
11536,2025-12-30 09:57:14+05:30,3249.0,1,3246.0,127891,103026.0,97284.0,3250.0,3253.0,3239.8,3251.5,41584550,3576.6,2926.4,4322.95,2866.6,3248.9,94,2,3248.1,5,1,3248.0,46,5,3247.9,20,2,3247.8,52,3,3249.0,143,6,3249.1,1,1,3249.2,12,1,3249.3,6,1,3249.4,90,5
11536,2025-12-30 09:57:15+05:30,3249.0,1,3246.0,127891,103026.0,97284.0,3250.0,3253.0,3239.8,3251.5,41584550,3576.6,2926.4,4322.95,2866.6,3248.9,94,2,3248.1,5,1,3248.0,46,5,3247.9,20,2,3247.8,52,3,3249.0,143,6,3249.1,1,1,3249.2,12,1,3249.3,6,1,3249.4,90,5
11536,2025-12-30 09:57:15+05:30,3249.0,1,3246.0,127926,103004.0,97281.0,3250.0,3253.0,3239.8,3251.5,41584550,3576.6,2926.4,4322.95,2866.6,3248.9,73,2,3248.1,5,1,3248.0,46,5,3247.9,20,2,3247.8,52,3,3249.0,140,7,3249.1,1,1,3249.2,12,1,3249.3,6,1,3249.4,90,5
11536,2025-12-30 09:57:16+05:30,3249.0,1,3246.0,127926,103004.0,97281.0,3250.0,3253.0,3239.8,3251.5,41584550,3576.6,2926.4,4322.95,2866.6,3248.9,73,2,3248.1,5,1,3248.0,46,5,3247.9,20,2,3247.8,52,3,3249.0,140,7,3249.1,1,1,3249.2,12,1,3249.3,6,1,3249.4,90,5
11536,2025-12-30 09:57:16+05:30,3249.0,1,3246.0,127950,102610.0,97078.0,3250.0,3253.0,3239.8,3251.5,41584550,3576.6,2926.4,4322.95,2866.6,3248.9,50,2,3248.1,5,1,3248.0,46,5,3247.8,24,2,3247.7,157,2,3249.0,260,9,3249.1,19,3,3249.2,29,2,3249.3,20,1,3249.4,90,5
11536,2025-12-30 09:57:17+05:30,3248.9,10,3246.0,127950,102610.0,97078.0,3250.0,3253.0,3239.8,3251.5,41584550,3576.6,2926.4,4322.95,2866.6,3248.9,50,2,3248.1,5,1,3248.0,46,5,3247.8,24,2,3247.7,157,2,3249.0,260,9,3249.1,19,3,3249.2,29,2,3249.3,20,1,3249.4,90,5
11536,2025-12-30 09:57:17+05:30,3248.9,1,3246.0,127962,102772.0,95922.0,3250.0,3253.0,3239.8,3251.5,41584550,3576.6,2926.4,4322.95,2866.6,3248.9,38,2,3248.1,5,1,3248.0,46,5,3247.8,46,3,3247.7,169,4,3249.0,261,10,3249.1,36,4,3249.2,29,2,3249.3,20,1,3249.4,111,6
11536,2025-12-30 09:57:18+05:30,3248.9,7,3246.0,127962,102772.0,95922.0,3250.0,3253.0,3239.8,3251.5,41584550,3576.6,2926.4,4322.95,2866.6,3248.9,38,2,3248.1,5,1,3248.0,46,5,3247.8,46,3,3247.7,169,4,3249.0,261,10,3249.1,36,4,3249.2,29,2,3249.3,20,1,3249.4,111,6
11536,2025-12-30 09:57:18+05:30,3248.9,7,3246.0,127976,102758.0,97450.0,3250.0,3253.0,3239.8,3251.5,41584550,3576.6,2926.4,4322.95,2866.6,3248.9,24,2,3248.1,5,1,3248.0,46,5,3247.8,46,3,3247.7,167,3,3249.0,269,10,3249.1,7,2,3249.2,41,3,3249.3,51,2,3249.4,80,5
11536,2025-12-30 09:57:19+05:30,3248.9,4,3246.0,127976,102758.0,97450.0,3250.0,3253.0,3239.8,3251.5,41584550,3576.6,2926.4,4322.95,2866.6,3248.9,24,2,3248.1,5,1,3248.0,46,5,3247.8,46,3,3247.7,167,3,3249.0,269,10,3249.1,7,2,3249.2,41,3,3249.3,51,2,3249.4,80,5
11536,2025-12-30 09:57:19+05:30,3248.9,4,3246.0,127983,102752.0,96791.0,3250.0,3253.0,3239.8,3251.5,41584550,3576.6,2926.4,4322.95,2866.6,3248.9,17,2,3248.1,5,1,3248.0,46,5,3247.8,46,3,3247.7,167,3,3249.0,260,9,3249.1,7,2,3249.2,24,2,3249.3,31,1,3249.4,86,6
11536,2025-12-30 09:57:20+05:30,3248.9,2,3246.0,127983,102752.0,96791.0,3250.0,3253.0,3239.8,3251.5,41584550,3576.6,2926.4,4322.95,2866.6,3248.9,17,2,3248.1,5,1,3248.0,46,5,3247.8,46,3,3247.7,167,3,3249.0,260,9,3249.1,7,2,3249.2,24,2,3249.3,31,1,3249.4,86,6
11536,2025-12-30 09:57:20+05:30,3248.9,2,3246.0,127992,102770.0,98300.0,3250.0,3253.0,3239.8,3251.5,41584550,3576.6,2926.4,4322.95,2866.6,3248.9,13,1,3248.1,5,1,3248.0,46,5,3247.8,46,3,3247.7,167,3,3249.0,271,12,3249.1,18,2,3249.2,48,4,3249.3,31,1,3249.4,86,6
11536,2025-12-30 09:57:21+05:30,3248.9,92,3246.0,127992,102770.0,98300.0,3250.0,3253.0,3239.8,3251.5,41584550,3576.6,2926.4,4322.95,2866.6,3248.9,13,1,3248.1,5,1,3248.0,46,5,3247.8,46,3,3247.7,167,3,3249.0,271,12,3249.1,18,2,3249.2,48,4,3249.3,31,1,3249.4,86,6
11536,2025-12-30 09:57:21+05:30,3248.9,92,3246.01,128088,101771.0,98170.0,3250.0,3253.0,3239.8,3251.5,41584550,3576.6,2926.4,4322.95,2866.6,3248.1,5,1,3248.0,45,5,3247.8,25,2,3247.7,13,2,3247.6,44,3,3248.8,17,3,3248.9,156,3,3249.0,318,16,3249.1,35,3,3249.2,48,4
11536,2025-12-30 09:57:22+05:30,3248.0,2,3246.01,128088,101771.0,98170.0,3250.0,3253.0,3239.8,3251.5,41584550,3576.6,2926.4,4322.95,2866.6,3248.1,5,1,3248.0,45,5,3247.8,25,2,3247.7,13,2,3247.6,44,3,3248.8,17,3,3248.9,156,3,3249.0,318,16,3249.1,35,3,3249.2,48,4
11536,2025-12-30 09:57:22+05:30,3248.0,2,3246.01,128095,101607.0,98424.0,3250.0,3253.0,3239.8,3251.5,41584550,3576.6,2926.4,4322.95,2866.6,3248.1,64,1,3248.0,46,5,3247.8,25,2,3247.7,13,2,3247.6,41,2,3248.7,34,6,3248.8,5,2,3248.9,187,4,3249.0,284,12,3249.1,35,3
11536,2025-12-30 09:57:23+05:30,3248.1,27,3246.01,128095,101607.0,98424.0,3250.0,3253.0,3239.8,3251.5,41584550,3576.6,2926.4,4322.95,2866.6,3248.1,64,1,3248.0,46,5,3247.8,25,2,3247.7,13,2,3247.6,41,2,3248.7,34,6,3248.8,5,2,3248.9,187,4,3249.0,284,12,3249.1,35,3
11536,2025-12-30 09:57:23+05:30,3248.1,1,3246.01,128132,101756.0,97004.0,3250.0,3253.0,3239.8,3251.5,41584550,3576.6,2926.4,4322.95,2866.6,3248.1,32,1,3248.0,46,5,3247.9,8,1,3247.8,25,2,3247.7,13,2,3248.7,22,6,3248.8,7,2,3248.9,197,5,3249.0,265,6,3249.1,35,3
11536,2025-12-30 09:57:24+05:30,3248.7,2,3246.01,128132,101756.0,97004.0,3250.0,3253.0,3239.8,3251.5,41584550,3576.6,2926.4,4322.95,2866.6,3248.1,32,1,3248.0,46,5,3247.9,8,1,3247.8,25,2,3247.7,13,2,3248.7,22,6,3248.8,7,2,3248.9,197,5,3249.0,265,6,3249.1,35,3
11536,2025-12-30 09:57:24+05:30,3248.1,18,3246.01,128161,101735.0,98265.0,3250.0,3253.0,3239.8,3251.5,41584550,3576.6,2926.4,4322.95,2866.6,3248.1,11,1,3248.0,46,5,3247.9,8,1,3247.8,25,2,3247.7,13,2,3248.7,18,6,3248.8,17,2,3248.9,197,5,3249.0,265,5,3249.1,35,3
11536,2025-12-30 09:57:25+05:30,3248.7,1,3246.01,128161,101735.0,98265.0,3250.0,3253.0,3239.8,3251.5,41584550,3576.6,2926.4,4322.95,2866.6,3248.1,11,1,3248.0,46,5,3247.9,8,1,3247.8,25,2,3247.7,13,2,3248.7,18,6,3248.8,17,2,3248.9,197,5,3249.0,265,5,3249.1,35,3
11536,2025-12-30 09:57:25+05:30,3248.7,1,3246.01,128164,101743.0,97029.0,3250.0,3253.0,3239.8,3251.5,41584550,3576.6,2926.4,4322.95,2866.6,3248.1,18,2,3248.0,46,5,3247.8,25,2,3247.7,13,2,3247.6,41,2,3248.7,16,6,3248.8,17,2,3248.9,197,5,3249.0,256,4,3249.1,35,3
11536,2025-12-30 09:57:26+05:30,3248.7,1,3246.01,128164,101743.0,97029.0,3250.0,3253.0,3239.8,3251.5,41584550,3576.6,2926.4,4322.95,2866.6,3248.1,18,2,3248.0,46,5,3247.8,25,2,3247.7,13,2,3247.6,41,2,3248.7,16,6,3248.8,17,2,3248.9,197,5,3249.0,256,4,3249.1,35,3
11536,2025-12-30 09:57:26+05:30,3248.7,1,3246.01,128195,101659.0,98265.0,3250.0,3253.0,3239.8,3251.5,41584550,3576.6,2926.4,4322.95,2866.6,3248.1,9,2,3248.0,47,6,3247.8,25,2,3247.7,13,2,3247.6,16,1,3248.7,5,5,3248.9,164,2,3249.0,232,3,3249.1,1,1,3249.2,80,5
11536,2025-12-30 09:57:27+05:30,3248.7,5,3246.01,128195,101659.0,98265.0,3250.0,3253.0,3239.8,3251.5,41584550,3576.6,2926.4,4322.95,2866.6,3248.1,9,2,3248.0,47,6,3247.8,25,2,3247.7,13,2,3247.6,16,1,3248.7,5,5,3248.9,164,2,3249.0,232,3,3249.1,1,1,3249.2,80,5
11536,2025-12-30 09:57:27+05:30,3248.7,5,3246.01,128213,102115.0,98132.0,3250.0,3253.0,3239.8,3251.5,41584550,3576.6,2926.4,4322.95,2866.6,3248.2,8,1,3248.0,47,6,3247.8,25,2,3247.7,13,2,3247.6,16,1,3248.7,6,6,3248.9,169,3,3249.0,125,2,3249.1,1,1,3249.2,79,5
11536,2025-12-30 09:57:28+05:30,3248.2,8,3246.01,128213,102115.0,98132.0,3250.0,3253.0,3239.8,3251.5,41584550,3576.6,2926.4,4322.95,2866.6,3248.2,8,1,3248.0,47,6,3247.8,25,2,3247.7,13,2,3247.6,16,1,3248.7,6,6,3248.9,169,3,3249.0,125,2,3249.1,1,1,3249.2,79,5
11536,2025-12-30 09:57:31+05:30,3248.9,2,3246.01,128456,102237.0,97766.0,3250.0,3253.0,3239.8,3251.5,41584550,3576.6,2926.4,4322.95,2866.6,3248.1,3,1,3248.0,85,9,3247.8,45,3,3247.7,58,4,3247.6,53,5,3248.9,89,3,3249.0,143,2,3249.1,1,1,3249.2,56,3,3249.3,11,1
11536,2025-12-30 09:57:32+05:30,3248.9,2,3246.01,128456,102237.0,97766.0,3250.0,3253.0,3239.8,3251.5,41584550,3576.6,2926.4,4322.95,2866.6,3248.1,3,1,3248.0,85,9,3247.8,45,3,3247.7,58,4,3247.6,53,5,3248.9,89,3,3249.0,143,2,3249.1,1,1,3249.2,56,3,3249.3,11,1
11536,2025-12-30 09:57:35+05:30,3248.9,1,3246.01,128456,102237.0,97766.0,3250.0,3253.0,3239.8,3251.5,41584550,3576.6,2926.4,4322.95,2866.6,3248.1,3,1,3248.0,85,9,3247.8,45,3,3247.7,58,4,3247.6,53,5,3248.9,89,3,3249.0,143,2,3249.1,1,1,3249.2,56,3,3249.3,11,1
11536,2025-12-30 09:57:37+05:30,3248.5,14,3246.04,129787,103274.0,97782.0,3250.0,3253.0,3239.8,3251.5,41584550,3576.6,2926.4,4322.95,2866.6,3248.2,20,1,3248.1,99,2,3248.0,126,9,3247.9,29,1,3247.8,45,3,3248.5,13,2,3248.9,116,8,3249.2,12,1,3249.3,13,1,3249.4,43,2
11536,2025-12-30 09:57:38+05:30,3248.1,25,3246.04,129787,103274.0,97782.0,3250.0,3253.0,3239.8,3251.5,41584550,3576.6,2926.4,4322.95,2866.6,3248.2,20,1,3248.1,99,2,3248.0,126,9,3247.9,29,1,3247.8,45,3,3248.5,13,2,3248.9,116,8,3249.2,12,1,3249.3,13,1,3249.4,43,2
11536,2025-12-30 09:57:41+05:30,3247.8,1,3246.04,129787,103274.0,97782.0,3250.0,3253.0,3239.8,3251.5,41584550,3576.6,2926.4,4322.95,2866.6,3248.2,20,1,3248.1,99,2,3248.0,126,9,3247.9,29,1,3247.8,45,3,3248.5,13,2,3248.9,116,8,3249.2,12,1,3249.3,13,1,3249.4,43,2
11536,2025-12-30 09:57:43+05:30,3247.7,10,3246.06,130746,101940.0,98925.0,3250.0,3253.0,3239.8,3251.5,41584550,3576.6,2926.4,4322.95,2866.6,3247.7,56,6,3247.6,37,3,3247.5,54,3,3247.4,114,6,3247.3,121,7,3248.0,26,5,3248.7,5,1,3248.8,130,1,3248.9,86,2,3249.0,1,1
11536,2025-12-30 09:57:45+05:30,3248.8,1,3246.06,130746,101940.0,98925.0,3250.0,3253.0,3239.8,3251.5,41584550,3576.6,2926.4,4322.95,2866.6,3247.7,56,6,3247.6,37,3,3247.5,54,3,3247.4,114,6,3247.3,121,7,3248.0,26,5,3248.7,5,1,3248.8,130,1,3248.9,86,2,3249.0,1,1
11536,2025-12-30 09:57:49+05:30,3249.4,1,3246.06,130746,101940.0,98925.0,3250.0,3253.0,3239.8,3251.5,41584550,3576.6,2926.4,4322.95,2866.6,3247.7,56,6,3247.6,37,3,3247.5,54,3,3247.4,114,6,3247.3,121,7,3248.0,26,5,3248.7,5,1,3248.8,130,1,3248.9,86,2,3249.0,1,1
11536,2025-12-30 09:57:49+05:30,3249.4,1,3246.07,131245,104719.0,95401.0,3250.0,3253.0,3239.8,3251.5,41584550,3576.6,2926.4,4322.95,2866.6,3248.5,37,2,3248.4,24,1,3248.3,97,3,3248.2,205,4,3248.1,116,4,3249.7,39,6,3249.8,10,1,3249.9,35,3,3250.0,765,19,3250.1,24,3
11536,2025-12-30 09:57:53+05:30,3249.7,2,3246.07,131245,104719.0,95401.0,3250.0,3253.0,3239.8,3251.5,41584550,3576.6,2926.4,4322.95,2866.6,3248.5,37,2,3248.4,24,1,3248.3,97,3,3248.2,205,4,3248.1,116,4,3249.7,39,6,3249.8,10,1,3249.9,35,3,3250.0,765,19,3250.1,24,3
11536,2025-12-30 09:57:55+05:30,3249.7,1,3246.08,131710,105238.0,95457.0,3250.0,3253.0,3239.8,3251.5,41584550,3576.6,2926.4,4322.95,2866.6,3249.6,57,3,3249.1,24,2,3248.7,61,1,3248.6,63,2,3248.5,154,5,3249.7,52,7,3249.8,10,1,3249.9,8,2,3250.0,760,21,3250.1,18,2
11536,2025-12-30 09:57:57+05:30,3249.6,2,3246.08,131710,105238.0,95457.0,3250.0,3253.0,3239.8,3251.5,41584550,3576.6,2926.4,4322.95,2866.6,3249.6,57,3,3249.1,24,2,3248.7,61,1,3248.6,63,2,3248.5,154,5,3249.7,52,7,3249.8,10,1,3249.9,8,2,3250.0,760,21,3250.1,18,2
11536,2025-12-30 09:58:01+05:30,3249.7,1,3246.08,131710,105238.0,95457.0,3250.0,3253.0,3239.8,3251.5,41584550,3576.6,2926.4,4322.95,2866.6,3249.6,57,3,3249.1,24,2,3248.7,61,1,3248.6,63,2,3248.5,154,5,3249.7,52,7,3249.8,10,1,3249.9,8,2,3250.0,760,21,3250.1,18,2
11536,2025-12-30 09:58:01+05:30,3249.7,1,3246.09,132142,103851.0,96082.0,3250.0,3253.0,3239.8,3251.5,41584550,3576.6,2926.4,4322.95,2866.6,3249.6,57,2,3249.1,24,2,3248.6,2,1,3248.5,63,2,3248.4,62,3,3249.7,89,12,3249.8,26,2,3249.9,23,3,3250.0,911,26,3250.1,24,3
11536,2025-12-30 09:58:05+05:30,3249.5,1,3246.09,132142,103851.0,96082.0,3250.0,3253.0,3239.8,3251.5,41584550,3576.6,2926.4,4322.95,2866.6,3249.6,57,2,3249.1,24,2,3248.6,2,1,3248.5,63,2,3248.4,62,3,3249.7,89,12,3249.8,26,2,3249.9,23,3,3250.0,911,26,3250.1,24,3
11536,2025-12-30 09:58:07+05:30,3249.6,1,3246.1,132455,104028.0,95864.0,3250.0,3253.0,3239.8,3251.5,41584550,3576.6,2926.4,4322.95,2866.6,3249.6,10,1,3249.1,24,2,3248.9,3,1,3248.6,63,2,3248.5,119,4,3249.7,796,9,3249.8,10,1,3249.9,5,2,3250.0,785,21,3250.1,24,3
11536,2025-12-30 09:58:09+05:30,3249.7,154,3246.1,132455,104028.0,95864.0,3250.0,3253.0,3239.8,3251.5,41584550,3576.6,2926.4,4322.95,2866.6,3249.6,10,1,3249.1,24,2,3248.9,3,1,3248.6,63,2,3248.5,119,4,3249.7,796,9,3249.8,10,1,3249.9,5,2,3250.0,785,21,3250.1,24,3
11536,2025-12-30 09:58:12+05:30,3249.2,6,3246.1,132455,104028.0,95864.0,3250.0,3253.0,3239.8,3251.5,41584550,3576.6,2926.4,4322.95,2866.6,3249.6,10,1,3249.1,24,2,3248.9,3,1,3248.6,63,2,3248.5,119,4,3249.7,796,9,3249.8,10,1,3249.9,5,2,3250.0,785,21,3250.1,24,3
11536,2025-12-30 09:58:12+05:30,3249.4,16,3246.11,132895,103323.0,96178.0,3250.0,3253.0,3239.8,3251.5,41584550,3576.6,2926.4,4322.95,2866.6,3249.1,24,2,3248.9,3,1,3248.6,2,1,3248.5,63,2,3248.4,43,3,3249.4,10,6,3249.5,12,2,3249.6,5,1,3249.7,596,1,3249.8,53,4
11536,2025-12-30 09:58:15+05:30,3249.1,11,3246.11,132895,103323.0,96178.0,3250.0,3253.0,3239.8,3251.5,41584550,3576.6,2926.4,4322.95,2866.6,3249.1,24,2,3248.9,3,1,3248.6,2,1,3248.5,63,2,3248.4,43,3,3249.4,10,6,3249.5,12,2,3249.6,5,1,3249.7,596,1,3249.8,53,4
11536,2025-12-30 09:58:18+05:30,3248.6,1,3246.11,132895,103323.0,96178.0,3250.0,3253.0,3239.8,3251.5,41584550,3576.6,2926.4,4322.95,2866.6,3249.1,24,2,3248.9,3,1,3248.6,2,1,3248.5,63,2,3248.4,43,3,3249.4,10,6,3249.5,12,2,3249.6,5,1,3249.7,596,1,3249.8,53,4
11536,2025-12-30 09:58:18+05:30,3248.4,12,3246.11,133140,102715.0,95857.0,3250.0,3253.0,3239.8,3251.5,41584550,3576.6,2926.4,4322.95,2866.6,3248.4,50,6,3248.3,65,4,3248.2,59,3,3248.1,100,6,3248.0,180,12,3248.6,6,4,3249.4,290,4,3249.5,1,1,3249.6,21,1,3249.8,32,3
11536,2025-12-30 09:58:20+05:30,3249.0,8,3246.11,133140,102715.0,95857.0,3250.0,3253.0,3239.8,3251.5,41584550,3576.6,2926.4,4322.95,2866.6,3248.4,50,6,3248.3,65,4,3248.2,59,3,3248.1,100,6,3248.0,180,12,3248.6,6,4,3249.4,290,4,3249.5,1,1,3249.6,21,1,3249.8,32,3
11536,2025-12-30 09:58:24+05:30,3248.5,6,3246.11,133140,102715.0,95857.0,3250.0,3253.0,3239.8,3251.5,41584550,3576.6,2926.4,4322.95,2866.6,3248.4,50,6,3248.3,65,4,3248.2,59,3,3248.1,100,6,3248.0,180,12,3248.6,6,4,3249.4,290,4,3249.5,1,1,3249.6,21,1,3249.8,32,3
11536,2025-12-30 09:58:24+05:30,3249.4,5,3246.12,133571,103105.0,95730.0,3250.0,3253.0,3239.8,3251.5,41584550,3576.6,2926.4,4322.95,2866.6,3248.5,31,3,3248.4,93,6,3248.3,63,3,3248.2,44,2,3248.1,164,8,3249.4,12,6,3249.5,1,1,3249.8,10,1,3249.9,91,2,3250.0,839,23
11536,2025-12-30 09:58:25+05:30,3249.4,5,3246.12,133571,103105.0,95730.0,3250.0,3253.0,3239.8,3251.5,41584550,3576.6,2926.4,4322.95,2866.6,3248.5,31,3,3248.4,93,6,3248.3,63,3,3248.2,44,2,3248.1,164,8,3249.4,12,6,3249.5,1,1,3249.8,10,1,3249.9,91,2,3250.0,839,23
11536,2025-12-30 09:58:26+05:30,3249.4,5,3246.12,133571,103105.0,95730.0,3250.0,3253.0,3239.8,3251.5,41584550,3576.6,2926.4,4322.95,2866.6,3248.5,31,3,3248.4,93,6,3248.3,63,3,3248.2,44,2,3248.1,164,8,3249.4,12,6,3249.5,1,1,3249.8,10,1,3249.9,91,2,3250.0,839,23
11536,2025-12-30 09:58:27+05:30,3249.4,5,3246.12,133571,103105.0,95730.0,3250.0,3253.0,3239.8,3251.5,41584550,3576.6,2926.4,4322.95,2866.6,3248.5,31,3,3248.4,93,6,3248.3,63,3,3248.2,44,2,3248.1,164,8,3249.4,12,6,3249.5,1,1,3249.8,10,1,3249.9,91,2,3250.0,839,23
11536,2025-12-30 09:58:27+05:30,3249.4,1,3246.12,133571,103105.0,95730.0,3250.0,3253.0,3239.8,3251.5,41584550,3576.6,2926.4,4322.95,2866.6,3248.5,31,3,3248.4,93,6,3248.3,63,3,3248.2,44,2,3248.1,164,8,3249.4,12,6,3249.5,1,1,3249.8,10,1,3249.9,91,2,3250.0,839,23
11536,2025-12-30 09:58:27+05:30,3249.4,1,3246.12,133571,103105.0,95730.0,3250.0,3253.0,3239.8,3251.5,41584550,3576.6,2926.4,4322.95,2866.6,3248.5,31,3,3248.4,93,6,3248.3,63,3,3248.2,44,2,3248.1,164,8,3249.4,12,6,3249.5,1,1,3249.8,10,1,3249.9,91,2,3250.0,839,23
11536,2025-12-30 09:58:28+05:30,3249.0,8,3246.12,133694,103137.0,95757.0,3250.0,3253.0,3239.8,3251.5,41584550,3576.6,2926.4,4322.95,2866.6,3249.0,8,2,3248.5,81,2,3248.4,64,4,3248.3,50,2,3248.2,218,4,3249.4,7,7,3249.5,1,1,3249.7,1,1,3249.8,10,1,3249.9,120,4
11536,2025-12-30 09:58:28+05:30,3249.0,8,3246.12,133694,103137.0,95757.0,3250.0,3253.0,3239.8,3251.5,41584550,3576.6,2926.4,4322.95,2866.6,3249.0,8,2,3248.5,81,2,3248.4,64,4,3248.3,50,2,3248.2,218,4,3249.4,7,7,3249.5,1,1,3249.7,1,1,3249.8,10,1,3249.9,120,4
11536,2025-12-30 09:58:28+05:30,3249.0,8,3246.12,133694,103137.0,95757.0,3250.0,3253.0,3239.8,3251.5,41584550,3576.6,2926.4,4322.95,2866.6,3249.0,8,2,3248.5,81,2,3248.4,64,4,3248.3,50,2,3248.2,218,4,3249.4,7,7,3249.5,1,1,3249.7,1,1,3249.8,10,1,3249.9,120,4
11536,2025-12-30 09:58:29+05:30,3248.5,3,3246.12,133709,102865.0,95742.0,3250.0,3253.0,3239.8,3251.5,41584550,3576.6,2926.4,4322.95,2866.6,3248.5,65,2,3248.4,64,4,3248.3,77,3,3248.2,62,2,3248.1,114,8,3249.4,6,6,3249.5,1,1,3249.7,1,1,3249.8,37,2,3249.9,198,4
11536,2025-12-30 09:58:29+05:30,3248.5,3,3246.12,133709,102865.0,95742.0,3250.0,3253.0,3239.8,3251.5,41584550,3576.6,2926.4,4322.95,2866.6,3248.5,65,2,3248.4,64,4,3248.3,77,3,3248.2,62,2,3248.1,114,8,3249.4,6,6,3249.5,1,1,3249.7,1,1,3249.8,37,2,3249.9,198,4
11536,2025-12-30 09:58:29+05:30,3248.5,3,3246.12,133709,102865.0,95742.0,3250.0,3253.0,3239.8,3251.5,41584550,3576.6,2926.4,4322.95,2866.6,3248.5,65,2,3248.4,64,4,3248.3,77,3,3248.2,62,2,3248.1,114,8,3249.4,6,6,3249.5,1,1,3249.7,1,1,3249.8,37,2,3249.9,198,4
11536,2025-12-30 09:58:30+05:30,3249.4,1,3246.13,133728,102852.0,95905.0,3250.0,3253.0,3239.8,3251.5,41584550,3576.6,2926.4,4322.95,2866.6,3248.5,126,6,3248.4,81,5,3248.3,88,3,3248.2,44,2,3248.1,122,9,3249.4,7,7,3249.5,1,1,3249.7,1,1,3249.8,10,1,3249.9,190,3
11536,2025-12-30 09:58:30+05:30,3249.4,1,3246.13,133728,102852.0,95905.0,3250.0,3253.0,3239.8,3251.5,41584550,3576.6,2926.4,4322.95,2866.6,3248.5,126,6,3248.4,81,5,3248.3,88,3,3248.2,44,2,3248.1,122,9,3249.4,7,7,3249.5,1,1,3249.7,1,1,3249.8,10,1,3249.9,190,3
11536,2025-12-30 09:58:30+05:30,3249.4,1,3246.13,133728,102852.0,95905.0,3250.0,3253.0,3239.8,3251.5,41584550,3576.6,2926.4,4322.95,2866.6,3248.5,126,6,3248.4,81,5,3248.3,88,3,3248.2,44,2,3248.1,122,9,3249.4,7,7,3249.5,1,1,3249.7,1,1,3249.8,10,1,3249.9,190,3
11536,2025-12-30 09:58:31+05:30,3249.4,1,3246.13,133739,102933.0,95695.0,3250.0,3253.0,3239.8,3251.5,41584550,3576.6,2926.4,4322.95,2866.6,3248.6,41,3,3248.5,91,5,3248.4,136,7,3248.3,68,3,3248.2,105,3,3249.4,8,8,3249.5,1,1,3249.7,1,1,3249.8,10,1,3249.9,162,3
11536,2025-12-30 09:58:31+05:30,3249.4,1,3246.13,133739,102933.0,95695.0,3250.0,3253.0,3239.8,3251.5,41584550,3576.6,2926.4,4322.95,2866.6,3248.6,41,3,3248.5,91,5,3248.4,136,7,3248.3,68,3,3248.2,105,3,3249.4,8,8,3249.5,1,1,3249.7,1,1,3249.8,10,1,3249.9,162,3
11536,2025-12-30 09:58:31+05:30,3249.4,1,3246.13,133739,102933.0,95695.0,3250.0,3253.0,3239.8,3251.5,41584550,3576.6,2926.4,4322.95,2866.6,3248.6,41,3,3248.5,91,5,3248.4,136,7,3248.3,68,3,3248.2,105,3,3249.4,8,8,3249.5,1,1,3249.7,1,1,3249.8,10,1,3249.9,162,3
11536,2025-12-30 09:58:32+05:30,3248.6,3,3246.13,133744,102865.0,95703.0,3250.0,3253.0,3239.8,3251.5,41584550,3576.6,2926.4,4322.95,2866.6,3248.6,37,3,3248.5,91,5,3248.4,136,7,3248.3,68,3,3248.2,105,3,3249.4,9,9,3249.5,1,1,3249.7,1,1,3249.8,10,1,3249.9,162,3
11536,2025-12-30 09:58:32+05:30,3248.6,2,3246.13,133744,102865.0,95703.0,3250.0,3253.0,3239.8,3251.5,41584550,3576.6,2926.4,4322.95,2866.6,3248.6,37,3,3248.5,91,5,3248.4,136,7,3248.3,68,3,3248.2,105,3,3249.4,9,9,3249.5,1,1,3249.7,1,1,3249.8,10,1,3249.9,162,3
11536,2025-12-30 09:58:32+05:30,3248.6,2,3246.13,133744,102865.0,95703.0,3250.0,3253.0,3239.8,3251.5,41584550,3576.6,2926.4,4322.95,2866.6,3248.6,37,3,3248.5,91,5,3248.4,136,7,3248.3,68,3,3248.2,105,3,3249.4,9,9,3249.5,1,1,3249.7,1,1,3249.8,10,1,3249.9,162,3
11536,2025-12-30 09:58:33+05:30,3248.6,2,3246.13,133744,102865.0,95703.0,3250.0,3253.0,3239.8,3251.5,41584550,3576.6,2926.4,4322.95,2866.6,3248.6,37,3,3248.5,91,5,3248.4,136,7,3248.3,68,3,3248.2,105,3,3249.4,9,9,3249.5,1,1,3249.7,1,1,3249.8,10,1,3249.9,162,3
11536,2025-12-30 09:58:33+05:30,3248.6,1,3246.13,133752,102875.0,95555.0,3250.0,3253.0,3239.8,3251.5,41584550,3576.6,2926.4,4322.95,2866.6,3248.6,30,2,3248.5,108,6,3248.4,136,7,3248.3,68,3,3248.2,105,3,3249.4,8,8,3249.5,1,1,3249.7,1,1,3249.8,10,1,3249.9,12,2
11536,2025-12-30 09:58:33+05:30,3250.0,39,3246.13,133752,102875.0,95555.0,3250.0,3253.0,3239.8,3251.5,41584550,3576.6,2926.4,4322.95,2866.6,3248.6,30,2,3248.5,108,6,3248.4,136,7,3248.3,68,3,3248.2,105,3,3249.4,8,8,3249.5,1,1,3249.7,1,1,3249.8,10,1,3249.9,12,2
11536,2025-12-30 09:58:33+05:30,3250.0,39,3246.13,133861,103527.0,94005.0,3250.0,3253.0,3239.8,3251.5,41584550,3576.6,2926.4,4322.95,2866.6,3248.8,36,1,3248.7,23,2,3248.6,43,3,3248.5,134,7,3248.4,155,9,3249.9,20,2,3250.0,701,20,3250.2,17,1,3250.3,24,2,3250.4,236,5
11536,2025-12-30 09:58:34+05:30,3250.0,39,3246.13,133861,103527.0,94005.0,3250.0,3253.0,3239.8,3251.5,41584550,3576.6,2926.4,4322.95,2866.6,3248.8,36,1,3248.7,23,2,3248.6,43,3,3248.5,134,7,3248.4,155,9,3249.9,20,2,3250.0,701,20,3250.2,17,1,3250.3,24,2,3250.4,236,5
11536,2025-12-30 09:58:34+05:30,3250.0,39,3246.13,133861,102178.0,94101.0,3250.0,3253.0,3239.8,3251.5,41584550,3576.6,2926.4,4322.95,2866.6,3248.8,63,3,3248.7,13,1,3248.6,86,3,3248.5,117,6,3248.4,155,9,3249.9,3,1,3250.0,701,20,3250.1,27,2,3250.2,24,1,3250.3,24,2
11536,2025-12-30 09:58:35+05:30,3249.9,1,3246.13,133861,102178.0,94101.0,3250.0,3253.0,3239.8,3251.5,41584550,3576.6,2926.4,4322.95,2866.6,3248.8,63,3,3248.7,13,1,3248.6,86,3,3248.5,117,6,3248.4,155,9,3249.9,3,1,3250.0,701,20,3250.1,27,2,3250.2,24,1,3250.3,24,2
11536,2025-12-30 09:58:35+05:30,3249.9,1,3246.13,133861,102178.0,94101.0,3250.0,3253.0,3239.8,3251.5,41584550,3576.6,2926.4,4322.95,2866.6,3248.8,63,3,3248.7,13,1,3248.6,86,3,3248.5,117,6,3248.4,155,9,3249.9,3,1,3250.0,701,20,3250.1,27,2,3250.2,24,1,3250.3,24,2
11536,2025-12-30 09:58:35+05:30,3249.9,10,3246.13,133905,104121.0,93820.0,3250.0,3253.0,3239.8,3251.5,41584550,3576.6,2926.4,4322.95,2866.6,3248.9,86,5,3248.8,170,5,3248.7,13,1,3248.6,102,4,3248.5,258,6,3249.9,3,1,3250.0,697,19,3250.3,24,2,3250.4,50,3,3250.5,85,5
11536,2025-12-30 09:58:36+05:30,3249.9,10,3246.13,133905,104121.0,93820.0,3250.0,3253.0,3239.8,3251.5,41584550,3576.6,2926.4,4322.95,2866.6,3248.9,86,5,3248.8,170,5,3248.7,13,1,3248.6,102,4,3248.5,258,6,3249.9,3,1,3250.0,697,19,3250.3,24,2,3250.4,50,3,3250.5,85,5
11536,2025-12-30 09:58:37+05:30,3249.9,1,3246.13,133919,104343.0,94244.0,3250.0,3253.0,3239.8,3251.5,41584550,3576.6,2926.4,4322.95,2866.6,3249.1,37,1,3249.0,51,3,3248.8,153,4,3248.7,13,1,3248.6,115,6,3249.9,3,2,3250.0,1079,19,3250.3,24,2,3250.4,50,3,3250.5,85,5
11536,2025-12-30 09:58:37+05:30,3249.9,1,3246.13,133919,104343.0,94244.0,3250.0,3253.0,3239.8,3251.5,41584550,3576.6,2926.4,4322.95,2866.6,3249.1,37,1,3249.0,51,3,3248.8,153,4,3248.7,13,1,3248.6,115,6,3249.9,3,2,3250.0,1079,19,3250.3,24,2,3250.4,50,3,3250.5,85,5
11536,2025-12-30 09:58:37+05:30,3249.9,1,3246.13,133919,104343.0,94244.0,3250.0,3253.0,3239.8,3251.5,41584550,3576.6,2926.4,4322.95,2866.6,3249.1,37,1,3249.0,51,3,3248.8,153,4,3248.7,13,1,3248.6,115,6,3249.9,3,2,3250.0,1079,19,3250.3,24,2,3250.4,50,3,3250.5,85,5
11536,2025-12-30 09:58:37+05:30,3249.9,1,3246.13,133919,103798.0,93828.0,3250.0,3253.0,3239.8,3251.5,41584550,3576.6,2926.4,4322.95,2866.6,3249.7,28,1,3249.2,62,2,3249.1,5,1,3249.0,45,2,3248.9,4,2,3249.9,5,4,3250.0,1079,19,3250.5,46,3,3250.6,35,3,3250.7,14,1
11536,2025-12-30 09:58:38+05:30,3249.7,11,3246.13,133919,103798.0,93828.0,3250.0,3253.0,3239.8,3251.5,41584550,3576.6,2926.4,4322.95,2866.6,3249.7,28,1,3249.2,62,2,3249.1,5,1,3249.0,45,2,3248.9,4,2,3249.9,5,4,3250.0,1079,19,3250.5,46,3,3250.6,35,3,3250.7,14,1
11536,2025-12-30 09:58:39+05:30,3249.7,11,3246.13,133919,103798.0,93828.0,3250.0,3253.0,3239.8,3251.5,41584550,3576.6,2926.4,4322.95,2866.6,3249.7,28,1,3249.2,62,2,3249.1,5,1,3249.0,45,2,3248.9,4,2,3249.9,5,4,3250.0,1079,19,3250.5,46,3,3250.6,35,3,3250.7,14,1
11536,2025-12-30 09:58:39+05:30,3249.8,4,3246.13,133942,106114.0,92867.0,3250.0,3253.0,3239.8,3251.5,41584550,3576.6,2926.4,4322.95,2866.6,3249.8,13,1,3249.7,9,1,3249.2,80,3,3249.1,25,2,3249.0,28,1,3249.9,19,6,3250.0,1080,20,3250.5,9,1,3250.7,14,1,3250.8,65,3
11536,2025-12-30 09:58:39+05:30,3249.8,4,3246.13,133942,106114.0,92867.0,3250.0,3253.0,3239.8,3251.5,41584550,3576.6,2926.4,4322.95,2866.6,3249.8,13,1,3249.7,9,1,3249.2,80,3,3249.1,25,2,3249.0,28,1,3249.9,19,6,3250.0,1080,20,3250.5,9,1,3250.7,14,1,3250.8,65,3
11536,2025-12-30 09:58:40+05:30,3249.8,4,3246.13,133942,106020.0,92865.0,3250.0,3253.0,3239.8,3251.5,41584550,3576.6,2926.4,4322.95,2866.6,3249.8,98,2,3249.7,9,1,3249.2,96,4,3249.1,25,2,3249.0,44,2,3249.9,19,6,3250.0,1080,20,3250.5,9,1,3250.8,65,3,3250.9,206,5
11536,2025-12-30 09:58:40+05:30,3249.8,4,3246.13,133942,106020.0,92865.0,3250.0,3253.0,3239.8,3251.5,41584550,3576.6,2926.4,4322.95,2866.6,3249.8,98,2,3249.7,9,1,3249.2,96,4,3249.1,25,2,3249.0,44,2,3249.9,19,6,3250.0,1080,20,3250.5,9,1,3250.8,65,3,3250.9,206,5
11536,2025-12-30 09:58:40+05:30,3249.8,4,3246.13,133942,106020.0,92865.0,3250.0,3253.0,3239.8,3251.5,41584550,3576.6,2926.4,4322.95,2866.6,3249.8,98,2,3249.7,9,1,3249.2,96,4,3249.1,25,2,3249.0,44,2,3249.9,19,6,3250.0,1080,20,3250.5,9,1,3250.8,65,3,3250.9,206,5
11536,2025-12-30 09:58:41+05:30,3249.8,2,3246.13,133954,105792.0,92802.0,3250.0,3253.0,3239.8,3251.5,41584550,3576.6,2926.4,4322.95,2866.6,3249.8,137,3,3249.7,9,1,3249.2,63,4,3249.1,38,3,3249.0,78,3,3249.9,17,4,3250.0,1080,20,3250.5,9,1,3250.7,10,2,3250.8,49,2
11536,2025-12-30 09:58:41+05:30,3249.8,2,3246.13,133954,105792.0,92802.0,3250.0,3253.0,3239.8,3251.5,41584550,3576.6,2926.4,4322.95,2866.6,3249.8,137,3,3249.7,9,1,3249.2,63,4,3249.1,38,3,3249.0,78,3,3249.9,17,4,3250.0,1080,20,3250.5,9,1,3250.7,10,2,3250.8,49,2
11536,2025-12-30 09:58:41+05:30,3249.8,2,3246.13,133954,105792.0,92802.0,3250.0,3253.0,3239.8,3251.5,41586650,3576.6,2926.4,4322.95,2866.6,3249.8,137,3,3249.7,9,1,3249.2,63,4,3249.1,38,3,3249.0,78,3,3249.9,17,4,3250.0,1080,20,3250.5,9,1,3250.7,10,2,3250.8,49,2
11536,2025-12-30 09:58:42+05:30,3249.8,1,3246.13,133956,105749.0,93047.0,3250.0,3253.0,3239.8,3251.5,41586650,3576.6,2926.4,4322.95,2866.6,3249.8,152,3,3249.7,9,1,3249.2,18,1,3249.1,38,3,3249.0,38,2,3249.9,28,6,3250.0,1080,20,3250.5,9,1,3250.6,7,1,3250.7,43,2
11536,2025-12-30 09:58:42+05:30,3249.8,1,3246.13,133956,105749.0,93047.0,3250.0,3253.0,3239.8,3251.5,41586650,3576.6,2926.4,4322.95,2866.6,3249.8,152,3,3249.7,9,1,3249.2,18,1,3249.1,38,3,3249.0,38,2,3249.9,28,6,3250.0,1080,20,3250.5,9,1,3250.6,7,1,3250.7,43,2
11536,2025-12-30 09:58:43+05:30,3249.9,4,3246.13,133962,105728.0,93046.0,3250.0,3253.0,3239.8,3251.5,41586650,3576.6,2926.4,4322.95,2866.6,3249.8,152,4,3249.7,9,1,3249.2,18,1,3249.1,38,3,3249.0,38,2,3249.9,25,7,3250.0,1080,20,3250.5,9,1,3250.6,7,1,3250.7,43,2
11536,2025-12-30 09:58:43+05:30,3249.8,2,3246.13,133962,105728.0,93046.0,3250.0,3253.0,3239.8,3251.5,41586650,3576.6,2926.4,4322.95,2866.6,3249.8,152,4,3249.7,9,1,3249.2,18,1,3249.1,38,3,3249.0,38,2,3249.9,25,7,3250.0,1080,20,3250.5,9,1,3250.6,7,1,3250.7,43,2
11536,2025-12-30 09:58:44+05:30,3249.8,2,3246.13,133962,105728.0,93046.0,3250.0,3253.0,3239.8,3251.5,41586650,3576.6,2926.4,4322.95,2866.6,3249.8,152,4,3249.7,9,1,3249.2,18,1,3249.1,38,3,3249.0,38,2,3249.9,25,7,3250.0,1080,20,3250.5,9,1,3250.6,7,1,3250.7,43,2
11536,2025-12-30 09:58:44+05:30,3249.8,2,3246.13,133968,105730.0,93062.0,3250.0,3253.0,3239.8,3251.5,41586650,3576.6,2926.4,4322.95,2866.6,3249.8,147,4,3249.7,9,1,3249.2,18,1,3249.1,38,3,3249.0,38,2,3249.9,24,7,3250.0,1079,19,3250.5,9,1,3250.6,7,1,3250.7,18,2
11536,2025-12-30 09:58:44+05:30,3249.8,1,3246.13,133968,105730.0,93062.0,3250.0,3253.0,3239.8,3251.5,41586650,3576.6,2926.4,4322.95,2866.6,3249.8,147,4,3249.7,9,1,3249.2,18,1,3249.1,38,3,3249.0,38,2,3249.9,24,7,3250.0,1079,19,3250.5,9,1,3250.6,7,1,3250.7,18,2
11536,2025-12-30 09:58:45+05:30,3249.9,1,3246.13,133972,105756.0,93085.0,3250.0,3253.0,3239.8,3251.5,41586650,3576.6,2926.4,4322.95,2866.6,3249.8,144,4,3249.7,20,2,3249.1,5,1,3249.0,38,2,3248.9,13,3,3249.9,23,7,3250.0,1079,19,3250.2,15,1,3250.4,15,1,3250.5,26,3
11536,2025-12-30 09:58:45+05:30,3249.9,1,3246.13,133972,105756.0,93085.0,3250.0,3253.0,3239.8,3251.5,41586650,3576.6,2926.4,4322.95,2866.6,3249.8,144,4,3249.7,20,2,3249.1,5,1,3249.0,38,2,3248.9,13,3,3249.9,23,7,3250.0,1079,19,3250.2,15,1,3250.4,15,1,3250.5,26,3
11536,2025-12-30 09:58:46+05:30,3249.8,1,3246.13,133979,105544.0,93097.0,3250.0,3253.0,3239.8,3251.5,41586650,3576.6,2926.4,4322.95,2866.6,3249.8,137,4,3249.7,20,2,3249.1,5,1,3249.0,38,2,3248.9,13,3,3249.9,22,6,3250.0,1092,20,3250.2,15,1,3250.4,15,1,3250.5,26,3
11536,2025-12-30 09:58:46+05:30,3249.9,1,3246.13,133979,105544.0,93097.0,3250.0,3253.0,3239.8,3251.5,41586650,3576.6,2926.4,4322.95,2866.6,3249.8,137,4,3249.7,20,2,3249.1,5,1,3249.0,38,2,3248.9,13,3,3249.9,22,6,3250.0,1092,20,3250.2,15,1,3250.4,15,1,3250.5,26,3
11536,2025-12-30 09:58:47+05:30,3250.0,25,3246.13,134031,105539.0,93009.0,3250.0,3253.0,3239.8,3251.5,41586650,3576.6,2926.4,4322.95,2866.6,3249.8,136,4,3249.7,20,2,3249.4,18,1,3249.3,22,1,3249.1,5,1,3250.0,1056,20,3250.5,9,1,3250.6,25,2,3250.7,3,1,3250.8,60,4
11536,2025-12-30 09:58:47+05:30,3250.0,25,3246.13,134031,105539.0,93009.0,3250.0,3253.0,3239.8,3251.5,41586650,3576.6,2926.4,4322.95,2866.6,3249.8,136,4,3249.7,20,2,3249.4,18,1,3249.3,22,1,3249.1,5,1,3250.0,1056,20,3250.5,9,1,3250.6,25,2,3250.7,3,1,3250.8,60,4
11536,2025-12-30 09:58:48+05:30,3250.0,25,3246.13,134031,105519.0,93019.0,3250.0,3253.0,3239.8,3251.5,41586650,3576.6,2926.4,4322.95,2866.6,3249.8,136,4,3249.7,20,2,3249.4,18,1,3249.3,22,1,3249.1,5,1,3250.0,1057,21,3250.5,9,1,3250.6,25,2,3250.7,3,1,3250.8,60,4
11536,2025-12-30 09:58:49+05:30,3249.8,15,3246.13,134046,105645.0,93013.0,3250.0,3253.0,3239.8,3251.5,41586650,3576.6,2926.4,4322.95,2866.6,3249.9,17,1,3249.8,104,3,3249.7,20,2,3249.1,5,1,3249.0,28,1,3250.0,1056,21,3250.1,13,1,3250.3,10,1,3250.4,30,3,3250.5,50,2
11536,2025-12-30 09:58:49+05:30,3249.8,15,3246.13,134046,105645.0,93013.0,3250.0,3253.0,3239.8,3251.5,41586650,3576.6,2926.4,4322.95,2866.6,3249.9,17,1,3249.8,104,3,3249.7,20,2,3249.1,5,1,3249.0,28,1,3250.0,1056,21,3250.1,13,1,3250.3,10,1,3250.4,30,3,3250.5,50,2
11536,2025-12-30 09:58:50+05:30,3249.8,15,3246.13,134046,105470.0,91769.0,3250.0,3253.0,3239.8,3251.5,41586650,3576.6,2926.4,4322.95,2866.6,3249.9,17,1,3249.8,104,3,3249.7,20,2,3249.1,5,1,3249.0,28,1,3250.0,1056,21,3250.1,13,1,3250.3,10,1,3250.4,30,3,3250.5,50,2
11536,2025-12-30 09:58:50+05:30,3249.9,10,3246.13,134046,105470.0,91769.0,3250.0,3253.0,3239.8,3251.5,41586650,3576.6,2926.4,4322.95,2866.6,3249.9,17,1,3249.8,104,3,3249.7,20,2,3249.1,5,1,3249.0,28,1,3250.0,1056,21,3250.1,13,1,3250.3,10,1,3250.4,30,3,3250.5,50,2
11536,2025-12-30 09:58:51+05:30,3249.9,10,3246.13,134056,105011.0,93567.0,3250.0,3253.0,3239.8,3251.5,41586650,3576.6,2926.4,4322.95,2866.6,3249.9,53,2,3249.8,114,4,3249.7,20,2,3249.1,5,1,3248.9,7,3,3250.0,1928,24,3250.2,29,3,3250.4,41,3,3250.5,33,2,3250.6,110,5
11536,2025-12-30 09:58:51+05:30,3250.0,5,3246.13,134056,105011.0,93567.0,3250.0,3253.0,3239.8,3251.5,41586650,3576.6,2926.4,4322.95,2866.6,3249.9,53,2,3249.8,114,4,3249.7,20,2,3249.1,5,1,3248.9,7,3,3250.0,1928,24,3250.2,29,3,3250.4,41,3,3250.5,33,2,3250.6,110,5
11536,2025-12-30 09:58:52+05:30,3250.0,5,3246.14,134266,104867.0,95013.0,3250.0,3253.0,3239.8,3251.5,41586650,3576.6,2926.4,4322.95,2866.6,3249.8,97,4,3249.7,20,2,3249.6,11,1,3249.1,5,1,3248.9,7,3,3250.0,1942,26,3250.1,18,1,3250.2,48,4,3250.4,79,5,3250.5,79,3
11536,2025-12-30 09:58:52+05:30,3249.9,1,3246.14,134266,104867.0,95013.0,3250.0,3253.0,3239.8,3251.5,41586650,3576.6,2926.4,4322.95,2866.6,3249.8,97,4,3249.7,20,2,3249.6,11,1,3249.1,5,1,3248.9,7,3,3250.0,1942,26,3250.1,18,1,3250.2,48,4,3250.4,79,5,3250.5,79,3
11536,2025-12-30 09:58:53+05:30,3249.8,3,3246.14,134273,104677.0,95031.0,3250.0,3253.0,3239.8,3251.5,41586650,3576.6,2926.4,4322.95,2866.6,3249.8,91,4,3249.7,20,2,3249.6,11,1,3249.1,5,1,3248.9,6,2,3249.9,12,5,3250.0,1927,24,3250.1,18,1,3250.2,48,4,3250.4,125,6
11536,2025-12-30 09:58:53+05:30,3249.9,1,3246.14,134273,104677.0,95031.0,3250.0,3253.0,3239.8,3251.5,41586650,3576.6,2926.4,4322.95,2866.6,3249.8,91,4,3249.7,20,2,3249.6,11,1,3249.1,5,1,3248.9,6,2,3249.9,12,5,3250.0,1927,24,3250.1,18,1,3250.2,48,4,3250.4,125,6
11536,2025-12-30 09:58:54+05:30,3249.8,1,3246.14,134354,104670.0,95114.0,3250.0,3253.0,3239.8,3251.5,41586650,3576.6,2926.4,4322.95,2866.6,3249.8,23,3,3249.7,20,2,3249.6,11,1,3249.1,5,1,3248.9,67,3,3249.9,30,8,3250.0,1936,22,3250.1,18,1,3250.2,38,3,3250.3,10,1
11536,2025-12-30 09:58:54+05:30,3249.8,1,3246.14,134354,104670.0,95114.0,3250.0,3253.0,3239.8,3251.5,41586650,3576.6,2926.4,4322.95,2866.6,3249.8,23,3,3249.7,20,2,3249.6,11,1,3249.1,5,1,3248.9,67,3,3249.9,30,8,3250.0,1936,22,3250.1,18,1,3250.2,38,3,3250.3,10,1
11536,2025-12-30 09:58:55+05:30,3249.9,1,3246.14,134410,104683.0,95061.0,3250.0,3253.0,3239.8,3251.5,41586650,3576.6,2926.4,4322.95,2866.6,3249.8,9,2,3249.7,20,2,3249.6,11,1,3249.1,5,1,3248.9,67,3,3249.9,29,9,3250.0,1930,20,3250.1,18,1,3250.2,38,3,3250.3,10,1
11536,2025-12-30 09:58:55+05:30,3249.9,1,3246.14,134410,104683.0,95061.0,3250.0,3253.0,3239.8,3251.5,41586650,3576.6,2926.4,4322.95,2866.6,3249.8,9,2,3249.7,20,2,3249.6,11,1,3249.1,5,1,3248.9,67,3,3249.9,29,9,3250.0,1930,20,3250.1,18,1,3250.2,38,3,3250.3,10,1
11536,2025-12-30 09:58:56+05:30,3249.8,2,3246.14,134431,104760.0,95177.0,3250.0,3253.0,3239.8,3251.5,41586650,3576.6,2926.4,4322.95,2866.6,3249.8,14,2,3249.7,20,2,3249.6,11,1,3249.1,5,1,3248.9,67,3,3249.9,31,10,3250.0,1930,20,3250.1,18,1,3250.2,38,3,3250.3,34,2
11536,2025-12-30 09:58:56+05:30,3249.8,3,3246.14,134431,104760.0,95177.0,3250.0,3253.0,3239.8,3251.5,41586650,3576.6,2926.4,4322.95,2866.6,3249.8,14,2,3249.7,20,2,3249.6,11,1,3249.1,5,1,3248.9,67,3,3249.9,31,10,3250.0,1930,20,3250.1,18,1,3250.2,38,3,3250.3,34,2
11536,2025-12-30 09:58:57+05:30,3249.9,1,3246.14,134451,104752.0,95176.0,3250.0,3253.0,3239.8,3251.5,41586650,3576.6,2926.4,4322.95,2866.6,3249.8,11,2,3249.7,20,2,3249.6,11,1,3249.1,5,1,3248.9,67,3,3249.9,30,11,3250.0,1930,20,3250.1,18,1,3250.2,38,3,3250.3,34,2
11536,2025-12-30 09:58:57+05:30,3249.8,20,3246.14,134451,104752.0,95176.0,3250.0,3253.0,3239.8,3251.5,41586650,3576.6,2926.4,4322.95,2866.6,3249.8,11,2,3249.7,20,2,3249.6,11,1,3249.1,5,1,3248.9,67,3,3249.9,30,11,3250.0,1930,20,3250.1,18,1,3250.2,38,3,3250.3,34,2
11536,2025-12-30 09:58:58+05:30,3249.9,1,3246.15,134612,104665.0,95252.0,3250.0,3253.0,3239.8,3251.5,41586650,3576.6,2926.4,4322.95,2866.6,3249.8,1,1,3249.7,14,2,3249.1,5,1,3248.9,6,2,3248.8,77,2,3249.9,14,9,3250.0,1934,21,3250.1,18,1,3250.2,48,4,3250.3,24,1
11536,2025-12-30 09:58:58+05:30,3249.7,7,3246.15,134612,104665.0,95252.0,3250.0,3253.0,3239.8,3251.5,41586650,3576.6,2926.4,4322.95,2866.6,3249.8,1,1,3249.7,14,2,3249.1,5,1,3248.9,6,2,3248.8,77,2,3249.9,14,9,3250.0,1934,21,3250.1,18,1,3250.2,48,4,3250.3,24,1
11536,2025-12-30 09:58:59+05:30,3249.8,1,3246.15,134628,104568.0,95185.0,3250.0,3253.0,3239.8,3251.5,41586650,3576.6,2926.4,4322.95,2866.6,3249.7,11,1,3249.1,5,1,3248.9,6,2,3248.8,61,1,3248.7,228,5,3249.8,6,5,3249.9,20,7,3250.0,1911,19,3250.1,6,1,3250.2,25,2
11536,2025-12-30 09:58:59+05:30,3249.7,1,3246.15,134628,104568.0,95185.0,3250.0,3253.0,3239.8,3251.5,41586650,3576.6,2926.4,4322.95,2866.6,3249.7,11,1,3249.1,5,1,3248.9,6,2,3248.8,61,1,3248.7,228,5,3249.8,6,5,3249.9,20,7,3250.0,1911,19,3250.1,6,1,3250.2,25,2
11536,2025-12-30 09:59:00+05:30,3249.7,30,3246.15,134663,103078.0,95173.0,3250.0,3253.0,3239.8,3251.5,41586650,3576.6,2926.4,4322.95,2866.6,3249.7,11,1,3249.1,5,1,3248.9,3,1,3248.7,195,3,3248.6,123,4,3249.8,30,9,3249.9,35,5,3250.0,1950,21,3250.1,6,1,3250.2,71,3
11536,2025-12-30 09:59:00+05:30,3250.0,8,3246.15,134663,103078.0,95173.0,3250.0,3253.0,3239.8,3251.5,41586650,3576.6,2926.4,4322.95,2866.6,3249.7,11,1,3249.1,5,1,3248.9,3,1,3248.7,195,3,3248.6,123,4,3249.8,30,9,3249.9,35,5,3250.0,1950,21,3250.1,6,1,3250.2,71,3
11536,2025-12-30 09:59:01+05:30,3250.0,8,3246.15,134781,104382.0,95770.0,3250.0,3253.0,3239.8,3251.5,41586650,3576.6,2926.4,4322.95,2866.6,3249.7,7,1,3249.6,8,1,3249.1,5,1,3248.9,3,1,3248.7,269,4,3249.9,45,8,3250.0,1924,20,3250.1,71,2,3250.2,113,5,3250.3,24,1
11536,2025-12-30 09:59:01+05:30,3249.9,2,3246.15,134781,104382.0,95770.0,3250.0,3253.0,3239.8,3251.5,41586650,3576.6,2926.4,4322.95,2866.6,3249.7,7,1,3249.6,8,1,3249.1,5,1,3248.9,3,1,3248.7,269,4,3249.9,45,8,3250.0,1924,20,3250.1,71,2,3250.2,113,5,3250.3,24,1
11536,2025-12-30 09:59:02+05:30,3249.7,1,3246.15,134789,104345.0,95331.0,3250.0,3253.0,3239.8,3251.5,41586650,3576.6,2926.4,4322.95,2866.6,3249.7,6,1,3249.6,40,3,3249.1,5,1,3248.9,3,1,3248.7,90,3,3249.9,47,10,3250.0,1924,20,3250.1,71,2,3250.2,113,5,3250.3,24,1
11536,2025-12-30 09:59:02+05:30,3249.7,1,3246.15,134789,104345.0,95331.0,3250.0,3253.0,3239.8,3251.5,41586650,3576.6,2926.4,4322.95,2866.6,3249.7,6,1,3249.6,40,3,3249.1,5,1,3248.9,3,1,3248.7,90,3,3249.9,47,10,3250.0,1924,20,3250.1,71,2,3250.2,113,5,3250.3,24,1
11536,2025-12-30 09:59:03+05:30,3249.7,1,3246.15,134822,104333.0,95281.0,3250.0,3253.0,3239.8,3251.5,41586650,3576.6,2926.4,4322.95,2866.6,3249.7,18,3,3249.6,35,3,3249.4,1,1,3249.2,5,1,3249.1,5,1,3249.9,36,9,3250.0,1933,21,3250.1,18,1,3250.2,57,4,3250.3,24,1
11536,2025-12-30 09:59:03+05:30,3249.7,1,3246.15,134822,104333.0,95281.0,3250.0,3253.0,3239.8,3251.5,41586650,3576.6,2926.4,4322.95,2866.6,3249.7,18,3,3249.6,35,3,3249.4,1,1,3249.2,5,1,3249.1,5,1,3249.9,36,9,3250.0,1933,21,3250.1,18,1,3250.2,57,4,3250.3,24,1
11536,2025-12-30 09:59:04+05:30,3249.8,1,3246.16,134849,104418.0,93440.0,3250.0,3253.0,3239.8,3251.5,41586650,3576.6,2926.4,4322.95,2866.6,3249.8,34,1,3249.7,66,4,3249.6,35,3,3249.4,1,1,3249.2,5,1,3249.9,53,7,3250.0,1049,19,3250.1,18,1,3250.2,56,4,3250.3,24,1
11536,2025-12-30 09:59:04+05:30,3249.9,4,3246.16,134849,104418.0,93440.0,3250.0,3253.0,3239.8,3251.5,41586650,3576.6,2926.4,4322.95,2866.6,3249.8,34,1,3249.7,66,4,3249.6,35,3,3249.4,1,1,3249.2,5,1,3249.9,53,7,3250.0,1049,19,3250.1,18,1,3250.2,56,4,3250.3,24,1
11536,2025-12-30 09:59:05+05:30,3249.9,1,3246.16,134966,103633.0,94856.0,3250.0,3253.0,3239.8,3251.5,41586650,3576.6,2926.4,4322.95,2866.6,3249.7,58,3,3249.6,3,1,3249.4,1,1,3249.2,5,1,3249.1,5,1,3249.9,37,7,3250.0,1114,20,3250.1,75,2,3250.2,56,4,3250.3,24,1
11536,2025-12-30 09:59:05+05:30,3249.9,1,3246.16,134966,103633.0,94856.0,3250.0,3253.0,3239.8,3251.5,41586650,3576.6,2926.4,4322.95,2866.6,3249.7,58,3,3249.6,3,1,3249.4,1,1,3249.2,5,1,3249.1,5,1,3249.9,37,7,3250.0,1114,20,3250.1,75,2,3250.2,56,4,3250.3,24,1
11536,2025-12-30 09:59:06+05:30,3249.9,1,3246.16,134969,103584.0,96253.0,3250.0,3253.0,3239.8,3251.5,41586650,3576.6,2926.4,4322.95,2866.6,3249.7,56,3,3249.6,3,1,3249.4,1,1,3249.2,5,1,3249.1,5,1,3249.9,26,7,3250.0,1093,19,3250.1,75,2,3250.2,56,4,3250.3,24,1
11536,2025-12-30 09:59:06+05:30,3249.7,4,3246.16,134969,103584.0,96253.0,3250.0,3253.0,3239.8,3251.5,41586650,3576.6,2926.4,4322.95,2866.6,3249.7,56,3,3249.6,3,1,3249.4,1,1,3249.2,5,1,3249.1,5,1,3249.9,26,7,3250.0,1093,19,3250.1,75,2,3250.2,56,4,3250.3,24,1
11536,2025-12-30 09:59:07+05:30,3249.7,2,3246.16,135009,103538.0,96008.0,3250.0,3253.0,3239.8,3251.5,41586650,3576.6,2926.4,4322.95,2866.6,3249.7,28,3,3249.6,3,1,3249.4,1,1,3249.2,5,1,3249.1,5,1,3249.9,41,9,3250.0,1114,20,3250.1,75,2,3250.2,56,4,3250.3,24,1
11536,2025-12-30 09:59:07+05:30,3249.7,2,3246.16,135009,103538.0,96008.0,3250.0,3253.0,3239.8,3251.5,41586650,3576.6,2926.4,4322.95,2866.6,3249.7,28,3,3249.6,3,1,3249.4,1,1,3249.2,5,1,3249.1,5,1,3249.9,41,9,3250.0,1114,20,3250.1,75,2,3250.2,56,4,3250.3,24,1
11536,2025-12-30 09:59:08+05:30,3249.7,1,3246.16,135135,101828.0,97375.0,3250.0,3253.0,3239.8,3251.5,41586650,3576.6,2926.4,4322.95,2866.6,3249.4,1,1,3249.2,5,1,3249.1,5,1,3248.9,6,2,3248.5,12,1,3249.7,116,9,3249.8,77,2,3249.9,31,10,3250.0,1089,22,3250.1,46,2
11536,2025-12-30 09:59:08+05:30,3249.3,17,3246.16,135135,101828.0,97375.0,3250.0,3253.0,3239.8,3251.5,41586650,3576.6,2926.4,4322.95,2866.6,3249.4,1,1,3249.2,5,1,3249.1,5,1,3248.9,6,2,3248.5,12,1,3249.7,116,9,3249.8,77,2,3249.9,31,10,3250.0,1089,22,3250.1,46,2
11536,2025-12-30 09:59:09+05:30,3249.6,11,3246.17,135238,101782.0,97054.0,3250.0,3253.0,3239.8,3251.5,41586650,3576.6,2926.4,4322.95,2866.6,3249.6,35,3,3249.2,29,2,3249.1,5,1,3248.9,6,2,3248.5,61,1,3249.7,44,9,3249.8,56,1,3249.9,24,7,3250.0,1147,24,3250.1,46,2
11536,2025-12-30 09:59:09+05:30,3249.6,7,3246.17,135238,101782.0,97054.0,3250.0,3253.0,3239.8,3251.5,41586650,3576.6,2926.4,4322.95,2866.6,3249.6,35,3,3249.2,29,2,3249.1,5,1,3248.9,6,2,3248.5,61,1,3249.7,44,9,3249.8,56,1,3249.9,24,7,3250.0,1147,24,3250.1,46,2
11536,2025-12-30 09:59:10+05:30,3249.6,21,3246.17,135283,101747.0,97168.0,3250.0,3253.0,3239.8,3251.5,41586650,3576.6,2926.4,4322.95,2866.6,3249.2,29,2,3249.1,5,1,3248.9,6,2,3248.5,89,2,3248.4,85,4,3249.6,4,1,3249.7,69,11,3249.8,74,2,3249.9,73,5,3250.0,1094,23
11536,2025-12-30 09:59:10+05:30,3249.2,3,3246.17,135283,101747.0,97168.0,3250.0,3253.0,3239.8,3251.5,41586650,3576.6,2926.4,4322.95,2866.6,3249.2,29,2,3249.1,5,1,3248.9,6,2,3248.5,89,2,3248.4,85,4,3249.6,4,1,3249.7,69,11,3249.8,74,2,3249.9,73,5,3250.0,1094,23
11536,2025-12-30 09:59:11+05:30,3249.2,23,3246.17,135340,101390.0,97468.0,3250.0,3253.0,3239.8,3251.5,41586650,3576.6,2926.4,4322.95,2866.6,3249.2,9,2,3249.1,5,1,3248.9,6,2,3248.4,24,3,3248.3,50,2,3249.6,16,6,3249.7,254,8,3249.8,53,3,3249.9,19,3,3250.0,1157,25
11536,2025-12-30 09:59:11+05:30,3249.2,23,3246.17,135340,101390.0,97468.0,3250.0,3253.0,3239.8,3251.5,41586650,3576.6,2926.4,4322.95,2866.6,3249.2,9,2,3249.1,5,1,3248.9,6,2,3248.4,24,3,3248.3,50,2,3249.6,16,6,3249.7,254,8,3249.8,53,3,3249.9,19,3,3250.0,1157,25
11536,2025-12-30 09:59:12+05:30,3249.2,10,3246.17,135378,101401.0,97937.0,3250.0,3253.0,3239.8,3251.5,41586650,3576.6,2926.4,4322.95,2866.6,3249.1,5,1,3248.9,6,2,3248.4,24,3,3248.3,50,2,3248.2,24,1,3249.2,4,1,3249.6,34,10,3249.7,289,7,3249.8,34,2,3249.9,73,4
11536,2025-12-30 09:59:12+05:30,3249.1,7,3246.17,135378,101401.0,97937.0,3250.0,3253.0,3239.8,3251.5,41586650,3576.6,2926.4,4322.95,2866.6,3249.1,5,1,3248.9,6,2,3248.4,24,3,3248.3,50,2,3248.2,24,1,3249.2,4,1,3249.6,34,10,3249.7,289,7,3249.8,34,2,3249.9,73,4
11536,2025-12-30 09:59:13+05:30,3249.1,4,3246.17,135393,101400.0,98343.0,3250.0,3253.0,3239.8,3251.5,41586650,3576.6,2926.4,4322.95,2866.6,3249.1,5,1,3248.9,6,2,3248.4,24,3,3248.3,22,1,3248.2,24,1,3249.2,14,6,3249.3,18,1,3249.4,49,4,3249.5,25,1,3249.6,60,10
11536,2025-12-30 09:59:13+05:30,3249.1,5,3246.17,135393,101400.0,98343.0,3250.0,3253.0,3239.8,3251.5,41586650,3576.6,2926.4,4322.95,2866.6,3249.1,5,1,3248.9,6,2,3248.4,24,3,3248.3,22,1,3248.2,24,1,3249.2,14,6,3249.3,18,1,3249.4,49,4,3249.5,25,1,3249.6,60,10
11536,2025-12-30 09:59:14+05:30,3249.1,1,3246.17,135422,101390.0,98302.0,3250.0,3253.0,3239.8,3251.5,41586650,3576.6,2926.4,4322.95,2866.6,3249.1,1,1,3248.9,6,2,3248.4,24,3,3248.3,22,1,3248.2,24,1,3249.2,15,11,3249.3,18,1,3249.4,49,4,3249.5,25,1,3249.6,55,6
11536,2025-12-30 09:59:14+05:30,3249.0,9,3246.17,135422,101390.0,98302.0,3250.0,3253.0,3239.8,3251.5,41586650,3576.6,2926.4,4322.95,2866.6,3249.1,1,1,3248.9,6,2,3248.4,24,3,3248.3,22,1,3248.2,24,1,3249.2,15,11,3249.3,18,1,3249.4,49,4,3249.5,25,1,3249.6,55,6
11536,2025-12-30 09:59:15+05:30,3249.2,1,3246.17,135458,101197.0,98162.0,3250.0,3253.0,3239.8,3251.5,41586650,3576.6,2926.4,4322.95,2866.6,3249.1,27,1,3249.0,9,1,3248.9,6,2,3248.4,8,2,3248.3,50,2,3249.2,17,9,3249.6,8,1,3249.7,279,6,3249.8,55,3,3249.9,54,6
11536,2025-12-30 09:59:15+05:30,3249.7,23,3246.17,135458,101197.0,98162.0,3250.0,3253.0,3239.8,3251.5,41586650,3576.6,2926.4,4322.95,2866.6,3249.1,27,1,3249.0,9,1,3248.9,6,2,3248.4,8,2,3248.3,50,2,3249.2,17,9,3249.6,8,1,3249.7,279,6,3249.8,55,3,3249.9,54,6
11536,2025-12-30 09:59:16+05:30,3249.7,23,3246.17,135591,101422.0,97351.0,3250.0,3253.0,3239.8,3251.5,41586650,3576.6,2926.4,4322.95,2866.6,3249.1,46,2,3249.0,9,1,3248.9,6,2,3248.4,113,4,3248.3,50,2,3249.7,210,6,3249.9,37,5,3250.0,1150,24,3250.1,46,2,3250.2,263,7
11536,2025-12-30 09:59:16+05:30,3249.7,1,3246.17,135591,101422.0,97351.0,3250.0,3253.0,3239.8,3251.5,41586650,3576.6,2926.4,4322.95,2866.6,3249.1,46,2,3249.0,9,1,3248.9,6,2,3248.4,113,4,3248.3,50,2,3249.7,210,6,3249.9,37,5,3250.0,1150,24,3250.1,46,2,3250.2,263,7
11536,2025-12-30 09:59:17+05:30,3249.7,1,3246.17,135593,101444.0,97330.0,3250.0,3253.0,3239.8,3251.5,41586650,3576.6,2926.4,4322.95,2866.6,3249.2,27,2,3249.1,55,3,3248.9,6,2,3248.4,113,4,3248.3,52,3,3249.7,224,9,3249.9,37,5,3250.0,1128,23,3250.1,46,2,3250.2,263,7
11536,2025-12-30 09:59:17+05:30,3249.7,1,3246.17,135593,101444.0,97330.0,3250.0,3253.0,3239.8,3251.5,41586650,3576.6,2926.4,4322.95,2866.6,3249.2,27,2,3249.1,55,3,3248.9,6,2,3248.4,113,4,3248.3,52,3,3249.7,224,9,3249.9,37,5,3250.0,1128,23,3250.1,46,2,3250.2,263,7
11536,2025-12-30 09:59:18+05:30,3249.2,10,3246.17,135630,101694.0,97368.0,3250.0,3253.0,3239.8,3251.5,41586650,3576.6,2926.4,4322.95,2866.6,3249.2,23,2,3249.1,65,4,3249.0,15,1,3248.9,6,2,3248.7,9,1,3249.7,214,9,3249.8,9,1,3249.9,25,3,3250.0,1125,23,3250.1,18,1
11536,2025-12-30 09:59:18+05:30,3249.2,10,3246.17,135630,101694.0,97368.0,3250.0,3253.0,3239.8,3251.5,41586650,3576.6,2926.4,4322.95,2866.6,3249.2,23,2,3249.1,65,4,3249.0,15,1,3248.9,6,2,3248.7,9,1,3249.7,214,9,3249.8,9,1,3249.9,25,3,3250.0,1125,23,3250.1,18,1
11536,2025-12-30 09:59:19+05:30,3249.2,1,3246.17,135631,102208.0,97360.0,3250.0,3253.0,3239.8,3251.5,41586650,3576.6,2926.4,4322.95,2866.6,3249.3,9,1,3249.2,22,2,3249.1,56,3,3249.0,15,1,3248.9,6,2,3249.7,213,8,3249.8,9,1,3249.9,35,4,3250.0,1125,23,3250.1,18,1
11536,2025-12-30 09:59:19+05:30,3249.3,25,3246.17,135631,102208.0,97360.0,3250.0,3253.0,3239.8,3251.5,41586650,3576.6,2926.4,4322.95,2866.6,3249.3,9,1,3249.2,22,2,3249.1,56,3,3249.0,15,1,3248.9,6,2,3249.7,213,8,3249.8,9,1,3249.9,35,4,3250.0,1125,23,3250.1,18,1
11536,2025-12-30 09:59:20+05:30,3249.3,1,3246.18,135668,102215.0,97705.0,3250.0,3253.0,3239.8,3251.5,41586650,3576.6,2926.4,4322.95,2866.6,3249.3,8,1,3249.2,22,2,3249.1,56,3,3249.0,23,2,3248.9,6,2,3249.7,383,8,3249.8,9,1,3249.9,32,3,3250.0,1125,23,3250.1,18,1
11536,2025-12-30 09:59:20+05:30,3249.3,1,3246.18,135668,102215.0,97705.0,3250.0,3253.0,3239.8,3251.5,41586650,3576.6,2926.4,4322.95,2866.6,3249.3,8,1,3249.2,22,2,3249.1,56,3,3249.0,23,2,3248.9,6,2,3249.7,383,8,3249.8,9,1,3249.9,32,3,3250.0,1125,23,3250.1,18,1
11536,2025-12-30 09:59:20+05:30,3249.5,7,3246.18,135682,102262.0,97625.0,3250.0,3253.0,3239.8,3251.5,41586650,3576.6,2926.4,4322.95,2866.6,3249.5,1,1,3249.3,54,1,3249.2,76,3,3249.1,56,3,3249.0,23,2,3249.7,387,12,3249.9,32,3,3250.0,1125,23,3250.2,202,4,3250.3,36,3
11536,2025-12-30 09:59:21+05:30,3249.7,111,3246.18,135682,102262.0,97625.0,3250.0,3253.0,3239.8,3251.5,41586650,3576.6,2926.4,4322.95,2866.6,3249.5,1,1,3249.3,54,1,3249.2,76,3,3249.1,56,3,3249.0,23,2,3249.7,387,12,3249.9,32,3,3250.0,1125,23,3250.2,202,4,3250.3,36,3
11536,2025-12-30 09:59:21+05:30,3249.5,15,3246.19,136204,102202.0,97242.0,3250.0,3253.0,3239.8,3251.5,41586650,3576.6,2926.4,4322.95,2866.6,3249.5,9,1,3249.3,54,1,3249.2,76,3,3249.1,56,3,3249.0,23,2,3249.7,137,12,3249.9,56,5,3250.0,1149,24,3250.2,74,4,3250.3,8,2
11536,2025-12-30 09:59:22+05:30,3249.5,2,3246.19,136204,102202.0,97242.0,3250.0,3253.0,3239.8,3251.5,41586650,3576.6,2926.4,4322.95,2866.6,3249.5,9,1,3249.3,54,1,3249.2,76,3,3249.1,56,3,3249.0,23,2,3249.7,137,12,3249.9,56,5,3250.0,1149,24,3250.2,74,4,3250.3,8,2
11536,2025-12-30 09:59:22+05:30,3249.5,4,3246.19,136214,102481.0,97209.0,3250.0,3253.0,3239.8,3251.5,41586650,3576.6,2926.4,4322.95,2866.6,3249.6,8,1,3249.3,54,1,3249.2,76,3,3249.1,56,3,3249.0,23,2,3249.7,131,10,3249.9,43,5,3250.0,1149,24,3250.2,89,6,3250.3,8,2
11536,2025-12-30 09:59:23+05:30,3249.6,2,3246.19,136214,102481.0,97209.0,3250.0,3253.0,3239.8,3251.5,41586650,3576.6,2926.4,4322.95,2866.6,3249.6,8,1,3249.3,54,1,3249.2,76,3,3249.1,56,3,3249.0,23,2,3249.7,131,10,3249.9,43,5,3250.0,1149,24,3250.2,89,6,3250.3,8,2
11536,2025-12-30 09:59:23+05:30,3249.6,1,3246.19,136223,102466.0,97305.0,3250.0,3253.0,3239.8,3251.5,41586650,3576.6,2926.4,4322.95,2866.6,3249.3,54,1,3249.2,76,3,3249.1,56,3,3249.0,23,2,3248.9,6,2,3249.6,30,5,3249.7,104,8,3249.8,25,2,3249.9,43,6,3250.0,1149,24
11536,2025-12-30 09:59:24+05:30,3249.6,1,3246.19,136223,102466.0,97305.0,3250.0,3253.0,3239.8,3251.5,41586650,3576.6,2926.4,4322.95,2866.6,3249.3,54,1,3249.2,76,3,3249.1,56,3,3249.0,23,2,3248.9,6,2,3249.6,30,5,3249.7,104,8,3249.8,25,2,3249.9,43,6,3250.0,1149,24
11536,2025-12-30 09:59:24+05:30,3249.6,4,3246.19,136333,102341.0,97376.0,3250.0,3253.0,3239.8,3251.5,41586650,3576.6,2926.4,4322.95,2866.6,3249.2,27,2,3249.1,56,3,3249.0,23,2,3248.9,6,2,3248.7,9,1,3249.6,46,8,3249.7,114,7,3249.8,35,3,3249.9,43,6,3250.0,1139,23
11536,2025-12-30 09:59:25+05:30,3249.2,1,3246.19,136333,102341.0,97376.0,3250.0,3253.0,3239.8,3251.5,41586650,3576.6,2926.4,4322.95,2866.6,3249.2,27,2,3249.1,56,3,3249.0,23,2,3248.9,6,2,3248.7,9,1,3249.6,46,8,3249.7,114,7,3249.8,35,3,3249.9,43,6,3250.0,1139,23
11536,2025-12-30 09:59:26+05:30,3249.1,1,3246.19,136404,101224.0,97603.0,3250.0,3253.0,3239.8,3251.5,41586650,3576.6,2926.4,4322.95,2866.6,3249.1,9,1,3249.0,23,2,3248.9,6,2,3248.7,9,1,3248.4,24,3,3249.2,15,6,3249.3,30,3,3249.4,36,2,3249.5,22,1,3249.6,48,9
11536,2025-12-30 09:59:26+05:30,3249.2,1,3246.19,136404,101224.0,97603.0,3250.0,3253.0,3239.8,3251.5,41586650,3576.6,2926.4,4322.95,2866.6,3249.1,9,1,3249.0,23,2,3248.9,6,2,3248.7,9,1,3248.4,24,3,3249.2,15,6,3249.3,30,3,3249.4,36,2,3249.5,22,1,3249.6,48,9
11536,2025-12-30 09:59:26+05:30,3249.2,4,3246.19,136411,101239.0,97516.0,3250.0,3253.0,3239.8,3251.5,41586650,3576.6,2926.4,4322.95,2866.6,3249.1,8,1,3249.0,24,3,3248.9,6,2,3248.7,9,1,3248.4,24,3,3249.2,31,8,3249.3,9,1,3249.4,16,1,3249.5,22,1,3249.6,48,9
11536,2025-12-30 09:59:27+05:30,3249.2,15,3246.19,136411,101239.0,97516.0,3250.0,3253.0,3239.8,3251.5,41586650,3576.6,2926.4,4322.95,2866.6,3249.1,8,1,3249.0,24,3,3248.9,6,2,3248.7,9,1,3248.4,24,3,3249.2,31,8,3249.3,9,1,3249.4,16,1,3249.5,22,1,3249.6,48,9
11536,2025-12-30 09:59:27+05:30,3249.1,1,3246.2,136527,101058.0,98528.0,3250.0,3253.0,3239.8,3251.5,41586650,3576.6,2926.4,4322.95,2866.6,3249.0,15,1,3248.9,6,2,3248.7,9,1,3248.4,24,3,3248.3,22,1,3249.1,30,5,3249.2,35,9,3249.3,27,2,3249.4,55,4,3249.5,30,2
11536,2025-12-30 09:59:29+05:30,3249.0,11,3246.2,136527,101058.0,98528.0,3250.0,3253.0,3239.8,3251.5,41586650,3576.6,2926.4,4322.95,2866.6,3249.0,15,1,3248.9,6,2,3248.7,9,1,3248.4,24,3,3248.3,22,1,3249.1,30,5,3249.2,35,9,3249.3,27,2,3249.4,55,4,3249.5,30,2
11536,2025-12-30 09:59:31+05:30,3249.0,11,3246.2,136838,100691.0,98490.0,3250.0,3253.0,3239.8,3251.5,41586650,3576.6,2926.4,4322.95,2866.6,3249.0,12,1,3248.7,9,1,3248.5,1,1,3248.4,8,2,3248.2,24,1,3249.1,16,3,3249.2,8,1,3249.3,3,1,3249.4,50,4,3249.5,25,1
11536,2025-12-30 09:59:33+05:30,3249.4,10,3246.2,136838,100691.0,98490.0,3250.0,3253.0,3239.8,3251.5,41586650,3576.6,2926.4,4322.95,2866.6,3249.0,12,1,3248.7,9,1,3248.5,1,1,3248.4,8,2,3248.2,24,1,3249.1,16,3,3249.2,8,1,3249.3,3,1,3249.4,50,4,3249.5,25,1
11536,2025-12-30 09:59:36+05:30,3249.1,15,3246.2,136838,100691.0,98490.0,3250.0,3253.0,3239.8,3251.5,41586650,3576.6,2926.4,4322.95,2866.6,3249.0,12,1,3248.7,9,1,3248.5,1,1,3248.4,8,2,3248.2,24,1,3249.1,16,3,3249.2,8,1,3249.3,3,1,3249.4,50,4,3249.5,25,1
11536,2025-12-30 09:59:37+05:30,3249.1,1,3246.21,137048,100767.0,98407.0,3250.0,3253.0,3239.8,3251.5,41586650,3576.6,2926.4,4322.95,2866.6,3248.9,7,1,3248.8,4,1,3248.7,9,1,3248.6,2,1,3248.5,1,1,3249.1,2,1,3249.4,26,3,3249.5,20,2,3249.6,79,5,3249.7,123,3
11536,2025-12-30 09:59:39+05:30,3248.9,1,3246.21,137048,100767.0,98407.0,3250.0,3253.0,3239.8,3251.5,41586650,3576.6,2926.4,4322.95,2866.6,3248.9,7,1,3248.8,4,1,3248.7,9,1,3248.6,2,1,3248.5,1,1,3249.1,2,1,3249.4,26,3,3249.5,20,2,3249.6,79,5,3249.7,123,3
11536,2025-12-30 09:59:42+05:30,3248.9,4,3246.21,137048,100767.0,98407.0,3250.0,3253.0,3239.8,3251.5,41586650,3576.6,2926.4,4322.95,2866.6,3248.9,7,1,3248.8,4,1,3248.7,9,1,3248.6,2,1,3248.5,1,1,3249.1,2,1,3249.4,26,3,3249.5,20,2,3249.6,79,5,3249.7,123,3
11536,2025-12-30 09:59:43+05:30,3249.1,1,3246.21,137150,100712.0,98457.0,3250.0,3253.0,3239.8,3251.5,41586650,3576.6,2926.4,4322.95,2866.6,3248.9,26,1,3248.8,3,1,3248.7,14,2,3248.6,2,1,3248.5,1,1,3249.1,13,5,3249.2,36,3,3249.3,27,2,3249.4,45,3,3249.5,33,2
11536,2025-12-30 09:59:45+05:30,3249.7,4,3246.21,137150,100712.0,98457.0,3250.0,3253.0,3239.8,3251.5,41586650,3576.6,2926.4,4322.95,2866.6,3248.9,26,1,3248.8,3,1,3248.7,14,2,3248.6,2,1,3248.5,1,1,3249.1,13,5,3249.2,36,3,3249.3,27,2,3249.4,45,3,3249.5,33,2
11536,2025-12-30 09:59:48+05:30,3249.0,7,3246.21,137150,100712.0,98457.0,3250.0,3253.0,3239.8,3251.5,41586650,3576.6,2926.4,4322.95,2866.6,3248.9,26,1,3248.8,3,1,3248.7,14,2,3248.6,2,1,3248.5,1,1,3249.1,13,5,3249.2,36,3,3249.3,27,2,3249.4,45,3,3249.5,33,2
11536,2025-12-30 09:59:49+05:30,3248.9,21,3246.21,137353,100725.0,98074.0,3250.0,3253.0,3239.8,3251.5,41586650,3576.6,2926.4,4322.95,2866.6,3248.9,58,3,3248.8,3,1,3248.7,9,1,3248.6,2,1,3248.5,1,1,3249.1,5,1,3249.2,22,2,3249.3,5,1,3249.4,22,2,3249.5,41,2
11536,2025-12-30 09:59:50+05:30,3248.9,21,3246.21,137353,100725.0,98074.0,3250.0,3253.0,3239.8,3251.5,41586650,3576.6,2926.4,4322.95,2866.6,3248.9,58,3,3248.8,3,1,3248.7,9,1,3248.6,2,1,3248.5,1,1,3249.1,5,1,3249.2,22,2,3249.3,5,1,3249.4,22,2,3249.5,41,2
11536,2025-12-30 09:59:54+05:30,3248.9,1,3246.21,137353,100725.0,98074.0,3250.0,3253.0,3239.8,3251.5,41586650,3576.6,2926.4,4322.95,2866.6,3248.9,58,3,3248.8,3,1,3248.7,9,1,3248.6,2,1,3248.5,1,1,3249.1,5,1,3249.2,22,2,3249.3,5,1,3249.4,22,2,3249.5,41,2
11536,2025-12-30 09:59:54+05:30,3248.9,1,3246.21,137413,101049.0,98376.0,3250.0,3253.0,3239.8,3251.5,41586650,3576.6,2926.4,4322.95,2866.6,3248.9,12,2,3248.8,3,1,3248.7,9,1,3248.6,2,1,3248.5,401,2,3249.1,33,9,3249.2,9,1,3249.3,5,1,3249.4,32,3,3249.5,8,1
11536,2025-12-30 09:59:57+05:30,3249.1,3,3246.21,137413,101049.0,98376.0,3250.0,3253.0,3239.8,3251.5,41586650,3576.6,2926.4,4322.95,2866.6,3248.9,12,2,3248.8,3,1,3248.7,9,1,3248.6,2,1,3248.5,401,2,3249.1,33,9,3249.2,9,1,3249.3,5,1,3249.4,32,3,3249.5,8,1
11536,2025-12-30 09:59:59+05:30,3248.9,4,3246.21,137413,101049.0,98376.0,3250.0,3253.0,3239.8,3251.5,41586650,3576.6,2926.4,4322.95,2866.6,3248.9,12,2,3248.8,3,1,3248.7,9,1,3248.6,2,1,3248.5,401,2,3249.1,33,9,3249.2,9,1,3249.3,5,1,3249.4,32,3,3249.5,8,1
11536,2025-12-30 09:59:59+05:30,3249.1,1,3246.22,137644,100413.0,98998.0,3250.0,3253.0,3239.8,3251.5,41586650,3576.6,2926.4,4322.95,2866.6,3248.9,6,1,3248.8,3,1,3248.7,9,1,3248.6,2,1,3248.5,401,2,3249.1,30,9,3249.3,5,1,3249.4,22,2,3249.5,45,4,3249.6,118,4
11536,2025-12-30 10:00:03+05:30,3248.7,8,3246.22,137644,100413.0,98998.0,3250.0,3253.0,3239.8,3251.5,41586650,3576.6,2926.4,4322.95,2866.6,3248.9,6,1,3248.8,3,1,3248.7,9,1,3248.6,2,1,3248.5,401,2,3249.1,30,9,3249.3,5,1,3249.4,22,2,3249.5,45,4,3249.6,118,4
11536,2025-12-30 10:00:05+05:30,3249.1,1,3246.22,137758,100158.0,99171.0,3250.0,3253.0,3239.8,3251.5,41586650,3576.6,2926.4,4322.95,2866.6,3248.9,7,1,3248.7,16,2,3248.6,12,2,3248.5,405,4,3248.4,8,2,3249.1,21,5,3249.2,4,1,3249.3,5,1,3249.4,26,3,3249.5,41,2
11536,2025-12-30 10:00:08+05:30,3249.1,2,3246.22,137758,100158.0,99171.0,3250.0,3253.0,3239.8,3251.5,41586650,3576.6,2926.4,4322.95,2866.6,3248.9,7,1,3248.7,16,2,3248.6,12,2,3248.5,405,4,3248.4,8,2,3249.1,21,5,3249.2,4,1,3249.3,5,1,3249.4,26,3,3249.5,41,2
11536,2025-12-30 10:00:11+05:30,3248.6,1,3246.23,137970,99336.0,100921.0,3250.0,3253.0,3239.8,3251.5,41586650,3576.6,2926.4,4322.95,2866.6,3248.6,8,2,3248.5,405,4,3248.4,8,2,3248.0,3,1,3247.9,3,1,3248.8,12,6,3249.0,31,3,3249.1,90,8,3249.2,69,5,3249.3,84,4
11536,2025-12-30 10:00:13+05:30,3248.6,7,3246.23,137970,99336.0,100921.0,3250.0,3253.0,3239.8,3251.5,41586650,3576.6,2926.4,4322.95,2866.6,3248.6,8,2,3248.5,405,4,3248.4,8,2,3248.0,3,1,3247.9,3,1,3248.8,12,6,3249.0,31,3,3249.1,90,8,3249.2,69,5,3249.3,84,4
11536,2025-12-30 10:00:16+05:30,3248.6,5,3246.23,138096,98634.0,100308.0,3250.0,3253.0,3239.8,3251.5,41586650,3576.6,2926.4,4322.95,2866.6,3248.6,7,2,3248.5,489,5,3248.4,8,2,3248.3,14,1,3248.0,103,2,3248.8,18,8,3249.0,32,3,3249.1,22,4,3249.2,41,4,3249.3,192,5
11536,2025-12-30 10:00:17+05:30,3248.8,2,3246.23,138096,98634.0,100308.0,3250.0,3253.0,3239.8,3251.5,41586650,3576.6,2926.4,4322.95,2866.6,3248.6,7,2,3248.5,489,5,3248.4,8,2,3248.3,14,1,3248.0,103,2,3248.8,18,8,3249.0,32,3,3249.1,22,4,3249.2,41,4,3249.3,192,5
11536,2025-12-30 10:00:21+05:30,3248.0,1,3246.23,138096,98634.0,100308.0,3250.0,3253.0,3239.8,3251.5,41586650,3576.6,2926.4,4322.95,2866.6,3248.6,7,2,3248.5,489,5,3248.4,8,2,3248.3,14,1,3248.0,103,2,3248.8,18,8,3249.0,32,3,3249.1,22,4,3249.2,41,4,3249.3,192,5
11536,2025-12-30 10:00:22+05:30,3247.9,1,3246.24,139096,96811.0,101543.0,3250.0,3253.0,3239.8,3251.5,41586650,3576.6,2926.4,4322.95,2866.6,3247.9,8,1,3247.7,3,1,3247.2,16,1,3247.1,225,1,3247.0,146,6,3248.0,24,1,3248.3,17,7,3248.5,2,2,3248.7,55,5,3248.8,45,5
11536,2025-12-30 10:00:25+05:30,3247.3,10,3246.24,139096,96811.0,101543.0,3250.0,3253.0,3239.8,3251.5,41586650,3576.6,2926.4,4322.95,2866.6,3247.9,8,1,3247.7,3,1,3247.2,16,1,3247.1,225,1,3247.0,146,6,3248.0,24,1,3248.3,17,7,3248.5,2,2,3248.7,55,5,3248.8,45,5
11536,2025-12-30 10:00:28+05:30,3247.2,14,3246.25,139566,95760.0,102375.0,3250.0,3253.0,3239.8,3251.5,41586650,3576.6,2926.4,4322.95,2866.6,3247.1,316,8,3247.0,40,5,3246.9,21,3,3246.8,27,3,3246.7,28,1,3247.8,14,6,3248.0,3,1,3248.1,2,1,3248.4,21,1,3248.5,161,1
11536,2025-12-30 10:00:28+05:30,3247.2,14,3246.25,139566,95760.0,102375.0,3250.0,3253.0,3239.8,3251.5,41586650,3576.6,2926.4,4322.95,2866.6,3247.1,316,8,3247.0,40,5,3246.9,21,3,3246.8,27,3,3246.7,28,1,3247.8,14,6,3248.0,3,1,3248.1,2,1,3248.4,21,1,3248.5,161,1
11536,2025-12-30 10:00:29+05:30,3247.8,1,3246.25,139634,95906.0,102260.0,3250.0,3253.0,3239.8,3251.5,41586650,3576.6,2926.4,4322.95,2866.6,3247.1,345,9,3247.0,50,6,3246.9,7,2,3246.8,27,3,3246.7,45,2,3247.8,25,7,3248.0,3,1,3248.4,21,1,3248.6,224,5,3248.7,272,6
11536,2025-12-30 10:00:29+05:30,3247.1,1,3246.25,139634,95906.0,102260.0,3250.0,3253.0,3239.8,3251.5,41586650,3576.6,2926.4,4322.95,2866.6,3247.1,345,9,3247.0,50,6,3246.9,7,2,3246.8,27,3,3246.7,45,2,3247.8,25,7,3248.0,3,1,3248.4,21,1,3248.6,224,5,3248.7,272,6
11536,2025-12-30 10:00:30+05:30,3247.1,24,3246.25,139665,95925.0,102251.0,3250.0,3253.0,3239.8,3251.5,41586650,3576.6,2926.4,4322.95,2866.6,3247.1,302,8,3247.0,35,5,3246.9,24,3,3246.8,45,4,3246.7,66,3,3247.8,29,10,3248.4,21,1,3248.6,224,5,3248.7,272,6,3248.8,386,8
11536,2025-12-30 10:00:30+05:30,3247.1,24,3246.25,139665,95925.0,102251.0,3250.0,3253.0,3239.8,3251.5,41586650,3576.6,2926.4,4322.95,2866.6,3247.1,302,8,3247.0,35,5,3246.9,24,3,3246.8,45,4,3246.7,66,3,3247.8,29,10,3248.4,21,1,3248.6,224,5,3248.7,272,6,3248.8,386,8
11536,2025-12-30 10:00:31+05:30,3247.1,20,3246.25,139685,96135.0,102224.0,3250.0,3253.0,3239.8,3251.5,41586650,3576.6,2926.4,4322.95,2866.6,3247.1,327,9,3247.0,35,5,3246.9,24,3,3246.8,45,4,3246.7,66,3,3247.8,29,11,3248.4,21,1,3248.6,224,5,3248.7,282,8,3248.8,386,8
11536,2025-12-30 10:00:31+05:30,3247.8,2,3246.25,139685,96135.0,102224.0,3250.0,3253.0,3239.8,3251.5,41586650,3576.6,2926.4,4322.95,2866.6,3247.1,327,9,3247.0,35,5,3246.9,24,3,3246.8,45,4,3246.7,66,3,3247.8,29,11,3248.4,21,1,3248.6,224,5,3248.7,282,8,3248.8,386,8
11536,2025-12-30 10:00:32+05:30,3247.1,8,3246.25,139714,96248.0,102239.0,3250.0,3253.0,3239.8,3251.5,41586650,3576.6,2926.4,4322.95,2866.6,3247.1,263,7,3247.0,21,4,3246.9,70,6,3246.8,36,3,3246.7,49,2,3247.8,25,10,3248.4,21,1,3248.6,224,5,3248.7,282,8,3248.8,386,8
11536,2025-12-30 10:00:32+05:30,3247.1,14,3246.25,139714,96248.0,102239.0,3250.0,3253.0,3239.8,3251.5,41586650,3576.6,2926.4,4322.95,2866.6,3247.1,263,7,3247.0,21,4,3246.9,70,6,3246.8,36,3,3246.7,49,2,3247.8,25,10,3248.4,21,1,3248.6,224,5,3248.7,282,8,3248.8,386,8
11536,2025-12-30 10:00:32+05:30,3247.1,5,3246.25,139744,96259.0,103682.0,3250.0,3253.0,3239.8,3251.5,41586650,3576.6,2926.4,4322.95,2866.6,3247.1,212,5,3247.0,23,4,3246.9,7,2,3246.8,4,1,3246.6,92,4,3247.8,21,12,3247.9,310,2,3248.0,41,2,3248.1,26,2,3248.2,26,2
11536,2025-12-30 10:00:33+05:30,3247.1,6,3246.25,139744,96259.0,103682.0,3250.0,3253.0,3239.8,3251.5,41586650,3576.6,2926.4,4322.95,2866.6,3247.1,212,5,3247.0,23,4,3246.9,7,2,3246.8,4,1,3246.6,92,4,3247.8,21,12,3247.9,310,2,3248.0,41,2,3248.1,26,2,3248.2,26,2
11536,2025-12-30 10:00:33+05:30,3247.1,4,3246.25,139767,95946.0,103502.0,3250.0,3253.0,3239.8,3251.5,41586650,3576.6,2926.4,4322.95,2866.6,3247.1,196,5,3247.0,23,4,3246.9,7,2,3246.8,17,2,3246.6,72,3,3247.8,14,11,3247.9,327,3,3248.0,24,1,3248.1,13,1,3248.2,26,2
11536,2025-12-30 10:00:34+05:30,3247.1,2,3246.25,139767,95946.0,103502.0,3250.0,3253.0,3239.8,3251.5,41586650,3576.6,2926.4,4322.95,2866.6,3247.1,196,5,3247.0,23,4,3246.9,7,2,3246.8,17,2,3246.6,72,3,3247.8,14,11,3247.9,327,3,3248.0,24,1,3248.1,13,1,3248.2,26,2
11536,2025-12-30 10:00:34+05:30,3247.1,4,3246.25,139779,95872.0,103721.0,3250.0,3253.0,3239.8,3251.5,41586650,3576.6,2926.4,4322.95,2866.6,3247.1,196,6,3247.0,11,3,3246.9,7,2,3246.8,4,1,3246.6,100,4,3247.8,15,12,3247.9,300,1,3248.0,24,1,3248.1,13,1,3248.2,56,4
11536,2025-12-30 10:00:35+05:30,3247.8,1,3246.25,139779,95872.0,103721.0,3250.0,3253.0,3239.8,3251.5,41586650,3576.6,2926.4,4322.95,2866.6,3247.1,196,6,3247.0,11,3,3246.9,7,2,3246.8,4,1,3246.6,100,4,3247.8,15,12,3247.9,300,1,3248.0,24,1,3248.1,13,1,3248.2,56,4
11536,2025-12-30 10:00:35+05:30,3247.1,4,3246.25,139794,95881.0,103740.0,3250.0,3253.0,3239.8,3251.5,41586650,3576.6,2926.4,4322.95,2866.6,3247.1,183,6,3247.0,13,4,3246.9,7,2,3246.8,4,1,3246.6,59,2,3247.8,17,14,3247.9,308,2,3248.0,41,2,3248.1,25,2,3248.2,26,2
11536,2025-12-30 10:00:36+05:30,3247.1,3,3246.25,139794,95881.0,103740.0,3250.0,3253.0,3239.8,3251.5,41586650,3576.6,2926.4,4322.95,2866.6,3247.1,183,6,3247.0,13,4,3246.9,7,2,3246.8,4,1,3246.6,59,2,3247.8,17,14,3247.9,308,2,3248.0,41,2,3248.1,25,2,3248.2,26,2
11536,2025-12-30 10:00:36+05:30,3247.1,2,3246.25,139802,95907.0,103750.0,3250.0,3253.0,3239.8,3251.5,41586650,3576.6,2926.4,4322.95,2866.6,3247.2,12,1,3247.1,163,5,3247.0,13,4,3246.9,7,2,3246.8,4,1,3247.8,17,14,3247.9,300,1,3248.0,41,2,3248.1,25,2,3248.2,26,2
11536,2025-12-30 10:00:37+05:30,3247.2,3,3246.25,139802,95907.0,103750.0,3250.0,3253.0,3239.8,3251.5,41586650,3576.6,2926.4,4322.95,2866.6,3247.2,12,1,3247.1,163,5,3247.0,13,4,3246.9,7,2,3246.8,4,1,3247.8,17,14,3247.9,300,1,3248.0,41,2,3248.1,25,2,3248.2,26,2
11536,2025-12-30 10:00:37+05:30,3247.2,1,3246.25,139815,95979.0,103759.0,3250.0,3253.0,3239.8,3251.5,41586650,3576.6,2926.4,4322.95,2866.6,3247.2,91,2,3247.1,163,5,3247.0,13,4,3246.9,7,2,3246.8,4,1,3247.8,14,11,3247.9,341,3,3248.0,12,1,3248.1,13,1,3248.2,38,3
11536,2025-12-30 10:00:38+05:30,3247.2,2,3246.25,139815,95979.0,103759.0,3250.0,3253.0,3239.8,3251.5,41586650,3576.6,2926.4,4322.95,2866.6,3247.2,91,2,3247.1,163,5,3247.0,13,4,3246.9,7,2,3246.8,4,1,3247.8,14,11,3247.9,341,3,3248.0,12,1,3248.1,13,1,3248.2,38,3
11536,2025-12-30 10:00:38+05:30,3247.8,1,3246.25,139830,96072.0,103559.0,3250.0,3253.0,3239.8,3251.5,41586650,3576.6,2926.4,4322.95,2866.6,3247.5,12,1,3247.2,74,1,3247.1,163,5,3247.0,13,4,3246.9,7,2,3247.8,7,6,3247.9,324,2,3248.0,17,1,3248.1,13,1,3248.2,38,3
11536,2025-12-30 10:00:39+05:30,3247.5,2,3246.25,139830,96072.0,103559.0,3250.0,3253.0,3239.8,3251.5,41586650,3576.6,2926.4,4322.95,2866.6,3247.5,12,1,3247.2,74,1,3247.1,163,5,3247.0,13,4,3246.9,7,2,3247.8,7,6,3247.9,324,2,3248.0,17,1,3248.1,13,1,3248.2,38,3
11536,2025-12-30 10:00:39+05:30,3247.5,1,3246.25,139834,96109.0,103575.0,3250.0,3253.0,3239.8,3251.5,41586650,3576.6,2926.4,4322.95,2866.6,3247.5,8,1,3247.2,74,1,3247.1,163,5,3247.0,13,4,3246.9,7,2,3247.8,8,7,3247.9,324,2,3248.0,17,1,3248.2,17,1,3248.3,64,3
11536,2025-12-30 10:00:40+05:30,3247.5,2,3246.25,139834,96109.0,103575.0,3250.0,3253.0,3239.8,3251.5,41586650,3576.6,2926.4,4322.95,2866.6,3247.5,8,1,3247.2,74,1,3247.1,163,5,3247.0,13,4,3246.9,7,2,3247.8,8,7,3247.9,324,2,3248.0,17,1,3248.2,17,1,3248.3,64,3
11536,2025-12-30 10:00:40+05:30,3247.5,4,3246.25,139840,96096.0,103601.0,3250.0,3253.0,3239.8,3251.5,41586650,3576.6,2926.4,4322.95,2866.6,3247.5,2,1,3247.2,74,1,3247.1,163,5,3247.0,13,4,3246.9,7,2,3247.8,9,8,3247.9,324,2,3248.0,17,1,3248.1,12,1,3248.2,17,1
11536,2025-12-30 10:00:41+05:30,3247.5,2,3246.25,139840,96096.0,103601.0,3250.0,3253.0,3239.8,3251.5,41586650,3576.6,2926.4,4322.95,2866.6,3247.5,2,1,3247.2,74,1,3247.1,163,5,3247.0,13,4,3246.9,7,2,3247.8,9,8,3247.9,324,2,3248.0,17,1,3248.1,12,1,3248.2,17,1
11536,2025-12-30 10:00:41+05:30,3247.8,1,3246.25,139847,96128.0,103635.0,3250.0,3253.0,3239.8,3251.5,41586650,3576.6,2926.4,4322.95,2866.6,3247.5,11,1,3247.2,74,1,3247.1,163,5,3247.0,13,4,3246.9,7,2,3247.8,7,6,3247.9,324,2,3248.0,17,1,3248.1,12,1,3248.2,17,1
11536,2025-12-30 10:00:42+05:30,3247.5,2,3246.25,139847,96128.0,103635.0,3250.0,3253.0,3239.8,3251.5,41586650,3576.6,2926.4,4322.95,2866.6,3247.5,11,1,3247.2,74,1,3247.1,163,5,3247.0,13,4,3246.9,7,2,3247.8,7,6,3247.9,324,2,3248.0,17,1,3248.1,12,1,3248.2,17,1
11536,2025-12-30 10:00:43+05:30,3247.8,1,3246.25,139853,96196.0,103612.0,3250.0,3253.0,3239.8,3251.5,41586650,3576.6,2926.4,4322.95,2866.6,3247.7,9,1,3247.2,74,1,3247.1,163,5,3247.0,13,4,3246.9,7,2,3247.8,7,6,3247.9,324,2,3248.0,17,1,3248.2,17,1,3248.3,64,3
11536,2025-12-30 10:00:43+05:30,3247.8,1,3246.25,139853,96196.0,103612.0,3250.0,3253.0,3239.8,3251.5,41586650,3576.6,2926.4,4322.95,2866.6,3247.7,9,1,3247.2,74,1,3247.1,163,5,3247.0,13,4,3246.9,7,2,3247.8,7,6,3247.9,324,2,3248.0,17,1,3248.2,17,1,3248.3,64,3
11536,2025-12-30 10:00:44+05:30,3247.7,1,3246.25,139854,96272.0,103656.0,3250.0,3253.0,3239.8,3251.5,41586650,3576.6,2926.4,4322.95,2866.6,3247.7,126,3,3247.5,1,1,3247.2,75,2,3247.1,91,5,3247.0,13,4,3247.8,21,7,3247.9,300,1,3248.3,34,2,3248.4,5,1,3248.5,35,2
11536,2025-12-30 10:00:44+05:30,3247.7,2,3246.25,139854,96272.0,103656.0,3250.0,3253.0,3239.8,3251.5,41586650,3576.6,2926.4,4322.95,2866.6,3247.7,126,3,3247.5,1,1,3247.2,75,2,3247.1,91,5,3247.0,13,4,3247.8,21,7,3247.9,300,1,3248.3,34,2,3248.4,5,1,3248.5,35,2
11536,2025-12-30 10:00:45+05:30,3247.7,1,3246.25,139859,96272.0,103694.0,3250.0,3253.0,3239.8,3251.5,41586650,3576.6,2926.4,4322.95,2866.6,3247.7,171,4,3247.5,1,1,3247.2,75,2,3247.1,46,4,3247.0,13,4,3247.8,19,5,3247.9,300,1,3248.3,45,3,3248.4,12,2,3248.5,59,3
11536,2025-12-30 10:00:45+05:30,3247.8,1,3246.25,139859,96272.0,103694.0,3250.0,3253.0,3239.8,3251.5,41586650,3576.6,2926.4,4322.95,2866.6,3247.7,171,4,3247.5,1,1,3247.2,75,2,3247.1,46,4,3247.0,13,4,3247.8,19,5,3247.9,300,1,3248.3,45,3,3248.4,12,2,3248.5,59,3
11536,2025-12-30 10:00:46+05:30,3247.7,1,3246.25,139861,96267.0,103770.0,3250.0,3253.0,3239.8,3251.5,41586650,3576.6,2926.4,4322.95,2866.6,3247.7,170,4,3247.5,1,1,3247.2,75,2,3247.1,46,4,3247.0,13,4,3247.8,19,6,3247.9,300,1,3248.1,11,1,3248.3,34,2,3248.4,47,4
11536,2025-12-30 10:00:46+05:30,3247.8,1,3246.25,139861,96267.0,103770.0,3250.0,3253.0,3239.8,3251.5,41586650,3576.6,2926.4,4322.95,2866.6,3247.7,170,4,3247.5,1,1,3247.2,75,2,3247.1,46,4,3247.0,13,4,3247.8,19,6,3247.9,300,1,3248.1,11,1,3248.3,34,2,3248.4,47,4
11536,2025-12-30 10:00:47+05:30,3247.7,1,3246.25,139865,95338.0,103908.0,3250.0,3253.0,3239.8,3251.5,41586650,3576.6,2926.4,4322.95,2866.6,3247.7,180,4,3247.5,1,1,3247.2,75,2,3247.1,46,4,3247.0,13,4,3247.8,31,8,3247.9,303,2,3248.0,62,4,3248.1,22,2,3248.2,40,3
11536,2025-12-30 10:00:47+05:30,3247.7,1,3246.25,139865,95338.0,103908.0,3250.0,3253.0,3239.8,3251.5,41586650,3576.6,2926.4,4322.95,2866.6,3247.7,180,4,3247.5,1,1,3247.2,75,2,3247.1,46,4,3247.0,13,4,3247.8,31,8,3247.9,303,2,3248.0,62,4,3248.1,22,2,3248.2,40,3
11536,2025-12-30 10:00:48+05:30,3247.7,1,3246.25,139866,95519.0,103920.0,3250.0,3253.0,3239.8,3251.5,41586650,3576.6,2926.4,4322.95,2866.6,3247.7,180,4,3247.5,1,1,3247.2,75,2,3247.1,46,4,3247.0,13,4,3247.8,25,7,3247.9,300,1,3248.0,62,4,3248.1,22,2,3248.2,40,3
11536,2025-12-30 10:00:48+05:30,3247.7,1,3246.25,139866,95519.0,103920.0,3250.0,3253.0,3239.8,3251.5,41586650,3576.6,2926.4,4322.95,2866.6,3247.7,180,4,3247.5,1,1,3247.2,75,2,3247.1,46,4,3247.0,13,4,3247.8,25,7,3247.9,300,1,3248.0,62,4,3248.1,22,2,3248.2,40,3
11536,2025-12-30 10:00:48+05:30,3247.7,1,3246.25,139868,95518.0,103930.0,3250.0,3253.0,3239.8,3251.5,41586650,3576.6,2926.4,4322.95,2866.6,3247.7,178,4,3247.5,1,1,3247.2,75,2,3247.1,46,4,3247.0,13,4,3247.8,24,6,3247.9,319,3,3248.0,80,5,3248.1,22,2,3248.2,40,3
11536,2025-12-30 10:00:49+05:30,3247.7,1,3246.25,139868,95518.0,103930.0,3250.0,3253.0,3239.8,3251.5,41586650,3576.6,2926.4,4322.95,2866.6,3247.7,178,4,3247.5,1,1,3247.2,75,2,3247.1,46,4,3247.0,13,4,3247.8,24,6,3247.9,319,3,3248.0,80,5,3248.1,22,2,3248.2,40,3
11536,2025-12-30 10:00:49+05:30,3247.7,1,3246.25,139869,95528.0,103948.0,3250.0,3253.0,3239.8,3251.5,41586650,3576.6,2926.4,4322.95,2866.6,3247.7,177,4,3247.5,1,1,3247.2,75,2,3247.1,46,4,3247.0,13,4,3247.8,24,6,3247.9,316,2,3248.0,80,5,3248.1,22,2,3248.2,40,3
11536,2025-12-30 10:00:50+05:30,3247.7,1,3246.25,139869,95528.0,103948.0,3250.0,3253.0,3239.8,3251.5,41586650,3576.6,2926.4,4322.95,2866.6,3247.7,177,4,3247.5,1,1,3247.2,75,2,3247.1,46,4,3247.0,13,4,3247.8,24,6,3247.9,316,2,3248.0,80,5,3248.1,22,2,3248.2,40,3
11536,2025-12-30 10:00:50+05:30,3247.7,1,3246.25,139870,95717.0,104026.0,3250.0,3253.0,3239.8,3251.5,41586650,3576.6,2926.4,4322.95,2866.6,3247.7,176,4,3247.5,1,1,3247.2,75,2,3247.1,46,4,3247.0,13,4,3247.8,23,5,3247.9,300,1,3248.0,62,4,3248.1,22,2,3248.2,40,3
11536,2025-12-30 10:00:51+05:30,3247.7,1,3246.25,139873,95884.0,103948.0,3250.0,3253.0,3239.8,3251.5,41586650,3576.6,2926.4,4322.95,2866.6,3247.7,174,4,3247.5,1,1,3247.2,75,2,3247.1,22,3,3247.0,13,4,3247.8,15,3,3247.9,300,1,3248.0,13,1,3248.1,17,1,3248.2,33,2
11536,2025-12-30 10:00:52+05:30,3247.8,2,3246.25,139873,95884.0,103948.0,3250.0,3253.0,3239.8,3251.5,41586650,3576.6,2926.4,4322.95,2866.6,3247.7,174,4,3247.5,1,1,3247.2,75,2,3247.1,22,3,3247.0,13,4,3247.8,15,3,3247.9,300,1,3248.0,13,1,3248.1,17,1,3248.2,33,2
11536,2025-12-30 10:00:52+05:30,3247.8,2,3246.25,139875,95896.0,102663.0,3250.0,3253.0,3239.8,3251.5,41586650,3576.6,2926.4,4322.95,2866.6,3247.7,174,4,3247.5,1,1,3247.2,75,2,3247.1,22,3,3247.0,13,4,3247.8,15,5,3247.9,300,1,3248.0,13,1,3248.2,11,1,3248.3,59,3
11536,2025-12-30 10:00:53+05:30,3247.8,5,3246.25,139881,95897.0,104012.0,3250.0,3253.0,3239.8,3251.5,41586650,3576.6,2926.4,4322.95,2866.6,3247.7,173,4,3247.5,1,1,3247.2,75,2,3247.1,22,3,3247.0,13,4,3247.8,9,4,3247.9,300,1,3248.3,59,3,3248.4,52,4,3248.5,35,2
11536,2025-12-30 10:00:54+05:30,3247.8,1,3246.25,139881,95897.0,104012.0,3250.0,3253.0,3239.8,3251.5,41586650,3576.6,2926.4,4322.95,2866.6,3247.7,173,4,3247.5,1,1,3247.2,75,2,3247.1,22,3,3247.0,13,4,3247.8,9,4,3247.9,300,1,3248.3,59,3,3248.4,52,4,3248.5,35,2
11536,2025-12-30 10:00:54+05:30,3247.8,1,3246.25,139884,95902.0,104095.0,3250.0,3253.0,3239.8,3251.5,41586650,3576.6,2926.4,4322.95,2866.6,3247.7,172,4,3247.5,1,1,3247.2,75,2,3247.1,22,3,3247.0,13,4,3247.8,9,6,3247.9,300,1,3248.3,53,3,3248.4,66,4,3248.5,35,2
11536,2025-12-30 10:00:55+05:30,3247.8,1,3246.25,139884,95902.0,104095.0,3250.0,3253.0,3239.8,3251.5,41586650,3576.6,2926.4,4322.95,2866.6,3247.7,172,4,3247.5,1,1,3247.2,75,2,3247.1,22,3,3247.0,13,4,3247.8,9,6,3247.9,300,1,3248.3,53,3,3248.4,66,4,3248.5,35,2
11536,2025-12-30 10:00:55+05:30,3247.8,1,3246.25,139886,95900.0,104086.0,3250.0,3253.0,3239.8,3251.5,41586650,3576.6,2926.4,4322.95,2866.6,3247.7,171,4,3247.5,1,1,3247.2,75,2,3247.1,22,3,3247.0,13,4,3247.8,8,6,3247.9,300,1,3248.3,53,3,3248.4,66,4,3248.5,35,2
11536,2025-12-30 10:00:56+05:30,3247.7,1,3246.25,139886,95900.0,104086.0,3250.0,3253.0,3239.8,3251.5,41586650,3576.6,2926.4,4322.95,2866.6,3247.7,171,4,3247.5,1,1,3247.2,75,2,3247.1,22,3,3247.0,13,4,3247.8,8,6,3247.9,300,1,3248.3,53,3,3248.4,66,4,3248.5,35,2
11536,2025-12-30 10:00:56+05:30,3247.8,1,3246.25,139891,95926.0,104054.0,3250.0,3253.0,3239.8,3251.5,41586650,3576.6,2926.4,4322.95,2866.6,3247.7,168,4,3247.5,1,1,3247.2,75,2,3247.1,22,3,3247.0,23,5,3247.8,5,4,3247.9,300,1,3248.3,68,3,3248.4,41,3,3248.5,35,2
11536,2025-12-30 10:00:57+05:30,3247.7,2,3246.25,139891,95926.0,104054.0,3250.0,3253.0,3239.8,3251.5,41586650,3576.6,2926.4,4322.95,2866.6,3247.7,168,4,3247.5,1,1,3247.2,75,2,3247.1,22,3,3247.0,23,5,3247.8,5,4,3247.9,300,1,3248.3,68,3,3248.4,41,3,3248.5,35,2
11536,2025-12-30 10:00:57+05:30,3247.8,1,3246.25,139894,95926.0,104064.0,3250.0,3253.0,3239.8,3251.5,41586650,3576.6,2926.4,4322.95,2866.6,3247.7,166,4,3247.5,1,1,3247.2,75,2,3247.1,22,3,3247.0,23,5,3247.8,6,6,3247.9,300,1,3248.3,68,3,3248.4,41,3,3248.5,35,2
11536,2025-12-30 10:00:58+05:30,3247.7,1,3246.25,139894,95926.0,104064.0,3250.0,3253.0,3239.8,3251.5,41586650,3576.6,2926.4,4322.95,2866.6,3247.7,166,4,3247.5,1,1,3247.2,75,2,3247.1,22,3,3247.0,23,5,3247.8,6,6,3247.9,300,1,3248.3,68,3,3248.4,41,3,3248.5,35,2
11536,2025-12-30 10:00:58+05:30,3247.8,1,3246.25,139899,95915.0,104078.0,3250.0,3253.0,3239.8,3251.5,41586650,3576.6,2926.4,4322.95,2866.6,3247.7,164,4,3247.5,1,1,3247.2,75,2,3247.1,22,3,3247.0,23,5,3247.8,5,4,3247.9,300,1,3248.3,78,4,3248.4,41,3,3248.5,35,2
11536,2025-12-30 10:00:59+05:30,3247.8,1,3246.25,139899,95915.0,104078.0,3250.0,3253.0,3239.8,3251.5,41586650,3576.6,2926.4,4322.95,2866.6,3247.7,164,4,3247.5,1,1,3247.2,75,2,3247.1,22,3,3247.0,23,5,3247.8,5,4,3247.9,300,1,3248.3,78,4,3248.4,41,3,3248.5,35,2
11536,2025-12-30 10:00:59+05:30,3247.8,1,3246.25,139901,95913.0,104085.0,3250.0,3253.0,3239.8,3251.5,41586650,3576.6,2926.4,4322.95,2866.6,3247.7,164,4,3247.5,1,1,3247.2,75,2,3247.1,22,3,3247.0,23,5,3247.8,5,5,3247.9,301,2,3248.2,10,1,3248.3,68,3,3248.4,51,4
11536,2025-12-30 10:01:00+05:30,3247.7,1,3246.25,139902,95908.0,104084.0,3250.0,3253.0,3239.8,3251.5,41586650,3576.6,2926.4,4322.95,2866.6,3247.7,163,4,3247.5,1,1,3247.2,75,2,3247.1,22,3,3247.0,23,5,3247.8,4,4,3247.9,301,2,3248.2,10,1,3248.3,68,3,3248.4,51,4
11536,2025-12-30 10:01:01+05:30,3247.8,1,3246.25,139902,95908.0,104084.0,3250.0,3253.0,3239.8,3251.5,41586650,3576.6,2926.4,4322.95,2866.6,3247.7,163,4,3247.5,1,1,3247.2,75,2,3247.1,22,3,3247.0,23,5,3247.8,4,4,3247.9,301,2,3248.2,10,1,3248.3,68,3,3248.4,51,4
11536,2025-12-30 10:01:01+05:30,3247.7,1,3246.25,139905,95903.0,104087.0,3250.0,3253.0,3239.8,3251.5,41586650,3576.6,2926.4,4322.95,2866.6,3247.7,161,4,3247.5,1,1,3247.2,75,2,3247.1,22,3,3247.0,13,4,3247.8,18,4,3247.9,301,2,3248.2,10,1,3248.3,68,3,3248.4,51,4
11536,2025-12-30 10:01:02+05:30,3247.7,1,3246.25,139905,95903.0,104087.0,3250.0,3253.0,3239.8,3251.5,41586650,3576.6,2926.4,4322.95,2866.6,3247.7,161,4,3247.5,1,1,3247.2,75,2,3247.1,22,3,3247.0,13,4,3247.8,18,4,3247.9,301,2,3248.2,10,1,3248.3,68,3,3248.4,51,4
11536,2025-12-30 10:01:02+05:30,3247.7,1,3246.25,139931,95877.0,104100.0,3250.0,3253.0,3239.8,3251.5,41586650,3576.6,2926.4,4322.95,2866.6,3247.7,135,4,3247.5,1,1,3247.2,75,2,3247.1,22,3,3247.0,13,4,3247.8,19,5,3247.9,311,3,3248.2,27,2,3248.3,51,2,3248.4,51,4
11536,2025-12-30 10:01:03+05:30,3247.7,1,3246.25,139931,95877.0,104100.0,3250.0,3253.0,3239.8,3251.5,41586650,3576.6,2926.4,4322.95,2866.6,3247.7,135,4,3247.5,1,1,3247.2,75,2,3247.1,22,3,3247.0,13,4,3247.8,19,5,3247.9,311,3,3248.2,27,2,3248.3,51,2,3248.4,51,4
11536,2025-12-30 10:01:03+05:30,3247.8,1,3246.25,139940,95863.0,103976.0,3250.0,3253.0,3239.8,3251.5,41586650,3576.6,2926.4,4322.95,2866.6,3247.7,133,4,3247.5,1,1,3247.2,75,2,3247.1,22,3,3247.0,13,4,3247.8,14,7,3247.9,301,2,3248.2,42,2,3248.3,35,2,3248.4,34,2
11536,2025-12-30 10:01:04+05:30,3247.8,1,3246.25,139940,95863.0,103976.0,3250.0,3253.0,3239.8,3251.5,41586650,3576.6,2926.4,4322.95,2866.6,3247.7,133,4,3247.5,1,1,3247.2,75,2,3247.1,22,3,3247.0,13,4,3247.8,14,7,3247.9,301,2,3248.2,42,2,3248.3,35,2,3248.4,34,2
11536,2025-12-30 10:01:04+05:30,3247.8,2,3246.25,139951,95862.0,103953.0,3250.0,3253.0,3239.8,3251.5,41586650,3576.6,2926.4,4322.95,2866.6,3247.7,124,4,3247.5,1,1,3247.2,75,2,3247.1,22,3,3247.0,13,4,3247.8,13,8,3247.9,300,1,3248.2,42,2,3248.3,35,2,3248.4,34,2
11536,2025-12-30 10:01:05+05:30,3247.8,3,3246.25,139951,95862.0,103953.0,3250.0,3253.0,3239.8,3251.5,41586650,3576.6,2926.4,4322.95,2866.6,3247.7,124,4,3247.5,1,1,3247.2,75,2,3247.1,22,3,3247.0,13,4,3247.8,13,8,3247.9,300,1,3248.2,42,2,3248.3,35,2,3248.4,34,2
11536,2025-12-30 10:01:05+05:30,3247.7,5,3246.25,139963,95944.0,103943.0,3250.0,3253.0,3239.8,3251.5,41586650,3576.6,2926.4,4322.95,2866.6,3247.7,117,4,3247.5,1,1,3247.2,75,2,3247.1,22,3,3247.0,13,4,3247.8,9,8,3247.9,300,1,3248.2,42,2,3248.3,35,2,3248.4,34,2
11536,2025-12-30 10:01:06+05:30,3247.7,1,3246.25,139963,95944.0,103943.0,3250.0,3253.0,3239.8,3251.5,41586650,3576.6,2926.4,4322.95,2866.6,3247.7,117,4,3247.5,1,1,3247.2,75,2,3247.1,22,3,3247.0,13,4,3247.8,9,8,3247.9,300,1,3248.2,42,2,3248.3,35,2,3248.4,34,2
11536,2025-12-30 10:01:06+05:30,3247.7,2,3246.25,139968,96483.0,103791.0,3250.0,3253.0,3239.8,3251.5,41586650,3576.6,2926.4,4322.95,2866.6,3247.7,112,4,3247.5,1,1,3247.2,75,2,3247.1,24,4,3247.0,11,3,3247.8,8,7,3247.9,300,1,3248.2,42,2,3248.3,32,2,3248.4,43,3
11536,2025-12-30 10:01:07+05:30,3247.7,1,3246.25,139968,96483.0,103791.0,3250.0,3253.0,3239.8,3251.5,41586650,3576.6,2926.4,4322.95,2866.6,3247.7,112,4,3247.5,1,1,3247.2,75,2,3247.1,24,4,3247.0,11,3,3247.8,8,7,3247.9,300,1,3248.2,42,2,3248.3,32,2,3248.4,43,3
11536,2025-12-30 10:01:07+05:30,3247.7,40,3246.25,140057,96306.0,103860.0,3250.0,3253.0,3239.8,3251.5,41586650,3576.6,2926.4,4322.95,2866.6,3247.7,23,3,3247.5,1,1,3247.2,75,2,3247.1,24,4,3247.0,11,3,3247.8,7,6,3247.9,300,1,3248.2,42,2,3248.3,69,4,3248.4,34,2
11536,2025-12-30 10:01:08+05:30,3247.7,1,3246.25,140057,96306.0,103860.0,3250.0,3253.0,3239.8,3251.5,41586650,3576.6,2926.4,4322.95,2866.6,3247.7,23,3,3247.5,1,1,3247.2,75,2,3247.1,24,4,3247.0,11,3,3247.8,7,6,3247.9,300,1,3248.2,42,2,3248.3,69,4,3248.4,34,2
11536,2025-12-30 10:01:08+05:30,3247.8,1,3246.25,140062,96322.0,103885.0,3250.0,3253.0,3239.8,3251.5,41586650,3576.6,2926.4,4322.95,2866.6,3247.7,19,3,3247.5,1,1,3247.2,75,2,3247.1,24,4,3247.0,11,3,3247.8,18,10,3247.9,300,1,3248.0,35,2,3248.1,17,1,3248.2,9,1
11536,2025-12-30 10:01:09+05:30,3247.5,6,3246.25,140062,96322.0,103885.0,3250.0,3253.0,3239.8,3251.5,41586650,3576.6,2926.4,4322.95,2866.6,3247.7,19,3,3247.5,1,1,3247.2,75,2,3247.1,24,4,3247.0,11,3,3247.8,18,10,3247.9,300,1,3248.0,35,2,3248.1,17,1,3248.2,9,1
11536,2025-12-30 10:01:09+05:30,3247.2,1,3246.25,140166,95910.0,103763.0,3250.0,3253.0,3239.8,3251.5,41586650,3576.6,2926.4,4322.95,2866.6,3247.2,74,2,3247.1,33,5,3247.0,11,3,3246.9,7,2,3246.8,13,2,3247.5,405,3,3247.6,1,1,3247.8,9,6,3247.9,325,2,3248.0,17,1
11536,2025-12-30 10:01:10+05:30,3247.2,1,3246.25,140166,95910.0,103763.0,3250.0,3253.0,3239.8,3251.5,41586650,3576.6,2926.4,4322.95,2866.6,3247.2,74,2,3247.1,33,5,3247.0,11,3,3246.9,7,2,3246.8,13,2,3247.5,405,3,3247.6,1,1,3247.8,9,6,3247.9,325,2,3248.0,17,1
11536,2025-12-30 10:01:10+05:30,3247.2,18,3246.25,140213,96009.0,104043.0,3250.0,3253.0,3239.8,3251.5,41586650,3576.6,2926.4,4322.95,2866.6,3247.2,28,2,3247.1,24,4,3247.0,11,3,3246.9,7,2,3246.8,4,1,3247.5,739,8,3247.6,1,1,3247.8,44,4,3247.9,300,1,3248.2,1,1
11536,2025-12-30 10:01:11+05:30,3247.2,18,3246.25,140213,96009.0,104043.0,3250.0,3253.0,3239.8,3251.5,41586650,3576.6,2926.4,4322.95,2866.6,3247.2,28,2,3247.1,24,4,3247.0,11,3,3246.9,7,2,3246.8,4,1,3247.5,739,8,3247.6,1,1,3247.8,44,4,3247.9,300,1,3248.2,1,1
11536,2025-12-30 10:01:11+05:30,3247.2,1,3246.25,140245,95843.0,103861.0,3250.0,3253.0,3239.8,3251.5,41586650,3576.6,2926.4,4322.95,2866.6,3247.2,1,1,3247.1,24,4,3247.0,11,3,3246.9,7,2,3246.8,4,1,3247.5,739,10,3247.6,1,1,3247.8,27,2,3247.9,316,2,3248.2,1,1
11536,2025-12-30 10:01:12+05:30,3247.2,1,3246.25,140245,95843.0,103861.0,3250.0,3253.0,3239.8,3251.5,41586650,3576.6,2926.4,4322.95,2866.6,3247.2,1,1,3247.1,24,4,3247.0,11,3,3246.9,7,2,3246.8,4,1,3247.5,739,10,3247.6,1,1,3247.8,27,2,3247.9,316,2,3248.2,1,1
11536,2025-12-30 10:01:12+05:30,3247.1,3,3246.25,140269,95496.0,103949.0,3250.0,3253.0,3239.8,3251.5,41586650,3576.6,2926.4,4322.95,2866.6,3247.1,13,3,3247.0,11,3,3246.9,16,3,3246.8,10,2,3246.6,74,4,3247.2,1,1,3247.5,738,10,3247.7,1,1,3247.8,1,1,3247.9,300,1
11536,2025-12-30 10:01:13+05:30,3247.1,3,3246.25,140269,95496.0,103949.0,3250.0,3253.0,3239.8,3251.5,41586650,3576.6,2926.4,4322.95,2866.6,3247.1,13,3,3247.0,11,3,3246.9,16,3,3246.8,10,2,3246.6,74,4,3247.2,1,1,3247.5,738,10,3247.7,1,1,3247.8,1,1,3247.9,300,1
11536,2025-12-30 10:01:13+05:30,3247.1,3,3246.25,140290,95516.0,104190.0,3250.0,3253.0,3239.8,3251.5,41586650,3576.6,2926.4,4322.95,2866.6,3247.1,23,3,3247.0,11,3,3246.9,16,3,3246.8,10,2,3246.6,74,4,3247.2,5,5,3247.5,735,7,3247.7,17,2,3247.8,26,1,3247.9,300,1
11536,2025-12-30 10:01:14+05:30,3247.1,1,3246.25,140290,95516.0,104190.0,3250.0,3253.0,3239.8,3251.5,41586650,3576.6,2926.4,4322.95,2866.6,3247.1,23,3,3247.0,11,3,3246.9,16,3,3246.8,10,2,3246.6,74,4,3247.2,5,5,3247.5,735,7,3247.7,17,2,3247.8,26,1,3247.9,300,1
11536,2025-12-30 10:01:14+05:30,3247.1,5,3246.25,140306,95483.0,103959.0,3250.0,3253.0,3239.8,3251.5,41586650,3576.6,2926.4,4322.95,2866.6,3247.1,21,3,3247.0,20,4,3246.9,7,2,3246.8,19,3,3246.6,106,5,3247.2,7,7,3247.5,732,4,3247.7,1,1,3247.8,26,1,3247.9,300,1
11536,2025-12-30 10:01:15+05:30,3247.5,5,3246.25,140306,95483.0,103959.0,3250.0,3253.0,3239.8,3251.5,41586650,3576.6,2926.4,4322.95,2866.6,3247.1,21,3,3247.0,20,4,3246.9,7,2,3246.8,19,3,3246.6,106,5,3247.2,7,7,3247.5,732,4,3247.7,1,1,3247.8,26,1,3247.9,300,1
11536,2025-12-30 10:01:15+05:30,3247.5,5,3246.26,140501,95976.0,103975.0,3250.0,3253.0,3239.8,3251.5,41586650,3576.6,2926.4,4322.95,2866.6,3247.2,1,1,3247.1,19,3,3247.0,11,3,3246.9,7,2,3246.8,37,4,3247.5,586,4,3247.7,27,2,3247.8,16,1,3247.9,300,1,3248.2,1,1
11536,2025-12-30 10:01:16+05:30,3247.5,1,3246.26,140501,95976.0,103975.0,3250.0,3253.0,3239.8,3251.5,41586650,3576.6,2926.4,4322.95,2866.6,3247.2,1,1,3247.1,19,3,3247.0,11,3,3246.9,7,2,3246.8,37,4,3247.5,586,4,3247.7,27,2,3247.8,16,1,3247.9,300,1,3248.2,1,1
11536,2025-12-30 10:01:16+05:30,3247.5,1,3246.26,140523,96614.0,104407.0,3250.0,3253.0,3239.8,3251.5,41586650,3576.6,2926.4,4322.95,2866.6,3247.2,153,2,3247.1,18,3,3247.0,11,3,3246.9,16,3,3246.8,4,1,3247.5,585,6,3247.7,27,2,3247.8,16,1,3247.9,300,1,3248.0,37,2
11536,2025-12-30 10:01:17+05:30,3247.2,54,3246.26,140523,96614.0,104407.0,3250.0,3253.0,3239.8,3251.5,41586650,3576.6,2926.4,4322.95,2866.6,3247.2,153,2,3247.1,18,3,3247.0,11,3,3246.9,16,3,3246.8,4,1,3247.5,585,6,3247.7,27,2,3247.8,16,1,3247.9,300,1,3248.0,37,2
11536,2025-12-30 10:01:17+05:30,3247.2,54,3246.26,140578,96401.0,104178.0,3250.0,3253.0,3239.8,3251.5,41586650,3576.6,2926.4,4322.95,2866.6,3247.2,103,3,3247.1,14,2,3247.0,11,3,3246.9,16,3,3246.8,4,1,3247.5,342,7,3247.7,1,1,3247.8,16,1,3247.9,309,2,3248.0,28,1
11536,2025-12-30 10:01:18+05:30,3247.5,77,3246.26,140578,96401.0,104178.0,3250.0,3253.0,3239.8,3251.5,41586650,3576.6,2926.4,4322.95,2866.6,3247.2,103,3,3247.1,14,2,3247.0,11,3,3246.9,16,3,3246.8,4,1,3247.5,342,7,3247.7,1,1,3247.8,16,1,3247.9,309,2,3248.0,28,1
11536,2025-12-30 10:01:18+05:30,3247.2,36,3246.26,140750,96464.0,104076.0,3250.0,3253.0,3239.8,3251.5,41586650,3576.6,2926.4,4322.95,2866.6,3247.2,10,2,3247.1,14,2,3247.0,11,3,3246.9,7,2,3246.8,4,1,3247.5,266,8,3247.7,1,1,3247.8,9,1,3247.9,300,1,3248.0,37,2
11536,2025-12-30 10:01:19+05:30,3247.5,2,3246.26,140750,96464.0,104076.0,3250.0,3253.0,3239.8,3251.5,41586650,3576.6,2926.4,4322.95,2866.6,3247.2,10,2,3247.1,14,2,3247.0,11,3,3246.9,7,2,3246.8,4,1,3247.5,266,8,3247.7,1,1,3247.8,9,1,3247.9,300,1,3248.0,37,2
11536,2025-12-30 10:01:19+05:30,3247.3,16,3246.26,140768,96461.0,104093.0,3250.0,3253.0,3239.8,3251.5,41586650,3576.6,2926.4,4322.95,2866.6,3247.3,12,1,3247.2,6,1,3247.1,14,2,3247.0,11,3,3246.9,7,2,3247.5,266,10,3247.7,10,2,3247.8,16,1,3247.9,326,2,3248.0,37,2
11536,2025-12-30 10:01:20+05:30,3247.5,1,3246.26,140768,96461.0,104093.0,3250.0,3253.0,3239.8,3251.5,41586650,3576.6,2926.4,4322.95,2866.6,3247.3,12,1,3247.2,6,1,3247.1,14,2,3247.0,11,3,3246.9,7,2,3247.5,266,10,3247.7,10,2,3247.8,16,1,3247.9,326,2,3248.0,37,2
11536,2025-12-30 10:01:20+05:30,3247.3,2,3246.26,140815,96699.0,103825.0,3250.0,3253.0,3239.8,3251.5,41586650,3576.6,2926.4,4322.95,2866.6,3247.3,10,1,3247.2,6,1,3247.1,14,2,3247.0,11,3,3246.9,7,2,3247.5,264,12,3247.6,9,1,3247.7,1,1,3247.8,9,1,3247.9,300,1
11536,2025-12-30 10:01:21+05:30,3247.3,1,3246.26,140815,96699.0,103825.0,3250.0,3253.0,3239.8,3251.5,41586650,3576.6,2926.4,4322.95,2866.6,3247.3,10,1,3247.2,6,1,3247.1,14,2,3247.0,11,3,3246.9,7,2,3247.5,264,12,3247.6,9,1,3247.7,1,1,3247.8,9,1,3247.9,300,1
11536,2025-12-30 10:01:21+05:30,3247.0,1,3246.26,140920,96418.0,103895.0,3250.0,3253.0,3239.8,3251.5,41586650,3576.6,2926.4,4322.95,2866.6,3247.0,10,2,3246.9,7,2,3246.8,4,1,3246.6,59,2,3246.5,53,2,3247.2,3,1,3247.5,259,11,3247.7,20,2,3247.8,28,1,3247.9,300,1
11536,2025-12-30 10:01:22+05:30,3247.0,2,3246.26,140920,96418.0,103895.0,3250.0,3253.0,3239.8,3251.5,41586650,3576.6,2926.4,4322.95,2866.6,3247.0,10,2,3246.9,7,2,3246.8,4,1,3246.6,59,2,3246.5,53,2,3247.2,3,1,3247.5,259,11,3247.7,20,2,3247.8,28,1,3247.9,300,1
11536,2025-12-30 10:01:22+05:30,3247.0,5,3246.26,140946,96283.0,104282.0,3250.0,3253.0,3239.8,3251.5,41586650,3576.6,2926.4,4322.95,2866.6,3247.0,48,2,3246.9,7,2,3246.8,4,1,3246.6,73,3,3246.5,53,2,3247.2,25,7,3247.3,1,1,3247.5,253,6,3247.7,36,3,3247.8,45,2
11536,2025-12-30 10:01:23+05:30,3247.3,3,3246.26,140946,96283.0,104282.0,3250.0,3253.0,3239.8,3251.5,41586650,3576.6,2926.4,4322.95,2866.6,3247.0,48,2,3246.9,7,2,3246.8,4,1,3246.6,73,3,3246.5,53,2,3247.2,25,7,3247.3,1,1,3247.5,253,6,3247.7,36,3,3247.8,45,2
11536,2025-12-30 10:01:23+05:30,3247.3,2,3246.26,141077,96588.0,103632.0,3250.0,3253.0,3239.8,3251.5,41586650,3576.6,2926.4,4322.95,2866.6,3247.3,2,1,3247.2,3,1,3247.0,64,3,3246.9,35,3,3246.8,32,2,3247.5,9,4,3247.7,1,1,3247.9,300,1,3248.2,9,1,3248.4,73,6
11536,2025-12-30 10:01:24+05:30,3247.5,1,3246.26,141077,96588.0,103632.0,3250.0,3253.0,3239.8,3251.5,41586650,3576.6,2926.4,4322.95,2866.6,3247.3,2,1,3247.2,3,1,3247.0,64,3,3246.9,35,3,3246.8,32,2,3247.5,9,4,3247.7,1,1,3247.9,300,1,3248.2,9,1,3248.4,73,6
11536,2025-12-30 10:01:24+05:30,3247.5,1,3246.26,141084,96595.0,103657.0,3250.0,3253.0,3239.8,3251.5,41586650,3576.6,2926.4,4322.95,2866.6,3247.0,40,2,3246.9,7,2,3246.8,4,1,3246.6,108,6,3246.5,81,3,3247.5,9,5,3247.7,1,1,3247.9,300,1,3248.1,19,1,3248.2,9,1
11536,2025-12-30 10:01:25+05:30,3247.5,1,3246.26,141084,96595.0,103657.0,3250.0,3253.0,3239.8,3251.5,41586650,3576.6,2926.4,4322.95,2866.6,3247.0,40,2,3246.9,7,2,3246.8,4,1,3246.6,108,6,3246.5,81,3,3247.5,9,5,3247.7,1,1,3247.9,300,1,3248.1,19,1,3248.2,9,1
11536,2025-12-30 10:01:25+05:30,3247.0,22,3246.26,141084,96595.0,103657.0,3250.0,3253.0,3239.8,3251.5,41586650,3576.6,2926.4,4322.95,2866.6,3247.0,40,2,3246.9,7,2,3246.8,4,1,3246.6,108,6,3246.5,81,3,3247.5,9,5,3247.7,1,1,3247.9,300,1,3248.1,19,1,3248.2,9,1
11536,2025-12-30 10:01:25+05:30,3247.0,22,3246.26,141130,96652.0,103565.0,3250.0,3253.0,3239.8,3251.5,41586650,3576.6,2926.4,4322.95,2866.6,3247.0,28,3,3246.9,60,5,3246.8,34,3,3246.7,17,1,3246.6,99,6,3247.5,7,5,3247.7,1,1,3247.9,300,1,3248.4,73,6,3248.6,94,7
11536,2025-12-30 10:01:26+05:30,3247.0,1,3246.26,141130,96652.0,103565.0,3250.0,3253.0,3239.8,3251.5,41586650,3576.6,2926.4,4322.95,2866.6,3247.0,28,3,3246.9,60,5,3246.8,34,3,3246.7,17,1,3246.6,99,6,3247.5,7,5,3247.7,1,1,3247.9,300,1,3248.4,73,6,3248.6,94,7
11536,2025-12-30 10:01:26+05:30,3247.0,1,3246.26,141130,96652.0,103565.0,3250.0,3253.0,3239.8,3251.5,41586650,3576.6,2926.4,4322.95,2866.6,3247.0,28,3,3246.9,60,5,3246.8,34,3,3246.7,17,1,3246.6,99,6,3247.5,7,5,3247.7,1,1,3247.9,300,1,3248.4,73,6,3248.6,94,7
11536,2025-12-30 10:01:26+05:30,3247.0,1,3246.26,141149,96631.0,104055.0,3250.0,3253.0,3239.8,3251.5,41586650,3576.6,2926.4,4322.95,2866.6,3247.0,18,2,3246.9,54,4,3246.8,22,2,3246.7,17,1,3246.6,90,5,3247.5,7,7,3247.7,1,1,3247.9,300,1,3248.2,9,1,3248.4,73,6
11536,2025-12-30 10:01:27+05:30,3247.0,6,3246.26,141149,96631.0,104055.0,3250.0,3253.0,3239.8,3251.5,41586650,3576.6,2926.4,4322.95,2866.6,3247.0,18,2,3246.9,54,4,3246.8,22,2,3246.7,17,1,3246.6,90,5,3247.5,7,7,3247.7,1,1,3247.9,300,1,3248.2,9,1,3248.4,73,6
11536,2025-12-30 10:01:27+05:30,3247.5,1,3246.26,141159,96506.0,103125.0,3250.0,3253.0,3239.8,3251.5,41586650,3576.6,2926.4,4322.95,2866.6,3247.0,10,2,3246.9,35,3,3246.8,4,1,3246.6,84,4,3246.5,81,3,3247.5,8,8,3247.7,1,1,3247.9,300,1,3248.1,37,2,3248.4,73,6
11536,2025-12-30 10:01:27+05:30,3247.5,1,3246.26,141159,96506.0,103125.0,3250.0,3253.0,3239.8,3251.5,41586650,3576.6,2926.4,4322.95,2866.6,3247.0,10,2,3246.9,35,3,3246.8,4,1,3246.6,84,4,3246.5,81,3,3247.5,8,8,3247.7,1,1,3247.9,300,1,3248.1,37,2,3248.4,73,6
11536,2025-12-30 10:01:28+05:30,3247.5,1,3246.26,141159,96506.0,103125.0,3250.0,3253.0,3239.8,3251.5,41586650,3576.6,2926.4,4322.95,2866.6,3247.0,10,2,3246.9,35,3,3246.8,4,1,3246.6,84,4,3246.5,81,3,3247.5,8,8,3247.7,1,1,3247.9,300,1,3248.1,37,2,3248.4,73,6
11536,2025-12-30 10:01:29+05:30,3247.5,1,3246.26,141159,96506.0,103125.0,3250.0,3253.0,3239.8,3251.5,41586650,3576.6,2926.4,4322.95,2866.6,3247.0,10,2,3246.9,35,3,3246.8,4,1,3246.6,84,4,3246.5,81,3,3247.5,8,8,3247.7,1,1,3247.9,300,1,3248.1,37,2,3248.4,73,6
11536,2025-12-30 10:01:29+05:30,3247.3,1,3246.26,141159,96506.0,103125.0,3250.0,3253.0,3239.8,3251.5,41586650,3576.6,2926.4,4322.95,2866.6,3247.0,10,2,3246.9,35,3,3246.8,4,1,3246.6,84,4,3246.5,81,3,3247.5,8,8,3247.7,1,1,3247.9,300,1,3248.1,37,2,3248.4,73,6
11536,2025-12-30 10:01:30+05:30,3247.3,1,3246.26,141159,96506.0,103125.0,3250.0,3253.0,3239.8,3251.5,41586650,3576.6,2926.4,4322.95,2866.6,3247.0,10,2,3246.9,35,3,3246.8,4,1,3246.6,84,4,3246.5,81,3,3247.5,8,8,3247.7,1,1,3247.9,300,1,3248.1,37,2,3248.4,73,6
11536,2025-12-30 10:01:30+05:30,3247.0,1,3246.26,141191,96441.0,103500.0,3250.0,3253.0,3239.8,3251.5,41586650,3576.6,2926.4,4322.95,2866.6,3247.0,43,2,3246.9,14,3,3246.8,4,1,3246.7,19,1,3246.6,65,3,3247.3,8,5,3247.5,7,7,3247.7,1,1,3247.9,300,1,3248.0,1,1
11536,2025-12-30 10:01:31+05:30,3247.0,1,3246.26,141191,96441.0,103500.0,3250.0,3253.0,3239.8,3251.5,41586650,3576.6,2926.4,4322.95,2866.6,3247.0,43,2,3246.9,14,3,3246.8,4,1,3246.7,19,1,3246.6,65,3,3247.3,8,5,3247.5,7,7,3247.7,1,1,3247.9,300,1,3248.0,1,1
11536,2025-12-30 10:01:32+05:30,3247.0,1,3246.26,141191,96441.0,103500.0,3250.0,3253.0,3239.8,3251.5,41586650,3576.6,2926.4,4322.95,2866.6,3247.0,43,2,3246.9,14,3,3246.8,4,1,3246.7,19,1,3246.6,65,3,3247.3,8,5,3247.5,7,7,3247.7,1,1,3247.9,300,1,3248.0,1,1
11536,2025-12-30 10:01:33+05:30,3247.0,1,3246.26,141191,96441.0,103500.0,3250.0,3253.0,3239.8,3251.5,41586650,3576.6,2926.4,4322.95,2866.6,3247.0,43,2,3246.9,14,3,3246.8,4,1,3246.7,19,1,3246.6,65,3,3247.3,8,5,3247.5,7,7,3247.7,1,1,3247.9,300,1,3248.0,1,1
11536,2025-12-30 10:01:33+05:30,3247.1,2,3246.26,141191,96441.0,103500.0,3250.0,3253.0,3239.8,3251.5,41586650,3576.6,2926.4,4322.95,2866.6,3247.0,43,2,3246.9,14,3,3246.8,4,1,3246.7,19,1,3246.6,65,3,3247.3,8,5,3247.5,7,7,3247.7,1,1,3247.9,300,1,3248.0,1,1
11536,2025-12-30 10:01:33+05:30,3247.1,2,3246.26,141191,96441.0,103500.0,3250.0,3253.0,3239.8,3251.5,41586650,3576.6,2926.4,4322.95,2866.6,3247.0,43,2,3246.9,14,3,3246.8,4,1,3246.7,19,1,3246.6,65,3,3247.3,8,5,3247.5,7,7,3247.7,1,1,3247.9,300,1,3248.0,1,1
11536,2025-12-30 10:01:34+05:30,3247.1,2,3246.26,141191,96441.0,103500.0,3250.0,3253.0,3239.8,3251.5,41586650,3576.6,2926.4,4322.95,2866.6,3247.0,43,2,3246.9,14,3,3246.8,4,1,3246.7,19,1,3246.6,65,3,3247.3,8,5,3247.5,7,7,3247.7,1,1,3247.9,300,1,3248.0,1,1
11536,2025-12-30 10:01:36+05:30,3247.5,37,3246.26,141292,97232.0,102670.0,3250.0,3253.0,3239.8,3251.5,41586650,3576.6,2926.4,4322.95,2866.6,3247.5,36,1,3247.2,13,1,3247.0,29,3,3246.9,7,2,3246.8,40,3,3247.7,1,1,3248.0,1,1,3248.4,17,4,3248.5,48,2,3248.6,76,6
11536,2025-12-30 10:01:36+05:30,3247.5,37,3246.26,141292,97232.0,102670.0,3250.0,3253.0,3239.8,3251.5,41586650,3576.6,2926.4,4322.95,2866.6,3247.5,36,1,3247.2,13,1,3247.0,29,3,3246.9,7,2,3246.8,40,3,3247.7,1,1,3248.0,1,1,3248.4,17,4,3248.5,48,2,3248.6,76,6
11536,2025-12-30 10:01:37+05:30,3248.6,9,3246.26,141292,97232.0,102670.0,3250.0,3253.0,3239.8,3251.5,41586650,3576.6,2926.4,4322.95,2866.6,3247.5,36,1,3247.2,13,1,3247.0,29,3,3246.9,7,2,3246.8,40,3,3247.7,1,1,3248.0,1,1,3248.4,17,4,3248.5,48,2,3248.6,76,6
11536,2025-12-30 10:01:37+05:30,3248.6,9,3246.26,141292,97232.0,102670.0,3250.0,3253.0,3239.8,3251.5,41586650,3576.6,2926.4,4322.95,2866.6,3247.5,36,1,3247.2,13,1,3247.0,29,3,3246.9,7,2,3246.8,40,3,3247.7,1,1,3248.0,1,1,3248.4,17,4,3248.5,48,2,3248.6,76,6
11536,2025-12-30 10:01:39+05:30,3248.6,9,3246.26,141292,97232.0,102670.0,3250.0,3253.0,3239.8,3251.5,41586650,3576.6,2926.4,4322.95,2866.6,3247.5,36,1,3247.2,13,1,3247.0,29,3,3246.9,7,2,3246.8,40,3,3247.7,1,1,3248.0,1,1,3248.4,17,4,3248.5,48,2,3248.6,76,6
11536,2025-12-30 10:01:41+05:30,3248.6,9,3246.26,141292,97232.0,102670.0,3250.0,3253.0,3239.8,3251.5,41586650,3576.6,2926.4,4322.95,2866.6,3247.5,36,1,3247.2,13,1,3247.0,29,3,3246.9,7,2,3246.8,40,3,3247.7,1,1,3248.0,1,1,3248.4,17,4,3248.5,48,2,3248.6,76,6
11536,2025-12-30 10:01:41+05:30,3248.5,1,3246.26,141292,97232.0,102670.0,3250.0,3253.0,3239.8,3251.5,41586650,3576.6,2926.4,4322.95,2866.6,3247.5,36,1,3247.2,13,1,3247.0,29,3,3246.9,7,2,3246.8,40,3,3247.7,1,1,3248.0,1,1,3248.4,17,4,3248.5,48,2,3248.6,76,6
11536,2025-12-30 10:01:42+05:30,3247.7,14,3246.26,141589,98174.0,101057.0,3250.0,3253.0,3239.8,3251.5,41586650,3576.6,2926.4,4322.95,2866.6,3247.6,60,4,3247.5,108,3,3247.4,26,1,3247.2,18,1,3247.1,53,3,3248.5,6,6,3248.6,7,2,3248.8,72,5,3248.9,57,2,3249.0,31,2
11536,2025-12-30 10:01:42+05:30,3247.7,14,3246.26,141589,98174.0,101057.0,3250.0,3253.0,3239.8,3251.5,41608525,3576.6,2926.4,4322.95,2866.6,3247.6,60,4,3247.5,108,3,3247.4,26,1,3247.2,18,1,3247.1,53,3,3248.5,6,6,3248.6,7,2,3248.8,72,5,3248.9,57,2,3249.0,31,2
11536,2025-12-30 10:01:44+05:30,3247.7,14,3246.26,141589,98174.0,101057.0,3250.0,3253.0,3239.8,3251.5,41608525,3576.6,2926.4,4322.95,2866.6,3247.6,60,4,3247.5,108,3,3247.4,26,1,3247.2,18,1,3247.1,53,3,3248.5,6,6,3248.6,7,2,3248.8,72,5,3248.9,57,2,3249.0,31,2
11536,2025-12-30 10:01:45+05:30,3248.5,1,3246.26,141589,98174.0,101057.0,3250.0,3253.0,3239.8,3251.5,41608525,3576.6,2926.4,4322.95,2866.6,3247.6,60,4,3247.5,108,3,3247.4,26,1,3247.2,18,1,3247.1,53,3,3248.5,6,6,3248.6,7,2,3248.8,72,5,3248.9,57,2,3249.0,31,2
11536,2025-12-30 10:01:48+05:30,3248.5,1,3246.27,141648,99955.0,99748.0,3250.0,3253.0,3239.8,3251.5,41608525,3576.6,2926.4,4322.95,2866.6,3248.4,8,2,3248.0,34,3,3247.6,149,6,3247.5,108,3,3247.3,1,1,3248.5,14,7,3248.6,6,1,3248.8,14,2,3248.9,75,3,3249.0,63,4
11536,2025-12-30 10:01:49+05:30,3248.4,2,3246.27,141648,99955.0,99748.0,3250.0,3253.0,3239.8,3251.5,41608525,3576.6,2926.4,4322.95,2866.6,3248.4,8,2,3248.0,34,3,3247.6,149,6,3247.5,108,3,3247.3,1,1,3248.5,14,7,3248.6,6,1,3248.8,14,2,3248.9,75,3,3249.0,63,4
11536,2025-12-30 10:01:53+05:30,3248.5,1,3246.27,141648,99955.0,99748.0,3250.0,3253.0,3239.8,3251.5,41608525,3576.6,2926.4,4322.95,2866.6,3248.4,8,2,3248.0,34,3,3247.6,149,6,3247.5,108,3,3247.3,1,1,3248.5,14,7,3248.6,6,1,3248.8,14,2,3248.9,75,3,3249.0,63,4
11536,2025-12-30 10:01:54+05:30,3248.4,1,3246.27,141701,99595.0,100344.0,3250.0,3253.0,3239.8,3251.5,41608525,3576.6,2926.4,4322.95,2866.6,3248.4,103,3,3248.0,37,2,3247.6,47,5,3247.5,58,2,3247.2,93,5,3248.5,4,4,3248.7,10,1,3248.8,21,2,3248.9,42,3,3249.0,60,3
11536,2025-12-30 10:01:57+05:30,3248.9,2,3246.27,141701,99595.0,100344.0,3250.0,3253.0,3239.8,3251.5,41608525,3576.6,2926.4,4322.95,2866.6,3248.4,103,3,3248.0,37,2,3247.6,47,5,3247.5,58,2,3247.2,93,5,3248.5,4,4,3248.7,10,1,3248.8,21,2,3248.9,42,3,3249.0,60,3
11536,2025-12-30 10:02:00+05:30,3248.5,10,3246.27,141843,101189.0,99928.0,3250.0,3253.0,3239.8,3251.5,41608525,3576.6,2926.4,4322.95,2866.6,3248.5,961,2,3248.4,67,4,3248.3,8,1,3248.0,40,3,3247.8,1,1,3249.0,12,4,3249.1,8,1,3249.2,25,2,3249.3,26,2,3249.4,149,7
11536,2025-12-30 10:02:01+05:30,3249.0,2,3246.27,141843,101189.0,99928.0,3250.0,3253.0,3239.8,3251.5,41608525,3576.6,2926.4,4322.95,2866.6,3248.5,961,2,3248.4,67,4,3248.3,8,1,3248.0,40,3,3247.8,1,1,3249.0,12,4,3249.1,8,1,3249.2,25,2,3249.3,26,2,3249.4,149,7
11536,2025-12-30 10:02:05+05:30,3249.5,1,3246.27,141843,101189.0,99928.0,3250.0,3253.0,3239.8,3251.5,41608525,3576.6,2926.4,4322.95,2866.6,3248.5,961,2,3248.4,67,4,3248.3,8,1,3248.0,40,3,3247.8,1,1,3249.0,12,4,3249.1,8,1,3249.2,25,2,3249.3,26,2,3249.4,149,7
11536,2025-12-30 10:02:06+05:30,3249.5,1,3246.27,142141,106316.0,93822.0,3250.0,3253.0,3239.8,3251.5,41608525,3576.6,2926.4,4322.95,2866.6,3249.6,63,4,3249.5,56,4,3249.3,30,2,3249.2,8,1,3249.1,51,4,3249.9,11,2,3250.0,1084,20,3250.3,1,1,3250.5,9,1,3250.6,20,1
11536,2025-12-30 10:02:09+05:30,3249.8,13,3246.27,142141,106316.0,93822.0,3250.0,3253.0,3239.8,3251.5,41608525,3576.6,2926.4,4322.95,2866.6,3249.6,63,4,3249.5,56,4,3249.3,30,2,3249.2,8,1,3249.1,51,4,3249.9,11,2,3250.0,1084,20,3250.3,1,1,3250.5,9,1,3250.6,20,1
11536,2025-12-30 10:02:12+05:30,3249.6,17,3246.28,142283,105042.0,94925.0,3250.0,3253.0,3239.8,3251.5,41608525,3576.6,2926.4,4322.95,2866.6,3249.6,118,2,3249.5,4,1,3249.4,2,1,3249.3,1,1,3249.1,11,1,3249.8,5,4,3249.9,7,4,3250.0,1085,21,3250.3,1,1,3250.4,37,2
11536,2025-12-30 10:02:13+05:30,3249.6,17,3246.28,142283,105042.0,94925.0,3250.0,3253.0,3239.8,3251.5,41608525,3576.6,2926.4,4322.95,2866.6,3249.6,118,2,3249.5,4,1,3249.4,2,1,3249.3,1,1,3249.1,11,1,3249.8,5,4,3249.9,7,4,3250.0,1085,21,3250.3,1,1,3250.4,37,2
11536,2025-12-30 10:02:17+05:30,3249.6,3,3246.28,142283,105042.0,94925.0,3250.0,3253.0,3239.8,3251.5,41608525,3576.6,2926.4,4322.95,2866.6,3249.6,118,2,3249.5,4,1,3249.4,2,1,3249.3,1,1,3249.1,11,1,3249.8,5,4,3249.9,7,4,3250.0,1085,21,3250.3,1,1,3250.4,37,2
11536,2025-12-30 10:02:18+05:30,3249.8,1,3246.28,142383,105744.0,94439.0,3250.0,3253.0,3239.8,3251.5,41608525,3576.6,2926.4,4322.95,2866.6,3249.6,79,4,3249.5,88,4,3249.4,31,4,3249.3,1,1,3249.2,41,3,3249.8,6,6,3249.9,5,2,3250.0,1084,20,3250.3,1,1,3250.5,9,1
11536,2025-12-30 10:02:21+05:30,3249.7,2,3246.28,142383,105744.0,94439.0,3250.0,3253.0,3239.8,3251.5,41608525,3576.6,2926.4,4322.95,2866.6,3249.6,79,4,3249.5,88,4,3249.4,31,4,3249.3,1,1,3249.2,41,3,3249.8,6,6,3249.9,5,2,3250.0,1084,20,3250.3,1,1,3250.5,9,1
11536,2025-12-30 10:02:24+05:30,3249.7,1,3246.28,142416,105772.0,94305.0,3250.0,3253.0,3239.8,3251.5,41608525,3576.6,2926.4,4322.95,2866.6,3249.7,9,1,3249.6,63,5,3249.5,68,3,3249.4,56,2,3249.3,8,2,3249.8,7,7,3249.9,5,2,3250.0,1084,20,3250.3,1,1,3250.4,47,2
11536,2025-12-30 10:02:25+05:30,3250.0,1,3246.28,142416,105772.0,94305.0,3250.0,3253.0,3239.8,3251.5,41608525,3576.6,2926.4,4322.95,2866.6,3249.7,9,1,3249.6,63,5,3249.5,68,3,3249.4,56,2,3249.3,8,2,3249.8,7,7,3249.9,5,2,3250.0,1084,20,3250.3,1,1,3250.4,47,2
11536,2025-12-30 10:02:28+05:30,3249.8,1,3246.29,142754,106477.0,93724.0,3250.0,3253.0,3239.8,3251.5,41608525,3576.6,2926.4,4322.95,2866.6,3249.7,54,4,3249.6,99,8,3249.5,58,2,3249.4,90,4,3249.3,1,1,3250.0,897,25,3250.3,1,1,3250.5,9,1,3250.7,1,1,3250.8,29,2
11536,2025-12-30 10:02:28+05:30,3249.8,1,3246.29,142754,106477.0,93724.0,3250.0,3253.0,3239.8,3251.5,41608525,3576.6,2926.4,4322.95,2866.6,3249.7,54,4,3249.6,99,8,3249.5,58,2,3249.4,90,4,3249.3,1,1,3250.0,897,25,3250.3,1,1,3250.5,9,1,3250.7,1,1,3250.8,29,2
11536,2025-12-30 10:02:29+05:30,3249.9,1,3246.29,142775,106759.0,93309.0,3250.0,3253.0,3239.8,3251.5,41608525,3576.6,2926.4,4322.95,2866.6,3249.9,12,1,3249.7,74,4,3249.6,99,8,3249.5,58,2,3249.4,90,4,3250.0,897,26,3250.3,1,1,3250.5,9,1,3250.6,17,1,3250.7,1,1
11536,2025-12-30 10:02:29+05:30,3249.9,1,3246.29,142775,106759.0,93309.0,3250.0,3253.0,3239.8,3251.5,41608525,3576.6,2926.4,4322.95,2866.6,3249.9,12,1,3249.7,74,4,3249.6,99,8,3249.5,58,2,3249.4,90,4,3250.0,897,26,3250.3,1,1,3250.5,9,1,3250.6,17,1,3250.7,1,1
11536,2025-12-30 10:02:30+05:30,3249.9,13,3246.29,142802,106754.0,93692.0,3250.0,3253.0,3239.8,3251.5,41608525,3576.6,2926.4,4322.95,2866.6,3249.9,13,1,3249.7,64,3,3249.6,99,8,3249.5,68,3,3249.4,90,4,3250.0,896,27,3250.3,1,1,3250.5,9,1,3250.6,17,1,3250.7,1,1
11536,2025-12-30 10:02:30+05:30,3249.9,13,3246.29,142802,106754.0,93692.0,3250.0,3253.0,3239.8,3251.5,41608525,3576.6,2926.4,4322.95,2866.6,3249.9,13,1,3249.7,64,3,3249.6,99,8,3249.5,68,3,3249.4,90,4,3250.0,896,27,3250.3,1,1,3250.5,9,1,3250.6,17,1,3250.7,1,1
11536,2025-12-30 10:02:31+05:30,3250.0,1,3246.29,142819,105254.0,93564.0,3250.0,3253.0,3239.8,3251.5,41608525,3576.6,2926.4,4322.95,2866.6,3249.9,12,1,3249.7,69,3,3249.6,99,8,3249.5,58,2,3249.4,90,4,3250.0,894,26,3250.3,1,1,3250.5,9,1,3250.6,47,2,3250.7,1,1
11536,2025-12-30 10:02:31+05:30,3250.0,1,3246.29,142819,105254.0,93564.0,3250.0,3253.0,3239.8,3251.5,41608525,3576.6,2926.4,4322.95,2866.6,3249.9,12,1,3249.7,69,3,3249.6,99,8,3249.5,58,2,3249.4,90,4,3250.0,894,26,3250.3,1,1,3250.5,9,1,3250.6,47,2,3250.7,1,1
11536,2025-12-30 10:02:32+05:30,3249.9,4,3246.29,142819,105254.0,93564.0,3250.0,3253.0,3239.8,3251.5,41608525,3576.6,2926.4,4322.95,2866.6,3249.9,12,1,3249.7,69,3,3249.6,99,8,3249.5,58,2,3249.4,90,4,3250.0,894,26,3250.3,1,1,3250.5,9,1,3250.6,47,2,3250.7,1,1
11536,2025-12-30 10:02:32+05:30,3249.9,4,3246.29,142832,106070.0,94442.0,3250.0,3253.0,3239.8,3251.5,41608525,3576.6,2926.4,4322.95,2866.6,3249.9,15,2,3249.7,61,3,3249.6,99,8,3249.5,69,3,3249.4,57,3,3250.0,1626,26,3250.3,1,1,3250.5,18,2,3250.6,55,3,3250.7,18,3
11536,2025-12-30 10:02:33+05:30,3249.9,5,3246.29,142832,106070.0,94442.0,3250.0,3253.0,3239.8,3251.5,41608525,3576.6,2926.4,4322.95,2866.6,3249.9,15,2,3249.7,61,3,3249.6,99,8,3249.5,69,3,3249.4,57,3,3250.0,1626,26,3250.3,1,1,3250.5,18,2,3250.6,55,3,3250.7,18,3
11536,2025-12-30 10:02:33+05:30,3249.9,5,3246.29,142872,104929.0,94831.0,3250.0,3253.0,3239.8,3251.5,41608525,3576.6,2926.4,4322.95,2866.6,3249.9,52,3,3249.7,72,4,3249.6,99,8,3249.5,58,2,3249.4,57,3,3250.0,1601,22,3250.3,1,1,3250.5,9,1,3250.6,47,2,3250.7,13,2
11536,2025-12-30 10:02:34+05:30,3249.9,2,3246.29,142872,104929.0,94831.0,3250.0,3253.0,3239.8,3251.5,41608525,3576.6,2926.4,4322.95,2866.6,3249.9,52,3,3249.7,72,4,3249.6,99,8,3249.5,58,2,3249.4,57,3,3250.0,1601,22,3250.3,1,1,3250.5,9,1,3250.6,47,2,3250.7,13,2
11536,2025-12-30 10:02:34+05:30,3249.9,3,3246.29,142880,106328.0,92300.0,3250.0,3253.0,3239.8,3251.5,41608525,3576.6,2926.4,4322.95,2866.6,3249.9,59,3,3249.7,72,4,3249.6,99,8,3249.5,58,2,3249.4,57,3,3250.0,1599,20,3250.3,1,1,3250.5,9,1,3250.6,47,2,3250.7,1,1
11536,2025-12-30 10:02:35+05:30,3250.0,4,3246.29,142880,106328.0,92300.0,3250.0,3253.0,3239.8,3251.5,41608525,3576.6,2926.4,4322.95,2866.6,3249.9,59,3,3249.7,72,4,3249.6,99,8,3249.5,58,2,3249.4,57,3,3250.0,1599,20,3250.3,1,1,3250.5,9,1,3250.6,47,2,3250.7,1,1
11536,2025-12-30 10:02:35+05:30,3249.9,3,3246.29,142897,105599.0,94446.0,3250.0,3253.0,3239.8,3251.5,41608525,3576.6,2926.4,4322.95,2866.6,3249.9,47,3,3249.7,71,4,3249.6,99,8,3249.5,58,2,3249.4,57,3,3250.0,1596,22,3250.3,1,1,3250.4,16,1,3250.5,39,2,3250.6,35,3
11536,2025-12-30 10:02:36+05:30,3249.9,2,3246.29,142897,105599.0,94446.0,3250.0,3253.0,3239.8,3251.5,41608525,3576.6,2926.4,4322.95,2866.6,3249.9,47,3,3249.7,71,4,3249.6,99,8,3249.5,58,2,3249.4,57,3,3250.0,1596,22,3250.3,1,1,3250.4,16,1,3250.5,39,2,3250.6,35,3
11536,2025-12-30 10:02:36+05:30,3249.9,8,3246.29,142907,106046.0,94790.0,3250.0,3253.0,3239.8,3251.5,41608525,3576.6,2926.4,4322.95,2866.6,3249.9,47,4,3249.7,61,3,3249.6,99,8,3249.5,58,2,3249.4,57,3,3250.0,1597,23,3250.3,1,1,3250.4,16,1,3250.5,39,2,3250.6,28,2
11536,2025-12-30 10:02:37+05:30,3249.9,1,3246.29,142907,106046.0,94790.0,3250.0,3253.0,3239.8,3251.5,41608525,3576.6,2926.4,4322.95,2866.6,3249.9,47,4,3249.7,61,3,3249.6,99,8,3249.5,58,2,3249.4,57,3,3250.0,1597,23,3250.3,1,1,3250.4,16,1,3250.5,39,2,3250.6,28,2
11536,2025-12-30 10:02:37+05:30,3249.9,2,3246.29,142916,106219.0,94957.0,3250.0,3253.0,3239.8,3251.5,41608525,3576.6,2926.4,4322.95,2866.6,3249.9,28,3,3249.7,71,4,3249.6,99,8,3249.5,65,3,3249.4,57,3,3250.0,1597,23,3250.3,1,1,3250.4,16,1,3250.5,9,1,3250.6,58,3
11536,2025-12-30 10:02:38+05:30,3249.9,2,3246.29,142916,106219.0,94957.0,3250.0,3253.0,3239.8,3251.5,41608525,3576.6,2926.4,4322.95,2866.6,3249.9,28,3,3249.7,71,4,3249.6,99,8,3249.5,65,3,3249.4,57,3,3250.0,1597,23,3250.3,1,1,3250.4,16,1,3250.5,9,1,3250.6,58,3
11536,2025-12-30 10:02:38+05:30,3249.9,3,3246.29,142929,106265.0,94506.0,3250.0,3253.0,3239.8,3251.5,41608525,3576.6,2926.4,4322.95,2866.6,3249.9,16,3,3249.7,71,4,3249.6,99,8,3249.5,58,2,3249.4,57,3,3250.0,1597,24,3250.3,1,1,3250.4,16,1,3250.5,39,2,3250.6,17,2
11536,2025-12-30 10:02:39+05:30,3249.9,1,3246.29,142929,106265.0,94506.0,3250.0,3253.0,3239.8,3251.5,41608525,3576.6,2926.4,4322.95,2866.6,3249.9,16,3,3249.7,71,4,3249.6,99,8,3249.5,58,2,3249.4,57,3,3250.0,1597,24,3250.3,1,1,3250.4,16,1,3250.5,39,2,3250.6,17,2
11536,2025-12-30 10:02:39+05:30,3249.9,1,3246.29,142957,106268.0,95205.0,3250.0,3253.0,3239.8,3251.5,41608525,3576.6,2926.4,4322.95,2866.6,3249.9,13,2,3249.7,72,4,3249.6,99,8,3249.5,58,2,3249.4,57,3,3250.0,1597,24,3250.3,24,3,3250.4,30,1,3250.5,9,1,3250.6,17,2
11536,2025-12-30 10:02:40+05:30,3249.9,1,3246.29,142957,106268.0,95205.0,3250.0,3253.0,3239.8,3251.5,41608525,3576.6,2926.4,4322.95,2866.6,3249.9,13,2,3249.7,72,4,3249.6,99,8,3249.5,58,2,3249.4,57,3,3250.0,1597,24,3250.3,24,3,3250.4,30,1,3250.5,9,1,3250.6,17,2
11536,2025-12-30 10:02:40+05:30,3249.9,1,3246.3,143176,106066.0,94899.0,3250.0,3253.0,3239.8,3251.5,41608525,3576.6,2926.4,4322.95,2866.6,3249.9,16,3,3249.7,61,3,3249.6,107,9,3249.5,58,2,3249.4,65,4,3250.0,1394,23,3250.3,1,1,3250.5,25,2,3250.6,10,1,3250.7,1,1
11536,2025-12-30 10:02:41+05:30,3249.9,1,3246.3,143176,106066.0,94899.0,3250.0,3253.0,3239.8,3251.5,41608525,3576.6,2926.4,4322.95,2866.6,3249.9,16,3,3249.7,61,3,3249.6,107,9,3249.5,58,2,3249.4,65,4,3250.0,1394,23,3250.3,1,1,3250.5,25,2,3250.6,10,1,3250.7,1,1
11536,2025-12-30 10:02:41+05:30,3249.9,1,3246.3,143188,106212.0,94955.0,3250.0,3253.0,3239.8,3251.5,41608525,3576.6,2926.4,4322.95,2866.6,3249.9,1,1,3249.7,71,4,3249.6,99,8,3249.5,58,2,3249.4,57,3,3250.0,1391,20,3250.3,1,1,3250.4,16,1,3250.5,9,1,3250.6,42,2
11536,2025-12-30 10:02:42+05:30,3249.9,1,3246.3,143188,106212.0,94955.0,3250.0,3253.0,3239.8,3251.5,41608525,3576.6,2926.4,4322.95,2866.6,3249.9,1,1,3249.7,71,4,3249.6,99,8,3249.5,58,2,3249.4,57,3,3250.0,1391,20,3250.3,1,1,3250.4,16,1,3250.5,9,1,3250.6,42,2
11536,2025-12-30 10:02:42+05:30,3249.9,10,3246.3,143249,105521.0,95178.0,3250.0,3253.0,3239.8,3251.5,41608525,3576.6,2926.4,4322.95,2866.6,3249.7,71,4,3249.6,63,5,3249.5,58,2,3249.4,57,3,3249.3,1,1,3249.9,7,1,3250.0,1385,20,3250.3,17,2,3250.5,41,2,3250.6,10,1
11536,2025-12-30 10:02:43+05:30,3249.9,4,3246.3,143249,105521.0,95178.0,3250.0,3253.0,3239.8,3251.5,41608525,3576.6,2926.4,4322.95,2866.6,3249.7,71,4,3249.6,63,5,3249.5,58,2,3249.4,57,3,3249.3,1,1,3249.9,7,1,3250.0,1385,20,3250.3,17,2,3250.5,41,2,3250.6,10,1
11536,2025-12-30 10:02:43+05:30,3249.7,3,3246.31,143402,105515.0,94883.0,3250.0,3253.0,3239.8,3251.5,41608525,3576.6,2926.4,4322.95,2866.6,3249.7,13,2,3249.6,63,5,3249.5,58,2,3249.4,65,4,3249.3,1,1,3249.9,28,7,3250.0,1378,17,3250.3,17,2,3250.5,9,1,3250.6,10,1
11536,2025-12-30 10:02:44+05:30,3249.7,3,3246.31,143402,105515.0,94883.0,3250.0,3253.0,3239.8,3251.5,41608525,3576.6,2926.4,4322.95,2866.6,3249.7,13,2,3249.6,63,5,3249.5,58,2,3249.4,65,4,3249.3,1,1,3249.9,28,7,3250.0,1378,17,3250.3,17,2,3250.5,9,1,3250.6,10,1
11536,2025-12-30 10:02:44+05:30,3249.7,4,3246.31,143427,105674.0,94277.0,3250.0,3253.0,3239.8,3251.5,41608525,3576.6,2926.4,4322.95,2866.6,3249.7,3,1,3249.6,86,6,3249.5,58,2,3249.4,57,3,3249.3,9,2,3249.9,34,7,3250.0,643,14,3250.3,1,1,3250.5,9,1,3250.6,26,2
11536,2025-12-30 10:02:45+05:30,3249.6,18,3246.31,143427,105674.0,94277.0,3250.0,3253.0,3239.8,3251.5,41608525,3576.6,2926.4,4322.95,2866.6,3249.7,3,1,3249.6,86,6,3249.5,58,2,3249.4,57,3,3249.3,9,2,3249.9,34,7,3250.0,643,14,3250.3,1,1,3250.5,9,1,3250.6,26,2
11536,2025-12-30 10:02:45+05:30,3249.7,1,3246.31,143491,105443.0,93148.0,3250.0,3253.0,3239.8,3251.5,41608525,3576.6,2926.4,4322.95,2866.6,3249.6,46,5,3249.5,58,2,3249.4,57,3,3249.3,1,1,3249.2,8,1,3249.7,6,3,3249.9,24,6,3250.0,642,13,3250.1,1,1,3250.3,1,1
11536,2025-12-30 10:02:46+05:30,3249.6,21,3246.31,143491,105443.0,93148.0,3250.0,3253.0,3239.8,3251.5,41608525,3576.6,2926.4,4322.95,2866.6,3249.6,46,5,3249.5,58,2,3249.4,57,3,3249.3,1,1,3249.2,8,1,3249.7,6,3,3249.9,24,6,3250.0,642,13,3250.1,1,1,3250.3,1,1
11536,2025-12-30 10:02:46+05:30,3249.6,7,3246.31,143548,105457.0,96049.0,3250.0,3253.0,3239.8,3251.5,41608525,3576.6,2926.4,4322.95,2866.6,3249.6,26,3,3249.5,58,2,3249.4,57,3,3249.3,1,1,3249.0,25,3,3249.7,27,10,3249.9,1,1,3250.0,642,13,3250.1,1,1,3250.3,1,1
11536,2025-12-30 10:02:47+05:30,3249.6,5,3246.31,143548,105457.0,96049.0,3250.0,3253.0,3239.8,3251.5,41608525,3576.6,2926.4,4322.95,2866.6,3249.6,26,3,3249.5,58,2,3249.4,57,3,3249.3,1,1,3249.0,25,3,3249.7,27,10,3249.9,1,1,3250.0,642,13,3250.1,1,1,3250.3,1,1
11536,2025-12-30 10:02:47+05:30,3249.6,3,3246.31,143569,104669.0,96683.0,3250.0,3253.0,3239.8,3251.5,41608525,3576.6,2926.4,4322.95,2866.6,3249.6,32,3,3249.5,58,2,3249.4,57,3,3249.3,1,1,3249.0,1,1,3249.7,26,11,3249.9,50,1,3250.0,642,13,3250.1,1,1,3250.3,41,3
11536,2025-12-30 10:02:48+05:30,3249.6,3,3246.31,143569,104669.0,96683.0,3250.0,3253.0,3239.8,3251.5,41608525,3576.6,2926.4,4322.95,2866.6,3249.6,32,3,3249.5,58,2,3249.4,57,3,3249.3,1,1,3249.0,1,1,3249.7,26,11,3249.9,50,1,3250.0,642,13,3250.1,1,1,3250.3,41,3
11536,2025-12-30 10:02:48+05:30,3249.7,2,3246.31,143661,104745.0,97239.0,3250.0,3253.0,3239.8,3251.5,41608525,3576.6,2926.4,4322.95,2866.6,3249.7,1,1,3249.6,8,2,3249.5,58,2,3249.4,57,3,3249.3,1,1,3249.9,66,2,3250.0,642,13,3250.1,1,1,3250.2,48,2,3250.3,1,1
11536,2025-12-30 10:02:49+05:30,3249.9,1,3246.31,143661,104745.0,97239.0,3250.0,3253.0,3239.8,3251.5,41608525,3576.6,2926.4,4322.95,2866.6,3249.7,1,1,3249.6,8,2,3249.5,58,2,3249.4,57,3,3249.3,1,1,3249.9,66,2,3250.0,642,13,3250.1,1,1,3250.2,48,2,3250.3,1,1
11536,2025-12-30 10:02:49+05:30,3249.9,4,3246.31,143666,104850.0,97332.0,3250.0,3253.0,3239.8,3251.5,41608525,3576.6,2926.4,4322.95,2866.6,3249.7,1,1,3249.6,8,2,3249.5,58,2,3249.4,57,3,3249.3,1,1,3249.9,169,6,3250.0,642,13,3250.1,1,1,3250.2,56,3,3250.3,1,1
11536,2025-12-30 10:02:50+05:30,3249.9,4,3246.31,143666,104850.0,97332.0,3250.0,3253.0,3239.8,3251.5,41608525,3576.6,2926.4,4322.95,2866.6,3249.7,1,1,3249.6,8,2,3249.5,58,2,3249.4,57,3,3249.3,1,1,3249.9,169,6,3250.0,642,13,3250.1,1,1,3250.2,56,3,3250.3,1,1
11536,2025-12-30 10:02:50+05:30,3249.9,2,3246.31,143668,104850.0,97261.0,3250.0,3253.0,3239.8,3251.5,41608525,3576.6,2926.4,4322.95,2866.6,3249.8,1,1,3249.6,8,2,3249.5,58,2,3249.4,57,3,3249.3,1,1,3249.9,169,8,3250.0,642,13,3250.1,1,1,3250.2,16,1,3250.3,1,1
11536,2025-12-30 10:02:51+05:30,3250.0,71,3246.31,143668,104850.0,97261.0,3250.0,3253.0,3239.8,3251.5,41608525,3576.6,2926.4,4322.95,2866.6,3249.8,1,1,3249.6,8,2,3249.5,58,2,3249.4,57,3,3249.3,1,1,3249.9,169,8,3250.0,642,13,3250.1,1,1,3250.2,16,1,3250.3,1,1
11536,2025-12-30 10:02:51+05:30,3249.8,100,3246.32,144079,104008.0,95907.0,3250.0,3253.0,3239.8,3251.5,41608525,3576.6,2926.4,4322.95,2866.6,3249.8,3,1,3249.6,8,2,3249.5,58,2,3249.4,57,3,3249.3,50,3,3250.0,552,11,3250.1,1,1,3250.3,1,1,3250.5,9,1,3250.7,1,1
11536,2025-12-30 10:02:52+05:30,3249.8,100,3246.32,144079,104008.0,95907.0,3250.0,3253.0,3239.8,3251.5,41608525,3576.6,2926.4,4322.95,2866.6,3249.8,3,1,3249.6,8,2,3249.5,58,2,3249.4,57,3,3249.3,50,3,3250.0,552,11,3250.1,1,1,3250.3,1,1,3250.5,9,1,3250.7,1,1
11536,2025-12-30 10:02:53+05:30,3249.8,100,3246.32,144079,105769.0,94438.0,3250.0,3253.0,3239.8,3251.5,41608525,3576.6,2926.4,4322.95,2866.6,3249.9,3,1,3249.6,104,5,3249.5,58,2,3249.4,84,5,3249.3,70,4,3250.0,557,13,3250.1,1,1,3250.3,1,1,3250.5,9,1,3250.6,16,1
11536,2025-12-30 10:02:54+05:30,3249.9,1,3246.32,144083,106072.0,92333.0,3250.0,3253.0,3239.8,3251.5,41608525,3576.6,2926.4,4322.95,2866.6,3249.6,17,3,3249.5,75,3,3249.4,110,6,3249.3,23,3,3249.2,10,1,3249.9,10,4,3250.0,1001,13,3250.1,1,1,3250.3,1,1,3250.5,9,1
11536,2025-12-30 10:02:54+05:30,3249.9,1,3246.32,144083,106072.0,92333.0,3250.0,3253.0,3239.8,3251.5,41608525,3576.6,2926.4,4322.95,2866.6,3249.6,17,3,3249.5,75,3,3249.4,110,6,3249.3,23,3,3249.2,10,1,3249.9,10,4,3250.0,1001,13,3250.1,1,1,3250.3,1,1,3250.5,9,1
11536,2025-12-30 10:02:55+05:30,3249.9,1,3246.32,144168,103917.0,96543.0,3250.0,3253.0,3239.8,3251.5,41608525,3576.6,2926.4,4322.95,2866.6,3249.5,20,2,3249.4,118,4,3249.3,1,1,3249.2,9,1,3249.0,9,1,3249.9,55,7,3250.0,992,11,3250.1,1,1,3250.2,27,2,3250.3,34,2
11536,2025-12-30 10:02:55+05:30,3249.9,1,3246.32,144168,103917.0,96543.0,3250.0,3253.0,3239.8,3251.5,41608525,3576.6,2926.4,4322.95,2866.6,3249.5,20,2,3249.4,118,4,3249.3,1,1,3249.2,9,1,3249.0,9,1,3249.9,55,7,3250.0,992,11,3250.1,1,1,3250.2,27,2,3250.3,34,2
11536,2025-12-30 10:02:56+05:30,3249.4,29,3246.33,144249,104060.0,96708.0,3250.0,3253.0,3239.8,3251.5,41608525,3576.6,2926.4,4322.95,2866.6,3249.4,33,4,3249.3,1,1,3249.2,9,1,3249.0,15,2,3248.8,105,7,3249.5,12,3,3249.9,53,8,3250.0,992,11,3250.1,1,1,3250.3,1,1
11536,2025-12-30 10:02:56+05:30,3249.4,1,3246.33,144249,104060.0,96708.0,3250.0,3253.0,3239.8,3251.5,41608525,3576.6,2926.4,4322.95,2866.6,3249.4,33,4,3249.3,1,1,3249.2,9,1,3249.0,15,2,3248.8,105,7,3249.5,12,3,3249.9,53,8,3250.0,992,11,3250.1,1,1,3250.3,1,1
11536,2025-12-30 10:02:57+05:30,3249.4,1,3246.33,144277,103878.0,96419.0,3250.0,3253.0,3239.8,3251.5,41608525,3576.6,2926.4,4322.95,2866.6,3249.4,3,2,3249.3,1,1,3248.8,33,3,3248.7,17,2,3248.6,142,6,3249.5,15,6,3249.9,48,5,3250.0,1007,11,3250.1,12,2,3250.2,59,2
11536,2025-12-30 10:02:57+05:30,3249.4,1,3246.33,144277,103878.0,96419.0,3250.0,3253.0,3239.8,3251.5,41608525,3576.6,2926.4,4322.95,2866.6,3249.4,3,2,3249.3,1,1,3248.8,33,3,3248.7,17,2,3248.6,142,6,3249.5,15,6,3249.9,48,5,3250.0,1007,11,3250.1,12,2,3250.2,59,2
11536,2025-12-30 10:02:58+05:30,3249.3,4,3246.33,144294,103049.0,96808.0,3250.0,3253.0,3239.8,3251.5,41608525,3576.6,2926.4,4322.95,2866.6,3248.7,82,3,3248.6,59,5,3248.5,962,4,3248.4,50,7,3248.3,81,6,3249.2,4,3,3249.3,3,2,3249.4,10,3,3249.5,5,5,3249.9,43,1
11536,2025-12-30 10:02:58+05:30,3249.3,4,3246.33,144294,103049.0,96808.0,3250.0,3253.0,3239.8,3251.5,41608525,3576.6,2926.4,4322.95,2866.6,3248.7,82,3,3248.6,59,5,3248.5,962,4,3248.4,50,7,3248.3,81,6,3249.2,4,3,3249.3,3,2,3249.4,10,3,3249.5,5,5,3249.9,43,1
11536,2025-12-30 10:02:59+05:30,3248.7,9,3246.33,144319,103104.0,95764.0,3250.0,3253.0,3239.8,3251.5,41608525,3576.6,2926.4,4322.95,2866.6,3248.7,133,5,3248.6,67,4,3248.5,962,4,3248.4,34,6,3248.3,81,6,3249.2,5,4,3249.3,3,2,3249.4,10,3,3249.5,2,2,3249.9,43,1
11536,2025-12-30 10:02:59+05:30,3248.7,9,3246.33,144319,103104.0,95764.0,3250.0,3253.0,3239.8,3251.5,41608525,3576.6,2926.4,4322.95,2866.6,3248.7,133,5,3248.6,67,4,3248.5,962,4,3248.4,34,6,3248.3,81,6,3249.2,5,4,3249.3,3,2,3249.4,10,3,3249.5,2,2,3249.9,43,1
11536,2025-12-30 10:03:00+05:30,3250.0,17,3246.33,144319,103104.0,95764.0,3250.0,3253.0,3239.8,3251.5,41608525,3576.6,2926.4,4322.95,2866.6,3248.7,133,5,3248.6,67,4,3248.5,962,4,3248.4,34,6,3248.3,81,6,3249.2,5,4,3249.3,3,2,3249.4,10,3,3249.5,2,2,3249.9,43,1
11536,2025-12-30 10:03:00+05:30,3250.0,17,3246.33,144507,104052.0,95124.0,3250.0,3253.0,3239.8,3251.5,41608525,3576.6,2926.4,4322.95,2866.6,3249.2,28,3,3249.0,27,2,3248.9,25,1,3248.8,96,6,3248.7,148,4,3249.9,61,4,3250.0,965,8,3250.1,1,1,3250.3,1,1,3250.5,9,1
11536,2025-12-30 10:03:01+05:30,3249.9,1,3246.33,144507,104052.0,95124.0,3250.0,3253.0,3239.8,3251.5,41608525,3576.6,2926.4,4322.95,2866.6,3249.2,28,3,3249.0,27,2,3248.9,25,1,3248.8,96,6,3248.7,148,4,3249.9,61,4,3250.0,965,8,3250.1,1,1,3250.3,1,1,3250.5,9,1
11536,2025-12-30 10:03:01+05:30,3249.9,1,3246.33,144508,104698.0,96940.0,3250.0,3253.0,3239.8,3251.5,41608525,3576.6,2926.4,4322.95,2866.6,3249.3,87,3,3249.2,41,3,3249.0,57,3,3248.9,25,1,3248.8,96,6,3249.9,60,4,3250.0,965,8,3250.1,1,1,3250.3,1,1,3250.5,9,1
11536,2025-12-30 10:03:02+05:30,3249.3,36,3246.33,144544,104600.0,93553.0,3250.0,3253.0,3239.8,3251.5,41608525,3576.6,2926.4,4322.95,2866.6,3249.3,26,2,3249.2,41,3,3249.0,63,4,3248.9,25,1,3248.8,96,6,3249.9,3,1,3250.0,965,8,3250.1,1,1,3250.2,20,1,3250.3,1,1
11536,2025-12-30 10:03:03+05:30,3249.9,1,3246.33,144544,104600.0,93553.0,3250.0,3253.0,3239.8,3251.5,41608525,3576.6,2926.4,4322.95,2866.6,3249.3,26,2,3249.2,41,3,3249.0,63,4,3248.9,25,1,3248.8,96,6,3249.9,3,1,3250.0,965,8,3250.1,1,1,3250.2,20,1,3250.3,1,1
11536,2025-12-30 10:03:03+05:30,3249.4,11,3246.33,144574,104614.0,95984.0,3250.0,3253.0,3239.8,3251.5,41608525,3576.6,2926.4,4322.95,2866.6,3249.4,43,4,3249.3,21,1,3249.2,35,2,3249.0,63,4,3248.9,59,2,3249.9,3,2,3250.0,965,8,3250.1,1,1,3250.2,20,1,3250.3,1,1
11536,2025-12-30 10:03:04+05:30,3249.9,1,3246.33,144574,104614.0,95984.0,3250.0,3253.0,3239.8,3251.5,41608525,3576.6,2926.4,4322.95,2866.6,3249.4,43,4,3249.3,21,1,3249.2,35,2,3249.0,63,4,3248.9,59,2,3249.9,3,2,3250.0,965,8,3250.1,1,1,3250.2,20,1,3250.3,1,1
11536,2025-12-30 10:03:04+05:30,3249.9,1,3246.33,144594,105271.0,95427.0,3250.0,3253.0,3239.8,3251.5,41608525,3576.6,2926.4,4322.95,2866.6,3249.4,38,4,3249.3,21,1,3249.2,41,3,3249.0,63,4,3248.9,120,3,3249.9,5,4,3250.0,510,7,3250.1,1,1,3250.2,20,1,3250.3,1,1
11536,2025-12-30 10:03:05+05:30,3249.9,1,3246.33,144594,105271.0,95427.0,3250.0,3253.0,3239.8,3251.5,41608525,3576.6,2926.4,4322.95,2866.6,3249.4,38,4,3249.3,21,1,3249.2,41,3,3249.0,63,4,3248.9,120,3,3249.9,5,4,3250.0,510,7,3250.1,1,1,3250.2,20,1,3250.3,1,1
11536,2025-12-30 10:03:05+05:30,3249.7,3,3246.33,144609,106047.0,95374.0,3250.0,3253.0,3239.8,3251.5,41608525,3576.6,2926.4,4322.95,2866.6,3249.7,10,2,3249.4,5,1,3249.3,26,1,3249.2,19,2,3249.0,41,3,3249.9,21,8,3250.0,510,7,3250.1,1,1,3250.3,21,2,3250.5,9,1
11536,2025-12-30 10:03:06+05:30,3249.7,3,3246.33,144609,106047.0,95374.0,3250.0,3253.0,3239.8,3251.5,41608525,3576.6,2926.4,4322.95,2866.6,3249.7,10,2,3249.4,5,1,3249.3,26,1,3249.2,19,2,3249.0,41,3,3249.9,21,8,3250.0,510,7,3250.1,1,1,3250.3,21,2,3250.5,9,1
11536,2025-12-30 10:03:06+05:30,3249.7,3,3246.33,144618,106018.0,94735.0,3250.0,3253.0,3239.8,3251.5,41608525,3576.6,2926.4,4322.95,2866.6,3249.8,18,1,3249.7,1,1,3249.6,18,2,3249.4,14,2,3249.3,26,1,3249.9,23,10,3250.0,510,7,3250.1,1,1,3250.3,21,2,3250.5,43,2
11536,2025-12-30 10:03:07+05:30,3249.8,1,3246.33,144618,106018.0,94735.0,3250.0,3253.0,3239.8,3251.5,41608525,3576.6,2926.4,4322.95,2866.6,3249.8,18,1,3249.7,1,1,3249.6,18,2,3249.4,14,2,3249.3,26,1,3249.9,23,10,3250.0,510,7,3250.1,1,1,3250.3,21,2,3250.5,43,2
11536,2025-12-30 10:03:07+05:30,3249.8,3,3246.33,144627,105930.0,95482.0,3250.0,3253.0,3239.8,3251.5,41608525,3576.6,2926.4,4322.95,2866.6,3249.8,12,2,3249.7,1,1,3249.6,9,1,3249.4,11,2,3249.3,26,1,3249.9,20,7,3250.0,510,7,3250.1,1,1,3250.3,21,2,3250.5,43,2
11536,2025-12-30 10:03:08+05:30,3249.8,1,3246.33,144627,105930.0,95482.0,3250.0,3253.0,3239.8,3251.5,41608525,3576.6,2926.4,4322.95,2866.6,3249.8,12,2,3249.7,1,1,3249.6,9,1,3249.4,11,2,3249.3,26,1,3249.9,20,7,3250.0,510,7,3250.1,1,1,3250.3,21,2,3250.5,43,2
11536,2025-12-30 10:03:08+05:30,3249.8,2,3246.33,144634,105881.0,95591.0,3250.0,3253.0,3239.8,3251.5,41608525,3576.6,2926.4,4322.95,2866.6,3249.8,5,2,3249.7,1,1,3249.4,6,2,3249.1,23,1,3249.0,35,2,3249.9,20,7,3250.0,510,7,3250.1,1,1,3250.2,20,1,3250.3,1,1
11536,2025-12-30 10:03:09+05:30,3249.8,2,3246.33,144634,105881.0,95591.0,3250.0,3253.0,3239.8,3251.5,41608525,3576.6,2926.4,4322.95,2866.6,3249.8,5,2,3249.7,1,1,3249.4,6,2,3249.1,23,1,3249.0,35,2,3249.9,20,7,3250.0,510,7,3250.1,1,1,3250.2,20,1,3250.3,1,1
11536,2025-12-30 10:03:09+05:30,3249.8,2,3246.33,144639,105918.0,95407.0,3250.0,3253.0,3239.8,3251.5,41608525,3576.6,2926.4,4322.95,2866.6,3249.8,20,2,3249.7,1,1,3249.4,6,2,3249.1,32,2,3249.0,26,1,3249.9,18,7,3250.0,510,7,3250.1,1,1,3250.2,20,1,3250.3,1,1
11536,2025-12-30 10:03:10+05:30,3249.8,1,3246.33,144639,105918.0,95407.0,3250.0,3253.0,3239.8,3251.5,41608525,3576.6,2926.4,4322.95,2866.6,3249.8,20,2,3249.7,1,1,3249.4,6,2,3249.1,32,2,3249.0,26,1,3249.9,18,7,3250.0,510,7,3250.1,1,1,3250.2,20,1,3250.3,1,1
11536,2025-12-30 10:03:10+05:30,3249.8,1,3246.33,144650,105762.0,95673.0,3250.0,3253.0,3239.8,3251.5,41608525,3576.6,2926.4,4322.95,2866.6,3249.8,11,2,3249.7,1,1,3249.4,6,2,3249.1,32,2,3249.0,32,2,3249.9,19,8,3250.0,515,8,3250.1,1,1,3250.2,20,1,3250.3,1,1
11536,2025-12-30 10:03:11+05:30,3249.8,1,3246.33,144650,105762.0,95673.0,3250.0,3253.0,3239.8,3251.5,41608525,3576.6,2926.4,4322.95,2866.6,3249.8,11,2,3249.7,1,1,3249.4,6,2,3249.1,32,2,3249.0,32,2,3249.9,19,8,3250.0,515,8,3250.1,1,1,3250.2,20,1,3250.3,1,1
11536,2025-12-30 10:03:11+05:30,3249.9,1,3246.34,144656,105694.0,95277.0,3250.0,3253.0,3239.8,3251.5,41608525,3576.6,2926.4,4322.95,2866.6,3249.8,8,2,3249.7,1,1,3249.4,6,2,3249.1,32,2,3248.9,61,1,3249.9,16,8,3250.0,515,8,3250.1,1,1,3250.2,20,1,3250.3,35,2
11536,2025-12-30 10:03:12+05:30,3249.8,3,3246.34,144656,105694.0,95277.0,3250.0,3253.0,3239.8,3251.5,41608525,3576.6,2926.4,4322.95,2866.6,3249.8,8,2,3249.7,1,1,3249.4,6,2,3249.1,32,2,3248.9,61,1,3249.9,16,8,3250.0,515,8,3250.1,1,1,3250.2,20,1,3250.3,35,2
11536,2025-12-30 10:03:12+05:30,3249.8,1,3246.34,144670,105673.0,93176.0,3250.0,3253.0,3239.8,3251.5,41608525,3576.6,2926.4,4322.95,2866.6,3249.8,16,2,3249.7,1,1,3249.4,6,2,3249.1,23,1,3249.0,2,1,3249.9,15,9,3250.0,515,8,3250.1,1,1,3250.2,20,1,3250.3,35,2
11536,2025-12-30 10:03:13+05:30,3249.8,2,3246.34,144670,105673.0,93176.0,3250.0,3253.0,3239.8,3251.5,41608525,3576.6,2926.4,4322.95,2866.6,3249.8,16,2,3249.7,1,1,3249.4,6,2,3249.1,23,1,3249.0,2,1,3249.9,15,9,3250.0,515,8,3250.1,1,1,3250.2,20,1,3250.3,35,2
11536,2025-12-30 10:03:13+05:30,3249.8,1,3246.34,144675,105663.0,95809.0,3250.0,3253.0,3239.8,3251.5,41608525,3576.6,2926.4,4322.95,2866.6,3249.8,11,2,3249.7,1,1,3249.4,6,2,3249.1,23,1,3249.0,2,1,3249.9,16,10,3250.0,515,8,3250.1,1,1,3250.2,20,1,3250.3,35,2
11536,2025-12-30 10:03:14+05:30,3249.8,1,3246.34,144675,105663.0,95809.0,3250.0,3253.0,3239.8,3251.5,41608525,3576.6,2926.4,4322.95,2866.6,3249.8,11,2,3249.7,1,1,3249.4,6,2,3249.1,23,1,3249.0,2,1,3249.9,16,10,3250.0,515,8,3250.1,1,1,3250.2,20,1,3250.3,35,2
11536,2025-12-30 10:03:14+05:30,3249.8,1,3246.34,144677,105661.0,95807.0,3250.0,3253.0,3239.8,3251.5,41608525,3576.6,2926.4,4322.95,2866.6,3249.8,9,2,3249.7,1,1,3249.4,6,2,3249.1,23,1,3249.0,2,1,3249.9,14,8,3250.0,515,8,3250.1,2,2,3250.2,20,1,3250.3,34,1
11536,2025-12-30 10:03:15+05:30,3249.9,1,3246.34,144677,105661.0,95807.0,3250.0,3253.0,3239.8,3251.5,41608525,3576.6,2926.4,4322.95,2866.6,3249.8,9,2,3249.7,1,1,3249.4,6,2,3249.1,23,1,3249.0,2,1,3249.9,14,8,3250.0,515,8,3250.1,2,2,3250.2,20,1,3250.3,34,1
11536,2025-12-30 10:03:15+05:30,3249.9,1,3246.34,144692,104811.0,96227.0,3250.0,3253.0,3239.8,3251.5,41608525,3576.6,2926.4,4322.95,2866.6,3249.8,5,2,3249.7,1,1,3249.4,6,2,3249.0,2,1,3248.9,61,1,3249.9,11,4,3250.0,515,8,3250.1,2,2,3250.2,33,3,3250.3,34,1
11536,2025-12-30 10:03:16+05:30,3249.9,1,3246.34,144692,104811.0,96227.0,3250.0,3253.0,3239.8,3251.5,41608525,3576.6,2926.4,4322.95,2866.6,3249.8,5,2,3249.7,1,1,3249.4,6,2,3249.0,2,1,3248.9,61,1,3249.9,11,4,3250.0,515,8,3250.1,2,2,3250.2,33,3,3250.3,34,1
11536,2025-12-30 10:03:16+05:30,3249.9,1,3246.34,144694,104839.0,96587.0,3250.0,3253.0,3239.8,3251.5,41608525,3576.6,2926.4,4322.95,2866.6,3249.8,5,3,3249.7,1,1,3249.4,6,2,3249.0,2,1,3248.9,61,1,3249.9,4,4,3250.0,515,8,3250.1,30,4,3250.3,34,1,3250.4,43,3
11536,2025-12-30 10:03:17+05:30,3249.8,1,3246.34,144694,104839.0,96587.0,3250.0,3253.0,3239.8,3251.5,41608525,3576.6,2926.4,4322.95,2866.6,3249.8,5,3,3249.7,1,1,3249.4,6,2,3249.0,2,1,3248.9,61,1,3249.9,4,4,3250.0,515,8,3250.1,30,4,3250.3,34,1,3250.4,43,3
11536,2025-12-30 10:03:17+05:30,3249.8,1,3246.34,144705,104849.0,96929.0,3250.0,3253.0,3239.8,3251.5,41608525,3576.6,2926.4,4322.95,2866.6,3249.8,14,2,3249.7,1,1,3249.6,11,1,3249.4,6,2,3249.0,28,2,3249.9,5,5,3250.0,515,8,3250.1,22,3,3250.3,34,1,3250.4,43,3
11536,2025-12-30 10:03:18+05:30,3249.8,1,3246.34,144705,104849.0,96929.0,3250.0,3253.0,3239.8,3251.5,41608525,3576.6,2926.4,4322.95,2866.6,3249.8,14,2,3249.7,1,1,3249.6,11,1,3249.4,6,2,3249.0,28,2,3249.9,5,5,3250.0,515,8,3250.1,22,3,3250.3,34,1,3250.4,43,3
11536,2025-12-30 10:03:18+05:30,3249.8,2,3246.34,144709,105308.0,96616.0,3250.0,3253.0,3239.8,3251.5,41608525,3576.6,2926.4,4322.95,2866.6,3249.8,11,2,3249.7,1,1,3249.6,11,1,3249.4,6,2,3249.1,18,1,3249.9,7,7,3250.0,515,8,3250.1,22,3,3250.3,34,1,3250.4,26,1
11536,2025-12-30 10:03:19+05:30,3249.8,2,3246.34,144709,105308.0,96616.0,3250.0,3253.0,3239.8,3251.5,41608525,3576.6,2926.4,4322.95,2866.6,3249.8,11,2,3249.7,1,1,3249.6,11,1,3249.4,6,2,3249.1,18,1,3249.9,7,7,3250.0,515,8,3250.1,22,3,3250.3,34,1,3250.4,26,1
11536,2025-12-30 10:03:19+05:30,3249.9,1,3246.34,144713,105642.0,93606.0,3250.0,3253.0,3239.8,3251.5,41608525,3576.6,2926.4,4322.95,2866.6,3249.8,10,3,3249.7,1,1,3249.6,9,1,3249.4,6,2,3249.3,8,1,3249.9,6,6,3250.0,515,8,3250.1,2,2,3250.4,20,1,3250.5,9,1
11536,2025-12-30 10:03:20+05:30,3249.8,2,3246.34,144713,105642.0,93606.0,3250.0,3253.0,3239.8,3251.5,41608525,3576.6,2926.4,4322.95,2866.6,3249.8,10,3,3249.7,1,1,3249.6,9,1,3249.4,6,2,3249.3,8,1,3249.9,6,6,3250.0,515,8,3250.1,2,2,3250.4,20,1,3250.5,9,1
11536,2025-12-30 10:03:20+05:30,3249.8,2,3246.34,144716,105637.0,93608.0,3250.0,3253.0,3239.8,3251.5,41608525,3576.6,2926.4,4322.95,2866.6,3249.8,7,3,3249.7,1,1,3249.6,9,1,3249.5,8,1,3249.4,6,2,3249.9,7,7,3250.0,516,9,3250.1,2,2,3250.4,20,1,3250.5,9,1
11536,2025-12-30 10:03:21+05:30,3249.8,1,3246.34,144716,105637.0,93608.0,3250.0,3253.0,3239.8,3251.5,41608525,3576.6,2926.4,4322.95,2866.6,3249.8,7,3,3249.7,1,1,3249.6,9,1,3249.5,8,1,3249.4,6,2,3249.9,7,7,3250.0,516,9,3250.1,2,2,3250.4,20,1,3250.5,9,1
11536,2025-12-30 10:03:21+05:30,3249.8,1,3246.34,144719,105630.0,91546.0,3250.0,3253.0,3239.8,3251.5,41608525,3576.6,2926.4,4322.95,2866.6,3249.8,24,4,3249.7,1,1,3249.4,6,2,3249.1,79,2,3249.0,214,4,3249.9,6,6,3250.0,516,9,3250.1,2,2,3250.3,19,1,3250.4,33,1
11536,2025-12-30 10:03:22+05:30,3249.8,1,3246.34,144719,105630.0,91546.0,3250.0,3253.0,3239.8,3251.5,41608525,3576.6,2926.4,4322.95,2866.6,3249.8,24,4,3249.7,1,1,3249.4,6,2,3249.1,79,2,3249.0,214,4,3249.9,6,6,3250.0,516,9,3250.1,2,2,3250.3,19,1,3250.4,33,1
11536,2025-12-30 10:03:22+05:30,3249.9,1,3246.34,144723,105492.0,93952.0,3250.0,3253.0,3239.8,3251.5,41608525,3576.6,2926.4,4322.95,2866.6,3249.8,41,4,3249.7,1,1,3249.4,6,2,3249.1,79,2,3249.0,214,4,3249.9,3,3,3250.0,516,9,3250.1,2,2,3250.3,19,1,3250.5,9,1
11536,2025-12-30 10:03:23+05:30,3249.8,1,3246.34,144723,105492.0,93952.0,3250.0,3253.0,3239.8,3251.5,41608525,3576.6,2926.4,4322.95,2866.6,3249.8,41,4,3249.7,1,1,3249.4,6,2,3249.1,79,2,3249.0,214,4,3249.9,3,3,3250.0,516,9,3250.1,2,2,3250.3,19,1,3250.5,9,1
11536,2025-12-30 10:03:23+05:30,3250.0,97,3246.34,144824,105801.0,93511.0,3250.0,3253.0,3239.8,3251.5,41608525,3576.6,2926.4,4322.95,2866.6,3249.8,142,7,3249.7,1,1,3249.5,8,1,3249.4,6,2,3249.3,19,1,3250.0,425,11,3250.1,2,2,3250.5,9,1,3250.7,14,1,3250.8,17,3
11536,2025-12-30 10:03:24+05:30,3250.0,97,3246.34,144824,105801.0,93511.0,3250.0,3253.0,3239.8,3251.5,41608525,3576.6,2926.4,4322.95,2866.6,3249.8,142,7,3249.7,1,1,3249.5,8,1,3249.4,6,2,3249.3,19,1,3250.0,425,11,3250.1,2,2,3250.5,9,1,3250.7,14,1,3250.8,17,3
11536,2025-12-30 10:03:24+05:30,3250.0,97,3246.34,144824,106015.0,93485.0,3250.0,3253.0,3239.8,3251.5,41608525,3576.6,2926.4,4322.95,2866.6,3249.9,18,1,3249.8,124,6,3249.7,1,1,3249.4,6,2,3249.3,19,1,3250.0,425,11,3250.1,2,2,3250.5,9,1,3250.7,14,1,3250.8,17,3
11536,2025-12-30 10:03:25+05:30,3249.9,1,3246.34,144824,106015.0,93485.0,3250.0,3253.0,3239.8,3251.5,41608525,3576.6,2926.4,4322.95,2866.6,3249.9,18,1,3249.8,124,6,3249.7,1,1,3249.4,6,2,3249.3,19,1,3250.0,425,11,3250.1,2,2,3250.5,9,1,3250.7,14,1,3250.8,17,3
11536,2025-12-30 10:03:25+05:30,3249.9,31,3246.34,144857,106022.0,91721.0,3250.0,3253.0,3239.8,3251.5,41608525,3576.6,2926.4,4322.95,2866.6,3249.9,18,1,3249.8,124,6,3249.7,1,1,3249.6,10,1,3249.4,6,2,3250.0,850,11,3250.1,2,2,3250.3,6,1,3250.4,70,3,3250.5,44,4
11536,2025-12-30 10:03:26+05:30,3249.9,31,3246.34,144857,106022.0,91721.0,3250.0,3253.0,3239.8,3251.5,41608525,3576.6,2926.4,4322.95,2866.6,3249.9,18,1,3249.8,124,6,3249.7,1,1,3249.6,10,1,3249.4,6,2,3250.0,850,11,3250.1,2,2,3250.3,6,1,3250.4,70,3,3250.5,44,4
11536,2025-12-30 10:03:26+05:30,3249.9,20,3246.34,144877,106001.0,94042.0,3250.0,3253.0,3239.8,3251.5,41608525,3576.6,2926.4,4322.95,2866.6,3249.9,18,1,3249.8,124,6,3249.7,1,1,3249.6,10,1,3249.4,6,2,3250.0,850,12,3250.1,2,2,3250.4,52,2,3250.5,9,1,3250.6,44,2
11536,2025-12-30 10:03:27+05:30,3249.9,20,3246.34,144877,106001.0,94042.0,3250.0,3253.0,3239.8,3251.5,41608525,3576.6,2926.4,4322.95,2866.6,3249.9,18,1,3249.8,124,6,3249.7,1,1,3249.6,10,1,3249.4,6,2,3250.0,850,12,3250.1,2,2,3250.4,52,2,3250.5,9,1,3250.6,44,2
11536,2025-12-30 10:03:27+05:30,3249.9,20,3246.34,144877,106015.0,94081.0,3250.0,3253.0,3239.8,3251.5,41608525,3576.6,2926.4,4322.95,2866.6,3249.9,88,3,3249.8,104,5,3249.7,1,1,3249.6,10,1,3249.4,6,2,3250.0,852,14,3250.1,2,2,3250.2,18,1,3250.3,19,1,3250.4,78,3
11536,2025-12-30 10:03:28+05:30,3249.9,9,3246.34,144877,106015.0,94081.0,3250.0,3253.0,3239.8,3251.5,41608525,3576.6,2926.4,4322.95,2866.6,3249.9,88,3,3249.8,104,5,3249.7,1,1,3249.6,10,1,3249.4,6,2,3250.0,852,14,3250.1,2,2,3250.2,18,1,3250.3,19,1,3250.4,78,3
11536,2025-12-30 10:03:30+05:30,3249.9,3,3246.34,144877,106015.0,94081.0,3250.0,3253.0,3239.8,3251.5,41608525,3576.6,2926.4,4322.95,2866.6,3249.9,88,3,3249.8,104,5,3249.7,1,1,3249.6,10,1,3249.4,6,2,3250.0,852,14,3250.1,2,2,3250.2,18,1,3250.3,19,1,3250.4,78,3
11536,2025-12-30 10:03:32+05:30,3249.9,3,3246.34,144917,104578.0,98434.0,3250.0,3253.0,3239.8,3251.5,41608525,3576.6,2926.4,4322.95,2866.6,3249.9,103,4,3249.8,104,5,3249.7,1,1,3249.4,6,2,3249.2,4,1,3250.0,881,16,3250.1,39,4,3250.2,49,4,3250.3,26,2,3250.4,57,4
11536,2025-12-30 10:03:34+05:30,3249.9,1,3246.34,144917,104578.0,98434.0,3250.0,3253.0,3239.8,3251.5,41608525,3576.6,2926.4,4322.95,2866.6,3249.9,103,4,3249.8,104,5,3249.7,1,1,3249.4,6,2,3249.2,4,1,3250.0,881,16,3250.1,39,4,3250.2,49,4,3250.3,26,2,3250.4,57,4
11536,2025-12-30 10:03:36+05:30,3249.8,1,3246.34,144917,104578.0,98434.0,3250.0,3253.0,3239.8,3251.5,41608525,3576.6,2926.4,4322.95,2866.6,3249.9,103,4,3249.8,104,5,3249.7,1,1,3249.4,6,2,3249.2,4,1,3250.0,881,16,3250.1,39,4,3250.2,49,4,3250.3,26,2,3250.4,57,4
11536,2025-12-30 10:03:37+05:30,3249.7,3,3246.35,145250,104198.0,99215.0,3250.0,3253.0,3239.8,3251.5,41608525,3576.6,2926.4,4322.95,2866.6,3249.4,5,1,3249.2,4,1,3249.1,8,2,3249.0,267,5,3248.8,16,1,3249.7,1,1,3249.8,111,8,3249.9,35,4,3250.0,897,16,3250.1,19,3
11536,2025-12-30 10:03:40+05:30,3249.1,1,3246.35,145250,104198.0,99215.0,3250.0,3253.0,3239.8,3251.5,41608525,3576.6,2926.4,4322.95,2866.6,3249.4,5,1,3249.2,4,1,3249.1,8,2,3249.0,267,5,3248.8,16,1,3249.7,1,1,3249.8,111,8,3249.9,35,4,3250.0,897,16,3250.1,19,3
11536,2025-12-30 10:03:42+05:30,3249.3,1,3246.35,145250,104198.0,99215.0,3250.0,3253.0,3239.8,3251.5,41608525,3576.6,2926.4,4322.95,2866.6,3249.4,5,1,3249.2,4,1,3249.1,8,2,3249.0,267,5,3248.8,16,1,3249.7,1,1,3249.8,111,8,3249.9,35,4,3250.0,897,16,3250.1,19,3
11536,2025-12-30 10:03:43+05:30,3249.4,33,3246.35,145504,104624.0,95924.0,3250.0,3253.0,3239.8,3251.5,41608525,3576.6,2926.4,4322.95,2866.6,3249.4,20,1,3249.0,275,6,3248.8,8,1,3248.6,189,3,3248.5,1039,5,3249.7,28,7,3249.9,34,1,3250.0,840,10,3250.1,20,4,3250.2,27,2
11536,2025-12-30 10:03:46+05:30,3249.3,1,3246.35,145504,104624.0,95924.0,3250.0,3253.0,3239.8,3251.5,41608525,3576.6,2926.4,4322.95,2866.6,3249.4,20,1,3249.0,275,6,3248.8,8,1,3248.6,189,3,3248.5,1039,5,3249.7,28,7,3249.9,34,1,3250.0,840,10,3250.1,20,4,3250.2,27,2
11536,2025-12-30 10:03:48+05:30,3249.2,4,3246.35,145504,104624.0,95924.0,3250.0,3253.0,3239.8,3251.5,41608525,3576.6,2926.4,4322.95,2866.6,3249.4,20,1,3249.0,275,6,3248.8,8,1,3248.6,189,3,3248.5,1039,5,3249.7,28,7,3249.9,34,1,3250.0,840,10,3250.1,20,4,3250.2,27,2
11536,2025-12-30 10:03:49+05:30,3249.7,10,3246.36,145774,103780.0,97881.0,3250.0,3253.0,3239.8,3251.5,41608525,3576.6,2926.4,4322.95,2866.6,3249.3,2,1,3249.0,192,5,3248.9,15,1,3248.5,1039,5,3248.4,68,6,3249.7,305,5,3249.8,61,2,3250.0,409,8,3250.1,28,5,3250.2,24,2
11536,2025-12-30 10:03:52+05:30,3249.7,1,3246.36,145774,103780.0,97881.0,3250.0,3253.0,3239.8,3251.5,41608525,3576.6,2926.4,4322.95,2866.6,3249.3,2,1,3249.0,192,5,3248.9,15,1,3248.5,1039,5,3248.4,68,6,3249.7,305,5,3249.8,61,2,3250.0,409,8,3250.1,28,5,3250.2,24,2
11536,2025-12-30 10:03:54+05:30,3249.2,4,3246.36,145842,103009.0,97038.0,3250.0,3253.0,3239.8,3251.5,41608525,3576.6,2926.4,4322.95,2866.6,3249.2,6,1,3249.0,241,6,3248.9,15,1,3248.8,8,1,3248.6,8,1,3249.3,487,3,3249.6,31,1,3249.7,338,7,3249.9,35,2,3250.0,417,10
11536,2025-12-30 10:03:55+05:30,3249.3,1,3246.36,145842,103009.0,97038.0,3250.0,3253.0,3239.8,3251.5,41608525,3576.6,2926.4,4322.95,2866.6,3249.2,6,1,3249.0,241,6,3248.9,15,1,3248.8,8,1,3248.6,8,1,3249.3,487,3,3249.6,31,1,3249.7,338,7,3249.9,35,2,3250.0,417,10
11536,2025-12-30 10:03:58+05:30,3249.0,2,3246.36,145842,103009.0,97038.0,3250.0,3253.0,3239.8,3251.5,41608525,3576.6,2926.4,4322.95,2866.6,3249.2,6,1,3249.0,241,6,3248.9,15,1,3248.8,8,1,3248.6,8,1,3249.3,487,3,3249.6,31,1,3249.7,338,7,3249.9,35,2,3250.0,417,10
11536,2025-12-30 10:04:00+05:30,3249.3,1,3246.36,145912,103324.0,98904.0,3250.0,3253.0,3239.8,3251.5,41608525,3576.6,2926.4,4322.95,2866.6,3249.0,231,6,3248.9,15,1,3248.8,8,1,3248.6,34,2,3248.5,936,3,3249.3,851,6,3249.7,143,3,3249.9,30,1,3250.0,420,10,3250.1,21,3
11536,2025-12-30 10:04:01+05:30,3249.3,1,3246.36,145912,103324.0,98904.0,3250.0,3253.0,3239.8,3251.5,41608525,3576.6,2926.4,4322.95,2866.6,3249.0,231,6,3248.9,15,1,3248.8,8,1,3248.6,34,2,3248.5,936,3,3249.3,851,6,3249.7,143,3,3249.9,30,1,3250.0,420,10,3250.1,21,3
11536,2025-12-30 10:04:04+05:30,3249.3,1,3246.36,145912,103324.0,98904.0,3250.0,3253.0,3239.8,3251.5,41608525,3576.6,2926.4,4322.95,2866.6,3249.0,231,6,3248.9,15,1,3248.8,8,1,3248.6,34,2,3248.5,936,3,3249.3,851,6,3249.7,143,3,3249.9,30,1,3250.0,420,10,3250.1,21,3
11536,2025-12-30 10:04:06+05:30,3249.6,25,3246.38,146890,101481.0,98969.0,3250.0,3253.0,3239.8,3251.5,41608525,3576.6,2926.4,4322.95,2866.6,3249.0,249,8,3248.9,69,2,3248.8,54,1,3248.5,11,2,3248.4,30,3,3249.6,64,3,3249.7,110,3,3249.8,30,1,3249.9,184,3,3250.0,720,11
11536,2025-12-30 10:04:06+05:30,3249.6,25,3246.38,146890,101481.0,98969.0,3250.0,3253.0,3239.8,3251.5,41608525,3576.6,2926.4,4322.95,2866.6,3249.0,249,8,3248.9,69,2,3248.8,54,1,3248.5,11,2,3248.4,30,3,3249.6,64,3,3249.7,110,3,3249.8,30,1,3249.9,184,3,3250.0,720,11
11536,2025-12-30 10:04:09+05:30,3249.0,45,3246.38,146890,101481.0,98969.0,3250.0,3253.0,3239.8,3251.5,41608525,3576.6,2926.4,4322.95,2866.6,3249.0,249,8,3248.9,69,2,3248.8,54,1,3248.5,11,2,3248.4,30,3,3249.6,64,3,3249.7,110,3,3249.8,30,1,3249.9,184,3,3250.0,720,11
11536,2025-12-30 10:04:12+05:30,3248.9,1,3246.4,147838,101128.0,100176.0,3250.0,3253.0,3239.8,3251.5,41608525,3576.6,2926.4,4322.95,2866.6,3248.9,32,2,3248.8,54,1,3248.5,11,2,3248.4,10,2,3248.3,8,1,3249.0,127,5,3249.1,13,3,3249.2,12,1,3249.3,55,3,3249.4,90,4
11536,2025-12-30 10:04:12+05:30,3249.0,3,3246.4,147838,101128.0,100176.0,3250.0,3253.0,3239.8,3251.5,41608525,3576.6,2926.4,4322.95,2866.6,3248.9,32,2,3248.8,54,1,3248.5,11,2,3248.4,10,2,3248.3,8,1,3249.0,127,5,3249.1,13,3,3249.2,12,1,3249.3,55,3,3249.4,90,4
11536,2025-12-30 10:04:15+05:30,3248.7,2,3246.4,147838,101128.0,100176.0,3250.0,3253.0,3239.8,3251.5,41608525,3576.6,2926.4,4322.95,2866.6,3248.9,32,2,3248.8,54,1,3248.5,11,2,3248.4,10,2,3248.3,8,1,3249.0,127,5,3249.1,13,3,3249.2,12,1,3249.3,55,3,3249.4,90,4
11536,2025-12-30 10:04:17+05:30,3249.0,10,3246.41,148304,100542.0,97085.0,3250.0,3253.0,3239.8,3251.5,41608525,3576.6,2926.4,4322.95,2866.6,3248.9,3,1,3248.8,27,2,3248.7,7,1,3248.4,9,2,3248.3,61,1,3249.0,100,7,3249.3,12,1,3249.5,30,1,3249.6,110,3,3249.7,100,1
11536,2025-12-30 10:04:19+05:30,3248.8,12,3246.41,148304,100542.0,97085.0,3250.0,3253.0,3239.8,3251.5,41608525,3576.6,2926.4,4322.95,2866.6,3248.9,3,1,3248.8,27,2,3248.7,7,1,3248.4,9,2,3248.3,61,1,3249.0,100,7,3249.3,12,1,3249.5,30,1,3249.6,110,3,3249.7,100,1
11536,2025-12-30 10:04:21+05:30,3248.8,2,3246.41,148304,100542.0,97085.0,3250.0,3253.0,3239.8,3251.5,41608525,3576.6,2926.4,4322.95,2866.6,3248.9,3,1,3248.8,27,2,3248.7,7,1,3248.4,9,2,3248.3,61,1,3249.0,100,7,3249.3,12,1,3249.5,30,1,3249.6,110,3,3249.7,100,1
11536,2025-12-30 10:04:22+05:30,3248.9,17,3246.41,148458,100143.0,98024.0,3250.0,3253.0,3239.8,3251.5,41608525,3576.6,2926.4,4322.95,2866.6,3248.8,8,1,3248.7,17,2,3248.5,3,1,3248.4,9,2,3248.2,30,1,3249.0,189,8,3249.2,41,2,3249.3,43,1,3249.4,20,2,3249.6,148,3
11536,2025-12-30 10:04:24+05:30,3248.8,9,3246.41,148458,100143.0,98024.0,3250.0,3253.0,3239.8,3251.5,41608525,3576.6,2926.4,4322.95,2866.6,3248.8,8,1,3248.7,17,2,3248.5,3,1,3248.4,9,2,3248.2,30,1,3249.0,189,8,3249.2,41,2,3249.3,43,1,3249.4,20,2,3249.6,148,3
11536,2025-12-30 10:04:25+05:30,3248.8,9,3246.41,148458,100143.0,98024.0,3250.0,3253.0,3239.8,3251.5,41608525,3576.6,2926.4,4322.95,2866.6,3248.8,8,1,3248.7,17,2,3248.5,3,1,3248.4,9,2,3248.2,30,1,3249.0,189,8,3249.2,41,2,3249.3,43,1,3249.4,20,2,3249.6,148,3
11536,2025-12-30 10:04:26+05:30,3248.8,9,3246.41,148458,100143.0,98024.0,3250.0,3253.0,3239.8,3251.5,41608525,3576.6,2926.4,4322.95,2866.6,3248.8,8,1,3248.7,17,2,3248.5,3,1,3248.4,9,2,3248.2,30,1,3249.0,189,8,3249.2,41,2,3249.3,43,1,3249.4,20,2,3249.6,148,3
11536,2025-12-30 10:04:28+05:30,3248.8,4,3246.41,148514,99876.0,98378.0,3250.0,3253.0,3239.8,3251.5,41608525,3576.6,2926.4,4322.95,2866.6,3248.8,51,3,3248.7,7,1,3248.5,3,1,3248.4,9,2,3248.2,30,1,3249.0,181,13,3249.2,41,2,3249.3,43,1,3249.4,20,2,3249.5,29,2
11536,2025-12-30 10:04:28+05:30,3249.0,1,3246.41,148514,99876.0,98378.0,3250.0,3253.0,3239.8,3251.5,41608525,3576.6,2926.4,4322.95,2866.6,3248.8,51,3,3248.7,7,1,3248.5,3,1,3248.4,9,2,3248.2,30,1,3249.0,181,13,3249.2,41,2,3249.3,43,1,3249.4,20,2,3249.5,29,2
11536,2025-12-30 10:04:28+05:30,3249.0,1,3246.41,148514,99876.0,98378.0,3250.0,3253.0,3239.8,3251.5,41608525,3576.6,2926.4,4322.95,2866.6,3248.8,51,3,3248.7,7,1,3248.5,3,1,3248.4,9,2,3248.2,30,1,3249.0,181,13,3249.2,41,2,3249.3,43,1,3249.4,20,2,3249.5,29,2
11536,2025-12-30 10:04:29+05:30,3248.9,3,3246.41,148520,99828.0,98342.0,3250.0,3253.0,3239.8,3251.5,41608525,3576.6,2926.4,4322.95,2866.6,3248.9,7,1,3248.8,39,2,3248.7,7,1,3248.5,3,1,3248.4,9,2,3249.0,191,14,3249.2,45,3,3249.3,43,1,3249.4,20,2,3249.5,29,2
11536,2025-12-30 10:04:29+05:30,3248.9,3,3246.41,148520,99828.0,98342.0,3250.0,3253.0,3239.8,3251.5,41608525,3576.6,2926.4,4322.95,2866.6,3248.9,7,1,3248.8,39,2,3248.7,7,1,3248.5,3,1,3248.4,9,2,3249.0,191,14,3249.2,45,3,3249.3,43,1,3249.4,20,2,3249.5,29,2
11536,2025-12-30 10:04:29+05:30,3248.9,3,3246.41,148520,99828.0,98342.0,3250.0,3253.0,3239.8,3251.5,41608525,3576.6,2926.4,4322.95,2866.6,3248.9,7,1,3248.8,39,2,3248.7,7,1,3248.5,3,1,3248.4,9,2,3249.0,191,14,3249.2,45,3,3249.3,43,1,3249.4,20,2,3249.5,29,2
11536,2025-12-30 10:04:30+05:30,3248.9,1,3246.41,148527,99829.0,98365.0,3250.0,3253.0,3239.8,3251.5,41608525,3576.6,2926.4,4322.95,2866.6,3248.9,1,1,3248.8,39,2,3248.7,7,1,3248.5,3,1,3248.4,9,2,3249.0,190,14,3249.1,29,1,3249.2,62,3,3249.3,6,1,3249.4,20,2
11536,2025-12-30 10:04:30+05:30,3248.9,1,3246.41,148527,99829.0,98365.0,3250.0,3253.0,3239.8,3251.5,41608525,3576.6,2926.4,4322.95,2866.6,3248.9,1,1,3248.8,39,2,3248.7,7,1,3248.5,3,1,3248.4,9,2,3249.0,190,14,3249.1,29,1,3249.2,62,3,3249.3,6,1,3249.4,20,2
11536,2025-12-30 10:04:30+05:30,3249.0,6,3246.41,148527,99829.0,98365.0,3250.0,3253.0,3239.8,3251.5,41608525,3576.6,2926.4,4322.95,2866.6,3248.9,1,1,3248.8,39,2,3248.7,7,1,3248.5,3,1,3248.4,9,2,3249.0,190,14,3249.1,29,1,3249.2,62,3,3249.3,6,1,3249.4,20,2
11536,2025-12-30 10:04:31+05:30,3248.9,1,3246.41,148709,99825.0,98030.0,3250.0,3253.0,3239.8,3251.5,41608525,3576.6,2926.4,4322.95,2866.6,3248.9,8,1,3248.8,39,2,3248.7,7,1,3248.5,3,1,3248.4,9,2,3249.0,16,8,3249.1,1,1,3249.2,43,1,3249.4,36,2,3249.5,19,1
11536,2025-12-30 10:04:31+05:30,3248.9,1,3246.41,148709,99825.0,98030.0,3250.0,3253.0,3239.8,3251.5,41608525,3576.6,2926.4,4322.95,2866.6,3248.9,8,1,3248.8,39,2,3248.7,7,1,3248.5,3,1,3248.4,9,2,3249.0,16,8,3249.1,1,1,3249.2,43,1,3249.4,36,2,3249.5,19,1
11536,2025-12-30 10:04:31+05:30,3248.8,7,3246.41,148709,99825.0,98030.0,3250.0,3253.0,3239.8,3251.5,41608525,3576.6,2926.4,4322.95,2866.6,3248.9,8,1,3248.8,39,2,3248.7,7,1,3248.5,3,1,3248.4,9,2,3249.0,16,8,3249.1,1,1,3249.2,43,1,3249.4,36,2,3249.5,19,1
11536,2025-12-30 10:04:32+05:30,3248.8,1,3246.42,148804,99303.0,98922.0,3250.0,3253.0,3239.8,3251.5,41608525,3576.6,2926.4,4322.95,2866.6,3248.7,7,1,3248.5,3,1,3248.4,9,2,3248.2,30,1,3248.0,62,5,3248.8,673,3,3249.0,42,7,3249.1,41,2,3249.2,11,1,3249.3,35,2
11536,2025-12-30 10:04:32+05:30,3248.8,1,3246.42,148804,99303.0,98922.0,3250.0,3253.0,3239.8,3251.5,41608525,3576.6,2926.4,4322.95,2866.6,3248.7,7,1,3248.5,3,1,3248.4,9,2,3248.2,30,1,3248.0,62,5,3248.8,673,3,3249.0,42,7,3249.1,41,2,3249.2,11,1,3249.3,35,2
11536,2025-12-30 10:04:32+05:30,3248.7,1,3246.42,148804,99303.0,98922.0,3250.0,3253.0,3239.8,3251.5,41608525,3576.6,2926.4,4322.95,2866.6,3248.7,7,1,3248.5,3,1,3248.4,9,2,3248.2,30,1,3248.0,62,5,3248.8,673,3,3249.0,42,7,3249.1,41,2,3249.2,11,1,3249.3,35,2
11536,2025-12-30 10:04:32+05:30,3248.7,1,3246.42,148804,99303.0,98922.0,3250.0,3253.0,3239.8,3251.5,41608525,3576.6,2926.4,4322.95,2866.6,3248.7,7,1,3248.5,3,1,3248.4,9,2,3248.2,30,1,3248.0,62,5,3248.8,673,3,3249.0,42,7,3249.1,41,2,3249.2,11,1,3249.3,35,2
11536,2025-12-30 10:04:32+05:30,3248.7,54,3246.42,148860,99272.0,98941.0,3250.0,3253.0,3239.8,3251.5,41608525,3576.6,2926.4,4322.95,2866.6,3248.7,7,1,3248.6,1,1,3248.5,3,1,3248.4,9,2,3248.2,30,1,3248.8,675,5,3249.0,34,4,3249.1,52,3,3249.3,35,2,3249.4,19,2
11536,2025-12-30 10:04:33+05:30,3248.7,1,3246.42,148860,99272.0,98941.0,3250.0,3253.0,3239.8,3251.5,41608525,3576.6,2926.4,4322.95,2866.6,3248.7,7,1,3248.6,1,1,3248.5,3,1,3248.4,9,2,3248.2,30,1,3248.8,675,5,3249.0,34,4,3249.1,52,3,3249.3,35,2,3249.4,19,2
11536,2025-12-30 10:04:33+05:30,3248.7,1,3246.42,148860,99272.0,98941.0,3250.0,3253.0,3239.8,3251.5,41608525,3576.6,2926.4,4322.95,2866.6,3248.7,7,1,3248.6,1,1,3248.5,3,1,3248.4,9,2,3248.2,30,1,3248.8,675,5,3249.0,34,4,3249.1,52,3,3249.3,35,2,3249.4,19,2
11536,2025-12-30 10:04:33+05:30,3248.6,7,3246.42,148874,98979.0,99393.0,3250.0,3253.0,3239.8,3251.5,41608525,3576.6,2926.4,4322.95,2866.6,3248.5,3,1,3248.4,9,2,3248.2,30,1,3248.0,36,4,3247.8,10,2,3248.6,4,1,3248.7,3,1,3248.8,687,7,3249.0,39,2,3249.1,48,3
11536,2025-12-30 10:04:34+05:30,3248.6,7,3246.42,148874,98979.0,99393.0,3250.0,3253.0,3239.8,3251.5,41608525,3576.6,2926.4,4322.95,2866.6,3248.5,3,1,3248.4,9,2,3248.2,30,1,3248.0,36,4,3247.8,10,2,3248.6,4,1,3248.7,3,1,3248.8,687,7,3249.0,39,2,3249.1,48,3
11536,2025-12-30 10:04:34+05:30,3248.5,1,3246.42,148874,98979.0,99393.0,3250.0,3253.0,3239.8,3251.5,41608525,3576.6,2926.4,4322.95,2866.6,3248.5,3,1,3248.4,9,2,3248.2,30,1,3248.0,36,4,3247.8,10,2,3248.6,4,1,3248.7,3,1,3248.8,687,7,3249.0,39,2,3249.1,48,3
11536,2025-12-30 10:04:34+05:30,3248.5,1,3246.42,148874,98979.0,99393.0,3250.0,3253.0,3239.8,3251.5,41608525,3576.6,2926.4,4322.95,2866.6,3248.5,3,1,3248.4,9,2,3248.2,30,1,3248.0,36,4,3247.8,10,2,3248.6,4,1,3248.7,3,1,3248.8,687,7,3249.0,39,2,3249.1,48,3
11536,2025-12-30 10:04:35+05:30,3248.5,2,3246.42,148902,98946.0,99341.0,3250.0,3253.0,3239.8,3251.5,41608525,3576.6,2926.4,4322.95,2866.6,3248.4,9,2,3248.2,30,1,3248.0,18,3,3247.8,10,2,3247.7,22,3,3248.5,2,1,3248.6,6,3,3248.7,3,1,3248.8,671,3,3249.1,12,2
11536,2025-12-30 10:04:35+05:30,3248.4,1,3246.42,148902,98946.0,99341.0,3250.0,3253.0,3239.8,3251.5,41608525,3576.6,2926.4,4322.95,2866.6,3248.4,9,2,3248.2,30,1,3248.0,18,3,3247.8,10,2,3247.7,22,3,3248.5,2,1,3248.6,6,3,3248.7,3,1,3248.8,671,3,3249.1,12,2
11536,2025-12-30 10:04:35+05:30,3248.4,1,3246.42,148902,98946.0,99341.0,3250.0,3253.0,3239.8,3251.5,41608525,3576.6,2926.4,4322.95,2866.6,3248.4,9,2,3248.2,30,1,3248.0,18,3,3247.8,10,2,3247.7,22,3,3248.5,2,1,3248.6,6,3,3248.7,3,1,3248.8,671,3,3249.1,12,2
11536,2025-12-30 10:04:36+05:30,3248.4,3,3246.42,148942,98979.0,99267.0,3250.0,3253.0,3239.8,3251.5,41608525,3576.6,2926.4,4322.95,2866.6,3248.4,5,1,3248.2,30,1,3248.0,18,3,3247.8,21,3,3247.7,11,2,3248.5,7,6,3248.6,5,2,3248.8,668,1,3249.1,68,2,3249.2,35,2
11536,2025-12-30 10:04:36+05:30,3248.4,3,3246.42,148942,98979.0,99267.0,3250.0,3253.0,3239.8,3251.5,41608525,3576.6,2926.4,4322.95,2866.6,3248.4,5,1,3248.2,30,1,3248.0,18,3,3247.8,21,3,3247.7,11,2,3248.5,7,6,3248.6,5,2,3248.8,668,1,3249.1,68,2,3249.2,35,2
11536,2025-12-30 10:04:37+05:30,3248.3,1,3246.42,148969,98933.0,99409.0,3250.0,3253.0,3239.8,3251.5,41608525,3576.6,2926.4,4322.95,2866.6,3248.3,12,1,3248.2,30,1,3248.0,18,3,3247.8,7,1,3247.7,11,2,3248.4,1,1,3248.5,8,7,3248.8,668,1,3249.0,69,3,3249.2,24,1
11536,2025-12-30 10:04:37+05:30,3248.3,8,3246.42,148969,98933.0,99409.0,3250.0,3253.0,3239.8,3251.5,41608525,3576.6,2926.4,4322.95,2866.6,3248.3,12,1,3248.2,30,1,3248.0,18,3,3247.8,7,1,3247.7,11,2,3248.4,1,1,3248.5,8,7,3248.8,668,1,3249.0,69,3,3249.2,24,1
11536,2025-12-30 10:04:37+05:30,3248.3,8,3246.42,148969,98933.0,99409.0,3250.0,3253.0,3239.8,3251.5,41608525,3576.6,2926.4,4322.95,2866.6,3248.3,12,1,3248.2,30,1,3248.0,18,3,3247.8,7,1,3247.7,11,2,3248.4,1,1,3248.5,8,7,3248.8,668,1,3249.0,69,3,3249.2,24,1
11536,2025-12-30 10:04:38+05:30,3248.3,3,3246.42,149026,98824.0,99396.0,3250.0,3253.0,3239.8,3251.5,41608525,3576.6,2926.4,4322.95,2866.6,3248.3,1,1,3248.2,39,2,3248.0,16,3,3247.8,46,3,3247.7,11,2,3248.5,7,5,3248.8,668,1,3249.0,41,2,3249.2,24,1,3249.3,110,6
11536,2025-12-30 10:04:38+05:30,3248.5,1,3246.42,149026,98824.0,99396.0,3250.0,3253.0,3239.8,3251.5,41608525,3576.6,2926.4,4322.95,2866.6,3248.3,1,1,3248.2,39,2,3248.0,16,3,3247.8,46,3,3247.7,11,2,3248.5,7,5,3248.8,668,1,3249.0,41,2,3249.2,24,1,3249.3,110,6
11536,2025-12-30 10:04:38+05:30,3248.5,1,3246.42,149026,98824.0,99396.0,3250.0,3253.0,3239.8,3251.5,41608525,3576.6,2926.4,4322.95,2866.6,3248.3,1,1,3248.2,39,2,3248.0,16,3,3247.8,46,3,3247.7,11,2,3248.5,7,5,3248.8,668,1,3249.0,41,2,3249.2,24,1,3249.3,110,6
11536,2025-12-30 10:04:39+05:30,3248.2,2,3246.42,149029,99238.0,99527.0,3250.0,3253.0,3239.8,3251.5,41608525,3576.6,2926.4,4322.95,2866.6,3248.2,49,4,3248.0,62,7,3247.9,28,1,3247.8,65,4,3247.7,11,2,3248.3,1,1,3248.5,6,4,3248.8,668,1,3249.0,1,1,3249.3,35,2
11536,2025-12-30 10:04:39+05:30,3248.2,2,3246.42,149029,99238.0,99527.0,3250.0,3253.0,3239.8,3251.5,41608525,3576.6,2926.4,4322.95,2866.6,3248.2,49,4,3248.0,62,7,3247.9,28,1,3247.8,65,4,3247.7,11,2,3248.3,1,1,3248.5,6,4,3248.8,668,1,3249.0,1,1,3249.3,35,2
11536,2025-12-30 10:04:40+05:30,3248.2,13,3246.42,149042,99075.0,99560.0,3250.0,3253.0,3239.8,3251.5,41608525,3576.6,2926.4,4322.95,2866.6,3248.2,25,3,3248.1,11,1,3248.0,44,5,3247.9,28,1,3247.8,18,2,3248.3,2,2,3248.5,4,3,3248.8,668,1,3249.0,35,2,3249.3,35,2
11536,2025-12-30 10:04:40+05:30,3248.2,1,3246.42,149042,99075.0,99560.0,3250.0,3253.0,3239.8,3251.5,41608525,3576.6,2926.4,4322.95,2866.6,3248.2,25,3,3248.1,11,1,3248.0,44,5,3247.9,28,1,3247.8,18,2,3248.3,2,2,3248.5,4,3,3248.8,668,1,3249.0,35,2,3249.3,35,2
11536,2025-12-30 10:04:41+05:30,3248.3,1,3246.42,149068,99075.0,99657.0,3250.0,3253.0,3239.8,3251.5,41608525,3576.6,2926.4,4322.95,2866.6,3248.3,2,2,3248.2,59,3,3248.0,44,5,3247.8,7,1,3247.7,19,2,3248.8,668,1,3249.0,35,2,3249.2,67,2,3249.3,35,2,3249.4,11,1
11536,2025-12-30 10:04:41+05:30,3248.3,1,3246.42,149068,99075.0,99657.0,3250.0,3253.0,3239.8,3251.5,41608525,3576.6,2926.4,4322.95,2866.6,3248.3,2,2,3248.2,59,3,3248.0,44,5,3247.8,7,1,3247.7,19,2,3248.8,668,1,3249.0,35,2,3249.2,67,2,3249.3,35,2,3249.4,11,1
11536,2025-12-30 10:04:41+05:30,3248.8,1,3246.42,149068,99075.0,99657.0,3250.0,3253.0,3239.8,3251.5,41608525,3576.6,2926.4,4322.95,2866.6,3248.3,2,2,3248.2,59,3,3248.0,44,5,3247.8,7,1,3247.7,19,2,3248.8,668,1,3249.0,35,2,3249.2,67,2,3249.3,35,2,3249.4,11,1
11536,2025-12-30 10:04:42+05:30,3248.8,1,3246.42,149070,99077.0,99669.0,3250.0,3253.0,3239.8,3251.5,41608525,3576.6,2926.4,4322.95,2866.6,3248.3,2,2,3248.2,59,3,3248.0,44,5,3247.9,11,1,3247.8,7,1,3248.8,668,3,3249.0,35,2,3249.1,67,2,3249.3,26,1,3249.4,16,2
11536,2025-12-30 10:04:42+05:30,3248.8,1,3246.42,149070,99077.0,99669.0,3250.0,3253.0,3239.8,3251.5,41608525,3576.6,2926.4,4322.95,2866.6,3248.3,2,2,3248.2,59,3,3248.0,44,5,3247.9,11,1,3247.8,7,1,3248.8,668,3,3249.0,35,2,3249.1,67,2,3249.3,26,1,3249.4,16,2
11536,2025-12-30 10:04:42+05:30,3248.8,1,3246.42,149070,99077.0,99669.0,3250.0,3253.0,3239.8,3251.5,41608525,3576.6,2926.4,4322.95,2866.6,3248.3,2,2,3248.2,59,3,3248.0,44,5,3247.9,11,1,3247.8,7,1,3248.8,668,3,3249.0,35,2,3249.1,67,2,3249.3,26,1,3249.4,16,2
11536,2025-12-30 10:04:43+05:30,3248.8,4,3246.42,149074,99370.0,99646.0,3250.0,3253.0,3239.8,3251.5,41608525,3576.6,2926.4,4322.95,2866.6,3248.6,1,1,3248.3,1,1,3248.2,59,3,3248.1,61,1,3248.0,55,6,3248.8,666,5,3249.0,35,2,3249.1,40,1,3249.2,27,1,3249.3,26,1
11536,2025-12-30 10:04:43+05:30,3248.6,7,3246.42,149074,99370.0,99646.0,3250.0,3253.0,3239.8,3251.5,41608525,3576.6,2926.4,4322.95,2866.6,3248.6,1,1,3248.3,1,1,3248.2,59,3,3248.1,61,1,3248.0,55,6,3248.8,666,5,3249.0,35,2,3249.1,40,1,3249.2,27,1,3249.3,26,1
11536,2025-12-30 10:04:44+05:30,3248.8,2,3246.42,149089,99387.0,99010.0,3250.0,3253.0,3239.8,3251.5,41608525,3576.6,2926.4,4322.95,2866.6,3248.6,13,1,3248.2,70,4,3248.1,61,1,3248.0,55,6,3247.8,46,4,3248.8,660,7,3249.0,35,2,3249.2,27,1,3249.4,5,1,3249.5,12,1
11536,2025-12-30 10:04:44+05:30,3248.8,2,3246.42,149089,99387.0,99010.0,3250.0,3253.0,3239.8,3251.5,41625675,3576.6,2926.4,4322.95,2866.6,3248.6,13,1,3248.2,70,4,3248.1,61,1,3248.0,55,6,3247.8,46,4,3248.8,660,7,3249.0,35,2,3249.2,27,1,3249.4,5,1,3249.5,12,1
11536,2025-12-30 10:04:44+05:30,3248.6,1,3246.42,149089,99387.0,99010.0,3250.0,3253.0,3239.8,3251.5,41625675,3576.6,2926.4,4322.95,2866.6,3248.6,13,1,3248.2,70,4,3248.1,61,1,3248.0,55,6,3247.8,46,4,3248.8,660,7,3249.0,35,2,3249.2,27,1,3249.4,5,1,3249.5,12,1
11536,2025-12-30 10:04:45+05:30,3248.8,1,3246.42,149097,99435.0,99621.0,3250.0,3253.0,3239.8,3251.5,41625675,3576.6,2926.4,4322.95,2866.6,3248.7,6,1,3248.6,51,1,3248.2,69,4,3248.1,61,1,3248.0,52,6,3248.8,1200,9,3249.0,35,2,3249.1,40,1,3249.2,27,1,3249.4,31,2
11536,2025-12-30 10:04:45+05:30,3248.7,2,3246.42,149097,99435.0,99621.0,3250.0,3253.0,3239.8,3251.5,41625675,3576.6,2926.4,4322.95,2866.6,3248.7,6,1,3248.6,51,1,3248.2,69,4,3248.1,61,1,3248.0,52,6,3248.8,1200,9,3249.0,35,2,3249.1,40,1,3249.2,27,1,3249.4,31,2
11536,2025-12-30 10:04:46+05:30,3248.7,2,3246.42,149099,99955.0,100953.0,3250.0,3253.0,3239.8,3251.5,41625675,3576.6,2926.4,4322.95,2866.6,3248.7,4,1,3248.6,51,1,3248.2,69,4,3248.1,80,2,3248.0,75,7,3248.8,1215,11,3249.0,35,2,3249.1,40,1,3249.2,27,1,3249.4,31,2
11536,2025-12-30 10:04:46+05:30,3248.7,2,3246.42,149099,99955.0,100953.0,3250.0,3253.0,3239.8,3251.5,41625675,3576.6,2926.4,4322.95,2866.6,3248.7,4,1,3248.6,51,1,3248.2,69,4,3248.1,80,2,3248.0,75,7,3248.8,1215,11,3249.0,35,2,3249.1,40,1,3249.2,27,1,3249.4,31,2
11536,2025-12-30 10:04:46+05:30,3248.8,1,3246.42,149099,99955.0,100953.0,3250.0,3253.0,3239.8,3251.5,41625675,3576.6,2926.4,4322.95,2866.6,3248.7,4,1,3248.6,51,1,3248.2,69,4,3248.1,80,2,3248.0,75,7,3248.8,1215,11,3249.0,35,2,3249.1,40,1,3249.2,27,1,3249.4,31,2
11536,2025-12-30 10:04:47+05:30,3248.8,1,3246.42,149107,100015.0,100984.0,3250.0,3253.0,3239.8,3251.5,41625675,3576.6,2926.4,4322.95,2866.6,3248.7,12,2,3248.6,52,2,3248.3,61,1,3248.2,59,3,3248.0,52,6,3248.8,1211,9,3249.0,35,2,3249.1,40,1,3249.2,27,1,3249.3,17,2
11536,2025-12-30 10:04:47+05:30,3248.8,1,3246.42,149107,100015.0,100984.0,3250.0,3253.0,3239.8,3251.5,41625675,3576.6,2926.4,4322.95,2866.6,3248.7,12,2,3248.6,52,2,3248.3,61,1,3248.2,59,3,3248.0,52,6,3248.8,1211,9,3249.0,35,2,3249.1,40,1,3249.2,27,1,3249.3,17,2
11536,2025-12-30 10:04:48+05:30,3248.7,1,3246.42,149112,99931.0,100993.0,3250.0,3253.0,3239.8,3251.5,41625675,3576.6,2926.4,4322.95,2866.6,3248.7,8,2,3248.6,52,2,3248.2,59,3,3248.0,42,5,3247.8,58,4,3248.8,1210,9,3249.0,35,2,3249.1,50,2,3249.2,27,1,3249.3,7,1
11536,2025-12-30 10:04:48+05:30,3248.7,1,3246.42,149112,99931.0,100993.0,3250.0,3253.0,3239.8,3251.5,41625675,3576.6,2926.4,4322.95,2866.6,3248.7,8,2,3248.6,52,2,3248.2,59,3,3248.0,42,5,3247.8,58,4,3248.8,1210,9,3249.0,35,2,3249.1,50,2,3249.2,27,1,3249.3,7,1
11536,2025-12-30 10:04:49+05:30,3248.8,50,3246.42,149165,99976.0,100908.0,3250.0,3253.0,3239.8,3251.5,41625675,3576.6,2926.4,4322.95,2866.6,3248.7,58,3,3248.6,52,2,3248.2,59,3,3248.1,10,1,3248.0,42,5,3248.8,1160,9,3249.0,35,2,3249.1,40,1,3249.2,27,1,3249.4,31,2
11536,2025-12-30 10:04:49+05:30,3248.7,1,3246.42,149165,99976.0,100908.0,3250.0,3253.0,3239.8,3251.5,41625675,3576.6,2926.4,4322.95,2866.6,3248.7,58,3,3248.6,52,2,3248.2,59,3,3248.1,10,1,3248.0,42,5,3248.8,1160,9,3249.0,35,2,3249.1,40,1,3249.2,27,1,3249.4,31,2
11536,2025-12-30 10:04:50+05:30,3248.7,1,3246.42,149168,99964.0,100970.0,3250.0,3253.0,3239.8,3251.5,41625675,3576.6,2926.4,4322.95,2866.6,3248.7,55,3,3248.6,53,3,3248.2,59,3,3248.1,10,1,3248.0,42,5,3248.8,1161,9,3249.0,35,2,3249.1,40,1,3249.2,27,1,3249.4,41,3
11536,2025-12-30 10:04:50+05:30,3248.7,1,3246.42,149168,99964.0,100970.0,3250.0,3253.0,3239.8,3251.5,41625675,3576.6,2926.4,4322.95,2866.6,3248.7,55,3,3248.6,53,3,3248.2,59,3,3248.1,10,1,3248.0,42,5,3248.8,1161,9,3249.0,35,2,3249.1,40,1,3249.2,27,1,3249.4,41,3
11536,2025-12-30 10:04:51+05:30,3248.7,1,3246.42,149170,99470.0,101935.0,3250.0,3253.0,3239.8,3251.5,41625675,3576.6,2926.4,4322.95,2866.6,3248.7,67,3,3248.6,53,3,3248.2,59,3,3248.0,42,5,3247.9,3,1,3248.8,1160,8,3249.0,35,2,3249.1,40,1,3249.2,27,1,3249.3,10,1
11536,2025-12-30 10:04:51+05:30,3248.7,15,3246.42,149170,99470.0,101935.0,3250.0,3253.0,3239.8,3251.5,41625675,3576.6,2926.4,4322.95,2866.6,3248.7,67,3,3248.6,53,3,3248.2,59,3,3248.0,42,5,3247.9,3,1,3248.8,1160,8,3249.0,35,2,3249.1,40,1,3249.2,27,1,3249.3,10,1
11536,2025-12-30 10:04:52+05:30,3248.7,10,3246.42,149198,99444.0,102049.0,3250.0,3253.0,3239.8,3251.5,41625675,3576.6,2926.4,4322.95,2866.6,3248.7,41,4,3248.6,53,3,3248.2,59,3,3248.0,42,5,3247.9,3,1,3248.8,1158,8,3249.0,35,2,3249.1,40,1,3249.2,37,2,3249.4,47,4
11536,2025-12-30 10:04:52+05:30,3248.7,10,3246.42,149198,99444.0,102049.0,3250.0,3253.0,3239.8,3251.5,41625675,3576.6,2926.4,4322.95,2866.6,3248.7,41,4,3248.6,53,3,3248.2,59,3,3248.0,42,5,3247.9,3,1,3248.8,1158,8,3249.0,35,2,3249.1,40,1,3249.2,37,2,3249.4,47,4
11536,2025-12-30 10:04:53+05:30,3248.7,1,3246.42,149202,99437.0,102037.0,3250.0,3253.0,3239.8,3251.5,41625675,3576.6,2926.4,4322.95,2866.6,3248.7,40,4,3248.6,53,3,3248.2,59,3,3248.0,42,5,3247.9,3,1,3248.8,1156,9,3249.0,35,2,3249.1,40,1,3249.2,27,1,3249.4,47,4
11536,2025-12-30 10:04:53+05:30,3248.7,4,3246.42,149202,99437.0,102037.0,3250.0,3253.0,3239.8,3251.5,41625675,3576.6,2926.4,4322.95,2866.6,3248.7,40,4,3248.6,53,3,3248.2,59,3,3248.0,42,5,3247.9,3,1,3248.8,1156,9,3249.0,35,2,3249.1,40,1,3249.2,27,1,3249.4,47,4
11536,2025-12-30 10:04:54+05:30,3248.7,4,3246.42,149207,99474.0,102048.0,3250.0,3253.0,3239.8,3251.5,41625675,3576.6,2926.4,4322.95,2866.6,3248.7,35,4,3248.6,53,3,3248.2,59,3,3248.0,42,5,3247.9,3,1,3248.8,1158,11,3249.0,35,2,3249.1,76,3,3249.4,47,4,3249.6,63,5
11536,2025-12-30 10:04:54+05:30,3248.7,3,3246.42,149207,99474.0,102048.0,3250.0,3253.0,3239.8,3251.5,41625675,3576.6,2926.4,4322.95,2866.6,3248.7,35,4,3248.6,53,3,3248.2,59,3,3248.0,42,5,3247.9,3,1,3248.8,1158,11,3249.0,35,2,3249.1,76,3,3249.4,47,4,3249.6,63,5
11536,2025-12-30 10:04:55+05:30,3248.7,3,3246.42,149214,99414.0,102052.0,3250.0,3253.0,3239.8,3251.5,41625675,3576.6,2926.4,4322.95,2866.6,3248.7,28,4,3248.6,53,3,3248.2,59,3,3248.0,42,5,3247.9,3,1,3248.8,1158,11,3249.0,35,2,3249.1,76,3,3249.2,19,1,3249.3,31,2
11536,2025-12-30 10:04:55+05:30,3248.7,1,3246.42,149214,99414.0,102052.0,3250.0,3253.0,3239.8,3251.5,41625675,3576.6,2926.4,4322.95,2866.6,3248.7,28,4,3248.6,53,3,3248.2,59,3,3248.0,42,5,3247.9,3,1,3248.8,1158,11,3249.0,35,2,3249.1,76,3,3249.2,19,1,3249.3,31,2
11536,2025-12-30 10:04:56+05:30,3248.7,1,3246.42,149221,99262.0,102665.0,3250.0,3253.0,3239.8,3251.5,41625675,3576.6,2926.4,4322.95,2866.6,3248.7,22,4,3248.6,53,3,3248.2,59,3,3248.0,42,5,3247.8,7,1,3248.8,1155,9,3248.9,9,1,3249.0,61,3,3249.1,91,4,3249.2,32,2
11536,2025-12-30 10:04:56+05:30,3248.7,1,3246.42,149221,99262.0,102665.0,3250.0,3253.0,3239.8,3251.5,41625675,3576.6,2926.4,4322.95,2866.6,3248.7,22,4,3248.6,53,3,3248.2,59,3,3248.0,42,5,3247.8,7,1,3248.8,1155,9,3248.9,9,1,3249.0,61,3,3249.1,91,4,3249.2,32,2
11536,2025-12-30 10:04:57+05:30,3248.7,1,3246.42,149225,99800.0,102752.0,3250.0,3253.0,3239.8,3251.5,41625675,3576.6,2926.4,4322.95,2866.6,3248.7,68,5,3248.6,53,3,3248.2,59,3,3248.0,42,5,3247.9,9,1,3248.8,1153,7,3249.0,35,2,3249.2,35,2,3249.3,82,3,3249.4,65,5
11536,2025-12-30 10:04:57+05:30,3248.7,1,3246.42,149225,99800.0,102752.0,3250.0,3253.0,3239.8,3251.5,41625675,3576.6,2926.4,4322.95,2866.6,3248.7,68,5,3248.6,53,3,3248.2,59,3,3248.0,42,5,3247.9,9,1,3248.8,1153,7,3249.0,35,2,3249.2,35,2,3249.3,82,3,3249.4,65,5
11536,2025-12-30 10:04:58+05:30,3248.7,1,3246.42,149229,99802.0,102763.0,3250.0,3253.0,3239.8,3251.5,41625675,3576.6,2926.4,4322.95,2866.6,3248.7,65,4,3248.6,53,3,3248.2,59,3,3248.0,42,5,3247.9,9,1,3248.8,1152,7,3249.0,35,2,3249.1,35,2,3249.2,48,2,3249.3,40,2
11536,2025-12-30 10:04:58+05:30,3248.7,1,3246.42,149229,99802.0,102763.0,3250.0,3253.0,3239.8,3251.5,41625675,3576.6,2926.4,4322.95,2866.6,3248.7,65,4,3248.6,53,3,3248.2,59,3,3248.0,42,5,3247.9,9,1,3248.8,1152,7,3249.0,35,2,3249.1,35,2,3249.2,48,2,3249.3,40,2
11536,2025-12-30 10:04:59+05:30,3248.7,2,3246.42,149232,99671.0,102786.0,3250.0,3253.0,3239.8,3251.5,41625675,3576.6,2926.4,4322.95,2866.6,3248.7,62,4,3248.6,53,3,3248.2,59,3,3248.0,42,5,3247.7,3,1,3248.8,1151,6,3249.0,61,3,3249.1,87,3,3249.2,32,2,3249.3,40,2
11536,2025-12-30 10:04:59+05:30,3248.7,1,3246.42,149232,99671.0,102786.0,3250.0,3253.0,3239.8,3251.5,41625675,3576.6,2926.4,4322.95,2866.6,3248.7,62,4,3248.6,53,3,3248.2,59,3,3248.0,42,5,3247.7,3,1,3248.8,1151,6,3249.0,61,3,3249.1,87,3,3249.2,32,2,3249.3,40,2
11536,2025-12-30 10:05:00+05:30,3248.7,1,3246.42,149233,99729.0,102843.0,3250.0,3253.0,3239.8,3251.5,41625675,3576.6,2926.4,4322.95,2866.6,3248.7,106,5,3248.6,53,3,3248.2,59,3,3248.0,42,5,3247.7,12,2,3248.8,1152,7,3248.9,9,1,3249.0,67,4,3249.1,87,3,3249.2,38,3
11536,2025-12-30 10:05:00+05:30,3248.7,1,3246.42,149233,99729.0,102843.0,3250.0,3253.0,3239.8,3251.5,41625675,3576.6,2926.4,4322.95,2866.6,3248.7,106,5,3248.6,53,3,3248.2,59,3,3248.0,42,5,3247.7,12,2,3248.8,1152,7,3248.9,9,1,3249.0,67,4,3249.1,87,3,3249.2,38,3
11536,2025-12-30 10:05:01+05:30,3248.7,1,3246.42,149235,99729.0,102769.0,3250.0,3253.0,3239.8,3251.5,41625675,3576.6,2926.4,4322.95,2866.6,3248.7,104,5,3248.6,53,3,3248.2,59,3,3248.0,42,5,3247.7,12,2,3248.8,1150,5,3249.0,70,4,3249.1,68,2,3249.2,15,2,3249.3,40,2
11536,2025-12-30 10:05:01+05:30,3248.8,2,3246.42,149235,99729.0,102769.0,3250.0,3253.0,3239.8,3251.5,41625675,3576.6,2926.4,4322.95,2866.6,3248.7,104,5,3248.6,53,3,3248.2,59,3,3248.0,42,5,3247.7,12,2,3248.8,1150,5,3249.0,70,4,3249.1,68,2,3249.2,15,2,3249.3,40,2
11536,2025-12-30 10:05:02+05:30,3248.8,2,3246.42,149238,99737.0,102769.0,3250.0,3253.0,3239.8,3251.5,41625675,3576.6,2926.4,4322.95,2866.6,3248.7,103,5,3248.6,53,3,3248.2,59,3,3248.0,42,5,3247.7,12,2,3248.8,1150,7,3249.0,70,4,3249.1,68,2,3249.2,15,2,3249.3,40,2
11536,2025-12-30 10:05:02+05:30,3248.7,1,3246.42,149238,99737.0,102769.0,3250.0,3253.0,3239.8,3251.5,41625675,3576.6,2926.4,4322.95,2866.6,3248.7,103,5,3248.6,53,3,3248.2,59,3,3248.0,42,5,3247.7,12,2,3248.8,1150,7,3249.0,70,4,3249.1,68,2,3249.2,15,2,3249.3,40,2
11536,2025-12-30 10:05:03+05:30,3248.7,1,3246.42,149239,99765.0,102768.0,3250.0,3253.0,3239.8,3251.5,41625675,3576.6,2926.4,4322.95,2866.6,3248.7,102,5,3248.6,53,3,3248.3,9,1,3248.2,59,3,3248.0,42,5,3248.8,1149,6,3249.0,70,4,3249.1,68,2,3249.2,15,2,3249.3,40,2
11536,2025-12-30 10:05:03+05:30,3248.8,1,3246.42,149239,99765.0,102768.0,3250.0,3253.0,3239.8,3251.5,41625675,3576.6,2926.4,4322.95,2866.6,3248.7,102,5,3248.6,53,3,3248.3,9,1,3248.2,59,3,3248.0,42,5,3248.8,1149,6,3249.0,70,4,3249.1,68,2,3249.2,15,2,3249.3,40,2
11536,2025-12-30 10:05:04+05:30,3248.8,1,3246.42,149242,99765.0,102767.0,3250.0,3253.0,3239.8,3251.5,41625675,3576.6,2926.4,4322.95,2866.6,3248.7,100,5,3248.6,53,3,3248.3,9,1,3248.2,59,3,3248.0,42,5,3248.8,1148,6,3248.9,9,1,3249.0,61,3,3249.1,42,1,3249.2,15,2
11536,2025-12-30 10:05:04+05:30,3248.7,1,3246.42,149242,99765.0,102767.0,3250.0,3253.0,3239.8,3251.5,41625675,3576.6,2926.4,4322.95,2866.6,3248.7,100,5,3248.6,53,3,3248.3,9,1,3248.2,59,3,3248.0,42,5,3248.8,1148,6,3248.9,9,1,3249.0,61,3,3249.1,42,1,3249.2,15,2
11536,2025-12-30 10:05:04+05:30,3248.7,1,3246.42,149243,99752.0,102766.0,3250.0,3253.0,3239.8,3251.5,41625675,3576.6,2926.4,4322.95,2866.6,3248.7,99,5,3248.6,53,3,3248.3,9,1,3248.2,59,3,3248.0,42,5,3248.8,1147,5,3248.9,9,1,3249.0,61,3,3249.1,42,1,3249.2,15,2
11536,2025-12-30 10:05:05+05:30,3248.8,1,3246.42,149243,99752.0,102766.0,3250.0,3253.0,3239.8,3251.5,41625675,3576.6,2926.4,4322.95,2866.6,3248.7,99,5,3248.6,53,3,3248.3,9,1,3248.2,59,3,3248.0,42,5,3248.8,1147,5,3248.9,9,1,3249.0,61,3,3249.1,42,1,3249.2,15,2
11536,2025-12-30 10:05:05+05:30,3248.7,1,3246.42,149258,99741.0,102981.0,3250.0,3253.0,3239.8,3251.5,41625675,3576.6,2926.4,4322.95,2866.6,3248.7,102,5,3248.6,53,3,3248.3,9,1,3248.2,59,3,3248.0,42,5,3248.8,1157,8,3249.0,70,4,3249.1,61,2,3249.2,38,3,3249.3,40,2
11536,2025-12-30 10:05:06+05:30,3248.7,1,3246.42,149258,99741.0,102981.0,3250.0,3253.0,3239.8,3251.5,41625675,3576.6,2926.4,4322.95,2866.6,3248.7,102,5,3248.6,53,3,3248.3,9,1,3248.2,59,3,3248.0,42,5,3248.8,1157,8,3249.0,70,4,3249.1,61,2,3249.2,38,3,3249.3,40,2
11536,2025-12-30 10:05:06+05:30,3248.7,1,3246.42,149263,99823.0,102859.0,3250.0,3253.0,3239.8,3251.5,41625675,3576.6,2926.4,4322.95,2866.6,3248.7,101,5,3248.6,53,3,3248.3,70,2,3248.2,59,3,3248.0,42,5,3248.8,1143,6,3249.0,61,3,3249.1,42,1,3249.2,9,1,3249.3,40,2
11536,2025-12-30 10:05:07+05:30,3248.7,1,3246.42,149263,99823.0,102859.0,3250.0,3253.0,3239.8,3251.5,41625675,3576.6,2926.4,4322.95,2866.6,3248.7,101,5,3248.6,53,3,3248.3,70,2,3248.2,59,3,3248.0,42,5,3248.8,1143,6,3249.0,61,3,3249.1,42,1,3249.2,9,1,3249.3,40,2
11536,2025-12-30 10:05:07+05:30,3248.7,5,3246.42,149268,100062.0,102876.0,3250.0,3253.0,3239.8,3251.5,41625675,3576.6,2926.4,4322.95,2866.6,3248.7,96,5,3248.6,53,3,3248.3,70,2,3248.2,59,3,3248.0,42,5,3248.8,1145,8,3249.0,61,3,3249.1,42,1,3249.2,9,1,3249.3,30,1
11536,2025-12-30 10:05:08+05:30,3248.7,5,3246.42,149268,100062.0,102876.0,3250.0,3253.0,3239.8,3251.5,41625675,3576.6,2926.4,4322.95,2866.6,3248.7,96,5,3248.6,53,3,3248.3,70,2,3248.2,59,3,3248.0,42,5,3248.8,1145,8,3249.0,61,3,3249.1,42,1,3249.2,9,1,3249.3,30,1
11536,2025-12-30 10:05:08+05:30,3248.7,3,3246.42,149271,99997.0,102883.0,3250.0,3253.0,3239.8,3251.5,41625675,3576.6,2926.4,4322.95,2866.6,3248.7,93,5,3248.6,53,3,3248.3,70,2,3248.2,59,3,3248.0,42,5,3248.8,1153,9,3249.0,69,4,3249.1,42,1,3249.3,30,1,3249.4,65,5
11536,2025-12-30 10:05:09+05:30,3248.7,1,3246.42,149271,99997.0,102883.0,3250.0,3253.0,3239.8,3251.5,41625675,3576.6,2926.4,4322.95,2866.6,3248.7,93,5,3248.6,53,3,3248.3,70,2,3248.2,59,3,3248.0,42,5,3248.8,1153,9,3249.0,69,4,3249.1,42,1,3249.3,30,1,3249.4,65,5
11536,2025-12-30 10:05:09+05:30,3248.7,2,3246.42,149274,100046.0,102882.0,3250.0,3253.0,3239.8,3251.5,41625675,3576.6,2926.4,4322.95,2866.6,3248.7,90,5,3248.6,53,3,3248.3,70,2,3248.2,59,3,3248.0,42,5,3248.8,1153,9,3249.0,69,4,3249.1,42,1,3249.2,13,2,3249.3,30,1
11536,2025-12-30 10:05:10+05:30,3248.7,1,3246.42,149274,100046.0,102882.0,3250.0,3253.0,3239.8,3251.5,41625675,3576.6,2926.4,4322.95,2866.6,3248.7,90,5,3248.6,53,3,3248.3,70,2,3248.2,59,3,3248.0,42,5,3248.8,1153,9,3249.0,69,4,3249.1,42,1,3249.2,13,2,3249.3,30,1
11536,2025-12-30 10:05:10+05:30,3248.7,1,3246.42,149275,99892.0,102702.0,3250.0,3253.0,3239.8,3251.5,41625675,3576.6,2926.4,4322.95,2866.6,3248.7,89,5,3248.6,53,3,3248.3,70,2,3248.2,59,3,3248.0,42,5,3248.8,1154,10,3248.9,24,1,3249.0,48,4,3249.1,49,2,3249.2,13,2
11536,2025-12-30 10:05:11+05:30,3248.7,1,3246.42,149275,99892.0,102702.0,3250.0,3253.0,3239.8,3251.5,41625675,3576.6,2926.4,4322.95,2866.6,3248.7,89,5,3248.6,53,3,3248.3,70,2,3248.2,59,3,3248.0,42,5,3248.8,1154,10,3248.9,24,1,3249.0,48,4,3249.1,49,2,3249.2,13,2
11536,2025-12-30 10:05:11+05:30,3248.7,1,3246.42,149277,99858.0,102709.0,3250.0,3253.0,3239.8,3251.5,41625675,3576.6,2926.4,4322.95,2866.6,3248.7,87,5,3248.6,53,3,3248.3,70,2,3248.2,59,3,3248.0,42,5,3248.8,1145,8,3248.9,24,1,3249.0,35,2,3249.1,62,2,3249.2,23,1
11536,2025-12-30 10:05:12+05:30,3248.8,1,3246.42,149277,99858.0,102709.0,3250.0,3253.0,3239.8,3251.5,41625675,3576.6,2926.4,4322.95,2866.6,3248.7,87,5,3248.6,53,3,3248.3,70,2,3248.2,59,3,3248.0,42,5,3248.8,1145,8,3248.9,24,1,3249.0,35,2,3249.1,62,2,3249.2,23,1
11536,2025-12-30 10:05:13+05:30,3248.8,3,3246.42,149283,99916.0,102669.0,3250.0,3253.0,3239.8,3251.5,41625675,3576.6,2926.4,4322.95,2866.6,3248.7,85,5,3248.6,53,3,3248.3,70,2,3248.2,59,3,3248.0,42,5,3248.8,1141,8,3249.0,35,2,3249.1,50,2,3249.2,24,1,3249.3,41,2
11536,2025-12-30 10:05:13+05:30,3248.7,1,3246.42,149283,99916.0,102669.0,3250.0,3253.0,3239.8,3251.5,41625675,3576.6,2926.4,4322.95,2866.6,3248.7,85,5,3248.6,53,3,3248.3,70,2,3248.2,59,3,3248.0,42,5,3248.8,1141,8,3249.0,35,2,3249.1,50,2,3249.2,24,1,3249.3,41,2
11536,2025-12-30 10:05:13+05:30,3248.8,2,3246.42,149287,99890.0,102677.0,3250.0,3253.0,3239.8,3251.5,41625675,3576.6,2926.4,4322.95,2866.6,3248.7,83,5,3248.6,53,3,3248.3,70,2,3248.2,59,3,3248.0,42,5,3248.8,1139,8,3249.0,35,2,3249.1,50,2,3249.2,29,2,3249.3,41,2
11536,2025-12-30 10:05:14+05:30,3248.8,2,3246.42,149287,99890.0,102677.0,3250.0,3253.0,3239.8,3251.5,41625675,3576.6,2926.4,4322.95,2866.6,3248.7,83,5,3248.6,53,3,3248.3,70,2,3248.2,59,3,3248.0,42,5,3248.8,1139,8,3249.0,35,2,3249.1,50,2,3249.2,29,2,3249.3,41,2
11536,2025-12-30 10:05:15+05:30,3248.7,1,3246.42,149311,98923.0,104455.0,3250.0,3253.0,3239.8,3251.5,41625675,3576.6,2926.4,4322.95,2866.6,3248.7,61,5,3248.6,53,3,3248.4,20,1,3248.3,9,1,3248.2,59,3,3248.8,1156,10,3248.9,24,1,3249.0,103,6,3249.1,53,3,3249.2,36,3
11536,2025-12-30 10:05:15+05:30,3248.7,1,3246.42,149311,98923.0,104455.0,3250.0,3253.0,3239.8,3251.5,41625675,3576.6,2926.4,4322.95,2866.6,3248.7,61,5,3248.6,53,3,3248.4,20,1,3248.3,9,1,3248.2,59,3,3248.8,1156,10,3248.9,24,1,3249.0,103,6,3249.1,53,3,3249.2,36,3
11536,2025-12-30 10:05:15+05:30,3248.7,2,3246.42,149315,98938.0,103306.0,3250.0,3253.0,3239.8,3251.5,41625675,3576.6,2926.4,4322.95,2866.6,3248.7,57,4,3248.6,53,3,3248.4,20,1,3248.3,9,1,3248.2,59,3,3248.8,1152,10,3248.9,24,1,3249.0,93,5,3249.1,53,3,3249.2,36,3
11536,2025-12-30 10:05:16+05:30,3248.8,1,3246.42,149315,98938.0,103306.0,3250.0,3253.0,3239.8,3251.5,41625675,3576.6,2926.4,4322.95,2866.6,3248.7,57,4,3248.6,53,3,3248.4,20,1,3248.3,9,1,3248.2,59,3,3248.8,1152,10,3248.9,24,1,3249.0,93,5,3249.1,53,3,3249.2,36,3
11536,2025-12-30 10:05:16+05:30,3248.7,1,3246.42,149359,98892.0,103120.0,3250.0,3253.0,3239.8,3251.5,41625675,3576.6,2926.4,4322.95,2866.6,3248.7,14,3,3248.6,53,3,3248.4,20,1,3248.3,9,1,3248.2,59,3,3248.8,1147,10,3248.9,24,1,3249.0,93,5,3249.1,53,3,3249.2,36,3
11536,2025-12-30 10:05:17+05:30,3248.7,7,3246.42,149359,98892.0,103120.0,3250.0,3253.0,3239.8,3251.5,41625675,3576.6,2926.4,4322.95,2866.6,3248.7,14,3,3248.6,53,3,3248.4,20,1,3248.3,9,1,3248.2,59,3,3248.8,1147,10,3248.9,24,1,3249.0,93,5,3249.1,53,3,3249.2,36,3
11536,2025-12-30 10:05:17+05:30,3248.7,6,3246.42,149394,98902.0,103142.0,3250.0,3253.0,3239.8,3251.5,41625675,3576.6,2926.4,4322.95,2866.6,3248.7,8,2,3248.6,53,3,3248.4,27,2,3248.3,18,2,3248.2,59,3,3248.8,1148,12,3248.9,24,1,3249.0,93,5,3249.1,46,2,3249.2,36,3
11536,2025-12-30 10:05:18+05:30,3248.4,58,3246.42,149394,98902.0,103142.0,3250.0,3253.0,3239.8,3251.5,41625675,3576.6,2926.4,4322.95,2866.6,3248.7,8,2,3248.6,53,3,3248.4,27,2,3248.3,18,2,3248.2,59,3,3248.8,1148,12,3248.9,24,1,3249.0,93,5,3249.1,46,2,3249.2,36,3
11536,2025-12-30 10:05:18+05:30,3248.4,5,3246.43,149687,93138.0,102928.0,3250.0,3253.0,3239.8,3251.5,41625675,3576.6,2926.4,4322.95,2866.6,3248.3,18,2,3248.2,59,3,3248.1,61,1,3248.0,10,2,3247.5,36,1,3248.8,1178,14,3248.9,17,2,3249.0,46,4,3249.1,97,5,3249.2,98,6
11536,2025-12-30 10:05:19+05:30,3248.3,5,3246.43,149687,93138.0,102928.0,3250.0,3253.0,3239.8,3251.5,41625675,3576.6,2926.4,4322.95,2866.6,3248.3,18,2,3248.2,59,3,3248.1,61,1,3248.0,10,2,3247.5,36,1,3248.8,1178,14,3248.9,17,2,3249.0,46,4,3249.1,97,5,3249.2,98,6
11536,2025-12-30 10:05:19+05:30,3248.8,20,3246.43,149723,94047.0,102756.0,3250.0,3253.0,3239.8,3251.5,41625675,3576.6,2926.4,4322.95,2866.6,3248.3,61,3,3248.2,59,3,3248.1,61,1,3248.0,37,3,3247.5,36,1,3248.8,1139,14,3248.9,11,1,3249.0,52,5,3249.1,43,3,3249.2,40,4
11536,2025-12-30 10:05:20+05:30,3248.3,8,3246.43,149723,94047.0,102756.0,3250.0,3253.0,3239.8,3251.5,41625675,3576.6,2926.4,4322.95,2866.6,3248.3,61,3,3248.2,59,3,3248.1,61,1,3248.0,37,3,3247.5,36,1,3248.8,1139,14,3248.9,11,1,3249.0,52,5,3249.1,43,3,3249.2,40,4
11536,2025-12-30 10:05:20+05:30,3248.3,1,3246.43,149785,93837.0,102890.0,3250.0,3253.0,3239.8,3251.5,41625675,3576.6,2926.4,4322.95,2866.6,3248.3,17,2,3248.2,59,3,3248.1,61,1,3248.0,42,4,3247.5,36,1,3248.8,1131,13,3248.9,17,2,3249.0,70,5,3249.1,49,3,3249.2,49,4
11536,2025-12-30 10:05:21+05:30,3248.8,50,3246.43,149785,93837.0,102890.0,3250.0,3253.0,3239.8,3251.5,41625675,3576.6,2926.4,4322.95,2866.6,3248.3,17,2,3248.2,59,3,3248.1,61,1,3248.0,42,4,3247.5,36,1,3248.8,1131,13,3248.9,17,2,3249.0,70,5,3249.1,49,3,3249.2,49,4
11536,2025-12-30 10:05:21+05:30,3248.8,50,3246.43,149839,94154.0,103180.0,3250.0,3253.0,3239.8,3251.5,41625675,3576.6,2926.4,4322.95,2866.6,3248.3,13,2,3248.2,59,3,3248.0,42,4,3247.5,36,1,3247.4,20,1,3248.7,50,1,3248.8,1083,14,3248.9,31,2,3249.0,69,5,3249.1,49,4
11536,2025-12-30 10:05:22+05:30,3248.3,3,3246.43,149839,94154.0,103180.0,3250.0,3253.0,3239.8,3251.5,41625675,3576.6,2926.4,4322.95,2866.6,3248.3,13,2,3248.2,59,3,3248.0,42,4,3247.5,36,1,3247.4,20,1,3248.7,50,1,3248.8,1083,14,3248.9,31,2,3249.0,69,5,3249.1,49,4
11536,2025-12-30 10:05:22+05:30,3248.3,1,3246.43,149879,93509.0,103278.0,3250.0,3253.0,3239.8,3251.5,41625675,3576.6,2926.4,4322.95,2866.6,3248.3,18,2,3248.2,59,3,3248.0,42,4,3247.5,36,1,3247.4,20,1,3248.7,112,11,3248.8,1076,7,3248.9,88,4,3249.0,75,6,3249.1,29,2
11536,2025-12-30 10:05:23+05:30,3248.3,3,3246.43,149879,93509.0,103278.0,3250.0,3253.0,3239.8,3251.5,41625675,3576.6,2926.4,4322.95,2866.6,3248.3,18,2,3248.2,59,3,3248.0,42,4,3247.5,36,1,3247.4,20,1,3248.7,112,11,3248.8,1076,7,3248.9,88,4,3249.0,75,6,3249.1,29,2
11536,2025-12-30 10:05:23+05:30,3248.7,1,3246.43,149901,93510.0,103324.0,3250.0,3253.0,3239.8,3251.5,41625675,3576.6,2926.4,4322.95,2866.6,3248.3,15,2,3248.2,59,3,3248.0,42,4,3247.5,36,1,3247.4,20,1,3248.7,135,17,3248.8,1092,5,3248.9,88,4,3249.0,75,6,3249.1,29,2
11536,2025-12-30 10:05:24+05:30,3248.3,1,3246.43,149901,93510.0,103324.0,3250.0,3253.0,3239.8,3251.5,41625675,3576.6,2926.4,4322.95,2866.6,3248.3,15,2,3248.2,59,3,3248.0,42,4,3247.5,36,1,3247.4,20,1,3248.7,135,17,3248.8,1092,5,3248.9,88,4,3249.0,75,6,3249.1,29,2
11536,2025-12-30 10:05:24+05:30,3248.3,3,3246.43,149938,93522.0,103323.0,3250.0,3253.0,3239.8,3251.5,41625675,3576.6,2926.4,4322.95,2866.6,3248.3,14,2,3248.2,59,3,3248.0,51,5,3247.5,36,1,3247.4,20,1,3248.7,144,17,3248.8,1091,4,3248.9,88,4,3249.0,75,6,3249.1,29,2
11536,2025-12-30 10:05:25+05:30,3248.3,5,3246.43,149938,93522.0,103323.0,3250.0,3253.0,3239.8,3251.5,41625675,3576.6,2926.4,4322.95,2866.6,3248.3,14,2,3248.2,59,3,3248.0,51,5,3247.5,36,1,3247.4,20,1,3248.7,144,17,3248.8,1091,4,3248.9,88,4,3249.0,75,6,3249.1,29,2
11536,2025-12-30 10:05:25+05:30,3248.3,1,3246.43,149980,93488.0,103320.0,3250.0,3253.0,3239.8,3251.5,41625675,3576.6,2926.4,4322.95,2866.6,3248.3,2,1,3248.2,59,3,3248.0,51,5,3247.5,36,1,3247.3,3,1,3248.7,144,15,3248.8,1111,4,3248.9,68,4,3249.0,75,6,3249.1,53,3
11536,2025-12-30 10:05:26+05:30,3248.3,10,3246.43,149980,93488.0,103320.0,3250.0,3253.0,3239.8,3251.5,41625675,3576.6,2926.4,4322.95,2866.6,3248.3,2,1,3248.2,59,3,3248.0,51,5,3247.5,36,1,3247.3,3,1,3248.7,144,15,3248.8,1111,4,3248.9,68,4,3249.0,75,6,3249.1,53,3
11536,2025-12-30 10:05:26+05:30,3248.3,5,3246.43,150005,93395.0,104375.0,3250.0,3253.0,3239.8,3251.5,41625675,3576.6,2926.4,4322.95,2866.6,3248.2,59,3,3248.1,22,2,3248.0,10,2,3247.5,36,1,3247.3,3,1,3248.3,1,1,3248.6,45,5,3248.7,163,13,3248.8,1074,4,3248.9,57,3
11536,2025-12-30 10:05:27+05:30,3248.2,8,3246.43,150005,93395.0,104375.0,3250.0,3253.0,3239.8,3251.5,41625675,3576.6,2926.4,4322.95,2866.6,3248.2,59,3,3248.1,22,2,3248.0,10,2,3247.5,36,1,3247.3,3,1,3248.3,1,1,3248.6,45,5,3248.7,163,13,3248.8,1074,4,3248.9,57,3
11536,2025-12-30 10:05:28+05:30,3248.2,3,3246.43,150046,95279.0,104224.0,3250.0,3253.0,3239.8,3251.5,41625675,3576.6,2926.4,4322.95,2866.6,3248.2,62,3,3248.1,22,2,3248.0,10,2,3247.5,36,1,3247.3,3,1,3248.3,23,7,3248.4,9,1,3248.5,6,1,3248.6,79,4,3248.7,60,5
11536,2025-12-30 10:05:28+05:30,3248.2,3,3246.43,150046,95279.0,104224.0,3250.0,3253.0,3239.8,3251.5,41625675,3576.6,2926.4,4322.95,2866.6,3248.2,62,3,3248.1,22,2,3248.0,10,2,3247.5,36,1,3247.3,3,1,3248.3,23,7,3248.4,9,1,3248.5,6,1,3248.6,79,4,3248.7,60,5
11536,2025-12-30 10:05:29+05:30,3248.2,9,3246.43,150067,95376.0,103199.0,3250.0,3253.0,3239.8,3251.5,41625675,3576.6,2926.4,4322.95,2866.6,3248.2,101,5,3248.1,10,1,3248.0,37,3,3247.5,36,1,3247.3,12,2,3248.3,24,8,3248.6,10,2,3248.7,49,2,3248.8,1103,6,3248.9,103,4
11536,2025-12-30 10:05:29+05:30,3248.2,1,3246.43,150067,95376.0,103199.0,3250.0,3253.0,3239.8,3251.5,41625675,3576.6,2926.4,4322.95,2866.6,3248.2,101,5,3248.1,10,1,3248.0,37,3,3247.5,36,1,3247.3,12,2,3248.3,24,8,3248.6,10,2,3248.7,49,2,3248.8,1103,6,3248.9,103,4
11536,2025-12-30 10:05:30+05:30,3248.2,1,3246.43,150073,95202.0,104072.0,3250.0,3253.0,3239.8,3251.5,41625675,3576.6,2926.4,4322.95,2866.6,3248.2,95,4,3248.1,10,1,3248.0,37,3,3247.5,62,2,3247.3,12,2,3248.3,24,8,3248.7,58,3,3248.8,594,4,3248.9,31,2,3249.0,63,6
11536,2025-12-30 10:05:30+05:30,3248.2,2,3246.43,150073,95202.0,104072.0,3250.0,3253.0,3239.8,3251.5,41625675,3576.6,2926.4,4322.95,2866.6,3248.2,95,4,3248.1,10,1,3248.0,37,3,3247.5,62,2,3247.3,12,2,3248.3,24,8,3248.7,58,3,3248.8,594,4,3248.9,31,2,3249.0,63,6
11536,2025-12-30 10:05:31+05:30,3248.7,1,3246.43,150124,95425.0,103702.0,3250.0,3253.0,3239.8,3251.5,41625675,3576.6,2926.4,4322.95,2866.6,3248.3,13,2,3248.2,72,3,3248.1,10,1,3248.0,37,3,3247.5,70,3,3248.7,65,5,3248.8,579,4,3248.9,31,2,3249.0,38,4,3249.1,69,4
11536,2025-12-30 10:05:31+05:30,3248.7,1,3246.43,150124,95425.0,103702.0,3250.0,3253.0,3239.8,3251.5,41625675,3576.6,2926.4,4322.95,2866.6,3248.3,13,2,3248.2,72,3,3248.1,10,1,3248.0,37,3,3247.5,70,3,3248.7,65,5,3248.8,579,4,3248.9,31,2,3249.0,38,4,3249.1,69,4
11536,2025-12-30 10:05:32+05:30,3248.7,1,3246.43,150124,95437.0,103718.0,3250.0,3253.0,3239.8,3251.5,41625675,3576.6,2926.4,4322.95,2866.6,3248.3,23,3,3248.2,72,3,3248.1,10,1,3248.0,37,3,3247.5,70,3,3248.7,74,7,3248.8,579,4,3248.9,31,2,3249.0,38,4,3249.1,69,4
11536,2025-12-30 10:05:33+05:30,3248.5,12,3246.43,150136,96147.0,102931.0,3250.0,3253.0,3239.8,3251.5,41625675,3576.6,2926.4,4322.95,2866.6,3248.5,14,2,3248.3,57,3,3248.2,72,3,3248.1,10,1,3248.0,37,3,3248.7,122,5,3248.8,587,5,3249.0,16,3,3249.1,66,3,3249.2,69,5
11536,2025-12-30 10:05:33+05:30,3248.5,1,3246.43,150136,96147.0,102931.0,3250.0,3253.0,3239.8,3251.5,41625675,3576.6,2926.4,4322.95,2866.6,3248.5,14,2,3248.3,57,3,3248.2,72,3,3248.1,10,1,3248.0,37,3,3248.7,122,5,3248.8,587,5,3249.0,16,3,3249.1,66,3,3249.2,69,5
11536,2025-12-30 10:05:34+05:30,3248.5,10,3246.43,150147,96174.0,103070.0,3250.0,3253.0,3239.8,3251.5,41625675,3576.6,2926.4,4322.95,2866.6,3248.5,3,2,3248.3,57,3,3248.2,72,3,3248.1,10,1,3248.0,37,3,3248.7,123,6,3248.8,551,2,3249.0,1,1,3249.1,62,3,3249.2,69,5
11536,2025-12-30 10:05:34+05:30,3248.5,10,3246.43,150147,96174.0,103070.0,3250.0,3253.0,3239.8,3251.5,41625675,3576.6,2926.4,4322.95,2866.6,3248.5,3,2,3248.3,57,3,3248.2,72,3,3248.1,10,1,3248.0,37,3,3248.7,123,6,3248.8,551,2,3249.0,1,1,3249.1,62,3,3249.2,69,5
11536,2025-12-30 10:05:35+05:30,3248.7,2,3246.43,150149,96225.0,102482.0,3250.0,3253.0,3239.8,3251.5,41625675,3576.6,2926.4,4322.95,2866.6,3248.6,1,1,3248.5,2,1,3248.3,57,3,3248.2,72,3,3248.1,10,1,3248.7,123,8,3248.8,551,2,3248.9,35,3,3249.0,1,1,3249.1,16,1
11536,2025-12-30 10:05:35+05:30,3248.6,1,3246.43,150149,96225.0,102482.0,3250.0,3253.0,3239.8,3251.5,41625675,3576.6,2926.4,4322.95,2866.6,3248.6,1,1,3248.5,2,1,3248.3,57,3,3248.2,72,3,3248.1,10,1,3248.7,123,8,3248.8,551,2,3248.9,35,3,3249.0,1,1,3249.1,16,1
11536,2025-12-30 10:05:36+05:30,3248.6,1,3246.43,150153,96600.0,102988.0,3250.0,3253.0,3239.8,3251.5,41625675,3576.6,2926.4,4322.95,2866.6,3248.6,11,1,3248.5,2,1,3248.3,57,3,3248.2,72,3,3248.1,10,1,3248.7,123,8,3248.8,551,2,3248.9,22,1,3249.0,9,2,3249.2,55,3
11536,2025-12-30 10:05:36+05:30,3248.6,3,3246.43,150153,96600.0,102988.0,3250.0,3253.0,3239.8,3251.5,41625675,3576.6,2926.4,4322.95,2866.6,3248.6,11,1,3248.5,2,1,3248.3,57,3,3248.2,72,3,3248.1,10,1,3248.7,123,8,3248.8,551,2,3248.9,22,1,3249.0,9,2,3249.2,55,3
11536,2025-12-30 10:05:37+05:30,3248.7,1,3246.43,150160,94856.0,102510.0,3250.0,3253.0,3239.8,3251.5,41625675,3576.6,2926.4,4322.95,2866.6,3248.6,5,1,3248.5,2,1,3248.3,57,3,3248.2,72,3,3248.1,10,1,3248.7,122,8,3248.8,551,2,3248.9,30,2,3249.0,6,2,3249.2,60,4
11536,2025-12-30 10:05:37+05:30,3248.6,1,3246.43,150160,94856.0,102510.0,3250.0,3253.0,3239.8,3251.5,41625675,3576.6,2926.4,4322.95,2866.6,3248.6,5,1,3248.5,2,1,3248.3,57,3,3248.2,72,3,3248.1,10,1,3248.7,122,8,3248.8,551,2,3248.9,30,2,3249.0,6,2,3249.2,60,4
11536,2025-12-30 10:05:38+05:30,3248.6,1,3246.43,150163,96261.0,102670.0,3250.0,3253.0,3239.8,3251.5,41625675,3576.6,2926.4,4322.95,2866.6,3248.6,2,1,3248.5,2,1,3248.3,57,3,3248.2,72,3,3248.1,10,1,3248.7,122,8,3248.8,564,4,3248.9,22,1,3249.0,14,3,3249.2,60,4
11536,2025-12-30 10:05:38+05:30,3248.6,2,3246.43,150163,96261.0,102670.0,3250.0,3253.0,3239.8,3251.5,41625675,3576.6,2926.4,4322.95,2866.6,3248.6,2,1,3248.5,2,1,3248.3,57,3,3248.2,72,3,3248.1,10,1,3248.7,122,8,3248.8,564,4,3248.9,22,1,3249.0,14,3,3249.2,60,4
11536,2025-12-30 10:05:39+05:30,3248.6,1,3246.43,150166,96320.0,102505.0,3250.0,3253.0,3239.8,3251.5,41625675,3576.6,2926.4,4322.95,2866.6,3248.6,63,2,3248.5,2,1,3248.4,9,1,3248.3,57,3,3248.2,72,3,3248.7,122,8,3248.8,551,2,3248.9,22,1,3249.0,9,2,3249.2,60,4
11536,2025-12-30 10:05:39+05:30,3248.6,1,3246.43,150166,96320.0,102505.0,3250.0,3253.0,3239.8,3251.5,41625675,3576.6,2926.4,4322.95,2866.6,3248.6,63,2,3248.5,2,1,3248.4,9,1,3248.3,57,3,3248.2,72,3,3248.7,122,8,3248.8,551,2,3248.9,22,1,3249.0,9,2,3249.2,60,4
11536,2025-12-30 10:05:40+05:30,3248.6,1,3246.43,150168,96310.0,103030.0,3250.0,3253.0,3239.8,3251.5,41625675,3576.6,2926.4,4322.95,2866.6,3248.6,61,2,3248.5,2,1,3248.4,9,1,3248.3,57,3,3248.2,72,3,3248.7,121,7,3248.8,551,2,3248.9,30,2,3249.0,6,2,3249.2,60,4
11536,2025-12-30 10:05:40+05:30,3248.6,1,3246.43,150168,96310.0,103030.0,3250.0,3253.0,3239.8,3251.5,41625675,3576.6,2926.4,4322.95,2866.6,3248.6,61,2,3248.5,2,1,3248.4,9,1,3248.3,57,3,3248.2,72,3,3248.7,121,7,3248.8,551,2,3248.9,30,2,3249.0,6,2,3249.2,60,4
11536,2025-12-30 10:05:41+05:30,3248.6,1,3246.43,150170,96317.0,102528.0,3250.0,3253.0,3239.8,3251.5,41625675,3576.6,2926.4,4322.95,2866.6,3248.6,69,3,3248.5,2,1,3248.3,57,3,3248.2,72,3,3248.0,37,3,3248.7,121,7,3248.8,552,3,3248.9,22,1,3249.0,6,2,3249.2,60,4
11536,2025-12-30 10:05:41+05:30,3248.6,1,3246.43,150170,96317.0,102528.0,3250.0,3253.0,3239.8,3251.5,41625675,3576.6,2926.4,4322.95,2866.6,3248.6,69,3,3248.5,2,1,3248.3,57,3,3248.2,72,3,3248.0,37,3,3248.7,121,7,3248.8,552,3,3248.9,22,1,3249.0,6,2,3249.2,60,4
11536,2025-12-30 10:05:42+05:30,3248.6,1,3246.43,150172,96315.0,102534.0,3250.0,3253.0,3239.8,3251.5,41625675,3576.6,2926.4,4322.95,2866.6,3248.6,57,2,3248.5,2,1,3248.4,10,1,3248.3,57,3,3248.2,72,3,3248.7,119,5,3248.8,552,3,3248.9,22,1,3249.0,14,3,3249.2,60,4
11536,2025-12-30 10:05:42+05:30,3248.6,1,3246.43,150172,96315.0,102534.0,3250.0,3253.0,3239.8,3251.5,41625675,3576.6,2926.4,4322.95,2866.6,3248.6,57,2,3248.5,2,1,3248.4,10,1,3248.3,57,3,3248.2,72,3,3248.7,119,5,3248.8,552,3,3248.9,22,1,3249.0,14,3,3249.2,60,4
11536,2025-12-30 10:05:43+05:30,3248.6,1,3246.43,150177,96332.0,102438.0,3250.0,3253.0,3239.8,3251.5,41625675,3576.6,2926.4,4322.95,2866.6,3248.6,67,4,3248.5,2,1,3248.3,57,3,3248.2,72,3,3248.0,46,4,3248.7,117,7,3248.8,552,3,3248.9,22,1,3249.0,1,1,3249.2,60,4
11536,2025-12-30 10:05:43+05:30,3248.6,1,3246.43,150177,96332.0,102438.0,3250.0,3253.0,3239.8,3251.5,41625675,3576.6,2926.4,4322.95,2866.6,3248.6,67,4,3248.5,2,1,3248.3,57,3,3248.2,72,3,3248.0,46,4,3248.7,117,7,3248.8,552,3,3248.9,22,1,3249.0,1,1,3249.2,60,4
11536,2025-12-30 10:05:44+05:30,3248.6,1,3246.43,150178,96366.0,102476.0,3250.0,3253.0,3239.8,3251.5,41625675,3576.6,2926.4,4322.95,2866.6,3248.6,101,5,3248.5,2,1,3248.4,11,1,3248.3,57,3,3248.2,72,3,3248.7,116,6,3248.8,514,3,3249.0,9,2,3249.2,82,5,3249.4,198,12
11536,2025-12-30 10:05:44+05:30,3248.6,1,3246.43,150178,96366.0,102476.0,3250.0,3253.0,3239.8,3251.5,41625675,3576.6,2926.4,4322.95,2866.6,3248.6,101,5,3248.5,2,1,3248.4,11,1,3248.3,57,3,3248.2,72,3,3248.7,116,6,3248.8,514,3,3249.0,9,2,3249.2,82,5,3249.4,198,12
11536,2025-12-30 10:05:45+05:30,3248.7,1,3246.44,150296,98245.0,101817.0,3250.0,3253.0,3239.8,3251.5,41625675,3576.6,2926.4,4322.95,2866.6,3248.6,144,9,3248.5,47,2,3248.4,35,3,3248.3,78,4,3248.2,92,4,3248.8,506,2,3249.0,1,1,3249.4,21,1,3249.6,20,1,3249.7,130,2
11536,2025-12-30 10:05:45+05:30,3248.7,1,3246.44,150296,98245.0,101817.0,3250.0,3253.0,3239.8,3251.5,41625675,3576.6,2926.4,4322.95,2866.6,3248.6,144,9,3248.5,47,2,3248.4,35,3,3248.3,78,4,3248.2,92,4,3248.8,506,2,3249.0,1,1,3249.4,21,1,3249.6,20,1,3249.7,130,2
11536,2025-12-30 10:05:46+05:30,3248.6,30,3246.44,150446,98193.0,101423.0,3250.0,3253.0,3239.8,3251.5,41625675,3576.6,2926.4,4322.95,2866.6,3248.6,11,1,3248.5,55,3,3248.4,22,1,3248.3,57,3,3248.2,100,5,3248.8,513,4,3249.0,1,1,3249.4,21,1,3249.6,21,2,3249.7,100,1
11536,2025-12-30 10:05:46+05:30,3248.6,10,3246.44,150446,98193.0,101423.0,3250.0,3253.0,3239.8,3251.5,41625675,3576.6,2926.4,4322.95,2866.6,3248.6,11,1,3248.5,55,3,3248.4,22,1,3248.3,57,3,3248.2,100,5,3248.8,513,4,3249.0,1,1,3249.4,21,1,3249.6,21,2,3249.7,100,1
11536,2025-12-30 10:05:47+05:30,3248.6,4,3246.44,150478,98235.0,101432.0,3250.0,3253.0,3239.8,3251.5,41625675,3576.6,2926.4,4322.95,2866.6,3248.6,12,3,3248.5,2,1,3248.4,46,3,3248.3,57,3,3248.2,109,6,3248.8,522,8,3249.0,1,1,3249.4,21,1,3249.6,21,2,3249.7,100,1
11536,2025-12-30 10:05:47+05:30,3248.6,11,3246.44,150478,98235.0,101432.0,3250.0,3253.0,3239.8,3251.5,41625675,3576.6,2926.4,4322.95,2866.6,3248.6,12,3,3248.5,2,1,3248.4,46,3,3248.3,57,3,3248.2,109,6,3248.8,522,8,3249.0,1,1,3249.4,21,1,3249.6,21,2,3249.7,100,1
11536,2025-12-30 10:05:48+05:30,3248.8,1,3246.44,150515,98261.0,101947.0,3250.0,3253.0,3239.8,3251.5,41625675,3576.6,2926.4,4322.95,2866.6,3248.6,12,3,3248.5,2,1,3248.4,24,2,3248.3,82,5,3248.2,105,6,3248.8,950,15,3249.0,1,1,3249.4,21,1,3249.6,47,3,3249.7,100,1
11536,2025-12-30 10:05:48+05:30,3248.5,11,3246.44,150515,98261.0,101947.0,3250.0,3253.0,3239.8,3251.5,41625675,3576.6,2926.4,4322.95,2866.6,3248.6,12,3,3248.5,2,1,3248.4,24,2,3248.3,82,5,3248.2,105,6,3248.8,950,15,3249.0,1,1,3249.4,21,1,3249.6,47,3,3249.7,100,1
11536,2025-12-30 10:05:49+05:30,3248.8,141,3246.45,151291,100734.0,99555.0,3250.0,3253.0,3239.8,3251.5,41625675,3576.6,2926.4,4322.95,2866.6,3248.6,45,5,3248.5,62,2,3248.4,172,7,3248.3,129,7,3248.2,81,4,3248.8,256,12,3249.0,1,1,3249.4,21,1,3249.6,20,1,3249.7,100,1
11536,2025-12-30 10:05:49+05:30,3248.6,2,3246.45,151291,100734.0,99555.0,3250.0,3253.0,3239.8,3251.5,41625675,3576.6,2926.4,4322.95,2866.6,3248.6,45,5,3248.5,62,2,3248.4,172,7,3248.3,129,7,3248.2,81,4,3248.8,256,12,3249.0,1,1,3249.4,21,1,3249.6,20,1,3249.7,100,1
11536,2025-12-30 10:05:50+05:30,3249.0,1,3246.46,151984,102076.0,95751.0,3250.0,3253.0,3239.8,3251.5,41625675,3576.6,2926.4,4322.95,2866.6,3249.0,119,5,3248.9,70,3,3248.8,103,6,3248.7,66,3,3248.6,305,7,3249.7,134,3,3249.8,50,1,3250.0,481,8,3250.1,2,2,3250.2,21,1
11536,2025-12-30 10:05:50+05:30,3249.0,1,3246.46,151984,102076.0,95751.0,3250.0,3253.0,3239.8,3251.5,41625675,3576.6,2926.4,4322.95,2866.6,3249.0,119,5,3248.9,70,3,3248.8,103,6,3248.7,66,3,3248.6,305,7,3249.7,134,3,3249.8,50,1,3250.0,481,8,3250.1,2,2,3250.2,21,1
11536,2025-12-30 10:05:51+05:30,3249.0,1,3246.46,151984,102486.0,97518.0,3250.0,3253.0,3239.8,3251.5,41625675,3576.6,2926.4,4322.95,2866.6,3249.2,61,1,3249.1,23,2,3249.0,41,3,3248.8,133,7,3248.7,18,1,3249.7,257,5,3249.8,50,1,3250.0,481,8,3250.1,2,2,3250.2,21,1
11536,2025-12-30 10:05:52+05:30,3249.2,9,3246.46,152063,102973.0,97627.0,3250.0,3253.0,3239.8,3251.5,41625675,3576.6,2926.4,4322.95,2866.6,3249.1,11,1,3249.0,59,4,3248.9,30,1,3248.8,103,6,3248.7,62,2,3249.2,2,1,3249.7,237,4,3249.8,50,1,3250.0,481,8,3250.1,2,2
11536,2025-12-30 10:05:52+05:30,3249.2,9,3246.46,152063,102973.0,97627.0,3250.0,3253.0,3239.8,3251.5,41625675,3576.6,2926.4,4322.95,2866.6,3249.1,11,1,3249.0,59,4,3248.9,30,1,3248.8,103,6,3248.7,62,2,3249.2,2,1,3249.7,237,4,3249.8,50,1,3250.0,481,8,3250.1,2,2
11536,2025-12-30 10:05:53+05:30,3249.0,61,3246.47,152192,102212.0,97212.0,3250.0,3253.0,3239.8,3251.5,41625675,3576.6,2926.4,4322.95,2866.6,3248.8,48,5,3248.6,182,5,3248.5,45,2,3248.4,62,5,3248.3,77,8,3249.0,10,1,3249.2,21,4,3249.7,209,2,3249.8,50,1,3250.0,502,9
11536,2025-12-30 10:05:53+05:30,3249.0,3,3246.47,152192,102212.0,97212.0,3250.0,3253.0,3239.8,3251.5,41625675,3576.6,2926.4,4322.95,2866.6,3248.8,48,5,3248.6,182,5,3248.5,45,2,3248.4,62,5,3248.3,77,8,3249.0,10,1,3249.2,21,4,3249.7,209,2,3249.8,50,1,3250.0,502,9
11536,2025-12-30 10:05:54+05:30,3248.8,23,3246.47,152348,102330.0,96394.0,3250.0,3253.0,3239.8,3251.5,41625675,3576.6,2926.4,4322.95,2866.6,3248.8,92,8,3248.7,99,3,3248.6,145,6,3248.5,45,2,3248.4,62,5,3249.0,9,4,3249.2,16,2,3249.7,209,2,3249.8,50,1,3250.0,502,9
11536,2025-12-30 10:05:54+05:30,3249.0,2,3246.47,152348,102330.0,96394.0,3250.0,3253.0,3239.8,3251.5,41625675,3576.6,2926.4,4322.95,2866.6,3248.8,92,8,3248.7,99,3,3248.6,145,6,3248.5,45,2,3248.4,62,5,3249.0,9,4,3249.2,16,2,3249.7,209,2,3249.8,50,1,3250.0,502,9
11536,2025-12-30 10:05:55+05:30,3248.8,16,3246.47,152381,102585.0,96926.0,3250.0,3253.0,3239.8,3251.5,41625675,3576.6,2926.4,4322.95,2866.6,3248.8,120,8,3248.7,55,2,3248.6,145,6,3248.5,45,2,3248.4,62,5,3249.0,21,9,3249.2,14,1,3249.7,209,2,3249.8,50,1,3250.0,502,9
11536,2025-12-30 10:05:55+05:30,3248.8,2,3246.47,152381,102585.0,96926.0,3250.0,3253.0,3239.8,3251.5,41625675,3576.6,2926.4,4322.95,2866.6,3248.8,120,8,3248.7,55,2,3248.6,145,6,3248.5,45,2,3248.4,62,5,3249.0,21,9,3249.2,14,1,3249.7,209,2,3249.8,50,1,3250.0,502,9
11536,2025-12-30 10:05:56+05:30,3248.8,3,3246.47,152432,102071.0,96342.0,3250.0,3253.0,3239.8,3251.5,41625675,3576.6,2926.4,4322.95,2866.6,3248.8,23,5,3248.7,46,2,3248.6,124,5,3248.5,45,2,3248.4,62,5,3249.0,33,11,3249.7,209,2,3249.8,50,1,3250.0,502,9,3250.1,2,2
11536,2025-12-30 10:05:56+05:30,3248.8,1,3246.47,152432,102071.0,96342.0,3250.0,3253.0,3239.8,3251.5,41625675,3576.6,2926.4,4322.95,2866.6,3248.8,23,5,3248.7,46,2,3248.6,124,5,3248.5,45,2,3248.4,62,5,3249.0,33,11,3249.7,209,2,3249.8,50,1,3250.0,502,9,3250.1,2,2
11536,2025-12-30 10:05:57+05:30,3248.8,1,3246.47,152486,102148.0,97642.0,3250.0,3253.0,3239.8,3251.5,41625675,3576.6,2926.4,4322.95,2866.6,3248.8,57,6,3248.7,10,1,3248.6,124,5,3248.5,75,3,3248.4,62,5,3249.0,28,11,3249.7,209,2,3249.8,50,1,3250.0,502,9,3250.1,2,2
11536,2025-12-30 10:05:57+05:30,3248.8,14,3246.47,152486,102148.0,97642.0,3250.0,3253.0,3239.8,3251.5,41625675,3576.6,2926.4,4322.95,2866.6,3248.8,57,6,3248.7,10,1,3248.6,124,5,3248.5,75,3,3248.4,62,5,3249.0,28,11,3249.7,209,2,3249.8,50,1,3250.0,502,9,3250.1,2,2
11536,2025-12-30 10:05:58+05:30,3249.8,75,3246.48,153031,99815.0,97786.0,3250.0,3253.0,3239.8,3251.5,41625675,3576.6,2926.4,4322.95,2866.6,3248.8,22,3,3248.6,101,2,3248.5,157,1,3248.4,23,2,3248.3,46,6,3249.8,165,6,3250.0,527,12,3250.1,2,2,3250.2,70,4,3250.3,46,3
11536,2025-12-30 10:05:58+05:30,3249.8,75,3246.48,153031,99815.0,97786.0,3250.0,3253.0,3239.8,3251.5,41625675,3576.6,2926.4,4322.95,2866.6,3248.8,22,3,3248.6,101,2,3248.5,157,1,3248.4,23,2,3248.3,46,6,3249.8,165,6,3250.0,527,12,3250.1,2,2,3250.2,70,4,3250.3,46,3
11536,2025-12-30 10:05:59+05:30,3249.8,1,3246.48,153047,101091.0,98099.0,3250.0,3253.0,3239.8,3251.5,41625675,3576.6,2926.4,4322.95,2866.6,3248.8,43,3,3248.7,2,1,3248.6,101,2,3248.4,23,2,3248.3,20,5,3249.8,152,7,3249.9,24,2,3250.0,530,11,3250.1,26,3,3250.2,98,5
11536,2025-12-30 10:05:59+05:30,3249.8,1,3246.48,153047,101091.0,98099.0,3250.0,3253.0,3239.8,3251.5,41625675,3576.6,2926.4,4322.95,2866.6,3248.8,43,3,3248.7,2,1,3248.6,101,2,3248.4,23,2,3248.3,20,5,3249.8,152,7,3249.9,24,2,3250.0,530,11,3250.1,26,3,3250.2,98,5
11536,2025-12-30 10:06:00+05:30,3248.8,1,3246.48,153049,100573.0,98389.0,3250.0,3253.0,3239.8,3251.5,41625675,3576.6,2926.4,4322.95,2866.6,3248.8,49,4,3248.7,11,2,3248.6,134,5,3248.5,38,2,3248.4,23,2,3249.3,1,1,3249.7,30,1,3249.8,122,7,3250.0,504,10,3250.1,2,2
11536,2025-12-30 10:06:00+05:30,3249.7,8,3246.48,153049,100573.0,98389.0,3250.0,3253.0,3239.8,3251.5,41625675,3576.6,2926.4,4322.95,2866.6,3248.8,49,4,3248.7,11,2,3248.6,134,5,3248.5,38,2,3248.4,23,2,3249.3,1,1,3249.7,30,1,3249.8,122,7,3250.0,504,10,3250.1,2,2
11536,2025-12-30 10:06:01+05:30,3249.1,103,3246.49,153321,101801.0,98920.0,3250.0,3253.0,3239.8,3251.5,41625675,3576.6,2926.4,4322.95,2866.6,3249.1,36,1,3248.7,2,1,3248.6,104,3,3248.5,15,2,3248.4,39,2,3249.7,31,4,3249.8,647,5,3249.9,43,1,3250.0,544,12,3250.1,2,2
11536,2025-12-30 10:06:01+05:30,3249.1,1,3246.49,153321,101801.0,98920.0,3250.0,3253.0,3239.8,3251.5,41625675,3576.6,2926.4,4322.95,2866.6,3249.1,36,1,3248.7,2,1,3248.6,104,3,3248.5,15,2,3248.4,39,2,3249.7,31,4,3249.8,647,5,3249.9,43,1,3250.0,544,12,3250.1,2,2
11536,2025-12-30 10:06:02+05:30,3249.1,4,3246.49,153329,100306.0,98926.0,3250.0,3253.0,3239.8,3251.5,41625675,3576.6,2926.4,4322.95,2866.6,3249.1,31,1,3248.7,2,1,3248.6,104,3,3248.5,15,2,3248.4,25,1,3249.7,51,9,3249.8,657,3,3249.9,43,1,3250.0,553,13,3250.1,2,2
11536,2025-12-30 10:06:02+05:30,3249.1,49,3246.49,153329,100306.0,98926.0,3250.0,3253.0,3239.8,3251.5,41625675,3576.6,2926.4,4322.95,2866.6,3249.1,31,1,3248.7,2,1,3248.6,104,3,3248.5,15,2,3248.4,25,1,3249.7,51,9,3249.8,657,3,3249.9,43,1,3250.0,553,13,3250.1,2,2
11536,2025-12-30 10:06:03+05:30,3249.1,1,3246.49,153379,100221.0,99000.0,3250.0,3253.0,3239.8,3251.5,41625675,3576.6,2926.4,4322.95,2866.6,3249.6,27,1,3248.8,2,1,3248.7,3,2,3248.6,116,3,3248.5,24,3,3249.7,55,12,3249.8,657,3,3249.9,43,1,3250.0,532,12,3250.1,2,2
11536,2025-12-30 10:06:03+05:30,3249.6,5,3246.49,153379,100221.0,99000.0,3250.0,3253.0,3239.8,3251.5,41625675,3576.6,2926.4,4322.95,2866.6,3249.6,27,1,3248.8,2,1,3248.7,3,2,3248.6,116,3,3248.5,24,3,3249.7,55,12,3249.8,657,3,3249.9,43,1,3250.0,532,12,3250.1,2,2
11536,2025-12-30 10:06:04+05:30,3249.6,33,3246.49,153445,100410.0,98979.0,3250.0,3253.0,3239.8,3251.5,41625675,3576.6,2926.4,4322.95,2866.6,3249.6,14,1,3248.8,2,1,3248.7,3,2,3248.6,116,3,3248.5,24,3,3249.7,60,11,3249.8,631,2,3249.9,20,1,3250.0,596,14,3250.1,11,3
11536,2025-12-30 10:06:04+05:30,3249.6,13,3246.49,153445,100410.0,98979.0,3250.0,3253.0,3239.8,3251.5,41625675,3576.6,2926.4,4322.95,2866.6,3249.6,14,1,3248.8,2,1,3248.7,3,2,3248.6,116,3,3248.5,24,3,3249.7,60,11,3249.8,631,2,3249.9,20,1,3250.0,596,14,3250.1,11,3
11536,2025-12-30 10:06:05+05:30,3249.5,1,3246.49,153476,99726.0,99038.0,3250.0,3253.0,3239.8,3251.5,41625675,3576.6,2926.4,4322.95,2866.6,3248.7,7,3,3248.6,130,4,3248.5,58,3,3248.4,66,5,3248.3,83,9,3249.5,4,3,3249.6,30,1,3249.7,11,7,3249.8,632,3,3249.9,20,1
11536,2025-12-30 10:06:05+05:30,3249.5,1,3246.49,153476,99726.0,99038.0,3250.0,3253.0,3239.8,3251.5,41625675,3576.6,2926.4,4322.95,2866.6,3248.7,7,3,3248.6,130,4,3248.5,58,3,3248.4,66,5,3248.3,83,9,3249.5,4,3,3249.6,30,1,3249.7,11,7,3249.8,632,3,3249.9,20,1
11536,2025-12-30 10:06:06+05:30,3249.5,1,3246.49,153499,98139.0,99057.0,3250.0,3253.0,3239.8,3251.5,41625675,3576.6,2926.4,4322.95,2866.6,3248.7,51,2,3248.6,127,4,3248.5,76,3,3248.4,33,3,3248.3,60,8,3249.5,8,6,3249.7,8,4,3249.8,658,4,3249.9,50,2,3250.0,551,12
11536,2025-12-30 10:06:06+05:30,3248.7,4,3246.49,153499,98139.0,99057.0,3250.0,3253.0,3239.8,3251.5,41625675,3576.6,2926.4,4322.95,2866.6,3248.7,51,2,3248.6,127,4,3248.5,76,3,3248.4,33,3,3248.3,60,8,3249.5,8,6,3249.7,8,4,3249.8,658,4,3249.9,50,2,3250.0,551,12
11536,2025-12-30 10:06:07+05:30,3248.7,7,3246.49,153520,99069.0,99111.0,3250.0,3253.0,3239.8,3251.5,41625675,3576.6,2926.4,4322.95,2866.6,3248.7,30,2,3248.6,103,2,3248.5,3,1,3248.4,33,3,3248.3,60,8,3249.5,11,9,3249.6,30,1,3249.7,6,2,3249.8,701,5,3249.9,20,1
11536,2025-12-30 10:06:07+05:30,3248.7,3,3246.49,153520,99069.0,99111.0,3250.0,3253.0,3239.8,3251.5,41625675,3576.6,2926.4,4322.95,2866.6,3248.7,30,2,3248.6,103,2,3248.5,3,1,3248.4,33,3,3248.3,60,8,3249.5,11,9,3249.6,30,1,3249.7,6,2,3249.8,701,5,3249.9,20,1
11536,2025-12-30 10:06:07+05:30,3248.7,3,3246.49,153540,99385.0,99215.0,3250.0,3253.0,3239.8,3251.5,41625675,3576.6,2926.4,4322.95,2866.6,3248.7,37,3,3248.6,103,2,3248.5,8,2,3248.4,19,2,3248.3,19,6,3249.5,23,11,3249.6,73,2,3249.7,5,1,3249.8,681,6,3249.9,20,1
11536,2025-12-30 10:06:08+05:30,3248.7,3,3246.49,153540,99385.0,99215.0,3250.0,3253.0,3239.8,3251.5,41625675,3576.6,2926.4,4322.95,2866.6,3248.7,37,3,3248.6,103,2,3248.5,8,2,3248.4,19,2,3248.3,19,6,3249.5,23,11,3249.6,73,2,3249.7,5,1,3249.8,681,6,3249.9,20,1
11536,2025-12-30 10:06:09+05:30,3248.7,3,3246.49,153553,97972.0,97678.0,3250.0,3253.0,3239.8,3251.5,41625675,3576.6,2926.4,4322.95,2866.6,3248.6,127,3,3248.5,8,2,3248.4,19,2,3248.3,19,6,3248.2,29,4,3249.5,24,12,3249.6,43,1,3249.7,5,1,3249.8,711,7,3249.9,20,1
11536,2025-12-30 10:06:09+05:30,3248.6,1,3246.49,153553,97972.0,97678.0,3250.0,3253.0,3239.8,3251.5,41625675,3576.6,2926.4,4322.95,2866.6,3248.6,127,3,3248.5,8,2,3248.4,19,2,3248.3,19,6,3248.2,29,4,3249.5,24,12,3249.6,43,1,3249.7,5,1,3249.8,711,7,3249.9,20,1
11536,2025-12-30 10:06:09+05:30,3248.6,1,3246.49,153567,98835.0,99527.0,3250.0,3253.0,3239.8,3251.5,41625675,3576.6,2926.4,4322.95,2866.6,3248.6,113,3,3248.5,5,1,3248.4,19,2,3248.3,18,5,3248.2,29,4,3249.4,32,4,3249.5,113,11,3249.6,43,3,3249.7,25,2,3249.8,702,7
11536,2025-12-30 10:06:10+05:30,3249.4,1,3246.49,153567,98835.0,99527.0,3250.0,3253.0,3239.8,3251.5,41625675,3576.6,2926.4,4322.95,2866.6,3248.6,113,3,3248.5,5,1,3248.4,19,2,3248.3,18,5,3248.2,29,4,3249.4,32,4,3249.5,113,11,3249.6,43,3,3249.7,25,2,3249.8,702,7
11536,2025-12-30 10:06:10+05:30,3249.4,1,3246.49,153579,98842.0,98235.0,3250.0,3253.0,3239.8,3251.5,41625675,3576.6,2926.4,4322.95,2866.6,3248.6,102,3,3248.5,5,1,3248.4,19,2,3248.3,18,5,3248.2,29,4,3249.4,23,7,3249.5,46,4,3249.6,13,1,3249.7,29,1,3249.8,119,6
11536,2025-12-30 10:06:11+05:30,3248.6,3,3246.49,153579,98842.0,98235.0,3250.0,3253.0,3239.8,3251.5,41625675,3576.6,2926.4,4322.95,2866.6,3248.6,102,3,3248.5,5,1,3248.4,19,2,3248.3,18,5,3248.2,29,4,3249.4,23,7,3249.5,46,4,3249.6,13,1,3249.7,29,1,3249.8,119,6
11536,2025-12-30 10:06:12+05:30,3248.6,3,3246.49,153587,98852.0,98376.0,3250.0,3253.0,3239.8,3251.5,41625675,3576.6,2926.4,4322.95,2866.6,3248.6,94,3,3248.5,5,1,3248.4,19,2,3248.3,18,5,3248.2,55,5,3249.4,13,9,3249.5,56,2,3249.7,29,1,3249.8,119,6,3249.9,44,2
11536,2025-12-30 10:06:12+05:30,3248.6,2,3246.49,153587,98852.0,98376.0,3250.0,3253.0,3239.8,3251.5,41625675,3576.6,2926.4,4322.95,2866.6,3248.6,94,3,3248.5,5,1,3248.4,19,2,3248.3,18,5,3248.2,55,5,3249.4,13,9,3249.5,56,2,3249.7,29,1,3249.8,119,6,3249.9,44,2
11536,2025-12-30 10:06:13+05:30,3248.6,2,3246.49,153594,99093.0,97815.0,3250.0,3253.0,3239.8,3251.5,41625675,3576.6,2926.4,4322.95,2866.6,3248.7,24,1,3248.6,65,2,3248.5,18,2,3248.4,19,2,3248.3,18,5,3249.4,25,9,3249.5,43,1,3249.7,29,1,3249.8,96,4,3249.9,44,2
11536,2025-12-30 10:06:13+05:30,3248.7,1,3246.49,153594,99093.0,97815.0,3250.0,3253.0,3239.8,3251.5,41625675,3576.6,2926.4,4322.95,2866.6,3248.7,24,1,3248.6,65,2,3248.5,18,2,3248.4,19,2,3248.3,18,5,3249.4,25,9,3249.5,43,1,3249.7,29,1,3249.8,96,4,3249.9,44,2
11536,2025-12-30 10:06:13+05:30,3248.7,2,3246.49,153598,99137.0,97822.0,3250.0,3253.0,3239.8,3251.5,41625675,3576.6,2926.4,4322.95,2866.6,3248.7,66,3,3248.6,65,2,3248.5,18,2,3248.4,19,2,3248.3,18,5,3249.4,25,9,3249.5,43,1,3249.7,29,1,3249.8,96,4,3249.9,44,2
11536,2025-12-30 10:06:14+05:30,3248.7,1,3246.49,153598,99137.0,97822.0,3250.0,3253.0,3239.8,3251.5,41625675,3576.6,2926.4,4322.95,2866.6,3248.7,66,3,3248.6,65,2,3248.5,18,2,3248.4,19,2,3248.3,18,5,3249.4,25,9,3249.5,43,1,3249.7,29,1,3249.8,96,4,3249.9,44,2
11536,2025-12-30 10:06:15+05:30,3248.7,1,3246.49,153600,99193.0,97879.0,3250.0,3253.0,3239.8,3251.5,41625675,3576.6,2926.4,4322.95,2866.6,3249.1,18,1,3248.7,46,2,3248.6,65,2,3248.5,5,1,3248.4,32,3,3249.4,25,9,3249.5,43,1,3249.7,29,1,3249.8,88,4,3249.9,44,2
11536,2025-12-30 10:06:15+05:30,3249.1,1,3246.49,153600,99193.0,97879.0,3250.0,3253.0,3239.8,3251.5,41625675,3576.6,2926.4,4322.95,2866.6,3249.1,18,1,3248.7,46,2,3248.6,65,2,3248.5,5,1,3248.4,32,3,3249.4,25,9,3249.5,43,1,3249.7,29,1,3249.8,88,4,3249.9,44,2
11536,2025-12-30 10:06:16+05:30,3249.1,1,3246.49,153606,101656.0,97915.0,3250.0,3253.0,3239.8,3251.5,41625675,3576.6,2926.4,4322.95,2866.6,3249.1,16,2,3248.7,54,3,3248.6,77,3,3248.5,18,2,3248.4,40,4,3249.4,53,10,3249.8,49,2,3249.9,29,1,3250.0,530,11,3250.1,11,3
11536,2025-12-30 10:06:16+05:30,3249.4,1,3246.49,153606,101656.0,97915.0,3250.0,3253.0,3239.8,3251.5,41625675,3576.6,2926.4,4322.95,2866.6,3249.1,16,2,3248.7,54,3,3248.6,77,3,3248.5,18,2,3248.4,40,4,3249.4,53,10,3249.8,49,2,3249.9,29,1,3250.0,530,11,3250.1,11,3
11536,2025-12-30 10:06:17+05:30,3249.3,1,3246.49,153611,101776.0,97984.0,3250.0,3253.0,3239.8,3251.5,41625675,3576.6,2926.4,4322.95,2866.6,3249.3,11,1,3249.1,2,1,3248.7,46,2,3248.6,65,2,3248.5,5,1,3249.4,55,9,3249.8,49,2,3249.9,29,1,3250.0,559,12,3250.1,23,4
11536,2025-12-30 10:06:17+05:30,3249.3,1,3246.49,153611,101776.0,97984.0,3250.0,3253.0,3239.8,3251.5,41625675,3576.6,2926.4,4322.95,2866.6,3249.3,11,1,3249.1,2,1,3248.7,46,2,3248.6,65,2,3248.5,5,1,3249.4,55,9,3249.8,49,2,3249.9,29,1,3250.0,559,12,3250.1,23,4
11536,2025-12-30 10:06:18+05:30,3249.3,1,3246.49,153614,101827.0,97997.0,3250.0,3253.0,3239.8,3251.5,41625675,3576.6,2926.4,4322.95,2866.6,3249.3,8,1,3249.1,2,1,3248.7,46,2,3248.6,65,2,3248.5,5,1,3249.4,55,9,3249.8,78,3,3249.9,47,2,3250.0,517,11,3250.1,23,4
11536,2025-12-30 10:06:18+05:30,3249.8,11,3246.49,153614,101827.0,97997.0,3250.0,3253.0,3239.8,3251.5,41625675,3576.6,2926.4,4322.95,2866.6,3249.3,8,1,3249.1,2,1,3248.7,46,2,3248.6,65,2,3248.5,5,1,3249.4,55,9,3249.8,78,3,3249.9,47,2,3250.0,517,11,3250.1,23,4
11536,2025-12-30 10:06:18+05:30,3249.8,11,3246.49,153769,102054.0,98262.0,3250.0,3253.0,3239.8,3251.5,41625675,3576.6,2926.4,4322.95,2866.6,3249.3,59,2,3249.1,14,2,3248.8,12,1,3248.7,1,1,3248.6,69,4,3249.8,59,3,3249.9,5,1,3250.0,483,9,3250.1,2,2,3250.2,55,2
11536,2025-12-30 10:06:19+05:30,3249.8,20,3246.49,153769,102054.0,98262.0,3250.0,3253.0,3239.8,3251.5,41625675,3576.6,2926.4,4322.95,2866.6,3249.3,59,2,3249.1,14,2,3248.8,12,1,3248.7,1,1,3248.6,69,4,3249.8,59,3,3249.9,5,1,3250.0,483,9,3250.1,2,2,3250.2,55,2
11536,2025-12-30 10:06:19+05:30,3249.8,20,3246.49,153789,102248.0,98682.0,3250.0,3253.0,3239.8,3251.5,41625675,3576.6,2926.4,4322.95,2866.6,3249.3,59,2,3249.1,2,1,3248.7,31,2,3248.6,81,5,3248.5,31,2,3249.8,675,6,3249.9,34,2,3250.0,495,10,3250.1,70,4,3250.2,12,1
11536,2025-12-30 10:06:20+05:30,3249.3,40,3246.5,153835,102229.0,98748.0,3250.0,3253.0,3239.8,3251.5,41625675,3576.6,2926.4,4322.95,2866.6,3249.3,40,2,3249.1,2,1,3248.7,31,2,3248.6,81,5,3248.5,33,2,3249.8,670,5,3249.9,5,1,3250.0,483,9,3250.1,28,3,3250.2,70,3
11536,2025-12-30 10:06:21+05:30,3249.8,15,3246.5,153835,102229.0,98748.0,3250.0,3253.0,3239.8,3251.5,41625675,3576.6,2926.4,4322.95,2866.6,3249.3,40,2,3249.1,2,1,3248.7,31,2,3248.6,81,5,3248.5,33,2,3249.8,670,5,3249.9,5,1,3250.0,483,9,3250.1,28,3,3250.2,70,3
11536,2025-12-30 10:06:21+05:30,3249.3,26,3246.5,153890,102177.0,98740.0,3250.0,3253.0,3239.8,3251.5,41625675,3576.6,2926.4,4322.95,2866.6,3249.3,1,1,3249.1,2,1,3248.7,31,2,3248.6,80,4,3248.5,31,2,3249.8,654,7,3249.9,45,3,3250.0,523,10,3250.1,55,5,3250.2,41,2
11536,2025-12-30 10:06:22+05:30,3249.3,26,3246.5,153890,102177.0,98740.0,3250.0,3253.0,3239.8,3251.5,41625675,3576.6,2926.4,4322.95,2866.6,3249.3,1,1,3249.1,2,1,3248.7,31,2,3248.6,80,4,3248.5,31,2,3249.8,654,7,3249.9,45,3,3250.0,523,10,3250.1,55,5,3250.2,41,2
11536,2025-12-30 10:06:22+05:30,3249.7,29,3246.5,153923,102376.0,96540.0,3250.0,3253.0,3239.8,3251.5,41625675,3576.6,2926.4,4322.95,2866.6,3249.7,27,1,3249.1,2,1,3248.7,104,4,3248.6,68,3,3248.5,33,3,3249.8,722,10,3249.9,28,3,3250.0,483,9,3250.1,51,5,3250.2,32,2
11536,2025-12-30 10:06:23+05:30,3249.7,5,3246.5,153923,102376.0,96540.0,3250.0,3253.0,3239.8,3251.5,41625675,3576.6,2926.4,4322.95,2866.6,3249.7,27,1,3249.1,2,1,3248.7,104,4,3248.6,68,3,3248.5,33,3,3249.8,722,10,3249.9,28,3,3250.0,483,9,3250.1,51,5,3250.2,32,2
11536,2025-12-30 10:06:24+05:30,3249.7,2,3246.5,154128,101544.0,98801.0,3250.0,3253.0,3239.8,3251.5,41625675,3576.6,2926.4,4322.95,2866.6,3249.7,29,2,3249.1,2,1,3248.7,31,2,3248.6,68,3,3248.5,31,2,3249.8,733,14,3249.9,29,4,3250.0,483,9,3250.1,35,4,3250.2,40,3
11536,2025-12-30 10:06:24+05:30,3249.7,2,3246.5,154128,101544.0,98801.0,3250.0,3253.0,3239.8,3251.5,41625675,3576.6,2926.4,4322.95,2866.6,3249.7,29,2,3249.1,2,1,3248.7,31,2,3248.6,68,3,3248.5,31,2,3249.8,733,14,3249.9,29,4,3250.0,483,9,3250.1,35,4,3250.2,40,3
11536,2025-12-30 10:06:24+05:30,3249.7,3,3246.5,154131,101728.0,99364.0,3250.0,3253.0,3239.8,3251.5,41625675,3576.6,2926.4,4322.95,2866.6,3249.7,26,2,3249.1,2,1,3248.7,31,2,3248.6,68,3,3248.5,31,2,3249.8,735,14,3249.9,18,2,3250.0,483,9,3250.1,35,4,3250.2,40,3
11536,2025-12-30 10:06:25+05:30,3249.1,2,3246.5,154131,101728.0,99364.0,3250.0,3253.0,3239.8,3251.5,41625675,3576.6,2926.4,4322.95,2866.6,3249.7,26,2,3249.1,2,1,3248.7,31,2,3248.6,68,3,3248.5,31,2,3249.8,735,14,3249.9,18,2,3250.0,483,9,3250.1,35,4,3250.2,40,3
11536,2025-12-30 10:06:25+05:30,3249.1,2,3246.5,154180,101532.0,99101.0,3250.0,3253.0,3239.8,3251.5,41625675,3576.6,2926.4,4322.95,2866.6,3249.1,2,1,3248.7,48,4,3248.6,68,3,3248.5,5,1,3248.4,56,5,3249.8,664,12,3249.9,15,2,3250.0,483,9,3250.1,64,5,3250.2,41,2
11536,2025-12-30 10:06:26+05:30,3248.7,1,3246.5,154180,101532.0,99101.0,3250.0,3253.0,3239.8,3251.5,41625675,3576.6,2926.4,4322.95,2866.6,3249.1,2,1,3248.7,48,4,3248.6,68,3,3248.5,5,1,3248.4,56,5,3249.8,664,12,3249.9,15,2,3250.0,483,9,3250.1,64,5,3250.2,41,2
11536,2025-12-30 10:06:27+05:30,3248.7,5,3246.5,154256,101171.0,99729.0,3250.0,3253.0,3239.8,3251.5,41625675,3576.6,2926.4,4322.95,2866.6,3248.7,39,4,3248.6,105,3,3248.5,25,2,3248.4,113,8,3248.3,17,4,3249.0,7,6,3249.7,3,2,3249.8,677,9,3249.9,5,1,3250.0,503,10
11536,2025-12-30 10:06:27+05:30,3248.7,1,3246.5,154256,101171.0,99729.0,3250.0,3253.0,3239.8,3251.5,41625675,3576.6,2926.4,4322.95,2866.6,3248.7,39,4,3248.6,105,3,3248.5,25,2,3248.4,113,8,3248.3,17,4,3249.0,7,6,3249.7,3,2,3249.8,677,9,3249.9,5,1,3250.0,503,10
11536,2025-12-30 10:06:28+05:30,3248.7,1,3246.5,154302,100903.0,99752.0,3250.0,3253.0,3239.8,3251.5,41625675,3576.6,2926.4,4322.95,2866.6,3248.7,40,4,3248.6,105,3,3248.5,5,1,3248.4,88,6,3248.3,37,5,3249.0,13,11,3249.7,3,2,3249.8,671,5,3249.9,5,1,3250.0,503,10
11536,2025-12-30 10:06:28+05:30,3248.7,8,3246.5,154302,100903.0,99752.0,3250.0,3253.0,3239.8,3251.5,41625675,3576.6,2926.4,4322.95,2866.6,3248.7,40,4,3248.6,105,3,3248.5,5,1,3248.4,88,6,3248.3,37,5,3249.0,13,11,3249.7,3,2,3249.8,671,5,3249.9,5,1,3250.0,503,10
11536,2025-12-30 10:06:28+05:30,3249.0,1,3246.5,154340,100905.0,99757.0,3250.0,3253.0,3239.8,3251.5,41625675,3576.6,2926.4,4322.95,2866.6,3248.7,25,4,3248.6,122,4,3248.5,5,1,3248.4,88,6,3248.3,37,5,3249.0,10,9,3249.7,3,2,3249.8,671,5,3249.9,5,1,3250.0,504,11
11536,2025-12-30 10:06:29+05:30,3248.7,4,3246.5,154340,100905.0,99757.0,3250.0,3253.0,3239.8,3251.5,41625675,3576.6,2926.4,4322.95,2866.6,3248.7,25,4,3248.6,122,4,3248.5,5,1,3248.4,88,6,3248.3,37,5,3249.0,10,9,3249.7,3,2,3249.8,671,5,3249.9,5,1,3250.0,504,11
11536,2025-12-30 10:06:29+05:30,3249.0,1,3246.51,154366,101087.0,99496.0,3250.0,3253.0,3239.8,3251.5,41625675,3576.6,2926.4,4322.95,2866.6,3248.6,154,6,3248.5,15,2,3248.4,40,3,3248.3,37,5,3248.2,119,8,3249.0,7,7,3249.7,1,1,3249.8,696,5,3249.9,5,1,3250.0,504,11
11536,2025-12-30 10:06:30+05:30,3248.6,6,3246.51,154366,101087.0,99496.0,3250.0,3253.0,3239.8,3251.5,41625675,3576.6,2926.4,4322.95,2866.6,3248.6,154,6,3248.5,15,2,3248.4,40,3,3248.3,37,5,3248.2,119,8,3249.0,7,7,3249.7,1,1,3249.8,696,5,3249.9,5,1,3250.0,504,11
11536,2025-12-30 10:06:30+05:30,3248.6,8,3246.51,154387,100933.0,99055.0,3250.0,3253.0,3239.8,3251.5,41625675,3576.6,2926.4,4322.95,2866.6,3248.6,64,4,3248.5,15,2,3248.4,40,3,3248.3,66,6,3248.2,119,8,3249.0,169,7,3249.7,1,1,3249.8,62,4,3249.9,8,2,3250.0,504,11
11536,2025-12-30 10:06:31+05:30,3248.6,6,3246.51,154387,100933.0,99055.0,3250.0,3253.0,3239.8,3251.5,41625675,3576.6,2926.4,4322.95,2866.6,3248.6,64,4,3248.5,15,2,3248.4,40,3,3248.3,66,6,3248.2,119,8,3249.0,169,7,3249.7,1,1,3249.8,62,4,3249.9,8,2,3250.0,504,11
11536,2025-12-30 10:06:31+05:30,3248.6,6,3246.51,154401,100806.0,99155.0,3250.0,3253.0,3239.8,3251.5,41625675,3576.6,2926.4,4322.95,2866.6,3248.6,52,4,3248.5,15,2,3248.4,40,3,3248.3,46,5,3248.2,65,6,3249.0,171,9,3249.7,1,1,3249.8,62,4,3249.9,8,2,3250.0,504,11
11536,2025-12-30 10:06:32+05:30,3249.0,1,3246.51,154401,100806.0,99155.0,3250.0,3253.0,3239.8,3251.5,41625675,3576.6,2926.4,4322.95,2866.6,3248.6,52,4,3248.5,15,2,3248.4,40,3,3248.3,46,5,3248.2,65,6,3249.0,171,9,3249.7,1,1,3249.8,62,4,3249.9,8,2,3250.0,504,11
11536,2025-12-30 10:06:32+05:30,3249.0,1,3246.51,154410,100912.0,99228.0,3250.0,3253.0,3239.8,3251.5,41625675,3576.6,2926.4,4322.95,2866.6,3248.6,45,4,3248.5,17,3,3248.4,40,3,3248.3,17,4,3248.2,77,6,3249.0,171,10,3249.5,29,1,3249.6,40,1,3249.7,1,1,3249.8,62,4
11536,2025-12-30 10:06:33+05:30,3248.7,2,3246.51,154410,100912.0,99228.0,3250.0,3253.0,3239.8,3251.5,41625675,3576.6,2926.4,4322.95,2866.6,3248.6,45,4,3248.5,17,3,3248.4,40,3,3248.3,17,4,3248.2,77,6,3249.0,171,10,3249.5,29,1,3249.6,40,1,3249.7,1,1,3249.8,62,4
11536,2025-12-30 10:06:33+05:30,3248.6,1,3246.51,154705,100283.0,99703.0,3250.0,3253.0,3239.8,3251.5,41625675,3576.6,2926.4,4322.95,2866.6,3248.5,23,4,3248.4,24,2,3248.3,14,3,3248.2,45,4,3248.1,26,2,3248.6,513,1,3248.7,1,1,3249.0,187,13,3249.4,40,1,3249.5,55,2
11536,2025-12-30 10:06:34+05:30,3248.6,100,3246.51,154705,100283.0,99703.0,3250.0,3253.0,3239.8,3251.5,41625675,3576.6,2926.4,4322.95,2866.6,3248.5,23,4,3248.4,24,2,3248.3,14,3,3248.2,45,4,3248.1,26,2,3248.6,513,1,3248.7,1,1,3249.0,187,13,3249.4,40,1,3249.5,55,2
11536,2025-12-30 10:06:34+05:30,3248.5,1,3246.51,154810,100370.0,99672.0,3250.0,3253.0,3239.8,3251.5,41625675,3576.6,2926.4,4322.95,2866.6,3248.5,64,4,3248.4,24,2,3248.3,14,3,3248.2,45,4,3248.1,55,3,3248.6,447,6,3248.7,1,1,3249.0,170,9,3249.4,40,1,3249.5,55,2
11536,2025-12-30 10:06:35+05:30,3248.5,1,3246.51,154810,100370.0,99672.0,3250.0,3253.0,3239.8,3251.5,41625675,3576.6,2926.4,4322.95,2866.6,3248.5,64,4,3248.4,24,2,3248.3,14,3,3248.2,45,4,3248.1,55,3,3248.6,447,6,3248.7,1,1,3249.0,170,9,3249.4,40,1,3249.5,55,2
11536,2025-12-30 10:06:35+05:30,3248.5,1,3246.52,155543,101108.0,99237.0,3250.0,3253.0,3239.8,3251.5,41625675,3576.6,2926.4,4322.95,2866.6,3248.5,130,7,3248.4,45,2,3248.3,54,4,3248.2,72,6,3248.1,85,5,3248.7,35,4,3249.0,165,4,3249.7,5,1,3249.8,62,4,3249.9,155,1
11536,2025-12-30 10:06:36+05:30,3248.5,1,3246.52,155543,101108.0,99237.0,3250.0,3253.0,3239.8,3251.5,41625675,3576.6,2926.4,4322.95,2866.6,3248.5,130,7,3248.4,45,2,3248.3,54,4,3248.2,72,6,3248.1,85,5,3248.7,35,4,3249.0,165,4,3249.7,5,1,3249.8,62,4,3249.9,155,1
11536,2025-12-30 10:06:36+05:30,3248.5,1,3246.52,155546,101112.0,96719.0,3250.0,3253.0,3239.8,3251.5,41625675,3576.6,2926.4,4322.95,2866.6,3248.5,119,6,3248.4,25,2,3248.3,14,3,3248.2,65,5,3248.1,114,6,3248.7,39,7,3249.0,162,1,3249.7,5,1,3249.8,63,5,3249.9,155,1
11536,2025-12-30 10:06:37+05:30,3248.5,3,3246.52,155546,101112.0,96719.0,3250.0,3253.0,3239.8,3251.5,41625675,3576.6,2926.4,4322.95,2866.6,3248.5,119,6,3248.4,25,2,3248.3,14,3,3248.2,65,5,3248.1,114,6,3248.7,39,7,3249.0,162,1,3249.7,5,1,3249.8,63,5,3249.9,155,1
11536,2025-12-30 10:06:37+05:30,3248.7,11,3246.52,155718,100428.0,98882.0,3250.0,3253.0,3239.8,3251.5,41625675,3576.6,2926.4,4322.95,2866.6,3248.4,63,4,3248.3,22,4,3248.2,65,5,3248.1,96,4,3248.0,127,12,3248.7,13,6,3249.0,162,1,3249.6,21,1,3249.7,5,1,3249.8,63,5
11536,2025-12-30 10:06:38+05:30,3248.7,4,3246.52,155718,100428.0,98882.0,3250.0,3253.0,3239.8,3251.5,41625675,3576.6,2926.4,4322.95,2866.6,3248.4,63,4,3248.3,22,4,3248.2,65,5,3248.1,96,4,3248.0,127,12,3248.7,13,6,3249.0,162,1,3249.6,21,1,3249.7,5,1,3249.8,63,5
11536,2025-12-30 10:06:38+05:30,3249.0,162,3246.53,156109,101438.0,98335.0,3250.0,3253.0,3239.8,3251.5,41625675,3576.6,2926.4,4322.95,2866.6,3249.0,41,3,3248.8,33,2,3248.7,89,3,3248.6,24,2,3248.5,105,5,3249.7,14,2,3249.8,15,2,3250.0,484,10,3250.1,16,3,3250.2,21,1
11536,2025-12-30 10:06:39+05:30,3249.7,1,3246.53,156109,101438.0,98335.0,3250.0,3253.0,3239.8,3251.5,41625675,3576.6,2926.4,4322.95,2866.6,3249.0,41,3,3248.8,33,2,3248.7,89,3,3248.6,24,2,3248.5,105,5,3249.7,14,2,3249.8,15,2,3250.0,484,10,3250.1,16,3,3250.2,21,1
11536,2025-12-30 10:06:39+05:30,3249.7,1,3246.54,156457,102072.0,98729.0,3250.0,3253.0,3239.8,3251.5,41625675,3576.6,2926.4,4322.95,2866.6,3249.0,123,7,3248.9,8,1,3248.8,16,1,3248.6,24,2,3248.5,105,5,3249.7,28,4,3249.8,15,2,3250.0,484,10,3250.1,28,3,3250.2,21,1
11536,2025-12-30 10:06:40+05:30,3249.0,11,3246.54,156475,101994.0,98675.0,3250.0,3253.0,3239.8,3251.5,41625675,3576.6,2926.4,4322.95,2866.6,3249.0,72,5,3248.9,40,2,3248.8,19,1,3248.6,25,2,3248.5,103,4,3249.7,19,3,3249.8,15,2,3250.0,484,10,3250.1,28,3,3250.2,21,1
11536,2025-12-30 10:06:41+05:30,3249.1,4,3246.54,156475,101994.0,98675.0,3250.0,3253.0,3239.8,3251.5,41625675,3576.6,2926.4,4322.95,2866.6,3249.0,72,5,3248.9,40,2,3248.8,19,1,3248.6,25,2,3248.5,103,4,3249.7,19,3,3249.8,15,2,3250.0,484,10,3250.1,28,3,3250.2,21,1
11536,2025-12-30 10:06:41+05:30,3249.1,68,3246.54,156583,102080.0,98672.0,3250.0,3253.0,3239.8,3251.5,41625675,3576.6,2926.4,4322.95,2866.6,3249.1,48,4,3249.0,61,4,3248.9,51,3,3248.7,16,1,3248.6,9,1,3249.7,16,7,3249.8,15,2,3250.0,484,10,3250.1,28,3,3250.2,21,1
11536,2025-12-30 10:06:42+05:30,3249.1,6,3246.54,156583,102080.0,98672.0,3250.0,3253.0,3239.8,3251.5,41625675,3576.6,2926.4,4322.95,2866.6,3249.1,48,4,3249.0,61,4,3248.9,51,3,3248.7,16,1,3248.6,9,1,3249.7,16,7,3249.8,15,2,3250.0,484,10,3250.1,28,3,3250.2,21,1
11536,2025-12-30 10:06:42+05:30,3249.7,1,3246.54,156663,101560.0,99101.0,3250.0,3253.0,3239.8,3251.5,41625675,3576.6,2926.4,4322.95,2866.6,3249.1,45,3,3248.7,30,2,3248.6,7,1,3248.5,70,3,3248.4,53,2,3249.7,553,10,3249.8,43,4,3250.0,558,13,3250.1,66,5,3250.2,48,3
11536,2025-12-30 10:06:43+05:30,3249.1,6,3246.54,156663,101560.0,99101.0,3250.0,3253.0,3239.8,3251.5,41625675,3576.6,2926.4,4322.95,2866.6,3249.1,45,3,3248.7,30,2,3248.6,7,1,3248.5,70,3,3248.4,53,2,3249.7,553,10,3249.8,43,4,3250.0,558,13,3250.1,66,5,3250.2,48,3
11536,2025-12-30 10:06:43+05:30,3249.1,6,3246.54,156678,101571.0,99139.0,3250.0,3253.0,3239.8,3251.5,41625675,3576.6,2926.4,4322.95,2866.6,3249.1,32,3,3249.0,36,1,3248.7,30,2,3248.6,7,1,3248.5,32,2,3249.7,559,13,3249.8,43,4,3250.0,558,13,3250.1,66,5,3250.2,48,3
11536,2025-12-30 10:06:44+05:30,3249.7,1,3246.54,156678,101571.0,99139.0,3250.0,3253.0,3239.8,3251.5,41625675,3576.6,2926.4,4322.95,2866.6,3249.1,32,3,3249.0,36,1,3248.7,30,2,3248.6,7,1,3248.5,32,2,3249.7,559,13,3249.8,43,4,3250.0,558,13,3250.1,66,5,3250.2,48,3
11536,2025-12-30 10:06:44+05:30,3249.7,1,3246.54,156715,101582.0,99158.0,3250.0,3253.0,3239.8,3251.5,41625675,3576.6,2926.4,4322.95,2866.6,3249.1,82,4,3249.0,36,1,3248.7,30,2,3248.6,7,1,3248.5,32,2,3249.7,541,14,3249.8,43,4,3249.9,16,1,3250.0,542,12,3250.1,48,4
11536,2025-12-30 10:06:45+05:30,3249.1,1,3246.54,156715,101582.0,99158.0,3250.0,3253.0,3239.8,3251.5,41625675,3576.6,2926.4,4322.95,2866.6,3249.1,82,4,3249.0,36,1,3248.7,30,2,3248.6,7,1,3248.5,32,2,3249.7,541,14,3249.8,43,4,3249.9,16,1,3250.0,542,12,3250.1,48,4
11536,2025-12-30 10:06:45+05:30,3249.1,3,3246.54,156763,101564.0,97076.0,3250.0,3253.0,3239.8,3251.5,41625675,3576.6,2926.4,4322.95,2866.6,3249.1,105,5,3248.7,30,2,3248.6,7,1,3248.5,32,2,3248.4,4,1,3249.7,569,13,3249.8,63,5,3249.9,38,1,3250.0,500,11,3250.1,48,4
11536,2025-12-30 10:06:46+05:30,3249.7,1,3246.54,156763,101564.0,97076.0,3250.0,3253.0,3239.8,3251.5,41625675,3576.6,2926.4,4322.95,2866.6,3249.1,105,5,3248.7,30,2,3248.6,7,1,3248.5,32,2,3248.4,4,1,3249.7,569,13,3249.8,63,5,3249.9,38,1,3250.0,500,11,3250.1,48,4
11536,2025-12-30 10:06:46+05:30,3249.7,2,3246.54,156795,101509.0,99150.0,3250.0,3253.0,3239.8,3251.5,41625675,3576.6,2926.4,4322.95,2866.6,3249.1,76,5,3248.7,30,2,3248.6,7,1,3248.5,32,2,3248.4,4,1,3249.7,567,15,3249.8,63,5,3249.9,38,1,3250.0,510,12,3250.1,48,4
11536,2025-12-30 10:06:47+05:30,3249.7,1,3246.54,156795,101509.0,99150.0,3250.0,3253.0,3239.8,3251.5,41625675,3576.6,2926.4,4322.95,2866.6,3249.1,76,5,3248.7,30,2,3248.6,7,1,3248.5,32,2,3248.4,4,1,3249.7,567,15,3249.8,63,5,3249.9,38,1,3250.0,510,12,3250.1,48,4
11536,2025-12-30 10:06:47+05:30,3249.2,3,3246.54,156825,101549.0,99195.0,3250.0,3253.0,3239.8,3251.5,41625675,3576.6,2926.4,4322.95,2866.6,3249.2,42,4,3249.1,40,4,3248.7,34,3,3248.6,7,1,3248.5,32,2,3249.7,513,11,3249.8,75,5,3249.9,58,2,3250.0,532,13,3250.1,48,4
11536,2025-12-30 10:06:48+05:30,3249.7,2,3246.54,156825,101549.0,99195.0,3250.0,3253.0,3239.8,3251.5,41625675,3576.6,2926.4,4322.95,2866.6,3249.2,42,4,3249.1,40,4,3248.7,34,3,3248.6,7,1,3248.5,32,2,3249.7,513,11,3249.8,75,5,3249.9,58,2,3250.0,532,13,3250.1,48,4
11536,2025-12-30 10:06:48+05:30,3249.7,1,3246.54,156846,101887.0,98996.0,3250.0,3253.0,3239.8,3251.5,41625675,3576.6,2926.4,4322.95,2866.6,3249.5,31,1,3249.2,82,4,3249.1,42,5,3248.7,34,3,3248.6,7,1,3249.7,507,9,3249.8,57,4,3249.9,58,2,3250.0,532,13,3250.1,48,4
11536,2025-12-30 10:06:49+05:30,3249.7,1,3246.54,156846,101887.0,98996.0,3250.0,3253.0,3239.8,3251.5,41625675,3576.6,2926.4,4322.95,2866.6,3249.5,31,1,3249.2,82,4,3249.1,42,5,3248.7,34,3,3248.6,7,1,3249.7,507,9,3249.8,57,4,3249.9,58,2,3250.0,532,13,3250.1,48,4
11536,2025-12-30 10:06:49+05:30,3249.5,1,3246.54,156853,101849.0,99016.0,3250.0,3253.0,3239.8,3251.5,41625675,3576.6,2926.4,4322.95,2866.6,3249.5,24,1,3249.2,82,4,3249.1,42,5,3248.7,34,3,3248.6,7,1,3249.7,508,10,3249.8,57,4,3249.9,58,2,3250.0,532,13,3250.1,48,4
11536,2025-12-30 10:06:50+05:30,3249.5,3,3246.54,156853,101849.0,99016.0,3250.0,3253.0,3239.8,3251.5,41625675,3576.6,2926.4,4322.95,2866.6,3249.5,24,1,3249.2,82,4,3249.1,42,5,3248.7,34,3,3248.6,7,1,3249.7,508,10,3249.8,57,4,3249.9,58,2,3250.0,532,13,3250.1,48,4
11536,2025-12-30 10:06:50+05:30,3249.5,4,3246.54,156928,101858.0,99355.0,3250.0,3253.0,3239.8,3251.5,41625675,3576.6,2926.4,4322.95,2866.6,3249.5,29,1,3249.2,82,4,3249.1,42,5,3248.7,34,3,3248.6,7,1,3249.7,509,10,3249.8,57,4,3249.9,65,3,3250.0,530,13,3250.1,59,5
11536,2025-12-30 10:06:51+05:30,3249.7,20,3246.54,156928,101858.0,99355.0,3250.0,3253.0,3239.8,3251.5,41625675,3576.6,2926.4,4322.95,2866.6,3249.5,29,1,3249.2,82,4,3249.1,42,5,3248.7,34,3,3248.6,7,1,3249.7,509,10,3249.8,57,4,3249.9,65,3,3250.0,530,13,3250.1,59,5
11536,2025-12-30 10:06:51+05:30,3249.6,2,3246.55,157200,100424.0,98264.0,3250.0,3253.0,3239.8,3251.5,41625675,3576.6,2926.4,4322.95,2866.6,3249.6,20,1,3249.2,57,2,3249.1,18,4,3248.9,15,1,3248.7,34,3,3249.7,240,9,3249.8,16,3,3249.9,37,1,3250.0,484,10,3250.1,34,3
11536,2025-12-30 10:06:52+05:30,3249.6,1,3246.55,157200,100424.0,98264.0,3250.0,3253.0,3239.8,3251.5,41625675,3576.6,2926.4,4322.95,2866.6,3249.6,20,1,3249.2,57,2,3249.1,18,4,3248.9,15,1,3248.7,34,3,3249.7,240,9,3249.8,16,3,3249.9,37,1,3250.0,484,10,3250.1,34,3
11536,2025-12-30 10:06:52+05:30,3249.6,22,3246.55,157227,100411.0,97935.0,3250.0,3253.0,3239.8,3251.5,41625675,3576.6,2926.4,4322.95,2866.6,3249.6,36,1,3249.2,57,2,3249.1,18,4,3248.7,34,3,3248.6,22,2,3249.7,242,10,3249.8,16,3,3249.9,37,1,3250.0,516,11,3250.1,43,4
11536,2025-12-30 10:06:53+05:30,3249.6,1,3246.55,157227,100411.0,97935.0,3250.0,3253.0,3239.8,3251.5,41625675,3576.6,2926.4,4322.95,2866.6,3249.6,36,1,3249.2,57,2,3249.1,18,4,3248.7,34,3,3248.6,22,2,3249.7,242,10,3249.8,16,3,3249.9,37,1,3250.0,516,11,3250.1,43,4
11536,2025-12-30 10:06:53+05:30,3249.6,15,3246.55,157325,100551.0,98934.0,3250.0,3253.0,3239.8,3251.5,41625675,3576.6,2926.4,4322.95,2866.6,3249.6,21,1,3249.2,57,2,3249.1,18,4,3248.7,34,3,3248.6,7,1,3249.7,601,11,3249.8,16,3,3249.9,42,2,3250.0,531,12,3250.1,37,4
11536,2025-12-30 10:06:54+05:30,3249.6,1,3246.55,157325,100551.0,98934.0,3250.0,3253.0,3239.8,3251.5,41625675,3576.6,2926.4,4322.95,2866.6,3249.6,21,1,3249.2,57,2,3249.1,18,4,3248.7,34,3,3248.6,7,1,3249.7,601,11,3249.8,16,3,3249.9,42,2,3250.0,531,12,3250.1,37,4
11536,2025-12-30 10:06:54+05:30,3249.6,1,3246.55,157328,102568.0,98586.0,3250.0,3253.0,3239.8,3251.5,41625675,3576.6,2926.4,4322.95,2866.6,3249.6,66,2,3249.2,57,2,3249.1,18,4,3248.8,10,1,3248.7,34,3,3249.7,605,13,3249.8,16,3,3250.0,516,11,3250.1,89,6,3250.2,20,1
11536,2025-12-30 10:06:55+05:30,3249.7,2,3246.55,157328,102568.0,98586.0,3250.0,3253.0,3239.8,3251.5,41625675,3576.6,2926.4,4322.95,2866.6,3249.6,66,2,3249.2,57,2,3249.1,18,4,3248.8,10,1,3248.7,34,3,3249.7,605,13,3249.8,16,3,3250.0,516,11,3250.1,89,6,3250.2,20,1
11536,2025-12-30 10:06:55+05:30,3249.6,4,3246.55,157402,102522.0,98611.0,3250.0,3253.0,3239.8,3251.5,41625675,3576.6,2926.4,4322.95,2866.6,3249.6,32,1,3249.2,57,2,3249.1,18,4,3248.7,34,3,3248.6,32,3,3249.7,598,13,3249.8,16,3,3250.0,516,11,3250.1,74,5,3250.3,39,2
11536,2025-12-30 10:06:56+05:30,3249.6,1,3246.55,157402,102522.0,98611.0,3250.0,3253.0,3239.8,3251.5,41625675,3576.6,2926.4,4322.95,2866.6,3249.6,32,1,3249.2,57,2,3249.1,18,4,3248.7,34,3,3248.6,32,3,3249.7,598,13,3249.8,16,3,3250.0,516,11,3250.1,74,5,3250.3,39,2
11536,2025-12-30 10:06:56+05:30,3249.6,1,3246.56,157539,102338.0,96225.0,3250.0,3253.0,3239.8,3251.5,41625675,3576.6,2926.4,4322.95,2866.6,3249.6,33,1,3249.2,57,2,3249.1,18,4,3248.7,48,4,3248.6,119,3,3249.7,501,12,3249.8,15,2,3250.0,516,11,3250.1,90,6,3250.3,39,2
11536,2025-12-30 10:06:57+05:30,3249.6,1,3246.56,157539,102338.0,96225.0,3250.0,3253.0,3239.8,3251.5,41625675,3576.6,2926.4,4322.95,2866.6,3249.6,33,1,3249.2,57,2,3249.1,18,4,3248.7,48,4,3248.6,119,3,3249.7,501,12,3249.8,15,2,3250.0,516,11,3250.1,90,6,3250.3,39,2
11536,2025-12-30 10:06:57+05:30,3249.6,3,3246.56,157580,102311.0,99860.0,3250.0,3253.0,3239.8,3251.5,41625675,3576.6,2926.4,4322.95,2866.6,3249.2,57,2,3249.1,18,4,3248.7,34,3,3248.6,109,2,3248.5,32,2,3249.6,1,1,3249.7,498,10,3249.8,15,2,3249.9,15,1,3250.0,516,11
11536,2025-12-30 10:06:58+05:30,3249.2,7,3246.56,157580,102311.0,99860.0,3250.0,3253.0,3239.8,3251.5,41625675,3576.6,2926.4,4322.95,2866.6,3249.2,57,2,3249.1,18,4,3248.7,34,3,3248.6,109,2,3248.5,32,2,3249.6,1,1,3249.7,498,10,3249.8,15,2,3249.9,15,1,3250.0,516,11
11536,2025-12-30 10:06:58+05:30,3249.2,33,3246.56,157670,101954.0,100161.0,3250.0,3253.0,3239.8,3251.5,41625675,3576.6,2926.4,4322.95,2866.6,3249.1,12,3,3249.0,90,1,3248.7,34,3,3248.6,7,1,3248.5,47,3,3249.2,3,1,3249.6,21,7,3249.7,476,6,3249.8,47,3,3249.9,83,3
11536,2025-12-30 10:06:59+05:30,3249.1,3,3246.56,157670,101954.0,100161.0,3250.0,3253.0,3239.8,3251.5,41625675,3576.6,2926.4,4322.95,2866.6,3249.1,12,3,3249.0,90,1,3248.7,34,3,3248.6,7,1,3248.5,47,3,3249.2,3,1,3249.6,21,7,3249.7,476,6,3249.8,47,3,3249.9,83,3
11536,2025-12-30 10:06:59+05:30,3249.0,7,3246.56,157713,101696.0,100214.0,3250.0,3253.0,3239.8,3251.5,41625675,3576.6,2926.4,4322.95,2866.6,3249.0,83,1,3248.7,4,1,3248.6,7,1,3248.5,6,1,3248.4,20,2,3249.1,1,1,3249.2,9,5,3249.6,20,6,3249.7,470,3,3249.8,47,3
11536,2025-12-30 10:07:00+05:30,3249.1,1,3246.56,157713,101696.0,100214.0,3250.0,3253.0,3239.8,3251.5,41625675,3576.6,2926.4,4322.95,2866.6,3249.0,83,1,3248.7,4,1,3248.6,7,1,3248.5,6,1,3248.4,20,2,3249.1,1,1,3249.2,9,5,3249.6,20,6,3249.7,470,3,3249.8,47,3
11536,2025-12-30 10:07:00+05:30,3249.0,1,3246.56,157770,101190.0,99018.0,3250.0,3253.0,3239.8,3251.5,41625675,3576.6,2926.4,4322.95,2866.6,3249.0,43,1,3248.7,4,1,3248.5,15,1,3248.4,30,3,3248.3,14,3,3249.2,7,6,3249.6,15,2,3249.7,537,4,3249.8,15,2,3249.9,61,3
11536,2025-12-30 10:07:01+05:30,3249.2,1,3246.56,157770,101190.0,99018.0,3250.0,3253.0,3239.8,3251.5,41625675,3576.6,2926.4,4322.95,2866.6,3249.0,43,1,3248.7,4,1,3248.5,15,1,3248.4,30,3,3248.3,14,3,3249.2,7,6,3249.6,15,2,3249.7,537,4,3249.8,15,2,3249.9,61,3
11536,2025-12-30 10:07:01+05:30,3249.0,3,3246.56,157782,101773.0,99477.0,3250.0,3253.0,3239.8,3251.5,41625675,3576.6,2926.4,4322.95,2866.6,3249.0,38,1,3248.7,27,3,3248.5,31,1,3248.4,133,6,3248.3,75,4,3249.2,23,8,3249.7,469,2,3249.8,15,2,3249.9,46,2,3250.0,528,13
11536,2025-12-30 10:07:02+05:30,3249.0,5,3246.56,157782,101773.0,99477.0,3250.0,3253.0,3239.8,3251.5,41625675,3576.6,2926.4,4322.95,2866.6,3249.0,38,1,3248.7,27,3,3248.5,31,1,3248.4,133,6,3248.3,75,4,3249.2,23,8,3249.7,469,2,3249.8,15,2,3249.9,46,2,3250.0,528,13
11536,2025-12-30 10:07:02+05:30,3249.0,5,3246.56,157801,101773.0,99495.0,3250.0,3253.0,3239.8,3251.5,41625675,3576.6,2926.4,4322.95,2866.6,3249.0,30,3,3248.8,14,1,3248.7,18,3,3248.5,32,2,3248.4,105,5,3249.2,25,11,3249.7,469,2,3249.8,15,2,3249.9,46,2,3250.0,528,13
11536,2025-12-30 10:07:03+05:30,3249.0,2,3246.56,157801,101773.0,99495.0,3250.0,3253.0,3239.8,3251.5,41625675,3576.6,2926.4,4322.95,2866.6,3249.0,30,3,3248.8,14,1,3248.7,18,3,3248.5,32,2,3248.4,105,5,3249.2,25,11,3249.7,469,2,3249.8,15,2,3249.9,46,2,3250.0,528,13
11536,2025-12-30 10:07:03+05:30,3249.0,2,3246.56,157817,101171.0,100062.0,3250.0,3253.0,3239.8,3251.5,41625675,3576.6,2926.4,4322.95,2866.6,3249.0,7,2,3248.9,25,1,3248.7,9,2,3248.5,1,1,3248.4,30,3,3249.2,24,11,3249.7,469,2,3249.8,83,4,3249.9,46,2,3250.0,528,13
11536,2025-12-30 10:07:04+05:30,3249.0,1,3246.56,157817,101171.0,100062.0,3250.0,3253.0,3239.8,3251.5,41625675,3576.6,2926.4,4322.95,2866.6,3249.0,7,2,3248.9,25,1,3248.7,9,2,3248.5,1,1,3248.4,30,3,3249.2,24,11,3249.7,469,2,3249.8,83,4,3249.9,46,2,3250.0,528,13
11536,2025-12-30 10:07:04+05:30,3249.0,1,3246.56,157833,99754.0,100062.0,3250.0,3253.0,3239.8,3251.5,41625675,3576.6,2926.4,4322.95,2866.6,3249.0,4,1,3248.9,25,1,3248.7,9,2,3248.5,1,1,3248.4,30,3,3249.2,25,12,3249.7,469,2,3249.8,83,4,3249.9,60,3,3250.0,526,12
11536,2025-12-30 10:07:05+05:30,3249.0,3,3246.56,157833,99754.0,100062.0,3250.0,3253.0,3239.8,3251.5,41625675,3576.6,2926.4,4322.95,2866.6,3249.0,4,1,3248.9,25,1,3248.7,9,2,3248.5,1,1,3248.4,30,3,3249.2,25,12,3249.7,469,2,3249.8,83,4,3249.9,60,3,3250.0,526,12
11536,2025-12-30 10:07:05+05:30,3249.0,2,3246.56,157846,100640.0,99740.0,3250.0,3253.0,3239.8,3251.5,41625675,3576.6,2926.4,4322.95,2866.6,3249.0,4,1,3248.9,25,1,3248.7,18,3,3248.6,31,1,3248.5,1,1,3249.2,211,10,3249.8,15,2,3249.9,26,1,3250.0,504,11,3250.1,59,4
11536,2025-12-30 10:07:06+05:30,3249.2,1,3246.56,157846,100640.0,99740.0,3250.0,3253.0,3239.8,3251.5,41625675,3576.6,2926.4,4322.95,2866.6,3249.0,4,1,3248.9,25,1,3248.7,18,3,3248.6,31,1,3248.5,1,1,3249.2,211,10,3249.8,15,2,3249.9,26,1,3250.0,504,11,3250.1,59,4
11536,2025-12-30 10:07:06+05:30,3249.0,2,3246.56,157851,101623.0,99569.0,3250.0,3253.0,3239.8,3251.5,41625675,3576.6,2926.4,4322.95,2866.6,3249.0,4,1,3248.9,25,1,3248.7,9,2,3248.6,51,2,3248.5,37,3,3249.2,212,12,3249.8,15,2,3249.9,26,1,3250.0,504,11,3250.1,59,4
11536,2025-12-30 10:07:07+05:30,3249.0,2,3246.56,157851,101623.0,99569.0,3250.0,3253.0,3239.8,3251.5,41625675,3576.6,2926.4,4322.95,2866.6,3249.0,4,1,3248.9,25,1,3248.7,9,2,3248.6,51,2,3248.5,37,3,3249.2,212,12,3249.8,15,2,3249.9,26,1,3250.0,504,11,3250.1,59,4
11536,2025-12-30 10:07:07+05:30,3249.0,2,3246.56,157859,100925.0,99974.0,3250.0,3253.0,3239.8,3251.5,41625675,3576.6,2926.4,4322.95,2866.6,3249.0,24,2,3248.7,9,2,3248.5,1,1,3248.4,71,4,3248.3,198,6,3249.2,211,11,3249.8,15,2,3249.9,63,2,3250.0,504,11,3250.1,62,5
11536,2025-12-30 10:07:08+05:30,3249.0,1,3246.56,157859,100925.0,99974.0,3250.0,3253.0,3239.8,3251.5,41625675,3576.6,2926.4,4322.95,2866.6,3249.0,24,2,3248.7,9,2,3248.5,1,1,3248.4,71,4,3248.3,198,6,3249.2,211,11,3249.8,15,2,3249.9,63,2,3250.0,504,11,3250.1,62,5
11536,2025-12-30 10:07:08+05:30,3249.0,1,3246.56,157862,101565.0,100090.0,3250.0,3253.0,3239.8,3251.5,41625675,3576.6,2926.4,4322.95,2866.6,3249.1,18,1,3249.0,3,1,3248.8,13,1,3248.7,9,2,3248.6,13,1,3249.2,211,11,3249.8,83,4,3249.9,26,1,3250.0,504,11,3250.1,44,5
11536,2025-12-30 10:07:09+05:30,3249.1,1,3246.56,157862,101565.0,100090.0,3250.0,3253.0,3239.8,3251.5,41625675,3576.6,2926.4,4322.95,2866.6,3249.1,18,1,3249.0,3,1,3248.8,13,1,3248.7,9,2,3248.6,13,1,3249.2,211,11,3249.8,83,4,3249.9,26,1,3250.0,504,11,3250.1,44,5
11536,2025-12-30 10:07:09+05:30,3249.1,1,3246.56,157866,100679.0,99996.0,3250.0,3253.0,3239.8,3251.5,41625675,3576.6,2926.4,4322.95,2866.6,3249.1,61,2,3249.0,3,1,3248.7,9,2,3248.5,1,1,3248.4,29,3,3249.2,209,9,3249.7,68,2,3249.8,15,2,3249.9,54,3,3250.0,504,11
11536,2025-12-30 10:07:10+05:30,3249.1,1,3246.56,157866,100679.0,99996.0,3250.0,3253.0,3239.8,3251.5,41625675,3576.6,2926.4,4322.95,2866.6,3249.1,61,2,3249.0,3,1,3248.7,9,2,3248.5,1,1,3248.4,29,3,3249.2,209,9,3249.7,68,2,3249.8,15,2,3249.9,54,3,3250.0,504,11
11536,2025-12-30 10:07:10+05:30,3249.2,1,3246.56,158067,100562.0,99452.0,3250.0,3253.0,3239.8,3251.5,41625675,3576.6,2926.4,4322.95,2866.6,3249.2,21,1,3249.1,47,1,3249.0,3,1,3248.7,9,2,3248.6,9,1,3249.7,81,3,3249.8,15,2,3250.0,496,11,3250.1,28,4,3250.2,57,4
11536,2025-12-30 10:07:11+05:30,3249.2,1,3246.56,158067,100562.0,99452.0,3250.0,3253.0,3239.8,3251.5,41625675,3576.6,2926.4,4322.95,2866.6,3249.2,21,1,3249.1,47,1,3249.0,3,1,3248.7,9,2,3248.6,9,1,3249.7,81,3,3249.8,15,2,3250.0,496,11,3250.1,28,4,3250.2,57,4
11536,2025-12-30 10:07:11+05:30,3249.7,5,3246.56,158072,100609.0,99661.0,3250.0,3253.0,3239.8,3251.5,41625675,3576.6,2926.4,4322.95,2866.6,3249.2,74,4,3249.1,47,1,3249.0,3,1,3248.7,9,2,3248.6,9,1,3249.7,43,4,3249.8,15,2,3249.9,31,1,3250.0,496,11,3250.1,56,5
11536,2025-12-30 10:07:12+05:30,3249.7,5,3246.56,158072,100609.0,99661.0,3250.0,3253.0,3239.8,3251.5,41625675,3576.6,2926.4,4322.95,2866.6,3249.2,74,4,3249.1,47,1,3249.0,3,1,3248.7,9,2,3248.6,9,1,3249.7,43,4,3249.8,15,2,3249.9,31,1,3250.0,496,11,3250.1,56,5
11536,2025-12-30 10:07:12+05:30,3249.7,2,3246.56,158075,100607.0,99925.0,3250.0,3253.0,3239.8,3251.5,41625675,3576.6,2926.4,4322.95,2866.6,3249.2,74,4,3249.1,47,1,3249.0,3,1,3248.7,9,2,3248.6,9,1,3249.7,43,7,3249.8,15,2,3249.9,31,1,3250.0,496,11,3250.1,56,5
11536,2025-12-30 10:07:13+05:30,3249.7,3,3246.56,158075,100607.0,99925.0,3250.0,3253.0,3239.8,3251.5,41625675,3576.6,2926.4,4322.95,2866.6,3249.2,74,4,3249.1,47,1,3249.0,3,1,3248.7,9,2,3248.6,9,1,3249.7,43,7,3249.8,15,2,3249.9,31,1,3250.0,496,11,3250.1,56,5
11536,2025-12-30 10:07:13+05:30,3249.2,1,3246.57,158139,98897.0,99812.0,3250.0,3253.0,3239.8,3251.5,41625675,3576.6,2926.4,4322.95,2866.6,3249.2,71,4,3249.1,47,1,3249.0,3,1,3248.7,22,3,3248.5,2,2,3249.7,9,5,3249.8,15,2,3250.0,483,10,3250.1,79,5,3250.2,20,1
11536,2025-12-30 10:07:14+05:30,3249.2,16,3246.57,158139,98897.0,99812.0,3250.0,3253.0,3239.8,3251.5,41625675,3576.6,2926.4,4322.95,2866.6,3249.2,71,4,3249.1,47,1,3249.0,3,1,3248.7,22,3,3248.5,2,2,3249.7,9,5,3249.8,15,2,3250.0,483,10,3250.1,79,5,3250.2,20,1
11536,2025-12-30 10:07:14+05:30,3249.2,1,3246.57,158180,100226.0,100294.0,3250.0,3253.0,3239.8,3251.5,41625675,3576.6,2926.4,4322.95,2866.6,3249.2,34,2,3249.1,47,1,3249.0,3,1,3248.7,9,2,3248.5,1,1,3249.7,593,9,3249.8,15,2,3249.9,31,1,3250.0,539,12,3250.1,61,5
11536,2025-12-30 10:07:15+05:30,3249.7,1,3246.57,158180,100226.0,100294.0,3250.0,3253.0,3239.8,3251.5,41625675,3576.6,2926.4,4322.95,2866.6,3249.2,34,2,3249.1,47,1,3249.0,3,1,3248.7,9,2,3248.5,1,1,3249.7,593,9,3249.8,15,2,3249.9,31,1,3250.0,539,12,3250.1,61,5
11536,2025-12-30 10:07:15+05:30,3249.2,18,3246.57,158201,100008.0,100566.0,3250.0,3253.0,3239.8,3251.5,41625675,3576.6,2926.4,4322.95,2866.6,3249.2,15,2,3249.1,47,1,3249.0,3,1,3248.7,9,2,3248.5,1,1,3249.7,635,10,3249.8,15,2,3249.9,86,3,3250.0,537,13,3250.1,80,6
11536,2025-12-30 10:07:16+05:30,3249.6,1,3246.57,158201,100008.0,100566.0,3250.0,3253.0,3239.8,3251.5,41625675,3576.6,2926.4,4322.95,2866.6,3249.2,15,2,3249.1,47,1,3249.0,3,1,3248.7,9,2,3248.5,1,1,3249.7,635,10,3249.8,15,2,3249.9,86,3,3250.0,537,13,3250.1,80,6
11536,2025-12-30 10:07:16+05:30,3249.2,2,3246.57,158215,99194.0,100695.0,3250.0,3253.0,3239.8,3251.5,41625675,3576.6,2926.4,4322.95,2866.6,3249.2,2,1,3249.1,47,1,3249.0,3,1,3248.7,9,2,3248.5,1,1,3249.6,89,4,3249.7,609,9,3249.8,59,5,3249.9,63,3,3250.0,546,14
11536,2025-12-30 10:07:17+05:30,3249.5,1,3246.57,158215,99194.0,100695.0,3250.0,3253.0,3239.8,3251.5,41625675,3576.6,2926.4,4322.95,2866.6,3249.2,2,1,3249.1,47,1,3249.0,3,1,3248.7,9,2,3248.5,1,1,3249.6,89,4,3249.7,609,9,3249.8,59,5,3249.9,63,3,3250.0,546,14
11536,2025-12-30 10:07:17+05:30,3249.2,4,3246.57,158268,100932.0,100970.0,3250.0,3253.0,3239.8,3251.5,41625675,3576.6,2926.4,4322.95,2866.6,3249.2,11,2,3249.1,29,1,3249.0,3,1,3248.7,9,2,3248.5,1,1,3249.5,47,5,3249.6,103,9,3249.7,608,7,3249.8,49,4,3249.9,63,3
11536,2025-12-30 10:07:18+05:30,3249.6,8,3246.57,158268,100932.0,100970.0,3250.0,3253.0,3239.8,3251.5,41625675,3576.6,2926.4,4322.95,2866.6,3249.2,11,2,3249.1,29,1,3249.0,3,1,3248.7,9,2,3248.5,1,1,3249.5,47,5,3249.6,103,9,3249.7,608,7,3249.8,49,4,3249.9,63,3
11536,2025-12-30 10:07:18+05:30,3249.6,8,3246.57,158479,101042.0,99688.0,3250.0,3253.0,3239.8,3251.5,41625675,3576.6,2926.4,4322.95,2866.6,3249.2,15,2,3249.1,29,1,3249.0,14,2,3248.7,9,2,3248.5,4,2,3249.6,19,6,3249.7,570,2,3249.8,59,4,3250.0,544,13,3250.1,2,2
11536,2025-12-30 10:07:19+05:30,3249.2,20,3246.57,158479,101042.0,99688.0,3250.0,3253.0,3239.8,3251.5,41625675,3576.6,2926.4,4322.95,2866.6,3249.2,15,2,3249.1,29,1,3249.0,14,2,3248.7,9,2,3248.5,4,2,3249.6,19,6,3249.7,570,2,3249.8,59,4,3250.0,544,13,3250.1,2,2
11536,2025-12-30 10:07:19+05:30,3249.2,20,3246.57,158505,101085.0,99839.0,3250.0,3253.0,3239.8,3251.5,41625675,3576.6,2926.4,4322.95,2866.6,3249.1,38,2,3249.0,14,2,3248.9,13,1,3248.7,9,2,3248.6,13,1,3249.2,2,1,3249.6,17,6,3249.7,600,2,3249.8,15,2,3249.9,36,1
11536,2025-12-30 10:07:20+05:30,3249.2,1,3246.57,158505,101085.0,99839.0,3250.0,3253.0,3239.8,3251.5,41625675,3576.6,2926.4,4322.95,2866.6,3249.1,38,2,3249.0,14,2,3248.9,13,1,3248.7,9,2,3248.6,13,1,3249.2,2,1,3249.6,17,6,3249.7,600,2,3249.8,15,2,3249.9,36,1
11536,2025-12-30 10:07:20+05:30,3249.2,1,3246.57,158588,100928.0,99665.0,3250.0,3253.0,3239.8,3251.5,41625675,3576.6,2926.4,4322.95,2866.6,3249.1,11,1,3249.0,14,2,3248.7,9,2,3248.5,17,3,3248.4,36,3,3249.2,3,3,3249.6,7,3,3249.7,600,2,3249.8,15,2,3249.9,36,1
11536,2025-12-30 10:07:21+05:30,3249.0,7,3246.57,158588,100928.0,99665.0,3250.0,3253.0,3239.8,3251.5,41625675,3576.6,2926.4,4322.95,2866.6,3249.1,11,1,3249.0,14,2,3248.7,9,2,3248.5,17,3,3248.4,36,3,3249.2,3,3,3249.6,7,3,3249.7,600,2,3249.8,15,2,3249.9,36,1
11536,2025-12-30 10:07:21+05:30,3249.0,7,3246.57,158636,101095.0,99934.0,3250.0,3253.0,3239.8,3251.5,41625675,3576.6,2926.4,4322.95,2866.6,3249.0,15,2,3248.7,9,2,3248.5,17,3,3248.4,8,2,3248.3,179,6,3249.2,5,4,3249.6,32,2,3249.7,569,1,3249.8,79,4,3250.0,553,14
11536,2025-12-30 10:07:22+05:30,3249.0,2,3246.57,158636,101095.0,99934.0,3250.0,3253.0,3239.8,3251.5,41625675,3576.6,2926.4,4322.95,2866.6,3249.0,15,2,3248.7,9,2,3248.5,17,3,3248.4,8,2,3248.3,179,6,3249.2,5,4,3249.6,32,2,3249.7,569,1,3249.8,79,4,3250.0,553,14
11536,2025-12-30 10:07:22+05:30,3249.0,2,3246.57,158652,101118.0,99940.0,3250.0,3253.0,3239.8,3251.5,41625675,3576.6,2926.4,4322.95,2866.6,3249.0,20,2,3248.7,22,3,3248.5,40,3,3248.4,21,3,3248.3,179,6,3249.2,8,5,3249.7,569,1,3249.8,43,3,3249.9,31,1,3250.0,553,14
11536,2025-12-30 10:07:23+05:30,3249.0,2,3246.57,158652,101118.0,99940.0,3250.0,3253.0,3239.8,3251.5,41625675,3576.6,2926.4,4322.95,2866.6,3249.0,20,2,3248.7,22,3,3248.5,40,3,3248.4,21,3,3248.3,179,6,3249.2,8,5,3249.7,569,1,3249.8,43,3,3249.9,31,1,3250.0,553,14
11536,2025-12-30 10:07:23+05:30,3249.0,2,3246.58,158674,101087.0,99962.0,3250.0,3253.0,3239.8,3251.5,41625675,3576.6,2926.4,4322.95,2866.6,3249.1,5,1,3249.0,9,1,3248.9,13,1,3248.7,9,2,3248.6,13,1,3249.2,9,7,3249.7,569,1,3249.8,43,3,3249.9,67,2,3250.0,553,14
11536,2025-12-30 10:07:24+05:30,3249.1,5,3246.58,158674,101087.0,99962.0,3250.0,3253.0,3239.8,3251.5,41625675,3576.6,2926.4,4322.95,2866.6,3249.1,5,1,3249.0,9,1,3248.9,13,1,3248.7,9,2,3248.6,13,1,3249.2,9,7,3249.7,569,1,3249.8,43,3,3249.9,67,2,3250.0,553,14
11536,2025-12-30 10:07:24+05:30,3249.1,5,3246.58,158708,101302.0,100075.0,3250.0,3253.0,3239.8,3251.5,41625675,3576.6,2926.4,4322.95,2866.6,3249.1,32,1,3249.0,11,1,3248.7,9,2,3248.6,13,1,3248.5,4,2,3249.2,586,7,3249.7,31,1,3249.8,15,2,3249.9,36,1,3250.0,562,15
11536,2025-12-30 10:07:25+05:30,3249.2,1,3246.58,158729,101278.0,100085.0,3250.0,3253.0,3239.8,3251.5,41625675,3576.6,2926.4,4322.95,2866.6,3249.1,13,1,3249.0,11,1,3248.9,10,1,3248.7,9,2,3248.5,4,2,3249.2,586,7,3249.7,31,1,3249.8,43,3,3249.9,36,1,3250.0,566,15
11536,2025-12-30 10:07:25+05:30,3249.2,1,3246.58,158729,101278.0,100085.0,3250.0,3253.0,3239.8,3251.5,41625675,3576.6,2926.4,4322.95,2866.6,3249.1,13,1,3249.0,11,1,3248.9,10,1,3248.7,9,2,3248.5,4,2,3249.2,586,7,3249.7,31,1,3249.8,43,3,3249.9,36,1,3250.0,566,15
11536,2025-12-30 10:07:26+05:30,3249.1,3,3246.58,158733,100714.0,100011.0,3250.0,3253.0,3239.8,3251.5,41625675,3576.6,2926.4,4322.95,2866.6,3249.1,9,1,3249.0,11,1,3248.9,10,1,3248.7,9,2,3248.5,4,2,3249.2,586,7,3249.6,31,1,3249.7,11,1,3249.8,92,5,3249.9,15,1
11536,2025-12-30 10:07:26+05:30,3249.1,3,3246.58,158733,100714.0,100011.0,3250.0,3253.0,3239.8,3251.5,41625675,3576.6,2926.4,4322.95,2866.6,3249.1,9,1,3249.0,11,1,3248.9,10,1,3248.7,9,2,3248.5,4,2,3249.2,586,7,3249.6,31,1,3249.7,11,1,3249.8,92,5,3249.9,15,1
11536,2025-12-30 10:07:26+05:30,3249.1,3,3246.58,158733,100714.0,100011.0,3250.0,3253.0,3239.8,3251.5,41625675,3576.6,2926.4,4322.95,2866.6,3249.1,9,1,3249.0,11,1,3248.9,10,1,3248.7,9,2,3248.5,4,2,3249.2,586,7,3249.6,31,1,3249.7,11,1,3249.8,92,5,3249.9,15,1
11536,2025-12-30 10:07:27+05:30,3249.1,1,3246.58,158743,101040.0,100110.0,3250.0,3253.0,3239.8,3251.5,41625675,3576.6,2926.4,4322.95,2866.6,3249.1,9,1,3249.0,11,1,3248.7,9,2,3248.5,4,2,3248.4,8,2,3249.2,587,8,3249.6,31,1,3249.7,47,2,3249.8,56,4,3249.9,15,1
11536,2025-12-30 10:07:27+05:30,3249.1,3,3246.58,158743,101040.0,100110.0,3250.0,3253.0,3239.8,3251.5,41625675,3576.6,2926.4,4322.95,2866.6,3249.1,9,1,3249.0,11,1,3248.7,9,2,3248.5,4,2,3248.4,8,2,3249.2,587,8,3249.6,31,1,3249.7,47,2,3249.8,56,4,3249.9,15,1
11536,2025-12-30 10:07:27+05:30,3249.1,3,3246.58,158743,101040.0,100110.0,3250.0,3253.0,3239.8,3251.5,41625675,3576.6,2926.4,4322.95,2866.6,3249.1,9,1,3249.0,11,1,3248.7,9,2,3248.5,4,2,3248.4,8,2,3249.2,587,8,3249.6,31,1,3249.7,47,2,3249.8,56,4,3249.9,15,1
11536,2025-12-30 10:07:28+05:30,3249.1,4,3246.58,158750,100853.0,100122.0,3250.0,3253.0,3239.8,3251.5,41625675,3576.6,2926.4,4322.95,2866.6,3249.1,2,1,3249.0,11,1,3248.7,9,2,3248.5,1,1,3248.4,8,2,3249.2,591,12,3249.6,31,1,3249.7,60,3,3249.8,43,3,3249.9,15,1
11536,2025-12-30 10:07:28+05:30,3249.1,4,3246.58,158750,100853.0,100122.0,3250.0,3253.0,3239.8,3251.5,41625675,3576.6,2926.4,4322.95,2866.6,3249.1,2,1,3249.0,11,1,3248.7,9,2,3248.5,1,1,3248.4,8,2,3249.2,591,12,3249.6,31,1,3249.7,60,3,3249.8,43,3,3249.9,15,1
11536,2025-12-30 10:07:28+05:30,3249.1,4,3246.58,158750,100853.0,100122.0,3250.0,3253.0,3239.8,3251.5,41625675,3576.6,2926.4,4322.95,2866.6,3249.1,2,1,3249.0,11,1,3248.7,9,2,3248.5,1,1,3248.4,8,2,3249.2,591,12,3249.6,31,1,3249.7,60,3,3249.8,43,3,3249.9,15,1
11536,2025-12-30 10:07:29+05:30,3249.2,245,3246.58,159014,100961.0,99825.0,3250.0,3253.0,3239.8,3251.5,41625675,3576.6,2926.4,4322.95,2866.6,3249.1,8,1,3249.0,11,1,3248.7,9,2,3248.5,1,1,3248.4,8,2,3249.2,346,11,3249.6,31,1,3249.7,49,2,3249.8,15,2,3249.9,15,1
11536,2025-12-30 10:07:29+05:30,3249.1,5,3246.58,159014,100961.0,99825.0,3250.0,3253.0,3239.8,3251.5,41625675,3576.6,2926.4,4322.95,2866.6,3249.1,8,1,3249.0,11,1,3248.7,9,2,3248.5,1,1,3248.4,8,2,3249.2,346,11,3249.6,31,1,3249.7,49,2,3249.8,15,2,3249.9,15,1
11536,2025-12-30 10:07:29+05:30,3249.1,5,3246.58,159014,100961.0,99825.0,3250.0,3253.0,3239.8,3251.5,41625675,3576.6,2926.4,4322.95,2866.6,3249.1,8,1,3249.0,11,1,3248.7,9,2,3248.5,1,1,3248.4,8,2,3249.2,346,11,3249.6,31,1,3249.7,49,2,3249.8,15,2,3249.9,15,1
11536,2025-12-30 10:07:30+05:30,3249.2,4,3246.58,159027,100965.0,99971.0,3250.0,3253.0,3239.8,3251.5,41625675,3576.6,2926.4,4322.95,2866.6,3249.1,10,1,3249.0,11,1,3248.7,9,2,3248.5,1,1,3248.4,8,2,3249.2,341,10,3249.4,13,1,3249.6,44,2,3249.7,44,2,3249.8,56,4
11536,2025-12-30 10:07:30+05:30,3249.1,3,3246.58,159027,100965.0,99971.0,3250.0,3253.0,3239.8,3251.5,41625675,3576.6,2926.4,4322.95,2866.6,3249.1,10,1,3249.0,11,1,3248.7,9,2,3248.5,1,1,3248.4,8,2,3249.2,341,10,3249.4,13,1,3249.6,44,2,3249.7,44,2,3249.8,56,4
11536,2025-12-30 10:07:30+05:30,3249.1,3,3246.58,159027,100965.0,99971.0,3250.0,3253.0,3239.8,3251.5,41625675,3576.6,2926.4,4322.95,2866.6,3249.1,10,1,3249.0,11,1,3248.7,9,2,3248.5,1,1,3248.4,8,2,3249.2,341,10,3249.4,13,1,3249.6,44,2,3249.7,44,2,3249.8,56,4
11536,2025-12-30 10:07:31+05:30,3249.1,67,3246.58,159102,100733.0,100678.0,3250.0,3253.0,3239.8,3251.5,41625675,3576.6,2926.4,4322.95,2866.6,3249.0,11,1,3248.7,9,2,3248.5,1,1,3248.4,8,2,3248.3,17,4,3249.1,8,1,3249.2,332,9,3249.3,13,1,3249.5,31,1,3249.6,50,2
11536,2025-12-30 10:07:31+05:30,3249.1,67,3246.58,159102,100733.0,100678.0,3250.0,3253.0,3239.8,3251.5,41625675,3576.6,2926.4,4322.95,2866.6,3249.0,11,1,3248.7,9,2,3248.5,1,1,3248.4,8,2,3248.3,17,4,3249.1,8,1,3249.2,332,9,3249.3,13,1,3249.5,31,1,3249.6,50,2
11536,2025-12-30 10:07:31+05:30,3249.1,1,3246.58,159102,100733.0,100678.0,3250.0,3253.0,3239.8,3251.5,41625675,3576.6,2926.4,4322.95,2866.6,3249.0,11,1,3248.7,9,2,3248.5,1,1,3248.4,8,2,3248.3,17,4,3249.1,8,1,3249.2,332,9,3249.3,13,1,3249.5,31,1,3249.6,50,2
11536,2025-12-30 10:07:32+05:30,3249.1,1,3246.58,159102,100733.0,100678.0,3250.0,3253.0,3239.8,3251.5,41625675,3576.6,2926.4,4322.95,2866.6,3249.0,11,1,3248.7,9,2,3248.5,1,1,3248.4,8,2,3248.3,17,4,3249.1,8,1,3249.2,332,9,3249.3,13,1,3249.5,31,1,3249.6,50,2
11536,2025-12-30 10:07:32+05:30,3249.0,53,3246.58,159163,98620.0,100543.0,3250.0,3253.0,3239.8,3251.5,41625675,3576.6,2926.4,4322.95,2866.6,3248.9,9,1,3248.7,9,2,3248.5,1,1,3248.4,8,2,3248.3,17,4,3249.1,14,6,3249.2,323,5,3249.5,81,3,3249.6,28,1,3249.8,78,6
11536,2025-12-30 10:07:32+05:30,3249.0,53,3246.58,159163,98620.0,100543.0,3250.0,3253.0,3239.8,3251.5,41625675,3576.6,2926.4,4322.95,2866.6,3248.9,9,1,3248.7,9,2,3248.5,1,1,3248.4,8,2,3248.3,17,4,3249.1,14,6,3249.2,323,5,3249.5,81,3,3249.6,28,1,3249.8,78,6
11536,2025-12-30 10:07:33+05:30,3249.0,53,3246.58,159163,98620.0,100543.0,3250.0,3253.0,3239.8,3251.5,41625675,3576.6,2926.4,4322.95,2866.6,3248.9,9,1,3248.7,9,2,3248.5,1,1,3248.4,8,2,3248.3,17,4,3249.1,14,6,3249.2,323,5,3249.5,81,3,3249.6,28,1,3249.8,78,6
11536,2025-12-30 10:07:33+05:30,3248.9,1,3246.58,159164,99154.0,100929.0,3250.0,3253.0,3239.8,3251.5,41625675,3576.6,2926.4,4322.95,2866.6,3248.7,9,2,3248.6,8,1,3248.5,1,1,3248.4,8,2,3248.3,14,3,3248.8,1,1,3248.9,10,3,3249.1,10,7,3249.2,320,2,3249.5,68,2
11536,2025-12-30 10:07:33+05:30,3248.9,1,3246.58,159164,99154.0,100929.0,3250.0,3253.0,3239.8,3251.5,41625675,3576.6,2926.4,4322.95,2866.6,3248.7,9,2,3248.6,8,1,3248.5,1,1,3248.4,8,2,3248.3,14,3,3248.8,1,1,3248.9,10,3,3249.1,10,7,3249.2,320,2,3249.5,68,2
11536,2025-12-30 10:07:33+05:30,3248.9,1,3246.58,159164,99154.0,100929.0,3250.0,3253.0,3239.8,3251.5,41625675,3576.6,2926.4,4322.95,2866.6,3248.7,9,2,3248.6,8,1,3248.5,1,1,3248.4,8,2,3248.3,14,3,3248.8,1,1,3248.9,10,3,3249.1,10,7,3249.2,320,2,3249.5,68,2
11536,2025-12-30 10:07:34+05:30,3248.9,1,3246.58,159164,99154.0,100929.0,3250.0,3253.0,3239.8,3251.5,41625675,3576.6,2926.4,4322.95,2866.6,3248.7,9,2,3248.6,8,1,3248.5,1,1,3248.4,8,2,3248.3,14,3,3248.8,1,1,3248.9,10,3,3249.1,10,7,3249.2,320,2,3249.5,68,2
11536,2025-12-30 10:07:34+05:30,3248.7,4,3246.58,159181,97164.0,100899.0,3250.0,3253.0,3239.8,3251.5,41625675,3576.6,2926.4,4322.95,2866.6,3248.7,5,2,3248.6,8,1,3248.5,1,1,3248.4,8,2,3248.3,14,3,3248.8,257,3,3248.9,10,3,3249.1,6,4,3249.4,81,3,3249.6,63,3
11536,2025-12-30 10:07:34+05:30,3248.7,3,3246.58,159181,97164.0,100899.0,3250.0,3253.0,3239.8,3251.5,41625675,3576.6,2926.4,4322.95,2866.6,3248.7,5,2,3248.6,8,1,3248.5,1,1,3248.4,8,2,3248.3,14,3,3248.8,257,3,3248.9,10,3,3249.1,6,4,3249.4,81,3,3249.6,63,3
11536,2025-12-30 10:07:34+05:30,3248.7,3,3246.58,159181,97164.0,100899.0,3250.0,3253.0,3239.8,3251.5,41625675,3576.6,2926.4,4322.95,2866.6,3248.7,5,2,3248.6,8,1,3248.5,1,1,3248.4,8,2,3248.3,14,3,3248.8,257,3,3248.9,10,3,3249.1,6,4,3249.4,81,3,3249.6,63,3
11536,2025-12-30 10:07:35+05:30,3248.8,1,3246.58,159212,100173.0,100944.0,3250.0,3253.0,3239.8,3251.5,41625675,3576.6,2926.4,4322.95,2866.6,3248.7,12,3,3248.5,1,1,3248.4,4,1,3248.3,14,3,3248.2,12,2,3248.8,259,7,3248.9,2,1,3249.1,3,2,3249.3,31,1,3249.4,70,3
11536,2025-12-30 10:07:35+05:30,3248.7,1,3246.58,159212,100173.0,100944.0,3250.0,3253.0,3239.8,3251.5,41625675,3576.6,2926.4,4322.95,2866.6,3248.7,12,3,3248.5,1,1,3248.4,4,1,3248.3,14,3,3248.2,12,2,3248.8,259,7,3248.9,2,1,3249.1,3,2,3249.3,31,1,3249.4,70,3
11536,2025-12-30 10:07:35+05:30,3248.7,1,3246.58,159212,100173.0,100944.0,3250.0,3253.0,3239.8,3251.5,41625675,3576.6,2926.4,4322.95,2866.6,3248.7,12,3,3248.5,1,1,3248.4,4,1,3248.3,14,3,3248.2,12,2,3248.8,259,7,3248.9,2,1,3249.1,3,2,3249.3,31,1,3249.4,70,3
11536,2025-12-30 10:07:36+05:30,3248.7,1,3246.58,159245,97182.0,101028.0,3250.0,3253.0,3239.8,3251.5,41625675,3576.6,2926.4,4322.95,2866.6,3248.7,15,3,3248.5,1,1,3248.4,4,1,3248.3,14,3,3248.2,9,1,3248.8,262,10,3249.3,43,2,3249.4,57,2,3249.5,25,1,3249.6,63,3
11536,2025-12-30 10:07:36+05:30,3248.7,5,3246.58,159245,97182.0,101028.0,3250.0,3253.0,3239.8,3251.5,41625675,3576.6,2926.4,4322.95,2866.6,3248.7,15,3,3248.5,1,1,3248.4,4,1,3248.3,14,3,3248.2,9,1,3248.8,262,10,3249.3,43,2,3249.4,57,2,3249.5,25,1,3249.6,63,3
11536,2025-12-30 10:07:37+05:30,3248.8,43,3246.59,159310,100129.0,100957.0,3250.0,3253.0,3239.8,3251.5,41625675,3576.6,2926.4,4322.95,2866.6,3248.7,5,2,3248.5,1,1,3248.4,4,1,3248.3,14,3,3248.2,9,1,3248.8,207,9,3249.2,31,1,3249.3,37,1,3249.4,20,1,3249.5,25,1
11536,2025-12-30 10:07:37+05:30,3248.7,5,3246.59,159310,100129.0,100957.0,3250.0,3253.0,3239.8,3251.5,41625675,3576.6,2926.4,4322.95,2866.6,3248.7,5,2,3248.5,1,1,3248.4,4,1,3248.3,14,3,3248.2,9,1,3248.8,207,9,3249.2,31,1,3249.3,37,1,3249.4,20,1,3249.5,25,1
11536,2025-12-30 10:07:37+05:30,3248.7,5,3246.59,159310,100129.0,100957.0,3250.0,3253.0,3239.8,3251.5,41625675,3576.6,2926.4,4322.95,2866.6,3248.7,5,2,3248.5,1,1,3248.4,4,1,3248.3,14,3,3248.2,9,1,3248.8,207,9,3249.2,31,1,3249.3,37,1,3249.4,20,1,3249.5,25,1
11536,2025-12-30 10:07:38+05:30,3248.6,1,3246.59,159327,100316.0,100807.0,3250.0,3253.0,3239.8,3251.5,41625675,3576.6,2926.4,4322.95,2866.6,3248.5,1,1,3248.4,4,1,3248.3,26,4,3248.2,9,1,3248.0,137,10,3248.6,3,3,3248.7,1,1,3248.8,207,7,3249.2,31,1,3249.3,37,1
11536,2025-12-30 10:07:38+05:30,3248.4,6,3246.59,159327,100316.0,100807.0,3250.0,3253.0,3239.8,3251.5,41625675,3576.6,2926.4,4322.95,2866.6,3248.5,1,1,3248.4,4,1,3248.3,26,4,3248.2,9,1,3248.0,137,10,3248.6,3,3,3248.7,1,1,3248.8,207,7,3249.2,31,1,3249.3,37,1
11536,2025-12-30 10:07:38+05:30,3248.4,6,3246.59,159327,100316.0,100807.0,3250.0,3253.0,3239.8,3251.5,41625675,3576.6,2926.4,4322.95,2866.6,3248.5,1,1,3248.4,4,1,3248.3,26,4,3248.2,9,1,3248.0,137,10,3248.6,3,3,3248.7,1,1,3248.8,207,7,3249.2,31,1,3249.3,37,1
11536,2025-12-30 10:07:39+05:30,3248.6,1,3246.59,159349,100033.0,100854.0,3250.0,3253.0,3239.8,3251.5,41625675,3576.6,2926.4,4322.95,2866.6,3248.5,46,1,3248.4,28,2,3248.3,19,4,3248.2,21,2,3248.1,51,2,3248.6,4,4,3248.7,1,1,3248.8,204,4,3249.3,37,1,3249.4,21,1
11536,2025-12-30 10:07:39+05:30,3248.8,95,3246.59,159349,100033.0,100854.0,3250.0,3253.0,3239.8,3251.5,41625675,3576.6,2926.4,4322.95,2866.6,3248.5,46,1,3248.4,28,2,3248.3,19,4,3248.2,21,2,3248.1,51,2,3248.6,4,4,3248.7,1,1,3248.8,204,4,3249.3,37,1,3249.4,21,1
11536,2025-12-30 10:07:40+05:30,3248.8,4,3246.59,159479,99896.0,101180.0,3250.0,3253.0,3239.8,3251.5,41625675,3576.6,2926.4,4322.95,2866.6,3248.6,1,1,3248.5,30,2,3248.4,16,1,3248.3,19,4,3248.2,9,1,3248.8,109,5,3249.1,37,1,3249.2,31,1,3249.4,21,1,3249.6,63,3
11536,2025-12-30 10:07:40+05:30,3248.5,12,3246.59,159479,99896.0,101180.0,3250.0,3253.0,3239.8,3251.5,41625675,3576.6,2926.4,4322.95,2866.6,3248.6,1,1,3248.5,30,2,3248.4,16,1,3248.3,19,4,3248.2,9,1,3248.8,109,5,3249.1,37,1,3249.2,31,1,3249.4,21,1,3249.6,63,3
11536,2025-12-30 10:07:40+05:30,3248.5,12,3246.59,159479,99896.0,101180.0,3250.0,3253.0,3239.8,3251.5,41625675,3576.6,2926.4,4322.95,2866.6,3248.6,1,1,3248.5,30,2,3248.4,16,1,3248.3,19,4,3248.2,9,1,3248.8,109,5,3249.1,37,1,3249.2,31,1,3249.4,21,1,3249.6,63,3
11536,2025-12-30 10:07:41+05:30,3248.5,12,3246.59,159492,100057.0,101159.0,3250.0,3253.0,3239.8,3251.5,41625675,3576.6,2926.4,4322.95,2866.6,3248.6,5,1,3248.5,18,2,3248.4,16,1,3248.3,14,3,3248.2,9,1,3248.8,109,6,3249.1,37,1,3249.2,31,1,3249.6,63,3,3249.7,8,1
11536,2025-12-30 10:07:42+05:30,3248.5,12,3246.59,159492,100057.0,101159.0,3250.0,3253.0,3239.8,3251.5,41625675,3576.6,2926.4,4322.95,2866.6,3248.6,5,1,3248.5,18,2,3248.4,16,1,3248.3,14,3,3248.2,9,1,3248.8,109,6,3249.1,37,1,3249.2,31,1,3249.6,63,3,3249.7,8,1
11536,2025-12-30 10:07:42+05:30,3248.6,1,3246.59,159531,100082.0,101175.0,3250.0,3253.0,3239.8,3251.5,41625675,3576.6,2926.4,4322.95,2866.6,3248.6,4,1,3248.5,18,2,3248.4,16,1,3248.3,14,3,3248.2,9,1,3248.8,107,6,3249.1,37,1,3249.2,12,1,3249.4,12,1,3249.5,30,1
11536,2025-12-30 10:07:42+05:30,3248.6,1,3246.59,159531,100082.0,101175.0,3250.0,3253.0,3239.8,3251.5,41625675,3576.6,2926.4,4322.95,2866.6,3248.6,4,1,3248.5,18,2,3248.4,16,1,3248.3,14,3,3248.2,9,1,3248.8,107,6,3249.1,37,1,3249.2,12,1,3249.4,12,1,3249.5,30,1
11536,2025-12-30 10:07:43+05:30,3248.5,8,3246.59,159566,100056.0,101158.0,3250.0,3253.0,3239.8,3251.5,41625675,3576.6,2926.4,4322.95,2866.6,3248.5,2,1,3248.4,16,1,3248.3,14,3,3248.2,9,1,3248.0,87,6,3248.8,100,6,3249.1,67,2,3249.4,12,1,3249.6,50,2,3249.7,8,1
11536,2025-12-30 10:07:43+05:30,3248.5,8,3246.59,159566,100056.0,101158.0,3250.0,3253.0,3239.8,3251.5,41625675,3576.6,2926.4,4322.95,2866.6,3248.5,2,1,3248.4,16,1,3248.3,14,3,3248.2,9,1,3248.0,87,6,3248.8,100,6,3249.1,67,2,3249.4,12,1,3249.6,50,2,3249.7,8,1
11536,2025-12-30 10:07:43+05:30,3248.5,8,3246.59,159566,100056.0,101158.0,3250.0,3253.0,3239.8,3251.5,41649300,3576.6,2926.4,4322.95,2866.6,3248.5,2,1,3248.4,16,1,3248.3,14,3,3248.2,9,1,3248.0,87,6,3248.8,100,6,3249.1,67,2,3249.4,12,1,3249.6,50,2,3249.7,8,1
11536,2025-12-30 10:07:44+05:30,3248.4,2,3246.59,159572,97207.0,101808.0,3250.0,3253.0,3239.8,3251.5,41649300,3576.6,2926.4,4322.95,2866.6,3248.4,14,1,3248.3,14,3,3248.2,9,1,3248.0,66,5,3247.8,3,1,3248.5,2,1,3248.8,111,7,3248.9,20,1,3249.0,100,5,3249.1,45,2
11536,2025-12-30 10:07:44+05:30,3248.5,1,3246.59,159572,97207.0,101808.0,3250.0,3253.0,3239.8,3251.5,41649300,3576.6,2926.4,4322.95,2866.6,3248.4,14,1,3248.3,14,3,3248.2,9,1,3248.0,66,5,3247.8,3,1,3248.5,2,1,3248.8,111,7,3248.9,20,1,3249.0,100,5,3249.1,45,2
11536,2025-12-30 10:07:45+05:30,3248.8,10,3246.59,159615,97444.0,101982.0,3250.0,3253.0,3239.8,3251.5,41649300,3576.6,2926.4,4322.95,2866.6,3248.5,1,1,3248.4,4,1,3248.3,14,3,3248.2,9,1,3248.0,90,6,3248.8,129,6,3248.9,35,1,3249.0,50,3,3249.1,8,1,3249.2,32,2
11536,2025-12-30 10:07:45+05:30,3248.5,1,3246.59,159615,97444.0,101982.0,3250.0,3253.0,3239.8,3251.5,41649300,3576.6,2926.4,4322.95,2866.6,3248.5,1,1,3248.4,4,1,3248.3,14,3,3248.2,9,1,3248.0,90,6,3248.8,129,6,3248.9,35,1,3249.0,50,3,3249.1,8,1,3249.2,32,2
11536,2025-12-30 10:07:45+05:30,3248.5,1,3246.59,159615,97444.0,101982.0,3250.0,3253.0,3239.8,3251.5,41649300,3576.6,2926.4,4322.95,2866.6,3248.5,1,1,3248.4,4,1,3248.3,14,3,3248.2,9,1,3248.0,90,6,3248.8,129,6,3248.9,35,1,3249.0,50,3,3249.1,8,1,3249.2,32,2
11536,2025-12-30 10:07:46+05:30,3248.5,1,3246.59,159675,96392.0,101169.0,3250.0,3253.0,3239.8,3251.5,41649300,3576.6,2926.4,4322.95,2866.6,3248.4,3,1,3248.3,14,3,3248.2,9,1,3248.0,66,5,3247.8,3,1,3248.5,365,4,3248.6,12,1,3248.7,30,1,3248.8,75,6,3248.9,8,1
11536,2025-12-30 10:07:46+05:30,3248.5,3,3246.59,159675,96392.0,101169.0,3250.0,3253.0,3239.8,3251.5,41649300,3576.6,2926.4,4322.95,2866.6,3248.4,3,1,3248.3,14,3,3248.2,9,1,3248.0,66,5,3247.8,3,1,3248.5,365,4,3248.6,12,1,3248.7,30,1,3248.8,75,6,3248.9,8,1
11536,2025-12-30 10:07:47+05:30,3248.5,1,3246.59,159686,96439.0,100711.0,3250.0,3253.0,3239.8,3251.5,41649300,3576.6,2926.4,4322.95,2866.6,3248.4,16,1,3248.3,14,3,3248.2,9,1,3248.0,66,5,3247.7,3,1,3248.5,367,9,3248.6,11,1,3248.7,38,2,3248.8,98,6,3248.9,20,1
11536,2025-12-30 10:07:47+05:30,3248.4,1,3246.59,159686,96439.0,100711.0,3250.0,3253.0,3239.8,3251.5,41649300,3576.6,2926.4,4322.95,2866.6,3248.4,16,1,3248.3,14,3,3248.2,9,1,3248.0,66,5,3247.7,3,1,3248.5,367,9,3248.6,11,1,3248.7,38,2,3248.8,98,6,3248.9,20,1
11536,2025-12-30 10:07:48+05:30,3248.4,17,3246.59,159729,96412.0,102672.0,3250.0,3253.0,3239.8,3251.5,41649300,3576.6,2926.4,4322.95,2866.6,3248.4,16,1,3248.3,14,3,3248.2,9,1,3248.1,8,2,3248.0,66,5,3248.5,366,13,3248.7,30,1,3248.8,64,3,3248.9,20,1,3249.0,79,5
11536,2025-12-30 10:07:48+05:30,3248.4,2,3246.59,159729,96412.0,102672.0,3250.0,3253.0,3239.8,3251.5,41649300,3576.6,2926.4,4322.95,2866.6,3248.4,16,1,3248.3,14,3,3248.2,9,1,3248.1,8,2,3248.0,66,5,3248.5,366,13,3248.7,30,1,3248.8,64,3,3248.9,20,1,3249.0,79,5
11536,2025-12-30 10:07:49+05:30,3248.4,12,3246.59,159753,96188.0,102240.0,3250.0,3253.0,3239.8,3251.5,41649300,3576.6,2926.4,4322.95,2866.6,3248.4,16,1,3248.3,14,3,3248.2,9,1,3248.1,8,2,3248.0,66,5,3248.5,377,15,3248.6,30,1,3248.7,35,1,3248.8,39,2,3248.9,20,1
11536,2025-12-30 10:07:49+05:30,3248.4,1,3246.59,159753,96188.0,102240.0,3250.0,3253.0,3239.8,3251.5,41649300,3576.6,2926.4,4322.95,2866.6,3248.4,16,1,3248.3,14,3,3248.2,9,1,3248.1,8,2,3248.0,66,5,3248.5,377,15,3248.6,30,1,3248.7,35,1,3248.8,39,2,3248.9,20,1
11536,2025-12-30 10:07:50+05:30,3248.4,1,3246.59,159764,96385.0,100845.0,3250.0,3253.0,3239.8,3251.5,41649300,3576.6,2926.4,4322.95,2866.6,3248.4,6,1,3248.3,14,3,3248.2,9,1,3248.1,8,2,3248.0,69,6,3248.5,375,14,3248.6,30,1,3248.7,35,1,3248.8,39,2,3248.9,20,1
11536,2025-12-30 10:07:50+05:30,3248.4,4,3246.59,159764,96385.0,100845.0,3250.0,3253.0,3239.8,3251.5,41649300,3576.6,2926.4,4322.95,2866.6,3248.4,6,1,3248.3,14,3,3248.2,9,1,3248.1,8,2,3248.0,69,6,3248.5,375,14,3248.6,30,1,3248.7,35,1,3248.8,39,2,3248.9,20,1
11536,2025-12-30 10:07:51+05:30,3248.4,1,3246.59,159786,96476.0,102226.0,3250.0,3253.0,3239.8,3251.5,41649300,3576.6,2926.4,4322.95,2866.6,3248.4,47,1,3248.3,14,3,3248.2,9,1,3248.1,8,2,3248.0,69,6,3248.5,357,12,3248.6,11,1,3248.7,35,1,3248.8,39,2,3249.0,57,4
11536,2025-12-30 10:07:51+05:30,3248.4,4,3246.59,159786,96476.0,102226.0,3250.0,3253.0,3239.8,3251.5,41649300,3576.6,2926.4,4322.95,2866.6,3248.4,47,1,3248.3,14,3,3248.2,9,1,3248.1,8,2,3248.0,69,6,3248.5,357,12,3248.6,11,1,3248.7,35,1,3248.8,39,2,3249.0,57,4
11536,2025-12-30 10:07:52+05:30,3248.5,1,3246.59,159799,96458.0,102355.0,3250.0,3253.0,3239.8,3251.5,41649300,3576.6,2926.4,4322.95,2866.6,3248.4,37,2,3248.3,14,3,3248.2,9,1,3248.1,8,2,3248.0,69,6,3248.5,367,13,3248.7,63,2,3248.8,11,1,3248.9,9,1,3249.0,57,4
11536,2025-12-30 10:07:52+05:30,3248.4,2,3246.59,159799,96458.0,102355.0,3250.0,3253.0,3239.8,3251.5,41649300,3576.6,2926.4,4322.95,2866.6,3248.4,37,2,3248.3,14,3,3248.2,9,1,3248.1,8,2,3248.0,69,6,3248.5,367,13,3248.7,63,2,3248.8,11,1,3248.9,9,1,3249.0,57,4
11536,2025-12-30 10:07:53+05:30,3248.4,2,3246.59,159810,96506.0,102216.0,3250.0,3253.0,3239.8,3251.5,41649300,3576.6,2926.4,4322.95,2866.6,3248.4,28,2,3248.3,18,4,3248.2,9,1,3248.1,8,2,3248.0,69,6,3248.5,368,13,3248.7,63,2,3249.0,46,3,3249.1,37,2,3249.2,62,4
11536,2025-12-30 10:07:53+05:30,3248.4,3,3246.59,159810,96506.0,102216.0,3250.0,3253.0,3239.8,3251.5,41649300,3576.6,2926.4,4322.95,2866.6,3248.4,28,2,3248.3,18,4,3248.2,9,1,3248.1,8,2,3248.0,69,6,3248.5,368,13,3248.7,63,2,3249.0,46,3,3249.1,37,2,3249.2,62,4
11536,2025-12-30 10:07:54+05:30,3248.4,3,3246.59,159818,96684.0,102347.0,3250.0,3253.0,3239.8,3251.5,41649300,3576.6,2926.4,4322.95,2866.6,3248.4,20,2,3248.3,18,4,3248.2,9,1,3248.1,8,2,3248.0,69,6,3248.5,369,14,3248.7,73,3,3249.0,20,2,3249.1,44,3,3249.2,52,3
11536,2025-12-30 10:07:54+05:30,3248.4,1,3246.59,159818,96684.0,102347.0,3250.0,3253.0,3239.8,3251.5,41649300,3576.6,2926.4,4322.95,2866.6,3248.4,20,2,3248.3,18,4,3248.2,9,1,3248.1,8,2,3248.0,69,6,3248.5,369,14,3248.7,73,3,3249.0,20,2,3249.1,44,3,3249.2,52,3
11536,2025-12-30 10:07:55+05:30,3248.4,1,3246.59,159824,96678.0,102405.0,3250.0,3253.0,3239.8,3251.5,41649300,3576.6,2926.4,4322.95,2866.6,3248.4,18,3,3248.3,14,3,3248.2,9,1,3248.1,8,2,3248.0,69,6,3248.5,368,13,3248.6,10,1,3248.7,63,2,3248.8,10,1,3249.0,20,2
11536,2025-12-30 10:07:55+05:30,3248.4,1,3246.59,159824,96678.0,102405.0,3250.0,3253.0,3239.8,3251.5,41649300,3576.6,2926.4,4322.95,2866.6,3248.4,18,3,3248.3,14,3,3248.2,9,1,3248.1,8,2,3248.0,69,6,3248.5,368,13,3248.6,10,1,3248.7,63,2,3248.8,10,1,3249.0,20,2
11536,2025-12-30 10:07:56+05:30,3248.4,1,3246.59,159830,96634.0,102879.0,3250.0,3253.0,3239.8,3251.5,41649300,3576.6,2926.4,4322.95,2866.6,3248.4,13,3,3248.3,14,3,3248.2,9,1,3248.1,8,2,3248.0,69,6,3248.5,366,12,3248.6,10,1,3248.7,63,2,3248.8,10,1,3249.0,20,2
11536,2025-12-30 10:07:56+05:30,3248.4,1,3246.59,159830,96634.0,102879.0,3250.0,3253.0,3239.8,3251.5,41649300,3576.6,2926.4,4322.95,2866.6,3248.4,13,3,3248.3,14,3,3248.2,9,1,3248.1,8,2,3248.0,69,6,3248.5,366,12,3248.6,10,1,3248.7,63,2,3248.8,10,1,3249.0,20,2
11536,2025-12-30 10:07:57+05:30,3248.5,37,3246.59,159871,96624.0,102836.0,3250.0,3253.0,3239.8,3251.5,41649300,3576.6,2926.4,4322.95,2866.6,3248.4,5,2,3248.3,14,3,3248.2,9,1,3248.1,8,2,3248.0,69,6,3248.5,326,9,3248.7,63,2,3248.8,10,1,3249.0,27,3,3249.1,65,3
11536,2025-12-30 10:07:57+05:30,3248.4,1,3246.59,159871,96624.0,102836.0,3250.0,3253.0,3239.8,3251.5,41649300,3576.6,2926.4,4322.95,2866.6,3248.4,5,2,3248.3,14,3,3248.2,9,1,3248.1,8,2,3248.0,69,6,3248.5,326,9,3248.7,63,2,3248.8,10,1,3249.0,27,3,3249.1,65,3
11536,2025-12-30 10:07:58+05:30,3248.4,1,3246.59,159875,96454.0,102622.0,3250.0,3253.0,3239.8,3251.5,41649300,3576.6,2926.4,4322.95,2866.6,3248.4,1,1,3248.3,14,3,3248.2,9,1,3248.1,8,2,3248.0,69,6,3248.5,326,8,3248.7,73,3,3249.0,20,2,3249.1,65,3,3249.2,59,4
11536,2025-12-30 10:07:58+05:30,3248.4,1,3246.59,159875,96454.0,102622.0,3250.0,3253.0,3239.8,3251.5,41649300,3576.6,2926.4,4322.95,2866.6,3248.4,1,1,3248.3,14,3,3248.2,9,1,3248.1,8,2,3248.0,69,6,3248.5,326,8,3248.7,73,3,3249.0,20,2,3249.1,65,3,3249.2,59,4
11536,2025-12-30 10:07:59+05:30,3248.4,1,3246.59,159877,96458.0,103099.0,3250.0,3253.0,3239.8,3251.5,41649300,3576.6,2926.4,4322.95,2866.6,3248.4,1,1,3248.3,14,3,3248.2,9,1,3248.1,8,2,3248.0,69,6,3248.5,326,8,3248.7,35,1,3248.9,28,1,3249.0,10,1,3249.1,75,4
11536,2025-12-30 10:07:59+05:30,3248.4,1,3246.59,159877,96458.0,103099.0,3250.0,3253.0,3239.8,3251.5,41649300,3576.6,2926.4,4322.95,2866.6,3248.4,1,1,3248.3,14,3,3248.2,9,1,3248.1,8,2,3248.0,69,6,3248.5,326,8,3248.7,35,1,3248.9,28,1,3249.0,10,1,3249.1,75,4
11536,2025-12-30 10:08:00+05:30,3248.4,1,3246.59,159890,96655.0,101378.0,3250.0,3253.0,3239.8,3251.5,41649300,3576.6,2926.4,4322.95,2866.6,3248.4,3,2,3248.3,14,3,3248.2,9,1,3248.1,8,2,3248.0,69,6,3248.5,325,8,3248.7,35,1,3248.8,10,1,3248.9,28,1,3249.0,20,2
11536,2025-12-30 10:08:00+05:30,3248.4,1,3246.59,159890,96655.0,101378.0,3250.0,3253.0,3239.8,3251.5,41649300,3576.6,2926.4,4322.95,2866.6,3248.4,3,2,3248.3,14,3,3248.2,9,1,3248.1,8,2,3248.0,69,6,3248.5,325,8,3248.7,35,1,3248.8,10,1,3248.9,28,1,3249.0,20,2
11536,2025-12-30 10:08:01+05:30,3248.4,1,3246.59,159900,96592.0,103286.0,3250.0,3253.0,3239.8,3251.5,41649300,3576.6,2926.4,4322.95,2866.6,3248.3,15,4,3248.2,9,1,3248.1,8,2,3248.0,69,6,3247.5,78,5,3248.5,325,8,3248.7,35,1,3248.9,38,2,3249.0,10,1,3249.1,65,3
11536,2025-12-30 10:08:01+05:30,3248.3,3,3246.59,159900,96592.0,103286.0,3250.0,3253.0,3239.8,3251.5,41649300,3576.6,2926.4,4322.95,2866.6,3248.3,15,4,3248.2,9,1,3248.1,8,2,3248.0,69,6,3247.5,78,5,3248.5,325,8,3248.7,35,1,3248.9,38,2,3249.0,10,1,3249.1,65,3
11536,2025-12-30 10:08:02+05:30,3248.5,17,3246.59,159924,96509.0,102996.0,3250.0,3253.0,3239.8,3251.5,41649300,3576.6,2926.4,4322.95,2866.6,3248.3,11,4,3248.2,9,1,3248.1,8,2,3248.0,69,6,3247.5,78,5,3248.5,306,8,3248.6,1,1,3248.7,35,1,3248.9,38,2,3249.0,10,1
11536,2025-12-30 10:08:02+05:30,3248.3,3,3246.59,159924,96509.0,102996.0,3250.0,3253.0,3239.8,3251.5,41649300,3576.6,2926.4,4322.95,2866.6,3248.3,11,4,3248.2,9,1,3248.1,8,2,3248.0,69,6,3247.5,78,5,3248.5,306,8,3248.6,1,1,3248.7,35,1,3248.9,38,2,3249.0,10,1
11536,2025-12-30 10:08:03+05:30,3248.3,2,3246.59,159930,96505.0,103022.0,3250.0,3253.0,3239.8,3251.5,41649300,3576.6,2926.4,4322.95,2866.6,3248.3,6,4,3248.2,9,1,3248.1,8,2,3248.0,69,6,3247.6,10,1,3248.5,307,10,3248.6,1,1,3248.7,35,1,3248.9,28,1,3249.0,20,2
11536,2025-12-30 10:08:03+05:30,3248.5,16,3246.59,159930,96505.0,103022.0,3250.0,3253.0,3239.8,3251.5,41649300,3576.6,2926.4,4322.95,2866.6,3248.3,6,4,3248.2,9,1,3248.1,8,2,3248.0,69,6,3247.6,10,1,3248.5,307,10,3248.6,1,1,3248.7,35,1,3248.9,28,1,3249.0,20,2
11536,2025-12-30 10:08:04+05:30,3248.3,2,3246.59,159953,96613.0,103327.0,3250.0,3253.0,3239.8,3251.5,41649300,3576.6,2926.4,4322.95,2866.6,3248.3,54,4,3248.2,9,1,3248.1,8,2,3248.0,69,6,3247.6,10,1,3248.5,292,11,3248.6,1,1,3248.7,35,1,3248.9,28,1,3249.0,10,1
11536,2025-12-30 10:08:04+05:30,3248.3,1,3246.59,159953,96613.0,103327.0,3250.0,3253.0,3239.8,3251.5,41649300,3576.6,2926.4,4322.95,2866.6,3248.3,54,4,3248.2,9,1,3248.1,8,2,3248.0,69,6,3247.6,10,1,3248.5,292,11,3248.6,1,1,3248.7,35,1,3248.9,28,1,3249.0,10,1
11536,2025-12-30 10:08:05+05:30,3248.3,2,3246.59,159962,96608.0,103510.0,3250.0,3253.0,3239.8,3251.5,41649300,3576.6,2926.4,4322.95,2866.6,3248.4,2,1,3248.3,49,3,3248.2,9,1,3248.1,8,2,3248.0,69,6,3248.5,293,12,3248.6,1,1,3248.7,35,1,3248.9,28,1,3249.0,10,1
11536,2025-12-30 10:08:05+05:30,3248.3,1,3246.59,159962,96608.0,103510.0,3250.0,3253.0,3239.8,3251.5,41649300,3576.6,2926.4,4322.95,2866.6,3248.4,2,1,3248.3,49,3,3248.2,9,1,3248.1,8,2,3248.0,69,6,3248.5,293,12,3248.6,1,1,3248.7,35,1,3248.9,28,1,3249.0,10,1
11536,2025-12-30 10:08:06+05:30,3248.3,1,3246.59,159969,96426.0,103433.0,3250.0,3253.0,3239.8,3251.5,41649300,3576.6,2926.4,4322.95,2866.6,3248.3,48,3,3248.2,9,1,3248.1,8,2,3248.0,69,6,3247.5,68,4,3248.4,1,1,3248.5,292,12,3248.6,1,1,3248.7,35,1,3248.9,28,1
11536,2025-12-30 10:08:06+05:30,3248.3,4,3246.59,159969,96426.0,103433.0,3250.0,3253.0,3239.8,3251.5,41649300,3576.6,2926.4,4322.95,2866.6,3248.3,48,3,3248.2,9,1,3248.1,8,2,3248.0,69,6,3247.5,68,4,3248.4,1,1,3248.5,292,12,3248.6,1,1,3248.7,35,1,3248.9,28,1
11536,2025-12-30 10:08:07+05:30,3248.4,3,3246.59,159982,96629.0,103483.0,3250.0,3253.0,3239.8,3251.5,41649300,3576.6,2926.4,4322.95,2866.6,3248.3,41,3,3248.2,11,2,3248.1,8,2,3248.0,69,6,3247.5,83,6,3248.5,291,11,3248.9,58,2,3249.0,20,2,3249.1,65,3,3249.2,58,4
11536,2025-12-30 10:08:07+05:30,3248.3,1,3246.59,159982,96629.0,103483.0,3250.0,3253.0,3239.8,3251.5,41649300,3576.6,2926.4,4322.95,2866.6,3248.3,41,3,3248.2,11,2,3248.1,8,2,3248.0,69,6,3247.5,83,6,3248.5,291,11,3248.9,58,2,3249.0,20,2,3249.1,65,3,3249.2,58,4
11536,2025-12-30 10:08:08+05:30,3248.5,1,3246.59,159988,96624.0,103651.0,3250.0,3253.0,3239.8,3251.5,41649300,3576.6,2926.4,4322.95,2866.6,3248.3,36,3,3248.2,11,2,3248.1,8,2,3248.0,69,6,3247.5,83,6,3248.5,291,12,3248.8,27,1,3248.9,40,2,3249.0,10,1,3249.1,65,3
11536,2025-12-30 10:08:08+05:30,3248.3,1,3246.59,159988,96624.0,103651.0,3250.0,3253.0,3239.8,3251.5,41649300,3576.6,2926.4,4322.95,2866.6,3248.3,36,3,3248.2,11,2,3248.1,8,2,3248.0,69,6,3247.5,83,6,3248.5,291,12,3248.8,27,1,3248.9,40,2,3249.0,10,1,3249.1,65,3
11536,2025-12-30 10:08:09+05:30,3248.3,3,3246.59,159993,96621.0,103649.0,3250.0,3253.0,3239.8,3251.5,41649300,3576.6,2926.4,4322.95,2866.6,3248.3,33,4,3248.2,9,1,3248.1,8,2,3248.0,69,6,3247.5,83,6,3248.5,289,10,3248.8,27,1,3248.9,40,2,3249.0,10,1,3249.1,65,3
11536,2025-12-30 10:08:09+05:30,3248.5,1,3246.59,159993,96621.0,103649.0,3250.0,3253.0,3239.8,3251.5,41649300,3576.6,2926.4,4322.95,2866.6,3248.3,33,4,3248.2,9,1,3248.1,8,2,3248.0,69,6,3247.5,83,6,3248.5,289,10,3248.8,27,1,3248.9,40,2,3249.0,10,1,3249.1,65,3
11536,2025-12-30 10:08:10+05:30,3248.3,3,3246.59,160002,96613.0,103863.0,3250.0,3253.0,3239.8,3251.5,41649300,3576.6,2926.4,4322.95,2866.6,3248.3,25,4,3248.2,9,1,3248.1,8,2,3248.0,69,6,3247.5,83,6,3248.5,287,9,3248.8,27,1,3248.9,40,2,3249.0,185,2,3249.1,65,3
11536,2025-12-30 10:08:10+05:30,3248.3,3,3246.59,160002,96613.0,103863.0,3250.0,3253.0,3239.8,3251.5,41649300,3576.6,2926.4,4322.95,2866.6,3248.3,25,4,3248.2,9,1,3248.1,8,2,3248.0,69,6,3247.5,83,6,3248.5,287,9,3248.8,27,1,3248.9,40,2,3249.0,185,2,3249.1,65,3
11536,2025-12-30 10:08:11+05:30,3248.4,1,3246.59,160007,96308.0,103868.0,3250.0,3253.0,3239.8,3251.5,41649300,3576.6,2926.4,4322.95,2866.6,3248.4,1,1,3248.3,19,3,3248.2,9,1,3248.1,8,2,3248.0,69,6,3248.5,286,8,3248.7,26,1,3248.8,39,2,3248.9,34,2,3249.0,194,3
11536,2025-12-30 10:08:11+05:30,3248.4,1,3246.59,160007,96308.0,103868.0,3250.0,3253.0,3239.8,3251.5,41649300,3576.6,2926.4,4322.95,2866.6,3248.4,1,1,3248.3,19,3,3248.2,9,1,3248.1,8,2,3248.0,69,6,3248.5,286,8,3248.7,26,1,3248.8,39,2,3248.9,34,2,3249.0,194,3
11536,2025-12-30 10:08:12+05:30,3248.4,1,3246.59,160010,95431.0,103888.0,3250.0,3253.0,3239.8,3251.5,41649300,3576.6,2926.4,4322.95,2866.6,3248.4,1,1,3248.3,19,3,3248.2,9,1,3248.1,8,2,3248.0,69,6,3248.5,294,8,3248.7,42,3,3248.8,57,3,3248.9,34,2,3249.0,194,3
11536,2025-12-30 10:08:12+05:30,3248.4,11,3246.59,160010,95431.0,103888.0,3250.0,3253.0,3239.8,3251.5,41649300,3576.6,2926.4,4322.95,2866.6,3248.4,1,1,3248.3,19,3,3248.2,9,1,3248.1,8,2,3248.0,69,6,3248.5,294,8,3248.7,42,3,3248.8,57,3,3248.9,34,2,3249.0,194,3
11536,2025-12-30 10:08:13+05:30,3248.3,1,3246.59,160027,96281.0,103926.0,3250.0,3253.0,3239.8,3251.5,41649300,3576.6,2926.4,4322.95,2866.6,3248.3,18,3,3248.2,9,1,3248.1,8,2,3248.0,69,6,3247.5,48,3,3248.5,283,7,3248.7,1,1,3248.8,48,2,3248.9,52,3,3249.0,240,5
11536,2025-12-30 10:08:13+05:30,3248.5,1,3246.59,160027,96281.0,103926.0,3250.0,3253.0,3239.8,3251.5,41649300,3576.6,2926.4,4322.95,2866.6,3248.3,18,3,3248.2,9,1,3248.1,8,2,3248.0,69,6,3247.5,48,3,3248.5,283,7,3248.7,1,1,3248.8,48,2,3248.9,52,3,3249.0,240,5
11536,2025-12-30 10:08:14+05:30,3248.5,1,3246.59,160028,96293.0,103965.0,3250.0,3253.0,3239.8,3251.5,41649300,3576.6,2926.4,4322.95,2866.6,3248.3,20,4,3248.2,9,1,3248.1,8,2,3248.0,69,6,3247.5,48,3,3248.5,287,10,3248.7,10,2,3248.8,48,2,3248.9,72,3,3249.0,214,4
11536,2025-12-30 10:08:14+05:30,3248.5,1,3246.59,160028,96293.0,103965.0,3250.0,3253.0,3239.8,3251.5,41649300,3576.6,2926.4,4322.95,2866.6,3248.3,20,4,3248.2,9,1,3248.1,8,2,3248.0,69,6,3247.5,48,3,3248.5,287,10,3248.7,10,2,3248.8,48,2,3248.9,72,3,3249.0,214,4
11536,2025-12-30 10:08:15+05:30,3248.5,2,3246.59,160038,96563.0,104436.0,3250.0,3253.0,3239.8,3251.5,41649300,3576.6,2926.4,4322.95,2866.6,3248.3,12,3,3248.2,11,2,3248.1,8,2,3248.0,69,6,3247.5,39,2,3248.5,283,10,3248.6,35,2,3248.7,31,2,3248.8,27,2,3248.9,52,3
11536,2025-12-30 10:08:15+05:30,3248.5,1,3246.59,160038,96563.0,104436.0,3250.0,3253.0,3239.8,3251.5,41649300,3576.6,2926.4,4322.95,2866.6,3248.3,12,3,3248.2,11,2,3248.1,8,2,3248.0,69,6,3247.5,39,2,3248.5,283,10,3248.6,35,2,3248.7,31,2,3248.8,27,2,3248.9,52,3
11536,2025-12-30 10:08:16+05:30,3248.5,12,3246.59,160056,96454.0,104720.0,3250.0,3253.0,3239.8,3251.5,41649300,3576.6,2926.4,4322.95,2866.6,3248.4,15,1,3248.3,10,3,3248.2,11,2,3248.1,8,2,3248.0,69,6,3248.5,269,12,3248.6,62,3,3248.7,36,3,3248.8,14,2,3248.9,37,2
11536,2025-12-30 10:08:16+05:30,3248.5,1,3246.59,160056,96454.0,104720.0,3250.0,3253.0,3239.8,3251.5,41649300,3576.6,2926.4,4322.95,2866.6,3248.4,15,1,3248.3,10,3,3248.2,11,2,3248.1,8,2,3248.0,69,6,3248.5,269,12,3248.6,62,3,3248.7,36,3,3248.8,14,2,3248.9,37,2
11536,2025-12-30 10:08:17+05:30,3248.4,3,3246.59,160064,96522.0,104374.0,3250.0,3253.0,3239.8,3251.5,41649300,3576.6,2926.4,4322.95,2866.6,3248.4,61,3,3248.3,10,3,3248.2,9,1,3248.1,8,2,3248.0,89,7,3248.5,271,15,3248.6,26,1,3248.7,39,3,3248.9,37,2,3249.0,199,4
11536,2025-12-30 10:08:17+05:30,3248.4,1,3246.59,160064,96522.0,104374.0,3250.0,3253.0,3239.8,3251.5,41649300,3576.6,2926.4,4322.95,2866.6,3248.4,61,3,3248.3,10,3,3248.2,9,1,3248.1,8,2,3248.0,89,7,3248.5,271,15,3248.6,26,1,3248.7,39,3,3248.9,37,2,3249.0,199,4
11536,2025-12-30 10:08:18+05:30,3248.4,1,3246.59,160066,96519.0,104510.0,3250.0,3253.0,3239.8,3251.5,41649300,3576.6,2926.4,4322.95,2866.6,3248.4,60,4,3248.3,10,3,3248.2,9,1,3248.1,8,2,3248.0,89,7,3248.5,272,16,3248.6,34,2,3248.7,31,2,3248.8,8,1,3248.9,37,2
11536,2025-12-30 10:08:18+05:30,3248.4,1,3246.59,160066,96519.0,104510.0,3250.0,3253.0,3239.8,3251.5,41649300,3576.6,2926.4,4322.95,2866.6,3248.4,60,4,3248.3,10,3,3248.2,9,1,3248.1,8,2,3248.0,89,7,3248.5,272,16,3248.6,34,2,3248.7,31,2,3248.8,8,1,3248.9,37,2
11536,2025-12-30 10:08:18+05:30,3248.4,1,3246.59,160094,96502.0,104529.0,3250.0,3253.0,3239.8,3251.5,41649300,3576.6,2926.4,4322.95,2866.6,3248.4,43,2,3248.3,10,3,3248.2,9,1,3248.1,8,2,3248.0,89,7,3248.5,256,13,3248.6,26,1,3248.7,39,3,3248.9,37,2,3249.0,194,3
11536,2025-12-30 10:08:19+05:30,3248.4,1,3246.59,160094,96502.0,104529.0,3250.0,3253.0,3239.8,3251.5,41649300,3576.6,2926.4,4322.95,2866.6,3248.4,43,2,3248.3,10,3,3248.2,9,1,3248.1,8,2,3248.0,89,7,3248.5,256,13,3248.6,26,1,3248.7,39,3,3248.9,37,2,3249.0,194,3
11536,2025-12-30 10:08:19+05:30,3248.4,1,3246.59,160104,96520.0,104066.0,3250.0,3253.0,3239.8,3251.5,41649300,3576.6,2926.4,4322.95,2866.6,3248.4,79,3,3248.3,10,3,3248.2,9,1,3248.1,8,2,3248.0,89,7,3248.5,263,13,3248.6,26,1,3248.7,31,2,3248.8,8,1,3248.9,57,3
11536,2025-12-30 10:08:20+05:30,3248.4,1,3246.59,160104,96520.0,104066.0,3250.0,3253.0,3239.8,3251.5,41649300,3576.6,2926.4,4322.95,2866.6,3248.4,79,3,3248.3,10,3,3248.2,9,1,3248.1,8,2,3248.0,89,7,3248.5,263,13,3248.6,26,1,3248.7,31,2,3248.8,8,1,3248.9,57,3
11536,2025-12-30 10:08:20+05:30,3248.4,1,3246.59,160107,96519.0,104065.0,3250.0,3253.0,3239.8,3251.5,41649300,3576.6,2926.4,4322.95,2866.6,3248.4,76,3,3248.3,12,4,3248.2,9,1,3248.1,8,2,3248.0,89,7,3248.5,254,11,3248.6,34,2,3248.7,31,2,3248.8,8,1,3248.9,57,3
11536,2025-12-30 10:08:21+05:30,3248.4,7,3246.59,160107,96519.0,104065.0,3250.0,3253.0,3239.8,3251.5,41649300,3576.6,2926.4,4322.95,2866.6,3248.4,76,3,3248.3,12,4,3248.2,9,1,3248.1,8,2,3248.0,89,7,3248.5,254,11,3248.6,34,2,3248.7,31,2,3248.8,8,1,3248.9,57,3
11536,2025-12-30 10:08:21+05:30,3248.4,2,3246.59,160119,96508.0,104235.0,3250.0,3253.0,3239.8,3251.5,41649300,3576.6,2926.4,4322.95,2866.6,3248.4,65,3,3248.3,12,4,3248.2,9,1,3248.1,8,2,3248.0,89,7,3248.5,251,9,3248.6,26,1,3248.7,39,3,3248.9,57,3,3249.0,217,4
11536,2025-12-30 10:08:22+05:30,3248.4,1,3246.59,160119,96508.0,104235.0,3250.0,3253.0,3239.8,3251.5,41649300,3576.6,2926.4,4322.95,2866.6,3248.4,65,3,3248.3,12,4,3248.2,9,1,3248.1,8,2,3248.0,89,7,3248.5,251,9,3248.6,26,1,3248.7,39,3,3248.9,57,3,3249.0,217,4
11536,2025-12-30 10:08:22+05:30,3248.4,1,3246.6,160140,96488.0,104418.0,3250.0,3253.0,3239.8,3251.5,41649300,3576.6,2926.4,4322.95,2866.6,3248.4,44,1,3248.3,12,4,3248.2,9,1,3248.1,8,2,3248.0,89,7,3248.5,271,13,3248.6,26,1,3248.7,54,4,3248.8,26,2,3248.9,62,4
11536,2025-12-30 10:08:23+05:30,3248.4,2,3246.6,160140,96488.0,104418.0,3250.0,3253.0,3239.8,3251.5,41649300,3576.6,2926.4,4322.95,2866.6,3248.4,44,1,3248.3,12,4,3248.2,9,1,3248.1,8,2,3248.0,89,7,3248.5,271,13,3248.6,26,1,3248.7,54,4,3248.8,26,2,3248.9,62,4
11536,2025-12-30 10:08:23+05:30,3248.4,2,3246.6,160144,96491.0,104435.0,3250.0,3253.0,3239.8,3251.5,41649300,3576.6,2926.4,4322.95,2866.6,3248.4,42,2,3248.3,10,3,3248.2,9,1,3248.1,8,2,3248.0,89,7,3248.5,270,12,3248.6,26,1,3248.7,49,3,3248.8,26,2,3248.9,71,5
11536,2025-12-30 10:08:24+05:30,3248.4,2,3246.6,160144,96491.0,104435.0,3250.0,3253.0,3239.8,3251.5,41649300,3576.6,2926.4,4322.95,2866.6,3248.4,42,2,3248.3,10,3,3248.2,9,1,3248.1,8,2,3248.0,89,7,3248.5,270,12,3248.6,26,1,3248.7,49,3,3248.8,26,2,3248.9,71,5
11536,2025-12-30 10:08:24+05:30,3248.5,1,3246.6,160159,96113.0,105474.0,3250.0,3253.0,3239.8,3251.5,41649300,3576.6,2926.4,4322.95,2866.6,3248.4,38,3,3248.3,10,3,3248.2,9,1,3248.1,8,2,3248.0,89,7,3248.5,289,13,3248.6,34,2,3248.7,19,2,3248.8,31,3,3248.9,66,4
11536,2025-12-30 10:08:25+05:30,3248.2,4,3246.6,160159,96113.0,105474.0,3250.0,3253.0,3239.8,3251.5,41649300,3576.6,2926.4,4322.95,2866.6,3248.4,38,3,3248.3,10,3,3248.2,9,1,3248.1,8,2,3248.0,89,7,3248.5,289,13,3248.6,34,2,3248.7,19,2,3248.8,31,3,3248.9,66,4
11536,2025-12-30 10:08:25+05:30,3248.2,4,3246.6,160344,95373.0,104264.0,3250.0,3253.0,3239.8,3251.5,41649300,3576.6,2926.4,4322.95,2866.6,3248.2,5,1,3248.1,8,2,3248.0,89,7,3247.5,44,2,3247.3,16,1,3248.3,1,1,3248.5,235,10,3248.7,1,1,3248.8,11,1,3248.9,61,3
11536,2025-12-30 10:08:26+05:30,3248.2,1,3246.6,160344,95373.0,104264.0,3250.0,3253.0,3239.8,3251.5,41649300,3576.6,2926.4,4322.95,2866.6,3248.2,5,1,3248.1,8,2,3248.0,89,7,3247.5,44,2,3247.3,16,1,3248.3,1,1,3248.5,235,10,3248.7,1,1,3248.8,11,1,3248.9,61,3
11536,2025-12-30 10:08:26+05:30,3248.2,1,3246.6,160346,95614.0,105252.0,3250.0,3253.0,3239.8,3251.5,41649300,3576.6,2926.4,4322.95,2866.6,3248.2,3,1,3248.1,8,2,3248.0,89,7,3247.5,36,1,3247.2,29,3,3248.3,6,4,3248.4,175,1,3248.5,233,8,3248.6,8,1,3248.7,1,1
11536,2025-12-30 10:08:27+05:30,3248.2,3,3246.6,160346,95614.0,105252.0,3250.0,3253.0,3239.8,3251.5,41649300,3576.6,2926.4,4322.95,2866.6,3248.2,3,1,3248.1,8,2,3248.0,89,7,3247.5,36,1,3247.2,29,3,3248.3,6,4,3248.4,175,1,3248.5,233,8,3248.6,8,1,3248.7,1,1
11536,2025-12-30 10:08:27+05:30,3248.2,1,3246.6,160351,95646.0,104552.0,3250.0,3253.0,3239.8,3251.5,41649300,3576.6,2926.4,4322.95,2866.6,3248.2,13,2,3248.1,8,2,3248.0,89,7,3247.5,36,1,3247.2,29,3,3248.3,24,6,3248.4,175,1,3248.5,214,4,3248.6,8,1,3248.7,1,1
11536,2025-12-30 10:08:28+05:30,3248.2,5,3246.6,160351,95646.0,104552.0,3250.0,3253.0,3239.8,3251.5,41649300,3576.6,2926.4,4322.95,2866.6,3248.2,13,2,3248.1,8,2,3248.0,89,7,3247.5,36,1,3247.2,29,3,3248.3,24,6,3248.4,175,1,3248.5,214,4,3248.6,8,1,3248.7,1,1
11536,2025-12-30 10:08:29+05:30,3248.2,4,3246.6,160396,94164.0,104493.0,3250.0,3253.0,3239.8,3251.5,41649300,3576.6,2926.4,4322.95,2866.6,3248.2,10,2,3248.1,8,2,3248.0,89,7,3247.5,36,1,3247.2,57,4,3248.3,21,5,3248.4,183,2,3248.5,213,3,3248.6,8,1,3248.7,1,1
11536,2025-12-30 10:08:29+05:30,3248.2,4,3246.6,160396,94164.0,104493.0,3250.0,3253.0,3239.8,3251.5,41649300,3576.6,2926.4,4322.95,2866.6,3248.2,10,2,3248.1,8,2,3248.0,89,7,3247.5,36,1,3247.2,57,4,3248.3,21,5,3248.4,183,2,3248.5,213,3,3248.6,8,1,3248.7,1,1
11536,2025-12-30 10:08:30+05:30,3248.2,1,3246.6,160397,94660.0,105943.0,3250.0,3253.0,3239.8,3251.5,41649300,3576.6,2926.4,4322.95,2866.6,3248.2,63,3,3248.1,62,3,3248.0,143,8,3247.5,36,1,3247.2,16,1,3248.3,55,8,3248.4,180,2,3248.5,213,3,3248.6,42,3,3248.7,1,1
11536,2025-12-30 10:08:30+05:30,3248.2,1,3246.6,160397,94660.0,105943.0,3250.0,3253.0,3239.8,3251.5,41649300,3576.6,2926.4,4322.95,2866.6,3248.2,63,3,3248.1,62,3,3248.0,143,8,3247.5,36,1,3247.2,16,1,3248.3,55,8,3248.4,180,2,3248.5,213,3,3248.6,42,3,3248.7,1,1
11536,2025-12-30 10:08:31+05:30,3248.2,4,3246.6,160412,95243.0,106104.0,3250.0,3253.0,3239.8,3251.5,41649300,3576.6,2926.4,4322.95,2866.6,3248.2,62,3,3248.1,62,3,3248.0,143,8,3247.5,36,1,3247.2,16,1,3248.3,134,6,3248.4,199,2,3248.5,10,1,3248.6,70,4,3248.7,1,1
11536,2025-12-30 10:08:31+05:30,3248.3,1,3246.6,160412,95243.0,106104.0,3250.0,3253.0,3239.8,3251.5,41649300,3576.6,2926.4,4322.95,2866.6,3248.2,62,3,3248.1,62,3,3248.0,143,8,3247.5,36,1,3247.2,16,1,3248.3,134,6,3248.4,199,2,3248.5,10,1,3248.6,70,4,3248.7,1,1
11536,2025-12-30 10:08:32+05:30,3248.2,2,3246.6,160422,95418.0,106080.0,3250.0,3253.0,3239.8,3251.5,41649300,3576.6,2926.4,4322.95,2866.6,3248.2,55,5,3248.1,62,3,3248.0,143,8,3247.5,36,1,3247.2,16,1,3248.3,126,6,3248.4,199,2,3248.5,10,1,3248.6,62,3,3248.7,1,1
11536,2025-12-30 10:08:32+05:30,3248.2,2,3246.6,160422,95418.0,106080.0,3250.0,3253.0,3239.8,3251.5,41649300,3576.6,2926.4,4322.95,2866.6,3248.2,55,5,3248.1,62,3,3248.0,143,8,3247.5,36,1,3247.2,16,1,3248.3,126,6,3248.4,199,2,3248.5,10,1,3248.6,62,3,3248.7,1,1
11536,2025-12-30 10:08:33+05:30,3248.3,12,3246.6,160450,94012.0,105820.0,3250.0,3253.0,3239.8,3251.5,41649300,3576.6,2926.4,4322.95,2866.6,3248.2,50,4,3248.1,62,3,3248.0,143,8,3247.5,36,1,3247.2,16,1,3248.3,102,9,3248.5,10,1,3248.6,62,3,3248.7,33,3,3248.8,16,2
11536,2025-12-30 10:08:33+05:30,3248.2,5,3246.6,160450,94012.0,105820.0,3250.0,3253.0,3239.8,3251.5,41649300,3576.6,2926.4,4322.95,2866.6,3248.2,50,4,3248.1,62,3,3248.0,143,8,3247.5,36,1,3247.2,16,1,3248.3,102,9,3248.5,10,1,3248.6,62,3,3248.7,33,3,3248.8,16,2
11536,2025-12-30 10:08:34+05:30,3248.2,3,3246.6,160462,95210.0,105834.0,3250.0,3253.0,3239.8,3251.5,41649300,3576.6,2926.4,4322.95,2866.6,3248.2,42,5,3248.1,62,3,3248.0,143,8,3247.5,36,1,3247.2,16,1,3248.3,100,8,3248.4,8,1,3248.5,10,1,3248.6,94,5,3248.7,1,1
11536,2025-12-30 10:08:34+05:30,3248.2,1,3246.6,160462,95210.0,105834.0,3250.0,3253.0,3239.8,3251.5,41649300,3576.6,2926.4,4322.95,2866.6,3248.2,42,5,3248.1,62,3,3248.0,143,8,3247.5,36,1,3247.2,16,1,3248.3,100,8,3248.4,8,1,3248.5,10,1,3248.6,94,5,3248.7,1,1
11536,2025-12-30 10:08:35+05:30,3248.2,1,3246.6,160478,95389.0,105894.0,3250.0,3253.0,3239.8,3251.5,41649300,3576.6,2926.4,4322.95,2866.6,3248.2,27,5,3248.1,65,4,3248.0,143,8,3247.5,36,1,3247.2,16,1,3248.3,99,8,3248.4,8,1,3248.5,10,1,3248.6,94,5,3248.7,1,1
11536,2025-12-30 10:08:35+05:30,3248.2,1,3246.6,160478,95389.0,105894.0,3250.0,3253.0,3239.8,3251.5,41649300,3576.6,2926.4,4322.95,2866.6,3248.2,27,5,3248.1,65,4,3248.0,143,8,3247.5,36,1,3247.2,16,1,3248.3,99,8,3248.4,8,1,3248.5,10,1,3248.6,94,5,3248.7,1,1
11536,2025-12-30 10:08:36+05:30,3248.2,6,3246.6,160487,94784.0,106312.0,3250.0,3253.0,3239.8,3251.5,41649300,3576.6,2926.4,4322.95,2866.6,3248.2,19,5,3248.1,65,4,3248.0,143,8,3247.5,36,1,3247.2,16,1,3248.3,123,13,3248.4,5,1,3248.5,34,2,3248.6,77,5,3248.7,20,2
11536,2025-12-30 10:08:36+05:30,3248.2,2,3246.6,160487,94784.0,106312.0,3250.0,3253.0,3239.8,3251.5,41649300,3576.6,2926.4,4322.95,2866.6,3248.2,19,5,3248.1,65,4,3248.0,143,8,3247.5,36,1,3247.2,16,1,3248.3,123,13,3248.4,5,1,3248.5,34,2,3248.6,77,5,3248.7,20,2
11536,2025-12-30 10:08:37+05:30,3248.2,3,3246.6,160495,95224.0,105886.0,3250.0,3253.0,3239.8,3251.5,41649300,3576.6,2926.4,4322.95,2866.6,3248.2,14,5,3248.1,62,3,3248.0,143,8,3247.5,36,1,3247.2,16,1,3248.3,114,11,3248.4,8,1,3248.5,10,1,3248.6,43,3,3248.7,20,2
11536,2025-12-30 10:08:37+05:30,3248.2,3,3246.6,160495,95224.0,105886.0,3250.0,3253.0,3239.8,3251.5,41649300,3576.6,2926.4,4322.95,2866.6,3248.2,14,5,3248.1,62,3,3248.0,143,8,3247.5,36,1,3247.2,16,1,3248.3,114,11,3248.4,8,1,3248.5,10,1,3248.6,43,3,3248.7,20,2
11536,2025-12-30 10:08:38+05:30,3248.3,2,3246.6,160506,95219.0,105857.0,3250.0,3253.0,3239.8,3251.5,41649300,3576.6,2926.4,4322.95,2866.6,3248.2,14,3,3248.1,62,3,3248.0,143,8,3247.5,36,1,3247.2,16,1,3248.3,109,8,3248.4,8,1,3248.5,34,2,3248.6,8,1,3248.7,29,2
11536,2025-12-30 10:08:38+05:30,3248.3,2,3246.6,160506,95219.0,105857.0,3250.0,3253.0,3239.8,3251.5,41649300,3576.6,2926.4,4322.95,2866.6,3248.2,14,3,3248.1,62,3,3248.0,143,8,3247.5,36,1,3247.2,16,1,3248.3,109,8,3248.4,8,1,3248.5,34,2,3248.6,8,1,3248.7,29,2
11536,2025-12-30 10:08:39+05:30,3248.2,1,3246.6,160506,95219.0,105857.0,3250.0,3253.0,3239.8,3251.5,41649300,3576.6,2926.4,4322.95,2866.6,3248.2,14,3,3248.1,62,3,3248.0,143,8,3247.5,36,1,3247.2,16,1,3248.3,109,8,3248.4,8,1,3248.5,34,2,3248.6,8,1,3248.7,29,2
11536,2025-12-30 10:08:39+05:30,3248.2,1,3246.6,160534,95156.0,104940.0,3250.0,3253.0,3239.8,3251.5,41649300,3576.6,2926.4,4322.95,2866.6,3248.2,9,2,3248.1,62,3,3248.0,143,8,3247.5,36,1,3247.2,16,1,3248.3,94,8,3248.5,34,2,3248.6,43,3,3248.7,6,2,3248.8,19,2
11536,2025-12-30 10:08:40+05:30,3248.2,1,3246.6,160536,94818.0,106625.0,3250.0,3253.0,3239.8,3251.5,41649300,3576.6,2926.4,4322.95,2866.6,3248.2,8,2,3248.1,62,3,3248.0,143,8,3247.5,36,1,3247.2,16,1,3248.3,97,8,3248.4,24,1,3248.5,37,2,3248.6,20,3,3248.7,1,1
11536,2025-12-30 10:08:40+05:30,3248.2,1,3246.6,160536,94818.0,106625.0,3250.0,3253.0,3239.8,3251.5,41649300,3576.6,2926.4,4322.95,2866.6,3248.2,8,2,3248.1,62,3,3248.0,143,8,3247.5,36,1,3247.2,16,1,3248.3,97,8,3248.4,24,1,3248.5,37,2,3248.6,20,3,3248.7,1,1
11536,2025-12-30 10:08:41+05:30,3248.2,1,3246.6,160548,93411.0,106626.0,3250.0,3253.0,3239.8,3251.5,41649300,3576.6,2926.4,4322.95,2866.6,3248.2,2,1,3248.1,62,3,3248.0,143,8,3247.5,36,1,3247.2,16,1,3248.3,93,8,3248.4,29,2,3248.5,37,2,3248.6,20,3,3248.7,1,1
11536,2025-12-30 10:08:41+05:30,3248.2,1,3246.6,160548,93411.0,106626.0,3250.0,3253.0,3239.8,3251.5,41649300,3576.6,2926.4,4322.95,2866.6,3248.2,2,1,3248.1,62,3,3248.0,143,8,3247.5,36,1,3247.2,16,1,3248.3,93,8,3248.4,29,2,3248.5,37,2,3248.6,20,3,3248.7,1,1
11536,2025-12-30 10:08:42+05:30,3248.2,1,3246.6,160556,94818.0,106631.0,3250.0,3253.0,3239.8,3251.5,41649300,3576.6,2926.4,4322.95,2866.6,3248.2,4,2,3248.1,62,3,3248.0,143,8,3247.5,36,1,3247.2,16,1,3248.3,94,9,3248.4,33,3,3248.5,54,3,3248.6,57,5,3248.7,1,1
11536,2025-12-30 10:08:42+05:30,3248.2,1,3246.6,160556,94818.0,106631.0,3250.0,3253.0,3239.8,3251.5,41649300,3576.6,2926.4,4322.95,2866.6,3248.2,4,2,3248.1,62,3,3248.0,143,8,3247.5,36,1,3247.2,16,1,3248.3,94,9,3248.4,33,3,3248.5,54,3,3248.6,57,5,3248.7,1,1
11536,2025-12-30 10:08:43+05:30,3248.2,1,3246.6,160562,94818.0,106621.0,3250.0,3253.0,3239.8,3251.5,41649300,3576.6,2926.4,4322.95,2866.6,3248.2,3,1,3248.1,64,4,3248.0,143,8,3247.5,36,1,3247.2,16,1,3248.3,92,11,3248.4,9,2,3248.5,10,1,3248.6,40,4,3248.7,19,2
11536,2025-12-30 10:08:43+05:30,3248.2,1,3246.6,160562,94818.0,106621.0,3250.0,3253.0,3239.8,3251.5,41649300,3576.6,2926.4,4322.95,2866.6,3248.2,3,1,3248.1,64,4,3248.0,143,8,3247.5,36,1,3247.2,16,1,3248.3,92,11,3248.4,9,2,3248.5,10,1,3248.6,40,4,3248.7,19,2
11536,2025-12-30 10:08:44+05:30,3248.2,1,3246.6,160566,94777.0,106447.0,3250.0,3253.0,3239.8,3251.5,41649300,3576.6,2926.4,4322.95,2866.6,3248.2,2,1,3248.1,64,4,3248.0,143,8,3247.5,36,1,3247.2,16,1,3248.3,83,9,3248.5,10,1,3248.6,27,2,3248.7,27,3,3248.8,61,4
11536,2025-12-30 10:08:44+05:30,3248.2,1,3246.6,160566,94777.0,106447.0,3250.0,3253.0,3239.8,3251.5,41649300,3576.6,2926.4,4322.95,2866.6,3248.2,2,1,3248.1,64,4,3248.0,143,8,3247.5,36,1,3247.2,16,1,3248.3,83,9,3248.5,10,1,3248.6,27,2,3248.7,27,3,3248.8,61,4
11536,2025-12-30 10:08:45+05:30,3248.3,1,3246.6,160572,93421.0,106315.0,3250.0,3253.0,3239.8,3251.5,41649300,3576.6,2926.4,4322.95,2866.6,3248.2,5,2,3248.1,62,3,3248.0,143,8,3247.5,36,1,3247.2,16,1,3248.3,82,9,3248.4,8,1,3248.5,10,1,3248.6,20,3,3248.7,42,3
11536,2025-12-30 10:08:45+05:30,3248.3,1,3246.6,160572,93421.0,106315.0,3250.0,3253.0,3239.8,3251.5,41649300,3576.6,2926.4,4322.95,2866.6,3248.2,5,2,3248.1,62,3,3248.0,143,8,3247.5,36,1,3247.2,16,1,3248.3,82,9,3248.4,8,1,3248.5,10,1,3248.6,20,3,3248.7,42,3
11536,2025-12-30 10:08:46+05:30,3248.3,1,3246.6,160572,93421.0,106315.0,3250.0,3253.0,3239.8,3251.5,41649300,3576.6,2926.4,4322.95,2866.6,3248.2,5,2,3248.1,62,3,3248.0,143,8,3247.5,36,1,3247.2,16,1,3248.3,82,9,3248.4,8,1,3248.5,10,1,3248.6,20,3,3248.7,42,3
11536,2025-12-30 10:08:46+05:30,3248.2,1,3246.6,160606,94858.0,106424.0,3250.0,3253.0,3239.8,3251.5,41649300,3576.6,2926.4,4322.95,2866.6,3248.2,27,2,3248.1,62,3,3248.0,143,8,3247.5,36,1,3247.2,44,2,3248.3,78,6,3248.4,8,1,3248.5,10,1,3248.6,20,3,3248.7,24,2
11536,2025-12-30 10:08:47+05:30,3248.3,12,3246.6,160606,94858.0,106424.0,3250.0,3253.0,3239.8,3251.5,41649300,3576.6,2926.4,4322.95,2866.6,3248.2,27,2,3248.1,62,3,3248.0,143,8,3247.5,36,1,3247.2,44,2,3248.3,78,6,3248.4,8,1,3248.5,10,1,3248.6,20,3,3248.7,24,2
11536,2025-12-30 10:08:47+05:30,3248.3,12,3246.6,160620,93455.0,106631.0,3250.0,3253.0,3239.8,3251.5,41649300,3576.6,2926.4,4322.95,2866.6,3248.2,25,2,3248.1,62,3,3248.0,143,8,3247.5,36,1,3247.2,16,1,3248.3,68,9,3248.4,8,1,3248.5,10,1,3248.6,43,4,3248.7,28,2
11536,2025-12-30 10:08:48+05:30,3248.2,1,3246.6,160620,93455.0,106631.0,3250.0,3253.0,3239.8,3251.5,41649300,3576.6,2926.4,4322.95,2866.6,3248.2,25,2,3248.1,62,3,3248.0,143,8,3247.5,36,1,3247.2,16,1,3248.3,68,9,3248.4,8,1,3248.5,10,1,3248.6,43,4,3248.7,28,2
11536,2025-12-30 10:08:48+05:30,3248.2,1,3246.6,160623,93510.0,106427.0,3250.0,3253.0,3239.8,3251.5,41649300,3576.6,2926.4,4322.95,2866.6,3248.2,70,3,3248.1,62,3,3248.0,143,8,3247.5,36,1,3247.2,16,1,3248.3,66,7,3248.4,8,1,3248.5,10,1,3248.6,43,4,3248.7,1,1
11536,2025-12-30 10:08:49+05:30,3248.2,2,3246.6,160623,93510.0,106427.0,3250.0,3253.0,3239.8,3251.5,41649300,3576.6,2926.4,4322.95,2866.6,3248.2,70,3,3248.1,62,3,3248.0,143,8,3247.5,36,1,3247.2,16,1,3248.3,66,7,3248.4,8,1,3248.5,10,1,3248.6,43,4,3248.7,1,1
11536,2025-12-30 10:08:49+05:30,3248.2,4,3246.6,160639,94652.0,106454.0,3250.0,3253.0,3239.8,3251.5,41649300,3576.6,2926.4,4322.95,2866.6,3248.2,56,4,3248.1,64,4,3248.0,143,8,3247.5,36,1,3247.2,16,1,3248.3,66,7,3248.4,8,1,3248.5,10,1,3248.6,43,4,3248.7,1,1
11536,2025-12-30 10:08:50+05:30,3248.2,1,3246.6,160639,94652.0,106454.0,3250.0,3253.0,3239.8,3251.5,41649300,3576.6,2926.4,4322.95,2866.6,3248.2,56,4,3248.1,64,4,3248.0,143,8,3247.5,36,1,3247.2,16,1,3248.3,66,7,3248.4,8,1,3248.5,10,1,3248.6,43,4,3248.7,1,1
11536,2025-12-30 10:08:50+05:30,3248.2,3,3246.6,160650,94706.0,106468.0,3250.0,3253.0,3239.8,3251.5,41649300,3576.6,2926.4,4322.95,2866.6,3248.2,91,4,3248.1,64,4,3248.0,143,8,3247.5,36,1,3247.2,7,1,3248.3,67,8,3248.5,10,1,3248.6,5,1,3248.7,8,2,3248.8,38,3
11536,2025-12-30 10:08:51+05:30,3248.2,4,3246.6,160650,94706.0,106468.0,3250.0,3253.0,3239.8,3251.5,41649300,3576.6,2926.4,4322.95,2866.6,3248.2,91,4,3248.1,64,4,3248.0,143,8,3247.5,36,1,3247.2,7,1,3248.3,67,8,3248.5,10,1,3248.6,5,1,3248.7,8,2,3248.8,38,3
11536,2025-12-30 10:08:51+05:30,3248.2,1,3246.6,160655,93484.0,106467.0,3250.0,3253.0,3239.8,3251.5,41649300,3576.6,2926.4,4322.95,2866.6,3248.2,88,5,3248.1,62,3,3248.0,143,8,3247.5,36,1,3247.3,7,1,3248.3,66,7,3248.5,10,1,3248.6,5,1,3248.7,8,2,3248.8,38,3
11536,2025-12-30 10:08:52+05:30,3248.2,1,3246.6,160655,93484.0,106467.0,3250.0,3253.0,3239.8,3251.5,41649300,3576.6,2926.4,4322.95,2866.6,3248.2,88,5,3248.1,62,3,3248.0,143,8,3247.5,36,1,3247.3,7,1,3248.3,66,7,3248.5,10,1,3248.6,5,1,3248.7,8,2,3248.8,38,3
11536,2025-12-30 10:08:52+05:30,3248.3,10,3246.6,160671,94865.0,106205.0,3250.0,3253.0,3239.8,3251.5,41649300,3576.6,2926.4,4322.95,2866.6,3248.2,82,5,3248.1,62,3,3248.0,145,9,3247.5,36,1,3247.3,7,1,3248.3,55,6,3248.5,10,1,3248.6,5,1,3248.7,23,2,3248.8,41,3
11536,2025-12-30 10:08:53+05:30,3248.2,2,3246.6,160671,94865.0,106205.0,3250.0,3253.0,3239.8,3251.5,41649300,3576.6,2926.4,4322.95,2866.6,3248.2,82,5,3248.1,62,3,3248.0,145,9,3247.5,36,1,3247.3,7,1,3248.3,55,6,3248.5,10,1,3248.6,5,1,3248.7,23,2,3248.8,41,3
11536,2025-12-30 10:08:53+05:30,3248.2,2,3246.6,160688,94905.0,106200.0,3250.0,3253.0,3239.8,3251.5,41649300,3576.6,2926.4,4322.95,2866.6,3248.2,78,4,3248.1,62,3,3248.0,145,9,3247.5,36,1,3247.3,7,1,3248.3,43,9,3248.5,10,1,3248.6,5,1,3248.7,23,2,3248.8,48,4
11536,2025-12-30 10:08:54+05:30,3248.2,2,3246.6,160688,94905.0,106200.0,3250.0,3253.0,3239.8,3251.5,41649300,3576.6,2926.4,4322.95,2866.6,3248.2,78,4,3248.1,62,3,3248.0,145,9,3247.5,36,1,3247.3,7,1,3248.3,43,9,3248.5,10,1,3248.6,5,1,3248.7,23,2,3248.8,48,4
11536,2025-12-30 10:08:54+05:30,3248.2,2,3246.6,160691,93502.0,106199.0,3250.0,3253.0,3239.8,3251.5,41649300,3576.6,2926.4,4322.95,2866.6,3248.2,75,4,3248.1,62,3,3248.0,145,9,3247.5,36,1,3247.3,7,1,3248.3,42,8,3248.5,10,1,3248.6,5,1,3248.7,23,2,3248.8,48,4
11536,2025-12-30 10:08:55+05:30,3248.3,1,3246.6,160691,93502.0,106199.0,3250.0,3253.0,3239.8,3251.5,41649300,3576.6,2926.4,4322.95,2866.6,3248.2,75,4,3248.1,62,3,3248.0,145,9,3247.5,36,1,3247.3,7,1,3248.3,42,8,3248.5,10,1,3248.6,5,1,3248.7,23,2,3248.8,48,4
11536,2025-12-30 10:08:55+05:30,3248.3,3,3246.6,160705,94903.0,106028.0,3250.0,3253.0,3239.8,3251.5,41649300,3576.6,2926.4,4322.95,2866.6,3248.2,67,5,3248.1,62,3,3248.0,145,9,3247.5,36,1,3247.3,7,1,3248.3,39,9,3248.5,10,1,3248.6,5,1,3248.7,23,2,3248.8,48,4
11536,2025-12-30 10:08:56+05:30,3248.2,3,3246.6,160705,94903.0,106028.0,3250.0,3253.0,3239.8,3251.5,41649300,3576.6,2926.4,4322.95,2866.6,3248.2,67,5,3248.1,62,3,3248.0,145,9,3247.5,36,1,3247.3,7,1,3248.3,39,9,3248.5,10,1,3248.6,5,1,3248.7,23,2,3248.8,48,4
11536,2025-12-30 10:08:56+05:30,3248.2,1,3246.6,160713,93496.0,106036.0,3250.0,3253.0,3239.8,3251.5,41649300,3576.6,2926.4,4322.95,2866.6,3248.2,59,5,3248.1,62,3,3248.0,145,9,3247.5,36,1,3247.3,7,1,3248.3,41,11,3248.5,10,1,3248.6,12,2,3248.7,48,3,3248.8,23,3
11536,2025-12-30 10:08:57+05:30,3248.2,1,3246.6,160713,93496.0,106036.0,3250.0,3253.0,3239.8,3251.5,41649300,3576.6,2926.4,4322.95,2866.6,3248.2,48,3,3248.1,64,4,3248.0,171,10,3247.5,36,1,3247.2,16,1,3248.3,55,14,3248.5,46,3,3248.6,53,4,3248.7,1,1,3248.8,23,3
11536,2025-12-30 10:08:57+05:30,3248.2,1,3246.6,160725,93055.0,106513.0,3250.0,3253.0,3239.8,3251.5,41649300,3576.6,2926.4,4322.95,2866.6,3248.2,48,3,3248.1,64,4,3248.0,171,10,3247.5,36,1,3247.2,16,1,3248.3,55,14,3248.5,46,3,3248.6,53,4,3248.7,1,1,3248.8,23,3
11536,2025-12-30 10:08:58+05:30,3248.3,1,3246.6,160725,93055.0,106513.0,3250.0,3253.0,3239.8,3251.5,41649300,3576.6,2926.4,4322.95,2866.6,3248.2,48,3,3248.1,64,4,3248.0,171,10,3247.5,36,1,3247.2,16,1,3248.3,55,14,3248.5,46,3,3248.6,53,4,3248.7,1,1,3248.8,23,3
11536,2025-12-30 10:08:58+05:30,3248.2,2,3246.6,160735,94161.0,106363.0,3250.0,3253.0,3239.8,3251.5,41649300,3576.6,2926.4,4322.95,2866.6,3248.2,39,3,3248.1,64,4,3248.0,171,10,3247.5,36,1,3247.2,16,1,3248.3,48,11,3248.4,4,1,3248.5,46,3,3248.6,81,5,3248.7,1,1
11536,2025-12-30 10:08:59+05:30,3248.1,1,3246.6,160735,94161.0,106363.0,3250.0,3253.0,3239.8,3251.5,41649300,3576.6,2926.4,4322.95,2866.6,3248.2,39,3,3248.1,64,4,3248.0,171,10,3247.5,36,1,3247.2,16,1,3248.3,48,11,3248.4,4,1,3248.5,46,3,3248.6,81,5,3248.7,1,1
11536,2025-12-30 10:08:59+05:30,3248.1,1,3246.6,160847,93688.0,106232.0,3250.0,3253.0,3239.8,3251.5,41649300,3576.6,2926.4,4322.95,2866.6,3248.1,57,3,3248.0,145,9,3247.5,36,1,3247.2,16,1,3247.1,3,1,3248.2,905,4,3248.3,39,8,3248.4,38,4,3248.5,49,3,3248.6,65,5
11536,2025-12-30 10:09:00+05:30,3248.1,2,3246.6,160847,93688.0,106232.0,3250.0,3253.0,3239.8,3251.5,41649300,3576.6,2926.4,4322.95,2866.6,3248.1,57,3,3248.0,145,9,3247.5,36,1,3247.2,16,1,3247.1,3,1,3248.2,905,4,3248.3,39,8,3248.4,38,4,3248.5,49,3,3248.6,65,5
11536,2025-12-30 10:09:00+05:30,3248.1,1,3246.6,160878,94066.0,107707.0,3250.0,3253.0,3239.8,3251.5,41649300,3576.6,2926.4,4322.95,2866.6,3248.1,34,3,3248.0,145,9,3247.5,36,1,3247.2,16,1,3247.1,3,1,3248.2,920,8,3248.3,19,3,3248.4,42,3,3248.5,49,3,3248.6,65,5
11536,2025-12-30 10:09:01+05:30,3248.1,1,3246.6,160878,94066.0,107707.0,3250.0,3253.0,3239.8,3251.5,41649300,3576.6,2926.4,4322.95,2866.6,3248.1,34,3,3248.0,145,9,3247.5,36,1,3247.2,16,1,3247.1,3,1,3248.2,920,8,3248.3,19,3,3248.4,42,3,3248.5,49,3,3248.6,65,5
11536,2025-12-30 10:09:01+05:30,3248.1,1,3246.6,160906,94027.0,107650.0,3250.0,3253.0,3239.8,3251.5,41649300,3576.6,2926.4,4322.95,2866.6,3248.1,7,2,3248.0,145,9,3247.5,36,1,3247.2,16,1,3247.1,3,1,3248.2,933,12,3248.3,52,3,3248.4,56,5,3248.5,24,2,3248.6,65,5
11536,2025-12-30 10:09:02+05:30,3248.1,3,3246.6,160906,94027.0,107650.0,3250.0,3253.0,3239.8,3251.5,41649300,3576.6,2926.4,4322.95,2866.6,3248.1,7,2,3248.0,145,9,3247.5,36,1,3247.2,16,1,3247.1,3,1,3248.2,933,12,3248.3,52,3,3248.4,56,5,3248.5,24,2,3248.6,65,5
11536,2025-12-30 10:09:02+05:30,3248.1,2,3246.6,160951,92862.0,107608.0,3250.0,3253.0,3239.8,3251.5,41649300,3576.6,2926.4,4322.95,2866.6,3248.1,4,1,3248.0,150,10,3247.9,4,1,3247.5,36,1,3247.2,16,1,3248.2,927,12,3248.3,38,2,3248.4,40,4,3248.5,24,2,3248.6,65,5
11536,2025-12-30 10:09:03+05:30,3248.1,5,3246.6,160951,92862.0,107608.0,3250.0,3253.0,3239.8,3251.5,41649300,3576.6,2926.4,4322.95,2866.6,3248.1,4,1,3248.0,150,10,3247.9,4,1,3247.5,36,1,3247.2,16,1,3248.2,927,12,3248.3,38,2,3248.4,40,4,3248.5,24,2,3248.6,65,5
11536,2025-12-30 10:09:03+05:30,3248.0,1,3246.6,160965,94179.0,107730.0,3250.0,3253.0,3239.8,3251.5,41649300,3576.6,2926.4,4322.95,2866.6,3248.0,149,9,3247.9,4,1,3247.5,36,1,3247.2,16,1,3247.1,3,1,3248.2,933,14,3248.3,38,2,3248.4,57,5,3248.5,24,2,3248.6,65,5
11536,2025-12-30 10:09:04+05:30,3248.0,1,3246.6,160965,94179.0,107730.0,3250.0,3253.0,3239.8,3251.5,41649300,3576.6,2926.4,4322.95,2866.6,3248.0,149,9,3247.9,4,1,3247.5,36,1,3247.2,16,1,3247.1,3,1,3248.2,933,14,3248.3,38,2,3248.4,57,5,3248.5,24,2,3248.6,65,5
11536,2025-12-30 10:09:04+05:30,3248.0,2,3246.6,160992,94171.0,107702.0,3250.0,3253.0,3239.8,3251.5,41649300,3576.6,2926.4,4322.95,2866.6,3248.0,141,7,3247.9,4,1,3247.5,36,1,3247.2,16,1,3247.1,3,1,3248.2,912,13,3248.3,64,3,3248.4,50,4,3248.5,31,3,3248.6,58,4
11536,2025-12-30 10:09:05+05:30,3248.2,1,3246.6,160992,94171.0,107702.0,3250.0,3253.0,3239.8,3251.5,41649300,3576.6,2926.4,4322.95,2866.6,3248.0,141,7,3247.9,4,1,3247.5,36,1,3247.2,16,1,3247.1,3,1,3248.2,912,13,3248.3,64,3,3248.4,50,4,3248.5,31,3,3248.6,58,4
11536,2025-12-30 10:09:06+05:30,3248.0,1,3246.61,161185,92652.0,107725.0,3250.0,3253.0,3239.8,3251.5,41649300,3576.6,2926.4,4322.95,2866.6,3248.0,15,3,3247.9,4,1,3247.5,36,1,3247.2,16,1,3247.1,3,1,3248.2,1106,14,3248.3,26,2,3248.4,36,3,3248.5,10,1,3248.6,65,5
11536,2025-12-30 10:09:06+05:30,3248.0,1,3246.61,161185,92652.0,107725.0,3250.0,3253.0,3239.8,3251.5,41649300,3576.6,2926.4,4322.95,2866.6,3248.0,15,3,3247.9,4,1,3247.5,36,1,3247.2,16,1,3247.1,3,1,3248.2,1106,14,3248.3,26,2,3248.4,36,3,3248.5,10,1,3248.6,65,5
11536,2025-12-30 10:09:07+05:30,3248.2,25,3246.61,161228,92751.0,107868.0,3250.0,3253.0,3239.8,3251.5,41649300,3576.6,2926.4,4322.95,2866.6,3248.1,3,1,3248.0,11,2,3247.9,4,1,3247.5,36,1,3247.1,3,1,3248.2,1072,11,3248.3,26,2,3248.4,62,4,3248.5,10,1,3248.6,65,5
11536,2025-12-30 10:09:07+05:30,3248.2,25,3246.61,161228,92751.0,107868.0,3250.0,3253.0,3239.8,3251.5,41649300,3576.6,2926.4,4322.95,2866.6,3248.1,3,1,3248.0,11,2,3247.9,4,1,3247.5,36,1,3247.1,3,1,3248.2,1072,11,3248.3,26,2,3248.4,62,4,3248.5,10,1,3248.6,65,5
11536,2025-12-30 10:09:08+05:30,3248.0,2,3246.61,161236,92339.0,107774.0,3250.0,3253.0,3239.8,3251.5,41649300,3576.6,2926.4,4322.95,2866.6,3248.0,9,2,3247.9,4,1,3247.5,36,1,3247.1,3,1,3247.0,147,7,3248.2,1079,11,3248.3,28,3,3248.4,79,5,3248.5,27,2,3248.6,65,5
11536,2025-12-30 10:09:08+05:30,3248.0,1,3246.61,161236,92339.0,107774.0,3250.0,3253.0,3239.8,3251.5,41649300,3576.6,2926.4,4322.95,2866.6,3248.0,9,2,3247.9,4,1,3247.5,36,1,3247.1,3,1,3247.0,147,7,3248.2,1079,11,3248.3,28,3,3248.4,79,5,3248.5,27,2,3248.6,65,5
11536,2025-12-30 10:09:08+05:30,3247.9,2,3246.61,161274,93587.0,106768.0,3250.0,3253.0,3239.8,3251.5,41649300,3576.6,2926.4,4322.95,2866.6,3247.9,2,1,3247.5,36,1,3247.1,3,1,3247.0,147,7,3246.9,8,1,3248.0,7,3,3248.1,4,1,3248.2,1074,11,3248.3,28,3,3248.4,79,5
11536,2025-12-30 10:09:09+05:30,3247.8,1,3246.61,161274,93587.0,106768.0,3250.0,3253.0,3239.8,3251.5,41649300,3576.6,2926.4,4322.95,2866.6,3247.9,2,1,3247.5,36,1,3247.1,3,1,3247.0,147,7,3246.9,8,1,3248.0,7,3,3248.1,4,1,3248.2,1074,11,3248.3,28,3,3248.4,79,5
11536,2025-12-30 10:09:09+05:30,3247.8,1,3246.61,161302,93111.0,108177.0,3250.0,3253.0,3239.8,3251.5,41649300,3576.6,2926.4,4322.95,2866.6,3247.7,8,1,3247.5,36,1,3247.3,15,2,3247.2,8,1,3247.1,1,1,3247.8,5,3,3247.9,2,1,3248.0,9,5,3248.2,1061,8,3248.3,23,2
11536,2025-12-30 10:09:10+05:30,3247.7,10,3246.61,161302,93111.0,108177.0,3250.0,3253.0,3239.8,3251.5,41649300,3576.6,2926.4,4322.95,2866.6,3247.7,8,1,3247.5,36,1,3247.3,15,2,3247.2,8,1,3247.1,1,1,3247.8,5,3,3247.9,2,1,3248.0,9,5,3248.2,1061,8,3248.3,23,2
11536,2025-12-30 10:09:10+05:30,3247.7,10,3246.61,161342,92754.0,108526.0,3250.0,3253.0,3239.8,3251.5,41649300,3576.6,2926.4,4322.95,2866.6,3247.5,36,1,3247.4,8,1,3247.3,23,3,3247.1,1,1,3247.0,46,6,3247.7,1,1,3247.8,24,6,3247.9,2,1,3248.0,2,2,3248.1,33,2
11536,2025-12-30 10:09:11+05:30,3247.5,7,3246.61,161342,92754.0,108526.0,3250.0,3253.0,3239.8,3251.5,41649300,3576.6,2926.4,4322.95,2866.6,3247.5,36,1,3247.4,8,1,3247.3,23,3,3247.1,1,1,3247.0,46,6,3247.7,1,1,3247.8,24,6,3247.9,2,1,3248.0,2,2,3248.1,33,2
11536,2025-12-30 10:09:11+05:30,3247.5,1,3246.61,161373,92720.0,108597.0,3250.0,3253.0,3239.8,3251.5,41649300,3576.6,2926.4,4322.95,2866.6,3247.5,5,1,3247.4,8,1,3247.3,15,2,3247.1,9,2,3247.0,35,4,3247.7,7,7,3247.8,23,5,3248.1,26,1,3248.2,1064,5,3248.3,29,2
11536,2025-12-30 10:09:12+05:30,3247.5,7,3246.61,161373,92720.0,108597.0,3250.0,3253.0,3239.8,3251.5,41649300,3576.6,2926.4,4322.95,2866.6,3247.5,5,1,3247.4,8,1,3247.3,15,2,3247.1,9,2,3247.0,35,4,3247.7,7,7,3247.8,23,5,3248.1,26,1,3248.2,1064,5,3248.3,29,2
11536,2025-12-30 10:09:12+05:30,3247.7,12,3246.61,161416,92733.0,108408.0,3250.0,3253.0,3239.8,3251.5,41649300,3576.6,2926.4,4322.95,2866.6,3247.5,8,1,3247.3,15,2,3247.2,10,1,3247.1,1,1,3247.0,46,6,3247.7,12,7,3247.8,2,2,3248.2,1064,5,3248.3,29,2,3248.4,80,4
11536,2025-12-30 10:09:13+05:30,3247.5,6,3246.61,161416,92733.0,108408.0,3250.0,3253.0,3239.8,3251.5,41649300,3576.6,2926.4,4322.95,2866.6,3247.5,8,1,3247.3,15,2,3247.2,10,1,3247.1,1,1,3247.0,46,6,3247.7,12,7,3247.8,2,2,3248.2,1064,5,3248.3,29,2,3248.4,80,4
11536,2025-12-30 10:09:13+05:30,3247.5,8,3246.61,161432,92699.0,108384.0,3250.0,3253.0,3239.8,3251.5,41649300,3576.6,2926.4,4322.95,2866.6,3247.5,8,1,3247.3,15,2,3247.2,10,1,3247.1,1,1,3247.0,38,5,3247.7,12,7,3247.8,1,1,3247.9,2,1,3248.2,1064,5,3248.3,29,2
11536,2025-12-30 10:09:14+05:30,3247.5,1,3246.61,161432,92699.0,108384.0,3250.0,3253.0,3239.8,3251.5,41649300,3576.6,2926.4,4322.95,2866.6,3247.5,8,1,3247.3,15,2,3247.2,10,1,3247.1,1,1,3247.0,38,5,3247.7,12,7,3247.8,1,1,3247.9,2,1,3248.2,1064,5,3248.3,29,2
11536,2025-12-30 10:09:14+05:30,3247.5,7,3246.61,161440,92686.0,108375.0,3250.0,3253.0,3239.8,3251.5,41649300,3576.6,2926.4,4322.95,2866.6,3247.3,15,2,3247.2,10,1,3247.1,1,1,3247.0,38,5,3246.9,15,2,3247.5,2,1,3247.7,12,8,3247.8,1,1,3247.9,2,1,3248.1,23,1
11536,2025-12-30 10:09:15+05:30,3247.5,1,3246.61,161440,92686.0,108375.0,3250.0,3253.0,3239.8,3251.5,41649300,3576.6,2926.4,4322.95,2866.6,3247.3,15,2,3247.2,10,1,3247.1,1,1,3247.0,38,5,3246.9,15,2,3247.5,2,1,3247.7,12,8,3247.8,1,1,3247.9,2,1,3248.1,23,1
11536,2025-12-30 10:09:15+05:30,3247.3,2,3246.61,161458,92724.0,108551.0,3250.0,3253.0,3239.8,3251.5,41649300,3576.6,2926.4,4322.95,2866.6,3247.3,13,2,3247.2,10,1,3247.1,8,2,3247.0,38,5,3246.8,23,2,3247.5,6,6,3247.7,4,4,3247.8,1,1,3247.9,2,1,3248.1,50,2
11536,2025-12-30 10:09:16+05:30,3247.5,1,3246.61,161458,92724.0,108551.0,3250.0,3253.0,3239.8,3251.5,41649300,3576.6,2926.4,4322.95,2866.6,3247.3,13,2,3247.2,10,1,3247.1,8,2,3247.0,38,5,3246.8,23,2,3247.5,6,6,3247.7,4,4,3247.8,1,1,3247.9,2,1,3248.1,50,2
11536,2025-12-30 10:09:16+05:30,3247.3,2,3246.61,161468,92743.0,108194.0,3250.0,3253.0,3239.8,3251.5,41649300,3576.6,2926.4,4322.95,2866.6,3247.3,15,2,3247.2,21,3,3247.1,1,1,3247.0,45,6,3246.8,16,1,3247.5,10,9,3247.7,1,1,3247.8,1,1,3247.9,2,1,3248.0,50,2
11536,2025-12-30 10:09:17+05:30,3247.5,1,3246.61,161468,92743.0,108194.0,3250.0,3253.0,3239.8,3251.5,41649300,3576.6,2926.4,4322.95,2866.6,3247.3,15,2,3247.2,21,3,3247.1,1,1,3247.0,45,6,3246.8,16,1,3247.5,10,9,3247.7,1,1,3247.8,1,1,3247.9,2,1,3248.0,50,2
11536,2025-12-30 10:09:17+05:30,3247.3,1,3246.61,161474,92724.0,108205.0,3250.0,3253.0,3239.8,3251.5,41649300,3576.6,2926.4,4322.95,2866.6,3247.3,15,2,3247.2,14,2,3247.1,1,1,3247.0,46,7,3246.8,23,2,3247.5,61,13,3247.9,2,1,3248.0,50,2,3248.2,899,4,3248.3,9,2
11536,2025-12-30 10:09:18+05:30,3247.3,1,3246.61,161474,92724.0,108205.0,3250.0,3253.0,3239.8,3251.5,41649300,3576.6,2926.4,4322.95,2866.6,3247.3,15,2,3247.2,14,2,3247.1,1,1,3247.0,46,7,3246.8,23,2,3247.5,61,13,3247.9,2,1,3248.0,50,2,3248.2,899,4,3248.3,9,2
11536,2025-12-30 10:09:18+05:30,3247.3,2,3246.61,161481,92710.0,108219.0,3250.0,3253.0,3239.8,3251.5,41649300,3576.6,2926.4,4322.95,2866.6,3247.3,12,3,3247.2,10,1,3247.1,1,1,3247.0,39,6,3246.9,7,1,3247.5,75,13,3247.9,2,1,3248.0,50,2,3248.2,899,4,3248.3,9,2
11536,2025-12-30 10:09:19+05:30,3247.3,1,3246.61,161481,92710.0,108219.0,3250.0,3253.0,3239.8,3251.5,41649300,3576.6,2926.4,4322.95,2866.6,3247.3,12,3,3247.2,10,1,3247.1,1,1,3247.0,39,6,3246.9,7,1,3247.5,75,13,3247.9,2,1,3248.0,50,2,3248.2,899,4,3248.3,9,2
11536,2025-12-30 10:09:19+05:30,3247.5,1,3246.61,161492,92789.0,108357.0,3250.0,3253.0,3239.8,3251.5,41649300,3576.6,2926.4,4322.95,2866.6,3247.3,69,4,3247.2,10,1,3247.1,8,2,3247.0,39,6,3246.8,23,2,3247.5,70,11,3247.9,2,1,3248.0,50,2,3248.2,899,4,3248.3,9,2
11536,2025-12-30 10:09:20+05:30,3247.5,1,3246.61,161492,92789.0,108357.0,3250.0,3253.0,3239.8,3251.5,41649300,3576.6,2926.4,4322.95,2866.6,3247.3,69,4,3247.2,10,1,3247.1,8,2,3247.0,39,6,3246.8,23,2,3247.5,70,11,3247.9,2,1,3248.0,50,2,3248.2,899,4,3248.3,9,2
11536,2025-12-30 10:09:20+05:30,3247.5,1,3246.61,161496,92806.0,108344.0,3250.0,3253.0,3239.8,3251.5,41649300,3576.6,2926.4,4322.95,2866.6,3247.4,2,1,3247.3,68,3,3247.2,10,1,3247.1,8,2,3247.0,39,6,3247.5,70,12,3247.9,2,1,3248.0,50,2,3248.2,899,4,3248.3,9,2
11536,2025-12-30 10:09:21+05:30,3247.5,20,3246.61,161496,92806.0,108344.0,3250.0,3253.0,3239.8,3251.5,41649300,3576.6,2926.4,4322.95,2866.6,3247.4,2,1,3247.3,68,3,3247.2,10,1,3247.1,8,2,3247.0,39,6,3247.5,70,12,3247.9,2,1,3248.0,50,2,3248.2,899,4,3248.3,9,2
11536,2025-12-30 10:09:21+05:30,3247.4,2,3246.61,161524,92827.0,108314.0,3250.0,3253.0,3239.8,3251.5,41649300,3576.6,2926.4,4322.95,2866.6,3247.4,4,1,3247.3,75,4,3247.2,10,1,3247.1,1,1,3247.0,50,8,3247.5,47,10,3247.9,2,1,3248.0,50,2,3248.2,873,3,3248.4,80,4
11536,2025-12-30 10:09:22+05:30,3247.4,1,3246.61,161524,92827.0,108314.0,3250.0,3253.0,3239.8,3251.5,41649300,3576.6,2926.4,4322.95,2866.6,3247.4,4,1,3247.3,75,4,3247.2,10,1,3247.1,1,1,3247.0,50,8,3247.5,47,10,3247.9,2,1,3248.0,50,2,3248.2,873,3,3248.4,80,4
11536,2025-12-30 10:09:23+05:30,3247.4,2,3246.61,161528,92838.0,108322.0,3250.0,3253.0,3239.8,3251.5,41649300,3576.6,2926.4,4322.95,2866.6,3247.4,4,1,3247.3,75,4,3247.2,10,1,3247.1,1,1,3247.0,50,8,3247.5,46,9,3247.9,2,1,3248.0,50,2,3248.2,873,3,3248.4,80,4
11536,2025-12-30 10:09:23+05:30,3247.4,2,3246.61,161528,92838.0,108322.0,3250.0,3253.0,3239.8,3251.5,41649300,3576.6,2926.4,4322.95,2866.6,3247.4,4,1,3247.3,75,4,3247.2,10,1,3247.1,1,1,3247.0,50,8,3247.5,46,9,3247.9,2,1,3248.0,50,2,3248.2,873,3,3248.4,80,4
11536,2025-12-30 10:09:24+05:30,3247.4,1,3246.61,161537,92807.0,108025.0,3250.0,3253.0,3239.8,3251.5,41649300,3576.6,2926.4,4322.95,2866.6,3247.4,3,1,3247.3,75,4,3247.2,10,1,3247.1,1,1,3247.0,50,8,3247.5,45,8,3247.9,2,1,3248.2,873,3,3248.4,87,4,3248.5,10,1
11536,2025-12-30 10:09:24+05:30,3247.4,1,3246.61,161537,92807.0,108025.0,3250.0,3253.0,3239.8,3251.5,41649300,3576.6,2926.4,4322.95,2866.6,3247.4,3,1,3247.3,75,4,3247.2,10,1,3247.1,1,1,3247.0,50,8,3247.5,45,8,3247.9,2,1,3248.2,873,3,3248.4,87,4,3248.5,10,1
11536,2025-12-30 10:09:25+05:30,3247.4,5,3246.61,161543,91396.0,108035.0,3250.0,3253.0,3239.8,3251.5,41649300,3576.6,2926.4,4322.95,2866.6,3247.4,4,1,3247.3,75,4,3247.2,10,1,3247.1,1,1,3247.0,46,7,3247.5,45,8,3247.9,2,1,3248.2,873,3,3248.4,87,4,3248.5,10,1
11536,2025-12-30 10:09:25+05:30,3247.5,6,3246.61,161543,91396.0,108035.0,3250.0,3253.0,3239.8,3251.5,41649300,3576.6,2926.4,4322.95,2866.6,3247.4,4,1,3247.3,75,4,3247.2,10,1,3247.1,1,1,3247.0,46,7,3247.5,45,8,3247.9,2,1,3248.2,873,3,3248.4,87,4,3248.5,10,1
11536,2025-12-30 10:09:25+05:30,3247.4,1,3246.61,161559,92895.0,108042.0,3250.0,3253.0,3239.8,3251.5,41649300,3576.6,2926.4,4322.95,2866.6,3247.4,100,4,3247.3,68,3,3247.2,17,2,3247.1,1,1,3247.0,46,7,3247.5,33,9,3247.9,2,1,3248.2,901,4,3248.3,24,1,3248.4,63,3
11536,2025-12-30 10:09:26+05:30,3247.5,1,3246.61,161559,92895.0,108042.0,3250.0,3253.0,3239.8,3251.5,41649300,3576.6,2926.4,4322.95,2866.6,3247.4,100,4,3247.3,68,3,3247.2,17,2,3247.1,1,1,3247.0,46,7,3247.5,33,9,3247.9,2,1,3248.2,901,4,3248.3,24,1,3248.4,63,3
11536,2025-12-30 10:09:26+05:30,3247.5,1,3246.61,161563,92907.0,108053.0,3250.0,3253.0,3239.8,3251.5,41649300,3576.6,2926.4,4322.95,2866.6,3247.4,101,4,3247.3,68,3,3247.2,17,2,3247.1,1,1,3247.0,46,7,3247.5,35,12,3247.9,2,1,3248.2,901,4,3248.3,24,1,3248.4,63,3
11536,2025-12-30 10:09:27+05:30,3247.4,1,3246.61,161563,92907.0,108053.0,3250.0,3253.0,3239.8,3251.5,41649300,3576.6,2926.4,4322.95,2866.6,3247.4,101,4,3247.3,68,3,3247.2,17,2,3247.1,1,1,3247.0,46,7,3247.5,35,12,3247.9,2,1,3248.2,901,4,3248.3,24,1,3248.4,63,3
11536,2025-12-30 10:09:27+05:30,3247.4,1,3246.61,161568,92910.0,108053.0,3250.0,3253.0,3239.8,3251.5,41649300,3576.6,2926.4,4322.95,2866.6,3247.4,95,4,3247.3,68,3,3247.2,16,2,3247.1,1,1,3247.0,70,8,3247.5,35,12,3247.9,2,1,3248.2,901,4,3248.3,24,1,3248.4,63,3
11536,2025-12-30 10:09:28+05:30,3247.4,1,3246.61,161568,92910.0,108053.0,3250.0,3253.0,3239.8,3251.5,41649300,3576.6,2926.4,4322.95,2866.6,3247.4,95,4,3247.3,68,3,3247.2,16,2,3247.1,1,1,3247.0,70,8,3247.5,35,12,3247.9,2,1,3248.2,901,4,3248.3,24,1,3248.4,63,3
11536,2025-12-30 10:09:31+05:30,3247.5,2,3246.61,161568,92910.0,108053.0,3250.0,3253.0,3239.8,3251.5,41649300,3576.6,2926.4,4322.95,2866.6,3247.4,95,4,3247.3,68,3,3247.2,16,2,3247.1,1,1,3247.0,70,8,3247.5,35,12,3247.9,2,1,3248.2,901,4,3248.3,24,1,3248.4,63,3
11536,2025-12-30 10:09:32+05:30,3247.5,1,3246.61,161615,92828.0,107882.0,3250.0,3253.0,3239.8,3251.5,41649300,3576.6,2926.4,4322.95,2866.6,3247.4,79,5,3247.3,68,3,3247.2,16,2,3247.1,1,1,3247.0,70,8,3247.5,3,3,3247.9,2,1,3248.2,852,2,3248.3,24,1,3248.4,63,3
11536,2025-12-30 10:09:34+05:30,3247.5,1,3246.61,161615,92828.0,107882.0,3250.0,3253.0,3239.8,3251.5,41649300,3576.6,2926.4,4322.95,2866.6,3247.4,79,5,3247.3,68,3,3247.2,16,2,3247.1,1,1,3247.0,70,8,3247.5,3,3,3247.9,2,1,3248.2,852,2,3248.3,24,1,3248.4,63,3
11536,2025-12-30 10:09:37+05:30,3247.4,1,3246.61,161615,92828.0,107882.0,3250.0,3253.0,3239.8,3251.5,41649300,3576.6,2926.4,4322.95,2866.6,3247.4,79,5,3247.3,68,3,3247.2,16,2,3247.1,1,1,3247.0,70,8,3247.5,3,3,3247.9,2,1,3248.2,852,2,3248.3,24,1,3248.4,63,3
11536,2025-12-30 10:09:38+05:30,3247.4,1,3246.61,161637,94667.0,108163.0,3250.0,3253.0,3239.8,3251.5,41649300,3576.6,2926.4,4322.95,2866.6,3247.4,54,3,3247.3,68,3,3247.2,16,2,3247.1,1,1,3247.0,45,7,3247.5,105,5,3247.9,2,1,3248.1,25,1,3248.2,908,4,3248.4,63,3
11536,2025-12-30 10:09:39+05:30,3247.4,1,3246.61,161637,94667.0,108163.0,3250.0,3253.0,3239.8,3251.5,41649300,3576.6,2926.4,4322.95,2866.6,3247.4,54,3,3247.3,68,3,3247.2,16,2,3247.1,1,1,3247.0,45,7,3247.5,105,5,3247.9,2,1,3248.1,25,1,3248.2,908,4,3248.4,63,3
11536,2025-12-30 10:09:43+05:30,3248.0,9,3246.61,161637,94667.0,108163.0,3250.0,3253.0,3239.8,3251.5,41649300,3576.6,2926.4,4322.95,2866.6,3247.4,54,3,3247.3,68,3,3247.2,16,2,3247.1,1,1,3247.0,45,7,3247.5,105,5,3247.9,2,1,3248.1,25,1,3248.2,908,4,3248.4,63,3
11536,2025-12-30 10:09:43+05:30,3248.0,1,3246.61,162109,97942.0,104401.0,3250.0,3253.0,3239.8,3251.5,41649300,3576.6,2926.4,4322.95,2866.6,3248.0,68,7,3247.9,42,5,3247.8,83,8,3247.7,90,5,3247.6,62,6,3248.1,7,3,3248.2,651,3,3248.5,10,1,3248.7,1,1,3249.0,21,1
11536,2025-12-30 10:09:46+05:30,3248.0,15,3246.61,162109,97942.0,104401.0,3250.0,3253.0,3239.8,3251.5,41649300,3576.6,2926.4,4322.95,2866.6,3248.0,68,7,3247.9,42,5,3247.8,83,8,3247.7,90,5,3247.6,62,6,3248.1,7,3,3248.2,651,3,3248.5,10,1,3248.7,1,1,3249.0,21,1
11536,2025-12-30 10:09:49+05:30,3248.0,4,3246.61,162366,96768.0,105318.0,3250.0,3253.0,3239.8,3251.5,41649300,3576.6,2926.4,4322.95,2866.6,3248.0,51,3,3247.9,3,1,3247.8,10,2,3247.7,12,2,3247.6,47,4,3248.1,6,5,3248.2,645,2,3248.5,10,1,3248.7,1,1,3248.9,1,1
11536,2025-12-30 10:09:49+05:30,3248.0,4,3246.61,162366,96768.0,105318.0,3250.0,3253.0,3239.8,3251.5,41649300,3576.6,2926.4,4322.95,2866.6,3248.0,51,3,3247.9,3,1,3247.8,10,2,3247.7,12,2,3247.6,47,4,3248.1,6,5,3248.2,645,2,3248.5,10,1,3248.7,1,1,3248.9,1,1
11536,2025-12-30 10:09:52+05:30,3248.0,2,3246.61,162366,96768.0,105318.0,3250.0,3253.0,3239.8,3251.5,41649300,3576.6,2926.4,4322.95,2866.6,3248.0,51,3,3247.9,3,1,3247.8,10,2,3247.7,12,2,3247.6,47,4,3248.1,6,5,3248.2,645,2,3248.5,10,1,3248.7,1,1,3248.9,1,1
11536,2025-12-30 10:09:54+05:30,3248.0,3,3246.62,162495,96252.0,105738.0,3250.0,3253.0,3239.8,3251.5,41649300,3576.6,2926.4,4322.95,2866.6,3248.0,19,3,3247.9,13,2,3247.8,3,1,3247.7,7,1,3247.5,2,2,3248.1,31,6,3248.2,645,2,3248.4,7,1,3248.5,61,3,3248.6,40,2
11536,2025-12-30 10:09:55+05:30,3248.0,4,3246.62,162495,96252.0,105738.0,3250.0,3253.0,3239.8,3251.5,41649300,3576.6,2926.4,4322.95,2866.6,3248.0,19,3,3247.9,13,2,3247.8,3,1,3247.7,7,1,3247.5,2,2,3248.1,31,6,3248.2,645,2,3248.4,7,1,3248.5,61,3,3248.6,40,2
11536,2025-12-30 10:09:57+05:30,3248.0,1,3246.62,162495,96252.0,105738.0,3250.0,3253.0,3239.8,3251.5,41649300,3576.6,2926.4,4322.95,2866.6,3248.0,19,3,3247.9,13,2,3247.8,3,1,3247.7,7,1,3247.5,2,2,3248.1,31,6,3248.2,645,2,3248.4,7,1,3248.5,61,3,3248.6,40,2
11536,2025-12-30 10:10:00+05:30,3248.0,3,3246.62,162588,95684.0,107268.0,3250.0,3253.0,3239.8,3251.5,41649300,3576.6,2926.4,4322.95,2866.6,3248.0,2,1,3247.9,34,3,3247.8,3,1,3247.7,7,1,3247.5,2,2,3248.1,43,6,3248.2,652,3,3248.3,43,2,3248.4,62,4,3248.5,55,3
11536,2025-12-30 10:10:00+05:30,3248.0,3,3246.62,162588,95684.0,107268.0,3250.0,3253.0,3239.8,3251.5,41649300,3576.6,2926.4,4322.95,2866.6,3248.0,2,1,3247.9,34,3,3247.8,3,1,3247.7,7,1,3247.5,2,2,3248.1,43,6,3248.2,652,3,3248.3,43,2,3248.4,62,4,3248.5,55,3
11536,2025-12-30 10:10:04+05:30,3247.7,20,3246.62,162588,95684.0,107268.0,3250.0,3253.0,3239.8,3251.5,41649300,3576.6,2926.4,4322.95,2866.6,3248.0,2,1,3247.9,34,3,3247.8,3,1,3247.7,7,1,3247.5,2,2,3248.1,43,6,3248.2,652,3,3248.3,43,2,3248.4,62,4,3248.5,55,3
11536,2025-12-30 10:10:05+05:30,3247.7,36,3246.62,162929,95244.0,108042.0,3250.0,3253.0,3239.8,3251.5,41649300,3576.6,2926.4,4322.95,2866.6,3247.6,10,1,3247.5,2,2,3247.3,15,2,3247.1,1,1,3247.0,39,6,3247.7,7,1,3247.9,13,6,3248.1,60,4,3248.2,703,5,3248.3,34,1
11536,2025-12-30 10:10:07+05:30,3247.6,24,3246.62,162929,95244.0,108042.0,3250.0,3253.0,3239.8,3251.5,41649300,3576.6,2926.4,4322.95,2866.6,3247.6,10,1,3247.5,2,2,3247.3,15,2,3247.1,1,1,3247.0,39,6,3247.7,7,1,3247.9,13,6,3248.1,60,4,3248.2,703,5,3248.3,34,1
11536,2025-12-30 10:10:09+05:30,3247.4,15,3246.62,162929,95244.0,108042.0,3250.0,3253.0,3239.8,3251.5,41649300,3576.6,2926.4,4322.95,2866.6,3247.6,10,1,3247.5,2,2,3247.3,15,2,3247.1,1,1,3247.0,39,6,3247.7,7,1,3247.9,13,6,3248.1,60,4,3248.2,703,5,3248.3,34,1
11536,2025-12-30 10:10:10+05:30,3247.7,3,3246.62,163133,95301.0,107614.0,3250.0,3253.0,3239.8,3251.5,41649300,3576.6,2926.4,4322.95,2866.6,3247.6,5,1,3247.3,15,2,3247.2,11,1,3247.1,1,1,3247.0,39,6,3248.1,58,5,3248.2,695,4,3248.3,49,2,3248.4,30,3,3248.5,56,4
11536,2025-12-30 10:10:13+05:30,3247.5,21,3246.62,163133,95301.0,107614.0,3250.0,3253.0,3239.8,3251.5,41649300,3576.6,2926.4,4322.95,2866.6,3247.6,5,1,3247.3,15,2,3247.2,11,1,3247.1,1,1,3247.0,39,6,3248.1,58,5,3248.2,695,4,3248.3,49,2,3248.4,30,3,3248.5,56,4
11536,2025-12-30 10:10:16+05:30,3247.8,1,3246.62,163274,93358.0,108093.0,3250.0,3253.0,3239.8,3251.5,41649300,3576.6,2926.4,4322.95,2866.6,3247.4,1,1,3247.3,5,2,3247.2,11,1,3247.1,1,1,3247.0,39,6,3247.9,50,4,3248.0,79,6,3248.1,61,3,3248.2,702,6,3248.4,56,5
11536,2025-12-30 10:10:16+05:30,3247.9,5,3246.62,163274,93358.0,108093.0,3250.0,3253.0,3239.8,3251.5,41649300,3576.6,2926.4,4322.95,2866.6,3247.4,1,1,3247.3,5,2,3247.2,11,1,3247.1,1,1,3247.0,39,6,3247.9,50,4,3248.0,79,6,3248.1,61,3,3248.2,702,6,3248.4,56,5
11536,2025-12-30 10:10:18+05:30,3247.4,9,3246.62,163274,93358.0,108093.0,3250.0,3253.0,3239.8,3251.5,41649300,3576.6,2926.4,4322.95,2866.6,3247.4,1,1,3247.3,5,2,3247.2,11,1,3247.1,1,1,3247.0,39,6,3247.9,50,4,3248.0,79,6,3248.1,61,3,3248.2,702,6,3248.4,56,5
11536,2025-12-30 10:10:21+05:30,3247.4,2,3246.62,163338,92278.0,108021.0,3250.0,3253.0,3239.8,3251.5,41649300,3576.6,2926.4,4322.95,2866.6,3247.4,49,1,3247.3,5,2,3247.2,14,2,3247.1,1,1,3247.0,29,5,3247.7,69,5,3247.8,5,5,3247.9,37,3,3248.0,58,4,3248.1,61,3
11536,2025-12-30 10:10:22+05:30,3247.4,3,3246.62,163338,92278.0,108021.0,3250.0,3253.0,3239.8,3251.5,41649300,3576.6,2926.4,4322.95,2866.6,3247.4,49,1,3247.3,5,2,3247.2,14,2,3247.1,1,1,3247.0,29,5,3247.7,69,5,3247.8,5,5,3247.9,37,3,3248.0,58,4,3248.1,61,3
11536,2025-12-30 10:10:25+05:30,3247.7,1,3246.62,163338,92278.0,108021.0,3250.0,3253.0,3239.8,3251.5,41649300,3576.6,2926.4,4322.95,2866.6,3247.4,49,1,3247.3,5,2,3247.2,14,2,3247.1,1,1,3247.0,29,5,3247.7,69,5,3247.8,5,5,3247.9,37,3,3248.0,58,4,3248.1,61,3
11536,2025-12-30 10:10:27+05:30,3247.5,2,3246.62,163364,92409.0,108280.0,3250.0,3253.0,3239.8,3251.5,41649300,3576.6,2926.4,4322.95,2866.6,3247.5,3,1,3247.4,79,2,3247.3,5,2,3247.2,11,1,3247.1,1,1,3247.7,160,12,3247.8,5,2,3247.9,10,1,3248.0,47,4,3248.1,46,3
11536,2025-12-30 10:10:27+05:30,3247.7,1,3246.62,163364,92409.0,108280.0,3250.0,3253.0,3239.8,3251.5,41649300,3576.6,2926.4,4322.95,2866.6,3247.5,3,1,3247.4,79,2,3247.3,5,2,3247.2,11,1,3247.1,1,1,3247.7,160,12,3247.8,5,2,3247.9,10,1,3248.0,47,4,3248.1,46,3
11536,2025-12-30 10:10:27+05:30,3247.7,1,3246.62,163364,92409.0,108280.0,3250.0,3253.0,3239.8,3251.5,41649300,3576.6,2926.4,4322.95,2866.6,3247.5,3,1,3247.4,79,2,3247.3,5,2,3247.2,11,1,3247.1,1,1,3247.7,160,12,3247.8,5,2,3247.9,10,1,3248.0,47,4,3248.1,46,3
11536,2025-12-30 10:10:28+05:30,3247.7,1,3246.62,163364,92409.0,108280.0,3250.0,3253.0,3239.8,3251.5,41649300,3576.6,2926.4,4322.95,2866.6,3247.5,3,1,3247.4,79,2,3247.3,5,2,3247.2,11,1,3247.1,1,1,3247.7,160,12,3247.8,5,2,3247.9,10,1,3248.0,47,4,3248.1,46,3
11536,2025-12-30 10:10:29+05:30,3247.7,1,3246.62,163364,92409.0,108280.0,3250.0,3253.0,3239.8,3251.5,41649300,3576.6,2926.4,4322.95,2866.6,3247.5,3,1,3247.4,79,2,3247.3,5,2,3247.2,11,1,3247.1,1,1,3247.7,160,12,3247.8,5,2,3247.9,10,1,3248.0,47,4,3248.1,46,3
11536,2025-12-30 10:10:30+05:30,3247.7,1,3246.62,163364,92409.0,108280.0,3250.0,3253.0,3239.8,3251.5,41649300,3576.6,2926.4,4322.95,2866.6,3247.5,3,1,3247.4,79,2,3247.3,5,2,3247.2,11,1,3247.1,1,1,3247.7,160,12,3247.8,5,2,3247.9,10,1,3248.0,47,4,3248.1,46,3
11536,2025-12-30 10:10:31+05:30,3247.7,1,3246.62,163364,92409.0,108280.0,3250.0,3253.0,3239.8,3251.5,41649300,3576.6,2926.4,4322.95,2866.6,3247.5,3,1,3247.4,79,2,3247.3,5,2,3247.2,11,1,3247.1,1,1,3247.7,160,12,3247.8,5,2,3247.9,10,1,3248.0,47,4,3248.1,46,3
11536,2025-12-30 10:10:31+05:30,3247.6,2,3246.62,163364,92409.0,108280.0,3250.0,3253.0,3239.8,3251.5,41649300,3576.6,2926.4,4322.95,2866.6,3247.5,3,1,3247.4,79,2,3247.3,5,2,3247.2,11,1,3247.1,1,1,3247.7,160,12,3247.8,5,2,3247.9,10,1,3248.0,47,4,3248.1,46,3
11536,2025-12-30 10:10:32+05:30,3247.6,2,3246.62,163364,92409.0,108280.0,3250.0,3253.0,3239.8,3251.5,41649300,3576.6,2926.4,4322.95,2866.6,3247.5,3,1,3247.4,79,2,3247.3,5,2,3247.2,11,1,3247.1,1,1,3247.7,160,12,3247.8,5,2,3247.9,10,1,3248.0,47,4,3248.1,46,3
11536,2025-12-30 10:10:32+05:30,3247.4,1,3246.62,163395,92635.0,107911.0,3250.0,3253.0,3239.8,3251.5,41649300,3576.6,2926.4,4322.95,2866.6,3247.4,77,2,3247.3,5,2,3247.2,11,1,3247.1,1,1,3247.0,29,5,3247.7,154,10,3247.9,10,1,3248.0,21,3,3248.1,46,3,3248.2,716,6
11536,2025-12-30 10:10:33+05:30,3247.4,1,3246.62,163395,92635.0,107911.0,3250.0,3253.0,3239.8,3251.5,41649300,3576.6,2926.4,4322.95,2866.6,3247.4,77,2,3247.3,5,2,3247.2,11,1,3247.1,1,1,3247.0,29,5,3247.7,154,10,3247.9,10,1,3248.0,21,3,3248.1,46,3,3248.2,716,6
11536,2025-12-30 10:10:34+05:30,3247.4,1,3246.62,163395,92635.0,107911.0,3250.0,3253.0,3239.8,3251.5,41649300,3576.6,2926.4,4322.95,2866.6,3247.4,77,2,3247.3,5,2,3247.2,11,1,3247.1,1,1,3247.0,29,5,3247.7,154,10,3247.9,10,1,3248.0,21,3,3248.1,46,3,3248.2,716,6
11536,2025-12-30 10:10:34+05:30,3247.4,1,3246.62,163395,92635.0,107911.0,3250.0,3253.0,3239.8,3251.5,41649300,3576.6,2926.4,4322.95,2866.6,3247.4,77,2,3247.3,5,2,3247.2,11,1,3247.1,1,1,3247.0,29,5,3247.7,154,10,3247.9,10,1,3248.0,21,3,3248.1,46,3,3248.2,716,6
11536,2025-12-30 10:10:34+05:30,3247.4,1,3246.62,163395,92635.0,107911.0,3250.0,3253.0,3239.8,3251.5,41649300,3576.6,2926.4,4322.95,2866.6,3247.4,77,2,3247.3,5,2,3247.2,11,1,3247.1,1,1,3247.0,29,5,3247.7,154,10,3247.9,10,1,3248.0,21,3,3248.1,46,3,3248.2,716,6
11536,2025-12-30 10:10:35+05:30,3247.4,1,3246.62,163395,92635.0,107911.0,3250.0,3253.0,3239.8,3251.5,41649300,3576.6,2926.4,4322.95,2866.6,3247.4,77,2,3247.3,5,2,3247.2,11,1,3247.1,1,1,3247.0,29,5,3247.7,154,10,3247.9,10,1,3248.0,21,3,3248.1,46,3,3248.2,716,6
11536,2025-12-30 10:10:36+05:30,3247.4,1,3246.62,163395,92635.0,107911.0,3250.0,3253.0,3239.8,3251.5,41649300,3576.6,2926.4,4322.95,2866.6,3247.4,77,2,3247.3,5,2,3247.2,11,1,3247.1,1,1,3247.0,29,5,3247.7,154,10,3247.9,10,1,3248.0,21,3,3248.1,46,3,3248.2,716,6
11536,2025-12-30 10:10:37+05:30,3247.4,1,3246.62,163395,92635.0,107911.0,3250.0,3253.0,3239.8,3251.5,41649300,3576.6,2926.4,4322.95,2866.6,3247.4,77,2,3247.3,5,2,3247.2,11,1,3247.1,1,1,3247.0,29,5,3247.7,154,10,3247.9,10,1,3248.0,21,3,3248.1,46,3,3248.2,716,6
11536,2025-12-30 10:10:37+05:30,3247.4,1,3246.62,163405,92627.0,108091.0,3250.0,3253.0,3239.8,3251.5,41649300,3576.6,2926.4,4322.95,2866.6,3247.4,73,3,3247.3,5,2,3247.2,11,1,3247.1,1,1,3247.0,29,5,3247.7,152,10,3247.8,4,1,3247.9,37,3,3248.0,64,5,3248.1,31,2
11536,2025-12-30 10:10:38+05:30,3247.4,1,3246.62,163405,92627.0,108091.0,3250.0,3253.0,3239.8,3251.5,41649300,3576.6,2926.4,4322.95,2866.6,3247.4,73,3,3247.3,5,2,3247.2,11,1,3247.1,1,1,3247.0,29,5,3247.7,152,10,3247.8,4,1,3247.9,37,3,3248.0,64,5,3248.1,31,2
11536,2025-12-30 10:10:39+05:30,3247.5,1,3246.62,163405,92627.0,108091.0,3250.0,3253.0,3239.8,3251.5,41649300,3576.6,2926.4,4322.95,2866.6,3247.4,73,3,3247.3,5,2,3247.2,11,1,3247.1,1,1,3247.0,29,5,3247.7,152,10,3247.8,4,1,3247.9,37,3,3248.0,64,5,3248.1,31,2
11536,2025-12-30 10:10:39+05:30,3247.5,1,3246.62,163405,92627.0,108091.0,3250.0,3253.0,3239.8,3251.5,41649300,3576.6,2926.4,4322.95,2866.6,3247.4,73,3,3247.3,5,2,3247.2,11,1,3247.1,1,1,3247.0,29,5,3247.7,152,10,3247.8,4,1,3247.9,37,3,3248.0,64,5,3248.1,31,2
11536,2025-12-30 10:10:41+05:30,3247.5,1,3246.62,163405,92627.0,108091.0,3250.0,3253.0,3239.8,3251.5,41649300,3576.6,2926.4,4322.95,2866.6,3247.4,73,3,3247.3,5,2,3247.2,11,1,3247.1,1,1,3247.0,29,5,3247.7,152,10,3247.8,4,1,3247.9,37,3,3248.0,64,5,3248.1,31,2
11536,2025-12-30 10:10:43+05:30,3247.8,2,3246.62,163930,92573.0,108257.0,3250.0,3253.0,3239.8,3251.5,41649300,3576.6,2926.4,4322.95,2866.6,3247.6,3,1,3247.4,66,2,3247.3,5,2,3247.2,11,1,3247.1,1,1,3247.8,67,6,3247.9,78,5,3248.0,22,3,3248.1,40,2,3248.2,690,6
11536,2025-12-30 10:10:43+05:30,3247.8,2,3246.62,163930,92573.0,108257.0,3250.0,3253.0,3239.8,3251.5,41649300,3576.6,2926.4,4322.95,2866.6,3247.6,3,1,3247.4,66,2,3247.3,5,2,3247.2,11,1,3247.1,1,1,3247.8,67,6,3247.9,78,5,3248.0,22,3,3248.1,40,2,3248.2,690,6
11536,2025-12-30 10:10:43+05:30,3247.6,19,3246.62,163930,92573.0,108257.0,3250.0,3253.0,3239.8,3251.5,41649300,3576.6,2926.4,4322.95,2866.6,3247.6,3,1,3247.4,66,2,3247.3,5,2,3247.2,11,1,3247.1,1,1,3247.8,67,6,3247.9,78,5,3248.0,22,3,3248.1,40,2,3248.2,690,6
11536,2025-12-30 10:10:44+05:30,3247.6,19,3246.62,163930,92573.0,108257.0,3250.0,3253.0,3239.8,3251.5,41678175,3576.6,2926.4,4322.95,2866.6,3247.6,3,1,3247.4,66,2,3247.3,5,2,3247.2,11,1,3247.1,1,1,3247.8,67,6,3247.9,78,5,3248.0,22,3,3248.1,40,2,3248.2,690,6
11536,2025-12-30 10:10:46+05:30,3247.2,1,3246.62,163930,92573.0,108257.0,3250.0,3253.0,3239.8,3251.5,41678175,3576.6,2926.4,4322.95,2866.6,3247.6,3,1,3247.4,66,2,3247.3,5,2,3247.2,11,1,3247.1,1,1,3247.8,67,6,3247.9,78,5,3248.0,22,3,3248.1,40,2,3248.2,690,6
11536,2025-12-30 10:10:46+05:30,3247.2,1,3246.62,163930,92573.0,108257.0,3250.0,3253.0,3239.8,3251.5,41678175,3576.6,2926.4,4322.95,2866.6,3247.6,3,1,3247.4,66,2,3247.3,5,2,3247.2,11,1,3247.1,1,1,3247.8,67,6,3247.9,78,5,3248.0,22,3,3248.1,40,2,3248.2,690,6
11536,2025-12-30 10:10:48+05:30,3247.5,11,3246.63,164384,93742.0,108470.0,3250.0,3253.0,3239.8,3251.5,41678175,3576.6,2926.4,4322.95,2866.6,3247.0,3,1,3246.9,4,1,3246.8,1,1,3246.5,30,1,3246.4,16,1,3247.6,55,2,3247.7,14,1,3247.8,67,3,3247.9,78,5,3248.0,65,6
11536,2025-12-30 10:10:48+05:30,3247.5,11,3246.63,164384,93742.0,108470.0,3250.0,3253.0,3239.8,3251.5,41678175,3576.6,2926.4,4322.95,2866.6,3247.0,3,1,3246.9,4,1,3246.8,1,1,3246.5,30,1,3246.4,16,1,3247.6,55,2,3247.7,14,1,3247.8,67,3,3247.9,78,5,3248.0,65,6
11536,2025-12-30 10:10:51+05:30,3247.6,1,3246.63,164384,93742.0,108470.0,3250.0,3253.0,3239.8,3251.5,41678175,3576.6,2926.4,4322.95,2866.6,3247.0,3,1,3246.9,4,1,3246.8,1,1,3246.5,30,1,3246.4,16,1,3247.6,55,2,3247.7,14,1,3247.8,67,3,3247.9,78,5,3248.0,65,6
11536,2025-12-30 10:10:53+05:30,3246.9,3,3246.63,164528,94129.0,108513.0,3250.0,3253.0,3239.8,3251.5,41678175,3576.6,2926.4,4322.95,2866.6,3246.9,1,1,3246.8,1,1,3246.7,61,1,3246.5,56,2,3246.4,84,4,3247.6,6,3,3247.7,52,2,3247.8,52,2,3248.0,43,4,3248.1,207,4
11536,2025-12-30 10:10:55+05:30,3246.9,1,3246.63,164528,94129.0,108513.0,3250.0,3253.0,3239.8,3251.5,41678175,3576.6,2926.4,4322.95,2866.6,3246.9,1,1,3246.8,1,1,3246.7,61,1,3246.5,56,2,3246.4,84,4,3247.6,6,3,3247.7,52,2,3247.8,52,2,3248.0,43,4,3248.1,207,4
11536,2025-12-30 10:10:58+05:30,3247.9,9,3246.63,164600,94464.0,108129.0,3250.0,3253.0,3239.8,3251.5,41678175,3576.6,2926.4,4322.95,2866.6,3246.9,174,5,3246.8,1,1,3246.5,56,2,3246.4,80,6,3246.3,44,3,3247.8,63,5,3247.9,19,3,3248.0,26,4,3248.1,240,6,3248.2,709,7
11536,2025-12-30 10:10:58+05:30,3247.9,9,3246.63,164600,94464.0,108129.0,3250.0,3253.0,3239.8,3251.5,41678175,3576.6,2926.4,4322.95,2866.6,3246.9,174,5,3246.8,1,1,3246.5,56,2,3246.4,80,6,3246.3,44,3,3247.8,63,5,3247.9,19,3,3248.0,26,4,3248.1,240,6,3248.2,709,7
11536,2025-12-30 10:11:01+05:30,3247.6,2,3246.63,164600,94464.0,108129.0,3250.0,3253.0,3239.8,3251.5,41678175,3576.6,2926.4,4322.95,2866.6,3246.9,174,5,3246.8,1,1,3246.5,56,2,3246.4,80,6,3246.3,44,3,3247.8,63,5,3247.9,19,3,3248.0,26,4,3248.1,240,6,3248.2,709,7
11536,2025-12-30 10:11:03+05:30,3247.6,16,3246.63,164723,95040.0,108488.0,3250.0,3253.0,3239.8,3251.5,41678175,3576.6,2926.4,4322.95,2866.6,3246.9,108,4,3246.8,14,2,3246.6,61,1,3246.5,869,4,3246.4,82,7,3247.3,5,4,3247.4,1,1,3247.6,12,6,3247.7,50,3,3247.8,92,2
11536,2025-12-30 10:11:04+05:30,3246.9,5,3246.63,164723,95040.0,108488.0,3250.0,3253.0,3239.8,3251.5,41678175,3576.6,2926.4,4322.95,2866.6,3246.9,108,4,3246.8,14,2,3246.6,61,1,3246.5,869,4,3246.4,82,7,3247.3,5,4,3247.4,1,1,3247.6,12,6,3247.7,50,3,3247.8,92,2
11536,2025-12-30 10:11:07+05:30,3246.9,3,3246.63,164723,95040.0,108488.0,3250.0,3253.0,3239.8,3251.5,41678175,3576.6,2926.4,4322.95,2866.6,3246.9,108,4,3246.8,14,2,3246.6,61,1,3246.5,869,4,3246.4,82,7,3247.3,5,4,3247.4,1,1,3247.6,12,6,3247.7,50,3,3247.8,92,2
11536,2025-12-30 10:11:09+05:30,3246.9,4,3246.63,164758,94736.0,108987.0,3250.0,3253.0,3239.8,3251.5,41678175,3576.6,2926.4,4322.95,2866.6,3246.9,83,4,3246.8,18,3,3246.6,8,1,3246.5,874,5,3246.4,64,6,3247.0,9,9,3247.6,29,1,3247.7,20,1,3247.8,92,2,3247.9,39,3
11536,2025-12-30 10:11:09+05:30,3247.0,14,3246.63,164758,94736.0,108987.0,3250.0,3253.0,3239.8,3251.5,41678175,3576.6,2926.4,4322.95,2866.6,3246.9,83,4,3246.8,18,3,3246.6,8,1,3246.5,874,5,3246.4,64,6,3247.0,9,9,3247.6,29,1,3247.7,20,1,3247.8,92,2,3247.9,39,3
11536,2025-12-30 10:11:13+05:30,3247.0,1,3246.63,164758,94736.0,108987.0,3250.0,3253.0,3239.8,3251.5,41678175,3576.6,2926.4,4322.95,2866.6,3246.9,83,4,3246.8,18,3,3246.6,8,1,3246.5,874,5,3246.4,64,6,3247.0,9,9,3247.6,29,1,3247.7,20,1,3247.8,92,2,3247.9,39,3
11536,2025-12-30 10:11:14+05:30,3247.0,1,3246.63,165391,95911.0,106390.0,3250.0,3253.0,3239.8,3251.5,41678175,3576.6,2926.4,4322.95,2866.6,3247.1,49,5,3247.0,19,3,3246.9,109,7,3246.8,79,6,3246.7,35,3,3247.6,10,1,3247.7,25,7,3248.0,14,2,3248.1,14,1,3248.2,645,2
11536,2025-12-30 10:11:15+05:30,3247.6,2,3246.63,165391,95911.0,106390.0,3250.0,3253.0,3239.8,3251.5,41678175,3576.6,2926.4,4322.95,2866.6,3247.1,49,5,3247.0,19,3,3246.9,109,7,3246.8,79,6,3246.7,35,3,3247.6,10,1,3247.7,25,7,3248.0,14,2,3248.1,14,1,3248.2,645,2
11536,2025-12-30 10:11:18+05:30,3247.2,7,3246.63,165391,95911.0,106390.0,3250.0,3253.0,3239.8,3251.5,41678175,3576.6,2926.4,4322.95,2866.6,3247.1,49,5,3247.0,19,3,3246.9,109,7,3246.8,79,6,3246.7,35,3,3247.6,10,1,3247.7,25,7,3248.0,14,2,3248.1,14,1,3248.2,645,2
11536,2025-12-30 10:11:19+05:30,3247.6,1,3246.63,165701,96646.0,105565.0,3250.0,3253.0,3239.8,3251.5,41678175,3576.6,2926.4,4322.95,2866.6,3247.2,56,5,3247.1,162,8,3247.0,65,4,3246.9,81,4,3246.8,79,6,3247.6,9,7,3247.7,18,1,3248.0,14,2,3248.1,14,1,3248.2,645,2
11536,2025-12-30 10:11:21+05:30,3247.3,2,3246.63,165701,96646.0,105565.0,3250.0,3253.0,3239.8,3251.5,41678175,3576.6,2926.4,4322.95,2866.6,3247.2,56,5,3247.1,162,8,3247.0,65,4,3246.9,81,4,3246.8,79,6,3247.6,9,7,3247.7,18,1,3248.0,14,2,3248.1,14,1,3248.2,645,2
11536,2025-12-30 10:11:25+05:30,3248.2,2,3246.63,166058,96631.0,104849.0,3250.0,3253.0,3239.8,3251.5,41678175,3576.6,2926.4,4322.95,2866.6,3247.6,7,2,3247.5,7,1,3247.3,33,2,3247.2,90,1,3247.1,63,1,3248.2,596,5,3248.3,50,2,3248.4,61,4,3248.5,27,1,3248.6,24,2
11536,2025-12-30 10:11:25+05:30,3248.2,2,3246.63,166058,96631.0,104849.0,3250.0,3253.0,3239.8,3251.5,41678175,3576.6,2926.4,4322.95,2866.6,3247.6,7,2,3247.5,7,1,3247.3,33,2,3247.2,90,1,3247.1,63,1,3248.2,596,5,3248.3,50,2,3248.4,61,4,3248.5,27,1,3248.6,24,2
11536,2025-12-30 10:11:27+05:30,3247.6,1,3246.63,166058,96631.0,104849.0,3250.0,3253.0,3239.8,3251.5,41678175,3576.6,2926.4,4322.95,2866.6,3247.6,7,2,3247.5,7,1,3247.3,33,2,3247.2,90,1,3247.1,63,1,3248.2,596,5,3248.3,50,2,3248.4,61,4,3248.5,27,1,3248.6,24,2
11536,2025-12-30 10:11:30+05:30,3247.6,4,3246.63,166058,96631.0,104849.0,3250.0,3253.0,3239.8,3251.5,41678175,3576.6,2926.4,4322.95,2866.6,3247.6,7,2,3247.5,7,1,3247.3,33,2,3247.2,90,1,3247.1,63,1,3248.2,596,5,3248.3,50,2,3248.4,61,4,3248.5,27,1,3248.6,24,2
11536,2025-12-30 10:11:30+05:30,3247.6,4,3246.63,166211,97083.0,104122.0,3250.0,3253.0,3239.8,3251.5,41678175,3576.6,2926.4,4322.95,2866.6,3247.6,50,2,3247.2,18,2,3247.1,63,1,3247.0,91,4,3246.9,179,5,3248.2,608,5,3248.3,28,1,3248.4,33,1,3248.5,26,1,3248.6,21,2
11536,2025-12-30 10:11:34+05:30,3247.6,4,3246.63,166211,97083.0,104122.0,3250.0,3253.0,3239.8,3251.5,41678175,3576.6,2926.4,4322.95,2866.6,3247.6,50,2,3247.2,18,2,3247.1,63,1,3247.0,91,4,3246.9,179,5,3248.2,608,5,3248.3,28,1,3248.4,33,1,3248.5,26,1,3248.6,21,2
11536,2025-12-30 10:11:35+05:30,3247.6,10,3246.63,166344,97737.0,104227.0,3250.0,3253.0,3239.8,3251.5,41678175,3576.6,2926.4,4322.95,2866.6,3247.6,57,2,3247.2,17,2,3247.1,79,2,3247.0,108,4,3246.9,179,5,3248.2,605,6,3248.3,1,1,3248.5,26,1,3248.6,43,2,3248.7,63,4
11536,2025-12-30 10:11:37+05:30,3247.6,1,3246.63,166344,97737.0,104227.0,3250.0,3253.0,3239.8,3251.5,41678175,3576.6,2926.4,4322.95,2866.6,3247.6,57,2,3247.2,17,2,3247.1,79,2,3247.0,108,4,3246.9,179,5,3248.2,605,6,3248.3,1,1,3248.5,26,1,3248.6,43,2,3248.7,63,4
11536,2025-12-30 10:11:39+05:30,3247.6,1,3246.63,166344,97737.0,104227.0,3250.0,3253.0,3239.8,3251.5,41678175,3576.6,2926.4,4322.95,2866.6,3247.6,57,2,3247.2,17,2,3247.1,79,2,3247.0,108,4,3246.9,179,5,3248.2,605,6,3248.3,1,1,3248.5,26,1,3248.6,43,2,3248.7,63,4
11536,2025-12-30 10:11:40+05:30,3247.6,16,3246.64,166556,97631.0,103886.0,3250.0,3253.0,3239.8,3251.5,41678175,3576.6,2926.4,4322.95,2866.6,3247.6,15,3,3247.4,6,1,3247.2,9,1,3247.1,79,2,3247.0,56,4,3248.2,510,11,3248.4,28,1,3248.5,33,1,3248.6,66,3,3248.7,23,2
11536,2025-12-30 10:11:43+05:30,3247.9,2,3246.64,166556,97631.0,103886.0,3250.0,3253.0,3239.8,3251.5,41678175,3576.6,2926.4,4322.95,2866.6,3247.6,15,3,3247.4,6,1,3247.2,9,1,3247.1,79,2,3247.0,56,4,3248.2,510,11,3248.4,28,1,3248.5,33,1,3248.6,66,3,3248.7,23,2
11536,2025-12-30 10:11:45+05:30,3248.1,1,3246.64,166621,97301.0,104559.0,3250.0,3253.0,3239.8,3251.5,41678175,3576.6,2926.4,4322.95,2866.6,3247.9,1,1,3247.7,1,1,3247.6,29,5,3247.5,6,1,3247.4,15,2,3248.0,1,1,3248.2,515,9,3248.4,2,2,3248.6,20,1,3248.7,35,1
11536,2025-12-30 10:11:46+05:30,3247.9,1,3246.64,166621,97301.0,104559.0,3250.0,3253.0,3239.8,3251.5,41678175,3576.6,2926.4,4322.95,2866.6,3247.9,1,1,3247.7,1,1,3247.6,29,5,3247.5,6,1,3247.4,15,2,3248.0,1,1,3248.2,515,9,3248.4,2,2,3248.6,20,1,3248.7,35,1
11536,2025-12-30 10:11:48+05:30,3247.6,1,3246.64,166621,97301.0,104559.0,3250.0,3253.0,3239.8,3251.5,41678175,3576.6,2926.4,4322.95,2866.6,3247.9,1,1,3247.7,1,1,3247.6,29,5,3247.5,6,1,3247.4,15,2,3248.0,1,1,3248.2,515,9,3248.4,2,2,3248.6,20,1,3248.7,35,1
11536,2025-12-30 10:11:50+05:30,3248.2,39,3246.64,166760,98157.0,104408.0,3250.0,3253.0,3239.8,3251.5,41678175,3576.6,2926.4,4322.95,2866.6,3247.6,14,3,3247.4,6,1,3247.3,5,1,3247.2,9,1,3247.0,101,6,3248.2,447,5,3248.4,2,2,3248.5,53,2,3248.6,29,1,3248.7,22,1
11536,2025-12-30 10:11:52+05:30,3248.2,1,3246.64,166760,98157.0,104408.0,3250.0,3253.0,3239.8,3251.5,41678175,3576.6,2926.4,4322.95,2866.6,3247.6,14,3,3247.4,6,1,3247.3,5,1,3247.2,9,1,3247.0,101,6,3248.2,447,5,3248.4,2,2,3248.5,53,2,3248.6,29,1,3248.7,22,1
11536,2025-12-30 10:11:54+05:30,3247.6,1,3246.64,166760,98157.0,104408.0,3250.0,3253.0,3239.8,3251.5,41678175,3576.6,2926.4,4322.95,2866.6,3247.6,14,3,3247.4,6,1,3247.3,5,1,3247.2,9,1,3247.0,101,6,3248.2,447,5,3248.4,2,2,3248.5,53,2,3248.6,29,1,3248.7,22,1
11536,2025-12-30 10:11:55+05:30,3247.7,6,3246.64,166847,98642.0,104071.0,3250.0,3253.0,3239.8,3251.5,41678175,3576.6,2926.4,4322.95,2866.6,3247.7,9,1,3247.6,59,3,3247.5,8,1,3247.4,6,1,3247.3,31,2,3248.2,442,10,3248.4,2,2,3248.5,22,2,3248.6,64,2,3248.7,22,1
11536,2025-12-30 10:11:57+05:30,3248.2,71,3246.64,166847,98642.0,104071.0,3250.0,3253.0,3239.8,3251.5,41678175,3576.6,2926.4,4322.95,2866.6,3247.7,9,1,3247.6,59,3,3247.5,8,1,3247.4,6,1,3247.3,31,2,3248.2,442,10,3248.4,2,2,3248.5,22,2,3248.6,64,2,3248.7,22,1
11536,2025-12-30 10:12:00+05:30,3248.1,12,3246.64,166987,98920.0,102942.0,3250.0,3253.0,3239.8,3251.5,41678175,3576.6,2926.4,4322.95,2866.6,3248.1,6,1,3247.8,8,1,3247.7,50,2,3247.6,67,4,3247.5,55,2,3248.2,368,9,3248.4,2,2,3248.5,4,1,3248.8,5,1,3248.9,60,2
11536,2025-12-30 10:12:01+05:30,3248.2,1,3246.64,166987,98920.0,102942.0,3250.0,3253.0,3239.8,3251.5,41678175,3576.6,2926.4,4322.95,2866.6,3248.1,6,1,3247.8,8,1,3247.7,50,2,3247.6,67,4,3247.5,55,2,3248.2,368,9,3248.4,2,2,3248.5,4,1,3248.8,5,1,3248.9,60,2
11536,2025-12-30 10:12:04+05:30,3248.1,2,3246.64,166987,98920.0,102942.0,3250.0,3253.0,3239.8,3251.5,41678175,3576.6,2926.4,4322.95,2866.6,3248.1,6,1,3247.8,8,1,3247.7,50,2,3247.6,67,4,3247.5,55,2,3248.2,368,9,3248.4,2,2,3248.5,4,1,3248.8,5,1,3248.9,60,2
11536,2025-12-30 10:12:06+05:30,3248.1,3,3246.64,167042,99885.0,103582.0,3250.0,3253.0,3239.8,3251.5,41678175,3576.6,2926.4,4322.95,2866.6,3248.1,61,3,3248.0,6,1,3247.7,45,1,3247.6,66,4,3247.4,14,2,3248.2,398,10,3248.4,2,2,3248.5,4,1,3248.7,63,2,3248.8,5,1
11536,2025-12-30 10:12:07+05:30,3248.1,1,3246.64,167042,99885.0,103582.0,3250.0,3253.0,3239.8,3251.5,41678175,3576.6,2926.4,4322.95,2866.6,3248.1,61,3,3248.0,6,1,3247.7,45,1,3247.6,66,4,3247.4,14,2,3248.2,398,10,3248.4,2,2,3248.5,4,1,3248.7,63,2,3248.8,5,1
11536,2025-12-30 10:12:09+05:30,3248.1,1,3246.64,167042,99885.0,103582.0,3250.0,3253.0,3239.8,3251.5,41678175,3576.6,2926.4,4322.95,2866.6,3248.1,61,3,3248.0,6,1,3247.7,45,1,3247.6,66,4,3247.4,14,2,3248.2,398,10,3248.4,2,2,3248.5,4,1,3248.7,63,2,3248.8,5,1
11536,2025-12-30 10:12:11+05:30,3248.1,2,3246.64,167136,99978.0,103573.0,3250.0,3253.0,3239.8,3251.5,41678175,3576.6,2926.4,4322.95,2866.6,3248.1,23,2,3247.7,45,1,3247.6,66,4,3247.4,6,1,3247.3,181,2,3248.2,341,7,3248.4,9,3,3248.5,4,1,3248.6,36,2,3248.7,45,2
11536,2025-12-30 10:12:12+05:30,3248.2,2,3246.64,167136,99978.0,103573.0,3250.0,3253.0,3239.8,3251.5,41678175,3576.6,2926.4,4322.95,2866.6,3248.1,23,2,3247.7,45,1,3247.6,66,4,3247.4,6,1,3247.3,181,2,3248.2,341,7,3248.4,9,3,3248.5,4,1,3248.6,36,2,3248.7,45,2
11536,2025-12-30 10:12:15+05:30,3248.1,4,3246.64,167136,99978.0,103573.0,3250.0,3253.0,3239.8,3251.5,41678175,3576.6,2926.4,4322.95,2866.6,3248.1,23,2,3247.7,45,1,3247.6,66,4,3247.4,6,1,3247.3,181,2,3248.2,341,7,3248.4,9,3,3248.5,4,1,3248.6,36,2,3248.7,45,2
11536,2025-12-30 10:12:17+05:30,3248.1,1,3246.64,167235,99256.0,102293.0,3250.0,3253.0,3239.8,3251.5,41678175,3576.6,2926.4,4322.95,2866.6,3248.1,16,2,3247.7,45,1,3247.6,66,4,3247.4,6,1,3247.3,3,1,3248.2,317,10,3248.4,9,3,3248.5,45,3,3248.6,33,2,3248.7,40,2
11536,2025-12-30 10:12:19+05:30,3249.1,1,3246.64,167235,99256.0,102293.0,3250.0,3253.0,3239.8,3251.5,41678175,3576.6,2926.4,4322.95,2866.6,3248.1,16,2,3247.7,45,1,3247.6,66,4,3247.4,6,1,3247.3,3,1,3248.2,317,10,3248.4,9,3,3248.5,45,3,3248.6,33,2,3248.7,40,2
11536,2025-12-30 10:12:22+05:30,3249.1,1,3246.64,167235,99256.0,102293.0,3250.0,3253.0,3239.8,3251.5,41678175,3576.6,2926.4,4322.95,2866.6,3248.1,16,2,3247.7,45,1,3247.6,66,4,3247.4,6,1,3247.3,3,1,3248.2,317,10,3248.4,9,3,3248.5,45,3,3248.6,33,2,3248.7,40,2
11536,2025-12-30 10:12:22+05:30,3248.2,3,3246.67,169701,99811.0,101102.0,3250.0,3253.0,3239.8,3251.5,41678175,3576.6,2926.4,4322.95,2866.6,3248.2,33,2,3248.1,50,2,3248.0,97,7,3247.9,103,7,3247.8,24,1,3249.1,29,6,3249.4,9,1,3249.5,30,1,3249.6,70,4,3249.7,205,2
11536,2025-12-30 10:12:25+05:30,3248.0,22,3246.67,169701,99811.0,101102.0,3250.0,3253.0,3239.8,3251.5,41678175,3576.6,2926.4,4322.95,2866.6,3248.2,33,2,3248.1,50,2,3248.0,97,7,3247.9,103,7,3247.8,24,1,3249.1,29,6,3249.4,9,1,3249.5,30,1,3249.6,70,4,3249.7,205,2
11536,2025-12-30 10:12:27+05:30,3248.2,21,3246.67,169701,99811.0,101102.0,3250.0,3253.0,3239.8,3251.5,41678175,3576.6,2926.4,4322.95,2866.6,3248.2,33,2,3248.1,50,2,3248.0,97,7,3247.9,103,7,3247.8,24,1,3249.1,29,6,3249.4,9,1,3249.5,30,1,3249.6,70,4,3249.7,205,2
11536,2025-12-30 10:12:27+05:30,3248.2,21,3246.67,170030,100437.0,101207.0,3250.0,3253.0,3239.8,3251.5,41678175,3576.6,2926.4,4322.95,2866.6,3248.1,30,1,3247.8,8,1,3247.7,46,2,3247.6,50,4,3247.5,54,2,3249.0,72,9,3249.1,24,2,3249.2,23,3,3249.3,48,2,3249.4,41,3
11536,2025-12-30 10:12:28+05:30,3248.1,21,3246.67,170030,100437.0,101207.0,3250.0,3253.0,3239.8,3251.5,41678175,3576.6,2926.4,4322.95,2866.6,3248.1,30,1,3247.8,8,1,3247.7,46,2,3247.6,50,4,3247.5,54,2,3249.0,72,9,3249.1,24,2,3249.2,23,3,3249.3,48,2,3249.4,41,3
11536,2025-12-30 10:12:29+05:30,3248.1,10,3246.67,170070,100546.0,101233.0,3250.0,3253.0,3239.8,3251.5,41678175,3576.6,2926.4,4322.95,2866.6,3248.1,36,1,3247.8,59,2,3247.7,46,2,3247.6,50,4,3247.5,54,2,3249.0,83,13,3249.1,39,3,3249.2,23,3,3249.3,48,2,3249.4,41,3
11536,2025-12-30 10:12:29+05:30,3248.1,7,3246.67,170070,100546.0,101233.0,3250.0,3253.0,3239.8,3251.5,41678175,3576.6,2926.4,4322.95,2866.6,3248.1,36,1,3247.8,59,2,3247.7,46,2,3247.6,50,4,3247.5,54,2,3249.0,83,13,3249.1,39,3,3249.2,23,3,3249.3,48,2,3249.4,41,3
11536,2025-12-30 10:12:30+05:30,3248.9,4,3246.68,170116,100525.0,101258.0,3250.0,3253.0,3239.8,3251.5,41678175,3576.6,2926.4,4322.95,2866.6,3248.1,9,1,3247.8,51,1,3247.7,72,3,3247.6,50,4,3247.5,54,2,3248.9,86,5,3249.0,41,10,3249.1,39,3,3249.2,23,3,3249.3,48,2
11536,2025-12-30 10:12:30+05:30,3248.9,1,3246.68,170116,100525.0,101258.0,3250.0,3253.0,3239.8,3251.5,41678175,3576.6,2926.4,4322.95,2866.6,3248.1,9,1,3247.8,51,1,3247.7,72,3,3247.6,50,4,3247.5,54,2,3248.9,86,5,3249.0,41,10,3249.1,39,3,3249.2,23,3,3249.3,48,2
11536,2025-12-30 10:12:31+05:30,3248.9,1,3246.69,170929,100239.0,101008.0,3250.0,3253.0,3239.8,3251.5,41678175,3576.6,2926.4,4322.95,2866.6,3248.3,25,2,3248.2,51,1,3248.1,38,4,3248.0,199,9,3247.9,77,3,3248.9,38,2,3249.6,82,4,3249.7,171,1,3249.8,73,4,3249.9,358,5
11536,2025-12-30 10:12:31+05:30,3248.9,2,3246.69,170929,100239.0,101008.0,3250.0,3253.0,3239.8,3251.5,41678175,3576.6,2926.4,4322.95,2866.6,3248.3,25,2,3248.2,51,1,3248.1,38,4,3248.0,199,9,3247.9,77,3,3248.9,38,2,3249.6,82,4,3249.7,171,1,3249.8,73,4,3249.9,358,5
11536,2025-12-30 10:12:32+05:30,3248.9,1,3246.69,171058,101464.0,98768.0,3250.0,3253.0,3239.8,3251.5,41678175,3576.6,2926.4,4322.95,2866.6,3248.4,137,8,3248.3,152,6,3248.2,135,5,3248.1,194,11,3248.0,171,9,3248.9,43,4,3249.8,64,3,3250.0,531,13,3250.1,27,2,3250.2,64,2
11536,2025-12-30 10:12:32+05:30,3248.9,2,3246.69,171058,101464.0,98768.0,3250.0,3253.0,3239.8,3251.5,41678175,3576.6,2926.4,4322.95,2866.6,3248.4,137,8,3248.3,152,6,3248.2,135,5,3248.1,194,11,3248.0,171,9,3248.9,43,4,3249.8,64,3,3250.0,531,13,3250.1,27,2,3250.2,64,2
11536,2025-12-30 10:12:33+05:30,3249.6,4,3246.7,171435,105824.0,95173.0,3250.0,3253.0,3239.8,3251.5,41678175,3576.6,2926.4,4322.95,2866.6,3249.6,33,3,3249.1,31,1,3249.0,1,1,3248.8,89,3,3248.7,88,4,3250.0,527,14,3250.1,18,2,3250.3,1,1,3250.4,17,1,3250.5,181,5
11536,2025-12-30 10:12:33+05:30,3249.6,4,3246.7,171435,105824.0,95173.0,3250.0,3253.0,3239.8,3251.5,41678175,3576.6,2926.4,4322.95,2866.6,3249.6,33,3,3249.1,31,1,3249.0,1,1,3248.8,89,3,3248.7,88,4,3250.0,527,14,3250.1,18,2,3250.3,1,1,3250.4,17,1,3250.5,181,5
11536,2025-12-30 10:12:34+05:30,3249.6,4,3246.7,171435,102937.0,98383.0,3250.0,3253.0,3239.8,3251.5,41678175,3576.6,2926.4,4322.95,2866.6,3249.6,34,4,3249.0,1,1,3248.8,89,3,3248.7,71,4,3248.6,66,3,3250.0,527,14,3250.1,55,4,3250.2,12,1,3250.3,1,1,3250.4,75,4
11536,2025-12-30 10:12:35+05:30,3250.0,1,3246.7,171537,104530.0,98352.0,3250.0,3253.0,3239.8,3251.5,41678175,3576.6,2926.4,4322.95,2866.6,3249.9,51,1,3249.6,36,3,3249.0,1,1,3248.9,61,1,3248.8,48,3,3250.0,560,15,3250.1,1,1,3250.2,26,1,3250.3,12,2,3250.4,16,1
11536,2025-12-30 10:12:35+05:30,3250.0,1,3246.7,171537,104530.0,98352.0,3250.0,3253.0,3239.8,3251.5,41678175,3576.6,2926.4,4322.95,2866.6,3249.9,51,1,3249.6,36,3,3249.0,1,1,3248.9,61,1,3248.8,48,3,3250.0,560,15,3250.1,1,1,3250.2,26,1,3250.3,12,2,3250.4,16,1
11536,2025-12-30 10:12:36+05:30,3249.9,5,3246.7,171593,104735.0,98438.0,3250.0,3253.0,3239.8,3251.5,41678175,3576.6,2926.4,4322.95,2866.6,3249.9,101,3,3249.6,36,3,3249.0,1,1,3248.9,26,1,3248.8,48,3,3250.0,544,15,3250.1,1,1,3250.2,43,2,3250.3,9,2,3250.4,17,1
11536,2025-12-30 10:12:36+05:30,3249.9,5,3246.7,171593,104735.0,98438.0,3250.0,3253.0,3239.8,3251.5,41678175,3576.6,2926.4,4322.95,2866.6,3249.9,101,3,3249.6,36,3,3249.0,1,1,3248.9,26,1,3248.8,48,3,3250.0,544,15,3250.1,1,1,3250.2,43,2,3250.3,9,2,3250.4,17,1
11536,2025-12-30 10:12:37+05:30,3249.9,29,3246.7,171623,104711.0,98555.0,3250.0,3253.0,3239.8,3251.5,41678175,3576.6,2926.4,4322.95,2866.6,3249.9,77,3,3249.6,36,3,3249.0,1,1,3248.9,26,1,3248.8,48,3,3250.0,546,18,3250.1,27,2,3250.3,57,4,3250.5,121,3,3250.6,18,2
11536,2025-12-30 10:12:37+05:30,3249.9,29,3246.7,171623,104711.0,98555.0,3250.0,3253.0,3239.8,3251.5,41678175,3576.6,2926.4,4322.95,2866.6,3249.9,77,3,3249.6,36,3,3249.0,1,1,3248.9,26,1,3248.8,48,3,3250.0,546,18,3250.1,27,2,3250.3,57,4,3250.5,121,3,3250.6,18,2
11536,2025-12-30 10:12:38+05:30,3249.9,11,3246.7,171656,104743.0,98589.0,3250.0,3253.0,3239.8,3251.5,41678175,3576.6,2926.4,4322.95,2866.6,3249.9,147,5,3249.6,36,3,3249.0,7,2,3248.9,27,2,3248.8,69,5,3250.0,544,18,3250.1,27,2,3250.3,49,3,3250.5,121,3,3250.6,18,2
11536,2025-12-30 10:12:38+05:30,3249.9,11,3246.7,171656,104743.0,98589.0,3250.0,3253.0,3239.8,3251.5,41678175,3576.6,2926.4,4322.95,2866.6,3249.9,147,5,3249.6,36,3,3249.0,7,2,3248.9,27,2,3248.8,69,5,3250.0,544,18,3250.1,27,2,3250.3,49,3,3250.5,121,3,3250.6,18,2
11536,2025-12-30 10:12:39+05:30,3249.9,9,3246.7,171656,104743.0,98589.0,3250.0,3253.0,3239.8,3251.5,41678175,3576.6,2926.4,4322.95,2866.6,3249.9,147,5,3249.6,36,3,3249.0,7,2,3248.9,27,2,3248.8,69,5,3250.0,544,18,3250.1,27,2,3250.3,49,3,3250.5,121,3,3250.6,18,2
11536,2025-12-30 10:12:39+05:30,3249.9,9,3246.7,171673,104733.0,98589.0,3250.0,3253.0,3239.8,3251.5,41678175,3576.6,2926.4,4322.95,2866.6,3249.9,130,5,3249.6,36,3,3249.0,7,2,3248.9,27,2,3248.8,69,5,3250.0,544,18,3250.1,27,2,3250.3,49,3,3250.5,121,3,3250.6,18,2
11536,2025-12-30 10:12:40+05:30,3250.0,1,3246.7,171673,104733.0,98589.0,3250.0,3253.0,3239.8,3251.5,41678175,3576.6,2926.4,4322.95,2866.6,3249.9,130,5,3249.6,36,3,3249.0,7,2,3248.9,27,2,3248.8,69,5,3250.0,544,18,3250.1,27,2,3250.3,49,3,3250.5,121,3,3250.6,18,2
11536,2025-12-30 10:12:40+05:30,3250.0,1,3246.7,171689,104700.0,98639.0,3250.0,3253.0,3239.8,3251.5,41678175,3576.6,2926.4,4322.95,2866.6,3249.9,115,5,3249.6,36,3,3249.0,18,3,3248.9,27,2,3248.8,49,4,3250.0,557,18,3250.1,42,4,3250.2,17,1,3250.3,40,3,3250.4,28,2
11536,2025-12-30 10:12:41+05:30,3250.0,1,3246.7,171689,104700.0,98639.0,3250.0,3253.0,3239.8,3251.5,41678175,3576.6,2926.4,4322.95,2866.6,3249.9,115,5,3249.6,36,3,3249.0,18,3,3248.9,27,2,3248.8,49,4,3250.0,557,18,3250.1,42,4,3250.2,17,1,3250.3,40,3,3250.4,28,2
11536,2025-12-30 10:12:41+05:30,3249.9,4,3246.7,171700,104651.0,98778.0,3250.0,3253.0,3239.8,3251.5,41678175,3576.6,2926.4,4322.95,2866.6,3249.9,105,4,3249.5,9,1,3249.0,7,2,3248.9,27,2,3248.8,52,4,3250.0,555,17,3250.1,27,2,3250.2,17,1,3250.3,51,4,3250.4,17,1
11536,2025-12-30 10:12:42+05:30,3250.0,4,3246.7,171700,104651.0,98778.0,3250.0,3253.0,3239.8,3251.5,41678175,3576.6,2926.4,4322.95,2866.6,3249.9,105,4,3249.5,9,1,3249.0,7,2,3248.9,27,2,3248.8,52,4,3250.0,555,17,3250.1,27,2,3250.2,17,1,3250.3,51,4,3250.4,17,1
11536,2025-12-30 10:12:42+05:30,3249.9,2,3246.7,171706,104788.0,98586.0,3250.0,3253.0,3239.8,3251.5,41678175,3576.6,2926.4,4322.95,2866.6,3249.9,119,5,3249.6,9,1,3249.0,6,1,3248.9,27,2,3248.8,26,3,3250.0,578,19,3250.1,1,1,3250.2,58,3,3250.3,9,2,3250.4,17,1
11536,2025-12-30 10:12:43+05:30,3249.9,4,3246.7,171706,104788.0,98586.0,3250.0,3253.0,3239.8,3251.5,41678175,3576.6,2926.4,4322.95,2866.6,3249.9,119,5,3249.6,9,1,3249.0,6,1,3248.9,27,2,3248.8,26,3,3250.0,578,19,3250.1,1,1,3250.2,58,3,3250.3,9,2,3250.4,17,1
11536,2025-12-30 10:12:43+05:30,3249.9,3,3246.7,171717,104813.0,98617.0,3250.0,3253.0,3239.8,3251.5,41678175,3576.6,2926.4,4322.95,2866.6,3249.9,108,4,3249.6,9,1,3249.0,6,1,3248.9,27,2,3248.8,53,4,3250.0,564,19,3250.1,2,2,3250.2,47,2,3250.3,12,2,3250.4,17,1
11536,2025-12-30 10:12:44+05:30,3249.9,3,3246.7,171717,104813.0,98617.0,3250.0,3253.0,3239.8,3251.5,41678175,3576.6,2926.4,4322.95,2866.6,3249.9,108,4,3249.6,9,1,3249.0,6,1,3248.9,27,2,3248.8,53,4,3250.0,564,19,3250.1,2,2,3250.2,47,2,3250.3,12,2,3250.4,17,1
11536,2025-12-30 10:12:44+05:30,3249.9,1,3246.7,171966,102570.0,98936.0,3250.0,3253.0,3239.8,3251.5,41678175,3576.6,2926.4,4322.95,2866.6,3249.9,20,2,3249.6,7,1,3249.0,6,1,3248.9,1,1,3248.8,79,5,3250.0,620,22,3250.1,6,3,3250.2,45,3,3250.3,27,3,3250.4,37,2
11536,2025-12-30 10:12:45+05:30,3250.0,237,3246.7,171966,102570.0,98936.0,3250.0,3253.0,3239.8,3251.5,41678175,3576.6,2926.4,4322.95,2866.6,3249.9,20,2,3249.6,7,1,3249.0,6,1,3248.9,1,1,3248.8,79,5,3250.0,620,22,3250.1,6,3,3250.2,45,3,3250.3,27,3,3250.4,37,2
11536,2025-12-30 10:12:45+05:30,3249.9,1,3246.71,172206,103173.0,98857.0,3250.0,3253.0,3239.8,3251.5,41678175,3576.6,2926.4,4322.95,2866.6,3249.9,18,2,3249.6,7,1,3249.0,6,1,3248.9,1,1,3248.8,79,5,3250.0,394,24,3250.1,2,2,3250.2,17,1,3250.3,1,1,3250.4,17,1
11536,2025-12-30 10:12:46+05:30,3249.9,2,3246.71,172206,103173.0,98857.0,3250.0,3253.0,3239.8,3251.5,41678175,3576.6,2926.4,4322.95,2866.6,3249.9,18,2,3249.6,7,1,3249.0,6,1,3248.9,1,1,3248.8,79,5,3250.0,394,24,3250.1,2,2,3250.2,17,1,3250.3,1,1,3250.4,17,1
11536,2025-12-30 10:12:46+05:30,3249.9,2,3246.71,172241,102994.0,98832.0,3250.0,3253.0,3239.8,3251.5,41678175,3576.6,2926.4,4322.95,2866.6,3249.8,53,1,3249.6,8,1,3249.0,32,2,3248.9,1,1,3248.8,52,4,3249.9,34,4,3250.0,315,20,3250.1,32,3,3250.2,17,1,3250.3,12,2
11536,2025-12-30 10:12:47+05:30,3249.5,22,3246.71,172241,102994.0,98832.0,3250.0,3253.0,3239.8,3251.5,41678175,3576.6,2926.4,4322.95,2866.6,3249.8,53,1,3249.6,8,1,3249.0,32,2,3248.9,1,1,3248.8,52,4,3249.9,34,4,3250.0,315,20,3250.1,32,3,3250.2,17,1,3250.3,12,2
11536,2025-12-30 10:12:47+05:30,3249.5,2,3246.71,172358,103260.0,98995.0,3250.0,3253.0,3239.8,3251.5,41678175,3576.6,2926.4,4322.95,2866.6,3249.5,52,2,3249.0,47,3,3248.9,18,2,3248.8,52,4,3248.7,168,4,3249.9,33,6,3250.0,316,15,3250.1,32,3,3250.2,17,1,3250.3,12,2
11536,2025-12-30 10:12:48+05:30,3249.9,1,3246.71,172358,103260.0,98995.0,3250.0,3253.0,3239.8,3251.5,41678175,3576.6,2926.4,4322.95,2866.6,3249.5,52,2,3249.0,47,3,3248.9,18,2,3248.8,52,4,3248.7,168,4,3249.9,33,6,3250.0,316,15,3250.1,32,3,3250.2,17,1,3250.3,12,2
11536,2025-12-30 10:12:48+05:30,3249.9,1,3246.71,172442,103236.0,99254.0,3250.0,3253.0,3239.8,3251.5,41678175,3576.6,2926.4,4322.95,2866.6,3249.5,28,2,3249.0,47,3,3248.9,18,2,3248.8,52,4,3248.7,168,4,3249.9,38,9,3250.0,312,14,3250.1,31,2,3250.2,17,1,3250.3,12,2
11536,2025-12-30 10:12:49+05:30,3249.5,4,3246.71,172442,103236.0,99254.0,3250.0,3253.0,3239.8,3251.5,41678175,3576.6,2926.4,4322.95,2866.6,3249.5,28,2,3249.0,47,3,3248.9,18,2,3248.8,52,4,3248.7,168,4,3249.9,38,9,3250.0,312,14,3250.1,31,2,3250.2,17,1,3250.3,12,2
11536,2025-12-30 10:12:49+05:30,3249.5,4,3246.71,172449,103242.0,99134.0,3250.0,3253.0,3239.8,3251.5,41678175,3576.6,2926.4,4322.95,2866.6,3249.5,21,2,3249.0,47,3,3248.9,18,2,3248.8,52,4,3248.7,168,4,3249.9,15,9,3250.0,295,13,3250.1,31,2,3250.2,26,1,3250.3,1,1
11536,2025-12-30 10:12:50+05:30,3249.5,3,3246.71,172449,103242.0,99134.0,3250.0,3253.0,3239.8,3251.5,41678175,3576.6,2926.4,4322.95,2866.6,3249.5,21,2,3249.0,47,3,3248.9,18,2,3248.8,52,4,3248.7,168,4,3249.9,15,9,3250.0,295,13,3250.1,31,2,3250.2,26,1,3250.3,1,1
11536,2025-12-30 10:12:50+05:30,3249.5,3,3246.71,172497,102516.0,98193.0,3250.0,3253.0,3239.8,3251.5,41678175,3576.6,2926.4,4322.95,2866.6,3249.6,26,1,3249.5,56,2,3249.0,21,2,3248.9,18,2,3248.8,26,3,3249.9,53,13,3250.0,335,15,3250.1,1,1,3250.2,28,2,3250.3,17,2
11536,2025-12-30 10:12:51+05:30,3249.6,2,3246.71,172497,102516.0,98193.0,3250.0,3253.0,3239.8,3251.5,41678175,3576.6,2926.4,4322.95,2866.6,3249.6,26,1,3249.5,56,2,3249.0,21,2,3248.9,18,2,3248.8,26,3,3249.9,53,13,3250.0,335,15,3250.1,1,1,3250.2,28,2,3250.3,17,2
11536,2025-12-30 10:12:51+05:30,3249.6,2,3246.71,172532,102144.0,98209.0,3250.0,3253.0,3239.8,3251.5,41678175,3576.6,2926.4,4322.95,2866.6,3249.6,52,2,3249.5,56,2,3249.0,6,1,3248.9,1,1,3248.8,10,2,3249.9,61,12,3250.0,324,14,3250.1,1,1,3250.2,28,2,3250.3,17,2
11536,2025-12-30 10:12:52+05:30,3249.6,4,3246.71,172532,102144.0,98209.0,3250.0,3253.0,3239.8,3251.5,41678175,3576.6,2926.4,4322.95,2866.6,3249.6,52,2,3249.5,56,2,3249.0,6,1,3248.9,1,1,3248.8,10,2,3249.9,61,12,3250.0,324,14,3250.1,1,1,3250.2,28,2,3250.3,17,2
11536,2025-12-30 10:12:52+05:30,3249.6,1,3246.72,172555,102308.0,98252.0,3250.0,3253.0,3239.8,3251.5,41678175,3576.6,2926.4,4322.95,2866.6,3249.6,30,2,3249.5,86,3,3249.0,6,1,3248.9,1,1,3248.8,10,2,3249.9,61,9,3250.0,335,15,3250.1,1,1,3250.2,28,2,3250.3,17,2
11536,2025-12-30 10:12:53+05:30,3249.6,4,3246.72,172555,102308.0,98252.0,3250.0,3253.0,3239.8,3251.5,41678175,3576.6,2926.4,4322.95,2866.6,3249.6,30,2,3249.5,86,3,3249.0,6,1,3248.9,1,1,3248.8,10,2,3249.9,61,9,3250.0,335,15,3250.1,1,1,3250.2,28,2,3250.3,17,2
11536,2025-12-30 10:12:54+05:30,3249.6,3,3246.72,172573,102290.0,98251.0,3250.0,3253.0,3239.8,3251.5,41678175,3576.6,2926.4,4322.95,2866.6,3249.6,12,2,3249.5,86,3,3249.0,6,1,3248.9,1,1,3248.8,10,2,3249.9,60,9,3250.0,335,15,3250.1,1,1,3250.2,28,2,3250.3,17,2
11536,2025-12-30 10:12:54+05:30,3249.9,3,3246.72,172573,102290.0,98251.0,3250.0,3253.0,3239.8,3251.5,41678175,3576.6,2926.4,4322.95,2866.6,3249.6,12,2,3249.5,86,3,3249.0,6,1,3248.9,1,1,3248.8,10,2,3249.9,60,9,3250.0,335,15,3250.1,1,1,3250.2,28,2,3250.3,17,2
11536,2025-12-30 10:12:55+05:30,3249.9,1,3246.72,172589,102389.0,98210.0,3250.0,3253.0,3239.8,3251.5,41678175,3576.6,2926.4,4322.95,2866.6,3249.8,52,1,3249.6,62,3,3249.5,86,3,3249.0,6,1,3248.9,1,1,3249.9,57,10,3250.0,335,15,3250.1,11,2,3250.2,28,2,3250.3,17,2
11536,2025-12-30 10:12:55+05:30,3249.9,1,3246.72,172589,102389.0,98210.0,3250.0,3253.0,3239.8,3251.5,41678175,3576.6,2926.4,4322.95,2866.6,3249.8,52,1,3249.6,62,3,3249.5,86,3,3249.0,6,1,3248.9,1,1,3249.9,57,10,3250.0,335,15,3250.1,11,2,3250.2,28,2,3250.3,17,2
11536,2025-12-30 10:12:56+05:30,3249.8,3,3246.72,172596,102333.0,99093.0,3250.0,3253.0,3239.8,3251.5,41678175,3576.6,2926.4,4322.95,2866.6,3249.8,45,1,3249.6,62,3,3249.5,86,3,3249.0,6,1,3248.9,1,1,3249.9,69,12,3250.0,324,14,3250.1,7,2,3250.2,28,2,3250.3,17,2
11536,2025-12-30 10:12:56+05:30,3249.8,1,3246.72,172596,102333.0,99093.0,3250.0,3253.0,3239.8,3251.5,41678175,3576.6,2926.4,4322.95,2866.6,3249.8,45,1,3249.6,62,3,3249.5,86,3,3249.0,6,1,3248.9,1,1,3249.9,69,12,3250.0,324,14,3250.1,7,2,3250.2,28,2,3250.3,17,2
11536,2025-12-30 10:12:57+05:30,3249.8,2,3246.72,172603,102493.0,99171.0,3250.0,3253.0,3239.8,3251.5,41678175,3576.6,2926.4,4322.95,2866.6,3249.8,38,1,3249.6,51,2,3249.5,86,3,3249.0,6,1,3248.9,1,1,3249.9,67,10,3250.0,324,14,3250.2,28,2,3250.3,17,2,3250.4,57,4
11536,2025-12-30 10:12:57+05:30,3250.0,13,3246.72,172603,102493.0,99171.0,3250.0,3253.0,3239.8,3251.5,41678175,3576.6,2926.4,4322.95,2866.6,3249.8,38,1,3249.6,51,2,3249.5,86,3,3249.0,6,1,3248.9,1,1,3249.9,67,10,3250.0,324,14,3250.2,28,2,3250.3,17,2,3250.4,57,4
11536,2025-12-30 10:12:58+05:30,3250.0,13,3246.72,172749,103048.0,99217.0,3250.0,3253.0,3239.8,3251.5,41678175,3576.6,2926.4,4322.95,2866.6,3249.8,36,1,3249.6,59,3,3249.5,86,3,3249.1,23,1,3249.0,6,1,3250.0,246,11,3250.2,16,1,3250.3,1,1,3250.4,53,3,3250.5,149,4
11536,2025-12-30 10:12:59+05:30,3249.9,16,3246.72,172845,103044.0,99155.0,3250.0,3253.0,3239.8,3251.5,41678175,3576.6,2926.4,4322.95,2866.6,3249.9,7,1,3249.8,48,1,3249.6,58,3,3249.5,86,3,3249.0,6,1,3250.0,224,13,3250.2,27,2,3250.3,1,1,3250.4,39,3,3250.5,134,3
11536,2025-12-30 10:12:59+05:30,3250.0,1,3246.72,172845,103044.0,99155.0,3250.0,3253.0,3239.8,3251.5,41678175,3576.6,2926.4,4322.95,2866.6,3249.9,7,1,3249.8,48,1,3249.6,58,3,3249.5,86,3,3249.0,6,1,3250.0,224,13,3250.2,27,2,3250.3,1,1,3250.4,39,3,3250.5,134,3
11536,2025-12-30 10:13:00+05:30,3249.9,43,3246.72,172889,103082.0,99159.0,3250.0,3253.0,3239.8,3251.5,41678175,3576.6,2926.4,4322.95,2866.6,3249.9,46,1,3249.8,48,1,3249.6,58,3,3249.5,86,3,3249.0,6,1,3250.0,221,14,3250.2,27,2,3250.3,1,1,3250.4,39,3,3250.5,134,3
11536,2025-12-30 10:13:00+05:30,3249.9,43,3246.72,172889,103082.0,99159.0,3250.0,3253.0,3239.8,3251.5,41678175,3576.6,2926.4,4322.95,2866.6,3249.9,46,1,3249.8,48,1,3249.6,58,3,3249.5,86,3,3249.0,6,1,3250.0,221,14,3250.2,27,2,3250.3,1,1,3250.4,39,3,3250.5,134,3
11536,2025-12-30 10:13:00+05:30,3250.0,1,3246.72,172890,103092.0,99155.0,3250.0,3253.0,3239.8,3251.5,41678175,3576.6,2926.4,4322.95,2866.6,3249.9,46,1,3249.8,48,1,3249.6,58,3,3249.5,96,4,3249.0,6,1,3250.0,220,14,3250.2,27,2,3250.3,1,1,3250.4,63,4,3250.5,109,2
11536,2025-12-30 10:13:01+05:30,3250.0,1,3246.72,172890,103092.0,99155.0,3250.0,3253.0,3239.8,3251.5,41678175,3576.6,2926.4,4322.95,2866.6,3249.9,46,1,3249.8,48,1,3249.6,58,3,3249.5,96,4,3249.0,6,1,3250.0,220,14,3250.2,27,2,3250.3,1,1,3250.4,63,4,3250.5,109,2
11536,2025-12-30 10:13:01+05:30,3249.8,13,3246.72,172955,102911.0,99087.0,3250.0,3253.0,3239.8,3251.5,41678175,3576.6,2926.4,4322.95,2866.6,3249.8,30,1,3249.6,82,4,3249.5,96,4,3249.1,22,1,3249.0,6,1,3249.9,3,2,3250.0,196,10,3250.2,16,1,3250.3,1,1,3250.4,28,2
11536,2025-12-30 10:13:02+05:30,3249.8,14,3246.72,172955,102911.0,99087.0,3250.0,3253.0,3239.8,3251.5,41678175,3576.6,2926.4,4322.95,2866.6,3249.8,30,1,3249.6,82,4,3249.5,96,4,3249.1,22,1,3249.0,6,1,3249.9,3,2,3250.0,196,10,3250.2,16,1,3250.3,1,1,3250.4,28,2
11536,2025-12-30 10:13:02+05:30,3249.8,14,3246.72,172969,102858.0,99090.0,3250.0,3253.0,3239.8,3251.5,41678175,3576.6,2926.4,4322.95,2866.6,3249.8,16,1,3249.6,59,3,3249.5,96,4,3249.1,29,2,3249.0,6,1,3249.9,7,6,3250.0,210,10,3250.1,6,1,3250.2,16,1,3250.3,12,2
11536,2025-12-30 10:13:03+05:30,3249.8,2,3246.72,172969,102858.0,99090.0,3250.0,3253.0,3239.8,3251.5,41678175,3576.6,2926.4,4322.95,2866.6,3249.8,16,1,3249.6,59,3,3249.5,96,4,3249.1,29,2,3249.0,6,1,3249.9,7,6,3250.0,210,10,3250.1,6,1,3250.2,16,1,3250.3,12,2
11536,2025-12-30 10:13:03+05:30,3249.8,7,3246.72,172985,102849.0,99140.0,3250.0,3253.0,3239.8,3251.5,41678175,3576.6,2926.4,4322.95,2866.6,3249.7,10,1,3249.6,83,5,3249.5,88,4,3249.1,34,3,3249.0,6,1,3249.8,3,2,3249.9,7,7,3250.0,209,9,3250.2,24,2,3250.3,64,4
11536,2025-12-30 10:13:04+05:30,3249.7,4,3246.72,172985,102849.0,99140.0,3250.0,3253.0,3239.8,3251.5,41678175,3576.6,2926.4,4322.95,2866.6,3249.7,10,1,3249.6,83,5,3249.5,88,4,3249.1,34,3,3249.0,6,1,3249.8,3,2,3249.9,7,7,3250.0,209,9,3250.2,24,2,3250.3,64,4
11536,2025-12-30 10:13:04+05:30,3249.7,6,3246.72,173003,102886.0,99147.0,3250.0,3253.0,3239.8,3251.5,41678175,3576.6,2926.4,4322.95,2866.6,3249.7,53,2,3249.6,83,5,3249.5,88,4,3249.1,34,3,3249.0,6,1,3249.8,7,6,3249.9,20,5,3250.0,193,8,3250.2,76,4,3250.3,12,2
11536,2025-12-30 10:13:05+05:30,3249.7,2,3246.72,173003,102886.0,99147.0,3250.0,3253.0,3239.8,3251.5,41678175,3576.6,2926.4,4322.95,2866.6,3249.7,53,2,3249.6,83,5,3249.5,88,4,3249.1,34,3,3249.0,6,1,3249.8,7,6,3249.9,20,5,3250.0,193,8,3250.2,76,4,3250.3,12,2
11536,2025-12-30 10:13:06+05:30,3249.7,2,3246.72,173020,102789.0,99142.0,3250.0,3253.0,3239.8,3251.5,41678175,3576.6,2926.4,4322.95,2866.6,3249.7,28,1,3249.6,52,3,3249.5,98,5,3249.1,34,3,3249.0,6,1,3249.8,21,7,3249.9,2,2,3250.0,208,9,3250.2,76,4,3250.3,12,2
11536,2025-12-30 10:13:06+05:30,3250.0,58,3246.72,173020,102789.0,99142.0,3250.0,3253.0,3239.8,3251.5,41678175,3576.6,2926.4,4322.95,2866.6,3249.7,28,1,3249.6,52,3,3249.5,98,5,3249.1,34,3,3249.0,6,1,3249.8,21,7,3249.9,2,2,3250.0,208,9,3250.2,76,4,3250.3,12,2
11536,2025-12-30 10:13:07+05:30,3250.0,58,3246.73,173132,103021.0,99051.0,3250.0,3253.0,3239.8,3251.5,41678175,3576.6,2926.4,4322.95,2866.6,3249.7,28,1,3249.6,52,3,3249.5,98,5,3249.2,18,1,3249.1,52,4,3250.0,120,9,3250.2,16,1,3250.3,63,4,3250.4,48,3,3250.5,109,2
11536,2025-12-30 10:13:08+05:30,3250.0,58,3246.73,173132,103047.0,98876.0,3250.0,3253.0,3239.8,3251.5,41678175,3576.6,2926.4,4322.95,2866.6,3249.7,47,2,3249.6,52,3,3249.5,98,5,3249.2,18,1,3249.1,52,4,3250.0,122,10,3250.2,68,3,3250.3,1,1,3250.4,58,4,3250.5,109,2
11536,2025-12-30 10:13:08+05:30,3249.7,6,3246.73,173171,103084.0,98676.0,3250.0,3253.0,3239.8,3251.5,41678175,3576.6,2926.4,4322.95,2866.6,3249.7,53,1,3249.6,73,5,3249.5,98,5,3249.2,18,1,3249.1,52,4,3250.0,101,11,3250.3,25,2,3250.4,58,3,3250.5,124,3,3250.6,77,6
11536,2025-12-30 10:13:09+05:30,3249.7,6,3246.73,173171,103084.0,98676.0,3250.0,3253.0,3239.8,3251.5,41678175,3576.6,2926.4,4322.95,2866.6,3249.7,53,1,3249.6,73,5,3249.5,98,5,3249.2,18,1,3249.1,52,4,3250.0,101,11,3250.3,25,2,3250.4,58,3,3250.5,124,3,3250.6,77,6
11536,2025-12-30 10:13:10+05:30,3249.7,17,3246.73,173195,103278.0,98636.0,3250.0,3253.0,3239.8,3251.5,41678175,3576.6,2926.4,4322.95,2866.6,3249.7,36,1,3249.6,76,5,3249.5,98,5,3249.2,18,1,3249.1,52,4,3250.0,92,10,3250.3,1,1,3250.4,10,1,3250.5,109,2,3250.6,101,7
11536,2025-12-30 10:13:10+05:30,3249.7,17,3246.73,173195,103278.0,98636.0,3250.0,3253.0,3239.8,3251.5,41678175,3576.6,2926.4,4322.95,2866.6,3249.7,36,1,3249.6,76,5,3249.5,98,5,3249.2,18,1,3249.1,52,4,3250.0,92,10,3250.3,1,1,3250.4,10,1,3250.5,109,2,3250.6,101,7
11536,2025-12-30 10:13:11+05:30,3249.7,10,3246.73,173206,103315.0,98336.0,3250.0,3253.0,3239.8,3251.5,41678175,3576.6,2926.4,4322.95,2866.6,3249.7,38,2,3249.6,63,4,3249.5,98,5,3249.1,34,3,3249.0,32,2,3250.0,107,11,3250.2,35,3,3250.3,24,2,3250.4,65,4,3250.5,109,2
11536,2025-12-30 10:13:11+05:30,3249.7,10,3246.73,173206,103315.0,98336.0,3250.0,3253.0,3239.8,3251.5,41678175,3576.6,2926.4,4322.95,2866.6,3249.7,38,2,3249.6,63,4,3249.5,98,5,3249.1,34,3,3249.0,32,2,3250.0,107,11,3250.2,35,3,3250.3,24,2,3250.4,65,4,3250.5,109,2
11536,2025-12-30 10:13:12+05:30,3249.7,6,3246.73,173212,103298.0,98337.0,3250.0,3253.0,3239.8,3251.5,41678175,3576.6,2926.4,4322.95,2866.6,3249.7,32,2,3249.6,63,4,3249.5,98,5,3249.1,34,3,3249.0,32,2,3250.0,108,12,3250.2,35,3,3250.3,24,2,3250.4,65,4,3250.5,109,2
11536,2025-12-30 10:13:12+05:30,3250.0,2,3246.73,173212,103298.0,98337.0,3250.0,3253.0,3239.8,3251.5,41678175,3576.6,2926.4,4322.95,2866.6,3249.7,32,2,3249.6,63,4,3249.5,98,5,3249.1,34,3,3249.0,32,2,3250.0,108,12,3250.2,35,3,3250.3,24,2,3250.4,65,4,3250.5,109,2
11536,2025-12-30 10:13:13+05:30,3250.0,1,3246.73,173223,103295.0,98329.0,3250.0,3253.0,3239.8,3251.5,41678175,3576.6,2926.4,4322.95,2866.6,3249.8,13,1,3249.7,11,1,3249.6,63,4,3249.5,98,5,3249.1,34,3,3250.0,109,16,3250.2,58,4,3250.3,28,2,3250.4,38,3,3250.5,109,2
11536,2025-12-30 10:13:13+05:30,3249.8,3,3246.73,173223,103295.0,98329.0,3250.0,3253.0,3239.8,3251.5,41678175,3576.6,2926.4,4322.95,2866.6,3249.8,13,1,3249.7,11,1,3249.6,63,4,3249.5,98,5,3249.1,34,3,3250.0,109,16,3250.2,58,4,3250.3,28,2,3250.4,38,3,3250.5,109,2
11536,2025-12-30 10:13:14+05:30,3249.8,3,3246.73,173229,103262.0,99147.0,3250.0,3253.0,3239.8,3251.5,41678175,3576.6,2926.4,4322.95,2866.6,3249.8,7,1,3249.7,11,1,3249.6,63,4,3249.5,97,5,3249.1,34,3,3250.0,192,20,3250.1,29,2,3250.2,53,4,3250.3,18,2,3250.4,56,4
11536,2025-12-30 10:13:14+05:30,3249.8,2,3246.73,173229,103262.0,99147.0,3250.0,3253.0,3239.8,3251.5,41678175,3576.6,2926.4,4322.95,2866.6,3249.8,7,1,3249.7,11,1,3249.6,63,4,3249.5,97,5,3249.1,34,3,3250.0,192,20,3250.1,29,2,3250.2,53,4,3250.3,18,2,3250.4,56,4
11536,2025-12-30 10:13:15+05:30,3250.0,1,3246.73,173281,103379.0,99059.0,3250.0,3253.0,3239.8,3251.5,41678175,3576.6,2926.4,4322.95,2866.6,3249.9,19,1,3249.8,49,1,3249.7,11,1,3249.6,93,6,3249.5,97,5,3250.0,163,22,3250.2,53,4,3250.3,24,2,3250.4,38,3,3250.5,109,2
11536,2025-12-30 10:13:15+05:30,3249.9,1,3246.73,173281,103379.0,99059.0,3250.0,3253.0,3239.8,3251.5,41678175,3576.6,2926.4,4322.95,2866.6,3249.9,19,1,3249.8,49,1,3249.7,11,1,3249.6,93,6,3249.5,97,5,3250.0,163,22,3250.2,53,4,3250.3,24,2,3250.4,38,3,3250.5,109,2
11536,2025-12-30 10:13:16+05:30,3250.0,1,3246.73,173326,103097.0,98987.0,3250.0,3253.0,3239.8,3251.5,41678175,3576.6,2926.4,4322.95,2866.6,3249.9,15,1,3249.8,49,1,3249.7,20,2,3249.6,93,6,3249.5,88,4,3250.0,134,15,3250.2,59,5,3250.3,24,2,3250.4,38,3,3250.5,112,3
11536,2025-12-30 10:13:16+05:30,3249.9,1,3246.73,173326,103097.0,98987.0,3250.0,3253.0,3239.8,3251.5,41678175,3576.6,2926.4,4322.95,2866.6,3249.9,15,1,3249.8,49,1,3249.7,20,2,3249.6,93,6,3249.5,88,4,3250.0,134,15,3250.2,59,5,3250.3,24,2,3250.4,38,3,3250.5,112,3
11536,2025-12-30 10:13:17+05:30,3249.9,2,3246.73,173329,103082.0,98988.0,3250.0,3253.0,3239.8,3251.5,41678175,3576.6,2926.4,4322.95,2866.6,3249.9,12,1,3249.8,49,1,3249.7,20,2,3249.6,93,6,3249.5,88,4,3250.0,132,14,3250.2,82,6,3250.3,1,1,3250.4,41,4,3250.5,112,3
11536,2025-12-30 10:13:17+05:30,3249.9,2,3246.73,173329,103082.0,98988.0,3250.0,3253.0,3239.8,3251.5,41678175,3576.6,2926.4,4322.95,2866.6,3249.9,12,1,3249.8,49,1,3249.7,20,2,3249.6,93,6,3249.5,88,4,3250.0,132,14,3250.2,82,6,3250.3,1,1,3250.4,41,4,3250.5,112,3
11536,2025-12-30 10:13:18+05:30,3249.9,7,3246.73,173366,102778.0,99012.0,3250.0,3253.0,3239.8,3251.5,41678175,3576.6,2926.4,4322.95,2866.6,3249.9,19,1,3249.8,49,1,3249.7,20,2,3249.6,93,6,3249.5,88,4,3250.0,117,10,3250.2,82,6,3250.3,1,1,3250.4,41,4,3250.5,130,4
11536,2025-12-30 10:13:18+05:30,3249.9,1,3246.73,173366,102778.0,99012.0,3250.0,3253.0,3239.8,3251.5,41678175,3576.6,2926.4,4322.95,2866.6,3249.9,19,1,3249.8,49,1,3249.7,20,2,3249.6,93,6,3249.5,88,4,3250.0,117,10,3250.2,82,6,3250.3,1,1,3250.4,41,4,3250.5,130,4
11536,2025-12-30 10:13:19+05:30,3249.9,7,3246.73,173419,102765.0,99014.0,3250.0,3253.0,3239.8,3251.5,41678175,3576.6,2926.4,4322.95,2866.6,3249.9,9,1,3249.8,50,2,3249.7,20,2,3249.6,93,6,3249.5,88,4,3250.0,119,11,3250.2,82,6,3250.3,1,1,3250.4,41,4,3250.5,130,4
11536,2025-12-30 10:13:19+05:30,3249.9,7,3246.73,173419,102765.0,99014.0,3250.0,3253.0,3239.8,3251.5,41678175,3576.6,2926.4,4322.95,2866.6,3249.9,9,1,3249.8,50,2,3249.7,20,2,3249.6,93,6,3249.5,88,4,3250.0,119,11,3250.2,82,6,3250.3,1,1,3250.4,41,4,3250.5,130,4
11536,2025-12-30 10:13:20+05:30,3249.9,2,3246.73,173430,103195.0,98928.0,3250.0,3253.0,3239.8,3251.5,41678175,3576.6,2926.4,4322.95,2866.6,3249.9,66,2,3249.8,50,2,3249.7,20,2,3249.6,93,6,3249.5,88,4,3250.0,135,13,3250.2,82,6,3250.3,1,1,3250.4,41,4,3250.5,130,4
11536,2025-12-30 10:13:20+05:30,3249.9,2,3246.73,173430,103195.0,98928.0,3250.0,3253.0,3239.8,3251.5,41678175,3576.6,2926.4,4322.95,2866.6,3249.9,66,2,3249.8,50,2,3249.7,20,2,3249.6,93,6,3249.5,88,4,3250.0,135,13,3250.2,82,6,3250.3,1,1,3250.4,41,4,3250.5,130,4
11536,2025-12-30 10:13:21+05:30,3249.9,2,3246.73,173531,102409.0,98984.0,3250.0,3253.0,3239.8,3251.5,41678175,3576.6,2926.4,4322.95,2866.6,3249.9,44,2,3249.8,50,2,3249.7,11,1,3249.6,93,6,3249.5,88,4,3250.0,66,12,3250.1,22,1,3250.2,58,5,3250.3,1,1,3250.4,41,4
11536,2025-12-30 10:13:21+05:30,3249.9,2,3246.73,173531,102409.0,98984.0,3250.0,3253.0,3239.8,3251.5,41678175,3576.6,2926.4,4322.95,2866.6,3249.9,44,2,3249.8,50,2,3249.7,11,1,3249.6,93,6,3249.5,88,4,3250.0,66,12,3250.1,22,1,3250.2,58,5,3250.3,1,1,3250.4,41,4
11536,2025-12-30 10:13:22+05:30,3249.9,2,3246.73,173542,102800.0,99068.0,3250.0,3253.0,3239.8,3251.5,41678175,3576.6,2926.4,4322.95,2866.6,3249.9,42,3,3249.8,50,2,3249.7,11,1,3249.6,93,6,3249.5,88,4,3250.0,58,11,3250.1,22,1,3250.2,58,5,3250.3,1,1,3250.4,41,4
11536,2025-12-30 10:13:22+05:30,3249.9,2,3246.73,173542,102800.0,99068.0,3250.0,3253.0,3239.8,3251.5,41678175,3576.6,2926.4,4322.95,2866.6,3249.9,42,3,3249.8,50,2,3249.7,11,1,3249.6,93,6,3249.5,88,4,3250.0,58,11,3250.1,22,1,3250.2,58,5,3250.3,1,1,3250.4,41,4
11536,2025-12-30 10:13:23+05:30,3249.9,18,3246.73,173575,102798.0,98947.0,3250.0,3253.0,3239.8,3251.5,41678175,3576.6,2926.4,4322.95,2866.6,3249.9,11,2,3249.8,50,2,3249.7,11,1,3249.6,93,6,3249.5,88,4,3250.0,52,8,3250.1,22,1,3250.2,57,5,3250.3,1,1,3250.4,41,4
11536,2025-12-30 10:13:23+05:30,3249.9,18,3246.73,173575,102798.0,98947.0,3250.0,3253.0,3239.8,3251.5,41678175,3576.6,2926.4,4322.95,2866.6,3249.9,11,2,3249.8,50,2,3249.7,11,1,3249.6,93,6,3249.5,88,4,3250.0,52,8,3250.1,22,1,3250.2,57,5,3250.3,1,1,3250.4,41,4
11536,2025-12-30 10:13:24+05:30,3249.9,1,3246.73,173578,102998.0,98993.0,3250.0,3253.0,3239.8,3251.5,41678175,3576.6,2926.4,4322.95,2866.6,3249.9,18,1,3249.8,50,2,3249.7,20,2,3249.6,93,6,3249.5,88,4,3250.0,52,8,3250.1,22,1,3250.2,57,5,3250.3,1,1,3250.4,59,5
11536,2025-12-30 10:13:24+05:30,3249.9,15,3246.73,173578,102998.0,98993.0,3250.0,3253.0,3239.8,3251.5,41678175,3576.6,2926.4,4322.95,2866.6,3249.9,18,1,3249.8,50,2,3249.7,20,2,3249.6,93,6,3249.5,88,4,3250.0,52,8,3250.1,22,1,3250.2,57,5,3250.3,1,1,3250.4,59,5
11536,2025-12-30 10:13:25+05:30,3249.9,2,3246.73,173596,102966.0,98993.0,3250.0,3253.0,3239.8,3251.5,41678175,3576.6,2926.4,4322.95,2866.6,3249.9,1,1,3249.8,50,2,3249.7,21,2,3249.6,93,6,3249.5,88,4,3250.0,52,10,3250.1,22,1,3250.2,57,5,3250.3,1,1,3250.4,59,5
11536,2025-12-30 10:13:25+05:30,3249.9,10,3246.73,173596,102966.0,98993.0,3250.0,3253.0,3239.8,3251.5,41678175,3576.6,2926.4,4322.95,2866.6,3249.9,1,1,3249.8,50,2,3249.7,21,2,3249.6,93,6,3249.5,88,4,3250.0,52,10,3250.1,22,1,3250.2,57,5,3250.3,1,1,3250.4,59,5
11536,2025-12-30 10:13:26+05:30,3249.9,5,3246.73,173633,102376.0,99057.0,3250.0,3253.0,3239.8,3251.5,41678175,3576.6,2926.4,4322.95,2866.6,3249.9,37,1,3249.8,50,2,3249.7,21,2,3249.6,93,6,3249.5,88,4,3250.0,61,12,3250.1,22,1,3250.2,51,4,3250.3,1,1,3250.4,41,4
11536,2025-12-30 10:13:26+05:30,3249.9,5,3246.73,173633,102376.0,99057.0,3250.0,3253.0,3239.8,3251.5,41678175,3576.6,2926.4,4322.95,2866.6,3249.9,37,1,3249.8,50,2,3249.7,21,2,3249.6,93,6,3249.5,88,4,3250.0,61,12,3250.1,22,1,3250.2,51,4,3250.3,1,1,3250.4,41,4
11536,2025-12-30 10:13:27+05:30,3250.0,3,3246.74,173714,102392.0,98887.0,3250.0,3253.0,3239.8,3251.5,41678175,3576.6,2926.4,4322.95,2866.6,3249.9,33,1,3249.8,50,2,3249.7,22,2,3249.6,87,5,3249.5,88,4,3250.0,9,5,3250.2,24,3,3250.3,1,1,3250.4,50,4,3250.5,112,3
11536,2025-12-30 10:13:27+05:30,3250.0,3,3246.74,173714,102392.0,98887.0,3250.0,3253.0,3239.8,3251.5,41678175,3576.6,2926.4,4322.95,2866.6,3249.9,33,1,3249.8,50,2,3249.7,22,2,3249.6,87,5,3249.5,88,4,3250.0,9,5,3250.2,24,3,3250.3,1,1,3250.4,50,4,3250.5,112,3
11536,2025-12-30 10:13:28+05:30,3249.9,4,3246.74,173714,102392.0,98887.0,3250.0,3253.0,3239.8,3251.5,41678175,3576.6,2926.4,4322.95,2866.6,3249.9,33,1,3249.8,50,2,3249.7,22,2,3249.6,87,5,3249.5,88,4,3250.0,9,5,3250.2,24,3,3250.3,1,1,3250.4,50,4,3250.5,112,3
11536,2025-12-30 10:13:28+05:30,3249.9,4,3246.74,173714,102392.0,98887.0,3250.0,3253.0,3239.8,3251.5,41678175,3576.6,2926.4,4322.95,2866.6,3249.9,33,1,3249.8,50,2,3249.7,22,2,3249.6,87,5,3249.5,88,4,3250.0,9,5,3250.2,24,3,3250.3,1,1,3250.4,50,4,3250.5,112,3
11536,2025-12-30 10:13:28+05:30,3249.9,4,3246.74,173719,102417.0,98863.0,3250.0,3253.0,3239.8,3251.5,41678175,3576.6,2926.4,4322.95,2866.6,3249.9,37,2,3249.8,50,2,3249.7,11,1,3249.6,87,5,3249.5,88,4,3250.0,11,6,3250.2,24,3,3250.3,1,1,3250.4,50,4,3250.5,112,3
11536,2025-12-30 10:13:29+05:30,3249.9,18,3246.74,173737,102551.0,98861.0,3250.0,3253.0,3239.8,3251.5,41678175,3576.6,2926.4,4322.95,2866.6,3249.9,19,2,3249.8,62,3,3249.7,11,1,3249.6,87,5,3249.5,88,4,3250.0,9,6,3250.2,24,3,3250.3,1,1,3250.4,50,4,3250.5,112,3
11536,2025-12-30 10:13:29+05:30,3249.9,18,3246.74,173737,102551.0,98861.0,3250.0,3253.0,3239.8,3251.5,41678175,3576.6,2926.4,4322.95,2866.6,3249.9,19,2,3249.8,62,3,3249.7,11,1,3249.6,87,5,3249.5,88,4,3250.0,9,6,3250.2,24,3,3250.3,1,1,3250.4,50,4,3250.5,112,3
11536,2025-12-30 10:13:29+05:30,3249.9,18,3246.74,173737,102551.0,98861.0,3250.0,3253.0,3239.8,3251.5,41678175,3576.6,2926.4,4322.95,2866.6,3249.9,19,2,3249.8,62,3,3249.7,11,1,3249.6,87,5,3249.5,88,4,3250.0,9,6,3250.2,24,3,3250.3,1,1,3250.4,50,4,3250.5,112,3
11536,2025-12-30 10:13:30+05:30,3249.9,5,3246.74,173737,102551.0,98861.0,3250.0,3253.0,3239.8,3251.5,41678175,3576.6,2926.4,4322.95,2866.6,3249.9,19,2,3249.8,62,3,3249.7,11,1,3249.6,87,5,3249.5,88,4,3250.0,9,6,3250.2,24,3,3250.3,1,1,3250.4,50,4,3250.5,112,3
11536,2025-12-30 10:13:30+05:30,3249.9,5,3246.74,173737,102551.0,98861.0,3250.0,3253.0,3239.8,3251.5,41678175,3576.6,2926.4,4322.95,2866.6,3249.9,19,2,3249.8,62,3,3249.7,11,1,3249.6,87,5,3249.5,88,4,3250.0,9,6,3250.2,24,3,3250.3,1,1,3250.4,50,4,3250.5,112,3
11536,2025-12-30 10:13:30+05:30,3249.8,12,3246.74,173759,102811.0,98856.0,3250.0,3253.0,3239.8,3251.5,41678175,3576.6,2926.4,4322.95,2866.6,3249.8,50,3,3249.7,20,2,3249.6,87,5,3249.5,88,4,3249.1,12,2,3249.9,9,5,3250.0,22,7,3250.1,6,1,3250.2,45,4,3250.3,9,2
11536,2025-12-30 10:13:31+05:30,3249.8,12,3246.74,173759,102811.0,98856.0,3250.0,3253.0,3239.8,3251.5,41678175,3576.6,2926.4,4322.95,2866.6,3249.8,50,3,3249.7,20,2,3249.6,87,5,3249.5,88,4,3249.1,12,2,3249.9,9,5,3250.0,22,7,3250.1,6,1,3250.2,45,4,3250.3,9,2
11536,2025-12-30 10:13:31+05:30,3249.9,1,3246.74,173759,102811.0,98856.0,3250.0,3253.0,3239.8,3251.5,41678175,3576.6,2926.4,4322.95,2866.6,3249.8,50,3,3249.7,20,2,3249.6,87,5,3249.5,88,4,3249.1,12,2,3249.9,9,5,3250.0,22,7,3250.1,6,1,3250.2,45,4,3250.3,9,2
11536,2025-12-30 10:13:31+05:30,3249.8,2,3246.74,173767,102711.0,98932.0,3250.0,3253.0,3239.8,3251.5,41678175,3576.6,2926.4,4322.95,2866.6,3249.8,43,3,3249.7,20,2,3249.6,63,4,3249.5,88,4,3249.1,12,2,3249.9,65,9,3250.0,6,4,3250.1,27,2,3250.2,24,3,3250.3,33,3
11536,2025-12-30 10:13:32+05:30,3249.8,2,3246.74,173767,102711.0,98932.0,3250.0,3253.0,3239.8,3251.5,41678175,3576.6,2926.4,4322.95,2866.6,3249.8,43,3,3249.7,20,2,3249.6,63,4,3249.5,88,4,3249.1,12,2,3249.9,65,9,3250.0,6,4,3250.1,27,2,3250.2,24,3,3250.3,33,3
11536,2025-12-30 10:13:32+05:30,3249.8,1,3246.74,173767,102711.0,98932.0,3250.0,3253.0,3239.8,3251.5,41678175,3576.6,2926.4,4322.95,2866.6,3249.8,43,3,3249.7,20,2,3249.6,63,4,3249.5,88,4,3249.1,12,2,3249.9,65,9,3250.0,6,4,3250.1,27,2,3250.2,24,3,3250.3,33,3
11536,2025-12-30 10:13:32+05:30,3249.8,1,3246.74,173779,102685.0,98928.0,3250.0,3253.0,3239.8,3251.5,41678175,3576.6,2926.4,4322.95,2866.6,3249.8,31,3,3249.7,20,2,3249.6,63,4,3249.5,88,4,3249.1,12,2,3249.9,64,8,3250.0,3,1,3250.1,27,2,3250.2,48,4,3250.3,9,2
11536,2025-12-30 10:13:33+05:30,3249.8,1,3246.74,173779,102685.0,98928.0,3250.0,3253.0,3239.8,3251.5,41678175,3576.6,2926.4,4322.95,2866.6,3249.8,31,3,3249.7,20,2,3249.6,63,4,3249.5,88,4,3249.1,12,2,3249.9,64,8,3250.0,3,1,3250.1,27,2,3250.2,48,4,3250.3,9,2
11536,2025-12-30 10:13:33+05:30,3250.0,2,3246.74,173779,102685.0,98928.0,3250.0,3253.0,3239.8,3251.5,41678175,3576.6,2926.4,4322.95,2866.6,3249.8,31,3,3249.7,20,2,3249.6,63,4,3249.5,88,4,3249.1,12,2,3249.9,64,8,3250.0,3,1,3250.1,27,2,3250.2,48,4,3250.3,9,2
11536,2025-12-30 10:13:33+05:30,3250.0,2,3246.74,173854,102700.0,98839.0,3250.0,3253.0,3239.8,3251.5,41678175,3576.6,2926.4,4322.95,2866.6,3249.9,4,1,3249.8,19,2,3249.7,20,2,3249.6,63,4,3249.5,88,4,3250.0,18,4,3250.1,21,1,3250.2,47,4,3250.3,9,2,3250.4,29,3
11536,2025-12-30 10:13:34+05:30,3250.0,2,3246.74,173854,102700.0,98839.0,3250.0,3253.0,3239.8,3251.5,41678175,3576.6,2926.4,4322.95,2866.6,3249.9,4,1,3249.8,19,2,3249.7,20,2,3249.6,63,4,3249.5,88,4,3250.0,18,4,3250.1,21,1,3250.2,47,4,3250.3,9,2,3250.4,29,3
11536,2025-12-30 10:13:34+05:30,3250.0,2,3246.74,173854,102700.0,98848.0,3250.0,3253.0,3239.8,3251.5,41678175,3576.6,2926.4,4322.95,2866.6,3249.9,4,1,3249.8,19,2,3249.7,20,2,3249.6,63,4,3249.5,88,4,3250.0,20,6,3250.1,21,1,3250.2,47,4,3250.3,9,2,3250.4,29,3
11536,2025-12-30 10:13:35+05:30,3250.0,2,3246.74,173854,102700.0,98848.0,3250.0,3253.0,3239.8,3251.5,41678175,3576.6,2926.4,4322.95,2866.6,3249.9,4,1,3249.8,19,2,3249.7,20,2,3249.6,63,4,3249.5,88,4,3250.0,20,6,3250.1,21,1,3250.2,47,4,3250.3,9,2,3250.4,29,3
11536,2025-12-30 10:13:35+05:30,3249.9,18,3246.74,173854,102700.0,98848.0,3250.0,3253.0,3239.8,3251.5,41678175,3576.6,2926.4,4322.95,2866.6,3249.9,4,1,3249.8,19,2,3249.7,20,2,3249.6,63,4,3249.5,88,4,3250.0,20,6,3250.1,21,1,3250.2,47,4,3250.3,9,2,3250.4,29,3
11536,2025-12-30 10:13:35+05:30,3249.9,18,3246.74,173874,102761.0,98868.0,3250.0,3253.0,3239.8,3251.5,41678175,3576.6,2926.4,4322.95,2866.6,3249.9,12,1,3249.8,19,2,3249.7,20,2,3249.6,63,4,3249.5,88,4,3250.0,33,7,3250.1,21,1,3250.2,47,4,3250.3,9,2,3250.4,29,3
11536,2025-12-30 10:13:35+05:30,3249.9,18,3246.74,173874,102761.0,98868.0,3250.0,3253.0,3239.8,3251.5,41678175,3576.6,2926.4,4322.95,2866.6,3249.9,12,1,3249.8,19,2,3249.7,20,2,3249.6,63,4,3249.5,88,4,3250.0,33,7,3250.1,21,1,3250.2,47,4,3250.3,9,2,3250.4,29,3
11536,2025-12-30 10:13:36+05:30,3249.9,18,3246.74,173874,102761.0,98868.0,3250.0,3253.0,3239.8,3251.5,41678175,3576.6,2926.4,4322.95,2866.6,3249.9,12,1,3249.8,19,2,3249.7,20,2,3249.6,63,4,3249.5,88,4,3250.0,33,7,3250.1,21,1,3250.2,47,4,3250.3,9,2,3250.4,29,3
11536,2025-12-30 10:13:36+05:30,3249.9,10,3246.74,173874,102761.0,98868.0,3250.0,3253.0,3239.8,3251.5,41678175,3576.6,2926.4,4322.95,2866.6,3249.9,12,1,3249.8,19,2,3249.7,20,2,3249.6,63,4,3249.5,88,4,3250.0,34,8,3250.1,21,1,3250.2,47,4,3250.3,9,2,3250.4,29,3
11536,2025-12-30 10:13:36+05:30,3249.9,10,3246.74,173886,102760.0,98839.0,3250.0,3253.0,3239.8,3251.5,41678175,3576.6,2926.4,4322.95,2866.6,3249.9,12,1,3249.8,19,2,3249.7,20,2,3249.6,63,4,3249.5,88,4,3250.0,34,8,3250.1,21,1,3250.2,47,4,3250.3,9,2,3250.4,29,3
11536,2025-12-30 10:13:36+05:30,3249.9,10,3246.74,173886,102760.0,98839.0,3250.0,3253.0,3239.8,3251.5,41678175,3576.6,2926.4,4322.95,2866.6,3249.9,12,1,3249.8,19,2,3249.7,20,2,3249.6,63,4,3249.5,88,4,3250.0,34,8,3250.1,21,1,3250.2,47,4,3250.3,9,2,3250.4,29,3
11536,2025-12-30 10:13:37+05:30,3250.0,1,3246.74,173886,102760.0,98839.0,3250.0,3253.0,3239.8,3251.5,41678175,3576.6,2926.4,4322.95,2866.6,3249.9,12,1,3249.8,19,2,3249.7,20,2,3249.6,63,4,3249.5,88,4,3250.0,34,8,3250.1,21,1,3250.2,47,4,3250.3,9,2,3250.4,29,3
11536,2025-12-30 10:13:37+05:30,3249.9,5,3246.74,173894,102732.0,98874.0,3250.0,3253.0,3239.8,3251.5,41678175,3576.6,2926.4,4322.95,2866.6,3249.9,5,1,3249.8,19,2,3249.7,22,2,3249.6,63,4,3249.5,88,4,3250.0,32,7,3250.1,21,1,3250.2,47,4,3250.3,9,2,3250.4,29,3
11536,2025-12-30 10:13:38+05:30,3249.9,5,3246.74,173894,102732.0,98874.0,3250.0,3253.0,3239.8,3251.5,41678175,3576.6,2926.4,4322.95,2866.6,3249.9,5,1,3249.8,19,2,3249.7,22,2,3249.6,63,4,3249.5,88,4,3250.0,32,7,3250.1,21,1,3250.2,47,4,3250.3,9,2,3250.4,29,3
11536,2025-12-30 10:13:38+05:30,3249.9,1,3246.74,173894,102732.0,98874.0,3250.0,3253.0,3239.8,3251.5,41678175,3576.6,2926.4,4322.95,2866.6,3249.9,5,1,3249.8,19,2,3249.7,22,2,3249.6,63,4,3249.5,88,4,3250.0,32,7,3250.1,21,1,3250.2,47,4,3250.3,9,2,3250.4,29,3
11536,2025-12-30 10:13:38+05:30,3249.9,1,3246.74,173896,102737.0,98875.0,3250.0,3253.0,3239.8,3251.5,41678175,3576.6,2926.4,4322.95,2866.6,3249.9,3,1,3249.8,19,2,3249.7,22,2,3249.6,63,4,3249.5,88,4,3250.0,33,8,3250.1,21,1,3250.2,47,4,3250.3,9,2,3250.4,29,3
11536,2025-12-30 10:13:39+05:30,3250.2,19,3246.74,173896,102737.0,98875.0,3250.0,3253.0,3239.8,3251.5,41678175,3576.6,2926.4,4322.95,2866.6,3250.1,9,1,3249.9,4,1,3249.8,19,2,3249.7,22,2,3249.6,84,5,3250.3,23,5,3250.4,32,3,3250.5,109,2,3250.6,44,5,3250.7,33,3
11536,2025-12-30 10:13:39+05:30,3250.2,19,3246.74,173982,102462.0,98257.0,3250.0,3253.0,3239.8,3251.5,41678175,3576.6,2926.4,4322.95,2866.6,3250.1,9,1,3249.9,4,1,3249.8,19,2,3249.7,22,2,3249.6,84,5,3250.3,23,5,3250.4,32,3,3250.5,109,2,3250.6,44,5,3250.7,33,3
11536,2025-12-30 10:13:39+05:30,3250.2,19,3246.74,173982,102462.0,98257.0,3250.0,3253.0,3239.8,3251.5,41678175,3576.6,2926.4,4322.95,2866.6,3250.1,9,1,3249.9,4,1,3249.8,19,2,3249.7,22,2,3249.6,84,5,3250.3,23,5,3250.4,32,3,3250.5,109,2,3250.6,44,5,3250.7,33,3
11536,2025-12-30 10:13:40+05:30,3249.8,26,3246.74,173982,102462.0,98257.0,3250.0,3253.0,3239.8,3251.5,41678175,3576.6,2926.4,4322.95,2866.6,3250.1,9,1,3249.9,4,1,3249.8,19,2,3249.7,22,2,3249.6,84,5,3250.3,23,5,3250.4,32,3,3250.5,109,2,3250.6,44,5,3250.7,33,3
11536,2025-12-30 10:13:40+05:30,3249.8,26,3246.74,174040,102134.0,97803.0,3250.0,3253.0,3239.8,3251.5,41678175,3576.6,2926.4,4322.95,2866.6,3249.9,9,1,3249.8,4,1,3249.7,11,1,3249.6,73,4,3249.5,88,4,3250.2,3,2,3250.3,6,3,3250.4,9,1,3250.5,129,3,3250.6,64,5
11536,2025-12-30 10:13:41+05:30,3249.8,26,3246.74,174040,102134.0,97803.0,3250.0,3253.0,3239.8,3251.5,41678175,3576.6,2926.4,4322.95,2866.6,3249.9,9,1,3249.8,4,1,3249.7,11,1,3249.6,73,4,3249.5,88,4,3250.2,3,2,3250.3,6,3,3250.4,9,1,3250.5,129,3,3250.6,64,5
11536,2025-12-30 10:13:41+05:30,3249.9,1,3246.74,174040,102134.0,97803.0,3250.0,3253.0,3239.8,3251.5,41678175,3576.6,2926.4,4322.95,2866.6,3249.9,9,1,3249.8,4,1,3249.7,11,1,3249.6,73,4,3249.5,88,4,3250.2,3,2,3250.3,6,3,3250.4,9,1,3250.5,129,3,3250.6,64,5
11536,2025-12-30 10:13:41+05:30,3249.9,24,3246.74,174065,102156.0,97854.0,3250.0,3253.0,3239.8,3251.5,41678175,3576.6,2926.4,4322.95,2866.6,3249.9,31,2,3249.8,4,1,3249.7,11,1,3249.6,73,4,3249.5,88,4,3250.2,17,4,3250.3,23,3,3250.4,32,4,3250.5,132,3,3250.6,65,6
11536,2025-12-30 10:13:42+05:30,3250.2,3,3246.74,174065,102156.0,97854.0,3250.0,3253.0,3239.8,3251.5,41678175,3576.6,2926.4,4322.95,2866.6,3249.9,44,1,3249.8,4,1,3249.7,11,1,3249.6,52,3,3249.5,88,4,3250.2,27,5,3250.3,1,1,3250.4,55,5,3250.5,109,2,3250.6,65,6
11536,2025-12-30 10:13:42+05:30,3249.9,5,3246.74,174105,102146.0,98000.0,3250.0,3253.0,3239.8,3251.5,41678175,3576.6,2926.4,4322.95,2866.6,3249.9,44,1,3249.8,4,1,3249.7,11,1,3249.6,52,3,3249.5,88,4,3250.2,27,5,3250.3,1,1,3250.4,55,5,3250.5,109,2,3250.6,65,6
11536,2025-12-30 10:13:43+05:30,3249.9,5,3246.74,174105,102146.0,98000.0,3250.0,3253.0,3239.8,3251.5,41678175,3576.6,2926.4,4322.95,2866.6,3249.9,44,1,3249.8,4,1,3249.7,11,1,3249.6,52,3,3249.5,88,4,3250.2,27,5,3250.3,1,1,3250.4,55,5,3250.5,109,2,3250.6,65,6
11536,2025-12-30 10:13:43+05:30,3250.0,8,3246.74,174105,102146.0,98000.0,3250.0,3253.0,3239.8,3251.5,41678175,3576.6,2926.4,4322.95,2866.6,3249.9,44,1,3249.8,4,1,3249.7,11,1,3249.6,52,3,3249.5,88,4,3250.2,27,5,3250.3,1,1,3250.4,55,5,3250.5,109,2,3250.6,65,6
11536,2025-12-30 10:13:43+05:30,3250.0,8,3246.74,174113,102625.0,98022.0,3250.0,3253.0,3239.8,3251.5,41678175,3576.6,2926.4,4322.95,2866.6,3250.0,92,1,3249.9,53,2,3249.8,4,1,3249.7,17,2,3249.6,52,3,3250.2,25,5,3250.3,1,1,3250.4,46,4,3250.5,109,2,3250.6,65,6
11536,2025-12-30 10:13:44+05:30,3250.0,8,3246.74,174113,102625.0,98022.0,3250.0,3253.0,3239.8,3251.5,41678175,3576.6,2926.4,4322.95,2866.6,3250.0,92,1,3249.9,53,2,3249.8,4,1,3249.7,17,2,3249.6,52,3,3250.2,25,5,3250.3,1,1,3250.4,46,4,3250.5,109,2,3250.6,65,6
11536,2025-12-30 10:13:44+05:30,3250.0,7,3246.74,174113,102625.0,98022.0,3250.0,3253.0,3239.8,3251.5,41678175,3576.6,2926.4,4322.95,2866.6,3250.0,92,1,3249.9,53,2,3249.8,4,1,3249.7,17,2,3249.6,52,3,3250.2,25,5,3250.3,1,1,3250.4,46,4,3250.5,109,2,3250.6,65,6
11536,2025-12-30 10:13:44+05:30,3250.0,7,3246.74,174120,102667.0,98014.0,3250.0,3253.0,3239.8,3251.5,41678175,3576.6,2926.4,4322.95,2866.6,3250.0,88,2,3249.9,44,1,3249.8,4,1,3249.7,28,3,3249.6,77,4,3250.2,8,7,3250.3,14,2,3250.4,53,4,3250.5,109,2,3250.6,44,5
11536,2025-12-30 10:13:45+05:30,3250.0,10,3246.74,174120,102667.0,98014.0,3250.0,3253.0,3239.8,3251.5,41678175,3576.6,2926.4,4322.95,2866.6,3250.0,68,3,3249.9,64,3,3249.8,4,1,3249.7,11,1,3249.6,113,7,3250.2,3,2,3250.5,90,1,3250.6,11,1,3250.7,43,2,3250.8,33,2
11536,2025-12-30 10:13:45+05:30,3250.0,10,3246.75,174189,103021.0,98994.0,3250.0,3253.0,3239.8,3251.5,41678175,3576.6,2926.4,4322.95,2866.6,3250.0,68,3,3249.9,64,3,3249.8,4,1,3249.7,11,1,3249.6,113,7,3250.2,3,2,3250.5,90,1,3250.6,11,1,3250.7,43,2,3250.8,33,2
11536,2025-12-30 10:13:45+05:30,3250.0,10,3246.75,174189,103021.0,98994.0,3250.0,3253.0,3239.8,3251.5,41711075,3576.6,2926.4,4322.95,2866.6,3250.0,68,3,3249.9,64,3,3249.8,4,1,3249.7,11,1,3249.6,113,7,3250.2,3,2,3250.5,90,1,3250.6,11,1,3250.7,43,2,3250.8,33,2
11536,2025-12-30 10:13:46+05:30,3250.2,1,3246.75,174189,103021.0,98994.0,3250.0,3253.0,3239.8,3251.5,41711075,3576.6,2926.4,4322.95,2866.6,3250.0,68,3,3249.9,64,3,3249.8,4,1,3249.7,11,1,3249.6,113,7,3250.2,3,2,3250.5,90,1,3250.6,11,1,3250.7,43,2,3250.8,33,2
11536,2025-12-30 10:13:46+05:30,3250.2,1,3246.75,174190,103164.0,98973.0,3250.0,3253.0,3239.8,3251.5,41711075,3576.6,2926.4,4322.95,2866.6,3250.0,68,3,3249.9,64,3,3249.8,4,1,3249.7,11,1,3249.6,97,6,3250.2,4,4,3250.5,90,1,3250.6,22,2,3250.7,56,3,3250.8,48,3
11536,2025-12-30 10:13:47+05:30,3250.0,16,3246.75,174190,103164.0,98973.0,3250.0,3253.0,3239.8,3251.5,41711075,3576.6,2926.4,4322.95,2866.6,3250.0,68,3,3249.9,64,3,3249.8,4,1,3249.7,11,1,3249.6,97,6,3250.2,4,4,3250.5,90,1,3250.6,22,2,3250.7,56,3,3250.8,48,3
11536,2025-12-30 10:13:47+05:30,3250.0,16,3246.75,174206,103148.0,99027.0,3250.0,3253.0,3239.8,3251.5,41711075,3576.6,2926.4,4322.95,2866.6,3250.0,52,3,3249.9,64,3,3249.8,4,1,3249.7,11,1,3249.6,97,6,3250.2,38,6,3250.5,90,1,3250.6,54,3,3250.7,13,1,3250.8,33,2
11536,2025-12-30 10:13:47+05:30,3250.0,16,3246.75,174206,103148.0,99027.0,3250.0,3253.0,3239.8,3251.5,41711075,3576.6,2926.4,4322.95,2866.6,3250.0,52,3,3249.9,64,3,3249.8,4,1,3249.7,11,1,3249.6,97,6,3250.2,38,6,3250.5,90,1,3250.6,54,3,3250.7,13,1,3250.8,33,2
11536,2025-12-30 10:13:48+05:30,3250.2,1,3246.75,174206,103148.0,99027.0,3250.0,3253.0,3239.8,3251.5,41711075,3576.6,2926.4,4322.95,2866.6,3250.0,52,3,3249.9,64,3,3249.8,4,1,3249.7,11,1,3249.6,97,6,3250.2,38,6,3250.5,90,1,3250.6,54,3,3250.7,13,1,3250.8,33,2
11536,2025-12-30 10:13:48+05:30,3250.2,1,3246.75,174226,103141.0,99021.0,3250.0,3253.0,3239.8,3251.5,41711075,3576.6,2926.4,4322.95,2866.6,3250.0,83,4,3249.9,64,3,3249.8,4,1,3249.7,11,1,3249.6,72,5,3250.2,43,11,3250.4,21,2,3250.5,110,2,3250.6,47,3,3250.8,46,3
11536,2025-12-30 10:13:49+05:30,3250.0,1,3246.75,174226,103141.0,99021.0,3250.0,3253.0,3239.8,3251.5,41711075,3576.6,2926.4,4322.95,2866.6,3250.0,83,4,3249.9,64,3,3249.8,4,1,3249.7,11,1,3249.6,72,5,3250.2,43,11,3250.4,21,2,3250.5,110,2,3250.6,47,3,3250.8,46,3
11536,2025-12-30 10:13:49+05:30,3250.0,1,3246.75,174227,103164.0,99021.0,3250.0,3253.0,3239.8,3251.5,41711075,3576.6,2926.4,4322.95,2866.6,3250.0,82,4,3249.9,64,3,3249.8,4,1,3249.7,11,1,3249.6,72,5,3250.2,43,11,3250.4,21,2,3250.5,110,2,3250.6,47,3,3250.8,46,3
11536,2025-12-30 10:13:50+05:30,3250.0,2,3246.75,174227,103164.0,99021.0,3250.0,3253.0,3239.8,3251.5,41711075,3576.6,2926.4,4322.95,2866.6,3250.0,82,4,3249.9,64,3,3249.8,4,1,3249.7,11,1,3249.6,72,5,3250.2,43,11,3250.4,21,2,3250.5,110,2,3250.6,47,3,3250.8,46,3
11536,2025-12-30 10:13:50+05:30,3250.0,2,3246.75,174261,101584.0,99002.0,3250.0,3253.0,3239.8,3251.5,41711075,3576.6,2926.4,4322.95,2866.6,3250.0,67,4,3249.9,69,4,3249.8,4,1,3249.7,11,1,3249.6,62,4,3250.2,30,10,3250.3,19,1,3250.4,21,2,3250.5,121,3,3250.6,24,2
11536,2025-12-30 10:13:51+05:30,3250.0,3,3246.75,174261,101584.0,99002.0,3250.0,3253.0,3239.8,3251.5,41711075,3576.6,2926.4,4322.95,2866.6,3250.0,67,4,3249.9,69,4,3249.8,4,1,3249.7,11,1,3249.6,62,4,3250.2,30,10,3250.3,19,1,3250.4,21,2,3250.5,121,3,3250.6,24,2
11536,2025-12-30 10:13:51+05:30,3250.0,1,3246.75,174269,102557.0,98698.0,3250.0,3253.0,3239.8,3251.5,41711075,3576.6,2926.4,4322.95,2866.6,3250.0,59,3,3249.9,69,4,3249.8,4,1,3249.7,11,1,3249.6,62,4,3250.2,60,10,3250.3,28,2,3250.4,21,2,3250.5,99,2,3250.6,24,2
11536,2025-12-30 10:13:52+05:30,3250.0,1,3246.75,174269,102557.0,98698.0,3250.0,3253.0,3239.8,3251.5,41711075,3576.6,2926.4,4322.95,2866.6,3250.0,59,3,3249.9,69,4,3249.8,4,1,3249.7,11,1,3249.6,62,4,3250.2,60,10,3250.3,28,2,3250.4,21,2,3250.5,99,2,3250.6,24,2
11536,2025-12-30 10:13:52+05:30,3250.0,1,3246.75,174347,101308.0,99642.0,3250.0,3253.0,3239.8,3251.5,41711075,3576.6,2926.4,4322.95,2866.6,3250.0,8,2,3249.9,69,4,3249.8,4,1,3249.7,11,1,3249.6,84,5,3250.2,86,13,3250.3,16,2,3250.4,21,2,3250.5,102,3,3250.6,24,2
11536,2025-12-30 10:13:53+05:30,3250.0,3,3246.75,174347,101308.0,99642.0,3250.0,3253.0,3239.8,3251.5,41711075,3576.6,2926.4,4322.95,2866.6,3250.0,8,2,3249.9,69,4,3249.8,4,1,3249.7,11,1,3249.6,84,5,3250.2,86,13,3250.3,16,2,3250.4,21,2,3250.5,102,3,3250.6,24,2
11536,2025-12-30 10:13:53+05:30,3250.0,3,3246.75,174661,101432.0,98966.0,3250.0,3253.0,3239.8,3251.5,41711075,3576.6,2926.4,4322.95,2866.6,3250.0,6,2,3249.9,69,4,3249.8,4,1,3249.7,11,1,3249.6,74,4,3250.2,78,13,3250.3,32,2,3250.4,21,2,3250.5,102,3,3250.6,24,2
11536,2025-12-30 10:13:54+05:30,3250.0,1,3246.75,174684,101470.0,99677.0,3250.0,3253.0,3239.8,3251.5,41711075,3576.6,2926.4,4322.95,2866.6,3250.0,7,2,3249.9,69,4,3249.8,4,1,3249.7,11,1,3249.6,74,4,3250.2,77,13,3250.3,33,3,3250.4,21,2,3250.5,102,3,3250.6,24,2
11536,2025-12-30 10:13:54+05:30,3250.0,1,3246.75,174684,101470.0,99677.0,3250.0,3253.0,3239.8,3251.5,41711075,3576.6,2926.4,4322.95,2866.6,3250.0,7,2,3249.9,69,4,3249.8,4,1,3249.7,11,1,3249.6,74,4,3250.2,77,13,3250.3,33,3,3250.4,21,2,3250.5,102,3,3250.6,24,2
11536,2025-12-30 10:13:55+05:30,3249.9,11,3246.76,174766,101437.0,99593.0,3250.0,3253.0,3239.8,3251.5,41711075,3576.6,2926.4,4322.95,2866.6,3249.9,58,4,3249.8,4,1,3249.7,11,1,3249.6,52,3,3249.5,88,4,3250.0,10,1,3250.1,41,3,3250.2,42,13,3250.3,23,2,3250.4,36,3
11536,2025-12-30 10:13:55+05:30,3249.9,11,3246.76,174766,101437.0,99593.0,3250.0,3253.0,3239.8,3251.5,41711075,3576.6,2926.4,4322.95,2866.6,3249.9,58,4,3249.8,4,1,3249.7,11,1,3249.6,52,3,3249.5,88,4,3250.0,10,1,3250.1,41,3,3250.2,42,13,3250.3,23,2,3250.4,36,3
11536,2025-12-30 10:13:56+05:30,3249.9,2,3246.76,174831,101357.0,99947.0,3250.0,3253.0,3239.8,3251.5,41711075,3576.6,2926.4,4322.95,2866.6,3249.9,3,1,3249.8,4,1,3249.7,21,2,3249.6,60,4,3249.5,88,4,3250.0,57,7,3250.2,56,11,3250.3,30,3,3250.4,36,3,3250.5,118,4
11536,2025-12-30 10:13:56+05:30,3249.9,1,3246.76,174831,101357.0,99947.0,3250.0,3253.0,3239.8,3251.5,41711075,3576.6,2926.4,4322.95,2866.6,3249.9,3,1,3249.8,4,1,3249.7,21,2,3249.6,60,4,3249.5,88,4,3250.0,57,7,3250.2,56,11,3250.3,30,3,3250.4,36,3,3250.5,118,4
11536,2025-12-30 10:13:57+05:30,3250.0,2,3246.76,174923,101467.0,99206.0,3250.0,3253.0,3239.8,3251.5,41711075,3576.6,2926.4,4322.95,2866.6,3249.8,1,1,3249.7,36,3,3249.6,79,4,3249.5,88,4,3249.1,12,2,3250.0,44,7,3250.1,6,1,3250.2,37,5,3250.3,10,2,3250.4,40,3
11536,2025-12-30 10:13:57+05:30,3249.8,1,3246.76,174923,101467.0,99206.0,3250.0,3253.0,3239.8,3251.5,41711075,3576.6,2926.4,4322.95,2866.6,3249.8,1,1,3249.7,36,3,3249.6,79,4,3249.5,88,4,3249.1,12,2,3250.0,44,7,3250.1,6,1,3250.2,37,5,3250.3,10,2,3250.4,40,3
11536,2025-12-30 10:13:58+05:30,3249.7,2,3246.76,174926,101492.0,99383.0,3250.0,3253.0,3239.8,3251.5,41711075,3576.6,2926.4,4322.95,2866.6,3249.7,24,2,3249.6,79,4,3249.5,98,5,3249.1,12,2,3249.0,32,2,3249.9,31,6,3250.0,43,7,3250.1,6,1,3250.2,35,3,3250.3,32,3
11536,2025-12-30 10:13:58+05:30,3249.7,9,3246.76,174926,101492.0,99383.0,3250.0,3253.0,3239.8,3251.5,41711075,3576.6,2926.4,4322.95,2866.6,3249.7,24,2,3249.6,79,4,3249.5,98,5,3249.1,12,2,3249.0,32,2,3249.9,31,6,3250.0,43,7,3250.1,6,1,3250.2,35,3,3250.3,32,3
11536,2025-12-30 10:13:59+05:30,3249.7,1,3246.76,174945,101311.0,98118.0,3250.0,3253.0,3239.8,3251.5,41711075,3576.6,2926.4,4322.95,2866.6,3249.7,5,1,3249.6,79,4,3249.5,98,5,3249.1,12,2,3249.0,6,1,3249.9,20,6,3250.0,6,3,3250.2,26,2,3250.3,39,3,3250.4,172,2
11536,2025-12-30 10:13:59+05:30,3249.7,27,3246.76,174945,101311.0,98118.0,3250.0,3253.0,3239.8,3251.5,41711075,3576.6,2926.4,4322.95,2866.6,3249.7,5,1,3249.6,79,4,3249.5,98,5,3249.1,12,2,3249.0,6,1,3249.9,20,6,3250.0,6,3,3250.2,26,2,3250.3,39,3,3250.4,172,2
11536,2025-12-30 10:14:00+05:30,3249.9,1,3246.76,175006,101451.0,99584.0,3250.0,3253.0,3239.8,3251.5,41711075,3576.6,2926.4,4322.95,2866.6,3249.7,15,1,3249.6,79,4,3249.5,99,5,3249.1,12,2,3249.0,32,2,3249.9,66,9,3250.0,2,1,3250.1,9,1,3250.2,32,2,3250.3,11,1
11536,2025-12-30 10:14:00+05:30,3249.7,13,3246.76,175006,101451.0,99584.0,3250.0,3253.0,3239.8,3251.5,41711075,3576.6,2926.4,4322.95,2866.6,3249.7,15,1,3249.6,79,4,3249.5,99,5,3249.1,12,2,3249.0,32,2,3249.9,66,9,3250.0,2,1,3250.1,9,1,3250.2,32,2,3250.3,11,1
11536,2025-12-30 10:14:01+05:30,3249.9,2,3246.76,175025,99892.0,99397.0,3250.0,3253.0,3239.8,3251.5,41711075,3576.6,2926.4,4322.95,2866.6,3249.7,26,2,3249.6,79,4,3249.5,88,4,3249.1,26,3,3249.0,6,1,3249.9,53,10,3250.0,9,1,3250.2,9,1,3250.3,13,1,3250.4,33,3
11536,2025-12-30 10:14:01+05:30,3249.9,2,3246.76,175025,99892.0,99397.0,3250.0,3253.0,3239.8,3251.5,41711075,3576.6,2926.4,4322.95,2866.6,3249.7,26,2,3249.6,79,4,3249.5,88,4,3249.1,26,3,3249.0,6,1,3249.9,53,10,3250.0,9,1,3250.2,9,1,3250.3,13,1,3250.4,33,3
11536,2025-12-30 10:14:02+05:30,3249.7,1,3246.76,175025,99892.0,99397.0,3250.0,3253.0,3239.8,3251.5,41711075,3576.6,2926.4,4322.95,2866.6,3249.7,26,2,3249.6,79,4,3249.5,88,4,3249.1,26,3,3249.0,6,1,3249.9,53,10,3250.0,9,1,3250.2,9,1,3250.3,13,1,3250.4,33,3
11536,2025-12-30 10:14:02+05:30,3249.7,1,3246.76,175050,101836.0,99540.0,3250.0,3253.0,3239.8,3251.5,41711075,3576.6,2926.4,4322.95,2866.6,3249.7,23,2,3249.6,79,4,3249.5,88,4,3249.1,12,2,3249.0,32,2,3249.9,46,8,3250.2,13,1,3250.3,18,1,3250.4,37,3,3250.5,114,3
11536,2025-12-30 10:14:03+05:30,3249.8,10,3246.76,175066,101810.0,99491.0,3250.0,3253.0,3239.8,3251.5,41711075,3576.6,2926.4,4322.95,2866.6,3249.8,15,1,3249.6,52,3,3249.5,97,5,3249.1,12,2,3249.0,32,2,3249.9,46,9,3250.1,13,1,3250.2,7,1,3250.3,18,1,3250.4,69,5
11536,2025-12-30 10:14:03+05:30,3249.8,10,3246.76,175066,101810.0,99491.0,3250.0,3253.0,3239.8,3251.5,41711075,3576.6,2926.4,4322.95,2866.6,3249.8,15,1,3249.6,52,3,3249.5,97,5,3249.1,12,2,3249.0,32,2,3249.9,46,9,3250.1,13,1,3250.2,7,1,3250.3,18,1,3250.4,69,5
11536,2025-12-30 10:14:04+05:30,3249.9,1,3246.76,175075,101809.0,99499.0,3250.0,3253.0,3239.8,3251.5,41711075,3576.6,2926.4,4322.95,2866.6,3249.8,7,1,3249.6,52,3,3249.5,97,5,3249.1,12,2,3249.0,32,2,3249.9,58,10,3250.1,18,1,3250.2,28,3,3250.3,21,1,3250.4,35,4
11536,2025-12-30 10:14:04+05:30,3249.9,1,3246.76,175075,101809.0,99499.0,3250.0,3253.0,3239.8,3251.5,41711075,3576.6,2926.4,4322.95,2866.6,3249.8,7,1,3249.6,52,3,3249.5,97,5,3249.1,12,2,3249.0,32,2,3249.9,58,10,3250.1,18,1,3250.2,28,3,3250.3,21,1,3250.4,35,4
11536,2025-12-30 10:14:05+05:30,3249.8,3,3246.76,175082,101894.0,99498.0,3250.0,3253.0,3239.8,3251.5,41711075,3576.6,2926.4,4322.95,2866.6,3249.8,1,1,3249.6,52,3,3249.5,97,5,3249.1,12,2,3249.0,32,2,3249.9,44,9,3250.0,13,1,3250.1,18,1,3250.2,28,3,3250.3,21,1
11536,2025-12-30 10:14:05+05:30,3249.8,4,3246.76,175082,101894.0,99498.0,3250.0,3253.0,3239.8,3251.5,41711075,3576.6,2926.4,4322.95,2866.6,3249.8,1,1,3249.6,52,3,3249.5,97,5,3249.1,12,2,3249.0,32,2,3249.9,44,9,3250.0,13,1,3250.1,18,1,3250.2,28,3,3250.3,21,1
11536,2025-12-30 10:14:06+05:30,3249.8,1,3246.76,175089,102103.0,99005.0,3250.0,3253.0,3239.8,3251.5,41711075,3576.6,2926.4,4322.95,2866.6,3249.8,13,1,3249.6,61,4,3249.5,88,4,3249.3,14,1,3249.2,23,2,3249.9,44,10,3250.5,93,2,3250.6,22,1,3250.7,3,1,3250.8,26,3
11536,2025-12-30 10:14:06+05:30,3249.8,2,3246.76,175089,102103.0,99005.0,3250.0,3253.0,3239.8,3251.5,41711075,3576.6,2926.4,4322.95,2866.6,3249.8,13,1,3249.6,61,4,3249.5,88,4,3249.3,14,1,3249.2,23,2,3249.9,44,10,3250.5,93,2,3250.6,22,1,3250.7,3,1,3250.8,26,3
11536,2025-12-30 10:14:07+05:30,3249.8,1,3246.76,175095,102281.0,99291.0,3250.0,3253.0,3239.8,3251.5,41711075,3576.6,2926.4,4322.95,2866.6,3249.8,58,2,3249.7,10,1,3249.6,61,4,3249.5,88,4,3249.1,31,3,3249.9,43,9,3250.1,12,1,3250.2,18,1,3250.3,8,1,3250.4,33,2
11536,2025-12-30 10:14:07+05:30,3249.8,1,3246.76,175095,102281.0,99291.0,3250.0,3253.0,3239.8,3251.5,41711075,3576.6,2926.4,4322.95,2866.6,3249.8,58,2,3249.7,10,1,3249.6,61,4,3249.5,88,4,3249.1,31,3,3249.9,43,9,3250.1,12,1,3250.2,18,1,3250.3,8,1,3250.4,33,2
11536,2025-12-30 10:14:08+05:30,3249.8,1,3246.76,175099,102263.0,99477.0,3250.0,3253.0,3239.8,3251.5,41711075,3576.6,2926.4,4322.95,2866.6,3249.8,54,2,3249.7,10,1,3249.6,61,4,3249.5,88,4,3249.3,2,2,3249.9,61,9,3250.1,6,1,3250.2,38,3,3250.3,9,1,3250.4,20,2
11536,2025-12-30 10:14:08+05:30,3249.8,1,3246.76,175099,102263.0,99477.0,3250.0,3253.0,3239.8,3251.5,41711075,3576.6,2926.4,4322.95,2866.6,3249.8,54,2,3249.7,10,1,3249.6,61,4,3249.5,88,4,3249.3,2,2,3249.9,61,9,3250.1,6,1,3250.2,38,3,3250.3,9,1,3250.4,20,2
11536,2025-12-30 10:14:09+05:30,3250.6,3,3246.77,175354,102789.0,99816.0,3250.0,3253.0,3239.8,3251.5,41711075,3576.6,2926.4,4322.95,2866.6,3249.8,105,3,3249.7,10,1,3249.6,93,6,3249.5,114,5,3249.3,28,3,3250.6,47,5,3250.7,38,2,3250.8,46,5,3250.9,205,3,3251.0,193,8
11536,2025-12-30 10:14:09+05:30,3250.6,3,3246.77,175354,102789.0,99816.0,3250.0,3253.0,3239.8,3251.5,41711075,3576.6,2926.4,4322.95,2866.6,3249.8,105,3,3249.7,10,1,3249.6,93,6,3249.5,114,5,3249.3,28,3,3250.6,47,5,3250.7,38,2,3250.8,46,5,3250.9,205,3,3251.0,193,8
11536,2025-12-30 10:14:10+05:30,3249.8,10,3246.77,175374,102690.0,99823.0,3250.0,3253.0,3239.8,3251.5,41711075,3576.6,2926.4,4322.95,2866.6,3249.8,85,3,3249.7,10,1,3249.6,93,6,3249.5,88,4,3249.3,28,3,3250.6,54,11,3250.7,38,2,3250.8,46,5,3250.9,205,3,3251.0,193,8
11536,2025-12-30 10:14:10+05:30,3249.8,10,3246.77,175374,102690.0,99823.0,3250.0,3253.0,3239.8,3251.5,41711075,3576.6,2926.4,4322.95,2866.6,3249.8,85,3,3249.7,10,1,3249.6,93,6,3249.5,88,4,3249.3,28,3,3250.6,54,11,3250.7,38,2,3250.8,46,5,3250.9,205,3,3251.0,193,8
11536,2025-12-30 10:14:11+05:30,3250.0,6,3246.77,175381,102497.0,100394.0,3250.0,3253.0,3239.8,3251.5,41711075,3576.6,2926.4,4322.95,2866.6,3249.8,79,2,3249.7,10,1,3249.6,62,4,3249.5,88,4,3249.3,28,3,3249.9,2,1,3250.0,38,3,3250.1,8,1,3250.2,20,2,3250.4,57,4
11536,2025-12-30 10:14:11+05:30,3249.8,7,3246.77,175381,102497.0,100394.0,3250.0,3253.0,3239.8,3251.5,41711075,3576.6,2926.4,4322.95,2866.6,3249.8,79,2,3249.7,10,1,3249.6,62,4,3249.5,88,4,3249.3,28,3,3249.9,2,1,3250.0,38,3,3250.1,8,1,3250.2,20,2,3250.4,57,4
11536,2025-12-30 10:14:12+05:30,3249.8,32,3246.77,175444,102362.0,99769.0,3250.0,3253.0,3239.8,3251.5,41711075,3576.6,2926.4,4322.95,2866.6,3249.8,16,1,3249.7,10,1,3249.6,62,4,3249.5,88,4,3249.3,2,2,3249.9,18,5,3250.0,25,2,3250.1,26,2,3250.2,20,2,3250.4,52,4
11536,2025-12-30 10:14:12+05:30,3249.8,4,3246.77,175444,102362.0,99769.0,3250.0,3253.0,3239.8,3251.5,41711075,3576.6,2926.4,4322.95,2866.6,3249.8,16,1,3249.7,10,1,3249.6,62,4,3249.5,88,4,3249.3,2,2,3249.9,18,5,3250.0,25,2,3250.1,26,2,3250.2,20,2,3250.4,52,4
11536,2025-12-30 10:14:13+05:30,3249.8,1,3246.77,175463,102317.0,100240.0,3250.0,3253.0,3239.8,3251.5,41711075,3576.6,2926.4,4322.95,2866.6,3249.7,11,2,3249.6,60,4,3249.5,88,4,3249.3,28,3,3249.2,24,2,3249.8,3,1,3249.9,37,7,3250.0,21,1,3250.5,1,1,3250.6,32,2
11536,2025-12-30 10:14:13+05:30,3249.8,1,3246.77,175463,102317.0,100240.0,3250.0,3253.0,3239.8,3251.5,41711075,3576.6,2926.4,4322.95,2866.6,3249.7,11,2,3249.6,60,4,3249.5,88,4,3249.3,28,3,3249.2,24,2,3249.8,3,1,3249.9,37,7,3250.0,21,1,3250.5,1,1,3250.6,32,2
11536,2025-12-30 10:14:14+05:30,3249.7,9,3246.77,175484,102308.0,100370.0,3250.0,3253.0,3239.8,3251.5,41711075,3576.6,2926.4,4322.95,2866.6,3249.7,1,1,3249.6,52,3,3249.5,88,4,3249.3,28,3,3249.2,24,2,3249.8,5,4,3249.9,34,5,3250.0,21,1,3250.1,12,1,3250.3,11,1
11536,2025-12-30 10:14:14+05:30,3249.7,9,3246.77,175484,102308.0,100370.0,3250.0,3253.0,3239.8,3251.5,41711075,3576.6,2926.4,4322.95,2866.6,3249.7,1,1,3249.6,52,3,3249.5,88,4,3249.3,28,3,3249.2,24,2,3249.8,5,4,3249.9,34,5,3250.0,21,1,3250.1,12,1,3250.3,11,1
11536,2025-12-30 10:14:15+05:30,3249.6,3,3246.77,175564,102233.0,100429.0,3250.0,3253.0,3239.8,3251.5,41711075,3576.6,2926.4,4322.95,2866.6,3249.6,4,2,3249.5,99,5,3249.3,2,2,3249.2,8,1,3249.1,12,2,3249.8,5,5,3249.9,31,2,3250.0,33,2,3250.2,12,1,3250.3,11,1
11536,2025-12-30 10:14:15+05:30,3249.6,3,3246.77,175564,102233.0,100429.0,3250.0,3253.0,3239.8,3251.5,41711075,3576.6,2926.4,4322.95,2866.6,3249.6,4,2,3249.5,99,5,3249.3,2,2,3249.2,8,1,3249.1,12,2,3249.8,5,5,3249.9,31,2,3250.0,33,2,3250.2,12,1,3250.3,11,1
11536,2025-12-30 10:14:16+05:30,3249.6,1,3246.77,175568,102260.0,100597.0,3250.0,3253.0,3239.8,3251.5,41711075,3576.6,2926.4,4322.95,2866.6,3249.6,7,2,3249.5,99,5,3249.3,2,2,3249.2,8,1,3249.1,12,2,3249.8,10,7,3249.9,30,1,3250.0,33,2,3250.2,38,3,3250.3,31,2
11536,2025-12-30 10:14:16+05:30,3249.6,4,3246.77,175568,102260.0,100597.0,3250.0,3253.0,3239.8,3251.5,41711075,3576.6,2926.4,4322.95,2866.6,3249.6,7,2,3249.5,99,5,3249.3,2,2,3249.2,8,1,3249.1,12,2,3249.8,10,7,3249.9,30,1,3250.0,33,2,3250.2,38,3,3250.3,31,2
11536,2025-12-30 10:14:17+05:30,3249.6,1,3246.77,175574,102248.0,100548.0,3250.0,3253.0,3239.8,3251.5,41711075,3576.6,2926.4,4322.95,2866.6,3249.6,2,2,3249.5,99,5,3249.3,2,2,3249.2,10,2,3249.1,12,2,3249.8,11,8,3249.9,30,1,3250.0,33,2,3250.1,18,1,3250.2,40,3
11536,2025-12-30 10:14:17+05:30,3249.5,2,3246.77,175574,102248.0,100548.0,3250.0,3253.0,3239.8,3251.5,41711075,3576.6,2926.4,4322.95,2866.6,3249.6,2,2,3249.5,99,5,3249.3,2,2,3249.2,10,2,3249.1,12,2,3249.8,11,8,3249.9,30,1,3250.0,33,2,3250.1,18,1,3250.2,40,3
11536,2025-12-30 10:14:18+05:30,3249.6,6,3246.77,175608,102246.0,100225.0,3250.0,3253.0,3239.8,3251.5,41711075,3576.6,2926.4,4322.95,2866.6,3249.6,13,2,3249.5,97,5,3249.3,2,2,3249.2,3,2,3249.1,12,2,3249.8,9,8,3249.9,30,1,3250.0,21,1,3250.3,41,3,3250.4,49,3
11536,2025-12-30 10:14:18+05:30,3249.6,2,3246.77,175608,102246.0,100225.0,3250.0,3253.0,3239.8,3251.5,41711075,3576.6,2926.4,4322.95,2866.6,3249.6,13,2,3249.5,97,5,3249.3,2,2,3249.2,3,2,3249.1,12,2,3249.8,9,8,3249.9,30,1,3250.0,21,1,3250.3,41,3,3250.4,49,3
11536,2025-12-30 10:14:19+05:30,3249.6,1,3246.77,175624,102215.0,100582.0,3250.0,3253.0,3239.8,3251.5,41711075,3576.6,2926.4,4322.95,2866.6,3249.6,1,1,3249.5,107,6,3249.3,2,2,3249.2,3,2,3249.1,12,2,3249.8,5,5,3249.9,30,1,3250.0,21,1,3250.3,29,2,3250.4,41,3
11536,2025-12-30 10:14:19+05:30,3249.6,1,3246.77,175624,102215.0,100582.0,3250.0,3253.0,3239.8,3251.5,41711075,3576.6,2926.4,4322.95,2866.6,3249.6,1,1,3249.5,107,6,3249.3,2,2,3249.2,3,2,3249.1,12,2,3249.8,5,5,3249.9,30,1,3250.0,21,1,3250.3,29,2,3250.4,41,3
11536,2025-12-30 10:14:20+05:30,3249.6,3,3246.77,175628,102168.0,100607.0,3250.0,3253.0,3239.8,3251.5,41711075,3576.6,2926.4,4322.95,2866.6,3249.6,2,1,3249.5,107,6,3249.3,2,2,3249.2,3,2,3249.1,12,2,3249.8,20,7,3249.9,30,1,3250.0,21,1,3250.2,18,1,3250.3,43,3
11536,2025-12-30 10:14:20+05:30,3249.6,3,3246.77,175628,102168.0,100607.0,3250.0,3253.0,3239.8,3251.5,41711075,3576.6,2926.4,4322.95,2866.6,3249.6,2,1,3249.5,107,6,3249.3,2,2,3249.2,3,2,3249.1,12,2,3249.8,20,7,3249.9,30,1,3250.0,21,1,3250.2,18,1,3250.3,43,3
11536,2025-12-30 10:14:21+05:30,3249.6,4,3246.77,175637,102162.0,99908.0,3250.0,3253.0,3239.8,3251.5,41711075,3576.6,2926.4,4322.95,2866.6,3249.6,6,1,3249.5,97,5,3249.3,2,2,3249.2,3,2,3249.1,12,2,3249.8,21,8,3249.9,30,1,3250.0,21,1,3250.2,30,2,3250.3,31,2
11536,2025-12-30 10:14:21+05:30,3249.6,1,3246.77,175637,102162.0,99908.0,3250.0,3253.0,3239.8,3251.5,41711075,3576.6,2926.4,4322.95,2866.6,3249.6,6,1,3249.5,97,5,3249.3,2,2,3249.2,3,2,3249.1,12,2,3249.8,21,8,3249.9,30,1,3250.0,21,1,3250.2,30,2,3250.3,31,2
11536,2025-12-30 10:14:22+05:30,3249.6,1,3246.77,175644,100782.0,101716.0,3250.0,3253.0,3239.8,3251.5,41711075,3576.6,2926.4,4322.95,2866.6,3249.6,11,1,3249.5,97,5,3249.3,2,2,3249.2,3,2,3249.1,12,2,3249.8,33,10,3249.9,35,2,3250.0,432,3,3250.1,16,2,3250.2,30,2
11536,2025-12-30 10:14:22+05:30,3249.6,1,3246.77,175644,100782.0,101716.0,3250.0,3253.0,3239.8,3251.5,41711075,3576.6,2926.4,4322.95,2866.6,3249.6,11,1,3249.5,97,5,3249.3,2,2,3249.2,3,2,3249.1,12,2,3249.8,33,10,3249.9,35,2,3250.0,432,3,3250.1,16,2,3250.2,30,2
11536,2025-12-30 10:14:23+05:30,3249.6,2,3246.77,175649,100793.0,101713.0,3250.0,3253.0,3239.8,3251.5,41711075,3576.6,2926.4,4322.95,2866.6,3249.6,6,1,3249.5,97,5,3249.3,2,2,3249.2,3,2,3249.1,12,2,3249.8,32,9,3249.9,35,2,3250.0,432,3,3250.1,33,3,3250.2,31,2
11536,2025-12-30 10:14:23+05:30,3249.6,1,3246.77,175649,100793.0,101713.0,3250.0,3253.0,3239.8,3251.5,41711075,3576.6,2926.4,4322.95,2866.6,3249.6,6,1,3249.5,97,5,3249.3,2,2,3249.2,3,2,3249.1,12,2,3249.8,32,9,3249.9,35,2,3250.0,432,3,3250.1,33,3,3250.2,31,2
11536,2025-12-30 10:14:24+05:30,3249.6,2,3246.77,175653,102188.0,101797.0,3250.0,3253.0,3239.8,3251.5,41711075,3576.6,2926.4,4322.95,2866.6,3249.6,3,2,3249.5,97,5,3249.3,2,2,3249.2,3,2,3249.1,12,2,3249.8,85,9,3249.9,5,1,3250.0,432,3,3250.1,33,3,3250.2,31,2
11536,2025-12-30 10:14:24+05:30,3249.6,1,3246.77,175653,102188.0,101797.0,3250.0,3253.0,3239.8,3251.5,41711075,3576.6,2926.4,4322.95,2866.6,3249.6,3,2,3249.5,97,5,3249.3,2,2,3249.2,3,2,3249.1,12,2,3249.8,85,9,3249.9,5,1,3250.0,432,3,3250.1,33,3,3250.2,31,2
11536,2025-12-30 10:14:25+05:30,3249.8,1,3246.77,175682,102207.0,101808.0,3250.0,3253.0,3239.8,3251.5,41711075,3576.6,2926.4,4322.95,2866.6,3249.7,11,1,3249.6,20,3,3249.5,98,6,3249.3,2,2,3249.2,3,2,3249.8,70,7,3250.0,432,3,3250.1,33,3,3250.2,12,1,3250.3,11,1
11536,2025-12-30 10:14:25+05:30,3249.7,1,3246.77,175682,102207.0,101808.0,3250.0,3253.0,3239.8,3251.5,41711075,3576.6,2926.4,4322.95,2866.6,3249.7,11,1,3249.6,20,3,3249.5,98,6,3249.3,2,2,3249.2,3,2,3249.8,70,7,3250.0,432,3,3250.1,33,3,3250.2,12,1,3250.3,11,1
11536,2025-12-30 10:14:26+05:30,3249.7,1,3246.77,175684,100826.0,101835.0,3250.0,3253.0,3239.8,3251.5,41711075,3576.6,2926.4,4322.95,2866.6,3249.7,9,1,3249.6,20,3,3249.5,98,6,3249.3,2,2,3249.2,3,2,3249.8,70,7,3250.0,432,3,3250.1,33,3,3250.2,12,1,3250.3,11,1
11536,2025-12-30 10:14:26+05:30,3249.7,1,3246.77,175684,100826.0,101835.0,3250.0,3253.0,3239.8,3251.5,41711075,3576.6,2926.4,4322.95,2866.6,3249.7,9,1,3249.6,20,3,3249.5,98,6,3249.3,2,2,3249.2,3,2,3249.8,70,7,3250.0,432,3,3250.1,33,3,3250.2,12,1,3250.3,11,1
11536,2025-12-30 10:14:27+05:30,3249.5,1,3246.78,175934,101688.0,101079.0,3250.0,3253.0,3239.8,3251.5,41711075,3576.6,2926.4,4322.95,2866.6,3249.5,6,2,3249.3,2,2,3249.2,3,2,3249.1,12,2,3249.0,6,1,3249.8,98,9,3249.9,80,2,3250.0,434,5,3250.1,16,2,3250.3,11,1
11536,2025-12-30 10:14:27+05:30,3249.5,1,3246.78,175934,101688.0,101079.0,3250.0,3253.0,3239.8,3251.5,41711075,3576.6,2926.4,4322.95,2866.6,3249.5,6,2,3249.3,2,2,3249.2,3,2,3249.1,12,2,3249.0,6,1,3249.8,98,9,3249.9,80,2,3250.0,434,5,3250.1,16,2,3250.3,11,1
11536,2025-12-30 10:14:28+05:30,3249.5,1,3246.78,175934,101688.0,101079.0,3250.0,3253.0,3239.8,3251.5,41711075,3576.6,2926.4,4322.95,2866.6,3249.5,6,2,3249.3,2,2,3249.2,3,2,3249.1,12,2,3249.0,6,1,3249.8,98,9,3249.9,80,2,3250.0,434,5,3250.1,16,2,3250.3,11,1
11536,2025-12-30 10:14:28+05:30,3249.5,1,3246.78,175939,101710.0,101711.0,3250.0,3253.0,3239.8,3251.5,41711075,3576.6,2926.4,4322.95,2866.6,3249.5,33,3,3249.3,2,2,3249.2,3,2,3249.1,12,2,3249.0,6,1,3249.8,79,6,3249.9,80,2,3250.0,434,5,3250.1,16,2,3250.2,17,1
11536,2025-12-30 10:14:29+05:30,3249.3,1,3246.78,175939,101710.0,101711.0,3250.0,3253.0,3239.8,3251.5,41711075,3576.6,2926.4,4322.95,2866.6,3249.5,33,3,3249.3,2,2,3249.2,3,2,3249.1,12,2,3249.0,6,1,3249.8,79,6,3249.9,80,2,3250.0,434,5,3250.1,16,2,3250.2,17,1
11536,2025-12-30 10:14:29+05:30,3249.2,1,3246.78,175991,100618.0,101254.0,3250.0,3253.0,3239.8,3251.5,41711075,3576.6,2926.4,4322.95,2866.6,3249.2,3,2,3249.1,12,2,3249.0,6,1,3248.9,1,1,3248.8,14,3,3249.5,5,3,3249.7,29,2,3249.8,69,6,3249.9,93,3,3250.0,456,7
11536,2025-12-30 10:14:30+05:30,3249.1,5,3246.78,175991,100618.0,101254.0,3250.0,3253.0,3239.8,3251.5,41711075,3576.6,2926.4,4322.95,2866.6,3249.2,3,2,3249.1,12,2,3249.0,6,1,3248.9,1,1,3248.8,14,3,3249.5,5,3,3249.7,29,2,3249.8,69,6,3249.9,93,3,3250.0,456,7
11536,2025-12-30 10:14:30+05:30,3249.1,5,3246.78,176029,99895.0,102684.0,3250.0,3253.0,3239.8,3251.5,41711075,3576.6,2926.4,4322.95,2866.6,3249.1,12,2,3249.0,6,1,3248.9,1,1,3248.8,14,3,3248.7,9,3,3249.5,19,6,3249.7,17,1,3249.8,69,5,3249.9,245,4,3250.0,477,8
11536,2025-12-30 10:14:31+05:30,3249.5,1,3246.78,176029,99895.0,102684.0,3250.0,3253.0,3239.8,3251.5,41711075,3576.6,2926.4,4322.95,2866.6,3249.1,12,2,3249.0,6,1,3248.9,1,1,3248.8,14,3,3248.7,9,3,3249.5,19,6,3249.7,17,1,3249.8,69,5,3249.9,245,4,3250.0,477,8
11536,2025-12-30 10:14:31+05:30,3249.5,1,3246.78,176081,99936.0,102147.0,3250.0,3253.0,3239.8,3251.5,41711075,3576.6,2926.4,4322.95,2866.6,3249.1,19,3,3249.0,6,1,3248.9,1,1,3248.8,14,3,3248.7,9,3,3249.5,6,5,3249.7,23,2,3249.8,73,4,3249.9,108,4,3250.0,477,8
11536,2025-12-30 10:14:32+05:30,3249.1,3,3246.78,176081,99936.0,102147.0,3250.0,3253.0,3239.8,3251.5,41711075,3576.6,2926.4,4322.95,2866.6,3249.1,19,3,3249.0,6,1,3248.9,1,1,3248.8,14,3,3248.7,9,3,3249.5,6,5,3249.7,23,2,3249.8,73,4,3249.9,108,4,3250.0,477,8
11536,2025-12-30 10:14:32+05:30,3249.1,3,3246.78,176090,98714.0,102233.0,3250.0,3253.0,3239.8,3251.5,41711075,3576.6,2926.4,4322.95,2866.6,3249.1,22,3,3249.0,6,1,3248.9,2,2,3248.8,14,3,3248.7,9,3,3249.5,9,7,3249.7,23,2,3249.8,72,3,3249.9,108,4,3250.0,477,8
11536,2025-12-30 10:14:33+05:30,3249.5,1,3246.78,176090,98714.0,102233.0,3250.0,3253.0,3239.8,3251.5,41711075,3576.6,2926.4,4322.95,2866.6,3249.1,22,3,3249.0,6,1,3248.9,2,2,3248.8,14,3,3248.7,9,3,3249.5,9,7,3249.7,23,2,3249.8,72,3,3249.9,108,4,3250.0,477,8
11536,2025-12-30 10:14:33+05:30,3249.5,1,3246.78,176106,99977.0,102585.0,3250.0,3253.0,3239.8,3251.5,41711075,3576.6,2926.4,4322.95,2866.6,3249.1,7,2,3249.0,16,2,3248.9,2,2,3248.8,14,3,3248.7,9,3,3249.5,22,10,3249.7,28,2,3249.8,87,4,3249.9,89,3,3250.0,469,7
11536,2025-12-30 10:14:34+05:30,3249.0,3,3246.78,176106,99977.0,102585.0,3250.0,3253.0,3239.8,3251.5,41711075,3576.6,2926.4,4322.95,2866.6,3249.1,7,2,3249.0,16,2,3248.9,2,2,3248.8,14,3,3248.7,9,3,3249.5,22,10,3249.7,28,2,3249.8,87,4,3249.9,89,3,3250.0,469,7
11536,2025-12-30 10:14:34+05:30,3249.0,3,3246.78,176134,99734.0,102550.0,3250.0,3253.0,3239.8,3251.5,41711075,3576.6,2926.4,4322.95,2866.6,3249.0,13,2,3248.9,2,2,3248.8,9,2,3248.7,9,3,3248.6,50,1,3249.1,3,3,3249.5,4,4,3249.7,29,2,3249.8,76,3,3249.9,76,2
11536,2025-12-30 10:14:35+05:30,3249.1,1,3246.78,176134,99734.0,102550.0,3250.0,3253.0,3239.8,3251.5,41711075,3576.6,2926.4,4322.95,2866.6,3249.0,13,2,3248.9,2,2,3248.8,9,2,3248.7,9,3,3248.6,50,1,3249.1,3,3,3249.5,4,4,3249.7,29,2,3249.8,76,3,3249.9,76,2
11536,2025-12-30 10:14:35+05:30,3249.0,1,3246.78,176147,99745.0,102755.0,3250.0,3253.0,3239.8,3251.5,41711075,3576.6,2926.4,4322.95,2866.6,3249.0,7,2,3248.9,2,2,3248.8,9,2,3248.7,9,3,3248.6,50,1,3249.1,7,7,3249.5,1,1,3249.7,20,1,3249.8,108,5,3249.9,15,1
11536,2025-12-30 10:14:36+05:30,3249.0,1,3246.78,176147,99745.0,102755.0,3250.0,3253.0,3239.8,3251.5,41711075,3576.6,2926.4,4322.95,2866.6,3249.0,7,2,3248.9,2,2,3248.8,9,2,3248.7,9,3,3248.6,50,1,3249.1,7,7,3249.5,1,1,3249.7,20,1,3249.8,108,5,3249.9,15,1
11536,2025-12-30 10:14:36+05:30,3249.0,3,3246.78,176158,99913.0,102844.0,3250.0,3253.0,3239.8,3251.5,41711075,3576.6,2926.4,4322.95,2866.6,3249.0,12,2,3248.9,2,2,3248.8,9,2,3248.7,2,2,3248.6,50,1,3249.1,93,12,3249.6,11,1,3249.7,20,1,3249.8,53,3,3249.9,15,1
11536,2025-12-30 10:14:37+05:30,3249.0,10,3246.78,176158,99913.0,102844.0,3250.0,3253.0,3239.8,3251.5,41711075,3576.6,2926.4,4322.95,2866.6,3249.0,12,2,3248.9,2,2,3248.8,9,2,3248.7,2,2,3248.6,50,1,3249.1,93,12,3249.6,11,1,3249.7,20,1,3249.8,53,3,3249.9,15,1
11536,2025-12-30 10:14:37+05:30,3249.0,10,3246.78,176269,100786.0,101386.0,3250.0,3253.0,3239.8,3251.5,41711075,3576.6,2926.4,4322.95,2866.6,3249.0,6,1,3248.9,2,2,3248.8,5,1,3248.7,20,3,3248.6,67,2,3249.8,27,4,3250.0,421,3,3250.1,4,1,3250.2,34,2,3250.3,17,1
11536,2025-12-30 10:14:38+05:30,3249.8,1,3246.78,176270,100812.0,102672.0,3250.0,3253.0,3239.8,3251.5,41711075,3576.6,2926.4,4322.95,2866.6,3249.0,6,1,3248.9,2,2,3248.8,5,1,3248.7,19,3,3248.6,70,2,3249.8,38,5,3250.0,413,3,3250.1,4,1,3250.2,65,4,3250.3,9,1
11536,2025-12-30 10:14:39+05:30,3249.0,2,3246.78,176312,99896.0,102820.0,3250.0,3253.0,3239.8,3251.5,41711075,3576.6,2926.4,4322.95,2866.6,3248.9,2,2,3248.8,10,2,3248.7,19,3,3248.6,50,1,3248.5,35,3,3249.0,1,1,3249.7,14,1,3249.8,36,7,3249.9,61,1,3250.0,442,4
11536,2025-12-30 10:14:39+05:30,3249.0,2,3246.78,176312,99896.0,102820.0,3250.0,3253.0,3239.8,3251.5,41711075,3576.6,2926.4,4322.95,2866.6,3248.9,2,2,3248.8,10,2,3248.7,19,3,3248.6,50,1,3248.5,35,3,3249.0,1,1,3249.7,14,1,3249.8,36,7,3249.9,61,1,3250.0,442,4
11536,2025-12-30 10:14:40+05:30,3248.8,3,3246.78,176312,99896.0,102820.0,3250.0,3253.0,3239.8,3251.5,41711075,3576.6,2926.4,4322.95,2866.6,3248.9,2,2,3248.8,10,2,3248.7,19,3,3248.6,50,1,3248.5,35,3,3249.0,1,1,3249.7,14,1,3249.8,36,7,3249.9,61,1,3250.0,442,4
11536,2025-12-30 10:14:40+05:30,3248.8,3,3246.78,176329,99687.0,102937.0,3250.0,3253.0,3239.8,3251.5,41711075,3576.6,2926.4,4322.95,2866.6,3248.8,7,2,3248.7,30,4,3248.6,50,1,3248.5,26,2,3248.4,71,6,3249.0,1,1,3249.5,10,1,3249.8,24,5,3249.9,61,1,3250.0,422,3
11536,2025-12-30 10:14:41+05:30,3248.8,1,3246.78,176329,99687.0,102937.0,3250.0,3253.0,3239.8,3251.5,41711075,3576.6,2926.4,4322.95,2866.6,3248.8,7,2,3248.7,30,4,3248.6,50,1,3248.5,26,2,3248.4,71,6,3249.0,1,1,3249.5,10,1,3249.8,24,5,3249.9,61,1,3250.0,422,3
11536,2025-12-30 10:14:41+05:30,3248.8,1,3246.78,176343,99888.0,102844.0,3250.0,3253.0,3239.8,3251.5,41711075,3576.6,2926.4,4322.95,2866.6,3248.8,8,2,3248.7,2,2,3248.6,68,3,3248.4,74,6,3248.3,71,6,3249.0,3,3,3249.5,10,1,3249.8,21,2,3249.9,146,1,3250.0,422,3
11536,2025-12-30 10:14:42+05:30,3249.0,1,3246.78,176343,99888.0,102844.0,3250.0,3253.0,3239.8,3251.5,41711075,3576.6,2926.4,4322.95,2866.6,3248.8,8,2,3248.7,2,2,3248.6,68,3,3248.4,74,6,3248.3,71,6,3249.0,3,3,3249.5,10,1,3249.8,21,2,3249.9,146,1,3250.0,422,3
11536,2025-12-30 10:14:42+05:30,3249.0,1,3246.78,176353,100436.0,102761.0,3250.0,3253.0,3239.8,3251.5,41711075,3576.6,2926.4,4322.95,2866.6,3248.8,59,4,3248.7,2,2,3248.6,61,2,3248.5,18,1,3248.4,74,6,3249.0,6,6,3249.1,1,1,3249.5,10,1,3249.9,146,1,3250.0,422,3
11536,2025-12-30 10:14:43+05:30,3249.0,1,3246.78,176353,100436.0,102761.0,3250.0,3253.0,3239.8,3251.5,41711075,3576.6,2926.4,4322.95,2866.6,3248.8,59,4,3248.7,2,2,3248.6,61,2,3248.5,18,1,3248.4,74,6,3249.0,6,6,3249.1,1,1,3249.5,10,1,3249.9,146,1,3250.0,422,3
11536,2025-12-30 10:14:43+05:30,3249.0,1,3246.78,176367,102201.0,101371.0,3250.0,3253.0,3239.8,3251.5,41711075,3576.6,2926.4,4322.95,2866.6,3248.9,5,1,3248.8,55,3,3248.7,2,2,3248.6,92,4,3248.5,14,1,3249.0,5,5,3249.1,1,1,3249.5,10,1,3250.0,422,3,3250.1,16,3
11536,2025-12-30 10:14:44+05:30,3249.1,1,3246.78,176367,102201.0,101371.0,3250.0,3253.0,3239.8,3251.5,41711075,3576.6,2926.4,4322.95,2866.6,3248.9,5,1,3248.8,55,3,3248.7,2,2,3248.6,92,4,3248.5,14,1,3249.0,5,5,3249.1,1,1,3249.5,10,1,3250.0,422,3,3250.1,16,3
11536,2025-12-30 10:14:44+05:30,3249.1,1,3246.78,176376,100651.0,102775.0,3250.0,3253.0,3239.8,3251.5,41711075,3576.6,2926.4,4322.95,2866.6,3248.9,4,1,3248.8,55,3,3248.7,2,2,3248.6,74,3,3248.5,14,1,3249.0,14,1,3249.1,3,3,3249.5,10,1,3249.9,149,1,3250.0,422,3
11536,2025-12-30 10:14:45+05:30,3249.0,1,3246.78,176376,100651.0,102775.0,3250.0,3253.0,3239.8,3251.5,41711075,3576.6,2926.4,4322.95,2866.6,3248.9,4,1,3248.8,55,3,3248.7,2,2,3248.6,74,3,3248.5,14,1,3249.0,14,1,3249.1,3,3,3249.5,10,1,3249.9,149,1,3250.0,422,3
11536,2025-12-30 10:14:45+05:30,3249.0,1,3246.78,176377,100519.0,102642.0,3250.0,3253.0,3239.8,3251.5,41711075,3576.6,2926.4,4322.95,2866.6,3248.9,4,1,3248.8,55,3,3248.7,2,2,3248.6,74,3,3248.5,14,1,3249.0,13,1,3249.1,3,3,3249.9,159,2,3250.0,422,3,3250.1,5,2
11536,2025-12-30 10:14:46+05:30,3248.8,1,3246.78,176377,100519.0,102642.0,3250.0,3253.0,3239.8,3251.5,41711075,3576.6,2926.4,4322.95,2866.6,3248.9,4,1,3248.8,55,3,3248.7,2,2,3248.6,74,3,3248.5,14,1,3249.0,13,1,3249.1,3,3,3249.9,159,2,3250.0,422,3,3250.1,5,2
11536,2025-12-30 10:14:46+05:30,3248.8,1,3246.78,176431,100697.0,102670.0,3250.0,3253.0,3239.8,3251.5,41711075,3576.6,2926.4,4322.95,2866.6,3248.8,37,2,3248.7,13,3,3248.6,50,1,3248.4,83,6,3248.3,71,6,3249.0,15,3,3249.1,1,1,3249.8,1,1,3249.9,159,2,3250.0,422,3
11536,2025-12-30 10:14:47+05:30,3248.8,1,3246.78,176431,100697.0,102670.0,3250.0,3253.0,3239.8,3251.5,41711075,3576.6,2926.4,4322.95,2866.6,3248.8,37,2,3248.7,13,3,3248.6,50,1,3248.4,83,6,3248.3,71,6,3249.0,15,3,3249.1,1,1,3249.8,1,1,3249.9,159,2,3250.0,422,3
11536,2025-12-30 10:14:47+05:30,3248.8,1,3246.78,176442,101223.0,102537.0,3250.0,3253.0,3239.8,3251.5,41711075,3576.6,2926.4,4322.95,2866.6,3248.8,34,3,3248.7,2,2,3248.6,62,2,3248.4,101,7,3248.3,53,5,3249.0,15,3,3249.8,1,1,3249.9,159,2,3250.0,422,3,3250.1,16,3
11536,2025-12-30 10:14:48+05:30,3248.8,16,3246.78,176442,101223.0,102537.0,3250.0,3253.0,3239.8,3251.5,41711075,3576.6,2926.4,4322.95,2866.6,3248.8,34,3,3248.7,2,2,3248.6,62,2,3248.4,101,7,3248.3,53,5,3249.0,15,3,3249.8,1,1,3249.9,159,2,3250.0,422,3,3250.1,16,3
11536,2025-12-30 10:14:48+05:30,3248.8,16,3246.78,176458,99771.0,102720.0,3250.0,3253.0,3239.8,3251.5,41711075,3576.6,2926.4,4322.95,2866.6,3248.8,20,4,3248.7,2,2,3248.6,62,2,3248.4,101,7,3248.3,53,5,3249.0,15,4,3249.8,1,1,3249.9,159,2,3250.0,422,3,3250.1,16,3
11536,2025-12-30 10:14:49+05:30,3248.8,3,3246.78,176466,99768.0,102703.0,3250.0,3253.0,3239.8,3251.5,41711075,3576.6,2926.4,4322.95,2866.6,3248.8,4,2,3248.7,2,2,3248.6,62,2,3248.4,90,7,3248.3,53,5,3249.0,16,5,3249.7,21,1,3249.8,1,1,3249.9,145,3,3250.0,422,3
11536,2025-12-30 10:14:49+05:30,3248.8,3,3246.78,176466,99768.0,102703.0,3250.0,3253.0,3239.8,3251.5,41711075,3576.6,2926.4,4322.95,2866.6,3248.8,4,2,3248.7,2,2,3248.6,62,2,3248.4,90,7,3248.3,53,5,3249.0,16,5,3249.7,21,1,3249.8,1,1,3249.9,145,3,3250.0,422,3
11536,2025-12-30 10:14:50+05:30,3248.8,1,3246.78,176469,98748.0,103361.0,3250.0,3253.0,3239.8,3251.5,41711075,3576.6,2926.4,4322.95,2866.6,3248.8,26,3,3248.7,2,2,3248.6,50,1,3248.4,25,3,3248.3,23,2,3249.0,18,7,3249.5,18,1,3249.6,21,1,3249.8,1,1,3249.9,190,6
11536,2025-12-30 10:14:50+05:30,3248.8,1,3246.78,176469,98748.0,103361.0,3250.0,3253.0,3239.8,3251.5,41711075,3576.6,2926.4,4322.95,2866.6,3248.8,26,3,3248.7,2,2,3248.6,50,1,3248.4,25,3,3248.3,23,2,3249.0,18,7,3249.5,18,1,3249.6,21,1,3249.8,1,1,3249.9,190,6
11536,2025-12-30 10:14:51+05:30,3248.8,10,3246.78,176487,99979.0,101385.0,3250.0,3253.0,3239.8,3251.5,41711075,3576.6,2926.4,4322.95,2866.6,3248.8,61,5,3248.7,2,2,3248.6,61,2,3248.4,25,3,3248.3,23,2,3249.0,17,7,3249.6,21,1,3249.8,41,3,3249.9,129,5,3250.0,429,4
11536,2025-12-30 10:14:51+05:30,3248.8,3,3246.78,176487,99979.0,101385.0,3250.0,3253.0,3239.8,3251.5,41711075,3576.6,2926.4,4322.95,2866.6,3248.8,61,5,3248.7,2,2,3248.6,61,2,3248.4,25,3,3248.3,23,2,3249.0,17,7,3249.6,21,1,3249.8,41,3,3249.9,129,5,3250.0,429,4
11536,2025-12-30 10:14:52+05:30,3248.8,1,3246.78,176492,99741.0,101588.0,3250.0,3253.0,3239.8,3251.5,41711075,3576.6,2926.4,4322.95,2866.6,3248.8,56,4,3248.7,2,2,3248.6,50,1,3248.4,14,2,3248.3,34,3,3249.0,20,10,3249.4,22,1,3249.5,19,1,3249.8,22,2,3249.9,129,5
11536,2025-12-30 10:14:52+05:30,3248.8,1,3246.78,176492,99741.0,101588.0,3250.0,3253.0,3239.8,3251.5,41711075,3576.6,2926.4,4322.95,2866.6,3248.8,56,4,3248.7,2,2,3248.6,50,1,3248.4,14,2,3248.3,34,3,3249.0,20,10,3249.4,22,1,3249.5,19,1,3249.8,22,2,3249.9,129,5
11536,2025-12-30 10:14:53+05:30,3249.0,1,3246.78,176498,99962.0,102325.0,3250.0,3253.0,3239.8,3251.5,41711075,3576.6,2926.4,4322.95,2866.6,3248.8,64,5,3248.7,7,3,3248.6,62,2,3248.4,25,3,3248.3,30,3,3249.0,52,9,3249.4,22,1,3249.7,19,1,3249.8,22,2,3249.9,129,5
11536,2025-12-30 10:14:53+05:30,3248.8,1,3246.78,176498,99962.0,102325.0,3250.0,3253.0,3239.8,3251.5,41711075,3576.6,2926.4,4322.95,2866.6,3248.8,64,5,3248.7,7,3,3248.6,62,2,3248.4,25,3,3248.3,30,3,3249.0,52,9,3249.4,22,1,3249.7,19,1,3249.8,22,2,3249.9,129,5
11536,2025-12-30 10:14:54+05:30,3248.8,1,3246.78,176504,100117.0,103548.0,3250.0,3253.0,3239.8,3251.5,41711075,3576.6,2926.4,4322.95,2866.6,3248.8,60,4,3248.7,7,3,3248.6,62,2,3248.4,25,3,3248.3,30,3,3249.0,50,7,3249.4,22,1,3249.7,19,1,3249.8,22,2,3249.9,129,5
11536,2025-12-30 10:14:54+05:30,3248.8,2,3246.78,176504,100117.0,103548.0,3250.0,3253.0,3239.8,3251.5,41711075,3576.6,2926.4,4322.95,2866.6,3248.8,60,4,3248.7,7,3,3248.6,62,2,3248.4,25,3,3248.3,30,3,3249.0,50,7,3249.4,22,1,3249.7,19,1,3249.8,22,2,3249.9,129,5
11536,2025-12-30 10:14:55+05:30,3248.8,1,3246.78,176509,100481.0,103539.0,3250.0,3253.0,3239.8,3251.5,41711075,3576.6,2926.4,4322.95,2866.6,3248.8,62,5,3248.7,12,3,3248.6,50,1,3248.4,49,4,3248.3,23,2,3249.0,48,6,3249.4,22,1,3249.7,19,1,3249.8,22,2,3249.9,129,5
11536,2025-12-30 10:14:55+05:30,3248.8,1,3246.78,176509,100481.0,103539.0,3250.0,3253.0,3239.8,3251.5,41711075,3576.6,2926.4,4322.95,2866.6,3248.8,62,5,3248.7,12,3,3248.6,50,1,3248.4,49,4,3248.3,23,2,3249.0,48,6,3249.4,22,1,3249.7,19,1,3249.8,22,2,3249.9,129,5
11536,2025-12-30 10:14:56+05:30,3248.8,2,3246.78,176512,100309.0,103538.0,3250.0,3253.0,3239.8,3251.5,41711075,3576.6,2926.4,4322.95,2866.6,3248.8,60,5,3248.7,12,3,3248.6,50,1,3248.4,49,4,3248.3,30,3,3249.0,49,8,3249.4,22,1,3249.7,19,1,3249.8,22,2,3249.9,129,5
11536,2025-12-30 10:14:56+05:30,3248.8,2,3246.78,176512,100309.0,103538.0,3250.0,3253.0,3239.8,3251.5,41711075,3576.6,2926.4,4322.95,2866.6,3248.8,60,5,3248.7,12,3,3248.6,50,1,3248.4,49,4,3248.3,30,3,3249.0,49,8,3249.4,22,1,3249.7,19,1,3249.8,22,2,3249.9,129,5
11536,2025-12-30 10:14:57+05:30,3248.9,1,3246.78,176514,100083.0,103692.0,3250.0,3253.0,3239.8,3251.5,41711075,3576.6,2926.4,4322.95,2866.6,3248.9,4,1,3248.8,54,4,3248.7,2,2,3248.6,50,1,3248.4,14,2,3249.0,47,6,3249.4,22,1,3249.6,10,1,3249.7,19,1,3249.8,32,3
11536,2025-12-30 10:14:57+05:30,3248.9,1,3246.78,176514,100083.0,103692.0,3250.0,3253.0,3239.8,3251.5,41711075,3576.6,2926.4,4322.95,2866.6,3248.9,4,1,3248.8,54,4,3248.7,2,2,3248.6,50,1,3248.4,14,2,3249.0,47,6,3249.4,22,1,3249.6,10,1,3249.7,19,1,3249.8,32,3
11536,2025-12-30 10:14:58+05:30,3248.9,1,3246.78,176517,100492.0,103697.0,3250.0,3253.0,3239.8,3251.5,41711075,3576.6,2926.4,4322.95,2866.6,3248.9,1,1,3248.8,54,4,3248.7,12,3,3248.6,50,1,3248.4,24,3,3249.0,45,4,3249.4,22,1,3249.7,19,1,3249.8,29,3,3249.9,104,4
11536,2025-12-30 10:14:58+05:30,3248.9,1,3246.78,176517,100492.0,103697.0,3250.0,3253.0,3239.8,3251.5,41711075,3576.6,2926.4,4322.95,2866.6,3248.9,1,1,3248.8,54,4,3248.7,12,3,3248.6,50,1,3248.4,24,3,3249.0,45,4,3249.4,22,1,3249.7,19,1,3249.8,29,3,3249.9,104,4
11536,2025-12-30 10:14:59+05:30,3248.9,1,3246.78,176533,100520.0,102389.0,3250.0,3253.0,3239.8,3251.5,41711075,3576.6,2926.4,4322.95,2866.6,3248.9,4,1,3248.8,64,5,3248.7,2,2,3248.6,60,2,3248.5,21,2,3249.0,46,5,3249.4,22,1,3249.7,19,1,3249.8,22,2,3249.9,33,3
11536,2025-12-30 10:14:59+05:30,3248.9,1,3246.78,176533,100520.0,102389.0,3250.0,3253.0,3239.8,3251.5,41711075,3576.6,2926.4,4322.95,2866.6,3248.9,4,1,3248.8,64,5,3248.7,2,2,3248.6,60,2,3248.5,21,2,3249.0,46,5,3249.4,22,1,3249.7,19,1,3249.8,22,2,3249.9,33,3
11536,2025-12-30 10:15:00+05:30,3249.0,1,3246.78,176579,102624.0,102521.0,3250.0,3253.0,3239.8,3251.5,41711075,3576.6,2926.4,4322.95,2866.6,3248.9,3,1,3248.8,64,5,3248.7,21,4,3248.6,73,3,3248.5,32,2,3249.0,2,2,3249.8,21,1,3249.9,10,1,3250.0,472,4,3250.1,7,2
11536,2025-12-30 10:15:00+05:30,3249.0,1,3246.78,176579,102624.0,102521.0,3250.0,3253.0,3239.8,3251.5,41711075,3576.6,2926.4,4322.95,2866.6,3248.9,3,1,3248.8,64,5,3248.7,21,4,3248.6,73,3,3248.5,32,2,3249.0,2,2,3249.8,21,1,3249.9,10,1,3250.0,472,4,3250.1,7,2
11536,2025-12-30 10:15:01+05:30,3249.9,1,3246.79,176607,103848.0,102637.0,3250.0,3253.0,3239.8,3251.5,41711075,3576.6,2926.4,4322.95,2866.6,3249.0,36,4,3248.9,101,6,3248.8,76,6,3248.7,101,6,3248.6,167,6,3249.9,11,3,3250.0,451,3,3250.1,4,1,3250.2,22,1,3250.3,3,1
11536,2025-12-30 10:15:01+05:30,3249.9,1,3246.79,176607,103848.0,102637.0,3250.0,3253.0,3239.8,3251.5,41711075,3576.6,2926.4,4322.95,2866.6,3249.0,36,4,3248.9,101,6,3248.8,76,6,3248.7,101,6,3248.6,167,6,3249.9,11,3,3250.0,451,3,3250.1,4,1,3250.2,22,1,3250.3,3,1
11536,2025-12-30 10:15:02+05:30,3249.9,1,3246.79,176607,103855.0,102775.0,3250.0,3253.0,3239.8,3251.5,41711075,3576.6,2926.4,4322.95,2866.6,3249.0,25,3,3248.9,101,6,3248.8,116,8,3248.7,79,5,3248.6,167,6,3249.9,2,2,3250.0,451,3,3250.1,4,1,3250.2,22,1,3250.4,21,1
11536,2025-12-30 10:15:03+05:30,3249.8,5,3246.79,176620,105230.0,102424.0,3250.0,3253.0,3239.8,3251.5,41711075,3576.6,2926.4,4322.95,2866.6,3249.8,6,2,3249.6,9,1,3249.1,23,2,3249.0,71,2,3248.9,88,4,3249.9,3,3,3250.0,451,3,3250.1,4,1,3250.4,18,1,3250.6,25,2
11536,2025-12-30 10:15:03+05:30,3249.8,5,3246.79,176620,105230.0,102424.0,3250.0,3253.0,3239.8,3251.5,41711075,3576.6,2926.4,4322.95,2866.6,3249.8,6,2,3249.6,9,1,3249.1,23,2,3249.0,71,2,3248.9,88,4,3249.9,3,3,3250.0,451,3,3250.1,4,1,3250.4,18,1,3250.6,25,2
11536,2025-12-30 10:15:04+05:30,3249.8,4,3246.79,176624,105368.0,102434.0,3250.0,3253.0,3239.8,3251.5,41711075,3576.6,2926.4,4322.95,2866.6,3249.8,2,2,3249.6,9,1,3249.1,33,3,3249.0,61,1,3248.9,239,4,3249.9,3,3,3250.0,452,4,3250.1,4,1,3250.4,18,1,3250.5,22,1
11536,2025-12-30 10:15:04+05:30,3249.8,4,3246.79,176624,105368.0,102434.0,3250.0,3253.0,3239.8,3251.5,41711075,3576.6,2926.4,4322.95,2866.6,3249.8,2,2,3249.6,9,1,3249.1,33,3,3249.0,61,1,3248.9,239,4,3249.9,3,3,3250.0,452,4,3250.1,4,1,3250.4,18,1,3250.5,22,1
11536,2025-12-30 10:15:05+05:30,3249.8,2,3246.79,176629,105361.0,101238.0,3250.0,3253.0,3239.8,3251.5,41711075,3576.6,2926.4,4322.95,2866.6,3249.8,4,2,3249.6,9,1,3249.1,33,3,3249.0,61,1,3248.9,239,4,3249.9,6,5,3250.0,452,4,3250.1,4,1,3250.3,18,1,3250.4,22,1
11536,2025-12-30 10:15:05+05:30,3249.8,2,3246.79,176629,105361.0,101238.0,3250.0,3253.0,3239.8,3251.5,41711075,3576.6,2926.4,4322.95,2866.6,3249.8,4,2,3249.6,9,1,3249.1,33,3,3249.0,61,1,3248.9,239,4,3249.9,6,5,3250.0,452,4,3250.1,4,1,3250.3,18,1,3250.4,22,1
11536,2025-12-30 10:15:06+05:30,3249.8,1,3246.79,176631,105246.0,102986.0,3250.0,3253.0,3239.8,3251.5,41711075,3576.6,2926.4,4322.95,2866.6,3249.8,60,3,3249.6,9,1,3249.1,1,1,3249.0,61,1,3248.9,198,3,3249.9,5,4,3250.0,452,4,3250.1,4,1,3250.2,18,1,3250.4,6,1
11536,2025-12-30 10:15:06+05:30,3249.8,1,3246.79,176631,105246.0,102986.0,3250.0,3253.0,3239.8,3251.5,41711075,3576.6,2926.4,4322.95,2866.6,3249.8,60,3,3249.6,9,1,3249.1,1,1,3249.0,61,1,3248.9,198,3,3249.9,5,4,3250.0,452,4,3250.1,4,1,3250.2,18,1,3250.4,6,1
11536,2025-12-30 10:15:07+05:30,3249.9,1,3246.79,176632,105328.0,103030.0,3250.0,3253.0,3239.8,3251.5,41711075,3576.6,2926.4,4322.95,2866.6,3249.8,60,3,3249.1,1,1,3249.0,61,1,3248.9,208,4,3248.8,17,3,3249.9,6,5,3250.0,452,4,3250.1,4,1,3250.5,18,1,3250.6,35,3
11536,2025-12-30 10:15:07+05:30,3249.8,1,3246.79,176632,105328.0,103030.0,3250.0,3253.0,3239.8,3251.5,41711075,3576.6,2926.4,4322.95,2866.6,3249.8,60,3,3249.1,1,1,3249.0,61,1,3248.9,208,4,3248.8,17,3,3249.9,6,5,3250.0,452,4,3250.1,4,1,3250.5,18,1,3250.6,35,3
11536,2025-12-30 10:15:08+05:30,3249.9,1,3246.79,176646,105330.0,103022.0,3250.0,3253.0,3239.8,3251.5,41711075,3576.6,2926.4,4322.95,2866.6,3249.8,54,4,3249.1,1,1,3249.0,72,2,3248.9,198,3,3248.8,17,3,3249.9,19,6,3250.0,452,4,3250.1,4,1,3250.3,28,2,3250.4,22,1
11536,2025-12-30 10:15:08+05:30,3249.8,6,3246.79,176646,105330.0,103022.0,3250.0,3253.0,3239.8,3251.5,41711075,3576.6,2926.4,4322.95,2866.6,3249.8,54,4,3249.1,1,1,3249.0,72,2,3248.9,198,3,3248.8,17,3,3249.9,19,6,3250.0,452,4,3250.1,4,1,3250.3,28,2,3250.4,22,1
11536,2025-12-30 10:15:09+05:30,3249.8,4,3246.79,176686,104846.0,103296.0,3250.0,3253.0,3239.8,3251.5,41711075,3576.6,2926.4,4322.95,2866.6,3249.8,71,5,3249.6,11,1,3249.0,11,1,3248.8,10,3,3248.7,33,4,3249.9,55,8,3250.0,401,2,3250.1,22,2,3250.2,32,2,3250.3,22,2
11536,2025-12-30 10:15:09+05:30,3249.8,4,3246.79,176686,104846.0,103296.0,3250.0,3253.0,3239.8,3251.5,41711075,3576.6,2926.4,4322.95,2866.6,3249.8,71,5,3249.6,11,1,3249.0,11,1,3248.8,10,3,3248.7,33,4,3249.9,55,8,3250.0,401,2,3250.1,22,2,3250.2,32,2,3250.3,22,2
11536,2025-12-30 10:15:10+05:30,3249.8,28,3246.79,176736,104055.0,103332.0,3250.0,3253.0,3239.8,3251.5,41711075,3576.6,2926.4,4322.95,2866.6,3249.8,26,4,3249.7,11,1,3248.8,10,3,3248.7,29,3,3248.6,261,5,3249.9,79,13,3250.0,425,3,3250.1,16,3,3250.2,10,1,3250.3,22,2
11536,2025-12-30 10:15:10+05:30,3249.8,28,3246.79,176736,104055.0,103332.0,3250.0,3253.0,3239.8,3251.5,41711075,3576.6,2926.4,4322.95,2866.6,3249.8,26,4,3249.7,11,1,3248.8,10,3,3248.7,29,3,3248.6,261,5,3249.9,79,13,3250.0,425,3,3250.1,16,3,3250.2,10,1,3250.3,22,2
11536,2025-12-30 10:15:11+05:30,3249.8,3,3246.79,176743,104107.0,103443.0,3250.0,3253.0,3239.8,3251.5,41711075,3576.6,2926.4,4322.95,2866.6,3249.8,63,5,3249.7,11,1,3249.6,8,1,3248.8,10,3,3248.7,29,3,3249.9,78,13,3250.0,425,3,3250.1,10,2,3250.2,23,2,3250.3,22,2
11536,2025-12-30 10:15:11+05:30,3249.8,10,3246.79,176743,104107.0,103443.0,3250.0,3253.0,3239.8,3251.5,41711075,3576.6,2926.4,4322.95,2866.6,3249.8,63,5,3249.7,11,1,3249.6,8,1,3248.8,10,3,3248.7,29,3,3249.9,78,13,3250.0,425,3,3250.1,10,2,3250.2,23,2,3250.3,22,2
11536,2025-12-30 10:15:12+05:30,3249.8,8,3246.79,176770,104628.0,103441.0,3250.0,3253.0,3239.8,3251.5,41711075,3576.6,2926.4,4322.95,2866.6,3249.8,38,3,3249.7,11,1,3249.6,30,2,3248.8,10,3,3248.7,29,3,3249.9,76,12,3250.0,425,3,3250.1,10,2,3250.2,23,2,3250.3,22,2
11536,2025-12-30 10:15:12+05:30,3249.9,2,3246.79,176770,104628.0,103441.0,3250.0,3253.0,3239.8,3251.5,41711075,3576.6,2926.4,4322.95,2866.6,3249.8,38,3,3249.7,11,1,3249.6,30,2,3248.8,10,3,3248.7,29,3,3249.9,76,12,3250.0,425,3,3250.1,10,2,3250.2,23,2,3250.3,22,2
11536,2025-12-30 10:15:13+05:30,3249.8,2,3246.79,176780,102868.0,101496.0,3250.0,3253.0,3239.8,3251.5,41711075,3576.6,2926.4,4322.95,2866.6,3249.8,30,3,3249.7,11,1,3249.6,7,1,3248.9,246,3,3248.8,113,6,3249.9,49,13,3250.0,401,2,3250.1,4,1,3250.2,20,1,3250.3,24,1
11536,2025-12-30 10:15:13+05:30,3249.8,7,3246.79,176780,102868.0,101496.0,3250.0,3253.0,3239.8,3251.5,41711075,3576.6,2926.4,4322.95,2866.6,3249.8,30,3,3249.7,11,1,3249.6,7,1,3248.9,246,3,3248.8,113,6,3249.9,49,13,3250.0,401,2,3250.1,4,1,3250.2,20,1,3250.3,24,1
11536,2025-12-30 10:15:14+05:30,3249.8,5,3246.79,176798,103089.0,101544.0,3250.0,3253.0,3239.8,3251.5,41711075,3576.6,2926.4,4322.95,2866.6,3249.8,19,4,3249.7,11,1,3249.6,11,1,3249.2,13,1,3249.1,13,1,3249.9,45,9,3250.0,401,2,3250.1,4,1,3250.4,20,1,3250.5,9,1
11536,2025-12-30 10:15:14+05:30,3249.8,5,3246.79,176798,103089.0,101544.0,3250.0,3253.0,3239.8,3251.5,41711075,3576.6,2926.4,4322.95,2866.6,3249.8,19,4,3249.7,11,1,3249.6,11,1,3249.2,13,1,3249.1,13,1,3249.9,45,9,3250.0,401,2,3250.1,4,1,3250.4,20,1,3250.5,9,1
11536,2025-12-30 10:15:15+05:30,3249.7,2,3246.79,176814,102935.0,101304.0,3250.0,3253.0,3239.8,3251.5,41711075,3576.6,2926.4,4322.95,2866.6,3249.7,16,2,3249.6,11,1,3248.9,263,4,3248.8,36,4,3248.7,53,6,3249.9,44,9,3250.0,401,2,3250.1,4,1,3250.4,20,1,3250.6,20,1
11536,2025-12-30 10:15:15+05:30,3249.7,2,3246.79,176814,102935.0,101304.0,3250.0,3253.0,3239.8,3251.5,41711075,3576.6,2926.4,4322.95,2866.6,3249.7,16,2,3249.6,11,1,3248.9,263,4,3248.8,36,4,3248.7,53,6,3249.9,44,9,3250.0,401,2,3250.1,4,1,3250.4,20,1,3250.6,20,1
11536,2025-12-30 10:15:16+05:30,3249.9,3,3246.79,176826,103021.0,101369.0,3250.0,3253.0,3239.8,3251.5,41711075,3576.6,2926.4,4322.95,2866.6,3249.7,5,1,3248.9,31,3,3248.8,36,4,3248.7,225,7,3248.6,189,7,3249.9,40,11,3250.0,401,2,3250.1,4,1,3250.2,20,1,3250.4,53,3
11536,2025-12-30 10:15:16+05:30,3249.9,3,3246.79,176826,103021.0,101369.0,3250.0,3253.0,3239.8,3251.5,41711075,3576.6,2926.4,4322.95,2866.6,3249.7,5,1,3248.9,31,3,3248.8,36,4,3248.7,225,7,3248.6,189,7,3249.9,40,11,3250.0,401,2,3250.1,4,1,3250.2,20,1,3250.4,53,3
11536,2025-12-30 10:15:17+05:30,3249.0,2,3246.79,176833,103272.0,101174.0,3250.0,3253.0,3239.8,3251.5,41711075,3576.6,2926.4,4322.95,2866.6,3249.8,25,1,3249.6,14,2,3249.0,38,3,3248.9,22,3,3248.8,73,8,3249.9,41,12,3250.0,401,2,3250.1,4,1,3250.4,40,2,3250.5,24,1
11536,2025-12-30 10:15:17+05:30,3249.0,2,3246.79,176833,103272.0,101174.0,3250.0,3253.0,3239.8,3251.5,41711075,3576.6,2926.4,4322.95,2866.6,3249.8,25,1,3249.6,14,2,3249.0,38,3,3248.9,22,3,3248.8,73,8,3249.9,41,12,3250.0,401,2,3250.1,4,1,3250.4,40,2,3250.5,24,1
11536,2025-12-30 10:15:18+05:30,3250.0,23,3246.79,176903,103315.0,101192.0,3250.0,3253.0,3239.8,3251.5,41711075,3576.6,2926.4,4322.95,2866.6,3249.8,20,1,3249.6,7,1,3249.0,39,3,3248.9,28,4,3248.8,73,8,3250.0,378,2,3250.1,4,1,3250.4,20,1,3250.6,49,3,3250.8,41,5
11536,2025-12-30 10:15:18+05:30,3250.0,23,3246.79,176903,103315.0,101192.0,3250.0,3253.0,3239.8,3251.5,41711075,3576.6,2926.4,4322.95,2866.6,3249.8,20,1,3249.6,7,1,3249.0,39,3,3248.9,28,4,3248.8,73,8,3250.0,378,2,3250.1,4,1,3250.4,20,1,3250.6,49,3,3250.8,41,5
11536,2025-12-30 10:15:19+05:30,3250.0,23,3246.79,176903,103868.0,100847.0,3250.0,3253.0,3239.8,3251.5,41711075,3576.6,2926.4,4322.95,2866.6,3249.9,2,1,3249.8,67,2,3249.6,16,2,3249.4,9,1,3249.2,15,2,3250.0,381,4,3250.1,4,1,3250.6,20,1,3250.7,20,1,3250.8,26,3
11536,2025-12-30 10:15:20+05:30,3250.0,23,3246.79,176903,103827.0,100488.0,3250.0,3253.0,3239.8,3251.5,41711075,3576.6,2926.4,4322.95,2866.6,3249.9,2,1,3249.8,67,2,3249.6,16,2,3249.2,9,1,3249.0,18,3,3250.0,381,4,3250.1,4,1,3250.6,20,1,3250.7,20,1,3250.8,26,3
11536,2025-12-30 10:15:21+05:30,3249.9,19,3246.79,176922,103826.0,100483.0,3250.0,3253.0,3239.8,3251.5,41711075,3576.6,2926.4,4322.95,2866.6,3249.9,7,1,3249.8,67,2,3249.6,16,2,3249.2,9,1,3249.0,44,4,3250.0,383,7,3250.1,4,1,3250.5,44,2,3250.6,20,1,3250.8,35,4
11536,2025-12-30 10:15:21+05:30,3249.9,19,3246.79,176922,103826.0,100483.0,3250.0,3253.0,3239.8,3251.5,41711075,3576.6,2926.4,4322.95,2866.6,3249.9,7,1,3249.8,67,2,3249.6,16,2,3249.2,9,1,3249.0,44,4,3250.0,383,7,3250.1,4,1,3250.5,44,2,3250.6,20,1,3250.8,35,4
11536,2025-12-30 10:15:22+05:30,3249.9,3,3246.79,176935,103814.0,100704.0,3250.0,3253.0,3239.8,3251.5,41711075,3576.6,2926.4,4322.95,2866.6,3249.9,4,1,3249.8,67,2,3249.6,16,2,3249.0,54,5,3248.9,173,3,3250.0,384,8,3250.1,4,1,3250.4,20,1,3250.5,24,1,3250.6,29,2
11536,2025-12-30 10:15:22+05:30,3249.9,3,3246.79,176935,103814.0,100704.0,3250.0,3253.0,3239.8,3251.5,41711075,3576.6,2926.4,4322.95,2866.6,3249.9,4,1,3249.8,67,2,3249.6,16,2,3249.0,54,5,3248.9,173,3,3250.0,384,8,3250.1,4,1,3250.4,20,1,3250.5,24,1,3250.6,29,2
11536,2025-12-30 10:15:23+05:30,3249.9,6,3246.79,176935,103814.0,100704.0,3250.0,3253.0,3239.8,3251.5,41711075,3576.6,2926.4,4322.95,2866.6,3249.9,7,1,3249.8,67,2,3249.6,16,2,3249.0,54,5,3248.9,173,3,3250.0,385,9,3250.1,4,1,3250.2,9,1,3250.3,20,1,3250.4,33,2
11536,2025-12-30 10:15:23+05:30,3249.9,6,3246.79,176943,103813.0,100723.0,3250.0,3253.0,3239.8,3251.5,41711075,3576.6,2926.4,4322.95,2866.6,3249.9,7,1,3249.8,67,2,3249.6,16,2,3249.0,54,5,3248.9,173,3,3250.0,385,9,3250.1,4,1,3250.2,9,1,3250.3,20,1,3250.4,33,2
11536,2025-12-30 10:15:24+05:30,3249.9,1,3246.79,176943,103813.0,100723.0,3250.0,3253.0,3239.8,3251.5,41711075,3576.6,2926.4,4322.95,2866.6,3249.9,7,1,3249.8,67,2,3249.6,16,2,3249.0,54,5,3248.9,173,3,3250.0,385,9,3250.1,4,1,3250.2,9,1,3250.3,20,1,3250.4,33,2
11536,2025-12-30 10:15:24+05:30,3249.9,1,3246.79,176962,103784.0,100737.0,3250.0,3253.0,3239.8,3251.5,41711075,3576.6,2926.4,4322.95,2866.6,3249.9,75,2,3249.8,67,2,3249.6,16,2,3249.5,10,1,3249.2,9,1,3250.0,374,9,3250.1,4,1,3250.3,20,1,3250.4,24,1,3250.6,29,2
11536,2025-12-30 10:15:25+05:30,3249.9,2,3246.79,176962,103784.0,100737.0,3250.0,3253.0,3239.8,3251.5,41711075,3576.6,2926.4,4322.95,2866.6,3249.9,75,2,3249.8,67,2,3249.6,16,2,3249.5,10,1,3249.2,9,1,3250.0,374,9,3250.1,4,1,3250.3,20,1,3250.4,24,1,3250.6,29,2
11536,2025-12-30 10:15:25+05:30,3249.9,2,3246.79,176967,103778.0,100728.0,3250.0,3253.0,3239.8,3251.5,41711075,3576.6,2926.4,4322.95,2866.6,3249.9,81,3,3249.8,67,2,3249.6,16,2,3249.2,9,1,3249.0,44,4,3250.0,373,9,3250.1,4,1,3250.3,20,1,3250.4,24,1,3250.6,29,2
11536,2025-12-30 10:15:26+05:30,3249.9,1,3246.79,176967,103778.0,100728.0,3250.0,3253.0,3239.8,3251.5,41711075,3576.6,2926.4,4322.95,2866.6,3249.9,81,3,3249.8,67,2,3249.6,16,2,3249.2,9,1,3249.0,44,4,3250.0,373,9,3250.1,4,1,3250.3,20,1,3250.4,24,1,3250.6,29,2
11536,2025-12-30 10:15:26+05:30,3249.9,1,3246.79,176973,103463.0,100913.0,3250.0,3253.0,3239.8,3251.5,41711075,3576.6,2926.4,4322.95,2866.6,3249.9,65,2,3249.8,67,2,3249.7,9,1,3249.6,14,2,3249.0,12,2,3250.0,387,10,3250.1,4,1,3250.4,15,2,3250.5,29,2,3250.6,63,4
11536,2025-12-30 10:15:27+05:30,3249.9,2,3246.79,176973,103463.0,100913.0,3250.0,3253.0,3239.8,3251.5,41711075,3576.6,2926.4,4322.95,2866.6,3249.9,65,2,3249.8,67,2,3249.7,9,1,3249.6,14,2,3249.0,12,2,3250.0,387,10,3250.1,4,1,3250.4,15,2,3250.5,29,2,3250.6,63,4
11536,2025-12-30 10:15:28+05:30,3249.9,1,3246.79,176980,103321.0,101181.0,3250.0,3253.0,3239.8,3251.5,41711075,3576.6,2926.4,4322.95,2866.6,3249.9,77,5,3249.8,67,2,3249.6,16,2,3249.0,3,1,3248.9,169,3,3250.0,418,9,3250.1,13,2,3250.3,27,2,3250.4,33,2,3250.6,48,4
11536,2025-12-30 10:15:28+05:30,3249.9,1,3246.79,176980,103321.0,101181.0,3250.0,3253.0,3239.8,3251.5,41711075,3576.6,2926.4,4322.95,2866.6,3249.9,77,5,3249.8,67,2,3249.6,16,2,3249.0,3,1,3248.9,169,3,3250.0,418,9,3250.1,13,2,3250.3,27,2,3250.4,33,2,3250.6,48,4
11536,2025-12-30 10:15:29+05:30,3249.9,1,3246.79,176983,103885.0,101072.0,3250.0,3253.0,3239.8,3251.5,41711075,3576.6,2926.4,4322.95,2866.6,3249.9,64,4,3249.8,67,2,3249.7,10,1,3249.6,18,2,3249.0,3,1,3250.0,416,7,3250.1,4,1,3250.4,24,1,3250.6,68,5,3250.7,15,1
11536,2025-12-30 10:15:29+05:30,3250.0,1,3246.79,176983,103885.0,101072.0,3250.0,3253.0,3239.8,3251.5,41711075,3576.6,2926.4,4322.95,2866.6,3249.9,64,4,3249.8,67,2,3249.7,10,1,3249.6,18,2,3249.0,3,1,3250.0,416,7,3250.1,4,1,3250.4,24,1,3250.6,68,5,3250.7,15,1
11536,2025-12-30 10:15:30+05:30,3249.9,1,3246.79,176987,102831.0,101514.0,3250.0,3253.0,3239.8,3251.5,41711075,3576.6,2926.4,4322.95,2866.6,3249.9,61,4,3249.8,67,2,3249.7,10,1,3249.6,18,2,3249.0,3,1,3250.0,415,7,3250.1,4,1,3250.2,8,1,3250.3,27,2,3250.4,37,3
11536,2025-12-30 10:15:30+05:30,3249.9,1,3246.79,176987,102831.0,101514.0,3250.0,3253.0,3239.8,3251.5,41711075,3576.6,2926.4,4322.95,2866.6,3249.9,61,4,3249.8,67,2,3249.7,10,1,3249.6,18,2,3249.0,3,1,3250.0,415,7,3250.1,4,1,3250.2,8,1,3250.3,27,2,3250.4,37,3
11536,2025-12-30 10:15:31+05:30,3249.9,1,3246.79,176987,103285.0,100047.0,3250.0,3253.0,3239.8,3251.5,41711075,3576.6,2926.4,4322.95,2866.6,3249.9,72,5,3249.8,67,2,3249.6,17,2,3249.0,29,2,3248.9,28,3,3250.0,416,8,3250.1,12,2,3250.3,7,1,3250.4,34,3,3250.5,25,1
11536,2025-12-30 10:15:31+05:30,3249.9,1,3246.79,176987,103285.0,100047.0,3250.0,3253.0,3239.8,3251.5,41711075,3576.6,2926.4,4322.95,2866.6,3249.9,72,5,3249.8,67,2,3249.6,17,2,3249.0,29,2,3248.9,28,3,3250.0,416,8,3250.1,12,2,3250.3,7,1,3250.4,34,3,3250.5,25,1
11536,2025-12-30 10:15:32+05:30,3249.9,1,3246.79,176992,103646.0,101259.0,3250.0,3253.0,3239.8,3251.5,41711075,3576.6,2926.4,4322.95,2866.6,3249.9,58,4,3249.8,67,2,3249.7,10,1,3249.6,7,1,3249.0,29,2,3250.0,412,6,3250.1,4,1,3250.3,28,2,3250.4,13,2,3250.6,46,4
11536,2025-12-30 10:15:32+05:30,3250.0,10,3246.79,176992,103646.0,101259.0,3250.0,3253.0,3239.8,3251.5,41711075,3576.6,2926.4,4322.95,2866.6,3249.9,58,4,3249.8,67,2,3249.7,10,1,3249.6,7,1,3249.0,29,2,3250.0,412,6,3250.1,4,1,3250.3,28,2,3250.4,13,2,3250.6,46,4
11536,2025-12-30 10:15:33+05:30,3250.0,10,3246.79,177032,103531.0,101247.0,3250.0,3253.0,3239.8,3251.5,41711075,3576.6,2926.4,4322.95,2866.6,3249.9,58,4,3249.8,67,2,3249.7,10,1,3249.6,7,1,3249.0,29,2,3250.0,375,9,3250.3,15,2,3250.4,26,2,3250.5,4,1,3250.6,71,5
11536,2025-12-30 10:15:33+05:30,3249.9,1,3246.79,177032,103531.0,101247.0,3250.0,3253.0,3239.8,3251.5,41711075,3576.6,2926.4,4322.95,2866.6,3249.9,58,4,3249.8,67,2,3249.7,10,1,3249.6,7,1,3249.0,29,2,3250.0,375,9,3250.3,15,2,3250.4,26,2,3250.5,4,1,3250.6,71,5
11536,2025-12-30 10:15:34+05:30,3250.0,2,3246.79,177036,103528.0,101239.0,3250.0,3253.0,3239.8,3251.5,41711075,3576.6,2926.4,4322.95,2866.6,3249.9,66,5,3249.8,67,2,3249.6,7,1,3249.0,37,3,3248.9,20,2,3250.0,375,11,3250.3,28,2,3250.5,29,2,3250.6,46,4,3250.8,56,6
11536,2025-12-30 10:15:34+05:30,3249.9,9,3246.79,177036,103528.0,101239.0,3250.0,3253.0,3239.8,3251.5,41711075,3576.6,2926.4,4322.95,2866.6,3249.9,66,5,3249.8,67,2,3249.6,7,1,3249.0,37,3,3248.9,20,2,3250.0,375,11,3250.3,28,2,3250.5,29,2,3250.6,46,4,3250.8,56,6
11536,2025-12-30 10:15:35+05:30,3249.9,3,3246.79,177050,103423.0,101277.0,3250.0,3253.0,3239.8,3251.5,41711075,3576.6,2926.4,4322.95,2866.6,3249.9,45,5,3249.8,67,2,3249.7,10,1,3249.6,7,1,3249.0,37,3,3250.0,375,12,3250.3,7,1,3250.4,29,2,3250.5,29,2,3250.6,46,4
11536,2025-12-30 10:15:35+05:30,3249.9,5,3246.79,177050,103423.0,101277.0,3250.0,3253.0,3239.8,3251.5,41711075,3576.6,2926.4,4322.95,2866.6,3249.9,45,5,3249.8,67,2,3249.7,10,1,3249.6,7,1,3249.0,37,3,3250.0,375,12,3250.3,7,1,3250.4,29,2,3250.5,29,2,3250.6,46,4
11536,2025-12-30 10:15:36+05:30,3249.9,1,3246.79,177058,103267.0,101305.0,3250.0,3253.0,3239.8,3251.5,41711075,3576.6,2926.4,4322.95,2866.6,3249.9,48,6,3249.8,67,2,3249.6,14,2,3249.0,37,3,3248.9,20,2,3250.0,373,10,3250.3,28,2,3250.4,8,1,3250.5,29,2,3250.6,46,4
11536,2025-12-30 10:15:36+05:30,3249.9,1,3246.79,177058,103267.0,101305.0,3250.0,3253.0,3239.8,3251.5,41711075,3576.6,2926.4,4322.95,2866.6,3249.9,48,6,3249.8,67,2,3249.6,14,2,3249.0,37,3,3248.9,20,2,3250.0,373,10,3250.3,28,2,3250.4,8,1,3250.5,29,2,3250.6,46,4
11536,2025-12-30 10:15:37+05:30,3249.9,3,3246.79,177062,103224.0,101295.0,3250.0,3253.0,3239.8,3251.5,41711075,3576.6,2926.4,4322.95,2866.6,3249.9,33,5,3249.8,67,2,3249.7,9,1,3249.6,7,1,3249.0,11,2,3250.0,372,9,3250.3,36,3,3250.4,25,1,3250.5,4,1,3250.6,46,4
11536,2025-12-30 10:15:37+05:30,3249.9,3,3246.79,177062,103224.0,101295.0,3250.0,3253.0,3239.8,3251.5,41711075,3576.6,2926.4,4322.95,2866.6,3249.9,33,5,3249.8,67,2,3249.7,9,1,3249.6,7,1,3249.0,11,2,3250.0,372,9,3250.3,36,3,3250.4,25,1,3250.5,4,1,3250.6,46,4
11536,2025-12-30 10:15:38+05:30,3249.9,2,3246.79,177070,103164.0,101647.0,3250.0,3253.0,3239.8,3251.5,41711075,3576.6,2926.4,4322.95,2866.6,3249.9,135,7,3249.8,67,2,3249.6,7,1,3249.1,8,1,3249.0,3,1,3250.0,373,10,3250.2,21,1,3250.3,25,1,3250.5,4,1,3250.6,38,3
11536,2025-12-30 10:15:38+05:30,3250.0,2,3246.79,177070,103164.0,101647.0,3250.0,3253.0,3239.8,3251.5,41711075,3576.6,2926.4,4322.95,2866.6,3249.9,135,7,3249.8,67,2,3249.6,7,1,3249.1,8,1,3249.0,3,1,3250.0,373,10,3250.2,21,1,3250.3,25,1,3250.5,4,1,3250.6,38,3
11536,2025-12-30 10:15:39+05:30,3249.9,1,3246.79,177074,103253.0,101593.0,3250.0,3253.0,3239.8,3251.5,41711075,3576.6,2926.4,4322.95,2866.6,3249.9,176,7,3249.8,67,2,3249.7,10,1,3249.6,7,1,3249.0,3,1,3250.0,378,10,3250.2,8,1,3250.3,46,2,3250.4,13,2,3250.5,4,1
11536,2025-12-30 10:15:39+05:30,3249.9,1,3246.79,177074,103253.0,101593.0,3250.0,3253.0,3239.8,3251.5,41711075,3576.6,2926.4,4322.95,2866.6,3249.9,176,7,3249.8,67,2,3249.7,10,1,3249.6,7,1,3249.0,3,1,3250.0,378,10,3250.2,8,1,3250.3,46,2,3250.4,13,2,3250.5,4,1
11536,2025-12-30 10:15:40+05:30,3249.9,1,3246.79,177084,103358.0,101565.0,3250.0,3253.0,3239.8,3251.5,41711075,3576.6,2926.4,4322.95,2866.6,3249.9,276,8,3249.8,67,2,3249.6,46,3,3249.0,29,2,3248.9,3,1,3250.0,372,11,3250.1,8,1,3250.3,21,1,3250.4,17,2,3250.5,34,3
11536,2025-12-30 10:15:40+05:30,3250.0,1,3246.79,177084,103358.0,101565.0,3250.0,3253.0,3239.8,3251.5,41711075,3576.6,2926.4,4322.95,2866.6,3249.9,276,8,3249.8,67,2,3249.6,46,3,3249.0,29,2,3248.9,3,1,3250.0,372,11,3250.1,8,1,3250.3,21,1,3250.4,17,2,3250.5,34,3
11536,2025-12-30 10:15:41+05:30,3250.0,14,3246.79,177132,103323.0,101564.0,3250.0,3253.0,3239.8,3251.5,41711075,3576.6,2926.4,4322.95,2866.6,3249.9,257,6,3249.8,67,2,3249.6,46,3,3249.0,29,2,3248.9,3,1,3250.0,358,12,3250.1,8,1,3250.2,21,1,3250.3,30,2,3250.4,17,2
11536,2025-12-30 10:15:41+05:30,3250.0,14,3246.79,177132,103323.0,101564.0,3250.0,3253.0,3239.8,3251.5,41711075,3576.6,2926.4,4322.95,2866.6,3249.9,257,6,3249.8,67,2,3249.6,46,3,3249.0,29,2,3248.9,3,1,3250.0,358,12,3250.1,8,1,3250.2,21,1,3250.3,30,2,3250.4,17,2
11536,2025-12-30 10:15:42+05:30,3249.9,1,3246.79,177138,103122.0,101568.0,3250.0,3253.0,3239.8,3251.5,41711075,3576.6,2926.4,4322.95,2866.6,3249.9,251,6,3249.8,67,2,3249.6,46,3,3249.0,11,2,3248.9,3,1,3250.0,367,14,3250.2,29,2,3250.3,25,1,3250.4,22,3,3250.5,4,1
11536,2025-12-30 10:15:42+05:30,3250.0,3,3246.79,177138,103122.0,101568.0,3250.0,3253.0,3239.8,3251.5,41711075,3576.6,2926.4,4322.95,2866.6,3249.9,251,6,3249.8,67,2,3249.6,46,3,3249.0,11,2,3248.9,3,1,3250.0,367,14,3250.2,29,2,3250.3,25,1,3250.4,22,3,3250.5,4,1
11536,2025-12-30 10:15:43+05:30,3249.9,5,3246.79,177158,102945.0,103160.0,3250.0,3253.0,3239.8,3251.5,41711075,3576.6,2926.4,4322.95,2866.6,3249.9,234,6,3249.8,67,2,3249.6,46,3,3249.0,3,1,3248.9,3,1,3250.0,362,12,3250.1,21,1,3250.2,13,2,3250.3,25,1,3250.4,22,3
11536,2025-12-30 10:15:43+05:30,3249.9,1,3246.79,177158,102945.0,103160.0,3250.0,3253.0,3239.8,3251.5,41711075,3576.6,2926.4,4322.95,2866.6,3249.9,234,6,3249.8,67,2,3249.6,46,3,3249.0,3,1,3248.9,3,1,3250.0,362,12,3250.1,21,1,3250.2,13,2,3250.3,25,1,3250.4,22,3
11536,2025-12-30 10:15:44+05:30,3249.9,1,3246.79,177170,103091.0,103129.0,3250.0,3253.0,3239.8,3251.5,41711075,3576.6,2926.4,4322.95,2866.6,3249.9,223,7,3249.8,67,2,3249.6,46,3,3249.0,3,1,3248.9,3,1,3250.0,364,14,3250.1,21,1,3250.2,19,3,3250.3,25,1,3250.4,22,3
11536,2025-12-30 10:15:44+05:30,3249.9,1,3246.79,177170,103091.0,103129.0,3250.0,3253.0,3239.8,3251.5,41711075,3576.6,2926.4,4322.95,2866.6,3249.9,223,7,3249.8,67,2,3249.6,46,3,3249.0,3,1,3248.9,3,1,3250.0,364,14,3250.1,21,1,3250.2,19,3,3250.3,25,1,3250.4,22,3
11536,2025-12-30 10:15:45+05:30,3249.9,1,3246.79,177177,103085.0,103151.0,3250.0,3253.0,3239.8,3251.5,41711075,3576.6,2926.4,4322.95,2866.6,3249.9,217,7,3249.8,67,2,3249.6,46,3,3249.0,3,1,3248.9,3,1,3250.0,363,14,3250.1,21,1,3250.2,13,2,3250.3,25,1,3250.4,22,3
11536,2025-12-30 10:15:45+05:30,3249.9,11,3246.79,177177,103085.0,103151.0,3250.0,3253.0,3239.8,3251.5,41711075,3576.6,2926.4,4322.95,2866.6,3249.9,217,7,3249.8,67,2,3249.6,46,3,3249.0,3,1,3248.9,3,1,3250.0,363,14,3250.1,21,1,3250.2,13,2,3250.3,25,1,3250.4,22,3
11536,2025-12-30 10:15:46+05:30,3250.0,1,3246.8,177712,101531.0,104275.0,3250.0,3253.0,3239.8,3251.5,41711075,3576.6,2926.4,4322.95,2866.6,3249.8,60,2,3249.6,7,1,3249.0,3,1,3248.8,23,3,3248.7,2,2,3250.0,413,18,3250.2,19,3,3250.3,3,1,3250.4,22,3,3250.5,23,3
11536,2025-12-30 10:15:46+05:30,3250.0,1,3246.8,177712,101531.0,104275.0,3250.0,3253.0,3239.8,3251.5,41711075,3576.6,2926.4,4322.95,2866.6,3249.8,60,2,3249.6,7,1,3249.0,3,1,3248.8,23,3,3248.7,2,2,3250.0,413,18,3250.2,19,3,3250.3,3,1,3250.4,22,3,3250.5,23,3
11536,2025-12-30 10:15:47+05:30,3249.9,2,3246.8,177733,102540.0,104055.0,3250.0,3253.0,3239.8,3251.5,41711075,3576.6,2926.4,4322.95,2866.6,3249.9,5,1,3249.8,57,2,3249.6,7,1,3249.0,3,1,3248.8,23,3,3250.0,374,15,3250.2,12,2,3250.3,46,2,3250.4,22,3,3250.5,23,3
11536,2025-12-30 10:15:47+05:30,3249.9,2,3246.8,177733,102540.0,104055.0,3250.0,3253.0,3239.8,3251.5,41711075,3576.6,2926.4,4322.95,2866.6,3249.9,5,1,3249.8,57,2,3249.6,7,1,3249.0,3,1,3248.8,23,3,3250.0,374,15,3250.2,12,2,3250.3,46,2,3250.4,22,3,3250.5,23,3
11536,2025-12-30 10:15:48+05:30,3249.9,1,3246.8,177737,102544.0,104056.0,3250.0,3253.0,3239.8,3251.5,41711075,3576.6,2926.4,4322.95,2866.6,3249.9,1,1,3249.8,57,2,3249.6,7,1,3249.0,3,1,3248.8,23,3,3250.0,375,16,3250.2,33,3,3250.3,25,1,3250.4,22,3,3250.5,23,3
11536,2025-12-30 10:15:48+05:30,3249.8,37,3246.8,177737,102544.0,104056.0,3250.0,3253.0,3239.8,3251.5,41711075,3576.6,2926.4,4322.95,2866.6,3249.9,1,1,3249.8,57,2,3249.6,7,1,3249.0,3,1,3248.8,23,3,3250.0,375,16,3250.2,33,3,3250.3,25,1,3250.4,22,3,3250.5,23,3
11536,2025-12-30 10:15:49+05:30,3249.6,3,3246.81,178084,101783.0,104061.0,3250.0,3253.0,3239.8,3251.5,41711075,3576.6,2926.4,4322.95,2866.6,3249.6,7,1,3249.0,3,1,3248.8,23,3,3248.7,2,2,3248.6,71,3,3249.9,38,4,3250.0,350,12,3250.1,6,1,3250.2,58,5,3250.3,17,3
11536,2025-12-30 10:15:49+05:30,3249.0,1,3246.81,178084,101783.0,104061.0,3250.0,3253.0,3239.8,3251.5,41711075,3576.6,2926.4,4322.95,2866.6,3249.6,7,1,3249.0,3,1,3248.8,23,3,3248.7,2,2,3248.6,71,3,3249.9,38,4,3250.0,350,12,3250.1,6,1,3250.2,58,5,3250.3,17,3
11536,2025-12-30 10:15:50+05:30,3249.0,1,3246.81,178136,100622.0,104413.0,3250.0,3253.0,3239.8,3251.5,41711075,3576.6,2926.4,4322.95,2866.6,3248.8,32,4,3248.7,13,3,3248.6,94,5,3248.5,149,4,3248.4,66,5,3249.5,13,5,3249.8,23,2,3249.9,44,6,3250.0,368,8,3250.1,6,1
11536,2025-12-30 10:15:50+05:30,3248.8,2,3246.81,178136,100622.0,104413.0,3250.0,3253.0,3239.8,3251.5,41711075,3576.6,2926.4,4322.95,2866.6,3248.8,32,4,3248.7,13,3,3248.6,94,5,3248.5,149,4,3248.4,66,5,3249.5,13,5,3249.8,23,2,3249.9,44,6,3250.0,368,8,3250.1,6,1
11536,2025-12-30 10:15:51+05:30,3248.7,9,3246.81,178252,100572.0,103484.0,3250.0,3253.0,3239.8,3251.5,41711075,3576.6,2926.4,4322.95,2866.6,3248.6,141,7,3248.5,89,6,3248.4,35,3,3248.3,47,4,3248.2,54,7,3249.5,11,5,3249.9,194,4,3250.0,340,4,3250.1,15,2,3250.2,63,4
11536,2025-12-30 10:15:51+05:30,3249.5,1,3246.81,178252,100572.0,103484.0,3250.0,3253.0,3239.8,3251.5,41711075,3576.6,2926.4,4322.95,2866.6,3248.6,141,7,3248.5,89,6,3248.4,35,3,3248.3,47,4,3248.2,54,7,3249.5,11,5,3249.9,194,4,3250.0,340,4,3250.1,15,2,3250.2,63,4
11536,2025-12-30 10:15:52+05:30,3249.5,1,3246.81,178253,100576.0,103457.0,3250.0,3253.0,3239.8,3251.5,41711075,3576.6,2926.4,4322.95,2866.6,3248.6,129,6,3248.5,89,6,3248.4,35,3,3248.3,47,4,3248.2,54,7,3249.5,12,7,3249.9,194,4,3250.0,340,4,3250.1,15,2,3250.2,63,4
11536,2025-12-30 10:15:52+05:30,3248.6,3,3246.81,178253,100576.0,103457.0,3250.0,3253.0,3239.8,3251.5,41711075,3576.6,2926.4,4322.95,2866.6,3248.6,129,6,3248.5,89,6,3248.4,35,3,3248.3,47,4,3248.2,54,7,3249.5,12,7,3249.9,194,4,3250.0,340,4,3250.1,15,2,3250.2,63,4
11536,2025-12-30 10:15:53+05:30,3248.6,4,3246.81,178328,100522.0,104035.0,3250.0,3253.0,3239.8,3251.5,41711075,3576.6,2926.4,4322.95,2866.6,3248.6,45,3,3248.5,58,4,3248.4,26,2,3248.3,68,5,3248.2,82,8,3249.5,122,9,3249.7,20,1,3249.8,25,1,3249.9,7,1,3250.0,306,3
11536,2025-12-30 10:15:53+05:30,3248.6,10,3246.81,178328,100522.0,104035.0,3250.0,3253.0,3239.8,3251.5,41711075,3576.6,2926.4,4322.95,2866.6,3248.6,45,3,3248.5,58,4,3248.4,26,2,3248.3,68,5,3248.2,82,8,3249.5,122,9,3249.7,20,1,3249.8,25,1,3249.9,7,1,3250.0,306,3
11536,2025-12-30 10:15:54+05:30,3248.6,1,3246.81,178339,100359.0,104442.0,3250.0,3253.0,3239.8,3251.5,41711075,3576.6,2926.4,4322.95,2866.6,3248.6,34,3,3248.5,68,5,3248.4,26,2,3248.3,55,4,3248.2,82,8,3249.5,125,12,3249.6,21,1,3249.7,20,1,3249.8,25,1,3249.9,16,2
11536,2025-12-30 10:15:54+05:30,3248.6,2,3246.81,178339,100359.0,104442.0,3250.0,3253.0,3239.8,3251.5,41711075,3576.6,2926.4,4322.95,2866.6,3248.6,34,3,3248.5,68,5,3248.4,26,2,3248.3,55,4,3248.2,82,8,3249.5,125,12,3249.6,21,1,3249.7,20,1,3249.8,25,1,3249.9,16,2
11536,2025-12-30 10:15:55+05:30,3249.5,1,3246.81,178371,100197.0,104563.0,3250.0,3253.0,3239.8,3251.5,41711075,3576.6,2926.4,4322.95,2866.6,3248.6,40,3,3248.5,68,5,3248.4,26,2,3248.3,55,4,3248.2,82,8,3249.5,121,11,3249.6,21,1,3249.7,20,1,3249.8,34,2,3249.9,7,1
11536,2025-12-30 10:15:55+05:30,3248.6,4,3246.81,178371,100197.0,104563.0,3250.0,3253.0,3239.8,3251.5,41711075,3576.6,2926.4,4322.95,2866.6,3248.6,40,3,3248.5,68,5,3248.4,26,2,3248.3,55,4,3248.2,82,8,3249.5,121,11,3249.6,21,1,3249.7,20,1,3249.8,34,2,3249.9,7,1
11536,2025-12-30 10:15:56+05:30,3248.6,8,3246.81,178391,100279.0,104563.0,3250.0,3253.0,3239.8,3251.5,41711075,3576.6,2926.4,4322.95,2866.6,3248.6,39,4,3248.5,57,4,3248.4,13,1,3248.3,27,2,3248.2,82,8,3249.5,121,13,3249.6,21,1,3249.7,54,3,3249.9,7,1,3250.0,321,5
11536,2025-12-30 10:15:56+05:30,3248.6,2,3246.81,178391,100279.0,104563.0,3250.0,3253.0,3239.8,3251.5,41711075,3576.6,2926.4,4322.95,2866.6,3248.6,39,4,3248.5,57,4,3248.4,13,1,3248.3,27,2,3248.2,82,8,3249.5,121,13,3249.6,21,1,3249.7,54,3,3249.9,7,1,3250.0,321,5
11536,2025-12-30 10:15:57+05:30,3249.5,2,3246.81,178403,100426.0,104616.0,3250.0,3253.0,3239.8,3251.5,41711075,3576.6,2926.4,4322.95,2866.6,3248.6,63,6,3248.5,81,6,3248.4,43,3,3248.3,27,2,3248.2,91,9,3249.5,104,14,3249.6,21,1,3249.7,45,2,3249.9,7,1,3250.0,321,5
11536,2025-12-30 10:15:57+05:30,3249.5,16,3246.81,178403,100426.0,104616.0,3250.0,3253.0,3239.8,3251.5,41711075,3576.6,2926.4,4322.95,2866.6,3248.6,63,6,3248.5,81,6,3248.4,43,3,3248.3,27,2,3248.2,91,9,3249.5,104,14,3249.6,21,1,3249.7,45,2,3249.9,7,1,3250.0,321,5
11536,2025-12-30 10:15:58+05:30,3249.5,16,3246.82,178933,100850.0,100423.0,3250.0,3253.0,3239.8,3251.5,41711075,3576.6,2926.4,4322.95,2866.6,3248.9,76,5,3248.8,43,3,3248.7,66,5,3248.6,54,6,3248.5,81,6,3249.5,25,3,3250.1,28,1,3250.2,21,1,3250.3,3,1,3250.4,23,2
11536,2025-12-30 10:15:58+05:30,3249.5,3,3246.82,178933,100850.0,100423.0,3250.0,3253.0,3239.8,3251.5,41711075,3576.6,2926.4,4322.95,2866.6,3248.9,76,5,3248.8,43,3,3248.7,66,5,3248.6,54,6,3248.5,81,6,3249.5,25,3,3250.1,28,1,3250.2,21,1,3250.3,3,1,3250.4,23,2
11536,2025-12-30 10:15:59+05:30,3249.5,1,3246.82,179049,101372.0,103680.0,3250.0,3253.0,3239.8,3251.5,41711075,3576.6,2926.4,4322.95,2866.6,3249.0,92,5,3248.9,85,5,3248.8,46,3,3248.7,42,3,3248.6,62,7,3249.5,30,6,3250.1,28,1,3250.2,21,1,3250.3,3,1,3250.4,23,2
11536,2025-12-30 10:15:59+05:30,3249.5,1,3246.82,179049,101372.0,103680.0,3250.0,3253.0,3239.8,3251.5,41711075,3576.6,2926.4,4322.95,2866.6,3249.0,92,5,3248.9,85,5,3248.8,46,3,3248.7,42,3,3248.6,62,7,3249.5,30,6,3250.1,28,1,3250.2,21,1,3250.3,3,1,3250.4,23,2
11536,2025-12-30 10:16:00+05:30,3249.5,2,3246.83,179182,104684.0,103278.0,3250.0,3253.0,3239.8,3251.5,41711075,3576.6,2926.4,4322.95,2866.6,3249.2,113,7,3249.1,26,3,3249.0,71,8,3248.9,77,4,3248.8,53,4,3249.5,10,4,3250.3,3,1,3250.4,23,2,3250.5,4,1,3250.6,36,3
11536,2025-12-30 10:16:00+05:30,3249.5,2,3246.83,179182,104684.0,103278.0,3250.0,3253.0,3239.8,3251.5,41711075,3576.6,2926.4,4322.95,2866.6,3249.2,113,7,3249.1,26,3,3249.0,71,8,3248.9,77,4,3248.8,53,4,3249.5,10,4,3250.3,3,1,3250.4,23,2,3250.5,4,1,3250.6,36,3
11536,2025-12-30 10:16:01+05:30,3249.5,2,3246.83,179260,105746.0,101456.0,3250.0,3253.0,3239.8,3251.5,41711075,3576.6,2926.4,4322.95,2866.6,3249.5,110,6,3249.4,32,2,3249.3,95,8,3249.2,86,7,3249.1,21,4,3250.5,9,3,3250.6,13,1,3250.8,20,2,3250.9,182,3,3251.0,188,8
11536,2025-12-30 10:16:01+05:30,3250.5,1,3246.83,179260,105746.0,101456.0,3250.0,3253.0,3239.8,3251.5,41711075,3576.6,2926.4,4322.95,2866.6,3249.5,110,6,3249.4,32,2,3249.3,95,8,3249.2,86,7,3249.1,21,4,3250.5,9,3,3250.6,13,1,3250.8,20,2,3250.9,182,3,3251.0,188,8
11536,2025-12-30 10:16:02+05:30,3250.5,1,3246.83,179261,106453.0,101168.0,3250.0,3253.0,3239.8,3251.5,41711075,3576.6,2926.4,4322.95,2866.6,3249.5,121,7,3249.4,40,3,3249.3,95,8,3249.2,86,7,3249.1,13,3,3250.5,9,4,3250.8,24,3,3250.9,182,3,3251.0,188,8,3251.1,26,1
11536,2025-12-30 10:16:03+05:30,3250.0,23,3246.83,179285,106265.0,101453.0,3250.0,3253.0,3239.8,3251.5,41711075,3576.6,2926.4,4322.95,2866.6,3250.0,13,1,3249.9,40,1,3249.6,94,7,3249.5,102,6,3249.4,55,6,3250.5,5,3,3250.9,182,3,3251.0,188,8,3251.1,26,1,3251.2,52,4
11536,2025-12-30 10:16:03+05:30,3250.5,4,3246.83,179285,106265.0,101453.0,3250.0,3253.0,3239.8,3251.5,41711075,3576.6,2926.4,4322.95,2866.6,3250.0,13,1,3249.9,40,1,3249.6,94,7,3249.5,102,6,3249.4,55,6,3250.5,5,3,3250.9,182,3,3251.0,188,8,3251.1,26,1,3251.2,52,4
11536,2025-12-30 10:16:04+05:30,3250.5,1,3246.83,179297,106294.0,101537.0,3250.0,3253.0,3239.8,3251.5,41711075,3576.6,2926.4,4322.95,2866.6,3250.0,61,3,3249.9,51,2,3249.6,118,8,3249.5,78,5,3249.4,55,6,3250.5,9,6,3250.9,182,3,3251.0,188,8,3251.2,52,4,3251.4,88,5
11536,2025-12-30 10:16:04+05:30,3250.0,9,3246.83,179297,106294.0,101537.0,3250.0,3253.0,3239.8,3251.5,41711075,3576.6,2926.4,4322.95,2866.6,3250.0,61,3,3249.9,51,2,3249.6,118,8,3249.5,78,5,3249.4,55,6,3250.5,9,6,3250.9,182,3,3251.0,188,8,3251.2,52,4,3251.4,88,5
11536,2025-12-30 10:16:05+05:30,3250.5,1,3246.83,179307,106153.0,101614.0,3250.0,3253.0,3239.8,3251.5,41711075,3576.6,2926.4,4322.95,2866.6,3250.0,52,3,3249.9,40,1,3249.6,62,5,3249.5,78,5,3249.4,44,5,3250.5,10,7,3250.8,21,1,3250.9,206,4,3251.0,188,8,3251.2,52,4
11536,2025-12-30 10:16:05+05:30,3250.0,2,3246.83,179307,106153.0,101614.0,3250.0,3253.0,3239.8,3251.5,41711075,3576.6,2926.4,4322.95,2866.6,3250.0,52,3,3249.9,40,1,3249.6,62,5,3249.5,78,5,3249.4,44,5,3250.5,10,7,3250.8,21,1,3250.9,206,4,3251.0,188,8,3251.2,52,4
11536,2025-12-30 10:16:06+05:30,3250.0,4,3246.83,179316,106352.0,101340.0,3250.0,3253.0,3239.8,3251.5,41711075,3576.6,2926.4,4322.95,2866.6,3250.0,56,3,3249.9,40,1,3249.6,62,5,3249.5,102,6,3249.4,36,4,3250.5,12,9,3250.9,203,4,3251.0,188,8,3251.1,7,1,3251.2,56,4
11536,2025-12-30 10:16:06+05:30,3251.0,11,3246.83,179316,106352.0,101340.0,3250.0,3253.0,3239.8,3251.5,41711075,3576.6,2926.4,4322.95,2866.6,3250.0,56,3,3249.9,40,1,3249.6,62,5,3249.5,102,6,3249.4,36,4,3250.5,12,9,3250.9,203,4,3251.0,188,8,3251.1,7,1,3251.2,56,4
11536,2025-12-30 10:16:07+05:30,3251.0,11,3246.84,179711,106609.0,100354.0,3250.0,3253.0,3239.8,3251.5,41711075,3576.6,2926.4,4322.95,2866.6,3250.0,53,3,3249.9,48,2,3249.8,27,2,3249.6,79,7,3249.5,65,4,3250.9,17,1,3251.0,86,8,3251.1,31,2,3251.2,69,6,3251.3,157,2
11536,2025-12-30 10:16:07+05:30,3251.0,11,3246.84,179711,106639.0,98652.0,3250.0,3253.0,3239.8,3251.5,41711075,3576.6,2926.4,4322.95,2866.6,3250.0,53,3,3249.9,58,3,3249.8,53,3,3249.7,24,1,3249.6,89,9,3251.0,66,6,3251.1,31,2,3251.2,25,3,3251.3,157,2,3251.4,60,3
11536,2025-12-30 10:16:08+05:30,3250.0,19,3246.84,179711,106639.0,98652.0,3250.0,3253.0,3239.8,3251.5,41711075,3576.6,2926.4,4322.95,2866.6,3250.0,53,3,3249.9,58,3,3249.8,53,3,3249.7,24,1,3249.6,89,9,3251.0,66,6,3251.1,31,2,3251.2,25,3,3251.3,157,2,3251.4,60,3
11536,2025-12-30 10:16:09+05:30,3250.0,19,3246.84,179831,106504.0,99715.0,3250.0,3253.0,3239.8,3251.5,41711075,3576.6,2926.4,4322.95,2866.6,3250.0,13,1,3249.9,50,2,3249.8,13,1,3249.6,89,9,3249.5,65,4,3250.8,4,1,3250.9,38,2,3251.0,73,7,3251.1,10,1,3251.2,85,7
11536,2025-12-30 10:16:09+05:30,3250.0,47,3246.84,179831,106504.0,99715.0,3250.0,3253.0,3239.8,3251.5,41711075,3576.6,2926.4,4322.95,2866.6,3250.0,13,1,3249.9,50,2,3249.8,13,1,3249.6,89,9,3249.5,65,4,3250.8,4,1,3250.9,38,2,3251.0,73,7,3251.1,10,1,3251.2,85,7
11536,2025-12-30 10:16:10+05:30,3250.0,47,3246.84,179891,106327.0,100826.0,3250.0,3253.0,3239.8,3251.5,41711075,3576.6,2926.4,4322.95,2866.6,3250.0,31,4,3249.9,104,3,3249.8,112,4,3249.6,90,9,3249.5,88,6,3250.8,10,5,3251.0,47,4,3251.2,82,5,3251.3,150,1,3251.4,86,4
11536,2025-12-30 10:16:10+05:30,3249.9,30,3246.84,179891,106327.0,100826.0,3250.0,3253.0,3239.8,3251.5,41711075,3576.6,2926.4,4322.95,2866.6,3250.0,31,4,3249.9,104,3,3249.8,112,4,3249.6,90,9,3249.5,88,6,3250.8,10,5,3251.0,47,4,3251.2,82,5,3251.3,150,1,3251.4,86,4
11536,2025-12-30 10:16:11+05:30,3249.9,15,3246.84,179978,106246.0,100312.0,3250.0,3253.0,3239.8,3251.5,41711075,3576.6,2926.4,4322.95,2866.6,3249.9,49,2,3249.8,78,2,3249.6,90,9,3249.5,88,6,3249.4,59,6,3250.8,12,8,3251.0,89,6,3251.1,8,1,3251.2,70,5,3251.3,162,2
11536,2025-12-30 10:16:11+05:30,3249.9,5,3246.84,179978,106246.0,100312.0,3250.0,3253.0,3239.8,3251.5,41711075,3576.6,2926.4,4322.95,2866.6,3249.9,49,2,3249.8,78,2,3249.6,90,9,3249.5,88,6,3249.4,59,6,3250.8,12,8,3251.0,89,6,3251.1,8,1,3251.2,70,5,3251.3,162,2
11536,2025-12-30 10:16:12+05:30,3249.9,2,3246.84,180019,106105.0,100340.0,3250.0,3253.0,3239.8,3251.5,41711075,3576.6,2926.4,4322.95,2866.6,3249.9,8,1,3249.8,54,1,3249.6,75,7,3249.5,88,6,3249.4,39,5,3250.7,34,2,3250.8,23,9,3250.9,62,4,3251.0,69,5,3251.2,90,7
11536,2025-12-30 10:16:12+05:30,3250.7,2,3246.84,180019,106105.0,100340.0,3250.0,3253.0,3239.8,3251.5,41711075,3576.6,2926.4,4322.95,2866.6,3249.9,8,1,3249.8,54,1,3249.6,75,7,3249.5,88,6,3249.4,39,5,3250.7,34,2,3250.8,23,9,3250.9,62,4,3251.0,69,5,3251.2,90,7
11536,2025-12-30 10:16:13+05:30,3249.9,9,3246.84,180060,106091.0,100381.0,3250.0,3253.0,3239.8,3251.5,41711075,3576.6,2926.4,4322.95,2866.6,3249.9,1,1,3249.8,54,1,3249.6,58,5,3249.5,73,5,3249.4,39,5,3250.7,20,5,3250.8,5,4,3250.9,62,4,3251.0,69,5,3251.2,90,7
11536,2025-12-30 10:16:13+05:30,3249.9,9,3246.84,180060,106091.0,100381.0,3250.0,3253.0,3239.8,3251.5,41711075,3576.6,2926.4,4322.95,2866.6,3249.9,1,1,3249.8,54,1,3249.6,58,5,3249.5,73,5,3249.4,39,5,3250.7,20,5,3250.8,5,4,3250.9,62,4,3251.0,69,5,3251.2,90,7
11536,2025-12-30 10:16:14+05:30,3249.9,13,3246.84,180081,106104.0,100380.0,3250.0,3253.0,3239.8,3251.5,41711075,3576.6,2926.4,4322.95,2866.6,3249.9,10,1,3249.8,54,1,3249.6,58,5,3249.5,73,5,3249.4,51,6,3250.7,23,8,3250.8,25,2,3250.9,38,3,3251.0,69,5,3251.2,90,7
11536,2025-12-30 10:16:14+05:30,3249.9,5,3246.84,180081,106104.0,100380.0,3250.0,3253.0,3239.8,3251.5,41711075,3576.6,2926.4,4322.95,2866.6,3249.9,10,1,3249.8,54,1,3249.6,58,5,3249.5,73,5,3249.4,51,6,3250.7,23,8,3250.8,25,2,3250.9,38,3,3251.0,69,5,3251.2,90,7
11536,2025-12-30 10:16:15+05:30,3250.7,2,3246.84,180096,106289.0,100432.0,3250.0,3253.0,3239.8,3251.5,41711075,3576.6,2926.4,4322.95,2866.6,3249.9,4,1,3249.8,54,1,3249.6,58,5,3249.5,73,5,3249.4,51,6,3250.7,22,11,3250.8,25,2,3250.9,51,4,3251.0,109,7,3251.2,89,7
11536,2025-12-30 10:16:15+05:30,3249.9,10,3246.84,180096,106289.0,100432.0,3250.0,3253.0,3239.8,3251.5,41711075,3576.6,2926.4,4322.95,2866.6,3249.9,4,1,3249.8,54,1,3249.6,58,5,3249.5,73,5,3249.4,51,6,3250.7,22,11,3250.8,25,2,3250.9,51,4,3251.0,109,7,3251.2,89,7
11536,2025-12-30 10:16:16+05:30,3249.8,1,3246.84,180110,105908.0,100521.0,3250.0,3253.0,3239.8,3251.5,41711075,3576.6,2926.4,4322.95,2866.6,3249.8,52,1,3249.6,31,4,3249.5,78,5,3249.4,106,8,3249.3,52,4,3249.9,4,4,3250.7,19,9,3250.8,46,3,3250.9,18,1,3251.0,95,6
11536,2025-12-30 10:16:16+05:30,3249.9,1,3246.84,180110,105908.0,100521.0,3250.0,3253.0,3239.8,3251.5,41711075,3576.6,2926.4,4322.95,2866.6,3249.8,52,1,3249.6,31,4,3249.5,78,5,3249.4,106,8,3249.3,52,4,3249.9,4,4,3250.7,19,9,3250.8,46,3,3250.9,18,1,3251.0,95,6
11536,2025-12-30 10:16:17+05:30,3249.8,1,3246.85,180131,106055.0,100571.0,3250.0,3253.0,3239.8,3251.5,41711075,3576.6,2926.4,4322.95,2866.6,3249.8,37,1,3249.7,27,1,3249.6,27,3,3249.5,59,3,3249.4,48,5,3249.9,4,4,3250.7,15,5,3250.8,46,3,3250.9,18,1,3251.0,69,5
11536,2025-12-30 10:16:17+05:30,3249.8,1,3246.85,180131,106055.0,100571.0,3250.0,3253.0,3239.8,3251.5,41711075,3576.6,2926.4,4322.95,2866.6,3249.8,37,1,3249.7,27,1,3249.6,27,3,3249.5,59,3,3249.4,48,5,3249.9,4,4,3250.7,15,5,3250.8,46,3,3250.9,18,1,3251.0,69,5
11536,2025-12-30 10:16:18+05:30,3249.8,1,3246.85,180138,106016.0,100613.0,3250.0,3253.0,3239.8,3251.5,41711075,3576.6,2926.4,4322.95,2866.6,3249.8,30,1,3249.7,27,1,3249.6,18,2,3249.5,59,3,3249.4,48,5,3249.9,49,7,3250.6,24,1,3250.7,12,2,3250.8,22,2,3250.9,18,1
11536,2025-12-30 10:16:18+05:30,3249.8,5,3246.85,180138,106016.0,100613.0,3250.0,3253.0,3239.8,3251.5,41711075,3576.6,2926.4,4322.95,2866.6,3249.8,30,1,3249.7,27,1,3249.6,18,2,3249.5,59,3,3249.4,48,5,3249.9,49,7,3250.6,24,1,3250.7,12,2,3250.8,22,2,3250.9,18,1
11536,2025-12-30 10:16:19+05:30,3249.9,1,3246.85,180197,106433.0,100451.0,3250.0,3253.0,3239.8,3251.5,41711075,3576.6,2926.4,4322.95,2866.6,3249.8,128,4,3249.6,66,5,3249.5,84,4,3249.4,37,4,3249.3,158,8,3250.8,4,3,3250.9,36,3,3251.0,69,5,3251.1,7,1,3251.2,61,5
11536,2025-12-30 10:16:19+05:30,3249.8,1,3246.85,180197,106433.0,100451.0,3250.0,3253.0,3239.8,3251.5,41711075,3576.6,2926.4,4322.95,2866.6,3249.8,128,4,3249.6,66,5,3249.5,84,4,3249.4,37,4,3249.3,158,8,3250.8,4,3,3250.9,36,3,3251.0,69,5,3251.1,7,1,3251.2,61,5
11536,2025-12-30 10:16:20+05:30,3250.8,1,3246.85,180201,106458.0,100292.0,3250.0,3253.0,3239.8,3251.5,41711075,3576.6,2926.4,4322.95,2866.6,3249.8,127,4,3249.7,19,1,3249.6,89,6,3249.5,84,4,3249.4,37,4,3250.8,3,2,3250.9,18,1,3251.0,69,5,3251.2,61,5,3251.3,179,3
11536,2025-12-30 10:16:20+05:30,3250.8,1,3246.85,180201,106458.0,100292.0,3250.0,3253.0,3239.8,3251.5,41711075,3576.6,2926.4,4322.95,2866.6,3249.8,127,4,3249.7,19,1,3249.6,89,6,3249.5,84,4,3249.4,37,4,3250.8,3,2,3250.9,18,1,3251.0,69,5,3251.2,61,5,3251.3,179,3
11536,2025-12-30 10:16:21+05:30,3249.9,13,3246.85,180215,106803.0,100478.0,3250.0,3253.0,3239.8,3251.5,41711075,3576.6,2926.4,4322.95,2866.6,3249.9,14,1,3249.8,97,3,3249.7,19,1,3249.6,66,5,3249.5,84,4,3250.8,3,3,3250.9,29,2,3251.0,69,5,3251.2,61,5,3251.3,205,4
11536,2025-12-30 10:16:21+05:30,3249.9,13,3246.85,180215,106803.0,100478.0,3250.0,3253.0,3239.8,3251.5,41711075,3576.6,2926.4,4322.95,2866.6,3249.9,14,1,3249.8,97,3,3249.7,19,1,3249.6,66,5,3249.5,84,4,3250.8,3,3,3250.9,29,2,3251.0,69,5,3251.2,61,5,3251.3,205,4
11536,2025-12-30 10:16:22+05:30,3249.9,13,3246.85,180215,106812.0,100506.0,3250.0,3253.0,3239.8,3251.5,41711075,3576.6,2926.4,4322.95,2866.6,3249.9,16,2,3249.8,97,3,3249.7,19,1,3249.6,66,5,3249.5,84,4,3250.8,5,5,3250.9,29,2,3251.0,76,6,3251.2,70,6,3251.3,205,4
11536,2025-12-30 10:16:22+05:30,3249.9,1,3246.85,180215,106812.0,100506.0,3250.0,3253.0,3239.8,3251.5,41711075,3576.6,2926.4,4322.95,2866.6,3249.9,16,2,3249.8,97,3,3249.7,19,1,3249.6,66,5,3249.5,84,4,3250.8,5,5,3250.9,29,2,3251.0,76,6,3251.2,70,6,3251.3,205,4
11536,2025-12-30 10:16:23+05:30,3249.9,1,3246.85,180225,106500.0,100549.0,3250.0,3253.0,3239.8,3251.5,41711075,3576.6,2926.4,4322.95,2866.6,3250.0,4,1,3249.9,2,1,3249.8,74,2,3249.6,66,5,3249.5,84,4,3250.8,34,6,3250.9,41,2,3251.0,87,7,3251.2,61,5,3251.3,205,4
11536,2025-12-30 10:16:23+05:30,3250.8,13,3246.85,180225,106500.0,100549.0,3250.0,3253.0,3239.8,3251.5,41711075,3576.6,2926.4,4322.95,2866.6,3250.0,4,1,3249.9,2,1,3249.8,74,2,3249.6,66,5,3249.5,84,4,3250.8,34,6,3250.9,41,2,3251.0,87,7,3251.2,61,5,3251.3,205,4
11536,2025-12-30 10:16:24+05:30,3250.8,13,3246.85,180253,106585.0,100348.0,3250.0,3253.0,3239.8,3251.5,41711075,3576.6,2926.4,4322.95,2866.6,3250.0,64,4,3249.9,2,1,3249.8,95,5,3249.7,22,1,3249.6,89,6,3250.8,5,5,3251.0,69,5,3251.1,19,1,3251.2,43,3,3251.3,205,4
11536,2025-12-30 10:16:24+05:30,3250.0,1,3246.85,180253,106585.0,100348.0,3250.0,3253.0,3239.8,3251.5,41711075,3576.6,2926.4,4322.95,2866.6,3250.0,64,4,3249.9,2,1,3249.8,95,5,3249.7,22,1,3249.6,89,6,3250.8,5,5,3251.0,69,5,3251.1,19,1,3251.2,43,3,3251.3,205,4
11536,2025-12-30 10:16:25+05:30,3250.0,1,3246.85,180260,106391.0,100555.0,3250.0,3253.0,3239.8,3251.5,41711075,3576.6,2926.4,4322.95,2866.6,3250.0,75,2,3249.9,2,1,3249.8,84,4,3249.6,66,5,3249.5,84,4,3250.8,23,5,3250.9,23,1,3251.0,69,5,3251.1,11,1,3251.2,43,3
11536,2025-12-30 10:16:25+05:30,3250.0,1,3246.85,180260,106391.0,100555.0,3250.0,3253.0,3239.8,3251.5,41711075,3576.6,2926.4,4322.95,2866.6,3250.0,75,2,3249.9,2,1,3249.8,84,4,3249.6,66,5,3249.5,84,4,3250.8,23,5,3250.9,23,1,3251.0,69,5,3251.1,11,1,3251.2,43,3
11536,2025-12-30 10:16:26+05:30,3250.8,1,3246.85,180298,105885.0,100451.0,3250.0,3253.0,3239.8,3251.5,41711075,3576.6,2926.4,4322.95,2866.6,3250.8,323,1,3250.0,66,2,3249.9,2,1,3249.8,110,5,3249.7,10,1,3250.9,30,2,3251.0,57,5,3251.2,19,3,3251.3,3,1,3251.4,50,4
11536,2025-12-30 10:16:26+05:30,3250.8,1,3246.85,180298,105885.0,100451.0,3250.0,3253.0,3239.8,3251.5,41711075,3576.6,2926.4,4322.95,2866.6,3250.8,323,1,3250.0,66,2,3249.9,2,1,3249.8,110,5,3249.7,10,1,3250.9,30,2,3251.0,57,5,3251.2,19,3,3251.3,3,1,3251.4,50,4
11536,2025-12-30 10:16:27+05:30,3250.8,1,3246.85,180299,105538.0,100387.0,3250.0,3253.0,3239.8,3251.5,41711075,3576.6,2926.4,4322.95,2866.6,3250.8,322,1,3250.0,66,2,3249.9,2,1,3249.8,110,5,3249.7,10,1,3250.9,33,5,3251.0,57,5,3251.1,19,1,3251.2,19,3,3251.3,3,1
11536,2025-12-30 10:16:27+05:30,3250.8,1,3246.85,180299,105538.0,100387.0,3250.0,3253.0,3239.8,3251.5,41711075,3576.6,2926.4,4322.95,2866.6,3250.8,322,1,3250.0,66,2,3249.9,2,1,3249.8,110,5,3249.7,10,1,3250.9,33,5,3251.0,57,5,3251.1,19,1,3251.2,19,3,3251.3,3,1
11536,2025-12-30 10:16:28+05:30,3250.8,20,3246.85,180319,105700.0,100389.0,3250.0,3253.0,3239.8,3251.5,41711075,3576.6,2926.4,4322.95,2866.6,3250.8,359,3,3250.0,118,4,3249.9,2,1,3249.8,89,4,3249.7,20,2,3250.9,28,6,3251.0,64,6,3251.1,19,1,3251.2,19,3,3251.3,3,1
11536,2025-12-30 10:16:28+05:30,3250.9,1,3246.85,180319,105700.0,100389.0,3250.0,3253.0,3239.8,3251.5,41711075,3576.6,2926.4,4322.95,2866.6,3250.8,359,3,3250.0,118,4,3249.9,2,1,3249.8,89,4,3249.7,20,2,3250.9,28,6,3251.0,64,6,3251.1,19,1,3251.2,19,3,3251.3,3,1
11536,2025-12-30 10:16:29+05:30,3250.8,1,3246.85,180329,105592.0,100401.0,3250.0,3253.0,3239.8,3251.5,41711075,3576.6,2926.4,4322.95,2866.6,3250.8,396,4,3250.0,79,3,3249.9,2,1,3249.8,36,3,3249.7,22,3,3250.9,42,8,3251.0,54,5,3251.1,19,1,3251.2,8,2,3251.3,13,2
11536,2025-12-30 10:16:29+05:30,3250.8,1,3246.85,180329,105592.0,100401.0,3250.0,3253.0,3239.8,3251.5,41711075,3576.6,2926.4,4322.95,2866.6,3250.8,396,4,3250.0,79,3,3249.9,2,1,3249.8,36,3,3249.7,22,3,3250.9,42,8,3251.0,54,5,3251.1,19,1,3251.2,8,2,3251.3,13,2
11536,2025-12-30 10:16:29+05:30,3250.8,6,3246.85,180329,105592.0,100401.0,3250.0,3253.0,3239.8,3251.5,41711075,3576.6,2926.4,4322.95,2866.6,3250.8,396,4,3250.0,79,3,3249.9,2,1,3249.8,36,3,3249.7,22,3,3250.9,42,8,3251.0,54,5,3251.1,19,1,3251.2,8,2,3251.3,13,2
11536,2025-12-30 10:16:30+05:30,3250.8,6,3246.85,180341,105578.0,100575.0,3250.0,3253.0,3239.8,3251.5,41711075,3576.6,2926.4,4322.95,2866.6,3250.8,384,4,3250.0,79,3,3249.9,2,1,3249.8,36,3,3249.7,20,2,3250.9,41,7,3251.0,54,5,3251.1,19,1,3251.2,8,2,3251.3,13,2
11536,2025-12-30 10:16:30+05:30,3250.8,6,3246.85,180341,105578.0,100575.0,3250.0,3253.0,3239.8,3251.5,41711075,3576.6,2926.4,4322.95,2866.6,3250.8,384,4,3250.0,79,3,3249.9,2,1,3249.8,36,3,3249.7,20,2,3250.9,41,7,3251.0,54,5,3251.1,19,1,3251.2,8,2,3251.3,13,2
11536,2025-12-30 10:16:30+05:30,3250.8,6,3246.85,180341,105578.0,100575.0,3250.0,3253.0,3239.8,3251.5,41711075,3576.6,2926.4,4322.95,2866.6,3250.8,384,4,3250.0,79,3,3249.9,2,1,3249.8,36,3,3249.7,20,2,3250.9,41,7,3251.0,54,5,3251.1,19,1,3251.2,8,2,3251.3,13,2
11536,2025-12-30 10:16:31+05:30,3250.9,1,3246.85,180348,105534.0,100583.0,3250.0,3253.0,3239.8,3251.5,41711075,3576.6,2926.4,4322.95,2866.6,3250.8,378,4,3250.0,79,3,3249.9,2,1,3249.8,36,3,3249.7,20,2,3250.9,58,7,3251.0,54,5,3251.2,8,2,3251.3,13,2,3251.4,39,3
11536,2025-12-30 10:16:31+05:30,3250.9,1,3246.85,180348,105534.0,100583.0,3250.0,3253.0,3239.8,3251.5,41711075,3576.6,2926.4,4322.95,2866.6,3250.8,378,4,3250.0,79,3,3249.9,2,1,3249.8,36,3,3249.7,20,2,3250.9,58,7,3251.0,54,5,3251.2,8,2,3251.3,13,2,3251.4,39,3
11536,2025-12-30 10:16:31+05:30,3250.9,1,3246.85,180348,105534.0,100583.0,3250.0,3253.0,3239.8,3251.5,41711075,3576.6,2926.4,4322.95,2866.6,3250.8,378,4,3250.0,79,3,3249.9,2,1,3249.8,36,3,3249.7,20,2,3250.9,58,7,3251.0,54,5,3251.2,8,2,3251.3,13,2,3251.4,39,3
11536,2025-12-30 10:16:32+05:30,3250.9,1,3246.85,180352,105559.0,100072.0,3250.0,3253.0,3239.8,3251.5,41711075,3576.6,2926.4,4322.95,2866.6,3250.8,375,4,3250.0,79,3,3249.9,2,1,3249.8,36,3,3249.7,48,4,3250.9,58,8,3251.0,54,5,3251.2,18,3,3251.3,3,1,3251.4,49,4
11536,2025-12-30 10:16:32+05:30,3250.9,1,3246.85,180352,105559.0,100072.0,3250.0,3253.0,3239.8,3251.5,41711075,3576.6,2926.4,4322.95,2866.6,3250.8,375,4,3250.0,79,3,3249.9,2,1,3249.8,36,3,3249.7,48,4,3250.9,58,8,3251.0,54,5,3251.2,18,3,3251.3,3,1,3251.4,49,4
11536,2025-12-30 10:16:32+05:30,3250.8,2,3246.85,180352,105559.0,100072.0,3250.0,3253.0,3239.8,3251.5,41711075,3576.6,2926.4,4322.95,2866.6,3250.8,375,4,3250.0,79,3,3249.9,2,1,3249.8,36,3,3249.7,48,4,3250.9,58,8,3251.0,54,5,3251.2,18,3,3251.3,3,1,3251.4,49,4
11536,2025-12-30 10:16:33+05:30,3250.8,2,3246.85,180354,105555.0,100074.0,3250.0,3253.0,3239.8,3251.5,41711075,3576.6,2926.4,4322.95,2866.6,3250.8,373,4,3250.0,79,3,3249.9,2,1,3249.8,36,3,3249.7,46,3,3250.9,59,9,3251.0,54,5,3251.1,15,2,3251.2,22,3,3251.3,19,2
11536,2025-12-30 10:16:33+05:30,3250.8,2,3246.85,180354,105555.0,100074.0,3250.0,3253.0,3239.8,3251.5,41711075,3576.6,2926.4,4322.95,2866.6,3250.8,373,4,3250.0,79,3,3249.9,2,1,3249.8,36,3,3249.7,46,3,3250.9,59,9,3251.0,54,5,3251.1,15,2,3251.2,22,3,3251.3,19,2
11536,2025-12-30 10:16:33+05:30,3250.8,2,3246.85,180354,105555.0,100074.0,3250.0,3253.0,3239.8,3251.5,41711075,3576.6,2926.4,4322.95,2866.6,3250.8,373,4,3250.0,79,3,3249.9,2,1,3249.8,36,3,3249.7,46,3,3250.9,59,9,3251.0,54,5,3251.1,15,2,3251.2,22,3,3251.3,19,2
11536,2025-12-30 10:16:34+05:30,3250.8,2,3246.85,180354,105555.0,100074.0,3250.0,3253.0,3239.8,3251.5,41711075,3576.6,2926.4,4322.95,2866.6,3250.8,373,4,3250.0,79,3,3249.9,2,1,3249.8,36,3,3249.7,46,3,3250.9,59,9,3251.0,54,5,3251.1,15,2,3251.2,22,3,3251.3,19,2
11536,2025-12-30 10:16:34+05:30,3250.7,2,3246.86,180830,103991.0,100426.0,3250.0,3253.0,3239.8,3251.5,41711075,3576.6,2926.4,4322.95,2866.6,3250.0,79,3,3249.9,2,1,3249.8,10,2,3249.6,51,4,3249.5,58,3,3250.7,51,3,3250.8,1,1,3250.9,40,9,3251.0,79,6,3251.2,64,7
11536,2025-12-30 10:16:34+05:30,3250.0,1,3246.86,180830,103991.0,100426.0,3250.0,3253.0,3239.8,3251.5,41711075,3576.6,2926.4,4322.95,2866.6,3250.0,79,3,3249.9,2,1,3249.8,10,2,3249.6,51,4,3249.5,58,3,3250.7,51,3,3250.8,1,1,3250.9,40,9,3251.0,79,6,3251.2,64,7
11536,2025-12-30 10:16:35+05:30,3250.0,1,3246.86,180832,104193.0,100464.0,3250.0,3253.0,3239.8,3251.5,41711075,3576.6,2926.4,4322.95,2866.6,3250.0,77,3,3249.9,2,1,3249.8,10,2,3249.6,51,4,3249.5,84,4,3250.7,67,6,3250.8,1,1,3250.9,17,5,3251.0,65,5,3251.2,64,7
11536,2025-12-30 10:16:35+05:30,3250.0,1,3246.86,180832,104193.0,100464.0,3250.0,3253.0,3239.8,3251.5,41711075,3576.6,2926.4,4322.95,2866.6,3250.0,77,3,3249.9,2,1,3249.8,10,2,3249.6,51,4,3249.5,84,4,3250.7,67,6,3250.8,1,1,3250.9,17,5,3251.0,65,5,3251.2,64,7
11536,2025-12-30 10:16:35+05:30,3250.0,1,3246.86,180832,104193.0,100464.0,3250.0,3253.0,3239.8,3251.5,41711075,3576.6,2926.4,4322.95,2866.6,3250.0,77,3,3249.9,2,1,3249.8,10,2,3249.6,51,4,3249.5,84,4,3250.7,67,6,3250.8,1,1,3250.9,17,5,3251.0,65,5,3251.2,64,7
11536,2025-12-30 10:16:36+05:30,3250.0,1,3246.86,180947,104157.0,100434.0,3250.0,3253.0,3239.8,3251.5,41711075,3576.6,2926.4,4322.95,2866.6,3250.0,21,2,3249.9,2,1,3249.8,10,2,3249.6,60,5,3249.5,84,4,3250.7,66,6,3250.9,21,4,3251.0,54,4,3251.2,64,7,3251.3,205,4
11536,2025-12-30 10:16:36+05:30,3250.0,1,3246.86,180947,104157.0,100434.0,3250.0,3253.0,3239.8,3251.5,41711075,3576.6,2926.4,4322.95,2866.6,3250.0,21,2,3249.9,2,1,3249.8,10,2,3249.6,60,5,3249.5,84,4,3250.7,66,6,3250.9,21,4,3251.0,54,4,3251.2,64,7,3251.3,205,4
11536,2025-12-30 10:16:36+05:30,3250.0,1,3246.86,180947,104157.0,100434.0,3250.0,3253.0,3239.8,3251.5,41711075,3576.6,2926.4,4322.95,2866.6,3250.0,21,2,3249.9,2,1,3249.8,10,2,3249.6,60,5,3249.5,84,4,3250.7,66,6,3250.9,21,4,3251.0,54,4,3251.2,64,7,3251.3,205,4
11536,2025-12-30 10:16:36+05:30,3250.0,1,3246.86,180947,104157.0,100434.0,3250.0,3253.0,3239.8,3251.5,41711075,3576.6,2926.4,4322.95,2866.6,3250.0,21,2,3249.9,2,1,3249.8,10,2,3249.6,60,5,3249.5,84,4,3250.7,66,6,3250.9,21,4,3251.0,54,4,3251.2,64,7,3251.3,205,4
11536,2025-12-30 10:16:37+05:30,3250.0,1,3246.86,180981,104163.0,100445.0,3250.0,3253.0,3239.8,3251.5,41711075,3576.6,2926.4,4322.95,2866.6,3250.0,17,2,3249.9,2,1,3249.8,10,2,3249.6,60,5,3249.5,84,4,3250.7,68,8,3250.9,20,3,3251.0,54,4,3251.2,64,7,3251.3,215,5
11536,2025-12-30 10:16:37+05:30,3250.0,1,3246.86,180981,104163.0,100445.0,3250.0,3253.0,3239.8,3251.5,41711075,3576.6,2926.4,4322.95,2866.6,3250.0,17,2,3249.9,2,1,3249.8,10,2,3249.6,60,5,3249.5,84,4,3250.7,68,8,3250.9,20,3,3251.0,54,4,3251.2,64,7,3251.3,215,5
11536,2025-12-30 10:16:37+05:30,3250.0,25,3246.86,180981,104163.0,100445.0,3250.0,3253.0,3239.8,3251.5,41711075,3576.6,2926.4,4322.95,2866.6,3250.0,17,2,3249.9,2,1,3249.8,10,2,3249.6,60,5,3249.5,84,4,3250.7,68,8,3250.9,20,3,3251.0,54,4,3251.2,64,7,3251.3,215,5
11536,2025-12-30 10:16:37+05:30,3250.0,25,3246.86,180981,104163.0,100445.0,3250.0,3253.0,3239.8,3251.5,41711075,3576.6,2926.4,4322.95,2866.6,3250.0,17,2,3249.9,2,1,3249.8,10,2,3249.6,60,5,3249.5,84,4,3250.7,68,8,3250.9,20,3,3251.0,54,4,3251.2,64,7,3251.3,215,5
11536,2025-12-30 10:16:38+05:30,3250.7,7,3246.86,181078,104322.0,100457.0,3250.0,3253.0,3239.8,3251.5,41711075,3576.6,2926.4,4322.95,2866.6,3250.0,4,2,3249.9,2,1,3249.8,10,2,3249.6,60,5,3249.5,58,3,3250.7,77,10,3250.8,23,1,3250.9,9,2,3251.0,80,5,3251.2,64,7
11536,2025-12-30 10:16:38+05:30,3250.0,10,3246.86,181078,104322.0,100457.0,3250.0,3253.0,3239.8,3251.5,41711075,3576.6,2926.4,4322.95,2866.6,3250.0,4,2,3249.9,2,1,3249.8,10,2,3249.6,60,5,3249.5,58,3,3250.7,77,10,3250.8,23,1,3250.9,9,2,3251.0,80,5,3251.2,64,7
11536,2025-12-30 10:16:39+05:30,3250.0,10,3246.86,181122,104011.0,100484.0,3250.0,3253.0,3239.8,3251.5,41711075,3576.6,2926.4,4322.95,2866.6,3250.0,17,1,3249.9,13,2,3249.8,10,2,3249.6,60,5,3249.5,58,3,3250.7,109,16,3250.8,23,1,3250.9,2,1,3251.0,98,7,3251.1,3,1
11536,2025-12-30 10:16:39+05:30,3250.0,10,3246.86,181122,104011.0,100484.0,3250.0,3253.0,3239.8,3251.5,41711075,3576.6,2926.4,4322.95,2866.6,3250.0,17,1,3249.9,13,2,3249.8,10,2,3249.6,60,5,3249.5,58,3,3250.7,109,16,3250.8,23,1,3250.9,2,1,3251.0,98,7,3251.1,3,1
11536,2025-12-30 10:16:39+05:30,3250.0,1,3246.86,181122,104011.0,100484.0,3250.0,3253.0,3239.8,3251.5,41711075,3576.6,2926.4,4322.95,2866.6,3250.0,17,1,3249.9,13,2,3249.8,10,2,3249.6,60,5,3249.5,58,3,3250.7,109,16,3250.8,23,1,3250.9,2,1,3251.0,98,7,3251.1,3,1
11536,2025-12-30 10:16:40+05:30,3249.9,8,3246.87,181184,103814.0,100478.0,3250.0,3253.0,3239.8,3251.5,41711075,3576.6,2926.4,4322.95,2866.6,3249.9,5,2,3249.8,10,2,3249.6,7,1,3249.5,36,2,3249.4,12,3,3250.0,4,3,3250.5,19,1,3250.6,23,1,3250.7,70,8,3250.8,21,1
11536,2025-12-30 10:16:40+05:30,3249.9,6,3246.87,181184,103814.0,100478.0,3250.0,3253.0,3239.8,3251.5,41711075,3576.6,2926.4,4322.95,2866.6,3249.9,5,2,3249.8,10,2,3249.6,7,1,3249.5,36,2,3249.4,12,3,3250.0,4,3,3250.5,19,1,3250.6,23,1,3250.7,70,8,3250.8,21,1
11536,2025-12-30 10:16:40+05:30,3249.9,6,3246.87,181184,103814.0,100478.0,3250.0,3253.0,3239.8,3251.5,41711075,3576.6,2926.4,4322.95,2866.6,3249.9,5,2,3249.8,10,2,3249.6,7,1,3249.5,36,2,3249.4,12,3,3250.0,4,3,3250.5,19,1,3250.6,23,1,3250.7,70,8,3250.8,21,1
11536,2025-12-30 10:16:41+05:30,3249.9,5,3246.87,181207,103854.0,100528.0,3250.0,3253.0,3239.8,3251.5,41711075,3576.6,2926.4,4322.95,2866.6,3249.9,8,2,3249.8,10,2,3249.7,11,1,3249.6,15,2,3249.5,36,2,3250.0,23,9,3250.5,19,1,3250.6,23,1,3250.7,51,3,3250.8,71,2
11536,2025-12-30 10:16:41+05:30,3249.9,5,3246.87,181207,103854.0,100528.0,3250.0,3253.0,3239.8,3251.5,41711075,3576.6,2926.4,4322.95,2866.6,3249.9,8,2,3249.8,10,2,3249.7,11,1,3249.6,15,2,3249.5,36,2,3250.0,23,9,3250.5,19,1,3250.6,23,1,3250.7,51,3,3250.8,71,2
11536,2025-12-30 10:16:42+05:30,3249.9,3,3246.87,181223,103839.0,100527.0,3250.0,3253.0,3239.8,3251.5,41711075,3576.6,2926.4,4322.95,2866.6,3249.9,4,2,3249.8,10,2,3249.6,15,2,3249.5,36,2,3249.4,12,3,3250.0,23,10,3250.5,19,1,3250.6,23,1,3250.7,50,2,3250.8,71,2
11536,2025-12-30 10:16:42+05:30,3249.9,3,3246.87,181223,103839.0,100527.0,3250.0,3253.0,3239.8,3251.5,41711075,3576.6,2926.4,4322.95,2866.6,3249.9,4,2,3249.8,10,2,3249.6,15,2,3249.5,36,2,3249.4,12,3,3250.0,23,10,3250.5,19,1,3250.6,23,1,3250.7,50,2,3250.8,71,2
11536,2025-12-30 10:16:42+05:30,3251.3,16,3246.87,181223,103839.0,100527.0,3250.0,3253.0,3239.8,3251.5,41711075,3576.6,2926.4,4322.95,2866.6,3249.9,4,2,3249.8,10,2,3249.6,15,2,3249.5,36,2,3249.4,12,3,3250.0,23,10,3250.5,19,1,3250.6,23,1,3250.7,50,2,3250.8,71,2
11536,2025-12-30 10:16:43+05:30,3251.3,16,3246.87,181604,105179.0,99948.0,3250.0,3253.0,3239.8,3251.5,41711075,3576.6,2926.4,4322.95,2866.6,3250.5,1,1,3249.9,12,2,3249.8,10,2,3249.7,37,2,3249.6,152,9,3250.9,84,7,3251.0,26,2,3251.1,12,1,3251.2,69,5,3251.3,3,1
11536,2025-12-30 10:16:43+05:30,3251.3,16,3246.87,181604,105179.0,99948.0,3250.0,3253.0,3239.8,3251.5,41711075,3576.6,2926.4,4322.95,2866.6,3250.5,1,1,3249.9,12,2,3249.8,10,2,3249.7,37,2,3249.6,152,9,3250.9,84,7,3251.0,26,2,3251.1,12,1,3251.2,69,5,3251.3,3,1
11536,2025-12-30 10:16:44+05:30,3250.5,11,3246.88,181616,104813.0,100160.0,3250.0,3253.0,3239.8,3251.5,41711075,3576.6,2926.4,4322.95,2866.6,3250.5,41,2,3249.9,12,2,3249.8,36,3,3249.6,152,9,3249.5,62,3,3250.7,11,2,3250.8,19,1,3250.9,40,3,3251.0,26,2,3251.2,57,4
11536,2025-12-30 10:16:44+05:30,3250.5,3,3246.88,181616,104813.0,100160.0,3250.0,3253.0,3239.8,3251.5,41711075,3576.6,2926.4,4322.95,2866.6,3250.5,41,2,3249.9,12,2,3249.8,36,3,3249.6,152,9,3249.5,62,3,3250.7,11,2,3250.8,19,1,3250.9,40,3,3251.0,26,2,3251.2,57,4
11536,2025-12-30 10:16:45+05:30,3250.5,1,3246.88,181660,104572.0,100287.0,3250.0,3253.0,3239.8,3251.5,41711075,3576.6,2926.4,4322.95,2866.6,3250.0,9,1,3249.9,12,2,3249.8,14,3,3249.6,152,9,3249.5,62,3,3250.5,10,2,3250.6,19,1,3250.7,12,3,3250.8,22,1,3250.9,13,2
11536,2025-12-30 10:16:45+05:30,3250.5,1,3246.88,181660,104572.0,100287.0,3250.0,3253.0,3239.8,3251.5,41711075,3576.6,2926.4,4322.95,2866.6,3250.0,9,1,3249.9,12,2,3249.8,14,3,3249.6,152,9,3249.5,62,3,3250.5,10,2,3250.6,19,1,3250.7,12,3,3250.8,22,1,3250.9,13,2
11536,2025-12-30 10:16:45+05:30,3250.0,57,3246.88,181660,104572.0,100287.0,3250.0,3253.0,3239.8,3251.5,41711075,3576.6,2926.4,4322.95,2866.6,3250.0,9,1,3249.9,12,2,3249.8,14,3,3249.6,152,9,3249.5,62,3,3250.5,10,2,3250.6,19,1,3250.7,12,3,3250.8,22,1,3250.9,13,2
11536,2025-12-30 10:16:46+05:30,3250.5,1,3246.88,181723,104524.0,100406.0,3250.0,3253.0,3239.8,3251.5,41711075,3576.6,2926.4,4322.95,2866.6,3250.0,5,1,3249.9,12,2,3249.8,14,3,3249.6,136,8,3249.5,62,3,3250.5,13,5,3250.6,19,1,3250.7,11,2,3250.8,22,1,3250.9,7,1
11536,2025-12-30 10:16:46+05:30,3250.0,20,3246.88,181723,104524.0,100406.0,3250.0,3253.0,3239.8,3251.5,41711075,3576.6,2926.4,4322.95,2866.6,3250.0,5,1,3249.9,12,2,3249.8,14,3,3249.6,136,8,3249.5,62,3,3250.5,13,5,3250.6,19,1,3250.7,11,2,3250.8,22,1,3250.9,7,1
11536,2025-12-30 10:16:46+05:30,3250.0,20,3246.88,181723,104524.0,100406.0,3250.0,3253.0,3239.8,3251.5,41572475,3576.6,2926.4,4322.95,2866.6,3250.0,5,1,3249.9,12,2,3249.8,14,3,3249.6,136,8,3249.5,62,3,3250.5,13,5,3250.6,19,1,3250.7,11,2,3250.8,22,1,3250.9,7,1
11536,2025-12-30 10:16:47+05:30,3249.9,12,3246.88,181756,104295.0,100420.0,3250.0,3253.0,3239.8,3251.5,41572475,3576.6,2926.4,4322.95,2866.6,3249.9,11,1,3249.8,26,4,3249.6,66,7,3249.5,62,3,3249.4,49,5,3250.0,15,4,3250.5,5,4,3250.6,19,1,3250.7,11,2,3250.8,43,2
11536,2025-12-30 10:16:47+05:30,3250.0,1,3246.88,181756,104295.0,100420.0,3250.0,3253.0,3239.8,3251.5,41572475,3576.6,2926.4,4322.95,2866.6,3249.9,11,1,3249.8,26,4,3249.6,66,7,3249.5,62,3,3249.4,49,5,3250.0,15,4,3250.5,5,4,3250.6,19,1,3250.7,11,2,3250.8,43,2
11536,2025-12-30 10:16:48+05:30,3249.9,19,3246.88,181778,104355.0,100419.0,3250.0,3253.0,3239.8,3251.5,41572475,3576.6,2926.4,4322.95,2866.6,3249.9,11,1,3249.8,14,3,3249.6,54,6,3249.5,73,4,3249.4,37,4,3250.0,17,7,3250.5,22,4,3250.6,22,1,3250.7,10,1,3250.8,21,1
11536,2025-12-30 10:16:48+05:30,3249.9,8,3246.88,181778,104355.0,100419.0,3250.0,3253.0,3239.8,3251.5,41572475,3576.6,2926.4,4322.95,2866.6,3249.9,11,1,3249.8,14,3,3249.6,54,6,3249.5,73,4,3249.4,37,4,3250.0,17,7,3250.5,22,4,3250.6,22,1,3250.7,10,1,3250.8,21,1
11536,2025-12-30 10:16:49+05:30,3249.9,8,3246.88,181778,104355.0,100419.0,3250.0,3253.0,3239.8,3251.5,41572475,3576.6,2926.4,4322.95,2866.6,3249.9,11,1,3249.8,14,3,3249.6,54,6,3249.5,73,4,3249.4,37,4,3250.0,17,7,3250.5,22,4,3250.6,22,1,3250.7,10,1,3250.8,21,1
11536,2025-12-30 10:16:49+05:30,3249.8,5,3246.88,181811,105951.0,100397.0,3250.0,3253.0,3239.8,3251.5,41572475,3576.6,2926.4,4322.95,2866.6,3249.8,5,2,3249.7,16,2,3249.6,57,6,3249.5,62,3,3249.4,48,5,3249.9,5,3,3250.0,4,4,3250.5,20,2,3250.6,22,1,3250.7,10,1
11536,2025-12-30 10:16:49+05:30,3249.8,1,3246.88,181811,105951.0,100397.0,3250.0,3253.0,3239.8,3251.5,41572475,3576.6,2926.4,4322.95,2866.6,3249.8,5,2,3249.7,16,2,3249.6,57,6,3249.5,62,3,3249.4,48,5,3249.9,5,3,3250.0,4,4,3250.5,20,2,3250.6,22,1,3250.7,10,1
11536,2025-12-30 10:16:50+05:30,3249.8,2,3246.88,181845,104885.0,100369.0,3250.0,3253.0,3239.8,3251.5,41572475,3576.6,2926.4,4322.95,2866.6,3249.8,70,4,3249.6,50,5,3249.5,62,3,3249.4,75,7,3249.3,93,4,3249.9,17,6,3250.0,1,1,3250.7,10,1,3250.8,21,1,3250.9,7,1
11536,2025-12-30 10:16:50+05:30,3249.8,36,3246.88,181845,104885.0,100369.0,3250.0,3253.0,3239.8,3251.5,41572475,3576.6,2926.4,4322.95,2866.6,3249.8,70,4,3249.6,50,5,3249.5,62,3,3249.4,75,7,3249.3,93,4,3249.9,17,6,3250.0,1,1,3250.7,10,1,3250.8,21,1,3250.9,7,1
11536,2025-12-30 10:16:51+05:30,3249.8,3,3246.88,181889,106231.0,100334.0,3250.0,3253.0,3239.8,3251.5,41572475,3576.6,2926.4,4322.95,2866.6,3249.8,29,4,3249.6,50,5,3249.5,62,3,3249.4,75,7,3249.3,71,3,3249.9,9,8,3250.7,10,1,3250.8,21,1,3250.9,7,1,3251.0,37,2
11536,2025-12-30 10:16:51+05:30,3249.8,5,3246.88,181889,106231.0,100334.0,3250.0,3253.0,3239.8,3251.5,41572475,3576.6,2926.4,4322.95,2866.6,3249.8,29,4,3249.6,50,5,3249.5,62,3,3249.4,75,7,3249.3,71,3,3249.9,9,8,3250.7,10,1,3250.8,21,1,3250.9,7,1,3251.0,37,2
11536,2025-12-30 10:16:52+05:30,3249.8,2,3246.88,181906,106164.0,100435.0,3250.0,3253.0,3239.8,3251.5,41572475,3576.6,2926.4,4322.95,2866.6,3249.8,12,3,3249.7,4,1,3249.6,50,5,3249.5,62,3,3249.4,56,6,3249.9,9,8,3250.7,10,1,3250.8,21,1,3250.9,7,1,3251.0,37,2
11536,2025-12-30 10:16:52+05:30,3249.8,2,3246.88,181906,106164.0,100435.0,3250.0,3253.0,3239.8,3251.5,41572475,3576.6,2926.4,4322.95,2866.6,3249.8,12,3,3249.7,4,1,3249.6,50,5,3249.5,62,3,3249.4,56,6,3249.9,9,8,3250.7,10,1,3250.8,21,1,3250.9,7,1,3251.0,37,2
11536,2025-12-30 10:16:53+05:30,3249.9,1,3246.88,181938,106577.0,99898.0,3250.0,3253.0,3239.8,3251.5,41572475,3576.6,2926.4,4322.95,2866.6,3249.8,42,6,3249.7,14,2,3249.6,100,8,3249.5,75,4,3249.4,60,8,3249.9,5,1,3250.7,11,2,3250.8,20,1,3251.0,21,1,3251.2,60,3
11536,2025-12-30 10:16:53+05:30,3249.9,25,3246.88,181938,106577.0,99898.0,3250.0,3253.0,3239.8,3251.5,41572475,3576.6,2926.4,4322.95,2866.6,3249.8,42,6,3249.7,14,2,3249.6,100,8,3249.5,75,4,3249.4,60,8,3249.9,5,1,3250.7,11,2,3250.8,20,1,3251.0,21,1,3251.2,60,3
11536,2025-12-30 10:16:54+05:30,3249.9,1,3246.88,181994,106444.0,101312.0,3250.0,3253.0,3239.8,3251.5,41572475,3576.6,2926.4,4322.95,2866.6,3249.8,11,3,3249.7,4,1,3249.6,19,2,3249.5,62,3,3249.4,59,7,3249.9,32,2,3250.7,14,4,3250.8,21,1,3250.9,18,1,3251.0,28,2
11536,2025-12-30 10:16:54+05:30,3249.9,1,3246.88,181994,106444.0,101312.0,3250.0,3253.0,3239.8,3251.5,41572475,3576.6,2926.4,4322.95,2866.6,3249.8,11,3,3249.7,4,1,3249.6,19,2,3249.5,62,3,3249.4,59,7,3249.9,32,2,3250.7,14,4,3250.8,21,1,3250.9,18,1,3251.0,28,2
11536,2025-12-30 10:16:55+05:30,3249.9,1,3246.88,182005,106508.0,101312.0,3250.0,3253.0,3239.8,3251.5,41572475,3576.6,2926.4,4322.95,2866.6,3249.8,15,4,3249.7,7,1,3249.6,40,4,3249.5,75,4,3249.4,51,6,3249.9,33,4,3250.7,13,3,3250.8,21,1,3250.9,18,1,3251.0,21,1
11536,2025-12-30 10:16:55+05:30,3249.9,1,3246.88,182005,106508.0,101312.0,3250.0,3253.0,3239.8,3251.5,41572475,3576.6,2926.4,4322.95,2866.6,3249.8,15,4,3249.7,7,1,3249.6,40,4,3249.5,75,4,3249.4,51,6,3249.9,33,4,3250.7,13,3,3250.8,21,1,3250.9,18,1,3251.0,21,1
11536,2025-12-30 10:16:56+05:30,3251.3,7,3246.89,182225,106488.0,100275.0,3250.0,3253.0,3239.8,3251.5,41572475,3576.6,2926.4,4322.95,2866.6,3249.8,13,3,3249.7,10,1,3249.6,125,7,3249.5,75,4,3249.4,45,5,3250.9,32,2,3251.0,54,4,3251.1,4,1,3251.2,39,3,3251.4,67,4
11536,2025-12-30 10:16:56+05:30,3251.3,7,3246.89,182225,106488.0,100275.0,3250.0,3253.0,3239.8,3251.5,41572475,3576.6,2926.4,4322.95,2866.6,3249.8,13,3,3249.7,10,1,3249.6,125,7,3249.5,75,4,3249.4,45,5,3250.9,32,2,3251.0,54,4,3251.1,4,1,3251.2,39,3,3251.4,67,4
11536,2025-12-30 10:16:57+05:30,3250.8,1,3246.89,182228,106218.0,100364.0,3250.0,3253.0,3239.8,3251.5,41572475,3576.6,2926.4,4322.95,2866.6,3249.9,4,1,3249.8,8,2,3249.7,10,1,3249.6,64,6,3249.5,75,4,3250.8,54,5,3250.9,9,2,3251.0,33,3,3251.1,4,1,3251.2,72,5
11536,2025-12-30 10:16:57+05:30,3250.8,1,3246.89,182228,106218.0,100364.0,3250.0,3253.0,3239.8,3251.5,41572475,3576.6,2926.4,4322.95,2866.6,3249.9,4,1,3249.8,8,2,3249.7,10,1,3249.6,64,6,3249.5,75,4,3250.8,54,5,3250.9,9,2,3251.0,33,3,3251.1,4,1,3251.2,72,5
11536,2025-12-30 10:16:58+05:30,3250.8,1,3246.89,182228,106640.0,101084.0,3250.0,3253.0,3239.8,3251.5,41572475,3576.6,2926.4,4322.95,2866.6,3249.9,108,3,3249.8,108,3,3249.7,10,1,3249.6,75,7,3249.5,78,5,3250.8,2,2,3250.9,9,2,3251.0,66,3,3251.1,22,2,3251.2,53,3
11536,2025-12-30 10:16:58+05:30,3250.8,1,3246.89,182228,106640.0,101084.0,3250.0,3253.0,3239.8,3251.5,41572475,3576.6,2926.4,4322.95,2866.6,3249.9,108,3,3249.8,108,3,3249.7,10,1,3249.6,75,7,3249.5,78,5,3250.8,2,2,3250.9,9,2,3251.0,66,3,3251.1,22,2,3251.2,53,3
11536,2025-12-30 10:16:59+05:30,3249.9,5,3246.89,182320,106603.0,101148.0,3250.0,3253.0,3239.8,3251.5,41572475,3576.6,2926.4,4322.95,2866.6,3249.9,43,1,3249.8,108,3,3249.7,10,1,3249.6,66,6,3249.5,78,5,3250.8,19,4,3250.9,8,1,3251.0,87,4,3251.1,4,1,3251.2,68,5
11536,2025-12-30 10:16:59+05:30,3249.9,5,3246.89,182320,106603.0,101148.0,3250.0,3253.0,3239.8,3251.5,41572475,3576.6,2926.4,4322.95,2866.6,3249.9,43,1,3249.8,108,3,3249.7,10,1,3249.6,66,6,3249.5,78,5,3250.8,19,4,3250.9,8,1,3251.0,87,4,3251.1,4,1,3251.2,68,5
11536,2025-12-30 10:17:00+05:30,3249.9,5,3246.89,182320,106611.0,100100.0,3250.0,3253.0,3239.8,3251.5,41572475,3576.6,2926.4,4322.95,2866.6,3249.9,44,2,3249.8,108,3,3249.7,10,1,3249.6,66,6,3249.5,78,5,3250.8,21,6,3250.9,8,1,3251.0,87,4,3251.1,4,1,3251.2,68,5
11536,2025-12-30 10:17:01+05:30,3249.9,1,3246.89,182341,106491.0,100033.0,3250.0,3253.0,3239.8,3251.5,41572475,3576.6,2926.4,4322.95,2866.6,3249.9,25,2,3249.8,108,3,3249.6,54,5,3249.5,65,4,3249.4,57,6,3250.8,18,6,3250.9,20,1,3251.0,66,3,3251.1,4,1,3251.2,61,4
11536,2025-12-30 10:17:01+05:30,3249.9,9,3246.89,182341,106491.0,100033.0,3250.0,3253.0,3239.8,3251.5,41572475,3576.6,2926.4,4322.95,2866.6,3249.9,25,2,3249.8,108,3,3249.6,54,5,3249.5,65,4,3249.4,57,6,3250.8,18,6,3250.9,20,1,3251.0,66,3,3251.1,4,1,3251.2,61,4
11536,2025-12-30 10:17:02+05:30,3249.9,9,3246.89,182359,106245.0,101654.0,3250.0,3253.0,3239.8,3251.5,41572475,3576.6,2926.4,4322.95,2866.6,3249.9,7,2,3249.8,108,3,3249.6,33,2,3249.5,65,4,3249.4,32,4,3250.7,38,3,3250.8,6,6,3250.9,20,2,3251.0,109,6,3251.1,4,1
11536,2025-12-30 10:17:02+05:30,3249.9,1,3246.89,182359,106245.0,101654.0,3250.0,3253.0,3239.8,3251.5,41572475,3576.6,2926.4,4322.95,2866.6,3249.9,7,2,3249.8,108,3,3249.6,33,2,3249.5,65,4,3249.4,32,4,3250.7,38,3,3250.8,6,6,3250.9,20,2,3251.0,109,6,3251.1,4,1
11536,2025-12-30 10:17:03+05:30,3251.0,8,3246.89,182472,106230.0,101372.0,3250.0,3253.0,3239.8,3251.5,41572475,3576.6,2926.4,4322.95,2866.6,3249.8,108,3,3249.6,44,4,3249.5,36,2,3249.4,52,5,3249.3,85,4,3250.9,31,4,3251.0,81,4,3251.1,10,1,3251.2,66,5,3251.3,182,1
11536,2025-12-30 10:17:03+05:30,3251.0,8,3246.89,182472,106230.0,101372.0,3250.0,3253.0,3239.8,3251.5,41572475,3576.6,2926.4,4322.95,2866.6,3249.8,108,3,3249.6,44,4,3249.5,36,2,3249.4,52,5,3249.3,85,4,3250.9,31,4,3251.0,81,4,3251.1,10,1,3251.2,66,5,3251.3,182,1
11536,2025-12-30 10:17:04+05:30,3250.9,1,3246.89,182473,106244.0,101372.0,3250.0,3253.0,3239.8,3251.5,41572475,3576.6,2926.4,4322.95,2866.6,3249.8,116,4,3249.7,10,1,3249.6,44,4,3249.5,36,2,3249.4,52,5,3250.8,18,2,3250.9,33,4,3251.0,61,3,3251.1,10,1,3251.2,66,5
11536,2025-12-30 10:17:04+05:30,3249.6,1,3246.89,182473,106244.0,101372.0,3250.0,3253.0,3239.8,3251.5,41572475,3576.6,2926.4,4322.95,2866.6,3249.8,116,4,3249.7,10,1,3249.6,44,4,3249.5,36,2,3249.4,52,5,3250.8,18,2,3250.9,33,4,3251.0,61,3,3251.1,10,1,3251.2,66,5
11536,2025-12-30 10:17:05+05:30,3249.6,14,3246.89,182679,105999.0,102005.0,3250.0,3253.0,3239.8,3251.5,41572475,3576.6,2926.4,4322.95,2866.6,3249.6,48,5,3249.5,36,2,3249.4,44,5,3249.3,116,5,3249.2,168,12,3250.8,46,5,3250.9,2,1,3251.0,53,2,3251.1,10,1,3251.2,54,4
11536,2025-12-30 10:17:05+05:30,3249.6,14,3246.89,182679,105999.0,102005.0,3250.0,3253.0,3239.8,3251.5,41572475,3576.6,2926.4,4322.95,2866.6,3249.6,48,5,3249.5,36,2,3249.4,44,5,3249.3,116,5,3249.2,168,12,3250.8,46,5,3250.9,2,1,3251.0,53,2,3251.1,10,1,3251.2,54,4
11536,2025-12-30 10:17:06+05:30,3250.7,1,3246.89,182698,105994.0,102001.0,3250.0,3253.0,3239.8,3251.5,41572475,3576.6,2926.4,4322.95,2866.6,3249.6,66,6,3249.5,36,2,3249.4,44,5,3249.3,70,4,3249.2,214,13,3250.7,38,4,3250.8,11,4,3251.0,53,2,3251.1,10,1,3251.2,54,4
11536,2025-12-30 10:17:06+05:30,3250.7,1,3246.89,182698,105994.0,102001.0,3250.0,3253.0,3239.8,3251.5,41572475,3576.6,2926.4,4322.95,2866.6,3249.6,66,6,3249.5,36,2,3249.4,44,5,3249.3,70,4,3249.2,214,13,3250.7,38,4,3250.8,11,4,3251.0,53,2,3251.1,10,1,3251.2,54,4
11536,2025-12-30 10:17:07+05:30,3249.6,16,3246.9,182757,105964.0,101972.0,3250.0,3253.0,3239.8,3251.5,41572475,3576.6,2926.4,4322.95,2866.6,3249.6,28,4,3249.5,72,4,3249.4,44,5,3249.3,116,5,3249.2,168,12,3250.7,38,9,3250.8,5,3,3251.0,53,2,3251.1,10,1,3251.2,54,4
11536,2025-12-30 10:17:07+05:30,3249.6,7,3246.9,182757,105964.0,101972.0,3250.0,3253.0,3239.8,3251.5,41572475,3576.6,2926.4,4322.95,2866.6,3249.6,28,4,3249.5,72,4,3249.4,44,5,3249.3,116,5,3249.2,168,12,3250.7,38,9,3250.8,5,3,3251.0,53,2,3251.1,10,1,3251.2,54,4
11536,2025-12-30 10:17:08+05:30,3250.7,7,3246.9,182803,106140.0,101964.0,3250.0,3253.0,3239.8,3251.5,41572475,3576.6,2926.4,4322.95,2866.6,3249.6,96,7,3249.5,126,5,3249.4,98,6,3249.3,116,5,3249.2,168,12,3250.7,31,11,3250.8,1,1,3251.0,53,2,3251.1,10,1,3251.2,54,4
11536,2025-12-30 10:17:08+05:30,3249.6,4,3246.9,182803,106140.0,101964.0,3250.0,3253.0,3239.8,3251.5,41572475,3576.6,2926.4,4322.95,2866.6,3249.6,96,7,3249.5,126,5,3249.4,98,6,3249.3,116,5,3249.2,168,12,3250.7,31,11,3250.8,1,1,3251.0,53,2,3251.1,10,1,3251.2,54,4
11536,2025-12-30 10:17:09+05:30,3250.7,2,3246.9,182833,106281.0,101980.0,3250.0,3253.0,3239.8,3251.5,41572475,3576.6,2926.4,4322.95,2866.6,3249.7,10,1,3249.6,93,9,3249.5,116,4,3249.4,118,7,3249.3,116,5,3250.7,29,11,3251.0,53,2,3251.1,10,1,3251.2,54,4,3251.3,182,2
11536,2025-12-30 10:17:09+05:30,3249.7,2,3246.9,182833,106281.0,101980.0,3250.0,3253.0,3239.8,3251.5,41572475,3576.6,2926.4,4322.95,2866.6,3249.7,10,1,3249.6,93,9,3249.5,116,4,3249.4,118,7,3249.3,116,5,3250.7,29,11,3251.0,53,2,3251.1,10,1,3251.2,54,4,3251.3,182,2
11536,2025-12-30 10:17:10+05:30,3249.7,11,3246.9,182860,106083.0,101780.0,3250.0,3253.0,3239.8,3251.5,41572475,3576.6,2926.4,4322.95,2866.6,3249.6,67,6,3249.5,147,6,3249.4,112,7,3249.3,133,6,3249.2,127,10,3250.7,29,13,3251.0,53,2,3251.2,73,4,3251.3,165,2,3251.4,72,5
11536,2025-12-30 10:17:10+05:30,3249.7,11,3246.9,182860,106083.0,101780.0,3250.0,3253.0,3239.8,3251.5,41572475,3576.6,2926.4,4322.95,2866.6,3249.6,67,6,3249.5,147,6,3249.4,112,7,3249.3,133,6,3249.2,127,10,3250.7,29,13,3251.0,53,2,3251.2,73,4,3251.3,165,2,3251.4,72,5
11536,2025-12-30 10:17:11+05:30,3249.7,6,3246.9,182860,106083.0,101780.0,3250.0,3253.0,3239.8,3251.5,41572475,3576.6,2926.4,4322.95,2866.6,3249.6,67,6,3249.5,147,6,3249.4,112,7,3249.3,133,6,3249.2,127,10,3250.7,29,13,3251.0,53,2,3251.2,73,4,3251.3,165,2,3251.4,72,5
11536,2025-12-30 10:17:11+05:30,3249.7,1,3246.9,182878,105874.0,101703.0,3250.0,3253.0,3239.8,3251.5,41572475,3576.6,2926.4,4322.95,2866.6,3249.7,9,1,3249.6,41,4,3249.5,90,3,3249.4,86,5,3249.3,58,3,3250.6,37,2,3250.7,80,16,3250.8,25,2,3250.9,30,2,3251.0,78,5
11536,2025-12-30 10:17:12+05:30,3249.7,3,3246.9,182878,105874.0,101703.0,3250.0,3253.0,3239.8,3251.5,41572475,3576.6,2926.4,4322.95,2866.6,3249.7,9,1,3249.6,41,4,3249.5,90,3,3249.4,86,5,3249.3,58,3,3250.6,37,2,3250.7,80,16,3250.8,25,2,3250.9,30,2,3251.0,78,5
11536,2025-12-30 10:17:12+05:30,3249.7,7,3246.9,182899,105827.0,101936.0,3250.0,3253.0,3239.8,3251.5,41572475,3576.6,2926.4,4322.95,2866.6,3249.7,10,1,3249.6,41,4,3249.5,90,3,3249.4,86,5,3249.3,58,3,3250.5,36,3,3250.6,13,3,3250.7,74,10,3250.8,25,2,3250.9,30,2
11536,2025-12-30 10:17:13+05:30,3249.7,2,3246.9,182899,105827.0,101936.0,3250.0,3253.0,3239.8,3251.5,41572475,3576.6,2926.4,4322.95,2866.6,3249.7,10,1,3249.6,41,4,3249.5,90,3,3249.4,86,5,3249.3,58,3,3250.5,36,3,3250.6,13,3,3250.7,74,10,3250.8,25,2,3250.9,30,2
11536,2025-12-30 10:17:13+05:30,3249.7,4,3246.9,182912,105845.0,102122.0,3250.0,3253.0,3239.8,3251.5,41572475,3576.6,2926.4,4322.95,2866.6,3249.7,10,1,3249.6,41,4,3249.5,90,3,3249.4,86,5,3249.3,32,2,3250.4,17,1,3250.5,62,9,3250.6,1,1,3250.7,62,5,3250.8,25,2
11536,2025-12-30 10:17:14+05:30,3249.7,1,3246.9,182912,105845.0,102122.0,3250.0,3253.0,3239.8,3251.5,41572475,3576.6,2926.4,4322.95,2866.6,3249.7,10,1,3249.6,41,4,3249.5,90,3,3249.4,86,5,3249.3,32,2,3250.4,17,1,3250.5,62,9,3250.6,1,1,3250.7,62,5,3250.8,25,2
11536,2025-12-30 10:17:14+05:30,3249.7,6,3246.9,182922,105849.0,102116.0,3250.0,3253.0,3239.8,3251.5,41572475,3576.6,2926.4,4322.95,2866.6,3249.7,10,1,3249.6,41,4,3249.5,90,3,3249.4,83,4,3249.3,32,2,3250.3,19,3,3250.4,22,3,3250.5,31,5,3250.6,11,1,3250.7,61,4
11536,2025-12-30 10:17:15+05:30,3250.7,1,3246.9,182922,105849.0,102116.0,3250.0,3253.0,3239.8,3251.5,41572475,3576.6,2926.4,4322.95,2866.6,3249.7,10,1,3249.6,41,4,3249.5,90,3,3249.4,83,4,3249.3,32,2,3250.3,19,3,3250.4,22,3,3250.5,31,5,3250.6,11,1,3250.7,61,4
11536,2025-12-30 10:17:16+05:30,3250.7,1,3246.9,183003,106395.0,102075.0,3250.0,3253.0,3239.8,3251.5,41572475,3576.6,2926.4,4322.95,2866.6,3250.0,9,1,3249.6,41,4,3249.5,90,3,3249.4,109,5,3249.3,33,3,3250.7,81,6,3250.8,10,1,3250.9,27,2,3251.0,64,3,3251.1,179,1
11536,2025-12-30 10:17:16+05:30,3250.7,1,3246.9,183003,106395.0,102075.0,3250.0,3253.0,3239.8,3251.5,41572475,3576.6,2926.4,4322.95,2866.6,3250.0,9,1,3249.6,41,4,3249.5,90,3,3249.4,109,5,3249.3,33,3,3250.7,81,6,3250.8,10,1,3250.9,27,2,3251.0,64,3,3251.1,179,1
11536,2025-12-30 10:17:17+05:30,3250.7,3,3246.9,183007,106395.0,102073.0,3250.0,3253.0,3239.8,3251.5,41572475,3576.6,2926.4,4322.95,2866.6,3250.0,9,1,3249.6,41,4,3249.5,90,3,3249.4,109,5,3249.3,33,3,3250.7,79,8,3250.8,10,1,3250.9,27,2,3251.0,64,3,3251.1,179,1
11536,2025-12-30 10:17:17+05:30,3250.7,3,3246.9,183007,106395.0,102073.0,3250.0,3253.0,3239.8,3251.5,41572475,3576.6,2926.4,4322.95,2866.6,3250.0,9,1,3249.6,41,4,3249.5,90,3,3249.4,109,5,3249.3,33,3,3250.7,79,8,3250.8,10,1,3250.9,27,2,3251.0,64,3,3251.1,179,1
11536,2025-12-30 10:17:18+05:30,3250.0,24,3246.9,183031,106393.0,102070.0,3250.0,3253.0,3239.8,3251.5,41572475,3576.6,2926.4,4322.95,2866.6,3250.0,57,2,3249.6,41,4,3249.5,90,3,3249.4,29,3,3249.3,35,4,3250.7,76,7,3250.8,10,1,3250.9,27,2,3251.0,64,3,3251.1,179,1
11536,2025-12-30 10:17:18+05:30,3249.6,2,3246.9,183031,106393.0,102070.0,3250.0,3253.0,3239.8,3251.5,41572475,3576.6,2926.4,4322.95,2866.6,3250.0,57,2,3249.6,41,4,3249.5,90,3,3249.4,29,3,3249.3,35,4,3250.7,76,7,3250.8,10,1,3250.9,27,2,3251.0,64,3,3251.1,179,1
11536,2025-12-30 10:17:19+05:30,3249.6,1,3246.9,183145,105943.0,102243.0,3250.0,3253.0,3239.8,3251.5,41572475,3576.6,2926.4,4322.95,2866.6,3249.6,21,3,3249.5,90,3,3249.4,29,3,3249.3,46,5,3249.2,117,7,3250.6,44,6,3250.7,40,7,3250.8,21,2,3250.9,27,2,3251.0,64,3
11536,2025-12-30 10:17:19+05:30,3249.6,1,3246.9,183145,105943.0,102243.0,3250.0,3253.0,3239.8,3251.5,41572475,3576.6,2926.4,4322.95,2866.6,3249.6,21,3,3249.5,90,3,3249.4,29,3,3249.3,46,5,3249.2,117,7,3250.6,44,6,3250.7,40,7,3250.8,21,2,3250.9,27,2,3251.0,64,3
11536,2025-12-30 10:17:20+05:30,3250.6,1,3246.9,183147,105926.0,102245.0,3250.0,3253.0,3239.8,3251.5,41572475,3576.6,2926.4,4322.95,2866.6,3249.6,28,4,3249.5,101,4,3249.4,29,3,3249.3,61,5,3249.2,104,8,3250.6,46,9,3250.7,30,5,3250.9,20,1,3251.0,64,3,3251.1,203,2
11536,2025-12-30 10:17:20+05:30,3249.6,3,3246.9,183147,105926.0,102245.0,3250.0,3253.0,3239.8,3251.5,41572475,3576.6,2926.4,4322.95,2866.6,3249.6,28,4,3249.5,101,4,3249.4,29,3,3249.3,61,5,3249.2,104,8,3250.6,46,9,3250.7,30,5,3250.9,20,1,3251.0,64,3,3251.1,203,2
11536,2025-12-30 10:17:21+05:30,3250.6,1,3246.9,183195,105823.0,102221.0,3250.0,3253.0,3239.8,3251.5,41572475,3576.6,2926.4,4322.95,2866.6,3249.6,11,1,3249.5,156,9,3249.4,62,5,3249.3,68,6,3249.2,104,8,3250.6,27,9,3250.7,28,3,3250.9,37,2,3251.0,53,2,3251.1,203,2
11536,2025-12-30 10:17:21+05:30,3249.5,4,3246.9,183195,105823.0,102221.0,3250.0,3253.0,3239.8,3251.5,41572475,3576.6,2926.4,4322.95,2866.6,3249.6,11,1,3249.5,156,9,3249.4,62,5,3249.3,68,6,3249.2,104,8,3250.6,27,9,3250.7,28,3,3250.9,37,2,3251.0,53,2,3251.1,203,2
11536,2025-12-30 10:17:22+05:30,3249.5,2,3246.9,183225,105516.0,102342.0,3250.0,3253.0,3239.8,3251.5,41572475,3576.6,2926.4,4322.95,2866.6,3249.5,115,7,3249.4,43,4,3249.3,72,5,3249.2,126,8,3249.1,87,8,3249.6,3,3,3250.6,47,10,3250.7,46,2,3250.8,22,1,3250.9,98,3
11536,2025-12-30 10:17:22+05:30,3249.5,2,3246.9,183225,105516.0,102342.0,3250.0,3253.0,3239.8,3251.5,41572475,3576.6,2926.4,4322.95,2866.6,3249.5,115,7,3249.4,43,4,3249.3,72,5,3249.2,126,8,3249.1,87,8,3249.6,3,3,3250.6,47,10,3250.7,46,2,3250.8,22,1,3250.9,98,3
11536,2025-12-30 10:17:23+05:30,3249.5,1,3246.9,183240,105487.0,102368.0,3250.0,3253.0,3239.8,3251.5,41572475,3576.6,2926.4,4322.95,2866.6,3249.5,100,6,3249.4,43,4,3249.3,72,5,3249.2,107,7,3249.1,84,7,3249.6,7,7,3250.6,44,7,3250.7,47,3,3250.8,22,1,3250.9,98,3
11536,2025-12-30 10:17:23+05:30,3249.5,3,3246.9,183240,105487.0,102368.0,3250.0,3253.0,3239.8,3251.5,41572475,3576.6,2926.4,4322.95,2866.6,3249.5,100,6,3249.4,43,4,3249.3,72,5,3249.2,107,7,3249.1,84,7,3249.6,7,7,3250.6,44,7,3250.7,47,3,3250.8,22,1,3250.9,98,3
11536,2025-12-30 10:17:24+05:30,3249.5,3,3246.9,183290,105591.0,102128.0,3250.0,3253.0,3239.8,3251.5,41572475,3576.6,2926.4,4322.95,2866.6,3249.5,77,4,3249.4,50,5,3249.3,89,6,3249.2,90,6,3249.1,97,7,3249.6,30,5,3250.6,40,3,3250.7,21,2,3250.8,22,1,3250.9,209,3
11536,2025-12-30 10:17:24+05:30,3249.5,1,3246.9,183290,105591.0,102128.0,3250.0,3253.0,3239.8,3251.5,41572475,3576.6,2926.4,4322.95,2866.6,3249.5,77,4,3249.4,50,5,3249.3,89,6,3249.2,90,6,3249.1,97,7,3249.6,30,5,3250.6,40,3,3250.7,21,2,3250.8,22,1,3250.9,209,3
11536,2025-12-30 10:17:25+05:30,3249.7,1,3246.9,183345,105732.0,101950.0,3250.0,3253.0,3239.8,3251.5,41572475,3576.6,2926.4,4322.95,2866.6,3249.7,9,1,3249.6,2,2,3249.5,61,2,3249.4,29,3,3249.3,58,4,3250.6,35,2,3250.7,20,1,3250.9,20,1,3251.0,70,4,3251.1,190,2
11536,2025-12-30 10:17:25+05:30,3249.7,1,3246.9,183345,105732.0,101950.0,3250.0,3253.0,3239.8,3251.5,41572475,3576.6,2926.4,4322.95,2866.6,3249.7,9,1,3249.6,2,2,3249.5,61,2,3249.4,29,3,3249.3,58,4,3250.6,35,2,3250.7,20,1,3250.9,20,1,3251.0,70,4,3251.1,190,2
11536,2025-12-30 10:17:26+05:30,3249.7,1,3246.9,183345,105736.0,102055.0,3250.0,3253.0,3239.8,3251.5,41572475,3576.6,2926.4,4322.95,2866.6,3249.7,9,1,3249.6,2,2,3249.5,61,2,3249.4,29,3,3249.3,58,4,3250.6,38,4,3250.7,20,1,3250.9,20,1,3251.0,70,4,3251.1,190,2
11536,2025-12-30 10:17:27+05:30,3249.7,1,3246.9,183345,105967.0,101893.0,3250.0,3253.0,3239.8,3251.5,41572475,3576.6,2926.4,4322.95,2866.6,3250.0,1,1,3249.7,9,1,3249.6,1,1,3249.5,61,2,3249.4,29,3,3250.6,38,4,3250.7,20,1,3250.8,10,1,3250.9,20,1,3251.0,70,4
11536,2025-12-30 10:17:27+05:30,3251.0,11,3246.9,183345,105967.0,101893.0,3250.0,3253.0,3239.8,3251.5,41572475,3576.6,2926.4,4322.95,2866.6,3250.0,1,1,3249.7,9,1,3249.6,1,1,3249.5,61,2,3249.4,29,3,3250.6,38,4,3250.7,20,1,3250.8,10,1,3250.9,20,1,3251.0,70,4
11536,2025-12-30 10:17:28+05:30,3250.6,1,3246.91,183509,106085.0,101147.0,3250.0,3253.0,3239.8,3251.5,41572475,3576.6,2926.4,4322.95,2866.6,3249.7,28,2,3249.6,37,3,3249.5,113,5,3249.4,29,3,3249.3,68,5,3250.6,8,2,3250.9,17,1,3251.0,56,4,3251.1,4,1,3251.2,240,6
11536,2025-12-30 10:17:28+05:30,3250.6,1,3246.91,183509,106085.0,101147.0,3250.0,3253.0,3239.8,3251.5,41572475,3576.6,2926.4,4322.95,2866.6,3249.7,28,2,3249.6,37,3,3249.5,113,5,3249.4,29,3,3249.3,68,5,3250.6,8,2,3250.9,17,1,3251.0,56,4,3251.1,4,1,3251.2,240,6
11536,2025-12-30 10:17:31+05:30,3249.5,1,3246.91,183509,106085.0,101147.0,3250.0,3253.0,3239.8,3251.5,41572475,3576.6,2926.4,4322.95,2866.6,3249.7,28,2,3249.6,37,3,3249.5,113,5,3249.4,29,3,3249.3,68,5,3250.6,8,2,3250.9,17,1,3251.0,56,4,3251.1,4,1,3251.2,240,6
11536,2025-12-30 10:17:34+05:30,3249.7,1,3246.91,183630,105853.0,101513.0,3250.0,3253.0,3239.8,3251.5,41572475,3576.6,2926.4,4322.95,2866.6,3249.7,2,1,3249.6,8,1,3249.5,32,3,3249.4,29,3,3249.3,39,4,3250.6,14,1,3250.7,36,2,3250.8,38,2,3250.9,10,1,3251.0,53,4
11536,2025-12-30 10:17:34+05:30,3249.7,1,3246.91,183630,105853.0,101513.0,3250.0,3253.0,3239.8,3251.5,41572475,3576.6,2926.4,4322.95,2866.6,3249.7,2,1,3249.6,8,1,3249.5,32,3,3249.4,29,3,3249.3,39,4,3250.6,14,1,3250.7,36,2,3250.8,38,2,3250.9,10,1,3251.0,53,4
11536,2025-12-30 10:17:37+05:30,3249.7,1,3246.91,183630,105853.0,101513.0,3250.0,3253.0,3239.8,3251.5,41572475,3576.6,2926.4,4322.95,2866.6,3249.7,2,1,3249.6,8,1,3249.5,32,3,3249.4,29,3,3249.3,39,4,3250.6,14,1,3250.7,36,2,3250.8,38,2,3250.9,10,1,3251.0,53,4
11536,2025-12-30 10:17:39+05:30,3249.7,4,3246.91,183657,106192.0,100341.0,3250.0,3253.0,3239.8,3251.5,41572475,3576.6,2926.4,4322.95,2866.6,3249.7,31,2,3249.6,8,1,3249.5,60,4,3249.4,39,4,3249.3,65,5,3250.6,13,4,3250.8,17,1,3250.9,19,1,3251.0,53,4,3251.1,4,1
11536,2025-12-30 10:17:40+05:30,3249.7,2,3246.91,183657,106192.0,100341.0,3250.0,3253.0,3239.8,3251.5,41572475,3576.6,2926.4,4322.95,2866.6,3249.7,31,2,3249.6,8,1,3249.5,60,4,3249.4,39,4,3249.3,65,5,3250.6,13,4,3250.8,17,1,3250.9,19,1,3251.0,53,4,3251.1,4,1
11536,2025-12-30 10:17:43+05:30,3249.5,4,3246.91,183657,106192.0,100341.0,3250.0,3253.0,3239.8,3251.5,41572475,3576.6,2926.4,4322.95,2866.6,3249.7,31,2,3249.6,8,1,3249.5,60,4,3249.4,39,4,3249.3,65,5,3250.6,13,4,3250.8,17,1,3250.9,19,1,3251.0,53,4,3251.1,4,1
11536,2025-12-30 10:17:45+05:30,3249.6,1,3246.91,183775,105653.0,99956.0,3250.0,3253.0,3239.8,3251.5,41572475,3576.6,2926.4,4322.95,2866.6,3249.5,48,5,3249.4,56,5,3249.3,65,5,3249.2,96,7,3249.1,68,5,3249.9,6,3,3250.6,59,5,3250.8,20,1,3250.9,15,1,3251.0,48,3
11536,2025-12-30 10:17:46+05:30,3249.7,5,3246.91,183775,105653.0,99956.0,3250.0,3253.0,3239.8,3251.5,41572475,3576.6,2926.4,4322.95,2866.6,3249.5,48,5,3249.4,56,5,3249.3,65,5,3249.2,96,7,3249.1,68,5,3249.9,6,3,3250.6,59,5,3250.8,20,1,3250.9,15,1,3251.0,48,3
11536,2025-12-30 10:17:49+05:30,3249.6,10,3246.91,183775,105653.0,99956.0,3250.0,3253.0,3239.8,3251.5,41572475,3576.6,2926.4,4322.95,2866.6,3249.5,48,5,3249.4,56,5,3249.3,65,5,3249.2,96,7,3249.1,68,5,3249.9,6,3,3250.6,59,5,3250.8,20,1,3250.9,15,1,3251.0,48,3
11536,2025-12-30 10:17:50+05:30,3249.6,1,3246.92,184310,106023.0,99682.0,3250.0,3253.0,3239.8,3251.5,41572475,3576.6,2926.4,4322.95,2866.6,3249.6,66,6,3249.5,84,8,3249.4,29,6,3249.3,82,5,3249.2,69,7,3250.6,10,6,3250.8,1,1,3251.0,21,1,3251.1,8,1,3251.2,21,1
11536,2025-12-30 10:17:52+05:30,3250.6,2,3246.92,184310,106023.0,99682.0,3250.0,3253.0,3239.8,3251.5,41572475,3576.6,2926.4,4322.95,2866.6,3249.6,66,6,3249.5,84,8,3249.4,29,6,3249.3,82,5,3249.2,69,7,3250.6,10,6,3250.8,1,1,3251.0,21,1,3251.1,8,1,3251.2,21,1
11536,2025-12-30 10:17:54+05:30,3250.6,1,3246.92,184310,106023.0,99682.0,3250.0,3253.0,3239.8,3251.5,41572475,3576.6,2926.4,4322.95,2866.6,3249.6,66,6,3249.5,84,8,3249.4,29,6,3249.3,82,5,3249.2,69,7,3250.6,10,6,3250.8,1,1,3251.0,21,1,3251.1,8,1,3251.2,21,1
11536,2025-12-30 10:17:55+05:30,3250.0,5,3246.92,184472,106008.0,100154.0,3250.0,3253.0,3239.8,3251.5,41572475,3576.6,2926.4,4322.95,2866.6,3250.0,1,1,3249.6,60,3,3249.5,8,2,3249.4,14,3,3249.3,189,5,3250.6,54,9,3250.7,10,1,3250.9,11,1,3251.0,22,2,3251.1,30,4
11536,2025-12-30 10:17:57+05:30,3249.9,1,3246.92,184472,106008.0,100154.0,3250.0,3253.0,3239.8,3251.5,41572475,3576.6,2926.4,4322.95,2866.6,3250.0,1,1,3249.6,60,3,3249.5,8,2,3249.4,14,3,3249.3,189,5,3250.6,54,9,3250.7,10,1,3250.9,11,1,3251.0,22,2,3251.1,30,4
11536,2025-12-30 10:18:00+05:30,3250.0,26,3246.93,184930,107029.0,97802.0,3250.0,3253.0,3239.8,3251.5,41572475,3576.6,2926.4,4322.95,2866.6,3250.0,9,1,3249.9,47,4,3249.8,42,3,3249.7,44,4,3249.6,130,11,3250.6,27,4,3250.9,5,1,3251.2,26,2,3251.4,69,3,3251.5,82,2
11536,2025-12-30 10:18:01+05:30,3249.9,4,3246.93,184930,107029.0,97802.0,3250.0,3253.0,3239.8,3251.5,41572475,3576.6,2926.4,4322.95,2866.6,3250.0,9,1,3249.9,47,4,3249.8,42,3,3249.7,44,4,3249.6,130,11,3250.6,27,4,3250.9,5,1,3251.2,26,2,3251.4,69,3,3251.5,82,2
11536,2025-12-30 10:18:04+05:30,3250.6,1,3246.93,184930,107029.0,97802.0,3250.0,3253.0,3239.8,3251.5,41572475,3576.6,2926.4,4322.95,2866.6,3250.0,9,1,3249.9,47,4,3249.8,42,3,3249.7,44,4,3249.6,130,11,3250.6,27,4,3250.9,5,1,3251.2,26,2,3251.4,69,3,3251.5,82,2
11536,2025-12-30 10:18:05+05:30,3251.3,1,3246.94,185153,106661.0,96939.0,3250.0,3253.0,3239.8,3251.5,41572475,3576.6,2926.4,4322.95,2866.6,3251.3,724,2,3250.6,2,2,3250.4,1,1,3250.3,39,3,3250.2,23,2,3251.5,36,4,3251.7,225,1,3251.8,15,1,3251.9,326,3,3252.0,203,10
11536,2025-12-30 10:18:07+05:30,3251.5,1,3246.94,185153,106661.0,96939.0,3250.0,3253.0,3239.8,3251.5,41572475,3576.6,2926.4,4322.95,2866.6,3251.3,724,2,3250.6,2,2,3250.4,1,1,3250.3,39,3,3250.2,23,2,3251.5,36,4,3251.7,225,1,3251.8,15,1,3251.9,326,3,3252.0,203,10
11536,2025-12-30 10:18:10+05:30,3251.3,8,3246.94,185153,106661.0,96939.0,3250.0,3253.0,3239.8,3251.5,41572475,3576.6,2926.4,4322.95,2866.6,3251.3,724,2,3250.6,2,2,3250.4,1,1,3250.3,39,3,3250.2,23,2,3251.5,36,4,3251.7,225,1,3251.8,15,1,3251.9,326,3,3252.0,203,10
11536,2025-12-30 10:18:10+05:30,3251.5,1,3246.94,185240,106222.0,97624.0,3250.0,3253.0,3239.8,3251.5,41572475,3576.6,2926.4,4322.95,2866.6,3251.3,895,5,3251.0,18,1,3250.6,9,1,3250.5,72,4,3250.4,14,3,3251.5,4,4,3251.7,225,1,3251.9,326,3,3252.0,177,8,3252.2,82,3
11536,2025-12-30 10:18:13+05:30,3251.3,1,3246.94,185240,106222.0,97624.0,3250.0,3253.0,3239.8,3251.5,41572475,3576.6,2926.4,4322.95,2866.6,3251.3,895,5,3251.0,18,1,3250.6,9,1,3250.5,72,4,3250.4,14,3,3251.5,4,4,3251.7,225,1,3251.9,326,3,3252.0,177,8,3252.2,82,3
11536,2025-12-30 10:18:16+05:30,3251.5,1,3246.94,185278,105928.0,96302.0,3250.0,3253.0,3239.8,3251.5,41572475,3576.6,2926.4,4322.95,2866.6,3251.3,870,5,3251.0,22,3,3250.6,9,1,3250.5,46,3,3250.4,14,3,3251.5,34,4,3251.7,225,1,3251.9,326,3,3252.0,193,9,3252.1,26,1
11536,2025-12-30 10:18:16+05:30,3251.5,1,3246.94,185278,105928.0,96302.0,3250.0,3253.0,3239.8,3251.5,41572475,3576.6,2926.4,4322.95,2866.6,3251.3,870,5,3251.0,22,3,3250.6,9,1,3250.5,46,3,3250.4,14,3,3251.5,34,4,3251.7,225,1,3251.9,326,3,3252.0,193,9,3252.1,26,1
11536,2025-12-30 10:18:19+05:30,3251.5,1,3246.94,185278,105928.0,96302.0,3250.0,3253.0,3239.8,3251.5,41572475,3576.6,2926.4,4322.95,2866.6,3251.3,870,5,3251.0,22,3,3250.6,9,1,3250.5,46,3,3250.4,14,3,3251.5,34,4,3251.7,225,1,3251.9,326,3,3252.0,193,9,3252.1,26,1
11536,2025-12-30 10:18:21+05:30,3251.5,1,3246.94,185332,105739.0,96757.0,3250.0,3253.0,3239.8,3251.5,41572475,3576.6,2926.4,4322.95,2866.6,3251.5,5,2,3251.3,882,7,3251.2,26,2,3251.1,44,2,3251.0,4,2,3251.7,228,3,3251.9,1,1,3252.0,193,9,3252.2,21,1,3252.3,52,1
11536,2025-12-30 10:18:22+05:30,3251.5,9,3246.94,185332,105739.0,96757.0,3250.0,3253.0,3239.8,3251.5,41572475,3576.6,2926.4,4322.95,2866.6,3251.5,5,2,3251.3,882,7,3251.2,26,2,3251.1,44,2,3251.0,4,2,3251.7,228,3,3251.9,1,1,3252.0,193,9,3252.2,21,1,3252.3,52,1
11536,2025-12-30 10:18:24+05:30,3251.0,100,3246.94,185332,105739.0,96757.0,3250.0,3253.0,3239.8,3251.5,41572475,3576.6,2926.4,4322.95,2866.6,3251.5,5,2,3251.3,882,7,3251.2,26,2,3251.1,44,2,3251.0,4,2,3251.7,228,3,3251.9,1,1,3252.0,193,9,3252.2,21,1,3252.3,52,1
11536,2025-12-30 10:18:26+05:30,3251.0,1,3246.98,186975,103737.0,96938.0,3250.0,3253.0,3239.8,3251.5,41572475,3576.6,2926.4,4322.95,2866.6,3250.9,42,4,3250.8,15,1,3250.7,18,1,3250.6,86,6,3250.5,66,4,3251.0,113,6,3251.8,21,1,3252.0,20,1,3252.1,1,1,3252.2,56,4
11536,2025-12-30 10:18:28+05:30,3250.9,1,3246.99,187502,102899.0,97385.0,3250.0,3253.0,3239.8,3251.5,41572475,3576.6,2926.4,4322.95,2866.6,3250.5,46,5,3250.4,37,2,3250.3,54,2,3250.2,53,5,3250.1,60,4,3250.9,57,5,3251.0,40,2,3251.6,20,1,3251.8,47,2,3251.9,49,2
11536,2025-12-30 10:18:28+05:30,3250.3,26,3246.99,187502,102899.0,97385.0,3250.0,3253.0,3239.8,3251.5,41572475,3576.6,2926.4,4322.95,2866.6,3250.5,46,5,3250.4,37,2,3250.3,54,2,3250.2,53,5,3250.1,60,4,3250.9,57,5,3251.0,40,2,3251.6,20,1,3251.8,47,2,3251.9,49,2
11536,2025-12-30 10:18:29+05:30,3250.5,3,3247.0,187680,104367.0,97556.0,3250.0,3253.0,3239.8,3251.5,41572475,3576.6,2926.4,4322.95,2866.6,3250.3,82,5,3250.2,14,2,3250.1,56,5,3250.0,112,6,3249.9,35,4,3250.5,50,4,3250.9,20,5,3251.0,38,1,3251.4,21,1,3251.6,20,1
11536,2025-12-30 10:18:29+05:30,3250.3,1,3247.0,187680,104367.0,97556.0,3250.0,3253.0,3239.8,3251.5,41572475,3576.6,2926.4,4322.95,2866.6,3250.3,82,5,3250.2,14,2,3250.1,56,5,3250.0,112,6,3249.9,35,4,3250.5,50,4,3250.9,20,5,3251.0,38,1,3251.4,21,1,3251.6,20,1
11536,2025-12-30 10:18:30+05:30,3250.3,1,3247.0,187809,103654.0,97578.0,3250.0,3253.0,3239.8,3251.5,41572475,3576.6,2926.4,4322.95,2866.6,3250.2,88,6,3250.1,56,5,3250.0,111,6,3249.9,21,3,3249.8,97,5,3250.5,54,7,3250.9,6,2,3251.0,38,1,3251.6,20,1,3251.8,47,3
11536,2025-12-30 10:18:30+05:30,3250.5,2,3247.0,187809,103654.0,97578.0,3250.0,3253.0,3239.8,3251.5,41572475,3576.6,2926.4,4322.95,2866.6,3250.2,88,6,3250.1,56,5,3250.0,111,6,3249.9,21,3,3249.8,97,5,3250.5,54,7,3250.9,6,2,3251.0,38,1,3251.6,20,1,3251.8,47,3
11536,2025-12-30 10:18:31+05:30,3250.4,13,3247.0,188062,103473.0,98269.0,3250.0,3253.0,3239.8,3251.5,41572475,3576.6,2926.4,4322.95,2866.6,3250.4,2,1,3250.3,25,2,3250.2,12,2,3250.1,4,1,3250.0,80,5,3250.9,9,2,3251.0,38,1,3251.5,50,3,3251.6,22,1,3251.8,21,1
11536,2025-12-30 10:18:31+05:30,3250.4,13,3247.0,188062,103473.0,98269.0,3250.0,3253.0,3239.8,3251.5,41572475,3576.6,2926.4,4322.95,2866.6,3250.4,2,1,3250.3,25,2,3250.2,12,2,3250.1,4,1,3250.0,80,5,3250.9,9,2,3251.0,38,1,3251.5,50,3,3251.6,22,1,3251.8,21,1
11536,2025-12-30 10:18:32+05:30,3250.9,2,3247.0,188064,103847.0,98519.0,3250.0,3253.0,3239.8,3251.5,41572475,3576.6,2926.4,4322.95,2866.6,3250.5,2,1,3250.4,17,2,3250.3,24,2,3250.2,29,3,3250.1,4,1,3250.9,12,6,3251.0,38,1,3251.4,22,1,3251.5,28,2,3251.8,21,1
11536,2025-12-30 10:18:32+05:30,3250.9,1,3247.0,188064,103847.0,98519.0,3250.0,3253.0,3239.8,3251.5,41572475,3576.6,2926.4,4322.95,2866.6,3250.5,2,1,3250.4,17,2,3250.3,24,2,3250.2,29,3,3250.1,4,1,3250.9,12,6,3251.0,38,1,3251.4,22,1,3251.5,28,2,3251.8,21,1
11536,2025-12-30 10:18:33+05:30,3250.5,10,3247.0,188085,104497.0,98815.0,3250.0,3253.0,3239.8,3251.5,41572475,3576.6,2926.4,4322.95,2866.6,3250.4,17,2,3250.3,10,1,3250.2,12,2,3250.1,22,2,3250.0,86,5,3250.5,5,1,3250.9,43,8,3251.0,38,1,3251.4,22,1,3251.5,28,2
11536,2025-12-30 10:18:33+05:30,3250.4,7,3247.0,188085,104497.0,98815.0,3250.0,3253.0,3239.8,3251.5,41572475,3576.6,2926.4,4322.95,2866.6,3250.4,17,2,3250.3,10,1,3250.2,12,2,3250.1,22,2,3250.0,86,5,3250.5,5,1,3250.9,43,8,3251.0,38,1,3251.4,22,1,3251.5,28,2
11536,2025-12-30 10:18:34+05:30,3250.3,7,3247.0,188122,103467.0,98411.0,3250.0,3253.0,3239.8,3251.5,41572475,3576.6,2926.4,4322.95,2866.6,3250.2,67,6,3250.1,28,3,3250.0,86,5,3249.9,91,4,3249.8,82,4,3250.4,1,1,3250.5,9,5,3250.9,36,5,3251.0,38,1,3251.4,22,1
11536,2025-12-30 10:18:34+05:30,3250.2,4,3247.0,188122,103467.0,98411.0,3250.0,3253.0,3239.8,3251.5,41572475,3576.6,2926.4,4322.95,2866.6,3250.2,67,6,3250.1,28,3,3250.0,86,5,3249.9,91,4,3249.8,82,4,3250.4,1,1,3250.5,9,5,3250.9,36,5,3251.0,38,1,3251.4,22,1
11536,2025-12-30 10:18:35+05:30,3250.2,1,3247.01,188162,103443.0,98386.0,3250.0,3253.0,3239.8,3251.5,41572475,3576.6,2926.4,4322.95,2866.6,3250.2,33,5,3250.1,28,3,3250.0,113,6,3249.9,64,3,3249.8,82,4,3250.4,4,4,3250.5,5,5,3250.9,33,2,3251.0,38,1,3251.5,1,1
11536,2025-12-30 10:18:35+05:30,3250.2,2,3247.01,188162,103443.0,98386.0,3250.0,3253.0,3239.8,3251.5,41572475,3576.6,2926.4,4322.95,2866.6,3250.2,33,5,3250.1,28,3,3250.0,113,6,3249.9,64,3,3249.8,82,4,3250.4,4,4,3250.5,5,5,3250.9,33,2,3251.0,38,1,3251.5,1,1
11536,2025-12-30 10:18:36+05:30,3250.9,10,3247.01,188212,104474.0,97705.0,3250.0,3253.0,3239.8,3251.5,41572475,3576.6,2926.4,4322.95,2866.6,3250.5,1,1,3250.4,50,3,3250.3,104,7,3250.2,47,5,3250.1,28,3,3250.9,22,1,3251.0,38,1,3251.8,21,1,3252.0,20,1,3252.1,18,1
11536,2025-12-30 10:18:36+05:30,3251.0,68,3247.01,188212,104474.0,97705.0,3250.0,3253.0,3239.8,3251.5,41572475,3576.6,2926.4,4322.95,2866.6,3250.5,1,1,3250.4,50,3,3250.3,104,7,3250.2,47,5,3250.1,28,3,3250.9,22,1,3251.0,38,1,3251.8,21,1,3252.0,20,1,3252.1,18,1
11536,2025-12-30 10:18:37+05:30,3251.0,68,3247.01,188323,105040.0,97406.0,3250.0,3253.0,3239.8,3251.5,41572475,3576.6,2926.4,4322.95,2866.6,3250.6,1,1,3250.5,19,1,3250.4,14,1,3250.3,58,5,3250.2,442,9,3251.8,24,2,3251.9,35,3,3252.0,14,2,3252.1,43,2,3252.2,76,3
11536,2025-12-30 10:18:38+05:30,3251.7,1,3247.01,188324,105041.0,97877.0,3250.0,3253.0,3239.8,3251.5,41572475,3576.6,2926.4,4322.95,2866.6,3250.6,1,1,3250.4,14,1,3250.3,58,5,3250.2,398,9,3250.1,180,9,3251.7,48,2,3251.8,12,4,3251.9,35,3,3252.0,10,1,3252.1,69,3
11536,2025-12-30 10:18:38+05:30,3250.3,4,3247.01,188324,105041.0,97877.0,3250.0,3253.0,3239.8,3251.5,41572475,3576.6,2926.4,4322.95,2866.6,3250.6,1,1,3250.4,14,1,3250.3,58,5,3250.2,398,9,3250.1,180,9,3251.7,48,2,3251.8,12,4,3251.9,35,3,3252.0,10,1,3252.1,69,3
11536,2025-12-30 10:18:39+05:30,3251.6,1,3247.01,188377,104442.0,97899.0,3250.0,3253.0,3239.8,3251.5,41572475,3576.6,2926.4,4322.95,2866.6,3250.4,18,1,3250.3,75,5,3250.2,377,7,3250.1,133,7,3250.0,377,11,3251.6,24,3,3251.7,26,1,3251.8,12,4,3251.9,5,1,3252.0,57,3
11536,2025-12-30 10:18:39+05:30,3250.4,27,3247.01,188377,104442.0,97899.0,3250.0,3253.0,3239.8,3251.5,41572475,3576.6,2926.4,4322.95,2866.6,3250.4,18,1,3250.3,75,5,3250.2,377,7,3250.1,133,7,3250.0,377,11,3251.6,24,3,3251.7,26,1,3251.8,12,4,3251.9,5,1,3252.0,57,3
11536,2025-12-30 10:18:40+05:30,3250.4,16,3247.01,188463,104010.0,97860.0,3250.0,3253.0,3239.8,3251.5,41572475,3576.6,2926.4,4322.95,2866.6,3250.3,56,4,3250.2,88,4,3250.1,265,7,3250.0,185,9,3249.9,56,2,3251.5,51,4,3251.6,3,2,3251.7,14,1,3251.8,4,2,3251.9,24,2
11536,2025-12-30 10:18:40+05:30,3250.3,3,3247.01,188463,104010.0,97860.0,3250.0,3253.0,3239.8,3251.5,41572475,3576.6,2926.4,4322.95,2866.6,3250.3,56,4,3250.2,88,4,3250.1,265,7,3250.0,185,9,3249.9,56,2,3251.5,51,4,3251.6,3,2,3251.7,14,1,3251.8,4,2,3251.9,24,2
11536,2025-12-30 10:18:41+05:30,3250.3,3,3247.01,188513,103746.0,97933.0,3250.0,3253.0,3239.8,3251.5,41572475,3576.6,2926.4,4322.95,2866.6,3250.3,3,1,3250.2,61,6,3250.1,228,4,3250.0,161,7,3249.9,70,3,3251.4,50,4,3251.5,6,5,3251.6,1,1,3251.8,21,1,3251.9,33,2
11536,2025-12-30 10:18:42+05:30,3250.2,5,3247.01,188529,104025.0,98066.0,3250.0,3253.0,3239.8,3251.5,41572475,3576.6,2926.4,4322.95,2866.6,3250.2,57,7,3250.1,232,6,3250.0,317,8,3249.9,70,3,3249.8,225,5,3251.4,66,7,3251.5,5,4,3251.6,21,1,3251.8,22,2,3251.9,28,2
11536,2025-12-30 10:18:42+05:30,3250.9,6,3247.01,188529,104025.0,98066.0,3250.0,3253.0,3239.8,3251.5,41572475,3576.6,2926.4,4322.95,2866.6,3250.2,57,7,3250.1,232,6,3250.0,317,8,3249.9,70,3,3249.8,225,5,3251.4,66,7,3251.5,5,4,3251.6,21,1,3251.8,22,2,3251.9,28,2
11536,2025-12-30 10:18:43+05:30,3250.3,3,3247.01,188557,103445.0,98306.0,3250.0,3253.0,3239.8,3251.5,41572475,3576.6,2926.4,4322.95,2866.6,3250.3,21,3,3250.2,33,5,3250.1,45,4,3250.0,140,6,3249.9,70,3,3250.9,4,4,3251.4,63,8,3251.5,1,1,3251.6,11,1,3251.8,37,3
11536,2025-12-30 10:18:43+05:30,3250.3,1,3247.01,188557,103445.0,98306.0,3250.0,3253.0,3239.8,3251.5,41572475,3576.6,2926.4,4322.95,2866.6,3250.3,21,3,3250.2,33,5,3250.1,45,4,3250.0,140,6,3249.9,70,3,3250.9,4,4,3251.4,63,8,3251.5,1,1,3251.6,11,1,3251.8,37,3
11536,2025-12-30 10:18:44+05:30,3250.3,3,3247.01,188594,104077.0,99107.0,3250.0,3253.0,3239.8,3251.5,41572475,3576.6,2926.4,4322.95,2866.6,3250.2,42,6,3250.1,45,4,3250.0,140,6,3249.9,70,3,3249.8,247,8,3250.3,28,1,3250.9,8,8,3251.4,81,7,3251.6,32,2,3251.8,91,5
11536,2025-12-30 10:18:44+05:30,3250.2,3,3247.01,188594,104077.0,99107.0,3250.0,3253.0,3239.8,3251.5,41572475,3576.6,2926.4,4322.95,2866.6,3250.2,42,6,3250.1,45,4,3250.0,140,6,3249.9,70,3,3249.8,247,8,3250.3,28,1,3250.9,8,8,3251.4,81,7,3251.6,32,2,3251.8,91,5
11536,2025-12-30 10:18:45+05:30,3250.3,1,3247.01,188609,104235.0,99115.0,3250.0,3253.0,3239.8,3251.5,41572475,3576.6,2926.4,4322.95,2866.6,3250.2,47,6,3250.1,45,4,3250.0,132,6,3249.9,70,3,3249.8,292,9,3250.3,44,7,3250.9,6,6,3251.4,65,4,3251.6,32,2,3251.8,91,5
11536,2025-12-30 10:18:45+05:30,3250.2,1,3247.01,188609,104235.0,99115.0,3250.0,3253.0,3239.8,3251.5,41572475,3576.6,2926.4,4322.95,2866.6,3250.2,47,6,3250.1,45,4,3250.0,132,6,3249.9,70,3,3249.8,292,9,3250.3,44,7,3250.9,6,6,3251.4,65,4,3251.6,32,2,3251.8,91,5
11536,2025-12-30 10:18:46+05:30,3250.3,1,3247.01,188626,103520.0,99388.0,3250.0,3253.0,3239.8,3251.5,41572475,3576.6,2926.4,4322.95,2866.6,3250.2,21,3,3250.1,34,4,3250.0,132,6,3249.9,56,2,3249.8,273,8,3250.3,43,12,3250.9,2,2,3251.4,64,3,3251.6,34,3,3251.8,100,6
11536,2025-12-30 10:18:46+05:30,3250.2,1,3247.01,188626,103520.0,99388.0,3250.0,3253.0,3239.8,3251.5,41572475,3576.6,2926.4,4322.95,2866.6,3250.2,21,3,3250.1,34,4,3250.0,132,6,3249.9,56,2,3249.8,273,8,3250.3,43,12,3250.9,2,2,3251.4,64,3,3251.6,34,3,3251.8,100,6
11536,2025-12-30 10:18:47+05:30,3250.3,6,3247.01,188649,103376.0,99313.0,3250.0,3253.0,3239.8,3251.5,41572475,3576.6,2926.4,4322.95,2866.6,3250.2,25,4,3250.1,22,4,3250.0,133,7,3249.9,69,3,3249.8,109,7,3250.3,40,15,3251.0,5,1,3251.4,64,3,3251.6,32,2,3251.7,50,2
11536,2025-12-30 10:18:47+05:30,3250.2,2,3247.01,188649,103376.0,99313.0,3250.0,3253.0,3239.8,3251.5,41572475,3576.6,2926.4,4322.95,2866.6,3250.2,25,4,3250.1,22,4,3250.0,133,7,3249.9,69,3,3249.8,109,7,3250.3,40,15,3251.0,5,1,3251.4,64,3,3251.6,32,2,3251.7,50,2
11536,2025-12-30 10:18:48+05:30,3250.3,1,3247.02,188706,103646.0,98571.0,3250.0,3253.0,3239.8,3251.5,41572475,3576.6,2926.4,4322.95,2866.6,3250.2,32,4,3250.1,44,5,3250.0,159,8,3249.9,71,4,3249.8,133,7,3250.3,1,1,3251.0,5,1,3251.4,21,1,3251.6,21,1,3251.7,26,1
11536,2025-12-30 10:18:48+05:30,3250.3,1,3247.02,188706,103646.0,98571.0,3250.0,3253.0,3239.8,3251.5,41572475,3576.6,2926.4,4322.95,2866.6,3250.2,32,4,3250.1,44,5,3250.0,159,8,3249.9,71,4,3249.8,133,7,3250.3,1,1,3251.0,5,1,3251.4,21,1,3251.6,21,1,3251.7,26,1
11536,2025-12-30 10:18:49+05:30,3250.3,1,3247.02,188706,103659.0,97531.0,3250.0,3253.0,3239.8,3251.5,41572475,3576.6,2926.4,4322.95,2866.6,3250.2,43,5,3250.1,44,5,3250.0,159,8,3249.9,71,4,3249.8,133,7,3250.3,4,3,3251.0,5,1,3251.4,21,1,3251.6,21,1,3251.7,26,1
11536,2025-12-30 10:18:50+05:30,3250.3,1,3247.02,188707,102245.0,99429.0,3250.0,3253.0,3239.8,3251.5,41572475,3576.6,2926.4,4322.95,2866.6,3250.2,33,5,3250.1,22,4,3250.0,154,8,3249.9,96,5,3249.8,133,7,3250.3,4,3,3251.0,5,1,3251.4,21,1,3251.6,21,1,3251.7,26,1
11536,2025-12-30 10:18:50+05:30,3250.3,1,3247.02,188707,102245.0,99429.0,3250.0,3253.0,3239.8,3251.5,41572475,3576.6,2926.4,4322.95,2866.6,3250.2,33,5,3250.1,22,4,3250.0,154,8,3249.9,96,5,3249.8,133,7,3250.3,4,3,3251.0,5,1,3251.4,21,1,3251.6,21,1,3251.7,26,1
11536,2025-12-30 10:18:51+05:30,3250.2,1,3247.02,188723,103272.0,99806.0,3250.0,3253.0,3239.8,3251.5,41572475,3576.6,2926.4,4322.95,2866.6,3250.2,13,3,3250.1,17,3,3250.0,115,6,3249.9,56,2,3249.8,99,7,3250.3,36,4,3251.0,5,1,3251.4,21,1,3251.5,61,1,3251.6,107,3
11536,2025-12-30 10:18:51+05:30,3250.3,19,3247.02,188723,103272.0,99806.0,3250.0,3253.0,3239.8,3251.5,41572475,3576.6,2926.4,4322.95,2866.6,3250.2,13,3,3250.1,17,3,3250.0,115,6,3249.9,56,2,3249.8,99,7,3250.3,36,4,3251.0,5,1,3251.4,21,1,3251.5,61,1,3251.6,107,3
11536,2025-12-30 10:18:52+05:30,3250.3,2,3247.02,188781,103651.0,98641.0,3250.0,3253.0,3239.8,3251.5,41572475,3576.6,2926.4,4322.95,2866.6,3250.2,19,3,3250.1,22,4,3250.0,220,11,3249.9,102,3,3249.8,133,10,3251.0,5,1,3251.6,25,2,3251.7,1,1,3251.8,30,2,3251.9,61,5
11536,2025-12-30 10:18:52+05:30,3250.3,2,3247.02,188781,103651.0,98641.0,3250.0,3253.0,3239.8,3251.5,41572475,3576.6,2926.4,4322.95,2866.6,3250.2,19,3,3250.1,22,4,3250.0,220,11,3249.9,102,3,3249.8,133,10,3251.0,5,1,3251.6,25,2,3251.7,1,1,3251.8,30,2,3251.9,61,5
11536,2025-12-30 10:18:53+05:30,3250.3,2,3247.02,188781,104129.0,98124.0,3250.0,3253.0,3239.8,3251.5,41572475,3576.6,2926.4,4322.95,2866.6,3250.3,3,2,3250.2,19,3,3250.1,22,4,3250.0,401,12,3249.9,56,2,3251.0,8,4,3251.7,4,1,3251.8,31,3,3251.9,87,6,3252.0,423,5
11536,2025-12-30 10:18:54+05:30,3250.3,8,3247.02,188790,104093.0,98228.0,3250.0,3253.0,3239.8,3251.5,41572475,3576.6,2926.4,4322.95,2866.6,3250.2,7,2,3250.1,22,4,3250.0,309,8,3249.9,102,3,3249.8,289,11,3251.0,7,3,3251.7,4,1,3251.8,31,3,3251.9,86,5,3252.0,423,5
11536,2025-12-30 10:18:54+05:30,3250.2,1,3247.02,188790,104093.0,98228.0,3250.0,3253.0,3239.8,3251.5,41572475,3576.6,2926.4,4322.95,2866.6,3250.2,7,2,3250.1,22,4,3250.0,309,8,3249.9,102,3,3249.8,289,11,3251.0,7,3,3251.7,4,1,3251.8,31,3,3251.9,86,5,3252.0,423,5
11536,2025-12-30 10:18:55+05:30,3250.2,2,3247.02,188798,103528.0,98262.0,3250.0,3253.0,3239.8,3251.5,41572475,3576.6,2926.4,4322.95,2866.6,3250.2,10,2,3250.1,19,3,3250.0,123,6,3249.9,81,3,3249.8,277,10,3251.0,5,3,3251.5,21,1,3251.6,4,1,3251.7,4,1,3251.8,59,5
11536,2025-12-30 10:18:55+05:30,3250.2,2,3247.02,188798,103528.0,98262.0,3250.0,3253.0,3239.8,3251.5,41572475,3576.6,2926.4,4322.95,2866.6,3250.2,10,2,3250.1,19,3,3250.0,123,6,3249.9,81,3,3249.8,277,10,3251.0,5,3,3251.5,21,1,3251.6,4,1,3251.7,4,1,3251.8,59,5
11536,2025-12-30 10:18:56+05:30,3250.2,2,3247.02,188798,103728.0,96706.0,3250.0,3253.0,3239.8,3251.5,41572475,3576.6,2926.4,4322.95,2866.6,3250.2,10,2,3250.1,19,3,3250.0,309,8,3249.9,41,2,3249.8,302,10,3251.0,9,7,3251.3,21,1,3251.4,25,1,3251.6,4,1,3251.7,4,1
11536,2025-12-30 10:18:56+05:30,3250.2,2,3247.02,188798,103728.0,96706.0,3250.0,3253.0,3239.8,3251.5,41572475,3576.6,2926.4,4322.95,2866.6,3250.2,10,2,3250.1,19,3,3250.0,309,8,3249.9,41,2,3249.8,302,10,3251.0,9,7,3251.3,21,1,3251.4,25,1,3251.6,4,1,3251.7,4,1
11536,2025-12-30 10:18:57+05:30,3250.2,2,3247.02,188801,102116.0,96584.0,3250.0,3253.0,3239.8,3251.5,41572475,3576.6,2926.4,4322.95,2866.6,3250.2,8,2,3250.1,17,3,3250.0,300,8,3249.9,29,1,3249.8,257,9,3251.0,9,7,3251.3,21,1,3251.4,25,1,3251.6,4,1,3251.7,78,4
11536,2025-12-30 10:18:57+05:30,3250.2,2,3247.02,188801,102116.0,96584.0,3250.0,3253.0,3239.8,3251.5,41572475,3576.6,2926.4,4322.95,2866.6,3250.2,8,2,3250.1,17,3,3250.0,300,8,3249.9,29,1,3249.8,257,9,3251.0,9,7,3251.3,21,1,3251.4,25,1,3251.6,4,1,3251.7,78,4
11536,2025-12-30 10:18:58+05:30,3250.2,2,3247.02,188807,102089.0,97959.0,3250.0,3253.0,3239.8,3251.5,41572475,3576.6,2926.4,4322.95,2866.6,3250.2,2,2,3250.1,5,2,3250.0,262,6,3249.9,201,2,3249.8,249,8,3251.0,9,7,3251.1,21,1,3251.2,25,1,3251.6,4,1,3251.7,65,2
11536,2025-12-30 10:18:58+05:30,3250.2,1,3247.02,188807,102089.0,97959.0,3250.0,3253.0,3239.8,3251.5,41572475,3576.6,2926.4,4322.95,2866.6,3250.2,2,2,3250.1,5,2,3250.0,262,6,3249.9,201,2,3249.8,249,8,3251.0,9,7,3251.1,21,1,3251.2,25,1,3251.6,4,1,3251.7,65,2
11536,2025-12-30 10:18:59+05:30,3250.2,1,3247.02,188810,101722.0,98144.0,3250.0,3253.0,3239.8,3251.5,41572475,3576.6,2926.4,4322.95,2866.6,3250.2,8,1,3250.1,5,2,3250.0,236,5,3249.9,29,1,3249.8,236,6,3251.0,29,7,3251.1,25,1,3251.2,16,1,3251.3,17,1,3251.4,20,1
11536,2025-12-30 10:18:59+05:30,3250.2,1,3247.02,188810,101722.0,98144.0,3250.0,3253.0,3239.8,3251.5,41572475,3576.6,2926.4,4322.95,2866.6,3250.2,8,1,3250.1,5,2,3250.0,236,5,3249.9,29,1,3249.8,236,6,3251.0,29,7,3251.1,25,1,3251.2,16,1,3251.3,17,1,3251.4,20,1
11536,2025-12-30 10:19:00+05:30,3250.2,1,3247.02,188812,103707.0,98506.0,3250.0,3253.0,3239.8,3251.5,41572475,3576.6,2926.4,4322.95,2866.6,3250.2,6,1,3250.1,5,2,3250.0,80,4,3249.9,197,2,3249.8,236,6,3250.9,32,2,3251.0,31,5,3251.2,16,1,3251.3,17,1,3251.4,32,2
11536,2025-12-30 10:19:00+05:30,3250.2,1,3247.02,188812,103707.0,98506.0,3250.0,3253.0,3239.8,3251.5,41572475,3576.6,2926.4,4322.95,2866.6,3250.2,6,1,3250.1,5,2,3250.0,80,4,3249.9,197,2,3249.8,236,6,3250.9,32,2,3251.0,31,5,3251.2,16,1,3251.3,17,1,3251.4,32,2
11536,2025-12-30 10:19:01+05:30,3250.3,1,3247.02,188814,103741.0,98570.0,3250.0,3253.0,3239.8,3251.5,41572475,3576.6,2926.4,4322.95,2866.6,3250.3,39,1,3250.2,5,1,3250.1,5,2,3250.0,80,4,3249.9,191,2,3250.9,22,2,3251.0,29,3,3251.2,16,1,3251.3,17,1,3251.4,32,2
11536,2025-12-30 10:19:01+05:30,3250.9,1,3247.02,188814,103741.0,98570.0,3250.0,3253.0,3239.8,3251.5,41572475,3576.6,2926.4,4322.95,2866.6,3250.3,39,1,3250.2,5,1,3250.1,5,2,3250.0,80,4,3249.9,191,2,3250.9,22,2,3251.0,29,3,3251.2,16,1,3251.3,17,1,3251.4,32,2
11536,2025-12-30 10:19:02+05:30,3250.3,1,3247.02,188817,106208.0,98579.0,3250.0,3253.0,3239.8,3251.5,41572475,3576.6,2926.4,4322.95,2866.6,3250.3,38,1,3250.2,7,2,3250.1,5,2,3250.0,292,7,3249.9,47,2,3251.0,5,3,3251.4,25,1,3251.5,38,2,3251.6,45,3,3251.7,4,1
11536,2025-12-30 10:19:02+05:30,3251.0,1,3247.02,188817,106208.0,98579.0,3250.0,3253.0,3239.8,3251.5,41572475,3576.6,2926.4,4322.95,2866.6,3250.3,38,1,3250.2,7,2,3250.1,5,2,3250.0,292,7,3249.9,47,2,3251.0,5,3,3251.4,25,1,3251.5,38,2,3251.6,45,3,3251.7,4,1
11536,2025-12-30 10:19:03+05:30,3251.0,1,3247.02,188819,106121.0,97942.0,3250.0,3253.0,3239.8,3251.5,41572475,3576.6,2926.4,4322.95,2866.6,3250.3,38,1,3250.2,7,2,3250.1,5,2,3250.0,292,7,3249.9,47,2,3251.0,4,4,3251.4,25,1,3251.5,38,2,3251.6,45,3,3251.7,41,3
11536,2025-12-30 10:19:03+05:30,3250.3,1,3247.02,188819,106121.0,97942.0,3250.0,3253.0,3239.8,3251.5,41572475,3576.6,2926.4,4322.95,2866.6,3250.3,38,1,3250.2,7,2,3250.1,5,2,3250.0,292,7,3249.9,47,2,3251.0,4,4,3251.4,25,1,3251.5,38,2,3251.6,45,3,3251.7,41,3
11536,2025-12-30 10:19:04+05:30,3250.3,1,3247.02,188820,106102.0,98448.0,3250.0,3253.0,3239.8,3251.5,41572475,3576.6,2926.4,4322.95,2866.6,3250.3,37,1,3250.2,7,2,3250.1,5,2,3250.0,91,5,3249.9,55,3,3251.0,5,5,3251.1,21,1,3251.2,25,1,3251.5,17,1,3251.6,53,4
11536,2025-12-30 10:19:04+05:30,3251.0,2,3247.02,188820,106102.0,98448.0,3250.0,3253.0,3239.8,3251.5,41572475,3576.6,2926.4,4322.95,2866.6,3250.3,37,1,3250.2,7,2,3250.1,5,2,3250.0,91,5,3249.9,55,3,3251.0,5,5,3251.1,21,1,3251.2,25,1,3251.5,17,1,3251.6,53,4
11536,2025-12-30 10:19:05+05:30,3251.3,1,3247.02,188830,107574.0,97911.0,3250.0,3253.0,3239.8,3251.5,41572475,3576.6,2926.4,4322.95,2866.6,3251.0,1,1,3250.3,37,1,3250.2,7,2,3250.1,219,4,3250.0,333,8,3251.3,47,4,3251.4,7,1,3251.5,54,3,3251.6,32,3,3251.7,11,2
11536,2025-12-30 10:19:05+05:30,3251.3,1,3247.02,188830,107574.0,97911.0,3250.0,3253.0,3239.8,3251.5,41572475,3576.6,2926.4,4322.95,2866.6,3251.0,1,1,3250.3,37,1,3250.2,7,2,3250.1,219,4,3250.0,333,8,3251.3,47,4,3251.4,7,1,3251.5,54,3,3251.6,32,3,3251.7,11,2
11536,2025-12-30 10:19:06+05:30,3251.3,1,3247.02,188830,107544.0,97902.0,3250.0,3253.0,3239.8,3251.5,41572475,3576.6,2926.4,4322.95,2866.6,3251.0,1,1,3250.3,37,1,3250.2,7,2,3250.1,219,4,3250.0,287,7,3251.2,46,2,3251.3,16,3,3251.4,18,2,3251.5,43,2,3251.6,43,4
11536,2025-12-30 10:19:06+05:30,3251.0,1,3247.02,188830,107544.0,97902.0,3250.0,3253.0,3239.8,3251.5,41572475,3576.6,2926.4,4322.95,2866.6,3251.0,1,1,3250.3,37,1,3250.2,7,2,3250.1,219,4,3250.0,287,7,3251.2,46,2,3251.3,16,3,3251.4,18,2,3251.5,43,2,3251.6,43,4
11536,2025-12-30 10:19:07+05:30,3251.0,1,3247.02,188831,106351.0,98110.0,3250.0,3253.0,3239.8,3251.5,41572475,3576.6,2926.4,4322.95,2866.6,3250.3,37,1,3250.2,7,2,3250.1,16,3,3250.0,299,8,3249.9,55,3,3251.0,2,2,3251.2,60,3,3251.3,1,1,3251.4,7,1,3251.6,14,2
11536,2025-12-30 10:19:07+05:30,3250.3,2,3247.02,188831,106351.0,98110.0,3250.0,3253.0,3239.8,3251.5,41572475,3576.6,2926.4,4322.95,2866.6,3250.3,37,1,3250.2,7,2,3250.1,16,3,3250.0,299,8,3249.9,55,3,3251.0,2,2,3251.2,60,3,3251.3,1,1,3251.4,7,1,3251.6,14,2
11536,2025-12-30 10:19:08+05:30,3250.3,2,3247.02,188833,106211.0,98118.0,3250.0,3253.0,3239.8,3251.5,41572475,3576.6,2926.4,4322.95,2866.6,3250.3,35,1,3250.2,17,3,3250.1,16,3,3250.0,299,8,3249.9,55,3,3251.0,2,2,3251.2,60,3,3251.4,7,1,3251.6,14,2,3251.7,11,2
11536,2025-12-30 10:19:08+05:30,3250.3,2,3247.02,188833,106211.0,98118.0,3250.0,3253.0,3239.8,3251.5,41572475,3576.6,2926.4,4322.95,2866.6,3250.3,35,1,3250.2,17,3,3250.1,16,3,3250.0,299,8,3249.9,55,3,3251.0,2,2,3251.2,60,3,3251.4,7,1,3251.6,14,2,3251.7,11,2
11536,2025-12-30 10:19:09+05:30,3251.0,4,3247.02,188840,106259.0,98073.0,3250.0,3253.0,3239.8,3251.5,41572475,3576.6,2926.4,4322.95,2866.6,3250.3,33,1,3250.2,17,3,3250.1,16,3,3250.0,349,9,3249.9,55,3,3251.0,12,3,3251.2,46,2,3251.4,7,1,3251.6,10,1,3251.7,7,1
11536,2025-12-30 10:19:09+05:30,3251.0,4,3247.02,188840,106259.0,98073.0,3250.0,3253.0,3239.8,3251.5,41572475,3576.6,2926.4,4322.95,2866.6,3250.3,33,1,3250.2,17,3,3250.1,16,3,3250.0,349,9,3249.9,55,3,3251.0,12,3,3251.2,46,2,3251.4,7,1,3251.6,10,1,3251.7,7,1
11536,2025-12-30 10:19:10+05:30,3251.0,2,3247.02,188842,106352.0,98091.0,3250.0,3253.0,3239.8,3251.5,41572475,3576.6,2926.4,4322.95,2866.6,3250.3,98,3,3250.2,17,3,3250.1,5,2,3250.0,385,11,3249.9,55,3,3251.0,11,4,3251.2,46,2,3251.5,10,1,3251.6,10,1,3251.7,7,1
11536,2025-12-30 10:19:10+05:30,3251.0,2,3247.02,188842,106352.0,98091.0,3250.0,3253.0,3239.8,3251.5,41572475,3576.6,2926.4,4322.95,2866.6,3250.3,98,3,3250.2,17,3,3250.1,5,2,3250.0,385,11,3249.9,55,3,3251.0,11,4,3251.2,46,2,3251.5,10,1,3251.6,10,1,3251.7,7,1
11536,2025-12-30 10:19:11+05:30,3250.3,1,3247.02,188845,105816.0,98182.0,3250.0,3253.0,3239.8,3251.5,41572475,3576.6,2926.4,4322.95,2866.6,3250.3,85,2,3250.2,17,3,3250.1,5,2,3250.0,360,10,3249.9,55,3,3251.0,45,5,3251.2,46,2,3251.5,10,1,3251.6,30,2,3251.7,7,1
11536,2025-12-30 10:19:11+05:30,3250.3,1,3247.02,188845,105816.0,98182.0,3250.0,3253.0,3239.8,3251.5,41572475,3576.6,2926.4,4322.95,2866.6,3250.3,85,2,3250.2,17,3,3250.1,5,2,3250.0,360,10,3249.9,55,3,3251.0,45,5,3251.2,46,2,3251.5,10,1,3251.6,30,2,3251.7,7,1
11536,2025-12-30 10:19:12+05:30,3250.3,1,3247.02,188847,105814.0,98181.0,3250.0,3253.0,3239.8,3251.5,41572475,3576.6,2926.4,4322.95,2866.6,3250.3,83,2,3250.2,17,3,3250.1,5,2,3250.0,353,9,3249.9,55,3,3251.0,44,4,3251.2,46,2,3251.5,10,1,3251.6,30,2,3251.7,7,1
11536,2025-12-30 10:19:12+05:30,3251.0,1,3247.02,188847,105814.0,98181.0,3250.0,3253.0,3239.8,3251.5,41572475,3576.6,2926.4,4322.95,2866.6,3250.3,83,2,3250.2,17,3,3250.1,5,2,3250.0,353,9,3249.9,55,3,3251.0,44,4,3251.2,46,2,3251.5,10,1,3251.6,30,2,3251.7,7,1
11536,2025-12-30 10:19:13+05:30,3251.0,1,3247.02,188850,105887.0,98179.0,3250.0,3253.0,3239.8,3251.5,41572475,3576.6,2926.4,4322.95,2866.6,3250.3,131,3,3250.2,28,4,3250.1,5,2,3250.0,378,10,3249.9,55,3,3251.0,42,5,3251.2,46,2,3251.5,10,1,3251.6,30,2,3251.7,7,1
11536,2025-12-30 10:19:13+05:30,3250.3,1,3247.02,188850,105887.0,98179.0,3250.0,3253.0,3239.8,3251.5,41572475,3576.6,2926.4,4322.95,2866.6,3250.3,131,3,3250.2,28,4,3250.1,5,2,3250.0,378,10,3249.9,55,3,3251.0,42,5,3251.2,46,2,3251.5,10,1,3251.6,30,2,3251.7,7,1
11536,2025-12-30 10:19:14+05:30,3250.3,1,3247.02,188858,105736.0,98178.0,3250.0,3253.0,3239.8,3251.5,41572475,3576.6,2926.4,4322.95,2866.6,3250.3,138,4,3250.2,17,3,3250.1,5,2,3250.0,192,8,3249.9,55,3,3251.0,40,7,3251.2,25,1,3251.4,21,1,3251.5,10,1,3251.6,30,2
11536,2025-12-30 10:19:14+05:30,3250.3,1,3247.02,188858,105736.0,98178.0,3250.0,3253.0,3239.8,3251.5,41572475,3576.6,2926.4,4322.95,2866.6,3250.3,138,4,3250.2,17,3,3250.1,5,2,3250.0,192,8,3249.9,55,3,3251.0,40,7,3251.2,25,1,3251.4,21,1,3251.5,10,1,3251.6,30,2
11536,2025-12-30 10:19:15+05:30,3251.0,1,3247.02,188860,105735.0,98177.0,3250.0,3253.0,3239.8,3251.5,41572475,3576.6,2926.4,4322.95,2866.6,3250.3,137,4,3250.2,17,3,3250.1,5,2,3250.0,192,8,3249.9,55,3,3251.0,39,7,3251.2,25,1,3251.4,21,1,3251.5,10,1,3251.6,30,2
11536,2025-12-30 10:19:15+05:30,3250.3,2,3247.02,188860,105735.0,98177.0,3250.0,3253.0,3239.8,3251.5,41572475,3576.6,2926.4,4322.95,2866.6,3250.3,137,4,3250.2,17,3,3250.1,5,2,3250.0,192,8,3249.9,55,3,3251.0,39,7,3251.2,25,1,3251.4,21,1,3251.5,10,1,3251.6,30,2
11536,2025-12-30 10:19:16+05:30,3251.0,1,3247.02,188865,105731.0,98194.0,3250.0,3253.0,3239.8,3251.5,41572475,3576.6,2926.4,4322.95,2866.6,3250.3,133,4,3250.2,17,3,3250.1,5,2,3250.0,192,8,3249.9,55,3,3251.0,38,7,3251.2,25,1,3251.4,21,1,3251.5,10,1,3251.6,30,2
11536,2025-12-30 10:19:16+05:30,3250.3,1,3247.02,188865,105731.0,98194.0,3250.0,3253.0,3239.8,3251.5,41572475,3576.6,2926.4,4322.95,2866.6,3250.3,133,4,3250.2,17,3,3250.1,5,2,3250.0,192,8,3249.9,55,3,3251.0,38,7,3251.2,25,1,3251.4,21,1,3251.5,10,1,3251.6,30,2
11536,2025-12-30 10:19:17+05:30,3250.3,1,3247.02,188869,105877.0,98187.0,3250.0,3253.0,3239.8,3251.5,41572475,3576.6,2926.4,4322.95,2866.6,3250.3,195,6,3250.2,77,6,3250.1,43,4,3250.0,173,8,3249.9,120,6,3251.0,37,6,3251.5,10,1,3251.8,31,3,3251.9,77,5,3252.0,511,5
11536,2025-12-30 10:19:18+05:30,3250.3,1,3247.02,188870,105887.0,98186.0,3250.0,3253.0,3239.8,3251.5,41572475,3576.6,2926.4,4322.95,2866.6,3250.3,220,7,3250.2,55,5,3250.1,43,4,3250.0,173,8,3249.9,127,7,3251.0,36,5,3251.5,10,1,3251.6,9,1,3251.8,22,2,3251.9,77,5
11536,2025-12-30 10:19:18+05:30,3250.3,1,3247.02,188870,105887.0,98186.0,3250.0,3253.0,3239.8,3251.5,41572475,3576.6,2926.4,4322.95,2866.6,3250.3,220,7,3250.2,55,5,3250.1,43,4,3250.0,173,8,3249.9,127,7,3251.0,36,5,3251.5,10,1,3251.6,9,1,3251.8,22,2,3251.9,77,5
11536,2025-12-30 10:19:19+05:30,3250.3,1,3247.02,188873,105884.0,98185.0,3250.0,3253.0,3239.8,3251.5,41572475,3576.6,2926.4,4322.95,2866.6,3250.3,217,7,3250.2,55,5,3250.1,43,4,3250.0,173,8,3249.9,127,7,3251.0,35,4,3251.5,10,1,3251.6,9,1,3251.8,22,2,3251.9,77,5
11536,2025-12-30 10:19:19+05:30,3251.0,1,3247.02,188873,105884.0,98185.0,3250.0,3253.0,3239.8,3251.5,41572475,3576.6,2926.4,4322.95,2866.6,3250.3,217,7,3250.2,55,5,3250.1,43,4,3250.0,173,8,3249.9,127,7,3251.0,35,4,3251.5,10,1,3251.6,9,1,3251.8,22,2,3251.9,77,5
11536,2025-12-30 10:19:20+05:30,3250.3,1,3247.02,188886,105183.0,98276.0,3250.0,3253.0,3239.8,3251.5,41572475,3576.6,2926.4,4322.95,2866.6,3250.3,196,7,3250.2,55,5,3250.1,30,3,3250.0,173,8,3249.9,81,6,3251.0,24,5,3251.5,10,1,3251.6,9,1,3251.7,61,1,3251.8,83,3
11536,2025-12-30 10:19:20+05:30,3250.3,8,3247.02,188886,105183.0,98276.0,3250.0,3253.0,3239.8,3251.5,41572475,3576.6,2926.4,4322.95,2866.6,3250.3,196,7,3250.2,55,5,3250.1,30,3,3250.0,173,8,3249.9,81,6,3251.0,24,5,3251.5,10,1,3251.6,9,1,3251.7,61,1,3251.8,83,3
11536,2025-12-30 10:19:21+05:30,3250.3,8,3247.02,188894,105651.0,98281.0,3250.0,3253.0,3239.8,3251.5,41572475,3576.6,2926.4,4322.95,2866.6,3250.3,188,7,3250.2,55,5,3250.1,30,3,3250.0,173,8,3249.9,81,6,3251.0,25,6,3251.5,14,2,3251.6,9,1,3251.7,61,1,3251.8,83,3
11536,2025-12-30 10:19:21+05:30,3250.3,1,3247.02,188894,105651.0,98281.0,3250.0,3253.0,3239.8,3251.5,41572475,3576.6,2926.4,4322.95,2866.6,3250.3,188,7,3250.2,55,5,3250.1,30,3,3250.0,173,8,3249.9,81,6,3251.0,25,6,3251.5,14,2,3251.6,9,1,3251.7,61,1,3251.8,83,3
11536,2025-12-30 10:19:22+05:30,3250.3,3,3247.02,188902,105653.0,98262.0,3250.0,3253.0,3239.8,3251.5,41572475,3576.6,2926.4,4322.95,2866.6,3250.3,184,6,3250.2,55,5,3250.1,30,3,3250.0,173,8,3249.9,127,7,3251.0,24,5,3251.5,14,2,3251.6,9,1,3251.7,61,1,3251.8,83,3
11536,2025-12-30 10:19:22+05:30,3251.0,11,3247.02,188902,105653.0,98262.0,3250.0,3253.0,3239.8,3251.5,41572475,3576.6,2926.4,4322.95,2866.6,3250.3,184,6,3250.2,55,5,3250.1,30,3,3250.0,173,8,3249.9,127,7,3251.0,24,5,3251.5,14,2,3251.6,9,1,3251.7,61,1,3251.8,83,3
11536,2025-12-30 10:19:23+05:30,3250.3,3,3247.02,188916,105562.0,98191.0,3250.0,3253.0,3239.8,3251.5,41572475,3576.6,2926.4,4322.95,2866.6,3250.3,181,6,3250.2,77,6,3250.1,30,3,3250.0,173,8,3249.9,98,6,3251.0,15,7,3251.5,14,2,3251.6,9,1,3251.8,83,3,3251.9,76,5
11536,2025-12-30 10:19:23+05:30,3251.0,5,3247.02,188916,105562.0,98191.0,3250.0,3253.0,3239.8,3251.5,41572475,3576.6,2926.4,4322.95,2866.6,3250.3,181,6,3250.2,77,6,3250.1,30,3,3250.0,173,8,3249.9,98,6,3251.0,15,7,3251.5,14,2,3251.6,9,1,3251.8,83,3,3251.9,76,5
11536,2025-12-30 10:19:24+05:30,3250.3,2,3247.02,188926,105562.0,98219.0,3250.0,3253.0,3239.8,3251.5,41572475,3576.6,2926.4,4322.95,2866.6,3250.3,203,7,3250.2,55,5,3250.1,30,3,3250.0,173,8,3249.9,98,6,3251.0,11,9,3251.5,14,2,3251.6,9,1,3251.8,83,3,3251.9,76,5
11536,2025-12-30 10:19:24+05:30,3250.3,4,3247.02,188926,105562.0,98219.0,3250.0,3253.0,3239.8,3251.5,41572475,3576.6,2926.4,4322.95,2866.6,3250.3,203,7,3250.2,55,5,3250.1,30,3,3250.0,173,8,3249.9,98,6,3251.0,11,9,3251.5,14,2,3251.6,9,1,3251.8,83,3,3251.9,76,5
11536,2025-12-30 10:19:25+05:30,3251.0,1,3247.02,188932,105555.0,98221.0,3250.0,3253.0,3239.8,3251.5,41572475,3576.6,2926.4,4322.95,2866.6,3250.3,198,7,3250.2,55,5,3250.1,30,3,3250.0,173,8,3249.9,98,6,3251.0,11,10,3251.5,10,1,3251.6,9,1,3251.8,83,3,3251.9,78,5
11536,2025-12-30 10:19:25+05:30,3251.0,1,3247.02,188932,105555.0,98221.0,3250.0,3253.0,3239.8,3251.5,41572475,3576.6,2926.4,4322.95,2866.6,3250.3,198,7,3250.2,55,5,3250.1,30,3,3250.0,173,8,3249.9,98,6,3251.0,11,10,3251.5,10,1,3251.6,9,1,3251.8,83,3,3251.9,78,5
11536,2025-12-30 10:19:26+05:30,3250.3,2,3247.02,188941,105549.0,98566.0,3250.0,3253.0,3239.8,3251.5,41572475,3576.6,2926.4,4322.95,2866.6,3250.3,192,7,3250.2,55,5,3250.1,30,3,3250.0,173,8,3249.9,98,6,3251.0,6,6,3251.5,10,1,3251.6,9,1,3251.8,83,3,3251.9,79,5
11536,2025-12-30 10:19:26+05:30,3250.3,2,3247.02,188941,105549.0,98566.0,3250.0,3253.0,3239.8,3251.5,41572475,3576.6,2926.4,4322.95,2866.6,3250.3,192,7,3250.2,55,5,3250.1,30,3,3250.0,173,8,3249.9,98,6,3251.0,6,6,3251.5,10,1,3251.6,9,1,3251.8,83,3,3251.9,79,5
11536,2025-12-30 10:19:27+05:30,3250.3,1,3247.02,188944,105614.0,98580.0,3250.0,3253.0,3239.8,3251.5,41572475,3576.6,2926.4,4322.95,2866.6,3250.3,150,6,3250.2,38,4,3250.1,48,4,3250.0,262,10,3249.9,98,6,3251.0,20,7,3251.5,10,1,3251.8,92,4,3251.9,79,5,3252.0,424,6
11536,2025-12-30 10:19:27+05:30,3250.3,1,3247.02,188944,105614.0,98580.0,3250.0,3253.0,3239.8,3251.5,41572475,3576.6,2926.4,4322.95,2866.6,3250.3,150,6,3250.2,38,4,3250.1,48,4,3250.0,262,10,3249.9,98,6,3251.0,20,7,3251.5,10,1,3251.8,92,4,3251.9,79,5,3252.0,424,6
11536,2025-12-30 10:19:28+05:30,3250.3,1,3247.02,188948,105604.0,96125.0,3250.0,3253.0,3239.8,3251.5,41572475,3576.6,2926.4,4322.95,2866.6,3250.3,152,7,3250.2,58,5,3250.1,48,4,3250.0,262,10,3249.9,98,6,3251.0,17,4,3251.5,10,1,3251.7,24,1,3251.8,92,4,3251.9,53,4
11536,2025-12-30 10:19:28+05:30,3250.3,1,3247.02,188948,105604.0,96125.0,3250.0,3253.0,3239.8,3251.5,41572475,3576.6,2926.4,4322.95,2866.6,3250.3,152,7,3250.2,58,5,3250.1,48,4,3250.0,262,10,3249.9,98,6,3251.0,17,4,3251.5,10,1,3251.7,24,1,3251.8,92,4,3251.9,53,4
11536,2025-12-30 10:19:29+05:30,3250.3,1,3247.02,188950,105609.0,98224.0,3250.0,3253.0,3239.8,3251.5,41572475,3576.6,2926.4,4322.95,2866.6,3250.3,145,7,3250.2,38,4,3250.1,48,4,3250.0,262,10,3249.9,98,6,3251.0,16,3,3251.5,10,1,3251.7,24,1,3251.8,92,4,3251.9,53,4
11536,2025-12-30 10:19:29+05:30,3250.3,1,3247.02,188950,105609.0,98224.0,3250.0,3253.0,3239.8,3251.5,41572475,3576.6,2926.4,4322.95,2866.6,3250.3,145,7,3250.2,38,4,3250.1,48,4,3250.0,262,10,3249.9,98,6,3251.0,16,3,3251.5,10,1,3251.7,24,1,3251.8,92,4,3251.9,53,4
11536,2025-12-30 10:19:30+05:30,3250.3,1,3247.02,188951,105545.0,98630.0,3250.0,3253.0,3239.8,3251.5,41572475,3576.6,2926.4,4322.95,2866.6,3250.3,134,6,3250.2,17,3,3250.1,23,3,3250.0,245,8,3249.9,52,5,3251.0,55,7,3251.3,20,1,3251.4,24,1,3251.5,10,1,3251.6,8,1
11536,2025-12-30 10:19:30+05:30,3250.3,1,3247.02,188951,105545.0,98630.0,3250.0,3253.0,3239.8,3251.5,41572475,3576.6,2926.4,4322.95,2866.6,3250.3,134,6,3250.2,17,3,3250.1,23,3,3250.0,245,8,3249.9,52,5,3251.0,55,7,3251.3,20,1,3251.4,24,1,3251.5,10,1,3251.6,8,1
11536,2025-12-30 10:19:30+05:30,3250.3,1,3247.02,188951,105545.0,98630.0,3250.0,3253.0,3239.8,3251.5,41572475,3576.6,2926.4,4322.95,2866.6,3250.3,134,6,3250.2,17,3,3250.1,23,3,3250.0,245,8,3249.9,52,5,3251.0,55,7,3251.3,20,1,3251.4,24,1,3251.5,10,1,3251.6,8,1
11536,2025-12-30 10:19:31+05:30,3251.0,1,3247.02,188953,105533.0,98628.0,3250.0,3253.0,3239.8,3251.5,41572475,3576.6,2926.4,4322.95,2866.6,3250.3,133,6,3250.2,17,3,3250.1,5,2,3250.0,225,7,3249.9,52,5,3251.0,53,6,3251.3,20,1,3251.4,24,1,3251.5,10,1,3251.6,8,1
11536,2025-12-30 10:19:31+05:30,3251.0,1,3247.02,188953,105533.0,98628.0,3250.0,3253.0,3239.8,3251.5,41572475,3576.6,2926.4,4322.95,2866.6,3250.3,133,6,3250.2,17,3,3250.1,5,2,3250.0,225,7,3249.9,52,5,3251.0,53,6,3251.3,20,1,3251.4,24,1,3251.5,10,1,3251.6,8,1
11536,2025-12-30 10:19:31+05:30,3250.3,3,3247.02,188953,105533.0,98628.0,3250.0,3253.0,3239.8,3251.5,41572475,3576.6,2926.4,4322.95,2866.6,3250.3,133,6,3250.2,17,3,3250.1,5,2,3250.0,225,7,3249.9,52,5,3251.0,53,6,3251.3,20,1,3251.4,24,1,3251.5,10,1,3251.6,8,1
11536,2025-12-30 10:19:32+05:30,3250.3,1,3247.02,188961,105528.0,98629.0,3250.0,3253.0,3239.8,3251.5,41572475,3576.6,2926.4,4322.95,2866.6,3250.3,127,6,3250.2,22,4,3250.1,5,2,3250.0,228,8,3249.9,57,6,3251.0,52,7,3251.3,20,1,3251.4,24,1,3251.5,10,1,3251.7,24,1
11536,2025-12-30 10:19:32+05:30,3250.3,1,3247.02,188961,105528.0,98629.0,3250.0,3253.0,3239.8,3251.5,41572475,3576.6,2926.4,4322.95,2866.6,3250.3,127,6,3250.2,22,4,3250.1,5,2,3250.0,228,8,3249.9,57,6,3251.0,52,7,3251.3,20,1,3251.4,24,1,3251.5,10,1,3251.7,24,1
11536,2025-12-30 10:19:32+05:30,3250.3,1,3247.02,188961,105528.0,98629.0,3250.0,3253.0,3239.8,3251.5,41572475,3576.6,2926.4,4322.95,2866.6,3250.3,127,6,3250.2,22,4,3250.1,5,2,3250.0,228,8,3249.9,57,6,3251.0,52,7,3251.3,20,1,3251.4,24,1,3251.5,10,1,3251.7,24,1
11536,2025-12-30 10:19:33+05:30,3250.3,1,3247.02,188961,105528.0,98629.0,3250.0,3253.0,3239.8,3251.5,41572475,3576.6,2926.4,4322.95,2866.6,3250.3,127,6,3250.2,22,4,3250.1,5,2,3250.0,228,8,3249.9,57,6,3251.0,52,7,3251.3,20,1,3251.4,24,1,3251.5,10,1,3251.7,24,1
11536,2025-12-30 10:19:33+05:30,3251.0,1,3247.02,188962,105530.0,98576.0,3250.0,3253.0,3239.8,3251.5,41572475,3576.6,2926.4,4322.95,2866.6,3250.3,127,6,3250.2,22,4,3250.1,5,2,3250.0,228,8,3249.9,57,6,3251.0,51,7,3251.3,20,1,3251.4,24,1,3251.5,10,1,3251.7,26,1
11536,2025-12-30 10:19:33+05:30,3250.3,1,3247.02,188962,105530.0,98576.0,3250.0,3253.0,3239.8,3251.5,41572475,3576.6,2926.4,4322.95,2866.6,3250.3,127,6,3250.2,22,4,3250.1,5,2,3250.0,228,8,3249.9,57,6,3251.0,51,7,3251.3,20,1,3251.4,24,1,3251.5,10,1,3251.7,26,1
11536,2025-12-30 10:19:34+05:30,3250.3,1,3247.02,188962,105530.0,98576.0,3250.0,3253.0,3239.8,3251.5,41572475,3576.6,2926.4,4322.95,2866.6,3250.3,127,6,3250.2,22,4,3250.1,5,2,3250.0,228,8,3249.9,57,6,3251.0,51,7,3251.3,20,1,3251.4,24,1,3251.5,10,1,3251.7,26,1
11536,2025-12-30 10:19:34+05:30,3250.3,1,3247.02,188963,105542.0,98761.0,3250.0,3253.0,3239.8,3251.5,41572475,3576.6,2926.4,4322.95,2866.6,3250.3,129,7,3250.2,22,4,3250.1,5,2,3250.0,228,8,3249.9,57,6,3251.0,51,7,3251.3,20,1,3251.4,24,1,3251.5,10,1,3251.7,31,2
11536,2025-12-30 10:19:34+05:30,3250.3,1,3247.02,188963,105542.0,98761.0,3250.0,3253.0,3239.8,3251.5,41572475,3576.6,2926.4,4322.95,2866.6,3250.3,129,7,3250.2,22,4,3250.1,5,2,3250.0,228,8,3249.9,57,6,3251.0,51,7,3251.3,20,1,3251.4,24,1,3251.5,10,1,3251.7,31,2
11536,2025-12-30 10:19:34+05:30,3250.3,1,3247.02,188963,105542.0,98761.0,3250.0,3253.0,3239.8,3251.5,41572475,3576.6,2926.4,4322.95,2866.6,3250.3,129,7,3250.2,22,4,3250.1,5,2,3250.0,228,8,3249.9,57,6,3251.0,51,7,3251.3,20,1,3251.4,24,1,3251.5,10,1,3251.7,31,2
11536,2025-12-30 10:19:35+05:30,3251.0,1,3247.02,188970,105539.0,98778.0,3250.0,3253.0,3239.8,3251.5,41572475,3576.6,2926.4,4322.95,2866.6,3250.3,126,7,3250.2,22,4,3250.1,5,2,3250.0,202,7,3249.9,57,6,3251.0,47,7,3251.3,20,1,3251.4,24,1,3251.5,10,1,3251.6,21,1
11536,2025-12-30 10:19:35+05:30,3251.0,5,3247.02,188970,105539.0,98778.0,3250.0,3253.0,3239.8,3251.5,41572475,3576.6,2926.4,4322.95,2866.6,3250.3,126,7,3250.2,22,4,3250.1,5,2,3250.0,202,7,3249.9,57,6,3251.0,47,7,3251.3,20,1,3251.4,24,1,3251.5,10,1,3251.6,21,1
11536,2025-12-30 10:19:35+05:30,3251.0,5,3247.02,188970,105539.0,98778.0,3250.0,3253.0,3239.8,3251.5,41572475,3576.6,2926.4,4322.95,2866.6,3250.3,126,7,3250.2,22,4,3250.1,5,2,3250.0,202,7,3249.9,57,6,3251.0,47,7,3251.3,20,1,3251.4,24,1,3251.5,10,1,3251.6,21,1
11536,2025-12-30 10:19:36+05:30,3250.3,1,3247.02,188977,105537.0,98772.0,3250.0,3253.0,3239.8,3251.5,41572475,3576.6,2926.4,4322.95,2866.6,3250.3,124,7,3250.2,22,4,3250.1,5,2,3250.0,210,8,3249.9,57,6,3251.0,43,8,3251.3,20,1,3251.4,24,1,3251.5,10,1,3251.6,21,1
11536,2025-12-30 10:19:36+05:30,3250.3,1,3247.02,188977,105537.0,98772.0,3250.0,3253.0,3239.8,3251.5,41572475,3576.6,2926.4,4322.95,2866.6,3250.3,124,7,3250.2,22,4,3250.1,5,2,3250.0,210,8,3249.9,57,6,3251.0,43,8,3251.3,20,1,3251.4,24,1,3251.5,10,1,3251.6,21,1
11536,2025-12-30 10:19:36+05:30,3250.3,1,3247.02,188977,105537.0,98772.0,3250.0,3253.0,3239.8,3251.5,41572475,3576.6,2926.4,4322.95,2866.6,3250.3,124,7,3250.2,22,4,3250.1,5,2,3250.0,210,8,3249.9,57,6,3251.0,43,8,3251.3,20,1,3251.4,24,1,3251.5,10,1,3251.6,21,1
11536,2025-12-30 10:19:37+05:30,3250.3,1,3247.02,188979,105536.0,98772.0,3250.0,3253.0,3239.8,3251.5,41572475,3576.6,2926.4,4322.95,2866.6,3250.3,123,7,3250.2,22,4,3250.1,5,2,3250.0,210,8,3249.9,83,7,3251.0,42,7,3251.3,20,1,3251.4,24,1,3251.5,10,1,3251.6,21,1
11536,2025-12-30 10:19:37+05:30,3250.3,1,3247.02,188979,105536.0,98772.0,3250.0,3253.0,3239.8,3251.5,41572475,3576.6,2926.4,4322.95,2866.6,3250.3,123,7,3250.2,22,4,3250.1,5,2,3250.0,210,8,3249.9,83,7,3251.0,42,7,3251.3,20,1,3251.4,24,1,3251.5,10,1,3251.6,21,1
11536,2025-12-30 10:19:37+05:30,3250.3,2,3247.02,188979,105536.0,98772.0,3250.0,3253.0,3239.8,3251.5,41572475,3576.6,2926.4,4322.95,2866.6,3250.3,123,7,3250.2,22,4,3250.1,5,2,3250.0,210,8,3249.9,83,7,3251.0,42,7,3251.3,20,1,3251.4,24,1,3251.5,10,1,3251.6,21,1
11536,2025-12-30 10:19:38+05:30,3250.3,2,3247.02,188979,105536.0,98772.0,3250.0,3253.0,3239.8,3251.5,41572475,3576.6,2926.4,4322.95,2866.6,3250.3,123,7,3250.2,22,4,3250.1,5,2,3250.0,210,8,3249.9,83,7,3251.0,42,7,3251.3,20,1,3251.4,24,1,3251.5,10,1,3251.6,21,1
11536,2025-12-30 10:19:38+05:30,3250.3,1,3247.02,188993,105561.0,98821.0,3250.0,3253.0,3239.8,3251.5,41572475,3576.6,2926.4,4322.95,2866.6,3250.3,117,7,3250.2,22,4,3250.1,49,4,3250.0,230,9,3249.9,88,8,3250.5,10,1,3251.0,31,5,3251.4,45,2,3251.6,41,2,3251.7,29,2
11536,2025-12-30 10:19:38+05:30,3250.3,1,3247.02,188993,105561.0,98821.0,3250.0,3253.0,3239.8,3251.5,41572475,3576.6,2926.4,4322.95,2866.6,3250.3,117,7,3250.2,22,4,3250.1,49,4,3250.0,230,9,3249.9,88,8,3250.5,10,1,3251.0,31,5,3251.4,45,2,3251.6,41,2,3251.7,29,2
11536,2025-12-30 10:19:38+05:30,3250.3,1,3247.02,188993,105561.0,98821.0,3250.0,3253.0,3239.8,3251.5,41572475,3576.6,2926.4,4322.95,2866.6,3250.3,117,7,3250.2,22,4,3250.1,49,4,3250.0,230,9,3249.9,88,8,3250.5,10,1,3251.0,31,5,3251.4,45,2,3251.6,41,2,3251.7,29,2
11536,2025-12-30 10:19:39+05:30,3250.3,1,3247.02,188995,105363.0,98718.0,3250.0,3253.0,3239.8,3251.5,41572475,3576.6,2926.4,4322.95,2866.6,3250.3,115,7,3250.2,22,4,3250.1,49,4,3250.0,230,9,3249.9,88,8,3250.5,12,3,3251.0,29,3,3251.4,45,2,3251.6,41,2,3251.7,24,1
11536,2025-12-30 10:19:39+05:30,3250.3,1,3247.02,188995,105363.0,98718.0,3250.0,3253.0,3239.8,3251.5,41572475,3576.6,2926.4,4322.95,2866.6,3250.3,115,7,3250.2,22,4,3250.1,49,4,3250.0,230,9,3249.9,88,8,3250.5,12,3,3251.0,29,3,3251.4,45,2,3251.6,41,2,3251.7,24,1
11536,2025-12-30 10:19:39+05:30,3250.3,1,3247.02,188995,105363.0,98718.0,3250.0,3253.0,3239.8,3251.5,41572475,3576.6,2926.4,4322.95,2866.6,3250.3,115,7,3250.2,22,4,3250.1,49,4,3250.0,230,9,3249.9,88,8,3250.5,12,3,3251.0,29,3,3251.4,45,2,3251.6,41,2,3251.7,24,1
11536,2025-12-30 10:19:40+05:30,3250.3,1,3247.02,189003,105358.0,98715.0,3250.0,3253.0,3239.8,3251.5,41572475,3576.6,2926.4,4322.95,2866.6,3250.3,104,5,3250.2,30,5,3250.1,49,4,3250.0,230,9,3249.9,88,8,3250.5,9,5,3251.0,28,2,3251.4,45,2,3251.6,41,2,3251.7,24,1
11536,2025-12-30 10:19:40+05:30,3250.3,2,3247.02,189003,105358.0,98715.0,3250.0,3253.0,3239.8,3251.5,41572475,3576.6,2926.4,4322.95,2866.6,3250.3,104,5,3250.2,30,5,3250.1,49,4,3250.0,230,9,3249.9,88,8,3250.5,9,5,3251.0,28,2,3251.4,45,2,3251.6,41,2,3251.7,24,1
11536,2025-12-30 10:19:41+05:30,3250.3,2,3247.02,189036,105485.0,98693.0,3250.0,3253.0,3239.8,3251.5,41572475,3576.6,2926.4,4322.95,2866.6,3250.3,101,5,3250.2,22,4,3250.1,13,3,3250.0,222,8,3249.9,88,8,3251.0,9,3,3251.3,20,1,3251.4,24,1,3251.6,21,1,3251.8,65,5
11536,2025-12-30 10:19:41+05:30,3250.3,2,3247.02,189036,105485.0,98693.0,3250.0,3253.0,3239.8,3251.5,41572475,3576.6,2926.4,4322.95,2866.6,3250.3,101,5,3250.2,22,4,3250.1,13,3,3250.0,222,8,3249.9,88,8,3251.0,9,3,3251.3,20,1,3251.4,24,1,3251.6,21,1,3251.8,65,5
11536,2025-12-30 10:19:42+05:30,3250.3,2,3247.02,189036,105517.0,98694.0,3250.0,3253.0,3239.8,3251.5,41572475,3576.6,2926.4,4322.95,2866.6,3250.3,101,5,3250.2,30,5,3250.1,5,2,3250.0,231,10,3249.9,111,9,3251.0,10,4,3251.3,20,1,3251.4,24,1,3251.6,21,1,3251.8,65,5
11536,2025-12-30 10:19:42+05:30,3251.0,3,3247.02,189036,105517.0,98694.0,3250.0,3253.0,3239.8,3251.5,41572475,3576.6,2926.4,4322.95,2866.6,3250.3,101,5,3250.2,30,5,3250.1,5,2,3250.0,231,10,3249.9,111,9,3251.0,10,4,3251.3,20,1,3251.4,24,1,3251.6,21,1,3251.8,65,5
11536,2025-12-30 10:19:42+05:30,3251.0,3,3247.02,189036,105517.0,98694.0,3250.0,3253.0,3239.8,3251.5,41572475,3576.6,2926.4,4322.95,2866.6,3250.3,101,5,3250.2,30,5,3250.1,5,2,3250.0,231,10,3249.9,111,9,3251.0,10,4,3251.3,20,1,3251.4,24,1,3251.6,21,1,3251.8,65,5
11536,2025-12-30 10:19:43+05:30,3251.0,3,3247.02,189048,105510.0,98718.0,3250.0,3253.0,3239.8,3251.5,41572475,3576.6,2926.4,4322.95,2866.6,3250.3,94,6,3250.2,30,5,3250.1,5,2,3250.0,254,11,3249.9,88,8,3251.0,6,3,3251.3,20,1,3251.4,24,1,3251.6,21,1,3251.8,93,6
11536,2025-12-30 10:19:43+05:30,3251.0,1,3247.02,189048,105510.0,98718.0,3250.0,3253.0,3239.8,3251.5,41572475,3576.6,2926.4,4322.95,2866.6,3250.3,94,6,3250.2,30,5,3250.1,5,2,3250.0,254,11,3249.9,88,8,3251.0,6,3,3251.3,20,1,3251.4,24,1,3251.6,21,1,3251.8,93,6
11536,2025-12-30 10:19:44+05:30,3251.0,1,3247.02,189060,105657.0,98564.0,3250.0,3253.0,3239.8,3251.5,41572475,3576.6,2926.4,4322.95,2866.6,3250.3,106,8,3250.2,112,7,3250.1,79,4,3250.0,231,10,3249.9,134,9,3251.0,5,5,3251.4,24,1,3251.6,21,1,3251.7,20,1,3251.8,67,5
11536,2025-12-30 10:19:44+05:30,3251.0,1,3247.02,189060,105657.0,98564.0,3250.0,3253.0,3239.8,3251.5,41572475,3576.6,2926.4,4322.95,2866.6,3250.3,106,8,3250.2,112,7,3250.1,79,4,3250.0,231,10,3249.9,134,9,3251.0,5,5,3251.4,24,1,3251.6,21,1,3251.7,20,1,3251.8,67,5
11536,2025-12-30 10:19:45+05:30,3250.3,2,3247.02,189064,105658.0,98537.0,3250.0,3253.0,3239.8,3251.5,41572475,3576.6,2926.4,4322.95,2866.6,3250.3,138,10,3250.2,109,7,3250.1,59,3,3250.0,231,10,3249.9,134,9,3251.0,2,2,3251.6,21,1,3251.7,20,1,3251.8,67,5,3251.9,81,5
11536,2025-12-30 10:19:45+05:30,3251.0,1,3247.02,189064,105658.0,98537.0,3250.0,3253.0,3239.8,3251.5,41572475,3576.6,2926.4,4322.95,2866.6,3250.3,138,10,3250.2,109,7,3250.1,59,3,3250.0,231,10,3249.9,134,9,3251.0,2,2,3251.6,21,1,3251.7,20,1,3251.8,67,5,3251.9,81,5
11536,2025-12-30 10:19:46+05:30,3251.0,1,3247.02,189064,105658.0,98537.0,3250.0,3253.0,3239.8,3251.5,41572475,3576.6,2926.4,4322.95,2866.6,3250.3,138,10,3250.2,109,7,3250.1,59,3,3250.0,231,10,3249.9,134,9,3251.0,2,2,3251.6,21,1,3251.7,20,1,3251.8,67,5,3251.9,81,5
11536,2025-12-30 10:19:46+05:30,3251.0,1,3247.02,189098,105633.0,98539.0,3250.0,3253.0,3239.8,3251.5,41572475,3576.6,2926.4,4322.95,2866.6,3250.3,113,10,3250.2,115,7,3250.1,59,3,3250.0,251,11,3249.9,134,9,3251.0,3,3,3251.1,1,1,3251.5,20,1,3251.6,21,1,3251.8,67,5
11536,2025-12-30 10:19:46+05:30,3251.1,1,3247.02,189098,105633.0,98539.0,3250.0,3253.0,3239.8,3251.5,41572475,3576.6,2926.4,4322.95,2866.6,3250.3,113,10,3250.2,115,7,3250.1,59,3,3250.0,251,11,3249.9,134,9,3251.0,3,3,3251.1,1,1,3251.5,20,1,3251.6,21,1,3251.8,67,5
11536,2025-12-30 10:19:47+05:30,3250.3,43,3247.02,189172,105500.0,98514.0,3250.0,3253.0,3239.8,3251.5,41572475,3576.6,2926.4,4322.95,2866.6,3250.3,28,7,3250.2,76,5,3250.1,91,4,3250.0,250,10,3249.9,181,9,3251.5,45,4,3251.6,10,1,3251.7,4,1,3251.8,64,4,3251.9,81,5
11536,2025-12-30 10:19:47+05:30,3250.3,43,3247.02,189172,105500.0,98514.0,3250.0,3253.0,3239.8,3251.5,41594175,3576.6,2926.4,4322.95,2866.6,3250.3,28,7,3250.2,76,5,3250.1,91,4,3250.0,250,10,3249.9,181,9,3251.5,45,4,3251.6,10,1,3251.7,4,1,3251.8,64,4,3251.9,81,5
11536,2025-12-30 10:19:47+05:30,3250.3,43,3247.02,189172,105500.0,98514.0,3250.0,3253.0,3239.8,3251.5,41594175,3576.6,2926.4,4322.95,2866.6,3250.3,28,7,3250.2,76,5,3250.1,91,4,3250.0,250,10,3249.9,181,9,3251.5,45,4,3251.6,10,1,3251.7,4,1,3251.8,64,4,3251.9,81,5
11536,2025-12-30 10:19:48+05:30,3251.5,10,3247.02,189183,105571.0,98542.0,3250.0,3253.0,3239.8,3251.5,41594175,3576.6,2926.4,4322.95,2866.6,3250.3,34,7,3250.2,99,6,3250.1,117,5,3250.0,257,11,3249.9,181,9,3251.5,38,7,3251.6,10,1,3251.7,39,2,3251.8,57,3,3251.9,81,5
11536,2025-12-30 10:19:48+05:30,3250.3,4,3247.02,189183,105571.0,98542.0,3250.0,3253.0,3239.8,3251.5,41594175,3576.6,2926.4,4322.95,2866.6,3250.3,34,7,3250.2,99,6,3250.1,117,5,3250.0,257,11,3249.9,181,9,3251.5,38,7,3251.6,10,1,3251.7,39,2,3251.8,57,3,3251.9,81,5
11536,2025-12-30 10:19:49+05:30,3250.3,4,3247.02,189187,105766.0,98556.0,3250.0,3253.0,3239.8,3251.5,41594175,3576.6,2926.4,4322.95,2866.6,3250.3,132,9,3250.2,85,6,3250.1,91,4,3250.0,258,12,3249.9,209,10,3251.5,53,9,3251.6,10,1,3251.7,39,2,3251.8,57,3,3251.9,26,3
11536,2025-12-30 10:19:49+05:30,3250.3,4,3247.02,189187,105766.0,98556.0,3250.0,3253.0,3239.8,3251.5,41594175,3576.6,2926.4,4322.95,2866.6,3250.3,132,9,3250.2,85,6,3250.1,91,4,3250.0,258,12,3249.9,209,10,3251.5,53,9,3251.6,10,1,3251.7,39,2,3251.8,57,3,3251.9,26,3
11536,2025-12-30 10:19:49+05:30,3250.3,3,3247.02,189187,105766.0,98556.0,3250.0,3253.0,3239.8,3251.5,41594175,3576.6,2926.4,4322.95,2866.6,3250.3,132,9,3250.2,85,6,3250.1,91,4,3250.0,258,12,3249.9,209,10,3251.5,53,9,3251.6,10,1,3251.7,39,2,3251.8,57,3,3251.9,26,3
11536,2025-12-30 10:19:50+05:30,3250.3,3,3247.02,189209,105744.0,98590.0,3250.0,3253.0,3239.8,3251.5,41594175,3576.6,2926.4,4322.95,2866.6,3250.3,92,2,3250.2,85,6,3250.1,91,4,3250.0,258,12,3249.9,209,10,3251.5,89,11,3251.6,10,1,3251.7,39,2,3251.8,57,3,3251.9,33,4
11536,2025-12-30 10:19:50+05:30,3250.3,4,3247.02,189209,105744.0,98590.0,3250.0,3253.0,3239.8,3251.5,41594175,3576.6,2926.4,4322.95,2866.6,3250.3,92,2,3250.2,85,6,3250.1,91,4,3250.0,258,12,3249.9,209,10,3251.5,89,11,3251.6,10,1,3251.7,39,2,3251.8,57,3,3251.9,33,4
11536,2025-12-30 10:19:51+05:30,3250.3,2,3247.02,189225,105671.0,98599.0,3250.0,3253.0,3239.8,3251.5,41594175,3576.6,2926.4,4322.95,2866.6,3250.3,94,4,3250.2,85,6,3250.1,96,5,3250.0,258,12,3249.9,209,10,3251.5,90,12,3251.6,10,1,3251.7,39,2,3251.8,83,4,3251.9,59,5
11536,2025-12-30 10:19:51+05:30,3251.5,11,3247.02,189225,105671.0,98599.0,3250.0,3253.0,3239.8,3251.5,41594175,3576.6,2926.4,4322.95,2866.6,3250.3,94,4,3250.2,85,6,3250.1,96,5,3250.0,258,12,3249.9,209,10,3251.5,90,12,3251.6,10,1,3251.7,39,2,3251.8,83,4,3251.9,59,5
11536,2025-12-30 10:19:52+05:30,3250.3,1,3247.03,189243,105711.0,98588.0,3250.0,3253.0,3239.8,3251.5,41594175,3576.6,2926.4,4322.95,2866.6,3250.3,134,5,3250.2,85,6,3250.1,96,5,3250.0,258,12,3249.9,209,10,3251.5,79,12,3251.6,10,1,3251.7,39,2,3251.8,83,4,3251.9,52,4
11536,2025-12-30 10:19:52+05:30,3250.3,2,3247.03,189243,105711.0,98588.0,3250.0,3253.0,3239.8,3251.5,41594175,3576.6,2926.4,4322.95,2866.6,3250.3,134,5,3250.2,85,6,3250.1,96,5,3250.0,258,12,3249.9,209,10,3251.5,79,12,3251.6,10,1,3251.7,39,2,3251.8,83,4,3251.9,52,4
11536,2025-12-30 10:19:53+05:30,3250.3,1,3247.03,189251,105684.0,98604.0,3250.0,3253.0,3239.8,3251.5,41594175,3576.6,2926.4,4322.95,2866.6,3250.3,126,5,3250.2,118,8,3250.1,96,5,3250.0,258,12,3249.9,166,9,3251.0,1,1,3251.5,77,10,3251.7,39,2,3251.8,83,4,3251.9,53,4
11536,2025-12-30 10:19:53+05:30,3250.3,2,3247.03,189251,105684.0,98604.0,3250.0,3253.0,3239.8,3251.5,41594175,3576.6,2926.4,4322.95,2866.6,3250.3,126,5,3250.2,118,8,3250.1,96,5,3250.0,258,12,3249.9,166,9,3251.0,1,1,3251.5,77,10,3251.7,39,2,3251.8,83,4,3251.9,53,4
11536,2025-12-30 10:19:54+05:30,3250.4,1,3247.03,189261,105692.0,98408.0,3250.0,3253.0,3239.8,3251.5,41594175,3576.6,2926.4,4322.95,2866.6,3250.4,16,1,3250.3,105,4,3250.2,85,6,3250.1,96,5,3250.0,305,15,3251.5,55,7,3251.6,19,1,3251.7,57,2,3251.8,83,4,3251.9,54,4
11536,2025-12-30 10:19:54+05:30,3251.5,3,3247.03,189261,105692.0,98408.0,3250.0,3253.0,3239.8,3251.5,41594175,3576.6,2926.4,4322.95,2866.6,3250.4,16,1,3250.3,105,4,3250.2,85,6,3250.1,96,5,3250.0,305,15,3251.5,55,7,3251.6,19,1,3251.7,57,2,3251.8,83,4,3251.9,54,4
11536,2025-12-30 10:19:55+05:30,3250.3,3,3247.03,189269,105908.0,98007.0,3250.0,3253.0,3239.8,3251.5,41594175,3576.6,2926.4,4322.95,2866.6,3250.4,22,1,3250.3,132,7,3250.2,93,7,3250.1,91,4,3250.0,493,17,3251.5,52,8,3251.7,35,1,3251.8,48,3,3251.9,54,4,3252.0,432,5
11536,2025-12-30 10:19:55+05:30,3250.3,3,3247.03,189269,105908.0,98007.0,3250.0,3253.0,3239.8,3251.5,41594175,3576.6,2926.4,4322.95,2866.6,3250.4,22,1,3250.3,132,7,3250.2,93,7,3250.1,91,4,3250.0,493,17,3251.5,52,8,3251.7,35,1,3251.8,48,3,3251.9,54,4,3252.0,432,5
11536,2025-12-30 10:19:56+05:30,3250.4,1,3247.03,189271,105941.0,98367.0,3250.0,3253.0,3239.8,3251.5,41594175,3576.6,2926.4,4322.95,2866.6,3250.4,66,2,3250.3,109,4,3250.2,111,7,3250.1,98,5,3250.0,486,16,3251.5,52,8,3251.6,19,1,3251.7,35,1,3251.8,29,2,3251.9,49,4
11536,2025-12-30 10:19:56+05:30,3251.5,1,3247.03,189271,105941.0,98367.0,3250.0,3253.0,3239.8,3251.5,41594175,3576.6,2926.4,4322.95,2866.6,3250.4,66,2,3250.3,109,4,3250.2,111,7,3250.1,98,5,3250.0,486,16,3251.5,52,8,3251.6,19,1,3251.7,35,1,3251.8,29,2,3251.9,49,4
11536,2025-12-30 10:19:57+05:30,3251.5,1,3247.03,189277,105953.0,98365.0,3250.0,3253.0,3239.8,3251.5,41594175,3576.6,2926.4,4322.95,2866.6,3250.4,62,2,3250.3,109,4,3250.2,118,8,3250.1,91,4,3250.0,506,18,3251.5,50,8,3251.6,19,1,3251.7,35,1,3251.8,29,2,3251.9,49,4
11536,2025-12-30 10:19:57+05:30,3251.5,1,3247.03,189277,105953.0,98365.0,3250.0,3253.0,3239.8,3251.5,41594175,3576.6,2926.4,4322.95,2866.6,3250.4,62,2,3250.3,109,4,3250.2,118,8,3250.1,91,4,3250.0,506,18,3251.5,50,8,3251.6,19,1,3251.7,35,1,3251.8,29,2,3251.9,49,4
11536,2025-12-30 10:19:58+05:30,3251.5,1,3247.03,189291,106047.0,98343.0,3250.0,3253.0,3239.8,3251.5,41594175,3576.6,2926.4,4322.95,2866.6,3250.4,161,5,3250.3,110,5,3250.2,119,9,3250.1,91,4,3250.0,506,18,3251.5,39,8,3251.6,19,1,3251.7,44,2,3251.8,20,1,3251.9,50,4
11536,2025-12-30 10:19:58+05:30,3251.5,10,3247.03,189291,106047.0,98343.0,3250.0,3253.0,3239.8,3251.5,41594175,3576.6,2926.4,4322.95,2866.6,3250.4,161,5,3250.3,110,5,3250.2,119,9,3250.1,91,4,3250.0,506,18,3251.5,39,8,3251.6,19,1,3251.7,44,2,3251.8,20,1,3251.9,50,4
11536,2025-12-30 10:19:59+05:30,3251.5,6,3247.03,189310,106209.0,98313.0,3250.0,3253.0,3239.8,3251.5,41594175,3576.6,2926.4,4322.95,2866.6,3250.4,158,5,3250.3,110,5,3250.2,119,9,3250.1,91,4,3250.0,506,18,3251.5,22,7,3251.6,19,1,3251.7,44,2,3251.8,20,1,3251.9,53,4
11536,2025-12-30 10:19:59+05:30,3250.4,1,3247.03,189310,106209.0,98313.0,3250.0,3253.0,3239.8,3251.5,41594175,3576.6,2926.4,4322.95,2866.6,3250.4,158,5,3250.3,110,5,3250.2,119,9,3250.1,91,4,3250.0,506,18,3251.5,22,7,3251.6,19,1,3251.7,44,2,3251.8,20,1,3251.9,53,4
11536,2025-12-30 10:20:00+05:30,3251.5,2,3247.03,189318,106212.0,98308.0,3250.0,3253.0,3239.8,3251.5,41594175,3576.6,2926.4,4322.95,2866.6,3250.4,145,4,3250.3,110,5,3250.2,119,9,3250.1,91,4,3250.0,506,18,3251.5,19,6,3251.6,19,1,3251.7,44,2,3251.8,20,1,3251.9,50,4
11536,2025-12-30 10:20:00+05:30,3250.4,2,3247.03,189318,106212.0,98308.0,3250.0,3253.0,3239.8,3251.5,41594175,3576.6,2926.4,4322.95,2866.6,3250.4,145,4,3250.3,110,5,3250.2,119,9,3250.1,91,4,3250.0,506,18,3251.5,19,6,3251.6,19,1,3251.7,44,2,3251.8,20,1,3251.9,50,4
11536,2025-12-30 10:20:01+05:30,3251.7,5,3247.03,189371,106218.0,98317.0,3250.0,3253.0,3239.8,3251.5,41594175,3576.6,2926.4,4322.95,2866.6,3250.4,153,5,3250.3,91,4,3250.2,102,6,3250.1,91,4,3250.0,546,20,3251.7,93,7,3251.9,57,5,3252.0,406,4,3252.1,56,2,3252.2,87,5
11536,2025-12-30 10:20:01+05:30,3251.7,2,3247.03,189371,106218.0,98317.0,3250.0,3253.0,3239.8,3251.5,41594175,3576.6,2926.4,4322.95,2866.6,3250.4,153,5,3250.3,91,4,3250.2,102,6,3250.1,91,4,3250.0,546,20,3251.7,93,7,3251.9,57,5,3252.0,406,4,3252.1,56,2,3252.2,87,5
11536,2025-12-30 10:20:02+05:30,3251.6,21,3247.03,189394,106224.0,98238.0,3250.0,3253.0,3239.8,3251.5,41594175,3576.6,2926.4,4322.95,2866.6,3250.4,153,5,3250.3,91,4,3250.2,102,6,3250.1,91,4,3250.0,546,20,3251.6,24,5,3251.7,77,6,3251.9,54,5,3252.0,413,5,3252.1,56,2
11536,2025-12-30 10:20:02+05:30,3251.6,21,3247.03,189394,106224.0,98238.0,3250.0,3253.0,3239.8,3251.5,41594175,3576.6,2926.4,4322.95,2866.6,3250.4,153,5,3250.3,91,4,3250.2,102,6,3250.1,91,4,3250.0,546,20,3251.6,24,5,3251.7,77,6,3251.9,54,5,3252.0,413,5,3252.1,56,2
11536,2025-12-30 10:20:03+05:30,3250.6,4,3247.03,189409,105483.0,95854.0,3250.0,3253.0,3239.8,3251.5,41594175,3576.6,2926.4,4322.95,2866.6,3250.6,50,3,3250.5,72,4,3250.4,367,10,3250.3,165,7,3250.2,341,13,3251.6,22,4,3251.7,68,4,3251.8,23,1,3251.9,5,1,3252.0,385,3
11536,2025-12-30 10:20:03+05:30,3250.6,1,3247.03,189409,105483.0,95854.0,3250.0,3253.0,3239.8,3251.5,41594175,3576.6,2926.4,4322.95,2866.6,3250.6,50,3,3250.5,72,4,3250.4,367,10,3250.3,165,7,3250.2,341,13,3251.6,22,4,3251.7,68,4,3251.8,23,1,3251.9,5,1,3252.0,385,3
11536,2025-12-30 10:20:04+05:30,3250.6,6,3247.03,189416,106217.0,95857.0,3250.0,3253.0,3239.8,3251.5,41594175,3576.6,2926.4,4322.95,2866.6,3250.6,54,4,3250.5,72,4,3250.4,367,10,3250.3,165,7,3250.2,341,13,3251.6,23,5,3251.7,68,4,3251.8,23,1,3251.9,5,1,3252.0,385,3
11536,2025-12-30 10:20:04+05:30,3250.6,8,3247.03,189416,106217.0,95857.0,3250.0,3253.0,3239.8,3251.5,41594175,3576.6,2926.4,4322.95,2866.6,3250.6,54,4,3250.5,72,4,3250.4,367,10,3250.3,165,7,3250.2,341,13,3251.6,23,5,3251.7,68,4,3251.8,23,1,3251.9,5,1,3252.0,385,3
11536,2025-12-30 10:20:05+05:30,3250.6,3,3247.03,189428,107052.0,95582.0,3250.0,3253.0,3239.8,3251.5,41594175,3576.6,2926.4,4322.95,2866.6,3250.7,61,6,3250.6,248,6,3250.5,95,5,3250.4,421,12,3250.3,126,7,3251.6,7,7,3251.7,67,3,3251.9,5,1,3252.0,390,4,3252.2,22,1
11536,2025-12-30 10:20:05+05:30,3251.7,25,3247.03,189428,107052.0,95582.0,3250.0,3253.0,3239.8,3251.5,41594175,3576.6,2926.4,4322.95,2866.6,3250.7,61,6,3250.6,248,6,3250.5,95,5,3250.4,421,12,3250.3,126,7,3251.6,7,7,3251.7,67,3,3251.9,5,1,3252.0,390,4,3252.2,22,1
11536,2025-12-30 10:20:06+05:30,3251.7,25,3247.03,189468,109024.0,95734.0,3250.0,3253.0,3239.8,3251.5,41594175,3576.6,2926.4,4322.95,2866.6,3250.7,103,7,3250.6,66,4,3250.5,72,4,3250.4,440,13,3250.3,119,6,3251.7,45,5,3251.9,5,1,3252.0,390,4,3252.2,22,1,3252.4,26,2
11536,2025-12-30 10:20:06+05:30,3251.7,3,3247.03,189468,109024.0,95734.0,3250.0,3253.0,3239.8,3251.5,41594175,3576.6,2926.4,4322.95,2866.6,3250.7,103,7,3250.6,66,4,3250.5,72,4,3250.4,440,13,3250.3,119,6,3251.7,45,5,3251.9,5,1,3252.0,390,4,3252.2,22,1,3252.4,26,2
11536,2025-12-30 10:20:06+05:30,3251.7,3,3247.03,189631,109797.0,95158.0,3250.0,3253.0,3239.8,3251.5,41594175,3576.6,2926.4,4322.95,2866.6,3251.0,20,4,3250.9,65,3,3250.8,22,3,3250.7,141,7,3250.6,286,8,3252.0,303,6,3252.2,19,1,3252.4,23,1,3252.5,407,4,3252.6,37,3
11536,2025-12-30 10:20:07+05:30,3252.0,7,3247.03,189631,109797.0,95158.0,3250.0,3253.0,3239.8,3251.5,41594175,3576.6,2926.4,4322.95,2866.6,3251.0,20,4,3250.9,65,3,3250.8,22,3,3250.7,141,7,3250.6,286,8,3252.0,303,6,3252.2,19,1,3252.4,23,1,3252.5,407,4,3252.6,37,3
11536,2025-12-30 10:20:07+05:30,3252.0,7,3247.04,189690,110198.0,95217.0,3250.0,3253.0,3239.8,3251.5,41594175,3576.6,2926.4,4322.95,2866.6,3251.1,103,7,3251.0,34,6,3250.9,63,4,3250.8,226,7,3250.7,194,9,3252.0,249,10,3252.5,404,3,3252.6,37,3,3252.8,22,1,3252.9,329,5
11536,2025-12-30 10:20:08+05:30,3252.0,1,3247.04,189690,110198.0,95217.0,3250.0,3253.0,3239.8,3251.5,41594175,3576.6,2926.4,4322.95,2866.6,3251.1,103,7,3251.0,34,6,3250.9,63,4,3250.8,226,7,3250.7,194,9,3252.0,249,10,3252.5,404,3,3252.6,37,3,3252.8,22,1,3252.9,329,5
11536,2025-12-30 10:20:08+05:30,3252.0,1,3247.04,189739,110076.0,95287.0,3250.0,3253.0,3239.8,3251.5,41594175,3576.6,2926.4,4322.95,2866.6,3251.1,187,8,3251.0,34,6,3250.9,63,4,3250.8,226,7,3250.7,187,8,3252.0,246,11,3252.5,404,3,3252.6,37,3,3252.8,22,1,3252.9,329,5
11536,2025-12-30 10:20:09+05:30,3251.2,13,3247.04,189739,110076.0,95287.0,3250.0,3253.0,3239.8,3251.5,41594175,3576.6,2926.4,4322.95,2866.6,3251.1,187,8,3251.0,34,6,3250.9,63,4,3250.8,226,7,3250.7,187,8,3252.0,246,11,3252.5,404,3,3252.6,37,3,3252.8,22,1,3252.9,329,5
11536,2025-12-30 10:20:09+05:30,3251.2,2,3247.04,189800,109614.0,96116.0,3250.0,3253.0,3239.8,3251.5,41594175,3576.6,2926.4,4322.95,2866.6,3251.2,30,4,3251.1,154,4,3251.0,64,9,3250.9,66,5,3250.8,243,8,3252.0,240,12,3252.5,401,2,3252.6,37,3,3252.7,1,1,3252.8,73,3
11536,2025-12-30 10:20:10+05:30,3251.2,5,3247.04,189800,109614.0,96116.0,3250.0,3253.0,3239.8,3251.5,41594175,3576.6,2926.4,4322.95,2866.6,3251.2,30,4,3251.1,154,4,3251.0,64,9,3250.9,66,5,3250.8,243,8,3252.0,240,12,3252.5,401,2,3252.6,37,3,3252.7,1,1,3252.8,73,3
11536,2025-12-30 10:20:10+05:30,3251.2,5,3247.04,189854,109511.0,96280.0,3250.0,3253.0,3239.8,3251.5,41594175,3576.6,2926.4,4322.95,2866.6,3251.2,58,3,3251.1,197,4,3251.0,123,10,3250.9,66,5,3250.8,243,8,3252.0,210,15,3252.4,20,1,3252.5,401,2,3252.6,37,3,3252.7,1,1
11536,2025-12-30 10:20:11+05:30,3251.2,6,3247.04,189854,109511.0,96280.0,3250.0,3253.0,3239.8,3251.5,41594175,3576.6,2926.4,4322.95,2866.6,3251.2,58,3,3251.1,197,4,3251.0,123,10,3250.9,66,5,3250.8,243,8,3252.0,210,15,3252.4,20,1,3252.5,401,2,3252.6,37,3,3252.7,1,1
11536,2025-12-30 10:20:11+05:30,3251.2,20,3247.04,189903,109560.0,96280.0,3250.0,3253.0,3239.8,3251.5,41594175,3576.6,2926.4,4322.95,2866.6,3251.2,23,4,3251.1,197,4,3251.0,143,11,3250.9,66,5,3250.8,253,9,3252.0,200,16,3252.4,20,1,3252.5,401,2,3252.6,37,3,3252.7,1,1
11536,2025-12-30 10:20:12+05:30,3252.0,2,3247.04,189903,109560.0,96280.0,3250.0,3253.0,3239.8,3251.5,41594175,3576.6,2926.4,4322.95,2866.6,3251.2,23,4,3251.1,197,4,3251.0,143,11,3250.9,66,5,3250.8,253,9,3252.0,200,16,3252.4,20,1,3252.5,401,2,3252.6,37,3,3252.7,1,1
11536,2025-12-30 10:20:12+05:30,3251.2,4,3247.04,189942,109507.0,96294.0,3250.0,3253.0,3239.8,3251.5,41594175,3576.6,2926.4,4322.95,2866.6,3251.2,2,1,3251.1,197,4,3251.0,143,11,3250.9,66,5,3250.8,253,9,3252.0,213,17,3252.4,20,1,3252.5,401,2,3252.6,37,3,3252.7,1,1
11536,2025-12-30 10:20:13+05:30,3251.2,1,3247.04,189942,109507.0,96294.0,3250.0,3253.0,3239.8,3251.5,41594175,3576.6,2926.4,4322.95,2866.6,3251.2,2,1,3251.1,197,4,3251.0,143,11,3250.9,66,5,3250.8,253,9,3252.0,213,17,3252.4,20,1,3252.5,401,2,3252.6,37,3,3252.7,1,1
11536,2025-12-30 10:20:13+05:30,3251.2,1,3247.04,189958,109584.0,95973.0,3250.0,3253.0,3239.8,3251.5,41594175,3576.6,2926.4,4322.95,2866.6,3251.1,249,8,3251.0,99,8,3250.9,63,4,3250.8,241,6,3250.7,122,6,3252.0,212,17,3252.3,1,1,3252.5,401,2,3252.6,37,3,3252.8,22,1
11536,2025-12-30 10:20:14+05:30,3251.1,7,3247.04,189958,109584.0,95973.0,3250.0,3253.0,3239.8,3251.5,41594175,3576.6,2926.4,4322.95,2866.6,3251.1,249,8,3251.0,99,8,3250.9,63,4,3250.8,241,6,3250.7,122,6,3252.0,212,17,3252.3,1,1,3252.5,401,2,3252.6,37,3,3252.8,22,1
11536,2025-12-30 10:20:14+05:30,3251.1,7,3247.04,189995,109567.0,95967.0,3250.0,3253.0,3239.8,3251.5,41594175,3576.6,2926.4,4322.95,2866.6,3251.1,224,7,3251.0,99,8,3250.9,63,4,3250.8,241,6,3250.7,122,6,3252.0,197,14,3252.3,1,1,3252.5,401,2,3252.6,37,3,3252.8,22,1
11536,2025-12-30 10:20:15+05:30,3252.0,1,3247.04,189995,109567.0,95967.0,3250.0,3253.0,3239.8,3251.5,41594175,3576.6,2926.4,4322.95,2866.6,3251.1,224,7,3251.0,99,8,3250.9,63,4,3250.8,241,6,3250.7,122,6,3252.0,197,14,3252.3,1,1,3252.5,401,2,3252.6,37,3,3252.8,22,1
11536,2025-12-30 10:20:15+05:30,3251.1,5,3247.04,190010,108784.0,95992.0,3250.0,3253.0,3239.8,3251.5,41594175,3576.6,2926.4,4322.95,2866.6,3251.1,210,7,3251.0,99,8,3250.9,63,4,3250.8,195,5,3250.7,168,7,3252.0,197,15,3252.3,1,1,3252.5,401,2,3252.6,37,3,3252.8,73,3
11536,2025-12-30 10:20:16+05:30,3251.1,9,3247.04,190041,108782.0,95982.0,3250.0,3253.0,3239.8,3251.5,41594175,3576.6,2926.4,4322.95,2866.6,3251.1,175,6,3251.0,99,8,3250.9,83,5,3250.8,195,5,3250.7,168,7,3252.0,184,18,3252.3,1,1,3252.5,401,2,3252.6,60,4,3252.8,73,3
11536,2025-12-30 10:20:16+05:30,3251.1,9,3247.04,190041,108782.0,95982.0,3250.0,3253.0,3239.8,3251.5,41594175,3576.6,2926.4,4322.95,2866.6,3251.1,175,6,3251.0,99,8,3250.9,83,5,3250.8,195,5,3250.7,168,7,3252.0,184,18,3252.3,1,1,3252.5,401,2,3252.6,60,4,3252.8,73,3
11536,2025-12-30 10:20:17+05:30,3251.1,2,3247.04,190048,108790.0,95982.0,3250.0,3253.0,3239.8,3251.5,41594175,3576.6,2926.4,4322.95,2866.6,3251.1,179,7,3251.0,99,8,3250.9,89,6,3250.8,195,5,3250.7,168,7,3252.0,183,17,3252.3,1,1,3252.5,401,2,3252.6,60,4,3252.8,73,3
11536,2025-12-30 10:20:17+05:30,3251.1,5,3247.04,190048,108790.0,95982.0,3250.0,3253.0,3239.8,3251.5,41594175,3576.6,2926.4,4322.95,2866.6,3251.1,179,7,3251.0,99,8,3250.9,89,6,3250.8,195,5,3250.7,168,7,3252.0,183,17,3252.3,1,1,3252.5,401,2,3252.6,60,4,3252.8,73,3
11536,2025-12-30 10:20:18+05:30,3251.1,4,3247.04,190061,108257.0,96005.0,3250.0,3253.0,3239.8,3251.5,41594175,3576.6,2926.4,4322.95,2866.6,3251.1,166,7,3251.0,99,8,3250.9,89,6,3250.8,195,5,3250.7,168,7,3252.0,183,17,3252.3,1,1,3252.5,401,2,3252.6,60,4,3252.8,73,3
11536,2025-12-30 10:20:18+05:30,3251.1,4,3247.04,190061,108257.0,96005.0,3250.0,3253.0,3239.8,3251.5,41594175,3576.6,2926.4,4322.95,2866.6,3251.1,166,7,3251.0,99,8,3250.9,89,6,3250.8,195,5,3250.7,168,7,3252.0,183,17,3252.3,1,1,3252.5,401,2,3252.6,60,4,3252.8,73,3
11536,2025-12-30 10:20:19+05:30,3251.2,3,3247.05,190088,105724.0,95997.0,3250.0,3253.0,3239.8,3251.5,41594175,3576.6,2926.4,4322.95,2866.6,3251.2,18,3,3251.1,164,7,3251.0,105,9,3250.9,89,6,3250.8,241,6,3252.0,166,17,3252.5,401,2,3252.6,60,4,3252.8,73,3,3252.9,29,3
11536,2025-12-30 10:20:19+05:30,3251.2,2,3247.05,190088,105724.0,95997.0,3250.0,3253.0,3239.8,3251.5,41594175,3576.6,2926.4,4322.95,2866.6,3251.2,18,3,3251.1,164,7,3251.0,105,9,3250.9,89,6,3250.8,241,6,3252.0,166,17,3252.5,401,2,3252.6,60,4,3252.8,73,3,3252.9,29,3
11536,2025-12-30 10:20:20+05:30,3251.2,1,3247.05,190096,108288.0,94135.0,3250.0,3253.0,3239.8,3251.5,41594175,3576.6,2926.4,4322.95,2866.6,3251.2,5,1,3251.1,152,6,3251.0,118,10,3250.9,89,6,3250.8,198,6,3252.0,164,17,3252.2,20,1,3252.3,24,1,3252.5,401,2,3252.6,60,4
11536,2025-12-30 10:20:20+05:30,3251.2,1,3247.05,190096,108288.0,94135.0,3250.0,3253.0,3239.8,3251.5,41594175,3576.6,2926.4,4322.95,2866.6,3251.2,5,1,3251.1,152,6,3251.0,118,10,3250.9,89,6,3250.8,198,6,3252.0,164,17,3252.2,20,1,3252.3,24,1,3252.5,401,2,3252.6,60,4
11536,2025-12-30 10:20:21+05:30,3251.1,1,3247.05,190107,108389.0,96093.0,3250.0,3253.0,3239.8,3251.5,41594175,3576.6,2926.4,4322.95,2866.6,3251.1,179,9,3251.0,112,9,3250.9,89,6,3250.8,198,6,3250.7,143,7,3252.0,161,15,3252.2,20,1,3252.3,24,1,3252.5,401,2,3252.6,37,3
11536,2025-12-30 10:20:21+05:30,3251.1,1,3247.05,190107,108389.0,96093.0,3250.0,3253.0,3239.8,3251.5,41594175,3576.6,2926.4,4322.95,2866.6,3251.1,179,9,3251.0,112,9,3250.9,89,6,3250.8,198,6,3250.7,143,7,3252.0,161,15,3252.2,20,1,3252.3,24,1,3252.5,401,2,3252.6,37,3
11536,2025-12-30 10:20:22+05:30,3251.1,3,3247.05,190120,106843.0,96121.0,3250.0,3253.0,3239.8,3251.5,41594175,3576.6,2926.4,4322.95,2866.6,3251.1,154,8,3251.0,112,9,3250.9,69,5,3250.8,198,6,3250.7,143,7,3252.0,160,14,3252.2,20,1,3252.3,24,1,3252.5,401,2,3252.6,37,3
11536,2025-12-30 10:20:22+05:30,3251.1,1,3247.05,190120,106843.0,96121.0,3250.0,3253.0,3239.8,3251.5,41594175,3576.6,2926.4,4322.95,2866.6,3251.1,154,8,3251.0,112,9,3250.9,69,5,3250.8,198,6,3250.7,143,7,3252.0,160,14,3252.2,20,1,3252.3,24,1,3252.5,401,2,3252.6,37,3
11536,2025-12-30 10:20:23+05:30,3251.1,1,3247.05,190138,106589.0,96141.0,3250.0,3253.0,3239.8,3251.5,41594175,3576.6,2926.4,4322.95,2866.6,3251.1,125,7,3251.0,112,9,3250.9,41,4,3250.8,198,6,3250.7,143,7,3252.0,147,14,3252.1,25,1,3252.4,21,1,3252.5,401,2,3252.6,37,3
11536,2025-12-30 10:20:23+05:30,3252.0,1,3247.05,190138,106589.0,96141.0,3250.0,3253.0,3239.8,3251.5,41594175,3576.6,2926.4,4322.95,2866.6,3251.1,125,7,3251.0,112,9,3250.9,41,4,3250.8,198,6,3250.7,143,7,3252.0,147,14,3252.1,25,1,3252.4,21,1,3252.5,401,2,3252.6,37,3
11536,2025-12-30 10:20:24+05:30,3251.1,1,3247.05,190142,106898.0,96245.0,3250.0,3253.0,3239.8,3251.5,41594175,3576.6,2926.4,4322.95,2866.6,3251.1,103,5,3251.0,90,7,3250.9,41,4,3250.8,197,6,3250.7,97,6,3252.0,146,14,3252.1,25,1,3252.3,21,1,3252.4,18,1,3252.5,401,2
11536,2025-12-30 10:20:24+05:30,3251.1,1,3247.05,190142,106898.0,96245.0,3250.0,3253.0,3239.8,3251.5,41594175,3576.6,2926.4,4322.95,2866.6,3251.1,103,5,3251.0,90,7,3250.9,41,4,3250.8,197,6,3250.7,97,6,3252.0,146,14,3252.1,25,1,3252.3,21,1,3252.4,18,1,3252.5,401,2
11536,2025-12-30 10:20:25+05:30,3252.0,1,3247.05,190151,106896.0,96409.0,3250.0,3253.0,3239.8,3251.5,41594175,3576.6,2926.4,4322.95,2866.6,3251.1,97,5,3251.0,90,7,3250.9,41,4,3250.8,197,6,3250.7,97,6,3252.0,145,14,3252.1,25,1,3252.3,21,1,3252.4,18,1,3252.5,401,2
11536,2025-12-30 10:20:25+05:30,3251.1,1,3247.05,190151,106896.0,96409.0,3250.0,3253.0,3239.8,3251.5,41594175,3576.6,2926.4,4322.95,2866.6,3251.1,97,5,3251.0,90,7,3250.9,41,4,3250.8,197,6,3250.7,97,6,3252.0,145,14,3252.1,25,1,3252.3,21,1,3252.4,18,1,3252.5,401,2
11536,2025-12-30 10:20:26+05:30,3251.1,2,3247.05,190157,108957.0,95555.0,3250.0,3253.0,3239.8,3251.5,41594175,3576.6,2926.4,4322.95,2866.6,3251.2,72,6,3251.1,111,6,3251.0,117,10,3250.9,41,4,3250.8,227,7,3252.0,144,13,3252.5,401,2,3252.6,37,3,3252.8,79,3,3252.9,31,3
11536,2025-12-30 10:20:26+05:30,3251.2,1,3247.05,190157,108957.0,95555.0,3250.0,3253.0,3239.8,3251.5,41594175,3576.6,2926.4,4322.95,2866.6,3251.2,72,6,3251.1,111,6,3251.0,117,10,3250.9,41,4,3250.8,227,7,3252.0,144,13,3252.5,401,2,3252.6,37,3,3252.8,79,3,3252.9,31,3
11536,2025-12-30 10:20:27+05:30,3252.0,1,3247.05,190171,108785.0,95194.0,3250.0,3253.0,3239.8,3251.5,41594175,3576.6,2926.4,4322.95,2866.6,3251.2,48,5,3251.1,98,5,3251.0,117,10,3250.9,62,5,3250.8,71,6,3252.0,133,13,3252.5,401,2,3252.6,37,3,3252.8,53,2,3252.9,31,3
11536,2025-12-30 10:20:28+05:30,3251.2,1,3247.05,190171,108785.0,95194.0,3250.0,3253.0,3239.8,3251.5,41594175,3576.6,2926.4,4322.95,2866.6,3251.2,48,5,3251.1,98,5,3251.0,117,10,3250.9,62,5,3250.8,71,6,3252.0,133,13,3252.5,401,2,3252.6,37,3,3252.8,53,2,3252.9,31,3
11536,2025-12-30 10:20:29+05:30,3251.2,3,3247.05,190204,109072.0,95697.0,3250.0,3253.0,3239.8,3251.5,41594175,3576.6,2926.4,4322.95,2866.6,3251.2,151,5,3251.1,98,5,3251.0,138,11,3250.9,66,5,3250.8,117,7,3252.0,133,13,3252.5,401,2,3252.6,37,3,3252.8,82,4,3252.9,36,4
11536,2025-12-30 10:20:32+05:30,3251.1,4,3247.05,190204,109072.0,95697.0,3250.0,3253.0,3239.8,3251.5,41594175,3576.6,2926.4,4322.95,2866.6,3251.2,151,5,3251.1,98,5,3251.0,138,11,3250.9,66,5,3250.8,117,7,3252.0,133,13,3252.5,401,2,3252.6,37,3,3252.8,82,4,3252.9,36,4
11536,2025-12-30 10:20:35+05:30,3252.0,1,3247.06,190871,109189.0,98336.0,3250.0,3253.0,3239.8,3251.5,41594175,3576.6,2926.4,4322.95,2866.6,3251.2,62,4,3251.1,96,6,3251.0,213,12,3250.9,77,6,3250.8,95,6,3252.0,154,10,3252.5,426,3,3252.6,37,3,3252.8,72,4,3252.9,4,2
11536,2025-12-30 10:20:36+05:30,3252.9,6,3247.06,190871,109189.0,98336.0,3250.0,3253.0,3239.8,3251.5,41594175,3576.6,2926.4,4322.95,2866.6,3251.2,62,4,3251.1,96,6,3251.0,213,12,3250.9,77,6,3250.8,95,6,3252.0,154,10,3252.5,426,3,3252.6,37,3,3252.8,72,4,3252.9,4,2
11536,2025-12-30 10:20:39+05:30,3255.0,12,3247.06,190871,109189.0,98336.0,3250.0,3253.0,3239.8,3251.5,41594175,3576.6,2926.4,4322.95,2866.6,3251.2,62,4,3251.1,96,6,3251.0,213,12,3250.9,77,6,3250.8,95,6,3252.0,154,10,3252.5,426,3,3252.6,37,3,3252.8,72,4,3252.9,4,2
11536,2025-12-30 10:20:40+05:30,3255.0,21,3247.23,195742,109259.0,95996.0,3250.0,3255.0,3239.8,3251.5,41594175,3576.6,2926.4,4322.95,2866.6,3254.4,6,2,3254.3,13,1,3254.2,21,1,3254.0,26,1,3253.9,213,3,3255.0,45,7,3255.1,15,1,3255.4,17,1,3255.6,65,3,3255.7,26,4
11536,2025-12-30 10:20:42+05:30,3254.4,4,3247.23,195742,109259.0,95996.0,3250.0,3255.0,3239.8,3251.5,41594175,3576.6,2926.4,4322.95,2866.6,3254.4,6,2,3254.3,13,1,3254.2,21,1,3254.0,26,1,3253.9,213,3,3255.0,45,7,3255.1,15,1,3255.4,17,1,3255.6,65,3,3255.7,26,4
11536,2025-12-30 10:20:45+05:30,3255.2,1,3247.28,196992,108383.0,96233.0,3250.0,3255.2,3239.8,3251.5,41594175,3576.6,2926.4,4322.95,2866.6,3254.4,50,2,3254.3,31,2,3254.2,36,2,3254.1,40,2,3254.0,118,7,3255.2,28,7,3255.6,24,2,3255.7,4,2,3255.8,21,2,3255.9,25,5
11536,2025-12-30 10:20:45+05:30,3256.0,15,3247.28,196992,108383.0,96233.0,3250.0,3255.2,3239.8,3251.5,41594175,3576.6,2926.4,4322.95,2866.6,3254.4,50,2,3254.3,31,2,3254.2,36,2,3254.1,40,2,3254.0,118,7,3255.2,28,7,3255.6,24,2,3255.7,4,2,3255.8,21,2,3255.9,25,5
11536,2025-12-30 10:20:48+05:30,3254.6,6,3247.28,196992,108383.0,96233.0,3250.0,3255.2,3239.8,3251.5,41594175,3576.6,2926.4,4322.95,2866.6,3254.4,50,2,3254.3,31,2,3254.2,36,2,3254.1,40,2,3254.0,118,7,3255.2,28,7,3255.6,24,2,3255.7,4,2,3255.8,21,2,3255.9,25,5
11536,2025-12-30 10:20:50+05:30,3254.5,1,3247.4,199803,106346.0,97967.0,3250.0,3256.8,3239.8,3251.5,41594175,3576.6,2926.4,4322.95,2866.6,3254.4,32,3,3254.2,46,2,3254.1,89,5,3254.0,83,5,3253.9,58,4,3254.5,5,3,3255.4,20,1,3255.6,92,4,3255.7,93,3,3255.8,22,1
11536,2025-12-30 10:20:51+05:30,3254.5,14,3247.4,199803,106346.0,97967.0,3250.0,3256.8,3239.8,3251.5,41594175,3576.6,2926.4,4322.95,2866.6,3254.4,32,3,3254.2,46,2,3254.1,89,5,3254.0,83,5,3253.9,58,4,3254.5,5,3,3255.4,20,1,3255.6,92,4,3255.7,93,3,3255.8,22,1
11536,2025-12-30 10:20:54+05:30,3255.1,7,3247.4,199803,106346.0,97967.0,3250.0,3256.8,3239.8,3251.5,41594175,3576.6,2926.4,4322.95,2866.6,3254.4,32,3,3254.2,46,2,3254.1,89,5,3254.0,83,5,3253.9,58,4,3254.5,5,3,3255.4,20,1,3255.6,92,4,3255.7,93,3,3255.8,22,1
11536,2025-12-30 10:20:55+05:30,3255.8,3,3247.43,200722,107792.0,97578.0,3250.0,3256.8,3239.8,3251.5,41594175,3576.6,2926.4,4322.95,2866.6,3254.9,83,4,3254.8,48,3,3254.7,23,2,3254.6,47,5,3254.5,66,2,3255.8,9,2,3256.0,41,3,3256.2,25,2,3256.3,18,2,3256.4,52,3
11536,2025-12-30 10:20:57+05:30,3255.8,2,3247.43,200722,107792.0,97578.0,3250.0,3256.8,3239.8,3251.5,41594175,3576.6,2926.4,4322.95,2866.6,3254.9,83,4,3254.8,48,3,3254.7,23,2,3254.6,47,5,3254.5,66,2,3255.8,9,2,3256.0,41,3,3256.2,25,2,3256.3,18,2,3256.4,52,3
11536,2025-12-30 10:21:00+05:30,3257.0,19,3247.43,200722,107792.0,97578.0,3250.0,3256.8,3239.8,3251.5,41594175,3576.6,2926.4,4322.95,2866.6,3254.9,83,4,3254.8,48,3,3254.7,23,2,3254.6,47,5,3254.5,66,2,3255.8,9,2,3256.0,41,3,3256.2,25,2,3256.3,18,2,3256.4,52,3
11536,2025-12-30 10:21:00+05:30,3257.0,19,3247.52,202799,107084.0,95881.0,3250.0,3257.0,3239.8,3251.5,41594175,3576.6,2926.4,4322.95,2866.6,3255.1,37,2,3255.0,110,6,3254.9,74,3,3254.6,58,3,3254.5,221,5,3256.3,106,6,3256.4,45,3,3256.5,20,2,3256.6,23,1,3256.8,99,5
11536,2025-12-30 10:21:03+05:30,3254.8,3,3247.52,202799,107084.0,95881.0,3250.0,3257.0,3239.8,3251.5,41594175,3576.6,2926.4,4322.95,2866.6,3255.1,37,2,3255.0,110,6,3254.9,74,3,3254.6,58,3,3254.5,221,5,3256.3,106,6,3256.4,45,3,3256.5,20,2,3256.6,23,1,3256.8,99,5
11536,2025-12-30 10:21:05+05:30,3254.0,22,3247.62,205364,102261.0,100982.0,3250.0,3257.0,3239.8,3251.5,41594175,3576.6,2926.4,4322.95,2866.6,3253.7,11,1,3253.5,39,2,3253.4,35,3,3253.2,77,4,3253.1,162,7,3254.1,7,2,3254.2,1,1,3254.4,191,1,3254.8,21,1,3254.9,36,3
11536,2025-12-30 10:21:06+05:30,3253.5,1,3247.62,205364,102261.0,100982.0,3250.0,3257.0,3239.8,3251.5,41594175,3576.6,2926.4,4322.95,2866.6,3253.7,11,1,3253.5,39,2,3253.4,35,3,3253.2,77,4,3253.1,162,7,3254.1,7,2,3254.2,1,1,3254.4,191,1,3254.8,21,1,3254.9,36,3
11536,2025-12-30 10:21:09+05:30,3256.1,7,3247.62,205364,102261.0,100982.0,3250.0,3257.0,3239.8,3251.5,41594175,3576.6,2926.4,4322.95,2866.6,3253.7,11,1,3253.5,39,2,3253.4,35,3,3253.2,77,4,3253.1,162,7,3254.1,7,2,3254.2,1,1,3254.4,191,1,3254.8,21,1,3254.9,36,3
11536,2025-12-30 10:21:11+05:30,3255.3,27,3247.7,207892,103893.0,100073.0,3250.0,3257.0,3239.8,3251.5,41594175,3576.6,2926.4,4322.95,2866.6,3254.2,72,3,3254.1,45,2,3254.0,25,2,3253.9,43,2,3253.8,81,4,3255.2,12,1,3255.3,55,5,3255.4,40,2,3255.5,23,1,3255.6,22,1
11536,2025-12-30 10:21:12+05:30,3254.3,8,3247.7,207892,103893.0,100073.0,3250.0,3257.0,3239.8,3251.5,41594175,3576.6,2926.4,4322.95,2866.6,3254.2,72,3,3254.1,45,2,3254.0,25,2,3253.9,43,2,3253.8,81,4,3255.2,12,1,3255.3,55,5,3255.4,40,2,3255.5,23,1,3255.6,22,1
11536,2025-12-30 10:21:15+05:30,3255.2,1,3247.7,207892,103893.0,100073.0,3250.0,3257.0,3239.8,3251.5,41594175,3576.6,2926.4,4322.95,2866.6,3254.2,72,3,3254.1,45,2,3254.0,25,2,3253.9,43,2,3253.8,81,4,3255.2,12,1,3255.3,55,5,3255.4,40,2,3255.5,23,1,3255.6,22,1
11536,2025-12-30 10:21:16+05:30,3254.6,13,3247.73,208722,106250.0,99499.0,3250.0,3257.0,3239.8,3251.5,41594175,3576.6,2926.4,4322.95,2866.6,3254.5,82,5,3254.4,64,2,3254.3,54,4,3254.2,68,4,3254.1,32,3,3255.2,8,1,3255.3,34,6,3255.6,21,1,3255.8,29,2,3255.9,1,1
11536,2025-12-30 10:21:18+05:30,3254.7,2,3247.73,208722,106250.0,99499.0,3250.0,3257.0,3239.8,3251.5,41594175,3576.6,2926.4,4322.95,2866.6,3254.5,82,5,3254.4,64,2,3254.3,54,4,3254.2,68,4,3254.1,32,3,3255.2,8,1,3255.3,34,6,3255.6,21,1,3255.8,29,2,3255.9,1,1
11536,2025-12-30 10:21:21+05:30,3254.5,4,3247.74,208993,106647.0,99726.0,3250.0,3257.0,3239.8,3251.5,41594175,3576.6,2926.4,4322.95,2866.6,3254.5,152,6,3254.4,59,3,3254.3,39,4,3254.2,89,4,3254.1,33,4,3255.3,7,4,3255.8,20,1,3255.9,20,2,3256.0,267,5,3256.2,80,4
11536,2025-12-30 10:21:21+05:30,3255.3,4,3247.74,208993,106647.0,99726.0,3250.0,3257.0,3239.8,3251.5,41594175,3576.6,2926.4,4322.95,2866.6,3254.5,152,6,3254.4,59,3,3254.3,39,4,3254.2,89,4,3254.1,33,4,3255.3,7,4,3255.8,20,1,3255.9,20,2,3256.0,267,5,3256.2,80,4
11536,2025-12-30 10:21:24+05:30,3256.3,2,3247.74,208993,106647.0,99726.0,3250.0,3257.0,3239.8,3251.5,41594175,3576.6,2926.4,4322.95,2866.6,3254.5,152,6,3254.4,59,3,3254.3,39,4,3254.2,89,4,3254.1,33,4,3255.3,7,4,3255.8,20,1,3255.9,20,2,3256.0,267,5,3256.2,80,4
11536,2025-12-30 10:21:26+05:30,3255.8,1,3247.78,210006,106810.0,99276.0,3250.0,3257.0,3239.8,3251.5,41594175,3576.6,2926.4,4322.95,2866.6,3255.3,1,1,3254.7,21,1,3254.6,94,3,3254.5,223,8,3254.4,82,4,3256.0,76,7,3256.1,39,4,3256.2,51,3,3256.3,20,1,3256.4,64,4
11536,2025-12-30 10:21:27+05:30,3255.3,48,3247.78,210006,106810.0,99276.0,3250.0,3257.0,3239.8,3251.5,41594175,3576.6,2926.4,4322.95,2866.6,3255.3,1,1,3254.7,21,1,3254.6,94,3,3254.5,223,8,3254.4,82,4,3256.0,76,7,3256.1,39,4,3256.2,51,3,3256.3,20,1,3256.4,64,4
11536,2025-12-30 10:21:28+05:30,3254.6,44,3247.8,210438,106228.0,99547.0,3250.0,3257.0,3239.8,3251.5,41594175,3576.6,2926.4,4322.95,2866.6,3254.5,208,9,3254.4,45,3,3254.3,46,3,3254.2,50,2,3254.1,183,11,3255.3,30,4,3255.8,21,1,3255.9,13,3,3256.0,22,1,3256.1,35,3
11536,2025-12-30 10:21:28+05:30,3255.3,1,3247.8,210438,106228.0,99547.0,3250.0,3257.0,3239.8,3251.5,41594175,3576.6,2926.4,4322.95,2866.6,3254.5,208,9,3254.4,45,3,3254.3,46,3,3254.2,50,2,3254.1,183,11,3255.3,30,4,3255.8,21,1,3255.9,13,3,3256.0,22,1,3256.1,35,3
11536,2025-12-30 10:21:29+05:30,3254.5,1,3247.81,210767,106473.0,99225.0,3250.0,3257.0,3239.8,3251.5,41594175,3576.6,2926.4,4322.95,2866.6,3254.5,6,2,3254.4,30,2,3254.3,71,4,3254.2,105,4,3254.1,95,6,3255.3,9,5,3255.8,36,2,3255.9,5,2,3256.0,102,4,3256.1,112,6
11536,2025-12-30 10:21:29+05:30,3255.3,4,3247.81,210767,106473.0,99225.0,3250.0,3257.0,3239.8,3251.5,41594175,3576.6,2926.4,4322.95,2866.6,3254.5,6,2,3254.4,30,2,3254.3,71,4,3254.2,105,4,3254.1,95,6,3255.3,9,5,3255.8,36,2,3255.9,5,2,3256.0,102,4,3256.1,112,6
11536,2025-12-30 10:21:30+05:30,3254.5,11,3247.81,210884,107015.0,99196.0,3250.0,3257.0,3239.8,3251.5,41594175,3576.6,2926.4,4322.95,2866.6,3254.5,112,6,3254.4,61,3,3254.3,48,3,3254.2,69,3,3254.1,95,6,3255.3,22,10,3255.8,21,1,3255.9,1,1,3256.0,102,4,3256.1,112,6
11536,2025-12-30 10:21:30+05:30,3254.5,1,3247.81,210884,107015.0,99196.0,3250.0,3257.0,3239.8,3251.5,41594175,3576.6,2926.4,4322.95,2866.6,3254.5,112,6,3254.4,61,3,3254.3,48,3,3254.2,69,3,3254.1,95,6,3255.3,22,10,3255.8,21,1,3255.9,1,1,3256.0,102,4,3256.1,112,6
11536,2025-12-30 10:21:31+05:30,3254.5,38,3247.81,210959,105832.0,99675.0,3250.0,3257.0,3239.8,3251.5,41594175,3576.6,2926.4,4322.95,2866.6,3254.5,35,4,3254.4,9,1,3254.3,1,1,3254.2,70,3,3254.1,64,4,3255.3,32,12,3255.5,31,2,3255.6,2,1,3255.7,16,1,3255.8,59,4
11536,2025-12-30 10:21:31+05:30,3254.5,1,3247.81,210959,105832.0,99675.0,3250.0,3257.0,3239.8,3251.5,41594175,3576.6,2926.4,4322.95,2866.6,3254.5,35,4,3254.4,9,1,3254.3,1,1,3254.2,70,3,3254.1,64,4,3255.3,32,12,3255.5,31,2,3255.6,2,1,3255.7,16,1,3255.8,59,4
11536,2025-12-30 10:21:32+05:30,3254.5,9,3247.82,211057,105717.0,100444.0,3250.0,3257.0,3239.8,3251.5,41594175,3576.6,2926.4,4322.95,2866.6,3254.5,33,4,3254.4,13,2,3254.3,1,1,3254.2,50,2,3254.1,61,4,3255.0,149,1,3255.3,13,9,3255.5,19,2,3255.6,24,2,3255.7,60,3
11536,2025-12-30 10:21:32+05:30,3254.5,9,3247.82,211057,105717.0,100444.0,3250.0,3257.0,3239.8,3251.5,41594175,3576.6,2926.4,4322.95,2866.6,3254.5,33,4,3254.4,13,2,3254.3,1,1,3254.2,50,2,3254.1,61,4,3255.0,149,1,3255.3,13,9,3255.5,19,2,3255.6,24,2,3255.7,60,3
11536,2025-12-30 10:21:33+05:30,3254.5,1,3247.82,211091,105736.0,100384.0,3250.0,3257.0,3239.8,3251.5,41594175,3576.6,2926.4,4322.95,2866.6,3254.5,68,4,3254.4,13,2,3254.3,1,1,3254.2,50,2,3254.1,41,3,3255.0,156,4,3255.3,4,4,3255.4,43,2,3255.5,19,2,3255.6,24,2
11536,2025-12-30 10:21:33+05:30,3255.0,1,3247.82,211091,105736.0,100384.0,3250.0,3257.0,3239.8,3251.5,41594175,3576.6,2926.4,4322.95,2866.6,3254.5,68,4,3254.4,13,2,3254.3,1,1,3254.2,50,2,3254.1,41,3,3255.0,156,4,3255.3,4,4,3255.4,43,2,3255.5,19,2,3255.6,24,2
11536,2025-12-30 10:21:34+05:30,3254.5,14,3247.82,211091,105736.0,100384.0,3250.0,3257.0,3239.8,3251.5,41594175,3576.6,2926.4,4322.95,2866.6,3254.5,68,4,3254.4,13,2,3254.3,1,1,3254.2,50,2,3254.1,41,3,3255.0,156,4,3255.3,4,4,3255.4,43,2,3255.5,19,2,3255.6,24,2
11536,2025-12-30 10:21:34+05:30,3254.5,14,3247.82,211154,105193.0,101610.0,3250.0,3257.0,3239.8,3251.5,41594175,3576.6,2926.4,4322.95,2866.6,3254.5,98,4,3254.4,13,2,3254.3,1,1,3254.2,50,2,3254.1,5,2,3255.0,128,7,3255.3,21,2,3255.4,23,1,3255.5,19,2,3255.6,24,2
11536,2025-12-30 10:21:35+05:30,3255.0,1,3247.83,211334,106806.0,100024.0,3250.0,3257.0,3239.8,3251.5,41594175,3576.6,2926.4,4322.95,2866.6,3254.7,23,1,3254.6,60,4,3254.5,190,8,3254.4,39,4,3254.3,42,3,3255.7,12,1,3256.0,22,1,3256.1,22,1,3256.2,35,2,3256.3,72,2
11536,2025-12-30 10:21:35+05:30,3255.0,1,3247.83,211334,106806.0,100024.0,3250.0,3257.0,3239.8,3251.5,41594175,3576.6,2926.4,4322.95,2866.6,3254.7,23,1,3254.6,60,4,3254.5,190,8,3254.4,39,4,3254.3,42,3,3255.7,12,1,3256.0,22,1,3256.1,22,1,3256.2,35,2,3256.3,72,2
11536,2025-12-30 10:21:36+05:30,3255.7,1,3247.83,211334,106806.0,100024.0,3250.0,3257.0,3239.8,3251.5,41594175,3576.6,2926.4,4322.95,2866.6,3254.7,23,1,3254.6,60,4,3254.5,190,8,3254.4,39,4,3254.3,42,3,3255.7,12,1,3256.0,22,1,3256.1,22,1,3256.2,35,2,3256.3,72,2
11536,2025-12-30 10:21:36+05:30,3255.7,1,3247.83,211335,106784.0,100760.0,3250.0,3257.0,3239.8,3251.5,41594175,3576.6,2926.4,4322.95,2866.6,3254.7,33,2,3254.6,46,3,3254.5,208,8,3254.4,51,6,3254.3,42,3,3255.7,20,3,3256.0,22,1,3256.1,22,1,3256.2,35,2,3256.3,72,2
11536,2025-12-30 10:21:37+05:30,3255.3,1,3247.83,211335,106784.0,100760.0,3250.0,3257.0,3239.8,3251.5,41594175,3576.6,2926.4,4322.95,2866.6,3254.7,33,2,3254.6,46,3,3254.5,208,8,3254.4,51,6,3254.3,42,3,3255.7,20,3,3256.0,22,1,3256.1,22,1,3256.2,35,2,3256.3,72,2
11536,2025-12-30 10:21:37+05:30,3255.3,1,3247.83,211336,106764.0,100273.0,3250.0,3257.0,3239.8,3251.5,41594175,3576.6,2926.4,4322.95,2866.6,3254.6,44,3,3254.5,209,9,3254.4,59,5,3254.3,42,3,3254.2,100,5,3255.3,5,1,3255.7,3,1,3255.8,64,3,3256.0,20,1,3256.1,22,1
11536,2025-12-30 10:21:38+05:30,3254.6,1,3247.83,211336,106764.0,100273.0,3250.0,3257.0,3239.8,3251.5,41594175,3576.6,2926.4,4322.95,2866.6,3254.6,44,3,3254.5,209,9,3254.4,59,5,3254.3,42,3,3254.2,100,5,3255.3,5,1,3255.7,3,1,3255.8,64,3,3256.0,20,1,3256.1,22,1
11536,2025-12-30 10:21:38+05:30,3254.6,1,3247.83,211364,106815.0,100962.0,3250.0,3257.0,3239.8,3251.5,41594175,3576.6,2926.4,4322.95,2866.6,3254.6,103,4,3254.5,211,10,3254.4,62,5,3254.3,42,3,3254.2,77,4,3255.3,6,3,3255.8,21,1,3256.0,20,1,3256.1,42,2,3256.2,36,3
11536,2025-12-30 10:21:39+05:30,3256.2,3,3247.83,211364,106815.0,100962.0,3250.0,3257.0,3239.8,3251.5,41594175,3576.6,2926.4,4322.95,2866.6,3254.6,103,4,3254.5,211,10,3254.4,62,5,3254.3,42,3,3254.2,77,4,3255.3,6,3,3255.8,21,1,3256.0,20,1,3256.1,42,2,3256.2,36,3
11536,2025-12-30 10:21:40+05:30,3256.2,3,3247.84,211707,107169.0,100076.0,3250.0,3257.0,3239.8,3251.5,41594175,3576.6,2926.4,4322.95,2866.6,3254.7,117,3,3254.6,76,3,3254.5,184,10,3254.4,63,6,3254.3,42,3,3255.8,32,2,3255.9,23,1,3256.0,65,6,3256.1,10,1,3256.2,36,3
11536,2025-12-30 10:21:40+05:30,3255.8,2,3247.84,211707,107169.0,100076.0,3250.0,3257.0,3239.8,3251.5,41594175,3576.6,2926.4,4322.95,2866.6,3254.7,117,3,3254.6,76,3,3254.5,184,10,3254.4,63,6,3254.3,42,3,3255.8,32,2,3255.9,23,1,3256.0,65,6,3256.1,10,1,3256.2,36,3
11536,2025-12-30 10:21:41+05:30,3255.8,2,3247.84,211709,107151.0,100102.0,3250.0,3257.0,3239.8,3251.5,41594175,3576.6,2926.4,4322.95,2866.6,3254.7,207,5,3254.6,76,3,3254.5,184,10,3254.4,63,6,3254.3,70,4,3255.8,32,3,3255.9,23,1,3256.0,57,5,3256.1,10,1,3256.2,52,3
11536,2025-12-30 10:21:41+05:30,3254.7,47,3247.84,211709,107151.0,100102.0,3250.0,3257.0,3239.8,3251.5,41594175,3576.6,2926.4,4322.95,2866.6,3254.7,207,5,3254.6,76,3,3254.5,184,10,3254.4,63,6,3254.3,70,4,3255.8,32,3,3255.9,23,1,3256.0,57,5,3256.1,10,1,3256.2,52,3
11536,2025-12-30 10:21:42+05:30,3254.7,47,3247.84,211812,107018.0,100650.0,3250.0,3257.0,3239.8,3251.5,41594175,3576.6,2926.4,4322.95,2866.6,3254.7,90,2,3254.6,76,3,3254.5,183,9,3254.4,63,6,3254.3,70,4,3255.8,39,7,3255.9,23,1,3256.0,46,4,3256.1,10,1,3256.2,52,3
11536,2025-12-30 10:21:42+05:30,3255.8,1,3247.84,211812,107018.0,100650.0,3250.0,3257.0,3239.8,3251.5,41594175,3576.6,2926.4,4322.95,2866.6,3254.7,90,2,3254.6,76,3,3254.5,183,9,3254.4,63,6,3254.3,70,4,3255.8,39,7,3255.9,23,1,3256.0,46,4,3256.1,10,1,3256.2,52,3
11536,2025-12-30 10:21:43+05:30,3255.8,1,3247.85,211868,106981.0,100880.0,3250.0,3257.0,3239.8,3251.5,41594175,3576.6,2926.4,4322.95,2866.6,3254.7,89,3,3254.6,112,4,3254.5,174,8,3254.4,63,6,3254.3,70,4,3255.8,98,13,3255.9,10,1,3256.0,40,3,3256.2,67,4,3256.3,46,1
11536,2025-12-30 10:21:43+05:30,3254.7,2,3247.85,211868,106981.0,100880.0,3250.0,3257.0,3239.8,3251.5,41594175,3576.6,2926.4,4322.95,2866.6,3254.7,89,3,3254.6,112,4,3254.5,174,8,3254.4,63,6,3254.3,70,4,3255.8,98,13,3255.9,10,1,3256.0,40,3,3256.2,67,4,3256.3,46,1
11536,2025-12-30 10:21:44+05:30,3254.7,1,3247.85,211902,106947.0,101004.0,3250.0,3257.0,3239.8,3251.5,41594175,3576.6,2926.4,4322.95,2866.6,3254.7,55,2,3254.6,112,4,3254.5,146,7,3254.4,63,6,3254.3,70,4,3255.8,94,12,3255.9,10,1,3256.0,40,3,3256.2,67,4,3256.4,51,2
11536,2025-12-30 10:21:44+05:30,3254.7,1,3247.85,211902,106947.0,101004.0,3250.0,3257.0,3239.8,3251.5,41594175,3576.6,2926.4,4322.95,2866.6,3254.7,55,2,3254.6,112,4,3254.5,146,7,3254.4,63,6,3254.3,70,4,3255.8,94,12,3255.9,10,1,3256.0,40,3,3256.2,67,4,3256.4,51,2
11536,2025-12-30 10:21:45+05:30,3255.5,1,3247.85,211936,106399.0,102412.0,3250.0,3257.0,3239.8,3251.5,41594175,3576.6,2926.4,4322.95,2866.6,3254.7,38,3,3254.6,50,1,3254.5,132,6,3254.4,17,3,3254.3,29,2,3255.5,49,5,3255.6,35,2,3255.7,38,2,3255.8,57,7,3255.9,79,6
11536,2025-12-30 10:21:45+05:30,3255.5,1,3247.85,211936,106399.0,102412.0,3250.0,3257.0,3239.8,3251.5,41594175,3576.6,2926.4,4322.95,2866.6,3254.7,38,3,3254.6,50,1,3254.5,132,6,3254.4,17,3,3254.3,29,2,3255.5,49,5,3255.6,35,2,3255.7,38,2,3255.8,57,7,3255.9,79,6
11536,2025-12-30 10:21:46+05:30,3254.7,9,3247.85,211956,106613.0,102477.0,3250.0,3257.0,3239.8,3251.5,41594175,3576.6,2926.4,4322.95,2866.6,3254.7,59,3,3254.6,50,1,3254.5,132,6,3254.4,19,3,3254.3,93,4,3255.4,31,2,3255.5,13,4,3255.6,35,2,3255.7,53,3,3255.8,55,5
11536,2025-12-30 10:21:46+05:30,3255.4,1,3247.85,211956,106613.0,102477.0,3250.0,3257.0,3239.8,3251.5,41594175,3576.6,2926.4,4322.95,2866.6,3254.7,59,3,3254.6,50,1,3254.5,132,6,3254.4,19,3,3254.3,93,4,3255.4,31,2,3255.5,13,4,3255.6,35,2,3255.7,53,3,3255.8,55,5
11536,2025-12-30 10:21:47+05:30,3254.7,6,3247.85,211972,106660.0,102359.0,3250.0,3257.0,3239.8,3251.5,41594175,3576.6,2926.4,4322.95,2866.6,3254.7,60,3,3254.6,50,1,3254.5,142,7,3254.4,45,3,3254.3,29,2,3255.4,32,4,3255.5,12,3,3255.6,50,3,3255.7,53,3,3255.8,53,3
11536,2025-12-30 10:21:47+05:30,3254.7,6,3247.85,211972,106660.0,102359.0,3250.0,3257.0,3239.8,3251.5,41594175,3576.6,2926.4,4322.95,2866.6,3254.7,60,3,3254.6,50,1,3254.5,142,7,3254.4,45,3,3254.3,29,2,3255.4,32,4,3255.5,12,3,3255.6,50,3,3255.7,53,3,3255.8,53,3
11536,2025-12-30 10:21:48+05:30,3255.4,3,3247.85,211986,106659.0,102356.0,3250.0,3257.0,3239.8,3251.5,41594175,3576.6,2926.4,4322.95,2866.6,3254.7,39,2,3254.6,50,1,3254.5,142,7,3254.4,55,4,3254.3,29,2,3255.4,30,5,3255.5,11,2,3255.6,50,3,3255.7,53,3,3255.8,53,3
11536,2025-12-30 10:21:48+05:30,3254.7,5,3247.85,211986,106659.0,102356.0,3250.0,3257.0,3239.8,3251.5,41594175,3576.6,2926.4,4322.95,2866.6,3254.7,39,2,3254.6,50,1,3254.5,142,7,3254.4,55,4,3254.3,29,2,3255.4,30,5,3255.5,11,2,3255.6,50,3,3255.7,53,3,3255.8,53,3
11536,2025-12-30 10:21:49+05:30,3255.3,1,3247.86,212192,106648.0,102833.0,3250.0,3257.0,3239.8,3251.5,41594175,3576.6,2926.4,4322.95,2866.6,3254.7,34,2,3254.6,50,1,3254.5,142,7,3254.4,15,2,3254.3,82,4,3255.5,65,5,3255.6,276,3,3255.8,36,2,3255.9,13,2,3256.0,42,2
11536,2025-12-30 10:21:49+05:30,3255.5,1,3247.86,212192,106648.0,102833.0,3250.0,3257.0,3239.8,3251.5,41594175,3576.6,2926.4,4322.95,2866.6,3254.7,34,2,3254.6,50,1,3254.5,142,7,3254.4,15,2,3254.3,82,4,3255.5,65,5,3255.6,276,3,3255.8,36,2,3255.9,13,2,3256.0,42,2
11536,2025-12-30 10:21:50+05:30,3255.5,1,3247.86,212194,106680.0,102989.0,3250.0,3257.0,3239.8,3251.5,41594175,3576.6,2926.4,4322.95,2866.6,3254.7,47,4,3254.6,50,1,3254.5,142,7,3254.4,4,1,3254.3,46,3,3255.4,36,3,3255.5,57,5,3255.6,253,2,3255.8,52,2,3255.9,28,3
11536,2025-12-30 10:21:51+05:30,3254.7,2,3247.86,212254,106652.0,103136.0,3250.0,3257.0,3239.8,3251.5,41594175,3576.6,2926.4,4322.95,2866.6,3254.7,8,2,3254.6,50,1,3254.5,142,7,3254.4,15,2,3254.3,18,2,3255.3,12,1,3255.4,50,4,3255.5,37,3,3255.6,253,2,3255.8,52,2
11536,2025-12-30 10:21:51+05:30,3255.3,2,3247.86,212254,106652.0,103136.0,3250.0,3257.0,3239.8,3251.5,41594175,3576.6,2926.4,4322.95,2866.6,3254.7,8,2,3254.6,50,1,3254.5,142,7,3254.4,15,2,3254.3,18,2,3255.3,12,1,3255.4,50,4,3255.5,37,3,3255.6,253,2,3255.8,52,2
11536,2025-12-30 10:21:52+05:30,3254.3,4,3247.87,212770,103802.0,105852.0,3250.0,3257.0,3239.8,3251.5,41594175,3576.6,2926.4,4322.95,2866.6,3254.2,50,2,3254.1,5,2,3254.0,15,1,3253.6,16,1,3253.4,12,2,3254.3,4,1,3254.4,10,1,3254.5,51,3,3254.6,14,2,3254.7,15,1
11536,2025-12-30 10:21:52+05:30,3254.0,15,3247.87,212770,103802.0,105852.0,3250.0,3257.0,3239.8,3251.5,41594175,3576.6,2926.4,4322.95,2866.6,3254.2,50,2,3254.1,5,2,3254.0,15,1,3253.6,16,1,3253.4,12,2,3254.3,4,1,3254.4,10,1,3254.5,51,3,3254.6,14,2,3254.7,15,1
11536,2025-12-30 10:21:53+05:30,3254.0,15,3247.88,212887,102108.0,107417.0,3250.0,3257.0,3239.8,3251.5,41594175,3576.6,2926.4,4322.95,2866.6,3253.4,12,2,3253.3,5,1,3253.2,21,2,3253.1,9,1,3253.0,5,2,3254.0,18,5,3254.1,20,2,3254.2,29,2,3254.3,64,5,3254.4,18,2
11536,2025-12-30 10:21:53+05:30,3253.4,6,3247.88,212887,102108.0,107417.0,3250.0,3257.0,3239.8,3251.5,41594175,3576.6,2926.4,4322.95,2866.6,3253.4,12,2,3253.3,5,1,3253.2,21,2,3253.1,9,1,3253.0,5,2,3254.0,18,5,3254.1,20,2,3254.2,29,2,3254.3,64,5,3254.4,18,2
11536,2025-12-30 10:21:54+05:30,3253.4,4,3247.88,213069,102198.0,107341.0,3250.0,3257.0,3239.8,3251.5,41594175,3576.6,2926.4,4322.95,2866.6,3253.3,7,2,3253.2,5,1,3253.1,9,1,3253.0,21,3,3252.9,1,1,3254.0,15,7,3254.1,282,1,3254.3,22,2,3254.4,20,1,3254.5,50,3
11536,2025-12-30 10:21:54+05:30,3253.4,4,3247.88,213069,102198.0,107341.0,3250.0,3257.0,3239.8,3251.5,41594175,3576.6,2926.4,4322.95,2866.6,3253.3,7,2,3253.2,5,1,3253.1,9,1,3253.0,21,3,3252.9,1,1,3254.0,15,7,3254.1,282,1,3254.3,22,2,3254.4,20,1,3254.5,50,3
11536,2025-12-30 10:21:55+05:30,3253.4,31,3247.88,213139,102646.0,107352.0,3250.0,3257.0,3239.8,3251.5,41594175,3576.6,2926.4,4322.95,2866.6,3253.4,6,1,3253.3,1,1,3253.2,5,1,3253.1,9,1,3253.0,5,2,3254.0,19,8,3254.2,71,3,3254.3,304,3,3254.5,4,2,3254.6,40,3
11536,2025-12-30 10:21:55+05:30,3254.0,2,3247.88,213139,102646.0,107352.0,3250.0,3257.0,3239.8,3251.5,41594175,3576.6,2926.4,4322.95,2866.6,3253.4,6,1,3253.3,1,1,3253.2,5,1,3253.1,9,1,3253.0,5,2,3254.0,19,8,3254.2,71,3,3254.3,304,3,3254.5,4,2,3254.6,40,3
11536,2025-12-30 10:21:56+05:30,3253.2,9,3247.89,213272,102745.0,106770.0,3250.0,3257.0,3239.8,3251.5,41594175,3576.6,2926.4,4322.95,2866.6,3253.6,1,1,3253.2,5,1,3253.1,24,2,3253.0,41,3,3252.9,44,2,3254.0,38,10,3254.2,19,1,3254.3,22,1,3254.5,64,2,3254.6,55,3
11536,2025-12-30 10:21:56+05:30,3253.6,1,3247.89,213272,102745.0,106770.0,3250.0,3257.0,3239.8,3251.5,41594175,3576.6,2926.4,4322.95,2866.6,3253.6,1,1,3253.2,5,1,3253.1,24,2,3253.0,41,3,3252.9,44,2,3254.0,38,10,3254.2,19,1,3254.3,22,1,3254.5,64,2,3254.6,55,3
11536,2025-12-30 10:21:57+05:30,3253.2,19,3247.89,213308,101690.0,106594.0,3250.0,3257.0,3239.8,3251.5,41594175,3576.6,2926.4,4322.95,2866.6,3253.2,4,1,3253.1,41,3,3253.0,5,2,3252.9,28,1,3252.8,35,3,3253.6,7,4,3254.0,29,8,3254.2,19,1,3254.3,304,2,3254.4,20,1
11536,2025-12-30 10:21:57+05:30,3253.2,4,3247.89,213308,101690.0,106594.0,3250.0,3257.0,3239.8,3251.5,41594175,3576.6,2926.4,4322.95,2866.6,3253.2,4,1,3253.1,41,3,3253.0,5,2,3252.9,28,1,3252.8,35,3,3253.6,7,4,3254.0,29,8,3254.2,19,1,3254.3,304,2,3254.4,20,1
11536,2025-12-30 10:21:58+05:30,3253.2,4,3247.89,213367,101307.0,106655.0,3250.0,3257.0,3239.8,3251.5,41594175,3576.6,2926.4,4322.95,2866.6,3253.1,5,1,3253.0,51,5,3252.9,44,2,3252.8,52,4,3252.7,89,4,3253.2,6,3,3253.6,5,5,3254.0,22,4,3254.3,283,2,3254.4,20,1
11536,2025-12-30 10:21:58+05:30,3253.1,18,3247.89,213367,101307.0,106655.0,3250.0,3257.0,3239.8,3251.5,41594175,3576.6,2926.4,4322.95,2866.6,3253.1,5,1,3253.0,51,5,3252.9,44,2,3252.8,52,4,3252.7,89,4,3253.2,6,3,3253.6,5,5,3254.0,22,4,3254.3,283,2,3254.4,20,1
11536,2025-12-30 10:21:59+05:30,3253.2,3,3247.89,213397,101280.0,106704.0,3250.0,3257.0,3239.8,3251.5,41594175,3576.6,2926.4,4322.95,2866.6,3253.1,2,1,3253.0,51,5,3252.9,44,2,3252.8,52,4,3252.7,67,3,3253.2,22,8,3253.6,3,3,3254.0,5,1,3254.2,61,1,3254.3,283,2
11536,2025-12-30 10:21:59+05:30,3253.1,19,3247.89,213397,101280.0,106704.0,3250.0,3257.0,3239.8,3251.5,41594175,3576.6,2926.4,4322.95,2866.6,3253.1,2,1,3253.0,51,5,3252.9,44,2,3252.8,52,4,3252.7,67,3,3253.2,22,8,3253.6,3,3,3254.0,5,1,3254.2,61,1,3254.3,283,2
11536,2025-12-30 10:22:00+05:30,3253.0,1,3247.89,213446,101446.0,107175.0,3250.0,3257.0,3239.8,3251.5,41594175,3576.6,2926.4,4322.95,2866.6,3253.0,24,2,3252.9,44,2,3252.8,32,3,3252.7,67,3,3252.6,124,7,3253.1,5,3,3253.2,25,9,3254.2,82,2,3254.3,283,2,3254.4,70,3
11536,2025-12-30 10:22:00+05:30,3253.0,1,3247.89,213446,101446.0,107175.0,3250.0,3257.0,3239.8,3251.5,41594175,3576.6,2926.4,4322.95,2866.6,3253.0,24,2,3252.9,44,2,3252.8,32,3,3252.7,67,3,3252.6,124,7,3253.1,5,3,3253.2,25,9,3254.2,82,2,3254.3,283,2,3254.4,70,3
11536,2025-12-30 10:22:01+05:30,3253.0,2,3247.89,213463,102980.0,107349.0,3250.0,3257.0,3239.8,3251.5,41594175,3576.6,2926.4,4322.95,2866.6,3252.9,32,2,3252.8,32,3,3252.7,67,3,3252.6,96,6,3252.5,127,6,3253.0,4,2,3253.1,4,4,3253.2,20,4,3254.2,82,2,3254.3,283,2
11536,2025-12-30 10:22:01+05:30,3253.0,2,3247.89,213463,102980.0,107349.0,3250.0,3257.0,3239.8,3251.5,41594175,3576.6,2926.4,4322.95,2866.6,3252.9,32,2,3252.8,32,3,3252.7,67,3,3252.6,96,6,3252.5,127,6,3253.0,4,2,3253.1,4,4,3253.2,20,4,3254.2,82,2,3254.3,283,2
11536,2025-12-30 10:22:02+05:30,3252.9,2,3247.89,213492,102787.0,107272.0,3250.0,3257.0,3239.8,3251.5,41594175,3576.6,2926.4,4322.95,2866.6,3252.9,46,5,3252.8,29,3,3252.7,31,2,3252.6,113,6,3252.5,138,7,3253.0,11,1,3253.1,3,3,3253.2,4,1,3254.2,82,2,3254.3,283,2
11536,2025-12-30 10:22:02+05:30,3252.9,8,3247.89,213492,102787.0,107272.0,3250.0,3257.0,3239.8,3251.5,41594175,3576.6,2926.4,4322.95,2866.6,3252.9,46,5,3252.8,29,3,3252.7,31,2,3252.6,113,6,3252.5,138,7,3253.0,11,1,3253.1,3,3,3253.2,4,1,3254.2,82,2,3254.3,283,2
11536,2025-12-30 10:22:03+05:30,3252.9,3,3247.89,213503,102811.0,107249.0,3250.0,3257.0,3239.8,3251.5,41594175,3576.6,2926.4,4322.95,2866.6,3252.9,41,4,3252.8,32,4,3252.7,31,2,3252.6,162,8,3252.5,128,7,3253.0,17,7,3253.1,1,1,3253.2,4,1,3254.2,82,2,3254.3,283,2
11536,2025-12-30 10:22:03+05:30,3252.9,4,3247.89,213503,102811.0,107249.0,3250.0,3257.0,3239.8,3251.5,41594175,3576.6,2926.4,4322.95,2866.6,3252.9,41,4,3252.8,32,4,3252.7,31,2,3252.6,162,8,3252.5,128,7,3253.0,17,7,3253.1,1,1,3253.2,4,1,3254.2,82,2,3254.3,283,2
11536,2025-12-30 10:22:04+05:30,3253.0,5,3247.89,213512,102229.0,107267.0,3250.0,3257.0,3239.8,3251.5,41594175,3576.6,2926.4,4322.95,2866.6,3252.9,27,3,3252.8,4,1,3252.7,31,2,3252.6,132,7,3252.5,128,7,3253.0,16,11,3253.2,4,1,3254.2,82,2,3254.3,283,2,3254.4,70,3
11536,2025-12-30 10:22:04+05:30,3252.9,2,3247.89,213512,102229.0,107267.0,3250.0,3257.0,3239.8,3251.5,41594175,3576.6,2926.4,4322.95,2866.6,3252.9,27,3,3252.8,4,1,3252.7,31,2,3252.6,132,7,3252.5,128,7,3253.0,16,11,3253.2,4,1,3254.2,82,2,3254.3,283,2,3254.4,70,3
11536,2025-12-30 10:22:05+05:30,3252.9,1,3247.89,213525,102206.0,108372.0,3250.0,3257.0,3239.8,3251.5,41594175,3576.6,2926.4,4322.95,2866.6,3252.9,5,1,3252.8,21,2,3252.6,15,2,3252.5,151,7,3252.4,53,3,3253.0,52,12,3253.2,4,1,3253.9,41,2,3254.2,82,2,3254.3,332,4
11536,2025-12-30 10:22:05+05:30,3252.9,4,3247.89,213525,102206.0,108372.0,3250.0,3257.0,3239.8,3251.5,41594175,3576.6,2926.4,4322.95,2866.6,3252.9,5,1,3252.8,21,2,3252.6,15,2,3252.5,151,7,3252.4,53,3,3253.0,52,12,3253.2,4,1,3253.9,41,2,3254.2,82,2,3254.3,332,4
11536,2025-12-30 10:22:06+05:30,3252.9,1,3247.89,213534,102150.0,108370.0,3250.0,3257.0,3239.8,3251.5,41594175,3576.6,2926.4,4322.95,2866.6,3252.9,2,1,3252.8,21,2,3252.7,4,1,3252.6,18,2,3252.5,184,7,3253.0,49,9,3253.2,4,1,3253.6,41,2,3253.9,3,1,3254.2,82,2
11536,2025-12-30 10:22:06+05:30,3252.9,1,3247.89,213534,102150.0,108370.0,3250.0,3257.0,3239.8,3251.5,41594175,3576.6,2926.4,4322.95,2866.6,3252.9,2,1,3252.8,21,2,3252.7,4,1,3252.6,18,2,3252.5,184,7,3253.0,49,9,3253.2,4,1,3253.6,41,2,3253.9,3,1,3254.2,82,2
11536,2025-12-30 10:22:07+05:30,3252.9,4,3247.89,213534,102150.0,108370.0,3250.0,3257.0,3239.8,3251.5,41594175,3576.6,2926.4,4322.95,2866.6,3252.9,2,1,3252.8,21,2,3252.7,4,1,3252.6,18,2,3252.5,184,7,3253.0,49,9,3253.2,4,1,3253.6,41,2,3253.9,3,1,3254.2,82,2
11536,2025-12-30 10:22:07+05:30,3252.9,4,3247.89,213539,102163.0,108370.0,3250.0,3257.0,3239.8,3251.5,41594175,3576.6,2926.4,4322.95,2866.6,3252.9,6,1,3252.8,21,2,3252.6,18,2,3252.5,148,6,3252.4,89,4,3253.0,49,9,3253.2,4,1,3253.5,19,1,3253.6,22,1,3253.9,3,1
11536,2025-12-30 10:22:08+05:30,3252.9,2,3247.89,213539,102163.0,108370.0,3250.0,3257.0,3239.8,3251.5,41594175,3576.6,2926.4,4322.95,2866.6,3252.9,6,1,3252.8,21,2,3252.6,18,2,3252.5,148,6,3252.4,89,4,3253.0,49,9,3253.2,4,1,3253.5,19,1,3253.6,22,1,3253.9,3,1
11536,2025-12-30 10:22:08+05:30,3252.9,2,3247.89,213544,102184.0,108369.0,3250.0,3257.0,3239.8,3251.5,41594175,3576.6,2926.4,4322.95,2866.6,3252.9,1,1,3252.8,21,2,3252.7,20,2,3252.6,36,3,3252.5,148,6,3253.0,48,8,3253.2,4,1,3253.6,22,1,3253.8,19,1,3253.9,3,1
11536,2025-12-30 10:22:09+05:30,3252.9,1,3247.89,213544,102184.0,108369.0,3250.0,3257.0,3239.8,3251.5,41594175,3576.6,2926.4,4322.95,2866.6,3252.9,1,1,3252.8,21,2,3252.7,20,2,3252.6,36,3,3252.5,148,6,3253.0,48,8,3253.2,4,1,3253.6,22,1,3253.8,19,1,3253.9,3,1
11536,2025-12-30 10:22:09+05:30,3252.9,1,3247.89,213549,102402.0,107770.0,3250.0,3257.0,3239.8,3251.5,41594175,3576.6,2926.4,4322.95,2866.6,3252.9,261,4,3252.8,18,2,3252.7,40,3,3252.6,52,4,3252.5,124,5,3253.0,46,6,3253.2,4,1,3253.6,22,1,3253.8,19,1,3253.9,3,1
11536,2025-12-30 10:22:10+05:30,3252.9,1,3247.89,213549,102402.0,107770.0,3250.0,3257.0,3239.8,3251.5,41594175,3576.6,2926.4,4322.95,2866.6,3252.9,261,4,3252.8,18,2,3252.7,40,3,3252.6,52,4,3252.5,124,5,3253.0,46,6,3253.2,4,1,3253.6,22,1,3253.8,19,1,3253.9,3,1
11536,2025-12-30 10:22:10+05:30,3252.9,1,3247.89,213551,102398.0,107754.0,3250.0,3257.0,3239.8,3251.5,41594175,3576.6,2926.4,4322.95,2866.6,3252.9,259,4,3252.8,36,3,3252.7,20,2,3252.6,52,4,3252.5,124,5,3253.0,59,8,3253.2,4,1,3253.6,22,1,3253.8,19,1,3253.9,3,1
11536,2025-12-30 10:22:11+05:30,3252.9,1,3247.89,213551,102398.0,107754.0,3250.0,3257.0,3239.8,3251.5,41594175,3576.6,2926.4,4322.95,2866.6,3252.9,259,4,3252.8,36,3,3252.7,20,2,3252.6,52,4,3252.5,124,5,3253.0,59,8,3253.2,4,1,3253.6,22,1,3253.8,19,1,3253.9,3,1
11536,2025-12-30 10:22:11+05:30,3252.9,10,3247.9,213565,102373.0,107693.0,3250.0,3257.0,3239.8,3251.5,41594175,3576.6,2926.4,4322.95,2866.6,3252.9,256,5,3252.8,36,3,3252.7,20,2,3252.6,88,5,3252.5,124,5,3253.0,59,9,3253.2,4,1,3253.6,22,1,3253.8,19,1,3253.9,3,1
11536,2025-12-30 10:22:12+05:30,3253.0,2,3247.9,213565,102373.0,107693.0,3250.0,3257.0,3239.8,3251.5,41594175,3576.6,2926.4,4322.95,2866.6,3252.9,256,5,3252.8,36,3,3252.7,20,2,3252.6,88,5,3252.5,124,5,3253.0,59,9,3253.2,4,1,3253.6,22,1,3253.8,19,1,3253.9,3,1
11536,2025-12-30 10:22:12+05:30,3253.0,2,3247.9,213630,102932.0,107236.0,3250.0,3257.0,3239.8,3251.5,41594175,3576.6,2926.4,4322.95,2866.6,3252.9,243,4,3252.8,80,4,3252.7,20,2,3252.6,243,6,3252.5,135,6,3253.2,4,1,3254.2,21,1,3254.3,282,1,3254.4,261,2,3254.5,3,1
11536,2025-12-30 10:22:13+05:30,3253.0,2,3247.9,213630,102932.0,107236.0,3250.0,3257.0,3239.8,3251.5,41594175,3576.6,2926.4,4322.95,2866.6,3252.9,243,4,3252.8,80,4,3252.7,20,2,3252.6,243,6,3252.5,135,6,3253.2,4,1,3254.2,21,1,3254.3,282,1,3254.4,261,2,3254.5,3,1
11536,2025-12-30 10:22:13+05:30,3253.0,2,3247.9,213630,102987.0,107301.0,3250.0,3257.0,3239.8,3251.5,41594175,3576.6,2926.4,4322.95,2866.6,3252.9,291,5,3252.8,80,4,3252.7,20,2,3252.6,265,7,3252.5,113,5,3253.2,3,2,3254.2,26,2,3254.3,282,1,3254.4,265,3,3254.5,30,2
11536,2025-12-30 10:22:14+05:30,3252.9,20,3247.9,213630,102987.0,107301.0,3250.0,3257.0,3239.8,3251.5,41594175,3576.6,2926.4,4322.95,2866.6,3252.9,291,5,3252.8,80,4,3252.7,20,2,3252.6,265,7,3252.5,113,5,3253.2,3,2,3254.2,26,2,3254.3,282,1,3254.4,265,3,3254.5,30,2
11536,2025-12-30 10:22:15+05:30,3253.2,1,3247.9,213674,102607.0,107414.0,3250.0,3257.0,3239.8,3251.5,41594175,3576.6,2926.4,4322.95,2866.6,3252.9,263,6,3252.8,44,3,3252.7,56,3,3252.6,53,4,3252.5,113,5,3253.2,3,3,3254.2,87,3,3254.3,282,1,3254.4,261,2,3254.5,30,2
11536,2025-12-30 10:22:15+05:30,3253.2,1,3247.9,213674,102607.0,107414.0,3250.0,3257.0,3239.8,3251.5,41594175,3576.6,2926.4,4322.95,2866.6,3252.9,263,6,3252.8,44,3,3252.7,56,3,3252.6,53,4,3252.5,113,5,3253.2,3,3,3254.2,87,3,3254.3,282,1,3254.4,261,2,3254.5,30,2
11536,2025-12-30 10:22:16+05:30,3253.1,6,3247.9,213682,103194.0,107527.0,3250.0,3257.0,3239.8,3251.5,41594175,3576.6,2926.4,4322.95,2866.6,3253.1,5,2,3253.0,34,3,3252.9,230,4,3252.8,39,3,3252.7,45,3,3253.2,4,4,3254.0,22,1,3254.1,19,1,3254.2,87,3,3254.3,312,3
11536,2025-12-30 10:22:16+05:30,3253.1,1,3247.9,213682,103194.0,107527.0,3250.0,3257.0,3239.8,3251.5,41594175,3576.6,2926.4,4322.95,2866.6,3253.1,5,2,3253.0,34,3,3252.9,230,4,3252.8,39,3,3252.7,45,3,3253.2,4,4,3254.0,22,1,3254.1,19,1,3254.2,87,3,3254.3,312,3
11536,2025-12-30 10:22:17+05:30,3253.2,1,3247.9,213692,103448.0,107610.0,3250.0,3257.0,3239.8,3251.5,41594175,3576.6,2926.4,4322.95,2866.6,3253.1,1,1,3253.0,34,3,3252.9,230,4,3252.8,54,4,3252.7,23,2,3253.2,7,7,3254.0,22,1,3254.1,19,1,3254.2,113,4,3254.3,285,2
11536,2025-12-30 10:22:17+05:30,3253.0,2,3247.9,213692,103448.0,107610.0,3250.0,3257.0,3239.8,3251.5,41594175,3576.6,2926.4,4322.95,2866.6,3253.1,1,1,3253.0,34,3,3252.9,230,4,3252.8,54,4,3252.7,23,2,3253.2,7,7,3254.0,22,1,3254.1,19,1,3254.2,113,4,3254.3,285,2
11536,2025-12-30 10:22:18+05:30,3253.0,2,3247.9,213695,103076.0,107788.0,3250.0,3257.0,3239.8,3251.5,41594175,3576.6,2926.4,4322.95,2866.6,3252.9,249,5,3252.8,35,3,3252.7,23,2,3252.6,54,4,3252.5,116,6,3253.1,2,2,3253.2,11,7,3254.0,22,1,3254.1,19,1,3254.2,108,3
11536,2025-12-30 10:22:18+05:30,3252.9,2,3247.9,213695,103076.0,107788.0,3250.0,3257.0,3239.8,3251.5,41594175,3576.6,2926.4,4322.95,2866.6,3252.9,249,5,3252.8,35,3,3252.7,23,2,3252.6,54,4,3252.5,116,6,3253.1,2,2,3253.2,11,7,3254.0,22,1,3254.1,19,1,3254.2,108,3
11536,2025-12-30 10:22:19+05:30,3252.9,2,3247.9,213704,102902.0,107824.0,3250.0,3257.0,3239.8,3251.5,41594175,3576.6,2926.4,4322.95,2866.6,3252.9,221,4,3252.8,54,4,3252.7,23,2,3252.6,37,3,3252.5,116,6,3253.1,5,5,3253.2,7,3,3254.0,22,1,3254.1,19,1,3254.2,108,3
11536,2025-12-30 10:22:19+05:30,3252.9,1,3247.9,213704,102902.0,107824.0,3250.0,3257.0,3239.8,3251.5,41594175,3576.6,2926.4,4322.95,2866.6,3252.9,221,4,3252.8,54,4,3252.7,23,2,3252.6,37,3,3252.5,116,6,3253.1,5,5,3253.2,7,3,3254.0,22,1,3254.1,19,1,3254.2,108,3
11536,2025-12-30 10:22:20+05:30,3253.1,1,3247.9,213715,103018.0,107508.0,3250.0,3257.0,3239.8,3251.5,41594175,3576.6,2926.4,4322.95,2866.6,3252.9,236,5,3252.8,35,3,3252.7,83,4,3252.6,95,6,3252.5,61,4,3253.1,5,5,3253.2,6,2,3254.0,22,1,3254.1,19,1,3254.2,108,3
11536,2025-12-30 10:22:20+05:30,3252.9,1,3247.9,213715,103018.0,107508.0,3250.0,3257.0,3239.8,3251.5,41594175,3576.6,2926.4,4322.95,2866.6,3252.9,236,5,3252.8,35,3,3252.7,83,4,3252.6,95,6,3252.5,61,4,3253.1,5,5,3253.2,6,2,3254.0,22,1,3254.1,19,1,3254.2,108,3
11536,2025-12-30 10:22:21+05:30,3252.9,1,3247.9,213716,103205.0,108032.0,3250.0,3257.0,3239.8,3251.5,41594175,3576.6,2926.4,4322.95,2866.6,3252.9,235,5,3252.8,35,3,3252.7,83,4,3252.6,95,6,3252.5,61,4,3253.1,5,5,3253.2,5,1,3254.0,22,1,3254.1,19,1,3254.2,108,3
11536,2025-12-30 10:22:21+05:30,3252.9,2,3247.9,213716,103205.0,108032.0,3250.0,3257.0,3239.8,3251.5,41594175,3576.6,2926.4,4322.95,2866.6,3252.9,235,5,3252.8,35,3,3252.7,83,4,3252.6,95,6,3252.5,61,4,3253.1,5,5,3253.2,5,1,3254.0,22,1,3254.1,19,1,3254.2,108,3
11536,2025-12-30 10:22:21+05:30,3252.9,2,3247.9,213719,103013.0,108033.0,3250.0,3257.0,3239.8,3251.5,41594175,3576.6,2926.4,4322.95,2866.6,3252.9,228,5,3252.8,59,4,3252.7,59,3,3252.6,95,6,3252.5,61,4,3253.1,6,6,3253.2,5,1,3254.0,22,1,3254.1,19,1,3254.2,108,3
11536,2025-12-30 10:22:22+05:30,3253.1,1,3247.9,213719,103013.0,108033.0,3250.0,3257.0,3239.8,3251.5,41594175,3576.6,2926.4,4322.95,2866.6,3252.9,228,5,3252.8,59,4,3252.7,59,3,3252.6,95,6,3252.5,61,4,3253.1,6,6,3253.2,5,1,3254.0,22,1,3254.1,19,1,3254.2,108,3
11536,2025-12-30 10:22:23+05:30,3253.2,2,3247.9,213732,103215.0,108061.0,3250.0,3257.0,3239.8,3251.5,41594175,3576.6,2926.4,4322.95,2866.6,3253.0,10,1,3252.9,226,5,3252.8,59,4,3252.7,59,3,3252.6,103,6,3253.2,3,1,3254.0,22,1,3254.1,19,1,3254.2,108,3,3254.3,285,2
11536,2025-12-30 10:22:23+05:30,3252.8,116,3247.9,213732,103215.0,108061.0,3250.0,3257.0,3239.8,3251.5,41594175,3576.6,2926.4,4322.95,2866.6,3253.0,10,1,3252.9,226,5,3252.8,59,4,3252.7,59,3,3252.6,103,6,3253.2,3,1,3254.0,22,1,3254.1,19,1,3254.2,108,3,3254.3,285,2
11536,2025-12-30 10:22:24+05:30,3252.8,116,3247.91,214148,101966.0,108242.0,3250.0,3257.0,3239.8,3251.5,41594175,3576.6,2926.4,4322.95,2866.6,3252.6,54,4,3252.5,97,5,3252.4,71,4,3252.3,111,5,3252.2,234,6,3253.0,195,3,3253.2,7,5,3253.8,23,1,3254.0,20,1,3254.2,184,5
11536,2025-12-30 10:22:25+05:30,3253.2,3,3247.92,214538,102730.0,107058.0,3250.0,3257.0,3239.8,3251.5,41594175,3576.6,2926.4,4322.95,2866.6,3253.1,1,1,3253.0,199,6,3252.9,62,3,3252.8,238,6,3252.7,189,3,3253.2,14,3,3253.7,175,1,3254.3,282,1,3254.4,20,1,3254.5,3,1
11536,2025-12-30 10:22:25+05:30,3253.2,6,3247.92,214538,102730.0,107058.0,3250.0,3257.0,3239.8,3251.5,41594175,3576.6,2926.4,4322.95,2866.6,3253.1,1,1,3253.0,199,6,3252.9,62,3,3252.8,238,6,3252.7,189,3,3253.2,14,3,3253.7,175,1,3254.3,282,1,3254.4,20,1,3254.5,3,1
11536,2025-12-30 10:22:26+05:30,3253.2,7,3247.92,214736,103649.0,105411.0,3250.0,3257.0,3239.8,3251.5,41594175,3576.6,2926.4,4322.95,2866.6,3253.2,16,1,3253.1,101,6,3253.0,47,3,3252.9,115,4,3252.8,246,14,3254.4,37,2,3254.5,350,1,3254.6,23,1,3254.7,30,1,3254.8,3,1
11536,2025-12-30 10:22:26+05:30,3253.2,7,3247.92,214736,103649.0,105411.0,3250.0,3257.0,3239.8,3251.5,41594175,3576.6,2926.4,4322.95,2866.6,3253.2,16,1,3253.1,101,6,3253.0,47,3,3252.9,115,4,3252.8,246,14,3254.4,37,2,3254.5,350,1,3254.6,23,1,3254.7,30,1,3254.8,3,1
11536,2025-12-30 10:22:27+05:30,3253.4,11,3247.93,214836,105259.0,105026.0,3250.0,3257.0,3239.8,3251.5,41594175,3576.6,2926.4,4322.95,2866.6,3253.3,36,1,3253.2,220,5,3253.1,214,8,3253.0,332,8,3252.9,176,7,3254.4,9,2,3254.7,19,1,3254.8,350,1,3254.9,3,1,3255.0,21,1
11536,2025-12-30 10:22:27+05:30,3254.4,3,3247.93,214836,105259.0,105026.0,3250.0,3257.0,3239.8,3251.5,41594175,3576.6,2926.4,4322.95,2866.6,3253.3,36,1,3253.2,220,5,3253.1,214,8,3253.0,332,8,3252.9,176,7,3254.4,9,2,3254.7,19,1,3254.8,350,1,3254.9,3,1,3255.0,21,1
11536,2025-12-30 10:22:27+05:30,3254.4,3,3247.93,214839,103871.0,103835.0,3250.0,3257.0,3239.8,3251.5,41594175,3576.6,2926.4,4322.95,2866.6,3253.3,36,1,3253.2,220,5,3253.1,214,8,3253.0,332,8,3252.9,178,7,3254.4,11,4,3254.7,19,1,3254.8,350,1,3254.9,3,1,3255.0,51,2
11536,2025-12-30 10:22:28+05:30,3253.3,19,3247.93,214839,103871.0,103835.0,3250.0,3257.0,3239.8,3251.5,41594175,3576.6,2926.4,4322.95,2866.6,3253.3,36,1,3253.2,220,5,3253.1,214,8,3253.0,332,8,3252.9,178,7,3254.4,11,4,3254.7,19,1,3254.8,350,1,3254.9,3,1,3255.0,51,2
11536,2025-12-30 10:22:28+05:30,3253.3,19,3247.93,214895,105226.0,105242.0,3250.0,3257.0,3239.8,3251.5,41594175,3576.6,2926.4,4322.95,2866.6,3253.3,115,5,3253.2,186,3,3253.1,184,7,3253.0,331,7,3252.9,178,7,3254.4,13,7,3254.7,19,1,3254.8,350,1,3254.9,3,1,3255.0,97,3
11536,2025-12-30 10:22:29+05:30,3253.3,30,3247.93,214895,105226.0,105242.0,3250.0,3257.0,3239.8,3251.5,41594175,3576.6,2926.4,4322.95,2866.6,3253.3,115,5,3253.2,186,3,3253.1,184,7,3253.0,331,7,3252.9,178,7,3254.4,13,7,3254.7,19,1,3254.8,350,1,3254.9,3,1,3255.0,97,3
11536,2025-12-30 10:22:29+05:30,3253.3,30,3247.93,214955,105213.0,105573.0,3250.0,3257.0,3239.8,3251.5,41594175,3576.6,2926.4,4322.95,2866.6,3253.3,44,4,3253.2,186,3,3253.1,184,7,3253.0,361,8,3252.9,178,7,3254.4,10,7,3254.5,350,1,3254.7,19,1,3254.9,49,2,3255.0,54,3
11536,2025-12-30 10:22:30+05:30,3254.5,216,3247.93,214955,105213.0,105573.0,3250.0,3257.0,3239.8,3251.5,41594175,3576.6,2926.4,4322.95,2866.6,3253.3,44,4,3253.2,186,3,3253.1,184,7,3253.0,361,8,3252.9,178,7,3254.4,10,7,3254.5,350,1,3254.7,19,1,3254.9,49,2,3255.0,54,3
11536,2025-12-30 10:22:31+05:30,3254.5,216,3247.94,215310,105879.0,104539.0,3250.0,3257.0,3239.8,3251.5,41594175,3576.6,2926.4,4322.95,2866.6,3253.6,68,4,3253.5,102,5,3253.4,198,4,3253.3,141,6,3253.2,281,9,3254.8,151,3,3255.0,21,1,3255.1,55,2,3255.3,35,2,3255.4,21,1
11536,2025-12-30 10:22:31+05:30,3254.5,216,3247.94,215310,105879.0,104539.0,3250.0,3257.0,3239.8,3251.5,41594175,3576.6,2926.4,4322.95,2866.6,3253.6,68,4,3253.5,102,5,3253.4,198,4,3253.3,141,6,3253.2,281,9,3254.8,151,3,3255.0,21,1,3255.1,55,2,3255.3,35,2,3255.4,21,1
11536,2025-12-30 10:22:31+05:30,3253.6,20,3247.94,215310,105879.0,104539.0,3250.0,3257.0,3239.8,3251.5,41594175,3576.6,2926.4,4322.95,2866.6,3253.6,68,4,3253.5,102,5,3253.4,198,4,3253.3,141,6,3253.2,281,9,3254.8,151,3,3255.0,21,1,3255.1,55,2,3255.3,35,2,3255.4,21,1
11536,2025-12-30 10:22:32+05:30,3253.6,20,3247.94,215331,103364.0,105173.0,3250.0,3257.0,3239.8,3251.5,41594175,3576.6,2926.4,4322.95,2866.6,3253.6,31,3,3253.5,30,2,3253.4,30,2,3253.3,36,3,3253.2,206,6,3254.0,133,1,3254.8,19,4,3255.0,42,2,3255.1,101,3,3255.2,21,1
11536,2025-12-30 10:22:32+05:30,3253.6,20,3247.94,215331,103364.0,105173.0,3250.0,3257.0,3239.8,3251.5,41594175,3576.6,2926.4,4322.95,2866.6,3253.6,31,3,3253.5,30,2,3253.4,30,2,3253.3,36,3,3253.2,206,6,3254.0,133,1,3254.8,19,4,3255.0,42,2,3255.1,101,3,3255.2,21,1
11536,2025-12-30 10:22:32+05:30,3254.0,1,3247.94,215331,103364.0,105173.0,3250.0,3257.0,3239.8,3251.5,41594175,3576.6,2926.4,4322.95,2866.6,3253.6,31,3,3253.5,30,2,3253.4,30,2,3253.3,36,3,3253.2,206,6,3254.0,133,1,3254.8,19,4,3255.0,42,2,3255.1,101,3,3255.2,21,1
11536,2025-12-30 10:22:33+05:30,3253.5,23,3247.94,215366,102376.0,105338.0,3250.0,3257.0,3239.8,3251.5,41594175,3576.6,2926.4,4322.95,2866.6,3253.4,45,3,3253.3,21,2,3253.2,33,4,3253.1,14,3,3253.0,230,6,3253.5,11,1,3254.0,149,5,3254.8,59,5,3254.9,46,1,3255.0,42,2
11536,2025-12-30 10:22:33+05:30,3253.5,23,3247.94,215366,102376.0,105338.0,3250.0,3257.0,3239.8,3251.5,41594175,3576.6,2926.4,4322.95,2866.6,3253.4,45,3,3253.3,21,2,3253.2,33,4,3253.1,14,3,3253.0,230,6,3253.5,11,1,3254.0,149,5,3254.8,59,5,3254.9,46,1,3255.0,42,2
11536,2025-12-30 10:22:33+05:30,3253.4,6,3247.94,215366,102376.0,105338.0,3250.0,3257.0,3239.8,3251.5,41594175,3576.6,2926.4,4322.95,2866.6,3253.4,45,3,3253.3,21,2,3253.2,33,4,3253.1,14,3,3253.0,230,6,3253.5,11,1,3254.0,149,5,3254.8,59,5,3254.9,46,1,3255.0,42,2
11536,2025-12-30 10:22:34+05:30,3253.5,1,3247.94,215426,100424.0,105494.0,3250.0,3257.0,3239.8,3251.5,41594175,3576.6,2926.4,4322.95,2866.6,3253.3,6,1,3253.2,49,4,3253.1,14,3,3253.0,28,3,3252.9,81,5,3253.5,14,4,3254.0,149,5,3254.6,20,1,3254.7,46,1,3254.8,55,4
11536,2025-12-30 10:22:34+05:30,3253.5,1,3247.94,215426,100424.0,105494.0,3250.0,3257.0,3239.8,3251.5,41594175,3576.6,2926.4,4322.95,2866.6,3253.3,6,1,3253.2,49,4,3253.1,14,3,3253.0,28,3,3252.9,81,5,3253.5,14,4,3254.0,149,5,3254.6,20,1,3254.7,46,1,3254.8,55,4
11536,2025-12-30 10:22:34+05:30,3253.3,3,3247.94,215426,100424.0,105494.0,3250.0,3257.0,3239.8,3251.5,41594175,3576.6,2926.4,4322.95,2866.6,3253.3,6,1,3253.2,49,4,3253.1,14,3,3253.0,28,3,3252.9,81,5,3253.5,14,4,3254.0,149,5,3254.6,20,1,3254.7,46,1,3254.8,55,4
11536,2025-12-30 10:22:35+05:30,3253.3,1,3247.94,215478,99739.0,105952.0,3250.0,3257.0,3239.8,3251.5,41594175,3576.6,2926.4,4322.95,2866.6,3253.2,48,3,3253.1,11,2,3253.0,28,3,3252.9,102,6,3252.8,62,4,3253.3,13,3,3253.5,20,6,3254.0,133,2,3254.6,20,1,3254.7,49,2
11536,2025-12-30 10:22:35+05:30,3253.3,1,3247.94,215478,99739.0,105952.0,3250.0,3257.0,3239.8,3251.5,41594175,3576.6,2926.4,4322.95,2866.6,3253.2,48,3,3253.1,11,2,3253.0,28,3,3252.9,102,6,3252.8,62,4,3253.3,13,3,3253.5,20,6,3254.0,133,2,3254.6,20,1,3254.7,49,2
11536,2025-12-30 10:22:35+05:30,3253.2,2,3247.94,215478,99739.0,105952.0,3250.0,3257.0,3239.8,3251.5,41594175,3576.6,2926.4,4322.95,2866.6,3253.2,48,3,3253.1,11,2,3253.0,28,3,3252.9,102,6,3252.8,62,4,3253.3,13,3,3253.5,20,6,3254.0,133,2,3254.6,20,1,3254.7,49,2
11536,2025-12-30 10:22:36+05:30,3253.2,2,3247.94,215478,99739.0,105952.0,3250.0,3257.0,3239.8,3251.5,41594175,3576.6,2926.4,4322.95,2866.6,3253.2,48,3,3253.1,11,2,3253.0,28,3,3252.9,102,6,3252.8,62,4,3253.3,13,3,3253.5,20,6,3254.0,133,2,3254.6,20,1,3254.7,49,2
11536,2025-12-30 10:22:36+05:30,3253.2,11,3247.94,215504,99607.0,106117.0,3250.0,3257.0,3239.8,3251.5,41594175,3576.6,2926.4,4322.95,2866.6,3253.1,45,4,3253.0,13,2,3252.9,85,5,3252.8,62,4,3252.7,42,4,3253.3,14,5,3253.5,17,4,3254.0,132,1,3254.6,20,1,3254.7,97,3
11536,2025-12-30 10:22:36+05:30,3253.1,1,3247.94,215504,99607.0,106117.0,3250.0,3257.0,3239.8,3251.5,41594175,3576.6,2926.4,4322.95,2866.6,3253.1,45,4,3253.0,13,2,3252.9,85,5,3252.8,62,4,3252.7,42,4,3253.3,14,5,3253.5,17,4,3254.0,132,1,3254.6,20,1,3254.7,97,3
11536,2025-12-30 10:22:36+05:30,3253.1,1,3247.94,215504,99607.0,106117.0,3250.0,3257.0,3239.8,3251.5,41594175,3576.6,2926.4,4322.95,2866.6,3253.1,45,4,3253.0,13,2,3252.9,85,5,3252.8,62,4,3252.7,42,4,3253.3,14,5,3253.5,17,4,3254.0,132,1,3254.6,20,1,3254.7,97,3
11536,2025-12-30 10:22:37+05:30,3253.1,6,3247.95,215561,102092.0,106140.0,3250.0,3257.0,3239.8,3251.5,41594175,3576.6,2926.4,4322.95,2866.6,3253.1,87,5,3253.0,13,2,3252.9,85,5,3252.8,87,5,3252.7,17,3,3253.3,21,8,3253.5,1,1,3254.3,61,1,3254.4,307,1,3254.5,76,2
11536,2025-12-30 10:22:37+05:30,3253.1,6,3247.95,215561,102092.0,106140.0,3250.0,3257.0,3239.8,3251.5,41594175,3576.6,2926.4,4322.95,2866.6,3253.1,87,5,3253.0,13,2,3252.9,85,5,3252.8,87,5,3252.7,17,3,3253.3,21,8,3253.5,1,1,3254.3,61,1,3254.4,307,1,3254.5,76,2
11536,2025-12-30 10:22:37+05:30,3253.1,1,3247.95,215561,102092.0,106140.0,3250.0,3257.0,3239.8,3251.5,41594175,3576.6,2926.4,4322.95,2866.6,3253.1,87,5,3253.0,13,2,3252.9,85,5,3252.8,87,5,3252.7,17,3,3253.3,21,8,3253.5,1,1,3254.3,61,1,3254.4,307,1,3254.5,76,2
11536,2025-12-30 10:22:38+05:30,3253.1,1,3247.95,215561,102092.0,106140.0,3250.0,3257.0,3239.8,3251.5,41594175,3576.6,2926.4,4322.95,2866.6,3253.1,87,5,3253.0,13,2,3252.9,85,5,3252.8,87,5,3252.7,17,3,3253.3,21,8,3253.5,1,1,3254.3,61,1,3254.4,307,1,3254.5,76,2
11536,2025-12-30 10:22:38+05:30,3253.1,3,3247.95,215577,102402.0,106429.0,3250.0,3257.0,3239.8,3251.5,41594175,3576.6,2926.4,4322.95,2866.6,3253.1,79,4,3253.0,13,2,3252.9,85,5,3252.8,57,4,3252.7,17,3,3253.3,20,7,3254.3,91,2,3254.4,374,3,3254.5,30,1,3254.6,21,2
11536,2025-12-30 10:22:38+05:30,3253.1,3,3247.95,215577,102402.0,106429.0,3250.0,3257.0,3239.8,3251.5,41594175,3576.6,2926.4,4322.95,2866.6,3253.1,79,4,3253.0,13,2,3252.9,85,5,3252.8,57,4,3252.7,17,3,3253.3,20,7,3254.3,91,2,3254.4,374,3,3254.5,30,1,3254.6,21,2
11536,2025-12-30 10:22:39+05:30,3253.1,3,3247.95,215577,102402.0,106429.0,3250.0,3257.0,3239.8,3251.5,41594175,3576.6,2926.4,4322.95,2866.6,3253.1,79,4,3253.0,13,2,3252.9,85,5,3252.8,57,4,3252.7,17,3,3253.3,20,7,3254.3,91,2,3254.4,374,3,3254.5,30,1,3254.6,21,2
11536,2025-12-30 10:22:39+05:30,3254.4,11,3247.95,215730,100714.0,105554.0,3250.0,3257.0,3239.8,3251.5,41594175,3576.6,2926.4,4322.95,2866.6,3253.1,68,3,3253.0,74,3,3252.9,89,5,3252.8,45,5,3252.7,26,4,3254.3,21,1,3254.4,296,1,3254.5,30,1,3254.6,63,2,3254.7,45,2
11536,2025-12-30 10:22:39+05:30,3254.4,11,3247.95,215730,100714.0,105554.0,3250.0,3257.0,3239.8,3251.5,41594175,3576.6,2926.4,4322.95,2866.6,3253.1,68,3,3253.0,74,3,3252.9,89,5,3252.8,45,5,3252.7,26,4,3254.3,21,1,3254.4,296,1,3254.5,30,1,3254.6,63,2,3254.7,45,2
11536,2025-12-30 10:22:39+05:30,3254.3,8,3247.95,215730,100714.0,105554.0,3250.0,3257.0,3239.8,3251.5,41594175,3576.6,2926.4,4322.95,2866.6,3253.1,68,3,3253.0,74,3,3252.9,89,5,3252.8,45,5,3252.7,26,4,3254.3,21,1,3254.4,296,1,3254.5,30,1,3254.6,63,2,3254.7,45,2
11536,2025-12-30 10:22:40+05:30,3254.3,8,3247.95,215738,100838.0,105632.0,3250.0,3257.0,3239.8,3251.5,41594175,3576.6,2926.4,4322.95,2866.6,3253.1,82,4,3253.0,74,3,3252.9,125,5,3252.8,106,6,3252.7,78,4,3254.2,48,4,3254.3,21,3,3254.4,296,1,3254.5,30,1,3254.6,63,2
11536,2025-12-30 10:22:40+05:30,3254.3,8,3247.95,215738,100838.0,105632.0,3250.0,3257.0,3239.8,3251.5,41594175,3576.6,2926.4,4322.95,2866.6,3253.1,82,4,3253.0,74,3,3252.9,125,5,3252.8,106,6,3252.7,78,4,3254.2,48,4,3254.3,21,3,3254.4,296,1,3254.5,30,1,3254.6,63,2
11536,2025-12-30 10:22:41+05:30,3254.3,8,3247.95,215738,102212.0,105234.0,3250.0,3257.0,3239.8,3251.5,41594175,3576.6,2926.4,4322.95,2866.6,3253.5,1,1,3253.2,76,3,3253.1,69,4,3253.0,88,4,3252.9,182,6,3254.2,48,4,3254.3,8,2,3254.5,30,1,3254.7,319,2,3254.8,30,1
11536,2025-12-30 10:22:41+05:30,3253.5,44,3247.95,215738,102212.0,105234.0,3250.0,3257.0,3239.8,3251.5,41594175,3576.6,2926.4,4322.95,2866.6,3253.5,1,1,3253.2,76,3,3253.1,69,4,3253.0,88,4,3252.9,182,6,3254.2,48,4,3254.3,8,2,3254.5,30,1,3254.7,319,2,3254.8,30,1
11536,2025-12-30 10:22:42+05:30,3253.5,6,3247.95,215796,103581.0,105028.0,3250.0,3257.0,3239.8,3251.5,41594175,3576.6,2926.4,4322.95,2866.6,3253.2,45,3,3253.1,51,2,3253.0,24,2,3252.9,78,4,3252.8,68,6,3253.4,3,1,3254.2,26,5,3254.6,119,4,3254.7,319,2,3254.8,51,2
11536,2025-12-30 10:22:42+05:30,3253.5,6,3247.95,215796,103581.0,105028.0,3250.0,3257.0,3239.8,3251.5,41594175,3576.6,2926.4,4322.95,2866.6,3253.2,45,3,3253.1,51,2,3253.0,24,2,3252.9,78,4,3252.8,68,6,3253.4,3,1,3254.2,26,5,3254.6,119,4,3254.7,319,2,3254.8,51,2
11536,2025-12-30 10:22:42+05:30,3253.4,1,3247.95,215796,103581.0,105028.0,3250.0,3257.0,3239.8,3251.5,41594175,3576.6,2926.4,4322.95,2866.6,3253.2,45,3,3253.1,51,2,3253.0,24,2,3252.9,78,4,3252.8,68,6,3253.4,3,1,3254.2,26,5,3254.6,119,4,3254.7,319,2,3254.8,51,2
11536,2025-12-30 10:22:43+05:30,3253.2,1,3247.95,215801,103593.0,105610.0,3250.0,3257.0,3239.8,3251.5,41594175,3576.6,2926.4,4322.95,2866.6,3253.2,25,2,3253.1,70,3,3253.0,24,2,3252.9,61,3,3252.8,114,8,3253.4,7,5,3254.2,25,4,3254.6,119,4,3254.7,319,2,3254.8,78,3
11536,2025-12-30 10:22:43+05:30,3253.1,3,3247.95,215801,103593.0,105610.0,3250.0,3257.0,3239.8,3251.5,41594175,3576.6,2926.4,4322.95,2866.6,3253.2,25,2,3253.1,70,3,3253.0,24,2,3252.9,61,3,3252.8,114,8,3253.4,7,5,3254.2,25,4,3254.6,119,4,3254.7,319,2,3254.8,78,3
11536,2025-12-30 10:22:43+05:30,3253.1,3,3247.95,215801,103593.0,105610.0,3250.0,3257.0,3239.8,3251.5,41594175,3576.6,2926.4,4322.95,2866.6,3253.2,25,2,3253.1,70,3,3253.0,24,2,3252.9,61,3,3252.8,114,8,3253.4,7,5,3254.2,25,4,3254.6,119,4,3254.7,319,2,3254.8,78,3
11536,2025-12-30 10:22:44+05:30,3253.1,7,3247.95,215814,103061.0,106996.0,3250.0,3257.0,3239.8,3251.5,41594175,3576.6,2926.4,4322.95,2866.6,3253.1,54,3,3253.0,24,2,3252.9,61,3,3252.8,84,7,3252.7,17,3,3253.2,3,2,3253.4,6,4,3254.2,21,1,3254.4,21,1,3254.5,107,2
11536,2025-12-30 10:22:44+05:30,3253.1,7,3247.95,215814,103061.0,106996.0,3250.0,3257.0,3239.8,3251.5,41594175,3576.6,2926.4,4322.95,2866.6,3253.1,54,3,3253.0,24,2,3252.9,61,3,3252.8,84,7,3252.7,17,3,3253.2,3,2,3253.4,6,4,3254.2,21,1,3254.4,21,1,3254.5,107,2
11536,2025-12-30 10:22:45+05:30,3253.1,7,3247.95,215814,103061.0,106996.0,3250.0,3257.0,3239.8,3251.5,41594175,3576.6,2926.4,4322.95,2866.6,3253.1,54,3,3253.0,24,2,3252.9,61,3,3252.8,84,7,3252.7,17,3,3253.2,3,2,3253.4,6,4,3254.2,21,1,3254.4,21,1,3254.5,107,2
11536,2025-12-30 10:22:45+05:30,3253.1,9,3247.95,215868,103198.0,106746.0,3250.0,3257.0,3239.8,3251.5,41594175,3576.6,2926.4,4322.95,2866.6,3253.1,19,2,3253.0,24,2,3252.9,82,4,3252.8,60,5,3252.7,17,3,3253.2,3,3,3253.4,1,1,3254.2,21,1,3254.4,21,1,3254.5,107,2
11536,2025-12-30 10:22:45+05:30,3253.1,9,3247.95,215868,103198.0,106746.0,3250.0,3257.0,3239.8,3251.5,41594175,3576.6,2926.4,4322.95,2866.6,3253.1,19,2,3253.0,24,2,3252.9,82,4,3252.8,60,5,3252.7,17,3,3253.2,3,3,3253.4,1,1,3254.2,21,1,3254.4,21,1,3254.5,107,2
11536,2025-12-30 10:22:46+05:30,3253.1,2,3247.95,215872,103148.0,104646.0,3250.0,3257.0,3239.8,3251.5,41594175,3576.6,2926.4,4322.95,2866.6,3253.1,30,4,3253.0,15,1,3252.9,82,4,3252.8,60,5,3252.7,17,3,3253.2,4,3,3254.2,21,1,3254.4,21,1,3254.5,107,2,3254.6,73,3
11536,2025-12-30 10:22:46+05:30,3253.1,2,3247.95,215872,103148.0,104646.0,3250.0,3257.0,3239.8,3251.5,41594175,3576.6,2926.4,4322.95,2866.6,3253.1,30,4,3253.0,15,1,3252.9,82,4,3252.8,60,5,3252.7,17,3,3253.2,4,3,3254.2,21,1,3254.4,21,1,3254.5,107,2,3254.6,73,3
11536,2025-12-30 10:22:47+05:30,3253.1,2,3247.95,215872,103148.0,104646.0,3250.0,3257.0,3239.8,3251.5,41594175,3576.6,2926.4,4322.95,2866.6,3253.1,30,4,3253.0,15,1,3252.9,82,4,3252.8,60,5,3252.7,17,3,3253.2,4,3,3254.2,21,1,3254.4,21,1,3254.5,107,2,3254.6,73,3
11536,2025-12-30 10:22:47+05:30,3253.2,1,3247.95,215872,103148.0,104646.0,3250.0,3257.0,3239.8,3251.5,41594175,3576.6,2926.4,4322.95,2866.6,3253.1,43,5,3253.0,16,2,3252.9,61,3,3252.8,56,5,3252.7,82,6,3253.2,4,4,3254.4,21,1,3254.5,55,2,3254.6,89,3,3254.7,360,4
11536,2025-12-30 10:22:47+05:30,3253.2,1,3247.95,215895,102684.0,104925.0,3250.0,3257.0,3239.8,3251.5,41594175,3576.6,2926.4,4322.95,2866.6,3253.1,43,5,3253.0,16,2,3252.9,61,3,3252.8,56,5,3252.7,82,6,3253.2,4,4,3254.4,21,1,3254.5,55,2,3254.6,89,3,3254.7,360,4
11536,2025-12-30 10:22:48+05:30,3253.2,1,3247.95,215895,102684.0,104925.0,3250.0,3257.0,3239.8,3251.5,41601525,3576.6,2926.4,4322.95,2866.6,3253.1,43,5,3253.0,16,2,3252.9,61,3,3252.8,56,5,3252.7,82,6,3253.2,4,4,3254.4,21,1,3254.5,55,2,3254.6,89,3,3254.7,360,4
11536,2025-12-30 10:22:48+05:30,3253.1,1,3247.95,215895,102684.0,104925.0,3250.0,3257.0,3239.8,3251.5,41601525,3576.6,2926.4,4322.95,2866.6,3253.1,43,5,3253.0,16,2,3252.9,61,3,3252.8,56,5,3252.7,82,6,3253.2,4,4,3254.4,21,1,3254.5,55,2,3254.6,89,3,3254.7,360,4
11536,2025-12-30 10:22:48+05:30,3253.1,1,3247.95,215896,102686.0,106186.0,3250.0,3257.0,3239.8,3251.5,41601525,3576.6,2926.4,4322.95,2866.6,3253.1,30,4,3253.0,29,3,3252.9,82,4,3252.8,35,4,3252.7,52,5,3253.2,3,3,3254.4,21,1,3254.5,162,4,3254.6,43,2,3254.7,363,5
11536,2025-12-30 10:22:49+05:30,3253.1,7,3247.95,215896,102686.0,106186.0,3250.0,3257.0,3239.8,3251.5,41601525,3576.6,2926.4,4322.95,2866.6,3253.1,21,4,3253.0,29,3,3252.9,82,4,3252.8,42,5,3252.7,52,5,3253.2,35,5,3254.4,21,1,3254.5,162,4,3254.6,43,2,3254.7,360,4
11536,2025-12-30 10:22:49+05:30,3253.1,7,3247.95,215904,102698.0,106176.0,3250.0,3257.0,3239.8,3251.5,41601525,3576.6,2926.4,4322.95,2866.6,3253.1,21,4,3253.0,29,3,3252.9,82,4,3252.8,42,5,3252.7,52,5,3253.2,35,5,3254.4,21,1,3254.5,162,4,3254.6,43,2,3254.7,360,4
11536,2025-12-30 10:22:50+05:30,3253.1,7,3247.95,215904,102698.0,106176.0,3250.0,3257.0,3239.8,3251.5,41601525,3576.6,2926.4,4322.95,2866.6,3253.1,21,4,3253.0,29,3,3252.9,82,4,3252.8,42,5,3252.7,52,5,3253.2,35,5,3254.4,21,1,3254.5,162,4,3254.6,43,2,3254.7,360,4
11536,2025-12-30 10:22:50+05:30,3253.2,1,3247.95,215904,102698.0,106176.0,3250.0,3257.0,3239.8,3251.5,41601525,3576.6,2926.4,4322.95,2866.6,3253.1,21,4,3253.0,29,3,3252.9,82,4,3252.8,42,5,3252.7,52,5,3253.2,35,5,3254.4,21,1,3254.5,162,4,3254.6,43,2,3254.7,360,4
11536,2025-12-30 10:22:50+05:30,3253.2,1,3247.96,215944,103195.0,105551.0,3250.0,3257.0,3239.8,3251.5,41601525,3576.6,2926.4,4322.95,2866.6,3253.2,14,1,3253.1,48,5,3253.0,181,3,3252.9,61,3,3252.8,200,11,3254.3,36,4,3254.4,45,2,3254.7,344,3,3254.8,31,2,3254.9,68,2
11536,2025-12-30 10:22:51+05:30,3253.2,1,3247.96,215944,103173.0,105414.0,3250.0,3257.0,3239.8,3251.5,41601525,3576.6,2926.4,4322.95,2866.6,3253.2,29,3,3253.1,30,5,3253.0,206,4,3252.9,78,4,3252.8,200,11,3254.3,36,4,3254.4,45,2,3254.7,344,3,3254.8,31,2,3254.9,22,1
11536,2025-12-30 10:22:52+05:30,3253.2,11,3247.96,215944,103173.0,105414.0,3250.0,3257.0,3239.8,3251.5,41601525,3576.6,2926.4,4322.95,2866.6,3253.2,29,3,3253.1,30,5,3253.0,206,4,3252.9,78,4,3252.8,200,11,3254.3,36,4,3254.4,45,2,3254.7,344,3,3254.8,31,2,3254.9,22,1
11536,2025-12-30 10:22:52+05:30,3253.2,11,3247.96,215955,103162.0,105510.0,3250.0,3257.0,3239.8,3251.5,41601525,3576.6,2926.4,4322.95,2866.6,3253.2,18,3,3253.1,17,4,3253.0,206,4,3252.9,78,4,3252.8,170,10,3254.3,13,2,3254.4,45,2,3254.6,21,1,3254.7,344,3,3254.8,31,2
11536,2025-12-30 10:22:53+05:30,3253.2,1,3247.96,215955,103162.0,105510.0,3250.0,3257.0,3239.8,3251.5,41601525,3576.6,2926.4,4322.95,2866.6,3253.2,18,3,3253.1,17,4,3253.0,206,4,3252.9,78,4,3252.8,170,10,3254.3,13,2,3254.4,45,2,3254.6,21,1,3254.7,344,3,3254.8,31,2
11536,2025-12-30 10:22:53+05:30,3253.2,1,3247.96,215962,102710.0,105635.0,3250.0,3257.0,3239.8,3251.5,41601525,3576.6,2926.4,4322.95,2866.6,3253.2,2,1,3253.1,17,4,3253.0,16,2,3252.9,60,2,3252.8,93,8,3254.2,46,2,3254.3,14,4,3254.4,20,1,3254.5,84,3,3254.6,61,1
11536,2025-12-30 10:22:54+05:30,3253.2,1,3247.96,215962,102857.0,105551.0,3250.0,3257.0,3239.8,3251.5,41601525,3576.6,2926.4,4322.95,2866.6,3253.2,2,1,3253.1,36,5,3253.0,16,2,3252.9,207,3,3252.8,93,8,3254.1,21,1,3254.2,71,5,3254.3,14,4,3254.4,20,1,3254.5,38,2
11536,2025-12-30 10:22:55+05:30,3254.1,1,3247.96,215962,102857.0,105551.0,3250.0,3257.0,3239.8,3251.5,41601525,3576.6,2926.4,4322.95,2866.6,3253.2,2,1,3253.1,36,5,3253.0,16,2,3252.9,207,3,3252.8,93,8,3254.1,21,1,3254.2,71,5,3254.3,14,4,3254.4,20,1,3254.5,38,2
11536,2025-12-30 10:22:55+05:30,3254.1,1,3247.96,215966,102868.0,105566.0,3250.0,3257.0,3239.8,3251.5,41601525,3576.6,2926.4,4322.95,2866.6,3253.2,2,1,3253.1,17,4,3253.0,16,2,3252.9,218,4,3252.8,93,8,3254.1,35,5,3254.2,71,5,3254.3,13,3,3254.4,20,1,3254.5,30,1
11536,2025-12-30 10:22:56+05:30,3254.0,1,3247.96,215966,102868.0,105566.0,3250.0,3257.0,3239.8,3251.5,41601525,3576.6,2926.4,4322.95,2866.6,3253.2,2,1,3253.1,17,4,3253.0,16,2,3252.9,218,4,3252.8,93,8,3254.1,35,5,3254.2,71,5,3254.3,13,3,3254.4,20,1,3254.5,30,1
11536,2025-12-30 10:22:56+05:30,3254.0,1,3247.96,215971,102906.0,105596.0,3250.0,3257.0,3239.8,3251.5,41601525,3576.6,2926.4,4322.95,2866.6,3253.2,2,1,3253.1,44,5,3253.0,19,2,3252.9,61,2,3252.8,93,8,3254.0,33,3,3254.1,54,6,3254.2,31,2,3254.4,20,1,3254.5,30,1
11536,2025-12-30 10:22:57+05:30,3253.2,1,3247.96,215971,102906.0,105596.0,3250.0,3257.0,3239.8,3251.5,41601525,3576.6,2926.4,4322.95,2866.6,3253.2,2,1,3253.1,44,5,3253.0,19,2,3252.9,61,2,3252.8,93,8,3254.0,33,3,3254.1,54,6,3254.2,31,2,3254.4,20,1,3254.5,30,1
11536,2025-12-30 10:22:57+05:30,3253.2,1,3247.96,215974,102851.0,105619.0,3250.0,3257.0,3239.8,3251.5,41601525,3576.6,2926.4,4322.95,2866.6,3253.2,1,1,3253.1,44,5,3253.0,19,2,3252.9,61,2,3252.8,93,8,3254.0,35,5,3254.1,52,4,3254.2,30,1,3254.4,20,1,3254.5,30,1
11536,2025-12-30 10:22:58+05:30,3253.2,1,3247.96,215974,102851.0,105619.0,3250.0,3257.0,3239.8,3251.5,41601525,3576.6,2926.4,4322.95,2866.6,3253.2,1,1,3253.1,44,5,3253.0,19,2,3252.9,61,2,3252.8,93,8,3254.0,35,5,3254.1,52,4,3254.2,30,1,3254.4,20,1,3254.5,30,1
11536,2025-12-30 10:22:58+05:30,3253.2,1,3247.96,215976,102879.0,105640.0,3250.0,3257.0,3239.8,3251.5,41601525,3576.6,2926.4,4322.95,2866.6,3253.2,9,1,3253.1,29,4,3253.0,1,1,3252.9,67,2,3252.8,93,8,3254.0,70,7,3254.1,37,2,3254.4,20,1,3254.5,46,2,3254.6,46,1
11536,2025-12-30 10:22:59+05:30,3253.2,1,3247.96,215976,102879.0,105640.0,3250.0,3257.0,3239.8,3251.5,41601525,3576.6,2926.4,4322.95,2866.6,3253.2,9,1,3253.1,29,4,3253.0,1,1,3252.9,67,2,3252.8,93,8,3254.0,70,7,3254.1,37,2,3254.4,20,1,3254.5,46,2,3254.6,46,1
11536,2025-12-30 10:22:59+05:30,3253.2,1,3247.96,215977,102900.0,105646.0,3250.0,3257.0,3239.8,3251.5,41601525,3576.6,2926.4,4322.95,2866.6,3253.2,8,1,3253.1,29,4,3253.0,1,1,3252.9,238,3,3252.8,93,8,3254.0,69,6,3254.1,37,2,3254.4,20,1,3254.5,46,2,3254.6,46,1
11536,2025-12-30 10:23:00+05:30,3254.1,14,3247.96,215977,102900.0,105646.0,3250.0,3257.0,3239.8,3251.5,41601525,3576.6,2926.4,4322.95,2866.6,3253.2,8,1,3253.1,29,4,3253.0,1,1,3252.9,238,3,3252.8,93,8,3254.0,69,6,3254.1,37,2,3254.4,20,1,3254.5,46,2,3254.6,46,1
11536,2025-12-30 10:23:00+05:30,3254.1,14,3247.96,216072,103097.0,105604.0,3250.0,3257.0,3239.8,3251.5,41601525,3576.6,2926.4,4322.95,2866.6,3253.2,54,4,3253.1,44,5,3253.0,79,3,3252.9,238,3,3252.8,126,10,3254.3,17,3,3254.4,65,4,3254.5,30,1,3254.7,319,2,3254.8,31,2
11536,2025-12-30 10:23:01+05:30,3254.3,2,3247.96,216072,103097.0,105604.0,3250.0,3257.0,3239.8,3251.5,41601525,3576.6,2926.4,4322.95,2866.6,3253.2,54,4,3253.1,44,5,3253.0,79,3,3252.9,238,3,3252.8,126,10,3254.3,17,3,3254.4,65,4,3254.5,30,1,3254.7,319,2,3254.8,31,2
11536,2025-12-30 10:23:01+05:30,3254.3,2,3247.96,216074,103226.0,105966.0,3250.0,3257.0,3239.8,3251.5,41601525,3576.6,2926.4,4322.95,2866.6,3253.2,54,4,3253.1,44,5,3253.0,79,3,3252.9,255,4,3252.8,126,10,3254.3,17,4,3254.4,65,4,3254.5,30,1,3254.7,319,2,3254.8,77,3
11536,2025-12-30 10:23:02+05:30,3253.2,22,3247.96,216074,103226.0,105966.0,3250.0,3257.0,3239.8,3251.5,41601525,3576.6,2926.4,4322.95,2866.6,3253.2,54,4,3253.1,44,5,3253.0,79,3,3252.9,255,4,3252.8,126,10,3254.3,17,4,3254.4,65,4,3254.5,30,1,3254.7,319,2,3254.8,77,3
11536,2025-12-30 10:23:02+05:30,3253.2,22,3247.96,216105,103871.0,105530.0,3250.0,3257.0,3239.8,3251.5,41601525,3576.6,2926.4,4322.95,2866.6,3253.2,88,6,3253.1,65,6,3253.0,81,4,3252.9,268,5,3252.8,140,11,3254.0,12,4,3254.3,2,1,3254.4,20,1,3254.7,340,3,3254.8,31,2
11536,2025-12-30 10:23:03+05:30,3253.2,11,3247.96,216105,103871.0,105530.0,3250.0,3257.0,3239.8,3251.5,41601525,3576.6,2926.4,4322.95,2866.6,3253.2,88,6,3253.1,65,6,3253.0,81,4,3252.9,268,5,3252.8,140,11,3254.0,12,4,3254.3,2,1,3254.4,20,1,3254.7,340,3,3254.8,31,2
11536,2025-12-30 10:23:03+05:30,3253.2,11,3247.96,216120,103843.0,105568.0,3250.0,3257.0,3239.8,3251.5,41601525,3576.6,2926.4,4322.95,2866.6,3253.2,55,4,3253.1,65,6,3253.0,106,5,3252.9,268,5,3252.8,140,11,3254.0,14,6,3254.4,20,1,3254.7,340,3,3254.8,77,3,3254.9,48,2
11536,2025-12-30 10:23:04+05:30,3253.2,9,3247.96,216120,103843.0,105568.0,3250.0,3257.0,3239.8,3251.5,41601525,3576.6,2926.4,4322.95,2866.6,3253.2,55,4,3253.1,65,6,3253.0,106,5,3252.9,268,5,3252.8,140,11,3254.0,14,6,3254.4,20,1,3254.7,340,3,3254.8,77,3,3254.9,48,2
11536,2025-12-30 10:23:04+05:30,3253.2,9,3247.96,216145,103818.0,105566.0,3250.0,3257.0,3239.8,3251.5,41601525,3576.6,2926.4,4322.95,2866.6,3253.2,30,4,3253.1,65,6,3253.0,106,5,3252.9,268,5,3252.8,140,11,3254.0,12,5,3254.4,20,1,3254.7,340,3,3254.8,77,3,3254.9,48,2
11536,2025-12-30 10:23:05+05:30,3253.2,2,3247.96,216145,103818.0,105566.0,3250.0,3257.0,3239.8,3251.5,41601525,3576.6,2926.4,4322.95,2866.6,3253.2,30,4,3253.1,65,6,3253.0,106,5,3252.9,268,5,3252.8,140,11,3254.0,12,5,3254.4,20,1,3254.7,340,3,3254.8,77,3,3254.9,48,2
11536,2025-12-30 10:23:06+05:30,3253.2,5,3247.96,216162,103428.0,105581.0,3250.0,3257.0,3239.8,3251.5,41601525,3576.6,2926.4,4322.95,2866.6,3253.2,5,2,3253.1,4,2,3253.0,28,3,3252.9,234,3,3252.8,118,10,3254.0,11,5,3254.2,21,1,3254.3,26,2,3254.4,20,1,3254.6,62,2
11536,2025-12-30 10:23:06+05:30,3253.2,5,3247.96,216162,103428.0,105581.0,3250.0,3257.0,3239.8,3251.5,41601525,3576.6,2926.4,4322.95,2866.6,3253.2,5,2,3253.1,4,2,3253.0,28,3,3252.9,234,3,3252.8,118,10,3254.0,11,5,3254.2,21,1,3254.3,26,2,3254.4,20,1,3254.6,62,2
11536,2025-12-30 10:23:07+05:30,3253.2,2,3247.96,216172,102847.0,105684.0,3250.0,3257.0,3239.8,3251.5,41601525,3576.6,2926.4,4322.95,2866.6,3253.2,5,2,3253.1,4,2,3253.0,28,3,3252.9,234,3,3252.8,118,10,3254.0,16,9,3254.2,21,1,3254.3,26,2,3254.4,20,1,3254.5,46,2
11536,2025-12-30 10:23:07+05:30,3253.2,2,3247.96,216172,102847.0,105684.0,3250.0,3257.0,3239.8,3251.5,41601525,3576.6,2926.4,4322.95,2866.6,3253.2,5,2,3253.1,4,2,3253.0,28,3,3252.9,234,3,3252.8,118,10,3254.0,16,9,3254.2,21,1,3254.3,26,2,3254.4,20,1,3254.5,46,2
11536,2025-12-30 10:23:08+05:30,3253.2,1,3247.96,216179,102841.0,105682.0,3250.0,3257.0,3239.8,3251.5,41601525,3576.6,2926.4,4322.95,2866.6,3253.2,9,2,3253.1,16,3,3253.0,28,3,3252.9,234,3,3252.8,130,11,3254.0,14,8,3254.2,21,1,3254.3,56,3,3254.4,20,1,3254.5,46,2
11536,2025-12-30 10:23:08+05:30,3253.2,4,3247.96,216179,102841.0,105682.0,3250.0,3257.0,3239.8,3251.5,41601525,3576.6,2926.4,4322.95,2866.6,3253.2,9,2,3253.1,16,3,3253.0,28,3,3252.9,234,3,3252.8,130,11,3254.0,14,8,3254.2,21,1,3254.3,56,3,3254.4,20,1,3254.5,46,2
11536,2025-12-30 10:23:09+05:30,3253.2,3,3247.96,216200,102819.0,105643.0,3250.0,3257.0,3239.8,3251.5,41601525,3576.6,2926.4,4322.95,2866.6,3253.2,3,2,3253.1,16,3,3253.0,49,4,3252.9,234,3,3252.8,126,11,3254.0,14,9,3254.2,21,1,3254.3,26,2,3254.4,20,1,3254.5,46,2
11536,2025-12-30 10:23:09+05:30,3254.0,6,3247.96,216200,102819.0,105643.0,3250.0,3257.0,3239.8,3251.5,41601525,3576.6,2926.4,4322.95,2866.6,3253.2,3,2,3253.1,16,3,3253.0,49,4,3252.9,234,3,3252.8,126,11,3254.0,14,9,3254.2,21,1,3254.3,26,2,3254.4,20,1,3254.5,46,2
11536,2025-12-30 10:23:10+05:30,3253.2,1,3247.96,216232,102856.0,105693.0,3250.0,3257.0,3239.8,3251.5,41601525,3576.6,2926.4,4322.95,2866.6,3253.2,10,2,3253.1,16,3,3253.0,49,4,3252.9,234,3,3252.8,126,11,3254.0,8,5,3254.2,21,1,3254.3,26,2,3254.4,20,1,3254.5,30,1
11536,2025-12-30 10:23:10+05:30,3253.3,5,3247.96,216232,102856.0,105693.0,3250.0,3257.0,3239.8,3251.5,41601525,3576.6,2926.4,4322.95,2866.6,3253.2,10,2,3253.1,16,3,3253.0,49,4,3252.9,234,3,3252.8,126,11,3254.0,8,5,3254.2,21,1,3254.3,26,2,3254.4,20,1,3254.5,30,1
11536,2025-12-30 10:23:11+05:30,3253.3,5,3247.96,216237,103246.0,105263.0,3250.0,3257.0,3239.8,3251.5,41601525,3576.6,2926.4,4322.95,2866.6,3253.3,25,1,3253.2,70,5,3253.1,61,6,3253.0,64,3,3252.9,243,3,3254.0,9,6,3254.3,31,2,3254.4,20,1,3254.5,30,1,3254.7,365,3
11536,2025-12-30 10:23:11+05:30,3253.3,2,3247.96,216237,103246.0,105263.0,3250.0,3257.0,3239.8,3251.5,41601525,3576.6,2926.4,4322.95,2866.6,3253.3,25,1,3253.2,70,5,3253.1,61,6,3253.0,64,3,3252.9,243,3,3254.0,9,6,3254.3,31,2,3254.4,20,1,3254.5,30,1,3254.7,365,3
11536,2025-12-30 10:23:12+05:30,3253.3,2,3247.96,216243,103243.0,105972.0,3250.0,3257.0,3239.8,3251.5,41601525,3576.6,2926.4,4322.95,2866.6,3253.3,22,2,3253.2,70,5,3253.1,61,6,3253.0,64,3,3252.9,243,3,3254.0,10,8,3254.3,1,1,3254.4,20,1,3254.5,30,1,3254.7,365,3
11536,2025-12-30 10:23:12+05:30,3253.3,1,3247.96,216243,103243.0,105972.0,3250.0,3257.0,3239.8,3251.5,41601525,3576.6,2926.4,4322.95,2866.6,3253.3,22,2,3253.2,70,5,3253.1,61,6,3253.0,64,3,3252.9,243,3,3254.0,10,8,3254.3,1,1,3254.4,20,1,3254.5,30,1,3254.7,365,3
11536,2025-12-30 10:23:12+05:30,3253.3,1,3247.96,216252,103305.0,105973.0,3250.0,3257.0,3239.8,3251.5,41601525,3576.6,2926.4,4322.95,2866.6,3253.3,15,2,3253.2,70,5,3253.1,45,5,3253.0,64,3,3252.9,260,4,3254.0,11,11,3254.3,1,1,3254.4,20,1,3254.5,30,1,3254.7,365,3
11536,2025-12-30 10:23:13+05:30,3253.3,1,3247.96,216252,103305.0,105973.0,3250.0,3257.0,3239.8,3251.5,41601525,3576.6,2926.4,4322.95,2866.6,3253.3,15,2,3253.2,70,5,3253.1,45,5,3253.0,64,3,3252.9,260,4,3254.0,11,11,3254.3,1,1,3254.4,20,1,3254.5,30,1,3254.7,365,3
11536,2025-12-30 10:23:14+05:30,3253.3,1,3247.96,216259,103320.0,106471.0,3250.0,3257.0,3239.8,3251.5,41601525,3576.6,2926.4,4322.95,2866.6,3253.3,53,5,3253.2,49,4,3253.1,211,6,3253.0,100,5,3252.9,63,2,3254.0,9,9,3254.3,1,1,3254.4,20,1,3254.7,319,2,3254.8,103,6
11536,2025-12-30 10:23:14+05:30,3253.3,1,3247.96,216259,103320.0,106471.0,3250.0,3257.0,3239.8,3251.5,41601525,3576.6,2926.4,4322.95,2866.6,3253.3,53,5,3253.2,49,4,3253.1,211,6,3253.0,100,5,3252.9,63,2,3254.0,9,9,3254.3,1,1,3254.4,20,1,3254.7,319,2,3254.8,103,6
11536,2025-12-30 10:23:15+05:30,3253.3,1,3247.96,216264,105179.0,105141.0,3250.0,3257.0,3239.8,3251.5,41601525,3576.6,2926.4,4322.95,2866.6,3253.3,59,6,3253.2,2055,6,3253.1,33,4,3253.0,141,7,3252.9,63,2,3254.0,17,8,3254.3,1,1,3254.7,319,2,3254.8,57,5,3254.9,40,2
11536,2025-12-30 10:23:15+05:30,3253.3,1,3247.96,216264,105179.0,105141.0,3250.0,3257.0,3239.8,3251.5,41601525,3576.6,2926.4,4322.95,2866.6,3253.3,59,6,3253.2,2055,6,3253.1,33,4,3253.0,141,7,3252.9,63,2,3254.0,17,8,3254.3,1,1,3254.7,319,2,3254.8,57,5,3254.9,40,2
11536,2025-12-30 10:23:16+05:30,3253.3,1,3247.96,216270,106398.0,106048.0,3250.0,3257.0,3239.8,3251.5,41601525,3576.6,2926.4,4322.95,2866.6,3253.3,98,5,3253.2,2248,7,3253.1,39,5,3253.0,162,8,3252.9,63,2,3254.0,25,7,3254.3,1,1,3254.7,319,2,3254.8,5,3,3254.9,70,3
11536,2025-12-30 10:23:16+05:30,3254.0,6,3247.96,216270,106398.0,106048.0,3250.0,3257.0,3239.8,3251.5,41601525,3576.6,2926.4,4322.95,2866.6,3253.3,98,5,3253.2,2248,7,3253.1,39,5,3253.0,162,8,3252.9,63,2,3254.0,25,7,3254.3,1,1,3254.7,319,2,3254.8,5,3,3254.9,70,3
11536,2025-12-30 10:23:17+05:30,3254.0,6,3247.96,216278,106451.0,105693.0,3250.0,3257.0,3239.8,3251.5,41601525,3576.6,2926.4,4322.95,2866.6,3253.3,109,6,3253.2,2248,7,3253.1,39,5,3253.0,162,8,3252.9,63,2,3254.0,19,7,3254.3,1,1,3254.7,319,2,3254.8,5,3,3254.9,70,3
11536,2025-12-30 10:23:17+05:30,3253.3,1,3247.96,216278,106451.0,105693.0,3250.0,3257.0,3239.8,3251.5,41601525,3576.6,2926.4,4322.95,2866.6,3253.3,109,6,3253.2,2248,7,3253.1,39,5,3253.0,162,8,3252.9,63,2,3254.0,19,7,3254.3,1,1,3254.7,319,2,3254.8,5,3,3254.9,70,3
11536,2025-12-30 10:23:18+05:30,3253.3,1,3247.96,216280,106852.0,105672.0,3250.0,3257.0,3239.8,3251.5,41601525,3576.6,2926.4,4322.95,2866.6,3253.3,184,8,3253.2,2368,7,3253.1,39,5,3253.0,162,8,3252.9,87,3,3254.0,31,6,3254.3,1,1,3254.7,319,2,3254.8,5,3,3254.9,70,3
11536,2025-12-30 10:23:18+05:30,3253.3,3,3247.96,216280,106852.0,105672.0,3250.0,3257.0,3239.8,3251.5,41601525,3576.6,2926.4,4322.95,2866.6,3253.3,184,8,3253.2,2368,7,3253.1,39,5,3253.0,162,8,3252.9,87,3,3254.0,31,6,3254.3,1,1,3254.7,319,2,3254.8,5,3,3254.9,70,3
11536,2025-12-30 10:23:19+05:30,3253.3,3,3247.96,216285,106862.0,105672.0,3250.0,3257.0,3239.8,3251.5,41601525,3576.6,2926.4,4322.95,2866.6,3253.3,182,9,3253.2,2380,8,3253.1,39,5,3253.0,162,8,3252.9,87,3,3254.0,31,7,3254.3,1,1,3254.7,319,2,3254.8,5,3,3254.9,70,3
11536,2025-12-30 10:23:20+05:30,3253.3,2,3247.96,216288,106859.0,105679.0,3250.0,3257.0,3239.8,3251.5,41601525,3576.6,2926.4,4322.95,2866.6,3253.3,179,9,3253.2,2380,8,3253.1,39,5,3253.0,162,8,3252.9,87,3,3254.0,30,6,3254.3,1,1,3254.7,319,2,3254.8,5,3,3254.9,70,3
11536,2025-12-30 10:23:20+05:30,3253.3,1,3247.96,216288,106859.0,105679.0,3250.0,3257.0,3239.8,3251.5,41601525,3576.6,2926.4,4322.95,2866.6,3253.3,179,9,3253.2,2380,8,3253.1,39,5,3253.0,162,8,3252.9,87,3,3254.0,30,6,3254.3,1,1,3254.7,319,2,3254.8,5,3,3254.9,70,3
11536,2025-12-30 10:23:21+05:30,3253.3,1,3247.96,216291,106897.0,106046.0,3250.0,3257.0,3239.8,3251.5,41601525,3576.6,2926.4,4322.95,2866.6,3253.3,191,9,3253.2,2380,8,3253.1,42,6,3253.0,162,8,3252.9,110,4,3254.0,30,6,3254.3,1,1,3254.7,319,2,3254.8,5,3,3255.0,41,3
11536,2025-12-30 10:23:21+05:30,3253.3,1,3247.96,216291,106897.0,106046.0,3250.0,3257.0,3239.8,3251.5,41601525,3576.6,2926.4,4322.95,2866.6,3253.3,191,9,3253.2,2380,8,3253.1,42,6,3253.0,162,8,3252.9,110,4,3254.0,30,6,3254.3,1,1,3254.7,319,2,3254.8,5,3,3255.0,41,3
11536,2025-12-30 10:23:22+05:30,3253.3,1,3247.96,216294,106995.0,106038.0,3250.0,3257.0,3239.8,3251.5,41601525,3576.6,2926.4,4322.95,2866.6,3253.3,189,9,3253.2,2380,8,3253.1,42,6,3253.0,162,8,3252.9,110,4,3254.0,29,6,3254.3,1,1,3254.7,319,2,3254.8,5,3,3255.0,41,3
11536,2025-12-30 10:23:22+05:30,3254.0,2,3247.96,216294,106995.0,106038.0,3250.0,3257.0,3239.8,3251.5,41601525,3576.6,2926.4,4322.95,2866.6,3253.3,189,9,3253.2,2380,8,3253.1,42,6,3253.0,162,8,3252.9,110,4,3254.0,29,6,3254.3,1,1,3254.7,319,2,3254.8,5,3,3255.0,41,3
11536,2025-12-30 10:23:23+05:30,3254.0,2,3247.96,216296,106995.0,106045.0,3250.0,3257.0,3239.8,3251.5,41601525,3576.6,2926.4,4322.95,2866.6,3253.3,189,9,3253.2,2380,8,3253.1,42,6,3253.0,162,8,3252.9,110,4,3254.0,28,6,3254.3,1,1,3254.7,319,2,3254.8,5,3,3255.0,41,3
11536,2025-12-30 10:23:23+05:30,3254.7,38,3247.96,216296,106995.0,106045.0,3250.0,3257.0,3239.8,3251.5,41601525,3576.6,2926.4,4322.95,2866.6,3253.3,189,9,3253.2,2380,8,3253.1,42,6,3253.0,162,8,3252.9,110,4,3254.0,28,6,3254.3,1,1,3254.7,319,2,3254.8,5,3,3255.0,41,3
11536,2025-12-30 10:23:24+05:30,3254.7,38,3247.97,216457,107087.0,105382.0,3250.0,3257.0,3239.8,3251.5,41601525,3576.6,2926.4,4322.95,2866.6,3253.4,195,4,3253.3,270,10,3253.2,2437,11,3253.1,95,9,3253.0,335,12,3254.7,292,6,3254.8,2,2,3255.0,19,1,3255.1,57,2,3255.2,38,2
11536,2025-12-30 10:23:24+05:30,3254.7,1,3247.97,216457,107087.0,105382.0,3250.0,3257.0,3239.8,3251.5,41601525,3576.6,2926.4,4322.95,2866.6,3253.4,195,4,3253.3,270,10,3253.2,2437,11,3253.1,95,9,3253.0,335,12,3254.7,292,6,3254.8,2,2,3255.0,19,1,3255.1,57,2,3255.2,38,2
11536,2025-12-30 10:23:25+05:30,3254.7,1,3247.97,216459,105914.0,105648.0,3250.0,3257.0,3239.8,3251.5,41601525,3576.6,2926.4,4322.95,2866.6,3253.4,380,11,3253.3,289,10,3253.2,2491,13,3253.1,95,9,3253.0,491,13,3254.7,39,5,3254.8,2,2,3254.9,17,1,3255.0,43,2,3255.1,49,2
11536,2025-12-30 10:23:25+05:30,3254.7,1,3247.97,216459,105914.0,105648.0,3250.0,3257.0,3239.8,3251.5,41601525,3576.6,2926.4,4322.95,2866.6,3253.4,380,11,3253.3,289,10,3253.2,2491,13,3253.1,95,9,3253.0,491,13,3254.7,39,5,3254.8,2,2,3254.9,17,1,3255.0,43,2,3255.1,49,2
11536,2025-12-30 10:23:26+05:30,3253.5,1,3247.97,216508,105909.0,105681.0,3250.0,3257.0,3239.8,3251.5,41601525,3576.6,2926.4,4322.95,2866.6,3253.5,93,5,3253.4,153,6,3253.3,289,10,3253.2,2491,13,3253.1,122,10,3254.7,35,5,3254.8,2,2,3254.9,17,1,3255.0,43,2,3255.1,79,3
11536,2025-12-30 10:23:26+05:30,3253.5,1,3247.97,216508,105909.0,105681.0,3250.0,3257.0,3239.8,3251.5,41601525,3576.6,2926.4,4322.95,2866.6,3253.5,93,5,3253.4,153,6,3253.3,289,10,3253.2,2491,13,3253.1,122,10,3254.7,35,5,3254.8,2,2,3254.9,17,1,3255.0,43,2,3255.1,79,3
11536,2025-12-30 10:23:27+05:30,3253.5,1,3247.97,216533,106016.0,105702.0,3250.0,3257.0,3239.8,3251.5,41601525,3576.6,2926.4,4322.95,2866.6,3253.5,115,5,3253.4,153,6,3253.3,289,10,3253.2,2491,13,3253.1,122,10,3254.7,34,5,3254.8,2,2,3254.9,17,1,3255.0,43,2,3255.1,79,3
11536,2025-12-30 10:23:27+05:30,3254.7,1,3247.97,216533,106016.0,105702.0,3250.0,3257.0,3239.8,3251.5,41601525,3576.6,2926.4,4322.95,2866.6,3253.5,115,5,3253.4,153,6,3253.3,289,10,3253.2,2491,13,3253.1,122,10,3254.7,34,5,3254.8,2,2,3254.9,17,1,3255.0,43,2,3255.1,79,3
11536,2025-12-30 10:23:29+05:30,3254.8,1,3247.97,216533,106016.0,105702.0,3250.0,3257.0,3239.8,3251.5,41601525,3576.6,2926.4,4322.95,2866.6,3253.5,115,5,3253.4,153,6,3253.3,289,10,3253.2,2491,13,3253.1,122,10,3254.7,34,5,3254.8,2,2,3254.9,17,1,3255.0,43,2,3255.1,79,3
11536,2025-12-30 10:23:30+05:30,3254.8,1,3248.0,217373,107409.0,104472.0,3250.0,3257.0,3239.8,3251.5,41601525,3576.6,2926.4,4322.95,2866.6,3254.7,1,1,3254.0,1,1,3253.9,52,2,3253.8,99,3,3253.7,140,4,3254.8,23,4,3255.2,24,1,3255.3,75,4,3255.4,33,2,3255.5,52,2
11536,2025-12-30 10:23:32+05:30,3253.7,3,3248.0,217373,107409.0,104472.0,3250.0,3257.0,3239.8,3251.5,41601525,3576.6,2926.4,4322.95,2866.6,3254.7,1,1,3254.0,1,1,3253.9,52,2,3253.8,99,3,3253.7,140,4,3254.8,23,4,3255.2,24,1,3255.3,75,4,3255.4,33,2,3255.5,52,2
11536,2025-12-30 10:23:34+05:30,3253.6,2,3248.01,217795,107236.0,105116.0,3250.0,3257.0,3239.8,3251.5,41601525,3576.6,2926.4,4322.95,2866.6,3253.6,31,4,3253.5,30,2,3253.4,68,4,3253.3,90,5,3253.2,2094,9,3253.7,4,3,3253.9,1,1,3254.9,32,1,3255.0,84,3,3255.1,350,1
11536,2025-12-30 10:23:35+05:30,3253.7,3,3248.01,217795,107236.0,105116.0,3250.0,3257.0,3239.8,3251.5,41601525,3576.6,2926.4,4322.95,2866.6,3253.6,31,4,3253.5,30,2,3253.4,68,4,3253.3,90,5,3253.2,2094,9,3253.7,4,3,3253.9,1,1,3254.9,32,1,3255.0,84,3,3255.1,350,1
11536,2025-12-30 10:23:39+05:30,3253.6,5,3248.02,218138,106668.0,102595.0,3250.0,3257.0,3239.8,3251.5,41601525,3576.6,2926.4,4322.95,2866.6,3253.5,12,1,3253.4,64,4,3253.3,33,4,3253.2,2050,6,3253.1,36,7,3253.6,7,3,3254.4,289,1,3254.6,28,1,3254.7,34,1,3254.8,89,6
11536,2025-12-30 10:23:39+05:30,3253.5,34,3248.02,218138,106668.0,102595.0,3250.0,3257.0,3239.8,3251.5,41601525,3576.6,2926.4,4322.95,2866.6,3253.5,12,1,3253.4,64,4,3253.3,33,4,3253.2,2050,6,3253.1,36,7,3253.6,7,3,3254.4,289,1,3254.6,28,1,3254.7,34,1,3254.8,89,6
11536,2025-12-30 10:23:41+05:30,3253.6,35,3248.02,218138,106668.0,102595.0,3250.0,3257.0,3239.8,3251.5,41601525,3576.6,2926.4,4322.95,2866.6,3253.5,12,1,3253.4,64,4,3253.3,33,4,3253.2,2050,6,3253.1,36,7,3253.6,7,3,3254.4,289,1,3254.6,28,1,3254.7,34,1,3254.8,89,6
11536,2025-12-30 10:23:44+05:30,3254.0,70,3248.04,218681,106687.0,105554.0,3250.0,3257.0,3239.8,3251.5,41601525,3576.6,2926.4,4322.95,2866.6,3254.0,70,1,3253.5,14,2,3253.4,13,2,3253.3,47,3,3253.2,2118,8,3254.4,91,6,3254.7,41,2,3254.8,5,1,3254.9,87,4,3255.0,16,1
11536,2025-12-30 10:23:45+05:30,3254.4,1,3248.04,218681,106687.0,105554.0,3250.0,3257.0,3239.8,3251.5,41601525,3576.6,2926.4,4322.95,2866.6,3254.0,70,1,3253.5,14,2,3253.4,13,2,3253.3,47,3,3253.2,2118,8,3254.4,91,6,3254.7,41,2,3254.8,5,1,3254.9,87,4,3255.0,16,1
11536,2025-12-30 10:23:48+05:30,3254.0,4,3248.04,218681,106687.0,105554.0,3250.0,3257.0,3239.8,3251.5,41601525,3576.6,2926.4,4322.95,2866.6,3254.0,70,1,3253.5,14,2,3253.4,13,2,3253.3,47,3,3253.2,2118,8,3254.4,91,6,3254.7,41,2,3254.8,5,1,3254.9,87,4,3255.0,16,1
11536,2025-12-30 10:23:49+05:30,3254.0,31,3248.05,219092,106457.0,105506.0,3250.0,3257.0,3239.8,3251.5,41601525,3576.6,2926.4,4322.95,2866.6,3254.0,22,1,3253.6,15,1,3253.5,33,3,3253.4,58,4,3253.3,47,3,3254.4,44,6,3254.6,32,1,3254.8,65,2,3254.9,55,2,3255.0,17,1
11536,2025-12-30 10:23:50+05:30,3254.0,38,3248.05,219092,106457.0,105506.0,3250.0,3257.0,3239.8,3251.5,41601525,3576.6,2926.4,4322.95,2866.6,3254.0,22,1,3253.6,15,1,3253.5,33,3,3253.4,58,4,3253.3,47,3,3254.4,44,6,3254.6,32,1,3254.8,65,2,3254.9,55,2,3255.0,17,1
11536,2025-12-30 10:23:53+05:30,3253.5,7,3248.05,219092,106457.0,105506.0,3250.0,3257.0,3239.8,3251.5,41601525,3576.6,2926.4,4322.95,2866.6,3254.0,22,1,3253.6,15,1,3253.5,33,3,3253.4,58,4,3253.3,47,3,3254.4,44,6,3254.6,32,1,3254.8,65,2,3254.9,55,2,3255.0,17,1
11536,2025-12-30 10:23:54+05:30,3253.6,1,3248.05,219326,105339.0,105958.0,3250.0,3257.0,3239.8,3251.5,41601525,3576.6,2926.4,4322.95,2866.6,3253.4,3,1,3253.3,39,4,3253.2,2049,5,3253.1,56,7,3253.0,47,5,3253.6,7,6,3254.0,43,1,3254.6,35,1,3254.7,2,1,3254.8,87,4
11536,2025-12-30 10:23:57+05:30,3253.4,2,3248.05,219326,105339.0,105958.0,3250.0,3257.0,3239.8,3251.5,41601525,3576.6,2926.4,4322.95,2866.6,3253.4,3,1,3253.3,39,4,3253.2,2049,5,3253.1,56,7,3253.0,47,5,3253.6,7,6,3254.0,43,1,3254.6,35,1,3254.7,2,1,3254.8,87,4
11536,2025-12-30 10:23:59+05:30,3254.0,32,3248.05,219326,105339.0,105958.0,3250.0,3257.0,3239.8,3251.5,41601525,3576.6,2926.4,4322.95,2866.6,3253.4,3,1,3253.3,39,4,3253.2,2049,5,3253.1,56,7,3253.0,47,5,3253.6,7,6,3254.0,43,1,3254.6,35,1,3254.7,2,1,3254.8,87,4
11536,2025-12-30 10:24:00+05:30,3254.0,32,3248.05,219417,105076.0,105050.0,3250.0,3257.0,3239.8,3251.5,41601525,3576.6,2926.4,4322.95,2866.6,3253.4,9,1,3253.3,4,2,3253.2,2331,6,3253.1,18,4,3253.0,44,5,3254.4,85,6,3254.5,43,1,3254.8,83,4,3254.9,67,3,3255.0,28,2
11536,2025-12-30 10:24:03+05:30,3254.4,1,3248.05,219417,105076.0,105050.0,3250.0,3257.0,3239.8,3251.5,41601525,3576.6,2926.4,4322.95,2866.6,3253.4,9,1,3253.3,4,2,3253.2,2331,6,3253.1,18,4,3253.0,44,5,3254.4,85,6,3254.5,43,1,3254.8,83,4,3254.9,67,3,3255.0,28,2
11536,2025-12-30 10:24:04+05:30,3253.4,4,3248.07,219845,106909.0,106270.0,3250.0,3257.0,3239.8,3251.5,41601525,3576.6,2926.4,4322.95,2866.6,3253.4,60,3,3253.3,46,5,3253.2,2358,6,3253.1,58,6,3253.0,64,6,3254.0,28,5,3254.4,17,4,3254.5,39,1,3254.6,48,1,3254.8,23,1
11536,2025-12-30 10:24:06+05:30,3253.4,2,3248.07,219845,106909.0,106270.0,3250.0,3257.0,3239.8,3251.5,41601525,3576.6,2926.4,4322.95,2866.6,3253.4,60,3,3253.3,46,5,3253.2,2358,6,3253.1,58,6,3253.0,64,6,3254.0,28,5,3254.4,17,4,3254.5,39,1,3254.6,48,1,3254.8,23,1
11536,2025-12-30 10:24:08+05:30,3253.4,2,3248.07,219845,106909.0,106270.0,3250.0,3257.0,3239.8,3251.5,41601525,3576.6,2926.4,4322.95,2866.6,3253.4,60,3,3253.3,46,5,3253.2,2358,6,3253.1,58,6,3253.0,64,6,3254.0,28,5,3254.4,17,4,3254.5,39,1,3254.6,48,1,3254.8,23,1
11536,2025-12-30 10:24:09+05:30,3253.4,4,3248.07,219926,103840.0,104863.0,3250.0,3257.0,3239.8,3251.5,41601525,3576.6,2926.4,4322.95,2866.6,3253.4,72,4,3253.3,19,4,3253.2,2340,6,3253.1,131,9,3253.0,92,7,3254.0,39,8,3254.5,39,1,3254.6,48,1,3254.8,23,1,3254.9,30,1
11536,2025-12-30 10:24:12+05:30,3254.0,2,3248.07,219926,103840.0,104863.0,3250.0,3257.0,3239.8,3251.5,41601525,3576.6,2926.4,4322.95,2866.6,3253.4,72,4,3253.3,19,4,3253.2,2340,6,3253.1,131,9,3253.0,92,7,3254.0,39,8,3254.5,39,1,3254.6,48,1,3254.8,23,1,3254.9,30,1
11536,2025-12-30 10:24:14+05:30,3253.4,1,3248.07,219964,107043.0,105072.0,3250.0,3257.0,3239.8,3251.5,41601525,3576.6,2926.4,4322.95,2866.6,3253.4,92,8,3253.3,59,6,3253.2,2379,7,3253.1,86,7,3253.0,92,7,3254.0,29,7,3254.5,39,1,3254.6,48,1,3254.8,23,1,3254.9,30,1
11536,2025-12-30 10:24:15+05:30,3253.4,1,3248.07,219964,107043.0,105072.0,3250.0,3257.0,3239.8,3251.5,41601525,3576.6,2926.4,4322.95,2866.6,3253.4,92,8,3253.3,59,6,3253.2,2379,7,3253.1,86,7,3253.0,92,7,3254.0,29,7,3254.5,39,1,3254.6,48,1,3254.8,23,1,3254.9,30,1
11536,2025-12-30 10:24:17+05:30,3253.4,2,3248.07,219964,107043.0,105072.0,3250.0,3257.0,3239.8,3251.5,41601525,3576.6,2926.4,4322.95,2866.6,3253.4,92,8,3253.3,59,6,3253.2,2379,7,3253.1,86,7,3253.0,92,7,3254.0,29,7,3254.5,39,1,3254.6,48,1,3254.8,23,1,3254.9,30,1
11536,2025-12-30 10:24:19+05:30,3253.4,1,3248.07,219996,107208.0,105717.0,3250.0,3257.0,3239.8,3251.5,41601525,3576.6,2926.4,4322.95,2866.6,3253.4,216,13,3253.3,42,4,3253.2,2692,10,3253.1,38,6,3253.0,92,7,3254.0,17,6,3254.5,39,1,3254.6,48,1,3254.8,23,1,3254.9,30,1
11536,2025-12-30 10:24:21+05:30,3253.4,9,3248.07,219996,107208.0,105717.0,3250.0,3257.0,3239.8,3251.5,41601525,3576.6,2926.4,4322.95,2866.6,3253.4,216,13,3253.3,42,4,3253.2,2692,10,3253.1,38,6,3253.0,92,7,3254.0,17,6,3254.5,39,1,3254.6,48,1,3254.8,23,1,3254.9,30,1
11536,2025-12-30 10:24:23+05:30,3253.4,1,3248.07,220081,107402.0,105816.0,3250.0,3257.0,3239.8,3251.5,41601525,3576.6,2926.4,4322.95,2866.6,3253.4,200,13,3253.3,145,6,3253.2,2636,10,3253.1,38,6,3253.0,92,7,3254.0,8,8,3254.6,48,1,3254.8,68,2,3254.9,30,1,3255.0,37,3
11536,2025-12-30 10:24:23+05:30,3253.4,1,3248.07,220081,107402.0,105816.0,3250.0,3257.0,3239.8,3251.5,41601525,3576.6,2926.4,4322.95,2866.6,3253.4,200,13,3253.3,145,6,3253.2,2636,10,3253.1,38,6,3253.0,92,7,3254.0,8,8,3254.6,48,1,3254.8,68,2,3254.9,30,1,3255.0,37,3
11536,2025-12-30 10:24:27+05:30,3253.4,2,3248.07,220081,107402.0,105816.0,3250.0,3257.0,3239.8,3251.5,41601525,3576.6,2926.4,4322.95,2866.6,3253.4,200,13,3253.3,145,6,3253.2,2636,10,3253.1,38,6,3253.0,92,7,3254.0,8,8,3254.6,48,1,3254.8,68,2,3254.9,30,1,3255.0,37,3
11536,2025-12-30 10:24:28+05:30,3254.0,1,3248.07,220111,107455.0,105893.0,3250.0,3257.0,3239.8,3251.5,41601525,3576.6,2926.4,4322.95,2866.6,3253.4,164,11,3253.3,145,6,3253.2,2606,9,3253.1,38,6,3253.0,90,6,3254.0,48,6,3254.6,48,1,3254.8,68,2,3254.9,30,1,3255.0,37,3
11536,2025-12-30 10:24:28+05:30,3253.4,1,3248.07,220111,107455.0,105893.0,3250.0,3257.0,3239.8,3251.5,41601525,3576.6,2926.4,4322.95,2866.6,3253.4,164,11,3253.3,145,6,3253.2,2606,9,3253.1,38,6,3253.0,90,6,3254.0,48,6,3254.6,48,1,3254.8,68,2,3254.9,30,1,3255.0,37,3
11536,2025-12-30 10:24:29+05:30,3254.0,5,3248.07,220119,107434.0,105845.0,3250.0,3257.0,3239.8,3251.5,41601525,3576.6,2926.4,4322.95,2866.6,3253.4,161,11,3253.3,100,5,3253.2,2606,9,3253.1,38,6,3253.0,135,7,3254.0,43,8,3254.6,48,1,3254.8,68,2,3254.9,30,1,3255.0,37,3
11536,2025-12-30 10:24:29+05:30,3253.4,1,3248.07,220119,107434.0,105845.0,3250.0,3257.0,3239.8,3251.5,41601525,3576.6,2926.4,4322.95,2866.6,3253.4,161,11,3253.3,100,5,3253.2,2606,9,3253.1,38,6,3253.0,135,7,3254.0,43,8,3254.6,48,1,3254.8,68,2,3254.9,30,1,3255.0,37,3
11536,2025-12-30 10:24:30+05:30,3253.4,1,3248.07,220121,107432.0,105843.0,3250.0,3257.0,3239.8,3251.5,41601525,3576.6,2926.4,4322.95,2866.6,3253.4,159,11,3253.3,100,5,3253.2,2606,9,3253.1,38,6,3253.0,136,8,3254.0,41,6,3254.6,48,1,3254.8,68,2,3254.9,30,1,3255.0,37,3
11536,2025-12-30 10:24:30+05:30,3253.4,1,3248.07,220121,107432.0,105843.0,3250.0,3257.0,3239.8,3251.5,41601525,3576.6,2926.4,4322.95,2866.6,3253.4,159,11,3253.3,100,5,3253.2,2606,9,3253.1,38,6,3253.0,136,8,3254.0,41,6,3254.6,48,1,3254.8,68,2,3254.9,30,1,3255.0,37,3
11536,2025-12-30 10:24:31+05:30,3253.4,1,3248.07,220129,107481.0,105840.0,3250.0,3257.0,3239.8,3251.5,41601525,3576.6,2926.4,4322.95,2866.6,3253.4,152,11,3253.3,100,5,3253.2,2606,9,3253.1,85,7,3253.0,91,7,3254.0,38,6,3254.6,48,1,3254.8,68,2,3254.9,30,1,3255.0,37,3
11536,2025-12-30 10:24:31+05:30,3254.0,2,3248.07,220129,107481.0,105840.0,3250.0,3257.0,3239.8,3251.5,41601525,3576.6,2926.4,4322.95,2866.6,3253.4,152,11,3253.3,100,5,3253.2,2606,9,3253.1,85,7,3253.0,91,7,3254.0,38,6,3254.6,48,1,3254.8,68,2,3254.9,30,1,3255.0,37,3
11536,2025-12-30 10:24:32+05:30,3253.4,1,3248.07,220132,107344.0,105708.0,3250.0,3257.0,3239.8,3251.5,41601525,3576.6,2926.4,4322.95,2866.6,3253.4,142,11,3253.3,71,4,3253.2,2606,9,3253.1,85,7,3253.0,91,7,3254.0,37,7,3254.6,48,1,3254.8,68,2,3254.9,30,1,3255.0,37,3
11536,2025-12-30 10:24:32+05:30,3253.4,1,3248.07,220132,107344.0,105708.0,3250.0,3257.0,3239.8,3251.5,41601525,3576.6,2926.4,4322.95,2866.6,3253.4,142,11,3253.3,71,4,3253.2,2606,9,3253.1,85,7,3253.0,91,7,3254.0,37,7,3254.6,48,1,3254.8,68,2,3254.9,30,1,3255.0,37,3
11536,2025-12-30 10:24:33+05:30,3253.4,1,3248.07,220136,107389.0,105695.0,3250.0,3257.0,3239.8,3251.5,41601525,3576.6,2926.4,4322.95,2866.6,3253.4,158,11,3253.3,103,5,3253.2,2606,9,3253.1,85,7,3253.0,91,7,3254.0,34,6,3254.6,48,1,3254.8,68,2,3254.9,30,1,3255.0,37,3
11536,2025-12-30 10:24:33+05:30,3253.4,1,3248.07,220136,107389.0,105695.0,3250.0,3257.0,3239.8,3251.5,41601525,3576.6,2926.4,4322.95,2866.6,3253.4,158,11,3253.3,103,5,3253.2,2606,9,3253.1,85,7,3253.0,91,7,3254.0,34,6,3254.6,48,1,3254.8,68,2,3254.9,30,1,3255.0,37,3
11536,2025-12-30 10:24:34+05:30,3254.0,1,3248.07,220139,107386.0,105713.0,3250.0,3257.0,3239.8,3251.5,41601525,3576.6,2926.4,4322.95,2866.6,3253.4,155,10,3253.3,103,5,3253.2,2653,10,3253.1,38,6,3253.0,91,7,3254.0,33,6,3254.6,48,1,3254.8,68,2,3254.9,30,1,3255.0,37,3
11536,2025-12-30 10:24:34+05:30,3253.4,3,3248.07,220139,107386.0,105713.0,3250.0,3257.0,3239.8,3251.5,41601525,3576.6,2926.4,4322.95,2866.6,3253.4,155,10,3253.3,103,5,3253.2,2653,10,3253.1,38,6,3253.0,91,7,3254.0,33,6,3254.6,48,1,3254.8,68,2,3254.9,30,1,3255.0,37,3
11536,2025-12-30 10:24:35+05:30,3254.0,1,3248.07,220147,107379.0,105712.0,3250.0,3257.0,3239.8,3251.5,41601525,3576.6,2926.4,4322.95,2866.6,3253.4,148,9,3253.3,103,5,3253.2,2683,11,3253.1,38,6,3253.0,91,7,3254.0,32,6,3254.6,48,1,3254.8,68,2,3254.9,30,1,3255.0,37,3
11536,2025-12-30 10:24:35+05:30,3253.4,1,3248.07,220147,107379.0,105712.0,3250.0,3257.0,3239.8,3251.5,41601525,3576.6,2926.4,4322.95,2866.6,3253.4,148,9,3253.3,103,5,3253.2,2683,11,3253.1,38,6,3253.0,91,7,3254.0,32,6,3254.6,48,1,3254.8,68,2,3254.9,30,1,3255.0,37,3
11536,2025-12-30 10:24:36+05:30,3253.4,1,3248.07,220148,107378.0,105719.0,3250.0,3257.0,3239.8,3251.5,41601525,3576.6,2926.4,4322.95,2866.6,3253.4,147,9,3253.3,103,5,3253.2,2653,10,3253.1,38,6,3253.0,91,7,3254.0,32,6,3254.6,48,1,3254.8,68,2,3254.9,30,1,3255.0,37,3
11536,2025-12-30 10:24:36+05:30,3254.0,1,3248.07,220148,107378.0,105719.0,3250.0,3257.0,3239.8,3251.5,41601525,3576.6,2926.4,4322.95,2866.6,3253.4,147,9,3253.3,103,5,3253.2,2653,10,3253.1,38,6,3253.0,91,7,3254.0,32,6,3254.6,48,1,3254.8,68,2,3254.9,30,1,3255.0,37,3
11536,2025-12-30 10:24:37+05:30,3255.6,1,3248.08,220184,109336.0,102944.0,3250.0,3257.0,3239.8,3251.5,41601525,3576.6,2926.4,4322.95,2866.6,3254.3,42,3,3254.2,10,2,3254.1,97,5,3254.0,160,5,3253.9,97,4,3255.6,9,3,3255.7,12,1,3255.8,32,3,3255.9,176,7,3256.0,267,8
11536,2025-12-30 10:24:37+05:30,3255.6,1,3248.08,220184,109336.0,102944.0,3250.0,3257.0,3239.8,3251.5,41601525,3576.6,2926.4,4322.95,2866.6,3254.3,42,3,3254.2,10,2,3254.1,97,5,3254.0,160,5,3253.9,97,4,3255.6,9,3,3255.7,12,1,3255.8,32,3,3255.9,176,7,3256.0,267,8
11536,2025-12-30 10:24:38+05:30,3255.6,1,3248.08,220184,107504.0,102793.0,3250.0,3257.0,3239.8,3251.5,41601525,3576.6,2926.4,4322.95,2866.6,3254.3,56,6,3254.2,139,4,3254.1,76,7,3254.0,184,7,3253.9,86,5,3255.6,33,3,3255.7,24,1,3255.8,1,1,3255.9,137,5,3256.0,270,9
11536,2025-12-30 10:24:38+05:30,3254.3,3,3248.08,220184,107504.0,102793.0,3250.0,3257.0,3239.8,3251.5,41601525,3576.6,2926.4,4322.95,2866.6,3254.3,56,6,3254.2,139,4,3254.1,76,7,3254.0,184,7,3253.9,86,5,3255.6,33,3,3255.7,24,1,3255.8,1,1,3255.9,137,5,3256.0,270,9
11536,2025-12-30 10:24:39+05:30,3254.3,3,3248.08,220194,107398.0,103044.0,3250.0,3257.0,3239.8,3251.5,41601525,3576.6,2926.4,4322.95,2866.6,3254.3,101,5,3254.2,58,1,3254.1,70,6,3254.0,44,3,3253.9,127,6,3255.5,47,1,3255.6,68,6,3255.7,58,1,3255.8,47,2,3255.9,103,5
11536,2025-12-30 10:24:40+05:30,3254.4,5,3248.08,220201,107385.0,103151.0,3250.0,3257.0,3239.8,3251.5,41601525,3576.6,2926.4,4322.95,2866.6,3254.4,31,1,3254.3,109,6,3254.2,71,2,3254.1,68,4,3254.0,99,5,3255.5,46,2,3255.6,2,2,3255.7,88,2,3255.8,47,2,3255.9,103,5
11536,2025-12-30 10:24:40+05:30,3255.5,1,3248.08,220201,107385.0,103151.0,3250.0,3257.0,3239.8,3251.5,41601525,3576.6,2926.4,4322.95,2866.6,3254.4,31,1,3254.3,109,6,3254.2,71,2,3254.1,68,4,3254.0,99,5,3255.5,46,2,3255.6,2,2,3255.7,88,2,3255.8,47,2,3255.9,103,5
11536,2025-12-30 10:24:41+05:30,3254.3,2,3248.08,220206,109460.0,102748.0,3250.0,3257.0,3239.8,3251.5,41601525,3576.6,2926.4,4322.95,2866.6,3254.4,49,3,3254.3,232,8,3254.2,62,2,3254.1,80,5,3254.0,108,6,3255.5,4,4,3255.6,1,1,3255.8,1,1,3255.9,86,4,3256.0,257,8
11536,2025-12-30 10:24:41+05:30,3254.3,2,3248.08,220206,109460.0,102748.0,3250.0,3257.0,3239.8,3251.5,41601525,3576.6,2926.4,4322.95,2866.6,3254.4,49,3,3254.3,232,8,3254.2,62,2,3254.1,80,5,3254.0,108,6,3255.5,4,4,3255.6,1,1,3255.8,1,1,3255.9,86,4,3256.0,257,8
11536,2025-12-30 10:24:42+05:30,3254.4,1,3248.08,220208,109635.0,102913.0,3250.0,3257.0,3239.8,3251.5,41601525,3576.6,2926.4,4322.95,2866.6,3254.4,249,6,3254.3,130,6,3254.2,62,2,3254.1,68,4,3254.0,118,7,3255.5,3,3,3255.8,5,2,3255.9,86,4,3256.0,257,8,3256.1,46,1
11536,2025-12-30 10:24:42+05:30,3254.4,1,3248.08,220208,109635.0,102913.0,3250.0,3257.0,3239.8,3251.5,41601525,3576.6,2926.4,4322.95,2866.6,3254.4,249,6,3254.3,130,6,3254.2,62,2,3254.1,68,4,3254.0,118,7,3255.5,3,3,3255.8,5,2,3255.9,86,4,3256.0,257,8,3256.1,46,1
11536,2025-12-30 10:24:43+05:30,3254.4,1,3248.08,220215,107877.0,102984.0,3250.0,3257.0,3239.8,3251.5,41601525,3576.6,2926.4,4322.95,2866.6,3254.4,258,7,3254.3,137,8,3254.2,44,2,3254.1,80,5,3254.0,109,6,3255.5,2,2,3255.8,1,1,3255.9,86,4,3256.0,257,8,3256.1,46,1
11536,2025-12-30 10:24:43+05:30,3255.6,22,3248.08,220215,107877.0,102984.0,3250.0,3257.0,3239.8,3251.5,41601525,3576.6,2926.4,4322.95,2866.6,3254.4,258,7,3254.3,137,8,3254.2,44,2,3254.1,80,5,3254.0,109,6,3255.5,2,2,3255.8,1,1,3255.9,86,4,3256.0,257,8,3256.1,46,1
11536,2025-12-30 10:24:44+05:30,3255.6,22,3248.08,220241,107888.0,102541.0,3250.0,3257.0,3239.8,3251.5,41601525,3576.6,2926.4,4322.95,2866.6,3254.4,116,3,3254.3,130,8,3254.2,84,5,3254.1,95,5,3254.0,135,6,3255.7,86,4,3255.8,49,5,3255.9,75,3,3256.0,262,7,3256.1,20,1
11536,2025-12-30 10:24:45+05:30,3255.7,1,3248.08,220242,109901.0,102561.0,3250.0,3257.0,3239.8,3251.5,41601525,3576.6,2926.4,4322.95,2866.6,3254.4,163,6,3254.3,178,8,3254.2,82,4,3254.1,80,5,3254.0,135,6,3255.7,116,3,3255.8,49,5,3255.9,29,2,3256.0,308,8,3256.1,20,1
11536,2025-12-30 10:24:45+05:30,3254.4,3,3248.08,220242,109901.0,102561.0,3250.0,3257.0,3239.8,3251.5,41601525,3576.6,2926.4,4322.95,2866.6,3254.4,163,6,3254.3,178,8,3254.2,82,4,3254.1,80,5,3254.0,135,6,3255.7,116,3,3255.8,49,5,3255.9,29,2,3256.0,308,8,3256.1,20,1
11536,2025-12-30 10:24:46+05:30,3255.6,1,3248.08,220252,107709.0,102971.0,3250.0,3257.0,3239.8,3251.5,41601525,3576.6,2926.4,4322.95,2866.6,3254.5,3,1,3254.4,188,5,3254.3,92,4,3254.2,24,2,3254.1,41,3,3255.6,139,5,3255.7,49,3,3255.8,58,4,3255.9,95,4,3256.0,287,9
11536,2025-12-30 10:24:46+05:30,3255.6,1,3248.08,220252,107709.0,102971.0,3250.0,3257.0,3239.8,3251.5,41601525,3576.6,2926.4,4322.95,2866.6,3254.5,3,1,3254.4,188,5,3254.3,92,4,3254.2,24,2,3254.1,41,3,3255.6,139,5,3255.7,49,3,3255.8,58,4,3255.9,95,4,3256.0,287,9
11536,2025-12-30 10:24:47+05:30,3254.4,4,3248.08,220257,107852.0,103123.0,3250.0,3257.0,3239.8,3251.5,41601525,3576.6,2926.4,4322.95,2866.6,3254.4,159,4,3254.3,92,4,3254.2,24,2,3254.1,41,3,3254.0,71,4,3255.5,48,1,3255.6,72,4,3255.7,10,1,3255.8,136,6,3255.9,69,5
11536,2025-12-30 10:24:47+05:30,3254.4,4,3248.08,220257,107852.0,103123.0,3250.0,3257.0,3239.8,3251.5,41601525,3576.6,2926.4,4322.95,2866.6,3254.4,159,4,3254.3,92,4,3254.2,24,2,3254.1,41,3,3254.0,71,4,3255.5,48,1,3255.6,72,4,3255.7,10,1,3255.8,136,6,3255.9,69,5
11536,2025-12-30 10:24:48+05:30,3254.4,3,3248.08,220261,107217.0,101464.0,3250.0,3257.0,3239.8,3251.5,41601525,3576.6,2926.4,4322.95,2866.6,3254.4,307,10,3254.3,92,4,3254.2,82,5,3254.1,109,6,3254.0,101,5,3255.5,1,1,3255.6,1,1,3255.8,108,5,3255.9,29,2,3256.0,287,9
11536,2025-12-30 10:24:48+05:30,3254.4,3,3248.08,220261,107217.0,101464.0,3250.0,3257.0,3239.8,3251.5,41601525,3576.6,2926.4,4322.95,2866.6,3254.4,307,10,3254.3,92,4,3254.2,82,5,3254.1,109,6,3254.0,101,5,3255.5,1,1,3255.6,1,1,3255.8,108,5,3255.9,29,2,3256.0,287,9
11536,2025-12-30 10:24:49+05:30,3254.4,1,3248.08,220262,108402.0,103150.0,3250.0,3257.0,3239.8,3251.5,41601525,3576.6,2926.4,4322.95,2866.6,3254.4,180,6,3254.3,153,5,3254.2,44,3,3254.1,109,6,3254.0,149,6,3255.5,18,4,3255.7,1,1,3255.8,90,5,3255.9,41,3,3256.0,333,10
11536,2025-12-30 10:24:49+05:30,3254.4,1,3248.08,220262,108402.0,103150.0,3250.0,3257.0,3239.8,3251.5,41601525,3576.6,2926.4,4322.95,2866.6,3254.4,180,6,3254.3,153,5,3254.2,44,3,3254.1,109,6,3254.0,149,6,3255.5,18,4,3255.7,1,1,3255.8,90,5,3255.9,41,3,3256.0,333,10
11536,2025-12-30 10:24:50+05:30,3254.4,2,3248.08,220264,108493.0,103370.0,3250.0,3257.0,3239.8,3251.5,41601525,3576.6,2926.4,4322.95,2866.6,3254.5,61,1,3254.4,178,6,3254.3,92,4,3254.2,44,3,3254.1,109,6,3255.5,17,3,3255.7,56,3,3255.8,90,5,3255.9,87,4,3256.0,295,10
11536,2025-12-30 10:24:50+05:30,3254.5,1,3248.08,220264,108493.0,103370.0,3250.0,3257.0,3239.8,3251.5,41601525,3576.6,2926.4,4322.95,2866.6,3254.5,61,1,3254.4,178,6,3254.3,92,4,3254.2,44,3,3254.1,109,6,3255.5,17,3,3255.7,56,3,3255.8,90,5,3255.9,87,4,3256.0,295,10
11536,2025-12-30 10:24:51+05:30,3255.8,10,3248.08,220349,108732.0,103141.0,3250.0,3257.0,3239.8,3251.5,41601525,3576.6,2926.4,4322.95,2866.6,3254.5,61,1,3254.4,224,8,3254.3,164,6,3254.2,64,4,3254.1,144,8,3255.7,12,1,3255.8,45,1,3255.9,9,2,3256.0,243,8,3256.1,66,2
11536,2025-12-30 10:24:51+05:30,3255.8,10,3248.08,220349,108732.0,103141.0,3250.0,3257.0,3239.8,3251.5,41601525,3576.6,2926.4,4322.95,2866.6,3254.5,61,1,3254.4,224,8,3254.3,164,6,3254.2,64,4,3254.1,144,8,3255.7,12,1,3255.8,45,1,3255.9,9,2,3256.0,243,8,3256.1,66,2
11536,2025-12-30 10:24:52+05:30,3255.6,50,3248.08,220399,108409.0,103198.0,3250.0,3257.0,3239.8,3251.5,41601525,3576.6,2926.4,4322.95,2866.6,3254.5,44,1,3254.4,227,8,3254.3,140,6,3254.2,64,4,3254.1,144,8,3255.5,45,1,3255.6,16,4,3255.7,19,3,3255.9,21,3,3256.0,289,9
11536,2025-12-30 10:24:52+05:30,3255.6,50,3248.08,220399,108409.0,103198.0,3250.0,3257.0,3239.8,3251.5,41601525,3576.6,2926.4,4322.95,2866.6,3254.5,44,1,3254.4,227,8,3254.3,140,6,3254.2,64,4,3254.1,144,8,3255.5,45,1,3255.6,16,4,3255.7,19,3,3255.9,21,3,3256.0,289,9
11536,2025-12-30 10:24:53+05:30,3255.6,50,3248.08,220399,108232.0,103239.0,3250.0,3257.0,3239.8,3251.5,41601525,3576.6,2926.4,4322.95,2866.6,3254.5,44,1,3254.4,227,8,3254.3,140,6,3254.2,64,4,3254.1,144,8,3255.5,45,1,3255.6,7,3,3255.7,19,3,3255.9,9,2,3256.0,319,10
11536,2025-12-30 10:24:53+05:30,3254.5,25,3248.08,220399,108232.0,103239.0,3250.0,3257.0,3239.8,3251.5,41601525,3576.6,2926.4,4322.95,2866.6,3254.5,44,1,3254.4,227,8,3254.3,140,6,3254.2,64,4,3254.1,144,8,3255.5,45,1,3255.6,7,3,3255.7,19,3,3255.9,9,2,3256.0,319,10
11536,2025-12-30 10:24:54+05:30,3254.5,15,3248.08,220449,108206.0,103219.0,3250.0,3257.0,3239.8,3251.5,41601525,3576.6,2926.4,4322.95,2866.6,3254.5,145,2,3254.4,227,8,3254.3,110,5,3254.2,118,5,3254.1,144,8,3255.5,38,4,3255.6,5,2,3255.7,16,2,3255.9,5,1,3256.0,273,9
11536,2025-12-30 10:24:54+05:30,3254.5,9,3248.08,220449,108206.0,103219.0,3250.0,3257.0,3239.8,3251.5,41601525,3576.6,2926.4,4322.95,2866.6,3254.5,145,2,3254.4,227,8,3254.3,110,5,3254.2,118,5,3254.1,144,8,3255.5,38,4,3255.6,5,2,3255.7,16,2,3255.9,5,1,3256.0,273,9
11536,2025-12-30 10:24:55+05:30,3254.5,7,3248.08,220470,107272.0,103239.0,3250.0,3257.0,3239.8,3251.5,41601525,3576.6,2926.4,4322.95,2866.6,3254.5,125,1,3254.4,227,8,3254.3,110,5,3254.2,118,5,3254.1,156,9,3255.5,21,8,3255.6,4,1,3255.8,75,2,3255.9,5,1,3256.0,319,10
11536,2025-12-30 10:24:55+05:30,3255.5,29,3248.08,220470,107272.0,103239.0,3250.0,3257.0,3239.8,3251.5,41601525,3576.6,2926.4,4322.95,2866.6,3254.5,125,1,3254.4,227,8,3254.3,110,5,3254.2,118,5,3254.1,156,9,3255.5,21,8,3255.6,4,1,3255.8,75,2,3255.9,5,1,3256.0,319,10
11536,2025-12-30 10:24:56+05:30,3254.5,1,3248.09,220529,109838.0,102466.0,3250.0,3257.0,3239.8,3251.5,41601525,3576.6,2926.4,4322.95,2866.6,3254.5,116,1,3254.4,241,9,3254.3,140,6,3254.2,72,5,3254.1,156,9,3255.5,10,9,3255.6,4,1,3255.8,45,1,3255.9,5,1,3256.0,235,7
11536,2025-12-30 10:24:56+05:30,3254.5,3,3248.09,220529,109838.0,102466.0,3250.0,3257.0,3239.8,3251.5,41601525,3576.6,2926.4,4322.95,2866.6,3254.5,116,1,3254.4,241,9,3254.3,140,6,3254.2,72,5,3254.1,156,9,3255.5,10,9,3255.6,4,1,3255.8,45,1,3255.9,5,1,3256.0,235,7
11536,2025-12-30 10:24:57+05:30,3255.0,1,3248.09,220653,106911.0,102847.0,3250.0,3257.0,3239.8,3251.5,41601525,3576.6,2926.4,4322.95,2866.6,3254.5,105,1,3254.4,220,6,3254.3,92,4,3254.2,24,2,3254.1,68,5,3255.4,66,3,3255.5,64,10,3255.7,10,1,3255.8,40,2,3255.9,120,8
11536,2025-12-30 10:24:57+05:30,3254.5,3,3248.09,220653,106911.0,102847.0,3250.0,3257.0,3239.8,3251.5,41601525,3576.6,2926.4,4322.95,2866.6,3254.5,105,1,3254.4,220,6,3254.3,92,4,3254.2,24,2,3254.1,68,5,3255.4,66,3,3255.5,64,10,3255.7,10,1,3255.8,40,2,3255.9,120,8
11536,2025-12-30 10:24:58+05:30,3255.3,7,3248.09,220737,109889.0,103071.0,3250.0,3257.0,3239.8,3251.5,41601525,3576.6,2926.4,4322.95,2866.6,3254.5,82,1,3254.4,159,5,3254.3,92,4,3254.2,24,2,3254.1,68,5,3255.3,41,4,3255.4,16,3,3255.5,4,4,3255.7,20,2,3255.8,40,2
11536,2025-12-30 10:24:58+05:30,3254.5,1,3248.09,220737,109889.0,103071.0,3250.0,3257.0,3239.8,3251.5,41601525,3576.6,2926.4,4322.95,2866.6,3254.5,82,1,3254.4,159,5,3254.3,92,4,3254.2,24,2,3254.1,68,5,3255.3,41,4,3255.4,16,3,3255.5,4,4,3255.7,20,2,3255.8,40,2
11536,2025-12-30 10:24:59+05:30,3255.3,1,3248.09,220750,109848.0,103139.0,3250.0,3257.0,3239.8,3251.5,41601525,3576.6,2926.4,4322.95,2866.6,3254.5,71,1,3254.4,159,5,3254.3,92,4,3254.2,24,2,3254.1,68,5,3255.3,99,8,3255.4,16,3,3255.5,1,1,3255.7,20,2,3255.8,105,5
11536,2025-12-30 10:24:59+05:30,3254.5,1,3248.09,220750,109848.0,103139.0,3250.0,3257.0,3239.8,3251.5,41601525,3576.6,2926.4,4322.95,2866.6,3254.5,71,1,3254.4,159,5,3254.3,92,4,3254.2,24,2,3254.1,68,5,3255.3,99,8,3255.4,16,3,3255.5,1,1,3255.7,20,2,3255.8,105,5
11536,2025-12-30 10:25:00+05:30,3254.5,1,3248.09,220788,109938.0,103286.0,3250.0,3257.0,3239.8,3251.5,41601525,3576.6,2926.4,4322.95,2866.6,3254.5,33,1,3254.4,159,5,3254.3,92,4,3254.2,24,2,3254.1,56,4,3255.3,102,10,3255.4,2,1,3255.7,35,4,3255.8,40,2,3255.9,107,7
11536,2025-12-30 10:25:00+05:30,3254.4,1,3248.09,220788,109938.0,103286.0,3250.0,3257.0,3239.8,3251.5,41601525,3576.6,2926.4,4322.95,2866.6,3254.5,33,1,3254.4,159,5,3254.3,92,4,3254.2,24,2,3254.1,56,4,3255.3,102,10,3255.4,2,1,3255.7,35,4,3255.8,40,2,3255.9,107,7
11536,2025-12-30 10:25:01+05:30,3255.3,1,3248.1,220831,109898.0,103319.0,3250.0,3257.0,3239.8,3251.5,41601525,3576.6,2926.4,4322.95,2866.6,3254.4,151,5,3254.3,92,4,3254.2,24,2,3254.1,68,5,3254.0,121,4,3255.3,65,10,3255.6,42,1,3255.7,25,3,3255.8,40,2,3255.9,100,6
11536,2025-12-30 10:25:01+05:30,3254.4,11,3248.1,220831,109898.0,103319.0,3250.0,3257.0,3239.8,3251.5,41601525,3576.6,2926.4,4322.95,2866.6,3254.4,151,5,3254.3,92,4,3254.2,24,2,3254.1,68,5,3254.0,121,4,3255.3,65,10,3255.6,42,1,3255.7,25,3,3255.8,40,2,3255.9,100,6
11536,2025-12-30 10:25:02+05:30,3254.2,1,3248.12,221665,107880.0,106134.0,3250.0,3257.0,3239.8,3251.5,41601525,3576.6,2926.4,4322.95,2866.6,3254.1,10,2,3254.0,101,3,3253.9,11,1,3253.8,16,1,3253.7,4,1,3254.2,47,3,3254.3,102,3,3254.4,8,1,3254.9,64,3,3255.0,67,4
11536,2025-12-30 10:25:02+05:30,3254.1,1,3248.12,221665,107880.0,106134.0,3250.0,3257.0,3239.8,3251.5,41601525,3576.6,2926.4,4322.95,2866.6,3254.1,10,2,3254.0,101,3,3253.9,11,1,3253.8,16,1,3253.7,4,1,3254.2,47,3,3254.3,102,3,3254.4,8,1,3254.9,64,3,3255.0,67,4
11536,2025-12-30 10:25:03+05:30,3254.1,1,3248.12,221685,108057.0,105995.0,3250.0,3257.0,3239.8,3251.5,41601525,3576.6,2926.4,4322.95,2866.6,3254.1,9,1,3254.0,101,3,3253.9,11,1,3253.8,16,1,3253.7,4,1,3254.2,41,5,3254.3,92,2,3254.4,8,1,3254.9,64,3,3255.0,67,4
11536,2025-12-30 10:25:03+05:30,3254.1,6,3248.12,221685,108057.0,105995.0,3250.0,3257.0,3239.8,3251.5,41601525,3576.6,2926.4,4322.95,2866.6,3254.1,9,1,3254.0,101,3,3253.9,11,1,3253.8,16,1,3253.7,4,1,3254.2,41,5,3254.3,92,2,3254.4,8,1,3254.9,64,3,3255.0,67,4
11536,2025-12-30 10:25:04+05:30,3254.1,44,3248.12,221741,108012.0,105762.0,3250.0,3257.0,3239.8,3251.5,41601525,3576.6,2926.4,4322.95,2866.6,3254.0,101,3,3253.9,11,1,3253.8,16,1,3253.7,13,2,3253.6,14,1,3254.1,25,1,3254.2,18,6,3254.3,50,1,3254.4,8,1,3254.8,42,1
11536,2025-12-30 10:25:04+05:30,3254.0,1,3248.12,221741,108012.0,105762.0,3250.0,3257.0,3239.8,3251.5,41601525,3576.6,2926.4,4322.95,2866.6,3254.0,101,3,3253.9,11,1,3253.8,16,1,3253.7,13,2,3253.6,14,1,3254.1,25,1,3254.2,18,6,3254.3,50,1,3254.4,8,1,3254.8,42,1
11536,2025-12-30 10:25:05+05:30,3254.0,30,3248.13,221873,108001.0,105753.0,3250.0,3257.0,3239.8,3251.5,41601525,3576.6,2926.4,4322.95,2866.6,3254.0,16,1,3253.9,11,1,3253.8,16,1,3253.7,13,2,3253.4,232,8,3254.1,31,4,3254.2,3,3,3254.3,50,1,3254.4,8,1,3254.5,42,1
11536,2025-12-30 10:25:05+05:30,3254.1,2,3248.13,221873,108001.0,105753.0,3250.0,3257.0,3239.8,3251.5,41601525,3576.6,2926.4,4322.95,2866.6,3254.0,16,1,3253.9,11,1,3253.8,16,1,3253.7,13,2,3253.4,232,8,3254.1,31,4,3254.2,3,3,3254.3,50,1,3254.4,8,1,3254.5,42,1
11536,2025-12-30 10:25:06+05:30,3254.0,92,3248.13,222031,107813.0,105337.0,3250.0,3257.0,3239.8,3251.5,41601525,3576.6,2926.4,4322.95,2866.6,3253.9,11,1,3253.8,16,1,3253.7,4,1,3253.4,232,8,3253.3,61,4,3254.0,28,2,3254.1,12,6,3254.2,1,1,3254.3,50,1,3254.4,50,2
11536,2025-12-30 10:25:06+05:30,3253.9,10,3248.13,222031,107813.0,105337.0,3250.0,3257.0,3239.8,3251.5,41601525,3576.6,2926.4,4322.95,2866.6,3253.9,11,1,3253.8,16,1,3253.7,4,1,3253.4,232,8,3253.3,61,4,3254.0,28,2,3254.1,12,6,3254.2,1,1,3254.3,50,1,3254.4,50,2
11536,2025-12-30 10:25:07+05:30,3253.9,35,3248.13,222082,107647.0,105890.0,3250.0,3257.0,3239.8,3251.5,41601525,3576.6,2926.4,4322.95,2866.6,3253.9,11,1,3253.8,16,1,3253.7,4,1,3253.4,67,6,3253.3,4,2,3254.0,32,6,3254.1,6,4,3254.3,50,1,3254.4,8,1,3254.8,42,1
11536,2025-12-30 10:25:07+05:30,3253.9,6,3248.13,222082,107647.0,105890.0,3250.0,3257.0,3239.8,3251.5,41601525,3576.6,2926.4,4322.95,2866.6,3253.9,11,1,3253.8,16,1,3253.7,4,1,3253.4,67,6,3253.3,4,2,3254.0,32,6,3254.1,6,4,3254.3,50,1,3254.4,8,1,3254.8,42,1
11536,2025-12-30 10:25:08+05:30,3253.9,25,3248.13,222131,107631.0,104367.0,3250.0,3257.0,3239.8,3251.5,41601525,3576.6,2926.4,4322.95,2866.6,3253.8,16,1,3253.7,4,1,3253.5,7,1,3253.4,67,6,3253.3,13,3,3253.9,27,2,3254.0,10,8,3254.1,3,2,3254.4,8,1,3254.5,42,1
11536,2025-12-30 10:25:08+05:30,3254.1,9,3248.13,222131,107631.0,104367.0,3250.0,3257.0,3239.8,3251.5,41601525,3576.6,2926.4,4322.95,2866.6,3253.8,16,1,3253.7,4,1,3253.5,7,1,3253.4,67,6,3253.3,13,3,3253.9,27,2,3254.0,10,8,3254.1,3,2,3254.4,8,1,3254.5,42,1
11536,2025-12-30 10:25:09+05:30,3254.1,9,3248.14,222302,108354.0,105615.0,3250.0,3257.0,3239.8,3251.5,41601525,3576.6,2926.4,4322.95,2866.6,3254.1,126,1,3253.8,16,1,3253.7,4,1,3253.6,40,2,3253.5,30,1,3254.8,46,2,3254.9,94,3,3255.0,50,2,3255.1,14,3,3255.2,99,4
11536,2025-12-30 10:25:10+05:30,3254.8,1,3248.14,222303,108357.0,105603.0,3250.0,3257.0,3239.8,3251.5,41601525,3576.6,2926.4,4322.95,2866.6,3254.1,126,1,3253.8,21,2,3253.7,4,1,3253.6,40,2,3253.5,30,1,3254.8,47,3,3254.9,64,2,3255.0,50,2,3255.1,25,3,3255.2,99,4
11536,2025-12-30 10:25:10+05:30,3254.8,1,3248.14,222303,108357.0,105603.0,3250.0,3257.0,3239.8,3251.5,41601525,3576.6,2926.4,4322.95,2866.6,3254.1,126,1,3253.8,21,2,3253.7,4,1,3253.6,40,2,3253.5,30,1,3254.8,47,3,3254.9,64,2,3255.0,50,2,3255.1,25,3,3255.2,99,4
11536,2025-12-30 10:25:11+05:30,3254.8,1,3248.14,222303,108183.0,105986.0,3250.0,3257.0,3239.8,3251.5,41601525,3576.6,2926.4,4322.95,2866.6,3254.1,126,1,3253.8,21,2,3253.7,4,1,3253.6,40,2,3253.5,30,1,3254.8,47,3,3254.9,64,2,3255.0,80,3,3255.1,25,3,3255.2,99,4
11536,2025-12-30 10:25:11+05:30,3254.1,37,3248.14,222303,108183.0,105986.0,3250.0,3257.0,3239.8,3251.5,41601525,3576.6,2926.4,4322.95,2866.6,3254.1,126,1,3253.8,21,2,3253.7,4,1,3253.6,40,2,3253.5,30,1,3254.8,47,3,3254.9,64,2,3255.0,80,3,3255.1,25,3,3255.2,99,4
11536,2025-12-30 10:25:12+05:30,3254.3,2,3248.14,222431,106476.0,106672.0,3250.0,3257.0,3239.8,3251.5,41601525,3576.6,2926.4,4322.95,2866.6,3253.8,21,2,3253.7,4,1,3253.4,89,7,3253.3,47,3,3253.2,2343,7,3254.4,86,2,3254.5,31,4,3254.6,30,2,3254.7,61,2,3254.8,30,1
11536,2025-12-30 10:25:12+05:30,3254.3,2,3248.14,222431,106476.0,106672.0,3250.0,3257.0,3239.8,3251.5,41601525,3576.6,2926.4,4322.95,2866.6,3253.8,21,2,3253.7,4,1,3253.4,89,7,3253.3,47,3,3253.2,2343,7,3254.4,86,2,3254.5,31,4,3254.6,30,2,3254.7,61,2,3254.8,30,1
11536,2025-12-30 10:25:13+05:30,3254.4,2,3248.14,222433,105293.0,106738.0,3250.0,3257.0,3239.8,3251.5,41601525,3576.6,2926.4,4322.95,2866.6,3253.8,21,2,3253.7,4,1,3253.4,89,7,3253.3,47,3,3253.2,2343,7,3254.4,89,4,3254.5,31,4,3254.6,10,1,3254.7,33,1,3254.8,30,1
11536,2025-12-30 10:25:13+05:30,3254.4,2,3248.14,222433,105293.0,106738.0,3250.0,3257.0,3239.8,3251.5,41601525,3576.6,2926.4,4322.95,2866.6,3253.8,21,2,3253.7,4,1,3253.4,89,7,3253.3,47,3,3253.2,2343,7,3254.4,89,4,3254.5,31,4,3254.6,10,1,3254.7,33,1,3254.8,30,1
11536,2025-12-30 10:25:14+05:30,3254.2,1,3248.14,222445,105780.0,107045.0,3250.0,3257.0,3239.8,3251.5,41601525,3576.6,2926.4,4322.95,2866.6,3253.8,10,2,3253.7,4,1,3253.4,89,7,3253.3,47,3,3253.2,2343,7,3254.3,87,3,3254.4,12,3,3254.5,29,3,3254.6,10,1,3254.7,33,1
11536,2025-12-30 10:25:14+05:30,3254.3,1,3248.14,222445,105780.0,107045.0,3250.0,3257.0,3239.8,3251.5,41601525,3576.6,2926.4,4322.95,2866.6,3253.8,10,2,3253.7,4,1,3253.4,89,7,3253.3,47,3,3253.2,2343,7,3254.3,87,3,3254.4,12,3,3254.5,29,3,3254.6,10,1,3254.7,33,1
11536,2025-12-30 10:25:15+05:30,3254.3,20,3248.14,222500,106318.0,106990.0,3250.0,3257.0,3239.8,3251.5,41601525,3576.6,2926.4,4322.95,2866.6,3253.8,19,2,3253.7,4,1,3253.4,89,7,3253.3,47,3,3253.2,2343,7,3254.3,83,8,3254.4,9,2,3254.5,28,2,3254.7,33,1,3254.8,30,1
11536,2025-12-30 10:25:15+05:30,3253.8,14,3248.14,222500,106318.0,106990.0,3250.0,3257.0,3239.8,3251.5,41601525,3576.6,2926.4,4322.95,2866.6,3253.8,19,2,3253.7,4,1,3253.4,89,7,3253.3,47,3,3253.2,2343,7,3254.3,83,8,3254.4,9,2,3254.5,28,2,3254.7,33,1,3254.8,30,1
11536,2025-12-30 10:25:16+05:30,3254.3,1,3248.14,222515,106351.0,106982.0,3250.0,3257.0,3239.8,3251.5,41601525,3576.6,2926.4,4322.95,2866.6,3253.9,17,1,3253.8,21,2,3253.7,4,1,3253.4,72,6,3253.3,47,3,3254.3,69,11,3254.4,46,2,3254.5,18,1,3254.7,33,1,3254.8,30,1
11536,2025-12-30 10:25:16+05:30,3253.9,4,3248.14,222515,106351.0,106982.0,3250.0,3257.0,3239.8,3251.5,41601525,3576.6,2926.4,4322.95,2866.6,3253.9,17,1,3253.8,21,2,3253.7,4,1,3253.4,72,6,3253.3,47,3,3254.3,69,11,3254.4,46,2,3254.5,18,1,3254.7,33,1,3254.8,30,1
11536,2025-12-30 10:25:17+05:30,3253.9,9,3248.14,222528,106340.0,106940.0,3250.0,3257.0,3239.8,3251.5,41601525,3576.6,2926.4,4322.95,2866.6,3253.9,6,2,3253.8,21,2,3253.7,4,1,3253.4,72,6,3253.3,47,3,3254.3,70,12,3254.4,46,2,3254.5,18,1,3254.7,33,1,3254.8,44,2
11536,2025-12-30 10:25:17+05:30,3253.9,5,3248.14,222528,106340.0,106940.0,3250.0,3257.0,3239.8,3251.5,41601525,3576.6,2926.4,4322.95,2866.6,3253.9,6,2,3253.8,21,2,3253.7,4,1,3253.4,72,6,3253.3,47,3,3254.3,70,12,3254.4,46,2,3254.5,18,1,3254.7,33,1,3254.8,44,2
11536,2025-12-30 10:25:18+05:30,3254.3,1,3248.14,222552,106631.0,106987.0,3250.0,3257.0,3239.8,3251.5,41601525,3576.6,2926.4,4322.95,2866.6,3253.9,2,1,3253.8,21,2,3253.7,4,1,3253.4,72,6,3253.3,47,3,3254.3,63,11,3254.4,46,2,3254.5,18,1,3254.7,47,2,3254.8,30,1
11536,2025-12-30 10:25:18+05:30,3253.8,1,3248.14,222552,106631.0,106987.0,3250.0,3257.0,3239.8,3251.5,41601525,3576.6,2926.4,4322.95,2866.6,3253.9,2,1,3253.8,21,2,3253.7,4,1,3253.4,72,6,3253.3,47,3,3254.3,63,11,3254.4,46,2,3254.5,18,1,3254.7,47,2,3254.8,30,1
11536,2025-12-30 10:25:19+05:30,3253.8,2,3248.14,222558,106721.0,106960.0,3250.0,3257.0,3239.8,3251.5,41601525,3576.6,2926.4,4322.95,2866.6,3253.8,18,2,3253.7,4,1,3253.4,50,5,3253.3,4,2,3253.2,2300,6,3253.9,3,3,3254.3,60,8,3254.4,39,1,3254.5,18,1,3254.7,33,1
11536,2025-12-30 10:25:19+05:30,3253.8,3,3248.14,222558,106721.0,106960.0,3250.0,3257.0,3239.8,3251.5,41601525,3576.6,2926.4,4322.95,2866.6,3253.8,18,2,3253.7,4,1,3253.4,50,5,3253.3,4,2,3253.2,2300,6,3253.9,3,3,3254.3,60,8,3254.4,39,1,3254.5,18,1,3254.7,33,1
11536,2025-12-30 10:25:20+05:30,3253.8,3,3248.14,222566,103493.0,107569.0,3250.0,3257.0,3239.8,3251.5,41601525,3576.6,2926.4,4322.95,2866.6,3253.8,15,2,3253.7,4,1,3253.4,50,5,3253.3,4,2,3253.2,2279,5,3253.9,8,8,3254.2,1,1,3254.3,57,5,3254.4,39,1,3254.5,48,2
11536,2025-12-30 10:25:20+05:30,3253.8,1,3248.14,222566,103493.0,107569.0,3250.0,3257.0,3239.8,3251.5,41601525,3576.6,2926.4,4322.95,2866.6,3253.8,15,2,3253.7,4,1,3253.4,50,5,3253.3,4,2,3253.2,2279,5,3253.9,8,8,3254.2,1,1,3254.3,57,5,3254.4,39,1,3254.5,48,2
11536,2025-12-30 10:25:21+05:30,3253.8,1,3248.14,222577,106086.0,107558.0,3250.0,3257.0,3239.8,3251.5,41601525,3576.6,2926.4,4322.95,2866.6,3253.8,7,2,3253.7,4,1,3253.4,50,5,3253.3,4,2,3253.2,2279,5,3253.9,51,8,3254.2,41,2,3254.3,41,2,3254.5,48,2,3254.6,13,1
11536,2025-12-30 10:25:21+05:30,3253.8,1,3248.14,222577,106086.0,107558.0,3250.0,3257.0,3239.8,3251.5,41601525,3576.6,2926.4,4322.95,2866.6,3253.8,7,2,3253.7,4,1,3253.4,50,5,3253.3,4,2,3253.2,2279,5,3253.9,51,8,3254.2,41,2,3254.3,41,2,3254.5,48,2,3254.6,13,1
11536,2025-12-30 10:25:22+05:30,3253.9,1,3248.14,222583,106095.0,107565.0,3250.0,3257.0,3239.8,3251.5,41601525,3576.6,2926.4,4322.95,2866.6,3253.8,6,2,3253.7,4,1,3253.4,50,5,3253.3,4,2,3253.2,2279,5,3253.9,49,7,3254.2,41,2,3254.3,40,1,3254.5,48,2,3254.6,13,1
11536,2025-12-30 10:25:22+05:30,3253.9,1,3248.14,222583,106095.0,107565.0,3250.0,3257.0,3239.8,3251.5,41601525,3576.6,2926.4,4322.95,2866.6,3253.8,6,2,3253.7,4,1,3253.4,50,5,3253.3,4,2,3253.2,2279,5,3253.9,49,7,3254.2,41,2,3254.3,40,1,3254.5,48,2,3254.6,13,1
11536,2025-12-30 10:25:23+05:30,3253.8,2,3248.14,222586,105966.0,107568.0,3250.0,3257.0,3239.8,3251.5,41601525,3576.6,2926.4,4322.95,2866.6,3253.8,19,2,3253.7,4,1,3253.4,50,5,3253.3,4,2,3253.2,2279,5,3253.9,48,6,3254.2,41,2,3254.3,40,1,3254.5,48,2,3254.6,13,1
11536,2025-12-30 10:25:23+05:30,3253.8,2,3248.14,222586,105966.0,107568.0,3250.0,3257.0,3239.8,3251.5,41601525,3576.6,2926.4,4322.95,2866.6,3253.8,19,2,3253.7,4,1,3253.4,50,5,3253.3,4,2,3253.2,2279,5,3253.9,48,6,3254.2,41,2,3254.3,40,1,3254.5,48,2,3254.6,13,1
11536,2025-12-30 10:25:24+05:30,3253.8,1,3248.14,222589,105968.0,107587.0,3250.0,3257.0,3239.8,3251.5,41601525,3576.6,2926.4,4322.95,2866.6,3253.8,21,2,3253.7,4,1,3253.4,50,5,3253.3,4,2,3253.2,2279,5,3253.9,47,5,3254.2,41,2,3254.3,40,1,3254.5,48,2,3254.6,13,1
11536,2025-12-30 10:25:24+05:30,3253.8,1,3248.14,222589,105968.0,107587.0,3250.0,3257.0,3239.8,3251.5,41601525,3576.6,2926.4,4322.95,2866.6,3253.8,21,2,3253.7,4,1,3253.4,50,5,3253.3,4,2,3253.2,2279,5,3253.9,47,5,3254.2,41,2,3254.3,40,1,3254.5,48,2,3254.6,13,1
11536,2025-12-30 10:25:25+05:30,3253.8,1,3248.14,222592,105964.0,107630.0,3250.0,3257.0,3239.8,3251.5,41601525,3576.6,2926.4,4322.95,2866.6,3253.8,19,2,3253.7,4,1,3253.4,50,5,3253.3,4,2,3253.2,2279,5,3253.9,47,6,3254.2,41,2,3254.3,40,1,3254.5,48,2,3254.6,13,1
11536,2025-12-30 10:25:25+05:30,3253.8,1,3248.14,222592,105964.0,107630.0,3250.0,3257.0,3239.8,3251.5,41601525,3576.6,2926.4,4322.95,2866.6,3253.8,19,2,3253.7,4,1,3253.4,50,5,3253.3,4,2,3253.2,2279,5,3253.9,47,6,3254.2,41,2,3254.3,40,1,3254.5,48,2,3254.6,13,1
11536,2025-12-30 10:25:26+05:30,3253.8,1,3248.14,222593,106481.0,107854.0,3250.0,3257.0,3239.8,3251.5,41601525,3576.6,2926.4,4322.95,2866.6,3253.8,18,2,3253.7,4,1,3253.4,50,5,3253.3,4,2,3253.2,2279,5,3253.9,46,5,3254.2,41,2,3254.3,40,1,3254.5,48,2,3254.6,13,1
11536,2025-12-30 10:25:26+05:30,3253.8,1,3248.14,222593,106481.0,107854.0,3250.0,3257.0,3239.8,3251.5,41601525,3576.6,2926.4,4322.95,2866.6,3253.8,18,2,3253.7,4,1,3253.4,50,5,3253.3,4,2,3253.2,2279,5,3253.9,46,5,3254.2,41,2,3254.3,40,1,3254.5,48,2,3254.6,13,1
11536,2025-12-30 10:25:27+05:30,3253.8,1,3248.14,222595,105963.0,107853.0,3250.0,3257.0,3239.8,3251.5,41601525,3576.6,2926.4,4322.95,2866.6,3253.8,16,2,3253.7,4,1,3253.4,50,5,3253.3,4,2,3253.2,2279,5,3253.9,45,4,3254.2,41,2,3254.3,40,1,3254.5,48,2,3254.6,13,1
11536,2025-12-30 10:25:27+05:30,3253.8,1,3248.14,222595,105963.0,107853.0,3250.0,3257.0,3239.8,3251.5,41601525,3576.6,2926.4,4322.95,2866.6,3253.8,16,2,3253.7,4,1,3253.4,50,5,3253.3,4,2,3253.2,2279,5,3253.9,45,4,3254.2,41,2,3254.3,40,1,3254.5,48,2,3254.6,13,1
11536,2025-12-30 10:25:28+05:30,3253.8,1,3248.14,222596,105962.0,107853.0,3250.0,3257.0,3239.8,3251.5,41601525,3576.6,2926.4,4322.95,2866.6,3253.8,15,2,3253.7,4,1,3253.4,50,5,3253.3,4,2,3253.2,2279,5,3253.9,45,4,3254.2,41,2,3254.3,40,1,3254.5,48,2,3254.6,13,1
11536,2025-12-30 10:25:28+05:30,3253.8,1,3248.14,222596,105962.0,107853.0,3250.0,3257.0,3239.8,3251.5,41601525,3576.6,2926.4,4322.95,2866.6,3253.8,15,2,3253.7,4,1,3253.4,50,5,3253.3,4,2,3253.2,2279,5,3253.9,45,4,3254.2,41,2,3254.3,40,1,3254.5,48,2,3254.6,13,1
11536,2025-12-30 10:25:29+05:30,3253.8,1,3248.14,222597,106491.0,107852.0,3250.0,3257.0,3239.8,3251.5,41601525,3576.6,2926.4,4322.95,2866.6,3253.8,14,2,3253.7,4,1,3253.4,50,5,3253.3,4,2,3253.2,2279,5,3253.9,44,3,3254.2,41,2,3254.3,40,1,3254.5,48,2,3254.6,13,1
11536,2025-12-30 10:25:29+05:30,3254.2,1,3248.14,222597,106491.0,107852.0,3250.0,3257.0,3239.8,3251.5,41601525,3576.6,2926.4,4322.95,2866.6,3253.8,14,2,3253.7,4,1,3253.4,50,5,3253.3,4,2,3253.2,2279,5,3253.9,44,3,3254.2,41,2,3254.3,40,1,3254.5,48,2,3254.6,13,1
11536,2025-12-30 10:25:30+05:30,3254.9,5,3248.15,222647,105312.0,105830.0,3250.0,3257.0,3239.8,3251.5,41601525,3576.6,2926.4,4322.95,2866.6,3254.0,7,1,3253.9,5,1,3253.8,20,3,3253.7,71,3,3253.6,66,4,3254.9,10,3,3255.0,103,4,3255.1,12,1,3255.2,56,1,3255.3,37,3
11536,2025-12-30 10:25:30+05:30,3254.9,5,3248.15,222647,105312.0,105830.0,3250.0,3257.0,3239.8,3251.5,41601525,3576.6,2926.4,4322.95,2866.6,3254.0,7,1,3253.9,5,1,3253.8,20,3,3253.7,71,3,3253.6,66,4,3254.9,10,3,3255.0,103,4,3255.1,12,1,3255.2,56,1,3255.3,37,3
11536,2025-12-30 10:25:31+05:30,3254.9,1,3248.15,222648,106808.0,106529.0,3250.0,3257.0,3239.8,3251.5,41601525,3576.6,2926.4,4322.95,2866.6,3253.8,14,2,3253.7,71,3,3253.6,102,4,3253.5,25,1,3253.4,142,9,3254.9,11,5,3255.0,56,3,3255.1,42,2,3255.3,84,4,3255.4,44,4
11536,2025-12-30 10:25:31+05:30,3254.9,1,3248.15,222648,106808.0,106529.0,3250.0,3257.0,3239.8,3251.5,41601525,3576.6,2926.4,4322.95,2866.6,3253.8,14,2,3253.7,71,3,3253.6,102,4,3253.5,25,1,3253.4,142,9,3254.9,11,5,3255.0,56,3,3255.1,42,2,3255.3,84,4,3255.4,44,4
11536,2025-12-30 10:25:32+05:30,3254.9,1,3248.15,222648,106808.0,106529.0,3250.0,3257.0,3239.8,3251.5,41601525,3576.6,2926.4,4322.95,2866.6,3253.8,14,2,3253.7,71,3,3253.6,102,4,3253.5,25,1,3253.4,142,9,3254.9,11,5,3255.0,56,3,3255.1,42,2,3255.3,84,4,3255.4,44,4
11536,2025-12-30 10:25:32+05:30,3253.8,1,3248.15,222663,106822.0,106346.0,3250.0,3257.0,3239.8,3251.5,41601525,3576.6,2926.4,4322.95,2866.6,3253.8,20,2,3253.7,71,3,3253.6,102,4,3253.5,25,1,3253.4,142,9,3254.9,3,3,3255.0,56,3,3255.1,42,2,3255.3,84,4,3255.4,44,4
11536,2025-12-30 10:25:32+05:30,3254.9,1,3248.15,222663,106822.0,106346.0,3250.0,3257.0,3239.8,3251.5,41601525,3576.6,2926.4,4322.95,2866.6,3253.8,20,2,3253.7,71,3,3253.6,102,4,3253.5,25,1,3253.4,142,9,3254.9,3,3,3255.0,56,3,3255.1,42,2,3255.3,84,4,3255.4,44,4
11536,2025-12-30 10:25:33+05:30,3254.9,1,3248.15,222663,106822.0,106346.0,3250.0,3257.0,3239.8,3251.5,41601525,3576.6,2926.4,4322.95,2866.6,3253.8,20,2,3253.7,71,3,3253.6,102,4,3253.5,25,1,3253.4,142,9,3254.9,3,3,3255.0,56,3,3255.1,42,2,3255.3,84,4,3255.4,44,4
11536,2025-12-30 10:25:33+05:30,3253.8,6,3248.15,222671,106902.0,106219.0,3250.0,3257.0,3239.8,3251.5,41601525,3576.6,2926.4,4322.95,2866.6,3253.8,80,4,3253.7,24,2,3253.6,150,7,3253.5,87,3,3253.4,162,11,3254.9,4,4,3255.0,15,1,3255.1,12,1,3255.3,37,3,3255.4,44,4
11536,2025-12-30 10:25:33+05:30,3253.8,6,3248.15,222671,106902.0,106219.0,3250.0,3257.0,3239.8,3251.5,41601525,3576.6,2926.4,4322.95,2866.6,3253.8,80,4,3253.7,24,2,3253.6,150,7,3253.5,87,3,3253.4,162,11,3254.9,4,4,3255.0,15,1,3255.1,12,1,3255.3,37,3,3255.4,44,4
11536,2025-12-30 10:25:34+05:30,3253.8,6,3248.15,222671,106902.0,106219.0,3250.0,3257.0,3239.8,3251.5,41601525,3576.6,2926.4,4322.95,2866.6,3253.8,80,4,3253.7,24,2,3253.6,150,7,3253.5,87,3,3253.4,162,11,3254.9,4,4,3255.0,15,1,3255.1,12,1,3255.3,37,3,3255.4,44,4
11536,2025-12-30 10:25:34+05:30,3253.8,1,3248.15,222672,106910.0,106222.0,3250.0,3257.0,3239.8,3251.5,41601525,3576.6,2926.4,4322.95,2866.6,3253.8,79,4,3253.7,24,2,3253.6,129,7,3253.5,87,3,3253.4,162,11,3254.9,7,7,3255.0,15,1,3255.1,12,1,3255.3,37,3,3255.4,44,4
11536,2025-12-30 10:25:34+05:30,3253.8,4,3248.15,222672,106910.0,106222.0,3250.0,3257.0,3239.8,3251.5,41601525,3576.6,2926.4,4322.95,2866.6,3253.8,79,4,3253.7,24,2,3253.6,129,7,3253.5,87,3,3253.4,162,11,3254.9,7,7,3255.0,15,1,3255.1,12,1,3255.3,37,3,3255.4,44,4
11536,2025-12-30 10:25:35+05:30,3253.8,4,3248.15,222672,106910.0,106222.0,3250.0,3257.0,3239.8,3251.5,41601525,3576.6,2926.4,4322.95,2866.6,3253.8,79,4,3253.7,24,2,3253.6,129,7,3253.5,87,3,3253.4,162,11,3254.9,7,7,3255.0,15,1,3255.1,12,1,3255.3,37,3,3255.4,44,4
11536,2025-12-30 10:25:35+05:30,3253.8,1,3248.15,222678,106906.0,106398.0,3250.0,3257.0,3239.8,3251.5,41601525,3576.6,2926.4,4322.95,2866.6,3253.8,74,4,3253.7,24,2,3253.6,130,8,3253.5,87,3,3253.4,162,11,3254.9,8,8,3255.0,15,1,3255.1,12,1,3255.3,37,3,3255.4,36,3
11536,2025-12-30 10:25:35+05:30,3253.8,3,3248.15,222678,106906.0,106398.0,3250.0,3257.0,3239.8,3251.5,41601525,3576.6,2926.4,4322.95,2866.6,3253.8,74,4,3253.7,24,2,3253.6,130,8,3253.5,87,3,3253.4,162,11,3254.9,8,8,3255.0,15,1,3255.1,12,1,3255.3,37,3,3255.4,36,3
11536,2025-12-30 10:25:36+05:30,3253.8,3,3248.15,222678,106906.0,106398.0,3250.0,3257.0,3239.8,3251.5,41601525,3576.6,2926.4,4322.95,2866.6,3253.8,74,4,3253.7,24,2,3253.6,130,8,3253.5,87,3,3253.4,162,11,3254.9,8,8,3255.0,15,1,3255.1,12,1,3255.3,37,3,3255.4,36,3
11536,2025-12-30 10:25:36+05:30,3253.8,3,3248.15,222684,107059.0,106397.0,3250.0,3257.0,3239.8,3251.5,41601525,3576.6,2926.4,4322.95,2866.6,3253.8,69,4,3253.7,24,2,3253.6,130,8,3253.5,87,3,3253.4,161,11,3254.9,7,7,3255.0,15,1,3255.1,12,1,3255.3,37,3,3255.4,36,3
11536,2025-12-30 10:25:36+05:30,3253.8,1,3248.15,222684,107059.0,106397.0,3250.0,3257.0,3239.8,3251.5,41601525,3576.6,2926.4,4322.95,2866.6,3253.8,69,4,3253.7,24,2,3253.6,130,8,3253.5,87,3,3253.4,161,11,3254.9,7,7,3255.0,15,1,3255.1,12,1,3255.3,37,3,3255.4,36,3
11536,2025-12-30 10:25:36+05:30,3253.8,1,3248.15,222684,107059.0,106397.0,3250.0,3257.0,3239.8,3251.5,41601525,3576.6,2926.4,4322.95,2866.6,3253.8,69,4,3253.7,24,2,3253.6,130,8,3253.5,87,3,3253.4,161,11,3254.9,7,7,3255.0,15,1,3255.1,12,1,3255.3,37,3,3255.4,36,3
11536,2025-12-30 10:25:37+05:30,3253.8,18,3248.15,222725,106693.0,106394.0,3250.0,3257.0,3239.8,3251.5,41601525,3576.6,2926.4,4322.95,2866.6,3253.7,4,1,3253.6,30,4,3253.5,26,2,3253.4,114,9,3253.3,37,3,3253.8,315,1,3254.9,76,8,3255.0,66,3,3255.2,125,4,3255.3,37,3
11536,2025-12-30 10:25:37+05:30,3253.8,18,3248.15,222725,106693.0,106394.0,3250.0,3257.0,3239.8,3251.5,41601525,3576.6,2926.4,4322.95,2866.6,3253.7,4,1,3253.6,30,4,3253.5,26,2,3253.4,114,9,3253.3,37,3,3253.8,315,1,3254.9,76,8,3255.0,66,3,3255.2,125,4,3255.3,37,3
11536,2025-12-30 10:25:37+05:30,3253.7,1,3248.15,222725,106693.0,106394.0,3250.0,3257.0,3239.8,3251.5,41601525,3576.6,2926.4,4322.95,2866.6,3253.7,4,1,3253.6,30,4,3253.5,26,2,3253.4,114,9,3253.3,37,3,3253.8,315,1,3254.9,76,8,3255.0,66,3,3255.2,125,4,3255.3,37,3
11536,2025-12-30 10:25:38+05:30,3253.7,1,3248.15,222725,106693.0,106394.0,3250.0,3257.0,3239.8,3251.5,41601525,3576.6,2926.4,4322.95,2866.6,3253.7,4,1,3253.6,30,4,3253.5,26,2,3253.4,114,9,3253.3,37,3,3253.8,315,1,3254.9,76,8,3255.0,66,3,3255.2,125,4,3255.3,37,3
11536,2025-12-30 10:25:38+05:30,3253.8,25,3248.15,222774,106869.0,106350.0,3250.0,3257.0,3239.8,3251.5,41601525,3576.6,2926.4,4322.95,2866.6,3253.7,1,1,3253.6,30,4,3253.5,53,3,3253.4,136,9,3253.3,67,4,3253.8,287,6,3254.9,60,5,3255.0,66,3,3255.2,125,4,3255.3,37,3
11536,2025-12-30 10:25:38+05:30,3253.7,1,3248.15,222774,106869.0,106350.0,3250.0,3257.0,3239.8,3251.5,41601525,3576.6,2926.4,4322.95,2866.6,3253.7,1,1,3253.6,30,4,3253.5,53,3,3253.4,136,9,3253.3,67,4,3253.8,287,6,3254.9,60,5,3255.0,66,3,3255.2,125,4,3255.3,37,3
11536,2025-12-30 10:25:39+05:30,3253.7,1,3248.15,222774,106869.0,106350.0,3250.0,3257.0,3239.8,3251.5,41601525,3576.6,2926.4,4322.95,2866.6,3253.7,1,1,3253.6,30,4,3253.5,53,3,3253.4,136,9,3253.3,67,4,3253.8,287,6,3254.9,60,5,3255.0,66,3,3255.2,125,4,3255.3,37,3
11536,2025-12-30 10:25:39+05:30,3253.7,1,3248.15,222776,106865.0,106288.0,3250.0,3257.0,3239.8,3251.5,41601525,3576.6,2926.4,4322.95,2866.6,3253.7,3,1,3253.6,50,5,3253.5,53,3,3253.4,136,9,3253.3,67,4,3253.8,289,8,3254.9,58,3,3255.0,66,3,3255.2,125,4,3255.3,37,3
11536,2025-12-30 10:25:39+05:30,3253.7,1,3248.15,222776,106865.0,106288.0,3250.0,3257.0,3239.8,3251.5,41601525,3576.6,2926.4,4322.95,2866.6,3253.7,3,1,3253.6,50,5,3253.5,53,3,3253.4,136,9,3253.3,67,4,3253.8,289,8,3254.9,58,3,3255.0,66,3,3255.2,125,4,3255.3,37,3
11536,2025-12-30 10:25:39+05:30,3253.7,10,3248.15,222776,106865.0,106288.0,3250.0,3257.0,3239.8,3251.5,41601525,3576.6,2926.4,4322.95,2866.6,3253.7,3,1,3253.6,50,5,3253.5,53,3,3253.4,136,9,3253.3,67,4,3253.8,289,8,3254.9,58,3,3255.0,66,3,3255.2,125,4,3255.3,37,3
11536,2025-12-30 10:25:40+05:30,3253.7,10,3248.15,222776,106865.0,106288.0,3250.0,3257.0,3239.8,3251.5,41601525,3576.6,2926.4,4322.95,2866.6,3253.7,3,1,3253.6,50,5,3253.5,53,3,3253.4,136,9,3253.3,67,4,3253.8,289,8,3254.9,58,3,3255.0,66,3,3255.2,125,4,3255.3,37,3
11536,2025-12-30 10:25:40+05:30,3253.7,1,3248.15,222795,106866.0,106267.0,3250.0,3257.0,3239.8,3251.5,41601525,3576.6,2926.4,4322.95,2866.6,3253.7,3,1,3253.6,50,5,3253.5,63,4,3253.4,136,9,3253.3,67,4,3253.8,291,10,3254.9,57,2,3255.0,66,3,3255.2,125,4,3255.3,64,4
11536,2025-12-30 10:25:40+05:30,3253.6,5,3248.15,222795,106866.0,106267.0,3250.0,3257.0,3239.8,3251.5,41601525,3576.6,2926.4,4322.95,2866.6,3253.7,3,1,3253.6,50,5,3253.5,63,4,3253.4,136,9,3253.3,67,4,3253.8,291,10,3254.9,57,2,3255.0,66,3,3255.2,125,4,3255.3,64,4
11536,2025-12-30 10:25:41+05:30,3253.8,1,3248.16,223112,107288.0,106223.0,3250.0,3257.0,3239.8,3251.5,41601525,3576.6,2926.4,4322.95,2866.6,3253.8,39,1,3253.7,61,1,3253.6,78,7,3253.5,98,5,3253.4,201,12,3254.9,56,1,3255.0,15,1,3255.2,43,1,3255.3,33,2,3255.4,28,2
11536,2025-12-30 10:25:41+05:30,3253.8,1,3248.16,223112,107288.0,106223.0,3250.0,3257.0,3239.8,3251.5,41601525,3576.6,2926.4,4322.95,2866.6,3253.8,39,1,3253.7,61,1,3253.6,78,7,3253.5,98,5,3253.4,201,12,3254.9,56,1,3255.0,15,1,3255.2,43,1,3255.3,33,2,3255.4,28,2
11536,2025-12-30 10:25:41+05:30,3253.8,1,3248.16,223112,107288.0,106223.0,3250.0,3257.0,3239.8,3251.5,41601525,3576.6,2926.4,4322.95,2866.6,3253.8,39,1,3253.7,61,1,3253.6,78,7,3253.5,98,5,3253.4,201,12,3254.9,56,1,3255.0,15,1,3255.2,43,1,3255.3,33,2,3255.4,28,2
11536,2025-12-30 10:25:42+05:30,3254.9,3,3248.16,223165,107398.0,104766.0,3250.0,3257.0,3239.8,3251.5,41601525,3576.6,2926.4,4322.95,2866.6,3253.8,142,5,3253.7,113,2,3253.6,129,9,3253.5,171,7,3253.4,171,11,3254.9,20,4,3255.0,15,1,3255.3,3,1,3255.4,28,2,3255.5,73,2
11536,2025-12-30 10:25:42+05:30,3254.9,3,3248.16,223165,107398.0,104766.0,3250.0,3257.0,3239.8,3251.5,41601525,3576.6,2926.4,4322.95,2866.6,3253.8,142,5,3253.7,113,2,3253.6,129,9,3253.5,171,7,3253.4,171,11,3254.9,20,4,3255.0,15,1,3255.3,3,1,3255.4,28,2,3255.5,73,2
11536,2025-12-30 10:25:43+05:30,3254.9,3,3248.16,223165,107398.0,104766.0,3250.0,3257.0,3239.8,3251.5,41601525,3576.6,2926.4,4322.95,2866.6,3253.8,142,5,3253.7,113,2,3253.6,129,9,3253.5,171,7,3253.4,171,11,3254.9,20,4,3255.0,15,1,3255.3,3,1,3255.4,28,2,3255.5,73,2
11536,2025-12-30 10:25:43+05:30,3253.8,18,3248.16,223287,104494.0,105724.0,3250.0,3257.0,3239.8,3251.5,41601525,3576.6,2926.4,4322.95,2866.6,3254.0,43,1,3253.9,12,1,3253.8,148,6,3253.7,27,1,3253.6,121,8,3254.9,8,3,3255.0,15,1,3255.3,3,1,3255.4,28,2,3255.6,82,6
11536,2025-12-30 10:25:43+05:30,3254.9,1,3248.16,223287,104494.0,105724.0,3250.0,3257.0,3239.8,3251.5,41601525,3576.6,2926.4,4322.95,2866.6,3254.0,43,1,3253.9,12,1,3253.8,148,6,3253.7,27,1,3253.6,121,8,3254.9,8,3,3255.0,15,1,3255.3,3,1,3255.4,28,2,3255.6,82,6
11536,2025-12-30 10:25:44+05:30,3254.0,2,3248.16,223337,107443.0,104815.0,3250.0,3257.0,3239.8,3251.5,41601525,3576.6,2926.4,4322.95,2866.6,3253.8,160,7,3253.7,27,1,3253.6,90,6,3253.5,67,5,3253.4,105,10,3254.0,2,1,3254.9,9,5,3255.0,15,1,3255.3,3,1,3255.4,48,3
11536,2025-12-30 10:25:44+05:30,3254.0,2,3248.16,223337,107443.0,104815.0,3250.0,3257.0,3239.8,3251.5,41601525,3576.6,2926.4,4322.95,2866.6,3253.8,160,7,3253.7,27,1,3253.6,90,6,3253.5,67,5,3253.4,105,10,3254.0,2,1,3254.9,9,5,3255.0,15,1,3255.3,3,1,3255.4,48,3
11536,2025-12-30 10:25:44+05:30,3254.0,2,3248.16,223337,107443.0,104815.0,3250.0,3257.0,3239.8,3251.5,41601525,3576.6,2926.4,4322.95,2866.6,3253.8,160,7,3253.7,27,1,3253.6,90,6,3253.5,67,5,3253.4,105,10,3254.0,2,1,3254.9,9,5,3255.0,15,1,3255.3,3,1,3255.4,48,3
11536,2025-12-30 10:25:45+05:30,3254.0,1,3248.16,223338,108487.0,104929.0,3250.0,3257.0,3239.8,3251.5,41601525,3576.6,2926.4,4322.95,2866.6,3253.8,203,8,3253.7,27,1,3253.6,101,7,3253.5,57,4,3253.4,105,10,3254.0,4,3,3254.9,9,5,3255.0,15,1,3255.3,3,1,3255.4,48,3
11536,2025-12-30 10:25:45+05:30,3253.8,24,3248.16,223338,108487.0,104929.0,3250.0,3257.0,3239.8,3251.5,41601525,3576.6,2926.4,4322.95,2866.6,3253.8,203,8,3253.7,27,1,3253.6,101,7,3253.5,57,4,3253.4,105,10,3254.0,4,3,3254.9,9,5,3255.0,15,1,3255.3,3,1,3255.4,48,3
11536,2025-12-30 10:25:46+05:30,3254.0,1,3248.16,223386,108547.0,105173.0,3250.0,3257.0,3239.8,3251.5,41601525,3576.6,2926.4,4322.95,2866.6,3253.8,200,5,3253.7,70,2,3253.6,71,6,3253.5,71,5,3253.4,87,10,3254.0,8,5,3254.9,3,2,3255.0,15,1,3255.3,33,2,3255.4,48,3
11536,2025-12-30 10:25:46+05:30,3254.0,1,3248.16,223386,108547.0,105173.0,3250.0,3257.0,3239.8,3251.5,41601525,3576.6,2926.4,4322.95,2866.6,3253.8,200,5,3253.7,70,2,3253.6,71,6,3253.5,71,5,3253.4,87,10,3254.0,8,5,3254.9,3,2,3255.0,15,1,3255.3,33,2,3255.4,48,3
11536,2025-12-30 10:25:46+05:30,3253.8,1,3248.16,223386,108547.0,105173.0,3250.0,3257.0,3239.8,3251.5,41601525,3576.6,2926.4,4322.95,2866.6,3253.8,200,5,3253.7,70,2,3253.6,71,6,3253.5,71,5,3253.4,87,10,3254.0,8,5,3254.9,3,2,3255.0,15,1,3255.3,33,2,3255.4,48,3
11536,2025-12-30 10:25:47+05:30,3253.8,1,3248.17,223429,108551.0,105515.0,3250.0,3257.0,3239.8,3251.5,41601525,3576.6,2926.4,4322.95,2866.6,3253.8,245,8,3253.7,29,2,3253.6,71,6,3253.5,71,5,3253.4,87,10,3254.0,9,7,3255.0,15,1,3255.3,33,2,3255.4,48,3,3255.5,76,2
11536,2025-12-30 10:25:47+05:30,3253.8,14,3248.17,223429,108551.0,105515.0,3250.0,3257.0,3239.8,3251.5,41601525,3576.6,2926.4,4322.95,2866.6,3253.8,245,8,3253.7,29,2,3253.6,71,6,3253.5,71,5,3253.4,87,10,3254.0,9,7,3255.0,15,1,3255.3,33,2,3255.4,48,3,3255.5,76,2
11536,2025-12-30 10:25:48+05:30,3253.8,14,3248.17,223429,108551.0,105515.0,3250.0,3257.0,3239.8,3251.5,41601525,3576.6,2926.4,4322.95,2866.6,3253.8,245,8,3253.7,29,2,3253.6,71,6,3253.5,71,5,3253.4,87,10,3254.0,9,7,3255.0,15,1,3255.3,33,2,3255.4,48,3,3255.5,76,2
11536,2025-12-30 10:25:48+05:30,3253.8,14,3248.17,223449,108531.0,105521.0,3250.0,3257.0,3239.8,3251.5,41601525,3576.6,2926.4,4322.95,2866.6,3253.8,213,7,3253.7,29,2,3253.6,71,6,3253.5,71,5,3253.4,87,10,3254.0,8,7,3255.0,15,1,3255.3,33,2,3255.4,48,3,3255.5,76,2
11536,2025-12-30 10:25:48+05:30,3254.0,1,3248.17,223449,108531.0,105521.0,3250.0,3257.0,3239.8,3251.5,41601525,3576.6,2926.4,4322.95,2866.6,3253.8,213,7,3253.7,29,2,3253.6,71,6,3253.5,71,5,3253.4,87,10,3254.0,8,7,3255.0,15,1,3255.3,33,2,3255.4,48,3,3255.5,76,2
11536,2025-12-30 10:25:49+05:30,3254.0,1,3248.17,223449,108531.0,105521.0,3250.0,3257.0,3239.8,3251.5,41653325,3576.6,2926.4,4322.95,2866.6,3253.8,213,7,3253.7,29,2,3253.6,71,6,3253.5,71,5,3253.4,87,10,3254.0,8,7,3255.0,15,1,3255.3,33,2,3255.4,48,3,3255.5,76,2
11536,2025-12-30 10:25:49+05:30,3254.0,1,3248.17,223490,108769.0,105789.0,3250.0,3257.0,3239.8,3251.5,41653325,3576.6,2926.4,4322.95,2866.6,3253.9,87,4,3253.8,258,8,3253.7,37,3,3253.6,115,6,3253.5,132,6,3255.0,16,2,3255.3,30,1,3255.4,28,2,3255.5,30,1,3255.6,80,4
11536,2025-12-30 10:25:49+05:30,3253.9,2,3248.17,223490,108769.0,105789.0,3250.0,3257.0,3239.8,3251.5,41653325,3576.6,2926.4,4322.95,2866.6,3253.9,87,4,3253.8,258,8,3253.7,37,3,3253.6,115,6,3253.5,132,6,3255.0,16,2,3255.3,30,1,3255.4,28,2,3255.5,30,1,3255.6,80,4
11536,2025-12-30 10:25:50+05:30,3253.9,2,3248.17,223492,108681.0,106193.0,3250.0,3257.0,3239.8,3251.5,41653325,3576.6,2926.4,4322.95,2866.6,3253.9,4,1,3253.8,279,9,3253.7,29,2,3253.6,94,6,3253.5,71,5,3255.0,57,4,3255.1,48,1,3255.2,19,1,3255.3,30,1,3255.4,61,3
11536,2025-12-30 10:25:51+05:30,3253.9,2,3248.17,223492,108681.0,106193.0,3250.0,3257.0,3239.8,3251.5,41653325,3576.6,2926.4,4322.95,2866.6,3253.9,4,1,3253.8,279,9,3253.7,29,2,3253.6,94,6,3253.5,71,5,3255.0,57,4,3255.1,48,1,3255.2,19,1,3255.3,30,1,3255.4,61,3
11536,2025-12-30 10:25:51+05:30,3255.0,2,3248.17,223503,108290.0,105800.0,3250.0,3257.0,3239.8,3251.5,41653325,3576.6,2926.4,4322.95,2866.6,3253.9,92,5,3253.8,227,8,3253.7,68,4,3253.6,54,5,3253.5,202,8,3255.0,14,2,3255.3,30,1,3255.4,28,2,3255.5,30,1,3255.6,44,4
11536,2025-12-30 10:25:51+05:30,3255.0,2,3248.17,223503,108290.0,105800.0,3250.0,3257.0,3239.8,3251.5,41653325,3576.6,2926.4,4322.95,2866.6,3253.9,92,5,3253.8,227,8,3253.7,68,4,3253.6,54,5,3253.5,202,8,3255.0,14,2,3255.3,30,1,3255.4,28,2,3255.5,30,1,3255.6,44,4
11536,2025-12-30 10:25:52+05:30,3253.9,1,3248.17,223508,108342.0,106273.0,3250.0,3257.0,3239.8,3251.5,41653325,3576.6,2926.4,4322.95,2866.6,3254.0,52,2,3253.9,97,3,3253.8,257,9,3253.7,38,3,3253.6,54,5,3255.0,15,3,3255.4,25,1,3255.6,74,5,3255.7,57,3,3255.8,112,7
11536,2025-12-30 10:25:52+05:30,3253.9,1,3248.17,223508,108342.0,106273.0,3250.0,3257.0,3239.8,3251.5,41653325,3576.6,2926.4,4322.95,2866.6,3254.0,52,2,3253.9,97,3,3253.8,257,9,3253.7,38,3,3253.6,54,5,3255.0,15,3,3255.4,25,1,3255.6,74,5,3255.7,57,3,3255.8,112,7
11536,2025-12-30 10:25:53+05:30,3255.0,7,3248.17,223515,108899.0,106266.0,3250.0,3257.0,3239.8,3251.5,41653325,3576.6,2926.4,4322.95,2866.6,3254.0,125,5,3253.9,84,5,3253.8,257,9,3253.7,38,3,3253.6,54,5,3255.0,12,7,3255.4,25,1,3255.6,62,4,3255.7,57,3,3255.8,112,7
11536,2025-12-30 10:25:53+05:30,3254.0,4,3248.17,223515,108899.0,106266.0,3250.0,3257.0,3239.8,3251.5,41653325,3576.6,2926.4,4322.95,2866.6,3254.0,125,5,3253.9,84,5,3253.8,257,9,3253.7,38,3,3253.6,54,5,3255.0,12,7,3255.4,25,1,3255.6,62,4,3255.7,57,3,3255.8,112,7
11536,2025-12-30 10:25:54+05:30,3254.0,4,3248.17,223519,108943.0,106318.0,3250.0,3257.0,3239.8,3251.5,41653325,3576.6,2926.4,4322.95,2866.6,3254.0,173,6,3253.9,84,5,3253.8,258,10,3253.7,38,3,3253.6,54,5,3255.0,12,7,3255.4,25,1,3255.6,108,5,3255.7,11,2,3255.8,112,7
11536,2025-12-30 10:25:54+05:30,3254.1,2,3248.17,223519,108943.0,106318.0,3250.0,3257.0,3239.8,3251.5,41653325,3576.6,2926.4,4322.95,2866.6,3254.0,173,6,3253.9,84,5,3253.8,258,10,3253.7,38,3,3253.6,54,5,3255.0,12,7,3255.4,25,1,3255.6,108,5,3255.7,11,2,3255.8,112,7
11536,2025-12-30 10:25:55+05:30,3254.0,2,3248.17,223527,108134.0,104764.0,3250.0,3257.0,3239.8,3251.5,41653325,3576.6,2926.4,4322.95,2866.6,3254.0,88,4,3253.9,76,4,3253.8,228,9,3253.7,29,2,3253.6,53,5,3255.0,9,7,3255.1,40,1,3255.2,48,1,3255.4,59,3,3255.6,89,4
11536,2025-12-30 10:25:55+05:30,3254.0,1,3248.17,223527,108134.0,104764.0,3250.0,3257.0,3239.8,3251.5,41653325,3576.6,2926.4,4322.95,2866.6,3254.0,88,4,3253.9,76,4,3253.8,228,9,3253.7,29,2,3253.6,53,5,3255.0,9,7,3255.1,40,1,3255.2,48,1,3255.4,59,3,3255.6,89,4
11536,2025-12-30 10:25:56+05:30,3254.0,2,3248.17,223530,108472.0,106165.0,3250.0,3257.0,3239.8,3251.5,41653325,3576.6,2926.4,4322.95,2866.6,3254.0,74,3,3253.9,76,4,3253.8,228,9,3253.7,29,2,3253.6,53,5,3255.0,10,8,3255.1,40,1,3255.2,48,1,3255.4,59,3,3255.6,89,4
11536,2025-12-30 10:25:56+05:30,3254.0,1,3248.17,223530,108472.0,106165.0,3250.0,3257.0,3239.8,3251.5,41653325,3576.6,2926.4,4322.95,2866.6,3254.0,74,3,3253.9,76,4,3253.8,228,9,3253.7,29,2,3253.6,53,5,3255.0,10,8,3255.1,40,1,3255.2,48,1,3255.4,59,3,3255.6,89,4
11536,2025-12-30 10:25:57+05:30,3254.0,1,3248.17,223533,108224.0,104741.0,3250.0,3257.0,3239.8,3251.5,41653325,3576.6,2926.4,4322.95,2866.6,3254.0,135,5,3253.9,50,3,3253.8,199,7,3253.7,2,1,3253.6,34,4,3255.0,9,7,3255.1,40,1,3255.2,48,1,3255.4,59,3,3255.6,89,4
11536,2025-12-30 10:25:57+05:30,3254.0,1,3248.17,223533,108224.0,104741.0,3250.0,3257.0,3239.8,3251.5,41653325,3576.6,2926.4,4322.95,2866.6,3254.0,135,5,3253.9,50,3,3253.8,199,7,3253.7,2,1,3253.6,34,4,3255.0,9,7,3255.1,40,1,3255.2,48,1,3255.4,59,3,3255.6,89,4
11536,2025-12-30 10:25:58+05:30,3254.0,1,3248.17,223542,108058.0,104762.0,3250.0,3257.0,3239.8,3251.5,41653325,3576.6,2926.4,4322.95,2866.6,3254.0,122,4,3253.9,50,3,3253.8,199,7,3253.7,13,2,3253.6,27,3,3255.0,23,9,3255.1,40,1,3255.2,48,1,3255.4,59,3,3255.5,46,1
11536,2025-12-30 10:25:58+05:30,3254.0,1,3248.17,223542,108058.0,104762.0,3250.0,3257.0,3239.8,3251.5,41653325,3576.6,2926.4,4322.95,2866.6,3254.0,122,4,3253.9,50,3,3253.8,199,7,3253.7,13,2,3253.6,27,3,3255.0,23,9,3255.1,40,1,3255.2,48,1,3255.4,59,3,3255.5,46,1
11536,2025-12-30 10:25:59+05:30,3255.0,2,3248.17,223549,108932.0,105918.0,3250.0,3257.0,3239.8,3251.5,41653325,3576.6,2926.4,4322.95,2866.6,3254.0,147,6,3253.9,164,6,3253.8,240,9,3253.7,43,4,3253.6,38,4,3255.0,20,7,3255.1,40,1,3255.2,48,1,3255.4,30,1,3255.6,43,3
11536,2025-12-30 10:25:59+05:30,3255.0,2,3248.17,223549,108932.0,105918.0,3250.0,3257.0,3239.8,3251.5,41653325,3576.6,2926.4,4322.95,2866.6,3254.0,147,6,3253.9,164,6,3253.8,240,9,3253.7,43,4,3253.6,38,4,3255.0,20,7,3255.1,40,1,3255.2,48,1,3255.4,30,1,3255.6,43,3
11536,2025-12-30 10:26:00+05:30,3254.0,1,3248.17,223549,108932.0,105918.0,3250.0,3257.0,3239.8,3251.5,41653325,3576.6,2926.4,4322.95,2866.6,3254.0,147,6,3253.9,164,6,3253.8,240,9,3253.7,43,4,3253.6,38,4,3255.0,20,7,3255.1,40,1,3255.2,48,1,3255.4,30,1,3255.6,43,3
11536,2025-12-30 10:26:00+05:30,3254.0,1,3248.17,223563,108759.0,105925.0,3250.0,3257.0,3239.8,3251.5,41653325,3576.6,2926.4,4322.95,2866.6,3254.0,103,4,3253.9,98,4,3253.8,248,9,3253.7,34,3,3253.6,109,6,3255.0,18,5,3255.1,40,1,3255.2,48,1,3255.4,30,1,3255.6,89,4
11536,2025-12-30 10:26:01+05:30,3254.0,1,3248.17,223568,108714.0,105945.0,3250.0,3257.0,3239.8,3251.5,41653325,3576.6,2926.4,4322.95,2866.6,3254.0,100,4,3253.9,50,3,3253.8,218,8,3253.7,34,3,3253.6,109,6,3255.0,17,5,3255.1,40,1,3255.2,48,1,3255.4,30,1,3255.6,122,6
11536,2025-12-30 10:26:01+05:30,3254.0,1,3248.17,223568,108714.0,105945.0,3250.0,3257.0,3239.8,3251.5,41653325,3576.6,2926.4,4322.95,2866.6,3254.0,100,4,3253.9,50,3,3253.8,218,8,3253.7,34,3,3253.6,109,6,3255.0,17,5,3255.1,40,1,3255.2,48,1,3255.4,30,1,3255.6,122,6
11536,2025-12-30 10:26:02+05:30,3254.0,1,3248.17,223569,108590.0,105977.0,3250.0,3257.0,3239.8,3251.5,41653325,3576.6,2926.4,4322.95,2866.6,3254.0,104,5,3253.9,50,3,3253.8,181,6,3253.7,34,3,3253.6,27,3,3255.0,99,7,3255.1,28,1,3255.4,30,1,3255.6,137,6,3255.7,13,2
11536,2025-12-30 10:26:02+05:30,3254.0,4,3248.17,223569,108590.0,105977.0,3250.0,3257.0,3239.8,3251.5,41653325,3576.6,2926.4,4322.95,2866.6,3254.0,104,5,3253.9,50,3,3253.8,181,6,3253.7,34,3,3253.6,27,3,3255.0,99,7,3255.1,28,1,3255.4,30,1,3255.6,137,6,3255.7,13,2
11536,2025-12-30 10:26:03+05:30,3254.0,2,3248.17,223575,108594.0,106115.0,3250.0,3257.0,3239.8,3251.5,41653325,3576.6,2926.4,4322.95,2866.6,3254.0,98,5,3253.9,50,3,3253.8,181,6,3253.7,37,3,3253.6,27,3,3255.0,99,7,3255.1,28,1,3255.4,30,1,3255.6,91,5,3255.7,59,3
11536,2025-12-30 10:26:03+05:30,3254.0,2,3248.17,223575,108594.0,106115.0,3250.0,3257.0,3239.8,3251.5,41653325,3576.6,2926.4,4322.95,2866.6,3254.0,98,5,3253.9,50,3,3253.8,181,6,3253.7,37,3,3253.6,27,3,3255.0,99,7,3255.1,28,1,3255.4,30,1,3255.6,91,5,3255.7,59,3
11536,2025-12-30 10:26:04+05:30,3254.0,1,3248.17,223575,108594.0,106115.0,3250.0,3257.0,3239.8,3251.5,41653325,3576.6,2926.4,4322.95,2866.6,3254.0,98,5,3253.9,50,3,3253.8,181,6,3253.7,37,3,3253.6,27,3,3255.0,99,7,3255.1,28,1,3255.4,30,1,3255.6,91,5,3255.7,59,3
11536,2025-12-30 10:26:04+05:30,3254.0,1,3248.17,223578,108642.0,105927.0,3250.0,3257.0,3239.8,3251.5,41653325,3576.6,2926.4,4322.95,2866.6,3254.0,95,5,3253.9,69,4,3253.8,191,7,3253.7,46,3,3253.6,37,4,3254.9,45,2,3255.0,28,5,3255.3,38,1,3255.4,30,1,3255.6,91,5
11536,2025-12-30 10:26:05+05:30,3254.0,1,3248.17,223578,108642.0,105927.0,3250.0,3257.0,3239.8,3251.5,41653325,3576.6,2926.4,4322.95,2866.6,3254.0,95,5,3253.9,69,4,3253.8,191,7,3253.7,46,3,3253.6,37,4,3254.9,45,2,3255.0,28,5,3255.3,38,1,3255.4,30,1,3255.6,91,5
11536,2025-12-30 10:26:06+05:30,3254.0,1,3248.17,223583,108644.0,105860.0,3250.0,3257.0,3239.8,3251.5,41653325,3576.6,2926.4,4322.95,2866.6,3254.0,93,5,3253.9,69,4,3253.8,181,6,3253.7,53,4,3253.6,37,4,3254.9,57,5,3255.0,13,2,3255.3,38,1,3255.4,30,1,3255.6,91,5
11536,2025-12-30 10:26:06+05:30,3254.0,1,3248.17,223583,108644.0,105860.0,3250.0,3257.0,3239.8,3251.5,41653325,3576.6,2926.4,4322.95,2866.6,3254.0,93,5,3253.9,69,4,3253.8,181,6,3253.7,53,4,3253.6,37,4,3254.9,57,5,3255.0,13,2,3255.3,38,1,3255.4,30,1,3255.6,91,5
11536,2025-12-30 10:26:06+05:30,3254.0,1,3248.17,223586,108654.0,106006.0,3250.0,3257.0,3239.8,3251.5,41653325,3576.6,2926.4,4322.95,2866.6,3254.0,91,5,3253.9,50,3,3253.8,181,6,3253.7,46,3,3253.6,27,3,3254.9,57,6,3255.0,12,1,3255.3,38,1,3255.4,30,1,3255.5,10,1
11536,2025-12-30 10:26:07+05:30,3254.0,1,3248.17,223586,108654.0,106006.0,3250.0,3257.0,3239.8,3251.5,41653325,3576.6,2926.4,4322.95,2866.6,3254.0,91,5,3253.9,50,3,3253.8,181,6,3253.7,46,3,3253.6,27,3,3254.9,57,6,3255.0,12,1,3255.3,38,1,3255.4,30,1,3255.5,10,1
11536,2025-12-30 10:26:08+05:30,3254.0,1,3248.17,223588,108615.0,106057.0,3250.0,3257.0,3239.8,3251.5,41653325,3576.6,2926.4,4322.95,2866.6,3254.0,79,4,3253.9,50,3,3253.8,190,7,3253.7,46,3,3253.6,27,3,3254.9,55,4,3255.0,12,1,3255.2,76,3,3255.4,40,2,3255.6,121,6
11536,2025-12-30 10:26:08+05:30,3254.9,10,3248.17,223588,108615.0,106057.0,3250.0,3257.0,3239.8,3251.5,41653325,3576.6,2926.4,4322.95,2866.6,3254.0,79,4,3253.9,50,3,3253.8,190,7,3253.7,46,3,3253.6,27,3,3254.9,55,4,3255.0,12,1,3255.2,76,3,3255.4,40,2,3255.6,121,6
11536,2025-12-30 10:26:08+05:30,3254.9,10,3248.17,223639,108687.0,106494.0,3250.0,3257.0,3239.8,3251.5,41653325,3576.6,2926.4,4322.95,2866.6,3254.0,88,5,3253.9,50,3,3253.8,225,7,3253.7,46,3,3253.6,37,4,3254.9,5,3,3255.0,12,1,3255.1,38,1,3255.2,28,1,3255.4,40,2
11536,2025-12-30 10:26:09+05:30,3254.9,1,3248.17,223639,108687.0,106494.0,3250.0,3257.0,3239.8,3251.5,41653325,3576.6,2926.4,4322.95,2866.6,3254.0,88,5,3253.9,50,3,3253.8,225,7,3253.7,46,3,3253.6,37,4,3254.9,5,3,3255.0,12,1,3255.1,38,1,3255.2,28,1,3255.4,40,2
11536,2025-12-30 10:26:10+05:30,3254.9,1,3248.17,223642,108652.0,106704.0,3250.0,3257.0,3239.8,3251.5,41653325,3576.6,2926.4,4322.95,2866.6,3254.0,77,4,3253.9,50,3,3253.8,244,9,3253.7,52,4,3253.6,37,4,3254.9,6,5,3255.0,12,1,3255.1,38,1,3255.2,72,2,3255.4,40,2
11536,2025-12-30 10:26:10+05:30,3254.0,1,3248.17,223642,108652.0,106704.0,3250.0,3257.0,3239.8,3251.5,41653325,3576.6,2926.4,4322.95,2866.6,3254.0,77,4,3253.9,50,3,3253.8,244,9,3253.7,52,4,3253.6,37,4,3254.9,6,5,3255.0,12,1,3255.1,38,1,3255.2,72,2,3255.4,40,2
11536,2025-12-30 10:26:11+05:30,3254.0,8,3248.17,223658,108698.0,105303.0,3250.0,3257.0,3239.8,3251.5,41653325,3576.6,2926.4,4322.95,2866.6,3254.1,6,1,3254.0,113,7,3253.9,91,4,3253.8,206,9,3253.7,46,3,3254.9,4,4,3255.2,28,1,3255.4,30,1,3255.6,111,5,3255.7,64,3
11536,2025-12-30 10:26:11+05:30,3254.1,1,3248.17,223658,108698.0,105303.0,3250.0,3257.0,3239.8,3251.5,41653325,3576.6,2926.4,4322.95,2866.6,3254.1,6,1,3254.0,113,7,3253.9,91,4,3253.8,206,9,3253.7,46,3,3254.9,4,4,3255.2,28,1,3255.4,30,1,3255.6,111,5,3255.7,64,3
11536,2025-12-30 10:26:12+05:30,3254.1,1,3248.17,223668,108732.0,105284.0,3250.0,3257.0,3239.8,3251.5,41653325,3576.6,2926.4,4322.95,2866.6,3254.1,5,1,3254.0,138,9,3253.9,117,5,3253.8,197,8,3253.7,46,3,3254.9,3,3,3255.2,28,1,3255.4,30,1,3255.6,111,5,3255.7,64,3
11536,2025-12-30 10:26:12+05:30,3254.9,1,3248.17,223668,108732.0,105284.0,3250.0,3257.0,3239.8,3251.5,41653325,3576.6,2926.4,4322.95,2866.6,3254.1,5,1,3254.0,138,9,3253.9,117,5,3253.8,197,8,3253.7,46,3,3254.9,3,3,3255.2,28,1,3255.4,30,1,3255.6,111,5,3255.7,64,3
11536,2025-12-30 10:26:13+05:30,3254.0,4,3248.17,223675,108724.0,107076.0,3250.0,3257.0,3239.8,3251.5,41653325,3576.6,2926.4,4322.95,2866.6,3254.0,64,5,3253.9,50,3,3253.8,200,7,3253.7,56,4,3253.6,94,5,3254.9,34,4,3255.1,35,1,3255.2,28,1,3255.3,41,1,3255.4,40,2
11536,2025-12-30 10:26:13+05:30,3254.9,1,3248.17,223675,108724.0,107076.0,3250.0,3257.0,3239.8,3251.5,41653325,3576.6,2926.4,4322.95,2866.6,3254.0,64,5,3253.9,50,3,3253.8,200,7,3253.7,56,4,3253.6,94,5,3254.9,34,4,3255.1,35,1,3255.2,28,1,3255.3,41,1,3255.4,40,2
11536,2025-12-30 10:26:14+05:30,3254.0,2,3248.17,223682,108782.0,106721.0,3250.0,3257.0,3239.8,3251.5,41653325,3576.6,2926.4,4322.95,2866.6,3254.0,62,5,3253.9,50,3,3253.8,261,10,3253.7,52,4,3253.6,103,6,3254.9,32,3,3255.1,41,1,3255.2,28,1,3255.3,35,1,3255.4,40,2
11536,2025-12-30 10:26:14+05:30,3254.0,2,3248.17,223682,108782.0,106721.0,3250.0,3257.0,3239.8,3251.5,41653325,3576.6,2926.4,4322.95,2866.6,3254.0,62,5,3253.9,50,3,3253.8,261,10,3253.7,52,4,3253.6,103,6,3254.9,32,3,3255.1,41,1,3255.2,28,1,3255.3,35,1,3255.4,40,2
11536,2025-12-30 10:26:15+05:30,3254.9,1,3248.17,223684,108761.0,106721.0,3250.0,3257.0,3239.8,3251.5,41653325,3576.6,2926.4,4322.95,2866.6,3254.0,71,6,3253.9,50,3,3253.8,251,9,3253.7,52,4,3253.6,103,6,3254.9,32,5,3255.1,76,2,3255.2,28,1,3255.4,40,2,3255.5,3,1
11536,2025-12-30 10:26:15+05:30,3254.0,2,3248.17,223684,108761.0,106721.0,3250.0,3257.0,3239.8,3251.5,41653325,3576.6,2926.4,4322.95,2866.6,3254.0,71,6,3253.9,50,3,3253.8,251,9,3253.7,52,4,3253.6,103,6,3254.9,32,5,3255.1,76,2,3255.2,28,1,3255.4,40,2,3255.5,3,1
11536,2025-12-30 10:26:16+05:30,3254.0,1,3248.17,223690,108760.0,106728.0,3250.0,3257.0,3239.8,3251.5,41653325,3576.6,2926.4,4322.95,2866.6,3254.0,47,4,3253.9,50,3,3253.8,261,10,3253.7,52,4,3253.6,103,6,3254.9,31,5,3255.1,76,2,3255.2,28,1,3255.4,40,2,3255.5,3,1
11536,2025-12-30 10:26:16+05:30,3254.0,1,3248.17,223690,108760.0,106728.0,3250.0,3257.0,3239.8,3251.5,41653325,3576.6,2926.4,4322.95,2866.6,3254.0,47,4,3253.9,50,3,3253.8,261,10,3253.7,52,4,3253.6,103,6,3254.9,31,5,3255.1,76,2,3255.2,28,1,3255.4,40,2,3255.5,3,1
11536,2025-12-30 10:26:17+05:30,3254.0,1,3248.17,223692,108772.0,106761.0,3250.0,3257.0,3239.8,3251.5,41653325,3576.6,2926.4,4322.95,2866.6,3254.0,47,5,3253.9,50,3,3253.8,261,10,3253.7,62,5,3253.6,103,6,3254.9,29,3,3255.1,76,2,3255.2,28,1,3255.4,40,2,3255.5,3,1
11536,2025-12-30 10:26:17+05:30,3254.9,1,3248.17,223692,108772.0,106761.0,3250.0,3257.0,3239.8,3251.5,41653325,3576.6,2926.4,4322.95,2866.6,3254.0,47,5,3253.9,50,3,3253.8,261,10,3253.7,62,5,3253.6,103,6,3254.9,29,3,3255.1,76,2,3255.2,28,1,3255.4,40,2,3255.5,3,1
11536,2025-12-30 10:26:18+05:30,3254.0,1,3248.17,223695,108529.0,106706.0,3250.0,3257.0,3239.8,3251.5,41653325,3576.6,2926.4,4322.95,2866.6,3254.0,54,6,3253.9,59,4,3253.8,181,6,3253.7,18,3,3253.6,36,4,3254.8,53,2,3254.9,28,3,3255.0,45,2,3255.2,28,1,3255.4,59,3
11536,2025-12-30 10:26:18+05:30,3254.0,1,3248.17,223695,108529.0,106706.0,3250.0,3257.0,3239.8,3251.5,41653325,3576.6,2926.4,4322.95,2866.6,3254.0,54,6,3253.9,59,4,3253.8,181,6,3253.7,18,3,3253.6,36,4,3254.8,53,2,3254.9,28,3,3255.0,45,2,3255.2,28,1,3255.4,59,3
11536,2025-12-30 10:26:19+05:30,3254.0,1,3248.17,223696,108499.0,106393.0,3250.0,3257.0,3239.8,3251.5,41653325,3576.6,2926.4,4322.95,2866.6,3254.0,97,8,3253.9,91,4,3253.8,207,8,3253.7,46,4,3253.6,36,4,3254.8,1,1,3254.9,27,2,3255.4,19,1,3255.5,3,1,3255.6,127,7
11536,2025-12-30 10:26:19+05:30,3254.0,1,3248.17,223696,108499.0,106393.0,3250.0,3257.0,3239.8,3251.5,41653325,3576.6,2926.4,4322.95,2866.6,3254.0,97,8,3253.9,91,4,3253.8,207,8,3253.7,46,4,3253.6,36,4,3254.8,1,1,3254.9,27,2,3255.4,19,1,3255.5,3,1,3255.6,127,7
11536,2025-12-30 10:26:20+05:30,3254.0,1,3248.17,223698,108416.0,106485.0,3250.0,3257.0,3239.8,3251.5,41653325,3576.6,2926.4,4322.95,2866.6,3254.0,141,9,3253.9,72,4,3253.8,235,9,3253.7,18,3,3253.6,63,5,3254.9,26,1,3255.5,7,2,3255.6,81,6,3255.7,3,1,3255.8,168,11
11536,2025-12-30 10:26:20+05:30,3254.0,1,3248.17,223698,108416.0,106485.0,3250.0,3257.0,3239.8,3251.5,41653325,3576.6,2926.4,4322.95,2866.6,3254.0,141,9,3253.9,72,4,3253.8,235,9,3253.7,18,3,3253.6,63,5,3254.9,26,1,3255.5,7,2,3255.6,81,6,3255.7,3,1,3255.8,168,11
11536,2025-12-30 10:26:21+05:30,3254.0,1,3248.17,223698,108630.0,106650.0,3250.0,3257.0,3239.8,3251.5,41653325,3576.6,2926.4,4322.95,2866.6,3254.0,141,9,3253.9,72,4,3253.8,235,9,3253.7,18,3,3253.6,63,5,3254.9,28,3,3255.5,7,2,3255.6,81,6,3255.7,49,2,3255.8,122,10
11536,2025-12-30 10:26:22+05:30,3254.9,10,3248.17,223709,108656.0,106457.0,3250.0,3257.0,3239.8,3251.5,41653325,3576.6,2926.4,4322.95,2866.6,3254.1,58,2,3254.0,141,9,3253.9,72,4,3253.8,177,8,3253.7,18,3,3254.9,17,2,3255.5,7,2,3255.6,81,6,3255.7,49,2,3255.8,122,10
11536,2025-12-30 10:26:22+05:30,3254.9,10,3248.17,223709,108656.0,106457.0,3250.0,3257.0,3239.8,3251.5,41653325,3576.6,2926.4,4322.95,2866.6,3254.1,58,2,3254.0,141,9,3253.9,72,4,3253.8,177,8,3253.7,18,3,3254.9,17,2,3255.5,7,2,3255.6,81,6,3255.7,49,2,3255.8,122,10
11536,2025-12-30 10:26:23+05:30,3254.9,2,3248.17,223713,108120.0,105251.0,3250.0,3257.0,3239.8,3251.5,41653325,3576.6,2926.4,4322.95,2866.6,3254.1,57,2,3254.0,141,9,3253.9,72,4,3253.8,177,8,3253.7,18,3,3254.9,29,4,3255.5,7,2,3255.6,81,6,3255.7,3,1,3255.8,168,11
11536,2025-12-30 10:26:23+05:30,3254.9,2,3248.17,223713,108120.0,105251.0,3250.0,3257.0,3239.8,3251.5,41653325,3576.6,2926.4,4322.95,2866.6,3254.1,57,2,3254.0,141,9,3253.9,72,4,3253.8,177,8,3253.7,18,3,3254.9,29,4,3255.5,7,2,3255.6,81,6,3255.7,3,1,3255.8,168,11
11536,2025-12-30 10:26:24+05:30,3254.9,2,3248.17,223713,107998.0,108231.0,3250.0,3257.0,3239.8,3251.5,41653325,3576.6,2926.4,4322.95,2866.6,3254.1,57,2,3254.0,61,7,3253.9,50,3,3253.8,123,5,3253.7,12,2,3254.9,71,8,3255.0,1500,1,3255.2,33,1,3255.3,74,2,3255.4,7,1
11536,2025-12-30 10:26:24+05:30,3254.1,3,3248.17,223713,107998.0,108231.0,3250.0,3257.0,3239.8,3251.5,41653325,3576.6,2926.4,4322.95,2866.6,3254.1,57,2,3254.0,61,7,3253.9,50,3,3253.8,123,5,3253.7,12,2,3254.9,71,8,3255.0,1500,1,3255.2,33,1,3255.3,74,2,3255.4,7,1
11536,2025-12-30 10:26:25+05:30,3254.1,1,3248.17,223720,107326.0,108256.0,3250.0,3257.0,3239.8,3251.5,41653325,3576.6,2926.4,4322.95,2866.6,3254.1,196,3,3254.0,63,8,3253.9,59,4,3253.8,123,5,3253.7,12,2,3254.9,68,6,3255.0,1528,2,3255.2,33,1,3255.3,74,2,3255.4,7,1
11536,2025-12-30 10:26:25+05:30,3254.1,1,3248.17,223720,107326.0,108256.0,3250.0,3257.0,3239.8,3251.5,41653325,3576.6,2926.4,4322.95,2866.6,3254.1,196,3,3254.0,63,8,3253.9,59,4,3253.8,123,5,3253.7,12,2,3254.9,68,6,3255.0,1528,2,3255.2,33,1,3255.3,74,2,3255.4,7,1
11536,2025-12-30 10:26:26+05:30,3254.1,1,3248.17,223720,107326.0,108256.0,3250.0,3257.0,3239.8,3251.5,41653325,3576.6,2926.4,4322.95,2866.6,3254.1,195,3,3254.0,63,8,3253.9,50,3,3253.8,123,5,3253.7,12,2,3254.9,68,6,3255.0,1528,2,3255.2,33,1,3255.3,74,2,3255.4,7,1
11536,2025-12-30 10:26:26+05:30,3254.1,1,3248.17,223721,108166.0,108256.0,3250.0,3257.0,3239.8,3251.5,41653325,3576.6,2926.4,4322.95,2866.6,3254.1,195,3,3254.0,63,8,3253.9,50,3,3253.8,123,5,3253.7,12,2,3254.9,68,6,3255.0,1528,2,3255.2,33,1,3255.3,74,2,3255.4,7,1
11536,2025-12-30 10:26:27+05:30,3254.1,1,3248.17,223721,108166.0,108256.0,3250.0,3257.0,3239.8,3251.5,41653325,3576.6,2926.4,4322.95,2866.6,3254.1,195,3,3254.0,63,8,3253.9,50,3,3253.8,123,5,3253.7,12,2,3254.9,68,6,3255.0,1528,2,3255.2,33,1,3255.3,74,2,3255.4,7,1
11536,2025-12-30 10:26:28+05:30,3254.1,1,3248.17,223724,108864.0,106913.0,3250.0,3257.0,3239.8,3251.5,41653325,3576.6,2926.4,4322.95,2866.6,3254.1,222,5,3254.0,85,9,3253.9,92,5,3253.8,187,8,3253.7,12,2,3254.9,29,5,3255.0,1500,1,3255.3,28,1,3255.5,7,2,3255.6,65,4
11536,2025-12-30 10:26:30+05:30,3255.0,78,3248.17,223724,108864.0,106913.0,3250.0,3257.0,3239.8,3251.5,41653325,3576.6,2926.4,4322.95,2866.6,3254.1,222,5,3254.0,85,9,3253.9,92,5,3253.8,187,8,3253.7,12,2,3254.9,29,5,3255.0,1500,1,3255.3,28,1,3255.5,7,2,3255.6,65,4
11536,2025-12-30 10:26:33+05:30,3254.2,11,3248.18,224024,109306.0,105871.0,3250.0,3257.0,3239.8,3251.5,41653325,3576.6,2926.4,4322.95,2866.6,3254.2,11,1,3254.1,231,6,3254.0,120,10,3253.9,176,6,3253.8,223,12,3255.0,1428,7,3255.2,80,2,3255.3,40,1,3255.4,28,1,3255.5,19,1
11536,2025-12-30 10:26:33+05:30,3254.2,12,3248.18,224024,109306.0,105871.0,3250.0,3257.0,3239.8,3251.5,41653325,3576.6,2926.4,4322.95,2866.6,3254.2,11,1,3254.1,231,6,3254.0,120,10,3253.9,176,6,3253.8,223,12,3255.0,1428,7,3255.2,80,2,3255.3,40,1,3255.4,28,1,3255.5,19,1
11536,2025-12-30 10:26:36+05:30,3254.2,2,3248.18,224024,109306.0,105871.0,3250.0,3257.0,3239.8,3251.5,41653325,3576.6,2926.4,4322.95,2866.6,3254.2,11,1,3254.1,231,6,3254.0,120,10,3253.9,176,6,3253.8,223,12,3255.0,1428,7,3255.2,80,2,3255.3,40,1,3255.4,28,1,3255.5,19,1
11536,2025-12-30 10:26:38+05:30,3254.2,2,3248.18,224024,109306.0,105871.0,3250.0,3257.0,3239.8,3251.5,41653325,3576.6,2926.4,4322.95,2866.6,3254.2,11,1,3254.1,231,6,3254.0,120,10,3253.9,176,6,3253.8,223,12,3255.0,1428,7,3255.2,80,2,3255.3,40,1,3255.4,28,1,3255.5,19,1
11536,2025-12-30 10:26:38+05:30,3254.2,2,3248.18,224101,109388.0,105824.0,3250.0,3257.0,3239.8,3251.5,41653325,3576.6,2926.4,4322.95,2866.6,3254.4,15,1,3254.2,158,5,3254.1,216,4,3254.0,126,12,3253.9,136,5,3255.0,1413,8,3255.3,74,2,3255.4,46,1,3255.5,28,1,3255.6,10,1
11536,2025-12-30 10:26:42+05:30,3254.4,4,3248.18,224101,109388.0,105824.0,3250.0,3257.0,3239.8,3251.5,41653325,3576.6,2926.4,4322.95,2866.6,3254.4,15,1,3254.2,158,5,3254.1,216,4,3254.0,126,12,3253.9,136,5,3255.0,1413,8,3255.3,74,2,3255.4,46,1,3255.5,28,1,3255.6,10,1
11536,2025-12-30 10:26:43+05:30,3255.0,1,3248.19,224198,109458.0,106669.0,3250.0,3257.0,3239.8,3251.5,41653325,3576.6,2926.4,4322.95,2866.6,3254.4,93,2,3254.3,21,1,3254.2,156,5,3254.1,260,6,3254.0,155,11,3255.0,1384,7,3255.2,40,1,3255.5,72,3,3255.6,56,2,3255.7,28,1
11536,2025-12-30 10:26:45+05:30,3254.4,3,3248.19,224198,109458.0,106669.0,3250.0,3257.0,3239.8,3251.5,41653325,3576.6,2926.4,4322.95,2866.6,3254.4,93,2,3254.3,21,1,3254.2,156,5,3254.1,260,6,3254.0,155,11,3255.0,1384,7,3255.2,40,1,3255.5,72,3,3255.6,56,2,3255.7,28,1
11536,2025-12-30 10:26:48+05:30,3254.4,1,3248.19,224224,109320.0,107659.0,3250.0,3257.0,3239.8,3251.5,41653325,3576.6,2926.4,4322.95,2866.6,3254.4,91,6,3254.2,137,4,3254.1,216,4,3254.0,116,10,3253.9,104,4,3255.0,1394,8,3255.2,36,1,3255.3,70,2,3255.4,8,1,3255.5,28,1
11536,2025-12-30 10:26:48+05:30,3254.4,1,3248.19,224224,109320.0,107659.0,3250.0,3257.0,3239.8,3251.5,41653325,3576.6,2926.4,4322.95,2866.6,3254.4,91,6,3254.2,137,4,3254.1,216,4,3254.0,116,10,3253.9,104,4,3255.0,1394,8,3255.2,36,1,3255.3,70,2,3255.4,8,1,3255.5,28,1
11536,2025-12-30 10:26:51+05:30,3255.0,1,3248.19,224224,109320.0,107659.0,3250.0,3257.0,3239.8,3251.5,41653325,3576.6,2926.4,4322.95,2866.6,3254.4,91,6,3254.2,137,4,3254.1,216,4,3254.0,116,10,3253.9,104,4,3255.0,1394,8,3255.2,36,1,3255.3,70,2,3255.4,8,1,3255.5,28,1
11536,2025-12-30 10:26:53+05:30,3255.0,5,3248.19,224286,106849.0,107072.0,3250.0,3257.0,3239.8,3251.5,41653325,3576.6,2926.4,4322.95,2866.6,3254.4,70,5,3254.2,147,5,3254.1,216,4,3254.0,122,10,3253.9,104,4,3255.0,1342,6,3255.2,36,1,3255.3,42,1,3255.4,46,1,3255.5,28,1
11536,2025-12-30 10:26:54+05:30,3254.4,1,3248.19,224286,106849.0,107072.0,3250.0,3257.0,3239.8,3251.5,41653325,3576.6,2926.4,4322.95,2866.6,3254.4,70,5,3254.2,147,5,3254.1,216,4,3254.0,122,10,3253.9,104,4,3255.0,1342,6,3255.2,36,1,3255.3,42,1,3255.4,46,1,3255.5,28,1
11536,2025-12-30 10:26:57+05:30,3254.4,1,3248.19,224286,106849.0,107072.0,3250.0,3257.0,3239.8,3251.5,41653325,3576.6,2926.4,4322.95,2866.6,3254.4,70,5,3254.2,147,5,3254.1,216,4,3254.0,122,10,3253.9,104,4,3255.0,1342,6,3255.2,36,1,3255.3,42,1,3255.4,46,1,3255.5,28,1
11536,2025-12-30 10:26:58+05:30,3254.4,15,3248.19,224340,109902.0,107576.0,3250.0,3257.0,3239.8,3251.5,41653325,3576.6,2926.4,4322.95,2866.6,3254.4,124,6,3254.2,152,6,3254.1,216,4,3254.0,116,10,3253.9,104,4,3255.0,1364,8,3255.3,42,1,3255.4,39,1,3255.5,46,1,3255.6,17,2
11536,2025-12-30 10:26:59+05:30,3254.4,1,3248.19,224340,109902.0,107576.0,3250.0,3257.0,3239.8,3251.5,41653325,3576.6,2926.4,4322.95,2866.6,3254.4,124,6,3254.2,152,6,3254.1,216,4,3254.0,116,10,3253.9,104,4,3255.0,1364,8,3255.3,42,1,3255.4,39,1,3255.5,46,1,3255.6,17,2
11536,2025-12-30 10:27:03+05:30,3254.4,2,3248.19,224399,109795.0,107893.0,3250.0,3257.0,3239.8,3251.5,41653325,3576.6,2926.4,4322.95,2866.6,3254.4,107,4,3254.2,147,5,3254.1,216,4,3254.0,131,10,3253.9,112,6,3255.0,1345,10,3255.3,41,1,3255.5,67,2,3255.6,38,2,3255.7,42,2
11536,2025-12-30 10:27:03+05:30,3255.0,1,3248.19,224399,109795.0,107893.0,3250.0,3257.0,3239.8,3251.5,41653325,3576.6,2926.4,4322.95,2866.6,3254.4,107,4,3254.2,147,5,3254.1,216,4,3254.0,131,10,3253.9,112,6,3255.0,1345,10,3255.3,41,1,3255.5,67,2,3255.6,38,2,3255.7,42,2
11536,2025-12-30 10:27:06+05:30,3255.0,19,3248.19,224399,109795.0,107893.0,3250.0,3257.0,3239.8,3251.5,41653325,3576.6,2926.4,4322.95,2866.6,3254.4,107,4,3254.2,147,5,3254.1,216,4,3254.0,131,10,3253.9,112,6,3255.0,1345,10,3255.3,41,1,3255.5,67,2,3255.6,38,2,3255.7,42,2
11536,2025-12-30 10:27:08+05:30,3254.4,4,3248.19,224470,108992.0,109209.0,3250.0,3257.0,3239.8,3251.5,41653325,3576.6,2926.4,4322.95,2866.6,3254.4,104,4,3254.2,147,5,3254.1,216,4,3254.0,142,11,3253.9,104,4,3255.0,1411,13,3255.2,7,1,3255.3,49,2,3255.4,42,2,3255.5,40,2
11536,2025-12-30 10:27:08+05:30,3254.4,2,3248.19,224470,108992.0,109209.0,3250.0,3257.0,3239.8,3251.5,41653325,3576.6,2926.4,4322.95,2866.6,3254.4,104,4,3254.2,147,5,3254.1,216,4,3254.0,142,11,3253.9,104,4,3255.0,1411,13,3255.2,7,1,3255.3,49,2,3255.4,42,2,3255.5,40,2
11536,2025-12-30 10:27:12+05:30,3255.0,2,3248.19,224470,108992.0,109209.0,3250.0,3257.0,3239.8,3251.5,41653325,3576.6,2926.4,4322.95,2866.6,3254.4,104,4,3254.2,147,5,3254.1,216,4,3254.0,142,11,3253.9,104,4,3255.0,1411,13,3255.2,7,1,3255.3,49,2,3255.4,42,2,3255.5,40,2
11536,2025-12-30 10:27:13+05:30,3255.0,19,3248.2,224633,109776.0,107885.0,3250.0,3257.0,3239.8,3251.5,41653325,3576.6,2926.4,4322.95,2866.6,3254.4,72,5,3254.3,4,1,3254.2,147,5,3254.1,231,5,3254.0,135,11,3255.0,1203,12,3255.6,10,1,3255.7,31,2,3255.8,48,5,3255.9,132,5
11536,2025-12-30 10:27:14+05:30,3254.4,10,3248.2,224633,109776.0,107885.0,3250.0,3257.0,3239.8,3251.5,41653325,3576.6,2926.4,4322.95,2866.6,3254.4,72,5,3254.3,4,1,3254.2,147,5,3254.1,231,5,3254.0,135,11,3255.0,1203,12,3255.6,10,1,3255.7,31,2,3255.8,48,5,3255.9,132,5
11536,2025-12-30 10:27:18+05:30,3254.4,1,3248.2,224757,109523.0,109247.0,3250.0,3257.0,3239.8,3251.5,41653325,3576.6,2926.4,4322.95,2866.6,3254.4,8,2,3254.2,147,5,3254.1,222,5,3254.0,143,11,3253.9,104,4,3255.0,1181,12,3255.1,92,2,3255.2,6,1,3255.4,52,2,3255.5,59,3
11536,2025-12-30 10:27:18+05:30,3254.4,1,3248.2,224757,109523.0,109247.0,3250.0,3257.0,3239.8,3251.5,41653325,3576.6,2926.4,4322.95,2866.6,3254.4,8,2,3254.2,147,5,3254.1,222,5,3254.0,143,11,3253.9,104,4,3255.0,1181,12,3255.1,92,2,3255.2,6,1,3255.4,52,2,3255.5,59,3
11536,2025-12-30 10:27:20+05:30,3255.0,1,3248.2,224757,109523.0,109247.0,3250.0,3257.0,3239.8,3251.5,41653325,3576.6,2926.4,4322.95,2866.6,3254.4,8,2,3254.2,147,5,3254.1,222,5,3254.0,143,11,3253.9,104,4,3255.0,1181,12,3255.1,92,2,3255.2,6,1,3255.4,52,2,3255.5,59,3
11536,2025-12-30 10:27:22+05:30,3254.4,2,3248.2,224757,109523.0,109247.0,3250.0,3257.0,3239.8,3251.5,41653325,3576.6,2926.4,4322.95,2866.6,3254.4,8,2,3254.2,147,5,3254.1,222,5,3254.0,143,11,3253.9,104,4,3255.0,1181,12,3255.1,92,2,3255.2,6,1,3255.4,52,2,3255.5,59,3
11536,2025-12-30 10:27:23+05:30,3254.4,2,3248.2,224789,109809.0,109557.0,3250.0,3257.0,3239.8,3251.5,41653325,3576.6,2926.4,4322.95,2866.6,3254.4,78,4,3254.2,147,5,3254.1,237,6,3254.0,197,12,3253.9,104,4,3255.0,1180,13,3255.1,50,1,3255.3,42,1,3255.4,6,1,3255.5,74,2
11536,2025-12-30 10:27:26+05:30,3254.4,2,3248.2,224789,109809.0,109557.0,3250.0,3257.0,3239.8,3251.5,41653325,3576.6,2926.4,4322.95,2866.6,3254.4,78,4,3254.2,147,5,3254.1,237,6,3254.0,197,12,3253.9,104,4,3255.0,1180,13,3255.1,50,1,3255.3,42,1,3255.4,6,1,3255.5,74,2
11536,2025-12-30 10:27:28+05:30,3254.4,1,3248.21,224869,109850.0,109390.0,3250.0,3257.0,3239.8,3251.5,41653325,3576.6,2926.4,4322.95,2866.6,3254.4,87,4,3254.2,147,5,3254.1,222,5,3254.0,206,12,3253.9,104,4,3255.0,1131,13,3255.1,50,1,3255.3,42,1,3255.5,74,2,3255.6,40,4
11536,2025-12-30 10:27:29+05:30,3254.4,7,3248.21,224869,109850.0,109390.0,3250.0,3257.0,3239.8,3251.5,41653325,3576.6,2926.4,4322.95,2866.6,3254.4,87,4,3254.2,147,5,3254.1,222,5,3254.0,206,12,3253.9,104,4,3255.0,1131,13,3255.1,50,1,3255.3,42,1,3255.5,74,2,3255.6,40,4
11536,2025-12-30 10:27:32+05:30,3254.4,2,3248.21,224869,109850.0,109390.0,3250.0,3257.0,3239.8,3251.5,41653325,3576.6,2926.4,4322.95,2866.6,3254.4,87,4,3254.2,147,5,3254.1,222,5,3254.0,206,12,3253.9,104,4,3255.0,1131,13,3255.1,50,1,3255.3,42,1,3255.5,74,2,3255.6,40,4
11536,2025-12-30 10:27:33+05:30,3254.4,5,3248.21,224914,109803.0,109352.0,3250.0,3257.0,3239.8,3251.5,41653325,3576.6,2926.4,4322.95,2866.6,3254.4,205,8,3254.2,147,5,3254.1,226,6,3254.0,191,10,3253.9,138,6,3255.0,1129,17,3255.1,50,1,3255.3,42,1,3255.4,6,1,3255.5,136,2
11536,2025-12-30 10:27:35+05:30,3254.4,1,3248.21,224914,109803.0,109352.0,3250.0,3257.0,3239.8,3251.5,41653325,3576.6,2926.4,4322.95,2866.6,3254.4,205,8,3254.2,147,5,3254.1,226,6,3254.0,191,10,3253.9,138,6,3255.0,1129,17,3255.1,50,1,3255.3,42,1,3255.4,6,1,3255.5,136,2
11536,2025-12-30 10:27:38+05:30,3254.4,1,3248.21,224914,109803.0,109352.0,3250.0,3257.0,3239.8,3251.5,41653325,3576.6,2926.4,4322.95,2866.6,3254.4,205,8,3254.2,147,5,3254.1,226,6,3254.0,191,10,3253.9,138,6,3255.0,1129,17,3255.1,50,1,3255.3,42,1,3255.4,6,1,3255.5,136,2
11536,2025-12-30 10:27:39+05:30,3254.4,1,3248.21,224958,110349.0,109340.0,3250.0,3257.0,3239.8,3251.5,41653325,3576.6,2926.4,4322.95,2866.6,3254.4,190,9,3254.2,147,5,3254.1,225,6,3254.0,226,11,3253.9,104,4,3255.0,1119,15,3255.1,50,1,3255.2,42,1,3255.5,136,2,3255.6,70,6
11536,2025-12-30 10:27:41+05:30,3254.4,2,3248.21,224958,110349.0,109340.0,3250.0,3257.0,3239.8,3251.5,41653325,3576.6,2926.4,4322.95,2866.6,3254.4,190,9,3254.2,147,5,3254.1,225,6,3254.0,226,11,3253.9,104,4,3255.0,1119,15,3255.1,50,1,3255.2,42,1,3255.5,136,2,3255.6,70,6
11536,2025-12-30 10:27:43+05:30,3254.4,3,3248.22,225269,110307.0,109303.0,3250.0,3257.0,3239.8,3251.5,41653325,3576.6,2926.4,4322.95,2866.6,3254.4,92,4,3254.3,12,2,3254.2,147,5,3254.1,222,5,3254.0,226,11,3255.0,1016,14,3255.1,50,1,3255.3,42,1,3255.4,6,1,3255.5,136,2
11536,2025-12-30 10:27:44+05:30,3254.4,10,3248.22,225269,110307.0,109303.0,3250.0,3257.0,3239.8,3251.5,41653325,3576.6,2926.4,4322.95,2866.6,3254.4,92,4,3254.3,12,2,3254.2,147,5,3254.1,222,5,3254.0,226,11,3255.0,1016,14,3255.1,50,1,3255.3,42,1,3255.4,6,1,3255.5,136,2
11536,2025-12-30 10:27:47+05:30,3255.0,1,3248.22,225269,110307.0,109303.0,3250.0,3257.0,3239.8,3251.5,41653325,3576.6,2926.4,4322.95,2866.6,3254.4,92,4,3254.3,12,2,3254.2,147,5,3254.1,222,5,3254.0,226,11,3255.0,1016,14,3255.1,50,1,3255.3,42,1,3255.4,6,1,3255.5,136,2
11536,2025-12-30 10:27:48+05:30,3254.4,7,3248.22,225500,110292.0,108923.0,3250.0,3257.0,3239.8,3251.5,41653325,3576.6,2926.4,4322.95,2866.6,3254.4,82,3,3254.3,1,1,3254.2,147,5,3254.1,226,6,3254.0,327,12,3255.0,957,13,3255.1,50,1,3255.3,42,1,3255.5,136,2,3255.6,70,6
11536,2025-12-30 10:27:50+05:30,3254.4,7,3248.22,225500,110292.0,108923.0,3250.0,3257.0,3239.8,3251.5,41653325,3576.6,2926.4,4322.95,2866.6,3254.4,82,3,3254.3,1,1,3254.2,147,5,3254.1,226,6,3254.0,327,12,3255.0,957,13,3255.1,50,1,3255.3,42,1,3255.5,136,2,3255.6,70,6
11536,2025-12-30 10:27:52+05:30,3255.0,1,3248.22,225500,110292.0,108923.0,3250.0,3257.0,3239.8,3251.5,41653325,3576.6,2926.4,4322.95,2866.6,3254.4,82,3,3254.3,1,1,3254.2,147,5,3254.1,226,6,3254.0,327,12,3255.0,957,13,3255.1,50,1,3255.3,42,1,3255.5,136,2,3255.6,70,6
11536,2025-12-30 10:27:53+05:30,3254.4,1,3248.23,225567,109967.0,109452.0,3250.0,3257.0,3239.8,3251.5,41653325,3576.6,2926.4,4322.95,2866.6,3254.4,16,3,3254.3,1,1,3254.2,147,5,3254.1,250,7,3254.0,363,13,3255.0,958,16,3255.1,50,1,3255.2,42,1,3255.3,28,1,3255.4,46,1
11536,2025-12-30 10:27:56+05:30,3254.4,3,3248.23,225567,109967.0,109452.0,3250.0,3257.0,3239.8,3251.5,41653325,3576.6,2926.4,4322.95,2866.6,3254.4,16,3,3254.3,1,1,3254.2,147,5,3254.1,250,7,3254.0,363,13,3255.0,958,16,3255.1,50,1,3255.2,42,1,3255.3,28,1,3255.4,46,1
11536,2025-12-30 10:27:58+05:30,3255.0,2,3248.23,225718,110799.0,109303.0,3250.0,3257.0,3239.8,3251.5,41653325,3576.6,2926.4,4322.95,2866.6,3254.4,104,3,3254.3,12,2,3254.2,147,5,3254.1,244,6,3254.0,369,14,3255.0,878,15,3255.1,50,1,3255.2,42,1,3255.3,6,1,3255.5,136,2
11536,2025-12-30 10:27:58+05:30,3255.0,2,3248.23,225718,110799.0,109303.0,3250.0,3257.0,3239.8,3251.5,41653325,3576.6,2926.4,4322.95,2866.6,3254.4,104,3,3254.3,12,2,3254.2,147,5,3254.1,244,6,3254.0,369,14,3255.0,878,15,3255.1,50,1,3255.2,42,1,3255.3,6,1,3255.5,136,2
11536,2025-12-30 10:28:02+05:30,3254.4,5,3248.23,225718,110799.0,109303.0,3250.0,3257.0,3239.8,3251.5,41653325,3576.6,2926.4,4322.95,2866.6,3254.4,104,3,3254.3,12,2,3254.2,147,5,3254.1,244,6,3254.0,369,14,3255.0,878,15,3255.1,50,1,3255.2,42,1,3255.3,6,1,3255.5,136,2
11536,2025-12-30 10:28:03+05:30,3254.4,6,3248.23,225846,110540.0,109700.0,3250.0,3257.0,3239.8,3251.5,41653325,3576.6,2926.4,4322.95,2866.6,3254.4,64,5,3254.3,1,1,3254.2,147,5,3254.1,226,6,3254.0,327,12,3255.0,893,16,3255.1,50,1,3255.3,26,1,3255.4,6,1,3255.5,136,2
11536,2025-12-30 10:28:05+05:30,3254.4,1,3248.23,225846,110540.0,109700.0,3250.0,3257.0,3239.8,3251.5,41653325,3576.6,2926.4,4322.95,2866.6,3254.4,64,5,3254.3,1,1,3254.2,147,5,3254.1,226,6,3254.0,327,12,3255.0,893,16,3255.1,50,1,3255.3,26,1,3255.4,6,1,3255.5,136,2
11536,2025-12-30 10:28:08+05:30,3254.5,1,3248.24,225898,110697.0,108803.0,3250.0,3257.0,3239.8,3251.5,41653325,3576.6,2926.4,4322.95,2866.6,3254.5,57,1,3254.4,80,5,3254.3,1,1,3254.2,147,5,3254.1,164,4,3255.0,845,13,3255.1,50,1,3255.2,41,1,3255.3,32,2,3255.4,46,1
11536,2025-12-30 10:28:08+05:30,3254.5,1,3248.24,225898,110697.0,108803.0,3250.0,3257.0,3239.8,3251.5,41653325,3576.6,2926.4,4322.95,2866.6,3254.5,57,1,3254.4,80,5,3254.3,1,1,3254.2,147,5,3254.1,164,4,3255.0,845,13,3255.1,50,1,3255.2,41,1,3255.3,32,2,3255.4,46,1
11536,2025-12-30 10:28:11+05:30,3254.5,47,3248.24,225898,110697.0,108803.0,3250.0,3257.0,3239.8,3251.5,41653325,3576.6,2926.4,4322.95,2866.6,3254.5,57,1,3254.4,80,5,3254.3,1,1,3254.2,147,5,3254.1,164,4,3255.0,845,13,3255.1,50,1,3255.2,41,1,3255.3,32,2,3255.4,46,1
11536,2025-12-30 10:28:13+05:30,3254.5,1,3248.25,226237,111218.0,108136.0,3250.0,3257.0,3239.8,3251.5,41653325,3576.6,2926.4,4322.95,2866.6,3254.5,131,3,3254.4,80,5,3254.3,5,2,3254.2,153,6,3254.1,200,5,3255.0,596,16,3255.1,2,2,3255.4,41,1,3255.5,139,2,3255.6,87,4
11536,2025-12-30 10:28:13+05:30,3254.5,1,3248.25,226237,111218.0,108136.0,3250.0,3257.0,3239.8,3251.5,41653325,3576.6,2926.4,4322.95,2866.6,3254.5,131,3,3254.4,80,5,3254.3,5,2,3254.2,153,6,3254.1,200,5,3255.0,596,16,3255.1,2,2,3255.4,41,1,3255.5,139,2,3255.6,87,4
11536,2025-12-30 10:28:17+05:30,3254.5,14,3248.25,226237,111218.0,108136.0,3250.0,3257.0,3239.8,3251.5,41653325,3576.6,2926.4,4322.95,2866.6,3254.5,131,3,3254.4,80,5,3254.3,5,2,3254.2,153,6,3254.1,200,5,3255.0,596,16,3255.1,2,2,3255.4,41,1,3255.5,139,2,3255.6,87,4
11536,2025-12-30 10:28:18+05:30,3254.5,7,3248.25,226351,111128.0,107912.0,3250.0,3257.0,3239.8,3251.5,41653325,3576.6,2926.4,4322.95,2866.6,3254.5,22,3,3254.4,80,5,3254.3,5,2,3254.2,147,5,3254.1,200,5,3255.0,590,16,3255.1,2,2,3255.3,41,1,3255.4,49,1,3255.5,136,2
11536,2025-12-30 10:28:19+05:30,3254.5,2,3248.25,226351,111128.0,107912.0,3250.0,3257.0,3239.8,3251.5,41653325,3576.6,2926.4,4322.95,2866.6,3254.5,22,3,3254.4,80,5,3254.3,5,2,3254.2,147,5,3254.1,200,5,3255.0,590,16,3255.1,2,2,3255.3,41,1,3255.4,49,1,3255.5,136,2
11536,2025-12-30 10:28:23+05:30,3254.5,2,3248.25,226434,111220.0,107883.0,3250.0,3257.0,3239.8,3251.5,41653325,3576.6,2926.4,4322.95,2866.6,3254.5,77,3,3254.4,90,6,3254.3,5,2,3254.2,147,5,3254.1,227,7,3255.0,562,16,3255.1,2,2,3255.3,41,1,3255.4,49,1,3255.5,136,2
11536,2025-12-30 10:28:23+05:30,3254.5,5,3248.25,226434,111220.0,107883.0,3250.0,3257.0,3239.8,3251.5,41653325,3576.6,2926.4,4322.95,2866.6,3254.5,77,3,3254.4,90,6,3254.3,5,2,3254.2,147,5,3254.1,227,7,3255.0,562,16,3255.1,2,2,3255.3,41,1,3255.4,49,1,3255.5,136,2
11536,2025-12-30 10:28:26+05:30,3255.0,1,3248.25,226434,111220.0,107883.0,3250.0,3257.0,3239.8,3251.5,41653325,3576.6,2926.4,4322.95,2866.6,3254.5,77,3,3254.4,90,6,3254.3,5,2,3254.2,147,5,3254.1,227,7,3255.0,562,16,3255.1,2,2,3255.3,41,1,3255.4,49,1,3255.5,136,2
11536,2025-12-30 10:28:28+05:30,3255.0,20,3248.27,227084,111980.0,106713.0,3250.0,3257.0,3239.8,3251.5,41653325,3576.6,2926.4,4322.95,2866.6,3254.5,163,4,3254.4,237,9,3254.3,135,6,3254.2,181,8,3254.1,200,5,3255.1,31,4,3255.5,90,1,3255.6,10,1,3255.8,1,1,3255.9,57,2
11536,2025-12-30 10:28:29+05:30,3254.5,13,3248.27,227084,111980.0,106713.0,3250.0,3257.0,3239.8,3251.5,41653325,3576.6,2926.4,4322.95,2866.6,3254.5,163,4,3254.4,237,9,3254.3,135,6,3254.2,181,8,3254.1,200,5,3255.1,31,4,3255.5,90,1,3255.6,10,1,3255.8,1,1,3255.9,57,2
11536,2025-12-30 10:28:32+05:30,3255.1,1,3248.27,227084,111980.0,106713.0,3250.0,3257.0,3239.8,3251.5,41653325,3576.6,2926.4,4322.95,2866.6,3254.5,163,4,3254.4,237,9,3254.3,135,6,3254.2,181,8,3254.1,200,5,3255.1,31,4,3255.5,90,1,3255.6,10,1,3255.8,1,1,3255.9,57,2
11536,2025-12-30 10:28:33+05:30,3255.1,1,3248.27,227084,111980.0,106713.0,3250.0,3257.0,3239.8,3251.5,41653325,3576.6,2926.4,4322.95,2866.6,3254.5,163,4,3254.4,237,9,3254.3,135,6,3254.2,181,8,3254.1,200,5,3255.1,31,4,3255.5,90,1,3255.6,10,1,3255.8,1,1,3255.9,57,2
11536,2025-12-30 10:28:33+05:30,3254.5,4,3248.28,227490,112271.0,106048.0,3250.0,3257.0,3239.8,3251.5,41653325,3576.6,2926.4,4322.95,2866.6,3254.6,15,1,3254.5,121,6,3254.4,214,9,3254.3,94,5,3254.2,240,10,3255.1,8,5,3255.5,90,1,3255.6,10,1,3255.9,103,3,3256.0,241,7
11536,2025-12-30 10:28:34+05:30,3254.5,4,3248.28,227490,112271.0,106048.0,3250.0,3257.0,3239.8,3251.5,41653325,3576.6,2926.4,4322.95,2866.6,3254.6,15,1,3254.5,121,6,3254.4,214,9,3254.3,94,5,3254.2,240,10,3255.1,8,5,3255.5,90,1,3255.6,10,1,3255.9,103,3,3256.0,241,7
11536,2025-12-30 10:28:34+05:30,3254.6,12,3248.28,227490,112271.0,106048.0,3250.0,3257.0,3239.8,3251.5,41653325,3576.6,2926.4,4322.95,2866.6,3254.6,15,1,3254.5,121,6,3254.4,214,9,3254.3,94,5,3254.2,240,10,3255.1,8,5,3255.5,90,1,3255.6,10,1,3255.9,103,3,3256.0,241,7
11536,2025-12-30 10:28:35+05:30,3254.6,12,3248.28,227490,112271.0,106048.0,3250.0,3257.0,3239.8,3251.5,41653325,3576.6,2926.4,4322.95,2866.6,3254.6,15,1,3254.5,121,6,3254.4,214,9,3254.3,94,5,3254.2,240,10,3255.1,8,5,3255.5,90,1,3255.6,10,1,3255.9,103,3,3256.0,241,7
11536,2025-12-30 10:28:36+05:30,3254.6,12,3248.28,227490,112271.0,106048.0,3250.0,3257.0,3239.8,3251.5,41653325,3576.6,2926.4,4322.95,2866.6,3254.6,15,1,3254.5,121,6,3254.4,214,9,3254.3,94,5,3254.2,240,10,3255.1,8,5,3255.5,90,1,3255.6,10,1,3255.9,103,3,3256.0,241,7
11536,2025-12-30 10:28:37+05:30,3254.6,12,3248.28,227490,112271.0,106048.0,3250.0,3257.0,3239.8,3251.5,41653325,3576.6,2926.4,4322.95,2866.6,3254.6,15,1,3254.5,121,6,3254.4,214,9,3254.3,94,5,3254.2,240,10,3255.1,8,5,3255.5,90,1,3255.6,10,1,3255.9,103,3,3256.0,241,7
11536,2025-12-30 10:28:37+05:30,3255.5,4,3248.28,227490,112271.0,106048.0,3250.0,3257.0,3239.8,3251.5,41653325,3576.6,2926.4,4322.95,2866.6,3254.6,15,1,3254.5,121,6,3254.4,214,9,3254.3,94,5,3254.2,240,10,3255.1,8,5,3255.5,90,1,3255.6,10,1,3255.9,103,3,3256.0,241,7
11536,2025-12-30 10:28:38+05:30,3255.1,14,3248.28,227599,113258.0,104651.0,3250.0,3257.0,3239.8,3251.5,41653325,3576.6,2926.4,4322.95,2866.6,3254.9,71,4,3254.8,95,4,3254.7,84,3,3254.6,65,4,3254.5,20,2,3255.5,92,7,3255.6,10,1,3255.9,5,1,3256.0,227,6,3256.1,1,1
11536,2025-12-30 10:28:38+05:30,3255.1,14,3248.28,227599,113258.0,104651.0,3250.0,3257.0,3239.8,3251.5,41653325,3576.6,2926.4,4322.95,2866.6,3254.9,71,4,3254.8,95,4,3254.7,84,3,3254.6,65,4,3254.5,20,2,3255.5,92,7,3255.6,10,1,3255.9,5,1,3256.0,227,6,3256.1,1,1
11536,2025-12-30 10:28:39+05:30,3255.1,14,3248.28,227599,113258.0,104651.0,3250.0,3257.0,3239.8,3251.5,41653325,3576.6,2926.4,4322.95,2866.6,3254.9,71,4,3254.8,95,4,3254.7,84,3,3254.6,65,4,3254.5,20,2,3255.5,92,7,3255.6,10,1,3255.9,5,1,3256.0,227,6,3256.1,1,1
11536,2025-12-30 10:28:40+05:30,3255.1,14,3248.28,227599,113258.0,104651.0,3250.0,3257.0,3239.8,3251.5,41653325,3576.6,2926.4,4322.95,2866.6,3254.9,71,4,3254.8,95,4,3254.7,84,3,3254.6,65,4,3254.5,20,2,3255.5,92,7,3255.6,10,1,3255.9,5,1,3256.0,227,6,3256.1,1,1
11536,2025-12-30 10:28:41+05:30,3255.1,14,3248.28,227599,113258.0,104651.0,3250.0,3257.0,3239.8,3251.5,41653325,3576.6,2926.4,4322.95,2866.6,3254.9,71,4,3254.8,95,4,3254.7,84,3,3254.6,65,4,3254.5,20,2,3255.5,92,7,3255.6,10,1,3255.9,5,1,3256.0,227,6,3256.1,1,1
11536,2025-12-30 10:28:41+05:30,3254.9,2,3248.28,227599,113258.0,104651.0,3250.0,3257.0,3239.8,3251.5,41653325,3576.6,2926.4,4322.95,2866.6,3254.9,71,4,3254.8,95,4,3254.7,84,3,3254.6,65,4,3254.5,20,2,3255.5,92,7,3255.6,10,1,3255.9,5,1,3256.0,227,6,3256.1,1,1
11536,2025-12-30 10:28:42+05:30,3254.9,2,3248.28,227599,113258.0,104651.0,3250.0,3257.0,3239.8,3251.5,41653325,3576.6,2926.4,4322.95,2866.6,3254.9,71,4,3254.8,95,4,3254.7,84,3,3254.6,65,4,3254.5,20,2,3255.5,92,7,3255.6,10,1,3255.9,5,1,3256.0,227,6,3256.1,1,1
11536,2025-12-30 10:28:44+05:30,3254.9,1,3248.29,227637,113137.0,105241.0,3250.0,3257.0,3239.8,3251.5,41653325,3576.6,2926.4,4322.95,2866.6,3255.0,5,1,3254.9,65,3,3254.8,62,2,3254.7,55,2,3254.6,29,3,3255.5,143,7,3255.6,10,1,3255.8,8,1,3255.9,45,3,3256.0,266,8
11536,2025-12-30 10:28:44+05:30,3254.9,1,3248.29,227637,113137.0,105241.0,3250.0,3257.0,3239.8,3251.5,41653325,3576.6,2926.4,4322.95,2866.6,3255.0,5,1,3254.9,65,3,3254.8,62,2,3254.7,55,2,3254.6,29,3,3255.5,143,7,3255.6,10,1,3255.8,8,1,3255.9,45,3,3256.0,266,8
11536,2025-12-30 10:28:44+05:30,3255.5,1,3248.29,227637,113137.0,105241.0,3250.0,3257.0,3239.8,3251.5,41653325,3576.6,2926.4,4322.95,2866.6,3255.0,5,1,3254.9,65,3,3254.8,62,2,3254.7,55,2,3254.6,29,3,3255.5,143,7,3255.6,10,1,3255.8,8,1,3255.9,45,3,3256.0,266,8
11536,2025-12-30 10:28:45+05:30,3255.5,1,3248.29,227637,113137.0,105241.0,3250.0,3257.0,3239.8,3251.5,41653325,3576.6,2926.4,4322.95,2866.6,3255.0,5,1,3254.9,65,3,3254.8,62,2,3254.7,55,2,3254.6,29,3,3255.5,143,7,3255.6,10,1,3255.8,8,1,3255.9,45,3,3256.0,266,8
11536,2025-12-30 10:28:47+05:30,3255.5,1,3248.29,227637,113137.0,105241.0,3250.0,3257.0,3239.8,3251.5,41653325,3576.6,2926.4,4322.95,2866.6,3255.0,5,1,3254.9,65,3,3254.8,62,2,3254.7,55,2,3254.6,29,3,3255.5,143,7,3255.6,10,1,3255.8,8,1,3255.9,45,3,3256.0,266,8
11536,2025-12-30 10:28:47+05:30,3255.0,2,3248.29,227637,113137.0,105241.0,3250.0,3257.0,3239.8,3251.5,41653325,3576.6,2926.4,4322.95,2866.6,3255.0,5,1,3254.9,65,3,3254.8,62,2,3254.7,55,2,3254.6,29,3,3255.5,143,7,3255.6,10,1,3255.8,8,1,3255.9,45,3,3256.0,266,8
11536,2025-12-30 10:28:48+05:30,3255.0,2,3248.29,227637,113137.0,105241.0,3250.0,3257.0,3239.8,3251.5,41653325,3576.6,2926.4,4322.95,2866.6,3255.0,5,1,3254.9,65,3,3254.8,62,2,3254.7,55,2,3254.6,29,3,3255.5,143,7,3255.6,10,1,3255.8,8,1,3255.9,45,3,3256.0,266,8
11536,2025-12-30 10:28:49+05:30,3255.0,1,3248.29,227678,113435.0,105587.0,3250.0,3257.0,3239.8,3251.5,41653325,3576.6,2926.4,4322.95,2866.6,3255.0,48,3,3254.9,73,4,3254.8,64,3,3254.7,60,3,3254.6,121,6,3255.5,137,5,3255.6,10,1,3255.9,42,2,3256.0,227,6,3256.1,1,1
11536,2025-12-30 10:28:49+05:30,3255.0,1,3248.29,227678,113435.0,105587.0,3250.0,3257.0,3239.8,3251.5,41653325,3576.6,2926.4,4322.95,2866.6,3255.0,48,3,3254.9,73,4,3254.8,64,3,3254.7,60,3,3254.6,121,6,3255.5,137,5,3255.6,10,1,3255.9,42,2,3256.0,227,6,3256.1,1,1
11536,2025-12-30 10:28:50+05:30,3255.0,1,3248.29,227678,113435.0,105587.0,3250.0,3257.0,3239.8,3251.5,41681325,3576.6,2926.4,4322.95,2866.6,3255.0,48,3,3254.9,73,4,3254.8,64,3,3254.7,60,3,3254.6,121,6,3255.5,137,5,3255.6,10,1,3255.9,42,2,3256.0,227,6,3256.1,1,1
11536,2025-12-30 10:28:52+05:30,3255.0,1,3248.29,227678,113435.0,105587.0,3250.0,3257.0,3239.8,3251.5,41681325,3576.6,2926.4,4322.95,2866.6,3255.0,48,3,3254.9,73,4,3254.8,64,3,3254.7,60,3,3254.6,121,6,3255.5,137,5,3255.6,10,1,3255.9,42,2,3256.0,227,6,3256.1,1,1
11536,2025-12-30 10:28:53+05:30,3254.9,8,3248.3,227978,113503.0,104367.0,3250.0,3257.0,3239.8,3251.5,41681325,3576.6,2926.4,4322.95,2866.6,3254.9,13,3,3254.8,113,5,3254.7,65,4,3254.6,93,6,3254.5,75,5,3255.0,43,2,3255.6,10,2,3255.9,5,1,3256.0,219,6,3256.1,1,1
11536,2025-12-30 10:28:53+05:30,3255.0,1,3248.3,227978,113503.0,104367.0,3250.0,3257.0,3239.8,3251.5,41681325,3576.6,2926.4,4322.95,2866.6,3254.9,13,3,3254.8,113,5,3254.7,65,4,3254.6,93,6,3254.5,75,5,3255.0,43,2,3255.6,10,2,3255.9,5,1,3256.0,219,6,3256.1,1,1
11536,2025-12-30 10:28:56+05:30,3255.6,1,3248.3,227978,113503.0,104367.0,3250.0,3257.0,3239.8,3251.5,41681325,3576.6,2926.4,4322.95,2866.6,3254.9,13,3,3254.8,113,5,3254.7,65,4,3254.6,93,6,3254.5,75,5,3255.0,43,2,3255.6,10,2,3255.9,5,1,3256.0,219,6,3256.1,1,1
11536,2025-12-30 10:28:58+05:30,3255.0,1,3248.3,228108,113496.0,104653.0,3250.0,3257.0,3239.8,3251.5,41681325,3576.6,2926.4,4322.95,2866.6,3254.9,17,2,3254.8,72,4,3254.7,82,4,3254.6,51,4,3254.5,119,6,3255.0,3,2,3255.6,16,4,3255.9,5,1,3256.0,212,5,3256.1,44,3
11536,2025-12-30 10:28:58+05:30,3254.9,1,3248.3,228108,113496.0,104653.0,3250.0,3257.0,3239.8,3251.5,41681325,3576.6,2926.4,4322.95,2866.6,3254.9,17,2,3254.8,72,4,3254.7,82,4,3254.6,51,4,3254.5,119,6,3255.0,3,2,3255.6,16,4,3255.9,5,1,3256.0,212,5,3256.1,44,3
11536,2025-12-30 10:29:00+05:30,3254.9,1,3248.3,228108,113496.0,104653.0,3250.0,3257.0,3239.8,3251.5,41681325,3576.6,2926.4,4322.95,2866.6,3254.9,17,2,3254.8,72,4,3254.7,82,4,3254.6,51,4,3254.5,119,6,3255.0,3,2,3255.6,16,4,3255.9,5,1,3256.0,212,5,3256.1,44,3
11536,2025-12-30 10:29:02+05:30,3254.8,4,3248.3,228108,113496.0,104653.0,3250.0,3257.0,3239.8,3251.5,41681325,3576.6,2926.4,4322.95,2866.6,3254.9,17,2,3254.8,72,4,3254.7,82,4,3254.6,51,4,3254.5,119,6,3255.0,3,2,3255.6,16,4,3255.9,5,1,3256.0,212,5,3256.1,44,3
11536,2025-12-30 10:29:03+05:30,3254.8,4,3248.3,228153,112711.0,106408.0,3250.0,3257.0,3239.8,3251.5,41681325,3576.6,2926.4,4322.95,2866.6,3254.8,51,3,3254.7,71,4,3254.6,14,2,3254.5,17,3,3254.4,129,5,3254.9,18,7,3255.4,33,1,3255.5,38,1,3255.6,14,2,3255.7,8,1
11536,2025-12-30 10:29:06+05:30,3254.8,2,3248.3,228153,112711.0,106408.0,3250.0,3257.0,3239.8,3251.5,41681325,3576.6,2926.4,4322.95,2866.6,3254.8,51,3,3254.7,71,4,3254.6,14,2,3254.5,17,3,3254.4,129,5,3254.9,18,7,3255.4,33,1,3255.5,38,1,3255.6,14,2,3255.7,8,1
11536,2025-12-30 10:29:08+05:30,3254.8,3,3248.3,228174,112647.0,106569.0,3250.0,3257.0,3239.8,3251.5,41681325,3576.6,2926.4,4322.95,2866.6,3254.8,36,3,3254.7,71,4,3254.6,14,2,3254.5,17,3,3254.4,129,5,3254.9,20,6,3255.5,45,2,3255.6,14,2,3255.7,33,1,3255.8,51,3
11536,2025-12-30 10:29:09+05:30,3254.8,1,3248.3,228174,112647.0,106569.0,3250.0,3257.0,3239.8,3251.5,41681325,3576.6,2926.4,4322.95,2866.6,3254.8,36,3,3254.7,71,4,3254.6,14,2,3254.5,17,3,3254.4,129,5,3254.9,20,6,3255.5,45,2,3255.6,14,2,3255.7,33,1,3255.8,51,3
11536,2025-12-30 10:29:12+05:30,3254.8,9,3248.3,228174,112647.0,106569.0,3250.0,3257.0,3239.8,3251.5,41681325,3576.6,2926.4,4322.95,2866.6,3254.8,36,3,3254.7,71,4,3254.6,14,2,3254.5,17,3,3254.4,129,5,3254.9,20,6,3255.5,45,2,3255.6,14,2,3255.7,33,1,3255.8,51,3
11536,2025-12-30 10:29:13+05:30,3254.8,1,3248.3,228196,112442.0,106354.0,3250.0,3257.0,3239.8,3251.5,41681325,3576.6,2926.4,4322.95,2866.6,3254.8,19,4,3254.7,71,4,3254.6,14,2,3254.5,17,3,3254.4,129,5,3254.9,17,6,3255.4,31,1,3255.5,45,2,3255.6,14,2,3255.8,51,3
11536,2025-12-30 10:29:15+05:30,3254.8,1,3248.3,228196,112442.0,106354.0,3250.0,3257.0,3239.8,3251.5,41681325,3576.6,2926.4,4322.95,2866.6,3254.8,19,4,3254.7,71,4,3254.6,14,2,3254.5,17,3,3254.4,129,5,3254.9,17,6,3255.4,31,1,3255.5,45,2,3255.6,14,2,3255.8,51,3
11536,2025-12-30 10:29:18+05:30,3254.8,2,3248.3,228250,112371.0,106191.0,3250.0,3257.0,3239.8,3251.5,41681325,3576.6,2926.4,4322.95,2866.6,3254.8,64,4,3254.7,71,4,3254.6,14,2,3254.5,17,3,3254.4,129,5,3254.9,4,4,3255.0,5,1,3255.4,31,1,3255.5,38,1,3255.6,14,2
11536,2025-12-30 10:29:18+05:30,3254.8,2,3248.3,228250,112371.0,106191.0,3250.0,3257.0,3239.8,3251.5,41681325,3576.6,2926.4,4322.95,2866.6,3254.8,64,4,3254.7,71,4,3254.6,14,2,3254.5,17,3,3254.4,129,5,3254.9,4,4,3255.0,5,1,3255.4,31,1,3255.5,38,1,3255.6,14,2
11536,2025-12-30 10:29:21+05:30,3255.4,14,3248.3,228250,112371.0,106191.0,3250.0,3257.0,3239.8,3251.5,41681325,3576.6,2926.4,4322.95,2866.6,3254.8,64,4,3254.7,71,4,3254.6,14,2,3254.5,17,3,3254.4,129,5,3254.9,4,4,3255.0,5,1,3255.4,31,1,3255.5,38,1,3255.6,14,2
11536,2025-12-30 10:29:23+05:30,3254.8,4,3248.31,228296,112237.0,107456.0,3250.0,3257.0,3239.8,3251.5,41681325,3576.6,2926.4,4322.95,2866.6,3254.8,98,4,3254.7,71,4,3254.6,14,2,3254.5,17,3,3254.4,129,5,3254.9,31,4,3255.4,17,1,3255.5,38,1,3255.6,14,2,3255.8,18,1
11536,2025-12-30 10:29:23+05:30,3254.8,1,3248.31,228296,112237.0,107456.0,3250.0,3257.0,3239.8,3251.5,41681325,3576.6,2926.4,4322.95,2866.6,3254.8,98,4,3254.7,71,4,3254.6,14,2,3254.5,17,3,3254.4,129,5,3254.9,31,4,3255.4,17,1,3255.5,38,1,3255.6,14,2,3255.8,18,1
11536,2025-12-30 10:29:27+05:30,3254.8,3,3248.31,228296,112237.0,107456.0,3250.0,3257.0,3239.8,3251.5,41681325,3576.6,2926.4,4322.95,2866.6,3254.8,98,4,3254.7,71,4,3254.6,14,2,3254.5,17,3,3254.4,129,5,3254.9,31,4,3255.4,17,1,3255.5,38,1,3255.6,14,2,3255.8,18,1
11536,2025-12-30 10:29:28+05:30,3254.7,9,3248.31,228613,109481.0,109998.0,3250.0,3257.0,3239.8,3251.5,41681325,3576.6,2926.4,4322.95,2866.6,3254.7,7,2,3254.6,14,2,3254.5,17,3,3254.4,113,4,3254.3,5,2,3254.9,114,8,3255.0,22,1,3255.1,18,2,3255.2,10,2,3255.3,35,3
11536,2025-12-30 10:29:30+05:30,3254.6,16,3248.31,228613,109481.0,109998.0,3250.0,3257.0,3239.8,3251.5,41681325,3576.6,2926.4,4322.95,2866.6,3254.7,7,2,3254.6,14,2,3254.5,17,3,3254.4,113,4,3254.3,5,2,3254.9,114,8,3255.0,22,1,3255.1,18,2,3255.2,10,2,3255.3,35,3
11536,2025-12-30 10:29:33+05:30,3254.4,6,3248.32,228838,109420.0,110398.0,3250.0,3257.0,3239.8,3251.5,41681325,3576.6,2926.4,4322.95,2866.6,3254.4,9,2,3254.3,5,2,3254.2,33,3,3254.1,34,3,3254.0,385,11,3254.5,8,3,3254.6,5,4,3254.7,2,1,3254.8,34,2,3254.9,31,1
11536,2025-12-30 10:29:33+05:30,3254.4,1,3248.32,228838,109420.0,110398.0,3250.0,3257.0,3239.8,3251.5,41681325,3576.6,2926.4,4322.95,2866.6,3254.4,9,2,3254.3,5,2,3254.2,33,3,3254.1,34,3,3254.0,385,11,3254.5,8,3,3254.6,5,4,3254.7,2,1,3254.8,34,2,3254.9,31,1
11536,2025-12-30 10:29:36+05:30,3254.2,1,3248.32,228838,109420.0,110398.0,3250.0,3257.0,3239.8,3251.5,41681325,3576.6,2926.4,4322.95,2866.6,3254.4,9,2,3254.3,5,2,3254.2,33,3,3254.1,34,3,3254.0,385,11,3254.5,8,3,3254.6,5,4,3254.7,2,1,3254.8,34,2,3254.9,31,1
11536,2025-12-30 10:29:38+05:30,3254.2,2,3248.32,229017,109557.0,109321.0,3250.0,3257.0,3239.8,3251.5,41681325,3576.6,2926.4,4322.95,2866.6,3254.2,24,3,3254.1,18,2,3254.0,397,13,3253.9,15,3,3253.8,58,5,3254.3,4,4,3254.5,10,2,3254.7,27,1,3254.8,39,2,3254.9,31,1
11536,2025-12-30 10:29:38+05:30,3254.2,9,3248.32,229017,109557.0,109321.0,3250.0,3257.0,3239.8,3251.5,41681325,3576.6,2926.4,4322.95,2866.6,3254.2,24,3,3254.1,18,2,3254.0,397,13,3253.9,15,3,3253.8,58,5,3254.3,4,4,3254.5,10,2,3254.7,27,1,3254.8,39,2,3254.9,31,1
11536,2025-12-30 10:29:42+05:30,3254.3,3,3248.33,229114,109500.0,109524.0,3250.0,3257.0,3239.8,3251.5,41681325,3576.6,2926.4,4322.95,2866.6,3254.2,6,1,3254.1,18,2,3254.0,480,14,3253.9,5,2,3253.8,63,6,3254.3,45,8,3254.5,9,1,3254.6,26,1,3254.7,30,1,3254.8,8,1
11536,2025-12-30 10:29:42+05:30,3254.3,3,3248.33,229114,109500.0,109524.0,3250.0,3257.0,3239.8,3251.5,41681325,3576.6,2926.4,4322.95,2866.6,3254.2,6,1,3254.1,18,2,3254.0,480,14,3253.9,5,2,3253.8,63,6,3254.3,45,8,3254.5,9,1,3254.6,26,1,3254.7,30,1,3254.8,8,1
11536,2025-12-30 10:29:45+05:30,3254.1,8,3248.33,229114,109500.0,109524.0,3250.0,3257.0,3239.8,3251.5,41681325,3576.6,2926.4,4322.95,2866.6,3254.2,6,1,3254.1,18,2,3254.0,480,14,3253.9,5,2,3253.8,63,6,3254.3,45,8,3254.5,9,1,3254.6,26,1,3254.7,30,1,3254.8,8,1
11536,2025-12-30 10:29:47+05:30,3254.1,1,3248.33,229151,108872.0,108719.0,3250.0,3257.0,3239.8,3251.5,41681325,3576.6,2926.4,4322.95,2866.6,3254.1,17,2,3254.0,468,12,3253.9,5,2,3253.8,30,3,3253.7,12,2,3254.2,6,6,3254.3,40,4,3254.5,9,1,3254.6,26,1,3254.8,38,2
11536,2025-12-30 10:29:48+05:30,3254.1,1,3248.33,229151,108872.0,108719.0,3250.0,3257.0,3239.8,3251.5,41681325,3576.6,2926.4,4322.95,2866.6,3254.1,17,2,3254.0,468,12,3253.9,5,2,3253.8,30,3,3253.7,12,2,3254.2,6,6,3254.3,40,4,3254.5,9,1,3254.6,26,1,3254.8,38,2
11536,2025-12-30 10:29:51+05:30,3254.1,3,3248.33,229151,108872.0,108719.0,3250.0,3257.0,3239.8,3251.5,41681325,3576.6,2926.4,4322.95,2866.6,3254.1,17,2,3254.0,468,12,3253.9,5,2,3253.8,30,3,3253.7,12,2,3254.2,6,6,3254.3,40,4,3254.5,9,1,3254.6,26,1,3254.8,38,2
11536,2025-12-30 10:29:52+05:30,3254.1,3,3248.33,229264,108955.0,109908.0,3250.0,3257.0,3239.8,3251.5,41681325,3576.6,2926.4,4322.95,2866.6,3254.1,41,3,3254.0,468,12,3253.9,5,2,3253.8,30,3,3253.7,23,4,3254.2,51,7,3254.3,2,1,3254.5,9,1,3254.7,54,2,3255.0,1,1
11536,2025-12-30 10:29:54+05:30,3254.1,1,3248.33,229264,108955.0,109908.0,3250.0,3257.0,3239.8,3251.5,41681325,3576.6,2926.4,4322.95,2866.6,3254.1,41,3,3254.0,468,12,3253.9,5,2,3253.8,30,3,3253.7,23,4,3254.2,51,7,3254.3,2,1,3254.5,9,1,3254.7,54,2,3255.0,1,1
11536,2025-12-30 10:29:56+05:30,3254.1,5,3248.33,229264,108955.0,109908.0,3250.0,3257.0,3239.8,3251.5,41681325,3576.6,2926.4,4322.95,2866.6,3254.1,41,3,3254.0,468,12,3253.9,5,2,3253.8,30,3,3253.7,23,4,3254.2,51,7,3254.3,2,1,3254.5,9,1,3254.7,54,2,3255.0,1,1
11536,2025-12-30 10:29:57+05:30,3254.1,1,3248.33,229365,108721.0,110109.0,3250.0,3257.0,3239.8,3251.5,41681325,3576.6,2926.4,4322.95,2866.6,3254.1,47,3,3254.0,474,13,3253.9,5,2,3253.8,36,4,3253.7,12,2,3254.2,19,7,3254.3,5,1,3254.5,9,1,3254.6,25,1,3254.7,29,1
11536,2025-12-30 10:29:59+05:30,3254.1,1,3248.33,229365,108721.0,110109.0,3250.0,3257.0,3239.8,3251.5,41681325,3576.6,2926.4,4322.95,2866.6,3254.1,47,3,3254.0,474,13,3253.9,5,2,3253.8,36,4,3253.7,12,2,3254.2,19,7,3254.3,5,1,3254.5,9,1,3254.6,25,1,3254.7,29,1
11536,2025-12-30 10:30:02+05:30,3254.1,1,3248.33,229409,108581.0,110795.0,3250.0,3257.0,3239.8,3251.5,41681325,3576.6,2926.4,4322.95,2866.6,3254.1,74,5,3254.0,468,12,3253.9,5,2,3253.8,30,3,3253.7,12,2,3254.2,14,8,3254.3,5,1,3254.4,24,1,3254.5,9,1,3254.6,35,2
11536,2025-12-30 10:30:03+05:30,3254.2,1,3248.33,229409,108581.0,110795.0,3250.0,3257.0,3239.8,3251.5,41681325,3576.6,2926.4,4322.95,2866.6,3254.1,74,5,3254.0,468,12,3253.9,5,2,3253.8,30,3,3253.7,12,2,3254.2,14,8,3254.3,5,1,3254.4,24,1,3254.5,9,1,3254.6,35,2
11536,2025-12-30 10:30:05+05:30,3254.1,2,3248.33,229409,108581.0,110795.0,3250.0,3257.0,3239.8,3251.5,41681325,3576.6,2926.4,4322.95,2866.6,3254.1,74,5,3254.0,468,12,3253.9,5,2,3253.8,30,3,3253.7,12,2,3254.2,14,8,3254.3,5,1,3254.4,24,1,3254.5,9,1,3254.6,35,2
11536,2025-12-30 10:30:08+05:30,3254.1,4,3248.34,229447,108511.0,109874.0,3250.0,3257.0,3239.8,3251.5,41681325,3576.6,2926.4,4322.95,2866.6,3254.1,59,5,3254.0,468,12,3253.9,5,2,3253.8,30,3,3253.7,12,2,3254.2,23,7,3254.3,5,1,3254.5,9,1,3254.6,29,1,3254.8,24,1
11536,2025-12-30 10:30:09+05:30,3254.1,5,3248.34,229447,108511.0,109874.0,3250.0,3257.0,3239.8,3251.5,41681325,3576.6,2926.4,4322.95,2866.6,3254.1,59,5,3254.0,468,12,3253.9,5,2,3253.8,30,3,3253.7,12,2,3254.2,23,7,3254.3,5,1,3254.5,9,1,3254.6,29,1,3254.8,24,1
11536,2025-12-30 10:30:11+05:30,3254.2,1,3248.34,229447,108511.0,109874.0,3250.0,3257.0,3239.8,3251.5,41681325,3576.6,2926.4,4322.95,2866.6,3254.1,59,5,3254.0,468,12,3253.9,5,2,3253.8,30,3,3253.7,12,2,3254.2,23,7,3254.3,5,1,3254.5,9,1,3254.6,29,1,3254.8,24,1
11536,2025-12-30 10:30:13+05:30,3254.1,4,3248.34,229495,108734.0,109899.0,3250.0,3257.0,3239.8,3251.5,41681325,3576.6,2926.4,4322.95,2866.6,3254.1,23,5,3254.0,468,12,3253.9,13,4,3253.8,30,3,3253.7,12,2,3254.2,12,6,3254.3,6,2,3254.5,9,1,3254.6,29,1,3254.7,24,1
11536,2025-12-30 10:30:15+05:30,3253.8,1,3248.34,229495,108734.0,109899.0,3250.0,3257.0,3239.8,3251.5,41681325,3576.6,2926.4,4322.95,2866.6,3254.1,23,5,3254.0,468,12,3253.9,13,4,3253.8,30,3,3253.7,12,2,3254.2,12,6,3254.3,6,2,3254.5,9,1,3254.6,29,1,3254.7,24,1
11536,2025-12-30 10:30:18+05:30,3253.6,10,3248.36,230444,107203.0,111063.0,3250.0,3257.0,3239.8,3251.5,41681325,3576.6,2926.4,4322.95,2866.6,3253.6,18,3,3253.5,5,1,3253.4,17,2,3253.2,62,3,3253.1,76,4,3253.7,13,3,3253.8,22,3,3254.1,23,1,3254.2,48,2,3254.3,6,2
11536,2025-12-30 10:30:18+05:30,3253.6,2,3248.36,230444,107203.0,111063.0,3250.0,3257.0,3239.8,3251.5,41681325,3576.6,2926.4,4322.95,2866.6,3253.6,18,3,3253.5,5,1,3253.4,17,2,3253.2,62,3,3253.1,76,4,3253.7,13,3,3253.8,22,3,3254.1,23,1,3254.2,48,2,3254.3,6,2
11536,2025-12-30 10:30:21+05:30,3253.0,32,3248.36,230444,107203.0,111063.0,3250.0,3257.0,3239.8,3251.5,41681325,3576.6,2926.4,4322.95,2866.6,3253.6,18,3,3253.5,5,1,3253.4,17,2,3253.2,62,3,3253.1,76,4,3253.7,13,3,3253.8,22,3,3254.1,23,1,3254.2,48,2,3254.3,6,2
11536,2025-12-30 10:30:23+05:30,3253.0,4,3248.37,230799,104825.0,111669.0,3250.0,3257.0,3239.8,3251.5,41681325,3576.6,2926.4,4322.95,2866.6,3253.0,26,1,3252.8,41,3,3252.7,39,4,3252.6,53,4,3252.5,63,3,3253.3,13,6,3253.4,9,1,3253.7,10,1,3253.9,26,1,3254.0,12,1
11536,2025-12-30 10:30:24+05:30,3253.0,3,3248.37,230799,104825.0,111669.0,3250.0,3257.0,3239.8,3251.5,41681325,3576.6,2926.4,4322.95,2866.6,3253.0,26,1,3252.8,41,3,3252.7,39,4,3252.6,53,4,3252.5,63,3,3253.3,13,6,3253.4,9,1,3253.7,10,1,3253.9,26,1,3254.0,12,1
11536,2025-12-30 10:30:26+05:30,3253.0,9,3248.37,230799,104825.0,111669.0,3250.0,3257.0,3239.8,3251.5,41681325,3576.6,2926.4,4322.95,2866.6,3253.0,26,1,3252.8,41,3,3252.7,39,4,3252.6,53,4,3252.5,63,3,3253.3,13,6,3253.4,9,1,3253.7,10,1,3253.9,26,1,3254.0,12,1
11536,2025-12-30 10:30:27+05:30,3253.0,1,3248.37,230863,105397.0,113153.0,3250.0,3257.0,3239.8,3251.5,41681325,3576.6,2926.4,4322.95,2866.6,3253.0,38,2,3252.8,9,1,3252.7,5,3,3252.6,16,3,3252.5,10,1,3253.3,136,9,3253.4,9,1,3253.6,22,1,3253.7,36,2,3253.9,43,3
11536,2025-12-30 10:30:27+05:30,3253.0,1,3248.37,230863,105397.0,113153.0,3250.0,3257.0,3239.8,3251.5,41681325,3576.6,2926.4,4322.95,2866.6,3253.0,38,2,3252.8,9,1,3252.7,5,3,3252.6,16,3,3252.5,10,1,3253.3,136,9,3253.4,9,1,3253.6,22,1,3253.7,36,2,3253.9,43,3
11536,2025-12-30 10:30:28+05:30,3253.0,1,3248.37,230903,105369.0,113328.0,3250.0,3257.0,3239.8,3251.5,41681325,3576.6,2926.4,4322.95,2866.6,3253.0,26,1,3252.8,9,1,3252.7,5,3,3252.6,16,3,3252.5,10,1,3253.3,146,10,3253.4,9,1,3253.6,22,1,3253.7,26,1,3253.9,43,3
11536,2025-12-30 10:30:28+05:30,3253.3,1,3248.37,230903,105369.0,113328.0,3250.0,3257.0,3239.8,3251.5,41681325,3576.6,2926.4,4322.95,2866.6,3253.0,26,1,3252.8,9,1,3252.7,5,3,3252.6,16,3,3252.5,10,1,3253.3,146,10,3253.4,9,1,3253.6,22,1,3253.7,26,1,3253.9,43,3
11536,2025-12-30 10:30:29+05:30,3253.3,1,3248.37,230903,105369.0,113328.0,3250.0,3257.0,3239.8,3251.5,41681325,3576.6,2926.4,4322.95,2866.6,3253.0,26,1,3252.8,9,1,3252.7,5,3,3252.6,16,3,3252.5,10,1,3253.3,146,10,3253.4,9,1,3253.6,22,1,3253.7,26,1,3253.9,43,3
11536,2025-12-30 10:30:29+05:30,3253.3,1,3248.37,230921,105354.0,113322.0,3250.0,3257.0,3239.8,3251.5,41681325,3576.6,2926.4,4322.95,2866.6,3253.0,16,1,3252.8,9,1,3252.7,5,3,3252.6,11,2,3252.5,10,1,3253.3,140,11,3253.4,9,1,3253.6,22,1,3253.7,26,1,3253.9,43,3
11536,2025-12-30 10:30:30+05:30,3253.3,1,3248.37,230921,105354.0,113322.0,3250.0,3257.0,3239.8,3251.5,41681325,3576.6,2926.4,4322.95,2866.6,3253.0,16,1,3252.8,9,1,3252.7,5,3,3252.6,11,2,3252.5,10,1,3253.3,140,11,3253.4,9,1,3253.6,22,1,3253.7,26,1,3253.9,43,3
11536,2025-12-30 10:30:30+05:30,3253.3,1,3248.37,230938,105157.0,113629.0,3250.0,3257.0,3239.8,3251.5,41681325,3576.6,2926.4,4322.95,2866.6,3252.8,9,1,3252.7,5,3,3252.6,11,2,3252.5,10,1,3252.4,15,1,3253.3,138,10,3253.4,9,1,3253.6,22,1,3253.7,26,1,3253.9,43,3
11536,2025-12-30 10:30:31+05:30,3252.8,2,3248.37,230938,105157.0,113629.0,3250.0,3257.0,3239.8,3251.5,41681325,3576.6,2926.4,4322.95,2866.6,3252.8,9,1,3252.7,5,3,3252.6,11,2,3252.5,10,1,3252.4,15,1,3253.3,138,10,3253.4,9,1,3253.6,22,1,3253.7,26,1,3253.9,43,3
11536,2025-12-30 10:30:31+05:30,3252.8,2,3248.37,230951,105155.0,113695.0,3250.0,3257.0,3239.8,3251.5,41681325,3576.6,2926.4,4322.95,2866.6,3252.8,7,1,3252.7,5,3,3252.6,11,2,3252.5,10,1,3252.4,15,1,3253.3,137,11,3253.4,9,1,3253.6,22,1,3253.7,26,1,3253.9,43,3
11536,2025-12-30 10:30:32+05:30,3252.8,2,3248.37,230957,105149.0,113701.0,3250.0,3257.0,3239.8,3251.5,41681325,3576.6,2926.4,4322.95,2866.6,3252.8,1,1,3252.7,5,3,3252.6,11,2,3252.5,10,1,3252.4,15,1,3253.3,137,11,3253.4,9,1,3253.5,24,1,3253.6,22,1,3253.9,43,3
11536,2025-12-30 10:30:32+05:30,3252.8,2,3248.37,230957,105149.0,113701.0,3250.0,3257.0,3239.8,3251.5,41681325,3576.6,2926.4,4322.95,2866.6,3252.8,1,1,3252.7,5,3,3252.6,11,2,3252.5,10,1,3252.4,15,1,3253.3,137,11,3253.4,9,1,3253.5,24,1,3253.6,22,1,3253.9,43,3
11536,2025-12-30 10:30:33+05:30,3252.6,2,3248.37,231062,104180.0,113544.0,3250.0,3257.0,3239.8,3251.5,41681325,3576.6,2926.4,4322.95,2866.6,3252.6,1,1,3252.5,10,1,3252.4,15,1,3252.3,5,1,3252.2,23,2,3253.3,142,12,3253.4,9,1,3253.5,24,1,3253.7,21,1,3253.8,26,1
11536,2025-12-30 10:30:33+05:30,3252.6,2,3248.37,231062,104180.0,113544.0,3250.0,3257.0,3239.8,3251.5,41681325,3576.6,2926.4,4322.95,2866.6,3252.6,1,1,3252.5,10,1,3252.4,15,1,3252.3,5,1,3252.2,23,2,3253.3,142,12,3253.4,9,1,3253.5,24,1,3253.7,21,1,3253.8,26,1
11536,2025-12-30 10:30:34+05:30,3252.6,1,3248.37,231068,104412.0,113142.0,3250.0,3257.0,3239.8,3251.5,41681325,3576.6,2926.4,4322.95,2866.6,3252.6,4,1,3252.5,10,1,3252.4,15,1,3252.3,4,1,3252.2,23,2,3253.3,140,12,3253.4,30,2,3253.5,24,1,3253.7,7,1,3253.8,26,1
11536,2025-12-30 10:30:34+05:30,3252.6,2,3248.37,231068,104412.0,113142.0,3250.0,3257.0,3239.8,3251.5,41681325,3576.6,2926.4,4322.95,2866.6,3252.6,4,1,3252.5,10,1,3252.4,15,1,3252.3,4,1,3252.2,23,2,3253.3,140,12,3253.4,30,2,3253.5,24,1,3253.7,7,1,3253.8,26,1
11536,2025-12-30 10:30:35+05:30,3252.5,86,3248.37,231194,103932.0,112614.0,3250.0,3257.0,3239.8,3251.5,41681325,3576.6,2926.4,4322.95,2866.6,3252.4,15,1,3252.3,11,2,3252.1,31,2,3252.0,361,9,3251.9,34,1,3252.5,32,1,3253.3,159,15,3253.4,9,1,3253.5,50,2,3253.8,202,5
11536,2025-12-30 10:30:35+05:30,3252.4,1,3248.37,231194,103932.0,112614.0,3250.0,3257.0,3239.8,3251.5,41681325,3576.6,2926.4,4322.95,2866.6,3252.4,15,1,3252.3,11,2,3252.1,31,2,3252.0,361,9,3251.9,34,1,3252.5,32,1,3253.3,159,15,3253.4,9,1,3253.5,50,2,3253.8,202,5
11536,2025-12-30 10:30:36+05:30,3252.5,1,3248.38,231215,103616.0,112812.0,3250.0,3257.0,3239.8,3251.5,41681325,3576.6,2926.4,4322.95,2866.6,3252.2,11,2,3252.1,31,2,3252.0,205,8,3251.9,34,1,3251.8,106,6,3252.5,47,6,3253.3,145,11,3253.4,9,1,3253.5,50,2,3253.7,46,1
11536,2025-12-30 10:30:36+05:30,3252.2,1,3248.38,231215,103616.0,112812.0,3250.0,3257.0,3239.8,3251.5,41681325,3576.6,2926.4,4322.95,2866.6,3252.2,11,2,3252.1,31,2,3252.0,205,8,3251.9,34,1,3251.8,106,6,3252.5,47,6,3253.3,145,11,3253.4,9,1,3253.5,50,2,3253.7,46,1
11536,2025-12-30 10:30:37+05:30,3252.2,1,3248.38,231234,103770.0,112769.0,3250.0,3257.0,3239.8,3251.5,41681325,3576.6,2926.4,4322.95,2866.6,3252.2,8,3,3252.1,41,4,3252.0,187,8,3251.9,41,2,3251.8,116,7,3252.5,37,11,3253.3,141,7,3253.4,9,1,3253.5,50,2,3253.7,46,1
11536,2025-12-30 10:30:37+05:30,3252.1,3,3248.38,231234,103770.0,112769.0,3250.0,3257.0,3239.8,3251.5,41681325,3576.6,2926.4,4322.95,2866.6,3252.2,8,3,3252.1,41,4,3252.0,187,8,3251.9,41,2,3251.8,116,7,3252.5,37,11,3253.3,141,7,3253.4,9,1,3253.5,50,2,3253.7,46,1
11536,2025-12-30 10:30:38+05:30,3252.1,1,3248.38,231341,103087.0,112728.0,3250.0,3257.0,3239.8,3251.5,41681325,3576.6,2926.4,4322.95,2866.6,3252.1,14,2,3252.0,166,6,3251.9,31,3,3251.8,45,4,3251.7,34,1,3252.2,15,8,3252.5,86,13,3253.2,3,1,3253.3,111,4,3253.4,9,1
11536,2025-12-30 10:30:38+05:30,3252.1,5,3248.38,231341,103087.0,112728.0,3250.0,3257.0,3239.8,3251.5,41681325,3576.6,2926.4,4322.95,2866.6,3252.1,14,2,3252.0,166,6,3251.9,31,3,3251.8,45,4,3251.7,34,1,3252.2,15,8,3252.5,86,13,3253.2,3,1,3253.3,111,4,3253.4,9,1
11536,2025-12-30 10:30:39+05:30,3252.1,1,3248.38,231371,103372.0,112874.0,3250.0,3257.0,3239.8,3251.5,41681325,3576.6,2926.4,4322.95,2866.6,3252.1,13,2,3252.0,166,6,3251.9,14,2,3251.8,14,2,3251.7,8,1,3252.2,16,10,3252.5,80,8,3253.2,3,1,3253.3,111,4,3253.4,35,2
11536,2025-12-30 10:30:39+05:30,3252.1,5,3248.38,231371,103372.0,112874.0,3250.0,3257.0,3239.8,3251.5,41681325,3576.6,2926.4,4322.95,2866.6,3252.1,13,2,3252.0,166,6,3251.9,14,2,3251.8,14,2,3251.7,8,1,3252.2,16,10,3252.5,80,8,3253.2,3,1,3253.3,111,4,3253.4,35,2
11536,2025-12-30 10:30:40+05:30,3252.0,3,3248.38,231433,103160.0,112946.0,3250.0,3257.0,3239.8,3251.5,41681325,3576.6,2926.4,4322.95,2866.6,3252.0,153,4,3251.9,14,2,3251.8,14,2,3251.7,17,1,3251.6,60,4,3252.1,4,3,3252.2,16,6,3252.5,67,4,3253.2,3,1,3253.3,139,5
11536,2025-12-30 10:30:40+05:30,3252.0,15,3248.38,231433,103160.0,112946.0,3250.0,3257.0,3239.8,3251.5,41681325,3576.6,2926.4,4322.95,2866.6,3252.0,153,4,3251.9,14,2,3251.8,14,2,3251.7,17,1,3251.6,60,4,3252.1,4,3,3252.2,16,6,3252.5,67,4,3253.2,3,1,3253.3,139,5
11536,2025-12-30 10:30:41+05:30,3252.0,2,3248.38,231465,103185.0,113517.0,3250.0,3257.0,3239.8,3251.5,41681325,3576.6,2926.4,4322.95,2866.6,3252.0,185,7,3251.9,7,1,3251.8,21,3,3251.7,6,1,3251.6,46,3,3252.1,8,7,3252.2,11,2,3252.5,66,3,3253.1,49,2,3253.2,29,2
11536,2025-12-30 10:30:41+05:30,3252.0,22,3248.38,231465,103185.0,113517.0,3250.0,3257.0,3239.8,3251.5,41681325,3576.6,2926.4,4322.95,2866.6,3252.0,185,7,3251.9,7,1,3251.8,21,3,3251.7,6,1,3251.6,46,3,3252.1,8,7,3252.2,11,2,3252.5,66,3,3253.1,49,2,3253.2,29,2
11536,2025-12-30 10:30:42+05:30,3252.0,4,3248.38,231513,103144.0,112061.0,3250.0,3257.0,3239.8,3251.5,41681325,3576.6,2926.4,4322.95,2866.6,3252.0,135,5,3251.9,11,2,3251.8,10,1,3251.6,20,2,3251.5,16,2,3252.1,9,9,3252.2,10,1,3252.5,66,3,3253.0,23,1,3253.1,26,1
11536,2025-12-30 10:30:42+05:30,3252.0,3,3248.38,231513,103144.0,112061.0,3250.0,3257.0,3239.8,3251.5,41681325,3576.6,2926.4,4322.95,2866.6,3252.0,135,5,3251.9,11,2,3251.8,10,1,3251.6,20,2,3251.5,16,2,3252.1,9,9,3252.2,10,1,3252.5,66,3,3253.0,23,1,3253.1,26,1
11536,2025-12-30 10:30:43+05:30,3252.0,1,3248.38,231534,102164.0,113657.0,3250.0,3257.0,3239.8,3251.5,41681325,3576.6,2926.4,4322.95,2866.6,3252.0,116,4,3251.9,7,1,3251.8,10,1,3251.6,20,2,3251.5,6,1,3252.1,26,10,3252.5,66,3,3252.6,23,1,3252.7,20,1,3252.8,45,2
11536,2025-12-30 10:30:43+05:30,3252.0,3,3248.38,231534,102164.0,113657.0,3250.0,3257.0,3239.8,3251.5,41681325,3576.6,2926.4,4322.95,2866.6,3252.0,116,4,3251.9,7,1,3251.8,10,1,3251.6,20,2,3251.5,6,1,3252.1,26,10,3252.5,66,3,3252.6,23,1,3252.7,20,1,3252.8,45,2
11536,2025-12-30 10:30:44+05:30,3252.0,2,3248.38,231547,102902.0,113562.0,3250.0,3257.0,3239.8,3251.5,41681325,3576.6,2926.4,4322.95,2866.6,3252.0,103,4,3251.9,16,2,3251.8,10,1,3251.6,16,1,3251.4,21,1,3252.1,25,9,3252.5,86,4,3252.6,23,1,3252.8,32,2,3252.9,16,1
11536,2025-12-30 10:30:44+05:30,3252.0,1,3248.38,231547,102902.0,113562.0,3250.0,3257.0,3239.8,3251.5,41681325,3576.6,2926.4,4322.95,2866.6,3252.0,103,4,3251.9,16,2,3251.8,10,1,3251.6,16,1,3251.4,21,1,3252.1,25,9,3252.5,86,4,3252.6,23,1,3252.8,32,2,3252.9,16,1
11536,2025-12-30 10:30:45+05:30,3252.1,1,3248.38,231560,102902.0,113561.0,3250.0,3257.0,3239.8,3251.5,41681325,3576.6,2926.4,4322.95,2866.6,3252.0,92,4,3251.9,16,2,3251.8,10,1,3251.6,16,1,3251.4,25,2,3252.1,26,10,3252.5,86,4,3252.6,23,1,3252.8,26,1,3252.9,16,1
11536,2025-12-30 10:30:45+05:30,3252.0,2,3248.38,231560,102902.0,113561.0,3250.0,3257.0,3239.8,3251.5,41681325,3576.6,2926.4,4322.95,2866.6,3252.0,92,4,3251.9,16,2,3251.8,10,1,3251.6,16,1,3251.4,25,2,3252.1,26,10,3252.5,86,4,3252.6,23,1,3252.8,26,1,3252.9,16,1
11536,2025-12-30 10:30:46+05:30,3252.0,6,3248.38,231608,102876.0,113653.0,3250.0,3257.0,3239.8,3251.5,41681325,3576.6,2926.4,4322.95,2866.6,3252.0,77,4,3251.9,16,2,3251.8,10,1,3251.6,16,1,3251.4,31,3,3252.1,8,8,3252.5,66,3,3252.6,23,1,3252.7,20,1,3252.8,26,1
11536,2025-12-30 10:30:46+05:30,3252.0,2,3248.38,231608,102876.0,113653.0,3250.0,3257.0,3239.8,3251.5,41681325,3576.6,2926.4,4322.95,2866.6,3252.0,77,4,3251.9,16,2,3251.8,10,1,3251.6,16,1,3251.4,31,3,3252.1,8,8,3252.5,66,3,3252.6,23,1,3252.7,20,1,3252.8,26,1
11536,2025-12-30 10:30:47+05:30,3252.5,9,3248.38,231713,103728.0,113544.0,3250.0,3257.0,3239.8,3251.5,41681325,3576.6,2926.4,4322.95,2866.6,3252.1,1,1,3252.0,72,4,3251.9,16,2,3251.8,10,1,3251.6,38,2,3252.8,27,2,3252.9,24,2,3253.0,1,1,3253.1,26,1,3253.2,77,5
11536,2025-12-30 10:30:47+05:30,3252.1,1,3248.38,231713,103728.0,113544.0,3250.0,3257.0,3239.8,3251.5,41681325,3576.6,2926.4,4322.95,2866.6,3252.1,1,1,3252.0,72,4,3251.9,16,2,3251.8,10,1,3251.6,38,2,3252.8,27,2,3252.9,24,2,3253.0,1,1,3253.1,26,1,3253.2,77,5
11536,2025-12-30 10:30:48+05:30,3252.0,6,3248.38,231737,103593.0,112716.0,3250.0,3257.0,3239.8,3251.5,41681325,3576.6,2926.4,4322.95,2866.6,3252.0,62,4,3251.9,16,2,3251.8,20,3,3251.6,26,3,3251.5,26,1,3252.1,4,3,3252.6,20,1,3252.7,23,1,3252.8,10,3,3252.9,4,1
11536,2025-12-30 10:30:48+05:30,3252.0,6,3248.38,231737,103593.0,112716.0,3250.0,3257.0,3239.8,3251.5,41681325,3576.6,2926.4,4322.95,2866.6,3252.0,62,4,3251.9,16,2,3251.8,20,3,3251.6,26,3,3251.5,26,1,3252.1,4,3,3252.6,20,1,3252.7,23,1,3252.8,10,3,3252.9,4,1
11536,2025-12-30 10:30:49+05:30,3252.0,31,3248.38,231768,103553.0,113290.0,3250.0,3257.0,3239.8,3251.5,41681325,3576.6,2926.4,4322.95,2866.6,3252.0,31,4,3251.9,16,2,3251.8,20,3,3251.6,26,3,3251.5,26,1,3252.1,4,3,3252.6,20,1,3252.7,23,1,3252.8,6,2,3252.9,4,1
11536,2025-12-30 10:30:49+05:30,3252.0,4,3248.38,231768,103553.0,113290.0,3250.0,3257.0,3239.8,3251.5,41681325,3576.6,2926.4,4322.95,2866.6,3252.0,31,4,3251.9,16,2,3251.8,20,3,3251.6,26,3,3251.5,26,1,3252.1,4,3,3252.6,20,1,3252.7,23,1,3252.8,6,2,3252.9,4,1
11536,2025-12-30 10:30:50+05:30,3252.0,11,3248.38,231813,103531.0,113297.0,3250.0,3257.0,3239.8,3251.5,41681325,3576.6,2926.4,4322.95,2866.6,3252.0,3,2,3251.9,16,2,3251.8,20,3,3251.6,26,3,3251.4,51,4,3252.1,5,5,3252.6,20,1,3252.7,23,1,3252.8,4,1,3252.9,4,1
11536,2025-12-30 10:30:50+05:30,3252.0,11,3248.38,231813,103531.0,113297.0,3250.0,3257.0,3239.8,3251.5,41681325,3576.6,2926.4,4322.95,2866.6,3252.0,3,2,3251.9,16,2,3251.8,20,3,3251.6,26,3,3251.4,51,4,3252.1,5,5,3252.6,20,1,3252.7,23,1,3252.8,4,1,3252.9,4,1
11536,2025-12-30 10:30:51+05:30,3252.0,2,3248.38,231817,103538.0,113074.0,3250.0,3257.0,3239.8,3251.5,41681325,3576.6,2926.4,4322.95,2866.6,3252.0,14,2,3251.9,16,2,3251.8,16,2,3251.6,26,3,3251.4,51,4,3252.1,6,6,3252.4,19,1,3252.5,22,1,3252.8,4,1,3252.9,4,1
11536,2025-12-30 10:30:51+05:30,3252.0,9,3248.38,231817,103538.0,113074.0,3250.0,3257.0,3239.8,3251.5,41681325,3576.6,2926.4,4322.95,2866.6,3252.0,14,2,3251.9,16,2,3251.8,16,2,3251.6,26,3,3251.4,51,4,3252.1,6,6,3252.4,19,1,3252.5,22,1,3252.8,4,1,3252.9,4,1
11536,2025-12-30 10:30:52+05:30,3252.0,2,3248.39,231834,103527.0,113452.0,3250.0,3257.0,3239.8,3251.5,41681325,3576.6,2926.4,4322.95,2866.6,3252.0,11,2,3251.9,16,2,3251.8,16,2,3251.6,26,3,3251.4,51,4,3252.1,8,8,3252.5,22,1,3252.9,19,1,3253.0,1,1,3253.1,26,1
11536,2025-12-30 10:30:52+05:30,3252.0,1,3248.39,231834,103527.0,113452.0,3250.0,3257.0,3239.8,3251.5,41681325,3576.6,2926.4,4322.95,2866.6,3252.0,11,2,3251.9,16,2,3251.8,16,2,3251.6,26,3,3251.4,51,4,3252.1,8,8,3252.5,22,1,3252.9,19,1,3253.0,1,1,3253.1,26,1
11536,2025-12-30 10:30:53+05:30,3252.0,3,3248.39,231849,103524.0,113448.0,3250.0,3257.0,3239.8,3251.5,41681325,3576.6,2926.4,4322.95,2866.6,3252.0,8,1,3251.9,16,2,3251.8,16,2,3251.6,26,3,3251.4,51,4,3252.1,9,9,3252.5,22,1,3252.9,19,1,3253.0,1,1,3253.1,26,1
11536,2025-12-30 10:30:53+05:30,3252.0,3,3248.39,231849,103524.0,113448.0,3250.0,3257.0,3239.8,3251.5,41681325,3576.6,2926.4,4322.95,2866.6,3252.0,8,1,3251.9,16,2,3251.8,16,2,3251.6,26,3,3251.4,51,4,3252.1,9,9,3252.5,22,1,3252.9,19,1,3253.0,1,1,3253.1,26,1
11536,2025-12-30 10:30:54+05:30,3252.0,3,3248.39,231856,102948.0,113604.0,3250.0,3257.0,3239.8,3251.5,41681325,3576.6,2926.4,4322.95,2866.6,3252.0,1,1,3251.9,16,2,3251.8,16,2,3251.6,26,3,3251.4,30,3,3252.1,9,9,3252.5,22,1,3252.9,19,1,3253.0,1,1,3253.1,26,1
11536,2025-12-30 10:30:54+05:30,3252.0,1,3248.39,231856,102948.0,113604.0,3250.0,3257.0,3239.8,3251.5,41681325,3576.6,2926.4,4322.95,2866.6,3252.0,1,1,3251.9,16,2,3251.8,16,2,3251.6,26,3,3251.4,30,3,3252.1,9,9,3252.5,22,1,3252.9,19,1,3253.0,1,1,3253.1,26,1
11536,2025-12-30 10:30:55+05:30,3252.0,1,3248.39,231864,102967.0,113602.0,3250.0,3257.0,3239.8,3251.5,41681325,3576.6,2926.4,4322.95,2866.6,3252.0,7,1,3251.9,20,3,3251.8,16,2,3251.6,26,3,3251.4,30,3,3252.1,7,7,3252.5,22,1,3252.9,19,1,3253.0,1,1,3253.1,26,1
11536,2025-12-30 10:30:55+05:30,3252.0,1,3248.39,231864,102967.0,113602.0,3250.0,3257.0,3239.8,3251.5,41681325,3576.6,2926.4,4322.95,2866.6,3252.0,7,1,3251.9,20,3,3251.8,16,2,3251.6,26,3,3251.4,30,3,3252.1,7,7,3252.5,22,1,3252.9,19,1,3253.0,1,1,3253.1,26,1
11536,2025-12-30 10:30:56+05:30,3252.0,2,3248.39,231871,103007.0,114003.0,3250.0,3257.0,3239.8,3251.5,41681325,3576.6,2926.4,4322.95,2866.6,3252.0,47,2,3251.9,16,2,3251.8,16,2,3251.6,26,3,3251.4,30,3,3252.1,8,8,3252.5,22,1,3252.9,19,1,3253.0,1,1,3253.1,26,1
11536,2025-12-30 10:30:56+05:30,3252.1,1,3248.39,231871,103007.0,114003.0,3250.0,3257.0,3239.8,3251.5,41681325,3576.6,2926.4,4322.95,2866.6,3252.0,47,2,3251.9,16,2,3251.8,16,2,3251.6,26,3,3251.4,30,3,3252.1,8,8,3252.5,22,1,3252.9,19,1,3253.0,1,1,3253.1,26,1
11536,2025-12-30 10:30:57+05:30,3252.0,1,3248.39,231873,103054.0,113622.0,3250.0,3257.0,3239.8,3251.5,41681325,3576.6,2926.4,4322.95,2866.6,3252.0,90,3,3251.9,20,3,3251.8,16,2,3251.6,26,3,3251.4,30,3,3252.1,18,9,3252.5,22,1,3252.9,19,1,3253.0,1,1,3253.1,26,1
11536,2025-12-30 10:30:57+05:30,3252.0,1,3248.39,231873,103054.0,113622.0,3250.0,3257.0,3239.8,3251.5,41681325,3576.6,2926.4,4322.95,2866.6,3252.0,90,3,3251.9,20,3,3251.8,16,2,3251.6,26,3,3251.4,30,3,3252.1,18,9,3252.5,22,1,3252.9,19,1,3253.0,1,1,3253.1,26,1
11536,2025-12-30 10:30:58+05:30,3252.0,8,3248.39,231893,103051.0,113620.0,3250.0,3257.0,3239.8,3251.5,41681325,3576.6,2926.4,4322.95,2866.6,3252.0,83,3,3251.9,26,4,3251.8,10,1,3251.6,26,3,3251.4,30,3,3252.1,17,8,3252.5,22,1,3252.9,19,1,3253.0,1,1,3253.1,26,1
11536,2025-12-30 10:30:58+05:30,3252.0,1,3248.39,231893,103051.0,113620.0,3250.0,3257.0,3239.8,3251.5,41681325,3576.6,2926.4,4322.95,2866.6,3252.0,83,3,3251.9,26,4,3251.8,10,1,3251.6,26,3,3251.4,30,3,3252.1,17,8,3252.5,22,1,3252.9,19,1,3253.0,1,1,3253.1,26,1
11536,2025-12-30 10:30:59+05:30,3252.0,1,3248.39,231965,102768.0,113846.0,3250.0,3257.0,3239.8,3251.5,41681325,3576.6,2926.4,4322.95,2866.6,3252.0,11,1,3251.9,16,2,3251.8,10,1,3251.6,20,2,3251.4,30,3,3252.1,13,7,3252.5,22,1,3252.9,19,1,3253.1,32,2,3253.2,275,8
11536,2025-12-30 10:30:59+05:30,3252.0,1,3248.39,231965,102768.0,113846.0,3250.0,3257.0,3239.8,3251.5,41681325,3576.6,2926.4,4322.95,2866.6,3252.0,11,1,3251.9,16,2,3251.8,10,1,3251.6,20,2,3251.4,30,3,3252.1,13,7,3252.5,22,1,3252.9,19,1,3253.1,32,2,3253.2,275,8
11536,2025-12-30 10:31:00+05:30,3251.9,7,3248.39,232001,102698.0,114037.0,3250.0,3257.0,3239.8,3251.5,41681325,3576.6,2926.4,4322.95,2866.6,3251.9,9,2,3251.8,10,1,3251.6,4,1,3251.4,24,2,3251.3,66,3,3252.1,10,6,3252.4,18,1,3252.5,22,1,3253.0,6,1,3253.1,52,3
11536,2025-12-30 10:31:00+05:30,3251.9,4,3248.39,232001,102698.0,114037.0,3250.0,3257.0,3239.8,3251.5,41681325,3576.6,2926.4,4322.95,2866.6,3251.9,9,2,3251.8,10,1,3251.6,4,1,3251.4,24,2,3251.3,66,3,3252.1,10,6,3252.4,18,1,3252.5,22,1,3253.0,6,1,3253.1,52,3
11536,2025-12-30 10:31:01+05:30,3252.1,1,3248.39,232008,102604.0,114006.0,3250.0,3257.0,3239.8,3251.5,41681325,3576.6,2926.4,4322.95,2866.6,3251.9,12,2,3251.8,10,1,3251.4,4,1,3251.3,32,2,3251.2,125,8,3252.1,13,9,3252.4,18,1,3252.5,22,1,3252.9,6,1,3253.1,52,3
11536,2025-12-30 10:31:01+05:30,3251.9,2,3248.39,232008,102604.0,114006.0,3250.0,3257.0,3239.8,3251.5,41681325,3576.6,2926.4,4322.95,2866.6,3251.9,12,2,3251.8,10,1,3251.4,4,1,3251.3,32,2,3251.2,125,8,3252.1,13,9,3252.4,18,1,3252.5,22,1,3252.9,6,1,3253.1,52,3
11536,2025-12-30 10:31:02+05:30,3251.9,9,3248.39,232053,102445.0,114065.0,3250.0,3257.0,3239.8,3251.5,41681325,3576.6,2926.4,4322.95,2866.6,3251.9,16,2,3251.8,10,1,3251.4,4,1,3251.3,1,1,3251.2,151,9,3252.1,38,8,3252.4,18,1,3252.5,22,1,3252.9,6,1,3253.1,52,3
11536,2025-12-30 10:31:02+05:30,3252.1,1,3248.39,232053,102445.0,114065.0,3250.0,3257.0,3239.8,3251.5,41681325,3576.6,2926.4,4322.95,2866.6,3251.9,16,2,3251.8,10,1,3251.4,4,1,3251.3,1,1,3251.2,151,9,3252.1,38,8,3252.4,18,1,3252.5,22,1,3252.9,6,1,3253.1,52,3
11536,2025-12-30 10:31:03+05:30,3251.9,1,3248.39,232062,102558.0,113456.0,3250.0,3257.0,3239.8,3251.5,41681325,3576.6,2926.4,4322.95,2866.6,3251.9,15,2,3251.8,10,1,3251.4,4,1,3251.3,165,2,3251.2,97,7,3252.1,39,9,3252.5,22,1,3252.8,18,1,3252.9,6,1,3253.1,52,3
11536,2025-12-30 10:31:03+05:30,3252.1,3,3248.39,232062,102558.0,113456.0,3250.0,3257.0,3239.8,3251.5,41681325,3576.6,2926.4,4322.95,2866.6,3251.9,15,2,3251.8,10,1,3251.4,4,1,3251.3,165,2,3251.2,97,7,3252.1,39,9,3252.5,22,1,3252.8,18,1,3252.9,6,1,3253.1,52,3
11536,2025-12-30 10:31:04+05:30,3251.9,5,3248.39,232080,102406.0,114000.0,3250.0,3257.0,3239.8,3251.5,41681325,3576.6,2926.4,4322.95,2866.6,3251.9,11,2,3251.8,10,1,3251.5,6,1,3251.3,5,2,3251.2,93,6,3252.1,50,10,3252.5,22,1,3252.8,44,2,3252.9,6,1,3253.1,208,4
11536,2025-12-30 10:31:04+05:30,3251.9,4,3248.39,232080,102406.0,114000.0,3250.0,3257.0,3239.8,3251.5,41681325,3576.6,2926.4,4322.95,2866.6,3251.9,11,2,3251.8,10,1,3251.5,6,1,3251.3,5,2,3251.2,93,6,3252.1,50,10,3252.5,22,1,3252.8,44,2,3252.9,6,1,3253.1,208,4
11536,2025-12-30 10:31:05+05:30,3251.9,4,3248.39,232092,102414.0,114097.0,3250.0,3257.0,3239.8,3251.5,41681325,3576.6,2926.4,4322.95,2866.6,3251.9,16,2,3251.8,10,1,3251.3,5,2,3251.2,93,6,3251.1,196,3,3252.1,50,11,3252.4,18,1,3252.5,22,1,3252.8,32,2,3253.0,6,1
11536,2025-12-30 10:31:05+05:30,3252.1,1,3248.39,232092,102414.0,114097.0,3250.0,3257.0,3239.8,3251.5,41681325,3576.6,2926.4,4322.95,2866.6,3251.9,16,2,3251.8,10,1,3251.3,5,2,3251.2,93,6,3251.1,196,3,3252.1,50,11,3252.4,18,1,3252.5,22,1,3252.8,32,2,3253.0,6,1
11536,2025-12-30 10:31:06+05:30,3251.9,1,3248.39,232100,102581.0,114100.0,3250.0,3257.0,3239.8,3251.5,41681325,3576.6,2926.4,4322.95,2866.6,3251.9,15,2,3251.8,10,1,3251.3,5,2,3251.2,93,6,3251.1,196,3,3252.1,50,12,3252.4,18,1,3252.5,22,1,3252.8,32,2,3252.9,1,1
11536,2025-12-30 10:31:06+05:30,3251.9,2,3248.39,232100,102581.0,114100.0,3250.0,3257.0,3239.8,3251.5,41681325,3576.6,2926.4,4322.95,2866.6,3251.9,15,2,3251.8,10,1,3251.3,5,2,3251.2,93,6,3251.1,196,3,3252.1,50,12,3252.4,18,1,3252.5,22,1,3252.8,32,2,3252.9,1,1
11536,2025-12-30 10:31:07+05:30,3251.8,18,3248.39,232232,100853.0,114543.0,3250.0,3257.0,3239.8,3251.5,41681325,3576.6,2926.4,4322.95,2866.6,3251.2,5,2,3251.1,53,3,3251.0,3230,6,3250.8,47,4,3250.7,43,1,3251.7,20,1,3251.8,10,1,3252.0,18,1,3252.1,49,11,3252.4,10,1
11536,2025-12-30 10:31:07+05:30,3250.2,1,3248.39,232232,100853.0,114543.0,3250.0,3257.0,3239.8,3251.5,41681325,3576.6,2926.4,4322.95,2866.6,3251.2,5,2,3251.1,53,3,3251.0,3230,6,3250.8,47,4,3250.7,43,1,3251.7,20,1,3251.8,10,1,3252.0,18,1,3252.1,49,11,3252.4,10,1
11536,2025-12-30 10:31:08+05:30,3250.1,1,3248.43,235466,95085.0,114347.0,3250.0,3257.0,3239.8,3251.5,41681325,3576.6,2926.4,4322.95,2866.6,3250.0,560,18,3249.8,25,2,3249.7,1,1,3249.6,31,2,3249.4,66,4,3250.2,19,3,3250.5,20,1,3250.8,18,1,3250.9,148,4,3251.0,10,1
11536,2025-12-30 10:31:08+05:30,3250.1,1,3248.43,235466,95085.0,114347.0,3250.0,3257.0,3239.8,3251.5,41681325,3576.6,2926.4,4322.95,2866.6,3250.0,560,18,3249.8,25,2,3249.7,1,1,3249.6,31,2,3249.4,66,4,3250.2,19,3,3250.5,20,1,3250.8,18,1,3250.9,148,4,3251.0,10,1
11536,2025-12-30 10:31:09+05:30,3250.1,2,3248.43,235772,96547.0,112985.0,3250.0,3257.0,3239.8,3251.5,41681325,3576.6,2926.4,4322.95,2866.6,3250.1,35,3,3250.0,487,16,3249.9,13,1,3249.8,44,4,3249.7,36,3,3250.9,162,6,3251.1,18,1,3251.2,1,1,3251.3,26,1,3251.4,4,2
11536,2025-12-30 10:31:09+05:30,3250.1,10,3248.43,235772,96547.0,112985.0,3250.0,3257.0,3239.8,3251.5,41681325,3576.6,2926.4,4322.95,2866.6,3250.1,35,3,3250.0,487,16,3249.9,13,1,3249.8,44,4,3249.7,36,3,3250.9,162,6,3251.1,18,1,3251.2,1,1,3251.3,26,1,3251.4,4,2
11536,2025-12-30 10:31:10+05:30,3250.1,10,3248.44,236755,96612.0,113512.0,3250.0,3257.0,3239.8,3251.5,41681325,3576.6,2926.4,4322.95,2866.6,3250.1,26,2,3250.0,513,17,3249.9,15,1,3249.8,77,6,3249.7,54,3,3250.9,111,8,3251.3,18,1,3251.4,4,2,3251.5,3,1,3251.6,65,3
11536,2025-12-30 10:31:10+05:30,3250.0,2,3248.44,236755,96612.0,113512.0,3250.0,3257.0,3239.8,3251.5,41681325,3576.6,2926.4,4322.95,2866.6,3250.1,26,2,3250.0,513,17,3249.9,15,1,3249.8,77,6,3249.7,54,3,3250.9,111,8,3251.3,18,1,3251.4,4,2,3251.5,3,1,3251.6,65,3
11536,2025-12-30 10:31:11+05:30,3250.0,7,3248.44,237344,96139.0,115081.0,3250.0,3257.0,3239.8,3251.5,41681325,3576.6,2926.4,4322.95,2866.6,3250.0,30,2,3249.7,1,1,3249.6,106,9,3249.5,184,2,3249.4,324,9,3250.8,34,2,3250.9,77,7,3251.0,20,1,3251.1,15,1,3251.2,43,2
11536,2025-12-30 10:31:11+05:30,3250.0,6,3248.44,237344,96139.0,115081.0,3250.0,3257.0,3239.8,3251.5,41681325,3576.6,2926.4,4322.95,2866.6,3250.0,30,2,3249.7,1,1,3249.6,106,9,3249.5,184,2,3249.4,324,9,3250.8,34,2,3250.9,77,7,3251.0,20,1,3251.1,15,1,3251.2,43,2
11536,2025-12-30 10:31:12+05:30,3249.9,26,3248.44,237693,95864.0,114742.0,3250.0,3257.0,3239.8,3251.5,41681325,3576.6,2926.4,4322.95,2866.6,3249.9,32,3,3249.8,2,1,3249.7,62,2,3249.6,94,7,3249.5,78,2,3250.7,3,3,3250.8,43,4,3250.9,40,4,3251.0,18,1,3251.4,30,3
11536,2025-12-30 10:31:12+05:30,3249.9,5,3248.44,237693,95864.0,114742.0,3250.0,3257.0,3239.8,3251.5,41681325,3576.6,2926.4,4322.95,2866.6,3249.9,32,3,3249.8,2,1,3249.7,62,2,3249.6,94,7,3249.5,78,2,3250.7,3,3,3250.8,43,4,3250.9,40,4,3251.0,18,1,3251.4,30,3
11536,2025-12-30 10:31:13+05:30,3249.8,148,3248.44,237875,95635.0,113881.0,3250.0,3257.0,3239.8,3251.5,41681325,3576.6,2926.4,4322.95,2866.6,3249.8,19,1,3249.7,14,2,3249.6,55,4,3249.5,17,1,3249.4,51,4,3249.9,5,1,3250.7,19,6,3250.8,61,5,3250.9,8,1,3251.3,48,2
11536,2025-12-30 10:31:13+05:30,3249.9,1,3248.44,237875,95635.0,113881.0,3250.0,3257.0,3239.8,3251.5,41681325,3576.6,2926.4,4322.95,2866.6,3249.8,19,1,3249.7,14,2,3249.6,55,4,3249.5,17,1,3249.4,51,4,3249.9,5,1,3250.7,19,6,3250.8,61,5,3250.9,8,1,3251.3,48,2
11536,2025-12-30 10:31:14+05:30,3250.7,5,3248.45,238369,98341.0,112687.0,3250.0,3257.0,3239.8,3251.5,41681325,3576.6,2926.4,4322.95,2866.6,3250.7,10,1,3250.1,65,4,3250.0,75,3,3249.9,97,4,3249.8,292,6,3250.8,40,3,3251.4,26,1,3251.5,26,1,3251.6,62,2,3251.7,5,2
11536,2025-12-30 10:31:14+05:30,3250.7,10,3248.45,238369,98341.0,112687.0,3250.0,3257.0,3239.8,3251.5,41681325,3576.6,2926.4,4322.95,2866.6,3250.7,10,1,3250.1,65,4,3250.0,75,3,3249.9,97,4,3249.8,292,6,3250.8,40,3,3251.4,26,1,3251.5,26,1,3251.6,62,2,3251.7,5,2
11536,2025-12-30 10:31:15+05:30,3252.1,101,3248.46,239498,97994.0,111342.0,3250.0,3257.0,3239.8,3251.5,41681325,3576.6,2926.4,4322.95,2866.6,3250.5,5,1,3250.4,6,1,3250.3,81,3,3250.2,138,6,3250.1,121,3,3251.8,69,5,3251.9,35,3,3252.0,21,1,3252.1,49,2,3252.2,203,3
11536,2025-12-30 10:31:15+05:30,3252.1,101,3248.46,239498,97994.0,111342.0,3250.0,3257.0,3239.8,3251.5,41681325,3576.6,2926.4,4322.95,2866.6,3250.5,5,1,3250.4,6,1,3250.3,81,3,3250.2,138,6,3250.1,121,3,3251.8,69,5,3251.9,35,3,3252.0,21,1,3252.1,49,2,3252.2,203,3
11536,2025-12-30 10:31:16+05:30,3250.5,1,3248.46,239501,97543.0,112958.0,3250.0,3257.0,3239.8,3251.5,41681325,3576.6,2926.4,4322.95,2866.6,3250.5,3,1,3250.4,6,1,3250.3,6,1,3250.2,6,1,3250.1,5,1,3251.1,18,1,3251.2,24,2,3251.3,26,4,3251.4,22,2,3251.6,20,1
11536,2025-12-30 10:31:16+05:30,3250.5,1,3248.46,239501,97543.0,112958.0,3250.0,3257.0,3239.8,3251.5,41681325,3576.6,2926.4,4322.95,2866.6,3250.5,3,1,3250.4,6,1,3250.3,6,1,3250.2,6,1,3250.1,5,1,3251.1,18,1,3251.2,24,2,3251.3,26,4,3251.4,22,2,3251.6,20,1
11536,2025-12-30 10:31:17+05:30,3250.5,1,3248.46,239501,97510.0,113133.0,3250.0,3257.0,3239.8,3251.5,41681325,3576.6,2926.4,4322.95,2866.6,3250.5,3,1,3250.4,6,1,3250.3,6,1,3250.2,6,1,3250.1,5,1,3251.1,19,2,3251.2,24,2,3251.3,26,4,3251.4,48,3,3251.6,20,1
11536,2025-12-30 10:31:17+05:30,3250.2,6,3248.46,239501,97510.0,113133.0,3250.0,3257.0,3239.8,3251.5,41681325,3576.6,2926.4,4322.95,2866.6,3250.5,3,1,3250.4,6,1,3250.3,6,1,3250.2,6,1,3250.1,5,1,3251.1,19,2,3251.2,24,2,3251.3,26,4,3251.4,48,3,3251.6,20,1
11536,2025-12-30 10:31:18+05:30,3249.7,11,3248.46,239540,95687.0,114728.0,3250.0,3257.0,3239.8,3251.5,41681325,3576.6,2926.4,4322.95,2866.6,3249.7,18,2,3249.6,27,2,3249.5,20,1,3249.4,83,6,3249.3,17,1,3250.2,16,2,3250.5,28,3,3251.0,18,1,3251.1,21,2,3251.2,30,2
11536,2025-12-30 10:31:18+05:30,3249.7,1,3248.46,239540,95687.0,114728.0,3250.0,3257.0,3239.8,3251.5,41681325,3576.6,2926.4,4322.95,2866.6,3249.7,18,2,3249.6,27,2,3249.5,20,1,3249.4,83,6,3249.3,17,1,3250.2,16,2,3250.5,28,3,3251.0,18,1,3251.1,21,2,3251.2,30,2
11536,2025-12-30 10:31:19+05:30,3249.7,2,3248.46,239712,95601.0,112752.0,3250.0,3257.0,3239.8,3251.5,41681325,3576.6,2926.4,4322.95,2866.6,3249.7,57,5,3249.6,14,2,3249.5,43,4,3249.4,75,5,3249.3,49,3,3250.2,27,6,3250.5,28,3,3251.0,18,1,3251.2,67,3,3251.3,1,1
11536,2025-12-30 10:31:19+05:30,3249.7,80,3248.46,239712,95601.0,112752.0,3250.0,3257.0,3239.8,3251.5,41681325,3576.6,2926.4,4322.95,2866.6,3249.7,57,5,3249.6,14,2,3249.5,43,4,3249.4,75,5,3249.3,49,3,3250.2,27,6,3250.5,28,3,3251.0,18,1,3251.2,67,3,3251.3,1,1
11536,2025-12-30 10:31:20+05:30,3249.8,3,3248.47,240239,92911.0,113704.0,3250.0,3257.0,3239.8,3251.5,41681325,3576.6,2926.4,4322.95,2866.6,3249.8,11,1,3249.7,95,7,3249.6,41,4,3249.5,22,3,3249.4,84,6,3250.2,36,6,3250.5,1,1,3251.0,131,1,3251.2,26,1,3251.3,1,1
11536,2025-12-30 10:31:20+05:30,3249.7,1,3248.47,240239,92911.0,113704.0,3250.0,3257.0,3239.8,3251.5,41681325,3576.6,2926.4,4322.95,2866.6,3249.8,11,1,3249.7,95,7,3249.6,41,4,3249.5,22,3,3249.4,84,6,3250.2,36,6,3250.5,1,1,3251.0,131,1,3251.2,26,1,3251.3,1,1
11536,2025-12-30 10:31:21+05:30,3249.8,14,3248.47,240265,95777.0,113771.0,3250.0,3257.0,3239.8,3251.5,41681325,3576.6,2926.4,4322.95,2866.6,3249.7,47,3,3249.6,41,4,3249.5,34,3,3249.4,84,6,3249.3,52,3,3249.8,6,1,3250.2,32,8,3251.0,131,1,3251.2,50,3,3251.3,29,2
11536,2025-12-30 10:31:21+05:30,3249.8,1,3248.47,240265,95777.0,113771.0,3250.0,3257.0,3239.8,3251.5,41681325,3576.6,2926.4,4322.95,2866.6,3249.7,47,3,3249.6,41,4,3249.5,34,3,3249.4,84,6,3249.3,52,3,3249.8,6,1,3250.2,32,8,3251.0,131,1,3251.2,50,3,3251.3,29,2
11536,2025-12-30 10:31:22+05:30,3251.0,25,3248.47,240626,96982.0,112242.0,3250.0,3257.0,3239.8,3251.5,41681325,3576.6,2926.4,4322.95,2866.6,3250.2,10,1,3249.8,46,3,3249.7,219,4,3249.6,81,6,3249.5,66,5,3251.0,106,1,3251.1,18,1,3251.4,1,1,3251.7,53,2,3251.8,199,4
11536,2025-12-30 10:31:22+05:30,3251.0,25,3248.47,240626,96982.0,112242.0,3250.0,3257.0,3239.8,3251.5,41681325,3576.6,2926.4,4322.95,2866.6,3250.2,10,1,3249.8,46,3,3249.7,219,4,3249.6,81,6,3249.5,66,5,3251.0,106,1,3251.1,18,1,3251.4,1,1,3251.7,53,2,3251.8,199,4
11536,2025-12-30 10:31:23+05:30,3251.0,25,3248.47,240626,96842.0,112305.0,3250.0,3257.0,3239.8,3251.5,41681325,3576.6,2926.4,4322.95,2866.6,3249.8,59,4,3249.7,202,4,3249.6,107,7,3249.5,48,4,3249.4,156,10,3251.0,121,3,3251.1,18,1,3251.3,20,1,3251.4,27,2,3251.7,73,3
11536,2025-12-30 10:31:23+05:30,3251.0,1,3248.47,240626,96842.0,112305.0,3250.0,3257.0,3239.8,3251.5,41681325,3576.6,2926.4,4322.95,2866.6,3249.8,59,4,3249.7,202,4,3249.6,107,7,3249.5,48,4,3249.4,156,10,3251.0,121,3,3251.1,18,1,3251.3,20,1,3251.4,27,2,3251.7,73,3
11536,2025-12-30 10:31:24+05:30,3249.8,2,3248.47,240785,96381.0,112374.0,3250.0,3257.0,3239.8,3251.5,41681325,3576.6,2926.4,4322.95,2866.6,3249.8,14,1,3249.7,256,8,3249.6,66,5,3249.5,48,4,3249.4,156,10,3251.0,110,2,3251.1,18,1,3251.3,20,1,3251.4,27,2,3251.7,119,4
11536,2025-12-30 10:31:24+05:30,3249.8,2,3248.47,240785,96381.0,112374.0,3250.0,3257.0,3239.8,3251.5,41681325,3576.6,2926.4,4322.95,2866.6,3249.8,14,1,3249.7,256,8,3249.6,66,5,3249.5,48,4,3249.4,156,10,3251.0,110,2,3251.1,18,1,3251.3,20,1,3251.4,27,2,3251.7,119,4
11536,2025-12-30 10:31:25+05:30,3249.7,21,3248.47,240835,96596.0,112393.0,3250.0,3257.0,3239.8,3251.5,41681325,3576.6,2926.4,4322.95,2866.6,3249.9,14,1,3249.8,43,2,3249.7,60,6,3249.6,247,6,3249.5,48,4,3251.0,150,5,3251.1,26,1,3251.4,27,2,3251.6,17,1,3251.7,119,4
11536,2025-12-30 10:31:25+05:30,3249.9,1,3248.47,240835,96596.0,112393.0,3250.0,3257.0,3239.8,3251.5,41681325,3576.6,2926.4,4322.95,2866.6,3249.9,14,1,3249.8,43,2,3249.7,60,6,3249.6,247,6,3249.5,48,4,3251.0,150,5,3251.1,26,1,3251.4,27,2,3251.6,17,1,3251.7,119,4
11536,2025-12-30 10:31:26+05:30,3249.9,1,3248.47,240836,96606.0,112410.0,3250.0,3257.0,3239.8,3251.5,41681325,3576.6,2926.4,4322.95,2866.6,3249.9,13,1,3249.8,72,4,3249.7,25,4,3249.6,262,7,3249.5,48,4,3251.0,167,8,3251.1,26,1,3251.4,27,2,3251.6,17,1,3251.7,119,4
11536,2025-12-30 10:31:26+05:30,3249.9,15,3248.47,240836,96606.0,112410.0,3250.0,3257.0,3239.8,3251.5,41681325,3576.6,2926.4,4322.95,2866.6,3249.9,13,1,3249.8,72,4,3249.7,25,4,3249.6,262,7,3249.5,48,4,3251.0,167,8,3251.1,26,1,3251.4,27,2,3251.6,17,1,3251.7,119,4
11536,2025-12-30 10:31:27+05:30,3251.0,36,3248.48,241469,96654.0,112204.0,3250.0,3257.0,3239.8,3251.5,41681325,3576.6,2926.4,4322.95,2866.6,3250.0,20,1,3249.9,32,2,3249.8,117,7,3249.7,47,6,3249.6,116,8,3251.0,131,7,3251.4,31,3,3251.5,20,1,3251.6,176,2,3251.7,64,3
11536,2025-12-30 10:31:27+05:30,3249.9,1,3248.48,241469,96654.0,112204.0,3250.0,3257.0,3239.8,3251.5,41681325,3576.6,2926.4,4322.95,2866.6,3250.0,20,1,3249.9,32,2,3249.8,117,7,3249.7,47,6,3249.6,116,8,3251.0,131,7,3251.4,31,3,3251.5,20,1,3251.6,176,2,3251.7,64,3
11536,2025-12-30 10:31:28+05:30,3250.0,7,3248.48,241541,94198.0,114043.0,3250.0,3257.0,3239.8,3251.5,41681325,3576.6,2926.4,4322.95,2866.6,3249.8,40,2,3249.7,36,4,3249.6,21,2,3249.5,46,4,3249.4,92,8,3250.0,8,4,3250.7,70,1,3251.0,126,5,3251.2,27,2,3251.4,73,5
11536,2025-12-30 10:31:28+05:30,3249.8,4,3248.48,241541,94198.0,114043.0,3250.0,3257.0,3239.8,3251.5,41681325,3576.6,2926.4,4322.95,2866.6,3249.8,40,2,3249.7,36,4,3249.6,21,2,3249.5,46,4,3249.4,92,8,3250.0,8,4,3250.7,70,1,3251.0,126,5,3251.2,27,2,3251.4,73,5
11536,2025-12-30 10:31:29+05:30,3249.8,18,3248.48,241722,95970.0,113861.0,3250.0,3257.0,3239.8,3251.5,41681325,3576.6,2926.4,4322.95,2866.6,3249.7,19,2,3249.6,56,4,3249.5,23,3,3249.4,92,8,3249.3,56,4,3249.8,1,1,3250.0,11,7,3250.7,70,1,3251.0,105,2,3251.2,47,3
11536,2025-12-30 10:31:29+05:30,3249.7,10,3248.48,241722,95970.0,113861.0,3250.0,3257.0,3239.8,3251.5,41681325,3576.6,2926.4,4322.95,2866.6,3249.7,19,2,3249.6,56,4,3249.5,23,3,3249.4,92,8,3249.3,56,4,3249.8,1,1,3250.0,11,7,3250.7,70,1,3251.0,105,2,3251.2,47,3
11536,2025-12-30 10:31:30+05:30,3249.5,5,3248.48,241787,94955.0,114391.0,3250.0,3257.0,3239.8,3251.5,41681325,3576.6,2926.4,4322.95,2866.6,3249.4,54,4,3249.3,1,1,3249.2,25,2,3249.1,59,6,3249.0,223,9,3249.5,5,1,3249.6,1,1,3249.7,5,3,3249.8,10,3,3250.0,5,4
11536,2025-12-30 10:31:30+05:30,3249.4,2,3248.48,241787,94955.0,114391.0,3250.0,3257.0,3239.8,3251.5,41681325,3576.6,2926.4,4322.95,2866.6,3249.4,54,4,3249.3,1,1,3249.2,25,2,3249.1,59,6,3249.0,223,9,3249.5,5,1,3249.6,1,1,3249.7,5,3,3249.8,10,3,3250.0,5,4
11536,2025-12-30 10:31:31+05:30,3249.4,13,3248.48,241855,94900.0,114496.0,3250.0,3257.0,3239.8,3251.5,41681325,3576.6,2926.4,4322.95,2866.6,3249.4,26,2,3249.3,1,1,3249.2,10,1,3249.1,47,3,3249.0,178,7,3249.5,7,4,3249.6,1,1,3249.7,5,3,3249.8,3,1,3250.0,1,1
11536,2025-12-30 10:31:31+05:30,3249.4,9,3248.48,241855,94900.0,114496.0,3250.0,3257.0,3239.8,3251.5,41681325,3576.6,2926.4,4322.95,2866.6,3249.4,26,2,3249.3,1,1,3249.2,10,1,3249.1,47,3,3249.0,178,7,3249.5,7,4,3249.6,1,1,3249.7,5,3,3249.8,3,1,3250.0,1,1
11536,2025-12-30 10:31:32+05:30,3249.4,9,3248.48,241880,94892.0,114443.0,3250.0,3257.0,3239.8,3251.5,41681325,3576.6,2926.4,4322.95,2866.6,3249.4,17,2,3249.3,2,2,3249.2,10,1,3249.1,39,2,3249.0,175,7,3249.5,10,9,3249.7,1,1,3249.8,3,1,3250.7,99,3,3250.8,43,2
11536,2025-12-30 10:31:32+05:30,3249.4,3,3248.48,241880,94892.0,114443.0,3250.0,3257.0,3239.8,3251.5,41681325,3576.6,2926.4,4322.95,2866.6,3249.4,17,2,3249.3,2,2,3249.2,10,1,3249.1,39,2,3249.0,175,7,3249.5,10,9,3249.7,1,1,3249.8,3,1,3250.7,99,3,3250.8,43,2
11536,2025-12-30 10:31:33+05:30,3249.4,2,3248.48,242003,94885.0,114396.0,3250.0,3257.0,3239.8,3251.5,41681325,3576.6,2926.4,4322.95,2866.6,3249.4,10,2,3249.3,2,2,3249.2,10,1,3249.1,39,2,3249.0,175,7,3249.5,11,10,3250.7,103,4,3250.8,43,2,3250.9,79,3,3251.0,116,2
11536,2025-12-30 10:31:33+05:30,3249.4,2,3248.48,242003,94885.0,114396.0,3250.0,3257.0,3239.8,3251.5,41681325,3576.6,2926.4,4322.95,2866.6,3249.4,10,2,3249.3,2,2,3249.2,10,1,3249.1,39,2,3249.0,175,7,3249.5,11,10,3250.7,103,4,3250.8,43,2,3250.9,79,3,3251.0,116,2
11536,2025-12-30 10:31:33+05:30,3249.4,2,3248.48,242003,94885.0,114396.0,3250.0,3257.0,3239.8,3251.5,41681325,3576.6,2926.4,4322.95,2866.6,3249.4,10,2,3249.3,2,2,3249.2,10,1,3249.1,39,2,3249.0,175,7,3249.5,11,10,3250.7,103,4,3250.8,43,2,3250.9,79,3,3251.0,116,2
11536,2025-12-30 10:31:34+05:30,3249.4,2,3248.48,242051,95125.0,114440.0,3250.0,3257.0,3239.8,3251.5,41681325,3576.6,2926.4,4322.95,2866.6,3249.4,10,2,3249.3,20,3,3249.2,43,3,3249.1,36,2,3249.0,214,10,3249.5,12,9,3250.7,96,2,3250.8,67,4,3250.9,79,3,3251.0,116,2
11536,2025-12-30 10:31:34+05:30,3249.4,9,3248.48,242051,95125.0,114440.0,3250.0,3257.0,3239.8,3251.5,41681325,3576.6,2926.4,4322.95,2866.6,3249.4,10,2,3249.3,20,3,3249.2,43,3,3249.1,36,2,3249.0,214,10,3249.5,12,9,3250.7,96,2,3250.8,67,4,3250.9,79,3,3251.0,116,2
11536,2025-12-30 10:31:35+05:30,3249.4,9,3248.48,242051,95125.0,114440.0,3250.0,3257.0,3239.8,3251.5,41681325,3576.6,2926.4,4322.95,2866.6,3249.4,10,2,3249.3,20,3,3249.2,43,3,3249.1,36,2,3249.0,214,10,3249.5,12,9,3250.7,96,2,3250.8,67,4,3250.9,79,3,3251.0,116,2
11536,2025-12-30 10:31:35+05:30,3249.5,3,3248.48,242878,94520.0,113793.0,3250.0,3257.0,3239.8,3251.5,41681325,3576.6,2926.4,4322.95,2866.6,3249.3,110,6,3249.2,237,5,3249.1,94,4,3249.0,217,9,3248.9,114,6,3250.6,80,5,3250.7,82,2,3250.9,41,2,3251.1,68,3,3251.2,187,3
11536,2025-12-30 10:31:35+05:30,3249.5,3,3248.48,242878,94520.0,113793.0,3250.0,3257.0,3239.8,3251.5,41681325,3576.6,2926.4,4322.95,2866.6,3249.3,110,6,3249.2,237,5,3249.1,94,4,3249.0,217,9,3248.9,114,6,3250.6,80,5,3250.7,82,2,3250.9,41,2,3251.1,68,3,3251.2,187,3
11536,2025-12-30 10:31:36+05:30,3249.5,3,3248.48,242878,94520.0,113793.0,3250.0,3257.0,3239.8,3251.5,41681325,3576.6,2926.4,4322.95,2866.6,3249.3,110,6,3249.2,237,5,3249.1,94,4,3249.0,217,9,3248.9,114,6,3250.6,80,5,3250.7,82,2,3250.9,41,2,3251.1,68,3,3251.2,187,3
11536,2025-12-30 10:31:36+05:30,3249.5,3,3248.48,242878,95047.0,114320.0,3250.0,3257.0,3239.8,3251.5,41681325,3576.6,2926.4,4322.95,2866.6,3249.4,5,1,3249.3,25,3,3249.2,222,4,3249.1,6,1,3249.0,133,7,3250.5,42,3,3250.6,68,4,3250.7,82,2,3250.8,20,1,3250.9,41,2
11536,2025-12-30 10:31:37+05:30,3249.5,3,3248.48,242878,95047.0,114320.0,3250.0,3257.0,3239.8,3251.5,41681325,3576.6,2926.4,4322.95,2866.6,3249.4,5,1,3249.3,25,3,3249.2,222,4,3249.1,6,1,3249.0,133,7,3250.5,42,3,3250.6,68,4,3250.7,82,2,3250.8,20,1,3250.9,41,2
11536,2025-12-30 10:31:37+05:30,3249.4,125,3248.48,243123,95721.0,114038.0,3250.0,3257.0,3239.8,3251.5,41681325,3576.6,2926.4,4322.95,2866.6,3249.5,47,4,3249.4,41,3,3249.3,38,3,3249.2,106,4,3249.1,232,5,3250.6,55,4,3250.7,70,1,3250.8,18,1,3250.9,53,2,3251.1,27,1
11536,2025-12-30 10:31:37+05:30,3249.4,125,3248.48,243123,95721.0,114038.0,3250.0,3257.0,3239.8,3251.5,41681325,3576.6,2926.4,4322.95,2866.6,3249.5,47,4,3249.4,41,3,3249.3,38,3,3249.2,106,4,3249.1,232,5,3250.6,55,4,3250.7,70,1,3250.8,18,1,3250.9,53,2,3251.1,27,1
11536,2025-12-30 10:31:37+05:30,3249.5,3,3248.48,243123,95721.0,114038.0,3250.0,3257.0,3239.8,3251.5,41681325,3576.6,2926.4,4322.95,2866.6,3249.5,47,4,3249.4,41,3,3249.3,38,3,3249.2,106,4,3249.1,232,5,3250.6,55,4,3250.7,70,1,3250.8,18,1,3250.9,53,2,3251.1,27,1
11536,2025-12-30 10:31:38+05:30,3249.5,23,3248.48,243256,96150.0,114070.0,3250.0,3257.0,3239.8,3251.5,41681325,3576.6,2926.4,4322.95,2866.6,3249.9,8,1,3249.6,27,3,3249.4,74,5,3249.3,191,4,3249.2,43,3,3250.6,46,7,3250.7,90,2,3250.9,53,2,3251.0,20,1,3251.1,46,2
11536,2025-12-30 10:31:38+05:30,3249.5,23,3248.48,243256,96150.0,114070.0,3250.0,3257.0,3239.8,3251.5,41681325,3576.6,2926.4,4322.95,2866.6,3249.9,8,1,3249.6,27,3,3249.4,74,5,3249.3,191,4,3249.2,43,3,3250.6,46,7,3250.7,90,2,3250.9,53,2,3251.0,20,1,3251.1,46,2
11536,2025-12-30 10:31:38+05:30,3249.9,52,3248.48,243256,96150.0,114070.0,3250.0,3257.0,3239.8,3251.5,41681325,3576.6,2926.4,4322.95,2866.6,3249.9,8,1,3249.6,27,3,3249.4,74,5,3249.3,191,4,3249.2,43,3,3250.6,46,7,3250.7,90,2,3250.9,53,2,3251.0,20,1,3251.1,46,2
11536,2025-12-30 10:31:39+05:30,3249.6,8,3248.48,243369,95675.0,114618.0,3250.0,3257.0,3239.8,3251.5,41681325,3576.6,2926.4,4322.95,2866.6,3249.4,6,1,3249.3,26,2,3249.2,22,2,3249.1,40,3,3249.0,135,7,3249.6,10,2,3249.8,16,3,3250.6,14,4,3250.7,96,2,3250.9,30,3
11536,2025-12-30 10:31:39+05:30,3249.6,8,3248.48,243369,95675.0,114618.0,3250.0,3257.0,3239.8,3251.5,41681325,3576.6,2926.4,4322.95,2866.6,3249.4,6,1,3249.3,26,2,3249.2,22,2,3249.1,40,3,3249.0,135,7,3249.6,10,2,3249.8,16,3,3250.6,14,4,3250.7,96,2,3250.9,30,3
11536,2025-12-30 10:31:39+05:30,3249.8,1,3248.48,243369,95675.0,114618.0,3250.0,3257.0,3239.8,3251.5,41681325,3576.6,2926.4,4322.95,2866.6,3249.4,6,1,3249.3,26,2,3249.2,22,2,3249.1,40,3,3249.0,135,7,3249.6,10,2,3249.8,16,3,3250.6,14,4,3250.7,96,2,3250.9,30,3
11536,2025-12-30 10:31:40+05:30,3249.8,1,3248.48,243369,95675.0,114618.0,3250.0,3257.0,3239.8,3251.5,41681325,3576.6,2926.4,4322.95,2866.6,3249.4,6,1,3249.3,26,2,3249.2,22,2,3249.1,40,3,3249.0,135,7,3249.6,10,2,3249.8,16,3,3250.6,14,4,3250.7,96,2,3250.9,30,3
11536,2025-12-30 10:31:40+05:30,3250.0,36,3248.48,243559,97573.0,114139.0,3250.0,3257.0,3239.8,3251.5,41681325,3576.6,2926.4,4322.95,2866.6,3250.0,1314,2,3249.6,66,5,3249.5,36,2,3249.4,73,3,3249.3,44,4,3250.6,11,4,3250.7,88,2,3250.9,1,1,3251.0,28,2,3251.1,27,1
11536,2025-12-30 10:31:40+05:30,3250.0,36,3248.48,243559,97573.0,114139.0,3250.0,3257.0,3239.8,3251.5,41681325,3576.6,2926.4,4322.95,2866.6,3250.0,1314,2,3249.6,66,5,3249.5,36,2,3249.4,73,3,3249.3,44,4,3250.6,11,4,3250.7,88,2,3250.9,1,1,3251.0,28,2,3251.1,27,1
11536,2025-12-30 10:31:41+05:30,3250.0,36,3248.48,243559,97573.0,114139.0,3250.0,3257.0,3239.8,3251.5,41681325,3576.6,2926.4,4322.95,2866.6,3250.0,1314,2,3249.6,66,5,3249.5,36,2,3249.4,73,3,3249.3,44,4,3250.6,11,4,3250.7,88,2,3250.9,1,1,3251.0,28,2,3251.1,27,1
11536,2025-12-30 10:31:41+05:30,3250.6,1,3248.48,243611,97424.0,114119.0,3250.0,3257.0,3239.8,3251.5,41681325,3576.6,2926.4,4322.95,2866.6,3250.0,1294,2,3249.9,32,1,3249.6,66,5,3249.5,36,2,3249.4,73,3,3250.6,13,7,3250.7,70,1,3250.9,21,2,3251.0,3,2,3251.1,47,2
11536,2025-12-30 10:31:41+05:30,3250.6,1,3248.48,243611,97424.0,114119.0,3250.0,3257.0,3239.8,3251.5,41681325,3576.6,2926.4,4322.95,2866.6,3250.0,1294,2,3249.9,32,1,3249.6,66,5,3249.5,36,2,3249.4,73,3,3250.6,13,7,3250.7,70,1,3250.9,21,2,3251.0,3,2,3251.1,47,2
11536,2025-12-30 10:31:41+05:30,3250.6,1,3248.48,243611,97424.0,114119.0,3250.0,3257.0,3239.8,3251.5,41681325,3576.6,2926.4,4322.95,2866.6,3250.0,1294,2,3249.9,32,1,3249.6,66,5,3249.5,36,2,3249.4,73,3,3250.6,13,7,3250.7,70,1,3250.9,21,2,3251.0,3,2,3251.1,47,2
11536,2025-12-30 10:31:42+05:30,3250.6,1,3248.48,243611,97424.0,114119.0,3250.0,3257.0,3239.8,3251.5,41681325,3576.6,2926.4,4322.95,2866.6,3250.0,1294,2,3249.9,32,1,3249.6,66,5,3249.5,36,2,3249.4,73,3,3250.6,13,7,3250.7,70,1,3250.9,21,2,3251.0,3,2,3251.1,47,2
11536,2025-12-30 10:31:42+05:30,3250.0,18,3248.48,243662,97648.0,114141.0,3250.0,3257.0,3239.8,3251.5,41681325,3576.6,2926.4,4322.95,2866.6,3250.0,1305,3,3249.9,32,1,3249.6,104,7,3249.5,41,2,3249.4,73,3,3250.6,10,8,3250.7,70,1,3250.9,1,1,3251.0,29,3,3251.1,47,2
11536,2025-12-30 10:31:42+05:30,3250.0,18,3248.48,243662,97648.0,114141.0,3250.0,3257.0,3239.8,3251.5,41681325,3576.6,2926.4,4322.95,2866.6,3250.0,1305,3,3249.9,32,1,3249.6,104,7,3249.5,41,2,3249.4,73,3,3250.6,10,8,3250.7,70,1,3250.9,1,1,3251.0,29,3,3251.1,47,2
11536,2025-12-30 10:31:43+05:30,3250.0,18,3248.48,243662,97648.0,114141.0,3250.0,3257.0,3239.8,3251.5,41681325,3576.6,2926.4,4322.95,2866.6,3250.0,1305,3,3249.9,32,1,3249.6,104,7,3249.5,41,2,3249.4,73,3,3250.6,10,8,3250.7,70,1,3250.9,1,1,3251.0,29,3,3251.1,47,2
11536,2025-12-30 10:31:43+05:30,3250.0,1,3248.48,243683,97865.0,113964.0,3250.0,3257.0,3239.8,3251.5,41681325,3576.6,2926.4,4322.95,2866.6,3250.0,1518,6,3249.9,10,1,3249.6,129,8,3249.5,62,2,3249.4,53,4,3250.6,8,8,3250.7,70,1,3250.9,1,1,3251.0,29,3,3251.1,47,2
11536,2025-12-30 10:31:43+05:30,3250.0,9,3248.48,243683,97865.0,113964.0,3250.0,3257.0,3239.8,3251.5,41681325,3576.6,2926.4,4322.95,2866.6,3250.0,1518,6,3249.9,10,1,3249.6,129,8,3249.5,62,2,3249.4,53,4,3250.6,8,8,3250.7,70,1,3250.9,1,1,3251.0,29,3,3251.1,47,2
11536,2025-12-30 10:31:44+05:30,3250.0,10,3248.48,243711,97836.0,113964.0,3250.0,3257.0,3239.8,3251.5,41681325,3576.6,2926.4,4322.95,2866.6,3250.0,1490,6,3249.9,10,1,3249.6,104,7,3249.5,16,1,3249.4,99,5,3250.6,8,8,3250.7,70,1,3250.9,1,1,3251.0,29,3,3251.1,47,2
11536,2025-12-30 10:31:44+05:30,3250.0,6,3248.48,243711,97836.0,113964.0,3250.0,3257.0,3239.8,3251.5,41681325,3576.6,2926.4,4322.95,2866.6,3250.0,1490,6,3249.9,10,1,3249.6,104,7,3249.5,16,1,3249.4,99,5,3250.6,8,8,3250.7,70,1,3250.9,1,1,3251.0,29,3,3251.1,47,2
11536,2025-12-30 10:31:45+05:30,3250.0,6,3248.48,243711,97836.0,113964.0,3250.0,3257.0,3239.8,3251.5,41681325,3576.6,2926.4,4322.95,2866.6,3250.0,1490,6,3249.9,10,1,3249.6,104,7,3249.5,16,1,3249.4,99,5,3250.6,8,8,3250.7,70,1,3250.9,1,1,3251.0,29,3,3251.1,47,2
11536,2025-12-30 10:31:45+05:30,3250.0,4,3248.48,243729,97813.0,113969.0,3250.0,3257.0,3239.8,3251.5,41681325,3576.6,2926.4,4322.95,2866.6,3250.0,1474,6,3249.9,10,1,3249.6,104,7,3249.5,16,1,3249.4,99,5,3250.6,13,13,3250.7,70,1,3250.9,1,1,3251.0,29,3,3251.1,47,2
11536,2025-12-30 10:31:45+05:30,3250.0,4,3248.48,243729,97813.0,113969.0,3250.0,3257.0,3239.8,3251.5,41681325,3576.6,2926.4,4322.95,2866.6,3250.0,1474,6,3249.9,10,1,3249.6,104,7,3249.5,16,1,3249.4,99,5,3250.6,13,13,3250.7,70,1,3250.9,1,1,3251.0,29,3,3251.1,47,2
11536,2025-12-30 10:31:46+05:30,3250.0,1,3248.49,243754,97769.0,114316.0,3250.0,3257.0,3239.8,3251.5,41681325,3576.6,2926.4,4322.95,2866.6,3250.0,1456,6,3249.9,10,1,3249.6,52,4,3249.4,28,3,3249.3,119,6,3250.6,25,8,3250.7,88,2,3250.8,20,1,3250.9,21,2,3251.0,48,4
11536,2025-12-30 10:31:46+05:30,3250.0,1,3248.49,243754,97769.0,114316.0,3250.0,3257.0,3239.8,3251.5,41681325,3576.6,2926.4,4322.95,2866.6,3250.0,1456,6,3249.9,10,1,3249.6,52,4,3249.4,28,3,3249.3,119,6,3250.6,25,8,3250.7,88,2,3250.8,20,1,3250.9,21,2,3251.0,48,4
11536,2025-12-30 10:31:46+05:30,3250.6,1,3248.49,243754,97769.0,114316.0,3250.0,3257.0,3239.8,3251.5,41681325,3576.6,2926.4,4322.95,2866.6,3250.0,1456,6,3249.9,10,1,3249.6,52,4,3249.4,28,3,3249.3,119,6,3250.6,25,8,3250.7,88,2,3250.8,20,1,3250.9,21,2,3251.0,48,4
11536,2025-12-30 10:31:47+05:30,3250.0,1,3248.49,243760,97779.0,114475.0,3250.0,3257.0,3239.8,3251.5,41681325,3576.6,2926.4,4322.95,2866.6,3250.0,1451,6,3249.9,12,2,3249.8,1,1,3249.6,64,5,3249.4,29,4,3250.6,24,7,3250.7,88,2,3250.8,20,1,3250.9,36,3,3251.0,204,5
11536,2025-12-30 10:31:47+05:30,3250.0,32,3248.49,243760,97779.0,114475.0,3250.0,3257.0,3239.8,3251.5,41681325,3576.6,2926.4,4322.95,2866.6,3250.0,1451,6,3249.9,12,2,3249.8,1,1,3249.6,64,5,3249.4,29,4,3250.6,24,7,3250.7,88,2,3250.8,20,1,3250.9,36,3,3251.0,204,5
11536,2025-12-30 10:31:48+05:30,3250.0,32,3248.49,243760,97779.0,114475.0,3250.0,3257.0,3239.8,3251.5,41681325,3576.6,2926.4,4322.95,2866.6,3250.0,1451,6,3249.9,12,2,3249.8,1,1,3249.6,64,5,3249.4,29,4,3250.6,24,7,3250.7,88,2,3250.8,20,1,3250.9,36,3,3251.0,204,5
11536,2025-12-30 10:31:48+05:30,3250.0,2,3248.49,243810,97662.0,114491.0,3250.0,3257.0,3239.8,3251.5,41681325,3576.6,2926.4,4322.95,2866.6,3250.0,1401,6,3249.9,12,2,3249.8,13,2,3249.6,80,6,3249.4,29,4,3250.6,40,10,3250.7,88,2,3250.8,40,2,3250.9,16,2,3251.0,204,5
11536,2025-12-30 10:31:48+05:30,3250.0,2,3248.49,243810,97662.0,114491.0,3250.0,3257.0,3239.8,3251.5,41681325,3576.6,2926.4,4322.95,2866.6,3250.0,1401,6,3249.9,12,2,3249.8,13,2,3249.6,80,6,3249.4,29,4,3250.6,40,10,3250.7,88,2,3250.8,40,2,3250.9,16,2,3251.0,204,5
11536,2025-12-30 10:31:49+05:30,3250.6,6,3248.49,243824,97624.0,114484.0,3250.0,3257.0,3239.8,3251.5,41681325,3576.6,2926.4,4322.95,2866.6,3250.0,1395,6,3249.9,12,2,3249.8,13,2,3249.6,80,6,3249.4,29,4,3250.6,51,12,3250.7,90,2,3250.8,20,1,3250.9,16,2,3251.0,204,5
11536,2025-12-30 10:31:49+05:30,3250.0,1,3248.49,243824,97624.0,114484.0,3250.0,3257.0,3239.8,3251.5,41681325,3576.6,2926.4,4322.95,2866.6,3250.0,1395,6,3249.9,12,2,3249.8,13,2,3249.6,80,6,3249.4,29,4,3250.6,51,12,3250.7,90,2,3250.8,20,1,3250.9,16,2,3251.0,204,5
11536,2025-12-30 10:31:50+05:30,3250.0,1,3248.49,243824,97624.0,114484.0,3250.0,3257.0,3239.8,3251.5,41681325,3576.6,2926.4,4322.95,2866.6,3250.0,1395,6,3249.9,12,2,3249.8,13,2,3249.6,80,6,3249.4,29,4,3250.6,51,12,3250.7,90,2,3250.8,20,1,3250.9,16,2,3251.0,204,5
11536,2025-12-30 10:31:50+05:30,3250.0,1,3248.49,243841,97607.0,114482.0,3250.0,3257.0,3239.8,3251.5,41681325,3576.6,2926.4,4322.95,2866.6,3250.0,1378,6,3249.9,12,2,3249.8,13,2,3249.6,80,6,3249.4,29,4,3250.6,49,10,3250.7,90,2,3250.8,20,1,3250.9,16,2,3251.0,204,5
11536,2025-12-30 10:31:50+05:30,3250.0,1,3248.49,243841,97607.0,114482.0,3250.0,3257.0,3239.8,3251.5,41681325,3576.6,2926.4,4322.95,2866.6,3250.0,1378,6,3249.9,12,2,3249.8,13,2,3249.6,80,6,3249.4,29,4,3250.6,49,10,3250.7,90,2,3250.8,20,1,3250.9,16,2,3251.0,204,5
11536,2025-12-30 10:31:51+05:30,3250.0,1,3248.49,243841,97607.0,114482.0,3250.0,3257.0,3239.8,3251.5,41714050,3576.6,2926.4,4322.95,2866.6,3250.0,1378,6,3249.9,12,2,3249.8,13,2,3249.6,80,6,3249.4,29,4,3250.6,49,10,3250.7,90,2,3250.8,20,1,3250.9,16,2,3251.0,204,5
11536,2025-12-30 10:31:51+05:30,3250.0,1,3248.49,243854,97603.0,114402.0,3250.0,3257.0,3239.8,3251.5,41714050,3576.6,2926.4,4322.95,2866.6,3250.0,1365,6,3249.9,12,2,3249.8,13,2,3249.6,59,5,3249.4,29,4,3250.6,48,9,3250.7,90,2,3250.8,20,1,3250.9,16,2,3251.0,48,4
11536,2025-12-30 10:31:51+05:30,3250.0,1,3248.49,243854,97603.0,114402.0,3250.0,3257.0,3239.8,3251.5,41714050,3576.6,2926.4,4322.95,2866.6,3250.0,1365,6,3249.9,12,2,3249.8,13,2,3249.6,59,5,3249.4,29,4,3250.6,48,9,3250.7,90,2,3250.8,20,1,3250.9,16,2,3251.0,48,4
11536,2025-12-30 10:31:52+05:30,3250.6,3,3248.49,243863,97991.0,114354.0,3250.0,3257.0,3239.8,3251.5,41714050,3576.6,2926.4,4322.95,2866.6,3250.0,1359,6,3249.9,12,2,3249.8,13,2,3249.6,59,5,3249.4,277,7,3250.6,17,7,3250.7,90,2,3250.9,23,2,3251.0,48,4,3251.1,18,1
11536,2025-12-30 10:31:52+05:30,3250.6,1,3248.49,243863,97991.0,114354.0,3250.0,3257.0,3239.8,3251.5,41714050,3576.6,2926.4,4322.95,2866.6,3250.0,1359,6,3249.9,12,2,3249.8,13,2,3249.6,59,5,3249.4,277,7,3250.6,17,7,3250.7,90,2,3250.9,23,2,3251.0,48,4,3251.1,18,1
11536,2025-12-30 10:31:53+05:30,3250.6,1,3248.49,243863,97991.0,114354.0,3250.0,3257.0,3239.8,3251.5,41714050,3576.6,2926.4,4322.95,2866.6,3250.0,1359,6,3249.9,12,2,3249.8,13,2,3249.6,59,5,3249.4,277,7,3250.6,17,7,3250.7,90,2,3250.9,23,2,3251.0,48,4,3251.1,18,1
11536,2025-12-30 10:31:53+05:30,3250.0,2,3248.49,243868,97756.0,114356.0,3250.0,3257.0,3239.8,3251.5,41714050,3576.6,2926.4,4322.95,2866.6,3250.0,1355,6,3249.9,12,2,3249.8,13,2,3249.6,59,5,3249.4,102,6,3250.6,19,10,3250.7,90,2,3250.8,22,1,3250.9,1,1,3251.0,48,4
11536,2025-12-30 10:31:53+05:30,3250.0,2,3248.49,243868,97756.0,114356.0,3250.0,3257.0,3239.8,3251.5,41714050,3576.6,2926.4,4322.95,2866.6,3250.0,1355,6,3249.9,12,2,3249.8,13,2,3249.6,59,5,3249.4,102,6,3250.6,19,10,3250.7,90,2,3250.8,22,1,3250.9,1,1,3251.0,48,4
11536,2025-12-30 10:31:54+05:30,3250.7,230,3248.49,244210,97686.0,114201.0,3250.0,3257.0,3239.8,3251.5,41714050,3576.6,2926.4,4322.95,2866.6,3250.0,1355,7,3249.9,12,2,3249.8,13,2,3249.6,44,4,3249.4,75,5,3250.7,105,4,3250.8,22,1,3250.9,1,1,3251.0,46,3,3251.1,18,1
11536,2025-12-30 10:31:54+05:30,3250.7,230,3248.49,244210,97686.0,114201.0,3250.0,3257.0,3239.8,3251.5,41714050,3576.6,2926.4,4322.95,2866.6,3250.0,1355,7,3249.9,12,2,3249.8,13,2,3249.6,44,4,3249.4,75,5,3250.7,105,4,3250.8,22,1,3250.9,1,1,3251.0,46,3,3251.1,18,1
11536,2025-12-30 10:31:55+05:30,3250.7,1,3248.49,244211,97731.0,114261.0,3250.0,3257.0,3239.8,3251.5,41714050,3576.6,2926.4,4322.95,2866.6,3250.0,1355,7,3249.9,12,2,3249.8,13,2,3249.6,44,4,3249.5,14,1,3250.7,106,6,3250.8,22,1,3251.0,46,3,3251.2,202,3,3251.3,3,1
11536,2025-12-30 10:31:55+05:30,3250.7,1,3248.49,244211,97731.0,114261.0,3250.0,3257.0,3239.8,3251.5,41714050,3576.6,2926.4,4322.95,2866.6,3250.0,1355,7,3249.9,12,2,3249.8,13,2,3249.6,44,4,3249.5,14,1,3250.7,106,6,3250.8,22,1,3251.0,46,3,3251.2,202,3,3251.3,3,1
11536,2025-12-30 10:31:56+05:30,3250.7,10,3248.49,244324,97484.0,114259.0,3250.0,3257.0,3239.8,3251.5,41714050,3576.6,2926.4,4322.95,2866.6,3250.0,1253,7,3249.9,12,2,3249.8,13,2,3249.6,90,6,3249.5,14,1,3250.7,88,6,3250.9,22,1,3251.0,47,3,3251.2,202,3,3251.3,3,1
11536,2025-12-30 10:31:56+05:30,3250.7,10,3248.49,244324,97484.0,114259.0,3250.0,3257.0,3239.8,3251.5,41714050,3576.6,2926.4,4322.95,2866.6,3250.0,1253,7,3249.9,12,2,3249.8,13,2,3249.6,90,6,3249.5,14,1,3250.7,88,6,3250.9,22,1,3251.0,47,3,3251.2,202,3,3251.3,3,1
11536,2025-12-30 10:31:57+05:30,3250.0,31,3248.49,244407,97561.0,114290.0,3250.0,3257.0,3239.8,3251.5,41714050,3576.6,2926.4,4322.95,2866.6,3250.0,1170,7,3249.9,12,2,3249.8,13,2,3249.6,44,4,3249.5,14,1,3250.7,86,7,3250.8,22,1,3250.9,15,1,3251.0,65,4,3251.2,202,3
11536,2025-12-30 10:31:57+05:30,3250.0,31,3248.49,244407,97561.0,114290.0,3250.0,3257.0,3239.8,3251.5,41714050,3576.6,2926.4,4322.95,2866.6,3250.0,1170,7,3249.9,12,2,3249.8,13,2,3249.6,44,4,3249.5,14,1,3250.7,86,7,3250.8,22,1,3250.9,15,1,3251.0,65,4,3251.2,202,3
11536,2025-12-30 10:31:58+05:30,3250.0,3,3248.49,244444,97360.0,114328.0,3250.0,3257.0,3239.8,3251.5,41714050,3576.6,2926.4,4322.95,2866.6,3250.0,1137,7,3249.9,12,2,3249.8,13,2,3249.6,44,4,3249.5,14,1,3250.7,23,5,3250.8,22,1,3250.9,26,1,3251.0,21,2,3251.2,223,4
11536,2025-12-30 10:31:58+05:30,3250.0,3,3248.49,244444,97360.0,114328.0,3250.0,3257.0,3239.8,3251.5,41714050,3576.6,2926.4,4322.95,2866.6,3250.0,1137,7,3249.9,12,2,3249.8,13,2,3249.6,44,4,3249.5,14,1,3250.7,23,5,3250.8,22,1,3250.9,26,1,3251.0,21,2,3251.2,223,4
11536,2025-12-30 10:31:59+05:30,3250.0,15,3248.49,244476,97333.0,114327.0,3250.0,3257.0,3239.8,3251.5,41714050,3576.6,2926.4,4322.95,2866.6,3250.0,1105,7,3249.9,12,2,3249.8,13,2,3249.6,44,4,3249.5,14,1,3250.7,23,6,3250.8,22,1,3250.9,26,1,3251.0,21,2,3251.2,223,4
11536,2025-12-30 10:31:59+05:30,3250.0,10,3248.49,244476,97333.0,114327.0,3250.0,3257.0,3239.8,3251.5,41714050,3576.6,2926.4,4322.95,2866.6,3250.0,1105,7,3249.9,12,2,3249.8,13,2,3249.6,44,4,3249.5,14,1,3250.7,23,6,3250.8,22,1,3250.9,26,1,3251.0,21,2,3251.2,223,4
11536,2025-12-30 10:32:00+05:30,3250.0,10,3248.49,244486,97332.0,114328.0,3250.0,3257.0,3239.8,3251.5,41714050,3576.6,2926.4,4322.95,2866.6,3250.0,1095,7,3249.9,12,2,3249.8,13,2,3249.6,44,4,3249.5,14,1,3250.7,26,9,3250.8,22,1,3250.9,26,1,3251.0,21,2,3251.2,223,4
11536,2025-12-30 10:32:00+05:30,3250.0,11,3248.49,244486,97332.0,114328.0,3250.0,3257.0,3239.8,3251.5,41714050,3576.6,2926.4,4322.95,2866.6,3250.0,1095,7,3249.9,12,2,3249.8,13,2,3249.6,44,4,3249.5,14,1,3250.7,26,9,3250.8,22,1,3250.9,26,1,3251.0,21,2,3251.2,223,4
11536,2025-12-30 10:32:01+05:30,3250.7,2,3248.49,244511,97299.0,114355.0,3250.0,3257.0,3239.8,3251.5,41714050,3576.6,2926.4,4322.95,2866.6,3250.0,1072,7,3249.9,12,2,3249.8,13,2,3249.6,44,4,3249.5,14,1,3250.7,53,11,3250.8,22,1,3250.9,26,1,3251.0,49,3,3251.2,236,5
11536,2025-12-30 10:32:01+05:30,3250.0,3,3248.49,244511,97299.0,114355.0,3250.0,3257.0,3239.8,3251.5,41714050,3576.6,2926.4,4322.95,2866.6,3250.0,1072,7,3249.9,12,2,3249.8,13,2,3249.6,44,4,3249.5,14,1,3250.7,53,11,3250.8,22,1,3250.9,26,1,3251.0,49,3,3251.2,236,5
11536,2025-12-30 10:32:02+05:30,3250.7,1,3248.49,244579,97464.0,114298.0,3250.0,3257.0,3239.8,3251.5,41714050,3576.6,2926.4,4322.95,2866.6,3250.0,1054,7,3249.9,12,2,3249.8,16,3,3249.6,44,4,3249.4,53,5,3250.7,8,6,3250.8,22,1,3251.0,49,3,3251.2,236,5,3251.3,21,2
11536,2025-12-30 10:32:02+05:30,3250.0,3,3248.49,244579,97464.0,114298.0,3250.0,3257.0,3239.8,3251.5,41714050,3576.6,2926.4,4322.95,2866.6,3250.0,1054,7,3249.9,12,2,3249.8,16,3,3249.6,44,4,3249.4,53,5,3250.7,8,6,3250.8,22,1,3251.0,49,3,3251.2,236,5,3251.3,21,2
11536,2025-12-30 10:32:03+05:30,3250.7,2,3248.49,244594,97279.0,114343.0,3250.0,3257.0,3239.8,3251.5,41714050,3576.6,2926.4,4322.95,2866.6,3250.0,1044,7,3249.9,12,2,3249.8,16,3,3249.6,33,3,3249.4,53,5,3250.7,51,8,3250.8,31,1,3250.9,4,1,3251.0,48,3,3251.2,223,4
11536,2025-12-30 10:32:03+05:30,3250.7,1,3248.49,244594,97279.0,114343.0,3250.0,3257.0,3239.8,3251.5,41714050,3576.6,2926.4,4322.95,2866.6,3250.0,1044,7,3249.9,12,2,3249.8,16,3,3249.6,33,3,3249.4,53,5,3250.7,51,8,3250.8,31,1,3250.9,4,1,3251.0,48,3,3251.2,223,4
11536,2025-12-30 10:32:04+05:30,3250.0,3,3248.49,244616,97454.0,114372.0,3250.0,3257.0,3239.8,3251.5,41714050,3576.6,2926.4,4322.95,2866.6,3250.0,1023,7,3249.9,12,2,3249.8,16,3,3249.6,43,4,3249.4,53,5,3250.7,80,9,3250.8,31,1,3250.9,4,1,3251.0,48,3,3251.2,223,4
11536,2025-12-30 10:32:04+05:30,3250.0,3,3248.49,244616,97454.0,114372.0,3250.0,3257.0,3239.8,3251.5,41714050,3576.6,2926.4,4322.95,2866.6,3250.0,1023,7,3249.9,12,2,3249.8,16,3,3249.6,43,4,3249.4,53,5,3250.7,80,9,3250.8,31,1,3250.9,4,1,3251.0,48,3,3251.2,223,4
11536,2025-12-30 10:32:05+05:30,3250.0,9,3248.49,244631,97312.0,114350.0,3250.0,3257.0,3239.8,3251.5,41714050,3576.6,2926.4,4322.95,2866.6,3250.0,1030,8,3249.9,12,2,3249.8,16,3,3249.6,43,4,3249.5,29,2,3250.7,79,9,3250.8,41,2,3251.0,48,3,3251.2,223,4,3251.3,3,1
11536,2025-12-30 10:32:05+05:30,3250.0,9,3248.49,244631,97312.0,114350.0,3250.0,3257.0,3239.8,3251.5,41714050,3576.6,2926.4,4322.95,2866.6,3250.0,1030,8,3249.9,12,2,3249.8,16,3,3249.6,43,4,3249.5,29,2,3250.7,79,9,3250.8,41,2,3251.0,48,3,3251.2,223,4,3251.3,3,1
11536,2025-12-30 10:32:06+05:30,3250.0,3,3248.49,244639,97304.0,114372.0,3250.0,3257.0,3239.8,3251.5,41714050,3576.6,2926.4,4322.95,2866.6,3250.0,1022,8,3249.9,12,2,3249.8,16,3,3249.6,43,4,3249.5,29,2,3250.7,79,9,3250.8,41,2,3251.0,48,3,3251.1,12,1,3251.2,223,4
11536,2025-12-30 10:32:06+05:30,3250.0,1,3248.49,244639,97304.0,114372.0,3250.0,3257.0,3239.8,3251.5,41714050,3576.6,2926.4,4322.95,2866.6,3250.0,1022,8,3249.9,12,2,3249.8,16,3,3249.6,43,4,3249.5,29,2,3250.7,79,9,3250.8,41,2,3251.0,48,3,3251.1,12,1,3251.2,223,4
11536,2025-12-30 10:32:07+05:30,3250.0,4,3248.49,244645,97456.0,114392.0,3250.0,3257.0,3239.8,3251.5,41714050,3576.6,2926.4,4322.95,2866.6,3250.0,1018,9,3249.9,12,2,3249.8,16,3,3249.6,43,4,3249.5,29,2,3250.7,80,10,3250.8,41,2,3251.0,48,3,3251.1,12,1,3251.2,223,4
11536,2025-12-30 10:32:07+05:30,3250.0,13,3248.49,244645,97456.0,114392.0,3250.0,3257.0,3239.8,3251.5,41714050,3576.6,2926.4,4322.95,2866.6,3250.0,1018,9,3249.9,12,2,3249.8,16,3,3249.6,43,4,3249.5,29,2,3250.7,80,10,3250.8,41,2,3251.0,48,3,3251.1,12,1,3251.2,223,4
11536,2025-12-30 10:32:08+05:30,3250.0,2,3248.49,244665,97437.0,114383.0,3250.0,3257.0,3239.8,3251.5,41714050,3576.6,2926.4,4322.95,2866.6,3250.0,998,9,3249.9,12,2,3249.8,16,3,3249.6,43,4,3249.5,29,2,3250.7,81,11,3250.8,41,2,3251.0,48,3,3251.2,223,4,3251.3,23,2
11536,2025-12-30 10:32:08+05:30,3250.0,3,3248.49,244665,97437.0,114383.0,3250.0,3257.0,3239.8,3251.5,41714050,3576.6,2926.4,4322.95,2866.6,3250.0,998,9,3249.9,12,2,3249.8,16,3,3249.6,43,4,3249.5,29,2,3250.7,81,11,3250.8,41,2,3251.0,48,3,3251.2,223,4,3251.3,23,2
11536,2025-12-30 10:32:09+05:30,3250.0,1,3248.49,244671,97436.0,114396.0,3250.0,3257.0,3239.8,3251.5,41714050,3576.6,2926.4,4322.95,2866.6,3250.0,997,10,3249.9,12,2,3249.8,16,3,3249.6,43,4,3249.5,29,2,3250.7,94,12,3250.8,41,2,3251.0,48,3,3251.2,223,4,3251.3,23,2
11536,2025-12-30 10:32:09+05:30,3250.0,1,3248.49,244671,97436.0,114396.0,3250.0,3257.0,3239.8,3251.5,41714050,3576.6,2926.4,4322.95,2866.6,3250.0,997,10,3249.9,12,2,3249.8,16,3,3249.6,43,4,3249.5,29,2,3250.7,94,12,3250.8,41,2,3251.0,48,3,3251.2,223,4,3251.3,23,2
11536,2025-12-30 10:32:10+05:30,3250.7,1,3248.49,244709,97395.0,114407.0,3250.0,3257.0,3239.8,3251.5,41714050,3576.6,2926.4,4322.95,2866.6,3250.0,966,11,3249.9,12,2,3249.8,16,3,3249.6,33,3,3249.5,29,2,3250.7,94,13,3250.8,41,2,3251.0,48,3,3251.2,223,4,3251.3,11,2
11536,2025-12-30 10:32:10+05:30,3250.0,1,3248.49,244709,97395.0,114407.0,3250.0,3257.0,3239.8,3251.5,41714050,3576.6,2926.4,4322.95,2866.6,3250.0,966,11,3249.9,12,2,3249.8,16,3,3249.6,33,3,3249.5,29,2,3250.7,94,13,3250.8,41,2,3251.0,48,3,3251.2,223,4,3251.3,11,2
11536,2025-12-30 10:32:11+05:30,3250.0,1,3248.49,244766,97323.0,114429.0,3250.0,3257.0,3239.8,3251.5,41714050,3576.6,2926.4,4322.95,2866.6,3250.0,909,11,3249.9,12,2,3249.8,16,3,3249.6,33,3,3249.5,29,2,3250.7,96,13,3250.8,41,2,3251.0,48,3,3251.2,223,4,3251.3,28,3
11536,2025-12-30 10:32:11+05:30,3250.0,1,3248.49,244766,97323.0,114429.0,3250.0,3257.0,3239.8,3251.5,41714050,3576.6,2926.4,4322.95,2866.6,3250.0,909,11,3249.9,12,2,3249.8,16,3,3249.6,33,3,3249.5,29,2,3250.7,96,13,3250.8,41,2,3251.0,48,3,3251.2,223,4,3251.3,28,3
11536,2025-12-30 10:32:12+05:30,3250.7,2,3248.49,244781,97305.0,114472.0,3250.0,3257.0,3239.8,3251.5,41714050,3576.6,2926.4,4322.95,2866.6,3250.0,896,11,3249.9,12,2,3249.8,16,3,3249.6,33,3,3249.5,29,2,3250.7,92,12,3250.8,41,2,3251.0,48,3,3251.2,223,4,3251.3,28,3
11536,2025-12-30 10:32:12+05:30,3250.0,1,3248.49,244781,97305.0,114472.0,3250.0,3257.0,3239.8,3251.5,41714050,3576.6,2926.4,4322.95,2866.6,3250.0,896,11,3249.9,12,2,3249.8,16,3,3249.6,33,3,3249.5,29,2,3250.7,92,12,3250.8,41,2,3251.0,48,3,3251.2,223,4,3251.3,28,3
11536,2025-12-30 10:32:13+05:30,3250.0,1,3248.49,244804,97339.0,114525.0,3250.0,3257.0,3239.8,3251.5,41714050,3576.6,2926.4,4322.95,2866.6,3250.0,923,12,3249.9,12,2,3249.8,16,3,3249.6,33,3,3249.5,29,2,3250.7,71,9,3250.8,31,1,3250.9,17,1,3251.0,29,2,3251.2,223,4
11536,2025-12-30 10:32:13+05:30,3250.0,8,3248.49,244804,97339.0,114525.0,3250.0,3257.0,3239.8,3251.5,41714050,3576.6,2926.4,4322.95,2866.6,3250.0,923,12,3249.9,12,2,3249.8,16,3,3249.6,33,3,3249.5,29,2,3250.7,71,9,3250.8,31,1,3250.9,17,1,3251.0,29,2,3251.2,223,4
11536,2025-12-30 10:32:14+05:30,3250.0,11,3248.49,244827,97308.0,114529.0,3250.0,3257.0,3239.8,3251.5,41714050,3576.6,2926.4,4322.95,2866.6,3250.0,900,12,3249.9,12,2,3249.8,16,3,3249.6,41,4,3249.5,29,2,3250.7,73,12,3250.8,31,1,3251.0,46,3,3251.2,223,4,3251.3,29,3
11536,2025-12-30 10:32:14+05:30,3250.0,11,3248.49,244827,97308.0,114529.0,3250.0,3257.0,3239.8,3251.5,41714050,3576.6,2926.4,4322.95,2866.6,3250.0,900,12,3249.9,12,2,3249.8,16,3,3249.6,41,4,3249.5,29,2,3250.7,73,12,3250.8,31,1,3251.0,46,3,3251.2,223,4,3251.3,29,3
11536,2025-12-30 10:32:15+05:30,3251.2,40,3248.49,245037,97460.0,114165.0,3250.0,3257.0,3239.8,3251.5,41714050,3576.6,2926.4,4322.95,2866.6,3250.0,900,12,3249.9,12,2,3249.8,16,3,3249.6,69,5,3249.5,30,2,3250.7,9,3,3250.9,59,3,3251.0,189,2,3251.1,22,2,3251.2,179,4
11536,2025-12-30 10:32:15+05:30,3250.7,1,3248.49,245037,97460.0,114165.0,3250.0,3257.0,3239.8,3251.5,41714050,3576.6,2926.4,4322.95,2866.6,3250.0,900,12,3249.9,12,2,3249.8,16,3,3249.6,69,5,3249.5,30,2,3250.7,9,3,3250.9,59,3,3251.0,189,2,3251.1,22,2,3251.2,179,4
11536,2025-12-30 10:32:16+05:30,3250.6,1,3248.49,245039,97451.0,114192.0,3250.0,3257.0,3239.8,3251.5,41714050,3576.6,2926.4,4322.95,2866.6,3250.0,900,12,3249.9,12,2,3249.8,16,3,3249.6,69,5,3249.5,3,1,3250.6,27,2,3250.7,30,4,3250.8,33,1,3250.9,15,1,3251.0,17,1
11536,2025-12-30 10:32:16+05:30,3250.6,1,3248.49,245039,97451.0,114192.0,3250.0,3257.0,3239.8,3251.5,41714050,3576.6,2926.4,4322.95,2866.6,3250.0,900,12,3249.9,12,2,3249.8,16,3,3249.6,69,5,3249.5,3,1,3250.6,27,2,3250.7,30,4,3250.8,33,1,3250.9,15,1,3251.0,17,1
11536,2025-12-30 10:32:17+05:30,3250.0,62,3248.5,245102,97437.0,114178.0,3250.0,3257.0,3239.8,3251.5,41714050,3576.6,2926.4,4322.95,2866.6,3250.0,837,12,3249.9,12,2,3249.8,16,3,3249.6,76,6,3249.5,30,2,3250.6,29,3,3250.7,22,2,3250.8,33,1,3250.9,15,1,3251.0,45,2
11536,2025-12-30 10:32:17+05:30,3250.0,23,3248.5,245102,97437.0,114178.0,3250.0,3257.0,3239.8,3251.5,41714050,3576.6,2926.4,4322.95,2866.6,3250.0,837,12,3249.9,12,2,3249.8,16,3,3249.6,76,6,3249.5,30,2,3250.6,29,3,3250.7,22,2,3250.8,33,1,3250.9,15,1,3251.0,45,2
11536,2025-12-30 10:32:18+05:30,3250.0,23,3248.5,245125,97319.0,114824.0,3250.0,3257.0,3239.8,3251.5,41714050,3576.6,2926.4,4322.95,2866.6,3250.0,814,12,3249.9,12,2,3249.8,16,3,3249.6,39,3,3249.5,27,1,3250.4,44,2,3250.5,2,2,3250.6,65,6,3250.7,16,2,3250.8,38,2
11536,2025-12-30 10:32:18+05:30,3250.0,4,3248.5,245125,97319.0,114824.0,3250.0,3257.0,3239.8,3251.5,41714050,3576.6,2926.4,4322.95,2866.6,3250.0,814,12,3249.9,12,2,3249.8,16,3,3249.6,39,3,3249.5,27,1,3250.4,44,2,3250.5,2,2,3250.6,65,6,3250.7,16,2,3250.8,38,2
11536,2025-12-30 10:32:19+05:30,3249.9,19,3248.5,246659,95804.0,115523.0,3250.0,3257.0,3239.8,3251.5,41714050,3576.6,2926.4,4322.95,2866.6,3250.0,62,2,3249.8,16,3,3249.6,28,2,3249.5,27,1,3249.4,2,2,3250.1,78,3,3250.2,13,1,3250.3,51,5,3250.4,45,3,3250.5,22,3
11536,2025-12-30 10:32:19+05:30,3249.9,19,3248.5,246659,95804.0,115523.0,3250.0,3257.0,3239.8,3251.5,41714050,3576.6,2926.4,4322.95,2866.6,3250.0,62,2,3249.8,16,3,3249.6,28,2,3249.5,27,1,3249.4,2,2,3250.1,78,3,3250.2,13,1,3250.3,51,5,3250.4,45,3,3250.5,22,3
11536,2025-12-30 10:32:20+05:30,3250.0,6,3248.5,246678,95849.0,112806.0,3250.0,3257.0,3239.8,3251.5,41714050,3576.6,2926.4,4322.95,2866.6,3250.0,56,2,3249.8,16,3,3249.6,28,2,3249.5,27,1,3249.4,2,2,3250.1,36,6,3250.2,74,3,3250.3,34,4,3250.4,28,2,3250.5,1,1
11536,2025-12-30 10:32:20+05:30,3250.0,82,3248.5,246678,95849.0,112806.0,3250.0,3257.0,3239.8,3251.5,41714050,3576.6,2926.4,4322.95,2866.6,3250.0,56,2,3249.8,16,3,3249.6,28,2,3249.5,27,1,3249.4,2,2,3250.1,36,6,3250.2,74,3,3250.3,34,4,3250.4,28,2,3250.5,1,1
11536,2025-12-30 10:32:21+05:30,3250.0,15,3248.51,246823,94791.0,115484.0,3250.0,3257.0,3239.8,3251.5,41714050,3576.6,2926.4,4322.95,2866.6,3249.9,13,1,3249.8,16,3,3249.6,28,2,3249.5,27,1,3249.4,2,2,3250.0,56,6,3250.1,79,7,3250.2,19,1,3250.3,22,2,3250.4,28,2
11536,2025-12-30 10:32:21+05:30,3249.8,16,3248.51,246823,94791.0,115484.0,3250.0,3257.0,3239.8,3251.5,41714050,3576.6,2926.4,4322.95,2866.6,3249.9,13,1,3249.8,16,3,3249.6,28,2,3249.5,27,1,3249.4,2,2,3250.0,56,6,3250.1,79,7,3250.2,19,1,3250.3,22,2,3250.4,28,2
11536,2025-12-30 10:32:22+05:30,3249.8,2,3248.51,247062,95064.0,114276.0,3250.0,3257.0,3239.8,3251.5,41714050,3576.6,2926.4,4322.95,2866.6,3249.6,28,2,3249.5,27,1,3249.4,5,3,3249.1,18,1,3249.0,41,1,3249.7,2,1,3249.8,20,3,3250.0,68,8,3250.1,73,4,3250.2,37,2
11536,2025-12-30 10:32:22+05:30,3249.6,39,3248.51,247062,95064.0,114276.0,3250.0,3257.0,3239.8,3251.5,41714050,3576.6,2926.4,4322.95,2866.6,3249.6,28,2,3249.5,27,1,3249.4,5,3,3249.1,18,1,3249.0,41,1,3249.7,2,1,3249.8,20,3,3250.0,68,8,3250.1,73,4,3250.2,37,2
11536,2025-12-30 10:32:23+05:30,3249.5,4,3248.51,247406,95024.0,114294.0,3250.0,3257.0,3239.8,3251.5,41714050,3576.6,2926.4,4322.95,2866.6,3249.5,38,2,3249.4,5,3,3249.1,18,1,3249.0,41,1,3248.8,24,2,3249.6,21,3,3249.7,19,7,3249.8,20,3,3249.9,28,1,3250.0,67,5
11536,2025-12-30 10:32:23+05:30,3249.5,4,3248.51,247406,95024.0,114294.0,3250.0,3257.0,3239.8,3251.5,41714050,3576.6,2926.4,4322.95,2866.6,3249.5,38,2,3249.4,5,3,3249.1,18,1,3249.0,41,1,3248.8,24,2,3249.6,21,3,3249.7,19,7,3249.8,20,3,3249.9,28,1,3250.0,67,5
11536,2025-12-30 10:32:24+05:30,3249.5,29,3248.51,247547,95053.0,114224.0,3250.0,3257.0,3239.8,3251.5,41714050,3576.6,2926.4,4322.95,2866.6,3249.5,44,2,3249.4,5,3,3249.1,18,1,3249.0,41,1,3248.8,24,2,3249.6,23,5,3249.7,19,7,3249.8,19,2,3249.9,28,1,3250.0,56,3
11536,2025-12-30 10:32:24+05:30,3249.5,19,3248.51,247547,95053.0,114224.0,3250.0,3257.0,3239.8,3251.5,41714050,3576.6,2926.4,4322.95,2866.6,3249.5,44,2,3249.4,5,3,3249.1,18,1,3249.0,41,1,3248.8,24,2,3249.6,23,5,3249.7,19,7,3249.8,19,2,3249.9,28,1,3250.0,56,3
11536,2025-12-30 10:32:25+05:30,3249.5,26,3248.51,247708,95060.0,115428.0,3250.0,3257.0,3239.8,3251.5,41714050,3576.6,2926.4,4322.95,2866.6,3249.5,46,2,3249.4,5,3,3249.1,18,1,3249.0,41,1,3248.8,24,2,3249.6,20,9,3249.7,25,4,3249.9,28,1,3250.0,51,2,3250.2,37,2
11536,2025-12-30 10:32:25+05:30,3249.5,17,3248.51,247708,95060.0,115428.0,3250.0,3257.0,3239.8,3251.5,41714050,3576.6,2926.4,4322.95,2866.6,3249.5,46,2,3249.4,5,3,3249.1,18,1,3249.0,41,1,3248.8,24,2,3249.6,20,9,3249.7,25,4,3249.9,28,1,3250.0,51,2,3250.2,37,2
11536,2025-12-30 10:32:26+05:30,3249.5,13,3248.51,247828,95052.0,115294.0,3250.0,3257.0,3239.8,3251.5,41714050,3576.6,2926.4,4322.95,2866.6,3249.5,68,2,3249.4,5,3,3249.1,18,1,3249.0,41,1,3248.9,14,1,3249.6,22,11,3249.7,1,1,3249.9,46,2,3250.0,33,1,3250.2,65,3
11536,2025-12-30 10:32:26+05:30,3249.5,15,3248.51,247828,95052.0,115294.0,3250.0,3257.0,3239.8,3251.5,41714050,3576.6,2926.4,4322.95,2866.6,3249.5,68,2,3249.4,5,3,3249.1,18,1,3249.0,41,1,3248.9,14,1,3249.6,22,11,3249.7,1,1,3249.9,46,2,3250.0,33,1,3250.2,65,3
11536,2025-12-30 10:32:27+05:30,3249.5,10,3248.51,247893,94681.0,115604.0,3250.0,3257.0,3239.8,3251.5,41714050,3576.6,2926.4,4322.95,2866.6,3249.5,31,2,3249.4,5,3,3249.1,18,1,3249.0,41,1,3248.8,21,1,3249.6,25,12,3249.8,18,1,3249.9,28,1,3250.0,51,2,3250.2,65,3
11536,2025-12-30 10:32:27+05:30,3249.5,30,3248.51,247893,94681.0,115604.0,3250.0,3257.0,3239.8,3251.5,41714050,3576.6,2926.4,4322.95,2866.6,3249.5,31,2,3249.4,5,3,3249.1,18,1,3249.0,41,1,3248.8,21,1,3249.6,25,12,3249.8,18,1,3249.9,28,1,3250.0,51,2,3250.2,65,3
11536,2025-12-30 10:32:28+05:30,3249.5,8,3248.51,248128,94847.0,115586.0,3250.0,3257.0,3239.8,3251.5,41714050,3576.6,2926.4,4322.95,2866.6,3249.5,1,1,3249.4,5,3,3249.2,17,2,3249.1,22,2,3249.0,41,1,3249.6,21,12,3249.8,18,1,3249.9,28,1,3250.0,51,2,3250.2,65,3
11536,2025-12-30 10:32:28+05:30,3249.2,11,3248.51,248128,94847.0,115586.0,3250.0,3257.0,3239.8,3251.5,41714050,3576.6,2926.4,4322.95,2866.6,3249.5,1,1,3249.4,5,3,3249.2,17,2,3249.1,22,2,3249.0,41,1,3249.6,21,12,3249.8,18,1,3249.9,28,1,3250.0,51,2,3250.2,65,3
11536,2025-12-30 10:32:29+05:30,3249.2,1,3248.51,248170,93907.0,116180.0,3250.0,3257.0,3239.8,3251.5,41714050,3576.6,2926.4,4322.95,2866.6,3249.2,16,2,3249.1,22,2,3249.0,41,1,3248.9,14,1,3248.8,12,1,3249.4,5,4,3249.5,1,1,3249.6,20,9,3249.8,28,1,3249.9,33,1
11536,2025-12-30 10:32:29+05:30,3249.2,3,3248.51,248170,93907.0,116180.0,3250.0,3257.0,3239.8,3251.5,41714050,3576.6,2926.4,4322.95,2866.6,3249.2,16,2,3249.1,22,2,3249.0,41,1,3248.9,14,1,3248.8,12,1,3249.4,5,4,3249.5,1,1,3249.6,20,9,3249.8,28,1,3249.9,33,1
11536,2025-12-30 10:32:30+05:30,3249.2,9,3248.51,248218,93942.0,116373.0,3250.0,3257.0,3239.8,3251.5,41714050,3576.6,2926.4,4322.95,2866.6,3249.2,31,3,3249.1,22,2,3249.0,41,1,3248.9,14,1,3248.8,12,1,3249.4,9,8,3249.5,1,1,3249.6,12,4,3249.8,28,1,3249.9,33,1
11536,2025-12-30 10:32:30+05:30,3249.2,6,3248.51,248218,93942.0,116373.0,3250.0,3257.0,3239.8,3251.5,41714050,3576.6,2926.4,4322.95,2866.6,3249.2,31,3,3249.1,22,2,3249.0,41,1,3248.9,14,1,3248.8,12,1,3249.4,9,8,3249.5,1,1,3249.6,12,4,3249.8,28,1,3249.9,33,1
11536,2025-12-30 10:32:31+05:30,3249.4,1,3248.51,248307,94101.0,115196.0,3250.0,3257.0,3239.8,3251.5,41714050,3576.6,2926.4,4322.95,2866.6,3249.2,17,2,3249.1,39,3,3249.0,41,1,3248.9,14,1,3248.8,12,1,3249.4,13,11,3249.6,4,1,3249.8,28,1,3249.9,33,1,3250.0,18,1
11536,2025-12-30 10:32:31+05:30,3249.1,2,3248.51,248307,94101.0,115196.0,3250.0,3257.0,3239.8,3251.5,41714050,3576.6,2926.4,4322.95,2866.6,3249.2,17,2,3249.1,39,3,3249.0,41,1,3248.9,14,1,3248.8,12,1,3249.4,13,11,3249.6,4,1,3249.8,28,1,3249.9,33,1,3250.0,18,1
11536,2025-12-30 10:32:32+05:30,3249.1,2,3248.51,248366,94039.0,116244.0,3250.0,3257.0,3239.8,3251.5,41714050,3576.6,2926.4,4322.95,2866.6,3249.1,19,2,3249.0,41,1,3248.9,14,1,3248.6,236,5,3248.5,228,5,3249.4,15,12,3249.8,28,1,3249.9,33,1,3250.0,18,1,3250.2,37,2
11536,2025-12-30 10:32:32+05:30,3249.0,1,3248.51,248366,94039.0,116244.0,3250.0,3257.0,3239.8,3251.5,41714050,3576.6,2926.4,4322.95,2866.6,3249.1,19,2,3249.0,41,1,3248.9,14,1,3248.6,236,5,3248.5,228,5,3249.4,15,12,3249.8,28,1,3249.9,33,1,3250.0,18,1,3250.2,37,2
11536,2025-12-30 10:32:33+05:30,3249.0,1,3248.51,248634,92918.0,116127.0,3250.0,3257.0,3239.8,3251.5,41714050,3576.6,2926.4,4322.95,2866.6,3248.6,61,5,3248.5,72,3,3248.4,87,5,3248.3,46,2,3248.2,172,10,3249.0,151,5,3249.1,2,1,3249.4,46,12,3249.8,28,1,3249.9,33,1
11536,2025-12-30 10:32:33+05:30,3248.6,1,3248.51,248634,92918.0,116127.0,3250.0,3257.0,3239.8,3251.5,41714050,3576.6,2926.4,4322.95,2866.6,3248.6,61,5,3248.5,72,3,3248.4,87,5,3248.3,46,2,3248.2,172,10,3249.0,151,5,3249.1,2,1,3249.4,46,12,3249.8,28,1,3249.9,33,1
11536,2025-12-30 10:32:34+05:30,3248.6,1,3248.51,248746,92860.0,115921.0,3250.0,3257.0,3239.8,3251.5,41714050,3576.6,2926.4,4322.95,2866.6,3248.6,40,4,3248.5,91,4,3248.4,67,4,3248.3,46,2,3248.2,147,9,3249.0,169,9,3249.1,2,1,3249.4,39,7,3249.8,28,1,3249.9,33,1
11536,2025-12-30 10:32:34+05:30,3248.6,5,3248.51,248746,92860.0,115921.0,3250.0,3257.0,3239.8,3251.5,41714050,3576.6,2926.4,4322.95,2866.6,3248.6,40,4,3248.5,91,4,3248.4,67,4,3248.3,46,2,3248.2,147,9,3249.0,169,9,3249.1,2,1,3249.4,39,7,3249.8,28,1,3249.9,33,1
11536,2025-12-30 10:32:35+05:30,3248.6,1,3248.51,248861,92944.0,115161.0,3250.0,3257.0,3239.8,3251.5,41714050,3576.6,2926.4,4322.95,2866.6,3248.6,76,7,3248.5,87,4,3248.4,93,5,3248.3,18,1,3248.2,175,10,3249.0,171,11,3249.4,35,3,3249.8,28,1,3249.9,33,1,3250.0,31,2
11536,2025-12-30 10:32:35+05:30,3248.6,6,3248.51,248861,92944.0,115161.0,3250.0,3257.0,3239.8,3251.5,41714050,3576.6,2926.4,4322.95,2866.6,3248.6,76,7,3248.5,87,4,3248.4,93,5,3248.3,18,1,3248.2,175,10,3249.0,171,11,3249.4,35,3,3249.8,28,1,3249.9,33,1,3250.0,31,2
11536,2025-12-30 10:32:36+05:30,3249.0,2,3248.51,249193,93848.0,115994.0,3250.0,3257.0,3239.8,3251.5,41714050,3576.6,2926.4,4322.95,2866.6,3248.8,112,7,3248.7,70,4,3248.6,90,8,3248.5,115,5,3248.4,153,7,3249.4,33,1,3250.0,3,1,3250.3,25,1,3250.4,3,1,3250.5,46,2
11536,2025-12-30 10:32:36+05:30,3249.0,2,3248.51,249193,93848.0,115994.0,3250.0,3257.0,3239.8,3251.5,41714050,3576.6,2926.4,4322.95,2866.6,3248.8,112,7,3248.7,70,4,3248.6,90,8,3248.5,115,5,3248.4,153,7,3249.4,33,1,3250.0,3,1,3250.3,25,1,3250.4,3,1,3250.5,46,2
11536,2025-12-30 10:32:37+05:30,3249.4,1,3248.51,249194,93924.0,116107.0,3250.0,3257.0,3239.8,3251.5,41714050,3576.6,2926.4,4322.95,2866.6,3248.8,135,9,3248.7,91,5,3248.6,90,8,3248.5,115,5,3248.4,107,6,3249.4,49,3,3250.0,3,1,3250.3,25,1,3250.4,3,1,3250.5,202,3
11536,2025-12-30 10:32:37+05:30,3248.8,10,3248.51,249194,93924.0,116107.0,3250.0,3257.0,3239.8,3251.5,41714050,3576.6,2926.4,4322.95,2866.6,3248.8,135,9,3248.7,91,5,3248.6,90,8,3248.5,115,5,3248.4,107,6,3249.4,49,3,3250.0,3,1,3250.3,25,1,3250.4,3,1,3250.5,202,3
11536,2025-12-30 10:32:38+05:30,3248.8,10,3248.51,249257,94070.0,116314.0,3250.0,3257.0,3239.8,3251.5,41714050,3576.6,2926.4,4322.95,2866.6,3248.8,100,8,3248.7,116,6,3248.6,90,8,3248.5,115,5,3248.4,113,7,3249.4,52,6,3250.3,29,2,3250.4,3,1,3250.5,202,3,3250.6,193,3
11536,2025-12-30 10:32:38+05:30,3249.4,9,3248.51,249257,94070.0,116314.0,3250.0,3257.0,3239.8,3251.5,41714050,3576.6,2926.4,4322.95,2866.6,3248.8,100,8,3248.7,116,6,3248.6,90,8,3248.5,115,5,3248.4,113,7,3249.4,52,6,3250.3,29,2,3250.4,3,1,3250.5,202,3,3250.6,193,3
11536,2025-12-30 10:32:39+05:30,3249.4,1,3248.51,249408,93781.0,116075.0,3250.0,3257.0,3239.8,3251.5,41714050,3576.6,2926.4,4322.95,2866.6,3248.8,143,9,3248.6,93,9,3248.5,115,5,3248.4,105,7,3248.3,67,3,3249.4,17,6,3250.3,29,2,3250.4,31,2,3250.5,18,1,3250.6,193,3
11536,2025-12-30 10:32:39+05:30,3249.4,3,3248.51,249408,93781.0,116075.0,3250.0,3257.0,3239.8,3251.5,41714050,3576.6,2926.4,4322.95,2866.6,3248.8,143,9,3248.6,93,9,3248.5,115,5,3248.4,105,7,3248.3,67,3,3249.4,17,6,3250.3,29,2,3250.4,31,2,3250.5,18,1,3250.6,193,3
11536,2025-12-30 10:32:40+05:30,3248.8,10,3248.51,249526,93754.0,116086.0,3250.0,3257.0,3239.8,3251.5,41714050,3576.6,2926.4,4322.95,2866.6,3248.8,123,9,3248.7,15,1,3248.6,117,10,3248.5,115,5,3248.4,89,6,3249.4,26,13,3250.3,29,2,3250.4,31,2,3250.5,18,1,3250.6,196,4
11536,2025-12-30 10:32:40+05:30,3248.8,1,3248.51,249526,93754.0,116086.0,3250.0,3257.0,3239.8,3251.5,41714050,3576.6,2926.4,4322.95,2866.6,3248.8,123,9,3248.7,15,1,3248.6,117,10,3248.5,115,5,3248.4,89,6,3249.4,26,13,3250.3,29,2,3250.4,31,2,3250.5,18,1,3250.6,196,4
11536,2025-12-30 10:32:41+05:30,3249.5,28,3248.51,249698,94075.0,116066.0,3250.0,3257.0,3239.8,3251.5,41714050,3576.6,2926.4,4322.95,2866.6,3248.9,21,1,3248.8,85,7,3248.7,15,1,3248.6,138,11,3248.5,115,5,3249.5,14,3,3250.3,29,2,3250.4,3,1,3250.5,47,3,3250.6,37,2
11536,2025-12-30 10:32:41+05:30,3249.5,28,3248.51,249698,94075.0,116066.0,3250.0,3257.0,3239.8,3251.5,41714050,3576.6,2926.4,4322.95,2866.6,3248.9,21,1,3248.8,85,7,3248.7,15,1,3248.6,138,11,3248.5,115,5,3249.5,14,3,3250.3,29,2,3250.4,3,1,3250.5,47,3,3250.6,37,2
11536,2025-12-30 10:32:42+05:30,3249.5,4,3248.51,249703,94088.0,116066.0,3250.0,3257.0,3239.8,3251.5,41714050,3576.6,2926.4,4322.95,2866.6,3248.9,21,1,3248.8,85,7,3248.7,15,1,3248.6,138,11,3248.5,115,5,3249.5,14,3,3250.3,29,2,3250.4,3,1,3250.5,47,3,3250.6,37,2
11536,2025-12-30 10:32:42+05:30,3249.5,4,3248.51,249703,94088.0,116066.0,3250.0,3257.0,3239.8,3251.5,41714050,3576.6,2926.4,4322.95,2866.6,3248.9,21,1,3248.8,85,7,3248.7,15,1,3248.6,138,11,3248.5,115,5,3249.5,14,3,3250.3,29,2,3250.4,3,1,3250.5,47,3,3250.6,37,2
11536,2025-12-30 10:32:43+05:30,3249.2,45,3248.51,249749,94844.0,115663.0,3250.0,3257.0,3239.8,3251.5,41714050,3576.6,2926.4,4322.95,2866.6,3249.2,21,1,3248.8,85,7,3248.7,15,1,3248.6,115,11,3248.5,169,7,3249.5,11,5,3250.2,53,2,3250.3,29,2,3250.4,3,1,3250.5,29,2
11536,2025-12-30 10:32:43+05:30,3249.2,45,3248.51,249749,94844.0,115663.0,3250.0,3257.0,3239.8,3251.5,41714050,3576.6,2926.4,4322.95,2866.6,3249.2,21,1,3248.8,85,7,3248.7,15,1,3248.6,115,11,3248.5,169,7,3249.5,11,5,3250.2,53,2,3250.3,29,2,3250.4,3,1,3250.5,29,2
11536,2025-12-30 10:32:44+05:30,3249.2,1,3248.51,249784,94897.0,115829.0,3250.0,3257.0,3239.8,3251.5,41714050,3576.6,2926.4,4322.95,2866.6,3249.2,20,1,3248.9,54,3,3248.8,53,5,3248.7,15,1,3248.6,115,11,3249.5,10,5,3250.1,24,1,3250.2,29,1,3250.3,29,2,3250.4,3,1
11536,2025-12-30 10:32:44+05:30,3249.2,1,3248.51,249784,94897.0,115829.0,3250.0,3257.0,3239.8,3251.5,41714050,3576.6,2926.4,4322.95,2866.6,3249.2,20,1,3248.9,54,3,3248.8,53,5,3248.7,15,1,3248.6,115,11,3249.5,10,5,3250.1,24,1,3250.2,29,1,3250.3,29,2,3250.4,3,1
11536,2025-12-30 10:32:45+05:30,3249.2,13,3248.51,249800,94991.0,115635.0,3250.0,3257.0,3239.8,3251.5,41714050,3576.6,2926.4,4322.95,2866.6,3249.2,5,1,3248.9,54,3,3248.8,53,5,3248.7,15,1,3248.6,145,12,3249.5,8,4,3250.1,24,1,3250.2,29,1,3250.3,29,2,3250.4,3,1
11536,2025-12-30 10:32:45+05:30,3249.2,13,3248.51,249800,94991.0,115635.0,3250.0,3257.0,3239.8,3251.5,41714050,3576.6,2926.4,4322.95,2866.6,3249.2,5,1,3248.9,54,3,3248.8,53,5,3248.7,15,1,3248.6,145,12,3249.5,8,4,3250.1,24,1,3250.2,29,1,3250.3,29,2,3250.4,3,1
11536,2025-12-30 10:32:46+05:30,3249.5,1,3248.52,249851,96067.0,112302.0,3250.0,3257.0,3239.8,3251.5,41714050,3576.6,2926.4,4322.95,2866.6,3249.4,14,1,3249.2,55,3,3249.1,122,4,3249.0,208,4,3248.9,188,6,3250.5,34,2,3250.6,29,1,3250.7,42,5,3250.8,4,1,3250.9,18,1
11536,2025-12-30 10:32:46+05:30,3249.5,1,3248.52,249851,96067.0,112302.0,3250.0,3257.0,3239.8,3251.5,41714050,3576.6,2926.4,4322.95,2866.6,3249.4,14,1,3249.2,55,3,3249.1,122,4,3249.0,208,4,3248.9,188,6,3250.5,34,2,3250.6,29,1,3250.7,42,5,3250.8,4,1,3250.9,18,1
11536,2025-12-30 10:32:47+05:30,3249.5,1,3248.52,249851,97240.0,112686.0,3250.0,3257.0,3239.8,3251.5,41714050,3576.6,2926.4,4322.95,2866.6,3250.0,21,1,3249.5,1,1,3249.4,51,3,3249.3,61,1,3249.2,471,8,3250.5,27,3,3250.6,29,1,3250.7,27,4,3250.8,4,1,3250.9,18,1
11536,2025-12-30 10:32:47+05:30,3250.0,32,3248.52,249851,97240.0,112686.0,3250.0,3257.0,3239.8,3251.5,41714050,3576.6,2926.4,4322.95,2866.6,3250.0,21,1,3249.5,1,1,3249.4,51,3,3249.3,61,1,3249.2,471,8,3250.5,27,3,3250.6,29,1,3250.7,27,4,3250.8,4,1,3250.9,18,1
11536,2025-12-30 10:32:48+05:30,3250.0,15,3248.52,249900,97371.0,113537.0,3250.0,3257.0,3239.8,3251.5,41714050,3576.6,2926.4,4322.95,2866.6,3250.0,7,2,3249.4,23,2,3249.3,222,2,3249.2,234,5,3249.1,182,8,3250.5,21,6,3250.6,24,1,3250.7,30,2,3250.8,33,3,3250.9,14,1
11536,2025-12-30 10:32:48+05:30,3250.0,15,3248.52,249900,97371.0,113537.0,3250.0,3257.0,3239.8,3251.5,41714050,3576.6,2926.4,4322.95,2866.6,3250.0,7,2,3249.4,23,2,3249.3,222,2,3249.2,234,5,3249.1,182,8,3250.5,21,6,3250.6,24,1,3250.7,30,2,3250.8,33,3,3250.9,14,1
11536,2025-12-30 10:32:49+05:30,3250.0,10,3248.52,249923,96954.0,113561.0,3250.0,3257.0,3239.8,3251.5,41714050,3576.6,2926.4,4322.95,2866.6,3250.0,6,2,3249.4,23,2,3249.3,61,1,3249.2,264,6,3249.1,135,6,3250.5,47,10,3250.6,29,1,3250.8,33,3,3250.9,14,1,3251.0,69,4
11536,2025-12-30 10:32:49+05:30,3250.0,10,3248.52,249923,96954.0,113561.0,3250.0,3257.0,3239.8,3251.5,41714050,3576.6,2926.4,4322.95,2866.6,3250.0,6,2,3249.4,23,2,3249.3,61,1,3249.2,264,6,3249.1,135,6,3250.5,47,10,3250.6,29,1,3250.8,33,3,3250.9,14,1,3251.0,69,4
11536,2025-12-30 10:32:50+05:30,3249.4,1,3248.52,249951,96259.0,115902.0,3250.0,3257.0,3239.8,3251.5,41714050,3576.6,2926.4,4322.95,2866.6,3249.7,18,1,3249.4,1,1,3249.2,1,1,3249.1,39,2,3249.0,23,2,3249.9,3,3,3250.0,16,1,3250.2,39,2,3250.3,10,1,3250.4,28,1
11536,2025-12-30 10:32:50+05:30,3249.7,5,3248.52,249951,96259.0,115902.0,3250.0,3257.0,3239.8,3251.5,41714050,3576.6,2926.4,4322.95,2866.6,3249.7,18,1,3249.4,1,1,3249.2,1,1,3249.1,39,2,3249.0,23,2,3249.9,3,3,3250.0,16,1,3250.2,39,2,3250.3,10,1,3250.4,28,1
11536,2025-12-30 10:32:51+05:30,3249.4,7,3248.52,249966,95894.0,116485.0,3250.0,3257.0,3239.8,3251.5,41714050,3576.6,2926.4,4322.95,2866.6,3249.4,2,1,3249.3,13,1,3249.2,1,1,3249.1,39,2,3249.0,23,2,3249.9,5,5,3250.1,23,1,3250.2,28,1,3250.3,38,2,3250.4,17,1
11536,2025-12-30 10:32:52+05:30,3249.4,3,3248.52,249966,95894.0,116485.0,3250.0,3257.0,3239.8,3251.5,41714050,3576.6,2926.4,4322.95,2866.6,3249.4,2,1,3249.3,13,1,3249.2,1,1,3249.1,39,2,3249.0,23,2,3249.9,5,5,3250.1,23,1,3250.2,28,1,3250.3,38,2,3250.4,17,1
11536,2025-12-30 10:32:52+05:30,3249.3,3,3248.52,249981,95275.0,116748.0,3250.0,3257.0,3239.8,3251.5,41714050,3576.6,2926.4,4322.95,2866.6,3249.3,1,1,3249.2,1,1,3249.1,11,1,3249.0,2,1,3248.9,34,2,3249.4,3,3,3249.5,73,1,3249.9,6,6,3250.0,28,1,3250.1,23,1
11536,2025-12-30 10:32:53+05:30,3249.3,2,3248.52,249981,95275.0,116748.0,3250.0,3257.0,3239.8,3251.5,41714050,3576.6,2926.4,4322.95,2866.6,3249.3,1,1,3249.2,1,1,3249.1,11,1,3249.0,2,1,3248.9,34,2,3249.4,3,3,3249.5,73,1,3249.9,6,6,3250.0,28,1,3250.1,23,1
11536,2025-12-30 10:32:53+05:30,3249.2,5,3248.52,249995,94922.0,117104.0,3250.0,3257.0,3239.8,3251.5,41714050,3576.6,2926.4,4322.95,2866.6,3249.2,8,2,3249.1,11,1,3249.0,2,1,3248.9,34,2,3248.8,6,2,3249.3,1,1,3249.4,6,6,3249.5,73,1,3249.9,31,4,3250.2,23,1
11536,2025-12-30 10:32:54+05:30,3249.2,3,3248.52,249995,94922.0,117104.0,3250.0,3257.0,3239.8,3251.5,41714050,3576.6,2926.4,4322.95,2866.6,3249.2,8,2,3249.1,11,1,3249.0,2,1,3248.9,34,2,3248.8,6,2,3249.3,1,1,3249.4,6,6,3249.5,73,1,3249.9,31,4,3250.2,23,1
11536,2025-12-30 10:32:54+05:30,3249.3,2,3248.52,250013,95089.0,116371.0,3250.0,3257.0,3239.8,3251.5,41714050,3576.6,2926.4,4322.95,2866.6,3249.3,2,1,3249.2,19,2,3249.1,11,1,3249.0,2,1,3248.9,34,2,3249.4,4,4,3249.5,73,1,3249.9,1,1,3250.2,23,1,3250.3,55,3
11536,2025-12-30 10:32:55+05:30,3249.3,4,3248.52,250013,95089.0,116371.0,3250.0,3257.0,3239.8,3251.5,41714050,3576.6,2926.4,4322.95,2866.6,3249.3,2,1,3249.2,19,2,3249.1,11,1,3249.0,2,1,3248.9,34,2,3249.4,4,4,3249.5,73,1,3249.9,1,1,3250.2,23,1,3250.3,55,3
11536,2025-12-30 10:32:55+05:30,3249.4,1,3248.52,250030,95192.0,117570.0,3250.0,3257.0,3239.8,3251.5,41714050,3576.6,2926.4,4322.95,2866.6,3249.4,8,1,3249.3,4,1,3249.2,1,1,3249.1,11,1,3249.0,2,1,3249.5,74,2,3249.9,17,1,3250.0,23,1,3250.1,28,1,3250.2,17,1
11536,2025-12-30 10:32:56+05:30,3249.5,1,3248.52,250030,95192.0,117570.0,3250.0,3257.0,3239.8,3251.5,41714050,3576.6,2926.4,4322.95,2866.6,3249.4,8,1,3249.3,4,1,3249.2,1,1,3249.1,11,1,3249.0,2,1,3249.5,74,2,3249.9,17,1,3250.0,23,1,3250.1,28,1,3250.2,17,1
11536,2025-12-30 10:32:56+05:30,3249.5,17,3248.52,250051,95186.0,115734.0,3250.0,3257.0,3239.8,3251.5,41714050,3576.6,2926.4,4322.95,2866.6,3249.4,8,1,3249.2,1,1,3249.1,11,1,3249.0,2,1,3248.9,22,1,3249.5,57,6,3250.2,17,1,3250.3,61,3,3250.4,20,2,3250.5,74,5
11536,2025-12-30 10:32:57+05:30,3249.5,17,3248.52,250051,95186.0,115734.0,3250.0,3257.0,3239.8,3251.5,41714050,3576.6,2926.4,4322.95,2866.6,3249.4,8,1,3249.2,1,1,3249.1,11,1,3249.0,2,1,3248.9,22,1,3249.5,57,6,3250.2,17,1,3250.3,61,3,3250.4,20,2,3250.5,74,5
11536,2025-12-30 10:32:57+05:30,3249.4,5,3248.52,250056,95336.0,117168.0,3250.0,3257.0,3239.8,3251.5,41714050,3576.6,2926.4,4322.95,2866.6,3249.4,3,1,3249.2,1,1,3249.1,11,1,3249.0,2,1,3248.9,22,1,3249.5,102,9,3249.9,62,4,3250.0,46,2,3250.1,11,1,3250.2,17,1
11536,2025-12-30 10:32:58+05:30,3249.4,11,3248.52,250056,95336.0,117168.0,3250.0,3257.0,3239.8,3251.5,41714050,3576.6,2926.4,4322.95,2866.6,3249.4,3,1,3249.2,1,1,3249.1,11,1,3249.0,2,1,3248.9,22,1,3249.5,102,9,3249.9,62,4,3250.0,46,2,3250.1,11,1,3250.2,17,1
11536,2025-12-30 10:32:58+05:30,3249.4,5,3248.52,250073,95375.0,117028.0,3250.0,3257.0,3239.8,3251.5,41714050,3576.6,2926.4,4322.95,2866.6,3249.4,12,1,3249.2,1,1,3249.1,11,1,3249.0,2,1,3248.9,22,1,3249.5,102,9,3249.7,16,1,3249.9,46,3,3250.0,62,3,3250.1,11,1
11536,2025-12-30 10:32:59+05:30,3249.4,3,3248.52,250073,95375.0,117028.0,3250.0,3257.0,3239.8,3251.5,41714050,3576.6,2926.4,4322.95,2866.6,3249.4,12,1,3249.2,1,1,3249.1,11,1,3249.0,2,1,3248.9,22,1,3249.5,102,9,3249.7,16,1,3249.9,46,3,3250.0,62,3,3250.1,11,1
11536,2025-12-30 10:32:59+05:30,3249.5,1,3248.52,250084,95367.0,117179.0,3250.0,3257.0,3239.8,3251.5,41714050,3576.6,2926.4,4322.95,2866.6,3249.4,4,1,3249.2,1,1,3249.1,11,1,3249.0,2,1,3248.9,22,1,3249.5,100,10,3249.6,16,1,3249.8,39,2,3249.9,51,3,3250.0,34,2
11536,2025-12-30 10:33:00+05:30,3249.5,1,3248.52,250084,95367.0,117179.0,3250.0,3257.0,3239.8,3251.5,41714050,3576.6,2926.4,4322.95,2866.6,3249.4,4,1,3249.2,1,1,3249.1,11,1,3249.0,2,1,3248.9,22,1,3249.5,100,10,3249.6,16,1,3249.8,39,2,3249.9,51,3,3250.0,34,2
11536,2025-12-30 10:33:00+05:30,3249.4,1,3248.52,250089,95412.0,117280.0,3250.0,3257.0,3239.8,3251.5,41714050,3576.6,2926.4,4322.95,2866.6,3249.4,17,1,3249.2,1,1,3249.1,11,1,3249.0,2,1,3248.9,22,1,3249.5,101,11,3249.9,28,1,3250.0,16,1,3250.1,54,3,3250.2,46,2
11536,2025-12-30 10:33:01+05:30,3249.4,1,3248.52,250089,95412.0,117280.0,3250.0,3257.0,3239.8,3251.5,41714050,3576.6,2926.4,4322.95,2866.6,3249.4,17,1,3249.2,1,1,3249.1,11,1,3249.0,2,1,3248.9,22,1,3249.5,101,11,3249.9,28,1,3250.0,16,1,3250.1,54,3,3250.2,46,2
11536,2025-12-30 10:33:01+05:30,3249.5,2,3248.52,250098,95406.0,117276.0,3250.0,3257.0,3239.8,3251.5,41714050,3576.6,2926.4,4322.95,2866.6,3249.4,11,1,3249.2,1,1,3249.1,11,1,3249.0,2,1,3248.9,22,1,3249.5,98,11,3249.9,50,2,3250.0,116,2,3250.1,32,2,3250.2,46,2
11536,2025-12-30 10:33:02+05:30,3249.4,1,3248.52,250098,95406.0,117276.0,3250.0,3257.0,3239.8,3251.5,41714050,3576.6,2926.4,4322.95,2866.6,3249.4,11,1,3249.2,1,1,3249.1,11,1,3249.0,2,1,3248.9,22,1,3249.5,98,11,3249.9,50,2,3250.0,116,2,3250.1,32,2,3250.2,46,2
11536,2025-12-30 10:33:02+05:30,3249.4,1,3248.52,250104,95400.0,117274.0,3250.0,3257.0,3239.8,3251.5,41714050,3576.6,2926.4,4322.95,2866.6,3249.4,5,1,3249.2,1,1,3249.1,11,1,3249.0,2,1,3248.9,22,1,3249.5,97,10,3249.9,50,2,3250.0,116,2,3250.1,32,2,3250.2,46,2
11536,2025-12-30 10:33:03+05:30,3249.4,1,3248.52,250104,95400.0,117274.0,3250.0,3257.0,3239.8,3251.5,41714050,3576.6,2926.4,4322.95,2866.6,3249.4,5,1,3249.2,1,1,3249.1,11,1,3249.0,2,1,3248.9,22,1,3249.5,97,10,3249.9,50,2,3250.0,116,2,3250.1,32,2,3250.2,46,2
11536,2025-12-30 10:33:03+05:30,3249.4,1,3248.52,250141,95371.0,117332.0,3250.0,3257.0,3239.8,3251.5,41714050,3576.6,2926.4,4322.95,2866.6,3249.4,15,1,3249.2,1,1,3249.1,11,1,3249.0,2,1,3248.9,22,1,3249.5,93,9,3249.9,28,1,3250.0,100,1,3250.1,22,1,3250.2,15,1
11536,2025-12-30 10:33:04+05:30,3249.4,1,3248.52,250141,95371.0,117332.0,3250.0,3257.0,3239.8,3251.5,41714050,3576.6,2926.4,4322.95,2866.6,3249.4,15,1,3249.2,1,1,3249.1,11,1,3249.0,2,1,3248.9,22,1,3249.5,93,9,3249.9,28,1,3250.0,100,1,3250.1,22,1,3250.2,15,1
11536,2025-12-30 10:33:04+05:30,3249.4,1,3248.52,250144,95375.0,117339.0,3250.0,3257.0,3239.8,3251.5,41714050,3576.6,2926.4,4322.95,2866.6,3249.4,12,1,3249.2,1,1,3249.1,11,1,3249.0,2,1,3248.9,22,1,3249.5,92,8,3249.9,28,1,3250.0,100,1,3250.1,22,1,3250.2,15,1
11536,2025-12-30 10:33:05+05:30,3249.4,2,3248.52,250144,95375.0,117339.0,3250.0,3257.0,3239.8,3251.5,41714050,3576.6,2926.4,4322.95,2866.6,3249.4,12,1,3249.2,1,1,3249.1,11,1,3249.0,2,1,3248.9,22,1,3249.5,92,8,3249.9,28,1,3250.0,100,1,3250.1,22,1,3250.2,15,1
11536,2025-12-30 10:33:05+05:30,3249.4,11,3248.52,250158,95384.0,117339.0,3250.0,3257.0,3239.8,3251.5,41714050,3576.6,2926.4,4322.95,2866.6,3249.4,18,1,3249.2,1,1,3249.1,11,1,3249.0,2,1,3248.9,22,1,3249.5,92,10,3249.9,28,1,3250.0,122,2,3250.1,15,1,3250.3,28,1
11536,2025-12-30 10:33:06+05:30,3249.4,1,3248.52,250158,95384.0,117339.0,3250.0,3257.0,3239.8,3251.5,41714050,3576.6,2926.4,4322.95,2866.6,3249.4,18,1,3249.2,1,1,3249.1,11,1,3249.0,2,1,3248.9,22,1,3249.5,92,10,3249.9,28,1,3250.0,122,2,3250.1,15,1,3250.3,28,1
11536,2025-12-30 10:33:06+05:30,3249.5,1,3248.52,250160,95376.0,117540.0,3250.0,3257.0,3239.8,3251.5,41714050,3576.6,2926.4,4322.95,2866.6,3249.4,17,1,3249.2,1,1,3249.1,11,1,3249.0,2,1,3248.9,22,1,3249.5,94,13,3249.8,37,2,3249.9,29,2,3250.0,115,2,3250.2,15,1
11536,2025-12-30 10:33:07+05:30,3249.4,1,3248.52,250160,95376.0,117540.0,3250.0,3257.0,3239.8,3251.5,41714050,3576.6,2926.4,4322.95,2866.6,3249.4,17,1,3249.2,1,1,3249.1,11,1,3249.0,2,1,3248.9,22,1,3249.5,94,13,3249.8,37,2,3249.9,29,2,3250.0,115,2,3250.2,15,1
11536,2025-12-30 10:33:07+05:30,3249.4,1,3248.52,250171,95317.0,117536.0,3250.0,3257.0,3239.8,3251.5,41714050,3576.6,2926.4,4322.95,2866.6,3249.4,6,1,3249.2,1,1,3249.1,11,1,3249.0,2,1,3248.9,22,1,3249.5,92,11,3249.8,63,3,3249.9,1,1,3250.0,115,2,3250.2,15,1
11536,2025-12-30 10:33:08+05:30,3249.4,6,3248.52,250171,95317.0,117536.0,3250.0,3257.0,3239.8,3251.5,41714050,3576.6,2926.4,4322.95,2866.6,3249.4,6,1,3249.2,1,1,3249.1,11,1,3249.0,2,1,3248.9,22,1,3249.5,92,11,3249.8,63,3,3249.9,1,1,3250.0,115,2,3250.2,15,1
11536,2025-12-30 10:33:08+05:30,3248.6,4,3248.52,250468,93765.0,118732.0,3250.0,3257.0,3239.8,3251.5,41714050,3576.6,2926.4,4322.95,2866.6,3248.6,35,4,3248.5,20,2,3248.4,127,8,3248.3,64,3,3248.2,377,13,3249.4,1,1,3249.5,92,11,3249.6,22,1,3249.8,26,1,3249.9,1,1
11536,2025-12-30 10:33:09+05:30,3248.6,2,3248.52,250468,93765.0,118732.0,3250.0,3257.0,3239.8,3251.5,41714050,3576.6,2926.4,4322.95,2866.6,3248.6,35,4,3248.5,20,2,3248.4,127,8,3248.3,64,3,3248.2,377,13,3249.4,1,1,3249.5,92,11,3249.6,22,1,3249.8,26,1,3249.9,1,1
11536,2025-12-30 10:33:09+05:30,3248.6,1,3248.52,250519,93845.0,118754.0,3250.0,3257.0,3239.8,3251.5,41714050,3576.6,2926.4,4322.95,2866.6,3248.6,54,5,3248.5,40,3,3248.4,175,10,3248.3,94,4,3248.2,369,12,3249.4,26,3,3249.5,74,6,3249.8,26,1,3249.9,23,2,3250.0,100,1
11536,2025-12-30 10:33:10+05:30,3248.6,1,3248.52,250519,93845.0,118754.0,3250.0,3257.0,3239.8,3251.5,41714050,3576.6,2926.4,4322.95,2866.6,3248.6,54,5,3248.5,40,3,3248.4,175,10,3248.3,94,4,3248.2,369,12,3249.4,26,3,3249.5,74,6,3249.8,26,1,3249.9,23,2,3250.0,100,1
11536,2025-12-30 10:33:10+05:30,3248.6,2,3248.52,250524,93832.0,118769.0,3250.0,3257.0,3239.8,3251.5,41714050,3576.6,2926.4,4322.95,2866.6,3248.6,49,5,3248.5,40,3,3248.4,132,9,3248.3,94,4,3248.2,369,12,3249.4,73,8,3249.5,41,2,3249.8,26,1,3249.9,23,2,3250.0,100,1
11536,2025-12-30 10:33:11+05:30,3249.4,1,3248.52,250524,93832.0,118769.0,3250.0,3257.0,3239.8,3251.5,41714050,3576.6,2926.4,4322.95,2866.6,3248.6,49,5,3248.5,40,3,3248.4,132,9,3248.3,94,4,3248.2,369,12,3249.4,73,8,3249.5,41,2,3249.8,26,1,3249.9,23,2,3250.0,100,1
11536,2025-12-30 10:33:11+05:30,3249.4,1,3248.52,250603,93889.0,118163.0,3250.0,3257.0,3239.8,3251.5,41714050,3576.6,2926.4,4322.95,2866.6,3248.6,98,5,3248.5,40,3,3248.4,106,8,3248.3,119,5,3248.2,369,12,3249.4,58,10,3249.5,40,1,3249.7,21,1,3249.8,26,1,3249.9,1,1
11536,2025-12-30 10:33:12+05:30,3248.6,34,3248.52,250603,93889.0,118163.0,3250.0,3257.0,3239.8,3251.5,41714050,3576.6,2926.4,4322.95,2866.6,3248.6,98,5,3248.5,40,3,3248.4,106,8,3248.3,119,5,3248.2,369,12,3249.4,58,10,3249.5,40,1,3249.7,21,1,3249.8,26,1,3249.9,1,1
11536,2025-12-30 10:33:12+05:30,3248.6,11,3248.52,250688,93832.0,118199.0,3250.0,3257.0,3239.8,3251.5,41714050,3576.6,2926.4,4322.95,2866.6,3248.6,49,5,3248.5,20,2,3248.4,106,8,3248.3,119,5,3248.2,381,13,3249.4,51,10,3249.5,40,1,3249.7,21,1,3249.8,26,1,3249.9,1,1
11536,2025-12-30 10:33:13+05:30,3248.6,11,3248.52,250688,93832.0,118199.0,3250.0,3257.0,3239.8,3251.5,41714050,3576.6,2926.4,4322.95,2866.6,3248.6,49,5,3248.5,20,2,3248.4,106,8,3248.3,119,5,3248.2,381,13,3249.4,51,10,3249.5,40,1,3249.7,21,1,3249.8,26,1,3249.9,1,1
11536,2025-12-30 10:33:14+05:30,3248.6,4,3248.52,250688,93832.0,118199.0,3250.0,3257.0,3239.8,3251.5,41714050,3576.6,2926.4,4322.95,2866.6,3248.6,49,5,3248.5,20,2,3248.4,106,8,3248.3,119,5,3248.2,381,13,3249.4,51,10,3249.5,40,1,3249.7,21,1,3249.8,26,1,3249.9,1,1
11536,2025-12-30 10:33:14+05:30,3248.6,4,3248.52,250705,93788.0,117569.0,3250.0,3257.0,3239.8,3251.5,41714050,3576.6,2926.4,4322.95,2866.6,3248.6,15,2,3248.5,46,4,3248.4,70,6,3248.3,94,4,3248.2,381,13,3249.4,53,12,3249.5,40,1,3249.6,25,1,3249.8,21,1,3249.9,13,2
11536,2025-12-30 10:33:14+05:30,3248.5,4,3248.52,250736,93668.0,117616.0,3250.0,3257.0,3239.8,3251.5,41714050,3576.6,2926.4,4322.95,2866.6,3248.5,55,5,3248.4,112,6,3248.3,91,3,3248.2,381,13,3248.1,225,10,3249.4,50,11,3249.5,40,1,3249.6,25,1,3249.8,21,1,3249.9,13,2
11536,2025-12-30 10:33:15+05:30,3248.5,5,3248.52,250736,93668.0,117616.0,3250.0,3257.0,3239.8,3251.5,41714050,3576.6,2926.4,4322.95,2866.6,3248.5,55,5,3248.4,112,6,3248.3,91,3,3248.2,381,13,3248.1,225,10,3249.4,50,11,3249.5,40,1,3249.6,25,1,3249.8,21,1,3249.9,13,2
11536,2025-12-30 10:33:16+05:30,3248.5,3,3248.52,250736,93668.0,117616.0,3250.0,3257.0,3239.8,3251.5,41714050,3576.6,2926.4,4322.95,2866.6,3248.5,55,5,3248.4,112,6,3248.3,91,3,3248.2,381,13,3248.1,225,10,3249.4,50,11,3249.5,40,1,3249.6,25,1,3249.8,21,1,3249.9,13,2
11536,2025-12-30 10:33:16+05:30,3248.5,3,3248.52,250764,93448.0,117992.0,3250.0,3257.0,3239.8,3251.5,41714050,3576.6,2926.4,4322.95,2866.6,3248.5,50,5,3248.4,91,5,3248.3,48,2,3248.2,173,11,3248.1,183,9,3249.0,6,2,3249.4,48,11,3249.5,40,1,3249.6,25,1,3249.8,35,2
11536,2025-12-30 10:33:17+05:30,3248.5,3,3248.52,250764,93448.0,117992.0,3250.0,3257.0,3239.8,3251.5,41714050,3576.6,2926.4,4322.95,2866.6,3248.5,50,5,3248.4,91,5,3248.3,48,2,3248.2,173,11,3248.1,183,9,3249.0,6,2,3249.4,48,11,3249.5,40,1,3249.6,25,1,3249.8,35,2
11536,2025-12-30 10:33:17+05:30,3248.5,1,3248.52,250780,93442.0,117966.0,3250.0,3257.0,3239.8,3251.5,41714050,3576.6,2926.4,4322.95,2866.6,3248.5,35,4,3248.4,104,6,3248.3,48,2,3248.2,170,10,3248.1,180,8,3249.0,7,4,3249.4,43,6,3249.5,40,1,3249.6,25,1,3249.8,35,2
11536,2025-12-30 10:33:18+05:30,3248.6,1,3248.52,250780,93442.0,117966.0,3250.0,3257.0,3239.8,3251.5,41714050,3576.6,2926.4,4322.95,2866.6,3248.5,35,4,3248.4,104,6,3248.3,48,2,3248.2,170,10,3248.1,180,8,3249.0,7,4,3249.4,43,6,3249.5,40,1,3249.6,25,1,3249.8,35,2
11536,2025-12-30 10:33:18+05:30,3248.6,3,3248.52,250823,93569.0,117991.0,3250.0,3257.0,3239.8,3251.5,41714050,3576.6,2926.4,4322.95,2866.6,3248.6,8,1,3248.5,23,3,3248.4,104,6,3248.3,48,2,3248.2,149,9,3249.0,9,5,3249.4,86,5,3249.5,40,1,3249.8,14,1,3249.9,16,3
11536,2025-12-30 10:33:19+05:30,3248.6,3,3248.52,250823,93569.0,117991.0,3250.0,3257.0,3239.8,3251.5,41714050,3576.6,2926.4,4322.95,2866.6,3248.6,8,1,3248.5,23,3,3248.4,104,6,3248.3,48,2,3248.2,149,9,3249.0,9,5,3249.4,86,5,3249.5,40,1,3249.8,14,1,3249.9,16,3
11536,2025-12-30 10:33:19+05:30,3248.6,5,3248.52,250834,93814.0,117944.0,3250.0,3257.0,3239.8,3251.5,41714050,3576.6,2926.4,4322.95,2866.6,3248.8,12,1,3248.5,51,5,3248.4,109,6,3248.3,48,2,3248.2,179,10,3249.0,9,5,3249.4,64,3,3249.5,40,1,3249.7,21,1,3249.8,14,1
11536,2025-12-30 10:33:20+05:30,3248.6,5,3248.52,250834,93814.0,117944.0,3250.0,3257.0,3239.8,3251.5,41714050,3576.6,2926.4,4322.95,2866.6,3248.8,12,1,3248.5,51,5,3248.4,109,6,3248.3,48,2,3248.2,179,10,3249.0,9,5,3249.4,64,3,3249.5,40,1,3249.7,21,1,3249.8,14,1
11536,2025-12-30 10:33:20+05:30,3248.8,3,3248.52,250850,93818.0,117641.0,3250.0,3257.0,3239.8,3251.5,41714050,3576.6,2926.4,4322.95,2866.6,3248.8,61,2,3248.7,13,1,3248.6,15,2,3248.5,29,3,3248.4,122,7,3249.0,8,5,3249.4,64,3,3249.5,40,1,3249.7,21,1,3249.9,13,2
11536,2025-12-30 10:33:21+05:30,3249.0,2,3248.52,250850,93818.0,117641.0,3250.0,3257.0,3239.8,3251.5,41714050,3576.6,2926.4,4322.95,2866.6,3248.8,61,2,3248.7,13,1,3248.6,15,2,3248.5,29,3,3248.4,122,7,3249.0,8,5,3249.4,64,3,3249.5,40,1,3249.7,21,1,3249.9,13,2
11536,2025-12-30 10:33:21+05:30,3249.0,2,3248.52,250860,93841.0,117652.0,3250.0,3257.0,3239.8,3251.5,41714050,3576.6,2926.4,4322.95,2866.6,3248.8,61,2,3248.7,13,1,3248.6,8,1,3248.5,29,3,3248.4,122,7,3249.0,58,10,3249.4,25,1,3249.5,40,1,3249.7,21,1,3249.9,13,2
11536,2025-12-30 10:33:22+05:30,3248.9,1,3248.52,250860,93841.0,117652.0,3250.0,3257.0,3239.8,3251.5,41714050,3576.6,2926.4,4322.95,2866.6,3248.8,61,2,3248.7,13,1,3248.6,8,1,3248.5,29,3,3248.4,122,7,3249.0,58,10,3249.4,25,1,3249.5,40,1,3249.7,21,1,3249.9,13,2
11536,2025-12-30 10:33:22+05:30,3249.0,1,3248.52,250869,93955.0,117650.0,3250.0,3257.0,3239.8,3251.5,41714050,3576.6,2926.4,4322.95,2866.6,3248.9,11,1,3248.8,42,1,3248.7,13,1,3248.6,8,1,3248.5,29,3,3249.0,57,10,3249.4,25,1,3249.5,40,1,3249.7,21,1,3249.9,18,3
11536,2025-12-30 10:33:23+05:30,3248.9,5,3248.52,250869,93955.0,117650.0,3250.0,3257.0,3239.8,3251.5,41714050,3576.6,2926.4,4322.95,2866.6,3248.9,11,1,3248.8,42,1,3248.7,13,1,3248.6,8,1,3248.5,29,3,3249.0,57,10,3249.4,25,1,3249.5,40,1,3249.7,21,1,3249.9,18,3
11536,2025-12-30 10:33:23+05:30,3248.9,3,3248.52,250879,93818.0,116924.0,3250.0,3257.0,3239.8,3251.5,41714050,3576.6,2926.4,4322.95,2866.6,3248.9,1,1,3248.8,42,1,3248.5,14,2,3248.4,72,4,3248.3,8,1,3249.0,71,11,3249.4,56,3,3249.5,70,2,3249.6,13,1,3249.8,45,3
11536,2025-12-30 10:33:24+05:30,3248.9,2,3248.52,250879,93818.0,116924.0,3250.0,3257.0,3239.8,3251.5,41714050,3576.6,2926.4,4322.95,2866.6,3248.9,1,1,3248.8,42,1,3248.5,14,2,3248.4,72,4,3248.3,8,1,3249.0,71,11,3249.4,56,3,3249.5,70,2,3249.6,13,1,3249.8,45,3
11536,2025-12-30 10:33:24+05:30,3248.9,2,3248.52,250920,93845.0,118265.0,3250.0,3257.0,3239.8,3251.5,41714050,3576.6,2926.4,4322.95,2866.6,3248.9,8,1,3248.8,42,1,3248.5,14,2,3248.4,72,4,3248.3,8,1,3249.0,36,8,3249.3,21,1,3249.4,35,2,3249.5,40,1,3249.6,13,1
11536,2025-12-30 10:33:25+05:30,3248.9,1,3248.52,250920,93845.0,118265.0,3250.0,3257.0,3239.8,3251.5,41714050,3576.6,2926.4,4322.95,2866.6,3248.9,8,1,3248.8,42,1,3248.5,14,2,3248.4,72,4,3248.3,8,1,3249.0,36,8,3249.3,21,1,3249.4,35,2,3249.5,40,1,3249.6,13,1
11536,2025-12-30 10:33:25+05:30,3249.0,1,3248.52,250925,93681.0,118620.0,3250.0,3257.0,3239.8,3251.5,41714050,3576.6,2926.4,4322.95,2866.6,3248.9,56,2,3248.8,42,1,3248.5,14,2,3248.4,72,4,3248.2,42,4,3249.0,48,9,3249.2,12,1,3249.3,21,1,3249.4,65,4,3249.5,62,2
11536,2025-12-30 10:33:26+05:30,3248.9,1,3248.52,250925,93681.0,118620.0,3250.0,3257.0,3239.8,3251.5,41714050,3576.6,2926.4,4322.95,2866.6,3248.9,56,2,3248.8,42,1,3248.5,14,2,3248.4,72,4,3248.2,42,4,3249.0,48,9,3249.2,12,1,3249.3,21,1,3249.4,65,4,3249.5,62,2
11536,2025-12-30 10:33:26+05:30,3248.9,1,3248.52,250928,93678.0,118623.0,3250.0,3257.0,3239.8,3251.5,41714050,3576.6,2926.4,4322.95,2866.6,3248.9,53,2,3248.8,42,1,3248.5,14,2,3248.4,72,4,3248.2,42,4,3249.0,48,9,3249.2,33,2,3249.3,6,1,3249.4,65,4,3249.5,79,4
11536,2025-12-30 10:33:27+05:30,3248.9,12,3248.52,250928,93678.0,118623.0,3250.0,3257.0,3239.8,3251.5,41714050,3576.6,2926.4,4322.95,2866.6,3248.9,53,2,3248.8,42,1,3248.5,14,2,3248.4,72,4,3248.2,42,4,3249.0,48,9,3249.2,33,2,3249.3,6,1,3249.4,65,4,3249.5,79,4
11536,2025-12-30 10:33:27+05:30,3248.9,12,3248.52,250941,93842.0,118659.0,3250.0,3257.0,3239.8,3251.5,41714050,3576.6,2926.4,4322.95,2866.6,3248.9,52,2,3248.8,42,1,3248.5,14,2,3248.4,72,4,3248.2,42,4,3249.0,47,9,3249.2,33,2,3249.3,36,2,3249.4,65,4,3249.5,71,3
11536,2025-12-30 10:33:28+05:30,3248.9,8,3248.52,250941,93842.0,118659.0,3250.0,3257.0,3239.8,3251.5,41714050,3576.6,2926.4,4322.95,2866.6,3248.9,52,2,3248.8,42,1,3248.5,14,2,3248.4,72,4,3248.2,42,4,3249.0,47,9,3249.2,33,2,3249.3,36,2,3249.4,65,4,3249.5,71,3
11536,2025-12-30 10:33:30+05:30,3249.0,1,3248.52,250941,93842.0,118659.0,3250.0,3257.0,3239.8,3251.5,41714050,3576.6,2926.4,4322.95,2866.6,3248.9,52,2,3248.8,42,1,3248.5,14,2,3248.4,72,4,3248.2,42,4,3249.0,47,9,3249.2,33,2,3249.3,36,2,3249.4,65,4,3249.5,71,3
11536,2025-12-30 10:33:31+05:30,3248.9,2,3248.52,250989,93789.0,119403.0,3250.0,3257.0,3239.8,3251.5,41714050,3576.6,2926.4,4322.95,2866.6,3248.9,8,1,3248.8,42,1,3248.5,14,2,3248.4,72,4,3248.2,42,4,3249.0,42,8,3249.1,35,2,3249.2,50,3,3249.3,53,3,3249.4,40,3
11536,2025-12-30 10:33:34+05:30,3248.8,1,3248.52,250989,93789.0,119403.0,3250.0,3257.0,3239.8,3251.5,41714050,3576.6,2926.4,4322.95,2866.6,3248.9,8,1,3248.8,42,1,3248.5,14,2,3248.4,72,4,3248.2,42,4,3249.0,42,8,3249.1,35,2,3249.2,50,3,3249.3,53,3,3249.4,40,3
11536,2025-12-30 10:33:36+05:30,3249.0,1,3248.52,251043,93967.0,119317.0,3250.0,3257.0,3239.8,3251.5,41714050,3576.6,2926.4,4322.95,2866.6,3249.0,208,1,3248.8,32,1,3248.5,14,2,3248.4,89,5,3248.2,93,6,3249.2,26,3,3249.4,20,1,3249.5,40,1,3249.6,13,1,3249.8,21,2
11536,2025-12-30 10:33:37+05:30,3249.0,1,3248.52,251043,93967.0,119317.0,3250.0,3257.0,3239.8,3251.5,41714050,3576.6,2926.4,4322.95,2866.6,3249.0,208,1,3248.8,32,1,3248.5,14,2,3248.4,89,5,3248.2,93,6,3249.2,26,3,3249.4,20,1,3249.5,40,1,3249.6,13,1,3249.8,21,2
11536,2025-12-30 10:33:40+05:30,3248.8,6,3248.52,251043,93967.0,119317.0,3250.0,3257.0,3239.8,3251.5,41714050,3576.6,2926.4,4322.95,2866.6,3249.0,208,1,3248.8,32,1,3248.5,14,2,3248.4,89,5,3248.2,93,6,3249.2,26,3,3249.4,20,1,3249.5,40,1,3249.6,13,1,3249.8,21,2
11536,2025-12-30 10:33:41+05:30,3248.9,12,3248.52,251584,92355.0,119115.0,3250.0,3257.0,3239.8,3251.5,41714050,3576.6,2926.4,4322.95,2866.6,3248.9,11,1,3248.8,14,1,3248.5,14,2,3248.4,18,3,3248.2,21,3,3249.0,9,3,3249.1,11,1,3249.3,19,1,3249.4,11,1,3249.5,62,2
11536,2025-12-30 10:33:43+05:30,3248.9,10,3248.52,251584,92355.0,119115.0,3250.0,3257.0,3239.8,3251.5,41714050,3576.6,2926.4,4322.95,2866.6,3248.9,11,1,3248.8,14,1,3248.5,14,2,3248.4,18,3,3248.2,21,3,3249.0,9,3,3249.1,11,1,3249.3,19,1,3249.4,11,1,3249.5,62,2
11536,2025-12-30 10:33:46+05:30,3248.5,3,3248.52,251584,92355.0,119115.0,3250.0,3257.0,3239.8,3251.5,41714050,3576.6,2926.4,4322.95,2866.6,3248.9,11,1,3248.8,14,1,3248.5,14,2,3248.4,18,3,3248.2,21,3,3249.0,9,3,3249.1,11,1,3249.3,19,1,3249.4,11,1,3249.5,62,2
11536,2025-12-30 10:33:46+05:30,3248.7,1,3248.52,251663,94930.0,119173.0,3250.0,3257.0,3239.8,3251.5,41714050,3576.6,2926.4,4322.95,2866.6,3248.5,17,2,3248.4,18,3,3248.2,21,3,3248.1,1,1,3248.0,116,5,3248.7,21,9,3248.9,20,2,3249.0,63,3,3249.1,15,1,3249.2,39,4
11536,2025-12-30 10:33:50+05:30,3248.5,2,3248.52,251663,94930.0,119173.0,3250.0,3257.0,3239.8,3251.5,41714050,3576.6,2926.4,4322.95,2866.6,3248.5,17,2,3248.4,18,3,3248.2,21,3,3248.1,1,1,3248.0,116,5,3248.7,21,9,3248.9,20,2,3249.0,63,3,3249.1,15,1,3249.2,39,4
11536,2025-12-30 10:33:51+05:30,3248.5,10,3248.52,251937,94601.0,119061.0,3250.0,3257.0,3239.8,3251.5,41714050,3576.6,2926.4,4322.95,2866.6,3248.4,15,2,3248.2,21,3,3248.1,1,1,3248.0,124,6,3247.9,7,1,3248.7,35,7,3248.8,18,1,3248.9,33,2,3249.0,57,3,3249.1,45,2
11536,2025-12-30 10:33:54+05:30,3248.6,2,3248.52,251937,94601.0,119061.0,3250.0,3257.0,3239.8,3251.5,41714050,3576.6,2926.4,4322.95,2866.6,3248.4,15,2,3248.2,21,3,3248.1,1,1,3248.0,124,6,3247.9,7,1,3248.7,35,7,3248.8,18,1,3248.9,33,2,3249.0,57,3,3249.1,45,2
11536,2025-12-30 10:33:56+05:30,3248.7,5,3248.52,252079,94782.0,119010.0,3250.0,3257.0,3239.8,3251.5,41714050,3576.6,2926.4,4322.95,2866.6,3248.4,12,2,3248.3,6,1,3248.2,21,3,3248.1,1,1,3248.0,130,7,3248.7,49,6,3248.9,10,1,3249.0,100,1,3249.2,17,2,3249.3,30,1
11536,2025-12-30 10:33:58+05:30,3248.4,21,3248.52,252079,94782.0,119010.0,3250.0,3257.0,3239.8,3251.5,41714050,3576.6,2926.4,4322.95,2866.6,3248.4,12,2,3248.3,6,1,3248.2,21,3,3248.1,1,1,3248.0,130,7,3248.7,49,6,3248.9,10,1,3249.0,100,1,3249.2,17,2,3249.3,30,1
11536,2025-12-30 10:34:01+05:30,3248.4,3,3248.52,252203,94630.0,119099.0,3250.0,3257.0,3239.8,3251.5,41714050,3576.6,2926.4,4322.95,2866.6,3248.4,19,2,3248.2,21,3,3248.1,1,1,3248.0,130,7,3247.9,21,3,3248.7,43,8,3249.0,128,3,3249.1,49,2,3249.2,11,1,3249.3,47,2
11536,2025-12-30 10:34:02+05:30,3248.3,1,3248.52,252203,94630.0,119099.0,3250.0,3257.0,3239.8,3251.5,41714050,3576.6,2926.4,4322.95,2866.6,3248.4,19,2,3248.2,21,3,3248.1,1,1,3248.0,130,7,3247.9,21,3,3248.7,43,8,3249.0,128,3,3249.1,49,2,3249.2,11,1,3249.3,47,2
11536,2025-12-30 10:34:06+05:30,3248.5,1,3248.52,252203,94630.0,119099.0,3250.0,3257.0,3239.8,3251.5,41714050,3576.6,2926.4,4322.95,2866.6,3248.4,19,2,3248.2,21,3,3248.1,1,1,3248.0,130,7,3247.9,21,3,3248.7,43,8,3249.0,128,3,3249.1,49,2,3249.2,11,1,3249.3,47,2
11536,2025-12-30 10:34:06+05:30,3248.5,1,3248.52,252249,94732.0,119027.0,3250.0,3257.0,3239.8,3251.5,41714050,3576.6,2926.4,4322.95,2866.6,3248.3,5,1,3248.2,21,3,3248.1,1,1,3248.0,136,8,3247.9,40,4,3248.4,1,1,3248.5,1,1,3248.7,50,7,3249.0,117,2,3249.1,9,1
11536,2025-12-30 10:34:10+05:30,3248.4,4,3248.52,252249,94732.0,119027.0,3250.0,3257.0,3239.8,3251.5,41714050,3576.6,2926.4,4322.95,2866.6,3248.3,5,1,3248.2,21,3,3248.1,1,1,3248.0,136,8,3247.9,40,4,3248.4,1,1,3248.5,1,1,3248.7,50,7,3249.0,117,2,3249.1,9,1
11536,2025-12-30 10:34:11+05:30,3248.7,4,3248.52,252280,94752.0,118564.0,3250.0,3257.0,3239.8,3251.5,41714050,3576.6,2926.4,4322.95,2866.6,3248.5,4,1,3248.3,1,1,3248.2,21,3,3248.1,1,1,3248.0,130,7,3248.7,56,9,3248.9,17,1,3249.0,109,2,3249.2,9,1,3249.3,53,3
11536,2025-12-30 10:34:12+05:30,3248.5,1,3248.52,252280,94752.0,118564.0,3250.0,3257.0,3239.8,3251.5,41714050,3576.6,2926.4,4322.95,2866.6,3248.5,4,1,3248.3,1,1,3248.2,21,3,3248.1,1,1,3248.0,130,7,3248.7,56,9,3248.9,17,1,3249.0,109,2,3249.2,9,1,3249.3,53,3
11536,2025-12-30 10:34:15+05:30,3248.4,1,3248.51,253925,95635.0,117762.0,3250.0,3257.0,3239.8,3251.5,41714050,3576.6,2926.4,4322.95,2866.6,3248.2,3,1,3248.1,36,4,3248.0,46,3,3247.9,34,2,3247.8,22,2,3248.7,101,7,3249.0,100,1,3249.3,28,1,3249.4,3,1,3249.5,74,4
11536,2025-12-30 10:34:16+05:30,3248.4,1,3248.51,253925,95635.0,117762.0,3250.0,3257.0,3239.8,3251.5,41714050,3576.6,2926.4,4322.95,2866.6,3248.2,3,1,3248.1,36,4,3248.0,46,3,3247.9,34,2,3247.8,22,2,3248.7,101,7,3249.0,100,1,3249.3,28,1,3249.4,3,1,3249.5,74,4
11536,2025-12-30 10:34:19+05:30,3247.9,1,3248.51,253925,95635.0,117762.0,3250.0,3257.0,3239.8,3251.5,41714050,3576.6,2926.4,4322.95,2866.6,3248.2,3,1,3248.1,36,4,3248.0,46,3,3247.9,34,2,3247.8,22,2,3248.7,101,7,3249.0,100,1,3249.3,28,1,3249.4,3,1,3249.5,74,4
11536,2025-12-30 10:34:20+05:30,3247.9,4,3248.51,254988,94488.0,118144.0,3250.0,3257.0,3239.8,3251.5,41714050,3576.6,2926.4,4322.95,2866.6,3248.0,21,4,3247.9,20,3,3247.8,26,2,3247.7,15,3,3247.6,37,4,3248.2,44,7,3248.7,15,2,3249.0,100,1,3249.4,24,3,3249.5,72,4
11536,2025-12-30 10:34:22+05:30,3248.4,6,3248.51,254988,94488.0,118144.0,3250.0,3257.0,3239.8,3251.5,41714050,3576.6,2926.4,4322.95,2866.6,3248.0,21,4,3247.9,20,3,3247.8,26,2,3247.7,15,3,3247.6,37,4,3248.2,44,7,3248.7,15,2,3249.0,100,1,3249.4,24,3,3249.5,72,4
11536,2025-12-30 10:34:24+05:30,3248.3,100,3248.51,255598,95922.0,117568.0,3250.0,3257.0,3239.8,3251.5,41714050,3576.6,2926.4,4322.95,2866.6,3248.2,13,2,3248.1,17,1,3248.0,76,5,3247.9,93,5,3247.8,50,4,3248.3,13,1,3248.4,59,3,3248.7,1,1,3249.0,100,1,3249.5,59,4
11536,2025-12-30 10:34:25+05:30,3248.3,100,3248.51,255598,95922.0,117568.0,3250.0,3257.0,3239.8,3251.5,41714050,3576.6,2926.4,4322.95,2866.6,3248.2,13,2,3248.1,17,1,3248.0,76,5,3247.9,93,5,3247.8,50,4,3248.3,13,1,3248.4,59,3,3248.7,1,1,3249.0,100,1,3249.5,59,4
11536,2025-12-30 10:34:28+05:30,3248.3,75,3248.51,255598,95922.0,117568.0,3250.0,3257.0,3239.8,3251.5,41714050,3576.6,2926.4,4322.95,2866.6,3248.2,13,2,3248.1,17,1,3248.0,76,5,3247.9,93,5,3247.8,50,4,3248.3,13,1,3248.4,59,3,3248.7,1,1,3249.0,100,1,3249.5,59,4
11536,2025-12-30 10:34:28+05:30,3248.3,75,3248.51,255872,95940.0,117680.0,3250.0,3257.0,3239.8,3251.5,41714050,3576.6,2926.4,4322.95,2866.6,3248.3,55,1,3248.2,59,3,3248.1,30,2,3248.0,120,5,3247.9,20,3,3248.4,65,3,3249.0,100,1,3249.4,1,1,3249.5,61,5,3249.6,56,3
11536,2025-12-30 10:34:29+05:30,3248.3,75,3248.51,255872,96116.0,117823.0,3250.0,3257.0,3239.8,3251.5,41714050,3576.6,2926.4,4322.95,2866.6,3248.3,61,2,3248.2,59,3,3248.1,30,2,3248.0,120,5,3247.9,20,3,3248.4,70,5,3249.0,100,1,3249.4,1,1,3249.5,61,5,3249.6,56,3
11536,2025-12-30 10:34:30+05:30,3248.4,2,3248.51,255872,96116.0,117823.0,3250.0,3257.0,3239.8,3251.5,41714050,3576.6,2926.4,4322.95,2866.6,3248.3,61,2,3248.2,59,3,3248.1,30,2,3248.0,120,5,3247.9,20,3,3248.4,70,5,3249.0,100,1,3249.4,1,1,3249.5,61,5,3249.6,56,3
11536,2025-12-30 10:34:30+05:30,3248.4,2,3248.51,256034,96120.0,118009.0,3250.0,3257.0,3239.8,3251.5,41714050,3576.6,2926.4,4322.95,2866.6,3248.4,7,1,3248.3,6,1,3248.2,59,3,3248.0,118,4,3247.9,28,3,3249.0,108,3,3249.2,17,1,3249.4,35,2,3249.5,44,3,3249.6,72,4
11536,2025-12-30 10:34:31+05:30,3249.0,1,3248.51,256034,96120.0,118009.0,3250.0,3257.0,3239.8,3251.5,41714050,3576.6,2926.4,4322.95,2866.6,3248.4,7,1,3248.3,6,1,3248.2,59,3,3248.0,118,4,3247.9,28,3,3249.0,108,3,3249.2,17,1,3249.4,35,2,3249.5,44,3,3249.6,72,4
11536,2025-12-30 10:34:31+05:30,3249.0,1,3248.51,256036,96491.0,117835.0,3250.0,3257.0,3239.8,3251.5,41714050,3576.6,2926.4,4322.95,2866.6,3248.9,7,1,3248.4,46,2,3248.3,6,1,3248.2,81,4,3248.0,126,5,3249.0,108,5,3249.2,17,1,3249.3,15,1,3249.4,20,1,3249.5,44,3
11536,2025-12-30 10:34:32+05:30,3248.9,47,3248.51,256036,96491.0,117835.0,3250.0,3257.0,3239.8,3251.5,41714050,3576.6,2926.4,4322.95,2866.6,3248.9,7,1,3248.4,46,2,3248.3,6,1,3248.2,81,4,3248.0,126,5,3249.0,108,5,3249.2,17,1,3249.3,15,1,3249.4,20,1,3249.5,44,3
11536,2025-12-30 10:34:32+05:30,3248.9,1,3248.51,256084,96949.0,117386.0,3250.0,3257.0,3239.8,3251.5,41714050,3576.6,2926.4,4322.95,2866.6,3248.9,61,2,3248.4,47,3,3248.3,6,1,3248.2,81,4,3248.1,1,1,3249.0,106,6,3249.2,14,1,3249.4,14,1,3249.5,73,4,3249.6,94,5
11536,2025-12-30 10:34:33+05:30,3249.0,3,3248.51,256084,96949.0,117386.0,3250.0,3257.0,3239.8,3251.5,41714050,3576.6,2926.4,4322.95,2866.6,3248.9,61,2,3248.4,47,3,3248.3,6,1,3248.2,81,4,3248.1,1,1,3249.0,106,6,3249.2,14,1,3249.4,14,1,3249.5,73,4,3249.6,94,5
11536,2025-12-30 10:34:33+05:30,3249.0,3,3248.51,256120,96571.0,117921.0,3250.0,3257.0,3239.8,3251.5,41714050,3576.6,2926.4,4322.95,2866.6,3248.9,28,2,3248.4,47,3,3248.3,6,1,3248.2,81,4,3248.1,1,1,3249.0,101,7,3249.4,31,2,3249.5,61,3,3249.6,56,3,3249.7,3,1
11536,2025-12-30 10:34:34+05:30,3249.0,1,3248.51,256120,96571.0,117921.0,3250.0,3257.0,3239.8,3251.5,41714050,3576.6,2926.4,4322.95,2866.6,3248.9,28,2,3248.4,47,3,3248.3,6,1,3248.2,81,4,3248.1,1,1,3249.0,101,7,3249.4,31,2,3249.5,61,3,3249.6,56,3,3249.7,3,1
11536,2025-12-30 10:34:34+05:30,3248.9,1,3248.51,256136,96601.0,116789.0,3250.0,3257.0,3239.8,3251.5,41714050,3576.6,2926.4,4322.95,2866.6,3248.9,63,3,3248.4,47,3,3248.3,6,1,3248.2,81,4,3248.1,11,2,3249.0,99,7,3249.1,14,1,3249.3,17,1,3249.4,35,2,3249.5,41,2
11536,2025-12-30 10:34:34+05:30,3248.9,1,3248.51,256136,96601.0,116789.0,3250.0,3257.0,3239.8,3251.5,41714050,3576.6,2926.4,4322.95,2866.6,3248.9,63,3,3248.4,47,3,3248.3,6,1,3248.2,81,4,3248.1,11,2,3249.0,99,7,3249.1,14,1,3249.3,17,1,3249.4,35,2,3249.5,41,2
11536,2025-12-30 10:34:35+05:30,3249.5,36,3248.51,256136,96601.0,116789.0,3250.0,3257.0,3239.8,3251.5,41714050,3576.6,2926.4,4322.95,2866.6,3248.9,63,3,3248.4,47,3,3248.3,6,1,3248.2,81,4,3248.1,11,2,3249.0,99,7,3249.1,14,1,3249.3,17,1,3249.4,35,2,3249.5,41,2
11536,2025-12-30 10:34:35+05:30,3249.5,36,3248.51,256384,96558.0,117675.0,3250.0,3257.0,3239.8,3251.5,41714050,3576.6,2926.4,4322.95,2866.6,3249.0,1,1,3248.9,115,4,3248.4,68,4,3248.3,6,1,3248.2,32,3,3249.5,48,6,3249.6,43,4,3249.8,72,5,3249.9,49,5,3250.0,242,8
11536,2025-12-30 10:34:35+05:30,3249.5,36,3248.51,256384,96558.0,117675.0,3250.0,3257.0,3239.8,3251.5,41714050,3576.6,2926.4,4322.95,2866.6,3249.0,1,1,3248.9,115,4,3248.4,68,4,3248.3,6,1,3248.2,32,3,3249.5,48,6,3249.6,43,4,3249.8,72,5,3249.9,49,5,3250.0,242,8
11536,2025-12-30 10:34:36+05:30,3249.5,1,3248.51,256385,96905.0,117682.0,3250.0,3257.0,3239.8,3251.5,41714050,3576.6,2926.4,4322.95,2866.6,3249.0,1,1,3248.9,115,4,3248.4,68,4,3248.3,6,1,3248.2,32,3,3249.5,63,9,3249.6,30,2,3249.8,72,5,3249.9,49,5,3250.0,242,8
11536,2025-12-30 10:34:36+05:30,3249.5,1,3248.51,256385,96905.0,117682.0,3250.0,3257.0,3239.8,3251.5,41714050,3576.6,2926.4,4322.95,2866.6,3249.0,1,1,3248.9,115,4,3248.4,68,4,3248.3,6,1,3248.2,32,3,3249.5,63,9,3249.6,30,2,3249.8,72,5,3249.9,49,5,3250.0,242,8
11536,2025-12-30 10:34:37+05:30,3249.0,1,3248.51,256385,96905.0,117682.0,3250.0,3257.0,3239.8,3251.5,41714050,3576.6,2926.4,4322.95,2866.6,3249.0,1,1,3248.9,115,4,3248.4,68,4,3248.3,6,1,3248.2,32,3,3249.5,63,9,3249.6,30,2,3249.8,72,5,3249.9,49,5,3250.0,242,8
11536,2025-12-30 10:34:37+05:30,3249.0,47,3248.51,256433,96746.0,117814.0,3250.0,3257.0,3239.8,3251.5,41714050,3576.6,2926.4,4322.95,2866.6,3248.9,110,3,3248.4,56,4,3248.3,34,2,3248.2,52,4,3248.1,207,4,3249.0,11,3,3249.5,58,11,3249.6,20,1,3249.8,42,4,3249.9,232,7
11536,2025-12-30 10:34:37+05:30,3249.0,47,3248.51,256433,96746.0,117814.0,3250.0,3257.0,3239.8,3251.5,41714050,3576.6,2926.4,4322.95,2866.6,3248.9,110,3,3248.4,56,4,3248.3,34,2,3248.2,52,4,3248.1,207,4,3249.0,11,3,3249.5,58,11,3249.6,20,1,3249.8,42,4,3249.9,232,7
11536,2025-12-30 10:34:38+05:30,3248.9,24,3248.51,256433,96746.0,117814.0,3250.0,3257.0,3239.8,3251.5,41714050,3576.6,2926.4,4322.95,2866.6,3248.9,110,3,3248.4,56,4,3248.3,34,2,3248.2,52,4,3248.1,207,4,3249.0,11,3,3249.5,58,11,3249.6,20,1,3249.8,42,4,3249.9,232,7
11536,2025-12-30 10:34:38+05:30,3248.9,24,3248.51,256433,96746.0,117814.0,3250.0,3257.0,3239.8,3251.5,41714050,3576.6,2926.4,4322.95,2866.6,3248.9,110,3,3248.4,56,4,3248.3,34,2,3248.2,52,4,3248.1,207,4,3249.0,11,3,3249.5,58,11,3249.6,20,1,3249.8,42,4,3249.9,232,7
11536,2025-12-30 10:34:38+05:30,3248.9,2,3248.51,256522,96472.0,118202.0,3250.0,3257.0,3239.8,3251.5,41714050,3576.6,2926.4,4322.95,2866.6,3248.9,28,2,3248.4,56,4,3248.3,6,1,3248.2,32,3,3248.1,207,4,3249.0,31,7,3249.2,14,1,3249.3,17,1,3249.4,43,3,3249.5,17,6
11536,2025-12-30 10:34:39+05:30,3248.9,5,3248.51,256522,96472.0,118202.0,3250.0,3257.0,3239.8,3251.5,41714050,3576.6,2926.4,4322.95,2866.6,3248.9,28,2,3248.4,56,4,3248.3,6,1,3248.2,32,3,3248.1,207,4,3249.0,31,7,3249.2,14,1,3249.3,17,1,3249.4,43,3,3249.5,17,6
11536,2025-12-30 10:34:39+05:30,3248.9,5,3248.51,256522,96472.0,118202.0,3250.0,3257.0,3239.8,3251.5,41714050,3576.6,2926.4,4322.95,2866.6,3248.9,28,2,3248.4,56,4,3248.3,6,1,3248.2,32,3,3248.1,207,4,3249.0,31,7,3249.2,14,1,3249.3,17,1,3249.4,43,3,3249.5,17,6
11536,2025-12-30 10:34:39+05:30,3248.9,9,3248.51,256597,96485.0,118326.0,3250.0,3257.0,3239.8,3251.5,41714050,3576.6,2926.4,4322.95,2866.6,3248.9,7,1,3248.4,56,4,3248.3,6,1,3248.2,32,3,3248.1,206,3,3249.0,25,8,3249.2,36,3,3249.3,20,1,3249.4,23,2,3249.5,14,3
11536,2025-12-30 10:34:40+05:30,3248.9,9,3248.51,256597,96485.0,118326.0,3250.0,3257.0,3239.8,3251.5,41714050,3576.6,2926.4,4322.95,2866.6,3248.9,7,1,3248.4,56,4,3248.3,6,1,3248.2,32,3,3248.1,206,3,3249.0,25,8,3249.2,36,3,3249.3,20,1,3249.4,23,2,3249.5,14,3
11536,2025-12-30 10:34:40+05:30,3248.9,9,3248.51,256597,96485.0,118326.0,3250.0,3257.0,3239.8,3251.5,41714050,3576.6,2926.4,4322.95,2866.6,3248.9,7,1,3248.4,56,4,3248.3,6,1,3248.2,32,3,3248.1,206,3,3249.0,25,8,3249.2,36,3,3249.3,20,1,3249.4,23,2,3249.5,14,3
11536,2025-12-30 10:34:40+05:30,3248.9,6,3248.51,256622,96450.0,117080.0,3250.0,3257.0,3239.8,3251.5,41714050,3576.6,2926.4,4322.95,2866.6,3248.9,1,1,3248.8,10,1,3248.4,47,3,3248.3,6,1,3248.2,10,2,3249.0,12,9,3249.1,12,1,3249.2,17,1,3249.3,20,1,3249.4,23,2
11536,2025-12-30 10:34:41+05:30,3248.9,6,3248.51,256622,96450.0,117080.0,3250.0,3257.0,3239.8,3251.5,41714050,3576.6,2926.4,4322.95,2866.6,3248.9,1,1,3248.8,10,1,3248.4,47,3,3248.3,6,1,3248.2,10,2,3249.0,12,9,3249.1,12,1,3249.2,17,1,3249.3,20,1,3249.4,23,2
11536,2025-12-30 10:34:41+05:30,3248.9,6,3248.51,256622,96450.0,117080.0,3250.0,3257.0,3239.8,3251.5,41714050,3576.6,2926.4,4322.95,2866.6,3248.9,1,1,3248.8,10,1,3248.4,47,3,3248.3,6,1,3248.2,10,2,3249.0,12,9,3249.1,12,1,3249.2,17,1,3249.3,20,1,3249.4,23,2
11536,2025-12-30 10:34:41+05:30,3248.9,1,3248.51,256660,96122.0,118842.0,3250.0,3257.0,3239.8,3251.5,41714050,3576.6,2926.4,4322.95,2866.6,3248.8,10,1,3248.4,47,3,3248.3,6,1,3248.2,10,2,3248.1,29,2,3248.9,14,3,3249.0,9,8,3249.1,4,1,3249.2,61,4,3249.4,33,3
11536,2025-12-30 10:34:42+05:30,3248.8,3,3248.51,256660,96122.0,118842.0,3250.0,3257.0,3239.8,3251.5,41714050,3576.6,2926.4,4322.95,2866.6,3248.8,10,1,3248.4,47,3,3248.3,6,1,3248.2,10,2,3248.1,29,2,3248.9,14,3,3249.0,9,8,3249.1,4,1,3249.2,61,4,3249.4,33,3
11536,2025-12-30 10:34:42+05:30,3248.8,3,3248.51,256660,96122.0,118842.0,3250.0,3257.0,3239.8,3251.5,41714050,3576.6,2926.4,4322.95,2866.6,3248.8,10,1,3248.4,47,3,3248.3,6,1,3248.2,10,2,3248.1,29,2,3248.9,14,3,3249.0,9,8,3249.1,4,1,3249.2,61,4,3249.4,33,3
11536,2025-12-30 10:34:42+05:30,3248.9,3,3248.51,256690,95636.0,118538.0,3250.0,3257.0,3239.8,3251.5,41714050,3576.6,2926.4,4322.95,2866.6,3248.4,47,3,3248.3,6,1,3248.2,10,2,3248.1,29,2,3248.0,161,8,3248.9,14,6,3249.0,4,4,3249.1,17,1,3249.2,65,5,3249.3,18,1
11536,2025-12-30 10:34:42+05:30,3248.9,3,3248.51,256690,95636.0,118538.0,3250.0,3257.0,3239.8,3251.5,41714050,3576.6,2926.4,4322.95,2866.6,3248.4,47,3,3248.3,6,1,3248.2,10,2,3248.1,29,2,3248.0,161,8,3248.9,14,6,3249.0,4,4,3249.1,17,1,3249.2,65,5,3249.3,18,1
11536,2025-12-30 10:34:43+05:30,3248.4,2,3248.51,256690,95636.0,118538.0,3250.0,3257.0,3239.8,3251.5,41714050,3576.6,2926.4,4322.95,2866.6,3248.4,47,3,3248.3,6,1,3248.2,10,2,3248.1,29,2,3248.0,161,8,3248.9,14,6,3249.0,4,4,3249.1,17,1,3249.2,65,5,3249.3,18,1
11536,2025-12-30 10:34:43+05:30,3248.4,4,3248.51,256698,95664.0,118560.0,3250.0,3257.0,3239.8,3251.5,41714050,3576.6,2926.4,4322.95,2866.6,3248.4,40,3,3248.3,41,2,3248.2,10,2,3248.1,29,2,3248.0,161,8,3248.9,17,9,3249.0,1,1,3249.1,17,1,3249.2,65,5,3249.3,18,1
11536,2025-12-30 10:34:44+05:30,3249.2,7,3248.51,256698,95664.0,118560.0,3250.0,3257.0,3239.8,3251.5,41714050,3576.6,2926.4,4322.95,2866.6,3248.4,40,3,3248.3,41,2,3248.2,10,2,3248.1,29,2,3248.0,161,8,3248.9,17,9,3249.0,1,1,3249.1,17,1,3249.2,65,5,3249.3,18,1
11536,2025-12-30 10:34:44+05:30,3249.2,7,3248.51,256698,95664.0,118560.0,3250.0,3257.0,3239.8,3251.5,41714050,3576.6,2926.4,4322.95,2866.6,3248.4,40,3,3248.3,41,2,3248.2,10,2,3248.1,29,2,3248.0,161,8,3248.9,17,9,3249.0,1,1,3249.1,17,1,3249.2,65,5,3249.3,18,1
11536,2025-12-30 10:34:44+05:30,3249.2,7,3248.51,256810,95814.0,118519.0,3250.0,3257.0,3239.8,3251.5,41714050,3576.6,2926.4,4322.95,2866.6,3248.4,28,3,3248.3,41,2,3248.2,10,2,3248.1,29,2,3248.0,163,8,3249.2,10,3,3249.3,4,1,3249.4,33,3,3249.5,4,2,3249.6,54,3
11536,2025-12-30 10:34:45+05:30,3249.2,7,3248.51,256810,95814.0,118519.0,3250.0,3257.0,3239.8,3251.5,41714050,3576.6,2926.4,4322.95,2866.6,3248.4,28,3,3248.3,41,2,3248.2,10,2,3248.1,29,2,3248.0,163,8,3249.2,10,3,3249.3,4,1,3249.4,33,3,3249.5,4,2,3249.6,54,3
11536,2025-12-30 10:34:45+05:30,3249.2,1,3248.51,256811,95803.0,118775.0,3250.0,3257.0,3239.8,3251.5,41714050,3576.6,2926.4,4322.95,2866.6,3248.4,63,4,3248.3,6,1,3248.2,10,2,3248.1,29,2,3248.0,182,8,3249.2,18,5,3249.3,4,1,3249.4,70,5,3249.5,4,2,3249.6,210,4
11536,2025-12-30 10:34:46+05:30,3249.2,1,3248.51,256811,95803.0,118775.0,3250.0,3257.0,3239.8,3251.5,41714050,3576.6,2926.4,4322.95,2866.6,3248.4,63,4,3248.3,6,1,3248.2,10,2,3248.1,29,2,3248.0,182,8,3249.2,18,5,3249.3,4,1,3249.4,70,5,3249.5,4,2,3249.6,210,4
11536,2025-12-30 10:34:46+05:30,3249.4,9,3248.51,256913,95593.0,118620.0,3250.0,3257.0,3239.8,3251.5,41714050,3576.6,2926.4,4322.95,2866.6,3248.4,62,4,3248.3,6,1,3248.2,10,2,3248.1,33,2,3248.0,134,6,3249.4,82,6,3249.5,18,4,3249.6,210,4,3249.7,38,2,3249.8,183,4
11536,2025-12-30 10:34:47+05:30,3249.4,9,3248.51,256913,95593.0,118620.0,3250.0,3257.0,3239.8,3251.5,41714050,3576.6,2926.4,4322.95,2866.6,3248.4,62,4,3248.3,6,1,3248.2,10,2,3248.1,33,2,3248.0,134,6,3249.4,82,6,3249.5,18,4,3249.6,210,4,3249.7,38,2,3249.8,183,4
11536,2025-12-30 10:34:47+05:30,3249.4,9,3248.51,256913,95593.0,118620.0,3250.0,3257.0,3239.8,3251.5,41714050,3576.6,2926.4,4322.95,2866.6,3248.4,62,4,3248.3,6,1,3248.2,10,2,3248.1,33,2,3248.0,134,6,3249.4,82,6,3249.5,18,4,3249.6,210,4,3249.7,38,2,3249.8,183,4
11536,2025-12-30 10:34:47+05:30,3249.4,9,3248.51,256913,95579.0,118712.0,3250.0,3257.0,3239.8,3251.5,41714050,3576.6,2926.4,4322.95,2866.6,3248.5,35,1,3248.4,27,3,3248.3,6,1,3248.2,10,2,3248.1,16,1,3249.4,59,7,3249.5,14,3,3249.6,210,4,3249.7,30,1,3249.8,183,4
11536,2025-12-30 10:34:48+05:30,3248.5,24,3248.51,256913,95579.0,118712.0,3250.0,3257.0,3239.8,3251.5,41714050,3576.6,2926.4,4322.95,2866.6,3248.5,35,1,3248.4,27,3,3248.3,6,1,3248.2,10,2,3248.1,16,1,3249.4,59,7,3249.5,14,3,3249.6,210,4,3249.7,30,1,3249.8,183,4
11536,2025-12-30 10:34:48+05:30,3248.5,19,3248.51,256967,95784.0,118750.0,3250.0,3257.0,3239.8,3251.5,41714050,3576.6,2926.4,4322.95,2866.6,3248.5,60,2,3248.4,27,3,3248.3,6,1,3248.2,10,2,3248.1,16,1,3249.4,58,8,3249.5,14,3,3249.6,210,4,3249.7,30,1,3249.8,192,5
11536,2025-12-30 10:34:49+05:30,3248.5,19,3248.51,256967,95784.0,118750.0,3250.0,3257.0,3239.8,3251.5,41714050,3576.6,2926.4,4322.95,2866.6,3248.5,60,2,3248.4,27,3,3248.3,6,1,3248.2,10,2,3248.1,16,1,3249.4,58,8,3249.5,14,3,3249.6,210,4,3249.7,30,1,3249.8,192,5
11536,2025-12-30 10:34:49+05:30,3248.5,19,3248.51,256967,95784.0,118750.0,3250.0,3257.0,3239.8,3251.5,41714050,3576.6,2926.4,4322.95,2866.6,3248.5,60,2,3248.4,27,3,3248.3,6,1,3248.2,10,2,3248.1,16,1,3249.4,58,8,3249.5,14,3,3249.6,210,4,3249.7,30,1,3249.8,192,5
11536,2025-12-30 10:34:49+05:30,3249.0,20,3248.51,256987,95992.0,118405.0,3250.0,3257.0,3239.8,3251.5,41714050,3576.6,2926.4,4322.95,2866.6,3249.0,15,1,3248.5,25,1,3248.4,27,3,3248.3,6,1,3248.2,30,3,3249.4,42,7,3249.5,24,4,3249.6,54,3,3249.7,40,2,3249.8,183,4
11536,2025-12-30 10:34:50+05:30,3249.0,7,3248.51,256987,95992.0,118405.0,3250.0,3257.0,3239.8,3251.5,41714050,3576.6,2926.4,4322.95,2866.6,3249.0,15,1,3248.5,25,1,3248.4,27,3,3248.3,6,1,3248.2,30,3,3249.4,42,7,3249.5,24,4,3249.6,54,3,3249.7,40,2,3249.8,183,4
11536,2025-12-30 10:34:50+05:30,3249.0,7,3248.51,256987,95992.0,118405.0,3250.0,3257.0,3239.8,3251.5,41714050,3576.6,2926.4,4322.95,2866.6,3249.0,15,1,3248.5,25,1,3248.4,27,3,3248.3,6,1,3248.2,30,3,3249.4,42,7,3249.5,24,4,3249.6,54,3,3249.7,40,2,3249.8,183,4
11536,2025-12-30 10:34:50+05:30,3249.4,1,3248.51,256995,96347.0,118061.0,3250.0,3257.0,3239.8,3251.5,41714050,3576.6,2926.4,4322.95,2866.6,3249.0,8,1,3248.5,25,1,3248.4,27,3,3248.3,6,1,3248.2,30,3,3249.4,43,9,3249.5,14,3,3249.6,28,1,3249.7,30,1,3249.8,27,3
11536,2025-12-30 10:34:51+05:30,3249.0,9,3248.51,256995,96347.0,118061.0,3250.0,3257.0,3239.8,3251.5,41714050,3576.6,2926.4,4322.95,2866.6,3249.0,8,1,3248.5,25,1,3248.4,27,3,3248.3,6,1,3248.2,30,3,3249.4,43,9,3249.5,14,3,3249.6,28,1,3249.7,30,1,3249.8,27,3
11536,2025-12-30 10:34:51+05:30,3249.4,1,3248.51,257009,96500.0,117453.0,3250.0,3257.0,3239.8,3251.5,41714050,3576.6,2926.4,4322.95,2866.6,3249.3,31,1,3248.5,25,1,3248.4,27,3,3248.3,67,2,3248.2,86,5,3249.4,55,11,3249.5,14,3,3249.6,18,2,3249.7,36,2,3249.8,26,3
11536,2025-12-30 10:34:52+05:30,3249.4,1,3248.51,257009,96500.0,117453.0,3250.0,3257.0,3239.8,3251.5,41736975,3576.6,2926.4,4322.95,2866.6,3249.3,31,1,3248.5,25,1,3248.4,27,3,3248.3,67,2,3248.2,86,5,3249.4,55,11,3249.5,14,3,3249.6,18,2,3249.7,36,2,3249.8,26,3
11536,2025-12-30 10:34:52+05:30,3249.3,6,3248.51,257009,96500.0,117453.0,3250.0,3257.0,3239.8,3251.5,41736975,3576.6,2926.4,4322.95,2866.6,3249.3,31,1,3248.5,25,1,3248.4,27,3,3248.3,67,2,3248.2,86,5,3249.4,55,11,3249.5,14,3,3249.6,18,2,3249.7,36,2,3249.8,26,3
11536,2025-12-30 10:34:52+05:30,3249.4,5,3248.51,257028,96487.0,117538.0,3250.0,3257.0,3239.8,3251.5,41736975,3576.6,2926.4,4322.95,2866.6,3249.3,18,2,3248.5,25,1,3248.4,27,3,3248.3,67,2,3248.2,86,5,3249.4,39,11,3249.5,14,3,3249.6,18,2,3249.7,36,2,3249.8,43,4
11536,2025-12-30 10:34:53+05:30,3249.3,1,3248.51,257028,96487.0,117538.0,3250.0,3257.0,3239.8,3251.5,41736975,3576.6,2926.4,4322.95,2866.6,3249.3,18,2,3248.5,25,1,3248.4,27,3,3248.3,67,2,3248.2,86,5,3249.4,39,11,3249.5,14,3,3249.6,18,2,3249.7,36,2,3249.8,43,4
11536,2025-12-30 10:34:53+05:30,3249.3,2,3248.51,257037,96411.0,117555.0,3250.0,3257.0,3239.8,3251.5,41736975,3576.6,2926.4,4322.95,2866.6,3249.3,9,2,3248.4,27,3,3248.3,67,2,3248.2,58,4,3248.1,198,2,3249.4,85,14,3249.5,14,3,3249.6,18,2,3249.7,30,1,3249.8,43,4
11536,2025-12-30 10:34:54+05:30,3249.3,2,3248.51,257037,96411.0,117555.0,3250.0,3257.0,3239.8,3251.5,41736975,3576.6,2926.4,4322.95,2866.6,3249.3,9,2,3248.4,27,3,3248.3,67,2,3248.2,58,4,3248.1,198,2,3249.4,85,14,3249.5,14,3,3249.6,18,2,3249.7,30,1,3249.8,43,4
11536,2025-12-30 10:34:54+05:30,3249.3,2,3248.51,257037,96411.0,117555.0,3250.0,3257.0,3239.8,3251.5,41736975,3576.6,2926.4,4322.95,2866.6,3249.3,9,2,3248.4,27,3,3248.3,67,2,3248.2,58,4,3248.1,198,2,3249.4,85,14,3249.5,14,3,3249.6,18,2,3249.7,30,1,3249.8,43,4
11536,2025-12-30 10:34:54+05:30,3249.3,1,3248.51,257078,95658.0,117555.0,3250.0,3257.0,3239.8,3251.5,41736975,3576.6,2926.4,4322.95,2866.6,3249.3,2,2,3248.4,2,2,3248.3,164,2,3248.2,58,4,3248.1,59,2,3249.4,72,12,3249.5,23,4,3249.6,37,3,3249.7,31,2,3249.8,43,4
11536,2025-12-30 10:34:55+05:30,3249.3,1,3248.51,257078,95658.0,117555.0,3250.0,3257.0,3239.8,3251.5,41736975,3576.6,2926.4,4322.95,2866.6,3249.3,2,2,3248.4,2,2,3248.3,164,2,3248.2,58,4,3248.1,59,2,3249.4,72,12,3249.5,23,4,3249.6,37,3,3249.7,31,2,3249.8,43,4
11536,2025-12-30 10:34:55+05:30,3249.3,2,3248.51,257084,95928.0,116994.0,3250.0,3257.0,3239.8,3251.5,41736975,3576.6,2926.4,4322.95,2866.6,3249.3,34,2,3248.4,2,2,3248.3,6,1,3248.2,58,4,3248.1,225,3,3249.4,70,10,3249.5,42,5,3249.6,18,2,3249.7,31,2,3249.8,43,4
11536,2025-12-30 10:34:56+05:30,3249.3,1,3248.51,257084,95928.0,116994.0,3250.0,3257.0,3239.8,3251.5,41736975,3576.6,2926.4,4322.95,2866.6,3249.3,34,2,3248.4,2,2,3248.3,6,1,3248.2,58,4,3248.1,225,3,3249.4,70,10,3249.5,42,5,3249.6,18,2,3249.7,31,2,3249.8,43,4
11536,2025-12-30 10:34:56+05:30,3249.4,1,3248.51,257099,95914.0,116840.0,3250.0,3257.0,3239.8,3251.5,41736975,3576.6,2926.4,4322.95,2866.6,3249.3,20,2,3248.4,2,2,3248.3,6,1,3248.2,58,4,3248.1,225,3,3249.4,67,9,3249.5,42,5,3249.6,18,2,3249.7,59,3,3249.8,43,4
11536,2025-12-30 10:34:57+05:30,3249.4,10,3248.51,257099,95914.0,116840.0,3250.0,3257.0,3239.8,3251.5,41736975,3576.6,2926.4,4322.95,2866.6,3249.3,20,2,3248.4,2,2,3248.3,6,1,3248.2,58,4,3248.1,225,3,3249.4,67,9,3249.5,42,5,3249.6,18,2,3249.7,59,3,3249.8,43,4
11536,2025-12-30 10:34:57+05:30,3249.3,2,3248.51,257112,95965.0,116813.0,3250.0,3257.0,3239.8,3251.5,41736975,3576.6,2926.4,4322.95,2866.6,3249.3,71,3,3248.4,2,2,3248.3,6,1,3248.2,58,4,3248.1,225,3,3249.4,60,12,3249.5,52,6,3249.6,31,3,3249.7,59,3,3249.8,43,4
11536,2025-12-30 10:34:58+05:30,3249.3,1,3248.51,257112,95965.0,116813.0,3250.0,3257.0,3239.8,3251.5,41736975,3576.6,2926.4,4322.95,2866.6,3249.3,71,3,3248.4,2,2,3248.3,6,1,3248.2,58,4,3248.1,225,3,3249.4,60,12,3249.5,52,6,3249.6,31,3,3249.7,59,3,3249.8,43,4
11536,2025-12-30 10:34:58+05:30,3249.3,1,3248.51,257134,95979.0,116855.0,3250.0,3257.0,3239.8,3251.5,41736975,3576.6,2926.4,4322.95,2866.6,3249.3,85,3,3248.4,2,2,3248.3,6,1,3248.2,58,4,3248.1,225,3,3249.4,59,11,3249.5,52,6,3249.6,31,3,3249.7,59,3,3249.8,43,4
11536,2025-12-30 10:34:59+05:30,3249.3,7,3248.51,257134,95979.0,116855.0,3250.0,3257.0,3239.8,3251.5,41736975,3576.6,2926.4,4322.95,2866.6,3249.3,85,3,3248.4,2,2,3248.3,6,1,3248.2,58,4,3248.1,225,3,3249.4,59,11,3249.5,52,6,3249.6,31,3,3249.7,59,3,3249.8,43,4
11536,2025-12-30 10:34:59+05:30,3249.3,4,3248.51,257152,95959.0,116877.0,3250.0,3257.0,3239.8,3251.5,41736975,3576.6,2926.4,4322.95,2866.6,3249.3,67,3,3248.4,2,2,3248.3,6,1,3248.2,58,4,3248.1,225,3,3249.4,81,13,3249.5,52,6,3249.6,31,3,3249.7,59,3,3249.8,43,4
11536,2025-12-30 10:35:00+05:30,3249.3,4,3248.51,257152,95959.0,116877.0,3250.0,3257.0,3239.8,3251.5,41736975,3576.6,2926.4,4322.95,2866.6,3249.3,67,3,3248.4,2,2,3248.3,6,1,3248.2,58,4,3248.1,225,3,3249.4,81,13,3249.5,52,6,3249.6,31,3,3249.7,59,3,3249.8,43,4
11536,2025-12-30 10:35:00+05:30,3249.3,1,3248.51,257163,95998.0,116876.0,3250.0,3257.0,3239.8,3251.5,41736975,3576.6,2926.4,4322.95,2866.6,3249.3,56,3,3248.4,2,2,3248.3,6,1,3248.2,58,4,3248.1,213,3,3249.4,80,12,3249.5,52,6,3249.6,31,3,3249.7,59,3,3249.8,43,4
11536,2025-12-30 10:35:01+05:30,3249.3,1,3248.51,257163,95998.0,116876.0,3250.0,3257.0,3239.8,3251.5,41736975,3576.6,2926.4,4322.95,2866.6,3249.3,56,3,3248.4,2,2,3248.3,6,1,3248.2,58,4,3248.1,213,3,3249.4,80,12,3249.5,52,6,3249.6,31,3,3249.7,59,3,3249.8,43,4
11536,2025-12-30 10:35:02+05:30,3249.3,3,3248.51,257176,95989.0,116832.0,3250.0,3257.0,3239.8,3251.5,41736975,3576.6,2926.4,4322.95,2866.6,3249.3,46,3,3248.4,2,2,3248.3,6,1,3248.2,58,4,3248.1,213,3,3249.4,76,11,3249.5,52,6,3249.6,31,3,3249.7,59,3,3249.8,43,4
11536,2025-12-30 10:35:02+05:30,3249.4,2,3248.51,257176,95989.0,116832.0,3250.0,3257.0,3239.8,3251.5,41736975,3576.6,2926.4,4322.95,2866.6,3249.3,46,3,3248.4,2,2,3248.3,6,1,3248.2,58,4,3248.1,213,3,3249.4,76,11,3249.5,52,6,3249.6,31,3,3249.7,59,3,3249.8,43,4
11536,2025-12-30 10:35:03+05:30,3249.3,2,3248.51,257186,96016.0,116843.0,3250.0,3257.0,3239.8,3251.5,41736975,3576.6,2926.4,4322.95,2866.6,3249.3,42,5,3249.0,1,1,3248.4,2,2,3248.3,6,1,3248.2,58,4,3249.4,55,9,3249.5,52,6,3249.6,47,4,3249.7,59,3,3249.8,43,4
11536,2025-12-30 10:35:03+05:30,3249.3,2,3248.51,257186,96016.0,116843.0,3250.0,3257.0,3239.8,3251.5,41736975,3576.6,2926.4,4322.95,2866.6,3249.3,42,5,3249.0,1,1,3248.4,2,2,3248.3,6,1,3248.2,58,4,3249.4,55,9,3249.5,52,6,3249.6,47,4,3249.7,59,3,3249.8,43,4
11536,2025-12-30 10:35:04+05:30,3249.5,1,3248.51,257186,96016.0,116843.0,3250.0,3257.0,3239.8,3251.5,41736975,3576.6,2926.4,4322.95,2866.6,3249.3,42,5,3249.0,1,1,3248.4,2,2,3248.3,6,1,3248.2,58,4,3249.4,55,9,3249.5,52,6,3249.6,47,4,3249.7,59,3,3249.8,43,4
11536,2025-12-30 10:35:04+05:30,3249.5,1,3248.51,257287,95909.0,116842.0,3250.0,3257.0,3239.8,3251.5,41736975,3576.6,2926.4,4322.95,2866.6,3249.3,42,5,3249.0,3,2,3248.4,104,3,3248.3,7,2,3248.2,58,4,3249.5,42,6,3249.6,33,3,3249.7,59,3,3249.8,43,4,3249.9,82,7
11536,2025-12-30 10:35:05+05:30,3249.5,1,3248.51,257288,96195.0,116578.0,3250.0,3257.0,3239.8,3251.5,41736975,3576.6,2926.4,4322.95,2866.6,3249.3,42,5,3249.0,3,2,3248.5,61,1,3248.4,104,3,3248.3,34,3,3249.5,19,4,3249.7,20,3,3249.8,33,3,3249.9,73,6,3250.0,89,7
11536,2025-12-30 10:35:06+05:30,3249.4,30,3248.51,257288,96195.0,116578.0,3250.0,3257.0,3239.8,3251.5,41736975,3576.6,2926.4,4322.95,2866.6,3249.3,42,5,3249.0,3,2,3248.5,61,1,3248.4,104,3,3248.3,34,3,3249.5,19,4,3249.7,20,3,3249.8,33,3,3249.9,73,6,3250.0,89,7
11536,2025-12-30 10:35:06+05:30,3249.4,30,3248.51,257318,96283.0,116645.0,3250.0,3257.0,3239.8,3251.5,41736975,3576.6,2926.4,4322.95,2866.6,3249.4,5,1,3249.3,7,4,3249.0,3,2,3248.5,61,1,3248.4,104,3,3249.5,14,3,3249.6,11,1,3249.7,20,3,3249.8,33,3,3249.9,100,9
11536,2025-12-30 10:35:07+05:30,3249.4,20,3248.51,257318,96283.0,116645.0,3250.0,3257.0,3239.8,3251.5,41736975,3576.6,2926.4,4322.95,2866.6,3249.4,5,1,3249.3,7,4,3249.0,3,2,3248.5,61,1,3248.4,104,3,3249.5,14,3,3249.6,11,1,3249.7,20,3,3249.8,33,3,3249.9,100,9
11536,2025-12-30 10:35:07+05:30,3249.4,20,3248.51,257338,96290.0,116609.0,3250.0,3257.0,3239.8,3251.5,41736975,3576.6,2926.4,4322.95,2866.6,3249.4,35,1,3249.3,7,4,3249.0,3,2,3248.5,61,1,3248.4,104,3,3249.5,14,4,3249.7,20,3,3249.8,49,4,3249.9,84,8,3250.0,89,7
11536,2025-12-30 10:35:08+05:30,3249.5,1,3248.51,257338,96290.0,116609.0,3250.0,3257.0,3239.8,3251.5,41736975,3576.6,2926.4,4322.95,2866.6,3249.4,35,1,3249.3,7,4,3249.0,3,2,3248.5,61,1,3248.4,104,3,3249.5,14,4,3249.7,20,3,3249.8,49,4,3249.9,84,8,3250.0,89,7
11536,2025-12-30 10:35:08+05:30,3249.4,9,3248.51,257360,96315.0,116569.0,3250.0,3257.0,3239.8,3251.5,41736975,3576.6,2926.4,4322.95,2866.6,3249.4,14,1,3249.3,7,4,3249.0,3,2,3248.5,61,1,3248.4,104,3,3249.5,16,7,3249.7,20,3,3249.8,49,4,3249.9,84,8,3250.0,89,7
11536,2025-12-30 10:35:09+05:30,3249.4,9,3248.51,257360,96315.0,116569.0,3250.0,3257.0,3239.8,3251.5,41736975,3576.6,2926.4,4322.95,2866.6,3249.4,14,1,3249.3,7,4,3249.0,3,2,3248.5,61,1,3248.4,104,3,3249.5,16,7,3249.7,20,3,3249.8,49,4,3249.9,84,8,3250.0,89,7
11536,2025-12-30 10:35:09+05:30,3250.0,12,3248.51,257595,97802.0,115802.0,3250.0,3257.0,3239.8,3251.5,41736975,3576.6,2926.4,4322.95,2866.6,3249.4,62,2,3249.3,7,4,3249.0,3,2,3248.7,61,1,3248.6,21,1,3249.9,7,1,3250.0,30,4,3250.1,4,1,3250.2,41,3,3250.3,67,2
11536,2025-12-30 10:35:10+05:30,3250.0,12,3248.51,257595,97802.0,115802.0,3250.0,3257.0,3239.8,3251.5,41736975,3576.6,2926.4,4322.95,2866.6,3249.4,62,2,3249.3,7,4,3249.0,3,2,3248.7,61,1,3248.6,21,1,3249.9,7,1,3250.0,30,4,3250.1,4,1,3250.2,41,3,3250.3,67,2
11536,2025-12-30 10:35:10+05:30,3250.0,12,3248.51,257595,97800.0,114741.0,3250.0,3257.0,3239.8,3251.5,41736975,3576.6,2926.4,4322.95,2866.6,3249.4,62,2,3249.3,7,4,3249.0,3,2,3248.7,61,1,3248.6,21,1,3249.9,38,5,3250.0,15,1,3250.1,4,1,3250.2,57,4,3250.3,67,2
11536,2025-12-30 10:35:11+05:30,3250.0,12,3248.51,257595,97913.0,115967.0,3250.0,3257.0,3239.8,3251.5,41736975,3576.6,2926.4,4322.95,2866.6,3249.8,12,1,3249.4,50,1,3249.3,7,4,3249.0,3,2,3248.7,61,1,3249.9,38,5,3250.0,31,2,3250.1,4,1,3250.2,59,4,3250.3,67,2
11536,2025-12-30 10:35:12+05:30,3249.8,75,3248.51,257595,97913.0,115967.0,3250.0,3257.0,3239.8,3251.5,41736975,3576.6,2926.4,4322.95,2866.6,3249.8,12,1,3249.4,50,1,3249.3,7,4,3249.0,3,2,3248.7,61,1,3249.9,38,5,3250.0,31,2,3250.1,4,1,3250.2,59,4,3250.3,67,2
11536,2025-12-30 10:35:12+05:30,3249.8,75,3248.51,257730,98414.0,115971.0,3250.0,3257.0,3239.8,3251.5,41736975,3576.6,2926.4,4322.95,2866.6,3249.8,1,1,3249.4,50,1,3249.3,7,4,3249.0,3,2,3248.8,20,1,3249.9,64,8,3250.0,44,3,3250.1,4,1,3250.2,69,4,3250.3,67,2
11536,2025-12-30 10:35:13+05:30,3249.7,2,3248.51,257730,98414.0,115971.0,3250.0,3257.0,3239.8,3251.5,41736975,3576.6,2926.4,4322.95,2866.6,3249.8,1,1,3249.4,50,1,3249.3,7,4,3249.0,3,2,3248.8,20,1,3249.9,64,8,3250.0,44,3,3250.1,4,1,3250.2,69,4,3250.3,67,2
11536,2025-12-30 10:35:13+05:30,3249.7,2,3248.51,257741,98371.0,116451.0,3250.0,3257.0,3239.8,3251.5,41736975,3576.6,2926.4,4322.95,2866.6,3249.4,50,1,3249.3,7,4,3249.0,3,2,3248.6,21,1,3248.5,61,1,3249.7,29,6,3249.8,27,2,3249.9,23,4,3250.0,66,5,3250.1,22,2
11536,2025-12-30 10:35:14+05:30,3249.7,1,3248.51,257741,98371.0,116451.0,3250.0,3257.0,3239.8,3251.5,41736975,3576.6,2926.4,4322.95,2866.6,3249.4,50,1,3249.3,7,4,3249.0,3,2,3248.6,21,1,3248.5,61,1,3249.7,29,6,3249.8,27,2,3249.9,23,4,3250.0,66,5,3250.1,22,2
11536,2025-12-30 10:35:14+05:30,3249.7,1,3248.51,257783,98304.0,116440.0,3250.0,3257.0,3239.8,3251.5,41736975,3576.6,2926.4,4322.95,2866.6,3249.4,9,1,3249.3,7,4,3249.0,3,2,3248.6,21,1,3248.5,61,1,3249.7,31,8,3249.8,27,2,3249.9,36,4,3250.0,76,5,3250.1,22,2
11536,2025-12-30 10:35:15+05:30,3249.3,1,3248.51,257783,98304.0,116440.0,3250.0,3257.0,3239.8,3251.5,41736975,3576.6,2926.4,4322.95,2866.6,3249.4,9,1,3249.3,7,4,3249.0,3,2,3248.6,21,1,3248.5,61,1,3249.7,31,8,3249.8,27,2,3249.9,36,4,3250.0,76,5,3250.1,22,2
11536,2025-12-30 10:35:15+05:30,3249.3,29,3248.51,257848,96874.0,116675.0,3250.0,3257.0,3239.8,3251.5,41736975,3576.6,2926.4,4322.95,2866.6,3249.3,5,1,3249.0,3,2,3248.4,125,4,3248.3,117,7,3248.2,231,5,3249.7,42,8,3249.9,37,4,3250.0,128,6,3250.1,22,2,3250.2,93,5
11536,2025-12-30 10:35:16+05:30,3249.3,2,3248.51,257848,96874.0,116675.0,3250.0,3257.0,3239.8,3251.5,41736975,3576.6,2926.4,4322.95,2866.6,3249.3,5,1,3249.0,3,2,3248.4,125,4,3248.3,117,7,3248.2,231,5,3249.7,42,8,3249.9,37,4,3250.0,128,6,3250.1,22,2,3250.2,93,5
11536,2025-12-30 10:35:16+05:30,3249.7,1,3248.51,257864,96956.0,117642.0,3250.0,3257.0,3239.8,3251.5,41736975,3576.6,2926.4,4322.95,2866.6,3249.3,10,2,3249.0,3,2,3248.4,125,4,3248.3,144,7,3248.2,102,5,3249.7,44,10,3249.9,37,4,3250.0,128,6,3250.1,22,2,3250.2,93,5
11536,2025-12-30 10:35:17+05:30,3249.3,4,3248.51,257864,96956.0,117642.0,3250.0,3257.0,3239.8,3251.5,41736975,3576.6,2926.4,4322.95,2866.6,3249.3,10,2,3249.0,3,2,3248.4,125,4,3248.3,144,7,3248.2,102,5,3249.7,44,10,3249.9,37,4,3250.0,128,6,3250.1,22,2,3250.2,93,5
11536,2025-12-30 10:35:17+05:30,3249.3,4,3248.51,257873,96962.0,117641.0,3250.0,3257.0,3239.8,3251.5,41736975,3576.6,2926.4,4322.95,2866.6,3249.3,6,2,3249.0,3,2,3248.4,125,4,3248.3,144,7,3248.2,102,5,3249.7,35,9,3249.8,8,1,3249.9,37,4,3250.0,128,6,3250.1,22,2
11536,2025-12-30 10:35:18+05:30,3249.3,27,3248.51,257873,96962.0,117641.0,3250.0,3257.0,3239.8,3251.5,41736975,3576.6,2926.4,4322.95,2866.6,3249.3,6,2,3249.0,3,2,3248.4,125,4,3248.3,144,7,3248.2,102,5,3249.7,35,9,3249.8,8,1,3249.9,37,4,3250.0,128,6,3250.1,22,2
11536,2025-12-30 10:35:18+05:30,3249.3,5,3248.51,257924,97584.0,117661.0,3250.0,3257.0,3239.8,3251.5,41736975,3576.6,2926.4,4322.95,2866.6,3249.3,12,3,3249.2,24,1,3249.0,3,2,3248.4,125,4,3248.3,144,7,3249.7,42,9,3249.8,37,3,3249.9,19,3,3250.0,128,6,3250.1,22,2
11536,2025-12-30 10:35:19+05:30,3249.3,5,3248.51,257924,97584.0,117661.0,3250.0,3257.0,3239.8,3251.5,41736975,3576.6,2926.4,4322.95,2866.6,3249.3,12,3,3249.2,24,1,3249.0,3,2,3248.4,125,4,3248.3,144,7,3249.7,42,9,3249.8,37,3,3249.9,19,3,3250.0,128,6,3250.1,22,2
11536,2025-12-30 10:35:19+05:30,3249.3,3,3248.51,257942,97686.0,116018.0,3250.0,3257.0,3239.8,3251.5,41736975,3576.6,2926.4,4322.95,2866.6,3249.3,5,1,3249.2,24,1,3249.0,3,2,3248.5,153,1,3248.4,125,4,3249.7,36,10,3249.8,37,3,3249.9,19,3,3250.0,128,6,3250.1,22,2
11536,2025-12-30 10:35:20+05:30,3249.3,3,3248.51,257942,97686.0,116018.0,3250.0,3257.0,3239.8,3251.5,41736975,3576.6,2926.4,4322.95,2866.6,3249.3,5,1,3249.2,24,1,3249.0,3,2,3248.5,153,1,3248.4,125,4,3249.7,36,10,3249.8,37,3,3249.9,19,3,3250.0,128,6,3250.1,22,2
11536,2025-12-30 10:35:20+05:30,3249.3,1,3248.51,257959,97683.0,116017.0,3250.0,3257.0,3239.8,3251.5,41736975,3576.6,2926.4,4322.95,2866.6,3249.3,2,1,3249.2,24,1,3249.0,3,2,3248.5,153,1,3248.4,125,4,3249.7,53,11,3249.8,19,2,3249.9,19,3,3250.0,128,6,3250.1,22,2
11536,2025-12-30 10:35:21+05:30,3249.3,1,3248.51,257959,97683.0,116017.0,3250.0,3257.0,3239.8,3251.5,41736975,3576.6,2926.4,4322.95,2866.6,3249.3,2,1,3249.2,24,1,3249.0,3,2,3248.5,153,1,3248.4,125,4,3249.7,53,11,3249.8,19,2,3249.9,19,3,3250.0,128,6,3250.1,22,2
11536,2025-12-30 10:35:21+05:30,3249.3,1,3248.51,257975,97748.0,117770.0,3250.0,3257.0,3239.8,3251.5,41736975,3576.6,2926.4,4322.95,2866.6,3249.3,18,1,3249.0,49,3,3248.5,183,2,3248.4,125,4,3248.3,144,7,3249.7,51,9,3249.8,11,1,3249.9,19,3,3250.0,119,5,3250.1,22,2
11536,2025-12-30 10:35:22+05:30,3249.3,1,3248.51,257975,97748.0,117770.0,3250.0,3257.0,3239.8,3251.5,41736975,3576.6,2926.4,4322.95,2866.6,3249.3,18,1,3249.0,49,3,3248.5,183,2,3248.4,125,4,3248.3,144,7,3249.7,51,9,3249.8,11,1,3249.9,19,3,3250.0,119,5,3250.1,22,2
11536,2025-12-30 10:35:22+05:30,3249.3,1,3248.51,257984,97750.0,117706.0,3250.0,3257.0,3239.8,3251.5,41736975,3576.6,2926.4,4322.95,2866.6,3249.3,9,1,3249.0,60,4,3248.5,183,2,3248.4,125,4,3248.3,144,7,3249.7,87,7,3249.8,11,1,3249.9,19,3,3250.0,119,5,3250.1,22,2
11536,2025-12-30 10:35:23+05:30,3249.3,1,3248.51,257984,97750.0,117706.0,3250.0,3257.0,3239.8,3251.5,41736975,3576.6,2926.4,4322.95,2866.6,3249.3,9,1,3249.0,60,4,3248.5,183,2,3248.4,125,4,3248.3,144,7,3249.7,87,7,3249.8,11,1,3249.9,19,3,3250.0,119,5,3250.1,22,2
11536,2025-12-30 10:35:23+05:30,3249.3,4,3248.51,257991,96958.0,118228.0,3250.0,3257.0,3239.8,3251.5,41736975,3576.6,2926.4,4322.95,2866.6,3249.3,1,1,3249.1,9,1,3249.0,60,4,3248.6,15,1,3248.5,183,2,3249.7,79,7,3249.8,11,1,3249.9,19,3,3250.0,134,6,3250.1,23,3
11536,2025-12-30 10:35:24+05:30,3249.3,4,3248.51,257991,96958.0,118228.0,3250.0,3257.0,3239.8,3251.5,41736975,3576.6,2926.4,4322.95,2866.6,3249.3,1,1,3249.1,9,1,3249.0,60,4,3248.6,15,1,3248.5,183,2,3249.7,79,7,3249.8,11,1,3249.9,19,3,3250.0,134,6,3250.1,23,3
11536,2025-12-30 10:35:24+05:30,3250.0,1,3248.52,258077,98575.0,116679.0,3250.0,3257.0,3239.8,3251.5,41736975,3576.6,2926.4,4322.95,2866.6,3249.3,1,1,3249.1,9,1,3249.0,60,4,3248.6,82,2,3248.5,210,3,3250.0,134,9,3250.1,19,2,3250.2,52,4,3250.3,15,1,3250.4,100,6
11536,2025-12-30 10:35:25+05:30,3250.0,1,3248.52,258077,98575.0,116679.0,3250.0,3257.0,3239.8,3251.5,41736975,3576.6,2926.4,4322.95,2866.6,3249.3,1,1,3249.1,9,1,3249.0,60,4,3248.6,82,2,3248.5,210,3,3250.0,134,9,3250.1,19,2,3250.2,52,4,3250.3,15,1,3250.4,100,6
11536,2025-12-30 10:35:25+05:30,3249.7,5,3248.52,258084,99151.0,116693.0,3250.0,3257.0,3239.8,3251.5,41736975,3576.6,2926.4,4322.95,2866.6,3249.7,4,1,3249.3,11,2,3249.0,49,3,3248.6,82,2,3248.5,210,3,3250.0,141,12,3250.1,18,1,3250.2,52,4,3250.3,15,1,3250.4,100,6
11536,2025-12-30 10:35:26+05:30,3249.7,5,3248.52,258084,99151.0,116693.0,3250.0,3257.0,3239.8,3251.5,41736975,3576.6,2926.4,4322.95,2866.6,3249.7,4,1,3249.3,11,2,3249.0,49,3,3248.6,82,2,3248.5,210,3,3250.0,141,12,3250.1,18,1,3250.2,52,4,3250.3,15,1,3250.4,100,6
11536,2025-12-30 10:35:26+05:30,3249.7,26,3248.52,258110,99220.0,116687.0,3250.0,3257.0,3239.8,3251.5,41736975,3576.6,2926.4,4322.95,2866.6,3249.7,24,1,3249.3,11,2,3249.0,49,3,3248.6,82,2,3248.5,210,3,3250.0,127,10,3250.1,18,1,3250.2,52,4,3250.3,15,1,3250.4,100,6
11536,2025-12-30 10:35:27+05:30,3249.7,26,3248.52,258110,99220.0,116687.0,3250.0,3257.0,3239.8,3251.5,41736975,3576.6,2926.4,4322.95,2866.6,3249.7,24,1,3249.3,11,2,3249.0,49,3,3248.6,82,2,3248.5,210,3,3250.0,127,10,3250.1,18,1,3250.2,52,4,3250.3,15,1,3250.4,100,6
11536,2025-12-30 10:35:27+05:30,3249.9,17,3248.52,258129,99240.0,116507.0,3250.0,3257.0,3239.8,3251.5,41736975,3576.6,2926.4,4322.95,2866.6,3249.9,5,1,3249.3,11,2,3249.0,49,3,3248.8,51,2,3248.6,109,3,3250.0,134,11,3250.2,28,3,3250.3,15,1,3250.4,80,6,3250.5,29,2
11536,2025-12-30 10:35:28+05:30,3249.9,12,3248.52,258129,99240.0,116507.0,3250.0,3257.0,3239.8,3251.5,41736975,3576.6,2926.4,4322.95,2866.6,3249.9,5,1,3249.3,11,2,3249.0,49,3,3248.8,51,2,3248.6,109,3,3250.0,134,11,3250.2,28,3,3250.3,15,1,3250.4,80,6,3250.5,29,2
11536,2025-12-30 10:35:28+05:30,3249.9,1,3248.52,258145,99241.0,116510.0,3250.0,3257.0,3239.8,3251.5,41736975,3576.6,2926.4,4322.95,2866.6,3249.9,22,1,3249.3,11,2,3249.0,49,3,3248.8,51,2,3248.6,50,3,3250.0,134,13,3250.2,39,4,3250.3,15,1,3250.4,80,6,3250.5,18,1
11536,2025-12-30 10:35:30+05:30,3249.9,5,3248.52,258145,99241.0,116510.0,3250.0,3257.0,3239.8,3251.5,41736975,3576.6,2926.4,4322.95,2866.6,3249.9,22,1,3249.3,11,2,3249.0,49,3,3248.8,51,2,3248.6,50,3,3250.0,134,13,3250.2,39,4,3250.3,15,1,3250.4,80,6,3250.5,18,1
11536,2025-12-30 10:35:33+05:30,3249.9,2,3248.52,258145,99241.0,116510.0,3250.0,3257.0,3239.8,3251.5,41736975,3576.6,2926.4,4322.95,2866.6,3249.9,22,1,3249.3,11,2,3249.0,49,3,3248.8,51,2,3248.6,50,3,3250.0,134,13,3250.2,39,4,3250.3,15,1,3250.4,80,6,3250.5,18,1
11536,2025-12-30 10:35:33+05:30,3249.9,19,3248.52,258346,99759.0,116650.0,3250.0,3257.0,3239.8,3251.5,41736975,3576.6,2926.4,4322.95,2866.6,3249.9,24,1,3249.7,5,1,3249.3,11,2,3249.0,50,4,3248.9,68,2,3250.0,111,9,3250.1,11,1,3250.2,25,2,3250.3,15,1,3250.4,93,6
11536,2025-12-30 10:35:37+05:30,3249.9,4,3248.52,258346,99759.0,116650.0,3250.0,3257.0,3239.8,3251.5,41736975,3576.6,2926.4,4322.95,2866.6,3249.9,24,1,3249.7,5,1,3249.3,11,2,3249.0,50,4,3248.9,68,2,3250.0,111,9,3250.1,11,1,3250.2,25,2,3250.3,15,1,3250.4,93,6
11536,2025-12-30 10:35:38+05:30,3249.9,2,3248.52,258416,98605.0,117014.0,3250.0,3257.0,3239.8,3251.5,41736975,3576.6,2926.4,4322.95,2866.6,3249.9,37,3,3249.7,14,2,3249.3,4,2,3249.1,21,1,3249.0,72,5,3250.0,108,9,3250.1,10,2,3250.2,41,3,3250.3,33,2,3250.4,77,5
11536,2025-12-30 10:35:39+05:30,3249.9,2,3248.52,258416,98605.0,117014.0,3250.0,3257.0,3239.8,3251.5,41736975,3576.6,2926.4,4322.95,2866.6,3249.9,37,3,3249.7,14,2,3249.3,4,2,3249.1,21,1,3249.0,72,5,3250.0,108,9,3250.1,10,2,3250.2,41,3,3250.3,33,2,3250.4,77,5
11536,2025-12-30 10:35:42+05:30,3249.9,3,3248.52,258416,98605.0,117014.0,3250.0,3257.0,3239.8,3251.5,41736975,3576.6,2926.4,4322.95,2866.6,3249.9,37,3,3249.7,14,2,3249.3,4,2,3249.1,21,1,3249.0,72,5,3250.0,108,9,3250.1,10,2,3250.2,41,3,3250.3,33,2,3250.4,77,5
11536,2025-12-30 10:35:43+05:30,3249.9,3,3248.52,258522,99093.0,117063.0,3250.0,3257.0,3239.8,3251.5,41736975,3576.6,2926.4,4322.95,2866.6,3249.9,57,3,3249.7,5,1,3249.6,11,1,3249.3,4,2,3249.1,21,1,3250.0,57,6,3250.1,17,2,3250.2,44,4,3250.3,15,1,3250.4,77,5
11536,2025-12-30 10:35:46+05:30,3249.9,2,3248.52,258522,99093.0,117063.0,3250.0,3257.0,3239.8,3251.5,41736975,3576.6,2926.4,4322.95,2866.6,3249.9,57,3,3249.7,5,1,3249.6,11,1,3249.3,4,2,3249.1,21,1,3250.0,57,6,3250.1,17,2,3250.2,44,4,3250.3,15,1,3250.4,77,5
11536,2025-12-30 10:35:48+05:30,3249.9,1,3248.52,258616,99909.0,117113.0,3250.0,3257.0,3239.8,3251.5,41736975,3576.6,2926.4,4322.95,2866.6,3249.9,3,1,3249.8,14,1,3249.7,9,1,3249.6,11,1,3249.3,4,2,3250.0,80,12,3250.1,7,1,3250.2,11,1,3250.3,15,1,3250.4,110,7
11536,2025-12-30 10:35:49+05:30,3249.9,3,3248.52,258616,99909.0,117113.0,3250.0,3257.0,3239.8,3251.5,41736975,3576.6,2926.4,4322.95,2866.6,3249.9,3,1,3249.8,14,1,3249.7,9,1,3249.6,11,1,3249.3,4,2,3250.0,80,12,3250.1,7,1,3250.2,11,1,3250.3,15,1,3250.4,110,7
11536,2025-12-30 10:35:51+05:30,3249.9,1,3248.52,258616,99909.0,117113.0,3250.0,3257.0,3239.8,3251.5,41736975,3576.6,2926.4,4322.95,2866.6,3249.9,3,1,3249.8,14,1,3249.7,9,1,3249.6,11,1,3249.3,4,2,3250.0,80,12,3250.1,7,1,3250.2,11,1,3250.3,15,1,3250.4,110,7
11536,2025-12-30 10:35:53+05:30,3249.3,1,3248.52,258795,97862.0,117964.0,3250.0,3257.0,3239.8,3251.5,41736975,3576.6,2926.4,4322.95,2866.6,3249.3,9,2,3249.1,21,1,3249.0,50,4,3248.9,7,1,3248.6,50,3,3249.9,38,6,3250.0,116,9,3250.2,58,5,3250.3,27,2,3250.4,265,8
11536,2025-12-30 10:35:55+05:30,3249.9,1,3248.52,258795,97862.0,117964.0,3250.0,3257.0,3239.8,3251.5,41736975,3576.6,2926.4,4322.95,2866.6,3249.3,9,2,3249.1,21,1,3249.0,50,4,3248.9,7,1,3248.6,50,3,3249.9,38,6,3250.0,116,9,3250.2,58,5,3250.3,27,2,3250.4,265,8
11536,2025-12-30 10:35:58+05:30,3249.3,12,3248.52,258795,97862.0,117964.0,3250.0,3257.0,3239.8,3251.5,41736975,3576.6,2926.4,4322.95,2866.6,3249.3,9,2,3249.1,21,1,3249.0,50,4,3248.9,7,1,3248.6,50,3,3249.9,38,6,3250.0,116,9,3250.2,58,5,3250.3,27,2,3250.4,265,8
11536,2025-12-30 10:35:58+05:30,3249.3,1,3248.52,259060,97389.0,119262.0,3250.0,3257.0,3239.8,3251.5,41736975,3576.6,2926.4,4322.95,2866.6,3249.1,21,1,3249.0,50,4,3248.9,7,1,3248.6,29,2,3248.5,49,3,3249.3,85,3,3249.6,15,1,3249.7,17,1,3249.9,64,8,3250.0,2,1
11536,2025-12-30 10:36:00+05:30,3249.1,5,3248.52,259060,97389.0,119262.0,3250.0,3257.0,3239.8,3251.5,41736975,3576.6,2926.4,4322.95,2866.6,3249.1,21,1,3249.0,50,4,3248.9,7,1,3248.6,29,2,3248.5,49,3,3249.3,85,3,3249.6,15,1,3249.7,17,1,3249.9,64,8,3250.0,2,1
11536,2025-12-30 10:36:03+05:30,3249.1,7,3248.52,259294,97980.0,119080.0,3250.0,3257.0,3239.8,3251.5,41736975,3576.6,2926.4,4322.95,2866.6,3249.1,8,1,3249.0,21,3,3248.9,8,2,3248.6,2,1,3248.5,17,2,3249.3,11,6,3249.5,15,1,3249.6,26,2,3249.8,10,1,3249.9,61,3
11536,2025-12-30 10:36:04+05:30,3249.1,6,3248.52,259294,97980.0,119080.0,3250.0,3257.0,3239.8,3251.5,41736975,3576.6,2926.4,4322.95,2866.6,3249.1,8,1,3249.0,21,3,3248.9,8,2,3248.6,2,1,3248.5,17,2,3249.3,11,6,3249.5,15,1,3249.6,26,2,3249.8,10,1,3249.9,61,3
11536,2025-12-30 10:36:07+05:30,3249.0,1,3248.52,259294,97980.0,119080.0,3250.0,3257.0,3239.8,3251.5,41736975,3576.6,2926.4,4322.95,2866.6,3249.1,8,1,3249.0,21,3,3248.9,8,2,3248.6,2,1,3248.5,17,2,3249.3,11,6,3249.5,15,1,3249.6,26,2,3249.8,10,1,3249.9,61,3
11536,2025-12-30 10:36:08+05:30,3248.9,4,3248.52,259495,97924.0,117213.0,3250.0,3257.0,3239.8,3251.5,41736975,3576.6,2926.4,4322.95,2866.6,3248.9,9,3,3248.6,2,1,3248.5,32,3,3248.4,33,4,3248.3,71,6,3249.0,1,1,3249.3,89,7,3249.6,17,1,3249.9,16,2,3250.0,40,3
11536,2025-12-30 10:36:09+05:30,3248.9,2,3248.52,259495,97924.0,117213.0,3250.0,3257.0,3239.8,3251.5,41736975,3576.6,2926.4,4322.95,2866.6,3248.9,9,3,3248.6,2,1,3248.5,32,3,3248.4,33,4,3248.3,71,6,3249.0,1,1,3249.3,89,7,3249.6,17,1,3249.9,16,2,3250.0,40,3
11536,2025-12-30 10:36:12+05:30,3249.0,3,3248.52,259495,97924.0,117213.0,3250.0,3257.0,3239.8,3251.5,41736975,3576.6,2926.4,4322.95,2866.6,3248.9,9,3,3248.6,2,1,3248.5,32,3,3248.4,33,4,3248.3,71,6,3249.0,1,1,3249.3,89,7,3249.6,17,1,3249.9,16,2,3250.0,40,3
11536,2025-12-30 10:36:13+05:30,3248.9,2,3248.52,259560,97870.0,119244.0,3250.0,3257.0,3239.8,3251.5,41736975,3576.6,2926.4,4322.95,2866.6,3248.9,53,2,3248.8,3,1,3248.7,2,1,3248.6,8,2,3248.5,54,4,3249.0,5,5,3249.3,85,3,3249.6,17,1,3249.8,15,1,3249.9,7,2
11536,2025-12-30 10:36:16+05:30,3249.3,37,3248.52,259560,97870.0,119244.0,3250.0,3257.0,3239.8,3251.5,41736975,3576.6,2926.4,4322.95,2866.6,3248.9,53,2,3248.8,3,1,3248.7,2,1,3248.6,8,2,3248.5,54,4,3249.0,5,5,3249.3,85,3,3249.6,17,1,3249.8,15,1,3249.9,7,2
11536,2025-12-30 10:36:18+05:30,3248.9,7,3248.52,259725,98141.0,119125.0,3250.0,3257.0,3239.8,3251.5,41736975,3576.6,2926.4,4322.95,2866.6,3248.9,68,4,3248.7,20,3,3248.6,2,1,3248.5,72,5,3248.4,32,5,3249.3,5,5,3249.6,17,1,3249.8,14,1,3249.9,1,1,3250.0,12,2
11536,2025-12-30 10:36:19+05:30,3248.9,19,3248.52,259725,98141.0,119125.0,3250.0,3257.0,3239.8,3251.5,41736975,3576.6,2926.4,4322.95,2866.6,3248.9,68,4,3248.7,20,3,3248.6,2,1,3248.5,72,5,3248.4,32,5,3249.3,5,5,3249.6,17,1,3249.8,14,1,3249.9,1,1,3250.0,12,2
11536,2025-12-30 10:36:21+05:30,3249.3,1,3248.52,259725,98141.0,119125.0,3250.0,3257.0,3239.8,3251.5,41736975,3576.6,2926.4,4322.95,2866.6,3248.9,68,4,3248.7,20,3,3248.6,2,1,3248.5,72,5,3248.4,32,5,3249.3,5,5,3249.6,17,1,3249.8,14,1,3249.9,1,1,3250.0,12,2
11536,2025-12-30 10:36:23+05:30,3249.1,2,3248.52,260006,98665.0,117787.0,3250.0,3257.0,3239.8,3251.5,41736975,3576.6,2926.4,4322.95,2866.6,3249.2,4,1,3249.0,1,1,3248.9,40,4,3248.8,3,1,3248.7,2,1,3250.0,41,4,3250.1,28,3,3250.2,51,4,3250.3,30,2,3250.4,231,5
11536,2025-12-30 10:36:25+05:30,3249.1,1,3248.52,260006,98665.0,117787.0,3250.0,3257.0,3239.8,3251.5,41736975,3576.6,2926.4,4322.95,2866.6,3249.2,4,1,3249.0,1,1,3248.9,40,4,3248.8,3,1,3248.7,2,1,3250.0,41,4,3250.1,28,3,3250.2,51,4,3250.3,30,2,3250.4,231,5
11536,2025-12-30 10:36:27+05:30,3248.9,4,3248.52,260006,98665.0,117787.0,3250.0,3257.0,3239.8,3251.5,41736975,3576.6,2926.4,4322.95,2866.6,3249.2,4,1,3249.0,1,1,3248.9,40,4,3248.8,3,1,3248.7,2,1,3250.0,41,4,3250.1,28,3,3250.2,51,4,3250.3,30,2,3250.4,231,5
11536,2025-12-30 10:36:28+05:30,3249.1,25,3248.52,260246,96991.0,119149.0,3250.0,3257.0,3239.8,3251.5,41736975,3576.6,2926.4,4322.95,2866.6,3249.1,10,1,3248.9,3,1,3248.7,2,1,3248.6,2,1,3248.5,48,3,3249.8,34,3,3249.9,31,3,3250.0,23,3,3250.1,46,3,3250.2,16,2
11536,2025-12-30 10:36:31+05:30,3248.9,3,3248.52,260246,96991.0,119149.0,3250.0,3257.0,3239.8,3251.5,41736975,3576.6,2926.4,4322.95,2866.6,3249.1,10,1,3248.9,3,1,3248.7,2,1,3248.6,2,1,3248.5,48,3,3249.8,34,3,3249.9,31,3,3250.0,23,3,3250.1,46,3,3250.2,16,2
11536,2025-12-30 10:36:33+05:30,3249.6,1,3248.52,260360,97335.0,119808.0,3250.0,3257.0,3239.8,3251.5,41736975,3576.6,2926.4,4322.95,2866.6,3249.1,15,1,3248.7,9,1,3248.6,2,1,3248.5,17,2,3248.4,24,4,3249.5,1,1,3249.7,58,7,3249.8,34,1,3249.9,11,1,3250.0,35,5
11536,2025-12-30 10:36:34+05:30,3249.6,1,3248.52,260360,97335.0,119808.0,3250.0,3257.0,3239.8,3251.5,41736975,3576.6,2926.4,4322.95,2866.6,3249.1,15,1,3248.7,9,1,3248.6,2,1,3248.5,17,2,3248.4,24,4,3249.5,1,1,3249.7,58,7,3249.8,34,1,3249.9,11,1,3250.0,35,5
11536,2025-12-30 10:36:37+05:30,3249.0,6,3248.52,260360,97335.0,119808.0,3250.0,3257.0,3239.8,3251.5,41736975,3576.6,2926.4,4322.95,2866.6,3249.1,15,1,3248.7,9,1,3248.6,2,1,3248.5,17,2,3248.4,24,4,3249.5,1,1,3249.7,58,7,3249.8,34,1,3249.9,11,1,3250.0,35,5
11536,2025-12-30 10:36:38+05:30,3249.1,2,3248.52,260410,97705.0,121011.0,3250.0,3257.0,3239.8,3251.5,41736975,3576.6,2926.4,4322.95,2866.6,3249.1,5,1,3248.7,9,1,3248.6,2,1,3248.5,17,2,3248.4,23,3,3249.4,22,2,3249.5,33,8,3249.6,25,2,3249.7,18,1,3249.8,50,3
11536,2025-12-30 10:36:40+05:30,3249.5,7,3248.52,260410,97705.0,121011.0,3250.0,3257.0,3239.8,3251.5,41736975,3576.6,2926.4,4322.95,2866.6,3249.1,5,1,3248.7,9,1,3248.6,2,1,3248.5,17,2,3248.4,23,3,3249.4,22,2,3249.5,33,8,3249.6,25,2,3249.7,18,1,3249.8,50,3
11536,2025-12-30 10:36:43+05:30,3249.5,4,3248.52,260410,97705.0,121011.0,3250.0,3257.0,3239.8,3251.5,41736975,3576.6,2926.4,4322.95,2866.6,3249.1,5,1,3248.7,9,1,3248.6,2,1,3248.5,17,2,3248.4,23,3,3249.4,22,2,3249.5,33,8,3249.6,25,2,3249.7,18,1,3249.8,50,3
11536,2025-12-30 10:36:43+05:30,3249.5,4,3248.52,260603,97563.0,120732.0,3250.0,3257.0,3239.8,3251.5,41736975,3576.6,2926.4,4322.95,2866.6,3248.9,1,1,3248.7,9,1,3248.6,2,1,3248.5,17,2,3248.4,2,2,3249.5,16,4,3249.7,34,3,3249.8,10,1,3249.9,53,4,3250.0,790,7
11536,2025-12-30 10:36:46+05:30,3248.7,17,3248.52,260603,97563.0,120732.0,3250.0,3257.0,3239.8,3251.5,41736975,3576.6,2926.4,4322.95,2866.6,3248.9,1,1,3248.7,9,1,3248.6,2,1,3248.5,17,2,3248.4,2,2,3249.5,16,4,3249.7,34,3,3249.8,10,1,3249.9,53,4,3250.0,790,7
11536,2025-12-30 10:36:48+05:30,3248.9,1,3248.52,260675,94020.0,121093.0,3250.0,3257.0,3239.8,3251.5,41736975,3576.6,2926.4,4322.95,2866.6,3248.7,9,1,3248.6,12,2,3248.5,17,2,3248.4,2,2,3248.3,14,2,3248.9,4,4,3249.4,9,1,3249.5,118,3,3249.6,15,2,3249.7,22,1
11536,2025-12-30 10:36:49+05:30,3248.7,22,3248.52,260675,94020.0,121093.0,3250.0,3257.0,3239.8,3251.5,41736975,3576.6,2926.4,4322.95,2866.6,3248.7,9,1,3248.6,12,2,3248.5,17,2,3248.4,2,2,3248.3,14,2,3248.9,4,4,3249.4,9,1,3249.5,118,3,3249.6,15,2,3249.7,22,1
11536,2025-12-30 10:36:52+05:30,3248.6,3,3248.52,260675,94020.0,121093.0,3250.0,3257.0,3239.8,3251.5,41736975,3576.6,2926.4,4322.95,2866.6,3248.7,9,1,3248.6,12,2,3248.5,17,2,3248.4,2,2,3248.3,14,2,3248.9,4,4,3249.4,9,1,3249.5,118,3,3249.6,15,2,3249.7,22,1
11536,2025-12-30 10:36:53+05:30,3248.7,1,3248.52,260866,97420.0,121315.0,3250.0,3257.0,3239.8,3251.5,41736975,3576.6,2926.4,4322.95,2866.6,3248.7,40,3,3248.6,7,1,3248.5,31,3,3248.4,18,3,3248.3,23,3,3248.9,6,5,3249.5,92,2,3249.8,100,2,3249.9,229,8,3250.0,859,9
11536,2025-12-30 10:36:55+05:30,3248.9,3,3248.52,260866,97420.0,121315.0,3250.0,3257.0,3239.8,3251.5,41736975,3576.6,2926.4,4322.95,2866.6,3248.7,40,3,3248.6,7,1,3248.5,31,3,3248.4,18,3,3248.3,23,3,3248.9,6,5,3249.5,92,2,3249.8,100,2,3249.9,229,8,3250.0,859,9
11536,2025-12-30 10:36:57+05:30,3248.8,1,3248.52,260866,97420.0,121315.0,3250.0,3257.0,3239.8,3251.5,41736975,3576.6,2926.4,4322.95,2866.6,3248.7,40,3,3248.6,7,1,3248.5,31,3,3248.4,18,3,3248.3,23,3,3248.9,6,5,3249.5,92,2,3249.8,100,2,3249.9,229,8,3250.0,859,9
11536,2025-12-30 10:36:58+05:30,3248.7,6,3248.52,260999,96955.0,121586.0,3250.0,3257.0,3239.8,3251.5,41736975,3576.6,2926.4,4322.95,2866.6,3248.7,6,1,3248.6,7,1,3248.5,17,2,3248.4,2,2,3248.3,14,2,3248.8,4,3,3248.9,125,6,3249.0,9,1,3249.1,6,1,3249.2,22,2
11536,2025-12-30 10:37:01+05:30,3248.7,1,3248.52,260999,96955.0,121586.0,3250.0,3257.0,3239.8,3251.5,41736975,3576.6,2926.4,4322.95,2866.6,3248.7,6,1,3248.6,7,1,3248.5,17,2,3248.4,2,2,3248.3,14,2,3248.8,4,3,3248.9,125,6,3249.0,9,1,3249.1,6,1,3249.2,22,2
11536,2025-12-30 10:37:03+05:30,3248.8,1,3248.52,261049,97031.0,121878.0,3250.0,3257.0,3239.8,3251.5,41736975,3576.6,2926.4,4322.95,2866.6,3248.7,55,2,3248.6,61,2,3248.5,78,4,3248.4,2,2,3248.3,14,2,3248.8,19,6,3248.9,120,2,3249.3,17,1,3249.4,14,1,3249.5,16,2
11536,2025-12-30 10:37:04+05:30,3248.7,1,3248.52,261049,97031.0,121878.0,3250.0,3257.0,3239.8,3251.5,41736975,3576.6,2926.4,4322.95,2866.6,3248.7,55,2,3248.6,61,2,3248.5,78,4,3248.4,2,2,3248.3,14,2,3248.8,19,6,3248.9,120,2,3249.3,17,1,3249.4,14,1,3249.5,16,2
11536,2025-12-30 10:37:07+05:30,3248.7,2,3248.52,261049,97031.0,121878.0,3250.0,3257.0,3239.8,3251.5,41736975,3576.6,2926.4,4322.95,2866.6,3248.7,55,2,3248.6,61,2,3248.5,78,4,3248.4,2,2,3248.3,14,2,3248.8,19,6,3248.9,120,2,3249.3,17,1,3249.4,14,1,3249.5,16,2
11536,2025-12-30 10:37:08+05:30,3248.7,1,3248.53,261137,97514.0,121634.0,3250.0,3257.0,3239.8,3251.5,41736975,3576.6,2926.4,4322.95,2866.6,3248.7,36,3,3248.6,62,3,3248.5,71,3,3248.4,2,2,3248.3,14,2,3248.8,12,6,3249.2,14,1,3249.3,26,2,3249.5,21,3,3249.6,51,3
11536,2025-12-30 10:37:09+05:30,3248.7,1,3248.53,261137,97514.0,121634.0,3250.0,3257.0,3239.8,3251.5,41736975,3576.6,2926.4,4322.95,2866.6,3248.7,36,3,3248.6,62,3,3248.5,71,3,3248.4,2,2,3248.3,14,2,3248.8,12,6,3249.2,14,1,3249.3,26,2,3249.5,21,3,3249.6,51,3
11536,2025-12-30 10:37:12+05:30,3248.6,11,3248.53,261137,97514.0,121634.0,3250.0,3257.0,3239.8,3251.5,41736975,3576.6,2926.4,4322.95,2866.6,3248.7,36,3,3248.6,62,3,3248.5,71,3,3248.4,2,2,3248.3,14,2,3248.8,12,6,3249.2,14,1,3249.3,26,2,3249.5,21,3,3249.6,51,3
11536,2025-12-30 10:37:13+05:30,3248.8,4,3248.53,261266,94332.0,121672.0,3250.0,3257.0,3239.8,3251.5,41736975,3576.6,2926.4,4322.95,2866.6,3248.7,10,2,3248.6,30,3,3248.5,71,3,3248.4,2,2,3248.3,14,2,3248.8,59,8,3249.3,19,2,3249.4,24,2,3249.5,16,2,3249.6,56,4
11536,2025-12-30 10:37:16+05:30,3248.6,3,3248.53,261266,94332.0,121672.0,3250.0,3257.0,3239.8,3251.5,41736975,3576.6,2926.4,4322.95,2866.6,3248.7,10,2,3248.6,30,3,3248.5,71,3,3248.4,2,2,3248.3,14,2,3248.8,59,8,3249.3,19,2,3249.4,24,2,3249.5,16,2,3249.6,56,4
11536,2025-12-30 10:37:18+05:30,3248.6,4,3248.53,261331,97808.0,121325.0,3250.0,3257.0,3239.8,3251.5,41736975,3576.6,2926.4,4322.95,2866.6,3248.6,8,4,3248.5,71,3,3248.4,2,2,3248.3,14,2,3248.2,10,2,3248.7,6,5,3248.8,52,6,3249.4,42,3,3249.5,2,1,3249.6,37,2
11536,2025-12-30 10:37:19+05:30,3248.6,4,3248.53,261331,97808.0,121325.0,3250.0,3257.0,3239.8,3251.5,41736975,3576.6,2926.4,4322.95,2866.6,3248.6,8,4,3248.5,71,3,3248.4,2,2,3248.3,14,2,3248.2,10,2,3248.7,6,5,3248.8,52,6,3249.4,42,3,3249.5,2,1,3249.6,37,2
11536,2025-12-30 10:37:22+05:30,3248.7,1,3248.53,261331,97808.0,121325.0,3250.0,3257.0,3239.8,3251.5,41736975,3576.6,2926.4,4322.95,2866.6,3248.6,8,4,3248.5,71,3,3248.4,2,2,3248.3,14,2,3248.2,10,2,3248.7,6,5,3248.8,52,6,3249.4,42,3,3249.5,2,1,3249.6,37,2
11536,2025-12-30 10:37:23+05:30,3248.6,5,3248.53,261396,97646.0,121975.0,3250.0,3257.0,3239.8,3251.5,41736975,3576.6,2926.4,4322.95,2866.6,3248.6,3,3,3248.5,71,3,3248.4,2,2,3248.3,14,2,3248.2,10,2,3248.7,150,4,3248.8,13,3,3249.4,48,3,3249.5,18,2,3249.6,9,2
11536,2025-12-30 10:37:25+05:30,3248.7,1,3248.53,261396,97646.0,121975.0,3250.0,3257.0,3239.8,3251.5,41736975,3576.6,2926.4,4322.95,2866.6,3248.6,3,3,3248.5,71,3,3248.4,2,2,3248.3,14,2,3248.2,10,2,3248.7,150,4,3248.8,13,3,3249.4,48,3,3249.5,18,2,3249.6,9,2
11536,2025-12-30 10:37:28+05:30,3248.7,1,3248.53,261396,97646.0,121975.0,3250.0,3257.0,3239.8,3251.5,41736975,3576.6,2926.4,4322.95,2866.6,3248.6,3,3,3248.5,71,3,3248.4,2,2,3248.3,14,2,3248.2,10,2,3248.7,150,4,3248.8,13,3,3249.4,48,3,3249.5,18,2,3249.6,9,2
11536,2025-12-30 10:37:28+05:30,3248.6,8,3248.53,261472,97837.0,121898.0,3250.0,3257.0,3239.8,3251.5,41736975,3576.6,2926.4,4322.95,2866.6,3248.6,34,2,3248.5,71,3,3248.4,10,3,3248.3,14,2,3248.2,18,3,3248.7,134,11,3248.8,12,2,3249.2,13,1,3249.3,16,1,3249.4,12,1
11536,2025-12-30 10:37:31+05:30,3248.6,5,3248.53,261472,97837.0,121898.0,3250.0,3257.0,3239.8,3251.5,41736975,3576.6,2926.4,4322.95,2866.6,3248.6,34,2,3248.5,71,3,3248.4,10,3,3248.3,14,2,3248.2,18,3,3248.7,134,11,3248.8,12,2,3249.2,13,1,3249.3,16,1,3249.4,12,1
11536,2025-12-30 10:37:33+05:30,3248.6,21,3248.53,261693,97822.0,121379.0,3250.0,3257.0,3239.8,3251.5,41736975,3576.6,2926.4,4322.95,2866.6,3248.6,9,4,3248.5,71,3,3248.4,2,2,3248.3,14,2,3248.2,18,3,3248.7,47,6,3248.8,12,2,3249.3,28,2,3249.4,17,2,3249.5,2,1
11536,2025-12-30 10:37:34+05:30,3248.6,21,3248.53,261693,97822.0,121379.0,3250.0,3257.0,3239.8,3251.5,41736975,3576.6,2926.4,4322.95,2866.6,3248.6,9,4,3248.5,71,3,3248.4,2,2,3248.3,14,2,3248.2,18,3,3248.7,47,6,3248.8,12,2,3249.3,28,2,3249.4,17,2,3249.5,2,1
11536,2025-12-30 10:37:35+05:30,3248.6,21,3248.53,261693,97822.0,121379.0,3250.0,3257.0,3239.8,3251.5,41736975,3576.6,2926.4,4322.95,2866.6,3248.6,9,4,3248.5,71,3,3248.4,2,2,3248.3,14,2,3248.2,18,3,3248.7,47,6,3248.8,12,2,3249.3,28,2,3249.4,17,2,3249.5,2,1
11536,2025-12-30 10:37:36+05:30,3248.6,21,3248.53,261693,97822.0,121379.0,3250.0,3257.0,3239.8,3251.5,41736975,3576.6,2926.4,4322.95,2866.6,3248.6,9,4,3248.5,71,3,3248.4,2,2,3248.3,14,2,3248.2,18,3,3248.7,47,6,3248.8,12,2,3249.3,28,2,3249.4,17,2,3249.5,2,1
11536,2025-12-30 10:37:37+05:30,3248.5,4,3248.53,261693,97822.0,121379.0,3250.0,3257.0,3239.8,3251.5,41736975,3576.6,2926.4,4322.95,2866.6,3248.6,9,4,3248.5,71,3,3248.4,2,2,3248.3,14,2,3248.2,18,3,3248.7,47,6,3248.8,12,2,3249.3,28,2,3249.4,17,2,3249.5,2,1
11536,2025-12-30 10:37:37+05:30,3248.5,4,3248.53,261693,97822.0,121379.0,3250.0,3257.0,3239.8,3251.5,41736975,3576.6,2926.4,4322.95,2866.6,3248.6,9,4,3248.5,71,3,3248.4,2,2,3248.3,14,2,3248.2,18,3,3248.7,47,6,3248.8,12,2,3249.3,28,2,3249.4,17,2,3249.5,2,1
11536,2025-12-30 10:37:38+05:30,3248.5,4,3248.53,261693,97822.0,121379.0,3250.0,3257.0,3239.8,3251.5,41736975,3576.6,2926.4,4322.95,2866.6,3248.6,9,4,3248.5,71,3,3248.4,2,2,3248.3,14,2,3248.2,18,3,3248.7,47,6,3248.8,12,2,3249.3,28,2,3249.4,17,2,3249.5,2,1
11536,2025-12-30 10:37:38+05:30,3248.6,1,3248.53,261794,97634.0,121364.0,3250.0,3257.0,3239.8,3251.5,41736975,3576.6,2926.4,4322.95,2866.6,3248.6,4,1,3248.5,68,3,3248.4,2,2,3248.3,27,4,3248.2,10,2,3248.7,23,5,3248.8,12,2,3249.3,28,2,3249.4,12,1,3249.5,2,1
11536,2025-12-30 10:37:39+05:30,3248.6,1,3248.53,261794,97634.0,121364.0,3250.0,3257.0,3239.8,3251.5,41736975,3576.6,2926.4,4322.95,2866.6,3248.6,4,1,3248.5,68,3,3248.4,2,2,3248.3,27,4,3248.2,10,2,3248.7,23,5,3248.8,12,2,3249.3,28,2,3249.4,12,1,3249.5,2,1
11536,2025-12-30 10:37:40+05:30,3248.6,4,3248.53,261794,97634.0,121364.0,3250.0,3257.0,3239.8,3251.5,41736975,3576.6,2926.4,4322.95,2866.6,3248.6,4,1,3248.5,68,3,3248.4,2,2,3248.3,27,4,3248.2,10,2,3248.7,23,5,3248.8,12,2,3249.3,28,2,3249.4,12,1,3249.5,2,1
11536,2025-12-30 10:37:40+05:30,3248.6,4,3248.53,261794,97634.0,121364.0,3250.0,3257.0,3239.8,3251.5,41736975,3576.6,2926.4,4322.95,2866.6,3248.6,4,1,3248.5,68,3,3248.4,2,2,3248.3,27,4,3248.2,10,2,3248.7,23,5,3248.8,12,2,3249.3,28,2,3249.4,12,1,3249.5,2,1
11536,2025-12-30 10:37:41+05:30,3248.6,4,3248.53,261794,97634.0,121364.0,3250.0,3257.0,3239.8,3251.5,41736975,3576.6,2926.4,4322.95,2866.6,3248.6,4,1,3248.5,68,3,3248.4,2,2,3248.3,27,4,3248.2,10,2,3248.7,23,5,3248.8,12,2,3249.3,28,2,3249.4,12,1,3249.5,2,1
11536,2025-12-30 10:37:42+05:30,3248.6,4,3248.53,261794,97634.0,121364.0,3250.0,3257.0,3239.8,3251.5,41736975,3576.6,2926.4,4322.95,2866.6,3248.6,4,1,3248.5,68,3,3248.4,2,2,3248.3,27,4,3248.2,10,2,3248.7,23,5,3248.8,12,2,3249.3,28,2,3249.4,12,1,3249.5,2,1
11536,2025-12-30 10:37:43+05:30,3248.5,1,3248.53,261794,97634.0,121364.0,3250.0,3257.0,3239.8,3251.5,41736975,3576.6,2926.4,4322.95,2866.6,3248.6,4,1,3248.5,68,3,3248.4,2,2,3248.3,27,4,3248.2,10,2,3248.7,23,5,3248.8,12,2,3249.3,28,2,3249.4,12,1,3249.5,2,1
11536,2025-12-30 10:37:43+05:30,3248.5,1,3248.53,261794,97634.0,121364.0,3250.0,3257.0,3239.8,3251.5,41736975,3576.6,2926.4,4322.95,2866.6,3248.6,4,1,3248.5,68,3,3248.4,2,2,3248.3,27,4,3248.2,10,2,3248.7,23,5,3248.8,12,2,3249.3,28,2,3249.4,12,1,3249.5,2,1
11536,2025-12-30 10:37:44+05:30,3248.5,1,3248.53,261794,97634.0,121364.0,3250.0,3257.0,3239.8,3251.5,41736975,3576.6,2926.4,4322.95,2866.6,3248.6,4,1,3248.5,68,3,3248.4,2,2,3248.3,27,4,3248.2,10,2,3248.7,23,5,3248.8,12,2,3249.3,28,2,3249.4,12,1,3249.5,2,1
11536,2025-12-30 10:37:44+05:30,3248.5,3,3248.53,261880,96979.0,121761.0,3250.0,3257.0,3239.8,3251.5,41736975,3576.6,2926.4,4322.95,2866.6,3248.5,57,4,3248.4,2,2,3248.3,14,2,3248.2,10,2,3248.1,3,1,3248.6,48,9,3248.7,30,1,3248.8,12,2,3249.1,27,2,3249.3,12,2
11536,2025-12-30 10:37:45+05:30,3248.5,3,3248.53,261880,96979.0,121761.0,3250.0,3257.0,3239.8,3251.5,41736975,3576.6,2926.4,4322.95,2866.6,3248.5,57,4,3248.4,2,2,3248.3,14,2,3248.2,10,2,3248.1,3,1,3248.6,48,9,3248.7,30,1,3248.8,12,2,3249.1,27,2,3249.3,12,2
11536,2025-12-30 10:37:46+05:30,3248.5,3,3248.53,261880,96979.0,121761.0,3250.0,3257.0,3239.8,3251.5,41736975,3576.6,2926.4,4322.95,2866.6,3248.5,57,4,3248.4,2,2,3248.3,14,2,3248.2,10,2,3248.1,3,1,3248.6,48,9,3248.7,30,1,3248.8,12,2,3249.1,27,2,3249.3,12,2
11536,2025-12-30 10:37:46+05:30,3248.5,3,3248.53,261880,96979.0,121761.0,3250.0,3257.0,3239.8,3251.5,41736975,3576.6,2926.4,4322.95,2866.6,3248.5,57,4,3248.4,2,2,3248.3,14,2,3248.2,10,2,3248.1,3,1,3248.6,48,9,3248.7,30,1,3248.8,12,2,3249.1,27,2,3249.3,12,2
11536,2025-12-30 10:37:48+05:30,3248.5,3,3248.53,261880,96979.0,121761.0,3250.0,3257.0,3239.8,3251.5,41736975,3576.6,2926.4,4322.95,2866.6,3248.5,57,4,3248.4,2,2,3248.3,14,2,3248.2,10,2,3248.1,3,1,3248.6,48,9,3248.7,30,1,3248.8,12,2,3249.1,27,2,3249.3,12,2
11536,2025-12-30 10:37:49+05:30,3248.5,2,3248.53,261880,96979.0,121761.0,3250.0,3257.0,3239.8,3251.5,41736975,3576.6,2926.4,4322.95,2866.6,3248.5,57,4,3248.4,2,2,3248.3,14,2,3248.2,10,2,3248.1,3,1,3248.6,48,9,3248.7,30,1,3248.8,12,2,3249.1,27,2,3249.3,12,2
11536,2025-12-30 10:37:49+05:30,3248.5,1,3248.53,261962,96671.0,122765.0,3250.0,3257.0,3239.8,3251.5,41736975,3576.6,2926.4,4322.95,2866.6,3248.5,35,3,3248.4,2,2,3248.3,14,2,3248.2,10,2,3248.1,3,1,3248.6,6,5,3248.7,37,2,3248.8,12,2,3248.9,21,3,3249.0,22,2
11536,2025-12-30 10:37:50+05:30,3248.5,1,3248.53,261962,96671.0,122765.0,3250.0,3257.0,3239.8,3251.5,41736975,3576.6,2926.4,4322.95,2866.6,3248.5,35,3,3248.4,2,2,3248.3,14,2,3248.2,10,2,3248.1,3,1,3248.6,6,5,3248.7,37,2,3248.8,12,2,3248.9,21,3,3249.0,22,2
11536,2025-12-30 10:37:51+05:30,3248.5,1,3248.53,261962,96671.0,122765.0,3250.0,3257.0,3239.8,3251.5,41736975,3576.6,2926.4,4322.95,2866.6,3248.5,35,3,3248.4,2,2,3248.3,14,2,3248.2,10,2,3248.1,3,1,3248.6,6,5,3248.7,37,2,3248.8,12,2,3248.9,21,3,3249.0,22,2
11536,2025-12-30 10:37:52+05:30,3248.5,1,3248.53,261962,96671.0,122765.0,3250.0,3257.0,3239.8,3251.5,41736975,3576.6,2926.4,4322.95,2866.6,3248.5,35,3,3248.4,2,2,3248.3,14,2,3248.2,10,2,3248.1,3,1,3248.6,6,5,3248.7,37,2,3248.8,12,2,3248.9,21,3,3249.0,22,2
11536,2025-12-30 10:37:53+05:30,3248.5,1,3248.53,261962,96671.0,122765.0,3250.0,3257.0,3239.8,3251.5,41736625,3576.6,2926.4,4322.95,2866.6,3248.5,35,3,3248.4,2,2,3248.3,14,2,3248.2,10,2,3248.1,3,1,3248.6,6,5,3248.7,37,2,3248.8,12,2,3248.9,21,3,3249.0,22,2
11536,2025-12-30 10:37:55+05:30,3248.6,34,3248.53,262030,95850.0,122753.0,3250.0,3257.0,3239.8,3251.5,41736625,3576.6,2926.4,4322.95,2866.6,3248.5,15,2,3248.4,4,3,3248.3,14,2,3248.2,10,2,3248.1,3,1,3248.6,69,11,3248.8,31,4,3248.9,21,3,3249.0,11,2,3249.1,23,2
11536,2025-12-30 10:37:55+05:30,3248.6,1,3248.53,262030,95850.0,122753.0,3250.0,3257.0,3239.8,3251.5,41736625,3576.6,2926.4,4322.95,2866.6,3248.5,15,2,3248.4,4,3,3248.3,14,2,3248.2,10,2,3248.1,3,1,3248.6,69,11,3248.8,31,4,3248.9,21,3,3249.0,11,2,3249.1,23,2
11536,2025-12-30 10:37:55+05:30,3248.6,1,3248.53,262030,95850.0,122753.0,3250.0,3257.0,3239.8,3251.5,41736625,3576.6,2926.4,4322.95,2866.6,3248.5,15,2,3248.4,4,3,3248.3,14,2,3248.2,10,2,3248.1,3,1,3248.6,69,11,3248.8,31,4,3248.9,21,3,3249.0,11,2,3249.1,23,2
11536,2025-12-30 10:37:58+05:30,3248.5,7,3248.53,262030,95850.0,122753.0,3250.0,3257.0,3239.8,3251.5,41736625,3576.6,2926.4,4322.95,2866.6,3248.5,15,2,3248.4,4,3,3248.3,14,2,3248.2,10,2,3248.1,3,1,3248.6,69,11,3248.8,31,4,3248.9,21,3,3249.0,11,2,3249.1,23,2
11536,2025-12-30 10:38:00+05:30,3248.6,2,3248.53,262103,95601.0,122728.0,3250.0,3257.0,3239.8,3251.5,41736625,3576.6,2926.4,4322.95,2866.6,3248.5,89,4,3248.4,4,3,3248.3,14,2,3248.2,10,2,3248.1,3,1,3248.6,41,8,3248.8,12,2,3249.1,4,1,3249.3,9,2,3249.4,44,3
11536,2025-12-30 10:38:01+05:30,3248.5,5,3248.53,262103,95601.0,122728.0,3250.0,3257.0,3239.8,3251.5,41736625,3576.6,2926.4,4322.95,2866.6,3248.5,89,4,3248.4,4,3,3248.3,14,2,3248.2,10,2,3248.1,3,1,3248.6,41,8,3248.8,12,2,3249.1,4,1,3249.3,9,2,3249.4,44,3
11536,2025-12-30 10:38:04+05:30,3248.5,4,3248.53,262103,95601.0,122728.0,3250.0,3257.0,3239.8,3251.5,41736625,3576.6,2926.4,4322.95,2866.6,3248.5,89,4,3248.4,4,3,3248.3,14,2,3248.2,10,2,3248.1,3,1,3248.6,41,8,3248.8,12,2,3249.1,4,1,3249.3,9,2,3249.4,44,3
11536,2025-12-30 10:38:05+05:30,3248.6,1,3248.53,262160,96945.0,122768.0,3250.0,3257.0,3239.8,3251.5,41736625,3576.6,2926.4,4322.95,2866.6,3248.5,69,3,3248.4,11,3,3248.3,14,2,3248.2,10,2,3248.1,3,1,3248.6,23,10,3248.8,18,3,3248.9,29,3,3249.0,10,2,3249.1,7,1
11536,2025-12-30 10:38:07+05:30,3248.5,4,3248.53,262160,96945.0,122768.0,3250.0,3257.0,3239.8,3251.5,41736625,3576.6,2926.4,4322.95,2866.6,3248.5,69,3,3248.4,11,3,3248.3,14,2,3248.2,10,2,3248.1,3,1,3248.6,23,10,3248.8,18,3,3248.9,29,3,3249.0,10,2,3249.1,7,1
11536,2025-12-30 10:38:10+05:30,3248.6,1,3248.53,262248,96945.0,122604.0,3250.0,3257.0,3239.8,3251.5,41736625,3576.6,2926.4,4322.95,2866.6,3248.5,24,4,3248.4,11,3,3248.3,14,2,3248.2,10,2,3248.1,3,1,3248.6,43,5,3248.8,5,1,3249.3,14,2,3249.4,22,3,3249.5,72,5
11536,2025-12-30 10:38:11+05:30,3248.5,1,3248.53,262248,96945.0,122604.0,3250.0,3257.0,3239.8,3251.5,41736625,3576.6,2926.4,4322.95,2866.6,3248.5,24,4,3248.4,11,3,3248.3,14,2,3248.2,10,2,3248.1,3,1,3248.6,43,5,3248.8,5,1,3249.3,14,2,3249.4,22,3,3249.5,72,5
11536,2025-12-30 10:38:15+05:30,3248.5,8,3248.53,262248,96945.0,122604.0,3250.0,3257.0,3239.8,3251.5,41736625,3576.6,2926.4,4322.95,2866.6,3248.5,24,4,3248.4,11,3,3248.3,14,2,3248.2,10,2,3248.1,3,1,3248.6,43,5,3248.8,5,1,3249.3,14,2,3249.4,22,3,3249.5,72,5
11536,2025-12-30 10:38:15+05:30,3248.6,1,3248.53,262354,95696.0,122301.0,3250.0,3257.0,3239.8,3251.5,41736625,3576.6,2926.4,4322.95,2866.6,3248.5,51,4,3248.4,11,3,3248.3,14,2,3248.2,10,2,3248.1,3,1,3248.6,34,4,3248.8,5,1,3249.1,23,2,3249.2,1,1,3249.3,10,3
11536,2025-12-30 10:38:19+05:30,3248.6,1,3248.53,262354,95696.0,122301.0,3250.0,3257.0,3239.8,3251.5,41736625,3576.6,2926.4,4322.95,2866.6,3248.5,51,4,3248.4,11,3,3248.3,14,2,3248.2,10,2,3248.1,3,1,3248.6,34,4,3248.8,5,1,3249.1,23,2,3249.2,1,1,3249.3,10,3
11536,2025-12-30 10:38:20+05:30,3249.5,7,3248.53,262733,97139.0,121117.0,3250.0,3257.0,3239.8,3251.5,41736625,3576.6,2926.4,4322.95,2866.6,3248.5,14,3,3248.4,65,4,3248.3,68,3,3248.2,10,2,3248.1,3,1,3249.4,31,5,3249.5,9,2,3249.6,21,4,3249.7,70,5,3249.8,168,3
11536,2025-12-30 10:38:22+05:30,3249.4,1,3248.53,262733,97139.0,121117.0,3250.0,3257.0,3239.8,3251.5,41736625,3576.6,2926.4,4322.95,2866.6,3248.5,14,3,3248.4,65,4,3248.3,68,3,3248.2,10,2,3248.1,3,1,3249.4,31,5,3249.5,9,2,3249.6,21,4,3249.7,70,5,3249.8,168,3
11536,2025-12-30 10:38:25+05:30,3248.5,1,3248.53,262733,97139.0,121117.0,3250.0,3257.0,3239.8,3251.5,41736625,3576.6,2926.4,4322.95,2866.6,3248.5,14,3,3248.4,65,4,3248.3,68,3,3248.2,10,2,3248.1,3,1,3249.4,31,5,3249.5,9,2,3249.6,21,4,3249.7,70,5,3249.8,168,3
11536,2025-12-30 10:38:25+05:30,3248.5,1,3248.53,262938,97140.0,122296.0,3250.0,3257.0,3239.8,3251.5,41736625,3576.6,2926.4,4322.95,2866.6,3248.4,10,2,3248.3,68,3,3248.2,10,2,3248.1,3,1,3248.0,335,5,3248.5,79,6,3248.9,10,1,3249.0,12,1,3249.1,8,1,3249.2,4,1
11536,2025-12-30 10:38:28+05:30,3248.4,7,3248.53,262938,97140.0,122296.0,3250.0,3257.0,3239.8,3251.5,41736625,3576.6,2926.4,4322.95,2866.6,3248.4,10,2,3248.3,68,3,3248.2,10,2,3248.1,3,1,3248.0,335,5,3248.5,79,6,3248.9,10,1,3249.0,12,1,3249.1,8,1,3249.2,4,1
11536,2025-12-30 10:38:30+05:30,3248.5,1,3248.53,263116,96505.0,121894.0,3250.0,3257.0,3239.8,3251.5,41736625,3576.6,2926.4,4322.95,2866.6,3248.4,53,2,3248.3,65,3,3248.2,10,2,3248.1,3,1,3248.0,346,7,3248.5,118,6,3248.7,4,1,3248.8,18,3,3248.9,23,3,3249.0,7,1
11536,2025-12-30 10:38:31+05:30,3249.1,1,3248.53,263116,96505.0,121894.0,3250.0,3257.0,3239.8,3251.5,41736625,3576.6,2926.4,4322.95,2866.6,3248.4,53,2,3248.3,65,3,3248.2,10,2,3248.1,3,1,3248.0,346,7,3248.5,118,6,3248.7,4,1,3248.8,18,3,3248.9,23,3,3249.0,7,1
11536,2025-12-30 10:38:34+05:30,3248.4,40,3248.53,263116,96505.0,121894.0,3250.0,3257.0,3239.8,3251.5,41736625,3576.6,2926.4,4322.95,2866.6,3248.4,53,2,3248.3,65,3,3248.2,10,2,3248.1,3,1,3248.0,346,7,3248.5,118,6,3248.7,4,1,3248.8,18,3,3248.9,23,3,3249.0,7,1
11536,2025-12-30 10:38:34+05:30,3248.4,40,3248.53,263403,97347.0,122028.0,3250.0,3257.0,3239.8,3251.5,41736625,3576.6,2926.4,4322.95,2866.6,3248.4,70,4,3248.3,65,3,3248.2,10,2,3248.1,3,1,3248.0,379,10,3248.5,11,6,3249.0,11,1,3249.1,8,1,3249.2,13,1,3249.3,11,1
11536,2025-12-30 10:38:37+05:30,3248.4,8,3248.53,263403,97347.0,122028.0,3250.0,3257.0,3239.8,3251.5,41736625,3576.6,2926.4,4322.95,2866.6,3248.4,70,4,3248.3,65,3,3248.2,10,2,3248.1,3,1,3248.0,379,10,3248.5,11,6,3249.0,11,1,3249.1,8,1,3249.2,13,1,3249.3,11,1
11536,2025-12-30 10:38:39+05:30,3248.5,27,3248.53,263403,97347.0,122028.0,3250.0,3257.0,3239.8,3251.5,41736625,3576.6,2926.4,4322.95,2866.6,3248.4,70,4,3248.3,65,3,3248.2,10,2,3248.1,3,1,3248.0,379,10,3248.5,11,6,3249.0,11,1,3249.1,8,1,3249.2,13,1,3249.3,11,1
11536,2025-12-30 10:38:39+05:30,3248.4,3,3248.53,263551,97246.0,122152.0,3250.0,3257.0,3239.8,3251.5,41736625,3576.6,2926.4,4322.95,2866.6,3248.4,1,1,3248.3,65,3,3248.2,10,2,3248.1,3,1,3248.0,346,7,3248.5,5,5,3248.9,11,1,3249.0,20,2,3249.1,8,1,3249.2,12,2
11536,2025-12-30 10:38:42+05:30,3248.4,11,3248.53,263551,97246.0,122152.0,3250.0,3257.0,3239.8,3251.5,41736625,3576.6,2926.4,4322.95,2866.6,3248.4,1,1,3248.3,65,3,3248.2,10,2,3248.1,3,1,3248.0,346,7,3248.5,5,5,3248.9,11,1,3249.0,20,2,3249.1,8,1,3249.2,12,2
11536,2025-12-30 10:38:44+05:30,3248.4,6,3248.53,263625,97260.0,122422.0,3250.0,3257.0,3239.8,3251.5,41736625,3576.6,2926.4,4322.95,2866.6,3248.4,3,1,3248.3,65,3,3248.2,10,2,3248.1,3,1,3248.0,346,7,3248.5,6,6,3248.9,11,1,3249.0,13,1,3249.1,8,1,3249.2,12,2
11536,2025-12-30 10:38:46+05:30,3248.4,1,3248.53,263625,97260.0,122422.0,3250.0,3257.0,3239.8,3251.5,41736625,3576.6,2926.4,4322.95,2866.6,3248.4,3,1,3248.3,65,3,3248.2,10,2,3248.1,3,1,3248.0,346,7,3248.5,6,6,3248.9,11,1,3249.0,13,1,3249.1,8,1,3249.2,12,2
11536,2025-12-30 10:38:48+05:30,3248.4,19,3248.53,263625,97260.0,122422.0,3250.0,3257.0,3239.8,3251.5,41736625,3576.6,2926.4,4322.95,2866.6,3248.4,3,1,3248.3,65,3,3248.2,10,2,3248.1,3,1,3248.0,346,7,3248.5,6,6,3248.9,11,1,3249.0,13,1,3249.1,8,1,3249.2,12,2
11536,2025-12-30 10:38:49+05:30,3248.5,2,3248.53,263893,97237.0,122221.0,3250.0,3257.0,3239.8,3251.5,41736625,3576.6,2926.4,4322.95,2866.6,3248.4,63,4,3248.3,65,3,3248.2,10,2,3248.1,14,2,3248.0,316,8,3248.5,44,7,3249.0,12,1,3249.1,15,1,3249.3,7,1,3249.4,5,1
11536,2025-12-30 10:38:52+05:30,3248.4,11,3248.53,263893,97237.0,122221.0,3250.0,3257.0,3239.8,3251.5,41736625,3576.6,2926.4,4322.95,2866.6,3248.4,63,4,3248.3,65,3,3248.2,10,2,3248.1,14,2,3248.0,316,8,3248.5,44,7,3249.0,12,1,3249.1,15,1,3249.3,7,1,3249.4,5,1
11536,2025-12-30 10:38:53+05:30,3248.4,8,3248.53,264016,96868.0,122324.0,3250.0,3257.0,3239.8,3251.5,41736625,3576.6,2926.4,4322.95,2866.6,3248.4,71,6,3248.3,65,3,3248.2,10,2,3248.1,21,2,3248.0,296,6,3248.5,39,8,3249.0,13,1,3249.1,16,1,3249.3,8,1,3249.4,5,1
11536,2025-12-30 10:38:55+05:30,3248.5,1,3248.53,264016,96868.0,122324.0,3250.0,3257.0,3239.8,3251.5,41736625,3576.6,2926.4,4322.95,2866.6,3248.4,71,6,3248.3,65,3,3248.2,10,2,3248.1,21,2,3248.0,296,6,3248.5,39,8,3249.0,13,1,3249.1,16,1,3249.3,8,1,3249.4,5,1
11536,2025-12-30 10:38:58+05:30,3248.4,5,3248.53,264016,96868.0,122324.0,3250.0,3257.0,3239.8,3251.5,41736625,3576.6,2926.4,4322.95,2866.6,3248.4,71,6,3248.3,65,3,3248.2,10,2,3248.1,21,2,3248.0,296,6,3248.5,39,8,3249.0,13,1,3249.1,16,1,3249.3,8,1,3249.4,5,1
11536,2025-12-30 10:38:58+05:30,3248.4,1,3248.53,264122,97259.0,122573.0,3250.0,3257.0,3239.8,3251.5,41736625,3576.6,2926.4,4322.95,2866.6,3248.4,62,5,3248.3,65,3,3248.2,10,2,3248.1,3,1,3248.0,296,6,3248.5,48,7,3248.7,13,1,3248.8,23,2,3248.9,6,1,3249.0,12,2
11536,2025-12-30 10:39:00+05:30,3248.4,2,3248.53,264122,97259.0,122573.0,3250.0,3257.0,3239.8,3251.5,41736625,3576.6,2926.4,4322.95,2866.6,3248.4,62,5,3248.3,65,3,3248.2,10,2,3248.1,3,1,3248.0,296,6,3248.5,48,7,3248.7,13,1,3248.8,23,2,3248.9,6,1,3249.0,12,2
11536,2025-12-30 10:39:03+05:30,3248.4,1,3248.53,264153,97166.0,120669.0,3250.0,3257.0,3239.8,3251.5,41736625,3576.6,2926.4,4322.95,2866.6,3248.4,77,5,3248.3,65,3,3248.2,10,2,3248.1,10,2,3248.0,296,6,3248.5,40,6,3249.0,14,1,3249.2,17,1,3249.3,17,2,3249.4,23,3
11536,2025-12-30 10:39:04+05:30,3248.4,2,3248.53,264153,97166.0,120669.0,3250.0,3257.0,3239.8,3251.5,41736625,3576.6,2926.4,4322.95,2866.6,3248.4,77,5,3248.3,65,3,3248.2,10,2,3248.1,10,2,3248.0,296,6,3248.5,40,6,3249.0,14,1,3249.2,17,1,3249.3,17,2,3249.4,23,3
11536,2025-12-30 10:39:07+05:30,3248.4,1,3248.53,264153,97166.0,120669.0,3250.0,3257.0,3239.8,3251.5,41736625,3576.6,2926.4,4322.95,2866.6,3248.4,77,5,3248.3,65,3,3248.2,10,2,3248.1,10,2,3248.0,296,6,3248.5,40,6,3249.0,14,1,3249.2,17,1,3249.3,17,2,3249.4,23,3
11536,2025-12-30 10:39:08+05:30,3248.4,1,3248.53,264205,97132.0,122272.0,3250.0,3257.0,3239.8,3251.5,41736625,3576.6,2926.4,4322.95,2866.6,3248.4,94,4,3248.3,65,3,3248.2,10,2,3248.1,7,2,3248.0,296,6,3248.5,19,6,3248.8,7,1,3248.9,14,1,3249.0,28,3,3249.2,11,2
11536,2025-12-30 10:39:10+05:30,3248.4,36,3248.53,264205,97132.0,122272.0,3250.0,3257.0,3239.8,3251.5,41736625,3576.6,2926.4,4322.95,2866.6,3248.4,94,4,3248.3,65,3,3248.2,10,2,3248.1,7,2,3248.0,296,6,3248.5,19,6,3248.8,7,1,3248.9,14,1,3249.0,28,3,3249.2,11,2
11536,2025-12-30 10:39:13+05:30,3248.4,12,3248.53,264205,97132.0,122272.0,3250.0,3257.0,3239.8,3251.5,41736625,3576.6,2926.4,4322.95,2866.6,3248.4,94,4,3248.3,65,3,3248.2,10,2,3248.1,7,2,3248.0,296,6,3248.5,19,6,3248.8,7,1,3248.9,14,1,3249.0,28,3,3249.2,11,2
11536,2025-12-30 10:39:13+05:30,3248.5,10,3248.53,264469,97049.0,120655.0,3250.0,3257.0,3239.8,3251.5,41736625,3576.6,2926.4,4322.95,2866.6,3248.5,14,1,3248.4,68,5,3248.3,65,3,3248.2,10,2,3248.1,7,2,3248.9,4,1,3249.0,9,3,3249.1,20,2,3249.2,25,3,3249.3,75,4
11536,2025-12-30 10:39:16+05:30,3248.4,55,3248.53,264469,97049.0,120655.0,3250.0,3257.0,3239.8,3251.5,41736625,3576.6,2926.4,4322.95,2866.6,3248.5,14,1,3248.4,68,5,3248.3,65,3,3248.2,10,2,3248.1,7,2,3248.9,4,1,3249.0,9,3,3249.1,20,2,3249.2,25,3,3249.3,75,4
11536,2025-12-30 10:39:18+05:30,3248.3,4,3248.53,264469,97049.0,120655.0,3250.0,3257.0,3239.8,3251.5,41736625,3576.6,2926.4,4322.95,2866.6,3248.5,14,1,3248.4,68,5,3248.3,65,3,3248.2,10,2,3248.1,7,2,3248.9,4,1,3249.0,9,3,3249.1,20,2,3249.2,25,3,3249.3,75,4
11536,2025-12-30 10:39:18+05:30,3248.2,46,3248.53,265051,96863.0,123007.0,3250.0,3257.0,3239.8,3251.5,41736625,3576.6,2926.4,4322.95,2866.6,3248.2,7,1,3248.1,7,2,3248.0,296,6,3247.9,16,3,3247.5,3,1,3248.3,10,3,3248.4,108,5,3248.6,3,1,3248.7,31,2,3248.8,14,1
11536,2025-12-30 10:39:22+05:30,3248.0,1,3248.53,265051,96863.0,123007.0,3250.0,3257.0,3239.8,3251.5,41736625,3576.6,2926.4,4322.95,2866.6,3248.2,7,1,3248.1,7,2,3248.0,296,6,3247.9,16,3,3247.5,3,1,3248.3,10,3,3248.4,108,5,3248.6,3,1,3248.7,31,2,3248.8,14,1
11536,2025-12-30 10:39:22+05:30,3248.2,15,3248.52,265824,95836.0,123172.0,3250.0,3257.0,3239.8,3251.5,41736625,3576.6,2926.4,4322.95,2866.6,3248.0,5,1,3247.9,16,3,3247.2,43,1,3247.1,64,2,3247.0,231,8,3248.4,124,4,3248.5,11,1,3248.6,18,2,3248.7,9,1,3248.8,14,1
11536,2025-12-30 10:39:25+05:30,3248.0,1,3248.52,265824,95836.0,123172.0,3250.0,3257.0,3239.8,3251.5,41736625,3576.6,2926.4,4322.95,2866.6,3248.0,5,1,3247.9,16,3,3247.2,43,1,3247.1,64,2,3247.0,231,8,3248.4,124,4,3248.5,11,1,3248.6,18,2,3248.7,9,1,3248.8,14,1
11536,2025-12-30 10:39:28+05:30,3247.5,10,3248.52,265991,95094.0,123458.0,3250.0,3257.0,3239.8,3251.5,41736625,3576.6,2926.4,4322.95,2866.6,3247.4,34,3,3247.3,41,2,3247.2,31,4,3247.1,85,5,3247.0,85,8,3247.5,11,3,3248.4,114,2,3248.6,20,1,3248.8,47,2,3248.9,48,1
11536,2025-12-30 10:39:28+05:30,3247.5,10,3248.52,265991,95094.0,123458.0,3250.0,3257.0,3239.8,3251.5,41736625,3576.6,2926.4,4322.95,2866.6,3247.4,34,3,3247.3,41,2,3247.2,31,4,3247.1,85,5,3247.0,85,8,3247.5,11,3,3248.4,114,2,3248.6,20,1,3248.8,47,2,3248.9,48,1
11536,2025-12-30 10:39:29+05:30,3247.5,10,3248.52,265991,95136.0,122534.0,3250.0,3257.0,3239.8,3251.5,41736625,3576.6,2926.4,4322.95,2866.6,3247.4,37,4,3247.3,57,5,3247.2,31,4,3247.1,85,5,3247.0,89,9,3247.5,11,3,3248.4,114,2,3248.6,20,1,3248.8,47,2,3248.9,48,1
11536,2025-12-30 10:39:30+05:30,3247.4,14,3248.52,266043,95084.0,122455.0,3250.0,3257.0,3239.8,3251.5,41736625,3576.6,2926.4,4322.95,2866.6,3247.4,24,4,3247.3,31,4,3247.2,31,4,3247.1,76,6,3247.0,89,9,3247.5,2,1,3248.4,114,2,3248.6,20,1,3248.8,47,2,3248.9,51,1
11536,2025-12-30 10:39:30+05:30,3247.4,1,3248.52,266043,95084.0,122455.0,3250.0,3257.0,3239.8,3251.5,41736625,3576.6,2926.4,4322.95,2866.6,3247.4,24,4,3247.3,31,4,3247.2,31,4,3247.1,76,6,3247.0,89,9,3247.5,2,1,3248.4,114,2,3248.6,20,1,3248.8,47,2,3248.9,51,1
11536,2025-12-30 10:39:31+05:30,3247.5,1,3248.52,266059,95091.0,122344.0,3250.0,3257.0,3239.8,3251.5,41736625,3576.6,2926.4,4322.95,2866.6,3247.4,25,3,3247.3,31,4,3247.2,31,4,3247.1,76,6,3247.0,89,9,3247.5,4,3,3248.4,114,2,3248.6,20,1,3248.7,1,1,3248.8,47,2
11536,2025-12-30 10:39:31+05:30,3247.5,1,3248.52,266059,95091.0,122344.0,3250.0,3257.0,3239.8,3251.5,41736625,3576.6,2926.4,4322.95,2866.6,3247.4,25,3,3247.3,31,4,3247.2,31,4,3247.1,76,6,3247.0,89,9,3247.5,4,3,3248.4,114,2,3248.6,20,1,3248.7,1,1,3248.8,47,2
11536,2025-12-30 10:39:32+05:30,3247.4,10,3248.52,266074,95061.0,122355.0,3250.0,3257.0,3239.8,3251.5,41736625,3576.6,2926.4,4322.95,2866.6,3247.4,3,1,3247.3,51,5,3247.2,21,3,3247.1,58,5,3247.0,89,9,3247.5,5,5,3248.4,114,2,3248.6,20,1,3248.7,1,1,3248.8,47,2
11536,2025-12-30 10:39:32+05:30,3247.4,10,3248.52,266074,95061.0,122355.0,3250.0,3257.0,3239.8,3251.5,41736625,3576.6,2926.4,4322.95,2866.6,3247.4,3,1,3247.3,51,5,3247.2,21,3,3247.1,58,5,3247.0,89,9,3247.5,5,5,3248.4,114,2,3248.6,20,1,3248.7,1,1,3248.8,47,2
11536,2025-12-30 10:39:33+05:30,3247.4,7,3248.52,266074,95061.0,122355.0,3250.0,3257.0,3239.8,3251.5,41736625,3576.6,2926.4,4322.95,2866.6,3247.4,3,1,3247.3,51,5,3247.2,21,3,3247.1,58,5,3247.0,89,9,3247.5,5,5,3248.4,114,2,3248.6,20,1,3248.7,1,1,3248.8,47,2
11536,2025-12-30 10:39:33+05:30,3247.4,7,3248.52,266106,95090.0,122606.0,3250.0,3257.0,3239.8,3251.5,41736625,3576.6,2926.4,4322.95,2866.6,3247.4,3,1,3247.3,36,4,3247.2,23,4,3247.1,64,4,3247.0,89,9,3247.5,2,2,3248.0,200,4,3248.4,114,2,3248.6,46,2,3248.7,1,1
11536,2025-12-30 10:39:34+05:30,3247.4,2,3248.52,266106,95090.0,122606.0,3250.0,3257.0,3239.8,3251.5,41736625,3576.6,2926.4,4322.95,2866.6,3247.4,3,1,3247.3,36,4,3247.2,23,4,3247.1,64,4,3247.0,89,9,3247.5,2,2,3248.0,200,4,3248.4,114,2,3248.6,46,2,3248.7,1,1
11536,2025-12-30 10:39:34+05:30,3247.4,2,3248.52,266128,95130.0,122602.0,3250.0,3257.0,3239.8,3251.5,41736625,3576.6,2926.4,4322.95,2866.6,3247.4,30,3,3247.3,16,3,3247.2,43,6,3247.1,64,4,3247.0,89,9,3247.5,3,3,3248.0,200,4,3248.4,114,2,3248.6,46,2,3248.7,1,1
11536,2025-12-30 10:39:35+05:30,3247.5,1,3248.52,266128,95130.0,122602.0,3250.0,3257.0,3239.8,3251.5,41736625,3576.6,2926.4,4322.95,2866.6,3247.4,30,3,3247.3,16,3,3247.2,43,6,3247.1,64,4,3247.0,89,9,3247.5,3,3,3248.0,200,4,3248.4,114,2,3248.6,46,2,3248.7,1,1
11536,2025-12-30 10:39:35+05:30,3247.5,1,3248.52,266129,95110.0,122589.0,3250.0,3257.0,3239.8,3251.5,41736625,3576.6,2926.4,4322.95,2866.6,3247.4,30,3,3247.3,7,2,3247.2,32,5,3247.1,64,4,3247.0,89,9,3247.5,4,4,3248.0,200,4,3248.4,114,2,3248.6,46,2,3248.7,1,1
11536,2025-12-30 10:39:36+05:30,3247.5,3,3248.52,266129,95110.0,122589.0,3250.0,3257.0,3239.8,3251.5,41736625,3576.6,2926.4,4322.95,2866.6,3247.4,30,3,3247.3,7,2,3247.2,32,5,3247.1,64,4,3247.0,89,9,3247.5,4,4,3248.0,200,4,3248.4,114,2,3248.6,46,2,3248.7,1,1
11536,2025-12-30 10:39:36+05:30,3247.5,3,3248.52,266155,95096.0,123136.0,3250.0,3257.0,3239.8,3251.5,41736625,3576.6,2926.4,4322.95,2866.6,3247.5,3,1,3247.4,10,2,3247.3,7,2,3247.2,32,5,3247.1,64,4,3248.0,202,6,3248.4,114,2,3248.6,26,1,3248.7,1,1,3248.8,149,3
11536,2025-12-30 10:39:37+05:30,3247.5,3,3248.52,266155,95400.0,123420.0,3250.0,3257.0,3239.8,3251.5,41736625,3576.6,2926.4,4322.95,2866.6,3247.5,73,5,3247.4,70,4,3247.3,25,3,3247.2,28,5,3247.1,46,3,3248.0,202,6,3248.4,114,2,3248.6,26,1,3248.7,1,1,3248.8,149,3
11536,2025-12-30 10:39:38+05:30,3247.8,12,3248.52,266155,95400.0,123420.0,3250.0,3257.0,3239.8,3251.5,41736625,3576.6,2926.4,4322.95,2866.6,3247.5,73,5,3247.4,70,4,3247.3,25,3,3247.2,28,5,3247.1,46,3,3248.0,202,6,3248.4,114,2,3248.6,26,1,3248.7,1,1,3248.8,149,3
11536,2025-12-30 10:39:38+05:30,3248.0,1,3248.52,266177,95457.0,123704.0,3250.0,3257.0,3239.8,3251.5,41736625,3576.6,2926.4,4322.95,2866.6,3247.8,7,1,3247.5,70,4,3247.4,62,3,3247.3,7,2,3247.2,28,5,3248.0,296,7,3248.4,66,1,3248.6,59,3,3248.7,1,1,3248.8,128,2
11536,2025-12-30 10:39:39+05:30,3247.8,5,3248.52,266177,95457.0,123704.0,3250.0,3257.0,3239.8,3251.5,41736625,3576.6,2926.4,4322.95,2866.6,3247.8,7,1,3247.5,70,4,3247.4,62,3,3247.3,7,2,3247.2,28,5,3248.0,296,7,3248.4,66,1,3248.6,59,3,3248.7,1,1,3248.8,128,2
11536,2025-12-30 10:39:39+05:30,3248.0,33,3248.52,266215,95485.0,123471.0,3250.0,3257.0,3239.8,3251.5,41736625,3576.6,2926.4,4322.95,2866.6,3247.8,2,1,3247.5,70,4,3247.4,47,2,3247.3,7,2,3247.2,54,6,3248.0,264,8,3248.4,66,1,3248.6,33,2,3248.7,1,1,3248.8,128,2
11536,2025-12-30 10:39:40+05:30,3248.0,46,3248.52,266215,95485.0,123471.0,3250.0,3257.0,3239.8,3251.5,41736625,3576.6,2926.4,4322.95,2866.6,3247.8,2,1,3247.5,70,4,3247.4,47,2,3247.3,7,2,3247.2,54,6,3248.0,264,8,3248.4,66,1,3248.6,33,2,3248.7,1,1,3248.8,128,2
11536,2025-12-30 10:39:40+05:30,3248.0,46,3248.52,266326,96249.0,123008.0,3250.0,3257.0,3239.8,3251.5,41736625,3576.6,2926.4,4322.95,2866.6,3247.9,2,1,3247.5,86,6,3247.4,73,4,3247.3,33,3,3247.2,46,6,3248.0,162,10,3248.4,69,2,3249.0,49,4,3249.1,182,2,3249.2,71,4
11536,2025-12-30 10:39:41+05:30,3247.9,6,3248.52,266326,96249.0,123008.0,3250.0,3257.0,3239.8,3251.5,41736625,3576.6,2926.4,4322.95,2866.6,3247.9,2,1,3247.5,86,6,3247.4,73,4,3247.3,33,3,3247.2,46,6,3248.0,162,10,3248.4,69,2,3249.0,49,4,3249.1,182,2,3249.2,71,4
11536,2025-12-30 10:39:41+05:30,3247.9,6,3248.52,266332,96254.0,122834.0,3250.0,3257.0,3239.8,3251.5,41736625,3576.6,2926.4,4322.95,2866.6,3247.9,19,1,3247.5,86,6,3247.4,73,4,3247.3,33,3,3247.2,28,5,3248.0,163,11,3248.4,69,2,3249.0,49,4,3249.1,182,2,3249.2,71,4
11536,2025-12-30 10:39:42+05:30,3247.9,30,3248.52,266332,96254.0,122834.0,3250.0,3257.0,3239.8,3251.5,41736625,3576.6,2926.4,4322.95,2866.6,3247.9,19,1,3247.5,86,6,3247.4,73,4,3247.3,33,3,3247.2,28,5,3248.0,163,11,3248.4,69,2,3249.0,49,4,3249.1,182,2,3249.2,71,4
11536,2025-12-30 10:39:42+05:30,3247.9,1,3248.52,266383,95649.0,123532.0,3250.0,3257.0,3239.8,3251.5,41736625,3576.6,2926.4,4322.95,2866.6,3247.9,38,2,3247.5,55,2,3247.4,63,4,3247.3,21,3,3247.2,46,7,3248.0,157,10,3248.4,69,2,3248.6,15,1,3248.7,26,1,3248.9,1,1
11536,2025-12-30 10:39:43+05:30,3247.9,8,3248.52,266413,95545.0,123193.0,3250.0,3257.0,3239.8,3251.5,41736625,3576.6,2926.4,4322.95,2866.6,3247.9,61,2,3247.5,64,3,3247.4,53,3,3247.3,21,3,3247.2,46,7,3248.0,154,10,3248.4,69,2,3248.6,15,1,3248.7,26,1,3248.9,7,2
11536,2025-12-30 10:39:43+05:30,3247.9,8,3248.52,266413,95545.0,123193.0,3250.0,3257.0,3239.8,3251.5,41736625,3576.6,2926.4,4322.95,2866.6,3247.9,61,2,3247.5,64,3,3247.4,53,3,3247.3,21,3,3247.2,46,7,3248.0,154,10,3248.4,69,2,3248.6,15,1,3248.7,26,1,3248.9,7,2
11536,2025-12-30 10:39:44+05:30,3247.9,1,3248.52,266419,95536.0,123193.0,3250.0,3257.0,3239.8,3251.5,41736625,3576.6,2926.4,4322.95,2866.6,3247.9,55,2,3247.5,64,3,3247.4,47,2,3247.3,21,3,3247.2,46,7,3248.0,154,10,3248.4,69,2,3248.6,15,1,3248.7,26,1,3248.9,7,2
11536,2025-12-30 10:39:44+05:30,3247.9,1,3248.52,266419,95536.0,123193.0,3250.0,3257.0,3239.8,3251.5,41736625,3576.6,2926.4,4322.95,2866.6,3247.9,55,2,3247.5,64,3,3247.4,47,2,3247.3,21,3,3247.2,46,7,3248.0,154,10,3248.4,69,2,3248.6,15,1,3248.7,26,1,3248.9,7,2
11536,2025-12-30 10:39:45+05:30,3247.9,3,3248.52,266434,95563.0,122646.0,3250.0,3257.0,3239.8,3251.5,41736625,3576.6,2926.4,4322.95,2866.6,3247.9,59,2,3247.5,55,2,3247.4,47,2,3247.3,21,3,3247.2,46,7,3248.0,154,10,3248.4,69,2,3248.6,15,1,3248.7,26,1,3248.9,7,2
11536,2025-12-30 10:39:45+05:30,3247.9,7,3248.52,266434,95563.0,122646.0,3250.0,3257.0,3239.8,3251.5,41736625,3576.6,2926.4,4322.95,2866.6,3247.9,59,2,3247.5,55,2,3247.4,47,2,3247.3,21,3,3247.2,46,7,3248.0,154,10,3248.4,69,2,3248.6,15,1,3248.7,26,1,3248.9,7,2
11536,2025-12-30 10:39:46+05:30,3247.9,1,3248.52,266449,95620.0,122640.0,3250.0,3257.0,3239.8,3251.5,41736625,3576.6,2926.4,4322.95,2866.6,3247.9,97,3,3247.7,9,1,3247.5,55,2,3247.4,56,3,3247.3,21,3,3248.0,154,11,3248.4,69,2,3248.6,15,1,3248.7,26,1,3248.9,7,2
11536,2025-12-30 10:39:46+05:30,3247.9,4,3248.52,266449,95620.0,122640.0,3250.0,3257.0,3239.8,3251.5,41736625,3576.6,2926.4,4322.95,2866.6,3247.9,97,3,3247.7,9,1,3247.5,55,2,3247.4,56,3,3247.3,21,3,3248.0,154,11,3248.4,69,2,3248.6,15,1,3248.7,26,1,3248.9,7,2
11536,2025-12-30 10:39:47+05:30,3247.9,1,3248.52,266449,95620.0,122640.0,3250.0,3257.0,3239.8,3251.5,41736625,3576.6,2926.4,4322.95,2866.6,3247.9,97,3,3247.7,9,1,3247.5,55,2,3247.4,56,3,3247.3,21,3,3248.0,154,11,3248.4,69,2,3248.6,15,1,3248.7,26,1,3248.9,7,2
11536,2025-12-30 10:39:47+05:30,3247.9,1,3248.52,266462,95614.0,122671.0,3250.0,3257.0,3239.8,3251.5,41736625,3576.6,2926.4,4322.95,2866.6,3247.9,85,3,3247.7,9,1,3247.5,55,2,3247.4,56,3,3247.3,21,3,3248.0,150,8,3248.4,69,2,3248.6,34,2,3248.7,32,2,3248.9,1,1
11536,2025-12-30 10:39:48+05:30,3247.9,2,3248.52,266462,95614.0,122671.0,3250.0,3257.0,3239.8,3251.5,41736625,3576.6,2926.4,4322.95,2866.6,3247.9,85,3,3247.7,9,1,3247.5,55,2,3247.4,56,3,3247.3,21,3,3248.0,150,8,3248.4,69,2,3248.6,34,2,3248.7,32,2,3248.9,1,1
11536,2025-12-30 10:39:48+05:30,3247.9,2,3248.52,266484,95405.0,122670.0,3250.0,3257.0,3239.8,3251.5,41736625,3576.6,2926.4,4322.95,2866.6,3247.9,71,3,3247.5,45,1,3247.4,48,3,3247.3,30,4,3247.2,20,4,3248.0,149,8,3248.4,69,2,3248.5,34,2,3248.7,32,2,3248.9,1,1
11536,2025-12-30 10:39:49+05:30,3247.9,3,3248.52,266484,95405.0,122670.0,3250.0,3257.0,3239.8,3251.5,41736625,3576.6,2926.4,4322.95,2866.6,3247.9,71,3,3247.5,45,1,3247.4,48,3,3247.3,30,4,3247.2,20,4,3248.0,149,8,3248.4,69,2,3248.5,34,2,3248.7,32,2,3248.9,1,1
11536,2025-12-30 10:39:49+05:30,3247.9,3,3248.52,266504,95388.0,122647.0,3250.0,3257.0,3239.8,3251.5,41736625,3576.6,2926.4,4322.95,2866.6,3247.9,71,3,3247.5,45,1,3247.4,48,3,3247.3,16,3,3247.2,5,3,3248.0,149,9,3248.4,84,3,3248.5,19,1,3248.7,32,2,3248.9,1,1
11536,2025-12-30 10:39:50+05:30,3247.9,1,3248.52,266504,95388.0,122647.0,3250.0,3257.0,3239.8,3251.5,41736625,3576.6,2926.4,4322.95,2866.6,3247.9,71,3,3247.5,45,1,3247.4,48,3,3247.3,16,3,3247.2,5,3,3248.0,149,9,3248.4,84,3,3248.5,19,1,3248.7,32,2,3248.9,1,1
11536,2025-12-30 10:39:50+05:30,3247.9,1,3248.52,266507,95424.0,122648.0,3250.0,3257.0,3239.8,3251.5,41736625,3576.6,2926.4,4322.95,2866.6,3247.9,68,3,3247.5,45,1,3247.4,48,3,3247.3,16,3,3247.2,5,3,3248.0,150,10,3248.3,15,1,3248.4,69,2,3248.5,19,1,3248.7,32,2
11536,2025-12-30 10:39:51+05:30,3247.9,1,3248.52,266507,95424.0,122648.0,3250.0,3257.0,3239.8,3251.5,41736625,3576.6,2926.4,4322.95,2866.6,3247.9,68,3,3247.5,45,1,3247.4,48,3,3247.3,16,3,3247.2,5,3,3248.0,150,10,3248.3,15,1,3248.4,69,2,3248.5,19,1,3248.7,32,2
11536,2025-12-30 10:39:51+05:30,3247.9,1,3248.52,266515,95399.0,122513.0,3250.0,3257.0,3239.8,3251.5,41736625,3576.6,2926.4,4322.95,2866.6,3247.9,60,3,3247.5,48,2,3247.4,57,4,3247.3,7,2,3247.2,10,3,3248.0,150,10,3248.3,19,1,3248.4,69,2,3248.6,16,1,3248.7,26,1
11536,2025-12-30 10:39:52+05:30,3247.9,1,3248.52,266515,95399.0,122513.0,3250.0,3257.0,3239.8,3251.5,41736625,3576.6,2926.4,4322.95,2866.6,3247.9,60,3,3247.5,48,2,3247.4,57,4,3247.3,7,2,3247.2,10,3,3248.0,150,10,3248.3,19,1,3248.4,69,2,3248.6,16,1,3248.7,26,1
11536,2025-12-30 10:39:52+05:30,3247.9,1,3248.52,266525,92370.0,122525.0,3250.0,3257.0,3239.8,3251.5,41736625,3576.6,2926.4,4322.95,2866.6,3247.9,50,3,3247.5,48,2,3247.4,48,3,3247.3,7,2,3247.2,4,2,3248.0,150,10,3248.3,19,1,3248.4,69,2,3248.6,22,2,3248.7,26,1
11536,2025-12-30 10:39:53+05:30,3247.9,2,3248.52,266525,92370.0,122525.0,3250.0,3257.0,3239.8,3251.5,41736625,3576.6,2926.4,4322.95,2866.6,3247.9,50,3,3247.5,48,2,3247.4,48,3,3247.3,7,2,3247.2,4,2,3248.0,150,10,3248.3,19,1,3248.4,69,2,3248.6,22,2,3248.7,26,1
11536,2025-12-30 10:39:53+05:30,3247.9,2,3248.52,266530,95510.0,122485.0,3250.0,3257.0,3239.8,3251.5,41736625,3576.6,2926.4,4322.95,2866.6,3247.9,45,3,3247.5,48,2,3247.4,48,3,3247.3,7,2,3247.2,12,3,3248.0,151,11,3248.3,19,1,3248.4,85,3,3248.5,26,1,3248.6,6,1
11536,2025-12-30 10:39:54+05:30,3247.9,1,3248.52,266530,95510.0,122485.0,3250.0,3257.0,3239.8,3251.5,41736625,3576.6,2926.4,4322.95,2866.6,3247.9,45,3,3247.5,48,2,3247.4,48,3,3247.3,7,2,3247.2,12,3,3248.0,151,11,3248.3,19,1,3248.4,85,3,3248.5,26,1,3248.6,6,1
11536,2025-12-30 10:39:54+05:30,3248.0,34,3248.52,266571,94992.0,122448.0,3250.0,3257.0,3239.8,3251.5,41736625,3576.6,2926.4,4322.95,2866.6,3247.9,39,3,3247.5,48,2,3247.4,48,3,3247.3,15,3,3247.2,4,2,3248.0,114,9,3248.3,35,2,3248.4,69,2,3248.5,26,1,3248.6,6,1
11536,2025-12-30 10:39:55+05:30,3248.0,1,3248.52,266571,94992.0,122448.0,3250.0,3257.0,3239.8,3251.5,41736625,3576.6,2926.4,4322.95,2866.6,3247.9,39,3,3247.5,48,2,3247.4,48,3,3247.3,15,3,3247.2,4,2,3248.0,114,9,3248.3,35,2,3248.4,69,2,3248.5,26,1,3248.6,6,1
11536,2025-12-30 10:39:55+05:30,3248.0,1,3248.52,266576,95526.0,122353.0,3250.0,3257.0,3239.8,3251.5,41736625,3576.6,2926.4,4322.95,2866.6,3247.9,35,3,3247.5,56,3,3247.4,48,3,3247.3,7,2,3247.2,12,3,3248.0,114,9,3248.3,19,1,3248.4,69,2,3248.6,16,1,3248.7,26,1
11536,2025-12-30 10:39:56+05:30,3247.9,2,3248.52,266576,95526.0,122353.0,3250.0,3257.0,3239.8,3251.5,41736625,3576.6,2926.4,4322.95,2866.6,3247.9,35,3,3247.5,56,3,3247.4,48,3,3247.3,7,2,3247.2,12,3,3248.0,114,9,3248.3,19,1,3248.4,69,2,3248.6,16,1,3248.7,26,1
11536,2025-12-30 10:39:56+05:30,3247.9,5,3248.52,266590,95502.0,122536.0,3250.0,3257.0,3239.8,3251.5,41736625,3576.6,2926.4,4322.95,2866.6,3247.9,21,2,3247.5,56,3,3247.4,48,3,3247.3,7,2,3247.2,12,3,3248.0,124,7,3248.3,19,1,3248.4,69,2,3248.6,16,1,3248.7,26,1
11536,2025-12-30 10:39:57+05:30,3247.9,1,3248.52,266590,95502.0,122536.0,3250.0,3257.0,3239.8,3251.5,41736625,3576.6,2926.4,4322.95,2866.6,3247.9,21,2,3247.5,56,3,3247.4,48,3,3247.3,7,2,3247.2,12,3,3248.0,124,7,3248.3,19,1,3248.4,69,2,3248.6,16,1,3248.7,26,1
11536,2025-12-30 10:39:57+05:30,3247.9,6,3248.52,266598,95507.0,122919.0,3250.0,3257.0,3239.8,3251.5,41736625,3576.6,2926.4,4322.95,2866.6,3247.9,20,2,3247.5,48,2,3247.4,48,3,3247.3,15,3,3247.2,4,2,3248.0,123,6,3248.3,35,2,3248.4,410,3,3248.7,26,1,3248.8,6,1
11536,2025-12-30 10:39:58+05:30,3247.9,7,3248.52,266598,95507.0,122919.0,3250.0,3257.0,3239.8,3251.5,41736625,3576.6,2926.4,4322.95,2866.6,3247.9,20,2,3247.5,48,2,3247.4,48,3,3247.3,15,3,3247.2,4,2,3248.0,123,6,3248.3,35,2,3248.4,410,3,3248.7,26,1,3248.8,6,1
11536,2025-12-30 10:39:58+05:30,3247.9,7,3248.52,266605,95487.0,122912.0,3250.0,3257.0,3239.8,3251.5,41736625,3576.6,2926.4,4322.95,2866.6,3247.9,13,2,3247.5,48,2,3247.4,48,3,3247.3,15,3,3247.2,4,2,3248.0,124,7,3248.3,19,1,3248.4,410,3,3248.6,16,1,3248.7,26,1
11536,2025-12-30 10:39:59+05:30,3247.9,4,3248.52,266605,95487.0,122912.0,3250.0,3257.0,3239.8,3251.5,41736625,3576.6,2926.4,4322.95,2866.6,3247.9,13,2,3247.5,48,2,3247.4,48,3,3247.3,15,3,3247.2,4,2,3248.0,124,7,3248.3,19,1,3248.4,410,3,3248.6,16,1,3248.7,26,1
11536,2025-12-30 10:39:59+05:30,3247.9,1,3248.52,266612,95499.0,122923.0,3250.0,3257.0,3239.8,3251.5,41736625,3576.6,2926.4,4322.95,2866.6,3247.9,25,2,3247.5,48,2,3247.4,48,3,3247.3,15,3,3247.2,30,3,3248.0,127,10,3248.3,19,1,3248.4,410,3,3248.6,16,1,3248.7,26,1
11536,2025-12-30 10:40:00+05:30,3248.0,1,3248.52,266612,95499.0,122923.0,3250.0,3257.0,3239.8,3251.5,41736625,3576.6,2926.4,4322.95,2866.6,3247.9,25,2,3247.5,48,2,3247.4,48,3,3247.3,15,3,3247.2,30,3,3248.0,127,10,3248.3,19,1,3248.4,410,3,3248.6,16,1,3248.7,26,1
11536,2025-12-30 10:40:00+05:30,3247.9,1,3248.52,266617,95563.0,123074.0,3250.0,3257.0,3239.8,3251.5,41736625,3576.6,2926.4,4322.95,2866.6,3247.9,66,3,3247.5,56,3,3247.4,56,4,3247.3,7,2,3247.2,49,5,3248.0,127,11,3248.3,19,1,3248.4,410,3,3248.6,16,1,3248.7,26,1
11536,2025-12-30 10:40:01+05:30,3247.9,1,3248.52,266617,95563.0,123074.0,3250.0,3257.0,3239.8,3251.5,41736625,3576.6,2926.4,4322.95,2866.6,3247.9,66,3,3247.5,56,3,3247.4,56,4,3247.3,7,2,3247.2,49,5,3248.0,127,11,3248.3,19,1,3248.4,410,3,3248.6,16,1,3248.7,26,1
11536,2025-12-30 10:40:01+05:30,3248.0,1,3248.52,266621,95741.0,122870.0,3250.0,3257.0,3239.8,3251.5,41736625,3576.6,2926.4,4322.95,2866.6,3247.9,70,3,3247.7,12,2,3247.6,5,1,3247.5,48,2,3247.4,69,6,3248.0,127,12,3248.3,19,1,3248.4,410,3,3248.7,16,1,3248.8,26,1
11536,2025-12-30 10:40:02+05:30,3247.9,36,3248.52,266621,95741.0,122870.0,3250.0,3257.0,3239.8,3251.5,41736625,3576.6,2926.4,4322.95,2866.6,3247.9,70,3,3247.7,12,2,3247.6,5,1,3247.5,48,2,3247.4,69,6,3248.0,127,12,3248.3,19,1,3248.4,410,3,3248.7,16,1,3248.8,26,1
11536,2025-12-30 10:40:02+05:30,3247.9,36,3248.52,266675,95712.0,122877.0,3250.0,3257.0,3239.8,3251.5,41736625,3576.6,2926.4,4322.95,2866.6,3247.9,24,3,3247.5,48,2,3247.4,56,4,3247.3,7,2,3247.2,28,5,3248.0,126,10,3248.3,19,1,3248.4,410,3,3248.7,16,1,3248.8,34,2
11536,2025-12-30 10:40:03+05:30,3247.9,1,3248.52,266675,95712.0,122877.0,3250.0,3257.0,3239.8,3251.5,41736625,3576.6,2926.4,4322.95,2866.6,3247.9,24,3,3247.5,48,2,3247.4,56,4,3247.3,7,2,3247.2,28,5,3248.0,126,10,3248.3,19,1,3248.4,410,3,3248.7,16,1,3248.8,34,2
11536,2025-12-30 10:40:03+05:30,3247.9,1,3248.52,266677,95691.0,122868.0,3250.0,3257.0,3239.8,3251.5,41736625,3576.6,2926.4,4322.95,2866.6,3247.9,22,3,3247.5,56,3,3247.4,48,3,3247.3,7,2,3247.2,28,5,3248.0,125,9,3248.3,19,1,3248.4,410,3,3248.7,16,1,3248.8,34,2
11536,2025-12-30 10:40:04+05:30,3247.9,1,3248.52,266677,95691.0,122868.0,3250.0,3257.0,3239.8,3251.5,41736625,3576.6,2926.4,4322.95,2866.6,3247.9,22,3,3247.5,56,3,3247.4,48,3,3247.3,7,2,3247.2,28,5,3248.0,125,9,3248.3,19,1,3248.4,410,3,3248.7,16,1,3248.8,34,2
11536,2025-12-30 10:40:04+05:30,3247.9,4,3248.52,266695,95507.0,122871.0,3250.0,3257.0,3239.8,3251.5,41736625,3576.6,2926.4,4322.95,2866.6,3247.9,11,2,3247.5,48,2,3247.4,48,3,3247.3,15,3,3247.2,15,3,3248.0,122,7,3248.3,19,1,3248.4,410,3,3248.7,16,1,3248.8,34,2
11536,2025-12-30 10:40:05+05:30,3247.9,1,3248.52,266695,95507.0,122871.0,3250.0,3257.0,3239.8,3251.5,41736625,3576.6,2926.4,4322.95,2866.6,3247.9,11,2,3247.5,48,2,3247.4,48,3,3247.3,15,3,3247.2,15,3,3248.0,122,7,3248.3,19,1,3248.4,410,3,3248.7,16,1,3248.8,34,2
11536,2025-12-30 10:40:05+05:30,3247.9,7,3248.52,266709,95331.0,123243.0,3250.0,3257.0,3239.8,3251.5,41736625,3576.6,2926.4,4322.95,2866.6,3247.9,7,1,3247.5,48,2,3247.4,48,3,3247.3,7,2,3247.2,15,3,3248.0,120,8,3248.3,19,1,3248.4,410,3,3248.5,16,1,3248.6,34,2
11536,2025-12-30 10:40:06+05:30,3247.9,1,3248.52,266709,95331.0,123243.0,3250.0,3257.0,3239.8,3251.5,41736625,3576.6,2926.4,4322.95,2866.6,3247.9,7,1,3247.5,48,2,3247.4,48,3,3247.3,7,2,3247.2,15,3,3248.0,120,8,3248.3,19,1,3248.4,410,3,3248.5,16,1,3248.6,34,2
11536,2025-12-30 10:40:06+05:30,3248.0,1,3248.52,266715,95508.0,123426.0,3250.0,3257.0,3239.8,3251.5,41736625,3576.6,2926.4,4322.95,2866.6,3247.9,2,1,3247.5,48,2,3247.4,48,3,3247.3,7,2,3247.2,4,2,3248.0,119,8,3248.3,43,3,3248.4,410,3,3248.5,5,1,3248.6,34,2
11536,2025-12-30 10:40:07+05:30,3247.9,1,3248.52,266715,95508.0,123426.0,3250.0,3257.0,3239.8,3251.5,41736625,3576.6,2926.4,4322.95,2866.6,3247.9,2,1,3247.5,48,2,3247.4,48,3,3247.3,7,2,3247.2,4,2,3248.0,119,8,3248.3,43,3,3248.4,410,3,3248.5,5,1,3248.6,34,2
11536,2025-12-30 10:40:07+05:30,3247.9,21,3248.52,266740,95231.0,123482.0,3250.0,3257.0,3239.8,3251.5,41736625,3576.6,2926.4,4322.95,2866.6,3247.5,48,2,3247.4,55,4,3247.3,7,2,3247.2,8,2,3247.1,41,5,3247.7,9,1,3248.0,119,8,3248.3,35,2,3248.4,410,3,3248.6,34,2
11536,2025-12-30 10:40:08+05:30,3247.5,7,3248.52,266740,95231.0,123482.0,3250.0,3257.0,3239.8,3251.5,41736625,3576.6,2926.4,4322.95,2866.6,3247.5,48,2,3247.4,55,4,3247.3,7,2,3247.2,8,2,3247.1,41,5,3247.7,9,1,3248.0,119,8,3248.3,35,2,3248.4,410,3,3248.6,34,2
11536,2025-12-30 10:40:08+05:30,3247.5,7,3248.52,266752,95389.0,123469.0,3250.0,3257.0,3239.8,3251.5,41736625,3576.6,2926.4,4322.95,2866.6,3247.5,37,2,3247.4,55,4,3247.3,7,2,3247.2,8,2,3247.1,41,5,3247.7,11,4,3248.0,118,7,3248.3,35,2,3248.4,410,3,3248.6,34,2
11536,2025-12-30 10:40:09+05:30,3247.5,2,3248.52,266752,95389.0,123469.0,3250.0,3257.0,3239.8,3251.5,41736625,3576.6,2926.4,4322.95,2866.6,3247.5,37,2,3247.4,55,4,3247.3,7,2,3247.2,8,2,3247.1,41,5,3247.7,11,4,3248.0,118,7,3248.3,35,2,3248.4,410,3,3248.6,34,2
11536,2025-12-30 10:40:09+05:30,3247.7,1,3248.52,266789,95293.0,123618.0,3250.0,3257.0,3239.8,3251.5,41736625,3576.6,2926.4,4322.95,2866.6,3247.5,82,3,3247.4,48,3,3247.3,7,2,3247.2,1,1,3247.1,36,4,3247.7,32,3,3248.0,102,4,3248.3,35,2,3248.4,417,4,3248.5,5,1
11536,2025-12-30 10:40:10+05:30,3247.5,1,3248.52,266789,95293.0,123618.0,3250.0,3257.0,3239.8,3251.5,41736625,3576.6,2926.4,4322.95,2866.6,3247.5,82,3,3247.4,48,3,3247.3,7,2,3247.2,1,1,3247.1,36,4,3247.7,32,3,3248.0,102,4,3248.3,35,2,3248.4,417,4,3248.5,5,1
11536,2025-12-30 10:40:10+05:30,3247.5,1,3248.52,266868,92448.0,123188.0,3250.0,3257.0,3239.8,3251.5,41736625,3576.6,2926.4,4322.95,2866.6,3247.5,80,3,3247.4,58,4,3247.3,7,2,3247.2,8,2,3247.1,52,5,3247.7,35,3,3248.0,419,3,3248.4,76,3,3248.6,34,2,3248.7,5,1
11536,2025-12-30 10:40:11+05:30,3247.5,1,3248.52,266868,95423.0,123461.0,3250.0,3257.0,3239.8,3251.5,41736625,3576.6,2926.4,4322.95,2866.6,3247.5,80,3,3247.4,58,4,3247.3,7,2,3247.2,8,2,3247.1,52,5,3247.7,35,3,3248.0,419,3,3248.4,76,3,3248.6,34,2,3248.7,5,1
11536,2025-12-30 10:40:12+05:30,3247.5,1,3248.52,266868,95423.0,123461.0,3250.0,3257.0,3239.8,3251.5,41736625,3576.6,2926.4,4322.95,2866.6,3247.5,80,3,3247.4,58,4,3247.3,7,2,3247.2,8,2,3247.1,52,5,3247.7,35,3,3248.0,419,3,3248.4,76,3,3248.6,34,2,3248.7,5,1
11536,2025-12-30 10:40:12+05:30,3247.5,1,3248.52,266892,94931.0,123427.0,3250.0,3257.0,3239.8,3251.5,41736625,3576.6,2926.4,4322.95,2866.6,3247.5,74,4,3247.4,58,4,3247.3,15,3,3247.2,1,1,3247.1,36,4,3247.7,34,4,3248.0,419,3,3248.3,37,2,3248.4,76,3,3248.6,34,2
11536,2025-12-30 10:40:13+05:30,3247.7,3,3248.52,266892,94931.0,123427.0,3250.0,3257.0,3239.8,3251.5,41736625,3576.6,2926.4,4322.95,2866.6,3247.5,74,4,3247.4,58,4,3247.3,15,3,3247.2,1,1,3247.1,36,4,3247.7,34,4,3248.0,419,3,3248.3,37,2,3248.4,76,3,3248.6,34,2
11536,2025-12-30 10:40:13+05:30,3247.7,3,3248.52,266940,94931.0,123480.0,3250.0,3257.0,3239.8,3251.5,41736625,3576.6,2926.4,4322.95,2866.6,3247.5,61,2,3247.4,58,4,3247.3,7,2,3247.2,9,2,3247.1,28,3,3247.7,60,6,3248.0,341,1,3248.2,37,2,3248.4,76,3,3248.6,35,3
11536,2025-12-30 10:40:14+05:30,3247.5,6,3248.52,266940,94931.0,123480.0,3250.0,3257.0,3239.8,3251.5,41736625,3576.6,2926.4,4322.95,2866.6,3247.5,61,2,3247.4,58,4,3247.3,7,2,3247.2,9,2,3247.1,28,3,3247.7,60,6,3248.0,341,1,3248.2,37,2,3248.4,76,3,3248.6,35,3
11536,2025-12-30 10:40:14+05:30,3247.5,6,3248.52,266947,95015.0,123478.0,3250.0,3257.0,3239.8,3251.5,41736625,3576.6,2926.4,4322.95,2866.6,3247.5,127,2,3247.4,76,5,3247.3,7,2,3247.2,1,1,3247.1,36,4,3247.7,58,5,3248.0,341,1,3248.2,37,2,3248.4,76,3,3248.6,35,3
11536,2025-12-30 10:40:15+05:30,3247.5,3,3248.52,266947,95015.0,123478.0,3250.0,3257.0,3239.8,3251.5,41736625,3576.6,2926.4,4322.95,2866.6,3247.5,127,2,3247.4,76,5,3247.3,7,2,3247.2,1,1,3247.1,36,4,3247.7,58,5,3248.0,341,1,3248.2,37,2,3248.4,76,3,3248.6,35,3
11536,2025-12-30 10:40:15+05:30,3247.5,3,3248.52,266980,95004.0,123463.0,3250.0,3257.0,3239.8,3251.5,41736625,3576.6,2926.4,4322.95,2866.6,3247.5,109,2,3247.4,76,5,3247.3,7,2,3247.2,1,1,3247.1,28,3,3247.7,43,6,3248.0,341,1,3248.2,37,2,3248.4,76,3,3248.6,35,3
11536,2025-12-30 10:40:16+05:30,3247.5,9,3248.52,266990,95679.0,123387.0,3250.0,3257.0,3239.8,3251.5,41736625,3576.6,2926.4,4322.95,2866.6,3247.5,118,3,3247.4,58,4,3247.3,7,2,3247.2,8,2,3247.1,33,4,3247.7,44,8,3248.0,341,1,3248.2,37,2,3248.4,76,3,3248.6,35,3
11536,2025-12-30 10:40:16+05:30,3247.5,9,3248.52,266990,95679.0,123387.0,3250.0,3257.0,3239.8,3251.5,41736625,3576.6,2926.4,4322.95,2866.6,3247.5,118,3,3247.4,58,4,3247.3,7,2,3247.2,8,2,3247.1,33,4,3247.7,44,8,3248.0,341,1,3248.2,37,2,3248.4,76,3,3248.6,35,3
11536,2025-12-30 10:40:17+05:30,3247.5,1,3248.52,266990,95679.0,123387.0,3250.0,3257.0,3239.8,3251.5,41736625,3576.6,2926.4,4322.95,2866.6,3247.5,118,3,3247.4,58,4,3247.3,7,2,3247.2,8,2,3247.1,33,4,3247.7,44,8,3248.0,341,1,3248.2,37,2,3248.4,76,3,3248.6,35,3
11536,2025-12-30 10:40:17+05:30,3247.5,1,3248.52,266994,95737.0,123324.0,3250.0,3257.0,3239.8,3251.5,41736625,3576.6,2926.4,4322.95,2866.6,3247.5,115,3,3247.4,58,4,3247.3,14,3,3247.2,1,1,3247.1,33,4,3247.7,45,10,3248.0,341,1,3248.2,20,1,3248.4,76,3,3248.5,17,1
11536,2025-12-30 10:40:18+05:30,3247.6,15,3248.52,267049,95612.0,123380.0,3250.0,3257.0,3239.8,3251.5,41736625,3576.6,2926.4,4322.95,2866.6,3247.6,3,1,3247.5,97,2,3247.4,58,4,3247.3,7,2,3247.2,1,1,3247.7,47,11,3248.0,341,1,3248.1,17,1,3248.2,20,1,3248.4,76,3
11536,2025-12-30 10:40:18+05:30,3247.6,3,3248.52,267049,95612.0,123380.0,3250.0,3257.0,3239.8,3251.5,41736625,3576.6,2926.4,4322.95,2866.6,3247.6,3,1,3247.5,97,2,3247.4,58,4,3247.3,7,2,3247.2,1,1,3247.7,47,11,3248.0,341,1,3248.1,17,1,3248.2,20,1,3248.4,76,3
11536,2025-12-30 10:40:19+05:30,3247.6,1,3248.52,267049,95612.0,123380.0,3250.0,3257.0,3239.8,3251.5,41736625,3576.6,2926.4,4322.95,2866.6,3247.6,3,1,3247.5,97,2,3247.4,58,4,3247.3,7,2,3247.2,1,1,3247.7,47,11,3248.0,341,1,3248.1,17,1,3248.2,20,1,3248.4,76,3
11536,2025-12-30 10:40:19+05:30,3247.6,1,3248.52,267060,95537.0,123286.0,3250.0,3257.0,3239.8,3251.5,41736625,3576.6,2926.4,4322.95,2866.6,3247.6,10,1,3247.5,97,2,3247.4,58,4,3247.3,7,2,3247.2,1,1,3247.7,59,10,3248.0,341,1,3248.1,37,2,3248.2,14,1,3248.3,24,2
11536,2025-12-30 10:40:20+05:30,3247.6,5,3248.52,267060,95537.0,123286.0,3250.0,3257.0,3239.8,3251.5,41736625,3576.6,2926.4,4322.95,2866.6,3247.6,10,1,3247.5,97,2,3247.4,58,4,3247.3,7,2,3247.2,1,1,3247.7,59,10,3248.0,341,1,3248.1,37,2,3248.2,14,1,3248.3,24,2
11536,2025-12-30 10:40:20+05:30,3247.6,5,3248.52,267084,95520.0,123283.0,3250.0,3257.0,3239.8,3251.5,41736625,3576.6,2926.4,4322.95,2866.6,3247.6,12,1,3247.5,97,2,3247.4,58,4,3247.3,7,2,3247.2,1,1,3247.7,57,9,3248.0,341,1,3248.1,37,2,3248.2,14,1,3248.3,24,2
11536,2025-12-30 10:40:21+05:30,3247.7,1,3248.52,267099,95514.0,123270.0,3250.0,3257.0,3239.8,3251.5,41736625,3576.6,2926.4,4322.95,2866.6,3247.6,18,1,3247.5,97,2,3247.4,58,4,3247.3,7,2,3247.2,1,1,3247.7,56,9,3248.0,341,1,3248.1,37,2,3248.2,14,1,3248.3,16,1
11536,2025-12-30 10:40:21+05:30,3247.6,2,3248.52,267099,95514.0,123270.0,3250.0,3257.0,3239.8,3251.5,41736625,3576.6,2926.4,4322.95,2866.6,3247.6,18,1,3247.5,97,2,3247.4,58,4,3247.3,7,2,3247.2,1,1,3247.7,56,9,3248.0,341,1,3248.1,37,2,3248.2,14,1,3248.3,16,1
11536,2025-12-30 10:40:22+05:30,3248.0,4,3248.52,267099,95514.0,123270.0,3250.0,3257.0,3239.8,3251.5,41736625,3576.6,2926.4,4322.95,2866.6,3247.6,18,1,3247.5,97,2,3247.4,58,4,3247.3,7,2,3247.2,1,1,3247.7,56,9,3248.0,341,1,3248.1,37,2,3248.2,14,1,3248.3,16,1
11536,2025-12-30 10:40:22+05:30,3248.0,4,3248.52,267177,94982.0,122834.0,3250.0,3257.0,3239.8,3251.5,41736625,3576.6,2926.4,4322.95,2866.6,3247.6,15,1,3247.5,97,2,3247.4,58,4,3247.3,7,2,3247.2,1,1,3247.8,12,3,3248.0,337,1,3248.3,18,1,3248.4,98,4,3248.5,15,1
11536,2025-12-30 10:40:23+05:30,3248.0,4,3248.52,267177,95492.0,123189.0,3250.0,3257.0,3239.8,3251.5,41736625,3576.6,2926.4,4322.95,2866.6,3247.6,15,1,3247.5,97,2,3247.4,58,4,3247.3,7,2,3247.2,1,1,3247.8,12,3,3248.0,337,1,3248.3,18,1,3248.4,98,4,3248.5,20,2
11536,2025-12-30 10:40:24+05:30,3247.7,23,3248.52,267177,95492.0,123189.0,3250.0,3257.0,3239.8,3251.5,41736625,3576.6,2926.4,4322.95,2866.6,3247.6,15,1,3247.5,97,2,3247.4,58,4,3247.3,7,2,3247.2,1,1,3247.8,12,3,3248.0,337,1,3248.3,18,1,3248.4,98,4,3248.5,20,2
11536,2025-12-30 10:40:24+05:30,3247.7,23,3248.52,267207,95494.0,123320.0,3250.0,3257.0,3239.8,3251.5,41736625,3576.6,2926.4,4322.95,2866.6,3247.7,18,1,3247.5,97,2,3247.4,48,3,3247.3,7,2,3247.2,1,1,3247.8,4,3,3248.0,337,1,3248.2,40,2,3248.3,7,1,3248.4,69,2
11536,2025-12-30 10:40:25+05:30,3247.8,1,3248.52,267207,95494.0,123320.0,3250.0,3257.0,3239.8,3251.5,41736625,3576.6,2926.4,4322.95,2866.6,3247.7,18,1,3247.5,97,2,3247.4,48,3,3247.3,7,2,3247.2,1,1,3247.8,4,3,3248.0,337,1,3248.2,40,2,3248.3,7,1,3248.4,69,2
11536,2025-12-30 10:40:25+05:30,3247.8,1,3248.52,267234,95507.0,123628.0,3250.0,3257.0,3239.8,3251.5,41736625,3576.6,2926.4,4322.95,2866.6,3247.8,3,2,3247.7,18,1,3247.5,97,2,3247.4,48,3,3247.3,7,2,3248.0,364,5,3248.1,22,1,3248.2,22,2,3248.3,19,2,3248.4,90,4
11536,2025-12-30 10:40:26+05:30,3247.8,1,3248.52,267234,95499.0,123213.0,3250.0,3257.0,3239.8,3251.5,41736625,3576.6,2926.4,4322.95,2866.6,3247.9,18,1,3247.8,3,2,3247.5,97,2,3247.4,48,3,3247.3,7,2,3248.0,357,4,3248.1,29,2,3248.2,15,1,3248.3,19,2,3248.4,90,4
11536,2025-12-30 10:40:27+05:30,3248.0,1,3248.52,267234,95499.0,123213.0,3250.0,3257.0,3239.8,3251.5,41736625,3576.6,2926.4,4322.95,2866.6,3247.9,18,1,3247.8,3,2,3247.5,97,2,3247.4,48,3,3247.3,7,2,3248.0,357,4,3248.1,29,2,3248.2,15,1,3248.3,19,2,3248.4,90,4
11536,2025-12-30 10:40:27+05:30,3248.0,1,3248.52,267249,95499.0,123288.0,3250.0,3257.0,3239.8,3251.5,41736625,3576.6,2926.4,4322.95,2866.6,3247.9,10,1,3247.8,1,1,3247.5,97,2,3247.4,48,3,3247.3,7,2,3248.0,517,6,3248.1,22,1,3248.3,10,2,3248.4,90,4,3248.5,15,1
11536,2025-12-30 10:40:28+05:30,3248.0,1,3248.52,267249,95499.0,123288.0,3250.0,3257.0,3239.8,3251.5,41736625,3576.6,2926.4,4322.95,2866.6,3247.9,10,1,3247.8,1,1,3247.5,97,2,3247.4,48,3,3247.3,7,2,3248.0,517,6,3248.1,22,1,3248.3,10,2,3248.4,90,4,3248.5,15,1
11536,2025-12-30 10:40:28+05:30,3247.9,2,3248.52,267267,95319.0,123799.0,3250.0,3257.0,3239.8,3251.5,41736625,3576.6,2926.4,4322.95,2866.6,3247.9,16,1,3247.5,97,2,3247.4,48,3,3247.3,7,2,3247.2,1,1,3248.0,500,7,3248.1,22,1,3248.2,25,2,3248.4,96,5,3248.5,15,1
11536,2025-12-30 10:40:31+05:30,3247.9,1,3248.52,267267,95319.0,123799.0,3250.0,3257.0,3239.8,3251.5,41736625,3576.6,2926.4,4322.95,2866.6,3247.9,16,1,3247.5,97,2,3247.4,48,3,3247.3,7,2,3247.2,1,1,3248.0,500,7,3248.1,22,1,3248.2,25,2,3248.4,96,5,3248.5,15,1
11536,2025-12-30 10:40:33+05:30,3248.0,3,3248.52,267349,95459.0,123553.0,3250.0,3257.0,3239.8,3251.5,41736625,3576.6,2926.4,4322.95,2866.6,3247.9,55,4,3247.5,106,3,3247.4,48,3,3247.3,7,2,3247.2,9,3,3248.0,436,7,3248.4,69,2,3248.5,20,1,3248.6,32,3,3248.7,57,3
11536,2025-12-30 10:40:34+05:30,3247.9,12,3248.52,267349,95459.0,123553.0,3250.0,3257.0,3239.8,3251.5,41736625,3576.6,2926.4,4322.95,2866.6,3247.9,55,4,3247.5,106,3,3247.4,48,3,3247.3,7,2,3247.2,9,3,3248.0,436,7,3248.4,69,2,3248.5,20,1,3248.6,32,3,3248.7,57,3
11536,2025-12-30 10:40:36+05:30,3247.9,12,3248.52,267349,95459.0,123553.0,3250.0,3257.0,3239.8,3251.5,41736625,3576.6,2926.4,4322.95,2866.6,3247.9,55,4,3247.5,106,3,3247.4,48,3,3247.3,7,2,3247.2,9,3,3248.0,436,7,3248.4,69,2,3248.5,20,1,3248.6,32,3,3248.7,57,3
11536,2025-12-30 10:40:37+05:30,3247.9,1,3248.52,267349,95459.0,123553.0,3250.0,3257.0,3239.8,3251.5,41736625,3576.6,2926.4,4322.95,2866.6,3247.9,55,4,3247.5,106,3,3247.4,48,3,3247.3,7,2,3247.2,9,3,3248.0,436,7,3248.4,69,2,3248.5,20,1,3248.6,32,3,3248.7,57,3
11536,2025-12-30 10:40:37+05:30,3247.9,1,3248.52,267349,95459.0,123553.0,3250.0,3257.0,3239.8,3251.5,41736625,3576.6,2926.4,4322.95,2866.6,3247.9,55,4,3247.5,106,3,3247.4,48,3,3247.3,7,2,3247.2,9,3,3248.0,436,7,3248.4,69,2,3248.5,20,1,3248.6,32,3,3248.7,57,3
11536,2025-12-30 10:40:37+05:30,3247.9,2,3248.52,267408,95520.0,123878.0,3250.0,3257.0,3239.8,3251.5,41736625,3576.6,2926.4,4322.95,2866.6,3247.9,16,3,3247.5,97,2,3247.4,48,3,3247.3,7,2,3247.2,1,1,3248.0,432,7,3248.2,7,1,3248.3,49,3,3248.4,76,3,3248.5,12,2
11536,2025-12-30 10:40:38+05:30,3247.9,2,3248.52,267408,95520.0,123878.0,3250.0,3257.0,3239.8,3251.5,41736625,3576.6,2926.4,4322.95,2866.6,3247.9,16,3,3247.5,97,2,3247.4,48,3,3247.3,7,2,3247.2,1,1,3248.0,432,7,3248.2,7,1,3248.3,49,3,3248.4,76,3,3248.5,12,2
11536,2025-12-30 10:40:39+05:30,3247.9,2,3248.52,267408,95520.0,123878.0,3250.0,3257.0,3239.8,3251.5,41736625,3576.6,2926.4,4322.95,2866.6,3247.9,16,3,3247.5,97,2,3247.4,48,3,3247.3,7,2,3247.2,1,1,3248.0,432,7,3248.2,7,1,3248.3,49,3,3248.4,76,3,3248.5,12,2
11536,2025-12-30 10:40:40+05:30,3248.0,1,3248.52,267408,95520.0,123878.0,3250.0,3257.0,3239.8,3251.5,41736625,3576.6,2926.4,4322.95,2866.6,3247.9,16,3,3247.5,97,2,3247.4,48,3,3247.3,7,2,3247.2,1,1,3248.0,432,7,3248.2,7,1,3248.3,49,3,3248.4,76,3,3248.5,12,2
11536,2025-12-30 10:40:40+05:30,3248.0,1,3248.52,267408,95520.0,123878.0,3250.0,3257.0,3239.8,3251.5,41736625,3576.6,2926.4,4322.95,2866.6,3247.9,16,3,3247.5,97,2,3247.4,48,3,3247.3,7,2,3247.2,1,1,3248.0,432,7,3248.2,7,1,3248.3,49,3,3248.4,76,3,3248.5,12,2
11536,2025-12-30 10:40:41+05:30,3248.0,1,3248.52,267408,95520.0,123878.0,3250.0,3257.0,3239.8,3251.5,41736625,3576.6,2926.4,4322.95,2866.6,3247.9,16,3,3247.5,97,2,3247.4,48,3,3247.3,7,2,3247.2,1,1,3248.0,432,7,3248.2,7,1,3248.3,49,3,3248.4,76,3,3248.5,12,2
11536,2025-12-30 10:40:42+05:30,3247.9,3,3248.52,267408,95520.0,123878.0,3250.0,3257.0,3239.8,3251.5,41736625,3576.6,2926.4,4322.95,2866.6,3247.9,16,3,3247.5,97,2,3247.4,48,3,3247.3,7,2,3247.2,1,1,3248.0,432,7,3248.2,7,1,3248.3,49,3,3248.4,76,3,3248.5,12,2
11536,2025-12-30 10:40:42+05:30,3247.9,3,3248.52,267485,95648.0,124519.0,3250.0,3257.0,3239.8,3251.5,41736625,3576.6,2926.4,4322.95,2866.6,3247.9,60,3,3247.8,12,1,3247.6,1,1,3247.5,97,2,3247.4,48,3,3248.0,417,9,3248.2,27,2,3248.3,41,3,3248.4,91,4,3248.5,26,2
11536,2025-12-30 10:40:42+05:30,3247.9,3,3248.52,267485,95648.0,124519.0,3250.0,3257.0,3239.8,3251.5,41736625,3576.6,2926.4,4322.95,2866.6,3247.9,60,3,3247.8,12,1,3247.6,1,1,3247.5,97,2,3247.4,48,3,3248.0,417,9,3248.2,27,2,3248.3,41,3,3248.4,91,4,3248.5,26,2
11536,2025-12-30 10:40:43+05:30,3247.9,3,3248.52,267485,95648.0,124519.0,3250.0,3257.0,3239.8,3251.5,41736625,3576.6,2926.4,4322.95,2866.6,3247.9,60,3,3247.8,12,1,3247.6,1,1,3247.5,97,2,3247.4,48,3,3248.0,417,9,3248.2,27,2,3248.3,41,3,3248.4,91,4,3248.5,26,2
11536,2025-12-30 10:40:44+05:30,3247.9,3,3248.52,267485,95648.0,124519.0,3250.0,3257.0,3239.8,3251.5,41736625,3576.6,2926.4,4322.95,2866.6,3247.9,60,3,3247.8,12,1,3247.6,1,1,3247.5,97,2,3247.4,48,3,3248.0,417,9,3248.2,27,2,3248.3,41,3,3248.4,91,4,3248.5,26,2
11536,2025-12-30 10:40:45+05:30,3247.9,3,3248.52,267485,95648.0,124519.0,3250.0,3257.0,3239.8,3251.5,41736625,3576.6,2926.4,4322.95,2866.6,3247.9,60,3,3247.8,12,1,3247.6,1,1,3247.5,97,2,3247.4,48,3,3248.0,417,9,3248.2,27,2,3248.3,41,3,3248.4,91,4,3248.5,26,2
11536,2025-12-30 10:40:46+05:30,3247.9,1,3248.52,267485,95648.0,124519.0,3250.0,3257.0,3239.8,3251.5,41736625,3576.6,2926.4,4322.95,2866.6,3247.9,60,3,3247.8,12,1,3247.6,1,1,3247.5,97,2,3247.4,48,3,3248.0,417,9,3248.2,27,2,3248.3,41,3,3248.4,91,4,3248.5,26,2
11536,2025-12-30 10:40:46+05:30,3247.9,1,3248.52,267485,95648.0,124519.0,3250.0,3257.0,3239.8,3251.5,41736625,3576.6,2926.4,4322.95,2866.6,3247.9,60,3,3247.8,12,1,3247.6,1,1,3247.5,97,2,3247.4,48,3,3248.0,417,9,3248.2,27,2,3248.3,41,3,3248.4,91,4,3248.5,26,2
11536,2025-12-30 10:40:47+05:30,3247.9,1,3248.52,267628,95739.0,124454.0,3250.0,3257.0,3239.8,3251.5,41736625,3576.6,2926.4,4322.95,2866.6,3247.9,146,6,3247.6,1,1,3247.5,97,2,3247.4,48,3,3247.3,7,2,3248.0,296,8,3248.2,20,1,3248.3,13,1,3248.4,109,4,3248.5,26,2
11536,2025-12-30 10:40:48+05:30,3247.9,1,3248.52,267628,95739.0,124454.0,3250.0,3257.0,3239.8,3251.5,41736625,3576.6,2926.4,4322.95,2866.6,3247.9,146,6,3247.6,1,1,3247.5,97,2,3247.4,48,3,3247.3,7,2,3248.0,296,8,3248.2,20,1,3248.3,13,1,3248.4,109,4,3248.5,26,2
11536,2025-12-30 10:40:49+05:30,3247.9,1,3248.52,267628,95739.0,124454.0,3250.0,3257.0,3239.8,3251.5,41736625,3576.6,2926.4,4322.95,2866.6,3247.9,146,6,3247.6,1,1,3247.5,97,2,3247.4,48,3,3247.3,7,2,3248.0,296,8,3248.2,20,1,3248.3,13,1,3248.4,109,4,3248.5,26,2
11536,2025-12-30 10:40:49+05:30,3247.9,1,3248.52,267628,95739.0,124454.0,3250.0,3257.0,3239.8,3251.5,41736625,3576.6,2926.4,4322.95,2866.6,3247.9,146,6,3247.6,1,1,3247.5,97,2,3247.4,48,3,3247.3,7,2,3248.0,296,8,3248.2,20,1,3248.3,13,1,3248.4,109,4,3248.5,26,2
11536,2025-12-30 10:40:51+05:30,3247.9,1,3248.52,267628,95739.0,124454.0,3250.0,3257.0,3239.8,3251.5,41736625,3576.6,2926.4,4322.95,2866.6,3247.9,146,6,3247.6,1,1,3247.5,97,2,3247.4,48,3,3247.3,7,2,3248.0,296,8,3248.2,20,1,3248.3,13,1,3248.4,109,4,3248.5,26,2
11536,2025-12-30 10:40:52+05:30,3247.9,4,3248.52,267628,95739.0,124454.0,3250.0,3257.0,3239.8,3251.5,41736625,3576.6,2926.4,4322.95,2866.6,3247.9,146,6,3247.6,1,1,3247.5,97,2,3247.4,48,3,3247.3,7,2,3248.0,296,8,3248.2,20,1,3248.3,13,1,3248.4,109,4,3248.5,26,2
11536,2025-12-30 10:40:52+05:30,3247.9,4,3248.52,267771,95553.0,124256.0,3250.0,3257.0,3239.8,3251.5,41736625,3576.6,2926.4,4322.95,2866.6,3247.9,44,4,3247.8,2,1,3247.6,1,1,3247.5,97,2,3247.4,48,3,3248.0,277,8,3248.3,32,3,3248.4,95,3,3248.5,26,2,3248.6,69,6
11536,2025-12-30 10:40:53+05:30,3247.9,4,3248.52,267771,95553.0,124256.0,3250.0,3257.0,3239.8,3251.5,41736625,3576.6,2926.4,4322.95,2866.6,3247.9,44,4,3247.8,2,1,3247.6,1,1,3247.5,97,2,3247.4,48,3,3248.0,277,8,3248.3,32,3,3248.4,95,3,3248.5,26,2,3248.6,69,6
11536,2025-12-30 10:40:54+05:30,3247.9,4,3248.52,267771,95553.0,124256.0,3250.0,3257.0,3239.8,3251.5,41769175,3576.6,2926.4,4322.95,2866.6,3247.9,44,4,3247.8,2,1,3247.6,1,1,3247.5,97,2,3247.4,48,3,3248.0,277,8,3248.3,32,3,3248.4,95,3,3248.5,26,2,3248.6,69,6
11536,2025-12-30 10:40:55+05:30,3248.0,1,3248.52,267771,95553.0,124256.0,3250.0,3257.0,3239.8,3251.5,41769175,3576.6,2926.4,4322.95,2866.6,3247.9,44,4,3247.8,2,1,3247.6,1,1,3247.5,97,2,3247.4,48,3,3248.0,277,8,3248.3,32,3,3248.4,95,3,3248.5,26,2,3248.6,69,6
11536,2025-12-30 10:40:56+05:30,3248.0,1,3248.52,267771,95553.0,124256.0,3250.0,3257.0,3239.8,3251.5,41769175,3576.6,2926.4,4322.95,2866.6,3247.9,44,4,3247.8,2,1,3247.6,1,1,3247.5,97,2,3247.4,48,3,3248.0,277,8,3248.3,32,3,3248.4,95,3,3248.5,26,2,3248.6,69,6
11536,2025-12-30 10:40:57+05:30,3248.0,71,3248.52,267987,95541.0,124316.0,3250.0,3257.0,3239.8,3251.5,41769175,3576.6,2926.4,4322.95,2866.6,3247.9,19,3,3247.8,8,2,3247.6,1,1,3247.5,97,2,3247.4,48,3,3248.0,121,10,3248.2,21,1,3248.4,95,3,3248.5,19,1,3248.6,34,4
11536,2025-12-30 10:40:58+05:30,3247.9,8,3248.52,267987,95541.0,124316.0,3250.0,3257.0,3239.8,3251.5,41769175,3576.6,2926.4,4322.95,2866.6,3247.9,19,3,3247.8,8,2,3247.6,1,1,3247.5,97,2,3247.4,48,3,3248.0,121,10,3248.2,21,1,3248.4,95,3,3248.5,19,1,3248.6,34,4
11536,2025-12-30 10:41:00+05:30,3247.9,5,3248.52,267987,95541.0,124316.0,3250.0,3257.0,3239.8,3251.5,41769175,3576.6,2926.4,4322.95,2866.6,3247.9,19,3,3247.8,8,2,3247.6,1,1,3247.5,97,2,3247.4,48,3,3248.0,121,10,3248.2,21,1,3248.4,95,3,3248.5,19,1,3248.6,34,4
11536,2025-12-30 10:41:01+05:30,3248.0,2,3248.52,268161,95585.0,124470.0,3250.0,3257.0,3239.8,3251.5,41769175,3576.6,2926.4,4322.95,2866.6,3247.9,13,2,3247.8,61,3,3247.6,1,1,3247.5,97,2,3247.4,48,3,3248.0,72,10,3248.2,7,1,3248.3,21,1,3248.4,106,5,3248.6,12,3
11536,2025-12-30 10:41:04+05:30,3247.9,6,3248.52,268161,95585.0,124470.0,3250.0,3257.0,3239.8,3251.5,41769175,3576.6,2926.4,4322.95,2866.6,3247.9,13,2,3247.8,61,3,3247.6,1,1,3247.5,97,2,3247.4,48,3,3248.0,72,10,3248.2,7,1,3248.3,21,1,3248.4,106,5,3248.6,12,3
11536,2025-12-30 10:41:06+05:30,3248.0,1,3248.52,268383,95595.0,123835.0,3250.0,3257.0,3239.8,3251.5,41769175,3576.6,2926.4,4322.95,2866.6,3247.9,25,1,3247.8,51,2,3247.6,8,2,3247.5,123,3,3247.4,55,4,3248.0,7,4,3248.4,69,2,3248.6,1,1,3248.8,12,2,3248.9,164,2
11536,2025-12-30 10:41:07+05:30,3248.0,1,3248.52,268383,95595.0,123835.0,3250.0,3257.0,3239.8,3251.5,41769175,3576.6,2926.4,4322.95,2866.6,3247.9,25,1,3247.8,51,2,3247.6,8,2,3247.5,123,3,3247.4,55,4,3248.0,7,4,3248.4,69,2,3248.6,1,1,3248.8,12,2,3248.9,164,2
11536,2025-12-30 10:41:09+05:30,3247.9,26,3248.52,268383,95595.0,123835.0,3250.0,3257.0,3239.8,3251.5,41769175,3576.6,2926.4,4322.95,2866.6,3247.9,25,1,3247.8,51,2,3247.6,8,2,3247.5,123,3,3247.4,55,4,3248.0,7,4,3248.4,69,2,3248.6,1,1,3248.8,12,2,3248.9,164,2
11536,2025-12-30 10:41:11+05:30,3247.9,2,3248.52,268530,95774.0,123610.0,3250.0,3257.0,3239.8,3251.5,41769175,3576.6,2926.4,4322.95,2866.6,3247.9,4,1,3247.8,22,2,3247.6,1,1,3247.5,97,2,3247.4,48,3,3248.0,84,3,3248.4,76,3,3248.5,20,1,3248.6,36,4,3248.8,37,3
11536,2025-12-30 10:41:12+05:30,3247.9,1,3248.52,268530,95774.0,123610.0,3250.0,3257.0,3239.8,3251.5,41769175,3576.6,2926.4,4322.95,2866.6,3247.9,4,1,3247.8,22,2,3247.6,1,1,3247.5,97,2,3247.4,48,3,3248.0,84,3,3248.4,76,3,3248.5,20,1,3248.6,36,4,3248.8,37,3
11536,2025-12-30 10:41:16+05:30,3247.9,1,3248.52,268530,95774.0,123610.0,3250.0,3257.0,3239.8,3251.5,41769175,3576.6,2926.4,4322.95,2866.6,3247.9,4,1,3247.8,22,2,3247.6,1,1,3247.5,97,2,3247.4,48,3,3248.0,84,3,3248.4,76,3,3248.5,20,1,3248.6,36,4,3248.8,37,3
11536,2025-12-30 10:41:16+05:30,3248.0,1,3248.52,268560,94345.0,123704.0,3250.0,3257.0,3239.8,3251.5,41769175,3576.6,2926.4,4322.95,2866.6,3247.9,47,1,3247.8,22,2,3247.7,3,1,3247.6,1,1,3247.5,97,2,3248.0,84,7,3248.3,7,1,3248.4,73,3,3248.5,29,2,3248.6,52,5
11536,2025-12-30 10:41:18+05:30,3247.9,9,3248.52,268560,94345.0,123704.0,3250.0,3257.0,3239.8,3251.5,41769175,3576.6,2926.4,4322.95,2866.6,3247.9,47,1,3247.8,22,2,3247.7,3,1,3247.6,1,1,3247.5,97,2,3248.0,84,7,3248.3,7,1,3248.4,73,3,3248.5,29,2,3248.6,52,5
11536,2025-12-30 10:41:20+05:30,3248.0,1,3248.52,268610,95689.0,123791.0,3250.0,3257.0,3239.8,3251.5,41769175,3576.6,2926.4,4322.95,2866.6,3247.9,26,3,3247.8,22,2,3247.6,1,1,3247.5,97,2,3247.4,48,3,3248.0,64,8,3248.4,69,2,3248.5,20,1,3248.6,27,2,3248.7,7,1
11536,2025-12-30 10:41:22+05:30,3247.9,2,3248.52,268610,95689.0,123791.0,3250.0,3257.0,3239.8,3251.5,41769175,3576.6,2926.4,4322.95,2866.6,3247.9,26,3,3247.8,22,2,3247.6,1,1,3247.5,97,2,3247.4,48,3,3248.0,64,8,3248.4,69,2,3248.5,20,1,3248.6,27,2,3248.7,7,1
11536,2025-12-30 10:41:24+05:30,3247.8,1,3248.52,268610,95689.0,123791.0,3250.0,3257.0,3239.8,3251.5,41769175,3576.6,2926.4,4322.95,2866.6,3247.9,26,3,3247.8,22,2,3247.6,1,1,3247.5,97,2,3247.4,48,3,3248.0,64,8,3248.4,69,2,3248.5,20,1,3248.6,27,2,3248.7,7,1
11536,2025-12-30 10:41:25+05:30,3247.8,1,3248.52,268929,95195.0,123991.0,3250.0,3257.0,3239.8,3251.5,41769175,3576.6,2926.4,4322.95,2866.6,3247.8,1,1,3247.6,1,1,3247.5,97,2,3247.4,48,3,3247.3,7,2,3248.0,52,3,3248.2,44,2,3248.3,5,1,3248.4,7,1,3248.6,16,2
11536,2025-12-30 10:41:28+05:30,3247.5,35,3248.52,268929,95195.0,123991.0,3250.0,3257.0,3239.8,3251.5,41769175,3576.6,2926.4,4322.95,2866.6,3247.8,1,1,3247.6,1,1,3247.5,97,2,3247.4,48,3,3247.3,7,2,3248.0,52,3,3248.2,44,2,3248.3,5,1,3248.4,7,1,3248.6,16,2
11536,2025-12-30 10:41:30+05:30,3247.5,2,3248.52,268929,95195.0,123991.0,3250.0,3257.0,3239.8,3251.5,41769175,3576.6,2926.4,4322.95,2866.6,3247.8,1,1,3247.6,1,1,3247.5,97,2,3247.4,48,3,3247.3,7,2,3248.0,52,3,3248.2,44,2,3248.3,5,1,3248.4,7,1,3248.6,16,2
11536,2025-12-30 10:41:30+05:30,3247.5,2,3248.52,269076,95427.0,123575.0,3250.0,3257.0,3239.8,3251.5,41769175,3576.6,2926.4,4322.95,2866.6,3247.5,34,2,3247.4,48,3,3247.3,7,2,3247.2,1,1,3247.1,35,4,3247.8,5,2,3248.0,54,2,3248.2,2,1,3248.4,7,1,3248.6,34,3
11536,2025-12-30 10:41:34+05:30,3247.8,1,3248.52,269076,95427.0,123575.0,3250.0,3257.0,3239.8,3251.5,41769175,3576.6,2926.4,4322.95,2866.6,3247.5,34,2,3247.4,48,3,3247.3,7,2,3247.2,1,1,3247.1,35,4,3247.8,5,2,3248.0,54,2,3248.2,2,1,3248.4,7,1,3248.6,34,3
11536,2025-12-30 10:41:35+05:30,3247.5,3,3248.52,269135,95631.0,123598.0,3250.0,3257.0,3239.8,3251.5,41769175,3576.6,2926.4,4322.95,2866.6,3247.5,62,3,3247.4,48,3,3247.3,14,3,3247.2,13,3,3247.1,37,4,3247.8,67,6,3248.0,14,1,3248.2,2,1,3248.5,23,1,3248.6,34,3
11536,2025-12-30 10:41:37+05:30,3247.5,1,3248.52,269135,95631.0,123598.0,3250.0,3257.0,3239.8,3251.5,41769175,3576.6,2926.4,4322.95,2866.6,3247.5,62,3,3247.4,48,3,3247.3,14,3,3247.2,13,3,3247.1,37,4,3247.8,67,6,3248.0,14,1,3248.2,2,1,3248.5,23,1,3248.6,34,3
11536,2025-12-30 10:41:40+05:30,3247.5,1,3248.52,269135,95631.0,123598.0,3250.0,3257.0,3239.8,3251.5,41769175,3576.6,2926.4,4322.95,2866.6,3247.5,62,3,3247.4,48,3,3247.3,14,3,3247.2,13,3,3247.1,37,4,3247.8,67,6,3248.0,14,1,3248.2,2,1,3248.5,23,1,3248.6,34,3
11536,2025-12-30 10:41:40+05:30,3247.5,1,3248.52,269213,95854.0,122379.0,3250.0,3257.0,3239.8,3251.5,41769175,3576.6,2926.4,4322.95,2866.6,3247.5,33,4,3247.4,55,4,3247.3,19,3,3247.2,13,3,3247.1,37,4,3247.8,36,6,3248.2,2,1,3248.3,23,1,3248.5,19,1,3248.6,1,1
11536,2025-12-30 10:41:43+05:30,3247.8,6,3248.52,269213,95854.0,122379.0,3250.0,3257.0,3239.8,3251.5,41769175,3576.6,2926.4,4322.95,2866.6,3247.5,33,4,3247.4,55,4,3247.3,19,3,3247.2,13,3,3247.1,37,4,3247.8,36,6,3248.2,2,1,3248.3,23,1,3248.5,19,1,3248.6,1,1
11536,2025-12-30 10:41:45+05:30,3247.6,1,3248.52,269307,96219.0,122233.0,3250.0,3257.0,3239.8,3251.5,41769175,3576.6,2926.4,4322.95,2866.6,3247.6,65,6,3247.5,78,9,3247.4,68,6,3247.3,37,5,3247.2,27,4,3247.8,2,2,3248.2,2,1,3248.9,3,1,3249.0,30,5,3249.1,56,2
11536,2025-12-30 10:41:46+05:30,3249.2,58,3248.52,269307,96219.0,122233.0,3250.0,3257.0,3239.8,3251.5,41769175,3576.6,2926.4,4322.95,2866.6,3247.6,65,6,3247.5,78,9,3247.4,68,6,3247.3,37,5,3247.2,27,4,3247.8,2,2,3248.2,2,1,3248.9,3,1,3249.0,30,5,3249.1,56,2
11536,2025-12-30 10:41:49+05:30,3248.3,4,3248.52,269307,96219.0,122233.0,3250.0,3257.0,3239.8,3251.5,41769175,3576.6,2926.4,4322.95,2866.6,3247.6,65,6,3247.5,78,9,3247.4,68,6,3247.3,37,5,3247.2,27,4,3247.8,2,2,3248.2,2,1,3248.9,3,1,3249.0,30,5,3249.1,56,2
11536,2025-12-30 10:41:50+05:30,3248.3,1,3248.52,269717,98477.0,120722.0,3250.0,3257.0,3239.8,3251.5,41769175,3576.6,2926.4,4322.95,2866.6,3247.9,18,3,3247.8,5,1,3247.7,5,3,3247.6,192,9,3247.5,109,11,3248.3,1,1,3249.0,43,5,3249.1,14,2,3249.3,116,1,3249.4,83,4
11536,2025-12-30 10:41:52+05:30,3247.9,7,3248.52,269717,98477.0,120722.0,3250.0,3257.0,3239.8,3251.5,41769175,3576.6,2926.4,4322.95,2866.6,3247.9,18,3,3247.8,5,1,3247.7,5,3,3247.6,192,9,3247.5,109,11,3248.3,1,1,3249.0,43,5,3249.1,14,2,3249.3,116,1,3249.4,83,4
11536,2025-12-30 10:41:55+05:30,3248.3,1,3248.52,269717,98477.0,120722.0,3250.0,3257.0,3239.8,3251.5,41769175,3576.6,2926.4,4322.95,2866.6,3247.9,18,3,3247.8,5,1,3247.7,5,3,3247.6,192,9,3247.5,109,11,3248.3,1,1,3249.0,43,5,3249.1,14,2,3249.3,116,1,3249.4,83,4
11536,2025-12-30 10:41:55+05:30,3248.3,1,3248.52,269817,98531.0,120769.0,3250.0,3257.0,3239.8,3251.5,41769175,3576.6,2926.4,4322.95,2866.6,3248.0,4,1,3247.9,106,3,3247.8,24,3,3247.7,20,3,3247.6,127,4,3248.3,3,2,3248.9,18,1,3249.0,22,2,3249.1,7,1,3249.2,5,1
11536,2025-12-30 10:41:57+05:30,3248.3,1,3248.52,269817,98531.0,120769.0,3250.0,3257.0,3239.8,3251.5,41769175,3576.6,2926.4,4322.95,2866.6,3248.0,4,1,3247.9,106,3,3247.8,24,3,3247.7,20,3,3247.6,127,4,3248.3,3,2,3248.9,18,1,3249.0,22,2,3249.1,7,1,3249.2,5,1
11536,2025-12-30 10:41:59+05:30,3248.0,1,3248.52,269817,98531.0,120769.0,3250.0,3257.0,3239.8,3251.5,41769175,3576.6,2926.4,4322.95,2866.6,3248.0,4,1,3247.9,106,3,3247.8,24,3,3247.7,20,3,3247.6,127,4,3248.3,3,2,3248.9,18,1,3249.0,22,2,3249.1,7,1,3249.2,5,1
11536,2025-12-30 10:42:00+05:30,3248.0,15,3248.52,269883,98715.0,121648.0,3250.0,3257.0,3239.8,3251.5,41769175,3576.6,2926.4,4322.95,2866.6,3248.0,84,3,3247.9,106,3,3247.8,16,2,3247.7,21,3,3247.6,124,4,3248.1,2,2,3248.3,1,1,3248.9,18,1,3249.0,1,1,3249.2,173,4
11536,2025-12-30 10:42:01+05:30,3248.0,3,3248.52,269883,98715.0,121648.0,3250.0,3257.0,3239.8,3251.5,41769175,3576.6,2926.4,4322.95,2866.6,3248.0,84,3,3247.9,106,3,3247.8,16,2,3247.7,21,3,3247.6,124,4,3248.1,2,2,3248.3,1,1,3248.9,18,1,3249.0,1,1,3249.2,173,4
11536,2025-12-30 10:42:05+05:30,3248.0,2,3248.52,269919,98435.0,121144.0,3250.0,3257.0,3239.8,3251.5,41769175,3576.6,2926.4,4322.95,2866.6,3248.0,75,4,3247.9,106,3,3247.8,12,2,3247.7,2,1,3247.6,119,5,3248.1,3,3,3248.7,18,1,3248.8,21,1,3249.0,1,1,3249.2,180,5
11536,2025-12-30 10:42:05+05:30,3248.1,1,3248.52,269919,98435.0,121144.0,3250.0,3257.0,3239.8,3251.5,41769175,3576.6,2926.4,4322.95,2866.6,3248.0,75,4,3247.9,106,3,3247.8,12,2,3247.7,2,1,3247.6,119,5,3248.1,3,3,3248.7,18,1,3248.8,21,1,3249.0,1,1,3249.2,180,5
11536,2025-12-30 10:42:08+05:30,3248.0,5,3248.52,269919,98435.0,121144.0,3250.0,3257.0,3239.8,3251.5,41769175,3576.6,2926.4,4322.95,2866.6,3248.0,75,4,3247.9,106,3,3247.8,12,2,3247.7,2,1,3247.6,119,5,3248.1,3,3,3248.7,18,1,3248.8,21,1,3249.0,1,1,3249.2,180,5
11536,2025-12-30 10:42:09+05:30,3248.1,1,3248.52,269939,98229.0,120738.0,3250.0,3257.0,3239.8,3251.5,41769175,3576.6,2926.4,4322.95,2866.6,3248.1,11,2,3248.0,53,3,3247.9,106,3,3247.8,5,1,3247.7,2,1,3248.9,18,1,3249.0,11,2,3249.1,21,1,3249.2,188,5,3249.3,4,2
11536,2025-12-30 10:42:11+05:30,3248.1,1,3248.52,269939,98229.0,120738.0,3250.0,3257.0,3239.8,3251.5,41769175,3576.6,2926.4,4322.95,2866.6,3248.1,11,2,3248.0,53,3,3247.9,106,3,3247.8,5,1,3247.7,2,1,3248.9,18,1,3249.0,11,2,3249.1,21,1,3249.2,188,5,3249.3,4,2
11536,2025-12-30 10:42:14+05:30,3248.8,10,3248.52,269939,98229.0,120738.0,3250.0,3257.0,3239.8,3251.5,41769175,3576.6,2926.4,4322.95,2866.6,3248.1,11,2,3248.0,53,3,3247.9,106,3,3247.8,5,1,3247.7,2,1,3248.9,18,1,3249.0,11,2,3249.1,21,1,3249.2,188,5,3249.3,4,2
11536,2025-12-30 10:42:14+05:30,3248.8,10,3248.52,269985,99779.0,120143.0,3250.0,3257.0,3239.8,3251.5,41769175,3576.6,2926.4,4322.95,2866.6,3248.8,12,1,3248.1,113,2,3248.0,76,5,3247.9,115,4,3247.8,52,3,3248.9,55,4,3249.1,18,1,3249.2,12,2,3249.3,6,1,3249.4,50,4
11536,2025-12-30 10:42:17+05:30,3248.8,12,3248.52,269985,99779.0,120143.0,3250.0,3257.0,3239.8,3251.5,41769175,3576.6,2926.4,4322.95,2866.6,3248.8,12,1,3248.1,113,2,3248.0,76,5,3247.9,115,4,3247.8,52,3,3248.9,55,4,3249.1,18,1,3249.2,12,2,3249.3,6,1,3249.4,50,4
11536,2025-12-30 10:42:18+05:30,3248.9,1,3248.52,270068,99362.0,120757.0,3250.0,3257.0,3239.8,3251.5,41769175,3576.6,2926.4,4322.95,2866.6,3248.8,150,2,3248.1,34,3,3248.0,19,3,3247.9,10,2,3247.8,26,2,3248.9,94,9,3249.0,25,2,3249.1,9,1,3249.2,23,3,3249.3,6,1
11536,2025-12-30 10:42:19+05:30,3248.9,1,3248.52,270068,99362.0,120757.0,3250.0,3257.0,3239.8,3251.5,41769175,3576.6,2926.4,4322.95,2866.6,3248.8,150,2,3248.1,34,3,3248.0,19,3,3247.9,10,2,3247.8,26,2,3248.9,94,9,3249.0,25,2,3249.1,9,1,3249.2,23,3,3249.3,6,1
11536,2025-12-30 10:42:21+05:30,3248.8,12,3248.52,270068,99362.0,120757.0,3250.0,3257.0,3239.8,3251.5,41769175,3576.6,2926.4,4322.95,2866.6,3248.8,150,2,3248.1,34,3,3248.0,19,3,3247.9,10,2,3247.8,26,2,3248.9,94,9,3249.0,25,2,3249.1,9,1,3249.2,23,3,3249.3,6,1
11536,2025-12-30 10:42:23+05:30,3248.0,3,3248.52,270068,99362.0,120757.0,3250.0,3257.0,3239.8,3251.5,41769175,3576.6,2926.4,4322.95,2866.6,3248.8,150,2,3248.1,34,3,3248.0,19,3,3247.9,10,2,3247.8,26,2,3248.9,94,9,3249.0,25,2,3249.1,9,1,3249.2,23,3,3249.3,6,1
11536,2025-12-30 10:42:23+05:30,3248.0,3,3248.52,270422,99570.0,121449.0,3250.0,3257.0,3239.8,3251.5,41769175,3576.6,2926.4,4322.95,2866.6,3248.0,7,2,3247.9,20,3,3247.8,5,1,3247.7,2,1,3247.6,21,3,3248.7,38,4,3248.8,9,1,3248.9,35,4,3249.0,12,2,3249.2,53,4
11536,2025-12-30 10:42:25+05:30,3248.6,1,3248.52,270422,99570.0,121449.0,3250.0,3257.0,3239.8,3251.5,41769175,3576.6,2926.4,4322.95,2866.6,3248.0,7,2,3247.9,20,3,3247.8,5,1,3247.7,2,1,3247.6,21,3,3248.7,38,4,3248.8,9,1,3248.9,35,4,3249.0,12,2,3249.2,53,4
11536,2025-12-30 10:42:27+05:30,3247.9,4,3248.52,270422,99570.0,121449.0,3250.0,3257.0,3239.8,3251.5,41769175,3576.6,2926.4,4322.95,2866.6,3248.0,7,2,3247.9,20,3,3247.8,5,1,3247.7,2,1,3247.6,21,3,3248.7,38,4,3248.8,9,1,3248.9,35,4,3249.0,12,2,3249.2,53,4
11536,2025-12-30 10:42:28+05:30,3248.0,27,3248.52,270422,99570.0,121449.0,3250.0,3257.0,3239.8,3251.5,41769175,3576.6,2926.4,4322.95,2866.6,3248.0,7,2,3247.9,20,3,3247.8,5,1,3247.7,2,1,3247.6,21,3,3248.7,38,4,3248.8,9,1,3248.9,35,4,3249.0,12,2,3249.2,53,4
11536,2025-12-30 10:42:28+05:30,3248.0,27,3248.52,270635,99353.0,121215.0,3250.0,3257.0,3239.8,3251.5,41769175,3576.6,2926.4,4322.95,2866.6,3248.0,11,1,3247.9,18,2,3247.8,5,1,3247.7,2,1,3247.6,5,2,3248.7,40,5,3248.8,27,2,3248.9,41,4,3249.2,34,3,3249.3,141,4
11536,2025-12-30 10:42:29+05:30,3248.7,1,3248.52,270635,99353.0,121215.0,3250.0,3257.0,3239.8,3251.5,41769175,3576.6,2926.4,4322.95,2866.6,3248.0,11,1,3247.9,18,2,3247.8,5,1,3247.7,2,1,3247.6,5,2,3248.7,40,5,3248.8,27,2,3248.9,41,4,3249.2,34,3,3249.3,141,4
11536,2025-12-30 10:42:29+05:30,3248.7,1,3248.52,270637,99374.0,121217.0,3250.0,3257.0,3239.8,3251.5,41769175,3576.6,2926.4,4322.95,2866.6,3248.0,11,1,3247.9,18,2,3247.8,5,1,3247.7,6,2,3247.6,5,2,3248.7,38,4,3248.8,18,1,3248.9,41,4,3249.1,13,1,3249.2,34,3
11536,2025-12-30 10:42:30+05:30,3248.0,2,3248.52,270637,99374.0,121217.0,3250.0,3257.0,3239.8,3251.5,41769175,3576.6,2926.4,4322.95,2866.6,3248.0,11,1,3247.9,18,2,3247.8,5,1,3247.7,6,2,3247.6,5,2,3248.7,38,4,3248.8,18,1,3248.9,41,4,3249.1,13,1,3249.2,34,3
11536,2025-12-30 10:42:30+05:30,3248.0,1,3248.52,270659,100075.0,120158.0,3250.0,3257.0,3239.8,3251.5,41769175,3576.6,2926.4,4322.95,2866.6,3247.9,38,5,3247.8,21,2,3247.7,55,5,3247.6,90,8,3247.5,108,10,3248.7,36,4,3249.4,20,1,3249.6,21,1,3249.7,204,4,3249.8,64,4
11536,2025-12-30 10:42:31+05:30,3247.9,4,3248.52,270659,100075.0,120158.0,3250.0,3257.0,3239.8,3251.5,41769175,3576.6,2926.4,4322.95,2866.6,3247.9,38,5,3247.8,21,2,3247.7,55,5,3247.6,90,8,3247.5,108,10,3248.7,36,4,3249.4,20,1,3249.6,21,1,3249.7,204,4,3249.8,64,4
11536,2025-12-30 10:42:31+05:30,3247.9,2,3248.52,270675,100437.0,119670.0,3250.0,3257.0,3239.8,3251.5,41769175,3576.6,2926.4,4322.95,2866.6,3247.9,88,10,3247.8,52,5,3247.7,19,3,3247.6,57,6,3247.5,108,10,3248.7,34,5,3249.4,20,1,3249.5,1,1,3249.6,33,3,3249.7,193,4
11536,2025-12-30 10:42:32+05:30,3248.0,15,3248.52,270675,100437.0,119670.0,3250.0,3257.0,3239.8,3251.5,41769175,3576.6,2926.4,4322.95,2866.6,3247.9,88,10,3247.8,52,5,3247.7,19,3,3247.6,57,6,3247.5,108,10,3248.7,34,5,3249.4,20,1,3249.5,1,1,3249.6,33,3,3249.7,193,4
11536,2025-12-30 10:42:32+05:30,3248.0,2,3248.52,270730,100701.0,119609.0,3250.0,3257.0,3239.8,3251.5,41769175,3576.6,2926.4,4322.95,2866.6,3248.0,67,8,3247.9,48,7,3247.8,94,8,3247.7,24,5,3247.6,82,7,3248.7,34,5,3249.4,20,1,3249.5,1,1,3249.6,21,1,3249.7,8,2
11536,2025-12-30 10:42:33+05:30,3248.0,3,3248.52,270730,100701.0,119609.0,3250.0,3257.0,3239.8,3251.5,41769175,3576.6,2926.4,4322.95,2866.6,3248.0,67,8,3247.9,48,7,3247.8,94,8,3247.7,24,5,3247.6,82,7,3248.7,34,5,3249.4,20,1,3249.5,1,1,3249.6,21,1,3249.7,8,2
11536,2025-12-30 10:42:33+05:30,3248.0,5,3248.52,270739,100967.0,115788.0,3250.0,3257.0,3239.8,3251.5,41769175,3576.6,2926.4,4322.95,2866.6,3248.0,91,8,3247.9,45,7,3247.8,62,7,3247.7,24,5,3247.6,87,8,3248.6,30,1,3248.7,34,4,3249.4,20,1,3249.5,1,1,3249.6,21,1
11536,2025-12-30 10:42:34+05:30,3248.3,1,3248.52,270739,100967.0,115788.0,3250.0,3257.0,3239.8,3251.5,41769175,3576.6,2926.4,4322.95,2866.6,3248.0,91,8,3247.9,45,7,3247.8,62,7,3247.7,24,5,3247.6,87,8,3248.6,30,1,3248.7,34,4,3249.4,20,1,3249.5,1,1,3249.6,21,1
11536,2025-12-30 10:42:34+05:30,3248.7,2,3248.52,270826,101706.0,116726.0,3250.0,3257.0,3239.8,3251.5,41769175,3576.6,2926.4,4322.95,2866.6,3248.5,40,5,3248.4,43,4,3248.3,62,6,3248.2,21,4,3248.1,59,4,3248.7,13,6,3249.6,21,1,3249.8,22,1,3249.9,131,2,3250.0,628,5
11536,2025-12-30 10:42:35+05:30,3248.7,1,3248.52,270826,101706.0,116726.0,3250.0,3257.0,3239.8,3251.5,41769175,3576.6,2926.4,4322.95,2866.6,3248.5,40,5,3248.4,43,4,3248.3,62,6,3248.2,21,4,3248.1,59,4,3248.7,13,6,3249.6,21,1,3249.8,22,1,3249.9,131,2,3250.0,628,5
11536,2025-12-30 10:42:35+05:30,3248.7,1,3248.52,270890,101213.0,116868.0,3250.0,3257.0,3239.8,3251.5,41769175,3576.6,2926.4,4322.95,2866.6,3248.5,51,7,3248.4,24,3,3248.3,50,6,3248.2,51,5,3248.1,78,5,3248.7,18,10,3249.8,22,1,3249.9,124,1,3250.0,625,4,3250.1,52,2
11536,2025-12-30 10:42:36+05:30,3248.7,2,3248.52,270890,101213.0,116868.0,3250.0,3257.0,3239.8,3251.5,41769175,3576.6,2926.4,4322.95,2866.6,3248.5,51,7,3248.4,24,3,3248.3,50,6,3248.2,51,5,3248.1,78,5,3248.7,18,10,3249.8,22,1,3249.9,124,1,3250.0,625,4,3250.1,52,2
11536,2025-12-30 10:42:36+05:30,3248.7,6,3248.52,270993,101817.0,117259.0,3250.0,3257.0,3239.8,3251.5,41769175,3576.6,2926.4,4322.95,2866.6,3248.7,45,2,3248.6,46,2,3248.5,41,6,3248.4,3,1,3248.3,196,6,3249.9,40,4,3250.0,605,3,3250.1,6,1,3250.2,48,3,3250.3,98,2
11536,2025-12-30 10:42:37+05:30,3250.0,33,3248.52,270993,101817.0,117259.0,3250.0,3257.0,3239.8,3251.5,41769175,3576.6,2926.4,4322.95,2866.6,3248.7,45,2,3248.6,46,2,3248.5,41,6,3248.4,3,1,3248.3,196,6,3249.9,40,4,3250.0,605,3,3250.1,6,1,3250.2,48,3,3250.3,98,2
11536,2025-12-30 10:42:37+05:30,3250.0,33,3248.52,271094,101208.0,117336.0,3250.0,3257.0,3239.8,3251.5,41769175,3576.6,2926.4,4322.95,2866.6,3248.8,5,1,3248.7,90,8,3248.6,20,3,3248.5,36,5,3248.4,58,4,3249.8,41,4,3249.9,14,1,3250.0,572,3,3250.1,16,2,3250.2,48,3
11536,2025-12-30 10:42:38+05:30,3248.8,25,3248.52,271094,101208.0,117336.0,3250.0,3257.0,3239.8,3251.5,41769175,3576.6,2926.4,4322.95,2866.6,3248.8,5,1,3248.7,90,8,3248.6,20,3,3248.5,36,5,3248.4,58,4,3249.8,41,4,3249.9,14,1,3250.0,572,3,3250.1,16,2,3250.2,48,3
11536,2025-12-30 10:42:38+05:30,3248.8,25,3248.52,271119,102601.0,117277.0,3250.0,3257.0,3239.8,3251.5,41769175,3576.6,2926.4,4322.95,2866.6,3248.8,5,1,3248.7,85,7,3248.6,20,3,3248.5,24,4,3248.4,88,5,3249.8,43,6,3249.9,14,1,3250.0,572,3,3250.1,16,2,3250.2,48,3
11536,2025-12-30 10:42:39+05:30,3249.8,3,3248.52,271119,102601.0,117277.0,3250.0,3257.0,3239.8,3251.5,41769175,3576.6,2926.4,4322.95,2866.6,3248.8,5,1,3248.7,85,7,3248.6,20,3,3248.5,24,4,3248.4,88,5,3249.8,43,6,3249.9,14,1,3250.0,572,3,3250.1,16,2,3250.2,48,3
11536,2025-12-30 10:42:39+05:30,3249.9,8,3248.52,271252,102423.0,116191.0,3250.0,3257.0,3239.8,3251.5,41769175,3576.6,2926.4,4322.95,2866.6,3249.3,5,1,3248.9,8,1,3248.8,55,4,3248.7,48,4,3248.6,200,6,3250.0,589,4,3250.1,6,1,3250.2,20,2,3250.3,60,2,3250.4,26,2
11536,2025-12-30 10:42:40+05:30,3250.0,1,3248.52,271252,102423.0,116191.0,3250.0,3257.0,3239.8,3251.5,41769175,3576.6,2926.4,4322.95,2866.6,3249.3,5,1,3248.9,8,1,3248.8,55,4,3248.7,48,4,3248.6,200,6,3250.0,589,4,3250.1,6,1,3250.2,20,2,3250.3,60,2,3250.4,26,2
11536,2025-12-30 10:42:40+05:30,3250.0,1,3248.52,271253,103290.0,116749.0,3250.0,3257.0,3239.8,3251.5,41769175,3576.6,2926.4,4322.95,2866.6,3249.3,5,1,3248.9,8,1,3248.8,62,4,3248.7,48,4,3248.6,192,5,3250.0,657,9,3250.1,11,2,3250.2,21,3,3250.3,65,2,3250.4,5,1
11536,2025-12-30 10:42:41+05:30,3250.0,1,3248.52,271253,103290.0,116749.0,3250.0,3257.0,3239.8,3251.5,41769175,3576.6,2926.4,4322.95,2866.6,3249.3,5,1,3248.9,8,1,3248.8,62,4,3248.7,48,4,3248.6,192,5,3250.0,657,9,3250.1,11,2,3250.2,21,3,3250.3,65,2,3250.4,5,1
11536,2025-12-30 10:42:41+05:30,3250.0,1,3248.52,271254,103364.0,116614.0,3250.0,3257.0,3239.8,3251.5,41769175,3576.6,2926.4,4322.95,2866.6,3249.9,5,1,3248.8,97,4,3248.7,127,6,3248.6,153,6,3248.5,70,6,3250.0,670,10,3250.1,11,2,3250.2,9,2,3250.3,78,2,3250.4,20,2
11536,2025-12-30 10:42:42+05:30,3249.9,20,3248.52,271254,103364.0,116614.0,3250.0,3257.0,3239.8,3251.5,41769175,3576.6,2926.4,4322.95,2866.6,3249.9,5,1,3248.8,97,4,3248.7,127,6,3248.6,153,6,3248.5,70,6,3250.0,670,10,3250.1,11,2,3250.2,9,2,3250.3,78,2,3250.4,20,2
11536,2025-12-30 10:42:42+05:30,3249.9,20,3248.52,271274,103306.0,117387.0,3250.0,3257.0,3239.8,3251.5,41769175,3576.6,2926.4,4322.95,2866.6,3248.8,26,1,3248.7,57,4,3248.6,3,1,3248.5,22,4,3248.4,53,4,3249.8,17,1,3249.9,41,5,3250.0,623,7,3250.1,14,2,3250.2,22,2
11536,2025-12-30 10:42:43+05:30,3249.8,3,3248.52,271274,103306.0,117387.0,3250.0,3257.0,3239.8,3251.5,41769175,3576.6,2926.4,4322.95,2866.6,3248.8,26,1,3248.7,57,4,3248.6,3,1,3248.5,22,4,3248.4,53,4,3249.8,17,1,3249.9,41,5,3250.0,623,7,3250.1,14,2,3250.2,22,2
11536,2025-12-30 10:42:43+05:30,3249.8,3,3248.52,271298,103234.0,117208.0,3250.0,3257.0,3239.8,3251.5,41769175,3576.6,2926.4,4322.95,2866.6,3248.8,21,2,3248.7,57,4,3248.6,12,2,3248.5,22,4,3248.4,220,6,3249.8,12,3,3249.9,41,5,3250.0,621,6,3250.1,28,2,3250.2,22,2
11536,2025-12-30 10:42:44+05:30,3248.8,6,3248.52,271298,103234.0,117208.0,3250.0,3257.0,3239.8,3251.5,41769175,3576.6,2926.4,4322.95,2866.6,3248.8,21,2,3248.7,57,4,3248.6,12,2,3248.5,22,4,3248.4,220,6,3249.8,12,3,3249.9,41,5,3250.0,621,6,3250.1,28,2,3250.2,22,2
11536,2025-12-30 10:42:44+05:30,3248.7,1,3248.52,271316,103030.0,117213.0,3250.0,3257.0,3239.8,3251.5,41769175,3576.6,2926.4,4322.95,2866.6,3248.7,56,4,3248.6,22,3,3248.5,22,4,3248.4,212,5,3248.3,96,7,3249.8,30,8,3249.9,36,3,3250.0,606,4,3250.1,28,2,3250.2,27,3
11536,2025-12-30 10:42:45+05:30,3249.7,1,3248.52,271316,103030.0,117213.0,3250.0,3257.0,3239.8,3251.5,41769175,3576.6,2926.4,4322.95,2866.6,3248.7,56,4,3248.6,22,3,3248.5,22,4,3248.4,212,5,3248.3,96,7,3249.8,30,8,3249.9,36,3,3250.0,606,4,3250.1,28,2,3250.2,27,3
11536,2025-12-30 10:42:45+05:30,3249.7,1,3248.52,271327,102932.0,117411.0,3250.0,3257.0,3239.8,3251.5,41769175,3576.6,2926.4,4322.95,2866.6,3248.9,24,1,3248.7,95,5,3248.6,22,3,3248.5,30,5,3248.4,182,4,3249.7,37,3,3249.8,22,9,3249.9,15,1,3250.0,612,5,3250.1,28,2
11536,2025-12-30 10:42:46+05:30,3248.9,2,3248.52,271327,102932.0,117411.0,3250.0,3257.0,3239.8,3251.5,41769175,3576.6,2926.4,4322.95,2866.6,3248.9,24,1,3248.7,95,5,3248.6,22,3,3248.5,30,5,3248.4,182,4,3249.7,37,3,3249.8,22,9,3249.9,15,1,3250.0,612,5,3250.1,28,2
11536,2025-12-30 10:42:46+05:30,3248.9,2,3248.52,271340,99822.0,117584.0,3250.0,3257.0,3239.8,3251.5,41769175,3576.6,2926.4,4322.95,2866.6,3248.9,12,1,3248.8,17,1,3248.7,95,5,3248.6,22,3,3248.5,30,5,3249.7,53,7,3249.8,4,4,3249.9,15,1,3250.0,612,5,3250.1,28,2
11536,2025-12-30 10:42:47+05:30,3248.9,2,3248.52,271340,99822.0,117584.0,3250.0,3257.0,3239.8,3251.5,41769175,3576.6,2926.4,4322.95,2866.6,3248.9,12,1,3248.8,17,1,3248.7,95,5,3248.6,22,3,3248.5,30,5,3249.7,53,7,3249.8,4,4,3249.9,15,1,3250.0,612,5,3250.1,28,2
11536,2025-12-30 10:42:47+05:30,3248.9,2,3248.52,271351,102958.0,117715.0,3250.0,3257.0,3239.8,3251.5,41769175,3576.6,2926.4,4322.95,2866.6,3248.9,1,1,3248.8,17,1,3248.7,95,5,3248.6,22,3,3248.5,22,4,3249.6,17,1,3249.7,39,9,3249.9,22,2,3250.0,612,5,3250.1,28,2
11536,2025-12-30 10:42:48+05:30,3248.9,1,3248.52,271351,102958.0,117715.0,3250.0,3257.0,3239.8,3251.5,41769175,3576.6,2926.4,4322.95,2866.6,3248.9,1,1,3248.8,17,1,3248.7,95,5,3248.6,22,3,3248.5,22,4,3249.6,17,1,3249.7,39,9,3249.9,22,2,3250.0,612,5,3250.1,28,2
11536,2025-12-30 10:42:48+05:30,3248.9,1,3248.52,271521,101649.0,116924.0,3250.0,3257.0,3239.8,3251.5,41769175,3576.6,2926.4,4322.95,2866.6,3248.9,52,1,3248.8,78,3,3248.7,90,4,3248.6,25,3,3248.5,49,5,3249.8,43,3,3250.0,612,5,3250.1,6,1,3250.2,9,2,3250.3,83,3
11536,2025-12-30 10:42:49+05:30,3248.9,1,3248.52,271521,101649.0,116924.0,3250.0,3257.0,3239.8,3251.5,41769175,3576.6,2926.4,4322.95,2866.6,3248.9,52,1,3248.8,78,3,3248.7,90,4,3248.6,25,3,3248.5,49,5,3249.8,43,3,3250.0,612,5,3250.1,6,1,3250.2,9,2,3250.3,83,3
11536,2025-12-30 10:42:49+05:30,3248.9,1,3248.52,271521,103058.0,116934.0,3250.0,3257.0,3239.8,3251.5,41769175,3576.6,2926.4,4322.95,2866.6,3248.9,68,2,3248.8,62,2,3248.7,116,5,3248.6,25,3,3248.5,57,6,3249.8,46,4,3250.0,612,5,3250.1,6,1,3250.2,9,2,3250.3,83,3
11536,2025-12-30 10:42:50+05:30,3248.9,51,3248.52,271572,103131.0,117227.0,3250.0,3257.0,3239.8,3251.5,41769175,3576.6,2926.4,4322.95,2866.6,3248.9,88,5,3248.8,75,3,3248.7,90,4,3248.6,33,4,3248.5,49,5,3249.8,43,5,3250.0,612,5,3250.1,6,1,3250.2,1,1,3250.3,83,3
11536,2025-12-30 10:42:51+05:30,3248.9,51,3248.52,271572,103131.0,117227.0,3250.0,3257.0,3239.8,3251.5,41769175,3576.6,2926.4,4322.95,2866.6,3248.9,88,5,3248.8,75,3,3248.7,90,4,3248.6,33,4,3248.5,49,5,3249.8,43,5,3250.0,612,5,3250.1,6,1,3250.2,1,1,3250.3,83,3
11536,2025-12-30 10:42:51+05:30,3249.8,1,3248.52,271573,103128.0,117220.0,3250.0,3257.0,3239.8,3251.5,41769175,3576.6,2926.4,4322.95,2866.6,3249.0,16,1,3248.9,53,2,3248.8,84,4,3248.7,90,4,3248.6,14,2,3249.8,42,5,3250.0,612,5,3250.1,6,1,3250.2,1,1,3250.3,91,4
11536,2025-12-30 10:42:52+05:30,3249.8,1,3248.52,271573,103128.0,117220.0,3250.0,3257.0,3239.8,3251.5,41769175,3576.6,2926.4,4322.95,2866.6,3249.0,16,1,3248.9,53,2,3248.8,84,4,3248.7,90,4,3248.6,14,2,3249.8,42,5,3250.0,612,5,3250.1,6,1,3250.2,1,1,3250.3,91,4
11536,2025-12-30 10:42:52+05:30,3249.8,1,3248.52,271618,103322.0,115615.0,3250.0,3257.0,3239.8,3251.5,41769175,3576.6,2926.4,4322.95,2866.6,3249.0,49,2,3248.9,53,2,3248.8,84,4,3248.7,90,4,3248.6,22,3,3249.8,102,7,3250.0,605,5,3250.1,6,1,3250.2,1,1,3250.3,91,4
11536,2025-12-30 10:42:53+05:30,3249.8,1,3248.52,271618,103322.0,115615.0,3250.0,3257.0,3239.8,3251.5,41769175,3576.6,2926.4,4322.95,2866.6,3249.0,49,2,3248.9,53,2,3248.8,84,4,3248.7,90,4,3248.6,22,3,3249.8,102,7,3250.0,605,5,3250.1,6,1,3250.2,1,1,3250.3,91,4
11536,2025-12-30 10:42:53+05:30,3249.4,9,3248.52,271627,104173.0,117236.0,3250.0,3257.0,3239.8,3251.5,41769175,3576.6,2926.4,4322.95,2866.6,3249.4,17,1,3249.0,47,1,3248.9,53,2,3248.8,76,3,3248.7,90,4,3249.8,111,9,3250.0,618,7,3250.1,6,1,3250.2,14,3,3250.3,78,2
11536,2025-12-30 10:42:54+05:30,3249.8,10,3248.52,271627,104173.0,117236.0,3250.0,3257.0,3239.8,3251.5,41769175,3576.6,2926.4,4322.95,2866.6,3249.4,17,1,3249.0,47,1,3248.9,53,2,3248.8,76,3,3248.7,90,4,3249.8,111,9,3250.0,618,7,3250.1,6,1,3250.2,14,3,3250.3,78,2
11536,2025-12-30 10:42:54+05:30,3249.8,10,3248.52,271663,104186.0,117204.0,3250.0,3257.0,3239.8,3251.5,41769175,3576.6,2926.4,4322.95,2866.6,3249.4,8,1,3249.0,47,1,3248.9,53,2,3248.8,76,3,3248.7,90,4,3249.8,79,10,3250.0,632,7,3250.1,6,1,3250.2,14,3,3250.3,78,2
11536,2025-12-30 10:42:55+05:30,3249.8,2,3248.52,271663,104186.0,117204.0,3250.0,3257.0,3239.8,3251.5,41769175,3576.6,2926.4,4322.95,2866.6,3249.4,8,1,3249.0,47,1,3248.9,53,2,3248.8,76,3,3248.7,90,4,3249.8,79,10,3250.0,632,7,3250.1,6,1,3250.2,14,3,3250.3,78,2
11536,2025-12-30 10:42:55+05:30,3249.7,38,3248.52,271713,104969.0,117226.0,3250.0,3257.0,3239.8,3251.5,41769175,3576.6,2926.4,4322.95,2866.6,3249.7,17,1,3249.4,46,1,3249.0,47,1,3248.9,53,2,3248.8,76,3,3249.8,85,11,3250.0,640,8,3250.1,6,1,3250.2,14,3,3250.3,78,2
11536,2025-12-30 10:42:56+05:30,3249.7,10,3248.52,271713,104969.0,117226.0,3250.0,3257.0,3239.8,3251.5,41769175,3576.6,2926.4,4322.95,2866.6,3249.7,17,1,3249.4,46,1,3249.0,47,1,3248.9,53,2,3248.8,76,3,3249.8,85,11,3250.0,640,8,3250.1,6,1,3250.2,14,3,3250.3,78,2
11536,2025-12-30 10:42:56+05:30,3249.7,10,3248.52,271729,104832.0,117248.0,3250.0,3257.0,3239.8,3251.5,41769175,3576.6,2926.4,4322.95,2866.6,3249.7,50,2,3249.4,46,1,3248.9,52,1,3248.8,22,2,3248.7,41,3,3249.8,93,14,3250.0,640,8,3250.1,6,1,3250.2,14,3,3250.3,78,2
11536,2025-12-30 10:42:57+05:30,3249.7,2,3248.52,271729,104832.0,117248.0,3250.0,3257.0,3239.8,3251.5,41769175,3576.6,2926.4,4322.95,2866.6,3249.7,50,2,3249.4,46,1,3248.9,52,1,3248.8,22,2,3248.7,41,3,3249.8,93,14,3250.0,640,8,3250.1,6,1,3250.2,14,3,3250.3,78,2
11536,2025-12-30 10:42:58+05:30,3249.7,13,3248.52,271771,104760.0,117348.0,3250.0,3257.0,3239.8,3251.5,41769175,3576.6,2926.4,4322.95,2866.6,3249.7,25,2,3249.4,46,1,3248.9,52,1,3248.8,44,3,3248.7,41,3,3249.8,86,11,3250.0,640,8,3250.1,6,1,3250.2,14,3,3250.3,78,2
11536,2025-12-30 10:42:58+05:30,3249.7,3,3248.52,271771,104760.0,117348.0,3250.0,3257.0,3239.8,3251.5,41769175,3576.6,2926.4,4322.95,2866.6,3249.7,25,2,3249.4,46,1,3248.9,52,1,3248.8,44,3,3248.7,41,3,3249.8,86,11,3250.0,640,8,3250.1,6,1,3250.2,14,3,3250.3,78,2
11536,2025-12-30 10:42:59+05:30,3249.7,5,3248.52,271784,104713.0,116958.0,3250.0,3257.0,3239.8,3251.5,41769175,3576.6,2926.4,4322.95,2866.6,3249.7,12,1,3249.4,46,1,3248.9,52,1,3248.8,44,3,3248.7,41,3,3249.8,84,9,3250.0,635,7,3250.1,19,2,3250.2,34,5,3250.3,78,2
11536,2025-12-30 10:42:59+05:30,3249.7,3,3248.52,271784,104713.0,116958.0,3250.0,3257.0,3239.8,3251.5,41769175,3576.6,2926.4,4322.95,2866.6,3249.7,12,1,3249.4,46,1,3248.9,52,1,3248.8,44,3,3248.7,41,3,3249.8,84,9,3250.0,635,7,3250.1,19,2,3250.2,34,5,3250.3,78,2
11536,2025-12-30 10:42:59+05:30,3249.8,1,3248.52,271788,104726.0,117556.0,3250.0,3257.0,3239.8,3251.5,41769175,3576.6,2926.4,4322.95,2866.6,3249.7,62,2,3249.4,46,1,3249.3,9,1,3248.8,34,2,3248.7,41,3,3249.8,86,12,3249.9,5,1,3250.0,635,7,3250.1,45,3,3250.2,34,5
11536,2025-12-30 10:43:00+05:30,3249.7,4,3248.52,271788,104726.0,117556.0,3250.0,3257.0,3239.8,3251.5,41769175,3576.6,2926.4,4322.95,2866.6,3249.7,62,2,3249.4,46,1,3249.3,9,1,3248.8,34,2,3248.7,41,3,3249.8,86,12,3249.9,5,1,3250.0,635,7,3250.1,45,3,3250.2,34,5
11536,2025-12-30 10:43:00+05:30,3249.8,1,3248.52,271804,104698.0,117551.0,3250.0,3257.0,3239.8,3251.5,41769175,3576.6,2926.4,4322.95,2866.6,3249.7,64,2,3249.4,46,1,3249.3,9,1,3248.8,34,2,3248.7,41,3,3249.8,81,12,3249.9,5,1,3250.0,613,6,3250.1,39,3,3250.2,34,5
11536,2025-12-30 10:43:01+05:30,3249.7,2,3248.52,271804,104698.0,117551.0,3250.0,3257.0,3239.8,3251.5,41769175,3576.6,2926.4,4322.95,2866.6,3249.7,64,2,3249.4,46,1,3249.3,9,1,3248.8,34,2,3248.7,41,3,3249.8,81,12,3249.9,5,1,3250.0,613,6,3250.1,39,3,3250.2,34,5
11536,2025-12-30 10:43:01+05:30,3249.7,1,3248.52,271823,104697.0,117667.0,3250.0,3257.0,3239.8,3251.5,41769175,3576.6,2926.4,4322.95,2866.6,3249.7,56,3,3249.4,46,1,3248.8,34,2,3248.7,41,3,3248.6,34,3,3249.8,77,10,3249.9,25,2,3250.0,613,6,3250.1,69,4,3250.2,34,5
11536,2025-12-30 10:43:02+05:30,3249.8,15,3248.52,271823,104697.0,117667.0,3250.0,3257.0,3239.8,3251.5,41769175,3576.6,2926.4,4322.95,2866.6,3249.7,56,3,3249.4,46,1,3248.8,34,2,3248.7,41,3,3248.6,34,3,3249.8,77,10,3249.9,25,2,3250.0,613,6,3250.1,69,4,3250.2,34,5
11536,2025-12-30 10:43:03+05:30,3249.7,1,3248.52,271845,104775.0,117652.0,3250.0,3257.0,3239.8,3251.5,41769175,3576.6,2926.4,4322.95,2866.6,3249.7,104,5,3249.4,46,1,3248.8,34,2,3248.7,41,3,3248.6,136,4,3249.8,60,8,3249.9,25,2,3250.0,613,6,3250.1,69,4,3250.2,34,5
11536,2025-12-30 10:43:03+05:30,3249.7,1,3248.52,271845,104775.0,117652.0,3250.0,3257.0,3239.8,3251.5,41769175,3576.6,2926.4,4322.95,2866.6,3249.7,104,5,3249.4,46,1,3248.8,34,2,3248.7,41,3,3248.6,136,4,3249.8,60,8,3249.9,25,2,3250.0,613,6,3250.1,69,4,3250.2,34,5
11536,2025-12-30 10:43:04+05:30,3249.7,2,3248.52,271853,104799.0,117436.0,3250.0,3257.0,3239.8,3251.5,41769175,3576.6,2926.4,4322.95,2866.6,3249.7,100,6,3249.4,46,1,3248.8,34,2,3248.7,26,2,3248.6,136,4,3249.8,58,7,3249.9,20,1,3250.0,613,6,3250.1,50,2,3250.2,20,4
11536,2025-12-30 10:43:04+05:30,3249.7,2,3248.52,271853,104799.0,117436.0,3250.0,3257.0,3239.8,3251.5,41769175,3576.6,2926.4,4322.95,2866.6,3249.7,100,6,3249.4,46,1,3248.8,34,2,3248.7,26,2,3248.6,136,4,3249.8,58,7,3249.9,20,1,3250.0,613,6,3250.1,50,2,3250.2,20,4
11536,2025-12-30 10:43:05+05:30,3249.8,1,3248.52,271853,104799.0,117436.0,3250.0,3257.0,3239.8,3251.5,41769175,3576.6,2926.4,4322.95,2866.6,3249.7,100,6,3249.4,46,1,3248.8,34,2,3248.7,26,2,3248.6,136,4,3249.8,58,7,3249.9,20,1,3250.0,613,6,3250.1,50,2,3250.2,20,4
11536,2025-12-30 10:43:05+05:30,3249.8,1,3248.52,271865,104952.0,116852.0,3250.0,3257.0,3239.8,3251.5,41769175,3576.6,2926.4,4322.95,2866.6,3249.7,89,6,3249.4,46,1,3249.0,175,1,3248.8,34,2,3248.7,26,2,3249.8,71,9,3250.0,633,7,3250.1,50,2,3250.2,20,4,3250.3,99,3
11536,2025-12-30 10:43:06+05:30,3249.7,2,3248.52,271865,104952.0,116852.0,3250.0,3257.0,3239.8,3251.5,41769175,3576.6,2926.4,4322.95,2866.6,3249.7,89,6,3249.4,46,1,3249.0,175,1,3248.8,34,2,3248.7,26,2,3249.8,71,9,3250.0,633,7,3250.1,50,2,3250.2,20,4,3250.3,99,3
11536,2025-12-30 10:43:06+05:30,3249.7,2,3248.52,271930,104891.0,116850.0,3250.0,3257.0,3239.8,3251.5,41769175,3576.6,2926.4,4322.95,2866.6,3249.7,16,4,3249.4,46,1,3249.3,10,1,3249.0,175,1,3248.8,13,1,3249.8,63,7,3249.9,27,2,3250.0,605,5,3250.1,50,2,3250.2,20,4
11536,2025-12-30 10:43:07+05:30,3249.7,2,3248.52,271930,104891.0,116850.0,3250.0,3257.0,3239.8,3251.5,41769175,3576.6,2926.4,4322.95,2866.6,3249.7,16,4,3249.4,46,1,3249.3,10,1,3249.0,175,1,3248.8,13,1,3249.8,63,7,3249.9,27,2,3250.0,605,5,3250.1,50,2,3250.2,20,4
11536,2025-12-30 10:43:07+05:30,3249.7,2,3248.52,271936,104885.0,115823.0,3250.0,3257.0,3239.8,3251.5,41769175,3576.6,2926.4,4322.95,2866.6,3249.7,10,4,3249.4,46,1,3249.3,10,1,3249.0,175,1,3248.8,13,1,3249.8,72,8,3249.9,20,1,3250.0,612,6,3250.1,24,1,3250.2,20,4
11536,2025-12-30 10:43:08+05:30,3249.7,1,3248.52,271936,104885.0,115823.0,3250.0,3257.0,3239.8,3251.5,41769175,3576.6,2926.4,4322.95,2866.6,3249.7,10,4,3249.4,46,1,3249.3,10,1,3249.0,175,1,3248.8,13,1,3249.8,72,8,3249.9,20,1,3250.0,612,6,3250.1,24,1,3250.2,20,4
11536,2025-12-30 10:43:08+05:30,3249.7,4,3248.52,271968,104842.0,117468.0,3250.0,3257.0,3239.8,3251.5,41769175,3576.6,2926.4,4322.95,2866.6,3249.7,6,1,3249.4,46,1,3249.0,175,1,3248.8,13,1,3248.7,26,2,3249.8,71,8,3249.9,25,2,3250.0,612,6,3250.1,24,1,3250.2,20,4
11536,2025-12-30 10:43:09+05:30,3249.8,8,3248.52,271968,104842.0,117468.0,3250.0,3257.0,3239.8,3251.5,41769175,3576.6,2926.4,4322.95,2866.6,3249.7,6,1,3249.4,46,1,3249.0,175,1,3248.8,13,1,3248.7,26,2,3249.8,71,8,3249.9,25,2,3250.0,612,6,3250.1,24,1,3250.2,20,4
11536,2025-12-30 10:43:09+05:30,3249.9,2,3248.52,272095,104880.0,116832.0,3250.0,3257.0,3239.8,3251.5,41769175,3576.6,2926.4,4322.95,2866.6,3249.7,9,1,3249.4,46,1,3249.1,24,1,3249.0,175,1,3248.8,16,2,3250.0,605,5,3250.1,8,1,3250.2,7,2,3250.3,98,3,3250.4,18,3
11536,2025-12-30 10:43:10+05:30,3249.9,2,3248.52,272095,104880.0,116832.0,3250.0,3257.0,3239.8,3251.5,41769175,3576.6,2926.4,4322.95,2866.6,3249.7,9,1,3249.4,46,1,3249.1,24,1,3249.0,175,1,3248.8,16,2,3250.0,605,5,3250.1,8,1,3250.2,7,2,3250.3,98,3,3250.4,18,3
11536,2025-12-30 10:43:10+05:30,3249.9,2,3248.52,272095,104890.0,115924.0,3250.0,3257.0,3239.8,3251.5,41769175,3576.6,2926.4,4322.95,2866.6,3249.4,46,1,3249.3,10,1,3249.1,24,1,3249.0,175,1,3248.8,16,2,3250.0,612,7,3250.2,1,1,3250.3,98,3,3250.4,14,3,3250.6,319,9
11536,2025-12-30 10:43:11+05:30,3249.7,9,3248.52,272104,104937.0,117114.0,3250.0,3257.0,3239.8,3251.5,41769175,3576.6,2926.4,4322.95,2866.6,3249.4,93,2,3249.3,10,1,3249.1,40,3,3249.0,183,2,3248.9,21,1,3249.7,4,1,3250.0,608,6,3250.2,1,1,3250.3,52,1,3250.4,1,1
11536,2025-12-30 10:43:12+05:30,3249.7,9,3248.52,272104,104937.0,117114.0,3250.0,3257.0,3239.8,3251.5,41769175,3576.6,2926.4,4322.95,2866.6,3249.4,93,2,3249.3,10,1,3249.1,40,3,3249.0,183,2,3248.9,21,1,3249.7,4,1,3250.0,608,6,3250.2,1,1,3250.3,52,1,3250.4,1,1
11536,2025-12-30 10:43:12+05:30,3249.7,2,3248.52,272128,104971.0,117165.0,3250.0,3257.0,3239.8,3251.5,41769175,3576.6,2926.4,4322.95,2866.6,3249.4,71,2,3249.3,10,1,3249.1,24,1,3249.0,197,2,3248.9,11,1,3249.7,4,3,3250.0,651,6,3250.2,1,1,3250.3,52,1,3250.4,27,2
11536,2025-12-30 10:43:13+05:30,3249.7,2,3248.52,272128,104971.0,117165.0,3250.0,3257.0,3239.8,3251.5,41769175,3576.6,2926.4,4322.95,2866.6,3249.4,71,2,3249.3,10,1,3249.1,24,1,3249.0,197,2,3248.9,11,1,3249.7,4,3,3250.0,651,6,3250.2,1,1,3250.3,52,1,3250.4,27,2
11536,2025-12-30 10:43:13+05:30,3249.4,3,3248.52,272155,104864.0,117181.0,3250.0,3257.0,3239.8,3251.5,41769175,3576.6,2926.4,4322.95,2866.6,3249.4,54,3,3249.3,10,1,3249.1,2,1,3249.0,175,1,3248.8,16,2,3249.7,4,4,3250.0,651,6,3250.2,23,2,3250.3,60,2,3250.4,27,2
11536,2025-12-30 10:43:14+05:30,3249.4,3,3248.52,272155,104864.0,117181.0,3250.0,3257.0,3239.8,3251.5,41769175,3576.6,2926.4,4322.95,2866.6,3249.4,54,3,3249.3,10,1,3249.1,2,1,3249.0,175,1,3248.8,16,2,3249.7,4,4,3250.0,651,6,3250.2,23,2,3250.3,60,2,3250.4,27,2
11536,2025-12-30 10:43:14+05:30,3249.7,1,3248.52,272159,104894.0,116805.0,3250.0,3257.0,3239.8,3251.5,41769175,3576.6,2926.4,4322.95,2866.6,3249.4,68,4,3249.3,10,1,3249.1,2,1,3249.0,175,1,3248.8,16,2,3249.7,6,6,3250.0,651,6,3250.1,31,3,3250.2,52,2,3250.3,52,1
11536,2025-12-30 10:43:15+05:30,3249.7,1,3248.52,272159,104894.0,116805.0,3250.0,3257.0,3239.8,3251.5,41769175,3576.6,2926.4,4322.95,2866.6,3249.4,68,4,3249.3,10,1,3249.1,2,1,3249.0,175,1,3248.8,16,2,3249.7,6,6,3250.0,651,6,3250.1,31,3,3250.2,52,2,3250.3,52,1
11536,2025-12-30 10:43:15+05:30,3249.7,1,3248.52,272167,104986.0,116977.0,3250.0,3257.0,3239.8,3251.5,41769175,3576.6,2926.4,4322.95,2866.6,3249.4,44,3,3249.3,27,2,3249.1,2,1,3249.0,175,1,3248.9,21,2,3249.7,7,7,3250.0,651,6,3250.1,1,1,3250.2,48,2,3250.3,26,1
11536,2025-12-30 10:43:16+05:30,3249.4,1,3248.52,272167,104986.0,116977.0,3250.0,3257.0,3239.8,3251.5,41769175,3576.6,2926.4,4322.95,2866.6,3249.4,44,3,3249.3,27,2,3249.1,2,1,3249.0,175,1,3248.9,21,2,3249.7,7,7,3250.0,651,6,3250.1,1,1,3250.2,48,2,3250.3,26,1
11536,2025-12-30 10:43:16+05:30,3249.7,1,3248.52,272181,104966.0,117034.0,3250.0,3257.0,3239.8,3251.5,41769175,3576.6,2926.4,4322.95,2866.6,3249.4,31,3,3249.3,27,2,3249.1,2,1,3249.0,175,1,3248.9,16,1,3249.7,12,8,3250.0,651,6,3250.1,23,2,3250.2,26,1,3250.3,8,1
11536,2025-12-30 10:43:17+05:30,3249.4,1,3248.52,272181,104966.0,117034.0,3250.0,3257.0,3239.8,3251.5,41769175,3576.6,2926.4,4322.95,2866.6,3249.4,31,3,3249.3,27,2,3249.1,2,1,3249.0,175,1,3248.9,16,1,3249.7,12,8,3250.0,651,6,3250.1,23,2,3250.2,26,1,3250.3,8,1
11536,2025-12-30 10:43:17+05:30,3249.4,1,3248.52,272188,105152.0,116909.0,3250.0,3257.0,3239.8,3251.5,41769175,3576.6,2926.4,4322.95,2866.6,3249.4,41,4,3249.3,11,2,3249.1,13,3,3249.0,182,2,3248.9,42,2,3249.7,12,8,3250.0,651,6,3250.1,1,1,3250.3,26,1,3250.4,179,3
11536,2025-12-30 10:43:18+05:30,3249.4,1,3248.52,272188,105152.0,116909.0,3250.0,3257.0,3239.8,3251.5,41769175,3576.6,2926.4,4322.95,2866.6,3249.4,41,4,3249.3,11,2,3249.1,13,3,3249.0,182,2,3248.9,42,2,3249.7,12,8,3250.0,651,6,3250.1,1,1,3250.3,26,1,3250.4,179,3
11536,2025-12-30 10:43:18+05:30,3249.4,1,3248.52,272205,105105.0,117040.0,3250.0,3257.0,3239.8,3251.5,41769175,3576.6,2926.4,4322.95,2866.6,3249.4,24,3,3249.3,11,2,3249.1,6,2,3249.0,182,2,3248.9,16,1,3249.7,12,8,3250.0,651,6,3250.1,1,1,3250.2,48,2,3250.3,26,1
11536,2025-12-30 10:43:19+05:30,3249.4,2,3248.52,272205,105105.0,117040.0,3250.0,3257.0,3239.8,3251.5,41769175,3576.6,2926.4,4322.95,2866.6,3249.4,24,3,3249.3,11,2,3249.1,6,2,3249.0,182,2,3248.9,16,1,3249.7,12,8,3250.0,651,6,3250.1,1,1,3250.2,48,2,3250.3,26,1
11536,2025-12-30 10:43:19+05:30,3249.5,1,3248.52,272288,105208.0,117030.0,3250.0,3257.0,3239.8,3251.5,41769175,3576.6,2926.4,4322.95,2866.6,3249.5,191,2,3249.4,6,2,3249.3,11,2,3249.1,6,2,3249.0,7,1,3249.7,15,8,3250.0,681,8,3250.1,27,2,3250.2,8,1,3250.3,26,1
11536,2025-12-30 10:43:20+05:30,3249.5,1,3248.52,272288,105208.0,117030.0,3250.0,3257.0,3239.8,3251.5,41769175,3576.6,2926.4,4322.95,2866.6,3249.5,191,2,3249.4,6,2,3249.3,11,2,3249.1,6,2,3249.0,7,1,3249.7,15,8,3250.0,681,8,3250.1,27,2,3250.2,8,1,3250.3,26,1
11536,2025-12-30 10:43:20+05:30,3249.5,1,3248.52,272295,105200.0,117036.0,3250.0,3257.0,3239.8,3251.5,41769175,3576.6,2926.4,4322.95,2866.6,3249.5,184,2,3249.4,6,2,3249.3,11,2,3249.1,6,2,3249.0,7,1,3249.7,13,6,3250.0,681,8,3250.1,27,2,3250.2,8,1,3250.3,26,1
11536,2025-12-30 10:43:21+05:30,3249.5,1,3248.52,272295,105200.0,117036.0,3250.0,3257.0,3239.8,3251.5,41769175,3576.6,2926.4,4322.95,2866.6,3249.5,184,2,3249.4,6,2,3249.3,11,2,3249.1,6,2,3249.0,7,1,3249.7,13,6,3250.0,681,8,3250.1,27,2,3250.2,8,1,3250.3,26,1
11536,2025-12-30 10:43:21+05:30,3249.6,2,3248.52,272322,105000.0,117321.0,3250.0,3257.0,3239.8,3251.5,41769175,3576.6,2926.4,4322.95,2866.6,3249.6,15,1,3249.5,183,2,3249.4,6,2,3249.3,11,2,3249.1,6,2,3249.7,18,7,3249.9,24,1,3250.0,693,9,3250.1,9,2,3250.2,13,2
11536,2025-12-30 10:43:22+05:30,3249.6,1,3248.52,272322,105000.0,117321.0,3250.0,3257.0,3239.8,3251.5,41769175,3576.6,2926.4,4322.95,2866.6,3249.6,15,1,3249.5,183,2,3249.4,6,2,3249.3,11,2,3249.1,6,2,3249.7,18,7,3249.9,24,1,3250.0,693,9,3250.1,9,2,3250.2,13,2
11536,2025-12-30 10:43:22+05:30,3249.6,2,3248.52,272339,105085.0,116977.0,3250.0,3257.0,3239.8,3251.5,41769175,3576.6,2926.4,4322.95,2866.6,3249.6,63,3,3249.5,183,2,3249.4,6,2,3249.3,11,2,3249.1,6,2,3249.7,10,6,3250.0,651,6,3250.1,1,1,3250.2,24,1,3250.3,60,3
11536,2025-12-30 10:43:23+05:30,3249.6,2,3248.52,272339,105085.0,116977.0,3250.0,3257.0,3239.8,3251.5,41769175,3576.6,2926.4,4322.95,2866.6,3249.6,63,3,3249.5,183,2,3249.4,6,2,3249.3,11,2,3249.1,6,2,3249.7,10,6,3250.0,651,6,3250.1,1,1,3250.2,24,1,3250.3,60,3
11536,2025-12-30 10:43:23+05:30,3249.6,7,3248.52,272346,105067.0,117017.0,3250.0,3257.0,3239.8,3251.5,41769175,3576.6,2926.4,4322.95,2866.6,3249.6,56,3,3249.5,192,3,3249.4,6,2,3249.3,1,1,3249.1,6,2,3249.7,89,9,3250.0,612,6,3250.1,25,2,3250.2,36,2,3250.3,31,2
11536,2025-12-30 10:43:24+05:30,3249.7,12,3248.52,272346,105067.0,117017.0,3250.0,3257.0,3239.8,3251.5,41769175,3576.6,2926.4,4322.95,2866.6,3249.6,56,3,3249.5,192,3,3249.4,6,2,3249.3,1,1,3249.1,6,2,3249.7,89,9,3250.0,612,6,3250.1,25,2,3250.2,36,2,3250.3,31,2
11536,2025-12-30 10:43:24+05:30,3249.6,4,3248.52,272371,105173.0,117008.0,3250.0,3257.0,3239.8,3251.5,41769175,3576.6,2926.4,4322.95,2866.6,3249.6,50,3,3249.5,192,3,3249.4,6,2,3249.3,1,1,3249.1,6,2,3249.7,66,8,3249.8,7,1,3250.0,636,7,3250.1,30,2,3250.2,7,1
11536,2025-12-30 10:43:25+05:30,3249.7,1,3248.52,272371,105173.0,117008.0,3250.0,3257.0,3239.8,3251.5,41769175,3576.6,2926.4,4322.95,2866.6,3249.6,50,3,3249.5,192,3,3249.4,6,2,3249.3,1,1,3249.1,6,2,3249.7,66,8,3249.8,7,1,3250.0,636,7,3250.1,30,2,3250.2,7,1
11536,2025-12-30 10:43:25+05:30,3249.7,1,3248.52,272377,105193.0,117499.0,3250.0,3257.0,3239.8,3251.5,41769175,3576.6,2926.4,4322.95,2866.6,3249.6,46,3,3249.5,192,3,3249.4,6,2,3249.3,1,1,3249.1,6,2,3249.7,68,12,3250.0,605,5,3250.1,1,1,3250.2,24,1,3250.3,55,2
11536,2025-12-30 10:43:26+05:30,3249.6,1,3248.52,272377,105193.0,117499.0,3250.0,3257.0,3239.8,3251.5,41769175,3576.6,2926.4,4322.95,2866.6,3249.6,46,3,3249.5,192,3,3249.4,6,2,3249.3,1,1,3249.1,6,2,3249.7,68,12,3250.0,605,5,3250.1,1,1,3250.2,24,1,3250.3,55,2
11536,2025-12-30 10:43:26+05:30,3249.6,6,3248.52,272388,105193.0,117533.0,3250.0,3257.0,3239.8,3251.5,41769175,3576.6,2926.4,4322.95,2866.6,3249.6,35,3,3249.5,192,3,3249.4,6,2,3249.3,1,1,3249.1,6,2,3249.7,73,11,3250.0,612,6,3250.1,1,1,3250.2,60,3,3250.3,31,2
11536,2025-12-30 10:43:27+05:30,3249.6,1,3248.52,272388,105193.0,117533.0,3250.0,3257.0,3239.8,3251.5,41769175,3576.6,2926.4,4322.95,2866.6,3249.6,35,3,3249.5,192,3,3249.4,6,2,3249.3,1,1,3249.1,6,2,3249.7,73,11,3250.0,612,6,3250.1,1,1,3250.2,60,3,3250.3,31,2
11536,2025-12-30 10:43:27+05:30,3249.6,1,3248.52,272393,105165.0,117527.0,3250.0,3257.0,3239.8,3251.5,41769175,3576.6,2926.4,4322.95,2866.6,3249.6,30,3,3249.5,192,3,3249.4,6,2,3249.3,1,1,3249.1,6,2,3249.7,67,11,3249.9,7,1,3250.0,605,5,3250.1,1,1,3250.2,60,3
11536,2025-12-30 10:43:28+05:30,3249.6,1,3248.52,272393,105165.0,117527.0,3250.0,3257.0,3239.8,3251.5,41769175,3576.6,2926.4,4322.95,2866.6,3249.6,30,3,3249.5,192,3,3249.4,6,2,3249.3,1,1,3249.1,6,2,3249.7,67,11,3249.9,7,1,3250.0,605,5,3250.1,1,1,3250.2,60,3
11536,2025-12-30 10:43:28+05:30,3249.6,1,3248.52,272410,105352.0,117618.0,3250.0,3257.0,3239.8,3251.5,41769175,3576.6,2926.4,4322.95,2866.6,3249.6,15,2,3249.5,192,3,3249.4,6,2,3249.3,1,1,3249.1,6,2,3249.7,74,12,3250.0,612,6,3250.1,1,1,3250.2,7,1,3250.3,31,2
11536,2025-12-30 10:43:29+05:30,3249.6,1,3248.52,272410,105352.0,117618.0,3250.0,3257.0,3239.8,3251.5,41769175,3576.6,2926.4,4322.95,2866.6,3249.6,15,2,3249.5,192,3,3249.4,6,2,3249.3,1,1,3249.1,6,2,3249.7,74,12,3250.0,612,6,3250.1,1,1,3250.2,7,1,3250.3,31,2
11536,2025-12-30 10:43:29+05:30,3249.7,5,3248.52,272420,101939.0,116156.0,3250.0,3257.0,3239.8,3251.5,41769175,3576.6,2926.4,4322.95,2866.6,3249.6,13,3,3249.5,192,3,3249.4,6,2,3249.3,1,1,3249.1,6,2,3249.7,69,12,3249.8,5,1,3250.0,617,7,3250.1,46,4,3250.2,28,3
11536,2025-12-30 10:43:30+05:30,3249.6,1,3248.52,272420,101939.0,116156.0,3250.0,3257.0,3239.8,3251.5,41769175,3576.6,2926.4,4322.95,2866.6,3249.6,13,3,3249.5,192,3,3249.4,6,2,3249.3,1,1,3249.1,6,2,3249.7,69,12,3249.8,5,1,3250.0,617,7,3250.1,46,4,3250.2,28,3
11536,2025-12-30 10:43:30+05:30,3249.6,4,3248.52,272428,103521.0,117562.0,3250.0,3257.0,3239.8,3251.5,41769175,3576.6,2926.4,4322.95,2866.6,3249.6,22,3,3249.5,192,3,3249.4,6,2,3249.3,1,1,3249.1,6,2,3249.7,65,8,3250.0,616,7,3250.1,15,2,3250.2,53,4,3250.3,66,3
11536,2025-12-30 10:43:31+05:30,3249.6,1,3248.52,272428,103521.0,117562.0,3250.0,3257.0,3239.8,3251.5,41769175,3576.6,2926.4,4322.95,2866.6,3249.6,22,3,3249.5,192,3,3249.4,6,2,3249.3,1,1,3249.1,6,2,3249.7,65,8,3250.0,616,7,3250.1,15,2,3250.2,53,4,3250.3,66,3
11536,2025-12-30 10:43:31+05:30,3249.6,1,3248.52,272448,103570.0,115561.0,3250.0,3257.0,3239.8,3251.5,41769175,3576.6,2926.4,4322.95,2866.6,3249.6,69,3,3249.5,192,3,3249.4,6,2,3249.3,1,1,3249.1,6,2,3249.7,55,8,3250.0,616,7,3250.1,40,3,3250.2,58,4,3250.3,36,2
11536,2025-12-30 10:43:32+05:30,3249.6,1,3248.52,272448,103570.0,115561.0,3250.0,3257.0,3239.8,3251.5,41769175,3576.6,2926.4,4322.95,2866.6,3249.6,69,3,3249.5,192,3,3249.4,6,2,3249.3,1,1,3249.1,6,2,3249.7,55,8,3250.0,616,7,3250.1,40,3,3250.2,58,4,3250.3,36,2
11536,2025-12-30 10:43:32+05:30,3249.5,45,3248.52,272601,103340.0,116637.0,3250.0,3257.0,3239.8,3251.5,41769175,3576.6,2926.4,4322.95,2866.6,3249.5,147,3,3249.4,6,2,3249.3,1,1,3249.1,6,2,3249.0,7,1,3249.7,70,10,3250.0,641,8,3250.1,71,4,3250.2,28,3,3250.3,36,2
11536,2025-12-30 10:43:33+05:30,3249.5,47,3248.52,272601,103340.0,116637.0,3250.0,3257.0,3239.8,3251.5,41769175,3576.6,2926.4,4322.95,2866.6,3249.5,147,3,3249.4,6,2,3249.3,1,1,3249.1,6,2,3249.0,7,1,3249.7,70,10,3250.0,641,8,3250.1,71,4,3250.2,28,3,3250.3,36,2
11536,2025-12-30 10:43:33+05:30,3249.7,11,3248.52,272714,103314.0,116565.0,3250.0,3257.0,3239.8,3251.5,41769175,3576.6,2926.4,4322.95,2866.6,3249.6,2,1,3249.5,99,3,3249.4,6,2,3249.3,1,1,3249.1,6,2,3249.7,29,10,3249.9,5,1,3250.0,616,7,3250.1,1,1,3250.2,37,3
11536,2025-12-30 10:43:34+05:30,3249.7,2,3248.52,272714,103314.0,116565.0,3250.0,3257.0,3239.8,3251.5,41769175,3576.6,2926.4,4322.95,2866.6,3249.6,2,1,3249.5,99,3,3249.4,6,2,3249.3,1,1,3249.1,6,2,3249.7,29,10,3249.9,5,1,3250.0,616,7,3250.1,1,1,3250.2,37,3
11536,2025-12-30 10:43:34+05:30,3249.7,2,3248.52,272721,103309.0,116707.0,3250.0,3257.0,3239.8,3251.5,41769175,3576.6,2926.4,4322.95,2866.6,3249.6,1,1,3249.5,99,3,3249.4,6,2,3249.3,1,1,3249.1,6,2,3249.7,19,10,3249.8,12,2,3250.0,616,7,3250.1,42,3,3250.2,60,4
11536,2025-12-30 10:43:35+05:30,3249.6,15,3248.52,272721,103309.0,116707.0,3250.0,3257.0,3239.8,3251.5,41769175,3576.6,2926.4,4322.95,2866.6,3249.6,1,1,3249.5,99,3,3249.4,6,2,3249.3,1,1,3249.1,6,2,3249.7,19,10,3249.8,12,2,3250.0,616,7,3250.1,42,3,3250.2,60,4
11536,2025-12-30 10:43:35+05:30,3249.6,15,3248.52,272797,103296.0,116846.0,3250.0,3257.0,3239.8,3251.5,41769175,3576.6,2926.4,4322.95,2866.6,3249.6,2,2,3249.5,97,3,3249.4,18,3,3249.3,1,1,3249.1,6,2,3249.7,19,9,3249.8,5,1,3250.0,616,7,3250.1,17,2,3250.2,30,3
11536,2025-12-30 10:43:36+05:30,3249.5,8,3248.52,272797,103296.0,116846.0,3250.0,3257.0,3239.8,3251.5,41769175,3576.6,2926.4,4322.95,2866.6,3249.6,2,2,3249.5,97,3,3249.4,18,3,3249.3,1,1,3249.1,6,2,3249.7,19,9,3249.8,5,1,3250.0,616,7,3250.1,17,2,3250.2,30,3
11536,2025-12-30 10:43:36+05:30,3249.5,12,3248.52,272845,103268.0,117537.0,3250.0,3257.0,3239.8,3251.5,41769175,3576.6,2926.4,4322.95,2866.6,3249.5,42,2,3249.4,18,3,3249.3,11,2,3249.1,6,2,3249.0,7,1,3249.6,14,6,3249.7,6,4,3249.8,13,2,3249.9,10,2,3250.0,641,8
11536,2025-12-30 10:43:37+05:30,3249.6,1,3248.52,272845,103268.0,117537.0,3250.0,3257.0,3239.8,3251.5,41769175,3576.6,2926.4,4322.95,2866.6,3249.5,42,2,3249.4,18,3,3249.3,11,2,3249.1,6,2,3249.0,7,1,3249.6,14,6,3249.7,6,4,3249.8,13,2,3249.9,10,2,3250.0,641,8
11536,2025-12-30 10:43:37+05:30,3249.6,1,3248.52,272845,103268.0,117537.0,3250.0,3257.0,3239.8,3251.5,41769175,3576.6,2926.4,4322.95,2866.6,3249.5,42,2,3249.4,18,3,3249.3,11,2,3249.1,6,2,3249.0,7,1,3249.6,14,6,3249.7,6,4,3249.8,13,2,3249.9,10,2,3250.0,641,8
11536,2025-12-30 10:43:37+05:30,3249.6,1,3248.52,272846,101136.0,117741.0,3250.0,3257.0,3239.8,3251.5,41769175,3576.6,2926.4,4322.95,2866.6,3249.5,64,4,3249.4,6,2,3249.3,1,1,3249.1,6,2,3249.0,7,1,3249.6,12,6,3249.7,6,4,3249.8,8,1,3249.9,5,1,3250.0,638,7
11536,2025-12-30 10:43:38+05:30,3249.5,3,3248.52,272846,101136.0,117741.0,3250.0,3257.0,3239.8,3251.5,41769175,3576.6,2926.4,4322.95,2866.6,3249.5,64,4,3249.4,6,2,3249.3,1,1,3249.1,6,2,3249.0,7,1,3249.6,12,6,3249.7,6,4,3249.8,8,1,3249.9,5,1,3250.0,638,7
11536,2025-12-30 10:43:38+05:30,3249.5,3,3248.52,272846,101136.0,117741.0,3250.0,3257.0,3239.8,3251.5,41769175,3576.6,2926.4,4322.95,2866.6,3249.5,64,4,3249.4,6,2,3249.3,1,1,3249.1,6,2,3249.0,7,1,3249.6,12,6,3249.7,6,4,3249.8,8,1,3249.9,5,1,3250.0,638,7
11536,2025-12-30 10:43:38+05:30,3249.5,3,3248.52,272913,101579.0,118111.0,3250.0,3257.0,3239.8,3251.5,41769175,3576.6,2926.4,4322.95,2866.6,3249.5,28,4,3249.4,6,2,3249.3,1,1,3249.1,6,2,3249.0,7,1,3249.6,15,7,3249.7,10,3,3249.8,8,1,3249.9,46,3,3250.0,661,9
11536,2025-12-30 10:43:39+05:30,3249.6,16,3248.52,272913,101579.0,118111.0,3250.0,3257.0,3239.8,3251.5,41769175,3576.6,2926.4,4322.95,2866.6,3249.5,28,4,3249.4,6,2,3249.3,1,1,3249.1,6,2,3249.0,7,1,3249.6,15,7,3249.7,10,3,3249.8,8,1,3249.9,46,3,3250.0,661,9
11536,2025-12-30 10:43:39+05:30,3249.6,5,3248.52,272992,101629.0,117932.0,3250.0,3257.0,3239.8,3251.5,41769175,3576.6,2926.4,4322.95,2866.6,3249.5,54,2,3249.4,6,2,3249.3,1,1,3249.1,6,2,3249.0,7,1,3249.6,23,8,3249.7,25,1,3249.8,13,2,3249.9,40,3,3250.0,643,8
11536,2025-12-30 10:43:39+05:30,3249.6,5,3248.52,272992,101629.0,117932.0,3250.0,3257.0,3239.8,3251.5,41769175,3576.6,2926.4,4322.95,2866.6,3249.5,54,2,3249.4,6,2,3249.3,1,1,3249.1,6,2,3249.0,7,1,3249.6,23,8,3249.7,25,1,3249.8,13,2,3249.9,40,3,3250.0,643,8
11536,2025-12-30 10:43:40+05:30,3249.5,13,3248.52,272992,101629.0,117932.0,3250.0,3257.0,3239.8,3251.5,41769175,3576.6,2926.4,4322.95,2866.6,3249.5,54,2,3249.4,6,2,3249.3,1,1,3249.1,6,2,3249.0,7,1,3249.6,23,8,3249.7,25,1,3249.8,13,2,3249.9,40,3,3250.0,643,8
11536,2025-12-30 10:43:40+05:30,3249.5,13,3248.52,272992,101629.0,117932.0,3250.0,3257.0,3239.8,3251.5,41769175,3576.6,2926.4,4322.95,2866.6,3249.5,54,2,3249.4,6,2,3249.3,1,1,3249.1,6,2,3249.0,7,1,3249.6,23,8,3249.7,25,1,3249.8,13,2,3249.9,40,3,3250.0,643,8
11536,2025-12-30 10:43:40+05:30,3249.6,1,3248.52,273019,101615.0,117902.0,3250.0,3257.0,3239.8,3251.5,41769175,3576.6,2926.4,4322.95,2866.6,3249.5,36,2,3249.4,6,2,3249.3,12,2,3249.1,6,2,3249.0,7,1,3249.6,27,9,3249.7,25,1,3249.8,13,2,3249.9,40,3,3250.0,643,8
11536,2025-12-30 10:43:41+05:30,3249.5,6,3248.52,273019,101615.0,117902.0,3250.0,3257.0,3239.8,3251.5,41769175,3576.6,2926.4,4322.95,2866.6,3249.5,36,2,3249.4,6,2,3249.3,12,2,3249.1,6,2,3249.0,7,1,3249.6,27,9,3249.7,25,1,3249.8,13,2,3249.9,40,3,3250.0,643,8
11536,2025-12-30 10:43:41+05:30,3249.5,6,3248.52,273019,101615.0,117902.0,3250.0,3257.0,3239.8,3251.5,41769175,3576.6,2926.4,4322.95,2866.6,3249.5,36,2,3249.4,6,2,3249.3,12,2,3249.1,6,2,3249.0,7,1,3249.6,27,9,3249.7,25,1,3249.8,13,2,3249.9,40,3,3250.0,643,8
11536,2025-12-30 10:43:41+05:30,3249.5,2,3248.52,273058,101478.0,117889.0,3250.0,3257.0,3239.8,3251.5,41769175,3576.6,2926.4,4322.95,2866.6,3249.5,16,2,3249.4,6,2,3249.3,1,1,3249.1,6,2,3249.0,7,1,3249.6,14,9,3249.8,13,2,3249.9,35,3,3250.0,673,9,3250.1,25,3
11536,2025-12-30 10:43:42+05:30,3249.5,6,3248.52,273058,101478.0,117889.0,3250.0,3257.0,3239.8,3251.5,41769175,3576.6,2926.4,4322.95,2866.6,3249.5,16,2,3249.4,6,2,3249.3,1,1,3249.1,6,2,3249.0,7,1,3249.6,14,9,3249.8,13,2,3249.9,35,3,3250.0,673,9,3250.1,25,3
11536,2025-12-30 10:43:42+05:30,3249.5,6,3248.52,273058,101478.0,117889.0,3250.0,3257.0,3239.8,3251.5,41769175,3576.6,2926.4,4322.95,2866.6,3249.5,16,2,3249.4,6,2,3249.3,1,1,3249.1,6,2,3249.0,7,1,3249.6,14,9,3249.8,13,2,3249.9,35,3,3250.0,673,9,3250.1,25,3
11536,2025-12-30 10:43:42+05:30,3249.6,1,3248.52,273082,101490.0,117894.0,3250.0,3257.0,3239.8,3251.5,41769175,3576.6,2926.4,4322.95,2866.6,3249.5,8,2,3249.4,6,2,3249.3,11,2,3249.1,6,2,3249.0,7,1,3249.6,19,11,3249.8,13,2,3249.9,35,3,3250.0,673,9,3250.1,25,3
11536,2025-12-30 10:43:43+05:30,3249.6,1,3248.52,273082,101490.0,117894.0,3250.0,3257.0,3239.8,3251.5,41769175,3576.6,2926.4,4322.95,2866.6,3249.5,8,2,3249.4,6,2,3249.3,11,2,3249.1,6,2,3249.0,7,1,3249.6,19,11,3249.8,13,2,3249.9,35,3,3250.0,673,9,3250.1,25,3
11536,2025-12-30 10:43:43+05:30,3249.6,1,3248.52,273082,101490.0,117894.0,3250.0,3257.0,3239.8,3251.5,41769175,3576.6,2926.4,4322.95,2866.6,3249.5,8,2,3249.4,6,2,3249.3,11,2,3249.1,6,2,3249.0,7,1,3249.6,19,11,3249.8,13,2,3249.9,35,3,3250.0,673,9,3250.1,25,3
11536,2025-12-30 10:43:43+05:30,3249.5,2,3248.52,273093,103107.0,117462.0,3250.0,3257.0,3239.8,3251.5,41769175,3576.6,2926.4,4322.95,2866.6,3249.5,8,1,3249.4,13,3,3249.3,1,1,3249.1,6,2,3249.0,7,1,3249.6,11,11,3249.7,7,1,3250.0,612,6,3250.1,51,4,3250.2,33,3
11536,2025-12-30 10:43:44+05:30,3249.5,2,3248.52,273093,103107.0,117462.0,3250.0,3257.0,3239.8,3251.5,41769175,3576.6,2926.4,4322.95,2866.6,3249.5,8,1,3249.4,13,3,3249.3,1,1,3249.1,6,2,3249.0,7,1,3249.6,11,11,3249.7,7,1,3250.0,612,6,3250.1,51,4,3250.2,33,3
11536,2025-12-30 10:43:44+05:30,3249.5,3,3248.52,273093,103107.0,117462.0,3250.0,3257.0,3239.8,3251.5,41769175,3576.6,2926.4,4322.95,2866.6,3249.5,8,1,3249.4,13,3,3249.3,1,1,3249.1,6,2,3249.0,7,1,3249.6,11,11,3249.7,7,1,3250.0,612,6,3250.1,51,4,3250.2,33,3
11536,2025-12-30 10:43:44+05:30,3249.5,3,3248.52,273106,103112.0,117842.0,3250.0,3257.0,3239.8,3251.5,41769175,3576.6,2926.4,4322.95,2866.6,3249.5,3,1,3249.4,13,3,3249.3,11,2,3249.1,6,2,3249.0,7,1,3249.6,11,11,3249.7,7,1,3250.0,612,6,3250.1,51,4,3250.2,63,4
11536,2025-12-30 10:43:44+05:30,3249.5,3,3248.52,273106,103112.0,117842.0,3250.0,3257.0,3239.8,3251.5,41769175,3576.6,2926.4,4322.95,2866.6,3249.5,3,1,3249.4,13,3,3249.3,11,2,3249.1,6,2,3249.0,7,1,3249.6,11,11,3249.7,7,1,3250.0,612,6,3250.1,51,4,3250.2,63,4
11536,2025-12-30 10:43:45+05:30,3249.4,1,3248.52,273106,103112.0,117842.0,3250.0,3257.0,3239.8,3251.5,41769175,3576.6,2926.4,4322.95,2866.6,3249.5,3,1,3249.4,13,3,3249.3,11,2,3249.1,6,2,3249.0,7,1,3249.6,11,11,3249.7,7,1,3250.0,612,6,3250.1,51,4,3250.2,63,4
11536,2025-12-30 10:43:45+05:30,3249.4,1,3248.52,273106,103112.0,117842.0,3250.0,3257.0,3239.8,3251.5,41769175,3576.6,2926.4,4322.95,2866.6,3249.5,3,1,3249.4,13,3,3249.3,11,2,3249.1,6,2,3249.0,7,1,3249.6,11,11,3249.7,7,1,3250.0,612,6,3250.1,51,4,3250.2,63,4
11536,2025-12-30 10:43:45+05:30,3249.4,1,3248.52,273119,103077.0,117834.0,3250.0,3257.0,3239.8,3251.5,41769175,3576.6,2926.4,4322.95,2866.6,3249.5,7,1,3249.4,5,2,3249.3,11,2,3249.1,6,2,3249.0,7,1,3249.6,10,10,3249.7,7,1,3250.0,612,6,3250.1,81,5,3250.2,33,3
11536,2025-12-30 10:43:45+05:30,3249.4,1,3248.52,273119,103077.0,117834.0,3250.0,3257.0,3239.8,3251.5,41769175,3576.6,2926.4,4322.95,2866.6,3249.5,7,1,3249.4,5,2,3249.3,11,2,3249.1,6,2,3249.0,7,1,3249.6,10,10,3249.7,7,1,3250.0,612,6,3250.1,81,5,3250.2,33,3
11536,2025-12-30 10:43:46+05:30,3249.6,1,3248.52,273119,103077.0,117834.0,3250.0,3257.0,3239.8,3251.5,41769175,3576.6,2926.4,4322.95,2866.6,3249.5,7,1,3249.4,5,2,3249.3,11,2,3249.1,6,2,3249.0,7,1,3249.6,10,10,3249.7,7,1,3250.0,612,6,3250.1,81,5,3250.2,33,3
11536,2025-12-30 10:43:46+05:30,3249.6,1,3248.52,273127,103077.0,117764.0,3250.0,3257.0,3239.8,3251.5,41769175,3576.6,2926.4,4322.95,2866.6,3249.5,7,1,3249.4,5,2,3249.3,11,2,3249.1,6,2,3249.0,7,1,3249.6,10,10,3249.7,7,1,3250.0,612,6,3250.1,73,4,3250.2,33,3
11536,2025-12-30 10:43:47+05:30,3249.6,1,3248.52,273127,103077.0,117764.0,3250.0,3257.0,3239.8,3251.5,41769175,3576.6,2926.4,4322.95,2866.6,3249.5,7,1,3249.4,5,2,3249.3,11,2,3249.1,6,2,3249.0,7,1,3249.6,10,10,3249.7,7,1,3250.0,612,6,3250.1,73,4,3250.2,33,3
11536,2025-12-30 10:43:47+05:30,3249.6,1,3248.52,273127,103077.0,117764.0,3250.0,3257.0,3239.8,3251.5,41769175,3576.6,2926.4,4322.95,2866.6,3249.5,7,1,3249.4,5,2,3249.3,11,2,3249.1,6,2,3249.0,7,1,3249.6,10,10,3249.7,7,1,3250.0,612,6,3250.1,73,4,3250.2,33,3
11536,2025-12-30 10:43:47+05:30,3250.0,25,3248.52,273168,103070.0,115230.0,3250.0,3257.0,3239.8,3251.5,41769175,3576.6,2926.4,4322.95,2866.6,3249.5,2,2,3249.4,5,2,3249.3,11,2,3249.1,25,3,3249.0,7,1,3250.0,582,7,3250.1,31,2,3250.2,12,2,3250.3,25,1,3250.4,66,5
11536,2025-12-30 10:43:48+05:30,3250.0,8,3248.52,273168,103070.0,115230.0,3250.0,3257.0,3239.8,3251.5,41769175,3576.6,2926.4,4322.95,2866.6,3249.5,2,2,3249.4,5,2,3249.3,11,2,3249.1,25,3,3249.0,7,1,3250.0,582,7,3250.1,31,2,3250.2,12,2,3250.3,25,1,3250.4,66,5
11536,2025-12-30 10:43:48+05:30,3250.0,1,3248.52,273194,103311.0,115727.0,3250.0,3257.0,3239.8,3251.5,41769175,3576.6,2926.4,4322.95,2866.6,3249.5,13,3,3249.4,5,2,3249.3,1,1,3249.1,23,3,3249.0,7,1,3250.0,577,12,3250.1,1,1,3250.3,32,2,3250.4,33,3,3250.5,47,2
11536,2025-12-30 10:43:48+05:30,3250.0,1,3248.52,273194,103311.0,115727.0,3250.0,3257.0,3239.8,3251.5,41769175,3576.6,2926.4,4322.95,2866.6,3249.5,13,3,3249.4,5,2,3249.3,1,1,3249.1,23,3,3249.0,7,1,3250.0,577,12,3250.1,1,1,3250.3,32,2,3250.4,33,3,3250.5,47,2
11536,2025-12-30 10:43:49+05:30,3250.0,1,3248.52,273194,103311.0,115727.0,3250.0,3257.0,3239.8,3251.5,41769175,3576.6,2926.4,4322.95,2866.6,3249.5,13,3,3249.4,5,2,3249.3,1,1,3249.1,23,3,3249.0,7,1,3250.0,577,12,3250.1,1,1,3250.3,32,2,3250.4,33,3,3250.5,47,2
11536,2025-12-30 10:43:49+05:30,3249.8,3,3248.52,273197,102210.0,117010.0,3250.0,3257.0,3239.8,3251.5,41769175,3576.6,2926.4,4322.95,2866.6,3249.8,7,1,3249.5,64,3,3249.4,5,2,3249.3,1,1,3249.1,6,2,3250.0,576,11,3250.1,8,2,3250.4,12,3,3250.5,47,2,3250.6,64,5
11536,2025-12-30 10:43:50+05:30,3250.0,1,3248.52,273197,102210.0,117010.0,3250.0,3257.0,3239.8,3251.5,41769175,3576.6,2926.4,4322.95,2866.6,3249.8,7,1,3249.5,64,3,3249.4,5,2,3249.3,1,1,3249.1,6,2,3250.0,576,11,3250.1,8,2,3250.4,12,3,3250.5,47,2,3250.6,64,5
11536,2025-12-30 10:43:50+05:30,3250.0,1,3248.52,273197,102210.0,117010.0,3250.0,3257.0,3239.8,3251.5,41769175,3576.6,2926.4,4322.95,2866.6,3249.8,7,1,3249.5,64,3,3249.4,5,2,3249.3,1,1,3249.1,6,2,3250.0,576,11,3250.1,8,2,3250.4,12,3,3250.5,47,2,3250.6,64,5
11536,2025-12-30 10:43:50+05:30,3249.8,2,3248.52,273215,102066.0,114221.0,3250.0,3257.0,3239.8,3251.5,41769175,3576.6,2926.4,4322.95,2866.6,3249.8,5,1,3249.5,63,3,3249.4,5,2,3249.3,1,1,3249.1,6,2,3250.0,575,11,3250.1,12,3,3250.4,12,3,3250.5,82,4,3250.6,39,4
11536,2025-12-30 10:43:51+05:30,3249.8,5,3248.52,273215,102066.0,114221.0,3250.0,3257.0,3239.8,3251.5,41769175,3576.6,2926.4,4322.95,2866.6,3249.8,5,1,3249.5,63,3,3249.4,5,2,3249.3,1,1,3249.1,6,2,3250.0,575,11,3250.1,12,3,3250.4,12,3,3250.5,82,4,3250.6,39,4
11536,2025-12-30 10:43:51+05:30,3249.9,1,3248.52,273337,103103.0,114459.0,3250.0,3257.0,3239.8,3251.5,41769175,3576.6,2926.4,4322.95,2866.6,3249.5,53,2,3249.4,5,2,3249.3,11,2,3249.1,22,4,3249.0,7,1,3249.7,1,1,3249.8,1,1,3250.0,460,12,3250.1,1,1,3250.2,5,1
11536,2025-12-30 10:43:52+05:30,3249.9,1,3248.52,273337,103103.0,114459.0,3250.0,3257.0,3239.8,3251.5,41769175,3576.6,2926.4,4322.95,2866.6,3249.5,53,2,3249.4,5,2,3249.3,11,2,3249.1,22,4,3249.0,7,1,3249.7,1,1,3249.8,1,1,3250.0,460,12,3250.1,1,1,3250.2,5,1
11536,2025-12-30 10:43:52+05:30,3249.5,3,3248.52,273337,103103.0,114459.0,3250.0,3257.0,3239.8,3251.5,41769175,3576.6,2926.4,4322.95,2866.6,3249.5,53,2,3249.4,5,2,3249.3,11,2,3249.1,22,4,3249.0,7,1,3249.7,1,1,3249.8,1,1,3250.0,460,12,3250.1,1,1,3250.2,5,1
11536,2025-12-30 10:43:52+05:30,3249.5,1,3248.52,273392,102952.0,117154.0,3250.0,3257.0,3239.8,3251.5,41769175,3576.6,2926.4,4322.95,2866.6,3249.5,49,2,3249.4,5,2,3249.3,11,2,3249.1,17,4,3249.0,33,2,3249.7,4,2,3249.8,1,1,3250.0,458,10,3250.1,8,2,3250.2,5,1
11536,2025-12-30 10:43:53+05:30,3249.5,2,3248.52,273392,102952.0,117154.0,3250.0,3257.0,3239.8,3251.5,41769175,3576.6,2926.4,4322.95,2866.6,3249.5,49,2,3249.4,5,2,3249.3,11,2,3249.1,17,4,3249.0,33,2,3249.7,4,2,3249.8,1,1,3250.0,458,10,3250.1,8,2,3250.2,5,1
11536,2025-12-30 10:43:53+05:30,3249.5,2,3248.52,273392,102952.0,117154.0,3250.0,3257.0,3239.8,3251.5,41769175,3576.6,2926.4,4322.95,2866.6,3249.5,49,2,3249.4,5,2,3249.3,11,2,3249.1,17,4,3249.0,33,2,3249.7,4,2,3249.8,1,1,3250.0,458,10,3250.1,8,2,3250.2,5,1
11536,2025-12-30 10:43:53+05:30,3249.5,1,3248.52,273399,104230.0,117168.0,3250.0,3257.0,3239.8,3251.5,41769175,3576.6,2926.4,4322.95,2866.6,3249.5,42,2,3249.4,5,2,3249.3,11,2,3249.1,17,4,3249.0,7,1,3249.7,7,4,3250.0,454,6,3250.1,1,1,3250.2,32,2,3250.4,12,3
11536,2025-12-30 10:43:54+05:30,3249.7,18,3248.52,273399,104230.0,117168.0,3250.0,3257.0,3239.8,3251.5,41769175,3576.6,2926.4,4322.95,2866.6,3249.5,42,2,3249.4,5,2,3249.3,11,2,3249.1,17,4,3249.0,7,1,3249.7,7,4,3250.0,454,6,3250.1,1,1,3250.2,32,2,3250.4,12,3
11536,2025-12-30 10:43:54+05:30,3249.7,18,3248.52,273427,103087.0,116914.0,3250.0,3257.0,3239.8,3251.5,41769175,3576.6,2926.4,4322.95,2866.6,3249.5,48,3,3249.4,5,2,3249.3,1,1,3249.1,6,2,3249.0,32,2,3249.7,24,6,3249.9,7,1,3250.0,458,6,3250.1,1,1,3250.2,12,2
11536,2025-12-30 10:43:55+05:30,3249.7,1,3248.52,273427,103087.0,116914.0,3250.0,3257.0,3239.8,3251.5,41769175,3576.6,2926.4,4322.95,2866.6,3249.5,48,3,3249.4,5,2,3249.3,1,1,3249.1,6,2,3249.0,32,2,3249.7,24,6,3249.9,7,1,3250.0,458,6,3250.1,1,1,3250.2,12,2
11536,2025-12-30 10:43:55+05:30,3249.7,1,3248.52,273427,103087.0,116914.0,3250.0,3257.0,3239.8,3251.5,41825350,3576.6,2926.4,4322.95,2866.6,3249.5,48,3,3249.4,5,2,3249.3,1,1,3249.1,6,2,3249.0,32,2,3249.7,24,6,3249.9,7,1,3250.0,458,6,3250.1,1,1,3250.2,12,2
11536,2025-12-30 10:43:55+05:30,3249.7,1,3248.52,273446,103019.0,116724.0,3250.0,3257.0,3239.8,3251.5,41825350,3576.6,2926.4,4322.95,2866.6,3249.5,20,2,3249.4,5,2,3249.3,1,1,3249.1,6,2,3249.0,7,1,3249.7,23,8,3249.8,7,1,3250.0,460,6,3250.1,26,2,3250.2,37,2
11536,2025-12-30 10:43:56+05:30,3249.5,1,3248.52,273446,103019.0,116724.0,3250.0,3257.0,3239.8,3251.5,41825350,3576.6,2926.4,4322.95,2866.6,3249.5,20,2,3249.4,5,2,3249.3,1,1,3249.1,6,2,3249.0,7,1,3249.7,23,8,3249.8,7,1,3250.0,460,6,3250.1,26,2,3250.2,37,2
11536,2025-12-30 10:43:56+05:30,3249.5,1,3248.52,273457,102857.0,116470.0,3250.0,3257.0,3239.8,3251.5,41825350,3576.6,2926.4,4322.95,2866.6,3249.5,27,4,3249.4,5,2,3249.3,1,1,3249.1,6,2,3249.0,7,1,3249.7,22,7,3249.8,7,1,3250.0,460,6,3250.1,26,2,3250.2,42,3
11536,2025-12-30 10:43:57+05:30,3249.7,1,3248.52,273457,102857.0,116470.0,3250.0,3257.0,3239.8,3251.5,41825350,3576.6,2926.4,4322.95,2866.6,3249.5,27,4,3249.4,5,2,3249.3,1,1,3249.1,6,2,3249.0,7,1,3249.7,22,7,3249.8,7,1,3250.0,460,6,3250.1,26,2,3250.2,42,3
11536,2025-12-30 10:43:57+05:30,3249.7,1,3248.52,273457,102857.0,116470.0,3250.0,3257.0,3239.8,3251.5,41825350,3576.6,2926.4,4322.95,2866.6,3249.5,27,4,3249.4,5,2,3249.3,1,1,3249.1,6,2,3249.0,7,1,3249.7,22,7,3249.8,7,1,3250.0,460,6,3250.1,26,2,3250.2,42,3
11536,2025-12-30 10:43:57+05:30,3249.7,1,3248.52,273472,102845.0,116443.0,3250.0,3257.0,3239.8,3251.5,41825350,3576.6,2926.4,4322.95,2866.6,3249.5,11,2,3249.4,9,3,3249.3,1,1,3249.1,6,2,3249.0,7,1,3249.7,20,7,3250.0,453,5,3250.1,33,3,3250.2,35,2,3250.3,26,1
11536,2025-12-30 10:43:58+05:30,3249.4,3,3248.52,273472,102845.0,116443.0,3250.0,3257.0,3239.8,3251.5,41825350,3576.6,2926.4,4322.95,2866.6,3249.5,11,2,3249.4,9,3,3249.3,1,1,3249.1,6,2,3249.0,7,1,3249.7,20,7,3250.0,453,5,3250.1,33,3,3250.2,35,2,3250.3,26,1
11536,2025-12-30 10:43:58+05:30,3249.7,2,3248.53,273505,102666.0,117229.0,3250.0,3257.0,3239.8,3251.5,41825350,3576.6,2926.4,4322.95,2866.6,3249.5,32,1,3249.4,11,3,3249.3,11,2,3249.1,6,2,3249.0,7,1,3249.7,16,5,3250.0,453,5,3250.1,26,2,3250.2,5,1,3250.3,26,1
11536,2025-12-30 10:43:59+05:30,3249.7,1,3248.53,273505,102666.0,117229.0,3250.0,3257.0,3239.8,3251.5,41825350,3576.6,2926.4,4322.95,2866.6,3249.5,32,1,3249.4,11,3,3249.3,11,2,3249.1,6,2,3249.0,7,1,3249.7,16,5,3250.0,453,5,3250.1,26,2,3250.2,5,1,3250.3,26,1
11536,2025-12-30 10:43:59+05:30,3249.5,2,3248.53,273512,102638.0,116765.0,3250.0,3257.0,3239.8,3251.5,41825350,3576.6,2926.4,4322.95,2866.6,3249.5,74,3,3249.4,10,2,3249.3,11,2,3249.1,6,2,3249.0,7,1,3249.7,17,7,3250.0,489,8,3250.1,39,3,3250.2,12,2,3250.3,43,2
11536,2025-12-30 10:44:00+05:30,3249.5,1,3248.53,273512,102638.0,116765.0,3250.0,3257.0,3239.8,3251.5,41825350,3576.6,2926.4,4322.95,2866.6,3249.5,74,3,3249.4,10,2,3249.3,11,2,3249.1,6,2,3249.0,7,1,3249.7,17,7,3250.0,489,8,3250.1,39,3,3250.2,12,2,3250.3,43,2
11536,2025-12-30 10:44:00+05:30,3250.0,14,3248.53,273581,102477.0,116452.0,3250.0,3257.0,3239.8,3251.5,41825350,3576.6,2926.4,4322.95,2866.6,3249.5,92,5,3249.4,10,2,3249.3,1,1,3249.1,6,2,3249.0,7,1,3250.0,439,5,3250.1,1,1,3250.2,5,1,3250.3,17,1,3250.4,74,6
11536,2025-12-30 10:44:01+05:30,3250.0,2,3248.53,273581,102477.0,116452.0,3250.0,3257.0,3239.8,3251.5,41825350,3576.6,2926.4,4322.95,2866.6,3249.5,92,5,3249.4,10,2,3249.3,1,1,3249.1,6,2,3249.0,7,1,3250.0,439,5,3250.1,1,1,3250.2,5,1,3250.3,17,1,3250.4,74,6
11536,2025-12-30 10:44:01+05:30,3250.0,2,3248.53,273583,102619.0,116866.0,3250.0,3257.0,3239.8,3251.5,41825350,3576.6,2926.4,4322.95,2866.6,3249.6,1,1,3249.5,80,3,3249.4,10,2,3249.3,12,2,3249.1,28,3,3250.0,448,8,3250.1,1,1,3250.2,36,3,3250.3,46,2,3250.4,37,4
11536,2025-12-30 10:44:02+05:30,3249.6,20,3248.53,273613,102762.0,116512.0,3250.0,3257.0,3239.8,3251.5,41825350,3576.6,2926.4,4322.95,2866.6,3249.6,8,1,3249.5,90,4,3249.4,10,2,3249.3,1,1,3249.1,35,4,3250.0,432,9,3250.1,1,1,3250.2,24,1,3250.3,4,1,3250.4,8,2
11536,2025-12-30 10:44:03+05:30,3249.6,20,3248.53,273613,102762.0,116512.0,3250.0,3257.0,3239.8,3251.5,41825350,3576.6,2926.4,4322.95,2866.6,3249.6,8,1,3249.5,90,4,3249.4,10,2,3249.3,1,1,3249.1,35,4,3250.0,432,9,3250.1,1,1,3250.2,24,1,3250.3,4,1,3250.4,8,2
11536,2025-12-30 10:44:03+05:30,3249.8,12,3248.53,273625,102614.0,116317.0,3250.0,3257.0,3239.8,3251.5,41825350,3576.6,2926.4,4322.95,2866.6,3249.8,8,1,3249.5,80,3,3249.4,10,2,3249.3,12,2,3249.1,28,3,3250.0,430,8,3250.1,1,1,3250.4,1,1,3250.5,45,2,3250.6,191,5
11536,2025-12-30 10:44:04+05:30,3249.8,1,3248.53,273625,102614.0,116317.0,3250.0,3257.0,3239.8,3251.5,41825350,3576.6,2926.4,4322.95,2866.6,3249.8,8,1,3249.5,80,3,3249.4,10,2,3249.3,12,2,3249.1,28,3,3250.0,430,8,3250.1,1,1,3250.4,1,1,3250.5,45,2,3250.6,191,5
11536,2025-12-30 10:44:04+05:30,3249.8,1,3248.53,273626,103120.0,115271.0,3250.0,3257.0,3239.8,3251.5,41825350,3576.6,2926.4,4322.95,2866.6,3249.8,61,2,3249.5,90,4,3249.4,10,2,3249.3,1,1,3249.1,6,2,3250.0,432,10,3250.1,1,1,3250.2,7,1,3250.3,4,1,3250.4,32,3
11536,2025-12-30 10:44:05+05:30,3250.0,1,3248.53,273626,103120.0,115271.0,3250.0,3257.0,3239.8,3251.5,41825350,3576.6,2926.4,4322.95,2866.6,3249.8,61,2,3249.5,90,4,3249.4,10,2,3249.3,1,1,3249.1,6,2,3250.0,432,10,3250.1,1,1,3250.2,7,1,3250.3,4,1,3250.4,32,3
11536,2025-12-30 10:44:05+05:30,3250.0,1,3248.53,273637,102761.0,115241.0,3250.0,3257.0,3239.8,3251.5,41825350,3576.6,2926.4,4322.95,2866.6,3249.9,8,1,3249.8,52,1,3249.5,80,3,3249.4,10,2,3249.3,12,2,3250.0,461,12,3250.1,1,1,3250.2,4,1,3250.4,25,2,3250.5,21,1
11536,2025-12-30 10:44:06+05:30,3249.9,4,3248.53,273637,102761.0,115241.0,3250.0,3257.0,3239.8,3251.5,41825350,3576.6,2926.4,4322.95,2866.6,3249.9,8,1,3249.8,52,1,3249.5,80,3,3249.4,10,2,3249.3,12,2,3250.0,461,12,3250.1,1,1,3250.2,4,1,3250.4,25,2,3250.5,21,1
11536,2025-12-30 10:44:06+05:30,3249.9,4,3248.53,273646,102787.0,116255.0,3250.0,3257.0,3239.8,3251.5,41825350,3576.6,2926.4,4322.95,2866.6,3249.9,8,1,3249.8,52,1,3249.5,91,4,3249.4,10,2,3249.3,1,1,3250.0,461,12,3250.1,8,2,3250.2,4,1,3250.3,24,1,3250.4,8,2
11536,2025-12-30 10:44:07+05:30,3249.9,3,3248.53,273646,102787.0,116255.0,3250.0,3257.0,3239.8,3251.5,41825350,3576.6,2926.4,4322.95,2866.6,3249.9,8,1,3249.8,52,1,3249.5,91,4,3249.4,10,2,3249.3,1,1,3250.0,461,12,3250.1,8,2,3250.2,4,1,3250.3,24,1,3250.4,8,2
11536,2025-12-30 10:44:07+05:30,3249.9,1,3248.53,273652,102773.0,116238.0,3250.0,3257.0,3239.8,3251.5,41825350,3576.6,2926.4,4322.95,2866.6,3249.9,2,1,3249.8,52,1,3249.7,9,1,3249.5,80,3,3249.4,10,2,3250.0,471,13,3250.1,1,1,3250.2,15,3,3250.3,53,2,3250.4,19,4
11536,2025-12-30 10:44:08+05:30,3249.8,17,3248.53,273652,102773.0,116238.0,3250.0,3257.0,3239.8,3251.5,41825350,3576.6,2926.4,4322.95,2866.6,3249.9,2,1,3249.8,52,1,3249.7,9,1,3249.5,80,3,3249.4,10,2,3250.0,471,13,3250.1,1,1,3250.2,15,3,3250.3,53,2,3250.4,19,4
11536,2025-12-30 10:44:08+05:30,3250.0,1,3248.53,273687,102728.0,116291.0,3250.0,3257.0,3239.8,3251.5,41825350,3576.6,2926.4,4322.95,2866.6,3249.8,34,1,3249.7,9,1,3249.5,80,3,3249.4,10,2,3249.3,1,1,3250.0,471,15,3250.1,25,2,3250.2,11,2,3250.3,29,1,3250.4,19,4
11536,2025-12-30 10:44:09+05:30,3250.0,14,3248.53,273687,102728.0,116291.0,3250.0,3257.0,3239.8,3251.5,41825350,3576.6,2926.4,4322.95,2866.6,3249.8,34,1,3249.7,9,1,3249.5,80,3,3249.4,10,2,3249.3,1,1,3250.0,471,15,3250.1,25,2,3250.2,11,2,3250.3,29,1,3250.4,19,4
11536,2025-12-30 10:44:09+05:30,3249.8,1,3248.53,273705,102731.0,116291.0,3250.0,3257.0,3239.8,3251.5,41825350,3576.6,2926.4,4322.95,2866.6,3249.8,75,2,3249.7,9,1,3249.5,80,3,3249.4,10,2,3249.3,1,1,3250.0,456,14,3250.1,25,2,3250.2,11,2,3250.3,29,1,3250.4,12,3
11536,2025-12-30 10:44:10+05:30,3249.8,7,3248.53,273705,102731.0,116291.0,3250.0,3257.0,3239.8,3251.5,41825350,3576.6,2926.4,4322.95,2866.6,3249.8,75,2,3249.7,9,1,3249.5,80,3,3249.4,10,2,3249.3,1,1,3250.0,456,14,3250.1,25,2,3250.2,11,2,3250.3,29,1,3250.4,12,3
11536,2025-12-30 10:44:10+05:30,3250.0,1,3248.53,273722,104527.0,116381.0,3250.0,3257.0,3239.8,3251.5,41825350,3576.6,2926.4,4322.95,2866.6,3249.8,71,3,3249.7,9,1,3249.5,80,3,3249.4,10,2,3249.3,1,1,3250.0,437,11,3250.1,1,1,3250.4,1,1,3250.5,45,2,3250.6,212,5
11536,2025-12-30 10:44:11+05:30,3249.8,5,3248.53,273722,104527.0,116381.0,3250.0,3257.0,3239.8,3251.5,41825350,3576.6,2926.4,4322.95,2866.6,3249.8,71,3,3249.7,9,1,3249.5,80,3,3249.4,10,2,3249.3,1,1,3250.0,437,11,3250.1,1,1,3250.4,1,1,3250.5,45,2,3250.6,212,5
11536,2025-12-30 10:44:11+05:30,3249.8,1,3248.53,273729,104558.0,116422.0,3250.0,3257.0,3239.8,3251.5,41825350,3576.6,2926.4,4322.95,2866.6,3249.8,58,2,3249.7,15,2,3249.5,80,3,3249.4,10,2,3249.3,1,1,3250.0,438,12,3250.1,1,1,3250.4,29,3,3250.5,56,3,3250.6,205,4
11536,2025-12-30 10:44:12+05:30,3249.8,6,3248.53,273729,104558.0,116422.0,3250.0,3257.0,3239.8,3251.5,41825350,3576.6,2926.4,4322.95,2866.6,3249.8,58,2,3249.7,15,2,3249.5,80,3,3249.4,10,2,3249.3,1,1,3250.0,438,12,3250.1,1,1,3250.4,29,3,3250.5,56,3,3250.6,205,4
11536,2025-12-30 10:44:12+05:30,3250.0,2,3248.53,273738,104555.0,116360.0,3250.0,3257.0,3239.8,3251.5,41825350,3576.6,2926.4,4322.95,2866.6,3249.8,51,2,3249.7,16,3,3249.5,80,3,3249.4,10,2,3249.3,1,1,3250.0,436,12,3250.1,1,1,3250.4,29,3,3250.5,50,2,3250.6,211,5
11536,2025-12-30 10:44:13+05:30,3249.8,2,3248.53,273738,104555.0,116360.0,3250.0,3257.0,3239.8,3251.5,41825350,3576.6,2926.4,4322.95,2866.6,3249.8,51,2,3249.7,16,3,3249.5,80,3,3249.4,10,2,3249.3,1,1,3250.0,436,12,3250.1,1,1,3250.4,29,3,3250.5,50,2,3250.6,211,5
11536,2025-12-30 10:44:13+05:30,3249.8,2,3248.53,273746,104549.0,116368.0,3250.0,3257.0,3239.8,3251.5,41825350,3576.6,2926.4,4322.95,2866.6,3249.8,49,2,3249.7,17,3,3249.6,2,1,3249.5,80,3,3249.4,10,2,3250.0,438,14,3250.1,1,1,3250.3,24,1,3250.4,11,3,3250.5,50,2
11536,2025-12-30 10:44:14+05:30,3249.8,2,3248.53,273746,104549.0,116368.0,3250.0,3257.0,3239.8,3251.5,41825350,3576.6,2926.4,4322.95,2866.6,3249.8,49,2,3249.7,17,3,3249.6,2,1,3249.5,80,3,3249.4,10,2,3250.0,438,14,3250.1,1,1,3250.3,24,1,3250.4,11,3,3250.5,50,2
11536,2025-12-30 10:44:14+05:30,3249.8,2,3248.53,273751,104554.0,116374.0,3250.0,3257.0,3239.8,3251.5,41825350,3576.6,2926.4,4322.95,2866.6,3249.8,44,2,3249.7,17,3,3249.6,2,1,3249.5,80,3,3249.4,10,2,3250.0,438,14,3250.1,1,1,3250.2,6,1,3250.3,24,1,3250.4,11,3
11536,2025-12-30 10:44:15+05:30,3250.0,1,3248.53,273751,104554.0,116374.0,3250.0,3257.0,3239.8,3251.5,41825350,3576.6,2926.4,4322.95,2866.6,3249.8,44,2,3249.7,17,3,3249.6,2,1,3249.5,80,3,3249.4,10,2,3250.0,438,14,3250.1,1,1,3250.2,6,1,3250.3,24,1,3250.4,11,3
11536,2025-12-30 10:44:15+05:30,3250.0,1,3248.53,273758,104545.0,116373.0,3250.0,3257.0,3239.8,3251.5,41825350,3576.6,2926.4,4322.95,2866.6,3249.9,6,1,3249.8,32,1,3249.7,17,3,3249.6,2,1,3249.5,80,3,3250.0,437,14,3250.1,1,1,3250.2,6,1,3250.3,24,1,3250.4,40,4
11536,2025-12-30 10:44:16+05:30,3250.0,1,3248.53,273758,104545.0,116373.0,3250.0,3257.0,3239.8,3251.5,41825350,3576.6,2926.4,4322.95,2866.6,3249.9,6,1,3249.8,32,1,3249.7,17,3,3249.6,2,1,3249.5,80,3,3250.0,437,14,3250.1,1,1,3250.2,6,1,3250.3,24,1,3250.4,40,4
11536,2025-12-30 10:44:16+05:30,3249.9,1,3248.53,273763,104629.0,116198.0,3250.0,3257.0,3239.8,3251.5,41825350,3576.6,2926.4,4322.95,2866.6,3249.9,56,3,3249.8,32,1,3249.7,17,3,3249.6,2,1,3249.5,80,3,3250.0,436,14,3250.1,1,1,3250.3,24,1,3250.4,34,3,3250.6,10,2
11536,2025-12-30 10:44:17+05:30,3249.9,1,3248.53,273763,104629.0,116198.0,3250.0,3257.0,3239.8,3251.5,41825350,3576.6,2926.4,4322.95,2866.6,3249.9,56,3,3249.8,32,1,3249.7,17,3,3249.6,2,1,3249.5,80,3,3250.0,436,14,3250.1,1,1,3250.3,24,1,3250.4,34,3,3250.6,10,2
11536,2025-12-30 10:44:17+05:30,3249.9,1,3248.53,273813,104504.0,116209.0,3250.0,3257.0,3239.8,3251.5,41825350,3576.6,2926.4,4322.95,2866.6,3249.9,62,3,3249.8,32,1,3249.7,8,2,3249.6,2,1,3249.5,80,3,3250.0,439,13,3250.1,1,1,3250.3,24,1,3250.4,40,4,3250.6,10,2
11536,2025-12-30 10:44:18+05:30,3249.9,1,3248.53,273813,104504.0,116209.0,3250.0,3257.0,3239.8,3251.5,41825350,3576.6,2926.4,4322.95,2866.6,3249.9,62,3,3249.8,32,1,3249.7,8,2,3249.6,2,1,3249.5,80,3,3250.0,439,13,3250.1,1,1,3250.3,24,1,3250.4,40,4,3250.6,10,2
11536,2025-12-30 10:44:18+05:30,3249.9,1,3248.53,273825,104716.0,116209.0,3250.0,3257.0,3239.8,3251.5,41825350,3576.6,2926.4,4322.95,2866.6,3249.9,39,2,3249.8,32,1,3249.7,20,3,3249.6,2,1,3249.5,80,3,3250.0,441,14,3250.1,1,1,3250.3,30,2,3250.4,34,3,3250.6,10,2
11536,2025-12-30 10:44:19+05:30,3250.0,10,3248.53,273825,104716.0,116209.0,3250.0,3257.0,3239.8,3251.5,41825350,3576.6,2926.4,4322.95,2866.6,3249.9,39,2,3249.8,32,1,3249.7,20,3,3249.6,2,1,3249.5,80,3,3250.0,441,14,3250.1,1,1,3250.3,30,2,3250.4,34,3,3250.6,10,2
11536,2025-12-30 10:44:19+05:30,3249.9,1,3248.53,273837,104712.0,116200.0,3250.0,3257.0,3239.8,3251.5,41825350,3576.6,2926.4,4322.95,2866.6,3249.9,48,3,3249.8,32,1,3249.7,8,2,3249.6,2,1,3249.5,80,3,3250.0,432,15,3250.1,1,1,3250.3,30,2,3250.4,34,3,3250.6,10,2
11536,2025-12-30 10:44:20+05:30,3249.9,3,3248.53,273837,104712.0,116200.0,3250.0,3257.0,3239.8,3251.5,41825350,3576.6,2926.4,4322.95,2866.6,3249.9,48,3,3249.8,32,1,3249.7,8,2,3249.6,2,1,3249.5,80,3,3250.0,432,15,3250.1,1,1,3250.3,30,2,3250.4,34,3,3250.6,10,2
11536,2025-12-30 10:44:20+05:30,3249.9,3,3248.53,273854,104688.0,116265.0,3250.0,3257.0,3239.8,3251.5,41825350,3576.6,2926.4,4322.95,2866.6,3249.9,20,2,3249.8,32,1,3249.7,20,3,3249.6,2,1,3249.5,80,3,3250.0,431,15,3250.1,7,2,3250.3,24,1,3250.4,40,4,3250.6,10,2
11536,2025-12-30 10:44:21+05:30,3249.9,2,3248.53,273854,104688.0,116265.0,3250.0,3257.0,3239.8,3251.5,41825350,3576.6,2926.4,4322.95,2866.6,3249.9,20,2,3249.8,32,1,3249.7,20,3,3249.6,2,1,3249.5,80,3,3250.0,431,15,3250.1,7,2,3250.3,24,1,3250.4,40,4,3250.6,10,2
11536,2025-12-30 10:44:21+05:30,3250.1,1,3248.53,274326,101264.0,109800.0,3250.0,3257.0,3239.8,3251.5,41825350,3576.6,2926.4,4322.95,2866.6,3250.0,1,1,3249.9,54,4,3249.8,39,2,3249.7,40,5,3249.6,85,7,3250.9,74,3,3251.0,62,2,3251.1,1,1,3251.2,7,1,3251.3,24,1
11536,2025-12-30 10:44:22+05:30,3250.1,1,3248.53,274326,101264.0,109800.0,3250.0,3257.0,3239.8,3251.5,41825350,3576.6,2926.4,4322.95,2866.6,3250.0,1,1,3249.9,54,4,3249.8,39,2,3249.7,40,5,3249.6,85,7,3250.9,74,3,3251.0,62,2,3251.1,1,1,3251.2,7,1,3251.3,24,1
11536,2025-12-30 10:44:22+05:30,3250.1,1,3248.53,274326,104303.0,109695.0,3250.0,3257.0,3239.8,3251.5,41825350,3576.6,2926.4,4322.95,2866.6,3250.1,84,6,3250.0,68,4,3249.9,91,6,3249.8,58,4,3249.7,245,6,3250.9,30,5,3251.0,1,1,3251.1,1,1,3251.4,21,1,3251.6,21,1
11536,2025-12-30 10:44:23+05:30,3250.1,1,3248.53,274326,103920.0,110062.0,3250.0,3257.0,3239.8,3251.5,41825350,3576.6,2926.4,4322.95,2866.6,3250.1,37,3,3250.0,44,2,3249.9,48,4,3249.8,77,4,3249.7,291,8,3250.9,30,5,3251.0,1,1,3251.1,1,1,3251.3,29,1,3251.4,21,1
11536,2025-12-30 10:44:24+05:30,3250.0,23,3248.53,274326,103920.0,110062.0,3250.0,3257.0,3239.8,3251.5,41825350,3576.6,2926.4,4322.95,2866.6,3250.1,37,3,3250.0,44,2,3249.9,48,4,3249.8,77,4,3249.7,291,8,3250.9,30,5,3251.0,1,1,3251.1,1,1,3251.3,29,1,3251.4,21,1
11536,2025-12-30 10:44:24+05:30,3251.0,30,3248.53,274658,103371.0,109272.0,3250.0,3257.0,3239.8,3251.5,41825350,3576.6,2926.4,4322.95,2866.6,3250.2,63,5,3250.1,90,2,3250.0,69,7,3249.9,50,5,3249.8,244,5,3251.1,13,3,3251.5,61,1,3251.6,21,1,3251.7,50,1,3251.8,191,4
11536,2025-12-30 10:44:25+05:30,3251.1,1,3248.53,274658,103371.0,109272.0,3250.0,3257.0,3239.8,3251.5,41825350,3576.6,2926.4,4322.95,2866.6,3250.2,63,5,3250.1,90,2,3250.0,69,7,3249.9,50,5,3249.8,244,5,3251.1,13,3,3251.5,61,1,3251.6,21,1,3251.7,50,1,3251.8,191,4
11536,2025-12-30 10:44:25+05:30,3251.1,1,3248.53,274659,105184.0,109331.0,3250.0,3257.0,3239.8,3251.5,41825350,3576.6,2926.4,4322.95,2866.6,3250.2,68,4,3250.0,45,6,3249.9,55,6,3249.8,69,4,3249.7,254,8,3251.1,12,2,3251.4,24,1,3251.5,90,2,3251.6,21,1,3251.7,50,1
11536,2025-12-30 10:44:26+05:30,3250.2,4,3248.53,274659,105184.0,109331.0,3250.0,3257.0,3239.8,3251.5,41825350,3576.6,2926.4,4322.95,2866.6,3250.2,68,4,3250.0,45,6,3249.9,55,6,3249.8,69,4,3249.7,254,8,3251.1,12,2,3251.4,24,1,3251.5,90,2,3251.6,21,1,3251.7,50,1
11536,2025-12-30 10:44:26+05:30,3250.2,4,3248.53,274729,105072.0,109345.0,3250.0,3257.0,3239.8,3251.5,41825350,3576.6,2926.4,4322.95,2866.6,3250.2,2,1,3250.1,51,2,3250.0,37,5,3249.9,55,6,3249.8,69,4,3251.1,22,4,3251.3,24,1,3251.4,29,1,3251.5,61,1,3251.6,30,3
11536,2025-12-30 10:44:27+05:30,3250.2,4,3248.53,274729,105072.0,109345.0,3250.0,3257.0,3239.8,3251.5,41825350,3576.6,2926.4,4322.95,2866.6,3250.2,2,1,3250.1,51,2,3250.0,37,5,3249.9,55,6,3249.8,69,4,3251.1,22,4,3251.3,24,1,3251.4,29,1,3251.5,61,1,3251.6,30,3
11536,2025-12-30 10:44:27+05:30,3250.2,4,3248.53,274785,104895.0,108794.0,3250.0,3257.0,3239.8,3251.5,41825350,3576.6,2926.4,4322.95,2866.6,3250.2,12,3,3250.1,43,1,3250.0,48,6,3249.9,44,5,3249.8,94,5,3251.1,21,7,3251.3,24,1,3251.4,29,1,3251.5,61,1,3251.6,22,2
11536,2025-12-30 10:44:28+05:30,3250.2,36,3248.53,274785,104895.0,108794.0,3250.0,3257.0,3239.8,3251.5,41825350,3576.6,2926.4,4322.95,2866.6,3250.2,12,3,3250.1,43,1,3250.0,48,6,3249.9,44,5,3249.8,94,5,3251.1,21,7,3251.3,24,1,3251.4,29,1,3251.5,61,1,3251.6,22,2
11536,2025-12-30 10:44:28+05:30,3250.2,4,3248.53,274837,103203.0,109053.0,3250.0,3257.0,3239.8,3251.5,41825350,3576.6,2926.4,4322.95,2866.6,3250.2,2,1,3250.0,6,2,3249.9,27,3,3249.8,57,2,3249.7,29,5,3251.1,79,12,3251.2,19,2,3251.3,14,1,3251.4,24,2,3251.5,76,3
11536,2025-12-30 10:44:29+05:30,3250.0,1,3248.53,274837,103203.0,109053.0,3250.0,3257.0,3239.8,3251.5,41825350,3576.6,2926.4,4322.95,2866.6,3250.2,2,1,3250.0,6,2,3249.9,27,3,3249.8,57,2,3249.7,29,5,3251.1,79,12,3251.2,19,2,3251.3,14,1,3251.4,24,2,3251.5,76,3
11536,2025-12-30 10:44:29+05:30,3250.0,2,3248.53,274842,104568.0,111343.0,3250.0,3257.0,3239.8,3251.5,41825350,3576.6,2926.4,4322.95,2866.6,3250.0,8,3,3249.9,28,3,3249.8,44,2,3249.7,57,6,3249.6,41,5,3250.2,2,1,3251.0,30,2,3251.1,24,9,3251.2,92,3,3251.3,24,1
11536,2025-12-30 10:44:30+05:30,3250.0,1,3248.53,274842,104568.0,111343.0,3250.0,3257.0,3239.8,3251.5,41825350,3576.6,2926.4,4322.95,2866.6,3250.0,8,3,3249.9,28,3,3249.8,44,2,3249.7,57,6,3249.6,41,5,3250.2,2,1,3251.0,30,2,3251.1,24,9,3251.2,92,3,3251.3,24,1
11536,2025-12-30 10:44:30+05:30,3251.2,54,3248.53,275035,103215.0,109342.0,3250.0,3257.0,3239.8,3251.5,41825350,3576.6,2926.4,4322.95,2866.6,3250.0,6,2,3249.9,24,2,3249.8,41,2,3249.7,16,4,3249.6,76,6,3251.0,23,1,3251.2,11,1,3251.3,10,1,3251.5,15,2,3251.6,65,3
11536,2025-12-30 10:44:31+05:30,3250.2,1,3248.53,275035,103215.0,109342.0,3250.0,3257.0,3239.8,3251.5,41825350,3576.6,2926.4,4322.95,2866.6,3250.0,6,2,3249.9,24,2,3249.8,41,2,3249.7,16,4,3249.6,76,6,3251.0,23,1,3251.2,11,1,3251.3,10,1,3251.5,15,2,3251.6,65,3
11536,2025-12-30 10:44:31+05:30,3250.2,1,3248.53,275036,104231.0,110755.0,3250.0,3257.0,3239.8,3251.5,41825350,3576.6,2926.4,4322.95,2866.6,3250.0,6,2,3249.9,33,3,3249.8,32,1,3249.7,9,3,3249.6,61,5,3250.2,59,1,3251.0,31,3,3251.1,28,1,3251.2,11,1,3251.3,10,1
11536,2025-12-30 10:44:32+05:30,3250.2,1,3248.53,275036,104299.0,110882.0,3250.0,3257.0,3239.8,3251.5,41825350,3576.6,2926.4,4322.95,2866.6,3250.0,12,4,3249.9,33,4,3249.8,57,3,3249.7,60,7,3249.6,89,6,3250.2,59,1,3251.0,8,2,3251.1,28,1,3251.2,11,1,3251.3,23,1
11536,2025-12-30 10:44:33+05:30,3250.0,1,3248.53,275036,104299.0,110882.0,3250.0,3257.0,3239.8,3251.5,41825350,3576.6,2926.4,4322.95,2866.6,3250.0,12,4,3249.9,33,4,3249.8,57,3,3249.7,60,7,3249.6,89,6,3250.2,59,1,3251.0,8,2,3251.1,28,1,3251.2,11,1,3251.3,23,1
11536,2025-12-30 10:44:33+05:30,3251.2,1,3248.54,275206,105195.0,106033.0,3250.0,3257.0,3239.8,3251.5,41825350,3576.6,2926.4,4322.95,2866.6,3250.0,57,5,3249.9,109,7,3249.8,170,8,3249.7,267,7,3249.6,300,13,3251.4,39,2,3251.5,23,1,3251.7,6,1,3251.8,48,3,3251.9,92,3
11536,2025-12-30 10:44:34+05:30,3251.2,1,3248.54,275206,105195.0,106033.0,3250.0,3257.0,3239.8,3251.5,41825350,3576.6,2926.4,4322.95,2866.6,3250.0,57,5,3249.9,109,7,3249.8,170,8,3249.7,267,7,3249.6,300,13,3251.4,39,2,3251.5,23,1,3251.7,6,1,3251.8,48,3,3251.9,92,3
11536,2025-12-30 10:44:34+05:30,3251.2,1,3248.54,275206,103969.0,108566.0,3250.0,3257.0,3239.8,3251.5,41825350,3576.6,2926.4,4322.95,2866.6,3250.0,57,5,3249.9,109,7,3249.8,170,8,3249.7,92,6,3249.6,475,14,3251.4,57,5,3251.5,23,1,3251.7,6,1,3251.8,48,3,3251.9,92,3
11536,2025-12-30 10:44:35+05:30,3251.4,1,3248.54,275206,103969.0,108566.0,3250.0,3257.0,3239.8,3251.5,41825350,3576.6,2926.4,4322.95,2866.6,3250.0,57,5,3249.9,109,7,3249.8,170,8,3249.7,92,6,3249.6,475,14,3251.4,57,5,3251.5,23,1,3251.7,6,1,3251.8,48,3,3251.9,92,3
11536,2025-12-30 10:44:35+05:30,3251.4,1,3248.54,275207,104126.0,108567.0,3250.0,3257.0,3239.8,3251.5,41825350,3576.6,2926.4,4322.95,2866.6,3250.0,57,5,3249.9,109,7,3249.8,170,8,3249.7,267,7,3249.6,456,14,3251.4,57,6,3251.5,23,1,3251.7,6,1,3251.8,48,3,3251.9,92,3
11536,2025-12-30 10:44:36+05:30,3251.4,2,3248.54,275207,104126.0,108567.0,3250.0,3257.0,3239.8,3251.5,41825350,3576.6,2926.4,4322.95,2866.6,3250.0,57,5,3249.9,109,7,3249.8,170,8,3249.7,267,7,3249.6,456,14,3251.4,57,6,3251.5,23,1,3251.7,6,1,3251.8,48,3,3251.9,92,3
11536,2025-12-30 10:44:36+05:30,3251.4,2,3248.54,275247,104424.0,107500.0,3250.0,3257.0,3239.8,3251.5,41825350,3576.6,2926.4,4322.95,2866.6,3250.1,18,3,3250.0,160,7,3249.9,105,6,3249.8,171,9,3249.7,313,8,3251.4,55,8,3251.5,23,1,3251.7,6,1,3251.8,48,3,3251.9,92,3
11536,2025-12-30 10:44:37+05:30,3250.0,2,3248.54,275247,104424.0,107500.0,3250.0,3257.0,3239.8,3251.5,41825350,3576.6,2926.4,4322.95,2866.6,3250.1,18,3,3250.0,160,7,3249.9,105,6,3249.8,171,9,3249.7,313,8,3251.4,55,8,3251.5,23,1,3251.7,6,1,3251.8,48,3,3251.9,92,3
11536,2025-12-30 10:44:37+05:30,3250.1,1,3248.54,275270,102976.0,108927.0,3250.0,3257.0,3239.8,3251.5,41825350,3576.6,2926.4,4322.95,2866.6,3250.1,10,1,3250.0,167,8,3249.9,105,6,3249.8,170,8,3249.7,138,7,3251.4,53,8,3251.5,23,1,3251.7,6,1,3251.8,48,3,3251.9,92,3
11536,2025-12-30 10:44:38+05:30,3250.0,1,3248.54,275270,102976.0,108927.0,3250.0,3257.0,3239.8,3251.5,41825350,3576.6,2926.4,4322.95,2866.6,3250.1,10,1,3250.0,167,8,3249.9,105,6,3249.8,170,8,3249.7,138,7,3251.4,53,8,3251.5,23,1,3251.7,6,1,3251.8,48,3,3251.9,92,3
11536,2025-12-30 10:44:38+05:30,3250.0,1,3248.54,275322,105416.0,109228.0,3250.0,3257.0,3239.8,3251.5,41825350,3576.6,2926.4,4322.95,2866.6,3250.0,77,4,3249.9,17,3,3249.8,45,3,3249.7,9,3,3249.6,117,8,3251.1,51,2,3251.2,13,2,3251.4,31,8,3251.5,26,1,3251.6,60,4
11536,2025-12-30 10:44:39+05:30,3250.0,7,3248.54,275322,105416.0,109228.0,3250.0,3257.0,3239.8,3251.5,41825350,3576.6,2926.4,4322.95,2866.6,3250.0,77,4,3249.9,17,3,3249.8,45,3,3249.7,9,3,3249.6,117,8,3251.1,51,2,3251.2,13,2,3251.4,31,8,3251.5,26,1,3251.6,60,4
11536,2025-12-30 10:44:39+05:30,3250.0,7,3248.54,275335,103744.0,110388.0,3250.0,3257.0,3239.8,3251.5,41825350,3576.6,2926.4,4322.95,2866.6,3250.0,65,5,3249.9,17,3,3249.8,32,1,3249.7,8,2,3249.6,111,7,3250.9,51,2,3251.0,9,1,3251.1,16,6,3251.2,22,3,3251.4,53,7
11536,2025-12-30 10:44:40+05:30,3250.0,3,3248.54,275335,103744.0,110388.0,3250.0,3257.0,3239.8,3251.5,41825350,3576.6,2926.4,4322.95,2866.6,3250.0,65,5,3249.9,17,3,3249.8,32,1,3249.7,8,2,3249.6,111,7,3250.9,51,2,3251.0,9,1,3251.1,16,6,3251.2,22,3,3251.4,53,7
11536,2025-12-30 10:44:40+05:30,3250.0,3,3248.54,275339,102347.0,110039.0,3250.0,3257.0,3239.8,3251.5,41825350,3576.6,2926.4,4322.95,2866.6,3250.0,60,4,3249.9,18,4,3249.8,32,1,3249.7,8,2,3249.6,111,7,3250.9,54,5,3251.1,25,7,3251.2,13,2,3251.4,51,5,3251.6,60,4
11536,2025-12-30 10:44:41+05:30,3250.0,2,3248.54,275339,102347.0,110039.0,3250.0,3257.0,3239.8,3251.5,41825350,3576.6,2926.4,4322.95,2866.6,3250.0,60,4,3249.9,18,4,3249.8,32,1,3249.7,8,2,3249.6,111,7,3250.9,54,5,3251.1,25,7,3251.2,13,2,3251.4,51,5,3251.6,60,4
11536,2025-12-30 10:44:41+05:30,3250.0,2,3248.54,275348,105636.0,110455.0,3250.0,3257.0,3239.8,3251.5,41825350,3576.6,2926.4,4322.95,2866.6,3250.0,52,3,3249.9,18,4,3249.8,32,1,3249.7,8,2,3249.6,111,7,3250.8,22,1,3250.9,33,7,3251.1,12,4,3251.2,13,2,3251.4,26,3
11536,2025-12-30 10:44:42+05:30,3250.0,1,3248.54,275356,105677.0,110627.0,3250.0,3257.0,3239.8,3251.5,41825350,3576.6,2926.4,4322.95,2866.6,3250.0,52,4,3249.9,17,3,3249.8,32,1,3249.7,8,2,3249.6,134,7,3250.8,24,3,3250.9,31,5,3251.1,9,1,3251.2,13,2,3251.4,26,3
11536,2025-12-30 10:44:42+05:30,3250.0,1,3248.54,275356,105677.0,110627.0,3250.0,3257.0,3239.8,3251.5,41825350,3576.6,2926.4,4322.95,2866.6,3250.0,52,4,3249.9,17,3,3249.8,32,1,3249.7,8,2,3249.6,134,7,3250.8,24,3,3250.9,31,5,3251.1,9,1,3251.2,13,2,3251.4,26,3
11536,2025-12-30 10:44:43+05:30,3250.0,1,3248.54,275356,105677.0,110627.0,3250.0,3257.0,3239.8,3251.5,41825350,3576.6,2926.4,4322.95,2866.6,3250.0,52,4,3249.9,17,3,3249.8,32,1,3249.7,8,2,3249.6,134,7,3250.8,24,3,3250.9,31,5,3251.1,9,1,3251.2,13,2,3251.4,26,3
11536,2025-12-30 10:44:43+05:30,3250.0,1,3248.54,275365,105646.0,110618.0,3250.0,3257.0,3239.8,3251.5,41825350,3576.6,2926.4,4322.95,2866.6,3250.0,47,4,3249.9,27,4,3249.8,32,1,3249.7,17,3,3249.6,118,6,3250.8,5,5,3250.9,28,2,3251.1,22,1,3251.2,13,2,3251.4,26,3
11536,2025-12-30 10:44:44+05:30,3250.8,1,3248.54,275365,105646.0,110618.0,3250.0,3257.0,3239.8,3251.5,41825350,3576.6,2926.4,4322.95,2866.6,3250.0,47,4,3249.9,27,4,3249.8,32,1,3249.7,17,3,3249.6,118,6,3250.8,5,5,3250.9,28,2,3251.1,22,1,3251.2,13,2,3251.4,26,3
11536,2025-12-30 10:44:44+05:30,3250.8,1,3248.54,275371,105628.0,110626.0,3250.0,3257.0,3239.8,3251.5,41825350,3576.6,2926.4,4322.95,2866.6,3250.0,43,4,3249.9,27,4,3249.8,32,1,3249.7,8,2,3249.6,118,6,3250.8,27,6,3250.9,27,1,3251.1,6,1,3251.2,13,2,3251.4,26,3
11536,2025-12-30 10:44:45+05:30,3250.0,8,3248.54,275371,105628.0,110626.0,3250.0,3257.0,3239.8,3251.5,41825350,3576.6,2926.4,4322.95,2866.6,3250.0,43,4,3249.9,27,4,3249.8,32,1,3249.7,8,2,3249.6,118,6,3250.8,27,6,3250.9,27,1,3251.1,6,1,3251.2,13,2,3251.4,26,3
11536,2025-12-30 10:44:45+05:30,3250.0,8,3248.54,275433,103803.0,111113.0,3250.0,3257.0,3239.8,3251.5,41825350,3576.6,2926.4,4322.95,2866.6,3250.0,7,1,3249.9,17,3,3249.8,32,1,3249.7,8,2,3249.6,2,1,3250.5,68,7,3250.6,29,3,3250.7,26,2,3250.8,43,6,3250.9,18,1
11536,2025-12-30 10:44:46+05:30,3250.5,1,3248.54,275433,103803.0,111113.0,3250.0,3257.0,3239.8,3251.5,41825350,3576.6,2926.4,4322.95,2866.6,3250.0,7,1,3249.9,17,3,3249.8,32,1,3249.7,8,2,3249.6,2,1,3250.5,68,7,3250.6,29,3,3250.7,26,2,3250.8,43,6,3250.9,18,1
11536,2025-12-30 10:44:46+05:30,3250.5,1,3248.54,275436,103852.0,112087.0,3250.0,3257.0,3239.8,3251.5,41825350,3576.6,2926.4,4322.95,2866.6,3250.0,5,1,3249.9,17,3,3249.8,32,1,3249.7,8,2,3249.6,2,1,3250.5,58,7,3250.6,10,1,3250.7,13,1,3250.8,42,5,3250.9,54,3
11536,2025-12-30 10:44:47+05:30,3250.0,14,3248.54,275436,103852.0,112087.0,3250.0,3257.0,3239.8,3251.5,41825350,3576.6,2926.4,4322.95,2866.6,3250.0,5,1,3249.9,17,3,3249.8,32,1,3249.7,8,2,3249.6,2,1,3250.5,58,7,3250.6,10,1,3250.7,13,1,3250.8,42,5,3250.9,54,3
11536,2025-12-30 10:44:47+05:30,3250.0,1,3248.54,275458,103950.0,113335.0,3250.0,3257.0,3239.8,3251.5,41825350,3576.6,2926.4,4322.95,2866.6,3250.0,45,2,3249.9,17,3,3249.8,32,1,3249.7,8,2,3249.6,2,1,3250.5,55,7,3250.6,10,1,3250.7,13,1,3250.8,41,4,3250.9,54,3
11536,2025-12-30 10:44:48+05:30,3250.0,10,3248.54,275513,103891.0,113416.0,3250.0,3257.0,3239.8,3251.5,41825350,3576.6,2926.4,4322.95,2866.6,3250.0,1,1,3249.9,17,3,3249.8,32,1,3249.7,8,2,3249.6,2,1,3250.5,106,10,3250.6,21,2,3250.7,13,1,3250.8,41,4,3250.9,54,3
11536,2025-12-30 10:44:48+05:30,3250.0,10,3248.54,275513,103891.0,113416.0,3250.0,3257.0,3239.8,3251.5,41825350,3576.6,2926.4,4322.95,2866.6,3250.0,1,1,3249.9,17,3,3249.8,32,1,3249.7,8,2,3249.6,2,1,3250.5,106,10,3250.6,21,2,3250.7,13,1,3250.8,41,4,3250.9,54,3
11536,2025-12-30 10:44:49+05:30,3250.0,1,3248.54,275515,103681.0,111587.0,3250.0,3257.0,3239.8,3251.5,41825350,3576.6,2926.4,4322.95,2866.6,3250.0,6,2,3249.9,17,3,3249.8,32,1,3249.7,8,2,3249.6,2,1,3250.5,107,10,3250.6,21,2,3250.7,26,2,3250.8,41,4,3250.9,54,3
11536,2025-12-30 10:44:49+05:30,3250.0,1,3248.54,275515,103681.0,111587.0,3250.0,3257.0,3239.8,3251.5,41825350,3576.6,2926.4,4322.95,2866.6,3250.0,6,2,3249.9,17,3,3249.8,32,1,3249.7,8,2,3249.6,2,1,3250.5,107,10,3250.6,21,2,3250.7,26,2,3250.8,41,4,3250.9,54,3
11536,2025-12-30 10:44:50+05:30,3249.9,1,3248.54,275531,103530.0,113662.0,3250.0,3257.0,3239.8,3251.5,41825350,3576.6,2926.4,4322.95,2866.6,3249.9,16,3,3249.8,32,1,3249.7,8,2,3249.6,2,1,3249.5,8,1,3250.4,75,7,3250.5,61,6,3250.6,36,4,3250.7,50,3,3250.8,41,4
11536,2025-12-30 10:44:50+05:30,3249.9,1,3248.54,275531,103530.0,113662.0,3250.0,3257.0,3239.8,3251.5,41825350,3576.6,2926.4,4322.95,2866.6,3249.9,16,3,3249.8,32,1,3249.7,8,2,3249.6,2,1,3249.5,8,1,3250.4,75,7,3250.5,61,6,3250.6,36,4,3250.7,50,3,3250.8,41,4
11536,2025-12-30 10:44:51+05:30,3249.9,3,3248.54,275567,102028.0,113137.0,3250.0,3257.0,3239.8,3251.5,41825350,3576.6,2926.4,4322.95,2866.6,3249.9,14,3,3249.8,32,1,3249.7,8,2,3249.6,2,1,3249.5,8,1,3250.4,91,12,3250.5,62,5,3250.6,36,4,3250.7,50,3,3250.8,43,5
11536,2025-12-30 10:44:51+05:30,3249.8,21,3248.54,275567,102028.0,113137.0,3250.0,3257.0,3239.8,3251.5,41825350,3576.6,2926.4,4322.95,2866.6,3249.9,14,3,3249.8,32,1,3249.7,8,2,3249.6,2,1,3249.5,8,1,3250.4,91,12,3250.5,62,5,3250.6,36,4,3250.7,50,3,3250.8,43,5
11536,2025-12-30 10:44:52+05:30,3249.8,1,3248.54,275830,102391.0,115631.0,3250.0,3257.0,3239.8,3251.5,41825350,3576.6,2926.4,4322.95,2866.6,3249.7,6,1,3249.6,2,1,3249.5,8,1,3249.4,10,2,3249.3,1,1,3249.8,25,6,3249.9,50,4,3250.0,28,3,3250.1,9,1,3250.2,37,5
11536,2025-12-30 10:44:52+05:30,3249.7,3,3248.54,275830,102391.0,115631.0,3250.0,3257.0,3239.8,3251.5,41825350,3576.6,2926.4,4322.95,2866.6,3249.7,6,1,3249.6,2,1,3249.5,8,1,3249.4,10,2,3249.3,1,1,3249.8,25,6,3249.9,50,4,3250.0,28,3,3250.1,9,1,3250.2,37,5
11536,2025-12-30 10:44:53+05:30,3249.6,1,3248.54,275837,102287.0,116434.0,3250.0,3257.0,3239.8,3251.5,41825350,3576.6,2926.4,4322.95,2866.6,3249.6,1,1,3249.5,8,1,3249.4,10,2,3249.3,1,1,3249.1,6,2,3249.7,13,4,3249.8,43,9,3249.9,31,3,3250.0,29,3,3250.1,9,1
11536,2025-12-30 10:44:53+05:30,3249.5,1,3248.54,275837,102287.0,116434.0,3250.0,3257.0,3239.8,3251.5,41825350,3576.6,2926.4,4322.95,2866.6,3249.6,1,1,3249.5,8,1,3249.4,10,2,3249.3,1,1,3249.1,6,2,3249.7,13,4,3249.8,43,9,3249.9,31,3,3250.0,29,3,3250.1,9,1
11536,2025-12-30 10:44:54+05:30,3249.5,23,3248.54,275891,102397.0,117725.0,3250.0,3257.0,3239.8,3251.5,41825350,3576.6,2926.4,4322.95,2866.6,3249.5,8,1,3249.4,10,2,3249.3,1,1,3249.1,6,2,3249.0,7,1,3249.7,15,6,3249.8,9,5,3249.9,18,2,3250.0,29,3,3250.1,30,2
11536,2025-12-30 10:44:54+05:30,3249.5,11,3248.54,275891,102397.0,117725.0,3250.0,3257.0,3239.8,3251.5,41825350,3576.6,2926.4,4322.95,2866.6,3249.5,8,1,3249.4,10,2,3249.3,1,1,3249.1,6,2,3249.0,7,1,3249.7,15,6,3249.8,9,5,3249.9,18,2,3250.0,29,3,3250.1,30,2
11536,2025-12-30 10:44:55+05:30,3249.4,3,3248.54,275971,103584.0,116385.0,3250.0,3257.0,3239.8,3251.5,41825350,3576.6,2926.4,4322.95,2866.6,3249.3,1,1,3249.1,6,2,3249.0,7,1,3248.9,15,1,3248.7,8,1,3249.7,50,8,3249.8,17,2,3249.9,33,2,3250.0,15,2,3250.1,9,1
11536,2025-12-30 10:44:55+05:30,3249.4,3,3248.54,275971,103584.0,116385.0,3250.0,3257.0,3239.8,3251.5,41825350,3576.6,2926.4,4322.95,2866.6,3249.3,1,1,3249.1,6,2,3249.0,7,1,3248.9,15,1,3248.7,8,1,3249.7,50,8,3249.8,17,2,3249.9,33,2,3250.0,15,2,3250.1,9,1
11536,2025-12-30 10:44:56+05:30,3249.1,1,3248.54,275981,102785.0,117839.0,3250.0,3257.0,3239.8,3251.5,41825350,3576.6,2926.4,4322.95,2866.6,3249.1,5,2,3249.0,7,1,3248.9,15,1,3248.7,8,1,3248.6,3,1,3249.7,50,8,3249.8,45,3,3249.9,11,1,3250.0,15,2,3250.1,33,2
11536,2025-12-30 10:44:56+05:30,3249.1,1,3248.54,275981,102785.0,117839.0,3250.0,3257.0,3239.8,3251.5,41825350,3576.6,2926.4,4322.95,2866.6,3249.1,5,2,3249.0,7,1,3248.9,15,1,3248.7,8,1,3248.6,3,1,3249.7,50,8,3249.8,45,3,3249.9,11,1,3250.0,15,2,3250.1,33,2
11536,2025-12-30 10:44:57+05:30,3249.1,1,3248.54,275993,102825.0,117873.0,3250.0,3257.0,3239.8,3251.5,41825350,3576.6,2926.4,4322.95,2866.6,3249.1,5,2,3249.0,7,1,3248.9,15,1,3248.7,8,1,3248.6,3,1,3249.7,52,11,3249.8,35,2,3249.9,11,1,3250.0,15,2,3250.1,33,2
11536,2025-12-30 10:44:57+05:30,3249.1,3,3248.54,275993,102825.0,117873.0,3250.0,3257.0,3239.8,3251.5,41825350,3576.6,2926.4,4322.95,2866.6,3249.1,5,2,3249.0,7,1,3248.9,15,1,3248.7,8,1,3248.6,3,1,3249.7,52,11,3249.8,35,2,3249.9,11,1,3250.0,15,2,3250.1,33,2
11536,2025-12-30 10:44:58+05:30,3249.0,7,3248.54,276023,101218.0,118217.0,3250.0,3257.0,3239.8,3251.5,41825350,3576.6,2926.4,4322.95,2866.6,3249.0,7,1,3248.9,15,1,3248.7,8,1,3248.4,16,1,3248.3,27,2,3249.1,4,2,3249.5,21,1,3249.7,47,10,3249.8,9,1,3250.0,10,2
11536,2025-12-30 10:44:58+05:30,3249.0,7,3248.54,276023,101218.0,118217.0,3250.0,3257.0,3239.8,3251.5,41825350,3576.6,2926.4,4322.95,2866.6,3249.0,7,1,3248.9,15,1,3248.7,8,1,3248.4,16,1,3248.3,27,2,3249.1,4,2,3249.5,21,1,3249.7,47,10,3249.8,9,1,3250.0,10,2
11536,2025-12-30 10:44:59+05:30,3249.0,4,3248.54,276035,102638.0,118395.0,3250.0,3257.0,3239.8,3251.5,41825350,3576.6,2926.4,4322.95,2866.6,3249.0,13,2,3248.9,15,1,3248.7,8,1,3248.6,6,1,3248.4,31,3,3249.1,8,6,3249.7,44,7,3249.9,21,1,3250.0,10,2,3250.1,82,4
11536,2025-12-30 10:44:59+05:30,3249.0,4,3248.54,276035,102638.0,118395.0,3250.0,3257.0,3239.8,3251.5,41825350,3576.6,2926.4,4322.95,2866.6,3249.0,13,2,3248.9,15,1,3248.7,8,1,3248.6,6,1,3248.4,31,3,3249.1,8,6,3249.7,44,7,3249.9,21,1,3250.0,10,2,3250.1,82,4
11536,2025-12-30 10:45:00+05:30,3249.0,21,3248.54,276066,102631.0,118369.0,3250.0,3257.0,3239.8,3251.5,41825350,3576.6,2926.4,4322.95,2866.6,3249.0,7,1,3248.9,25,2,3248.7,8,1,3248.3,27,2,3248.2,15,2,3249.1,91,11,3249.5,21,1,3249.6,25,1,3249.7,10,2,3250.0,10,2
11536,2025-12-30 10:45:00+05:30,3249.0,21,3248.54,276066,102631.0,118369.0,3250.0,3257.0,3239.8,3251.5,41825350,3576.6,2926.4,4322.95,2866.6,3249.0,7,1,3248.9,25,2,3248.7,8,1,3248.3,27,2,3248.2,15,2,3249.1,91,11,3249.5,21,1,3249.6,25,1,3249.7,10,2,3250.0,10,2
11536,2025-12-30 10:45:01+05:30,3249.1,1,3248.54,276078,102613.0,118009.0,3250.0,3257.0,3239.8,3251.5,41825350,3576.6,2926.4,4322.95,2866.6,3249.0,1,1,3248.9,25,2,3248.7,8,1,3248.3,27,2,3248.2,6,1,3249.1,92,12,3249.4,19,1,3249.6,25,1,3249.8,9,1,3250.0,10,2
11536,2025-12-30 10:45:01+05:30,3249.1,1,3248.54,276078,102613.0,118009.0,3250.0,3257.0,3239.8,3251.5,41825350,3576.6,2926.4,4322.95,2866.6,3249.0,1,1,3248.9,25,2,3248.7,8,1,3248.3,27,2,3248.2,6,1,3249.1,92,12,3249.4,19,1,3249.6,25,1,3249.8,9,1,3250.0,10,2
11536,2025-12-30 10:45:02+05:30,3249.0,1,3248.54,276083,102472.0,117991.0,3250.0,3257.0,3239.8,3251.5,41825350,3576.6,2926.4,4322.95,2866.6,3249.0,8,1,3248.9,14,1,3248.7,8,1,3248.3,27,2,3248.2,6,1,3249.1,90,11,3249.4,19,1,3249.6,25,1,3250.0,10,2,3250.1,39,3
11536,2025-12-30 10:45:02+05:30,3249.0,9,3248.54,276083,102472.0,117991.0,3250.0,3257.0,3239.8,3251.5,41825350,3576.6,2926.4,4322.95,2866.6,3249.0,8,1,3248.9,14,1,3248.7,8,1,3248.3,27,2,3248.2,6,1,3249.1,90,11,3249.4,19,1,3249.6,25,1,3250.0,10,2,3250.1,39,3
11536,2025-12-30 10:45:03+05:30,3249.0,1,3248.54,276095,102596.0,118026.0,3250.0,3257.0,3239.8,3251.5,41825350,3576.6,2926.4,4322.95,2866.6,3249.0,7,1,3248.9,16,2,3248.8,6,2,3248.7,8,1,3248.4,9,1,3249.1,90,11,3249.4,19,1,3249.6,25,1,3249.8,9,1,3250.0,10,2
11536,2025-12-30 10:45:03+05:30,3249.0,5,3248.54,276095,102596.0,118026.0,3250.0,3257.0,3239.8,3251.5,41825350,3576.6,2926.4,4322.95,2866.6,3249.0,7,1,3248.9,16,2,3248.8,6,2,3248.7,8,1,3248.4,9,1,3249.1,90,11,3249.4,19,1,3249.6,25,1,3249.8,9,1,3250.0,10,2
11536,2025-12-30 10:45:04+05:30,3249.0,1,3248.54,276104,102544.0,118033.0,3250.0,3257.0,3239.8,3251.5,41825350,3576.6,2926.4,4322.95,2866.6,3249.0,8,1,3248.9,16,2,3248.8,6,2,3248.7,8,1,3248.3,3,1,3249.1,89,10,3249.4,19,1,3249.6,25,1,3249.8,33,2,3250.0,10,2
11536,2025-12-30 10:45:04+05:30,3249.0,2,3248.54,276104,102544.0,118033.0,3250.0,3257.0,3239.8,3251.5,41825350,3576.6,2926.4,4322.95,2866.6,3249.0,8,1,3248.9,16,2,3248.8,6,2,3248.7,8,1,3248.3,3,1,3249.1,89,10,3249.4,19,1,3249.6,25,1,3249.8,33,2,3250.0,10,2
11536,2025-12-30 10:45:05+05:30,3249.1,1,3248.54,276111,102563.0,118233.0,3250.0,3257.0,3239.8,3251.5,41825350,3576.6,2926.4,4322.95,2866.6,3249.0,3,2,3248.9,16,2,3248.8,6,2,3248.7,8,1,3248.3,3,1,3249.1,88,10,3249.3,26,1,3249.4,19,1,3249.6,25,1,3249.8,33,2
11536,2025-12-30 10:45:05+05:30,3249.0,2,3248.54,276111,102563.0,118233.0,3250.0,3257.0,3239.8,3251.5,41825350,3576.6,2926.4,4322.95,2866.6,3249.0,3,2,3248.9,16,2,3248.8,6,2,3248.7,8,1,3248.3,3,1,3249.1,88,10,3249.3,26,1,3249.4,19,1,3249.6,25,1,3249.8,33,2
11536,2025-12-30 10:45:06+05:30,3249.0,1,3248.54,276175,102596.0,118038.0,3250.0,3257.0,3239.8,3251.5,41825350,3576.6,2926.4,4322.95,2866.6,3249.0,3,2,3248.9,16,2,3248.8,6,2,3248.7,8,1,3248.6,6,1,3249.1,30,8,3249.3,26,1,3249.6,25,1,3249.7,19,1,3249.8,9,1
11536,2025-12-30 10:45:06+05:30,3249.0,1,3248.54,276175,102596.0,118038.0,3250.0,3257.0,3239.8,3251.5,41825350,3576.6,2926.4,4322.95,2866.6,3249.0,3,2,3248.9,16,2,3248.8,6,2,3248.7,8,1,3248.6,6,1,3249.1,30,8,3249.3,26,1,3249.6,25,1,3249.7,19,1,3249.8,9,1
11536,2025-12-30 10:45:07+05:30,3249.0,1,3248.54,276182,102580.0,118194.0,3250.0,3257.0,3239.8,3251.5,41825350,3576.6,2926.4,4322.95,2866.6,3249.0,3,2,3248.9,16,2,3248.8,10,3,3248.7,8,1,3248.6,6,1,3249.1,27,8,3249.3,26,1,3249.6,25,1,3249.7,19,1,3249.8,9,1
11536,2025-12-30 10:45:07+05:30,3249.0,1,3248.54,276182,102580.0,118194.0,3250.0,3257.0,3239.8,3251.5,41825350,3576.6,2926.4,4322.95,2866.6,3249.0,3,2,3248.9,16,2,3248.8,10,3,3248.7,8,1,3248.6,6,1,3249.1,27,8,3249.3,26,1,3249.6,25,1,3249.7,19,1,3249.8,9,1
11536,2025-12-30 10:45:08+05:30,3249.0,1,3248.54,276217,102583.0,118191.0,3250.0,3257.0,3239.8,3251.5,41825350,3576.6,2926.4,4322.95,2866.6,3249.0,18,2,3248.9,18,3,3248.8,6,2,3248.7,8,1,3248.3,32,3,3249.1,24,9,3249.3,26,1,3249.6,25,1,3249.7,19,1,3249.8,9,1
11536,2025-12-30 10:45:08+05:30,3249.0,1,3248.54,276217,102583.0,118191.0,3250.0,3257.0,3239.8,3251.5,41825350,3576.6,2926.4,4322.95,2866.6,3249.0,18,2,3248.9,18,3,3248.8,6,2,3248.7,8,1,3248.3,32,3,3249.1,24,9,3249.3,26,1,3249.6,25,1,3249.7,19,1,3249.8,9,1
11536,2025-12-30 10:45:09+05:30,3249.0,11,3248.54,276230,102675.0,118224.0,3250.0,3257.0,3239.8,3251.5,41825350,3576.6,2926.4,4322.95,2866.6,3249.0,54,3,3248.9,18,3,3248.8,6,2,3248.7,8,1,3248.3,32,3,3249.1,23,9,3249.3,26,1,3249.6,25,1,3249.9,19,1,3250.0,10,2
11536,2025-12-30 10:45:09+05:30,3249.0,11,3248.54,276230,102675.0,118224.0,3250.0,3257.0,3239.8,3251.5,41825350,3576.6,2926.4,4322.95,2866.6,3249.0,54,3,3248.9,18,3,3248.8,6,2,3248.7,8,1,3248.3,32,3,3249.1,23,9,3249.3,26,1,3249.6,25,1,3249.9,19,1,3250.0,10,2
11536,2025-12-30 10:45:10+05:30,3249.0,3,3248.54,276265,102657.0,118175.0,3250.0,3257.0,3239.8,3251.5,41825350,3576.6,2926.4,4322.95,2866.6,3249.0,38,3,3248.9,16,2,3248.8,6,2,3248.7,8,1,3248.3,32,3,3249.1,9,9,3249.3,26,1,3249.6,25,1,3249.7,19,1,3249.8,8,1
11536,2025-12-30 10:45:10+05:30,3249.0,4,3248.54,276265,102657.0,118175.0,3250.0,3257.0,3239.8,3251.5,41825350,3576.6,2926.4,4322.95,2866.6,3249.0,38,3,3248.9,16,2,3248.8,6,2,3248.7,8,1,3248.3,32,3,3249.1,9,9,3249.3,26,1,3249.6,25,1,3249.7,19,1,3249.8,8,1
11536,2025-12-30 10:45:11+05:30,3249.0,6,3248.54,276279,102622.0,118147.0,3250.0,3257.0,3239.8,3251.5,41825350,3576.6,2926.4,4322.95,2866.6,3249.0,24,3,3248.9,16,2,3248.8,6,2,3248.7,8,1,3248.3,27,2,3249.1,9,9,3249.3,26,1,3249.4,8,1,3249.5,18,1,3249.6,33,2
11536,2025-12-30 10:45:11+05:30,3249.0,3,3248.54,276279,102622.0,118147.0,3250.0,3257.0,3239.8,3251.5,41825350,3576.6,2926.4,4322.95,2866.6,3249.0,24,3,3248.9,16,2,3248.8,6,2,3248.7,8,1,3248.3,27,2,3249.1,9,9,3249.3,26,1,3249.4,8,1,3249.5,18,1,3249.6,33,2
11536,2025-12-30 10:45:11+05:30,3249.0,3,3248.54,276303,102628.0,118141.0,3250.0,3257.0,3239.8,3251.5,41825350,3576.6,2926.4,4322.95,2866.6,3249.0,13,2,3248.9,16,2,3248.8,6,2,3248.7,8,1,3248.3,3,1,3249.1,7,7,3249.3,26,1,3249.4,26,2,3249.5,21,1,3249.6,8,1
11536,2025-12-30 10:45:12+05:30,3249.0,4,3248.54,276303,102628.0,118141.0,3250.0,3257.0,3239.8,3251.5,41825350,3576.6,2926.4,4322.95,2866.6,3249.0,13,2,3248.9,16,2,3248.8,6,2,3248.7,8,1,3248.3,3,1,3249.1,7,7,3249.3,26,1,3249.4,26,2,3249.5,21,1,3249.6,8,1
11536,2025-12-30 10:45:12+05:30,3249.1,2,3248.54,276359,102660.0,117455.0,3250.0,3257.0,3239.8,3251.5,41825350,3576.6,2926.4,4322.95,2866.6,3249.0,14,3,3248.9,16,2,3248.8,6,2,3248.7,8,1,3248.3,3,1,3249.1,120,2,3249.3,26,1,3249.6,24,1,3249.7,42,3,3249.8,41,2
11536,2025-12-30 10:45:13+05:30,3249.0,1,3248.54,276359,102660.0,117455.0,3250.0,3257.0,3239.8,3251.5,41825350,3576.6,2926.4,4322.95,2866.6,3249.0,14,3,3248.9,16,2,3248.8,6,2,3248.7,8,1,3248.3,3,1,3249.1,120,2,3249.3,26,1,3249.6,24,1,3249.7,42,3,3249.8,41,2
11536,2025-12-30 10:45:13+05:30,3249.1,10,3248.54,276371,102485.0,118412.0,3250.0,3257.0,3239.8,3251.5,41825350,3576.6,2926.4,4322.95,2866.6,3249.0,7,2,3248.9,21,3,3248.8,6,2,3248.7,8,1,3248.1,86,3,3249.1,112,4,3249.3,26,1,3249.5,34,2,3249.6,25,2,3249.7,21,2
11536,2025-12-30 10:45:14+05:30,3249.1,10,3248.54,276371,102485.0,118412.0,3250.0,3257.0,3239.8,3251.5,41825350,3576.6,2926.4,4322.95,2866.6,3249.0,7,2,3248.9,21,3,3248.8,6,2,3248.7,8,1,3248.1,86,3,3249.1,112,4,3249.3,26,1,3249.5,34,2,3249.6,25,2,3249.7,21,2
11536,2025-12-30 10:45:14+05:30,3249.0,2,3248.54,276379,102197.0,118374.0,3250.0,3257.0,3239.8,3251.5,41825350,3576.6,2926.4,4322.95,2866.6,3248.9,21,3,3248.8,8,3,3248.7,8,1,3248.6,5,1,3248.4,7,1,3249.0,2,1,3249.1,112,5,3249.3,26,1,3249.5,18,1,3249.7,45,3
11536,2025-12-30 10:45:15+05:30,3249.0,1,3248.54,276379,102197.0,118374.0,3250.0,3257.0,3239.8,3251.5,41825350,3576.6,2926.4,4322.95,2866.6,3248.9,21,3,3248.8,8,3,3248.7,8,1,3248.6,5,1,3248.4,7,1,3249.0,2,1,3249.1,112,5,3249.3,26,1,3249.5,18,1,3249.7,45,3
11536,2025-12-30 10:45:15+05:30,3249.0,1,3248.54,276381,102412.0,118207.0,3250.0,3257.0,3239.8,3251.5,41825350,3576.6,2926.4,4322.95,2866.6,3248.9,20,3,3248.8,6,2,3248.7,8,1,3248.4,31,2,3248.3,5,1,3249.0,6,5,3249.1,111,4,3249.3,26,1,3249.7,24,2,3249.8,35,2
11536,2025-12-30 10:45:16+05:30,3249.0,1,3248.54,276381,102412.0,118207.0,3250.0,3257.0,3239.8,3251.5,41825350,3576.6,2926.4,4322.95,2866.6,3248.9,20,3,3248.8,6,2,3248.7,8,1,3248.4,31,2,3248.3,5,1,3249.0,6,5,3249.1,111,4,3249.3,26,1,3249.7,24,2,3249.8,35,2
11536,2025-12-30 10:45:16+05:30,3249.0,1,3248.54,276401,102201.0,118293.0,3250.0,3257.0,3239.8,3251.5,41825350,3576.6,2926.4,4322.95,2866.6,3248.9,4,2,3248.8,6,2,3248.7,8,1,3248.2,10,1,3248.1,233,4,3249.0,22,8,3249.1,109,2,3249.3,26,1,3249.4,8,1,3249.5,18,1
11536,2025-12-30 10:45:17+05:30,3248.9,1,3248.54,276401,102201.0,118293.0,3250.0,3257.0,3239.8,3251.5,41825350,3576.6,2926.4,4322.95,2866.6,3248.9,4,2,3248.8,6,2,3248.7,8,1,3248.2,10,1,3248.1,233,4,3249.0,22,8,3249.1,109,2,3249.3,26,1,3249.4,8,1,3249.5,18,1
11536,2025-12-30 10:45:17+05:30,3249.0,1,3248.54,276432,102053.0,118565.0,3250.0,3257.0,3239.8,3251.5,41825350,3576.6,2926.4,4322.95,2866.6,3249.0,6,2,3248.9,2,1,3248.8,6,2,3248.7,8,1,3248.1,222,3,3249.1,110,3,3249.3,34,2,3249.5,18,1,3249.6,29,2,3249.7,45,3
11536,2025-12-30 10:45:18+05:30,3249.0,5,3248.54,276432,102053.0,118565.0,3250.0,3257.0,3239.8,3251.5,41825350,3576.6,2926.4,4322.95,2866.6,3249.0,6,2,3248.9,2,1,3248.8,6,2,3248.7,8,1,3248.1,222,3,3249.1,110,3,3249.3,34,2,3249.5,18,1,3249.6,29,2,3249.7,45,3
11536,2025-12-30 10:45:18+05:30,3249.1,2,3248.54,276445,102054.0,118581.0,3250.0,3257.0,3239.8,3251.5,41825350,3576.6,2926.4,4322.95,2866.6,3249.0,3,1,3248.9,2,1,3248.8,6,2,3248.7,8,1,3248.1,222,3,3249.1,118,6,3249.3,26,1,3249.4,8,1,3249.5,18,1,3249.6,29,2
11536,2025-12-30 10:45:19+05:30,3249.1,2,3248.54,276445,102054.0,118581.0,3250.0,3257.0,3239.8,3251.5,41825350,3576.6,2926.4,4322.95,2866.6,3249.0,3,1,3248.9,2,1,3248.8,6,2,3248.7,8,1,3248.1,222,3,3249.1,118,6,3249.3,26,1,3249.4,8,1,3249.5,18,1,3249.6,29,2
11536,2025-12-30 10:45:19+05:30,3249.0,3,3248.54,276448,98901.0,118582.0,3250.0,3257.0,3239.8,3251.5,41825350,3576.6,2926.4,4322.95,2866.6,3248.9,2,1,3248.8,6,2,3248.7,8,1,3248.1,222,3,3248.0,88,5,3249.0,1,1,3249.1,118,6,3249.3,26,1,3249.4,8,1,3249.5,18,1
11536,2025-12-30 10:45:20+05:30,3248.8,3,3248.54,276448,98901.0,118582.0,3250.0,3257.0,3239.8,3251.5,41825350,3576.6,2926.4,4322.95,2866.6,3248.9,2,1,3248.8,6,2,3248.7,8,1,3248.1,222,3,3248.0,88,5,3249.0,1,1,3249.1,118,6,3249.3,26,1,3249.4,8,1,3249.5,18,1
11536,2025-12-30 10:45:20+05:30,3248.8,3,3248.54,276500,98870.0,118533.0,3250.0,3257.0,3239.8,3251.5,41825350,3576.6,2926.4,4322.95,2866.6,3248.9,50,1,3248.8,6,2,3248.7,8,1,3248.6,5,1,3248.4,8,2,3249.0,6,5,3249.1,109,4,3249.6,8,1,3249.7,60,3,3249.8,25,2
11536,2025-12-30 10:45:21+05:30,3248.9,1,3248.54,276500,98870.0,118533.0,3250.0,3257.0,3239.8,3251.5,41825350,3576.6,2926.4,4322.95,2866.6,3248.9,50,1,3248.8,6,2,3248.7,8,1,3248.6,5,1,3248.4,8,2,3249.0,6,5,3249.1,109,4,3249.6,8,1,3249.7,60,3,3249.8,25,2
11536,2025-12-30 10:45:21+05:30,3248.9,2,3248.54,276509,101873.0,118547.0,3250.0,3257.0,3239.8,3251.5,41825350,3576.6,2926.4,4322.95,2866.6,3248.9,41,1,3248.8,6,2,3248.7,8,1,3248.4,8,2,3248.2,10,1,3249.0,8,7,3249.1,106,1,3249.4,18,1,3249.5,20,1,3249.7,45,3
11536,2025-12-30 10:45:22+05:30,3248.9,14,3248.54,276509,101873.0,118547.0,3250.0,3257.0,3239.8,3251.5,41825350,3576.6,2926.4,4322.95,2866.6,3248.9,41,1,3248.8,6,2,3248.7,8,1,3248.4,8,2,3248.2,10,1,3249.0,8,7,3249.1,106,1,3249.4,18,1,3249.5,20,1,3249.7,45,3
11536,2025-12-30 10:45:22+05:30,3248.9,1,3248.54,276531,101886.0,118449.0,3250.0,3257.0,3239.8,3251.5,41825350,3576.6,2926.4,4322.95,2866.6,3248.9,19,1,3248.8,6,2,3248.7,12,2,3248.4,8,2,3248.2,18,2,3249.0,124,10,3249.5,20,1,3249.7,58,3,3249.8,25,2,3249.9,21,1
11536,2025-12-30 10:45:23+05:30,3248.9,2,3248.54,276531,101886.0,118449.0,3250.0,3257.0,3239.8,3251.5,41825350,3576.6,2926.4,4322.95,2866.6,3248.9,19,1,3248.8,6,2,3248.7,12,2,3248.4,8,2,3248.2,18,2,3249.0,124,10,3249.5,20,1,3249.7,58,3,3249.8,25,2,3249.9,21,1
11536,2025-12-30 10:45:23+05:30,3248.9,9,3248.54,276542,101898.0,118448.0,3250.0,3257.0,3239.8,3251.5,41825350,3576.6,2926.4,4322.95,2866.6,3248.9,9,2,3248.8,6,2,3248.7,8,1,3248.4,8,2,3248.2,18,2,3249.0,123,9,3249.5,20,1,3249.6,18,1,3249.7,48,3,3249.8,17,1
11536,2025-12-30 10:45:24+05:30,3248.9,1,3248.54,276542,101898.0,118448.0,3250.0,3257.0,3239.8,3251.5,41825350,3576.6,2926.4,4322.95,2866.6,3248.9,9,2,3248.8,6,2,3248.7,8,1,3248.4,8,2,3248.2,18,2,3249.0,123,9,3249.5,20,1,3249.6,18,1,3249.7,48,3,3249.8,17,1
11536,2025-12-30 10:45:24+05:30,3248.9,4,3248.54,276565,98712.0,118637.0,3250.0,3257.0,3239.8,3251.5,41825350,3576.6,2926.4,4322.95,2866.6,3248.9,1,1,3248.8,6,2,3248.7,8,1,3248.6,5,1,3248.4,8,2,3249.0,108,5,3249.5,62,3,3249.7,53,4,3249.8,17,1,3249.9,21,1
11536,2025-12-30 10:45:25+05:30,3249.0,1,3248.54,276565,98712.0,118637.0,3250.0,3257.0,3239.8,3251.5,41825350,3576.6,2926.4,4322.95,2866.6,3248.9,1,1,3248.8,6,2,3248.7,8,1,3248.6,5,1,3248.4,8,2,3249.0,108,5,3249.5,62,3,3249.7,53,4,3249.8,17,1,3249.9,21,1
11536,2025-12-30 10:45:25+05:30,3249.0,1,3248.54,276566,101363.0,118460.0,3250.0,3257.0,3239.8,3251.5,41825350,3576.6,2926.4,4322.95,2866.6,3248.9,47,2,3248.8,6,2,3248.7,8,1,3248.4,1,1,3248.2,10,1,3249.0,111,9,3249.2,8,1,3249.4,8,1,3249.5,40,2,3249.6,47,3
11536,2025-12-30 10:45:26+05:30,3248.9,41,3248.54,276566,101363.0,118460.0,3250.0,3257.0,3239.8,3251.5,41825350,3576.6,2926.4,4322.95,2866.6,3248.9,47,2,3248.8,6,2,3248.7,8,1,3248.4,1,1,3248.2,10,1,3249.0,111,9,3249.2,8,1,3249.4,8,1,3249.5,40,2,3249.6,47,3
11536,2025-12-30 10:45:26+05:30,3248.9,41,3248.54,276613,99378.0,118837.0,3250.0,3257.0,3239.8,3251.5,41825350,3576.6,2926.4,4322.95,2866.6,3248.8,6,2,3248.7,8,1,3248.4,1,1,3248.0,2,1,3247.9,3,1,3249.0,121,11,3249.1,28,2,3249.2,18,2,3249.3,57,3,3249.4,29,3
11536,2025-12-30 10:45:27+05:30,3248.8,1,3248.54,276613,99378.0,118837.0,3250.0,3257.0,3239.8,3251.5,41825350,3576.6,2926.4,4322.95,2866.6,3248.8,6,2,3248.7,8,1,3248.4,1,1,3248.0,2,1,3247.9,3,1,3249.0,121,11,3249.1,28,2,3249.2,18,2,3249.3,57,3,3249.4,29,3
11536,2025-12-30 10:45:27+05:30,3248.8,1,3248.54,276633,99346.0,118765.0,3250.0,3257.0,3239.8,3251.5,41825350,3576.6,2926.4,4322.95,2866.6,3248.8,5,2,3248.7,12,2,3248.4,1,1,3248.0,2,1,3247.9,3,1,3249.0,127,9,3249.1,8,1,3249.2,30,2,3249.3,44,3,3249.4,29,3
11536,2025-12-30 10:45:28+05:30,3248.7,2,3248.54,276633,99346.0,118765.0,3250.0,3257.0,3239.8,3251.5,41825350,3576.6,2926.4,4322.95,2866.6,3248.8,5,2,3248.7,12,2,3248.4,1,1,3248.0,2,1,3247.9,3,1,3249.0,127,9,3249.1,8,1,3249.2,30,2,3249.3,44,3,3249.4,29,3
11536,2025-12-30 10:45:28+05:30,3248.7,2,3248.54,276656,101091.0,119080.0,3250.0,3257.0,3239.8,3251.5,41825350,3576.6,2926.4,4322.95,2866.6,3248.7,10,2,3248.4,1,1,3248.0,2,1,3247.9,3,1,3247.8,25,3,3248.8,9,3,3249.0,132,8,3249.2,38,3,3249.3,44,3,3249.4,29,3
11536,2025-12-30 10:45:29+05:30,3248.7,5,3248.54,276656,101091.0,119080.0,3250.0,3257.0,3239.8,3251.5,41825350,3576.6,2926.4,4322.95,2866.6,3248.7,10,2,3248.4,1,1,3248.0,2,1,3247.9,3,1,3247.8,25,3,3248.8,9,3,3249.0,132,8,3249.2,38,3,3249.3,44,3,3249.4,29,3
11536,2025-12-30 10:45:29+05:30,3248.7,5,3248.54,276672,101088.0,119020.0,3250.0,3257.0,3239.8,3251.5,41825350,3576.6,2926.4,4322.95,2866.6,3248.7,7,2,3248.4,1,1,3248.0,2,1,3247.9,3,1,3247.8,25,3,3248.8,6,5,3248.9,18,1,3249.0,111,4,3249.1,20,1,3249.2,18,2
11536,2025-12-30 10:45:30+05:30,3248.7,1,3248.54,276672,101088.0,119020.0,3250.0,3257.0,3239.8,3251.5,41825350,3576.6,2926.4,4322.95,2866.6,3248.7,7,2,3248.4,1,1,3248.0,2,1,3247.9,3,1,3247.8,25,3,3248.8,6,5,3248.9,18,1,3249.0,111,4,3249.1,20,1,3249.2,18,2
11536,2025-12-30 10:45:30+05:30,3248.7,1,3248.54,276700,101047.0,119348.0,3250.0,3257.0,3239.8,3251.5,41825350,3576.6,2926.4,4322.95,2866.6,3248.7,11,2,3248.4,1,1,3248.0,2,1,3247.9,3,1,3247.8,25,3,3248.8,32,9,3249.0,128,3,3249.1,18,2,3249.2,18,2,3249.3,45,3
11536,2025-12-30 10:45:31+05:30,3248.8,1,3248.54,276700,101047.0,119348.0,3250.0,3257.0,3239.8,3251.5,41825350,3576.6,2926.4,4322.95,2866.6,3248.7,11,2,3248.4,1,1,3248.0,2,1,3247.9,3,1,3247.8,25,3,3248.8,32,9,3249.0,128,3,3249.1,18,2,3249.2,18,2,3249.3,45,3
11536,2025-12-30 10:45:31+05:30,3248.8,1,3248.54,276711,101097.0,119321.0,3250.0,3257.0,3239.8,3251.5,41825350,3576.6,2926.4,4322.95,2866.6,3248.7,55,3,3248.4,1,1,3248.0,2,1,3247.9,3,1,3247.8,25,3,3248.8,28,11,3249.0,128,3,3249.1,5,1,3249.2,8,1,3249.3,45,3
11536,2025-12-30 10:45:32+05:30,3248.7,7,3248.54,276711,101097.0,119321.0,3250.0,3257.0,3239.8,3251.5,41825350,3576.6,2926.4,4322.95,2866.6,3248.7,55,3,3248.4,1,1,3248.0,2,1,3247.9,3,1,3247.8,25,3,3248.8,28,11,3249.0,128,3,3249.1,5,1,3249.2,8,1,3249.3,45,3
11536,2025-12-30 10:45:32+05:30,3248.7,7,3248.54,276740,101128.0,119103.0,3250.0,3257.0,3239.8,3251.5,41825350,3576.6,2926.4,4322.95,2866.6,3248.7,49,2,3248.4,1,1,3248.0,2,1,3247.9,3,1,3247.8,25,3,3248.8,10,10,3248.9,7,1,3249.0,121,2,3249.1,17,1,3249.2,14,2
11536,2025-12-30 10:45:33+05:30,3248.7,4,3248.54,276740,101128.0,119103.0,3250.0,3257.0,3239.8,3251.5,41825350,3576.6,2926.4,4322.95,2866.6,3248.7,49,2,3248.4,1,1,3248.0,2,1,3247.9,3,1,3247.8,25,3,3248.8,10,10,3248.9,7,1,3249.0,121,2,3249.1,17,1,3249.2,14,2
11536,2025-12-30 10:45:33+05:30,3248.7,4,3248.54,276758,99610.0,119116.0,3250.0,3257.0,3239.8,3251.5,41825350,3576.6,2926.4,4322.95,2866.6,3248.7,31,2,3248.4,1,1,3248.0,2,1,3247.9,3,1,3247.8,25,3,3248.8,9,9,3248.9,24,2,3249.0,121,2,3249.2,7,1,3249.3,37,2
11536,2025-12-30 10:45:34+05:30,3248.7,2,3248.54,276772,100976.0,119117.0,3250.0,3257.0,3239.8,3251.5,41825350,3576.6,2926.4,4322.95,2866.6,3248.7,17,2,3248.6,4,1,3248.4,1,1,3248.0,2,1,3247.9,3,1,3248.8,10,10,3248.9,24,2,3249.0,121,2,3249.2,7,1,3249.3,37,2
11536,2025-12-30 10:45:34+05:30,3248.7,2,3248.54,276772,100976.0,119117.0,3250.0,3257.0,3239.8,3251.5,41825350,3576.6,2926.4,4322.95,2866.6,3248.7,17,2,3248.6,4,1,3248.4,1,1,3248.0,2,1,3247.9,3,1,3248.8,10,10,3248.9,24,2,3249.0,121,2,3249.2,7,1,3249.3,37,2
11536,2025-12-30 10:45:35+05:30,3248.8,1,3248.54,276772,100976.0,119117.0,3250.0,3257.0,3239.8,3251.5,41825350,3576.6,2926.4,4322.95,2866.6,3248.7,17,2,3248.6,4,1,3248.4,1,1,3248.0,2,1,3247.9,3,1,3248.8,10,10,3248.9,24,2,3249.0,121,2,3249.2,7,1,3249.3,37,2
11536,2025-12-30 10:45:35+05:30,3248.7,2,3248.54,276786,100772.0,119179.0,3250.0,3257.0,3239.8,3251.5,41825350,3576.6,2926.4,4322.95,2866.6,3248.7,5,1,3248.6,4,1,3248.4,1,1,3248.0,2,1,3247.9,3,1,3248.8,17,11,3248.9,17,1,3249.0,128,3,3249.1,5,1,3249.2,7,1
11536,2025-12-30 10:45:36+05:30,3248.7,1,3248.54,276786,100772.0,119179.0,3250.0,3257.0,3239.8,3251.5,41825350,3576.6,2926.4,4322.95,2866.6,3248.7,5,1,3248.6,4,1,3248.4,1,1,3248.0,2,1,3247.9,3,1,3248.8,17,11,3248.9,17,1,3249.0,128,3,3249.1,5,1,3249.2,7,1
11536,2025-12-30 10:45:36+05:30,3248.7,1,3248.54,276793,100877.0,118649.0,3250.0,3257.0,3239.8,3251.5,41825350,3576.6,2926.4,4322.95,2866.6,3248.7,6,1,3248.6,4,1,3248.4,1,1,3248.1,17,1,3248.0,2,1,3248.8,129,11,3248.9,20,1,3249.0,7,1,3249.2,15,2,3249.3,17,1
11536,2025-12-30 10:45:37+05:30,3248.7,1,3248.54,276793,100877.0,118649.0,3250.0,3257.0,3239.8,3251.5,41825350,3576.6,2926.4,4322.95,2866.6,3248.7,6,1,3248.6,4,1,3248.4,1,1,3248.1,17,1,3248.0,2,1,3248.8,129,11,3248.9,20,1,3249.0,7,1,3249.2,15,2,3249.3,17,1
11536,2025-12-30 10:45:37+05:30,3248.7,1,3248.54,276798,101142.0,118916.0,3250.0,3257.0,3239.8,3251.5,41825350,3576.6,2926.4,4322.95,2866.6,3248.7,55,3,3248.4,1,1,3248.1,30,2,3248.0,18,2,3247.9,7,1,3248.8,120,8,3249.3,37,2,3249.4,31,2,3249.5,32,3,3249.6,53,3
11536,2025-12-30 10:45:38+05:30,3248.7,8,3248.54,276798,101142.0,118916.0,3250.0,3257.0,3239.8,3251.5,41825350,3576.6,2926.4,4322.95,2866.6,3248.7,55,3,3248.4,1,1,3248.1,30,2,3248.0,18,2,3247.9,7,1,3248.8,120,8,3249.3,37,2,3249.4,31,2,3249.5,32,3,3249.6,53,3
11536,2025-12-30 10:45:38+05:30,3248.7,8,3248.54,276812,101201.0,118851.0,3250.0,3257.0,3239.8,3251.5,41825350,3576.6,2926.4,4322.95,2866.6,3248.7,44,3,3248.4,1,1,3248.1,30,2,3248.0,88,3,3247.9,31,2,3248.8,125,13,3249.2,17,1,3249.3,27,2,3249.4,24,1,3249.5,16,2
11536,2025-12-30 10:45:39+05:30,3248.8,1,3248.54,276812,101201.0,118851.0,3250.0,3257.0,3239.8,3251.5,41825350,3576.6,2926.4,4322.95,2866.6,3248.7,44,3,3248.4,1,1,3248.1,30,2,3248.0,88,3,3247.9,31,2,3248.8,125,13,3249.2,17,1,3249.3,27,2,3249.4,24,1,3249.5,16,2
11536,2025-12-30 10:45:39+05:30,3248.8,35,3248.54,276868,101417.0,117757.0,3250.0,3257.0,3239.8,3251.5,41825350,3576.6,2926.4,4322.95,2866.6,3248.7,81,3,3248.5,4,1,3248.4,1,1,3248.3,6,1,3248.2,7,1,3248.8,74,12,3249.3,20,1,3249.5,17,1,3249.7,56,3,3249.8,46,4
11536,2025-12-30 10:45:40+05:30,3248.8,1,3248.54,276868,101417.0,117757.0,3250.0,3257.0,3239.8,3251.5,41825350,3576.6,2926.4,4322.95,2866.6,3248.7,81,3,3248.5,4,1,3248.4,1,1,3248.3,6,1,3248.2,7,1,3248.8,74,12,3249.3,20,1,3249.5,17,1,3249.7,56,3,3249.8,46,4
11536,2025-12-30 10:45:40+05:30,3248.7,2,3248.54,276875,101387.0,118883.0,3250.0,3257.0,3239.8,3251.5,41825350,3576.6,2926.4,4322.95,2866.6,3248.7,75,3,3248.4,1,1,3248.3,6,1,3248.1,35,3,3248.0,79,3,3248.8,88,13,3249.3,20,1,3249.4,16,1,3249.5,7,1,3249.7,73,3
11536,2025-12-30 10:45:41+05:30,3248.8,1,3248.54,276875,101387.0,118883.0,3250.0,3257.0,3239.8,3251.5,41825350,3576.6,2926.4,4322.95,2866.6,3248.7,75,3,3248.4,1,1,3248.3,6,1,3248.1,35,3,3248.0,79,3,3248.8,88,13,3249.3,20,1,3249.4,16,1,3249.5,7,1,3249.7,73,3
11536,2025-12-30 10:45:41+05:30,3248.7,2,3248.54,276883,101213.0,119222.0,3250.0,3257.0,3239.8,3251.5,41825350,3576.6,2926.4,4322.95,2866.6,3248.7,68,3,3248.6,3,1,3248.4,1,1,3248.1,17,1,3248.0,72,2,3248.8,84,10,3249.1,7,1,3249.2,20,2,3249.3,20,1,3249.4,11,2
11536,2025-12-30 10:45:42+05:30,3248.7,1,3248.54,276883,101213.0,119222.0,3250.0,3257.0,3239.8,3251.5,41825350,3576.6,2926.4,4322.95,2866.6,3248.7,68,3,3248.6,3,1,3248.4,1,1,3248.1,17,1,3248.0,72,2,3248.8,84,10,3249.1,7,1,3249.2,20,2,3249.3,20,1,3249.4,11,2
11536,2025-12-30 10:45:42+05:30,3248.7,1,3248.54,276900,101128.0,119475.0,3250.0,3257.0,3239.8,3251.5,41825350,3576.6,2926.4,4322.95,2866.6,3248.7,51,3,3248.6,3,1,3248.4,1,1,3248.1,17,1,3248.0,72,2,3248.8,83,10,3249.1,23,2,3249.2,15,2,3249.3,33,2,3249.4,35,3
11536,2025-12-30 10:45:43+05:30,3248.6,1,3248.54,276900,101128.0,119475.0,3250.0,3257.0,3239.8,3251.5,41825350,3576.6,2926.4,4322.95,2866.6,3248.7,51,3,3248.6,3,1,3248.4,1,1,3248.1,17,1,3248.0,72,2,3248.8,83,10,3249.1,23,2,3249.2,15,2,3249.3,33,2,3249.4,35,3
11536,2025-12-30 10:45:43+05:30,3248.6,1,3248.54,276957,101146.0,119609.0,3250.0,3257.0,3239.8,3251.5,41825350,3576.6,2926.4,4322.95,2866.6,3248.6,2,1,3248.4,1,1,3248.1,17,1,3248.0,72,2,3247.8,25,3,3248.8,113,12,3248.9,7,1,3249.2,48,5,3249.3,13,1,3249.4,45,4
11536,2025-12-30 10:45:44+05:30,3248.4,1,3248.54,276957,101146.0,119609.0,3250.0,3257.0,3239.8,3251.5,41825350,3576.6,2926.4,4322.95,2866.6,3248.6,2,1,3248.4,1,1,3248.1,17,1,3248.0,72,2,3247.8,25,3,3248.8,113,12,3248.9,7,1,3249.2,48,5,3249.3,13,1,3249.4,45,4
11536,2025-12-30 10:45:44+05:30,3248.4,1,3248.54,276962,99018.0,119568.0,3250.0,3257.0,3239.8,3251.5,41825350,3576.6,2926.4,4322.95,2866.6,3248.4,3,2,3248.1,17,1,3248.0,72,2,3247.8,3,2,3247.7,31,3,3248.6,3,3,3248.8,97,10,3249.0,16,1,3249.1,7,1,3249.2,29,2
11536,2025-12-30 10:45:45+05:30,3248.6,1,3248.54,276962,99018.0,119568.0,3250.0,3257.0,3239.8,3251.5,41825350,3576.6,2926.4,4322.95,2866.6,3248.4,3,2,3248.1,17,1,3248.0,72,2,3247.8,3,2,3247.7,31,3,3248.6,3,3,3248.8,97,10,3249.0,16,1,3249.1,7,1,3249.2,29,2
11536,2025-12-30 10:45:45+05:30,3248.4,13,3248.54,276984,100597.0,119379.0,3250.0,3257.0,3239.8,3251.5,41825350,3576.6,2926.4,4322.95,2866.6,3248.5,1,1,3248.1,26,2,3248.0,78,3,3247.9,9,1,3247.8,3,2,3248.6,4,4,3248.8,72,4,3248.9,7,1,3249.2,41,3,3249.3,19,1
11536,2025-12-30 10:45:46+05:30,3248.4,1,3248.54,276984,100597.0,119379.0,3250.0,3257.0,3239.8,3251.5,41825350,3576.6,2926.4,4322.95,2866.6,3248.5,1,1,3248.1,26,2,3248.0,78,3,3247.9,9,1,3247.8,3,2,3248.6,4,4,3248.8,72,4,3248.9,7,1,3249.2,41,3,3249.3,19,1
11536,2025-12-30 10:45:46+05:30,3248.4,1,3248.54,276986,100526.0,119829.0,3250.0,3257.0,3239.8,3251.5,41825350,3576.6,2926.4,4322.95,2866.6,3248.1,26,2,3248.0,78,3,3247.9,9,1,3247.8,10,3,3247.7,16,3,3248.4,3,3,3248.6,85,8,3249.1,17,2,3249.2,37,2,3249.3,11,2
11536,2025-12-30 10:45:47+05:30,3248.1,1,3248.54,276986,100526.0,119829.0,3250.0,3257.0,3239.8,3251.5,41825350,3576.6,2926.4,4322.95,2866.6,3248.1,26,2,3248.0,78,3,3247.9,9,1,3247.8,10,3,3247.7,16,3,3248.4,3,3,3248.6,85,8,3249.1,17,2,3249.2,37,2,3249.3,11,2
11536,2025-12-30 10:45:47+05:30,3248.1,1,3248.54,276989,100543.0,119632.0,3250.0,3257.0,3239.8,3251.5,41825350,3576.6,2926.4,4322.95,2866.6,3248.1,27,3,3248.0,84,4,3247.9,9,1,3247.8,10,3,3247.7,36,5,3248.4,5,5,3248.6,83,6,3249.1,17,2,3249.2,37,2,3249.3,11,2
11536,2025-12-30 10:45:48+05:30,3248.1,2,3248.54,276989,100543.0,119632.0,3250.0,3257.0,3239.8,3251.5,41825350,3576.6,2926.4,4322.95,2866.6,3248.1,27,3,3248.0,84,4,3247.9,9,1,3247.8,10,3,3247.7,36,5,3248.4,5,5,3248.6,83,6,3249.1,17,2,3249.2,37,2,3249.3,11,2
11536,2025-12-30 10:45:48+05:30,3248.1,2,3248.54,277005,100493.0,119693.0,3250.0,3257.0,3239.8,3251.5,41825350,3576.6,2926.4,4322.95,2866.6,3248.1,14,3,3248.0,78,3,3247.9,6,1,3247.8,3,2,3247.7,16,3,3248.4,22,9,3248.6,67,3,3248.8,19,1,3248.9,16,1,3249.2,32,3
11536,2025-12-30 10:45:49+05:30,3248.1,2,3248.54,277005,100493.0,119693.0,3250.0,3257.0,3239.8,3251.5,41825350,3576.6,2926.4,4322.95,2866.6,3248.1,14,3,3248.0,78,3,3247.9,6,1,3247.8,3,2,3247.7,16,3,3248.4,22,9,3248.6,67,3,3248.8,19,1,3248.9,16,1,3249.2,32,3
11536,2025-12-30 10:45:49+05:30,3248.1,2,3248.54,277011,100534.0,121220.0,3250.0,3257.0,3239.8,3251.5,41825350,3576.6,2926.4,4322.95,2866.6,3248.1,56,4,3248.0,78,3,3247.9,6,1,3247.8,3,2,3247.7,22,4,3248.4,22,9,3248.6,66,2,3248.8,19,1,3248.9,16,1,3249.2,33,4
11536,2025-12-30 10:45:50+05:30,3248.1,1,3248.54,277011,100534.0,121220.0,3250.0,3257.0,3239.8,3251.5,41825350,3576.6,2926.4,4322.95,2866.6,3248.1,56,4,3248.0,78,3,3247.9,6,1,3247.8,3,2,3247.7,22,4,3248.4,22,9,3248.6,66,2,3248.8,19,1,3248.9,16,1,3249.2,33,4
11536,2025-12-30 10:45:50+05:30,3248.1,3,3248.54,277023,100692.0,120875.0,3250.0,3257.0,3239.8,3251.5,41825350,3576.6,2926.4,4322.95,2866.6,3248.1,57,3,3248.0,81,4,3247.9,6,1,3247.8,3,2,3247.7,40,5,3248.4,20,7,3248.6,66,2,3248.8,19,1,3248.9,16,1,3249.2,33,4
11536,2025-12-30 10:45:51+05:30,3248.4,1,3248.54,277023,100692.0,120875.0,3250.0,3257.0,3239.8,3251.5,41825350,3576.6,2926.4,4322.95,2866.6,3248.1,57,3,3248.0,81,4,3247.9,6,1,3247.8,3,2,3247.7,40,5,3248.4,20,7,3248.6,66,2,3248.8,19,1,3248.9,16,1,3249.2,33,4
11536,2025-12-30 10:45:51+05:30,3248.1,2,3248.54,277029,100194.0,120080.0,3250.0,3257.0,3239.8,3251.5,41825350,3576.6,2926.4,4322.95,2866.6,3248.1,52,3,3248.0,81,4,3247.9,6,1,3247.8,3,2,3247.7,22,4,3248.4,19,7,3248.6,66,2,3248.8,19,1,3248.9,16,1,3249.1,6,1
11536,2025-12-30 10:45:52+05:30,3248.1,1,3248.54,277029,100194.0,120080.0,3250.0,3257.0,3239.8,3251.5,41825350,3576.6,2926.4,4322.95,2866.6,3248.1,52,3,3248.0,81,4,3247.9,6,1,3247.8,3,2,3247.7,22,4,3248.4,19,7,3248.6,66,2,3248.8,19,1,3248.9,16,1,3249.1,6,1
11536,2025-12-30 10:45:52+05:30,3248.1,1,3248.54,277033,100428.0,120556.0,3250.0,3257.0,3239.8,3251.5,41825350,3576.6,2926.4,4322.95,2866.6,3248.1,51,4,3248.0,78,3,3247.9,6,1,3247.8,3,2,3247.7,22,4,3248.4,24,8,3248.6,66,2,3248.8,19,1,3248.9,16,1,3249.1,6,1
11536,2025-12-30 10:45:53+05:30,3248.1,2,3248.54,277033,100428.0,120556.0,3250.0,3257.0,3239.8,3251.5,41825350,3576.6,2926.4,4322.95,2866.6,3248.1,51,4,3248.0,78,3,3247.9,6,1,3247.8,3,2,3247.7,22,4,3248.4,24,8,3248.6,66,2,3248.8,19,1,3248.9,16,1,3249.1,6,1
11536,2025-12-30 10:45:53+05:30,3248.1,1,3248.54,277038,100625.0,120137.0,3250.0,3257.0,3239.8,3251.5,41825350,3576.6,2926.4,4322.95,2866.6,3248.2,3,1,3248.1,43,3,3248.0,78,3,3247.9,6,1,3247.8,3,2,3248.4,21,5,3248.6,66,2,3248.8,19,1,3248.9,16,1,3249.2,7,2
11536,2025-12-30 10:45:54+05:30,3248.2,1,3248.54,277038,100625.0,120137.0,3250.0,3257.0,3239.8,3251.5,41825350,3576.6,2926.4,4322.95,2866.6,3248.2,3,1,3248.1,43,3,3248.0,78,3,3247.9,6,1,3247.8,3,2,3248.4,21,5,3248.6,66,2,3248.8,19,1,3248.9,16,1,3249.2,7,2
11536,2025-12-30 10:45:54+05:30,3248.4,11,3248.54,277051,100930.0,119913.0,3250.0,3257.0,3239.8,3251.5,41825350,3576.6,2926.4,4322.95,2866.6,3248.2,1,1,3248.1,49,4,3248.0,78,3,3247.9,6,1,3247.8,42,5,3248.4,10,5,3248.6,66,2,3249.2,1,1,3249.3,4,1,3249.4,6,1
11536,2025-12-30 10:45:55+05:30,3248.4,1,3248.54,277051,100930.0,119913.0,3250.0,3257.0,3239.8,3251.5,41825350,3576.6,2926.4,4322.95,2866.6,3248.2,1,1,3248.1,49,4,3248.0,78,3,3247.9,6,1,3247.8,42,5,3248.4,10,5,3248.6,66,2,3249.2,1,1,3249.3,4,1,3249.4,6,1
11536,2025-12-30 10:45:55+05:30,3248.4,1,3248.54,277053,101060.0,119974.0,3250.0,3257.0,3239.8,3251.5,41825350,3576.6,2926.4,4322.95,2866.6,3248.3,3,1,3248.1,43,3,3248.0,78,3,3247.9,16,3,3247.8,36,4,3248.4,10,6,3248.6,66,2,3249.2,1,1,3249.4,6,1,3249.5,92,4
11536,2025-12-30 10:45:56+05:30,3248.4,1,3248.54,277053,101060.0,119974.0,3250.0,3257.0,3239.8,3251.5,41825350,3576.6,2926.4,4322.95,2866.6,3248.3,3,1,3248.1,43,3,3248.0,78,3,3247.9,16,3,3247.8,36,4,3248.4,10,6,3248.6,66,2,3249.2,1,1,3249.4,6,1,3249.5,92,4
11536,2025-12-30 10:45:56+05:30,3248.4,1,3248.54,277055,101100.0,119928.0,3250.0,3257.0,3239.8,3251.5,41825350,3576.6,2926.4,4322.95,2866.6,3248.3,2,1,3248.1,39,2,3248.0,84,4,3247.9,4,1,3247.8,27,4,3248.4,10,6,3248.6,66,2,3248.8,75,1,3249.1,33,2,3249.2,1,1
11536,2025-12-30 10:45:57+05:30,3248.4,2,3248.54,277055,101100.0,119928.0,3250.0,3257.0,3239.8,3251.5,41825350,3576.6,2926.4,4322.95,2866.6,3248.3,2,1,3248.1,39,2,3248.0,84,4,3247.9,4,1,3247.8,27,4,3248.4,10,6,3248.6,66,2,3248.8,75,1,3249.1,33,2,3249.2,1,1
11536,2025-12-30 10:45:57+05:30,3248.4,2,3248.54,277062,101050.0,119898.0,3250.0,3257.0,3239.8,3251.5,41825350,3576.6,2926.4,4322.95,2866.6,3248.3,2,1,3248.1,43,3,3248.0,78,3,3247.9,16,3,3247.8,21,3,3248.4,8,6,3248.5,1,1,3248.6,66,2,3248.8,75,1,3249.1,15,1
11536,2025-12-30 10:45:58+05:30,3248.3,2,3248.54,277062,101050.0,119898.0,3250.0,3257.0,3239.8,3251.5,41825350,3576.6,2926.4,4322.95,2866.6,3248.3,2,1,3248.1,43,3,3248.0,78,3,3247.9,16,3,3247.8,21,3,3248.4,8,6,3248.5,1,1,3248.6,66,2,3248.8,75,1,3249.1,15,1
11536,2025-12-30 10:45:58+05:30,3248.3,2,3248.54,277070,101029.0,119884.0,3250.0,3257.0,3239.8,3251.5,41825350,3576.6,2926.4,4322.95,2866.6,3248.3,59,3,3248.1,49,4,3248.0,78,3,3247.9,10,2,3247.8,27,4,3248.4,9,7,3248.5,1,1,3248.6,66,2,3248.8,75,1,3249.2,1,1
11536,2025-12-30 10:45:59+05:30,3248.3,2,3248.54,277070,101029.0,119884.0,3250.0,3257.0,3239.8,3251.5,41825350,3576.6,2926.4,4322.95,2866.6,3248.3,59,3,3248.1,49,4,3248.0,78,3,3247.9,10,2,3247.8,27,4,3248.4,9,7,3248.5,1,1,3248.6,66,2,3248.8,75,1,3249.2,1,1
11536,2025-12-30 10:45:59+05:30,3248.3,2,3248.54,277073,101026.0,119917.0,3250.0,3257.0,3239.8,3251.5,41825350,3576.6,2926.4,4322.95,2866.6,3248.3,56,3,3248.1,49,4,3248.0,78,3,3247.9,10,2,3247.8,27,4,3248.4,9,7,3248.5,1,1,3248.6,66,2,3248.8,75,1,3249.0,33,2
11536,2025-12-30 10:46:00+05:30,3248.3,2,3248.54,277073,101026.0,119917.0,3250.0,3257.0,3239.8,3251.5,41825350,3576.6,2926.4,4322.95,2866.6,3248.3,56,3,3248.1,49,4,3248.0,78,3,3247.9,10,2,3247.8,27,4,3248.4,9,7,3248.5,1,1,3248.6,66,2,3248.8,75,1,3249.0,33,2
11536,2025-12-30 10:46:00+05:30,3248.3,1,3248.54,277077,101036.0,120019.0,3250.0,3257.0,3239.8,3251.5,41825350,3576.6,2926.4,4322.95,2866.6,3248.3,52,3,3248.1,45,4,3248.0,78,3,3247.9,6,1,3247.8,27,4,3248.4,84,7,3248.5,1,1,3248.8,75,1,3248.9,33,2,3249.2,1,1
11536,2025-12-30 10:46:01+05:30,3248.4,1,3248.54,277077,101036.0,120019.0,3250.0,3257.0,3239.8,3251.5,41825350,3576.6,2926.4,4322.95,2866.6,3248.3,52,3,3248.1,45,4,3248.0,78,3,3247.9,6,1,3247.8,27,4,3248.4,84,7,3248.5,1,1,3248.8,75,1,3248.9,33,2,3249.2,1,1
11536,2025-12-30 10:46:01+05:30,3248.4,1,3248.54,277080,100851.0,120056.0,3250.0,3257.0,3239.8,3251.5,41825350,3576.6,2926.4,4322.95,2866.6,3248.3,50,3,3248.1,45,4,3248.0,78,3,3247.9,6,1,3247.8,27,4,3248.4,83,7,3248.5,1,1,3248.8,75,1,3248.9,33,2,3249.2,1,1
11536,2025-12-30 10:46:02+05:30,3248.4,1,3248.54,277082,100879.0,120583.0,3250.0,3257.0,3239.8,3251.5,41825350,3576.6,2926.4,4322.95,2866.6,3248.3,48,2,3248.1,49,5,3248.0,78,3,3247.8,27,4,3247.7,31,4,3248.4,82,7,3248.5,1,1,3248.8,75,1,3248.9,33,2,3249.2,1,1
11536,2025-12-30 10:46:02+05:30,3248.4,1,3248.54,277082,100879.0,120583.0,3250.0,3257.0,3239.8,3251.5,41825350,3576.6,2926.4,4322.95,2866.6,3248.3,48,2,3248.1,49,5,3248.0,78,3,3247.8,27,4,3247.7,31,4,3248.4,82,7,3248.5,1,1,3248.8,75,1,3248.9,33,2,3249.2,1,1
11536,2025-12-30 10:46:03+05:30,3248.3,1,3248.54,277083,100890.0,120595.0,3250.0,3257.0,3239.8,3251.5,41825350,3576.6,2926.4,4322.95,2866.6,3248.3,52,3,3248.1,49,5,3248.0,78,3,3247.8,27,4,3247.7,31,4,3248.4,83,8,3248.5,1,1,3248.8,75,1,3248.9,33,2,3249.2,1,1
11536,2025-12-30 10:46:03+05:30,3248.3,1,3248.54,277083,100890.0,120595.0,3250.0,3257.0,3239.8,3251.5,41825350,3576.6,2926.4,4322.95,2866.6,3248.3,52,3,3248.1,49,5,3248.0,78,3,3247.8,27,4,3247.7,31,4,3248.4,83,8,3248.5,1,1,3248.8,75,1,3248.9,33,2,3249.2,1,1
11536,2025-12-30 10:46:04+05:30,3248.3,1,3248.54,277085,100885.0,119879.0,3250.0,3257.0,3239.8,3251.5,41825350,3576.6,2926.4,4322.95,2866.6,3248.3,50,3,3248.1,46,5,3248.0,84,4,3247.9,6,1,3247.8,31,5,3248.4,95,7,3248.5,1,1,3248.8,75,1,3249.2,1,1,3249.3,45,3
11536,2025-12-30 10:46:04+05:30,3248.3,1,3248.54,277085,100885.0,119879.0,3250.0,3257.0,3239.8,3251.5,41825350,3576.6,2926.4,4322.95,2866.6,3248.3,50,3,3248.1,46,5,3248.0,84,4,3247.9,6,1,3247.8,31,5,3248.4,95,7,3248.5,1,1,3248.8,75,1,3249.2,1,1,3249.3,45,3
11536,2025-12-30 10:46:05+05:30,3248.4,1,3248.54,277085,100885.0,119879.0,3250.0,3257.0,3239.8,3251.5,41825350,3576.6,2926.4,4322.95,2866.6,3248.3,50,3,3248.1,46,5,3248.0,84,4,3247.9,6,1,3247.8,31,5,3248.4,95,7,3248.5,1,1,3248.8,75,1,3249.2,1,1,3249.3,45,3
11536,2025-12-30 10:46:05+05:30,3248.4,1,3248.54,277087,100938.0,119825.0,3250.0,3257.0,3239.8,3251.5,41825350,3576.6,2926.4,4322.95,2866.6,3248.3,49,3,3248.1,100,6,3248.0,84,4,3247.9,6,1,3247.8,31,5,3248.4,99,7,3248.5,1,1,3248.8,75,1,3249.1,32,2,3249.2,1,1
11536,2025-12-30 10:46:06+05:30,3248.4,4,3248.54,277087,100938.0,119825.0,3250.0,3257.0,3239.8,3251.5,41825350,3576.6,2926.4,4322.95,2866.6,3248.3,49,3,3248.1,100,6,3248.0,84,4,3247.9,6,1,3247.8,31,5,3248.4,99,7,3248.5,1,1,3248.8,75,1,3249.1,32,2,3249.2,1,1
11536,2025-12-30 10:46:06+05:30,3248.4,4,3248.54,277097,100829.0,118325.0,3250.0,3257.0,3239.8,3251.5,41825350,3576.6,2926.4,4322.95,2866.6,3248.3,58,5,3248.1,100,6,3248.0,88,5,3247.9,21,2,3247.8,48,6,3248.4,93,10,3248.5,1,1,3248.8,75,1,3249.5,27,2,3249.6,46,3
11536,2025-12-30 10:46:07+05:30,3248.3,1,3248.54,277100,100702.0,119340.0,3250.0,3257.0,3239.8,3251.5,41825350,3576.6,2926.4,4322.95,2866.6,3248.3,47,3,3248.1,99,5,3248.0,78,3,3247.9,21,2,3247.8,27,4,3248.4,91,10,3248.5,1,1,3248.8,75,1,3249.5,33,3,3249.6,46,3
11536,2025-12-30 10:46:07+05:30,3248.3,1,3248.54,277100,100702.0,119340.0,3250.0,3257.0,3239.8,3251.5,41825350,3576.6,2926.4,4322.95,2866.6,3248.3,47,3,3248.1,99,5,3248.0,78,3,3247.9,21,2,3247.8,27,4,3248.4,91,10,3248.5,1,1,3248.8,75,1,3249.5,33,3,3249.6,46,3
11536,2025-12-30 10:46:08+05:30,3248.3,4,3248.54,277146,100890.0,119276.0,3250.0,3257.0,3239.8,3251.5,41825350,3576.6,2926.4,4322.95,2866.6,3248.3,3,2,3248.2,6,1,3248.1,95,4,3248.0,108,5,3247.8,27,4,3248.4,93,11,3248.5,1,1,3248.8,75,1,3249.3,32,2,3249.4,14,1
11536,2025-12-30 10:46:08+05:30,3248.3,4,3248.54,277146,100890.0,119276.0,3250.0,3257.0,3239.8,3251.5,41825350,3576.6,2926.4,4322.95,2866.6,3248.3,3,2,3248.2,6,1,3248.1,95,4,3248.0,108,5,3247.8,27,4,3248.4,93,11,3248.5,1,1,3248.8,75,1,3249.3,32,2,3249.4,14,1
11536,2025-12-30 10:46:09+05:30,3248.3,1,3248.54,277148,100891.0,118913.0,3250.0,3257.0,3239.8,3251.5,41825350,3576.6,2926.4,4322.95,2866.6,3248.3,7,3,3248.1,105,6,3248.0,102,4,3247.9,6,1,3247.8,46,6,3248.4,92,10,3248.5,1,1,3248.8,75,1,3249.3,32,2,3249.5,9,2
11536,2025-12-30 10:46:09+05:30,3248.3,1,3248.54,277148,100891.0,118913.0,3250.0,3257.0,3239.8,3251.5,41825350,3576.6,2926.4,4322.95,2866.6,3248.3,7,3,3248.1,105,6,3248.0,102,4,3247.9,6,1,3247.8,46,6,3248.4,92,10,3248.5,1,1,3248.8,75,1,3249.3,32,2,3249.5,9,2
11536,2025-12-30 10:46:10+05:30,3248.4,3,3248.54,277172,101137.0,119231.0,3250.0,3257.0,3239.8,3251.5,41825350,3576.6,2926.4,4322.95,2866.6,3248.3,100,3,3248.2,6,1,3248.1,99,5,3248.0,112,6,3247.9,21,2,3248.4,83,9,3248.5,1,1,3248.8,75,1,3249.5,9,2,3249.6,70,4
11536,2025-12-30 10:46:10+05:30,3248.4,3,3248.54,277172,101137.0,119231.0,3250.0,3257.0,3239.8,3251.5,41825350,3576.6,2926.4,4322.95,2866.6,3248.3,100,3,3248.2,6,1,3248.1,99,5,3248.0,112,6,3247.9,21,2,3248.4,83,9,3248.5,1,1,3248.8,75,1,3249.5,9,2,3249.6,70,4
11536,2025-12-30 10:46:11+05:30,3248.3,8,3248.54,277180,100943.0,119388.0,3250.0,3257.0,3239.8,3251.5,41825350,3576.6,2926.4,4322.95,2866.6,3248.3,92,3,3248.2,6,1,3248.1,99,5,3248.0,112,6,3247.9,21,2,3248.4,84,10,3248.5,1,1,3248.8,75,1,3249.5,9,2,3249.6,70,4
11536,2025-12-30 10:46:11+05:30,3248.3,8,3248.54,277180,100943.0,119388.0,3250.0,3257.0,3239.8,3251.5,41825350,3576.6,2926.4,4322.95,2866.6,3248.3,92,3,3248.2,6,1,3248.1,99,5,3248.0,112,6,3247.9,21,2,3248.4,84,10,3248.5,1,1,3248.8,75,1,3249.5,9,2,3249.6,70,4
11536,2025-12-30 10:46:12+05:30,3248.3,1,3248.54,277188,99354.0,119620.0,3250.0,3257.0,3239.8,3251.5,41825350,3576.6,2926.4,4322.95,2866.6,3248.3,84,3,3248.2,6,1,3248.1,95,4,3248.0,84,4,3247.9,6,1,3248.4,83,9,3248.5,1,1,3248.8,75,1,3249.4,60,4,3249.5,9,2
11536,2025-12-30 10:46:12+05:30,3248.3,1,3248.54,277188,99354.0,119620.0,3250.0,3257.0,3239.8,3251.5,41825350,3576.6,2926.4,4322.95,2866.6,3248.3,84,3,3248.2,6,1,3248.1,95,4,3248.0,84,4,3247.9,6,1,3248.4,83,9,3248.5,1,1,3248.8,75,1,3249.4,60,4,3249.5,9,2
11536,2025-12-30 10:46:13+05:30,3248.3,2,3248.54,277198,99702.0,119629.0,3250.0,3257.0,3239.8,3251.5,41825350,3576.6,2926.4,4322.95,2866.6,3248.3,77,3,3248.1,95,4,3248.0,78,3,3247.9,6,1,3247.8,3,2,3248.4,82,11,3248.5,1,1,3248.8,75,1,3249.1,32,2,3249.2,29,2
11536,2025-12-30 10:46:13+05:30,3248.3,3,3248.54,277198,99702.0,119629.0,3250.0,3257.0,3239.8,3251.5,41825350,3576.6,2926.4,4322.95,2866.6,3248.3,77,3,3248.1,95,4,3248.0,78,3,3247.9,6,1,3247.8,3,2,3248.4,82,11,3248.5,1,1,3248.8,75,1,3249.1,32,2,3249.2,29,2
11536,2025-12-30 10:46:14+05:30,3248.3,7,3248.54,277278,99658.0,119092.0,3250.0,3257.0,3239.8,3251.5,41825350,3576.6,2926.4,4322.95,2866.6,3248.3,5,1,3248.1,95,4,3248.0,78,3,3247.8,3,2,3247.7,5,2,3248.4,86,13,3248.5,1,1,3248.9,15,1,3249.0,22,2,3249.2,29,2
11536,2025-12-30 10:46:14+05:30,3248.3,2,3248.54,277278,99658.0,119092.0,3250.0,3257.0,3239.8,3251.5,41825350,3576.6,2926.4,4322.95,2866.6,3248.3,5,1,3248.1,95,4,3248.0,78,3,3247.8,3,2,3247.7,5,2,3248.4,86,13,3248.5,1,1,3248.9,15,1,3249.0,22,2,3249.2,29,2
11536,2025-12-30 10:46:15+05:30,3248.4,1,3248.54,277284,99708.0,119220.0,3250.0,3257.0,3239.8,3251.5,41825350,3576.6,2926.4,4322.95,2866.6,3248.3,54,3,3248.1,105,6,3248.0,78,3,3247.9,6,1,3247.8,48,5,3248.4,82,11,3248.5,1,1,3249.0,17,1,3249.2,15,1,3249.3,3,1
11536,2025-12-30 10:46:15+05:30,3248.3,2,3248.54,277284,99708.0,119220.0,3250.0,3257.0,3239.8,3251.5,41825350,3576.6,2926.4,4322.95,2866.6,3248.3,54,3,3248.1,105,6,3248.0,78,3,3247.9,6,1,3247.8,48,5,3248.4,82,11,3248.5,1,1,3249.0,17,1,3249.2,15,1,3249.3,3,1
11536,2025-12-30 10:46:16+05:30,3248.3,1,3248.54,277312,99514.0,119044.0,3250.0,3257.0,3239.8,3251.5,41825350,3576.6,2926.4,4322.95,2866.6,3248.3,31,3,3248.2,6,1,3248.1,95,4,3248.0,78,3,3247.9,6,1,3248.4,80,11,3248.5,1,1,3249.0,17,1,3249.2,21,2,3249.3,3,1
11536,2025-12-30 10:46:16+05:30,3248.3,1,3248.54,277312,99514.0,119044.0,3250.0,3257.0,3239.8,3251.5,41825350,3576.6,2926.4,4322.95,2866.6,3248.3,31,3,3248.2,6,1,3248.1,95,4,3248.0,78,3,3247.9,6,1,3248.4,80,11,3248.5,1,1,3249.0,17,1,3249.2,21,2,3249.3,3,1
11536,2025-12-30 10:46:17+05:30,3248.3,14,3248.54,277329,99623.0,119198.0,3250.0,3257.0,3239.8,3251.5,41825350,3576.6,2926.4,4322.95,2866.6,3248.3,15,3,3248.2,6,1,3248.1,99,5,3248.0,78,3,3247.9,6,1,3248.4,78,11,3248.5,1,1,3249.0,17,1,3249.1,15,1,3249.2,6,1
11536,2025-12-30 10:46:17+05:30,3248.3,1,3248.54,277329,99623.0,119198.0,3250.0,3257.0,3239.8,3251.5,41825350,3576.6,2926.4,4322.95,2866.6,3248.3,15,3,3248.2,6,1,3248.1,99,5,3248.0,78,3,3247.9,6,1,3248.4,78,11,3248.5,1,1,3249.0,17,1,3249.1,15,1,3249.2,6,1
11536,2025-12-30 10:46:18+05:30,3248.3,3,3248.54,277347,99561.0,119285.0,3250.0,3257.0,3239.8,3251.5,41825350,3576.6,2926.4,4322.95,2866.6,3248.3,7,2,3248.2,6,1,3248.1,95,4,3248.0,78,3,3247.8,3,2,3248.4,77,10,3248.5,1,1,3249.0,17,1,3249.1,15,1,3249.2,30,2
11536,2025-12-30 10:46:18+05:30,3248.3,1,3248.54,277347,99561.0,119285.0,3250.0,3257.0,3239.8,3251.5,41825350,3576.6,2926.4,4322.95,2866.6,3248.3,7,2,3248.2,6,1,3248.1,95,4,3248.0,78,3,3247.8,3,2,3248.4,77,10,3248.5,1,1,3249.0,17,1,3249.1,15,1,3249.2,30,2
11536,2025-12-30 10:46:19+05:30,3248.3,5,3248.54,277354,99607.0,119635.0,3250.0,3257.0,3239.8,3251.5,41825350,3576.6,2926.4,4322.95,2866.6,3248.3,10,2,3248.2,6,1,3248.1,95,4,3248.0,78,3,3247.8,3,2,3248.4,77,10,3248.5,1,1,3249.0,17,1,3249.1,15,1,3249.2,30,2
11536,2025-12-30 10:46:19+05:30,3248.3,5,3248.54,277354,99607.0,119635.0,3250.0,3257.0,3239.8,3251.5,41825350,3576.6,2926.4,4322.95,2866.6,3248.3,10,2,3248.2,6,1,3248.1,95,4,3248.0,78,3,3247.8,3,2,3248.4,77,10,3248.5,1,1,3249.0,17,1,3249.1,15,1,3249.2,30,2
11536,2025-12-30 10:46:20+05:30,3248.3,2,3248.54,277366,99613.0,119039.0,3250.0,3257.0,3239.8,3251.5,41825350,3576.6,2926.4,4322.95,2866.6,3248.3,14,3,3248.1,95,4,3248.0,78,3,3247.8,3,2,3247.7,23,4,3248.4,76,9,3248.5,1,1,3249.0,17,1,3249.1,15,1,3249.2,30,2
11536,2025-12-30 10:46:20+05:30,3248.3,2,3248.54,277366,99613.0,119039.0,3250.0,3257.0,3239.8,3251.5,41825350,3576.6,2926.4,4322.95,2866.6,3248.3,14,3,3248.1,95,4,3248.0,78,3,3247.8,3,2,3247.7,23,4,3248.4,76,9,3248.5,1,1,3249.0,17,1,3249.1,15,1,3249.2,30,2
11536,2025-12-30 10:46:21+05:30,3248.3,2,3248.54,277371,99698.0,119039.0,3250.0,3257.0,3239.8,3251.5,41825350,3576.6,2926.4,4322.95,2866.6,3248.3,60,4,3248.1,95,4,3248.0,78,3,3247.8,8,3,3247.7,41,4,3248.4,76,9,3248.5,1,1,3249.0,17,1,3249.1,15,1,3249.2,30,2
11536,2025-12-30 10:46:21+05:30,3248.3,2,3248.54,277371,99698.0,119039.0,3250.0,3257.0,3239.8,3251.5,41825350,3576.6,2926.4,4322.95,2866.6,3248.3,60,4,3248.1,95,4,3248.0,78,3,3247.8,8,3,3247.7,41,4,3248.4,76,9,3248.5,1,1,3249.0,17,1,3249.1,15,1,3249.2,30,2
11536,2025-12-30 10:46:22+05:30,3248.3,2,3248.54,277433,99726.0,119627.0,3250.0,3257.0,3239.8,3251.5,41825350,3576.6,2926.4,4322.95,2866.6,3248.3,52,3,3248.2,6,1,3248.1,99,5,3248.0,108,5,3247.9,21,2,3248.4,22,10,3248.5,1,1,3249.3,3,1,3249.4,21,2,3249.5,31,2
11536,2025-12-30 10:46:22+05:30,3248.3,1,3248.54,277433,99726.0,119627.0,3250.0,3257.0,3239.8,3251.5,41825350,3576.6,2926.4,4322.95,2866.6,3248.3,52,3,3248.2,6,1,3248.1,99,5,3248.0,108,5,3247.9,21,2,3248.4,22,10,3248.5,1,1,3249.3,3,1,3249.4,21,2,3249.5,31,2
11536,2025-12-30 10:46:23+05:30,3248.3,1,3248.54,277437,99739.0,119620.0,3250.0,3257.0,3239.8,3251.5,41825350,3576.6,2926.4,4322.95,2866.6,3248.3,51,3,3248.2,6,1,3248.1,95,4,3248.0,108,5,3247.9,21,2,3248.4,23,11,3248.5,1,1,3249.3,3,1,3249.4,21,2,3249.5,31,2
11536,2025-12-30 10:46:23+05:30,3248.3,1,3248.54,277437,99739.0,119620.0,3250.0,3257.0,3239.8,3251.5,41825350,3576.6,2926.4,4322.95,2866.6,3248.3,51,3,3248.2,6,1,3248.1,95,4,3248.0,108,5,3247.9,21,2,3248.4,23,11,3248.5,1,1,3249.3,3,1,3249.4,21,2,3249.5,31,2
11536,2025-12-30 10:46:24+05:30,3248.3,1,3248.54,277458,99739.0,119615.0,3250.0,3257.0,3239.8,3251.5,41825350,3576.6,2926.4,4322.95,2866.6,3248.3,30,3,3248.2,9,2,3248.1,95,4,3248.0,84,4,3247.9,47,4,3248.4,18,7,3248.5,1,1,3249.3,3,1,3249.4,45,3,3249.5,31,2
11536,2025-12-30 10:46:24+05:30,3248.3,1,3248.54,277458,99739.0,119615.0,3250.0,3257.0,3239.8,3251.5,41825350,3576.6,2926.4,4322.95,2866.6,3248.3,30,3,3248.2,9,2,3248.1,95,4,3248.0,84,4,3247.9,47,4,3248.4,18,7,3248.5,1,1,3249.3,3,1,3249.4,45,3,3249.5,31,2
11536,2025-12-30 10:46:25+05:30,3248.4,1,3248.54,277484,99744.0,119568.0,3250.0,3257.0,3239.8,3251.5,41825350,3576.6,2926.4,4322.95,2866.6,3248.3,22,3,3248.2,9,2,3248.1,95,4,3248.0,84,4,3247.9,47,4,3248.4,8,4,3248.5,1,1,3249.3,3,1,3249.4,21,2,3249.5,55,3
11536,2025-12-30 10:46:25+05:30,3248.4,1,3248.54,277484,99744.0,119568.0,3250.0,3257.0,3239.8,3251.5,41825350,3576.6,2926.4,4322.95,2866.6,3248.3,22,3,3248.2,9,2,3248.1,95,4,3248.0,84,4,3247.9,47,4,3248.4,8,4,3248.5,1,1,3249.3,3,1,3249.4,21,2,3249.5,55,3
11536,2025-12-30 10:46:26+05:30,3248.4,1,3248.54,277501,99515.0,117775.0,3250.0,3257.0,3239.8,3251.5,41825350,3576.6,2926.4,4322.95,2866.6,3248.3,25,4,3248.2,5,1,3248.1,95,4,3248.0,83,4,3247.9,43,3,3248.4,11,7,3248.5,1,1,3249.5,36,3,3249.6,3,1,3249.7,2,1
11536,2025-12-30 10:46:26+05:30,3248.3,4,3248.54,277501,99515.0,117775.0,3250.0,3257.0,3239.8,3251.5,41825350,3576.6,2926.4,4322.95,2866.6,3248.3,25,4,3248.2,5,1,3248.1,95,4,3248.0,83,4,3247.9,43,3,3248.4,11,7,3248.5,1,1,3249.5,36,3,3249.6,3,1,3249.7,2,1
11536,2025-12-30 10:46:27+05:30,3248.3,6,3248.54,277511,99190.0,118381.0,3250.0,3257.0,3239.8,3251.5,41825350,3576.6,2926.4,4322.95,2866.6,3248.3,15,4,3248.1,105,5,3248.0,78,3,3247.9,22,1,3247.8,18,3,3248.4,11,7,3248.5,1,1,3249.1,5,1,3249.2,32,2,3249.4,5,1
11536,2025-12-30 10:46:27+05:30,3248.3,2,3248.54,277511,99190.0,118381.0,3250.0,3257.0,3239.8,3251.5,41825350,3576.6,2926.4,4322.95,2866.6,3248.3,15,4,3248.1,105,5,3248.0,78,3,3247.9,22,1,3247.8,18,3,3248.4,11,7,3248.5,1,1,3249.1,5,1,3249.2,32,2,3249.4,5,1
11536,2025-12-30 10:46:28+05:30,3248.3,2,3248.54,277511,99190.0,118381.0,3250.0,3257.0,3239.8,3251.5,41825350,3576.6,2926.4,4322.95,2866.6,3248.3,15,4,3248.1,105,5,3248.0,78,3,3247.9,22,1,3247.8,18,3,3248.4,11,7,3248.5,1,1,3249.1,5,1,3249.2,32,2,3249.4,5,1
11536,2025-12-30 10:46:28+05:30,3248.3,2,3248.54,277558,99496.0,119587.0,3250.0,3257.0,3239.8,3251.5,41825350,3576.6,2926.4,4322.95,2866.6,3248.3,8,2,3248.1,105,5,3248.0,78,3,3247.8,3,2,3247.7,33,3,3248.4,23,5,3248.5,1,1,3248.9,15,1,3249.0,17,1,3249.1,3,1
11536,2025-12-30 10:46:29+05:30,3248.4,1,3248.54,277558,99496.0,119587.0,3250.0,3257.0,3239.8,3251.5,41825350,3576.6,2926.4,4322.95,2866.6,3248.3,8,2,3248.1,105,5,3248.0,78,3,3247.8,3,2,3247.7,33,3,3248.4,23,5,3248.5,1,1,3248.9,15,1,3249.0,17,1,3249.1,3,1
11536,2025-12-30 10:46:29+05:30,3248.4,1,3248.54,277559,99479.0,118136.0,3250.0,3257.0,3239.8,3251.5,41825350,3576.6,2926.4,4322.95,2866.6,3248.3,8,2,3248.1,110,6,3248.0,78,3,3247.9,23,2,3247.8,8,3,3248.4,23,6,3248.5,1,1,3249.0,17,1,3249.3,15,1,3249.4,8,2
11536,2025-12-30 10:46:30+05:30,3248.3,1,3248.54,277559,99479.0,118136.0,3250.0,3257.0,3239.8,3251.5,41825350,3576.6,2926.4,4322.95,2866.6,3248.3,8,2,3248.1,110,6,3248.0,78,3,3247.9,23,2,3247.8,8,3,3248.4,23,6,3248.5,1,1,3249.0,17,1,3249.3,15,1,3249.4,8,2
11536,2025-12-30 10:46:30+05:30,3248.3,1,3248.54,277572,99480.0,119533.0,3250.0,3257.0,3239.8,3251.5,41825350,3576.6,2926.4,4322.95,2866.6,3248.3,6,2,3248.2,3,1,3248.1,110,6,3248.0,78,3,3247.9,23,2,3248.4,20,4,3248.5,1,1,3249.0,17,1,3249.3,15,1,3249.4,8,2
11536,2025-12-30 10:46:31+05:30,3248.4,1,3248.54,277572,99480.0,119533.0,3250.0,3257.0,3239.8,3251.5,41825350,3576.6,2926.4,4322.95,2866.6,3248.3,6,2,3248.2,3,1,3248.1,110,6,3248.0,78,3,3247.9,23,2,3248.4,20,4,3248.5,1,1,3249.0,17,1,3249.3,15,1,3249.4,8,2
11536,2025-12-30 10:46:31+05:30,3248.4,1,3248.54,277580,99284.0,119533.0,3250.0,3257.0,3239.8,3251.5,41825350,3576.6,2926.4,4322.95,2866.6,3248.3,55,3,3248.2,3,1,3248.1,105,5,3248.0,78,3,3247.8,3,2,3248.4,51,6,3248.5,1,1,3249.0,17,1,3249.1,17,2,3249.2,29,2
11536,2025-12-30 10:46:32+05:30,3248.3,1,3248.54,277580,99284.0,119533.0,3250.0,3257.0,3239.8,3251.5,41825350,3576.6,2926.4,4322.95,2866.6,3248.3,55,3,3248.2,3,1,3248.1,105,5,3248.0,78,3,3247.8,3,2,3248.4,51,6,3248.5,1,1,3249.0,17,1,3249.1,17,2,3249.2,29,2
11536,2025-12-30 10:46:32+05:30,3248.3,1,3248.54,277581,99267.0,119508.0,3250.0,3257.0,3239.8,3251.5,41825350,3576.6,2926.4,4322.95,2866.6,3248.3,54,2,3248.2,3,1,3248.1,105,5,3248.0,78,3,3247.8,8,3,3248.4,52,7,3248.5,1,1,3248.9,14,1,3249.0,17,1,3249.1,3,1
11536,2025-12-30 10:46:33+05:30,3248.4,1,3248.54,277581,99267.0,119508.0,3250.0,3257.0,3239.8,3251.5,41825350,3576.6,2926.4,4322.95,2866.6,3248.3,54,2,3248.2,3,1,3248.1,105,5,3248.0,78,3,3247.8,8,3,3248.4,52,7,3248.5,1,1,3248.9,14,1,3249.0,17,1,3249.1,3,1
11536,2025-12-30 10:46:33+05:30,3248.3,2,3248.54,277591,99086.0,118962.0,3250.0,3257.0,3239.8,3251.5,41825350,3576.6,2926.4,4322.95,2866.6,3248.3,48,2,3248.2,3,1,3248.1,112,7,3248.0,86,5,3247.9,8,2,3248.4,53,9,3248.5,1,1,3248.9,14,1,3249.0,17,1,3249.4,8,2
11536,2025-12-30 10:46:34+05:30,3248.3,2,3248.54,277591,99086.0,118962.0,3250.0,3257.0,3239.8,3251.5,41825350,3576.6,2926.4,4322.95,2866.6,3248.3,48,2,3248.2,3,1,3248.1,112,7,3248.0,86,5,3247.9,8,2,3248.4,53,9,3248.5,1,1,3248.9,14,1,3249.0,17,1,3249.4,8,2
11536,2025-12-30 10:46:34+05:30,3248.3,2,3248.54,277593,99351.0,118187.0,3250.0,3257.0,3239.8,3251.5,41825350,3576.6,2926.4,4322.95,2866.6,3248.3,54,4,3248.1,108,6,3248.0,110,6,3247.9,19,3,3247.8,29,4,3248.4,53,9,3248.5,1,1,3249.0,17,1,3249.3,14,1,3249.4,3,1
11536,2025-12-30 10:46:35+05:30,3248.4,1,3248.54,277593,99351.0,118187.0,3250.0,3257.0,3239.8,3251.5,41825350,3576.6,2926.4,4322.95,2866.6,3248.3,54,4,3248.1,108,6,3248.0,110,6,3247.9,19,3,3247.8,29,4,3248.4,53,9,3248.5,1,1,3249.0,17,1,3249.3,14,1,3249.4,3,1
11536,2025-12-30 10:46:35+05:30,3248.3,1,3248.54,277607,99424.0,117860.0,3250.0,3257.0,3239.8,3251.5,41825350,3576.6,2926.4,4322.95,2866.6,3248.3,48,5,3248.1,116,7,3248.0,120,7,3247.9,19,3,3247.8,29,4,3248.4,57,10,3248.5,1,1,3249.0,17,1,3249.3,14,1,3249.4,3,1
11536,2025-12-30 10:46:36+05:30,3248.4,1,3248.54,277607,99424.0,117860.0,3250.0,3257.0,3239.8,3251.5,41825350,3576.6,2926.4,4322.95,2866.6,3248.3,48,5,3248.1,116,7,3248.0,120,7,3247.9,19,3,3247.8,29,4,3248.4,57,10,3248.5,1,1,3249.0,17,1,3249.3,14,1,3249.4,3,1
11536,2025-12-30 10:46:36+05:30,3248.3,1,3248.54,277641,99299.0,118013.0,3250.0,3257.0,3239.8,3251.5,41825350,3576.6,2926.4,4322.95,2866.6,3248.3,32,3,3248.2,5,1,3248.1,116,7,3248.0,120,7,3247.9,19,3,3248.4,32,10,3248.5,1,1,3249.0,17,1,3249.3,14,1,3249.4,3,1
11536,2025-12-30 10:46:37+05:30,3248.3,4,3248.54,277641,99299.0,118013.0,3250.0,3257.0,3239.8,3251.5,41825350,3576.6,2926.4,4322.95,2866.6,3248.3,32,3,3248.2,5,1,3248.1,116,7,3248.0,120,7,3247.9,19,3,3248.4,32,10,3248.5,1,1,3249.0,17,1,3249.3,14,1,3249.4,3,1
11536,2025-12-30 10:46:37+05:30,3248.3,1,3248.54,277653,99594.0,117680.0,3250.0,3257.0,3239.8,3251.5,41825350,3576.6,2926.4,4322.95,2866.6,3248.3,75,5,3248.2,3,1,3248.1,108,6,3248.0,110,6,3247.9,33,4,3248.4,30,8,3248.5,1,1,3249.0,17,1,3249.3,14,1,3249.4,3,1
11536,2025-12-30 10:46:38+05:30,3248.3,3,3248.54,277653,99594.0,117680.0,3250.0,3257.0,3239.8,3251.5,41825350,3576.6,2926.4,4322.95,2866.6,3248.3,75,5,3248.2,3,1,3248.1,108,6,3248.0,110,6,3247.9,33,4,3248.4,30,8,3248.5,1,1,3249.0,17,1,3249.3,14,1,3249.4,3,1
11536,2025-12-30 10:46:38+05:30,3248.3,3,3248.54,277653,99594.0,117680.0,3250.0,3257.0,3239.8,3251.5,41825350,3576.6,2926.4,4322.95,2866.6,3248.3,75,5,3248.2,3,1,3248.1,108,6,3248.0,110,6,3247.9,33,4,3248.4,30,8,3248.5,1,1,3249.0,17,1,3249.3,14,1,3249.4,3,1
11536,2025-12-30 10:46:38+05:30,3248.3,1,3248.54,277677,99457.0,118009.0,3250.0,3257.0,3239.8,3251.5,41825350,3576.6,2926.4,4322.95,2866.6,3248.3,60,4,3248.2,3,1,3248.1,108,6,3248.0,110,6,3247.9,33,4,3248.4,28,6,3248.5,1,1,3249.0,17,1,3249.3,14,1,3249.4,3,1
11536,2025-12-30 10:46:39+05:30,3248.3,5,3248.54,277677,99457.0,118009.0,3250.0,3257.0,3239.8,3251.5,41825350,3576.6,2926.4,4322.95,2866.6,3248.3,60,4,3248.2,3,1,3248.1,108,6,3248.0,110,6,3247.9,33,4,3248.4,28,6,3248.5,1,1,3249.0,17,1,3249.3,14,1,3249.4,3,1
11536,2025-12-30 10:46:39+05:30,3248.3,3,3248.54,277696,99449.0,117824.0,3250.0,3257.0,3239.8,3251.5,41825350,3576.6,2926.4,4322.95,2866.6,3248.3,50,4,3248.2,5,1,3248.1,108,6,3248.0,110,6,3247.9,33,4,3248.4,18,7,3248.5,1,1,3249.0,17,1,3249.3,14,1,3249.4,3,1
11536,2025-12-30 10:46:39+05:30,3248.3,3,3248.54,277696,99449.0,117824.0,3250.0,3257.0,3239.8,3251.5,41825350,3576.6,2926.4,4322.95,2866.6,3248.3,50,4,3248.2,5,1,3248.1,108,6,3248.0,110,6,3247.9,33,4,3248.4,18,7,3248.5,1,1,3249.0,17,1,3249.3,14,1,3249.4,3,1
11536,2025-12-30 10:46:40+05:30,3248.3,3,3248.54,277696,99449.0,117824.0,3250.0,3257.0,3239.8,3251.5,41825350,3576.6,2926.4,4322.95,2866.6,3248.3,50,4,3248.2,5,1,3248.1,108,6,3248.0,110,6,3247.9,33,4,3248.4,18,7,3248.5,1,1,3249.0,17,1,3249.3,14,1,3249.4,3,1
11536,2025-12-30 10:46:40+05:30,3248.3,7,3248.54,277703,99440.0,117824.0,3250.0,3257.0,3239.8,3251.5,41825350,3576.6,2926.4,4322.95,2866.6,3248.3,43,4,3248.2,5,1,3248.1,108,6,3248.0,110,6,3247.9,33,4,3248.4,18,7,3248.5,1,1,3249.0,17,1,3249.3,14,1,3249.4,3,1
11536,2025-12-30 10:46:40+05:30,3248.3,7,3248.54,277703,99440.0,117824.0,3250.0,3257.0,3239.8,3251.5,41825350,3576.6,2926.4,4322.95,2866.6,3248.3,43,4,3248.2,5,1,3248.1,108,6,3248.0,110,6,3247.9,33,4,3248.4,18,7,3248.5,1,1,3249.0,17,1,3249.3,14,1,3249.4,3,1
11536,2025-12-30 10:46:41+05:30,3248.3,3,3248.54,277703,99440.0,117824.0,3250.0,3257.0,3239.8,3251.5,41825350,3576.6,2926.4,4322.95,2866.6,3248.3,43,4,3248.2,5,1,3248.1,108,6,3248.0,110,6,3247.9,33,4,3248.4,18,7,3248.5,1,1,3249.0,17,1,3249.3,14,1,3249.4,3,1
11536,2025-12-30 10:46:41+05:30,3248.4,1,3248.54,277734,99455.0,118383.0,3250.0,3257.0,3239.8,3251.5,41825350,3576.6,2926.4,4322.95,2866.6,3248.3,85,4,3248.1,113,7,3248.0,81,4,3247.9,30,3,3247.8,48,5,3248.4,5,5,3248.5,1,1,3249.0,17,1,3249.3,14,1,3249.4,3,1
11536,2025-12-30 10:46:41+05:30,3248.4,1,3248.54,277734,99455.0,118383.0,3250.0,3257.0,3239.8,3251.5,41825350,3576.6,2926.4,4322.95,2866.6,3248.3,85,4,3248.1,113,7,3248.0,81,4,3247.9,30,3,3247.8,48,5,3248.4,5,5,3248.5,1,1,3249.0,17,1,3249.3,14,1,3249.4,3,1
11536,2025-12-30 10:46:42+05:30,3248.3,2,3248.54,277734,99455.0,118383.0,3250.0,3257.0,3239.8,3251.5,41825350,3576.6,2926.4,4322.95,2866.6,3248.3,85,4,3248.1,113,7,3248.0,81,4,3247.9,30,3,3247.8,48,5,3248.4,5,5,3248.5,1,1,3249.0,17,1,3249.3,14,1,3249.4,3,1
11536,2025-12-30 10:46:42+05:30,3248.3,2,3248.54,277739,99282.0,118563.0,3250.0,3257.0,3239.8,3251.5,41825350,3576.6,2926.4,4322.95,2866.6,3248.3,85,5,3248.1,108,6,3248.0,86,5,3247.9,50,4,3247.8,51,6,3248.4,5,5,3248.5,1,1,3249.0,17,1,3249.3,14,1,3249.4,3,1
11536,2025-12-30 10:46:42+05:30,3248.3,2,3248.54,277739,99282.0,118563.0,3250.0,3257.0,3239.8,3251.5,41825350,3576.6,2926.4,4322.95,2866.6,3248.3,85,5,3248.1,108,6,3248.0,86,5,3247.9,50,4,3247.8,51,6,3248.4,5,5,3248.5,1,1,3249.0,17,1,3249.3,14,1,3249.4,3,1
11536,2025-12-30 10:46:43+05:30,3248.3,1,3248.54,277739,99282.0,118563.0,3250.0,3257.0,3239.8,3251.5,41825350,3576.6,2926.4,4322.95,2866.6,3248.3,85,5,3248.1,108,6,3248.0,86,5,3247.9,50,4,3247.8,51,6,3248.4,5,5,3248.5,1,1,3249.0,17,1,3249.3,14,1,3249.4,3,1
11536,2025-12-30 10:46:43+05:30,3248.3,1,3248.54,277739,99282.0,118563.0,3250.0,3257.0,3239.8,3251.5,41825350,3576.6,2926.4,4322.95,2866.6,3248.3,85,5,3248.1,108,6,3248.0,86,5,3247.9,50,4,3247.8,51,6,3248.4,5,5,3248.5,1,1,3249.0,17,1,3249.3,14,1,3249.4,3,1
11536,2025-12-30 10:46:43+05:30,3248.3,7,3248.54,277751,99419.0,118407.0,3250.0,3257.0,3239.8,3251.5,41825350,3576.6,2926.4,4322.95,2866.6,3248.3,72,4,3248.2,5,1,3248.1,108,6,3248.0,86,5,3247.9,53,5,3248.4,5,5,3248.5,1,1,3249.0,17,1,3249.3,14,1,3249.4,3,1
11536,2025-12-30 10:46:44+05:30,3248.3,7,3248.54,277751,99419.0,118407.0,3250.0,3257.0,3239.8,3251.5,41825350,3576.6,2926.4,4322.95,2866.6,3248.3,72,4,3248.2,5,1,3248.1,108,6,3248.0,86,5,3247.9,53,5,3248.4,5,5,3248.5,1,1,3249.0,17,1,3249.3,14,1,3249.4,3,1
11536,2025-12-30 10:46:44+05:30,3248.3,7,3248.54,277751,99419.0,118407.0,3250.0,3257.0,3239.8,3251.5,41825350,3576.6,2926.4,4322.95,2866.6,3248.3,72,4,3248.2,5,1,3248.1,108,6,3248.0,86,5,3247.9,53,5,3248.4,5,5,3248.5,1,1,3249.0,17,1,3249.3,14,1,3249.4,3,1
11536,2025-12-30 10:46:44+05:30,3248.3,4,3248.54,277755,99380.0,118408.0,3250.0,3257.0,3239.8,3251.5,41825350,3576.6,2926.4,4322.95,2866.6,3248.3,72,6,3248.2,5,1,3248.1,108,6,3248.0,86,5,3247.9,50,4,3248.4,6,6,3248.5,1,1,3249.0,17,1,3249.3,14,1,3249.4,3,1
11536,2025-12-30 10:46:45+05:30,3248.3,4,3248.54,277755,99380.0,118408.0,3250.0,3257.0,3239.8,3251.5,41825350,3576.6,2926.4,4322.95,2866.6,3248.3,72,6,3248.2,5,1,3248.1,108,6,3248.0,86,5,3247.9,50,4,3248.4,6,6,3248.5,1,1,3249.0,17,1,3249.3,14,1,3249.4,3,1
11536,2025-12-30 10:46:45+05:30,3249.7,7,3248.54,277755,99380.0,118408.0,3250.0,3257.0,3239.8,3251.5,41825350,3576.6,2926.4,4322.95,2866.6,3248.3,72,6,3248.2,5,1,3248.1,108,6,3248.0,86,5,3247.9,50,4,3248.4,6,6,3248.5,1,1,3249.0,17,1,3249.3,14,1,3249.4,3,1
11536,2025-12-30 10:46:45+05:30,3249.7,7,3248.54,277855,99480.0,117775.0,3250.0,3257.0,3239.8,3251.5,41825350,3576.6,2926.4,4322.95,2866.6,3248.3,82,7,3248.2,21,1,3248.1,108,6,3248.0,113,8,3247.9,82,4,3249.5,26,1,3249.6,10,1,3249.7,5,1,3249.8,36,3,3249.9,41,2
11536,2025-12-30 10:46:45+05:30,3249.7,7,3248.54,277855,99480.0,117775.0,3250.0,3257.0,3239.8,3251.5,41825350,3576.6,2926.4,4322.95,2866.6,3248.3,82,7,3248.2,21,1,3248.1,108,6,3248.0,113,8,3247.9,82,4,3249.5,26,1,3249.6,10,1,3249.7,5,1,3249.8,36,3,3249.9,41,2
11536,2025-12-30 10:46:46+05:30,3249.5,1,3248.54,277855,99480.0,117775.0,3250.0,3257.0,3239.8,3251.5,41825350,3576.6,2926.4,4322.95,2866.6,3248.3,82,7,3248.2,21,1,3248.1,108,6,3248.0,113,8,3247.9,82,4,3249.5,26,1,3249.6,10,1,3249.7,5,1,3249.8,36,3,3249.9,41,2
11536,2025-12-30 10:46:46+05:30,3249.5,1,3248.54,277856,99574.0,117569.0,3250.0,3257.0,3239.8,3251.5,41825350,3576.6,2926.4,4322.95,2866.6,3248.4,57,4,3248.3,79,6,3248.2,114,5,3248.1,129,7,3248.0,113,8,3249.5,5,2,3249.6,10,1,3249.7,5,1,3249.8,25,3,3249.9,41,2
11536,2025-12-30 10:46:46+05:30,3249.5,1,3248.54,277856,99574.0,117569.0,3250.0,3257.0,3239.8,3251.5,41825350,3576.6,2926.4,4322.95,2866.6,3248.4,57,4,3248.3,79,6,3248.2,114,5,3248.1,129,7,3248.0,113,8,3249.5,5,2,3249.6,10,1,3249.7,5,1,3249.8,25,3,3249.9,41,2
11536,2025-12-30 10:46:47+05:30,3249.5,1,3248.54,277856,99574.0,117569.0,3250.0,3257.0,3239.8,3251.5,41825350,3576.6,2926.4,4322.95,2866.6,3248.4,57,4,3248.3,79,6,3248.2,114,5,3248.1,129,7,3248.0,113,8,3249.5,5,2,3249.6,10,1,3249.7,5,1,3249.8,25,3,3249.9,41,2
11536,2025-12-30 10:46:47+05:30,3249.5,1,3248.54,277857,100381.0,115784.0,3250.0,3257.0,3239.8,3251.5,41825350,3576.6,2926.4,4322.95,2866.6,3248.8,9,1,3248.7,30,2,3248.6,40,5,3248.5,69,2,3248.4,128,6,3249.5,4,2,3249.9,5,1,3250.0,10,1,3250.1,29,2,3250.2,34,3
11536,2025-12-30 10:46:48+05:30,3249.5,1,3248.54,277857,100381.0,115784.0,3250.0,3257.0,3239.8,3251.5,41825350,3576.6,2926.4,4322.95,2866.6,3248.8,9,1,3248.7,30,2,3248.6,40,5,3248.5,69,2,3248.4,128,6,3249.5,4,2,3249.9,5,1,3250.0,10,1,3250.1,29,2,3250.2,34,3
11536,2025-12-30 10:46:48+05:30,3248.6,1,3248.54,277857,100381.0,115784.0,3250.0,3257.0,3239.8,3251.5,41825350,3576.6,2926.4,4322.95,2866.6,3248.8,9,1,3248.7,30,2,3248.6,40,5,3248.5,69,2,3248.4,128,6,3249.5,4,2,3249.9,5,1,3250.0,10,1,3250.1,29,2,3250.2,34,3
11536,2025-12-30 10:46:48+05:30,3248.6,1,3248.54,277858,97042.0,115743.0,3250.0,3257.0,3239.8,3251.5,41825350,3576.6,2926.4,4322.95,2866.6,3248.6,4,1,3248.4,59,5,3248.3,69,6,3248.2,78,7,3248.1,153,9,3248.7,1,1,3248.8,3,1,3249.5,2,2,3249.9,7,2,3250.0,36,2
11536,2025-12-30 10:46:49+05:30,3248.7,1,3248.54,277858,97042.0,115743.0,3250.0,3257.0,3239.8,3251.5,41825350,3576.6,2926.4,4322.95,2866.6,3248.6,4,1,3248.4,59,5,3248.3,69,6,3248.2,78,7,3248.1,153,9,3248.7,1,1,3248.8,3,1,3249.5,2,2,3249.9,7,2,3250.0,36,2
11536,2025-12-30 10:46:49+05:30,3248.6,25,3248.54,277922,100149.0,115661.0,3250.0,3257.0,3239.8,3251.5,41825350,3576.6,2926.4,4322.95,2866.6,3248.4,10,1,3248.3,73,6,3248.2,18,3,3248.1,137,7,3248.0,131,8,3248.6,1,1,3249.5,12,1,3249.6,25,2,3249.7,25,2,3249.8,44,4
11536,2025-12-30 10:46:49+05:30,3248.6,25,3248.54,277922,100149.0,115661.0,3250.0,3257.0,3239.8,3251.5,41825350,3576.6,2926.4,4322.95,2866.6,3248.4,10,1,3248.3,73,6,3248.2,18,3,3248.1,137,7,3248.0,131,8,3248.6,1,1,3249.5,12,1,3249.6,25,2,3249.7,25,2,3249.8,44,4
11536,2025-12-30 10:46:50+05:30,3248.5,25,3248.54,277922,100149.0,115661.0,3250.0,3257.0,3239.8,3251.5,41825350,3576.6,2926.4,4322.95,2866.6,3248.4,10,1,3248.3,73,6,3248.2,18,3,3248.1,137,7,3248.0,131,8,3248.6,1,1,3249.5,12,1,3249.6,25,2,3249.7,25,2,3249.8,44,4
11536,2025-12-30 10:46:50+05:30,3248.5,25,3248.54,277947,100010.0,115646.0,3250.0,3257.0,3239.8,3251.5,41825350,3576.6,2926.4,4322.95,2866.6,3248.5,6,1,3248.4,23,3,3248.3,76,6,3248.2,23,4,3248.1,157,9,3248.6,4,3,3249.5,12,1,3249.6,25,2,3249.7,25,2,3249.8,18,3
11536,2025-12-30 10:46:51+05:30,3248.5,25,3248.54,277947,100010.0,115646.0,3250.0,3257.0,3239.8,3251.5,41825350,3576.6,2926.4,4322.95,2866.6,3248.5,6,1,3248.4,23,3,3248.3,76,6,3248.2,23,4,3248.1,157,9,3248.6,4,3,3249.5,12,1,3249.6,25,2,3249.7,25,2,3249.8,18,3
11536,2025-12-30 10:46:51+05:30,3248.5,25,3248.54,277947,100194.0,114498.0,3250.0,3257.0,3239.8,3251.5,41825350,3576.6,2926.4,4322.95,2866.6,3248.5,74,4,3248.3,68,5,3248.2,9,3,3248.1,168,10,3248.0,147,9,3248.6,6,5,3249.5,12,1,3249.6,25,2,3249.7,25,2,3249.8,18,3
11536,2025-12-30 10:46:52+05:30,3248.5,9,3248.54,277947,100194.0,114498.0,3250.0,3257.0,3239.8,3251.5,41825350,3576.6,2926.4,4322.95,2866.6,3248.5,74,4,3248.3,68,5,3248.2,9,3,3248.1,168,10,3248.0,147,9,3248.6,6,5,3249.5,12,1,3249.6,25,2,3249.7,25,2,3249.8,18,3
11536,2025-12-30 10:46:52+05:30,3248.5,9,3248.54,277962,100215.0,115513.0,3250.0,3257.0,3239.8,3251.5,41825350,3576.6,2926.4,4322.95,2866.6,3248.5,61,3,3248.3,80,7,3248.2,36,5,3248.1,168,10,3248.0,131,8,3248.6,19,6,3249.5,12,1,3249.6,25,2,3249.7,25,2,3249.8,45,4
11536,2025-12-30 10:46:53+05:30,3248.5,9,3248.54,277962,100215.0,115513.0,3250.0,3257.0,3239.8,3251.5,41825350,3576.6,2926.4,4322.95,2866.6,3248.5,61,3,3248.3,80,7,3248.2,36,5,3248.1,168,10,3248.0,131,8,3248.6,19,6,3249.5,12,1,3249.6,25,2,3249.7,25,2,3249.8,45,4
11536,2025-12-30 10:46:53+05:30,3248.6,1,3248.54,277962,100215.0,115513.0,3250.0,3257.0,3239.8,3251.5,41825350,3576.6,2926.4,4322.95,2866.6,3248.5,61,3,3248.3,80,7,3248.2,36,5,3248.1,168,10,3248.0,131,8,3248.6,19,6,3249.5,12,1,3249.6,25,2,3249.7,25,2,3249.8,45,4
11536,2025-12-30 10:46:53+05:30,3248.5,3,3248.54,277982,100140.0,114759.0,3250.0,3257.0,3239.8,3251.5,41825350,3576.6,2926.4,4322.95,2866.6,3248.5,41,3,3248.4,5,1,3248.3,67,4,3248.2,9,3,3248.1,160,10,3248.6,18,5,3249.5,12,1,3249.6,25,2,3249.7,25,2,3249.8,45,4
11536,2025-12-30 10:46:54+05:30,3248.5,3,3248.54,277982,100140.0,114759.0,3250.0,3257.0,3239.8,3251.5,41825350,3576.6,2926.4,4322.95,2866.6,3248.5,41,3,3248.4,5,1,3248.3,67,4,3248.2,9,3,3248.1,160,10,3248.6,18,5,3249.5,12,1,3249.6,25,2,3249.7,25,2,3249.8,45,4
11536,2025-12-30 10:46:54+05:30,3248.5,3,3248.54,278000,100292.0,115739.0,3250.0,3257.0,3239.8,3251.5,41825350,3576.6,2926.4,4322.95,2866.6,3248.5,38,3,3248.4,5,1,3248.3,67,4,3248.2,27,4,3248.1,160,10,3248.6,4,4,3249.0,5,1,3249.4,16,1,3249.6,25,2,3249.7,25,2
11536,2025-12-30 10:46:54+05:30,3248.5,3,3248.54,278000,100292.0,115739.0,3250.0,3257.0,3239.8,3251.5,41825350,3576.6,2926.4,4322.95,2866.6,3248.5,38,3,3248.4,5,1,3248.3,67,4,3248.2,27,4,3248.1,160,10,3248.6,4,4,3249.0,5,1,3249.4,16,1,3249.6,25,2,3249.7,25,2
11536,2025-12-30 10:46:55+05:30,3248.5,2,3248.54,278000,100292.0,115739.0,3250.0,3257.0,3239.8,3251.5,41825350,3576.6,2926.4,4322.95,2866.6,3248.5,38,3,3248.4,5,1,3248.3,67,4,3248.2,27,4,3248.1,160,10,3248.6,4,4,3249.0,5,1,3249.4,16,1,3249.6,25,2,3249.7,25,2
11536,2025-12-30 10:46:55+05:30,3248.5,2,3248.54,278020,100095.0,115875.0,3250.0,3257.0,3239.8,3251.5,41825350,3576.6,2926.4,4322.95,2866.6,3248.5,19,3,3248.3,67,4,3248.2,1,1,3248.1,109,6,3248.0,106,6,3248.6,7,7,3249.0,5,1,3249.3,14,1,3249.4,16,1,3249.5,5,1
11536,2025-12-30 10:46:56+05:30,3248.5,2,3248.54,278020,100095.0,115875.0,3250.0,3257.0,3239.8,3251.5,41862100,3576.6,2926.4,4322.95,2866.6,3248.5,19,3,3248.3,67,4,3248.2,1,1,3248.1,109,6,3248.0,106,6,3248.6,7,7,3249.0,5,1,3249.3,14,1,3249.4,16,1,3249.5,5,1
11536,2025-12-30 10:46:56+05:30,3249.0,1,3248.54,278020,100095.0,115875.0,3250.0,3257.0,3239.8,3251.5,41862100,3576.6,2926.4,4322.95,2866.6,3248.5,19,3,3248.3,67,4,3248.2,1,1,3248.1,109,6,3248.0,106,6,3248.6,7,7,3249.0,5,1,3249.3,14,1,3249.4,16,1,3249.5,5,1
11536,2025-12-30 10:46:56+05:30,3249.0,1,3248.54,278048,100088.0,116473.0,3250.0,3257.0,3239.8,3251.5,41862100,3576.6,2926.4,4322.95,2866.6,3248.6,3,1,3248.5,15,2,3248.4,9,1,3248.3,67,4,3248.2,22,2,3249.0,4,3,3249.2,16,1,3249.3,14,1,3249.6,8,2,3249.8,12,3
11536,2025-12-30 10:46:57+05:30,3249.0,1,3248.54,278048,100136.0,116094.0,3250.0,3257.0,3239.8,3251.5,41862100,3576.6,2926.4,4322.95,2866.6,3248.8,3,1,3248.6,45,1,3248.5,15,2,3248.4,9,1,3248.3,67,4,3249.0,5,4,3249.6,3,1,3249.7,14,1,3249.8,12,3,3249.9,20,2
11536,2025-12-30 10:46:58+05:30,3249.0,1,3248.54,278048,100136.0,116094.0,3250.0,3257.0,3239.8,3251.5,41862100,3576.6,2926.4,4322.95,2866.6,3248.8,3,1,3248.6,45,1,3248.5,15,2,3248.4,9,1,3248.3,67,4,3249.0,5,4,3249.6,3,1,3249.7,14,1,3249.8,12,3,3249.9,20,2
11536,2025-12-30 10:46:58+05:30,3248.8,1,3248.54,278048,100136.0,116094.0,3250.0,3257.0,3239.8,3251.5,41862100,3576.6,2926.4,4322.95,2866.6,3248.8,3,1,3248.6,45,1,3248.5,15,2,3248.4,9,1,3248.3,67,4,3249.0,5,4,3249.6,3,1,3249.7,14,1,3249.8,12,3,3249.9,20,2
11536,2025-12-30 10:46:58+05:30,3248.8,1,3248.54,278063,100248.0,116273.0,3250.0,3257.0,3239.8,3251.5,41862100,3576.6,2926.4,4322.95,2866.6,3248.6,45,1,3248.5,15,2,3248.4,27,2,3248.3,78,5,3248.2,55,5,3248.8,2,2,3249.0,4,3,3249.6,3,1,3249.7,19,2,3249.8,7,2
11536,2025-12-30 10:46:59+05:30,3248.6,4,3248.54,278063,100248.0,116273.0,3250.0,3257.0,3239.8,3251.5,41862100,3576.6,2926.4,4322.95,2866.6,3248.6,45,1,3248.5,15,2,3248.4,27,2,3248.3,78,5,3248.2,55,5,3248.8,2,2,3249.0,4,3,3249.6,3,1,3249.7,19,2,3249.8,7,2
11536,2025-12-30 10:46:59+05:30,3248.6,4,3248.54,278067,99965.0,116232.0,3250.0,3257.0,3239.8,3251.5,41862100,3576.6,2926.4,4322.95,2866.6,3248.6,41,1,3248.5,15,2,3248.4,9,1,3248.3,78,5,3248.2,41,4,3248.8,5,5,3249.0,3,2,3249.5,14,1,3249.6,3,1,3249.7,5,1
11536,2025-12-30 10:47:00+05:30,3248.6,2,3248.54,278067,99965.0,116232.0,3250.0,3257.0,3239.8,3251.5,41862100,3576.6,2926.4,4322.95,2866.6,3248.6,41,1,3248.5,15,2,3248.4,9,1,3248.3,78,5,3248.2,41,4,3248.8,5,5,3249.0,3,2,3249.5,14,1,3249.6,3,1,3249.7,5,1
11536,2025-12-30 10:47:00+05:30,3248.6,2,3248.54,278070,98790.0,116191.0,3250.0,3257.0,3239.8,3251.5,41862100,3576.6,2926.4,4322.95,2866.6,3248.6,48,2,3248.5,15,2,3248.3,67,4,3248.2,51,4,3248.1,112,6,3248.8,8,8,3249.0,2,1,3249.4,14,1,3249.5,16,1,3249.6,3,1
11536,2025-12-30 10:47:01+05:30,3248.8,1,3248.54,278070,98790.0,116191.0,3250.0,3257.0,3239.8,3251.5,41862100,3576.6,2926.4,4322.95,2866.6,3248.6,48,2,3248.5,15,2,3248.3,67,4,3248.2,51,4,3248.1,112,6,3248.8,8,8,3249.0,2,1,3249.4,14,1,3249.5,16,1,3249.6,3,1
11536,2025-12-30 10:47:01+05:30,3248.6,1,3248.54,278079,99980.0,116206.0,3250.0,3257.0,3239.8,3251.5,41862100,3576.6,2926.4,4322.95,2866.6,3248.6,31,1,3248.5,15,2,3248.4,10,1,3248.3,67,4,3248.2,27,3,3248.8,8,8,3249.0,12,2,3249.4,14,1,3249.5,16,1,3249.6,8,2
11536,2025-12-30 10:47:02+05:30,3248.6,1,3248.54,278079,99980.0,116206.0,3250.0,3257.0,3239.8,3251.5,41862100,3576.6,2926.4,4322.95,2866.6,3248.6,31,1,3248.5,15,2,3248.4,10,1,3248.3,67,4,3248.2,27,3,3248.8,8,8,3249.0,12,2,3249.4,14,1,3249.5,16,1,3249.6,8,2
11536,2025-12-30 10:47:02+05:30,3248.6,1,3248.54,278082,98807.0,116213.0,3250.0,3257.0,3239.8,3251.5,41862100,3576.6,2926.4,4322.95,2866.6,3248.6,39,3,3248.5,15,2,3248.3,67,4,3248.2,27,3,3248.1,136,7,3248.8,7,7,3249.0,12,2,3249.4,14,1,3249.5,16,1,3249.6,8,2
11536,2025-12-30 10:47:03+05:30,3248.6,1,3248.54,278082,98807.0,116213.0,3250.0,3257.0,3239.8,3251.5,41862100,3576.6,2926.4,4322.95,2866.6,3248.6,39,3,3248.5,15,2,3248.3,67,4,3248.2,27,3,3248.1,136,7,3248.8,7,7,3249.0,12,2,3249.4,14,1,3249.5,16,1,3249.6,8,2
11536,2025-12-30 10:47:03+05:30,3248.6,1,3248.54,278101,100127.0,116240.0,3250.0,3257.0,3239.8,3251.5,41862100,3576.6,2926.4,4322.95,2866.6,3248.6,20,3,3248.5,15,2,3248.3,67,4,3248.2,22,2,3248.1,103,6,3248.8,38,8,3249.0,12,2,3249.2,13,1,3249.3,26,2,3249.4,23,2
11536,2025-12-30 10:47:04+05:30,3248.6,1,3248.54,278101,100127.0,116240.0,3250.0,3257.0,3239.8,3251.5,41862100,3576.6,2926.4,4322.95,2866.6,3248.6,20,3,3248.5,15,2,3248.3,67,4,3248.2,22,2,3248.1,103,6,3248.8,38,8,3249.0,12,2,3249.2,13,1,3249.3,26,2,3249.4,23,2
11536,2025-12-30 10:47:04+05:30,3248.6,1,3248.54,278104,100091.0,116281.0,3250.0,3257.0,3239.8,3251.5,41862100,3576.6,2926.4,4322.95,2866.6,3248.6,7,2,3248.5,15,2,3248.4,20,1,3248.3,67,4,3248.2,1,1,3248.8,38,8,3249.0,12,2,3249.2,13,1,3249.3,15,1,3249.4,10,1
11536,2025-12-30 10:47:05+05:30,3248.6,1,3248.54,278104,100091.0,116281.0,3250.0,3257.0,3239.8,3251.5,41862100,3576.6,2926.4,4322.95,2866.6,3248.6,7,2,3248.5,15,2,3248.4,20,1,3248.3,67,4,3248.2,1,1,3248.8,38,8,3249.0,12,2,3249.2,13,1,3249.3,15,1,3249.4,10,1
11536,2025-12-30 10:47:05+05:30,3248.6,1,3248.54,278112,100153.0,117037.0,3250.0,3257.0,3239.8,3251.5,41862100,3576.6,2926.4,4322.95,2866.6,3248.6,62,3,3248.5,19,3,3248.4,20,1,3248.3,72,5,3248.2,1,1,3248.8,36,7,3249.0,12,2,3249.2,13,1,3249.3,15,1,3249.4,10,1
11536,2025-12-30 10:47:06+05:30,3248.6,3,3248.54,278112,100153.0,117037.0,3250.0,3257.0,3239.8,3251.5,41862100,3576.6,2926.4,4322.95,2866.6,3248.6,62,3,3248.5,19,3,3248.4,20,1,3248.3,72,5,3248.2,1,1,3248.8,36,7,3249.0,12,2,3249.2,13,1,3249.3,15,1,3249.4,10,1
11536,2025-12-30 10:47:06+05:30,3248.6,3,3248.54,278116,100143.0,116882.0,3250.0,3257.0,3239.8,3251.5,41862100,3576.6,2926.4,4322.95,2866.6,3248.6,50,2,3248.5,19,3,3248.4,35,3,3248.3,67,4,3248.2,30,3,3248.8,36,7,3249.0,12,2,3249.3,15,1,3249.5,13,1,3249.6,3,1
11536,2025-12-30 10:47:07+05:30,3248.6,1,3248.54,278116,100143.0,116882.0,3250.0,3257.0,3239.8,3251.5,41862100,3576.6,2926.4,4322.95,2866.6,3248.6,50,2,3248.5,19,3,3248.4,35,3,3248.3,67,4,3248.2,30,3,3248.8,36,7,3249.0,12,2,3249.3,15,1,3249.5,13,1,3249.6,3,1
11536,2025-12-30 10:47:07+05:30,3248.6,1,3248.54,278119,100219.0,116658.0,3250.0,3257.0,3239.8,3251.5,41862100,3576.6,2926.4,4322.95,2866.6,3248.6,110,5,3248.5,15,2,3248.4,20,1,3248.3,72,5,3248.2,14,2,3248.8,34,5,3249.0,12,2,3249.5,13,1,3249.6,3,1,3249.7,28,2
11536,2025-12-30 10:47:08+05:30,3248.6,4,3248.54,278119,100219.0,116658.0,3250.0,3257.0,3239.8,3251.5,41862100,3576.6,2926.4,4322.95,2866.6,3248.6,110,5,3248.5,15,2,3248.4,20,1,3248.3,72,5,3248.2,14,2,3248.8,34,5,3249.0,12,2,3249.5,13,1,3249.6,3,1,3249.7,28,2
11536,2025-12-30 10:47:08+05:30,3248.6,4,3248.54,278125,99997.0,117175.0,3250.0,3257.0,3239.8,3251.5,41862100,3576.6,2926.4,4322.95,2866.6,3248.6,104,5,3248.5,15,2,3248.4,20,1,3248.3,67,4,3248.2,1,1,3248.8,34,5,3249.0,12,2,3249.5,13,1,3249.6,3,1,3249.7,31,3
11536,2025-12-30 10:47:09+05:30,3248.8,7,3248.54,278134,99995.0,117186.0,3250.0,3257.0,3239.8,3251.5,41862100,3576.6,2926.4,4322.95,2866.6,3248.6,102,5,3248.5,15,2,3248.4,20,1,3248.3,67,4,3248.2,1,1,3248.8,27,5,3249.0,12,2,3249.3,13,1,3249.4,18,2,3249.6,3,1
11536,2025-12-30 10:47:09+05:30,3248.8,1,3248.54,278134,99995.0,117186.0,3250.0,3257.0,3239.8,3251.5,41862100,3576.6,2926.4,4322.95,2866.6,3248.6,102,5,3248.5,15,2,3248.4,20,1,3248.3,67,4,3248.2,1,1,3248.8,27,5,3249.0,12,2,3249.3,13,1,3249.4,18,2,3249.6,3,1
11536,2025-12-30 10:47:10+05:30,3248.7,1,3248.54,278134,99995.0,117186.0,3250.0,3257.0,3239.8,3251.5,41862100,3576.6,2926.4,4322.95,2866.6,3248.6,102,5,3248.5,15,2,3248.4,20,1,3248.3,67,4,3248.2,1,1,3248.8,27,5,3249.0,12,2,3249.3,13,1,3249.4,18,2,3249.6,3,1
11536,2025-12-30 10:47:10+05:30,3248.7,1,3248.54,278136,100209.0,117322.0,3250.0,3257.0,3239.8,3251.5,41862100,3576.6,2926.4,4322.95,2866.6,3248.7,3,1,3248.6,98,4,3248.5,15,2,3248.4,20,1,3248.3,67,4,3248.8,29,8,3249.0,12,2,3249.2,19,2,3249.3,15,1,3249.4,11,2
11536,2025-12-30 10:47:11+05:30,3248.7,2,3248.54,278136,100209.0,117322.0,3250.0,3257.0,3239.8,3251.5,41862100,3576.6,2926.4,4322.95,2866.6,3248.7,3,1,3248.6,98,4,3248.5,15,2,3248.4,20,1,3248.3,67,4,3248.8,29,8,3249.0,12,2,3249.2,19,2,3249.3,15,1,3249.4,11,2
11536,2025-12-30 10:47:11+05:30,3248.7,2,3248.54,278142,100130.0,117631.0,3250.0,3257.0,3239.8,3251.5,41862100,3576.6,2926.4,4322.95,2866.6,3248.7,59,2,3248.6,98,4,3248.5,15,2,3248.4,20,1,3248.3,67,4,3248.8,26,6,3249.0,12,2,3249.2,19,2,3249.4,11,2,3249.5,20,2
11536,2025-12-30 10:47:12+05:30,3248.7,1,3248.54,278144,100149.0,117636.0,3250.0,3257.0,3239.8,3251.5,41862100,3576.6,2926.4,4322.95,2866.6,3248.7,61,2,3248.6,98,4,3248.5,15,2,3248.4,20,1,3248.3,74,5,3248.8,26,6,3249.0,12,2,3249.2,19,2,3249.3,15,1,3249.4,16,3
11536,2025-12-30 10:47:12+05:30,3248.7,1,3248.54,278144,100149.0,117636.0,3250.0,3257.0,3239.8,3251.5,41862100,3576.6,2926.4,4322.95,2866.6,3248.7,61,2,3248.6,98,4,3248.5,15,2,3248.4,20,1,3248.3,74,5,3248.8,26,6,3249.0,12,2,3249.2,19,2,3249.3,15,1,3249.4,16,3
11536,2025-12-30 10:47:13+05:30,3248.7,1,3248.54,278149,100098.0,117517.0,3250.0,3257.0,3239.8,3251.5,41862100,3576.6,2926.4,4322.95,2866.6,3248.7,58,2,3248.6,98,4,3248.5,15,2,3248.4,20,1,3248.3,74,5,3248.8,25,7,3249.0,12,2,3249.2,13,1,3249.3,15,1,3249.4,11,2
11536,2025-12-30 10:47:13+05:30,3248.7,1,3248.54,278149,100098.0,117517.0,3250.0,3257.0,3239.8,3251.5,41862100,3576.6,2926.4,4322.95,2866.6,3248.7,58,2,3248.6,98,4,3248.5,15,2,3248.4,20,1,3248.3,74,5,3248.8,25,7,3249.0,12,2,3249.2,13,1,3249.3,15,1,3249.4,11,2
11536,2025-12-30 10:47:14+05:30,3248.7,1,3248.54,278151,98703.0,117486.0,3250.0,3257.0,3239.8,3251.5,41862100,3576.6,2926.4,4322.95,2866.6,3248.7,56,2,3248.6,98,4,3248.5,15,2,3248.4,20,1,3248.3,74,5,3248.8,23,5,3249.0,12,2,3249.2,13,1,3249.3,15,1,3249.4,11,2
11536,2025-12-30 10:47:14+05:30,3248.7,1,3248.54,278151,98703.0,117486.0,3250.0,3257.0,3239.8,3251.5,41862100,3576.6,2926.4,4322.95,2866.6,3248.7,56,2,3248.6,98,4,3248.5,15,2,3248.4,20,1,3248.3,74,5,3248.8,23,5,3249.0,12,2,3249.2,13,1,3249.3,15,1,3249.4,11,2
11536,2025-12-30 10:47:15+05:30,3248.7,1,3248.54,278155,100146.0,117173.0,3250.0,3257.0,3239.8,3251.5,41862100,3576.6,2926.4,4322.95,2866.6,3248.7,103,3,3248.6,98,4,3248.5,15,2,3248.4,20,1,3248.3,74,5,3248.8,20,3,3249.0,12,2,3249.2,13,1,3249.3,15,1,3249.4,11,2
11536,2025-12-30 10:47:15+05:30,3248.7,1,3248.54,278155,100146.0,117173.0,3250.0,3257.0,3239.8,3251.5,41862100,3576.6,2926.4,4322.95,2866.6,3248.7,103,3,3248.6,98,4,3248.5,15,2,3248.4,20,1,3248.3,74,5,3248.8,20,3,3249.0,12,2,3249.2,13,1,3249.3,15,1,3249.4,11,2
11536,2025-12-30 10:47:16+05:30,3248.8,1,3248.54,278155,100146.0,117173.0,3250.0,3257.0,3239.8,3251.5,41862100,3576.6,2926.4,4322.95,2866.6,3248.7,103,3,3248.6,98,4,3248.5,15,2,3248.4,20,1,3248.3,74,5,3248.8,20,3,3249.0,12,2,3249.2,13,1,3249.3,15,1,3249.4,11,2
11536,2025-12-30 10:47:16+05:30,3248.8,1,3248.54,278157,100131.0,117197.0,3250.0,3257.0,3239.8,3251.5,41862100,3576.6,2926.4,4322.95,2866.6,3248.7,102,3,3248.6,98,4,3248.5,15,2,3248.4,20,1,3248.3,76,6,3248.8,34,5,3249.0,12,2,3249.2,18,2,3249.3,15,1,3249.4,16,3
11536,2025-12-30 10:47:17+05:30,3248.7,1,3248.54,278157,100131.0,117197.0,3250.0,3257.0,3239.8,3251.5,41862100,3576.6,2926.4,4322.95,2866.6,3248.7,102,3,3248.6,98,4,3248.5,15,2,3248.4,20,1,3248.3,76,6,3248.8,34,5,3249.0,12,2,3249.2,18,2,3249.3,15,1,3249.4,16,3
11536,2025-12-30 10:47:17+05:30,3248.7,1,3248.54,278160,100141.0,117181.0,3250.0,3257.0,3239.8,3251.5,41862100,3576.6,2926.4,4322.95,2866.6,3248.7,110,4,3248.6,100,5,3248.5,15,2,3248.4,20,1,3248.3,76,6,3248.8,32,4,3249.0,12,2,3249.2,13,1,3249.3,15,1,3249.4,16,3
11536,2025-12-30 10:47:18+05:30,3248.7,1,3248.54,278160,100141.0,117181.0,3250.0,3257.0,3239.8,3251.5,41862100,3576.6,2926.4,4322.95,2866.6,3248.7,110,4,3248.6,100,5,3248.5,15,2,3248.4,20,1,3248.3,76,6,3248.8,32,4,3249.0,12,2,3249.2,13,1,3249.3,15,1,3249.4,16,3
11536,2025-12-30 10:47:18+05:30,3248.7,1,3248.54,278163,98575.0,117190.0,3250.0,3257.0,3239.8,3251.5,41862100,3576.6,2926.4,4322.95,2866.6,3248.7,107,4,3248.6,104,6,3248.5,15,2,3248.4,20,1,3248.3,76,6,3248.8,33,5,3249.0,12,2,3249.2,13,1,3249.3,15,1,3249.4,16,3
11536,2025-12-30 10:47:19+05:30,3248.7,1,3248.54,278163,98575.0,117190.0,3250.0,3257.0,3239.8,3251.5,41862100,3576.6,2926.4,4322.95,2866.6,3248.7,107,4,3248.6,104,6,3248.5,15,2,3248.4,20,1,3248.3,76,6,3248.8,33,5,3249.0,12,2,3249.2,13,1,3249.3,15,1,3249.4,16,3
11536,2025-12-30 10:47:19+05:30,3248.7,1,3248.54,278164,97885.0,117189.0,3250.0,3257.0,3239.8,3251.5,41862100,3576.6,2926.4,4322.95,2866.6,3248.7,106,4,3248.6,104,6,3248.5,15,2,3248.4,20,1,3248.3,76,6,3248.8,32,4,3249.0,12,2,3249.2,13,1,3249.3,15,1,3249.4,16,3
11536,2025-12-30 10:47:20+05:30,3248.7,1,3248.54,278164,97885.0,117189.0,3250.0,3257.0,3239.8,3251.5,41862100,3576.6,2926.4,4322.95,2866.6,3248.7,106,4,3248.6,104,6,3248.5,15,2,3248.4,20,1,3248.3,76,6,3248.8,32,4,3249.0,12,2,3249.2,13,1,3249.3,15,1,3249.4,16,3
11536,2025-12-30 10:47:20+05:30,3248.7,1,3248.54,278168,100094.0,117207.0,3250.0,3257.0,3239.8,3251.5,41862100,3576.6,2926.4,4322.95,2866.6,3248.7,103,4,3248.6,104,6,3248.5,15,2,3248.4,20,1,3248.3,76,6,3248.8,31,4,3249.0,12,2,3249.1,5,1,3249.2,23,2,3249.3,27,2
11536,2025-12-30 10:47:21+05:30,3248.7,1,3248.54,278168,100094.0,117207.0,3250.0,3257.0,3239.8,3251.5,41862100,3576.6,2926.4,4322.95,2866.6,3248.7,103,4,3248.6,104,6,3248.5,15,2,3248.4,20,1,3248.3,76,6,3248.8,31,4,3249.0,12,2,3249.1,5,1,3249.2,23,2,3249.3,27,2
11536,2025-12-30 10:47:21+05:30,3248.7,1,3248.54,278168,100094.0,117276.0,3250.0,3257.0,3239.8,3251.5,41862100,3576.6,2926.4,4322.95,2866.6,3248.7,103,4,3248.6,104,6,3248.5,15,2,3248.4,20,1,3248.3,76,6,3248.8,32,5,3249.0,12,2,3249.2,27,3,3249.3,27,2,3249.4,16,3
11536,2025-12-30 10:47:22+05:30,3248.7,1,3248.54,278168,100094.0,117276.0,3250.0,3257.0,3239.8,3251.5,41862100,3576.6,2926.4,4322.95,2866.6,3248.7,103,4,3248.6,104,6,3248.5,15,2,3248.4,20,1,3248.3,76,6,3248.8,32,5,3249.0,12,2,3249.2,27,3,3249.3,27,2,3249.4,16,3
11536,2025-12-30 10:47:22+05:30,3248.7,1,3248.54,278169,100101.0,117275.0,3250.0,3257.0,3239.8,3251.5,41862100,3576.6,2926.4,4322.95,2866.6,3248.7,102,4,3248.6,104,6,3248.5,15,2,3248.4,20,1,3248.3,76,6,3248.8,31,4,3249.0,12,2,3249.2,27,3,3249.3,27,2,3249.4,16,3
11536,2025-12-30 10:47:23+05:30,3248.7,1,3248.54,278169,100101.0,117275.0,3250.0,3257.0,3239.8,3251.5,41862100,3576.6,2926.4,4322.95,2866.6,3248.7,102,4,3248.6,104,6,3248.5,15,2,3248.4,20,1,3248.3,76,6,3248.8,31,4,3249.0,12,2,3249.2,27,3,3249.3,27,2,3249.4,16,3
11536,2025-12-30 10:47:23+05:30,3248.7,1,3248.54,278171,100113.0,117320.0,3250.0,3257.0,3239.8,3251.5,41862100,3576.6,2926.4,4322.95,2866.6,3248.7,100,4,3248.6,104,6,3248.5,15,2,3248.4,20,1,3248.3,76,6,3248.8,29,2,3249.0,12,2,3249.2,13,1,3249.3,19,2,3249.4,11,2
11536,2025-12-30 10:47:24+05:30,3248.8,2,3248.54,278171,100113.0,117320.0,3250.0,3257.0,3239.8,3251.5,41862100,3576.6,2926.4,4322.95,2866.6,3248.7,100,4,3248.6,104,6,3248.5,15,2,3248.4,20,1,3248.3,76,6,3248.8,29,2,3249.0,12,2,3249.2,13,1,3249.3,19,2,3249.4,11,2
11536,2025-12-30 10:47:24+05:30,3248.8,2,3248.54,278173,100135.0,117327.0,3250.0,3257.0,3239.8,3251.5,41862100,3576.6,2926.4,4322.95,2866.6,3248.7,100,4,3248.6,104,6,3248.5,15,2,3248.4,20,1,3248.3,76,6,3248.8,28,3,3249.0,12,2,3249.2,13,1,3249.3,4,1,3249.4,11,2
11536,2025-12-30 10:47:25+05:30,3248.8,1,3248.54,278173,100135.0,117327.0,3250.0,3257.0,3239.8,3251.5,41862100,3576.6,2926.4,4322.95,2866.6,3248.7,100,4,3248.6,104,6,3248.5,15,2,3248.4,20,1,3248.3,76,6,3248.8,28,3,3249.0,12,2,3249.2,13,1,3249.3,4,1,3249.4,11,2
11536,2025-12-30 10:47:25+05:30,3248.8,1,3248.54,278174,100148.0,117399.0,3250.0,3257.0,3239.8,3251.5,41862100,3576.6,2926.4,4322.95,2866.6,3248.7,100,4,3248.6,104,6,3248.5,15,2,3248.4,20,1,3248.3,76,6,3248.8,28,4,3249.0,12,2,3249.2,13,1,3249.3,4,1,3249.4,26,3
11536,2025-12-30 10:47:26+05:30,3248.7,1,3248.54,278177,100123.0,117392.0,3250.0,3257.0,3239.8,3251.5,41862100,3576.6,2926.4,4322.95,2866.6,3248.7,98,4,3248.6,104,6,3248.5,15,2,3248.4,20,1,3248.3,76,6,3248.8,26,3,3249.0,12,2,3249.2,13,1,3249.3,4,1,3249.4,26,3
11536,2025-12-30 10:47:27+05:30,3248.8,1,3248.54,278177,100123.0,117392.0,3250.0,3257.0,3239.8,3251.5,41862100,3576.6,2926.4,4322.95,2866.6,3248.7,98,4,3248.6,104,6,3248.5,15,2,3248.4,20,1,3248.3,76,6,3248.8,26,3,3249.0,12,2,3249.2,13,1,3249.3,4,1,3249.4,26,3
11536,2025-12-30 10:47:27+05:30,3248.8,1,3248.54,278178,99591.0,117397.0,3250.0,3257.0,3239.8,3251.5,41862100,3576.6,2926.4,4322.95,2866.6,3248.7,98,4,3248.6,104,6,3248.5,15,2,3248.4,20,1,3248.3,76,6,3248.8,27,5,3249.0,12,2,3249.2,13,1,3249.3,4,1,3249.4,15,1
11536,2025-12-30 10:47:28+05:30,3248.7,3,3248.54,278178,99591.0,117397.0,3250.0,3257.0,3239.8,3251.5,41862100,3576.6,2926.4,4322.95,2866.6,3248.7,98,4,3248.6,104,6,3248.5,15,2,3248.4,20,1,3248.3,76,6,3248.8,27,5,3249.0,12,2,3249.2,13,1,3249.3,4,1,3249.4,15,1
11536,2025-12-30 10:47:30+05:30,3248.7,1,3248.54,278187,100092.0,117390.0,3250.0,3257.0,3239.8,3251.5,41862100,3576.6,2926.4,4322.95,2866.6,3248.7,89,4,3248.6,104,6,3248.5,15,2,3248.4,20,1,3248.3,76,6,3248.8,29,7,3249.0,12,2,3249.2,13,1,3249.4,15,1,3249.5,14,1
11536,2025-12-30 10:47:31+05:30,3248.8,1,3248.54,278187,100092.0,117390.0,3250.0,3257.0,3239.8,3251.5,41862100,3576.6,2926.4,4322.95,2866.6,3248.7,89,4,3248.6,104,6,3248.5,15,2,3248.4,20,1,3248.3,76,6,3248.8,29,7,3249.0,12,2,3249.2,13,1,3249.4,15,1,3249.5,14,1
11536,2025-12-30 10:47:34+05:30,3248.7,1,3248.54,278187,100092.0,117390.0,3250.0,3257.0,3239.8,3251.5,41862100,3576.6,2926.4,4322.95,2866.6,3248.7,89,4,3248.6,104,6,3248.5,15,2,3248.4,20,1,3248.3,76,6,3248.8,29,7,3249.0,12,2,3249.2,13,1,3249.4,15,1,3249.5,14,1
11536,2025-12-30 10:47:35+05:30,3248.8,1,3248.54,278199,99609.0,117382.0,3250.0,3257.0,3239.8,3251.5,41862100,3576.6,2926.4,4322.95,2866.6,3248.7,81,4,3248.6,104,6,3248.5,19,3,3248.4,20,1,3248.3,76,6,3248.8,22,4,3249.0,12,2,3249.2,13,1,3249.4,15,1,3249.5,14,1
11536,2025-12-30 10:47:37+05:30,3248.7,1,3248.54,278199,99609.0,117382.0,3250.0,3257.0,3239.8,3251.5,41862100,3576.6,2926.4,4322.95,2866.6,3248.7,81,4,3248.6,104,6,3248.5,19,3,3248.4,20,1,3248.3,76,6,3248.8,22,4,3249.0,12,2,3249.2,13,1,3249.4,15,1,3249.5,14,1
11536,2025-12-30 10:47:39+05:30,3248.8,2,3248.54,278206,100152.0,117302.0,3250.0,3257.0,3239.8,3251.5,41862100,3576.6,2926.4,4322.95,2866.6,3248.7,76,4,3248.6,108,7,3248.5,19,3,3248.4,48,3,3248.3,76,6,3248.8,20,4,3249.0,12,2,3249.3,13,1,3249.4,15,1,3249.6,53,2
11536,2025-12-30 10:47:40+05:30,3248.7,1,3248.54,278206,100152.0,117302.0,3250.0,3257.0,3239.8,3251.5,41862100,3576.6,2926.4,4322.95,2866.6,3248.7,76,4,3248.6,108,7,3248.5,19,3,3248.4,48,3,3248.3,76,6,3248.8,20,4,3249.0,12,2,3249.3,13,1,3249.4,15,1,3249.6,53,2
11536,2025-12-30 10:47:42+05:30,3248.7,1,3248.54,278206,100152.0,117302.0,3250.0,3257.0,3239.8,3251.5,41862100,3576.6,2926.4,4322.95,2866.6,3248.7,76,4,3248.6,108,7,3248.5,19,3,3248.4,48,3,3248.3,76,6,3248.8,20,4,3249.0,12,2,3249.3,13,1,3249.4,15,1,3249.6,53,2
11536,2025-12-30 10:47:44+05:30,3248.7,1,3248.54,278231,100237.0,117551.0,3250.0,3257.0,3239.8,3251.5,41862100,3576.6,2926.4,4322.95,2866.6,3248.7,224,5,3248.6,104,6,3248.5,19,3,3248.4,20,1,3248.3,76,6,3248.8,27,7,3249.0,12,2,3249.2,13,1,3249.3,15,1,3249.4,3,1
11536,2025-12-30 10:47:46+05:30,3248.8,1,3248.54,278231,100237.0,117551.0,3250.0,3257.0,3239.8,3251.5,41862100,3576.6,2926.4,4322.95,2866.6,3248.7,224,5,3248.6,104,6,3248.5,19,3,3248.4,20,1,3248.3,76,6,3248.8,27,7,3249.0,12,2,3249.2,13,1,3249.3,15,1,3249.4,3,1
11536,2025-12-30 10:47:49+05:30,3248.7,1,3248.54,278254,100270.0,117601.0,3250.0,3257.0,3239.8,3251.5,41862100,3576.6,2926.4,4322.95,2866.6,3248.7,211,6,3248.6,104,6,3248.5,19,3,3248.4,20,1,3248.3,76,6,3248.8,60,8,3249.0,12,2,3249.2,13,1,3249.3,15,1,3249.4,15,3
11536,2025-12-30 10:47:49+05:30,3248.7,1,3248.54,278254,100270.0,117601.0,3250.0,3257.0,3239.8,3251.5,41862100,3576.6,2926.4,4322.95,2866.6,3248.7,211,6,3248.6,104,6,3248.5,19,3,3248.4,20,1,3248.3,76,6,3248.8,60,8,3249.0,12,2,3249.2,13,1,3249.3,15,1,3249.4,15,3
11536,2025-12-30 10:47:52+05:30,3248.7,1,3248.54,278254,100270.0,117601.0,3250.0,3257.0,3239.8,3251.5,41862100,3576.6,2926.4,4322.95,2866.6,3248.7,211,6,3248.6,104,6,3248.5,19,3,3248.4,20,1,3248.3,76,6,3248.8,60,8,3249.0,12,2,3249.2,13,1,3249.3,15,1,3249.4,15,3
11536,2025-12-30 10:47:54+05:30,3248.7,1,3248.54,278278,100239.0,117597.0,3250.0,3257.0,3239.8,3251.5,41862100,3576.6,2926.4,4322.95,2866.6,3248.7,189,7,3248.6,104,6,3248.5,19,3,3248.4,20,1,3248.3,76,6,3248.8,58,7,3249.0,16,3,3249.1,13,1,3249.2,4,1,3249.3,15,1
11536,2025-12-30 10:47:55+05:30,3248.8,1,3248.54,278278,100239.0,117597.0,3250.0,3257.0,3239.8,3251.5,41862100,3576.6,2926.4,4322.95,2866.6,3248.7,189,7,3248.6,104,6,3248.5,19,3,3248.4,20,1,3248.3,76,6,3248.8,58,7,3249.0,16,3,3249.1,13,1,3249.2,4,1,3249.3,15,1
11536,2025-12-30 10:47:58+05:30,3248.7,1,3248.54,278278,100239.0,117597.0,3250.0,3257.0,3239.8,3251.5,41862100,3576.6,2926.4,4322.95,2866.6,3248.7,189,7,3248.6,104,6,3248.5,19,3,3248.4,20,1,3248.3,76,6,3248.8,58,7,3249.0,16,3,3249.1,13,1,3249.2,4,1,3249.3,15,1
11536,2025-12-30 10:47:58+05:30,3248.7,1,3248.54,278299,100302.0,117921.0,3250.0,3257.0,3239.8,3251.5,41862100,3576.6,2926.4,4322.95,2866.6,3248.7,274,7,3248.6,104,6,3248.5,19,3,3248.4,20,1,3248.3,76,6,3248.8,53,6,3249.0,12,2,3249.1,13,1,3249.2,16,1,3249.4,14,3
11536,2025-12-30 10:48:01+05:30,3248.8,1,3248.54,278299,100302.0,117921.0,3250.0,3257.0,3239.8,3251.5,41862100,3576.6,2926.4,4322.95,2866.6,3248.7,274,7,3248.6,104,6,3248.5,19,3,3248.4,20,1,3248.3,76,6,3248.8,53,6,3249.0,12,2,3249.1,13,1,3249.2,16,1,3249.4,14,3
11536,2025-12-30 10:48:03+05:30,3248.7,14,3248.54,278372,100419.0,117682.0,3250.0,3257.0,3239.8,3251.5,41862100,3576.6,2926.4,4322.95,2866.6,3248.7,318,8,3248.6,104,6,3248.5,19,3,3248.4,29,2,3248.3,76,6,3248.8,6,6,3249.0,12,2,3249.3,13,1,3249.4,30,4,3249.6,57,3
11536,2025-12-30 10:48:04+05:30,3248.7,10,3248.54,278372,100419.0,117682.0,3250.0,3257.0,3239.8,3251.5,41862100,3576.6,2926.4,4322.95,2866.6,3248.7,318,8,3248.6,104,6,3248.5,19,3,3248.4,29,2,3248.3,76,6,3248.8,6,6,3249.0,12,2,3249.3,13,1,3249.4,30,4,3249.6,57,3
11536,2025-12-30 10:48:07+05:30,3248.8,14,3248.54,278372,100419.0,117682.0,3250.0,3257.0,3239.8,3251.5,41862100,3576.6,2926.4,4322.95,2866.6,3248.7,318,8,3248.6,104,6,3248.5,19,3,3248.4,29,2,3248.3,76,6,3248.8,6,6,3249.0,12,2,3249.3,13,1,3249.4,30,4,3249.6,57,3
11536,2025-12-30 10:48:08+05:30,3248.8,5,3248.54,278434,100397.0,117712.0,3250.0,3257.0,3239.8,3251.5,41862100,3576.6,2926.4,4322.95,2866.6,3248.8,14,1,3248.7,294,8,3248.6,104,6,3248.5,19,3,3248.4,29,2,3249.0,21,8,3249.2,4,1,3249.3,23,4,3249.4,4,1,3249.5,24,2
11536,2025-12-30 10:48:10+05:30,3248.9,3,3248.54,278434,100397.0,117712.0,3250.0,3257.0,3239.8,3251.5,41862100,3576.6,2926.4,4322.95,2866.6,3248.8,14,1,3248.7,294,8,3248.6,104,6,3248.5,19,3,3248.4,29,2,3249.0,21,8,3249.2,4,1,3249.3,23,4,3249.4,4,1,3249.5,24,2
11536,2025-12-30 10:48:13+05:30,3248.9,1,3248.54,278434,100397.0,117712.0,3250.0,3257.0,3239.8,3251.5,41862100,3576.6,2926.4,4322.95,2866.6,3248.8,14,1,3248.7,294,8,3248.6,104,6,3248.5,19,3,3248.4,29,2,3249.0,21,8,3249.2,4,1,3249.3,23,4,3249.4,4,1,3249.5,24,2
11536,2025-12-30 10:48:13+05:30,3248.9,1,3248.54,278487,100703.0,117276.0,3250.0,3257.0,3239.8,3251.5,41862100,3576.6,2926.4,4322.95,2866.6,3248.9,2,1,3248.8,264,4,3248.7,290,7,3248.6,95,5,3248.5,41,4,3249.3,20,6,3249.4,20,2,3249.6,56,3,3249.8,6,2,3249.9,52,3
11536,2025-12-30 10:48:16+05:30,3249.3,1,3248.54,278487,100703.0,117276.0,3250.0,3257.0,3239.8,3251.5,41862100,3576.6,2926.4,4322.95,2866.6,3248.9,2,1,3248.8,264,4,3248.7,290,7,3248.6,95,5,3248.5,41,4,3249.3,20,6,3249.4,20,2,3249.6,56,3,3249.8,6,2,3249.9,52,3
11536,2025-12-30 10:48:18+05:30,3248.9,2,3248.54,278542,100838.0,116995.0,3250.0,3257.0,3239.8,3251.5,41862100,3576.6,2926.4,4322.95,2866.6,3248.9,226,4,3248.8,260,5,3248.7,290,7,3248.6,95,5,3248.5,19,3,3249.3,64,10,3249.4,2,1,3249.5,7,1,3249.6,55,3,3249.7,21,2
11536,2025-12-30 10:48:19+05:30,3248.9,1,3248.54,278542,100838.0,116995.0,3250.0,3257.0,3239.8,3251.5,41862100,3576.6,2926.4,4322.95,2866.6,3248.9,226,4,3248.8,260,5,3248.7,290,7,3248.6,95,5,3248.5,19,3,3249.3,64,10,3249.4,2,1,3249.5,7,1,3249.6,55,3,3249.7,21,2
11536,2025-12-30 10:48:22+05:30,3249.3,1,3248.54,278542,100838.0,116995.0,3250.0,3257.0,3239.8,3251.5,41862100,3576.6,2926.4,4322.95,2866.6,3248.9,226,4,3248.8,260,5,3248.7,290,7,3248.6,95,5,3248.5,19,3,3249.3,64,10,3249.4,2,1,3249.5,7,1,3249.6,55,3,3249.7,21,2
11536,2025-12-30 10:48:22+05:30,3249.1,4,3248.54,278601,100844.0,117671.0,3250.0,3257.0,3239.8,3251.5,41862100,3576.6,2926.4,4322.95,2866.6,3249.1,2,1,3248.9,216,3,3248.8,260,5,3248.7,299,8,3248.6,95,5,3249.3,35,7,3249.4,2,1,3249.5,21,2,3249.6,82,5,3249.7,21,2
11536,2025-12-30 10:48:25+05:30,3249.3,1,3248.54,278601,100844.0,117671.0,3250.0,3257.0,3239.8,3251.5,41862100,3576.6,2926.4,4322.95,2866.6,3249.1,2,1,3248.9,216,3,3248.8,260,5,3248.7,299,8,3248.6,95,5,3249.3,35,7,3249.4,2,1,3249.5,21,2,3249.6,82,5,3249.7,21,2
11536,2025-12-30 10:48:27+05:30,3249.1,18,3248.54,278786,101109.0,117474.0,3250.0,3257.0,3239.8,3251.5,41862100,3576.6,2926.4,4322.95,2866.6,3249.1,129,2,3248.9,216,3,3248.8,260,5,3248.7,299,8,3248.6,95,5,3249.3,23,7,3249.5,14,1,3249.6,72,4,3249.7,10,1,3249.8,5,2
11536,2025-12-30 10:48:28+05:30,3249.1,3,3248.54,278786,101109.0,117474.0,3250.0,3257.0,3239.8,3251.5,41862100,3576.6,2926.4,4322.95,2866.6,3249.1,129,2,3248.9,216,3,3248.8,260,5,3248.7,299,8,3248.6,95,5,3249.3,23,7,3249.5,14,1,3249.6,72,4,3249.7,10,1,3249.8,5,2
11536,2025-12-30 10:48:31+05:30,3249.3,2,3248.54,278786,101109.0,117474.0,3250.0,3257.0,3239.8,3251.5,41862100,3576.6,2926.4,4322.95,2866.6,3249.1,129,2,3248.9,216,3,3248.8,260,5,3248.7,299,8,3248.6,95,5,3249.3,23,7,3249.5,14,1,3249.6,72,4,3249.7,10,1,3249.8,5,2
11536,2025-12-30 10:48:32+05:30,3249.1,3,3248.54,278858,101008.0,116908.0,3250.0,3257.0,3239.8,3251.5,41862100,3576.6,2926.4,4322.95,2866.6,3249.1,71,3,3249.0,11,1,3248.9,216,3,3248.8,250,4,3248.7,299,8,3249.3,10,6,3249.6,50,1,3249.8,22,3,3249.9,48,4,3250.0,16,3
11536,2025-12-30 10:48:34+05:30,3249.3,1,3248.54,278858,101008.0,116908.0,3250.0,3257.0,3239.8,3251.5,41862100,3576.6,2926.4,4322.95,2866.6,3249.1,71,3,3249.0,11,1,3248.9,216,3,3248.8,250,4,3248.7,299,8,3249.3,10,6,3249.6,50,1,3249.8,22,3,3249.9,48,4,3250.0,16,3
11536,2025-12-30 10:48:36+05:30,3249.2,1,3248.54,278887,101310.0,117054.0,3250.0,3257.0,3239.8,3251.5,41862100,3576.6,2926.4,4322.95,2866.6,3249.2,4,1,3249.1,208,4,3249.0,11,1,3248.9,224,4,3248.8,255,5,3249.3,29,11,3249.5,16,1,3249.6,79,5,3249.8,5,2,3249.9,36,4
11536,2025-12-30 10:48:37+05:30,3249.2,1,3248.54,278887,101310.0,117054.0,3250.0,3257.0,3239.8,3251.5,41862100,3576.6,2926.4,4322.95,2866.6,3249.2,4,1,3249.1,208,4,3249.0,11,1,3248.9,224,4,3248.8,255,5,3249.3,29,11,3249.5,16,1,3249.6,79,5,3249.8,5,2,3249.9,36,4
11536,2025-12-30 10:48:39+05:30,3249.3,13,3248.54,278887,101310.0,117054.0,3250.0,3257.0,3239.8,3251.5,41862100,3576.6,2926.4,4322.95,2866.6,3249.2,4,1,3249.1,208,4,3249.0,11,1,3248.9,224,4,3248.8,255,5,3249.3,29,11,3249.5,16,1,3249.6,79,5,3249.8,5,2,3249.9,36,4
11536,2025-12-30 10:48:41+05:30,3249.2,1,3248.54,278927,101384.0,116010.0,3250.0,3257.0,3239.8,3251.5,41862100,3576.6,2926.4,4322.95,2866.6,3249.2,182,3,3249.1,208,4,3249.0,11,1,3248.9,224,4,3248.8,255,5,3249.3,21,4,3249.4,3,1,3249.5,16,1,3249.6,73,3,3249.8,3,1
11536,2025-12-30 10:48:42+05:30,3248.7,91,3248.54,278927,101384.0,116010.0,3250.0,3257.0,3239.8,3251.5,41862100,3576.6,2926.4,4322.95,2866.6,3249.2,182,3,3249.1,208,4,3249.0,11,1,3248.9,224,4,3248.8,255,5,3249.3,21,4,3249.4,3,1,3249.5,16,1,3249.6,73,3,3249.8,3,1
11536,2025-12-30 10:48:46+05:30,3248.4,1,3248.54,278927,101384.0,116010.0,3250.0,3257.0,3239.8,3251.5,41862100,3576.6,2926.4,4322.95,2866.6,3249.2,182,3,3249.1,208,4,3249.0,11,1,3248.9,224,4,3248.8,255,5,3249.3,21,4,3249.4,3,1,3249.5,16,1,3249.6,73,3,3249.8,3,1
11536,2025-12-30 10:48:46+05:30,3248.4,1,3248.54,281026,99728.0,117455.0,3250.0,3257.0,3239.8,3251.5,41862100,3576.6,2926.4,4322.95,2866.6,3248.3,18,4,3248.2,1,1,3248.1,30,5,3248.0,79,3,3247.9,2,1,3248.4,45,1,3248.5,35,3,3248.7,14,2,3248.9,27,2,3249.0,21,1
11536,2025-12-30 10:48:49+05:30,3248.0,6,3248.54,281026,99728.0,117455.0,3250.0,3257.0,3239.8,3251.5,41862100,3576.6,2926.4,4322.95,2866.6,3248.3,18,4,3248.2,1,1,3248.1,30,5,3248.0,79,3,3247.9,2,1,3248.4,45,1,3248.5,35,3,3248.7,14,2,3248.9,27,2,3249.0,21,1
11536,2025-12-30 10:48:51+05:30,3249.3,2,3248.54,281704,101328.0,117859.0,3250.0,3257.0,3239.8,3251.5,41862100,3576.6,2926.4,4322.95,2866.6,3248.3,14,1,3248.2,62,3,3248.1,194,3,3248.0,169,11,3247.9,24,5,3249.3,68,5,3249.4,21,1,3249.5,17,1,3249.6,53,2,3249.7,10,1
11536,2025-12-30 10:48:52+05:30,3248.3,10,3248.54,281704,101328.0,117859.0,3250.0,3257.0,3239.8,3251.5,41862100,3576.6,2926.4,4322.95,2866.6,3248.3,14,1,3248.2,62,3,3248.1,194,3,3248.0,169,11,3247.9,24,5,3249.3,68,5,3249.4,21,1,3249.5,17,1,3249.6,53,2,3249.7,10,1
11536,2025-12-30 10:48:55+05:30,3249.2,1,3248.54,281704,101328.0,117859.0,3250.0,3257.0,3239.8,3251.5,41862100,3576.6,2926.4,4322.95,2866.6,3248.3,14,1,3248.2,62,3,3248.1,194,3,3248.0,169,11,3247.9,24,5,3249.3,68,5,3249.4,21,1,3249.5,17,1,3249.6,53,2,3249.7,10,1
11536,2025-12-30 10:48:56+05:30,3248.3,4,3248.54,282023,100989.0,117172.0,3250.0,3257.0,3239.8,3251.5,41862100,3576.6,2926.4,4322.95,2866.6,3248.3,40,2,3248.2,21,1,3248.1,18,1,3248.0,129,8,3247.9,2,1,3249.1,46,3,3249.2,23,6,3249.3,45,3,3249.4,59,5,3249.5,56,2
11536,2025-12-30 10:48:58+05:30,3248.7,13,3248.54,282023,100989.0,117172.0,3250.0,3257.0,3239.8,3251.5,41862100,3576.6,2926.4,4322.95,2866.6,3248.3,40,2,3248.2,21,1,3248.1,18,1,3248.0,129,8,3247.9,2,1,3249.1,46,3,3249.2,23,6,3249.3,45,3,3249.4,59,5,3249.5,56,2
11536,2025-12-30 10:49:00+05:30,3248.9,6,3248.54,282214,101757.0,118107.0,3250.0,3257.0,3239.8,3251.5,41862100,3576.6,2926.4,4322.95,2866.6,3249.0,29,1,3248.7,3,1,3248.3,2,1,3248.2,20,1,3248.1,233,4,3249.1,5,2,3249.3,43,2,3249.4,10,1,3249.5,10,1,3249.6,51,2
11536,2025-12-30 10:49:01+05:30,3249.1,1,3248.54,282214,101757.0,118107.0,3250.0,3257.0,3239.8,3251.5,41862100,3576.6,2926.4,4322.95,2866.6,3249.0,29,1,3248.7,3,1,3248.3,2,1,3248.2,20,1,3248.1,233,4,3249.1,5,2,3249.3,43,2,3249.4,10,1,3249.5,10,1,3249.6,51,2
11536,2025-12-30 10:49:04+05:30,3249.0,11,3248.54,282214,101757.0,118107.0,3250.0,3257.0,3239.8,3251.5,41862100,3576.6,2926.4,4322.95,2866.6,3249.0,29,1,3248.7,3,1,3248.3,2,1,3248.2,20,1,3248.1,233,4,3249.1,5,2,3249.3,43,2,3249.4,10,1,3249.5,10,1,3249.6,51,2
11536,2025-12-30 10:49:05+05:30,3249.0,3,3248.54,282265,102388.0,115007.0,3250.0,3257.0,3239.8,3251.5,41862100,3576.6,2926.4,4322.95,2866.6,3249.0,29,1,3248.7,3,1,3248.3,26,2,3248.2,95,3,3248.1,249,5,3249.1,16,6,3249.3,43,2,3249.6,68,3,3249.7,37,3,3249.8,3,1
11536,2025-12-30 10:49:07+05:30,3249.5,13,3248.54,282265,102388.0,115007.0,3250.0,3257.0,3239.8,3251.5,41862100,3576.6,2926.4,4322.95,2866.6,3249.0,29,1,3248.7,3,1,3248.3,26,2,3248.2,95,3,3248.1,249,5,3249.1,16,6,3249.3,43,2,3249.6,68,3,3249.7,37,3,3249.8,3,1
11536,2025-12-30 10:49:10+05:30,3249.0,5,3248.54,282265,102388.0,115007.0,3250.0,3257.0,3239.8,3251.5,41862100,3576.6,2926.4,4322.95,2866.6,3249.0,29,1,3248.7,3,1,3248.3,26,2,3248.2,95,3,3248.1,249,5,3249.1,16,6,3249.3,43,2,3249.6,68,3,3249.7,37,3,3249.8,3,1
11536,2025-12-30 10:49:10+05:30,3249.0,20,3248.54,282466,102295.0,117852.0,3250.0,3257.0,3239.8,3251.5,41862100,3576.6,2926.4,4322.95,2866.6,3249.0,42,1,3248.7,3,1,3248.4,21,1,3248.3,26,2,3248.2,263,4,3249.5,19,5,3249.6,51,2,3249.7,24,2,3249.8,10,1,3249.9,52,4
11536,2025-12-30 10:49:12+05:30,3249.5,1,3248.54,282466,102295.0,117852.0,3250.0,3257.0,3239.8,3251.5,41862100,3576.6,2926.4,4322.95,2866.6,3249.0,42,1,3248.7,3,1,3248.4,21,1,3248.3,26,2,3248.2,263,4,3249.5,19,5,3249.6,51,2,3249.7,24,2,3249.8,10,1,3249.9,52,4
11536,2025-12-30 10:49:16+05:30,3249.4,1,3248.54,282510,102013.0,116786.0,3250.0,3257.0,3239.8,3251.5,41862100,3576.6,2926.4,4322.95,2866.6,3249.4,4,3,3248.7,3,1,3248.6,31,2,3248.4,21,1,3248.3,88,3,3249.5,5,5,3249.6,50,1,3249.7,9,1,3249.8,17,1,3249.9,55,4
11536,2025-12-30 10:49:16+05:30,3249.5,1,3248.54,282510,102013.0,116786.0,3250.0,3257.0,3239.8,3251.5,41862100,3576.6,2926.4,4322.95,2866.6,3249.4,4,3,3248.7,3,1,3248.6,31,2,3248.4,21,1,3248.3,88,3,3249.5,5,5,3249.6,50,1,3249.7,9,1,3249.8,17,1,3249.9,55,4
11536,2025-12-30 10:49:19+05:30,3249.4,1,3248.54,282510,102013.0,116786.0,3250.0,3257.0,3239.8,3251.5,41862100,3576.6,2926.4,4322.95,2866.6,3249.4,4,3,3248.7,3,1,3248.6,31,2,3248.4,21,1,3248.3,88,3,3249.5,5,5,3249.6,50,1,3249.7,9,1,3249.8,17,1,3249.9,55,4
11536,2025-12-30 10:49:21+05:30,3249.3,2,3248.54,282642,100811.0,118008.0,3250.0,3257.0,3239.8,3251.5,41862100,3576.6,2926.4,4322.95,2866.6,3249.3,29,2,3249.1,2,1,3249.0,12,3,3248.7,3,1,3248.4,21,1,3249.4,18,7,3249.5,17,1,3249.6,60,2,3249.7,20,1,3249.8,9,1
11536,2025-12-30 10:49:22+05:30,3249.3,1,3248.54,282642,100811.0,118008.0,3250.0,3257.0,3239.8,3251.5,41862100,3576.6,2926.4,4322.95,2866.6,3249.3,29,2,3249.1,2,1,3249.0,12,3,3248.7,3,1,3248.4,21,1,3249.4,18,7,3249.5,17,1,3249.6,60,2,3249.7,20,1,3249.8,9,1
11536,2025-12-30 10:49:25+05:30,3249.6,1,3248.54,282642,100811.0,118008.0,3250.0,3257.0,3239.8,3251.5,41862100,3576.6,2926.4,4322.95,2866.6,3249.3,29,2,3249.1,2,1,3249.0,12,3,3248.7,3,1,3248.4,21,1,3249.4,18,7,3249.5,17,1,3249.6,60,2,3249.7,20,1,3249.8,9,1
11536,2025-12-30 10:49:26+05:30,3249.5,4,3248.54,282808,103434.0,117650.0,3250.0,3257.0,3239.8,3251.5,41862100,3576.6,2926.4,4322.95,2866.6,3249.5,4,1,3249.4,8,1,3249.3,3,1,3249.1,2,1,3249.0,12,3,3249.6,64,10,3249.8,15,2,3249.9,18,2,3250.0,50,5,3250.1,45,3
11536,2025-12-30 10:49:27+05:30,3249.5,1,3248.54,282808,103434.0,117650.0,3250.0,3257.0,3239.8,3251.5,41862100,3576.6,2926.4,4322.95,2866.6,3249.5,4,1,3249.4,8,1,3249.3,3,1,3249.1,2,1,3249.0,12,3,3249.6,64,10,3249.8,15,2,3249.9,18,2,3250.0,50,5,3250.1,45,3
11536,2025-12-30 10:49:28+05:30,3249.5,3,3248.54,282852,103515.0,116615.0,3250.0,3257.0,3239.8,3251.5,41862100,3576.6,2926.4,4322.95,2866.6,3249.5,16,2,3249.3,13,2,3249.1,2,1,3249.0,2,2,3248.7,3,1,3249.6,63,10,3249.8,52,4,3249.9,1,1,3250.0,30,4,3250.1,21,2
11536,2025-12-30 10:49:28+05:30,3249.5,3,3248.54,282852,103515.0,116615.0,3250.0,3257.0,3239.8,3251.5,41862100,3576.6,2926.4,4322.95,2866.6,3249.5,16,2,3249.3,13,2,3249.1,2,1,3249.0,2,2,3248.7,3,1,3249.6,63,10,3249.8,52,4,3249.9,1,1,3250.0,30,4,3250.1,21,2
11536,2025-12-30 10:49:29+05:30,3249.5,1,3248.54,282858,103541.0,118008.0,3250.0,3257.0,3239.8,3251.5,41862100,3576.6,2926.4,4322.95,2866.6,3249.5,10,1,3249.3,13,2,3249.1,2,1,3249.0,2,2,3248.7,3,1,3249.6,65,11,3249.7,17,1,3249.8,35,3,3249.9,1,1,3250.0,30,4
11536,2025-12-30 10:49:29+05:30,3249.5,4,3248.54,282858,103541.0,118008.0,3250.0,3257.0,3239.8,3251.5,41862100,3576.6,2926.4,4322.95,2866.6,3249.5,10,1,3249.3,13,2,3249.1,2,1,3249.0,2,2,3248.7,3,1,3249.6,65,11,3249.7,17,1,3249.8,35,3,3249.9,1,1,3250.0,30,4
11536,2025-12-30 10:49:30+05:30,3249.5,1,3248.54,282868,103707.0,118002.0,3250.0,3257.0,3239.8,3251.5,41862100,3576.6,2926.4,4322.95,2866.6,3249.3,3,1,3249.1,2,1,3249.0,18,3,3248.7,3,1,3248.5,61,1,3249.6,58,9,3249.7,17,1,3249.8,28,2,3249.9,1,1,3250.0,30,4
11536,2025-12-30 10:49:30+05:30,3249.3,3,3248.54,282868,103707.0,118002.0,3250.0,3257.0,3239.8,3251.5,41862100,3576.6,2926.4,4322.95,2866.6,3249.3,3,1,3249.1,2,1,3249.0,18,3,3248.7,3,1,3248.5,61,1,3249.6,58,9,3249.7,17,1,3249.8,28,2,3249.9,1,1,3250.0,30,4
11536,2025-12-30 10:49:31+05:30,3249.3,2,3248.54,282881,103774.0,118002.0,3250.0,3257.0,3239.8,3251.5,41862100,3576.6,2926.4,4322.95,2866.6,3249.3,11,2,3249.1,2,1,3249.0,18,3,3248.7,3,1,3248.5,61,1,3249.6,58,9,3249.7,17,1,3249.8,28,2,3249.9,1,1,3250.0,30,4
11536,2025-12-30 10:49:31+05:30,3249.6,1,3248.54,282881,103774.0,118002.0,3250.0,3257.0,3239.8,3251.5,41862100,3576.6,2926.4,4322.95,2866.6,3249.3,11,2,3249.1,2,1,3249.0,18,3,3248.7,3,1,3248.5,61,1,3249.6,58,9,3249.7,17,1,3249.8,28,2,3249.9,1,1,3250.0,30,4
11536,2025-12-30 10:49:32+05:30,3249.3,3,3248.54,282890,103270.0,117966.0,3250.0,3257.0,3239.8,3251.5,41862100,3576.6,2926.4,4322.95,2866.6,3249.3,6,2,3249.2,8,1,3249.1,2,1,3249.0,18,3,3248.7,3,1,3249.6,65,10,3249.7,8,1,3249.8,20,1,3249.9,1,1,3250.0,30,4
11536,2025-12-30 10:49:32+05:30,3249.3,1,3248.54,282890,103270.0,117966.0,3250.0,3257.0,3239.8,3251.5,41862100,3576.6,2926.4,4322.95,2866.6,3249.3,6,2,3249.2,8,1,3249.1,2,1,3249.0,18,3,3248.7,3,1,3249.6,65,10,3249.7,8,1,3249.8,20,1,3249.9,1,1,3250.0,30,4
11536,2025-12-30 10:49:33+05:30,3249.3,1,3248.54,282897,103276.0,118128.0,3250.0,3257.0,3239.8,3251.5,41862100,3576.6,2926.4,4322.95,2866.6,3249.3,12,2,3249.2,8,1,3249.1,2,1,3249.0,18,3,3248.7,3,1,3249.6,71,9,3249.8,28,2,3249.9,1,1,3250.0,54,5,3250.1,21,2
11536,2025-12-30 10:49:33+05:30,3249.3,1,3248.54,282897,103276.0,118128.0,3250.0,3257.0,3239.8,3251.5,41862100,3576.6,2926.4,4322.95,2866.6,3249.3,12,2,3249.2,8,1,3249.1,2,1,3249.0,18,3,3248.7,3,1,3249.6,71,9,3249.8,28,2,3249.9,1,1,3250.0,54,5,3250.1,21,2
11536,2025-12-30 10:49:34+05:30,3249.3,2,3248.54,282907,103208.0,118150.0,3250.0,3257.0,3239.8,3251.5,41862100,3576.6,2926.4,4322.95,2866.6,3249.3,7,2,3249.2,8,1,3249.1,2,1,3249.0,18,3,3248.7,3,1,3249.6,66,9,3249.7,18,1,3249.8,13,2,3249.9,1,1,3250.0,54,5
11536,2025-12-30 10:49:34+05:30,3249.3,2,3248.54,282907,103208.0,118150.0,3250.0,3257.0,3239.8,3251.5,41862100,3576.6,2926.4,4322.95,2866.6,3249.3,7,2,3249.2,8,1,3249.1,2,1,3249.0,18,3,3248.7,3,1,3249.6,66,9,3249.7,18,1,3249.8,13,2,3249.9,1,1,3250.0,54,5
11536,2025-12-30 10:49:35+05:30,3249.3,1,3248.54,282920,103182.0,118303.0,3250.0,3257.0,3239.8,3251.5,41862100,3576.6,2926.4,4322.95,2866.6,3249.3,5,2,3249.2,8,1,3249.1,2,1,3249.0,18,3,3248.7,3,1,3249.6,59,9,3249.7,27,2,3249.8,23,3,3249.9,13,3,3250.0,54,5
11536,2025-12-30 10:49:35+05:30,3249.6,1,3248.54,282920,103182.0,118303.0,3250.0,3257.0,3239.8,3251.5,41862100,3576.6,2926.4,4322.95,2866.6,3249.3,5,2,3249.2,8,1,3249.1,2,1,3249.0,18,3,3248.7,3,1,3249.6,59,9,3249.7,27,2,3249.8,23,3,3249.9,13,3,3250.0,54,5
11536,2025-12-30 10:49:36+05:30,3249.3,1,3248.54,282925,103188.0,118306.0,3250.0,3257.0,3239.8,3251.5,41862100,3576.6,2926.4,4322.95,2866.6,3249.3,19,3,3249.1,2,1,3249.0,18,3,3248.7,3,1,3248.4,123,2,3249.6,58,9,3249.7,18,1,3249.8,13,2,3249.9,24,4,3250.0,66,6
11536,2025-12-30 10:49:36+05:30,3249.3,1,3248.54,282925,103188.0,118306.0,3250.0,3257.0,3239.8,3251.5,41862100,3576.6,2926.4,4322.95,2866.6,3249.3,19,3,3249.1,2,1,3249.0,18,3,3248.7,3,1,3248.4,123,2,3249.6,58,9,3249.7,18,1,3249.8,13,2,3249.9,24,4,3250.0,66,6
11536,2025-12-30 10:49:37+05:30,3249.3,2,3248.54,282928,103166.0,117950.0,3250.0,3257.0,3239.8,3251.5,41862100,3576.6,2926.4,4322.95,2866.6,3249.3,17,3,3249.1,2,1,3249.0,18,3,3248.7,3,1,3248.4,123,2,3249.6,52,7,3249.7,18,1,3249.8,13,2,3249.9,24,4,3250.0,66,6
11536,2025-12-30 10:49:37+05:30,3249.3,4,3248.54,282928,103166.0,117950.0,3250.0,3257.0,3239.8,3251.5,41862100,3576.6,2926.4,4322.95,2866.6,3249.3,17,3,3249.1,2,1,3249.0,18,3,3248.7,3,1,3248.4,123,2,3249.6,52,7,3249.7,18,1,3249.8,13,2,3249.9,24,4,3250.0,66,6
11536,2025-12-30 10:49:38+05:30,3249.3,1,3248.54,283081,103067.0,117068.0,3250.0,3257.0,3239.8,3251.5,41862100,3576.6,2926.4,4322.95,2866.6,3249.1,2,1,3249.0,18,3,3248.7,3,1,3248.4,21,1,3248.3,28,3,3249.3,18,3,3249.5,15,1,3249.6,39,8,3249.7,18,1,3249.8,13,2
11536,2025-12-30 10:49:38+05:30,3249.1,1,3248.54,283081,103067.0,117068.0,3250.0,3257.0,3239.8,3251.5,41862100,3576.6,2926.4,4322.95,2866.6,3249.1,2,1,3249.0,18,3,3248.7,3,1,3248.4,21,1,3248.3,28,3,3249.3,18,3,3249.5,15,1,3249.6,39,8,3249.7,18,1,3249.8,13,2
11536,2025-12-30 10:49:39+05:30,3249.3,3,3248.54,283088,103101.0,118285.0,3250.0,3257.0,3239.8,3251.5,41862100,3576.6,2926.4,4322.95,2866.6,3249.1,6,2,3249.0,18,3,3248.7,3,1,3248.4,21,1,3248.3,28,3,3249.3,18,7,3249.4,15,1,3249.5,26,2,3249.6,28,4,3249.8,8,1
11536,2025-12-30 10:49:39+05:30,3249.3,3,3248.54,283088,103101.0,118285.0,3250.0,3257.0,3239.8,3251.5,41862100,3576.6,2926.4,4322.95,2866.6,3249.1,6,2,3249.0,18,3,3248.7,3,1,3248.4,21,1,3248.3,28,3,3249.3,18,7,3249.4,15,1,3249.5,26,2,3249.6,28,4,3249.8,8,1
11536,2025-12-30 10:49:39+05:30,3249.1,1,3248.54,283088,103101.0,118285.0,3250.0,3257.0,3239.8,3251.5,41862100,3576.6,2926.4,4322.95,2866.6,3249.1,6,2,3249.0,18,3,3248.7,3,1,3248.4,21,1,3248.3,28,3,3249.3,18,7,3249.4,15,1,3249.5,26,2,3249.6,28,4,3249.8,8,1
11536,2025-12-30 10:49:40+05:30,3249.1,4,3248.54,283128,103023.0,118456.0,3250.0,3257.0,3239.8,3251.5,41862100,3576.6,2926.4,4322.95,2866.6,3249.1,1,1,3249.0,22,4,3248.7,3,1,3248.3,4,2,3248.2,20,1,3249.3,26,6,3249.4,18,1,3249.5,5,1,3249.6,39,4,3249.7,6,1
11536,2025-12-30 10:49:40+05:30,3249.1,1,3248.54,283128,103023.0,118456.0,3250.0,3257.0,3239.8,3251.5,41862100,3576.6,2926.4,4322.95,2866.6,3249.1,1,1,3249.0,22,4,3248.7,3,1,3248.3,4,2,3248.2,20,1,3249.3,26,6,3249.4,18,1,3249.5,5,1,3249.6,39,4,3249.7,6,1
11536,2025-12-30 10:49:40+05:30,3249.1,1,3248.54,283128,103023.0,118456.0,3250.0,3257.0,3239.8,3251.5,41862100,3576.6,2926.4,4322.95,2866.6,3249.1,1,1,3249.0,22,4,3248.7,3,1,3248.3,4,2,3248.2,20,1,3249.3,26,6,3249.4,18,1,3249.5,5,1,3249.6,39,4,3249.7,6,1
11536,2025-12-30 10:49:41+05:30,3249.1,1,3248.54,283130,103080.0,118235.0,3250.0,3257.0,3239.8,3251.5,41862100,3576.6,2926.4,4322.95,2866.6,3249.0,22,4,3248.7,3,1,3248.3,28,3,3248.2,20,1,3248.1,212,4,3249.1,5,2,3249.3,23,7,3249.4,18,1,3249.5,5,1,3249.6,38,3
11536,2025-12-30 10:49:41+05:30,3249.0,1,3248.54,283130,103080.0,118235.0,3250.0,3257.0,3239.8,3251.5,41862100,3576.6,2926.4,4322.95,2866.6,3249.0,22,4,3248.7,3,1,3248.3,28,3,3248.2,20,1,3248.1,212,4,3249.1,5,2,3249.3,23,7,3249.4,18,1,3249.5,5,1,3249.6,38,3
11536,2025-12-30 10:49:41+05:30,3249.0,1,3248.54,283130,103080.0,118235.0,3250.0,3257.0,3239.8,3251.5,41862100,3576.6,2926.4,4322.95,2866.6,3249.0,22,4,3248.7,3,1,3248.3,28,3,3248.2,20,1,3248.1,212,4,3249.1,5,2,3249.3,23,7,3249.4,18,1,3249.5,5,1,3249.6,38,3
11536,2025-12-30 10:49:42+05:30,3249.0,1,3248.55,283165,103043.0,118469.0,3250.0,3257.0,3239.8,3251.5,41862100,3576.6,2926.4,4322.95,2866.6,3249.0,4,2,3248.7,3,1,3248.3,28,3,3248.2,20,1,3248.1,187,3,3249.1,9,7,3249.3,16,5,3249.4,18,1,3249.6,33,2,3249.7,5,1
11536,2025-12-30 10:49:42+05:30,3249.0,24,3248.55,283165,103043.0,118469.0,3250.0,3257.0,3239.8,3251.5,41862100,3576.6,2926.4,4322.95,2866.6,3249.0,4,2,3248.7,3,1,3248.3,28,3,3248.2,20,1,3248.1,187,3,3249.1,9,7,3249.3,16,5,3249.4,18,1,3249.6,33,2,3249.7,5,1
11536,2025-12-30 10:49:42+05:30,3249.0,24,3248.55,283165,103043.0,118469.0,3250.0,3257.0,3239.8,3251.5,41862100,3576.6,2926.4,4322.95,2866.6,3249.0,4,2,3248.7,3,1,3248.3,28,3,3248.2,20,1,3248.1,187,3,3249.1,9,7,3249.3,16,5,3249.4,18,1,3249.6,33,2,3249.7,5,1
11536,2025-12-30 10:49:43+05:30,3248.7,6,3248.55,283203,102867.0,117134.0,3250.0,3257.0,3239.8,3251.5,41862100,3576.6,2926.4,4322.95,2866.6,3248.7,3,1,3248.3,28,3,3248.1,33,2,3248.0,152,8,3247.9,56,5,3249.0,5,4,3249.1,5,5,3249.3,14,3,3249.4,18,1,3249.5,8,1
11536,2025-12-30 10:49:43+05:30,3248.7,6,3248.55,283203,102867.0,117134.0,3250.0,3257.0,3239.8,3251.5,41862100,3576.6,2926.4,4322.95,2866.6,3248.7,3,1,3248.3,28,3,3248.1,33,2,3248.0,152,8,3247.9,56,5,3249.0,5,4,3249.1,5,5,3249.3,14,3,3249.4,18,1,3249.5,8,1
11536,2025-12-30 10:49:43+05:30,3248.7,1,3248.55,283203,102867.0,117134.0,3250.0,3257.0,3239.8,3251.5,41862100,3576.6,2926.4,4322.95,2866.6,3248.7,3,1,3248.3,28,3,3248.1,33,2,3248.0,152,8,3247.9,56,5,3249.0,5,4,3249.1,5,5,3249.3,14,3,3249.4,18,1,3249.5,8,1
11536,2025-12-30 10:49:44+05:30,3248.7,1,3248.55,283219,101617.0,118643.0,3250.0,3257.0,3239.8,3251.5,41862100,3576.6,2926.4,4322.95,2866.6,3248.3,4,2,3248.1,33,2,3248.0,116,6,3247.9,37,4,3247.8,83,6,3248.7,1,1,3249.0,13,9,3249.1,2,2,3249.2,32,2,3249.3,12,2
11536,2025-12-30 10:49:44+05:30,3248.7,1,3248.55,283219,101617.0,118643.0,3250.0,3257.0,3239.8,3251.5,41862100,3576.6,2926.4,4322.95,2866.6,3248.3,4,2,3248.1,33,2,3248.0,116,6,3247.9,37,4,3247.8,83,6,3248.7,1,1,3249.0,13,9,3249.1,2,2,3249.2,32,2,3249.3,12,2
11536,2025-12-30 10:49:44+05:30,3249.0,1,3248.55,283219,101617.0,118643.0,3250.0,3257.0,3239.8,3251.5,41862100,3576.6,2926.4,4322.95,2866.6,3248.3,4,2,3248.1,33,2,3248.0,116,6,3247.9,37,4,3247.8,83,6,3248.7,1,1,3249.0,13,9,3249.1,2,2,3249.2,32,2,3249.3,12,2
11536,2025-12-30 10:49:45+05:30,3248.3,6,3248.55,283261,101761.0,118450.0,3250.0,3257.0,3239.8,3251.5,41862100,3576.6,2926.4,4322.95,2866.6,3248.3,1,1,3248.1,33,2,3248.0,116,6,3247.9,5,2,3247.8,83,6,3249.0,3,3,3249.2,32,2,3249.3,6,1,3249.4,7,1,3249.5,8,1
11536,2025-12-30 10:49:45+05:30,3248.3,6,3248.55,283261,101761.0,118450.0,3250.0,3257.0,3239.8,3251.5,41862100,3576.6,2926.4,4322.95,2866.6,3248.3,1,1,3248.1,33,2,3248.0,116,6,3247.9,5,2,3247.8,83,6,3249.0,3,3,3249.2,32,2,3249.3,6,1,3249.4,7,1,3249.5,8,1
11536,2025-12-30 10:49:45+05:30,3249.0,1,3248.55,283261,101761.0,118450.0,3250.0,3257.0,3239.8,3251.5,41862100,3576.6,2926.4,4322.95,2866.6,3248.3,1,1,3248.1,33,2,3248.0,116,6,3247.9,5,2,3247.8,83,6,3249.0,3,3,3249.2,32,2,3249.3,6,1,3249.4,7,1,3249.5,8,1
11536,2025-12-30 10:49:46+05:30,3249.0,1,3248.55,283261,101761.0,118450.0,3250.0,3257.0,3239.8,3251.5,41862100,3576.6,2926.4,4322.95,2866.6,3248.3,1,1,3248.1,33,2,3248.0,116,6,3247.9,5,2,3247.8,83,6,3249.0,3,3,3249.2,32,2,3249.3,6,1,3249.4,7,1,3249.5,8,1
11536,2025-12-30 10:49:46+05:30,3249.0,1,3248.55,283263,101616.0,118617.0,3250.0,3257.0,3239.8,3251.5,41862100,3576.6,2926.4,4322.95,2866.6,3248.3,1,1,3248.2,4,1,3248.1,33,2,3248.0,123,7,3247.9,5,2,3249.0,5,5,3249.2,32,2,3249.3,6,1,3249.5,8,1,3249.6,37,3
11536,2025-12-30 10:49:46+05:30,3249.0,1,3248.55,283263,101616.0,118617.0,3250.0,3257.0,3239.8,3251.5,41862100,3576.6,2926.4,4322.95,2866.6,3248.3,1,1,3248.2,4,1,3248.1,33,2,3248.0,123,7,3247.9,5,2,3249.0,5,5,3249.2,32,2,3249.3,6,1,3249.5,8,1,3249.6,37,3
11536,2025-12-30 10:49:46+05:30,3249.0,1,3248.55,283263,101616.0,118617.0,3250.0,3257.0,3239.8,3251.5,41862100,3576.6,2926.4,4322.95,2866.6,3248.3,1,1,3248.2,4,1,3248.1,33,2,3248.0,123,7,3247.9,5,2,3249.0,5,5,3249.2,32,2,3249.3,6,1,3249.5,8,1,3249.6,37,3
11536,2025-12-30 10:49:47+05:30,3248.2,4,3248.55,283269,101242.0,118720.0,3250.0,3257.0,3239.8,3251.5,41862100,3576.6,2926.4,4322.95,2866.6,3248.2,4,1,3248.1,53,5,3248.0,105,5,3247.9,17,2,3247.8,75,7,3248.3,4,4,3249.0,17,4,3249.2,32,2,3249.3,6,1,3249.5,8,1
11536,2025-12-30 10:49:47+05:30,3248.2,1,3248.55,283269,101242.0,118720.0,3250.0,3257.0,3239.8,3251.5,41862100,3576.6,2926.4,4322.95,2866.6,3248.2,4,1,3248.1,53,5,3248.0,105,5,3247.9,17,2,3247.8,75,7,3248.3,4,4,3249.0,17,4,3249.2,32,2,3249.3,6,1,3249.5,8,1
11536,2025-12-30 10:49:47+05:30,3248.2,1,3248.55,283269,101242.0,118720.0,3250.0,3257.0,3239.8,3251.5,41862100,3576.6,2926.4,4322.95,2866.6,3248.2,4,1,3248.1,53,5,3248.0,105,5,3247.9,17,2,3247.8,75,7,3248.3,4,4,3249.0,17,4,3249.2,32,2,3249.3,6,1,3249.5,8,1
11536,2025-12-30 10:49:48+05:30,3248.2,9,3248.55,283283,101192.0,118350.0,3250.0,3257.0,3239.8,3251.5,41862100,3576.6,2926.4,4322.95,2866.6,3248.1,48,4,3248.0,109,6,3247.9,2,1,3247.8,75,7,3247.7,5,2,3248.2,4,3,3248.3,7,7,3249.0,15,2,3249.2,32,2,3249.3,6,1
11536,2025-12-30 10:49:48+05:30,3248.1,2,3248.55,283283,101192.0,118350.0,3250.0,3257.0,3239.8,3251.5,41862100,3576.6,2926.4,4322.95,2866.6,3248.1,48,4,3248.0,109,6,3247.9,2,1,3247.8,75,7,3247.7,5,2,3248.2,4,3,3248.3,7,7,3249.0,15,2,3249.2,32,2,3249.3,6,1
11536,2025-12-30 10:49:49+05:30,3248.1,1,3248.55,283292,102157.0,118153.0,3250.0,3257.0,3239.8,3251.5,41862100,3576.6,2926.4,4322.95,2866.6,3248.1,24,2,3248.0,82,5,3247.9,12,2,3247.8,55,6,3247.7,32,4,3248.2,21,7,3248.3,5,5,3249.2,32,2,3249.3,6,1,3249.4,44,2
11536,2025-12-30 10:49:49+05:30,3248.1,1,3248.55,283292,102157.0,118153.0,3250.0,3257.0,3239.8,3251.5,41862100,3576.6,2926.4,4322.95,2866.6,3248.1,24,2,3248.0,82,5,3247.9,12,2,3247.8,55,6,3247.7,32,4,3248.2,21,7,3248.3,5,5,3249.2,32,2,3249.3,6,1,3249.4,44,2
11536,2025-12-30 10:49:49+05:30,3248.1,1,3248.55,283292,102157.0,118153.0,3250.0,3257.0,3239.8,3251.5,41862100,3576.6,2926.4,4322.95,2866.6,3248.1,24,2,3248.0,82,5,3247.9,12,2,3247.8,55,6,3247.7,32,4,3248.2,21,7,3248.3,5,5,3249.2,32,2,3249.3,6,1,3249.4,44,2
11536,2025-12-30 10:49:50+05:30,3248.1,2,3248.55,283325,102153.0,118057.0,3250.0,3257.0,3239.8,3251.5,41862100,3576.6,2926.4,4322.95,2866.6,3248.1,34,3,3248.0,16,3,3247.9,27,3,3247.8,55,6,3247.7,34,4,3248.2,3,3,3248.3,2,2,3249.3,6,1,3249.4,24,1,3249.5,8,1
11536,2025-12-30 10:49:50+05:30,3248.1,1,3248.55,283325,102153.0,118057.0,3250.0,3257.0,3239.8,3251.5,41862100,3576.6,2926.4,4322.95,2866.6,3248.1,34,3,3248.0,16,3,3247.9,27,3,3247.8,55,6,3247.7,34,4,3248.2,3,3,3248.3,2,2,3249.3,6,1,3249.4,24,1,3249.5,8,1
11536,2025-12-30 10:49:50+05:30,3248.1,1,3248.55,283325,102153.0,118057.0,3250.0,3257.0,3239.8,3251.5,41862100,3576.6,2926.4,4322.95,2866.6,3248.1,34,3,3248.0,16,3,3247.9,27,3,3247.8,55,6,3247.7,34,4,3248.2,3,3,3248.3,2,2,3249.3,6,1,3249.4,24,1,3249.5,8,1
11536,2025-12-30 10:49:51+05:30,3248.1,1,3248.55,283329,102229.0,118489.0,3250.0,3257.0,3239.8,3251.5,41862100,3576.6,2926.4,4322.95,2866.6,3248.1,31,4,3248.0,9,2,3247.9,27,3,3247.8,55,6,3247.7,17,3,3248.2,5,5,3249.3,6,1,3249.4,24,1,3249.5,34,2,3249.6,102,5
11536,2025-12-30 10:49:51+05:30,3248.1,1,3248.55,283329,102229.0,118489.0,3250.0,3257.0,3239.8,3251.5,41862100,3576.6,2926.4,4322.95,2866.6,3248.1,31,4,3248.0,9,2,3247.9,27,3,3247.8,55,6,3247.7,17,3,3248.2,5,5,3249.3,6,1,3249.4,24,1,3249.5,34,2,3249.6,102,5
11536,2025-12-30 10:49:52+05:30,3248.2,4,3248.54,283347,101198.0,118261.0,3250.0,3257.0,3239.8,3251.5,41862100,3576.6,2926.4,4322.95,2866.6,3248.2,4,1,3248.1,27,3,3248.0,9,2,3247.9,24,2,3247.8,32,3,3249.0,30,2,3249.1,9,3,3249.2,15,1,3249.3,23,3,3249.4,17,2
11536,2025-12-30 10:49:52+05:30,3248.2,4,3248.54,283347,101198.0,118261.0,3250.0,3257.0,3239.8,3251.5,41862100,3576.6,2926.4,4322.95,2866.6,3248.2,4,1,3248.1,27,3,3248.0,9,2,3247.9,24,2,3247.8,32,3,3249.0,30,2,3249.1,9,3,3249.2,15,1,3249.3,23,3,3249.4,17,2
11536,2025-12-30 10:49:52+05:30,3248.2,4,3248.54,283347,101198.0,118261.0,3250.0,3257.0,3239.8,3251.5,41862100,3576.6,2926.4,4322.95,2866.6,3248.2,4,1,3248.1,27,3,3248.0,9,2,3247.9,24,2,3247.8,32,3,3249.0,30,2,3249.1,9,3,3249.2,15,1,3249.3,23,3,3249.4,17,2
11536,2025-12-30 10:49:53+05:30,3248.2,4,3248.54,283347,101204.0,118253.0,3250.0,3257.0,3239.8,3251.5,41862100,3576.6,2926.4,4322.95,2866.6,3248.2,4,1,3248.1,27,3,3248.0,9,2,3247.9,24,2,3247.8,32,3,3249.0,30,2,3249.1,9,3,3249.2,15,1,3249.3,23,3,3249.4,17,2
11536,2025-12-30 10:49:53+05:30,3249.0,10,3248.54,283347,101204.0,118253.0,3250.0,3257.0,3239.8,3251.5,41862100,3576.6,2926.4,4322.95,2866.6,3248.2,4,1,3248.1,27,3,3248.0,9,2,3247.9,24,2,3247.8,32,3,3249.0,30,2,3249.1,9,3,3249.2,15,1,3249.3,23,3,3249.4,17,2
11536,2025-12-30 10:49:53+05:30,3249.0,10,3248.54,283347,101204.0,118253.0,3250.0,3257.0,3239.8,3251.5,41862100,3576.6,2926.4,4322.95,2866.6,3248.2,4,1,3248.1,27,3,3248.0,9,2,3247.9,24,2,3247.8,32,3,3249.0,30,2,3249.1,9,3,3249.2,15,1,3249.3,23,3,3249.4,17,2
11536,2025-12-30 10:49:54+05:30,3248.6,5,3248.55,283363,102195.0,118187.0,3250.0,3257.0,3239.8,3251.5,41862100,3576.6,2926.4,4322.95,2866.6,3248.6,4,1,3248.1,27,3,3248.0,29,3,3247.9,24,2,3247.8,32,3,3249.0,7,3,3249.1,8,2,3249.2,14,1,3249.3,6,1,3249.4,7,1
11536,2025-12-30 10:49:54+05:30,3248.6,5,3248.55,283363,102195.0,118187.0,3250.0,3257.0,3239.8,3251.5,41862100,3576.6,2926.4,4322.95,2866.6,3248.6,4,1,3248.1,27,3,3248.0,29,3,3247.9,24,2,3247.8,32,3,3249.0,7,3,3249.1,8,2,3249.2,14,1,3249.3,6,1,3249.4,7,1
11536,2025-12-30 10:49:55+05:30,3248.6,3,3248.55,283400,103083.0,118050.0,3250.0,3257.0,3239.8,3251.5,41862100,3576.6,2926.4,4322.95,2866.6,3248.6,1,1,3248.2,21,1,3248.1,27,3,3248.0,29,3,3247.9,24,2,3249.0,21,1,3249.1,7,1,3249.2,14,1,3249.3,6,1,3249.4,27,3
11536,2025-12-30 10:49:55+05:30,3249.0,1,3248.55,283400,103083.0,118050.0,3250.0,3257.0,3239.8,3251.5,41862100,3576.6,2926.4,4322.95,2866.6,3248.6,1,1,3248.2,21,1,3248.1,27,3,3248.0,29,3,3247.9,24,2,3249.0,21,1,3249.1,7,1,3249.2,14,1,3249.3,6,1,3249.4,27,3
11536,2025-12-30 10:49:55+05:30,3249.0,1,3248.55,283400,103083.0,118050.0,3250.0,3257.0,3239.8,3251.5,41862100,3576.6,2926.4,4322.95,2866.6,3248.6,1,1,3248.2,21,1,3248.1,27,3,3248.0,29,3,3247.9,24,2,3249.0,21,1,3249.1,7,1,3249.2,14,1,3249.3,6,1,3249.4,27,3
11536,2025-12-30 10:49:56+05:30,3249.0,1,3248.55,283402,103254.0,118045.0,3250.0,3257.0,3239.8,3251.5,41862100,3576.6,2926.4,4322.95,2866.6,3248.9,1,1,3248.2,21,1,3248.1,26,2,3248.0,44,4,3247.9,24,2,3249.0,23,4,3249.2,14,1,3249.3,22,2,3249.4,11,2,3249.6,36,3
11536,2025-12-30 10:49:56+05:30,3249.0,1,3248.55,283402,103254.0,118045.0,3250.0,3257.0,3239.8,3251.5,41885200,3576.6,2926.4,4322.95,2866.6,3248.9,1,1,3248.2,21,1,3248.1,26,2,3248.0,44,4,3247.9,24,2,3249.0,23,4,3249.2,14,1,3249.3,22,2,3249.4,11,2,3249.6,36,3
11536,2025-12-30 10:49:57+05:30,3249.0,1,3248.55,283403,103417.0,118052.0,3250.0,3257.0,3239.8,3251.5,41885200,3576.6,2926.4,4322.95,2866.6,3248.9,1,1,3248.2,21,1,3248.1,26,2,3248.0,44,4,3247.9,24,2,3249.0,23,5,3249.2,14,1,3249.3,29,3,3249.4,4,1,3249.6,36,3
11536,2025-12-30 10:49:57+05:30,3248.9,5,3248.55,283403,103417.0,118052.0,3250.0,3257.0,3239.8,3251.5,41885200,3576.6,2926.4,4322.95,2866.6,3248.9,1,1,3248.2,21,1,3248.1,26,2,3248.0,44,4,3247.9,24,2,3249.0,23,5,3249.2,14,1,3249.3,29,3,3249.4,4,1,3249.6,36,3
11536,2025-12-30 10:49:58+05:30,3248.1,2,3248.55,283416,101822.0,118428.0,3250.0,3257.0,3239.8,3251.5,41885200,3576.6,2926.4,4322.95,2866.6,3248.1,29,2,3248.0,44,4,3247.9,67,5,3247.8,40,5,3247.7,49,5,3248.9,4,3,3249.0,20,3,3249.2,14,1,3249.3,22,2,3249.4,4,1
11536,2025-12-30 10:49:58+05:30,3248.1,6,3248.55,283416,101822.0,118428.0,3250.0,3257.0,3239.8,3251.5,41885200,3576.6,2926.4,4322.95,2866.6,3248.1,29,2,3248.0,44,4,3247.9,67,5,3247.8,40,5,3247.7,49,5,3248.9,4,3,3249.0,20,3,3249.2,14,1,3249.3,22,2,3249.4,4,1
11536,2025-12-30 10:49:58+05:30,3248.1,6,3248.55,283416,101822.0,118428.0,3250.0,3257.0,3239.8,3251.5,41885200,3576.6,2926.4,4322.95,2866.6,3248.1,29,2,3248.0,44,4,3247.9,67,5,3247.8,40,5,3247.7,49,5,3248.9,4,3,3249.0,20,3,3249.2,14,1,3249.3,22,2,3249.4,4,1
11536,2025-12-30 10:49:59+05:30,3248.1,6,3248.55,283428,101794.0,118430.0,3250.0,3257.0,3239.8,3251.5,41885200,3576.6,2926.4,4322.95,2866.6,3248.1,17,2,3248.0,44,4,3247.9,51,4,3247.8,40,5,3247.7,49,5,3248.9,7,7,3249.0,19,2,3249.1,30,2,3249.3,6,1,3249.4,4,1
11536,2025-12-30 10:49:59+05:30,3248.1,1,3248.55,283428,101794.0,118430.0,3250.0,3257.0,3239.8,3251.5,41885200,3576.6,2926.4,4322.95,2866.6,3248.1,17,2,3248.0,44,4,3247.9,51,4,3247.8,40,5,3247.7,49,5,3248.9,7,7,3249.0,19,2,3249.1,30,2,3249.3,6,1,3249.4,4,1
11536,2025-12-30 10:50:00+05:30,3248.1,1,3248.55,283436,101781.0,117730.0,3250.0,3257.0,3239.8,3251.5,41885200,3576.6,2926.4,4322.95,2866.6,3248.1,21,2,3248.0,24,3,3247.9,24,2,3247.8,33,4,3247.7,49,5,3248.9,6,6,3249.0,32,2,3249.1,16,1,3249.3,12,2,3249.4,4,1
11536,2025-12-30 10:50:00+05:30,3248.1,1,3248.55,283436,101781.0,117730.0,3250.0,3257.0,3239.8,3251.5,41885200,3576.6,2926.4,4322.95,2866.6,3248.1,21,2,3248.0,24,3,3247.9,24,2,3247.8,33,4,3247.7,49,5,3248.9,6,6,3249.0,32,2,3249.1,16,1,3249.3,12,2,3249.4,4,1
11536,2025-12-30 10:50:01+05:30,3248.9,1,3248.55,283442,101801.0,118449.0,3250.0,3257.0,3239.8,3251.5,41885200,3576.6,2926.4,4322.95,2866.6,3248.1,41,3,3248.0,24,3,3247.9,24,2,3247.8,33,4,3247.7,49,5,3248.9,4,4,3249.0,32,2,3249.1,16,1,3249.3,12,2,3249.4,4,1
11536,2025-12-30 10:50:01+05:30,3248.9,1,3248.55,283442,101801.0,118449.0,3250.0,3257.0,3239.8,3251.5,41885200,3576.6,2926.4,4322.95,2866.6,3248.1,41,3,3248.0,24,3,3247.9,24,2,3247.8,33,4,3247.7,49,5,3248.9,4,4,3249.0,32,2,3249.1,16,1,3249.3,12,2,3249.4,4,1
11536,2025-12-30 10:50:02+05:30,3248.1,1,3248.55,283442,101801.0,118449.0,3250.0,3257.0,3239.8,3251.5,41885200,3576.6,2926.4,4322.95,2866.6,3248.1,41,3,3248.0,24,3,3247.9,24,2,3247.8,33,4,3247.7,49,5,3248.9,4,4,3249.0,32,2,3249.1,16,1,3249.3,12,2,3249.4,4,1
11536,2025-12-30 10:50:02+05:30,3248.1,1,3248.55,283444,101824.0,118799.0,3250.0,3257.0,3239.8,3251.5,41885200,3576.6,2926.4,4322.95,2866.6,3248.1,36,3,3248.0,28,4,3247.9,30,3,3247.8,33,4,3247.7,65,6,3248.9,4,4,3249.0,32,2,3249.1,16,1,3249.3,12,2,3249.4,4,1
11536,2025-12-30 10:50:03+05:30,3248.1,1,3248.55,283444,101824.0,118799.0,3250.0,3257.0,3239.8,3251.5,41885200,3576.6,2926.4,4322.95,2866.6,3248.1,36,3,3248.0,28,4,3247.9,30,3,3247.8,33,4,3247.7,65,6,3248.9,4,4,3249.0,32,2,3249.1,16,1,3249.3,12,2,3249.4,4,1
11536,2025-12-30 10:50:03+05:30,3248.1,1,3248.55,283447,101821.0,117753.0,3250.0,3257.0,3239.8,3251.5,41885200,3576.6,2926.4,4322.95,2866.6,3248.1,33,3,3248.0,28,4,3247.9,30,3,3247.8,33,4,3247.7,65,6,3248.9,8,4,3249.0,32,2,3249.1,16,1,3249.3,12,2,3249.4,4,1
11536,2025-12-30 10:50:04+05:30,3248.1,1,3248.55,283447,101821.0,117753.0,3250.0,3257.0,3239.8,3251.5,41885200,3576.6,2926.4,4322.95,2866.6,3248.1,33,3,3248.0,28,4,3247.9,30,3,3247.8,33,4,3247.7,65,6,3248.9,8,4,3249.0,32,2,3249.1,16,1,3249.3,12,2,3249.4,4,1
11536,2025-12-30 10:50:04+05:30,3248.1,1,3248.54,283461,101825.0,118979.0,3250.0,3257.0,3239.8,3251.5,41885200,3576.6,2926.4,4322.95,2866.6,3248.1,41,4,3248.0,24,3,3247.9,30,3,3247.8,33,4,3247.7,65,6,3248.9,9,5,3249.0,32,2,3249.1,16,1,3249.3,12,2,3249.4,4,1
11536,2025-12-30 10:50:05+05:30,3248.1,1,3248.54,283463,101809.0,118466.0,3250.0,3257.0,3239.8,3251.5,41885200,3576.6,2926.4,4322.95,2866.6,3248.1,40,4,3248.0,24,3,3247.9,30,3,3247.8,33,4,3247.7,49,5,3248.9,9,5,3249.0,32,2,3249.1,16,1,3249.3,12,2,3249.4,4,1
11536,2025-12-30 10:50:05+05:30,3248.1,1,3248.54,283463,101809.0,118466.0,3250.0,3257.0,3239.8,3251.5,41885200,3576.6,2926.4,4322.95,2866.6,3248.1,40,4,3248.0,24,3,3247.9,30,3,3247.8,33,4,3247.7,49,5,3248.9,9,5,3249.0,32,2,3249.1,16,1,3249.3,12,2,3249.4,4,1
11536,2025-12-30 10:50:06+05:30,3248.2,4,3248.54,283467,101672.0,118470.0,3250.0,3257.0,3239.8,3251.5,41885200,3576.6,2926.4,4322.95,2866.6,3248.2,4,1,3248.1,36,3,3248.0,24,3,3247.9,24,2,3247.8,33,4,3248.9,8,4,3249.0,32,2,3249.1,22,2,3249.3,6,1,3249.4,10,2
11536,2025-12-30 10:50:06+05:30,3248.2,4,3248.54,283467,101672.0,118470.0,3250.0,3257.0,3239.8,3251.5,41885200,3576.6,2926.4,4322.95,2866.6,3248.2,4,1,3248.1,36,3,3248.0,24,3,3247.9,24,2,3247.8,33,4,3248.9,8,4,3249.0,32,2,3249.1,22,2,3249.3,6,1,3249.4,10,2
11536,2025-12-30 10:50:07+05:30,3248.2,2,3248.54,283471,101807.0,118454.0,3250.0,3257.0,3239.8,3251.5,41885200,3576.6,2926.4,4322.95,2866.6,3248.2,4,1,3248.1,36,3,3248.0,24,3,3247.9,24,2,3247.8,39,5,3248.9,10,6,3249.0,14,1,3249.1,16,1,3249.3,12,2,3249.4,4,1
11536,2025-12-30 10:50:07+05:30,3248.2,2,3248.54,283471,101807.0,118454.0,3250.0,3257.0,3239.8,3251.5,41885200,3576.6,2926.4,4322.95,2866.6,3248.2,4,1,3248.1,36,3,3248.0,24,3,3247.9,24,2,3247.8,39,5,3248.9,10,6,3249.0,14,1,3249.1,16,1,3249.3,12,2,3249.4,4,1
11536,2025-12-30 10:50:08+05:30,3248.9,5,3248.54,283523,101814.0,118991.0,3250.0,3257.0,3239.8,3251.5,41885200,3576.6,2926.4,4322.95,2866.6,3248.1,43,4,3248.0,24,3,3247.9,30,3,3247.8,33,4,3247.7,45,4,3248.9,15,8,3249.0,16,1,3249.3,6,1,3249.4,10,2,3249.5,81,3
11536,2025-12-30 10:50:08+05:30,3248.9,5,3248.54,283523,101814.0,118991.0,3250.0,3257.0,3239.8,3251.5,41885200,3576.6,2926.4,4322.95,2866.6,3248.1,43,4,3248.0,24,3,3247.9,30,3,3247.8,33,4,3247.7,45,4,3248.9,15,8,3249.0,16,1,3249.3,6,1,3249.4,10,2,3249.5,81,3
11536,2025-12-30 10:50:09+05:30,3248.1,3,3248.54,283530,101790.0,118654.0,3250.0,3257.0,3239.8,3251.5,41885200,3576.6,2926.4,4322.95,2866.6,3248.1,36,2,3248.0,24,3,3247.9,2,1,3247.8,33,4,3247.7,45,4,3248.9,37,12,3249.0,16,1,3249.3,6,1,3249.4,10,2,3249.5,81,3
11536,2025-12-30 10:50:09+05:30,3248.1,3,3248.54,283530,101790.0,118654.0,3250.0,3257.0,3239.8,3251.5,41885200,3576.6,2926.4,4322.95,2866.6,3248.1,36,2,3248.0,24,3,3247.9,2,1,3247.8,33,4,3247.7,45,4,3248.9,37,12,3249.0,16,1,3249.3,6,1,3249.4,10,2,3249.5,81,3
11536,2025-12-30 10:50:10+05:30,3248.1,1,3248.54,283575,101784.0,118647.0,3250.0,3257.0,3239.8,3251.5,41885200,3576.6,2926.4,4322.95,2866.6,3248.1,25,2,3248.0,40,4,3247.9,2,1,3247.8,59,6,3247.7,45,4,3248.9,10,7,3249.0,16,1,3249.2,13,1,3249.3,6,1,3249.4,10,2
11536,2025-12-30 10:50:10+05:30,3248.1,4,3248.54,283575,101784.0,118647.0,3250.0,3257.0,3239.8,3251.5,41885200,3576.6,2926.4,4322.95,2866.6,3248.1,25,2,3248.0,40,4,3247.9,2,1,3247.8,59,6,3247.7,45,4,3248.9,10,7,3249.0,16,1,3249.2,13,1,3249.3,6,1,3249.4,10,2
11536,2025-12-30 10:50:11+05:30,3248.1,1,3248.54,283585,101792.0,118551.0,3250.0,3257.0,3239.8,3251.5,41885200,3576.6,2926.4,4322.95,2866.6,3248.1,33,2,3248.0,40,4,3247.9,2,1,3247.8,59,6,3247.7,45,4,3248.9,12,9,3249.0,16,1,3249.2,13,1,3249.3,6,1,3249.4,10,2
11536,2025-12-30 10:50:11+05:30,3248.1,2,3248.54,283585,101792.0,118551.0,3250.0,3257.0,3239.8,3251.5,41885200,3576.6,2926.4,4322.95,2866.6,3248.1,33,2,3248.0,40,4,3247.9,2,1,3247.8,59,6,3247.7,45,4,3248.9,12,9,3249.0,16,1,3249.2,13,1,3249.3,6,1,3249.4,10,2
11536,2025-12-30 10:50:12+05:30,3248.1,2,3248.54,283602,101775.0,118550.0,3250.0,3257.0,3239.8,3251.5,41885200,3576.6,2926.4,4322.95,2866.6,3248.1,16,1,3248.0,40,4,3247.9,8,2,3247.8,53,5,3247.7,45,4,3248.9,11,9,3249.0,16,1,3249.2,13,1,3249.3,6,1,3249.4,10,2
11536,2025-12-30 10:50:12+05:30,3248.9,1,3248.54,283602,101775.0,118550.0,3250.0,3257.0,3239.8,3251.5,41885200,3576.6,2926.4,4322.95,2866.6,3248.1,16,1,3248.0,40,4,3247.9,8,2,3247.8,53,5,3247.7,45,4,3248.9,11,9,3249.0,16,1,3249.2,13,1,3249.3,6,1,3249.4,10,2
11536,2025-12-30 10:50:13+05:30,3248.1,1,3248.54,283620,101789.0,118891.0,3250.0,3257.0,3239.8,3251.5,41885200,3576.6,2926.4,4322.95,2866.6,3248.1,9,1,3248.0,46,5,3247.9,2,1,3247.8,59,6,3247.7,60,5,3248.9,6,6,3249.0,16,1,3249.2,13,1,3249.3,6,1,3249.4,10,2
11536,2025-12-30 10:50:13+05:30,3248.1,1,3248.54,283620,101789.0,118891.0,3250.0,3257.0,3239.8,3251.5,41885200,3576.6,2926.4,4322.95,2866.6,3248.1,9,1,3248.0,46,5,3247.9,2,1,3247.8,59,6,3247.7,60,5,3248.9,6,6,3249.0,16,1,3249.2,13,1,3249.3,6,1,3249.4,10,2
11536,2025-12-30 10:50:14+05:30,3248.1,3,3248.54,283625,101617.0,118893.0,3250.0,3257.0,3239.8,3251.5,41885200,3576.6,2926.4,4322.95,2866.6,3248.1,11,2,3248.0,24,3,3247.9,16,2,3247.8,33,4,3247.7,45,4,3248.9,21,9,3249.0,16,1,3249.3,12,2,3249.4,4,1,3249.5,75,3
11536,2025-12-30 10:50:14+05:30,3248.1,3,3248.54,283625,101617.0,118893.0,3250.0,3257.0,3239.8,3251.5,41885200,3576.6,2926.4,4322.95,2866.6,3248.1,11,2,3248.0,24,3,3247.9,16,2,3247.8,33,4,3247.7,45,4,3248.9,21,9,3249.0,16,1,3249.3,12,2,3249.4,4,1,3249.5,75,3
11536,2025-12-30 10:50:15+05:30,3248.9,1,3248.54,283631,101772.0,118913.0,3250.0,3257.0,3239.8,3251.5,41885200,3576.6,2926.4,4322.95,2866.6,3248.1,6,2,3248.0,24,3,3247.9,16,2,3247.8,33,4,3247.7,45,4,3248.9,19,7,3249.0,16,1,3249.3,12,2,3249.4,4,1,3249.5,78,4
11536,2025-12-30 10:50:15+05:30,3248.1,1,3248.54,283631,101772.0,118913.0,3250.0,3257.0,3239.8,3251.5,41885200,3576.6,2926.4,4322.95,2866.6,3248.1,6,2,3248.0,24,3,3247.9,16,2,3247.8,33,4,3247.7,45,4,3248.9,19,7,3249.0,16,1,3249.3,12,2,3249.4,4,1,3249.5,78,4
11536,2025-12-30 10:50:16+05:30,3248.1,1,3248.54,283635,101786.0,118912.0,3250.0,3257.0,3239.8,3251.5,41885200,3576.6,2926.4,4322.95,2866.6,3248.1,16,1,3248.0,28,4,3247.9,16,2,3247.8,33,4,3247.7,45,4,3248.9,18,6,3249.0,16,1,3249.1,6,1,3249.3,6,1,3249.4,10,2
11536,2025-12-30 10:50:16+05:30,3248.9,1,3248.54,283635,101786.0,118912.0,3250.0,3257.0,3239.8,3251.5,41885200,3576.6,2926.4,4322.95,2866.6,3248.1,16,1,3248.0,28,4,3247.9,16,2,3247.8,33,4,3247.7,45,4,3248.9,18,6,3249.0,16,1,3249.1,6,1,3249.3,6,1,3249.4,10,2
11536,2025-12-30 10:50:17+05:30,3248.1,1,3248.54,283641,102044.0,118882.0,3250.0,3257.0,3239.8,3251.5,41885200,3576.6,2926.4,4322.95,2866.6,3248.1,12,1,3248.0,28,4,3247.9,16,2,3247.8,33,4,3247.7,209,5,3248.9,5,5,3249.0,16,1,3249.2,13,1,3249.3,6,1,3249.4,10,2
11536,2025-12-30 10:50:17+05:30,3248.1,1,3248.54,283641,102044.0,118882.0,3250.0,3257.0,3239.8,3251.5,41885200,3576.6,2926.4,4322.95,2866.6,3248.1,12,1,3248.0,28,4,3247.9,16,2,3247.8,33,4,3247.7,209,5,3248.9,5,5,3249.0,16,1,3249.2,13,1,3249.3,6,1,3249.4,10,2
11536,2025-12-30 10:50:18+05:30,3248.1,7,3248.54,283649,102040.0,118880.0,3250.0,3257.0,3239.8,3251.5,41885200,3576.6,2926.4,4322.95,2866.6,3248.1,8,2,3248.0,24,3,3247.9,16,2,3247.8,33,4,3247.7,214,6,3248.9,5,5,3249.0,16,1,3249.1,13,1,3249.2,5,1,3249.3,6,1
11536,2025-12-30 10:50:18+05:30,3248.1,1,3248.54,283649,102040.0,118880.0,3250.0,3257.0,3239.8,3251.5,41885200,3576.6,2926.4,4322.95,2866.6,3248.1,8,2,3248.0,24,3,3247.9,16,2,3247.8,33,4,3247.7,214,6,3248.9,5,5,3249.0,16,1,3249.1,13,1,3249.2,5,1,3249.3,6,1
11536,2025-12-30 10:50:19+05:30,3248.9,1,3248.54,283655,102033.0,118884.0,3250.0,3257.0,3239.8,3251.5,41885200,3576.6,2926.4,4322.95,2866.6,3248.1,6,2,3248.0,24,3,3247.9,16,2,3247.8,33,4,3247.7,209,5,3248.9,17,5,3249.0,16,1,3249.2,5,1,3249.3,6,1,3249.4,9,2
11536,2025-12-30 10:50:19+05:30,3248.9,1,3248.54,283655,102033.0,118884.0,3250.0,3257.0,3239.8,3251.5,41885200,3576.6,2926.4,4322.95,2866.6,3248.1,6,2,3248.0,24,3,3247.9,16,2,3247.8,33,4,3247.7,209,5,3248.9,17,5,3249.0,16,1,3249.2,5,1,3249.3,6,1,3249.4,9,2
11536,2025-12-30 10:50:20+05:30,3248.9,1,3248.54,283656,102033.0,118876.0,3250.0,3257.0,3239.8,3251.5,41885200,3576.6,2926.4,4322.95,2866.6,3248.2,4,1,3248.1,2,1,3248.0,24,3,3247.9,16,2,3247.8,33,4,3248.9,18,6,3249.0,16,1,3249.1,5,1,3249.3,6,1,3249.4,9,2
11536,2025-12-30 10:50:20+05:30,3248.2,1,3248.54,283656,102033.0,118876.0,3250.0,3257.0,3239.8,3251.5,41885200,3576.6,2926.4,4322.95,2866.6,3248.2,4,1,3248.1,2,1,3248.0,24,3,3247.9,16,2,3247.8,33,4,3248.9,18,6,3249.0,16,1,3249.1,5,1,3249.3,6,1,3249.4,9,2
11536,2025-12-30 10:50:21+05:30,3248.2,1,3248.54,283659,102027.0,118878.0,3250.0,3257.0,3239.8,3251.5,41885200,3576.6,2926.4,4322.95,2866.6,3248.2,1,1,3248.1,2,1,3248.0,24,3,3247.9,16,2,3247.8,33,4,3248.9,15,3,3249.0,16,1,3249.2,5,1,3249.3,6,1,3249.4,9,2
11536,2025-12-30 10:50:21+05:30,3248.2,1,3248.54,283659,102027.0,118878.0,3250.0,3257.0,3239.8,3251.5,41885200,3576.6,2926.4,4322.95,2866.6,3248.2,1,1,3248.1,2,1,3248.0,24,3,3247.9,16,2,3247.8,33,4,3248.9,15,3,3249.0,16,1,3249.2,5,1,3249.3,6,1,3249.4,9,2
11536,2025-12-30 10:50:22+05:30,3248.5,1,3248.54,283663,102675.0,118830.0,3250.0,3257.0,3239.8,3251.5,41885200,3576.6,2926.4,4322.95,2866.6,3248.5,3,1,3248.1,2,1,3248.0,24,3,3247.9,16,2,3247.8,33,4,3248.9,14,3,3249.0,16,1,3249.1,5,1,3249.3,6,1,3249.4,9,2
11536,2025-12-30 10:50:22+05:30,3248.5,1,3248.54,283663,102675.0,118830.0,3250.0,3257.0,3239.8,3251.5,41885200,3576.6,2926.4,4322.95,2866.6,3248.5,3,1,3248.1,2,1,3248.0,24,3,3247.9,16,2,3247.8,33,4,3248.9,14,3,3249.0,16,1,3249.1,5,1,3249.3,6,1,3249.4,9,2
11536,2025-12-30 10:50:23+05:30,3248.5,1,3248.54,283664,102696.0,118661.0,3250.0,3257.0,3239.8,3251.5,41885200,3576.6,2926.4,4322.95,2866.6,3248.5,2,1,3248.1,2,1,3248.0,24,3,3247.9,16,2,3247.8,33,4,3248.9,15,4,3249.0,16,1,3249.1,5,1,3249.3,6,1,3249.4,9,2
11536,2025-12-30 10:50:23+05:30,3248.5,1,3248.54,283664,102696.0,118661.0,3250.0,3257.0,3239.8,3251.5,41885200,3576.6,2926.4,4322.95,2866.6,3248.5,2,1,3248.1,2,1,3248.0,24,3,3247.9,16,2,3247.8,33,4,3248.9,15,4,3249.0,16,1,3249.1,5,1,3249.3,6,1,3249.4,9,2
11536,2025-12-30 10:50:24+05:30,3248.5,1,3248.54,283665,103531.0,118298.0,3250.0,3257.0,3239.8,3251.5,41885200,3576.6,2926.4,4322.95,2866.6,3248.8,1,1,3248.1,2,1,3248.0,45,4,3247.9,16,2,3247.8,33,4,3248.9,3,3,3249.0,28,2,3249.1,5,1,3249.3,6,1,3249.4,9,2
11536,2025-12-30 10:50:24+05:30,3248.8,1,3248.54,283665,103531.0,118298.0,3250.0,3257.0,3239.8,3251.5,41885200,3576.6,2926.4,4322.95,2866.6,3248.8,1,1,3248.1,2,1,3248.0,45,4,3247.9,16,2,3247.8,33,4,3248.9,3,3,3249.0,28,2,3249.1,5,1,3249.3,6,1,3249.4,9,2
11536,2025-12-30 10:50:25+05:30,3248.9,5,3248.54,283673,103745.0,118346.0,3250.0,3257.0,3239.8,3251.5,41885200,3576.6,2926.4,4322.95,2866.6,3248.9,5,2,3248.8,4,1,3248.1,2,1,3248.0,45,4,3247.9,16,2,3249.0,35,5,3249.2,5,1,3249.3,6,1,3249.4,9,2,3249.5,14,1
11536,2025-12-30 10:50:25+05:30,3248.9,5,3248.54,283673,103745.0,118346.0,3250.0,3257.0,3239.8,3251.5,41885200,3576.6,2926.4,4322.95,2866.6,3248.9,5,2,3248.8,4,1,3248.1,2,1,3248.0,45,4,3247.9,16,2,3249.0,35,5,3249.2,5,1,3249.3,6,1,3249.4,9,2,3249.5,14,1
11536,2025-12-30 10:50:26+05:30,3248.9,5,3248.54,283683,103686.0,118399.0,3250.0,3257.0,3239.8,3251.5,41885200,3576.6,2926.4,4322.95,2866.6,3248.9,8,2,3248.1,2,1,3248.0,45,4,3247.9,16,2,3247.8,33,4,3249.0,37,7,3249.2,5,1,3249.3,9,2,3249.4,5,1,3249.5,14,1
11536,2025-12-30 10:50:26+05:30,3248.9,5,3248.54,283683,103686.0,118399.0,3250.0,3257.0,3239.8,3251.5,41885200,3576.6,2926.4,4322.95,2866.6,3248.9,8,2,3248.1,2,1,3248.0,45,4,3247.9,16,2,3247.8,33,4,3249.0,37,7,3249.2,5,1,3249.3,9,2,3249.4,5,1,3249.5,14,1
11536,2025-12-30 10:50:27+05:30,3248.9,2,3248.54,283704,103680.0,118347.0,3250.0,3257.0,3239.8,3251.5,41885200,3576.6,2926.4,4322.95,2866.6,3248.9,2,1,3248.1,2,1,3248.0,45,4,3247.9,16,2,3247.8,33,4,3249.0,19,7,3249.2,5,1,3249.3,23,3,3249.4,5,1,3249.5,14,1
11536,2025-12-30 10:50:27+05:30,3248.9,2,3248.54,283704,103680.0,118347.0,3250.0,3257.0,3239.8,3251.5,41885200,3576.6,2926.4,4322.95,2866.6,3248.9,2,1,3248.1,2,1,3248.0,45,4,3247.9,16,2,3247.8,33,4,3249.0,19,7,3249.2,5,1,3249.3,23,3,3249.4,5,1,3249.5,14,1
11536,2025-12-30 10:50:29+05:30,3248.9,1,3248.54,283704,103680.0,118347.0,3250.0,3257.0,3239.8,3251.5,41885200,3576.6,2926.4,4322.95,2866.6,3248.9,2,1,3248.1,2,1,3248.0,45,4,3247.9,16,2,3247.8,33,4,3249.0,19,7,3249.2,5,1,3249.3,23,3,3249.4,5,1,3249.5,14,1
11536,2025-12-30 10:50:29+05:30,3248.9,1,3248.55,283735,103074.0,118708.0,3250.0,3257.0,3239.8,3251.5,41885200,3576.6,2926.4,4322.95,2866.6,3248.9,4,1,3248.1,2,1,3248.0,45,4,3247.9,2,1,3247.8,98,6,3249.0,12,7,3249.1,14,1,3249.2,8,2,3249.3,6,1,3249.4,5,1
11536,2025-12-30 10:50:32+05:30,3248.1,3,3248.55,283735,103074.0,118708.0,3250.0,3257.0,3239.8,3251.5,41885200,3576.6,2926.4,4322.95,2866.6,3248.9,4,1,3248.1,2,1,3248.0,45,4,3247.9,2,1,3247.8,98,6,3249.0,12,7,3249.1,14,1,3249.2,8,2,3249.3,6,1,3249.4,5,1
11536,2025-12-30 10:50:34+05:30,3249.0,6,3248.55,283777,103480.0,119335.0,3250.0,3257.0,3239.8,3251.5,41885200,3576.6,2926.4,4322.95,2866.6,3248.9,52,1,3248.1,10,1,3248.0,47,5,3247.9,2,1,3247.8,82,5,3249.0,40,6,3249.2,8,2,3249.3,6,1,3249.4,5,1,3249.5,42,3
11536,2025-12-30 10:50:34+05:30,3249.0,6,3248.55,283777,103480.0,119335.0,3250.0,3257.0,3239.8,3251.5,41885200,3576.6,2926.4,4322.95,2866.6,3248.9,52,1,3248.1,10,1,3248.0,47,5,3247.9,2,1,3247.8,82,5,3249.0,40,6,3249.2,8,2,3249.3,6,1,3249.4,5,1,3249.5,42,3
11536,2025-12-30 10:50:37+05:30,3248.9,1,3248.55,283777,103480.0,119335.0,3250.0,3257.0,3239.8,3251.5,41885200,3576.6,2926.4,4322.95,2866.6,3248.9,52,1,3248.1,10,1,3248.0,47,5,3247.9,2,1,3247.8,82,5,3249.0,40,6,3249.2,8,2,3249.3,6,1,3249.4,5,1,3249.5,42,3
11536,2025-12-30 10:50:38+05:30,3248.9,2,3248.55,283855,102144.0,119339.0,3250.0,3257.0,3239.8,3251.5,41885200,3576.6,2926.4,4322.95,2866.6,3248.9,4,1,3248.1,10,1,3248.0,67,6,3247.9,2,1,3247.8,54,4,3249.0,24,8,3249.1,12,1,3249.2,5,1,3249.3,9,2,3249.4,5,1
11536,2025-12-30 10:50:41+05:30,3248.9,50,3248.55,283855,102144.0,119339.0,3250.0,3257.0,3239.8,3251.5,41885200,3576.6,2926.4,4322.95,2866.6,3248.9,4,1,3248.1,10,1,3248.0,67,6,3247.9,2,1,3247.8,54,4,3249.0,24,8,3249.1,12,1,3249.2,5,1,3249.3,9,2,3249.4,5,1
11536,2025-12-30 10:50:43+05:30,3248.1,19,3248.55,284012,102440.0,119568.0,3250.0,3257.0,3239.8,3251.5,41885200,3576.6,2926.4,4322.95,2866.6,3248.1,10,1,3248.0,25,4,3247.9,24,2,3247.8,32,3,3247.7,20,3,3248.9,31,9,3249.0,1,1,3249.2,5,1,3249.3,9,2,3249.4,7,2
11536,2025-12-30 10:50:44+05:30,3248.0,3,3248.55,284012,102440.0,119568.0,3250.0,3257.0,3239.8,3251.5,41885200,3576.6,2926.4,4322.95,2866.6,3248.1,10,1,3248.0,25,4,3247.9,24,2,3247.8,32,3,3247.7,20,3,3248.9,31,9,3249.0,1,1,3249.2,5,1,3249.3,9,2,3249.4,7,2
11536,2025-12-30 10:50:47+05:30,3248.0,1,3248.55,284012,102440.0,119568.0,3250.0,3257.0,3239.8,3251.5,41885200,3576.6,2926.4,4322.95,2866.6,3248.1,10,1,3248.0,25,4,3247.9,24,2,3247.8,32,3,3247.7,20,3,3248.9,31,9,3249.0,1,1,3249.2,5,1,3249.3,9,2,3249.4,7,2
11536,2025-12-30 10:50:47+05:30,3248.0,4,3248.55,284114,101620.0,119762.0,3250.0,3257.0,3239.8,3251.5,41885200,3576.6,2926.4,4322.95,2866.6,3247.9,5,2,3247.8,11,2,3247.7,17,2,3247.6,58,5,3247.5,231,7,3248.8,15,5,3248.9,16,4,3249.2,5,1,3249.3,28,2,3249.4,5,1
11536,2025-12-30 10:50:49+05:30,3247.9,3,3248.55,284114,101620.0,119762.0,3250.0,3257.0,3239.8,3251.5,41885200,3576.6,2926.4,4322.95,2866.6,3247.9,5,2,3247.8,11,2,3247.7,17,2,3247.6,58,5,3247.5,231,7,3248.8,15,5,3248.9,16,4,3249.2,5,1,3249.3,28,2,3249.4,5,1
11536,2025-12-30 10:50:52+05:30,3248.9,5,3248.54,284183,101659.0,119166.0,3250.0,3257.0,3239.8,3251.5,41885200,3576.6,2926.4,4322.95,2866.6,3247.9,60,3,3247.8,43,4,3247.7,4,1,3247.6,220,5,3247.5,107,8,3249.1,25,4,3249.2,3,1,3249.3,11,2,3249.4,3,1,3249.5,26,2
11536,2025-12-30 10:50:53+05:30,3247.9,7,3248.54,284183,101659.0,119166.0,3250.0,3257.0,3239.8,3251.5,41885200,3576.6,2926.4,4322.95,2866.6,3247.9,60,3,3247.8,43,4,3247.7,4,1,3247.6,220,5,3247.5,107,8,3249.1,25,4,3249.2,3,1,3249.3,11,2,3249.4,3,1,3249.5,26,2
11536,2025-12-30 10:50:55+05:30,3248.2,1,3248.54,284183,101659.0,119166.0,3250.0,3257.0,3239.8,3251.5,41885200,3576.6,2926.4,4322.95,2866.6,3247.9,60,3,3247.8,43,4,3247.7,4,1,3247.6,220,5,3247.5,107,8,3249.1,25,4,3249.2,3,1,3249.3,11,2,3249.4,3,1,3249.5,26,2
11536,2025-12-30 10:50:57+05:30,3248.5,7,3248.54,284223,103554.0,118821.0,3250.0,3257.0,3239.8,3251.5,41885200,3576.6,2926.4,4322.95,2866.6,3248.5,6,1,3248.2,41,4,3248.1,9,2,3248.0,195,6,3247.9,137,6,3249.1,16,3,3249.3,6,1,3249.4,23,2,3249.5,12,1,3249.6,28,2
11536,2025-12-30 10:50:59+05:30,3249.0,2,3248.54,284223,103554.0,118821.0,3250.0,3257.0,3239.8,3251.5,41885200,3576.6,2926.4,4322.95,2866.6,3248.5,6,1,3248.2,41,4,3248.1,9,2,3248.0,195,6,3247.9,137,6,3249.1,16,3,3249.3,6,1,3249.4,23,2,3249.5,12,1,3249.6,28,2
11536,2025-12-30 10:51:02+05:30,3249.1,8,3248.55,284291,105093.0,115523.0,3250.0,3257.0,3239.8,3251.5,41885200,3576.6,2926.4,4322.95,2866.6,3249.1,32,6,3249.0,7,1,3248.9,7,1,3248.8,22,4,3248.7,7,1,3249.3,9,3,3249.6,25,1,3249.9,1,1,3250.0,479,5,3250.3,17,3
11536,2025-12-30 10:51:02+05:30,3249.1,8,3248.55,284291,105093.0,115523.0,3250.0,3257.0,3239.8,3251.5,41885200,3576.6,2926.4,4322.95,2866.6,3249.1,32,6,3249.0,7,1,3248.9,7,1,3248.8,22,4,3248.7,7,1,3249.3,9,3,3249.6,25,1,3249.9,1,1,3250.0,479,5,3250.3,17,3
11536,2025-12-30 10:51:05+05:30,3249.3,1,3248.55,284291,105093.0,115523.0,3250.0,3257.0,3239.8,3251.5,41885200,3576.6,2926.4,4322.95,2866.6,3249.1,32,6,3249.0,7,1,3248.9,7,1,3248.8,22,4,3248.7,7,1,3249.3,9,3,3249.6,25,1,3249.9,1,1,3250.0,479,5,3250.3,17,3
11536,2025-12-30 10:51:07+05:30,3249.1,1,3248.55,284340,104195.0,115493.0,3250.0,3257.0,3239.8,3251.5,41885200,3576.6,2926.4,4322.95,2866.6,3249.1,123,3,3248.9,22,1,3248.8,14,2,3248.7,18,2,3248.6,41,5,3249.3,3,3,3249.6,25,1,3249.9,1,1,3250.0,479,5,3250.3,14,2
11536,2025-12-30 10:51:08+05:30,3249.2,1,3248.55,284340,104195.0,115493.0,3250.0,3257.0,3239.8,3251.5,41885200,3576.6,2926.4,4322.95,2866.6,3249.1,123,3,3248.9,22,1,3248.8,14,2,3248.7,18,2,3248.6,41,5,3249.3,3,3,3249.6,25,1,3249.9,1,1,3250.0,479,5,3250.3,14,2
11536,2025-12-30 10:51:11+05:30,3249.1,8,3248.55,284340,104195.0,115493.0,3250.0,3257.0,3239.8,3251.5,41885200,3576.6,2926.4,4322.95,2866.6,3249.1,123,3,3248.9,22,1,3248.8,14,2,3248.7,18,2,3248.6,41,5,3249.3,3,3,3249.6,25,1,3249.9,1,1,3250.0,479,5,3250.3,14,2
11536,2025-12-30 10:51:12+05:30,3249.1,12,3248.55,284437,105124.0,117368.0,3250.0,3257.0,3239.8,3251.5,41885200,3576.6,2926.4,4322.95,2866.6,3249.1,145,3,3249.0,11,2,3248.9,3,2,3248.6,2,1,3248.5,1,1,3249.3,14,5,3249.5,13,1,3249.6,21,6,3249.7,23,2,3249.8,7,2
11536,2025-12-30 10:51:13+05:30,3249.1,1,3248.55,284437,105124.0,117368.0,3250.0,3257.0,3239.8,3251.5,41885200,3576.6,2926.4,4322.95,2866.6,3249.1,145,3,3249.0,11,2,3248.9,3,2,3248.6,2,1,3248.5,1,1,3249.3,14,5,3249.5,13,1,3249.6,21,6,3249.7,23,2,3249.8,7,2
11536,2025-12-30 10:51:17+05:30,3249.3,1,3248.55,284437,105124.0,117368.0,3250.0,3257.0,3239.8,3251.5,41885200,3576.6,2926.4,4322.95,2866.6,3249.1,145,3,3249.0,11,2,3248.9,3,2,3248.6,2,1,3248.5,1,1,3249.3,14,5,3249.5,13,1,3249.6,21,6,3249.7,23,2,3249.8,7,2
11536,2025-12-30 10:51:17+05:30,3249.3,1,3248.55,284495,104722.0,117752.0,3250.0,3257.0,3239.8,3251.5,41885200,3576.6,2926.4,4322.95,2866.6,3249.2,1,1,3249.1,120,3,3249.0,10,1,3248.9,3,2,3248.6,2,1,3249.3,4,4,3249.4,7,2,3249.5,13,1,3249.6,32,5,3249.7,2,1
11536,2025-12-30 10:51:20+05:30,3249.9,10,3248.55,284495,104722.0,117752.0,3250.0,3257.0,3239.8,3251.5,41885200,3576.6,2926.4,4322.95,2866.6,3249.2,1,1,3249.1,120,3,3249.0,10,1,3248.9,3,2,3248.6,2,1,3249.3,4,4,3249.4,7,2,3249.5,13,1,3249.6,32,5,3249.7,2,1
11536,2025-12-30 10:51:22+05:30,3249.2,37,3248.55,284495,104722.0,117752.0,3250.0,3257.0,3239.8,3251.5,41885200,3576.6,2926.4,4322.95,2866.6,3249.2,1,1,3249.1,120,3,3249.0,10,1,3248.9,3,2,3248.6,2,1,3249.3,4,4,3249.4,7,2,3249.5,13,1,3249.6,32,5,3249.7,2,1
11536,2025-12-30 10:51:22+05:30,3249.2,37,3248.55,284686,104883.0,119065.0,3250.0,3257.0,3239.8,3251.5,41885200,3576.6,2926.4,4322.95,2866.6,3249.2,177,2,3249.1,117,4,3249.0,10,1,3248.9,3,2,3248.7,150,1,3249.3,70,7,3249.4,3,1,3249.5,15,1,3249.6,12,3,3249.7,5,1
11536,2025-12-30 10:51:26+05:30,3249.3,1,3248.55,284686,104883.0,119065.0,3250.0,3257.0,3239.8,3251.5,41885200,3576.6,2926.4,4322.95,2866.6,3249.2,177,2,3249.1,117,4,3249.0,10,1,3248.9,3,2,3248.7,150,1,3249.3,70,7,3249.4,3,1,3249.5,15,1,3249.6,12,3,3249.7,5,1
11536,2025-12-30 10:51:27+05:30,3249.3,1,3248.55,284835,105011.0,118929.0,3250.0,3257.0,3239.8,3251.5,41885200,3576.6,2926.4,4322.95,2866.6,3249.2,81,1,3249.1,124,5,3249.0,10,1,3248.9,3,2,3248.7,150,1,3249.3,9,8,3249.7,5,1,3249.8,33,3,3249.9,13,2,3250.0,499,9
11536,2025-12-30 10:51:28+05:30,3249.2,3,3248.55,284835,105011.0,118929.0,3250.0,3257.0,3239.8,3251.5,41885200,3576.6,2926.4,4322.95,2866.6,3249.2,81,1,3249.1,124,5,3249.0,10,1,3248.9,3,2,3248.7,150,1,3249.3,9,8,3249.7,5,1,3249.8,33,3,3249.9,13,2,3250.0,499,9
11536,2025-12-30 10:51:28+05:30,3249.2,6,3248.55,284877,105023.0,118932.0,3250.0,3257.0,3239.8,3251.5,41885200,3576.6,2926.4,4322.95,2866.6,3249.2,47,2,3249.1,117,4,3249.0,10,1,3248.9,3,2,3248.7,150,1,3249.3,15,11,3249.5,13,1,3249.6,20,2,3249.7,8,2,3249.8,5,1
11536,2025-12-30 10:51:29+05:30,3249.2,2,3248.55,284877,105023.0,118932.0,3250.0,3257.0,3239.8,3251.5,41885200,3576.6,2926.4,4322.95,2866.6,3249.2,47,2,3249.1,117,4,3249.0,10,1,3248.9,3,2,3248.7,150,1,3249.3,15,11,3249.5,13,1,3249.6,20,2,3249.7,8,2,3249.8,5,1
11536,2025-12-30 10:51:29+05:30,3249.3,1,3248.55,284920,105319.0,119115.0,3250.0,3257.0,3239.8,3251.5,41885200,3576.6,2926.4,4322.95,2866.6,3249.3,3,1,3249.2,29,1,3249.1,117,4,3249.0,10,1,3248.9,3,2,3249.5,13,1,3249.6,20,3,3249.7,19,2,3249.8,39,3,3249.9,19,3
11536,2025-12-30 10:51:30+05:30,3249.3,1,3248.55,284920,105319.0,119115.0,3250.0,3257.0,3239.8,3251.5,41885200,3576.6,2926.4,4322.95,2866.6,3249.3,3,1,3249.2,29,1,3249.1,117,4,3249.0,10,1,3248.9,3,2,3249.5,13,1,3249.6,20,3,3249.7,19,2,3249.8,39,3,3249.9,19,3
11536,2025-12-30 10:51:30+05:30,3249.3,1,3248.55,284920,105876.0,119138.0,3250.0,3257.0,3239.8,3251.5,41885200,3576.6,2926.4,4322.95,2866.6,3249.3,100,3,3249.2,30,2,3249.1,117,4,3249.0,10,1,3248.9,3,2,3249.5,8,3,3249.6,3,1,3249.7,14,1,3249.8,38,3,3249.9,19,3
11536,2025-12-30 10:51:31+05:30,3249.5,2,3248.55,284920,105876.0,119138.0,3250.0,3257.0,3239.8,3251.5,41885200,3576.6,2926.4,4322.95,2866.6,3249.3,100,3,3249.2,30,2,3249.1,117,4,3249.0,10,1,3248.9,3,2,3249.5,8,3,3249.6,3,1,3249.7,14,1,3249.8,38,3,3249.9,19,3
11536,2025-12-30 10:51:31+05:30,3249.4,11,3248.55,284933,106540.0,119022.0,3250.0,3257.0,3239.8,3251.5,41885200,3576.6,2926.4,4322.95,2866.6,3249.4,7,1,3249.3,297,3,3249.2,30,2,3249.1,117,4,3249.0,10,1,3249.5,1,1,3249.9,7,1,3250.0,503,7,3250.1,32,3,3250.2,30,3
11536,2025-12-30 10:51:32+05:30,3249.4,11,3248.55,284933,106540.0,119022.0,3250.0,3257.0,3239.8,3251.5,41885200,3576.6,2926.4,4322.95,2866.6,3249.4,7,1,3249.3,297,3,3249.2,30,2,3249.1,117,4,3249.0,10,1,3249.5,1,1,3249.9,7,1,3250.0,503,7,3250.1,32,3,3250.2,30,3
11536,2025-12-30 10:51:32+05:30,3249.4,1,3248.55,284941,106544.0,118983.0,3250.0,3257.0,3239.8,3251.5,41885200,3576.6,2926.4,4322.95,2866.6,3249.4,8,2,3249.3,297,3,3249.2,35,3,3249.1,117,4,3249.0,16,3,3249.5,2,2,3250.0,493,6,3250.1,9,2,3250.2,30,3,3250.3,46,5
11536,2025-12-30 10:51:33+05:30,3249.4,1,3248.55,284941,106544.0,118983.0,3250.0,3257.0,3239.8,3251.5,41885200,3576.6,2926.4,4322.95,2866.6,3249.4,8,2,3249.3,297,3,3249.2,35,3,3249.1,117,4,3249.0,16,3,3249.5,2,2,3250.0,493,6,3250.1,9,2,3250.2,30,3,3250.3,46,5
11536,2025-12-30 10:51:34+05:30,3249.4,4,3248.55,284945,106530.0,119020.0,3250.0,3257.0,3239.8,3251.5,41885200,3576.6,2926.4,4322.95,2866.6,3249.4,4,2,3249.3,307,4,3249.2,35,3,3249.1,117,4,3249.0,6,2,3249.5,3,3,3249.8,5,1,3249.9,14,1,3250.0,500,7,3250.1,9,2
11536,2025-12-30 10:51:34+05:30,3249.4,4,3248.55,284945,106530.0,119020.0,3250.0,3257.0,3239.8,3251.5,41885200,3576.6,2926.4,4322.95,2866.6,3249.4,4,2,3249.3,307,4,3249.2,35,3,3249.1,117,4,3249.0,6,2,3249.5,3,3,3249.8,5,1,3249.9,14,1,3250.0,500,7,3250.1,9,2
11536,2025-12-30 10:51:35+05:30,3249.9,4,3248.55,284975,106774.0,117608.0,3250.0,3257.0,3239.8,3251.5,41885200,3576.6,2926.4,4322.95,2866.6,3249.5,1,1,3249.4,4,2,3249.3,307,4,3249.2,35,3,3249.1,117,4,3249.9,39,5,3250.0,479,5,3250.1,9,2,3250.2,31,3,3250.3,68,6
11536,2025-12-30 10:51:35+05:30,3249.9,4,3248.55,284975,106774.0,117608.0,3250.0,3257.0,3239.8,3251.5,41885200,3576.6,2926.4,4322.95,2866.6,3249.5,1,1,3249.4,4,2,3249.3,307,4,3249.2,35,3,3249.1,117,4,3249.9,39,5,3250.0,479,5,3250.1,9,2,3250.2,31,3,3250.3,68,6
11536,2025-12-30 10:51:35+05:30,3249.9,4,3248.55,284975,107893.0,117851.0,3250.0,3257.0,3239.8,3251.5,41885200,3576.6,2926.4,4322.95,2866.6,3249.8,3,1,3249.5,131,2,3249.4,1,1,3249.3,307,4,3249.2,35,3,3249.9,2,2,3250.0,479,5,3250.1,3,1,3250.2,31,3,3250.3,28,3
11536,2025-12-30 10:51:36+05:30,3249.9,4,3248.55,284975,107865.0,117902.0,3250.0,3257.0,3239.8,3251.5,41885200,3576.6,2926.4,4322.95,2866.6,3249.8,3,1,3249.5,131,2,3249.4,1,1,3249.3,307,4,3249.2,35,3,3249.9,2,2,3250.0,484,6,3250.1,17,2,3250.2,33,3,3250.3,28,3
11536,2025-12-30 10:51:37+05:30,3249.8,9,3248.55,284975,107865.0,117902.0,3250.0,3257.0,3239.8,3251.5,41885200,3576.6,2926.4,4322.95,2866.6,3249.8,3,1,3249.5,131,2,3249.4,1,1,3249.3,307,4,3249.2,35,3,3249.9,2,2,3250.0,484,6,3250.1,17,2,3250.2,33,3,3250.3,28,3
11536,2025-12-30 10:51:38+05:30,3249.8,1,3248.55,285027,107740.0,117636.0,3250.0,3257.0,3239.8,3251.5,41885200,3576.6,2926.4,4322.95,2866.6,3249.7,6,1,3249.5,130,1,3249.4,1,1,3249.3,307,4,3249.2,35,3,3249.8,8,3,3250.0,456,5,3250.1,14,1,3250.2,8,2,3250.3,30,3
11536,2025-12-30 10:51:38+05:30,3249.8,1,3248.55,285027,107740.0,117636.0,3250.0,3257.0,3239.8,3251.5,41885200,3576.6,2926.4,4322.95,2866.6,3249.7,6,1,3249.5,130,1,3249.4,1,1,3249.3,307,4,3249.2,35,3,3249.8,8,3,3250.0,456,5,3250.1,14,1,3250.2,8,2,3250.3,30,3
11536,2025-12-30 10:51:39+05:30,3249.8,2,3248.55,285045,107573.0,117777.0,3250.0,3257.0,3239.8,3251.5,41885200,3576.6,2926.4,4322.95,2866.6,3249.7,5,1,3249.5,130,1,3249.4,1,1,3249.3,297,3,3249.2,35,3,3249.8,3,2,3249.9,5,1,3250.0,451,4,3250.1,14,1,3250.2,8,2
11536,2025-12-30 10:51:39+05:30,3249.8,2,3248.55,285045,107573.0,117777.0,3250.0,3257.0,3239.8,3251.5,41885200,3576.6,2926.4,4322.95,2866.6,3249.7,5,1,3249.5,130,1,3249.4,1,1,3249.3,297,3,3249.2,35,3,3249.8,3,2,3249.9,5,1,3250.0,451,4,3250.1,14,1,3250.2,8,2
11536,2025-12-30 10:51:39+05:30,3249.7,4,3248.55,285049,106861.0,116045.0,3250.0,3257.0,3239.8,3251.5,41885200,3576.6,2926.4,4322.95,2866.6,3249.7,153,1,3249.5,140,2,3249.4,6,2,3249.3,297,3,3249.2,35,3,3249.8,11,5,3249.9,14,1,3250.0,456,5,3250.1,16,1,3250.2,13,3
11536,2025-12-30 10:51:40+05:30,3249.7,4,3248.55,285049,106861.0,116045.0,3250.0,3257.0,3239.8,3251.5,41885200,3576.6,2926.4,4322.95,2866.6,3249.7,153,1,3249.5,140,2,3249.4,6,2,3249.3,297,3,3249.2,35,3,3249.8,11,5,3249.9,14,1,3250.0,456,5,3250.1,16,1,3250.2,13,3
11536,2025-12-30 10:51:40+05:30,3249.8,1,3248.55,285058,107669.0,117664.0,3250.0,3257.0,3239.8,3251.5,41885200,3576.6,2926.4,4322.95,2866.6,3249.7,150,1,3249.5,140,2,3249.4,6,2,3249.3,297,3,3249.2,35,3,3249.8,9,6,3249.9,16,2,3250.0,456,5,3250.1,16,1,3250.2,13,3
11536,2025-12-30 10:51:41+05:30,3249.7,4,3248.55,285058,107669.0,117664.0,3250.0,3257.0,3239.8,3251.5,41885200,3576.6,2926.4,4322.95,2866.6,3249.7,150,1,3249.5,140,2,3249.4,6,2,3249.3,297,3,3249.2,35,3,3249.8,9,6,3249.9,16,2,3250.0,456,5,3250.1,16,1,3250.2,13,3
11536,2025-12-30 10:51:41+05:30,3249.7,4,3248.55,285062,107339.0,117285.0,3250.0,3257.0,3239.8,3251.5,41885200,3576.6,2926.4,4322.95,2866.6,3249.7,207,4,3249.5,130,1,3249.4,1,1,3249.3,297,3,3249.2,35,3,3249.8,10,8,3249.9,19,2,3250.0,451,4,3250.1,16,1,3250.2,13,3
11536,2025-12-30 10:51:42+05:30,3249.7,2,3248.55,285062,107339.0,117285.0,3250.0,3257.0,3239.8,3251.5,41885200,3576.6,2926.4,4322.95,2866.6,3249.7,207,4,3249.5,130,1,3249.4,1,1,3249.3,297,3,3249.2,35,3,3249.8,10,8,3249.9,19,2,3250.0,451,4,3250.1,16,1,3250.2,13,3
11536,2025-12-30 10:51:42+05:30,3249.8,1,3248.55,285069,107368.0,115946.0,3250.0,3257.0,3239.8,3251.5,41885200,3576.6,2926.4,4322.95,2866.6,3249.7,203,4,3249.5,130,1,3249.4,1,1,3249.3,297,3,3249.2,35,3,3249.8,8,6,3249.9,19,2,3250.0,471,5,3250.2,13,3,3250.3,50,4
11536,2025-12-30 10:51:43+05:30,3249.7,1,3248.55,285069,107368.0,115946.0,3250.0,3257.0,3239.8,3251.5,41885200,3576.6,2926.4,4322.95,2866.6,3249.7,203,4,3249.5,130,1,3249.4,1,1,3249.3,297,3,3249.2,35,3,3249.8,8,6,3249.9,19,2,3250.0,471,5,3250.2,13,3,3250.3,50,4
11536,2025-12-30 10:51:43+05:30,3249.8,1,3248.55,285086,107213.0,117920.0,3250.0,3257.0,3239.8,3251.5,41885200,3576.6,2926.4,4322.95,2866.6,3249.8,4,1,3249.7,196,3,3249.5,130,1,3249.4,1,1,3249.3,297,3,3249.9,24,4,3250.0,468,4,3250.2,13,3,3250.3,28,3,3250.4,197,6
11536,2025-12-30 10:51:44+05:30,3249.8,1,3248.55,285086,107213.0,117920.0,3250.0,3257.0,3239.8,3251.5,41885200,3576.6,2926.4,4322.95,2866.6,3249.8,4,1,3249.7,196,3,3249.5,130,1,3249.4,1,1,3249.3,297,3,3249.9,24,4,3250.0,468,4,3250.2,13,3,3250.3,28,3,3250.4,197,6
11536,2025-12-30 10:51:44+05:30,3249.8,1,3248.55,285086,107214.0,117358.0,3250.0,3257.0,3239.8,3251.5,41885200,3576.6,2926.4,4322.95,2866.6,3249.8,4,1,3249.7,196,3,3249.5,130,1,3249.4,1,1,3249.3,297,3,3249.9,26,6,3250.0,468,4,3250.2,13,3,3250.3,28,3,3250.4,41,5
11536,2025-12-30 10:51:45+05:30,3250.0,122,3248.55,285086,107214.0,117358.0,3250.0,3257.0,3239.8,3251.5,41885200,3576.6,2926.4,4322.95,2866.6,3249.8,4,1,3249.7,196,3,3249.5,130,1,3249.4,1,1,3249.3,297,3,3249.9,26,6,3250.0,468,4,3250.2,13,3,3250.3,28,3,3250.4,41,5
11536,2025-12-30 10:51:45+05:30,3250.0,122,3248.55,285287,107232.0,114738.0,3250.0,3257.0,3239.8,3251.5,41885200,3576.6,2926.4,4322.95,2866.6,3249.8,4,1,3249.7,196,3,3249.5,130,1,3249.4,1,1,3249.3,97,2,3250.0,330,7,3250.1,16,1,3250.2,13,3,3250.3,1,1,3250.4,14,3
11536,2025-12-30 10:51:46+05:30,3250.0,1,3248.55,285287,107232.0,114738.0,3250.0,3257.0,3239.8,3251.5,41885200,3576.6,2926.4,4322.95,2866.6,3249.8,4,1,3249.7,196,3,3249.5,130,1,3249.4,1,1,3249.3,97,2,3250.0,330,7,3250.1,16,1,3250.2,13,3,3250.3,1,1,3250.4,14,3
11536,2025-12-30 10:51:46+05:30,3250.0,1,3248.55,285288,107436.0,117110.0,3250.0,3257.0,3239.8,3251.5,41885200,3576.6,2926.4,4322.95,2866.6,3249.8,4,1,3249.7,196,3,3249.5,130,1,3249.4,1,1,3249.3,97,2,3250.0,329,7,3250.1,16,1,3250.2,8,2,3250.3,1,1,3250.4,14,3
11536,2025-12-30 10:51:47+05:30,3249.8,15,3248.55,285288,107436.0,117110.0,3250.0,3257.0,3239.8,3251.5,41885200,3576.6,2926.4,4322.95,2866.6,3249.8,4,1,3249.7,196,3,3249.5,130,1,3249.4,1,1,3249.3,97,2,3250.0,329,7,3250.1,16,1,3250.2,8,2,3250.3,1,1,3250.4,14,3
11536,2025-12-30 10:51:47+05:30,3249.8,15,3248.55,285349,107672.0,117049.0,3250.0,3257.0,3239.8,3251.5,41885200,3576.6,2926.4,4322.95,2866.6,3249.8,223,2,3249.7,201,4,3249.5,135,2,3249.4,1,1,3249.3,117,3,3250.0,301,5,3250.2,8,2,3250.3,17,2,3250.4,8,2,3250.5,16,2
11536,2025-12-30 10:51:48+05:30,3249.8,21,3248.55,285349,107672.0,117049.0,3250.0,3257.0,3239.8,3251.5,41885200,3576.6,2926.4,4322.95,2866.6,3249.8,223,2,3249.7,201,4,3249.5,135,2,3249.4,1,1,3249.3,117,3,3250.0,301,5,3250.2,8,2,3250.3,17,2,3250.4,8,2,3250.5,16,2
11536,2025-12-30 10:51:48+05:30,3250.0,1,3248.55,285410,107559.0,116795.0,3250.0,3257.0,3239.8,3251.5,41885200,3576.6,2926.4,4322.95,2866.6,3249.8,171,1,3249.7,201,4,3249.5,135,2,3249.4,1,1,3249.3,117,3,3250.0,297,9,3250.2,12,3,3250.3,17,2,3250.4,34,4,3250.5,16,2
11536,2025-12-30 10:51:49+05:30,3250.0,1,3248.55,285410,107559.0,116795.0,3250.0,3257.0,3239.8,3251.5,41885200,3576.6,2926.4,4322.95,2866.6,3249.8,171,1,3249.7,201,4,3249.5,135,2,3249.4,1,1,3249.3,117,3,3250.0,297,9,3250.2,12,3,3250.3,17,2,3250.4,34,4,3250.5,16,2
11536,2025-12-30 10:51:49+05:30,3250.0,1,3248.55,285410,107612.0,115579.0,3250.0,3257.0,3239.8,3251.5,41885200,3576.6,2926.4,4322.95,2866.6,3249.8,171,1,3249.7,201,4,3249.5,135,2,3249.4,1,1,3249.3,117,3,3250.0,294,8,3250.2,8,2,3250.3,17,2,3250.4,34,4,3250.5,16,2
11536,2025-12-30 10:51:50+05:30,3249.8,19,3248.55,285410,107612.0,115579.0,3250.0,3257.0,3239.8,3251.5,41885200,3576.6,2926.4,4322.95,2866.6,3249.8,171,1,3249.7,201,4,3249.5,135,2,3249.4,1,1,3249.3,117,3,3250.0,294,8,3250.2,8,2,3250.3,17,2,3250.4,34,4,3250.5,16,2
11536,2025-12-30 10:51:50+05:30,3249.8,19,3248.55,285430,107294.0,116984.0,3250.0,3257.0,3239.8,3251.5,41885200,3576.6,2926.4,4322.95,2866.6,3249.8,152,2,3249.7,201,4,3249.5,135,2,3249.4,1,1,3249.3,117,3,3250.0,326,10,3250.1,3,1,3250.2,27,3,3250.3,24,2,3250.4,14,3
11536,2025-12-30 10:51:51+05:30,3249.8,10,3248.55,285430,107294.0,116984.0,3250.0,3257.0,3239.8,3251.5,41885200,3576.6,2926.4,4322.95,2866.6,3249.8,152,2,3249.7,201,4,3249.5,135,2,3249.4,1,1,3249.3,117,3,3250.0,326,10,3250.1,3,1,3250.2,27,3,3250.3,24,2,3250.4,14,3
11536,2025-12-30 10:51:51+05:30,3249.8,10,3248.55,285492,105670.0,115945.0,3250.0,3257.0,3239.8,3251.5,41885200,3576.6,2926.4,4322.95,2866.6,3249.8,114,2,3249.7,201,4,3249.5,135,2,3249.4,1,1,3249.3,117,3,3250.0,298,8,3250.2,27,3,3250.3,24,2,3250.4,14,3,3250.5,16,2
11536,2025-12-30 10:51:52+05:30,3249.8,10,3248.55,285492,105670.0,115945.0,3250.0,3257.0,3239.8,3251.5,41885200,3576.6,2926.4,4322.95,2866.6,3249.8,114,2,3249.7,201,4,3249.5,135,2,3249.4,1,1,3249.3,117,3,3250.0,298,8,3250.2,27,3,3250.3,24,2,3250.4,14,3,3250.5,16,2
11536,2025-12-30 10:51:52+05:30,3249.8,6,3248.55,285498,107626.0,117177.0,3250.0,3257.0,3239.8,3251.5,41885200,3576.6,2926.4,4322.95,2866.6,3249.8,119,3,3249.7,201,4,3249.5,135,2,3249.4,1,1,3249.3,117,3,3250.0,294,8,3250.3,1,1,3250.5,16,2,3250.6,61,7,3250.7,67,4
11536,2025-12-30 10:51:53+05:30,3249.8,14,3248.55,285498,107626.0,117177.0,3250.0,3257.0,3239.8,3251.5,41885200,3576.6,2926.4,4322.95,2866.6,3249.8,119,3,3249.7,201,4,3249.5,135,2,3249.4,1,1,3249.3,117,3,3250.0,294,8,3250.3,1,1,3250.5,16,2,3250.6,61,7,3250.7,67,4
11536,2025-12-30 10:51:53+05:30,3249.8,4,3248.55,285516,107552.0,116793.0,3250.0,3257.0,3239.8,3251.5,41885200,3576.6,2926.4,4322.95,2866.6,3249.8,90,2,3249.7,212,5,3249.5,135,2,3249.4,1,1,3249.3,117,3,3249.9,3,3,3250.0,298,9,3250.2,8,2,3250.3,25,3,3250.4,34,3
11536,2025-12-30 10:51:54+05:30,3249.9,2,3248.55,285516,107552.0,116793.0,3250.0,3257.0,3239.8,3251.5,41885200,3576.6,2926.4,4322.95,2866.6,3249.8,90,2,3249.7,212,5,3249.5,135,2,3249.4,1,1,3249.3,117,3,3249.9,3,3,3250.0,298,9,3250.2,8,2,3250.3,25,3,3250.4,34,3
11536,2025-12-30 10:51:54+05:30,3249.9,8,3248.55,285539,107788.0,116797.0,3250.0,3257.0,3239.8,3251.5,41885200,3576.6,2926.4,4322.95,2866.6,3249.9,3,1,3249.8,85,2,3249.7,212,5,3249.5,135,2,3249.4,1,1,3250.0,293,8,3250.1,5,1,3250.2,3,1,3250.3,25,3,3250.4,30,3
11536,2025-12-30 10:51:55+05:30,3250.0,1,3248.55,285539,107788.0,116797.0,3250.0,3257.0,3239.8,3251.5,41885200,3576.6,2926.4,4322.95,2866.6,3249.9,3,1,3249.8,85,2,3249.7,212,5,3249.5,135,2,3249.4,1,1,3250.0,293,8,3250.1,5,1,3250.2,3,1,3250.3,25,3,3250.4,30,3
11536,2025-12-30 10:51:55+05:30,3250.0,1,3248.55,285543,106178.0,115966.0,3250.0,3257.0,3239.8,3251.5,41885200,3576.6,2926.4,4322.95,2866.6,3249.9,14,2,3249.8,85,2,3249.7,201,4,3249.5,135,2,3249.4,1,1,3250.0,302,12,3250.1,19,1,3250.2,11,3,3250.3,24,2,3250.4,8,2
11536,2025-12-30 10:51:56+05:30,3249.9,4,3248.55,285543,106178.0,115966.0,3250.0,3257.0,3239.8,3251.5,41885200,3576.6,2926.4,4322.95,2866.6,3249.9,14,2,3249.8,85,2,3249.7,201,4,3249.5,135,2,3249.4,1,1,3250.0,302,12,3250.1,19,1,3250.2,11,3,3250.3,24,2,3250.4,8,2
11536,2025-12-30 10:51:56+05:30,3249.9,4,3248.55,285551,107470.0,117047.0,3250.0,3257.0,3239.8,3251.5,41885200,3576.6,2926.4,4322.95,2866.6,3249.9,159,3,3249.8,85,2,3249.7,192,3,3249.5,135,2,3249.4,1,1,3250.0,289,8,3250.1,5,1,3250.2,3,1,3250.3,24,2,3250.4,32,4
11536,2025-12-30 10:51:57+05:30,3249.9,3,3248.55,285551,107470.0,117047.0,3250.0,3257.0,3239.8,3251.5,41885200,3576.6,2926.4,4322.95,2866.6,3249.9,159,3,3249.8,85,2,3249.7,192,3,3249.5,135,2,3249.4,1,1,3250.0,289,8,3250.1,5,1,3250.2,3,1,3250.3,24,2,3250.4,32,4
11536,2025-12-30 10:51:57+05:30,3250.0,92,3248.55,285734,107446.0,116731.0,3250.0,3257.0,3239.8,3251.5,41885200,3576.6,2926.4,4322.95,2866.6,3249.9,152,2,3249.8,85,2,3249.7,192,3,3249.5,135,2,3249.4,1,1,3250.0,122,10,3250.2,27,3,3250.3,24,2,3250.4,8,2,3250.6,61,6
11536,2025-12-30 10:51:58+05:30,3250.0,9,3248.55,285734,107446.0,116731.0,3250.0,3257.0,3239.8,3251.5,41885200,3576.6,2926.4,4322.95,2866.6,3249.9,152,2,3249.8,85,2,3249.7,192,3,3249.5,135,2,3249.4,1,1,3250.0,122,10,3250.2,27,3,3250.3,24,2,3250.4,8,2,3250.6,61,6
11536,2025-12-30 10:51:58+05:30,3250.0,9,3248.55,285767,107344.0,116923.0,3250.0,3257.0,3239.8,3251.5,41885200,3576.6,2926.4,4322.95,2866.6,3249.9,128,2,3249.8,85,2,3249.7,192,3,3249.5,135,2,3249.4,1,1,3250.0,114,12,3250.2,29,2,3250.3,20,2,3250.4,6,1,3250.6,219,7
11536,2025-12-30 10:51:59+05:30,3249.9,26,3248.55,285767,107344.0,116923.0,3250.0,3257.0,3239.8,3251.5,41885200,3576.6,2926.4,4322.95,2866.6,3249.9,128,2,3249.8,85,2,3249.7,192,3,3249.5,135,2,3249.4,1,1,3250.0,114,12,3250.2,29,2,3250.3,20,2,3250.4,6,1,3250.6,219,7
11536,2025-12-30 10:51:59+05:30,3249.9,26,3248.55,285795,107381.0,116937.0,3250.0,3257.0,3239.8,3251.5,41885200,3576.6,2926.4,4322.95,2866.6,3249.9,100,2,3249.8,91,3,3249.7,192,3,3249.5,135,2,3249.4,1,1,3250.0,112,12,3250.1,4,1,3250.2,29,2,3250.3,20,2,3250.4,15,3
11536,2025-12-30 10:52:00+05:30,3249.9,15,3248.55,285795,107381.0,116937.0,3250.0,3257.0,3239.8,3251.5,41885200,3576.6,2926.4,4322.95,2866.6,3249.9,100,2,3249.8,91,3,3249.7,192,3,3249.5,135,2,3249.4,1,1,3250.0,112,12,3250.1,4,1,3250.2,29,2,3250.3,20,2,3250.4,15,3
11536,2025-12-30 10:52:00+05:30,3249.9,1,3248.55,285870,107087.0,117025.0,3250.0,3257.0,3239.8,3251.5,41885200,3576.6,2926.4,4322.95,2866.6,3249.9,16,1,3249.8,91,3,3249.7,204,4,3249.5,135,2,3249.4,1,1,3250.0,110,10,3250.1,4,1,3250.2,6,1,3250.3,45,3,3250.4,15,3
11536,2025-12-30 10:52:01+05:30,3250.0,1,3248.55,285870,107087.0,117025.0,3250.0,3257.0,3239.8,3251.5,41885200,3576.6,2926.4,4322.95,2866.6,3249.9,16,1,3249.8,91,3,3249.7,204,4,3249.5,135,2,3249.4,1,1,3250.0,110,10,3250.1,4,1,3250.2,6,1,3250.3,45,3,3250.4,15,3
11536,2025-12-30 10:52:01+05:30,3249.9,5,3248.55,285884,107086.0,116851.0,3250.0,3257.0,3239.8,3251.5,41885200,3576.6,2926.4,4322.95,2866.6,3249.9,21,3,3249.8,85,2,3249.7,192,3,3249.5,135,2,3249.4,1,1,3250.0,105,10,3250.1,4,1,3250.2,6,1,3250.3,21,2,3250.4,10,2
11536,2025-12-30 10:52:02+05:30,3249.9,5,3248.55,285884,107086.0,116851.0,3250.0,3257.0,3239.8,3251.5,41885200,3576.6,2926.4,4322.95,2866.6,3249.9,21,3,3249.8,85,2,3249.7,192,3,3249.5,135,2,3249.4,1,1,3250.0,105,10,3250.1,4,1,3250.2,6,1,3250.3,21,2,3250.4,10,2
11536,2025-12-30 10:52:02+05:30,3249.9,5,3248.55,285904,107095.0,116854.0,3250.0,3257.0,3239.8,3251.5,41885200,3576.6,2926.4,4322.95,2866.6,3249.9,11,2,3249.8,85,2,3249.7,204,4,3249.5,135,2,3249.4,1,1,3250.0,108,10,3250.1,4,1,3250.2,9,2,3250.3,45,3,3250.4,15,3
11536,2025-12-30 10:52:03+05:30,3249.9,3,3248.55,285904,107095.0,116854.0,3250.0,3257.0,3239.8,3251.5,41885200,3576.6,2926.4,4322.95,2866.6,3249.9,11,2,3249.8,85,2,3249.7,204,4,3249.5,135,2,3249.4,1,1,3250.0,108,10,3250.1,4,1,3250.2,9,2,3250.3,45,3,3250.4,15,3
11536,2025-12-30 10:52:03+05:30,3249.8,8,3248.55,285976,107089.0,116972.0,3250.0,3257.0,3239.8,3251.5,41885200,3576.6,2926.4,4322.95,2866.6,3249.9,12,1,3249.8,77,2,3249.7,192,3,3249.5,135,2,3249.4,1,1,3250.0,51,12,3250.1,4,1,3250.2,6,1,3250.3,45,3,3250.4,15,3
11536,2025-12-30 10:52:04+05:30,3249.9,4,3248.55,285976,107089.0,116972.0,3250.0,3257.0,3239.8,3251.5,41885200,3576.6,2926.4,4322.95,2866.6,3249.9,12,1,3249.8,77,2,3249.7,192,3,3249.5,135,2,3249.4,1,1,3250.0,51,12,3250.1,4,1,3250.2,6,1,3250.3,45,3,3250.4,15,3
11536,2025-12-30 10:52:04+05:30,3249.8,14,3248.55,285999,107088.0,116569.0,3250.0,3257.0,3239.8,3251.5,41885200,3576.6,2926.4,4322.95,2866.6,3249.8,62,2,3249.7,203,4,3249.5,135,2,3249.4,1,1,3249.3,21,2,3250.0,54,13,3250.2,12,1,3250.3,14,2,3250.5,14,1,3250.6,228,6
11536,2025-12-30 10:52:05+05:30,3249.8,2,3248.55,285999,107088.0,116569.0,3250.0,3257.0,3239.8,3251.5,41885200,3576.6,2926.4,4322.95,2866.6,3249.8,62,2,3249.7,203,4,3249.5,135,2,3249.4,1,1,3249.3,21,2,3250.0,54,13,3250.2,12,1,3250.3,14,2,3250.5,14,1,3250.6,228,6
11536,2025-12-30 10:52:05+05:30,3249.8,3,3248.55,286035,107076.0,116604.0,3250.0,3257.0,3239.8,3251.5,41885200,3576.6,2926.4,4322.95,2866.6,3249.8,27,2,3249.7,203,4,3249.5,135,2,3249.4,1,1,3249.3,21,2,3250.0,52,13,3250.1,10,2,3250.2,12,1,3250.3,34,3,3250.4,16,3
11536,2025-12-30 10:52:06+05:30,3249.8,1,3248.55,286035,107076.0,116604.0,3250.0,3257.0,3239.8,3251.5,41885200,3576.6,2926.4,4322.95,2866.6,3249.8,27,2,3249.7,203,4,3249.5,135,2,3249.4,1,1,3249.3,21,2,3250.0,52,13,3250.1,10,2,3250.2,12,1,3250.3,34,3,3250.4,16,3
11536,2025-12-30 10:52:07+05:30,3249.8,3,3248.55,286059,107058.0,116556.0,3250.0,3257.0,3239.8,3251.5,41885200,3576.6,2926.4,4322.95,2866.6,3249.8,9,3,3249.7,203,4,3249.5,135,2,3249.4,1,1,3249.3,21,2,3250.0,47,9,3250.1,6,1,3250.3,21,2,3250.4,26,3,3250.5,14,1
11536,2025-12-30 10:52:07+05:30,3249.8,1,3248.55,286059,107058.0,116556.0,3250.0,3257.0,3239.8,3251.5,41885200,3576.6,2926.4,4322.95,2866.6,3249.8,9,3,3249.7,203,4,3249.5,135,2,3249.4,1,1,3249.3,21,2,3250.0,47,9,3250.1,6,1,3250.3,21,2,3250.4,26,3,3250.5,14,1
11536,2025-12-30 10:52:08+05:30,3249.7,1,3248.55,286067,107052.0,116529.0,3250.0,3257.0,3239.8,3251.5,41885200,3576.6,2926.4,4322.95,2866.6,3249.7,208,5,3249.5,135,2,3249.4,1,1,3249.3,21,2,3249.2,6,2,3249.8,3,2,3250.0,45,8,3250.2,6,1,3250.3,25,3,3250.4,36,3
11536,2025-12-30 10:52:08+05:30,3249.7,1,3248.55,286067,107052.0,116529.0,3250.0,3257.0,3239.8,3251.5,41885200,3576.6,2926.4,4322.95,2866.6,3249.7,208,5,3249.5,135,2,3249.4,1,1,3249.3,21,2,3249.2,6,2,3249.8,3,2,3250.0,45,8,3250.2,6,1,3250.3,25,3,3250.4,36,3
11536,2025-12-30 10:52:09+05:30,3249.8,2,3248.55,286104,107051.0,116576.0,3250.0,3257.0,3239.8,3251.5,41885200,3576.6,2926.4,4322.95,2866.6,3249.8,1,1,3249.7,196,5,3249.5,135,2,3249.4,1,1,3249.3,21,2,3250.0,48,6,3250.1,48,3,3250.2,10,2,3250.3,1,1,3250.4,16,3
11536,2025-12-30 10:52:09+05:30,3249.8,2,3248.55,286104,107051.0,116576.0,3250.0,3257.0,3239.8,3251.5,41885200,3576.6,2926.4,4322.95,2866.6,3249.8,1,1,3249.7,196,5,3249.5,135,2,3249.4,1,1,3249.3,21,2,3250.0,48,6,3250.1,48,3,3250.2,10,2,3250.3,1,1,3250.4,16,3
11536,2025-12-30 10:52:10+05:30,3249.8,1,3248.55,286109,107905.0,116098.0,3250.0,3257.0,3239.8,3251.5,41885200,3576.6,2926.4,4322.95,2866.6,3249.8,3,2,3249.7,190,4,3249.5,135,2,3249.4,1,1,3249.3,43,3,3250.0,56,5,3250.3,1,1,3250.6,28,4,3250.7,19,2,3250.8,41,2
11536,2025-12-30 10:52:10+05:30,3249.8,1,3248.55,286109,107905.0,116098.0,3250.0,3257.0,3239.8,3251.5,41885200,3576.6,2926.4,4322.95,2866.6,3249.8,3,2,3249.7,190,4,3249.5,135,2,3249.4,1,1,3249.3,43,3,3250.0,56,5,3250.3,1,1,3250.6,28,4,3250.7,19,2,3250.8,41,2
11536,2025-12-30 10:52:11+05:30,3249.8,11,3248.55,286122,107901.0,116145.0,3250.0,3257.0,3239.8,3251.5,41885200,3576.6,2926.4,4322.95,2866.6,3249.8,6,1,3249.7,190,4,3249.5,140,3,3249.4,1,1,3249.3,43,3,3250.0,55,7,3250.3,1,1,3250.6,28,4,3250.7,13,1,3250.8,41,2
11536,2025-12-30 10:52:11+05:30,3249.8,11,3248.55,286122,107901.0,116145.0,3250.0,3257.0,3239.8,3251.5,41885200,3576.6,2926.4,4322.95,2866.6,3249.8,6,1,3249.7,190,4,3249.5,140,3,3249.4,1,1,3249.3,43,3,3250.0,55,7,3250.3,1,1,3250.6,28,4,3250.7,13,1,3250.8,41,2
11536,2025-12-30 10:52:12+05:30,3249.8,1,3248.55,286131,108167.0,115891.0,3250.0,3257.0,3239.8,3251.5,41885200,3576.6,2926.4,4322.95,2866.6,3249.8,54,3,3249.7,190,4,3249.6,5,1,3249.5,135,2,3249.4,19,3,3250.0,62,11,3250.3,1,1,3250.6,8,3,3250.7,13,1,3250.8,41,2
11536,2025-12-30 10:52:12+05:30,3249.8,1,3248.55,286131,108167.0,115891.0,3250.0,3257.0,3239.8,3251.5,41885200,3576.6,2926.4,4322.95,2866.6,3249.8,54,3,3249.7,190,4,3249.6,5,1,3249.5,135,2,3249.4,19,3,3250.0,62,11,3250.3,1,1,3250.6,8,3,3250.7,13,1,3250.8,41,2
11536,2025-12-30 10:52:13+05:30,3249.8,1,3248.55,286135,108139.0,116348.0,3250.0,3257.0,3239.8,3251.5,41885200,3576.6,2926.4,4322.95,2866.6,3249.8,52,3,3249.7,190,4,3249.5,135,2,3249.4,19,3,3249.3,58,4,3250.0,61,12,3250.3,1,1,3250.6,52,5,3250.7,13,1,3250.8,41,2
11536,2025-12-30 10:52:13+05:30,3249.8,4,3248.55,286135,108139.0,116348.0,3250.0,3257.0,3239.8,3251.5,41885200,3576.6,2926.4,4322.95,2866.6,3249.8,52,3,3249.7,190,4,3249.5,135,2,3249.4,19,3,3249.3,58,4,3250.0,61,12,3250.3,1,1,3250.6,52,5,3250.7,13,1,3250.8,41,2
11536,2025-12-30 10:52:14+05:30,3249.9,21,3248.55,286173,107055.0,115524.0,3250.0,3257.0,3239.8,3251.5,41885200,3576.6,2926.4,4322.95,2866.6,3249.9,1,1,3249.8,41,2,3249.7,190,4,3249.5,135,2,3249.4,1,1,3250.0,111,15,3250.1,10,1,3250.2,28,4,3250.3,5,2,3250.4,15,1
11536,2025-12-30 10:52:14+05:30,3249.8,2,3248.55,286173,107055.0,115524.0,3250.0,3257.0,3239.8,3251.5,41885200,3576.6,2926.4,4322.95,2866.6,3249.9,1,1,3249.8,41,2,3249.7,190,4,3249.5,135,2,3249.4,1,1,3250.0,111,15,3250.1,10,1,3250.2,28,4,3250.3,5,2,3250.4,15,1
11536,2025-12-30 10:52:15+05:30,3249.8,1,3248.55,286191,106009.0,115793.0,3250.0,3257.0,3239.8,3251.5,41885200,3576.6,2926.4,4322.95,2866.6,3249.8,25,2,3249.7,190,4,3249.5,135,2,3249.4,1,1,3249.3,21,2,3249.9,12,6,3250.0,110,9,3250.1,12,1,3250.2,28,4,3250.3,18,3
11536,2025-12-30 10:52:15+05:30,3250.2,1,3248.55,286191,106009.0,115793.0,3250.0,3257.0,3239.8,3251.5,41885200,3576.6,2926.4,4322.95,2866.6,3249.8,25,2,3249.7,190,4,3249.5,135,2,3249.4,1,1,3249.3,21,2,3249.9,12,6,3250.0,110,9,3250.1,12,1,3250.2,28,4,3250.3,18,3
11536,2025-12-30 10:52:16+05:30,3249.9,1,3248.55,286337,106724.0,114890.0,3250.0,3257.0,3239.8,3251.5,41885200,3576.6,2926.4,4322.95,2866.6,3249.8,74,3,3249.7,190,4,3249.5,135,2,3249.4,1,1,3249.3,21,2,3249.9,13,1,3250.2,30,3,3250.3,38,5,3250.4,10,2,3250.5,62,3
11536,2025-12-30 10:52:16+05:30,3249.9,1,3248.55,286337,106724.0,114890.0,3250.0,3257.0,3239.8,3251.5,41885200,3576.6,2926.4,4322.95,2866.6,3249.8,74,3,3249.7,190,4,3249.5,135,2,3249.4,1,1,3249.3,21,2,3249.9,13,1,3250.2,30,3,3250.3,38,5,3250.4,10,2,3250.5,62,3
11536,2025-12-30 10:52:17+05:30,3249.9,1,3248.55,286337,106734.0,114890.0,3250.0,3257.0,3239.8,3251.5,41885200,3576.6,2926.4,4322.95,2866.6,3249.8,75,4,3249.7,190,4,3249.5,135,2,3249.4,1,1,3249.3,21,2,3249.9,13,1,3250.2,30,3,3250.3,38,5,3250.4,10,2,3250.5,62,3
11536,2025-12-30 10:52:18+05:30,3249.8,14,3248.55,286337,106734.0,114890.0,3250.0,3257.0,3239.8,3251.5,41885200,3576.6,2926.4,4322.95,2866.6,3249.8,75,4,3249.7,190,4,3249.5,135,2,3249.4,1,1,3249.3,21,2,3249.9,13,1,3250.2,30,3,3250.3,38,5,3250.4,10,2,3250.5,62,3
11536,2025-12-30 10:52:18+05:30,3249.8,14,3248.55,286395,106646.0,115085.0,3250.0,3257.0,3239.8,3251.5,41885200,3576.6,2926.4,4322.95,2866.6,3249.8,18,3,3249.7,190,4,3249.5,135,2,3249.4,1,1,3249.3,21,2,3249.9,56,7,3250.0,20,1,3250.1,27,2,3250.2,10,2,3250.3,9,3
11536,2025-12-30 10:52:19+05:30,3249.7,5,3248.55,286395,106646.0,115085.0,3250.0,3257.0,3239.8,3251.5,41885200,3576.6,2926.4,4322.95,2866.6,3249.8,18,3,3249.7,190,4,3249.5,135,2,3249.4,1,1,3249.3,21,2,3249.9,56,7,3250.0,20,1,3250.1,27,2,3250.2,10,2,3250.3,9,3
11536,2025-12-30 10:52:19+05:30,3249.7,1,3248.55,286420,106483.0,115434.0,3250.0,3257.0,3239.8,3251.5,41885200,3576.6,2926.4,4322.95,2866.6,3249.7,184,4,3249.5,135,2,3249.4,1,1,3249.3,21,2,3249.2,6,2,3249.9,58,9,3250.0,20,1,3250.1,39,3,3250.2,23,3,3250.3,6,2
11536,2025-12-30 10:52:20+05:30,3249.7,1,3248.55,286420,106483.0,115434.0,3250.0,3257.0,3239.8,3251.5,41885200,3576.6,2926.4,4322.95,2866.6,3249.7,184,4,3249.5,135,2,3249.4,1,1,3249.3,21,2,3249.2,6,2,3249.9,58,9,3250.0,20,1,3250.1,39,3,3250.2,23,3,3250.3,6,2
11536,2025-12-30 10:52:20+05:30,3249.7,17,3248.55,286437,106455.0,115483.0,3250.0,3257.0,3239.8,3251.5,41885200,3576.6,2926.4,4322.95,2866.6,3249.7,167,4,3249.6,10,1,3249.5,135,2,3249.4,1,1,3249.3,21,2,3249.9,57,9,3250.0,20,1,3250.1,39,3,3250.2,23,3,3250.3,6,2
11536,2025-12-30 10:52:21+05:30,3249.7,8,3248.55,286437,106455.0,115483.0,3250.0,3257.0,3239.8,3251.5,41885200,3576.6,2926.4,4322.95,2866.6,3249.7,167,4,3249.6,10,1,3249.5,135,2,3249.4,1,1,3249.3,21,2,3249.9,57,9,3250.0,20,1,3250.1,39,3,3250.2,23,3,3250.3,6,2
11536,2025-12-30 10:52:21+05:30,3249.7,10,3248.55,286455,106437.0,115595.0,3250.0,3257.0,3239.8,3251.5,41885200,3576.6,2926.4,4322.95,2866.6,3249.7,149,4,3249.6,10,1,3249.5,135,2,3249.4,1,1,3249.3,21,2,3249.9,66,12,3250.0,30,2,3250.1,39,3,3250.2,25,5,3250.3,6,2
11536,2025-12-30 10:52:22+05:30,3249.9,1,3248.55,286455,106437.0,115595.0,3250.0,3257.0,3239.8,3251.5,41885200,3576.6,2926.4,4322.95,2866.6,3249.7,149,4,3249.6,10,1,3249.5,135,2,3249.4,1,1,3249.3,21,2,3249.9,66,12,3250.0,30,2,3250.1,39,3,3250.2,25,5,3250.3,6,2
11536,2025-12-30 10:52:22+05:30,3249.5,5,3248.56,286967,103724.0,118145.0,3250.0,3257.0,3239.8,3251.5,41885200,3576.6,2926.4,4322.95,2866.6,3249.5,5,1,3249.4,1,1,3249.3,21,2,3249.2,6,2,3249.1,5,2,3249.7,79,7,3249.8,225,6,3249.9,67,13,3250.0,206,5,3250.1,18,3
11536,2025-12-30 10:52:23+05:30,3249.5,2,3248.56,286967,103724.0,118145.0,3250.0,3257.0,3239.8,3251.5,41885200,3576.6,2926.4,4322.95,2866.6,3249.5,5,1,3249.4,1,1,3249.3,21,2,3249.2,6,2,3249.1,5,2,3249.7,79,7,3249.8,225,6,3249.9,67,13,3250.0,206,5,3250.1,18,3
11536,2025-12-30 10:52:23+05:30,3249.5,2,3248.56,286976,103972.0,117816.0,3250.0,3257.0,3239.8,3251.5,41885200,3576.6,2926.4,4322.95,2866.6,3249.5,3,1,3249.4,1,1,3249.3,21,2,3249.2,6,2,3249.1,5,2,3249.7,109,11,3249.8,29,3,3249.9,56,10,3250.0,228,6,3250.1,21,3
11536,2025-12-30 10:52:24+05:30,3249.5,1,3248.56,286976,103972.0,117816.0,3250.0,3257.0,3239.8,3251.5,41885200,3576.6,2926.4,4322.95,2866.6,3249.5,3,1,3249.4,1,1,3249.3,21,2,3249.2,6,2,3249.1,5,2,3249.7,109,11,3249.8,29,3,3249.9,56,10,3250.0,228,6,3250.1,21,3
11536,2025-12-30 10:52:24+05:30,3249.5,23,3248.56,287041,103967.0,117953.0,3250.0,3257.0,3239.8,3251.5,41885200,3576.6,2926.4,4322.95,2866.6,3249.4,1,1,3249.3,21,2,3249.2,6,2,3249.1,5,2,3249.0,7,3,3249.5,28,5,3249.6,38,3,3249.7,61,10,3249.8,190,6,3249.9,52,6
11536,2025-12-30 10:52:25+05:30,3249.4,1,3248.56,287041,103967.0,117953.0,3250.0,3257.0,3239.8,3251.5,41885200,3576.6,2926.4,4322.95,2866.6,3249.4,1,1,3249.3,21,2,3249.2,6,2,3249.1,5,2,3249.0,7,3,3249.5,28,5,3249.6,38,3,3249.7,61,10,3249.8,190,6,3249.9,52,6
11536,2025-12-30 10:52:25+05:30,3249.3,1,3248.56,287136,104054.0,118095.0,3250.0,3257.0,3239.8,3251.5,41885200,3576.6,2926.4,4322.95,2866.6,3249.3,19,1,3249.2,6,2,3249.1,5,2,3249.0,7,3,3248.9,3,2,3249.5,41,8,3249.6,32,3,3249.7,48,6,3249.8,203,6,3249.9,42,4
11536,2025-12-30 10:52:26+05:30,3249.3,11,3248.56,287136,104054.0,118095.0,3250.0,3257.0,3239.8,3251.5,41885200,3576.6,2926.4,4322.95,2866.6,3249.3,19,1,3249.2,6,2,3249.1,5,2,3249.0,7,3,3248.9,3,2,3249.5,41,8,3249.6,32,3,3249.7,48,6,3249.8,203,6,3249.9,42,4
11536,2025-12-30 10:52:26+05:30,3249.3,58,3248.56,287226,104189.0,116729.0,3250.0,3257.0,3239.8,3251.5,41885200,3576.6,2926.4,4322.95,2866.6,3249.2,6,2,3249.1,5,2,3249.0,7,3,3248.9,3,2,3248.7,161,3,3249.3,28,5,3249.4,10,1,3249.5,52,10,3249.6,24,4,3249.7,50,5
11536,2025-12-30 10:52:27+05:30,3249.2,1,3248.56,287226,104189.0,116729.0,3250.0,3257.0,3239.8,3251.5,41885200,3576.6,2926.4,4322.95,2866.6,3249.2,6,2,3249.1,5,2,3249.0,7,3,3248.9,3,2,3248.7,161,3,3249.3,28,5,3249.4,10,1,3249.5,52,10,3249.6,24,4,3249.7,50,5
11536,2025-12-30 10:52:27+05:30,3249.2,29,3248.56,287268,101704.0,118662.0,3250.0,3257.0,3239.8,3251.5,41885200,3576.6,2926.4,4322.95,2866.6,3249.1,23,3,3249.0,7,3,3248.9,3,2,3248.7,161,3,3248.6,2,1,3249.2,5,1,3249.3,43,9,3249.5,8,5,3249.6,224,7,3249.7,13,2
11536,2025-12-30 10:52:28+05:30,3249.1,2,3248.56,287268,101704.0,118662.0,3250.0,3257.0,3239.8,3251.5,41885200,3576.6,2926.4,4322.95,2866.6,3249.1,23,3,3249.0,7,3,3248.9,3,2,3248.7,161,3,3248.6,2,1,3249.2,5,1,3249.3,43,9,3249.5,8,5,3249.6,224,7,3249.7,13,2
11536,2025-12-30 10:52:29+05:30,3249.1,15,3248.56,287445,101698.0,118647.0,3250.0,3257.0,3239.8,3251.5,41885200,3576.6,2926.4,4322.95,2866.6,3249.1,3,1,3249.0,7,3,3248.9,3,2,3248.7,161,3,3248.6,2,1,3249.2,20,7,3249.3,16,4,3249.4,37,4,3249.5,1,1,3249.6,204,6
11536,2025-12-30 10:52:29+05:30,3249.1,15,3248.56,287445,101698.0,118647.0,3250.0,3257.0,3239.8,3251.5,41885200,3576.6,2926.4,4322.95,2866.6,3249.1,3,1,3249.0,7,3,3248.9,3,2,3248.7,161,3,3248.6,2,1,3249.2,20,7,3249.3,16,4,3249.4,37,4,3249.5,1,1,3249.6,204,6
11536,2025-12-30 10:52:30+05:30,3249.0,14,3248.56,287475,101704.0,118805.0,3250.0,3257.0,3239.8,3251.5,41885200,3576.6,2926.4,4322.95,2866.6,3249.0,10,3,3248.9,3,2,3248.7,161,3,3248.6,2,1,3248.5,1,1,3249.1,17,4,3249.2,23,6,3249.3,1,1,3249.4,37,4,3249.5,24,1
11536,2025-12-30 10:52:30+05:30,3249.0,2,3248.56,287475,101704.0,118805.0,3250.0,3257.0,3239.8,3251.5,41885200,3576.6,2926.4,4322.95,2866.6,3249.0,10,3,3248.9,3,2,3248.7,161,3,3248.6,2,1,3248.5,1,1,3249.1,17,4,3249.2,23,6,3249.3,1,1,3249.4,37,4,3249.5,24,1
11536,2025-12-30 10:52:31+05:30,3249.0,6,3248.56,287493,101656.0,118592.0,3250.0,3257.0,3239.8,3251.5,41885200,3576.6,2926.4,4322.95,2866.6,3249.0,10,3,3248.9,3,2,3248.7,161,3,3248.6,2,1,3248.5,1,1,3249.1,17,6,3249.2,21,4,3249.3,31,2,3249.4,52,5,3249.6,46,5
11536,2025-12-30 10:52:31+05:30,3249.0,1,3248.56,287493,101656.0,118592.0,3250.0,3257.0,3239.8,3251.5,41885200,3576.6,2926.4,4322.95,2866.6,3249.0,10,3,3248.9,3,2,3248.7,161,3,3248.6,2,1,3248.5,1,1,3249.1,17,6,3249.2,21,4,3249.3,31,2,3249.4,52,5,3249.6,46,5
11536,2025-12-30 10:52:32+05:30,3248.9,2,3248.56,287550,101443.0,118774.0,3250.0,3257.0,3239.8,3251.5,41885200,3576.6,2926.4,4322.95,2866.6,3248.7,161,3,3248.6,2,1,3248.5,1,1,3248.1,38,2,3248.0,47,4,3248.9,3,2,3249.0,12,5,3249.1,63,8,3249.2,24,3,3249.4,29,4
11536,2025-12-30 10:52:32+05:30,3248.7,9,3248.56,287550,101443.0,118774.0,3250.0,3257.0,3239.8,3251.5,41885200,3576.6,2926.4,4322.95,2866.6,3248.7,161,3,3248.6,2,1,3248.5,1,1,3248.1,38,2,3248.0,47,4,3248.9,3,2,3249.0,12,5,3249.1,63,8,3249.2,24,3,3249.4,29,4
11536,2025-12-30 10:52:33+05:30,3248.7,9,3248.56,287584,101551.0,118780.0,3250.0,3257.0,3239.8,3251.5,41885200,3576.6,2926.4,4322.95,2866.6,3248.8,3,1,3248.7,127,3,3248.6,2,1,3248.5,1,1,3248.1,38,2,3248.9,18,6,3249.0,13,5,3249.1,62,7,3249.2,9,1,3249.4,48,5
11536,2025-12-30 10:52:33+05:30,3248.8,1,3248.56,287584,101551.0,118780.0,3250.0,3257.0,3239.8,3251.5,41885200,3576.6,2926.4,4322.95,2866.6,3248.8,3,1,3248.7,127,3,3248.6,2,1,3248.5,1,1,3248.1,38,2,3248.9,18,6,3249.0,13,5,3249.1,62,7,3249.2,9,1,3249.4,48,5
11536,2025-12-30 10:52:34+05:30,3248.8,6,3248.56,287641,103071.0,118726.0,3250.0,3257.0,3239.8,3251.5,41885200,3576.6,2926.4,4322.95,2866.6,3248.8,2,1,3248.7,126,3,3248.6,2,1,3248.5,1,1,3248.1,42,3,3248.9,15,4,3249.0,7,2,3249.1,55,4,3249.2,7,1,3249.4,48,5
11536,2025-12-30 10:52:34+05:30,3248.8,10,3248.56,287641,103071.0,118726.0,3250.0,3257.0,3239.8,3251.5,41885200,3576.6,2926.4,4322.95,2866.6,3248.8,2,1,3248.7,126,3,3248.6,2,1,3248.5,1,1,3248.1,42,3,3248.9,15,4,3249.0,7,2,3249.1,55,4,3249.2,7,1,3249.4,48,5
11536,2025-12-30 10:52:35+05:30,3248.8,2,3248.56,287674,103237.0,118709.0,3250.0,3257.0,3239.8,3251.5,41885200,3576.6,2926.4,4322.95,2866.6,3248.8,5,1,3248.7,126,3,3248.6,2,1,3248.5,1,1,3248.1,42,3,3248.9,18,7,3249.0,6,1,3249.1,44,2,3249.2,7,1,3249.4,71,6
11536,2025-12-30 10:52:35+05:30,3248.8,2,3248.56,287674,103237.0,118709.0,3250.0,3257.0,3239.8,3251.5,41885200,3576.6,2926.4,4322.95,2866.6,3248.8,5,1,3248.7,126,3,3248.6,2,1,3248.5,1,1,3248.1,42,3,3248.9,18,7,3249.0,6,1,3249.1,44,2,3249.2,7,1,3249.4,71,6
11536,2025-12-30 10:52:35+05:30,3248.7,9,3248.56,287688,103123.0,118873.0,3250.0,3257.0,3239.8,3251.5,41885200,3576.6,2926.4,4322.95,2866.6,3248.7,112,3,3248.6,7,2,3248.5,1,1,3248.1,42,3,3248.0,31,3,3248.9,23,8,3249.1,44,2,3249.2,12,2,3249.4,71,6,3249.5,53,2
11536,2025-12-30 10:52:36+05:30,3248.7,3,3248.56,287688,103123.0,118873.0,3250.0,3257.0,3239.8,3251.5,41885200,3576.6,2926.4,4322.95,2866.6,3248.7,112,3,3248.6,7,2,3248.5,1,1,3248.1,42,3,3248.0,31,3,3248.9,23,8,3249.1,44,2,3249.2,12,2,3249.4,71,6,3249.5,53,2
11536,2025-12-30 10:52:36+05:30,3248.7,6,3248.56,287708,103104.0,118971.0,3250.0,3257.0,3239.8,3251.5,41885200,3576.6,2926.4,4322.95,2866.6,3248.7,93,3,3248.6,7,2,3248.5,1,1,3248.1,42,3,3248.0,31,3,3248.9,30,11,3249.1,57,4,3249.2,23,3,3249.3,42,2,3249.4,27,4
11536,2025-12-30 10:52:37+05:30,3248.7,6,3248.56,287708,103104.0,118971.0,3250.0,3257.0,3239.8,3251.5,41885200,3576.6,2926.4,4322.95,2866.6,3248.7,93,3,3248.6,7,2,3248.5,1,1,3248.1,42,3,3248.0,31,3,3248.9,30,11,3249.1,57,4,3249.2,23,3,3249.3,42,2,3249.4,27,4
11536,2025-12-30 10:52:38+05:30,3248.7,4,3248.56,287750,103228.0,118986.0,3250.0,3257.0,3239.8,3251.5,41885200,3576.6,2926.4,4322.95,2866.6,3248.7,57,4,3248.6,2,1,3248.5,1,1,3248.1,44,4,3248.0,10,2,3248.9,36,12,3249.0,9,1,3249.1,57,4,3249.2,65,5,3249.3,22,1
11536,2025-12-30 10:52:38+05:30,3248.7,4,3248.56,287750,103228.0,118986.0,3250.0,3257.0,3239.8,3251.5,41885200,3576.6,2926.4,4322.95,2866.6,3248.7,57,4,3248.6,2,1,3248.5,1,1,3248.1,44,4,3248.0,10,2,3248.9,36,12,3249.0,9,1,3249.1,57,4,3249.2,65,5,3249.3,22,1
11536,2025-12-30 10:52:38+05:30,3248.7,4,3248.56,287754,103180.0,118980.0,3250.0,3257.0,3239.8,3251.5,41885200,3576.6,2926.4,4322.95,2866.6,3248.7,53,4,3248.6,2,1,3248.5,1,1,3248.1,44,4,3248.0,10,2,3248.9,24,10,3249.1,53,3,3249.2,18,2,3249.3,36,2,3249.4,22,3
11536,2025-12-30 10:52:39+05:30,3248.9,2,3248.56,287754,103180.0,118980.0,3250.0,3257.0,3239.8,3251.5,41885200,3576.6,2926.4,4322.95,2866.6,3248.7,53,4,3248.6,2,1,3248.5,1,1,3248.1,44,4,3248.0,10,2,3248.9,24,10,3249.1,53,3,3249.2,18,2,3249.3,36,2,3249.4,22,3
11536,2025-12-30 10:52:40+05:30,3248.9,2,3248.56,287793,103018.0,118959.0,3250.0,3257.0,3239.8,3251.5,41885200,3576.6,2926.4,4322.95,2866.6,3248.8,5,1,3248.7,43,3,3248.6,2,1,3248.5,1,1,3248.1,44,4,3248.9,6,4,3249.0,6,1,3249.1,44,2,3249.2,7,1,3249.3,14,1
11536,2025-12-30 10:52:40+05:30,3248.8,3,3248.56,287793,103018.0,118959.0,3250.0,3257.0,3239.8,3251.5,41885200,3576.6,2926.4,4322.95,2866.6,3248.8,5,1,3248.7,43,3,3248.6,2,1,3248.5,1,1,3248.1,44,4,3248.9,6,4,3249.0,6,1,3249.1,44,2,3249.2,7,1,3249.3,14,1
11536,2025-12-30 10:52:40+05:30,3248.8,3,3248.56,287793,103018.0,118959.0,3250.0,3257.0,3239.8,3251.5,41885200,3576.6,2926.4,4322.95,2866.6,3248.8,5,1,3248.7,43,3,3248.6,2,1,3248.5,1,1,3248.1,44,4,3248.9,6,4,3249.0,6,1,3249.1,44,2,3249.2,7,1,3249.3,14,1
11536,2025-12-30 10:52:41+05:30,3248.8,3,3248.56,287796,103015.0,118955.0,3250.0,3257.0,3239.8,3251.5,41885200,3576.6,2926.4,4322.95,2866.6,3248.8,2,1,3248.7,43,3,3248.6,2,1,3248.5,1,1,3248.1,44,4,3248.9,5,4,3249.0,6,1,3249.1,44,2,3249.2,7,1,3249.3,53,3
11536,2025-12-30 10:52:41+05:30,3248.7,1,3248.56,287796,103015.0,118955.0,3250.0,3257.0,3239.8,3251.5,41885200,3576.6,2926.4,4322.95,2866.6,3248.8,2,1,3248.7,43,3,3248.6,2,1,3248.5,1,1,3248.1,44,4,3248.9,5,4,3249.0,6,1,3249.1,44,2,3249.2,7,1,3249.3,53,3
11536,2025-12-30 10:52:41+05:30,3248.7,1,3248.56,287796,103015.0,118955.0,3250.0,3257.0,3239.8,3251.5,41885200,3576.6,2926.4,4322.95,2866.6,3248.8,2,1,3248.7,43,3,3248.6,2,1,3248.5,1,1,3248.1,44,4,3248.9,5,4,3249.0,6,1,3249.1,44,2,3249.2,7,1,3249.3,53,3
11536,2025-12-30 10:52:41+05:30,3248.7,1,3248.56,287799,103006.0,118862.0,3250.0,3257.0,3239.8,3251.5,41885200,3576.6,2926.4,4322.95,2866.6,3248.7,42,3,3248.6,2,1,3248.5,1,1,3248.1,44,4,3248.0,10,2,3248.8,3,2,3248.9,57,5,3249.3,53,3,3249.4,19,3,3249.5,75,3
11536,2025-12-30 10:52:42+05:30,3248.7,7,3248.56,287799,103006.0,118862.0,3250.0,3257.0,3239.8,3251.5,41885200,3576.6,2926.4,4322.95,2866.6,3248.7,42,3,3248.6,2,1,3248.5,1,1,3248.1,44,4,3248.0,10,2,3248.8,3,2,3248.9,57,5,3249.3,53,3,3249.4,19,3,3249.5,75,3
11536,2025-12-30 10:52:43+05:30,3248.7,7,3248.56,287799,103006.0,118862.0,3250.0,3257.0,3239.8,3251.5,41885200,3576.6,2926.4,4322.95,2866.6,3248.7,42,3,3248.6,2,1,3248.5,1,1,3248.1,44,4,3248.0,10,2,3248.8,3,2,3248.9,57,5,3249.3,53,3,3249.4,19,3,3249.5,75,3
11536,2025-12-30 10:52:43+05:30,3248.7,1,3248.56,287812,103281.0,118749.0,3250.0,3257.0,3239.8,3251.5,41885200,3576.6,2926.4,4322.95,2866.6,3248.7,33,3,3248.6,2,1,3248.5,1,1,3248.4,37,3,3248.3,13,1,3248.8,5,4,3248.9,55,3,3249.5,39,1,3249.6,187,3,3249.7,10,1
11536,2025-12-30 10:52:43+05:30,3248.7,6,3248.56,287812,103281.0,118749.0,3250.0,3257.0,3239.8,3251.5,41885200,3576.6,2926.4,4322.95,2866.6,3248.7,33,3,3248.6,2,1,3248.5,1,1,3248.4,37,3,3248.3,13,1,3248.8,5,4,3248.9,55,3,3249.5,39,1,3249.6,187,3,3249.7,10,1
11536,2025-12-30 10:52:43+05:30,3248.7,6,3248.56,287812,103281.0,118749.0,3250.0,3257.0,3239.8,3251.5,41885200,3576.6,2926.4,4322.95,2866.6,3248.7,33,3,3248.6,2,1,3248.5,1,1,3248.4,37,3,3248.3,13,1,3248.8,5,4,3248.9,55,3,3249.5,39,1,3249.6,187,3,3249.7,10,1
11536,2025-12-30 10:52:44+05:30,3248.7,6,3248.56,287826,103275.0,118747.0,3250.0,3257.0,3239.8,3251.5,41885200,3576.6,2926.4,4322.95,2866.6,3248.7,27,3,3248.6,2,1,3248.5,1,1,3248.4,37,3,3248.3,13,1,3248.8,3,3,3248.9,55,3,3249.5,39,1,3249.6,187,3,3249.7,10,1
11536,2025-12-30 10:52:44+05:30,3248.7,6,3248.56,287826,103275.0,118747.0,3250.0,3257.0,3239.8,3251.5,41885200,3576.6,2926.4,4322.95,2866.6,3248.7,27,3,3248.6,2,1,3248.5,1,1,3248.4,37,3,3248.3,13,1,3248.8,3,3,3248.9,55,3,3249.5,39,1,3249.6,187,3,3249.7,10,1
11536,2025-12-30 10:52:45+05:30,3248.8,1,3248.56,287828,103335.0,118746.0,3250.0,3257.0,3239.8,3251.5,41885200,3576.6,2926.4,4322.95,2866.6,3248.7,34,4,3248.6,12,2,3248.5,1,1,3248.4,37,3,3248.3,56,3,3248.8,2,2,3248.9,55,3,3249.5,39,1,3249.6,187,3,3249.7,10,1
11536,2025-12-30 10:52:45+05:30,3248.8,1,3248.56,287828,103335.0,118746.0,3250.0,3257.0,3239.8,3251.5,41885200,3576.6,2926.4,4322.95,2866.6,3248.7,34,4,3248.6,12,2,3248.5,1,1,3248.4,37,3,3248.3,56,3,3248.8,2,2,3248.9,55,3,3249.5,39,1,3249.6,187,3,3249.7,10,1
11536,2025-12-30 10:52:45+05:30,3248.8,1,3248.56,287828,103335.0,118746.0,3250.0,3257.0,3239.8,3251.5,41885200,3576.6,2926.4,4322.95,2866.6,3248.7,34,4,3248.6,12,2,3248.5,1,1,3248.4,37,3,3248.3,56,3,3248.8,2,2,3248.9,55,3,3249.5,39,1,3249.6,187,3,3249.7,10,1
11536,2025-12-30 10:52:46+05:30,3248.7,4,3248.56,287832,103368.0,118649.0,3250.0,3257.0,3239.8,3251.5,41885200,3576.6,2926.4,4322.95,2866.6,3248.7,23,3,3248.6,12,2,3248.5,1,1,3248.4,18,1,3248.3,22,1,3248.8,3,3,3248.9,55,3,3249.5,39,1,3249.6,187,3,3249.7,10,1
11536,2025-12-30 10:52:46+05:30,3248.8,1,3248.56,287832,103368.0,118649.0,3250.0,3257.0,3239.8,3251.5,41885200,3576.6,2926.4,4322.95,2866.6,3248.7,23,3,3248.6,12,2,3248.5,1,1,3248.4,18,1,3248.3,22,1,3248.8,3,3,3248.9,55,3,3249.5,39,1,3249.6,187,3,3249.7,10,1
11536,2025-12-30 10:52:46+05:30,3248.8,1,3248.56,287832,103368.0,118649.0,3250.0,3257.0,3239.8,3251.5,41885200,3576.6,2926.4,4322.95,2866.6,3248.7,23,3,3248.6,12,2,3248.5,1,1,3248.4,18,1,3248.3,22,1,3248.8,3,3,3248.9,55,3,3249.5,39,1,3249.6,187,3,3249.7,10,1
11536,2025-12-30 10:52:47+05:30,3248.7,1,3248.56,287834,103417.0,118649.0,3250.0,3257.0,3239.8,3251.5,41885200,3576.6,2926.4,4322.95,2866.6,3248.7,22,3,3248.6,12,2,3248.5,1,1,3248.4,25,2,3248.3,22,1,3248.8,3,3,3248.9,55,3,3249.5,39,1,3249.6,187,3,3249.7,10,1
11536,2025-12-30 10:52:47+05:30,3248.7,1,3248.56,287834,103417.0,118649.0,3250.0,3257.0,3239.8,3251.5,41885200,3576.6,2926.4,4322.95,2866.6,3248.7,22,3,3248.6,12,2,3248.5,1,1,3248.4,25,2,3248.3,22,1,3248.8,3,3,3248.9,55,3,3249.5,39,1,3249.6,187,3,3249.7,10,1
11536,2025-12-30 10:52:47+05:30,3248.7,1,3248.56,287834,103417.0,118649.0,3250.0,3257.0,3239.8,3251.5,41885200,3576.6,2926.4,4322.95,2866.6,3248.7,22,3,3248.6,12,2,3248.5,1,1,3248.4,25,2,3248.3,22,1,3248.8,3,3,3248.9,55,3,3249.5,39,1,3249.6,187,3,3249.7,10,1
11536,2025-12-30 10:52:47+05:30,3248.7,1,3248.56,287834,103417.0,118649.0,3250.0,3257.0,3239.8,3251.5,41885200,3576.6,2926.4,4322.95,2866.6,3248.7,22,3,3248.6,12,2,3248.5,1,1,3248.4,25,2,3248.3,22,1,3248.8,3,3,3248.9,55,3,3249.5,39,1,3249.6,187,3,3249.7,10,1
11536,2025-12-30 10:52:48+05:30,3248.7,6,3248.56,287841,103398.0,118649.0,3250.0,3257.0,3239.8,3251.5,41885200,3576.6,2926.4,4322.95,2866.6,3248.7,20,4,3248.6,12,2,3248.5,1,1,3248.4,18,1,3248.3,22,1,3248.8,3,3,3248.9,55,3,3249.5,39,1,3249.6,187,3,3249.7,10,1
11536,2025-12-30 10:52:48+05:30,3248.8,1,3248.56,287841,103398.0,118649.0,3250.0,3257.0,3239.8,3251.5,41885200,3576.6,2926.4,4322.95,2866.6,3248.7,20,4,3248.6,12,2,3248.5,1,1,3248.4,18,1,3248.3,22,1,3248.8,3,3,3248.9,55,3,3249.5,39,1,3249.6,187,3,3249.7,10,1
11536,2025-12-30 10:52:48+05:30,3248.8,1,3248.56,287841,103398.0,118649.0,3250.0,3257.0,3239.8,3251.5,41885200,3576.6,2926.4,4322.95,2866.6,3248.7,20,4,3248.6,12,2,3248.5,1,1,3248.4,18,1,3248.3,22,1,3248.8,3,3,3248.9,55,3,3249.5,39,1,3249.6,187,3,3249.7,10,1
11536,2025-12-30 10:52:49+05:30,3248.8,1,3248.56,287846,103457.0,118623.0,3250.0,3257.0,3239.8,3251.5,41885200,3576.6,2926.4,4322.95,2866.6,3248.7,20,4,3248.6,12,2,3248.5,1,1,3248.4,18,1,3248.3,43,2,3248.8,3,3,3248.9,55,3,3249.5,41,1,3249.6,191,4,3249.7,10,1
11536,2025-12-30 10:52:49+05:30,3248.8,1,3248.56,287846,103457.0,118623.0,3250.0,3257.0,3239.8,3251.5,41885200,3576.6,2926.4,4322.95,2866.6,3248.7,20,4,3248.6,12,2,3248.5,1,1,3248.4,18,1,3248.3,43,2,3248.8,3,3,3248.9,55,3,3249.5,41,1,3249.6,191,4,3249.7,10,1
11536,2025-12-30 10:52:50+05:30,3248.8,1,3248.56,287846,103478.0,118623.0,3250.0,3257.0,3239.8,3251.5,41885200,3576.6,2926.4,4322.95,2866.6,3248.7,15,3,3248.6,17,3,3248.5,1,1,3248.4,25,2,3248.3,43,2,3248.8,3,3,3248.9,55,3,3249.5,41,1,3249.6,191,4,3249.7,10,1
11536,2025-12-30 10:52:50+05:30,3248.7,2,3248.56,287846,103478.0,118623.0,3250.0,3257.0,3239.8,3251.5,41885200,3576.6,2926.4,4322.95,2866.6,3248.7,15,3,3248.6,17,3,3248.5,1,1,3248.4,25,2,3248.3,43,2,3248.8,3,3,3248.9,55,3,3249.5,41,1,3249.6,191,4,3249.7,10,1
11536,2025-12-30 10:52:50+05:30,3248.7,2,3248.56,287846,103478.0,118623.0,3250.0,3257.0,3239.8,3251.5,41885200,3576.6,2926.4,4322.95,2866.6,3248.7,15,3,3248.6,17,3,3248.5,1,1,3248.4,25,2,3248.3,43,2,3248.8,3,3,3248.9,55,3,3249.5,41,1,3249.6,191,4,3249.7,10,1
11536,2025-12-30 10:52:51+05:30,3248.7,2,3248.56,287849,103375.0,118566.0,3250.0,3257.0,3239.8,3251.5,41885200,3576.6,2926.4,4322.95,2866.6,3248.7,12,3,3248.6,17,3,3248.5,1,1,3248.4,18,1,3248.3,7,1,3248.8,1,1,3248.9,55,3,3249.5,41,1,3249.6,161,3,3249.8,223,6
11536,2025-12-30 10:52:51+05:30,3248.8,4,3248.56,287849,103375.0,118566.0,3250.0,3257.0,3239.8,3251.5,41885200,3576.6,2926.4,4322.95,2866.6,3248.7,12,3,3248.6,17,3,3248.5,1,1,3248.4,18,1,3248.3,7,1,3248.8,1,1,3248.9,55,3,3249.5,41,1,3249.6,161,3,3249.8,223,6
11536,2025-12-30 10:52:52+05:30,3248.8,1,3248.56,287855,102911.0,118587.0,3250.0,3257.0,3239.8,3251.5,41885200,3576.6,2926.4,4322.95,2866.6,3248.7,17,4,3248.6,12,2,3248.5,1,1,3248.1,62,5,3248.0,33,4,3248.8,63,6,3249.2,4,1,3249.3,5,1,3249.4,22,2,3249.5,57,3
11536,2025-12-30 10:52:52+05:30,3248.8,1,3248.56,287855,102911.0,118587.0,3250.0,3257.0,3239.8,3251.5,41885200,3576.6,2926.4,4322.95,2866.6,3248.7,17,4,3248.6,12,2,3248.5,1,1,3248.1,62,5,3248.0,33,4,3248.8,63,6,3249.2,4,1,3249.3,5,1,3249.4,22,2,3249.5,57,3
11536,2025-12-30 10:52:52+05:30,3248.8,1,3248.56,287855,102911.0,118587.0,3250.0,3257.0,3239.8,3251.5,41885200,3576.6,2926.4,4322.95,2866.6,3248.7,17,4,3248.6,12,2,3248.5,1,1,3248.1,62,5,3248.0,33,4,3248.8,63,6,3249.2,4,1,3249.3,5,1,3249.4,22,2,3249.5,57,3
11536,2025-12-30 10:52:53+05:30,3248.8,1,3248.56,287855,101498.0,118748.0,3250.0,3257.0,3239.8,3251.5,41885200,3576.6,2926.4,4322.95,2866.6,3248.7,17,4,3248.6,12,2,3248.5,1,1,3248.1,62,5,3248.0,32,3,3248.8,63,6,3249.1,4,1,3249.2,18,3,3249.3,17,2,3249.4,28,3
11536,2025-12-30 10:52:53+05:30,3248.8,1,3248.56,287855,101498.0,118748.0,3250.0,3257.0,3239.8,3251.5,41885200,3576.6,2926.4,4322.95,2866.6,3248.7,17,4,3248.6,12,2,3248.5,1,1,3248.1,62,5,3248.0,32,3,3248.8,63,6,3249.1,4,1,3249.2,18,3,3249.3,17,2,3249.4,28,3
11536,2025-12-30 10:52:54+05:30,3248.8,14,3248.56,287907,101682.0,118782.0,3250.0,3257.0,3239.8,3251.5,41885200,3576.6,2926.4,4322.95,2866.6,3248.7,10,2,3248.6,12,2,3248.5,1,1,3248.1,62,5,3248.0,67,5,3248.8,16,5,3249.2,4,1,3249.3,18,1,3249.4,24,3,3249.5,80,4
11536,2025-12-30 10:52:54+05:30,3248.8,2,3248.56,287907,101682.0,118782.0,3250.0,3257.0,3239.8,3251.5,41885200,3576.6,2926.4,4322.95,2866.6,3248.7,10,2,3248.6,12,2,3248.5,1,1,3248.1,62,5,3248.0,67,5,3248.8,16,5,3249.2,4,1,3249.3,18,1,3249.4,24,3,3249.5,80,4
11536,2025-12-30 10:52:55+05:30,3248.8,2,3248.56,287931,101673.0,118657.0,3250.0,3257.0,3239.8,3251.5,41885200,3576.6,2926.4,4322.95,2866.6,3248.7,12,3,3248.6,12,2,3248.5,1,1,3248.1,44,4,3248.0,70,6,3248.8,5,4,3248.9,5,1,3249.0,4,1,3249.2,9,2,3249.3,6,1
11536,2025-12-30 10:52:55+05:30,3248.8,2,3248.56,287931,101673.0,118657.0,3250.0,3257.0,3239.8,3251.5,41885200,3576.6,2926.4,4322.95,2866.6,3248.7,12,3,3248.6,12,2,3248.5,1,1,3248.1,44,4,3248.0,70,6,3248.8,5,4,3248.9,5,1,3249.0,4,1,3249.2,9,2,3249.3,6,1
11536,2025-12-30 10:52:55+05:30,3248.8,1,3248.56,287931,101673.0,118657.0,3250.0,3257.0,3239.8,3251.5,41885200,3576.6,2926.4,4322.95,2866.6,3248.7,12,3,3248.6,12,2,3248.5,1,1,3248.1,44,4,3248.0,70,6,3248.8,5,4,3248.9,5,1,3249.0,4,1,3249.2,9,2,3249.3,6,1
11536,2025-12-30 10:52:55+05:30,3248.8,1,3248.56,287940,103436.0,118749.0,3250.0,3257.0,3239.8,3251.5,41885200,3576.6,2926.4,4322.95,2866.6,3248.7,5,2,3248.6,14,3,3248.5,1,1,3248.2,18,1,3248.1,44,4,3248.8,3,3,3248.9,5,1,3249.2,9,2,3249.3,6,1,3249.4,43,4
11536,2025-12-30 10:52:56+05:30,3248.8,1,3248.56,287940,103436.0,118749.0,3250.0,3257.0,3239.8,3251.5,41885200,3576.6,2926.4,4322.95,2866.6,3248.7,5,2,3248.6,14,3,3248.5,1,1,3248.2,18,1,3248.1,44,4,3248.8,3,3,3248.9,5,1,3249.2,9,2,3249.3,6,1,3249.4,43,4
11536,2025-12-30 10:52:56+05:30,3248.8,1,3248.56,287940,103436.0,118749.0,3250.0,3257.0,3239.8,3251.5,41885200,3576.6,2926.4,4322.95,2866.6,3248.7,5,2,3248.6,14,3,3248.5,1,1,3248.2,18,1,3248.1,44,4,3248.8,3,3,3248.9,5,1,3249.2,9,2,3249.3,6,1,3249.4,43,4
11536,2025-12-30 10:52:56+05:30,3248.7,5,3248.56,287951,103458.0,118739.0,3250.0,3257.0,3239.8,3251.5,41885200,3576.6,2926.4,4322.95,2866.6,3248.7,6,2,3248.6,14,3,3248.5,1,1,3248.2,18,1,3248.1,44,4,3248.8,4,4,3249.2,4,1,3249.3,12,2,3249.4,36,3,3249.5,59,3
11536,2025-12-30 10:52:57+05:30,3248.7,5,3248.56,287951,103458.0,118739.0,3250.0,3257.0,3239.8,3251.5,41885200,3576.6,2926.4,4322.95,2866.6,3248.7,6,2,3248.6,14,3,3248.5,1,1,3248.2,18,1,3248.1,44,4,3248.8,4,4,3249.2,4,1,3249.3,12,2,3249.4,36,3,3249.5,59,3
11536,2025-12-30 10:52:58+05:30,3248.7,3,3248.56,287963,103474.0,118742.0,3250.0,3257.0,3239.8,3251.5,41885200,3576.6,2926.4,4322.95,2866.6,3248.7,9,3,3248.6,12,2,3248.5,1,1,3248.1,62,5,3248.0,77,7,3248.8,4,4,3249.4,36,3,3249.5,51,2,3249.6,206,5,3249.7,33,2
11536,2025-12-30 10:52:58+05:30,3248.7,3,3248.56,287963,103474.0,118742.0,3250.0,3257.0,3239.8,3251.5,41912150,3576.6,2926.4,4322.95,2866.6,3248.7,9,3,3248.6,12,2,3248.5,1,1,3248.1,62,5,3248.0,77,7,3248.8,4,4,3249.4,36,3,3249.5,51,2,3249.6,206,5,3249.7,33,2
11536,2025-12-30 10:52:58+05:30,3248.7,2,3248.56,287963,103474.0,118742.0,3250.0,3257.0,3239.8,3251.5,41912150,3576.6,2926.4,4322.95,2866.6,3248.7,9,3,3248.6,12,2,3248.5,1,1,3248.1,62,5,3248.0,77,7,3248.8,4,4,3249.4,36,3,3249.5,51,2,3249.6,206,5,3249.7,33,2
11536,2025-12-30 10:52:59+05:30,3248.7,2,3248.56,287970,103907.0,118627.0,3250.0,3257.0,3239.8,3251.5,41912150,3576.6,2926.4,4322.95,2866.6,3248.7,13,3,3248.6,18,3,3248.5,1,1,3248.4,6,1,3248.2,32,2,3248.8,3,3,3249.6,48,3,3249.7,33,2,3249.8,234,6,3249.9,217,5
11536,2025-12-30 10:52:59+05:30,3248.7,2,3248.56,287970,103907.0,118627.0,3250.0,3257.0,3239.8,3251.5,41912150,3576.6,2926.4,4322.95,2866.6,3248.7,13,3,3248.6,18,3,3248.5,1,1,3248.4,6,1,3248.2,32,2,3248.8,3,3,3249.6,48,3,3249.7,33,2,3249.8,234,6,3249.9,217,5
11536,2025-12-30 10:52:59+05:30,3248.8,1,3248.56,287981,103821.0,117902.0,3250.0,3257.0,3239.8,3251.5,41912150,3576.6,2926.4,4322.95,2866.6,3248.8,1,1,3248.7,11,2,3248.6,12,2,3248.5,1,1,3248.2,21,1,3249.4,4,1,3249.6,19,2,3249.7,54,3,3249.8,200,5,3249.9,31,3
11536,2025-12-30 10:53:00+05:30,3248.8,1,3248.56,287981,103821.0,117902.0,3250.0,3257.0,3239.8,3251.5,41912150,3576.6,2926.4,4322.95,2866.6,3248.8,1,1,3248.7,11,2,3248.6,12,2,3248.5,1,1,3248.2,21,1,3249.4,4,1,3249.6,19,2,3249.7,54,3,3249.8,200,5,3249.9,31,3
11536,2025-12-30 10:53:00+05:30,3248.8,1,3248.56,287981,103821.0,117902.0,3250.0,3257.0,3239.8,3251.5,41912150,3576.6,2926.4,4322.95,2866.6,3248.8,1,1,3248.7,11,2,3248.6,12,2,3248.5,1,1,3248.2,21,1,3249.4,4,1,3249.6,19,2,3249.7,54,3,3249.8,200,5,3249.9,31,3
11536,2025-12-30 10:53:00+05:30,3248.8,1,3248.56,287981,103816.0,117939.0,3250.0,3257.0,3239.8,3251.5,41912150,3576.6,2926.4,4322.95,2866.6,3248.8,1,1,3248.7,11,2,3248.6,12,2,3248.5,1,1,3248.2,21,1,3249.4,6,3,3249.6,24,3,3249.7,54,3,3249.8,200,5,3249.9,31,3
11536,2025-12-30 10:53:01+05:30,3249.4,2,3248.56,287981,103816.0,117939.0,3250.0,3257.0,3239.8,3251.5,41912150,3576.6,2926.4,4322.95,2866.6,3248.8,1,1,3248.7,11,2,3248.6,12,2,3248.5,1,1,3248.2,21,1,3249.4,6,3,3249.6,24,3,3249.7,54,3,3249.8,200,5,3249.9,31,3
11536,2025-12-30 10:53:01+05:30,3249.4,2,3248.56,287983,104131.0,117774.0,3250.0,3257.0,3239.8,3251.5,41912150,3576.6,2926.4,4322.95,2866.6,3249.1,1,1,3248.7,11,2,3248.6,12,2,3248.5,1,1,3248.2,88,3,3249.4,5,4,3249.5,21,2,3249.6,6,2,3249.7,54,3,3249.8,36,4
11536,2025-12-30 10:53:02+05:30,3249.1,1,3248.56,287983,104131.0,117774.0,3250.0,3257.0,3239.8,3251.5,41912150,3576.6,2926.4,4322.95,2866.6,3249.1,1,1,3248.7,11,2,3248.6,12,2,3248.5,1,1,3248.2,88,3,3249.4,5,4,3249.5,21,2,3249.6,6,2,3249.7,54,3,3249.8,36,4
11536,2025-12-30 10:53:03+05:30,3248.9,2,3248.56,287986,104175.0,117992.0,3250.0,3257.0,3239.8,3251.5,41912150,3576.6,2926.4,4322.95,2866.6,3248.9,2,1,3248.7,11,2,3248.6,12,2,3248.5,1,1,3248.3,28,2,3249.1,1,1,3249.4,15,2,3249.5,25,3,3249.6,1,1,3249.7,60,4
11536,2025-12-30 10:53:03+05:30,3249.1,1,3248.56,287986,104175.0,117992.0,3250.0,3257.0,3239.8,3251.5,41912150,3576.6,2926.4,4322.95,2866.6,3248.9,2,1,3248.7,11,2,3248.6,12,2,3248.5,1,1,3248.3,28,2,3249.1,1,1,3249.4,15,2,3249.5,25,3,3249.6,1,1,3249.7,60,4
11536,2025-12-30 10:53:04+05:30,3249.4,3,3248.56,287994,104198.0,118122.0,3250.0,3257.0,3239.8,3251.5,41912150,3576.6,2926.4,4322.95,2866.6,3248.7,11,2,3248.6,14,3,3248.5,1,1,3248.3,59,3,3248.2,89,3,3249.4,11,1,3249.5,13,3,3249.6,1,1,3249.7,90,4,3249.8,170,4
11536,2025-12-30 10:53:04+05:30,3249.4,3,3248.56,287994,104198.0,118122.0,3250.0,3257.0,3239.8,3251.5,41912150,3576.6,2926.4,4322.95,2866.6,3248.7,11,2,3248.6,14,3,3248.5,1,1,3248.3,59,3,3248.2,89,3,3249.4,11,1,3249.5,13,3,3249.6,1,1,3249.7,90,4,3249.8,170,4
11536,2025-12-30 10:53:05+05:30,3249.4,3,3248.56,287994,104206.0,118126.0,3250.0,3257.0,3239.8,3251.5,41912150,3576.6,2926.4,4322.95,2866.6,3248.7,56,3,3248.6,14,3,3248.5,1,1,3248.3,28,2,3248.2,83,2,3249.4,13,3,3249.5,25,3,3249.6,21,2,3249.7,70,3,3249.8,170,4
11536,2025-12-30 10:53:05+05:30,3249.4,1,3248.56,287994,104206.0,118126.0,3250.0,3257.0,3239.8,3251.5,41912150,3576.6,2926.4,4322.95,2866.6,3248.7,56,3,3248.6,14,3,3248.5,1,1,3248.3,28,2,3248.2,83,2,3249.4,13,3,3249.5,25,3,3249.6,21,2,3249.7,70,3,3249.8,170,4
11536,2025-12-30 10:53:05+05:30,3249.4,1,3248.56,287995,104246.0,118104.0,3250.0,3257.0,3239.8,3251.5,41912150,3576.6,2926.4,4322.95,2866.6,3248.7,58,4,3248.6,12,2,3248.5,7,2,3248.4,37,2,3248.3,22,1,3249.4,12,3,3249.6,1,1,3249.7,70,3,3249.8,181,4,3249.9,19,2
11536,2025-12-30 10:53:06+05:30,3249.4,1,3248.56,287995,104246.0,118104.0,3250.0,3257.0,3239.8,3251.5,41912150,3576.6,2926.4,4322.95,2866.6,3248.7,58,4,3248.6,12,2,3248.5,7,2,3248.4,37,2,3248.3,22,1,3249.4,12,3,3249.6,1,1,3249.7,70,3,3249.8,181,4,3249.9,19,2
11536,2025-12-30 10:53:06+05:30,3249.4,1,3248.56,287999,104295.0,117939.0,3250.0,3257.0,3239.8,3251.5,41912150,3576.6,2926.4,4322.95,2866.6,3248.7,56,4,3248.6,18,3,3248.5,38,3,3248.4,6,1,3248.3,22,1,3249.4,10,3,3249.7,10,1,3249.8,10,4,3249.9,62,3,3250.0,230,6
11536,2025-12-30 10:53:07+05:30,3248.7,1,3248.56,287999,104295.0,117939.0,3250.0,3257.0,3239.8,3251.5,41912150,3576.6,2926.4,4322.95,2866.6,3248.7,56,4,3248.6,18,3,3248.5,38,3,3248.4,6,1,3248.3,22,1,3249.4,10,3,3249.7,10,1,3249.8,10,4,3249.9,62,3,3250.0,230,6
11536,2025-12-30 10:53:07+05:30,3248.8,3,3248.56,288003,104264.0,117932.0,3250.0,3257.0,3239.8,3251.5,41912150,3576.6,2926.4,4322.95,2866.6,3248.8,2,1,3248.7,57,4,3248.6,12,2,3248.5,38,3,3248.4,6,1,3249.4,11,4,3249.7,10,1,3249.8,10,4,3249.9,62,3,3250.0,230,6
11536,2025-12-30 10:53:08+05:30,3248.8,1,3248.56,288003,104264.0,117932.0,3250.0,3257.0,3239.8,3251.5,41912150,3576.6,2926.4,4322.95,2866.6,3248.8,2,1,3248.7,57,4,3248.6,12,2,3248.5,38,3,3248.4,6,1,3249.4,11,4,3249.7,10,1,3249.8,10,4,3249.9,62,3,3250.0,230,6
11536,2025-12-30 10:53:08+05:30,3249.4,1,3248.56,288005,102594.0,117904.0,3250.0,3257.0,3239.8,3251.5,41912150,3576.6,2926.4,4322.95,2866.6,3248.8,1,1,3248.7,57,4,3248.6,18,3,3248.5,1,1,3248.4,6,1,3249.4,10,4,3249.7,10,1,3249.8,10,4,3249.9,62,3,3250.0,236,7
11536,2025-12-30 10:53:09+05:30,3249.4,4,3248.56,288005,102594.0,117904.0,3250.0,3257.0,3239.8,3251.5,41912150,3576.6,2926.4,4322.95,2866.6,3248.8,1,1,3248.7,57,4,3248.6,18,3,3248.5,1,1,3248.4,6,1,3249.4,10,4,3249.7,10,1,3249.8,10,4,3249.9,62,3,3250.0,236,7
11536,2025-12-30 10:53:09+05:30,3249.4,4,3248.56,288010,104481.0,117921.0,3250.0,3257.0,3239.8,3251.5,41912150,3576.6,2926.4,4322.95,2866.6,3249.1,2,1,3248.7,57,4,3248.6,12,2,3248.5,1,1,3248.4,27,2,3249.4,7,5,3249.7,27,2,3249.8,10,4,3249.9,88,5,3250.0,213,5
11536,2025-12-30 10:53:10+05:30,3249.1,1,3248.56,288010,104481.0,117921.0,3250.0,3257.0,3239.8,3251.5,41912150,3576.6,2926.4,4322.95,2866.6,3249.1,2,1,3248.7,57,4,3248.6,12,2,3248.5,1,1,3248.4,27,2,3249.4,7,5,3249.7,27,2,3249.8,10,4,3249.9,88,5,3250.0,213,5
11536,2025-12-30 10:53:11+05:30,3249.1,1,3248.56,288012,104629.0,117958.0,3250.0,3257.0,3239.8,3251.5,41912150,3576.6,2926.4,4322.95,2866.6,3249.1,117,2,3248.7,57,4,3248.6,12,2,3248.5,1,1,3248.4,21,1,3249.4,14,6,3249.6,26,3,3249.7,30,2,3249.8,16,5,3249.9,62,3
11536,2025-12-30 10:53:12+05:30,3249.3,1,3248.56,288012,104629.0,117958.0,3250.0,3257.0,3239.8,3251.5,41912150,3576.6,2926.4,4322.95,2866.6,3249.1,117,2,3248.7,57,4,3248.6,12,2,3248.5,1,1,3248.4,21,1,3249.4,14,6,3249.6,26,3,3249.7,30,2,3249.8,16,5,3249.9,62,3
11536,2025-12-30 10:53:12+05:30,3249.3,1,3248.56,288015,104822.0,117908.0,3250.0,3257.0,3239.8,3251.5,41912150,3576.6,2926.4,4322.95,2866.6,3249.3,1,1,3249.1,159,2,3248.7,57,4,3248.6,12,2,3248.5,1,1,3249.4,5,3,3249.6,26,3,3249.7,30,2,3249.8,16,5,3249.9,19,2
11536,2025-12-30 10:53:13+05:30,3249.3,1,3248.56,288015,104822.0,117908.0,3250.0,3257.0,3239.8,3251.5,41912150,3576.6,2926.4,4322.95,2866.6,3249.3,1,1,3249.1,159,2,3248.7,57,4,3248.6,12,2,3248.5,1,1,3249.4,5,3,3249.6,26,3,3249.7,30,2,3249.8,16,5,3249.9,19,2
11536,2025-12-30 10:53:13+05:30,3249.3,1,3248.56,288026,104841.0,117603.0,3250.0,3257.0,3239.8,3251.5,41912150,3576.6,2926.4,4322.95,2866.6,3249.3,2,1,3249.1,159,2,3248.7,57,4,3248.6,34,3,3248.5,1,1,3249.6,28,6,3249.7,20,1,3249.8,16,5,3249.9,18,2,3250.0,33,4
11536,2025-12-30 10:53:14+05:30,3249.3,1,3248.56,288029,104947.0,117603.0,3250.0,3257.0,3239.8,3251.5,41912150,3576.6,2926.4,4322.95,2866.6,3249.3,161,1,3249.1,159,2,3248.7,12,3,3248.6,34,3,3248.5,1,1,3249.6,11,4,3249.7,20,1,3249.8,16,5,3249.9,35,3,3250.0,11,3
11536,2025-12-30 10:53:15+05:30,3249.6,1,3248.56,288029,104947.0,117603.0,3250.0,3257.0,3239.8,3251.5,41912150,3576.6,2926.4,4322.95,2866.6,3249.3,161,1,3249.1,159,2,3248.7,12,3,3248.6,34,3,3248.5,1,1,3249.6,11,4,3249.7,20,1,3249.8,16,5,3249.9,35,3,3250.0,11,3
11536,2025-12-30 10:53:15+05:30,3249.3,1,3248.56,288032,104691.0,117769.0,3250.0,3257.0,3239.8,3251.5,41912150,3576.6,2926.4,4322.95,2866.6,3249.3,160,1,3249.1,159,2,3249.0,9,1,3248.7,32,4,3248.6,46,3,3249.6,2,2,3249.8,5,3,3249.9,18,2,3250.0,1,1,3250.1,85,6
11536,2025-12-30 10:53:16+05:30,3249.6,1,3248.56,288032,104691.0,117769.0,3250.0,3257.0,3239.8,3251.5,41912150,3576.6,2926.4,4322.95,2866.6,3249.3,160,1,3249.1,159,2,3249.0,9,1,3248.7,32,4,3248.6,46,3,3249.6,2,2,3249.8,5,3,3249.9,18,2,3250.0,1,1,3250.1,85,6
11536,2025-12-30 10:53:16+05:30,3249.6,1,3248.56,288033,104701.0,117765.0,3250.0,3257.0,3239.8,3251.5,41912150,3576.6,2926.4,4322.95,2866.6,3249.3,217,3,3249.2,1,1,3249.1,159,2,3248.7,12,3,3248.6,46,3,3249.6,2,2,3249.8,5,3,3249.9,4,1,3250.1,68,5,3250.2,218,7
11536,2025-12-30 10:53:17+05:30,3249.3,1,3248.56,288033,104701.0,117765.0,3250.0,3257.0,3239.8,3251.5,41912150,3576.6,2926.4,4322.95,2866.6,3249.3,217,3,3249.2,1,1,3249.1,159,2,3248.7,12,3,3248.6,46,3,3249.6,2,2,3249.8,5,3,3249.9,4,1,3250.1,68,5,3250.2,218,7
11536,2025-12-30 10:53:17+05:30,3249.3,1,3248.56,288034,104763.0,117728.0,3250.0,3257.0,3239.8,3251.5,41912150,3576.6,2926.4,4322.95,2866.6,3249.3,218,4,3249.2,1,1,3249.1,159,2,3248.8,59,3,3248.7,12,3,3249.6,1,1,3249.8,5,3,3249.9,4,1,3250.0,6,1,3250.1,62,4
11536,2025-12-30 10:53:18+05:30,3249.6,1,3248.56,288034,104763.0,117728.0,3250.0,3257.0,3239.8,3251.5,41912150,3576.6,2926.4,4322.95,2866.6,3249.3,218,4,3249.2,1,1,3249.1,159,2,3248.8,59,3,3248.7,12,3,3249.6,1,1,3249.8,5,3,3249.9,4,1,3250.0,6,1,3250.1,62,4
11536,2025-12-30 10:53:18+05:30,3249.6,1,3248.56,288037,104755.0,117880.0,3250.0,3257.0,3239.8,3251.5,41912150,3576.6,2926.4,4322.95,2866.6,3249.3,216,4,3249.2,1,1,3249.1,159,2,3248.8,59,3,3248.7,12,3,3249.6,2,2,3249.8,5,3,3249.9,4,1,3250.0,6,1,3250.1,62,4
11536,2025-12-30 10:53:19+05:30,3249.6,1,3248.56,288037,105103.0,117751.0,3250.0,3257.0,3239.8,3251.5,41912150,3576.6,2926.4,4322.95,2866.6,3249.3,217,5,3249.1,159,2,3248.8,22,1,3248.7,12,3,3248.6,46,3,3249.6,2,2,3249.7,4,1,3249.8,10,4,3250.0,27,3,3250.1,82,5
11536,2025-12-30 10:53:20+05:30,3249.3,1,3248.56,288037,105103.0,117751.0,3250.0,3257.0,3239.8,3251.5,41912150,3576.6,2926.4,4322.95,2866.6,3249.3,217,5,3249.1,159,2,3248.8,22,1,3248.7,12,3,3248.6,46,3,3249.6,2,2,3249.7,4,1,3249.8,10,4,3250.0,27,3,3250.1,82,5
11536,2025-12-30 10:53:20+05:30,3249.3,1,3248.56,288038,105083.0,117750.0,3250.0,3257.0,3239.8,3251.5,41912150,3576.6,2926.4,4322.95,2866.6,3249.3,216,5,3249.1,159,2,3248.8,22,1,3248.7,12,3,3248.6,46,3,3249.6,9,3,3249.8,15,5,3249.9,23,2,3250.0,10,2,3250.1,82,5
11536,2025-12-30 10:53:21+05:30,3249.3,1,3248.56,288038,105083.0,117750.0,3250.0,3257.0,3239.8,3251.5,41912150,3576.6,2926.4,4322.95,2866.6,3249.3,216,5,3249.1,159,2,3248.8,22,1,3248.7,12,3,3248.6,46,3,3249.6,9,3,3249.8,15,5,3249.9,23,2,3250.0,10,2,3250.1,82,5
11536,2025-12-30 10:53:21+05:30,3249.3,1,3248.56,288039,104624.0,117559.0,3250.0,3257.0,3239.8,3251.5,41912150,3576.6,2926.4,4322.95,2866.6,3249.4,1,1,3249.3,214,4,3249.1,159,2,3248.7,12,3,3248.6,24,2,3249.8,15,5,3249.9,33,3,3250.0,10,2,3250.1,86,5,3250.2,224,8
11536,2025-12-30 10:53:22+05:30,3249.3,1,3248.56,288039,102681.0,118151.0,3250.0,3257.0,3239.8,3251.5,41912150,3576.6,2926.4,4322.95,2866.6,3249.4,2,2,3249.3,214,4,3249.1,159,2,3248.7,12,3,3248.6,24,2,3249.8,15,5,3249.9,33,3,3250.0,10,2,3250.1,86,5,3250.2,224,8
11536,2025-12-30 10:53:23+05:30,3249.3,1,3248.56,288039,104176.0,118117.0,3250.0,3257.0,3239.8,3251.5,41912150,3576.6,2926.4,4322.95,2866.6,3249.6,1,1,3249.4,194,2,3249.3,214,4,3249.1,159,2,3248.8,20,1,3249.8,42,5,3249.9,33,3,3250.0,10,2,3250.1,40,3,3250.2,224,8
11536,2025-12-30 10:53:24+05:30,3249.8,2,3248.56,288039,104176.0,118117.0,3250.0,3257.0,3239.8,3251.5,41912150,3576.6,2926.4,4322.95,2866.6,3249.6,1,1,3249.4,194,2,3249.3,214,4,3249.1,159,2,3248.8,20,1,3249.8,42,5,3249.9,33,3,3250.0,10,2,3250.1,40,3,3250.2,224,8
11536,2025-12-30 10:53:24+05:30,3249.8,2,3248.56,288041,104427.0,118059.0,3250.0,3257.0,3239.8,3251.5,41912150,3576.6,2926.4,4322.95,2866.6,3249.6,2,2,3249.4,194,2,3249.3,214,4,3249.1,159,2,3248.8,20,1,3249.8,42,7,3249.9,15,2,3250.0,4,1,3250.1,8,1,3250.2,32,6
11536,2025-12-30 10:53:25+05:30,3250.7,2,3248.56,288041,104427.0,118059.0,3250.0,3257.0,3239.8,3251.5,41912150,3576.6,2926.4,4322.95,2866.6,3249.6,2,2,3249.4,194,2,3249.3,214,4,3249.1,159,2,3248.8,20,1,3249.8,42,7,3249.9,15,2,3250.0,4,1,3250.1,8,1,3250.2,32,6
11536,2025-12-30 10:53:25+05:30,3250.7,2,3248.56,288092,105313.0,114572.0,3250.0,3257.0,3239.8,3251.5,41912150,3576.6,2926.4,4322.95,2866.6,3249.7,1,1,3249.6,53,2,3249.4,194,2,3249.3,237,6,3249.2,36,2,3250.6,74,7,3250.7,13,4,3250.8,13,3,3250.9,87,4,3251.0,206,8
11536,2025-12-30 10:53:26+05:30,3249.7,1,3248.56,288092,105313.0,114572.0,3250.0,3257.0,3239.8,3251.5,41912150,3576.6,2926.4,4322.95,2866.6,3249.7,1,1,3249.6,53,2,3249.4,194,2,3249.3,237,6,3249.2,36,2,3250.6,74,7,3250.7,13,4,3250.8,13,3,3250.9,87,4,3251.0,206,8
11536,2025-12-30 10:53:26+05:30,3249.7,1,3248.56,288093,105296.0,115768.0,3250.0,3257.0,3239.8,3251.5,41912150,3576.6,2926.4,4322.95,2866.6,3249.7,2,2,3249.6,53,2,3249.4,194,2,3249.3,249,6,3249.2,36,2,3250.5,65,7,3250.6,208,6,3250.7,55,5,3250.8,458,5,3250.9,50,3
11536,2025-12-30 10:53:27+05:30,3249.7,7,3248.56,288093,105296.0,115768.0,3250.0,3257.0,3239.8,3251.5,41912150,3576.6,2926.4,4322.95,2866.6,3249.7,2,2,3249.6,53,2,3249.4,194,2,3249.3,249,6,3249.2,36,2,3250.5,65,7,3250.6,208,6,3250.7,55,5,3250.8,458,5,3250.9,50,3
11536,2025-12-30 10:53:29+05:30,3250.4,1,3248.56,288093,105296.0,115768.0,3250.0,3257.0,3239.8,3251.5,41912150,3576.6,2926.4,4322.95,2866.6,3249.7,2,2,3249.6,53,2,3249.4,194,2,3249.3,249,6,3249.2,36,2,3250.5,65,7,3250.6,208,6,3250.7,55,5,3250.8,458,5,3250.9,50,3
11536,2025-12-30 10:53:31+05:30,3250.4,1,3248.56,288163,105295.0,113436.0,3250.0,3257.0,3239.8,3251.5,41912150,3576.6,2926.4,4322.95,2866.6,3249.7,215,3,3249.6,46,2,3249.5,11,1,3249.4,194,2,3249.3,239,5,3250.4,15,6,3250.5,24,2,3250.6,75,7,3250.7,88,4,3250.8,481,6
11536,2025-12-30 10:53:33+05:30,3249.7,8,3248.56,288163,105295.0,113436.0,3250.0,3257.0,3239.8,3251.5,41912150,3576.6,2926.4,4322.95,2866.6,3249.7,215,3,3249.6,46,2,3249.5,11,1,3249.4,194,2,3249.3,239,5,3250.4,15,6,3250.5,24,2,3250.6,75,7,3250.7,88,4,3250.8,481,6
11536,2025-12-30 10:53:35+05:30,3250.2,2,3248.56,288163,105295.0,113436.0,3250.0,3257.0,3239.8,3251.5,41912150,3576.6,2926.4,4322.95,2866.6,3249.7,215,3,3249.6,46,2,3249.5,11,1,3249.4,194,2,3249.3,239,5,3250.4,15,6,3250.5,24,2,3250.6,75,7,3250.7,88,4,3250.8,481,6
11536,2025-12-30 10:53:36+05:30,3249.8,1,3248.56,288207,105671.0,115656.0,3250.0,3257.0,3239.8,3251.5,41912150,3576.6,2926.4,4322.95,2866.6,3249.7,190,6,3249.6,45,1,3249.4,194,2,3249.3,217,4,3249.2,6,1,3249.8,6,3,3249.9,3,1,3250.0,5,1,3250.2,26,6,3250.3,6,1
11536,2025-12-30 10:53:39+05:30,3249.8,1,3248.56,288207,105671.0,115656.0,3250.0,3257.0,3239.8,3251.5,41912150,3576.6,2926.4,4322.95,2866.6,3249.7,190,6,3249.6,45,1,3249.4,194,2,3249.3,217,4,3249.2,6,1,3249.8,6,3,3249.9,3,1,3250.0,5,1,3250.2,26,6,3250.3,6,1
11536,2025-12-30 10:53:41+05:30,3249.7,1,3248.56,288236,105478.0,116101.0,3250.0,3257.0,3239.8,3251.5,41912150,3576.6,2926.4,4322.95,2866.6,3249.7,165,7,3249.6,45,1,3249.4,194,2,3249.3,217,4,3249.2,6,1,3249.8,9,6,3249.9,2,1,3250.0,9,2,3250.1,4,1,3250.2,25,3
11536,2025-12-30 10:53:41+05:30,3249.7,7,3248.56,288236,105478.0,116101.0,3250.0,3257.0,3239.8,3251.5,41912150,3576.6,2926.4,4322.95,2866.6,3249.7,165,7,3249.6,45,1,3249.4,194,2,3249.3,217,4,3249.2,6,1,3249.8,9,6,3249.9,2,1,3250.0,9,2,3250.1,4,1,3250.2,25,3
11536,2025-12-30 10:53:44+05:30,3249.7,4,3248.56,288236,105478.0,116101.0,3250.0,3257.0,3239.8,3251.5,41912150,3576.6,2926.4,4322.95,2866.6,3249.7,165,7,3249.6,45,1,3249.4,194,2,3249.3,217,4,3249.2,6,1,3249.8,9,6,3249.9,2,1,3250.0,9,2,3250.1,4,1,3250.2,25,3
11536,2025-12-30 10:53:45+05:30,3249.7,3,3248.56,288272,105089.0,115626.0,3250.0,3257.0,3239.8,3251.5,41912150,3576.6,2926.4,4322.95,2866.6,3249.7,147,6,3249.6,46,2,3249.4,194,2,3249.3,217,4,3249.2,6,1,3249.8,23,6,3249.9,2,1,3250.0,9,2,3250.1,21,2,3250.2,5,2
11536,2025-12-30 10:53:48+05:30,3249.7,3,3248.56,288272,105089.0,115626.0,3250.0,3257.0,3239.8,3251.5,41912150,3576.6,2926.4,4322.95,2866.6,3249.7,147,6,3249.6,46,2,3249.4,194,2,3249.3,217,4,3249.2,6,1,3249.8,23,6,3249.9,2,1,3250.0,9,2,3250.1,21,2,3250.2,5,2
11536,2025-12-30 10:53:50+05:30,3249.7,1,3248.56,288272,105089.0,115626.0,3250.0,3257.0,3239.8,3251.5,41912150,3576.6,2926.4,4322.95,2866.6,3249.7,147,6,3249.6,46,2,3249.4,194,2,3249.3,217,4,3249.2,6,1,3249.8,23,6,3249.9,2,1,3250.0,9,2,3250.1,21,2,3250.2,5,2
11536,2025-12-30 10:53:50+05:30,3249.7,1,3248.56,288302,104475.0,114212.0,3250.0,3257.0,3239.8,3251.5,41912150,3576.6,2926.4,4322.95,2866.6,3249.7,123,6,3249.6,58,2,3249.4,205,3,3249.3,217,4,3249.2,6,1,3249.8,28,11,3249.9,2,1,3250.0,9,2,3250.1,35,3,3250.2,21,3
11536,2025-12-30 10:53:53+05:30,3249.7,2,3248.56,288302,104475.0,114212.0,3250.0,3257.0,3239.8,3251.5,41912150,3576.6,2926.4,4322.95,2866.6,3249.7,123,6,3249.6,58,2,3249.4,205,3,3249.3,217,4,3249.2,6,1,3249.8,28,11,3249.9,2,1,3250.0,9,2,3250.1,35,3,3250.2,21,3
11536,2025-12-30 10:53:55+05:30,3249.8,1,3248.56,288329,104459.0,116481.0,3250.0,3257.0,3239.8,3251.5,41912150,3576.6,2926.4,4322.95,2866.6,3249.7,105,7,3249.6,58,2,3249.4,205,3,3249.3,217,4,3249.2,6,1,3249.8,47,10,3249.9,5,1,3250.0,3,1,3250.1,1,1,3250.2,310,4
11536,2025-12-30 10:53:57+05:30,3249.8,1,3248.56,288329,104459.0,116481.0,3250.0,3257.0,3239.8,3251.5,41912150,3576.6,2926.4,4322.95,2866.6,3249.7,105,7,3249.6,58,2,3249.4,205,3,3249.3,217,4,3249.2,6,1,3249.8,47,10,3249.9,5,1,3250.0,3,1,3250.1,1,1,3250.2,310,4
11536,2025-12-30 10:53:59+05:30,3249.8,3,3248.56,288419,104967.0,116476.0,3250.0,3257.0,3239.8,3251.5,41912150,3576.6,2926.4,4322.95,2866.6,3249.7,58,5,3249.6,59,3,3249.5,12,1,3249.4,205,3,3249.3,217,4,3249.8,288,3,3249.9,5,1,3250.0,17,3,3250.2,28,3,3250.3,30,2
11536,2025-12-30 10:54:00+05:30,3249.8,1,3248.56,288419,104967.0,116476.0,3250.0,3257.0,3239.8,3251.5,41912150,3576.6,2926.4,4322.95,2866.6,3249.7,58,5,3249.6,59,3,3249.5,12,1,3249.4,205,3,3249.3,217,4,3249.8,288,3,3249.9,5,1,3250.0,17,3,3250.2,28,3,3250.3,30,2
11536,2025-12-30 10:54:03+05:30,3249.7,3,3248.56,288419,104967.0,116476.0,3250.0,3257.0,3239.8,3251.5,41912150,3576.6,2926.4,4322.95,2866.6,3249.7,58,5,3249.6,59,3,3249.5,12,1,3249.4,205,3,3249.3,217,4,3249.8,288,3,3249.9,5,1,3250.0,17,3,3250.2,28,3,3250.3,30,2
11536,2025-12-30 10:54:04+05:30,3249.7,1,3248.56,288463,107873.0,115847.0,3250.0,3257.0,3239.8,3251.5,41912150,3576.6,2926.4,4322.95,2866.6,3249.7,168,6,3249.6,58,2,3249.4,205,3,3249.3,237,5,3249.2,7,2,3249.8,3,3,3250.0,15,1,3250.4,4,1,3250.5,330,3,3250.6,20,5
11536,2025-12-30 10:54:06+05:30,3250.5,39,3248.56,288463,107873.0,115847.0,3250.0,3257.0,3239.8,3251.5,41912150,3576.6,2926.4,4322.95,2866.6,3249.7,168,6,3249.6,58,2,3249.4,205,3,3249.3,237,5,3249.2,7,2,3249.8,3,3,3250.0,15,1,3250.4,4,1,3250.5,330,3,3250.6,20,5
11536,2025-12-30 10:54:08+05:30,3249.7,7,3248.56,288463,107873.0,115847.0,3250.0,3257.0,3239.8,3251.5,41912150,3576.6,2926.4,4322.95,2866.6,3249.7,168,6,3249.6,58,2,3249.4,205,3,3249.3,237,5,3249.2,7,2,3249.8,3,3,3250.0,15,1,3250.4,4,1,3250.5,330,3,3250.6,20,5
11536,2025-12-30 10:54:09+05:30,3249.8,2,3248.56,288570,108746.0,114321.0,3250.0,3257.0,3239.8,3251.5,41912150,3576.6,2926.4,4322.95,2866.6,3249.8,2,2,3249.7,203,4,3249.6,78,3,3249.4,225,4,3249.3,237,5,3250.6,4,4,3250.7,19,2,3250.8,34,3,3250.9,27,3,3251.0,26,6
11536,2025-12-30 10:54:12+05:30,3250.0,1,3248.56,288570,108746.0,114321.0,3250.0,3257.0,3239.8,3251.5,41912150,3576.6,2926.4,4322.95,2866.6,3249.8,2,2,3249.7,203,4,3249.6,78,3,3249.4,225,4,3249.3,237,5,3250.6,4,4,3250.7,19,2,3250.8,34,3,3250.9,27,3,3251.0,26,6
11536,2025-12-30 10:54:14+05:30,3250.0,2,3248.56,288601,106855.0,114779.0,3250.0,3257.0,3239.8,3251.5,41912150,3576.6,2926.4,4322.95,2866.6,3250.0,3,1,3249.8,262,5,3249.7,203,4,3249.6,58,2,3249.4,225,4,3250.4,9,7,3250.5,26,2,3250.6,36,4,3250.7,27,1,3250.8,11,3
11536,2025-12-30 10:54:15+05:30,3251.0,25,3248.56,288601,106855.0,114779.0,3250.0,3257.0,3239.8,3251.5,41912150,3576.6,2926.4,4322.95,2866.6,3250.0,3,1,3249.8,262,5,3249.7,203,4,3249.6,58,2,3249.4,225,4,3250.4,9,7,3250.5,26,2,3250.6,36,4,3250.7,27,1,3250.8,11,3
11536,2025-12-30 10:54:18+05:30,3250.0,13,3248.56,288601,106855.0,114779.0,3250.0,3257.0,3239.8,3251.5,41912150,3576.6,2926.4,4322.95,2866.6,3250.0,3,1,3249.8,262,5,3249.7,203,4,3249.6,58,2,3249.4,225,4,3250.4,9,7,3250.5,26,2,3250.6,36,4,3250.7,27,1,3250.8,11,3
11536,2025-12-30 10:54:19+05:30,3250.0,1,3248.56,288893,106152.0,113447.0,3250.0,3257.0,3239.8,3251.5,41912150,3576.6,2926.4,4322.95,2866.6,3250.0,141,4,3249.9,11,1,3249.8,262,5,3249.7,201,3,3249.6,58,2,3250.4,63,8,3250.6,12,3,3250.7,27,1,3250.8,23,3,3250.9,323,5
11536,2025-12-30 10:54:21+05:30,3250.0,10,3248.56,288893,106152.0,113447.0,3250.0,3257.0,3239.8,3251.5,41912150,3576.6,2926.4,4322.95,2866.6,3250.0,141,4,3249.9,11,1,3249.8,262,5,3249.7,201,3,3249.6,58,2,3250.4,63,8,3250.6,12,3,3250.7,27,1,3250.8,23,3,3250.9,323,5
11536,2025-12-30 10:54:24+05:30,3250.0,4,3248.56,288893,106152.0,113447.0,3250.0,3257.0,3239.8,3251.5,41912150,3576.6,2926.4,4322.95,2866.6,3250.0,141,4,3249.9,11,1,3249.8,262,5,3249.7,201,3,3249.6,58,2,3250.4,63,8,3250.6,12,3,3250.7,27,1,3250.8,23,3,3250.9,323,5
11536,2025-12-30 10:54:24+05:30,3250.4,1,3248.56,288974,105538.0,114225.0,3250.0,3257.0,3239.8,3251.5,41912150,3576.6,2926.4,4322.95,2866.6,3250.0,79,6,3249.9,205,2,3249.8,262,5,3249.7,201,3,3249.6,58,2,3250.4,55,12,3250.5,16,2,3250.6,602,5,3250.7,20,2,3250.8,28,4
11536,2025-12-30 10:54:27+05:30,3250.0,2,3248.56,288974,105538.0,114225.0,3250.0,3257.0,3239.8,3251.5,41912150,3576.6,2926.4,4322.95,2866.6,3250.0,79,6,3249.9,205,2,3249.8,262,5,3249.7,201,3,3249.6,58,2,3250.4,55,12,3250.5,16,2,3250.6,602,5,3250.7,20,2,3250.8,28,4
11536,2025-12-30 10:54:29+05:30,3250.0,1,3248.56,289016,105976.0,114602.0,3250.0,3257.0,3239.8,3251.5,41912150,3576.6,2926.4,4322.95,2866.6,3250.0,238,5,3249.9,205,2,3249.8,262,5,3249.7,201,3,3249.6,58,2,3250.3,8,8,3250.4,20,2,3250.5,56,3,3250.6,290,2,3250.7,5,1
11536,2025-12-30 10:54:30+05:30,3250.0,1,3248.56,289016,105976.0,114602.0,3250.0,3257.0,3239.8,3251.5,41912150,3576.6,2926.4,4322.95,2866.6,3250.0,238,5,3249.9,205,2,3249.8,262,5,3249.7,201,3,3249.6,58,2,3250.3,8,8,3250.4,20,2,3250.5,56,3,3250.6,290,2,3250.7,5,1
11536,2025-12-30 10:54:33+05:30,3251.3,23,3248.56,289016,105976.0,114602.0,3250.0,3257.0,3239.8,3251.5,41912150,3576.6,2926.4,4322.95,2866.6,3250.0,238,5,3249.9,205,2,3249.8,262,5,3249.7,201,3,3249.6,58,2,3250.3,8,8,3250.4,20,2,3250.5,56,3,3250.6,290,2,3250.7,5,1
11536,2025-12-30 10:54:33+05:30,3250.0,5,3248.57,290114,106378.0,112413.0,3250.0,3257.0,3239.8,3251.5,41912150,3576.6,2926.4,4322.95,2866.6,3250.0,191,4,3249.9,230,4,3249.8,262,5,3249.7,201,3,3249.6,64,3,3250.8,66,8,3250.9,73,6,3251.0,430,7,3251.1,6,1,3251.2,13,3
11536,2025-12-30 10:54:36+05:30,3250.6,2,3248.57,290114,106378.0,112413.0,3250.0,3257.0,3239.8,3251.5,41912150,3576.6,2926.4,4322.95,2866.6,3250.0,191,4,3249.9,230,4,3249.8,262,5,3249.7,201,3,3249.6,64,3,3250.8,66,8,3250.9,73,6,3251.0,430,7,3251.1,6,1,3251.2,13,3
11536,2025-12-30 10:54:38+05:30,3250.0,41,3248.58,291466,106540.0,114313.0,3250.0,3257.0,3239.8,3251.5,41912150,3576.6,2926.4,4322.95,2866.6,3249.9,141,4,3249.8,262,5,3249.7,201,3,3249.6,64,3,3249.4,32,3,3250.0,13,1,3250.6,47,10,3250.7,373,2,3250.8,25,3,3250.9,57,4
11536,2025-12-30 10:54:38+05:30,3250.0,2,3248.58,291466,106540.0,114313.0,3250.0,3257.0,3239.8,3251.5,41912150,3576.6,2926.4,4322.95,2866.6,3249.9,141,4,3249.8,262,5,3249.7,201,3,3249.6,64,3,3249.4,32,3,3250.0,13,1,3250.6,47,10,3250.7,373,2,3250.8,25,3,3250.9,57,4
11536,2025-12-30 10:54:42+05:30,3250.6,173,3248.58,292272,106960.0,112185.0,3250.0,3257.0,3239.8,3251.5,41912150,3576.6,2926.4,4322.95,2866.6,3249.9,85,4,3249.8,298,6,3249.7,201,3,3249.6,70,4,3249.4,33,3,3250.8,14,1,3250.9,14,3,3251.0,28,2,3251.1,14,3,3251.2,209,4
11536,2025-12-30 10:54:42+05:30,3250.6,173,3248.58,292272,106960.0,112185.0,3250.0,3257.0,3239.8,3251.5,41912150,3576.6,2926.4,4322.95,2866.6,3249.9,85,4,3249.8,298,6,3249.7,201,3,3249.6,70,4,3249.4,33,3,3250.8,14,1,3250.9,14,3,3251.0,28,2,3251.1,14,3,3251.2,209,4
11536,2025-12-30 10:54:44+05:30,3250.5,2,3248.58,292272,106960.0,112185.0,3250.0,3257.0,3239.8,3251.5,41912150,3576.6,2926.4,4322.95,2866.6,3249.9,85,4,3249.8,298,6,3249.7,201,3,3249.6,70,4,3249.4,33,3,3250.8,14,1,3250.9,14,3,3251.0,28,2,3251.1,14,3,3251.2,209,4
11536,2025-12-30 10:54:46+05:30,3250.0,1,3248.58,292439,106821.0,111117.0,3250.0,3257.0,3239.8,3251.5,41912150,3576.6,2926.4,4322.95,2866.6,3250.0,52,1,3249.9,26,3,3249.8,262,5,3249.7,201,3,3249.6,84,4,3250.5,5,4,3250.6,4,1,3250.8,50,5,3250.9,194,3,3251.0,12,2
11536,2025-12-30 10:54:48+05:30,3250.0,51,3248.58,292439,106821.0,111117.0,3250.0,3257.0,3239.8,3251.5,41912150,3576.6,2926.4,4322.95,2866.6,3250.0,52,1,3249.9,26,3,3249.8,262,5,3249.7,201,3,3249.6,84,4,3250.5,5,4,3250.6,4,1,3250.8,50,5,3250.9,194,3,3251.0,12,2
11536,2025-12-30 10:54:50+05:30,3251.7,7,3248.58,292439,106821.0,111117.0,3250.0,3257.0,3239.8,3251.5,41912150,3576.6,2926.4,4322.95,2866.6,3250.0,52,1,3249.9,26,3,3249.8,262,5,3249.7,201,3,3249.6,84,4,3250.5,5,4,3250.6,4,1,3250.8,50,5,3250.9,194,3,3251.0,12,2
11536,2025-12-30 10:54:51+05:30,3251.7,7,3248.59,293564,107037.0,111982.0,3250.0,3257.0,3239.8,3251.5,41912150,3576.6,2926.4,4322.95,2866.6,3250.0,56,2,3249.9,26,3,3249.8,282,6,3249.7,202,4,3249.6,149,9,3251.0,37,4,3251.1,406,4,3251.2,38,3,3251.3,12,2,3251.4,25,4
11536,2025-12-30 10:54:54+05:30,3249.9,3,3248.59,293564,107037.0,111982.0,3250.0,3257.0,3239.8,3251.5,41912150,3576.6,2926.4,4322.95,2866.6,3250.0,56,2,3249.9,26,3,3249.8,282,6,3249.7,202,4,3249.6,149,9,3251.0,37,4,3251.1,406,4,3251.2,38,3,3251.3,12,2,3251.4,25,4
11536,2025-12-30 10:54:55+05:30,3249.8,14,3248.6,294259,106958.0,111755.0,3250.0,3257.0,3239.8,3251.5,41912150,3576.6,2926.4,4322.95,2866.6,3249.8,217,5,3249.7,201,3,3249.6,64,3,3249.4,43,4,3249.3,89,6,3250.0,14,6,3250.8,4,1,3251.0,31,2,3251.1,10,1,3251.2,412,5
11536,2025-12-30 10:54:56+05:30,3249.8,24,3248.6,294259,106958.0,111755.0,3250.0,3257.0,3239.8,3251.5,41912150,3576.6,2926.4,4322.95,2866.6,3249.8,217,5,3249.7,201,3,3249.6,64,3,3249.4,43,4,3249.3,89,6,3250.0,14,6,3250.8,4,1,3251.0,31,2,3251.1,10,1,3251.2,412,5
11536,2025-12-30 10:55:00+05:30,3249.8,123,3248.6,295074,107268.0,111850.0,3250.0,3257.0,3239.8,3251.5,41912150,3576.6,2926.4,4322.95,2866.6,3249.8,84,3,3249.7,201,3,3249.6,85,5,3249.4,62,4,3249.3,149,8,3250.7,22,1,3250.8,36,4,3250.9,5,2,3251.0,16,2,3251.1,21,2
11536,2025-12-30 10:55:00+05:30,3249.8,123,3248.6,295074,107268.0,111850.0,3250.0,3257.0,3239.8,3251.5,41912150,3576.6,2926.4,4322.95,2866.6,3249.8,84,3,3249.7,201,3,3249.6,85,5,3249.4,62,4,3249.3,149,8,3250.7,22,1,3250.8,36,4,3250.9,5,2,3251.0,16,2,3251.1,21,2
11536,2025-12-30 10:55:03+05:30,3249.8,29,3248.6,295074,107268.0,111850.0,3250.0,3257.0,3239.8,3251.5,41912150,3576.6,2926.4,4322.95,2866.6,3249.8,84,3,3249.7,201,3,3249.6,85,5,3249.4,62,4,3249.3,149,8,3250.7,22,1,3250.8,36,4,3250.9,5,2,3251.0,16,2,3251.1,21,2
11536,2025-12-30 10:55:04+05:30,3249.8,16,3248.6,295345,107174.0,111789.0,3250.0,3257.0,3239.8,3251.5,41912150,3576.6,2926.4,4322.95,2866.6,3249.8,58,5,3249.7,201,3,3249.6,85,5,3249.4,62,4,3249.3,61,5,3250.6,34,6,3250.7,38,4,3250.8,53,4,3250.9,82,2,3251.0,29,3
11536,2025-12-30 10:55:06+05:30,3251.1,5,3248.6,295345,107174.0,111789.0,3250.0,3257.0,3239.8,3251.5,41912150,3576.6,2926.4,4322.95,2866.6,3249.8,58,5,3249.7,201,3,3249.6,85,5,3249.4,62,4,3249.3,61,5,3250.6,34,6,3250.7,38,4,3250.8,53,4,3250.9,82,2,3251.0,29,3
11536,2025-12-30 10:55:09+05:30,3250.2,1,3248.6,295345,107174.0,111789.0,3250.0,3257.0,3239.8,3251.5,41912150,3576.6,2926.4,4322.95,2866.6,3249.8,58,5,3249.7,201,3,3249.6,85,5,3249.4,62,4,3249.3,61,5,3250.6,34,6,3250.7,38,4,3250.8,53,4,3250.9,82,2,3251.0,29,3
11536,2025-12-30 10:55:09+05:30,3250.1,3,3248.61,295815,107912.0,111286.0,3250.0,3257.0,3239.8,3251.5,41912150,3576.6,2926.4,4322.95,2866.6,3250.1,49,3,3250.0,44,6,3249.9,62,3,3249.8,93,8,3249.7,227,5,3250.2,9,5,3250.3,8,3,3250.6,6,1,3251.5,39,1,3251.6,22,1
11536,2025-12-30 10:55:12+05:30,3250.1,1,3248.61,295815,107912.0,111286.0,3250.0,3257.0,3239.8,3251.5,41912150,3576.6,2926.4,4322.95,2866.6,3250.1,49,3,3250.0,44,6,3249.9,62,3,3249.8,93,8,3249.7,227,5,3250.2,9,5,3250.3,8,3,3250.6,6,1,3251.5,39,1,3251.6,22,1
11536,2025-12-30 10:55:14+05:30,3250.0,17,3248.61,296074,107968.0,111917.0,3250.0,3257.0,3239.8,3251.5,41912150,3576.6,2926.4,4322.95,2866.6,3250.0,26,4,3249.9,24,1,3249.8,61,6,3249.7,220,5,3249.6,135,6,3250.1,10,8,3251.1,10,1,3251.3,9,2,3251.4,34,2,3251.5,50,3
11536,2025-12-30 10:55:14+05:30,3250.0,3,3248.61,296074,107968.0,111917.0,3250.0,3257.0,3239.8,3251.5,41912150,3576.6,2926.4,4322.95,2866.6,3250.0,26,4,3249.9,24,1,3249.8,61,6,3249.7,220,5,3249.6,135,6,3250.1,10,8,3251.1,10,1,3251.3,9,2,3251.4,34,2,3251.5,50,3
11536,2025-12-30 10:55:18+05:30,3250.1,1,3248.61,296074,107968.0,111917.0,3250.0,3257.0,3239.8,3251.5,41912150,3576.6,2926.4,4322.95,2866.6,3250.0,26,4,3249.9,24,1,3249.8,61,6,3249.7,220,5,3249.6,135,6,3250.1,10,8,3251.1,10,1,3251.3,9,2,3251.4,34,2,3251.5,50,3
11536,2025-12-30 10:55:18+05:30,3250.0,4,3248.61,296238,109693.0,112364.0,3250.0,3257.0,3239.8,3251.5,41912150,3576.6,2926.4,4322.95,2866.6,3250.0,44,4,3249.9,24,1,3249.8,41,5,3249.7,213,5,3249.6,135,7,3250.1,5,5,3250.8,25,1,3250.9,6,1,3251.0,61,2,3251.2,41,2
11536,2025-12-30 10:55:21+05:30,3251.9,69,3248.61,296238,109693.0,112364.0,3250.0,3257.0,3239.8,3251.5,41912150,3576.6,2926.4,4322.95,2866.6,3250.0,44,4,3249.9,24,1,3249.8,41,5,3249.7,213,5,3249.6,135,7,3250.1,5,5,3250.8,25,1,3250.9,6,1,3251.0,61,2,3251.2,41,2
11536,2025-12-30 10:55:23+05:30,3250.1,57,3248.62,297574,107211.0,110916.0,3250.0,3257.0,3239.8,3251.5,41912150,3576.6,2926.4,4322.95,2866.6,3250.2,64,3,3250.1,2,1,3250.0,152,9,3249.9,75,2,3249.8,392,12,3251.1,1,1,3251.2,19,2,3251.3,10,1,3251.5,14,1,3251.7,3,1
11536,2025-12-30 10:55:24+05:30,3250.0,2,3248.62,297574,107211.0,110916.0,3250.0,3257.0,3239.8,3251.5,41912150,3576.6,2926.4,4322.95,2866.6,3250.2,64,3,3250.1,2,1,3250.0,152,9,3249.9,75,2,3249.8,392,12,3251.1,1,1,3251.2,19,2,3251.3,10,1,3251.5,14,1,3251.7,3,1
11536,2025-12-30 10:55:27+05:30,3249.2,8,3248.62,297574,107211.0,110916.0,3250.0,3257.0,3239.8,3251.5,41912150,3576.6,2926.4,4322.95,2866.6,3250.2,64,3,3250.1,2,1,3250.0,152,9,3249.9,75,2,3249.8,392,12,3251.1,1,1,3251.2,19,2,3251.3,10,1,3251.5,14,1,3251.7,3,1
11536,2025-12-30 10:55:28+05:30,3249.2,8,3248.63,300191,105780.0,114547.0,3250.0,3257.0,3239.8,3251.5,41912150,3576.6,2926.4,4322.95,2866.6,3248.8,35,4,3248.7,7,2,3248.6,318,8,3248.5,94,4,3248.4,305,9,3249.2,21,2,3249.3,44,6,3249.5,12,3,3249.9,2,2,3250.1,39,1
11536,2025-12-30 10:55:28+05:30,3248.7,1,3248.63,300191,105780.0,114547.0,3250.0,3257.0,3239.8,3251.5,41912150,3576.6,2926.4,4322.95,2866.6,3248.8,35,4,3248.7,7,2,3248.6,318,8,3248.5,94,4,3248.4,305,9,3249.2,21,2,3249.3,44,6,3249.5,12,3,3249.9,2,2,3250.1,39,1
11536,2025-12-30 10:55:29+05:30,3249.2,7,3248.63,301294,106089.0,114552.0,3250.0,3257.0,3239.8,3251.5,41912150,3576.6,2926.4,4322.95,2866.6,3248.9,59,4,3248.8,153,5,3248.7,24,2,3248.6,95,6,3248.5,18,2,3249.2,49,7,3249.3,7,4,3249.5,11,2,3250.6,22,1,3250.8,73,3
11536,2025-12-30 10:55:29+05:30,3248.9,19,3248.63,301294,106089.0,114552.0,3250.0,3257.0,3239.8,3251.5,41912150,3576.6,2926.4,4322.95,2866.6,3248.9,59,4,3248.8,153,5,3248.7,24,2,3248.6,95,6,3248.5,18,2,3249.2,49,7,3249.3,7,4,3249.5,11,2,3250.6,22,1,3250.8,73,3
11536,2025-12-30 10:55:30+05:30,3248.9,7,3248.63,301669,106072.0,114275.0,3250.0,3257.0,3239.8,3251.5,41912150,3576.6,2926.4,4322.95,2866.6,3248.9,80,5,3248.8,129,5,3248.7,24,2,3248.6,95,6,3248.5,18,2,3249.2,87,9,3249.3,2,1,3250.6,22,1,3250.8,73,3,3250.9,103,2
11536,2025-12-30 10:55:30+05:30,3248.9,7,3248.63,301669,106072.0,114275.0,3250.0,3257.0,3239.8,3251.5,41912150,3576.6,2926.4,4322.95,2866.6,3248.9,80,5,3248.8,129,5,3248.7,24,2,3248.6,95,6,3248.5,18,2,3249.2,87,9,3249.3,2,1,3250.6,22,1,3250.8,73,3,3250.9,103,2
11536,2025-12-30 10:55:31+05:30,3249.2,2,3248.63,302286,105646.0,111923.0,3250.0,3257.0,3239.8,3251.5,41912150,3576.6,2926.4,4322.95,2866.6,3249.2,369,10,3249.1,195,6,3249.0,178,7,3248.9,368,8,3248.8,334,9,3250.5,55,3,3250.6,25,1,3250.8,24,1,3251.0,26,1,3251.1,38,2
11536,2025-12-30 10:55:31+05:30,3250.5,1,3248.63,302286,105646.0,111923.0,3250.0,3257.0,3239.8,3251.5,41912150,3576.6,2926.4,4322.95,2866.6,3249.2,369,10,3249.1,195,6,3249.0,178,7,3248.9,368,8,3248.8,334,9,3250.5,55,3,3250.6,25,1,3250.8,24,1,3251.0,26,1,3251.1,38,2
11536,2025-12-30 10:55:32+05:30,3250.3,1,3248.63,302288,105516.0,113262.0,3250.0,3257.0,3239.8,3251.5,41912150,3576.6,2926.4,4322.95,2866.6,3249.2,413,10,3249.1,195,6,3249.0,203,9,3248.9,161,5,3248.8,455,9,3250.3,22,1,3250.4,29,2,3250.5,32,4,3250.6,25,1,3250.8,24,1
11536,2025-12-30 10:55:32+05:30,3250.3,1,3248.63,302288,105516.0,113262.0,3250.0,3257.0,3239.8,3251.5,41912150,3576.6,2926.4,4322.95,2866.6,3249.2,413,10,3249.1,195,6,3249.0,203,9,3248.9,161,5,3248.8,455,9,3250.3,22,1,3250.4,29,2,3250.5,32,4,3250.6,25,1,3250.8,24,1
11536,2025-12-30 10:55:33+05:30,3250.3,1,3248.63,302288,105572.0,113217.0,3250.0,3257.0,3239.8,3251.5,41912150,3576.6,2926.4,4322.95,2866.6,3249.2,438,11,3249.1,203,7,3249.0,212,10,3248.9,175,6,3248.8,455,9,3250.3,23,2,3250.4,29,2,3250.5,32,4,3250.6,25,1,3250.8,24,1
11536,2025-12-30 10:55:33+05:30,3249.2,80,3248.63,302288,105572.0,113217.0,3250.0,3257.0,3239.8,3251.5,41912150,3576.6,2926.4,4322.95,2866.6,3249.2,438,11,3249.1,203,7,3249.0,212,10,3248.9,175,6,3248.8,455,9,3250.3,23,2,3250.4,29,2,3250.5,32,4,3250.6,25,1,3250.8,24,1
11536,2025-12-30 10:55:34+05:30,3249.3,3,3248.63,302477,105235.0,113035.0,3250.0,3257.0,3239.8,3251.5,41912150,3576.6,2926.4,4322.95,2866.6,3249.3,51,1,3249.2,98,6,3249.1,181,6,3249.0,281,10,3248.9,114,5,3250.3,12,4,3250.4,51,2,3250.5,12,2,3250.6,25,1,3250.7,28,1
11536,2025-12-30 10:55:34+05:30,3249.3,10,3248.63,302477,105235.0,113035.0,3250.0,3257.0,3239.8,3251.5,41912150,3576.6,2926.4,4322.95,2866.6,3249.3,51,1,3249.2,98,6,3249.1,181,6,3249.0,281,10,3248.9,114,5,3250.3,12,4,3250.4,51,2,3250.5,12,2,3250.6,25,1,3250.7,28,1
11536,2025-12-30 10:55:35+05:30,3250.3,1,3248.63,302596,105196.0,113628.0,3250.0,3257.0,3239.8,3251.5,41912150,3576.6,2926.4,4322.95,2866.6,3249.3,65,2,3249.2,98,6,3249.1,120,5,3249.0,235,9,3248.9,160,6,3250.3,21,7,3250.4,51,2,3250.6,49,2,3250.7,28,1,3250.8,24,1
11536,2025-12-30 10:55:35+05:30,3250.3,1,3248.63,302596,105196.0,113628.0,3250.0,3257.0,3239.8,3251.5,41912150,3576.6,2926.4,4322.95,2866.6,3249.3,65,2,3249.2,98,6,3249.1,120,5,3249.0,235,9,3248.9,160,6,3250.3,21,7,3250.4,51,2,3250.6,49,2,3250.7,28,1,3250.8,24,1
11536,2025-12-30 10:55:36+05:30,3249.8,1,3248.63,302651,106254.0,113513.0,3250.0,3257.0,3239.8,3251.5,41912150,3576.6,2926.4,4322.95,2866.6,3249.8,3,1,3249.6,8,1,3249.5,18,1,3249.4,96,3,3249.3,232,4,3250.3,20,9,3250.4,28,1,3250.5,23,1,3250.6,24,1,3250.7,28,1
11536,2025-12-30 10:55:36+05:30,3249.8,1,3248.63,302651,106254.0,113513.0,3250.0,3257.0,3239.8,3251.5,41912150,3576.6,2926.4,4322.95,2866.6,3249.8,3,1,3249.6,8,1,3249.5,18,1,3249.4,96,3,3249.3,232,4,3250.3,20,9,3250.4,28,1,3250.5,23,1,3250.6,24,1,3250.7,28,1
11536,2025-12-30 10:55:37+05:30,3249.8,32,3248.63,302651,106254.0,113513.0,3250.0,3257.0,3239.8,3251.5,41912150,3576.6,2926.4,4322.95,2866.6,3249.8,3,1,3249.6,8,1,3249.5,18,1,3249.4,96,3,3249.3,232,4,3250.3,20,9,3250.4,28,1,3250.5,23,1,3250.6,24,1,3250.7,28,1
11536,2025-12-30 10:55:37+05:30,3249.8,32,3248.63,302719,108634.0,113678.0,3250.0,3257.0,3239.8,3251.5,41912150,3576.6,2926.4,4322.95,2866.6,3249.8,37,1,3249.6,8,1,3249.5,18,1,3249.4,96,3,3249.3,83,4,3250.3,10,8,3250.8,55,3,3250.9,28,2,3251.0,12,1,3251.1,65,3
11536,2025-12-30 10:55:38+05:30,3250.0,1,3248.63,302719,108634.0,113678.0,3250.0,3257.0,3239.8,3251.5,41912150,3576.6,2926.4,4322.95,2866.6,3249.8,37,1,3249.6,8,1,3249.5,18,1,3249.4,96,3,3249.3,83,4,3250.3,10,8,3250.8,55,3,3250.9,28,2,3251.0,12,1,3251.1,65,3
11536,2025-12-30 10:55:38+05:30,3250.0,1,3248.63,302899,108656.0,113575.0,3250.0,3257.0,3239.8,3251.5,41912150,3576.6,2926.4,4322.95,2866.6,3250.0,33,1,3249.8,1,1,3249.6,29,2,3249.5,18,1,3249.4,106,4,3250.3,11,8,3250.6,23,1,3250.7,28,1,3250.8,4,1,3250.9,37,3
11536,2025-12-30 10:55:39+05:30,3250.0,9,3248.63,302899,108656.0,113575.0,3250.0,3257.0,3239.8,3251.5,41912150,3576.6,2926.4,4322.95,2866.6,3250.0,33,1,3249.8,1,1,3249.6,29,2,3249.5,18,1,3249.4,106,4,3250.3,11,8,3250.6,23,1,3250.7,28,1,3250.8,4,1,3250.9,37,3
11536,2025-12-30 10:55:39+05:30,3250.0,9,3248.63,302924,108651.0,113565.0,3250.0,3257.0,3239.8,3251.5,41912150,3576.6,2926.4,4322.95,2866.6,3250.0,12,2,3249.8,1,1,3249.6,29,2,3249.5,189,2,3249.4,106,4,3250.3,17,7,3250.6,23,1,3250.7,34,2,3250.8,4,1,3250.9,37,3
11536,2025-12-30 10:55:40+05:30,3250.0,30,3248.63,302924,108651.0,113565.0,3250.0,3257.0,3239.8,3251.5,41912150,3576.6,2926.4,4322.95,2866.6,3250.0,12,2,3249.8,1,1,3249.6,29,2,3249.5,189,2,3249.4,106,4,3250.3,17,7,3250.6,23,1,3250.7,34,2,3250.8,4,1,3250.9,37,3
11536,2025-12-30 10:55:40+05:30,3250.0,30,3248.63,302970,108891.0,113587.0,3250.0,3257.0,3239.8,3251.5,41912150,3576.6,2926.4,4322.95,2866.6,3250.0,40,2,3249.8,1,1,3249.6,29,2,3249.5,18,1,3249.4,45,3,3250.3,17,9,3250.6,23,1,3250.7,28,1,3250.8,4,1,3250.9,37,3
11536,2025-12-30 10:55:40+05:30,3250.0,30,3248.63,302970,108891.0,113587.0,3250.0,3257.0,3239.8,3251.5,41912150,3576.6,2926.4,4322.95,2866.6,3250.0,40,2,3249.8,1,1,3249.6,29,2,3249.5,18,1,3249.4,45,3,3250.3,17,9,3250.6,23,1,3250.7,28,1,3250.8,4,1,3250.9,37,3
11536,2025-12-30 10:55:41+05:30,3250.0,17,3248.63,302970,108891.0,113587.0,3250.0,3257.0,3239.8,3251.5,41912150,3576.6,2926.4,4322.95,2866.6,3250.0,40,2,3249.8,1,1,3249.6,29,2,3249.5,18,1,3249.4,45,3,3250.3,17,9,3250.6,23,1,3250.7,28,1,3250.8,4,1,3250.9,37,3
11536,2025-12-30 10:55:41+05:30,3250.0,17,3248.63,303047,108878.0,110805.0,3250.0,3257.0,3239.8,3251.5,41912150,3576.6,2926.4,4322.95,2866.6,3250.0,37,2,3249.8,1,1,3249.6,21,1,3249.5,18,1,3249.4,54,4,3250.3,14,10,3250.6,23,1,3250.7,28,1,3250.8,4,1,3250.9,37,3
11536,2025-12-30 10:55:42+05:30,3249.0,169,3248.63,303047,108878.0,110805.0,3250.0,3257.0,3239.8,3251.5,41912150,3576.6,2926.4,4322.95,2866.6,3250.0,37,2,3249.8,1,1,3249.6,21,1,3249.5,18,1,3249.4,54,4,3250.3,14,10,3250.6,23,1,3250.7,28,1,3250.8,4,1,3250.9,37,3
11536,2025-12-30 10:55:42+05:30,3249.0,169,3248.64,306265,105145.0,111372.0,3250.0,3257.0,3239.8,3251.5,41912150,3576.6,2926.4,4322.95,2866.6,3249.5,31,2,3249.4,245,4,3249.3,136,6,3249.2,167,7,3249.1,264,4,3250.6,4,1,3250.7,155,3,3250.8,27,1,3250.9,15,1,3251.0,37,2
11536,2025-12-30 10:55:42+05:30,3249.0,169,3248.64,306265,105145.0,111372.0,3250.0,3257.0,3239.8,3251.5,41912150,3576.6,2926.4,4322.95,2866.6,3249.5,31,2,3249.4,245,4,3249.3,136,6,3249.2,167,7,3249.1,264,4,3250.6,4,1,3250.7,155,3,3250.8,27,1,3250.9,15,1,3251.0,37,2
11536,2025-12-30 10:55:43+05:30,3250.6,1,3248.64,306265,105145.0,111372.0,3250.0,3257.0,3239.8,3251.5,41912150,3576.6,2926.4,4322.95,2866.6,3249.5,31,2,3249.4,245,4,3249.3,136,6,3249.2,167,7,3249.1,264,4,3250.6,4,1,3250.7,155,3,3250.8,27,1,3250.9,15,1,3251.0,37,2
11536,2025-12-30 10:55:43+05:30,3250.6,1,3248.64,306270,105366.0,112572.0,3250.0,3257.0,3239.8,3251.5,41912150,3576.6,2926.4,4322.95,2866.6,3249.5,202,3,3249.4,93,4,3249.3,83,4,3249.2,187,7,3249.1,65,2,3250.6,2,2,3250.7,178,4,3250.8,27,1,3250.9,15,1,3251.0,63,3
11536,2025-12-30 10:55:43+05:30,3250.6,1,3248.64,306270,105366.0,112572.0,3250.0,3257.0,3239.8,3251.5,41912150,3576.6,2926.4,4322.95,2866.6,3249.5,202,3,3249.4,93,4,3249.3,83,4,3249.2,187,7,3249.1,65,2,3250.6,2,2,3250.7,178,4,3250.8,27,1,3250.9,15,1,3251.0,63,3
11536,2025-12-30 10:55:44+05:30,3249.5,1,3248.64,306270,105366.0,112572.0,3250.0,3257.0,3239.8,3251.5,41912150,3576.6,2926.4,4322.95,2866.6,3249.5,202,3,3249.4,93,4,3249.3,83,4,3249.2,187,7,3249.1,65,2,3250.6,2,2,3250.7,178,4,3250.8,27,1,3250.9,15,1,3251.0,63,3
11536,2025-12-30 10:55:44+05:30,3249.5,1,3248.64,306609,105573.0,113522.0,3250.0,3257.0,3239.8,3251.5,41912150,3576.6,2926.4,4322.95,2866.6,3249.4,211,7,3249.3,40,3,3249.2,75,5,3249.1,45,3,3249.0,179,7,3249.5,59,1,3250.6,2,2,3250.7,55,1,3250.9,67,3,3251.0,57,3
11536,2025-12-30 10:55:44+05:30,3249.5,1,3248.64,306609,105573.0,113522.0,3250.0,3257.0,3239.8,3251.5,41912150,3576.6,2926.4,4322.95,2866.6,3249.4,211,7,3249.3,40,3,3249.2,75,5,3249.1,45,3,3249.0,179,7,3249.5,59,1,3250.6,2,2,3250.7,55,1,3250.9,67,3,3251.0,57,3
11536,2025-12-30 10:55:45+05:30,3249.5,6,3248.64,306609,105573.0,113522.0,3250.0,3257.0,3239.8,3251.5,41912150,3576.6,2926.4,4322.95,2866.6,3249.4,211,7,3249.3,40,3,3249.2,75,5,3249.1,45,3,3249.0,179,7,3249.5,59,1,3250.6,2,2,3250.7,55,1,3250.9,67,3,3251.0,57,3
11536,2025-12-30 10:55:45+05:30,3249.5,6,3248.64,306609,105573.0,113522.0,3250.0,3257.0,3239.8,3251.5,41912150,3576.6,2926.4,4322.95,2866.6,3249.4,211,7,3249.3,40,3,3249.2,75,5,3249.1,45,3,3249.0,179,7,3249.5,59,1,3250.6,2,2,3250.7,55,1,3250.9,67,3,3251.0,57,3
11536,2025-12-30 10:55:45+05:30,3249.5,6,3248.65,307233,105473.0,113566.0,3250.0,3257.0,3239.8,3251.5,41912150,3576.6,2926.4,4322.95,2866.6,3249.4,157,3,3249.3,15,1,3249.2,60,4,3249.1,45,3,3249.0,143,6,3249.5,113,3,3250.6,1,1,3250.7,24,1,3250.9,67,3,3251.0,57,3
11536,2025-12-30 10:55:46+05:30,3249.5,6,3248.65,307233,105473.0,113566.0,3250.0,3257.0,3239.8,3251.5,41912150,3576.6,2926.4,4322.95,2866.6,3249.4,157,3,3249.3,15,1,3249.2,60,4,3249.1,45,3,3249.0,143,6,3249.5,113,3,3250.6,1,1,3250.7,24,1,3250.9,67,3,3251.0,57,3
11536,2025-12-30 10:55:46+05:30,3249.4,555,3248.65,307790,105551.0,111582.0,3250.0,3257.0,3239.8,3251.5,41912150,3576.6,2926.4,4322.95,2866.6,3249.4,120,1,3249.3,34,2,3249.2,19,2,3249.1,62,3,3249.0,139,6,3249.5,61,5,3250.7,24,1,3250.8,61,1,3250.9,67,3,3251.0,57,3
11536,2025-12-30 10:55:46+05:30,3249.4,555,3248.65,307790,105551.0,111582.0,3250.0,3257.0,3239.8,3251.5,41912150,3576.6,2926.4,4322.95,2866.6,3249.4,120,1,3249.3,34,2,3249.2,19,2,3249.1,62,3,3249.0,139,6,3249.5,61,5,3250.7,24,1,3250.8,61,1,3250.9,67,3,3251.0,57,3
11536,2025-12-30 10:55:47+05:30,3249.4,555,3248.65,307790,105551.0,111582.0,3250.0,3257.0,3239.8,3251.5,41912150,3576.6,2926.4,4322.95,2866.6,3249.4,120,1,3249.3,34,2,3249.2,19,2,3249.1,62,3,3249.0,139,6,3249.5,61,5,3250.7,24,1,3250.8,61,1,3250.9,67,3,3251.0,57,3
11536,2025-12-30 10:55:47+05:30,3249.4,91,3248.65,307881,104576.0,113673.0,3250.0,3257.0,3239.8,3251.5,41912150,3576.6,2926.4,4322.95,2866.6,3249.4,29,1,3249.3,34,2,3249.2,33,2,3249.1,62,3,3249.0,139,6,3249.5,82,8,3250.7,24,1,3250.8,61,1,3250.9,67,3,3251.0,57,3
11536,2025-12-30 10:55:47+05:30,3249.4,91,3248.65,307881,104576.0,113673.0,3250.0,3257.0,3239.8,3251.5,41912150,3576.6,2926.4,4322.95,2866.6,3249.4,29,1,3249.3,34,2,3249.2,33,2,3249.1,62,3,3249.0,139,6,3249.5,82,8,3250.7,24,1,3250.8,61,1,3250.9,67,3,3251.0,57,3
11536,2025-12-30 10:55:47+05:30,3249.4,91,3248.65,307881,104576.0,113673.0,3250.0,3257.0,3239.8,3251.5,41912150,3576.6,2926.4,4322.95,2866.6,3249.4,29,1,3249.3,34,2,3249.2,33,2,3249.1,62,3,3249.0,139,6,3249.5,82,8,3250.7,24,1,3250.8,61,1,3250.9,67,3,3251.0,57,3
11536,2025-12-30 10:55:48+05:30,3249.2,17,3248.65,307988,103093.0,113275.0,3250.0,3257.0,3239.8,3251.5,41912150,3576.6,2926.4,4322.95,2866.6,3249.1,86,6,3249.0,62,3,3248.9,76,5,3248.8,36,2,3248.7,57,4,3249.2,27,1,3249.4,24,3,3249.5,57,6,3250.6,64,2,3250.7,50,2
11536,2025-12-30 10:55:48+05:30,3249.2,1,3248.65,307988,103093.0,113275.0,3250.0,3257.0,3239.8,3251.5,41912150,3576.6,2926.4,4322.95,2866.6,3249.1,86,6,3249.0,62,3,3248.9,76,5,3248.8,36,2,3248.7,57,4,3249.2,27,1,3249.4,24,3,3249.5,57,6,3250.6,64,2,3250.7,50,2
11536,2025-12-30 10:55:48+05:30,3249.2,1,3248.65,307988,103093.0,113275.0,3250.0,3257.0,3239.8,3251.5,41912150,3576.6,2926.4,4322.95,2866.6,3249.1,86,6,3249.0,62,3,3248.9,76,5,3248.8,36,2,3248.7,57,4,3249.2,27,1,3249.4,24,3,3249.5,57,6,3250.6,64,2,3250.7,50,2
11536,2025-12-30 10:55:49+05:30,3249.2,1,3248.65,307988,103093.0,113275.0,3250.0,3257.0,3239.8,3251.5,41912150,3576.6,2926.4,4322.95,2866.6,3249.1,86,6,3249.0,62,3,3248.9,76,5,3248.8,36,2,3248.7,57,4,3249.2,27,1,3249.4,24,3,3249.5,57,6,3250.6,64,2,3250.7,50,2
11536,2025-12-30 10:55:49+05:30,3249.2,10,3248.65,308475,105047.0,113486.0,3250.0,3257.0,3239.8,3251.5,41912150,3576.6,2926.4,4322.95,2866.6,3249.1,85,7,3249.0,35,2,3248.9,46,4,3248.8,36,2,3248.7,79,4,3249.2,58,5,3249.4,24,3,3249.5,12,2,3250.6,61,1,3250.7,50,2
11536,2025-12-30 10:55:49+05:30,3249.0,10,3248.65,308475,105047.0,113486.0,3250.0,3257.0,3239.8,3251.5,41912150,3576.6,2926.4,4322.95,2866.6,3249.1,85,7,3249.0,35,2,3248.9,46,4,3248.8,36,2,3248.7,79,4,3249.2,58,5,3249.4,24,3,3249.5,12,2,3250.6,61,1,3250.7,50,2
11536,2025-12-30 10:55:49+05:30,3249.0,10,3248.65,308475,105047.0,113486.0,3250.0,3257.0,3239.8,3251.5,41912150,3576.6,2926.4,4322.95,2866.6,3249.1,85,7,3249.0,35,2,3248.9,46,4,3248.8,36,2,3248.7,79,4,3249.2,58,5,3249.4,24,3,3249.5,12,2,3250.6,61,1,3250.7,50,2
11536,2025-12-30 10:55:50+05:30,3249.4,8,3248.65,309180,104528.0,113580.0,3250.0,3257.0,3239.8,3251.5,41912150,3576.6,2926.4,4322.95,2866.6,3249.4,46,4,3249.3,260,4,3249.2,53,4,3249.1,133,6,3249.0,366,11,3250.6,84,3,3250.9,39,2,3251.0,36,1,3251.1,50,3,3251.2,17,1
11536,2025-12-30 10:55:50+05:30,3249.4,8,3248.65,309180,104528.0,113580.0,3250.0,3257.0,3239.8,3251.5,41912150,3576.6,2926.4,4322.95,2866.6,3249.4,46,4,3249.3,260,4,3249.2,53,4,3249.1,133,6,3249.0,366,11,3250.6,84,3,3250.9,39,2,3251.0,36,1,3251.1,50,3,3251.2,17,1
11536,2025-12-30 10:55:51+05:30,3249.4,8,3248.65,309180,104528.0,113580.0,3250.0,3257.0,3239.8,3251.5,41912150,3576.6,2926.4,4322.95,2866.6,3249.4,46,4,3249.3,260,4,3249.2,53,4,3249.1,133,6,3249.0,366,11,3250.6,84,3,3250.9,39,2,3251.0,36,1,3251.1,50,3,3251.2,17,1
11536,2025-12-30 10:55:51+05:30,3249.4,8,3248.65,309180,104534.0,113658.0,3250.0,3257.0,3239.8,3251.5,41912150,3576.6,2926.4,4322.95,2866.6,3249.4,46,4,3249.3,260,4,3249.2,53,4,3249.1,133,6,3249.0,366,11,3250.6,114,5,3250.9,39,2,3251.0,36,1,3251.1,50,3,3251.2,17,1
11536,2025-12-30 10:55:52+05:30,3249.4,12,3248.65,309180,104534.0,113658.0,3250.0,3257.0,3239.8,3251.5,41912150,3576.6,2926.4,4322.95,2866.6,3249.4,46,4,3249.3,260,4,3249.2,53,4,3249.1,133,6,3249.0,366,11,3250.6,114,5,3250.9,39,2,3251.0,36,1,3251.1,50,3,3251.2,17,1
11536,2025-12-30 10:55:52+05:30,3249.4,12,3248.65,309643,105867.0,113622.0,3250.0,3257.0,3239.8,3251.5,41912150,3576.6,2926.4,4322.95,2866.6,3249.3,188,8,3249.2,61,1,3249.1,97,4,3249.0,211,10,3248.9,300,8,3250.6,68,3,3250.7,15,1,3250.9,81,4,3251.0,36,1,3251.1,42,3
11536,2025-12-30 10:55:52+05:30,3249.4,12,3248.65,309643,105867.0,113622.0,3250.0,3257.0,3239.8,3251.5,41912150,3576.6,2926.4,4322.95,2866.6,3249.3,188,8,3249.2,61,1,3249.1,97,4,3249.0,211,10,3248.9,300,8,3250.6,68,3,3250.7,15,1,3250.9,81,4,3251.0,36,1,3251.1,42,3
11536,2025-12-30 10:55:53+05:30,3249.3,23,3248.65,309643,105867.0,113622.0,3250.0,3257.0,3239.8,3251.5,41912150,3576.6,2926.4,4322.95,2866.6,3249.3,188,8,3249.2,61,1,3249.1,97,4,3249.0,211,10,3248.9,300,8,3250.6,68,3,3250.7,15,1,3250.9,81,4,3251.0,36,1,3251.1,42,3
11536,2025-12-30 10:55:53+05:30,3249.3,23,3248.65,309747,105579.0,113820.0,3250.0,3257.0,3239.8,3251.5,41912150,3576.6,2926.4,4322.95,2866.6,3249.3,22,1,3249.1,167,2,3249.0,126,7,3248.9,166,7,3248.8,303,8,3250.6,79,4,3250.7,24,1,3250.8,26,1,3250.9,74,4,3251.0,36,1
11536,2025-12-30 10:55:54+05:30,3249.3,23,3248.65,309747,105579.0,113820.0,3250.0,3257.0,3239.8,3251.5,41912150,3576.6,2926.4,4322.95,2866.6,3249.3,22,1,3249.1,167,2,3249.0,126,7,3248.9,166,7,3248.8,303,8,3250.6,79,4,3250.7,24,1,3250.8,26,1,3250.9,74,4,3251.0,36,1
11536,2025-12-30 10:55:54+05:30,3251.1,28,3248.65,309747,105579.0,113820.0,3250.0,3257.0,3239.8,3251.5,41912150,3576.6,2926.4,4322.95,2866.6,3249.3,22,1,3249.1,167,2,3249.0,126,7,3248.9,166,7,3248.8,303,8,3250.6,79,4,3250.7,24,1,3250.8,26,1,3250.9,74,4,3251.0,36,1
11536,2025-12-30 10:55:54+05:30,3251.1,28,3248.66,310556,107460.0,113082.0,3250.0,3257.0,3239.8,3251.5,41912150,3576.6,2926.4,4322.95,2866.6,3249.6,99,4,3249.5,223,4,3249.4,145,7,3249.3,82,3,3249.2,126,4,3250.9,59,3,3251.0,45,3,3251.1,24,4,3251.2,26,1,3251.3,81,4
11536,2025-12-30 10:55:55+05:30,3250.8,1,3248.66,310556,107460.0,113082.0,3250.0,3257.0,3239.8,3251.5,41912150,3576.6,2926.4,4322.95,2866.6,3249.6,99,4,3249.5,223,4,3249.4,145,7,3249.3,82,3,3249.2,126,4,3250.9,59,3,3251.0,45,3,3251.1,24,4,3251.2,26,1,3251.3,81,4
11536,2025-12-30 10:55:55+05:30,3250.8,1,3248.66,310558,107665.0,113202.0,3250.0,3257.0,3239.8,3251.5,41912150,3576.6,2926.4,4322.95,2866.6,3249.6,114,5,3249.5,191,3,3249.4,164,7,3249.3,96,3,3249.2,143,5,3250.8,27,3,3250.9,71,6,3251.0,52,2,3251.1,21,3,3251.3,81,4
11536,2025-12-30 10:55:55+05:30,3250.8,1,3248.66,310558,107665.0,113202.0,3250.0,3257.0,3239.8,3251.5,41912150,3576.6,2926.4,4322.95,2866.6,3249.6,114,5,3249.5,191,3,3249.4,164,7,3249.3,96,3,3249.2,143,5,3250.8,27,3,3250.9,71,6,3251.0,52,2,3251.1,21,3,3251.3,81,4
11536,2025-12-30 10:55:56+05:30,3250.8,1,3248.66,310558,106613.0,113595.0,3250.0,3257.0,3239.8,3251.5,41912150,3576.6,2926.4,4322.95,2866.6,3250.6,1,1,3249.8,97,3,3249.7,225,3,3249.6,135,6,3249.5,62,3,3250.8,7,3,3250.9,41,4,3251.0,6,1,3251.1,15,2,3251.2,23,1
11536,2025-12-30 10:55:57+05:30,3250.6,1,3248.66,310558,106613.0,113595.0,3250.0,3257.0,3239.8,3251.5,41912150,3576.6,2926.4,4322.95,2866.6,3250.6,1,1,3249.8,97,3,3249.7,225,3,3249.6,135,6,3249.5,62,3,3250.8,7,3,3250.9,41,4,3251.0,6,1,3251.1,15,2,3251.2,23,1
11536,2025-12-30 10:55:57+05:30,3250.6,1,3248.66,310559,105066.0,113244.0,3250.0,3257.0,3239.8,3251.5,41912150,3576.6,2926.4,4322.95,2866.6,3249.7,18,2,3249.6,66,4,3249.5,19,2,3249.4,91,5,3249.3,35,2,3250.6,26,3,3250.9,38,3,3251.1,39,3,3251.3,102,5,3251.4,14,3
11536,2025-12-30 10:55:57+05:30,3250.6,1,3248.66,310559,105066.0,113244.0,3250.0,3257.0,3239.8,3251.5,41912150,3576.6,2926.4,4322.95,2866.6,3249.7,18,2,3249.6,66,4,3249.5,19,2,3249.4,91,5,3249.3,35,2,3250.6,26,3,3250.9,38,3,3251.1,39,3,3251.3,102,5,3251.4,14,3
11536,2025-12-30 10:55:58+05:30,3249.8,25,3248.66,310559,105066.0,113244.0,3250.0,3257.0,3239.8,3251.5,41912150,3576.6,2926.4,4322.95,2866.6,3249.7,18,2,3249.6,66,4,3249.5,19,2,3249.4,91,5,3249.3,35,2,3250.6,26,3,3250.9,38,3,3251.1,39,3,3251.3,102,5,3251.4,14,3
11536,2025-12-30 10:55:58+05:30,3249.8,25,3248.66,310723,104594.0,113295.0,3250.0,3257.0,3239.8,3251.5,41912150,3576.6,2926.4,4322.95,2866.6,3249.7,21,2,3249.6,1,1,3249.3,11,1,3249.2,100,6,3249.1,32,2,3249.8,15,2,3250.6,34,5,3251.0,84,2,3251.1,51,5,3251.2,118,3
11536,2025-12-30 10:55:59+05:30,3249.8,25,3248.66,310723,104594.0,113295.0,3250.0,3257.0,3239.8,3251.5,41944875,3576.6,2926.4,4322.95,2866.6,3249.7,21,2,3249.6,1,1,3249.3,11,1,3249.2,100,6,3249.1,32,2,3249.8,15,2,3250.6,34,5,3251.0,84,2,3251.1,51,5,3251.2,118,3
11536,2025-12-30 10:55:59+05:30,3249.7,1,3248.66,310723,104594.0,113295.0,3250.0,3257.0,3239.8,3251.5,41944875,3576.6,2926.4,4322.95,2866.6,3249.7,21,2,3249.6,1,1,3249.3,11,1,3249.2,100,6,3249.1,32,2,3249.8,15,2,3250.6,34,5,3251.0,84,2,3251.1,51,5,3251.2,118,3
11536,2025-12-30 10:55:59+05:30,3249.7,1,3248.66,310922,107498.0,115926.0,3250.0,3257.0,3239.8,3251.5,41944875,3576.6,2926.4,4322.95,2866.6,3249.6,1,1,3249.2,21,1,3249.0,24,2,3248.9,41,3,3248.8,66,5,3249.7,36,5,3249.8,17,4,3250.1,23,1,3250.2,13,2,3250.3,64,3
11536,2025-12-30 10:56:00+05:30,3248.9,11,3248.66,310922,107498.0,115926.0,3250.0,3257.0,3239.8,3251.5,41944875,3576.6,2926.4,4322.95,2866.6,3249.6,1,1,3249.2,21,1,3249.0,24,2,3248.9,41,3,3248.8,66,5,3249.7,36,5,3249.8,17,4,3250.1,23,1,3250.2,13,2,3250.3,64,3
11536,2025-12-30 10:56:00+05:30,3248.9,11,3248.66,311035,105988.0,116447.0,3250.0,3257.0,3239.8,3251.5,41944875,3576.6,2926.4,4322.95,2866.6,3248.9,26,4,3248.8,64,5,3248.7,65,5,3248.6,63,2,3248.5,59,3,3249.6,11,4,3249.7,36,5,3249.8,3,3,3250.3,24,1,3250.4,28,2
11536,2025-12-30 10:56:01+05:30,3248.9,11,3248.66,311035,105988.0,116447.0,3250.0,3257.0,3239.8,3251.5,41944875,3576.6,2926.4,4322.95,2866.6,3248.9,26,4,3248.8,64,5,3248.7,65,5,3248.6,63,2,3248.5,59,3,3249.6,11,4,3249.7,36,5,3249.8,3,3,3250.3,24,1,3250.4,28,2
11536,2025-12-30 10:56:01+05:30,3248.9,2,3248.66,311152,106036.0,115329.0,3250.0,3257.0,3239.8,3251.5,41944875,3576.6,2926.4,4322.95,2866.6,3248.8,36,3,3248.7,34,2,3248.5,24,3,3248.4,127,9,3248.3,36,6,3248.9,8,3,3249.6,15,5,3249.7,4,1,3249.8,2,2,3250.0,5,1
11536,2025-12-30 10:56:01+05:30,3248.9,2,3248.66,311152,106036.0,115329.0,3250.0,3257.0,3239.8,3251.5,41944875,3576.6,2926.4,4322.95,2866.6,3248.8,36,3,3248.7,34,2,3248.5,24,3,3248.4,127,9,3248.3,36,6,3248.9,8,3,3249.6,15,5,3249.7,4,1,3249.8,2,2,3250.0,5,1
11536,2025-12-30 10:56:02+05:30,3248.8,8,3248.66,311252,105997.0,115616.0,3250.0,3257.0,3239.8,3251.5,41944875,3576.6,2926.4,4322.95,2866.6,3248.8,18,2,3248.7,34,2,3248.5,18,2,3248.4,127,9,3248.3,82,7,3248.9,15,8,3249.6,5,2,3249.7,4,1,3249.8,1,1,3250.0,5,1
11536,2025-12-30 10:56:02+05:30,3248.8,3,3248.66,311252,105997.0,115616.0,3250.0,3257.0,3239.8,3251.5,41944875,3576.6,2926.4,4322.95,2866.6,3248.8,18,2,3248.7,34,2,3248.5,18,2,3248.4,127,9,3248.3,82,7,3248.9,15,8,3249.6,5,2,3249.7,4,1,3249.8,1,1,3250.0,5,1
11536,2025-12-30 10:56:03+05:30,3248.8,3,3248.66,311364,106078.0,115706.0,3250.0,3257.0,3239.8,3251.5,41944875,3576.6,2926.4,4322.95,2866.6,3248.8,20,2,3248.7,19,1,3248.5,18,2,3248.4,127,9,3248.3,84,8,3248.9,16,11,3250.0,5,1,3250.3,117,4,3250.4,142,4,3250.5,38,2
11536,2025-12-30 10:56:03+05:30,3248.8,3,3248.66,311364,106078.0,115706.0,3250.0,3257.0,3239.8,3251.5,41944875,3576.6,2926.4,4322.95,2866.6,3248.8,20,2,3248.7,19,1,3248.5,18,2,3248.4,127,9,3248.3,84,8,3248.9,16,11,3250.0,5,1,3250.3,117,4,3250.4,142,4,3250.5,38,2
11536,2025-12-30 10:56:04+05:30,3248.8,20,3248.66,311405,106095.0,115709.0,3250.0,3257.0,3239.8,3251.5,41944875,3576.6,2926.4,4322.95,2866.6,3248.8,22,1,3248.5,18,2,3248.4,131,10,3248.3,84,8,3248.2,98,5,3248.9,14,11,3249.9,1,1,3250.0,5,1,3250.3,117,4,3250.4,142,4
11536,2025-12-30 10:56:04+05:30,3248.8,10,3248.66,311405,106095.0,115709.0,3250.0,3257.0,3239.8,3251.5,41944875,3576.6,2926.4,4322.95,2866.6,3248.8,22,1,3248.5,18,2,3248.4,131,10,3248.3,84,8,3248.2,98,5,3248.9,14,11,3249.9,1,1,3250.0,5,1,3250.3,117,4,3250.4,142,4
11536,2025-12-30 10:56:05+05:30,3248.8,1,3248.66,311451,106050.0,115571.0,3250.0,3257.0,3239.8,3251.5,41944875,3576.6,2926.4,4322.95,2866.6,3248.8,31,1,3248.5,1,1,3248.4,93,8,3248.3,38,7,3248.2,144,6,3248.9,12,11,3249.9,1,1,3250.0,5,1,3250.1,34,2,3250.2,33,2
11536,2025-12-30 10:56:05+05:30,3248.8,9,3248.66,311451,106050.0,115571.0,3250.0,3257.0,3239.8,3251.5,41944875,3576.6,2926.4,4322.95,2866.6,3248.8,31,1,3248.5,1,1,3248.4,93,8,3248.3,38,7,3248.2,144,6,3248.9,12,11,3249.9,1,1,3250.0,5,1,3250.1,34,2,3250.2,33,2
11536,2025-12-30 10:56:06+05:30,3248.8,13,3248.66,311483,106086.0,115572.0,3250.0,3257.0,3239.8,3251.5,41944875,3576.6,2926.4,4322.95,2866.6,3248.8,5,1,3248.5,1,1,3248.4,124,10,3248.3,60,8,3248.2,164,7,3248.9,11,11,3249.9,1,1,3250.0,5,1,3250.1,34,2,3250.2,33,2
11536,2025-12-30 10:56:06+05:30,3248.8,9,3248.66,311483,106086.0,115572.0,3250.0,3257.0,3239.8,3251.5,41944875,3576.6,2926.4,4322.95,2866.6,3248.8,5,1,3248.5,1,1,3248.4,124,10,3248.3,60,8,3248.2,164,7,3248.9,11,11,3249.9,1,1,3250.0,5,1,3250.1,34,2,3250.2,33,2
11536,2025-12-30 10:56:07+05:30,3248.8,3,3248.66,311506,106081.0,114973.0,3250.0,3257.0,3239.8,3251.5,41944875,3576.6,2926.4,4322.95,2866.6,3248.8,2,1,3248.5,1,1,3248.4,121,9,3248.3,60,8,3248.2,164,7,3248.9,10,10,3249.9,1,1,3250.0,5,1,3250.1,34,2,3250.2,33,2
11536,2025-12-30 10:56:07+05:30,3248.8,3,3248.66,311506,106081.0,114973.0,3250.0,3257.0,3239.8,3251.5,41944875,3576.6,2926.4,4322.95,2866.6,3248.8,2,1,3248.5,1,1,3248.4,121,9,3248.3,60,8,3248.2,164,7,3248.9,10,10,3249.9,1,1,3250.0,5,1,3250.1,34,2,3250.2,33,2
11536,2025-12-30 10:56:08+05:30,3248.9,1,3248.66,311584,106104.0,114368.0,3250.0,3257.0,3239.8,3251.5,41944875,3576.6,2926.4,4322.95,2866.6,3248.8,42,1,3248.6,46,4,3248.5,63,3,3248.4,106,7,3248.3,176,7,3248.9,10,10,3250.0,28,1,3250.1,5,1,3250.2,8,1,3250.3,87,2
11536,2025-12-30 10:56:08+05:30,3248.8,3,3248.66,311584,106104.0,114368.0,3250.0,3257.0,3239.8,3251.5,41944875,3576.6,2926.4,4322.95,2866.6,3248.8,42,1,3248.6,46,4,3248.5,63,3,3248.4,106,7,3248.3,176,7,3248.9,10,10,3250.0,28,1,3250.1,5,1,3250.2,8,1,3250.3,87,2
11536,2025-12-30 10:56:09+05:30,3248.9,2,3248.66,311626,106154.0,114558.0,3250.0,3257.0,3239.8,3251.5,41944875,3576.6,2926.4,4322.95,2866.6,3248.8,35,1,3248.6,98,6,3248.5,42,2,3248.4,106,7,3248.3,176,7,3248.9,6,4,3250.0,28,1,3250.1,5,1,3250.2,1,1,3250.3,87,2
11536,2025-12-30 10:56:09+05:30,3248.9,2,3248.66,311626,106154.0,114558.0,3250.0,3257.0,3239.8,3251.5,41944875,3576.6,2926.4,4322.95,2866.6,3248.8,35,1,3248.6,98,6,3248.5,42,2,3248.4,106,7,3248.3,176,7,3248.9,6,4,3250.0,28,1,3250.1,5,1,3250.2,1,1,3250.3,87,2
11536,2025-12-30 10:56:10+05:30,3248.9,2,3248.66,311669,107072.0,114415.0,3250.0,3257.0,3239.8,3251.5,41944875,3576.6,2926.4,4322.95,2866.6,3249.0,22,1,3248.9,174,2,3248.8,114,4,3248.7,82,2,3248.6,111,4,3250.1,51,2,3250.2,21,1,3250.5,14,1,3250.6,7,1,3250.7,44,3
11536,2025-12-30 10:56:10+05:30,3248.9,2,3248.66,311669,107072.0,114415.0,3250.0,3257.0,3239.8,3251.5,41944875,3576.6,2926.4,4322.95,2866.6,3249.0,22,1,3248.9,174,2,3248.8,114,4,3248.7,82,2,3248.6,111,4,3250.1,51,2,3250.2,21,1,3250.5,14,1,3250.6,7,1,3250.7,44,3
11536,2025-12-30 10:56:11+05:30,3248.9,2,3248.66,311669,107109.0,114556.0,3250.0,3257.0,3239.8,3251.5,41944875,3576.6,2926.4,4322.95,2866.6,3249.0,42,3,3248.9,200,3,3248.8,115,5,3248.7,108,3,3248.6,157,6,3250.1,31,5,3250.2,21,1,3250.5,14,1,3250.6,33,2,3250.7,44,3
11536,2025-12-30 10:56:12+05:30,3249.6,1,3248.66,311670,107318.0,112847.0,3250.0,3257.0,3239.8,3251.5,41944875,3576.6,2926.4,4322.95,2866.6,3249.6,33,1,3249.2,21,1,3249.0,22,1,3248.9,294,4,3248.8,65,3,3250.1,32,6,3250.2,21,1,3250.5,14,1,3250.6,33,2,3250.7,39,2
11536,2025-12-30 10:56:12+05:30,3249.6,13,3248.66,311670,107318.0,112847.0,3250.0,3257.0,3239.8,3251.5,41944875,3576.6,2926.4,4322.95,2866.6,3249.6,33,1,3249.2,21,1,3249.0,22,1,3248.9,294,4,3248.8,65,3,3250.1,32,6,3250.2,21,1,3250.5,14,1,3250.6,33,2,3250.7,39,2
11536,2025-12-30 10:56:13+05:30,3249.6,1,3248.66,311698,108102.0,114248.0,3250.0,3257.0,3239.8,3251.5,41944875,3576.6,2926.4,4322.95,2866.6,3249.6,7,1,3249.2,21,1,3249.0,83,2,3248.9,294,4,3248.8,65,3,3250.1,28,6,3250.4,25,2,3250.5,14,1,3250.6,26,1,3250.7,39,2
11536,2025-12-30 10:56:13+05:30,3249.6,7,3248.66,311698,108102.0,114248.0,3250.0,3257.0,3239.8,3251.5,41944875,3576.6,2926.4,4322.95,2866.6,3249.6,7,1,3249.2,21,1,3249.0,83,2,3248.9,294,4,3248.8,65,3,3250.1,28,6,3250.4,25,2,3250.5,14,1,3250.6,26,1,3250.7,39,2
11536,2025-12-30 10:56:14+05:30,3250.0,7,3248.66,311712,108354.0,113714.0,3250.0,3257.0,3239.8,3251.5,41944875,3576.6,2926.4,4322.95,2866.6,3250.0,35,1,3249.6,8,1,3249.4,22,1,3249.2,21,1,3249.1,178,1,3250.1,7,7,3250.4,21,1,3250.5,6,1,3250.7,56,3,3250.8,45,3
11536,2025-12-30 10:56:14+05:30,3250.0,7,3248.66,311712,108354.0,113714.0,3250.0,3257.0,3239.8,3251.5,41944875,3576.6,2926.4,4322.95,2866.6,3250.0,35,1,3249.6,8,1,3249.4,22,1,3249.2,21,1,3249.1,178,1,3250.1,7,7,3250.4,21,1,3250.5,6,1,3250.7,56,3,3250.8,45,3
11536,2025-12-30 10:56:15+05:30,3250.0,11,3248.66,311745,108387.0,114052.0,3250.0,3257.0,3239.8,3251.5,41944875,3576.6,2926.4,4322.95,2866.6,3250.0,23,1,3249.8,59,1,3249.4,22,1,3249.2,21,1,3249.1,178,1,3250.1,2,2,3250.4,21,1,3250.5,6,1,3250.7,56,3,3250.8,21,2
11536,2025-12-30 10:56:15+05:30,3250.0,11,3248.66,311745,108387.0,114052.0,3250.0,3257.0,3239.8,3251.5,41944875,3576.6,2926.4,4322.95,2866.6,3250.0,23,1,3249.8,59,1,3249.4,22,1,3249.2,21,1,3249.1,178,1,3250.1,2,2,3250.4,21,1,3250.5,6,1,3250.7,56,3,3250.8,21,2
11536,2025-12-30 10:56:16+05:30,3250.1,1,3248.66,311746,108421.0,114070.0,3250.0,3257.0,3239.8,3251.5,41944875,3576.6,2926.4,4322.95,2866.6,3250.0,23,1,3249.8,59,1,3249.4,22,1,3249.2,47,2,3249.1,178,1,3250.1,4,4,3250.4,21,1,3250.5,6,1,3250.6,25,1,3250.7,31,2
11536,2025-12-30 10:56:16+05:30,3250.1,1,3248.66,311746,108421.0,114070.0,3250.0,3257.0,3239.8,3251.5,41944875,3576.6,2926.4,4322.95,2866.6,3250.0,23,1,3249.8,59,1,3249.4,22,1,3249.2,47,2,3249.1,178,1,3250.1,4,4,3250.4,21,1,3250.5,6,1,3250.6,25,1,3250.7,31,2
11536,2025-12-30 10:56:17+05:30,3250.1,1,3248.66,311752,109196.0,113905.0,3250.0,3257.0,3239.8,3251.5,41944875,3576.6,2926.4,4322.95,2866.6,3250.0,18,1,3249.8,59,1,3249.4,22,1,3249.2,21,1,3249.1,204,2,3250.1,3,3,3250.4,21,1,3250.5,6,1,3250.6,25,1,3250.7,31,2
11536,2025-12-30 10:56:17+05:30,3250.0,3,3248.66,311752,109196.0,113905.0,3250.0,3257.0,3239.8,3251.5,41944875,3576.6,2926.4,4322.95,2866.6,3250.0,18,1,3249.8,59,1,3249.4,22,1,3249.2,21,1,3249.1,204,2,3250.1,3,3,3250.4,21,1,3250.5,6,1,3250.6,25,1,3250.7,31,2
11536,2025-12-30 10:56:18+05:30,3250.0,12,3248.66,311769,109176.0,113917.0,3250.0,3257.0,3239.8,3251.5,41944875,3576.6,2926.4,4322.95,2866.6,3250.0,3,2,3249.8,65,2,3249.4,23,2,3249.2,24,2,3249.1,180,2,3250.1,6,6,3250.5,6,1,3250.6,25,1,3250.7,52,3,3250.8,21,2
11536,2025-12-30 10:56:18+05:30,3250.0,1,3248.66,311769,109176.0,113917.0,3250.0,3257.0,3239.8,3251.5,41944875,3576.6,2926.4,4322.95,2866.6,3250.0,3,2,3249.8,65,2,3249.4,23,2,3249.2,24,2,3249.1,180,2,3250.1,6,6,3250.5,6,1,3250.6,25,1,3250.7,52,3,3250.8,21,2
11536,2025-12-30 10:56:19+05:30,3250.0,1,3248.66,311771,109247.0,113839.0,3250.0,3257.0,3239.8,3251.5,41944875,3576.6,2926.4,4322.95,2866.6,3250.0,43,2,3249.8,65,2,3249.5,14,1,3249.4,38,3,3249.2,88,4,3250.1,7,7,3250.6,50,3,3250.7,25,1,3250.8,7,1,3250.9,10,2
11536,2025-12-30 10:56:19+05:30,3250.0,1,3248.66,311771,109247.0,113839.0,3250.0,3257.0,3239.8,3251.5,41944875,3576.6,2926.4,4322.95,2866.6,3250.0,43,2,3249.8,65,2,3249.5,14,1,3249.4,38,3,3249.2,88,4,3250.1,7,7,3250.6,50,3,3250.7,25,1,3250.8,7,1,3250.9,10,2
11536,2025-12-30 10:56:20+05:30,3250.0,1,3248.66,311774,109357.0,113829.0,3250.0,3257.0,3239.8,3251.5,41944875,3576.6,2926.4,4322.95,2866.6,3250.0,42,2,3249.8,65,2,3249.4,24,3,3249.3,14,1,3249.2,88,4,3250.1,6,6,3250.6,50,3,3250.7,25,1,3250.8,14,2,3250.9,10,2
11536,2025-12-30 10:56:20+05:30,3250.0,1,3248.66,311774,109357.0,113829.0,3250.0,3257.0,3239.8,3251.5,41944875,3576.6,2926.4,4322.95,2866.6,3250.0,42,2,3249.8,65,2,3249.4,24,3,3249.3,14,1,3249.2,88,4,3250.1,6,6,3250.6,50,3,3250.7,25,1,3250.8,14,2,3250.9,10,2
11536,2025-12-30 10:56:21+05:30,3250.0,3,3248.66,311783,109265.0,113772.0,3250.0,3257.0,3239.8,3251.5,41944875,3576.6,2926.4,4322.95,2866.6,3250.0,33,2,3249.8,65,2,3249.4,24,3,3249.2,27,3,3249.1,182,3,3250.1,5,5,3250.3,4,1,3250.5,34,2,3250.6,45,3,3250.7,25,1
11536,2025-12-30 10:56:21+05:30,3250.0,1,3248.66,311783,109265.0,113772.0,3250.0,3257.0,3239.8,3251.5,41944875,3576.6,2926.4,4322.95,2866.6,3250.0,33,2,3249.8,65,2,3249.4,24,3,3249.2,27,3,3249.1,182,3,3250.1,5,5,3250.3,4,1,3250.5,34,2,3250.6,45,3,3250.7,25,1
11536,2025-12-30 10:56:22+05:30,3250.0,1,3248.66,311786,109297.0,113719.0,3250.0,3257.0,3239.8,3251.5,41944875,3576.6,2926.4,4322.95,2866.6,3250.0,50,3,3249.8,65,2,3249.4,24,3,3249.2,27,3,3249.1,182,3,3250.1,6,6,3250.2,4,1,3250.4,27,2,3250.5,44,3,3250.6,20,2
11536,2025-12-30 10:56:22+05:30,3250.0,1,3248.66,311786,109297.0,113719.0,3250.0,3257.0,3239.8,3251.5,41944875,3576.6,2926.4,4322.95,2866.6,3250.0,50,3,3249.8,65,2,3249.4,24,3,3249.2,27,3,3249.1,182,3,3250.1,6,6,3250.2,4,1,3250.4,27,2,3250.5,44,3,3250.6,20,2
11536,2025-12-30 10:56:23+05:30,3250.0,1,3248.66,311788,109336.0,113908.0,3250.0,3257.0,3239.8,3251.5,41944875,3576.6,2926.4,4322.95,2866.6,3250.0,48,3,3249.8,65,2,3249.4,24,3,3249.2,27,3,3249.1,211,5,3250.1,5,5,3250.3,4,1,3250.5,25,1,3250.6,6,1,3250.7,21,1
11536,2025-12-30 10:56:23+05:30,3250.0,1,3248.66,311788,109336.0,113908.0,3250.0,3257.0,3239.8,3251.5,41944875,3576.6,2926.4,4322.95,2866.6,3250.0,48,3,3249.8,65,2,3249.4,24,3,3249.2,27,3,3249.1,211,5,3250.1,5,5,3250.3,4,1,3250.5,25,1,3250.6,6,1,3250.7,21,1
11536,2025-12-30 10:56:24+05:30,3250.0,1,3248.66,311791,109306.0,113967.0,3250.0,3257.0,3239.8,3251.5,41944875,3576.6,2926.4,4322.95,2866.6,3250.0,49,4,3249.8,65,2,3249.6,8,1,3249.4,24,3,3249.2,27,3,3250.1,7,4,3250.2,4,1,3250.4,6,1,3250.5,52,3,3250.6,6,1
11536,2025-12-30 10:56:24+05:30,3250.0,1,3248.66,311791,109306.0,113967.0,3250.0,3257.0,3239.8,3251.5,41944875,3576.6,2926.4,4322.95,2866.6,3250.0,49,4,3249.8,65,2,3249.6,8,1,3249.4,24,3,3249.2,27,3,3250.1,7,4,3250.2,4,1,3250.4,6,1,3250.5,52,3,3250.6,6,1
11536,2025-12-30 10:56:25+05:30,3250.1,1,3248.66,311793,109313.0,113967.0,3250.0,3257.0,3239.8,3251.5,41944875,3576.6,2926.4,4322.95,2866.6,3250.0,48,4,3249.8,65,2,3249.6,8,1,3249.4,24,3,3249.2,27,3,3250.1,7,4,3250.2,4,1,3250.4,6,1,3250.5,52,3,3250.6,6,1
11536,2025-12-30 10:56:25+05:30,3250.1,1,3248.66,311793,109313.0,113967.0,3250.0,3257.0,3239.8,3251.5,41944875,3576.6,2926.4,4322.95,2866.6,3250.0,48,4,3249.8,65,2,3249.6,8,1,3249.4,24,3,3249.2,27,3,3250.1,7,4,3250.2,4,1,3250.4,6,1,3250.5,52,3,3250.6,6,1
11536,2025-12-30 10:56:26+05:30,3250.0,3,3248.66,311820,109413.0,113942.0,3250.0,3257.0,3239.8,3251.5,41944875,3576.6,2926.4,4322.95,2866.6,3250.0,119,5,3249.8,119,3,3249.6,8,1,3249.4,24,3,3249.2,27,3,3250.1,5,4,3250.2,4,1,3250.4,6,1,3250.5,27,2,3250.6,6,1
11536,2025-12-30 10:56:26+05:30,3250.0,1,3248.66,311820,109413.0,113942.0,3250.0,3257.0,3239.8,3251.5,41944875,3576.6,2926.4,4322.95,2866.6,3250.0,119,5,3249.8,119,3,3249.6,8,1,3249.4,24,3,3249.2,27,3,3250.1,5,4,3250.2,4,1,3250.4,6,1,3250.5,27,2,3250.6,6,1
11536,2025-12-30 10:56:27+05:30,3250.0,14,3248.66,311836,109429.0,113928.0,3250.0,3257.0,3239.8,3251.5,41944875,3576.6,2926.4,4322.95,2866.6,3250.0,104,5,3249.8,119,3,3249.4,24,3,3249.2,27,3,3249.1,33,4,3250.1,7,7,3250.5,6,1,3250.6,6,1,3250.7,46,2,3250.8,14,2
11536,2025-12-30 10:56:27+05:30,3250.0,1,3248.66,311836,109429.0,113928.0,3250.0,3257.0,3239.8,3251.5,41944875,3576.6,2926.4,4322.95,2866.6,3250.0,104,5,3249.8,119,3,3249.4,24,3,3249.2,27,3,3249.1,33,4,3250.1,7,7,3250.5,6,1,3250.6,6,1,3250.7,46,2,3250.8,14,2
11536,2025-12-30 10:56:28+05:30,3250.0,7,3248.66,311836,109429.0,113928.0,3250.0,3257.0,3239.8,3251.5,41944875,3576.6,2926.4,4322.95,2866.6,3250.0,104,5,3249.8,119,3,3249.4,24,3,3249.2,27,3,3249.1,33,4,3250.1,7,7,3250.5,6,1,3250.6,6,1,3250.7,46,2,3250.8,14,2
11536,2025-12-30 10:56:28+05:30,3250.0,7,3248.66,311853,109397.0,114071.0,3250.0,3257.0,3239.8,3251.5,41944875,3576.6,2926.4,4322.95,2866.6,3250.0,92,4,3249.8,119,3,3249.6,7,1,3249.4,24,3,3249.2,27,3,3250.1,6,6,3250.3,4,1,3250.5,6,1,3250.6,27,2,3250.7,25,1
11536,2025-12-30 10:56:29+05:30,3250.0,1,3248.66,311853,109397.0,114071.0,3250.0,3257.0,3239.8,3251.5,41944875,3576.6,2926.4,4322.95,2866.6,3250.0,92,4,3249.8,119,3,3249.6,7,1,3249.4,24,3,3249.2,27,3,3250.1,6,6,3250.3,4,1,3250.5,6,1,3250.6,27,2,3250.7,25,1
11536,2025-12-30 10:56:29+05:30,3250.0,1,3248.66,311863,109316.0,113542.0,3250.0,3257.0,3239.8,3251.5,41944875,3576.6,2926.4,4322.95,2866.6,3250.0,82,4,3249.8,119,3,3249.6,11,1,3249.4,24,3,3249.2,27,3,3250.1,6,6,3250.3,4,1,3250.5,27,2,3250.6,6,1,3250.7,25,1
11536,2025-12-30 10:56:30+05:30,3250.0,2,3248.66,311863,109316.0,113542.0,3250.0,3257.0,3239.8,3251.5,41944875,3576.6,2926.4,4322.95,2866.6,3250.0,82,4,3249.8,119,3,3249.6,11,1,3249.4,24,3,3249.2,27,3,3250.1,6,6,3250.3,4,1,3250.5,27,2,3250.6,6,1,3250.7,25,1
11536,2025-12-30 10:56:30+05:30,3250.0,2,3248.66,311870,109301.0,113920.0,3250.0,3257.0,3239.8,3251.5,41944875,3576.6,2926.4,4322.95,2866.6,3250.0,75,4,3249.8,119,3,3249.6,11,1,3249.4,24,3,3249.2,27,3,3250.1,8,6,3250.4,6,1,3250.5,31,3,3250.6,31,2,3250.7,6,1
11536,2025-12-30 10:56:31+05:30,3250.1,1,3248.66,311870,109301.0,113920.0,3250.0,3257.0,3239.8,3251.5,41944875,3576.6,2926.4,4322.95,2866.6,3250.0,75,4,3249.8,119,3,3249.6,11,1,3249.4,24,3,3249.2,27,3,3250.1,8,6,3250.4,6,1,3250.5,31,3,3250.6,31,2,3250.7,6,1
11536,2025-12-30 10:56:31+05:30,3250.0,3,3248.66,311876,109268.0,113993.0,3250.0,3257.0,3239.8,3251.5,41944875,3576.6,2926.4,4322.95,2866.6,3250.0,70,4,3249.8,119,3,3249.4,24,3,3249.2,27,3,3249.1,48,5,3250.1,18,5,3250.3,4,1,3250.4,20,1,3250.5,10,2,3250.6,31,2
11536,2025-12-30 10:56:32+05:30,3250.0,3,3248.66,311876,109268.0,113993.0,3250.0,3257.0,3239.8,3251.5,41944875,3576.6,2926.4,4322.95,2866.6,3250.0,70,4,3249.8,119,3,3249.4,24,3,3249.2,27,3,3249.1,48,5,3250.1,18,5,3250.3,4,1,3250.4,20,1,3250.5,10,2,3250.6,31,2
11536,2025-12-30 10:56:32+05:30,3250.0,2,3248.66,311878,109240.0,114000.0,3250.0,3257.0,3239.8,3251.5,41944875,3576.6,2926.4,4322.95,2866.6,3250.0,68,4,3249.8,119,3,3249.4,24,3,3249.2,27,3,3249.1,22,4,3250.1,19,6,3250.2,4,1,3250.4,26,2,3250.5,10,2,3250.6,31,2
11536,2025-12-30 10:56:33+05:30,3250.0,2,3248.66,311878,109240.0,114000.0,3250.0,3257.0,3239.8,3251.5,41944875,3576.6,2926.4,4322.95,2866.6,3250.0,68,4,3249.8,119,3,3249.4,24,3,3249.2,27,3,3249.1,22,4,3250.1,19,6,3250.2,4,1,3250.4,26,2,3250.5,10,2,3250.6,31,2
11536,2025-12-30 10:56:33+05:30,3250.0,1,3248.66,311883,109244.0,113992.0,3250.0,3257.0,3239.8,3251.5,41944875,3576.6,2926.4,4322.95,2866.6,3250.0,63,4,3249.8,119,3,3249.6,9,1,3249.4,24,3,3249.2,27,3,3250.1,17,4,3250.2,4,1,3250.4,26,2,3250.5,4,1,3250.6,31,2
11536,2025-12-30 10:56:34+05:30,3250.0,1,3248.66,311883,109244.0,113992.0,3250.0,3257.0,3239.8,3251.5,41944875,3576.6,2926.4,4322.95,2866.6,3250.0,63,4,3249.8,119,3,3249.6,9,1,3249.4,24,3,3249.2,27,3,3250.1,17,4,3250.2,4,1,3250.4,26,2,3250.5,4,1,3250.6,31,2
11536,2025-12-30 10:56:34+05:30,3250.0,1,3248.66,311885,109267.0,113899.0,3250.0,3257.0,3239.8,3251.5,41944875,3576.6,2926.4,4322.95,2866.6,3250.0,61,4,3249.8,119,3,3249.6,9,1,3249.4,24,3,3249.2,27,3,3250.1,16,3,3250.2,4,1,3250.4,26,2,3250.5,4,1,3250.6,31,2
11536,2025-12-30 10:56:35+05:30,3250.1,1,3248.66,311885,109267.0,113899.0,3250.0,3257.0,3239.8,3251.5,41944875,3576.6,2926.4,4322.95,2866.6,3250.0,61,4,3249.8,119,3,3249.6,9,1,3249.4,24,3,3249.2,27,3,3250.1,16,3,3250.2,4,1,3250.4,26,2,3250.5,4,1,3250.6,31,2
11536,2025-12-30 10:56:35+05:30,3250.0,1,3248.66,311888,109267.0,113830.0,3250.0,3257.0,3239.8,3251.5,41944875,3576.6,2926.4,4322.95,2866.6,3250.0,59,4,3249.8,119,3,3249.6,9,1,3249.4,24,3,3249.2,27,3,3250.1,15,3,3250.2,4,1,3250.4,26,2,3250.5,4,1,3250.6,6,1
11536,2025-12-30 10:56:36+05:30,3250.0,1,3248.66,311888,109267.0,113830.0,3250.0,3257.0,3239.8,3251.5,41944875,3576.6,2926.4,4322.95,2866.6,3250.0,59,4,3249.8,119,3,3249.6,9,1,3249.4,24,3,3249.2,27,3,3250.1,15,3,3250.2,4,1,3250.4,26,2,3250.5,4,1,3250.6,6,1
11536,2025-12-30 10:56:36+05:30,3250.0,1,3248.66,311888,109191.0,113830.0,3250.0,3257.0,3239.8,3251.5,41944875,3576.6,2926.4,4322.95,2866.6,3250.0,59,4,3249.8,119,3,3249.6,9,1,3249.4,24,3,3249.2,27,3,3250.1,15,3,3250.2,4,1,3250.4,26,2,3250.5,4,1,3250.6,6,1
11536,2025-12-30 10:56:37+05:30,3250.0,1,3248.66,311888,109191.0,113830.0,3250.0,3257.0,3239.8,3251.5,41944875,3576.6,2926.4,4322.95,2866.6,3250.0,59,4,3249.8,119,3,3249.6,9,1,3249.4,24,3,3249.2,27,3,3250.1,15,3,3250.2,4,1,3250.4,26,2,3250.5,4,1,3250.6,6,1
11536,2025-12-30 10:56:37+05:30,3250.0,1,3248.66,311889,109049.0,113927.0,3250.0,3257.0,3239.8,3251.5,41944875,3576.6,2926.4,4322.95,2866.6,3250.0,58,4,3249.8,119,3,3249.6,9,1,3249.4,24,3,3249.2,27,3,3250.1,14,2,3250.2,4,1,3250.4,26,2,3250.6,6,1,3250.7,6,1
11536,2025-12-30 10:56:38+05:30,3250.0,2,3248.66,311889,109049.0,113927.0,3250.0,3257.0,3239.8,3251.5,41944875,3576.6,2926.4,4322.95,2866.6,3250.0,58,4,3249.8,119,3,3249.6,9,1,3249.4,24,3,3249.2,27,3,3250.1,14,2,3250.2,4,1,3250.4,26,2,3250.6,6,1,3250.7,6,1
11536,2025-12-30 10:56:38+05:30,3250.0,2,3248.66,311892,109246.0,114387.0,3250.0,3257.0,3239.8,3251.5,41944875,3576.6,2926.4,4322.95,2866.6,3250.0,55,4,3249.8,119,3,3249.6,9,1,3249.4,24,3,3249.2,27,3,3250.1,15,3,3250.2,4,1,3250.5,7,1,3250.6,6,1,3250.7,50,3
11536,2025-12-30 10:56:39+05:30,3250.1,1,3248.66,311892,109246.0,114387.0,3250.0,3257.0,3239.8,3251.5,41944875,3576.6,2926.4,4322.95,2866.6,3250.0,55,4,3249.8,119,3,3249.6,9,1,3249.4,24,3,3249.2,27,3,3250.1,15,3,3250.2,4,1,3250.5,7,1,3250.6,6,1,3250.7,50,3
11536,2025-12-30 10:56:39+05:30,3250.1,1,3248.66,311893,107148.0,114387.0,3250.0,3257.0,3239.8,3251.5,41944875,3576.6,2926.4,4322.95,2866.6,3250.0,59,5,3249.8,119,3,3249.6,9,1,3249.4,24,3,3249.2,27,3,3250.1,18,5,3250.2,4,1,3250.4,15,3,3250.5,20,1,3250.6,6,1
11536,2025-12-30 10:56:40+05:30,3250.0,1,3248.66,311893,107148.0,114387.0,3250.0,3257.0,3239.8,3251.5,41944875,3576.6,2926.4,4322.95,2866.6,3250.0,59,5,3249.8,119,3,3249.6,9,1,3249.4,24,3,3249.2,27,3,3250.1,18,5,3250.2,4,1,3250.4,15,3,3250.5,20,1,3250.6,6,1
11536,2025-12-30 10:56:40+05:30,3250.0,1,3248.66,311899,109069.0,114443.0,3250.0,3257.0,3239.8,3251.5,41944875,3576.6,2926.4,4322.95,2866.6,3250.0,58,5,3249.8,119,3,3249.6,9,1,3249.4,24,3,3249.2,27,3,3250.1,10,4,3250.3,4,1,3250.5,29,3,3250.6,6,1,3250.7,56,3
11536,2025-12-30 10:56:41+05:30,3250.0,1,3248.66,311899,109069.0,114443.0,3250.0,3257.0,3239.8,3251.5,41944875,3576.6,2926.4,4322.95,2866.6,3250.0,58,5,3249.8,119,3,3249.6,9,1,3249.4,24,3,3249.2,27,3,3250.1,10,4,3250.3,4,1,3250.5,29,3,3250.6,6,1,3250.7,56,3
11536,2025-12-30 10:56:41+05:30,3250.0,1,3248.66,311902,109053.0,114070.0,3250.0,3257.0,3239.8,3251.5,41944875,3576.6,2926.4,4322.95,2866.6,3250.0,56,5,3249.8,119,3,3249.6,9,1,3249.4,24,3,3249.2,27,3,3250.1,9,4,3250.2,4,1,3250.4,5,1,3250.5,29,3,3250.6,6,1
11536,2025-12-30 10:56:42+05:30,3250.0,1,3248.66,311902,109053.0,114070.0,3250.0,3257.0,3239.8,3251.5,41944875,3576.6,2926.4,4322.95,2866.6,3250.0,56,5,3249.8,119,3,3249.6,9,1,3249.4,24,3,3249.2,27,3,3250.1,9,4,3250.2,4,1,3250.4,5,1,3250.5,29,3,3250.6,6,1
11536,2025-12-30 10:56:42+05:30,3250.1,4,3248.66,311907,109040.0,114067.0,3250.0,3257.0,3239.8,3251.5,41944875,3576.6,2926.4,4322.95,2866.6,3250.0,55,5,3249.8,119,3,3249.6,9,1,3249.4,24,3,3249.2,27,3,3250.1,6,5,3250.2,4,1,3250.4,5,1,3250.5,29,3,3250.6,6,1
11536,2025-12-30 10:56:43+05:30,3250.0,33,3248.66,311907,109040.0,114067.0,3250.0,3257.0,3239.8,3251.5,41944875,3576.6,2926.4,4322.95,2866.6,3250.0,55,5,3249.8,119,3,3249.6,9,1,3249.4,24,3,3249.2,27,3,3250.1,6,5,3250.2,4,1,3250.4,5,1,3250.5,29,3,3250.6,6,1
11536,2025-12-30 10:56:43+05:30,3250.0,1,3248.66,311945,109010.0,114726.0,3250.0,3257.0,3239.8,3251.5,41944875,3576.6,2926.4,4322.95,2866.6,3250.0,17,4,3249.8,119,3,3249.6,10,1,3249.4,50,4,3249.3,170,1,3250.1,9,7,3250.5,20,1,3250.7,29,2,3250.8,17,2,3250.9,31,2
11536,2025-12-30 10:56:44+05:30,3250.0,1,3248.66,311945,109010.0,114726.0,3250.0,3257.0,3239.8,3251.5,41944875,3576.6,2926.4,4322.95,2866.6,3250.0,17,4,3249.8,119,3,3249.6,10,1,3249.4,50,4,3249.3,170,1,3250.1,9,7,3250.5,20,1,3250.7,29,2,3250.8,17,2,3250.9,31,2
11536,2025-12-30 10:56:44+05:30,3250.0,2,3248.66,311947,109043.0,114521.0,3250.0,3257.0,3239.8,3251.5,41944875,3576.6,2926.4,4322.95,2866.6,3250.0,15,4,3249.8,119,3,3249.7,18,1,3249.6,10,1,3249.5,14,1,3250.1,10,8,3250.7,23,1,3250.9,27,2,3251.0,25,3,3251.1,35,2
11536,2025-12-30 10:56:45+05:30,3250.0,1,3248.66,311947,109043.0,114521.0,3250.0,3257.0,3239.8,3251.5,41944875,3576.6,2926.4,4322.95,2866.6,3250.0,15,4,3249.8,119,3,3249.7,18,1,3249.6,10,1,3249.5,14,1,3250.1,10,8,3250.7,23,1,3250.9,27,2,3251.0,25,3,3251.1,35,2
11536,2025-12-30 10:56:45+05:30,3250.0,1,3248.66,311964,109081.0,114473.0,3250.0,3257.0,3239.8,3251.5,41944875,3576.6,2926.4,4322.95,2866.6,3250.0,52,4,3249.8,130,4,3249.7,31,2,3249.6,10,1,3249.5,14,1,3250.1,5,5,3250.7,23,1,3250.8,19,1,3250.9,8,1,3251.0,25,3
11536,2025-12-30 10:56:46+05:30,3250.1,1,3248.66,311964,109081.0,114473.0,3250.0,3257.0,3239.8,3251.5,41944875,3576.6,2926.4,4322.95,2866.6,3250.0,52,4,3249.8,130,4,3249.7,31,2,3249.6,10,1,3249.5,14,1,3250.1,5,5,3250.7,23,1,3250.8,19,1,3250.9,8,1,3251.0,25,3
11536,2025-12-30 10:56:46+05:30,3250.0,1,3248.66,311972,109144.0,114517.0,3250.0,3257.0,3239.8,3251.5,41944875,3576.6,2926.4,4322.95,2866.6,3250.0,45,4,3249.8,119,3,3249.7,13,1,3249.6,25,2,3249.5,14,1,3250.1,6,6,3250.7,23,1,3250.8,19,1,3250.9,8,1,3251.0,25,3
11536,2025-12-30 10:56:47+05:30,3250.0,1,3248.66,311972,109144.0,114517.0,3250.0,3257.0,3239.8,3251.5,41944875,3576.6,2926.4,4322.95,2866.6,3250.0,45,4,3249.8,119,3,3249.7,13,1,3249.6,25,2,3249.5,14,1,3250.1,6,6,3250.7,23,1,3250.8,19,1,3250.9,8,1,3251.0,25,3
11536,2025-12-30 10:56:47+05:30,3250.0,1,3248.66,311974,109133.0,114504.0,3250.0,3257.0,3239.8,3251.5,41944875,3576.6,2926.4,4322.95,2866.6,3250.0,44,4,3249.8,119,3,3249.7,13,1,3249.6,25,2,3249.5,14,1,3250.1,8,8,3250.7,46,3,3250.9,8,1,3251.0,23,3,3251.1,9,1
11536,2025-12-30 10:56:48+05:30,3250.0,1,3248.66,311974,109133.0,114504.0,3250.0,3257.0,3239.8,3251.5,41944875,3576.6,2926.4,4322.95,2866.6,3250.0,44,4,3249.8,119,3,3249.7,13,1,3249.6,25,2,3249.5,14,1,3250.1,8,8,3250.7,46,3,3250.9,8,1,3251.0,23,3,3251.1,9,1
11536,2025-12-30 10:56:48+05:30,3250.0,2,3248.66,311986,109242.0,114485.0,3250.0,3257.0,3239.8,3251.5,41944875,3576.6,2926.4,4322.95,2866.6,3250.0,78,5,3249.8,119,3,3249.6,10,1,3249.5,14,1,3249.4,65,5,3250.1,7,7,3250.5,19,1,3250.7,23,1,3250.8,5,1,3250.9,8,1
11536,2025-12-30 10:56:49+05:30,3250.0,2,3248.66,311986,109242.0,114485.0,3250.0,3257.0,3239.8,3251.5,41944875,3576.6,2926.4,4322.95,2866.6,3250.0,78,5,3249.8,119,3,3249.6,10,1,3249.5,14,1,3249.4,65,5,3250.1,7,7,3250.5,19,1,3250.7,23,1,3250.8,5,1,3250.9,8,1
11536,2025-12-30 10:56:49+05:30,3250.0,1,3248.66,311989,109239.0,114466.0,3250.0,3257.0,3239.8,3251.5,41944875,3576.6,2926.4,4322.95,2866.6,3250.0,75,5,3249.8,119,3,3249.6,10,1,3249.5,14,1,3249.4,65,5,3250.1,7,7,3250.5,19,1,3250.6,5,1,3250.7,23,1,3250.8,7,1
11536,2025-12-30 10:56:50+05:30,3250.1,1,3248.66,311989,109239.0,114466.0,3250.0,3257.0,3239.8,3251.5,41944875,3576.6,2926.4,4322.95,2866.6,3250.0,75,5,3249.8,119,3,3249.6,10,1,3249.5,14,1,3249.4,65,5,3250.1,7,7,3250.5,19,1,3250.6,5,1,3250.7,23,1,3250.8,7,1
11536,2025-12-30 10:56:50+05:30,3250.0,1,3248.66,311995,109190.0,114514.0,3250.0,3257.0,3239.8,3251.5,41944875,3576.6,2926.4,4322.95,2866.6,3250.0,71,5,3249.9,10,1,3249.8,119,3,3249.6,10,1,3249.4,50,4,3250.1,4,4,3250.7,28,2,3250.8,19,1,3250.9,8,1,3251.0,23,3
11536,2025-12-30 10:56:51+05:30,3250.0,1,3248.66,311995,109190.0,114514.0,3250.0,3257.0,3239.8,3251.5,41944875,3576.6,2926.4,4322.95,2866.6,3250.0,71,5,3249.9,10,1,3249.8,119,3,3249.6,10,1,3249.4,50,4,3250.1,4,4,3250.7,28,2,3250.8,19,1,3250.9,8,1,3251.0,23,3
11536,2025-12-30 10:56:51+05:30,3250.0,1,3248.66,311996,109189.0,114491.0,3250.0,3257.0,3239.8,3251.5,41944875,3576.6,2926.4,4322.95,2866.6,3250.0,70,5,3249.9,10,1,3249.8,119,3,3249.6,10,1,3249.4,50,4,3250.1,3,3,3250.5,4,1,3250.7,42,2,3250.8,5,1,3250.9,8,1
11536,2025-12-30 10:56:52+05:30,3250.0,1,3248.66,311996,109189.0,114491.0,3250.0,3257.0,3239.8,3251.5,41944875,3576.6,2926.4,4322.95,2866.6,3250.0,70,5,3249.9,10,1,3249.8,119,3,3249.6,10,1,3249.4,50,4,3250.1,3,3,3250.5,4,1,3250.7,42,2,3250.8,5,1,3250.9,8,1
11536,2025-12-30 10:56:52+05:30,3250.0,2,3248.66,311999,109184.0,114356.0,3250.0,3257.0,3239.8,3251.5,41944875,3576.6,2926.4,4322.95,2866.6,3250.0,67,5,3249.9,10,1,3249.8,119,3,3249.6,10,1,3249.4,50,4,3250.1,3,3,3250.7,42,2,3250.8,5,1,3250.9,8,1,3251.0,23,3
11536,2025-12-30 10:56:53+05:30,3250.0,2,3248.66,311999,109184.0,114356.0,3250.0,3257.0,3239.8,3251.5,41944875,3576.6,2926.4,4322.95,2866.6,3250.0,67,5,3249.9,10,1,3249.8,119,3,3249.6,10,1,3249.4,50,4,3250.1,3,3,3250.7,42,2,3250.8,5,1,3250.9,8,1,3251.0,23,3
11536,2025-12-30 10:56:53+05:30,3250.0,1,3248.66,312000,109197.0,114312.0,3250.0,3257.0,3239.8,3251.5,41944875,3576.6,2926.4,4322.95,2866.6,3250.0,66,5,3249.9,10,1,3249.8,119,3,3249.6,10,1,3249.4,68,5,3250.1,2,2,3250.7,42,2,3250.8,5,1,3250.9,8,1,3251.0,23,3
11536,2025-12-30 10:56:54+05:30,3250.0,1,3248.66,312000,109197.0,114312.0,3250.0,3257.0,3239.8,3251.5,41944875,3576.6,2926.4,4322.95,2866.6,3250.0,66,5,3249.9,10,1,3249.8,119,3,3249.6,10,1,3249.4,68,5,3250.1,2,2,3250.7,42,2,3250.8,5,1,3250.9,8,1,3251.0,23,3
11536,2025-12-30 10:56:54+05:30,3250.0,1,3248.66,312001,109186.0,114501.0,3250.0,3257.0,3239.8,3251.5,41944875,3576.6,2926.4,4322.95,2866.6,3250.0,65,5,3249.9,10,1,3249.8,119,3,3249.4,68,5,3249.3,16,2,3250.1,16,3,3250.7,42,2,3250.8,5,1,3250.9,8,1,3251.0,23,3
11536,2025-12-30 10:56:55+05:30,3250.1,1,3248.66,312001,109186.0,114501.0,3250.0,3257.0,3239.8,3251.5,41944875,3576.6,2926.4,4322.95,2866.6,3250.0,65,5,3249.9,10,1,3249.8,119,3,3249.4,68,5,3249.3,16,2,3250.1,16,3,3250.7,42,2,3250.8,5,1,3250.9,8,1,3251.0,23,3
11536,2025-12-30 10:56:55+05:30,3250.1,1,3248.66,312003,109187.0,114640.0,3250.0,3257.0,3239.8,3251.5,41944875,3576.6,2926.4,4322.95,2866.6,3250.0,65,5,3249.9,10,1,3249.8,119,3,3249.4,50,4,3249.3,1,1,3250.1,15,2,3250.6,19,1,3250.7,23,1,3250.8,5,1,3250.9,8,1
11536,2025-12-30 10:56:56+05:30,3250.1,1,3248.66,312003,109193.0,114640.0,3250.0,3257.0,3239.8,3251.5,41944875,3576.6,2926.4,4322.95,2866.6,3250.0,65,5,3249.9,10,1,3249.8,119,3,3249.4,50,4,3249.3,1,1,3250.1,15,2,3250.6,19,1,3250.7,23,1,3250.8,5,1,3250.9,8,1
11536,2025-12-30 10:56:57+05:30,3250.1,1,3248.66,312003,109184.0,114640.0,3250.0,3257.0,3239.8,3251.5,41944875,3576.6,2926.4,4322.95,2866.6,3250.0,65,5,3249.9,10,1,3249.8,119,3,3249.4,50,4,3249.3,5,2,3250.1,15,2,3250.6,19,1,3250.7,23,1,3250.8,5,1,3250.9,8,1
11536,2025-12-30 10:56:58+05:30,3250.0,1,3248.66,312003,109184.0,114640.0,3250.0,3257.0,3239.8,3251.5,41944875,3576.6,2926.4,4322.95,2866.6,3250.0,65,5,3249.9,10,1,3249.8,119,3,3249.4,50,4,3249.3,5,2,3250.1,15,2,3250.6,19,1,3250.7,23,1,3250.8,5,1,3250.9,8,1
11536,2025-12-30 10:56:58+05:30,3250.0,1,3248.66,312007,109190.0,114504.0,3250.0,3257.0,3239.8,3251.5,41944875,3576.6,2926.4,4322.95,2866.6,3250.0,61,5,3249.9,10,1,3249.8,119,3,3249.4,69,5,3249.3,5,2,3250.1,16,3,3250.6,19,1,3250.7,23,1,3250.9,8,1,3251.0,23,3
11536,2025-12-30 10:56:59+05:30,3250.0,1,3248.66,312008,109208.0,114460.0,3250.0,3257.0,3239.8,3251.5,41944875,3576.6,2926.4,4322.95,2866.6,3250.0,60,5,3249.9,10,1,3249.8,119,3,3249.4,50,4,3249.3,5,2,3250.1,15,2,3250.6,19,1,3250.7,23,1,3250.9,8,1,3251.0,23,3
11536,2025-12-30 10:57:00+05:30,3250.1,1,3248.66,312008,109208.0,114460.0,3250.0,3257.0,3239.8,3251.5,41944875,3576.6,2926.4,4322.95,2866.6,3250.0,60,5,3249.9,10,1,3249.8,119,3,3249.4,50,4,3249.3,5,2,3250.1,15,2,3250.6,19,1,3250.7,23,1,3250.9,8,1,3251.0,23,3
11536,2025-12-30 10:57:00+05:30,3250.0,1,3248.66,312011,109244.0,114676.0,3250.0,3257.0,3239.8,3251.5,41944875,3576.6,2926.4,4322.95,2866.6,3250.0,59,5,3249.9,10,1,3249.8,119,3,3249.7,14,1,3249.6,22,2,3250.1,14,3,3250.6,19,1,3250.7,23,1,3250.9,8,1,3251.0,23,3
11536,2025-12-30 10:57:01+05:30,3250.1,1,3248.66,312011,109244.0,114676.0,3250.0,3257.0,3239.8,3251.5,41944875,3576.6,2926.4,4322.95,2866.6,3250.0,59,5,3249.9,10,1,3249.8,119,3,3249.7,14,1,3249.6,22,2,3250.1,14,3,3250.6,19,1,3250.7,23,1,3250.9,8,1,3251.0,23,3
11536,2025-12-30 10:57:01+05:30,3250.1,1,3248.66,312013,109359.0,114387.0,3250.0,3257.0,3239.8,3251.5,41944875,3576.6,2926.4,4322.95,2866.6,3250.0,59,5,3249.9,10,1,3249.8,119,3,3249.7,14,1,3249.6,22,2,3250.1,13,4,3250.9,8,1,3251.0,23,3,3251.1,174,3,3251.2,56,3
11536,2025-12-30 10:57:02+05:30,3250.1,1,3248.66,312013,109359.0,114387.0,3250.0,3257.0,3239.8,3251.5,41944875,3576.6,2926.4,4322.95,2866.6,3250.0,59,5,3249.9,10,1,3249.8,119,3,3249.7,14,1,3249.6,22,2,3250.1,13,4,3250.9,8,1,3251.0,23,3,3251.1,174,3,3251.2,56,3
11536,2025-12-30 10:57:02+05:30,3250.0,1,3248.66,312015,109298.0,114502.0,3250.0,3257.0,3239.8,3251.5,41944875,3576.6,2926.4,4322.95,2866.6,3250.0,57,5,3249.9,10,1,3249.8,119,3,3249.7,14,1,3249.6,22,2,3250.1,13,4,3250.7,39,2,3250.8,4,1,3250.9,8,1,3251.0,23,3
11536,2025-12-30 10:57:03+05:30,3250.0,1,3248.66,312015,109298.0,114502.0,3250.0,3257.0,3239.8,3251.5,41944875,3576.6,2926.4,4322.95,2866.6,3250.0,57,5,3249.9,10,1,3249.8,119,3,3249.7,14,1,3249.6,22,2,3250.1,13,4,3250.7,39,2,3250.8,4,1,3250.9,8,1,3251.0,23,3
11536,2025-12-30 10:57:03+05:30,3250.0,1,3248.66,312017,109375.0,113932.0,3250.0,3257.0,3239.8,3251.5,41944875,3576.6,2926.4,4322.95,2866.6,3250.0,99,6,3249.9,10,1,3249.8,119,3,3249.6,8,1,3249.4,64,5,3250.1,12,3,3250.6,18,1,3250.7,21,1,3250.9,8,1,3251.0,23,3
11536,2025-12-30 10:57:04+05:30,3250.0,1,3248.66,312017,109375.0,113932.0,3250.0,3257.0,3239.8,3251.5,41944875,3576.6,2926.4,4322.95,2866.6,3250.0,99,6,3249.9,10,1,3249.8,119,3,3249.6,8,1,3249.4,64,5,3250.1,12,3,3250.6,18,1,3250.7,21,1,3250.9,8,1,3251.0,23,3
11536,2025-12-30 10:57:04+05:30,3250.0,1,3248.66,312017,109474.0,113932.0,3250.0,3257.0,3239.8,3251.5,41944875,3576.6,2926.4,4322.95,2866.6,3250.0,149,7,3249.9,10,1,3249.8,119,3,3249.7,14,1,3249.6,22,2,3250.1,12,3,3250.6,18,1,3250.7,21,1,3250.9,8,1,3251.0,23,3
11536,2025-12-30 10:57:05+05:30,3250.1,1,3248.66,312017,109474.0,113932.0,3250.0,3257.0,3239.8,3251.5,41944875,3576.6,2926.4,4322.95,2866.6,3250.0,149,7,3249.9,10,1,3249.8,119,3,3249.7,14,1,3249.6,22,2,3250.1,12,3,3250.6,18,1,3250.7,21,1,3250.9,8,1,3251.0,23,3
11536,2025-12-30 10:57:05+05:30,3250.0,1,3248.66,312020,109570.0,114279.0,3250.0,3257.0,3239.8,3251.5,41944875,3576.6,2926.4,4322.95,2866.6,3250.0,149,7,3249.9,10,1,3249.8,119,3,3249.7,14,1,3249.6,22,2,3250.1,9,1,3250.6,18,1,3250.7,21,1,3250.9,8,1,3251.0,23,3
11536,2025-12-30 10:57:06+05:30,3250.0,1,3248.66,312020,109570.0,114279.0,3250.0,3257.0,3239.8,3251.5,41944875,3576.6,2926.4,4322.95,2866.6,3250.0,149,7,3249.9,10,1,3249.8,119,3,3249.7,14,1,3249.6,22,2,3250.1,9,1,3250.6,18,1,3250.7,21,1,3250.9,8,1,3251.0,23,3
11536,2025-12-30 10:57:06+05:30,3250.0,1,3248.66,312020,109549.0,113931.0,3250.0,3257.0,3239.8,3251.5,41944875,3576.6,2926.4,4322.95,2866.6,3250.0,149,7,3249.9,10,1,3249.8,119,3,3249.7,14,1,3249.6,22,2,3250.1,11,3,3250.6,18,1,3250.7,21,1,3250.9,8,1,3251.0,23,3
11536,2025-12-30 10:57:07+05:30,3250.0,1,3248.66,312020,109387.0,113931.0,3250.0,3257.0,3239.8,3251.5,41944875,3576.6,2926.4,4322.95,2866.6,3250.0,149,7,3249.9,10,1,3249.8,119,3,3249.7,14,1,3249.6,22,2,3250.1,11,3,3250.6,18,1,3250.7,21,1,3250.9,8,1,3251.0,23,3
11536,2025-12-30 10:57:08+05:30,3250.0,1,3248.66,312020,109387.0,113931.0,3250.0,3257.0,3239.8,3251.5,41944875,3576.6,2926.4,4322.95,2866.6,3250.0,149,7,3249.9,10,1,3249.8,119,3,3249.7,14,1,3249.6,22,2,3250.1,11,3,3250.6,18,1,3250.7,21,1,3250.9,8,1,3251.0,23,3
11536,2025-12-30 10:57:08+05:30,3250.0,1,3248.66,312022,109283.0,113920.0,3250.0,3257.0,3239.8,3251.5,41944875,3576.6,2926.4,4322.95,2866.6,3250.0,147,7,3249.9,10,1,3249.8,119,3,3249.6,8,1,3249.4,64,5,3250.1,10,2,3250.6,18,1,3250.7,26,2,3250.9,8,1,3251.0,23,3
11536,2025-12-30 10:57:09+05:30,3250.0,1,3248.66,312022,109283.0,113920.0,3250.0,3257.0,3239.8,3251.5,41944875,3576.6,2926.4,4322.95,2866.6,3250.0,147,7,3249.9,10,1,3249.8,119,3,3249.6,8,1,3249.4,64,5,3250.1,10,2,3250.6,18,1,3250.7,26,2,3250.9,8,1,3251.0,23,3
11536,2025-12-30 10:57:09+05:30,3250.0,1,3248.66,312023,109254.0,113963.0,3250.0,3257.0,3239.8,3251.5,41944875,3576.6,2926.4,4322.95,2866.6,3250.0,150,7,3249.9,10,1,3249.8,119,3,3249.6,8,1,3249.4,64,5,3250.1,10,2,3250.6,18,1,3250.7,26,2,3250.9,8,1,3251.0,23,3
11536,2025-12-30 10:57:10+05:30,3250.1,1,3248.66,312023,109254.0,113963.0,3250.0,3257.0,3239.8,3251.5,41944875,3576.6,2926.4,4322.95,2866.6,3250.0,150,7,3249.9,10,1,3249.8,119,3,3249.6,8,1,3249.4,64,5,3250.1,10,2,3250.6,18,1,3250.7,26,2,3250.9,8,1,3251.0,23,3
11536,2025-12-30 10:57:10+05:30,3250.1,1,3248.66,312024,109340.0,113457.0,3250.0,3257.0,3239.8,3251.5,41944875,3576.6,2926.4,4322.95,2866.6,3250.0,150,7,3249.9,10,1,3249.8,119,3,3249.6,8,1,3249.4,50,4,3250.1,9,2,3250.2,4,1,3250.4,4,1,3250.5,18,1,3250.6,36,3
11536,2025-12-30 10:57:11+05:30,3250.0,7,3248.66,312024,109340.0,113457.0,3250.0,3257.0,3239.8,3251.5,41944875,3576.6,2926.4,4322.95,2866.6,3250.0,150,7,3249.9,10,1,3249.8,119,3,3249.6,8,1,3249.4,50,4,3250.1,9,2,3250.2,4,1,3250.4,4,1,3250.5,18,1,3250.6,36,3
11536,2025-12-30 10:57:11+05:30,3250.0,7,3248.66,312035,107407.0,115035.0,3250.0,3257.0,3239.8,3251.5,41944875,3576.6,2926.4,4322.95,2866.6,3250.0,143,7,3249.9,10,1,3249.8,119,3,3249.4,24,3,3249.3,8,2,3250.1,13,4,3250.2,4,1,3250.4,22,2,3250.5,35,2,3250.6,22,3
11536,2025-12-30 10:57:12+05:30,3250.1,1,3248.66,312038,107315.0,115034.0,3250.0,3257.0,3239.8,3251.5,41944875,3576.6,2926.4,4322.95,2866.6,3250.0,144,8,3249.9,10,1,3249.8,119,3,3249.6,8,1,3249.4,24,3,3250.1,12,6,3250.2,4,1,3250.4,22,2,3250.5,35,2,3250.6,22,3
11536,2025-12-30 10:57:13+05:30,3250.0,1,3248.66,312038,107315.0,115034.0,3250.0,3257.0,3239.8,3251.5,41944875,3576.6,2926.4,4322.95,2866.6,3250.0,144,8,3249.9,10,1,3249.8,119,3,3249.6,8,1,3249.4,24,3,3250.1,12,6,3250.2,4,1,3250.4,22,2,3250.5,35,2,3250.6,22,3
11536,2025-12-30 10:57:13+05:30,3250.0,3,3248.66,312042,107268.0,114849.0,3250.0,3257.0,3239.8,3251.5,41944875,3576.6,2926.4,4322.95,2866.6,3250.0,140,8,3249.9,10,1,3249.8,119,3,3249.6,8,1,3249.4,24,3,3250.1,9,5,3250.2,4,1,3250.4,27,3,3250.5,35,2,3250.6,29,4
11536,2025-12-30 10:57:14+05:30,3250.0,3,3248.66,312042,107268.0,114849.0,3250.0,3257.0,3239.8,3251.5,41944875,3576.6,2926.4,4322.95,2866.6,3250.0,140,8,3249.9,10,1,3249.8,119,3,3249.6,8,1,3249.4,24,3,3250.1,9,5,3250.2,4,1,3250.4,27,3,3250.5,35,2,3250.6,29,4
11536,2025-12-30 10:57:14+05:30,3250.0,2,3248.66,312045,109218.0,114832.0,3250.0,3257.0,3239.8,3251.5,41944875,3576.6,2926.4,4322.95,2866.6,3250.0,137,8,3249.9,10,1,3249.8,119,3,3249.6,8,1,3249.4,24,3,3250.1,10,4,3250.3,2,1,3250.4,27,3,3250.5,35,2,3250.6,29,4
11536,2025-12-30 10:57:15+05:30,3250.1,1,3248.66,312045,109218.0,114832.0,3250.0,3257.0,3239.8,3251.5,41944875,3576.6,2926.4,4322.95,2866.6,3250.0,137,8,3249.9,10,1,3249.8,119,3,3249.6,8,1,3249.4,24,3,3250.1,10,4,3250.3,2,1,3250.4,27,3,3250.5,35,2,3250.6,29,4
11536,2025-12-30 10:57:15+05:30,3250.0,1,3248.66,312048,108993.0,113865.0,3250.0,3257.0,3239.8,3251.5,41944875,3576.6,2926.4,4322.95,2866.6,3250.0,135,8,3249.9,10,1,3249.8,119,3,3249.6,8,1,3249.4,24,3,3250.1,12,7,3250.4,27,3,3250.5,21,1,3250.6,19,3,3250.7,36,2
11536,2025-12-30 10:57:16+05:30,3250.1,1,3248.66,312048,108993.0,113865.0,3250.0,3257.0,3239.8,3251.5,41944875,3576.6,2926.4,4322.95,2866.6,3250.0,135,8,3249.9,10,1,3249.8,119,3,3249.6,8,1,3249.4,24,3,3250.1,12,7,3250.4,27,3,3250.5,21,1,3250.6,19,3,3250.7,36,2
11536,2025-12-30 10:57:16+05:30,3250.1,1,3248.66,312049,109145.0,115275.0,3250.0,3257.0,3239.8,3251.5,41944875,3576.6,2926.4,4322.95,2866.6,3250.0,135,8,3249.9,10,1,3249.8,119,3,3249.6,8,1,3249.4,24,3,3250.1,9,7,3250.4,22,2,3250.5,21,1,3250.6,12,2,3250.7,36,2
11536,2025-12-30 10:57:17+05:30,3250.0,1,3248.66,312049,109145.0,115275.0,3250.0,3257.0,3239.8,3251.5,41944875,3576.6,2926.4,4322.95,2866.6,3250.0,135,8,3249.9,10,1,3249.8,119,3,3249.6,8,1,3249.4,24,3,3250.1,9,7,3250.4,22,2,3250.5,21,1,3250.6,12,2,3250.7,36,2
11536,2025-12-30 10:57:17+05:30,3250.0,1,3248.66,312053,109165.0,115258.0,3250.0,3257.0,3239.8,3251.5,41944875,3576.6,2926.4,4322.95,2866.6,3250.0,131,8,3249.9,10,1,3249.8,119,3,3249.6,8,1,3249.4,24,3,3250.1,5,3,3250.2,4,1,3250.4,22,2,3250.5,26,2,3250.6,12,2
11536,2025-12-30 10:57:18+05:30,3250.9,17,3248.66,312053,109165.0,115258.0,3250.0,3257.0,3239.8,3251.5,41944875,3576.6,2926.4,4322.95,2866.6,3250.0,131,8,3249.9,10,1,3249.8,119,3,3249.6,8,1,3249.4,24,3,3250.1,5,3,3250.2,4,1,3250.4,22,2,3250.5,26,2,3250.6,12,2
11536,2025-12-30 10:57:18+05:30,3250.9,17,3248.66,312259,109710.0,114313.0,3250.0,3257.0,3239.8,3251.5,41944875,3576.6,2926.4,4322.95,2866.6,3250.6,2,2,3250.0,128,8,3249.9,10,1,3249.8,119,3,3249.6,47,3,3250.7,46,5,3250.8,7,1,3250.9,29,3,3251.0,383,4,3251.1,51,3
11536,2025-12-30 10:57:19+05:30,3250.6,3,3248.66,312259,109710.0,114313.0,3250.0,3257.0,3239.8,3251.5,41944875,3576.6,2926.4,4322.95,2866.6,3250.6,2,2,3250.0,128,8,3249.9,10,1,3249.8,119,3,3249.6,47,3,3250.7,46,5,3250.8,7,1,3250.9,29,3,3251.0,383,4,3251.1,51,3
11536,2025-12-30 10:57:19+05:30,3250.6,3,3248.66,312308,109195.0,114459.0,3250.0,3257.0,3239.8,3251.5,41944875,3576.6,2926.4,4322.95,2866.6,3250.0,78,7,3249.9,10,1,3249.8,65,2,3249.6,22,1,3249.4,24,3,3250.7,61,6,3250.8,7,1,3250.9,32,4,3251.0,360,3,3251.1,47,2
11536,2025-12-30 10:57:20+05:30,3250.0,38,3248.66,312308,109195.0,114459.0,3250.0,3257.0,3239.8,3251.5,41944875,3576.6,2926.4,4322.95,2866.6,3250.0,78,7,3249.9,10,1,3249.8,65,2,3249.6,22,1,3249.4,24,3,3250.7,61,6,3250.8,7,1,3250.9,32,4,3251.0,360,3,3251.1,47,2
11536,2025-12-30 10:57:20+05:30,3250.0,38,3248.66,312369,109128.0,114530.0,3250.0,3257.0,3239.8,3251.5,41944875,3576.6,2926.4,4322.95,2866.6,3250.0,17,6,3249.9,10,1,3249.8,65,2,3249.4,27,4,3249.3,8,2,3250.7,109,7,3250.9,28,3,3251.0,355,2,3251.1,47,2,3251.2,41,3
11536,2025-12-30 10:57:21+05:30,3250.0,2,3248.66,312383,109147.0,114703.0,3250.0,3257.0,3239.8,3251.5,41944875,3576.6,2926.4,4322.95,2866.6,3250.0,46,6,3249.9,10,1,3249.8,65,2,3249.4,27,4,3249.3,8,2,3250.7,111,8,3250.9,28,3,3251.0,360,3,3251.1,47,2,3251.2,49,4
11536,2025-12-30 10:57:22+05:30,3250.0,2,3248.66,312383,109147.0,114703.0,3250.0,3257.0,3239.8,3251.5,41944875,3576.6,2926.4,4322.95,2866.6,3250.0,46,6,3249.9,10,1,3249.8,65,2,3249.4,27,4,3249.3,8,2,3250.7,111,8,3250.9,28,3,3251.0,360,3,3251.1,47,2,3251.2,49,4
11536,2025-12-30 10:57:22+05:30,3250.0,16,3248.66,312402,109156.0,114559.0,3250.0,3257.0,3239.8,3251.5,41944875,3576.6,2926.4,4322.95,2866.6,3250.0,31,5,3249.9,10,1,3249.8,65,2,3249.4,27,4,3249.3,11,3,3250.7,114,7,3250.8,10,1,3250.9,28,3,3251.0,357,2,3251.1,47,2
11536,2025-12-30 10:57:23+05:30,3250.0,16,3248.66,312402,109156.0,114559.0,3250.0,3257.0,3239.8,3251.5,41944875,3576.6,2926.4,4322.95,2866.6,3250.0,31,5,3249.9,10,1,3249.8,65,2,3249.4,27,4,3249.3,11,3,3250.7,114,7,3250.8,10,1,3250.9,28,3,3251.0,357,2,3251.1,47,2
11536,2025-12-30 10:57:23+05:30,3250.0,4,3248.66,312406,109171.0,114569.0,3250.0,3257.0,3239.8,3251.5,41944875,3576.6,2926.4,4322.95,2866.6,3250.0,27,5,3249.9,10,1,3249.8,65,2,3249.4,27,4,3249.3,11,3,3250.7,117,8,3250.8,10,1,3250.9,28,3,3251.0,364,3,3251.1,56,3
11536,2025-12-30 10:57:24+05:30,3250.7,1,3248.66,312406,109171.0,114569.0,3250.0,3257.0,3239.8,3251.5,41944875,3576.6,2926.4,4322.95,2866.6,3250.0,27,5,3249.9,10,1,3249.8,65,2,3249.4,27,4,3249.3,11,3,3250.7,117,8,3250.8,10,1,3250.9,28,3,3251.0,364,3,3251.1,56,3
11536,2025-12-30 10:57:24+05:30,3250.7,1,3248.66,312407,109204.0,114608.0,3250.0,3257.0,3239.8,3251.5,41944875,3576.6,2926.4,4322.95,2866.6,3250.0,27,5,3249.9,10,1,3249.8,65,2,3249.4,27,4,3249.3,11,3,3250.7,86,6,3250.9,28,3,3251.0,369,3,3251.1,56,3,3251.2,18,2
11536,2025-12-30 10:57:25+05:30,3250.7,1,3248.66,312407,109204.0,114608.0,3250.0,3257.0,3239.8,3251.5,41944875,3576.6,2926.4,4322.95,2866.6,3250.0,27,5,3249.9,10,1,3249.8,65,2,3249.4,27,4,3249.3,11,3,3250.7,86,6,3250.9,28,3,3251.0,369,3,3251.1,56,3,3251.2,18,2
11536,2025-12-30 10:57:25+05:30,3250.0,1,3248.66,312423,109232.0,114797.0,3250.0,3257.0,3239.8,3251.5,41944875,3576.6,2926.4,4322.95,2866.6,3250.0,12,4,3249.9,10,1,3249.8,65,2,3249.4,27,4,3249.3,11,3,3250.7,70,6,3250.8,18,1,3250.9,28,3,3251.0,395,5,3251.1,56,3
11536,2025-12-30 10:57:26+05:30,3250.0,1,3248.66,312423,109232.0,114797.0,3250.0,3257.0,3239.8,3251.5,41944875,3576.6,2926.4,4322.95,2866.6,3250.0,12,4,3249.9,10,1,3249.8,65,2,3249.4,27,4,3249.3,11,3,3250.7,70,6,3250.8,18,1,3250.9,28,3,3251.0,395,5,3251.1,56,3
11536,2025-12-30 10:57:26+05:30,3250.0,1,3248.66,312424,109231.0,114931.0,3250.0,3257.0,3239.8,3251.5,41944875,3576.6,2926.4,4322.95,2866.6,3250.0,11,4,3249.9,10,1,3249.8,65,2,3249.4,27,4,3249.3,11,3,3250.6,21,2,3250.7,67,5,3250.8,26,2,3250.9,28,3,3251.0,374,4
11536,2025-12-30 10:57:27+05:30,3251.7,10,3248.66,312424,109231.0,114931.0,3250.0,3257.0,3239.8,3251.5,41944875,3576.6,2926.4,4322.95,2866.6,3250.0,11,4,3249.9,10,1,3249.8,65,2,3249.4,27,4,3249.3,11,3,3250.6,21,2,3250.7,67,5,3250.8,26,2,3250.9,28,3,3251.0,374,4
11536,2025-12-30 10:57:30+05:30,3250.8,10,3248.66,312717,110725.0,111129.0,3250.0,3257.0,3239.8,3251.5,41944875,3576.6,2926.4,4322.95,2866.6,3250.7,31,2,3250.6,38,3,3250.5,1,1,3250.4,44,4,3250.3,123,6,3250.8,4,1,3251.7,2,2,3251.9,67,2,3252.0,351,2,3252.1,8,1
11536,2025-12-30 10:57:30+05:30,3250.8,10,3248.66,312717,110725.0,111129.0,3250.0,3257.0,3239.8,3251.5,41944875,3576.6,2926.4,4322.95,2866.6,3250.7,31,2,3250.6,38,3,3250.5,1,1,3250.4,44,4,3250.3,123,6,3250.8,4,1,3251.7,2,2,3251.9,67,2,3252.0,351,2,3252.1,8,1
11536,2025-12-30 10:57:33+05:30,3250.7,3,3248.66,312717,110725.0,111129.0,3250.0,3257.0,3239.8,3251.5,41944875,3576.6,2926.4,4322.95,2866.6,3250.7,31,2,3250.6,38,3,3250.5,1,1,3250.4,44,4,3250.3,123,6,3250.8,4,1,3251.7,2,2,3251.9,67,2,3252.0,351,2,3252.1,8,1
11536,2025-12-30 10:57:35+05:30,3250.8,1,3248.66,312776,110129.0,110883.0,3250.0,3257.0,3239.8,3251.5,41944875,3576.6,2926.4,4322.95,2866.6,3250.8,10,1,3250.7,10,3,3250.6,30,4,3250.5,5,2,3250.4,9,2,3251.7,36,4,3251.8,49,5,3251.9,6,2,3252.0,345,3,3252.1,26,1
11536,2025-12-30 10:57:35+05:30,3250.8,1,3248.66,312776,110129.0,110883.0,3250.0,3257.0,3239.8,3251.5,41944875,3576.6,2926.4,4322.95,2866.6,3250.8,10,1,3250.7,10,3,3250.6,30,4,3250.5,5,2,3250.4,9,2,3251.7,36,4,3251.8,49,5,3251.9,6,2,3252.0,345,3,3252.1,26,1
11536,2025-12-30 10:57:39+05:30,3252.0,75,3248.66,312776,110129.0,110883.0,3250.0,3257.0,3239.8,3251.5,41944875,3576.6,2926.4,4322.95,2866.6,3250.8,10,1,3250.7,10,3,3250.6,30,4,3250.5,5,2,3250.4,9,2,3251.7,36,4,3251.8,49,5,3251.9,6,2,3252.0,345,3,3252.1,26,1
11536,2025-12-30 10:57:39+05:30,3252.0,4,3248.66,312942,112147.0,111006.0,3250.0,3257.0,3239.8,3251.5,41944875,3576.6,2926.4,4322.95,2866.6,3251.2,21,1,3251.1,10,1,3251.0,29,3,3250.9,19,2,3250.8,80,4,3252.0,257,2,3252.2,4,1,3252.3,5,1,3252.4,5,1,3252.5,104,2
11536,2025-12-30 10:57:42+05:30,3251.4,15,3248.66,312942,112147.0,111006.0,3250.0,3257.0,3239.8,3251.5,41944875,3576.6,2926.4,4322.95,2866.6,3251.2,21,1,3251.1,10,1,3251.0,29,3,3250.9,19,2,3250.8,80,4,3252.0,257,2,3252.2,4,1,3252.3,5,1,3252.4,5,1,3252.5,104,2
11536,2025-12-30 10:57:44+05:30,3251.5,1,3248.67,313002,112524.0,110440.0,3250.0,3257.0,3239.8,3251.5,41944875,3576.6,2926.4,4322.95,2866.6,3251.5,2,2,3251.4,14,2,3251.3,18,2,3251.2,73,4,3251.1,54,3,3252.0,15,2,3252.2,10,1,3252.3,5,1,3252.4,8,1,3252.5,8,1
11536,2025-12-30 10:57:45+05:30,3252.0,1,3248.67,313002,112524.0,110440.0,3250.0,3257.0,3239.8,3251.5,41944875,3576.6,2926.4,4322.95,2866.6,3251.5,2,2,3251.4,14,2,3251.3,18,2,3251.2,73,4,3251.1,54,3,3252.0,15,2,3252.2,10,1,3252.3,5,1,3252.4,8,1,3252.5,8,1
11536,2025-12-30 10:57:48+05:30,3251.5,4,3248.67,313002,112524.0,110440.0,3250.0,3257.0,3239.8,3251.5,41944875,3576.6,2926.4,4322.95,2866.6,3251.5,2,2,3251.4,14,2,3251.3,18,2,3251.2,73,4,3251.1,54,3,3252.0,15,2,3252.2,10,1,3252.3,5,1,3252.4,8,1,3252.5,8,1
11536,2025-12-30 10:57:49+05:30,3252.0,1,3248.67,313054,112446.0,110786.0,3250.0,3257.0,3239.8,3251.5,41944875,3576.6,2926.4,4322.95,2866.6,3252.0,123,1,3251.5,74,4,3251.4,5,2,3251.3,78,5,3251.2,60,4,3252.3,7,2,3252.5,8,1,3252.6,7,1,3252.7,15,3,3252.8,39,3
11536,2025-12-30 10:57:51+05:30,3252.0,13,3248.67,313054,112446.0,110786.0,3250.0,3257.0,3239.8,3251.5,41944875,3576.6,2926.4,4322.95,2866.6,3252.0,123,1,3251.5,74,4,3251.4,5,2,3251.3,78,5,3251.2,60,4,3252.3,7,2,3252.5,8,1,3252.6,7,1,3252.7,15,3,3252.8,39,3
11536,2025-12-30 10:57:53+05:30,3253.0,1,3248.67,313646,111528.0,108913.0,3250.0,3257.0,3239.8,3251.5,41944875,3576.6,2926.4,4322.95,2866.6,3253.0,79,3,3252.2,183,3,3252.1,55,3,3252.0,314,9,3251.9,303,5,3253.3,83,4,3253.5,35,2,3253.6,26,2,3253.7,30,3,3253.8,15,2
11536,2025-12-30 10:57:54+05:30,3253.0,94,3248.67,313646,111528.0,108913.0,3250.0,3257.0,3239.8,3251.5,41944875,3576.6,2926.4,4322.95,2866.6,3253.0,79,3,3252.2,183,3,3252.1,55,3,3252.0,314,9,3251.9,303,5,3253.3,83,4,3253.5,35,2,3253.6,26,2,3253.7,30,3,3253.8,15,2
11536,2025-12-30 10:57:57+05:30,3253.3,1,3248.67,313646,111528.0,108913.0,3250.0,3257.0,3239.8,3251.5,41944875,3576.6,2926.4,4322.95,2866.6,3253.0,79,3,3252.2,183,3,3252.1,55,3,3252.0,314,9,3251.9,303,5,3253.3,83,4,3253.5,35,2,3253.6,26,2,3253.7,30,3,3253.8,15,2
11536,2025-12-30 10:57:57+05:30,3253.0,3,3248.68,313939,109536.0,109673.0,3250.0,3257.0,3239.8,3251.5,41944875,3576.6,2926.4,4322.95,2866.6,3253.0,173,4,3252.3,1,1,3252.2,16,2,3252.1,213,8,3252.0,289,8,3253.3,55,3,3253.4,10,1,3253.5,43,2,3253.6,7,1,3253.7,30,3
11536,2025-12-30 10:58:00+05:30,3253.3,8,3248.68,313939,109536.0,109673.0,3250.0,3257.0,3239.8,3251.5,41944875,3576.6,2926.4,4322.95,2866.6,3253.0,173,4,3252.3,1,1,3252.2,16,2,3252.1,213,8,3252.0,289,8,3253.3,55,3,3253.4,10,1,3253.5,43,2,3253.6,7,1,3253.7,30,3
11536,2025-12-30 10:58:02+05:30,3253.3,5,3248.68,314000,109699.0,109045.0,3250.0,3257.0,3239.8,3251.5,41944875,3576.6,2926.4,4322.95,2866.6,3253.0,126,3,3252.9,10,1,3252.3,25,2,3252.2,12,1,3252.1,121,6,3253.3,81,5,3253.4,4,1,3253.5,25,1,3253.6,36,3,3253.7,31,3
11536,2025-12-30 10:58:03+05:30,3253.0,10,3248.68,314000,109699.0,109045.0,3250.0,3257.0,3239.8,3251.5,41944875,3576.6,2926.4,4322.95,2866.6,3253.0,126,3,3252.9,10,1,3252.3,25,2,3252.2,12,1,3252.1,121,6,3253.3,81,5,3253.4,4,1,3253.5,25,1,3253.6,36,3,3253.7,31,3
11536,2025-12-30 10:58:06+05:30,3253.0,4,3248.68,314000,109699.0,109045.0,3250.0,3257.0,3239.8,3251.5,41944875,3576.6,2926.4,4322.95,2866.6,3253.0,126,3,3252.9,10,1,3252.3,25,2,3252.2,12,1,3252.1,121,6,3253.3,81,5,3253.4,4,1,3253.5,25,1,3253.6,36,3,3253.7,31,3
11536,2025-12-30 10:58:07+05:30,3253.0,3,3248.68,314050,109638.0,109375.0,3250.0,3257.0,3239.8,3251.5,41944875,3576.6,2926.4,4322.95,2866.6,3253.0,96,3,3252.9,21,2,3252.7,12,1,3252.6,12,1,3252.3,26,3,3253.3,52,5,3253.5,27,2,3253.7,26,2,3253.8,22,1,3254.0,63,5
11536,2025-12-30 10:58:09+05:30,3253.0,2,3248.68,314050,109638.0,109375.0,3250.0,3257.0,3239.8,3251.5,41944875,3576.6,2926.4,4322.95,2866.6,3253.0,96,3,3252.9,21,2,3252.7,12,1,3252.6,12,1,3252.3,26,3,3253.3,52,5,3253.5,27,2,3253.7,26,2,3253.8,22,1,3254.0,63,5
11536,2025-12-30 10:58:11+05:30,3253.0,1,3248.68,314101,109694.0,109720.0,3250.0,3257.0,3239.8,3251.5,41944875,3576.6,2926.4,4322.95,2866.6,3253.0,102,5,3252.9,21,2,3252.3,26,3,3252.2,26,2,3252.1,106,6,3253.3,59,5,3253.5,27,2,3253.6,18,1,3253.7,46,4,3253.9,8,1
11536,2025-12-30 10:58:12+05:30,3253.3,2,3248.68,314101,109694.0,109720.0,3250.0,3257.0,3239.8,3251.5,41944875,3576.6,2926.4,4322.95,2866.6,3253.0,102,5,3252.9,21,2,3252.3,26,3,3252.2,26,2,3252.1,106,6,3253.3,59,5,3253.5,27,2,3253.6,18,1,3253.7,46,4,3253.9,8,1
11536,2025-12-30 10:58:14+05:30,3253.0,2,3248.68,314101,109694.0,109720.0,3250.0,3257.0,3239.8,3251.5,41944875,3576.6,2926.4,4322.95,2866.6,3253.0,102,5,3252.9,21,2,3252.3,26,3,3252.2,26,2,3252.1,106,6,3253.3,59,5,3253.5,27,2,3253.6,18,1,3253.7,46,4,3253.9,8,1
11536,2025-12-30 10:58:16+05:30,3253.3,1,3248.68,314118,109716.0,109567.0,3250.0,3257.0,3239.8,3251.5,41944875,3576.6,2926.4,4322.95,2866.6,3253.0,99,7,3252.9,21,2,3252.3,26,3,3252.2,26,2,3252.1,122,7,3253.3,51,4,3253.5,27,2,3253.7,48,3,3253.8,9,1,3253.9,8,1
11536,2025-12-30 10:58:18+05:30,3253.3,1,3248.68,314118,109716.0,109567.0,3250.0,3257.0,3239.8,3251.5,41944875,3576.6,2926.4,4322.95,2866.6,3253.0,99,7,3252.9,21,2,3252.3,26,3,3252.2,26,2,3252.1,122,7,3253.3,51,4,3253.5,27,2,3253.7,48,3,3253.8,9,1,3253.9,8,1
11536,2025-12-30 10:58:20+05:30,3253.0,2,3248.68,314129,109830.0,108966.0,3250.0,3257.0,3239.8,3251.5,41944875,3576.6,2926.4,4322.95,2866.6,3253.0,90,6,3252.9,21,2,3252.8,11,1,3252.4,14,1,3252.3,26,3,3253.3,48,4,3253.5,27,2,3253.7,48,3,3253.9,8,1,3254.0,87,7
11536,2025-12-30 10:58:21+05:30,3253.0,1,3248.68,314129,109830.0,108966.0,3250.0,3257.0,3239.8,3251.5,41944875,3576.6,2926.4,4322.95,2866.6,3253.0,90,6,3252.9,21,2,3252.8,11,1,3252.4,14,1,3252.3,26,3,3253.3,48,4,3253.5,27,2,3253.7,48,3,3253.9,8,1,3254.0,87,7
11536,2025-12-30 10:58:24+05:30,3253.0,1,3248.68,314129,109830.0,108966.0,3250.0,3257.0,3239.8,3251.5,41944875,3576.6,2926.4,4322.95,2866.6,3253.0,90,6,3252.9,21,2,3252.8,11,1,3252.4,14,1,3252.3,26,3,3253.3,48,4,3253.5,27,2,3253.7,48,3,3253.9,8,1,3254.0,87,7
11536,2025-12-30 10:58:25+05:30,3253.3,1,3248.68,314147,109760.0,109681.0,3250.0,3257.0,3239.8,3251.5,41944875,3576.6,2926.4,4322.95,2866.6,3253.0,84,6,3252.9,21,2,3252.5,41,2,3252.4,44,3,3252.3,26,3,3253.3,71,5,3253.5,27,2,3253.7,22,1,3253.9,17,1,3254.0,62,6
11536,2025-12-30 10:58:27+05:30,3253.0,1,3248.68,314147,109760.0,109681.0,3250.0,3257.0,3239.8,3251.5,41944875,3576.6,2926.4,4322.95,2866.6,3253.0,84,6,3252.9,21,2,3252.5,41,2,3252.4,44,3,3252.3,26,3,3253.3,71,5,3253.5,27,2,3253.7,22,1,3253.9,17,1,3254.0,62,6
11536,2025-12-30 10:58:28+05:30,3253.0,3,3248.68,314154,109960.0,109277.0,3250.0,3257.0,3239.8,3251.5,41944875,3576.6,2926.4,4322.95,2866.6,3253.0,77,6,3252.9,21,2,3252.5,51,3,3252.4,14,1,3252.3,26,3,3253.3,71,5,3253.5,27,2,3253.7,22,1,3253.9,8,1,3254.0,45,5
11536,2025-12-30 10:58:28+05:30,3253.0,1,3248.68,314154,109960.0,109277.0,3250.0,3257.0,3239.8,3251.5,41944875,3576.6,2926.4,4322.95,2866.6,3253.0,77,6,3252.9,21,2,3252.5,51,3,3252.4,14,1,3252.3,26,3,3253.3,71,5,3253.5,27,2,3253.7,22,1,3253.9,8,1,3254.0,45,5
11536,2025-12-30 10:58:29+05:30,3253.0,1,3248.68,314155,109803.0,109479.0,3250.0,3257.0,3239.8,3251.5,41944875,3576.6,2926.4,4322.95,2866.6,3253.0,76,6,3252.9,21,2,3252.4,14,1,3252.3,26,3,3252.2,70,5,3253.3,70,4,3253.5,27,2,3253.7,22,1,3253.9,17,2,3254.0,69,6
11536,2025-12-30 10:58:30+05:30,3253.0,1,3248.68,314155,109959.0,109666.0,3250.0,3257.0,3239.8,3251.5,41944875,3576.6,2926.4,4322.95,2866.6,3253.0,76,6,3252.9,21,2,3252.4,14,1,3252.3,26,3,3252.2,256,7,3253.3,70,4,3253.5,27,2,3253.7,22,1,3253.9,26,3,3254.0,69,6
11536,2025-12-30 10:58:30+05:30,3253.3,5,3248.68,314155,109959.0,109666.0,3250.0,3257.0,3239.8,3251.5,41944875,3576.6,2926.4,4322.95,2866.6,3253.0,76,6,3252.9,21,2,3252.4,14,1,3252.3,26,3,3252.2,256,7,3253.3,70,4,3253.5,27,2,3253.7,22,1,3253.9,26,3,3254.0,69,6
11536,2025-12-30 10:58:31+05:30,3253.3,1,3248.68,314197,110633.0,109587.0,3250.0,3257.0,3239.8,3251.5,41944875,3576.6,2926.4,4322.95,2866.6,3253.0,75,6,3252.9,21,2,3252.8,28,2,3252.7,16,1,3252.6,67,4,3253.3,42,3,3253.5,27,2,3253.7,22,1,3253.9,18,2,3254.0,25,4
11536,2025-12-30 10:58:31+05:30,3253.3,1,3248.68,314197,110633.0,109587.0,3250.0,3257.0,3239.8,3251.5,41944875,3576.6,2926.4,4322.95,2866.6,3253.0,75,6,3252.9,21,2,3252.8,28,2,3252.7,16,1,3252.6,67,4,3253.3,42,3,3253.5,27,2,3253.7,22,1,3253.9,18,2,3254.0,25,4
11536,2025-12-30 10:58:32+05:30,3253.3,1,3248.68,314198,110678.0,109561.0,3250.0,3257.0,3239.8,3251.5,41944875,3576.6,2926.4,4322.95,2866.6,3253.0,134,8,3252.9,47,4,3252.8,12,1,3252.7,33,2,3252.6,47,3,3253.3,56,5,3253.5,27,2,3254.0,25,4,3254.1,72,2,3254.2,169,4
11536,2025-12-30 10:58:32+05:30,3253.0,2,3248.68,314198,110678.0,109561.0,3250.0,3257.0,3239.8,3251.5,41944875,3576.6,2926.4,4322.95,2866.6,3253.0,134,8,3252.9,47,4,3252.8,12,1,3252.7,33,2,3252.6,47,3,3253.3,56,5,3253.5,27,2,3254.0,25,4,3254.1,72,2,3254.2,169,4
11536,2025-12-30 10:58:33+05:30,3253.0,2,3248.68,314211,110905.0,109560.0,3250.0,3257.0,3239.8,3251.5,41944875,3576.6,2926.4,4322.95,2866.6,3253.0,269,7,3252.9,31,3,3252.8,12,1,3252.7,33,2,3252.6,50,3,3253.3,55,5,3253.5,27,2,3253.9,8,1,3254.0,25,4,3254.1,72,2
11536,2025-12-30 10:58:33+05:30,3253.0,1,3248.68,314211,110905.0,109560.0,3250.0,3257.0,3239.8,3251.5,41944875,3576.6,2926.4,4322.95,2866.6,3253.0,269,7,3252.9,31,3,3252.8,12,1,3252.7,33,2,3252.6,50,3,3253.3,55,5,3253.5,27,2,3253.9,8,1,3254.0,25,4,3254.1,72,2
11536,2025-12-30 10:58:34+05:30,3253.0,1,3248.68,314212,110917.0,109579.0,3250.0,3257.0,3239.8,3251.5,41944875,3576.6,2926.4,4322.95,2866.6,3253.0,268,7,3252.9,31,3,3252.8,12,1,3252.7,33,2,3252.6,40,2,3253.3,54,4,3253.5,27,2,3253.9,8,1,3254.0,25,4,3254.1,72,2
11536,2025-12-30 10:58:35+05:30,3253.3,1,3248.68,314217,110969.0,108935.0,3250.0,3257.0,3239.8,3251.5,41944875,3576.6,2926.4,4322.95,2866.6,3253.0,271,7,3252.9,21,2,3252.6,19,1,3252.5,47,2,3252.4,14,1,3253.3,84,5,3253.5,27,2,3253.6,8,1,3253.7,6,1,3253.8,47,3
11536,2025-12-30 10:58:35+05:30,3253.3,1,3248.68,314217,110969.0,108935.0,3250.0,3257.0,3239.8,3251.5,41944875,3576.6,2926.4,4322.95,2866.6,3253.0,271,7,3252.9,21,2,3252.6,19,1,3252.5,47,2,3252.4,14,1,3253.3,84,5,3253.5,27,2,3253.6,8,1,3253.7,6,1,3253.8,47,3
11536,2025-12-30 10:58:36+05:30,3253.3,1,3248.68,314218,110940.0,108928.0,3250.0,3257.0,3239.8,3251.5,41944875,3576.6,2926.4,4322.95,2866.6,3253.0,271,7,3252.9,21,2,3252.6,19,1,3252.5,47,2,3252.4,30,2,3253.3,84,6,3253.5,27,2,3253.7,17,1,3253.8,21,1,3253.9,18,2
11536,2025-12-30 10:58:36+05:30,3253.3,1,3248.68,314218,110940.0,108928.0,3250.0,3257.0,3239.8,3251.5,41944875,3576.6,2926.4,4322.95,2866.6,3253.0,271,7,3252.9,21,2,3252.6,19,1,3252.5,47,2,3252.4,30,2,3253.3,84,6,3253.5,27,2,3253.7,17,1,3253.8,21,1,3253.9,18,2
11536,2025-12-30 10:58:37+05:30,3253.3,1,3248.68,314218,110940.0,109978.0,3250.0,3257.0,3239.8,3251.5,41944875,3576.6,2926.4,4322.95,2866.6,3253.0,271,7,3252.9,21,2,3252.6,19,1,3252.5,47,2,3252.4,30,2,3253.3,84,6,3253.5,27,2,3253.7,17,1,3253.8,21,1,3253.9,18,2
11536,2025-12-30 10:58:37+05:30,3253.0,2,3248.68,314218,110940.0,109978.0,3250.0,3257.0,3239.8,3251.5,41944875,3576.6,2926.4,4322.95,2866.6,3253.0,271,7,3252.9,21,2,3252.6,19,1,3252.5,47,2,3252.4,30,2,3253.3,84,6,3253.5,27,2,3253.7,17,1,3253.8,21,1,3253.9,18,2
11536,2025-12-30 10:58:38+05:30,3253.0,4,3248.68,314224,110964.0,110152.0,3250.0,3257.0,3239.8,3251.5,41944875,3576.6,2926.4,4322.95,2866.6,3253.0,265,7,3252.9,21,2,3252.6,19,1,3252.5,83,4,3252.4,14,1,3253.3,84,6,3253.5,27,2,3253.7,17,1,3253.9,10,1,3254.0,18,4
11536,2025-12-30 10:58:38+05:30,3253.0,4,3248.68,314224,110964.0,110152.0,3250.0,3257.0,3239.8,3251.5,41944875,3576.6,2926.4,4322.95,2866.6,3253.0,265,7,3252.9,21,2,3252.6,19,1,3252.5,83,4,3252.4,14,1,3253.3,84,6,3253.5,27,2,3253.7,17,1,3253.9,10,1,3254.0,18,4
11536,2025-12-30 10:58:39+05:30,3253.0,4,3248.68,314224,110954.0,108918.0,3250.0,3257.0,3239.8,3251.5,41944875,3576.6,2926.4,4322.95,2866.6,3253.0,265,7,3252.9,21,2,3252.6,19,1,3252.5,83,4,3252.4,14,1,3253.3,85,7,3253.5,27,2,3253.7,17,1,3253.9,10,1,3254.0,18,4
11536,2025-12-30 10:58:39+05:30,3253.0,1,3248.68,314224,110954.0,108918.0,3250.0,3257.0,3239.8,3251.5,41944875,3576.6,2926.4,4322.95,2866.6,3253.0,265,7,3252.9,21,2,3252.6,19,1,3252.5,83,4,3252.4,14,1,3253.3,85,7,3253.5,27,2,3253.7,17,1,3253.9,10,1,3254.0,18,4
11536,2025-12-30 10:58:40+05:30,3253.0,1,3248.68,314232,112772.0,109402.0,3250.0,3257.0,3239.8,3251.5,41944875,3576.6,2926.4,4322.95,2866.6,3253.0,257,6,3252.9,31,3,3252.8,27,2,3252.7,17,1,3252.6,75,5,3253.3,79,7,3253.5,27,2,3254.0,25,4,3254.1,72,2,3254.2,169,4
11536,2025-12-30 10:58:40+05:30,3253.0,1,3248.68,314232,112772.0,109402.0,3250.0,3257.0,3239.8,3251.5,41944875,3576.6,2926.4,4322.95,2866.6,3253.0,257,6,3252.9,31,3,3252.8,27,2,3252.7,17,1,3252.6,75,5,3253.3,79,7,3253.5,27,2,3254.0,25,4,3254.1,72,2,3254.2,169,4
11536,2025-12-30 10:58:41+05:30,3253.0,2,3248.68,314234,112780.0,109577.0,3250.0,3257.0,3239.8,3251.5,41944875,3576.6,2926.4,4322.95,2866.6,3253.0,255,6,3252.9,31,3,3252.8,27,2,3252.7,17,1,3252.6,75,5,3253.3,79,7,3253.5,27,2,3254.0,25,4,3254.1,72,2,3254.2,169,4
11536,2025-12-30 10:58:41+05:30,3253.0,2,3248.68,314234,112780.0,109577.0,3250.0,3257.0,3239.8,3251.5,41944875,3576.6,2926.4,4322.95,2866.6,3253.0,255,6,3252.9,31,3,3252.8,27,2,3252.7,17,1,3252.6,75,5,3253.3,79,7,3253.5,27,2,3254.0,25,4,3254.1,72,2,3254.2,169,4
11536,2025-12-30 10:58:41+05:30,3253.0,2,3248.68,314234,112780.0,109577.0,3250.0,3257.0,3239.8,3251.5,41944875,3576.6,2926.4,4322.95,2866.6,3253.0,255,6,3252.9,31,3,3252.8,27,2,3252.7,17,1,3252.6,75,5,3253.3,79,7,3253.5,27,2,3254.0,25,4,3254.1,72,2,3254.2,169,4
11536,2025-12-30 10:58:42+05:30,3253.3,1,3248.68,314237,112787.0,109751.0,3250.0,3257.0,3239.8,3251.5,41944875,3576.6,2926.4,4322.95,2866.6,3253.0,253,6,3252.9,40,4,3252.8,27,2,3252.7,17,1,3252.6,65,4,3253.3,78,7,3253.5,27,2,3254.0,25,4,3254.1,72,2,3254.2,169,4
11536,2025-12-30 10:58:42+05:30,3253.0,1,3248.68,314237,112787.0,109751.0,3250.0,3257.0,3239.8,3251.5,41944875,3576.6,2926.4,4322.95,2866.6,3253.0,253,6,3252.9,40,4,3252.8,27,2,3252.7,17,1,3252.6,65,4,3253.3,78,7,3253.5,27,2,3254.0,25,4,3254.1,72,2,3254.2,169,4
11536,2025-12-30 10:58:42+05:30,3253.0,1,3248.68,314237,112787.0,109751.0,3250.0,3257.0,3239.8,3251.5,41944875,3576.6,2926.4,4322.95,2866.6,3253.0,253,6,3252.9,40,4,3252.8,27,2,3252.7,17,1,3252.6,65,4,3253.3,78,7,3253.5,27,2,3254.0,25,4,3254.1,72,2,3254.2,169,4
11536,2025-12-30 10:58:43+05:30,3253.0,1,3248.68,314243,112785.0,109573.0,3250.0,3257.0,3239.8,3251.5,41944875,3576.6,2926.4,4322.95,2866.6,3253.0,251,6,3252.9,40,4,3252.8,27,2,3252.7,17,1,3252.6,65,4,3253.3,75,8,3253.5,27,2,3254.0,25,4,3254.1,72,2,3254.2,169,4
11536,2025-12-30 10:58:43+05:30,3253.0,1,3248.68,314243,112785.0,109573.0,3250.0,3257.0,3239.8,3251.5,41944875,3576.6,2926.4,4322.95,2866.6,3253.0,251,6,3252.9,40,4,3252.8,27,2,3252.7,17,1,3252.6,65,4,3253.3,75,8,3253.5,27,2,3254.0,25,4,3254.1,72,2,3254.2,169,4
11536,2025-12-30 10:58:44+05:30,3253.0,1,3248.68,314244,112784.0,109573.0,3250.0,3257.0,3239.8,3251.5,41944875,3576.6,2926.4,4322.95,2866.6,3253.0,250,6,3252.9,40,4,3252.8,27,2,3252.7,17,1,3252.6,65,4,3253.3,75,8,3253.5,27,2,3254.0,25,4,3254.1,72,2,3254.2,169,4
11536,2025-12-30 10:58:44+05:30,3253.0,1,3248.68,314244,112784.0,109573.0,3250.0,3257.0,3239.8,3251.5,41944875,3576.6,2926.4,4322.95,2866.6,3253.0,250,6,3252.9,40,4,3252.8,27,2,3252.7,17,1,3252.6,65,4,3253.3,75,8,3253.5,27,2,3254.0,25,4,3254.1,72,2,3254.2,169,4
11536,2025-12-30 10:58:44+05:30,3253.0,1,3248.68,314244,112784.0,109573.0,3250.0,3257.0,3239.8,3251.5,41944875,3576.6,2926.4,4322.95,2866.6,3253.0,250,6,3252.9,40,4,3252.8,27,2,3252.7,17,1,3252.6,65,4,3253.3,75,8,3253.5,27,2,3254.0,25,4,3254.1,72,2,3254.2,169,4
11536,2025-12-30 10:58:45+05:30,3253.3,1,3248.68,314247,112762.0,109745.0,3250.0,3257.0,3239.8,3251.5,41944875,3576.6,2926.4,4322.95,2866.6,3253.0,248,6,3252.9,40,4,3252.8,27,2,3252.7,17,1,3252.6,44,3,3253.3,72,6,3253.5,27,2,3254.0,25,4,3254.1,72,2,3254.2,169,4
11536,2025-12-30 10:58:45+05:30,3253.3,1,3248.68,314247,112762.0,109745.0,3250.0,3257.0,3239.8,3251.5,41944875,3576.6,2926.4,4322.95,2866.6,3253.0,248,6,3252.9,40,4,3252.8,27,2,3252.7,17,1,3252.6,44,3,3253.3,72,6,3253.5,27,2,3254.0,25,4,3254.1,72,2,3254.2,169,4
11536,2025-12-30 10:58:45+05:30,3253.0,1,3248.68,314247,112762.0,109745.0,3250.0,3257.0,3239.8,3251.5,41944875,3576.6,2926.4,4322.95,2866.6,3253.0,248,6,3252.9,40,4,3252.8,27,2,3252.7,17,1,3252.6,44,3,3253.3,72,6,3253.5,27,2,3254.0,25,4,3254.1,72,2,3254.2,169,4
11536,2025-12-30 10:58:46+05:30,3253.0,20,3248.68,314268,112685.0,109591.0,3250.0,3257.0,3239.8,3251.5,41944875,3576.6,2926.4,4322.95,2866.6,3253.0,227,6,3252.9,30,3,3252.8,12,1,3252.7,16,1,3252.6,44,3,3253.3,72,6,3253.5,27,2,3253.9,38,2,3254.0,8,3,3254.1,72,2
11536,2025-12-30 10:58:46+05:30,3253.0,20,3248.68,314268,112685.0,109591.0,3250.0,3257.0,3239.8,3251.5,41944875,3576.6,2926.4,4322.95,2866.6,3253.0,227,6,3252.9,30,3,3252.8,12,1,3252.7,16,1,3252.6,44,3,3253.3,72,6,3253.5,27,2,3253.9,38,2,3254.0,8,3,3254.1,72,2
11536,2025-12-30 10:58:46+05:30,3253.3,1,3248.68,314268,112685.0,109591.0,3250.0,3257.0,3239.8,3251.5,41944875,3576.6,2926.4,4322.95,2866.6,3253.0,227,6,3252.9,30,3,3252.8,12,1,3252.7,16,1,3252.6,44,3,3253.3,72,6,3253.5,27,2,3253.9,38,2,3254.0,8,3,3254.1,72,2
11536,2025-12-30 10:58:47+05:30,3253.3,1,3248.68,314269,112636.0,109592.0,3250.0,3257.0,3239.8,3251.5,41944875,3576.6,2926.4,4322.95,2866.6,3253.0,227,6,3252.9,30,3,3252.8,12,1,3252.7,31,2,3252.6,29,2,3253.3,73,8,3253.5,27,2,3253.8,38,2,3254.0,8,3,3254.1,72,2
11536,2025-12-30 10:58:47+05:30,3253.3,1,3248.68,314269,112636.0,109592.0,3250.0,3257.0,3239.8,3251.5,41944875,3576.6,2926.4,4322.95,2866.6,3253.0,227,6,3252.9,30,3,3252.8,12,1,3252.7,31,2,3252.6,29,2,3253.3,73,8,3253.5,27,2,3253.8,38,2,3254.0,8,3,3254.1,72,2
11536,2025-12-30 10:58:47+05:30,3253.0,1,3248.68,314269,112636.0,109592.0,3250.0,3257.0,3239.8,3251.5,41944875,3576.6,2926.4,4322.95,2866.6,3253.0,227,6,3252.9,30,3,3252.8,12,1,3252.7,31,2,3252.6,29,2,3253.3,73,8,3253.5,27,2,3253.8,38,2,3254.0,8,3,3254.1,72,2
11536,2025-12-30 10:58:48+05:30,3253.0,2,3248.68,314285,112526.0,109423.0,3250.0,3257.0,3239.8,3251.5,41944875,3576.6,2926.4,4322.95,2866.6,3253.0,212,4,3252.9,40,4,3252.8,12,1,3252.7,31,2,3252.6,29,2,3253.3,71,7,3253.5,27,2,3253.8,38,2,3254.0,8,3,3254.1,72,2
11536,2025-12-30 10:58:48+05:30,3253.0,2,3248.68,314285,112526.0,109423.0,3250.0,3257.0,3239.8,3251.5,41944875,3576.6,2926.4,4322.95,2866.6,3253.0,212,4,3252.9,40,4,3252.8,12,1,3252.7,31,2,3252.6,29,2,3253.3,71,7,3253.5,27,2,3253.8,38,2,3254.0,8,3,3254.1,72,2
11536,2025-12-30 10:58:48+05:30,3253.0,1,3248.68,314285,112526.0,109423.0,3250.0,3257.0,3239.8,3251.5,41944875,3576.6,2926.4,4322.95,2866.6,3253.0,212,4,3252.9,40,4,3252.8,12,1,3252.7,31,2,3252.6,29,2,3253.3,71,7,3253.5,27,2,3253.8,38,2,3254.0,8,3,3254.1,72,2
11536,2025-12-30 10:58:48+05:30,3253.0,1,3248.68,314285,112526.0,109423.0,3250.0,3257.0,3239.8,3251.5,41944875,3576.6,2926.4,4322.95,2866.6,3253.0,212,4,3252.9,40,4,3252.8,12,1,3252.7,31,2,3252.6,29,2,3253.3,71,7,3253.5,27,2,3253.8,38,2,3254.0,8,3,3254.1,72,2
11536,2025-12-30 10:58:49+05:30,3253.0,1,3248.68,314292,111294.0,109423.0,3250.0,3257.0,3239.8,3251.5,41944875,3576.6,2926.4,4322.95,2866.6,3253.0,205,4,3252.9,40,4,3252.8,12,1,3252.7,31,2,3252.6,29,2,3253.3,71,7,3253.5,27,2,3253.8,38,2,3254.0,8,3,3254.1,72,2
11536,2025-12-30 10:58:49+05:30,3253.0,1,3248.68,314292,111294.0,109423.0,3250.0,3257.0,3239.8,3251.5,41944875,3576.6,2926.4,4322.95,2866.6,3253.0,205,4,3252.9,40,4,3252.8,12,1,3252.7,31,2,3252.6,29,2,3253.3,71,7,3253.5,27,2,3253.8,38,2,3254.0,8,3,3254.1,72,2
11536,2025-12-30 10:58:50+05:30,3253.0,1,3248.68,314292,111294.0,109423.0,3250.0,3257.0,3239.8,3251.5,41944875,3576.6,2926.4,4322.95,2866.6,3253.0,205,4,3252.9,40,4,3252.8,12,1,3252.7,31,2,3252.6,29,2,3253.3,71,7,3253.5,27,2,3253.8,38,2,3254.0,8,3,3254.1,72,2
11536,2025-12-30 10:58:50+05:30,3253.0,2,3248.68,314292,111294.0,109423.0,3250.0,3257.0,3239.8,3251.5,41944875,3576.6,2926.4,4322.95,2866.6,3253.0,205,4,3252.9,40,4,3252.8,12,1,3252.7,31,2,3252.6,29,2,3253.3,71,7,3253.5,27,2,3253.8,38,2,3254.0,8,3,3254.1,72,2
11536,2025-12-30 10:58:50+05:30,3253.0,2,3248.68,314298,112695.0,108372.0,3250.0,3257.0,3239.8,3251.5,41944875,3576.6,2926.4,4322.95,2866.6,3253.0,199,4,3252.9,40,4,3252.8,12,1,3252.7,31,2,3252.6,19,1,3253.3,70,6,3253.5,27,2,3253.8,38,2,3254.0,8,3,3254.1,72,2
11536,2025-12-30 10:58:50+05:30,3253.0,2,3248.68,314298,112695.0,108372.0,3250.0,3257.0,3239.8,3251.5,41944875,3576.6,2926.4,4322.95,2866.6,3253.0,199,4,3252.9,40,4,3252.8,12,1,3252.7,31,2,3252.6,19,1,3253.3,70,6,3253.5,27,2,3253.8,38,2,3254.0,8,3,3254.1,72,2
11536,2025-12-30 10:58:51+05:30,3253.0,2,3248.68,314298,112766.0,109597.0,3250.0,3257.0,3239.8,3251.5,41944875,3576.6,2926.4,4322.95,2866.6,3253.0,248,5,3252.9,40,4,3252.8,12,1,3252.7,31,2,3252.6,19,1,3253.3,70,6,3253.5,27,2,3253.8,38,2,3254.0,8,3,3254.1,72,2
11536,2025-12-30 10:58:52+05:30,3253.0,2,3248.68,314298,112766.0,109597.0,3250.0,3257.0,3239.8,3251.5,41944875,3576.6,2926.4,4322.95,2866.6,3253.0,248,5,3252.9,40,4,3252.8,12,1,3252.7,31,2,3252.6,19,1,3253.3,70,6,3253.5,27,2,3253.8,38,2,3254.0,8,3,3254.1,72,2
11536,2025-12-30 10:58:52+05:30,3253.0,2,3248.68,314298,112766.0,109597.0,3250.0,3257.0,3239.8,3251.5,41944875,3576.6,2926.4,4322.95,2866.6,3253.0,248,5,3252.9,40,4,3252.8,12,1,3252.7,31,2,3252.6,19,1,3253.3,70,6,3253.5,27,2,3253.8,38,2,3254.0,8,3,3254.1,72,2
11536,2025-12-30 10:58:52+05:30,3253.0,2,3248.69,315009,110373.0,109908.0,3250.0,3257.0,3239.8,3251.5,41944875,3576.6,2926.4,4322.95,2866.6,3253.0,172,2,3252.9,33,4,3252.3,21,3,3252.2,292,4,3252.1,76,8,3253.3,92,7,3253.5,27,2,3253.7,61,3,3253.8,98,1,3254.0,32,4
11536,2025-12-30 10:58:53+05:30,3253.3,1,3248.69,315009,110373.0,109908.0,3250.0,3257.0,3239.8,3251.5,41944875,3576.6,2926.4,4322.95,2866.6,3253.0,172,2,3252.9,33,4,3252.3,21,3,3252.2,292,4,3252.1,76,8,3253.3,92,7,3253.5,27,2,3253.7,61,3,3253.8,98,1,3254.0,32,4
11536,2025-12-30 10:58:53+05:30,3253.3,1,3248.69,315009,110373.0,109908.0,3250.0,3257.0,3239.8,3251.5,41944875,3576.6,2926.4,4322.95,2866.6,3253.0,172,2,3252.9,33,4,3252.3,21,3,3252.2,292,4,3252.1,76,8,3253.3,92,7,3253.5,27,2,3253.7,61,3,3253.8,98,1,3254.0,32,4
11536,2025-12-30 10:58:53+05:30,3253.3,1,3248.69,315010,110416.0,109907.0,3250.0,3257.0,3239.8,3251.5,41944875,3576.6,2926.4,4322.95,2866.6,3253.0,172,2,3252.9,33,4,3252.4,16,1,3252.3,5,2,3252.2,332,6,3253.3,91,7,3253.5,27,2,3253.7,61,3,3253.8,98,1,3254.0,32,4
11536,2025-12-30 10:58:54+05:30,3253.3,1,3248.69,315010,110416.0,109907.0,3250.0,3257.0,3239.8,3251.5,41944875,3576.6,2926.4,4322.95,2866.6,3253.0,172,2,3252.9,33,4,3252.4,16,1,3252.3,5,2,3252.2,332,6,3253.3,91,7,3253.5,27,2,3253.7,61,3,3253.8,98,1,3254.0,32,4
11536,2025-12-30 10:58:54+05:30,3253.3,1,3248.7,315292,110699.0,109331.0,3250.0,3257.0,3239.8,3251.5,41944875,3576.6,2926.4,4322.95,2866.6,3253.0,156,4,3252.9,81,7,3252.7,13,1,3252.6,54,3,3252.5,72,2,3253.5,36,3,3254.0,8,3,3254.1,76,2,3254.2,137,2,3254.3,5,1
11536,2025-12-30 10:58:55+05:30,3253.3,1,3248.7,315292,110699.0,109331.0,3250.0,3257.0,3239.8,3251.5,41944875,3576.6,2926.4,4322.95,2866.6,3253.0,156,4,3252.9,81,7,3252.7,13,1,3252.6,54,3,3252.5,72,2,3253.5,36,3,3254.0,8,3,3254.1,76,2,3254.2,137,2,3254.3,5,1
11536,2025-12-30 10:58:55+05:30,3253.5,2,3248.7,315292,110699.0,109331.0,3250.0,3257.0,3239.8,3251.5,41944875,3576.6,2926.4,4322.95,2866.6,3253.0,156,4,3252.9,81,7,3252.7,13,1,3252.6,54,3,3252.5,72,2,3253.5,36,3,3254.0,8,3,3254.1,76,2,3254.2,137,2,3254.3,5,1
11536,2025-12-30 10:58:55+05:30,3253.5,2,3248.7,315296,113116.0,109225.0,3250.0,3257.0,3239.8,3251.5,41944875,3576.6,2926.4,4322.95,2866.6,3253.1,11,1,3253.0,331,5,3252.9,110,9,3252.8,17,1,3252.7,24,2,3253.5,48,6,3254.0,8,3,3254.1,75,1,3254.2,125,1,3254.3,5,1
11536,2025-12-30 10:58:56+05:30,3253.0,220,3248.7,315296,113116.0,109225.0,3250.0,3257.0,3239.8,3251.5,41944875,3576.6,2926.4,4322.95,2866.6,3253.1,11,1,3253.0,331,5,3252.9,110,9,3252.8,17,1,3252.7,24,2,3253.5,48,6,3254.0,8,3,3254.1,75,1,3254.2,125,1,3254.3,5,1
11536,2025-12-30 10:58:56+05:30,3253.0,220,3248.73,317921,108956.0,109737.0,3250.0,3257.0,3239.8,3251.5,41944875,3576.6,2926.4,4322.95,2866.6,3253.0,155,1,3252.6,16,1,3252.5,8,1,3252.4,31,2,3252.3,46,5,3253.1,88,2,3253.4,21,1,3253.5,39,5,3253.8,98,1,3253.9,1,1
11536,2025-12-30 10:58:56+05:30,3253.0,220,3248.73,317921,108956.0,109737.0,3250.0,3257.0,3239.8,3251.5,41944875,3576.6,2926.4,4322.95,2866.6,3253.0,155,1,3252.6,16,1,3252.5,8,1,3252.4,31,2,3252.3,46,5,3253.1,88,2,3253.4,21,1,3253.5,39,5,3253.8,98,1,3253.9,1,1
11536,2025-12-30 10:58:57+05:30,3252.4,27,3248.73,317921,108956.0,109737.0,3250.0,3257.0,3239.8,3251.5,41944875,3576.6,2926.4,4322.95,2866.6,3253.0,155,1,3252.6,16,1,3252.5,8,1,3252.4,31,2,3252.3,46,5,3253.1,88,2,3253.4,21,1,3253.5,39,5,3253.8,98,1,3253.9,1,1
11536,2025-12-30 10:58:57+05:30,3253.0,1,3248.75,319221,110783.0,109764.0,3250.0,3257.0,3239.8,3251.5,41944875,3576.6,2926.4,4322.95,2866.6,3253.0,153,1,3252.8,8,1,3252.7,16,1,3252.6,21,1,3252.4,10,1,3253.1,141,4,3253.5,23,2,3253.8,111,2,3253.9,14,2,3254.0,8,3
11536,2025-12-30 10:58:58+05:30,3253.0,1,3248.75,319221,110783.0,109764.0,3250.0,3257.0,3239.8,3251.5,41944875,3576.6,2926.4,4322.95,2866.6,3253.0,153,1,3252.8,8,1,3252.7,16,1,3252.6,21,1,3252.4,10,1,3253.1,141,4,3253.5,23,2,3253.8,111,2,3253.9,14,2,3254.0,8,3
11536,2025-12-30 10:58:58+05:30,3253.0,84,3248.75,319221,110783.0,109764.0,3250.0,3257.0,3239.8,3251.5,41944875,3576.6,2926.4,4322.95,2866.6,3253.0,153,1,3252.8,8,1,3252.7,16,1,3252.6,21,1,3252.4,10,1,3253.1,141,4,3253.5,23,2,3253.8,111,2,3253.9,14,2,3254.0,8,3
11536,2025-12-30 10:58:58+05:30,3253.0,5,3248.76,320347,109514.0,109891.0,3250.0,3257.0,3239.8,3251.5,41944875,3576.6,2926.4,4322.95,2866.6,3253.0,150,1,3252.8,8,1,3252.6,37,2,3252.3,26,4,3252.2,59,4,3253.1,90,5,3253.5,23,2,3253.8,135,3,3253.9,14,2,3254.0,18,4
11536,2025-12-30 10:58:59+05:30,3253.0,146,3248.76,320347,109514.0,109891.0,3250.0,3257.0,3239.8,3251.5,41944875,3576.6,2926.4,4322.95,2866.6,3253.0,150,1,3252.8,8,1,3252.6,37,2,3252.3,26,4,3252.2,59,4,3253.1,90,5,3253.5,23,2,3253.8,135,3,3253.9,14,2,3254.0,18,4
11536,2025-12-30 10:58:59+05:30,3253.0,146,3248.76,320347,109514.0,109891.0,3250.0,3257.0,3239.8,3251.5,41987225,3576.6,2926.4,4322.95,2866.6,3253.0,150,1,3252.8,8,1,3252.6,37,2,3252.3,26,4,3252.2,59,4,3253.1,90,5,3253.5,23,2,3253.8,135,3,3253.9,14,2,3254.0,18,4
11536,2025-12-30 10:58:59+05:30,3253.0,146,3248.77,320789,110741.0,109923.0,3250.0,3257.0,3239.8,3251.5,41987225,3576.6,2926.4,4322.95,2866.6,3253.0,26,2,3252.8,8,1,3252.6,37,2,3252.3,16,3,3252.2,42,3,3253.1,52,6,3253.4,22,1,3253.5,23,2,3253.6,29,2,3253.8,164,5
11536,2025-12-30 10:59:00+05:30,3253.0,52,3248.77,320789,110741.0,109923.0,3250.0,3257.0,3239.8,3251.5,41987225,3576.6,2926.4,4322.95,2866.6,3253.0,26,2,3252.8,8,1,3252.6,37,2,3252.3,16,3,3252.2,42,3,3253.1,52,6,3253.4,22,1,3253.5,23,2,3253.6,29,2,3253.8,164,5
11536,2025-12-30 10:59:00+05:30,3253.0,44,3248.77,321101,110664.0,109631.0,3250.0,3257.0,3239.8,3251.5,41987225,3576.6,2926.4,4322.95,2866.6,3253.0,111,1,3252.8,8,1,3252.6,16,1,3252.3,16,3,3252.2,42,3,3253.1,27,6,3253.5,23,2,3253.7,22,1,3253.8,32,2,3253.9,14,2
11536,2025-12-30 10:59:01+05:30,3253.1,2,3248.77,321101,110664.0,109631.0,3250.0,3257.0,3239.8,3251.5,41987225,3576.6,2926.4,4322.95,2866.6,3253.0,111,1,3252.8,8,1,3252.6,16,1,3252.3,16,3,3252.2,42,3,3253.1,27,6,3253.5,23,2,3253.7,22,1,3253.8,32,2,3253.9,14,2
11536,2025-12-30 10:59:01+05:30,3253.0,100,3248.78,321234,110985.0,109649.0,3250.0,3257.0,3239.8,3251.5,41987225,3576.6,2926.4,4322.95,2866.6,3253.0,155,1,3252.8,8,1,3252.7,18,1,3252.6,14,1,3252.5,27,2,3253.1,13,4,3253.5,23,2,3253.7,22,1,3253.8,8,1,3253.9,1,1
11536,2025-12-30 10:59:01+05:30,3253.0,100,3248.78,321234,110985.0,109649.0,3250.0,3257.0,3239.8,3251.5,41987225,3576.6,2926.4,4322.95,2866.6,3253.0,155,1,3252.8,8,1,3252.7,18,1,3252.6,14,1,3252.5,27,2,3253.1,13,4,3253.5,23,2,3253.7,22,1,3253.8,8,1,3253.9,1,1
11536,2025-12-30 10:59:02+05:30,3253.0,257,3248.78,321234,110985.0,109649.0,3250.0,3257.0,3239.8,3251.5,41987225,3576.6,2926.4,4322.95,2866.6,3253.0,155,1,3252.8,8,1,3252.7,18,1,3252.6,14,1,3252.5,27,2,3253.1,13,4,3253.5,23,2,3253.7,22,1,3253.8,8,1,3253.9,1,1
11536,2025-12-30 10:59:02+05:30,3253.0,91,3248.78,321586,108260.0,109724.0,3250.0,3257.0,3239.8,3251.5,41987225,3576.6,2926.4,4322.95,2866.6,3253.0,73,2,3252.7,18,1,3252.6,14,1,3252.5,19,1,3252.3,43,5,3253.1,12,3,3253.5,23,2,3253.7,22,1,3253.8,26,1,3253.9,1,1
11536,2025-12-30 10:59:03+05:30,3253.0,91,3248.78,321586,108260.0,109724.0,3250.0,3257.0,3239.8,3251.5,41987225,3576.6,2926.4,4322.95,2866.6,3253.0,73,2,3252.7,18,1,3252.6,14,1,3252.5,19,1,3252.3,43,5,3253.1,12,3,3253.5,23,2,3253.7,22,1,3253.8,26,1,3253.9,1,1
11536,2025-12-30 10:59:03+05:30,3253.0,30,3248.78,321628,111636.0,109320.0,3250.0,3257.0,3239.8,3251.5,41987225,3576.6,2926.4,4322.95,2866.6,3253.0,37,3,3252.6,32,2,3252.5,19,1,3252.4,22,1,3252.3,89,5,3253.1,12,3,3253.5,23,2,3253.7,22,1,3253.9,1,1,3254.0,8,3
11536,2025-12-30 10:59:04+05:30,3253.0,30,3248.78,321628,111636.0,109320.0,3250.0,3257.0,3239.8,3251.5,41987225,3576.6,2926.4,4322.95,2866.6,3253.0,37,3,3252.6,32,2,3252.5,19,1,3252.4,22,1,3252.3,89,5,3253.1,12,3,3253.5,23,2,3253.7,22,1,3253.9,1,1,3254.0,8,3
11536,2025-12-30 10:59:04+05:30,3253.0,27,3248.78,321733,110580.0,109665.0,3250.0,3257.0,3239.8,3251.5,41987225,3576.6,2926.4,4322.95,2866.6,3253.0,103,3,3252.3,60,5,3252.2,221,5,3252.1,283,8,3252.0,398,13,3253.1,5,3,3253.4,1,1,3253.5,23,2,3253.7,28,2,3253.8,10,1
11536,2025-12-30 10:59:05+05:30,3253.5,5,3248.78,321733,110580.0,109665.0,3250.0,3257.0,3239.8,3251.5,41987225,3576.6,2926.4,4322.95,2866.6,3253.0,103,3,3252.3,60,5,3252.2,221,5,3252.1,283,8,3252.0,398,13,3253.1,5,3,3253.4,1,1,3253.5,23,2,3253.7,28,2,3253.8,10,1
11536,2025-12-30 10:59:06+05:30,3253.5,5,3248.78,321783,108726.0,109711.0,3250.0,3257.0,3239.8,3251.5,41987225,3576.6,2926.4,4322.95,2866.6,3253.1,1,1,3253.0,152,4,3252.4,241,5,3252.3,85,5,3252.2,605,10,3253.5,20,3,3253.7,32,2,3253.8,18,1,3253.9,9,2,3254.0,19,4
11536,2025-12-30 10:59:06+05:30,3254.5,638,3248.78,321783,108726.0,109711.0,3250.0,3257.0,3239.8,3251.5,41987225,3576.6,2926.4,4322.95,2866.6,3253.1,1,1,3253.0,152,4,3252.4,241,5,3252.3,85,5,3252.2,605,10,3253.5,20,3,3253.7,32,2,3253.8,18,1,3253.9,9,2,3254.0,19,4
11536,2025-12-30 10:59:07+05:30,3254.5,638,3248.81,323464,110473.0,109550.0,3250.0,3257.0,3239.8,3251.5,41987225,3576.6,2926.4,4322.95,2866.6,3253.1,23,3,3253.0,162,5,3252.8,27,2,3252.7,20,1,3252.6,208,5,3254.2,74,5,3254.3,86,4,3254.4,35,4,3254.5,161,5,3254.6,33,3
11536,2025-12-30 10:59:07+05:30,3253.1,190,3248.82,323682,110409.0,109131.0,3250.0,3257.0,3239.8,3251.5,41987225,3576.6,2926.4,4322.95,2866.6,3253.1,21,2,3253.0,147,4,3252.8,42,4,3252.7,58,3,3252.6,217,5,3254.2,5,1,3254.3,105,6,3254.4,10,1,3254.5,157,4,3254.6,66,5
11536,2025-12-30 10:59:08+05:30,3253.0,7,3248.82,323682,110409.0,109131.0,3250.0,3257.0,3239.8,3251.5,41987225,3576.6,2926.4,4322.95,2866.6,3253.1,21,2,3253.0,147,4,3252.8,42,4,3252.7,58,3,3252.6,217,5,3254.2,5,1,3254.3,105,6,3254.4,10,1,3254.5,157,4,3254.6,66,5
11536,2025-12-30 10:59:08+05:30,3253.0,7,3248.82,323690,110856.0,108846.0,3250.0,3257.0,3239.8,3251.5,41987225,3576.6,2926.4,4322.95,2866.6,3253.1,11,1,3253.0,151,5,3252.8,68,5,3252.7,76,4,3252.6,89,6,3253.6,52,2,3254.0,18,1,3254.1,22,1,3254.2,12,2,3254.3,14,2
11536,2025-12-30 10:59:09+05:30,3253.0,7,3248.82,323690,113287.0,108644.0,3250.0,3257.0,3239.8,3251.5,41987225,3576.6,2926.4,4322.95,2866.6,3253.5,5,1,3253.1,46,1,3253.0,140,4,3252.8,69,6,3252.7,32,2,3253.6,52,2,3254.0,18,1,3254.1,22,1,3254.2,12,2,3254.3,4,1
11536,2025-12-30 10:59:10+05:30,3253.1,397,3248.82,323690,113287.0,108644.0,3250.0,3257.0,3239.8,3251.5,41987225,3576.6,2926.4,4322.95,2866.6,3253.5,5,1,3253.1,46,1,3253.0,140,4,3252.8,69,6,3252.7,32,2,3253.6,52,2,3254.0,18,1,3254.1,22,1,3254.2,12,2,3254.3,4,1
11536,2025-12-30 10:59:10+05:30,3253.1,397,3248.82,324200,112084.0,109281.0,3250.0,3257.0,3239.8,3251.5,41987225,3576.6,2926.4,4322.95,2866.6,3253.1,11,1,3253.0,194,7,3252.9,54,3,3252.8,76,6,3252.7,20,1,3253.5,19,3,3253.6,31,2,3254.2,5,1,3254.4,48,3,3254.5,138,2
11536,2025-12-30 10:59:11+05:30,3253.1,2,3248.82,324200,112084.0,109281.0,3250.0,3257.0,3239.8,3251.5,41987225,3576.6,2926.4,4322.95,2866.6,3253.1,11,1,3253.0,194,7,3252.9,54,3,3252.8,76,6,3252.7,20,1,3253.5,19,3,3253.6,31,2,3254.2,5,1,3254.4,48,3,3254.5,138,2
11536,2025-12-30 10:59:11+05:30,3253.1,2,3248.82,324202,111951.0,109606.0,3250.0,3257.0,3239.8,3251.5,41987225,3576.6,2926.4,4322.95,2866.6,3253.1,56,2,3253.0,176,6,3252.8,54,4,3252.7,60,3,3252.6,260,7,3253.5,19,3,3253.6,30,1,3254.2,5,1,3254.4,57,4,3254.5,138,2
11536,2025-12-30 10:59:12+05:30,3253.1,47,3248.82,324202,111951.0,109606.0,3250.0,3257.0,3239.8,3251.5,41987225,3576.6,2926.4,4322.95,2866.6,3253.1,56,2,3253.0,176,6,3252.8,54,4,3252.7,60,3,3252.6,260,7,3253.5,19,3,3253.6,30,1,3254.2,5,1,3254.4,57,4,3254.5,138,2
11536,2025-12-30 10:59:12+05:30,3253.1,2,3248.82,324260,112215.0,110143.0,3250.0,3257.0,3239.8,3251.5,41987225,3576.6,2926.4,4322.95,2866.6,3253.0,165,5,3252.8,52,4,3252.7,42,2,3252.6,58,3,3252.5,66,3,3253.1,3,2,3253.4,101,2,3253.5,16,1,3253.6,30,1,3254.2,26,2
11536,2025-12-30 10:59:13+05:30,3253.0,1,3248.82,324260,112215.0,110143.0,3250.0,3257.0,3239.8,3251.5,41987225,3576.6,2926.4,4322.95,2866.6,3253.0,165,5,3252.8,52,4,3252.7,42,2,3252.6,58,3,3252.5,66,3,3253.1,3,2,3253.4,101,2,3253.5,16,1,3253.6,30,1,3254.2,26,2
11536,2025-12-30 10:59:13+05:30,3253.1,3,3248.82,324422,112012.0,110488.0,3250.0,3257.0,3239.8,3251.5,41987225,3576.6,2926.4,4322.95,2866.6,3253.0,182,4,3252.8,28,3,3252.7,20,1,3252.6,51,3,3252.5,47,2,3253.1,7,2,3253.4,101,2,3253.6,30,1,3254.0,35,1,3254.2,52,3
11536,2025-12-30 10:59:14+05:30,3253.0,2,3248.82,324422,112012.0,110488.0,3250.0,3257.0,3239.8,3251.5,41987225,3576.6,2926.4,4322.95,2866.6,3253.0,182,4,3252.8,28,3,3252.7,20,1,3252.6,51,3,3252.5,47,2,3253.1,7,2,3253.4,101,2,3253.6,30,1,3254.0,35,1,3254.2,52,3
11536,2025-12-30 10:59:14+05:30,3253.1,2,3248.83,324486,109235.0,109273.0,3250.0,3257.0,3239.8,3251.5,41987225,3576.6,2926.4,4322.95,2866.6,3253.1,11,1,3253.0,250,7,3252.9,41,3,3252.8,52,4,3252.7,34,2,3253.4,100,1,3253.6,30,1,3254.0,35,1,3254.4,47,2,3254.5,112,1
11536,2025-12-30 10:59:15+05:30,3253.6,5,3248.83,324486,109235.0,109273.0,3250.0,3257.0,3239.8,3251.5,41987225,3576.6,2926.4,4322.95,2866.6,3253.1,11,1,3253.0,250,7,3252.9,41,3,3252.8,52,4,3252.7,34,2,3253.4,100,1,3253.6,30,1,3254.0,35,1,3254.4,47,2,3254.5,112,1
11536,2025-12-30 10:59:15+05:30,3253.6,5,3248.83,324610,113406.0,109343.0,3250.0,3257.0,3239.8,3251.5,41987225,3576.6,2926.4,4322.95,2866.6,3253.1,61,5,3253.0,266,7,3252.9,57,4,3252.8,71,5,3252.7,37,3,3253.6,29,2,3254.0,35,1,3254.4,21,1,3254.5,112,1,3254.6,44,3
11536,2025-12-30 10:59:16+05:30,3253.6,1,3248.83,324610,113406.0,109343.0,3250.0,3257.0,3239.8,3251.5,41987225,3576.6,2926.4,4322.95,2866.6,3253.1,61,5,3253.0,266,7,3252.9,57,4,3252.8,71,5,3252.7,37,3,3253.6,29,2,3254.0,35,1,3254.4,21,1,3254.5,112,1,3254.6,44,3
11536,2025-12-30 10:59:16+05:30,3253.6,1,3248.83,324612,113421.0,109590.0,3250.0,3257.0,3239.8,3251.5,41987225,3576.6,2926.4,4322.95,2866.6,3253.1,58,5,3253.0,276,8,3252.9,35,2,3252.8,71,5,3252.7,37,3,3253.6,27,2,3254.0,35,1,3254.4,21,1,3254.5,113,2,3254.6,70,4
11536,2025-12-30 10:59:17+05:30,3253.1,6,3248.83,324612,113421.0,109590.0,3250.0,3257.0,3239.8,3251.5,41987225,3576.6,2926.4,4322.95,2866.6,3253.1,58,5,3253.0,276,8,3252.9,35,2,3252.8,71,5,3252.7,37,3,3253.6,27,2,3254.0,35,1,3254.4,21,1,3254.5,113,2,3254.6,70,4
11536,2025-12-30 10:59:17+05:30,3253.1,6,3248.83,324649,112624.0,109595.0,3250.0,3257.0,3239.8,3251.5,41987225,3576.6,2926.4,4322.95,2866.6,3253.0,268,8,3252.9,13,1,3252.8,92,7,3252.7,39,4,3252.6,62,4,3253.6,23,1,3254.0,35,1,3254.4,36,2,3254.5,113,2,3254.6,98,5
11536,2025-12-30 10:59:18+05:30,3254.9,1,3248.83,324649,112624.0,109595.0,3250.0,3257.0,3239.8,3251.5,41987225,3576.6,2926.4,4322.95,2866.6,3253.0,268,8,3252.9,13,1,3252.8,92,7,3252.7,39,4,3252.6,62,4,3253.6,23,1,3254.0,35,1,3254.4,36,2,3254.5,113,2,3254.6,98,5
11536,2025-12-30 10:59:18+05:30,3254.9,1,3248.84,325228,113405.0,109324.0,3250.0,3257.0,3239.8,3251.5,41987225,3576.6,2926.4,4322.95,2866.6,3253.3,22,2,3253.2,22,2,3253.1,101,4,3253.0,282,11,3252.9,15,2,3254.4,19,1,3254.5,22,1,3254.6,9,1,3254.7,2,1,3254.8,95,6
11536,2025-12-30 10:59:19+05:30,3254.9,1,3248.84,325228,113433.0,109366.0,3250.0,3257.0,3239.8,3251.5,41987225,3576.6,2926.4,4322.95,2866.6,3253.3,22,2,3253.2,33,3,3253.1,83,3,3253.0,282,11,3252.9,15,2,3254.4,53,3,3254.5,22,1,3254.6,9,1,3254.7,2,1,3254.8,95,6
11536,2025-12-30 10:59:20+05:30,3254.9,1,3248.84,325228,113436.0,109728.0,3250.0,3257.0,3239.8,3251.5,41987225,3576.6,2926.4,4322.95,2866.6,3253.3,22,2,3253.2,33,3,3253.1,83,3,3253.0,282,11,3252.9,15,2,3254.4,53,3,3254.5,22,1,3254.6,9,1,3254.7,2,1,3254.8,108,6
11536,2025-12-30 10:59:21+05:30,3253.3,117,3248.84,325228,113436.0,109728.0,3250.0,3257.0,3239.8,3251.5,41987225,3576.6,2926.4,4322.95,2866.6,3253.3,22,2,3253.2,33,3,3253.1,83,3,3253.0,282,11,3252.9,15,2,3254.4,53,3,3254.5,22,1,3254.6,9,1,3254.7,2,1,3254.8,108,6
11536,2025-12-30 10:59:21+05:30,3253.3,117,3248.84,325383,113964.0,107685.0,3250.0,3257.0,3239.8,3251.5,41987225,3576.6,2926.4,4322.95,2866.6,3253.5,11,1,3253.4,25,3,3253.3,22,2,3253.2,31,4,3253.1,188,4,3254.8,75,5,3254.9,19,1,3255.0,305,11,3255.1,14,1,3255.2,196,5
11536,2025-12-30 10:59:22+05:30,3253.3,117,3248.84,325383,113944.0,107870.0,3250.0,3257.0,3239.8,3251.5,41987225,3576.6,2926.4,4322.95,2866.6,3253.5,11,1,3253.4,25,3,3253.3,22,2,3253.2,31,4,3253.1,188,4,3254.8,75,5,3254.9,19,1,3255.0,314,12,3255.1,14,1,3255.2,206,6
11536,2025-12-30 10:59:23+05:30,3253.5,11,3248.84,325383,113944.0,107870.0,3250.0,3257.0,3239.8,3251.5,41987225,3576.6,2926.4,4322.95,2866.6,3253.5,11,1,3253.4,25,3,3253.3,22,2,3253.2,31,4,3253.1,188,4,3254.8,75,5,3254.9,19,1,3255.0,314,12,3255.1,14,1,3255.2,206,6
11536,2025-12-30 10:59:23+05:30,3253.5,11,3248.84,325430,113870.0,108475.0,3250.0,3257.0,3239.8,3251.5,41987225,3576.6,2926.4,4322.95,2866.6,3253.5,65,2,3253.4,76,3,3253.3,115,5,3253.2,46,4,3253.1,196,4,3254.6,38,2,3254.7,23,1,3254.8,2,1,3254.9,21,2,3255.0,275,10
11536,2025-12-30 10:59:24+05:30,3255.0,1,3248.84,325521,114395.0,107853.0,3250.0,3257.0,3239.8,3251.5,41987225,3576.6,2926.4,4322.95,2866.6,3253.7,23,1,3253.6,11,1,3253.5,127,4,3253.4,87,4,3253.3,125,5,3254.9,41,3,3255.0,263,10,3255.1,23,1,3255.2,32,2,3255.3,12,2
11536,2025-12-30 10:59:24+05:30,3255.0,1,3248.84,325521,114395.0,107853.0,3250.0,3257.0,3239.8,3251.5,41987225,3576.6,2926.4,4322.95,2866.6,3253.7,23,1,3253.6,11,1,3253.5,127,4,3253.4,87,4,3253.3,125,5,3254.9,41,3,3255.0,263,10,3255.1,23,1,3255.2,32,2,3255.3,12,2
11536,2025-12-30 10:59:25+05:30,3254.9,1,3248.84,325522,114118.0,107882.0,3250.0,3257.0,3239.8,3251.5,41987225,3576.6,2926.4,4322.95,2866.6,3253.8,22,2,3253.7,45,3,3253.6,11,1,3253.5,127,4,3253.4,69,3,3254.9,40,3,3255.0,263,10,3255.1,31,2,3255.2,32,2,3255.3,12,2
11536,2025-12-30 10:59:25+05:30,3254.9,1,3248.84,325522,114118.0,107882.0,3250.0,3257.0,3239.8,3251.5,41987225,3576.6,2926.4,4322.95,2866.6,3253.8,22,2,3253.7,45,3,3253.6,11,1,3253.5,127,4,3253.4,69,3,3254.9,40,3,3255.0,263,10,3255.1,31,2,3255.2,32,2,3255.3,12,2
11536,2025-12-30 10:59:26+05:30,3254.9,1,3248.84,325522,113909.0,107707.0,3250.0,3257.0,3239.8,3251.5,41987225,3576.6,2926.4,4322.95,2866.6,3253.8,22,2,3253.7,45,3,3253.6,11,1,3253.5,127,4,3253.4,65,2,3254.9,40,3,3255.0,263,10,3255.1,31,2,3255.2,32,2,3255.3,12,2
11536,2025-12-30 10:59:26+05:30,3253.8,5,3248.84,325522,113909.0,107707.0,3250.0,3257.0,3239.8,3251.5,41987225,3576.6,2926.4,4322.95,2866.6,3253.8,22,2,3253.7,45,3,3253.6,11,1,3253.5,127,4,3253.4,65,2,3254.9,40,3,3255.0,263,10,3255.1,31,2,3255.2,32,2,3255.3,12,2
11536,2025-12-30 10:59:27+05:30,3254.9,1,3248.84,325550,113370.0,107913.0,3250.0,3257.0,3239.8,3251.5,41987225,3576.6,2926.4,4322.95,2866.6,3253.8,22,2,3253.7,67,5,3253.6,26,2,3253.5,116,3,3253.4,54,1,3254.9,57,5,3255.0,245,8,3255.1,42,3,3255.2,124,2,3255.3,37,4
11536,2025-12-30 10:59:27+05:30,3254.9,1,3248.84,325550,113370.0,107913.0,3250.0,3257.0,3239.8,3251.5,41987225,3576.6,2926.4,4322.95,2866.6,3253.8,22,2,3253.7,67,5,3253.6,26,2,3253.5,116,3,3253.4,54,1,3254.9,57,5,3255.0,245,8,3255.1,42,3,3255.2,124,2,3255.3,37,4
11536,2025-12-30 10:59:28+05:30,3253.8,3,3248.84,325598,113458.0,108642.0,3250.0,3257.0,3239.8,3251.5,41987225,3576.6,2926.4,4322.95,2866.6,3253.8,8,1,3253.7,22,2,3253.6,11,1,3253.5,141,5,3253.4,72,2,3254.7,33,2,3254.8,49,5,3254.9,21,3,3255.0,255,9,3255.1,12,1
11536,2025-12-30 10:59:28+05:30,3253.8,3,3248.84,325598,113458.0,108642.0,3250.0,3257.0,3239.8,3251.5,41987225,3576.6,2926.4,4322.95,2866.6,3253.8,8,1,3253.7,22,2,3253.6,11,1,3253.5,141,5,3253.4,72,2,3254.7,33,2,3254.8,49,5,3254.9,21,3,3255.0,255,9,3255.1,12,1
11536,2025-12-30 10:59:29+05:30,3253.7,9,3248.84,325607,111871.0,109502.0,3250.0,3257.0,3239.8,3251.5,41987225,3576.6,2926.4,4322.95,2866.6,3253.8,60,2,3253.7,3,2,3253.6,11,1,3253.5,105,2,3253.4,54,1,3254.5,20,2,3254.7,30,3,3254.8,17,3,3254.9,10,2,3255.0,245,8
11536,2025-12-30 10:59:29+05:30,3253.7,9,3248.84,325607,111871.0,109502.0,3250.0,3257.0,3239.8,3251.5,41987225,3576.6,2926.4,4322.95,2866.6,3253.8,60,2,3253.7,3,2,3253.6,11,1,3253.5,105,2,3253.4,54,1,3254.5,20,2,3254.7,30,3,3254.8,17,3,3254.9,10,2,3255.0,245,8
11536,2025-12-30 10:59:30+05:30,3253.9,11,3248.84,325618,113488.0,109770.0,3250.0,3257.0,3239.8,3251.5,41987225,3576.6,2926.4,4322.95,2866.6,3253.8,107,3,3253.7,26,3,3253.6,11,1,3253.5,131,3,3253.4,54,1,3253.9,2,1,3254.5,1,1,3254.7,7,2,3254.9,32,4,3255.0,265,9
11536,2025-12-30 10:59:30+05:30,3253.8,1,3248.84,325618,113488.0,109770.0,3250.0,3257.0,3239.8,3251.5,41987225,3576.6,2926.4,4322.95,2866.6,3253.8,107,3,3253.7,26,3,3253.6,11,1,3253.5,131,3,3253.4,54,1,3253.9,2,1,3254.5,1,1,3254.7,7,2,3254.9,32,4,3255.0,265,9
11536,2025-12-30 10:59:31+05:30,3253.9,1,3248.84,325623,113394.0,109129.0,3250.0,3257.0,3239.8,3251.5,41987225,3576.6,2926.4,4322.95,2866.6,3253.8,103,3,3253.7,3,2,3253.6,11,1,3253.5,131,3,3253.4,54,1,3253.9,3,3,3254.7,6,1,3254.9,32,4,3255.0,265,9,3255.1,7,2
11536,2025-12-30 10:59:31+05:30,3253.9,1,3248.84,325623,113394.0,109129.0,3250.0,3257.0,3239.8,3251.5,41987225,3576.6,2926.4,4322.95,2866.6,3253.8,103,3,3253.7,3,2,3253.6,11,1,3253.5,131,3,3253.4,54,1,3253.9,3,3,3254.7,6,1,3254.9,32,4,3255.0,265,9,3255.1,7,2
11536,2025-12-30 10:59:32+05:30,3253.9,1,3248.84,325624,113569.0,109824.0,3250.0,3257.0,3239.8,3251.5,41987225,3576.6,2926.4,4322.95,2866.6,3253.8,92,2,3253.7,3,2,3253.6,11,1,3253.5,131,3,3253.4,68,2,3253.9,3,3,3254.9,23,3,3255.0,265,9,3255.1,7,2,3255.2,160,6
11536,2025-12-30 10:59:32+05:30,3253.8,2,3248.84,325624,113569.0,109824.0,3250.0,3257.0,3239.8,3251.5,41987225,3576.6,2926.4,4322.95,2866.6,3253.8,92,2,3253.7,3,2,3253.6,11,1,3253.5,131,3,3253.4,68,2,3253.9,3,3,3254.9,23,3,3255.0,265,9,3255.1,7,2,3255.2,160,6
11536,2025-12-30 10:59:33+05:30,3253.8,5,3248.84,325635,113690.0,109765.0,3250.0,3257.0,3239.8,3251.5,41987225,3576.6,2926.4,4322.95,2866.6,3253.8,85,2,3253.7,3,2,3253.6,47,3,3253.5,183,6,3253.4,81,3,3253.9,2,2,3254.9,4,2,3255.0,265,9,3255.1,7,2,3255.2,166,6
11536,2025-12-30 10:59:33+05:30,3253.9,1,3248.84,325635,113690.0,109765.0,3250.0,3257.0,3239.8,3251.5,41987225,3576.6,2926.4,4322.95,2866.6,3253.8,85,2,3253.7,3,2,3253.6,47,3,3253.5,183,6,3253.4,81,3,3253.9,2,2,3254.9,4,2,3255.0,265,9,3255.1,7,2,3255.2,166,6
11536,2025-12-30 10:59:34+05:30,3253.9,1,3248.84,325638,113567.0,109590.0,3250.0,3257.0,3239.8,3251.5,41987225,3576.6,2926.4,4322.95,2866.6,3253.8,85,2,3253.7,14,3,3253.6,61,4,3253.5,145,4,3253.4,104,4,3253.9,2,2,3254.9,4,2,3255.0,265,9,3255.1,7,2,3255.2,166,6
11536,2025-12-30 10:59:34+05:30,3253.9,1,3248.84,325638,113567.0,109590.0,3250.0,3257.0,3239.8,3251.5,41987225,3576.6,2926.4,4322.95,2866.6,3253.8,85,2,3253.7,14,3,3253.6,61,4,3253.5,145,4,3253.4,104,4,3253.9,2,2,3254.9,4,2,3255.0,265,9,3255.1,7,2,3255.2,166,6
11536,2025-12-30 10:59:35+05:30,3253.9,1,3248.84,325640,113800.0,109003.0,3250.0,3257.0,3239.8,3251.5,41987225,3576.6,2926.4,4322.95,2866.6,3253.8,85,2,3253.7,3,2,3253.6,30,2,3253.5,132,4,3253.4,84,3,3254.9,32,4,3255.0,284,11,3255.1,3,1,3255.2,67,5,3255.3,13,2
11536,2025-12-30 10:59:35+05:30,3253.9,1,3248.84,325640,113800.0,109003.0,3250.0,3257.0,3239.8,3251.5,41987225,3576.6,2926.4,4322.95,2866.6,3253.8,85,2,3253.7,3,2,3253.6,30,2,3253.5,132,4,3253.4,84,3,3254.9,32,4,3255.0,284,11,3255.1,3,1,3255.2,67,5,3255.3,13,2
11536,2025-12-30 10:59:36+05:30,3253.9,1,3248.84,325640,111503.0,109345.0,3250.0,3257.0,3239.8,3251.5,41987225,3576.6,2926.4,4322.95,2866.6,3253.8,85,2,3253.7,3,2,3253.6,11,1,3253.5,131,3,3253.4,54,1,3254.8,53,5,3254.9,52,6,3255.0,254,9,3255.1,10,2,3255.2,44,4
11536,2025-12-30 10:59:37+05:30,3253.2,20,3248.85,326198,108656.0,110493.0,3250.0,3257.0,3239.8,3251.5,41987225,3576.6,2926.4,4322.95,2866.6,3253.2,31,3,3253.1,35,5,3253.0,149,6,3252.9,46,3,3252.8,341,12,3254.4,29,2,3254.5,66,4,3254.6,23,2,3254.7,65,2,3254.8,83,6
11536,2025-12-30 10:59:37+05:30,3253.2,1,3248.85,326198,108656.0,110493.0,3250.0,3257.0,3239.8,3251.5,41987225,3576.6,2926.4,4322.95,2866.6,3253.2,31,3,3253.1,35,5,3253.0,149,6,3252.9,46,3,3252.8,341,12,3254.4,29,2,3254.5,66,4,3254.6,23,2,3254.7,65,2,3254.8,83,6
11536,2025-12-30 10:59:38+05:30,3253.2,3,3248.85,326232,109706.0,109806.0,3250.0,3257.0,3239.8,3251.5,41987225,3576.6,2926.4,4322.95,2866.6,3254.3,1,1,3253.3,224,3,3253.2,250,4,3253.1,263,7,3253.0,422,9,3254.4,11,2,3254.5,27,2,3254.6,22,2,3254.7,4,1,3254.8,32,3
11536,2025-12-30 10:59:38+05:30,3253.2,3,3248.85,326232,109706.0,109806.0,3250.0,3257.0,3239.8,3251.5,41987225,3576.6,2926.4,4322.95,2866.6,3254.3,1,1,3253.3,224,3,3253.2,250,4,3253.1,263,7,3253.0,422,9,3254.4,11,2,3254.5,27,2,3254.6,22,2,3254.7,4,1,3254.8,32,3
11536,2025-12-30 10:59:39+05:30,3254.3,1,3248.85,326233,109822.0,110085.0,3250.0,3257.0,3239.8,3251.5,41987225,3576.6,2926.4,4322.95,2866.6,3253.4,76,7,3253.3,74,4,3253.2,80,3,3253.1,254,6,3253.0,405,10,3254.3,16,1,3254.4,1,1,3254.6,1,1,3254.9,127,5,3255.0,268,12
11536,2025-12-30 10:59:39+05:30,3253.8,2,3248.85,326233,109822.0,110085.0,3250.0,3257.0,3239.8,3251.5,41987225,3576.6,2926.4,4322.95,2866.6,3253.4,76,7,3253.3,74,4,3253.2,80,3,3253.1,254,6,3253.0,405,10,3254.3,16,1,3254.4,1,1,3254.6,1,1,3254.9,127,5,3255.0,268,12
11536,2025-12-30 10:59:40+05:30,3253.8,6,3248.86,326473,111891.0,109913.0,3250.0,3257.0,3239.8,3251.5,41987225,3576.6,2926.4,4322.95,2866.6,3253.8,3,1,3253.6,22,2,3253.5,23,3,3253.4,28,3,3253.3,73,5,3253.9,10,1,3254.3,14,1,3254.8,61,1,3254.9,105,3,3255.0,288,12
11536,2025-12-30 10:59:40+05:30,3253.8,6,3248.86,326473,111891.0,109913.0,3250.0,3257.0,3239.8,3251.5,41987225,3576.6,2926.4,4322.95,2866.6,3253.8,3,1,3253.6,22,2,3253.5,23,3,3253.4,28,3,3253.3,73,5,3253.9,10,1,3254.3,14,1,3254.8,61,1,3254.9,105,3,3255.0,288,12
11536,2025-12-30 10:59:41+05:30,3253.8,6,3248.86,326473,111083.0,109891.0,3250.0,3257.0,3239.8,3251.5,41987225,3576.6,2926.4,4322.95,2866.6,3253.5,12,2,3253.4,24,2,3253.3,40,3,3253.2,44,4,3253.1,97,6,3253.9,11,2,3254.3,14,1,3254.7,20,1,3254.8,82,2,3254.9,55,2
11536,2025-12-30 10:59:42+05:30,3253.5,6,3248.86,326479,110640.0,109850.0,3250.0,3257.0,3239.8,3251.5,41987225,3576.6,2926.4,4322.95,2866.6,3253.3,51,4,3253.2,40,2,3253.1,120,7,3253.0,173,7,3252.9,45,3,3253.5,2,2,3253.9,11,2,3254.3,14,1,3254.6,21,1,3254.8,93,3
11536,2025-12-30 10:59:42+05:30,3253.3,2,3248.86,326479,110640.0,109850.0,3250.0,3257.0,3239.8,3251.5,41987225,3576.6,2926.4,4322.95,2866.6,3253.3,51,4,3253.2,40,2,3253.1,120,7,3253.0,173,7,3252.9,45,3,3253.5,2,2,3253.9,11,2,3254.3,14,1,3254.6,21,1,3254.8,93,3
11536,2025-12-30 10:59:43+05:30,3253.5,4,3248.86,326489,110115.0,109896.0,3250.0,3257.0,3239.8,3251.5,41987225,3576.6,2926.4,4322.95,2866.6,3253.3,63,5,3253.2,43,2,3253.1,97,6,3253.0,173,7,3252.9,43,3,3253.5,18,3,3253.9,10,1,3254.6,21,1,3254.8,94,4,3254.9,74,2
11536,2025-12-30 10:59:43+05:30,3253.5,4,3248.86,326489,110115.0,109896.0,3250.0,3257.0,3239.8,3251.5,41987225,3576.6,2926.4,4322.95,2866.6,3253.3,63,5,3253.2,43,2,3253.1,97,6,3253.0,173,7,3252.9,43,3,3253.5,18,3,3253.9,10,1,3254.6,21,1,3254.8,94,4,3254.9,74,2
11536,2025-12-30 10:59:44+05:30,3253.3,1,3248.86,326549,111420.0,109830.0,3250.0,3257.0,3239.8,3251.5,41987225,3576.6,2926.4,4322.95,2866.6,3253.3,19,3,3253.2,63,3,3253.1,97,6,3253.0,170,6,3252.9,43,3,3253.5,15,2,3253.9,10,1,3254.6,21,1,3254.8,94,4,3254.9,74,2
11536,2025-12-30 10:59:44+05:30,3253.3,1,3248.86,326549,111420.0,109830.0,3250.0,3257.0,3239.8,3251.5,41987225,3576.6,2926.4,4322.95,2866.6,3253.3,19,3,3253.2,63,3,3253.1,97,6,3253.0,170,6,3252.9,43,3,3253.5,15,2,3253.9,10,1,3254.6,21,1,3254.8,94,4,3254.9,74,2
11536,2025-12-30 10:59:45+05:30,3253.5,1,3248.86,326550,110908.0,109803.0,3250.0,3257.0,3239.8,3251.5,41987225,3576.6,2926.4,4322.95,2866.6,3253.3,19,3,3253.2,89,4,3253.1,97,6,3253.0,170,6,3252.9,43,3,3253.5,16,3,3253.9,10,1,3254.6,21,1,3254.8,94,4,3254.9,74,2
11536,2025-12-30 10:59:45+05:30,3253.3,1,3248.86,326550,110908.0,109803.0,3250.0,3257.0,3239.8,3251.5,41987225,3576.6,2926.4,4322.95,2866.6,3253.3,19,3,3253.2,89,4,3253.1,97,6,3253.0,170,6,3252.9,43,3,3253.5,16,3,3253.9,10,1,3254.6,21,1,3254.8,94,4,3254.9,74,2
11536,2025-12-30 10:59:46+05:30,3253.5,16,3248.86,326584,110475.0,109541.0,3250.0,3257.0,3239.8,3251.5,41987225,3576.6,2926.4,4322.95,2866.6,3253.4,19,1,3253.3,74,6,3253.2,26,2,3253.1,86,6,3253.0,345,7,3253.9,10,1,3254.6,21,1,3254.8,82,2,3254.9,48,1,3255.0,282,12
11536,2025-12-30 10:59:46+05:30,3253.9,1,3248.86,326584,110475.0,109541.0,3250.0,3257.0,3239.8,3251.5,41987225,3576.6,2926.4,4322.95,2866.6,3253.4,19,1,3253.3,74,6,3253.2,26,2,3253.1,86,6,3253.0,345,7,3253.9,10,1,3254.6,21,1,3254.8,82,2,3254.9,48,1,3255.0,282,12
11536,2025-12-30 10:59:47+05:30,3253.9,1,3248.86,326617,111932.0,109017.0,3250.0,3257.0,3239.8,3251.5,41987225,3576.6,2926.4,4322.95,2866.6,3253.5,57,5,3253.4,32,2,3253.3,48,4,3253.2,44,3,3253.1,89,7,3253.9,11,3,3254.8,21,1,3254.9,48,1,3255.0,269,11,3255.1,26,1
11536,2025-12-30 10:59:48+05:30,3253.5,1,3248.86,326648,111928.0,109008.0,3250.0,3257.0,3239.8,3251.5,41987225,3576.6,2926.4,4322.95,2866.6,3253.5,26,3,3253.4,32,2,3253.3,60,6,3253.2,51,5,3253.1,89,7,3253.9,3,3,3254.8,21,1,3254.9,48,1,3255.0,269,11,3255.1,26,1
11536,2025-12-30 10:59:48+05:30,3253.5,3,3248.86,326648,111928.0,109008.0,3250.0,3257.0,3239.8,3251.5,41987225,3576.6,2926.4,4322.95,2866.6,3253.5,26,3,3253.4,32,2,3253.3,60,6,3253.2,51,5,3253.1,89,7,3253.9,3,3,3254.8,21,1,3254.9,48,1,3255.0,269,11,3255.1,26,1
11536,2025-12-30 10:59:49+05:30,3253.5,4,3248.86,326666,111958.0,109010.0,3250.0,3257.0,3239.8,3251.5,41987225,3576.6,2926.4,4322.95,2866.6,3253.5,56,5,3253.4,32,2,3253.3,60,6,3253.2,51,5,3253.1,89,7,3253.9,4,4,3254.8,21,1,3254.9,48,1,3255.0,269,11,3255.1,26,1
11536,2025-12-30 10:59:49+05:30,3253.9,1,3248.86,326666,111958.0,109010.0,3250.0,3257.0,3239.8,3251.5,41987225,3576.6,2926.4,4322.95,2866.6,3253.5,56,5,3253.4,32,2,3253.3,60,6,3253.2,51,5,3253.1,89,7,3253.9,4,4,3254.8,21,1,3254.9,48,1,3255.0,269,11,3255.1,26,1
11536,2025-12-30 10:59:50+05:30,3253.9,1,3248.86,326681,111917.0,107693.0,3250.0,3257.0,3239.8,3251.5,41987225,3576.6,2926.4,4322.95,2866.6,3253.6,51,4,3253.5,96,7,3253.4,9,1,3253.3,61,7,3253.2,51,5,3253.9,2,2,3254.8,21,1,3254.9,48,1,3255.0,269,11,3255.2,46,2
11536,2025-12-30 10:59:50+05:30,3253.9,1,3248.86,326681,111917.0,107693.0,3250.0,3257.0,3239.8,3251.5,41987225,3576.6,2926.4,4322.95,2866.6,3253.6,51,4,3253.5,96,7,3253.4,9,1,3253.3,61,7,3253.2,51,5,3253.9,2,2,3254.8,21,1,3254.9,48,1,3255.0,269,11,3255.2,46,2
11536,2025-12-30 10:59:51+05:30,3253.6,1,3248.86,326682,112001.0,108952.0,3250.0,3257.0,3239.8,3251.5,41987225,3576.6,2926.4,4322.95,2866.6,3253.6,50,4,3253.5,85,6,3253.4,9,1,3253.3,61,7,3253.2,51,5,3253.9,2,2,3254.8,21,1,3254.9,48,1,3255.0,269,11,3255.2,72,3
11536,2025-12-30 10:59:51+05:30,3254.9,42,3248.86,326682,112001.0,108952.0,3250.0,3257.0,3239.8,3251.5,41987225,3576.6,2926.4,4322.95,2866.6,3253.6,50,4,3253.5,85,6,3253.4,9,1,3253.3,61,7,3253.2,51,5,3253.9,2,2,3254.8,21,1,3254.9,48,1,3255.0,269,11,3255.2,72,3
11536,2025-12-30 10:59:52+05:30,3254.9,42,3248.86,326752,112578.0,108143.0,3250.0,3257.0,3239.8,3251.5,41987225,3576.6,2926.4,4322.95,2866.6,3253.6,21,2,3253.5,64,5,3253.4,169,2,3253.3,46,6,3253.2,74,6,3254.8,43,2,3254.9,33,4,3255.0,258,11,3255.2,81,4,3255.3,14,2
11536,2025-12-30 10:59:53+05:30,3254.9,42,3248.86,326752,109030.0,109958.0,3250.0,3257.0,3239.8,3251.5,41987225,3576.6,2926.4,4322.95,2866.6,3253.4,11,1,3253.3,42,4,3253.2,248,6,3253.1,81,6,3253.0,422,11,3254.4,23,1,3254.5,20,1,3254.7,39,4,3254.8,12,1,3254.9,3,1
11536,2025-12-30 10:59:54+05:30,3253.4,21,3248.86,326773,109634.0,110857.0,3250.0,3257.0,3239.8,3251.5,41987225,3576.6,2926.4,4322.95,2866.6,3253.3,12,2,3253.2,31,3,3253.1,52,3,3253.0,121,4,3252.9,191,3,3254.3,44,3,3254.4,10,1,3254.6,57,4,3254.7,10,2,3254.8,95,6
11536,2025-12-30 10:59:54+05:30,3253.4,21,3248.86,326773,109634.0,110857.0,3250.0,3257.0,3239.8,3251.5,41987225,3576.6,2926.4,4322.95,2866.6,3253.3,12,2,3253.2,31,3,3253.1,52,3,3253.0,121,4,3252.9,191,3,3254.3,44,3,3254.4,10,1,3254.6,57,4,3254.7,10,2,3254.8,95,6
11536,2025-12-30 10:59:55+05:30,3254.3,1,3248.86,326774,109830.0,110792.0,3250.0,3257.0,3239.8,3251.5,41987225,3576.6,2926.4,4322.95,2866.6,3253.3,12,2,3253.2,31,3,3253.1,52,3,3253.0,121,4,3252.9,10,2,3254.3,43,3,3254.4,21,2,3254.6,57,4,3254.7,21,3,3254.8,84,5
11536,2025-12-30 10:59:55+05:30,3254.3,1,3248.86,326774,109830.0,110792.0,3250.0,3257.0,3239.8,3251.5,41987225,3576.6,2926.4,4322.95,2866.6,3253.3,12,2,3253.2,31,3,3253.1,52,3,3253.0,121,4,3252.9,10,2,3254.3,43,3,3254.4,21,2,3254.6,57,4,3254.7,21,3,3254.8,84,5
11536,2025-12-30 10:59:56+05:30,3254.3,10,3248.86,326790,108438.0,110772.0,3250.0,3257.0,3239.8,3251.5,41987225,3576.6,2926.4,4322.95,2866.6,3253.3,23,3,3253.2,31,3,3253.1,52,3,3253.0,121,4,3252.9,10,2,3254.3,33,3,3254.4,10,1,3254.5,10,1,3254.6,48,3,3254.7,10,2
11536,2025-12-30 10:59:56+05:30,3254.3,10,3248.86,326790,108438.0,110772.0,3250.0,3257.0,3239.8,3251.5,41987225,3576.6,2926.4,4322.95,2866.6,3253.3,23,3,3253.2,31,3,3253.1,52,3,3253.0,121,4,3252.9,10,2,3254.3,33,3,3254.4,10,1,3254.5,10,1,3254.6,48,3,3254.7,10,2
11536,2025-12-30 10:59:57+05:30,3254.3,10,3248.86,326790,109853.0,110777.0,3250.0,3257.0,3239.8,3251.5,41987225,3576.6,2926.4,4322.95,2866.6,3253.4,11,1,3253.3,23,3,3253.2,31,3,3253.1,52,3,3253.0,122,5,3254.3,34,4,3254.6,12,1,3254.7,9,1,3254.8,36,3,3255.0,332,14
11536,2025-12-30 10:59:57+05:30,3254.3,1,3248.86,326790,109853.0,110777.0,3250.0,3257.0,3239.8,3251.5,41987225,3576.6,2926.4,4322.95,2866.6,3253.4,11,1,3253.3,23,3,3253.2,31,3,3253.1,52,3,3253.0,122,5,3254.3,34,4,3254.6,12,1,3254.7,9,1,3254.8,36,3,3255.0,332,14
11536,2025-12-30 10:59:58+05:30,3253.4,1,3248.86,326803,111454.0,110814.0,3250.0,3257.0,3239.8,3251.5,41987225,3576.6,2926.4,4322.95,2866.6,3253.4,11,1,3253.3,92,7,3253.2,43,4,3253.1,233,5,3253.0,317,6,3254.3,2,2,3254.8,14,1,3254.9,101,3,3255.0,337,15,3255.1,26,1
11536,2025-12-30 10:59:58+05:30,3253.4,5,3248.86,326803,111454.0,110814.0,3250.0,3257.0,3239.8,3251.5,41987225,3576.6,2926.4,4322.95,2866.6,3253.4,11,1,3253.3,92,7,3253.2,43,4,3253.1,233,5,3253.0,317,6,3254.3,2,2,3254.8,14,1,3254.9,101,3,3255.0,337,15,3255.1,26,1
11536,2025-12-30 10:59:59+05:30,3253.4,5,3248.86,326811,111297.0,111129.0,3250.0,3257.0,3239.8,3251.5,41987225,3576.6,2926.4,4322.95,2866.6,3253.4,3,1,3253.3,23,3,3253.2,7,2,3253.1,216,4,3253.0,142,5,3254.3,3,3,3254.4,20,1,3254.5,10,1,3254.6,23,1,3254.7,7,1
11536,2025-12-30 11:00:00+05:30,3253.3,1,3248.86,326812,111343.0,111122.0,3250.0,3257.0,3239.8,3251.5,41987225,3576.6,2926.4,4322.95,2866.6,3253.4,11,1,3253.3,22,3,3253.2,24,3,3253.1,264,6,3253.0,142,5,3254.3,2,2,3254.4,20,1,3254.5,10,1,3254.6,25,2,3254.8,16,2
11536,2025-12-30 11:00:00+05:30,3254.3,1,3248.86,326812,111343.0,111122.0,3250.0,3257.0,3239.8,3251.5,41987225,3576.6,2926.4,4322.95,2866.6,3253.4,11,1,3253.3,22,3,3253.2,24,3,3253.1,264,6,3253.0,142,5,3254.3,2,2,3254.4,20,1,3254.5,10,1,3254.6,25,2,3254.8,16,2
11536,2025-12-30 11:00:01+05:30,3253.4,2,3248.86,326818,111531.0,111118.0,3250.0,3257.0,3239.8,3251.5,41987225,3576.6,2926.4,4322.95,2866.6,3253.4,7,2,3253.3,55,5,3253.2,30,3,3253.1,269,7,3253.0,142,5,3254.3,2,2,3254.6,25,2,3254.7,19,1,3254.8,2,1,3254.9,61,1
11536,2025-12-30 11:00:01+05:30,3254.3,1,3248.86,326818,111531.0,111118.0,3250.0,3257.0,3239.8,3251.5,41987225,3576.6,2926.4,4322.95,2866.6,3253.4,7,2,3253.3,55,5,3253.2,30,3,3253.1,269,7,3253.0,142,5,3254.3,2,2,3254.6,25,2,3254.7,19,1,3254.8,2,1,3254.9,61,1
11536,2025-12-30 11:00:02+05:30,3254.7,1,3248.86,326822,111630.0,110378.0,3250.0,3257.0,3239.8,3251.5,41987225,3576.6,2926.4,4322.95,2866.6,3253.4,96,6,3253.3,38,4,3253.2,7,2,3253.1,288,8,3253.0,167,6,3254.7,46,3,3254.8,27,2,3254.9,15,2,3255.0,302,14,3255.2,543,7
11536,2025-12-30 11:00:02+05:30,3254.7,1,3248.86,326822,111630.0,110378.0,3250.0,3257.0,3239.8,3251.5,41987225,3576.6,2926.4,4322.95,2866.6,3253.4,96,6,3253.3,38,4,3253.2,7,2,3253.1,288,8,3253.0,167,6,3254.7,46,3,3254.8,27,2,3254.9,15,2,3255.0,302,14,3255.2,543,7
11536,2025-12-30 11:00:03+05:30,3254.7,1,3248.86,326822,111646.0,110392.0,3250.0,3257.0,3239.8,3251.5,41987225,3576.6,2926.4,4322.95,2866.6,3253.4,96,6,3253.3,38,4,3253.2,7,2,3253.1,288,8,3253.0,167,6,3254.7,93,7,3254.9,15,2,3255.0,302,14,3255.2,554,8,3255.3,19,3
11536,2025-12-30 11:00:04+05:30,3254.7,1,3248.86,326822,111836.0,110375.0,3250.0,3257.0,3239.8,3251.5,41987225,3576.6,2926.4,4322.95,2866.6,3253.5,11,1,3253.4,108,8,3253.3,41,5,3253.2,7,2,3253.1,288,8,3254.7,84,6,3254.9,11,1,3255.0,302,14,3255.2,554,8,3255.3,17,2
11536,2025-12-30 11:00:04+05:30,3253.5,1,3248.86,326822,111836.0,110375.0,3250.0,3257.0,3239.8,3251.5,41987225,3576.6,2926.4,4322.95,2866.6,3253.5,11,1,3253.4,108,8,3253.3,41,5,3253.2,7,2,3253.1,288,8,3254.7,84,6,3254.9,11,1,3255.0,302,14,3255.2,554,8,3255.3,17,2
11536,2025-12-30 11:00:05+05:30,3254.7,1,3248.86,326844,111965.0,110525.0,3250.0,3257.0,3239.8,3251.5,41987225,3576.6,2926.4,4322.95,2866.6,3253.6,11,1,3253.5,20,3,3253.4,95,7,3253.3,25,4,3253.2,25,3,3254.7,64,5,3254.8,61,1,3254.9,11,1,3255.0,274,13,3255.2,424,6
11536,2025-12-30 11:00:05+05:30,3254.7,1,3248.86,326844,111965.0,110525.0,3250.0,3257.0,3239.8,3251.5,41987225,3576.6,2926.4,4322.95,2866.6,3253.6,11,1,3253.5,20,3,3253.4,95,7,3253.3,25,4,3253.2,25,3,3254.7,64,5,3254.8,61,1,3254.9,11,1,3255.0,274,13,3255.2,424,6
11536,2025-12-30 11:00:06+05:30,3254.7,1,3248.86,326845,112078.0,110860.0,3250.0,3257.0,3239.8,3251.5,41987225,3576.6,2926.4,4322.95,2866.6,3253.6,11,1,3253.5,11,1,3253.4,71,5,3253.3,25,4,3253.2,25,3,3254.7,64,6,3254.8,61,1,3254.9,160,2,3255.0,284,14,3255.2,413,5
11536,2025-12-30 11:00:06+05:30,3254.7,1,3248.86,326845,112078.0,110860.0,3250.0,3257.0,3239.8,3251.5,41987225,3576.6,2926.4,4322.95,2866.6,3253.6,11,1,3253.5,11,1,3253.4,71,5,3253.3,25,4,3253.2,25,3,3254.7,64,6,3254.8,61,1,3254.9,160,2,3255.0,284,14,3255.2,413,5
11536,2025-12-30 11:00:07+05:30,3253.6,6,3248.86,326855,112244.0,110789.0,3250.0,3257.0,3239.8,3251.5,41987225,3576.6,2926.4,4322.95,2866.6,3253.6,96,4,3253.5,51,3,3253.4,71,5,3253.3,83,7,3253.2,84,5,3254.7,21,4,3254.8,19,1,3254.9,156,1,3255.0,274,13,3255.1,39,2
11536,2025-12-30 11:00:07+05:30,3253.6,6,3248.86,326855,112244.0,110789.0,3250.0,3257.0,3239.8,3251.5,41987225,3576.6,2926.4,4322.95,2866.6,3253.6,96,4,3253.5,51,3,3253.4,71,5,3253.3,83,7,3253.2,84,5,3254.7,21,4,3254.8,19,1,3254.9,156,1,3255.0,274,13,3255.1,39,2
11536,2025-12-30 11:00:08+05:30,3253.6,3,3248.86,326860,110535.0,110476.0,3250.0,3257.0,3239.8,3251.5,41987225,3576.6,2926.4,4322.95,2866.6,3253.6,156,7,3253.5,57,5,3253.4,74,6,3253.3,232,6,3253.2,478,9,3254.7,16,3,3255.0,272,12,3255.1,19,1,3255.2,34,2,3255.3,17,2
11536,2025-12-30 11:00:08+05:30,3253.6,3,3248.86,326860,110535.0,110476.0,3250.0,3257.0,3239.8,3251.5,41987225,3576.6,2926.4,4322.95,2866.6,3253.6,156,7,3253.5,57,5,3253.4,74,6,3253.3,232,6,3253.2,478,9,3254.7,16,3,3255.0,272,12,3255.1,19,1,3255.2,34,2,3255.3,17,2
11536,2025-12-30 11:00:09+05:30,3253.7,1,3248.86,326861,110695.0,110520.0,3250.0,3257.0,3239.8,3251.5,41987225,3576.6,2926.4,4322.95,2866.6,3253.7,35,4,3253.6,137,6,3253.5,41,3,3253.4,55,4,3253.3,248,8,3254.7,46,4,3255.0,295,13,3255.1,19,1,3255.2,34,2,3255.3,17,2
11536,2025-12-30 11:00:09+05:30,3253.7,2,3248.86,326861,110695.0,110520.0,3250.0,3257.0,3239.8,3251.5,41987225,3576.6,2926.4,4322.95,2866.6,3253.7,35,4,3253.6,137,6,3253.5,41,3,3253.4,55,4,3253.3,248,8,3254.7,46,4,3255.0,295,13,3255.1,19,1,3255.2,34,2,3255.3,17,2
11536,2025-12-30 11:00:10+05:30,3253.7,2,3248.86,326863,110875.0,110520.0,3250.0,3257.0,3239.8,3251.5,41987225,3576.6,2926.4,4322.95,2866.6,3253.7,36,6,3253.6,165,7,3253.5,51,4,3253.4,55,4,3253.3,239,7,3254.7,46,4,3255.0,295,13,3255.1,19,1,3255.2,34,2,3255.3,17,2
11536,2025-12-30 11:00:10+05:30,3253.7,1,3248.86,326863,110875.0,110520.0,3250.0,3257.0,3239.8,3251.5,41987225,3576.6,2926.4,4322.95,2866.6,3253.7,36,6,3253.6,165,7,3253.5,51,4,3253.4,55,4,3253.3,239,7,3254.7,46,4,3255.0,295,13,3255.1,19,1,3255.2,34,2,3255.3,17,2
11536,2025-12-30 11:00:11+05:30,3253.7,1,3248.86,326864,110874.0,110519.0,3250.0,3257.0,3239.8,3251.5,41987225,3576.6,2926.4,4322.95,2866.6,3253.7,35,6,3253.6,137,6,3253.5,51,4,3253.4,55,4,3253.3,239,7,3254.7,45,3,3255.0,295,13,3255.1,19,1,3255.2,34,2,3255.3,17,2
11536,2025-12-30 11:00:11+05:30,3253.7,1,3248.86,326864,110874.0,110519.0,3250.0,3257.0,3239.8,3251.5,41987225,3576.6,2926.4,4322.95,2866.6,3253.7,35,6,3253.6,137,6,3253.5,51,4,3253.4,55,4,3253.3,239,7,3254.7,45,3,3255.0,295,13,3255.1,19,1,3255.2,34,2,3255.3,17,2
11536,2025-12-30 11:00:12+05:30,3253.7,1,3248.86,326867,110879.0,110481.0,3250.0,3257.0,3239.8,3251.5,41987225,3576.6,2926.4,4322.95,2866.6,3253.7,84,12,3253.6,99,4,3253.5,51,4,3253.4,67,4,3253.3,251,9,3254.7,44,3,3255.0,295,13,3255.2,34,2,3255.3,17,2,3255.4,84,6
11536,2025-12-30 11:00:12+05:30,3253.7,1,3248.86,326867,110879.0,110481.0,3250.0,3257.0,3239.8,3251.5,41987225,3576.6,2926.4,4322.95,2866.6,3253.7,84,12,3253.6,99,4,3253.5,51,4,3253.4,67,4,3253.3,251,9,3254.7,44,3,3255.0,295,13,3255.2,34,2,3255.3,17,2,3255.4,84,6
11536,2025-12-30 11:00:13+05:30,3253.8,1,3248.86,326870,110890.0,109108.0,3250.0,3257.0,3239.8,3251.5,41987225,3576.6,2926.4,4322.95,2866.6,3253.8,38,3,3253.7,204,10,3253.6,99,4,3253.5,68,5,3253.4,67,4,3254.7,45,6,3254.9,5,1,3255.0,289,11,3255.2,34,2,3255.3,17,2
11536,2025-12-30 11:00:13+05:30,3253.8,1,3248.86,326870,110890.0,109108.0,3250.0,3257.0,3239.8,3251.5,41987225,3576.6,2926.4,4322.95,2866.6,3253.8,38,3,3253.7,204,10,3253.6,99,4,3253.5,68,5,3253.4,67,4,3254.7,45,6,3254.9,5,1,3255.0,289,11,3255.2,34,2,3255.3,17,2
11536,2025-12-30 11:00:14+05:30,3253.8,1,3248.86,326871,111034.0,110459.0,3250.0,3257.0,3239.8,3251.5,41987225,3576.6,2926.4,4322.95,2866.6,3253.8,9,2,3253.7,173,8,3253.6,91,3,3253.5,27,2,3253.4,72,4,3254.7,44,5,3254.9,48,3,3255.0,266,10,3255.1,11,1,3255.2,34,2
11536,2025-12-30 11:00:14+05:30,3253.8,1,3248.86,326871,111034.0,110459.0,3250.0,3257.0,3239.8,3251.5,41987225,3576.6,2926.4,4322.95,2866.6,3253.8,9,2,3253.7,173,8,3253.6,91,3,3253.5,27,2,3253.4,72,4,3254.7,44,5,3254.9,48,3,3255.0,266,10,3255.1,11,1,3255.2,34,2
11536,2025-12-30 11:00:15+05:30,3253.8,1,3248.86,326876,111028.0,110567.0,3250.0,3257.0,3239.8,3251.5,41987225,3576.6,2926.4,4322.95,2866.6,3253.8,4,1,3253.7,162,2,3253.6,91,3,3253.5,10,1,3253.4,52,3,3254.7,61,4,3254.8,33,2,3254.9,76,3,3255.0,276,11,3255.2,73,4
11536,2025-12-30 11:00:15+05:30,3253.8,1,3248.86,326876,111028.0,110567.0,3250.0,3257.0,3239.8,3251.5,41987225,3576.6,2926.4,4322.95,2866.6,3253.8,4,1,3253.7,162,2,3253.6,91,3,3253.5,10,1,3253.4,52,3,3254.7,61,4,3254.8,33,2,3254.9,76,3,3255.0,276,11,3255.2,73,4
11536,2025-12-30 11:00:16+05:30,3254.7,1,3248.86,326877,111009.0,109174.0,3250.0,3257.0,3239.8,3251.5,41987225,3576.6,2926.4,4322.95,2866.6,3253.8,14,2,3253.7,162,2,3253.6,91,3,3253.4,69,4,3253.3,214,6,3254.7,62,6,3254.8,33,2,3254.9,66,2,3255.0,276,11,3255.2,73,4
11536,2025-12-30 11:00:16+05:30,3253.8,3,3248.86,326877,111009.0,109174.0,3250.0,3257.0,3239.8,3251.5,41987225,3576.6,2926.4,4322.95,2866.6,3253.8,14,2,3253.7,162,2,3253.6,91,3,3253.4,69,4,3253.3,214,6,3254.7,62,6,3254.8,33,2,3254.9,66,2,3255.0,276,11,3255.2,73,4
11536,2025-12-30 11:00:17+05:30,3254.7,1,3248.86,326882,111002.0,110572.0,3250.0,3257.0,3239.8,3251.5,41987225,3576.6,2926.4,4322.95,2866.6,3253.8,1,1,3253.7,162,2,3253.6,91,3,3253.5,9,1,3253.4,69,4,3254.7,60,6,3254.8,33,2,3254.9,66,2,3255.0,276,11,3255.2,73,4
11536,2025-12-30 11:00:17+05:30,3253.8,1,3248.86,326882,111002.0,110572.0,3250.0,3257.0,3239.8,3251.5,41987225,3576.6,2926.4,4322.95,2866.6,3253.8,1,1,3253.7,162,2,3253.6,91,3,3253.5,9,1,3253.4,69,4,3254.7,60,6,3254.8,33,2,3254.9,66,2,3255.0,276,11,3255.2,73,4
11536,2025-12-30 11:00:18+05:30,3253.8,1,3248.86,326892,111103.0,110540.0,3250.0,3257.0,3239.8,3251.5,41987225,3576.6,2926.4,4322.95,2866.6,3253.8,208,3,3253.7,175,3,3253.6,100,4,3253.4,90,5,3253.3,74,6,3254.7,39,4,3254.8,23,1,3254.9,66,2,3255.0,276,11,3255.1,20,1
11536,2025-12-30 11:00:18+05:30,3253.8,1,3248.86,326892,111103.0,110540.0,3250.0,3257.0,3239.8,3251.5,41987225,3576.6,2926.4,4322.95,2866.6,3253.8,208,3,3253.7,175,3,3253.6,100,4,3253.4,90,5,3253.3,74,6,3254.7,39,4,3254.8,23,1,3254.9,66,2,3255.0,276,11,3255.1,20,1
11536,2025-12-30 11:00:19+05:30,3253.8,1,3248.86,326893,111106.0,110567.0,3250.0,3257.0,3239.8,3251.5,41987225,3576.6,2926.4,4322.95,2866.6,3253.8,207,3,3253.7,175,3,3253.6,100,4,3253.4,90,5,3253.3,74,6,3254.7,39,4,3254.8,54,3,3254.9,66,2,3255.0,287,12,3255.2,24,2
11536,2025-12-30 11:00:19+05:30,3253.8,1,3248.86,326893,111106.0,110567.0,3250.0,3257.0,3239.8,3251.5,41987225,3576.6,2926.4,4322.95,2866.6,3253.8,207,3,3253.7,175,3,3253.6,100,4,3253.4,90,5,3253.3,74,6,3254.7,39,4,3254.8,54,3,3254.9,66,2,3255.0,287,12,3255.2,24,2
11536,2025-12-30 11:00:20+05:30,3253.8,1,3248.86,326896,111107.0,110566.0,3250.0,3257.0,3239.8,3251.5,41987225,3576.6,2926.4,4322.95,2866.6,3253.8,208,3,3253.7,175,3,3253.6,128,5,3253.4,90,5,3253.3,74,6,3254.7,38,3,3254.8,54,3,3254.9,66,2,3255.0,287,12,3255.2,24,2
11536,2025-12-30 11:00:20+05:30,3253.8,1,3248.86,326896,111107.0,110566.0,3250.0,3257.0,3239.8,3251.5,41987225,3576.6,2926.4,4322.95,2866.6,3253.8,208,3,3253.7,175,3,3253.6,128,5,3253.4,90,5,3253.3,74,6,3254.7,38,3,3254.8,54,3,3254.9,66,2,3255.0,287,12,3255.2,24,2
11536,2025-12-30 11:00:21+05:30,3253.8,1,3248.86,326897,111468.0,111158.0,3250.0,3257.0,3239.8,3251.5,41987225,3576.6,2926.4,4322.95,2866.6,3253.9,11,1,3253.8,296,6,3253.7,213,5,3253.6,178,6,3253.5,49,2,3254.7,38,3,3254.8,10,1,3254.9,66,2,3255.0,266,10,3255.2,11,1
11536,2025-12-30 11:00:21+05:30,3253.8,1,3248.86,326897,111468.0,111158.0,3250.0,3257.0,3239.8,3251.5,41987225,3576.6,2926.4,4322.95,2866.6,3253.9,11,1,3253.8,296,6,3253.7,213,5,3253.6,178,6,3253.5,49,2,3254.7,38,3,3254.8,10,1,3254.9,66,2,3255.0,266,10,3255.2,11,1
11536,2025-12-30 11:00:22+05:30,3253.8,1,3248.86,326897,111465.0,111176.0,3250.0,3257.0,3239.8,3251.5,41987225,3576.6,2926.4,4322.95,2866.6,3253.9,11,1,3253.8,296,6,3253.7,235,6,3253.6,159,6,3253.5,49,2,3254.7,38,3,3254.9,66,2,3255.0,266,10,3255.2,11,1,3255.3,23,2
11536,2025-12-30 11:00:22+05:30,3253.9,1,3248.86,326897,111465.0,111176.0,3250.0,3257.0,3239.8,3251.5,41987225,3576.6,2926.4,4322.95,2866.6,3253.9,11,1,3253.8,296,6,3253.7,235,6,3253.6,159,6,3253.5,49,2,3254.7,38,3,3254.9,66,2,3255.0,266,10,3255.2,11,1,3255.3,23,2
11536,2025-12-30 11:00:23+05:30,3253.9,3,3248.86,326902,111222.0,111309.0,3250.0,3257.0,3239.8,3251.5,41987225,3576.6,2926.4,4322.95,2866.6,3253.9,7,1,3253.8,254,4,3253.7,175,3,3253.6,143,5,3253.5,26,1,3254.7,48,4,3254.8,30,2,3254.9,88,3,3255.0,266,10,3255.1,11,1
11536,2025-12-30 11:00:23+05:30,3253.9,3,3248.86,326902,111222.0,111309.0,3250.0,3257.0,3239.8,3251.5,41987225,3576.6,2926.4,4322.95,2866.6,3253.9,7,1,3253.8,254,4,3253.7,175,3,3253.6,143,5,3253.5,26,1,3254.7,48,4,3254.8,30,2,3254.9,88,3,3255.0,266,10,3255.1,11,1
11536,2025-12-30 11:00:24+05:30,3254.7,5,3248.86,326907,111417.0,111305.0,3250.0,3257.0,3239.8,3251.5,41987225,3576.6,2926.4,4322.95,2866.6,3253.9,202,2,3253.8,254,4,3253.7,175,3,3253.6,115,4,3253.5,26,1,3254.7,44,5,3254.8,30,2,3254.9,88,3,3255.0,266,10,3255.1,11,1
11536,2025-12-30 11:00:24+05:30,3254.7,5,3248.86,326907,111417.0,111305.0,3250.0,3257.0,3239.8,3251.5,41987225,3576.6,2926.4,4322.95,2866.6,3253.9,202,2,3253.8,254,4,3253.7,175,3,3253.6,115,4,3253.5,26,1,3254.7,44,5,3254.8,30,2,3254.9,88,3,3255.0,266,10,3255.1,11,1
11536,2025-12-30 11:00:25+05:30,3253.9,1,3248.86,326909,111167.0,111147.0,3250.0,3257.0,3239.8,3251.5,41987225,3576.6,2926.4,4322.95,2866.6,3253.9,201,2,3253.8,254,4,3253.7,192,4,3253.6,115,4,3253.5,26,1,3254.7,42,3,3254.8,30,2,3254.9,27,2,3255.0,266,10,3255.1,11,1
11536,2025-12-30 11:00:25+05:30,3253.9,1,3248.86,326909,111167.0,111147.0,3250.0,3257.0,3239.8,3251.5,41987225,3576.6,2926.4,4322.95,2866.6,3253.9,201,2,3253.8,254,4,3253.7,192,4,3253.6,115,4,3253.5,26,1,3254.7,42,3,3254.8,30,2,3254.9,27,2,3255.0,266,10,3255.1,11,1
11536,2025-12-30 11:00:26+05:30,3253.9,2,3248.86,326911,110932.0,111477.0,3250.0,3257.0,3239.8,3251.5,41987225,3576.6,2926.4,4322.95,2866.6,3253.9,193,1,3253.8,254,4,3253.7,175,3,3253.6,94,3,3253.4,52,3,3254.4,225,1,3254.7,46,3,3254.8,30,2,3254.9,27,2,3255.0,266,10
11536,2025-12-30 11:00:26+05:30,3253.9,1,3248.86,326911,110932.0,111477.0,3250.0,3257.0,3239.8,3251.5,41987225,3576.6,2926.4,4322.95,2866.6,3253.9,193,1,3253.8,254,4,3253.7,175,3,3253.6,94,3,3253.4,52,3,3254.4,225,1,3254.7,46,3,3254.8,30,2,3254.9,27,2,3255.0,266,10
11536,2025-12-30 11:00:27+05:30,3254.4,1,3248.86,326913,111338.0,111300.0,3250.0,3257.0,3239.8,3251.5,41987225,3576.6,2926.4,4322.95,2866.6,3253.9,242,2,3253.8,254,4,3253.7,175,3,3253.6,94,3,3253.4,91,5,3254.4,237,4,3254.7,55,3,3254.8,22,1,3254.9,5,1,3255.0,266,10
11536,2025-12-30 11:00:27+05:30,3254.4,1,3248.86,326913,111338.0,111300.0,3250.0,3257.0,3239.8,3251.5,41987225,3576.6,2926.4,4322.95,2866.6,3253.9,242,2,3253.8,254,4,3253.7,175,3,3253.6,94,3,3253.4,91,5,3254.4,237,4,3254.7,55,3,3254.8,22,1,3254.9,5,1,3255.0,266,10
11536,2025-12-30 11:00:28+05:30,3253.9,3,3248.86,326919,111535.0,111299.0,3250.0,3257.0,3239.8,3251.5,41987225,3576.6,2926.4,4322.95,2866.6,3253.9,237,2,3253.8,254,4,3253.7,175,3,3253.6,111,4,3253.4,91,5,3254.4,236,4,3254.7,55,3,3254.8,22,1,3254.9,5,1,3255.0,266,10
11536,2025-12-30 11:00:28+05:30,3254.4,2,3248.86,326919,111535.0,111299.0,3250.0,3257.0,3239.8,3251.5,41987225,3576.6,2926.4,4322.95,2866.6,3253.9,237,2,3253.8,254,4,3253.7,175,3,3253.6,111,4,3253.4,91,5,3254.4,236,4,3254.7,55,3,3254.8,22,1,3254.9,5,1,3255.0,266,10
11536,2025-12-30 11:00:29+05:30,3253.9,2,3248.86,326924,111510.0,111297.0,3250.0,3257.0,3239.8,3251.5,41987225,3576.6,2926.4,4322.95,2866.6,3253.9,234,2,3253.8,254,4,3253.7,175,3,3253.6,111,4,3253.4,69,4,3254.4,234,4,3254.7,55,3,3254.8,22,1,3254.9,5,1,3255.0,266,10
11536,2025-12-30 11:00:29+05:30,3253.9,13,3248.86,326924,111510.0,111297.0,3250.0,3257.0,3239.8,3251.5,41987225,3576.6,2926.4,4322.95,2866.6,3253.9,234,2,3253.8,254,4,3253.7,175,3,3253.6,111,4,3253.4,69,4,3254.4,234,4,3254.7,55,3,3254.8,22,1,3254.9,5,1,3255.0,266,10
11536,2025-12-30 11:00:30+05:30,3253.9,13,3248.86,326937,111503.0,111298.0,3250.0,3257.0,3239.8,3251.5,41987225,3576.6,2926.4,4322.95,2866.6,3253.9,221,2,3253.8,254,4,3253.7,175,3,3253.6,94,3,3253.4,69,4,3254.4,235,5,3254.7,55,3,3254.8,22,1,3254.9,5,1,3255.0,266,10
11536,2025-12-30 11:00:30+05:30,3253.9,1,3248.86,326937,111503.0,111298.0,3250.0,3257.0,3239.8,3251.5,41987225,3576.6,2926.4,4322.95,2866.6,3253.9,221,2,3253.8,254,4,3253.7,175,3,3253.6,94,3,3253.4,69,4,3254.4,235,5,3254.7,55,3,3254.8,22,1,3254.9,5,1,3255.0,266,10
11536,2025-12-30 11:00:31+05:30,3254.4,2,3248.86,326942,111321.0,111295.0,3250.0,3257.0,3239.8,3251.5,41987225,3576.6,2926.4,4322.95,2866.6,3253.9,218,2,3253.8,254,4,3253.7,175,3,3253.6,94,3,3253.4,52,3,3254.4,237,5,3254.5,20,1,3254.6,22,1,3254.7,30,1,3254.9,5,1
11536,2025-12-30 11:00:31+05:30,3254.4,2,3248.86,326942,111321.0,111295.0,3250.0,3257.0,3239.8,3251.5,41987225,3576.6,2926.4,4322.95,2866.6,3253.9,218,2,3253.8,254,4,3253.7,175,3,3253.6,94,3,3253.4,52,3,3254.4,237,5,3254.5,20,1,3254.6,22,1,3254.7,30,1,3254.9,5,1
11536,2025-12-30 11:00:32+05:30,3254.0,3,3248.86,326946,111560.0,111227.0,3250.0,3257.0,3239.8,3251.5,41987225,3576.6,2926.4,4322.95,2866.6,3253.9,218,2,3253.8,254,4,3253.7,175,3,3253.6,94,3,3253.4,52,3,3254.4,238,6,3254.5,20,1,3254.6,22,1,3254.7,30,1,3254.9,5,1
11536,2025-12-30 11:00:32+05:30,3254.4,5,3248.86,326946,111560.0,111227.0,3250.0,3257.0,3239.8,3251.5,41987225,3576.6,2926.4,4322.95,2866.6,3253.9,218,2,3253.8,254,4,3253.7,175,3,3253.6,94,3,3253.4,52,3,3254.4,238,6,3254.5,20,1,3254.6,22,1,3254.7,30,1,3254.9,5,1
11536,2025-12-30 11:00:33+05:30,3254.4,5,3248.86,326952,111545.0,111305.0,3250.0,3257.0,3239.8,3251.5,41987225,3576.6,2926.4,4322.95,2866.6,3253.9,231,3,3253.8,257,5,3253.7,175,3,3253.6,94,3,3253.4,52,3,3254.4,302,8,3254.6,42,2,3254.7,1,1,3254.9,5,1,3255.0,266,10
11536,2025-12-30 11:00:33+05:30,3253.9,1,3248.86,326952,111545.0,111305.0,3250.0,3257.0,3239.8,3251.5,41987225,3576.6,2926.4,4322.95,2866.6,3253.9,231,3,3253.8,257,5,3253.7,175,3,3253.6,94,3,3253.4,52,3,3254.4,302,8,3254.6,42,2,3254.7,1,1,3254.9,5,1,3255.0,266,10
11536,2025-12-30 11:00:34+05:30,3253.9,1,3248.86,326955,109952.0,111209.0,3250.0,3257.0,3239.8,3251.5,41987225,3576.6,2926.4,4322.95,2866.6,3253.9,229,3,3253.8,257,5,3253.7,175,3,3253.6,94,3,3253.4,52,3,3254.4,299,6,3254.5,31,2,3254.6,22,1,3254.7,1,1,3254.8,22,2
11536,2025-12-30 11:00:34+05:30,3253.9,1,3248.86,326955,109952.0,111209.0,3250.0,3257.0,3239.8,3251.5,41987225,3576.6,2926.4,4322.95,2866.6,3253.9,229,3,3253.8,257,5,3253.7,175,3,3253.6,94,3,3253.4,52,3,3254.4,299,6,3254.5,31,2,3254.6,22,1,3254.7,1,1,3254.8,22,2
11536,2025-12-30 11:00:35+05:30,3254.4,1,3248.86,326958,111158.0,111118.0,3250.0,3257.0,3239.8,3251.5,41987225,3576.6,2926.4,4322.95,2866.6,3253.9,227,3,3253.8,257,5,3253.7,175,3,3253.6,91,2,3253.4,52,3,3254.4,298,6,3254.5,20,1,3254.6,22,1,3254.7,1,1,3254.8,22,2
11536,2025-12-30 11:00:35+05:30,3254.4,1,3248.86,326958,111158.0,111118.0,3250.0,3257.0,3239.8,3251.5,41987225,3576.6,2926.4,4322.95,2866.6,3253.9,227,3,3253.8,257,5,3253.7,175,3,3253.6,91,2,3253.4,52,3,3254.4,298,6,3254.5,20,1,3254.6,22,1,3254.7,1,1,3254.8,22,2
11536,2025-12-30 11:00:36+05:30,3253.9,1,3248.86,326959,111157.0,111271.0,3250.0,3257.0,3239.8,3251.5,41987225,3576.6,2926.4,4322.95,2866.6,3253.9,226,3,3253.8,257,5,3253.7,175,3,3253.6,91,2,3253.4,52,3,3254.4,299,7,3254.5,20,1,3254.6,32,2,3254.7,1,1,3254.8,33,3
11536,2025-12-30 11:00:36+05:30,3253.9,1,3248.86,326959,111157.0,111271.0,3250.0,3257.0,3239.8,3251.5,41987225,3576.6,2926.4,4322.95,2866.6,3253.9,226,3,3253.8,257,5,3253.7,175,3,3253.6,91,2,3253.4,52,3,3254.4,299,7,3254.5,20,1,3254.6,32,2,3254.7,1,1,3254.8,33,3
11536,2025-12-30 11:00:37+05:30,3254.4,5,3248.86,326965,109942.0,111292.0,3250.0,3257.0,3239.8,3251.5,41987225,3576.6,2926.4,4322.95,2866.6,3253.9,225,3,3253.8,257,5,3253.7,175,3,3253.6,91,2,3253.4,52,3,3254.4,294,7,3254.5,20,1,3254.6,22,1,3254.7,12,2,3254.8,14,1
11536,2025-12-30 11:00:37+05:30,3253.9,1,3248.86,326965,109942.0,111292.0,3250.0,3257.0,3239.8,3251.5,41987225,3576.6,2926.4,4322.95,2866.6,3253.9,225,3,3253.8,257,5,3253.7,175,3,3253.6,91,2,3253.4,52,3,3254.4,294,7,3254.5,20,1,3254.6,22,1,3254.7,12,2,3254.8,14,1
11536,2025-12-30 11:00:38+05:30,3254.4,2,3248.86,326971,111101.0,111229.0,3250.0,3257.0,3239.8,3251.5,41987225,3576.6,2926.4,4322.95,2866.6,3254.0,2,1,3253.9,224,3,3253.8,257,5,3253.7,175,3,3253.6,91,2,3254.4,292,7,3254.5,20,1,3254.6,22,1,3254.7,12,2,3254.8,14,1
11536,2025-12-30 11:00:38+05:30,3254.4,2,3248.86,326971,111101.0,111229.0,3250.0,3257.0,3239.8,3251.5,41987225,3576.6,2926.4,4322.95,2866.6,3254.0,2,1,3253.9,224,3,3253.8,257,5,3253.7,175,3,3253.6,91,2,3254.4,292,7,3254.5,20,1,3254.6,22,1,3254.7,12,2,3254.8,14,1
11536,2025-12-30 11:00:39+05:30,3254.4,1,3248.86,326972,111059.0,111733.0,3250.0,3257.0,3239.8,3251.5,41987225,3576.6,2926.4,4322.95,2866.6,3254.0,2,1,3253.9,224,3,3253.8,257,5,3253.7,175,3,3253.6,91,2,3254.4,332,11,3254.5,22,1,3254.6,26,3,3254.7,1,1,3254.8,25,2
11536,2025-12-30 11:00:39+05:30,3254.0,2,3248.86,326972,111059.0,111733.0,3250.0,3257.0,3239.8,3251.5,41987225,3576.6,2926.4,4322.95,2866.6,3254.0,2,1,3253.9,224,3,3253.8,257,5,3253.7,175,3,3253.6,91,2,3254.4,332,11,3254.5,22,1,3254.6,26,3,3254.7,1,1,3254.8,25,2
11536,2025-12-30 11:00:40+05:30,3254.4,11,3248.86,327006,111274.0,111699.0,3250.0,3257.0,3239.8,3251.5,41987225,3576.6,2926.4,4322.95,2866.6,3254.0,8,1,3253.9,221,3,3253.8,249,4,3253.7,175,3,3253.6,91,2,3254.4,282,8,3254.5,22,1,3254.6,26,3,3254.7,1,1,3254.8,25,2
11536,2025-12-30 11:00:40+05:30,3254.4,1,3248.86,327006,111274.0,111699.0,3250.0,3257.0,3239.8,3251.5,41987225,3576.6,2926.4,4322.95,2866.6,3254.0,8,1,3253.9,221,3,3253.8,249,4,3253.7,175,3,3253.6,91,2,3254.4,282,8,3254.5,22,1,3254.6,26,3,3254.7,1,1,3254.8,25,2
11536,2025-12-30 11:00:41+05:30,3254.4,1,3248.87,327330,111270.0,111373.0,3250.0,3257.0,3239.8,3251.5,41987225,3576.6,2926.4,4322.95,2866.6,3253.9,221,3,3253.8,261,5,3253.7,175,3,3253.6,119,3,3253.4,52,3,3254.4,16,4,3254.5,22,1,3254.7,22,2,3254.8,25,2,3254.9,29,2
11536,2025-12-30 11:00:41+05:30,3253.9,1,3248.87,327330,111270.0,111373.0,3250.0,3257.0,3239.8,3251.5,41987225,3576.6,2926.4,4322.95,2866.6,3253.9,221,3,3253.8,261,5,3253.7,175,3,3253.6,119,3,3253.4,52,3,3254.4,16,4,3254.5,22,1,3254.7,22,2,3254.8,25,2,3254.9,29,2
11536,2025-12-30 11:00:42+05:30,3253.9,33,3248.87,327364,111248.0,111367.0,3250.0,3257.0,3239.8,3251.5,41987225,3576.6,2926.4,4322.95,2866.6,3253.9,187,3,3253.8,261,5,3253.7,175,3,3253.6,91,2,3253.4,52,3,3254.4,10,3,3254.5,22,1,3254.7,22,2,3254.8,25,2,3254.9,29,2
11536,2025-12-30 11:00:42+05:30,3253.9,33,3248.87,327364,111248.0,111367.0,3250.0,3257.0,3239.8,3251.5,41987225,3576.6,2926.4,4322.95,2866.6,3253.9,187,3,3253.8,261,5,3253.7,175,3,3253.6,91,2,3253.4,52,3,3254.4,10,3,3254.5,22,1,3254.7,22,2,3254.8,25,2,3254.9,29,2
11536,2025-12-30 11:00:43+05:30,3253.9,1,3248.87,327404,111205.0,111369.0,3250.0,3257.0,3239.8,3251.5,41987225,3576.6,2926.4,4322.95,2866.6,3253.9,151,3,3253.8,261,5,3253.7,175,3,3253.6,91,2,3253.4,52,3,3254.4,20,7,3254.5,22,1,3254.6,7,1,3254.7,22,2,3254.8,25,2
11536,2025-12-30 11:00:43+05:30,3253.9,1,3248.87,327404,111205.0,111369.0,3250.0,3257.0,3239.8,3251.5,41987225,3576.6,2926.4,4322.95,2866.6,3253.9,151,3,3253.8,261,5,3253.7,175,3,3253.6,91,2,3253.4,52,3,3254.4,20,7,3254.5,22,1,3254.6,7,1,3254.7,22,2,3254.8,25,2
11536,2025-12-30 11:00:44+05:30,3253.9,1,3248.87,327405,110014.0,111372.0,3250.0,3257.0,3239.8,3251.5,41987225,3576.6,2926.4,4322.95,2866.6,3253.9,150,3,3253.8,261,5,3253.7,175,3,3253.6,119,3,3253.4,49,2,3254.4,20,7,3254.5,22,1,3254.7,22,2,3254.8,33,3,3254.9,29,2
11536,2025-12-30 11:00:44+05:30,3253.9,10,3248.87,327405,110014.0,111372.0,3250.0,3257.0,3239.8,3251.5,41987225,3576.6,2926.4,4322.95,2866.6,3253.9,150,3,3253.8,261,5,3253.7,175,3,3253.6,119,3,3253.4,49,2,3254.4,20,7,3254.5,22,1,3254.7,22,2,3254.8,33,3,3254.9,29,2
11536,2025-12-30 11:00:45+05:30,3254.9,57,3248.88,327634,111060.0,110624.0,3250.0,3257.0,3239.8,3251.5,41987225,3576.6,2926.4,4322.95,2866.6,3253.9,129,3,3253.8,261,5,3253.7,175,3,3253.6,107,3,3253.4,70,3,3254.8,23,1,3254.9,109,6,3255.0,278,11,3255.1,2,1,3255.2,53,3
11536,2025-12-30 11:00:45+05:30,3254.9,57,3248.88,327634,111060.0,110624.0,3250.0,3257.0,3239.8,3251.5,41987225,3576.6,2926.4,4322.95,2866.6,3253.9,129,3,3253.8,261,5,3253.7,175,3,3253.6,107,3,3253.4,70,3,3254.8,23,1,3254.9,109,6,3255.0,278,11,3255.1,2,1,3255.2,53,3
11536,2025-12-30 11:00:46+05:30,3254.8,1,3248.88,327635,111169.0,110749.0,3250.0,3257.0,3239.8,3251.5,41987225,3576.6,2926.4,4322.95,2866.6,3253.9,129,3,3253.8,261,5,3253.7,175,3,3253.6,107,3,3253.4,70,3,3254.8,70,5,3254.9,84,4,3255.0,277,11,3255.1,2,1,3255.2,53,3
11536,2025-12-30 11:00:46+05:30,3254.8,1,3248.88,327635,111169.0,110749.0,3250.0,3257.0,3239.8,3251.5,41987225,3576.6,2926.4,4322.95,2866.6,3253.9,129,3,3253.8,261,5,3253.7,175,3,3253.6,107,3,3253.4,70,3,3254.8,70,5,3254.9,84,4,3255.0,277,11,3255.1,2,1,3255.2,53,3
11536,2025-12-30 11:00:47+05:30,3254.8,1,3248.88,327635,110915.0,110753.0,3250.0,3257.0,3239.8,3251.5,41987225,3576.6,2926.4,4322.95,2866.6,3253.9,131,4,3253.8,261,5,3253.7,175,3,3253.6,148,5,3253.4,226,4,3254.8,74,5,3254.9,72,3,3255.0,288,12,3255.1,2,1,3255.2,53,3
11536,2025-12-30 11:00:47+05:30,3253.9,1,3248.88,327635,110915.0,110753.0,3250.0,3257.0,3239.8,3251.5,41987225,3576.6,2926.4,4322.95,2866.6,3253.9,131,4,3253.8,261,5,3253.7,175,3,3253.6,148,5,3253.4,226,4,3254.8,74,5,3254.9,72,3,3255.0,288,12,3255.1,2,1,3255.2,53,3
11536,2025-12-30 11:00:48+05:30,3253.9,2,3248.88,327740,111591.0,110924.0,3250.0,3257.0,3239.8,3251.5,41987225,3576.6,2926.4,4322.95,2866.6,3253.9,98,4,3253.8,261,5,3253.7,175,3,3253.6,120,4,3253.4,226,4,3254.8,71,6,3254.9,62,2,3255.0,288,12,3255.1,2,1,3255.2,53,3
11536,2025-12-30 11:00:48+05:30,3253.9,2,3248.88,327740,111591.0,110924.0,3250.0,3257.0,3239.8,3251.5,41987225,3576.6,2926.4,4322.95,2866.6,3253.9,98,4,3253.8,261,5,3253.7,175,3,3253.6,120,4,3253.4,226,4,3254.8,71,6,3254.9,62,2,3255.0,288,12,3255.1,2,1,3255.2,53,3
11536,2025-12-30 11:00:49+05:30,3254.8,1,3248.88,327746,111069.0,110482.0,3250.0,3257.0,3239.8,3251.5,41987225,3576.6,2926.4,4322.95,2866.6,3253.9,93,4,3253.8,261,5,3253.7,175,3,3253.6,138,5,3253.4,226,4,3254.8,60,7,3254.9,31,1,3255.0,288,12,3255.1,2,1,3255.2,53,3
11536,2025-12-30 11:00:49+05:30,3254.8,1,3248.88,327746,111069.0,110482.0,3250.0,3257.0,3239.8,3251.5,41987225,3576.6,2926.4,4322.95,2866.6,3253.9,93,4,3253.8,261,5,3253.7,175,3,3253.6,138,5,3253.4,226,4,3254.8,60,7,3254.9,31,1,3255.0,288,12,3255.1,2,1,3255.2,53,3
11536,2025-12-30 11:00:50+05:30,3255.0,40,3248.88,328022,111768.0,110799.0,3250.0,3257.0,3239.8,3251.5,41987225,3576.6,2926.4,4322.95,2866.6,3253.9,112,5,3253.8,308,8,3253.7,190,4,3253.6,210,8,3253.5,28,2,3254.4,1,1,3254.8,30,1,3255.0,181,6,3255.1,35,2,3255.2,42,2
11536,2025-12-30 11:00:50+05:30,3255.0,40,3248.88,328022,111768.0,110799.0,3250.0,3257.0,3239.8,3251.5,41987225,3576.6,2926.4,4322.95,2866.6,3253.9,112,5,3253.8,308,8,3253.7,190,4,3253.6,210,8,3253.5,28,2,3254.4,1,1,3254.8,30,1,3255.0,181,6,3255.1,35,2,3255.2,42,2
11536,2025-12-30 11:00:51+05:30,3255.0,1,3248.89,328272,111568.0,109743.0,3250.0,3257.0,3239.8,3251.5,41987225,3576.6,2926.4,4322.95,2866.6,3253.9,117,5,3253.8,336,9,3253.7,175,3,3253.6,132,4,3253.5,48,4,3255.0,150,1,3255.1,37,2,3255.2,42,2,3255.4,53,6,3255.5,1,1
11536,2025-12-30 11:00:51+05:30,3255.0,1,3248.89,328272,111568.0,109743.0,3250.0,3257.0,3239.8,3251.5,41987225,3576.6,2926.4,4322.95,2866.6,3253.9,117,5,3253.8,336,9,3253.7,175,3,3253.6,132,4,3253.5,48,4,3255.0,150,1,3255.1,37,2,3255.2,42,2,3255.4,53,6,3255.5,1,1
11536,2025-12-30 11:00:52+05:30,3255.0,15,3248.89,328287,111865.0,109805.0,3250.0,3257.0,3239.8,3251.5,41987225,3576.6,2926.4,4322.95,2866.6,3253.9,87,3,3253.8,336,9,3253.7,175,3,3253.6,132,4,3253.5,48,4,3255.0,205,5,3255.1,10,1,3255.2,25,2,3255.4,53,6,3255.5,44,2
11536,2025-12-30 11:00:52+05:30,3255.0,15,3248.89,328287,111865.0,109805.0,3250.0,3257.0,3239.8,3251.5,41987225,3576.6,2926.4,4322.95,2866.6,3253.9,87,3,3253.8,336,9,3253.7,175,3,3253.6,132,4,3253.5,48,4,3255.0,205,5,3255.1,10,1,3255.2,25,2,3255.4,53,6,3255.5,44,2
11536,2025-12-30 11:00:53+05:30,3254.4,1,3248.89,328290,112192.0,109402.0,3250.0,3257.0,3239.8,3251.5,41987225,3576.6,2926.4,4322.95,2866.6,3254.4,4,1,3253.9,87,3,3253.8,311,8,3253.7,175,3,3253.6,310,6,3255.0,204,6,3255.1,10,1,3255.2,40,3,3255.3,21,1,3255.4,30,4
11536,2025-12-30 11:00:53+05:30,3254.4,71,3248.89,328290,112192.0,109402.0,3250.0,3257.0,3239.8,3251.5,41987225,3576.6,2926.4,4322.95,2866.6,3254.4,4,1,3253.9,87,3,3253.8,311,8,3253.7,175,3,3253.6,310,6,3255.0,204,6,3255.1,10,1,3255.2,40,3,3255.3,21,1,3255.4,30,4
11536,2025-12-30 11:00:54+05:30,3254.4,71,3248.89,328365,111636.0,108792.0,3250.0,3257.0,3239.8,3251.5,41987225,3576.6,2926.4,4322.95,2866.6,3253.9,121,6,3253.8,336,9,3253.7,190,4,3253.6,192,8,3253.5,102,5,3254.9,28,2,3255.0,135,3,3255.3,11,1,3255.4,27,3,3255.5,1,1
11536,2025-12-30 11:00:54+05:30,3253.9,3,3248.89,328365,111636.0,108792.0,3250.0,3257.0,3239.8,3251.5,41987225,3576.6,2926.4,4322.95,2866.6,3253.9,121,6,3253.8,336,9,3253.7,190,4,3253.6,192,8,3253.5,102,5,3254.9,28,2,3255.0,135,3,3255.3,11,1,3255.4,27,3,3255.5,1,1
11536,2025-12-30 11:00:55+05:30,3254.9,1,3248.89,328370,111269.0,109952.0,3250.0,3257.0,3239.8,3251.5,41987225,3576.6,2926.4,4322.95,2866.6,3253.9,85,3,3253.8,311,8,3253.7,190,4,3253.6,135,5,3253.5,56,4,3254.9,23,3,3255.0,144,3,3255.1,25,1,3255.3,11,1,3255.4,27,3
11536,2025-12-30 11:00:55+05:30,3253.9,1,3248.89,328370,111269.0,109952.0,3250.0,3257.0,3239.8,3251.5,41987225,3576.6,2926.4,4322.95,2866.6,3253.9,85,3,3253.8,311,8,3253.7,190,4,3253.6,135,5,3253.5,56,4,3254.9,23,3,3255.0,144,3,3255.1,25,1,3255.3,11,1,3255.4,27,3
11536,2025-12-30 11:00:56+05:30,3254.8,1,3248.89,328393,111708.0,110489.0,3250.0,3257.0,3239.8,3251.5,41987225,3576.6,2926.4,4322.95,2866.6,3254.0,9,1,3253.9,63,3,3253.8,280,6,3253.7,175,3,3253.6,135,5,3254.8,25,1,3254.9,60,5,3255.0,293,4,3255.2,22,2,3255.4,38,4
11536,2025-12-30 11:00:56+05:30,3254.8,1,3248.89,328393,111708.0,110489.0,3250.0,3257.0,3239.8,3251.5,41987225,3576.6,2926.4,4322.95,2866.6,3254.0,9,1,3253.9,63,3,3253.8,280,6,3253.7,175,3,3253.6,135,5,3254.8,25,1,3254.9,60,5,3255.0,293,4,3255.2,22,2,3255.4,38,4
11536,2025-12-30 11:00:57+05:30,3254.8,3,3248.89,328398,111706.0,110606.0,3250.0,3257.0,3239.8,3251.5,41987225,3576.6,2926.4,4322.95,2866.6,3254.0,7,1,3253.9,63,3,3253.8,252,5,3253.7,175,3,3253.6,107,4,3254.8,24,3,3254.9,59,4,3255.0,293,4,3255.2,22,2,3255.4,38,4
11536,2025-12-30 11:00:57+05:30,3254.8,3,3248.89,328398,111706.0,110606.0,3250.0,3257.0,3239.8,3251.5,41987225,3576.6,2926.4,4322.95,2866.6,3254.0,7,1,3253.9,63,3,3253.8,252,5,3253.7,175,3,3253.6,107,4,3254.8,24,3,3254.9,59,4,3255.0,293,4,3255.2,22,2,3255.4,38,4
11536,2025-12-30 11:00:58+05:30,3254.0,2,3248.89,328398,111706.0,110606.0,3250.0,3257.0,3239.8,3251.5,41987225,3576.6,2926.4,4322.95,2866.6,3254.0,7,1,3253.9,63,3,3253.8,252,5,3253.7,175,3,3253.6,107,4,3254.8,24,3,3254.9,59,4,3255.0,293,4,3255.2,22,2,3255.4,38,4
11536,2025-12-30 11:00:58+05:30,3254.0,2,3248.89,328442,111727.0,111631.0,3250.0,3257.0,3239.8,3251.5,41987225,3576.6,2926.4,4322.95,2866.6,3254.0,7,1,3253.9,63,3,3253.8,261,6,3253.7,175,3,3253.6,104,3,3254.7,52,3,3254.8,11,3,3254.9,41,3,3255.0,293,4,3255.2,50,3
11536,2025-12-30 11:00:59+05:30,3254.0,3,3248.89,328442,111727.0,111631.0,3250.0,3257.0,3239.8,3251.5,41987225,3576.6,2926.4,4322.95,2866.6,3254.0,7,1,3253.9,63,3,3253.8,261,6,3253.7,175,3,3253.6,104,3,3254.7,52,3,3254.8,11,3,3254.9,41,3,3255.0,293,4,3255.2,50,3
11536,2025-12-30 11:00:59+05:30,3254.0,3,3248.89,328450,110374.0,111628.0,3250.0,3257.0,3239.8,3251.5,41987225,3576.6,2926.4,4322.95,2866.6,3254.0,3,1,3253.9,117,4,3253.8,261,6,3253.7,175,3,3253.6,104,3,3254.7,49,4,3254.8,21,2,3254.9,23,1,3255.0,293,4,3255.1,10,1
11536,2025-12-30 11:01:00+05:30,3254.0,11,3248.89,328450,110374.0,111628.0,3250.0,3257.0,3239.8,3251.5,41987225,3576.6,2926.4,4322.95,2866.6,3254.0,3,1,3253.9,117,4,3253.8,261,6,3253.7,175,3,3253.6,104,3,3254.7,49,4,3254.8,21,2,3254.9,23,1,3255.0,293,4,3255.1,10,1
11536,2025-12-30 11:01:00+05:30,3254.0,11,3248.89,328465,111931.0,111628.0,3250.0,3257.0,3239.8,3251.5,41987225,3576.6,2926.4,4322.95,2866.6,3254.0,192,2,3253.9,119,5,3253.8,261,6,3253.7,175,3,3253.6,104,3,3254.7,48,5,3254.8,22,3,3254.9,23,1,3255.0,293,4,3255.1,10,1
11536,2025-12-30 11:01:01+05:30,3254.7,1,3248.89,328465,111931.0,111628.0,3250.0,3257.0,3239.8,3251.5,41987225,3576.6,2926.4,4322.95,2866.6,3254.0,192,2,3253.9,119,5,3253.8,261,6,3253.7,175,3,3253.6,104,3,3254.7,48,5,3254.8,22,3,3254.9,23,1,3255.0,293,4,3255.1,10,1
11536,2025-12-30 11:01:01+05:30,3254.0,1,3248.89,328468,111952.0,111496.0,3250.0,3257.0,3239.8,3251.5,41987225,3576.6,2926.4,4322.95,2866.6,3254.0,190,2,3253.9,119,5,3253.8,261,6,3253.7,175,3,3253.6,104,3,3254.7,46,4,3254.8,22,3,3254.9,23,1,3255.0,293,4,3255.1,10,1
11536,2025-12-30 11:01:02+05:30,3254.0,1,3248.89,328468,111952.0,111496.0,3250.0,3257.0,3239.8,3251.5,41987225,3576.6,2926.4,4322.95,2866.6,3254.0,190,2,3253.9,119,5,3253.8,261,6,3253.7,175,3,3253.6,104,3,3254.7,46,4,3254.8,22,3,3254.9,23,1,3255.0,293,4,3255.1,10,1
11536,2025-12-30 11:01:02+05:30,3254.0,1,3248.89,328473,111948.0,111496.0,3250.0,3257.0,3239.8,3251.5,41987225,3576.6,2926.4,4322.95,2866.6,3254.0,195,3,3253.9,119,5,3253.8,252,5,3253.7,175,3,3253.6,104,3,3254.7,46,4,3254.8,22,3,3254.9,23,1,3255.0,293,4,3255.1,10,1
11536,2025-12-30 11:01:03+05:30,3255.0,455,3248.89,328473,111948.0,111496.0,3250.0,3257.0,3239.8,3251.5,41987225,3576.6,2926.4,4322.95,2866.6,3254.0,195,3,3253.9,119,5,3253.8,252,5,3253.7,175,3,3253.6,104,3,3254.7,46,4,3254.8,22,3,3254.9,23,1,3255.0,293,4,3255.1,10,1
11536,2025-12-30 11:01:03+05:30,3255.0,455,3248.91,329481,111985.0,109797.0,3250.0,3257.0,3239.8,3251.5,41987225,3576.6,2926.4,4322.95,2866.6,3254.0,250,6,3253.9,134,6,3253.8,272,6,3253.7,175,3,3253.6,104,3,3255.0,193,3,3255.2,23,2,3255.4,49,5,3255.5,52,2,3255.6,475,8
11536,2025-12-30 11:01:04+05:30,3255.0,455,3248.91,329481,112025.0,108528.0,3250.0,3257.0,3239.8,3251.5,41987225,3576.6,2926.4,4322.95,2866.6,3254.0,274,7,3253.9,134,6,3253.8,272,6,3253.7,200,4,3253.6,104,3,3255.0,195,3,3255.1,25,1,3255.2,49,3,3255.4,49,5,3255.5,52,2
11536,2025-12-30 11:01:05+05:30,3255.0,1,3248.91,329481,112025.0,108528.0,3250.0,3257.0,3239.8,3251.5,41987225,3576.6,2926.4,4322.95,2866.6,3254.0,274,7,3253.9,134,6,3253.8,272,6,3253.7,200,4,3253.6,104,3,3255.0,195,3,3255.1,25,1,3255.2,49,3,3255.4,49,5,3255.5,52,2
11536,2025-12-30 11:01:05+05:30,3254.0,33,3248.91,329785,111886.0,110045.0,3250.0,3257.0,3239.8,3251.5,41987225,3576.6,2926.4,4322.95,2866.6,3254.0,180,3,3253.9,119,5,3253.8,252,5,3253.7,175,3,3253.6,119,4,3254.9,37,2,3255.0,175,4,3255.1,25,1,3255.2,23,2,3255.3,10,1
11536,2025-12-30 11:01:06+05:30,3254.0,33,3248.91,329785,111886.0,110045.0,3250.0,3257.0,3239.8,3251.5,41987225,3576.6,2926.4,4322.95,2866.6,3254.0,180,3,3253.9,119,5,3253.8,252,5,3253.7,175,3,3253.6,119,4,3254.9,37,2,3255.0,175,4,3255.1,25,1,3255.2,23,2,3255.3,10,1
11536,2025-12-30 11:01:06+05:30,3254.0,33,3248.91,329785,111886.0,110054.0,3250.0,3257.0,3239.8,3251.5,41987225,3576.6,2926.4,4322.95,2866.6,3254.0,180,3,3253.9,119,5,3253.8,252,5,3253.7,175,3,3253.6,119,4,3254.9,60,4,3255.0,161,3,3255.1,25,1,3255.2,23,2,3255.3,10,1
11536,2025-12-30 11:01:07+05:30,3254.9,1,3248.91,329785,111886.0,110054.0,3250.0,3257.0,3239.8,3251.5,41987225,3576.6,2926.4,4322.95,2866.6,3254.0,180,3,3253.9,119,5,3253.8,252,5,3253.7,175,3,3253.6,119,4,3254.9,60,4,3255.0,161,3,3255.1,25,1,3255.2,23,2,3255.3,10,1
11536,2025-12-30 11:01:07+05:30,3254.9,1,3248.91,329787,111887.0,110053.0,3250.0,3257.0,3239.8,3251.5,41987225,3576.6,2926.4,4322.95,2866.6,3254.0,179,3,3253.9,119,5,3253.8,252,5,3253.7,175,3,3253.6,119,4,3254.9,60,5,3255.0,160,2,3255.1,25,1,3255.2,23,2,3255.3,10,1
11536,2025-12-30 11:01:08+05:30,3254.0,69,3248.91,329787,111887.0,110053.0,3250.0,3257.0,3239.8,3251.5,41987225,3576.6,2926.4,4322.95,2866.6,3254.0,179,3,3253.9,119,5,3253.8,252,5,3253.7,175,3,3253.6,119,4,3254.9,60,5,3255.0,160,2,3255.1,25,1,3255.2,23,2,3255.3,10,1
11536,2025-12-30 11:01:08+05:30,3254.0,69,3248.92,329946,111645.0,110919.0,3250.0,3257.0,3239.8,3251.5,41987225,3576.6,2926.4,4322.95,2866.6,3254.0,1,1,3253.9,119,5,3253.8,263,6,3253.7,175,3,3253.6,104,3,3254.8,78,5,3254.9,23,3,3255.0,521,4,3255.2,23,2,3255.3,10,1
11536,2025-12-30 11:01:09+05:30,3254.0,69,3248.92,329946,111644.0,110842.0,3250.0,3257.0,3239.8,3251.5,41987225,3576.6,2926.4,4322.95,2866.6,3254.0,11,2,3253.9,119,5,3253.8,252,5,3253.7,175,3,3253.6,104,3,3254.8,92,6,3254.9,9,2,3255.0,521,4,3255.1,15,1,3255.2,23,2
11536,2025-12-30 11:01:10+05:30,3254.0,38,3248.92,329946,111644.0,110842.0,3250.0,3257.0,3239.8,3251.5,41987225,3576.6,2926.4,4322.95,2866.6,3254.0,11,2,3253.9,119,5,3253.8,252,5,3253.7,175,3,3253.6,104,3,3254.8,92,6,3254.9,9,2,3255.0,521,4,3255.1,15,1,3255.2,23,2
11536,2025-12-30 11:01:10+05:30,3254.0,38,3248.92,329995,111657.0,110828.0,3250.0,3257.0,3239.8,3251.5,41987225,3576.6,2926.4,4322.95,2866.6,3254.0,24,2,3253.9,119,5,3253.8,252,5,3253.7,175,3,3253.6,104,3,3254.8,120,7,3254.9,8,1,3255.0,531,5,3255.1,15,1,3255.2,23,2
11536,2025-12-30 11:01:11+05:30,3254.0,38,3248.92,329995,111657.0,110830.0,3250.0,3257.0,3239.8,3251.5,41987225,3576.6,2926.4,4322.95,2866.6,3254.0,24,2,3253.9,119,5,3253.8,252,5,3253.7,175,3,3253.6,104,3,3254.8,122,8,3254.9,8,1,3255.0,531,5,3255.1,15,1,3255.2,23,2
11536,2025-12-30 11:01:12+05:30,3255.0,12,3248.92,329995,111657.0,110830.0,3250.0,3257.0,3239.8,3251.5,41987225,3576.6,2926.4,4322.95,2866.6,3254.0,24,2,3253.9,119,5,3253.8,252,5,3253.7,175,3,3253.6,104,3,3254.8,122,8,3254.9,8,1,3255.0,531,5,3255.1,15,1,3255.2,23,2
11536,2025-12-30 11:01:12+05:30,3255.0,12,3248.92,330151,111687.0,110040.0,3250.0,3257.0,3239.8,3251.5,41987225,3576.6,2926.4,4322.95,2866.6,3254.0,29,3,3253.9,143,6,3253.8,252,5,3253.7,175,3,3253.6,104,3,3255.0,524,6,3255.2,23,2,3255.3,10,1,3255.4,77,6,3255.5,78,2
11536,2025-12-30 11:01:13+05:30,3254.0,1,3248.92,330154,111641.0,111589.0,3250.0,3257.0,3239.8,3251.5,41987225,3576.6,2926.4,4322.95,2866.6,3254.0,23,2,3253.9,143,6,3253.8,252,5,3253.7,175,3,3253.6,104,3,3254.8,13,1,3254.9,158,3,3255.0,512,6,3255.1,25,1,3255.2,47,3
11536,2025-12-30 11:01:13+05:30,3254.0,1,3248.92,330154,111641.0,111589.0,3250.0,3257.0,3239.8,3251.5,41987225,3576.6,2926.4,4322.95,2866.6,3254.0,23,2,3253.9,143,6,3253.8,252,5,3253.7,175,3,3253.6,104,3,3254.8,13,1,3254.9,158,3,3255.0,512,6,3255.1,25,1,3255.2,47,3
11536,2025-12-30 11:01:14+05:30,3254.0,34,3248.92,330201,111079.0,111811.0,3250.0,3257.0,3239.8,3251.5,41987225,3576.6,2926.4,4322.95,2866.6,3254.0,10,1,3253.9,119,5,3253.8,252,5,3253.7,175,3,3253.6,104,3,3254.7,61,4,3254.8,39,1,3254.9,170,3,3255.0,523,6,3255.2,51,3
11536,2025-12-30 11:01:14+05:30,3254.0,34,3248.92,330201,111079.0,111811.0,3250.0,3257.0,3239.8,3251.5,41987225,3576.6,2926.4,4322.95,2866.6,3254.0,10,1,3253.9,119,5,3253.8,252,5,3253.7,175,3,3253.6,104,3,3254.7,61,4,3254.8,39,1,3254.9,170,3,3255.0,523,6,3255.2,51,3
11536,2025-12-30 11:01:15+05:30,3254.0,1,3248.92,330251,111527.0,111801.0,3250.0,3257.0,3239.8,3251.5,41987225,3576.6,2926.4,4322.95,2866.6,3254.0,122,2,3253.9,119,5,3253.8,252,5,3253.7,175,3,3253.6,104,3,3254.7,52,6,3254.8,39,1,3254.9,170,3,3255.0,522,5,3255.2,51,3
11536,2025-12-30 11:01:15+05:30,3254.0,1,3248.92,330251,111527.0,111801.0,3250.0,3257.0,3239.8,3251.5,41987225,3576.6,2926.4,4322.95,2866.6,3254.0,122,2,3253.9,119,5,3253.8,252,5,3253.7,175,3,3253.6,104,3,3254.7,52,6,3254.8,39,1,3254.9,170,3,3255.0,522,5,3255.2,51,3
11536,2025-12-30 11:01:16+05:30,3254.7,1,3248.92,330258,111159.0,111771.0,3250.0,3257.0,3239.8,3251.5,41987225,3576.6,2926.4,4322.95,2866.6,3254.0,116,2,3253.9,119,5,3253.8,252,5,3253.7,175,3,3253.6,104,3,3254.7,52,7,3254.8,39,1,3254.9,170,3,3255.0,522,5,3255.2,67,4
11536,2025-12-30 11:01:16+05:30,3254.0,11,3248.92,330258,111159.0,111771.0,3250.0,3257.0,3239.8,3251.5,41987225,3576.6,2926.4,4322.95,2866.6,3254.0,116,2,3253.9,119,5,3253.8,252,5,3253.7,175,3,3253.6,104,3,3254.7,52,7,3254.8,39,1,3254.9,170,3,3255.0,522,5,3255.2,67,4
11536,2025-12-30 11:01:17+05:30,3254.0,1,3248.92,330288,111141.0,111769.0,3250.0,3257.0,3239.8,3251.5,41987225,3576.6,2926.4,4322.95,2866.6,3254.0,91,3,3253.9,119,5,3253.8,252,5,3253.7,175,3,3253.6,104,3,3254.7,49,6,3254.8,39,1,3254.9,170,3,3255.0,522,5,3255.2,67,4
11536,2025-12-30 11:01:17+05:30,3254.0,1,3248.92,330288,111141.0,111769.0,3250.0,3257.0,3239.8,3251.5,41987225,3576.6,2926.4,4322.95,2866.6,3254.0,91,3,3253.9,119,5,3253.8,252,5,3253.7,175,3,3253.6,104,3,3254.7,49,6,3254.8,39,1,3254.9,170,3,3255.0,522,5,3255.2,67,4
11536,2025-12-30 11:01:18+05:30,3254.0,25,3248.92,330314,111107.0,111800.0,3250.0,3257.0,3239.8,3251.5,41987225,3576.6,2926.4,4322.95,2866.6,3254.0,65,3,3253.9,119,5,3253.8,252,5,3253.7,175,3,3253.6,104,3,3254.7,62,7,3254.8,80,3,3254.9,146,2,3255.0,522,5,3255.2,67,4
11536,2025-12-30 11:01:18+05:30,3254.0,2,3248.92,330314,111107.0,111800.0,3250.0,3257.0,3239.8,3251.5,41987225,3576.6,2926.4,4322.95,2866.6,3254.0,65,3,3253.9,119,5,3253.8,252,5,3253.7,175,3,3253.6,104,3,3254.7,62,7,3254.8,80,3,3254.9,146,2,3255.0,522,5,3255.2,67,4
11536,2025-12-30 11:01:19+05:30,3254.0,4,3248.92,330321,110226.0,111673.0,3250.0,3257.0,3239.8,3251.5,41987225,3576.6,2926.4,4322.95,2866.6,3254.0,59,3,3253.9,119,5,3253.8,252,5,3253.7,175,3,3253.6,104,3,3254.7,61,7,3254.8,80,3,3254.9,9,1,3255.0,522,5,3255.2,67,4
11536,2025-12-30 11:01:19+05:30,3254.0,5,3248.92,330321,110226.0,111673.0,3250.0,3257.0,3239.8,3251.5,41987225,3576.6,2926.4,4322.95,2866.6,3254.0,59,3,3253.9,119,5,3253.8,252,5,3253.7,175,3,3253.6,104,3,3254.7,61,7,3254.8,80,3,3254.9,9,1,3255.0,522,5,3255.2,67,4
11536,2025-12-30 11:01:20+05:30,3254.0,8,3248.92,330334,111072.0,111694.0,3250.0,3257.0,3239.8,3251.5,41987225,3576.6,2926.4,4322.95,2866.6,3254.0,46,3,3253.9,119,5,3253.8,252,5,3253.7,175,3,3253.6,104,3,3254.7,61,7,3254.8,80,3,3254.9,9,1,3255.0,522,5,3255.2,88,5
11536,2025-12-30 11:01:20+05:30,3254.0,8,3248.92,330334,111072.0,111694.0,3250.0,3257.0,3239.8,3251.5,41987225,3576.6,2926.4,4322.95,2866.6,3254.0,46,3,3253.9,119,5,3253.8,252,5,3253.7,175,3,3253.6,104,3,3254.7,61,7,3254.8,80,3,3254.9,9,1,3255.0,522,5,3255.2,88,5
11536,2025-12-30 11:01:21+05:30,3254.0,1,3248.92,330334,111072.0,111694.0,3250.0,3257.0,3239.8,3251.5,41987225,3576.6,2926.4,4322.95,2866.6,3254.0,46,3,3253.9,119,5,3253.8,252,5,3253.7,175,3,3253.6,104,3,3254.7,61,7,3254.8,80,3,3254.9,9,1,3255.0,522,5,3255.2,88,5
11536,2025-12-30 11:01:21+05:30,3254.0,1,3248.92,330338,111262.0,110471.0,3250.0,3257.0,3239.8,3251.5,41987225,3576.6,2926.4,4322.95,2866.6,3254.0,43,3,3253.9,119,5,3253.8,252,5,3253.7,175,3,3253.6,104,3,3254.7,48,5,3254.8,80,3,3254.9,9,1,3255.0,523,6,3255.2,88,5
11536,2025-12-30 11:01:22+05:30,3254.7,1,3248.92,330338,111262.0,110471.0,3250.0,3257.0,3239.8,3251.5,41987225,3576.6,2926.4,4322.95,2866.6,3254.0,43,3,3253.9,119,5,3253.8,252,5,3253.7,175,3,3253.6,104,3,3254.7,48,5,3254.8,80,3,3254.9,9,1,3255.0,523,6,3255.2,88,5
11536,2025-12-30 11:01:22+05:30,3254.7,1,3248.92,330348,111253.0,111751.0,3250.0,3257.0,3239.8,3251.5,41987225,3576.6,2926.4,4322.95,2866.6,3254.0,34,3,3253.9,119,5,3253.8,252,5,3253.7,175,3,3253.6,104,3,3254.7,46,5,3254.8,63,2,3254.9,25,2,3255.0,545,7,3255.1,24,1
11536,2025-12-30 11:01:23+05:30,3254.0,1,3248.92,330349,111252.0,111755.0,3250.0,3257.0,3239.8,3251.5,41987225,3576.6,2926.4,4322.95,2866.6,3254.0,33,3,3253.9,119,5,3253.8,252,5,3253.7,175,3,3253.6,104,3,3254.7,46,5,3254.8,63,2,3254.9,25,2,3255.0,545,7,3255.1,24,1
11536,2025-12-30 11:01:23+05:30,3254.0,1,3248.92,330349,111252.0,111755.0,3250.0,3257.0,3239.8,3251.5,41987225,3576.6,2926.4,4322.95,2866.6,3254.0,33,3,3253.9,119,5,3253.8,252,5,3253.7,175,3,3253.6,104,3,3254.7,46,5,3254.8,63,2,3254.9,25,2,3255.0,545,7,3255.1,24,1
11536,2025-12-30 11:01:24+05:30,3254.0,2,3248.92,330351,111267.0,111754.0,3250.0,3257.0,3239.8,3251.5,41987225,3576.6,2926.4,4322.95,2866.6,3254.0,41,4,3253.9,119,5,3253.8,252,5,3253.7,175,3,3253.6,104,3,3254.7,45,4,3254.8,63,2,3254.9,25,2,3255.0,545,7,3255.1,24,1
11536,2025-12-30 11:01:24+05:30,3254.0,2,3248.92,330351,111267.0,111754.0,3250.0,3257.0,3239.8,3251.5,41987225,3576.6,2926.4,4322.95,2866.6,3254.0,41,4,3253.9,119,5,3253.8,252,5,3253.7,175,3,3253.6,104,3,3254.7,45,4,3254.8,63,2,3254.9,25,2,3255.0,545,7,3255.1,24,1
11536,2025-12-30 11:01:25+05:30,3254.7,1,3248.92,330353,111260.0,111769.0,3250.0,3257.0,3239.8,3251.5,41987225,3576.6,2926.4,4322.95,2866.6,3254.0,40,4,3253.9,119,5,3253.8,252,5,3253.7,175,3,3253.6,104,3,3254.7,60,7,3254.8,63,2,3254.9,25,2,3255.0,545,7,3255.1,24,1
11536,2025-12-30 11:01:25+05:30,3254.7,1,3248.92,330353,111260.0,111769.0,3250.0,3257.0,3239.8,3251.5,41987225,3576.6,2926.4,4322.95,2866.6,3254.0,40,4,3253.9,119,5,3253.8,252,5,3253.7,175,3,3253.6,104,3,3254.7,60,7,3254.8,63,2,3254.9,25,2,3255.0,545,7,3255.1,24,1
11536,2025-12-30 11:01:26+05:30,3254.7,16,3248.92,330369,111260.0,111754.0,3250.0,3257.0,3239.8,3251.5,41987225,3576.6,2926.4,4322.95,2866.6,3254.0,40,4,3253.9,119,5,3253.8,252,5,3253.7,175,3,3253.6,104,3,3254.7,45,8,3254.8,63,2,3254.9,25,2,3255.0,545,7,3255.1,24,1
11536,2025-12-30 11:01:26+05:30,3254.0,1,3248.92,330369,111260.0,111754.0,3250.0,3257.0,3239.8,3251.5,41987225,3576.6,2926.4,4322.95,2866.6,3254.0,40,4,3253.9,119,5,3253.8,252,5,3253.7,175,3,3253.6,104,3,3254.7,45,8,3254.8,63,2,3254.9,25,2,3255.0,545,7,3255.1,24,1
11536,2025-12-30 11:01:27+05:30,3254.0,1,3248.92,330376,111254.0,111726.0,3250.0,3257.0,3239.8,3251.5,41987225,3576.6,2926.4,4322.95,2866.6,3254.0,34,4,3253.9,119,5,3253.8,252,5,3253.7,175,3,3253.6,104,3,3254.7,41,5,3254.8,63,2,3254.9,25,2,3255.0,545,7,3255.1,24,1
11536,2025-12-30 11:01:27+05:30,3254.0,1,3248.92,330376,111254.0,111726.0,3250.0,3257.0,3239.8,3251.5,41987225,3576.6,2926.4,4322.95,2866.6,3254.0,34,4,3253.9,119,5,3253.8,252,5,3253.7,175,3,3253.6,104,3,3254.7,41,5,3254.8,63,2,3254.9,25,2,3255.0,545,7,3255.1,24,1
11536,2025-12-30 11:01:29+05:30,3254.8,20,3248.92,330489,111605.0,111603.0,3250.0,3257.0,3239.8,3251.5,41987225,3576.6,2926.4,4322.95,2866.6,3254.0,21,4,3253.9,119,5,3253.8,252,5,3253.7,175,3,3253.6,104,3,3254.8,33,3,3254.9,25,2,3255.0,545,7,3255.1,24,1,3255.2,60,4
11536,2025-12-30 11:01:29+05:30,3254.8,20,3248.92,330489,111605.0,111603.0,3250.0,3257.0,3239.8,3251.5,41987225,3576.6,2926.4,4322.95,2866.6,3254.0,21,4,3253.9,119,5,3253.8,252,5,3253.7,175,3,3253.6,104,3,3254.8,33,3,3254.9,25,2,3255.0,545,7,3255.1,24,1,3255.2,60,4
11536,2025-12-30 11:01:32+05:30,3254.7,1,3248.92,330489,111605.0,111603.0,3250.0,3257.0,3239.8,3251.5,41987225,3576.6,2926.4,4322.95,2866.6,3254.0,21,4,3253.9,119,5,3253.8,252,5,3253.7,175,3,3253.6,104,3,3254.8,33,3,3254.9,25,2,3255.0,545,7,3255.1,24,1,3255.2,60,4
11536,2025-12-30 11:01:33+05:30,3254.0,5,3248.93,330533,111264.0,112119.0,3250.0,3257.0,3239.8,3251.5,41987225,3576.6,2926.4,4322.95,2866.6,3254.0,124,3,3253.9,119,5,3253.8,252,5,3253.7,175,3,3253.6,132,4,3254.7,65,4,3254.8,32,1,3255.0,523,6,3255.1,11,1,3255.2,200,4
11536,2025-12-30 11:01:35+05:30,3254.6,2,3248.93,330533,111264.0,112119.0,3250.0,3257.0,3239.8,3251.5,41987225,3576.6,2926.4,4322.95,2866.6,3254.0,124,3,3253.9,119,5,3253.8,252,5,3253.7,175,3,3253.6,132,4,3254.7,65,4,3254.8,32,1,3255.0,523,6,3255.1,11,1,3255.2,200,4
11536,2025-12-30 11:01:38+05:30,3254.0,8,3248.93,330554,111248.0,112141.0,3250.0,3257.0,3239.8,3251.5,41987225,3576.6,2926.4,4322.95,2866.6,3254.0,211,6,3253.9,119,5,3253.8,252,5,3253.7,175,3,3253.6,104,3,3254.6,1,1,3254.7,79,4,3254.8,32,1,3254.9,14,1,3255.0,509,5
11536,2025-12-30 11:01:38+05:30,3254.0,8,3248.93,330554,111248.0,112141.0,3250.0,3257.0,3239.8,3251.5,41987225,3576.6,2926.4,4322.95,2866.6,3254.0,211,6,3253.9,119,5,3253.8,252,5,3253.7,175,3,3253.6,104,3,3254.6,1,1,3254.7,79,4,3254.8,32,1,3254.9,14,1,3255.0,509,5
11536,2025-12-30 11:01:41+05:30,3254.6,1,3248.93,330554,111248.0,112141.0,3250.0,3257.0,3239.8,3251.5,41987225,3576.6,2926.4,4322.95,2866.6,3254.0,211,6,3253.9,119,5,3253.8,252,5,3253.7,175,3,3253.6,104,3,3254.6,1,1,3254.7,79,4,3254.8,32,1,3254.9,14,1,3255.0,509,5
11536,2025-12-30 11:01:42+05:30,3254.6,3,3248.93,330564,110358.0,112210.0,3250.0,3257.0,3239.8,3251.5,41987225,3576.6,2926.4,4322.95,2866.6,3254.0,205,6,3253.9,119,5,3253.8,252,5,3253.7,175,3,3253.6,104,3,3254.6,391,4,3254.7,17,2,3254.8,26,2,3254.9,149,2,3255.0,199,6
11536,2025-12-30 11:01:42+05:30,3254.6,3,3248.93,330564,110358.0,112210.0,3250.0,3257.0,3239.8,3251.5,41987225,3576.6,2926.4,4322.95,2866.6,3254.0,205,6,3253.9,119,5,3253.8,252,5,3253.7,175,3,3253.6,104,3,3254.6,391,4,3254.7,17,2,3254.8,26,2,3254.9,149,2,3255.0,199,6
11536,2025-12-30 11:01:43+05:30,3254.6,3,3248.93,330564,110358.0,112210.0,3250.0,3257.0,3239.8,3251.5,41987225,3576.6,2926.4,4322.95,2866.6,3254.0,205,6,3253.9,119,5,3253.8,252,5,3253.7,175,3,3253.6,104,3,3254.6,391,4,3254.7,17,2,3254.8,26,2,3254.9,149,2,3255.0,199,6
11536,2025-12-30 11:01:44+05:30,3254.0,1,3248.93,330564,110358.0,112210.0,3250.0,3257.0,3239.8,3251.5,41987225,3576.6,2926.4,4322.95,2866.6,3254.0,205,6,3253.9,119,5,3253.8,252,5,3253.7,175,3,3253.6,104,3,3254.6,391,4,3254.7,17,2,3254.8,26,2,3254.9,149,2,3255.0,199,6
11536,2025-12-30 11:01:45+05:30,3254.0,1,3248.93,330564,110358.0,112210.0,3250.0,3257.0,3239.8,3251.5,41987225,3576.6,2926.4,4322.95,2866.6,3254.0,205,6,3253.9,119,5,3253.8,252,5,3253.7,175,3,3253.6,104,3,3254.6,391,4,3254.7,17,2,3254.8,26,2,3254.9,149,2,3255.0,199,6
11536,2025-12-30 11:01:47+05:30,3254.0,1,3248.93,330564,110358.0,112210.0,3250.0,3257.0,3239.8,3251.5,41987225,3576.6,2926.4,4322.95,2866.6,3254.0,205,6,3253.9,119,5,3253.8,252,5,3253.7,175,3,3253.6,104,3,3254.6,391,4,3254.7,17,2,3254.8,26,2,3254.9,149,2,3255.0,199,6
11536,2025-12-30 11:01:47+05:30,3254.0,1,3248.93,330572,110677.0,112075.0,3250.0,3257.0,3239.8,3251.5,41987225,3576.6,2926.4,4322.95,2866.6,3254.0,200,6,3253.9,119,5,3253.8,252,5,3253.7,175,3,3253.6,104,3,3254.6,116,7,3254.7,10,1,3254.8,52,3,3254.9,350,1,3255.0,145,3
11536,2025-12-30 11:01:47+05:30,3254.0,1,3248.93,330572,110677.0,112075.0,3250.0,3257.0,3239.8,3251.5,41987225,3576.6,2926.4,4322.95,2866.6,3254.0,200,6,3253.9,119,5,3253.8,252,5,3253.7,175,3,3253.6,104,3,3254.6,116,7,3254.7,10,1,3254.8,52,3,3254.9,350,1,3255.0,145,3
11536,2025-12-30 11:01:47+05:30,3254.0,1,3248.93,330572,110677.0,112075.0,3250.0,3257.0,3239.8,3251.5,41987225,3576.6,2926.4,4322.95,2866.6,3254.0,200,6,3253.9,119,5,3253.8,252,5,3253.7,175,3,3253.6,104,3,3254.6,116,7,3254.7,10,1,3254.8,52,3,3254.9,350,1,3255.0,145,3
11536,2025-12-30 11:01:48+05:30,3254.0,1,3248.93,330572,110677.0,112075.0,3250.0,3257.0,3239.8,3251.5,41987225,3576.6,2926.4,4322.95,2866.6,3254.0,200,6,3253.9,119,5,3253.8,252,5,3253.7,175,3,3253.6,104,3,3254.6,116,7,3254.7,10,1,3254.8,52,3,3254.9,350,1,3255.0,145,3
11536,2025-12-30 11:01:49+05:30,3254.0,1,3248.93,330572,110677.0,112075.0,3250.0,3257.0,3239.8,3251.5,41987225,3576.6,2926.4,4322.95,2866.6,3254.0,200,6,3253.9,119,5,3253.8,252,5,3253.7,175,3,3253.6,104,3,3254.6,116,7,3254.7,10,1,3254.8,52,3,3254.9,350,1,3255.0,145,3
11536,2025-12-30 11:01:50+05:30,3254.0,1,3248.93,330572,110677.0,112075.0,3250.0,3257.0,3239.8,3251.5,41987225,3576.6,2926.4,4322.95,2866.6,3254.0,200,6,3253.9,119,5,3253.8,252,5,3253.7,175,3,3253.6,104,3,3254.6,116,7,3254.7,10,1,3254.8,52,3,3254.9,350,1,3255.0,145,3
11536,2025-12-30 11:01:50+05:30,3254.0,1,3248.93,330572,110677.0,112075.0,3250.0,3257.0,3239.8,3251.5,41987225,3576.6,2926.4,4322.95,2866.6,3254.0,200,6,3253.9,119,5,3253.8,252,5,3253.7,175,3,3253.6,104,3,3254.6,116,7,3254.7,10,1,3254.8,52,3,3254.9,350,1,3255.0,145,3
11536,2025-12-30 11:01:50+05:30,3254.0,1,3248.93,330572,110677.0,112075.0,3250.0,3257.0,3239.8,3251.5,41987225,3576.6,2926.4,4322.95,2866.6,3254.0,200,6,3253.9,119,5,3253.8,252,5,3253.7,175,3,3253.6,104,3,3254.6,116,7,3254.7,10,1,3254.8,52,3,3254.9,350,1,3255.0,145,3
11536,2025-12-30 11:01:51+05:30,3254.0,1,3248.93,330572,110677.0,112075.0,3250.0,3257.0,3239.8,3251.5,41987225,3576.6,2926.4,4322.95,2866.6,3254.0,200,6,3253.9,119,5,3253.8,252,5,3253.7,175,3,3253.6,104,3,3254.6,116,7,3254.7,10,1,3254.8,52,3,3254.9,350,1,3255.0,145,3
11536,2025-12-30 11:01:51+05:30,3254.0,9,3248.93,330629,110689.0,111878.0,3250.0,3257.0,3239.8,3251.5,41987225,3576.6,2926.4,4322.95,2866.6,3254.0,154,7,3253.9,119,5,3253.8,252,5,3253.7,175,3,3253.6,104,3,3254.6,110,7,3254.7,45,3,3254.8,13,1,3254.9,350,1,3255.0,145,3
11536,2025-12-30 11:01:52+05:30,3254.0,9,3248.93,330629,110689.0,111878.0,3250.0,3257.0,3239.8,3251.5,41987225,3576.6,2926.4,4322.95,2866.6,3254.0,154,7,3253.9,119,5,3253.8,252,5,3253.7,175,3,3253.6,104,3,3254.6,110,7,3254.7,45,3,3254.8,13,1,3254.9,350,1,3255.0,145,3
11536,2025-12-30 11:01:53+05:30,3254.0,4,3248.93,330629,110689.0,111878.0,3250.0,3257.0,3239.8,3251.5,41987225,3576.6,2926.4,4322.95,2866.6,3254.0,154,7,3253.9,119,5,3253.8,252,5,3253.7,175,3,3253.6,104,3,3254.6,110,7,3254.7,45,3,3254.8,13,1,3254.9,350,1,3255.0,145,3
11536,2025-12-30 11:01:54+05:30,3254.0,4,3248.93,330629,110689.0,111878.0,3250.0,3257.0,3239.8,3251.5,41987225,3576.6,2926.4,4322.95,2866.6,3254.0,154,7,3253.9,119,5,3253.8,252,5,3253.7,175,3,3253.6,104,3,3254.6,110,7,3254.7,45,3,3254.8,13,1,3254.9,350,1,3255.0,145,3
11536,2025-12-30 11:01:55+05:30,3254.0,4,3248.93,330629,110689.0,111878.0,3250.0,3257.0,3239.8,3251.5,41987225,3576.6,2926.4,4322.95,2866.6,3254.0,154,7,3253.9,119,5,3253.8,252,5,3253.7,175,3,3253.6,104,3,3254.6,110,7,3254.7,45,3,3254.8,13,1,3254.9,350,1,3255.0,145,3
11536,2025-12-30 11:01:55+05:30,3254.0,1,3248.93,330645,110966.0,112074.0,3250.0,3257.0,3239.8,3251.5,41987225,3576.6,2926.4,4322.95,2866.6,3254.0,147,8,3253.9,119,5,3253.8,268,6,3253.7,197,4,3253.6,104,3,3254.6,96,5,3254.7,27,1,3254.9,350,1,3255.0,172,5,3255.1,11,1
11536,2025-12-30 11:01:56+05:30,3254.0,1,3248.93,330645,110966.0,112074.0,3250.0,3257.0,3239.8,3251.5,41987225,3576.6,2926.4,4322.95,2866.6,3254.0,147,8,3253.9,119,5,3253.8,268,6,3253.7,197,4,3253.6,104,3,3254.6,96,5,3254.7,27,1,3254.9,350,1,3255.0,172,5,3255.1,11,1
11536,2025-12-30 11:01:57+05:30,3254.0,1,3248.93,330645,110966.0,112074.0,3250.0,3257.0,3239.8,3251.5,41987225,3576.6,2926.4,4322.95,2866.6,3254.0,147,8,3253.9,119,5,3253.8,268,6,3253.7,197,4,3253.6,104,3,3254.6,96,5,3254.7,27,1,3254.9,350,1,3255.0,172,5,3255.1,11,1
11536,2025-12-30 11:01:58+05:30,3254.0,1,3248.93,330645,110966.0,112074.0,3250.0,3257.0,3239.8,3251.5,41987225,3576.6,2926.4,4322.95,2866.6,3254.0,147,8,3253.9,119,5,3253.8,268,6,3253.7,197,4,3253.6,104,3,3254.6,96,5,3254.7,27,1,3254.9,350,1,3255.0,172,5,3255.1,11,1
11536,2025-12-30 11:01:59+05:30,3254.6,1,3248.93,330645,110966.0,112074.0,3250.0,3257.0,3239.8,3251.5,41987225,3576.6,2926.4,4322.95,2866.6,3254.0,147,8,3253.9,119,5,3253.8,268,6,3253.7,197,4,3253.6,104,3,3254.6,96,5,3254.7,27,1,3254.9,350,1,3255.0,172,5,3255.1,11,1
11536,2025-12-30 11:02:00+05:30,3254.6,1,3248.93,330645,110966.0,112074.0,3250.0,3257.0,3239.8,3251.5,41976375,3576.6,2926.4,4322.95,2866.6,3254.0,147,8,3253.9,119,5,3253.8,268,6,3253.7,197,4,3253.6,104,3,3254.6,96,5,3254.7,27,1,3254.9,350,1,3255.0,172,5,3255.1,11,1
11536,2025-12-30 11:02:00+05:30,3254.0,2,3248.93,330658,110807.0,112041.0,3250.0,3257.0,3239.8,3251.5,41976375,3576.6,2926.4,4322.95,2866.6,3254.0,138,8,3253.9,119,5,3253.8,252,5,3253.7,175,3,3253.6,104,3,3254.6,120,6,3254.7,11,1,3254.8,22,2,3254.9,350,1,3255.0,170,5
11536,2025-12-30 11:02:02+05:30,3254.0,1,3248.93,330658,110807.0,112041.0,3250.0,3257.0,3239.8,3251.5,41976375,3576.6,2926.4,4322.95,2866.6,3254.0,138,8,3253.9,119,5,3253.8,252,5,3253.7,175,3,3253.6,104,3,3254.6,120,6,3254.7,11,1,3254.8,22,2,3254.9,350,1,3255.0,170,5
11536,2025-12-30 11:02:02+05:30,3254.0,1,3248.93,330658,110807.0,112041.0,3250.0,3257.0,3239.8,3251.5,41976375,3576.6,2926.4,4322.95,2866.6,3254.0,138,8,3253.9,119,5,3253.8,252,5,3253.7,175,3,3253.6,104,3,3254.6,120,6,3254.7,11,1,3254.8,22,2,3254.9,350,1,3255.0,170,5
11536,2025-12-30 11:02:05+05:30,3254.0,22,3248.93,330706,110892.0,112579.0,3250.0,3257.0,3239.8,3251.5,41976375,3576.6,2926.4,4322.95,2866.6,3254.0,309,8,3253.9,119,5,3253.8,252,5,3253.7,175,3,3253.6,104,3,3254.5,20,2,3254.6,61,3,3254.7,28,1,3254.8,350,1,3255.0,172,5
11536,2025-12-30 11:02:06+05:30,3254.0,11,3248.93,330706,110892.0,112579.0,3250.0,3257.0,3239.8,3251.5,41976375,3576.6,2926.4,4322.95,2866.6,3254.0,309,8,3253.9,119,5,3253.8,252,5,3253.7,175,3,3253.6,104,3,3254.5,20,2,3254.6,61,3,3254.7,28,1,3254.8,350,1,3255.0,172,5
11536,2025-12-30 11:02:10+05:30,3254.0,6,3248.93,330745,111101.0,112571.0,3250.0,3257.0,3239.8,3251.5,41976375,3576.6,2926.4,4322.95,2866.6,3254.0,282,8,3253.9,119,5,3253.8,252,5,3253.7,175,3,3253.6,104,3,3254.5,24,4,3254.6,61,3,3254.8,350,1,3254.9,28,1,3255.0,157,4
11536,2025-12-30 11:02:10+05:30,3254.0,6,3248.93,330745,111101.0,112571.0,3250.0,3257.0,3239.8,3251.5,41976375,3576.6,2926.4,4322.95,2866.6,3254.0,282,8,3253.9,119,5,3253.8,252,5,3253.7,175,3,3253.6,104,3,3254.5,24,4,3254.6,61,3,3254.8,350,1,3254.9,28,1,3255.0,157,4
11536,2025-12-30 11:02:14+05:30,3254.0,8,3248.93,330745,111101.0,112571.0,3250.0,3257.0,3239.8,3251.5,41976375,3576.6,2926.4,4322.95,2866.6,3254.0,282,8,3253.9,119,5,3253.8,252,5,3253.7,175,3,3253.6,104,3,3254.5,24,4,3254.6,61,3,3254.8,350,1,3254.9,28,1,3255.0,157,4
11536,2025-12-30 11:02:15+05:30,3254.5,1,3248.93,330805,110705.0,112804.0,3250.0,3257.0,3239.8,3251.5,41976375,3576.6,2926.4,4322.95,2866.6,3254.0,281,8,3253.9,119,5,3253.8,252,5,3253.7,175,3,3253.6,104,3,3254.5,165,10,3254.6,1,1,3254.7,10,1,3254.8,391,4,3254.9,24,1
11536,2025-12-30 11:02:17+05:30,3254.5,20,3248.93,330805,110705.0,112804.0,3250.0,3257.0,3239.8,3251.5,41976375,3576.6,2926.4,4322.95,2866.6,3254.0,281,8,3253.9,119,5,3253.8,252,5,3253.7,175,3,3253.6,104,3,3254.5,165,10,3254.6,1,1,3254.7,10,1,3254.8,391,4,3254.9,24,1
11536,2025-12-30 11:02:19+05:30,3254.0,1,3248.94,331276,110593.0,112939.0,3250.0,3257.0,3239.8,3251.5,41976375,3576.6,2926.4,4322.95,2866.6,3254.0,174,3,3253.9,119,5,3253.8,252,5,3253.7,175,3,3253.6,104,3,3254.5,210,6,3254.6,28,2,3254.7,13,1,3254.8,376,3,3254.9,122,2
11536,2025-12-30 11:02:20+05:30,3254.0,13,3248.94,331276,110593.0,112939.0,3250.0,3257.0,3239.8,3251.5,41976375,3576.6,2926.4,4322.95,2866.6,3254.0,174,3,3253.9,119,5,3253.8,252,5,3253.7,175,3,3253.6,104,3,3254.5,210,6,3254.6,28,2,3254.7,13,1,3254.8,376,3,3254.9,122,2
11536,2025-12-30 11:02:24+05:30,3254.5,81,3248.94,331276,110593.0,112939.0,3250.0,3257.0,3239.8,3251.5,41976375,3576.6,2926.4,4322.95,2866.6,3254.0,174,3,3253.9,119,5,3253.8,252,5,3253.7,175,3,3253.6,104,3,3254.5,210,6,3254.6,28,2,3254.7,13,1,3254.8,376,3,3254.9,122,2
11536,2025-12-30 11:02:24+05:30,3254.0,3,3248.94,331633,110430.0,112379.0,3250.0,3257.0,3239.8,3251.5,41976375,3576.6,2926.4,4322.95,2866.6,3254.0,115,3,3253.9,119,5,3253.8,252,5,3253.7,204,4,3253.6,104,3,3254.5,48,5,3254.6,1,1,3254.7,8,1,3254.8,406,4,3254.9,38,2
11536,2025-12-30 11:02:28+05:30,3254.0,2,3248.94,331633,110430.0,112379.0,3250.0,3257.0,3239.8,3251.5,41976375,3576.6,2926.4,4322.95,2866.6,3254.0,115,3,3253.9,119,5,3253.8,252,5,3253.7,204,4,3253.6,104,3,3254.5,48,5,3254.6,1,1,3254.7,8,1,3254.8,406,4,3254.9,38,2
11536,2025-12-30 11:02:29+05:30,3254.0,1,3248.94,331782,110741.0,112576.0,3250.0,3257.0,3239.8,3251.5,41976375,3576.6,2926.4,4322.95,2866.6,3254.0,21,2,3253.9,119,5,3253.8,252,5,3253.7,175,3,3253.6,104,3,3254.5,49,6,3254.6,30,2,3254.7,35,2,3254.8,365,2,3254.9,11,1
11536,2025-12-30 11:02:32+05:30,3254.0,7,3248.94,331782,110741.0,112576.0,3250.0,3257.0,3239.8,3251.5,41976375,3576.6,2926.4,4322.95,2866.6,3254.0,21,2,3253.9,119,5,3253.8,252,5,3253.7,175,3,3253.6,104,3,3254.5,49,6,3254.6,30,2,3254.7,35,2,3254.8,365,2,3254.9,11,1
11536,2025-12-30 11:02:34+05:30,3254.0,3,3248.95,331808,110895.0,112669.0,3250.0,3257.0,3239.8,3251.5,41976375,3576.6,2926.4,4322.95,2866.6,3254.0,68,4,3253.9,119,5,3253.8,252,5,3253.7,175,3,3253.6,104,3,3254.5,30,3,3254.6,41,3,3254.7,35,2,3254.8,365,2,3254.9,39,3
11536,2025-12-30 11:02:36+05:30,3254.0,1,3248.95,331808,110895.0,112669.0,3250.0,3257.0,3239.8,3251.5,41976375,3576.6,2926.4,4322.95,2866.6,3254.0,68,4,3253.9,119,5,3253.8,252,5,3253.7,175,3,3253.6,104,3,3254.5,30,3,3254.6,41,3,3254.7,35,2,3254.8,365,2,3254.9,39,3
11536,2025-12-30 11:02:38+05:30,3254.0,4,3248.95,331817,110889.0,112706.0,3250.0,3257.0,3239.8,3251.5,41976375,3576.6,2926.4,4322.95,2866.6,3254.0,69,5,3253.9,119,5,3253.8,252,5,3253.7,175,3,3253.6,104,3,3254.5,65,5,3254.6,41,3,3254.7,35,2,3254.8,365,2,3254.9,39,3
11536,2025-12-30 11:02:40+05:30,3254.0,1,3248.95,331817,110889.0,112706.0,3250.0,3257.0,3239.8,3251.5,41976375,3576.6,2926.4,4322.95,2866.6,3254.0,69,5,3253.9,119,5,3253.8,252,5,3253.7,175,3,3253.6,104,3,3254.5,65,5,3254.6,41,3,3254.7,35,2,3254.8,365,2,3254.9,39,3
11536,2025-12-30 11:02:42+05:30,3254.0,25,3248.95,331817,110889.0,112706.0,3250.0,3257.0,3239.8,3251.5,41976375,3576.6,2926.4,4322.95,2866.6,3254.0,69,5,3253.9,119,5,3253.8,252,5,3253.7,175,3,3253.6,104,3,3254.5,65,5,3254.6,41,3,3254.7,35,2,3254.8,365,2,3254.9,39,3
11536,2025-12-30 11:02:43+05:30,3254.0,4,3248.95,331878,110643.0,113137.0,3250.0,3257.0,3239.8,3251.5,41976375,3576.6,2926.4,4322.95,2866.6,3254.0,92,7,3253.9,119,5,3253.8,252,5,3253.7,175,3,3253.6,104,3,3254.5,196,8,3254.6,27,2,3254.7,25,2,3254.8,392,4,3254.9,65,4
11536,2025-12-30 11:02:46+05:30,3254.5,1,3248.95,331878,110643.0,113137.0,3250.0,3257.0,3239.8,3251.5,41976375,3576.6,2926.4,4322.95,2866.6,3254.0,92,7,3253.9,119,5,3253.8,252,5,3253.7,175,3,3253.6,104,3,3254.5,196,8,3254.6,27,2,3254.7,25,2,3254.8,392,4,3254.9,65,4
11536,2025-12-30 11:02:48+05:30,3254.5,1,3248.95,331904,110968.0,113083.0,3250.0,3257.0,3239.8,3251.5,41976375,3576.6,2926.4,4322.95,2866.6,3254.0,197,8,3253.9,119,5,3253.8,252,5,3253.7,175,3,3253.6,104,3,3254.5,155,6,3254.6,395,4,3254.7,65,4,3254.8,15,2,3254.9,156,3
11536,2025-12-30 11:02:50+05:30,3254.0,1,3248.95,331904,110968.0,113083.0,3250.0,3257.0,3239.8,3251.5,41976375,3576.6,2926.4,4322.95,2866.6,3254.0,197,8,3253.9,119,5,3253.8,252,5,3253.7,175,3,3253.6,104,3,3254.5,155,6,3254.6,395,4,3254.7,65,4,3254.8,15,2,3254.9,156,3
11536,2025-12-30 11:02:52+05:30,3254.5,2,3248.95,331916,110949.0,113209.0,3250.0,3257.0,3239.8,3251.5,41976375,3576.6,2926.4,4322.95,2866.6,3254.0,208,7,3253.9,119,5,3253.8,249,4,3253.7,175,3,3253.6,104,3,3254.5,162,6,3254.6,496,6,3254.7,25,2,3254.8,92,6,3254.9,46,3
11536,2025-12-30 11:02:53+05:30,3254.0,2,3248.95,331916,110949.0,113209.0,3250.0,3257.0,3239.8,3251.5,41976375,3576.6,2926.4,4322.95,2866.6,3254.0,208,7,3253.9,119,5,3253.8,249,4,3253.7,175,3,3253.6,104,3,3254.5,162,6,3254.6,496,6,3254.7,25,2,3254.8,92,6,3254.9,46,3
11536,2025-12-30 11:02:56+05:30,3254.5,3,3248.95,331916,110949.0,113209.0,3250.0,3257.0,3239.8,3251.5,41976375,3576.6,2926.4,4322.95,2866.6,3254.0,208,7,3253.9,119,5,3253.8,249,4,3253.7,175,3,3253.6,104,3,3254.5,162,6,3254.6,496,6,3254.7,25,2,3254.8,92,6,3254.9,46,3
11536,2025-12-30 11:02:56+05:30,3254.0,8,3248.95,331972,110409.0,113220.0,3250.0,3257.0,3239.8,3251.5,41976375,3576.6,2926.4,4322.95,2866.6,3254.0,165,7,3253.9,119,5,3253.8,249,4,3253.7,175,3,3253.6,104,3,3254.5,181,7,3254.6,496,6,3254.7,25,2,3254.8,66,5,3254.9,72,4
11536,2025-12-30 11:02:59+05:30,3254.5,1,3248.95,331972,110409.0,113220.0,3250.0,3257.0,3239.8,3251.5,41976375,3576.6,2926.4,4322.95,2866.6,3254.0,165,7,3253.9,119,5,3253.8,249,4,3253.7,175,3,3253.6,104,3,3254.5,181,7,3254.6,496,6,3254.7,25,2,3254.8,66,5,3254.9,72,4
11536,2025-12-30 11:03:01+05:30,3254.5,1,3248.95,332005,110986.0,111731.0,3250.0,3257.0,3239.8,3251.5,41976375,3576.6,2926.4,4322.95,2866.6,3254.0,164,8,3253.9,119,5,3253.8,249,4,3253.7,175,3,3253.6,104,3,3254.5,142,5,3254.6,461,4,3254.8,51,3,3254.9,11,1,3255.0,310,4
11536,2025-12-30 11:03:02+05:30,3254.0,1,3248.95,332005,110986.0,111731.0,3250.0,3257.0,3239.8,3251.5,41976375,3576.6,2926.4,4322.95,2866.6,3254.0,164,8,3253.9,119,5,3253.8,249,4,3253.7,175,3,3253.6,104,3,3254.5,142,5,3254.6,461,4,3254.8,51,3,3254.9,11,1,3255.0,310,4
11536,2025-12-30 11:03:05+05:30,3254.5,1,3248.95,332005,110986.0,111731.0,3250.0,3257.0,3239.8,3251.5,41976375,3576.6,2926.4,4322.95,2866.6,3254.0,164,8,3253.9,119,5,3253.8,249,4,3253.7,175,3,3253.6,104,3,3254.5,142,5,3254.6,461,4,3254.8,51,3,3254.9,11,1,3255.0,310,4
11536,2025-12-30 11:03:06+05:30,3254.5,1,3248.96,332466,110508.0,112951.0,3250.0,3257.0,3239.8,3251.5,41976375,3576.6,2926.4,4322.95,2866.6,3254.0,142,1,3253.9,119,5,3253.8,249,4,3253.7,175,3,3253.6,104,3,3254.5,163,7,3254.6,111,3,3254.7,34,2,3254.8,399,5,3254.9,41,4
11536,2025-12-30 11:03:08+05:30,3254.0,26,3248.96,332466,110508.0,112951.0,3250.0,3257.0,3239.8,3251.5,41976375,3576.6,2926.4,4322.95,2866.6,3254.0,142,1,3253.9,119,5,3253.8,249,4,3253.7,175,3,3253.6,104,3,3254.5,163,7,3254.6,111,3,3254.7,34,2,3254.8,399,5,3254.9,41,4
11536,2025-12-30 11:03:10+05:30,3254.5,1,3248.96,332550,109681.0,113111.0,3250.0,3257.0,3239.8,3251.5,41976375,3576.6,2926.4,4322.95,2866.6,3254.0,111,2,3253.9,119,5,3253.8,249,4,3253.7,175,3,3253.6,104,3,3254.5,566,11,3254.6,111,3,3254.7,36,4,3254.8,23,2,3254.9,67,5
11536,2025-12-30 11:03:11+05:30,3254.5,1,3248.96,332550,109681.0,113111.0,3250.0,3257.0,3239.8,3251.5,41976375,3576.6,2926.4,4322.95,2866.6,3254.0,111,2,3253.9,119,5,3253.8,249,4,3253.7,175,3,3253.6,104,3,3254.5,566,11,3254.6,111,3,3254.7,36,4,3254.8,23,2,3254.9,67,5
11536,2025-12-30 11:03:14+05:30,3254.0,17,3248.96,332550,109681.0,113111.0,3250.0,3257.0,3239.8,3251.5,41976375,3576.6,2926.4,4322.95,2866.6,3254.0,111,2,3253.9,119,5,3253.8,249,4,3253.7,175,3,3253.6,104,3,3254.5,566,11,3254.6,111,3,3254.7,36,4,3254.8,23,2,3254.9,67,5
11536,2025-12-30 11:03:15+05:30,3253.8,12,3248.97,333195,109467.0,113974.0,3250.0,3257.0,3239.8,3251.5,41976375,3576.6,2926.4,4322.95,2866.6,3253.8,236,4,3253.7,175,3,3253.6,104,3,3253.5,6,2,3253.4,1,1,3254.0,23,3,3254.2,14,1,3254.3,282,1,3254.5,196,8,3254.6,314,5
11536,2025-12-30 11:03:17+05:30,3253.8,92,3248.97,333195,109467.0,113974.0,3250.0,3257.0,3239.8,3251.5,41976375,3576.6,2926.4,4322.95,2866.6,3253.8,236,4,3253.7,175,3,3253.6,104,3,3253.5,6,2,3253.4,1,1,3254.0,23,3,3254.2,14,1,3254.3,282,1,3254.5,196,8,3254.6,314,5
11536,2025-12-30 11:03:19+05:30,3253.8,30,3248.97,333195,109467.0,113974.0,3250.0,3257.0,3239.8,3251.5,41976375,3576.6,2926.4,4322.95,2866.6,3253.8,236,4,3253.7,175,3,3253.6,104,3,3253.5,6,2,3253.4,1,1,3254.0,23,3,3254.2,14,1,3254.3,282,1,3254.5,196,8,3254.6,314,5
11536,2025-12-30 11:03:19+05:30,3253.8,30,3248.97,333324,110149.0,114363.0,3250.0,3257.0,3239.8,3251.5,41976375,3576.6,2926.4,4322.95,2866.6,3253.8,113,4,3253.7,175,3,3253.6,104,3,3253.5,6,2,3253.4,12,2,3254.0,92,2,3254.1,14,1,3254.2,4,1,3254.3,384,3,3254.4,323,4
11536,2025-12-30 11:03:23+05:30,3253.8,1,3248.97,333324,110149.0,114363.0,3250.0,3257.0,3239.8,3251.5,41976375,3576.6,2926.4,4322.95,2866.6,3253.8,113,4,3253.7,175,3,3253.6,104,3,3253.5,6,2,3253.4,12,2,3254.0,92,2,3254.1,14,1,3254.2,4,1,3254.3,384,3,3254.4,323,4
11536,2025-12-30 11:03:24+05:30,3253.8,3,3248.97,333438,109349.0,114747.0,3250.0,3257.0,3239.8,3251.5,41976375,3576.6,2926.4,4322.95,2866.6,3253.8,15,3,3253.7,175,3,3253.6,104,3,3253.5,6,2,3253.4,12,2,3253.9,7,2,3254.0,157,8,3254.1,10,1,3254.2,46,4,3254.3,402,3
11536,2025-12-30 11:03:26+05:30,3253.5,5,3248.97,333438,109349.0,114747.0,3250.0,3257.0,3239.8,3251.5,41976375,3576.6,2926.4,4322.95,2866.6,3253.8,15,3,3253.7,175,3,3253.6,104,3,3253.5,6,2,3253.4,12,2,3253.9,7,2,3254.0,157,8,3254.1,10,1,3254.2,46,4,3254.3,402,3
11536,2025-12-30 11:03:29+05:30,3253.4,5,3248.98,334081,108988.0,115916.0,3250.0,3257.0,3239.8,3251.5,41976375,3576.6,2926.4,4322.95,2866.6,3253.4,7,2,3253.3,4,2,3253.2,7,2,3253.1,51,2,3253.0,119,4,3253.5,25,4,3253.6,14,1,3253.7,24,2,3253.8,38,2,3253.9,123,5
11536,2025-12-30 11:03:29+05:30,3253.4,5,3248.98,334081,108988.0,115916.0,3250.0,3257.0,3239.8,3251.5,41976375,3576.6,2926.4,4322.95,2866.6,3253.4,7,2,3253.3,4,2,3253.2,7,2,3253.1,51,2,3253.0,119,4,3253.5,25,4,3253.6,14,1,3253.7,24,2,3253.8,38,2,3253.9,123,5
11536,2025-12-30 11:03:32+05:30,3253.2,1,3248.98,334081,108988.0,115916.0,3250.0,3257.0,3239.8,3251.5,41976375,3576.6,2926.4,4322.95,2866.6,3253.4,7,2,3253.3,4,2,3253.2,7,2,3253.1,51,2,3253.0,119,4,3253.5,25,4,3253.6,14,1,3253.7,24,2,3253.8,38,2,3253.9,123,5
11536,2025-12-30 11:03:33+05:30,3253.3,5,3248.98,334282,108121.0,116757.0,3250.0,3257.0,3239.8,3251.5,41976375,3576.6,2926.4,4322.95,2866.6,3253.1,51,2,3253.0,119,4,3252.9,34,3,3252.8,33,3,3252.7,5,2,3253.3,13,3,3253.5,17,1,3253.7,36,2,3253.8,48,2,3253.9,323,5
11536,2025-12-30 11:03:35+05:30,3253.3,1,3248.98,334282,108121.0,116757.0,3250.0,3257.0,3239.8,3251.5,41976375,3576.6,2926.4,4322.95,2866.6,3253.1,51,2,3253.0,119,4,3252.9,34,3,3252.8,33,3,3252.7,5,2,3253.3,13,3,3253.5,17,1,3253.7,36,2,3253.8,48,2,3253.9,323,5
11536,2025-12-30 11:03:38+05:30,3251.0,20,3248.98,334282,108121.0,116757.0,3250.0,3257.0,3239.8,3251.5,41976375,3576.6,2926.4,4322.95,2866.6,3253.1,51,2,3253.0,119,4,3252.9,34,3,3252.8,33,3,3252.7,5,2,3253.3,13,3,3253.5,17,1,3253.7,36,2,3253.8,48,2,3253.9,323,5
11536,2025-12-30 11:03:38+05:30,3251.0,20,3249.1,345482,101236.0,119684.0,3250.0,3257.0,3239.8,3251.5,41976375,3576.6,2926.4,4322.95,2866.6,3250.8,1,1,3250.6,1,1,3250.5,9,1,3250.3,15,2,3250.2,23,1,3251.0,10,1,3251.2,4,1,3251.3,10,1,3251.6,22,1,3251.7,28,1
11536,2025-12-30 11:03:41+05:30,3250.1,22,3249.1,345482,101236.0,119684.0,3250.0,3257.0,3239.8,3251.5,41976375,3576.6,2926.4,4322.95,2866.6,3250.8,1,1,3250.6,1,1,3250.5,9,1,3250.3,15,2,3250.2,23,1,3251.0,10,1,3251.2,4,1,3251.3,10,1,3251.6,22,1,3251.7,28,1
11536,2025-12-30 11:03:43+05:30,3251.1,1,3249.12,349601,104376.0,115798.0,3250.0,3257.0,3239.8,3251.5,41976375,3576.6,2926.4,4322.95,2866.6,3251.1,225,5,3251.0,111,4,3250.8,107,4,3250.7,79,3,3250.6,511,11,3252.3,124,3,3252.4,27,1,3252.7,22,1,3252.8,28,2,3252.9,23,2
11536,2025-12-30 11:03:44+05:30,3252.3,1,3249.12,349601,104376.0,115798.0,3250.0,3257.0,3239.8,3251.5,41976375,3576.6,2926.4,4322.95,2866.6,3251.1,225,5,3251.0,111,4,3250.8,107,4,3250.7,79,3,3250.6,511,11,3252.3,124,3,3252.4,27,1,3252.7,22,1,3252.8,28,2,3252.9,23,2
11536,2025-12-30 11:03:47+05:30,3251.1,86,3249.12,349601,104376.0,115798.0,3250.0,3257.0,3239.8,3251.5,41976375,3576.6,2926.4,4322.95,2866.6,3251.1,225,5,3251.0,111,4,3250.8,107,4,3250.7,79,3,3250.6,511,11,3252.3,124,3,3252.4,27,1,3252.7,22,1,3252.8,28,2,3252.9,23,2
11536,2025-12-30 11:03:47+05:30,3251.1,86,3249.12,350017,105275.0,118046.0,3250.0,3257.0,3239.8,3251.5,41976375,3576.6,2926.4,4322.95,2866.6,3251.0,75,4,3250.9,18,1,3250.8,59,3,3250.7,18,1,3250.6,62,3,3251.1,83,1,3251.4,10,1,3252.4,47,2,3252.5,63,2,3252.6,144,6
11536,2025-12-30 11:03:50+05:30,3252.6,1,3249.12,350017,105275.0,118046.0,3250.0,3257.0,3239.8,3251.5,41976375,3576.6,2926.4,4322.95,2866.6,3251.0,75,4,3250.9,18,1,3250.8,59,3,3250.7,18,1,3250.6,62,3,3251.1,83,1,3251.4,10,1,3252.4,47,2,3252.5,63,2,3252.6,144,6
11536,2025-12-30 11:03:52+05:30,3252.5,234,3249.13,351479,107555.0,114807.0,3250.0,3257.0,3239.8,3251.5,41976375,3576.6,2926.4,4322.95,2866.6,3251.6,64,3,3251.5,177,3,3251.4,19,2,3251.3,38,3,3251.2,110,6,3252.5,94,2,3252.8,21,1,3252.9,19,1,3253.1,89,5,3253.2,22,1
11536,2025-12-30 11:03:53+05:30,3251.6,3,3249.13,351479,107555.0,114807.0,3250.0,3257.0,3239.8,3251.5,41976375,3576.6,2926.4,4322.95,2866.6,3251.6,64,3,3251.5,177,3,3251.4,19,2,3251.3,38,3,3251.2,110,6,3252.5,94,2,3252.8,21,1,3252.9,19,1,3253.1,89,5,3253.2,22,1
11536,2025-12-30 11:03:56+05:30,3251.6,18,3249.14,351749,106955.0,115143.0,3250.0,3257.0,3239.8,3251.5,41976375,3576.6,2926.4,4322.95,2866.6,3251.6,71,4,3251.5,31,2,3251.4,40,3,3251.3,166,3,3251.2,55,5,3252.5,18,3,3252.8,4,1,3252.9,149,4,3253.0,21,1,3253.1,50,3
11536,2025-12-30 11:03:56+05:30,3251.6,18,3249.14,351749,106955.0,115143.0,3250.0,3257.0,3239.8,3251.5,41976375,3576.6,2926.4,4322.95,2866.6,3251.6,71,4,3251.5,31,2,3251.4,40,3,3251.3,166,3,3251.2,55,5,3252.5,18,3,3252.8,4,1,3252.9,149,4,3253.0,21,1,3253.1,50,3
11536,2025-12-30 11:03:59+05:30,3251.8,2,3249.14,351749,106955.0,115143.0,3250.0,3257.0,3239.8,3251.5,41976375,3576.6,2926.4,4322.95,2866.6,3251.6,71,4,3251.5,31,2,3251.4,40,3,3251.3,166,3,3251.2,55,5,3252.5,18,3,3252.8,4,1,3252.9,149,4,3253.0,21,1,3253.1,50,3
11536,2025-12-30 11:04:01+05:30,3251.5,2,3249.14,352334,106843.0,116102.0,3250.0,3257.0,3239.8,3251.5,41976375,3576.6,2926.4,4322.95,2866.6,3251.5,84,6,3251.4,40,2,3251.3,86,5,3251.2,76,5,3251.1,77,6,3251.6,10,2,3252.5,41,3,3252.8,66,2,3252.9,116,2,3253.0,48,2
11536,2025-12-30 11:04:02+05:30,3251.5,4,3249.14,352334,106843.0,116102.0,3250.0,3257.0,3239.8,3251.5,41976375,3576.6,2926.4,4322.95,2866.6,3251.5,84,6,3251.4,40,2,3251.3,86,5,3251.2,76,5,3251.1,77,6,3251.6,10,2,3252.5,41,3,3252.8,66,2,3252.9,116,2,3253.0,48,2
11536,2025-12-30 11:04:05+05:30,3251.5,5,3249.14,352334,106843.0,116102.0,3250.0,3257.0,3239.8,3251.5,41976375,3576.6,2926.4,4322.95,2866.6,3251.5,84,6,3251.4,40,2,3251.3,86,5,3251.2,76,5,3251.1,77,6,3251.6,10,2,3252.5,41,3,3252.8,66,2,3252.9,116,2,3253.0,48,2
11536,2025-12-30 11:04:05+05:30,3251.5,5,3249.14,352422,106966.0,116142.0,3250.0,3257.0,3239.8,3251.5,41976375,3576.6,2926.4,4322.95,2866.6,3251.5,86,6,3251.4,40,4,3251.3,86,5,3251.2,78,6,3251.1,77,6,3251.6,8,3,3252.5,36,2,3252.8,61,1,3252.9,116,2,3253.0,48,2
11536,2025-12-30 11:04:08+05:30,3251.5,21,3249.14,352422,106966.0,116142.0,3250.0,3257.0,3239.8,3251.5,41976375,3576.6,2926.4,4322.95,2866.6,3251.5,86,6,3251.4,40,4,3251.3,86,5,3251.2,78,6,3251.1,77,6,3251.6,8,3,3252.5,36,2,3252.8,61,1,3252.9,116,2,3253.0,48,2
11536,2025-12-30 11:04:10+05:30,3251.5,1,3249.14,352467,105116.0,115236.0,3250.0,3257.0,3239.8,3251.5,41976375,3576.6,2926.4,4322.95,2866.6,3251.5,20,2,3251.4,21,2,3251.3,12,2,3251.2,32,3,3251.1,12,2,3251.6,47,5,3252.0,45,1,3252.3,24,1,3252.4,5,1,3252.5,6,1
11536,2025-12-30 11:04:11+05:30,3251.5,1,3249.14,352467,105116.0,115236.0,3250.0,3257.0,3239.8,3251.5,41976375,3576.6,2926.4,4322.95,2866.6,3251.5,20,2,3251.4,21,2,3251.3,12,2,3251.2,32,3,3251.1,12,2,3251.6,47,5,3252.0,45,1,3252.3,24,1,3252.4,5,1,3252.5,6,1
11536,2025-12-30 11:04:14+05:30,3251.5,1,3249.14,352467,105116.0,115236.0,3250.0,3257.0,3239.8,3251.5,41976375,3576.6,2926.4,4322.95,2866.6,3251.5,20,2,3251.4,21,2,3251.3,12,2,3251.2,32,3,3251.1,12,2,3251.6,47,5,3252.0,45,1,3252.3,24,1,3252.4,5,1,3252.5,6,1
11536,2025-12-30 11:04:15+05:30,3251.6,2,3249.14,352480,106944.0,116078.0,3250.0,3257.0,3239.8,3251.5,41976375,3576.6,2926.4,4322.95,2866.6,3251.5,21,2,3251.4,2,1,3251.3,47,4,3251.2,9,2,3251.1,30,3,3251.6,42,4,3252.0,45,1,3252.3,24,1,3252.4,5,1,3252.5,6,1
11536,2025-12-30 11:04:17+05:30,3251.6,1,3249.14,352480,106944.0,116078.0,3250.0,3257.0,3239.8,3251.5,41976375,3576.6,2926.4,4322.95,2866.6,3251.5,21,2,3251.4,2,1,3251.3,47,4,3251.2,9,2,3251.1,30,3,3251.6,42,4,3252.0,45,1,3252.3,24,1,3252.4,5,1,3252.5,6,1
11536,2025-12-30 11:04:19+05:30,3251.5,1,3249.14,352488,106950.0,116148.0,3250.0,3257.0,3239.8,3251.5,41976375,3576.6,2926.4,4322.95,2866.6,3251.5,15,2,3251.4,2,1,3251.3,32,3,3251.2,9,2,3251.1,54,4,3251.6,59,5,3252.0,45,1,3252.3,24,1,3252.4,5,1,3252.5,6,1
11536,2025-12-30 11:04:20+05:30,3251.6,40,3249.14,352488,106950.0,116148.0,3250.0,3257.0,3239.8,3251.5,41976375,3576.6,2926.4,4322.95,2866.6,3251.5,15,2,3251.4,2,1,3251.3,32,3,3251.2,9,2,3251.1,54,4,3251.6,59,5,3252.0,45,1,3252.3,24,1,3252.4,5,1,3252.5,6,1
11536,2025-12-30 11:04:23+05:30,3251.6,30,3249.14,352488,106950.0,116148.0,3250.0,3257.0,3239.8,3251.5,41976375,3576.6,2926.4,4322.95,2866.6,3251.5,15,2,3251.4,2,1,3251.3,32,3,3251.2,9,2,3251.1,54,4,3251.6,59,5,3252.0,45,1,3252.3,24,1,3252.4,5,1,3252.5,6,1
11536,2025-12-30 11:04:23+05:30,3251.6,30,3249.14,352617,106945.0,115273.0,3250.0,3257.0,3239.8,3251.5,41976375,3576.6,2926.4,4322.95,2866.6,3251.6,96,1,3251.5,15,2,3251.4,2,1,3251.3,12,2,3251.2,30,3,3252.0,46,2,3252.3,24,1,3252.5,6,1,3252.6,23,1,3252.7,47,2
11536,2025-12-30 11:04:26+05:30,3252.5,1,3249.14,352617,106945.0,115273.0,3250.0,3257.0,3239.8,3251.5,41976375,3576.6,2926.4,4322.95,2866.6,3251.6,96,1,3251.5,15,2,3251.4,2,1,3251.3,12,2,3251.2,30,3,3252.0,46,2,3252.3,24,1,3252.5,6,1,3252.6,23,1,3252.7,47,2
11536,2025-12-30 11:04:28+05:30,3251.6,3,3249.14,352879,107303.0,115346.0,3250.0,3257.0,3239.8,3251.5,41976375,3576.6,2926.4,4322.95,2866.6,3251.6,57,2,3251.5,15,2,3251.4,158,2,3251.3,83,5,3251.2,48,5,3252.5,30,2,3252.9,113,2,3253.0,66,3,3253.1,7,2,3253.2,165,7
11536,2025-12-30 11:04:28+05:30,3251.6,3,3249.14,352879,107303.0,115346.0,3250.0,3257.0,3239.8,3251.5,41976375,3576.6,2926.4,4322.95,2866.6,3251.6,57,2,3251.5,15,2,3251.4,158,2,3251.3,83,5,3251.2,48,5,3252.5,30,2,3252.9,113,2,3253.0,66,3,3253.1,7,2,3253.2,165,7
11536,2025-12-30 11:04:29+05:30,3252.5,10,3249.14,352890,107250.0,113953.0,3250.0,3257.0,3239.8,3251.5,41976375,3576.6,2926.4,4322.95,2866.6,3251.6,57,2,3251.5,15,2,3251.4,2,1,3251.3,35,3,3251.2,182,5,3252.5,33,4,3252.6,23,1,3252.7,13,1,3252.8,43,3,3252.9,100,1
11536,2025-12-30 11:04:29+05:30,3251.6,14,3249.14,352890,107250.0,113953.0,3250.0,3257.0,3239.8,3251.5,41976375,3576.6,2926.4,4322.95,2866.6,3251.6,57,2,3251.5,15,2,3251.4,2,1,3251.3,35,3,3251.2,182,5,3252.5,33,4,3252.6,23,1,3252.7,13,1,3252.8,43,3,3252.9,100,1
11536,2025-12-30 11:04:30+05:30,3251.6,14,3249.14,352906,107230.0,113966.0,3250.0,3257.0,3239.8,3251.5,41976375,3576.6,2926.4,4322.95,2866.6,3251.6,17,1,3251.5,15,2,3251.4,2,1,3251.3,12,2,3251.2,182,5,3252.5,57,7,3252.6,28,2,3252.7,41,2,3252.8,19,2,3252.9,107,2
11536,2025-12-30 11:04:30+05:30,3251.6,17,3249.14,352906,107230.0,113966.0,3250.0,3257.0,3239.8,3251.5,41976375,3576.6,2926.4,4322.95,2866.6,3251.6,17,1,3251.5,15,2,3251.4,2,1,3251.3,12,2,3251.2,182,5,3252.5,57,7,3252.6,28,2,3252.7,41,2,3252.8,19,2,3252.9,107,2
11536,2025-12-30 11:04:31+05:30,3251.6,1,3249.14,352928,106809.0,115787.0,3250.0,3257.0,3239.8,3251.5,41976375,3576.6,2926.4,4322.95,2866.6,3251.5,15,2,3251.4,2,1,3251.3,12,2,3251.2,27,3,3251.1,105,6,3251.6,1,1,3252.5,45,6,3252.6,28,2,3252.7,42,2,3252.8,96,5
11536,2025-12-30 11:04:31+05:30,3251.5,1,3249.14,352928,106809.0,115787.0,3250.0,3257.0,3239.8,3251.5,41976375,3576.6,2926.4,4322.95,2866.6,3251.5,15,2,3251.4,2,1,3251.3,12,2,3251.2,27,3,3251.1,105,6,3251.6,1,1,3252.5,45,6,3252.6,28,2,3252.7,42,2,3252.8,96,5
11536,2025-12-30 11:04:32+05:30,3251.5,3,3249.14,352937,106589.0,117012.0,3250.0,3257.0,3239.8,3251.5,41976375,3576.6,2926.4,4322.95,2866.6,3251.5,18,2,3251.4,2,1,3251.3,12,2,3251.2,9,2,3251.0,13,2,3251.6,3,3,3252.4,91,4,3252.5,66,4,3252.6,39,3,3252.7,42,2
11536,2025-12-30 11:04:32+05:30,3251.5,3,3249.14,352937,106589.0,117012.0,3250.0,3257.0,3239.8,3251.5,41976375,3576.6,2926.4,4322.95,2866.6,3251.5,18,2,3251.4,2,1,3251.3,12,2,3251.2,9,2,3251.0,13,2,3251.6,3,3,3252.4,91,4,3252.5,66,4,3252.6,39,3,3252.7,42,2
11536,2025-12-30 11:04:33+05:30,3251.5,3,3249.14,352940,106588.0,116972.0,3250.0,3257.0,3239.8,3251.5,41976375,3576.6,2926.4,4322.95,2866.6,3251.5,17,3,3251.4,2,1,3251.3,12,2,3251.2,9,2,3251.0,13,2,3251.6,4,4,3252.2,53,2,3252.3,25,1,3252.4,41,2,3252.5,66,4
11536,2025-12-30 11:04:33+05:30,3251.5,2,3249.14,352940,106588.0,116972.0,3250.0,3257.0,3239.8,3251.5,41976375,3576.6,2926.4,4322.95,2866.6,3251.5,17,3,3251.4,2,1,3251.3,12,2,3251.2,9,2,3251.0,13,2,3251.6,4,4,3252.2,53,2,3252.3,25,1,3252.4,41,2,3252.5,66,4
11536,2025-12-30 11:04:34+05:30,3251.5,2,3249.14,352943,106585.0,117215.0,3250.0,3257.0,3239.8,3251.5,41976375,3576.6,2926.4,4322.95,2866.6,3251.5,14,3,3251.4,2,1,3251.3,12,2,3251.2,9,2,3251.0,34,3,3251.6,3,3,3252.2,53,2,3252.3,43,2,3252.4,28,1,3252.5,88,5
11536,2025-12-30 11:04:34+05:30,3251.5,1,3249.14,352943,106585.0,117215.0,3250.0,3257.0,3239.8,3251.5,41976375,3576.6,2926.4,4322.95,2866.6,3251.5,14,3,3251.4,2,1,3251.3,12,2,3251.2,9,2,3251.0,34,3,3251.6,3,3,3252.2,53,2,3252.3,43,2,3252.4,28,1,3252.5,88,5
11536,2025-12-30 11:04:35+05:30,3251.6,1,3249.14,352946,106609.0,117548.0,3250.0,3257.0,3239.8,3251.5,41976375,3576.6,2926.4,4322.95,2866.6,3251.5,23,3,3251.4,2,1,3251.3,12,2,3251.2,9,2,3251.0,31,2,3252.2,73,4,3252.3,56,3,3252.4,55,3,3252.5,75,4,3252.6,20,3
11536,2025-12-30 11:04:35+05:30,3251.6,1,3249.14,352946,106609.0,117548.0,3250.0,3257.0,3239.8,3251.5,41976375,3576.6,2926.4,4322.95,2866.6,3251.5,23,3,3251.4,2,1,3251.3,12,2,3251.2,9,2,3251.0,31,2,3252.2,73,4,3252.3,56,3,3252.4,55,3,3252.5,75,4,3252.6,20,3
11536,2025-12-30 11:04:36+05:30,3251.6,1,3249.14,352946,106624.0,117567.0,3250.0,3257.0,3239.8,3251.5,41976375,3576.6,2926.4,4322.95,2866.6,3251.5,23,3,3251.4,2,1,3251.3,12,2,3251.2,9,2,3251.0,10,1,3252.2,74,5,3252.3,43,2,3252.4,70,4,3252.5,75,4,3252.6,20,3
11536,2025-12-30 11:04:37+05:30,3251.6,1,3249.14,352946,106633.0,117668.0,3250.0,3257.0,3239.8,3251.5,41976375,3576.6,2926.4,4322.95,2866.6,3251.5,23,3,3251.4,2,1,3251.3,12,2,3251.2,9,2,3251.0,10,1,3252.2,63,4,3252.3,25,1,3252.4,70,4,3252.5,75,4,3252.6,42,4
11536,2025-12-30 11:04:37+05:30,3251.5,1,3249.14,352946,106633.0,117668.0,3250.0,3257.0,3239.8,3251.5,41976375,3576.6,2926.4,4322.95,2866.6,3251.5,23,3,3251.4,2,1,3251.3,12,2,3251.2,9,2,3251.0,10,1,3252.2,63,4,3252.3,25,1,3252.4,70,4,3252.5,75,4,3252.6,42,4
11536,2025-12-30 11:04:37+05:30,3251.5,7,3249.14,352954,106864.0,117785.0,3250.0,3257.0,3239.8,3251.5,41976375,3576.6,2926.4,4322.95,2866.6,3251.5,15,3,3251.4,2,1,3251.3,12,2,3251.2,9,2,3251.0,10,1,3252.1,25,1,3252.2,37,2,3252.3,40,2,3252.4,55,3,3252.5,75,4
11536,2025-12-30 11:04:38+05:30,3251.5,7,3249.14,352954,106864.0,117785.0,3250.0,3257.0,3239.8,3251.5,41976375,3576.6,2926.4,4322.95,2866.6,3251.5,15,3,3251.4,2,1,3251.3,12,2,3251.2,9,2,3251.0,10,1,3252.1,25,1,3252.2,37,2,3252.3,40,2,3252.4,55,3,3252.5,75,4
11536,2025-12-30 11:04:38+05:30,3251.5,7,3249.14,352954,106887.0,117825.0,3250.0,3257.0,3239.8,3251.5,41976375,3576.6,2926.4,4322.95,2866.6,3251.5,15,3,3251.4,2,1,3251.3,12,2,3251.2,9,2,3251.0,10,1,3252.1,26,2,3252.2,62,3,3252.4,55,3,3252.5,75,4,3252.6,46,4
11536,2025-12-30 11:04:39+05:30,3251.5,1,3249.14,352954,106887.0,117825.0,3250.0,3257.0,3239.8,3251.5,41976375,3576.6,2926.4,4322.95,2866.6,3251.5,15,3,3251.4,2,1,3251.3,12,2,3251.2,9,2,3251.0,10,1,3252.1,26,2,3252.2,62,3,3252.4,55,3,3252.5,75,4,3252.6,46,4
11536,2025-12-30 11:04:39+05:30,3251.9,1,3249.14,352956,106685.0,118296.0,3250.0,3257.0,3239.8,3251.5,41976375,3576.6,2926.4,4322.95,2866.6,3251.5,14,3,3251.4,2,1,3251.3,12,2,3251.2,9,2,3251.0,10,1,3251.9,26,2,3252.0,25,1,3252.1,1,1,3252.2,37,2,3252.4,70,4
11536,2025-12-30 11:04:40+05:30,3251.5,2,3249.14,352956,106685.0,118296.0,3250.0,3257.0,3239.8,3251.5,41976375,3576.6,2926.4,4322.95,2866.6,3251.5,14,3,3251.4,2,1,3251.3,12,2,3251.2,9,2,3251.0,10,1,3251.9,26,2,3252.0,25,1,3252.1,1,1,3252.2,37,2,3252.4,70,4
11536,2025-12-30 11:04:41+05:30,3251.9,1,3249.14,352959,106598.0,118305.0,3250.0,3257.0,3239.8,3251.5,41976375,3576.6,2926.4,4322.95,2866.6,3251.5,23,3,3251.4,2,1,3251.3,12,2,3251.2,9,2,3251.0,10,1,3251.9,26,2,3252.0,25,1,3252.2,37,2,3252.4,70,4,3252.5,75,4
11536,2025-12-30 11:04:41+05:30,3251.9,1,3249.14,352959,106598.0,118305.0,3250.0,3257.0,3239.8,3251.5,41976375,3576.6,2926.4,4322.95,2866.6,3251.5,23,3,3251.4,2,1,3251.3,12,2,3251.2,9,2,3251.0,10,1,3251.9,26,2,3252.0,25,1,3252.2,37,2,3252.4,70,4,3252.5,75,4
11536,2025-12-30 11:04:42+05:30,3251.9,1,3249.14,352959,106480.0,117917.0,3250.0,3257.0,3239.8,3251.5,41976375,3576.6,2926.4,4322.95,2866.6,3251.5,23,3,3251.4,2,1,3251.3,12,2,3251.2,9,2,3251.0,29,2,3251.9,26,2,3252.0,25,1,3252.2,28,1,3252.4,40,2,3252.5,19,2
11536,2025-12-30 11:04:42+05:30,3251.5,1,3249.14,352959,106480.0,117917.0,3250.0,3257.0,3239.8,3251.5,41976375,3576.6,2926.4,4322.95,2866.6,3251.5,23,3,3251.4,2,1,3251.3,12,2,3251.2,9,2,3251.0,29,2,3251.9,26,2,3252.0,25,1,3252.2,28,1,3252.4,40,2,3252.5,19,2
11536,2025-12-30 11:04:43+05:30,3251.5,1,3249.14,352965,106332.0,118057.0,3250.0,3257.0,3239.8,3251.5,41976375,3576.6,2926.4,4322.95,2866.6,3251.5,69,4,3251.4,2,1,3251.3,12,2,3251.2,9,2,3251.0,10,1,3252.2,49,3,3252.3,24,1,3252.4,28,1,3252.5,34,3,3252.6,24,3
11536,2025-12-30 11:04:43+05:30,3251.5,1,3249.14,352965,106332.0,118057.0,3250.0,3257.0,3239.8,3251.5,41976375,3576.6,2926.4,4322.95,2866.6,3251.5,69,4,3251.4,2,1,3251.3,12,2,3251.2,9,2,3251.0,10,1,3252.2,49,3,3252.3,24,1,3252.4,28,1,3252.5,34,3,3252.6,24,3
11536,2025-12-30 11:04:43+05:30,3252.2,1,3249.14,352965,106332.0,118057.0,3250.0,3257.0,3239.8,3251.5,41976375,3576.6,2926.4,4322.95,2866.6,3251.5,69,4,3251.4,2,1,3251.3,12,2,3251.2,9,2,3251.0,10,1,3252.2,49,3,3252.3,24,1,3252.4,28,1,3252.5,34,3,3252.6,24,3
11536,2025-12-30 11:04:44+05:30,3252.2,1,3249.14,352966,106296.0,118076.0,3250.0,3257.0,3239.8,3251.5,41976375,3576.6,2926.4,4322.95,2866.6,3251.5,69,4,3251.4,2,1,3251.3,12,2,3251.2,29,3,3251.0,29,2,3252.2,49,4,3252.3,24,1,3252.4,28,1,3252.5,19,2,3252.6,24,3
11536,2025-12-30 11:04:44+05:30,3252.2,1,3249.14,352966,106296.0,118076.0,3250.0,3257.0,3239.8,3251.5,41976375,3576.6,2926.4,4322.95,2866.6,3251.5,69,4,3251.4,2,1,3251.3,12,2,3251.2,29,3,3251.0,29,2,3252.2,49,4,3252.3,24,1,3252.4,28,1,3252.5,19,2,3252.6,24,3
11536,2025-12-30 11:04:44+05:30,3251.5,1,3249.14,352967,106335.0,117925.0,3250.0,3257.0,3239.8,3251.5,41976375,3576.6,2926.4,4322.95,2866.6,3251.5,68,4,3251.4,2,1,3251.3,12,2,3251.2,9,2,3251.0,25,2,3252.2,39,3,3252.3,24,1,3252.4,28,1,3252.5,34,3,3252.6,5,2
11536,2025-12-30 11:04:45+05:30,3251.5,1,3249.14,352967,106335.0,117925.0,3250.0,3257.0,3239.8,3251.5,41976375,3576.6,2926.4,4322.95,2866.6,3251.5,68,4,3251.4,2,1,3251.3,12,2,3251.2,9,2,3251.0,25,2,3252.2,39,3,3252.3,24,1,3252.4,28,1,3252.5,34,3,3252.6,5,2
11536,2025-12-30 11:04:45+05:30,3251.5,1,3249.14,352967,106335.0,117925.0,3250.0,3257.0,3239.8,3251.5,41976375,3576.6,2926.4,4322.95,2866.6,3251.5,68,4,3251.4,2,1,3251.3,12,2,3251.2,9,2,3251.0,25,2,3252.2,39,3,3252.3,24,1,3252.4,28,1,3252.5,34,3,3252.6,5,2
11536,2025-12-30 11:04:45+05:30,3251.5,1,3249.14,352970,106340.0,117993.0,3250.0,3257.0,3239.8,3251.5,41976375,3576.6,2926.4,4322.95,2866.6,3251.5,66,4,3251.4,2,1,3251.3,12,2,3251.2,9,2,3251.0,25,2,3252.2,98,5,3252.3,24,1,3252.4,28,1,3252.5,34,3,3252.6,5,2
11536,2025-12-30 11:04:46+05:30,3252.2,1,3249.14,352970,106340.0,117993.0,3250.0,3257.0,3239.8,3251.5,41976375,3576.6,2926.4,4322.95,2866.6,3251.5,66,4,3251.4,2,1,3251.3,12,2,3251.2,9,2,3251.0,25,2,3252.2,98,5,3252.3,24,1,3252.4,28,1,3252.5,34,3,3252.6,5,2
11536,2025-12-30 11:04:46+05:30,3252.2,1,3249.14,352970,106340.0,117993.0,3250.0,3257.0,3239.8,3251.5,41976375,3576.6,2926.4,4322.95,2866.6,3251.5,66,4,3251.4,2,1,3251.3,12,2,3251.2,9,2,3251.0,25,2,3252.2,98,5,3252.3,24,1,3252.4,28,1,3252.5,34,3,3252.6,5,2
11536,2025-12-30 11:04:46+05:30,3252.2,1,3249.14,352971,106299.0,117964.0,3250.0,3257.0,3239.8,3251.5,41976375,3576.6,2926.4,4322.95,2866.6,3251.5,66,4,3251.4,2,1,3251.3,12,2,3251.2,9,2,3251.1,19,1,3252.2,71,6,3252.3,24,1,3252.4,28,1,3252.5,34,3,3252.6,23,3
11536,2025-12-30 11:04:47+05:30,3251.5,1,3249.14,352971,106299.0,117964.0,3250.0,3257.0,3239.8,3251.5,41976375,3576.6,2926.4,4322.95,2866.6,3251.5,66,4,3251.4,2,1,3251.3,12,2,3251.2,9,2,3251.1,19,1,3252.2,71,6,3252.3,24,1,3252.4,28,1,3252.5,34,3,3252.6,23,3
11536,2025-12-30 11:04:47+05:30,3251.5,1,3249.14,352971,106299.0,117964.0,3250.0,3257.0,3239.8,3251.5,41976375,3576.6,2926.4,4322.95,2866.6,3251.5,66,4,3251.4,2,1,3251.3,12,2,3251.2,9,2,3251.1,19,1,3252.2,71,6,3252.3,24,1,3252.4,28,1,3252.5,34,3,3252.6,23,3
11536,2025-12-30 11:04:47+05:30,3251.5,1,3249.14,352972,106305.0,117956.0,3250.0,3257.0,3239.8,3251.5,41976375,3576.6,2926.4,4322.95,2866.6,3251.5,65,4,3251.4,2,1,3251.3,12,2,3251.2,9,2,3251.1,19,1,3252.2,71,6,3252.3,24,1,3252.4,28,1,3252.5,19,2,3252.6,23,3
11536,2025-12-30 11:04:48+05:30,3251.5,1,3249.14,352972,106305.0,117956.0,3250.0,3257.0,3239.8,3251.5,41976375,3576.6,2926.4,4322.95,2866.6,3251.5,65,4,3251.4,2,1,3251.3,12,2,3251.2,9,2,3251.1,19,1,3252.2,71,6,3252.3,24,1,3252.4,28,1,3252.5,19,2,3252.6,23,3
11536,2025-12-30 11:04:48+05:30,3251.5,1,3249.14,352972,106305.0,117956.0,3250.0,3257.0,3239.8,3251.5,41976375,3576.6,2926.4,4322.95,2866.6,3251.5,65,4,3251.4,2,1,3251.3,12,2,3251.2,9,2,3251.1,19,1,3252.2,71,6,3252.3,24,1,3252.4,28,1,3252.5,19,2,3252.6,23,3
11536,2025-12-30 11:04:48+05:30,3252.2,1,3249.15,352981,106643.0,117783.0,3250.0,3257.0,3239.8,3251.5,41976375,3576.6,2926.4,4322.95,2866.6,3251.5,67,4,3251.4,2,1,3251.3,12,2,3251.2,9,2,3251.0,29,2,3252.2,70,6,3252.3,24,1,3252.5,19,2,3252.6,5,2,3252.7,200,3
11536,2025-12-30 11:04:49+05:30,3252.2,1,3249.15,352981,106643.0,117783.0,3250.0,3257.0,3239.8,3251.5,41976375,3576.6,2926.4,4322.95,2866.6,3251.5,67,4,3251.4,2,1,3251.3,12,2,3251.2,9,2,3251.0,29,2,3252.2,70,6,3252.3,24,1,3252.5,19,2,3252.6,5,2,3252.7,200,3
11536,2025-12-30 11:04:49+05:30,3251.5,5,3249.15,352981,106643.0,117783.0,3250.0,3257.0,3239.8,3251.5,41976375,3576.6,2926.4,4322.95,2866.6,3251.5,67,4,3251.4,2,1,3251.3,12,2,3251.2,9,2,3251.0,29,2,3252.2,70,6,3252.3,24,1,3252.5,19,2,3252.6,5,2,3252.7,200,3
11536,2025-12-30 11:04:49+05:30,3251.5,5,3249.15,352986,106646.0,117809.0,3250.0,3257.0,3239.8,3251.5,41976375,3576.6,2926.4,4322.95,2866.6,3251.5,62,4,3251.4,2,1,3251.3,12,2,3251.2,9,2,3251.0,29,2,3252.2,69,5,3252.3,24,1,3252.5,61,4,3252.6,5,2,3252.7,42,2
11536,2025-12-30 11:04:50+05:30,3251.5,5,3249.15,352986,106646.0,117809.0,3250.0,3257.0,3239.8,3251.5,41976375,3576.6,2926.4,4322.95,2866.6,3251.5,62,4,3251.4,2,1,3251.3,12,2,3251.2,9,2,3251.0,29,2,3252.2,69,5,3252.3,24,1,3252.5,61,4,3252.6,5,2,3252.7,42,2
11536,2025-12-30 11:04:50+05:30,3251.5,2,3249.15,352986,106646.0,117809.0,3250.0,3257.0,3239.8,3251.5,41976375,3576.6,2926.4,4322.95,2866.6,3251.5,62,4,3251.4,2,1,3251.3,12,2,3251.2,9,2,3251.0,29,2,3252.2,69,5,3252.3,24,1,3252.5,61,4,3252.6,5,2,3252.7,42,2
11536,2025-12-30 11:04:50+05:30,3251.5,2,3249.15,352989,106651.0,117732.0,3250.0,3257.0,3239.8,3251.5,41976375,3576.6,2926.4,4322.95,2866.6,3251.5,59,4,3251.4,2,1,3251.3,12,2,3251.2,9,2,3251.0,10,1,3252.2,79,5,3252.3,24,1,3252.4,14,1,3252.5,61,4,3252.6,23,3
11536,2025-12-30 11:04:50+05:30,3251.5,2,3249.15,352989,106651.0,117732.0,3250.0,3257.0,3239.8,3251.5,41976375,3576.6,2926.4,4322.95,2866.6,3251.5,59,4,3251.4,2,1,3251.3,12,2,3251.2,9,2,3251.0,10,1,3252.2,79,5,3252.3,24,1,3252.4,14,1,3252.5,61,4,3252.6,23,3
11536,2025-12-30 11:04:51+05:30,3252.2,1,3249.15,352989,106651.0,117732.0,3250.0,3257.0,3239.8,3251.5,41976375,3576.6,2926.4,4322.95,2866.6,3251.5,59,4,3251.4,2,1,3251.3,12,2,3251.2,9,2,3251.0,10,1,3252.2,79,5,3252.3,24,1,3252.4,14,1,3252.5,61,4,3252.6,23,3
11536,2025-12-30 11:04:51+05:30,3252.2,1,3249.15,352989,106651.0,117732.0,3250.0,3257.0,3239.8,3251.5,41976375,3576.6,2926.4,4322.95,2866.6,3251.5,59,4,3251.4,2,1,3251.3,12,2,3251.2,9,2,3251.0,10,1,3252.2,79,5,3252.3,24,1,3252.4,14,1,3252.5,61,4,3252.6,23,3
11536,2025-12-30 11:04:51+05:30,3251.5,1,3249.15,352992,106504.0,118251.0,3250.0,3257.0,3239.8,3251.5,41976375,3576.6,2926.4,4322.95,2866.6,3251.5,68,4,3251.4,2,1,3251.3,12,2,3251.2,9,2,3251.0,10,1,3252.1,24,1,3252.2,89,6,3252.3,43,2,3252.4,49,3,3252.5,61,4
11536,2025-12-30 11:04:52+05:30,3251.5,1,3249.15,352992,106504.0,118251.0,3250.0,3257.0,3239.8,3251.5,41976375,3576.6,2926.4,4322.95,2866.6,3251.5,68,4,3251.4,2,1,3251.3,12,2,3251.2,9,2,3251.0,10,1,3252.1,24,1,3252.2,89,6,3252.3,43,2,3252.4,49,3,3252.5,61,4
11536,2025-12-30 11:04:52+05:30,3251.5,1,3249.15,352992,106504.0,118251.0,3250.0,3257.0,3239.8,3251.5,41976375,3576.6,2926.4,4322.95,2866.6,3251.5,68,4,3251.4,2,1,3251.3,12,2,3251.2,9,2,3251.0,10,1,3252.1,24,1,3252.2,89,6,3252.3,43,2,3252.4,49,3,3252.5,61,4
11536,2025-12-30 11:04:52+05:30,3251.5,1,3249.15,352992,106551.0,118292.0,3250.0,3257.0,3239.8,3251.5,41976375,3576.6,2926.4,4322.95,2866.6,3251.5,120,5,3251.4,2,1,3251.3,12,2,3251.2,9,2,3251.0,10,1,3252.1,49,3,3252.2,47,3,3252.3,43,2,3252.4,49,3,3252.5,61,4
11536,2025-12-30 11:04:53+05:30,3251.5,1,3249.15,352992,106551.0,118292.0,3250.0,3257.0,3239.8,3251.5,41976375,3576.6,2926.4,4322.95,2866.6,3251.5,120,5,3251.4,2,1,3251.3,12,2,3251.2,9,2,3251.0,10,1,3252.1,49,3,3252.2,47,3,3252.3,43,2,3252.4,49,3,3252.5,61,4
11536,2025-12-30 11:04:53+05:30,3251.5,1,3249.15,352992,106551.0,118292.0,3250.0,3257.0,3239.8,3251.5,41976375,3576.6,2926.4,4322.95,2866.6,3251.5,120,5,3251.4,2,1,3251.3,12,2,3251.2,9,2,3251.0,10,1,3252.1,49,3,3252.2,47,3,3252.3,43,2,3252.4,49,3,3252.5,61,4
11536,2025-12-30 11:04:53+05:30,3251.5,1,3249.15,352993,106543.0,118291.0,3250.0,3257.0,3239.8,3251.5,41976375,3576.6,2926.4,4322.95,2866.6,3251.5,119,5,3251.4,2,1,3251.3,12,2,3251.2,9,2,3251.0,10,1,3252.1,63,4,3252.2,32,1,3252.3,43,2,3252.4,49,3,3252.5,61,4
11536,2025-12-30 11:04:54+05:30,3251.5,1,3249.15,352993,106543.0,118291.0,3250.0,3257.0,3239.8,3251.5,41976375,3576.6,2926.4,4322.95,2866.6,3251.5,119,5,3251.4,2,1,3251.3,12,2,3251.2,9,2,3251.0,10,1,3252.1,63,4,3252.2,32,1,3252.3,43,2,3252.4,49,3,3252.5,61,4
11536,2025-12-30 11:04:54+05:30,3251.5,1,3249.15,352994,106418.0,118256.0,3250.0,3257.0,3239.8,3251.5,41976375,3576.6,2926.4,4322.95,2866.6,3251.5,118,5,3251.4,2,1,3251.3,12,2,3251.2,9,2,3251.0,10,1,3252.0,28,3,3252.1,46,3,3252.2,60,3,3252.3,43,2,3252.4,64,4
11536,2025-12-30 11:04:55+05:30,3251.5,1,3249.15,352994,106418.0,118256.0,3250.0,3257.0,3239.8,3251.5,41976375,3576.6,2926.4,4322.95,2866.6,3251.5,118,5,3251.4,2,1,3251.3,12,2,3251.2,9,2,3251.0,10,1,3252.0,28,3,3252.1,46,3,3252.2,60,3,3252.3,43,2,3252.4,64,4
11536,2025-12-30 11:04:55+05:30,3252.0,1,3249.15,352994,106418.0,118256.0,3250.0,3257.0,3239.8,3251.5,41976375,3576.6,2926.4,4322.95,2866.6,3251.5,118,5,3251.4,2,1,3251.3,12,2,3251.2,9,2,3251.0,10,1,3252.0,28,3,3252.1,46,3,3252.2,60,3,3252.3,43,2,3252.4,64,4
11536,2025-12-30 11:04:55+05:30,3252.0,1,3249.15,352995,106427.0,118464.0,3250.0,3257.0,3239.8,3251.5,41976375,3576.6,2926.4,4322.95,2866.6,3251.5,118,5,3251.4,2,1,3251.3,12,2,3251.2,9,2,3251.0,10,1,3252.0,32,4,3252.1,24,1,3252.2,69,4,3252.3,43,2,3252.4,64,4
11536,2025-12-30 11:04:56+05:30,3252.0,1,3249.15,352995,106427.0,118464.0,3250.0,3257.0,3239.8,3251.5,41976375,3576.6,2926.4,4322.95,2866.6,3251.5,118,5,3251.4,2,1,3251.3,12,2,3251.2,9,2,3251.0,10,1,3252.0,32,4,3252.1,24,1,3252.2,69,4,3252.3,43,2,3252.4,64,4
11536,2025-12-30 11:04:56+05:30,3252.0,1,3249.15,352995,106427.0,118464.0,3250.0,3257.0,3239.8,3251.5,41976375,3576.6,2926.4,4322.95,2866.6,3251.5,118,5,3251.4,2,1,3251.3,12,2,3251.2,9,2,3251.0,10,1,3252.0,32,4,3252.1,24,1,3252.2,69,4,3252.3,43,2,3252.4,64,4
11536,2025-12-30 11:04:57+05:30,3251.5,1,3249.15,352995,106427.0,118464.0,3250.0,3257.0,3239.8,3251.5,41976375,3576.6,2926.4,4322.95,2866.6,3251.5,118,5,3251.4,2,1,3251.3,12,2,3251.2,9,2,3251.0,10,1,3252.0,32,4,3252.1,24,1,3252.2,69,4,3252.3,43,2,3252.4,64,4
11536,2025-12-30 11:04:57+05:30,3251.5,1,3249.15,352996,106417.0,117263.0,3250.0,3257.0,3239.8,3251.5,41976375,3576.6,2926.4,4322.95,2866.6,3251.5,117,5,3251.4,2,1,3251.3,12,2,3251.2,9,2,3251.0,10,1,3252.0,120,7,3252.1,32,2,3252.2,14,1,3252.3,26,1,3252.4,45,3
11536,2025-12-30 11:04:58+05:30,3251.5,1,3249.15,352996,106417.0,117263.0,3250.0,3257.0,3239.8,3251.5,41976375,3576.6,2926.4,4322.95,2866.6,3251.5,117,5,3251.4,2,1,3251.3,12,2,3251.2,9,2,3251.0,10,1,3252.0,120,7,3252.1,32,2,3252.2,14,1,3252.3,26,1,3252.4,45,3
11536,2025-12-30 11:04:58+05:30,3251.5,44,3249.15,352996,106417.0,117263.0,3250.0,3257.0,3239.8,3251.5,41976375,3576.6,2926.4,4322.95,2866.6,3251.5,117,5,3251.4,2,1,3251.3,12,2,3251.2,9,2,3251.0,10,1,3252.0,120,7,3252.1,32,2,3252.2,14,1,3252.3,26,1,3252.4,45,3
11536,2025-12-30 11:04:58+05:30,3251.5,44,3249.15,353249,106249.0,118550.0,3250.0,3257.0,3239.8,3251.5,41976375,3576.6,2926.4,4322.95,2866.6,3251.5,13,1,3251.4,2,1,3251.3,12,2,3251.2,9,2,3251.0,10,1,3251.8,24,1,3251.9,24,1,3252.0,94,5,3252.2,18,1,3252.3,26,1
11536,2025-12-30 11:04:59+05:30,3251.5,1,3249.15,353249,106249.0,118550.0,3250.0,3257.0,3239.8,3251.5,41976375,3576.6,2926.4,4322.95,2866.6,3251.5,13,1,3251.4,2,1,3251.3,12,2,3251.2,9,2,3251.0,10,1,3251.8,24,1,3251.9,24,1,3252.0,94,5,3252.2,18,1,3252.3,26,1
11536,2025-12-30 11:04:59+05:30,3251.5,1,3249.15,353250,105908.0,118218.0,3250.0,3257.0,3239.8,3251.5,41976375,3576.6,2926.4,4322.95,2866.6,3251.5,12,1,3251.4,2,1,3251.3,12,2,3251.2,9,2,3251.0,10,1,3251.8,3,1,3251.9,24,1,3252.0,93,4,3252.2,24,1,3252.3,44,2
11536,2025-12-30 11:04:59+05:30,3251.5,1,3249.15,353250,105908.0,118218.0,3250.0,3257.0,3239.8,3251.5,41976375,3576.6,2926.4,4322.95,2866.6,3251.5,12,1,3251.4,2,1,3251.3,12,2,3251.2,9,2,3251.0,10,1,3251.8,3,1,3251.9,24,1,3252.0,93,4,3252.2,24,1,3252.3,44,2
11536,2025-12-30 11:05:00+05:30,3251.9,3,3249.15,353250,105908.0,118218.0,3250.0,3257.0,3239.8,3251.5,41976375,3576.6,2926.4,4322.95,2866.6,3251.5,12,1,3251.4,2,1,3251.3,12,2,3251.2,9,2,3251.0,10,1,3251.8,3,1,3251.9,24,1,3252.0,93,4,3252.2,24,1,3252.3,44,2
11536,2025-12-30 11:05:00+05:30,3251.9,3,3249.15,353418,106156.0,118260.0,3250.0,3257.0,3239.8,3251.5,41976375,3576.6,2926.4,4322.95,2866.6,3251.3,12,2,3251.2,9,2,3251.1,16,1,3251.0,26,2,3250.9,42,2,3251.9,20,1,3252.0,79,3,3252.3,26,1,3252.4,45,3,3252.5,62,3
11536,2025-12-30 11:05:01+05:30,3251.9,3,3249.15,353418,106156.0,118260.0,3250.0,3257.0,3239.8,3251.5,42005425,3576.6,2926.4,4322.95,2866.6,3251.3,12,2,3251.2,9,2,3251.1,16,1,3251.0,26,2,3250.9,42,2,3251.9,20,1,3252.0,79,3,3252.3,26,1,3252.4,45,3,3252.5,62,3
11536,2025-12-30 11:05:01+05:30,3251.9,2,3249.15,353418,106156.0,118260.0,3250.0,3257.0,3239.8,3251.5,42005425,3576.6,2926.4,4322.95,2866.6,3251.3,12,2,3251.2,9,2,3251.1,16,1,3251.0,26,2,3250.9,42,2,3251.9,20,1,3252.0,79,3,3252.3,26,1,3252.4,45,3,3252.5,62,3
11536,2025-12-30 11:05:01+05:30,3251.9,2,3249.15,353420,106439.0,118261.0,3250.0,3257.0,3239.8,3251.5,42005425,3576.6,2926.4,4322.95,2866.6,3251.5,2,1,3251.3,12,2,3251.2,9,2,3251.0,10,1,3250.8,245,3,3251.9,4,2,3252.0,79,3,3252.1,23,1,3252.2,23,1,3252.3,26,1
11536,2025-12-30 11:05:02+05:30,3251.9,1,3249.15,353420,106439.0,118261.0,3250.0,3257.0,3239.8,3251.5,42005425,3576.6,2926.4,4322.95,2866.6,3251.5,2,1,3251.3,12,2,3251.2,9,2,3251.0,10,1,3250.8,245,3,3251.9,4,2,3252.0,79,3,3252.1,23,1,3252.2,23,1,3252.3,26,1
11536,2025-12-30 11:05:02+05:30,3251.9,1,3249.15,353421,106638.0,118917.0,3250.0,3257.0,3239.8,3251.5,42005425,3576.6,2926.4,4322.95,2866.6,3251.5,2,1,3251.3,12,2,3251.2,9,2,3251.0,25,2,3250.9,80,2,3251.9,3,2,3252.0,79,3,3252.1,23,1,3252.2,23,1,3252.3,26,1
11536,2025-12-30 11:05:03+05:30,3251.9,1,3249.15,353421,106638.0,118917.0,3250.0,3257.0,3239.8,3251.5,42005425,3576.6,2926.4,4322.95,2866.6,3251.5,2,1,3251.3,12,2,3251.2,9,2,3251.0,25,2,3250.9,80,2,3251.9,3,2,3252.0,79,3,3252.1,23,1,3252.2,23,1,3252.3,26,1
11536,2025-12-30 11:05:03+05:30,3250.8,1,3249.15,353421,106638.0,118917.0,3250.0,3257.0,3239.8,3251.5,42005425,3576.6,2926.4,4322.95,2866.6,3251.5,2,1,3251.3,12,2,3251.2,9,2,3251.0,25,2,3250.9,80,2,3251.9,3,2,3252.0,79,3,3252.1,23,1,3252.2,23,1,3252.3,26,1
11536,2025-12-30 11:05:03+05:30,3250.8,1,3249.15,353583,105257.0,118848.0,3250.0,3257.0,3239.8,3251.5,42005425,3576.6,2926.4,4322.95,2866.6,3250.8,3,1,3250.7,38,4,3250.6,72,3,3250.5,39,2,3250.4,141,7,3251.0,84,2,3251.5,6,2,3251.9,3,2,3252.0,79,3,3252.2,48,2
11536,2025-12-30 11:05:04+05:30,3251.0,1,3249.15,353583,105257.0,118848.0,3250.0,3257.0,3239.8,3251.5,42005425,3576.6,2926.4,4322.95,2866.6,3250.8,3,1,3250.7,38,4,3250.6,72,3,3250.5,39,2,3250.4,141,7,3251.0,84,2,3251.5,6,2,3251.9,3,2,3252.0,79,3,3252.2,48,2
11536,2025-12-30 11:05:04+05:30,3251.0,1,3249.15,353585,105248.0,118976.0,3250.0,3257.0,3239.8,3251.5,42005425,3576.6,2926.4,4322.95,2866.6,3250.8,59,3,3250.7,27,4,3250.6,90,4,3250.5,47,3,3250.4,141,7,3251.0,83,2,3251.5,6,2,3251.9,63,2,3252.0,128,5,3252.2,98,3
11536,2025-12-30 11:05:05+05:30,3251.0,1,3249.15,353585,105248.0,118976.0,3250.0,3257.0,3239.8,3251.5,42005425,3576.6,2926.4,4322.95,2866.6,3250.8,59,3,3250.7,27,4,3250.6,90,4,3250.5,47,3,3250.4,141,7,3251.0,83,2,3251.5,6,2,3251.9,63,2,3252.0,128,5,3252.2,98,3
11536,2025-12-30 11:05:05+05:30,3250.7,27,3249.15,353723,103986.0,119339.0,3250.0,3257.0,3239.8,3251.5,42005425,3576.6,2926.4,4322.95,2866.6,3250.6,41,2,3250.5,22,1,3250.4,65,3,3250.3,29,1,3250.2,78,4,3250.7,69,1,3250.8,1,1,3251.0,3,2,3251.8,21,1,3251.9,63,2
11536,2025-12-30 11:05:06+05:30,3250.4,3,3249.15,353723,103986.0,119339.0,3250.0,3257.0,3239.8,3251.5,42005425,3576.6,2926.4,4322.95,2866.6,3250.6,41,2,3250.5,22,1,3250.4,65,3,3250.3,29,1,3250.2,78,4,3250.7,69,1,3250.8,1,1,3251.0,3,2,3251.8,21,1,3251.9,63,2
11536,2025-12-30 11:05:06+05:30,3250.4,3,3249.15,353726,103636.0,119955.0,3250.0,3257.0,3239.8,3251.5,42005425,3576.6,2926.4,4322.95,2866.6,3250.4,32,2,3250.3,29,1,3250.2,101,5,3250.1,405,6,3250.0,540,13,3250.7,72,2,3250.8,1,1,3251.0,3,2,3251.8,21,1,3251.9,61,1
11536,2025-12-30 11:05:07+05:30,3250.4,1,3249.15,353726,103636.0,119955.0,3250.0,3257.0,3239.8,3251.5,42005425,3576.6,2926.4,4322.95,2866.6,3250.4,32,2,3250.3,29,1,3250.2,101,5,3250.1,405,6,3250.0,540,13,3250.7,72,2,3250.8,1,1,3251.0,3,2,3251.8,21,1,3251.9,61,1
11536,2025-12-30 11:05:07+05:30,3250.4,1,3249.15,353738,103086.0,120045.0,3250.0,3257.0,3239.8,3251.5,42005425,3576.6,2926.4,4322.95,2866.6,3250.3,14,1,3250.2,85,5,3250.1,88,6,3250.0,540,13,3249.9,88,4,3250.7,74,4,3250.8,1,1,3251.7,30,2,3251.8,21,1,3251.9,61,1
11536,2025-12-30 11:05:08+05:30,3250.3,1,3249.15,353738,103086.0,120045.0,3250.0,3257.0,3239.8,3251.5,42005425,3576.6,2926.4,4322.95,2866.6,3250.3,14,1,3250.2,85,5,3250.1,88,6,3250.0,540,13,3249.9,88,4,3250.7,74,4,3250.8,1,1,3251.7,30,2,3251.8,21,1,3251.9,61,1
11536,2025-12-30 11:05:08+05:30,3250.3,1,3249.15,354046,101655.0,119879.0,3250.0,3257.0,3239.8,3251.5,42005425,3576.6,2926.4,4322.95,2866.6,3250.1,122,9,3250.0,470,10,3249.9,59,3,3249.8,147,6,3249.7,79,4,3250.3,7,2,3250.4,5,1,3250.7,16,3,3251.6,21,1,3251.7,30,2
11536,2025-12-30 11:05:09+05:30,3250.1,1,3249.15,354046,101655.0,119879.0,3250.0,3257.0,3239.8,3251.5,42005425,3576.6,2926.4,4322.95,2866.6,3250.1,122,9,3250.0,470,10,3249.9,59,3,3249.8,147,6,3249.7,79,4,3250.3,7,2,3250.4,5,1,3250.7,16,3,3251.6,21,1,3251.7,30,2
11536,2025-12-30 11:05:09+05:30,3250.1,1,3249.15,354050,101754.0,119899.0,3250.0,3257.0,3239.8,3251.5,42005425,3576.6,2926.4,4322.95,2866.6,3250.1,126,7,3250.0,570,11,3249.9,59,3,3249.8,170,7,3249.7,78,3,3250.3,139,6,3250.4,5,1,3250.7,14,1,3251.6,21,1,3251.7,30,2
11536,2025-12-30 11:05:10+05:30,3250.1,38,3249.15,354050,101754.0,119899.0,3250.0,3257.0,3239.8,3251.5,42005425,3576.6,2926.4,4322.95,2866.6,3250.1,126,7,3250.0,570,11,3249.9,59,3,3249.8,170,7,3249.7,78,3,3250.3,139,6,3250.4,5,1,3250.7,14,1,3251.6,21,1,3251.7,30,2
11536,2025-12-30 11:05:10+05:30,3250.1,38,3249.15,354163,101725.0,119646.0,3250.0,3257.0,3239.8,3251.5,42005425,3576.6,2926.4,4322.95,2866.6,3250.1,50,5,3250.0,590,12,3249.9,75,4,3249.8,188,8,3249.7,79,4,3250.3,150,7,3251.6,21,1,3251.7,30,2,3251.8,21,1,3252.0,353,6
11536,2025-12-30 11:05:11+05:30,3250.1,2,3249.15,354163,101725.0,119646.0,3250.0,3257.0,3239.8,3251.5,42005425,3576.6,2926.4,4322.95,2866.6,3250.1,50,5,3250.0,590,12,3249.9,75,4,3249.8,188,8,3249.7,79,4,3250.3,150,7,3251.6,21,1,3251.7,30,2,3251.8,21,1,3252.0,353,6
11536,2025-12-30 11:05:11+05:30,3250.1,2,3249.15,354170,101727.0,119652.0,3250.0,3257.0,3239.8,3251.5,42005425,3576.6,2926.4,4322.95,2866.6,3250.1,43,4,3250.0,590,12,3249.9,75,4,3249.8,188,8,3249.7,78,3,3250.3,152,8,3251.6,21,1,3251.7,30,2,3251.8,21,1,3252.0,353,6
11536,2025-12-30 11:05:12+05:30,3250.1,11,3249.15,354193,101719.0,119648.0,3250.0,3257.0,3239.8,3251.5,42005425,3576.6,2926.4,4322.95,2866.6,3250.1,23,3,3250.0,577,11,3249.9,75,4,3249.8,188,8,3249.7,78,3,3250.3,148,6,3251.6,21,1,3251.7,30,2,3251.8,21,1,3252.0,353,6
11536,2025-12-30 11:05:12+05:30,3250.1,11,3249.15,354193,101719.0,119648.0,3250.0,3257.0,3239.8,3251.5,42005425,3576.6,2926.4,4322.95,2866.6,3250.1,23,3,3250.0,577,11,3249.9,75,4,3249.8,188,8,3249.7,78,3,3250.3,148,6,3251.6,21,1,3251.7,30,2,3251.8,21,1,3252.0,353,6
11536,2025-12-30 11:05:13+05:30,3250.3,1,3249.15,354211,101731.0,119602.0,3250.0,3257.0,3239.8,3251.5,42005425,3576.6,2926.4,4322.95,2866.6,3250.1,22,4,3250.0,591,12,3249.9,75,4,3249.8,165,7,3249.7,101,5,3250.3,145,7,3251.6,21,1,3251.7,30,2,3251.8,21,1,3252.0,353,6
11536,2025-12-30 11:05:13+05:30,3250.3,1,3249.15,354211,101731.0,119602.0,3250.0,3257.0,3239.8,3251.5,42005425,3576.6,2926.4,4322.95,2866.6,3250.1,22,4,3250.0,591,12,3249.9,75,4,3249.8,165,7,3249.7,101,5,3250.3,145,7,3251.6,21,1,3251.7,30,2,3251.8,21,1,3252.0,353,6
11536,2025-12-30 11:05:14+05:30,3250.3,1,3249.15,354211,101731.0,119650.0,3250.0,3257.0,3239.8,3251.5,42005425,3576.6,2926.4,4322.95,2866.6,3250.1,22,4,3250.0,591,12,3249.9,75,4,3249.8,165,7,3249.7,101,5,3250.3,145,7,3251.6,21,1,3251.7,30,2,3251.8,21,1,3251.9,73,2
11536,2025-12-30 11:05:14+05:30,3250.1,2,3249.15,354211,101731.0,119650.0,3250.0,3257.0,3239.8,3251.5,42005425,3576.6,2926.4,4322.95,2866.6,3250.1,22,4,3250.0,591,12,3249.9,75,4,3249.8,165,7,3249.7,101,5,3250.3,145,7,3251.6,21,1,3251.7,30,2,3251.8,21,1,3251.9,73,2
11536,2025-12-30 11:05:15+05:30,3250.3,1,3249.15,354243,101731.0,119780.0,3250.0,3257.0,3239.8,3251.5,42005425,3576.6,2926.4,4322.95,2866.6,3250.1,22,4,3250.0,568,11,3249.9,75,4,3249.8,165,7,3249.7,124,6,3250.3,124,6,3251.6,21,1,3251.7,28,1,3251.8,21,1,3251.9,27,1
11536,2025-12-30 11:05:15+05:30,3250.3,1,3249.15,354243,101731.0,119780.0,3250.0,3257.0,3239.8,3251.5,42005425,3576.6,2926.4,4322.95,2866.6,3250.1,22,4,3250.0,568,11,3249.9,75,4,3249.8,165,7,3249.7,124,6,3250.3,124,6,3251.6,21,1,3251.7,28,1,3251.8,21,1,3251.9,27,1
11536,2025-12-30 11:05:16+05:30,3250.3,1,3249.15,354249,101752.0,119699.0,3250.0,3257.0,3239.8,3251.5,42005425,3576.6,2926.4,4322.95,2866.6,3250.1,22,4,3250.0,568,11,3249.9,75,4,3249.8,188,8,3249.7,122,6,3250.3,119,7,3251.7,28,1,3251.8,21,1,3251.9,27,1,3252.0,344,6
11536,2025-12-30 11:05:16+05:30,3250.3,1,3249.15,354249,101752.0,119699.0,3250.0,3257.0,3239.8,3251.5,42005425,3576.6,2926.4,4322.95,2866.6,3250.1,22,4,3250.0,568,11,3249.9,75,4,3249.8,188,8,3249.7,122,6,3250.3,119,7,3251.7,28,1,3251.8,21,1,3251.9,27,1,3252.0,344,6
11536,2025-12-30 11:05:17+05:30,3250.3,1,3249.15,354377,104226.0,118519.0,3250.0,3257.0,3239.8,3251.5,42005425,3576.6,2926.4,4322.95,2866.6,3250.6,60,4,3250.5,216,4,3250.4,117,6,3250.3,105,5,3250.2,241,10,3251.9,102,5,3252.0,2,1,3252.2,78,2,3252.4,16,1,3252.5,45,2
11536,2025-12-30 11:05:17+05:30,3250.3,1,3249.15,354377,104226.0,118519.0,3250.0,3257.0,3239.8,3251.5,42005425,3576.6,2926.4,4322.95,2866.6,3250.6,60,4,3250.5,216,4,3250.4,117,6,3250.3,105,5,3250.2,241,10,3251.9,102,5,3252.0,2,1,3252.2,78,2,3252.4,16,1,3252.5,45,2
11536,2025-12-30 11:05:18+05:30,3251.9,2,3249.15,354500,105663.0,117658.0,3250.0,3257.0,3239.8,3251.5,42005425,3576.6,2926.4,4322.95,2866.6,3250.9,44,3,3250.8,75,3,3250.7,105,4,3250.6,186,8,3250.5,93,4,3251.9,3,2,3252.0,2,1,3252.2,50,1,3252.5,44,2,3252.7,32,4
11536,2025-12-30 11:05:18+05:30,3251.9,2,3249.15,354500,105663.0,117658.0,3250.0,3257.0,3239.8,3251.5,42005425,3576.6,2926.4,4322.95,2866.6,3250.9,44,3,3250.8,75,3,3250.7,105,4,3250.6,186,8,3250.5,93,4,3251.9,3,2,3252.0,2,1,3252.2,50,1,3252.5,44,2,3252.7,32,4
11536,2025-12-30 11:05:19+05:30,3250.9,10,3249.15,354539,105681.0,117819.0,3250.0,3257.0,3239.8,3251.5,42005425,3576.6,2926.4,4322.95,2866.6,3250.9,96,7,3250.8,95,4,3250.7,116,4,3250.6,162,8,3250.5,93,4,3251.9,3,1,3252.0,2,1,3252.2,50,1,3252.5,44,2,3252.7,32,4
11536,2025-12-30 11:05:19+05:30,3250.9,10,3249.15,354539,105681.0,117819.0,3250.0,3257.0,3239.8,3251.5,42005425,3576.6,2926.4,4322.95,2866.6,3250.9,96,7,3250.8,95,4,3250.7,116,4,3250.6,162,8,3250.5,93,4,3251.9,3,1,3252.0,2,1,3252.2,50,1,3252.5,44,2,3252.7,32,4
11536,2025-12-30 11:05:20+05:30,3251.9,1,3249.15,354540,106044.0,118413.0,3250.0,3257.0,3239.8,3251.5,42005425,3576.6,2926.4,4322.95,2866.6,3251.5,1,1,3251.0,47,2,3250.9,56,4,3250.8,34,3,3250.7,162,1,3251.9,4,2,3252.0,2,1,3252.1,24,1,3252.2,67,2,3252.3,46,2
11536,2025-12-30 11:05:20+05:30,3251.5,1,3249.15,354540,106044.0,118413.0,3250.0,3257.0,3239.8,3251.5,42005425,3576.6,2926.4,4322.95,2866.6,3251.5,1,1,3251.0,47,2,3250.9,56,4,3250.8,34,3,3250.7,162,1,3251.9,4,2,3252.0,2,1,3252.1,24,1,3252.2,67,2,3252.3,46,2
11536,2025-12-30 11:05:21+05:30,3251.5,1,3249.15,354541,105162.0,118059.0,3250.0,3257.0,3239.8,3251.5,42005425,3576.6,2926.4,4322.95,2866.6,3250.9,53,3,3250.8,21,2,3250.7,94,4,3250.6,55,4,3250.5,67,3,3251.5,1,1,3251.9,2,1,3252.0,2,1,3252.2,67,2,3252.3,38,2
11536,2025-12-30 11:05:21+05:30,3250.9,7,3249.15,354541,105162.0,118059.0,3250.0,3257.0,3239.8,3251.5,42005425,3576.6,2926.4,4322.95,2866.6,3250.9,53,3,3250.8,21,2,3250.7,94,4,3250.6,55,4,3250.5,67,3,3251.5,1,1,3251.9,2,1,3252.0,2,1,3252.2,67,2,3252.3,38,2
11536,2025-12-30 11:05:22+05:30,3250.9,3,3249.15,354603,105379.0,117530.0,3250.0,3257.0,3239.8,3251.5,42005425,3576.6,2926.4,4322.95,2866.6,3251.0,88,5,3250.9,87,7,3250.8,36,3,3250.7,60,3,3250.6,70,5,3251.5,2,2,3252.0,2,1,3252.2,50,1,3252.4,15,1,3252.5,45,2
11536,2025-12-30 11:05:22+05:30,3251.0,7,3249.15,354603,105379.0,117530.0,3250.0,3257.0,3239.8,3251.5,42005425,3576.6,2926.4,4322.95,2866.6,3251.0,88,5,3250.9,87,7,3250.8,36,3,3250.7,60,3,3250.6,70,5,3251.5,2,2,3252.0,2,1,3252.2,50,1,3252.4,15,1,3252.5,45,2
11536,2025-12-30 11:05:23+05:30,3251.5,1,3249.15,354645,105434.0,117503.0,3250.0,3257.0,3239.8,3251.5,42005425,3576.6,2926.4,4322.95,2866.6,3251.0,81,5,3250.9,87,7,3250.8,47,4,3250.7,61,4,3250.6,70,5,3251.5,3,3,3252.0,2,1,3252.2,50,1,3252.5,17,1,3252.6,19,1
11536,2025-12-30 11:05:23+05:30,3251.5,1,3249.15,354645,105434.0,117503.0,3250.0,3257.0,3239.8,3251.5,42005425,3576.6,2926.4,4322.95,2866.6,3251.0,81,5,3250.9,87,7,3250.8,47,4,3250.7,61,4,3250.6,70,5,3251.5,3,3,3252.0,2,1,3252.2,50,1,3252.5,17,1,3252.6,19,1
11536,2025-12-30 11:05:24+05:30,3251.5,1,3249.15,354645,105464.0,117357.0,3250.0,3257.0,3239.8,3251.5,42005425,3576.6,2926.4,4322.95,2866.6,3251.0,81,5,3250.9,87,7,3250.8,47,4,3250.7,61,4,3250.6,100,6,3251.5,4,4,3252.0,2,1,3252.2,50,1,3252.5,17,1,3252.6,19,1
11536,2025-12-30 11:05:24+05:30,3251.5,1,3249.15,354645,105464.0,117357.0,3250.0,3257.0,3239.8,3251.5,42005425,3576.6,2926.4,4322.95,2866.6,3251.0,81,5,3250.9,87,7,3250.8,47,4,3250.7,61,4,3250.6,100,6,3251.5,4,4,3252.0,2,1,3252.2,50,1,3252.5,17,1,3252.6,19,1
11536,2025-12-30 11:05:25+05:30,3252.0,2,3249.15,354663,108695.0,117641.0,3250.0,3257.0,3239.8,3251.5,42005425,3576.6,2926.4,4322.95,2866.6,3252.0,840,1,3251.4,21,1,3251.3,30,2,3251.2,48,2,3251.1,17,2,3252.2,51,2,3252.5,17,1,3252.7,14,1,3252.8,24,1,3252.9,136,3
11536,2025-12-30 11:05:25+05:30,3252.0,2,3249.15,354663,108695.0,117641.0,3250.0,3257.0,3239.8,3251.5,42005425,3576.6,2926.4,4322.95,2866.6,3252.0,840,1,3251.4,21,1,3251.3,30,2,3251.2,48,2,3251.1,17,2,3252.2,51,2,3252.5,17,1,3252.7,14,1,3252.8,24,1,3252.9,136,3
11536,2025-12-30 11:05:26+05:30,3252.2,1,3249.15,354664,108619.0,117482.0,3250.0,3257.0,3239.8,3251.5,42005425,3576.6,2926.4,4322.95,2866.6,3252.0,852,2,3251.4,21,1,3251.3,30,2,3251.2,48,2,3251.1,17,2,3252.2,50,2,3252.5,17,1,3252.7,14,1,3252.8,24,1,3252.9,136,3
11536,2025-12-30 11:05:26+05:30,3252.2,19,3249.15,354664,108619.0,117482.0,3250.0,3257.0,3239.8,3251.5,42005425,3576.6,2926.4,4322.95,2866.6,3252.0,852,2,3251.4,21,1,3251.3,30,2,3251.2,48,2,3251.1,17,2,3252.2,50,2,3252.5,17,1,3252.7,14,1,3252.8,24,1,3252.9,136,3
11536,2025-12-30 11:05:27+05:30,3252.0,6,3249.15,354689,109232.0,116284.0,3250.0,3257.0,3239.8,3251.5,42005425,3576.6,2926.4,4322.95,2866.6,3252.0,846,2,3251.5,24,1,3251.4,48,2,3251.3,3,1,3251.2,48,2,3252.2,31,2,3252.5,17,1,3252.9,136,3,3253.0,19,1,3253.1,96,4
11536,2025-12-30 11:05:27+05:30,3252.0,6,3249.15,354689,109232.0,116284.0,3250.0,3257.0,3239.8,3251.5,42005425,3576.6,2926.4,4322.95,2866.6,3252.0,846,2,3251.5,24,1,3251.4,48,2,3251.3,3,1,3251.2,48,2,3252.2,31,2,3252.5,17,1,3252.9,136,3,3253.0,19,1,3253.1,96,4
11536,2025-12-30 11:05:29+05:30,3252.5,2,3249.15,354689,109232.0,116284.0,3250.0,3257.0,3239.8,3251.5,42005425,3576.6,2926.4,4322.95,2866.6,3252.0,846,2,3251.5,24,1,3251.4,48,2,3251.3,3,1,3251.2,48,2,3252.2,31,2,3252.5,17,1,3252.9,136,3,3253.0,19,1,3253.1,96,4
11536,2025-12-30 11:05:31+05:30,3252.2,1,3249.15,354833,110382.0,115342.0,3250.0,3257.0,3239.8,3251.5,42005425,3576.6,2926.4,4322.95,2866.6,3252.0,1090,8,3251.9,24,2,3251.8,85,4,3251.7,27,2,3251.6,43,2,3252.2,13,1,3252.5,22,2,3252.9,100,1,3253.3,297,2,3253.4,31,2
11536,2025-12-30 11:05:32+05:30,3252.0,200,3249.15,354833,110382.0,115342.0,3250.0,3257.0,3239.8,3251.5,42005425,3576.6,2926.4,4322.95,2866.6,3252.0,1090,8,3251.9,24,2,3251.8,85,4,3251.7,27,2,3251.6,43,2,3252.2,13,1,3252.5,22,2,3252.9,100,1,3253.3,297,2,3253.4,31,2
11536,2025-12-30 11:05:35+05:30,3252.0,2,3249.15,354833,110382.0,115342.0,3250.0,3257.0,3239.8,3251.5,42005425,3576.6,2926.4,4322.95,2866.6,3252.0,1090,8,3251.9,24,2,3251.8,85,4,3251.7,27,2,3251.6,43,2,3252.2,13,1,3252.5,22,2,3252.9,100,1,3253.3,297,2,3253.4,31,2
11536,2025-12-30 11:05:36+05:30,3252.0,1,3249.16,355212,109017.0,116366.0,3250.0,3257.0,3239.8,3251.5,42005425,3576.6,2926.4,4322.95,2866.6,3252.0,673,6,3251.8,11,1,3251.7,19,1,3251.6,26,1,3251.5,87,5,3252.2,14,4,3252.5,21,1,3252.9,100,1,3253.1,45,2,3253.3,297,2
11536,2025-12-30 11:05:38+05:30,3252.0,1,3249.16,355212,109017.0,116366.0,3250.0,3257.0,3239.8,3251.5,42005425,3576.6,2926.4,4322.95,2866.6,3252.0,673,6,3251.8,11,1,3251.7,19,1,3251.6,26,1,3251.5,87,5,3252.2,14,4,3252.5,21,1,3252.9,100,1,3253.1,45,2,3253.3,297,2
11536,2025-12-30 11:05:41+05:30,3252.0,1,3249.16,355212,109017.0,116366.0,3250.0,3257.0,3239.8,3251.5,42005425,3576.6,2926.4,4322.95,2866.6,3252.0,673,6,3251.8,11,1,3251.7,19,1,3251.6,26,1,3251.5,87,5,3252.2,14,4,3252.5,21,1,3252.9,100,1,3253.1,45,2,3253.3,297,2
11536,2025-12-30 11:05:41+05:30,3252.0,1,3249.16,355316,109317.0,116898.0,3250.0,3257.0,3239.8,3251.5,42005425,3576.6,2926.4,4322.95,2866.6,3252.0,571,8,3251.9,10,1,3251.8,11,1,3251.5,47,3,3251.4,83,5,3252.2,9,3,3252.5,21,1,3252.8,28,1,3252.9,142,3,3253.1,45,2
11536,2025-12-30 11:05:44+05:30,3252.4,18,3249.16,355316,109317.0,116898.0,3250.0,3257.0,3239.8,3251.5,42005425,3576.6,2926.4,4322.95,2866.6,3252.0,571,8,3251.9,10,1,3251.8,11,1,3251.5,47,3,3251.4,83,5,3252.2,9,3,3252.5,21,1,3252.8,28,1,3252.9,142,3,3253.1,45,2
11536,2025-12-30 11:05:46+05:30,3252.2,1,3249.16,355354,108990.0,117164.0,3250.0,3257.0,3239.8,3251.5,42005425,3576.6,2926.4,4322.95,2866.6,3252.0,562,8,3251.9,31,2,3251.8,11,1,3251.5,18,2,3251.4,24,2,3252.2,31,2,3252.5,21,1,3252.7,29,1,3252.8,45,2,3252.9,161,4
11536,2025-12-30 11:05:47+05:30,3252.0,8,3249.16,355354,108990.0,117164.0,3250.0,3257.0,3239.8,3251.5,42005425,3576.6,2926.4,4322.95,2866.6,3252.0,562,8,3251.9,31,2,3251.8,11,1,3251.5,18,2,3251.4,24,2,3252.2,31,2,3252.5,21,1,3252.7,29,1,3252.8,45,2,3252.9,161,4
11536,2025-12-30 11:05:50+05:30,3252.2,9,3249.16,355386,108961.0,117351.0,3250.0,3257.0,3239.8,3251.5,42005425,3576.6,2926.4,4322.95,2866.6,3252.0,543,8,3251.9,31,2,3251.8,11,1,3251.5,18,2,3251.4,24,2,3252.2,18,2,3252.5,21,1,3252.6,44,2,3252.8,62,3,3252.9,146,3
11536,2025-12-30 11:05:50+05:30,3252.2,9,3249.16,355386,108961.0,117351.0,3250.0,3257.0,3239.8,3251.5,42005425,3576.6,2926.4,4322.95,2866.6,3252.0,543,8,3251.9,31,2,3251.8,11,1,3251.5,18,2,3251.4,24,2,3252.2,18,2,3252.5,21,1,3252.6,44,2,3252.8,62,3,3252.9,146,3
11536,2025-12-30 11:05:53+05:30,3252.0,82,3249.16,355386,108961.0,117351.0,3250.0,3257.0,3239.8,3251.5,42005425,3576.6,2926.4,4322.95,2866.6,3252.0,543,8,3251.9,31,2,3251.8,11,1,3251.5,18,2,3251.4,24,2,3252.2,18,2,3252.5,21,1,3252.6,44,2,3252.8,62,3,3252.9,146,3
11536,2025-12-30 11:05:55+05:30,3252.0,2,3249.16,355746,107115.0,116977.0,3250.0,3257.0,3239.8,3251.5,42005425,3576.6,2926.4,4322.95,2866.6,3252.0,489,9,3251.9,31,2,3251.8,11,1,3251.6,58,2,3251.5,18,2,3252.2,14,1,3252.6,12,1,3252.7,18,1,3252.8,35,2,3252.9,129,4
11536,2025-12-30 11:05:56+05:30,3252.0,26,3249.16,355746,107115.0,116977.0,3250.0,3257.0,3239.8,3251.5,42005425,3576.6,2926.4,4322.95,2866.6,3252.0,489,9,3251.9,31,2,3251.8,11,1,3251.6,58,2,3251.5,18,2,3252.2,14,1,3252.6,12,1,3252.7,18,1,3252.8,35,2,3252.9,129,4
11536,2025-12-30 11:05:59+05:30,3252.0,7,3249.16,355746,107115.0,116977.0,3250.0,3257.0,3239.8,3251.5,42005425,3576.6,2926.4,4322.95,2866.6,3252.0,489,9,3251.9,31,2,3251.8,11,1,3251.6,58,2,3251.5,18,2,3252.2,14,1,3252.6,12,1,3252.7,18,1,3252.8,35,2,3252.9,129,4
11536,2025-12-30 11:05:59+05:30,3252.7,1,3249.17,356154,109651.0,115493.0,3250.0,3257.0,3239.8,3251.5,42005425,3576.6,2926.4,4322.95,2866.6,3252.0,1078,8,3251.9,31,2,3251.8,11,1,3251.6,20,1,3251.5,18,2,3252.7,62,4,3252.9,112,3,3253.0,35,2,3253.1,40,3,3253.2,71,3
11536,2025-12-30 11:06:02+05:30,3252.0,2,3249.17,356154,109651.0,115493.0,3250.0,3257.0,3239.8,3251.5,42005425,3576.6,2926.4,4322.95,2866.6,3252.0,1078,8,3251.9,31,2,3251.8,11,1,3251.6,20,1,3251.5,18,2,3252.7,62,4,3252.9,112,3,3253.0,35,2,3253.1,40,3,3253.2,71,3
11536,2025-12-30 11:06:04+05:30,3252.0,1,3249.17,356282,109648.0,116221.0,3250.0,3257.0,3239.8,3251.5,42005425,3576.6,2926.4,4322.95,2866.6,3252.0,1087,10,3251.9,31,2,3251.8,11,1,3251.6,21,2,3251.5,46,3,3252.7,41,3,3252.8,31,1,3252.9,139,4,3253.0,17,1,3253.1,17,2
11536,2025-12-30 11:06:05+05:30,3252.7,1,3249.17,356282,109648.0,116221.0,3250.0,3257.0,3239.8,3251.5,42005425,3576.6,2926.4,4322.95,2866.6,3252.0,1087,10,3251.9,31,2,3251.8,11,1,3251.6,21,2,3251.5,46,3,3252.7,41,3,3252.8,31,1,3252.9,139,4,3253.0,17,1,3253.1,17,2
11536,2025-12-30 11:06:08+05:30,3252.0,16,3249.17,356282,109648.0,116221.0,3250.0,3257.0,3239.8,3251.5,42005425,3576.6,2926.4,4322.95,2866.6,3252.0,1087,10,3251.9,31,2,3251.8,11,1,3251.6,21,2,3251.5,46,3,3252.7,41,3,3252.8,31,1,3252.9,139,4,3253.0,17,1,3253.1,17,2
11536,2025-12-30 11:06:09+05:30,3252.0,1,3249.17,356367,109293.0,114094.0,3250.0,3257.0,3239.8,3251.5,42005425,3576.6,2926.4,4322.95,2866.6,3252.0,1053,10,3251.9,31,2,3251.8,11,1,3251.6,21,2,3251.5,18,2,3252.7,54,6,3252.8,31,1,3252.9,136,4,3253.0,332,3,3253.1,17,2
11536,2025-12-30 11:06:11+05:30,3252.0,1,3249.17,356367,109293.0,114094.0,3250.0,3257.0,3239.8,3251.5,42005425,3576.6,2926.4,4322.95,2866.6,3252.0,1053,10,3251.9,31,2,3251.8,11,1,3251.6,21,2,3251.5,18,2,3252.7,54,6,3252.8,31,1,3252.9,136,4,3253.0,332,3,3253.1,17,2
11536,2025-12-30 11:06:13+05:30,3252.0,818,3249.18,357286,107127.0,114653.0,3250.0,3257.0,3239.8,3251.5,42005425,3576.6,2926.4,4322.95,2866.6,3252.0,139,5,3251.9,31,2,3251.8,11,1,3251.6,1,1,3251.5,18,2,3252.7,75,3,3252.8,54,5,3252.9,115,3,3253.0,330,3,3253.1,30,2
11536,2025-12-30 11:06:14+05:30,3252.0,818,3249.18,357286,107127.0,114653.0,3250.0,3257.0,3239.8,3251.5,42005425,3576.6,2926.4,4322.95,2866.6,3252.0,139,5,3251.9,31,2,3251.8,11,1,3251.6,1,1,3251.5,18,2,3252.7,75,3,3252.8,54,5,3252.9,115,3,3253.0,330,3,3253.1,30,2
11536,2025-12-30 11:06:17+05:30,3252.0,1,3249.18,357286,107127.0,114653.0,3250.0,3257.0,3239.8,3251.5,42005425,3576.6,2926.4,4322.95,2866.6,3252.0,139,5,3251.9,31,2,3251.8,11,1,3251.6,1,1,3251.5,18,2,3252.7,75,3,3252.8,54,5,3252.9,115,3,3253.0,330,3,3253.1,30,2
11536,2025-12-30 11:06:17+05:30,3252.0,81,3249.18,357645,108265.0,117151.0,3250.0,3257.0,3239.8,3251.5,42005425,3576.6,2926.4,4322.95,2866.6,3252.0,663,3,3251.9,31,2,3251.8,11,1,3251.6,1,1,3251.5,18,2,3252.7,81,5,3252.8,26,2,3252.9,115,3,3253.0,330,3,3253.1,30,2
11536,2025-12-30 11:06:20+05:30,3252.7,1,3249.18,357645,108265.0,117151.0,3250.0,3257.0,3239.8,3251.5,42005425,3576.6,2926.4,4322.95,2866.6,3252.0,663,3,3251.9,31,2,3251.8,11,1,3251.6,1,1,3251.5,18,2,3252.7,81,5,3252.8,26,2,3252.9,115,3,3253.0,330,3,3253.1,30,2
11536,2025-12-30 11:06:22+05:30,3252.0,8,3249.18,357766,108575.0,116931.0,3250.0,3257.0,3239.8,3251.5,42005425,3576.6,2926.4,4322.95,2866.6,3252.0,739,4,3251.9,31,2,3251.8,11,1,3251.6,1,1,3251.5,18,2,3252.7,115,8,3252.8,11,1,3252.9,115,3,3253.0,352,4,3253.1,54,3
11536,2025-12-30 11:06:23+05:30,3251.5,1,3249.18,357766,108575.0,116931.0,3250.0,3257.0,3239.8,3251.5,42005425,3576.6,2926.4,4322.95,2866.6,3252.0,739,4,3251.9,31,2,3251.8,11,1,3251.6,1,1,3251.5,18,2,3252.7,115,8,3252.8,11,1,3252.9,115,3,3253.0,352,4,3253.1,54,3
11536,2025-12-30 11:06:26+05:30,3250.9,40,3249.24,365321,103558.0,122391.0,3250.0,3257.0,3239.8,3251.5,42005425,3576.6,2926.4,4322.95,2866.6,3250.8,11,1,3250.7,1,1,3250.6,6,1,3250.3,1,1,3250.2,8,1,3250.9,184,2,3251.4,20,2,3251.5,32,1,3251.7,6,1,3251.8,81,4
11536,2025-12-30 11:06:26+05:30,3250.9,40,3249.24,365321,103558.0,122391.0,3250.0,3257.0,3239.8,3251.5,42005425,3576.6,2926.4,4322.95,2866.6,3250.8,11,1,3250.7,1,1,3250.6,6,1,3250.3,1,1,3250.2,8,1,3250.9,184,2,3251.4,20,2,3251.5,32,1,3251.7,6,1,3251.8,81,4
11536,2025-12-30 11:06:28+05:30,3250.7,8,3249.24,365431,103558.0,121754.0,3250.0,3257.0,3239.8,3251.5,42005425,3576.6,2926.4,4322.95,2866.6,3250.6,31,2,3250.4,39,2,3250.3,20,2,3250.2,68,3,3250.1,38,3,3250.7,2,1,3250.8,136,4,3250.9,15,2,3251.7,35,1,3251.8,31,2
11536,2025-12-30 11:06:28+05:30,3250.7,8,3249.24,365431,103558.0,121754.0,3250.0,3257.0,3239.8,3251.5,42005425,3576.6,2926.4,4322.95,2866.6,3250.6,31,2,3250.4,39,2,3250.3,20,2,3250.2,68,3,3250.1,38,3,3250.7,2,1,3250.8,136,4,3250.9,15,2,3251.7,35,1,3251.8,31,2
11536,2025-12-30 11:06:29+05:30,3250.6,3,3249.24,365434,102927.0,121935.0,3250.0,3257.0,3239.8,3251.5,42005425,3576.6,2926.4,4322.95,2866.6,3250.6,3,1,3250.3,1,1,3250.2,41,2,3250.1,5,1,3250.0,261,13,3250.7,4,3,3250.8,136,4,3250.9,15,2,3251.4,35,1,3251.5,28,1
11536,2025-12-30 11:06:29+05:30,3250.6,4,3249.24,365434,102927.0,121935.0,3250.0,3257.0,3239.8,3251.5,42005425,3576.6,2926.4,4322.95,2866.6,3250.6,3,1,3250.3,1,1,3250.2,41,2,3250.1,5,1,3250.0,261,13,3250.7,4,3,3250.8,136,4,3250.9,15,2,3251.4,35,1,3251.5,28,1
11536,2025-12-30 11:06:30+05:30,3250.3,1,3249.24,365478,101730.0,122251.0,3250.0,3257.0,3239.8,3251.5,42005425,3576.6,2926.4,4322.95,2866.6,3250.1,5,1,3250.0,224,11,3249.9,3,1,3249.8,102,3,3249.7,32,1,3250.3,5,3,3250.6,95,3,3250.7,2,2,3250.8,1,1,3251.3,30,2
11536,2025-12-30 11:06:30+05:30,3250.1,2,3249.24,365478,101730.0,122251.0,3250.0,3257.0,3239.8,3251.5,42005425,3576.6,2926.4,4322.95,2866.6,3250.1,5,1,3250.0,224,11,3249.9,3,1,3249.8,102,3,3249.7,32,1,3250.3,5,3,3250.6,95,3,3250.7,2,2,3250.8,1,1,3251.3,30,2
11536,2025-12-30 11:06:31+05:30,3250.3,2,3249.24,365493,101590.0,122003.0,3250.0,3257.0,3239.8,3251.5,42005425,3576.6,2926.4,4322.95,2866.6,3250.0,197,9,3249.9,43,3,3249.8,79,2,3249.7,32,1,3249.6,94,5,3250.3,61,6,3250.6,95,3,3250.7,14,1,3250.8,1,1,3251.3,34,3
11536,2025-12-30 11:06:31+05:30,3250.3,2,3249.24,365493,101590.0,122003.0,3250.0,3257.0,3239.8,3251.5,42005425,3576.6,2926.4,4322.95,2866.6,3250.0,197,9,3249.9,43,3,3249.8,79,2,3249.7,32,1,3249.6,94,5,3250.3,61,6,3250.6,95,3,3250.7,14,1,3250.8,1,1,3251.3,34,3
11536,2025-12-30 11:06:32+05:30,3251.0,14,3249.25,368393,105512.0,119820.0,3250.0,3257.0,3239.8,3251.5,42005425,3576.6,2926.4,4322.95,2866.6,3251.0,488,1,3250.8,22,1,3250.6,21,1,3250.5,32,1,3250.4,64,3,3251.9,133,3,3252.0,62,2,3252.1,26,2,3252.2,59,4,3252.3,97,5
11536,2025-12-30 11:06:32+05:30,3251.0,207,3249.25,368393,105512.0,119820.0,3250.0,3257.0,3239.8,3251.5,42005425,3576.6,2926.4,4322.95,2866.6,3251.0,488,1,3250.8,22,1,3250.6,21,1,3250.5,32,1,3250.4,64,3,3251.9,133,3,3252.0,62,2,3252.1,26,2,3252.2,59,4,3252.3,97,5
11536,2025-12-30 11:06:33+05:30,3251.0,207,3249.25,368600,100776.0,118915.0,3250.0,3257.0,3239.8,3251.5,42005425,3576.6,2926.4,4322.95,2866.6,3251.0,306,2,3250.9,18,1,3250.8,48,3,3250.6,21,1,3250.4,52,3,3251.9,129,4,3252.0,50,1,3252.1,37,3,3252.2,3,1,3252.3,57,4
11536,2025-12-30 11:06:34+05:30,3251.0,33,3249.25,369466,101032.0,118824.0,3250.0,3257.0,3239.8,3251.5,42005425,3576.6,2926.4,4322.95,2866.6,3251.0,494,2,3250.8,30,2,3250.6,21,1,3250.5,15,1,3250.4,80,4,3251.9,77,5,3252.0,94,3,3252.1,17,2,3252.2,81,4,3252.3,39,3
11536,2025-12-30 11:06:34+05:30,3251.0,4,3249.25,369466,101032.0,118824.0,3250.0,3257.0,3239.8,3251.5,42005425,3576.6,2926.4,4322.95,2866.6,3251.0,494,2,3250.8,30,2,3250.6,21,1,3250.5,15,1,3250.4,80,4,3251.9,77,5,3252.0,94,3,3252.1,17,2,3252.2,81,4,3252.3,39,3
11536,2025-12-30 11:06:35+05:30,3251.9,1,3249.25,369533,101581.0,119363.0,3250.0,3257.0,3239.8,3251.5,42005425,3576.6,2926.4,4322.95,2866.6,3251.0,428,2,3250.8,30,2,3250.6,21,1,3250.4,80,4,3250.2,305,9,3251.9,158,10,3252.0,68,2,3252.1,17,2,3252.2,81,4,3252.3,46,4
11536,2025-12-30 11:06:35+05:30,3251.9,1,3249.25,369533,101581.0,119363.0,3250.0,3257.0,3239.8,3251.5,42005425,3576.6,2926.4,4322.95,2866.6,3251.0,428,2,3250.8,30,2,3250.6,21,1,3250.4,80,4,3250.2,305,9,3251.9,158,10,3252.0,68,2,3252.1,17,2,3252.2,81,4,3252.3,46,4
11536,2025-12-30 11:06:36+05:30,3251.9,2,3249.25,369795,101530.0,118953.0,3250.0,3257.0,3239.8,3251.5,42005425,3576.6,2926.4,4322.95,2866.6,3251.0,183,3,3250.8,30,2,3250.6,21,1,3250.4,82,4,3250.3,152,1,3251.9,42,6,3252.0,84,2,3252.1,17,2,3252.2,81,4,3252.3,198,5
11536,2025-12-30 11:06:36+05:30,3253.0,1,3249.25,369795,101530.0,118953.0,3250.0,3257.0,3239.8,3251.5,42005425,3576.6,2926.4,4322.95,2866.6,3251.0,183,3,3250.8,30,2,3250.6,21,1,3250.4,82,4,3250.3,152,1,3251.9,42,6,3252.0,84,2,3252.1,17,2,3252.2,81,4,3252.3,198,5
11536,2025-12-30 11:06:37+05:30,3253.0,1,3249.29,373128,103007.0,116854.0,3250.0,3257.0,3239.8,3251.5,42005425,3576.6,2926.4,4322.95,2866.6,3251.4,38,2,3251.3,17,1,3251.2,26,2,3251.1,214,5,3251.0,237,6,3252.5,16,1,3252.6,52,3,3252.7,183,7,3252.8,108,5,3252.9,21,1
11536,2025-12-30 11:06:37+05:30,3252.5,1,3249.29,373128,103007.0,116854.0,3250.0,3257.0,3239.8,3251.5,42005425,3576.6,2926.4,4322.95,2866.6,3251.4,38,2,3251.3,17,1,3251.2,26,2,3251.1,214,5,3251.0,237,6,3252.5,16,1,3252.6,52,3,3252.7,183,7,3252.8,108,5,3252.9,21,1
11536,2025-12-30 11:06:38+05:30,3251.4,10,3249.29,373177,103872.0,119519.0,3250.0,3257.0,3239.8,3251.5,42005425,3576.6,2926.4,4322.95,2866.6,3251.3,1,1,3251.2,3,1,3251.1,11,1,3251.0,183,3,3250.9,29,1,3251.4,39,1,3252.4,43,2,3252.5,109,4,3252.6,94,5,3252.7,172,5
11536,2025-12-30 11:06:38+05:30,3251.3,4,3249.29,373177,103872.0,119519.0,3250.0,3257.0,3239.8,3251.5,42005425,3576.6,2926.4,4322.95,2866.6,3251.3,1,1,3251.2,3,1,3251.1,11,1,3251.0,183,3,3250.9,29,1,3251.4,39,1,3252.4,43,2,3252.5,109,4,3252.6,94,5,3252.7,172,5
11536,2025-12-30 11:06:39+05:30,3251.3,4,3249.29,373181,103649.0,119655.0,3250.0,3257.0,3239.8,3251.5,42005425,3576.6,2926.4,4322.95,2866.6,3251.2,3,1,3251.1,20,2,3251.0,183,3,3250.9,29,1,3250.8,31,2,3251.3,97,2,3251.4,41,2,3252.2,34,1,3252.3,40,2,3252.4,9,1
11536,2025-12-30 11:06:40+05:30,3251.2,25,3249.29,373206,103663.0,118606.0,3250.0,3257.0,3239.8,3251.5,42005425,3576.6,2926.4,4322.95,2866.6,3251.1,20,2,3251.0,183,3,3250.9,29,1,3250.8,31,2,3250.7,74,4,3251.2,15,2,3251.3,97,2,3251.4,2,1,3252.0,5,1,3252.3,40,2
11536,2025-12-30 11:06:40+05:30,3251.1,8,3249.29,373206,103663.0,118606.0,3250.0,3257.0,3239.8,3251.5,42005425,3576.6,2926.4,4322.95,2866.6,3251.1,20,2,3251.0,183,3,3250.9,29,1,3250.8,31,2,3250.7,74,4,3251.2,15,2,3251.3,97,2,3251.4,2,1,3252.0,5,1,3252.3,40,2
11536,2025-12-30 11:06:41+05:30,3251.1,25,3249.29,373406,103451.0,117849.0,3250.0,3257.0,3239.8,3251.5,42005425,3576.6,2926.4,4322.95,2866.6,3251.0,182,3,3250.9,29,1,3250.8,31,2,3250.7,28,1,3250.6,21,1,3251.1,18,3,3251.2,30,4,3251.8,11,1,3251.9,13,1,3252.0,5,1
11536,2025-12-30 11:06:41+05:30,3251.1,25,3249.29,373406,103451.0,117849.0,3250.0,3257.0,3239.8,3251.5,42005425,3576.6,2926.4,4322.95,2866.6,3251.0,182,3,3250.9,29,1,3250.8,31,2,3250.7,28,1,3250.6,21,1,3251.1,18,3,3251.2,30,4,3251.8,11,1,3251.9,13,1,3252.0,5,1
11536,2025-12-30 11:06:42+05:30,3251.0,4,3249.29,373734,103564.0,119338.0,3250.0,3257.0,3239.8,3251.5,42005425,3576.6,2926.4,4322.95,2866.6,3251.0,396,3,3250.9,29,1,3250.8,31,2,3250.7,28,1,3250.6,45,2,3251.1,28,4,3251.2,14,1,3251.9,13,1,3252.0,5,1,3252.1,17,2
11536,2025-12-30 11:06:42+05:30,3251.0,4,3249.29,373734,103564.0,119338.0,3250.0,3257.0,3239.8,3251.5,42005425,3576.6,2926.4,4322.95,2866.6,3251.0,396,3,3250.9,29,1,3250.8,31,2,3250.7,28,1,3250.6,45,2,3251.1,28,4,3251.2,14,1,3251.9,13,1,3252.0,5,1,3252.1,17,2
11536,2025-12-30 11:06:43+05:30,3250.9,8,3249.29,374524,102891.0,119474.0,3250.0,3257.0,3239.8,3251.5,42005425,3576.6,2926.4,4322.95,2866.6,3250.9,3,2,3250.8,8,1,3250.7,28,1,3250.6,39,2,3250.5,29,1,3251.0,103,4,3251.1,25,3,3252.0,5,1,3252.1,6,2,3252.3,79,4
11536,2025-12-30 11:06:43+05:30,3250.9,8,3249.29,374524,102891.0,119474.0,3250.0,3257.0,3239.8,3251.5,42005425,3576.6,2926.4,4322.95,2866.6,3250.9,3,2,3250.8,8,1,3250.7,28,1,3250.6,39,2,3250.5,29,1,3251.0,103,4,3251.1,25,3,3252.0,5,1,3252.1,6,2,3252.3,79,4
11536,2025-12-30 11:06:44+05:30,3250.9,9,3249.29,374555,103058.0,119549.0,3250.0,3257.0,3239.8,3251.5,42005425,3576.6,2926.4,4322.95,2866.6,3250.8,8,1,3250.5,70,3,3250.4,90,4,3250.3,116,4,3250.2,141,7,3250.9,1,1,3251.0,104,5,3251.1,15,2,3252.0,5,1,3252.1,25,3
11536,2025-12-30 11:06:44+05:30,3250.8,66,3249.29,374555,103058.0,119549.0,3250.0,3257.0,3239.8,3251.5,42005425,3576.6,2926.4,4322.95,2866.6,3250.8,8,1,3250.5,70,3,3250.4,90,4,3250.3,116,4,3250.2,141,7,3250.9,1,1,3251.0,104,5,3251.1,15,2,3252.0,5,1,3252.1,25,3
11536,2025-12-30 11:06:45+05:30,3250.2,2,3249.29,374860,100514.0,120666.0,3250.0,3257.0,3239.8,3251.5,42005425,3576.6,2926.4,4322.95,2866.6,3250.2,115,5,3250.1,29,2,3250.0,245,13,3249.9,67,4,3249.8,143,5,3250.8,20,3,3250.9,16,3,3251.0,51,2,3251.8,58,2,3251.9,16,1
11536,2025-12-30 11:06:45+05:30,3250.2,2,3249.29,374860,100514.0,120666.0,3250.0,3257.0,3239.8,3251.5,42005425,3576.6,2926.4,4322.95,2866.6,3250.2,115,5,3250.1,29,2,3250.0,245,13,3249.9,67,4,3249.8,143,5,3250.8,20,3,3250.9,16,3,3251.0,51,2,3251.8,58,2,3251.9,16,1
11536,2025-12-30 11:06:46+05:30,3250.2,10,3249.29,374947,100474.0,120862.0,3250.0,3257.0,3239.8,3251.5,42005425,3576.6,2926.4,4322.95,2866.6,3250.2,52,3,3250.1,29,2,3250.0,276,14,3249.9,67,4,3249.8,143,5,3250.8,13,4,3250.9,14,1,3251.0,51,2,3251.7,61,1,3251.8,58,2
11536,2025-12-30 11:06:46+05:30,3250.2,6,3249.29,374947,100474.0,120862.0,3250.0,3257.0,3239.8,3251.5,42005425,3576.6,2926.4,4322.95,2866.6,3250.2,52,3,3250.1,29,2,3250.0,276,14,3249.9,67,4,3249.8,143,5,3250.8,13,4,3250.9,14,1,3251.0,51,2,3251.7,61,1,3251.8,58,2
11536,2025-12-30 11:06:47+05:30,3250.2,5,3249.29,375038,100652.0,120975.0,3250.0,3257.0,3239.8,3251.5,42005425,3576.6,2926.4,4322.95,2866.6,3250.2,49,3,3250.1,48,2,3250.0,249,13,3249.9,67,4,3249.8,217,7,3250.8,7,4,3250.9,14,1,3251.0,51,2,3251.7,61,1,3251.8,60,3
11536,2025-12-30 11:06:47+05:30,3250.2,5,3249.29,375038,100652.0,120975.0,3250.0,3257.0,3239.8,3251.5,42005425,3576.6,2926.4,4322.95,2866.6,3250.2,49,3,3250.1,48,2,3250.0,249,13,3249.9,67,4,3249.8,217,7,3250.8,7,4,3250.9,14,1,3251.0,51,2,3251.7,61,1,3251.8,60,3
11536,2025-12-30 11:06:48+05:30,3250.2,3,3249.29,375038,100652.0,120975.0,3250.0,3257.0,3239.8,3251.5,42005425,3576.6,2926.4,4322.95,2866.6,3250.2,91,5,3250.1,29,2,3250.0,270,14,3249.9,76,5,3249.8,253,9,3250.8,21,5,3251.0,50,1,3251.7,61,1,3251.8,60,3,3251.9,47,3
11536,2025-12-30 11:06:48+05:30,3250.2,3,3249.29,375161,100748.0,120655.0,3250.0,3257.0,3239.8,3251.5,42005425,3576.6,2926.4,4322.95,2866.6,3250.2,91,5,3250.1,29,2,3250.0,270,14,3249.9,76,5,3249.8,253,9,3250.8,21,5,3251.0,50,1,3251.7,61,1,3251.8,60,3,3251.9,47,3
11536,2025-12-30 11:06:49+05:30,3251.0,32,3249.29,375161,100748.0,120655.0,3250.0,3257.0,3239.8,3251.5,42005425,3576.6,2926.4,4322.95,2866.6,3250.2,91,5,3250.1,29,2,3250.0,270,14,3249.9,76,5,3249.8,253,9,3250.8,21,5,3251.0,50,1,3251.7,61,1,3251.8,60,3,3251.9,47,3
11536,2025-12-30 11:06:49+05:30,3251.0,32,3249.29,375322,104008.0,118293.0,3250.0,3257.0,3239.8,3251.5,42005425,3576.6,2926.4,4322.95,2866.6,3251.0,371,3,3250.9,23,2,3250.8,92,4,3250.6,44,2,3250.5,92,4,3251.9,8,2,3252.0,9,2,3252.1,34,1,3252.2,31,1,3252.3,18,1
11536,2025-12-30 11:06:50+05:30,3251.9,34,3249.29,375322,104008.0,118293.0,3250.0,3257.0,3239.8,3251.5,42005425,3576.6,2926.4,4322.95,2866.6,3251.0,371,3,3250.9,23,2,3250.8,92,4,3250.6,44,2,3250.5,92,4,3251.9,8,2,3252.0,9,2,3252.1,34,1,3252.2,31,1,3252.3,18,1
11536,2025-12-30 11:06:50+05:30,3251.9,34,3249.29,375365,104565.0,119048.0,3250.0,3257.0,3239.8,3251.5,42005425,3576.6,2926.4,4322.95,2866.6,3251.1,63,2,3251.0,421,5,3250.9,38,3,3250.8,112,5,3250.6,138,6,3251.9,7,3,3252.0,5,1,3252.4,42,3,3252.5,18,1,3252.6,30,2
11536,2025-12-30 11:06:51+05:30,3251.1,4,3249.29,375365,104565.0,119048.0,3250.0,3257.0,3239.8,3251.5,42005425,3576.6,2926.4,4322.95,2866.6,3251.1,63,2,3251.0,421,5,3250.9,38,3,3250.8,112,5,3250.6,138,6,3251.9,7,3,3252.0,5,1,3252.4,42,3,3252.5,18,1,3252.6,30,2
11536,2025-12-30 11:06:51+05:30,3251.1,9,3249.3,375409,104852.0,118890.0,3250.0,3257.0,3239.8,3251.5,42005425,3576.6,2926.4,4322.95,2866.6,3251.1,19,1,3251.0,438,6,3250.9,69,4,3250.8,112,5,3250.7,23,1,3251.9,4,3,3252.0,5,1,3252.4,24,3,3252.5,18,1,3252.6,30,2
11536,2025-12-30 11:06:52+05:30,3251.1,13,3249.3,375409,104852.0,118890.0,3250.0,3257.0,3239.8,3251.5,42005425,3576.6,2926.4,4322.95,2866.6,3251.1,19,1,3251.0,438,6,3250.9,69,4,3250.8,112,5,3250.7,23,1,3251.9,4,3,3252.0,5,1,3252.4,24,3,3252.5,18,1,3252.6,30,2
11536,2025-12-30 11:06:52+05:30,3251.1,13,3249.3,375422,102778.0,119563.0,3250.0,3257.0,3239.8,3251.5,42005425,3576.6,2926.4,4322.95,2866.6,3251.0,429,5,3250.9,6,1,3250.8,97,4,3250.7,48,2,3250.6,66,3,3251.9,3,3,3252.0,5,1,3252.4,39,4,3252.5,18,1,3252.6,57,3
11536,2025-12-30 11:06:53+05:30,3251.0,10,3249.3,375422,102778.0,119563.0,3250.0,3257.0,3239.8,3251.5,42005425,3576.6,2926.4,4322.95,2866.6,3251.0,429,5,3250.9,6,1,3250.8,97,4,3250.7,48,2,3250.6,66,3,3251.9,3,3,3252.0,5,1,3252.4,39,4,3252.5,18,1,3252.6,57,3
11536,2025-12-30 11:06:53+05:30,3251.0,3,3249.3,375435,102673.0,119415.0,3250.0,3257.0,3239.8,3251.5,42005425,3576.6,2926.4,4322.95,2866.6,3251.0,544,6,3250.9,6,1,3250.8,123,5,3250.7,23,1,3250.6,136,5,3251.9,3,3,3252.0,5,1,3252.4,24,3,3252.5,46,2,3252.6,57,3
11536,2025-12-30 11:06:54+05:30,3251.0,3,3249.3,375435,102673.0,119415.0,3250.0,3257.0,3239.8,3251.5,42005425,3576.6,2926.4,4322.95,2866.6,3251.0,544,6,3250.9,6,1,3250.8,123,5,3250.7,23,1,3250.6,136,5,3251.9,3,3,3252.0,5,1,3252.4,24,3,3252.5,46,2,3252.6,57,3
11536,2025-12-30 11:06:54+05:30,3251.0,3,3249.3,375439,102693.0,119424.0,3250.0,3257.0,3239.8,3251.5,42005425,3576.6,2926.4,4322.95,2866.6,3251.0,541,6,3250.9,37,2,3250.8,92,4,3250.7,38,2,3250.6,136,5,3251.9,5,5,3252.0,5,1,3252.4,24,3,3252.5,46,2,3252.6,57,3
11536,2025-12-30 11:06:55+05:30,3252.4,1,3249.3,375439,102693.0,119424.0,3250.0,3257.0,3239.8,3251.5,42005425,3576.6,2926.4,4322.95,2866.6,3251.0,541,6,3250.9,37,2,3250.8,92,4,3250.7,38,2,3250.6,136,5,3251.9,5,5,3252.0,5,1,3252.4,24,3,3252.5,46,2,3252.6,57,3
11536,2025-12-30 11:06:55+05:30,3252.4,1,3249.3,375452,107018.0,116934.0,3250.0,3257.0,3239.8,3251.5,42005425,3576.6,2926.4,4322.95,2866.6,3251.5,125,6,3251.4,60,2,3251.3,176,2,3251.2,209,10,3251.1,162,6,3252.4,3,2,3252.9,15,1,3253.2,54,3,3253.3,288,2,3253.4,35,3
11536,2025-12-30 11:06:56+05:30,3252.4,1,3249.3,375452,107017.0,115574.0,3250.0,3257.0,3239.8,3251.5,42005425,3576.6,2926.4,4322.95,2866.6,3251.6,106,4,3251.5,63,5,3251.4,43,2,3251.3,204,3,3251.2,212,11,3252.4,3,2,3252.9,15,1,3253.2,69,4,3253.3,282,1,3253.4,50,4
11536,2025-12-30 11:06:57+05:30,3251.6,4,3249.3,375452,107017.0,115574.0,3250.0,3257.0,3239.8,3251.5,42005425,3576.6,2926.4,4322.95,2866.6,3251.6,106,4,3251.5,63,5,3251.4,43,2,3251.3,204,3,3251.2,212,11,3252.4,3,2,3252.9,15,1,3253.2,69,4,3253.3,282,1,3253.4,50,4
11536,2025-12-30 11:06:57+05:30,3251.7,5,3249.3,375476,107137.0,116903.0,3250.0,3257.0,3239.8,3251.5,42005425,3576.6,2926.4,4322.95,2866.6,3251.7,96,4,3251.6,47,3,3251.5,63,5,3251.4,43,2,3251.3,205,4,3252.4,2,1,3252.9,15,1,3253.2,69,4,3253.3,282,1,3253.4,50,4
11536,2025-12-30 11:06:58+05:30,3251.7,2,3249.3,375476,107137.0,116903.0,3250.0,3257.0,3239.8,3251.5,42005425,3576.6,2926.4,4322.95,2866.6,3251.7,96,4,3251.6,47,3,3251.5,63,5,3251.4,43,2,3251.3,205,4,3252.4,2,1,3252.9,15,1,3253.2,69,4,3253.3,282,1,3253.4,50,4
11536,2025-12-30 11:06:59+05:30,3251.7,2,3249.3,375478,107718.0,117085.0,3250.0,3257.0,3239.8,3251.5,42005425,3576.6,2926.4,4322.95,2866.6,3251.7,208,6,3251.6,75,4,3251.5,63,5,3251.4,43,2,3251.3,211,5,3252.4,4,3,3252.9,15,1,3253.2,69,4,3253.3,282,1,3253.4,50,4
11536,2025-12-30 11:07:00+05:30,3251.7,1,3249.3,375486,107731.0,116909.0,3250.0,3257.0,3239.8,3251.5,42005425,3576.6,2926.4,4322.95,2866.6,3251.7,200,6,3251.6,47,3,3251.5,63,5,3251.4,64,3,3251.3,211,5,3252.4,3,2,3252.9,15,1,3253.2,69,4,3253.3,282,1,3253.4,50,4
11536,2025-12-30 11:07:00+05:30,3251.7,1,3249.3,375486,107731.0,116909.0,3250.0,3257.0,3239.8,3251.5,42005425,3576.6,2926.4,4322.95,2866.6,3251.7,200,6,3251.6,47,3,3251.5,63,5,3251.4,64,3,3251.3,211,5,3252.4,3,2,3252.9,15,1,3253.2,69,4,3253.3,282,1,3253.4,50,4
11536,2025-12-30 11:07:01+05:30,3251.7,9,3249.3,375495,107729.0,115685.0,3250.0,3257.0,3239.8,3251.5,42005425,3576.6,2926.4,4322.95,2866.6,3251.7,191,6,3251.6,77,4,3251.5,63,5,3251.4,64,3,3251.3,211,5,3252.4,4,3,3252.9,15,1,3253.2,69,4,3253.3,282,1,3253.4,50,4
11536,2025-12-30 11:07:01+05:30,3252.4,1,3249.3,375495,107729.0,115685.0,3250.0,3257.0,3239.8,3251.5,42005425,3576.6,2926.4,4322.95,2866.6,3251.7,191,6,3251.6,77,4,3251.5,63,5,3251.4,64,3,3251.3,211,5,3252.4,4,3,3252.9,15,1,3253.2,69,4,3253.3,282,1,3253.4,50,4
11536,2025-12-30 11:07:02+05:30,3251.7,2,3249.3,375498,107728.0,116881.0,3250.0,3257.0,3239.8,3251.5,42005425,3576.6,2926.4,4322.95,2866.6,3251.7,177,5,3251.6,77,4,3251.5,48,4,3251.4,64,3,3251.3,211,5,3252.4,2,2,3252.9,15,1,3253.2,43,3,3253.3,282,1,3253.4,50,4
11536,2025-12-30 11:07:02+05:30,3251.7,2,3249.3,375498,107728.0,116881.0,3250.0,3257.0,3239.8,3251.5,42005425,3576.6,2926.4,4322.95,2866.6,3251.7,177,5,3251.6,77,4,3251.5,48,4,3251.4,64,3,3251.3,211,5,3252.4,2,2,3252.9,15,1,3253.2,43,3,3253.3,282,1,3253.4,50,4
11536,2025-12-30 11:07:03+05:30,3252.9,1,3249.3,375506,108099.0,116702.0,3250.0,3257.0,3239.8,3251.5,42005425,3576.6,2926.4,4322.95,2866.6,3251.7,153,4,3251.6,69,4,3251.5,74,5,3251.4,99,3,3251.3,238,6,3252.9,13,2,3253.2,58,5,3253.3,282,1,3253.4,49,4,3253.5,136,4
11536,2025-12-30 11:07:03+05:30,3252.9,1,3249.3,375506,108099.0,116702.0,3250.0,3257.0,3239.8,3251.5,42005425,3576.6,2926.4,4322.95,2866.6,3251.7,153,4,3251.6,69,4,3251.5,74,5,3251.4,99,3,3251.3,238,6,3252.9,13,2,3253.2,58,5,3253.3,282,1,3253.4,49,4,3253.5,136,4
11536,2025-12-30 11:07:04+05:30,3252.0,1,3249.3,375507,109641.0,116536.0,3250.0,3257.0,3239.8,3251.5,42005425,3576.6,2926.4,4322.95,2866.6,3252.0,31,1,3251.9,30,1,3251.8,53,3,3251.7,116,2,3251.6,74,4,3252.9,13,2,3253.2,11,1,3253.3,324,4,3253.4,3,1,3253.5,160,5
11536,2025-12-30 11:07:04+05:30,3252.0,1,3249.3,375507,109641.0,116536.0,3250.0,3257.0,3239.8,3251.5,42005425,3576.6,2926.4,4322.95,2866.6,3252.0,31,1,3251.9,30,1,3251.8,53,3,3251.7,116,2,3251.6,74,4,3252.9,13,2,3253.2,11,1,3253.3,324,4,3253.4,3,1,3253.5,160,5
11536,2025-12-30 11:07:05+05:30,3252.9,1,3249.3,375511,108738.0,116745.0,3250.0,3257.0,3239.8,3251.5,42005425,3576.6,2926.4,4322.95,2866.6,3251.9,30,1,3251.8,15,1,3251.7,134,2,3251.6,57,3,3251.5,171,5,3252.9,26,4,3253.2,19,2,3253.3,346,4,3253.4,22,2,3253.5,160,5
11536,2025-12-30 11:07:05+05:30,3252.9,1,3249.3,375511,108738.0,116745.0,3250.0,3257.0,3239.8,3251.5,42005425,3576.6,2926.4,4322.95,2866.6,3251.9,30,1,3251.8,15,1,3251.7,134,2,3251.6,57,3,3251.5,171,5,3252.9,26,4,3253.2,19,2,3253.3,346,4,3253.4,22,2,3253.5,160,5
11536,2025-12-30 11:07:06+05:30,3252.9,1,3249.3,375511,108343.0,116809.0,3250.0,3257.0,3239.8,3251.5,42005425,3576.6,2926.4,4322.95,2866.6,3251.7,164,3,3251.6,59,3,3251.5,171,5,3251.4,114,6,3251.3,46,4,3252.9,26,4,3253.0,8,1,3253.2,24,2,3253.3,346,4,3253.4,22,2
11536,2025-12-30 11:07:07+05:30,3251.7,1,3249.3,375513,108199.0,116425.0,3250.0,3257.0,3239.8,3251.5,42005425,3576.6,2926.4,4322.95,2866.6,3251.7,162,3,3251.6,59,3,3251.5,25,4,3251.4,114,6,3251.3,46,4,3252.9,24,2,3253.0,8,1,3253.2,24,2,3253.3,346,4,3253.4,22,2
11536,2025-12-30 11:07:07+05:30,3251.7,1,3249.3,375513,108199.0,116425.0,3250.0,3257.0,3239.8,3251.5,42005425,3576.6,2926.4,4322.95,2866.6,3251.7,162,3,3251.6,59,3,3251.5,25,4,3251.4,114,6,3251.3,46,4,3252.9,24,2,3253.0,8,1,3253.2,24,2,3253.3,346,4,3253.4,22,2
11536,2025-12-30 11:07:08+05:30,3253.0,4,3249.3,375581,109358.0,115340.0,3250.0,3257.0,3239.8,3251.5,42005425,3576.6,2926.4,4322.95,2866.6,3253.0,437,2,3252.2,21,1,3252.0,22,1,3251.9,3,1,3251.8,51,2,3253.3,56,5,3253.5,105,2,3253.6,36,2,3253.7,69,3,3253.8,147,5
11536,2025-12-30 11:07:08+05:30,3253.0,4,3249.3,375581,109358.0,115340.0,3250.0,3257.0,3239.8,3251.5,42005425,3576.6,2926.4,4322.95,2866.6,3253.0,437,2,3252.2,21,1,3252.0,22,1,3251.9,3,1,3251.8,51,2,3253.3,56,5,3253.5,105,2,3253.6,36,2,3253.7,69,3,3253.8,147,5
11536,2025-12-30 11:07:09+05:30,3253.0,4,3249.3,375581,109302.0,115486.0,3250.0,3257.0,3239.8,3251.5,42005425,3576.6,2926.4,4322.95,2866.6,3253.0,437,2,3252.2,21,1,3252.0,22,1,3251.9,8,2,3251.8,51,2,3253.3,56,5,3253.5,105,2,3253.6,36,2,3253.7,40,2,3253.8,147,5
11536,2025-12-30 11:07:10+05:30,3253.0,2,3249.3,375604,109322.0,115559.0,3250.0,3257.0,3239.8,3251.5,42005425,3576.6,2926.4,4322.95,2866.6,3253.0,622,4,3252.2,21,1,3252.0,52,2,3251.9,8,2,3251.8,153,3,3253.3,11,2,3253.5,151,4,3253.6,15,1,3253.8,177,6,3253.9,87,3
11536,2025-12-30 11:07:10+05:30,3253.0,2,3249.3,375604,109322.0,115559.0,3250.0,3257.0,3239.8,3251.5,42005425,3576.6,2926.4,4322.95,2866.6,3253.0,622,4,3252.2,21,1,3252.0,52,2,3251.9,8,2,3251.8,153,3,3253.3,11,2,3253.5,151,4,3253.6,15,1,3253.8,177,6,3253.9,87,3
11536,2025-12-30 11:07:11+05:30,3253.0,2,3249.3,375604,109746.0,115561.0,3250.0,3257.0,3239.8,3251.5,42005425,3576.6,2926.4,4322.95,2866.6,3253.0,622,4,3252.2,21,1,3252.0,52,2,3251.9,3,1,3251.8,227,5,3253.3,12,3,3253.4,32,1,3253.5,120,3,3253.6,45,2,3253.8,147,5
11536,2025-12-30 11:07:12+05:30,3253.0,6,3249.3,375610,109985.0,115529.0,3250.0,3257.0,3239.8,3251.5,42005425,3576.6,2926.4,4322.95,2866.6,3253.0,666,5,3252.2,21,1,3252.0,52,2,3251.9,3,1,3251.8,227,5,3253.3,19,4,3253.4,32,1,3253.5,105,2,3253.6,64,3,3253.8,147,5
11536,2025-12-30 11:07:12+05:30,3253.3,2,3249.3,375610,109985.0,115529.0,3250.0,3257.0,3239.8,3251.5,42005425,3576.6,2926.4,4322.95,2866.6,3253.0,666,5,3252.2,21,1,3252.0,52,2,3251.9,3,1,3251.8,227,5,3253.3,19,4,3253.4,32,1,3253.5,105,2,3253.6,64,3,3253.8,147,5
11536,2025-12-30 11:07:13+05:30,3253.0,1,3249.3,375614,110762.0,115445.0,3250.0,3257.0,3239.8,3251.5,42005425,3576.6,2926.4,4322.95,2866.6,3253.0,664,5,3252.2,56,2,3252.0,208,3,3251.9,247,6,3251.8,374,7,3253.3,37,4,3253.4,32,1,3253.5,150,4,3253.8,147,5,3253.9,87,3
11536,2025-12-30 11:07:13+05:30,3253.0,1,3249.3,375614,110762.0,115445.0,3250.0,3257.0,3239.8,3251.5,42005425,3576.6,2926.4,4322.95,2866.6,3253.0,664,5,3252.2,56,2,3252.0,208,3,3251.9,247,6,3251.8,374,7,3253.3,37,4,3253.4,32,1,3253.5,150,4,3253.8,147,5,3253.9,87,3
11536,2025-12-30 11:07:14+05:30,3253.0,1,3249.3,375614,110576.0,115493.0,3250.0,3257.0,3239.8,3251.5,42005425,3576.6,2926.4,4322.95,2866.6,3253.0,664,5,3252.2,56,2,3252.0,52,2,3251.9,217,5,3251.8,374,7,3253.3,37,4,3253.4,32,1,3253.5,150,4,3253.8,147,5,3253.9,87,3
11536,2025-12-30 11:07:14+05:30,3253.0,1,3249.3,375614,110576.0,115493.0,3250.0,3257.0,3239.8,3251.5,42005425,3576.6,2926.4,4322.95,2866.6,3253.0,664,5,3252.2,56,2,3252.0,52,2,3251.9,217,5,3251.8,374,7,3253.3,37,4,3253.4,32,1,3253.5,150,4,3253.8,147,5,3253.9,87,3
11536,2025-12-30 11:07:15+05:30,3253.0,1,3249.3,375618,110766.0,115491.0,3250.0,3257.0,3239.8,3251.5,42005425,3576.6,2926.4,4322.95,2866.6,3253.0,661,5,3252.2,56,2,3252.0,83,3,3251.9,217,5,3251.8,401,8,3253.3,33,1,3253.5,120,3,3253.7,32,1,3253.8,125,4,3253.9,87,3
11536,2025-12-30 11:07:15+05:30,3253.0,1,3249.3,375618,110766.0,115491.0,3250.0,3257.0,3239.8,3251.5,42005425,3576.6,2926.4,4322.95,2866.6,3253.0,661,5,3252.2,56,2,3252.0,83,3,3251.9,217,5,3251.8,401,8,3253.3,33,1,3253.5,120,3,3253.7,32,1,3253.8,125,4,3253.9,87,3
11536,2025-12-30 11:07:16+05:30,3253.3,1,3249.3,375620,110551.0,115704.0,3250.0,3257.0,3239.8,3251.5,42005425,3576.6,2926.4,4322.95,2866.6,3253.0,661,5,3252.2,56,2,3252.0,52,2,3251.9,61,4,3251.8,376,8,3253.3,50,4,3253.4,32,1,3253.5,105,2,3253.6,60,3,3253.8,144,5
11536,2025-12-30 11:07:16+05:30,3253.3,1,3249.3,375620,110551.0,115704.0,3250.0,3257.0,3239.8,3251.5,42005425,3576.6,2926.4,4322.95,2866.6,3253.0,661,5,3252.2,56,2,3252.0,52,2,3251.9,61,4,3251.8,376,8,3253.3,50,4,3253.4,32,1,3253.5,105,2,3253.6,60,3,3253.8,144,5
11536,2025-12-30 11:07:17+05:30,3253.3,1,3249.3,375620,110575.0,115704.0,3250.0,3257.0,3239.8,3251.5,42005425,3576.6,2926.4,4322.95,2866.6,3253.0,661,5,3252.2,56,2,3252.0,52,2,3251.9,217,5,3251.8,406,9,3253.3,50,4,3253.4,32,1,3253.5,105,2,3253.6,60,3,3253.8,144,5
11536,2025-12-30 11:07:17+05:30,3253.0,1,3249.3,375620,110575.0,115704.0,3250.0,3257.0,3239.8,3251.5,42005425,3576.6,2926.4,4322.95,2866.6,3253.0,661,5,3252.2,56,2,3252.0,52,2,3251.9,217,5,3251.8,406,9,3253.3,50,4,3253.4,32,1,3253.5,105,2,3253.6,60,3,3253.8,144,5
11536,2025-12-30 11:07:18+05:30,3253.3,1,3249.3,375627,110736.0,115703.0,3250.0,3257.0,3239.8,3251.5,42005425,3576.6,2926.4,4322.95,2866.6,3253.0,655,5,3252.2,56,2,3252.0,52,2,3251.9,217,5,3251.8,406,9,3253.3,49,4,3253.4,32,1,3253.5,105,2,3253.6,60,3,3253.8,144,5
11536,2025-12-30 11:07:18+05:30,3253.3,1,3249.3,375627,110736.0,115703.0,3250.0,3257.0,3239.8,3251.5,42005425,3576.6,2926.4,4322.95,2866.6,3253.0,655,5,3252.2,56,2,3252.0,52,2,3251.9,217,5,3251.8,406,9,3253.3,49,4,3253.4,32,1,3253.5,105,2,3253.6,60,3,3253.8,144,5
11536,2025-12-30 11:07:19+05:30,3253.3,1,3249.3,375627,110798.0,115672.0,3250.0,3257.0,3239.8,3251.5,42005425,3576.6,2926.4,4322.95,2866.6,3253.0,655,5,3252.4,18,1,3252.2,74,3,3252.0,270,5,3251.9,227,6,3253.3,41,4,3253.4,14,1,3253.5,105,2,3253.6,34,2,3253.7,32,1
11536,2025-12-30 11:07:20+05:30,3253.3,1,3249.3,375629,110717.0,115351.0,3250.0,3257.0,3239.8,3251.5,42005425,3576.6,2926.4,4322.95,2866.6,3253.0,654,5,3252.4,18,1,3252.2,74,3,3252.0,224,4,3251.9,273,7,3253.3,31,3,3253.4,28,2,3253.5,105,2,3253.6,66,3,3253.8,146,5
11536,2025-12-30 11:07:20+05:30,3253.0,1,3249.3,375629,110717.0,115351.0,3250.0,3257.0,3239.8,3251.5,42005425,3576.6,2926.4,4322.95,2866.6,3253.0,654,5,3252.4,18,1,3252.2,74,3,3252.0,224,4,3251.9,273,7,3253.3,31,3,3253.4,28,2,3253.5,105,2,3253.6,66,3,3253.8,146,5
11536,2025-12-30 11:07:21+05:30,3253.0,1,3249.3,375630,110731.0,115408.0,3250.0,3257.0,3239.8,3251.5,42005425,3576.6,2926.4,4322.95,2866.6,3253.0,653,5,3252.4,18,1,3252.2,74,3,3252.0,224,4,3251.9,288,8,3253.3,30,2,3253.4,14,1,3253.5,105,2,3253.6,51,2,3253.8,146,5
11536,2025-12-30 11:07:22+05:30,3253.0,1,3249.3,375631,110737.0,115429.0,3250.0,3257.0,3239.8,3251.5,42005425,3576.6,2926.4,4322.95,2866.6,3253.0,652,5,3252.9,10,1,3252.4,18,1,3252.2,74,3,3252.0,298,6,3253.3,30,2,3253.4,14,1,3253.5,153,4,3253.6,19,1,3253.7,30,1
11536,2025-12-30 11:07:22+05:30,3253.0,1,3249.3,375631,110737.0,115429.0,3250.0,3257.0,3239.8,3251.5,42005425,3576.6,2926.4,4322.95,2866.6,3253.0,652,5,3252.9,10,1,3252.4,18,1,3252.2,74,3,3252.0,298,6,3253.3,30,2,3253.4,14,1,3253.5,153,4,3253.6,19,1,3253.7,30,1
11536,2025-12-30 11:07:23+05:30,3253.3,1,3249.3,375661,110537.0,114893.0,3250.0,3257.0,3239.8,3251.5,42005425,3576.6,2926.4,4322.95,2866.6,3253.0,652,5,3252.9,28,2,3252.4,18,1,3252.2,74,3,3252.1,27,1,3253.5,121,4,3253.6,14,1,3253.7,33,1,3253.8,79,3,3253.9,55,2
11536,2025-12-30 11:07:23+05:30,3253.5,11,3249.3,375661,110537.0,114893.0,3250.0,3257.0,3239.8,3251.5,42005425,3576.6,2926.4,4322.95,2866.6,3253.0,652,5,3252.9,28,2,3252.4,18,1,3252.2,74,3,3252.1,27,1,3253.5,121,4,3253.6,14,1,3253.7,33,1,3253.8,79,3,3253.9,55,2
11536,2025-12-30 11:07:24+05:30,3253.5,11,3249.3,375677,110703.0,115509.0,3250.0,3257.0,3239.8,3251.5,42005425,3576.6,2926.4,4322.95,2866.6,3253.0,652,5,3252.9,28,2,3252.4,18,1,3252.2,74,3,3252.1,27,1,3253.5,106,4,3253.7,33,1,3253.8,109,4,3253.9,55,2,3254.0,146,5
11536,2025-12-30 11:07:24+05:30,3253.5,1,3249.3,375677,110703.0,115509.0,3250.0,3257.0,3239.8,3251.5,42005425,3576.6,2926.4,4322.95,2866.6,3253.0,652,5,3252.9,28,2,3252.4,18,1,3252.2,74,3,3252.1,27,1,3253.5,106,4,3253.7,33,1,3253.8,109,4,3253.9,55,2,3254.0,146,5
11536,2025-12-30 11:07:25+05:30,3253.0,9,3249.3,375688,110784.0,115510.0,3250.0,3257.0,3239.8,3251.5,42005425,3576.6,2926.4,4322.95,2866.6,3253.0,643,5,3252.9,82,3,3252.2,74,3,3252.1,47,2,3252.0,118,5,3253.5,137,5,3253.6,14,1,3253.7,30,1,3253.8,79,3,3253.9,117,4
11536,2025-12-30 11:07:25+05:30,3253.0,9,3249.3,375688,110784.0,115510.0,3250.0,3257.0,3239.8,3251.5,42005425,3576.6,2926.4,4322.95,2866.6,3253.0,643,5,3252.9,82,3,3252.2,74,3,3252.1,47,2,3252.0,118,5,3253.5,137,5,3253.6,14,1,3253.7,30,1,3253.8,79,3,3253.9,117,4
11536,2025-12-30 11:07:26+05:30,3253.0,4,3249.3,375704,110739.0,115452.0,3250.0,3257.0,3239.8,3251.5,42005425,3576.6,2926.4,4322.95,2866.6,3253.0,628,5,3252.9,82,3,3252.2,74,3,3252.1,47,2,3252.0,118,5,3253.5,146,7,3253.7,30,1,3253.8,79,3,3253.9,75,3,3254.0,146,5
11536,2025-12-30 11:07:26+05:30,3253.0,4,3249.3,375704,110739.0,115452.0,3250.0,3257.0,3239.8,3251.5,42005425,3576.6,2926.4,4322.95,2866.6,3253.0,628,5,3252.9,82,3,3252.2,74,3,3252.1,47,2,3252.0,118,5,3253.5,146,7,3253.7,30,1,3253.8,79,3,3253.9,75,3,3254.0,146,5
11536,2025-12-30 11:07:27+05:30,3253.0,1,3249.3,375705,110779.0,115452.0,3250.0,3257.0,3239.8,3251.5,42005425,3576.6,2926.4,4322.95,2866.6,3253.0,627,5,3252.9,82,3,3252.2,74,3,3252.1,47,2,3252.0,118,5,3253.5,146,7,3253.7,30,1,3253.8,79,3,3253.9,75,3,3254.0,146,5
11536,2025-12-30 11:07:27+05:30,3253.5,1,3249.3,375705,110779.0,115452.0,3250.0,3257.0,3239.8,3251.5,42005425,3576.6,2926.4,4322.95,2866.6,3253.0,627,5,3252.9,82,3,3252.2,74,3,3252.1,47,2,3252.0,118,5,3253.5,146,7,3253.7,30,1,3253.8,79,3,3253.9,75,3,3254.0,146,5
11536,2025-12-30 11:07:28+05:30,3253.0,3,3249.3,375719,110668.0,115433.0,3250.0,3257.0,3239.8,3251.5,42005425,3576.6,2926.4,4322.95,2866.6,3253.0,614,5,3252.9,82,3,3252.2,56,2,3252.1,27,1,3252.0,93,4,3253.5,145,7,3253.6,8,1,3253.7,30,1,3253.8,79,3,3253.9,91,5
11536,2025-12-30 11:07:28+05:30,3253.0,2,3249.3,375719,110668.0,115433.0,3250.0,3257.0,3239.8,3251.5,42005425,3576.6,2926.4,4322.95,2866.6,3253.0,614,5,3252.9,82,3,3252.2,56,2,3252.1,27,1,3252.0,93,4,3253.5,145,7,3253.6,8,1,3253.7,30,1,3253.8,79,3,3253.9,91,5
11536,2025-12-30 11:07:29+05:30,3253.0,2,3249.3,375721,110699.0,115476.0,3250.0,3257.0,3239.8,3251.5,42005425,3576.6,2926.4,4322.95,2866.6,3253.0,612,5,3252.9,82,3,3252.2,56,2,3252.1,27,1,3252.0,93,4,3253.5,176,9,3253.6,27,2,3253.7,23,1,3253.8,79,3,3253.9,91,5
11536,2025-12-30 11:07:30+05:30,3253.0,1,3249.3,375723,110663.0,115518.0,3250.0,3257.0,3239.8,3251.5,42005425,3576.6,2926.4,4322.95,2866.6,3253.0,610,5,3252.9,82,3,3252.2,56,2,3252.1,27,1,3252.0,93,4,3253.5,218,9,3253.6,27,2,3253.7,23,1,3253.8,79,3,3253.9,91,5
11536,2025-12-30 11:07:30+05:30,3253.0,2,3249.3,375723,110663.0,115518.0,3250.0,3257.0,3239.8,3251.5,42005425,3576.6,2926.4,4322.95,2866.6,3253.0,610,5,3252.9,82,3,3252.2,56,2,3252.1,27,1,3252.0,93,4,3253.5,218,9,3253.6,27,2,3253.7,23,1,3253.8,79,3,3253.9,91,5
11536,2025-12-30 11:07:31+05:30,3253.5,1,3249.3,375727,110669.0,115458.0,3250.0,3257.0,3239.8,3251.5,42005425,3576.6,2926.4,4322.95,2866.6,3253.1,1,1,3253.0,607,5,3252.9,82,3,3252.2,56,2,3252.1,27,1,3253.5,216,8,3253.6,27,2,3253.7,23,1,3253.8,79,3,3253.9,91,5
11536,2025-12-30 11:07:31+05:30,3253.5,1,3249.3,375727,110669.0,115458.0,3250.0,3257.0,3239.8,3251.5,42005425,3576.6,2926.4,4322.95,2866.6,3253.1,1,1,3253.0,607,5,3252.9,82,3,3252.2,56,2,3252.1,27,1,3253.5,216,8,3253.6,27,2,3253.7,23,1,3253.8,79,3,3253.9,91,5
11536,2025-12-30 11:07:32+05:30,3253.5,1,3249.3,375727,110536.0,115474.0,3250.0,3257.0,3239.8,3251.5,42005425,3576.6,2926.4,4322.95,2866.6,3253.1,1,1,3253.0,607,5,3252.9,82,3,3252.2,56,2,3252.1,27,1,3253.5,216,8,3253.6,27,2,3253.7,23,1,3253.8,79,3,3253.9,91,5
11536,2025-12-30 11:07:32+05:30,3253.1,1,3249.3,375727,110536.0,115474.0,3250.0,3257.0,3239.8,3251.5,42005425,3576.6,2926.4,4322.95,2866.6,3253.1,1,1,3253.0,607,5,3252.9,82,3,3252.2,56,2,3252.1,27,1,3253.5,216,8,3253.6,27,2,3253.7,23,1,3253.8,79,3,3253.9,91,5
11536,2025-12-30 11:07:33+05:30,3253.1,1,3249.3,375728,110783.0,115490.0,3250.0,3257.0,3239.8,3251.5,42005425,3576.6,2926.4,4322.95,2866.6,3253.1,54,1,3253.0,607,5,3252.9,136,4,3252.2,56,2,3252.1,27,1,3253.5,216,8,3253.6,27,2,3253.7,23,1,3253.8,79,3,3253.9,91,5
11536,2025-12-30 11:07:34+05:30,3253.1,1,3249.3,375728,111692.0,114793.0,3250.0,3257.0,3239.8,3251.5,42005425,3576.6,2926.4,4322.95,2866.6,3253.1,54,1,3253.0,607,5,3252.9,136,4,3252.3,33,2,3252.2,81,3,3253.5,129,4,3253.7,14,1,3253.8,50,1,3253.9,87,4,3254.0,131,4
11536,2025-12-30 11:07:35+05:30,3253.1,1,3249.3,375728,111692.0,114793.0,3250.0,3257.0,3239.8,3251.5,42005425,3576.6,2926.4,4322.95,2866.6,3253.1,54,1,3253.0,607,5,3252.9,136,4,3252.3,33,2,3252.2,81,3,3253.5,129,4,3253.7,14,1,3253.8,50,1,3253.9,87,4,3254.0,131,4
11536,2025-12-30 11:07:35+05:30,3253.1,1,3249.3,375730,111650.0,115452.0,3250.0,3257.0,3239.8,3251.5,42005425,3576.6,2926.4,4322.95,2866.6,3253.1,53,1,3253.0,607,5,3252.9,136,4,3252.3,33,2,3252.2,108,4,3253.5,127,3,3253.7,14,1,3253.8,50,1,3253.9,102,5,3254.0,131,4
11536,2025-12-30 11:07:36+05:30,3253.1,1,3249.3,375730,111819.0,115337.0,3250.0,3257.0,3239.8,3251.5,42005425,3576.6,2926.4,4322.95,2866.6,3253.1,247,2,3253.0,607,5,3252.9,136,4,3252.3,33,2,3252.2,81,3,3253.5,161,4,3253.6,14,1,3253.7,30,1,3253.8,65,2,3253.9,53,3
11536,2025-12-30 11:07:37+05:30,3253.1,30,3249.3,375760,111977.0,115357.0,3250.0,3257.0,3239.8,3251.5,42005425,3576.6,2926.4,4322.95,2866.6,3253.1,217,2,3253.0,607,5,3252.9,136,4,3252.3,33,2,3252.2,81,3,3253.5,162,5,3253.6,14,1,3253.7,30,1,3253.8,84,3,3253.9,53,3
11536,2025-12-30 11:07:37+05:30,3253.1,30,3249.3,375760,111977.0,115357.0,3250.0,3257.0,3239.8,3251.5,42005425,3576.6,2926.4,4322.95,2866.6,3253.1,217,2,3253.0,607,5,3252.9,136,4,3252.3,33,2,3252.2,81,3,3253.5,162,5,3253.6,14,1,3253.7,30,1,3253.8,84,3,3253.9,53,3
11536,2025-12-30 11:07:38+05:30,3253.1,3,3249.3,375760,111977.0,115357.0,3250.0,3257.0,3239.8,3251.5,42005425,3576.6,2926.4,4322.95,2866.6,3253.1,217,2,3253.0,607,5,3252.9,136,4,3252.3,33,2,3252.2,81,3,3253.5,162,5,3253.6,14,1,3253.7,30,1,3253.8,84,3,3253.9,53,3
11536,2025-12-30 11:07:38+05:30,3253.5,1,3249.3,375764,111949.0,115330.0,3250.0,3257.0,3239.8,3251.5,42005425,3576.6,2926.4,4322.95,2866.6,3253.1,214,2,3253.0,607,5,3252.9,136,4,3252.3,33,2,3252.2,81,3,3253.5,162,6,3253.6,28,2,3253.7,30,1,3253.8,84,3,3253.9,53,3
11536,2025-12-30 11:07:39+05:30,3253.1,9,3249.3,375764,111949.0,115330.0,3250.0,3257.0,3239.8,3251.5,42005425,3576.6,2926.4,4322.95,2866.6,3253.1,214,2,3253.0,607,5,3252.9,136,4,3252.3,33,2,3252.2,81,3,3253.5,162,6,3253.6,28,2,3253.7,30,1,3253.8,84,3,3253.9,53,3
11536,2025-12-30 11:07:39+05:30,3253.1,9,3249.3,375773,111951.0,115499.0,3250.0,3257.0,3239.8,3251.5,42005425,3576.6,2926.4,4322.95,2866.6,3253.1,205,2,3253.0,607,5,3252.9,136,4,3252.3,33,2,3252.2,81,3,3253.5,163,7,3253.6,28,2,3253.7,30,1,3253.8,84,3,3253.9,53,3
11536,2025-12-30 11:07:40+05:30,3253.1,1,3249.3,375773,111951.0,115499.0,3250.0,3257.0,3239.8,3251.5,42005425,3576.6,2926.4,4322.95,2866.6,3253.1,205,2,3253.0,607,5,3252.9,136,4,3252.3,33,2,3252.2,81,3,3253.5,163,7,3253.6,28,2,3253.7,30,1,3253.8,84,3,3253.9,53,3
11536,2025-12-30 11:07:40+05:30,3253.1,1,3249.3,375775,111937.0,115524.0,3250.0,3257.0,3239.8,3251.5,42005425,3576.6,2926.4,4322.95,2866.6,3253.1,203,2,3253.0,607,5,3252.9,136,4,3252.4,22,1,3252.3,33,2,3253.5,162,6,3253.6,30,1,3253.7,14,1,3253.8,65,2,3253.9,53,3
11536,2025-12-30 11:07:41+05:30,3253.5,1,3249.3,375775,111937.0,115524.0,3250.0,3257.0,3239.8,3251.5,42005425,3576.6,2926.4,4322.95,2866.6,3253.1,203,2,3253.0,607,5,3252.9,136,4,3252.4,22,1,3252.3,33,2,3253.5,162,6,3253.6,30,1,3253.7,14,1,3253.8,65,2,3253.9,53,3
11536,2025-12-30 11:07:41+05:30,3253.5,1,3249.3,375778,111938.0,115497.0,3250.0,3257.0,3239.8,3251.5,42005425,3576.6,2926.4,4322.95,2866.6,3253.1,201,2,3253.0,607,5,3252.9,136,4,3252.4,22,1,3252.3,33,2,3253.5,170,6,3253.6,30,1,3253.8,84,3,3253.9,53,3,3254.0,131,4
11536,2025-12-30 11:07:42+05:30,3253.5,3,3249.3,375778,111938.0,115497.0,3250.0,3257.0,3239.8,3251.5,42005425,3576.6,2926.4,4322.95,2866.6,3253.1,201,2,3253.0,607,5,3252.9,136,4,3252.4,22,1,3252.3,33,2,3253.5,170,6,3253.6,30,1,3253.8,84,3,3253.9,53,3,3254.0,131,4
11536,2025-12-30 11:07:42+05:30,3253.5,3,3249.3,375782,111792.0,115442.0,3250.0,3257.0,3239.8,3251.5,42005425,3576.6,2926.4,4322.95,2866.6,3253.1,200,2,3253.0,607,5,3252.9,136,4,3252.6,21,1,3252.5,26,1,3253.5,157,5,3253.6,30,1,3253.8,81,3,3253.9,26,2,3254.0,131,4
11536,2025-12-30 11:07:43+05:30,3253.1,1,3249.3,375782,111792.0,115442.0,3250.0,3257.0,3239.8,3251.5,42005425,3576.6,2926.4,4322.95,2866.6,3253.1,200,2,3253.0,607,5,3252.9,136,4,3252.6,21,1,3252.5,26,1,3253.5,157,5,3253.6,30,1,3253.8,81,3,3253.9,26,2,3254.0,131,4
11536,2025-12-30 11:07:43+05:30,3253.1,1,3249.3,375783,111951.0,115095.0,3250.0,3257.0,3239.8,3251.5,42005425,3576.6,2926.4,4322.95,2866.6,3253.1,199,2,3253.0,607,5,3252.9,136,4,3252.6,21,1,3252.5,26,1,3253.5,168,7,3253.6,30,1,3253.8,84,3,3253.9,26,2,3254.0,131,4
11536,2025-12-30 11:07:44+05:30,3253.1,1,3249.3,375783,111951.0,115095.0,3250.0,3257.0,3239.8,3251.5,42005425,3576.6,2926.4,4322.95,2866.6,3253.1,199,2,3253.0,607,5,3252.9,136,4,3252.6,21,1,3252.5,26,1,3253.5,168,7,3253.6,30,1,3253.8,84,3,3253.9,26,2,3254.0,131,4
11536,2025-12-30 11:07:44+05:30,3253.5,8,3249.3,375783,111951.0,115095.0,3250.0,3257.0,3239.8,3251.5,42005425,3576.6,2926.4,4322.95,2866.6,3253.1,199,2,3253.0,607,5,3252.9,136,4,3252.6,21,1,3252.5,26,1,3253.5,168,7,3253.6,30,1,3253.8,84,3,3253.9,26,2,3254.0,131,4
11536,2025-12-30 11:07:44+05:30,3253.5,8,3249.3,375792,111835.0,115093.0,3250.0,3257.0,3239.8,3251.5,42005425,3576.6,2926.4,4322.95,2866.6,3253.1,198,2,3253.0,607,5,3252.9,136,4,3252.4,22,1,3252.3,81,4,3253.5,152,8,3253.6,44,2,3253.8,84,3,3253.9,26,2,3254.0,131,4
11536,2025-12-30 11:07:45+05:30,3253.5,8,3249.3,375792,111835.0,115093.0,3250.0,3257.0,3239.8,3251.5,42005425,3576.6,2926.4,4322.95,2866.6,3253.1,198,2,3253.0,607,5,3252.9,136,4,3252.4,22,1,3252.3,81,4,3253.5,152,8,3253.6,44,2,3253.8,84,3,3253.9,26,2,3254.0,131,4
11536,2025-12-30 11:07:45+05:30,3253.5,1,3249.3,375792,111835.0,115093.0,3250.0,3257.0,3239.8,3251.5,42005425,3576.6,2926.4,4322.95,2866.6,3253.1,198,2,3253.0,607,5,3252.9,136,4,3252.4,22,1,3252.3,81,4,3253.5,152,8,3253.6,44,2,3253.8,84,3,3253.9,26,2,3254.0,131,4
11536,2025-12-30 11:07:45+05:30,3253.5,1,3249.3,375799,112116.0,115260.0,3250.0,3257.0,3239.8,3251.5,42005425,3576.6,2926.4,4322.95,2866.6,3253.1,192,1,3253.0,607,5,3252.9,136,4,3252.4,22,1,3252.3,81,4,3253.5,161,9,3253.6,30,1,3253.8,84,3,3253.9,26,2,3254.0,131,4
11536,2025-12-30 11:07:46+05:30,3253.1,1,3249.3,375799,112116.0,115260.0,3250.0,3257.0,3239.8,3251.5,42005425,3576.6,2926.4,4322.95,2866.6,3253.1,192,1,3253.0,607,5,3252.9,136,4,3252.4,22,1,3252.3,81,4,3253.5,161,9,3253.6,30,1,3253.8,84,3,3253.9,26,2,3254.0,131,4
11536,2025-12-30 11:07:46+05:30,3253.1,1,3249.3,375799,112116.0,115260.0,3250.0,3257.0,3239.8,3251.5,42005425,3576.6,2926.4,4322.95,2866.6,3253.1,192,1,3253.0,607,5,3252.9,136,4,3252.4,22,1,3252.3,81,4,3253.5,161,9,3253.6,30,1,3253.8,84,3,3253.9,26,2,3254.0,131,4
11536,2025-12-30 11:07:46+05:30,3253.1,1,3249.3,375829,112185.0,115239.0,3250.0,3257.0,3239.8,3251.5,42005425,3576.6,2926.4,4322.95,2866.6,3253.1,188,1,3253.0,607,5,3252.9,136,4,3252.4,22,1,3252.3,81,4,3253.5,133,7,3253.6,30,1,3253.8,84,3,3253.9,26,2,3254.0,131,4
11536,2025-12-30 11:07:47+05:30,3253.1,1,3249.3,375829,112185.0,115239.0,3250.0,3257.0,3239.8,3251.5,42005425,3576.6,2926.4,4322.95,2866.6,3253.1,188,1,3253.0,607,5,3252.9,136,4,3252.4,22,1,3252.3,81,4,3253.5,133,7,3253.6,30,1,3253.8,84,3,3253.9,26,2,3254.0,131,4
11536,2025-12-30 11:07:47+05:30,3253.1,2,3249.3,375829,112185.0,115239.0,3250.0,3257.0,3239.8,3251.5,42005425,3576.6,2926.4,4322.95,2866.6,3253.1,188,1,3253.0,607,5,3252.9,136,4,3252.4,22,1,3252.3,81,4,3253.5,133,7,3253.6,30,1,3253.8,84,3,3253.9,26,2,3254.0,131,4
11536,2025-12-30 11:07:47+05:30,3253.1,2,3249.3,375831,112171.0,115340.0,3250.0,3257.0,3239.8,3251.5,42005425,3576.6,2926.4,4322.95,2866.6,3253.1,202,2,3253.0,607,5,3252.9,136,4,3252.5,20,1,3252.4,22,1,3253.5,122,5,3253.6,30,1,3253.7,16,1,3253.8,65,2,3254.0,131,4
11536,2025-12-30 11:07:48+05:30,3253.1,2,3249.3,375831,112171.0,115340.0,3250.0,3257.0,3239.8,3251.5,42005425,3576.6,2926.4,4322.95,2866.6,3253.1,202,2,3253.0,607,5,3252.9,136,4,3252.5,20,1,3252.4,22,1,3253.5,122,5,3253.6,30,1,3253.7,16,1,3253.8,65,2,3254.0,131,4
11536,2025-12-30 11:07:48+05:30,3253.1,3,3249.3,375831,112171.0,115340.0,3250.0,3257.0,3239.8,3251.5,42005425,3576.6,2926.4,4322.95,2866.6,3253.1,202,2,3253.0,607,5,3252.9,136,4,3252.5,20,1,3252.4,22,1,3253.5,122,5,3253.6,30,1,3253.7,16,1,3253.8,65,2,3254.0,131,4
11536,2025-12-30 11:07:48+05:30,3253.1,1,3249.3,375844,112112.0,115316.0,3250.0,3257.0,3239.8,3251.5,42005425,3576.6,2926.4,4322.95,2866.6,3253.1,189,2,3253.0,607,5,3252.9,136,4,3252.4,22,1,3252.3,54,3,3253.5,132,6,3253.6,30,1,3253.8,84,3,3254.0,131,4,3254.1,3,1
11536,2025-12-30 11:07:49+05:30,3253.1,1,3249.3,375844,112112.0,115316.0,3250.0,3257.0,3239.8,3251.5,42005425,3576.6,2926.4,4322.95,2866.6,3253.1,189,2,3253.0,607,5,3252.9,136,4,3252.4,22,1,3252.3,54,3,3253.5,132,6,3253.6,30,1,3253.8,84,3,3254.0,131,4,3254.1,3,1
11536,2025-12-30 11:07:49+05:30,3253.1,1,3249.3,375844,112112.0,115316.0,3250.0,3257.0,3239.8,3251.5,42005425,3576.6,2926.4,4322.95,2866.6,3253.1,189,2,3253.0,607,5,3252.9,136,4,3252.4,22,1,3252.3,54,3,3253.5,132,6,3253.6,30,1,3253.8,84,3,3254.0,131,4,3254.1,3,1
11536,2025-12-30 11:07:50+05:30,3253.5,1,3249.3,375845,112191.0,115339.0,3250.0,3257.0,3239.8,3251.5,42005425,3576.6,2926.4,4322.95,2866.6,3253.1,210,3,3253.0,607,5,3252.9,136,4,3252.4,22,1,3252.3,54,3,3253.5,122,6,3253.6,30,1,3253.7,16,1,3253.8,65,2,3254.0,131,4
11536,2025-12-30 11:07:50+05:30,3253.5,1,3249.3,375845,112191.0,115339.0,3250.0,3257.0,3239.8,3251.5,42005425,3576.6,2926.4,4322.95,2866.6,3253.1,210,3,3253.0,607,5,3252.9,136,4,3252.4,22,1,3252.3,54,3,3253.5,122,6,3253.6,30,1,3253.7,16,1,3253.8,65,2,3254.0,131,4
11536,2025-12-30 11:07:50+05:30,3253.1,1,3249.3,375845,112191.0,115339.0,3250.0,3257.0,3239.8,3251.5,42005425,3576.6,2926.4,4322.95,2866.6,3253.1,210,3,3253.0,607,5,3252.9,136,4,3252.4,22,1,3252.3,54,3,3253.5,122,6,3253.6,30,1,3253.7,16,1,3253.8,65,2,3254.0,131,4
11536,2025-12-30 11:07:51+05:30,3253.1,3,3249.3,375850,112202.0,115327.0,3250.0,3257.0,3239.8,3251.5,42005425,3576.6,2926.4,4322.95,2866.6,3253.1,218,4,3253.0,607,5,3252.9,136,4,3252.4,22,1,3252.3,54,3,3253.5,86,4,3253.6,30,1,3253.7,47,2,3253.8,65,2,3254.0,131,4
11536,2025-12-30 11:07:51+05:30,3253.1,3,3249.3,375850,112202.0,115327.0,3250.0,3257.0,3239.8,3251.5,42005425,3576.6,2926.4,4322.95,2866.6,3253.1,218,4,3253.0,607,5,3252.9,136,4,3252.4,22,1,3252.3,54,3,3253.5,86,4,3253.6,30,1,3253.7,47,2,3253.8,65,2,3254.0,131,4
11536,2025-12-30 11:07:51+05:30,3253.1,3,3249.3,375850,112202.0,115327.0,3250.0,3257.0,3239.8,3251.5,42005425,3576.6,2926.4,4322.95,2866.6,3253.1,218,4,3253.0,607,5,3252.9,136,4,3252.4,22,1,3252.3,54,3,3253.5,86,4,3253.6,30,1,3253.7,47,2,3253.8,65,2,3254.0,131,4
11536,2025-12-30 11:07:51+05:30,3253.1,3,3249.3,375850,112202.0,115327.0,3250.0,3257.0,3239.8,3251.5,42005425,3576.6,2926.4,4322.95,2866.6,3253.1,218,4,3253.0,607,5,3252.9,136,4,3252.4,22,1,3252.3,54,3,3253.5,86,4,3253.6,30,1,3253.7,47,2,3253.8,65,2,3254.0,131,4
11536,2025-12-30 11:07:52+05:30,3253.1,3,3249.3,375850,112194.0,115328.0,3250.0,3257.0,3239.8,3251.5,42005425,3576.6,2926.4,4322.95,2866.6,3253.1,218,4,3253.0,607,5,3252.9,136,4,3252.4,22,1,3252.3,54,3,3253.5,87,5,3253.6,30,1,3253.7,47,2,3253.8,65,2,3254.0,131,4
11536,2025-12-30 11:07:52+05:30,3253.1,3,3249.3,375850,112194.0,115328.0,3250.0,3257.0,3239.8,3251.5,42005425,3576.6,2926.4,4322.95,2866.6,3253.1,218,4,3253.0,607,5,3252.9,136,4,3252.4,22,1,3252.3,54,3,3253.5,87,5,3253.6,30,1,3253.7,47,2,3253.8,65,2,3254.0,131,4
11536,2025-12-30 11:07:53+05:30,3253.1,3,3249.3,375850,112194.0,115328.0,3250.0,3257.0,3239.8,3251.5,42005425,3576.6,2926.4,4322.95,2866.6,3253.1,218,4,3253.0,607,5,3252.9,136,4,3252.4,22,1,3252.3,54,3,3253.5,87,5,3253.6,30,1,3253.7,47,2,3253.8,65,2,3254.0,131,4
11536,2025-12-30 11:07:53+05:30,3253.1,3,3249.3,375850,108891.0,115301.0,3250.0,3257.0,3239.8,3251.5,42005425,3576.6,2926.4,4322.95,2866.6,3253.1,218,4,3253.0,607,5,3252.9,136,4,3252.4,22,1,3252.3,54,3,3253.5,107,7,3253.6,61,2,3253.8,84,3,3254.0,147,5,3254.1,3,1
11536,2025-12-30 11:07:53+05:30,3253.1,2,3249.3,375850,108891.0,115301.0,3250.0,3257.0,3239.8,3251.5,42005425,3576.6,2926.4,4322.95,2866.6,3253.1,218,4,3253.0,607,5,3252.9,136,4,3252.4,22,1,3252.3,54,3,3253.5,107,7,3253.6,61,2,3253.8,84,3,3254.0,147,5,3254.1,3,1
11536,2025-12-30 11:07:54+05:30,3253.1,2,3249.3,375852,109780.0,115336.0,3250.0,3257.0,3239.8,3251.5,42005425,3576.6,2926.4,4322.95,2866.6,3253.1,216,4,3253.0,607,5,3252.9,136,4,3252.4,22,1,3252.3,54,3,3253.5,118,6,3253.6,44,2,3253.7,16,1,3253.8,65,2,3254.0,147,5
11536,2025-12-30 11:07:54+05:30,3253.1,2,3249.3,375852,109780.0,115336.0,3250.0,3257.0,3239.8,3251.5,42005425,3576.6,2926.4,4322.95,2866.6,3253.1,216,4,3253.0,607,5,3252.9,136,4,3252.4,22,1,3252.3,54,3,3253.5,118,6,3253.6,44,2,3253.7,16,1,3253.8,65,2,3254.0,147,5
11536,2025-12-30 11:07:54+05:30,3253.1,2,3249.3,375852,109955.0,115322.0,3250.0,3257.0,3239.8,3251.5,42005425,3576.6,2926.4,4322.95,2866.6,3253.1,216,4,3253.0,607,5,3252.9,136,4,3252.4,22,1,3252.3,54,3,3253.5,118,6,3253.6,30,1,3253.7,16,1,3253.8,65,2,3254.0,147,5
11536,2025-12-30 11:07:55+05:30,3253.5,1,3249.3,375852,109955.0,115322.0,3250.0,3257.0,3239.8,3251.5,42005425,3576.6,2926.4,4322.95,2866.6,3253.1,216,4,3253.0,607,5,3252.9,136,4,3252.4,22,1,3252.3,54,3,3253.5,118,6,3253.6,30,1,3253.7,16,1,3253.8,65,2,3254.0,147,5
11536,2025-12-30 11:07:55+05:30,3253.5,1,3249.3,375852,109955.0,115322.0,3250.0,3257.0,3239.8,3251.5,42005425,3576.6,2926.4,4322.95,2866.6,3253.1,216,4,3253.0,607,5,3252.9,136,4,3252.4,22,1,3252.3,54,3,3253.5,118,6,3253.6,30,1,3253.7,16,1,3253.8,65,2,3254.0,147,5
11536,2025-12-30 11:07:55+05:30,3253.1,1,3249.3,375866,109923.0,115326.0,3250.0,3257.0,3239.8,3251.5,42005425,3576.6,2926.4,4322.95,2866.6,3253.1,204,4,3253.0,607,5,3252.9,136,4,3252.4,22,1,3252.3,54,3,3253.5,120,8,3253.6,30,1,3253.7,16,1,3253.8,65,2,3254.0,147,5
11536,2025-12-30 11:07:56+05:30,3253.1,1,3249.3,375866,109923.0,115326.0,3250.0,3257.0,3239.8,3251.5,42005425,3576.6,2926.4,4322.95,2866.6,3253.1,204,4,3253.0,607,5,3252.9,136,4,3252.4,22,1,3252.3,54,3,3253.5,120,8,3253.6,30,1,3253.7,16,1,3253.8,65,2,3254.0,147,5
11536,2025-12-30 11:07:56+05:30,3253.1,1,3249.3,375866,110319.0,115333.0,3250.0,3257.0,3239.8,3251.5,42005425,3576.6,2926.4,4322.95,2866.6,3253.1,248,5,3253.0,607,5,3252.9,136,4,3252.4,22,1,3252.3,54,3,3253.5,120,8,3253.6,30,1,3253.7,16,1,3253.8,65,2,3254.0,147,5
11536,2025-12-30 11:07:57+05:30,3253.1,1,3249.3,375866,110319.0,115333.0,3250.0,3257.0,3239.8,3251.5,42005425,3576.6,2926.4,4322.95,2866.6,3253.1,248,5,3253.0,607,5,3252.9,136,4,3252.4,22,1,3252.3,54,3,3253.5,120,8,3253.6,30,1,3253.7,16,1,3253.8,65,2,3254.0,147,5
11536,2025-12-30 11:07:57+05:30,3253.1,3,3249.3,375866,110319.0,115333.0,3250.0,3257.0,3239.8,3251.5,42005425,3576.6,2926.4,4322.95,2866.6,3253.1,248,5,3253.0,607,5,3252.9,136,4,3252.4,22,1,3252.3,54,3,3253.5,120,8,3253.6,30,1,3253.7,16,1,3253.8,65,2,3254.0,147,5
11536,2025-12-30 11:07:57+05:30,3253.1,1,3249.3,375872,109986.0,115339.0,3250.0,3257.0,3239.8,3251.5,42005425,3576.6,2926.4,4322.95,2866.6,3253.1,242,5,3253.0,607,5,3252.9,136,4,3252.4,22,1,3252.3,89,5,3253.5,119,7,3253.6,30,1,3253.7,16,1,3253.8,65,2,3254.0,147,5
11536,2025-12-30 11:07:58+05:30,3253.1,2,3249.3,375872,109986.0,115339.0,3250.0,3257.0,3239.8,3251.5,42005425,3576.6,2926.4,4322.95,2866.6,3253.1,242,5,3253.0,607,5,3252.9,136,4,3252.4,22,1,3252.3,89,5,3253.5,119,7,3253.6,30,1,3253.7,16,1,3253.8,65,2,3254.0,147,5
11536,2025-12-30 11:07:58+05:30,3253.1,2,3249.3,375874,109928.0,115318.0,3250.0,3257.0,3239.8,3251.5,42005425,3576.6,2926.4,4322.95,2866.6,3253.1,240,5,3253.0,607,5,3252.9,136,4,3252.4,22,1,3252.3,68,4,3253.5,130,9,3253.6,30,1,3253.8,84,3,3254.0,147,5,3254.1,3,1
11536,2025-12-30 11:07:59+05:30,3253.1,2,3249.3,375874,109928.0,115318.0,3250.0,3257.0,3239.8,3251.5,42005425,3576.6,2926.4,4322.95,2866.6,3253.1,240,5,3253.0,607,5,3252.9,136,4,3252.4,22,1,3252.3,68,4,3253.5,130,9,3253.6,30,1,3253.8,84,3,3254.0,147,5,3254.1,3,1
11536,2025-12-30 11:07:59+05:30,3253.1,2,3249.3,375874,110269.0,115339.0,3250.0,3257.0,3239.8,3251.5,42005425,3576.6,2926.4,4322.95,2866.6,3253.1,240,5,3253.0,607,5,3252.9,136,4,3252.4,22,1,3252.3,68,4,3253.5,120,8,3253.6,30,1,3253.7,16,1,3253.8,65,2,3254.0,147,5
11536,2025-12-30 11:08:00+05:30,3253.1,2,3249.3,375874,110269.0,115339.0,3250.0,3257.0,3239.8,3251.5,42005425,3576.6,2926.4,4322.95,2866.6,3253.1,240,5,3253.0,607,5,3252.9,136,4,3252.4,22,1,3252.3,68,4,3253.5,120,8,3253.6,30,1,3253.7,16,1,3253.8,65,2,3254.0,147,5
11536,2025-12-30 11:08:00+05:30,3253.1,1,3249.3,375874,110269.0,115339.0,3250.0,3257.0,3239.8,3251.5,42005425,3576.6,2926.4,4322.95,2866.6,3253.1,240,5,3253.0,607,5,3252.9,136,4,3252.4,22,1,3252.3,68,4,3253.5,120,8,3253.6,30,1,3253.7,16,1,3253.8,65,2,3254.0,147,5
11536,2025-12-30 11:08:00+05:30,3253.1,1,3249.3,375876,110355.0,115308.0,3250.0,3257.0,3239.8,3251.5,42005425,3576.6,2926.4,4322.95,2866.6,3253.1,238,5,3253.0,607,5,3252.9,136,4,3252.4,22,1,3252.3,68,4,3253.5,119,7,3253.6,46,2,3253.8,84,3,3254.0,147,5,3254.1,3,1
11536,2025-12-30 11:08:01+05:30,3253.5,2,3249.3,375876,110355.0,115308.0,3250.0,3257.0,3239.8,3251.5,42005425,3576.6,2926.4,4322.95,2866.6,3253.1,238,5,3253.0,607,5,3252.9,136,4,3252.4,22,1,3252.3,68,4,3253.5,119,7,3253.6,46,2,3253.8,84,3,3254.0,147,5,3254.1,3,1
11536,2025-12-30 11:08:01+05:30,3253.5,2,3249.3,375876,110355.0,115308.0,3250.0,3257.0,3239.8,3251.5,42026250,3576.6,2926.4,4322.95,2866.6,3253.1,238,5,3253.0,607,5,3252.9,136,4,3252.4,22,1,3252.3,68,4,3253.5,119,7,3253.6,46,2,3253.8,84,3,3254.0,147,5,3254.1,3,1
11536,2025-12-30 11:08:02+05:30,3253.5,2,3249.3,375879,108963.0,115320.0,3250.0,3257.0,3239.8,3251.5,42026250,3576.6,2926.4,4322.95,2866.6,3253.1,238,5,3253.0,607,5,3252.9,136,4,3252.4,22,1,3252.3,68,4,3253.5,117,8,3253.6,30,1,3253.8,84,3,3254.0,147,5,3254.1,3,1
11536,2025-12-30 11:08:03+05:30,3253.1,1,3249.3,375880,110360.0,115295.0,3250.0,3257.0,3239.8,3251.5,42026250,3576.6,2926.4,4322.95,2866.6,3253.1,243,6,3253.0,607,5,3252.9,137,5,3252.4,22,1,3252.3,68,4,3253.5,126,8,3253.6,30,1,3253.8,84,3,3254.0,147,5,3254.1,3,1
11536,2025-12-30 11:08:03+05:30,3253.1,1,3249.3,375880,110360.0,115295.0,3250.0,3257.0,3239.8,3251.5,42026250,3576.6,2926.4,4322.95,2866.6,3253.1,243,6,3253.0,607,5,3252.9,137,5,3252.4,22,1,3252.3,68,4,3253.5,126,8,3253.6,30,1,3253.8,84,3,3254.0,147,5,3254.1,3,1
11536,2025-12-30 11:08:04+05:30,3253.1,1,3249.3,375880,110360.0,115295.0,3250.0,3257.0,3239.8,3251.5,42026250,3576.6,2926.4,4322.95,2866.6,3253.1,243,6,3253.0,607,5,3252.9,137,5,3252.4,22,1,3252.3,68,4,3253.5,126,8,3253.6,30,1,3253.8,84,3,3254.0,147,5,3254.1,3,1
11536,2025-12-30 11:08:04+05:30,3253.1,1,3249.3,375881,109836.0,115302.0,3250.0,3257.0,3239.8,3251.5,42026250,3576.6,2926.4,4322.95,2866.6,3253.1,242,6,3253.0,607,5,3252.9,137,5,3252.4,22,1,3252.3,68,4,3253.5,94,6,3253.6,30,1,3253.7,38,2,3253.8,84,3,3253.9,11,1
11536,2025-12-30 11:08:04+05:30,3253.1,1,3249.3,375881,109836.0,115302.0,3250.0,3257.0,3239.8,3251.5,42026250,3576.6,2926.4,4322.95,2866.6,3253.1,242,6,3253.0,607,5,3252.9,137,5,3252.4,22,1,3252.3,68,4,3253.5,94,6,3253.6,30,1,3253.7,38,2,3253.8,84,3,3253.9,11,1
11536,2025-12-30 11:08:05+05:30,3253.5,1,3249.3,375882,110361.0,115301.0,3250.0,3257.0,3239.8,3251.5,42026250,3576.6,2926.4,4322.95,2866.6,3253.1,242,6,3253.0,607,5,3252.9,137,5,3252.4,22,1,3252.3,68,4,3253.5,93,6,3253.6,30,1,3253.7,38,2,3253.8,84,3,3253.9,11,1
11536,2025-12-30 11:08:05+05:30,3253.5,1,3249.3,375882,110361.0,115301.0,3250.0,3257.0,3239.8,3251.5,42026250,3576.6,2926.4,4322.95,2866.6,3253.1,242,6,3253.0,607,5,3252.9,137,5,3252.4,22,1,3252.3,68,4,3253.5,93,6,3253.6,30,1,3253.7,38,2,3253.8,84,3,3253.9,11,1
11536,2025-12-30 11:08:06+05:30,3253.5,1,3249.3,375883,110011.0,115282.0,3250.0,3257.0,3239.8,3251.5,42026250,3576.6,2926.4,4322.95,2866.6,3253.1,242,6,3253.0,607,5,3252.9,137,5,3252.4,22,1,3252.3,68,4,3253.5,83,6,3253.6,74,3,3253.8,81,3,3253.9,11,1,3254.0,147,5
11536,2025-12-30 11:08:07+05:30,3253.1,1,3249.3,375884,111581.0,112419.0,3250.0,3257.0,3239.8,3251.5,42026250,3576.6,2926.4,4322.95,2866.6,3253.1,241,6,3253.0,607,5,3252.9,137,5,3252.8,103,4,3252.7,21,1,3253.5,82,5,3253.8,50,1,3254.0,106,3,3254.1,3,1,3254.2,57,2
11536,2025-12-30 11:08:07+05:30,3253.1,1,3249.3,375884,111581.0,112419.0,3250.0,3257.0,3239.8,3251.5,42026250,3576.6,2926.4,4322.95,2866.6,3253.1,241,6,3253.0,607,5,3252.9,137,5,3252.8,103,4,3252.7,21,1,3253.5,82,5,3253.8,50,1,3254.0,106,3,3254.1,3,1,3254.2,57,2
11536,2025-12-30 11:08:08+05:30,3253.1,1,3249.3,375885,111509.0,113894.0,3250.0,3257.0,3239.8,3251.5,42026250,3576.6,2926.4,4322.95,2866.6,3253.1,240,6,3253.0,607,5,3252.9,137,5,3252.7,21,1,3252.6,46,2,3253.5,83,6,3253.8,50,1,3254.0,106,3,3254.1,18,2,3254.2,57,2
11536,2025-12-30 11:08:08+05:30,3253.1,1,3249.3,375885,111509.0,113894.0,3250.0,3257.0,3239.8,3251.5,42026250,3576.6,2926.4,4322.95,2866.6,3253.1,240,6,3253.0,607,5,3252.9,137,5,3252.7,21,1,3252.6,46,2,3253.5,83,6,3253.8,50,1,3254.0,106,3,3254.1,18,2,3254.2,57,2
11536,2025-12-30 11:08:09+05:30,3253.5,1,3249.3,375886,111440.0,113899.0,3250.0,3257.0,3239.8,3251.5,42026250,3576.6,2926.4,4322.95,2866.6,3253.1,240,6,3253.0,607,5,3252.9,137,5,3252.7,21,1,3252.6,46,2,3253.5,82,6,3253.8,50,1,3253.9,1,1,3254.0,106,3,3254.1,18,2
11536,2025-12-30 11:08:09+05:30,3253.5,1,3249.3,375886,111440.0,113899.0,3250.0,3257.0,3239.8,3251.5,42026250,3576.6,2926.4,4322.95,2866.6,3253.1,240,6,3253.0,607,5,3252.9,137,5,3252.7,21,1,3252.6,46,2,3253.5,82,6,3253.8,50,1,3253.9,1,1,3254.0,106,3,3254.1,18,2
11536,2025-12-30 11:08:10+05:30,3253.1,1,3249.3,375888,111553.0,113897.0,3250.0,3257.0,3239.8,3251.5,42026250,3576.6,2926.4,4322.95,2866.6,3253.1,239,6,3253.0,607,5,3252.9,137,5,3252.7,53,2,3252.6,74,3,3253.5,80,5,3253.8,50,1,3253.9,1,1,3254.0,106,3,3254.1,18,2
11536,2025-12-30 11:08:10+05:30,3253.1,1,3249.3,375888,111553.0,113897.0,3250.0,3257.0,3239.8,3251.5,42026250,3576.6,2926.4,4322.95,2866.6,3253.1,239,6,3253.0,607,5,3252.9,137,5,3252.7,53,2,3252.6,74,3,3253.5,80,5,3253.8,50,1,3253.9,1,1,3254.0,106,3,3254.1,18,2
11536,2025-12-30 11:08:11+05:30,3253.5,10,3249.3,375898,111539.0,113774.0,3250.0,3257.0,3239.8,3251.5,42026250,3576.6,2926.4,4322.95,2866.6,3253.1,239,6,3253.0,607,5,3252.9,137,5,3252.7,53,2,3252.6,74,3,3253.5,71,6,3253.8,50,1,3253.9,1,1,3254.0,106,3,3254.1,37,3
11536,2025-12-30 11:08:11+05:30,3253.5,10,3249.3,375898,111539.0,113774.0,3250.0,3257.0,3239.8,3251.5,42026250,3576.6,2926.4,4322.95,2866.6,3253.1,239,6,3253.0,607,5,3252.9,137,5,3252.7,53,2,3252.6,74,3,3253.5,71,6,3253.8,50,1,3253.9,1,1,3254.0,106,3,3254.1,37,3
11536,2025-12-30 11:08:12+05:30,3253.5,1,3249.3,375900,111500.0,113774.0,3250.0,3257.0,3239.8,3251.5,42026250,3576.6,2926.4,4322.95,2866.6,3253.1,238,6,3253.0,607,5,3252.9,137,5,3252.7,21,1,3252.6,104,4,3253.5,71,7,3253.8,50,1,3253.9,1,1,3254.0,106,3,3254.1,37,3
11536,2025-12-30 11:08:12+05:30,3253.5,2,3249.3,375900,111500.0,113774.0,3250.0,3257.0,3239.8,3251.5,42026250,3576.6,2926.4,4322.95,2866.6,3253.1,238,6,3253.0,607,5,3252.9,137,5,3252.7,21,1,3252.6,104,4,3253.5,71,7,3253.8,50,1,3253.9,1,1,3254.0,106,3,3254.1,37,3
11536,2025-12-30 11:08:13+05:30,3253.1,1,3249.3,375904,111732.0,113790.0,3250.0,3257.0,3239.8,3251.5,42026250,3576.6,2926.4,4322.95,2866.6,3253.1,237,7,3253.0,607,5,3252.9,137,5,3252.7,100,4,3252.6,74,3,3253.5,69,7,3253.8,50,1,3253.9,16,2,3254.0,106,3,3254.1,3,1
11536,2025-12-30 11:08:13+05:30,3253.1,3,3249.3,375904,111732.0,113790.0,3250.0,3257.0,3239.8,3251.5,42026250,3576.6,2926.4,4322.95,2866.6,3253.1,237,7,3253.0,607,5,3252.9,137,5,3252.7,100,4,3252.6,74,3,3253.5,69,7,3253.8,50,1,3253.9,16,2,3254.0,106,3,3254.1,3,1
11536,2025-12-30 11:08:14+05:30,3253.1,3,3249.3,375907,111669.0,113583.0,3250.0,3257.0,3239.8,3251.5,42026250,3576.6,2926.4,4322.95,2866.6,3253.1,234,7,3253.0,607,5,3252.9,137,5,3252.7,43,2,3252.6,46,2,3253.5,79,8,3253.8,75,3,3253.9,12,2,3254.0,125,4,3254.1,3,1
11536,2025-12-30 11:08:14+05:30,3253.1,1,3249.3,375907,111669.0,113583.0,3250.0,3257.0,3239.8,3251.5,42026250,3576.6,2926.4,4322.95,2866.6,3253.1,234,7,3253.0,607,5,3252.9,137,5,3252.7,43,2,3252.6,46,2,3253.5,79,8,3253.8,75,3,3253.9,12,2,3254.0,125,4,3254.1,3,1
11536,2025-12-30 11:08:15+05:30,3253.5,1,3249.3,375909,111679.0,112410.0,3250.0,3257.0,3239.8,3251.5,42026250,3576.6,2926.4,4322.95,2866.6,3253.1,233,7,3253.0,607,5,3252.9,137,5,3252.7,43,2,3252.6,46,2,3253.5,68,7,3253.8,60,2,3253.9,56,4,3254.0,153,5,3254.1,3,1
11536,2025-12-30 11:08:15+05:30,3253.5,1,3249.3,375909,111679.0,112410.0,3250.0,3257.0,3239.8,3251.5,42026250,3576.6,2926.4,4322.95,2866.6,3253.1,233,7,3253.0,607,5,3252.9,137,5,3252.7,43,2,3252.6,46,2,3253.5,68,7,3253.8,60,2,3253.9,56,4,3254.0,153,5,3254.1,3,1
11536,2025-12-30 11:08:16+05:30,3253.5,1,3249.3,375911,111755.0,114407.0,3250.0,3257.0,3239.8,3251.5,42026250,3576.6,2926.4,4322.95,2866.6,3253.1,232,7,3253.0,607,5,3252.9,137,5,3252.7,22,1,3252.6,20,1,3253.5,66,6,3253.8,74,3,3253.9,56,4,3254.0,153,5,3254.1,3,1
11536,2025-12-30 11:08:16+05:30,3253.5,1,3249.3,375911,111755.0,114407.0,3250.0,3257.0,3239.8,3251.5,42026250,3576.6,2926.4,4322.95,2866.6,3253.1,232,7,3253.0,607,5,3252.9,137,5,3252.7,22,1,3252.6,20,1,3253.5,66,6,3253.8,74,3,3253.9,56,4,3254.0,153,5,3254.1,3,1
11536,2025-12-30 11:08:17+05:30,3253.1,1,3249.3,375912,110984.0,114417.0,3250.0,3257.0,3239.8,3251.5,42026250,3576.6,2926.4,4322.95,2866.6,3253.1,231,7,3253.0,607,5,3252.9,137,5,3252.7,22,1,3252.6,20,1,3253.5,66,6,3253.6,14,1,3253.8,101,4,3253.9,55,4,3254.0,153,5
11536,2025-12-30 11:08:17+05:30,3253.1,1,3249.3,375912,110984.0,114417.0,3250.0,3257.0,3239.8,3251.5,42026250,3576.6,2926.4,4322.95,2866.6,3253.1,231,7,3253.0,607,5,3252.9,137,5,3252.7,22,1,3252.6,20,1,3253.5,66,6,3253.6,14,1,3253.8,101,4,3253.9,55,4,3254.0,153,5
11536,2025-12-30 11:08:18+05:30,3253.1,1,3249.3,375914,110982.0,114412.0,3250.0,3257.0,3239.8,3251.5,42026250,3576.6,2926.4,4322.95,2866.6,3253.1,229,6,3253.0,607,5,3252.9,137,5,3252.7,22,1,3252.6,20,1,3253.5,75,7,3253.8,129,5,3253.9,27,3,3254.0,153,5,3254.1,3,1
11536,2025-12-30 11:08:18+05:30,3253.1,1,3249.3,375914,110982.0,114412.0,3250.0,3257.0,3239.8,3251.5,42026250,3576.6,2926.4,4322.95,2866.6,3253.1,229,6,3253.0,607,5,3252.9,137,5,3252.7,22,1,3252.6,20,1,3253.5,75,7,3253.8,129,5,3253.9,27,3,3254.0,153,5,3254.1,3,1
11536,2025-12-30 11:08:19+05:30,3253.5,2,3249.3,375917,110990.0,114419.0,3250.0,3257.0,3239.8,3251.5,42026250,3576.6,2926.4,4322.95,2866.6,3253.1,228,6,3253.0,607,5,3252.9,137,5,3252.7,22,1,3252.6,20,1,3253.5,73,7,3253.8,129,5,3253.9,27,3,3254.0,153,5,3254.1,3,1
11536,2025-12-30 11:08:19+05:30,3253.1,14,3249.3,375917,110990.0,114419.0,3250.0,3257.0,3239.8,3251.5,42026250,3576.6,2926.4,4322.95,2866.6,3253.1,228,6,3253.0,607,5,3252.9,137,5,3252.7,22,1,3252.6,20,1,3253.5,73,7,3253.8,129,5,3253.9,27,3,3254.0,153,5,3254.1,3,1
11536,2025-12-30 11:08:20+05:30,3253.1,14,3249.3,375931,110967.0,114453.0,3250.0,3257.0,3239.8,3251.5,42026250,3576.6,2926.4,4322.95,2866.6,3253.1,214,6,3253.0,607,5,3252.9,137,5,3252.7,22,1,3252.6,20,1,3253.5,74,8,3253.7,28,1,3253.8,100,4,3253.9,27,3,3254.0,125,4
11536,2025-12-30 11:08:21+05:30,3253.1,20,3249.3,375953,110602.0,113723.0,3250.0,3257.0,3239.8,3251.5,42026250,3576.6,2926.4,4322.95,2866.6,3253.1,193,6,3253.0,607,5,3252.9,137,5,3252.7,22,1,3252.6,20,1,3253.5,72,7,3253.6,21,2,3253.7,28,1,3253.8,115,5,3253.9,33,3
11536,2025-12-30 11:08:21+05:30,3253.1,20,3249.3,375953,110602.0,113723.0,3250.0,3257.0,3239.8,3251.5,42026250,3576.6,2926.4,4322.95,2866.6,3253.1,193,6,3253.0,607,5,3252.9,137,5,3252.7,22,1,3252.6,20,1,3253.5,72,7,3253.6,21,2,3253.7,28,1,3253.8,115,5,3253.9,33,3
11536,2025-12-30 11:08:22+05:30,3253.1,5,3249.3,375958,110798.0,114773.0,3250.0,3257.0,3239.8,3251.5,42026250,3576.6,2926.4,4322.95,2866.6,3253.1,188,6,3253.0,607,5,3252.9,137,5,3252.7,22,1,3252.6,48,2,3253.5,73,8,3253.6,14,1,3253.7,28,1,3253.8,87,4,3253.9,33,3
11536,2025-12-30 11:08:22+05:30,3253.1,5,3249.3,375958,110798.0,114773.0,3250.0,3257.0,3239.8,3251.5,42026250,3576.6,2926.4,4322.95,2866.6,3253.1,188,6,3253.0,607,5,3252.9,137,5,3252.7,22,1,3252.6,48,2,3253.5,73,8,3253.6,14,1,3253.7,28,1,3253.8,87,4,3253.9,33,3
11536,2025-12-30 11:08:23+05:30,3253.5,1,3249.3,375973,110821.0,115017.0,3250.0,3257.0,3239.8,3251.5,42026250,3576.6,2926.4,4322.95,2866.6,3253.1,174,6,3253.0,607,5,3252.9,137,5,3252.7,22,1,3252.6,48,2,3253.5,73,9,3253.7,28,1,3253.8,72,3,3253.9,48,4,3254.0,180,6
11536,2025-12-30 11:08:23+05:30,3253.1,6,3249.3,375973,110821.0,115017.0,3250.0,3257.0,3239.8,3251.5,42026250,3576.6,2926.4,4322.95,2866.6,3253.1,174,6,3253.0,607,5,3252.9,137,5,3252.7,22,1,3252.6,48,2,3253.5,73,9,3253.7,28,1,3253.8,72,3,3253.9,48,4,3254.0,180,6
11536,2025-12-30 11:08:24+05:30,3253.1,2,3249.3,375981,110846.0,114916.0,3250.0,3257.0,3239.8,3251.5,42026250,3576.6,2926.4,4322.95,2866.6,3253.1,166,6,3253.0,607,5,3252.9,137,5,3252.7,22,1,3252.6,48,2,3253.5,62,7,3253.6,14,1,3253.8,90,3,3253.9,39,3,3254.0,125,4
11536,2025-12-30 11:08:24+05:30,3253.1,2,3249.3,375981,110846.0,114916.0,3250.0,3257.0,3239.8,3251.5,42026250,3576.6,2926.4,4322.95,2866.6,3253.1,166,6,3253.0,607,5,3252.9,137,5,3252.7,22,1,3252.6,48,2,3253.5,62,7,3253.6,14,1,3253.8,90,3,3253.9,39,3,3254.0,125,4
11536,2025-12-30 11:08:25+05:30,3253.1,4,3249.3,375986,111447.0,113756.0,3250.0,3257.0,3239.8,3251.5,42026250,3576.6,2926.4,4322.95,2866.6,3253.1,162,6,3253.0,607,5,3252.9,186,7,3252.8,54,2,3252.7,78,3,3253.5,61,7,3253.8,50,1,3253.9,1,1,3254.0,106,3,3254.1,3,1
11536,2025-12-30 11:08:25+05:30,3253.1,4,3249.3,375986,111447.0,113756.0,3250.0,3257.0,3239.8,3251.5,42026250,3576.6,2926.4,4322.95,2866.6,3253.1,162,6,3253.0,607,5,3252.9,186,7,3252.8,54,2,3252.7,78,3,3253.5,61,7,3253.8,50,1,3253.9,1,1,3254.0,106,3,3254.1,3,1
11536,2025-12-30 11:08:26+05:30,3253.1,2,3249.3,375989,113410.0,113619.0,3250.0,3257.0,3239.8,3251.5,42026250,3576.6,2926.4,4322.95,2866.6,3253.1,160,6,3253.0,607,5,3252.9,165,6,3252.7,46,3,3252.6,96,4,3253.3,2,1,3253.5,61,7,3253.8,50,1,3253.9,1,1,3254.0,106,3
11536,2025-12-30 11:08:26+05:30,3253.1,1,3249.3,375989,113410.0,113619.0,3250.0,3257.0,3239.8,3251.5,42026250,3576.6,2926.4,4322.95,2866.6,3253.1,160,6,3253.0,607,5,3252.9,165,6,3252.7,46,3,3252.6,96,4,3253.3,2,1,3253.5,61,7,3253.8,50,1,3253.9,1,1,3254.0,106,3
11536,2025-12-30 11:08:27+05:30,3253.5,65,3249.3,376235,113548.0,113587.0,3250.0,3257.0,3239.8,3251.5,42026250,3576.6,2926.4,4322.95,2866.6,3253.2,18,2,3253.1,203,8,3253.0,635,6,3252.9,233,9,3252.7,63,4,3253.5,41,2,3253.8,50,1,3253.9,1,1,3254.0,106,3,3254.2,38,3
11536,2025-12-30 11:08:27+05:30,3253.5,65,3249.3,376235,113548.0,113587.0,3250.0,3257.0,3239.8,3251.5,42026250,3576.6,2926.4,4322.95,2866.6,3253.2,18,2,3253.1,203,8,3253.0,635,6,3252.9,233,9,3252.7,63,4,3253.5,41,2,3253.8,50,1,3253.9,1,1,3254.0,106,3,3254.2,38,3
11536,2025-12-30 11:08:29+05:30,3253.2,8,3249.3,376235,113548.0,113587.0,3250.0,3257.0,3239.8,3251.5,42026250,3576.6,2926.4,4322.95,2866.6,3253.2,18,2,3253.1,203,8,3253.0,635,6,3252.9,233,9,3252.7,63,4,3253.5,41,2,3253.8,50,1,3253.9,1,1,3254.0,106,3,3254.2,38,3
11536,2025-12-30 11:08:31+05:30,3253.5,1,3249.3,376358,113014.0,113634.0,3250.0,3257.0,3239.8,3251.5,42026250,3576.6,2926.4,4322.95,2866.6,3253.2,162,1,3253.1,159,6,3253.0,441,5,3252.9,137,5,3252.8,28,1,3253.5,141,3,3253.7,37,1,3253.8,50,1,3253.9,1,1,3254.0,125,4
11536,2025-12-30 11:08:32+05:30,3253.2,8,3249.3,376358,113014.0,113634.0,3250.0,3257.0,3239.8,3251.5,42026250,3576.6,2926.4,4322.95,2866.6,3253.2,162,1,3253.1,159,6,3253.0,441,5,3252.9,137,5,3252.8,28,1,3253.5,141,3,3253.7,37,1,3253.8,50,1,3253.9,1,1,3254.0,125,4
11536,2025-12-30 11:08:34+05:30,3253.5,1,3249.3,376358,113014.0,113634.0,3250.0,3257.0,3239.8,3251.5,42026250,3576.6,2926.4,4322.95,2866.6,3253.2,162,1,3253.1,159,6,3253.0,441,5,3252.9,137,5,3252.8,28,1,3253.5,141,3,3253.7,37,1,3253.8,50,1,3253.9,1,1,3254.0,125,4
11536,2025-12-30 11:08:35+05:30,3253.1,1,3249.31,377229,112520.0,113526.0,3250.0,3257.0,3239.8,3251.5,42026250,3576.6,2926.4,4322.95,2866.6,3253.1,56,3,3253.0,441,5,3252.9,127,4,3252.7,25,2,3252.6,20,1,3253.5,156,5,3253.8,64,2,3253.9,53,3,3254.0,125,4,3254.1,13,1
11536,2025-12-30 11:08:38+05:30,3253.1,10,3249.31,377229,112520.0,113526.0,3250.0,3257.0,3239.8,3251.5,42026250,3576.6,2926.4,4322.95,2866.6,3253.1,56,3,3253.0,441,5,3252.9,127,4,3252.7,25,2,3252.6,20,1,3253.5,156,5,3253.8,64,2,3253.9,53,3,3254.0,125,4,3254.1,13,1
11536,2025-12-30 11:08:40+05:30,3253.1,5,3249.32,377372,112368.0,114434.0,3250.0,3257.0,3239.8,3251.5,42026250,3576.6,2926.4,4322.95,2866.6,3253.1,17,2,3253.0,441,5,3252.9,127,4,3252.7,22,1,3252.6,20,1,3253.5,161,5,3253.7,45,2,3253.8,140,5,3253.9,36,3,3254.0,153,5
11536,2025-12-30 11:08:41+05:30,3253.1,5,3249.32,377372,112368.0,114434.0,3250.0,3257.0,3239.8,3251.5,42026250,3576.6,2926.4,4322.95,2866.6,3253.1,17,2,3253.0,441,5,3252.9,127,4,3252.7,22,1,3252.6,20,1,3253.5,161,5,3253.7,45,2,3253.8,140,5,3253.9,36,3,3254.0,153,5
11536,2025-12-30 11:08:43+05:30,3253.1,1,3249.32,377372,112368.0,114434.0,3250.0,3257.0,3239.8,3251.5,42026250,3576.6,2926.4,4322.95,2866.6,3253.1,17,2,3253.0,441,5,3252.9,127,4,3252.7,22,1,3252.6,20,1,3253.5,161,5,3253.7,45,2,3253.8,140,5,3253.9,36,3,3254.0,153,5
11536,2025-12-30 11:08:45+05:30,3253.1,11,3249.32,377486,109912.0,115002.0,3250.0,3257.0,3239.8,3251.5,42026250,3576.6,2926.4,4322.95,2866.6,3253.1,9,2,3253.0,441,5,3252.9,127,4,3252.7,22,1,3252.6,20,1,3253.5,258,10,3253.6,21,1,3253.7,53,2,3253.8,101,4,3253.9,47,4
11536,2025-12-30 11:08:47+05:30,3253.1,6,3249.32,377486,109912.0,115002.0,3250.0,3257.0,3239.8,3251.5,42026250,3576.6,2926.4,4322.95,2866.6,3253.1,9,2,3253.0,441,5,3252.9,127,4,3252.7,22,1,3252.6,20,1,3253.5,258,10,3253.6,21,1,3253.7,53,2,3253.8,101,4,3253.9,47,4
11536,2025-12-30 11:08:49+05:30,3253.1,5,3249.32,377524,110144.0,115066.0,3250.0,3257.0,3239.8,3251.5,42026250,3576.6,2926.4,4322.95,2866.6,3253.1,1,1,3253.0,441,5,3252.9,127,4,3252.8,6,2,3252.7,22,1,3253.5,189,8,3253.6,38,1,3253.7,67,3,3253.8,86,3,3253.9,47,4
11536,2025-12-30 11:08:50+05:30,3253.0,4,3249.32,377524,110144.0,115066.0,3250.0,3257.0,3239.8,3251.5,42026250,3576.6,2926.4,4322.95,2866.6,3253.1,1,1,3253.0,441,5,3252.9,127,4,3252.8,6,2,3252.7,22,1,3253.5,189,8,3253.6,38,1,3253.7,67,3,3253.8,86,3,3253.9,47,4
11536,2025-12-30 11:08:53+05:30,3253.0,2,3249.32,377524,110144.0,115066.0,3250.0,3257.0,3239.8,3251.5,42026250,3576.6,2926.4,4322.95,2866.6,3253.1,1,1,3253.0,441,5,3252.9,127,4,3252.8,6,2,3252.7,22,1,3253.5,189,8,3253.6,38,1,3253.7,67,3,3253.8,86,3,3253.9,47,4
11536,2025-12-30 11:08:54+05:30,3253.0,101,3249.32,378067,109343.0,115372.0,3250.0,3257.0,3239.8,3251.5,42026250,3576.6,2926.4,4322.95,2866.6,3253.0,119,4,3252.9,279,5,3252.8,6,2,3252.7,22,1,3252.5,9,2,3253.5,242,9,3253.6,20,1,3253.7,67,3,3253.8,86,3,3253.9,47,4
11536,2025-12-30 11:08:55+05:30,3253.5,1,3249.32,378067,109343.0,115372.0,3250.0,3257.0,3239.8,3251.5,42026250,3576.6,2926.4,4322.95,2866.6,3253.0,119,4,3252.9,279,5,3252.8,6,2,3252.7,22,1,3252.5,9,2,3253.5,242,9,3253.6,20,1,3253.7,67,3,3253.8,86,3,3253.9,47,4
11536,2025-12-30 11:08:59+05:30,3253.0,11,3249.32,378162,109934.0,114583.0,3250.0,3257.0,3239.8,3251.5,42026250,3576.6,2926.4,4322.95,2866.6,3253.0,218,5,3252.9,279,5,3252.8,6,2,3252.7,22,1,3252.5,9,2,3253.5,188,8,3253.8,101,4,3253.9,38,3,3254.0,140,5,3254.1,55,3
11536,2025-12-30 11:08:59+05:30,3253.0,11,3249.32,378162,109934.0,114583.0,3250.0,3257.0,3239.8,3251.5,42026250,3576.6,2926.4,4322.95,2866.6,3253.0,218,5,3252.9,279,5,3252.8,6,2,3252.7,22,1,3252.5,9,2,3253.5,188,8,3253.8,101,4,3253.9,38,3,3254.0,140,5,3254.1,55,3
11536,2025-12-30 11:09:02+05:30,3253.0,4,3249.32,378162,109934.0,114583.0,3250.0,3257.0,3239.8,3251.5,42026250,3576.6,2926.4,4322.95,2866.6,3253.0,218,5,3252.9,279,5,3252.8,6,2,3252.7,22,1,3252.5,9,2,3253.5,188,8,3253.8,101,4,3253.9,38,3,3254.0,140,5,3254.1,55,3
11536,2025-12-30 11:09:04+05:30,3253.0,1,3249.32,378183,110702.0,112042.0,3250.0,3257.0,3239.8,3251.5,42026250,3576.6,2926.4,4322.95,2866.6,3253.0,211,5,3252.9,322,6,3252.8,6,2,3252.7,22,1,3252.6,56,2,3253.5,199,6,3253.8,50,1,3253.9,1,1,3254.0,106,3,3254.1,3,1
11536,2025-12-30 11:09:05+05:30,3253.5,21,3249.32,378183,110702.0,112042.0,3250.0,3257.0,3239.8,3251.5,42026250,3576.6,2926.4,4322.95,2866.6,3253.0,211,5,3252.9,322,6,3252.8,6,2,3252.7,22,1,3252.6,56,2,3253.5,199,6,3253.8,50,1,3253.9,1,1,3254.0,106,3,3254.1,3,1
11536,2025-12-30 11:09:07+05:30,3253.5,48,3249.32,378183,110702.0,112042.0,3250.0,3257.0,3239.8,3251.5,42026250,3576.6,2926.4,4322.95,2866.6,3253.0,211,5,3252.9,322,6,3252.8,6,2,3252.7,22,1,3252.6,56,2,3253.5,199,6,3253.8,50,1,3253.9,1,1,3254.0,106,3,3254.1,3,1
11536,2025-12-30 11:09:08+05:30,3253.3,6,3249.33,379021,113105.0,112989.0,3250.0,3257.0,3239.8,3251.5,42026250,3576.6,2926.4,4322.95,2866.6,3253.1,63,2,3253.0,209,5,3252.9,279,5,3252.8,238,7,3252.7,22,1,3253.3,21,1,3253.5,102,3,3253.8,50,1,3253.9,1,1,3254.0,106,3
11536,2025-12-30 11:09:11+05:30,3253.0,10,3249.33,379021,113105.0,112989.0,3250.0,3257.0,3239.8,3251.5,42026250,3576.6,2926.4,4322.95,2866.6,3253.1,63,2,3253.0,209,5,3252.9,279,5,3252.8,238,7,3252.7,22,1,3253.3,21,1,3253.5,102,3,3253.8,50,1,3253.9,1,1,3254.0,106,3
11536,2025-12-30 11:09:13+05:30,3253.0,38,3249.33,379304,113132.0,113735.0,3250.0,3257.0,3239.8,3251.5,42026250,3576.6,2926.4,4322.95,2866.6,3253.0,178,4,3252.9,315,6,3252.8,234,6,3252.7,22,1,3252.6,98,4,3253.3,1,1,3253.5,105,3,3253.8,50,1,3253.9,1,1,3254.0,106,3
11536,2025-12-30 11:09:14+05:30,3253.0,3,3249.33,379304,113132.0,113735.0,3250.0,3257.0,3239.8,3251.5,42026250,3576.6,2926.4,4322.95,2866.6,3253.0,178,4,3252.9,315,6,3252.8,234,6,3252.7,22,1,3252.6,98,4,3253.3,1,1,3253.5,105,3,3253.8,50,1,3253.9,1,1,3254.0,106,3
11536,2025-12-30 11:09:17+05:30,3253.0,5,3249.33,379304,113132.0,113735.0,3250.0,3257.0,3239.8,3251.5,42026250,3576.6,2926.4,4322.95,2866.6,3253.0,178,4,3252.9,315,6,3252.8,234,6,3252.7,22,1,3252.6,98,4,3253.3,1,1,3253.5,105,3,3253.8,50,1,3253.9,1,1,3254.0,106,3
11536,2025-12-30 11:09:17+05:30,3253.0,5,3249.34,379331,112095.0,114376.0,3250.0,3257.0,3239.8,3251.5,42026250,3576.6,2926.4,4322.95,2866.6,3253.0,165,5,3252.9,279,5,3252.8,164,4,3252.7,22,1,3252.6,31,2,3253.5,108,6,3253.8,50,1,3253.9,27,3,3254.0,120,3,3254.2,80,4
11536,2025-12-30 11:09:20+05:30,3253.0,6,3249.34,379331,112095.0,114376.0,3250.0,3257.0,3239.8,3251.5,42026250,3576.6,2926.4,4322.95,2866.6,3253.0,165,5,3252.9,279,5,3252.8,164,4,3252.7,22,1,3252.6,31,2,3253.5,108,6,3253.8,50,1,3253.9,27,3,3254.0,120,3,3254.2,80,4
11536,2025-12-30 11:09:22+05:30,3253.5,13,3249.34,379486,112298.0,114276.0,3250.0,3257.0,3239.8,3251.5,42026250,3576.6,2926.4,4322.95,2866.6,3253.0,138,5,3252.9,279,5,3252.8,248,7,3252.7,87,3,3252.6,31,2,3253.5,9,2,3253.8,50,1,3253.9,1,1,3254.0,105,2,3254.2,32,2
11536,2025-12-30 11:09:23+05:30,3253.5,13,3249.34,379486,112298.0,114276.0,3250.0,3257.0,3239.8,3251.5,42026250,3576.6,2926.4,4322.95,2866.6,3253.0,138,5,3252.9,279,5,3252.8,248,7,3252.7,87,3,3252.6,31,2,3253.5,9,2,3253.8,50,1,3253.9,1,1,3254.0,105,2,3254.2,32,2
11536,2025-12-30 11:09:26+05:30,3253.0,42,3249.34,379486,112298.0,114276.0,3250.0,3257.0,3239.8,3251.5,42026250,3576.6,2926.4,4322.95,2866.6,3253.0,138,5,3252.9,279,5,3252.8,248,7,3252.7,87,3,3252.6,31,2,3253.5,9,2,3253.8,50,1,3253.9,1,1,3254.0,105,2,3254.2,32,2
11536,2025-12-30 11:09:27+05:30,3253.0,42,3249.34,380037,112268.0,114316.0,3250.0,3257.0,3239.8,3251.5,42026250,3576.6,2926.4,4322.95,2866.6,3253.1,20,1,3253.0,154,3,3252.9,279,5,3252.8,226,5,3252.7,57,2,3253.5,37,3,3254.0,100,1,3254.2,50,3,3254.3,18,1,3254.4,91,5
11536,2025-12-30 11:09:29+05:30,3253.0,37,3249.34,380037,112268.0,114316.0,3250.0,3257.0,3239.8,3251.5,42026250,3576.6,2926.4,4322.95,2866.6,3253.1,20,1,3253.0,154,3,3252.9,279,5,3252.8,226,5,3252.7,57,2,3253.5,37,3,3254.0,100,1,3254.2,50,3,3254.3,18,1,3254.4,91,5
11536,2025-12-30 11:09:31+05:30,3252.4,1,3249.39,385608,107534.0,115254.0,3250.0,3257.0,3239.8,3251.5,42026250,3576.6,2926.4,4322.95,2866.6,3252.4,14,2,3252.3,7,1,3252.2,38,2,3252.1,36,2,3252.0,38,2,3253.0,70,3,3253.1,1,1,3253.4,104,3,3253.5,53,2,3253.6,45,2
11536,2025-12-30 11:09:32+05:30,3252.4,20,3249.39,385608,107534.0,115254.0,3250.0,3257.0,3239.8,3251.5,42026250,3576.6,2926.4,4322.95,2866.6,3252.4,14,2,3252.3,7,1,3252.2,38,2,3252.1,36,2,3252.0,38,2,3253.0,70,3,3253.1,1,1,3253.4,104,3,3253.5,53,2,3253.6,45,2
11536,2025-12-30 11:09:34+05:30,3252.3,6,3249.39,385608,107534.0,115254.0,3250.0,3257.0,3239.8,3251.5,42026250,3576.6,2926.4,4322.95,2866.6,3252.4,14,2,3252.3,7,1,3252.2,38,2,3252.1,36,2,3252.0,38,2,3253.0,70,3,3253.1,1,1,3253.4,104,3,3253.5,53,2,3253.6,45,2
11536,2025-12-30 11:09:36+05:30,3252.2,233,3249.4,386195,107408.0,117557.0,3250.0,3257.0,3239.8,3251.5,42026250,3576.6,2926.4,4322.95,2866.6,3252.0,9,1,3251.9,1,1,3251.7,50,2,3251.6,16,1,3251.5,3,1,3252.2,150,1,3252.3,3,3,3252.4,1,1,3252.7,35,1,3252.8,62,2
11536,2025-12-30 11:09:38+05:30,3251.9,9,3249.4,386195,107408.0,117557.0,3250.0,3257.0,3239.8,3251.5,42026250,3576.6,2926.4,4322.95,2866.6,3252.0,9,1,3251.9,1,1,3251.7,50,2,3251.6,16,1,3251.5,3,1,3252.2,150,1,3252.3,3,3,3252.4,1,1,3252.7,35,1,3252.8,62,2
11536,2025-12-30 11:09:40+05:30,3251.6,20,3249.41,387535,106882.0,117150.0,3250.0,3257.0,3239.8,3251.5,42026250,3576.6,2926.4,4322.95,2866.6,3251.5,90,4,3251.4,79,5,3251.3,24,2,3251.2,114,7,3251.1,45,5,3251.9,41,2,3252.0,8,2,3252.2,14,1,3252.9,28,1,3253.0,52,2
11536,2025-12-30 11:09:41+05:30,3251.9,1,3249.41,387535,106882.0,117150.0,3250.0,3257.0,3239.8,3251.5,42026250,3576.6,2926.4,4322.95,2866.6,3251.5,90,4,3251.4,79,5,3251.3,24,2,3251.2,114,7,3251.1,45,5,3251.9,41,2,3252.0,8,2,3252.2,14,1,3252.9,28,1,3253.0,52,2
11536,2025-12-30 11:09:44+05:30,3251.6,40,3249.41,387535,106882.0,117150.0,3250.0,3257.0,3239.8,3251.5,42026250,3576.6,2926.4,4322.95,2866.6,3251.5,90,4,3251.4,79,5,3251.3,24,2,3251.2,114,7,3251.1,45,5,3251.9,41,2,3252.0,8,2,3252.2,14,1,3252.9,28,1,3253.0,52,2
11536,2025-12-30 11:09:45+05:30,3251.9,1,3249.41,387890,106732.0,118029.0,3250.0,3257.0,3239.8,3251.5,42026250,3576.6,2926.4,4322.95,2866.6,3251.5,48,2,3251.4,20,2,3251.3,61,3,3251.2,125,8,3251.1,107,7,3251.9,16,3,3252.9,193,4,3253.0,86,4,3253.1,55,2,3253.2,212,5
11536,2025-12-30 11:09:47+05:30,3251.5,15,3249.41,387890,106732.0,118029.0,3250.0,3257.0,3239.8,3251.5,42026250,3576.6,2926.4,4322.95,2866.6,3251.5,48,2,3251.4,20,2,3251.3,61,3,3251.2,125,8,3251.1,107,7,3251.9,16,3,3252.9,193,4,3253.0,86,4,3253.1,55,2,3253.2,212,5
11536,2025-12-30 11:09:49+05:30,3251.5,2,3249.41,388050,106962.0,118187.0,3250.0,3257.0,3239.8,3251.5,42026250,3576.6,2926.4,4322.95,2866.6,3251.5,2,1,3251.4,54,3,3251.3,7,1,3251.2,108,7,3251.1,68,6,3251.9,85,6,3252.6,39,1,3252.7,33,1,3252.9,208,5,3253.0,44,3
11536,2025-12-30 11:09:50+05:30,3251.9,1,3249.41,388050,106962.0,118187.0,3250.0,3257.0,3239.8,3251.5,42026250,3576.6,2926.4,4322.95,2866.6,3251.5,2,1,3251.4,54,3,3251.3,7,1,3251.2,108,7,3251.1,68,6,3251.9,85,6,3252.6,39,1,3252.7,33,1,3252.9,208,5,3253.0,44,3
11536,2025-12-30 11:09:53+05:30,3251.9,5,3249.41,388050,106962.0,118187.0,3250.0,3257.0,3239.8,3251.5,42026250,3576.6,2926.4,4322.95,2866.6,3251.5,2,1,3251.4,54,3,3251.3,7,1,3251.2,108,7,3251.1,68,6,3251.9,85,6,3252.6,39,1,3252.7,33,1,3252.9,208,5,3253.0,44,3
11536,2025-12-30 11:09:53+05:30,3251.9,5,3249.41,388089,106938.0,118296.0,3250.0,3257.0,3239.8,3251.5,42026250,3576.6,2926.4,4322.95,2866.6,3251.5,14,3,3251.4,16,2,3251.3,7,1,3251.2,123,7,3251.1,48,3,3251.9,76,6,3252.4,28,1,3252.5,39,1,3252.6,49,2,3252.7,46,2
11536,2025-12-30 11:09:56+05:30,3251.9,2,3249.41,388089,106938.0,118296.0,3250.0,3257.0,3239.8,3251.5,42026250,3576.6,2926.4,4322.95,2866.6,3251.5,14,3,3251.4,16,2,3251.3,7,1,3251.2,123,7,3251.1,48,3,3251.9,76,6,3252.4,28,1,3252.5,39,1,3252.6,49,2,3252.7,46,2
11536,2025-12-30 11:09:58+05:30,3251.4,1,3249.41,388129,106299.0,119016.0,3250.0,3257.0,3239.8,3251.5,42026250,3576.6,2926.4,4322.95,2866.6,3251.4,30,3,3251.3,7,1,3251.2,44,2,3251.1,23,2,3251.0,58,5,3251.6,6,6,3251.9,85,5,3252.1,31,1,3252.2,37,1,3252.4,28,1
11536,2025-12-30 11:09:59+05:30,3251.4,1,3249.41,388129,106299.0,119016.0,3250.0,3257.0,3239.8,3251.5,42026250,3576.6,2926.4,4322.95,2866.6,3251.4,30,3,3251.3,7,1,3251.2,44,2,3251.1,23,2,3251.0,58,5,3251.6,6,6,3251.9,85,5,3252.1,31,1,3252.2,37,1,3252.4,28,1
11536,2025-12-30 11:10:02+05:30,3251.6,1,3249.41,388129,106299.0,119016.0,3250.0,3257.0,3239.8,3251.5,42026250,3576.6,2926.4,4322.95,2866.6,3251.4,30,3,3251.3,7,1,3251.2,44,2,3251.1,23,2,3251.0,58,5,3251.6,6,6,3251.9,85,5,3252.1,31,1,3252.2,37,1,3252.4,28,1
11536,2025-12-30 11:10:02+05:30,3251.4,3,3249.41,388160,106555.0,119111.0,3250.0,3257.0,3239.8,3251.5,42026250,3576.6,2926.4,4322.95,2866.6,3251.4,78,4,3251.3,7,1,3251.2,44,2,3251.1,205,3,3251.0,58,5,3251.9,85,5,3252.2,37,1,3252.4,29,1,3252.5,2,1,3252.6,63,3
11536,2025-12-30 11:10:05+05:30,3251.9,1,3249.41,388160,106555.0,119111.0,3250.0,3257.0,3239.8,3251.5,42026250,3576.6,2926.4,4322.95,2866.6,3251.4,78,4,3251.3,7,1,3251.2,44,2,3251.1,205,3,3251.0,58,5,3251.9,85,5,3252.2,37,1,3252.4,29,1,3252.5,2,1,3252.6,63,3
11536,2025-12-30 11:10:07+05:30,3251.6,1,3249.41,388166,106691.0,119354.0,3250.0,3257.0,3239.8,3251.5,42026250,3576.6,2926.4,4322.95,2866.6,3251.6,49,2,3251.4,58,3,3251.3,7,1,3251.2,11,1,3251.1,8,1,3251.7,123,1,3251.9,82,4,3252.4,32,1,3252.5,2,1,3252.6,29,1
11536,2025-12-30 11:10:08+05:30,3251.6,3,3249.41,388166,106691.0,119354.0,3250.0,3257.0,3239.8,3251.5,42026250,3576.6,2926.4,4322.95,2866.6,3251.6,49,2,3251.4,58,3,3251.3,7,1,3251.2,11,1,3251.1,8,1,3251.7,123,1,3251.9,82,4,3252.4,32,1,3252.5,2,1,3252.6,29,1
11536,2025-12-30 11:10:11+05:30,3251.6,1,3249.41,388166,106691.0,119354.0,3250.0,3257.0,3239.8,3251.5,42026250,3576.6,2926.4,4322.95,2866.6,3251.6,49,2,3251.4,58,3,3251.3,7,1,3251.2,11,1,3251.1,8,1,3251.7,123,1,3251.9,82,4,3252.4,32,1,3252.5,2,1,3252.6,29,1
11536,2025-12-30 11:10:12+05:30,3251.7,2,3249.41,388174,104763.0,117955.0,3250.0,3257.0,3239.8,3251.5,42026250,3576.6,2926.4,4322.95,2866.6,3251.6,110,3,3251.5,15,1,3251.4,58,3,3251.3,7,1,3251.2,11,1,3251.7,135,2,3251.9,68,3,3252.2,29,1,3252.3,20,1,3252.4,89,4
11536,2025-12-30 11:10:14+05:30,3251.6,1,3249.41,388174,104763.0,117955.0,3250.0,3257.0,3239.8,3251.5,42026250,3576.6,2926.4,4322.95,2866.6,3251.6,110,3,3251.5,15,1,3251.4,58,3,3251.3,7,1,3251.2,11,1,3251.7,135,2,3251.9,68,3,3252.2,29,1,3252.3,20,1,3252.4,89,4
11536,2025-12-30 11:10:17+05:30,3251.7,1,3249.41,388182,104263.0,119859.0,3250.0,3257.0,3239.8,3251.5,42026250,3576.6,2926.4,4322.95,2866.6,3251.6,107,3,3251.5,15,1,3251.4,58,3,3251.3,7,1,3251.2,11,1,3251.7,254,9,3251.9,28,1,3252.1,32,1,3252.2,39,2,3252.3,30,2
11536,2025-12-30 11:10:17+05:30,3251.7,1,3249.41,388182,104263.0,119859.0,3250.0,3257.0,3239.8,3251.5,42026250,3576.6,2926.4,4322.95,2866.6,3251.6,107,3,3251.5,15,1,3251.4,58,3,3251.3,7,1,3251.2,11,1,3251.7,254,9,3251.9,28,1,3252.1,32,1,3252.2,39,2,3252.3,30,2
11536,2025-12-30 11:10:21+05:30,3251.6,4,3249.41,388182,104263.0,119859.0,3250.0,3257.0,3239.8,3251.5,42026250,3576.6,2926.4,4322.95,2866.6,3251.6,107,3,3251.5,15,1,3251.4,58,3,3251.3,7,1,3251.2,11,1,3251.7,254,9,3251.9,28,1,3252.1,32,1,3252.2,39,2,3252.3,30,2
11536,2025-12-30 11:10:22+05:30,3251.6,4,3249.41,388221,104174.0,120066.0,3250.0,3257.0,3239.8,3251.5,42026250,3576.6,2926.4,4322.95,2866.6,3251.6,69,2,3251.5,15,1,3251.4,58,3,3251.3,7,1,3251.2,11,1,3251.7,253,8,3252.0,16,1,3252.2,10,1,3252.3,48,2,3252.4,132,6
11536,2025-12-30 11:10:24+05:30,3251.7,2,3249.41,388221,104174.0,120066.0,3250.0,3257.0,3239.8,3251.5,42026250,3576.6,2926.4,4322.95,2866.6,3251.6,69,2,3251.5,15,1,3251.4,58,3,3251.3,7,1,3251.2,11,1,3251.7,253,8,3252.0,16,1,3252.2,10,1,3252.3,48,2,3252.4,132,6
11536,2025-12-30 11:10:27+05:30,3251.6,1,3249.41,388221,104174.0,120066.0,3250.0,3257.0,3239.8,3251.5,42026250,3576.6,2926.4,4322.95,2866.6,3251.6,69,2,3251.5,15,1,3251.4,58,3,3251.3,7,1,3251.2,11,1,3251.7,253,8,3252.0,16,1,3252.2,10,1,3252.3,48,2,3252.4,132,6
11536,2025-12-30 11:10:28+05:30,3251.7,1,3249.41,388248,104464.0,118723.0,3250.0,3257.0,3239.8,3251.5,42026250,3576.6,2926.4,4322.95,2866.6,3251.6,90,3,3251.5,15,1,3251.4,58,3,3251.3,7,1,3251.2,11,1,3251.7,239,10,3252.2,16,1,3252.4,57,3,3252.5,28,1,3252.6,76,5
11536,2025-12-30 11:10:28+05:30,3251.7,1,3249.41,388248,104464.0,118723.0,3250.0,3257.0,3239.8,3251.5,42026250,3576.6,2926.4,4322.95,2866.6,3251.6,90,3,3251.5,15,1,3251.4,58,3,3251.3,7,1,3251.2,11,1,3251.7,239,10,3252.2,16,1,3252.4,57,3,3252.5,28,1,3252.6,76,5
11536,2025-12-30 11:10:29+05:30,3251.6,1,3249.41,388251,104461.0,119983.0,3250.0,3257.0,3239.8,3251.5,42026250,3576.6,2926.4,4322.95,2866.6,3251.6,87,3,3251.5,15,1,3251.4,58,3,3251.3,7,1,3251.2,11,1,3251.7,238,9,3252.1,16,1,3252.3,28,1,3252.4,89,4,3252.6,76,5
11536,2025-12-30 11:10:29+05:30,3251.6,1,3249.41,388251,104461.0,119983.0,3250.0,3257.0,3239.8,3251.5,42026250,3576.6,2926.4,4322.95,2866.6,3251.6,87,3,3251.5,15,1,3251.4,58,3,3251.3,7,1,3251.2,11,1,3251.7,238,9,3252.1,16,1,3252.3,28,1,3252.4,89,4,3252.6,76,5
11536,2025-12-30 11:10:30+05:30,3251.6,4,3249.41,388255,104456.0,120163.0,3250.0,3257.0,3239.8,3251.5,42026250,3576.6,2926.4,4322.95,2866.6,3251.6,83,3,3251.5,15,1,3251.4,58,3,3251.3,7,1,3251.2,11,1,3251.7,238,9,3252.3,28,1,3252.4,89,4,3252.6,76,5,3252.7,86,4
11536,2025-12-30 11:10:30+05:30,3251.6,4,3249.41,388255,104456.0,120163.0,3250.0,3257.0,3239.8,3251.5,42026250,3576.6,2926.4,4322.95,2866.6,3251.6,83,3,3251.5,15,1,3251.4,58,3,3251.3,7,1,3251.2,11,1,3251.7,238,9,3252.3,28,1,3252.4,89,4,3252.6,76,5,3252.7,86,4
11536,2025-12-30 11:10:31+05:30,3251.6,4,3249.41,388255,104309.0,120115.0,3250.0,3257.0,3239.8,3251.5,42026250,3576.6,2926.4,4322.95,2866.6,3251.6,83,3,3251.5,15,1,3251.4,58,3,3251.3,7,1,3251.2,11,1,3251.7,238,9,3252.3,28,1,3252.4,79,3,3252.5,19,1,3252.6,55,4
11536,2025-12-30 11:10:31+05:30,3251.6,1,3249.41,388255,104309.0,120115.0,3250.0,3257.0,3239.8,3251.5,42026250,3576.6,2926.4,4322.95,2866.6,3251.6,83,3,3251.5,15,1,3251.4,58,3,3251.3,7,1,3251.2,11,1,3251.7,238,9,3252.3,28,1,3252.4,79,3,3252.5,19,1,3252.6,55,4
11536,2025-12-30 11:10:32+05:30,3251.6,2,3249.41,388259,104273.0,120103.0,3250.0,3257.0,3239.8,3251.5,42026250,3576.6,2926.4,4322.95,2866.6,3251.6,80,3,3251.5,15,1,3251.4,58,3,3251.3,7,1,3251.2,11,1,3251.7,235,7,3252.1,16,1,3252.3,28,1,3252.4,90,4,3252.6,74,5
11536,2025-12-30 11:10:32+05:30,3251.6,2,3249.41,388259,104273.0,120103.0,3250.0,3257.0,3239.8,3251.5,42026250,3576.6,2926.4,4322.95,2866.6,3251.6,80,3,3251.5,15,1,3251.4,58,3,3251.3,7,1,3251.2,11,1,3251.7,235,7,3252.1,16,1,3252.3,28,1,3252.4,90,4,3252.6,74,5
11536,2025-12-30 11:10:33+05:30,3251.6,2,3249.41,388340,103822.0,120133.0,3250.0,3257.0,3239.8,3251.5,42026250,3576.6,2926.4,4322.95,2866.6,3251.6,2,1,3251.5,15,1,3251.4,58,3,3251.3,7,1,3251.2,11,1,3251.7,253,10,3251.9,29,2,3252.0,30,2,3252.1,59,2,3252.2,66,4
11536,2025-12-30 11:10:33+05:30,3251.6,2,3249.41,388340,103822.0,120133.0,3250.0,3257.0,3239.8,3251.5,42026250,3576.6,2926.4,4322.95,2866.6,3251.6,2,1,3251.5,15,1,3251.4,58,3,3251.3,7,1,3251.2,11,1,3251.7,253,10,3251.9,29,2,3252.0,30,2,3252.1,59,2,3252.2,66,4
11536,2025-12-30 11:10:34+05:30,3251.6,1,3249.41,388341,103841.0,120709.0,3250.0,3257.0,3239.8,3251.5,42026250,3576.6,2926.4,4322.95,2866.6,3251.6,1,1,3251.5,15,1,3251.4,58,3,3251.3,7,1,3251.2,11,1,3251.7,267,10,3251.9,14,1,3252.0,76,4,3252.1,50,2,3252.2,92,5
11536,2025-12-30 11:10:34+05:30,3251.6,1,3249.41,388341,103841.0,120709.0,3250.0,3257.0,3239.8,3251.5,42026250,3576.6,2926.4,4322.95,2866.6,3251.6,1,1,3251.5,15,1,3251.4,58,3,3251.3,7,1,3251.2,11,1,3251.7,267,10,3251.9,14,1,3252.0,76,4,3252.1,50,2,3252.2,92,5
11536,2025-12-30 11:10:35+05:30,3251.5,15,3249.41,388367,103734.0,121238.0,3250.0,3257.0,3239.8,3251.5,42026250,3576.6,2926.4,4322.95,2866.6,3251.4,58,3,3251.3,7,1,3251.2,11,1,3251.1,9,2,3251.0,8,3,3251.5,108,1,3251.6,19,2,3251.7,139,8,3251.8,34,2,3251.9,18,1
11536,2025-12-30 11:10:35+05:30,3251.5,15,3249.41,388367,103734.0,121238.0,3250.0,3257.0,3239.8,3251.5,42026250,3576.6,2926.4,4322.95,2866.6,3251.4,58,3,3251.3,7,1,3251.2,11,1,3251.1,9,2,3251.0,8,3,3251.5,108,1,3251.6,19,2,3251.7,139,8,3251.8,34,2,3251.9,18,1
11536,2025-12-30 11:10:36+05:30,3251.4,1,3249.41,388367,103734.0,121238.0,3250.0,3257.0,3239.8,3251.5,42026250,3576.6,2926.4,4322.95,2866.6,3251.4,58,3,3251.3,7,1,3251.2,11,1,3251.1,9,2,3251.0,8,3,3251.5,108,1,3251.6,19,2,3251.7,139,8,3251.8,34,2,3251.9,18,1
11536,2025-12-30 11:10:36+05:30,3251.4,1,3249.41,388371,103751.0,120978.0,3250.0,3257.0,3239.8,3251.5,42026250,3576.6,2926.4,4322.95,2866.6,3251.4,57,3,3251.3,7,1,3251.2,11,1,3251.1,9,2,3251.0,8,3,3251.5,276,10,3251.6,3,1,3251.7,1,1,3251.8,46,2,3251.9,50,2
11536,2025-12-30 11:10:37+05:30,3251.4,7,3249.41,388371,103751.0,120978.0,3250.0,3257.0,3239.8,3251.5,42026250,3576.6,2926.4,4322.95,2866.6,3251.4,57,3,3251.3,7,1,3251.2,11,1,3251.1,9,2,3251.0,8,3,3251.5,276,10,3251.6,3,1,3251.7,1,1,3251.8,46,2,3251.9,50,2
11536,2025-12-30 11:10:37+05:30,3251.4,7,3249.41,388395,103726.0,120892.0,3250.0,3257.0,3239.8,3251.5,42026250,3576.6,2926.4,4322.95,2866.6,3251.4,40,3,3251.3,7,1,3251.2,11,1,3251.1,9,2,3251.0,8,3,3251.5,260,10,3251.8,27,1,3251.9,18,1,3252.0,48,2,3252.1,18,1
11536,2025-12-30 11:10:38+05:30,3251.4,1,3249.41,388395,103726.0,120892.0,3250.0,3257.0,3239.8,3251.5,42026250,3576.6,2926.4,4322.95,2866.6,3251.4,40,3,3251.3,7,1,3251.2,11,1,3251.1,9,2,3251.0,8,3,3251.5,260,10,3251.8,27,1,3251.9,18,1,3252.0,48,2,3252.1,18,1
11536,2025-12-30 11:10:38+05:30,3251.4,1,3249.41,388405,103713.0,120921.0,3250.0,3257.0,3239.8,3251.5,42026250,3576.6,2926.4,4322.95,2866.6,3251.4,30,3,3251.3,7,1,3251.2,11,1,3251.1,9,2,3251.0,8,3,3251.5,260,10,3251.8,27,1,3251.9,50,2,3252.0,16,1,3252.1,18,1
11536,2025-12-30 11:10:39+05:30,3251.4,6,3249.41,388405,103713.0,120921.0,3250.0,3257.0,3239.8,3251.5,42026250,3576.6,2926.4,4322.95,2866.6,3251.4,30,3,3251.3,7,1,3251.2,11,1,3251.1,9,2,3251.0,8,3,3251.5,260,10,3251.8,27,1,3251.9,50,2,3252.0,16,1,3252.1,18,1
11536,2025-12-30 11:10:39+05:30,3251.4,6,3249.41,388413,103704.0,120892.0,3250.0,3257.0,3239.8,3251.5,42026250,3576.6,2926.4,4322.95,2866.6,3251.4,23,3,3251.3,7,1,3251.2,11,1,3251.1,9,2,3251.0,8,3,3251.5,258,9,3251.7,27,1,3251.8,32,1,3251.9,18,1,3252.1,18,1
11536,2025-12-30 11:10:40+05:30,3251.4,3,3249.41,388413,103704.0,120892.0,3250.0,3257.0,3239.8,3251.5,42026250,3576.6,2926.4,4322.95,2866.6,3251.4,23,3,3251.3,7,1,3251.2,11,1,3251.1,9,2,3251.0,8,3,3251.5,258,9,3251.7,27,1,3251.8,32,1,3251.9,18,1,3252.1,18,1
11536,2025-12-30 11:10:40+05:30,3251.4,3,3249.41,388416,102302.0,121026.0,3250.0,3257.0,3239.8,3251.5,42026250,3576.6,2926.4,4322.95,2866.6,3251.4,20,3,3251.3,7,1,3251.2,11,1,3251.1,9,2,3251.0,8,3,3251.5,258,9,3251.7,27,1,3251.8,49,2,3251.9,18,1,3252.0,34,2
11536,2025-12-30 11:10:41+05:30,3251.4,1,3249.41,388416,102302.0,121026.0,3250.0,3257.0,3239.8,3251.5,42026250,3576.6,2926.4,4322.95,2866.6,3251.4,20,3,3251.3,7,1,3251.2,11,1,3251.1,9,2,3251.0,8,3,3251.5,258,9,3251.7,27,1,3251.8,49,2,3251.9,18,1,3252.0,34,2
11536,2025-12-30 11:10:41+05:30,3251.4,1,3249.41,388417,103731.0,121081.0,3250.0,3257.0,3239.8,3251.5,42026250,3576.6,2926.4,4322.95,2866.6,3251.4,19,3,3251.3,7,1,3251.2,11,1,3251.1,9,2,3251.0,8,3,3251.5,258,9,3251.6,10,1,3251.7,44,2,3251.8,32,1,3251.9,18,1
11536,2025-12-30 11:10:42+05:30,3251.5,1,3249.41,388417,103731.0,121081.0,3250.0,3257.0,3239.8,3251.5,42026250,3576.6,2926.4,4322.95,2866.6,3251.4,19,3,3251.3,7,1,3251.2,11,1,3251.1,9,2,3251.0,8,3,3251.5,258,9,3251.6,10,1,3251.7,44,2,3251.8,32,1,3251.9,18,1
11536,2025-12-30 11:10:42+05:30,3251.5,1,3249.41,388424,103732.0,121059.0,3250.0,3257.0,3239.8,3251.5,42026250,3576.6,2926.4,4322.95,2866.6,3251.4,17,3,3251.3,7,1,3251.2,11,1,3251.1,8,1,3251.0,8,3,3251.5,253,9,3251.6,10,1,3251.7,27,1,3251.8,32,1,3251.9,18,1
11536,2025-12-30 11:10:43+05:30,3251.4,1,3249.41,388424,103732.0,121059.0,3250.0,3257.0,3239.8,3251.5,42026250,3576.6,2926.4,4322.95,2866.6,3251.4,17,3,3251.3,7,1,3251.2,11,1,3251.1,8,1,3251.0,8,3,3251.5,253,9,3251.6,10,1,3251.7,27,1,3251.8,32,1,3251.9,18,1
11536,2025-12-30 11:10:43+05:30,3251.4,1,3249.41,388426,103688.0,121061.0,3250.0,3257.0,3239.8,3251.5,42026250,3576.6,2926.4,4322.95,2866.6,3251.4,15,2,3251.3,7,1,3251.2,11,1,3251.1,8,1,3251.0,8,3,3251.5,254,10,3251.6,26,2,3251.7,27,1,3251.8,51,2,3251.9,18,1
11536,2025-12-30 11:10:44+05:30,3251.4,1,3249.41,388426,103688.0,121061.0,3250.0,3257.0,3239.8,3251.5,42026250,3576.6,2926.4,4322.95,2866.6,3251.4,15,2,3251.3,7,1,3251.2,11,1,3251.1,8,1,3251.0,8,3,3251.5,254,10,3251.6,26,2,3251.7,27,1,3251.8,51,2,3251.9,18,1
11536,2025-12-30 11:10:44+05:30,3251.4,1,3249.41,388458,103391.0,121358.0,3250.0,3257.0,3239.8,3251.5,42026250,3576.6,2926.4,4322.95,2866.6,3251.4,15,2,3251.3,7,1,3251.2,11,1,3251.1,8,1,3251.0,8,3,3251.5,294,11,3251.6,10,1,3251.7,30,1,3251.8,36,2,3251.9,59,4
11536,2025-12-30 11:10:45+05:30,3251.4,1,3249.41,388458,103391.0,121358.0,3250.0,3257.0,3239.8,3251.5,42026250,3576.6,2926.4,4322.95,2866.6,3251.4,15,2,3251.3,7,1,3251.2,11,1,3251.1,8,1,3251.0,8,3,3251.5,294,11,3251.6,10,1,3251.7,30,1,3251.8,36,2,3251.9,59,4
11536,2025-12-30 11:10:45+05:30,3251.4,1,3249.41,388458,103391.0,121358.0,3250.0,3257.0,3239.8,3251.5,42026250,3576.6,2926.4,4322.95,2866.6,3251.4,15,2,3251.3,7,1,3251.2,11,1,3251.1,8,1,3251.0,8,3,3251.5,294,11,3251.6,10,1,3251.7,30,1,3251.8,36,2,3251.9,59,4
11536,2025-12-30 11:10:45+05:30,3251.4,1,3249.41,388460,103396.0,121392.0,3250.0,3257.0,3239.8,3251.5,42026250,3576.6,2926.4,4322.95,2866.6,3251.4,14,2,3251.3,7,1,3251.2,11,1,3251.1,8,1,3251.0,8,3,3251.5,269,11,3251.6,10,1,3251.7,56,2,3251.8,19,1,3251.9,52,3
11536,2025-12-30 11:10:46+05:30,3251.4,1,3249.41,388460,103396.0,121392.0,3250.0,3257.0,3239.8,3251.5,42026250,3576.6,2926.4,4322.95,2866.6,3251.4,14,2,3251.3,7,1,3251.2,11,1,3251.1,8,1,3251.0,8,3,3251.5,269,11,3251.6,10,1,3251.7,56,2,3251.8,19,1,3251.9,52,3
11536,2025-12-30 11:10:46+05:30,3251.5,1,3249.41,388460,103396.0,121392.0,3250.0,3257.0,3239.8,3251.5,42026250,3576.6,2926.4,4322.95,2866.6,3251.4,14,2,3251.3,7,1,3251.2,11,1,3251.1,8,1,3251.0,8,3,3251.5,269,11,3251.6,10,1,3251.7,56,2,3251.8,19,1,3251.9,52,3
11536,2025-12-30 11:10:46+05:30,3251.5,1,3249.41,388470,103549.0,121255.0,3250.0,3257.0,3239.8,3251.5,42026250,3576.6,2926.4,4322.95,2866.6,3251.4,131,3,3251.3,7,1,3251.2,11,1,3251.1,8,1,3251.0,8,3,3251.5,253,10,3251.6,26,2,3251.7,56,2,3251.8,19,1,3251.9,37,2
11536,2025-12-30 11:10:47+05:30,3251.5,1,3249.41,388470,103549.0,121255.0,3250.0,3257.0,3239.8,3251.5,42026250,3576.6,2926.4,4322.95,2866.6,3251.4,131,3,3251.3,7,1,3251.2,11,1,3251.1,8,1,3251.0,8,3,3251.5,253,10,3251.6,26,2,3251.7,56,2,3251.8,19,1,3251.9,37,2
11536,2025-12-30 11:10:47+05:30,3251.4,10,3249.41,388470,103549.0,121255.0,3250.0,3257.0,3239.8,3251.5,42026250,3576.6,2926.4,4322.95,2866.6,3251.4,131,3,3251.3,7,1,3251.2,11,1,3251.1,8,1,3251.0,8,3,3251.5,253,10,3251.6,26,2,3251.7,56,2,3251.8,19,1,3251.9,37,2
11536,2025-12-30 11:10:47+05:30,3251.4,10,3249.41,388669,103234.0,121422.0,3250.0,3257.0,3239.8,3251.5,42026250,3576.6,2926.4,4322.95,2866.6,3251.4,6,2,3251.3,7,1,3251.2,11,1,3251.1,8,1,3251.0,8,3,3251.5,256,9,3251.6,10,1,3251.7,30,1,3251.9,26,1,3252.0,19,1
11536,2025-12-30 11:10:48+05:30,3251.4,10,3249.41,388669,103234.0,121422.0,3250.0,3257.0,3239.8,3251.5,42026250,3576.6,2926.4,4322.95,2866.6,3251.4,6,2,3251.3,7,1,3251.2,11,1,3251.1,8,1,3251.0,8,3,3251.5,256,9,3251.6,10,1,3251.7,30,1,3251.9,26,1,3252.0,19,1
11536,2025-12-30 11:10:48+05:30,3251.4,3,3249.41,388685,103255.0,121512.0,3250.0,3257.0,3239.8,3251.5,42026250,3576.6,2926.4,4322.95,2866.6,3251.4,6,2,3251.3,7,1,3251.2,11,1,3251.1,8,1,3251.0,8,3,3251.5,272,11,3251.6,36,2,3251.7,30,1,3251.8,19,1,3251.9,32,1
11536,2025-12-30 11:10:48+05:30,3251.5,1,3249.41,388685,103255.0,121512.0,3250.0,3257.0,3239.8,3251.5,42026250,3576.6,2926.4,4322.95,2866.6,3251.4,6,2,3251.3,7,1,3251.2,11,1,3251.1,8,1,3251.0,8,3,3251.5,272,11,3251.6,36,2,3251.7,30,1,3251.8,19,1,3251.9,32,1
11536,2025-12-30 11:10:49+05:30,3251.5,1,3249.41,388685,103255.0,121512.0,3250.0,3257.0,3239.8,3251.5,42026250,3576.6,2926.4,4322.95,2866.6,3251.4,6,2,3251.3,7,1,3251.2,11,1,3251.1,8,1,3251.0,8,3,3251.5,272,11,3251.6,36,2,3251.7,30,1,3251.8,19,1,3251.9,32,1
11536,2025-12-30 11:10:49+05:30,3251.1,30,3249.41,388912,102338.0,122499.0,3250.0,3257.0,3239.8,3251.5,42026250,3576.6,2926.4,4322.95,2866.6,3251.1,8,1,3251.0,8,3,3250.9,10,1,3250.3,4,2,3250.2,69,3,3251.4,79,5,3251.5,216,12,3251.6,43,3,3251.7,17,1,3251.8,51,3
11536,2025-12-30 11:10:49+05:30,3251.1,30,3249.41,388912,102338.0,122499.0,3250.0,3257.0,3239.8,3251.5,42026250,3576.6,2926.4,4322.95,2866.6,3251.1,8,1,3251.0,8,3,3250.9,10,1,3250.3,4,2,3250.2,69,3,3251.4,79,5,3251.5,216,12,3251.6,43,3,3251.7,17,1,3251.8,51,3
11536,2025-12-30 11:10:50+05:30,3251.1,30,3249.41,388912,102338.0,122499.0,3250.0,3257.0,3239.8,3251.5,42026250,3576.6,2926.4,4322.95,2866.6,3251.1,8,1,3251.0,8,3,3250.9,10,1,3250.3,4,2,3250.2,69,3,3251.4,79,5,3251.5,216,12,3251.6,43,3,3251.7,17,1,3251.8,51,3
11536,2025-12-30 11:10:50+05:30,3251.2,1,3249.41,388918,102470.0,122704.0,3250.0,3257.0,3239.8,3251.5,42026250,3576.6,2926.4,4322.95,2866.6,3251.1,3,1,3251.0,8,3,3250.9,10,1,3250.3,4,2,3250.2,26,2,3251.2,33,4,3251.4,93,6,3251.5,197,9,3251.6,76,5,3251.7,17,1
11536,2025-12-30 11:10:50+05:30,3251.2,1,3249.41,388918,102470.0,122704.0,3250.0,3257.0,3239.8,3251.5,42026250,3576.6,2926.4,4322.95,2866.6,3251.1,3,1,3251.0,8,3,3250.9,10,1,3250.3,4,2,3250.2,26,2,3251.2,33,4,3251.4,93,6,3251.5,197,9,3251.6,76,5,3251.7,17,1
11536,2025-12-30 11:10:51+05:30,3251.2,1,3249.41,388918,102470.0,122704.0,3250.0,3257.0,3239.8,3251.5,42026250,3576.6,2926.4,4322.95,2866.6,3251.1,3,1,3251.0,8,3,3250.9,10,1,3250.3,4,2,3250.2,26,2,3251.2,33,4,3251.4,93,6,3251.5,197,9,3251.6,76,5,3251.7,17,1
11536,2025-12-30 11:10:51+05:30,3251.1,1,3249.41,388929,102628.0,121717.0,3250.0,3257.0,3239.8,3251.5,42026250,3576.6,2926.4,4322.95,2866.6,3251.1,64,3,3251.0,8,3,3250.9,10,1,3250.3,4,2,3250.2,26,2,3251.4,130,8,3251.5,137,5,3251.6,69,4,3251.7,17,1,3251.8,51,3
11536,2025-12-30 11:10:51+05:30,3251.1,41,3249.41,388929,102628.0,121717.0,3250.0,3257.0,3239.8,3251.5,42026250,3576.6,2926.4,4322.95,2866.6,3251.1,64,3,3251.0,8,3,3250.9,10,1,3250.3,4,2,3250.2,26,2,3251.4,130,8,3251.5,137,5,3251.6,69,4,3251.7,17,1,3251.8,51,3
11536,2025-12-30 11:10:51+05:30,3251.1,41,3249.41,388929,102628.0,121717.0,3250.0,3257.0,3239.8,3251.5,42026250,3576.6,2926.4,4322.95,2866.6,3251.1,64,3,3251.0,8,3,3250.9,10,1,3250.3,4,2,3250.2,26,2,3251.4,130,8,3251.5,137,5,3251.6,69,4,3251.7,17,1,3251.8,51,3
11536,2025-12-30 11:10:52+05:30,3251.1,41,3249.42,389038,102613.0,121830.0,3250.0,3257.0,3239.8,3251.5,42026250,3576.6,2926.4,4322.95,2866.6,3251.1,23,2,3251.0,8,3,3250.9,10,1,3250.3,4,2,3250.2,26,2,3251.4,76,5,3251.5,137,5,3251.6,69,4,3251.7,17,1,3251.8,51,3
11536,2025-12-30 11:10:52+05:30,3251.1,41,3249.42,389038,102613.0,121830.0,3250.0,3257.0,3239.8,3251.5,42026250,3576.6,2926.4,4322.95,2866.6,3251.1,23,2,3251.0,8,3,3250.9,10,1,3250.3,4,2,3250.2,26,2,3251.4,76,5,3251.5,137,5,3251.6,69,4,3251.7,17,1,3251.8,51,3
11536,2025-12-30 11:10:53+05:30,3251.1,41,3249.42,389038,102613.0,121830.0,3250.0,3257.0,3239.8,3251.5,42026250,3576.6,2926.4,4322.95,2866.6,3251.1,23,2,3251.0,8,3,3250.9,10,1,3250.3,4,2,3250.2,26,2,3251.4,76,5,3251.5,137,5,3251.6,69,4,3251.7,17,1,3251.8,51,3
11536,2025-12-30 11:10:53+05:30,3251.1,3,3249.42,389041,102602.0,121828.0,3250.0,3257.0,3239.8,3251.5,42026250,3576.6,2926.4,4322.95,2866.6,3251.1,20,2,3251.0,8,3,3250.9,10,1,3250.3,4,2,3250.2,26,2,3251.4,76,5,3251.5,137,5,3251.6,69,4,3251.7,17,1,3251.8,51,3
11536,2025-12-30 11:10:53+05:30,3251.1,3,3249.42,389041,102602.0,121828.0,3250.0,3257.0,3239.8,3251.5,42026250,3576.6,2926.4,4322.95,2866.6,3251.1,20,2,3251.0,8,3,3250.9,10,1,3250.3,4,2,3250.2,26,2,3251.4,76,5,3251.5,137,5,3251.6,69,4,3251.7,17,1,3251.8,51,3
11536,2025-12-30 11:10:53+05:30,3251.1,3,3249.42,389041,102602.0,121828.0,3250.0,3257.0,3239.8,3251.5,42026250,3576.6,2926.4,4322.95,2866.6,3251.1,20,2,3251.0,8,3,3250.9,10,1,3250.3,4,2,3250.2,26,2,3251.4,76,5,3251.5,137,5,3251.6,69,4,3251.7,17,1,3251.8,51,3
11536,2025-12-30 11:10:54+05:30,3251.1,1,3249.42,389074,102628.0,121790.0,3250.0,3257.0,3239.8,3251.5,42026250,3576.6,2926.4,4322.95,2866.6,3251.1,22,2,3251.0,8,3,3250.9,10,1,3250.3,28,3,3250.2,26,2,3251.4,73,5,3251.5,137,5,3251.6,52,3,3251.7,36,2,3251.8,17,1
11536,2025-12-30 11:10:54+05:30,3251.1,1,3249.42,389074,102628.0,121790.0,3250.0,3257.0,3239.8,3251.5,42026250,3576.6,2926.4,4322.95,2866.6,3251.1,22,2,3251.0,8,3,3250.9,10,1,3250.3,28,3,3250.2,26,2,3251.4,73,5,3251.5,137,5,3251.6,52,3,3251.7,36,2,3251.8,17,1
11536,2025-12-30 11:10:55+05:30,3251.1,1,3249.42,389074,102628.0,121790.0,3250.0,3257.0,3239.8,3251.5,42026250,3576.6,2926.4,4322.95,2866.6,3251.1,22,2,3251.0,8,3,3250.9,10,1,3250.3,28,3,3250.2,26,2,3251.4,73,5,3251.5,137,5,3251.6,52,3,3251.7,36,2,3251.8,17,1
11536,2025-12-30 11:10:55+05:30,3251.4,1,3249.42,389075,102835.0,121740.0,3250.0,3257.0,3239.8,3251.5,42026250,3576.6,2926.4,4322.95,2866.6,3251.1,22,2,3251.0,8,3,3250.9,10,1,3250.5,23,1,3250.3,19,3,3251.4,48,5,3251.5,137,5,3251.6,36,2,3251.7,25,1,3251.8,17,1
11536,2025-12-30 11:10:55+05:30,3251.1,4,3249.42,389075,102835.0,121740.0,3250.0,3257.0,3239.8,3251.5,42026250,3576.6,2926.4,4322.95,2866.6,3251.1,22,2,3251.0,8,3,3250.9,10,1,3250.5,23,1,3250.3,19,3,3251.4,48,5,3251.5,137,5,3251.6,36,2,3251.7,25,1,3251.8,17,1
11536,2025-12-30 11:10:56+05:30,3251.1,4,3249.42,389080,102830.0,121854.0,3250.0,3257.0,3239.8,3251.5,42026250,3576.6,2926.4,4322.95,2866.6,3251.1,17,2,3251.0,8,3,3250.9,10,1,3250.3,19,3,3250.2,203,4,3251.4,61,5,3251.5,162,6,3251.6,27,2,3251.7,32,1,3251.8,36,2
11536,2025-12-30 11:10:56+05:30,3251.1,5,3249.42,389080,102830.0,121854.0,3250.0,3257.0,3239.8,3251.5,42026250,3576.6,2926.4,4322.95,2866.6,3251.1,17,2,3251.0,8,3,3250.9,10,1,3250.3,19,3,3250.2,203,4,3251.4,61,5,3251.5,162,6,3251.6,27,2,3251.7,32,1,3251.8,36,2
11536,2025-12-30 11:10:56+05:30,3251.1,5,3249.42,389080,102830.0,121854.0,3250.0,3257.0,3239.8,3251.5,42026250,3576.6,2926.4,4322.95,2866.6,3251.1,17,2,3251.0,8,3,3250.9,10,1,3250.3,19,3,3250.2,203,4,3251.4,61,5,3251.5,162,6,3251.6,27,2,3251.7,32,1,3251.8,36,2
11536,2025-12-30 11:10:57+05:30,3251.1,5,3249.42,389090,102836.0,121869.0,3250.0,3257.0,3239.8,3251.5,42026250,3576.6,2926.4,4322.95,2866.6,3251.1,67,3,3251.0,8,3,3250.9,10,1,3250.3,19,3,3250.2,26,2,3251.4,61,5,3251.5,162,6,3251.6,27,2,3251.7,32,1,3251.8,36,2
11536,2025-12-30 11:10:57+05:30,3251.1,1,3249.42,389090,102836.0,121869.0,3250.0,3257.0,3239.8,3251.5,42026250,3576.6,2926.4,4322.95,2866.6,3251.1,67,3,3251.0,8,3,3250.9,10,1,3250.3,19,3,3250.2,26,2,3251.4,61,5,3251.5,162,6,3251.6,27,2,3251.7,32,1,3251.8,36,2
11536,2025-12-30 11:10:58+05:30,3251.1,1,3249.42,389090,102836.0,121869.0,3250.0,3257.0,3239.8,3251.5,42026250,3576.6,2926.4,4322.95,2866.6,3251.1,67,3,3251.0,8,3,3250.9,10,1,3250.3,19,3,3250.2,26,2,3251.4,61,5,3251.5,162,6,3251.6,27,2,3251.7,32,1,3251.8,36,2
11536,2025-12-30 11:10:58+05:30,3251.1,3,3249.42,389117,102826.0,122035.0,3250.0,3257.0,3239.8,3251.5,42026250,3576.6,2926.4,4322.95,2866.6,3251.1,63,3,3251.0,8,3,3250.9,10,1,3250.3,19,3,3250.2,26,2,3251.4,85,5,3251.5,150,6,3251.6,93,4,3251.7,47,2,3251.8,36,2
11536,2025-12-30 11:10:58+05:30,3251.1,3,3249.42,389117,102826.0,122035.0,3250.0,3257.0,3239.8,3251.5,42026250,3576.6,2926.4,4322.95,2866.6,3251.1,63,3,3251.0,8,3,3250.9,10,1,3250.3,19,3,3250.2,26,2,3251.4,85,5,3251.5,150,6,3251.6,93,4,3251.7,47,2,3251.8,36,2
11536,2025-12-30 11:10:59+05:30,3251.4,1,3249.42,389118,102469.0,122007.0,3250.0,3257.0,3239.8,3251.5,42026250,3576.6,2926.4,4322.95,2866.6,3251.1,63,3,3251.0,8,3,3250.9,10,1,3250.3,4,2,3250.2,26,2,3251.4,239,10,3251.5,15,1,3251.6,84,4,3251.7,32,1,3251.8,51,3
11536,2025-12-30 11:10:59+05:30,3251.1,16,3249.42,389118,102469.0,122007.0,3250.0,3257.0,3239.8,3251.5,42026250,3576.6,2926.4,4322.95,2866.6,3251.1,63,3,3251.0,8,3,3250.9,10,1,3250.3,4,2,3250.2,26,2,3251.4,239,10,3251.5,15,1,3251.6,84,4,3251.7,32,1,3251.8,51,3
11536,2025-12-30 11:11:00+05:30,3251.1,16,3249.42,389118,102469.0,122007.0,3250.0,3257.0,3239.8,3251.5,42026250,3576.6,2926.4,4322.95,2866.6,3251.1,63,3,3251.0,8,3,3250.9,10,1,3250.3,4,2,3250.2,26,2,3251.4,239,10,3251.5,15,1,3251.6,84,4,3251.7,32,1,3251.8,51,3
11536,2025-12-30 11:11:00+05:30,3250.9,10,3249.42,389118,102469.0,122007.0,3250.0,3257.0,3239.8,3251.5,42026250,3576.6,2926.4,4322.95,2866.6,3251.1,63,3,3251.0,8,3,3250.9,10,1,3250.3,4,2,3250.2,26,2,3251.4,239,10,3251.5,15,1,3251.6,84,4,3251.7,32,1,3251.8,51,3
11536,2025-12-30 11:11:00+05:30,3250.9,10,3249.42,389278,98878.0,123652.0,3250.0,3257.0,3239.8,3251.5,42026250,3576.6,2926.4,4322.95,2866.6,3250.3,4,2,3250.2,5,1,3250.1,6,2,3250.0,213,16,3249.6,63,3,3250.9,144,8,3251.1,41,3,3251.2,77,6,3251.3,75,4,3251.4,261,14
11536,2025-12-30 11:11:01+05:30,3250.9,10,3249.42,389278,98878.0,123652.0,3250.0,3257.0,3239.8,3251.5,42026250,3576.6,2926.4,4322.95,2866.6,3250.3,4,2,3250.2,5,1,3250.1,6,2,3250.0,213,16,3249.6,63,3,3250.9,144,8,3251.1,41,3,3251.2,77,6,3251.3,75,4,3251.4,261,14
11536,2025-12-30 11:11:01+05:30,3250.3,1,3249.42,389278,98878.0,123652.0,3250.0,3257.0,3239.8,3251.5,42026250,3576.6,2926.4,4322.95,2866.6,3250.3,4,2,3250.2,5,1,3250.1,6,2,3250.0,213,16,3249.6,63,3,3250.9,144,8,3251.1,41,3,3251.2,77,6,3251.3,75,4,3251.4,261,14
11536,2025-12-30 11:11:01+05:30,3250.3,2,3249.42,389303,98666.0,123447.0,3250.0,3257.0,3239.8,3251.5,42026250,3576.6,2926.4,4322.95,2866.6,3250.3,2,2,3250.2,5,1,3250.1,6,2,3250.0,213,16,3249.6,42,2,3250.7,69,4,3250.8,82,7,3250.9,47,3,3251.0,33,2,3251.1,40,4
11536,2025-12-30 11:11:02+05:30,3250.3,17,3249.42,389303,98666.0,123447.0,3250.0,3257.0,3239.8,3251.5,42026250,3576.6,2926.4,4322.95,2866.6,3250.3,2,2,3250.2,5,1,3250.1,6,2,3250.0,213,16,3249.6,42,2,3250.7,69,4,3250.8,82,7,3250.9,47,3,3251.0,33,2,3251.1,40,4
11536,2025-12-30 11:11:02+05:30,3250.3,15,3249.42,389388,98505.0,124586.0,3250.0,3257.0,3239.8,3251.5,42026250,3576.6,2926.4,4322.95,2866.6,3250.2,5,1,3250.1,6,2,3250.0,213,16,3249.5,10,1,3249.4,25,2,3250.5,26,2,3250.6,30,2,3250.7,41,3,3250.8,36,4,3250.9,62,3
11536,2025-12-30 11:11:03+05:30,3250.3,15,3249.42,389388,98505.0,124586.0,3250.0,3257.0,3239.8,3251.5,42056875,3576.6,2926.4,4322.95,2866.6,3250.2,5,1,3250.1,6,2,3250.0,213,16,3249.5,10,1,3249.4,25,2,3250.5,26,2,3250.6,30,2,3250.7,41,3,3250.8,36,4,3250.9,62,3
11536,2025-12-30 11:11:03+05:30,3250.2,6,3249.42,389388,98505.0,124586.0,3250.0,3257.0,3239.8,3251.5,42056875,3576.6,2926.4,4322.95,2866.6,3250.2,5,1,3250.1,6,2,3250.0,213,16,3249.5,10,1,3249.4,25,2,3250.5,26,2,3250.6,30,2,3250.7,41,3,3250.8,36,4,3250.9,62,3
11536,2025-12-30 11:11:04+05:30,3250.1,1,3249.42,389454,98001.0,124444.0,3250.0,3257.0,3239.8,3251.5,42056875,3576.6,2926.4,4322.95,2866.6,3250.1,5,2,3250.0,261,19,3249.6,5,1,3249.5,24,2,3249.3,18,1,3250.4,2,1,3250.5,29,3,3250.6,45,3,3250.7,18,2,3250.8,34,2
11536,2025-12-30 11:11:04+05:30,3250.1,1,3249.42,389454,98001.0,124444.0,3250.0,3257.0,3239.8,3251.5,42056875,3576.6,2926.4,4322.95,2866.6,3250.1,5,2,3250.0,261,19,3249.6,5,1,3249.5,24,2,3249.3,18,1,3250.4,2,1,3250.5,29,3,3250.6,45,3,3250.7,18,2,3250.8,34,2
11536,2025-12-30 11:11:04+05:30,3250.1,26,3249.42,389580,98169.0,124149.0,3250.0,3257.0,3239.8,3251.5,42056875,3576.6,2926.4,4322.95,2866.6,3250.0,166,17,3249.6,5,1,3249.5,24,2,3249.3,35,2,3249.2,37,2,3250.4,21,4,3250.5,69,5,3250.6,23,2,3250.7,46,3,3250.8,61,3
11536,2025-12-30 11:11:05+05:30,3250.1,26,3249.42,389580,98169.0,124149.0,3250.0,3257.0,3239.8,3251.5,42056875,3576.6,2926.4,4322.95,2866.6,3250.0,166,17,3249.6,5,1,3249.5,24,2,3249.3,35,2,3249.2,37,2,3250.4,21,4,3250.5,69,5,3250.6,23,2,3250.7,46,3,3250.8,61,3
11536,2025-12-30 11:11:05+05:30,3250.4,1,3249.42,389580,98169.0,124149.0,3250.0,3257.0,3239.8,3251.5,42056875,3576.6,2926.4,4322.95,2866.6,3250.0,166,17,3249.6,5,1,3249.5,24,2,3249.3,35,2,3249.2,37,2,3250.4,21,4,3250.5,69,5,3250.6,23,2,3250.7,46,3,3250.8,61,3
11536,2025-12-30 11:11:06+05:30,3250.4,1,3249.42,389581,98442.0,124089.0,3250.0,3257.0,3239.8,3251.5,42056875,3576.6,2926.4,4322.95,2866.6,3250.0,143,16,3249.8,12,1,3249.6,21,2,3249.5,10,1,3249.3,18,1,3250.4,23,5,3250.5,53,3,3250.6,23,2,3250.7,46,3,3250.8,61,3
11536,2025-12-30 11:11:06+05:30,3250.4,1,3249.42,389581,98442.0,124089.0,3250.0,3257.0,3239.8,3251.5,42056875,3576.6,2926.4,4322.95,2866.6,3250.0,143,16,3249.8,12,1,3249.6,21,2,3249.5,10,1,3249.3,18,1,3250.4,23,5,3250.5,53,3,3250.6,23,2,3250.7,46,3,3250.8,61,3
11536,2025-12-30 11:11:07+05:30,3250.0,13,3249.42,389626,98451.0,124264.0,3250.0,3257.0,3239.8,3251.5,42056875,3576.6,2926.4,4322.95,2866.6,3250.0,126,15,3249.6,21,2,3249.5,10,1,3249.3,18,1,3249.2,37,2,3250.4,22,4,3250.5,24,1,3250.6,23,2,3250.7,46,3,3250.8,61,3
11536,2025-12-30 11:11:07+05:30,3250.0,1,3249.42,389626,98451.0,124264.0,3250.0,3257.0,3239.8,3251.5,42056875,3576.6,2926.4,4322.95,2866.6,3250.0,126,15,3249.6,21,2,3249.5,10,1,3249.3,18,1,3249.2,37,2,3250.4,22,4,3250.5,24,1,3250.6,23,2,3250.7,46,3,3250.8,61,3
11536,2025-12-30 11:11:08+05:30,3250.0,22,3249.42,389668,98590.0,124264.0,3250.0,3257.0,3239.8,3251.5,42056875,3576.6,2926.4,4322.95,2866.6,3250.0,85,12,3249.6,21,2,3249.5,10,1,3249.3,18,1,3249.2,37,2,3250.4,35,6,3250.5,26,2,3250.6,23,2,3250.7,46,3,3250.8,34,2
11536,2025-12-30 11:11:08+05:30,3250.0,2,3249.42,389668,98590.0,124264.0,3250.0,3257.0,3239.8,3251.5,42056875,3576.6,2926.4,4322.95,2866.6,3250.0,85,12,3249.6,21,2,3249.5,10,1,3249.3,18,1,3249.2,37,2,3250.4,35,6,3250.5,26,2,3250.6,23,2,3250.7,46,3,3250.8,34,2
11536,2025-12-30 11:11:09+05:30,3250.0,2,3249.42,389670,98643.0,124351.0,3250.0,3257.0,3239.8,3251.5,42056875,3576.6,2926.4,4322.95,2866.6,3250.0,135,12,3249.6,21,2,3249.5,10,1,3249.3,18,1,3249.2,37,2,3250.4,23,5,3250.5,80,4,3250.6,34,2,3250.7,18,2,3250.8,34,2
11536,2025-12-30 11:11:09+05:30,3250.0,3,3249.42,389670,98643.0,124351.0,3250.0,3257.0,3239.8,3251.5,42056875,3576.6,2926.4,4322.95,2866.6,3250.0,135,12,3249.6,21,2,3249.5,10,1,3249.3,18,1,3249.2,37,2,3250.4,23,5,3250.5,80,4,3250.6,34,2,3250.7,18,2,3250.8,34,2
11536,2025-12-30 11:11:10+05:30,3250.0,3,3249.42,389688,98630.0,124348.0,3250.0,3257.0,3239.8,3251.5,42056875,3576.6,2926.4,4322.95,2866.6,3250.0,117,7,3249.6,21,2,3249.5,10,1,3249.3,18,1,3249.2,37,2,3250.4,34,6,3250.5,50,2,3250.6,51,3,3250.7,18,2,3250.8,34,2
11536,2025-12-30 11:11:10+05:30,3250.0,6,3249.42,389688,98630.0,124348.0,3250.0,3257.0,3239.8,3251.5,42056875,3576.6,2926.4,4322.95,2866.6,3250.0,117,7,3249.6,21,2,3249.5,10,1,3249.3,18,1,3249.2,37,2,3250.4,34,6,3250.5,50,2,3250.6,51,3,3250.7,18,2,3250.8,34,2
11536,2025-12-30 11:11:11+05:30,3250.3,1,3249.42,389698,98650.0,124218.0,3250.0,3257.0,3239.8,3251.5,42056875,3576.6,2926.4,4322.95,2866.6,3250.0,121,7,3249.6,5,1,3249.5,10,1,3249.3,18,1,3249.2,37,2,3250.3,2,2,3250.4,22,5,3250.5,40,2,3250.6,34,2,3250.7,32,2
11536,2025-12-30 11:11:11+05:30,3250.0,1,3249.42,389698,98650.0,124218.0,3250.0,3257.0,3239.8,3251.5,42056875,3576.6,2926.4,4322.95,2866.6,3250.0,121,7,3249.6,5,1,3249.5,10,1,3249.3,18,1,3249.2,37,2,3250.3,2,2,3250.4,22,5,3250.5,40,2,3250.6,34,2,3250.7,32,2
11536,2025-12-30 11:11:12+05:30,3250.0,2,3249.42,389704,98671.0,124217.0,3250.0,3257.0,3239.8,3251.5,42056875,3576.6,2926.4,4322.95,2866.6,3250.0,124,7,3249.6,5,1,3249.5,10,1,3249.2,37,2,3249.1,481,5,3250.2,2,2,3250.3,183,8,3250.4,5,2,3250.5,24,1,3250.6,52,3
11536,2025-12-30 11:11:12+05:30,3250.2,1,3249.42,389704,98671.0,124217.0,3250.0,3257.0,3239.8,3251.5,42056875,3576.6,2926.4,4322.95,2866.6,3250.0,124,7,3249.6,5,1,3249.5,10,1,3249.2,37,2,3249.1,481,5,3250.2,2,2,3250.3,183,8,3250.4,5,2,3250.5,24,1,3250.6,52,3
11536,2025-12-30 11:11:13+05:30,3250.0,1,3249.42,389711,98705.0,124116.0,3250.0,3257.0,3239.8,3251.5,42056875,3576.6,2926.4,4322.95,2866.6,3250.0,119,7,3249.9,10,1,3249.7,10,1,3249.6,5,1,3249.5,30,2,3250.2,17,3,3250.3,167,6,3250.8,42,2,3250.9,105,4,3251.0,39,3
11536,2025-12-30 11:11:13+05:30,3250.0,1,3249.42,389711,98705.0,124116.0,3250.0,3257.0,3239.8,3251.5,42056875,3576.6,2926.4,4322.95,2866.6,3250.0,119,7,3249.9,10,1,3249.7,10,1,3249.6,5,1,3249.5,30,2,3250.2,17,3,3250.3,167,6,3250.8,42,2,3250.9,105,4,3251.0,39,3
11536,2025-12-30 11:11:14+05:30,3250.0,1,3249.42,389711,98703.0,124112.0,3250.0,3257.0,3239.8,3251.5,42056875,3576.6,2926.4,4322.95,2866.6,3250.0,119,7,3249.9,10,1,3249.6,5,1,3249.5,10,1,3249.4,15,1,3250.2,18,4,3250.3,165,5,3250.7,16,1,3250.8,23,1,3250.9,105,4
11536,2025-12-30 11:11:14+05:30,3250.0,1,3249.42,389711,98703.0,124112.0,3250.0,3257.0,3239.8,3251.5,42056875,3576.6,2926.4,4322.95,2866.6,3250.0,119,7,3249.9,10,1,3249.6,5,1,3249.5,10,1,3249.4,15,1,3250.2,18,4,3250.3,165,5,3250.7,16,1,3250.8,23,1,3250.9,105,4
11536,2025-12-30 11:11:15+05:30,3250.2,1,3249.42,389714,98697.0,124127.0,3250.0,3257.0,3239.8,3251.5,42056875,3576.6,2926.4,4322.95,2866.6,3250.0,117,7,3249.9,10,1,3249.6,5,1,3249.5,10,1,3249.4,15,1,3250.2,15,2,3250.3,165,5,3250.5,16,1,3250.8,41,2,3250.9,105,4
11536,2025-12-30 11:11:15+05:30,3250.0,1,3249.42,389714,98697.0,124127.0,3250.0,3257.0,3239.8,3251.5,42056875,3576.6,2926.4,4322.95,2866.6,3250.0,117,7,3249.9,10,1,3249.6,5,1,3249.5,10,1,3249.4,15,1,3250.2,15,2,3250.3,165,5,3250.5,16,1,3250.8,41,2,3250.9,105,4
11536,2025-12-30 11:11:16+05:30,3250.0,1,3249.42,389715,98652.0,124111.0,3250.0,3257.0,3239.8,3251.5,42056875,3576.6,2926.4,4322.95,2866.6,3250.0,116,7,3249.9,16,2,3249.7,10,1,3249.6,5,1,3249.5,10,1,3250.2,15,2,3250.3,165,5,3250.7,23,1,3250.8,44,2,3250.9,79,3
11536,2025-12-30 11:11:16+05:30,3250.2,1,3249.42,389715,98652.0,124111.0,3250.0,3257.0,3239.8,3251.5,42056875,3576.6,2926.4,4322.95,2866.6,3250.0,116,7,3249.9,16,2,3249.7,10,1,3249.6,5,1,3249.5,10,1,3250.2,15,2,3250.3,165,5,3250.7,23,1,3250.8,44,2,3250.9,79,3
11536,2025-12-30 11:11:17+05:30,3250.0,1,3249.42,389717,99365.0,124360.0,3250.0,3257.0,3239.8,3251.5,42056875,3576.6,2926.4,4322.95,2866.6,3250.0,115,7,3249.9,10,1,3249.6,5,1,3249.5,10,1,3249.3,3,1,3250.2,26,4,3250.3,180,6,3250.5,36,2,3250.6,44,2,3250.8,31,2
11536,2025-12-30 11:11:17+05:30,3250.0,1,3249.42,389717,99365.0,124360.0,3250.0,3257.0,3239.8,3251.5,42056875,3576.6,2926.4,4322.95,2866.6,3250.0,115,7,3249.9,10,1,3249.6,5,1,3249.5,10,1,3249.3,3,1,3250.2,26,4,3250.3,180,6,3250.5,36,2,3250.6,44,2,3250.8,31,2
11536,2025-12-30 11:11:18+05:30,3250.2,3,3249.42,389726,100048.0,123654.0,3250.0,3257.0,3239.8,3251.5,42056875,3576.6,2926.4,4322.95,2866.6,3250.1,2,1,3250.0,160,8,3249.9,10,1,3249.8,8,1,3249.6,43,3,3250.2,15,6,3250.3,165,5,3250.8,41,2,3250.9,33,2,3251.0,28,3
11536,2025-12-30 11:11:18+05:30,3250.2,3,3249.42,389726,100048.0,123654.0,3250.0,3257.0,3239.8,3251.5,42056875,3576.6,2926.4,4322.95,2866.6,3250.1,2,1,3250.0,160,8,3249.9,10,1,3249.8,8,1,3249.6,43,3,3250.2,15,6,3250.3,165,5,3250.8,41,2,3250.9,33,2,3251.0,28,3
11536,2025-12-30 11:11:19+05:30,3250.1,1,3249.42,389727,100096.0,123848.0,3250.0,3257.0,3239.8,3251.5,42056875,3576.6,2926.4,4322.95,2866.6,3250.1,1,1,3250.0,160,8,3249.9,10,1,3249.8,8,1,3249.6,5,1,3250.2,14,5,3250.3,165,5,3250.8,41,2,3250.9,45,3,3251.0,28,3
11536,2025-12-30 11:11:19+05:30,3250.1,1,3249.42,389727,100096.0,123848.0,3250.0,3257.0,3239.8,3251.5,42056875,3576.6,2926.4,4322.95,2866.6,3250.1,1,1,3250.0,160,8,3249.9,10,1,3249.8,8,1,3249.6,5,1,3250.2,14,5,3250.3,165,5,3250.8,41,2,3250.9,45,3,3251.0,28,3
11536,2025-12-30 11:11:20+05:30,3250.1,1,3249.42,389730,100142.0,123666.0,3250.0,3257.0,3239.8,3251.5,42056875,3576.6,2926.4,4322.95,2866.6,3250.0,160,8,3249.9,16,2,3249.7,32,2,3249.6,30,2,3249.5,23,2,3250.2,12,3,3250.3,165,5,3250.6,16,1,3250.7,12,1,3250.8,18,1
11536,2025-12-30 11:11:20+05:30,3250.1,1,3249.42,389730,100142.0,123666.0,3250.0,3257.0,3239.8,3251.5,42056875,3576.6,2926.4,4322.95,2866.6,3250.0,160,8,3249.9,16,2,3249.7,32,2,3249.6,30,2,3249.5,23,2,3250.2,12,3,3250.3,165,5,3250.6,16,1,3250.7,12,1,3250.8,18,1
11536,2025-12-30 11:11:21+05:30,3250.1,1,3249.42,389730,100125.0,123660.0,3250.0,3257.0,3239.8,3251.5,42056875,3576.6,2926.4,4322.95,2866.6,3250.0,160,8,3249.9,16,2,3249.7,32,2,3249.6,30,2,3249.5,23,2,3250.2,12,3,3250.3,165,5,3250.7,12,1,3250.8,18,1,3250.9,30,1
11536,2025-12-30 11:11:21+05:30,3250.0,1,3249.42,389730,100125.0,123660.0,3250.0,3257.0,3239.8,3251.5,42056875,3576.6,2926.4,4322.95,2866.6,3250.0,160,8,3249.9,16,2,3249.7,32,2,3249.6,30,2,3249.5,23,2,3250.2,12,3,3250.3,165,5,3250.7,12,1,3250.8,18,1,3250.9,30,1
11536,2025-12-30 11:11:22+05:30,3248.8,15,3249.42,390657,94501.0,121620.0,3250.0,3257.0,3239.8,3251.5,42056875,3576.6,2926.4,4322.95,2866.6,3248.7,25,1,3248.6,60,3,3248.5,93,3,3248.4,161,6,3248.3,103,3,3249.7,5,1,3249.8,58,2,3249.9,25,1,3250.0,53,2,3250.1,54,2
11536,2025-12-30 11:11:22+05:30,3249.7,1,3249.42,390657,94501.0,121620.0,3250.0,3257.0,3239.8,3251.5,42056875,3576.6,2926.4,4322.95,2866.6,3248.7,25,1,3248.6,60,3,3248.5,93,3,3248.4,161,6,3248.3,103,3,3249.7,5,1,3249.8,58,2,3249.9,25,1,3250.0,53,2,3250.1,54,2
11536,2025-12-30 11:11:23+05:30,3249.6,5,3249.42,390663,96140.0,123917.0,3250.0,3257.0,3239.8,3251.5,42056875,3576.6,2926.4,4322.95,2866.6,3248.5,94,11,3248.4,120,6,3248.3,77,6,3248.2,121,7,3248.1,122,7,3249.6,7,2,3249.7,6,2,3249.8,68,3,3249.9,28,2,3250.0,53,2
11536,2025-12-30 11:11:23+05:30,3249.6,5,3249.42,390663,96140.0,123917.0,3250.0,3257.0,3239.8,3251.5,42056875,3576.6,2926.4,4322.95,2866.6,3248.5,94,11,3248.4,120,6,3248.3,77,6,3248.2,121,7,3248.1,122,7,3249.6,7,2,3249.7,6,2,3249.8,68,3,3249.9,28,2,3250.0,53,2
11536,2025-12-30 11:11:24+05:30,3249.6,23,3249.42,390989,98477.0,122058.0,3250.0,3257.0,3239.8,3251.5,42056875,3576.6,2926.4,4322.95,2866.6,3248.7,14,1,3248.6,58,3,3248.5,20,2,3248.4,117,6,3248.3,106,4,3249.6,9,1,3250.0,25,1,3250.1,48,3,3250.2,191,6,3250.3,38,3
11536,2025-12-30 11:11:24+05:30,3249.6,23,3249.42,390989,98477.0,122058.0,3250.0,3257.0,3239.8,3251.5,42056875,3576.6,2926.4,4322.95,2866.6,3248.7,14,1,3248.6,58,3,3248.5,20,2,3248.4,117,6,3248.3,106,4,3249.6,9,1,3250.0,25,1,3250.1,48,3,3250.2,191,6,3250.3,38,3
11536,2025-12-30 11:11:25+05:30,3249.6,1,3249.42,390990,98760.0,122884.0,3250.0,3257.0,3239.8,3251.5,42056875,3576.6,2926.4,4322.95,2866.6,3248.7,76,3,3248.6,70,3,3248.5,41,3,3248.4,97,6,3248.3,205,4,3249.6,11,3,3249.9,13,1,3250.1,65,5,3250.2,191,6,3250.3,38,3
11536,2025-12-30 11:11:25+05:30,3249.6,1,3249.42,390990,98760.0,122884.0,3250.0,3257.0,3239.8,3251.5,42056875,3576.6,2926.4,4322.95,2866.6,3248.7,76,3,3248.6,70,3,3248.5,41,3,3248.4,97,6,3248.3,205,4,3249.6,11,3,3249.9,13,1,3250.1,65,5,3250.2,191,6,3250.3,38,3
11536,2025-12-30 11:11:26+05:30,3248.8,14,3249.42,391050,98569.0,122213.0,3250.0,3257.0,3239.8,3251.5,42056875,3576.6,2926.4,4322.95,2866.6,3248.8,93,5,3248.7,101,4,3248.6,61,3,3248.5,3,1,3248.4,112,7,3249.6,3,2,3250.1,7,2,3250.2,191,6,3250.3,38,3,3250.4,63,5
11536,2025-12-30 11:11:26+05:30,3248.8,14,3249.42,391050,98569.0,122213.0,3250.0,3257.0,3239.8,3251.5,42056875,3576.6,2926.4,4322.95,2866.6,3248.8,93,5,3248.7,101,4,3248.6,61,3,3248.5,3,1,3248.4,112,7,3249.6,3,2,3250.1,7,2,3250.2,191,6,3250.3,38,3,3250.4,63,5
11536,2025-12-30 11:11:27+05:30,3248.8,1,3249.42,391065,98914.0,123057.0,3250.0,3257.0,3239.8,3251.5,42056875,3576.6,2926.4,4322.95,2866.6,3248.8,53,5,3248.7,85,4,3248.6,40,2,3248.5,3,1,3248.4,134,8,3249.6,5,4,3250.1,36,3,3250.2,231,7,3250.3,38,3,3250.4,57,4
11536,2025-12-30 11:11:27+05:30,3248.8,1,3249.42,391065,98914.0,123057.0,3250.0,3257.0,3239.8,3251.5,42056875,3576.6,2926.4,4322.95,2866.6,3248.8,53,5,3248.7,85,4,3248.6,40,2,3248.5,3,1,3248.4,134,8,3249.6,5,4,3250.1,36,3,3250.2,231,7,3250.3,38,3,3250.4,57,4
11536,2025-12-30 11:11:28+05:30,3249.1,7,3249.42,391142,100100.0,123497.0,3250.0,3257.0,3239.8,3251.5,42056875,3576.6,2926.4,4322.95,2866.6,3249.0,886,1,3248.9,21,1,3248.8,37,2,3248.7,68,3,3248.6,58,3,3249.1,4,3,3249.6,4,2,3250.1,61,1,3250.2,213,6,3250.3,8,2
11536,2025-12-30 11:11:28+05:30,3249.1,7,3249.42,391142,100100.0,123497.0,3250.0,3257.0,3239.8,3251.5,42056875,3576.6,2926.4,4322.95,2866.6,3249.0,886,1,3248.9,21,1,3248.8,37,2,3248.7,68,3,3248.6,58,3,3249.1,4,3,3249.6,4,2,3250.1,61,1,3250.2,213,6,3250.3,8,2
11536,2025-12-30 11:11:29+05:30,3249.0,1,3249.42,391143,100207.0,123652.0,3250.0,3257.0,3239.8,3251.5,42056875,3576.6,2926.4,4322.95,2866.6,3249.0,903,2,3248.9,43,2,3248.8,37,2,3248.7,84,4,3248.6,109,5,3249.1,5,4,3249.6,3,1,3250.1,61,1,3250.2,213,6,3250.3,8,2
11536,2025-12-30 11:11:29+05:30,3249.0,1,3249.42,391143,100207.0,123652.0,3250.0,3257.0,3239.8,3251.5,42056875,3576.6,2926.4,4322.95,2866.6,3249.0,903,2,3248.9,43,2,3248.8,37,2,3248.7,84,4,3248.6,109,5,3249.1,5,4,3249.6,3,1,3250.1,61,1,3250.2,213,6,3250.3,8,2
11536,2025-12-30 11:11:30+05:30,3249.1,3,3249.42,391197,101124.0,123525.0,3250.0,3257.0,3239.8,3251.5,42056875,3576.6,2926.4,4322.95,2866.6,3249.1,43,4,3249.0,1148,6,3248.9,74,3,3248.8,76,5,3248.7,100,4,3249.6,1,1,3250.2,213,6,3250.3,8,2,3250.4,33,2,3250.5,35,3
11536,2025-12-30 11:11:30+05:30,3249.1,3,3249.42,391197,101124.0,123525.0,3250.0,3257.0,3239.8,3251.5,42056875,3576.6,2926.4,4322.95,2866.6,3249.1,43,4,3249.0,1148,6,3248.9,74,3,3248.8,76,5,3248.7,100,4,3249.6,1,1,3250.2,213,6,3250.3,8,2,3250.4,33,2,3250.5,35,3
11536,2025-12-30 11:11:31+05:30,3249.6,1,3249.42,391309,99366.0,123633.0,3250.0,3257.0,3239.8,3251.5,42056875,3576.6,2926.4,4322.95,2866.6,3249.1,38,3,3249.0,1135,5,3248.9,81,3,3248.8,40,3,3248.7,100,4,3249.6,2,2,3250.2,213,6,3250.3,8,2,3250.4,33,2,3250.5,35,3
11536,2025-12-30 11:11:31+05:30,3249.6,1,3249.42,391309,99366.0,123633.0,3250.0,3257.0,3239.8,3251.5,42056875,3576.6,2926.4,4322.95,2866.6,3249.1,38,3,3249.0,1135,5,3248.9,81,3,3248.8,40,3,3248.7,100,4,3249.6,2,2,3250.2,213,6,3250.3,8,2,3250.4,33,2,3250.5,35,3
11536,2025-12-30 11:11:32+05:30,3249.1,5,3249.42,391314,102347.0,123111.0,3250.0,3257.0,3239.8,3251.5,42056875,3576.6,2926.4,4322.95,2866.6,3249.3,1,1,3249.1,96,6,3249.0,1150,6,3248.9,30,1,3248.8,60,4,3249.6,6,3,3250.2,213,6,3250.3,8,2,3250.4,33,2,3250.5,35,3
11536,2025-12-30 11:11:32+05:30,3249.3,9,3249.42,391314,102347.0,123111.0,3250.0,3257.0,3239.8,3251.5,42056875,3576.6,2926.4,4322.95,2866.6,3249.3,1,1,3249.1,96,6,3249.0,1150,6,3248.9,30,1,3248.8,60,4,3249.6,6,3,3250.2,213,6,3250.3,8,2,3250.4,33,2,3250.5,35,3
11536,2025-12-30 11:11:33+05:30,3249.6,1,3249.42,391326,102501.0,122746.0,3250.0,3257.0,3239.8,3251.5,42056875,3576.6,2926.4,4322.95,2866.6,3249.3,1,1,3249.2,17,1,3249.1,146,9,3249.0,1152,7,3248.9,30,1,3249.6,4,3,3250.2,213,6,3250.3,8,2,3250.4,3,1,3250.5,5,2
11536,2025-12-30 11:11:33+05:30,3249.3,1,3249.42,391326,102501.0,122746.0,3250.0,3257.0,3239.8,3251.5,42056875,3576.6,2926.4,4322.95,2866.6,3249.3,1,1,3249.2,17,1,3249.1,146,9,3249.0,1152,7,3248.9,30,1,3249.6,4,3,3250.2,213,6,3250.3,8,2,3250.4,3,1,3250.5,5,2
11536,2025-12-30 11:11:34+05:30,3249.4,1,3249.42,391359,102443.0,122357.0,3250.0,3257.0,3239.8,3251.5,42056875,3576.6,2926.4,4322.95,2866.6,3249.4,31,1,3249.3,101,3,3249.2,40,2,3249.1,24,3,3249.0,1157,7,3249.6,2,2,3250.2,213,6,3250.4,3,1,3250.5,3,1,3250.6,30,1
11536,2025-12-30 11:11:34+05:30,3249.4,1,3249.42,391359,102443.0,122357.0,3250.0,3257.0,3239.8,3251.5,42056875,3576.6,2926.4,4322.95,2866.6,3249.4,31,1,3249.3,101,3,3249.2,40,2,3249.1,24,3,3249.0,1157,7,3249.6,2,2,3250.2,213,6,3250.4,3,1,3250.5,3,1,3250.6,30,1
11536,2025-12-30 11:11:35+05:30,3249.6,1,3249.42,391364,102087.0,122370.0,3250.0,3257.0,3239.8,3251.5,42056875,3576.6,2926.4,4322.95,2866.6,3249.4,27,1,3249.3,81,2,3249.2,17,1,3249.1,24,3,3249.0,1119,5,3249.6,185,7,3250.2,89,3,3250.4,3,1,3250.5,3,1,3250.6,30,1
11536,2025-12-30 11:11:35+05:30,3249.6,1,3249.42,391364,102087.0,122370.0,3250.0,3257.0,3239.8,3251.5,42056875,3576.6,2926.4,4322.95,2866.6,3249.4,27,1,3249.3,81,2,3249.2,17,1,3249.1,24,3,3249.0,1119,5,3249.6,185,7,3250.2,89,3,3250.4,3,1,3250.5,3,1,3250.6,30,1
11536,2025-12-30 11:11:36+05:30,3249.6,25,3249.42,391398,102016.0,122433.0,3250.0,3257.0,3239.8,3251.5,42056875,3576.6,2926.4,4322.95,2866.6,3249.5,19,2,3249.3,81,2,3249.1,24,3,3249.0,1119,5,3248.9,30,1,3249.6,161,8,3250.2,89,3,3250.4,33,2,3250.5,34,3,3250.6,30,1
11536,2025-12-30 11:11:36+05:30,3249.6,25,3249.42,391398,102016.0,122433.0,3250.0,3257.0,3239.8,3251.5,42056875,3576.6,2926.4,4322.95,2866.6,3249.5,19,2,3249.3,81,2,3249.1,24,3,3249.0,1119,5,3248.9,30,1,3249.6,161,8,3250.2,89,3,3250.4,33,2,3250.5,34,3,3250.6,30,1
11536,2025-12-30 11:11:37+05:30,3249.6,6,3249.42,391568,103176.0,121611.0,3250.0,3257.0,3239.8,3251.5,42056875,3576.6,2926.4,4322.95,2866.6,3249.5,30,3,3249.4,15,1,3249.3,81,2,3249.2,86,4,3249.1,75,6,3250.2,40,1,3250.7,3,1,3250.8,3,1,3250.9,72,3,3251.0,164,3
11536,2025-12-30 11:11:37+05:30,3249.6,6,3249.42,391568,103176.0,121611.0,3250.0,3257.0,3239.8,3251.5,42056875,3576.6,2926.4,4322.95,2866.6,3249.5,30,3,3249.4,15,1,3249.3,81,2,3249.2,86,4,3249.1,75,6,3250.2,40,1,3250.7,3,1,3250.8,3,1,3250.9,72,3,3251.0,164,3
11536,2025-12-30 11:11:38+05:30,3250.0,25,3249.42,391593,103501.0,121704.0,3250.0,3257.0,3239.8,3251.5,42056875,3576.6,2926.4,4322.95,2866.6,3250.0,35,2,3249.7,10,1,3249.6,20,2,3249.5,32,3,3249.4,52,2,3250.2,47,3,3250.7,49,2,3250.8,15,1,3250.9,30,1,3251.0,55,4
11536,2025-12-30 11:11:38+05:30,3250.2,1,3249.42,391593,103501.0,121704.0,3250.0,3257.0,3239.8,3251.5,42056875,3576.6,2926.4,4322.95,2866.6,3250.0,35,2,3249.7,10,1,3249.6,20,2,3249.5,32,3,3249.4,52,2,3250.2,47,3,3250.7,49,2,3250.8,15,1,3250.9,30,1,3251.0,55,4
11536,2025-12-30 11:11:39+05:30,3250.2,1,3249.42,391594,103843.0,121354.0,3250.0,3257.0,3239.8,3251.5,42056875,3576.6,2926.4,4322.95,2866.6,3250.0,39,3,3249.8,8,1,3249.6,31,3,3249.5,32,3,3249.4,227,3,3250.2,46,3,3250.6,23,1,3250.7,26,1,3250.9,13,1,3251.0,85,5
11536,2025-12-30 11:11:39+05:30,3250.0,12,3249.42,391594,103843.0,121354.0,3250.0,3257.0,3239.8,3251.5,42056875,3576.6,2926.4,4322.95,2866.6,3250.0,39,3,3249.8,8,1,3249.6,31,3,3249.5,32,3,3249.4,227,3,3250.2,46,3,3250.6,23,1,3250.7,26,1,3250.9,13,1,3251.0,85,5
11536,2025-12-30 11:11:40+05:30,3250.0,7,3249.42,391652,103651.0,121355.0,3250.0,3257.0,3239.8,3251.5,42056875,3576.6,2926.4,4322.95,2866.6,3250.0,129,4,3249.8,8,1,3249.6,31,3,3249.5,19,2,3249.4,242,4,3250.2,43,4,3250.6,23,1,3250.7,26,1,3250.8,17,1,3250.9,13,1
11536,2025-12-30 11:11:40+05:30,3250.0,7,3249.42,391652,103651.0,121355.0,3250.0,3257.0,3239.8,3251.5,42056875,3576.6,2926.4,4322.95,2866.6,3250.0,129,4,3249.8,8,1,3249.6,31,3,3249.5,19,2,3249.4,242,4,3250.2,43,4,3250.6,23,1,3250.7,26,1,3250.8,17,1,3250.9,13,1
11536,2025-12-30 11:11:41+05:30,3250.0,7,3249.42,391652,103674.0,121530.0,3250.0,3257.0,3239.8,3251.5,42056875,3576.6,2926.4,4322.95,2866.6,3250.0,129,4,3249.6,31,3,3249.5,19,2,3249.4,242,4,3249.3,3,1,3250.2,43,4,3250.6,23,1,3250.7,26,1,3250.8,17,1,3250.9,13,1
11536,2025-12-30 11:11:42+05:30,3250.2,3,3249.42,391676,103701.0,121500.0,3250.0,3257.0,3239.8,3251.5,42056875,3576.6,2926.4,4322.95,2866.6,3250.0,147,4,3249.6,31,3,3249.5,19,2,3249.4,67,3,3249.3,3,1,3250.2,38,3,3250.6,23,1,3250.7,26,1,3250.8,17,1,3250.9,13,1
11536,2025-12-30 11:11:42+05:30,3250.2,3,3249.42,391676,103701.0,121500.0,3250.0,3257.0,3239.8,3251.5,42056875,3576.6,2926.4,4322.95,2866.6,3250.0,147,4,3249.6,31,3,3249.5,19,2,3249.4,67,3,3249.3,3,1,3250.2,38,3,3250.6,23,1,3250.7,26,1,3250.8,17,1,3250.9,13,1
11536,2025-12-30 11:11:43+05:30,3250.0,1,3249.42,391677,103722.0,121564.0,3250.0,3257.0,3239.8,3251.5,42056875,3576.6,2926.4,4322.95,2866.6,3250.0,146,4,3249.6,37,3,3249.5,19,2,3249.4,68,4,3249.3,3,1,3250.2,39,4,3250.6,23,1,3250.7,26,1,3250.8,17,1,3250.9,13,1
11536,2025-12-30 11:11:43+05:30,3250.0,1,3249.42,391677,103722.0,121564.0,3250.0,3257.0,3239.8,3251.5,42056875,3576.6,2926.4,4322.95,2866.6,3250.0,146,4,3249.6,37,3,3249.5,19,2,3249.4,68,4,3249.3,3,1,3250.2,39,4,3250.6,23,1,3250.7,26,1,3250.8,17,1,3250.9,13,1
11536,2025-12-30 11:11:44+05:30,3250.2,1,3249.42,391684,103927.0,121050.0,3250.0,3257.0,3239.8,3251.5,42056875,3576.6,2926.4,4322.95,2866.6,3250.0,140,4,3249.6,37,3,3249.5,19,2,3249.4,68,4,3249.3,28,2,3250.2,37,3,3250.6,23,1,3250.7,42,2,3250.9,13,1,3251.0,26,3
11536,2025-12-30 11:11:44+05:30,3250.0,1,3249.42,391684,103927.0,121050.0,3250.0,3257.0,3239.8,3251.5,42056875,3576.6,2926.4,4322.95,2866.6,3250.0,140,4,3249.6,37,3,3249.5,19,2,3249.4,68,4,3249.3,28,2,3250.2,37,3,3250.6,23,1,3250.7,42,2,3250.9,13,1,3251.0,26,3
11536,2025-12-30 11:11:45+05:30,3250.2,1,3249.42,391686,103993.0,120976.0,3250.0,3257.0,3239.8,3251.5,42056875,3576.6,2926.4,4322.95,2866.6,3250.0,139,4,3249.6,37,3,3249.5,19,2,3249.4,68,4,3249.3,28,2,3250.2,36,3,3250.6,23,1,3250.7,42,2,3250.9,13,1,3251.0,26,3
11536,2025-12-30 11:11:45+05:30,3250.2,1,3249.42,391686,103993.0,120976.0,3250.0,3257.0,3239.8,3251.5,42056875,3576.6,2926.4,4322.95,2866.6,3250.0,139,4,3249.6,37,3,3249.5,19,2,3249.4,68,4,3249.3,28,2,3250.2,36,3,3250.6,23,1,3250.7,42,2,3250.9,13,1,3251.0,26,3
11536,2025-12-30 11:11:46+05:30,3250.0,2,3249.42,391689,104006.0,121017.0,3250.0,3257.0,3239.8,3251.5,42056875,3576.6,2926.4,4322.95,2866.6,3250.0,137,4,3249.6,20,2,3249.5,1,1,3249.4,68,4,3249.3,48,3,3250.2,34,2,3250.6,23,1,3250.7,42,2,3250.9,13,1,3251.0,26,3
11536,2025-12-30 11:11:46+05:30,3250.0,2,3249.42,391689,104006.0,121017.0,3250.0,3257.0,3239.8,3251.5,42056875,3576.6,2926.4,4322.95,2866.6,3250.0,137,4,3249.6,20,2,3249.5,1,1,3249.4,68,4,3249.3,48,3,3250.2,34,2,3250.6,23,1,3250.7,42,2,3250.9,13,1,3251.0,26,3
11536,2025-12-30 11:11:47+05:30,3250.0,1,3249.42,391701,99230.0,121670.0,3250.0,3257.0,3239.8,3251.5,42056875,3576.6,2926.4,4322.95,2866.6,3250.0,125,4,3249.6,20,2,3249.5,1,1,3249.4,55,4,3249.3,28,2,3250.2,35,3,3250.5,25,1,3250.7,26,1,3250.8,17,1,3250.9,13,1
11536,2025-12-30 11:11:47+05:30,3250.0,1,3249.42,391701,99230.0,121670.0,3250.0,3257.0,3239.8,3251.5,42056875,3576.6,2926.4,4322.95,2866.6,3250.0,125,4,3249.6,20,2,3249.5,1,1,3249.4,55,4,3249.3,28,2,3250.2,35,3,3250.5,25,1,3250.7,26,1,3250.8,17,1,3250.9,13,1
11536,2025-12-30 11:11:48+05:30,3250.0,7,3249.42,391708,102061.0,121671.0,3250.0,3257.0,3239.8,3251.5,42056875,3576.6,2926.4,4322.95,2866.6,3250.0,120,5,3249.6,20,2,3249.5,1,1,3249.4,55,4,3249.3,28,2,3250.2,36,4,3250.5,25,1,3250.7,26,1,3250.8,17,1,3250.9,13,1
11536,2025-12-30 11:11:48+05:30,3250.0,7,3249.42,391708,102061.0,121671.0,3250.0,3257.0,3239.8,3251.5,42056875,3576.6,2926.4,4322.95,2866.6,3250.0,120,5,3249.6,20,2,3249.5,1,1,3249.4,55,4,3249.3,28,2,3250.2,36,4,3250.5,25,1,3250.7,26,1,3250.8,17,1,3250.9,13,1
11536,2025-12-30 11:11:49+05:30,3250.0,3,3249.42,391713,102243.0,121668.0,3250.0,3257.0,3239.8,3251.5,42056875,3576.6,2926.4,4322.95,2866.6,3250.0,116,5,3249.6,20,2,3249.5,1,1,3249.4,55,4,3249.3,28,2,3250.2,34,3,3250.5,25,1,3250.7,42,2,3250.9,13,1,3251.0,56,4
11536,2025-12-30 11:11:49+05:30,3250.0,3,3249.42,391713,102243.0,121668.0,3250.0,3257.0,3239.8,3251.5,42056875,3576.6,2926.4,4322.95,2866.6,3250.0,116,5,3249.6,20,2,3249.5,1,1,3249.4,55,4,3249.3,28,2,3250.2,34,3,3250.5,25,1,3250.7,42,2,3250.9,13,1,3251.0,56,4
11536,2025-12-30 11:11:50+05:30,3250.0,3,3249.42,391716,102240.0,121665.0,3250.0,3257.0,3239.8,3251.5,42056875,3576.6,2926.4,4322.95,2866.6,3250.0,113,5,3249.6,20,2,3249.5,1,1,3249.4,55,4,3249.3,28,2,3250.2,33,2,3250.5,40,2,3250.7,26,1,3250.8,17,1,3250.9,13,1
11536,2025-12-30 11:11:50+05:30,3250.0,3,3249.42,391716,102240.0,121665.0,3250.0,3257.0,3239.8,3251.5,42056875,3576.6,2926.4,4322.95,2866.6,3250.0,113,5,3249.6,20,2,3249.5,1,1,3249.4,55,4,3249.3,28,2,3250.2,33,2,3250.5,40,2,3250.7,26,1,3250.8,17,1,3250.9,13,1
11536,2025-12-30 11:11:51+05:30,3250.0,1,3249.42,391717,102079.0,121652.0,3250.0,3257.0,3239.8,3251.5,42056875,3576.6,2926.4,4322.95,2866.6,3250.0,157,6,3249.6,20,2,3249.5,1,1,3249.4,55,4,3249.3,28,2,3250.2,33,2,3250.5,25,1,3250.7,26,1,3250.8,17,1,3250.9,13,1
11536,2025-12-30 11:11:51+05:30,3250.0,1,3249.42,391717,102079.0,121652.0,3250.0,3257.0,3239.8,3251.5,42056875,3576.6,2926.4,4322.95,2866.6,3250.0,157,6,3249.6,20,2,3249.5,1,1,3249.4,55,4,3249.3,28,2,3250.2,33,2,3250.5,25,1,3250.7,26,1,3250.8,17,1,3250.9,13,1
11536,2025-12-30 11:11:52+05:30,3250.0,1,3249.42,391717,103732.0,121652.0,3250.0,3257.0,3239.8,3251.5,42056875,3576.6,2926.4,4322.95,2866.6,3250.0,157,6,3249.6,20,2,3249.5,1,1,3249.4,55,4,3249.3,46,3,3250.2,33,2,3250.5,25,1,3250.7,26,1,3250.8,17,1,3250.9,13,1
11536,2025-12-30 11:11:52+05:30,3250.0,1,3249.42,391717,103732.0,121652.0,3250.0,3257.0,3239.8,3251.5,42056875,3576.6,2926.4,4322.95,2866.6,3250.0,157,6,3249.6,20,2,3249.5,1,1,3249.4,55,4,3249.3,46,3,3250.2,33,2,3250.5,25,1,3250.7,26,1,3250.8,17,1,3250.9,13,1
11536,2025-12-30 11:11:53+05:30,3250.0,1,3249.42,391718,103809.0,121666.0,3250.0,3257.0,3239.8,3251.5,42056875,3576.6,2926.4,4322.95,2866.6,3250.0,156,6,3249.6,31,3,3249.5,19,2,3249.4,70,5,3249.3,28,2,3250.2,47,3,3250.5,25,1,3250.7,26,1,3250.8,17,1,3250.9,13,1
11536,2025-12-30 11:11:54+05:30,3250.0,10,3249.42,391728,103803.0,121490.0,3250.0,3257.0,3239.8,3251.5,42056875,3576.6,2926.4,4322.95,2866.6,3250.0,150,7,3249.6,31,3,3249.5,1,1,3249.4,70,5,3249.3,28,2,3250.2,48,4,3250.5,25,1,3250.7,26,1,3250.8,17,1,3250.9,13,1
11536,2025-12-30 11:11:54+05:30,3250.0,1,3249.42,391728,103803.0,121490.0,3250.0,3257.0,3239.8,3251.5,42056875,3576.6,2926.4,4322.95,2866.6,3250.0,150,7,3249.6,31,3,3249.5,1,1,3249.4,70,5,3249.3,28,2,3250.2,48,4,3250.5,25,1,3250.7,26,1,3250.8,17,1,3250.9,13,1
11536,2025-12-30 11:11:55+05:30,3250.2,1,3249.42,391730,103802.0,121661.0,3250.0,3257.0,3239.8,3251.5,42056875,3576.6,2926.4,4322.95,2866.6,3250.0,149,7,3249.6,31,3,3249.5,1,1,3249.4,70,5,3249.3,28,2,3250.2,46,3,3250.5,40,2,3250.7,26,1,3250.8,17,1,3250.9,13,1
11536,2025-12-30 11:11:55+05:30,3250.2,1,3249.42,391730,103802.0,121661.0,3250.0,3257.0,3239.8,3251.5,42056875,3576.6,2926.4,4322.95,2866.6,3250.0,149,7,3249.6,31,3,3249.5,1,1,3249.4,70,5,3249.3,28,2,3250.2,46,3,3250.5,40,2,3250.7,26,1,3250.8,17,1,3250.9,13,1
11536,2025-12-30 11:11:56+05:30,3250.0,50,3249.42,391784,103820.0,121649.0,3250.0,3257.0,3239.8,3251.5,42056875,3576.6,2926.4,4322.95,2866.6,3250.0,96,7,3249.6,20,2,3249.5,1,1,3249.4,70,5,3249.3,28,2,3250.2,46,3,3250.4,15,1,3250.5,25,1,3250.6,16,1,3250.7,26,1
11536,2025-12-30 11:11:56+05:30,3250.0,50,3249.42,391784,103820.0,121649.0,3250.0,3257.0,3239.8,3251.5,42056875,3576.6,2926.4,4322.95,2866.6,3250.0,96,7,3249.6,20,2,3249.5,1,1,3249.4,70,5,3249.3,28,2,3250.2,46,3,3250.4,15,1,3250.5,25,1,3250.6,16,1,3250.7,26,1
11536,2025-12-30 11:11:57+05:30,3250.2,3,3249.42,391787,103783.0,121599.0,3250.0,3257.0,3239.8,3251.5,42056875,3576.6,2926.4,4322.95,2866.6,3250.0,96,7,3249.6,17,1,3249.5,1,1,3249.4,25,3,3249.3,28,2,3250.2,44,4,3250.5,25,1,3250.6,16,1,3250.7,26,1,3250.8,17,1
11536,2025-12-30 11:11:57+05:30,3250.2,3,3249.42,391787,103783.0,121599.0,3250.0,3257.0,3239.8,3251.5,42056875,3576.6,2926.4,4322.95,2866.6,3250.0,96,7,3249.6,17,1,3249.5,1,1,3249.4,25,3,3249.3,28,2,3250.2,44,4,3250.5,25,1,3250.6,16,1,3250.7,26,1,3250.8,17,1
11536,2025-12-30 11:11:58+05:30,3250.0,16,3249.42,391809,102979.0,121662.0,3250.0,3257.0,3239.8,3251.5,42056875,3576.6,2926.4,4322.95,2866.6,3250.0,74,6,3249.6,17,1,3249.5,1,1,3249.4,3,2,3249.3,28,2,3250.2,43,4,3250.3,15,1,3250.4,25,1,3250.6,17,1,3250.7,26,1
11536,2025-12-30 11:11:58+05:30,3250.0,16,3249.42,391809,102979.0,121662.0,3250.0,3257.0,3239.8,3251.5,42056875,3576.6,2926.4,4322.95,2866.6,3250.0,74,6,3249.6,17,1,3249.5,1,1,3249.4,3,2,3249.3,28,2,3250.2,43,4,3250.3,15,1,3250.4,25,1,3250.6,17,1,3250.7,26,1
11536,2025-12-30 11:11:59+05:30,3250.0,1,3249.42,391811,103671.0,121737.0,3250.0,3257.0,3239.8,3251.5,42056875,3576.6,2926.4,4322.95,2866.6,3250.0,166,7,3249.6,17,1,3249.5,1,1,3249.4,3,2,3249.3,28,2,3250.2,42,4,3250.4,25,1,3250.5,16,1,3250.6,29,1,3250.7,20,1
11536,2025-12-30 11:11:59+05:30,3250.0,10,3249.42,391811,103671.0,121737.0,3250.0,3257.0,3239.8,3251.5,42056875,3576.6,2926.4,4322.95,2866.6,3250.0,166,7,3249.6,17,1,3249.5,1,1,3249.4,3,2,3249.3,28,2,3250.2,42,4,3250.4,25,1,3250.5,16,1,3250.6,29,1,3250.7,20,1
11536,2025-12-30 11:12:00+05:30,3250.0,1,3249.42,391822,103844.0,121714.0,3250.0,3257.0,3239.8,3251.5,42056875,3576.6,2926.4,4322.95,2866.6,3250.0,155,7,3249.6,17,1,3249.5,1,1,3249.4,3,2,3249.3,28,2,3250.2,42,4,3250.4,25,1,3250.6,29,1,3250.7,37,2,3250.8,57,2
11536,2025-12-30 11:12:00+05:30,3250.0,3,3249.42,391822,103844.0,121714.0,3250.0,3257.0,3239.8,3251.5,42056875,3576.6,2926.4,4322.95,2866.6,3250.0,155,7,3249.6,17,1,3249.5,1,1,3249.4,3,2,3249.3,28,2,3250.2,42,4,3250.4,25,1,3250.6,29,1,3250.7,37,2,3250.8,57,2
11536,2025-12-30 11:12:01+05:30,3250.2,1,3249.42,391829,104095.0,121670.0,3250.0,3257.0,3239.8,3251.5,42056875,3576.6,2926.4,4322.95,2866.6,3250.0,180,7,3249.6,17,1,3249.5,1,1,3249.4,3,2,3249.3,28,2,3250.2,42,5,3250.4,40,2,3250.6,46,2,3250.7,10,1,3250.8,17,1
11536,2025-12-30 11:12:01+05:30,3250.2,1,3249.42,391829,104095.0,121670.0,3250.0,3257.0,3239.8,3251.5,42056875,3576.6,2926.4,4322.95,2866.6,3250.0,180,7,3249.6,17,1,3249.5,1,1,3249.4,3,2,3249.3,28,2,3250.2,42,5,3250.4,40,2,3250.6,46,2,3250.7,10,1,3250.8,17,1
11536,2025-12-30 11:12:02+05:30,3250.0,2,3249.42,391832,102748.0,121997.0,3250.0,3257.0,3239.8,3251.5,42056875,3576.6,2926.4,4322.95,2866.6,3250.0,181,7,3249.6,17,1,3249.5,1,1,3249.4,3,2,3249.2,36,2,3250.2,53,5,3250.3,80,3,3250.4,15,1,3250.5,27,1,3250.6,28,2
11536,2025-12-30 11:12:02+05:30,3250.2,1,3249.42,391832,102748.0,121997.0,3250.0,3257.0,3239.8,3251.5,42056875,3576.6,2926.4,4322.95,2866.6,3250.0,181,7,3249.6,17,1,3249.5,1,1,3249.4,3,2,3249.2,36,2,3250.2,53,5,3250.3,80,3,3250.4,15,1,3250.5,27,1,3250.6,28,2
11536,2025-12-30 11:12:03+05:30,3250.5,10,3249.42,392057,104196.0,121660.0,3250.0,3257.0,3239.8,3251.5,42056875,3576.6,2926.4,4322.95,2866.6,3250.5,63,1,3250.0,200,8,3249.6,38,2,3249.5,1,1,3249.4,24,3,3250.6,35,3,3250.8,34,2,3250.9,48,3,3251.0,81,5,3251.1,11,2
11536,2025-12-30 11:12:03+05:30,3250.5,10,3249.42,392057,104196.0,121660.0,3250.0,3257.0,3239.8,3251.5,42056875,3576.6,2926.4,4322.95,2866.6,3250.5,63,1,3250.0,200,8,3249.6,38,2,3249.5,1,1,3249.4,24,3,3250.6,35,3,3250.8,34,2,3250.9,48,3,3251.0,81,5,3251.1,11,2
11536,2025-12-30 11:12:04+05:30,3250.5,10,3249.42,392057,105674.0,120401.0,3250.0,3257.0,3239.8,3251.5,42056875,3576.6,2926.4,4322.95,2866.6,3250.5,232,3,3250.1,23,1,3250.0,200,8,3249.9,27,1,3249.8,25,2,3250.6,7,1,3251.2,29,3,3251.3,80,3,3251.4,47,3,3251.5,49,2
11536,2025-12-30 11:12:05+05:30,3251.2,1,3249.42,392125,106424.0,119017.0,3250.0,3257.0,3239.8,3251.5,42056875,3576.6,2926.4,4322.95,2866.6,3250.6,1,1,3250.5,247,3,3250.2,27,1,3250.1,23,1,3250.0,220,9,3251.2,18,2,3251.4,28,2,3251.5,19,1,3251.6,65,5,3251.7,53,3
11536,2025-12-30 11:12:05+05:30,3251.2,1,3249.42,392125,106424.0,119017.0,3250.0,3257.0,3239.8,3251.5,42056875,3576.6,2926.4,4322.95,2866.6,3250.6,1,1,3250.5,247,3,3250.2,27,1,3250.1,23,1,3250.0,220,9,3251.2,18,2,3251.4,28,2,3251.5,19,1,3251.6,65,5,3251.7,53,3
11536,2025-12-30 11:12:06+05:30,3251.2,1,3249.42,392125,105443.0,118884.0,3250.0,3257.0,3239.8,3251.5,42056875,3576.6,2926.4,4322.95,2866.6,3250.6,1,1,3250.5,247,3,3250.0,220,9,3249.8,22,1,3249.7,44,3,3251.2,35,4,3251.4,62,4,3251.5,46,2,3251.6,93,6,3251.7,53,3
11536,2025-12-30 11:12:07+05:30,3251.2,1,3249.42,392126,105846.0,118833.0,3250.0,3257.0,3239.8,3251.5,42056875,3576.6,2926.4,4322.95,2866.6,3250.6,2,2,3250.5,260,5,3250.0,220,9,3249.8,52,2,3249.7,42,2,3251.2,27,3,3251.4,51,3,3251.5,46,2,3251.6,93,6,3251.7,68,4
11536,2025-12-30 11:12:07+05:30,3250.6,19,3249.42,392126,105846.0,118833.0,3250.0,3257.0,3239.8,3251.5,42056875,3576.6,2926.4,4322.95,2866.6,3250.6,2,2,3250.5,260,5,3250.0,220,9,3249.8,52,2,3249.7,42,2,3251.2,27,3,3251.4,51,3,3251.5,46,2,3251.6,93,6,3251.7,68,4
11536,2025-12-30 11:12:08+05:30,3250.6,18,3249.42,392165,105646.0,118719.0,3250.0,3257.0,3239.8,3251.5,42056875,3576.6,2926.4,4322.95,2866.6,3250.6,83,1,3250.5,260,5,3250.0,107,7,3249.8,92,4,3249.7,32,2,3251.1,28,4,3251.4,81,4,3251.5,51,3,3251.6,120,7,3251.7,35,3
11536,2025-12-30 11:12:08+05:30,3251.1,1,3249.42,392165,105646.0,118719.0,3250.0,3257.0,3239.8,3251.5,42056875,3576.6,2926.4,4322.95,2866.6,3250.6,83,1,3250.5,260,5,3250.0,107,7,3249.8,92,4,3249.7,32,2,3251.1,28,4,3251.4,81,4,3251.5,51,3,3251.6,120,7,3251.7,35,3
11536,2025-12-30 11:12:09+05:30,3251.1,1,3249.42,392167,105429.0,118302.0,3250.0,3257.0,3239.8,3251.5,42056875,3576.6,2926.4,4322.95,2866.6,3250.6,129,2,3250.5,260,5,3250.0,115,8,3249.8,92,4,3249.7,32,2,3251.1,27,4,3251.3,23,1,3251.4,28,2,3251.5,51,3,3251.6,65,5
11536,2025-12-30 11:12:10+05:30,3250.6,6,3249.42,392179,106879.0,116422.0,3250.0,3257.0,3239.8,3251.5,42056875,3576.6,2926.4,4322.95,2866.6,3250.6,117,2,3250.5,260,5,3250.4,50,2,3250.3,50,2,3250.2,65,3,3251.6,10,1,3251.7,33,3,3251.9,27,3,3252.0,21,2,3252.1,44,3
11536,2025-12-30 11:12:10+05:30,3251.7,1,3249.42,392179,106879.0,116422.0,3250.0,3257.0,3239.8,3251.5,42056875,3576.6,2926.4,4322.95,2866.6,3250.6,117,2,3250.5,260,5,3250.4,50,2,3250.3,50,2,3250.2,65,3,3251.6,10,1,3251.7,33,3,3251.9,27,3,3252.0,21,2,3252.1,44,3
11536,2025-12-30 11:12:11+05:30,3251.7,1,3249.42,392197,104115.0,117665.0,3250.0,3257.0,3239.8,3251.5,42056875,3576.6,2926.4,4322.95,2866.6,3250.6,117,2,3250.5,260,5,3250.4,21,1,3250.3,50,2,3250.2,65,3,3251.7,20,1,3251.8,83,5,3251.9,57,6,3252.0,31,3,3252.1,23,2
11536,2025-12-30 11:12:11+05:30,3250.6,1,3249.42,392197,104115.0,117665.0,3250.0,3257.0,3239.8,3251.5,42056875,3576.6,2926.4,4322.95,2866.6,3250.6,117,2,3250.5,260,5,3250.4,21,1,3250.3,50,2,3250.2,65,3,3251.7,20,1,3251.8,83,5,3251.9,57,6,3252.0,31,3,3252.1,23,2
11536,2025-12-30 11:12:12+05:30,3250.6,1,3249.42,392198,105296.0,117878.0,3250.0,3257.0,3239.8,3251.5,42056875,3576.6,2926.4,4322.95,2866.6,3250.6,117,3,3250.5,260,5,3250.3,30,1,3250.2,45,2,3250.1,30,2,3251.6,55,4,3251.7,61,5,3251.8,26,2,3251.9,57,6,3252.0,53,4
11536,2025-12-30 11:12:12+05:30,3250.6,5,3249.42,392198,105296.0,117878.0,3250.0,3257.0,3239.8,3251.5,42056875,3576.6,2926.4,4322.95,2866.6,3250.6,117,3,3250.5,260,5,3250.3,30,1,3250.2,45,2,3250.1,30,2,3251.6,55,4,3251.7,61,5,3251.8,26,2,3251.9,57,6,3252.0,53,4
11536,2025-12-30 11:12:13+05:30,3250.6,1,3249.42,392206,105247.0,117957.0,3250.0,3257.0,3239.8,3251.5,42056875,3576.6,2926.4,4322.95,2866.6,3250.6,124,4,3250.5,260,5,3250.4,11,1,3250.3,30,1,3250.2,50,3,3251.6,81,6,3251.7,34,4,3251.8,26,2,3251.9,76,6,3252.0,53,4
11536,2025-12-30 11:12:13+05:30,3250.6,1,3249.42,392206,105247.0,117957.0,3250.0,3257.0,3239.8,3251.5,42056875,3576.6,2926.4,4322.95,2866.6,3250.6,124,4,3250.5,260,5,3250.4,11,1,3250.3,30,1,3250.2,50,3,3251.6,81,6,3251.7,34,4,3251.8,26,2,3251.9,76,6,3252.0,53,4
11536,2025-12-30 11:12:14+05:30,3250.6,1,3249.42,392208,104023.0,116559.0,3250.0,3257.0,3239.8,3251.5,42056875,3576.6,2926.4,4322.95,2866.6,3250.6,122,4,3250.5,260,5,3250.4,11,1,3250.3,30,1,3250.2,50,3,3251.6,111,7,3251.7,32,2,3251.8,26,2,3251.9,74,6,3252.0,53,4
11536,2025-12-30 11:12:14+05:30,3250.6,1,3249.42,392208,104023.0,116559.0,3250.0,3257.0,3239.8,3251.5,42056875,3576.6,2926.4,4322.95,2866.6,3250.6,122,4,3250.5,260,5,3250.4,11,1,3250.3,30,1,3250.2,50,3,3251.6,111,7,3251.7,32,2,3251.8,26,2,3251.9,74,6,3252.0,53,4
11536,2025-12-30 11:12:15+05:30,3251.6,2,3249.42,392212,105071.0,117958.0,3250.0,3257.0,3239.8,3251.5,42056875,3576.6,2926.4,4322.95,2866.6,3250.6,120,4,3250.5,260,5,3250.4,11,1,3250.3,30,1,3250.2,50,3,3251.6,110,8,3251.7,32,2,3251.8,26,2,3251.9,74,6,3252.0,53,4
11536,2025-12-30 11:12:15+05:30,3251.6,2,3249.42,392212,105071.0,117958.0,3250.0,3257.0,3239.8,3251.5,42056875,3576.6,2926.4,4322.95,2866.6,3250.6,120,4,3250.5,260,5,3250.4,11,1,3250.3,30,1,3250.2,50,3,3251.6,110,8,3251.7,32,2,3251.8,26,2,3251.9,74,6,3252.0,53,4
11536,2025-12-30 11:12:16+05:30,3251.6,2,3249.42,392212,105391.0,116559.0,3250.0,3257.0,3239.8,3251.5,42056875,3576.6,2926.4,4322.95,2866.6,3250.6,120,4,3250.5,260,5,3250.4,11,1,3250.3,30,1,3250.2,50,3,3251.6,111,9,3251.7,32,2,3251.8,26,2,3251.9,74,6,3252.0,53,4
11536,2025-12-30 11:12:16+05:30,3251.6,1,3249.42,392212,105391.0,116559.0,3250.0,3257.0,3239.8,3251.5,42056875,3576.6,2926.4,4322.95,2866.6,3250.6,120,4,3250.5,260,5,3250.4,11,1,3250.3,30,1,3250.2,50,3,3251.6,111,9,3251.7,32,2,3251.8,26,2,3251.9,74,6,3252.0,53,4
11536,2025-12-30 11:12:17+05:30,3250.6,1,3249.42,392217,104442.0,118354.0,3250.0,3257.0,3239.8,3251.5,42056875,3576.6,2926.4,4322.95,2866.6,3250.6,118,4,3250.5,260,5,3250.4,11,1,3250.2,50,3,3250.1,8,1,3251.5,102,8,3251.6,44,3,3251.7,62,3,3251.8,29,3,3251.9,74,6
11536,2025-12-30 11:12:17+05:30,3251.4,2,3249.42,392217,104442.0,118354.0,3250.0,3257.0,3239.8,3251.5,42056875,3576.6,2926.4,4322.95,2866.6,3250.6,118,4,3250.5,260,5,3250.4,11,1,3250.2,50,3,3250.1,8,1,3251.5,102,8,3251.6,44,3,3251.7,62,3,3251.8,29,3,3251.9,74,6
11536,2025-12-30 11:12:18+05:30,3251.4,1,3249.42,392225,104545.0,118186.0,3250.0,3257.0,3239.8,3251.5,42056875,3576.6,2926.4,4322.95,2866.6,3250.6,113,4,3250.5,260,5,3250.4,11,1,3250.2,25,2,3250.0,91,8,3251.4,28,4,3251.5,35,4,3251.6,68,4,3251.7,62,3,3251.8,29,3
11536,2025-12-30 11:12:18+05:30,3251.4,1,3249.42,392225,104545.0,118186.0,3250.0,3257.0,3239.8,3251.5,42056875,3576.6,2926.4,4322.95,2866.6,3250.6,113,4,3250.5,260,5,3250.4,11,1,3250.2,25,2,3250.0,91,8,3251.4,28,4,3251.5,35,4,3251.6,68,4,3251.7,62,3,3251.8,29,3
11536,2025-12-30 11:12:19+05:30,3250.6,1,3249.42,392227,105420.0,118192.0,3250.0,3257.0,3239.8,3251.5,42056875,3576.6,2926.4,4322.95,2866.6,3250.6,112,4,3250.5,260,5,3250.4,11,1,3250.2,25,2,3250.0,91,8,3251.4,61,8,3251.5,1,1,3251.6,55,3,3251.7,89,4,3251.8,29,3
11536,2025-12-30 11:12:19+05:30,3251.4,1,3249.42,392227,105420.0,118192.0,3250.0,3257.0,3239.8,3251.5,42056875,3576.6,2926.4,4322.95,2866.6,3250.6,112,4,3250.5,260,5,3250.4,11,1,3250.2,25,2,3250.0,91,8,3251.4,61,8,3251.5,1,1,3251.6,55,3,3251.7,89,4,3251.8,29,3
11536,2025-12-30 11:12:20+05:30,3250.6,1,3249.42,392230,106144.0,118039.0,3250.0,3257.0,3239.8,3251.5,42056875,3576.6,2926.4,4322.95,2866.6,3250.6,110,4,3250.5,260,5,3250.4,11,1,3250.2,25,2,3250.0,121,9,3251.4,54,6,3251.6,82,4,3251.7,62,3,3251.8,56,4,3251.9,113,7
11536,2025-12-30 11:12:20+05:30,3250.6,1,3249.42,392230,106144.0,118039.0,3250.0,3257.0,3239.8,3251.5,42056875,3576.6,2926.4,4322.95,2866.6,3250.6,110,4,3250.5,260,5,3250.4,11,1,3250.2,25,2,3250.0,121,9,3251.4,54,6,3251.6,82,4,3251.7,62,3,3251.8,56,4,3251.9,113,7
11536,2025-12-30 11:12:21+05:30,3250.6,1,3249.42,392232,106371.0,118394.0,3250.0,3257.0,3239.8,3251.5,42056875,3576.6,2926.4,4322.95,2866.6,3250.6,108,4,3250.5,260,5,3250.4,11,1,3250.2,25,2,3250.0,129,10,3251.4,53,5,3251.5,36,2,3251.6,45,2,3251.7,50,2,3251.8,54,4
11536,2025-12-30 11:12:21+05:30,3250.6,1,3249.42,392232,106371.0,118394.0,3250.0,3257.0,3239.8,3251.5,42056875,3576.6,2926.4,4322.95,2866.6,3250.6,108,4,3250.5,260,5,3250.4,11,1,3250.2,25,2,3250.0,129,10,3251.4,53,5,3251.5,36,2,3251.6,45,2,3251.7,50,2,3251.8,54,4
11536,2025-12-30 11:12:22+05:30,3250.6,1,3249.42,392232,106174.0,118380.0,3250.0,3257.0,3239.8,3251.5,42056875,3576.6,2926.4,4322.95,2866.6,3250.6,108,4,3250.5,260,5,3250.4,11,1,3250.2,25,2,3250.0,129,10,3251.4,73,7,3251.5,27,1,3251.6,68,4,3251.7,50,2,3251.8,54,4
11536,2025-12-30 11:12:22+05:30,3250.6,1,3249.42,392232,106174.0,118380.0,3250.0,3257.0,3239.8,3251.5,42056875,3576.6,2926.4,4322.95,2866.6,3250.6,108,4,3250.5,260,5,3250.4,11,1,3250.2,25,2,3250.0,129,10,3251.4,73,7,3251.5,27,1,3251.6,68,4,3251.7,50,2,3251.8,54,4
11536,2025-12-30 11:12:23+05:30,3250.6,1,3249.42,392233,106170.0,117004.0,3250.0,3257.0,3239.8,3251.5,42056875,3576.6,2926.4,4322.95,2866.6,3250.6,107,4,3250.5,260,5,3250.4,11,1,3250.2,25,2,3250.0,121,9,3251.4,110,8,3251.5,14,1,3251.6,68,4,3251.7,50,2,3251.8,54,4
11536,2025-12-30 11:12:24+05:30,3251.5,9,3249.42,392366,108003.0,117206.0,3250.0,3257.0,3239.8,3251.5,42056875,3576.6,2926.4,4322.95,2866.6,3251.5,30,1,3250.6,107,4,3250.5,260,5,3250.4,33,2,3250.2,81,4,3251.6,55,4,3251.8,52,3,3251.9,100,7,3252.0,425,6,3252.1,31,2
11536,2025-12-30 11:12:24+05:30,3251.5,9,3249.42,392366,108003.0,117206.0,3250.0,3257.0,3239.8,3251.5,42056875,3576.6,2926.4,4322.95,2866.6,3251.5,30,1,3250.6,107,4,3250.5,260,5,3250.4,33,2,3250.2,81,4,3251.6,55,4,3251.8,52,3,3251.9,100,7,3252.0,425,6,3252.1,31,2
11536,2025-12-30 11:12:25+05:30,3251.6,1,3249.42,392367,106737.0,116731.0,3250.0,3257.0,3239.8,3251.5,42056875,3576.6,2926.4,4322.95,2866.6,3251.5,165,2,3250.6,112,5,3250.5,146,4,3250.4,33,2,3250.3,103,4,3251.6,44,3,3251.8,23,2,3251.9,6,1,3252.0,54,4,3252.1,31,2
11536,2025-12-30 11:12:25+05:30,3251.6,1,3249.42,392367,106737.0,116731.0,3250.0,3257.0,3239.8,3251.5,42056875,3576.6,2926.4,4322.95,2866.6,3251.5,165,2,3250.6,112,5,3250.5,146,4,3250.4,33,2,3250.3,103,4,3251.6,44,3,3251.8,23,2,3251.9,6,1,3252.0,54,4,3252.1,31,2
11536,2025-12-30 11:12:26+05:30,3251.6,1,3249.42,392367,106932.0,115703.0,3250.0,3257.0,3239.8,3251.5,42056875,3576.6,2926.4,4322.95,2866.6,3251.5,165,2,3250.6,112,5,3250.5,146,4,3250.4,49,3,3250.3,103,4,3251.6,35,4,3251.7,3,1,3251.8,23,2,3251.9,34,3,3252.0,16,2
11536,2025-12-30 11:12:26+05:30,3251.5,10,3249.42,392367,106932.0,115703.0,3250.0,3257.0,3239.8,3251.5,42056875,3576.6,2926.4,4322.95,2866.6,3251.5,165,2,3250.6,112,5,3250.5,146,4,3250.4,49,3,3250.3,103,4,3251.6,35,4,3251.7,3,1,3251.8,23,2,3251.9,34,3,3252.0,16,2
11536,2025-12-30 11:12:27+05:30,3251.5,10,3249.42,392407,106957.0,116983.0,3250.0,3257.0,3239.8,3251.5,42056875,3576.6,2926.4,4322.95,2866.6,3251.5,205,2,3250.9,30,1,3250.8,3,1,3250.7,14,1,3250.6,127,6,3251.6,33,4,3251.9,16,2,3252.0,5,1,3252.2,21,2,3252.3,23,1
11536,2025-12-30 11:12:27+05:30,3251.5,6,3249.42,392407,106957.0,116983.0,3250.0,3257.0,3239.8,3251.5,42056875,3576.6,2926.4,4322.95,2866.6,3251.5,205,2,3250.9,30,1,3250.8,3,1,3250.7,14,1,3250.6,127,6,3251.6,33,4,3251.9,16,2,3252.0,5,1,3252.2,21,2,3252.3,23,1
11536,2025-12-30 11:12:28+05:30,3251.6,1,3249.42,392428,106695.0,117036.0,3250.0,3257.0,3239.8,3251.5,42056875,3576.6,2926.4,4322.95,2866.6,3251.5,190,3,3250.9,2,1,3250.8,3,1,3250.7,14,1,3250.6,82,4,3251.6,42,4,3251.8,15,1,3251.9,21,3,3252.0,78,4,3252.2,63,4
11536,2025-12-30 11:12:28+05:30,3251.6,1,3249.42,392428,106695.0,117036.0,3250.0,3257.0,3239.8,3251.5,42056875,3576.6,2926.4,4322.95,2866.6,3251.5,190,3,3250.9,2,1,3250.8,3,1,3250.7,14,1,3250.6,82,4,3251.6,42,4,3251.8,15,1,3251.9,21,3,3252.0,78,4,3252.2,63,4
11536,2025-12-30 11:12:29+05:30,3251.5,12,3249.42,392440,107226.0,116826.0,3250.0,3257.0,3239.8,3251.5,42056875,3576.6,2926.4,4322.95,2866.6,3251.5,178,3,3250.9,2,1,3250.8,30,1,3250.6,112,5,3250.5,180,6,3251.6,30,3,3251.8,15,1,3251.9,16,2,3252.0,55,3,3252.1,23,1
11536,2025-12-30 11:12:29+05:30,3251.6,1,3249.42,392440,107226.0,116826.0,3250.0,3257.0,3239.8,3251.5,42056875,3576.6,2926.4,4322.95,2866.6,3251.5,178,3,3250.9,2,1,3250.8,30,1,3250.6,112,5,3250.5,180,6,3251.6,30,3,3251.8,15,1,3251.9,16,2,3252.0,55,3,3252.1,23,1
11536,2025-12-30 11:12:30+05:30,3251.5,4,3249.42,392447,107178.0,116736.0,3250.0,3257.0,3239.8,3251.5,42056875,3576.6,2926.4,4322.95,2866.6,3251.5,237,4,3250.9,2,1,3250.8,47,3,3250.6,105,6,3250.5,122,5,3251.6,28,2,3252.0,40,2,3252.2,21,2,3252.3,14,1,3252.4,49,3
11536,2025-12-30 11:12:30+05:30,3251.5,4,3249.42,392447,107178.0,116736.0,3250.0,3257.0,3239.8,3251.5,42056875,3576.6,2926.4,4322.95,2866.6,3251.5,237,4,3250.9,2,1,3250.8,47,3,3250.6,105,6,3250.5,122,5,3251.6,28,2,3252.0,40,2,3252.2,21,2,3252.3,14,1,3252.4,49,3
11536,2025-12-30 11:12:31+05:30,3251.5,4,3249.42,392453,106952.0,116088.0,3250.0,3257.0,3239.8,3251.5,42056875,3576.6,2926.4,4322.95,2866.6,3251.5,233,4,3251.0,14,1,3250.9,29,2,3250.8,44,2,3250.7,23,1,3251.6,27,3,3252.0,40,2,3252.4,51,3,3252.5,63,2,3252.6,139,6
11536,2025-12-30 11:12:31+05:30,3251.6,1,3249.42,392453,106952.0,116088.0,3250.0,3257.0,3239.8,3251.5,42056875,3576.6,2926.4,4322.95,2866.6,3251.5,233,4,3251.0,14,1,3250.9,29,2,3250.8,44,2,3250.7,23,1,3251.6,27,3,3252.0,40,2,3252.4,51,3,3252.5,63,2,3252.6,139,6
11536,2025-12-30 11:12:32+05:30,3251.6,1,3249.42,392454,107512.0,116493.0,3250.0,3257.0,3239.8,3251.5,42056875,3576.6,2926.4,4322.95,2866.6,3251.5,233,4,3251.0,64,3,3250.9,2,1,3250.8,44,2,3250.6,114,7,3251.6,26,3,3252.0,40,2,3252.4,25,2,3252.5,30,1,3252.6,106,5
11536,2025-12-30 11:12:32+05:30,3251.5,2,3249.42,392454,107512.0,116493.0,3250.0,3257.0,3239.8,3251.5,42056875,3576.6,2926.4,4322.95,2866.6,3251.5,233,4,3251.0,64,3,3250.9,2,1,3250.8,44,2,3250.6,114,7,3251.6,26,3,3252.0,40,2,3252.4,25,2,3252.5,30,1,3252.6,106,5
11536,2025-12-30 11:12:33+05:30,3251.5,2,3249.42,392458,107302.0,116283.0,3250.0,3257.0,3239.8,3251.5,42056875,3576.6,2926.4,4322.95,2866.6,3251.5,234,5,3251.0,27,1,3250.9,16,2,3250.8,33,2,3250.7,23,1,3251.6,25,2,3252.0,40,2,3252.3,23,1,3252.4,25,2,3252.5,59,2
11536,2025-12-30 11:12:33+05:30,3251.5,2,3249.42,392458,107302.0,116283.0,3250.0,3257.0,3239.8,3251.5,42056875,3576.6,2926.4,4322.95,2866.6,3251.5,234,5,3251.0,27,1,3250.9,16,2,3250.8,33,2,3250.7,23,1,3251.6,25,2,3252.0,40,2,3252.3,23,1,3252.4,25,2,3252.5,59,2
11536,2025-12-30 11:12:34+05:30,3251.5,2,3249.42,392458,107491.0,116477.0,3250.0,3257.0,3239.8,3251.5,42056875,3576.6,2926.4,4322.95,2866.6,3251.5,234,5,3251.0,27,1,3250.9,2,1,3250.8,33,2,3250.7,23,1,3251.6,25,2,3252.0,40,2,3252.3,37,2,3252.4,11,1,3252.5,59,2
11536,2025-12-30 11:12:35+05:30,3251.6,5,3249.42,392465,107344.0,116398.0,3250.0,3257.0,3239.8,3251.5,42056875,3576.6,2926.4,4322.95,2866.6,3251.5,233,5,3251.2,14,1,3251.0,37,2,3250.9,29,2,3250.8,56,4,3251.6,19,2,3252.0,40,2,3252.2,23,1,3252.3,27,1,3252.4,11,1
11536,2025-12-30 11:12:35+05:30,3251.6,5,3249.42,392465,107344.0,116398.0,3250.0,3257.0,3239.8,3251.5,42056875,3576.6,2926.4,4322.95,2866.6,3251.5,233,5,3251.2,14,1,3251.0,37,2,3250.9,29,2,3250.8,56,4,3251.6,19,2,3252.0,40,2,3252.2,23,1,3252.3,27,1,3252.4,11,1
11536,2025-12-30 11:12:36+05:30,3252.0,35,3249.42,392525,109069.0,114040.0,3250.0,3257.0,3239.8,3251.5,42056875,3576.6,2926.4,4322.95,2866.6,3252.0,120,1,3251.5,233,5,3251.4,22,1,3251.2,21,1,3251.1,28,2,3252.6,38,2,3252.7,16,2,3252.8,64,4,3252.9,82,4,3253.0,80,3
11536,2025-12-30 11:12:36+05:30,3252.0,35,3249.42,392525,109069.0,114040.0,3250.0,3257.0,3239.8,3251.5,42056875,3576.6,2926.4,4322.95,2866.6,3252.0,120,1,3251.5,233,5,3251.4,22,1,3251.2,21,1,3251.1,28,2,3252.6,38,2,3252.7,16,2,3252.8,64,4,3252.9,82,4,3253.0,80,3
11536,2025-12-30 11:12:37+05:30,3252.0,35,3249.42,392525,109262.0,114113.0,3250.0,3257.0,3239.8,3251.5,42056875,3576.6,2926.4,4322.95,2866.6,3252.0,120,1,3251.5,233,5,3251.4,22,1,3251.2,21,1,3251.1,42,3,3252.6,40,3,3252.7,16,2,3252.8,78,5,3252.9,68,3,3253.0,94,4
11536,2025-12-30 11:12:38+05:30,3252.0,5,3249.42,392530,108924.0,113744.0,3250.0,3257.0,3239.8,3251.5,42056875,3576.6,2926.4,4322.95,2866.6,3252.0,238,5,3251.5,233,5,3251.4,35,3,3251.2,48,2,3251.1,6,2,3252.6,385,5,3252.7,57,4,3252.8,45,2,3252.9,12,1,3253.0,62,4
11536,2025-12-30 11:12:38+05:30,3252.0,18,3249.42,392530,108924.0,113744.0,3250.0,3257.0,3239.8,3251.5,42056875,3576.6,2926.4,4322.95,2866.6,3252.0,238,5,3251.5,233,5,3251.4,35,3,3251.2,48,2,3251.1,6,2,3252.6,385,5,3252.7,57,4,3252.8,45,2,3252.9,12,1,3253.0,62,4
11536,2025-12-30 11:12:39+05:30,3252.0,18,3249.42,392548,108392.0,113750.0,3250.0,3257.0,3239.8,3251.5,42056875,3576.6,2926.4,4322.95,2866.6,3252.0,220,5,3251.5,233,5,3251.4,35,3,3251.2,48,2,3251.1,6,2,3252.6,433,9,3252.7,16,2,3252.8,59,3,3252.9,24,2,3253.0,62,4
11536,2025-12-30 11:12:40+05:30,3252.6,1,3249.42,392554,108365.0,113751.0,3250.0,3257.0,3239.8,3251.5,42056875,3576.6,2926.4,4322.95,2866.6,3252.0,215,5,3251.5,233,5,3251.4,13,2,3251.2,48,2,3251.1,6,2,3252.6,462,10,3252.7,16,2,3252.8,59,3,3252.9,24,2,3253.0,62,4
11536,2025-12-30 11:12:40+05:30,3252.0,6,3249.42,392554,108365.0,113751.0,3250.0,3257.0,3239.8,3251.5,42056875,3576.6,2926.4,4322.95,2866.6,3252.0,215,5,3251.5,233,5,3251.4,13,2,3251.2,48,2,3251.1,6,2,3252.6,462,10,3252.7,16,2,3252.8,59,3,3252.9,24,2,3253.0,62,4
11536,2025-12-30 11:12:41+05:30,3252.0,6,3249.42,392561,108401.0,113776.0,3250.0,3257.0,3239.8,3251.5,42056875,3576.6,2926.4,4322.95,2866.6,3252.0,208,5,3251.5,233,5,3251.4,13,2,3251.2,48,2,3251.1,3,1,3252.6,473,11,3252.7,30,3,3252.8,59,3,3252.9,24,2,3253.0,62,4
11536,2025-12-30 11:12:42+05:30,3252.0,1,3249.42,392562,108577.0,113853.0,3250.0,3257.0,3239.8,3251.5,42056875,3576.6,2926.4,4322.95,2866.6,3252.0,401,6,3251.5,233,5,3251.4,13,2,3251.2,48,2,3251.1,3,1,3252.6,440,7,3252.7,29,3,3252.8,61,3,3252.9,44,3,3253.0,84,5
11536,2025-12-30 11:12:42+05:30,3252.6,4,3249.42,392562,108577.0,113853.0,3250.0,3257.0,3239.8,3251.5,42056875,3576.6,2926.4,4322.95,2866.6,3252.0,401,6,3251.5,233,5,3251.4,13,2,3251.2,48,2,3251.1,3,1,3252.6,440,7,3252.7,29,3,3252.8,61,3,3252.9,44,3,3253.0,84,5
11536,2025-12-30 11:12:43+05:30,3252.0,1,3249.42,392570,108573.0,113684.0,3250.0,3257.0,3239.8,3251.5,42056875,3576.6,2926.4,4322.95,2866.6,3252.0,397,6,3251.5,233,5,3251.4,13,2,3251.2,48,2,3251.1,3,1,3252.6,467,9,3252.7,30,3,3252.8,74,4,3252.9,44,3,3253.0,84,5
11536,2025-12-30 11:12:43+05:30,3252.0,1,3249.42,392570,108573.0,113684.0,3250.0,3257.0,3239.8,3251.5,42056875,3576.6,2926.4,4322.95,2866.6,3252.0,397,6,3251.5,233,5,3251.4,13,2,3251.2,48,2,3251.1,3,1,3252.6,467,9,3252.7,30,3,3252.8,74,4,3252.9,44,3,3253.0,84,5
11536,2025-12-30 11:12:44+05:30,3252.6,1,3249.42,392571,108581.0,113863.0,3250.0,3257.0,3239.8,3251.5,42056875,3576.6,2926.4,4322.95,2866.6,3252.0,397,6,3251.5,233,5,3251.4,13,2,3251.2,48,2,3251.1,3,1,3252.6,466,9,3252.7,30,3,3252.8,74,4,3252.9,44,3,3253.0,84,5
11536,2025-12-30 11:12:44+05:30,3252.6,1,3249.42,392571,108581.0,113863.0,3250.0,3257.0,3239.8,3251.5,42056875,3576.6,2926.4,4322.95,2866.6,3252.0,397,6,3251.5,233,5,3251.4,13,2,3251.2,48,2,3251.1,3,1,3252.6,466,9,3252.7,30,3,3252.8,74,4,3252.9,44,3,3253.0,84,5
11536,2025-12-30 11:12:45+05:30,3252.5,1,3249.42,392574,108746.0,114096.0,3250.0,3257.0,3239.8,3251.5,42056875,3576.6,2926.4,4322.95,2866.6,3252.0,395,6,3251.5,233,5,3251.4,13,2,3251.2,48,2,3251.1,3,1,3252.5,398,5,3252.6,66,4,3252.7,6,1,3252.8,74,4,3252.9,44,3
11536,2025-12-30 11:12:45+05:30,3252.5,1,3249.42,392574,108746.0,114096.0,3250.0,3257.0,3239.8,3251.5,42056875,3576.6,2926.4,4322.95,2866.6,3252.0,395,6,3251.5,233,5,3251.4,13,2,3251.2,48,2,3251.1,3,1,3252.5,398,5,3252.6,66,4,3252.7,6,1,3252.8,74,4,3252.9,44,3
11536,2025-12-30 11:12:46+05:30,3252.5,1,3249.42,392575,108769.0,114110.0,3250.0,3257.0,3239.8,3251.5,42056875,3576.6,2926.4,4322.95,2866.6,3252.0,395,6,3251.5,233,5,3251.4,13,2,3251.2,48,2,3251.1,3,1,3252.5,412,7,3252.6,66,4,3252.7,6,1,3252.8,74,4,3252.9,44,3
11536,2025-12-30 11:12:46+05:30,3252.0,1,3249.42,392575,108769.0,114110.0,3250.0,3257.0,3239.8,3251.5,42056875,3576.6,2926.4,4322.95,2866.6,3252.0,395,6,3251.5,233,5,3251.4,13,2,3251.2,48,2,3251.1,3,1,3252.5,412,7,3252.6,66,4,3252.7,6,1,3252.8,74,4,3252.9,44,3
11536,2025-12-30 11:12:47+05:30,3252.0,1,3249.42,392576,107184.0,114391.0,3250.0,3257.0,3239.8,3251.5,42056875,3576.6,2926.4,4322.95,2866.6,3252.0,394,6,3251.5,233,5,3251.4,13,2,3251.2,51,3,3251.1,3,1,3252.5,412,7,3252.6,65,3,3252.7,6,1,3252.8,356,5,3252.9,44,3
11536,2025-12-30 11:12:47+05:30,3252.0,180,3249.42,392576,107184.0,114391.0,3250.0,3257.0,3239.8,3251.5,42056875,3576.6,2926.4,4322.95,2866.6,3252.0,394,6,3251.5,233,5,3251.4,13,2,3251.2,51,3,3251.1,3,1,3252.5,412,7,3252.6,65,3,3252.7,6,1,3252.8,356,5,3252.9,44,3
11536,2025-12-30 11:12:48+05:30,3252.0,69,3249.44,395111,106986.0,116710.0,3250.0,3257.0,3239.8,3251.5,42056875,3576.6,2926.4,4322.95,2866.6,3251.5,233,5,3251.4,13,2,3251.2,3,1,3251.1,3,1,3250.9,30,2,3251.9,112,4,3252.0,437,3,3252.1,50,2,3252.2,57,4,3252.3,57,3
11536,2025-12-30 11:12:48+05:30,3252.0,69,3249.44,395111,106986.0,116710.0,3250.0,3257.0,3239.8,3251.5,42056875,3576.6,2926.4,4322.95,2866.6,3251.5,233,5,3251.4,13,2,3251.2,3,1,3251.1,3,1,3250.9,30,2,3251.9,112,4,3252.0,437,3,3252.1,50,2,3252.2,57,4,3252.3,57,3
11536,2025-12-30 11:12:49+05:30,3251.9,5,3249.44,395716,106316.0,117195.0,3250.0,3257.0,3239.8,3251.5,42056875,3576.6,2926.4,4322.95,2866.6,3251.5,233,5,3251.4,13,2,3251.2,3,1,3251.1,3,1,3250.9,30,2,3251.9,174,8,3252.0,779,4,3252.1,43,2,3252.2,57,4,3252.3,57,3
11536,2025-12-30 11:12:49+05:30,3251.9,5,3249.44,395716,106316.0,117195.0,3250.0,3257.0,3239.8,3251.5,42056875,3576.6,2926.4,4322.95,2866.6,3251.5,233,5,3251.4,13,2,3251.2,3,1,3251.1,3,1,3250.9,30,2,3251.9,174,8,3252.0,779,4,3252.1,43,2,3252.2,57,4,3252.3,57,3
11536,2025-12-30 11:12:50+05:30,3251.5,33,3249.44,395716,106316.0,117195.0,3250.0,3257.0,3239.8,3251.5,42056875,3576.6,2926.4,4322.95,2866.6,3251.5,233,5,3251.4,13,2,3251.2,3,1,3251.1,3,1,3250.9,30,2,3251.9,174,8,3252.0,779,4,3252.1,43,2,3252.2,57,4,3252.3,57,3
11536,2025-12-30 11:12:50+05:30,3251.5,33,3249.44,395912,106200.0,117179.0,3250.0,3257.0,3239.8,3251.5,42056875,3576.6,2926.4,4322.95,2866.6,3251.5,122,4,3251.4,13,2,3251.2,3,1,3251.1,3,1,3250.9,2,1,3251.9,145,10,3252.0,822,5,3252.1,43,2,3252.2,57,4,3252.3,57,3
11536,2025-12-30 11:12:51+05:30,3251.9,1,3249.44,396094,106136.0,117165.0,3250.0,3257.0,3239.8,3251.5,42056875,3576.6,2926.4,4322.95,2866.6,3251.5,36,3,3251.4,13,2,3251.2,3,1,3251.1,3,1,3250.9,2,1,3251.9,131,10,3252.0,822,5,3252.1,43,2,3252.2,57,4,3252.3,57,3
11536,2025-12-30 11:12:51+05:30,3251.9,1,3249.44,396094,106136.0,117165.0,3250.0,3257.0,3239.8,3251.5,42056875,3576.6,2926.4,4322.95,2866.6,3251.5,36,3,3251.4,13,2,3251.2,3,1,3251.1,3,1,3250.9,2,1,3251.9,131,10,3252.0,822,5,3252.1,43,2,3252.2,57,4,3252.3,57,3
11536,2025-12-30 11:12:52+05:30,3251.5,1,3249.44,396095,106035.0,117326.0,3250.0,3257.0,3239.8,3251.5,42056875,3576.6,2926.4,4322.95,2866.6,3251.5,35,3,3251.4,13,2,3251.2,3,1,3251.1,3,1,3250.9,2,1,3251.9,136,10,3252.0,822,5,3252.1,43,2,3252.2,57,4,3252.3,57,3
11536,2025-12-30 11:12:52+05:30,3251.5,1,3249.44,396095,106035.0,117326.0,3250.0,3257.0,3239.8,3251.5,42056875,3576.6,2926.4,4322.95,2866.6,3251.5,35,3,3251.4,13,2,3251.2,3,1,3251.1,3,1,3250.9,2,1,3251.9,136,10,3252.0,822,5,3252.1,43,2,3252.2,57,4,3252.3,57,3
11536,2025-12-30 11:12:53+05:30,3251.5,23,3249.44,396153,106067.0,117323.0,3250.0,3257.0,3239.8,3251.5,42056875,3576.6,2926.4,4322.95,2866.6,3251.5,67,3,3251.4,13,2,3251.2,3,1,3251.1,3,1,3250.9,2,1,3251.9,133,11,3252.0,822,5,3252.1,43,2,3252.2,57,4,3252.3,57,3
11536,2025-12-30 11:12:53+05:30,3251.5,55,3249.44,396153,106067.0,117323.0,3250.0,3257.0,3239.8,3251.5,42056875,3576.6,2926.4,4322.95,2866.6,3251.5,67,3,3251.4,13,2,3251.2,3,1,3251.1,3,1,3250.9,2,1,3251.9,133,11,3252.0,822,5,3252.1,43,2,3252.2,57,4,3252.3,57,3
11536,2025-12-30 11:12:54+05:30,3251.5,55,3249.44,396208,105983.0,117579.0,3250.0,3257.0,3239.8,3251.5,42056875,3576.6,2926.4,4322.95,2866.6,3251.5,12,3,3251.4,13,2,3251.2,3,1,3251.1,3,1,3250.9,2,1,3251.8,57,4,3251.9,74,7,3252.0,883,8,3252.1,16,1,3252.2,57,4
11536,2025-12-30 11:12:55+05:30,3251.5,5,3249.44,396231,106174.0,117359.0,3250.0,3257.0,3239.8,3251.5,42056875,3576.6,2926.4,4322.95,2866.6,3251.5,80,3,3251.4,13,2,3251.2,3,1,3251.1,3,1,3250.9,2,1,3251.8,55,4,3251.9,45,3,3252.0,869,7,3252.1,16,1,3252.2,57,4
11536,2025-12-30 11:12:55+05:30,3251.5,5,3249.44,396231,106174.0,117359.0,3250.0,3257.0,3239.8,3251.5,42056875,3576.6,2926.4,4322.95,2866.6,3251.5,80,3,3251.4,13,2,3251.2,3,1,3251.1,3,1,3250.9,2,1,3251.8,55,4,3251.9,45,3,3252.0,869,7,3252.1,16,1,3252.2,57,4
11536,2025-12-30 11:12:56+05:30,3251.5,16,3249.44,396247,106166.0,117592.0,3250.0,3257.0,3239.8,3251.5,42056875,3576.6,2926.4,4322.95,2866.6,3251.5,64,3,3251.4,13,2,3251.2,3,1,3251.1,3,1,3250.9,2,1,3251.8,82,7,3251.9,59,4,3252.0,886,8,3252.1,298,2,3252.2,57,4
11536,2025-12-30 11:12:56+05:30,3251.5,16,3249.44,396247,106166.0,117592.0,3250.0,3257.0,3239.8,3251.5,42056875,3576.6,2926.4,4322.95,2866.6,3251.5,64,3,3251.4,13,2,3251.2,3,1,3251.1,3,1,3250.9,2,1,3251.8,82,7,3251.9,59,4,3252.0,886,8,3252.1,298,2,3252.2,57,4
11536,2025-12-30 11:12:57+05:30,3251.5,7,3249.44,396247,106166.0,117592.0,3250.0,3257.0,3239.8,3251.5,42056875,3576.6,2926.4,4322.95,2866.6,3251.5,64,3,3251.4,13,2,3251.2,3,1,3251.1,3,1,3250.9,2,1,3251.8,82,7,3251.9,59,4,3252.0,886,8,3252.1,298,2,3252.2,57,4
11536,2025-12-30 11:12:57+05:30,3251.5,7,3249.44,396254,105983.0,117209.0,3250.0,3257.0,3239.8,3251.5,42056875,3576.6,2926.4,4322.95,2866.6,3251.5,57,3,3251.4,13,2,3251.2,3,1,3251.1,3,1,3250.9,2,1,3251.8,54,4,3251.9,45,3,3252.0,869,7,3252.2,57,4,3252.3,57,3
11536,2025-12-30 11:12:58+05:30,3251.5,5,3249.44,396254,105983.0,117209.0,3250.0,3257.0,3239.8,3251.5,42056875,3576.6,2926.4,4322.95,2866.6,3251.5,57,3,3251.4,13,2,3251.2,3,1,3251.1,3,1,3250.9,2,1,3251.8,54,4,3251.9,45,3,3252.0,869,7,3252.2,57,4,3252.3,57,3
11536,2025-12-30 11:12:58+05:30,3251.5,5,3249.44,396445,105972.0,117340.0,3250.0,3257.0,3239.8,3251.5,42056875,3576.6,2926.4,4322.95,2866.6,3251.5,46,3,3251.4,13,2,3251.2,3,1,3251.1,3,1,3250.9,2,1,3251.8,87,7,3251.9,89,5,3252.0,856,7,3252.1,20,1,3252.2,57,4
11536,2025-12-30 11:12:59+05:30,3251.8,2,3249.44,396445,105972.0,117340.0,3250.0,3257.0,3239.8,3251.5,42056875,3576.6,2926.4,4322.95,2866.6,3251.5,46,3,3251.4,13,2,3251.2,3,1,3251.1,3,1,3250.9,2,1,3251.8,87,7,3251.9,89,5,3252.0,856,7,3252.1,20,1,3252.2,57,4
11536,2025-12-30 11:12:59+05:30,3251.5,2,3249.44,396495,105639.0,117155.0,3250.0,3257.0,3239.8,3251.5,42056875,3576.6,2926.4,4322.95,2866.6,3251.5,92,4,3251.4,13,2,3251.2,3,1,3251.1,3,1,3250.9,2,1,3251.8,141,10,3251.9,59,4,3252.0,856,7,3252.1,20,1,3252.2,57,4
11536,2025-12-30 11:13:00+05:30,3251.5,56,3249.44,396495,105639.0,117155.0,3250.0,3257.0,3239.8,3251.5,42056875,3576.6,2926.4,4322.95,2866.6,3251.5,92,4,3251.4,13,2,3251.2,3,1,3251.1,3,1,3250.9,2,1,3251.8,141,10,3251.9,59,4,3252.0,856,7,3252.1,20,1,3252.2,57,4
11536,2025-12-30 11:13:00+05:30,3251.5,56,3249.44,396552,105576.0,117138.0,3250.0,3257.0,3239.8,3251.5,42056875,3576.6,2926.4,4322.95,2866.6,3251.5,35,4,3251.4,13,2,3251.2,3,1,3251.1,3,1,3250.9,2,1,3251.8,124,9,3251.9,59,4,3252.0,856,7,3252.1,20,1,3252.2,57,4
11536,2025-12-30 11:13:01+05:30,3251.8,1,3249.44,396552,105576.0,117138.0,3250.0,3257.0,3239.8,3251.5,42056875,3576.6,2926.4,4322.95,2866.6,3251.5,35,4,3251.4,13,2,3251.2,3,1,3251.1,3,1,3250.9,2,1,3251.8,124,9,3251.9,59,4,3252.0,856,7,3252.1,20,1,3252.2,57,4
11536,2025-12-30 11:13:01+05:30,3251.5,1,3249.44,396569,105731.0,117059.0,3250.0,3257.0,3239.8,3251.5,42056875,3576.6,2926.4,4322.95,2866.6,3251.5,19,4,3251.4,13,2,3251.2,3,1,3251.1,3,1,3250.9,2,1,3251.8,122,8,3251.9,15,2,3252.0,809,5,3252.1,20,1,3252.2,57,4
11536,2025-12-30 11:13:02+05:30,3251.8,10,3249.44,396569,105731.0,117059.0,3250.0,3257.0,3239.8,3251.5,42056875,3576.6,2926.4,4322.95,2866.6,3251.5,19,4,3251.4,13,2,3251.2,3,1,3251.1,3,1,3250.9,2,1,3251.8,122,8,3251.9,15,2,3252.0,809,5,3252.1,20,1,3252.2,57,4
11536,2025-12-30 11:13:02+05:30,3251.8,1,3249.44,396580,105704.0,116971.0,3250.0,3257.0,3239.8,3251.5,42056875,3576.6,2926.4,4322.95,2866.6,3251.5,19,4,3251.4,13,2,3251.2,3,1,3251.1,3,1,3251.0,3,1,3251.8,126,10,3251.9,15,2,3252.0,809,5,3252.1,50,2,3252.2,57,4
11536,2025-12-30 11:13:03+05:30,3252.0,92,3249.44,396580,105704.0,116971.0,3250.0,3257.0,3239.8,3251.5,42056875,3576.6,2926.4,4322.95,2866.6,3251.5,19,4,3251.4,13,2,3251.2,3,1,3251.1,3,1,3251.0,3,1,3251.8,126,10,3251.9,15,2,3252.0,809,5,3252.1,50,2,3252.2,57,4
11536,2025-12-30 11:13:03+05:30,3251.4,9,3249.45,397585,105226.0,115397.0,3250.0,3257.0,3239.8,3251.5,42056875,3576.6,2926.4,4322.95,2866.6,3251.4,3,1,3251.2,3,1,3251.1,3,1,3251.0,3,1,3250.9,2,1,3251.8,49,3,3251.9,65,4,3252.0,391,5,3252.1,50,2,3252.2,89,5
11536,2025-12-30 11:13:04+05:30,3251.4,9,3249.45,397585,105226.0,115397.0,3250.0,3257.0,3239.8,3251.5,42056875,3576.6,2926.4,4322.95,2866.6,3251.4,3,1,3251.2,3,1,3251.1,3,1,3251.0,3,1,3250.9,2,1,3251.8,49,3,3251.9,65,4,3252.0,391,5,3252.1,50,2,3252.2,89,5
11536,2025-12-30 11:13:04+05:30,3251.4,9,3249.45,397585,105426.0,116897.0,3250.0,3257.0,3239.8,3251.5,42056875,3576.6,2926.4,4322.95,2866.6,3251.4,3,1,3251.2,3,1,3251.1,3,1,3251.0,3,1,3250.9,2,1,3251.5,10,1,3251.8,87,4,3251.9,19,2,3252.0,423,6,3252.1,50,2
11536,2025-12-30 11:13:05+05:30,3251.5,1,3249.45,397585,105426.0,116897.0,3250.0,3257.0,3239.8,3251.5,42056875,3576.6,2926.4,4322.95,2866.6,3251.4,3,1,3251.2,3,1,3251.1,3,1,3251.0,3,1,3250.9,2,1,3251.5,10,1,3251.8,87,4,3251.9,19,2,3252.0,423,6,3252.1,50,2
11536,2025-12-30 11:13:05+05:30,3251.5,1,3249.45,397586,106090.0,116666.0,3250.0,3257.0,3239.8,3251.5,42056875,3576.6,2926.4,4322.95,2866.6,3251.4,3,1,3251.2,3,1,3251.1,3,1,3251.0,3,1,3250.9,2,1,3251.5,10,2,3251.7,16,1,3251.8,78,4,3251.9,357,2,3252.0,375,4
11536,2025-12-30 11:13:06+05:30,3251.4,36,3249.45,397586,106090.0,116666.0,3250.0,3257.0,3239.8,3251.5,42056875,3576.6,2926.4,4322.95,2866.6,3251.4,3,1,3251.2,3,1,3251.1,3,1,3251.0,3,1,3250.9,2,1,3251.5,10,2,3251.7,16,1,3251.8,78,4,3251.9,357,2,3252.0,375,4
11536,2025-12-30 11:13:06+05:30,3251.4,36,3249.45,397622,105953.0,116678.0,3250.0,3257.0,3239.8,3251.5,42056875,3576.6,2926.4,4322.95,2866.6,3251.2,3,1,3251.1,3,1,3251.0,3,1,3250.9,2,1,3250.8,20,2,3251.4,31,2,3251.5,10,2,3251.8,43,2,3251.9,372,3,3252.0,393,4
11536,2025-12-30 11:13:07+05:30,3251.2,20,3249.45,397622,105953.0,116678.0,3250.0,3257.0,3239.8,3251.5,42056875,3576.6,2926.4,4322.95,2866.6,3251.2,3,1,3251.1,3,1,3251.0,3,1,3250.9,2,1,3250.8,20,2,3251.4,31,2,3251.5,10,2,3251.8,43,2,3251.9,372,3,3252.0,393,4
11536,2025-12-30 11:13:07+05:30,3251.1,23,3249.45,397666,105070.0,117834.0,3250.0,3257.0,3239.8,3251.5,42056875,3576.6,2926.4,4322.95,2866.6,3251.0,3,1,3250.9,2,1,3250.8,4,1,3250.6,14,2,3250.5,93,3,3251.1,14,2,3251.4,16,3,3251.5,19,2,3251.6,408,4,3251.7,32,1
11536,2025-12-30 11:13:08+05:30,3251.0,10,3249.45,397666,105070.0,117834.0,3250.0,3257.0,3239.8,3251.5,42056875,3576.6,2926.4,4322.95,2866.6,3251.0,3,1,3250.9,2,1,3250.8,4,1,3250.6,14,2,3250.5,93,3,3251.1,14,2,3251.4,16,3,3251.5,19,2,3251.6,408,4,3251.7,32,1
11536,2025-12-30 11:13:08+05:30,3251.0,10,3249.45,397676,105338.0,117638.0,3250.0,3257.0,3239.8,3251.5,42056875,3576.6,2926.4,4322.95,2866.6,3251.0,47,2,3250.9,2,1,3250.8,4,1,3250.6,14,2,3250.5,93,3,3251.1,16,4,3251.4,17,2,3251.5,19,2,3251.6,381,3,3251.7,27,1
11536,2025-12-30 11:13:09+05:30,3251.0,4,3249.45,397676,105338.0,117638.0,3250.0,3257.0,3239.8,3251.5,42056875,3576.6,2926.4,4322.95,2866.6,3251.0,47,2,3250.9,2,1,3250.8,4,1,3250.6,14,2,3250.5,93,3,3251.1,16,4,3251.4,17,2,3251.5,19,2,3251.6,381,3,3251.7,27,1
11536,2025-12-30 11:13:09+05:30,3251.0,8,3249.45,397731,104503.0,117624.0,3250.0,3257.0,3239.8,3251.5,42056875,3576.6,2926.4,4322.95,2866.6,3250.9,2,1,3250.8,4,1,3250.6,14,2,3250.5,93,3,3250.4,57,3,3251.0,29,2,3251.1,2,2,3251.2,16,1,3251.4,16,1,3251.5,36,2
11536,2025-12-30 11:13:10+05:30,3250.9,3,3249.45,397731,104503.0,117624.0,3250.0,3257.0,3239.8,3251.5,42056875,3576.6,2926.4,4322.95,2866.6,3250.9,2,1,3250.8,4,1,3250.6,14,2,3250.5,93,3,3250.4,57,3,3251.0,29,2,3251.1,2,2,3251.2,16,1,3251.4,16,1,3251.5,36,2
11536,2025-12-30 11:13:10+05:30,3250.9,3,3249.45,397741,105147.0,114973.0,3250.0,3257.0,3239.8,3251.5,42056875,3576.6,2926.4,4322.95,2866.6,3250.9,2,1,3250.8,4,1,3250.6,14,2,3250.5,93,3,3250.4,27,2,3251.0,46,5,3251.4,27,1,3251.5,41,2,3251.6,15,1,3251.7,381,2
11536,2025-12-30 11:13:11+05:30,3250.9,3,3249.45,397741,105338.0,118146.0,3250.0,3257.0,3239.8,3251.5,42056875,3576.6,2926.4,4322.95,2866.6,3250.9,2,1,3250.8,4,1,3250.6,14,2,3250.5,93,3,3250.4,27,2,3251.0,47,6,3251.4,27,1,3251.5,41,2,3251.6,17,1,3251.7,381,2
11536,2025-12-30 11:13:12+05:30,3250.9,2,3249.45,397741,105338.0,118146.0,3250.0,3257.0,3239.8,3251.5,42056875,3576.6,2926.4,4322.95,2866.6,3250.9,2,1,3250.8,4,1,3250.6,14,2,3250.5,93,3,3250.4,27,2,3251.0,47,6,3251.4,27,1,3251.5,41,2,3251.6,17,1,3251.7,381,2
11536,2025-12-30 11:13:12+05:30,3250.9,2,3249.45,397763,105200.0,117986.0,3250.0,3257.0,3239.8,3251.5,42056875,3576.6,2926.4,4322.95,2866.6,3250.8,2,1,3250.6,14,2,3250.5,93,3,3250.4,36,3,3250.2,70,4,3250.9,27,4,3251.0,15,2,3251.4,60,2,3251.5,10,2,3251.6,17,1
11536,2025-12-30 11:13:13+05:30,3250.8,1,3249.45,397763,105200.0,117986.0,3250.0,3257.0,3239.8,3251.5,42056875,3576.6,2926.4,4322.95,2866.6,3250.8,2,1,3250.6,14,2,3250.5,93,3,3250.4,36,3,3250.2,70,4,3250.9,27,4,3251.0,15,2,3251.4,60,2,3251.5,10,2,3251.6,17,1
11536,2025-12-30 11:13:13+05:30,3250.8,1,3249.45,397765,104988.0,118482.0,3250.0,3257.0,3239.8,3251.5,42056875,3576.6,2926.4,4322.95,2866.6,3250.8,4,1,3250.6,14,2,3250.5,93,3,3250.4,11,1,3250.2,5,1,3250.9,42,6,3251.3,27,1,3251.4,33,1,3251.5,377,4,3251.6,76,2
11536,2025-12-30 11:13:14+05:30,3250.6,4,3249.45,397765,104988.0,118482.0,3250.0,3257.0,3239.8,3251.5,42056875,3576.6,2926.4,4322.95,2866.6,3250.8,4,1,3250.6,14,2,3250.5,93,3,3250.4,11,1,3250.2,5,1,3250.9,42,6,3251.3,27,1,3251.4,33,1,3251.5,377,4,3251.6,76,2
11536,2025-12-30 11:13:14+05:30,3250.6,4,3249.45,397785,104257.0,118257.0,3250.0,3257.0,3239.8,3251.5,42056875,3576.6,2926.4,4322.95,2866.6,3250.6,9,1,3250.5,93,3,3250.4,11,1,3250.2,35,2,3250.1,35,2,3250.8,13,5,3250.9,19,3,3251.2,27,1,3251.3,33,1,3251.4,15,1
11536,2025-12-30 11:13:15+05:30,3251.0,4,3249.45,397785,104257.0,118257.0,3250.0,3257.0,3239.8,3251.5,42056875,3576.6,2926.4,4322.95,2866.6,3250.6,9,1,3250.5,93,3,3250.4,11,1,3250.2,35,2,3250.1,35,2,3250.8,13,5,3250.9,19,3,3251.2,27,1,3251.3,33,1,3251.4,15,1
11536,2025-12-30 11:13:15+05:30,3253.0,126,3249.49,403450,106240.0,110761.0,3250.0,3257.0,3239.8,3251.5,42056875,3576.6,2926.4,4322.95,2866.6,3251.6,93,4,3251.5,12,1,3251.4,65,4,3251.3,68,3,3251.2,141,5,3252.8,44,2,3252.9,18,1,3253.1,23,1,3253.2,24,1,3253.3,27,2
11536,2025-12-30 11:13:16+05:30,3252.0,2,3249.49,403450,106240.0,110761.0,3250.0,3257.0,3239.8,3251.5,42056875,3576.6,2926.4,4322.95,2866.6,3251.6,93,4,3251.5,12,1,3251.4,65,4,3251.3,68,3,3251.2,141,5,3252.8,44,2,3252.9,18,1,3253.1,23,1,3253.2,24,1,3253.3,27,2
11536,2025-12-30 11:13:16+05:30,3252.0,2,3249.49,403731,106723.0,112813.0,3250.0,3257.0,3239.8,3251.5,42056875,3576.6,2926.4,4322.95,2866.6,3251.6,82,4,3251.5,36,2,3251.4,36,2,3251.3,22,2,3251.2,159,7,3252.0,78,2,3252.8,191,3,3252.9,18,1,3253.1,22,2,3253.2,45,2
11536,2025-12-30 11:13:17+05:30,3252.8,1323,3249.49,403731,106723.0,112813.0,3250.0,3257.0,3239.8,3251.5,42056875,3576.6,2926.4,4322.95,2866.6,3251.6,82,4,3251.5,36,2,3251.4,36,2,3251.3,22,2,3251.2,159,7,3252.0,78,2,3252.8,191,3,3252.9,18,1,3253.1,22,2,3253.2,45,2
11536,2025-12-30 11:13:17+05:30,3251.7,21,3249.51,405491,107322.0,113160.0,3250.0,3257.0,3239.8,3251.5,42056875,3576.6,2926.4,4322.95,2866.6,3251.6,54,3,3251.5,52,4,3251.4,85,5,3251.3,17,3,3251.2,127,8,3251.7,42,1,3252.0,225,2,3252.8,21,1,3253.0,22,1,3253.1,15,1
11536,2025-12-30 11:13:18+05:30,3251.5,6,3249.51,405491,107322.0,113160.0,3250.0,3257.0,3239.8,3251.5,42056875,3576.6,2926.4,4322.95,2866.6,3251.6,54,3,3251.5,52,4,3251.4,85,5,3251.3,17,3,3251.2,127,8,3251.7,42,1,3252.0,225,2,3252.8,21,1,3253.0,22,1,3253.1,15,1
11536,2025-12-30 11:13:18+05:30,3251.5,6,3249.51,405702,107382.0,115999.0,3250.0,3257.0,3239.8,3251.5,42056875,3576.6,2926.4,4322.95,2866.6,3251.5,4,1,3251.4,88,4,3251.3,5,2,3251.2,67,4,3251.1,62,3,3251.6,46,2,3251.7,45,2,3252.0,225,2,3252.8,36,2,3253.0,67,3
11536,2025-12-30 11:13:19+05:30,3251.5,4,3249.51,405702,107382.0,115999.0,3250.0,3257.0,3239.8,3251.5,42056875,3576.6,2926.4,4322.95,2866.6,3251.5,4,1,3251.4,88,4,3251.3,5,2,3251.2,67,4,3251.1,62,3,3251.6,46,2,3251.7,45,2,3252.0,225,2,3252.8,36,2,3253.0,67,3
11536,2025-12-30 11:13:19+05:30,3251.5,4,3249.51,405721,107775.0,115984.0,3250.0,3257.0,3239.8,3251.5,42056875,3576.6,2926.4,4322.95,2866.6,3251.4,1,1,3251.3,32,3,3251.2,59,3,3251.1,62,3,3251.0,205,6,3251.5,88,2,3251.6,47,3,3251.7,3,1,3252.0,175,1,3252.6,21,1
11536,2025-12-30 11:13:20+05:30,3251.3,7,3249.51,405721,107775.0,115984.0,3250.0,3257.0,3239.8,3251.5,42056875,3576.6,2926.4,4322.95,2866.6,3251.4,1,1,3251.3,32,3,3251.2,59,3,3251.1,62,3,3251.0,205,6,3251.5,88,2,3251.6,47,3,3251.7,3,1,3252.0,175,1,3252.6,21,1
11536,2025-12-30 11:13:20+05:30,3251.3,7,3249.51,405777,107457.0,116078.0,3250.0,3257.0,3239.8,3251.5,42056875,3576.6,2926.4,4322.95,2866.6,3251.3,2,1,3251.2,42,2,3251.1,62,3,3251.0,205,6,3250.9,65,3,3251.4,42,3,3251.5,89,3,3251.6,1,1,3251.9,68,1,3252.0,175,1
11536,2025-12-30 11:13:21+05:30,3251.1,27,3249.51,405777,107457.0,116078.0,3250.0,3257.0,3239.8,3251.5,42056875,3576.6,2926.4,4322.95,2866.6,3251.3,2,1,3251.2,42,2,3251.1,62,3,3251.0,205,6,3250.9,65,3,3251.4,42,3,3251.5,89,3,3251.6,1,1,3251.9,68,1,3252.0,175,1
11536,2025-12-30 11:13:21+05:30,3251.1,27,3249.51,405828,106745.0,116062.0,3250.0,3257.0,3239.8,3251.5,42056875,3576.6,2926.4,4322.95,2866.6,3251.0,174,4,3250.9,30,1,3250.8,61,4,3250.7,31,3,3250.6,116,6,3251.1,50,1,3251.3,2,2,3251.4,44,4,3251.5,43,2,3251.9,68,1
11536,2025-12-30 11:13:22+05:30,3251.1,5,3249.51,405828,106745.0,116062.0,3250.0,3257.0,3239.8,3251.5,42056875,3576.6,2926.4,4322.95,2866.6,3251.0,174,4,3250.9,30,1,3250.8,61,4,3250.7,31,3,3250.6,116,6,3251.1,50,1,3251.3,2,2,3251.4,44,4,3251.5,43,2,3251.9,68,1
11536,2025-12-30 11:13:22+05:30,3251.1,5,3249.51,406082,106676.0,115992.0,3250.0,3257.0,3239.8,3251.5,42056875,3576.6,2926.4,4322.95,2866.6,3251.0,90,2,3250.9,27,1,3250.8,31,2,3250.7,58,4,3250.6,116,6,3251.1,97,4,3251.3,2,2,3251.4,2,1,3251.9,68,1,3252.0,175,1
11536,2025-12-30 11:13:23+05:30,3251.0,2,3249.51,406082,106676.0,115992.0,3250.0,3257.0,3239.8,3251.5,42056875,3576.6,2926.4,4322.95,2866.6,3251.0,90,2,3250.9,27,1,3250.8,31,2,3250.7,58,4,3250.6,116,6,3251.1,97,4,3251.3,2,2,3251.4,2,1,3251.9,68,1,3252.0,175,1
11536,2025-12-30 11:13:23+05:30,3251.0,14,3249.51,406614,106783.0,116171.0,3250.0,3257.0,3239.8,3251.5,42056875,3576.6,2926.4,4322.95,2866.6,3251.0,183,3,3250.8,16,1,3250.7,50,4,3250.6,32,2,3250.5,113,4,3251.1,24,4,3251.9,68,1,3252.0,175,1,3252.2,15,1,3252.3,35,2
11536,2025-12-30 11:13:24+05:30,3251.0,75,3249.51,406614,106783.0,116171.0,3250.0,3257.0,3239.8,3251.5,42056875,3576.6,2926.4,4322.95,2866.6,3251.0,183,3,3250.8,16,1,3250.7,50,4,3250.6,32,2,3250.5,113,4,3251.1,24,4,3251.9,68,1,3252.0,175,1,3252.2,15,1,3252.3,35,2
11536,2025-12-30 11:13:24+05:30,3251.0,1,3249.51,406690,106779.0,115780.0,3250.0,3257.0,3239.8,3251.5,42056875,3576.6,2926.4,4322.95,2866.6,3251.0,159,4,3250.9,27,1,3250.8,43,2,3250.7,23,3,3250.6,32,2,3251.1,20,4,3251.9,68,1,3252.0,175,1,3252.2,15,1,3252.3,35,2
11536,2025-12-30 11:13:25+05:30,3251.0,34,3249.51,406690,106779.0,115780.0,3250.0,3257.0,3239.8,3251.5,42056875,3576.6,2926.4,4322.95,2866.6,3251.0,159,4,3250.9,27,1,3250.8,43,2,3250.7,23,3,3250.6,32,2,3251.1,20,4,3251.9,68,1,3252.0,175,1,3252.2,15,1,3252.3,35,2
11536,2025-12-30 11:13:25+05:30,3251.0,34,3249.51,406833,106965.0,115924.0,3250.0,3257.0,3239.8,3251.5,42056875,3576.6,2926.4,4322.95,2866.6,3251.0,234,4,3250.9,27,1,3250.8,93,5,3250.7,89,6,3250.6,117,5,3251.1,6,3,3251.9,68,1,3252.0,175,1,3252.2,15,1,3252.3,18,1
11536,2025-12-30 11:13:26+05:30,3251.0,22,3249.51,406833,106965.0,115924.0,3250.0,3257.0,3239.8,3251.5,42056875,3576.6,2926.4,4322.95,2866.6,3251.0,234,4,3250.9,27,1,3250.8,93,5,3250.7,89,6,3250.6,117,5,3251.1,6,3,3251.9,68,1,3252.0,175,1,3252.2,15,1,3252.3,18,1
11536,2025-12-30 11:13:26+05:30,3251.0,22,3249.51,406873,106960.0,115754.0,3250.0,3257.0,3239.8,3251.5,42056875,3576.6,2926.4,4322.95,2866.6,3251.0,194,3,3250.9,41,2,3250.8,93,5,3250.7,89,6,3250.6,92,5,3251.1,6,3,3251.9,68,1,3252.0,175,1,3252.2,15,1,3252.3,18,1
11536,2025-12-30 11:13:27+05:30,3251.0,1,3249.51,406873,106960.0,115754.0,3250.0,3257.0,3239.8,3251.5,42056875,3576.6,2926.4,4322.95,2866.6,3251.0,194,3,3250.9,41,2,3250.8,93,5,3250.7,89,6,3250.6,92,5,3251.1,6,3,3251.9,68,1,3252.0,175,1,3252.2,15,1,3252.3,18,1
11536,2025-12-30 11:13:27+05:30,3251.0,1,3249.51,406876,107005.0,115754.0,3250.0,3257.0,3239.8,3251.5,42056875,3576.6,2926.4,4322.95,2866.6,3251.0,239,4,3250.9,41,2,3250.8,93,5,3250.7,89,6,3250.6,138,6,3251.1,6,3,3251.9,68,1,3252.0,175,1,3252.2,15,1,3252.3,18,1
11536,2025-12-30 11:13:28+05:30,3251.0,5,3249.51,406876,107005.0,115754.0,3250.0,3257.0,3239.8,3251.5,42056875,3576.6,2926.4,4322.95,2866.6,3251.0,239,4,3250.9,41,2,3250.8,93,5,3250.7,89,6,3250.6,138,6,3251.1,6,3,3251.9,68,1,3252.0,175,1,3252.2,15,1,3252.3,18,1
11536,2025-12-30 11:13:28+05:30,3251.0,5,3249.51,406994,106594.0,116311.0,3250.0,3257.0,3239.8,3251.5,42056875,3576.6,2926.4,4322.95,2866.6,3251.0,118,3,3250.9,41,2,3250.8,53,3,3250.7,84,6,3250.6,92,5,3251.1,6,3,3251.9,68,1,3252.0,175,1,3252.2,15,1,3252.3,18,1
11536,2025-12-30 11:13:29+05:30,3251.1,1,3249.51,406994,106594.0,116311.0,3250.0,3257.0,3239.8,3251.5,42056875,3576.6,2926.4,4322.95,2866.6,3251.0,118,3,3250.9,41,2,3250.8,53,3,3250.7,84,6,3250.6,92,5,3251.1,6,3,3251.9,68,1,3252.0,175,1,3252.2,15,1,3252.3,18,1
11536,2025-12-30 11:13:29+05:30,3251.1,1,3249.51,407002,106633.0,115939.0,3250.0,3257.0,3239.8,3251.5,42056875,3576.6,2926.4,4322.95,2866.6,3251.0,135,4,3250.8,90,4,3250.7,57,5,3250.6,124,6,3250.5,159,5,3251.1,6,3,3251.9,68,1,3252.0,176,2,3252.2,15,1,3252.3,18,1
11536,2025-12-30 11:13:30+05:30,3251.0,34,3249.51,407002,106633.0,115939.0,3250.0,3257.0,3239.8,3251.5,42056875,3576.6,2926.4,4322.95,2866.6,3251.0,135,4,3250.8,90,4,3250.7,57,5,3250.6,124,6,3250.5,159,5,3251.1,6,3,3251.9,68,1,3252.0,176,2,3252.2,15,1,3252.3,18,1
11536,2025-12-30 11:13:30+05:30,3251.0,34,3249.51,407036,106612.0,115839.0,3250.0,3257.0,3239.8,3251.5,42056875,3576.6,2926.4,4322.95,2866.6,3251.0,124,5,3250.9,41,2,3250.8,77,4,3250.7,57,5,3250.6,124,6,3251.1,4,3,3251.9,68,1,3252.0,176,2,3252.2,15,1,3252.3,18,1
11536,2025-12-30 11:13:31+05:30,3251.1,1,3249.51,407036,106612.0,115839.0,3250.0,3257.0,3239.8,3251.5,42056875,3576.6,2926.4,4322.95,2866.6,3251.0,124,5,3250.9,41,2,3250.8,77,4,3250.7,57,5,3250.6,124,6,3251.1,4,3,3251.9,68,1,3252.0,176,2,3252.2,15,1,3252.3,18,1
11536,2025-12-30 11:13:31+05:30,3251.1,1,3249.51,407040,106617.0,115837.0,3250.0,3257.0,3239.8,3251.5,42056875,3576.6,2926.4,4322.95,2866.6,3251.0,121,5,3250.9,41,2,3250.8,77,4,3250.7,57,5,3250.6,124,6,3251.1,2,2,3251.9,68,1,3252.0,176,2,3252.2,15,1,3252.3,18,1
11536,2025-12-30 11:13:32+05:30,3251.0,10,3249.51,407040,106617.0,115837.0,3250.0,3257.0,3239.8,3251.5,42056875,3576.6,2926.4,4322.95,2866.6,3251.0,121,5,3250.9,41,2,3250.8,77,4,3250.7,57,5,3250.6,124,6,3251.1,2,2,3251.9,68,1,3252.0,176,2,3252.2,15,1,3252.3,18,1
11536,2025-12-30 11:13:32+05:30,3251.0,1,3249.51,407051,106469.0,114849.0,3250.0,3257.0,3239.8,3251.5,42056875,3576.6,2926.4,4322.95,2866.6,3251.0,167,7,3250.9,29,2,3250.8,97,6,3250.7,74,5,3250.6,92,5,3251.1,16,3,3251.9,68,1,3252.0,176,2,3252.3,18,1,3252.4,37,2
11536,2025-12-30 11:13:33+05:30,3251.0,1,3249.51,407051,106469.0,114849.0,3250.0,3257.0,3239.8,3251.5,42056875,3576.6,2926.4,4322.95,2866.6,3251.0,167,7,3250.9,29,2,3250.8,97,6,3250.7,74,5,3250.6,92,5,3251.1,16,3,3251.9,68,1,3252.0,176,2,3252.3,18,1,3252.4,37,2
11536,2025-12-30 11:13:33+05:30,3251.0,1,3249.51,407052,106487.0,114848.0,3250.0,3257.0,3239.8,3251.5,42056875,3576.6,2926.4,4322.95,2866.6,3251.0,185,9,3250.9,61,3,3250.8,97,6,3250.7,42,4,3250.6,92,5,3251.1,15,2,3251.9,68,1,3252.0,176,2,3252.3,18,1,3252.4,37,2
11536,2025-12-30 11:13:34+05:30,3251.0,3,3249.51,407055,106926.0,115059.0,3250.0,3257.0,3239.8,3251.5,42056875,3576.6,2926.4,4322.95,2866.6,3251.0,89,5,3250.9,15,1,3250.8,23,2,3250.7,66,5,3250.6,58,3,3251.1,14,1,3251.8,4,1,3251.9,68,1,3252.0,176,2,3252.1,3,1
11536,2025-12-30 11:13:35+05:30,3251.1,4,3249.51,407055,106926.0,115059.0,3250.0,3257.0,3239.8,3251.5,42056875,3576.6,2926.4,4322.95,2866.6,3251.0,89,5,3250.9,15,1,3250.8,23,2,3250.7,66,5,3250.6,58,3,3251.1,14,1,3251.8,4,1,3251.9,68,1,3252.0,176,2,3252.1,3,1
11536,2025-12-30 11:13:36+05:30,3251.1,4,3249.51,407060,106660.0,116665.0,3250.0,3257.0,3239.8,3251.5,42056875,3576.6,2926.4,4322.95,2866.6,3251.0,91,6,3250.9,15,1,3250.8,29,2,3250.7,36,3,3250.6,28,2,3251.1,11,3,3251.8,4,1,3251.9,68,1,3252.0,351,2,3252.1,48,3
11536,2025-12-30 11:13:36+05:30,3251.1,1,3249.51,407060,106660.0,116665.0,3250.0,3257.0,3239.8,3251.5,42056875,3576.6,2926.4,4322.95,2866.6,3251.0,91,6,3250.9,15,1,3250.8,29,2,3250.7,36,3,3250.6,28,2,3251.1,11,3,3251.8,4,1,3251.9,68,1,3252.0,351,2,3252.1,48,3
11536,2025-12-30 11:13:36+05:30,3251.1,1,3249.51,407061,107002.0,116537.0,3250.0,3257.0,3239.8,3251.5,42056875,3576.6,2926.4,4322.95,2866.6,3251.0,91,6,3250.9,15,1,3250.8,29,2,3250.7,30,2,3250.6,58,3,3251.1,11,4,3251.8,4,1,3251.9,68,1,3252.0,351,2,3252.1,48,3
11536,2025-12-30 11:13:37+05:30,3251.1,1,3249.51,407061,107002.0,116537.0,3250.0,3257.0,3239.8,3251.5,42056875,3576.6,2926.4,4322.95,2866.6,3251.0,91,6,3250.9,15,1,3250.8,29,2,3250.7,30,2,3250.6,58,3,3251.1,11,4,3251.8,4,1,3251.9,68,1,3252.0,351,2,3252.1,48,3
11536,2025-12-30 11:13:37+05:30,3251.0,9,3249.51,407073,107256.0,116662.0,3250.0,3257.0,3239.8,3251.5,42056875,3576.6,2926.4,4322.95,2866.6,3251.0,260,6,3250.9,42,2,3250.8,35,2,3250.7,11,1,3250.6,87,4,3251.1,8,2,3251.8,4,1,3251.9,68,1,3252.0,351,2,3252.1,48,3
11536,2025-12-30 11:13:38+05:30,3251.0,1,3249.51,407073,107256.0,116662.0,3250.0,3257.0,3239.8,3251.5,42056875,3576.6,2926.4,4322.95,2866.6,3251.0,260,6,3250.9,42,2,3250.8,35,2,3250.7,11,1,3250.6,87,4,3251.1,8,2,3251.8,4,1,3251.9,68,1,3252.0,351,2,3252.1,48,3
11536,2025-12-30 11:13:39+05:30,3251.0,1,3249.51,407074,107223.0,116664.0,3250.0,3257.0,3239.8,3251.5,42056875,3576.6,2926.4,4322.95,2866.6,3251.0,259,6,3250.9,42,2,3250.8,35,2,3250.7,11,1,3250.6,87,4,3251.1,8,2,3251.8,4,1,3251.9,68,1,3252.0,351,2,3252.1,48,3
11536,2025-12-30 11:13:39+05:30,3252.0,78,3249.51,407074,107223.0,116664.0,3250.0,3257.0,3239.8,3251.5,42056875,3576.6,2926.4,4322.95,2866.6,3251.0,259,6,3250.9,42,2,3250.8,35,2,3250.7,11,1,3250.6,87,4,3251.1,8,2,3251.8,4,1,3251.9,68,1,3252.0,351,2,3252.1,48,3
11536,2025-12-30 11:13:40+05:30,3252.0,78,3249.51,407447,106656.0,115758.0,3250.0,3257.0,3239.8,3251.5,42056875,3576.6,2926.4,4322.95,2866.6,3251.1,3,1,3251.0,259,6,3250.9,15,1,3250.8,5,1,3250.7,11,1,3252.0,373,6,3252.1,10,1,3252.2,33,2,3252.3,30,1,3252.4,36,2
11536,2025-12-30 11:13:40+05:30,3251.0,1,3249.51,407447,106656.0,115758.0,3250.0,3257.0,3239.8,3251.5,42056875,3576.6,2926.4,4322.95,2866.6,3251.1,3,1,3251.0,259,6,3250.9,15,1,3250.8,5,1,3250.7,11,1,3252.0,373,6,3252.1,10,1,3252.2,33,2,3252.3,30,1,3252.4,36,2
11536,2025-12-30 11:13:41+05:30,3251.0,1,3249.51,407451,106345.0,117196.0,3250.0,3257.0,3239.8,3251.5,42056875,3576.6,2926.4,4322.95,2866.6,3251.0,258,6,3250.9,15,1,3250.8,5,1,3250.7,11,1,3250.6,8,1,3251.1,29,2,3251.9,45,2,3252.0,303,3,3252.1,27,1,3252.2,58,4
11536,2025-12-30 11:13:41+05:30,3251.1,1,3249.51,407451,106345.0,117196.0,3250.0,3257.0,3239.8,3251.5,42056875,3576.6,2926.4,4322.95,2866.6,3251.0,258,6,3250.9,15,1,3250.8,5,1,3250.7,11,1,3250.6,8,1,3251.1,29,2,3251.9,45,2,3252.0,303,3,3252.1,27,1,3252.2,58,4
11536,2025-12-30 11:13:42+05:30,3251.0,1,3249.51,407565,106856.0,115699.0,3250.0,3257.0,3239.8,3251.5,42056875,3576.6,2926.4,4322.95,2866.6,3251.0,164,3,3250.9,15,1,3250.8,5,1,3250.7,11,1,3250.6,8,1,3251.1,31,2,3251.6,18,1,3251.7,27,1,3251.8,20,2,3251.9,57,3
11536,2025-12-30 11:13:42+05:30,3251.1,3,3249.51,407565,106856.0,115699.0,3250.0,3257.0,3239.8,3251.5,42056875,3576.6,2926.4,4322.95,2866.6,3251.0,164,3,3250.9,15,1,3250.8,5,1,3250.7,11,1,3250.6,8,1,3251.1,31,2,3251.6,18,1,3251.7,27,1,3251.8,20,2,3251.9,57,3
11536,2025-12-30 11:13:43+05:30,3251.0,1,3249.51,407569,106845.0,117201.0,3250.0,3257.0,3239.8,3251.5,42056875,3576.6,2926.4,4322.95,2866.6,3251.0,163,3,3250.9,15,1,3250.8,5,1,3250.7,11,1,3250.6,23,2,3251.1,30,4,3251.7,299,2,3251.8,50,3,3251.9,28,2,3252.0,49,2
11536,2025-12-30 11:13:43+05:30,3251.0,1,3249.51,407569,106845.0,117201.0,3250.0,3257.0,3239.8,3251.5,42056875,3576.6,2926.4,4322.95,2866.6,3251.0,163,3,3250.9,15,1,3250.8,5,1,3250.7,11,1,3250.6,23,2,3251.1,30,4,3251.7,299,2,3251.8,50,3,3251.9,28,2,3252.0,49,2
11536,2025-12-30 11:13:44+05:30,3251.0,34,3249.51,407603,106811.0,117059.0,3250.0,3257.0,3239.8,3251.5,42056875,3576.6,2926.4,4322.95,2866.6,3251.0,129,3,3250.9,15,1,3250.8,5,1,3250.7,11,1,3250.6,23,2,3251.1,27,4,3251.7,272,1,3252.1,62,3,3252.2,21,1,3252.3,48,2
11536,2025-12-30 11:13:44+05:30,3251.0,1,3249.51,407603,106811.0,117059.0,3250.0,3257.0,3239.8,3251.5,42056875,3576.6,2926.4,4322.95,2866.6,3251.0,129,3,3250.9,15,1,3250.8,5,1,3250.7,11,1,3250.6,23,2,3251.1,27,4,3251.7,272,1,3252.1,62,3,3252.2,21,1,3252.3,48,2
11536,2025-12-30 11:13:45+05:30,3251.0,1,3249.51,407606,106986.0,117024.0,3250.0,3257.0,3239.8,3251.5,42056875,3576.6,2926.4,4322.95,2866.6,3251.0,127,3,3250.9,15,1,3250.8,5,1,3250.7,35,2,3250.6,23,2,3251.1,26,4,3252.0,272,1,3252.1,62,3,3252.2,21,1,3252.3,48,2
11536,2025-12-30 11:13:45+05:30,3251.0,1,3249.51,407606,106986.0,117024.0,3250.0,3257.0,3239.8,3251.5,42056875,3576.6,2926.4,4322.95,2866.6,3251.0,127,3,3250.9,15,1,3250.8,5,1,3250.7,35,2,3250.6,23,2,3251.1,26,4,3252.0,272,1,3252.1,62,3,3252.2,21,1,3252.3,48,2
11536,2025-12-30 11:13:46+05:30,3251.0,1,3249.51,407606,106986.0,117024.0,3250.0,3257.0,3239.8,3251.5,42056875,3576.6,2926.4,4322.95,2866.6,3251.0,127,3,3250.9,15,1,3250.8,5,1,3250.7,35,2,3250.6,23,2,3251.1,26,4,3252.0,272,1,3252.1,62,3,3252.2,21,1,3252.3,48,2
11536,2025-12-30 11:13:46+05:30,3251.0,3,3249.51,407609,107117.0,117019.0,3250.0,3257.0,3239.8,3251.5,42056875,3576.6,2926.4,4322.95,2866.6,3251.0,124,3,3250.9,42,2,3250.8,5,1,3250.7,11,1,3250.6,45,3,3251.1,25,3,3252.0,272,1,3252.1,62,3,3252.2,21,1,3252.3,48,2
11536,2025-12-30 11:13:46+05:30,3251.0,10,3249.51,407609,107117.0,117019.0,3250.0,3257.0,3239.8,3251.5,42056875,3576.6,2926.4,4322.95,2866.6,3251.0,124,3,3250.9,42,2,3250.8,5,1,3250.7,11,1,3250.6,45,3,3251.1,25,3,3252.0,272,1,3252.1,62,3,3252.2,21,1,3252.3,48,2
11536,2025-12-30 11:13:47+05:30,3251.0,1,3249.51,407624,107038.0,116961.0,3250.0,3257.0,3239.8,3251.5,42056875,3576.6,2926.4,4322.95,2866.6,3251.0,135,4,3250.9,15,1,3250.8,59,3,3250.7,57,3,3250.6,80,5,3251.1,22,4,3252.0,272,1,3252.1,15,1,3252.2,21,1,3252.3,48,2
11536,2025-12-30 11:13:47+05:30,3251.0,1,3249.51,407624,107038.0,116961.0,3250.0,3257.0,3239.8,3251.5,42056875,3576.6,2926.4,4322.95,2866.6,3251.0,135,4,3250.9,15,1,3250.8,59,3,3250.7,57,3,3250.6,80,5,3251.1,22,4,3252.0,272,1,3252.1,15,1,3252.2,21,1,3252.3,48,2
11536,2025-12-30 11:13:47+05:30,3251.1,1,3249.51,407624,107038.0,116961.0,3250.0,3257.0,3239.8,3251.5,42056875,3576.6,2926.4,4322.95,2866.6,3251.0,135,4,3250.9,15,1,3250.8,59,3,3250.7,57,3,3250.6,80,5,3251.1,22,4,3252.0,272,1,3252.1,15,1,3252.2,21,1,3252.3,48,2
11536,2025-12-30 11:13:48+05:30,3251.0,1,3249.51,407654,107285.0,116965.0,3250.0,3257.0,3239.8,3251.5,42056875,3576.6,2926.4,4322.95,2866.6,3251.0,159,5,3250.9,15,1,3250.8,59,3,3250.7,38,2,3250.6,60,4,3251.1,22,5,3252.0,272,1,3252.1,15,1,3252.2,21,1,3252.3,48,2
11536,2025-12-30 11:13:48+05:30,3251.0,1,3249.51,407654,107285.0,116965.0,3250.0,3257.0,3239.8,3251.5,42056875,3576.6,2926.4,4322.95,2866.6,3251.0,159,5,3250.9,15,1,3250.8,59,3,3250.7,38,2,3250.6,60,4,3251.1,22,5,3252.0,272,1,3252.1,15,1,3252.2,21,1,3252.3,48,2
11536,2025-12-30 11:13:48+05:30,3251.0,3,3249.51,407654,107285.0,116965.0,3250.0,3257.0,3239.8,3251.5,42056875,3576.6,2926.4,4322.95,2866.6,3251.0,159,5,3250.9,15,1,3250.8,59,3,3250.7,38,2,3250.6,60,4,3251.1,22,5,3252.0,272,1,3252.1,15,1,3252.2,21,1,3252.3,48,2
11536,2025-12-30 11:13:49+05:30,3251.0,1,3249.51,407658,106448.0,117233.0,3250.0,3257.0,3239.8,3251.5,42056875,3576.6,2926.4,4322.95,2866.6,3251.0,133,4,3250.9,15,1,3250.8,5,1,3250.7,11,1,3250.6,23,2,3251.1,21,4,3251.7,299,2,3251.8,94,4,3251.9,16,1,3252.0,33,2
11536,2025-12-30 11:13:49+05:30,3251.0,1,3249.51,407658,106448.0,117233.0,3250.0,3257.0,3239.8,3251.5,42056875,3576.6,2926.4,4322.95,2866.6,3251.0,133,4,3250.9,15,1,3250.8,5,1,3250.7,11,1,3250.6,23,2,3251.1,21,4,3251.7,299,2,3251.8,94,4,3251.9,16,1,3252.0,33,2
11536,2025-12-30 11:13:49+05:30,3251.0,3,3249.51,407658,106448.0,117233.0,3250.0,3257.0,3239.8,3251.5,42056875,3576.6,2926.4,4322.95,2866.6,3251.0,133,4,3250.9,15,1,3250.8,5,1,3250.7,11,1,3250.6,23,2,3251.1,21,4,3251.7,299,2,3251.8,94,4,3251.9,16,1,3252.0,33,2
11536,2025-12-30 11:13:50+05:30,3251.0,3,3249.51,407658,106448.0,117233.0,3250.0,3257.0,3239.8,3251.5,42056875,3576.6,2926.4,4322.95,2866.6,3251.0,133,4,3250.9,15,1,3250.8,5,1,3250.7,11,1,3250.6,23,2,3251.1,21,4,3251.7,299,2,3251.8,94,4,3251.9,16,1,3252.0,33,2
11536,2025-12-30 11:13:50+05:30,3251.0,9,3249.51,407670,106274.0,116009.0,3250.0,3257.0,3239.8,3251.5,42056875,3576.6,2926.4,4322.95,2866.6,3251.0,121,4,3250.9,15,1,3250.8,5,1,3250.7,11,1,3250.6,23,2,3251.1,20,3,3251.2,3,1,3251.4,17,1,3251.5,7,1,3251.6,45,2
11536,2025-12-30 11:13:50+05:30,3251.0,9,3249.51,407670,106274.0,116009.0,3250.0,3257.0,3239.8,3251.5,42056875,3576.6,2926.4,4322.95,2866.6,3251.0,121,4,3250.9,15,1,3250.8,5,1,3250.7,11,1,3250.6,23,2,3251.1,20,3,3251.2,3,1,3251.4,17,1,3251.5,7,1,3251.6,45,2
11536,2025-12-30 11:13:50+05:30,3251.0,9,3249.51,407670,106274.0,116009.0,3250.0,3257.0,3239.8,3251.5,42056875,3576.6,2926.4,4322.95,2866.6,3251.0,121,4,3250.9,15,1,3250.8,5,1,3250.7,11,1,3250.6,23,2,3251.1,20,3,3251.2,3,1,3251.4,17,1,3251.5,7,1,3251.6,45,2
11536,2025-12-30 11:13:51+05:30,3251.0,1,3249.51,407721,105749.0,117500.0,3250.0,3257.0,3239.8,3251.5,42056875,3576.6,2926.4,4322.95,2866.6,3251.0,250,4,3250.9,15,1,3250.8,5,1,3250.7,11,1,3250.6,23,2,3251.1,22,4,3251.2,18,1,3251.3,4,1,3251.4,70,4,3251.5,59,3
11536,2025-12-30 11:13:51+05:30,3251.0,1,3249.51,407721,105749.0,117500.0,3250.0,3257.0,3239.8,3251.5,42056875,3576.6,2926.4,4322.95,2866.6,3251.0,250,4,3250.9,15,1,3250.8,5,1,3250.7,11,1,3250.6,23,2,3251.1,22,4,3251.2,18,1,3251.3,4,1,3251.4,70,4,3251.5,59,3
11536,2025-12-30 11:13:51+05:30,3251.0,1,3249.51,407721,105749.0,117500.0,3250.0,3257.0,3239.8,3251.5,42056875,3576.6,2926.4,4322.95,2866.6,3251.0,250,4,3250.9,15,1,3250.8,5,1,3250.7,11,1,3250.6,23,2,3251.1,22,4,3251.2,18,1,3251.3,4,1,3251.4,70,4,3251.5,59,3
11536,2025-12-30 11:13:52+05:30,3251.0,3,3249.51,407776,105515.0,117950.0,3250.0,3257.0,3239.8,3251.5,42056875,3576.6,2926.4,4322.95,2866.6,3251.0,214,4,3250.9,15,1,3250.8,5,1,3250.7,11,1,3250.6,23,2,3251.1,37,4,3251.2,18,2,3251.3,28,1,3251.4,306,3,3251.5,89,4
11536,2025-12-30 11:13:52+05:30,3251.0,3,3249.51,407776,105515.0,117950.0,3250.0,3257.0,3239.8,3251.5,42056875,3576.6,2926.4,4322.95,2866.6,3251.0,214,4,3250.9,15,1,3250.8,5,1,3250.7,11,1,3250.6,23,2,3251.1,37,4,3251.2,18,2,3251.3,28,1,3251.4,306,3,3251.5,89,4
11536,2025-12-30 11:13:52+05:30,3251.0,3,3249.51,407776,105515.0,117950.0,3250.0,3257.0,3239.8,3251.5,42056875,3576.6,2926.4,4322.95,2866.6,3251.0,214,4,3250.9,15,1,3250.8,5,1,3250.7,11,1,3250.6,23,2,3251.1,37,4,3251.2,18,2,3251.3,28,1,3251.4,306,3,3251.5,89,4
11536,2025-12-30 11:13:53+05:30,3251.0,15,3249.51,407791,105845.0,118140.0,3250.0,3257.0,3239.8,3251.5,42056875,3576.6,2926.4,4322.95,2866.6,3251.0,199,3,3250.9,15,1,3250.8,5,1,3250.7,11,1,3250.6,23,2,3251.1,22,4,3251.4,291,2,3251.5,56,3,3251.6,85,4,3251.7,24,2
11536,2025-12-30 11:13:53+05:30,3251.0,15,3249.51,407791,105845.0,118140.0,3250.0,3257.0,3239.8,3251.5,42056875,3576.6,2926.4,4322.95,2866.6,3251.0,199,3,3250.9,15,1,3250.8,5,1,3250.7,11,1,3250.6,23,2,3251.1,22,4,3251.4,291,2,3251.5,56,3,3251.6,85,4,3251.7,24,2
11536,2025-12-30 11:13:53+05:30,3251.0,15,3249.51,407791,105845.0,118140.0,3250.0,3257.0,3239.8,3251.5,42056875,3576.6,2926.4,4322.95,2866.6,3251.0,199,3,3250.9,15,1,3250.8,5,1,3250.7,11,1,3250.6,23,2,3251.1,22,4,3251.4,291,2,3251.5,56,3,3251.6,85,4,3251.7,24,2
11536,2025-12-30 11:13:54+05:30,3251.0,15,3249.51,407791,105845.0,118140.0,3250.0,3257.0,3239.8,3251.5,42056875,3576.6,2926.4,4322.95,2866.6,3251.0,199,3,3250.9,15,1,3250.8,5,1,3250.7,11,1,3250.6,23,2,3251.1,22,4,3251.4,291,2,3251.5,56,3,3251.6,85,4,3251.7,24,2
11536,2025-12-30 11:13:54+05:30,3251.0,1,3249.51,407808,106287.0,117984.0,3250.0,3257.0,3239.8,3251.5,42056875,3576.6,2926.4,4322.95,2866.6,3251.0,231,4,3250.9,15,1,3250.8,5,1,3250.7,11,1,3250.6,23,2,3251.1,34,4,3251.7,52,3,3251.8,288,2,3251.9,114,5,3252.0,50,3
11536,2025-12-30 11:13:54+05:30,3251.0,1,3249.51,407808,106287.0,117984.0,3250.0,3257.0,3239.8,3251.5,42056875,3576.6,2926.4,4322.95,2866.6,3251.0,231,4,3250.9,15,1,3250.8,5,1,3250.7,11,1,3250.6,23,2,3251.1,34,4,3251.7,52,3,3251.8,288,2,3251.9,114,5,3252.0,50,3
11536,2025-12-30 11:13:54+05:30,3251.0,1,3249.51,407808,106287.0,117984.0,3250.0,3257.0,3239.8,3251.5,42056875,3576.6,2926.4,4322.95,2866.6,3251.0,231,4,3250.9,15,1,3250.8,5,1,3250.7,11,1,3250.6,23,2,3251.1,34,4,3251.7,52,3,3251.8,288,2,3251.9,114,5,3252.0,50,3
11536,2025-12-30 11:13:55+05:30,3251.0,4,3249.51,407813,106266.0,117970.0,3250.0,3257.0,3239.8,3251.5,42056875,3576.6,2926.4,4322.95,2866.6,3251.0,227,4,3250.9,15,1,3250.8,5,1,3250.7,11,1,3250.6,23,2,3251.1,33,4,3251.6,28,1,3251.7,57,3,3251.8,288,2,3251.9,81,4
11536,2025-12-30 11:13:55+05:30,3251.0,4,3249.51,407813,106266.0,117970.0,3250.0,3257.0,3239.8,3251.5,42056875,3576.6,2926.4,4322.95,2866.6,3251.0,227,4,3250.9,15,1,3250.8,5,1,3250.7,11,1,3250.6,23,2,3251.1,33,4,3251.6,28,1,3251.7,57,3,3251.8,288,2,3251.9,81,4
11536,2025-12-30 11:13:56+05:30,3251.0,4,3249.51,407813,106266.0,117970.0,3250.0,3257.0,3239.8,3251.5,42056875,3576.6,2926.4,4322.95,2866.6,3251.0,227,4,3250.9,15,1,3250.8,5,1,3250.7,11,1,3250.6,23,2,3251.1,33,4,3251.6,28,1,3251.7,57,3,3251.8,288,2,3251.9,81,4
11536,2025-12-30 11:13:56+05:30,3251.0,5,3249.51,407818,106205.0,118005.0,3250.0,3257.0,3239.8,3251.5,42056875,3576.6,2926.4,4322.95,2866.6,3251.0,222,4,3250.9,15,1,3250.8,5,1,3250.7,11,1,3250.6,23,2,3251.1,33,4,3251.5,18,1,3251.6,61,2,3251.7,39,3,3251.8,307,3
11536,2025-12-30 11:13:56+05:30,3251.0,5,3249.51,407818,106205.0,118005.0,3250.0,3257.0,3239.8,3251.5,42056875,3576.6,2926.4,4322.95,2866.6,3251.0,222,4,3250.9,15,1,3250.8,5,1,3250.7,11,1,3250.6,23,2,3251.1,33,4,3251.5,18,1,3251.6,61,2,3251.7,39,3,3251.8,307,3
11536,2025-12-30 11:13:57+05:30,3251.0,1,3249.52,407820,106232.0,118005.0,3250.0,3257.0,3239.8,3251.5,42056875,3576.6,2926.4,4322.95,2866.6,3251.0,220,4,3250.9,15,1,3250.8,5,1,3250.7,11,1,3250.6,23,2,3251.1,33,4,3251.5,18,1,3251.6,61,2,3251.7,39,3,3251.8,307,3
11536,2025-12-30 11:13:57+05:30,3251.0,1,3249.52,407820,106232.0,118005.0,3250.0,3257.0,3239.8,3251.5,42056875,3576.6,2926.4,4322.95,2866.6,3251.0,220,4,3250.9,15,1,3250.8,5,1,3250.7,11,1,3250.6,23,2,3251.1,33,4,3251.5,18,1,3251.6,61,2,3251.7,39,3,3251.8,307,3
11536,2025-12-30 11:13:57+05:30,3251.0,1,3249.52,407820,106232.0,118005.0,3250.0,3257.0,3239.8,3251.5,42056875,3576.6,2926.4,4322.95,2866.6,3251.0,220,4,3250.9,15,1,3250.8,5,1,3250.7,11,1,3250.6,23,2,3251.1,33,4,3251.5,18,1,3251.6,61,2,3251.7,39,3,3251.8,307,3
11536,2025-12-30 11:13:58+05:30,3251.0,1,3249.52,407833,105883.0,118166.0,3250.0,3257.0,3239.8,3251.5,42056875,3576.6,2926.4,4322.95,2866.6,3251.0,278,5,3250.9,15,1,3250.8,5,1,3250.7,11,1,3250.6,23,2,3251.1,33,4,3251.2,18,1,3251.4,52,3,3251.5,312,3,3251.6,54,3
11536,2025-12-30 11:13:58+05:30,3251.1,1,3249.52,407833,105883.0,118166.0,3250.0,3257.0,3239.8,3251.5,42056875,3576.6,2926.4,4322.95,2866.6,3251.0,278,5,3250.9,15,1,3250.8,5,1,3250.7,11,1,3250.6,23,2,3251.1,33,4,3251.2,18,1,3251.4,52,3,3251.5,312,3,3251.6,54,3
11536,2025-12-30 11:13:59+05:30,3251.1,1,3249.52,407833,105883.0,118166.0,3250.0,3257.0,3239.8,3251.5,42056875,3576.6,2926.4,4322.95,2866.6,3251.0,278,5,3250.9,15,1,3250.8,5,1,3250.7,11,1,3250.6,23,2,3251.1,33,4,3251.2,18,1,3251.4,52,3,3251.5,312,3,3251.6,54,3
11536,2025-12-30 11:13:59+05:30,3251.0,1,3249.52,407835,105690.0,118065.0,3250.0,3257.0,3239.8,3251.5,42056875,3576.6,2926.4,4322.95,2866.6,3251.0,277,5,3250.9,15,1,3250.8,5,1,3250.7,11,1,3250.6,23,2,3251.1,48,5,3251.4,52,3,3251.5,312,3,3251.6,54,3,3251.7,24,2
11536,2025-12-30 11:13:59+05:30,3251.0,1,3249.52,407835,105690.0,118065.0,3250.0,3257.0,3239.8,3251.5,42056875,3576.6,2926.4,4322.95,2866.6,3251.0,277,5,3250.9,15,1,3250.8,5,1,3250.7,11,1,3250.6,23,2,3251.1,48,5,3251.4,52,3,3251.5,312,3,3251.6,54,3,3251.7,24,2
11536,2025-12-30 11:14:00+05:30,3251.0,3,3249.52,407838,105677.0,118062.0,3250.0,3257.0,3239.8,3251.5,42056875,3576.6,2926.4,4322.95,2866.6,3251.0,274,5,3250.9,15,1,3250.8,5,1,3250.7,11,1,3250.6,23,2,3251.1,32,4,3251.4,46,2,3251.5,312,3,3251.6,49,2,3251.7,24,2
11536,2025-12-30 11:14:00+05:30,3251.0,1,3249.52,407838,105677.0,118062.0,3250.0,3257.0,3239.8,3251.5,42056875,3576.6,2926.4,4322.95,2866.6,3251.0,274,5,3250.9,15,1,3250.8,5,1,3250.7,11,1,3250.6,23,2,3251.1,32,4,3251.4,46,2,3251.5,312,3,3251.6,49,2,3251.7,24,2
11536,2025-12-30 11:14:00+05:30,3251.0,1,3249.52,407838,105677.0,118062.0,3250.0,3257.0,3239.8,3251.5,42056875,3576.6,2926.4,4322.95,2866.6,3251.0,274,5,3250.9,15,1,3250.8,5,1,3250.7,11,1,3250.6,23,2,3251.1,32,4,3251.4,46,2,3251.5,312,3,3251.6,49,2,3251.7,24,2
11536,2025-12-30 11:14:01+05:30,3251.0,9,3249.52,407885,105643.0,116792.0,3250.0,3257.0,3239.8,3251.5,42056875,3576.6,2926.4,4322.95,2866.6,3251.0,240,6,3250.9,15,1,3250.8,5,1,3250.7,11,1,3250.6,23,2,3251.1,20,4,3251.4,46,2,3251.5,329,4,3251.6,82,4,3251.7,24,2
11536,2025-12-30 11:14:01+05:30,3251.0,9,3249.52,407885,105643.0,116792.0,3250.0,3257.0,3239.8,3251.5,42056875,3576.6,2926.4,4322.95,2866.6,3251.0,240,6,3250.9,15,1,3250.8,5,1,3250.7,11,1,3250.6,23,2,3251.1,20,4,3251.4,46,2,3251.5,329,4,3251.6,82,4,3251.7,24,2
11536,2025-12-30 11:14:02+05:30,3251.0,9,3249.52,407885,105643.0,116792.0,3250.0,3257.0,3239.8,3251.5,42056875,3576.6,2926.4,4322.95,2866.6,3251.0,240,6,3250.9,15,1,3250.8,5,1,3250.7,11,1,3250.6,23,2,3251.1,20,4,3251.4,46,2,3251.5,329,4,3251.6,82,4,3251.7,24,2
11536,2025-12-30 11:14:02+05:30,3251.0,1,3249.52,407886,105620.0,118209.0,3250.0,3257.0,3239.8,3251.5,42056875,3576.6,2926.4,4322.95,2866.6,3251.0,239,6,3250.9,15,1,3250.8,5,1,3250.7,11,1,3250.6,23,2,3251.1,21,4,3251.3,19,2,3251.4,46,2,3251.5,329,4,3251.6,82,4
11536,2025-12-30 11:14:02+05:30,3251.0,1,3249.52,407886,105620.0,118209.0,3250.0,3257.0,3239.8,3251.5,42056875,3576.6,2926.4,4322.95,2866.6,3251.0,239,6,3250.9,15,1,3250.8,5,1,3250.7,11,1,3250.6,23,2,3251.1,21,4,3251.3,19,2,3251.4,46,2,3251.5,329,4,3251.6,82,4
11536,2025-12-30 11:14:03+05:30,3251.0,1,3249.52,407887,105619.0,118199.0,3250.0,3257.0,3239.8,3251.5,42056875,3576.6,2926.4,4322.95,2866.6,3251.0,238,6,3250.9,15,1,3250.8,5,1,3250.7,11,1,3250.6,23,2,3251.1,21,4,3251.3,22,2,3251.4,28,1,3251.5,329,4,3251.6,82,4
11536,2025-12-30 11:14:03+05:30,3251.0,1,3249.52,407887,105619.0,118199.0,3250.0,3257.0,3239.8,3251.5,42114625,3576.6,2926.4,4322.95,2866.6,3251.0,238,6,3250.9,15,1,3250.8,5,1,3250.7,11,1,3250.6,23,2,3251.1,21,4,3251.3,22,2,3251.4,28,1,3251.5,329,4,3251.6,82,4
11536,2025-12-30 11:14:03+05:30,3251.0,13,3249.52,407887,105619.0,118199.0,3250.0,3257.0,3239.8,3251.5,42114625,3576.6,2926.4,4322.95,2866.6,3251.0,238,6,3250.9,15,1,3250.8,5,1,3250.7,11,1,3250.6,23,2,3251.1,21,4,3251.3,22,2,3251.4,28,1,3251.5,329,4,3251.6,82,4
11536,2025-12-30 11:14:04+05:30,3251.0,1,3249.52,407901,105662.0,118179.0,3250.0,3257.0,3239.8,3251.5,42114625,3576.6,2926.4,4322.95,2866.6,3251.0,224,6,3250.9,69,2,3250.8,5,1,3250.7,11,1,3250.6,23,2,3251.1,34,4,3251.4,37,2,3251.5,329,4,3251.6,82,4,3251.7,24,2
11536,2025-12-30 11:14:04+05:30,3251.0,1,3249.52,407901,105662.0,118179.0,3250.0,3257.0,3239.8,3251.5,42114625,3576.6,2926.4,4322.95,2866.6,3251.0,224,6,3250.9,69,2,3250.8,5,1,3250.7,11,1,3250.6,23,2,3251.1,34,4,3251.4,37,2,3251.5,329,4,3251.6,82,4,3251.7,24,2
11536,2025-12-30 11:14:05+05:30,3251.1,1,3249.52,407902,105662.0,118138.0,3250.0,3257.0,3239.8,3251.5,42114625,3576.6,2926.4,4322.95,2866.6,3251.0,224,6,3250.9,69,2,3250.8,5,1,3250.7,11,1,3250.6,23,2,3251.1,18,3,3251.2,18,1,3251.4,37,2,3251.5,329,4,3251.6,82,4
11536,2025-12-30 11:14:05+05:30,3251.0,4,3249.52,407902,105662.0,118138.0,3250.0,3257.0,3239.8,3251.5,42114625,3576.6,2926.4,4322.95,2866.6,3251.0,224,6,3250.9,69,2,3250.8,5,1,3250.7,11,1,3250.6,23,2,3251.1,18,3,3251.2,18,1,3251.4,37,2,3251.5,329,4,3251.6,82,4
11536,2025-12-30 11:14:05+05:30,3251.0,4,3249.52,407902,105662.0,118138.0,3250.0,3257.0,3239.8,3251.5,42114625,3576.6,2926.4,4322.95,2866.6,3251.0,224,6,3250.9,69,2,3250.8,5,1,3250.7,11,1,3250.6,23,2,3251.1,18,3,3251.2,18,1,3251.4,37,2,3251.5,329,4,3251.6,82,4
11536,2025-12-30 11:14:06+05:30,3251.0,4,3249.52,407906,105666.0,118177.0,3250.0,3257.0,3239.8,3251.5,42114625,3576.6,2926.4,4322.95,2866.6,3251.0,220,6,3250.9,69,2,3250.8,5,1,3250.7,11,1,3250.6,23,2,3251.1,18,3,3251.5,289,2,3251.6,67,3,3251.7,52,3,3251.8,68,3
11536,2025-12-30 11:14:07+05:30,3251.1,2,3249.52,407925,105338.0,118344.0,3250.0,3257.0,3239.8,3251.5,42114625,3576.6,2926.4,4322.95,2866.6,3251.1,25,1,3251.0,225,7,3250.9,69,2,3250.8,5,1,3250.7,11,1,3251.5,272,1,3251.6,61,3,3251.7,10,1,3251.8,332,4,3251.9,125,5
11536,2025-12-30 11:14:07+05:30,3251.5,1,3249.52,407925,105338.0,118344.0,3250.0,3257.0,3239.8,3251.5,42114625,3576.6,2926.4,4322.95,2866.6,3251.1,25,1,3251.0,225,7,3250.9,69,2,3250.8,5,1,3250.7,11,1,3251.5,272,1,3251.6,61,3,3251.7,10,1,3251.8,332,4,3251.9,125,5
11536,2025-12-30 11:14:08+05:30,3251.1,5,3249.52,407931,105039.0,118643.0,3250.0,3257.0,3239.8,3251.5,42114625,3576.6,2926.4,4322.95,2866.6,3251.1,149,3,3251.0,145,6,3250.9,69,2,3250.8,5,1,3250.7,11,1,3251.5,297,5,3251.6,43,2,3251.7,10,1,3251.8,365,5,3251.9,92,4
11536,2025-12-30 11:14:08+05:30,3251.1,5,3249.52,407931,105039.0,118643.0,3250.0,3257.0,3239.8,3251.5,42114625,3576.6,2926.4,4322.95,2866.6,3251.1,149,3,3251.0,145,6,3250.9,69,2,3250.8,5,1,3250.7,11,1,3251.5,297,5,3251.6,43,2,3251.7,10,1,3251.8,365,5,3251.9,92,4
11536,2025-12-30 11:14:09+05:30,3251.5,119,3249.52,408050,105044.0,118354.0,3250.0,3257.0,3239.8,3251.5,42114625,3576.6,2926.4,4322.95,2866.6,3251.1,149,3,3251.0,145,6,3250.9,69,2,3250.8,5,1,3250.7,11,1,3251.5,155,4,3251.8,15,1,3251.9,59,3,3252.0,43,2,3252.1,80,4
11536,2025-12-30 11:14:09+05:30,3251.1,5,3249.52,408050,105044.0,118354.0,3250.0,3257.0,3239.8,3251.5,42114625,3576.6,2926.4,4322.95,2866.6,3251.1,149,3,3251.0,145,6,3250.9,69,2,3250.8,5,1,3250.7,11,1,3251.5,155,4,3251.8,15,1,3251.9,59,3,3252.0,43,2,3252.1,80,4
11536,2025-12-30 11:14:10+05:30,3251.1,1,3249.52,408057,105038.0,118453.0,3250.0,3257.0,3239.8,3251.5,42114625,3576.6,2926.4,4322.95,2866.6,3251.1,143,3,3251.0,145,6,3250.9,69,2,3250.8,5,1,3250.7,11,1,3251.5,172,5,3251.7,46,2,3251.8,15,1,3251.9,93,4,3252.0,33,2
11536,2025-12-30 11:14:10+05:30,3251.1,1,3249.52,408057,105038.0,118453.0,3250.0,3257.0,3239.8,3251.5,42114625,3576.6,2926.4,4322.95,2866.6,3251.1,143,3,3251.0,145,6,3250.9,69,2,3250.8,5,1,3250.7,11,1,3251.5,172,5,3251.7,46,2,3251.8,15,1,3251.9,93,4,3252.0,33,2
11536,2025-12-30 11:14:11+05:30,3251.1,1,3249.52,408058,105028.0,118426.0,3250.0,3257.0,3239.8,3251.5,42114625,3576.6,2926.4,4322.95,2866.6,3251.1,142,3,3251.0,145,6,3250.9,69,2,3250.8,5,1,3250.7,11,1,3251.5,157,4,3251.6,15,1,3251.7,46,2,3251.8,15,1,3251.9,93,4
11536,2025-12-30 11:14:11+05:30,3251.1,1,3249.52,408058,105028.0,118426.0,3250.0,3257.0,3239.8,3251.5,42114625,3576.6,2926.4,4322.95,2866.6,3251.1,142,3,3251.0,145,6,3250.9,69,2,3250.8,5,1,3250.7,11,1,3251.5,157,4,3251.6,15,1,3251.7,46,2,3251.8,15,1,3251.9,93,4
11536,2025-12-30 11:14:12+05:30,3251.5,2,3249.52,408099,105010.0,118849.0,3250.0,3257.0,3239.8,3251.5,42114625,3576.6,2926.4,4322.95,2866.6,3251.1,103,2,3251.0,145,6,3250.9,69,2,3250.8,5,1,3250.7,11,1,3251.5,502,8,3251.7,57,3,3251.8,51,3,3251.9,59,3,3252.0,33,2
11536,2025-12-30 11:14:12+05:30,3251.5,2,3249.52,408099,105010.0,118849.0,3250.0,3257.0,3239.8,3251.5,42114625,3576.6,2926.4,4322.95,2866.6,3251.1,103,2,3251.0,145,6,3250.9,69,2,3250.8,5,1,3250.7,11,1,3251.5,502,8,3251.7,57,3,3251.8,51,3,3251.9,59,3,3252.0,33,2
11536,2025-12-30 11:14:13+05:30,3251.1,1,3249.52,408100,104964.0,118429.0,3250.0,3257.0,3239.8,3251.5,42114625,3576.6,2926.4,4322.95,2866.6,3251.1,102,2,3251.0,145,6,3250.9,69,2,3250.8,5,1,3250.7,11,1,3251.5,187,6,3251.7,57,3,3251.8,79,4,3251.9,70,4,3252.0,33,2
11536,2025-12-30 11:14:13+05:30,3251.1,11,3249.52,408100,104964.0,118429.0,3250.0,3257.0,3239.8,3251.5,42114625,3576.6,2926.4,4322.95,2866.6,3251.1,102,2,3251.0,145,6,3250.9,69,2,3250.8,5,1,3250.7,11,1,3251.5,187,6,3251.7,57,3,3251.8,79,4,3251.9,70,4,3252.0,33,2
11536,2025-12-30 11:14:14+05:30,3251.1,1,3249.52,408126,106302.0,117929.0,3250.0,3257.0,3239.8,3251.5,42114625,3576.6,2926.4,4322.95,2866.6,3251.1,76,1,3251.0,145,6,3250.9,69,2,3250.8,5,1,3250.7,11,1,3251.5,2,2,3251.7,28,1,3251.8,324,1,3251.9,13,1,3252.0,15,1
11536,2025-12-30 11:14:14+05:30,3251.1,1,3249.52,408126,106302.0,117929.0,3250.0,3257.0,3239.8,3251.5,42114625,3576.6,2926.4,4322.95,2866.6,3251.1,76,1,3251.0,145,6,3250.9,69,2,3250.8,5,1,3250.7,11,1,3251.5,2,2,3251.7,28,1,3251.8,324,1,3251.9,13,1,3252.0,15,1
11536,2025-12-30 11:14:15+05:30,3251.5,1,3249.52,408128,106302.0,118109.0,3250.0,3257.0,3239.8,3251.5,42114625,3576.6,2926.4,4322.95,2866.6,3251.1,75,1,3251.0,145,6,3250.9,69,2,3250.8,5,1,3250.7,39,2,3251.5,2,2,3251.8,324,1,3251.9,13,1,3252.1,42,2,3252.2,64,3
11536,2025-12-30 11:14:15+05:30,3251.5,1,3249.52,408128,106302.0,118109.0,3250.0,3257.0,3239.8,3251.5,42114625,3576.6,2926.4,4322.95,2866.6,3251.1,75,1,3251.0,145,6,3250.9,69,2,3250.8,5,1,3250.7,39,2,3251.5,2,2,3251.8,324,1,3251.9,13,1,3252.1,42,2,3252.2,64,3
11536,2025-12-30 11:14:16+05:30,3251.6,1,3249.52,408148,105834.0,117791.0,3250.0,3257.0,3239.8,3251.5,42114625,3576.6,2926.4,4322.95,2866.6,3251.1,75,1,3251.0,145,6,3250.9,69,2,3250.8,5,1,3250.7,11,1,3251.9,376,5,3252.0,44,2,3252.1,14,1,3252.2,57,3,3252.3,48,2
11536,2025-12-30 11:14:16+05:30,3251.6,1,3249.52,408148,105834.0,117791.0,3250.0,3257.0,3239.8,3251.5,42114625,3576.6,2926.4,4322.95,2866.6,3251.1,75,1,3251.0,145,6,3250.9,69,2,3250.8,5,1,3250.7,11,1,3251.9,376,5,3252.0,44,2,3252.1,14,1,3252.2,57,3,3252.3,48,2
11536,2025-12-30 11:14:17+05:30,3251.6,1,3249.52,408148,105660.0,116863.0,3250.0,3257.0,3239.8,3251.5,42114625,3576.6,2926.4,4322.95,2866.6,3251.1,75,1,3251.0,145,6,3250.9,69,2,3250.8,5,1,3250.7,11,1,3251.7,18,1,3251.8,33,2,3251.9,344,4,3252.0,78,4,3252.1,48,2
11536,2025-12-30 11:14:17+05:30,3251.0,6,3249.52,408148,105660.0,116863.0,3250.0,3257.0,3239.8,3251.5,42114625,3576.6,2926.4,4322.95,2866.6,3251.1,75,1,3251.0,145,6,3250.9,69,2,3250.8,5,1,3250.7,11,1,3251.7,18,1,3251.8,33,2,3251.9,344,4,3252.0,78,4,3252.1,48,2
11536,2025-12-30 11:14:18+05:30,3251.0,16,3249.52,408264,105730.0,118546.0,3250.0,3257.0,3239.8,3251.5,42114625,3576.6,2926.4,4322.95,2866.6,3251.0,123,6,3250.9,69,2,3250.8,5,1,3250.7,11,1,3250.6,23,2,3251.6,329,2,3251.7,40,4,3251.8,360,5,3251.9,31,3,3252.0,34,2
11536,2025-12-30 11:14:18+05:30,3251.0,6,3249.52,408264,105730.0,118546.0,3250.0,3257.0,3239.8,3251.5,42114625,3576.6,2926.4,4322.95,2866.6,3251.0,123,6,3250.9,69,2,3250.8,5,1,3250.7,11,1,3250.6,23,2,3251.6,329,2,3251.7,40,4,3251.8,360,5,3251.9,31,3,3252.0,34,2
11536,2025-12-30 11:14:19+05:30,3251.6,1,3249.52,408271,105400.0,118458.0,3250.0,3257.0,3239.8,3251.5,42114625,3576.6,2926.4,4322.95,2866.6,3251.0,117,6,3250.9,69,2,3250.8,5,1,3250.7,11,1,3250.6,23,2,3251.5,18,1,3251.6,373,6,3251.7,35,5,3251.8,331,4,3251.9,30,2
11536,2025-12-30 11:14:19+05:30,3251.6,1,3249.52,408271,105400.0,118458.0,3250.0,3257.0,3239.8,3251.5,42114625,3576.6,2926.4,4322.95,2866.6,3251.0,117,6,3250.9,69,2,3250.8,5,1,3250.7,11,1,3250.6,23,2,3251.5,18,1,3251.6,373,6,3251.7,35,5,3251.8,331,4,3251.9,30,2
11536,2025-12-30 11:14:20+05:30,3251.0,1,3249.52,408302,105556.0,118546.0,3250.0,3257.0,3239.8,3251.5,42114625,3576.6,2926.4,4322.95,2866.6,3251.0,86,5,3250.9,69,2,3250.8,5,1,3250.7,11,1,3250.6,23,2,3251.5,31,3,3251.6,341,4,3251.7,18,2,3251.8,351,4,3251.9,48,3
11536,2025-12-30 11:14:20+05:30,3251.0,2,3249.52,408302,105556.0,118546.0,3250.0,3257.0,3239.8,3251.5,42114625,3576.6,2926.4,4322.95,2866.6,3251.0,86,5,3250.9,69,2,3250.8,5,1,3250.7,11,1,3250.6,23,2,3251.5,31,3,3251.6,341,4,3251.7,18,2,3251.8,351,4,3251.9,48,3
11536,2025-12-30 11:14:21+05:30,3251.5,1,3249.52,408329,105769.0,118411.0,3250.0,3257.0,3239.8,3251.5,42114625,3576.6,2926.4,4322.95,2866.6,3251.0,79,5,3250.9,69,2,3250.8,5,1,3250.7,11,1,3250.6,23,2,3251.5,13,4,3251.6,339,2,3251.7,18,2,3251.8,69,3,3251.9,61,4
11536,2025-12-30 11:14:21+05:30,3251.5,1,3249.52,408329,105769.0,118411.0,3250.0,3257.0,3239.8,3251.5,42114625,3576.6,2926.4,4322.95,2866.6,3251.0,79,5,3250.9,69,2,3250.8,5,1,3250.7,11,1,3250.6,23,2,3251.5,13,4,3251.6,339,2,3251.7,18,2,3251.8,69,3,3251.9,61,4
11536,2025-12-30 11:14:22+05:30,3251.0,9,3249.52,408338,105805.0,118885.0,3250.0,3257.0,3239.8,3251.5,42114625,3576.6,2926.4,4322.95,2866.6,3251.0,70,5,3250.9,69,2,3250.8,5,1,3250.7,11,1,3250.6,23,2,3251.5,12,3,3251.6,339,2,3251.7,18,2,3251.8,351,4,3251.9,61,4
11536,2025-12-30 11:14:22+05:30,3251.0,2,3249.52,408338,105805.0,118885.0,3250.0,3257.0,3239.8,3251.5,42114625,3576.6,2926.4,4322.95,2866.6,3251.0,70,5,3250.9,69,2,3250.8,5,1,3250.7,11,1,3250.6,23,2,3251.5,12,3,3251.6,339,2,3251.7,18,2,3251.8,351,4,3251.9,61,4
11536,2025-12-30 11:14:23+05:30,3251.0,2,3249.52,408361,105209.0,119291.0,3250.0,3257.0,3239.8,3251.5,42114625,3576.6,2926.4,4322.95,2866.6,3251.0,66,5,3250.9,69,2,3250.8,5,1,3250.7,11,1,3250.6,23,2,3251.6,372,4,3251.7,53,3,3251.8,34,2,3251.9,336,5,3252.0,56,3
11536,2025-12-30 11:14:23+05:30,3251.0,2,3249.52,408361,105209.0,119291.0,3250.0,3257.0,3239.8,3251.5,42114625,3576.6,2926.4,4322.95,2866.6,3251.0,66,5,3250.9,69,2,3250.8,5,1,3250.7,11,1,3250.6,23,2,3251.6,372,4,3251.7,53,3,3251.8,34,2,3251.9,336,5,3252.0,56,3
11536,2025-12-30 11:14:24+05:30,3251.0,2,3249.52,408361,105231.0,120045.0,3250.0,3257.0,3239.8,3251.5,42114625,3576.6,2926.4,4322.95,2866.6,3251.0,66,5,3250.9,69,2,3250.8,5,1,3250.7,11,1,3250.6,23,2,3251.6,373,5,3251.7,53,3,3251.8,34,2,3251.9,336,5,3252.0,56,3
11536,2025-12-30 11:14:25+05:30,3251.0,6,3249.52,408368,105674.0,120008.0,3250.0,3257.0,3239.8,3251.5,42114625,3576.6,2926.4,4322.95,2866.6,3251.0,60,5,3250.9,69,2,3250.8,5,1,3250.7,11,1,3250.6,23,2,3251.6,329,3,3251.7,18,2,3251.8,63,3,3251.9,336,5,3252.0,91,4
11536,2025-12-30 11:14:25+05:30,3251.0,6,3249.52,408368,105674.0,120008.0,3250.0,3257.0,3239.8,3251.5,42114625,3576.6,2926.4,4322.95,2866.6,3251.0,60,5,3250.9,69,2,3250.8,5,1,3250.7,11,1,3250.6,23,2,3251.6,329,3,3251.7,18,2,3251.8,63,3,3251.9,336,5,3252.0,91,4
11536,2025-12-30 11:14:26+05:30,3251.0,6,3249.52,408368,105693.0,120038.0,3250.0,3257.0,3239.8,3251.5,42114625,3576.6,2926.4,4322.95,2866.6,3251.0,60,5,3250.9,69,2,3250.8,5,1,3250.7,11,1,3250.6,23,2,3251.6,359,4,3251.7,47,3,3251.8,34,2,3251.9,371,6,3252.0,56,3
11536,2025-12-30 11:14:27+05:30,3251.9,249,3249.52,409130,105907.0,118974.0,3250.0,3257.0,3239.8,3251.5,42114625,3576.6,2926.4,4322.95,2866.6,3251.0,60,5,3250.9,69,2,3250.8,40,2,3250.7,11,1,3250.6,23,2,3251.9,85,5,3252.0,51,2,3252.1,24,1,3252.2,92,4,3252.3,83,3
11536,2025-12-30 11:14:27+05:30,3251.9,249,3249.52,409130,105907.0,118974.0,3250.0,3257.0,3239.8,3251.5,42114625,3576.6,2926.4,4322.95,2866.6,3251.0,60,5,3250.9,69,2,3250.8,40,2,3250.7,11,1,3250.6,23,2,3251.9,85,5,3252.0,51,2,3252.1,24,1,3252.2,92,4,3252.3,83,3
11536,2025-12-30 11:14:28+05:30,3251.9,1,3249.52,409196,105648.0,118963.0,3250.0,3257.0,3239.8,3251.5,42114625,3576.6,2926.4,4322.95,2866.6,3251.0,13,2,3250.9,69,2,3250.8,5,1,3250.7,11,1,3250.6,23,2,3251.9,115,7,3252.1,10,1,3252.2,68,3,3252.3,52,2,3252.4,112,6
11536,2025-12-30 11:14:28+05:30,3251.9,1,3249.52,409196,105648.0,118963.0,3250.0,3257.0,3239.8,3251.5,42114625,3576.6,2926.4,4322.95,2866.6,3251.0,13,2,3250.9,69,2,3250.8,5,1,3250.7,11,1,3250.6,23,2,3251.9,115,7,3252.1,10,1,3252.2,68,3,3252.3,52,2,3252.4,112,6
11536,2025-12-30 11:14:29+05:30,3251.0,27,3249.52,409285,105727.0,119241.0,3250.0,3257.0,3239.8,3251.5,42114625,3576.6,2926.4,4322.95,2866.6,3250.9,69,2,3250.8,5,1,3250.7,11,1,3250.6,50,4,3250.5,31,3,3251.0,26,2,3251.8,18,1,3251.9,49,3,3252.0,297,2,3252.1,63,3
11536,2025-12-30 11:14:29+05:30,3251.0,27,3249.52,409285,105727.0,119241.0,3250.0,3257.0,3239.8,3251.5,42114625,3576.6,2926.4,4322.95,2866.6,3250.9,69,2,3250.8,5,1,3250.7,11,1,3250.6,50,4,3250.5,31,3,3251.0,26,2,3251.8,18,1,3251.9,49,3,3252.0,297,2,3252.1,63,3
11536,2025-12-30 11:14:30+05:30,3252.0,66,3249.52,409285,105727.0,119241.0,3250.0,3257.0,3239.8,3251.5,42114625,3576.6,2926.4,4322.95,2866.6,3250.9,69,2,3250.8,5,1,3250.7,11,1,3250.6,50,4,3250.5,31,3,3251.0,26,2,3251.8,18,1,3251.9,49,3,3252.0,297,2,3252.1,63,3
11536,2025-12-30 11:14:30+05:30,3252.0,66,3249.52,409566,105286.0,119030.0,3250.0,3257.0,3239.8,3251.5,42114625,3576.6,2926.4,4322.95,2866.6,3250.9,69,2,3250.8,5,1,3250.7,11,1,3250.6,26,3,3250.5,47,4,3251.7,350,1,3251.8,47,2,3251.9,29,2,3252.0,28,2,3252.1,45,2
11536,2025-12-30 11:14:31+05:30,3251.1,1,3249.52,409566,105286.0,119030.0,3250.0,3257.0,3239.8,3251.5,42114625,3576.6,2926.4,4322.95,2866.6,3250.9,69,2,3250.8,5,1,3250.7,11,1,3250.6,26,3,3250.5,47,4,3251.7,350,1,3251.8,47,2,3251.9,29,2,3252.0,28,2,3252.1,45,2
11536,2025-12-30 11:14:31+05:30,3251.1,1,3249.52,409586,105825.0,119390.0,3250.0,3257.0,3239.8,3251.5,42114625,3576.6,2926.4,4322.95,2866.6,3250.9,69,2,3250.8,5,1,3250.7,11,1,3250.6,26,3,3250.5,47,4,3251.1,5,2,3251.7,350,1,3251.8,47,2,3251.9,29,2,3252.0,28,2
11536,2025-12-30 11:14:32+05:30,3250.9,16,3249.52,409586,105825.0,119390.0,3250.0,3257.0,3239.8,3251.5,42114625,3576.6,2926.4,4322.95,2866.6,3250.9,69,2,3250.8,5,1,3250.7,11,1,3250.6,26,3,3250.5,47,4,3251.1,5,2,3251.7,350,1,3251.8,47,2,3251.9,29,2,3252.0,28,2
11536,2025-12-30 11:14:32+05:30,3251.1,1,3249.52,409677,106101.0,117350.0,3250.0,3257.0,3239.8,3251.5,42114625,3576.6,2926.4,4322.95,2866.6,3250.9,15,1,3250.8,31,2,3250.7,11,1,3250.6,50,4,3250.5,71,5,3251.1,8,3,3251.7,350,1,3251.9,36,2,3252.1,29,1,3252.2,73,4
11536,2025-12-30 11:14:33+05:30,3250.9,5,3249.52,409677,106101.0,117350.0,3250.0,3257.0,3239.8,3251.5,42114625,3576.6,2926.4,4322.95,2866.6,3250.9,15,1,3250.8,31,2,3250.7,11,1,3250.6,50,4,3250.5,71,5,3251.1,8,3,3251.7,350,1,3251.9,36,2,3252.1,29,1,3252.2,73,4
11536,2025-12-30 11:14:33+05:30,3250.9,5,3249.52,409682,106155.0,119303.0,3250.0,3257.0,3239.8,3251.5,42114625,3576.6,2926.4,4322.95,2866.6,3250.9,60,2,3250.8,5,1,3250.7,35,2,3250.6,26,3,3250.5,38,3,3251.1,8,3,3251.7,350,1,3251.9,36,2,3252.1,83,4,3252.2,56,3
11536,2025-12-30 11:14:34+05:30,3250.9,17,3249.52,409709,106233.0,119272.0,3250.0,3257.0,3239.8,3251.5,42114625,3576.6,2926.4,4322.95,2866.6,3250.9,48,2,3250.8,31,2,3250.7,11,1,3250.6,50,4,3250.5,67,4,3251.1,6,3,3251.7,350,1,3251.9,36,2,3252.1,83,4,3252.2,56,3
11536,2025-12-30 11:14:35+05:30,3251.1,1,3249.52,409709,106233.0,119272.0,3250.0,3257.0,3239.8,3251.5,42114625,3576.6,2926.4,4322.95,2866.6,3250.9,48,2,3250.8,31,2,3250.7,11,1,3250.6,50,4,3250.5,67,4,3251.1,6,3,3251.7,350,1,3251.9,36,2,3252.1,83,4,3252.2,56,3
11536,2025-12-30 11:14:36+05:30,3250.9,2,3249.52,409712,106015.0,119516.0,3250.0,3257.0,3239.8,3251.5,42114625,3576.6,2926.4,4322.95,2866.6,3250.9,46,2,3250.8,34,2,3250.7,46,2,3250.6,41,4,3250.5,13,2,3251.1,5,3,3251.7,350,1,3251.9,37,2,3252.2,56,3,3252.3,36,2
11536,2025-12-30 11:14:36+05:30,3251.1,1,3249.52,409712,106015.0,119516.0,3250.0,3257.0,3239.8,3251.5,42114625,3576.6,2926.4,4322.95,2866.6,3250.9,46,2,3250.8,34,2,3250.7,46,2,3250.6,41,4,3250.5,13,2,3251.1,5,3,3251.7,350,1,3251.9,37,2,3252.2,56,3,3252.3,36,2
11536,2025-12-30 11:14:37+05:30,3250.9,8,3249.52,409721,106194.0,119543.0,3250.0,3257.0,3239.8,3251.5,42114625,3576.6,2926.4,4322.95,2866.6,3250.9,38,2,3250.8,5,1,3250.7,70,3,3250.6,26,3,3250.5,57,4,3251.1,3,2,3251.7,350,1,3251.9,37,2,3252.2,91,5,3252.3,64,3
11536,2025-12-30 11:14:37+05:30,3250.9,8,3249.52,409721,106194.0,119543.0,3250.0,3257.0,3239.8,3251.5,42114625,3576.6,2926.4,4322.95,2866.6,3250.9,38,2,3250.8,5,1,3250.7,70,3,3250.6,26,3,3250.5,57,4,3251.1,3,2,3251.7,350,1,3251.9,37,2,3252.2,91,5,3252.3,64,3
11536,2025-12-30 11:14:38+05:30,3250.9,1,3249.52,409753,106048.0,119247.0,3250.0,3257.0,3239.8,3251.5,42114625,3576.6,2926.4,4322.95,2866.6,3251.0,1,1,3250.9,6,1,3250.8,5,1,3250.7,11,1,3250.6,26,3,3251.1,5,4,3251.9,70,3,3252.0,368,2,3252.2,109,6,3252.3,18,1
11536,2025-12-30 11:14:38+05:30,3250.9,1,3249.52,409753,106048.0,119247.0,3250.0,3257.0,3239.8,3251.5,42114625,3576.6,2926.4,4322.95,2866.6,3251.0,1,1,3250.9,6,1,3250.8,5,1,3250.7,11,1,3250.6,26,3,3251.1,5,4,3251.9,70,3,3252.0,368,2,3252.2,109,6,3252.3,18,1
11536,2025-12-30 11:14:39+05:30,3251.0,1,3249.52,409754,105311.0,119571.0,3250.0,3257.0,3239.8,3251.5,42114625,3576.6,2926.4,4322.95,2866.6,3250.9,6,1,3250.8,5,1,3250.7,11,1,3250.6,23,2,3250.5,13,2,3251.0,1,1,3251.1,5,4,3251.8,29,1,3251.9,124,5,3252.0,350,1
11536,2025-12-30 11:14:39+05:30,3251.0,1,3249.52,409754,105311.0,119571.0,3250.0,3257.0,3239.8,3251.5,42114625,3576.6,2926.4,4322.95,2866.6,3250.9,6,1,3250.8,5,1,3250.7,11,1,3250.6,23,2,3250.5,13,2,3251.0,1,1,3251.1,5,4,3251.8,29,1,3251.9,124,5,3252.0,350,1
11536,2025-12-30 11:14:40+05:30,3250.9,9,3249.52,409764,105266.0,119570.0,3250.0,3257.0,3239.8,3251.5,42114625,3576.6,2926.4,4322.95,2866.6,3250.9,15,1,3250.8,5,1,3250.7,11,1,3250.6,23,2,3250.5,13,2,3251.0,2,2,3251.1,3,2,3251.8,29,1,3251.9,124,5,3252.0,350,1
11536,2025-12-30 11:14:40+05:30,3250.9,9,3249.52,409764,105266.0,119570.0,3250.0,3257.0,3239.8,3251.5,42114625,3576.6,2926.4,4322.95,2866.6,3250.9,15,1,3250.8,5,1,3250.7,11,1,3250.6,23,2,3250.5,13,2,3251.0,2,2,3251.1,3,2,3251.8,29,1,3251.9,124,5,3252.0,350,1
11536,2025-12-30 11:14:41+05:30,3251.0,1,3249.52,409765,105042.0,119541.0,3250.0,3257.0,3239.8,3251.5,42114625,3576.6,2926.4,4322.95,2866.6,3250.9,15,1,3250.8,5,1,3250.7,11,1,3250.6,23,2,3250.5,13,2,3251.0,1,1,3251.1,3,2,3251.7,350,1,3251.8,29,1,3251.9,70,4
11536,2025-12-30 11:14:41+05:30,3251.0,1,3249.52,409765,105042.0,119541.0,3250.0,3257.0,3239.8,3251.5,42114625,3576.6,2926.4,4322.95,2866.6,3250.9,15,1,3250.8,5,1,3250.7,11,1,3250.6,23,2,3250.5,13,2,3251.0,1,1,3251.1,3,2,3251.7,350,1,3251.8,29,1,3251.9,70,4
11536,2025-12-30 11:14:42+05:30,3250.9,3,3249.52,409768,105031.0,119549.0,3250.0,3257.0,3239.8,3251.5,42114625,3576.6,2926.4,4322.95,2866.6,3250.9,12,1,3250.8,5,1,3250.7,11,1,3250.6,45,3,3250.5,13,2,3251.1,3,2,3251.7,350,1,3251.9,70,4,3252.0,2,1,3252.1,29,1
11536,2025-12-30 11:14:42+05:30,3251.1,1,3249.52,409768,105031.0,119549.0,3250.0,3257.0,3239.8,3251.5,42114625,3576.6,2926.4,4322.95,2866.6,3250.9,12,1,3250.8,5,1,3250.7,11,1,3250.6,45,3,3250.5,13,2,3251.1,3,2,3251.7,350,1,3251.9,70,4,3252.0,2,1,3252.1,29,1
11536,2025-12-30 11:14:43+05:30,3251.1,1,3249.52,409774,105063.0,119533.0,3250.0,3257.0,3239.8,3251.5,42114625,3576.6,2926.4,4322.95,2866.6,3250.9,11,1,3250.8,5,1,3250.7,11,1,3250.6,23,2,3250.5,62,4,3251.1,1,1,3251.7,369,3,3251.9,37,2,3252.0,20,2,3252.1,29,1
11536,2025-12-30 11:14:43+05:30,3251.1,1,3249.52,409774,105063.0,119533.0,3250.0,3257.0,3239.8,3251.5,42114625,3576.6,2926.4,4322.95,2866.6,3250.9,11,1,3250.8,5,1,3250.7,11,1,3250.6,23,2,3250.5,62,4,3251.1,1,1,3251.7,369,3,3251.9,37,2,3252.0,20,2,3252.1,29,1
11536,2025-12-30 11:14:44+05:30,3251.1,1,3249.52,409774,105060.0,119573.0,3250.0,3257.0,3239.8,3251.5,42114625,3576.6,2926.4,4322.95,2866.6,3250.9,11,1,3250.8,5,1,3250.7,11,1,3250.6,23,2,3250.5,62,4,3251.1,1,1,3251.7,369,3,3251.9,37,2,3252.0,20,2,3252.1,59,2
11536,2025-12-30 11:14:44+05:30,3251.1,1,3249.52,409774,105060.0,119573.0,3250.0,3257.0,3239.8,3251.5,42114625,3576.6,2926.4,4322.95,2866.6,3250.9,11,1,3250.8,5,1,3250.7,11,1,3250.6,23,2,3250.5,62,4,3251.1,1,1,3251.7,369,3,3251.9,37,2,3252.0,20,2,3252.1,59,2
11536,2025-12-30 11:14:45+05:30,3251.7,1,3249.52,409776,105333.0,119953.0,3250.0,3257.0,3239.8,3251.5,42114625,3576.6,2926.4,4322.95,2866.6,3250.9,60,2,3250.8,5,1,3250.7,11,1,3250.6,23,2,3250.5,13,2,3251.7,381,3,3251.8,60,3,3251.9,87,4,3252.0,299,3,3252.2,205,7
11536,2025-12-30 11:14:45+05:30,3251.7,1,3249.52,409776,105333.0,119953.0,3250.0,3257.0,3239.8,3251.5,42114625,3576.6,2926.4,4322.95,2866.6,3250.9,60,2,3250.8,5,1,3250.7,11,1,3250.6,23,2,3250.5,13,2,3251.7,381,3,3251.8,60,3,3251.9,87,4,3252.0,299,3,3252.2,205,7
11536,2025-12-30 11:14:46+05:30,3251.7,1,3249.52,409779,105433.0,119942.0,3250.0,3257.0,3239.8,3251.5,42114625,3576.6,2926.4,4322.95,2866.6,3250.9,58,2,3250.8,5,1,3250.7,11,1,3250.6,23,2,3250.5,13,2,3251.7,398,5,3251.8,60,3,3251.9,71,3,3252.0,317,4,3252.2,205,7
11536,2025-12-30 11:14:46+05:30,3251.7,1,3249.52,409779,105433.0,119942.0,3250.0,3257.0,3239.8,3251.5,42114625,3576.6,2926.4,4322.95,2866.6,3250.9,58,2,3250.8,5,1,3250.7,11,1,3250.6,23,2,3250.5,13,2,3251.7,398,5,3251.8,60,3,3251.9,71,3,3252.0,317,4,3252.2,205,7
11536,2025-12-30 11:14:47+05:30,3251.7,1,3249.52,409779,105433.0,120004.0,3250.0,3257.0,3239.8,3251.5,42114625,3576.6,2926.4,4322.95,2866.6,3250.9,58,2,3250.8,5,1,3250.7,11,1,3250.6,23,2,3250.5,13,2,3251.6,63,3,3251.7,366,5,3251.8,91,5,3251.9,71,3,3252.0,317,4
11536,2025-12-30 11:14:47+05:30,3250.9,1,3249.52,409779,105433.0,120004.0,3250.0,3257.0,3239.8,3251.5,42114625,3576.6,2926.4,4322.95,2866.6,3250.9,58,2,3250.8,5,1,3250.7,11,1,3250.6,23,2,3250.5,13,2,3251.6,63,3,3251.7,366,5,3251.8,91,5,3251.9,71,3,3252.0,317,4
11536,2025-12-30 11:14:48+05:30,3250.9,3,3249.52,409783,105429.0,120005.0,3250.0,3257.0,3239.8,3251.5,42114625,3576.6,2926.4,4322.95,2866.6,3250.9,54,2,3250.8,5,1,3250.7,11,1,3250.6,23,2,3250.5,13,2,3251.6,62,4,3251.7,352,3,3251.8,327,3,3251.9,71,3,3252.0,2,1
11536,2025-12-30 11:14:48+05:30,3250.9,1,3249.52,409783,105429.0,120005.0,3250.0,3257.0,3239.8,3251.5,42114625,3576.6,2926.4,4322.95,2866.6,3250.9,54,2,3250.8,5,1,3250.7,11,1,3250.6,23,2,3250.5,13,2,3251.6,62,4,3251.7,352,3,3251.8,327,3,3251.9,71,3,3252.0,2,1
11536,2025-12-30 11:14:49+05:30,3250.9,1,3249.52,409784,105445.0,120057.0,3250.0,3257.0,3239.8,3251.5,42114625,3576.6,2926.4,4322.95,2866.6,3250.9,53,2,3250.8,5,1,3250.7,11,1,3250.6,23,2,3250.5,13,2,3251.6,79,5,3251.7,351,2,3251.8,358,5,3251.9,71,3,3252.0,37,3
11536,2025-12-30 11:14:50+05:30,3250.9,1,3249.52,409787,105445.0,120055.0,3250.0,3257.0,3239.8,3251.5,42114625,3576.6,2926.4,4322.95,2866.6,3250.9,52,2,3250.8,5,1,3250.7,11,1,3250.6,23,2,3250.5,13,2,3251.6,77,5,3251.7,351,2,3251.8,358,5,3251.9,71,3,3252.0,37,3
11536,2025-12-30 11:14:50+05:30,3250.9,1,3249.52,409787,105445.0,120055.0,3250.0,3257.0,3239.8,3251.5,42114625,3576.6,2926.4,4322.95,2866.6,3250.9,52,2,3250.8,5,1,3250.7,11,1,3250.6,23,2,3250.5,13,2,3251.6,77,5,3251.7,351,2,3251.8,358,5,3251.9,71,3,3252.0,37,3
11536,2025-12-30 11:14:51+05:30,3250.9,3,3249.52,409794,105453.0,120065.0,3250.0,3257.0,3239.8,3251.5,42114625,3576.6,2926.4,4322.95,2866.6,3250.9,60,2,3250.8,5,1,3250.7,11,1,3250.6,23,2,3250.5,13,2,3251.6,81,8,3251.7,390,4,3251.8,323,4,3251.9,71,3,3252.0,37,3
11536,2025-12-30 11:14:51+05:30,3250.9,3,3249.52,409794,105453.0,120065.0,3250.0,3257.0,3239.8,3251.5,42114625,3576.6,2926.4,4322.95,2866.6,3250.9,60,2,3250.8,5,1,3250.7,11,1,3250.6,23,2,3250.5,13,2,3251.6,81,8,3251.7,390,4,3251.8,323,4,3251.9,71,3,3252.0,37,3
11536,2025-12-30 11:14:52+05:30,3250.9,1,3249.52,409795,105452.0,120154.0,3250.0,3257.0,3239.8,3251.5,42114625,3576.6,2926.4,4322.95,2866.6,3250.9,59,2,3250.8,5,1,3250.7,11,1,3250.6,23,2,3250.5,13,2,3251.6,80,7,3251.7,390,4,3251.8,323,4,3251.9,71,3,3252.0,37,3
11536,2025-12-30 11:14:52+05:30,3251.6,10,3249.52,409795,105452.0,120154.0,3250.0,3257.0,3239.8,3251.5,42114625,3576.6,2926.4,4322.95,2866.6,3250.9,59,2,3250.8,5,1,3250.7,11,1,3250.6,23,2,3250.5,13,2,3251.6,80,7,3251.7,390,4,3251.8,323,4,3251.9,71,3,3252.0,37,3
11536,2025-12-30 11:14:53+05:30,3250.9,1,3249.52,409810,105474.0,120144.0,3250.0,3257.0,3239.8,3251.5,42114625,3576.6,2926.4,4322.95,2866.6,3250.9,56,2,3250.8,5,1,3250.7,11,1,3250.6,23,2,3250.5,13,2,3251.6,78,8,3251.7,390,4,3251.8,41,3,3251.9,353,4,3252.0,37,3
11536,2025-12-30 11:14:53+05:30,3250.9,1,3249.52,409810,105474.0,120144.0,3250.0,3257.0,3239.8,3251.5,42114625,3576.6,2926.4,4322.95,2866.6,3250.9,56,2,3250.8,5,1,3250.7,11,1,3250.6,23,2,3250.5,13,2,3251.6,78,8,3251.7,390,4,3251.8,41,3,3251.9,353,4,3252.0,37,3
11536,2025-12-30 11:14:54+05:30,3251.6,3,3249.52,409813,105474.0,120147.0,3250.0,3257.0,3239.8,3251.5,42114625,3576.6,2926.4,4322.95,2866.6,3250.9,56,2,3250.8,5,1,3250.7,11,1,3250.6,23,2,3250.5,13,2,3251.6,81,11,3251.7,390,4,3251.8,41,3,3251.9,353,4,3252.0,37,3
11536,2025-12-30 11:14:54+05:30,3251.6,1,3249.52,409813,105474.0,120147.0,3250.0,3257.0,3239.8,3251.5,42114625,3576.6,2926.4,4322.95,2866.6,3250.9,56,2,3250.8,5,1,3250.7,11,1,3250.6,23,2,3250.5,13,2,3251.6,81,11,3251.7,390,4,3251.8,41,3,3251.9,353,4,3252.0,37,3
11536,2025-12-30 11:14:55+05:30,3250.9,1,3249.52,409821,105488.0,120118.0,3250.0,3257.0,3239.8,3251.5,42114625,3576.6,2926.4,4322.95,2866.6,3250.9,51,2,3250.8,14,2,3250.7,11,1,3250.6,23,2,3250.5,13,2,3251.5,18,1,3251.6,77,9,3251.7,390,4,3251.8,323,4,3251.9,71,3
11536,2025-12-30 11:14:55+05:30,3250.9,1,3249.52,409821,105488.0,120118.0,3250.0,3257.0,3239.8,3251.5,42114625,3576.6,2926.4,4322.95,2866.6,3250.9,51,2,3250.8,14,2,3250.7,11,1,3250.6,23,2,3250.5,13,2,3251.5,18,1,3251.6,77,9,3251.7,390,4,3251.8,323,4,3251.9,71,3
11536,2025-12-30 11:14:56+05:30,3250.9,1,3249.52,409822,105485.0,119843.0,3250.0,3257.0,3239.8,3251.5,42114625,3576.6,2926.4,4322.95,2866.6,3250.9,50,2,3250.8,14,2,3250.7,11,1,3250.6,23,2,3250.5,13,2,3251.5,34,4,3251.6,84,9,3251.7,390,4,3251.8,41,3,3251.9,86,4
11536,2025-12-30 11:14:56+05:30,3250.9,1,3249.52,409822,105485.0,119843.0,3250.0,3257.0,3239.8,3251.5,42114625,3576.6,2926.4,4322.95,2866.6,3250.9,50,2,3250.8,14,2,3250.7,11,1,3250.6,23,2,3250.5,13,2,3251.5,34,4,3251.6,84,9,3251.7,390,4,3251.8,41,3,3251.9,86,4
11536,2025-12-30 11:14:57+05:30,3250.9,2,3249.52,409824,105080.0,120188.0,3250.0,3257.0,3239.8,3251.5,42114625,3576.6,2926.4,4322.95,2866.6,3250.9,48,2,3250.8,14,2,3250.7,11,1,3250.6,23,2,3250.5,13,2,3251.5,77,5,3251.6,79,8,3251.7,636,4,3251.8,41,3,3251.9,86,4
11536,2025-12-30 11:14:57+05:30,3250.9,2,3249.52,409824,105080.0,120188.0,3250.0,3257.0,3239.8,3251.5,42114625,3576.6,2926.4,4322.95,2866.6,3250.9,48,2,3250.8,14,2,3250.7,11,1,3250.6,23,2,3250.5,13,2,3251.5,77,5,3251.6,79,8,3251.7,636,4,3251.8,41,3,3251.9,86,4
11536,2025-12-30 11:14:58+05:30,3250.9,1,3249.52,409834,105124.0,120231.0,3250.0,3257.0,3239.8,3251.5,42114625,3576.6,2926.4,4322.95,2866.6,3250.9,38,2,3250.8,14,2,3250.7,11,1,3250.6,23,2,3250.5,13,2,3251.5,77,5,3251.6,79,8,3251.7,636,4,3251.8,41,3,3251.9,86,4
11536,2025-12-30 11:14:58+05:30,3250.9,1,3249.52,409834,105124.0,120231.0,3250.0,3257.0,3239.8,3251.5,42114625,3576.6,2926.4,4322.95,2866.6,3250.9,38,2,3250.8,14,2,3250.7,11,1,3250.6,23,2,3250.5,13,2,3251.5,77,5,3251.6,79,8,3251.7,636,4,3251.8,41,3,3251.9,86,4
11536,2025-12-30 11:14:59+05:30,3250.9,17,3249.52,409874,104387.0,119885.0,3250.0,3257.0,3239.8,3251.5,42114625,3576.6,2926.4,4322.95,2866.6,3250.9,15,1,3250.8,14,2,3250.7,11,1,3250.6,23,2,3250.5,13,2,3251.3,34,3,3251.4,403,4,3251.5,70,5,3251.6,56,4,3251.7,21,3
11536,2025-12-30 11:14:59+05:30,3250.9,17,3249.52,409874,104387.0,119885.0,3250.0,3257.0,3239.8,3251.5,42114625,3576.6,2926.4,4322.95,2866.6,3250.9,15,1,3250.8,14,2,3250.7,11,1,3250.6,23,2,3250.5,13,2,3251.3,34,3,3251.4,403,4,3251.5,70,5,3251.6,56,4,3251.7,21,3
11536,2025-12-30 11:15:00+05:30,3251.3,3,3249.52,409879,104572.0,119694.0,3250.0,3257.0,3239.8,3251.5,42114625,3576.6,2926.4,4322.95,2866.6,3250.9,14,1,3250.8,14,2,3250.7,11,1,3250.6,23,2,3250.5,13,2,3251.3,47,5,3251.4,348,1,3251.5,19,2,3251.6,41,3,3251.7,18,2
11536,2025-12-30 11:15:00+05:30,3250.9,2,3249.52,409879,104572.0,119694.0,3250.0,3257.0,3239.8,3251.5,42114625,3576.6,2926.4,4322.95,2866.6,3250.9,14,1,3250.8,14,2,3250.7,11,1,3250.6,23,2,3250.5,13,2,3251.3,47,5,3251.4,348,1,3251.5,19,2,3251.6,41,3,3251.7,18,2
11536,2025-12-30 11:15:01+05:30,3251.3,1,3249.52,409895,104190.0,119363.0,3250.0,3257.0,3239.8,3251.5,42114625,3576.6,2926.4,4322.95,2866.6,3250.9,66,2,3250.8,14,2,3250.7,11,1,3250.6,23,2,3250.5,13,2,3251.3,18,3,3251.4,348,1,3251.5,48,2,3251.6,41,3,3251.7,18,2
11536,2025-12-30 11:15:01+05:30,3251.3,1,3249.52,409895,104190.0,119363.0,3250.0,3257.0,3239.8,3251.5,42114625,3576.6,2926.4,4322.95,2866.6,3250.9,66,2,3250.8,14,2,3250.7,11,1,3250.6,23,2,3250.5,13,2,3251.3,18,3,3251.4,348,1,3251.5,48,2,3251.6,41,3,3251.7,18,2
11536,2025-12-30 11:15:02+05:30,3250.9,2,3249.52,409895,104190.0,119363.0,3250.0,3257.0,3239.8,3251.5,42114625,3576.6,2926.4,4322.95,2866.6,3250.9,66,2,3250.8,14,2,3250.7,11,1,3250.6,23,2,3250.5,13,2,3251.3,18,3,3251.4,348,1,3251.5,48,2,3251.6,41,3,3251.7,18,2
11536,2025-12-30 11:15:02+05:30,3250.9,2,3249.52,409897,104178.0,119962.0,3250.0,3257.0,3239.8,3251.5,42114625,3576.6,2926.4,4322.95,2866.6,3250.9,64,2,3250.8,14,2,3250.7,11,1,3250.6,23,2,3250.5,13,2,3251.3,32,4,3251.4,355,2,3251.5,330,3,3251.6,41,3,3251.7,18,2
11536,2025-12-30 11:15:03+05:30,3250.9,4,3249.52,409897,104178.0,119962.0,3250.0,3257.0,3239.8,3251.5,42114625,3576.6,2926.4,4322.95,2866.6,3250.9,64,2,3250.8,14,2,3250.7,11,1,3250.6,23,2,3250.5,13,2,3251.3,32,4,3251.4,355,2,3251.5,330,3,3251.6,41,3,3251.7,18,2
11536,2025-12-30 11:15:03+05:30,3250.9,4,3249.52,409902,104147.0,120116.0,3250.0,3257.0,3239.8,3251.5,42114625,3576.6,2926.4,4322.95,2866.6,3250.9,65,3,3250.8,14,2,3250.7,11,1,3250.6,23,2,3250.5,13,2,3251.3,50,6,3251.4,348,1,3251.5,330,3,3251.6,41,3,3251.7,81,5
11536,2025-12-30 11:15:04+05:30,3250.9,3,3249.52,409902,104147.0,120116.0,3250.0,3257.0,3239.8,3251.5,42114625,3576.6,2926.4,4322.95,2866.6,3250.9,65,3,3250.8,14,2,3250.7,11,1,3250.6,23,2,3250.5,13,2,3251.3,50,6,3251.4,348,1,3251.5,330,3,3251.6,41,3,3251.7,81,5
11536,2025-12-30 11:15:04+05:30,3250.9,1,3249.52,409906,104361.0,120057.0,3250.0,3257.0,3239.8,3251.5,42114625,3576.6,2926.4,4322.95,2866.6,3250.9,61,3,3250.8,14,2,3250.7,11,1,3250.6,23,2,3250.5,13,2,3251.3,31,4,3251.4,348,1,3251.5,48,2,3251.6,323,4,3251.7,81,5
11536,2025-12-30 11:15:05+05:30,3250.9,2,3249.52,409906,104361.0,120057.0,3250.0,3257.0,3239.8,3251.5,42114625,3576.6,2926.4,4322.95,2866.6,3250.9,61,3,3250.8,14,2,3250.7,11,1,3250.6,23,2,3250.5,13,2,3251.3,31,4,3251.4,348,1,3251.5,48,2,3251.6,323,4,3251.7,81,5
11536,2025-12-30 11:15:05+05:30,3250.9,2,3249.52,409910,104357.0,120059.0,3250.0,3257.0,3239.8,3251.5,42114625,3576.6,2926.4,4322.95,2866.6,3250.9,59,3,3250.8,14,2,3250.7,11,1,3250.6,23,2,3250.5,13,2,3251.3,33,5,3251.4,348,1,3251.5,18,1,3251.6,323,4,3251.7,75,5
11536,2025-12-30 11:15:06+05:30,3251.3,1,3249.52,409910,104357.0,120059.0,3250.0,3257.0,3239.8,3251.5,42114625,3576.6,2926.4,4322.95,2866.6,3250.9,59,3,3250.8,14,2,3250.7,11,1,3250.6,23,2,3250.5,13,2,3251.3,33,5,3251.4,348,1,3251.5,18,1,3251.6,323,4,3251.7,75,5
11536,2025-12-30 11:15:06+05:30,3250.9,1,3249.52,409913,104388.0,120049.0,3250.0,3257.0,3239.8,3251.5,42114625,3576.6,2926.4,4322.95,2866.6,3250.9,58,3,3250.8,14,2,3250.7,11,1,3250.6,23,2,3250.5,13,2,3251.3,31,5,3251.4,348,1,3251.5,18,1,3251.6,310,3,3251.7,60,4
11536,2025-12-30 11:15:07+05:30,3250.9,1,3249.52,409913,104388.0,120049.0,3250.0,3257.0,3239.8,3251.5,42114625,3576.6,2926.4,4322.95,2866.6,3250.9,58,3,3250.8,14,2,3250.7,11,1,3250.6,23,2,3250.5,13,2,3251.3,31,5,3251.4,348,1,3251.5,18,1,3251.6,310,3,3251.7,60,4
11536,2025-12-30 11:15:07+05:30,3250.9,5,3249.52,409919,104382.0,120049.0,3250.0,3257.0,3239.8,3251.5,42114625,3576.6,2926.4,4322.95,2866.6,3250.9,52,3,3250.8,14,2,3250.7,11,1,3250.6,23,2,3250.5,13,2,3251.3,29,4,3251.4,348,1,3251.5,18,1,3251.6,310,3,3251.7,60,4
11536,2025-12-30 11:15:08+05:30,3250.9,5,3249.52,409919,104382.0,120049.0,3250.0,3257.0,3239.8,3251.5,42114625,3576.6,2926.4,4322.95,2866.6,3250.9,52,3,3250.8,14,2,3250.7,11,1,3250.6,23,2,3250.5,13,2,3251.3,29,4,3251.4,348,1,3251.5,18,1,3251.6,310,3,3251.7,60,4
11536,2025-12-30 11:15:08+05:30,3250.9,1,3249.52,409920,104387.0,119737.0,3250.0,3257.0,3239.8,3251.5,42114625,3576.6,2926.4,4322.95,2866.6,3250.9,57,4,3250.8,14,2,3250.7,11,1,3250.6,23,2,3250.5,13,2,3251.3,29,4,3251.4,348,1,3251.5,18,1,3251.6,28,2,3251.7,60,4
11536,2025-12-30 11:15:09+05:30,3250.9,1,3249.52,409920,104387.0,119737.0,3250.0,3257.0,3239.8,3251.5,42114625,3576.6,2926.4,4322.95,2866.6,3250.9,57,4,3250.8,14,2,3250.7,11,1,3250.6,23,2,3250.5,13,2,3251.3,29,4,3251.4,348,1,3251.5,18,1,3251.6,28,2,3251.7,60,4
11536,2025-12-30 11:15:09+05:30,3250.9,1,3249.52,409920,104387.0,119782.0,3250.0,3257.0,3239.8,3251.5,42114625,3576.6,2926.4,4322.95,2866.6,3250.9,57,4,3250.8,14,2,3250.7,11,1,3250.6,23,2,3250.5,13,2,3251.3,16,3,3251.4,348,1,3251.5,34,2,3251.6,10,1,3251.7,60,4
11536,2025-12-30 11:15:10+05:30,3250.9,2,3249.52,409920,104387.0,119782.0,3250.0,3257.0,3239.8,3251.5,42114625,3576.6,2926.4,4322.95,2866.6,3250.9,57,4,3250.8,14,2,3250.7,11,1,3250.6,23,2,3250.5,13,2,3251.3,16,3,3251.4,348,1,3251.5,34,2,3251.6,10,1,3251.7,60,4
11536,2025-12-30 11:15:10+05:30,3250.9,2,3249.52,409922,104385.0,120200.0,3250.0,3257.0,3239.8,3251.5,42114625,3576.6,2926.4,4322.95,2866.6,3250.9,55,4,3250.8,14,2,3250.7,11,1,3250.6,23,2,3250.5,13,2,3251.3,28,4,3251.4,630,2,3251.5,18,1,3251.6,94,4,3251.7,30,3
11536,2025-12-30 11:15:11+05:30,3250.9,2,3249.52,409922,104406.0,119905.0,3250.0,3257.0,3239.8,3251.5,42114625,3576.6,2926.4,4322.95,2866.6,3250.9,55,4,3250.8,14,2,3250.7,11,1,3250.6,23,2,3250.5,13,2,3251.3,16,3,3251.4,370,2,3251.5,18,1,3251.6,94,4,3251.7,30,3
11536,2025-12-30 11:15:12+05:30,3251.3,2,3249.52,409922,104406.0,119905.0,3250.0,3257.0,3239.8,3251.5,42114625,3576.6,2926.4,4322.95,2866.6,3250.9,55,4,3250.8,14,2,3250.7,11,1,3250.6,23,2,3250.5,13,2,3251.3,16,3,3251.4,370,2,3251.5,18,1,3251.6,94,4,3251.7,30,3
11536,2025-12-30 11:15:12+05:30,3251.3,2,3249.52,409925,104412.0,119869.0,3250.0,3257.0,3239.8,3251.5,42114625,3576.6,2926.4,4322.95,2866.6,3250.9,54,4,3250.8,14,2,3250.7,11,1,3250.6,23,2,3250.5,13,2,3251.3,13,2,3251.4,370,2,3251.6,94,4,3251.7,15,2,3251.8,26,2
11536,2025-12-30 11:15:13+05:30,3250.9,11,3249.52,409925,104412.0,119869.0,3250.0,3257.0,3239.8,3251.5,42114625,3576.6,2926.4,4322.95,2866.6,3250.9,54,4,3250.8,14,2,3250.7,11,1,3250.6,23,2,3250.5,13,2,3251.3,13,2,3251.4,370,2,3251.6,94,4,3251.7,15,2,3251.8,26,2
11536,2025-12-30 11:15:13+05:30,3250.9,11,3249.52,409995,104143.0,120190.0,3250.0,3257.0,3239.8,3251.5,42114625,3576.6,2926.4,4322.95,2866.6,3250.9,5,1,3250.8,14,2,3250.7,11,1,3250.6,23,2,3250.5,13,2,3251.3,36,5,3251.4,348,1,3251.5,66,2,3251.6,43,3,3251.7,15,2
11536,2025-12-30 11:15:14+05:30,3251.3,1,3249.52,409995,104143.0,120190.0,3250.0,3257.0,3239.8,3251.5,42114625,3576.6,2926.4,4322.95,2866.6,3250.9,5,1,3250.8,14,2,3250.7,11,1,3250.6,23,2,3250.5,13,2,3251.3,36,5,3251.4,348,1,3251.5,66,2,3251.6,43,3,3251.7,15,2
11536,2025-12-30 11:15:14+05:30,3251.3,1,3249.52,409997,104142.0,120224.0,3250.0,3257.0,3239.8,3251.5,42114625,3576.6,2926.4,4322.95,2866.6,3250.9,4,1,3250.8,14,2,3250.7,11,1,3250.6,23,2,3250.5,13,2,3251.3,36,6,3251.4,348,1,3251.5,66,2,3251.6,43,3,3251.7,15,2
11536,2025-12-30 11:15:15+05:30,3250.9,21,3249.52,409997,104142.0,120224.0,3250.0,3257.0,3239.8,3251.5,42114625,3576.6,2926.4,4322.95,2866.6,3250.9,4,1,3250.8,14,2,3250.7,11,1,3250.6,23,2,3250.5,13,2,3251.3,36,6,3251.4,348,1,3251.5,66,2,3251.6,43,3,3251.7,15,2
11536,2025-12-30 11:15:15+05:30,3250.9,21,3249.52,410049,104139.0,120217.0,3250.0,3257.0,3239.8,3251.5,42114625,3576.6,2926.4,4322.95,2866.6,3250.9,1,1,3250.8,14,2,3250.7,11,1,3250.6,23,2,3250.5,13,2,3251.3,38,5,3251.4,348,1,3251.5,66,2,3251.6,28,2,3251.7,15,2
11536,2025-12-30 11:15:16+05:30,3251.3,1,3249.52,410049,104139.0,120217.0,3250.0,3257.0,3239.8,3251.5,42114625,3576.6,2926.4,4322.95,2866.6,3250.9,1,1,3250.8,14,2,3250.7,11,1,3250.6,23,2,3250.5,13,2,3251.3,38,5,3251.4,348,1,3251.5,66,2,3251.6,28,2,3251.7,15,2
11536,2025-12-30 11:15:16+05:30,3250.9,1,3249.52,410051,103934.0,120281.0,3250.0,3257.0,3239.8,3251.5,42114625,3576.6,2926.4,4322.95,2866.6,3250.9,73,1,3250.8,14,2,3250.7,11,1,3250.6,23,2,3250.5,13,2,3251.3,334,5,3251.4,348,1,3251.5,66,2,3251.6,28,2,3251.7,15,2
11536,2025-12-30 11:15:17+05:30,3251.3,1,3249.52,410051,103934.0,120281.0,3250.0,3257.0,3239.8,3251.5,42114625,3576.6,2926.4,4322.95,2866.6,3250.9,73,1,3250.8,14,2,3250.7,11,1,3250.6,23,2,3250.5,13,2,3251.3,334,5,3251.4,348,1,3251.5,66,2,3251.6,28,2,3251.7,15,2
11536,2025-12-30 11:15:17+05:30,3250.9,16,3249.53,410068,104051.0,120268.0,3250.0,3257.0,3239.8,3251.5,42114625,3576.6,2926.4,4322.95,2866.6,3250.9,66,2,3250.8,14,2,3250.7,11,1,3250.6,23,2,3250.5,13,2,3251.3,50,4,3251.4,630,2,3251.5,66,2,3251.6,43,3,3251.7,15,2
11536,2025-12-30 11:15:18+05:30,3250.9,7,3249.53,410068,104051.0,120268.0,3250.0,3257.0,3239.8,3251.5,42114625,3576.6,2926.4,4322.95,2866.6,3250.9,66,2,3250.8,14,2,3250.7,11,1,3250.6,23,2,3250.5,13,2,3251.3,50,4,3251.4,630,2,3251.5,66,2,3251.6,43,3,3251.7,15,2
11536,2025-12-30 11:15:18+05:30,3250.9,7,3249.53,410083,104012.0,120013.0,3250.0,3257.0,3239.8,3251.5,42114625,3576.6,2926.4,4322.95,2866.6,3250.9,59,2,3250.8,14,2,3250.7,11,1,3250.6,23,2,3250.5,13,2,3251.3,41,6,3251.4,360,2,3251.5,80,3,3251.6,18,1,3251.7,3,1
11536,2025-12-30 11:15:19+05:30,3250.9,73,3249.53,410083,104012.0,120013.0,3250.0,3257.0,3239.8,3251.5,42114625,3576.6,2926.4,4322.95,2866.6,3250.9,59,2,3250.8,14,2,3250.7,11,1,3250.6,23,2,3250.5,13,2,3251.3,41,6,3251.4,360,2,3251.5,80,3,3251.6,18,1,3251.7,3,1
11536,2025-12-30 11:15:19+05:30,3250.8,4,3249.53,410283,103896.0,120866.0,3250.0,3257.0,3239.8,3251.5,42114625,3576.6,2926.4,4322.95,2866.6,3250.8,10,2,3250.7,11,1,3250.6,23,2,3250.5,13,2,3250.4,11,1,3250.9,8,3,3251.3,56,4,3251.4,36,1,3251.5,434,2,3251.6,66,3
11536,2025-12-30 11:15:20+05:30,3250.8,4,3249.53,410283,103896.0,120866.0,3250.0,3257.0,3239.8,3251.5,42114625,3576.6,2926.4,4322.95,2866.6,3250.8,10,2,3250.7,11,1,3250.6,23,2,3250.5,13,2,3250.4,11,1,3250.9,8,3,3251.3,56,4,3251.4,36,1,3251.5,434,2,3251.6,66,3
11536,2025-12-30 11:15:20+05:30,3250.8,4,3249.53,410288,104120.0,120390.0,3250.0,3257.0,3239.8,3251.5,42114625,3576.6,2926.4,4322.95,2866.6,3250.8,64,3,3250.7,65,2,3250.6,77,3,3250.5,13,2,3250.4,11,1,3250.9,12,5,3251.3,22,1,3251.4,36,1,3251.5,465,3,3251.6,34,2
11536,2025-12-30 11:15:21+05:30,3250.8,1,3249.53,410288,104120.0,120390.0,3250.0,3257.0,3239.8,3251.5,42114625,3576.6,2926.4,4322.95,2866.6,3250.8,64,3,3250.7,65,2,3250.6,77,3,3250.5,13,2,3250.4,11,1,3250.9,12,5,3251.3,22,1,3251.4,36,1,3251.5,465,3,3251.6,34,2
11536,2025-12-30 11:15:22+05:30,3250.8,1,3249.53,410349,104064.0,121702.0,3250.0,3257.0,3239.8,3251.5,42114625,3576.6,2926.4,4322.95,2866.6,3250.8,17,3,3250.7,65,2,3250.6,77,3,3250.5,13,2,3250.4,11,1,3250.9,5,3,3251.3,44,2,3251.4,67,2,3251.5,434,2,3251.6,37,2
11536,2025-12-30 11:15:22+05:30,3250.8,1,3249.53,410349,104064.0,121702.0,3250.0,3257.0,3239.8,3251.5,42114625,3576.6,2926.4,4322.95,2866.6,3250.8,17,3,3250.7,65,2,3250.6,77,3,3250.5,13,2,3250.4,11,1,3250.9,5,3,3251.3,44,2,3251.4,67,2,3251.5,434,2,3251.6,37,2
11536,2025-12-30 11:15:23+05:30,3250.8,1,3249.53,410350,104007.0,121649.0,3250.0,3257.0,3239.8,3251.5,42114625,3576.6,2926.4,4322.95,2866.6,3250.8,16,3,3250.7,65,2,3250.6,77,3,3250.5,13,2,3250.4,11,1,3250.9,6,3,3251.3,81,3,3251.4,31,1,3251.5,434,2,3251.6,21,1
11536,2025-12-30 11:15:23+05:30,3250.8,2,3249.53,410350,104007.0,121649.0,3250.0,3257.0,3239.8,3251.5,42114625,3576.6,2926.4,4322.95,2866.6,3250.8,16,3,3250.7,65,2,3250.6,77,3,3250.5,13,2,3250.4,11,1,3250.9,6,3,3251.3,81,3,3251.4,31,1,3251.5,434,2,3251.6,21,1
11536,2025-12-30 11:15:24+05:30,3250.9,1,3249.53,410353,104021.0,121738.0,3250.0,3257.0,3239.8,3251.5,42114625,3576.6,2926.4,4322.95,2866.6,3250.8,14,2,3250.7,65,2,3250.6,77,3,3250.5,13,2,3250.4,11,1,3250.9,5,3,3251.2,22,1,3251.3,59,2,3251.4,51,2,3251.5,434,2
11536,2025-12-30 11:15:24+05:30,3250.8,4,3249.53,410353,104021.0,121738.0,3250.0,3257.0,3239.8,3251.5,42114625,3576.6,2926.4,4322.95,2866.6,3250.8,14,2,3250.7,65,2,3250.6,77,3,3250.5,13,2,3250.4,11,1,3250.9,5,3,3251.2,22,1,3251.3,59,2,3251.4,51,2,3251.5,434,2
11536,2025-12-30 11:15:25+05:30,3250.9,1,3249.53,410372,104029.0,121785.0,3250.0,3257.0,3239.8,3251.5,42114625,3576.6,2926.4,4322.95,2866.6,3250.8,10,2,3250.7,65,2,3250.6,77,3,3250.5,13,2,3250.4,11,1,3250.9,3,3,3251.2,22,1,3251.3,59,2,3251.4,51,2,3251.5,434,2
11536,2025-12-30 11:15:25+05:30,3250.8,1,3249.53,410372,104029.0,121785.0,3250.0,3257.0,3239.8,3251.5,42114625,3576.6,2926.4,4322.95,2866.6,3250.8,10,2,3250.7,65,2,3250.6,77,3,3250.5,13,2,3250.4,11,1,3250.9,3,3,3251.2,22,1,3251.3,59,2,3251.4,51,2,3251.5,434,2
11536,2025-12-30 11:15:26+05:30,3250.8,1,3249.53,410373,104047.0,121753.0,3250.0,3257.0,3239.8,3251.5,42114625,3576.6,2926.4,4322.95,2866.6,3250.8,9,2,3250.7,65,2,3250.6,77,3,3250.5,13,2,3250.4,11,1,3250.9,39,4,3251.3,68,2,3251.5,434,2,3251.6,21,1,3251.7,47,3
11536,2025-12-30 11:15:26+05:30,3250.8,3,3249.53,410373,104047.0,121753.0,3250.0,3257.0,3239.8,3251.5,42114625,3576.6,2926.4,4322.95,2866.6,3250.8,9,2,3250.7,65,2,3250.6,77,3,3250.5,13,2,3250.4,11,1,3250.9,39,4,3251.3,68,2,3251.5,434,2,3251.6,21,1,3251.7,47,3
11536,2025-12-30 11:15:27+05:30,3250.8,3,3249.53,410380,104097.0,121577.0,3250.0,3257.0,3239.8,3251.5,42114625,3576.6,2926.4,4322.95,2866.6,3250.8,59,3,3250.7,65,2,3250.6,77,3,3250.5,13,2,3250.4,11,1,3250.9,38,3,3251.3,68,2,3251.5,434,2,3251.6,21,1,3251.7,47,3
11536,2025-12-30 11:15:29+05:30,3250.8,2,3249.53,410402,104126.0,121282.0,3250.0,3257.0,3239.8,3251.5,42114625,3576.6,2926.4,4322.95,2866.6,3250.8,52,3,3250.7,65,2,3250.6,77,3,3250.5,13,2,3250.4,11,1,3250.9,43,6,3251.3,68,2,3251.5,173,2,3251.7,15,2,3251.8,31,2
11536,2025-12-30 11:15:29+05:30,3250.8,2,3249.53,410402,104126.0,121282.0,3250.0,3257.0,3239.8,3251.5,42114625,3576.6,2926.4,4322.95,2866.6,3250.8,52,3,3250.7,65,2,3250.6,77,3,3250.5,13,2,3250.4,11,1,3250.9,43,6,3251.3,68,2,3251.5,173,2,3251.7,15,2,3251.8,31,2
11536,2025-12-30 11:15:32+05:30,3250.8,1,3249.53,410402,104126.0,121282.0,3250.0,3257.0,3239.8,3251.5,42114625,3576.6,2926.4,4322.95,2866.6,3250.8,52,3,3250.7,65,2,3250.6,77,3,3250.5,13,2,3250.4,11,1,3250.9,43,6,3251.3,68,2,3251.5,173,2,3251.7,15,2,3251.8,31,2
11536,2025-12-30 11:15:34+05:30,3250.8,1,3249.53,410414,104160.0,121278.0,3250.0,3257.0,3239.8,3251.5,42114625,3576.6,2926.4,4322.95,2866.6,3250.8,45,4,3250.7,65,2,3250.6,77,3,3250.5,13,2,3250.4,11,1,3250.9,39,4,3251.2,53,2,3251.3,37,1,3251.4,21,1,3251.5,152,1
11536,2025-12-30 11:15:35+05:30,3250.9,1,3249.53,410414,104160.0,121278.0,3250.0,3257.0,3239.8,3251.5,42114625,3576.6,2926.4,4322.95,2866.6,3250.8,45,4,3250.7,65,2,3250.6,77,3,3250.5,13,2,3250.4,11,1,3250.9,39,4,3251.2,53,2,3251.3,37,1,3251.4,21,1,3251.5,152,1
11536,2025-12-30 11:15:38+05:30,3250.9,5,3249.53,410414,104160.0,121278.0,3250.0,3257.0,3239.8,3251.5,42114625,3576.6,2926.4,4322.95,2866.6,3250.8,45,4,3250.7,65,2,3250.6,77,3,3250.5,13,2,3250.4,11,1,3250.9,39,4,3251.2,53,2,3251.3,37,1,3251.4,21,1,3251.5,152,1
11536,2025-12-30 11:15:38+05:30,3250.9,5,3249.53,410423,103969.0,121153.0,3250.0,3257.0,3239.8,3251.5,42114625,3576.6,2926.4,4322.95,2866.6,3250.8,42,4,3250.7,65,2,3250.6,77,3,3250.5,13,2,3250.4,11,1,3250.9,48,6,3251.2,31,1,3251.3,37,1,3251.5,152,1,3251.6,21,1
11536,2025-12-30 11:15:41+05:30,3250.8,1,3249.53,410423,103969.0,121153.0,3250.0,3257.0,3239.8,3251.5,42114625,3576.6,2926.4,4322.95,2866.6,3250.8,42,4,3250.7,65,2,3250.6,77,3,3250.5,13,2,3250.4,11,1,3250.9,48,6,3251.2,31,1,3251.3,37,1,3251.5,152,1,3251.6,21,1
11536,2025-12-30 11:15:43+05:30,3250.7,1,3249.53,410549,103416.0,121819.0,3250.0,3257.0,3239.8,3251.5,42114625,3576.6,2926.4,4322.95,2866.6,3250.7,64,2,3250.6,77,3,3250.5,13,2,3250.4,11,1,3250.2,5,1,3250.8,211,3,3250.9,46,5,3251.0,20,1,3251.1,30,1,3251.2,57,2
11536,2025-12-30 11:15:44+05:30,3250.7,27,3249.53,410549,103416.0,121819.0,3250.0,3257.0,3239.8,3251.5,42114625,3576.6,2926.4,4322.95,2866.6,3250.7,64,2,3250.6,77,3,3250.5,13,2,3250.4,11,1,3250.2,5,1,3250.8,211,3,3250.9,46,5,3251.0,20,1,3251.1,30,1,3251.2,57,2
11536,2025-12-30 11:15:47+05:30,3250.7,11,3249.53,410549,103416.0,121819.0,3250.0,3257.0,3239.8,3251.5,42114625,3576.6,2926.4,4322.95,2866.6,3250.7,64,2,3250.6,77,3,3250.5,13,2,3250.4,11,1,3250.2,5,1,3250.8,211,3,3250.9,46,5,3251.0,20,1,3251.1,30,1,3251.2,57,2
11536,2025-12-30 11:15:48+05:30,3250.7,2,3249.53,410639,103320.0,121452.0,3250.0,3257.0,3239.8,3251.5,42114625,3576.6,2926.4,4322.95,2866.6,3250.7,40,3,3250.6,77,3,3250.5,13,2,3250.4,11,1,3250.2,5,1,3250.8,259,7,3250.9,23,2,3251.1,66,2,3251.2,28,2,3251.3,14,1
11536,2025-12-30 11:15:50+05:30,3250.8,1,3249.53,410639,103320.0,121452.0,3250.0,3257.0,3239.8,3251.5,42114625,3576.6,2926.4,4322.95,2866.6,3250.7,40,3,3250.6,77,3,3250.5,13,2,3250.4,11,1,3250.2,5,1,3250.8,259,7,3250.9,23,2,3251.1,66,2,3251.2,28,2,3251.3,14,1
11536,2025-12-30 11:15:52+05:30,3250.6,13,3249.53,410872,104197.0,121258.0,3250.0,3257.0,3239.8,3251.5,42114625,3576.6,2926.4,4322.95,2866.6,3250.6,69,3,3250.5,13,2,3250.4,11,1,3250.2,5,1,3250.1,1,1,3250.7,1,1,3250.8,256,5,3250.9,3,1,3251.0,65,2,3251.1,8,1
11536,2025-12-30 11:15:53+05:30,3250.7,44,3249.53,410872,104197.0,121258.0,3250.0,3257.0,3239.8,3251.5,42114625,3576.6,2926.4,4322.95,2866.6,3250.6,69,3,3250.5,13,2,3250.4,11,1,3250.2,5,1,3250.1,1,1,3250.7,1,1,3250.8,256,5,3250.9,3,1,3251.0,65,2,3251.1,8,1
11536,2025-12-30 11:15:56+05:30,3250.5,9,3249.53,410872,104197.0,121258.0,3250.0,3257.0,3239.8,3251.5,42114625,3576.6,2926.4,4322.95,2866.6,3250.6,69,3,3250.5,13,2,3250.4,11,1,3250.2,5,1,3250.1,1,1,3250.7,1,1,3250.8,256,5,3250.9,3,1,3251.0,65,2,3251.1,8,1
11536,2025-12-30 11:15:57+05:30,3250.7,6,3249.53,411280,103370.0,120329.0,3250.0,3257.0,3239.8,3251.5,42114625,3576.6,2926.4,4322.95,2866.6,3250.5,10,2,3250.4,11,1,3250.2,5,1,3250.1,1,1,3250.0,80,8,3250.7,103,6,3250.8,54,3,3250.9,3,1,3251.0,131,3,3251.1,23,1
11536,2025-12-30 11:15:59+05:30,3250.4,9,3249.53,411280,103370.0,120329.0,3250.0,3257.0,3239.8,3251.5,42114625,3576.6,2926.4,4322.95,2866.6,3250.5,10,2,3250.4,11,1,3250.2,5,1,3250.1,1,1,3250.0,80,8,3250.7,103,6,3250.8,54,3,3250.9,3,1,3251.0,131,3,3251.1,23,1
11536,2025-12-30 11:16:01+05:30,3250.5,1,3249.53,411456,103066.0,121217.0,3250.0,3257.0,3239.8,3251.5,42114625,3576.6,2926.4,4322.95,2866.6,3250.4,11,1,3250.2,5,1,3250.1,35,3,3250.0,102,10,3249.8,67,4,3250.5,3,3,3250.7,69,4,3250.9,31,2,3251.0,111,2,3251.2,54,2
11536,2025-12-30 11:16:02+05:30,3250.4,13,3249.53,411456,103066.0,121217.0,3250.0,3257.0,3239.8,3251.5,42114625,3576.6,2926.4,4322.95,2866.6,3250.4,11,1,3250.2,5,1,3250.1,35,3,3250.0,102,10,3249.8,67,4,3250.5,3,3,3250.7,69,4,3250.9,31,2,3251.0,111,2,3251.2,54,2
11536,2025-12-30 11:16:05+05:30,3250.3,1,3249.53,411456,103066.0,121217.0,3250.0,3257.0,3239.8,3251.5,42114625,3576.6,2926.4,4322.95,2866.6,3250.4,11,1,3250.2,5,1,3250.1,35,3,3250.0,102,10,3249.8,67,4,3250.5,3,3,3250.7,69,4,3250.9,31,2,3251.0,111,2,3251.2,54,2
11536,2025-12-30 11:16:07+05:30,3250.4,7,3249.53,411573,103680.0,121147.0,3250.0,3257.0,3239.8,3251.5,42114625,3576.6,2926.4,4322.95,2866.6,3250.4,50,1,3250.2,11,2,3250.1,15,2,3250.0,102,10,3249.8,14,1,3250.5,80,8,3250.9,61,2,3251.0,132,3,3251.2,20,1,3251.3,32,1
11536,2025-12-30 11:16:08+05:30,3250.4,15,3249.53,411573,103680.0,121147.0,3250.0,3257.0,3239.8,3251.5,42114625,3576.6,2926.4,4322.95,2866.6,3250.4,50,1,3250.2,11,2,3250.1,15,2,3250.0,102,10,3249.8,14,1,3250.5,80,8,3250.9,61,2,3251.0,132,3,3251.2,20,1,3251.3,32,1
11536,2025-12-30 11:16:11+05:30,3250.2,1,3249.53,411573,103680.0,121147.0,3250.0,3257.0,3239.8,3251.5,42114625,3576.6,2926.4,4322.95,2866.6,3250.4,50,1,3250.2,11,2,3250.1,15,2,3250.0,102,10,3249.8,14,1,3250.5,80,8,3250.9,61,2,3251.0,132,3,3251.2,20,1,3251.3,32,1
11536,2025-12-30 11:16:11+05:30,3250.2,1,3249.53,411663,104105.0,120977.0,3250.0,3257.0,3239.8,3251.5,42114625,3576.6,2926.4,4322.95,2866.6,3250.2,7,2,3250.1,15,2,3250.0,90,10,3249.7,18,1,3249.6,50,3,3250.4,5,5,3250.5,90,7,3250.7,33,1,3250.8,28,1,3251.0,111,2
11536,2025-12-30 11:16:14+05:30,3250.2,3,3249.53,411663,104105.0,120977.0,3250.0,3257.0,3239.8,3251.5,42114625,3576.6,2926.4,4322.95,2866.6,3250.2,7,2,3250.1,15,2,3250.0,90,10,3249.7,18,1,3249.6,50,3,3250.4,5,5,3250.5,90,7,3250.7,33,1,3250.8,28,1,3251.0,111,2
11536,2025-12-30 11:16:16+05:30,3250.3,1,3249.53,412955,103803.0,121821.0,3250.0,3257.0,3239.8,3251.5,42114625,3576.6,2926.4,4322.95,2866.6,3250.2,97,2,3250.0,61,5,3249.8,2,1,3249.7,2,1,3249.4,67,3,3250.3,33,7,3250.4,17,2,3250.5,74,5,3250.6,52,3,3250.7,284,1
11536,2025-12-30 11:16:17+05:30,3250.5,6,3249.53,412955,103803.0,121821.0,3250.0,3257.0,3239.8,3251.5,42114625,3576.6,2926.4,4322.95,2866.6,3250.2,97,2,3250.0,61,5,3249.8,2,1,3249.7,2,1,3249.4,67,3,3250.3,33,7,3250.4,17,2,3250.5,74,5,3250.6,52,3,3250.7,284,1
11536,2025-12-30 11:16:20+05:30,3250.4,21,3249.53,412955,103803.0,121821.0,3250.0,3257.0,3239.8,3251.5,42114625,3576.6,2926.4,4322.95,2866.6,3250.2,97,2,3250.0,61,5,3249.8,2,1,3249.7,2,1,3249.4,67,3,3250.3,33,7,3250.4,17,2,3250.5,74,5,3250.6,52,3,3250.7,284,1
11536,2025-12-30 11:16:21+05:30,3250.4,21,3249.53,413639,105068.0,121224.0,3250.0,3257.0,3239.8,3251.5,42114625,3576.6,2926.4,4322.95,2866.6,3250.4,657,3,3250.3,50,1,3250.2,198,5,3250.0,49,4,3249.8,47,3,3250.5,12,7,3250.7,2,1,3251.0,312,3,3251.1,31,1,3251.2,19,1
11536,2025-12-30 11:16:23+05:30,3251.0,18,3249.53,413639,105068.0,121224.0,3250.0,3257.0,3239.8,3251.5,42114625,3576.6,2926.4,4322.95,2866.6,3250.4,657,3,3250.3,50,1,3250.2,198,5,3250.0,49,4,3249.8,47,3,3250.5,12,7,3250.7,2,1,3251.0,312,3,3251.1,31,1,3251.2,19,1
11536,2025-12-30 11:16:25+05:30,3250.4,5,3249.53,413834,105359.0,121349.0,3250.0,3257.0,3239.8,3251.5,42114625,3576.6,2926.4,4322.95,2866.6,3250.4,734,7,3250.3,66,3,3250.2,163,5,3250.1,18,1,3250.0,49,4,3250.5,6,5,3250.8,26,1,3250.9,31,1,3251.0,266,1,3251.2,300,2
11536,2025-12-30 11:16:26+05:30,3250.8,16,3249.53,413834,105359.0,121349.0,3250.0,3257.0,3239.8,3251.5,42114625,3576.6,2926.4,4322.95,2866.6,3250.4,734,7,3250.3,66,3,3250.2,163,5,3250.1,18,1,3250.0,49,4,3250.5,6,5,3250.8,26,1,3250.9,31,1,3251.0,266,1,3251.2,300,2
11536,2025-12-30 11:16:29+05:30,3250.4,12,3249.53,413834,105359.0,121349.0,3250.0,3257.0,3239.8,3251.5,42114625,3576.6,2926.4,4322.95,2866.6,3250.4,734,7,3250.3,66,3,3250.2,163,5,3250.1,18,1,3250.0,49,4,3250.5,6,5,3250.8,26,1,3250.9,31,1,3251.0,266,1,3251.2,300,2
11536,2025-12-30 11:16:30+05:30,3250.4,8,3249.53,413964,105664.0,121239.0,3250.0,3257.0,3239.8,3251.5,42114625,3576.6,2926.4,4322.95,2866.6,3250.4,870,8,3250.3,86,4,3250.2,163,5,3250.0,113,7,3249.9,19,1,3250.5,53,8,3250.9,31,1,3251.0,266,1,3251.1,26,1,3251.2,282,1
11536,2025-12-30 11:16:32+05:30,3251.0,18,3249.53,413964,105664.0,121239.0,3250.0,3257.0,3239.8,3251.5,42114625,3576.6,2926.4,4322.95,2866.6,3250.4,870,8,3250.3,86,4,3250.2,163,5,3250.0,113,7,3249.9,19,1,3250.5,53,8,3250.9,31,1,3251.0,266,1,3251.1,26,1,3251.2,282,1
11536,2025-12-30 11:16:35+05:30,3251.0,1,3249.53,413964,105664.0,121239.0,3250.0,3257.0,3239.8,3251.5,42114625,3576.6,2926.4,4322.95,2866.6,3250.4,870,8,3250.3,86,4,3250.2,163,5,3250.0,113,7,3249.9,19,1,3250.5,53,8,3250.9,31,1,3251.0,266,1,3251.1,26,1,3251.2,282,1
11536,2025-12-30 11:16:35+05:30,3251.0,1,3249.54,415869,106148.0,118526.0,3250.0,3257.0,3239.8,3251.5,42114625,3576.6,2926.4,4322.95,2866.6,3250.6,21,1,3250.5,23,3,3250.4,538,9,3250.3,66,3,3250.2,184,6,3251.0,284,5,3251.6,30,1,3251.7,50,2,3251.8,51,2,3252.0,56,3
11536,2025-12-30 11:16:38+05:30,3250.8,1,3249.54,415869,106148.0,118526.0,3250.0,3257.0,3239.8,3251.5,42114625,3576.6,2926.4,4322.95,2866.6,3250.6,21,1,3250.5,23,3,3250.4,538,9,3250.3,66,3,3250.2,184,6,3251.0,284,5,3251.6,30,1,3251.7,50,2,3251.8,51,2,3252.0,56,3
11536,2025-12-30 11:16:40+05:30,3250.6,4,3249.56,420377,106137.0,117721.0,3250.0,3257.0,3239.8,3251.5,42114625,3576.6,2926.4,4322.95,2866.6,3250.4,487,8,3250.3,93,4,3250.2,169,7,3250.1,103,4,3250.0,306,15,3250.6,114,3,3250.8,38,3,3251.5,288,2,3251.7,1,1,3251.8,53,1
11536,2025-12-30 11:16:41+05:30,3250.9,2,3249.56,420377,106137.0,117721.0,3250.0,3257.0,3239.8,3251.5,42114625,3576.6,2926.4,4322.95,2866.6,3250.4,487,8,3250.3,93,4,3250.2,169,7,3250.1,103,4,3250.0,306,15,3250.6,114,3,3250.8,38,3,3251.5,288,2,3251.7,1,1,3251.8,53,1
11536,2025-12-30 11:16:44+05:30,3250.4,36,3249.56,420377,106137.0,117721.0,3250.0,3257.0,3239.8,3251.5,42114625,3576.6,2926.4,4322.95,2866.6,3250.4,487,8,3250.3,93,4,3250.2,169,7,3250.1,103,4,3250.0,306,15,3250.6,114,3,3250.8,38,3,3251.5,288,2,3251.7,1,1,3251.8,53,1
11536,2025-12-30 11:16:44+05:30,3250.4,36,3249.57,422577,105631.0,117757.0,3250.0,3257.0,3239.8,3251.5,42114625,3576.6,2926.4,4322.95,2866.6,3250.4,236,6,3250.3,93,4,3250.2,157,6,3250.1,45,4,3250.0,125,9,3250.5,39,6,3250.9,1,1,3251.4,227,1,3251.8,22,1,3251.9,41,2
11536,2025-12-30 11:16:47+05:30,3250.4,36,3249.57,422577,105631.0,117757.0,3250.0,3257.0,3239.8,3251.5,42114625,3576.6,2926.4,4322.95,2866.6,3250.4,236,6,3250.3,93,4,3250.2,157,6,3250.1,45,4,3250.0,125,9,3250.5,39,6,3250.9,1,1,3251.4,227,1,3251.8,22,1,3251.9,41,2
11536,2025-12-30 11:16:47+05:30,3251.0,1,3249.57,422577,105631.0,117757.0,3250.0,3257.0,3239.8,3251.5,42114625,3576.6,2926.4,4322.95,2866.6,3250.4,236,6,3250.3,93,4,3250.2,157,6,3250.1,45,4,3250.0,125,9,3250.5,39,6,3250.9,1,1,3251.4,227,1,3251.8,22,1,3251.9,41,2
11536,2025-12-30 11:16:48+05:30,3251.0,1,3249.57,422577,105631.0,117757.0,3250.0,3257.0,3239.8,3251.5,42114625,3576.6,2926.4,4322.95,2866.6,3250.4,236,6,3250.3,93,4,3250.2,157,6,3250.1,45,4,3250.0,125,9,3250.5,39,6,3250.9,1,1,3251.4,227,1,3251.8,22,1,3251.9,41,2
11536,2025-12-30 11:16:49+05:30,3252.5,119,3249.58,424668,104371.0,117294.0,3250.0,3257.0,3239.8,3251.5,42114625,3576.6,2926.4,4322.95,2866.6,3250.7,177,2,3250.6,80,4,3250.5,110,5,3250.4,293,9,3250.3,210,11,3251.9,31,1,3252.0,19,1,3252.1,156,8,3252.3,16,1,3252.4,99,4
11536,2025-12-30 11:16:49+05:30,3252.5,119,3249.58,424668,104371.0,117294.0,3250.0,3257.0,3239.8,3251.5,42114625,3576.6,2926.4,4322.95,2866.6,3250.7,177,2,3250.6,80,4,3250.5,110,5,3250.4,293,9,3250.3,210,11,3251.9,31,1,3252.0,19,1,3252.1,156,8,3252.3,16,1,3252.4,99,4
11536,2025-12-30 11:16:50+05:30,3252.5,119,3249.58,424668,104371.0,117294.0,3250.0,3257.0,3239.8,3251.5,42114625,3576.6,2926.4,4322.95,2866.6,3250.7,177,2,3250.6,80,4,3250.5,110,5,3250.4,293,9,3250.3,210,11,3251.9,31,1,3252.0,19,1,3252.1,156,8,3252.3,16,1,3252.4,99,4
11536,2025-12-30 11:16:50+05:30,3250.7,176,3249.58,424668,104371.0,117294.0,3250.0,3257.0,3239.8,3251.5,42114625,3576.6,2926.4,4322.95,2866.6,3250.7,177,2,3250.6,80,4,3250.5,110,5,3250.4,293,9,3250.3,210,11,3251.9,31,1,3252.0,19,1,3252.1,156,8,3252.3,16,1,3252.4,99,4
11536,2025-12-30 11:16:51+05:30,3250.7,176,3249.58,424668,104371.0,117294.0,3250.0,3257.0,3239.8,3251.5,42114625,3576.6,2926.4,4322.95,2866.6,3250.7,177,2,3250.6,80,4,3250.5,110,5,3250.4,293,9,3250.3,210,11,3251.9,31,1,3252.0,19,1,3252.1,156,8,3252.3,16,1,3252.4,99,4
11536,2025-12-30 11:16:52+05:30,3250.7,176,3249.58,424668,104371.0,117294.0,3250.0,3257.0,3239.8,3251.5,42114625,3576.6,2926.4,4322.95,2866.6,3250.7,177,2,3250.6,80,4,3250.5,110,5,3250.4,293,9,3250.3,210,11,3251.9,31,1,3252.0,19,1,3252.1,156,8,3252.3,16,1,3252.4,99,4
11536,2025-12-30 11:16:53+05:30,3250.4,3,3249.58,425778,105615.0,120982.0,3250.0,3257.0,3239.8,3251.5,42114625,3576.6,2926.4,4322.95,2866.6,3250.4,34,5,3250.3,93,4,3250.2,131,5,3250.1,28,3,3250.0,113,8,3250.5,71,9,3251.4,31,1,3251.5,19,1,3251.6,19,2,3251.7,357,3
11536,2025-12-30 11:16:53+05:30,3250.4,3,3249.58,425778,105615.0,120982.0,3250.0,3257.0,3239.8,3251.5,42114625,3576.6,2926.4,4322.95,2866.6,3250.4,34,5,3250.3,93,4,3250.2,131,5,3250.1,28,3,3250.0,113,8,3250.5,71,9,3251.4,31,1,3251.5,19,1,3251.6,19,2,3251.7,357,3
11536,2025-12-30 11:16:53+05:30,3252.0,48,3249.58,425778,105615.0,120982.0,3250.0,3257.0,3239.8,3251.5,42114625,3576.6,2926.4,4322.95,2866.6,3250.4,34,5,3250.3,93,4,3250.2,131,5,3250.1,28,3,3250.0,113,8,3250.5,71,9,3251.4,31,1,3251.5,19,1,3251.6,19,2,3251.7,357,3
11536,2025-12-30 11:16:54+05:30,3252.0,48,3249.58,425778,105615.0,120982.0,3250.0,3257.0,3239.8,3251.5,42114625,3576.6,2926.4,4322.95,2866.6,3250.4,34,5,3250.3,93,4,3250.2,131,5,3250.1,28,3,3250.0,113,8,3250.5,71,9,3251.4,31,1,3251.5,19,1,3251.6,19,2,3251.7,357,3
11536,2025-12-30 11:16:55+05:30,3252.0,48,3249.58,425778,105615.0,120982.0,3250.0,3257.0,3239.8,3251.5,42114625,3576.6,2926.4,4322.95,2866.6,3250.4,34,5,3250.3,93,4,3250.2,131,5,3250.1,28,3,3250.0,113,8,3250.5,71,9,3251.4,31,1,3251.5,19,1,3251.6,19,2,3251.7,357,3
11536,2025-12-30 11:16:56+05:30,3250.4,16,3249.58,425778,105615.0,120982.0,3250.0,3257.0,3239.8,3251.5,42114625,3576.6,2926.4,4322.95,2866.6,3250.4,34,5,3250.3,93,4,3250.2,131,5,3250.1,28,3,3250.0,113,8,3250.5,71,9,3251.4,31,1,3251.5,19,1,3251.6,19,2,3251.7,357,3
11536,2025-12-30 11:16:57+05:30,3250.4,16,3249.58,425778,105615.0,120982.0,3250.0,3257.0,3239.8,3251.5,42114625,3576.6,2926.4,4322.95,2866.6,3250.4,34,5,3250.3,93,4,3250.2,131,5,3250.1,28,3,3250.0,113,8,3250.5,71,9,3251.4,31,1,3251.5,19,1,3251.6,19,2,3251.7,357,3
11536,2025-12-30 11:16:58+05:30,3250.3,1,3249.59,427611,105406.0,119317.0,3250.0,3257.0,3239.8,3251.5,42114625,3576.6,2926.4,4322.95,2866.6,3250.3,65,3,3250.2,146,6,3250.1,63,5,3250.0,128,9,3249.9,32,3,3250.4,47,3,3250.5,29,6,3251.7,31,1,3251.8,22,2,3251.9,354,4
11536,2025-12-30 11:16:58+05:30,3250.3,1,3249.59,427611,105406.0,119317.0,3250.0,3257.0,3239.8,3251.5,42114625,3576.6,2926.4,4322.95,2866.6,3250.3,65,3,3250.2,146,6,3250.1,63,5,3250.0,128,9,3249.9,32,3,3250.4,47,3,3250.5,29,6,3251.7,31,1,3251.8,22,2,3251.9,354,4
11536,2025-12-30 11:16:59+05:30,3250.5,2,3249.59,427611,105406.0,119317.0,3250.0,3257.0,3239.8,3251.5,42114625,3576.6,2926.4,4322.95,2866.6,3250.3,65,3,3250.2,146,6,3250.1,63,5,3250.0,128,9,3249.9,32,3,3250.4,47,3,3250.5,29,6,3251.7,31,1,3251.8,22,2,3251.9,354,4
11536,2025-12-30 11:17:00+05:30,3250.5,2,3249.59,427611,105406.0,119317.0,3250.0,3257.0,3239.8,3251.5,42114625,3576.6,2926.4,4322.95,2866.6,3250.3,65,3,3250.2,146,6,3250.1,63,5,3250.0,128,9,3249.9,32,3,3250.4,47,3,3250.5,29,6,3251.7,31,1,3251.8,22,2,3251.9,354,4
11536,2025-12-30 11:17:01+05:30,3250.5,2,3249.59,427611,105406.0,119317.0,3250.0,3257.0,3239.8,3251.5,42114625,3576.6,2926.4,4322.95,2866.6,3250.3,65,3,3250.2,146,6,3250.1,63,5,3250.0,128,9,3249.9,32,3,3250.4,47,3,3250.5,29,6,3251.7,31,1,3251.8,22,2,3251.9,354,4
11536,2025-12-30 11:17:02+05:30,3250.3,4,3249.59,428421,105516.0,119583.0,3250.0,3257.0,3239.8,3251.5,42114625,3576.6,2926.4,4322.95,2866.6,3250.3,147,9,3250.2,216,8,3250.1,70,7,3250.0,147,10,3249.9,96,5,3250.5,10,4,3251.7,364,4,3251.8,22,1,3251.9,35,1,3252.0,89,5
11536,2025-12-30 11:17:02+05:30,3250.5,2,3249.59,428421,105516.0,119583.0,3250.0,3257.0,3239.8,3251.5,42114625,3576.6,2926.4,4322.95,2866.6,3250.3,147,9,3250.2,216,8,3250.1,70,7,3250.0,147,10,3249.9,96,5,3250.5,10,4,3251.7,364,4,3251.8,22,1,3251.9,35,1,3252.0,89,5
11536,2025-12-30 11:17:03+05:30,3250.5,2,3249.59,428421,105516.0,119583.0,3250.0,3257.0,3239.8,3251.5,42114625,3576.6,2926.4,4322.95,2866.6,3250.3,147,9,3250.2,216,8,3250.1,70,7,3250.0,147,10,3249.9,96,5,3250.5,10,4,3251.7,364,4,3251.8,22,1,3251.9,35,1,3252.0,89,5
11536,2025-12-30 11:17:04+05:30,3250.5,2,3249.59,428421,105516.0,119583.0,3250.0,3257.0,3239.8,3251.5,42125300,3576.6,2926.4,4322.95,2866.6,3250.3,147,9,3250.2,216,8,3250.1,70,7,3250.0,147,10,3249.9,96,5,3250.5,10,4,3251.7,364,4,3251.8,22,1,3251.9,35,1,3252.0,89,5
11536,2025-12-30 11:17:05+05:30,3251.8,1,3249.59,428421,105516.0,119583.0,3250.0,3257.0,3239.8,3251.5,42125300,3576.6,2926.4,4322.95,2866.6,3250.3,147,9,3250.2,216,8,3250.1,70,7,3250.0,147,10,3249.9,96,5,3250.5,10,4,3251.7,364,4,3251.8,22,1,3251.9,35,1,3252.0,89,5
11536,2025-12-30 11:17:06+05:30,3251.8,1,3249.59,428421,105516.0,119583.0,3250.0,3257.0,3239.8,3251.5,42125300,3576.6,2926.4,4322.95,2866.6,3250.3,147,9,3250.2,216,8,3250.1,70,7,3250.0,147,10,3249.9,96,5,3250.5,10,4,3251.7,364,4,3251.8,22,1,3251.9,35,1,3252.0,89,5
11536,2025-12-30 11:17:06+05:30,3250.7,1,3249.6,429808,106378.0,117999.0,3250.0,3257.0,3239.8,3251.5,42125300,3576.6,2926.4,4322.95,2866.6,3250.6,113,4,3250.5,21,3,3250.4,51,5,3250.3,154,6,3250.2,167,8,3250.7,15,1,3251.8,1,1,3251.9,12,2,3252.0,392,2,3252.2,78,3
11536,2025-12-30 11:17:07+05:30,3252.0,350,3249.6,429808,106378.0,117999.0,3250.0,3257.0,3239.8,3251.5,42125300,3576.6,2926.4,4322.95,2866.6,3250.6,113,4,3250.5,21,3,3250.4,51,5,3250.3,154,6,3250.2,167,8,3250.7,15,1,3251.8,1,1,3251.9,12,2,3252.0,392,2,3252.2,78,3
11536,2025-12-30 11:17:11+05:30,3250.9,1,3249.6,430521,107246.0,116338.0,3250.0,3257.0,3239.8,3251.5,42125300,3576.6,2926.4,4322.95,2866.6,3250.9,52,6,3250.8,68,5,3250.7,48,4,3250.6,76,5,3250.5,180,10,3251.2,14,6,3251.9,15,1,3252.0,350,1,3252.4,21,1,3252.5,8,2
11536,2025-12-30 11:17:11+05:30,3251.9,10,3249.6,430521,107246.0,116338.0,3250.0,3257.0,3239.8,3251.5,42125300,3576.6,2926.4,4322.95,2866.6,3250.9,52,6,3250.8,68,5,3250.7,48,4,3250.6,76,5,3250.5,180,10,3251.2,14,6,3251.9,15,1,3252.0,350,1,3252.4,21,1,3252.5,8,2
11536,2025-12-30 11:17:14+05:30,3251.1,1,3249.6,430521,107246.0,116338.0,3250.0,3257.0,3239.8,3251.5,42125300,3576.6,2926.4,4322.95,2866.6,3250.9,52,6,3250.8,68,5,3250.7,48,4,3250.6,76,5,3250.5,180,10,3251.2,14,6,3251.9,15,1,3252.0,350,1,3252.4,21,1,3252.5,8,2
11536,2025-12-30 11:17:16+05:30,3251.3,3,3249.61,431631,108122.0,116367.0,3250.0,3257.0,3239.8,3251.5,42125300,3576.6,2926.4,4322.95,2866.6,3251.2,44,2,3251.1,72,4,3251.0,119,6,3250.9,61,3,3250.8,401,13,3252.3,18,1,3252.4,87,3,3252.5,49,3,3252.6,78,3,3252.8,38,1
11536,2025-12-30 11:17:17+05:30,3251.3,2,3249.61,431631,108122.0,116367.0,3250.0,3257.0,3239.8,3251.5,42125300,3576.6,2926.4,4322.95,2866.6,3251.2,44,2,3251.1,72,4,3251.0,119,6,3250.9,61,3,3250.8,401,13,3252.3,18,1,3252.4,87,3,3252.5,49,3,3252.6,78,3,3252.8,38,1
11536,2025-12-30 11:17:20+05:30,3250.8,1,3249.61,432063,105464.0,116881.0,3250.0,3257.0,3239.8,3251.5,42125300,3576.6,2926.4,4322.95,2866.6,3250.8,32,4,3250.7,38,2,3250.6,50,4,3250.5,139,7,3250.4,126,7,3250.9,5,3,3251.0,21,1,3251.1,24,3,3251.2,16,1,3251.3,1,1
11536,2025-12-30 11:17:20+05:30,3251.0,10,3249.61,432063,105464.0,116881.0,3250.0,3257.0,3239.8,3251.5,42125300,3576.6,2926.4,4322.95,2866.6,3250.8,32,4,3250.7,38,2,3250.6,50,4,3250.5,139,7,3250.4,126,7,3250.9,5,3,3251.0,21,1,3251.1,24,3,3251.2,16,1,3251.3,1,1
11536,2025-12-30 11:17:23+05:30,3252.3,10,3249.61,432063,105464.0,116881.0,3250.0,3257.0,3239.8,3251.5,42125300,3576.6,2926.4,4322.95,2866.6,3250.8,32,4,3250.7,38,2,3250.6,50,4,3250.5,139,7,3250.4,126,7,3250.9,5,3,3251.0,21,1,3251.1,24,3,3251.2,16,1,3251.3,1,1
11536,2025-12-30 11:17:25+05:30,3252.4,1,3249.61,433191,108483.0,115726.0,3250.0,3257.0,3239.8,3251.5,42125300,3576.6,2926.4,4322.95,2866.6,3251.6,33,1,3251.5,3,1,3251.4,72,2,3251.3,110,3,3251.2,220,7,3252.4,34,3,3252.8,34,1,3252.9,26,1,3253.0,18,2,3253.1,37,2
11536,2025-12-30 11:17:26+05:30,3252.4,1,3249.61,433191,108483.0,115726.0,3250.0,3257.0,3239.8,3251.5,42125300,3576.6,2926.4,4322.95,2866.6,3251.6,33,1,3251.5,3,1,3251.4,72,2,3251.3,110,3,3251.2,220,7,3252.4,34,3,3252.8,34,1,3252.9,26,1,3253.0,18,2,3253.1,37,2
11536,2025-12-30 11:17:28+05:30,3251.4,1,3249.61,433610,107112.0,116166.0,3250.0,3257.0,3239.8,3251.5,42125300,3576.6,2926.4,4322.95,2866.6,3251.0,39,3,3250.9,32,2,3250.8,73,4,3250.7,86,4,3250.6,267,7,3251.3,1,1,3252.2,6,3,3252.4,2,2,3252.5,29,1,3252.6,33,1
11536,2025-12-30 11:17:28+05:30,3251.0,10,3249.61,433610,107112.0,116166.0,3250.0,3257.0,3239.8,3251.5,42125300,3576.6,2926.4,4322.95,2866.6,3251.0,39,3,3250.9,32,2,3250.8,73,4,3250.7,86,4,3250.6,267,7,3251.3,1,1,3252.2,6,3,3252.4,2,2,3252.5,29,1,3252.6,33,1
11536,2025-12-30 11:17:29+05:30,3251.0,11,3249.62,433846,107054.0,116975.0,3250.0,3257.0,3239.8,3251.5,42125300,3576.6,2926.4,4322.95,2866.6,3251.0,10,1,3250.8,44,3,3250.7,161,6,3250.6,81,5,3250.5,154,9,3251.3,10,5,3252.2,1,1,3252.4,35,2,3252.6,21,1,3252.7,64,4
11536,2025-12-30 11:17:29+05:30,3251.0,3,3249.62,433846,107054.0,116975.0,3250.0,3257.0,3239.8,3251.5,42125300,3576.6,2926.4,4322.95,2866.6,3251.0,10,1,3250.8,44,3,3250.7,161,6,3250.6,81,5,3250.5,154,9,3251.3,10,5,3252.2,1,1,3252.4,35,2,3252.6,21,1,3252.7,64,4
11536,2025-12-30 11:17:30+05:30,3251.0,7,3249.62,433966,107205.0,116562.0,3250.0,3257.0,3239.8,3251.5,42125300,3576.6,2926.4,4322.95,2866.6,3251.0,42,1,3250.8,35,2,3250.7,126,5,3250.6,49,3,3250.5,121,8,3251.3,18,6,3252.3,5,1,3252.4,34,1,3252.6,21,1,3252.7,86,5
11536,2025-12-30 11:17:30+05:30,3252.4,29,3249.62,433966,107205.0,116562.0,3250.0,3257.0,3239.8,3251.5,42125300,3576.6,2926.4,4322.95,2866.6,3251.0,42,1,3250.8,35,2,3250.7,126,5,3250.6,49,3,3250.5,121,8,3251.3,18,6,3252.3,5,1,3252.4,34,1,3252.6,21,1,3252.7,86,5
11536,2025-12-30 11:17:31+05:30,3251.3,1,3249.62,433966,107205.0,116562.0,3250.0,3257.0,3239.8,3251.5,42125300,3576.6,2926.4,4322.95,2866.6,3251.0,42,1,3250.8,35,2,3250.7,126,5,3250.6,49,3,3250.5,121,8,3251.3,18,6,3252.3,5,1,3252.4,34,1,3252.6,21,1,3252.7,86,5
11536,2025-12-30 11:17:31+05:30,3251.3,1,3249.62,434148,107735.0,116899.0,3250.0,3257.0,3239.8,3251.5,42125300,3576.6,2926.4,4322.95,2866.6,3251.0,42,1,3250.8,16,1,3250.7,121,6,3250.6,310,8,3250.5,153,9,3251.3,10,3,3252.1,28,1,3252.3,54,3,3252.4,38,2,3252.6,25,2
11536,2025-12-30 11:17:32+05:30,3253.0,22,3249.62,434148,107735.0,116899.0,3250.0,3257.0,3239.8,3251.5,42125300,3576.6,2926.4,4322.95,2866.6,3251.0,42,1,3250.8,16,1,3250.7,121,6,3250.6,310,8,3250.5,153,9,3251.3,10,3,3252.1,28,1,3252.3,54,3,3252.4,38,2,3252.6,25,2
11536,2025-12-30 11:17:32+05:30,3253.0,22,3249.62,434623,107092.0,116924.0,3250.0,3257.0,3239.8,3251.5,42125300,3576.6,2926.4,4322.95,2866.6,3251.1,208,3,3251.0,137,4,3250.9,74,6,3250.8,386,11,3250.7,65,3,3252.3,71,4,3252.4,33,1,3252.5,33,2,3252.6,32,2,3252.7,17,1
11536,2025-12-30 11:17:33+05:30,3253.0,15,3249.62,434623,107092.0,116924.0,3250.0,3257.0,3239.8,3251.5,42125300,3576.6,2926.4,4322.95,2866.6,3251.1,208,3,3251.0,137,4,3250.9,74,6,3250.8,386,11,3250.7,65,3,3252.3,71,4,3252.4,33,1,3252.5,33,2,3252.6,32,2,3252.7,17,1
11536,2025-12-30 11:17:33+05:30,3253.0,15,3249.62,435208,107934.0,116728.0,3250.0,3257.0,3239.8,3251.5,42125300,3576.6,2926.4,4322.95,2866.6,3251.2,30,2,3251.1,55,3,3251.0,137,4,3250.9,276,8,3250.8,365,11,3252.3,89,5,3252.4,25,2,3252.5,33,1,3252.6,41,2,3252.8,37,2
11536,2025-12-30 11:17:34+05:30,3253.0,16,3249.62,435208,107934.0,116728.0,3250.0,3257.0,3239.8,3251.5,42125300,3576.6,2926.4,4322.95,2866.6,3251.2,30,2,3251.1,55,3,3251.0,137,4,3250.9,276,8,3250.8,365,11,3252.3,89,5,3252.4,25,2,3252.5,33,1,3252.6,41,2,3252.8,37,2
11536,2025-12-30 11:17:34+05:30,3253.0,16,3249.63,435894,108020.0,113844.0,3250.0,3257.0,3239.8,3251.5,42125300,3576.6,2926.4,4322.95,2866.6,3251.3,25,2,3251.2,73,3,3251.1,142,4,3251.0,140,5,3250.9,253,7,3252.5,147,7,3252.6,43,3,3252.7,23,1,3252.9,62,3,3253.1,51,5
11536,2025-12-30 11:17:35+05:30,3252.5,2,3249.63,435894,108020.0,113844.0,3250.0,3257.0,3239.8,3251.5,42125300,3576.6,2926.4,4322.95,2866.6,3251.3,25,2,3251.2,73,3,3251.1,142,4,3251.0,140,5,3250.9,253,7,3252.5,147,7,3252.6,43,3,3252.7,23,1,3252.9,62,3,3253.1,51,5
11536,2025-12-30 11:17:35+05:30,3252.5,2,3249.63,436503,106904.0,116949.0,3250.0,3257.0,3239.8,3251.5,42125300,3576.6,2926.4,4322.95,2866.6,3251.2,49,1,3251.1,27,2,3251.0,63,2,3250.9,56,5,3250.8,111,6,3252.3,73,4,3252.4,55,3,3252.5,50,4,3252.6,60,3,3252.7,26,2
11536,2025-12-30 11:17:36+05:30,3252.4,17,3249.63,436503,106904.0,116949.0,3250.0,3257.0,3239.8,3251.5,42125300,3576.6,2926.4,4322.95,2866.6,3251.2,49,1,3251.1,27,2,3251.0,63,2,3250.9,56,5,3250.8,111,6,3252.3,73,4,3252.4,55,3,3252.5,50,4,3252.6,60,3,3252.7,26,2
11536,2025-12-30 11:17:36+05:30,3252.4,17,3249.64,437581,107837.0,116971.0,3250.0,3257.0,3239.8,3251.5,42125300,3576.6,2926.4,4322.95,2866.6,3251.3,33,1,3251.2,59,2,3251.1,17,1,3251.0,81,3,3250.9,53,4,3252.3,18,1,3252.4,122,7,3252.5,18,1,3252.8,99,2,3252.9,116,5
11536,2025-12-30 11:17:37+05:30,3252.2,1,3249.64,437581,107837.0,116971.0,3250.0,3257.0,3239.8,3251.5,42125300,3576.6,2926.4,4322.95,2866.6,3251.3,33,1,3251.2,59,2,3251.1,17,1,3251.0,81,3,3250.9,53,4,3252.3,18,1,3252.4,122,7,3252.5,18,1,3252.8,99,2,3252.9,116,5
11536,2025-12-30 11:17:37+05:30,3252.2,1,3249.64,437796,107615.0,116484.0,3250.0,3257.0,3239.8,3251.5,42125300,3576.6,2926.4,4322.95,2866.6,3251.2,49,1,3251.0,42,1,3250.9,7,2,3250.8,187,4,3250.7,170,6,3252.2,87,7,3252.3,61,4,3252.4,40,3,3252.6,37,2,3252.8,90,2
11536,2025-12-30 11:17:38+05:30,3253.0,16,3249.64,437796,107615.0,116484.0,3250.0,3257.0,3239.8,3251.5,42125300,3576.6,2926.4,4322.95,2866.6,3251.2,49,1,3251.0,42,1,3250.9,7,2,3250.8,187,4,3250.7,170,6,3252.2,87,7,3252.3,61,4,3252.4,40,3,3252.6,37,2,3252.8,90,2
11536,2025-12-30 11:17:38+05:30,3253.0,16,3249.65,438540,108033.0,116576.0,3250.0,3257.0,3239.8,3251.5,42125300,3576.6,2926.4,4322.95,2866.6,3251.2,52,2,3251.1,28,2,3251.0,332,6,3250.9,53,4,3250.8,314,8,3252.2,46,2,3252.4,86,4,3252.5,15,1,3252.6,38,2,3252.7,15,1
11536,2025-12-30 11:17:39+05:30,3252.6,10,3249.65,438540,108033.0,116576.0,3250.0,3257.0,3239.8,3251.5,42125300,3576.6,2926.4,4322.95,2866.6,3251.2,52,2,3251.1,28,2,3251.0,332,6,3250.9,53,4,3250.8,314,8,3252.2,46,2,3252.4,86,4,3252.5,15,1,3252.6,38,2,3252.7,15,1
11536,2025-12-30 11:17:39+05:30,3252.6,10,3249.65,439000,108100.0,115296.0,3250.0,3257.0,3239.8,3251.5,42125300,3576.6,2926.4,4322.95,2866.6,3251.2,95,4,3251.1,125,3,3251.0,320,6,3250.9,72,5,3250.8,317,9,3252.5,104,6,3252.6,46,3,3252.7,33,1,3252.8,19,2,3252.9,26,2
11536,2025-12-30 11:17:40+05:30,3253.0,21,3249.65,439000,108100.0,115296.0,3250.0,3257.0,3239.8,3251.5,42125300,3576.6,2926.4,4322.95,2866.6,3251.2,95,4,3251.1,125,3,3251.0,320,6,3250.9,72,5,3250.8,317,9,3252.5,104,6,3252.6,46,3,3252.7,33,1,3252.8,19,2,3252.9,26,2
11536,2025-12-30 11:17:40+05:30,3253.0,21,3249.65,439537,108164.0,115038.0,3250.0,3257.0,3239.8,3251.5,42125300,3576.6,2926.4,4322.95,2866.6,3251.3,58,3,3251.2,118,3,3251.1,178,7,3251.0,295,5,3250.9,72,5,3252.5,88,5,3252.6,15,1,3252.8,32,1,3252.9,81,4,3253.1,33,3
11536,2025-12-30 11:17:41+05:30,3252.9,42,3249.65,439537,108164.0,115038.0,3250.0,3257.0,3239.8,3251.5,42125300,3576.6,2926.4,4322.95,2866.6,3251.3,58,3,3251.2,118,3,3251.1,178,7,3251.0,295,5,3250.9,72,5,3252.5,88,5,3252.6,15,1,3252.8,32,1,3252.9,81,4,3253.1,33,3
11536,2025-12-30 11:17:41+05:30,3252.9,42,3249.66,440014,108074.0,116537.0,3250.0,3257.0,3239.8,3251.5,42125300,3576.6,2926.4,4322.95,2866.6,3251.4,42,2,3251.3,60,3,3251.2,95,3,3251.1,71,5,3251.0,341,6,3252.4,85,5,3252.5,32,2,3252.6,15,1,3252.9,36,2,3253.0,21,1
11536,2025-12-30 11:17:42+05:30,3252.8,3,3249.66,440014,108074.0,116537.0,3250.0,3257.0,3239.8,3251.5,42125300,3576.6,2926.4,4322.95,2866.6,3251.4,42,2,3251.3,60,3,3251.2,95,3,3251.1,71,5,3251.0,341,6,3252.4,85,5,3252.5,32,2,3252.6,15,1,3252.9,36,2,3253.0,21,1
11536,2025-12-30 11:17:42+05:30,3252.8,3,3249.67,441908,108209.0,113976.0,3250.0,3257.0,3239.8,3251.5,42125300,3576.6,2926.4,4322.95,2866.6,3251.5,32,1,3251.4,97,3,3251.3,86,3,3251.2,439,9,3251.1,66,4,3252.7,58,3,3252.8,20,1,3252.9,132,5,3253.0,32,1,3253.1,4,1
11536,2025-12-30 11:17:43+05:30,3251.7,1,3249.67,441908,108209.0,113976.0,3250.0,3257.0,3239.8,3251.5,42125300,3576.6,2926.4,4322.95,2866.6,3251.5,32,1,3251.4,97,3,3251.3,86,3,3251.2,439,9,3251.1,66,4,3252.7,58,3,3252.8,20,1,3252.9,132,5,3253.0,32,1,3253.1,4,1
11536,2025-12-30 11:17:43+05:30,3251.7,1,3249.67,442489,108777.0,114666.0,3250.0,3257.0,3239.8,3251.5,42125300,3576.6,2926.4,4322.95,2866.6,3252.0,1,1,3251.4,54,3,3251.3,86,3,3251.2,370,8,3251.1,47,3,3252.6,53,3,3252.7,42,2,3252.8,48,3,3252.9,103,5,3253.0,22,1
11536,2025-12-30 11:17:44+05:30,3252.2,1,3249.67,442489,108777.0,114666.0,3250.0,3257.0,3239.8,3251.5,42125300,3576.6,2926.4,4322.95,2866.6,3252.0,1,1,3251.4,54,3,3251.3,86,3,3251.2,370,8,3251.1,47,3,3252.6,53,3,3252.7,42,2,3252.8,48,3,3252.9,103,5,3253.0,22,1
11536,2025-12-30 11:17:44+05:30,3252.2,1,3249.68,443020,108746.0,116103.0,3250.0,3257.0,3239.8,3251.5,42125300,3576.6,2926.4,4322.95,2866.6,3252.0,1,1,3251.5,27,1,3251.4,36,2,3251.3,92,3,3251.2,272,5,3252.2,21,1,3252.8,28,1,3252.9,112,5,3253.0,21,1,3253.1,282,1
11536,2025-12-30 11:17:45+05:30,3252.2,1,3249.68,443020,108746.0,116103.0,3250.0,3257.0,3239.8,3251.5,42125300,3576.6,2926.4,4322.95,2866.6,3252.0,1,1,3251.5,27,1,3251.4,36,2,3251.3,92,3,3251.2,272,5,3252.2,21,1,3252.8,28,1,3252.9,112,5,3253.0,21,1,3253.1,282,1
11536,2025-12-30 11:17:45+05:30,3252.2,1,3249.68,443231,109268.0,116302.0,3250.0,3257.0,3239.8,3251.5,42125300,3576.6,2926.4,4322.95,2866.6,3252.0,72,2,3251.5,27,1,3251.4,33,1,3251.3,46,2,3251.2,205,4,3252.1,37,1,3252.6,28,1,3252.7,39,4,3252.9,27,2,3253.0,282,1
11536,2025-12-30 11:17:46+05:30,3252.9,1,3249.68,443231,109268.0,116302.0,3250.0,3257.0,3239.8,3251.5,42125300,3576.6,2926.4,4322.95,2866.6,3252.0,72,2,3251.5,27,1,3251.4,33,1,3251.3,46,2,3251.2,205,4,3252.1,37,1,3252.6,28,1,3252.7,39,4,3252.9,27,2,3253.0,282,1
11536,2025-12-30 11:17:46+05:30,3252.9,1,3249.68,443602,109787.0,114874.0,3250.0,3257.0,3239.8,3251.5,42125300,3576.6,2926.4,4322.95,2866.6,3252.0,72,2,3251.6,61,1,3251.5,30,2,3251.4,253,4,3251.3,155,5,3252.8,83,4,3252.9,53,6,3253.0,10,1,3253.1,282,1,3253.2,36,2
11536,2025-12-30 11:17:47+05:30,3252.0,4,3249.69,444205,109008.0,114702.0,3250.0,3257.0,3239.8,3251.5,42125300,3576.6,2926.4,4322.95,2866.6,3251.7,46,3,3251.6,43,2,3251.5,80,3,3251.4,256,5,3251.3,127,5,3253.0,99,5,3253.1,50,3,3253.2,10,1,3253.4,303,2,3253.5,46,3
11536,2025-12-30 11:17:47+05:30,3253.0,15,3249.69,444205,109008.0,114702.0,3250.0,3257.0,3239.8,3251.5,42125300,3576.6,2926.4,4322.95,2866.6,3251.7,46,3,3251.6,43,2,3251.5,80,3,3251.4,256,5,3251.3,127,5,3253.0,99,5,3253.1,50,3,3253.2,10,1,3253.4,303,2,3253.5,46,3
11536,2025-12-30 11:17:48+05:30,3253.1,1,3249.69,444205,109008.0,114702.0,3250.0,3257.0,3239.8,3251.5,42125300,3576.6,2926.4,4322.95,2866.6,3251.7,46,3,3251.6,43,2,3251.5,80,3,3251.4,256,5,3251.3,127,5,3253.0,99,5,3253.1,50,3,3253.2,10,1,3253.4,303,2,3253.5,46,3
11536,2025-12-30 11:17:48+05:30,3253.1,1,3249.69,444305,108986.0,114675.0,3250.0,3257.0,3239.8,3251.5,42125300,3576.6,2926.4,4322.95,2866.6,3251.8,42,2,3251.7,61,3,3251.6,17,1,3251.5,80,3,3251.4,256,5,3253.1,128,11,3253.2,292,2,3253.4,21,1,3253.5,41,2,3253.6,21,1
11536,2025-12-30 11:17:49+05:30,3251.8,10,3249.69,444305,108986.0,114675.0,3250.0,3257.0,3239.8,3251.5,42125300,3576.6,2926.4,4322.95,2866.6,3251.8,42,2,3251.7,61,3,3251.6,17,1,3251.5,80,3,3251.4,256,5,3253.1,128,11,3253.2,292,2,3253.4,21,1,3253.5,41,2,3253.6,21,1
11536,2025-12-30 11:17:49+05:30,3251.3,25,3249.69,444376,107876.0,115515.0,3250.0,3257.0,3239.8,3251.5,42125300,3576.6,2926.4,4322.95,2866.6,3251.3,16,1,3251.2,35,2,3251.1,27,2,3251.0,12,1,3250.9,77,6,3251.8,12,3,3252.8,46,2,3252.9,21,1,3253.0,57,3,3253.1,47,6
11536,2025-12-30 11:17:50+05:30,3251.1,1,3249.69,444376,107876.0,115515.0,3250.0,3257.0,3239.8,3251.5,42125300,3576.6,2926.4,4322.95,2866.6,3251.3,16,1,3251.2,35,2,3251.1,27,2,3251.0,12,1,3250.9,77,6,3251.8,12,3,3252.8,46,2,3252.9,21,1,3253.0,57,3,3253.1,47,6
11536,2025-12-30 11:17:51+05:30,3251.0,19,3249.69,444444,106977.0,117682.0,3250.0,3257.0,3239.8,3251.5,42125300,3576.6,2926.4,4322.95,2866.6,3251.0,12,1,3250.9,7,2,3250.8,77,4,3250.7,82,4,3250.6,103,4,3251.1,9,1,3251.2,16,3,3251.8,5,4,3252.4,42,2,3252.5,28,1
11536,2025-12-30 11:17:51+05:30,3251.0,1,3249.69,444444,106977.0,117682.0,3250.0,3257.0,3239.8,3251.5,42125300,3576.6,2926.4,4322.95,2866.6,3251.0,12,1,3250.9,7,2,3250.8,77,4,3250.7,82,4,3250.6,103,4,3251.1,9,1,3251.2,16,3,3251.8,5,4,3252.4,42,2,3252.5,28,1
11536,2025-12-30 11:17:51+05:30,3251.0,1,3249.69,444457,106843.0,117668.0,3250.0,3257.0,3239.8,3251.5,42125300,3576.6,2926.4,4322.95,2866.6,3251.0,11,1,3250.9,7,2,3250.8,44,3,3250.7,54,3,3250.6,57,3,3251.1,11,3,3251.2,16,3,3251.8,3,3,3252.2,5,1,3252.4,42,2
11536,2025-12-30 11:17:52+05:30,3251.0,8,3249.69,444457,106843.0,117668.0,3250.0,3257.0,3239.8,3251.5,42125300,3576.6,2926.4,4322.95,2866.6,3251.0,11,1,3250.9,7,2,3250.8,44,3,3250.7,54,3,3250.6,57,3,3251.1,11,3,3251.2,16,3,3251.8,3,3,3252.2,5,1,3252.4,42,2
11536,2025-12-30 11:17:53+05:30,3250.9,4,3249.69,444592,107061.0,117410.0,3250.0,3257.0,3239.8,3251.5,42125300,3576.6,2926.4,4322.95,2866.6,3250.9,3,2,3250.8,10,2,3250.7,18,2,3250.6,57,3,3250.5,123,6,3251.0,7,1,3251.1,6,6,3251.2,1,1,3252.2,20,1,3252.3,2,1
11536,2025-12-30 11:17:53+05:30,3250.9,4,3249.69,444592,107061.0,117410.0,3250.0,3257.0,3239.8,3251.5,42125300,3576.6,2926.4,4322.95,2866.6,3250.9,3,2,3250.8,10,2,3250.7,18,2,3250.6,57,3,3250.5,123,6,3251.0,7,1,3251.1,6,6,3251.2,1,1,3252.2,20,1,3252.3,2,1
11536,2025-12-30 11:17:54+05:30,3250.9,2,3249.69,444610,106545.0,117376.0,3250.0,3257.0,3239.8,3251.5,42125300,3576.6,2926.4,4322.95,2866.6,3250.9,3,2,3250.8,10,2,3250.7,18,2,3250.6,57,3,3250.5,141,7,3251.0,14,5,3251.1,4,4,3252.2,20,1,3252.3,2,1,3252.4,47,3
11536,2025-12-30 11:17:54+05:30,3250.8,1,3249.69,444610,106545.0,117376.0,3250.0,3257.0,3239.8,3251.5,42125300,3576.6,2926.4,4322.95,2866.6,3250.9,3,2,3250.8,10,2,3250.7,18,2,3250.6,57,3,3250.5,141,7,3251.0,14,5,3251.1,4,4,3252.2,20,1,3252.3,2,1,3252.4,47,3
11536,2025-12-30 11:17:55+05:30,3250.7,2,3249.69,444721,106529.0,117590.0,3250.0,3257.0,3239.8,3251.5,42125300,3576.6,2926.4,4322.95,2866.6,3250.7,16,2,3250.6,78,4,3250.5,77,5,3250.4,99,5,3250.3,86,3,3250.8,8,3,3251.0,8,7,3251.1,1,1,3252.0,22,1,3252.2,20,1
11536,2025-12-30 11:17:55+05:30,3250.7,5,3249.69,444721,106529.0,117590.0,3250.0,3257.0,3239.8,3251.5,42125300,3576.6,2926.4,4322.95,2866.6,3250.7,16,2,3250.6,78,4,3250.5,77,5,3250.4,99,5,3250.3,86,3,3250.8,8,3,3251.0,8,7,3251.1,1,1,3252.0,22,1,3252.2,20,1
11536,2025-12-30 11:17:56+05:30,3250.7,1,3249.69,444779,106186.0,115708.0,3250.0,3257.0,3239.8,3251.5,42125300,3576.6,2926.4,4322.95,2866.6,3250.7,6,2,3250.6,29,2,3250.5,67,5,3250.4,83,4,3250.3,67,2,3250.8,12,7,3251.0,3,3,3252.0,27,2,3252.2,20,1,3252.3,2,1
11536,2025-12-30 11:17:56+05:30,3250.7,3,3249.69,444779,106186.0,115708.0,3250.0,3257.0,3239.8,3251.5,42125300,3576.6,2926.4,4322.95,2866.6,3250.7,6,2,3250.6,29,2,3250.5,67,5,3250.4,83,4,3250.3,67,2,3250.8,12,7,3251.0,3,3,3252.0,27,2,3252.2,20,1,3252.3,2,1
11536,2025-12-30 11:17:57+05:30,3250.6,5,3249.69,444888,106083.0,118659.0,3250.0,3257.0,3239.8,3251.5,42125300,3576.6,2926.4,4322.95,2866.6,3250.6,24,2,3250.5,33,4,3250.4,10,2,3250.3,46,1,3250.2,121,6,3250.7,11,3,3250.8,40,7,3252.0,27,2,3252.2,20,1,3252.3,2,1
11536,2025-12-30 11:17:57+05:30,3252.9,120,3249.69,444888,106083.0,118659.0,3250.0,3257.0,3239.8,3251.5,42125300,3576.6,2926.4,4322.95,2866.6,3250.6,24,2,3250.5,33,4,3250.4,10,2,3250.3,46,1,3250.2,121,6,3250.7,11,3,3250.8,40,7,3252.0,27,2,3252.2,20,1,3252.3,2,1
11536,2025-12-30 11:17:58+05:30,3251.0,2,3249.69,445841,107655.0,113619.0,3250.0,3257.0,3239.8,3251.5,42125300,3576.6,2926.4,4322.95,2866.6,3251.0,1,1,3250.8,4,1,3250.7,60,4,3250.6,109,5,3250.5,260,7,3251.7,60,2,3251.8,19,1,3252.0,29,1,3252.4,19,1,3252.5,29,3
11536,2025-12-30 11:17:58+05:30,3251.0,2,3249.69,445841,107655.0,113619.0,3250.0,3257.0,3239.8,3251.5,42125300,3576.6,2926.4,4322.95,2866.6,3251.0,1,1,3250.8,4,1,3250.7,60,4,3250.6,109,5,3250.5,260,7,3251.7,60,2,3251.8,19,1,3252.0,29,1,3252.4,19,1,3252.5,29,3
11536,2025-12-30 11:17:59+05:30,3251.0,2,3249.69,445841,107602.0,117284.0,3250.0,3257.0,3239.8,3251.5,42125300,3576.6,2926.4,4322.95,2866.6,3251.0,1,1,3250.7,201,3,3250.6,269,5,3250.5,83,5,3250.4,336,10,3251.6,61,2,3251.7,2,2,3251.8,19,1,3252.0,29,1,3252.4,19,1
11536,2025-12-30 11:17:59+05:30,3251.0,47,3249.69,445841,107602.0,117284.0,3250.0,3257.0,3239.8,3251.5,42125300,3576.6,2926.4,4322.95,2866.6,3251.0,1,1,3250.7,201,3,3250.6,269,5,3250.5,83,5,3250.4,336,10,3251.6,61,2,3251.7,2,2,3251.8,19,1,3252.0,29,1,3252.4,19,1
11536,2025-12-30 11:18:00+05:30,3251.0,47,3249.69,445889,107319.0,117495.0,3250.0,3257.0,3239.8,3251.5,42125300,3576.6,2926.4,4322.95,2866.6,3250.7,3,1,3250.6,24,2,3250.5,107,7,3250.4,331,9,3250.3,41,2,3251.0,32,3,3251.7,2,2,3251.8,19,1,3252.0,4,1,3252.2,20,1
11536,2025-12-30 11:18:00+05:30,3250.7,1,3249.69,445889,107319.0,117495.0,3250.0,3257.0,3239.8,3251.5,42125300,3576.6,2926.4,4322.95,2866.6,3250.7,3,1,3250.6,24,2,3250.5,107,7,3250.4,331,9,3250.3,41,2,3251.0,32,3,3251.7,2,2,3251.8,19,1,3252.0,4,1,3252.2,20,1
11536,2025-12-30 11:18:01+05:30,3250.6,2,3249.69,446080,106852.0,116709.0,3250.0,3257.0,3239.8,3251.5,42125300,3576.6,2926.4,4322.95,2866.6,3250.6,17,2,3250.5,39,5,3250.4,170,7,3250.3,72,3,3250.2,148,8,3251.0,33,4,3251.7,1,1,3252.0,4,1,3252.2,20,1,3252.3,30,2
11536,2025-12-30 11:18:01+05:30,3250.6,4,3249.69,446080,106852.0,116709.0,3250.0,3257.0,3239.8,3251.5,42125300,3576.6,2926.4,4322.95,2866.6,3250.6,17,2,3250.5,39,5,3250.4,170,7,3250.3,72,3,3250.2,148,8,3251.0,33,4,3251.7,1,1,3252.0,4,1,3252.2,20,1,3252.3,30,2
11536,2025-12-30 11:18:02+05:30,3250.6,4,3249.69,446165,105866.0,116945.0,3250.0,3257.0,3239.8,3251.5,42125300,3576.6,2926.4,4322.95,2866.6,3250.5,88,7,3250.4,115,7,3250.3,87,3,3250.2,126,7,3250.1,90,6,3250.6,17,2,3251.0,13,5,3252.0,22,1,3252.2,20,1,3252.3,30,2
11536,2025-12-30 11:18:02+05:30,3250.6,6,3249.69,446165,105866.0,116945.0,3250.0,3257.0,3239.8,3251.5,42125300,3576.6,2926.4,4322.95,2866.6,3250.5,88,7,3250.4,115,7,3250.3,87,3,3250.2,126,7,3250.1,90,6,3250.6,17,2,3251.0,13,5,3252.0,22,1,3252.2,20,1,3252.3,30,2
11536,2025-12-30 11:18:03+05:30,3250.6,12,3249.7,446451,106323.0,117954.0,3250.0,3257.0,3239.8,3251.5,42125300,3576.6,2926.4,4322.95,2866.6,3250.6,33,3,3250.5,44,5,3250.4,240,7,3250.3,125,5,3250.2,327,10,3251.0,12,2,3252.2,20,1,3252.4,21,1,3252.5,26,1,3252.6,88,3
11536,2025-12-30 11:18:03+05:30,3250.6,12,3249.7,446451,106323.0,117954.0,3250.0,3257.0,3239.8,3251.5,42125300,3576.6,2926.4,4322.95,2866.6,3250.6,33,3,3250.5,44,5,3250.4,240,7,3250.3,125,5,3250.2,327,10,3251.0,12,2,3252.2,20,1,3252.4,21,1,3252.5,26,1,3252.6,88,3
11536,2025-12-30 11:18:04+05:30,3250.6,9,3249.7,446481,105889.0,117936.0,3250.0,3257.0,3239.8,3251.5,42125300,3576.6,2926.4,4322.95,2866.6,3250.6,12,1,3250.5,44,5,3250.4,103,7,3250.3,79,4,3250.2,169,8,3251.0,16,3,3252.2,20,1,3252.3,3,1,3252.4,21,1,3252.5,26,1
11536,2025-12-30 11:18:04+05:30,3251.0,1,3249.7,446481,105889.0,117936.0,3250.0,3257.0,3239.8,3251.5,42125300,3576.6,2926.4,4322.95,2866.6,3250.6,12,1,3250.5,44,5,3250.4,103,7,3250.3,79,4,3250.2,169,8,3251.0,16,3,3252.2,20,1,3252.3,3,1,3252.4,21,1,3252.5,26,1
11536,2025-12-30 11:18:05+05:30,3251.0,1,3249.7,446562,105851.0,118112.0,3250.0,3257.0,3239.8,3251.5,42125300,3576.6,2926.4,4322.95,2866.6,3250.6,12,1,3250.5,29,4,3250.4,157,8,3250.3,125,5,3250.2,340,10,3251.0,15,6,3252.2,24,2,3252.3,3,1,3252.4,21,1,3252.5,26,1
11536,2025-12-30 11:18:05+05:30,3250.6,1,3249.7,446562,105851.0,118112.0,3250.0,3257.0,3239.8,3251.5,42125300,3576.6,2926.4,4322.95,2866.6,3250.6,12,1,3250.5,29,4,3250.4,157,8,3250.3,125,5,3250.2,340,10,3251.0,15,6,3252.2,24,2,3252.3,3,1,3252.4,21,1,3252.5,26,1
11536,2025-12-30 11:18:06+05:30,3250.5,3,3249.7,446629,104708.0,118860.0,3250.0,3257.0,3239.8,3251.5,42125300,3576.6,2926.4,4322.95,2866.6,3250.5,22,3,3250.4,110,6,3250.3,53,3,3250.2,188,9,3250.1,53,5,3250.6,1,1,3251.0,10,7,3252.0,21,1,3252.2,24,2,3252.3,3,1
11536,2025-12-30 11:18:06+05:30,3250.6,1,3249.7,446629,104708.0,118860.0,3250.0,3257.0,3239.8,3251.5,42125300,3576.6,2926.4,4322.95,2866.6,3250.5,22,3,3250.4,110,6,3250.3,53,3,3250.2,188,9,3250.1,53,5,3250.6,1,1,3251.0,10,7,3252.0,21,1,3252.2,24,2,3252.3,3,1
11536,2025-12-30 11:18:07+05:30,3250.5,8,3249.7,446729,105094.0,119267.0,3250.0,3257.0,3239.8,3251.5,42125300,3576.6,2926.4,4322.95,2866.6,3250.5,5,2,3250.4,127,7,3250.3,79,4,3250.2,128,7,3250.1,99,6,3250.6,20,6,3251.0,7,6,3251.9,18,1,3252.0,21,1,3252.2,24,2
11536,2025-12-30 11:18:07+05:30,3249.7,10,3249.7,446729,105094.0,119267.0,3250.0,3257.0,3239.8,3251.5,42125300,3576.6,2926.4,4322.95,2866.6,3250.5,5,2,3250.4,127,7,3250.3,79,4,3250.2,128,7,3250.1,99,6,3250.6,20,6,3251.0,7,6,3251.9,18,1,3252.0,21,1,3252.2,24,2
11536,2025-12-30 11:18:08+05:30,3247.9,26,3249.66,456060,95433.0,122269.0,3250.0,3257.0,3239.8,3251.5,42125300,3576.6,2926.4,4322.95,2866.6,3247.2,40,3,3247.1,27,2,3247.0,183,2,3246.9,114,4,3246.8,56,4,3248.0,6,1,3248.3,26,1,3248.4,31,1,3248.5,4,1,3248.6,30,2
11536,2025-12-30 11:18:08+05:30,3246.9,3,3249.66,456060,95433.0,122269.0,3250.0,3257.0,3239.8,3251.5,42125300,3576.6,2926.4,4322.95,2866.6,3247.2,40,3,3247.1,27,2,3247.0,183,2,3246.9,114,4,3246.8,56,4,3248.0,6,1,3248.3,26,1,3248.4,31,1,3248.5,4,1,3248.6,30,2
11536,2025-12-30 11:18:09+05:30,3246.9,7,3249.66,456118,99050.0,122997.0,3250.0,3257.0,3239.8,3251.5,42125300,3576.6,2926.4,4322.95,2866.6,3246.9,33,3,3246.8,194,4,3246.7,18,1,3246.6,213,4,3246.5,38,1,3247.2,5,3,3247.9,31,1,3248.0,254,7,3248.3,64,2,3248.4,29,2
11536,2025-12-30 11:18:09+05:30,3247.2,2,3249.66,456118,99050.0,122997.0,3250.0,3257.0,3239.8,3251.5,42125300,3576.6,2926.4,4322.95,2866.6,3246.9,33,3,3246.8,194,4,3246.7,18,1,3246.6,213,4,3246.5,38,1,3247.2,5,3,3247.9,31,1,3248.0,254,7,3248.3,64,2,3248.4,29,2
11536,2025-12-30 11:18:10+05:30,3247.2,8,3249.64,458901,100311.0,119881.0,3250.0,3257.0,3239.8,3251.5,42125300,3576.6,2926.4,4322.95,2866.6,3247.3,114,6,3247.2,110,2,3247.1,31,2,3247.0,73,4,3246.9,60,5,3248.0,33,3,3248.4,1,1,3248.6,28,1,3248.8,54,2,3249.1,102,3
11536,2025-12-30 11:18:10+05:30,3247.3,3,3249.64,458901,100311.0,119881.0,3250.0,3257.0,3239.8,3251.5,42125300,3576.6,2926.4,4322.95,2866.6,3247.3,114,6,3247.2,110,2,3247.1,31,2,3247.0,73,4,3246.9,60,5,3248.0,33,3,3248.4,1,1,3248.6,28,1,3248.8,54,2,3249.1,102,3
11536,2025-12-30 11:18:11+05:30,3247.3,3,3249.64,458997,100756.0,121813.0,3250.0,3257.0,3239.8,3251.5,42125300,3576.6,2926.4,4322.95,2866.6,3247.2,158,4,3247.1,31,2,3247.0,429,7,3246.9,98,6,3246.8,273,5,3248.0,87,4,3248.4,1,1,3248.6,28,1,3248.8,57,3,3249.1,102,3
11536,2025-12-30 11:18:11+05:30,3247.3,16,3249.64,458997,100756.0,121813.0,3250.0,3257.0,3239.8,3251.5,42125300,3576.6,2926.4,4322.95,2866.6,3247.2,158,4,3247.1,31,2,3247.0,429,7,3246.9,98,6,3246.8,273,5,3248.0,87,4,3248.4,1,1,3248.6,28,1,3248.8,57,3,3249.1,102,3
11536,2025-12-30 11:18:12+05:30,3247.3,16,3249.64,459257,100377.0,121625.0,3250.0,3257.0,3239.8,3251.5,42125300,3576.6,2926.4,4322.95,2866.6,3247.3,14,1,3247.2,62,3,3247.1,2,1,3247.0,211,3,3246.9,86,3,3248.0,67,2,3248.4,1,1,3248.6,66,2,3248.8,54,2,3249.1,102,3
11536,2025-12-30 11:18:12+05:30,3247.3,2,3249.64,459257,100377.0,121625.0,3250.0,3257.0,3239.8,3251.5,42125300,3576.6,2926.4,4322.95,2866.6,3247.3,14,1,3247.2,62,3,3247.1,2,1,3247.0,211,3,3246.9,86,3,3248.0,67,2,3248.4,1,1,3248.6,66,2,3248.8,54,2,3249.1,102,3
11536,2025-12-30 11:18:13+05:30,3247.3,2,3249.64,459611,99952.0,122551.0,3250.0,3257.0,3239.8,3251.5,42125300,3576.6,2926.4,4322.95,2866.6,3247.0,90,4,3246.9,7,1,3246.8,24,2,3246.7,8,1,3246.6,259,7,3247.3,74,4,3248.0,8,1,3248.4,9,2,3248.5,2,1,3248.6,66,2
11536,2025-12-30 11:18:14+05:30,3247.3,1,3249.64,459763,100000.0,123211.0,3250.0,3257.0,3239.8,3251.5,42125300,3576.6,2926.4,4322.95,2866.6,3247.0,297,3,3246.9,23,2,3246.8,43,3,3246.7,8,1,3246.6,103,6,3247.3,75,3,3248.4,9,2,3248.5,2,1,3248.6,66,2,3248.7,109,1
11536,2025-12-30 11:18:14+05:30,3247.3,65,3249.64,459763,100000.0,123211.0,3250.0,3257.0,3239.8,3251.5,42125300,3576.6,2926.4,4322.95,2866.6,3247.0,297,3,3246.9,23,2,3246.8,43,3,3246.7,8,1,3246.6,103,6,3247.3,75,3,3248.4,9,2,3248.5,2,1,3248.6,66,2,3248.7,109,1
11536,2025-12-30 11:18:15+05:30,3247.0,4,3249.62,461992,99949.0,123144.0,3250.0,3257.0,3239.8,3251.5,42125300,3576.6,2926.4,4322.95,2866.6,3247.0,225,2,3246.9,21,1,3246.8,47,2,3246.7,28,2,3246.6,97,7,3247.3,74,4,3248.2,25,1,3248.3,46,2,3248.4,1,1,3248.5,2,1
11536,2025-12-30 11:18:15+05:30,3248.9,1,3249.62,461992,99949.0,123144.0,3250.0,3257.0,3239.8,3251.5,42125300,3576.6,2926.4,4322.95,2866.6,3247.0,225,2,3246.9,21,1,3246.8,47,2,3246.7,28,2,3246.6,97,7,3247.3,74,4,3248.2,25,1,3248.3,46,2,3248.4,1,1,3248.5,2,1
11536,2025-12-30 11:18:16+05:30,3248.9,1,3249.62,465095,103330.0,119781.0,3250.0,3257.0,3239.8,3251.5,42125300,3576.6,2926.4,4322.95,2866.6,3247.8,20,1,3247.7,154,1,3247.6,83,2,3247.5,96,3,3247.4,82,2,3248.7,42,2,3248.8,30,1,3248.9,142,3,3249.0,25,2,3249.1,26,2
11536,2025-12-30 11:18:16+05:30,3248.7,1,3249.62,465095,103330.0,119781.0,3250.0,3257.0,3239.8,3251.5,42125300,3576.6,2926.4,4322.95,2866.6,3247.8,20,1,3247.7,154,1,3247.6,83,2,3247.5,96,3,3247.4,82,2,3248.7,42,2,3248.8,30,1,3248.9,142,3,3249.0,25,2,3249.1,26,2
11536,2025-12-30 11:18:17+05:30,3247.5,5,3249.62,466066,101088.0,120415.0,3250.0,3257.0,3239.8,3251.5,42125300,3576.6,2926.4,4322.95,2866.6,3247.4,197,3,3247.3,68,3,3247.2,202,6,3247.1,113,4,3247.0,369,9,3248.8,94,4,3248.9,94,1,3249.0,60,3,3249.1,22,1,3249.2,66,2
11536,2025-12-30 11:18:17+05:30,3247.5,73,3249.62,466066,101088.0,120415.0,3250.0,3257.0,3239.8,3251.5,42125300,3576.6,2926.4,4322.95,2866.6,3247.4,197,3,3247.3,68,3,3247.2,202,6,3247.1,113,4,3247.0,369,9,3248.8,94,4,3248.9,94,1,3249.0,60,3,3249.1,22,1,3249.2,66,2
11536,2025-12-30 11:18:18+05:30,3248.8,6,3249.62,466280,103257.0,119492.0,3250.0,3257.0,3239.8,3251.5,42125300,3576.6,2926.4,4322.95,2866.6,3247.9,74,3,3247.8,35,2,3247.7,107,2,3247.6,198,3,3247.5,125,5,3248.8,36,2,3249.1,22,1,3249.2,66,2,3249.3,2,1,3249.4,20,1
11536,2025-12-30 11:18:18+05:30,3248.8,20,3249.62,466280,103257.0,119492.0,3250.0,3257.0,3239.8,3251.5,42125300,3576.6,2926.4,4322.95,2866.6,3247.9,74,3,3247.8,35,2,3247.7,107,2,3247.6,198,3,3247.5,125,5,3248.8,36,2,3249.1,22,1,3249.2,66,2,3249.3,2,1,3249.4,20,1
11536,2025-12-30 11:18:19+05:30,3248.8,20,3249.62,466300,103390.0,120079.0,3250.0,3257.0,3239.8,3251.5,42125300,3576.6,2926.4,4322.95,2866.6,3248.0,254,4,3247.9,64,2,3247.8,71,3,3247.7,99,3,3247.6,43,2,3248.8,20,5,3249.2,28,1,3249.5,64,2,3249.6,16,1,3249.7,29,2
11536,2025-12-30 11:18:19+05:30,3248.0,11,3249.62,466300,103390.0,120079.0,3250.0,3257.0,3239.8,3251.5,42125300,3576.6,2926.4,4322.95,2866.6,3248.0,254,4,3247.9,64,2,3247.8,71,3,3247.7,99,3,3247.6,43,2,3248.8,20,5,3249.2,28,1,3249.5,64,2,3249.6,16,1,3249.7,29,2
11536,2025-12-30 11:18:20+05:30,3248.0,11,3249.62,466600,103639.0,120192.0,3250.0,3257.0,3239.8,3251.5,42125300,3576.6,2926.4,4322.95,2866.6,3248.1,240,2,3248.0,15,1,3247.9,86,3,3247.8,73,3,3247.7,81,2,3248.8,13,4,3249.2,28,1,3249.5,38,1,3249.6,16,1,3249.7,3,1
11536,2025-12-30 11:18:20+05:30,3248.1,9,3249.62,466600,103639.0,120192.0,3250.0,3257.0,3239.8,3251.5,42125300,3576.6,2926.4,4322.95,2866.6,3248.1,240,2,3248.0,15,1,3247.9,86,3,3247.8,73,3,3247.7,81,2,3248.8,13,4,3249.2,28,1,3249.5,38,1,3249.6,16,1,3249.7,3,1
11536,2025-12-30 11:18:21+05:30,3248.1,5,3249.62,466614,103808.0,120172.0,3250.0,3257.0,3239.8,3251.5,42125300,3576.6,2926.4,4322.95,2866.6,3248.1,226,2,3248.0,15,1,3247.9,46,1,3247.8,73,3,3247.7,190,2,3248.8,12,4,3249.2,28,1,3249.5,38,1,3249.6,16,1,3249.7,5,2
11536,2025-12-30 11:18:21+05:30,3248.1,64,3249.62,466614,103808.0,120172.0,3250.0,3257.0,3239.8,3251.5,42125300,3576.6,2926.4,4322.95,2866.6,3248.1,226,2,3248.0,15,1,3247.9,46,1,3247.8,73,3,3247.7,190,2,3248.8,12,4,3249.2,28,1,3249.5,38,1,3249.6,16,1,3249.7,5,2
11536,2025-12-30 11:18:22+05:30,3248.5,44,3249.62,466740,104335.0,120086.0,3250.0,3257.0,3239.8,3251.5,42125300,3576.6,2926.4,4322.95,2866.6,3248.5,70,1,3248.1,98,2,3248.0,83,3,3247.9,3,1,3247.8,73,3,3248.8,7,4,3249.2,28,1,3249.5,38,1,3249.6,16,1,3249.7,5,2
11536,2025-12-30 11:18:22+05:30,3248.5,2,3249.62,466740,104335.0,120086.0,3250.0,3257.0,3239.8,3251.5,42125300,3576.6,2926.4,4322.95,2866.6,3248.5,70,1,3248.1,98,2,3248.0,83,3,3247.9,3,1,3247.8,73,3,3248.8,7,4,3249.2,28,1,3249.5,38,1,3249.6,16,1,3249.7,5,2
11536,2025-12-30 11:18:23+05:30,3248.5,2,3249.62,466744,104172.0,120087.0,3250.0,3257.0,3239.8,3251.5,42125300,3576.6,2926.4,4322.95,2866.6,3248.5,66,1,3248.1,98,2,3248.0,37,2,3247.9,49,2,3247.8,73,3,3248.8,6,3,3249.2,28,1,3249.4,26,1,3249.5,38,1,3249.6,16,1
11536,2025-12-30 11:18:23+05:30,3248.8,33,3249.62,466744,104172.0,120087.0,3250.0,3257.0,3239.8,3251.5,42125300,3576.6,2926.4,4322.95,2866.6,3248.5,66,1,3248.1,98,2,3248.0,37,2,3247.9,49,2,3247.8,73,3,3248.8,6,3,3249.2,28,1,3249.4,26,1,3249.5,38,1,3249.6,16,1
11536,2025-12-30 11:18:24+05:30,3248.7,11,3249.61,466816,104287.0,120210.0,3250.0,3257.0,3239.8,3251.5,42125300,3576.6,2926.4,4322.95,2866.6,3248.7,33,1,3248.1,98,2,3248.0,68,2,3247.9,167,2,3247.8,229,4,3248.8,2,1,3249.4,20,1,3249.5,20,1,3249.6,100,4,3249.7,53,4
11536,2025-12-30 11:18:24+05:30,3248.8,10,3249.61,466816,104287.0,120210.0,3250.0,3257.0,3239.8,3251.5,42125300,3576.6,2926.4,4322.95,2866.6,3248.7,33,1,3248.1,98,2,3248.0,68,2,3247.9,167,2,3247.8,229,4,3248.8,2,1,3249.4,20,1,3249.5,20,1,3249.6,100,4,3249.7,53,4
11536,2025-12-30 11:18:25+05:30,3248.8,10,3249.61,466838,104768.0,119780.0,3250.0,3257.0,3239.8,3251.5,42125300,3576.6,2926.4,4322.95,2866.6,3248.8,5,2,3248.7,33,1,3248.2,235,3,3248.1,144,3,3248.0,208,3,3249.5,52,3,3249.6,89,3,3249.7,23,2,3249.8,59,2,3249.9,55,2
11536,2025-12-30 11:18:26+05:30,3249.4,20,3249.61,466858,106584.0,119931.0,3250.0,3257.0,3239.8,3251.5,42125300,3576.6,2926.4,4322.95,2866.6,3249.4,13,1,3248.8,55,3,3248.6,76,2,3248.5,221,2,3248.4,256,4,3249.5,32,2,3249.6,15,1,3249.7,15,1,3249.8,69,3,3249.9,67,2
11536,2025-12-30 11:18:26+05:30,3249.5,14,3249.61,466858,106584.0,119931.0,3250.0,3257.0,3239.8,3251.5,42125300,3576.6,2926.4,4322.95,2866.6,3249.4,13,1,3248.8,55,3,3248.6,76,2,3248.5,221,2,3248.4,256,4,3249.5,32,2,3249.6,15,1,3249.7,15,1,3249.8,69,3,3249.9,67,2
11536,2025-12-30 11:18:27+05:30,3249.4,5,3249.61,466956,107430.0,118819.0,3250.0,3257.0,3239.8,3251.5,42125300,3576.6,2926.4,4322.95,2866.6,3249.4,277,1,3248.8,51,2,3248.6,97,3,3248.5,267,3,3248.4,294,5,3249.5,2,2,3249.8,47,2,3249.9,29,1,3250.0,167,10,3250.1,63,2
11536,2025-12-30 11:18:27+05:30,3249.5,3,3249.61,466956,107430.0,118819.0,3250.0,3257.0,3239.8,3251.5,42125300,3576.6,2926.4,4322.95,2866.6,3249.4,277,1,3248.8,51,2,3248.6,97,3,3248.5,267,3,3248.4,294,5,3249.5,2,2,3249.8,47,2,3249.9,29,1,3250.0,167,10,3250.1,63,2
11536,2025-12-30 11:18:28+05:30,3249.5,1,3249.61,466970,107487.0,118965.0,3250.0,3257.0,3239.8,3251.5,42125300,3576.6,2926.4,4322.95,2866.6,3249.4,274,1,3248.8,50,1,3248.6,82,2,3248.5,267,3,3248.4,276,4,3249.5,6,4,3249.6,26,1,3249.7,53,2,3249.8,21,1,3249.9,29,1
11536,2025-12-30 11:18:28+05:30,3249.4,2,3249.61,466970,107487.0,118965.0,3250.0,3257.0,3239.8,3251.5,42125300,3576.6,2926.4,4322.95,2866.6,3249.4,274,1,3248.8,50,1,3248.6,82,2,3248.5,267,3,3248.4,276,4,3249.5,6,4,3249.6,26,1,3249.7,53,2,3249.8,21,1,3249.9,29,1
11536,2025-12-30 11:18:29+05:30,3249.4,2,3249.61,466981,106445.0,118972.0,3250.0,3257.0,3239.8,3251.5,42125300,3576.6,2926.4,4322.95,2866.6,3249.4,269,1,3248.8,50,1,3248.6,21,1,3248.4,21,1,3248.3,182,2,3249.5,14,5,3249.6,26,1,3249.7,31,1,3249.8,21,1,3249.9,51,2
11536,2025-12-30 11:18:29+05:30,3249.4,149,3249.61,466981,106445.0,118972.0,3250.0,3257.0,3239.8,3251.5,42125300,3576.6,2926.4,4322.95,2866.6,3249.4,269,1,3248.8,50,1,3248.6,21,1,3248.4,21,1,3248.3,182,2,3249.5,14,5,3249.6,26,1,3249.7,31,1,3249.8,21,1,3249.9,51,2
11536,2025-12-30 11:18:30+05:30,3250.5,36,3249.62,468913,104502.0,115360.0,3250.0,3257.0,3239.8,3251.5,42125300,3576.6,2926.4,4322.95,2866.6,3248.4,210,3,3248.3,232,4,3248.2,189,8,3248.1,88,3,3248.0,334,8,3249.9,178,7,3250.0,39,1,3250.1,22,2,3250.2,46,2,3250.3,81,3
11536,2025-12-30 11:18:30+05:30,3250.5,36,3249.62,468913,104502.0,115360.0,3250.0,3257.0,3239.8,3251.5,42125300,3576.6,2926.4,4322.95,2866.6,3248.4,210,3,3248.3,232,4,3248.2,189,8,3248.1,88,3,3248.0,334,8,3249.9,178,7,3250.0,39,1,3250.1,22,2,3250.2,46,2,3250.3,81,3
11536,2025-12-30 11:18:31+05:30,3249.6,2,3249.62,468915,104972.0,116996.0,3250.0,3257.0,3239.8,3251.5,42125300,3576.6,2926.4,4322.95,2866.6,3248.4,235,5,3248.3,276,7,3248.2,235,9,3248.1,177,6,3248.0,349,8,3249.6,27,1,3249.7,32,1,3249.9,97,3,3250.0,39,1,3250.1,4,1
11536,2025-12-30 11:18:31+05:30,3249.6,2,3249.62,468915,104972.0,116996.0,3250.0,3257.0,3239.8,3251.5,42125300,3576.6,2926.4,4322.95,2866.6,3248.4,235,5,3248.3,276,7,3248.2,235,9,3248.1,177,6,3248.0,349,8,3249.6,27,1,3249.7,32,1,3249.9,97,3,3250.0,39,1,3250.1,4,1
11536,2025-12-30 11:18:32+05:30,3248.4,10,3249.62,469222,102941.0,118531.0,3250.0,3257.0,3239.8,3251.5,42125300,3576.6,2926.4,4322.95,2866.6,3248.1,43,3,3248.0,116,3,3247.9,24,1,3247.8,58,2,3247.7,36,2,3248.4,68,2,3249.8,27,3,3249.9,109,4,3250.0,103,3,3250.1,217,3
11536,2025-12-30 11:18:32+05:30,3248.4,10,3249.62,469222,102941.0,118531.0,3250.0,3257.0,3239.8,3251.5,42125300,3576.6,2926.4,4322.95,2866.6,3248.1,43,3,3248.0,116,3,3247.9,24,1,3247.8,58,2,3247.7,36,2,3248.4,68,2,3249.8,27,3,3249.9,109,4,3250.0,103,3,3250.1,217,3
11536,2025-12-30 11:18:33+05:30,3248.4,1,3249.62,469223,101779.0,118471.0,3250.0,3257.0,3239.8,3251.5,42125300,3576.6,2926.4,4322.95,2866.6,3248.1,28,2,3248.0,131,4,3247.9,32,2,3247.8,58,2,3247.7,36,2,3248.4,82,4,3249.8,27,3,3249.9,95,3,3250.0,103,3,3250.1,217,3
11536,2025-12-30 11:18:33+05:30,3248.4,1,3249.62,469223,101779.0,118471.0,3250.0,3257.0,3239.8,3251.5,42125300,3576.6,2926.4,4322.95,2866.6,3248.1,28,2,3248.0,131,4,3247.9,32,2,3247.8,58,2,3247.7,36,2,3248.4,82,4,3249.8,27,3,3249.9,95,3,3250.0,103,3,3250.1,217,3
11536,2025-12-30 11:18:34+05:30,3248.1,1,3249.61,469496,104888.0,117716.0,3250.0,3257.0,3239.8,3251.5,42125300,3576.6,2926.4,4322.95,2866.6,3248.0,206,6,3247.9,47,3,3247.8,56,2,3247.7,102,4,3247.6,55,3,3248.1,13,2,3248.4,15,2,3249.6,24,2,3249.7,78,1,3249.8,166,3
11536,2025-12-30 11:18:34+05:30,3248.1,1,3249.61,469496,104888.0,117716.0,3250.0,3257.0,3239.8,3251.5,42125300,3576.6,2926.4,4322.95,2866.6,3248.0,206,6,3247.9,47,3,3247.8,56,2,3247.7,102,4,3247.6,55,3,3248.1,13,2,3248.4,15,2,3249.6,24,2,3249.7,78,1,3249.8,166,3
11536,2025-12-30 11:18:35+05:30,3248.1,1,3249.61,469679,105731.0,116738.0,3250.0,3257.0,3239.8,3251.5,42125300,3576.6,2926.4,4322.95,2866.6,3248.1,203,2,3248.0,365,6,3247.9,38,4,3247.8,108,4,3247.7,64,3,3249.4,46,2,3249.5,32,1,3249.6,87,4,3249.8,4,1,3249.9,91,3
11536,2025-12-30 11:18:35+05:30,3248.1,1,3249.61,469679,105731.0,116738.0,3250.0,3257.0,3239.8,3251.5,42125300,3576.6,2926.4,4322.95,2866.6,3248.1,203,2,3248.0,365,6,3247.9,38,4,3247.8,108,4,3247.7,64,3,3249.4,46,2,3249.5,32,1,3249.6,87,4,3249.8,4,1,3249.9,91,3
11536,2025-12-30 11:18:36+05:30,3248.1,8,3249.61,469679,105731.0,116738.0,3250.0,3257.0,3239.8,3251.5,42125300,3576.6,2926.4,4322.95,2866.6,3248.1,203,2,3248.0,365,6,3247.9,38,4,3247.8,108,4,3247.7,64,3,3249.4,46,2,3249.5,32,1,3249.6,87,4,3249.8,4,1,3249.9,91,3
11536,2025-12-30 11:18:36+05:30,3248.1,8,3249.61,469687,105735.0,117339.0,3250.0,3257.0,3239.8,3251.5,42125300,3576.6,2926.4,4322.95,2866.6,3248.1,235,5,3248.0,341,6,3247.9,38,4,3247.8,137,5,3247.7,36,2,3249.4,38,3,3249.5,32,1,3249.6,60,3,3249.9,91,3,3250.0,76,3
11536,2025-12-30 11:18:37+05:30,3248.0,55,3249.61,469687,105735.0,117339.0,3250.0,3257.0,3239.8,3251.5,42125300,3576.6,2926.4,4322.95,2866.6,3248.1,235,5,3248.0,341,6,3247.9,38,4,3247.8,137,5,3247.7,36,2,3249.4,38,3,3249.5,32,1,3249.6,60,3,3249.9,91,3,3250.0,76,3
11536,2025-12-30 11:18:37+05:30,3248.0,55,3249.61,469758,101800.0,115806.0,3250.0,3257.0,3239.8,3251.5,42125300,3576.6,2926.4,4322.95,2866.6,3248.1,160,1,3248.0,19,1,3247.9,27,2,3247.8,87,3,3247.7,24,1,3248.2,11,3,3249.2,6,1,3249.4,5,2,3249.6,60,3,3249.7,194,3
11536,2025-12-30 11:18:38+05:30,3248.1,2,3249.61,469758,101800.0,115806.0,3250.0,3257.0,3239.8,3251.5,42125300,3576.6,2926.4,4322.95,2866.6,3248.1,160,1,3248.0,19,1,3247.9,27,2,3247.8,87,3,3247.7,24,1,3248.2,11,3,3249.2,6,1,3249.4,5,2,3249.6,60,3,3249.7,194,3
11536,2025-12-30 11:18:38+05:30,3248.1,2,3249.61,469761,103255.0,118142.0,3250.0,3257.0,3239.8,3251.5,42125300,3576.6,2926.4,4322.95,2866.6,3248.1,208,2,3248.0,19,1,3247.9,27,2,3247.8,87,3,3247.7,70,2,3248.2,11,4,3249.2,6,1,3249.4,4,1,3249.6,60,3,3249.7,195,4
11536,2025-12-30 11:18:39+05:30,3249.2,2,3249.61,469761,103255.0,118142.0,3250.0,3257.0,3239.8,3251.5,42125300,3576.6,2926.4,4322.95,2866.6,3248.1,208,2,3248.0,19,1,3247.9,27,2,3247.8,87,3,3247.7,70,2,3248.2,11,4,3249.2,6,1,3249.4,4,1,3249.6,60,3,3249.7,195,4
11536,2025-12-30 11:18:39+05:30,3249.2,2,3249.61,469846,103449.0,118292.0,3250.0,3257.0,3239.8,3251.5,42125300,3576.6,2926.4,4322.95,2866.6,3248.2,102,2,3248.1,99,2,3248.0,19,1,3247.9,24,1,3247.8,135,4,3249.1,59,2,3249.2,3,1,3249.3,15,1,3249.4,44,3,3249.6,38,2
11536,2025-12-30 11:18:40+05:30,3249.2,2,3249.61,469846,103162.0,115434.0,3250.0,3257.0,3239.8,3251.5,42125300,3576.6,2926.4,4322.95,2866.6,3248.2,102,2,3248.1,99,2,3248.0,78,3,3247.9,70,2,3247.8,89,3,3249.1,59,2,3249.2,3,1,3249.3,15,1,3249.4,22,2,3249.6,38,2
11536,2025-12-30 11:18:41+05:30,3248.2,25,3249.61,469846,103162.0,115434.0,3250.0,3257.0,3239.8,3251.5,42125300,3576.6,2926.4,4322.95,2866.6,3248.2,102,2,3248.1,99,2,3248.0,78,3,3247.9,70,2,3247.8,89,3,3249.1,59,2,3249.2,3,1,3249.3,15,1,3249.4,22,2,3249.6,38,2
11536,2025-12-30 11:18:41+05:30,3248.2,25,3249.61,469885,103922.0,117630.0,3250.0,3257.0,3239.8,3251.5,42125300,3576.6,2926.4,4322.95,2866.6,3248.7,73,1,3248.2,21,1,3248.1,99,2,3248.0,124,4,3247.9,190,2,3249.1,46,3,3249.3,15,1,3249.4,22,2,3249.6,38,2,3249.7,59,2
11536,2025-12-30 11:18:42+05:30,3250.0,118,3249.61,469885,103922.0,117630.0,3250.0,3257.0,3239.8,3251.5,42125300,3576.6,2926.4,4322.95,2866.6,3248.7,73,1,3248.2,21,1,3248.1,99,2,3248.0,124,4,3247.9,190,2,3249.1,46,3,3249.3,15,1,3249.4,22,2,3249.6,38,2,3249.7,59,2
11536,2025-12-30 11:18:42+05:30,3250.0,118,3249.61,470371,106668.0,117058.0,3250.0,3257.0,3239.8,3251.5,42125300,3576.6,2926.4,4322.95,2866.6,3249.6,1,1,3248.8,21,1,3248.7,143,3,3248.6,22,1,3248.5,61,1,3249.7,34,3,3249.8,33,1,3249.9,18,1,3250.0,62,3,3250.2,87,4
11536,2025-12-30 11:18:43+05:30,3249.6,4,3249.61,470371,106668.0,117058.0,3250.0,3257.0,3239.8,3251.5,42125300,3576.6,2926.4,4322.95,2866.6,3249.6,1,1,3248.8,21,1,3248.7,143,3,3248.6,22,1,3248.5,61,1,3249.7,34,3,3249.8,33,1,3249.9,18,1,3250.0,62,3,3250.2,87,4
11536,2025-12-30 11:18:43+05:30,3249.6,10,3249.61,470460,105955.0,117271.0,3250.0,3257.0,3239.8,3251.5,42125300,3576.6,2926.4,4322.95,2866.6,3249.6,36,1,3248.8,22,1,3248.7,9,1,3248.6,21,1,3248.5,61,1,3249.7,60,4,3249.8,10,1,3249.9,66,3,3250.0,99,6,3250.1,21,1
11536,2025-12-30 11:18:44+05:30,3249.7,7,3249.61,470460,105955.0,117271.0,3250.0,3257.0,3239.8,3251.5,42125300,3576.6,2926.4,4322.95,2866.6,3249.6,36,1,3248.8,22,1,3248.7,9,1,3248.6,21,1,3248.5,61,1,3249.7,60,4,3249.8,10,1,3249.9,66,3,3250.0,99,6,3250.1,21,1
11536,2025-12-30 11:18:45+05:30,3249.6,139,3249.61,470607,105902.0,117527.0,3250.0,3257.0,3239.8,3251.5,42125300,3576.6,2926.4,4322.95,2866.6,3249.6,160,1,3248.8,37,2,3248.7,9,1,3248.6,40,2,3248.5,84,2,3249.7,69,5,3249.8,10,1,3249.9,55,2,3250.0,53,3,3250.2,36,2
11536,2025-12-30 11:18:45+05:30,3249.7,4,3249.61,470607,105902.0,117527.0,3250.0,3257.0,3239.8,3251.5,42125300,3576.6,2926.4,4322.95,2866.6,3249.6,160,1,3248.8,37,2,3248.7,9,1,3248.6,40,2,3248.5,84,2,3249.7,69,5,3249.8,10,1,3249.9,55,2,3250.0,53,3,3250.2,36,2
11536,2025-12-30 11:18:46+05:30,3249.6,24,3249.61,470638,105874.0,117530.0,3250.0,3257.0,3239.8,3251.5,42125300,3576.6,2926.4,4322.95,2866.6,3249.6,208,3,3248.8,37,2,3248.7,9,1,3248.6,40,2,3248.5,84,2,3249.7,63,5,3249.8,10,1,3249.9,55,2,3250.0,49,2,3250.2,36,2
11536,2025-12-30 11:18:46+05:30,3249.6,2,3249.61,470638,105874.0,117530.0,3250.0,3257.0,3239.8,3251.5,42125300,3576.6,2926.4,4322.95,2866.6,3249.6,208,3,3248.8,37,2,3248.7,9,1,3248.6,40,2,3248.5,84,2,3249.7,63,5,3249.8,10,1,3249.9,55,2,3250.0,49,2,3250.2,36,2
11536,2025-12-30 11:18:47+05:30,3249.6,42,3249.61,470759,107069.0,119005.0,3250.0,3257.0,3239.8,3251.5,42125300,3576.6,2926.4,4322.95,2866.6,3249.6,88,3,3248.8,60,2,3248.7,12,2,3248.6,67,2,3248.5,360,3,3249.7,35,4,3249.8,10,1,3250.0,49,2,3250.2,28,1,3250.3,20,1
11536,2025-12-30 11:18:47+05:30,3249.6,42,3249.61,470759,107069.0,119005.0,3250.0,3257.0,3239.8,3251.5,42125300,3576.6,2926.4,4322.95,2866.6,3249.6,88,3,3248.8,60,2,3248.7,12,2,3248.6,67,2,3248.5,360,3,3249.7,35,4,3249.8,10,1,3250.0,49,2,3250.2,28,1,3250.3,20,1
11536,2025-12-30 11:18:48+05:30,3249.6,2,3249.61,470761,107091.0,118851.0,3250.0,3257.0,3239.8,3251.5,42125300,3576.6,2926.4,4322.95,2866.6,3249.6,86,3,3248.8,60,2,3248.7,12,2,3248.6,67,2,3248.5,374,4,3249.7,38,4,3249.8,10,1,3249.9,46,2,3250.0,68,3,3250.2,64,3
11536,2025-12-30 11:18:48+05:30,3249.6,7,3249.61,470761,107091.0,118851.0,3250.0,3257.0,3239.8,3251.5,42125300,3576.6,2926.4,4322.95,2866.6,3249.6,86,3,3248.8,60,2,3248.7,12,2,3248.6,67,2,3248.5,374,4,3249.7,38,4,3249.8,10,1,3249.9,46,2,3250.0,68,3,3250.2,64,3
11536,2025-12-30 11:18:49+05:30,3249.6,1,3249.61,470769,106700.0,118995.0,3250.0,3257.0,3239.8,3251.5,42125300,3576.6,2926.4,4322.95,2866.6,3249.6,78,3,3248.8,22,1,3248.7,9,1,3248.6,21,1,3248.5,218,3,3249.7,66,5,3249.8,34,3,3249.9,23,2,3250.0,383,5,3250.1,21,1
11536,2025-12-30 11:18:49+05:30,3249.7,1,3249.61,470769,106700.0,118995.0,3250.0,3257.0,3239.8,3251.5,42125300,3576.6,2926.4,4322.95,2866.6,3249.6,78,3,3248.8,22,1,3248.7,9,1,3248.6,21,1,3248.5,218,3,3249.7,66,5,3249.8,34,3,3249.9,23,2,3250.0,383,5,3250.1,21,1
11536,2025-12-30 11:18:50+05:30,3249.6,1,3249.61,470806,105764.0,118652.0,3250.0,3257.0,3239.8,3251.5,42125300,3576.6,2926.4,4322.95,2866.6,3249.6,202,3,3248.8,60,2,3248.7,9,1,3248.6,67,2,3248.5,374,4,3249.7,34,3,3249.8,10,1,3250.0,110,4,3250.1,21,1,3250.2,56,3
11536,2025-12-30 11:18:50+05:30,3249.6,2,3249.61,470806,105764.0,118652.0,3250.0,3257.0,3239.8,3251.5,42125300,3576.6,2926.4,4322.95,2866.6,3249.6,202,3,3248.8,60,2,3248.7,9,1,3248.6,67,2,3248.5,374,4,3249.7,34,3,3249.8,10,1,3250.0,110,4,3250.1,21,1,3250.2,56,3
11536,2025-12-30 11:18:51+05:30,3249.6,2,3249.61,470808,105788.0,118672.0,3250.0,3257.0,3239.8,3251.5,42125300,3576.6,2926.4,4322.95,2866.6,3249.6,200,3,3248.8,60,2,3248.7,9,1,3248.6,67,2,3248.5,400,5,3249.7,34,3,3249.8,10,1,3249.9,28,1,3250.0,82,3,3250.1,21,1
11536,2025-12-30 11:18:51+05:30,3249.6,11,3249.61,470808,105788.0,118672.0,3250.0,3257.0,3239.8,3251.5,42125300,3576.6,2926.4,4322.95,2866.6,3249.6,200,3,3248.8,60,2,3248.7,9,1,3248.6,67,2,3248.5,400,5,3249.7,34,3,3249.8,10,1,3249.9,28,1,3250.0,82,3,3250.1,21,1
11536,2025-12-30 11:18:52+05:30,3249.6,11,3249.61,470819,107492.0,117241.0,3250.0,3257.0,3239.8,3251.5,42125300,3576.6,2926.4,4322.95,2866.6,3249.6,189,3,3248.8,60,2,3248.7,163,2,3248.6,223,3,3248.5,234,4,3249.7,33,3,3249.8,10,1,3249.9,28,1,3250.0,49,2,3250.1,54,2
11536,2025-12-30 11:18:52+05:30,3249.6,10,3249.61,470819,107492.0,117241.0,3250.0,3257.0,3239.8,3251.5,42125300,3576.6,2926.4,4322.95,2866.6,3249.6,189,3,3248.8,60,2,3248.7,163,2,3248.6,223,3,3248.5,234,4,3249.7,33,3,3249.8,10,1,3249.9,28,1,3250.0,49,2,3250.1,54,2
11536,2025-12-30 11:18:53+05:30,3249.6,1,3249.61,470830,107482.0,116383.0,3250.0,3257.0,3239.8,3251.5,42125300,3576.6,2926.4,4322.95,2866.6,3249.6,179,4,3248.8,60,2,3248.7,163,2,3248.6,223,3,3248.5,234,4,3249.7,33,3,3249.8,10,1,3249.9,18,1,3250.0,89,4,3250.1,49,2
11536,2025-12-30 11:18:53+05:30,3249.6,1,3249.61,470830,107482.0,116383.0,3250.0,3257.0,3239.8,3251.5,42125300,3576.6,2926.4,4322.95,2866.6,3249.6,179,4,3248.8,60,2,3248.7,163,2,3248.6,223,3,3248.5,234,4,3249.7,33,3,3249.8,10,1,3249.9,18,1,3250.0,89,4,3250.1,49,2
11536,2025-12-30 11:18:54+05:30,3249.7,2,3249.61,470870,106435.0,117738.0,3250.0,3257.0,3239.8,3251.5,42125300,3576.6,2926.4,4322.95,2866.6,3249.7,1,1,3249.6,176,3,3248.8,106,3,3248.7,319,3,3248.6,205,3,3250.0,61,3,3250.2,78,4,3250.3,20,1,3250.4,42,2,3250.5,85,5
11536,2025-12-30 11:18:54+05:30,3249.7,2,3249.61,470870,106435.0,117738.0,3250.0,3257.0,3239.8,3251.5,42125300,3576.6,2926.4,4322.95,2866.6,3249.7,1,1,3249.6,176,3,3248.8,106,3,3248.7,319,3,3248.6,205,3,3250.0,61,3,3250.2,78,4,3250.3,20,1,3250.4,42,2,3250.5,85,5
11536,2025-12-30 11:18:55+05:30,3250.0,1,3249.61,470871,106439.0,119040.0,3250.0,3257.0,3239.8,3251.5,42125300,3576.6,2926.4,4322.95,2866.6,3249.7,2,2,3249.6,176,3,3248.8,60,2,3248.7,365,4,3248.6,205,3,3250.0,61,4,3250.1,43,2,3250.2,104,5,3250.3,20,1,3250.4,42,2
11536,2025-12-30 11:18:55+05:30,3250.0,1,3249.61,470871,106439.0,119040.0,3250.0,3257.0,3239.8,3251.5,42125300,3576.6,2926.4,4322.95,2866.6,3249.7,2,2,3249.6,176,3,3248.8,60,2,3248.7,365,4,3248.6,205,3,3250.0,61,4,3250.1,43,2,3250.2,104,5,3250.3,20,1,3250.4,42,2
11536,2025-12-30 11:18:56+05:30,3249.9,12,3249.61,471044,106247.0,117996.0,3250.0,3257.0,3239.8,3251.5,42125300,3576.6,2926.4,4322.95,2866.6,3249.9,159,2,3249.7,52,2,3249.6,16,2,3248.9,177,1,3248.8,262,4,3250.0,153,8,3250.1,15,1,3250.2,50,3,3250.3,20,1,3250.4,42,2
11536,2025-12-30 11:18:56+05:30,3250.0,1,3249.61,471044,106247.0,117996.0,3250.0,3257.0,3239.8,3251.5,42125300,3576.6,2926.4,4322.95,2866.6,3249.9,159,2,3249.7,52,2,3249.6,16,2,3248.9,177,1,3248.8,262,4,3250.0,153,8,3250.1,15,1,3250.2,50,3,3250.3,20,1,3250.4,42,2
11536,2025-12-30 11:18:57+05:30,3249.9,78,3249.61,471123,106169.0,119517.0,3250.0,3257.0,3239.8,3251.5,42125300,3576.6,2926.4,4322.95,2866.6,3249.9,81,2,3249.7,52,2,3249.6,16,2,3248.9,177,1,3248.8,262,4,3250.0,128,9,3250.1,43,2,3250.2,50,3,3250.3,20,1,3250.4,42,2
11536,2025-12-30 11:18:57+05:30,3250.0,25,3249.61,471123,106169.0,119517.0,3250.0,3257.0,3239.8,3251.5,42125300,3576.6,2926.4,4322.95,2866.6,3249.9,81,2,3249.7,52,2,3249.6,16,2,3248.9,177,1,3248.8,262,4,3250.0,128,9,3250.1,43,2,3250.2,50,3,3250.3,20,1,3250.4,42,2
11536,2025-12-30 11:18:58+05:30,3249.9,4,3249.61,471419,104683.0,119266.0,3250.0,3257.0,3239.8,3251.5,42125300,3576.6,2926.4,4322.95,2866.6,3249.9,152,2,3249.7,52,2,3249.6,16,2,3248.9,159,1,3248.8,262,4,3250.0,123,9,3250.2,40,2,3250.3,20,1,3250.4,42,2,3250.5,78,4
11536,2025-12-30 11:18:58+05:30,3249.9,4,3249.61,471419,104683.0,119266.0,3250.0,3257.0,3239.8,3251.5,42125300,3576.6,2926.4,4322.95,2866.6,3249.9,152,2,3249.7,52,2,3249.6,16,2,3248.9,159,1,3248.8,262,4,3250.0,123,9,3250.2,40,2,3250.3,20,1,3250.4,42,2,3250.5,78,4
11536,2025-12-30 11:18:59+05:30,3249.9,24,3249.61,471443,104659.0,119267.0,3250.0,3257.0,3239.8,3251.5,42125300,3576.6,2926.4,4322.95,2866.6,3249.9,128,2,3249.7,52,2,3249.6,16,2,3248.9,159,1,3248.8,262,4,3250.0,124,12,3250.2,40,2,3250.3,20,1,3250.4,42,2,3250.5,78,4
11536,2025-12-30 11:18:59+05:30,3249.9,1,3249.61,471443,104659.0,119267.0,3250.0,3257.0,3239.8,3251.5,42125300,3576.6,2926.4,4322.95,2866.6,3249.9,128,2,3249.7,52,2,3249.6,16,2,3248.9,159,1,3248.8,262,4,3250.0,124,12,3250.2,40,2,3250.3,20,1,3250.4,42,2,3250.5,78,4
11536,2025-12-30 11:19:00+05:30,3250.0,1,3249.61,471532,105959.0,119433.0,3250.0,3257.0,3239.8,3251.5,42125300,3576.6,2926.4,4322.95,2866.6,3249.9,40,2,3249.7,52,2,3249.6,16,2,3248.9,156,1,3248.8,216,3,3250.0,115,11,3250.2,40,2,3250.3,20,1,3250.4,42,2,3250.5,78,4
11536,2025-12-30 11:19:00+05:30,3249.9,1,3249.61,471532,105959.0,119433.0,3250.0,3257.0,3239.8,3251.5,42125300,3576.6,2926.4,4322.95,2866.6,3249.9,40,2,3249.7,52,2,3249.6,16,2,3248.9,156,1,3248.8,216,3,3250.0,115,11,3250.2,40,2,3250.3,20,1,3250.4,42,2,3250.5,78,4
11536,2025-12-30 11:19:01+05:30,3250.0,1,3249.61,471545,106012.0,119569.0,3250.0,3257.0,3239.8,3251.5,42125300,3576.6,2926.4,4322.95,2866.6,3249.9,86,3,3249.7,52,2,3249.6,16,2,3248.9,156,1,3248.8,216,3,3250.0,117,11,3250.2,40,2,3250.3,302,2,3250.4,42,2,3250.5,78,4
11536,2025-12-30 11:19:01+05:30,3250.0,1,3249.61,471545,106012.0,119569.0,3250.0,3257.0,3239.8,3251.5,42125300,3576.6,2926.4,4322.95,2866.6,3249.9,86,3,3249.7,52,2,3249.6,16,2,3248.9,156,1,3248.8,216,3,3250.0,117,11,3250.2,40,2,3250.3,302,2,3250.4,42,2,3250.5,78,4
11536,2025-12-30 11:19:02+05:30,3249.9,2,3249.61,471547,106029.0,118228.0,3250.0,3257.0,3239.8,3251.5,42125300,3576.6,2926.4,4322.95,2866.6,3249.9,84,3,3249.7,55,3,3249.6,16,2,3248.9,156,1,3248.8,278,5,3250.0,118,12,3250.2,40,2,3250.3,20,1,3250.4,42,2,3250.5,78,4
11536,2025-12-30 11:19:02+05:30,3249.9,9,3249.61,471547,106029.0,118228.0,3250.0,3257.0,3239.8,3251.5,42125300,3576.6,2926.4,4322.95,2866.6,3249.9,84,3,3249.7,55,3,3249.6,16,2,3248.9,156,1,3248.8,278,5,3250.0,118,12,3250.2,40,2,3250.3,20,1,3250.4,42,2,3250.5,78,4
11536,2025-12-30 11:19:03+05:30,3249.9,160,3249.61,472119,104699.0,118786.0,3250.0,3257.0,3239.8,3251.5,42125300,3576.6,2926.4,4322.95,2866.6,3249.9,171,2,3249.7,55,3,3249.6,16,2,3248.9,46,1,3248.8,379,7,3250.0,56,5,3250.3,30,2,3250.4,47,2,3250.5,56,2,3250.6,36,2
11536,2025-12-30 11:19:03+05:30,3249.9,160,3249.61,472119,104699.0,118786.0,3250.0,3257.0,3239.8,3251.5,42125300,3576.6,2926.4,4322.95,2866.6,3249.9,171,2,3249.7,55,3,3249.6,16,2,3248.9,46,1,3248.8,379,7,3250.0,56,5,3250.3,30,2,3250.4,47,2,3250.5,56,2,3250.6,36,2
11536,2025-12-30 11:19:04+05:30,3250.0,1,3249.61,472120,106099.0,118797.0,3250.0,3257.0,3239.8,3251.5,42125300,3576.6,2926.4,4322.95,2866.6,3249.9,171,2,3249.7,55,3,3249.6,16,2,3248.8,425,8,3248.7,168,3,3250.0,61,6,3250.2,21,1,3250.3,59,3,3250.4,61,3,3250.5,21,1
11536,2025-12-30 11:19:04+05:30,3249.9,2,3249.61,472120,106099.0,118797.0,3250.0,3257.0,3239.8,3251.5,42125300,3576.6,2926.4,4322.95,2866.6,3249.9,171,2,3249.7,55,3,3249.6,16,2,3248.8,425,8,3248.7,168,3,3250.0,61,6,3250.2,21,1,3250.3,59,3,3250.4,61,3,3250.5,21,1
11536,2025-12-30 11:19:05+05:30,3249.9,1,3249.61,472124,106154.0,118796.0,3250.0,3257.0,3239.8,3251.5,42125300,3576.6,2926.4,4322.95,2866.6,3249.9,225,3,3249.7,55,3,3249.6,16,2,3248.9,46,1,3248.8,379,7,3250.0,60,6,3250.2,21,1,3250.3,59,3,3250.4,61,3,3250.5,21,1
11536,2025-12-30 11:19:05+05:30,3249.9,156,3249.61,472124,106154.0,118796.0,3250.0,3257.0,3239.8,3251.5,42125300,3576.6,2926.4,4322.95,2866.6,3249.9,225,3,3249.7,55,3,3249.6,16,2,3248.9,46,1,3248.8,379,7,3250.0,60,6,3250.2,21,1,3250.3,59,3,3250.4,61,3,3250.5,21,1
11536,2025-12-30 11:19:06+05:30,3250.0,2,3249.61,472312,105727.0,116113.0,3250.0,3257.0,3239.8,3251.5,42125300,3576.6,2926.4,4322.95,2866.6,3249.9,226,3,3249.7,55,3,3249.6,16,2,3248.9,200,2,3248.8,223,6,3250.0,51,7,3250.3,44,2,3250.4,61,3,3250.5,41,2,3250.6,47,3
11536,2025-12-30 11:19:06+05:30,3250.0,2,3249.61,472312,105727.0,116113.0,3250.0,3257.0,3239.8,3251.5,42125300,3576.6,2926.4,4322.95,2866.6,3249.9,226,3,3249.7,55,3,3249.6,16,2,3248.9,200,2,3248.8,223,6,3250.0,51,7,3250.3,44,2,3250.4,61,3,3250.5,41,2,3250.6,47,3
11536,2025-12-30 11:19:07+05:30,3249.9,1,3249.61,472553,105232.0,116216.0,3250.0,3257.0,3239.8,3251.5,42125300,3576.6,2926.4,4322.95,2866.6,3249.9,55,2,3249.7,55,3,3249.6,16,2,3248.9,156,1,3248.8,253,7,3250.0,50,8,3250.1,29,1,3250.2,65,3,3250.3,18,1,3250.4,8,1
11536,2025-12-30 11:19:07+05:30,3249.9,1,3249.61,472553,105232.0,116216.0,3250.0,3257.0,3239.8,3251.5,42125300,3576.6,2926.4,4322.95,2866.6,3249.9,55,2,3249.7,55,3,3249.6,16,2,3248.9,156,1,3248.8,253,7,3250.0,50,8,3250.1,29,1,3250.2,65,3,3250.3,18,1,3250.4,8,1
11536,2025-12-30 11:19:08+05:30,3249.6,16,3249.61,472838,103814.0,119267.0,3250.0,3257.0,3239.8,3251.5,42125300,3576.6,2926.4,4322.95,2866.6,3249.6,16,1,3248.8,32,2,3248.7,9,1,3248.6,21,1,3248.5,25,2,3249.7,174,6,3249.8,53,2,3249.9,58,4,3250.0,51,7,3250.1,15,1
11536,2025-12-30 11:19:08+05:30,3249.6,16,3249.61,472838,103814.0,119267.0,3250.0,3257.0,3239.8,3251.5,42125300,3576.6,2926.4,4322.95,2866.6,3249.6,16,1,3248.8,32,2,3248.7,9,1,3248.6,21,1,3248.5,25,2,3249.7,174,6,3249.8,53,2,3249.9,58,4,3250.0,51,7,3250.1,15,1
11536,2025-12-30 11:19:09+05:30,3249.6,8,3249.61,473023,102775.0,120144.0,3250.0,3257.0,3239.8,3251.5,42125300,3576.6,2926.4,4322.95,2866.6,3248.8,23,2,3248.7,9,1,3248.5,25,2,3248.4,19,2,3248.3,8,1,3249.6,59,6,3249.7,31,4,3249.8,35,1,3249.9,99,6,3250.0,59,7
11536,2025-12-30 11:19:09+05:30,3249.6,8,3249.61,473023,102775.0,120144.0,3250.0,3257.0,3239.8,3251.5,42125300,3576.6,2926.4,4322.95,2866.6,3248.8,23,2,3248.7,9,1,3248.5,25,2,3248.4,19,2,3248.3,8,1,3249.6,59,6,3249.7,31,4,3249.8,35,1,3249.9,99,6,3250.0,59,7
11536,2025-12-30 11:19:10+05:30,3248.8,41,3249.61,473087,102992.0,118905.0,3250.0,3257.0,3239.8,3251.5,42125300,3576.6,2926.4,4322.95,2866.6,3248.8,53,3,3248.7,9,1,3248.5,25,2,3248.4,16,1,3248.3,8,1,3249.5,29,1,3249.6,30,5,3249.7,24,3,3249.8,35,1,3249.9,105,7
11536,2025-12-30 11:19:10+05:30,3249.5,1,3249.61,473087,102992.0,118905.0,3250.0,3257.0,3239.8,3251.5,42125300,3576.6,2926.4,4322.95,2866.6,3248.8,53,3,3248.7,9,1,3248.5,25,2,3248.4,16,1,3248.3,8,1,3249.5,29,1,3249.6,30,5,3249.7,24,3,3249.8,35,1,3249.9,105,7
11536,2025-12-30 11:19:11+05:30,3248.8,2,3249.61,473230,102417.0,120332.0,3250.0,3257.0,3239.8,3251.5,42125300,3576.6,2926.4,4322.95,2866.6,3248.8,92,3,3248.7,9,1,3248.5,25,2,3248.3,8,1,3248.2,23,2,3249.4,87,4,3249.5,21,4,3249.6,10,1,3249.8,21,2,3249.9,95,6
11536,2025-12-30 11:19:11+05:30,3249.4,1,3249.61,473230,102417.0,120332.0,3250.0,3257.0,3239.8,3251.5,42125300,3576.6,2926.4,4322.95,2866.6,3248.8,92,3,3248.7,9,1,3248.5,25,2,3248.3,8,1,3248.2,23,2,3249.4,87,4,3249.5,21,4,3249.6,10,1,3249.8,21,2,3249.9,95,6
11536,2025-12-30 11:19:12+05:30,3249.4,2,3249.61,473252,102585.0,120192.0,3250.0,3257.0,3239.8,3251.5,42125300,3576.6,2926.4,4322.95,2866.6,3248.8,9,2,3248.7,80,2,3248.5,25,2,3248.2,23,2,3248.1,10,1,3249.4,57,4,3249.5,29,4,3249.7,29,1,3249.8,21,2,3249.9,95,6
11536,2025-12-30 11:19:12+05:30,3249.4,2,3249.61,473252,102585.0,120192.0,3250.0,3257.0,3239.8,3251.5,42125300,3576.6,2926.4,4322.95,2866.6,3248.8,9,2,3248.7,80,2,3248.5,25,2,3248.2,23,2,3248.1,10,1,3249.4,57,4,3249.5,29,4,3249.7,29,1,3249.8,21,2,3249.9,95,6
11536,2025-12-30 11:19:13+05:30,3248.8,1,3249.61,473296,102587.0,119994.0,3250.0,3257.0,3239.8,3251.5,42125300,3576.6,2926.4,4322.95,2866.6,3248.8,11,2,3248.7,80,2,3248.5,25,2,3248.2,23,2,3248.1,10,1,3249.4,89,7,3249.5,35,3,3249.7,14,1,3249.8,21,2,3249.9,95,6
11536,2025-12-30 11:19:13+05:30,3248.8,1,3249.61,473296,102587.0,119994.0,3250.0,3257.0,3239.8,3251.5,42125300,3576.6,2926.4,4322.95,2866.6,3248.8,11,2,3248.7,80,2,3248.5,25,2,3248.2,23,2,3248.1,10,1,3249.4,89,7,3249.5,35,3,3249.7,14,1,3249.8,21,2,3249.9,95,6
11536,2025-12-30 11:19:14+05:30,3248.8,1,3249.61,473296,102491.0,120168.0,3250.0,3257.0,3239.8,3251.5,42125300,3576.6,2926.4,4322.95,2866.6,3248.8,82,3,3248.7,9,1,3248.5,25,2,3248.2,23,2,3248.1,10,1,3249.3,71,5,3249.4,79,6,3249.5,25,2,3249.6,39,2,3249.7,29,2
11536,2025-12-30 11:19:14+05:30,3248.8,2,3249.61,473296,102491.0,120168.0,3250.0,3257.0,3239.8,3251.5,42125300,3576.6,2926.4,4322.95,2866.6,3248.8,82,3,3248.7,9,1,3248.5,25,2,3248.2,23,2,3248.1,10,1,3249.3,71,5,3249.4,79,6,3249.5,25,2,3249.6,39,2,3249.7,29,2
11536,2025-12-30 11:19:15+05:30,3248.8,6,3249.61,473314,103767.0,119749.0,3250.0,3257.0,3239.8,3251.5,42125300,3576.6,2926.4,4322.95,2866.6,3248.8,88,3,3248.7,9,1,3248.5,25,2,3248.2,23,2,3248.1,10,1,3249.3,2,2,3249.4,34,2,3249.5,20,1,3249.6,29,1,3249.7,21,1
11536,2025-12-30 11:19:15+05:30,3248.8,6,3249.61,473314,103767.0,119749.0,3250.0,3257.0,3239.8,3251.5,42125300,3576.6,2926.4,4322.95,2866.6,3248.8,88,3,3248.7,9,1,3248.5,25,2,3248.2,23,2,3248.1,10,1,3249.3,2,2,3249.4,34,2,3249.5,20,1,3249.6,29,1,3249.7,21,1
11536,2025-12-30 11:19:16+05:30,3249.3,1,3249.61,473315,103743.0,119987.0,3250.0,3257.0,3239.8,3251.5,42125300,3576.6,2926.4,4322.95,2866.6,3248.9,65,1,3248.8,23,2,3248.7,9,1,3248.5,25,2,3248.2,23,2,3249.3,3,3,3249.4,62,4,3249.5,63,2,3249.6,293,2,3249.7,21,1
11536,2025-12-30 11:19:16+05:30,3249.3,1,3249.61,473315,103743.0,119987.0,3250.0,3257.0,3239.8,3251.5,42125300,3576.6,2926.4,4322.95,2866.6,3248.9,65,1,3248.8,23,2,3248.7,9,1,3248.5,25,2,3248.2,23,2,3249.3,3,3,3249.4,62,4,3249.5,63,2,3249.6,293,2,3249.7,21,1
11536,2025-12-30 11:19:17+05:30,3248.9,1,3249.61,473412,103218.0,120490.0,3250.0,3257.0,3239.8,3251.5,42125300,3576.6,2926.4,4322.95,2866.6,3248.9,115,2,3248.8,23,2,3248.7,9,1,3248.6,19,2,3248.5,25,2,3249.3,83,7,3249.4,41,2,3249.6,328,4,3249.7,21,1,3249.8,22,3
11536,2025-12-30 11:19:17+05:30,3249.3,2,3249.61,473412,103218.0,120490.0,3250.0,3257.0,3239.8,3251.5,42125300,3576.6,2926.4,4322.95,2866.6,3248.9,115,2,3248.8,23,2,3248.7,9,1,3248.6,19,2,3248.5,25,2,3249.3,83,7,3249.4,41,2,3249.6,328,4,3249.7,21,1,3249.8,22,3
11536,2025-12-30 11:19:18+05:30,3249.3,2,3249.61,473418,103963.0,119787.0,3250.0,3257.0,3239.8,3251.5,42125300,3576.6,2926.4,4322.95,2866.6,3249.1,65,1,3248.9,47,1,3248.8,23,2,3248.7,9,1,3248.6,19,2,3249.3,73,6,3249.4,48,2,3249.6,328,4,3249.7,30,2,3249.8,37,4
11536,2025-12-30 11:19:18+05:30,3249.1,2,3249.61,473418,103963.0,119787.0,3250.0,3257.0,3239.8,3251.5,42125300,3576.6,2926.4,4322.95,2866.6,3249.1,65,1,3248.9,47,1,3248.8,23,2,3248.7,9,1,3248.6,19,2,3249.3,73,6,3249.4,48,2,3249.6,328,4,3249.7,30,2,3249.8,37,4
11536,2025-12-30 11:19:19+05:30,3249.1,29,3249.61,473449,103970.0,119559.0,3250.0,3257.0,3239.8,3251.5,42125300,3576.6,2926.4,4322.95,2866.6,3249.1,34,1,3248.9,47,1,3248.8,23,2,3248.7,9,1,3248.6,19,2,3249.3,17,4,3249.4,82,3,3249.5,34,1,3249.6,11,1,3249.7,30,2
11536,2025-12-30 11:19:19+05:30,3249.1,29,3249.61,473449,103970.0,119559.0,3250.0,3257.0,3239.8,3251.5,42125300,3576.6,2926.4,4322.95,2866.6,3249.1,34,1,3248.9,47,1,3248.8,23,2,3248.7,9,1,3248.6,19,2,3249.3,17,4,3249.4,82,3,3249.5,34,1,3249.6,11,1,3249.7,30,2
11536,2025-12-30 11:19:20+05:30,3249.2,7,3249.61,473458,103938.0,119528.0,3250.0,3257.0,3239.8,3251.5,42125300,3576.6,2926.4,4322.95,2866.6,3249.2,25,1,3248.9,47,1,3248.8,23,2,3248.7,9,1,3248.6,19,2,3249.3,16,3,3249.4,82,3,3249.5,34,1,3249.6,11,1,3249.7,24,2
11536,2025-12-30 11:19:20+05:30,3249.2,7,3249.61,473458,103938.0,119528.0,3250.0,3257.0,3239.8,3251.5,42125300,3576.6,2926.4,4322.95,2866.6,3249.2,25,1,3248.9,47,1,3248.8,23,2,3248.7,9,1,3248.6,19,2,3249.3,16,3,3249.4,82,3,3249.5,34,1,3249.6,11,1,3249.7,24,2
11536,2025-12-30 11:19:21+05:30,3249.2,71,3249.61,473458,103938.0,119528.0,3250.0,3257.0,3239.8,3251.5,42125300,3576.6,2926.4,4322.95,2866.6,3249.2,25,1,3248.9,47,1,3248.8,23,2,3248.7,9,1,3248.6,19,2,3249.3,16,3,3249.4,82,3,3249.5,34,1,3249.6,11,1,3249.7,24,2
11536,2025-12-30 11:19:21+05:30,3249.2,71,3249.61,473626,103781.0,118992.0,3250.0,3257.0,3239.8,3251.5,42125300,3576.6,2926.4,4322.95,2866.6,3249.2,71,1,3248.9,47,1,3248.8,23,2,3248.7,9,1,3248.6,19,2,3249.3,91,7,3249.4,33,1,3249.5,298,2,3249.6,49,3,3249.7,29,2
11536,2025-12-30 11:19:22+05:30,3249.3,1,3249.61,473626,103781.0,118992.0,3250.0,3257.0,3239.8,3251.5,42125300,3576.6,2926.4,4322.95,2866.6,3249.2,71,1,3248.9,47,1,3248.8,23,2,3248.7,9,1,3248.6,19,2,3249.3,91,7,3249.4,33,1,3249.5,298,2,3249.6,49,3,3249.7,29,2
11536,2025-12-30 11:19:22+05:30,3249.3,1,3249.61,473629,104010.0,120064.0,3250.0,3257.0,3239.8,3251.5,42125300,3576.6,2926.4,4322.95,2866.6,3249.2,125,2,3248.9,47,1,3248.8,23,2,3248.7,9,1,3248.6,19,2,3249.3,92,6,3249.4,315,2,3249.5,31,2,3249.6,44,3,3249.7,21,1
11536,2025-12-30 11:19:23+05:30,3249.2,50,3249.61,473629,104010.0,120064.0,3250.0,3257.0,3239.8,3251.5,42125300,3576.6,2926.4,4322.95,2866.6,3249.2,125,2,3248.9,47,1,3248.8,23,2,3248.7,9,1,3248.6,19,2,3249.3,92,6,3249.4,315,2,3249.5,31,2,3249.6,44,3,3249.7,21,1
11536,2025-12-30 11:19:24+05:30,3249.2,50,3249.61,473680,103443.0,120310.0,3250.0,3257.0,3239.8,3251.5,42125300,3576.6,2926.4,4322.95,2866.6,3249.2,74,2,3248.9,47,1,3248.8,23,2,3248.7,9,1,3248.6,19,2,3249.3,122,7,3249.4,20,1,3249.5,282,1,3249.6,6,1,3249.7,21,1
11536,2025-12-30 11:19:24+05:30,3249.2,56,3249.61,473680,103443.0,120310.0,3250.0,3257.0,3239.8,3251.5,42125300,3576.6,2926.4,4322.95,2866.6,3249.2,74,2,3248.9,47,1,3248.8,23,2,3248.7,9,1,3248.6,19,2,3249.3,122,7,3249.4,20,1,3249.5,282,1,3249.6,6,1,3249.7,21,1
11536,2025-12-30 11:19:25+05:30,3249.2,1,3249.61,473817,103219.0,120258.0,3250.0,3257.0,3239.8,3251.5,42125300,3576.6,2926.4,4322.95,2866.6,3249.2,45,1,3248.9,47,1,3248.8,23,2,3248.7,9,1,3248.6,19,2,3249.3,105,9,3249.5,298,2,3249.6,44,3,3249.7,24,2,3249.8,35,3
11536,2025-12-30 11:19:25+05:30,3249.2,6,3249.61,473817,103219.0,120258.0,3250.0,3257.0,3239.8,3251.5,42125300,3576.6,2926.4,4322.95,2866.6,3249.2,45,1,3248.9,47,1,3248.8,23,2,3248.7,9,1,3248.6,19,2,3249.3,105,9,3249.5,298,2,3249.6,44,3,3249.7,24,2,3249.8,35,3
11536,2025-12-30 11:19:26+05:30,3249.2,6,3249.61,473827,103211.0,119026.0,3250.0,3257.0,3239.8,3251.5,42125300,3576.6,2926.4,4322.95,2866.6,3249.2,36,1,3248.9,47,1,3248.8,23,2,3248.7,9,1,3248.6,19,2,3249.3,104,9,3249.4,282,1,3249.5,16,1,3249.6,44,3,3249.7,24,2
11536,2025-12-30 11:19:26+05:30,3249.2,30,3249.61,473827,103211.0,119026.0,3250.0,3257.0,3239.8,3251.5,42125300,3576.6,2926.4,4322.95,2866.6,3249.2,36,1,3248.9,47,1,3248.8,23,2,3248.7,9,1,3248.6,19,2,3249.3,104,9,3249.4,282,1,3249.5,16,1,3249.6,44,3,3249.7,24,2
11536,2025-12-30 11:19:27+05:30,3249.2,30,3249.61,473976,102207.0,121210.0,3250.0,3257.0,3239.8,3251.5,42125300,3576.6,2926.4,4322.95,2866.6,3248.9,47,1,3248.8,23,2,3248.7,9,1,3248.6,19,2,3248.5,25,2,3249.2,71,7,3249.3,380,7,3249.4,24,2,3249.5,33,2,3249.6,53,5
11536,2025-12-30 11:19:28+05:30,3248.9,4,3249.61,473986,102302.0,121167.0,3250.0,3257.0,3239.8,3251.5,42125300,3576.6,2926.4,4322.95,2866.6,3248.9,37,1,3248.8,77,3,3248.7,63,2,3248.6,19,2,3248.5,25,2,3249.1,296,5,3249.2,64,6,3249.3,102,5,3249.4,16,1,3249.5,33,2
11536,2025-12-30 11:19:28+05:30,3248.9,4,3249.61,473986,102302.0,121167.0,3250.0,3257.0,3239.8,3251.5,42125300,3576.6,2926.4,4322.95,2866.6,3248.9,37,1,3248.8,77,3,3248.7,63,2,3248.6,19,2,3248.5,25,2,3249.1,296,5,3249.2,64,6,3249.3,102,5,3249.4,16,1,3249.5,33,2
11536,2025-12-30 11:19:29+05:30,3248.8,26,3249.61,474072,101552.0,121814.0,3250.0,3257.0,3239.8,3251.5,42125300,3576.6,2926.4,4322.95,2866.6,3248.8,51,3,3248.7,63,2,3248.6,19,2,3248.5,25,2,3248.2,2,1,3248.9,12,3,3249.0,282,1,3249.1,27,4,3249.2,40,2,3249.3,102,5
11536,2025-12-30 11:19:29+05:30,3248.8,26,3249.61,474072,101552.0,121814.0,3250.0,3257.0,3239.8,3251.5,42125300,3576.6,2926.4,4322.95,2866.6,3248.8,51,3,3248.7,63,2,3248.6,19,2,3248.5,25,2,3248.2,2,1,3248.9,12,3,3249.0,282,1,3249.1,27,4,3249.2,40,2,3249.3,102,5
11536,2025-12-30 11:19:30+05:30,3248.8,3,3249.61,474075,101548.0,122023.0,3250.0,3257.0,3239.8,3251.5,42125300,3576.6,2926.4,4322.95,2866.6,3248.8,48,3,3248.7,63,2,3248.6,19,2,3248.5,25,2,3248.2,2,1,3248.9,25,5,3249.0,32,2,3249.1,364,6,3249.2,43,2,3249.3,90,5
11536,2025-12-30 11:19:30+05:30,3248.9,1,3249.61,474075,101548.0,122023.0,3250.0,3257.0,3239.8,3251.5,42125300,3576.6,2926.4,4322.95,2866.6,3248.8,48,3,3248.7,63,2,3248.6,19,2,3248.5,25,2,3248.2,2,1,3248.9,25,5,3249.0,32,2,3249.1,364,6,3249.2,43,2,3249.3,90,5
11536,2025-12-30 11:19:31+05:30,3248.8,3,3249.61,474140,101519.0,121567.0,3250.0,3257.0,3239.8,3251.5,42125300,3576.6,2926.4,4322.95,2866.6,3248.8,21,1,3248.7,63,2,3248.6,19,2,3248.5,25,2,3248.2,2,1,3248.9,7,4,3249.1,77,4,3249.2,43,2,3249.3,70,4,3249.4,36,2
11536,2025-12-30 11:19:31+05:30,3248.8,3,3249.61,474140,101519.0,121567.0,3250.0,3257.0,3239.8,3251.5,42125300,3576.6,2926.4,4322.95,2866.6,3248.8,21,1,3248.7,63,2,3248.6,19,2,3248.5,25,2,3248.2,2,1,3248.9,7,4,3249.1,77,4,3249.2,43,2,3249.3,70,4,3249.4,36,2
11536,2025-12-30 11:19:32+05:30,3248.8,30,3249.61,474170,101578.0,121226.0,3250.0,3257.0,3239.8,3251.5,42125300,3576.6,2926.4,4322.95,2866.6,3248.7,63,2,3248.6,43,3,3248.5,25,2,3248.2,2,1,3248.1,27,2,3248.9,6,5,3249.1,35,2,3249.2,30,1,3249.3,111,5,3249.4,16,1
11536,2025-12-30 11:19:32+05:30,3248.7,1,3249.61,474170,101578.0,121226.0,3250.0,3257.0,3239.8,3251.5,42125300,3576.6,2926.4,4322.95,2866.6,3248.7,63,2,3248.6,43,3,3248.5,25,2,3248.2,2,1,3248.1,27,2,3248.9,6,5,3249.1,35,2,3249.2,30,1,3249.3,111,5,3249.4,16,1
11536,2025-12-30 11:19:33+05:30,3248.7,8,3249.61,474187,101570.0,121224.0,3250.0,3257.0,3239.8,3251.5,42125300,3576.6,2926.4,4322.95,2866.6,3248.7,55,2,3248.6,43,3,3248.5,25,2,3248.2,2,1,3248.1,27,2,3248.9,4,4,3249.1,35,2,3249.2,57,2,3249.3,84,4,3249.4,16,1
11536,2025-12-30 11:19:33+05:30,3248.7,3,3249.61,474187,101570.0,121224.0,3250.0,3257.0,3239.8,3251.5,42125300,3576.6,2926.4,4322.95,2866.6,3248.7,55,2,3248.6,43,3,3248.5,25,2,3248.2,2,1,3248.1,27,2,3248.9,4,4,3249.1,35,2,3249.2,57,2,3249.3,84,4,3249.4,16,1
11536,2025-12-30 11:19:34+05:30,3248.7,8,3249.61,474200,101600.0,121486.0,3250.0,3257.0,3239.8,3251.5,42125300,3576.6,2926.4,4322.95,2866.6,3248.7,68,3,3248.6,19,2,3248.5,25,2,3248.2,2,1,3248.1,27,2,3248.9,4,4,3249.1,317,3,3249.2,85,4,3249.3,64,3,3249.4,27,2
11536,2025-12-30 11:19:34+05:30,3248.7,8,3249.61,474200,101600.0,121486.0,3250.0,3257.0,3239.8,3251.5,42125300,3576.6,2926.4,4322.95,2866.6,3248.7,68,3,3248.6,19,2,3248.5,25,2,3248.2,2,1,3248.1,27,2,3248.9,4,4,3249.1,317,3,3249.2,85,4,3249.3,64,3,3249.4,27,2
11536,2025-12-30 11:19:35+05:30,3248.7,4,3249.61,474205,101533.0,121490.0,3250.0,3257.0,3239.8,3251.5,42125300,3576.6,2926.4,4322.95,2866.6,3248.7,64,3,3248.6,19,2,3248.5,25,2,3248.2,2,1,3248.1,27,2,3248.9,294,4,3249.0,12,1,3249.1,62,3,3249.2,58,3,3249.3,64,3
11536,2025-12-30 11:19:35+05:30,3248.7,4,3249.61,474205,101533.0,121490.0,3250.0,3257.0,3239.8,3251.5,42125300,3576.6,2926.4,4322.95,2866.6,3248.7,64,3,3248.6,19,2,3248.5,25,2,3248.2,2,1,3248.1,27,2,3248.9,294,4,3249.0,12,1,3249.1,62,3,3249.2,58,3,3249.3,64,3
11536,2025-12-30 11:19:36+05:30,3248.8,2,3249.61,474209,101330.0,121557.0,3250.0,3257.0,3239.8,3251.5,42125300,3576.6,2926.4,4322.95,2866.6,3248.8,20,1,3248.7,40,2,3248.6,19,2,3248.5,25,2,3248.2,2,1,3248.9,1,1,3249.0,282,1,3249.1,77,4,3249.2,75,4,3249.3,64,3
11536,2025-12-30 11:19:36+05:30,3248.8,2,3249.61,474209,101330.0,121557.0,3250.0,3257.0,3239.8,3251.5,42125300,3576.6,2926.4,4322.95,2866.6,3248.8,20,1,3248.7,40,2,3248.6,19,2,3248.5,25,2,3248.2,2,1,3248.9,1,1,3249.0,282,1,3249.1,77,4,3249.2,75,4,3249.3,64,3
11536,2025-12-30 11:19:37+05:30,3248.8,77,3249.61,474286,101379.0,121556.0,3250.0,3257.0,3239.8,3251.5,42125300,3576.6,2926.4,4322.95,2866.6,3248.8,24,1,3248.7,40,2,3248.6,19,2,3248.5,25,2,3248.2,2,1,3248.9,83,7,3249.0,91,4,3249.1,20,3,3249.2,45,2,3249.3,36,2
11536,2025-12-30 11:19:37+05:30,3248.8,2,3249.61,474286,101379.0,121556.0,3250.0,3257.0,3239.8,3251.5,42125300,3576.6,2926.4,4322.95,2866.6,3248.8,24,1,3248.7,40,2,3248.6,19,2,3248.5,25,2,3248.2,2,1,3248.9,83,7,3249.0,91,4,3249.1,20,3,3249.2,45,2,3249.3,36,2
11536,2025-12-30 11:19:38+05:30,3248.8,1,3249.61,474289,101334.0,121838.0,3250.0,3257.0,3239.8,3251.5,42125300,3576.6,2926.4,4322.95,2866.6,3248.8,21,1,3248.7,40,2,3248.6,19,2,3248.5,25,2,3248.2,2,1,3248.9,72,5,3249.0,79,3,3249.1,300,3,3249.2,45,2,3249.3,36,2
11536,2025-12-30 11:19:38+05:30,3248.8,1,3249.61,474289,101334.0,121838.0,3250.0,3257.0,3239.8,3251.5,42125300,3576.6,2926.4,4322.95,2866.6,3248.8,21,1,3248.7,40,2,3248.6,19,2,3248.5,25,2,3248.2,2,1,3248.9,72,5,3249.0,79,3,3249.1,300,3,3249.2,45,2,3249.3,36,2
11536,2025-12-30 11:19:39+05:30,3249.0,8,3249.61,474454,101713.0,121561.0,3250.0,3257.0,3239.8,3251.5,42125300,3576.6,2926.4,4322.95,2866.6,3248.8,24,1,3248.7,40,2,3248.6,19,2,3248.5,25,2,3248.2,2,1,3249.1,3,1,3249.2,312,2,3249.3,20,1,3249.4,16,1,3249.5,33,2
11536,2025-12-30 11:19:39+05:30,3249.0,8,3249.61,474454,101713.0,121561.0,3250.0,3257.0,3239.8,3251.5,42125300,3576.6,2926.4,4322.95,2866.6,3248.8,24,1,3248.7,40,2,3248.6,19,2,3248.5,25,2,3248.2,2,1,3249.1,3,1,3249.2,312,2,3249.3,20,1,3249.4,16,1,3249.5,33,2
11536,2025-12-30 11:19:40+05:30,3249.0,8,3249.61,474454,101895.0,121612.0,3250.0,3257.0,3239.8,3251.5,42125300,3576.6,2926.4,4322.95,2866.6,3249.0,26,2,3248.7,40,2,3248.6,19,2,3248.5,25,2,3248.2,2,1,3249.1,7,2,3249.2,339,3,3249.3,52,2,3249.4,16,1,3249.5,33,2
11536,2025-12-30 11:19:40+05:30,3249.0,1,3249.61,474454,101895.0,121612.0,3250.0,3257.0,3239.8,3251.5,42125300,3576.6,2926.4,4322.95,2866.6,3249.0,26,2,3248.7,40,2,3248.6,19,2,3248.5,25,2,3248.2,2,1,3249.1,7,2,3249.2,339,3,3249.3,52,2,3249.4,16,1,3249.5,33,2
11536,2025-12-30 11:19:41+05:30,3249.0,1,3249.61,474455,101894.0,121613.0,3250.0,3257.0,3239.8,3251.5,42125300,3576.6,2926.4,4322.95,2866.6,3249.0,25,2,3248.7,40,2,3248.6,19,2,3248.5,25,2,3248.2,2,1,3249.1,8,3,3249.2,339,3,3249.3,52,2,3249.4,16,1,3249.5,18,1
11536,2025-12-30 11:19:41+05:30,3249.0,6,3249.61,474455,101894.0,121613.0,3250.0,3257.0,3239.8,3251.5,42125300,3576.6,2926.4,4322.95,2866.6,3249.0,25,2,3248.7,40,2,3248.6,19,2,3248.5,25,2,3248.2,2,1,3249.1,8,3,3249.2,339,3,3249.3,52,2,3249.4,16,1,3249.5,18,1
11536,2025-12-30 11:19:42+05:30,3249.0,6,3249.61,474486,102114.0,121304.0,3250.0,3257.0,3239.8,3251.5,42125300,3576.6,2926.4,4322.95,2866.6,3249.0,20,2,3248.7,40,2,3248.6,19,2,3248.5,25,2,3248.2,2,1,3249.1,5,3,3249.2,312,2,3249.5,26,1,3249.6,52,4,3249.7,21,1
11536,2025-12-30 11:19:42+05:30,3249.1,3,3249.61,474486,102114.0,121304.0,3250.0,3257.0,3239.8,3251.5,42125300,3576.6,2926.4,4322.95,2866.6,3249.0,20,2,3248.7,40,2,3248.6,19,2,3248.5,25,2,3248.2,2,1,3249.1,5,3,3249.2,312,2,3249.5,26,1,3249.6,52,4,3249.7,21,1
11536,2025-12-30 11:19:43+05:30,3249.0,1,3249.61,474491,102693.0,121446.0,3250.0,3257.0,3239.8,3251.5,42125300,3576.6,2926.4,4322.95,2866.6,3249.0,18,2,3248.7,40,2,3248.6,19,2,3248.5,25,2,3248.2,2,1,3249.1,16,3,3249.2,30,1,3249.3,282,1,3249.5,22,1,3249.6,24,2
11536,2025-12-30 11:19:43+05:30,3249.0,9,3249.61,474491,102693.0,121446.0,3250.0,3257.0,3239.8,3251.5,42125300,3576.6,2926.4,4322.95,2866.6,3249.0,18,2,3248.7,40,2,3248.6,19,2,3248.5,25,2,3248.2,2,1,3249.1,16,3,3249.2,30,1,3249.3,282,1,3249.5,22,1,3249.6,24,2
11536,2025-12-30 11:19:44+05:30,3249.0,9,3249.61,474500,102683.0,121475.0,3250.0,3257.0,3239.8,3251.5,42125300,3576.6,2926.4,4322.95,2866.6,3249.0,9,2,3248.7,40,2,3248.6,19,2,3248.5,25,2,3248.2,2,1,3249.1,16,3,3249.2,30,1,3249.3,304,2,3249.5,57,2,3249.6,45,3
11536,2025-12-30 11:19:44+05:30,3249.1,1,3249.61,474500,102683.0,121475.0,3250.0,3257.0,3239.8,3251.5,42125300,3576.6,2926.4,4322.95,2866.6,3249.0,9,2,3248.7,40,2,3248.6,19,2,3248.5,25,2,3248.2,2,1,3249.1,16,3,3249.2,30,1,3249.3,304,2,3249.5,57,2,3249.6,45,3
11536,2025-12-30 11:19:45+05:30,3249.1,1,3249.61,474504,102745.0,121387.0,3250.0,3257.0,3239.8,3251.5,42125300,3576.6,2926.4,4322.95,2866.6,3249.0,59,3,3248.7,40,2,3248.6,19,2,3248.5,25,2,3248.2,2,1,3249.1,21,4,3249.2,30,1,3249.3,282,1,3249.4,22,2,3249.6,60,4
11536,2025-12-30 11:19:45+05:30,3249.1,1,3249.61,474504,102745.0,121387.0,3250.0,3257.0,3239.8,3251.5,42125300,3576.6,2926.4,4322.95,2866.6,3249.0,59,3,3248.7,40,2,3248.6,19,2,3248.5,25,2,3248.2,2,1,3249.1,21,4,3249.2,30,1,3249.3,282,1,3249.4,22,2,3249.6,60,4
11536,2025-12-30 11:19:46+05:30,3249.0,1,3249.61,474683,101474.0,121384.0,3250.0,3257.0,3239.8,3251.5,42125300,3576.6,2926.4,4322.95,2866.6,3248.7,40,2,3248.6,19,2,3248.5,25,2,3248.2,2,1,3248.1,27,2,3249.0,11,2,3249.1,297,5,3249.2,42,2,3249.3,42,3,3249.4,15,1
11536,2025-12-30 11:19:46+05:30,3249.0,1,3249.61,474683,101474.0,121384.0,3250.0,3257.0,3239.8,3251.5,42125300,3576.6,2926.4,4322.95,2866.6,3248.7,40,2,3248.6,19,2,3248.5,25,2,3248.2,2,1,3248.1,27,2,3249.0,11,2,3249.1,297,5,3249.2,42,2,3249.3,42,3,3249.4,15,1
11536,2025-12-30 11:19:47+05:30,3248.5,1,3249.61,474949,100430.0,121058.0,3250.0,3257.0,3239.8,3251.5,42125300,3576.6,2926.4,4322.95,2866.6,3248.5,24,2,3248.2,2,1,3248.1,27,2,3248.0,35,2,3247.6,36,2,3248.6,75,4,3248.8,10,1,3248.9,27,3,3249.0,38,5,3249.1,310,4
11536,2025-12-30 11:19:47+05:30,3248.5,1,3249.61,474949,100430.0,121058.0,3250.0,3257.0,3239.8,3251.5,42125300,3576.6,2926.4,4322.95,2866.6,3248.5,24,2,3248.2,2,1,3248.1,27,2,3248.0,35,2,3247.6,36,2,3248.6,75,4,3248.8,10,1,3248.9,27,3,3249.0,38,5,3249.1,310,4
11536,2025-12-30 11:19:47+05:30,3248.5,1,3249.61,474949,100430.0,121058.0,3250.0,3257.0,3239.8,3251.5,42125300,3576.6,2926.4,4322.95,2866.6,3248.5,24,2,3248.2,2,1,3248.1,27,2,3248.0,35,2,3247.6,36,2,3248.6,75,4,3248.8,10,1,3248.9,27,3,3249.0,38,5,3249.1,310,4
11536,2025-12-30 11:19:48+05:30,3248.5,14,3249.61,474997,100660.0,121981.0,3250.0,3257.0,3239.8,3251.5,42125300,3576.6,2926.4,4322.95,2866.6,3248.5,25,2,3248.2,2,1,3248.1,27,2,3248.0,35,2,3247.6,208,3,3248.6,56,4,3248.8,10,1,3248.9,15,1,3249.0,34,4,3249.1,304,3
11536,2025-12-30 11:19:48+05:30,3248.5,5,3249.61,474997,100660.0,121981.0,3250.0,3257.0,3239.8,3251.5,42125300,3576.6,2926.4,4322.95,2866.6,3248.5,25,2,3248.2,2,1,3248.1,27,2,3248.0,35,2,3247.6,208,3,3248.6,56,4,3248.8,10,1,3248.9,15,1,3249.0,34,4,3249.1,304,3
11536,2025-12-30 11:19:48+05:30,3248.5,5,3249.61,474997,100660.0,121981.0,3250.0,3257.0,3239.8,3251.5,42125300,3576.6,2926.4,4322.95,2866.6,3248.5,25,2,3248.2,2,1,3248.1,27,2,3248.0,35,2,3247.6,208,3,3248.6,56,4,3248.8,10,1,3248.9,15,1,3249.0,34,4,3249.1,304,3
11536,2025-12-30 11:19:49+05:30,3248.5,10,3249.61,475093,100650.0,122001.0,3250.0,3257.0,3239.8,3251.5,42125300,3576.6,2926.4,4322.95,2866.6,3248.5,15,2,3248.2,2,1,3248.1,27,2,3248.0,35,2,3247.6,208,3,3248.6,65,7,3248.8,10,1,3248.9,15,1,3249.0,21,2,3249.1,304,3
11536,2025-12-30 11:19:49+05:30,3248.6,1,3249.61,475093,100650.0,122001.0,3250.0,3257.0,3239.8,3251.5,42125300,3576.6,2926.4,4322.95,2866.6,3248.5,15,2,3248.2,2,1,3248.1,27,2,3248.0,35,2,3247.6,208,3,3248.6,65,7,3248.8,10,1,3248.9,15,1,3249.0,21,2,3249.1,304,3
11536,2025-12-30 11:19:50+05:30,3248.6,1,3249.61,475093,100650.0,122001.0,3250.0,3257.0,3239.8,3251.5,42125300,3576.6,2926.4,4322.95,2866.6,3248.5,15,2,3248.2,2,1,3248.1,27,2,3248.0,35,2,3247.6,208,3,3248.6,65,7,3248.8,10,1,3248.9,15,1,3249.0,21,2,3249.1,304,3
11536,2025-12-30 11:19:50+05:30,3248.5,3,3249.61,475097,100647.0,121999.0,3250.0,3257.0,3239.8,3251.5,42125300,3576.6,2926.4,4322.95,2866.6,3248.5,12,2,3248.2,2,1,3248.1,27,2,3248.0,35,2,3247.6,208,3,3248.6,63,6,3248.8,10,1,3248.9,15,1,3249.0,21,2,3249.1,304,3
11536,2025-12-30 11:19:50+05:30,3248.5,4,3249.61,475097,100647.0,121999.0,3250.0,3257.0,3239.8,3251.5,42125300,3576.6,2926.4,4322.95,2866.6,3248.5,12,2,3248.2,2,1,3248.1,27,2,3248.0,35,2,3247.6,208,3,3248.6,63,6,3248.8,10,1,3248.9,15,1,3249.0,21,2,3249.1,304,3
11536,2025-12-30 11:19:51+05:30,3248.5,4,3249.61,475097,100647.0,121999.0,3250.0,3257.0,3239.8,3251.5,42125300,3576.6,2926.4,4322.95,2866.6,3248.5,12,2,3248.2,2,1,3248.1,27,2,3248.0,35,2,3247.6,208,3,3248.6,63,6,3248.8,10,1,3248.9,15,1,3249.0,21,2,3249.1,304,3
11536,2025-12-30 11:19:51+05:30,3248.5,4,3249.61,475175,99455.0,122517.0,3250.0,3257.0,3239.8,3251.5,42125300,3576.6,2926.4,4322.95,2866.6,3248.2,2,1,3248.1,10,1,3248.0,19,1,3247.6,16,1,3247.4,21,1,3248.5,47,3,3248.6,23,5,3248.7,32,2,3248.8,15,1,3248.9,33,3
11536,2025-12-30 11:19:51+05:30,3248.2,1,3249.61,475175,99455.0,122517.0,3250.0,3257.0,3239.8,3251.5,42125300,3576.6,2926.4,4322.95,2866.6,3248.2,2,1,3248.1,10,1,3248.0,19,1,3247.6,16,1,3247.4,21,1,3248.5,47,3,3248.6,23,5,3248.7,32,2,3248.8,15,1,3248.9,33,3
11536,2025-12-30 11:19:52+05:30,3248.2,1,3249.61,475175,99455.0,122517.0,3250.0,3257.0,3239.8,3251.5,42125300,3576.6,2926.4,4322.95,2866.6,3248.2,2,1,3248.1,10,1,3248.0,19,1,3247.6,16,1,3247.4,21,1,3248.5,47,3,3248.6,23,5,3248.7,32,2,3248.8,15,1,3248.9,33,3
11536,2025-12-30 11:19:52+05:30,3248.2,21,3249.61,475199,100095.0,122922.0,3250.0,3257.0,3239.8,3251.5,42125300,3576.6,2926.4,4322.95,2866.6,3248.3,1,1,3248.2,1,1,3248.1,10,1,3248.0,31,3,3247.9,20,2,3248.5,15,4,3248.6,2,2,3248.7,25,2,3248.8,33,2,3248.9,74,4
11536,2025-12-30 11:19:52+05:30,3248.2,5,3249.61,475199,100095.0,122922.0,3250.0,3257.0,3239.8,3251.5,42125300,3576.6,2926.4,4322.95,2866.6,3248.3,1,1,3248.2,1,1,3248.1,10,1,3248.0,31,3,3247.9,20,2,3248.5,15,4,3248.6,2,2,3248.7,25,2,3248.8,33,2,3248.9,74,4
11536,2025-12-30 11:19:52+05:30,3248.2,5,3249.61,475199,100095.0,122922.0,3250.0,3257.0,3239.8,3251.5,42125300,3576.6,2926.4,4322.95,2866.6,3248.3,1,1,3248.2,1,1,3248.1,10,1,3248.0,31,3,3247.9,20,2,3248.5,15,4,3248.6,2,2,3248.7,25,2,3248.8,33,2,3248.9,74,4
11536,2025-12-30 11:19:53+05:30,3248.2,20,3249.61,475229,100104.0,123207.0,3250.0,3257.0,3239.8,3251.5,42125300,3576.6,2926.4,4322.95,2866.6,3248.2,22,1,3248.1,10,1,3248.0,31,3,3247.9,20,2,3247.8,10,1,3248.5,14,4,3248.7,15,1,3248.8,315,3,3248.9,74,4,3249.0,9,1
11536,2025-12-30 11:19:53+05:30,3248.2,20,3249.61,475229,100104.0,123207.0,3250.0,3257.0,3239.8,3251.5,42125300,3576.6,2926.4,4322.95,2866.6,3248.2,22,1,3248.1,10,1,3248.0,31,3,3247.9,20,2,3247.8,10,1,3248.5,14,4,3248.7,15,1,3248.8,315,3,3248.9,74,4,3249.0,9,1
11536,2025-12-30 11:19:53+05:30,3248.2,20,3249.61,475229,100104.0,123207.0,3250.0,3257.0,3239.8,3251.5,42125300,3576.6,2926.4,4322.95,2866.6,3248.2,22,1,3248.1,10,1,3248.0,31,3,3247.9,20,2,3247.8,10,1,3248.5,14,4,3248.7,15,1,3248.8,315,3,3248.9,74,4,3249.0,9,1
11536,2025-12-30 11:19:54+05:30,3248.5,1,3249.61,475256,100407.0,122190.0,3250.0,3257.0,3239.8,3251.5,42125300,3576.6,2926.4,4322.95,2866.6,3248.5,4,1,3248.2,52,1,3248.1,10,1,3248.0,53,4,3247.9,20,2,3248.7,285,2,3248.8,17,1,3248.9,74,5,3249.0,9,1,3249.1,58,5
11536,2025-12-30 11:19:54+05:30,3248.5,1,3249.61,475256,100407.0,122190.0,3250.0,3257.0,3239.8,3251.5,42125300,3576.6,2926.4,4322.95,2866.6,3248.5,4,1,3248.2,52,1,3248.1,10,1,3248.0,53,4,3247.9,20,2,3248.7,285,2,3248.8,17,1,3248.9,74,5,3249.0,9,1,3249.1,58,5
11536,2025-12-30 11:19:54+05:30,3248.5,1,3249.61,475256,100407.0,122190.0,3250.0,3257.0,3239.8,3251.5,42125300,3576.6,2926.4,4322.95,2866.6,3248.5,4,1,3248.2,52,1,3248.1,10,1,3248.0,53,4,3247.9,20,2,3248.7,285,2,3248.8,17,1,3248.9,74,5,3249.0,9,1,3249.1,58,5
11536,2025-12-30 11:19:55+05:30,3248.5,1,3249.61,475256,100407.0,122190.0,3250.0,3257.0,3239.8,3251.5,42125300,3576.6,2926.4,4322.95,2866.6,3248.5,4,1,3248.2,52,1,3248.1,10,1,3248.0,53,4,3247.9,20,2,3248.7,285,3,3248.8,17,1,3248.9,74,5,3249.0,9,1,3249.1,58,5
11536,2025-12-30 11:19:55+05:30,3248.7,1,3249.61,475257,100395.0,122190.0,3250.0,3257.0,3239.8,3251.5,42125300,3576.6,2926.4,4322.95,2866.6,3248.5,4,1,3248.2,52,1,3248.1,10,1,3248.0,53,4,3247.9,20,2,3248.7,285,3,3248.8,17,1,3248.9,74,5,3249.0,9,1,3249.1,58,5
11536,2025-12-30 11:19:55+05:30,3248.7,1,3249.61,475257,100395.0,122190.0,3250.0,3257.0,3239.8,3251.5,42125300,3576.6,2926.4,4322.95,2866.6,3248.5,4,1,3248.2,52,1,3248.1,10,1,3248.0,53,4,3247.9,20,2,3248.7,285,3,3248.8,17,1,3248.9,74,5,3249.0,9,1,3249.1,58,5
11536,2025-12-30 11:19:55+05:30,3248.7,1,3249.61,475257,100395.0,122190.0,3250.0,3257.0,3239.8,3251.5,42125300,3576.6,2926.4,4322.95,2866.6,3248.5,4,1,3248.2,52,1,3248.1,10,1,3248.0,53,4,3247.9,20,2,3248.7,285,3,3248.8,17,1,3248.9,74,5,3249.0,9,1,3249.1,58,5
11536,2025-12-30 11:19:56+05:30,3248.8,2,3249.61,475267,100756.0,121521.0,3250.0,3257.0,3239.8,3251.5,42125300,3576.6,2926.4,4322.95,2866.6,3248.5,22,1,3248.2,52,1,3248.1,10,1,3248.0,31,3,3247.9,20,2,3248.9,51,4,3249.0,19,2,3249.1,17,3,3249.2,75,5,3249.3,42,3
11536,2025-12-30 11:19:56+05:30,3248.8,2,3249.61,475267,100756.0,121521.0,3250.0,3257.0,3239.8,3251.5,42125300,3576.6,2926.4,4322.95,2866.6,3248.5,22,1,3248.2,52,1,3248.1,10,1,3248.0,31,3,3247.9,20,2,3248.9,51,4,3249.0,19,2,3249.1,17,3,3249.2,75,5,3249.3,42,3
11536,2025-12-30 11:19:56+05:30,3248.9,1,3249.61,475267,100756.0,121521.0,3250.0,3257.0,3239.8,3251.5,42125300,3576.6,2926.4,4322.95,2866.6,3248.5,22,1,3248.2,52,1,3248.1,10,1,3248.0,31,3,3247.9,20,2,3248.9,51,4,3249.0,19,2,3249.1,17,3,3249.2,75,5,3249.3,42,3
11536,2025-12-30 11:19:57+05:30,3248.9,10,3249.61,475356,100819.0,121794.0,3250.0,3257.0,3239.8,3251.5,42125300,3576.6,2926.4,4322.95,2866.6,3248.5,22,1,3248.2,52,1,3248.1,10,1,3248.0,31,3,3247.9,20,2,3248.9,60,8,3249.0,50,3,3249.1,296,3,3249.2,60,4,3249.3,42,3
11536,2025-12-30 11:19:57+05:30,3248.9,10,3249.61,475356,100819.0,121794.0,3250.0,3257.0,3239.8,3251.5,42125300,3576.6,2926.4,4322.95,2866.6,3248.5,22,1,3248.2,52,1,3248.1,10,1,3248.0,31,3,3247.9,20,2,3248.9,60,8,3249.0,50,3,3249.1,296,3,3249.2,60,4,3249.3,42,3
11536,2025-12-30 11:19:58+05:30,3248.9,10,3249.61,475356,100819.0,121794.0,3250.0,3257.0,3239.8,3251.5,42125300,3576.6,2926.4,4322.95,2866.6,3248.5,22,1,3248.2,52,1,3248.1,10,1,3248.0,31,3,3247.9,20,2,3248.9,60,8,3249.0,50,3,3249.1,296,3,3249.2,60,4,3249.3,42,3
11536,2025-12-30 11:19:58+05:30,3248.3,1,3249.61,475359,100557.0,121619.0,3250.0,3257.0,3239.8,3251.5,42125300,3576.6,2926.4,4322.95,2866.6,3248.3,19,1,3248.2,102,2,3248.1,10,1,3248.0,31,3,3247.9,20,2,3248.9,60,8,3249.0,50,3,3249.1,14,2,3249.2,45,3,3249.3,42,3
11536,2025-12-30 11:19:58+05:30,3248.9,2,3249.61,475359,100557.0,121619.0,3250.0,3257.0,3239.8,3251.5,42125300,3576.6,2926.4,4322.95,2866.6,3248.3,19,1,3248.2,102,2,3248.1,10,1,3248.0,31,3,3247.9,20,2,3248.9,60,8,3249.0,50,3,3249.1,14,2,3249.2,45,3,3249.3,42,3
11536,2025-12-30 11:19:59+05:30,3248.5,9,3249.61,475404,100274.0,122065.0,3250.0,3257.0,3239.8,3251.5,42125300,3576.6,2926.4,4322.95,2866.6,3248.3,78,2,3248.2,102,2,3248.1,10,1,3248.0,31,3,3247.9,20,2,3248.5,3,1,3248.8,67,5,3248.9,334,7,3249.0,9,1,3249.1,29,3
11536,2025-12-30 11:19:59+05:30,3248.5,9,3249.61,475404,100274.0,122065.0,3250.0,3257.0,3239.8,3251.5,42125300,3576.6,2926.4,4322.95,2866.6,3248.3,78,2,3248.2,102,2,3248.1,10,1,3248.0,31,3,3247.9,20,2,3248.5,3,1,3248.8,67,5,3248.9,334,7,3249.0,9,1,3249.1,29,3
11536,2025-12-30 11:19:59+05:30,3248.5,9,3249.61,475404,100274.0,122065.0,3250.0,3257.0,3239.8,3251.5,42125300,3576.6,2926.4,4322.95,2866.6,3248.3,78,2,3248.2,102,2,3248.1,10,1,3248.0,31,3,3247.9,20,2,3248.5,3,1,3248.8,67,5,3248.9,334,7,3249.0,9,1,3249.1,29,3
11536,2025-12-30 11:20:00+05:30,3248.5,9,3249.61,475404,100602.0,122099.0,3250.0,3257.0,3239.8,3251.5,42125300,3576.6,2926.4,4322.95,2866.6,3248.4,22,1,3248.3,56,1,3248.2,102,2,3248.1,10,1,3248.0,31,3,3248.5,4,2,3248.6,23,1,3248.7,287,2,3248.8,56,4,3248.9,45,5
11536,2025-12-30 11:20:00+05:30,3248.4,10,3249.61,475404,100602.0,122099.0,3250.0,3257.0,3239.8,3251.5,42125300,3576.6,2926.4,4322.95,2866.6,3248.4,22,1,3248.3,56,1,3248.2,102,2,3248.1,10,1,3248.0,31,3,3248.5,4,2,3248.6,23,1,3248.7,287,2,3248.8,56,4,3248.9,45,5
11536,2025-12-30 11:20:01+05:30,3248.4,10,3249.61,475404,100602.0,122099.0,3250.0,3257.0,3239.8,3251.5,42125300,3576.6,2926.4,4322.95,2866.6,3248.4,22,1,3248.3,56,1,3248.2,102,2,3248.1,10,1,3248.0,31,3,3248.5,4,2,3248.6,23,1,3248.7,287,2,3248.8,56,4,3248.9,45,5
11536,2025-12-30 11:20:01+05:30,3248.4,17,3249.61,475433,100611.0,122074.0,3250.0,3257.0,3239.8,3251.5,42125300,3576.6,2926.4,4322.95,2866.6,3248.4,22,1,3248.3,56,1,3248.2,102,2,3248.1,20,2,3248.0,31,3,3248.5,10,4,3248.7,333,4,3248.8,9,1,3248.9,43,3,3249.0,30,2
11536,2025-12-30 11:20:01+05:30,3248.5,1,3249.61,475433,100611.0,122074.0,3250.0,3257.0,3239.8,3251.5,42125300,3576.6,2926.4,4322.95,2866.6,3248.4,22,1,3248.3,56,1,3248.2,102,2,3248.1,20,2,3248.0,31,3,3248.5,10,4,3248.7,333,4,3248.8,9,1,3248.9,43,3,3249.0,30,2
11536,2025-12-30 11:20:02+05:30,3248.5,1,3249.61,475437,100623.0,121950.0,3250.0,3257.0,3239.8,3251.5,42125300,3576.6,2926.4,4322.95,2866.6,3248.4,20,1,3248.3,56,1,3248.2,104,3,3248.1,20,2,3248.0,31,3,3248.5,3,3,3248.7,367,6,3248.8,9,1,3248.9,51,4,3249.0,30,2
11536,2025-12-30 11:20:02+05:30,3248.3,55,3249.61,475437,100623.0,121950.0,3250.0,3257.0,3239.8,3251.5,42125300,3576.6,2926.4,4322.95,2866.6,3248.4,20,1,3248.3,56,1,3248.2,104,3,3248.1,20,2,3248.0,31,3,3248.5,3,3,3248.7,367,6,3248.8,9,1,3248.9,51,4,3249.0,30,2
11536,2025-12-30 11:20:02+05:30,3248.3,55,3249.61,475437,100623.0,121950.0,3250.0,3257.0,3239.8,3251.5,42125300,3576.6,2926.4,4322.95,2866.6,3248.4,20,1,3248.3,56,1,3248.2,104,3,3248.1,20,2,3248.0,31,3,3248.5,3,3,3248.7,367,6,3248.8,9,1,3248.9,51,4,3249.0,30,2
11536,2025-12-30 11:20:03+05:30,3248.2,2,3249.61,475520,98496.0,121360.0,3250.0,3257.0,3239.8,3251.5,42125300,3576.6,2926.4,4322.95,2866.6,3248.2,102,3,3248.1,20,2,3248.0,31,3,3247.9,20,2,3247.8,10,1,3248.3,174,5,3248.4,12,1,3248.5,30,6,3248.6,15,1,3248.7,39,3
11536,2025-12-30 11:20:03+05:30,3248.2,1,3249.61,475520,98496.0,121360.0,3250.0,3257.0,3239.8,3251.5,42125300,3576.6,2926.4,4322.95,2866.6,3248.2,102,3,3248.1,20,2,3248.0,31,3,3247.9,20,2,3247.8,10,1,3248.3,174,5,3248.4,12,1,3248.5,30,6,3248.6,15,1,3248.7,39,3
11536,2025-12-30 11:20:04+05:30,3248.2,1,3249.61,475526,99526.0,122759.0,3250.0,3257.0,3239.8,3251.5,42125300,3576.6,2926.4,4322.95,2866.6,3248.2,96,3,3248.1,20,2,3248.0,31,3,3247.9,20,2,3247.8,10,1,3248.3,166,5,3248.5,23,3,3248.6,15,1,3248.7,39,3,3248.8,9,1
11536,2025-12-30 11:20:04+05:30,3248.2,1,3249.61,475526,99526.0,122759.0,3250.0,3257.0,3239.8,3251.5,42125300,3576.6,2926.4,4322.95,2866.6,3248.2,96,3,3248.1,20,2,3248.0,31,3,3247.9,20,2,3247.8,10,1,3248.3,166,5,3248.5,23,3,3248.6,15,1,3248.7,39,3,3248.8,9,1
11536,2025-12-30 11:20:04+05:30,3248.1,22,3249.61,475526,99526.0,122759.0,3250.0,3257.0,3239.8,3251.5,42125300,3576.6,2926.4,4322.95,2866.6,3248.2,96,3,3248.1,20,2,3248.0,31,3,3247.9,20,2,3247.8,10,1,3248.3,166,5,3248.5,23,3,3248.6,15,1,3248.7,39,3,3248.8,9,1
11536,2025-12-30 11:20:04+05:30,3248.1,22,3249.61,475654,99696.0,123203.0,3250.0,3257.0,3239.8,3251.5,42125300,3576.6,2926.4,4322.95,2866.6,3248.1,10,1,3248.0,31,3,3247.9,20,2,3247.8,10,1,3247.6,25,2,3248.3,47,5,3248.6,297,2,3248.7,34,2,3248.8,9,1,3248.9,43,3
11536,2025-12-30 11:20:05+05:30,3248.1,22,3249.61,475654,99696.0,123203.0,3250.0,3257.0,3239.8,3251.5,42209475,3576.6,2926.4,4322.95,2866.6,3248.1,10,1,3248.0,31,3,3247.9,20,2,3247.8,10,1,3247.6,25,2,3248.3,47,5,3248.6,297,2,3248.7,34,2,3248.8,9,1,3248.9,43,3
11536,2025-12-30 11:20:05+05:30,3248.3,1,3249.61,475672,99735.0,123217.0,3250.0,3257.0,3239.8,3251.5,42209475,3576.6,2926.4,4322.95,2866.6,3248.1,10,1,3248.0,31,3,3247.9,20,2,3247.8,10,1,3247.6,25,2,3248.3,36,5,3248.4,23,1,3248.5,282,1,3248.6,15,1,3248.7,34,2
11536,2025-12-30 11:20:05+05:30,3248.3,1,3249.61,475672,99735.0,123217.0,3250.0,3257.0,3239.8,3251.5,42209475,3576.6,2926.4,4322.95,2866.6,3248.1,10,1,3248.0,31,3,3247.9,20,2,3247.8,10,1,3247.6,25,2,3248.3,36,5,3248.4,23,1,3248.5,282,1,3248.6,15,1,3248.7,34,2
11536,2025-12-30 11:20:06+05:30,3248.1,3,3249.61,475672,99735.0,123217.0,3250.0,3257.0,3239.8,3251.5,42209475,3576.6,2926.4,4322.95,2866.6,3248.1,10,1,3248.0,31,3,3247.9,20,2,3247.8,10,1,3247.6,25,2,3248.3,36,5,3248.4,23,1,3248.5,282,1,3248.6,15,1,3248.7,34,2
11536,2025-12-30 11:20:06+05:30,3248.1,1,3249.61,475753,99750.0,123317.0,3250.0,3257.0,3239.8,3251.5,42209475,3576.6,2926.4,4322.95,2866.6,3248.1,19,2,3248.0,31,3,3247.9,20,2,3247.8,10,1,3247.6,25,2,3248.3,36,5,3248.4,23,1,3248.5,282,1,3248.6,15,1,3248.7,34,2
11536,2025-12-30 11:20:07+05:30,3248.3,1,3249.61,475797,99716.0,123371.0,3250.0,3257.0,3239.8,3251.5,42209475,3576.6,2926.4,4322.95,2866.6,3248.1,5,1,3248.0,31,3,3247.9,20,2,3247.8,10,1,3247.6,25,2,3248.3,58,7,3248.4,317,3,3248.5,7,1,3248.6,15,1,3248.7,44,3
11536,2025-12-30 11:20:07+05:30,3248.1,1,3249.61,475797,99716.0,123371.0,3250.0,3257.0,3239.8,3251.5,42209475,3576.6,2926.4,4322.95,2866.6,3248.1,5,1,3248.0,31,3,3247.9,20,2,3247.8,10,1,3247.6,25,2,3248.3,58,7,3248.4,317,3,3248.5,7,1,3248.6,15,1,3248.7,44,3
11536,2025-12-30 11:20:07+05:30,3248.1,1,3249.61,475797,99716.0,123371.0,3250.0,3257.0,3239.8,3251.5,42209475,3576.6,2926.4,4322.95,2866.6,3248.1,5,1,3248.0,31,3,3247.9,20,2,3247.8,10,1,3247.6,25,2,3248.3,58,7,3248.4,317,3,3248.5,7,1,3248.6,15,1,3248.7,44,3
11536,2025-12-30 11:20:08+05:30,3246.5,1,3249.6,477267,97489.0,124804.0,3250.0,3257.0,3239.8,3251.5,42209475,3576.6,2926.4,4322.95,2866.6,3246.5,60,4,3246.4,33,2,3246.3,14,2,3246.2,287,5,3246.1,411,4,3247.5,15,1,3247.6,56,4,3247.7,50,3,3247.8,26,2,3247.9,24,4
11536,2025-12-30 11:20:08+05:30,3246.5,1,3249.6,477267,97489.0,124804.0,3250.0,3257.0,3239.8,3251.5,42209475,3576.6,2926.4,4322.95,2866.6,3246.5,60,4,3246.4,33,2,3246.3,14,2,3246.2,287,5,3246.1,411,4,3247.5,15,1,3247.6,56,4,3247.7,50,3,3247.8,26,2,3247.9,24,4
11536,2025-12-30 11:20:09+05:30,3246.5,2,3249.6,477340,98085.0,124554.0,3250.0,3257.0,3239.8,3251.5,42209475,3576.6,2926.4,4322.95,2866.6,3246.5,50,5,3246.4,24,2,3246.3,10,1,3246.2,289,5,3246.1,101,3,3247.5,47,3,3247.6,76,4,3247.7,5,1,3247.9,4,1,3248.0,97,6
11536,2025-12-30 11:20:09+05:30,3246.5,2,3249.6,477340,98085.0,124554.0,3250.0,3257.0,3239.8,3251.5,42209475,3576.6,2926.4,4322.95,2866.6,3246.5,50,5,3246.4,24,2,3246.3,10,1,3246.2,289,5,3246.1,101,3,3247.5,47,3,3247.6,76,4,3247.7,5,1,3247.9,4,1,3248.0,97,6
11536,2025-12-30 11:20:10+05:30,3246.6,3,3249.6,477782,98391.0,123209.0,3250.0,3257.0,3239.8,3251.5,42209475,3576.6,2926.4,4322.95,2866.6,3246.6,107,7,3246.5,151,5,3246.4,53,4,3246.3,211,3,3246.2,77,3,3247.5,76,6,3248.1,30,1,3248.2,35,2,3248.3,5,1,3248.4,60,2
11536,2025-12-30 11:20:10+05:30,3246.6,3,3249.6,477782,98391.0,123209.0,3250.0,3257.0,3239.8,3251.5,42209475,3576.6,2926.4,4322.95,2866.6,3246.6,107,7,3246.5,151,5,3246.4,53,4,3246.3,211,3,3246.2,77,3,3247.5,76,6,3248.1,30,1,3248.2,35,2,3248.3,5,1,3248.4,60,2
11536,2025-12-30 11:20:11+05:30,3246.6,4,3249.6,477805,98479.0,124012.0,3250.0,3257.0,3239.8,3251.5,42209475,3576.6,2926.4,4322.95,2866.6,3246.6,25,2,3246.5,103,4,3246.4,40,2,3246.3,222,3,3246.2,94,4,3247.5,75,6,3247.6,30,1,3247.7,15,1,3247.8,33,2,3247.9,21,1
11536,2025-12-30 11:20:11+05:30,3246.6,4,3249.6,477805,98479.0,124012.0,3250.0,3257.0,3239.8,3251.5,42209475,3576.6,2926.4,4322.95,2866.6,3246.6,25,2,3246.5,103,4,3246.4,40,2,3246.3,222,3,3246.2,94,4,3247.5,75,6,3247.6,30,1,3247.7,15,1,3247.8,33,2,3247.9,21,1
11536,2025-12-30 11:20:12+05:30,3246.6,14,3249.6,477846,98405.0,124386.0,3250.0,3257.0,3239.8,3251.5,42209475,3576.6,2926.4,4322.95,2866.6,3246.5,94,5,3246.4,38,2,3246.3,20,2,3246.2,54,3,3246.1,83,5,3246.6,14,1,3247.5,60,6,3247.8,17,1,3247.9,21,1,3248.0,87,2
11536,2025-12-30 11:20:12+05:30,3246.5,1,3249.6,477846,98405.0,124386.0,3250.0,3257.0,3239.8,3251.5,42209475,3576.6,2926.4,4322.95,2866.6,3246.5,94,5,3246.4,38,2,3246.3,20,2,3246.2,54,3,3246.1,83,5,3246.6,14,1,3247.5,60,6,3247.8,17,1,3247.9,21,1,3248.0,87,2
11536,2025-12-30 11:20:13+05:30,3246.5,5,3249.6,477853,98441.0,124102.0,3250.0,3257.0,3239.8,3251.5,42209475,3576.6,2926.4,4322.95,2866.6,3246.5,159,7,3246.4,2,1,3246.3,5,1,3246.2,59,4,3246.1,38,4,3246.6,30,3,3247.5,44,3,3247.8,17,1,3247.9,21,1,3248.0,87,2
11536,2025-12-30 11:20:13+05:30,3246.5,2,3249.6,477853,98441.0,124102.0,3250.0,3257.0,3239.8,3251.5,42209475,3576.6,2926.4,4322.95,2866.6,3246.5,159,7,3246.4,2,1,3246.3,5,1,3246.2,59,4,3246.1,38,4,3246.6,30,3,3247.5,44,3,3247.8,17,1,3247.9,21,1,3248.0,87,2
11536,2025-12-30 11:20:14+05:30,3248.8,113,3249.59,479363,100410.0,121201.0,3250.0,3257.0,3239.8,3251.5,42209475,3576.6,2926.4,4322.95,2866.6,3246.8,236,4,3246.6,162,7,3246.5,162,5,3246.4,192,10,3246.3,90,5,3247.9,45,2,3248.0,46,1,3248.2,21,1,3248.3,71,3,3248.5,25,1
11536,2025-12-30 11:20:14+05:30,3248.8,113,3249.59,479363,100410.0,121201.0,3250.0,3257.0,3239.8,3251.5,42209475,3576.6,2926.4,4322.95,2866.6,3246.8,236,4,3246.6,162,7,3246.5,162,5,3246.4,192,10,3246.3,90,5,3247.9,45,2,3248.0,46,1,3248.2,21,1,3248.3,71,3,3248.5,25,1
11536,2025-12-30 11:20:15+05:30,3247.9,2,3249.59,479365,100511.0,121652.0,3250.0,3257.0,3239.8,3251.5,42209475,3576.6,2926.4,4322.95,2866.6,3246.8,326,6,3246.6,106,5,3246.5,162,5,3246.4,192,10,3246.3,186,8,3247.9,51,4,3248.0,46,1,3248.3,71,3,3248.5,25,1,3248.6,2,1
11536,2025-12-30 11:20:15+05:30,3247.9,2,3249.59,479365,100511.0,121652.0,3250.0,3257.0,3239.8,3251.5,42209475,3576.6,2926.4,4322.95,2866.6,3246.8,326,6,3246.6,106,5,3246.5,162,5,3246.4,192,10,3246.3,186,8,3247.9,51,4,3248.0,46,1,3248.3,71,3,3248.5,25,1,3248.6,2,1
11536,2025-12-30 11:20:16+05:30,3247.4,26,3249.59,479818,102761.0,119789.0,3250.0,3257.0,3239.8,3251.5,42209475,3576.6,2926.4,4322.95,2866.6,3247.4,143,7,3247.3,62,3,3247.2,93,3,3247.1,31,3,3247.0,100,5,3247.9,2,2,3248.9,3,1,3249.2,3,1,3249.4,47,2,3249.5,241,4
11536,2025-12-30 11:20:16+05:30,3247.4,26,3249.59,479818,102761.0,119789.0,3250.0,3257.0,3239.8,3251.5,42209475,3576.6,2926.4,4322.95,2866.6,3247.4,143,7,3247.3,62,3,3247.2,93,3,3247.1,31,3,3247.0,100,5,3247.9,2,2,3248.9,3,1,3249.2,3,1,3249.4,47,2,3249.5,241,4
11536,2025-12-30 11:20:17+05:30,3247.4,1,3249.59,479898,102702.0,119642.0,3250.0,3257.0,3239.8,3251.5,42209475,3576.6,2926.4,4322.95,2866.6,3247.4,47,4,3247.3,62,3,3247.2,62,3,3247.1,77,4,3247.0,130,6,3247.9,18,3,3248.9,3,1,3249.2,28,2,3249.3,43,1,3249.4,90,3
11536,2025-12-30 11:20:17+05:30,3247.4,1,3249.59,479898,102702.0,119642.0,3250.0,3257.0,3239.8,3251.5,42209475,3576.6,2926.4,4322.95,2866.6,3247.4,47,4,3247.3,62,3,3247.2,62,3,3247.1,77,4,3247.0,130,6,3247.9,18,3,3248.9,3,1,3249.2,28,2,3249.3,43,1,3249.4,90,3
11536,2025-12-30 11:20:18+05:30,3247.9,1,3249.59,480035,102576.0,120215.0,3250.0,3257.0,3239.8,3251.5,42209475,3576.6,2926.4,4322.95,2866.6,3247.5,67,4,3247.4,57,4,3247.3,58,3,3247.2,87,5,3247.1,50,5,3247.9,3,2,3248.9,30,3,3249.2,49,3,3249.3,213,3,3249.4,246,4
11536,2025-12-30 11:20:18+05:30,3247.9,1,3249.59,480035,102576.0,120215.0,3250.0,3257.0,3239.8,3251.5,42209475,3576.6,2926.4,4322.95,2866.6,3247.5,67,4,3247.4,57,4,3247.3,58,3,3247.2,87,5,3247.1,50,5,3247.9,3,2,3248.9,30,3,3249.2,49,3,3249.3,213,3,3249.4,246,4
11536,2025-12-30 11:20:19+05:30,3247.5,1,3249.59,480058,102552.0,119907.0,3250.0,3257.0,3239.8,3251.5,42209475,3576.6,2926.4,4322.95,2866.6,3247.5,191,6,3247.4,65,5,3247.3,88,4,3247.2,57,4,3247.1,96,6,3247.9,5,1,3248.9,30,3,3249.2,49,3,3249.3,253,4,3249.4,246,4
11536,2025-12-30 11:20:19+05:30,3247.5,1,3249.59,480058,102552.0,119907.0,3250.0,3257.0,3239.8,3251.5,42209475,3576.6,2926.4,4322.95,2866.6,3247.5,191,6,3247.4,65,5,3247.3,88,4,3247.2,57,4,3247.1,96,6,3247.9,5,1,3248.9,30,3,3249.2,49,3,3249.3,253,4,3249.4,246,4
11536,2025-12-30 11:20:20+05:30,3247.5,1,3249.59,480058,103135.0,120658.0,3250.0,3257.0,3239.8,3251.5,42209475,3576.6,2926.4,4322.95,2866.6,3247.7,47,2,3247.5,144,4,3247.4,16,2,3247.3,58,3,3247.2,24,2,3247.9,6,2,3248.9,30,3,3249.0,15,1,3249.1,61,2,3249.2,86,4
11536,2025-12-30 11:20:20+05:30,3247.7,41,3249.59,480058,103135.0,120658.0,3250.0,3257.0,3239.8,3251.5,42209475,3576.6,2926.4,4322.95,2866.6,3247.7,47,2,3247.5,144,4,3247.4,16,2,3247.3,58,3,3247.2,24,2,3247.9,6,2,3248.9,30,3,3249.0,15,1,3249.1,61,2,3249.2,86,4
11536,2025-12-30 11:20:21+05:30,3247.7,41,3249.59,480099,103104.0,120111.0,3250.0,3257.0,3239.8,3251.5,42209475,3576.6,2926.4,4322.95,2866.6,3247.7,6,2,3247.5,144,4,3247.4,36,3,3247.3,131,6,3247.2,24,2,3247.9,3,2,3248.8,4,1,3248.9,30,3,3249.0,15,1,3249.1,87,3
11536,2025-12-30 11:20:21+05:30,3247.7,1,3249.59,480099,103104.0,120111.0,3250.0,3257.0,3239.8,3251.5,42209475,3576.6,2926.4,4322.95,2866.6,3247.7,6,2,3247.5,144,4,3247.4,36,3,3247.3,131,6,3247.2,24,2,3247.9,3,2,3248.8,4,1,3248.9,30,3,3249.0,15,1,3249.1,87,3
11536,2025-12-30 11:20:22+05:30,3247.7,1,3249.59,480106,103454.0,120149.0,3250.0,3257.0,3239.8,3251.5,42209475,3576.6,2926.4,4322.95,2866.6,3247.8,47,2,3247.7,3,1,3247.5,144,4,3247.4,36,3,3247.3,58,3,3247.9,3,2,3248.8,4,1,3248.9,30,3,3249.0,15,1,3249.1,87,3
11536,2025-12-30 11:20:23+05:30,3247.8,12,3249.59,480118,103373.0,120126.0,3250.0,3257.0,3239.8,3251.5,42209475,3576.6,2926.4,4322.95,2866.6,3247.8,35,2,3247.7,3,1,3247.5,144,4,3247.4,36,3,3247.3,46,2,3247.9,2,2,3248.8,4,1,3248.9,30,3,3249.0,15,1,3249.1,61,2
11536,2025-12-30 11:20:23+05:30,3247.8,12,3249.59,480118,103373.0,120126.0,3250.0,3257.0,3239.8,3251.5,42209475,3576.6,2926.4,4322.95,2866.6,3247.8,35,2,3247.7,3,1,3247.5,144,4,3247.4,36,3,3247.3,46,2,3247.9,2,2,3248.8,4,1,3248.9,30,3,3249.0,15,1,3249.1,61,2
11536,2025-12-30 11:20:24+05:30,3247.9,4,3249.59,480124,104003.0,119375.0,3250.0,3257.0,3239.8,3251.5,42209475,3576.6,2926.4,4322.95,2866.6,3247.9,4,1,3247.8,142,4,3247.7,3,1,3247.6,21,1,3247.5,144,4,3248.8,94,6,3248.9,16,1,3249.1,123,5,3249.2,18,2,3249.3,58,2
11536,2025-12-30 11:20:24+05:30,3248.8,1,3249.59,480124,104003.0,119375.0,3250.0,3257.0,3239.8,3251.5,42209475,3576.6,2926.4,4322.95,2866.6,3247.9,4,1,3247.8,142,4,3247.7,3,1,3247.6,21,1,3247.5,144,4,3248.8,94,6,3248.9,16,1,3249.1,123,5,3249.2,18,2,3249.3,58,2
11536,2025-12-30 11:20:25+05:30,3247.9,2,3249.59,480129,104063.0,117285.0,3250.0,3257.0,3239.8,3251.5,42209475,3576.6,2926.4,4322.95,2866.6,3247.9,2,1,3247.8,142,4,3247.7,3,1,3247.6,21,1,3247.5,144,4,3248.8,69,7,3249.1,102,4,3249.2,39,3,3249.3,58,2,3249.4,42,3
11536,2025-12-30 11:20:25+05:30,3247.9,2,3249.59,480129,104063.0,117285.0,3250.0,3257.0,3239.8,3251.5,42209475,3576.6,2926.4,4322.95,2866.6,3247.9,2,1,3247.8,142,4,3247.7,3,1,3247.6,21,1,3247.5,144,4,3248.8,69,7,3249.1,102,4,3249.2,39,3,3249.3,58,2,3249.4,42,3
11536,2025-12-30 11:20:26+05:30,3248.8,22,3249.59,480161,104884.0,118650.0,3250.0,3257.0,3239.8,3251.5,42209475,3576.6,2926.4,4322.95,2866.6,3248.7,33,2,3248.0,21,1,3247.8,173,5,3247.7,52,3,3247.6,223,5,3248.8,3,3,3249.1,25,1,3249.2,23,2,3249.4,76,5,3249.5,230,4
11536,2025-12-30 11:20:26+05:30,3248.7,1,3249.59,480161,104884.0,118650.0,3250.0,3257.0,3239.8,3251.5,42209475,3576.6,2926.4,4322.95,2866.6,3248.7,33,2,3248.0,21,1,3247.8,173,5,3247.7,52,3,3247.6,223,5,3248.8,3,3,3249.1,25,1,3249.2,23,2,3249.4,76,5,3249.5,230,4
11536,2025-12-30 11:20:27+05:30,3248.7,2,3249.59,480240,104938.0,119388.0,3250.0,3257.0,3239.8,3251.5,42209475,3576.6,2926.4,4322.95,2866.6,3248.7,46,2,3248.0,21,1,3247.8,173,5,3247.7,52,3,3247.6,261,5,3248.8,3,3,3248.9,25,1,3249.2,90,5,3249.3,18,1,3249.4,86,5
11536,2025-12-30 11:20:27+05:30,3248.7,1,3249.59,480240,104938.0,119388.0,3250.0,3257.0,3239.8,3251.5,42209475,3576.6,2926.4,4322.95,2866.6,3248.7,46,2,3248.0,21,1,3247.8,173,5,3247.7,52,3,3247.6,261,5,3248.8,3,3,3248.9,25,1,3249.2,90,5,3249.3,18,1,3249.4,86,5
11536,2025-12-30 11:20:28+05:30,3248.7,1,3249.59,480254,104832.0,118997.0,3250.0,3257.0,3239.8,3251.5,42209475,3576.6,2926.4,4322.95,2866.6,3248.7,36,2,3248.0,24,2,3247.8,173,5,3247.7,6,2,3247.6,314,7,3248.8,5,3,3248.9,25,1,3249.0,30,1,3249.1,21,1,3249.2,39,3
11536,2025-12-30 11:20:28+05:30,3248.7,2,3249.59,480254,104832.0,118997.0,3250.0,3257.0,3239.8,3251.5,42209475,3576.6,2926.4,4322.95,2866.6,3248.7,36,2,3248.0,24,2,3247.8,173,5,3247.7,6,2,3247.6,314,7,3248.8,5,3,3248.9,25,1,3249.0,30,1,3249.1,21,1,3249.2,39,3
11536,2025-12-30 11:20:29+05:30,3248.7,23,3249.59,480279,104380.0,119338.0,3250.0,3257.0,3239.8,3251.5,42209475,3576.6,2926.4,4322.95,2866.6,3248.7,87,3,3248.0,24,2,3247.8,116,4,3247.7,174,3,3247.6,316,8,3248.8,3,3,3248.9,40,2,3249.0,51,2,3249.2,23,2,3249.3,37,2
11536,2025-12-30 11:20:29+05:30,3248.7,23,3249.59,480279,104380.0,119338.0,3250.0,3257.0,3239.8,3251.5,42209475,3576.6,2926.4,4322.95,2866.6,3248.7,87,3,3248.0,24,2,3247.8,116,4,3247.7,174,3,3247.6,316,8,3248.8,3,3,3248.9,40,2,3249.0,51,2,3249.2,23,2,3249.3,37,2
11536,2025-12-30 11:20:30+05:30,3248.7,3,3249.59,480283,104631.0,119160.0,3250.0,3257.0,3239.8,3251.5,42209475,3576.6,2926.4,4322.95,2866.6,3248.7,131,4,3248.0,24,2,3247.8,64,3,3247.7,174,3,3247.6,160,7,3248.8,2,2,3248.9,25,1,3249.0,51,2,3249.2,23,2,3249.3,37,2
11536,2025-12-30 11:20:30+05:30,3248.7,3,3249.59,480283,104631.0,119160.0,3250.0,3257.0,3239.8,3251.5,42209475,3576.6,2926.4,4322.95,2866.6,3248.7,131,4,3248.0,24,2,3247.8,64,3,3247.7,174,3,3247.6,160,7,3248.8,2,2,3248.9,25,1,3249.0,51,2,3249.2,23,2,3249.3,37,2
11536,2025-12-30 11:20:31+05:30,3248.7,7,3249.59,480301,104578.0,118963.0,3250.0,3257.0,3239.8,3251.5,42209475,3576.6,2926.4,4322.95,2866.6,3248.7,164,5,3248.0,24,2,3247.8,64,3,3247.7,220,4,3247.6,121,7,3248.8,2,2,3248.9,28,2,3249.0,51,2,3249.2,23,2,3249.3,37,2
11536,2025-12-30 11:20:31+05:30,3248.7,7,3249.59,480301,104578.0,118963.0,3250.0,3257.0,3239.8,3251.5,42209475,3576.6,2926.4,4322.95,2866.6,3248.7,164,5,3248.0,24,2,3247.8,64,3,3247.7,220,4,3247.6,121,7,3248.8,2,2,3248.9,28,2,3249.0,51,2,3249.2,23,2,3249.3,37,2
11536,2025-12-30 11:20:32+05:30,3248.7,7,3249.59,480301,104529.0,119670.0,3250.0,3257.0,3239.8,3251.5,42209475,3576.6,2926.4,4322.95,2866.6,3248.7,164,5,3248.0,24,2,3247.8,64,3,3247.7,7,3,3247.6,167,8,3248.8,75,6,3248.9,25,2,3249.0,30,1,3249.2,23,2,3249.3,37,2
11536,2025-12-30 11:20:32+05:30,3248.7,1,3249.59,480301,104529.0,119670.0,3250.0,3257.0,3239.8,3251.5,42209475,3576.6,2926.4,4322.95,2866.6,3248.7,164,5,3248.0,24,2,3247.8,64,3,3247.7,7,3,3247.6,167,8,3248.8,75,6,3248.9,25,2,3249.0,30,1,3249.2,23,2,3249.3,37,2
11536,2025-12-30 11:20:33+05:30,3248.7,3,3249.59,480306,104429.0,117219.0,3250.0,3257.0,3239.8,3251.5,42209475,3576.6,2926.4,4322.95,2866.6,3248.7,159,5,3248.0,24,2,3247.8,64,3,3247.7,184,4,3247.6,167,8,3248.8,74,5,3248.9,3,1,3249.0,51,2,3249.2,23,2,3249.3,38,2
11536,2025-12-30 11:20:33+05:30,3248.7,2,3249.59,480306,104429.0,117219.0,3250.0,3257.0,3239.8,3251.5,42209475,3576.6,2926.4,4322.95,2866.6,3248.7,159,5,3248.0,24,2,3247.8,64,3,3247.7,184,4,3247.6,167,8,3248.8,74,5,3248.9,3,1,3249.0,51,2,3249.2,23,2,3249.3,38,2
11536,2025-12-30 11:20:34+05:30,3248.7,4,3249.59,480812,103101.0,121026.0,3250.0,3257.0,3239.8,3251.5,42209475,3576.6,2926.4,4322.95,2866.6,3248.0,3,1,3247.8,4,1,3247.7,4,2,3247.6,30,3,3247.5,1,1,3248.7,44,4,3248.8,370,8,3248.9,48,4,3249.0,56,4,3249.1,17,1
11536,2025-12-30 11:20:34+05:30,3248.7,4,3249.59,480812,103101.0,121026.0,3250.0,3257.0,3239.8,3251.5,42209475,3576.6,2926.4,4322.95,2866.6,3248.0,3,1,3247.8,4,1,3247.7,4,2,3247.6,30,3,3247.5,1,1,3248.7,44,4,3248.8,370,8,3248.9,48,4,3249.0,56,4,3249.1,17,1
11536,2025-12-30 11:20:35+05:30,3248.7,1,3249.59,480814,103100.0,121018.0,3250.0,3257.0,3239.8,3251.5,42209475,3576.6,2926.4,4322.95,2866.6,3248.0,2,1,3247.8,4,1,3247.7,4,2,3247.6,30,3,3247.5,1,1,3248.7,74,6,3248.8,359,6,3248.9,19,3,3249.0,56,4,3249.1,17,1
11536,2025-12-30 11:20:35+05:30,3248.0,1,3249.59,480814,103100.0,121018.0,3250.0,3257.0,3239.8,3251.5,42209475,3576.6,2926.4,4322.95,2866.6,3248.0,2,1,3247.8,4,1,3247.7,4,2,3247.6,30,3,3247.5,1,1,3248.7,74,6,3248.8,359,6,3248.9,19,3,3249.0,56,4,3249.1,17,1
11536,2025-12-30 11:20:36+05:30,3248.0,1,3249.59,480816,103070.0,119693.0,3250.0,3257.0,3239.8,3251.5,42209475,3576.6,2926.4,4322.95,2866.6,3248.0,3,1,3247.8,4,1,3247.7,4,2,3247.6,30,3,3247.5,1,1,3248.6,54,4,3248.7,71,6,3248.8,62,3,3248.9,301,4,3249.0,56,4
11536,2025-12-30 11:20:36+05:30,3248.0,19,3249.59,480816,103070.0,119693.0,3250.0,3257.0,3239.8,3251.5,42209475,3576.6,2926.4,4322.95,2866.6,3248.0,3,1,3247.8,4,1,3247.7,4,2,3247.6,30,3,3247.5,1,1,3248.6,54,4,3248.7,71,6,3248.8,62,3,3248.9,301,4,3249.0,56,4
11536,2025-12-30 11:20:37+05:30,3248.0,19,3249.59,480835,102446.0,121715.0,3250.0,3257.0,3239.8,3251.5,42209475,3576.6,2926.4,4322.95,2866.6,3247.8,4,1,3247.7,4,2,3247.6,14,2,3247.5,1,1,3247.4,5,1,3248.0,14,3,3248.2,28,2,3248.3,25,1,3248.4,38,2,3248.6,33,3
11536,2025-12-30 11:20:37+05:30,3247.8,1,3249.59,480835,102446.0,121715.0,3250.0,3257.0,3239.8,3251.5,42209475,3576.6,2926.4,4322.95,2866.6,3247.8,4,1,3247.7,4,2,3247.6,14,2,3247.5,1,1,3247.4,5,1,3248.0,14,3,3248.2,28,2,3248.3,25,1,3248.4,38,2,3248.6,33,3
11536,2025-12-30 11:20:38+05:30,3247.8,1,3249.59,480836,102472.0,120205.0,3250.0,3257.0,3239.8,3251.5,42209475,3576.6,2926.4,4322.95,2866.6,3247.8,3,1,3247.7,4,2,3247.6,14,2,3247.5,1,1,3247.4,5,1,3248.0,14,3,3248.3,21,1,3248.4,38,2,3248.5,25,1,3248.6,33,3
11536,2025-12-30 11:20:38+05:30,3247.8,26,3249.59,480836,102472.0,120205.0,3250.0,3257.0,3239.8,3251.5,42209475,3576.6,2926.4,4322.95,2866.6,3247.8,3,1,3247.7,4,2,3247.6,14,2,3247.5,1,1,3247.4,5,1,3248.0,14,3,3248.3,21,1,3248.4,38,2,3248.5,25,1,3248.6,33,3
11536,2025-12-30 11:20:39+05:30,3247.7,2,3249.59,480913,102707.0,121512.0,3250.0,3257.0,3239.8,3251.5,42209475,3576.6,2926.4,4322.95,2866.6,3247.7,1,1,3247.6,14,2,3247.5,1,1,3247.4,5,1,3247.3,6,1,3247.8,10,3,3248.5,22,1,3248.6,14,1,3248.7,26,2,3248.8,50,2
11536,2025-12-30 11:20:39+05:30,3247.7,2,3249.59,480913,102707.0,121512.0,3250.0,3257.0,3239.8,3251.5,42209475,3576.6,2926.4,4322.95,2866.6,3247.7,1,1,3247.6,14,2,3247.5,1,1,3247.4,5,1,3247.3,6,1,3247.8,10,3,3248.5,22,1,3248.6,14,1,3248.7,26,2,3248.8,50,2
11536,2025-12-30 11:20:40+05:30,3247.8,5,3249.59,480918,102562.0,121141.0,3250.0,3257.0,3239.8,3251.5,42209475,3576.6,2926.4,4322.95,2866.6,3247.7,1,1,3247.6,14,2,3247.5,1,1,3247.4,5,1,3247.3,6,1,3247.8,21,6,3248.6,13,1,3248.7,26,2,3248.8,50,2,3248.9,18,3
11536,2025-12-30 11:20:40+05:30,3247.8,5,3249.59,480918,102562.0,121141.0,3250.0,3257.0,3239.8,3251.5,42209475,3576.6,2926.4,4322.95,2866.6,3247.7,1,1,3247.6,14,2,3247.5,1,1,3247.4,5,1,3247.3,6,1,3247.8,21,6,3248.6,13,1,3248.7,26,2,3248.8,50,2,3248.9,18,3
11536,2025-12-30 11:20:41+05:30,3247.7,11,3249.59,480971,102576.0,121174.0,3250.0,3257.0,3239.8,3251.5,42209475,3576.6,2926.4,4322.95,2866.6,3247.7,28,1,3247.6,14,2,3247.5,1,1,3247.4,5,1,3247.3,6,1,3247.8,17,4,3248.3,9,1,3248.4,24,1,3248.5,40,2,3248.6,33,2
11536,2025-12-30 11:20:41+05:30,3247.7,2,3249.59,480971,102576.0,121174.0,3250.0,3257.0,3239.8,3251.5,42209475,3576.6,2926.4,4322.95,2866.6,3247.7,28,1,3247.6,14,2,3247.5,1,1,3247.4,5,1,3247.3,6,1,3247.8,17,4,3248.3,9,1,3248.4,24,1,3248.5,40,2,3248.6,33,2
11536,2025-12-30 11:20:42+05:30,3247.8,5,3249.59,480984,102472.0,122149.0,3250.0,3257.0,3239.8,3251.5,42209475,3576.6,2926.4,4322.95,2866.6,3247.6,12,2,3247.5,27,2,3247.4,5,1,3247.3,6,1,3247.2,3,1,3247.8,10,6,3248.1,290,2,3248.2,12,1,3248.3,45,3,3248.4,28,1
11536,2025-12-30 11:20:42+05:30,3247.8,5,3249.59,480984,102472.0,122149.0,3250.0,3257.0,3239.8,3251.5,42209475,3576.6,2926.4,4322.95,2866.6,3247.6,12,2,3247.5,27,2,3247.4,5,1,3247.3,6,1,3247.2,3,1,3247.8,10,6,3248.1,290,2,3248.2,12,1,3248.3,45,3,3248.4,28,1
11536,2025-12-30 11:20:43+05:30,3247.6,3,3249.59,480995,102264.0,121332.0,3250.0,3257.0,3239.8,3251.5,42209475,3576.6,2926.4,4322.95,2866.6,3247.6,58,3,3247.5,27,2,3247.4,5,1,3247.3,6,1,3247.2,27,2,3247.8,10,6,3248.1,282,1,3248.2,12,1,3248.3,12,1,3248.5,12,1
11536,2025-12-30 11:20:43+05:30,3247.6,3,3249.59,480995,102264.0,121332.0,3250.0,3257.0,3239.8,3251.5,42209475,3576.6,2926.4,4322.95,2866.6,3247.6,58,3,3247.5,27,2,3247.4,5,1,3247.3,6,1,3247.2,27,2,3247.8,10,6,3248.1,282,1,3248.2,12,1,3248.3,12,1,3248.5,12,1
11536,2025-12-30 11:20:44+05:30,3247.6,1,3249.59,480997,101739.0,122561.0,3250.0,3257.0,3239.8,3251.5,42209475,3576.6,2926.4,4322.95,2866.6,3247.6,89,4,3247.5,1,1,3247.4,5,1,3247.3,6,1,3247.2,27,2,3247.8,11,5,3248.0,20,1,3248.1,290,2,3248.2,12,1,3248.3,23,2
11536,2025-12-30 11:20:44+05:30,3247.6,2,3249.59,480997,101739.0,122561.0,3250.0,3257.0,3239.8,3251.5,42209475,3576.6,2926.4,4322.95,2866.6,3247.6,89,4,3247.5,1,1,3247.4,5,1,3247.3,6,1,3247.2,27,2,3247.8,11,5,3248.0,20,1,3248.1,290,2,3248.2,12,1,3248.3,23,2
11536,2025-12-30 11:20:45+05:30,3247.6,3,3249.59,481004,102333.0,122232.0,3250.0,3257.0,3239.8,3251.5,42209475,3576.6,2926.4,4322.95,2866.6,3247.6,90,4,3247.5,1,1,3247.4,5,1,3247.3,6,1,3247.2,27,2,3247.8,8,3,3248.3,11,1,3248.4,18,1,3248.5,12,1,3248.6,41,3
11536,2025-12-30 11:20:45+05:30,3247.6,3,3249.59,481004,102333.0,122232.0,3250.0,3257.0,3239.8,3251.5,42209475,3576.6,2926.4,4322.95,2866.6,3247.6,90,4,3247.5,1,1,3247.4,5,1,3247.3,6,1,3247.2,27,2,3247.8,8,3,3248.3,11,1,3248.4,18,1,3248.5,12,1,3248.6,41,3
11536,2025-12-30 11:20:46+05:30,3247.8,1,3249.59,481005,102727.0,121591.0,3250.0,3257.0,3239.8,3251.5,42209475,3576.6,2926.4,4322.95,2866.6,3247.7,26,1,3247.6,64,3,3247.5,1,1,3247.4,5,1,3247.3,6,1,3247.8,9,5,3247.9,23,2,3248.1,6,1,3248.3,11,1,3248.4,26,2
11536,2025-12-30 11:20:46+05:30,3247.8,1,3249.59,481005,102727.0,121591.0,3250.0,3257.0,3239.8,3251.5,42209475,3576.6,2926.4,4322.95,2866.6,3247.7,26,1,3247.6,64,3,3247.5,1,1,3247.4,5,1,3247.3,6,1,3247.8,9,5,3247.9,23,2,3248.1,6,1,3248.3,11,1,3248.4,26,2
11536,2025-12-30 11:20:47+05:30,3247.8,1,3249.59,481085,102566.0,121633.0,3250.0,3257.0,3239.8,3251.5,42209475,3576.6,2926.4,4322.95,2866.6,3247.7,61,1,3247.6,64,3,3247.5,1,1,3247.4,5,1,3247.3,6,1,3247.8,8,4,3248.0,282,1,3248.1,19,1,3248.3,11,1,3248.4,28,2
11536,2025-12-30 11:20:47+05:30,3247.7,1,3249.59,481085,102566.0,121633.0,3250.0,3257.0,3239.8,3251.5,42209475,3576.6,2926.4,4322.95,2866.6,3247.7,61,1,3247.6,64,3,3247.5,1,1,3247.4,5,1,3247.3,6,1,3247.8,8,4,3248.0,282,1,3248.1,19,1,3248.3,11,1,3248.4,28,2
11536,2025-12-30 11:20:48+05:30,3247.8,9,3249.59,481136,102748.0,121665.0,3250.0,3257.0,3239.8,3251.5,42209475,3576.6,2926.4,4322.95,2866.6,3247.7,104,2,3247.6,64,3,3247.5,1,1,3247.4,5,1,3247.3,6,1,3247.8,6,3,3248.0,282,1,3248.3,9,1,3248.5,12,1,3248.6,19,1
11536,2025-12-30 11:20:48+05:30,3247.8,9,3249.59,481136,102748.0,121665.0,3250.0,3257.0,3239.8,3251.5,42209475,3576.6,2926.4,4322.95,2866.6,3247.7,104,2,3247.6,64,3,3247.5,1,1,3247.4,5,1,3247.3,6,1,3247.8,6,3,3248.0,282,1,3248.3,9,1,3248.5,12,1,3248.6,19,1
11536,2025-12-30 11:20:49+05:30,3247.7,11,3249.59,481147,102647.0,120768.0,3250.0,3257.0,3239.8,3251.5,42209475,3576.6,2926.4,4322.95,2866.6,3247.7,93,2,3247.6,64,3,3247.5,1,1,3247.4,5,1,3247.3,6,1,3247.8,3,2,3248.6,19,1,3248.7,30,3,3248.8,12,2,3248.9,44,4
11536,2025-12-30 11:20:49+05:30,3247.7,11,3249.59,481147,102647.0,120768.0,3250.0,3257.0,3239.8,3251.5,42209475,3576.6,2926.4,4322.95,2866.6,3247.7,93,2,3247.6,64,3,3247.5,1,1,3247.4,5,1,3247.3,6,1,3247.8,3,2,3248.6,19,1,3248.7,30,3,3248.8,12,2,3248.9,44,4
11536,2025-12-30 11:20:50+05:30,3247.7,3,3249.59,481165,102900.0,118554.0,3250.0,3257.0,3239.8,3251.5,42209475,3576.6,2926.4,4322.95,2866.6,3247.7,76,3,3247.6,64,3,3247.5,1,1,3247.4,22,2,3247.3,59,3,3247.8,2,2,3248.7,30,3,3248.8,10,1,3248.9,44,4,3249.0,20,2
11536,2025-12-30 11:20:50+05:30,3247.7,3,3249.59,481165,102900.0,118554.0,3250.0,3257.0,3239.8,3251.5,42209475,3576.6,2926.4,4322.95,2866.6,3247.7,76,3,3247.6,64,3,3247.5,1,1,3247.4,22,2,3247.3,59,3,3247.8,2,2,3248.7,30,3,3248.8,10,1,3248.9,44,4,3249.0,20,2
11536,2025-12-30 11:20:51+05:30,3247.7,3,3249.59,481165,102758.0,121628.0,3250.0,3257.0,3239.8,3251.5,42209475,3576.6,2926.4,4322.95,2866.6,3247.7,76,3,3247.6,64,3,3247.5,1,1,3247.4,5,1,3247.3,36,2,3247.8,3,3,3248.1,282,1,3248.2,8,1,3248.4,11,1,3248.5,19,1
11536,2025-12-30 11:20:52+05:30,3247.8,2,3249.59,481176,102862.0,121646.0,3250.0,3257.0,3239.8,3251.5,42209475,3576.6,2926.4,4322.95,2866.6,3247.7,114,4,3247.6,64,3,3247.5,1,1,3247.4,5,1,3247.3,6,1,3247.8,30,3,3248.5,12,1,3248.6,37,3,3248.7,30,3,3248.8,60,4
11536,2025-12-30 11:20:52+05:30,3247.8,2,3249.59,481176,102862.0,121646.0,3250.0,3257.0,3239.8,3251.5,42209475,3576.6,2926.4,4322.95,2866.6,3247.7,114,4,3247.6,64,3,3247.5,1,1,3247.4,5,1,3247.3,6,1,3247.8,30,3,3248.5,12,1,3248.6,37,3,3248.7,30,3,3248.8,60,4
11536,2025-12-30 11:20:53+05:30,3247.8,2,3249.59,481176,102907.0,121471.0,3250.0,3257.0,3239.8,3251.5,42209475,3576.6,2926.4,4322.95,2866.6,3247.7,114,4,3247.6,64,3,3247.5,1,1,3247.4,5,1,3247.3,6,1,3247.8,30,3,3248.5,12,1,3248.6,37,3,3248.7,30,3,3248.8,60,4
11536,2025-12-30 11:20:54+05:30,3247.8,5,3249.59,481213,102691.0,120419.0,3250.0,3257.0,3239.8,3251.5,42209475,3576.6,2926.4,4322.95,2866.6,3247.7,114,4,3247.6,65,4,3247.5,1,1,3247.4,5,1,3247.3,6,1,3247.8,3,2,3247.9,3,1,3248.0,282,1,3248.1,6,1,3248.2,19,1
11536,2025-12-30 11:20:54+05:30,3247.8,5,3249.59,481213,102691.0,120419.0,3250.0,3257.0,3239.8,3251.5,42209475,3576.6,2926.4,4322.95,2866.6,3247.7,114,4,3247.6,65,4,3247.5,1,1,3247.4,5,1,3247.3,6,1,3247.8,3,2,3247.9,3,1,3248.0,282,1,3248.1,6,1,3248.2,19,1
11536,2025-12-30 11:20:55+05:30,3247.8,1,3249.59,481234,102880.0,120925.0,3250.0,3257.0,3239.8,3251.5,42209475,3576.6,2926.4,4322.95,2866.6,3247.7,96,3,3247.6,65,4,3247.5,1,1,3247.4,5,1,3247.3,6,1,3247.8,4,3,3248.1,6,1,3248.3,28,2,3248.4,23,1,3248.5,12,1
11536,2025-12-30 11:20:55+05:30,3247.8,1,3249.59,481234,102880.0,120925.0,3250.0,3257.0,3239.8,3251.5,42209475,3576.6,2926.4,4322.95,2866.6,3247.7,96,3,3247.6,65,4,3247.5,1,1,3247.4,5,1,3247.3,6,1,3247.8,4,3,3248.1,6,1,3248.3,28,2,3248.4,23,1,3248.5,12,1
11536,2025-12-30 11:20:56+05:30,3247.8,1,3249.59,481245,102756.0,119523.0,3250.0,3257.0,3239.8,3251.5,42209475,3576.6,2926.4,4322.95,2866.6,3247.7,148,3,3247.6,65,4,3247.5,1,1,3247.4,5,1,3247.3,6,1,3247.8,1,1,3248.1,20,1,3248.3,9,1,3248.4,31,2,3248.5,39,2
11536,2025-12-30 11:20:56+05:30,3247.8,1,3249.59,481245,102756.0,119523.0,3250.0,3257.0,3239.8,3251.5,42209475,3576.6,2926.4,4322.95,2866.6,3247.7,148,3,3247.6,65,4,3247.5,1,1,3247.4,5,1,3247.3,6,1,3247.8,1,1,3248.1,20,1,3248.3,9,1,3248.4,31,2,3248.5,39,2
11536,2025-12-30 11:20:57+05:30,3247.8,2,3249.59,481343,102713.0,121643.0,3250.0,3257.0,3239.8,3251.5,42209475,3576.6,2926.4,4322.95,2866.6,3247.7,123,3,3247.6,65,4,3247.5,1,1,3247.4,5,1,3247.3,6,1,3247.8,16,3,3248.1,23,1,3248.2,27,1,3248.3,28,2,3248.4,2,1
11536,2025-12-30 11:20:57+05:30,3247.8,2,3249.59,481343,102713.0,121643.0,3250.0,3257.0,3239.8,3251.5,42209475,3576.6,2926.4,4322.95,2866.6,3247.7,123,3,3247.6,65,4,3247.5,1,1,3247.4,5,1,3247.3,6,1,3247.8,16,3,3248.1,23,1,3248.2,27,1,3248.3,28,2,3248.4,2,1
11536,2025-12-30 11:20:58+05:30,3247.8,1,3249.59,481349,102738.0,121671.0,3250.0,3257.0,3239.8,3251.5,42209475,3576.6,2926.4,4322.95,2866.6,3247.7,119,3,3247.6,64,3,3247.5,1,1,3247.4,5,1,3247.3,6,1,3247.8,18,4,3248.1,20,2,3248.2,65,3,3248.3,28,2,3248.4,2,1
11536,2025-12-30 11:20:58+05:30,3247.8,1,3249.59,481349,102738.0,121671.0,3250.0,3257.0,3239.8,3251.5,42209475,3576.6,2926.4,4322.95,2866.6,3247.7,119,3,3247.6,64,3,3247.5,1,1,3247.4,5,1,3247.3,6,1,3247.8,18,4,3248.1,20,2,3248.2,65,3,3248.3,28,2,3248.4,2,1
11536,2025-12-30 11:20:59+05:30,3247.7,7,3249.59,481360,100738.0,122326.0,3250.0,3257.0,3239.8,3251.5,42209475,3576.6,2926.4,4322.95,2866.6,3247.7,108,2,3247.6,64,3,3247.5,1,1,3247.4,5,1,3247.3,6,1,3247.8,22,4,3247.9,3,1,3248.0,20,1,3248.1,36,3,3248.2,40,2
11536,2025-12-30 11:20:59+05:30,3247.7,7,3249.59,481360,100738.0,122326.0,3250.0,3257.0,3239.8,3251.5,42209475,3576.6,2926.4,4322.95,2866.6,3247.7,108,2,3247.6,64,3,3247.5,1,1,3247.4,5,1,3247.3,6,1,3247.8,22,4,3247.9,3,1,3248.0,20,1,3248.1,36,3,3248.2,40,2
11536,2025-12-30 11:21:00+05:30,3247.7,2,3249.59,481368,102509.0,121490.0,3250.0,3257.0,3239.8,3251.5,42209475,3576.6,2926.4,4322.95,2866.6,3247.7,100,2,3247.6,64,3,3247.5,1,1,3247.4,5,1,3247.3,6,1,3247.8,16,4,3248.1,50,2,3248.2,19,1,3248.4,5,2,3248.5,15,2
11536,2025-12-30 11:21:00+05:30,3247.7,2,3249.59,481368,102509.0,121490.0,3250.0,3257.0,3239.8,3251.5,42209475,3576.6,2926.4,4322.95,2866.6,3247.7,100,2,3247.6,64,3,3247.5,1,1,3247.4,5,1,3247.3,6,1,3247.8,16,4,3248.1,50,2,3248.2,19,1,3248.4,5,2,3248.5,15,2
11536,2025-12-30 11:21:01+05:30,3247.8,6,3249.59,481368,102509.0,121490.0,3250.0,3257.0,3239.8,3251.5,42209475,3576.6,2926.4,4322.95,2866.6,3247.7,100,2,3247.6,64,3,3247.5,1,1,3247.4,5,1,3247.3,6,1,3247.8,16,4,3248.1,50,2,3248.2,19,1,3248.4,5,2,3248.5,15,2
11536,2025-12-30 11:21:01+05:30,3247.7,2,3249.59,481380,102574.0,121575.0,3250.0,3257.0,3239.8,3251.5,42209475,3576.6,2926.4,4322.95,2866.6,3247.7,95,2,3247.6,64,3,3247.5,1,1,3247.4,5,1,3247.3,6,1,3247.8,8,3,3248.0,19,1,3248.1,50,2,3248.2,25,2,3248.3,23,2
11536,2025-12-30 11:21:02+05:30,3247.8,1,3249.59,481380,102574.0,121575.0,3250.0,3257.0,3239.8,3251.5,42209475,3576.6,2926.4,4322.95,2866.6,3247.7,95,2,3247.6,64,3,3247.5,1,1,3247.4,5,1,3247.3,6,1,3247.8,8,3,3248.0,19,1,3248.1,50,2,3248.2,25,2,3248.3,23,2
11536,2025-12-30 11:21:03+05:30,3247.8,1,3249.59,481384,102585.0,121902.0,3250.0,3257.0,3239.8,3251.5,42209475,3576.6,2926.4,4322.95,2866.6,3247.7,99,3,3247.6,64,3,3247.5,1,1,3247.4,5,1,3247.3,6,1,3247.8,6,4,3248.0,19,1,3248.1,50,2,3248.2,25,2,3248.3,23,2
11536,2025-12-30 11:21:03+05:30,3247.7,2,3249.59,481384,102585.0,121902.0,3250.0,3257.0,3239.8,3251.5,42209475,3576.6,2926.4,4322.95,2866.6,3247.7,99,3,3247.6,64,3,3247.5,1,1,3247.4,5,1,3247.3,6,1,3247.8,6,4,3248.0,19,1,3248.1,50,2,3248.2,25,2,3248.3,23,2
11536,2025-12-30 11:21:04+05:30,3247.7,1,3249.59,481389,102571.0,121838.0,3250.0,3257.0,3239.8,3251.5,42209475,3576.6,2926.4,4322.95,2866.6,3247.7,96,3,3247.6,64,3,3247.5,1,1,3247.4,5,1,3247.3,6,1,3247.8,3,3,3247.9,20,1,3248.1,23,1,3248.2,25,2,3248.3,14,1
11536,2025-12-30 11:21:04+05:30,3247.7,1,3249.59,481389,102571.0,121838.0,3250.0,3257.0,3239.8,3251.5,42209475,3576.6,2926.4,4322.95,2866.6,3247.7,96,3,3247.6,64,3,3247.5,1,1,3247.4,5,1,3247.3,6,1,3247.8,3,3,3247.9,20,1,3248.1,23,1,3248.2,25,2,3248.3,14,1
11536,2025-12-30 11:21:05+05:30,3247.8,1,3249.59,481391,102714.0,121675.0,3250.0,3257.0,3239.8,3251.5,42209475,3576.6,2926.4,4322.95,2866.6,3247.7,95,3,3247.6,64,3,3247.5,13,2,3247.4,5,1,3247.3,28,2,3247.8,2,2,3248.5,3,1,3248.6,3,1,3248.7,27,3,3248.8,43,2
11536,2025-12-30 11:21:05+05:30,3247.7,1,3249.59,481391,102714.0,121675.0,3250.0,3257.0,3239.8,3251.5,42209475,3576.6,2926.4,4322.95,2866.6,3247.7,95,3,3247.6,64,3,3247.5,13,2,3247.4,5,1,3247.3,28,2,3247.8,2,2,3248.5,3,1,3248.6,3,1,3248.7,27,3,3248.8,43,2
11536,2025-12-30 11:21:05+05:30,3247.7,1,3249.59,481392,102713.0,121672.0,3250.0,3257.0,3239.8,3251.5,42209475,3576.6,2926.4,4322.95,2866.6,3247.7,94,3,3247.6,64,3,3247.5,13,2,3247.4,5,1,3247.3,28,2,3247.8,2,2,3248.6,3,1,3248.7,27,3,3248.8,43,2,3248.9,74,5
11536,2025-12-30 11:21:06+05:30,3247.7,1,3249.59,481392,102713.0,121672.0,3250.0,3257.0,3239.8,3251.5,42209475,3576.6,2926.4,4322.95,2866.6,3247.7,94,3,3247.6,64,3,3247.5,13,2,3247.4,5,1,3247.3,28,2,3247.8,2,2,3248.6,3,1,3248.7,27,3,3248.8,43,2,3248.9,74,5
11536,2025-12-30 11:21:06+05:30,3247.7,41,3249.59,481471,103628.0,120018.0,3250.0,3257.0,3239.8,3251.5,42209475,3576.6,2926.4,4322.95,2866.6,3247.7,116,5,3247.6,64,3,3247.5,13,2,3247.4,52,4,3247.3,248,5,3248.7,11,2,3248.9,41,2,3249.2,51,3,3249.3,33,2,3249.4,72,5
11536,2025-12-30 11:21:07+05:30,3247.7,1,3249.59,481471,103628.0,120018.0,3250.0,3257.0,3239.8,3251.5,42209475,3576.6,2926.4,4322.95,2866.6,3247.7,116,5,3247.6,64,3,3247.5,13,2,3247.4,52,4,3247.3,248,5,3248.7,11,2,3248.9,41,2,3249.2,51,3,3249.3,33,2,3249.4,72,5
11536,2025-12-30 11:21:07+05:30,3248.6,62,3249.59,481535,103851.0,119664.0,3250.0,3257.0,3239.8,3251.5,42209475,3576.6,2926.4,4322.95,2866.6,3248.6,62,1,3247.7,16,2,3247.6,85,4,3247.5,47,2,3247.4,344,5,3248.7,34,6,3248.8,11,1,3248.9,52,3,3249.0,64,4,3249.1,16,1
11536,2025-12-30 11:21:08+05:30,3248.6,1,3249.59,481535,103851.0,119664.0,3250.0,3257.0,3239.8,3251.5,42209475,3576.6,2926.4,4322.95,2866.6,3248.6,62,1,3247.7,16,2,3247.6,85,4,3247.5,47,2,3247.4,344,5,3248.7,34,6,3248.8,11,1,3248.9,52,3,3249.0,64,4,3249.1,16,1
11536,2025-12-30 11:21:08+05:30,3248.6,1,3249.59,481536,104086.0,120188.0,3250.0,3257.0,3239.8,3251.5,42209475,3576.6,2926.4,4322.95,2866.6,3248.6,66,2,3247.8,20,1,3247.7,16,2,3247.6,240,5,3247.5,345,5,3248.7,21,4,3248.8,15,1,3248.9,34,2,3249.0,41,3,3249.1,16,1
11536,2025-12-30 11:21:09+05:30,3248.7,1,3249.59,481536,104086.0,120188.0,3250.0,3257.0,3239.8,3251.5,42209475,3576.6,2926.4,4322.95,2866.6,3248.6,66,2,3247.8,20,1,3247.7,16,2,3247.6,240,5,3247.5,345,5,3248.7,21,4,3248.8,15,1,3248.9,34,2,3249.0,41,3,3249.1,16,1
11536,2025-12-30 11:21:09+05:30,3248.7,1,3249.59,481596,104092.0,120197.0,3250.0,3257.0,3239.8,3251.5,42209475,3576.6,2926.4,4322.95,2866.6,3248.6,43,2,3247.8,20,1,3247.7,77,3,3247.6,85,4,3247.5,345,5,3248.7,4,2,3248.8,35,2,3248.9,44,2,3249.0,54,3,3249.2,59,4
11536,2025-12-30 11:21:10+05:30,3248.6,5,3249.59,481596,104092.0,120197.0,3250.0,3257.0,3239.8,3251.5,42209475,3576.6,2926.4,4322.95,2866.6,3248.6,43,2,3247.8,20,1,3247.7,77,3,3247.6,85,4,3247.5,345,5,3248.7,4,2,3248.8,35,2,3248.9,44,2,3249.0,54,3,3249.2,59,4
11536,2025-12-30 11:21:11+05:30,3248.6,5,3249.59,481601,104097.0,119926.0,3250.0,3257.0,3239.8,3251.5,42209475,3576.6,2926.4,4322.95,2866.6,3248.6,38,2,3247.8,20,1,3247.7,77,3,3247.6,85,4,3247.5,388,6,3248.7,9,4,3248.8,15,1,3248.9,48,3,3249.0,54,3,3249.2,59,4
11536,2025-12-30 11:21:11+05:30,3248.6,11,3249.59,481601,104097.0,119926.0,3250.0,3257.0,3239.8,3251.5,42209475,3576.6,2926.4,4322.95,2866.6,3248.6,38,2,3247.8,20,1,3247.7,77,3,3247.6,85,4,3247.5,388,6,3248.7,9,4,3248.8,15,1,3248.9,48,3,3249.0,54,3,3249.2,59,4
11536,2025-12-30 11:21:11+05:30,3248.6,11,3249.59,481612,104116.0,119939.0,3250.0,3257.0,3239.8,3251.5,42209475,3576.6,2926.4,4322.95,2866.6,3248.6,27,2,3247.8,20,1,3247.7,77,3,3247.6,85,4,3247.5,388,6,3248.7,3,3,3248.8,34,2,3248.9,48,3,3249.0,54,3,3249.2,59,4
11536,2025-12-30 11:21:12+05:30,3248.7,1,3249.59,481612,104116.0,119939.0,3250.0,3257.0,3239.8,3251.5,42209475,3576.6,2926.4,4322.95,2866.6,3248.6,27,2,3247.8,20,1,3247.7,77,3,3247.6,85,4,3247.5,388,6,3248.7,3,3,3248.8,34,2,3248.9,48,3,3249.0,54,3,3249.2,59,4
11536,2025-12-30 11:21:12+05:30,3248.6,19,3249.59,482044,101481.0,121741.0,3250.0,3257.0,3239.8,3251.5,42209475,3576.6,2926.4,4322.95,2866.6,3247.7,5,1,3247.6,14,2,3247.5,1,1,3247.4,5,1,3247.3,6,1,3248.5,40,3,3248.6,54,4,3248.7,306,5,3248.8,19,1,3248.9,25,2
11536,2025-12-30 11:21:13+05:30,3247.7,2,3249.59,482044,101481.0,121741.0,3250.0,3257.0,3239.8,3251.5,42209475,3576.6,2926.4,4322.95,2866.6,3247.7,5,1,3247.6,14,2,3247.5,1,1,3247.4,5,1,3247.3,6,1,3248.5,40,3,3248.6,54,4,3248.7,306,5,3248.8,19,1,3248.9,25,2
11536,2025-12-30 11:21:13+05:30,3247.7,2,3249.59,482047,102483.0,120822.0,3250.0,3257.0,3239.8,3251.5,42209475,3576.6,2926.4,4322.95,2866.6,3247.7,2,1,3247.6,14,2,3247.5,1,1,3247.4,5,1,3247.3,6,1,3248.4,37,5,3248.5,34,3,3248.6,41,3,3248.7,31,3,3248.8,19,1
11536,2025-12-30 11:21:14+05:30,3248.3,1,3249.59,482047,102483.0,120822.0,3250.0,3257.0,3239.8,3251.5,42209475,3576.6,2926.4,4322.95,2866.6,3247.7,2,1,3247.6,14,2,3247.5,1,1,3247.4,5,1,3247.3,6,1,3248.4,37,5,3248.5,34,3,3248.6,41,3,3248.7,31,3,3248.8,19,1
11536,2025-12-30 11:21:14+05:30,3248.3,1,3249.59,482076,102294.0,121283.0,3250.0,3257.0,3239.8,3251.5,42209475,3576.6,2926.4,4322.95,2866.6,3247.7,5,1,3247.6,14,2,3247.5,1,1,3247.4,5,1,3247.3,6,1,3248.4,38,6,3248.5,46,4,3248.6,49,3,3248.7,30,2,3248.8,21,2
11536,2025-12-30 11:21:15+05:30,3247.6,1,3249.59,482076,102294.0,121283.0,3250.0,3257.0,3239.8,3251.5,42209475,3576.6,2926.4,4322.95,2866.6,3247.7,5,1,3247.6,14,2,3247.5,1,1,3247.4,5,1,3247.3,6,1,3248.4,38,6,3248.5,46,4,3248.6,49,3,3248.7,30,2,3248.8,21,2
11536,2025-12-30 11:21:15+05:30,3247.6,1,3249.59,482086,102284.0,121914.0,3250.0,3257.0,3239.8,3251.5,42209475,3576.6,2926.4,4322.95,2866.6,3247.6,12,2,3247.5,1,1,3247.4,5,1,3247.3,6,1,3247.2,19,2,3247.7,6,2,3248.4,28,3,3248.5,11,1,3248.6,313,3,3248.7,2,1
11536,2025-12-30 11:21:16+05:30,3247.6,1,3249.59,482086,102284.0,121914.0,3250.0,3257.0,3239.8,3251.5,42209475,3576.6,2926.4,4322.95,2866.6,3247.6,12,2,3247.5,1,1,3247.4,5,1,3247.3,6,1,3247.2,19,2,3247.7,6,2,3248.4,28,3,3248.5,11,1,3248.6,313,3,3248.7,2,1
11536,2025-12-30 11:21:16+05:30,3247.6,6,3249.58,482293,101717.0,122669.0,3250.0,3257.0,3239.8,3251.5,42209475,3576.6,2926.4,4322.95,2866.6,3247.6,33,3,3247.5,1,1,3247.4,5,1,3247.3,6,1,3247.2,3,1,3247.7,2,2,3248.4,36,2,3248.6,303,3,3248.7,2,1,3248.8,20,2
11536,2025-12-30 11:21:17+05:30,3247.6,2,3249.58,482293,101717.0,122669.0,3250.0,3257.0,3239.8,3251.5,42209475,3576.6,2926.4,4322.95,2866.6,3247.6,33,3,3247.5,1,1,3247.4,5,1,3247.3,6,1,3247.2,3,1,3247.7,2,2,3248.4,36,2,3248.6,303,3,3248.7,2,1,3248.8,20,2
11536,2025-12-30 11:21:17+05:30,3247.6,2,3249.58,482296,100760.0,123037.0,3250.0,3257.0,3239.8,3251.5,42209475,3576.6,2926.4,4322.95,2866.6,3247.6,12,2,3247.5,37,3,3247.4,5,1,3247.3,12,2,3247.2,3,1,3247.7,8,2,3248.3,36,2,3248.4,54,3,3248.5,13,1,3248.6,305,4
11536,2025-12-30 11:21:18+05:30,3247.6,1,3249.58,482297,100574.0,123039.0,3250.0,3257.0,3239.8,3251.5,42209475,3576.6,2926.4,4322.95,2866.6,3247.6,11,2,3247.5,37,3,3247.4,5,1,3247.3,12,2,3247.2,3,1,3247.7,7,1,3247.9,19,1,3248.2,61,2,3248.3,10,1,3248.4,53,3
11536,2025-12-30 11:21:19+05:30,3247.6,2,3249.58,482297,100574.0,123039.0,3250.0,3257.0,3239.8,3251.5,42209475,3576.6,2926.4,4322.95,2866.6,3247.6,11,2,3247.5,37,3,3247.4,5,1,3247.3,12,2,3247.2,3,1,3247.7,7,1,3247.9,19,1,3248.2,61,2,3248.3,10,1,3248.4,53,3
11536,2025-12-30 11:21:19+05:30,3247.6,6,3249.58,482371,100603.0,122423.0,3250.0,3257.0,3239.8,3251.5,42209475,3576.6,2926.4,4322.95,2866.6,3247.6,17,1,3247.5,12,2,3247.4,5,1,3247.3,12,2,3247.2,3,1,3247.7,1,1,3248.2,43,1,3248.3,10,1,3248.4,36,2,3248.5,13,1
11536,2025-12-30 11:21:20+05:30,3247.6,6,3249.58,482371,100603.0,122423.0,3250.0,3257.0,3239.8,3251.5,42209475,3576.6,2926.4,4322.95,2866.6,3247.6,17,1,3247.5,12,2,3247.4,5,1,3247.3,12,2,3247.2,3,1,3247.7,1,1,3248.2,43,1,3248.3,10,1,3248.4,36,2,3248.5,13,1
11536,2025-12-30 11:21:20+05:30,3247.6,6,3249.58,482371,101004.0,122096.0,3250.0,3257.0,3239.8,3251.5,42209475,3576.6,2926.4,4322.95,2866.6,3247.6,66,2,3247.5,12,2,3247.4,5,1,3247.3,12,2,3247.2,3,1,3247.7,21,4,3248.4,31,1,3248.6,18,2,3248.7,2,1,3248.8,33,2
11536,2025-12-30 11:21:21+05:30,3247.6,1,3249.58,482371,101004.0,122096.0,3250.0,3257.0,3239.8,3251.5,42209475,3576.6,2926.4,4322.95,2866.6,3247.6,66,2,3247.5,12,2,3247.4,5,1,3247.3,12,2,3247.2,3,1,3247.7,21,4,3248.4,31,1,3248.6,18,2,3248.7,2,1,3248.8,33,2
11536,2025-12-30 11:21:21+05:30,3247.7,5,3249.58,482446,100993.0,122085.0,3250.0,3257.0,3239.8,3251.5,42209475,3576.6,2926.4,4322.95,2866.6,3247.7,25,1,3247.6,49,1,3247.5,12,2,3247.4,5,1,3247.3,12,2,3248.4,31,1,3248.5,282,1,3248.6,44,3,3248.7,20,2,3248.8,15,1
11536,2025-12-30 11:21:22+05:30,3247.7,10,3249.58,482446,100993.0,122085.0,3250.0,3257.0,3239.8,3251.5,42209475,3576.6,2926.4,4322.95,2866.6,3247.7,25,1,3247.6,49,1,3247.5,12,2,3247.4,5,1,3247.3,12,2,3248.4,31,1,3248.5,282,1,3248.6,44,3,3248.7,20,2,3248.8,15,1
11536,2025-12-30 11:21:22+05:30,3247.7,10,3249.58,482457,101000.0,121635.0,3250.0,3257.0,3239.8,3251.5,42209475,3576.6,2926.4,4322.95,2866.6,3247.7,14,1,3247.6,49,1,3247.5,12,2,3247.4,5,1,3247.3,12,2,3248.4,44,5,3248.5,26,1,3248.6,33,2,3248.7,2,1,3248.8,33,2
11536,2025-12-30 11:21:23+05:30,3248.4,1,3249.58,482457,101000.0,121635.0,3250.0,3257.0,3239.8,3251.5,42209475,3576.6,2926.4,4322.95,2866.6,3247.7,14,1,3247.6,49,1,3247.5,12,2,3247.4,5,1,3247.3,12,2,3248.4,44,5,3248.5,26,1,3248.6,33,2,3248.7,2,1,3248.8,33,2
11536,2025-12-30 11:21:23+05:30,3248.4,1,3249.58,482458,101573.0,121164.0,3250.0,3257.0,3239.8,3251.5,42209475,3576.6,2926.4,4322.95,2866.6,3248.0,14,1,3247.7,52,1,3247.6,49,1,3247.5,12,2,3247.4,27,2,3248.4,43,5,3248.5,26,1,3248.6,33,2,3248.7,2,1,3248.8,18,1
11536,2025-12-30 11:21:24+05:30,3248.4,5,3249.58,482458,101573.0,121164.0,3250.0,3257.0,3239.8,3251.5,42209475,3576.6,2926.4,4322.95,2866.6,3248.0,14,1,3247.7,52,1,3247.6,49,1,3247.5,12,2,3247.4,27,2,3248.4,43,5,3248.5,26,1,3248.6,33,2,3248.7,2,1,3248.8,18,1
11536,2025-12-30 11:21:24+05:30,3248.0,1,3249.58,482520,101987.0,121325.0,3250.0,3257.0,3239.8,3251.5,42209475,3576.6,2926.4,4322.95,2866.6,3247.7,52,1,3247.6,49,1,3247.5,12,2,3247.4,5,1,3247.3,12,2,3247.9,9,1,3248.4,8,3,3248.5,26,1,3248.6,33,2,3248.7,2,1
11536,2025-12-30 11:21:25+05:30,3247.9,1,3249.58,482520,101987.0,121325.0,3250.0,3257.0,3239.8,3251.5,42209475,3576.6,2926.4,4322.95,2866.6,3247.7,52,1,3247.6,49,1,3247.5,12,2,3247.4,5,1,3247.3,12,2,3247.9,9,1,3248.4,8,3,3248.5,26,1,3248.6,33,2,3248.7,2,1
11536,2025-12-30 11:21:25+05:30,3247.9,1,3249.58,483534,100611.0,122096.0,3250.0,3257.0,3239.8,3251.5,42209475,3576.6,2926.4,4322.95,2866.6,3247.7,46,1,3247.6,234,1,3247.3,22,1,3247.2,26,1,3247.1,3,1,3247.9,40,4,3248.2,19,1,3248.4,11,3,3248.6,33,2,3248.7,2,1
11536,2025-12-30 11:21:26+05:30,3247.7,7,3249.58,483534,100611.0,122096.0,3250.0,3257.0,3239.8,3251.5,42209475,3576.6,2926.4,4322.95,2866.6,3247.7,46,1,3247.6,234,1,3247.3,22,1,3247.2,26,1,3247.1,3,1,3247.9,40,4,3248.2,19,1,3248.4,11,3,3248.6,33,2,3248.7,2,1
11536,2025-12-30 11:21:27+05:30,3247.6,1,3249.58,483581,100601.0,122082.0,3250.0,3257.0,3239.8,3251.5,42209475,3576.6,2926.4,4322.95,2866.6,3247.6,233,1,3247.2,26,1,3247.1,3,1,3247.0,96,4,3246.8,126,5,3247.7,11,3,3247.9,61,5,3248.4,18,2,3248.6,33,2,3248.7,2,1
11536,2025-12-30 11:21:27+05:30,3247.6,1,3249.58,483581,100601.0,122082.0,3250.0,3257.0,3239.8,3251.5,42209475,3576.6,2926.4,4322.95,2866.6,3247.6,233,1,3247.2,26,1,3247.1,3,1,3247.0,96,4,3246.8,126,5,3247.7,11,3,3247.9,61,5,3248.4,18,2,3248.6,33,2,3248.7,2,1
11536,2025-12-30 11:21:28+05:30,3247.6,214,3249.58,483814,99942.0,121736.0,3250.0,3257.0,3239.8,3251.5,42209475,3576.6,2926.4,4322.95,2866.6,3246.8,58,4,3246.7,53,3,3246.6,106,7,3246.5,79,4,3246.4,204,8,3247.5,8,2,3247.6,32,2,3247.7,13,5,3247.9,22,2,3248.4,10,1
11536,2025-12-30 11:21:28+05:30,3247.6,214,3249.58,483814,99942.0,121736.0,3250.0,3257.0,3239.8,3251.5,42209475,3576.6,2926.4,4322.95,2866.6,3246.8,58,4,3246.7,53,3,3246.6,106,7,3246.5,79,4,3246.4,204,8,3247.5,8,2,3247.6,32,2,3247.7,13,5,3247.9,22,2,3248.4,10,1
11536,2025-12-30 11:21:29+05:30,3246.7,27,3249.58,484010,99406.0,121905.0,3250.0,3257.0,3239.8,3251.5,42209475,3576.6,2926.4,4322.95,2866.6,3246.6,92,7,3246.5,116,6,3246.4,135,7,3246.3,100,3,3246.2,87,4,3246.7,21,1,3247.5,22,6,3247.6,32,2,3247.7,3,3,3248.4,26,2
11536,2025-12-30 11:21:29+05:30,3246.6,6,3249.58,484010,99406.0,121905.0,3250.0,3257.0,3239.8,3251.5,42209475,3576.6,2926.4,4322.95,2866.6,3246.6,92,7,3246.5,116,6,3246.4,135,7,3246.3,100,3,3246.2,87,4,3246.7,21,1,3247.5,22,6,3247.6,32,2,3247.7,3,3,3248.4,26,2
11536,2025-12-30 11:21:30+05:30,3246.6,2,3249.58,484121,99444.0,121966.0,3250.0,3257.0,3239.8,3251.5,42209475,3576.6,2926.4,4322.95,2866.6,3246.6,50,4,3246.5,121,6,3246.4,32,2,3246.3,56,3,3246.2,133,5,3246.7,29,6,3247.5,22,6,3247.6,1,1,3247.7,1,1,3248.4,46,3
11536,2025-12-30 11:21:30+05:30,3246.7,4,3249.58,484121,99444.0,121966.0,3250.0,3257.0,3239.8,3251.5,42209475,3576.6,2926.4,4322.95,2866.6,3246.6,50,4,3246.5,121,6,3246.4,32,2,3246.3,56,3,3246.2,133,5,3246.7,29,6,3247.5,22,6,3247.6,1,1,3247.7,1,1,3248.4,46,3
11536,2025-12-30 11:21:31+05:30,3246.7,7,3249.57,484495,99881.0,121307.0,3250.0,3257.0,3239.8,3251.5,42209475,3576.6,2926.4,4322.95,2866.6,3246.7,102,7,3246.6,74,5,3246.5,105,6,3246.4,114,5,3246.3,83,4,3247.5,12,3,3247.6,1,1,3248.4,16,1,3248.6,27,1,3248.8,245,5
11536,2025-12-30 11:21:31+05:30,3247.5,1,3249.57,484495,99881.0,121307.0,3250.0,3257.0,3239.8,3251.5,42209475,3576.6,2926.4,4322.95,2866.6,3246.7,102,7,3246.6,74,5,3246.5,105,6,3246.4,114,5,3246.3,83,4,3247.5,12,3,3247.6,1,1,3248.4,16,1,3248.6,27,1,3248.8,245,5
11536,2025-12-30 11:21:32+05:30,3247.5,1,3249.57,484537,99963.0,119270.0,3250.0,3257.0,3239.8,3251.5,42209475,3576.6,2926.4,4322.95,2866.6,3246.7,148,8,3246.6,77,5,3246.5,95,5,3246.4,114,5,3246.3,69,3,3247.5,19,5,3247.6,1,1,3248.4,16,1,3248.6,27,1,3248.8,245,5
11536,2025-12-30 11:21:33+05:30,3246.7,13,3249.57,484612,100160.0,121363.0,3250.0,3257.0,3239.8,3251.5,42209475,3576.6,2926.4,4322.95,2866.6,3246.8,76,5,3246.7,108,4,3246.6,134,8,3246.5,141,6,3246.4,76,5,3247.5,12,4,3247.6,1,1,3248.4,16,1,3248.6,27,1,3248.8,199,4
11536,2025-12-30 11:21:33+05:30,3246.8,1,3249.57,484612,100160.0,121363.0,3250.0,3257.0,3239.8,3251.5,42209475,3576.6,2926.4,4322.95,2866.6,3246.8,76,5,3246.7,108,4,3246.6,134,8,3246.5,141,6,3246.4,76,5,3247.5,12,4,3247.6,1,1,3248.4,16,1,3248.6,27,1,3248.8,199,4
11536,2025-12-30 11:21:34+05:30,3246.8,2,3249.57,484706,99853.0,121409.0,3250.0,3257.0,3239.8,3251.5,42209475,3576.6,2926.4,4322.95,2866.6,3246.8,84,5,3246.7,95,4,3246.6,83,6,3246.5,95,5,3246.4,122,6,3247.5,9,6,3248.4,20,2,3248.5,17,2,3248.6,67,2,3248.7,178,1
11536,2025-12-30 11:21:34+05:30,3246.8,1,3249.57,484706,99853.0,121409.0,3250.0,3257.0,3239.8,3251.5,42209475,3576.6,2926.4,4322.95,2866.6,3246.8,84,5,3246.7,95,4,3246.6,83,6,3246.5,95,5,3246.4,122,6,3247.5,9,6,3248.4,20,2,3248.5,17,2,3248.6,67,2,3248.7,178,1
11536,2025-12-30 11:21:35+05:30,3246.8,1,3249.57,484714,99925.0,121803.0,3250.0,3257.0,3239.8,3251.5,42209475,3576.6,2926.4,4322.95,2866.6,3246.8,156,6,3246.7,95,4,3246.6,83,6,3246.5,95,5,3246.4,122,6,3247.5,13,8,3248.4,60,3,3248.5,17,2,3248.6,67,2,3248.7,178,1
11536,2025-12-30 11:21:35+05:30,3246.8,5,3249.57,484714,99925.0,121803.0,3250.0,3257.0,3239.8,3251.5,42209475,3576.6,2926.4,4322.95,2866.6,3246.8,156,6,3246.7,95,4,3246.6,83,6,3246.5,95,5,3246.4,122,6,3247.5,13,8,3248.4,60,3,3248.5,17,2,3248.6,67,2,3248.7,178,1
11536,2025-12-30 11:21:36+05:30,3246.9,14,3249.57,484763,100118.0,119389.0,3250.0,3257.0,3239.8,3251.5,42209475,3576.6,2926.4,4322.95,2866.6,3246.9,59,3,3246.8,127,5,3246.7,95,4,3246.6,83,6,3246.5,141,6,3247.5,9,7,3248.4,60,3,3248.5,17,2,3248.6,67,2,3248.7,178,1
11536,2025-12-30 11:21:36+05:30,3246.9,4,3249.57,484763,100118.0,119389.0,3250.0,3257.0,3239.8,3251.5,42209475,3576.6,2926.4,4322.95,2866.6,3246.9,59,3,3246.8,127,5,3246.7,95,4,3246.6,83,6,3246.5,141,6,3247.5,9,7,3248.4,60,3,3248.5,17,2,3248.6,67,2,3248.7,178,1
11536,2025-12-30 11:21:37+05:30,3246.9,2,3249.57,484865,100108.0,119405.0,3250.0,3257.0,3239.8,3251.5,42209475,3576.6,2926.4,4322.95,2866.6,3246.9,20,3,3246.8,127,5,3246.7,92,4,3246.6,83,6,3246.5,95,5,3247.5,42,10,3248.4,60,3,3248.5,17,2,3248.6,67,2,3248.7,224,2
11536,2025-12-30 11:21:37+05:30,3247.5,1,3249.57,484865,100108.0,119405.0,3250.0,3257.0,3239.8,3251.5,42209475,3576.6,2926.4,4322.95,2866.6,3246.9,20,3,3246.8,127,5,3246.7,92,4,3246.6,83,6,3246.5,95,5,3247.5,42,10,3248.4,60,3,3248.5,17,2,3248.6,67,2,3248.7,224,2
11536,2025-12-30 11:21:38+05:30,3247.2,10,3249.57,484886,100252.0,122281.0,3250.0,3257.0,3239.8,3251.5,42209475,3576.6,2926.4,4322.95,2866.6,3247.2,31,1,3246.9,1,1,3246.8,101,3,3246.7,57,2,3246.6,51,4,3247.5,46,13,3247.7,22,1,3247.8,25,1,3247.9,10,1,3248.0,13,1
11536,2025-12-30 11:21:38+05:30,3247.2,7,3249.57,484886,100252.0,122281.0,3250.0,3257.0,3239.8,3251.5,42209475,3576.6,2926.4,4322.95,2866.6,3247.2,31,1,3246.9,1,1,3246.8,101,3,3246.7,57,2,3246.6,51,4,3247.5,46,13,3247.7,22,1,3247.8,25,1,3247.9,10,1,3248.0,13,1
11536,2025-12-30 11:21:39+05:30,3247.2,23,3249.57,484926,100209.0,122247.0,3250.0,3257.0,3239.8,3251.5,42209475,3576.6,2926.4,4322.95,2866.6,3247.2,41,1,3246.9,1,1,3246.8,111,4,3246.7,57,2,3246.6,40,3,3247.5,43,12,3247.7,22,1,3247.8,25,1,3247.9,10,1,3248.0,13,1
11536,2025-12-30 11:21:39+05:30,3247.2,2,3249.57,484926,100209.0,122247.0,3250.0,3257.0,3239.8,3251.5,42209475,3576.6,2926.4,4322.95,2866.6,3247.2,41,1,3246.9,1,1,3246.8,111,4,3246.7,57,2,3246.6,40,3,3247.5,43,12,3247.7,22,1,3247.8,25,1,3247.9,10,1,3248.0,13,1
11536,2025-12-30 11:21:40+05:30,3247.2,2,3249.57,485201,99796.0,122864.0,3250.0,3257.0,3239.8,3251.5,42209475,3576.6,2926.4,4322.95,2866.6,3247.2,104,1,3246.9,1,1,3246.8,111,4,3246.7,57,2,3246.6,40,3,3247.4,47,2,3247.5,10,8,3247.6,10,1,3247.7,14,1,3247.8,14,1
11536,2025-12-30 11:21:40+05:30,3247.2,1,3249.57,485201,99796.0,122864.0,3250.0,3257.0,3239.8,3251.5,42209475,3576.6,2926.4,4322.95,2866.6,3247.2,104,1,3246.9,1,1,3246.8,111,4,3246.7,57,2,3246.6,40,3,3247.4,47,2,3247.5,10,8,3247.6,10,1,3247.7,14,1,3247.8,14,1
11536,2025-12-30 11:21:41+05:30,3247.2,10,3249.57,485224,99924.0,123649.0,3250.0,3257.0,3239.8,3251.5,42209475,3576.6,2926.4,4322.95,2866.6,3247.2,81,1,3246.9,1,1,3246.8,111,4,3246.7,57,2,3246.6,40,3,3247.4,38,5,3247.5,5,4,3247.7,21,1,3247.8,14,1,3247.9,10,1
11536,2025-12-30 11:21:41+05:30,3247.2,13,3249.57,485224,99924.0,123649.0,3250.0,3257.0,3239.8,3251.5,42209475,3576.6,2926.4,4322.95,2866.6,3247.2,81,1,3246.9,1,1,3246.8,111,4,3246.7,57,2,3246.6,40,3,3247.4,38,5,3247.5,5,4,3247.7,21,1,3247.8,14,1,3247.9,10,1
11536,2025-12-30 11:21:42+05:30,3247.2,13,3249.57,485239,99909.0,123635.0,3250.0,3257.0,3239.8,3251.5,42209475,3576.6,2926.4,4322.95,2866.6,3247.2,66,1,3246.9,1,1,3246.8,111,4,3246.7,57,2,3246.6,40,3,3247.4,41,8,3247.5,2,2,3247.7,21,1,3247.8,31,2,3247.9,10,1
11536,2025-12-30 11:21:42+05:30,3247.2,3,3249.57,485239,99909.0,123635.0,3250.0,3257.0,3239.8,3251.5,42209475,3576.6,2926.4,4322.95,2866.6,3247.2,66,1,3246.9,1,1,3246.8,111,4,3246.7,57,2,3246.6,40,3,3247.4,41,8,3247.5,2,2,3247.7,21,1,3247.8,31,2,3247.9,10,1
11536,2025-12-30 11:21:43+05:30,3246.8,5,3249.57,485352,99680.0,123138.0,3250.0,3257.0,3239.8,3251.5,42209475,3576.6,2926.4,4322.95,2866.6,3246.8,85,3,3246.7,57,2,3246.6,36,3,3246.5,107,5,3246.4,69,4,3246.9,1,1,3247.2,6,4,3247.4,5,5,3247.7,21,1,3247.8,14,1
11536,2025-12-30 11:21:43+05:30,3246.8,1,3249.57,485352,99680.0,123138.0,3250.0,3257.0,3239.8,3251.5,42209475,3576.6,2926.4,4322.95,2866.6,3246.8,85,3,3246.7,57,2,3246.6,36,3,3246.5,107,5,3246.4,69,4,3246.9,1,1,3247.2,6,4,3247.4,5,5,3247.7,21,1,3247.8,14,1
11536,2025-12-30 11:21:44+05:30,3246.8,4,3249.57,485364,99710.0,121736.0,3250.0,3257.0,3239.8,3251.5,42209475,3576.6,2926.4,4322.95,2866.6,3246.8,107,4,3246.7,77,3,3246.6,19,2,3246.5,107,5,3246.4,69,4,3246.9,4,3,3247.2,4,3,3247.4,2,2,3247.7,21,1,3247.8,14,1
11536,2025-12-30 11:21:44+05:30,3246.8,1,3249.57,485364,99710.0,121736.0,3250.0,3257.0,3239.8,3251.5,42209475,3576.6,2926.4,4322.95,2866.6,3246.8,107,4,3246.7,77,3,3246.6,19,2,3246.5,107,5,3246.4,69,4,3246.9,4,3,3247.2,4,3,3247.4,2,2,3247.7,21,1,3247.8,14,1
11536,2025-12-30 11:21:45+05:30,3246.8,2,3249.57,485394,99660.0,122824.0,3250.0,3257.0,3239.8,3251.5,42209475,3576.6,2926.4,4322.95,2866.6,3246.8,78,4,3246.7,77,3,3246.6,19,2,3246.5,107,5,3246.4,48,3,3246.9,22,8,3247.2,1,1,3247.6,25,1,3247.7,21,1,3247.8,14,1
11536,2025-12-30 11:21:45+05:30,3246.8,9,3249.57,485394,99660.0,122824.0,3250.0,3257.0,3239.8,3251.5,42209475,3576.6,2926.4,4322.95,2866.6,3246.8,78,4,3246.7,77,3,3246.6,19,2,3246.5,107,5,3246.4,48,3,3246.9,22,8,3247.2,1,1,3247.6,25,1,3247.7,21,1,3247.8,14,1
11536,2025-12-30 11:21:46+05:30,3246.8,9,3249.57,485417,99654.0,122937.0,3250.0,3257.0,3239.8,3251.5,42209475,3576.6,2926.4,4322.95,2866.6,3246.8,20,2,3246.7,82,3,3246.6,29,3,3246.5,107,5,3246.4,48,3,3246.9,24,11,3247.6,25,1,3247.7,21,1,3247.8,14,1,3247.9,10,1
11536,2025-12-30 11:21:46+05:30,3246.8,6,3249.57,485417,99654.0,122937.0,3250.0,3257.0,3239.8,3251.5,42209475,3576.6,2926.4,4322.95,2866.6,3246.8,20,2,3246.7,82,3,3246.6,29,3,3246.5,107,5,3246.4,48,3,3246.9,24,11,3247.6,25,1,3247.7,21,1,3247.8,14,1,3247.9,10,1
11536,2025-12-30 11:21:47+05:30,3246.8,1,3249.57,485513,99643.0,122934.0,3250.0,3257.0,3239.8,3251.5,42209475,3576.6,2926.4,4322.95,2866.6,3246.8,1,1,3246.7,82,3,3246.6,36,3,3246.5,117,6,3246.4,30,2,3246.9,21,8,3247.6,25,1,3247.7,21,1,3247.8,14,1,3247.9,10,1
11536,2025-12-30 11:21:47+05:30,3246.9,3,3249.57,485513,99643.0,122934.0,3250.0,3257.0,3239.8,3251.5,42209475,3576.6,2926.4,4322.95,2866.6,3246.8,1,1,3246.7,82,3,3246.6,36,3,3246.5,117,6,3246.4,30,2,3246.9,21,8,3247.6,25,1,3247.7,21,1,3247.8,14,1,3247.9,10,1
11536,2025-12-30 11:21:48+05:30,3246.8,1,3249.57,485528,99623.0,123114.0,3250.0,3257.0,3239.8,3251.5,42209475,3576.6,2926.4,4322.95,2866.6,3246.8,25,2,3246.7,77,3,3246.6,19,2,3246.5,117,6,3246.4,69,4,3246.9,21,8,3247.6,25,1,3247.7,21,1,3247.8,14,1,3247.9,10,1
11536,2025-12-30 11:21:48+05:30,3248.3,2,3249.57,485528,99623.0,123114.0,3250.0,3257.0,3239.8,3251.5,42209475,3576.6,2926.4,4322.95,2866.6,3246.8,25,2,3246.7,77,3,3246.6,19,2,3246.5,117,6,3246.4,69,4,3246.9,21,8,3247.6,25,1,3247.7,21,1,3247.8,14,1,3247.9,10,1
11536,2025-12-30 11:21:49+05:30,3248.3,2,3249.57,486029,100917.0,121319.0,3250.0,3257.0,3239.8,3251.5,42209475,3576.6,2926.4,4322.95,2866.6,3246.9,35,2,3246.8,127,6,3246.7,103,3,3246.6,477,9,3246.5,151,7,3248.3,61,3,3248.4,17,1,3248.5,53,3,3248.6,39,3,3248.7,40,1
11536,2025-12-30 11:21:49+05:30,3246.9,31,3249.57,486029,100917.0,121319.0,3250.0,3257.0,3239.8,3251.5,42209475,3576.6,2926.4,4322.95,2866.6,3246.9,35,2,3246.8,127,6,3246.7,103,3,3246.6,477,9,3246.5,151,7,3248.3,61,3,3248.4,17,1,3248.5,53,3,3248.6,39,3,3248.7,40,1
11536,2025-12-30 11:21:50+05:30,3248.0,1,3249.57,486127,100841.0,121310.0,3250.0,3257.0,3239.8,3251.5,42209475,3576.6,2926.4,4322.95,2866.6,3247.0,17,1,3246.9,58,3,3246.8,54,4,3246.7,57,2,3246.6,348,9,3248.0,2,2,3248.1,4,1,3248.2,21,2,3248.3,38,3,3248.4,17,1
11536,2025-12-30 11:21:50+05:30,3248.0,1,3249.57,486127,100841.0,121310.0,3250.0,3257.0,3239.8,3251.5,42209475,3576.6,2926.4,4322.95,2866.6,3247.0,17,1,3246.9,58,3,3246.8,54,4,3246.7,57,2,3246.6,348,9,3248.0,2,2,3248.1,4,1,3248.2,21,2,3248.3,38,3,3248.4,17,1
11536,2025-12-30 11:21:51+05:30,3247.9,1,3249.57,486128,100824.0,121509.0,3250.0,3257.0,3239.8,3251.5,42209475,3576.6,2926.4,4322.95,2866.6,3247.0,17,1,3246.9,50,2,3246.8,54,4,3246.7,57,2,3246.6,302,8,3247.9,44,2,3248.0,7,6,3248.1,20,2,3248.2,21,2,3248.3,57,4
11536,2025-12-30 11:21:51+05:30,3247.0,11,3249.57,486128,100824.0,121509.0,3250.0,3257.0,3239.8,3251.5,42209475,3576.6,2926.4,4322.95,2866.6,3247.0,17,1,3246.9,50,2,3246.8,54,4,3246.7,57,2,3246.6,302,8,3247.9,44,2,3248.0,7,6,3248.1,20,2,3248.2,21,2,3248.3,57,4
11536,2025-12-30 11:21:52+05:30,3247.0,11,3249.57,486287,100967.0,119713.0,3250.0,3257.0,3239.8,3251.5,42209475,3576.6,2926.4,4322.95,2866.6,3247.4,14,1,3247.0,41,2,3246.9,50,2,3246.8,22,2,3246.7,57,2,3247.9,53,5,3248.0,16,6,3248.1,32,3,3248.2,21,2,3248.3,42,3
11536,2025-12-30 11:21:52+05:30,3247.0,6,3249.57,486287,100967.0,119713.0,3250.0,3257.0,3239.8,3251.5,42209475,3576.6,2926.4,4322.95,2866.6,3247.4,14,1,3247.0,41,2,3246.9,50,2,3246.8,22,2,3246.7,57,2,3247.9,53,5,3248.0,16,6,3248.1,32,3,3248.2,21,2,3248.3,42,3
11536,2025-12-30 11:21:53+05:30,3247.0,6,3249.56,486375,100747.0,122688.0,3250.0,3257.0,3239.8,3251.5,42209475,3576.6,2926.4,4322.95,2866.6,3247.0,12,1,3246.9,46,1,3246.8,22,2,3246.7,74,3,3246.6,70,5,3247.4,8,4,3247.8,20,1,3247.9,34,6,3248.0,12,3,3248.1,32,3
11536,2025-12-30 11:21:53+05:30,3247.0,2,3249.56,486375,100747.0,122688.0,3250.0,3257.0,3239.8,3251.5,42209475,3576.6,2926.4,4322.95,2866.6,3247.0,12,1,3246.9,46,1,3246.8,22,2,3246.7,74,3,3246.6,70,5,3247.4,8,4,3247.8,20,1,3247.9,34,6,3248.0,12,3,3248.1,32,3
11536,2025-12-30 11:21:54+05:30,3247.0,2,3249.56,486387,100462.0,122605.0,3250.0,3257.0,3239.8,3251.5,42209475,3576.6,2926.4,4322.95,2866.6,3246.9,46,1,3246.8,1,1,3246.7,74,3,3246.6,70,5,3246.5,152,8,3247.0,5,3,3247.4,12,8,3247.7,20,1,3247.8,24,1,3247.9,5,3
11536,2025-12-30 11:21:54+05:30,3246.8,1,3249.56,486387,100462.0,122605.0,3250.0,3257.0,3239.8,3251.5,42209475,3576.6,2926.4,4322.95,2866.6,3246.9,46,1,3246.8,1,1,3246.7,74,3,3246.6,70,5,3246.5,152,8,3247.0,5,3,3247.4,12,8,3247.7,20,1,3247.8,24,1,3247.9,5,3
11536,2025-12-30 11:21:55+05:30,3247.0,1,3249.56,486484,100406.0,122810.0,3250.0,3257.0,3239.8,3251.5,42209475,3576.6,2926.4,4322.95,2866.6,3246.9,46,1,3246.8,23,2,3246.7,57,2,3246.6,102,7,3246.5,145,8,3247.0,9,3,3247.4,6,5,3247.7,20,1,3247.8,24,1,3247.9,1,1
11536,2025-12-30 11:21:55+05:30,3247.0,2,3249.56,486484,100406.0,122810.0,3250.0,3257.0,3239.8,3251.5,42209475,3576.6,2926.4,4322.95,2866.6,3246.9,46,1,3246.8,23,2,3246.7,57,2,3246.6,102,7,3246.5,145,8,3247.0,9,3,3247.4,6,5,3247.7,20,1,3247.8,24,1,3247.9,1,1
11536,2025-12-30 11:21:56+05:30,3247.0,2,3249.56,486513,100422.0,122802.0,3250.0,3257.0,3239.8,3251.5,42209475,3576.6,2926.4,4322.95,2866.6,3246.9,22,1,3246.8,23,2,3246.7,97,3,3246.6,102,7,3246.5,145,8,3247.0,7,4,3247.4,2,2,3247.8,24,1,3248.0,20,1,3248.1,4,1
11536,2025-12-30 11:21:56+05:30,3246.9,20,3249.56,486513,100422.0,122802.0,3250.0,3257.0,3239.8,3251.5,42209475,3576.6,2926.4,4322.95,2866.6,3246.9,22,1,3246.8,23,2,3246.7,97,3,3246.6,102,7,3246.5,145,8,3247.0,7,4,3247.4,2,2,3247.8,24,1,3248.0,20,1,3248.1,4,1
11536,2025-12-30 11:21:57+05:30,3246.7,33,3249.56,486613,100120.0,123149.0,3250.0,3257.0,3239.8,3251.5,42209475,3576.6,2926.4,4322.95,2866.6,3246.7,12,1,3246.6,81,6,3246.5,139,7,3246.4,77,4,3246.3,194,7,3246.9,5,3,3247.0,5,4,3247.8,24,1,3248.0,20,1,3248.1,4,1
11536,2025-12-30 11:21:57+05:30,3246.7,9,3249.56,486613,100120.0,123149.0,3250.0,3257.0,3239.8,3251.5,42209475,3576.6,2926.4,4322.95,2866.6,3246.7,12,1,3246.6,81,6,3246.5,139,7,3246.4,77,4,3246.3,194,7,3246.9,5,3,3247.0,5,4,3247.8,24,1,3248.0,20,1,3248.1,4,1
11536,2025-12-30 11:21:58+05:30,3246.7,1,3249.56,486636,100216.0,123021.0,3250.0,3257.0,3239.8,3251.5,42209475,3576.6,2926.4,4322.95,2866.6,3246.7,57,5,3246.6,64,6,3246.5,151,8,3246.4,138,7,3246.3,194,7,3246.9,12,7,3247.0,2,2,3247.8,24,1,3248.0,20,1,3248.1,4,1
11536,2025-12-30 11:21:58+05:30,3246.7,5,3249.56,486636,100216.0,123021.0,3250.0,3257.0,3239.8,3251.5,42209475,3576.6,2926.4,4322.95,2866.6,3246.7,57,5,3246.6,64,6,3246.5,151,8,3246.4,138,7,3246.3,194,7,3246.9,12,7,3247.0,2,2,3247.8,24,1,3248.0,20,1,3248.1,4,1
11536,2025-12-30 11:21:59+05:30,3246.7,6,3249.56,486678,100278.0,122869.0,3250.0,3257.0,3239.8,3251.5,42209475,3576.6,2926.4,4322.95,2866.6,3246.7,59,5,3246.6,54,5,3246.5,151,8,3246.4,152,8,3246.3,194,7,3246.9,9,8,3247.8,24,1,3248.0,20,1,3248.1,4,1,3248.2,32,2
11536,2025-12-30 11:21:59+05:30,3246.7,2,3249.56,486678,100278.0,122869.0,3250.0,3257.0,3239.8,3251.5,42209475,3576.6,2926.4,4322.95,2866.6,3246.7,59,5,3246.6,54,5,3246.5,151,8,3246.4,152,8,3246.3,194,7,3246.9,9,8,3247.8,24,1,3248.0,20,1,3248.1,4,1,3248.2,32,2
11536,2025-12-30 11:22:00+05:30,3246.7,11,3249.56,486695,100288.0,123236.0,3250.0,3257.0,3239.8,3251.5,42209475,3576.6,2926.4,4322.95,2866.6,3246.7,2,2,3246.6,72,7,3246.5,103,6,3246.4,128,7,3246.3,148,6,3246.9,38,8,3247.8,24,1,3247.9,3,1,3248.0,20,1,3248.1,28,2
11536,2025-12-30 11:22:00+05:30,3246.7,1,3249.56,486695,100288.0,123236.0,3250.0,3257.0,3239.8,3251.5,42209475,3576.6,2926.4,4322.95,2866.6,3246.7,2,2,3246.6,72,7,3246.5,103,6,3246.4,128,7,3246.3,148,6,3246.9,38,8,3247.8,24,1,3247.9,3,1,3248.0,20,1,3248.1,28,2
11536,2025-12-30 11:22:01+05:30,3246.9,1,3249.56,486716,100425.0,123237.0,3250.0,3257.0,3239.8,3251.5,42209475,3576.6,2926.4,4322.95,2866.6,3246.7,17,3,3246.6,62,6,3246.5,91,5,3246.4,106,6,3246.3,168,7,3246.9,39,9,3247.8,24,1,3247.9,3,1,3248.0,20,1,3248.1,28,2
11536,2025-12-30 11:22:01+05:30,3246.7,1,3249.56,486716,100425.0,123237.0,3250.0,3257.0,3239.8,3251.5,42209475,3576.6,2926.4,4322.95,2866.6,3246.7,17,3,3246.6,62,6,3246.5,91,5,3246.4,106,6,3246.3,168,7,3246.9,39,9,3247.8,24,1,3247.9,3,1,3248.0,20,1,3248.1,28,2
11536,2025-12-30 11:22:02+05:30,3246.7,1,3249.56,486717,100414.0,121836.0,3250.0,3257.0,3239.8,3251.5,42209475,3576.6,2926.4,4322.95,2866.6,3246.7,41,5,3246.6,27,4,3246.5,91,5,3246.4,106,6,3246.3,168,7,3246.9,38,8,3247.8,24,1,3247.9,3,1,3248.0,20,1,3248.1,28,2
11536,2025-12-30 11:22:02+05:30,3246.9,3,3249.56,486717,100414.0,121836.0,3250.0,3257.0,3239.8,3251.5,42209475,3576.6,2926.4,4322.95,2866.6,3246.7,41,5,3246.6,27,4,3246.5,91,5,3246.4,106,6,3246.3,168,7,3246.9,38,8,3247.8,24,1,3247.9,3,1,3248.0,20,1,3248.1,28,2
11536,2025-12-30 11:22:03+05:30,3246.9,3,3249.56,486773,102589.0,120215.0,3250.0,3257.0,3239.8,3251.5,42209475,3576.6,2926.4,4322.95,2866.6,3247.4,21,1,3247.2,41,2,3247.1,18,2,3247.0,107,3,3246.9,286,5,3248.5,3,2,3248.6,27,1,3248.8,16,1,3248.9,69,3,3249.1,51,2
11536,2025-12-30 11:22:04+05:30,3248.5,1,3249.56,486783,103542.0,118583.0,3250.0,3257.0,3239.8,3251.5,42209475,3576.6,2926.4,4322.95,2866.6,3247.7,23,1,3247.6,22,1,3247.5,15,1,3247.4,34,3,3247.3,213,2,3248.5,2,2,3248.8,37,2,3248.9,17,1,3249.1,13,2,3249.2,25,1
11536,2025-12-30 11:22:04+05:30,3248.5,1,3249.56,486783,103542.0,118583.0,3250.0,3257.0,3239.8,3251.5,42209475,3576.6,2926.4,4322.95,2866.6,3247.7,23,1,3247.6,22,1,3247.5,15,1,3247.4,34,3,3247.3,213,2,3248.5,2,2,3248.8,37,2,3248.9,17,1,3249.1,13,2,3249.2,25,1
11536,2025-12-30 11:22:05+05:30,3247.7,6,3249.56,486795,103175.0,118292.0,3250.0,3257.0,3239.8,3251.5,42209475,3576.6,2926.4,4322.95,2866.6,3247.7,12,1,3247.6,52,3,3247.5,15,1,3247.4,24,2,3247.3,213,2,3248.5,3,3,3248.8,17,1,3249.1,39,3,3249.2,22,1,3249.3,35,2
11536,2025-12-30 11:22:05+05:30,3247.7,6,3249.56,486795,103175.0,118292.0,3250.0,3257.0,3239.8,3251.5,42209475,3576.6,2926.4,4322.95,2866.6,3247.7,12,1,3247.6,52,3,3247.5,15,1,3247.4,24,2,3247.3,213,2,3248.5,3,3,3248.8,17,1,3249.1,39,3,3249.2,22,1,3249.3,35,2
11536,2025-12-30 11:22:06+05:30,3248.1,6,3249.56,486801,104651.0,117643.0,3250.0,3257.0,3239.8,3251.5,42209475,3576.6,2926.4,4322.95,2866.6,3248.1,9,1,3247.8,21,1,3247.7,12,1,3247.6,35,3,3247.5,3,1,3248.5,4,4,3249.2,22,1,3249.3,50,3,3249.4,43,2,3249.5,112,4
11536,2025-12-30 11:22:06+05:30,3248.1,3,3249.56,486801,104651.0,117643.0,3250.0,3257.0,3239.8,3251.5,42209475,3576.6,2926.4,4322.95,2866.6,3248.1,9,1,3247.8,21,1,3247.7,12,1,3247.6,35,3,3247.5,3,1,3248.5,4,4,3249.2,22,1,3249.3,50,3,3249.4,43,2,3249.5,112,4
11536,2025-12-30 11:22:07+05:30,3248.1,23,3249.56,486880,104291.0,118697.0,3250.0,3257.0,3239.8,3251.5,42209475,3576.6,2926.4,4322.95,2866.6,3248.1,3,1,3247.8,61,2,3247.7,31,2,3247.6,112,6,3247.5,227,4,3248.5,7,7,3249.2,22,1,3249.3,33,2,3249.4,23,1,3249.5,112,4
11536,2025-12-30 11:22:07+05:30,3248.1,1,3249.56,486880,104291.0,118697.0,3250.0,3257.0,3239.8,3251.5,42209475,3576.6,2926.4,4322.95,2866.6,3248.1,3,1,3247.8,61,2,3247.7,31,2,3247.6,112,6,3247.5,227,4,3248.5,7,7,3249.2,22,1,3249.3,33,2,3249.4,23,1,3249.5,112,4
11536,2025-12-30 11:22:08+05:30,3248.1,1,3249.56,486884,104646.0,115667.0,3250.0,3257.0,3239.8,3251.5,42209475,3576.6,2926.4,4322.95,2866.6,3248.4,25,1,3248.1,27,3,3248.0,37,2,3247.9,10,1,3247.8,102,6,3248.5,26,10,3249.3,18,1,3249.5,33,3,3249.6,68,4,3249.7,31,1
11536,2025-12-30 11:22:08+05:30,3248.4,1,3249.56,486884,104646.0,115667.0,3250.0,3257.0,3239.8,3251.5,42209475,3576.6,2926.4,4322.95,2866.6,3248.4,25,1,3248.1,27,3,3248.0,37,2,3247.9,10,1,3247.8,102,6,3248.5,26,10,3249.3,18,1,3249.5,33,3,3249.6,68,4,3249.7,31,1
11536,2025-12-30 11:22:09+05:30,3248.4,23,3249.56,486913,104897.0,117900.0,3250.0,3257.0,3239.8,3251.5,42209475,3576.6,2926.4,4322.95,2866.6,3248.4,26,1,3248.1,27,3,3248.0,75,3,3247.9,30,2,3247.8,119,7,3248.5,21,7,3249.5,5,2,3249.6,42,3,3249.8,126,5,3249.9,167,7
11536,2025-12-30 11:22:09+05:30,3248.5,1,3249.56,486913,104897.0,117900.0,3250.0,3257.0,3239.8,3251.5,42209475,3576.6,2926.4,4322.95,2866.6,3248.4,26,1,3248.1,27,3,3248.0,75,3,3247.9,30,2,3247.8,119,7,3248.5,21,7,3249.5,5,2,3249.6,42,3,3249.8,126,5,3249.9,167,7
11536,2025-12-30 11:22:10+05:30,3248.4,1,3249.56,486952,104593.0,118454.0,3250.0,3257.0,3239.8,3251.5,42209475,3576.6,2926.4,4322.95,2866.6,3248.4,70,2,3248.3,20,1,3248.1,7,2,3248.0,95,4,3247.9,10,1,3248.5,5,4,3249.5,2,1,3249.6,62,4,3249.7,16,1,3249.8,51,4
11536,2025-12-30 11:22:10+05:30,3248.5,1,3249.56,486952,104593.0,118454.0,3250.0,3257.0,3239.8,3251.5,42209475,3576.6,2926.4,4322.95,2866.6,3248.4,70,2,3248.3,20,1,3248.1,7,2,3248.0,95,4,3247.9,10,1,3248.5,5,4,3249.5,2,1,3249.6,62,4,3249.7,16,1,3249.8,51,4
11536,2025-12-30 11:22:11+05:30,3249.6,8,3249.56,487011,105455.0,116872.0,3250.0,3257.0,3239.8,3251.5,42209475,3576.6,2926.4,4322.95,2866.6,3248.4,70,2,3248.2,21,1,3248.1,62,2,3248.0,63,3,3247.9,188,2,3249.4,45,4,3249.5,27,2,3249.6,48,3,3249.8,44,4,3249.9,167,7
11536,2025-12-30 11:22:11+05:30,3249.3,2,3249.56,487011,105455.0,116872.0,3250.0,3257.0,3239.8,3251.5,42209475,3576.6,2926.4,4322.95,2866.6,3248.4,70,2,3248.2,21,1,3248.1,62,2,3248.0,63,3,3247.9,188,2,3249.4,45,4,3249.5,27,2,3249.6,48,3,3249.8,44,4,3249.9,167,7
11536,2025-12-30 11:22:12+05:30,3249.3,125,3249.56,487183,104941.0,116556.0,3250.0,3257.0,3239.8,3251.5,42209475,3576.6,2926.4,4322.95,2866.6,3248.4,68,2,3248.3,9,1,3248.2,31,2,3248.1,1,1,3248.0,209,4,3249.4,31,5,3249.5,10,1,3249.6,5,1,3249.7,40,2,3249.8,58,6
11536,2025-12-30 11:22:12+05:30,3249.4,1,3249.56,487183,104941.0,116556.0,3250.0,3257.0,3239.8,3251.5,42209475,3576.6,2926.4,4322.95,2866.6,3248.4,68,2,3248.3,9,1,3248.2,31,2,3248.1,1,1,3248.0,209,4,3249.4,31,5,3249.5,10,1,3249.6,5,1,3249.7,40,2,3249.8,58,6
11536,2025-12-30 11:22:13+05:30,3248.4,1,3249.56,487186,104962.0,117702.0,3250.0,3257.0,3239.8,3251.5,42209475,3576.6,2926.4,4322.95,2866.6,3248.4,70,3,3248.3,45,4,3248.2,57,4,3248.1,37,3,3248.0,251,6,3249.4,11,4,3249.6,5,1,3249.7,40,2,3249.8,35,4,3249.9,127,5
11536,2025-12-30 11:22:13+05:30,3248.4,16,3249.56,487186,104962.0,117702.0,3250.0,3257.0,3239.8,3251.5,42209475,3576.6,2926.4,4322.95,2866.6,3248.4,70,3,3248.3,45,4,3248.2,57,4,3248.1,37,3,3248.0,251,6,3249.4,11,4,3249.6,5,1,3249.7,40,2,3249.8,35,4,3249.9,127,5
11536,2025-12-30 11:22:14+05:30,3248.4,6,3249.56,487262,104902.0,116598.0,3250.0,3257.0,3239.8,3251.5,42209475,3576.6,2926.4,4322.95,2866.6,3248.4,7,2,3248.3,35,3,3248.2,45,3,3248.1,20,2,3248.0,251,6,3249.4,6,4,3249.6,5,1,3249.7,40,2,3249.8,19,3,3249.9,158,7
11536,2025-12-30 11:22:14+05:30,3248.4,6,3249.56,487262,104902.0,116598.0,3250.0,3257.0,3239.8,3251.5,42209475,3576.6,2926.4,4322.95,2866.6,3248.4,7,2,3248.3,35,3,3248.2,45,3,3248.1,20,2,3248.0,251,6,3249.4,6,4,3249.6,5,1,3249.7,40,2,3249.8,19,3,3249.9,158,7
11536,2025-12-30 11:22:15+05:30,3248.4,20,3249.56,487288,105131.0,116617.0,3250.0,3257.0,3239.8,3251.5,42209475,3576.6,2926.4,4322.95,2866.6,3248.4,2,1,3248.3,19,2,3248.2,45,3,3248.1,12,2,3248.0,251,6,3249.4,6,5,3249.6,47,3,3249.7,33,2,3249.8,19,3,3249.9,142,6
11536,2025-12-30 11:22:15+05:30,3248.4,4,3249.56,487288,105131.0,116617.0,3250.0,3257.0,3239.8,3251.5,42209475,3576.6,2926.4,4322.95,2866.6,3248.4,2,1,3248.3,19,2,3248.2,45,3,3248.1,12,2,3248.0,251,6,3249.4,6,5,3249.6,47,3,3249.7,33,2,3249.8,19,3,3249.9,142,6
11536,2025-12-30 11:22:16+05:30,3248.4,4,3249.56,487294,105011.0,118018.0,3250.0,3257.0,3239.8,3251.5,42209475,3576.6,2926.4,4322.95,2866.6,3248.4,69,3,3248.3,10,1,3248.2,44,3,3248.1,1,1,3248.0,266,6,3249.4,9,8,3249.5,19,1,3249.6,28,2,3249.7,33,2,3249.8,19,3
11536,2025-12-30 11:22:16+05:30,3249.4,1,3249.56,487294,105011.0,118018.0,3250.0,3257.0,3239.8,3251.5,42209475,3576.6,2926.4,4322.95,2866.6,3248.4,69,3,3248.3,10,1,3248.2,44,3,3248.1,1,1,3248.0,266,6,3249.4,9,8,3249.5,19,1,3249.6,28,2,3249.7,33,2,3249.8,19,3
11536,2025-12-30 11:22:17+05:30,3248.4,8,3249.56,487392,103730.0,117811.0,3250.0,3257.0,3239.8,3251.5,42209475,3576.6,2926.4,4322.95,2866.6,3248.4,12,2,3248.3,10,1,3248.2,41,3,3248.1,22,2,3248.0,266,6,3249.4,8,8,3249.5,19,1,3249.6,23,1,3249.7,17,1,3249.8,19,3
11536,2025-12-30 11:22:17+05:30,3248.4,1,3249.56,487392,103730.0,117811.0,3250.0,3257.0,3239.8,3251.5,42209475,3576.6,2926.4,4322.95,2866.6,3248.4,12,2,3248.3,10,1,3248.2,41,3,3248.1,22,2,3248.0,266,6,3249.4,8,8,3249.5,19,1,3249.6,23,1,3249.7,17,1,3249.8,19,3
11536,2025-12-30 11:22:18+05:30,3249.7,3,3249.56,487512,105628.0,117512.0,3250.0,3257.0,3239.8,3251.5,42209475,3576.6,2926.4,4322.95,2866.6,3248.5,15,2,3248.4,29,4,3248.3,84,2,3248.2,47,4,3248.1,47,3,3249.8,5,2,3249.9,88,4,3250.0,75,4,3250.1,15,1,3250.2,32,3
11536,2025-12-30 11:22:18+05:30,3249.7,3,3249.56,487512,105628.0,117512.0,3250.0,3257.0,3239.8,3251.5,42209475,3576.6,2926.4,4322.95,2866.6,3248.5,15,2,3248.4,29,4,3248.3,84,2,3248.2,47,4,3248.1,47,3,3249.8,5,2,3249.9,88,4,3250.0,75,4,3250.1,15,1,3250.2,32,3
11536,2025-12-30 11:22:19+05:30,3249.7,3,3249.56,487512,105622.0,117588.0,3250.0,3257.0,3239.8,3251.5,42209475,3576.6,2926.4,4322.95,2866.6,3248.5,15,2,3248.4,29,4,3248.3,61,1,3248.2,47,4,3248.1,47,3,3249.6,35,2,3249.7,39,2,3249.8,7,3,3249.9,69,3,3250.0,91,5
11536,2025-12-30 11:22:20+05:30,3249.7,3,3249.56,487512,106017.0,117499.0,3250.0,3257.0,3239.8,3251.5,42209475,3576.6,2926.4,4322.95,2866.6,3249.1,5,1,3248.6,20,1,3248.4,29,4,3248.3,209,2,3248.2,151,6,3249.6,42,2,3249.7,16,1,3249.8,7,3,3249.9,91,5,3250.0,91,5
11536,2025-12-30 11:22:20+05:30,3248.6,18,3249.56,487512,106017.0,117499.0,3250.0,3257.0,3239.8,3251.5,42209475,3576.6,2926.4,4322.95,2866.6,3249.1,5,1,3248.6,20,1,3248.4,29,4,3248.3,209,2,3248.2,151,6,3249.6,42,2,3249.7,16,1,3249.8,7,3,3249.9,91,5,3250.0,91,5
11536,2025-12-30 11:22:21+05:30,3248.6,18,3249.56,487583,105723.0,117062.0,3250.0,3257.0,3239.8,3251.5,42209475,3576.6,2926.4,4322.95,2866.6,3248.6,12,2,3248.4,39,5,3248.3,209,2,3248.2,206,8,3248.1,157,7,3249.6,47,5,3249.8,3,2,3249.9,69,3,3250.0,75,4,3250.1,15,1
11536,2025-12-30 11:22:21+05:30,3249.6,1,3249.56,487583,105723.0,117062.0,3250.0,3257.0,3239.8,3251.5,42209475,3576.6,2926.4,4322.95,2866.6,3248.6,12,2,3248.4,39,5,3248.3,209,2,3248.2,206,8,3248.1,157,7,3249.6,47,5,3249.8,3,2,3249.9,69,3,3250.0,75,4,3250.1,15,1
11536,2025-12-30 11:22:22+05:30,3249.6,1,3249.56,487599,105661.0,116778.0,3250.0,3257.0,3239.8,3251.5,42209475,3576.6,2926.4,4322.95,2866.6,3248.6,46,1,3248.4,9,3,3248.3,10,1,3248.2,161,3,3248.1,82,5,3249.6,48,7,3249.7,292,2,3249.8,17,2,3249.9,84,4,3250.0,75,4
11536,2025-12-30 11:22:22+05:30,3248.6,8,3249.56,487599,105661.0,116778.0,3250.0,3257.0,3239.8,3251.5,42209475,3576.6,2926.4,4322.95,2866.6,3248.6,46,1,3248.4,9,3,3248.3,10,1,3248.2,161,3,3248.1,82,5,3249.6,48,7,3249.7,292,2,3249.8,17,2,3249.9,84,4,3250.0,75,4
11536,2025-12-30 11:22:23+05:30,3248.6,12,3249.56,487619,104261.0,116987.0,3250.0,3257.0,3239.8,3251.5,42209475,3576.6,2926.4,4322.95,2866.6,3248.6,26,1,3248.4,9,3,3248.3,10,1,3248.2,181,4,3248.1,82,5,3249.5,41,2,3249.6,7,6,3249.7,26,2,3249.8,1,1,3249.9,84,4
11536,2025-12-30 11:22:23+05:30,3248.6,12,3249.56,487619,104261.0,116987.0,3250.0,3257.0,3239.8,3251.5,42209475,3576.6,2926.4,4322.95,2866.6,3248.6,26,1,3248.4,9,3,3248.3,10,1,3248.2,181,4,3248.1,82,5,3249.5,41,2,3249.6,7,6,3249.7,26,2,3249.8,1,1,3249.9,84,4
11536,2025-12-30 11:22:24+05:30,3248.6,11,3249.56,487635,104091.0,116842.0,3250.0,3257.0,3239.8,3251.5,42209475,3576.6,2926.4,4322.95,2866.6,3248.6,10,1,3248.4,9,3,3248.2,21,2,3248.1,76,4,3248.0,131,6,3249.3,19,1,3249.4,23,2,3249.5,31,4,3249.6,37,5,3249.7,25,2
11536,2025-12-30 11:22:24+05:30,3249.3,2,3249.56,487635,104091.0,116842.0,3250.0,3257.0,3239.8,3251.5,42209475,3576.6,2926.4,4322.95,2866.6,3248.6,10,1,3248.4,9,3,3248.2,21,2,3248.1,76,4,3248.0,131,6,3249.3,19,1,3249.4,23,2,3249.5,31,4,3249.6,37,5,3249.7,25,2
11536,2025-12-30 11:22:25+05:30,3249.3,4,3249.56,487669,105665.0,116555.0,3250.0,3257.0,3239.8,3251.5,42209475,3576.6,2926.4,4322.95,2866.6,3249.3,4,1,3248.6,10,1,3248.4,31,4,3248.3,43,1,3248.2,233,4,3249.4,25,5,3249.5,1,1,3249.6,70,5,3249.7,16,2,3249.8,1,1
11536,2025-12-30 11:22:25+05:30,3249.3,1,3249.56,487669,105665.0,116555.0,3250.0,3257.0,3239.8,3251.5,42209475,3576.6,2926.4,4322.95,2866.6,3249.3,4,1,3248.6,10,1,3248.4,31,4,3248.3,43,1,3248.2,233,4,3249.4,25,5,3249.5,1,1,3249.6,70,5,3249.7,16,2,3249.8,1,1
11536,2025-12-30 11:22:26+05:30,3249.0,14,3249.56,487701,104644.0,118892.0,3250.0,3257.0,3239.8,3251.5,42209475,3576.6,2926.4,4322.95,2866.6,3249.0,14,1,3248.6,10,1,3248.4,9,3,3248.2,21,2,3248.1,1,1,3249.2,29,4,3249.3,11,2,3249.4,36,7,3249.5,25,2,3249.6,74,5
11536,2025-12-30 11:22:26+05:30,3249.0,7,3249.56,487701,104644.0,118892.0,3250.0,3257.0,3239.8,3251.5,42209475,3576.6,2926.4,4322.95,2866.6,3249.0,14,1,3248.6,10,1,3248.4,9,3,3248.2,21,2,3248.1,1,1,3249.2,29,4,3249.3,11,2,3249.4,36,7,3249.5,25,2,3249.6,74,5
11536,2025-12-30 11:22:27+05:30,3249.0,15,3249.56,487852,104813.0,117736.0,3250.0,3257.0,3239.8,3251.5,42209475,3576.6,2926.4,4322.95,2866.6,3248.6,8,1,3248.4,9,3,3248.2,21,2,3248.1,1,1,3248.0,25,2,3249.0,15,3,3249.1,19,1,3249.2,25,4,3249.3,11,2,3249.4,29,4
11536,2025-12-30 11:22:27+05:30,3248.6,4,3249.56,487852,104813.0,117736.0,3250.0,3257.0,3239.8,3251.5,42209475,3576.6,2926.4,4322.95,2866.6,3248.6,8,1,3248.4,9,3,3248.2,21,2,3248.1,1,1,3248.0,25,2,3249.0,15,3,3249.1,19,1,3249.2,25,4,3249.3,11,2,3249.4,29,4
11536,2025-12-30 11:22:28+05:30,3248.4,1,3249.56,487852,104813.0,117736.0,3250.0,3257.0,3239.8,3251.5,42209475,3576.6,2926.4,4322.95,2866.6,3248.6,8,1,3248.4,9,3,3248.2,21,2,3248.1,1,1,3248.0,25,2,3249.0,15,3,3249.1,19,1,3249.2,25,4,3249.3,11,2,3249.4,29,4
11536,2025-12-30 11:22:28+05:30,3248.4,1,3249.56,487871,104492.0,118820.0,3250.0,3257.0,3239.8,3251.5,42209475,3576.6,2926.4,4322.95,2866.6,3248.4,12,2,3248.2,1,1,3248.1,18,2,3248.0,25,2,3247.9,15,1,3249.0,8,5,3249.1,41,2,3249.2,2,2,3249.3,13,2,3249.4,10,1
11536,2025-12-30 11:22:29+05:30,3248.4,5,3249.56,487893,104328.0,116110.0,3250.0,3257.0,3239.8,3251.5,42209475,3576.6,2926.4,4322.95,2866.6,3248.4,4,2,3248.2,1,1,3248.1,1,1,3248.0,25,2,3247.8,29,3,3249.0,41,8,3249.1,22,1,3249.3,29,3,3249.4,10,1,3249.5,24,2
11536,2025-12-30 11:22:29+05:30,3248.4,5,3249.56,487893,104328.0,116110.0,3250.0,3257.0,3239.8,3251.5,42209475,3576.6,2926.4,4322.95,2866.6,3248.4,4,2,3248.2,1,1,3248.1,1,1,3248.0,25,2,3247.8,29,3,3249.0,41,8,3249.1,22,1,3249.3,29,3,3249.4,10,1,3249.5,24,2
11536,2025-12-30 11:22:30+05:30,3248.4,9,3249.56,487893,104328.0,116110.0,3250.0,3257.0,3239.8,3251.5,42209475,3576.6,2926.4,4322.95,2866.6,3248.4,4,2,3248.2,1,1,3248.1,1,1,3248.0,25,2,3247.8,29,3,3249.0,41,8,3249.1,22,1,3249.3,29,3,3249.4,10,1,3249.5,24,2
11536,2025-12-30 11:22:30+05:30,3248.4,9,3249.56,487920,104089.0,119346.0,3250.0,3257.0,3239.8,3251.5,42209475,3576.6,2926.4,4322.95,2866.6,3248.4,5,2,3248.2,1,1,3248.1,1,1,3248.0,22,1,3247.8,29,3,3248.9,19,1,3249.0,40,7,3249.3,29,3,3249.4,12,2,3249.5,24,2
11536,2025-12-30 11:22:31+05:30,3248.4,5,3249.56,487920,104089.0,119346.0,3250.0,3257.0,3239.8,3251.5,42209475,3576.6,2926.4,4322.95,2866.6,3248.4,5,2,3248.2,1,1,3248.1,1,1,3248.0,22,1,3247.8,29,3,3248.9,19,1,3249.0,40,7,3249.3,29,3,3249.4,12,2,3249.5,24,2
11536,2025-12-30 11:22:32+05:30,3248.4,5,3249.56,487932,104135.0,119349.0,3250.0,3257.0,3239.8,3251.5,42209475,3576.6,2926.4,4322.95,2866.6,3248.4,9,2,3248.2,1,1,3248.1,1,1,3248.0,22,1,3247.8,29,3,3248.9,5,5,3249.0,37,4,3249.2,18,1,3249.3,29,3,3249.4,12,2
11536,2025-12-30 11:22:32+05:30,3248.4,3,3249.56,487932,104135.0,119349.0,3250.0,3257.0,3239.8,3251.5,42209475,3576.6,2926.4,4322.95,2866.6,3248.4,9,2,3248.2,1,1,3248.1,1,1,3248.0,22,1,3247.8,29,3,3248.9,5,5,3249.0,37,4,3249.2,18,1,3249.3,29,3,3249.4,12,2
11536,2025-12-30 11:22:33+05:30,3248.4,1,3249.56,487944,104172.0,119321.0,3250.0,3257.0,3239.8,3251.5,42209475,3576.6,2926.4,4322.95,2866.6,3248.4,57,3,3248.3,6,1,3248.2,2,2,3248.1,1,1,3248.0,22,1,3248.9,18,5,3249.3,37,3,3249.4,12,2,3249.5,55,3,3249.6,81,5
11536,2025-12-30 11:22:33+05:30,3248.9,1,3249.56,487944,104172.0,119321.0,3250.0,3257.0,3239.8,3251.5,42209475,3576.6,2926.4,4322.95,2866.6,3248.4,57,3,3248.3,6,1,3248.2,2,2,3248.1,1,1,3248.0,22,1,3248.9,18,5,3249.3,37,3,3249.4,12,2,3249.5,55,3,3249.6,81,5
11536,2025-12-30 11:22:34+05:30,3248.4,2,3249.56,487950,103900.0,118824.0,3250.0,3257.0,3239.8,3251.5,42209475,3576.6,2926.4,4322.95,2866.6,3248.4,99,4,3248.3,6,1,3248.2,2,2,3248.1,1,1,3248.0,22,1,3248.9,19,6,3249.3,21,2,3249.4,33,3,3249.5,55,3,3249.6,81,5
11536,2025-12-30 11:22:34+05:30,3248.4,2,3249.56,487950,103900.0,118824.0,3250.0,3257.0,3239.8,3251.5,42209475,3576.6,2926.4,4322.95,2866.6,3248.4,99,4,3248.3,6,1,3248.2,2,2,3248.1,1,1,3248.0,22,1,3248.9,19,6,3249.3,21,2,3249.4,33,3,3249.5,55,3,3249.6,81,5
11536,2025-12-30 11:22:35+05:30,3248.9,1,3249.56,487952,102856.0,118146.0,3250.0,3257.0,3239.8,3251.5,42209475,3576.6,2926.4,4322.95,2866.6,3248.4,98,4,3248.3,6,1,3248.2,2,2,3248.1,1,1,3248.0,22,1,3248.9,19,7,3249.3,21,2,3249.4,31,2,3249.5,55,3,3249.6,81,5
11536,2025-12-30 11:22:35+05:30,3248.4,1,3249.56,487952,102856.0,118146.0,3250.0,3257.0,3239.8,3251.5,42209475,3576.6,2926.4,4322.95,2866.6,3248.4,98,4,3248.3,6,1,3248.2,2,2,3248.1,1,1,3248.0,22,1,3248.9,19,7,3249.3,21,2,3249.4,31,2,3249.5,55,3,3249.6,81,5
11536,2025-12-30 11:22:36+05:30,3248.4,1,3249.56,487959,103343.0,117954.0,3250.0,3257.0,3239.8,3251.5,42209475,3576.6,2926.4,4322.95,2866.6,3248.4,99,7,3248.2,2,2,3248.1,1,1,3248.0,22,1,3247.8,26,2,3248.9,87,9,3249.0,21,1,3249.1,10,1,3249.2,43,3,3249.3,20,2
11536,2025-12-30 11:22:36+05:30,3248.9,2,3249.56,487959,103343.0,117954.0,3250.0,3257.0,3239.8,3251.5,42209475,3576.6,2926.4,4322.95,2866.6,3248.4,99,7,3248.2,2,2,3248.1,1,1,3248.0,22,1,3247.8,26,2,3248.9,87,9,3249.0,21,1,3249.1,10,1,3249.2,43,3,3249.3,20,2
11536,2025-12-30 11:22:37+05:30,3248.4,1,3249.56,488065,103544.0,120084.0,3250.0,3257.0,3239.8,3251.5,42209475,3576.6,2926.4,4322.95,2866.6,3248.4,5,2,3248.2,2,2,3248.1,1,1,3248.0,22,1,3247.8,26,2,3248.8,52,4,3248.9,80,9,3249.0,20,2,3249.1,24,2,3249.3,49,4
11536,2025-12-30 11:22:37+05:30,3248.4,1,3249.56,488065,103544.0,120084.0,3250.0,3257.0,3239.8,3251.5,42209475,3576.6,2926.4,4322.95,2866.6,3248.4,5,2,3248.2,2,2,3248.1,1,1,3248.0,22,1,3247.8,26,2,3248.8,52,4,3248.9,80,9,3249.0,20,2,3249.1,24,2,3249.3,49,4
11536,2025-12-30 11:22:38+05:30,3248.5,1,3249.56,488067,103508.0,118827.0,3250.0,3257.0,3239.8,3251.5,42209475,3576.6,2926.4,4322.95,2866.6,3248.5,2,1,3248.4,1,1,3248.2,2,2,3248.1,1,1,3248.0,22,1,3248.7,19,2,3248.8,38,4,3248.9,75,6,3249.0,10,1,3249.1,39,3
11536,2025-12-30 11:22:38+05:30,3248.7,1,3249.56,488067,103508.0,118827.0,3250.0,3257.0,3239.8,3251.5,42209475,3576.6,2926.4,4322.95,2866.6,3248.5,2,1,3248.4,1,1,3248.2,2,2,3248.1,1,1,3248.0,22,1,3248.7,19,2,3248.8,38,4,3248.9,75,6,3249.0,10,1,3249.1,39,3
11536,2025-12-30 11:22:39+05:30,3248.5,32,3249.56,488102,103242.0,118569.0,3250.0,3257.0,3239.8,3251.5,42209475,3576.6,2926.4,4322.95,2866.6,3248.5,6,1,3248.4,1,1,3248.2,2,2,3248.1,1,1,3248.0,22,1,3248.7,2,2,3248.8,13,2,3248.9,86,5,3249.0,10,1,3249.1,46,3
11536,2025-12-30 11:22:39+05:30,3248.7,5,3249.56,488102,103242.0,118569.0,3250.0,3257.0,3239.8,3251.5,42209475,3576.6,2926.4,4322.95,2866.6,3248.5,6,1,3248.4,1,1,3248.2,2,2,3248.1,1,1,3248.0,22,1,3248.7,2,2,3248.8,13,2,3248.9,86,5,3249.0,10,1,3249.1,46,3
11536,2025-12-30 11:22:40+05:30,3248.7,5,3249.56,488140,103298.0,120336.0,3250.0,3257.0,3239.8,3251.5,42209475,3576.6,2926.4,4322.95,2866.6,3248.6,5,1,3248.4,2,2,3248.2,2,2,3248.1,1,1,3247.8,26,2,3248.8,13,3,3248.9,78,4,3249.0,22,2,3249.1,302,2,3249.2,14,1
11536,2025-12-30 11:22:40+05:30,3248.7,5,3249.56,488140,103298.0,120336.0,3250.0,3257.0,3239.8,3251.5,42209475,3576.6,2926.4,4322.95,2866.6,3248.6,5,1,3248.4,2,2,3248.2,2,2,3248.1,1,1,3247.8,26,2,3248.8,13,3,3248.9,78,4,3249.0,22,2,3249.1,302,2,3249.2,14,1
11536,2025-12-30 11:22:41+05:30,3248.7,5,3249.56,488140,103413.0,118318.0,3250.0,3257.0,3239.8,3251.5,42209475,3576.6,2926.4,4322.95,2866.6,3248.6,5,1,3248.4,2,2,3248.2,2,2,3248.1,1,1,3247.8,26,2,3248.8,15,5,3248.9,96,5,3249.0,10,1,3249.1,35,2,3249.2,30,2
11536,2025-12-30 11:22:42+05:30,3248.7,3,3249.56,488148,102024.0,118535.0,3250.0,3257.0,3239.8,3251.5,42209475,3576.6,2926.4,4322.95,2866.6,3248.4,2,2,3248.2,2,2,3248.1,1,1,3247.8,26,2,3247.7,2,1,3248.5,1,1,3248.7,1,1,3248.8,20,5,3248.9,75,4,3249.0,292,2
11536,2025-12-30 11:22:42+05:30,3248.7,1,3249.56,488148,102024.0,118535.0,3250.0,3257.0,3239.8,3251.5,42209475,3576.6,2926.4,4322.95,2866.6,3248.4,2,2,3248.2,2,2,3248.1,1,1,3247.8,26,2,3247.7,2,1,3248.5,1,1,3248.7,1,1,3248.8,20,5,3248.9,75,4,3249.0,292,2
11536,2025-12-30 11:22:43+05:30,3248.4,52,3249.56,488208,101255.0,118982.0,3250.0,3257.0,3239.8,3251.5,42209475,3576.6,2926.4,4322.95,2866.6,3248.2,2,2,3248.1,1,1,3247.8,5,1,3247.7,2,1,3247.6,10,2,3248.3,1,1,3248.6,41,4,3248.7,2,2,3248.8,27,3,3248.9,82,6
11536,2025-12-30 11:22:43+05:30,3248.3,1,3249.56,488208,101255.0,118982.0,3250.0,3257.0,3239.8,3251.5,42209475,3576.6,2926.4,4322.95,2866.6,3248.2,2,2,3248.1,1,1,3247.8,5,1,3247.7,2,1,3247.6,10,2,3248.3,1,1,3248.6,41,4,3248.7,2,2,3248.8,27,3,3248.9,82,6
11536,2025-12-30 11:22:44+05:30,3248.2,1,3249.56,488215,102353.0,120674.0,3250.0,3257.0,3239.8,3251.5,42209475,3576.6,2926.4,4322.95,2866.6,3248.2,2,2,3248.1,1,1,3247.8,5,1,3247.7,2,1,3247.6,10,2,3248.3,17,7,3248.6,20,2,3248.7,1,1,3248.8,34,2,3248.9,82,6
11536,2025-12-30 11:22:44+05:30,3248.2,1,3249.56,488215,102353.0,120674.0,3250.0,3257.0,3239.8,3251.5,42209475,3576.6,2926.4,4322.95,2866.6,3248.2,2,2,3248.1,1,1,3247.8,5,1,3247.7,2,1,3247.6,10,2,3248.3,17,7,3248.6,20,2,3248.7,1,1,3248.8,34,2,3248.9,82,6
11536,2025-12-30 11:22:45+05:30,3248.2,1,3249.56,488254,102716.0,120846.0,3250.0,3257.0,3239.8,3251.5,42209475,3576.6,2926.4,4322.95,2866.6,3248.2,2,2,3248.1,1,1,3248.0,5,1,3247.8,5,1,3247.7,2,1,3248.3,3,3,3248.6,20,2,3248.8,15,1,3248.9,82,6,3249.0,317,4
11536,2025-12-30 11:22:45+05:30,3248.2,1,3249.56,488254,102716.0,120846.0,3250.0,3257.0,3239.8,3251.5,42209475,3576.6,2926.4,4322.95,2866.6,3248.2,2,2,3248.1,1,1,3248.0,5,1,3247.8,5,1,3247.7,2,1,3248.3,3,3,3248.6,20,2,3248.8,15,1,3248.9,82,6,3249.0,317,4
11536,2025-12-30 11:22:46+05:30,3248.1,1,3249.56,488258,102662.0,120921.0,3250.0,3257.0,3239.8,3251.5,42209475,3576.6,2926.4,4322.95,2866.6,3248.1,1,1,3248.0,5,1,3247.8,5,1,3247.7,2,1,3247.6,10,2,3248.3,6,6,3248.6,20,2,3248.8,15,1,3248.9,84,5,3249.0,299,3
11536,2025-12-30 11:22:46+05:30,3248.1,1,3249.56,488258,102662.0,120921.0,3250.0,3257.0,3239.8,3251.5,42209475,3576.6,2926.4,4322.95,2866.6,3248.1,1,1,3248.0,5,1,3247.8,5,1,3247.7,2,1,3247.6,10,2,3248.3,6,6,3248.6,20,2,3248.8,15,1,3248.9,84,5,3249.0,299,3
11536,2025-12-30 11:22:47+05:30,3248.0,5,3249.56,488331,102370.0,120976.0,3250.0,3257.0,3239.8,3251.5,42209475,3576.6,2926.4,4322.95,2866.6,3247.8,12,2,3247.7,2,1,3247.6,18,3,3247.5,20,4,3247.4,31,3,3248.0,2,2,3248.1,11,3,3248.3,5,5,3248.8,17,2,3248.9,143,6
11536,2025-12-30 11:22:47+05:30,3248.0,5,3249.56,488331,102370.0,120976.0,3250.0,3257.0,3239.8,3251.5,42209475,3576.6,2926.4,4322.95,2866.6,3247.8,12,2,3247.7,2,1,3247.6,18,3,3247.5,20,4,3247.4,31,3,3248.0,2,2,3248.1,11,3,3248.3,5,5,3248.8,17,2,3248.9,143,6
11536,2025-12-30 11:22:48+05:30,3248.0,5,3249.56,488331,102370.0,120976.0,3250.0,3257.0,3239.8,3251.5,42209475,3576.6,2926.4,4322.95,2866.6,3247.8,12,2,3247.7,2,1,3247.6,18,3,3247.5,20,4,3247.4,31,3,3248.0,2,2,3248.1,11,3,3248.3,5,5,3248.8,17,2,3248.9,143,6
11536,2025-12-30 11:22:48+05:30,3247.8,1,3249.56,488339,100839.0,121114.0,3250.0,3257.0,3239.8,3251.5,42209475,3576.6,2926.4,4322.95,2866.6,3247.8,9,2,3247.7,2,1,3247.6,10,2,3247.5,4,3,3247.3,40,1,3248.0,4,4,3248.1,11,3,3248.3,68,4,3248.6,2,1,3248.8,17,2
11536,2025-12-30 11:22:48+05:30,3247.8,1,3249.56,488339,100839.0,121114.0,3250.0,3257.0,3239.8,3251.5,42209475,3576.6,2926.4,4322.95,2866.6,3247.8,9,2,3247.7,2,1,3247.6,10,2,3247.5,4,3,3247.3,40,1,3248.0,4,4,3248.1,11,3,3248.3,68,4,3248.6,2,1,3248.8,17,2
11536,2025-12-30 11:22:49+05:30,3247.8,2,3249.56,488376,101578.0,121042.0,3250.0,3257.0,3239.8,3251.5,42209475,3576.6,2926.4,4322.95,2866.6,3247.8,59,3,3247.7,2,1,3247.6,16,3,3247.5,20,4,3247.4,9,1,3248.0,5,5,3248.1,1,1,3248.3,67,3,3248.4,1,1,3248.5,17,1
11536,2025-12-30 11:22:49+05:30,3247.8,2,3249.56,488376,101578.0,121042.0,3250.0,3257.0,3239.8,3251.5,42209475,3576.6,2926.4,4322.95,2866.6,3247.8,59,3,3247.7,2,1,3247.6,16,3,3247.5,20,4,3247.4,9,1,3248.0,5,5,3248.1,1,1,3248.3,67,3,3248.4,1,1,3248.5,17,1
11536,2025-12-30 11:22:50+05:30,3247.8,2,3249.56,488376,101578.0,121042.0,3250.0,3257.0,3239.8,3251.5,42209475,3576.6,2926.4,4322.95,2866.6,3247.8,59,3,3247.7,2,1,3247.6,16,3,3247.5,20,4,3247.4,9,1,3248.0,5,5,3248.1,1,1,3248.3,67,3,3248.4,1,1,3248.5,17,1
11536,2025-12-30 11:22:50+05:30,3248.0,1,3249.56,488390,102253.0,121048.0,3250.0,3257.0,3239.8,3251.5,42209475,3576.6,2926.4,4322.95,2866.6,3247.8,72,5,3247.7,2,1,3247.6,28,4,3247.5,71,7,3247.4,24,2,3248.0,7,7,3248.3,67,3,3248.4,1,1,3248.8,32,2,3248.9,2,1
11536,2025-12-30 11:22:50+05:30,3247.8,1,3249.56,488390,102253.0,121048.0,3250.0,3257.0,3239.8,3251.5,42209475,3576.6,2926.4,4322.95,2866.6,3247.8,72,5,3247.7,2,1,3247.6,28,4,3247.5,71,7,3247.4,24,2,3248.0,7,7,3248.3,67,3,3248.4,1,1,3248.8,32,2,3248.9,2,1
11536,2025-12-30 11:22:51+05:30,3247.8,1,3249.56,488390,102253.0,121048.0,3250.0,3257.0,3239.8,3251.5,42209475,3576.6,2926.4,4322.95,2866.6,3247.8,72,5,3247.7,2,1,3247.6,28,4,3247.5,71,7,3247.4,24,2,3248.0,7,7,3248.3,67,3,3248.4,1,1,3248.8,32,2,3248.9,2,1
11536,2025-12-30 11:22:51+05:30,3247.8,7,3249.56,488390,102253.0,121048.0,3250.0,3257.0,3239.8,3251.5,42209475,3576.6,2926.4,4322.95,2866.6,3247.8,72,5,3247.7,2,1,3247.6,28,4,3247.5,71,7,3247.4,24,2,3248.0,7,7,3248.3,67,3,3248.4,1,1,3248.8,32,2,3248.9,2,1
11536,2025-12-30 11:22:51+05:30,3247.8,7,3249.56,488420,102532.0,120665.0,3250.0,3257.0,3239.8,3251.5,42209475,3576.6,2926.4,4322.95,2866.6,3247.8,74,6,3247.7,19,2,3247.6,39,5,3247.5,73,7,3247.4,39,4,3248.0,5,5,3248.3,67,3,3248.4,1,1,3249.0,282,1,3249.2,22,2
11536,2025-12-30 11:22:52+05:30,3247.8,7,3249.56,488420,102532.0,120665.0,3250.0,3257.0,3239.8,3251.5,42209475,3576.6,2926.4,4322.95,2866.6,3247.8,74,6,3247.7,19,2,3247.6,39,5,3247.5,73,7,3247.4,39,4,3248.0,5,5,3248.3,67,3,3248.4,1,1,3249.0,282,1,3249.2,22,2
11536,2025-12-30 11:22:52+05:30,3247.8,3,3249.56,488423,102510.0,118703.0,3250.0,3257.0,3239.8,3251.5,42209475,3576.6,2926.4,4322.95,2866.6,3247.8,71,6,3247.7,2,1,3247.6,42,6,3247.5,54,6,3247.4,56,5,3248.0,26,7,3248.3,67,3,3248.4,1,1,3249.0,282,1,3249.2,22,2
11536,2025-12-30 11:22:52+05:30,3248.0,14,3249.56,488423,102510.0,118703.0,3250.0,3257.0,3239.8,3251.5,42209475,3576.6,2926.4,4322.95,2866.6,3247.8,71,6,3247.7,2,1,3247.6,42,6,3247.5,54,6,3247.4,56,5,3248.0,26,7,3248.3,67,3,3248.4,1,1,3249.0,282,1,3249.2,22,2
11536,2025-12-30 11:22:52+05:30,3248.0,14,3249.56,488423,102510.0,118703.0,3250.0,3257.0,3239.8,3251.5,42209475,3576.6,2926.4,4322.95,2866.6,3247.8,71,6,3247.7,2,1,3247.6,42,6,3247.5,54,6,3247.4,56,5,3248.0,26,7,3248.3,67,3,3248.4,1,1,3249.0,282,1,3249.2,22,2
11536,2025-12-30 11:22:53+05:30,3248.0,14,3249.56,488423,102510.0,118703.0,3250.0,3257.0,3239.8,3251.5,42209475,3576.6,2926.4,4322.95,2866.6,3247.8,71,6,3247.7,2,1,3247.6,42,6,3247.5,54,6,3247.4,56,5,3248.0,26,7,3248.3,67,3,3248.4,1,1,3249.0,282,1,3249.2,22,2
11536,2025-12-30 11:22:53+05:30,3249.0,89,3249.56,488629,102971.0,117064.0,3250.0,3257.0,3239.8,3251.5,42209475,3576.6,2926.4,4322.95,2866.6,3247.8,96,10,3247.7,19,3,3247.6,229,9,3247.5,212,10,3247.4,322,9,3249.1,36,2,3249.3,3,1,3249.4,10,1,3249.5,31,1,3249.6,39,3
11536,2025-12-30 11:22:53+05:30,3249.0,89,3249.56,488629,102971.0,117064.0,3250.0,3257.0,3239.8,3251.5,42209475,3576.6,2926.4,4322.95,2866.6,3247.8,96,10,3247.7,19,3,3247.6,229,9,3247.5,212,10,3247.4,322,9,3249.1,36,2,3249.3,3,1,3249.4,10,1,3249.5,31,1,3249.6,39,3
11536,2025-12-30 11:22:54+05:30,3249.0,89,3249.56,488629,102971.0,117064.0,3250.0,3257.0,3239.8,3251.5,42209475,3576.6,2926.4,4322.95,2866.6,3247.8,96,10,3247.7,19,3,3247.6,229,9,3247.5,212,10,3247.4,322,9,3249.1,36,2,3249.3,3,1,3249.4,10,1,3249.5,31,1,3249.6,39,3
11536,2025-12-30 11:22:54+05:30,3249.1,2,3249.56,488667,103111.0,117995.0,3250.0,3257.0,3239.8,3251.5,42209475,3576.6,2926.4,4322.95,2866.6,3247.8,77,9,3247.7,80,4,3247.6,236,9,3247.5,171,9,3247.4,162,7,3249.0,36,2,3249.1,19,3,3249.2,282,1,3249.3,3,1,3249.4,10,1
11536,2025-12-30 11:22:54+05:30,3249.1,2,3249.56,488667,103111.0,117995.0,3250.0,3257.0,3239.8,3251.5,42209475,3576.6,2926.4,4322.95,2866.6,3247.8,77,9,3247.7,80,4,3247.6,236,9,3247.5,171,9,3247.4,162,7,3249.0,36,2,3249.1,19,3,3249.2,282,1,3249.3,3,1,3249.4,10,1
11536,2025-12-30 11:22:55+05:30,3249.1,2,3249.56,488667,103111.0,117995.0,3250.0,3257.0,3239.8,3251.5,42209475,3576.6,2926.4,4322.95,2866.6,3247.8,77,9,3247.7,80,4,3247.6,236,9,3247.5,171,9,3247.4,162,7,3249.0,36,2,3249.1,19,3,3249.2,282,1,3249.3,3,1,3249.4,10,1
11536,2025-12-30 11:22:55+05:30,3247.8,9,3249.56,488667,103111.0,117995.0,3250.0,3257.0,3239.8,3251.5,42209475,3576.6,2926.4,4322.95,2866.6,3247.8,77,9,3247.7,80,4,3247.6,236,9,3247.5,171,9,3247.4,162,7,3249.0,36,2,3249.1,19,3,3249.2,282,1,3249.3,3,1,3249.4,10,1
11536,2025-12-30 11:22:55+05:30,3247.8,9,3249.56,488723,102833.0,118262.0,3250.0,3257.0,3239.8,3251.5,42209475,3576.6,2926.4,4322.95,2866.6,3247.8,14,4,3247.7,10,2,3247.6,206,7,3247.5,145,7,3247.4,101,5,3248.8,36,2,3248.9,29,2,3249.0,5,4,3249.1,15,2,3249.2,294,2
11536,2025-12-30 11:22:56+05:30,3247.8,9,3249.56,488723,102833.0,118262.0,3250.0,3257.0,3239.8,3251.5,42209475,3576.6,2926.4,4322.95,2866.6,3247.8,14,4,3247.7,10,2,3247.6,206,7,3247.5,145,7,3247.4,101,5,3248.8,36,2,3248.9,29,2,3249.0,5,4,3249.1,15,2,3249.2,294,2
11536,2025-12-30 11:22:56+05:30,3247.8,9,3249.56,488723,102805.0,119069.0,3250.0,3257.0,3239.8,3251.5,42209475,3576.6,2926.4,4322.95,2866.6,3247.8,29,6,3247.7,10,2,3247.6,35,5,3247.5,40,5,3247.4,210,5,3248.7,36,2,3248.8,3,2,3248.9,29,2,3249.0,287,5,3249.1,15,2
11536,2025-12-30 11:22:56+05:30,3247.8,5,3249.56,488723,102805.0,119069.0,3250.0,3257.0,3239.8,3251.5,42209475,3576.6,2926.4,4322.95,2866.6,3247.8,29,6,3247.7,10,2,3247.6,35,5,3247.5,40,5,3247.4,210,5,3248.7,36,2,3248.8,3,2,3248.9,29,2,3249.0,287,5,3249.1,15,2
11536,2025-12-30 11:22:56+05:30,3247.8,5,3249.56,488723,102805.0,119069.0,3250.0,3257.0,3239.8,3251.5,42209475,3576.6,2926.4,4322.95,2866.6,3247.8,29,6,3247.7,10,2,3247.6,35,5,3247.5,40,5,3247.4,210,5,3248.7,36,2,3248.8,3,2,3248.9,29,2,3249.0,287,5,3249.1,15,2
11536,2025-12-30 11:22:57+05:30,3247.8,5,3249.56,488723,102805.0,119069.0,3250.0,3257.0,3239.8,3251.5,42209475,3576.6,2926.4,4322.95,2866.6,3247.8,29,6,3247.7,10,2,3247.6,35,5,3247.5,40,5,3247.4,210,5,3248.7,36,2,3248.8,3,2,3248.9,29,2,3249.0,287,5,3249.1,15,2
11536,2025-12-30 11:22:57+05:30,3247.8,1,3249.56,488842,103063.0,118233.0,3250.0,3257.0,3239.8,3251.5,42209475,3576.6,2926.4,4322.95,2866.6,3248.0,20,2,3247.9,18,1,3247.8,46,2,3247.7,262,7,3247.6,91,4,3248.8,9,4,3249.0,2,2,3249.1,282,1,3249.3,3,1,3249.4,10,1
11536,2025-12-30 11:22:57+05:30,3248.0,5,3249.56,488842,103063.0,118233.0,3250.0,3257.0,3239.8,3251.5,42209475,3576.6,2926.4,4322.95,2866.6,3248.0,20,2,3247.9,18,1,3247.8,46,2,3247.7,262,7,3247.6,91,4,3248.8,9,4,3249.0,2,2,3249.1,282,1,3249.3,3,1,3249.4,10,1
11536,2025-12-30 11:22:58+05:30,3248.0,5,3249.56,488842,103063.0,118233.0,3250.0,3257.0,3239.8,3251.5,42209475,3576.6,2926.4,4322.95,2866.6,3248.0,20,2,3247.9,18,1,3247.8,46,2,3247.7,262,7,3247.6,91,4,3248.8,9,4,3249.0,2,2,3249.1,282,1,3249.3,3,1,3249.4,10,1
11536,2025-12-30 11:22:58+05:30,3248.0,1,3249.56,488842,103063.0,118233.0,3250.0,3257.0,3239.8,3251.5,42209475,3576.6,2926.4,4322.95,2866.6,3248.0,20,2,3247.9,18,1,3247.8,46,2,3247.7,262,7,3247.6,91,4,3248.8,9,4,3249.0,2,2,3249.1,282,1,3249.3,3,1,3249.4,10,1
11536,2025-12-30 11:22:58+05:30,3248.0,1,3249.56,488866,103318.0,114993.0,3250.0,3257.0,3239.8,3251.5,42209475,3576.6,2926.4,4322.95,2866.6,3248.0,71,5,3247.9,26,2,3247.8,64,3,3247.7,245,4,3247.6,88,5,3248.8,10,6,3249.2,17,1,3249.3,3,1,3249.4,10,1,3249.5,31,1
11536,2025-12-30 11:22:59+05:30,3248.0,22,3249.56,488866,103318.0,114993.0,3250.0,3257.0,3239.8,3251.5,42209475,3576.6,2926.4,4322.95,2866.6,3248.0,71,5,3247.9,26,2,3247.8,64,3,3247.7,245,4,3247.6,88,5,3248.8,10,6,3249.2,17,1,3249.3,3,1,3249.4,10,1,3249.5,31,1
11536,2025-12-30 11:22:59+05:30,3248.0,22,3249.56,488909,103363.0,117616.0,3250.0,3257.0,3239.8,3251.5,42209475,3576.6,2926.4,4322.95,2866.6,3248.1,8,1,3248.0,45,3,3247.9,26,2,3247.8,64,3,3247.7,245,4,3248.8,8,7,3249.2,17,1,3249.3,22,2,3249.4,10,1,3249.5,31,1
11536,2025-12-30 11:23:00+05:30,3248.0,22,3249.56,488909,103363.0,117616.0,3250.0,3257.0,3239.8,3251.5,42209475,3576.6,2926.4,4322.95,2866.6,3248.1,8,1,3248.0,45,3,3247.9,26,2,3247.8,64,3,3247.7,245,4,3248.8,8,7,3249.2,17,1,3249.3,22,2,3249.4,10,1,3249.5,31,1
11536,2025-12-30 11:23:00+05:30,3248.1,18,3249.56,488909,103363.0,117616.0,3250.0,3257.0,3239.8,3251.5,42209475,3576.6,2926.4,4322.95,2866.6,3248.1,8,1,3248.0,45,3,3247.9,26,2,3247.8,64,3,3247.7,245,4,3248.8,8,7,3249.2,17,1,3249.3,22,2,3249.4,10,1,3249.5,31,1
11536,2025-12-30 11:23:01+05:30,3248.1,3,3249.56,488940,103332.0,117333.0,3250.0,3257.0,3239.8,3251.5,42209475,3576.6,2926.4,4322.95,2866.6,3248.1,2,1,3248.0,28,1,3247.8,50,2,3247.7,184,3,3247.6,42,4,3248.8,4,4,3249.1,17,1,3249.2,19,1,3249.3,3,1,3249.4,10,1
11536,2025-12-30 11:23:01+05:30,3248.1,9,3249.56,488940,103332.0,117333.0,3250.0,3257.0,3239.8,3251.5,42209475,3576.6,2926.4,4322.95,2866.6,3248.1,2,1,3248.0,28,1,3247.8,50,2,3247.7,184,3,3247.6,42,4,3248.8,4,4,3249.1,17,1,3249.2,19,1,3249.3,3,1,3249.4,10,1
11536,2025-12-30 11:23:02+05:30,3248.1,9,3249.56,488951,103144.0,117296.0,3250.0,3257.0,3239.8,3251.5,42209475,3576.6,2926.4,4322.95,2866.6,3248.4,8,1,3248.0,28,1,3247.8,21,1,3247.7,2,1,3247.6,184,4,3248.8,8,8,3248.9,29,2,3249.0,17,1,3249.2,33,2,3249.3,15,2
11536,2025-12-30 11:23:02+05:30,3248.1,9,3249.56,488951,103144.0,117296.0,3250.0,3257.0,3239.8,3251.5,42209475,3576.6,2926.4,4322.95,2866.6,3248.4,8,1,3248.0,28,1,3247.8,21,1,3247.7,2,1,3247.6,184,4,3248.8,8,8,3248.9,29,2,3249.0,17,1,3249.2,33,2,3249.3,15,2
11536,2025-12-30 11:23:02+05:30,3248.4,6,3249.56,488951,103144.0,117296.0,3250.0,3257.0,3239.8,3251.5,42209475,3576.6,2926.4,4322.95,2866.6,3248.4,8,1,3248.0,28,1,3247.8,21,1,3247.7,2,1,3247.6,184,4,3248.8,8,8,3248.9,29,2,3249.0,17,1,3249.2,33,2,3249.3,15,2
11536,2025-12-30 11:23:03+05:30,3248.4,1,3249.56,488966,103340.0,118386.0,3250.0,3257.0,3239.8,3251.5,42209475,3576.6,2926.4,4322.95,2866.6,3248.0,28,1,3247.8,68,3,3247.7,2,1,3247.6,291,9,3247.5,240,10,3248.4,1,1,3248.8,7,7,3248.9,19,1,3249.0,17,1,3249.3,3,1
11536,2025-12-30 11:23:03+05:30,3248.0,4,3249.56,488966,103340.0,118386.0,3250.0,3257.0,3239.8,3251.5,42209475,3576.6,2926.4,4322.95,2866.6,3248.0,28,1,3247.8,68,3,3247.7,2,1,3247.6,291,9,3247.5,240,10,3248.4,1,1,3248.8,7,7,3248.9,19,1,3249.0,17,1,3249.3,3,1
11536,2025-12-30 11:23:04+05:30,3248.0,4,3249.56,488966,103340.0,118386.0,3250.0,3257.0,3239.8,3251.5,42209475,3576.6,2926.4,4322.95,2866.6,3248.0,28,1,3247.8,68,3,3247.7,2,1,3247.6,291,9,3247.5,240,10,3248.4,1,1,3248.8,7,7,3248.9,19,1,3249.0,17,1,3249.3,3,1
11536,2025-12-30 11:23:04+05:30,3248.0,5,3249.56,488978,103130.0,118735.0,3250.0,3257.0,3239.8,3251.5,42209475,3576.6,2926.4,4322.95,2866.6,3248.0,16,1,3247.8,68,3,3247.7,2,1,3247.6,91,7,3247.5,224,9,3248.4,3,3,3248.8,4,4,3248.9,19,1,3249.0,17,1,3249.3,3,1
11536,2025-12-30 11:23:04+05:30,3248.0,1,3249.56,488978,103130.0,118735.0,3250.0,3257.0,3239.8,3251.5,42209475,3576.6,2926.4,4322.95,2866.6,3248.0,16,1,3247.8,68,3,3247.7,2,1,3247.6,91,7,3247.5,224,9,3248.4,3,3,3248.8,4,4,3248.9,19,1,3249.0,17,1,3249.3,3,1
11536,2025-12-30 11:23:05+05:30,3248.4,1,3249.56,488987,103087.0,118384.0,3250.0,3257.0,3239.8,3251.5,42209475,3576.6,2926.4,4322.95,2866.6,3248.0,8,1,3247.8,110,3,3247.7,2,1,3247.6,226,6,3247.5,224,9,3248.4,4,4,3248.5,3,1,3248.8,1,1,3248.9,19,1,3249.2,17,1
11536,2025-12-30 11:23:05+05:30,3248.4,1,3249.56,488987,103087.0,118384.0,3250.0,3257.0,3239.8,3251.5,42209475,3576.6,2926.4,4322.95,2866.6,3248.0,8,1,3247.8,110,3,3247.7,2,1,3247.6,226,6,3247.5,224,9,3248.4,4,4,3248.5,3,1,3248.8,1,1,3248.9,19,1,3249.2,17,1
11536,2025-12-30 11:23:05+05:30,3248.0,2,3249.56,488987,103087.0,118384.0,3250.0,3257.0,3239.8,3251.5,42209475,3576.6,2926.4,4322.95,2866.6,3248.0,8,1,3247.8,110,3,3247.7,2,1,3247.6,226,6,3247.5,224,9,3248.4,4,4,3248.5,3,1,3248.8,1,1,3248.9,19,1,3249.2,17,1
11536,2025-12-30 11:23:06+05:30,3248.4,1,3249.56,488991,103269.0,118429.0,3250.0,3257.0,3239.8,3251.5,42209475,3576.6,2926.4,4322.95,2866.6,3248.0,5,1,3247.8,110,3,3247.7,2,1,3247.6,44,4,3247.5,178,8,3248.4,7,7,3248.5,3,1,3248.9,19,1,3249.2,17,1,3249.3,3,1
11536,2025-12-30 11:23:06+05:30,3248.4,1,3249.56,488991,103269.0,118429.0,3250.0,3257.0,3239.8,3251.5,42209475,3576.6,2926.4,4322.95,2866.6,3248.0,5,1,3247.8,110,3,3247.7,2,1,3247.6,44,4,3247.5,178,8,3248.4,7,7,3248.5,3,1,3248.9,19,1,3249.2,17,1,3249.3,3,1
11536,2025-12-30 11:23:06+05:30,3248.4,1,3249.56,488991,103269.0,118429.0,3250.0,3257.0,3239.8,3251.5,42259875,3576.6,2926.4,4322.95,2866.6,3248.0,5,1,3247.8,110,3,3247.7,2,1,3247.6,44,4,3247.5,178,8,3248.4,7,7,3248.5,3,1,3248.9,19,1,3249.2,17,1,3249.3,3,1
11536,2025-12-30 11:23:07+05:30,3248.0,52,3249.56,489050,103143.0,117949.0,3250.0,3257.0,3239.8,3251.5,42259875,3576.6,2926.4,4322.95,2866.6,3247.8,54,1,3247.7,2,1,3247.6,42,4,3247.5,27,5,3247.4,45,3,3248.0,11,3,3248.4,6,6,3248.5,3,1,3249.0,11,1,3249.2,28,2
11536,2025-12-30 11:23:07+05:30,3247.8,1,3249.56,489050,103143.0,117949.0,3250.0,3257.0,3239.8,3251.5,42259875,3576.6,2926.4,4322.95,2866.6,3247.8,54,1,3247.7,2,1,3247.6,42,4,3247.5,27,5,3247.4,45,3,3248.0,11,3,3248.4,6,6,3248.5,3,1,3249.0,11,1,3249.2,28,2
11536,2025-12-30 11:23:08+05:30,3247.8,1,3249.56,489054,100972.0,121193.0,3250.0,3257.0,3239.8,3251.5,42259875,3576.6,2926.4,4322.95,2866.6,3247.8,59,2,3247.7,2,1,3247.6,10,2,3247.5,4,3,3247.2,37,2,3248.0,12,4,3248.4,20,4,3248.5,22,2,3248.6,14,1,3248.8,14,1
11536,2025-12-30 11:23:08+05:30,3247.8,1,3249.56,489054,100972.0,121193.0,3250.0,3257.0,3239.8,3251.5,42259875,3576.6,2926.4,4322.95,2866.6,3247.8,59,2,3247.7,2,1,3247.6,10,2,3247.5,4,3,3247.2,37,2,3248.0,12,4,3248.4,20,4,3248.5,22,2,3248.6,14,1,3248.8,14,1
11536,2025-12-30 11:23:09+05:30,3247.8,1,3249.56,489054,100972.0,121193.0,3250.0,3257.0,3239.8,3251.5,42259875,3576.6,2926.4,4322.95,2866.6,3247.8,59,2,3247.7,2,1,3247.6,10,2,3247.5,4,3,3247.2,37,2,3248.0,12,4,3248.4,20,4,3248.5,22,2,3248.6,14,1,3248.8,14,1
11536,2025-12-30 11:23:09+05:30,3247.8,1,3249.56,489097,100740.0,121399.0,3250.0,3257.0,3239.8,3251.5,42259875,3576.6,2926.4,4322.95,2866.6,3247.8,16,2,3247.7,2,1,3247.6,10,2,3247.5,4,3,3247.2,37,2,3248.0,3,3,3248.2,17,1,3248.3,31,1,3248.4,19,1,3248.5,3,1
11536,2025-12-30 11:23:09+05:30,3248.0,1,3249.56,489097,100740.0,121399.0,3250.0,3257.0,3239.8,3251.5,42259875,3576.6,2926.4,4322.95,2866.6,3247.8,16,2,3247.7,2,1,3247.6,10,2,3247.5,4,3,3247.2,37,2,3248.0,3,3,3248.2,17,1,3248.3,31,1,3248.4,19,1,3248.5,3,1
11536,2025-12-30 11:23:10+05:30,3247.7,1,3249.56,489142,100676.0,120784.0,3250.0,3257.0,3239.8,3251.5,42259875,3576.6,2926.4,4322.95,2866.6,3247.7,10,2,3247.6,10,2,3247.5,4,3,3247.2,37,2,3247.1,3,1,3248.0,6,4,3248.1,17,1,3248.2,19,1,3248.3,31,1,3248.5,3,1
11536,2025-12-30 11:23:10+05:30,3247.7,1,3249.56,489142,100676.0,120784.0,3250.0,3257.0,3239.8,3251.5,42259875,3576.6,2926.4,4322.95,2866.6,3247.7,10,2,3247.6,10,2,3247.5,4,3,3247.2,37,2,3247.1,3,1,3248.0,6,4,3248.1,17,1,3248.2,19,1,3248.3,31,1,3248.5,3,1
11536,2025-12-30 11:23:11+05:30,3247.7,1,3249.56,489142,100344.0,120747.0,3250.0,3257.0,3239.8,3251.5,42259875,3576.6,2926.4,4322.95,2866.6,3247.7,10,2,3247.6,10,2,3247.5,4,3,3247.2,37,2,3247.1,18,2,3248.0,8,6,3248.1,17,1,3248.2,20,2,3248.3,31,1,3248.5,3,1
11536,2025-12-30 11:23:11+05:30,3247.7,9,3249.56,489142,100344.0,120747.0,3250.0,3257.0,3239.8,3251.5,42259875,3576.6,2926.4,4322.95,2866.6,3247.7,10,2,3247.6,10,2,3247.5,4,3,3247.2,37,2,3247.1,18,2,3248.0,8,6,3248.1,17,1,3248.2,20,2,3248.3,31,1,3248.5,3,1
11536,2025-12-30 11:23:12+05:30,3248.0,1,3249.56,489165,100645.0,120717.0,3250.0,3257.0,3239.8,3251.5,42259875,3576.6,2926.4,4322.95,2866.6,3247.7,11,2,3247.6,10,2,3247.5,4,3,3247.2,21,1,3247.1,3,1,3248.0,7,7,3248.1,17,1,3248.2,20,2,3248.3,31,1,3248.5,3,1
11536,2025-12-30 11:23:12+05:30,3247.7,1,3249.56,489165,100645.0,120717.0,3250.0,3257.0,3239.8,3251.5,42259875,3576.6,2926.4,4322.95,2866.6,3247.7,11,2,3247.6,10,2,3247.5,4,3,3247.2,21,1,3247.1,3,1,3248.0,7,7,3248.1,17,1,3248.2,20,2,3248.3,31,1,3248.5,3,1
11536,2025-12-30 11:23:13+05:30,3247.7,1,3249.56,489185,101351.0,118635.0,3250.0,3257.0,3239.8,3251.5,42259875,3576.6,2926.4,4322.95,2866.6,3247.7,64,3,3247.6,26,3,3247.5,4,3,3247.3,39,2,3247.2,60,4,3248.0,7,7,3248.2,20,2,3248.3,31,1,3248.4,16,1,3248.5,3,1
11536,2025-12-30 11:23:13+05:30,3247.7,2,3249.56,489185,101351.0,118635.0,3250.0,3257.0,3239.8,3251.5,42259875,3576.6,2926.4,4322.95,2866.6,3247.7,64,3,3247.6,26,3,3247.5,4,3,3247.3,39,2,3247.2,60,4,3248.0,7,7,3248.2,20,2,3248.3,31,1,3248.4,16,1,3248.5,3,1
11536,2025-12-30 11:23:14+05:30,3247.7,2,3249.56,489189,101285.0,120347.0,3250.0,3257.0,3239.8,3251.5,42259875,3576.6,2926.4,4322.95,2866.6,3247.8,5,1,3247.7,55,2,3247.6,26,3,3247.5,4,3,3247.3,39,2,3248.0,8,8,3248.2,20,2,3248.3,31,1,3248.4,16,1,3248.5,3,1
11536,2025-12-30 11:23:14+05:30,3248.0,1,3249.56,489189,101285.0,120347.0,3250.0,3257.0,3239.8,3251.5,42259875,3576.6,2926.4,4322.95,2866.6,3247.8,5,1,3247.7,55,2,3247.6,26,3,3247.5,4,3,3247.3,39,2,3248.0,8,8,3248.2,20,2,3248.3,31,1,3248.4,16,1,3248.5,3,1
11536,2025-12-30 11:23:15+05:30,3247.8,10,3249.56,489209,101289.0,121472.0,3250.0,3257.0,3239.8,3251.5,42259875,3576.6,2926.4,4322.95,2866.6,3247.8,9,1,3247.7,55,2,3247.6,26,3,3247.5,4,3,3247.3,39,2,3248.0,18,5,3248.2,36,3,3248.3,31,1,3248.5,3,1,3248.8,14,1
11536,2025-12-30 11:23:15+05:30,3247.8,10,3249.56,489209,101289.0,121472.0,3250.0,3257.0,3239.8,3251.5,42259875,3576.6,2926.4,4322.95,2866.6,3247.8,9,1,3247.7,55,2,3247.6,26,3,3247.5,4,3,3247.3,39,2,3248.0,18,5,3248.2,36,3,3248.3,31,1,3248.5,3,1,3248.8,14,1
11536,2025-12-30 11:23:16+05:30,3248.0,1,3249.56,489211,101312.0,119446.0,3250.0,3257.0,3239.8,3251.5,42259875,3576.6,2926.4,4322.95,2866.6,3247.9,8,1,3247.7,55,2,3247.6,10,2,3247.5,4,3,3247.2,36,2,3248.0,18,6,3248.2,20,2,3248.3,31,1,3248.5,3,1,3248.7,16,1
11536,2025-12-30 11:23:16+05:30,3247.9,2,3249.56,489211,101312.0,119446.0,3250.0,3257.0,3239.8,3251.5,42259875,3576.6,2926.4,4322.95,2866.6,3247.9,8,1,3247.7,55,2,3247.6,10,2,3247.5,4,3,3247.2,36,2,3248.0,18,6,3248.2,20,2,3248.3,31,1,3248.5,3,1,3248.7,16,1
11536,2025-12-30 11:23:17+05:30,3247.9,1,3249.56,489308,102082.0,120313.0,3250.0,3257.0,3239.8,3251.5,42259875,3576.6,2926.4,4322.95,2866.6,3247.7,53,2,3247.6,10,2,3247.5,4,3,3247.2,74,3,3247.1,16,2,3247.9,2,2,3248.0,17,5,3248.2,1,1,3248.3,31,1,3248.4,16,1
11536,2025-12-30 11:23:17+05:30,3247.9,1,3249.56,489308,102082.0,120313.0,3250.0,3257.0,3239.8,3251.5,42259875,3576.6,2926.4,4322.95,2866.6,3247.7,53,2,3247.6,10,2,3247.5,4,3,3247.2,74,3,3247.1,16,2,3247.9,2,2,3248.0,17,5,3248.2,1,1,3248.3,31,1,3248.4,16,1
11536,2025-12-30 11:23:18+05:30,3247.7,2,3249.56,489314,102016.0,117780.0,3250.0,3257.0,3239.8,3251.5,42259875,3576.6,2926.4,4322.95,2866.6,3247.7,48,2,3247.6,10,2,3247.5,10,4,3247.4,14,1,3247.3,9,1,3247.9,20,7,3248.0,2,2,3248.2,1,1,3248.3,31,1,3248.5,22,2
11536,2025-12-30 11:23:18+05:30,3247.7,1,3249.56,489314,102016.0,117780.0,3250.0,3257.0,3239.8,3251.5,42259875,3576.6,2926.4,4322.95,2866.6,3247.7,48,2,3247.6,10,2,3247.5,10,4,3247.4,14,1,3247.3,9,1,3247.9,20,7,3248.0,2,2,3248.2,1,1,3248.3,31,1,3248.5,22,2
11536,2025-12-30 11:23:19+05:30,3247.7,1,3249.56,489317,102084.0,117736.0,3250.0,3257.0,3239.8,3251.5,42259875,3576.6,2926.4,4322.95,2866.6,3247.7,48,3,3247.6,10,2,3247.5,4,3,3247.3,24,1,3247.2,21,1,3247.9,20,7,3248.0,1,1,3248.2,1,1,3248.3,31,1,3248.5,22,2
11536,2025-12-30 11:23:19+05:30,3247.6,12,3249.56,489317,102084.0,117736.0,3250.0,3257.0,3239.8,3251.5,42259875,3576.6,2926.4,4322.95,2866.6,3247.7,48,3,3247.6,10,2,3247.5,4,3,3247.3,24,1,3247.2,21,1,3247.9,20,7,3248.0,1,1,3248.2,1,1,3248.3,31,1,3248.5,22,2
11536,2025-12-30 11:23:20+05:30,3247.6,1,3249.56,489436,100680.0,120809.0,3250.0,3257.0,3239.8,3251.5,42259875,3576.6,2926.4,4322.95,2866.6,3247.6,8,1,3247.5,4,3,3246.9,192,2,3246.8,44,3,3246.7,175,8,3247.7,124,2,3247.9,19,7,3248.2,36,3,3248.3,31,1,3248.5,16,2
11536,2025-12-30 11:23:20+05:30,3247.6,1,3249.56,489436,100680.0,120809.0,3250.0,3257.0,3239.8,3251.5,42259875,3576.6,2926.4,4322.95,2866.6,3247.6,8,1,3247.5,4,3,3246.9,192,2,3246.8,44,3,3246.7,175,8,3247.7,124,2,3247.9,19,7,3248.2,36,3,3248.3,31,1,3248.5,16,2
11536,2025-12-30 11:23:21+05:30,3247.6,1,3249.56,489446,100670.0,120967.0,3250.0,3257.0,3239.8,3251.5,42259875,3576.6,2926.4,4322.95,2866.6,3247.6,7,1,3247.5,4,3,3246.9,176,1,3246.8,58,4,3246.7,213,10,3247.7,146,9,3247.9,3,3,3248.2,36,3,3248.3,31,1,3248.5,16,2
11536,2025-12-30 11:23:21+05:30,3247.6,1,3249.56,489446,100670.0,120967.0,3250.0,3257.0,3239.8,3251.5,42259875,3576.6,2926.4,4322.95,2866.6,3247.6,7,1,3247.5,4,3,3246.9,176,1,3246.8,58,4,3246.7,213,10,3247.7,146,9,3247.9,3,3,3248.2,36,3,3248.3,31,1,3248.5,16,2
11536,2025-12-30 11:23:22+05:30,3247.6,9,3249.56,489484,100599.0,120969.0,3250.0,3257.0,3239.8,3251.5,42259875,3576.6,2926.4,4322.95,2866.6,3247.6,8,1,3247.5,4,3,3247.2,14,1,3247.1,9,1,3247.0,10,1,3247.7,146,11,3247.9,1,1,3248.1,18,1,3248.2,17,2,3248.3,31,1
11536,2025-12-30 11:23:22+05:30,3247.6,2,3249.56,489484,100599.0,120969.0,3250.0,3257.0,3239.8,3251.5,42259875,3576.6,2926.4,4322.95,2866.6,3247.6,8,1,3247.5,4,3,3247.2,14,1,3247.1,9,1,3247.0,10,1,3247.7,146,11,3247.9,1,1,3248.1,18,1,3248.2,17,2,3248.3,31,1
11536,2025-12-30 11:23:23+05:30,3247.6,45,3249.56,489695,100955.0,119146.0,3250.0,3257.0,3239.8,3251.5,42259875,3576.6,2926.4,4322.95,2866.6,3247.5,20,4,3247.3,30,3,3247.2,37,3,3247.1,22,2,3247.0,108,4,3247.6,78,1,3247.7,10,4,3248.2,1,1,3248.3,31,1,3248.5,18,2
11536,2025-12-30 11:23:23+05:30,3247.6,45,3249.56,489695,100955.0,119146.0,3250.0,3257.0,3239.8,3251.5,42259875,3576.6,2926.4,4322.95,2866.6,3247.5,20,4,3247.3,30,3,3247.2,37,3,3247.1,22,2,3247.0,108,4,3247.6,78,1,3247.7,10,4,3248.2,1,1,3248.3,31,1,3248.5,18,2
11536,2025-12-30 11:23:24+05:30,3247.5,1,3249.56,489740,101030.0,120521.0,3250.0,3257.0,3239.8,3251.5,42259875,3576.6,2926.4,4322.95,2866.6,3247.5,2,2,3247.4,16,1,3247.3,30,3,3247.1,13,1,3247.0,161,6,3247.6,47,5,3247.7,9,3,3248.2,1,1,3248.3,31,1,3248.4,18,1
11536,2025-12-30 11:23:24+05:30,3247.5,1,3249.56,489740,101030.0,120521.0,3250.0,3257.0,3239.8,3251.5,42259875,3576.6,2926.4,4322.95,2866.6,3247.5,2,2,3247.4,16,1,3247.3,30,3,3247.1,13,1,3247.0,161,6,3247.6,47,5,3247.7,9,3,3248.2,1,1,3248.3,31,1,3248.4,18,1
11536,2025-12-30 11:23:25+05:30,3247.4,16,3249.56,489767,98766.0,121186.0,3250.0,3257.0,3239.8,3251.5,42259875,3576.6,2926.4,4322.95,2866.6,3247.3,40,4,3247.1,6,1,3247.0,77,4,3246.9,22,3,3246.8,113,6,3247.4,108,2,3247.5,5,1,3247.6,8,6,3247.7,3,1,3248.2,1,1
11536,2025-12-30 11:23:25+05:30,3247.3,12,3249.56,489767,98766.0,121186.0,3250.0,3257.0,3239.8,3251.5,42259875,3576.6,2926.4,4322.95,2866.6,3247.3,40,4,3247.1,6,1,3247.0,77,4,3246.9,22,3,3246.8,113,6,3247.4,108,2,3247.5,5,1,3247.6,8,6,3247.7,3,1,3248.2,1,1
11536,2025-12-30 11:23:26+05:30,3247.3,4,3249.55,489819,98892.0,121775.0,3250.0,3257.0,3239.8,3251.5,42259875,3576.6,2926.4,4322.95,2866.6,3247.3,23,3,3247.2,11,1,3247.1,18,2,3247.0,25,2,3246.9,61,5,3247.4,112,6,3247.5,5,1,3247.6,4,4,3248.2,1,1,3248.3,31,1
11536,2025-12-30 11:23:26+05:30,3247.3,1,3249.55,489819,98892.0,121775.0,3250.0,3257.0,3239.8,3251.5,42259875,3576.6,2926.4,4322.95,2866.6,3247.3,23,3,3247.2,11,1,3247.1,18,2,3247.0,25,2,3246.9,61,5,3247.4,112,6,3247.5,5,1,3247.6,4,4,3248.2,1,1,3248.3,31,1
11536,2025-12-30 11:23:27+05:30,3247.3,10,3249.55,489948,100156.0,121816.0,3250.0,3257.0,3239.8,3251.5,42259875,3576.6,2926.4,4322.95,2866.6,3247.3,4,1,3247.2,27,2,3247.0,24,2,3246.9,46,4,3246.8,246,6,3247.4,120,11,3247.6,1,1,3248.2,1,1,3248.3,31,1,3248.4,18,1
11536,2025-12-30 11:23:27+05:30,3247.3,1,3249.55,489948,100156.0,121816.0,3250.0,3257.0,3239.8,3251.5,42259875,3576.6,2926.4,4322.95,2866.6,3247.3,4,1,3247.2,27,2,3247.0,24,2,3246.9,46,4,3246.8,246,6,3247.4,120,11,3247.6,1,1,3248.2,1,1,3248.3,31,1,3248.4,18,1
11536,2025-12-30 11:23:28+05:30,3247.2,16,3249.55,489991,99767.0,121909.0,3250.0,3257.0,3239.8,3251.5,42259875,3576.6,2926.4,4322.95,2866.6,3247.0,24,2,3246.9,18,2,3246.8,46,4,3246.7,71,6,3246.6,80,6,3247.2,127,3,3247.3,1,1,3247.4,17,12,3248.1,18,1,3248.2,1,1
11536,2025-12-30 11:23:28+05:30,3246.7,1,3249.55,489991,99767.0,121909.0,3250.0,3257.0,3239.8,3251.5,42259875,3576.6,2926.4,4322.95,2866.6,3247.0,24,2,3246.9,18,2,3246.8,46,4,3246.7,71,6,3246.6,80,6,3247.2,127,3,3247.3,1,1,3247.4,17,12,3248.1,18,1,3248.2,1,1
11536,2025-12-30 11:23:29+05:30,3247.0,4,3249.55,490368,98949.0,121535.0,3250.0,3257.0,3239.8,3251.5,42259875,3576.6,2926.4,4322.95,2866.6,3246.7,87,7,3246.6,5,1,3246.5,26,3,3246.4,167,8,3246.3,68,4,3247.0,5,2,3247.2,3,3,3247.3,1,1,3247.4,9,7,3248.0,2,1
11536,2025-12-30 11:23:29+05:30,3246.7,1,3249.55,490368,98949.0,121535.0,3250.0,3257.0,3239.8,3251.5,42259875,3576.6,2926.4,4322.95,2866.6,3246.7,87,7,3246.6,5,1,3246.5,26,3,3246.4,167,8,3246.3,68,4,3247.0,5,2,3247.2,3,3,3247.3,1,1,3247.4,9,7,3248.0,2,1
11536,2025-12-30 11:23:30+05:30,3246.7,2,3249.55,490391,98967.0,122201.0,3250.0,3257.0,3239.8,3251.5,42259875,3576.6,2926.4,4322.95,2866.6,3246.7,62,4,3246.6,11,2,3246.5,26,3,3246.4,121,7,3246.3,105,4,3247.0,16,7,3247.2,3,3,3247.3,1,1,3247.4,3,2,3248.0,2,1
11536,2025-12-30 11:23:30+05:30,3246.7,1,3249.55,490391,98967.0,122201.0,3250.0,3257.0,3239.8,3251.5,42259875,3576.6,2926.4,4322.95,2866.6,3246.7,62,4,3246.6,11,2,3246.5,26,3,3246.4,121,7,3246.3,105,4,3247.0,16,7,3247.2,3,3,3247.3,1,1,3247.4,3,2,3248.0,2,1
11536,2025-12-30 11:23:31+05:30,3246.7,5,3249.55,490435,98845.0,120969.0,3250.0,3257.0,3239.8,3251.5,42259875,3576.6,2926.4,4322.95,2866.6,3246.7,15,4,3246.6,11,2,3246.5,11,2,3246.4,109,6,3246.3,59,3,3247.0,18,11,3247.2,1,1,3247.3,1,1,3247.6,18,1,3248.0,2,1
11536,2025-12-30 11:23:31+05:30,3246.6,3,3249.55,490435,98845.0,120969.0,3250.0,3257.0,3239.8,3251.5,42259875,3576.6,2926.4,4322.95,2866.6,3246.7,15,4,3246.6,11,2,3246.5,11,2,3246.4,109,6,3246.3,59,3,3247.0,18,11,3247.2,1,1,3247.3,1,1,3247.6,18,1,3248.0,2,1
11536,2025-12-30 11:23:32+05:30,3246.6,2,3249.55,490462,98937.0,122099.0,3250.0,3257.0,3239.8,3251.5,42259875,3576.6,2926.4,4322.95,2866.6,3246.6,20,4,3246.5,11,2,3246.4,81,4,3246.3,15,2,3246.2,75,3,3246.7,8,5,3247.0,42,9,3247.3,1,1,3247.6,18,1,3248.0,2,1
11536,2025-12-30 11:23:32+05:30,3246.6,3,3249.55,490462,98937.0,122099.0,3250.0,3257.0,3239.8,3251.5,42259875,3576.6,2926.4,4322.95,2866.6,3246.6,20,4,3246.5,11,2,3246.4,81,4,3246.3,15,2,3246.2,75,3,3246.7,8,5,3247.0,42,9,3247.3,1,1,3247.6,18,1,3248.0,2,1
11536,2025-12-30 11:23:33+05:30,3246.6,4,3249.55,490509,98951.0,122445.0,3250.0,3257.0,3239.8,3251.5,42259875,3576.6,2926.4,4322.95,2866.6,3246.6,5,1,3246.5,44,5,3246.4,75,4,3246.3,16,2,3246.2,127,5,3246.7,12,8,3247.0,35,5,3247.6,18,1,3248.0,2,1,3248.1,3,1
11536,2025-12-30 11:23:33+05:30,3246.6,5,3249.55,490509,98951.0,122445.0,3250.0,3257.0,3239.8,3251.5,42259875,3576.6,2926.4,4322.95,2866.6,3246.6,5,1,3246.5,44,5,3246.4,75,4,3246.3,16,2,3246.2,127,5,3246.7,12,8,3247.0,35,5,3247.6,18,1,3248.0,2,1,3248.1,3,1
11536,2025-12-30 11:23:34+05:30,3246.6,1,3249.55,490544,98965.0,122062.0,3250.0,3257.0,3239.8,3251.5,42259875,3576.6,2926.4,4322.95,2866.6,3246.6,25,1,3246.5,40,5,3246.4,68,3,3246.3,68,4,3246.2,81,4,3246.7,7,6,3247.0,32,2,3247.6,18,1,3248.0,2,1,3248.1,28,2
11536,2025-12-30 11:23:34+05:30,3246.6,2,3249.55,490544,98965.0,122062.0,3250.0,3257.0,3239.8,3251.5,42259875,3576.6,2926.4,4322.95,2866.6,3246.6,25,1,3246.5,40,5,3246.4,68,3,3246.3,68,4,3246.2,81,4,3246.7,7,6,3247.0,32,2,3247.6,18,1,3248.0,2,1,3248.1,28,2
11536,2025-12-30 11:23:35+05:30,3249.0,20,3249.55,491118,102732.0,118594.0,3250.0,3257.0,3239.8,3251.5,42259875,3576.6,2926.4,4322.95,2866.6,3247.2,92,4,3247.1,187,3,3247.0,115,5,3246.9,170,6,3246.8,328,6,3248.4,58,4,3248.5,18,1,3248.6,13,1,3248.8,13,1,3249.2,13,2
11536,2025-12-30 11:23:35+05:30,3247.2,1,3249.55,491118,102732.0,118594.0,3250.0,3257.0,3239.8,3251.5,42259875,3576.6,2926.4,4322.95,2866.6,3247.2,92,4,3247.1,187,3,3247.0,115,5,3246.9,170,6,3246.8,328,6,3248.4,58,4,3248.5,18,1,3248.6,13,1,3248.8,13,1,3249.2,13,2
11536,2025-12-30 11:23:36+05:30,3248.4,3,3249.55,491169,102820.0,118626.0,3250.0,3257.0,3239.8,3251.5,42259875,3576.6,2926.4,4322.95,2866.6,3247.3,210,3,3247.2,162,5,3247.1,30,2,3247.0,103,5,3246.9,362,8,3248.4,24,2,3248.5,33,2,3248.6,13,1,3248.8,13,1,3249.2,40,3
11536,2025-12-30 11:23:36+05:30,3248.3,1,3249.55,491169,102820.0,118626.0,3250.0,3257.0,3239.8,3251.5,42259875,3576.6,2926.4,4322.95,2866.6,3247.3,210,3,3247.2,162,5,3247.1,30,2,3247.0,103,5,3246.9,362,8,3248.4,24,2,3248.5,33,2,3248.6,13,1,3248.8,13,1,3249.2,40,3
11536,2025-12-30 11:23:37+05:30,3247.4,8,3249.55,491198,102267.0,118479.0,3250.0,3257.0,3239.8,3251.5,42259875,3576.6,2926.4,4322.95,2866.6,3247.2,60,4,3247.1,18,3,3247.0,42,4,3246.9,106,4,3246.8,77,5,3247.4,9,2,3248.3,1,1,3248.4,27,4,3248.6,13,1,3248.7,15,1
11536,2025-12-30 11:23:37+05:30,3247.2,111,3249.55,491198,102267.0,118479.0,3250.0,3257.0,3239.8,3251.5,42259875,3576.6,2926.4,4322.95,2866.6,3247.2,60,4,3247.1,18,3,3247.0,42,4,3246.9,106,4,3246.8,77,5,3247.4,9,2,3248.3,1,1,3248.4,27,4,3248.6,13,1,3248.7,15,1
11536,2025-12-30 11:23:38+05:30,3247.2,111,3249.55,491369,102346.0,120168.0,3250.0,3257.0,3239.8,3251.5,42259875,3576.6,2926.4,4322.95,2866.6,3247.2,16,2,3247.1,23,1,3247.0,36,3,3246.9,60,3,3246.8,61,4,3247.4,33,6,3248.2,15,1,3248.3,1,1,3248.4,9,3,3248.6,13,1
11536,2025-12-30 11:23:38+05:30,3247.1,14,3249.55,491369,102346.0,120168.0,3250.0,3257.0,3239.8,3251.5,42259875,3576.6,2926.4,4322.95,2866.6,3247.2,16,2,3247.1,23,1,3247.0,36,3,3246.9,60,3,3246.8,61,4,3247.4,33,6,3248.2,15,1,3248.3,1,1,3248.4,9,3,3248.6,13,1
11536,2025-12-30 11:23:39+05:30,3247.2,2,3249.55,491546,102151.0,120407.0,3250.0,3257.0,3239.8,3251.5,42259875,3576.6,2926.4,4322.95,2866.6,3247.1,15,1,3247.0,32,3,3246.8,58,4,3246.7,26,2,3246.6,161,9,3247.2,10,4,3247.4,24,4,3248.2,15,1,3248.3,1,1,3248.4,1,1
11536,2025-12-30 11:23:39+05:30,3247.1,1,3249.55,491546,102151.0,120407.0,3250.0,3257.0,3239.8,3251.5,42259875,3576.6,2926.4,4322.95,2866.6,3247.1,15,1,3247.0,32,3,3246.8,58,4,3246.7,26,2,3246.6,161,9,3247.2,10,4,3247.4,24,4,3248.2,15,1,3248.3,1,1,3248.4,1,1
11536,2025-12-30 11:23:40+05:30,3247.1,38,3249.55,491611,101754.0,119067.0,3250.0,3257.0,3239.8,3251.5,42259875,3576.6,2926.4,4322.95,2866.6,3247.1,10,1,3247.0,23,2,3246.8,12,1,3246.7,49,2,3246.6,115,8,3247.2,30,9,3247.4,4,2,3248.2,17,2,3248.6,38,2,3248.7,91,1
11536,2025-12-30 11:23:40+05:30,3247.0,18,3249.55,491611,101754.0,119067.0,3250.0,3257.0,3239.8,3251.5,42259875,3576.6,2926.4,4322.95,2866.6,3247.1,10,1,3247.0,23,2,3246.8,12,1,3246.7,49,2,3246.6,115,8,3247.2,30,9,3247.4,4,2,3248.2,17,2,3248.6,38,2,3248.7,91,1
11536,2025-12-30 11:23:41+05:30,3246.9,4,3249.55,491683,100006.0,120505.0,3250.0,3257.0,3239.8,3251.5,42259875,3576.6,2926.4,4322.95,2866.6,3246.9,39,4,3246.8,73,4,3246.7,29,3,3246.6,146,10,3246.5,65,5,3247.2,29,13,3248.5,19,2,3248.6,34,2,3248.7,126,2,3248.8,137,3
11536,2025-12-30 11:23:41+05:30,3246.9,8,3249.55,491683,100006.0,120505.0,3250.0,3257.0,3239.8,3251.5,42259875,3576.6,2926.4,4322.95,2866.6,3246.9,39,4,3246.8,73,4,3246.7,29,3,3246.6,146,10,3246.5,65,5,3247.2,29,13,3248.5,19,2,3248.6,34,2,3248.7,126,2,3248.8,137,3
11536,2025-12-30 11:23:42+05:30,3247.2,1,3249.55,491837,100953.0,118471.0,3250.0,3257.0,3239.8,3251.5,42259875,3576.6,2926.4,4322.95,2866.6,3247.2,102,5,3247.1,20,4,3247.0,195,5,3246.9,302,8,3246.8,116,7,3248.5,44,3,3248.7,27,1,3248.8,13,1,3248.9,17,1,3249.1,11,1
11536,2025-12-30 11:23:42+05:30,3247.2,1,3249.55,491837,100953.0,118471.0,3250.0,3257.0,3239.8,3251.5,42259875,3576.6,2926.4,4322.95,2866.6,3247.2,102,5,3247.1,20,4,3247.0,195,5,3246.9,302,8,3246.8,116,7,3248.5,44,3,3248.7,27,1,3248.8,13,1,3248.9,17,1,3249.1,11,1
11536,2025-12-30 11:23:43+05:30,3247.7,1,3249.55,491838,101177.0,118712.0,3250.0,3257.0,3239.8,3251.5,42259875,3576.6,2926.4,4322.95,2866.6,3247.7,1,1,3247.4,22,1,3247.3,2,1,3247.2,166,7,3247.1,81,5,3248.4,33,3,3248.5,15,3,3248.8,13,1,3248.9,17,1,3249.1,11,1
11536,2025-12-30 11:23:43+05:30,3247.7,1,3249.55,491838,101177.0,118712.0,3250.0,3257.0,3239.8,3251.5,42259875,3576.6,2926.4,4322.95,2866.6,3247.7,1,1,3247.4,22,1,3247.3,2,1,3247.2,166,7,3247.1,81,5,3248.4,33,3,3248.5,15,3,3248.8,13,1,3248.9,17,1,3249.1,11,1
11536,2025-12-30 11:23:44+05:30,3247.7,1,3249.55,491838,101186.0,118738.0,3250.0,3257.0,3239.8,3251.5,42259875,3576.6,2926.4,4322.95,2866.6,3247.7,1,1,3247.6,15,1,3247.4,22,1,3247.3,2,1,3247.2,92,4,3248.4,35,5,3248.5,15,3,3248.8,24,2,3248.9,17,1,3249.0,20,2
11536,2025-12-30 11:23:44+05:30,3247.7,2,3249.55,491838,101186.0,118738.0,3250.0,3257.0,3239.8,3251.5,42259875,3576.6,2926.4,4322.95,2866.6,3247.7,1,1,3247.6,15,1,3247.4,22,1,3247.3,2,1,3247.2,92,4,3248.4,35,5,3248.5,15,3,3248.8,24,2,3248.9,17,1,3249.0,20,2
11536,2025-12-30 11:23:45+05:30,3247.6,1,3249.55,491842,100578.0,119515.0,3250.0,3257.0,3239.8,3251.5,42259875,3576.6,2926.4,4322.95,2866.6,3247.6,14,1,3247.2,70,2,3247.1,5,1,3247.0,40,4,3246.9,46,2,3247.7,2,2,3248.1,15,1,3248.2,17,1,3248.3,2,1,3248.4,16,3
11536,2025-12-30 11:23:45+05:30,3247.6,1,3249.55,491842,100578.0,119515.0,3250.0,3257.0,3239.8,3251.5,42259875,3576.6,2926.4,4322.95,2866.6,3247.6,14,1,3247.2,70,2,3247.1,5,1,3247.0,40,4,3246.9,46,2,3247.7,2,2,3248.1,15,1,3248.2,17,1,3248.3,2,1,3248.4,16,3
11536,2025-12-30 11:23:46+05:30,3247.7,1,3249.55,491853,100703.0,121014.0,3250.0,3257.0,3239.8,3251.5,42259875,3576.6,2926.4,4322.95,2866.6,3247.2,53,2,3247.1,5,1,3247.0,26,3,3246.9,17,2,3246.8,50,3,3247.7,5,4,3248.1,15,1,3248.2,17,1,3248.3,2,1,3248.4,15,2
11536,2025-12-30 11:23:46+05:30,3247.2,41,3249.55,491853,100703.0,121014.0,3250.0,3257.0,3239.8,3251.5,42259875,3576.6,2926.4,4322.95,2866.6,3247.2,53,2,3247.1,5,1,3247.0,26,3,3246.9,17,2,3246.8,50,3,3247.7,5,4,3248.1,15,1,3248.2,17,1,3248.3,2,1,3248.4,15,2
11536,2025-12-30 11:23:47+05:30,3247.2,1,3249.55,491944,100868.0,120690.0,3250.0,3257.0,3239.8,3251.5,42259875,3576.6,2926.4,4322.95,2866.6,3247.2,15,2,3247.1,5,1,3247.0,40,4,3246.8,40,3,3246.7,71,4,3247.7,8,6,3247.9,15,1,3248.0,21,2,3248.1,4,1,3248.2,2,1
11536,2025-12-30 11:23:47+05:30,3247.2,3,3249.55,491944,100868.0,120690.0,3250.0,3257.0,3239.8,3251.5,42259875,3576.6,2926.4,4322.95,2866.6,3247.2,15,2,3247.1,5,1,3247.0,40,4,3246.8,40,3,3246.7,71,4,3247.7,8,6,3247.9,15,1,3248.0,21,2,3248.1,4,1,3248.2,2,1
11536,2025-12-30 11:23:48+05:30,3248.0,12,3249.55,492023,100631.0,119622.0,3250.0,3257.0,3239.8,3251.5,42259875,3576.6,2926.4,4322.95,2866.6,3247.3,12,2,3247.2,37,3,3247.1,83,3,3247.0,147,6,3246.9,61,1,3248.3,4,1,3248.4,6,1,3248.5,16,2,3248.6,20,1,3248.7,11,1
11536,2025-12-30 11:23:48+05:30,3248.0,12,3249.55,492023,100631.0,119622.0,3250.0,3257.0,3239.8,3251.5,42259875,3576.6,2926.4,4322.95,2866.6,3247.3,12,2,3247.2,37,3,3247.1,83,3,3247.0,147,6,3246.9,61,1,3248.3,4,1,3248.4,6,1,3248.5,16,2,3248.6,20,1,3248.7,11,1
11536,2025-12-30 11:23:49+05:30,3248.0,12,3249.55,492023,99557.0,120072.0,3250.0,3257.0,3239.8,3251.5,42259875,3576.6,2926.4,4322.95,2866.6,3247.3,12,2,3247.2,21,2,3247.1,66,2,3247.0,101,5,3246.9,78,2,3248.0,6,1,3248.1,17,1,3248.3,9,3,3248.4,282,1,3248.5,16,2
11536,2025-12-30 11:23:50+05:30,3248.0,12,3249.55,492023,100941.0,120060.0,3250.0,3257.0,3239.8,3251.5,42259875,3576.6,2926.4,4322.95,2866.6,3247.7,11,1,3247.3,1,1,3247.2,21,2,3247.1,5,1,3247.0,87,4,3248.0,6,1,3248.1,17,1,3248.3,9,3,3248.4,282,1,3248.5,16,2
11536,2025-12-30 11:23:50+05:30,3247.7,3,3249.55,492023,100941.0,120060.0,3250.0,3257.0,3239.8,3251.5,42259875,3576.6,2926.4,4322.95,2866.6,3247.7,11,1,3247.3,1,1,3247.2,21,2,3247.1,5,1,3247.0,87,4,3248.0,6,1,3248.1,17,1,3248.3,9,3,3248.4,282,1,3248.5,16,2
11536,2025-12-30 11:23:51+05:30,3248.0,1,3249.55,492054,99511.0,119990.0,3250.0,3257.0,3239.8,3251.5,42259875,3576.6,2926.4,4322.95,2866.6,3247.7,12,1,3247.3,1,1,3247.2,21,2,3247.1,5,1,3247.0,87,4,3248.0,3,3,3248.1,17,1,3248.3,2,1,3248.4,282,1,3248.5,12,1
11536,2025-12-30 11:23:51+05:30,3248.5,1,3249.55,492054,99511.0,119990.0,3250.0,3257.0,3239.8,3251.5,42259875,3576.6,2926.4,4322.95,2866.6,3247.7,12,1,3247.3,1,1,3247.2,21,2,3247.1,5,1,3247.0,87,4,3248.0,3,3,3248.1,17,1,3248.3,2,1,3248.4,282,1,3248.5,12,1
11536,2025-12-30 11:23:52+05:30,3248.5,1,3249.54,492164,101593.0,119394.0,3250.0,3257.0,3239.8,3251.5,42259875,3576.6,2926.4,4322.95,2866.6,3247.9,1,1,3247.3,18,2,3247.2,21,2,3247.1,197,3,3247.0,115,5,3248.4,23,3,3248.5,14,2,3248.6,4,1,3248.7,293,2,3248.8,46,3
11536,2025-12-30 11:23:53+05:30,3248.5,1,3249.54,492164,101782.0,119359.0,3250.0,3257.0,3239.8,3251.5,42259875,3576.6,2926.4,4322.95,2866.6,3247.9,1,1,3247.3,18,2,3247.2,31,3,3247.1,197,3,3247.0,141,6,3248.4,32,4,3248.5,14,2,3248.6,4,1,3248.7,293,2,3248.8,30,2
11536,2025-12-30 11:23:54+05:30,3248.3,29,3249.54,492231,102466.0,119330.0,3250.0,3257.0,3239.8,3251.5,42259875,3576.6,2926.4,4322.95,2866.6,3248.3,15,1,3247.9,47,1,3247.4,21,1,3247.3,79,3,3247.2,31,3,3248.4,27,2,3248.6,282,1,3248.7,11,1,3248.8,13,1,3248.9,32,2
11536,2025-12-30 11:23:54+05:30,3248.3,29,3249.54,492231,102466.0,119330.0,3250.0,3257.0,3239.8,3251.5,42259875,3576.6,2926.4,4322.95,2866.6,3248.3,15,1,3247.9,47,1,3247.4,21,1,3247.3,79,3,3247.2,31,3,3248.4,27,2,3248.6,282,1,3248.7,11,1,3248.8,13,1,3248.9,32,2
11536,2025-12-30 11:23:55+05:30,3248.3,14,3249.54,492246,102368.0,118898.0,3250.0,3257.0,3239.8,3251.5,42259875,3576.6,2926.4,4322.95,2866.6,3248.3,1,1,3247.9,47,1,3247.4,21,1,3247.3,79,3,3247.2,77,4,3248.4,27,3,3248.6,34,3,3248.7,11,1,3248.8,13,1,3248.9,32,2
11536,2025-12-30 11:23:55+05:30,3248.3,14,3249.54,492246,102368.0,118898.0,3250.0,3257.0,3239.8,3251.5,42259875,3576.6,2926.4,4322.95,2866.6,3248.3,1,1,3247.9,47,1,3247.4,21,1,3247.3,79,3,3247.2,77,4,3248.4,27,3,3248.6,34,3,3248.7,11,1,3248.8,13,1,3248.9,32,2
11536,2025-12-30 11:23:56+05:30,3248.3,14,3249.54,492246,102473.0,118873.0,3250.0,3257.0,3239.8,3251.5,42259875,3576.6,2926.4,4322.95,2866.6,3248.3,2,2,3247.9,47,1,3247.6,20,1,3247.4,21,1,3247.3,79,3,3248.4,29,5,3248.6,34,3,3248.7,11,1,3248.8,13,1,3248.9,32,2
11536,2025-12-30 11:23:56+05:30,3247.9,47,3249.54,492246,102473.0,118873.0,3250.0,3257.0,3239.8,3251.5,42259875,3576.6,2926.4,4322.95,2866.6,3248.3,2,2,3247.9,47,1,3247.6,20,1,3247.4,21,1,3247.3,79,3,3248.4,29,5,3248.6,34,3,3248.7,11,1,3248.8,13,1,3248.9,32,2
11536,2025-12-30 11:23:57+05:30,3248.1,5,3249.54,492348,102534.0,118953.0,3250.0,3257.0,3239.8,3251.5,42259875,3576.6,2926.4,4322.95,2866.6,3248.1,4,1,3247.4,22,1,3247.3,19,3,3247.2,109,5,3247.1,107,5,3248.3,4,3,3248.4,25,2,3248.6,21,2,3248.7,18,2,3248.8,44,4
11536,2025-12-30 11:23:57+05:30,3248.1,5,3249.54,492348,102534.0,118953.0,3250.0,3257.0,3239.8,3251.5,42259875,3576.6,2926.4,4322.95,2866.6,3248.1,4,1,3247.4,22,1,3247.3,19,3,3247.2,109,5,3247.1,107,5,3248.3,4,3,3248.4,25,2,3248.6,21,2,3248.7,18,2,3248.8,44,4
11536,2025-12-30 11:23:58+05:30,3248.1,5,3249.54,492348,101055.0,120625.0,3250.0,3257.0,3239.8,3251.5,42259875,3576.6,2926.4,4322.95,2866.6,3247.3,15,3,3247.2,38,3,3247.1,44,3,3247.0,26,3,3246.9,193,4,3248.1,1,1,3248.3,9,5,3248.4,25,2,3248.6,14,2,3248.7,16,2
11536,2025-12-30 11:23:58+05:30,3247.3,1,3249.54,492348,101055.0,120625.0,3250.0,3257.0,3239.8,3251.5,42259875,3576.6,2926.4,4322.95,2866.6,3247.3,15,3,3247.2,38,3,3247.1,44,3,3247.0,26,3,3246.9,193,4,3248.1,1,1,3248.3,9,5,3248.4,25,2,3248.6,14,2,3248.7,16,2
11536,2025-12-30 11:23:59+05:30,3247.3,1,3249.54,492365,100904.0,120625.0,3250.0,3257.0,3239.8,3251.5,42259875,3576.6,2926.4,4322.95,2866.6,3247.3,19,3,3247.2,38,3,3247.1,30,2,3247.0,26,3,3246.9,45,3,3248.1,3,3,3248.3,6,3,3248.4,24,1,3248.5,33,2,3248.6,14,2
11536,2025-12-30 11:23:59+05:30,3247.3,1,3249.54,492365,100904.0,120625.0,3250.0,3257.0,3239.8,3251.5,42259875,3576.6,2926.4,4322.95,2866.6,3247.3,19,3,3247.2,38,3,3247.1,30,2,3247.0,26,3,3246.9,45,3,3248.1,3,3,3248.3,6,3,3248.4,24,1,3248.5,33,2,3248.6,14,2
11536,2025-12-30 11:24:00+05:30,3247.3,1,3249.54,492394,100889.0,121053.0,3250.0,3257.0,3239.8,3251.5,42259875,3576.6,2926.4,4322.95,2866.6,3247.3,20,3,3247.2,22,2,3247.1,30,2,3247.0,26,3,3246.9,212,5,3248.1,5,5,3248.3,2,1,3248.4,24,1,3248.5,17,1,3248.6,14,2
11536,2025-12-30 11:24:00+05:30,3248.1,1,3249.54,492394,100889.0,121053.0,3250.0,3257.0,3239.8,3251.5,42259875,3576.6,2926.4,4322.95,2866.6,3247.3,20,3,3247.2,22,2,3247.1,30,2,3247.0,26,3,3246.9,212,5,3248.1,5,5,3248.3,2,1,3248.4,24,1,3248.5,17,1,3248.6,14,2
11536,2025-12-30 11:24:01+05:30,3248.1,1,3249.54,492416,100987.0,121102.0,3250.0,3257.0,3239.8,3251.5,42259875,3576.6,2926.4,4322.95,2866.6,3247.3,20,3,3247.2,22,2,3247.1,30,2,3247.0,26,3,3246.9,212,5,3248.1,7,7,3248.4,24,1,3248.5,17,1,3248.6,14,2,3248.7,14,1
11536,2025-12-30 11:24:01+05:30,3247.3,1,3249.54,492416,100987.0,121102.0,3250.0,3257.0,3239.8,3251.5,42259875,3576.6,2926.4,4322.95,2866.6,3247.3,20,3,3247.2,22,2,3247.1,30,2,3247.0,26,3,3246.9,212,5,3248.1,7,7,3248.4,24,1,3248.5,17,1,3248.6,14,2,3248.7,14,1
11536,2025-12-30 11:24:02+05:30,3247.3,1,3249.54,492425,101033.0,121128.0,3250.0,3257.0,3239.8,3251.5,42259875,3576.6,2926.4,4322.95,2866.6,3247.4,1,1,3247.3,12,3,3247.2,22,2,3247.1,30,2,3247.0,26,3,3248.1,21,8,3248.4,42,2,3248.5,12,1,3248.6,14,2,3248.7,37,3
11536,2025-12-30 11:24:02+05:30,3247.4,5,3249.54,492425,101033.0,121128.0,3250.0,3257.0,3239.8,3251.5,42259875,3576.6,2926.4,4322.95,2866.6,3247.4,1,1,3247.3,12,3,3247.2,22,2,3247.1,30,2,3247.0,26,3,3248.1,21,8,3248.4,42,2,3248.5,12,1,3248.6,14,2,3248.7,37,3
11536,2025-12-30 11:24:03+05:30,3247.4,5,3249.54,492436,100998.0,121666.0,3250.0,3257.0,3239.8,3251.5,42259875,3576.6,2926.4,4322.95,2866.6,3247.3,12,3,3247.2,17,2,3247.1,5,1,3247.0,7,3,3246.9,53,5,3247.4,3,3,3248.1,18,5,3248.4,44,3,3248.5,12,1,3248.6,14,2
11536,2025-12-30 11:24:03+05:30,3247.3,3,3249.54,492436,100998.0,121666.0,3250.0,3257.0,3239.8,3251.5,42259875,3576.6,2926.4,4322.95,2866.6,3247.3,12,3,3247.2,17,2,3247.1,5,1,3247.0,7,3,3246.9,53,5,3247.4,3,3,3248.1,18,5,3248.4,44,3,3248.5,12,1,3248.6,14,2
11536,2025-12-30 11:24:04+05:30,3247.3,3,3249.54,492440,100995.0,121642.0,3250.0,3257.0,3239.8,3251.5,42259875,3576.6,2926.4,4322.95,2866.6,3247.3,9,3,3247.2,17,2,3247.1,5,1,3247.0,7,3,3246.9,83,6,3247.4,19,6,3248.1,2,2,3248.4,44,3,3248.5,12,1,3248.6,14,2
11536,2025-12-30 11:24:04+05:30,3247.3,3,3249.54,492440,100995.0,121642.0,3250.0,3257.0,3239.8,3251.5,42259875,3576.6,2926.4,4322.95,2866.6,3247.3,9,3,3247.2,17,2,3247.1,5,1,3247.0,7,3,3246.9,83,6,3247.4,19,6,3248.1,2,2,3248.4,44,3,3248.5,12,1,3248.6,14,2
11536,2025-12-30 11:24:05+05:30,3247.3,1,3249.54,492449,100828.0,121411.0,3250.0,3257.0,3239.8,3251.5,42259875,3576.6,2926.4,4322.95,2866.6,3247.3,66,4,3247.2,17,2,3247.1,5,1,3247.0,7,3,3246.9,67,5,3247.4,57,7,3248.0,1,1,3248.2,18,1,3248.4,2,1,3248.5,12,1
11536,2025-12-30 11:24:05+05:30,3247.3,1,3249.54,492449,100828.0,121411.0,3250.0,3257.0,3239.8,3251.5,42259875,3576.6,2926.4,4322.95,2866.6,3247.3,66,4,3247.2,17,2,3247.1,5,1,3247.0,7,3,3246.9,67,5,3247.4,57,7,3248.0,1,1,3248.2,18,1,3248.4,2,1,3248.5,12,1
11536,2025-12-30 11:24:06+05:30,3247.3,1,3249.54,492451,100828.0,121412.0,3250.0,3257.0,3239.8,3251.5,42259875,3576.6,2926.4,4322.95,2866.6,3247.3,62,3,3247.2,4,2,3247.1,5,1,3247.0,7,3,3246.9,53,4,3247.4,58,8,3248.0,1,1,3248.2,18,1,3248.4,2,1,3248.5,12,1
11536,2025-12-30 11:24:06+05:30,3247.3,6,3249.54,492451,100828.0,121412.0,3250.0,3257.0,3239.8,3251.5,42259875,3576.6,2926.4,4322.95,2866.6,3247.3,62,3,3247.2,4,2,3247.1,5,1,3247.0,7,3,3246.9,53,4,3247.4,58,8,3248.0,1,1,3248.2,18,1,3248.4,2,1,3248.5,12,1
11536,2025-12-30 11:24:07+05:30,3247.3,1,3249.54,492531,100834.0,121422.0,3250.0,3257.0,3239.8,3251.5,42259875,3576.6,2926.4,4322.95,2866.6,3247.3,4,2,3247.2,4,2,3247.1,5,1,3247.0,21,4,3246.9,19,2,3247.4,56,6,3248.0,1,1,3248.2,18,1,3248.4,2,1,3248.5,12,1
11536,2025-12-30 11:24:07+05:30,3247.3,1,3249.54,492531,100834.0,121422.0,3250.0,3257.0,3239.8,3251.5,42259875,3576.6,2926.4,4322.95,2866.6,3247.3,4,2,3247.2,4,2,3247.1,5,1,3247.0,21,4,3246.9,19,2,3247.4,56,6,3248.0,1,1,3248.2,18,1,3248.4,2,1,3248.5,12,1
11536,2025-12-30 11:24:08+05:30,3247.3,1,3249.54,492533,100794.0,121425.0,3250.0,3257.0,3239.8,3251.5,42259875,3576.6,2926.4,4322.95,2866.6,3247.3,5,3,3247.2,1,1,3247.1,5,1,3247.0,21,4,3246.9,19,2,3247.4,59,6,3248.0,1,1,3248.2,18,1,3248.4,2,1,3248.5,12,1
11536,2025-12-30 11:24:08+05:30,3247.3,1,3249.54,492533,100794.0,121425.0,3250.0,3257.0,3239.8,3251.5,42259875,3576.6,2926.4,4322.95,2866.6,3247.3,5,3,3247.2,1,1,3247.1,5,1,3247.0,21,4,3246.9,19,2,3247.4,59,6,3248.0,1,1,3248.2,18,1,3248.4,2,1,3248.5,12,1
11536,2025-12-30 11:24:09+05:30,3247.4,8,3249.54,492571,100548.0,122030.0,3250.0,3257.0,3239.8,3251.5,42259875,3576.6,2926.4,4322.95,2866.6,3247.3,14,3,3247.2,1,1,3247.1,5,1,3247.0,7,3,3246.8,22,1,3247.4,23,5,3248.0,1,1,3248.2,18,1,3248.3,3,1,3248.4,2,1
11536,2025-12-30 11:24:09+05:30,3247.3,5,3249.54,492571,100548.0,122030.0,3250.0,3257.0,3239.8,3251.5,42259875,3576.6,2926.4,4322.95,2866.6,3247.3,14,3,3247.2,1,1,3247.1,5,1,3247.0,7,3,3246.8,22,1,3247.4,23,5,3248.0,1,1,3248.2,18,1,3248.3,3,1,3248.4,2,1
11536,2025-12-30 11:24:10+05:30,3247.4,1,3249.54,492625,100466.0,120000.0,3250.0,3257.0,3239.8,3251.5,42259875,3576.6,2926.4,4322.95,2866.6,3247.3,62,3,3247.2,1,1,3247.1,5,1,3247.0,7,3,3246.8,35,2,3247.4,9,7,3248.0,1,1,3248.2,18,1,3248.3,3,1,3248.4,2,1
11536,2025-12-30 11:24:10+05:30,3247.3,6,3249.54,492625,100466.0,120000.0,3250.0,3257.0,3239.8,3251.5,42259875,3576.6,2926.4,4322.95,2866.6,3247.3,62,3,3247.2,1,1,3247.1,5,1,3247.0,7,3,3246.8,35,2,3247.4,9,7,3248.0,1,1,3248.2,18,1,3248.3,3,1,3248.4,2,1
11536,2025-12-30 11:24:11+05:30,3247.3,6,3249.54,492633,100347.0,119718.0,3250.0,3257.0,3239.8,3251.5,42259875,3576.6,2926.4,4322.95,2866.6,3247.3,58,3,3247.2,1,1,3247.1,5,1,3247.0,7,3,3246.8,22,1,3247.4,9,8,3247.9,1,1,3248.0,4,1,3248.2,33,2,3248.3,3,1
11536,2025-12-30 11:24:11+05:30,3247.3,1,3249.54,492633,100347.0,119718.0,3250.0,3257.0,3239.8,3251.5,42259875,3576.6,2926.4,4322.95,2866.6,3247.3,58,3,3247.2,1,1,3247.1,5,1,3247.0,7,3,3246.8,22,1,3247.4,9,8,3247.9,1,1,3248.0,4,1,3248.2,33,2,3248.3,3,1
11536,2025-12-30 11:24:12+05:30,3247.2,5,3249.54,492706,99772.0,123393.0,3250.0,3257.0,3239.8,3251.5,42259875,3576.6,2926.4,4322.95,2866.6,3247.2,4,1,3247.1,5,1,3247.0,7,3,3246.7,14,2,3246.6,1211,3,3247.4,8,7,3247.6,17,1,3247.7,10,1,3247.8,10,1,3247.9,22,2
11536,2025-12-30 11:24:12+05:30,3247.4,1,3249.54,492706,99772.0,123393.0,3250.0,3257.0,3239.8,3251.5,42259875,3576.6,2926.4,4322.95,2866.6,3247.2,4,1,3247.1,5,1,3247.0,7,3,3246.7,14,2,3246.6,1211,3,3247.4,8,7,3247.6,17,1,3247.7,10,1,3247.8,10,1,3247.9,22,2
11536,2025-12-30 11:24:13+05:30,3247.2,2,3249.54,492720,99814.0,123727.0,3250.0,3257.0,3239.8,3251.5,42259875,3576.6,2926.4,4322.95,2866.6,3247.2,55,2,3247.1,5,1,3247.0,7,3,3246.7,60,3,3246.6,1211,3,3247.4,10,9,3247.6,17,1,3247.7,12,1,3247.9,8,1,3248.0,17,3
11536,2025-12-30 11:24:13+05:30,3247.4,1,3249.54,492720,99814.0,123727.0,3250.0,3257.0,3239.8,3251.5,42259875,3576.6,2926.4,4322.95,2866.6,3247.2,55,2,3247.1,5,1,3247.0,7,3,3246.7,60,3,3246.6,1211,3,3247.4,10,9,3247.6,17,1,3247.7,12,1,3247.9,8,1,3248.0,17,3
11536,2025-12-30 11:24:14+05:30,3247.2,20,3249.54,492741,99812.0,123263.0,3250.0,3257.0,3239.8,3251.5,42259875,3576.6,2926.4,4322.95,2866.6,3247.2,35,2,3247.1,5,1,3247.0,7,3,3246.7,14,2,3246.6,1257,4,3247.4,10,10,3247.6,17,1,3247.7,12,1,3247.9,8,1,3248.0,17,3
11536,2025-12-30 11:24:14+05:30,3247.2,6,3249.54,492741,99812.0,123263.0,3250.0,3257.0,3239.8,3251.5,42259875,3576.6,2926.4,4322.95,2866.6,3247.2,35,2,3247.1,5,1,3247.0,7,3,3246.7,14,2,3246.6,1257,4,3247.4,10,10,3247.6,17,1,3247.7,12,1,3247.9,8,1,3248.0,17,3
11536,2025-12-30 11:24:14+05:30,3247.2,8,3249.54,492761,99792.0,123262.0,3250.0,3257.0,3239.8,3251.5,42259875,3576.6,2926.4,4322.95,2866.6,3247.2,16,2,3247.1,5,1,3247.0,6,2,3246.7,60,3,3246.6,1211,3,3247.4,9,9,3247.6,17,1,3247.7,12,1,3247.9,8,1,3248.0,17,3
11536,2025-12-30 11:24:15+05:30,3248.4,6,3249.54,492761,99792.0,123262.0,3250.0,3257.0,3239.8,3251.5,42259875,3576.6,2926.4,4322.95,2866.6,3247.2,16,2,3247.1,5,1,3247.0,6,2,3246.7,60,3,3246.6,1211,3,3247.4,9,9,3247.6,17,1,3247.7,12,1,3247.9,8,1,3248.0,17,3
11536,2025-12-30 11:24:16+05:30,3248.4,6,3249.54,492893,100294.0,122073.0,3250.0,3257.0,3239.8,3251.5,42259875,3576.6,2926.4,4322.95,2866.6,3247.3,4,1,3247.2,64,3,3247.1,5,1,3247.0,6,2,3246.9,61,1,3248.1,21,2,3248.2,14,3,3248.3,10,1,3248.4,10,1,3248.5,28,2
11536,2025-12-30 11:24:16+05:30,3247.3,9,3249.54,492893,100294.0,122073.0,3250.0,3257.0,3239.8,3251.5,42259875,3576.6,2926.4,4322.95,2866.6,3247.3,4,1,3247.2,64,3,3247.1,5,1,3247.0,6,2,3246.9,61,1,3248.1,21,2,3248.2,14,3,3248.3,10,1,3248.4,10,1,3248.5,28,2
11536,2025-12-30 11:24:16+05:30,3247.3,9,3249.54,492905,99943.0,123043.0,3250.0,3257.0,3239.8,3251.5,42259875,3576.6,2926.4,4322.95,2866.6,3247.2,64,3,3247.1,5,1,3247.0,6,2,3246.7,45,3,3246.6,1211,3,3247.3,8,1,3247.9,17,1,3248.0,11,1,3248.1,302,6,3248.2,4,1
11536,2025-12-30 11:24:17+05:30,3247.3,9,3249.54,492905,99754.0,123212.0,3250.0,3257.0,3239.8,3251.5,42259875,3576.6,2926.4,4322.95,2866.6,3247.2,64,3,3247.1,5,1,3247.0,6,2,3246.7,45,3,3246.6,1226,4,3247.3,10,3,3247.9,17,1,3248.0,11,1,3248.1,302,6,3248.2,4,1
11536,2025-12-30 11:24:18+05:30,3247.2,14,3249.54,492905,99754.0,123212.0,3250.0,3257.0,3239.8,3251.5,42259875,3576.6,2926.4,4322.95,2866.6,3247.2,64,3,3247.1,5,1,3247.0,6,2,3246.7,45,3,3246.6,1226,4,3247.3,10,3,3247.9,17,1,3248.0,11,1,3248.1,302,6,3248.2,4,1
11536,2025-12-30 11:24:18+05:30,3247.2,14,3249.54,493012,99648.0,123363.0,3250.0,3257.0,3239.8,3251.5,42259875,3576.6,2926.4,4322.95,2866.6,3247.2,6,1,3247.1,5,1,3247.0,6,2,3246.7,45,3,3246.6,1226,4,3247.3,5,4,3247.8,36,3,3247.9,11,1,3248.0,100,1,3248.1,321,6
11536,2025-12-30 11:24:19+05:30,3247.1,1,3249.54,493012,99648.0,123363.0,3250.0,3257.0,3239.8,3251.5,42259875,3576.6,2926.4,4322.95,2866.6,3247.2,6,1,3247.1,5,1,3247.0,6,2,3246.7,45,3,3246.6,1226,4,3247.3,5,4,3247.8,36,3,3247.9,11,1,3248.0,100,1,3248.1,321,6
11536,2025-12-30 11:24:19+05:30,3247.1,1,3249.54,493035,99663.0,123524.0,3250.0,3257.0,3239.8,3251.5,42259875,3576.6,2926.4,4322.95,2866.6,3247.1,4,1,3247.0,6,2,3246.7,45,3,3246.6,1226,4,3246.5,92,6,3247.3,11,8,3247.8,36,3,3247.9,11,1,3248.0,100,1,3248.1,319,5
11536,2025-12-30 11:24:20+05:30,3247.1,12,3249.54,493035,99663.0,123524.0,3250.0,3257.0,3239.8,3251.5,42259875,3576.6,2926.4,4322.95,2866.6,3247.1,4,1,3247.0,6,2,3246.7,45,3,3246.6,1226,4,3246.5,92,6,3247.3,11,8,3247.8,36,3,3247.9,11,1,3248.0,100,1,3248.1,319,5
11536,2025-12-30 11:24:20+05:30,3247.1,12,3249.54,493049,99613.0,123497.0,3250.0,3257.0,3239.8,3251.5,42259875,3576.6,2926.4,4322.95,2866.6,3247.1,5,1,3247.0,6,2,3246.7,45,3,3246.6,1206,3,3246.5,92,6,3247.3,11,9,3247.7,22,1,3247.8,24,3,3247.9,186,3,3248.0,110,2
11536,2025-12-30 11:24:21+05:30,3247.0,1,3249.54,493077,99292.0,123447.0,3250.0,3257.0,3239.8,3251.5,42259875,3576.6,2926.4,4322.95,2866.6,3247.0,5,2,3246.7,45,3,3246.6,1206,3,3246.5,92,6,3246.4,81,4,3247.1,3,3,3247.3,7,6,3247.5,12,1,3247.7,31,2,3247.8,39,4
11536,2025-12-30 11:24:21+05:30,3247.0,1,3249.54,493077,99292.0,123447.0,3250.0,3257.0,3239.8,3251.5,42259875,3576.6,2926.4,4322.95,2866.6,3247.0,5,2,3246.7,45,3,3246.6,1206,3,3246.5,92,6,3246.4,81,4,3247.1,3,3,3247.3,7,6,3247.5,12,1,3247.7,31,2,3247.8,39,4
11536,2025-12-30 11:24:22+05:30,3247.0,2,3249.54,493092,99282.0,123500.0,3250.0,3257.0,3239.8,3251.5,42259875,3576.6,2926.4,4322.95,2866.6,3247.0,55,3,3246.7,45,3,3246.6,1206,3,3246.5,92,6,3246.4,65,3,3247.1,5,5,3247.3,3,3,3247.6,12,1,3247.7,22,1,3247.8,24,3
11536,2025-12-30 11:24:22+05:30,3247.1,14,3249.54,493092,99282.0,123500.0,3250.0,3257.0,3239.8,3251.5,42259875,3576.6,2926.4,4322.95,2866.6,3247.0,55,3,3246.7,45,3,3246.6,1206,3,3246.5,92,6,3246.4,65,3,3247.1,5,5,3247.3,3,3,3247.6,12,1,3247.7,22,1,3247.8,24,3
11536,2025-12-30 11:24:23+05:30,3247.1,14,3249.54,493610,99426.0,121648.0,3250.0,3257.0,3239.8,3251.5,42259875,3576.6,2926.4,4322.95,2866.6,3247.2,13,1,3247.0,55,3,3246.7,45,3,3246.6,1272,5,3246.5,95,7,3247.8,52,5,3247.9,16,1,3248.0,22,2,3248.1,15,1,3248.2,11,1
11536,2025-12-30 11:24:24+05:30,3247.8,1,3249.54,493648,99301.0,122976.0,3250.0,3257.0,3239.8,3251.5,42259875,3576.6,2926.4,4322.95,2866.6,3247.2,13,1,3247.0,55,3,3246.7,45,3,3246.6,1226,4,3246.5,133,8,3247.8,22,5,3247.9,38,2,3248.0,22,2,3248.1,297,2,3248.2,11,1
11536,2025-12-30 11:24:24+05:30,3247.8,1,3249.54,493648,99301.0,122976.0,3250.0,3257.0,3239.8,3251.5,42259875,3576.6,2926.4,4322.95,2866.6,3247.2,13,1,3247.0,55,3,3246.7,45,3,3246.6,1226,4,3246.5,133,8,3247.8,22,5,3247.9,38,2,3248.0,22,2,3248.1,297,2,3248.2,11,1
11536,2025-12-30 11:24:25+05:30,3247.2,13,3249.54,493662,99265.0,123050.0,3250.0,3257.0,3239.8,3251.5,42259875,3576.6,2926.4,4322.95,2866.6,3247.1,15,1,3247.0,55,3,3246.7,45,3,3246.6,1206,3,3246.5,130,7,3247.2,5,3,3247.7,9,1,3247.8,303,6,3247.9,22,1,3248.0,22,2
11536,2025-12-30 11:24:25+05:30,3247.2,13,3249.54,493662,99265.0,123050.0,3250.0,3257.0,3239.8,3251.5,42259875,3576.6,2926.4,4322.95,2866.6,3247.1,15,1,3247.0,55,3,3246.7,45,3,3246.6,1206,3,3246.5,130,7,3247.2,5,3,3247.7,9,1,3247.8,303,6,3247.9,22,1,3248.0,22,2
11536,2025-12-30 11:24:26+05:30,3247.0,33,3249.54,493750,99104.0,123404.0,3250.0,3257.0,3239.8,3251.5,42259875,3576.6,2926.4,4322.95,2866.6,3247.0,41,3,3246.9,15,1,3246.7,45,3,3246.6,1206,3,3246.5,24,5,3247.2,7,5,3247.7,20,2,3247.8,288,3,3247.9,22,1,3248.0,22,2
11536,2025-12-30 11:24:26+05:30,3247.0,2,3249.54,493750,99104.0,123404.0,3250.0,3257.0,3239.8,3251.5,42259875,3576.6,2926.4,4322.95,2866.6,3247.0,41,3,3246.9,15,1,3246.7,45,3,3246.6,1206,3,3246.5,24,5,3247.2,7,5,3247.7,20,2,3247.8,288,3,3247.9,22,1,3248.0,22,2
11536,2025-12-30 11:24:27+05:30,3246.9,1,3249.54,493963,98656.0,124341.0,3250.0,3257.0,3239.8,3251.5,42259875,3576.6,2926.4,4322.95,2866.6,3246.7,14,2,3246.6,1206,3,3246.5,24,5,3246.4,85,5,3246.3,1,1,3246.8,1,1,3247.0,9,3,3247.2,9,6,3247.5,22,1,3247.6,10,1
11536,2025-12-30 11:24:27+05:30,3246.9,1,3249.54,493963,98656.0,124341.0,3250.0,3257.0,3239.8,3251.5,42259875,3576.6,2926.4,4322.95,2866.6,3246.7,14,2,3246.6,1206,3,3246.5,24,5,3246.4,85,5,3246.3,1,1,3246.8,1,1,3247.0,9,3,3247.2,9,6,3247.5,22,1,3247.6,10,1
11536,2025-12-30 11:24:28+05:30,3246.7,12,3249.54,493963,98656.0,124341.0,3250.0,3257.0,3239.8,3251.5,42259875,3576.6,2926.4,4322.95,2866.6,3246.7,14,2,3246.6,1206,3,3246.5,24,5,3246.4,85,5,3246.3,1,1,3246.8,1,1,3247.0,9,3,3247.2,9,6,3247.5,22,1,3247.6,10,1
11536,2025-12-30 11:24:28+05:30,3246.7,12,3249.54,494007,98885.0,124453.0,3250.0,3257.0,3239.8,3251.5,42259875,3576.6,2926.4,4322.95,2866.6,3246.7,37,3,3246.6,1399,4,3246.5,24,5,3246.4,85,5,3246.3,1,1,3246.8,44,5,3247.0,3,2,3247.2,4,3,3247.5,22,1,3247.6,10,1
11536,2025-12-30 11:24:29+05:30,3246.7,1,3249.54,494051,98860.0,124438.0,3250.0,3257.0,3239.8,3251.5,42259875,3576.6,2926.4,4322.95,2866.6,3246.7,10,2,3246.6,1401,5,3246.5,24,5,3246.4,131,6,3246.3,1,1,3246.8,47,7,3247.0,1,1,3247.5,22,1,3247.6,10,1,3247.7,74,4
11536,2025-12-30 11:24:29+05:30,3246.7,1,3249.54,494051,98860.0,124438.0,3250.0,3257.0,3239.8,3251.5,42259875,3576.6,2926.4,4322.95,2866.6,3246.7,10,2,3246.6,1401,5,3246.5,24,5,3246.4,131,6,3246.3,1,1,3246.8,47,7,3247.0,1,1,3247.5,22,1,3247.6,10,1,3247.7,74,4
11536,2025-12-30 11:24:30+05:30,3246.7,6,3249.54,494051,98860.0,124438.0,3250.0,3257.0,3239.8,3251.5,42259875,3576.6,2926.4,4322.95,2866.6,3246.7,10,2,3246.6,1401,5,3246.5,24,5,3246.4,131,6,3246.3,1,1,3246.8,47,7,3247.0,1,1,3247.5,22,1,3247.6,10,1,3247.7,74,4
11536,2025-12-30 11:24:30+05:30,3246.7,6,3249.54,494123,98835.0,124436.0,3250.0,3257.0,3239.8,3251.5,42259875,3576.6,2926.4,4322.95,2866.6,3246.7,8,2,3246.6,1401,5,3246.5,24,5,3246.4,131,6,3246.3,1,1,3246.8,46,11,3247.5,22,1,3247.6,10,1,3247.7,74,4,3247.8,287,2
11536,2025-12-30 11:24:31+05:30,3246.7,4,3249.54,494123,98835.0,124436.0,3250.0,3257.0,3239.8,3251.5,42259875,3576.6,2926.4,4322.95,2866.6,3246.7,8,2,3246.6,1401,5,3246.5,24,5,3246.4,131,6,3246.3,1,1,3246.8,46,11,3247.5,22,1,3247.6,10,1,3247.7,74,4,3247.8,287,2
11536,2025-12-30 11:24:31+05:30,3246.7,4,3249.54,494152,98658.0,124285.0,3250.0,3257.0,3239.8,3251.5,42259875,3576.6,2926.4,4322.95,2866.6,3246.7,2,1,3246.6,1486,6,3246.5,24,5,3246.4,43,2,3246.3,47,2,3246.8,43,13,3247.4,27,1,3247.5,10,1,3247.6,10,1,3247.7,77,5
11536,2025-12-30 11:24:32+05:30,3247.8,2,3249.54,494152,98658.0,124285.0,3250.0,3257.0,3239.8,3251.5,42259875,3576.6,2926.4,4322.95,2866.6,3246.7,2,1,3246.6,1486,6,3246.5,24,5,3246.4,43,2,3246.3,47,2,3246.8,43,13,3247.4,27,1,3247.5,10,1,3247.6,10,1,3247.7,77,5
11536,2025-12-30 11:24:32+05:30,3247.8,2,3249.53,495206,99260.0,120245.0,3250.0,3257.0,3239.8,3251.5,42259875,3576.6,2926.4,4322.95,2866.6,3246.7,11,1,3246.6,1502,7,3246.5,96,7,3246.4,90,5,3246.3,39,2,3247.8,72,3,3247.9,23,3,3248.0,30,3,3248.2,11,1,3248.3,25,3
11536,2025-12-30 11:24:33+05:30,3247.8,1,3249.53,495206,99260.0,120245.0,3250.0,3257.0,3239.8,3251.5,42259875,3576.6,2926.4,4322.95,2866.6,3246.7,11,1,3246.6,1502,7,3246.5,96,7,3246.4,90,5,3246.3,39,2,3247.8,72,3,3247.9,23,3,3248.0,30,3,3248.2,11,1,3248.3,25,3
11536,2025-12-30 11:24:33+05:30,3247.8,1,3249.53,495207,99306.0,120162.0,3250.0,3257.0,3239.8,3251.5,42259875,3576.6,2926.4,4322.95,2866.6,3246.7,11,1,3246.6,1548,8,3246.5,78,7,3246.4,90,5,3246.3,39,2,3247.8,72,4,3247.9,1,1,3248.0,18,2,3248.2,11,1,3248.3,25,3
11536,2025-12-30 11:24:34+05:30,3246.7,31,3249.53,495207,99306.0,120162.0,3250.0,3257.0,3239.8,3251.5,42259875,3576.6,2926.4,4322.95,2866.6,3246.7,11,1,3246.6,1548,8,3246.5,78,7,3246.4,90,5,3246.3,39,2,3247.8,72,4,3247.9,1,1,3248.0,18,2,3248.2,11,1,3248.3,25,3
11536,2025-12-30 11:24:34+05:30,3246.7,31,3249.53,495322,99159.0,122177.0,3250.0,3257.0,3239.8,3251.5,42259875,3576.6,2926.4,4322.95,2866.6,3246.6,1493,7,3246.5,89,8,3246.4,89,5,3246.3,154,7,3246.2,25,3,3246.7,31,1,3247.8,41,3,3248.2,31,2,3248.3,25,3,3248.4,121,5
11536,2025-12-30 11:24:35+05:30,3246.7,1,3249.53,495322,99159.0,122177.0,3250.0,3257.0,3239.8,3251.5,42259875,3576.6,2926.4,4322.95,2866.6,3246.6,1493,7,3246.5,89,8,3246.4,89,5,3246.3,154,7,3246.2,25,3,3246.7,31,1,3247.8,41,3,3248.2,31,2,3248.3,25,3,3248.4,121,5
11536,2025-12-30 11:24:35+05:30,3246.7,1,3249.53,495482,98791.0,122728.0,3250.0,3257.0,3239.8,3251.5,42259875,3576.6,2926.4,4322.95,2866.6,3246.6,1323,6,3246.5,61,7,3246.4,67,4,3246.3,18,2,3246.2,71,4,3246.7,37,5,3247.7,2,1,3247.8,24,1,3248.0,20,1,3248.2,31,2
11536,2025-12-30 11:24:36+05:30,3246.6,77,3249.53,495482,98791.0,122728.0,3250.0,3257.0,3239.8,3251.5,42259875,3576.6,2926.4,4322.95,2866.6,3246.6,1323,6,3246.5,61,7,3246.4,67,4,3246.3,18,2,3246.2,71,4,3246.7,37,5,3247.7,2,1,3247.8,24,1,3248.0,20,1,3248.2,31,2
11536,2025-12-30 11:24:36+05:30,3246.6,77,3249.53,495752,98501.0,122643.0,3250.0,3257.0,3239.8,3251.5,42259875,3576.6,2926.4,4322.95,2866.6,3246.6,1064,7,3246.5,50,6,3246.4,67,4,3246.3,18,2,3246.2,71,4,3246.7,16,6,3247.7,2,1,3247.8,24,1,3248.0,20,1,3248.2,31,2
11536,2025-12-30 11:24:37+05:30,3246.6,35,3249.53,495752,98501.0,122643.0,3250.0,3257.0,3239.8,3251.5,42259875,3576.6,2926.4,4322.95,2866.6,3246.6,1064,7,3246.5,50,6,3246.4,67,4,3246.3,18,2,3246.2,71,4,3246.7,16,6,3247.7,2,1,3247.8,24,1,3248.0,20,1,3248.2,31,2
11536,2025-12-30 11:24:37+05:30,3246.7,2,3249.53,495876,98785.0,122608.0,3250.0,3257.0,3239.8,3251.5,42259875,3576.6,2926.4,4322.95,2866.6,3246.6,1018,7,3246.5,50,6,3246.4,52,3,3246.3,1,1,3246.2,71,4,3246.7,24,7,3246.9,9,1,3247.7,2,1,3247.8,24,1,3247.9,13,1
11536,2025-12-30 11:24:38+05:30,3246.7,1,3249.53,495876,98785.0,122608.0,3250.0,3257.0,3239.8,3251.5,42259875,3576.6,2926.4,4322.95,2866.6,3246.6,1018,7,3246.5,50,6,3246.4,52,3,3246.3,1,1,3246.2,71,4,3246.7,24,7,3246.9,9,1,3247.7,2,1,3247.8,24,1,3247.9,13,1
11536,2025-12-30 11:24:38+05:30,3246.7,1,3249.53,495914,98748.0,122615.0,3250.0,3257.0,3239.8,3251.5,42259875,3576.6,2926.4,4322.95,2866.6,3246.6,981,7,3246.5,50,6,3246.4,52,3,3246.3,1,1,3246.2,71,4,3246.7,28,10,3246.9,9,1,3247.6,27,1,3247.7,2,1,3247.9,13,1
11536,2025-12-30 11:24:39+05:30,3246.6,5,3249.53,495914,98748.0,122615.0,3250.0,3257.0,3239.8,3251.5,42259875,3576.6,2926.4,4322.95,2866.6,3246.6,981,7,3246.5,50,6,3246.4,52,3,3246.3,1,1,3246.2,71,4,3246.7,28,10,3246.9,9,1,3247.6,27,1,3247.7,2,1,3247.9,13,1
11536,2025-12-30 11:24:39+05:30,3246.6,5,3249.53,496021,98690.0,122578.0,3250.0,3257.0,3239.8,3251.5,42259875,3576.6,2926.4,4322.95,2866.6,3246.6,911,7,3246.5,86,7,3246.4,52,3,3246.3,14,2,3246.2,53,3,3246.7,19,9,3246.9,9,1,3247.6,27,1,3247.7,2,1,3247.9,13,1
11536,2025-12-30 11:24:40+05:30,3246.6,7,3249.53,496021,98690.0,122578.0,3250.0,3257.0,3239.8,3251.5,42259875,3576.6,2926.4,4322.95,2866.6,3246.6,911,7,3246.5,86,7,3246.4,52,3,3246.3,14,2,3246.2,53,3,3246.7,19,9,3246.9,9,1,3247.6,27,1,3247.7,2,1,3247.9,13,1
11536,2025-12-30 11:24:40+05:30,3246.6,7,3249.53,496065,98666.0,122534.0,3250.0,3257.0,3239.8,3251.5,42259875,3576.6,2926.4,4322.95,2866.6,3246.6,867,7,3246.5,86,7,3246.4,52,3,3246.3,1,1,3246.2,53,3,3246.7,12,8,3246.9,9,1,3247.3,9,1,3247.4,31,1,3247.5,11,1
11536,2025-12-30 11:24:41+05:30,3246.6,1,3249.53,496065,98666.0,122534.0,3250.0,3257.0,3239.8,3251.5,42259875,3576.6,2926.4,4322.95,2866.6,3246.6,867,7,3246.5,86,7,3246.4,52,3,3246.3,1,1,3246.2,53,3,3246.7,12,8,3246.9,9,1,3247.3,9,1,3247.4,31,1,3247.5,11,1
11536,2025-12-30 11:24:41+05:30,3246.6,1,3249.53,496107,98624.0,122678.0,3250.0,3257.0,3239.8,3251.5,42259875,3576.6,2926.4,4322.95,2866.6,3246.6,861,8,3246.5,50,6,3246.4,52,3,3246.3,1,1,3246.2,7,2,3246.7,8,6,3246.9,9,1,3247.4,31,1,3247.6,13,1,3247.7,2,1
11536,2025-12-30 11:24:42+05:30,3246.6,6,3249.53,496107,98624.0,122678.0,3250.0,3257.0,3239.8,3251.5,42259875,3576.6,2926.4,4322.95,2866.6,3246.6,861,8,3246.5,50,6,3246.4,52,3,3246.3,1,1,3246.2,7,2,3246.7,8,6,3246.9,9,1,3247.4,31,1,3247.6,13,1,3247.7,2,1
11536,2025-12-30 11:24:42+05:30,3246.6,6,3249.53,496139,98911.0,120726.0,3250.0,3257.0,3239.8,3251.5,42259875,3576.6,2926.4,4322.95,2866.6,3246.6,852,8,3246.5,50,6,3246.4,98,4,3246.3,30,3,3246.2,63,4,3246.7,8,7,3246.9,9,1,3247.7,2,1,3247.8,10,1,3247.9,30,2
11536,2025-12-30 11:24:43+05:30,3246.7,1,3249.53,496157,99058.0,123383.0,3250.0,3257.0,3239.8,3251.5,42259875,3576.6,2926.4,4322.95,2866.6,3246.6,816,7,3246.5,122,8,3246.4,167,6,3246.3,31,3,3246.2,79,5,3246.7,8,8,3246.9,9,1,3247.7,2,1,3247.8,10,1,3247.9,46,3
11536,2025-12-30 11:24:43+05:30,3246.7,1,3249.53,496157,99058.0,123383.0,3250.0,3257.0,3239.8,3251.5,42259875,3576.6,2926.4,4322.95,2866.6,3246.6,816,7,3246.5,122,8,3246.4,167,6,3246.3,31,3,3246.2,79,5,3246.7,8,8,3246.9,9,1,3247.7,2,1,3247.8,10,1,3247.9,46,3
11536,2025-12-30 11:24:44+05:30,3246.7,14,3249.53,496157,99058.0,123383.0,3250.0,3257.0,3239.8,3251.5,42259875,3576.6,2926.4,4322.95,2866.6,3246.6,816,7,3246.5,122,8,3246.4,167,6,3246.3,31,3,3246.2,79,5,3246.7,8,8,3246.9,9,1,3247.7,2,1,3247.8,10,1,3247.9,46,3
11536,2025-12-30 11:24:44+05:30,3246.7,14,3249.53,496205,99419.0,123426.0,3250.0,3257.0,3239.8,3251.5,42259875,3576.6,2926.4,4322.95,2866.6,3246.7,36,1,3246.6,784,7,3246.5,137,9,3246.4,159,6,3246.3,77,4,3246.9,11,3,3247.7,2,1,3247.8,10,1,3247.9,46,3,3248.0,20,1
11536,2025-12-30 11:24:45+05:30,3248.1,13,3249.53,496205,99419.0,123426.0,3250.0,3257.0,3239.8,3251.5,42259875,3576.6,2926.4,4322.95,2866.6,3246.7,36,1,3246.6,784,7,3246.5,137,9,3246.4,159,6,3246.3,77,4,3246.9,11,3,3247.7,2,1,3247.8,10,1,3247.9,46,3,3248.0,20,1
11536,2025-12-30 11:24:45+05:30,3248.1,13,3249.53,496323,99951.0,121732.0,3250.0,3257.0,3239.8,3251.5,42259875,3576.6,2926.4,4322.95,2866.6,3246.8,36,1,3246.6,820,9,3246.5,104,7,3246.4,272,11,3246.3,18,2,3247.9,15,1,3248.0,67,5,3248.1,6,1,3248.2,297,3,3248.3,23,2
11536,2025-12-30 11:24:46+05:30,3246.9,1,3249.53,496323,99951.0,121732.0,3250.0,3257.0,3239.8,3251.5,42259875,3576.6,2926.4,4322.95,2866.6,3246.8,36,1,3246.6,820,9,3246.5,104,7,3246.4,272,11,3246.3,18,2,3247.9,15,1,3248.0,67,5,3248.1,6,1,3248.2,297,3,3248.3,23,2
11536,2025-12-30 11:24:46+05:30,3246.9,1,3249.52,497037,99976.0,119880.0,3250.0,3257.0,3239.8,3251.5,42259875,3576.6,2926.4,4322.95,2866.6,3246.8,56,2,3246.6,876,10,3246.5,134,9,3246.4,157,7,3246.3,42,3,3246.9,7,1,3248.0,2,1,3248.1,33,3,3248.2,31,1,3248.3,47,4
11536,2025-12-30 11:24:47+05:30,3246.9,1,3249.52,497037,99890.0,121716.0,3250.0,3257.0,3239.8,3251.5,42259875,3576.6,2926.4,4322.95,2866.6,3246.8,36,1,3246.6,833,9,3246.5,150,8,3246.4,167,7,3246.3,60,4,3246.9,20,3,3248.0,2,1,3248.1,33,3,3248.2,21,1,3248.3,18,2
11536,2025-12-30 11:24:48+05:30,3246.8,28,3249.52,497037,99890.0,121716.0,3250.0,3257.0,3239.8,3251.5,42259875,3576.6,2926.4,4322.95,2866.6,3246.8,36,1,3246.6,833,9,3246.5,150,8,3246.4,167,7,3246.3,60,4,3246.9,20,3,3248.0,2,1,3248.1,33,3,3248.2,21,1,3248.3,18,2
11536,2025-12-30 11:24:48+05:30,3246.8,28,3249.52,497264,99893.0,122254.0,3250.0,3257.0,3239.8,3251.5,42259875,3576.6,2926.4,4322.95,2866.6,3246.8,56,2,3246.7,18,1,3246.6,815,8,3246.5,150,8,3246.4,167,7,3246.9,22,4,3248.0,2,1,3248.1,13,2,3248.2,21,1,3248.3,18,2
11536,2025-12-30 11:24:49+05:30,3246.8,7,3249.52,497264,99893.0,122254.0,3250.0,3257.0,3239.8,3251.5,42259875,3576.6,2926.4,4322.95,2866.6,3246.8,56,2,3246.7,18,1,3246.6,815,8,3246.5,150,8,3246.4,167,7,3246.9,22,4,3248.0,2,1,3248.1,13,2,3248.2,21,1,3248.3,18,2
11536,2025-12-30 11:24:50+05:30,3246.8,30,3249.52,497386,100090.0,122131.0,3250.0,3257.0,3239.8,3251.5,42259875,3576.6,2926.4,4322.95,2866.6,3246.8,93,2,3246.6,861,9,3246.5,104,7,3246.4,183,8,3246.3,19,2,3246.9,13,6,3248.0,2,1,3248.1,13,2,3248.2,21,1,3248.3,18,2
11536,2025-12-30 11:24:50+05:30,3246.8,60,3249.52,497386,100090.0,122131.0,3250.0,3257.0,3239.8,3251.5,42259875,3576.6,2926.4,4322.95,2866.6,3246.8,93,2,3246.6,861,9,3246.5,104,7,3246.4,183,8,3246.3,19,2,3246.9,13,6,3248.0,2,1,3248.1,13,2,3248.2,21,1,3248.3,18,2
11536,2025-12-30 11:24:51+05:30,3246.8,8,3249.52,497454,99810.0,122392.0,3250.0,3257.0,3239.8,3251.5,42259875,3576.6,2926.4,4322.95,2866.6,3246.8,25,1,3246.6,784,7,3246.5,104,7,3246.4,213,8,3246.3,19,2,3246.9,44,7,3247.9,21,1,3248.0,2,1,3248.1,24,3,3248.2,21,1
11536,2025-12-30 11:24:51+05:30,3246.8,21,3249.52,497454,99810.0,122392.0,3250.0,3257.0,3239.8,3251.5,42259875,3576.6,2926.4,4322.95,2866.6,3246.8,25,1,3246.6,784,7,3246.5,104,7,3246.4,213,8,3246.3,19,2,3246.9,44,7,3247.9,21,1,3248.0,2,1,3248.1,24,3,3248.2,21,1
11536,2025-12-30 11:24:52+05:30,3246.8,21,3249.52,497479,99661.0,122615.0,3250.0,3257.0,3239.8,3251.5,42259875,3576.6,2926.4,4322.95,2866.6,3246.6,784,7,3246.5,104,7,3246.4,196,7,3246.3,17,2,3246.2,87,5,3246.7,4,2,3246.9,44,8,3247.9,21,1,3248.0,2,1,3248.1,24,3
11536,2025-12-30 11:24:52+05:30,3246.6,2,3249.52,497479,99661.0,122615.0,3250.0,3257.0,3239.8,3251.5,42259875,3576.6,2926.4,4322.95,2866.6,3246.6,784,7,3246.5,104,7,3246.4,196,7,3246.3,17,2,3246.2,87,5,3246.7,4,2,3246.9,44,8,3247.9,21,1,3248.0,2,1,3248.1,24,3
11536,2025-12-30 11:24:53+05:30,3246.6,2,3249.52,497514,99466.0,122581.0,3250.0,3257.0,3239.8,3251.5,42259875,3576.6,2926.4,4322.95,2866.6,3246.6,802,9,3246.5,150,8,3246.4,150,6,3246.3,17,2,3246.2,94,6,3246.7,8,6,3246.9,39,6,3247.9,21,1,3248.0,2,1,3248.1,24,3
11536,2025-12-30 11:24:53+05:30,3246.6,1,3249.52,497514,99466.0,122581.0,3250.0,3257.0,3239.8,3251.5,42259875,3576.6,2926.4,4322.95,2866.6,3246.6,802,9,3246.5,150,8,3246.4,150,6,3246.3,17,2,3246.2,94,6,3246.7,8,6,3246.9,39,6,3247.9,21,1,3248.0,2,1,3248.1,24,3
11536,2025-12-30 11:24:54+05:30,3246.6,2,3249.52,497590,99708.0,122502.0,3250.0,3257.0,3239.8,3251.5,42259875,3576.6,2926.4,4322.95,2866.6,3246.6,710,7,3246.5,182,9,3246.4,166,7,3246.3,1,1,3246.2,145,7,3246.7,6,5,3246.9,34,3,3247.9,21,1,3248.0,2,1,3248.1,24,3
11536,2025-12-30 11:24:54+05:30,3246.6,1,3249.52,497590,99708.0,122502.0,3250.0,3257.0,3239.8,3251.5,42259875,3576.6,2926.4,4322.95,2866.6,3246.6,710,7,3246.5,182,9,3246.4,166,7,3246.3,1,1,3246.2,145,7,3246.7,6,5,3246.9,34,3,3247.9,21,1,3248.0,2,1,3248.1,24,3
11536,2025-12-30 11:24:55+05:30,3246.7,1,3249.52,497609,99623.0,122661.0,3250.0,3257.0,3239.8,3251.5,42259875,3576.6,2926.4,4322.95,2866.6,3246.6,692,7,3246.5,154,9,3246.4,200,8,3246.3,1,1,3246.2,87,5,3246.7,11,9,3246.9,32,1,3247.9,21,1,3248.0,2,1,3248.1,24,3
11536,2025-12-30 11:24:55+05:30,3246.6,1,3249.52,497609,99623.0,122661.0,3250.0,3257.0,3239.8,3251.5,42259875,3576.6,2926.4,4322.95,2866.6,3246.6,692,7,3246.5,154,9,3246.4,200,8,3246.3,1,1,3246.2,87,5,3246.7,11,9,3246.9,32,1,3247.9,21,1,3248.0,2,1,3248.1,24,3
11536,2025-12-30 11:24:56+05:30,3246.6,1,3249.52,497615,99646.0,122761.0,3250.0,3257.0,3239.8,3251.5,42259875,3576.6,2926.4,4322.95,2866.6,3246.6,719,8,3246.5,104,7,3246.4,200,8,3246.3,1,1,3246.2,113,6,3246.7,13,12,3246.9,32,1,3247.9,21,1,3248.0,2,1,3248.1,24,3
11536,2025-12-30 11:24:56+05:30,3246.6,78,3249.52,497615,99646.0,122761.0,3250.0,3257.0,3239.8,3251.5,42259875,3576.6,2926.4,4322.95,2866.6,3246.6,719,8,3246.5,104,7,3246.4,200,8,3246.3,1,1,3246.2,113,6,3246.7,13,12,3246.9,32,1,3247.9,21,1,3248.0,2,1,3248.1,24,3
11536,2025-12-30 11:24:57+05:30,3246.6,2,3249.52,497712,99565.0,122901.0,3250.0,3257.0,3239.8,3251.5,42259875,3576.6,2926.4,4322.95,2866.6,3246.6,622,8,3246.5,104,7,3246.4,112,5,3246.3,47,2,3246.2,75,5,3246.7,14,11,3246.9,32,1,3247.9,21,1,3248.0,2,1,3248.1,24,3
11536,2025-12-30 11:24:57+05:30,3246.6,1,3249.52,497712,99565.0,122901.0,3250.0,3257.0,3239.8,3251.5,42259875,3576.6,2926.4,4322.95,2866.6,3246.6,622,8,3246.5,104,7,3246.4,112,5,3246.3,47,2,3246.2,75,5,3246.7,14,11,3246.9,32,1,3247.9,21,1,3248.0,2,1,3248.1,24,3
11536,2025-12-30 11:24:58+05:30,3246.7,2,3249.52,497781,99047.0,122957.0,3250.0,3257.0,3239.8,3251.5,42259875,3576.6,2926.4,4322.95,2866.6,3246.7,11,2,3246.6,577,7,3246.5,104,7,3246.4,174,7,3246.3,1,1,3246.9,32,1,3247.8,11,1,3247.9,21,1,3248.0,15,2,3248.1,14,2
11536,2025-12-30 11:24:58+05:30,3246.7,1,3249.52,497781,99047.0,122957.0,3250.0,3257.0,3239.8,3251.5,42259875,3576.6,2926.4,4322.95,2866.6,3246.7,11,2,3246.6,577,7,3246.5,104,7,3246.4,174,7,3246.3,1,1,3246.9,32,1,3247.8,11,1,3247.9,21,1,3248.0,15,2,3248.1,14,2
11536,2025-12-30 11:24:59+05:30,3246.7,1,3249.52,497782,99331.0,123198.0,3250.0,3257.0,3239.8,3251.5,42259875,3576.6,2926.4,4322.95,2866.6,3246.7,10,2,3246.6,577,7,3246.5,104,7,3246.4,112,5,3246.3,1,1,3246.9,35,3,3247.8,11,1,3247.9,21,1,3248.0,31,4,3248.1,28,2
11536,2025-12-30 11:25:00+05:30,3246.7,1,3249.52,497782,99105.0,123573.0,3250.0,3257.0,3239.8,3251.5,42259875,3576.6,2926.4,4322.95,2866.6,3246.8,9,1,3246.7,1,1,3246.6,577,7,3246.5,104,7,3246.4,112,5,3246.9,36,4,3247.5,9,1,3247.6,43,2,3247.7,7,1,3247.8,22,2
11536,2025-12-30 11:25:00+05:30,3248.1,27,3249.52,497782,99105.0,123573.0,3250.0,3257.0,3239.8,3251.5,42259875,3576.6,2926.4,4322.95,2866.6,3246.8,9,1,3246.7,1,1,3246.6,577,7,3246.5,104,7,3246.4,112,5,3246.9,36,4,3247.5,9,1,3247.6,43,2,3247.7,7,1,3247.8,22,2
11536,2025-12-30 11:25:01+05:30,3248.1,27,3249.52,498094,99823.0,121469.0,3250.0,3257.0,3239.8,3251.5,42259875,3576.6,2926.4,4322.95,2866.6,3246.9,1,1,3246.8,32,1,3246.6,614,9,3246.5,104,7,3246.4,206,8,3247.8,25,1,3247.9,49,4,3248.1,59,3,3248.2,45,4,3248.3,6,1
11536,2025-12-30 11:25:01+05:30,3247.7,1,3249.52,498094,99823.0,121469.0,3250.0,3257.0,3239.8,3251.5,42259875,3576.6,2926.4,4322.95,2866.6,3246.9,1,1,3246.8,32,1,3246.6,614,9,3246.5,104,7,3246.4,206,8,3247.8,25,1,3247.9,49,4,3248.1,59,3,3248.2,45,4,3248.3,6,1
11536,2025-12-30 11:25:02+05:30,3246.6,174,3249.52,498512,98762.0,123260.0,3250.0,3257.0,3239.8,3251.5,42259875,3576.6,2926.4,4322.95,2866.6,3246.6,403,7,3246.5,104,7,3246.4,127,5,3246.3,19,2,3246.2,28,3,3247.5,10,1,3247.6,40,2,3247.8,38,4,3247.9,107,4,3248.0,295,2
11536,2025-12-30 11:25:02+05:30,3246.6,174,3249.52,498512,98762.0,123260.0,3250.0,3257.0,3239.8,3251.5,42259875,3576.6,2926.4,4322.95,2866.6,3246.6,403,7,3246.5,104,7,3246.4,127,5,3246.3,19,2,3246.2,28,3,3247.5,10,1,3247.6,40,2,3247.8,38,4,3247.9,107,4,3248.0,295,2
11536,2025-12-30 11:25:03+05:30,3246.6,88,3249.52,498600,98760.0,124253.0,3250.0,3257.0,3239.8,3251.5,42259875,3576.6,2926.4,4322.95,2866.6,3246.6,315,7,3246.5,158,8,3246.4,160,5,3246.3,19,2,3246.2,28,3,3247.4,15,1,3247.5,141,6,3247.6,25,2,3247.7,307,3,3247.8,31,4
11536,2025-12-30 11:25:03+05:30,3246.6,88,3249.52,498600,98760.0,124253.0,3250.0,3257.0,3239.8,3251.5,42259875,3576.6,2926.4,4322.95,2866.6,3246.6,315,7,3246.5,158,8,3246.4,160,5,3246.3,19,2,3246.2,28,3,3247.4,15,1,3247.5,141,6,3247.6,25,2,3247.7,307,3,3247.8,31,4
11536,2025-12-30 11:25:04+05:30,3246.6,15,3249.52,498645,98846.0,124298.0,3250.0,3257.0,3239.8,3251.5,42259875,3576.6,2926.4,4322.95,2866.6,3246.6,285,6,3246.5,158,8,3246.4,160,5,3246.3,19,2,3246.2,28,3,3247.4,23,5,3247.5,135,5,3247.6,36,3,3247.7,296,2,3247.8,13,2
11536,2025-12-30 11:25:04+05:30,3246.6,125,3249.52,498645,98846.0,124298.0,3250.0,3257.0,3239.8,3251.5,42259875,3576.6,2926.4,4322.95,2866.6,3246.6,285,6,3246.5,158,8,3246.4,160,5,3246.3,19,2,3246.2,28,3,3247.4,23,5,3247.5,135,5,3247.6,36,3,3247.7,296,2,3247.8,13,2
11536,2025-12-30 11:25:05+05:30,3247.4,1,3249.52,498771,98702.0,124067.0,3250.0,3257.0,3239.8,3251.5,42259875,3576.6,2926.4,4322.95,2866.6,3246.6,160,6,3246.5,158,8,3246.4,160,5,3246.3,19,2,3246.2,28,3,3247.4,76,11,3247.5,110,4,3247.6,27,3,3247.7,27,2,3247.8,26,3
11536,2025-12-30 11:25:05+05:30,3247.4,2,3249.52,498771,98702.0,124067.0,3250.0,3257.0,3239.8,3251.5,42259875,3576.6,2926.4,4322.95,2866.6,3246.6,160,6,3246.5,158,8,3246.4,160,5,3246.3,19,2,3246.2,28,3,3247.4,76,11,3247.5,110,4,3247.6,27,3,3247.7,27,2,3247.8,26,3
11536,2025-12-30 11:25:06+05:30,3246.6,14,3249.51,498878,98681.0,124005.0,3250.0,3257.0,3239.8,3251.5,42259875,3576.6,2926.4,4322.95,2866.6,3246.6,121,6,3246.5,158,8,3246.4,160,5,3246.3,19,2,3246.2,28,3,3247.4,62,9,3247.5,103,3,3247.6,38,4,3247.7,27,2,3247.8,13,2
11536,2025-12-30 11:25:06+05:30,3246.6,2,3249.51,498878,98681.0,124005.0,3250.0,3257.0,3239.8,3251.5,42259875,3576.6,2926.4,4322.95,2866.6,3246.6,121,6,3246.5,158,8,3246.4,160,5,3246.3,19,2,3246.2,28,3,3247.4,62,9,3247.5,103,3,3247.6,38,4,3247.7,27,2,3247.8,13,2
11536,2025-12-30 11:25:07+05:30,3246.6,6,3249.51,499011,98426.0,124159.0,3250.0,3257.0,3239.8,3251.5,42259875,3576.6,2926.4,4322.95,2866.6,3246.6,42,4,3246.5,158,8,3246.4,160,5,3246.3,19,2,3246.2,28,3,3247.4,79,12,3247.5,113,4,3247.6,27,3,3247.7,27,2,3247.8,26,3
11536,2025-12-30 11:25:07+05:30,3247.4,2,3249.51,499011,98426.0,124159.0,3250.0,3257.0,3239.8,3251.5,42259875,3576.6,2926.4,4322.95,2866.6,3246.6,42,4,3246.5,158,8,3246.4,160,5,3246.3,19,2,3246.2,28,3,3247.4,79,12,3247.5,113,4,3247.6,27,3,3247.7,27,2,3247.8,26,3
11536,2025-12-30 11:25:08+05:30,3246.6,2,3249.51,499107,98369.0,124135.0,3250.0,3257.0,3239.8,3251.5,42259875,3576.6,2926.4,4322.95,2866.6,3246.6,21,3,3246.5,173,9,3246.4,160,5,3246.3,1,1,3246.2,28,3,3247.4,47,12,3247.5,113,4,3247.6,25,2,3247.7,27,2,3247.8,26,3
11536,2025-12-30 11:25:08+05:30,3246.6,2,3249.51,499107,98369.0,124135.0,3250.0,3257.0,3239.8,3251.5,42259875,3576.6,2926.4,4322.95,2866.6,3246.6,21,3,3246.5,173,9,3246.4,160,5,3246.3,1,1,3246.2,28,3,3247.4,47,12,3247.5,113,4,3247.6,25,2,3247.7,27,2,3247.8,26,3
11536,2025-12-30 11:25:09+05:30,3247.4,1,3249.51,499202,98238.0,123885.0,3250.0,3257.0,3239.8,3251.5,42259875,3576.6,2926.4,4322.95,2866.6,3246.6,9,2,3246.5,173,9,3246.4,160,5,3246.3,1,1,3246.2,28,3,3247.4,23,8,3247.5,103,3,3247.6,10,1,3247.7,27,2,3247.8,26,3
11536,2025-12-30 11:25:09+05:30,3246.5,5,3249.51,499202,98238.0,123885.0,3250.0,3257.0,3239.8,3251.5,42259875,3576.6,2926.4,4322.95,2866.6,3246.6,9,2,3246.5,173,9,3246.4,160,5,3246.3,1,1,3246.2,28,3,3247.4,23,8,3247.5,103,3,3247.6,10,1,3247.7,27,2,3247.8,26,3
11536,2025-12-30 11:25:10+05:30,3246.6,5,3249.51,499266,98241.0,123869.0,3250.0,3257.0,3239.8,3251.5,42259875,3576.6,2926.4,4322.95,2866.6,3246.6,10,1,3246.5,153,8,3246.4,160,5,3246.3,1,1,3246.2,28,3,3247.4,12,8,3247.5,84,1,3247.6,10,1,3247.7,27,2,3247.8,13,2
11536,2025-12-30 11:25:10+05:30,3246.6,10,3249.51,499266,98241.0,123869.0,3250.0,3257.0,3239.8,3251.5,42259875,3576.6,2926.4,4322.95,2866.6,3246.6,10,1,3246.5,153,8,3246.4,160,5,3246.3,1,1,3246.2,28,3,3247.4,12,8,3247.5,84,1,3247.6,10,1,3247.7,27,2,3247.8,13,2
11536,2025-12-30 11:25:11+05:30,3246.6,10,3249.51,499286,97929.0,123852.0,3250.0,3257.0,3239.8,3251.5,42259875,3576.6,2926.4,4322.95,2866.6,3246.6,19,1,3246.5,153,8,3246.4,161,6,3246.3,23,2,3246.2,60,5,3247.3,2,2,3247.4,11,7,3247.5,84,1,3247.8,13,2,3247.9,28,3
11536,2025-12-30 11:25:11+05:30,3247.3,1,3249.51,499286,97929.0,123852.0,3250.0,3257.0,3239.8,3251.5,42259875,3576.6,2926.4,4322.95,2866.6,3246.6,19,1,3246.5,153,8,3246.4,161,6,3246.3,23,2,3246.2,60,5,3247.3,2,2,3247.4,11,7,3247.5,84,1,3247.8,13,2,3247.9,28,3
11536,2025-12-30 11:25:12+05:30,3246.6,13,3249.51,499337,98114.0,124374.0,3250.0,3257.0,3239.8,3251.5,42259875,3576.6,2926.4,4322.95,2866.6,3246.6,8,1,3246.5,153,8,3246.4,161,6,3246.3,1,1,3246.2,44,4,3247.3,6,6,3247.4,4,3,3247.5,366,2,3247.8,13,2,3247.9,28,3
11536,2025-12-30 11:25:12+05:30,3247.5,56,3249.51,499337,98114.0,124374.0,3250.0,3257.0,3239.8,3251.5,42259875,3576.6,2926.4,4322.95,2866.6,3246.6,8,1,3246.5,153,8,3246.4,161,6,3246.3,1,1,3246.2,44,4,3247.3,6,6,3247.4,4,3,3247.5,366,2,3247.8,13,2,3247.9,28,3
11536,2025-12-30 11:25:13+05:30,3246.6,1,3249.51,499454,98169.0,123182.0,3250.0,3257.0,3239.8,3251.5,42259875,3576.6,2926.4,4322.95,2866.6,3246.6,26,2,3246.5,153,8,3246.4,182,7,3246.3,1,1,3246.2,31,4,3247.5,35,3,3247.9,12,1,3248.0,15,2,3248.2,29,2,3248.3,95,2
11536,2025-12-30 11:25:13+05:30,3246.6,1,3249.51,499454,98169.0,123182.0,3250.0,3257.0,3239.8,3251.5,42259875,3576.6,2926.4,4322.95,2866.6,3246.6,26,2,3246.5,153,8,3246.4,182,7,3246.3,1,1,3246.2,31,4,3247.5,35,3,3247.9,12,1,3248.0,15,2,3248.2,29,2,3248.3,95,2
11536,2025-12-30 11:25:14+05:30,3246.6,1,3249.51,499454,98407.0,124031.0,3250.0,3257.0,3239.8,3251.5,42259875,3576.6,2926.4,4322.95,2866.6,3247.1,23,1,3246.6,3,1,3246.5,153,8,3246.4,182,7,3246.3,1,1,3247.5,35,3,3247.6,22,2,3247.8,287,2,3248.0,15,2,3248.1,12,1
11536,2025-12-30 11:25:15+05:30,3247.5,1,3249.51,499455,99073.0,123857.0,3250.0,3257.0,3239.8,3251.5,42259875,3576.6,2926.4,4322.95,2866.6,3247.1,248,2,3246.6,3,1,3246.5,191,9,3246.4,198,8,3246.3,47,2,3247.5,34,3,3248.0,2,1,3248.1,12,1,3248.2,29,2,3248.3,95,2
11536,2025-12-30 11:25:15+05:30,3247.1,8,3249.51,499455,99073.0,123857.0,3250.0,3257.0,3239.8,3251.5,42259875,3576.6,2926.4,4322.95,2866.6,3247.1,248,2,3246.6,3,1,3246.5,191,9,3246.4,198,8,3246.3,47,2,3247.5,34,3,3248.0,2,1,3248.1,12,1,3248.2,29,2,3248.3,95,2
11536,2025-12-30 11:25:16+05:30,3247.1,21,3249.51,499661,98944.0,123637.0,3250.0,3257.0,3239.8,3251.5,42259875,3576.6,2926.4,4322.95,2866.6,3247.1,196,1,3246.6,31,4,3246.5,191,9,3246.4,182,7,3246.3,71,3,3247.5,33,5,3247.7,282,1,3247.8,10,1,3247.9,11,1,3248.0,2,1
11536,2025-12-30 11:25:16+05:30,3247.1,77,3249.51,499661,98944.0,123637.0,3250.0,3257.0,3239.8,3251.5,42259875,3576.6,2926.4,4322.95,2866.6,3247.1,196,1,3246.6,31,4,3246.5,191,9,3246.4,182,7,3246.3,71,3,3247.5,33,5,3247.7,282,1,3247.8,10,1,3247.9,11,1,3248.0,2,1
11536,2025-12-30 11:25:17+05:30,3247.1,77,3249.51,499760,98889.0,123334.0,3250.0,3257.0,3239.8,3251.5,42259875,3576.6,2926.4,4322.95,2866.6,3247.1,98,1,3246.6,28,3,3246.5,153,8,3246.4,182,7,3246.3,109,4,3247.5,41,8,3248.0,2,1,3248.1,25,2,3248.2,32,3,3248.3,6,1
11536,2025-12-30 11:25:17+05:30,3247.1,1,3249.51,499760,98889.0,123334.0,3250.0,3257.0,3239.8,3251.5,42259875,3576.6,2926.4,4322.95,2866.6,3247.1,98,1,3246.6,28,3,3246.5,153,8,3246.4,182,7,3246.3,109,4,3247.5,41,8,3248.0,2,1,3248.1,25,2,3248.2,32,3,3248.3,6,1
11536,2025-12-30 11:25:18+05:30,3247.1,9,3249.51,499770,98795.0,123380.0,3250.0,3257.0,3239.8,3251.5,42259875,3576.6,2926.4,4322.95,2866.6,3247.1,88,1,3246.6,28,3,3246.5,137,8,3246.4,128,6,3246.3,136,5,3247.5,44,8,3248.0,2,1,3248.1,25,2,3248.2,32,3,3248.3,6,1
11536,2025-12-30 11:25:18+05:30,3247.1,7,3249.51,499770,98795.0,123380.0,3250.0,3257.0,3239.8,3251.5,42259875,3576.6,2926.4,4322.95,2866.6,3247.1,88,1,3246.6,28,3,3246.5,137,8,3246.4,128,6,3246.3,136,5,3247.5,44,8,3248.0,2,1,3248.1,25,2,3248.2,32,3,3248.3,6,1
11536,2025-12-30 11:25:19+05:30,3247.1,6,3249.51,499835,98903.0,123405.0,3250.0,3257.0,3239.8,3251.5,42259875,3576.6,2926.4,4322.95,2866.6,3247.1,23,1,3246.6,28,3,3246.5,45,6,3246.4,228,6,3246.3,195,7,3247.5,44,12,3247.8,10,1,3248.0,2,1,3248.1,25,2,3248.2,32,3
11536,2025-12-30 11:25:19+05:30,3246.6,1,3249.51,499835,98903.0,123405.0,3250.0,3257.0,3239.8,3251.5,42259875,3576.6,2926.4,4322.95,2866.6,3247.1,23,1,3246.6,28,3,3246.5,45,6,3246.4,228,6,3246.3,195,7,3247.5,44,12,3247.8,10,1,3248.0,2,1,3248.1,25,2,3248.2,32,3
11536,2025-12-30 11:25:20+05:30,3246.6,1,3249.51,499862,98101.0,123390.0,3250.0,3257.0,3239.8,3251.5,42259875,3576.6,2926.4,4322.95,2866.6,3246.6,6,2,3246.5,45,6,3246.4,53,4,3246.3,86,4,3246.2,174,7,3247.0,7,4,3247.1,3,1,3247.5,37,10,3247.8,282,1,3248.0,2,1
11536,2025-12-30 11:25:20+05:30,3246.6,1,3249.51,499862,98101.0,123390.0,3250.0,3257.0,3239.8,3251.5,42259875,3576.6,2926.4,4322.95,2866.6,3246.6,6,2,3246.5,45,6,3246.4,53,4,3246.3,86,4,3246.2,174,7,3247.0,7,4,3247.1,3,1,3247.5,37,10,3247.8,282,1,3248.0,2,1
11536,2025-12-30 11:25:21+05:30,3246.6,3,3249.51,499927,97823.0,123799.0,3250.0,3257.0,3239.8,3251.5,42259875,3576.6,2926.4,4322.95,2866.6,3246.6,17,1,3246.5,36,5,3246.4,53,4,3246.3,59,3,3246.2,190,8,3247.0,10,8,3247.1,3,1,3247.5,30,5,3247.8,282,1,3248.0,2,1
11536,2025-12-30 11:25:21+05:30,3246.6,1,3249.51,499927,97823.0,123799.0,3250.0,3257.0,3239.8,3251.5,42259875,3576.6,2926.4,4322.95,2866.6,3246.6,17,1,3246.5,36,5,3246.4,53,4,3246.3,59,3,3246.2,190,8,3247.0,10,8,3247.1,3,1,3247.5,30,5,3247.8,282,1,3248.0,2,1
11536,2025-12-30 11:25:22+05:30,3246.6,1,3249.51,499970,97762.0,123795.0,3250.0,3257.0,3239.8,3251.5,42259875,3576.6,2926.4,4322.95,2866.6,3246.5,36,5,3246.4,91,6,3246.3,72,4,3246.2,153,6,3246.1,77,4,3246.6,1,1,3247.0,12,10,3247.5,27,2,3247.8,282,1,3247.9,12,1
11536,2025-12-30 11:25:22+05:30,3246.5,5,3249.51,499970,97762.0,123795.0,3250.0,3257.0,3239.8,3251.5,42259875,3576.6,2926.4,4322.95,2866.6,3246.5,36,5,3246.4,91,6,3246.3,72,4,3246.2,153,6,3246.1,77,4,3246.6,1,1,3247.0,12,10,3247.5,27,2,3247.8,282,1,3247.9,12,1
11536,2025-12-30 11:25:23+05:30,3246.5,5,3249.51,500006,97864.0,123802.0,3250.0,3257.0,3239.8,3251.5,42259875,3576.6,2926.4,4322.95,2866.6,3246.5,34,4,3246.4,73,5,3246.3,92,6,3246.2,153,6,3246.1,52,3,3246.6,7,7,3247.0,6,6,3247.5,26,1,3247.8,282,1,3247.9,12,1
11536,2025-12-30 11:25:23+05:30,3246.5,7,3249.51,500006,97864.0,123802.0,3250.0,3257.0,3239.8,3251.5,42259875,3576.6,2926.4,4322.95,2866.6,3246.5,34,4,3246.4,73,5,3246.3,92,6,3246.2,153,6,3246.1,52,3,3246.6,7,7,3247.0,6,6,3247.5,26,1,3247.8,282,1,3247.9,12,1
11536,2025-12-30 11:25:24+05:30,3246.5,7,3249.51,500023,97710.0,123638.0,3250.0,3257.0,3239.8,3251.5,42259875,3576.6,2926.4,4322.95,2866.6,3246.5,55,6,3246.4,64,5,3246.3,59,3,3246.2,153,6,3246.1,59,4,3246.6,11,11,3247.0,2,2,3247.5,26,1,3247.8,282,1,3247.9,12,1
11536,2025-12-30 11:25:24+05:30,3246.5,5,3249.51,500023,97710.0,123638.0,3250.0,3257.0,3239.8,3251.5,42259875,3576.6,2926.4,4322.95,2866.6,3246.5,55,6,3246.4,64,5,3246.3,59,3,3246.2,153,6,3246.1,59,4,3246.6,11,11,3247.0,2,2,3247.5,26,1,3247.8,282,1,3247.9,12,1
11536,2025-12-30 11:25:25+05:30,3246.6,1,3249.51,500073,98048.0,123664.0,3250.0,3257.0,3239.8,3251.5,42259875,3576.6,2926.4,4322.95,2866.6,3246.5,54,5,3246.4,82,6,3246.3,1,1,3246.2,126,5,3246.1,24,1,3246.6,44,4,3247.0,2,1,3247.5,50,1,3247.8,295,2,3248.0,35,3
11536,2025-12-30 11:25:25+05:30,3246.6,1,3249.51,500073,98048.0,123664.0,3250.0,3257.0,3239.8,3251.5,42259875,3576.6,2926.4,4322.95,2866.6,3246.5,54,5,3246.4,82,6,3246.3,1,1,3246.2,126,5,3246.1,24,1,3246.6,44,4,3247.0,2,1,3247.5,50,1,3247.8,295,2,3248.0,35,3
11536,2025-12-30 11:25:26+05:30,3246.6,9,3249.51,500127,98070.0,123796.0,3250.0,3257.0,3239.8,3251.5,42259875,3576.6,2926.4,4322.95,2866.6,3246.6,8,1,3246.5,34,4,3246.4,82,6,3246.3,1,1,3246.2,164,6,3247.0,2,1,3247.5,50,1,3247.8,295,2,3248.0,35,3,3248.1,49,3
11536,2025-12-30 11:25:26+05:30,3246.6,77,3249.51,500127,98070.0,123796.0,3250.0,3257.0,3239.8,3251.5,42259875,3576.6,2926.4,4322.95,2866.6,3246.6,8,1,3246.5,34,4,3246.4,82,6,3246.3,1,1,3246.2,164,6,3247.0,2,1,3247.5,50,1,3247.8,295,2,3248.0,35,3,3248.1,49,3
11536,2025-12-30 11:25:27+05:30,3246.6,77,3249.51,500217,98211.0,123800.0,3250.0,3257.0,3239.8,3251.5,42259875,3576.6,2926.4,4322.95,2866.6,3246.6,7,1,3246.5,34,4,3246.4,64,5,3246.3,1,1,3246.2,166,7,3247.0,6,4,3247.5,50,1,3247.8,295,2,3248.0,35,3,3248.1,49,3
11536,2025-12-30 11:25:27+05:30,3248.0,12,3249.51,500217,98211.0,123800.0,3250.0,3257.0,3239.8,3251.5,42259875,3576.6,2926.4,4322.95,2866.6,3246.6,7,1,3246.5,34,4,3246.4,64,5,3246.3,1,1,3246.2,166,7,3247.0,6,4,3247.5,50,1,3247.8,295,2,3248.0,35,3,3248.1,49,3
11536,2025-12-30 11:25:28+05:30,3246.8,3,3249.51,500674,99095.0,121983.0,3250.0,3257.0,3239.8,3251.5,42259875,3576.6,2926.4,4322.95,2866.6,3246.8,4,1,3246.7,28,1,3246.6,36,2,3246.5,242,7,3246.4,213,13,3247.9,33,3,3248.0,15,1,3248.1,42,2,3248.2,3,1,3248.3,12,1
11536,2025-12-30 11:25:28+05:30,3246.8,3,3249.51,500674,99095.0,121983.0,3250.0,3257.0,3239.8,3251.5,42259875,3576.6,2926.4,4322.95,2866.6,3246.8,4,1,3246.7,28,1,3246.6,36,2,3246.5,242,7,3246.4,213,13,3247.9,33,3,3248.0,15,1,3248.1,42,2,3248.2,3,1,3248.3,12,1
11536,2025-12-30 11:25:29+05:30,3246.8,3,3249.51,500674,98958.0,121958.0,3250.0,3257.0,3239.8,3251.5,42259875,3576.6,2926.4,4322.95,2866.6,3246.8,4,1,3246.7,28,1,3246.6,36,2,3246.5,242,7,3246.4,167,12,3247.9,49,5,3248.0,15,1,3248.1,20,2,3248.2,16,2,3248.4,17,2
11536,2025-12-30 11:25:29+05:30,3247.8,1,3249.51,500674,98958.0,121958.0,3250.0,3257.0,3239.8,3251.5,42259875,3576.6,2926.4,4322.95,2866.6,3246.8,4,1,3246.7,28,1,3246.6,36,2,3246.5,242,7,3246.4,167,12,3247.9,49,5,3248.0,15,1,3248.1,20,2,3248.2,16,2,3248.4,17,2
11536,2025-12-30 11:25:30+05:30,3247.8,4,3249.51,500699,98948.0,122538.0,3250.0,3257.0,3239.8,3251.5,42259875,3576.6,2926.4,4322.95,2866.6,3246.7,28,1,3246.6,124,4,3246.5,71,6,3246.4,133,10,3246.3,270,6,3247.8,1,1,3247.9,58,6,3248.0,15,1,3248.2,45,4,3248.3,17,1
11536,2025-12-30 11:25:30+05:30,3247.1,5,3249.51,500699,98948.0,122538.0,3250.0,3257.0,3239.8,3251.5,42259875,3576.6,2926.4,4322.95,2866.6,3246.7,28,1,3246.6,124,4,3246.5,71,6,3246.4,133,10,3246.3,270,6,3247.8,1,1,3247.9,58,6,3248.0,15,1,3248.2,45,4,3248.3,17,1
11536,2025-12-30 11:25:31+05:30,3247.1,5,3249.51,500705,98199.0,123032.0,3250.0,3257.0,3239.8,3251.5,42259875,3576.6,2926.4,4322.95,2866.6,3246.6,26,1,3246.5,86,6,3246.4,92,7,3246.3,67,5,3246.2,259,9,3247.0,5,1,3247.8,17,4,3247.9,3,1,3248.2,53,4,3248.3,45,2
11536,2025-12-30 11:25:31+05:30,3246.6,1,3249.51,500705,98199.0,123032.0,3250.0,3257.0,3239.8,3251.5,42259875,3576.6,2926.4,4322.95,2866.6,3246.6,26,1,3246.5,86,6,3246.4,92,7,3246.3,67,5,3246.2,259,9,3247.0,5,1,3247.8,17,4,3247.9,3,1,3248.2,53,4,3248.3,45,2
11536,2025-12-30 11:25:32+05:30,3246.5,1,3249.51,500801,97836.0,123275.0,3250.0,3257.0,3239.8,3251.5,42259875,3576.6,2926.4,4322.95,2866.6,3246.5,49,5,3246.4,56,5,3246.3,31,3,3246.2,155,6,3246.1,95,5,3246.6,19,4,3247.0,8,5,3247.8,37,3,3247.9,13,1,3248.0,20,1
11536,2025-12-30 11:25:32+05:30,3246.5,1,3249.51,500801,97836.0,123275.0,3250.0,3257.0,3239.8,3251.5,42259875,3576.6,2926.4,4322.95,2866.6,3246.5,49,5,3246.4,56,5,3246.3,31,3,3246.2,155,6,3246.1,95,5,3246.6,19,4,3247.0,8,5,3247.8,37,3,3247.9,13,1,3248.0,20,1
11536,2025-12-30 11:25:33+05:30,3246.5,1,3249.51,500806,97828.0,123208.0,3250.0,3257.0,3239.8,3251.5,42259875,3576.6,2926.4,4322.95,2866.6,3246.5,49,5,3246.4,56,5,3246.3,53,4,3246.2,155,6,3246.1,95,5,3246.6,33,5,3247.0,8,5,3247.8,22,1,3247.9,13,1,3248.0,20,1
11536,2025-12-30 11:25:33+05:30,3246.5,1,3249.51,500806,97828.0,123208.0,3250.0,3257.0,3239.8,3251.5,42259875,3576.6,2926.4,4322.95,2866.6,3246.5,49,5,3246.4,56,5,3246.3,53,4,3246.2,155,6,3246.1,95,5,3246.6,33,5,3247.0,8,5,3247.8,22,1,3247.9,13,1,3248.0,20,1
11536,2025-12-30 11:25:34+05:30,3246.5,1,3249.5,500966,97618.0,123670.0,3250.0,3257.0,3239.8,3251.5,42259875,3576.6,2926.4,4322.95,2866.6,3246.5,19,2,3246.4,56,5,3246.3,71,6,3246.2,139,5,3246.1,70,4,3246.6,26,7,3247.8,22,1,3247.9,38,2,3248.0,27,2,3248.2,65,5
11536,2025-12-30 11:25:34+05:30,3246.5,50,3249.5,500966,97618.0,123670.0,3250.0,3257.0,3239.8,3251.5,42259875,3576.6,2926.4,4322.95,2866.6,3246.5,19,2,3246.4,56,5,3246.3,71,6,3246.2,139,5,3246.1,70,4,3246.6,26,7,3247.8,22,1,3247.9,38,2,3248.0,27,2,3248.2,65,5
11536,2025-12-30 11:25:35+05:30,3246.5,2,3249.5,501128,97974.0,123169.0,3250.0,3257.0,3239.8,3251.5,42259875,3576.6,2926.4,4322.95,2866.6,3246.5,20,1,3246.4,98,8,3246.3,69,7,3246.2,167,7,3246.1,151,6,3246.6,25,7,3247.8,22,1,3247.9,38,2,3248.0,27,2,3248.2,65,5
11536,2025-12-30 11:25:35+05:30,3246.5,10,3249.5,501128,97974.0,123169.0,3250.0,3257.0,3239.8,3251.5,42259875,3576.6,2926.4,4322.95,2866.6,3246.5,20,1,3246.4,98,8,3246.3,69,7,3246.2,167,7,3246.1,151,6,3246.6,25,7,3247.8,22,1,3247.9,38,2,3248.0,27,2,3248.2,65,5
11536,2025-12-30 11:25:36+05:30,3246.5,1,3249.5,501173,98048.0,123145.0,3250.0,3257.0,3239.8,3251.5,42259875,3576.6,2926.4,4322.95,2866.6,3246.5,21,1,3246.4,87,7,3246.3,69,7,3246.2,167,7,3246.1,96,4,3246.6,26,8,3247.8,22,1,3247.9,38,2,3248.0,27,2,3248.2,65,5
11536,2025-12-30 11:25:36+05:30,3246.5,78,3249.5,501173,98048.0,123145.0,3250.0,3257.0,3239.8,3251.5,42259875,3576.6,2926.4,4322.95,2866.6,3246.5,21,1,3246.4,87,7,3246.3,69,7,3246.2,167,7,3246.1,96,4,3246.6,26,8,3247.8,22,1,3247.9,38,2,3248.0,27,2,3248.2,65,5
11536,2025-12-30 11:25:37+05:30,3246.4,3,3249.5,501287,97794.0,123117.0,3250.0,3257.0,3239.8,3251.5,42259875,3576.6,2926.4,4322.95,2866.6,3246.4,65,6,3246.3,9,3,3246.2,154,6,3246.1,62,5,3246.0,72,6,3246.5,3,1,3246.6,23,8,3247.8,22,1,3247.9,38,2,3248.0,27,2
11536,2025-12-30 11:25:37+05:30,3246.4,3,3249.5,501287,97794.0,123117.0,3250.0,3257.0,3239.8,3251.5,42259875,3576.6,2926.4,4322.95,2866.6,3246.4,65,6,3246.3,9,3,3246.2,154,6,3246.1,62,5,3246.0,72,6,3246.5,3,1,3246.6,23,8,3247.8,22,1,3247.9,38,2,3248.0,27,2
11536,2025-12-30 11:25:38+05:30,3246.4,3,3249.5,501317,97773.0,123275.0,3250.0,3257.0,3239.8,3251.5,42259875,3576.6,2926.4,4322.95,2866.6,3246.4,18,4,3246.3,27,4,3246.2,109,4,3246.1,62,5,3246.0,148,9,3246.5,10,3,3246.6,18,5,3247.8,22,1,3247.9,38,2,3248.0,27,2
11536,2025-12-30 11:25:38+05:30,3246.4,2,3249.5,501317,97773.0,123275.0,3250.0,3257.0,3239.8,3251.5,42259875,3576.6,2926.4,4322.95,2866.6,3246.4,18,4,3246.3,27,4,3246.2,109,4,3246.1,62,5,3246.0,148,9,3246.5,10,3,3246.6,18,5,3247.8,22,1,3247.9,38,2,3248.0,27,2
11536,2025-12-30 11:25:39+05:30,3246.5,1,3249.5,501357,97724.0,123376.0,3250.0,3257.0,3239.8,3251.5,42259875,3576.6,2926.4,4322.95,2866.6,3246.4,15,4,3246.3,9,3,3246.2,109,4,3246.1,25,3,3246.0,110,7,3246.5,12,5,3246.6,2,2,3247.8,22,1,3247.9,38,2,3248.0,27,2
11536,2025-12-30 11:25:39+05:30,3246.4,1,3249.5,501357,97724.0,123376.0,3250.0,3257.0,3239.8,3251.5,42259875,3576.6,2926.4,4322.95,2866.6,3246.4,15,4,3246.3,9,3,3246.2,109,4,3246.1,25,3,3246.0,110,7,3246.5,12,5,3246.6,2,2,3247.8,22,1,3247.9,38,2,3248.0,27,2
11536,2025-12-30 11:25:40+05:30,3246.4,1,3249.5,501407,97383.0,123397.0,3250.0,3257.0,3239.8,3251.5,42259875,3576.6,2926.4,4322.95,2866.6,3246.4,20,4,3246.3,27,4,3246.2,109,4,3246.1,9,2,3246.0,149,9,3246.5,12,9,3247.8,26,2,3247.9,38,2,3248.0,27,2,3248.2,65,5
11536,2025-12-30 11:25:40+05:30,3246.4,3,3249.5,501407,97383.0,123397.0,3250.0,3257.0,3239.8,3251.5,42259875,3576.6,2926.4,4322.95,2866.6,3246.4,20,4,3246.3,27,4,3246.2,109,4,3246.1,9,2,3246.0,149,9,3246.5,12,9,3247.8,26,2,3247.9,38,2,3248.0,27,2,3248.2,65,5
11536,2025-12-30 11:25:41+05:30,3246.4,5,3249.5,501454,97654.0,123351.0,3250.0,3257.0,3239.8,3251.5,42259875,3576.6,2926.4,4322.95,2866.6,3246.4,13,3,3246.3,9,3,3246.2,109,4,3246.0,64,6,3245.9,10,1,3246.5,6,6,3247.4,3,1,3247.7,12,2,3247.8,26,2,3247.9,38,2
11536,2025-12-30 11:25:41+05:30,3246.5,1,3249.5,501454,97654.0,123351.0,3250.0,3257.0,3239.8,3251.5,42259875,3576.6,2926.4,4322.95,2866.6,3246.4,13,3,3246.3,9,3,3246.2,109,4,3246.0,64,6,3245.9,10,1,3246.5,6,6,3247.4,3,1,3247.7,12,2,3247.8,26,2,3247.9,38,2
11536,2025-12-30 11:25:42+05:30,3246.4,5,3249.5,501475,96307.0,123350.0,3250.0,3257.0,3239.8,3251.5,42259875,3576.6,2926.4,4322.95,2866.6,3246.4,21,4,3246.3,9,3,3246.2,109,4,3246.0,64,6,3245.9,122,5,3246.5,5,5,3247.4,3,1,3247.7,12,2,3247.8,26,2,3247.9,38,2
11536,2025-12-30 11:25:42+05:30,3246.5,1,3249.5,501475,96307.0,123350.0,3250.0,3257.0,3239.8,3251.5,42259875,3576.6,2926.4,4322.95,2866.6,3246.4,21,4,3246.3,9,3,3246.2,109,4,3246.0,64,6,3245.9,122,5,3246.5,5,5,3247.4,3,1,3247.7,12,2,3247.8,26,2,3247.9,38,2
11536,2025-12-30 11:25:43+05:30,3246.3,1,3249.5,501687,96392.0,123412.0,3250.0,3257.0,3239.8,3251.5,42259875,3576.6,2926.4,4322.95,2866.6,3246.2,128,5,3246.0,41,6,3245.9,93,5,3245.8,102,4,3245.7,11,1,3246.3,1,1,3246.4,1,1,3246.5,7,7,3247.4,3,1,3247.7,37,3
11536,2025-12-30 11:25:43+05:30,3246.2,6,3249.5,501687,96392.0,123412.0,3250.0,3257.0,3239.8,3251.5,42259875,3576.6,2926.4,4322.95,2866.6,3246.2,128,5,3246.0,41,6,3245.9,93,5,3245.8,102,4,3245.7,11,1,3246.3,1,1,3246.4,1,1,3246.5,7,7,3247.4,3,1,3247.7,37,3
11536,2025-12-30 11:25:44+05:30,3246.2,2,3249.5,501696,95590.0,124027.0,3250.0,3257.0,3239.8,3251.5,42259875,3576.6,2926.4,4322.95,2866.6,3246.2,107,4,3246.0,41,6,3245.9,47,4,3245.8,148,5,3245.7,11,1,3246.3,13,5,3246.4,1,1,3246.5,5,5,3247.4,3,1,3247.7,37,3
11536,2025-12-30 11:25:44+05:30,3246.2,4,3249.5,501696,95590.0,124027.0,3250.0,3257.0,3239.8,3251.5,42259875,3576.6,2926.4,4322.95,2866.6,3246.2,107,4,3246.0,41,6,3245.9,47,4,3245.8,148,5,3245.7,11,1,3246.3,13,5,3246.4,1,1,3246.5,5,5,3247.4,3,1,3247.7,37,3
11536,2025-12-30 11:25:45+05:30,3246.2,60,3249.5,501775,94652.0,123984.0,3250.0,3257.0,3239.8,3251.5,42259875,3576.6,2926.4,4322.95,2866.6,3246.2,97,6,3246.0,41,6,3245.9,93,5,3245.8,74,3,3245.7,11,1,3246.3,11,8,3246.4,1,1,3246.5,1,1,3247.4,3,1,3247.7,37,3
11536,2025-12-30 11:25:45+05:30,3246.2,2,3249.5,501775,94652.0,123984.0,3250.0,3257.0,3239.8,3251.5,42259875,3576.6,2926.4,4322.95,2866.6,3246.2,97,6,3246.0,41,6,3245.9,93,5,3245.8,74,3,3245.7,11,1,3246.3,11,8,3246.4,1,1,3246.5,1,1,3247.4,3,1,3247.7,37,3
11536,2025-12-30 11:25:46+05:30,3246.2,18,3249.5,501823,95804.0,123954.0,3250.0,3257.0,3239.8,3251.5,42259875,3576.6,2926.4,4322.95,2866.6,3246.2,38,3,3246.1,31,3,3246.0,41,6,3245.9,22,3,3245.8,159,6,3246.3,8,6,3246.4,1,1,3247.2,3,1,3247.4,3,1,3247.6,15,2
11536,2025-12-30 11:25:46+05:30,3246.2,6,3249.5,501823,95804.0,123954.0,3250.0,3257.0,3239.8,3251.5,42259875,3576.6,2926.4,4322.95,2866.6,3246.2,38,3,3246.1,31,3,3246.0,41,6,3245.9,22,3,3245.8,159,6,3246.3,8,6,3246.4,1,1,3247.2,3,1,3247.4,3,1,3247.6,15,2
11536,2025-12-30 11:25:47+05:30,3246.3,1,3249.5,501904,95749.0,123983.0,3250.0,3257.0,3239.8,3251.5,42259875,3576.6,2926.4,4322.95,2866.6,3246.2,19,3,3246.1,15,2,3246.0,56,7,3245.9,80,5,3245.8,113,5,3246.3,14,8,3246.4,2,2,3247.2,3,1,3247.4,3,1,3247.6,37,2
11536,2025-12-30 11:25:47+05:30,3246.2,2,3249.5,501904,95749.0,123983.0,3250.0,3257.0,3239.8,3251.5,42259875,3576.6,2926.4,4322.95,2866.6,3246.2,19,3,3246.1,15,2,3246.0,56,7,3245.9,80,5,3245.8,113,5,3246.3,14,8,3246.4,2,2,3247.2,3,1,3247.4,3,1,3247.6,37,2
11536,2025-12-30 11:25:48+05:30,3246.3,1,3249.5,501988,96002.0,123590.0,3250.0,3257.0,3239.8,3251.5,42259875,3576.6,2926.4,4322.95,2866.6,3246.2,1,1,3246.1,43,4,3246.0,86,8,3245.9,68,4,3245.8,130,6,3246.3,14,8,3246.4,1,1,3247.2,3,1,3247.4,3,1,3247.6,25,1
11536,2025-12-30 11:25:48+05:30,3246.2,1,3249.5,501988,96002.0,123590.0,3250.0,3257.0,3239.8,3251.5,42259875,3576.6,2926.4,4322.95,2866.6,3246.2,1,1,3246.1,43,4,3246.0,86,8,3245.9,68,4,3245.8,130,6,3246.3,14,8,3246.4,1,1,3247.2,3,1,3247.4,3,1,3247.6,25,1
11536,2025-12-30 11:25:49+05:30,3246.2,8,3249.5,502002,95991.0,123621.0,3250.0,3257.0,3239.8,3251.5,42259875,3576.6,2926.4,4322.95,2866.6,3246.2,25,3,3246.1,27,3,3246.0,101,9,3245.9,68,4,3245.8,130,6,3246.3,10,7,3246.4,1,1,3247.2,3,1,3247.4,3,1,3247.7,27,2
11536,2025-12-30 11:25:49+05:30,3246.2,8,3249.5,502002,95991.0,123621.0,3250.0,3257.0,3239.8,3251.5,42259875,3576.6,2926.4,4322.95,2866.6,3246.2,25,3,3246.1,27,3,3246.0,101,9,3245.9,68,4,3245.8,130,6,3246.3,10,7,3246.4,1,1,3247.2,3,1,3247.4,3,1,3247.7,27,2
11536,2025-12-30 11:25:49+05:30,3246.2,1,3249.5,502002,95991.0,123621.0,3250.0,3257.0,3239.8,3251.5,42259875,3576.6,2926.4,4322.95,2866.6,3246.2,25,3,3246.1,27,3,3246.0,101,9,3245.9,68,4,3245.8,130,6,3246.3,10,7,3246.4,1,1,3247.2,3,1,3247.4,3,1,3247.7,27,2
11536,2025-12-30 11:25:50+05:30,3246.2,5,3249.5,502032,96000.0,123582.0,3250.0,3257.0,3239.8,3251.5,42259875,3576.6,2926.4,4322.95,2866.6,3246.2,1,1,3246.1,49,5,3246.0,86,8,3245.9,96,5,3245.8,102,5,3246.3,8,7,3246.4,1,1,3247.2,3,1,3247.4,3,1,3247.7,27,2
11536,2025-12-30 11:25:50+05:30,3246.2,5,3249.5,502032,96000.0,123582.0,3250.0,3257.0,3239.8,3251.5,42259875,3576.6,2926.4,4322.95,2866.6,3246.2,1,1,3246.1,49,5,3246.0,86,8,3245.9,96,5,3245.8,102,5,3246.3,8,7,3246.4,1,1,3247.2,3,1,3247.4,3,1,3247.7,27,2
11536,2025-12-30 11:25:50+05:30,3246.2,5,3249.5,502032,96000.0,123582.0,3250.0,3257.0,3239.8,3251.5,42259875,3576.6,2926.4,4322.95,2866.6,3246.2,1,1,3246.1,49,5,3246.0,86,8,3245.9,96,5,3245.8,102,5,3246.3,8,7,3246.4,1,1,3247.2,3,1,3247.4,3,1,3247.7,27,2
11536,2025-12-30 11:25:51+05:30,3246.2,1,3249.5,502052,96074.0,122927.0,3250.0,3257.0,3239.8,3251.5,42259875,3576.6,2926.4,4322.95,2866.6,3246.1,45,5,3246.0,112,9,3245.9,68,4,3245.8,102,5,3245.7,27,2,3246.2,1,1,3246.3,6,6,3246.4,1,1,3247.2,3,1,3247.4,3,1
11536,2025-12-30 11:25:51+05:30,3246.1,1,3249.5,502052,96074.0,122927.0,3250.0,3257.0,3239.8,3251.5,42259875,3576.6,2926.4,4322.95,2866.6,3246.1,45,5,3246.0,112,9,3245.9,68,4,3245.8,102,5,3245.7,27,2,3246.2,1,1,3246.3,6,6,3246.4,1,1,3247.2,3,1,3247.4,3,1
11536,2025-12-30 11:25:52+05:30,3246.1,1,3249.5,502052,96074.0,122927.0,3250.0,3257.0,3239.8,3251.5,42259875,3576.6,2926.4,4322.95,2866.6,3246.1,45,5,3246.0,112,9,3245.9,68,4,3245.8,102,5,3245.7,27,2,3246.2,1,1,3246.3,6,6,3246.4,1,1,3247.2,3,1,3247.4,3,1
11536,2025-12-30 11:25:52+05:30,3246.4,1,3249.5,502082,98477.0,122372.0,3250.0,3257.0,3239.8,3251.5,42259875,3576.6,2926.4,4322.95,2866.6,3246.6,21,1,3246.4,117,5,3246.3,263,3,3246.2,169,6,3246.1,176,10,3247.7,12,1,3247.8,3,1,3247.9,7,2,3248.0,32,2,3248.1,12,1
11536,2025-12-30 11:25:52+05:30,3246.4,1,3249.5,502082,98477.0,122372.0,3250.0,3257.0,3239.8,3251.5,42259875,3576.6,2926.4,4322.95,2866.6,3246.6,21,1,3246.4,117,5,3246.3,263,3,3246.2,169,6,3246.1,176,10,3247.7,12,1,3247.8,3,1,3247.9,7,2,3248.0,32,2,3248.1,12,1
11536,2025-12-30 11:25:52+05:30,3246.4,1,3249.5,502082,98477.0,122372.0,3250.0,3257.0,3239.8,3251.5,42259875,3576.6,2926.4,4322.95,2866.6,3246.6,21,1,3246.4,117,5,3246.3,263,3,3246.2,169,6,3246.1,176,10,3247.7,12,1,3247.8,3,1,3247.9,7,2,3248.0,32,2,3248.1,12,1
11536,2025-12-30 11:25:53+05:30,3246.4,1,3249.5,502082,98477.0,122372.0,3250.0,3257.0,3239.8,3251.5,42259875,3576.6,2926.4,4322.95,2866.6,3246.6,21,1,3246.4,117,5,3246.3,263,3,3246.2,169,6,3246.1,176,10,3247.7,12,1,3247.8,3,1,3247.9,7,2,3248.0,32,2,3248.1,12,1
11536,2025-12-30 11:25:53+05:30,3247.7,1,3249.5,502082,98477.0,122372.0,3250.0,3257.0,3239.8,3251.5,42259875,3576.6,2926.4,4322.95,2866.6,3246.6,21,1,3246.4,117,5,3246.3,263,3,3246.2,169,6,3246.1,176,10,3247.7,12,1,3247.8,3,1,3247.9,7,2,3248.0,32,2,3248.1,12,1
11536,2025-12-30 11:25:53+05:30,3247.7,1,3249.5,502083,98192.0,122385.0,3250.0,3257.0,3239.8,3251.5,42259875,3576.6,2926.4,4322.95,2866.6,3246.6,23,2,3246.4,128,6,3246.3,263,3,3246.2,169,6,3246.1,200,11,3247.7,27,4,3247.8,3,1,3247.9,13,2,3248.0,32,2,3248.2,31,3
11536,2025-12-30 11:25:54+05:30,3247.7,1,3249.5,502083,98192.0,122385.0,3250.0,3257.0,3239.8,3251.5,42259875,3576.6,2926.4,4322.95,2866.6,3246.6,23,2,3246.4,128,6,3246.3,263,3,3246.2,169,6,3246.1,200,11,3247.7,27,4,3247.8,3,1,3247.9,13,2,3248.0,32,2,3248.2,31,3
11536,2025-12-30 11:25:54+05:30,3247.7,3,3249.5,502083,98192.0,122385.0,3250.0,3257.0,3239.8,3251.5,42259875,3576.6,2926.4,4322.95,2866.6,3246.6,23,2,3246.4,128,6,3246.3,263,3,3246.2,169,6,3246.1,200,11,3247.7,27,4,3247.8,3,1,3247.9,13,2,3248.0,32,2,3248.2,31,3
11536,2025-12-30 11:25:54+05:30,3247.7,3,3249.5,502112,100571.0,122202.0,3250.0,3257.0,3239.8,3251.5,42259875,3576.6,2926.4,4322.95,2866.6,3247.7,4,1,3247.0,21,1,3246.8,85,3,3246.7,110,3,3246.6,189,6,3248.0,29,5,3248.2,12,1,3248.4,31,3,3248.5,56,3,3248.6,124,3
11536,2025-12-30 11:25:55+05:30,3247.7,3,3249.5,502112,100571.0,122202.0,3250.0,3257.0,3239.8,3251.5,42259875,3576.6,2926.4,4322.95,2866.6,3247.7,4,1,3247.0,21,1,3246.8,85,3,3246.7,110,3,3246.6,189,6,3248.0,29,5,3248.2,12,1,3248.4,31,3,3248.5,56,3,3248.6,124,3
11536,2025-12-30 11:25:55+05:30,3248.0,3,3249.5,502122,100661.0,121977.0,3250.0,3257.0,3239.8,3251.5,42259875,3576.6,2926.4,4322.95,2866.6,3247.7,4,1,3247.0,21,1,3246.8,85,3,3246.7,306,5,3246.6,153,6,3248.0,4,4,3248.2,12,1,3248.4,31,3,3248.5,56,3,3248.6,29,2
11536,2025-12-30 11:25:55+05:30,3248.0,3,3249.5,502122,100661.0,121977.0,3250.0,3257.0,3239.8,3251.5,42259875,3576.6,2926.4,4322.95,2866.6,3247.7,4,1,3247.0,21,1,3246.8,85,3,3246.7,306,5,3246.6,153,6,3248.0,4,4,3248.2,12,1,3248.4,31,3,3248.5,56,3,3248.6,29,2
11536,2025-12-30 11:25:56+05:30,3248.0,3,3249.5,502122,100661.0,121977.0,3250.0,3257.0,3239.8,3251.5,42259875,3576.6,2926.4,4322.95,2866.6,3247.7,4,1,3247.0,21,1,3246.8,85,3,3246.7,306,5,3246.6,153,6,3248.0,4,4,3248.2,12,1,3248.4,31,3,3248.5,56,3,3248.6,29,2
11536,2025-12-30 11:25:56+05:30,3247.9,16,3249.5,502153,100795.0,121829.0,3250.0,3257.0,3239.8,3251.5,42259875,3576.6,2926.4,4322.95,2866.6,3247.9,11,1,3247.2,21,1,3247.0,21,1,3246.9,61,1,3246.8,144,5,3248.0,5,5,3248.1,9,1,3248.4,15,2,3248.5,10,1,3248.6,7,1
11536,2025-12-30 11:25:56+05:30,3247.9,66,3249.5,502153,100795.0,121829.0,3250.0,3257.0,3239.8,3251.5,42259875,3576.6,2926.4,4322.95,2866.6,3247.9,11,1,3247.2,21,1,3247.0,21,1,3246.9,61,1,3246.8,144,5,3248.0,5,5,3248.1,9,1,3248.4,15,2,3248.5,10,1,3248.6,7,1
11536,2025-12-30 11:25:56+05:30,3247.9,66,3249.5,502153,100795.0,121829.0,3250.0,3257.0,3239.8,3251.5,42259875,3576.6,2926.4,4322.95,2866.6,3247.9,11,1,3247.2,21,1,3247.0,21,1,3246.9,61,1,3246.8,144,5,3248.0,5,5,3248.1,9,1,3248.4,15,2,3248.5,10,1,3248.6,7,1
11536,2025-12-30 11:25:57+05:30,3247.9,66,3249.5,502153,100795.0,121829.0,3250.0,3257.0,3239.8,3251.5,42259875,3576.6,2926.4,4322.95,2866.6,3247.9,11,1,3247.2,21,1,3247.0,21,1,3246.9,61,1,3246.8,144,5,3248.0,5,5,3248.1,9,1,3248.4,15,2,3248.5,10,1,3248.6,7,1
11536,2025-12-30 11:25:57+05:30,3247.0,4,3249.5,502224,99934.0,122015.0,3250.0,3257.0,3239.8,3251.5,42259875,3576.6,2926.4,4322.95,2866.6,3247.0,19,2,3246.8,46,3,3246.7,26,2,3246.6,185,4,3246.5,101,4,3247.9,13,4,3248.0,4,4,3248.1,10,1,3248.3,11,1,3248.4,15,2
11536,2025-12-30 11:25:57+05:30,3247.0,4,3249.5,502224,99934.0,122015.0,3250.0,3257.0,3239.8,3251.5,42259875,3576.6,2926.4,4322.95,2866.6,3247.0,19,2,3246.8,46,3,3246.7,26,2,3246.6,185,4,3246.5,101,4,3247.9,13,4,3248.0,4,4,3248.1,10,1,3248.3,11,1,3248.4,15,2
11536,2025-12-30 11:25:58+05:30,3247.0,4,3249.5,502224,99934.0,122015.0,3250.0,3257.0,3239.8,3251.5,42259875,3576.6,2926.4,4322.95,2866.6,3247.0,19,2,3246.8,46,3,3246.7,26,2,3246.6,185,4,3246.5,101,4,3247.9,13,4,3248.0,4,4,3248.1,10,1,3248.3,11,1,3248.4,15,2
11536,2025-12-30 11:25:58+05:30,3247.0,7,3249.5,502235,99082.0,123057.0,3250.0,3257.0,3239.8,3251.5,42259875,3576.6,2926.4,4322.95,2866.6,3247.0,3,1,3246.8,46,3,3246.7,26,2,3246.6,39,3,3246.5,57,2,3247.8,15,2,3247.9,27,8,3248.0,12,3,3248.1,39,3,3248.2,29,3
11536,2025-12-30 11:25:58+05:30,3247.0,10,3249.5,502235,99082.0,123057.0,3250.0,3257.0,3239.8,3251.5,42259875,3576.6,2926.4,4322.95,2866.6,3247.0,3,1,3246.8,46,3,3246.7,26,2,3246.6,39,3,3246.5,57,2,3247.8,15,2,3247.9,27,8,3248.0,12,3,3248.1,39,3,3248.2,29,3
11536,2025-12-30 11:25:59+05:30,3247.0,10,3249.5,502235,99082.0,123057.0,3250.0,3257.0,3239.8,3251.5,42259875,3576.6,2926.4,4322.95,2866.6,3247.0,3,1,3246.8,46,3,3246.7,26,2,3246.6,39,3,3246.5,57,2,3247.8,15,2,3247.9,27,8,3248.0,12,3,3248.1,39,3,3248.2,29,3
11536,2025-12-30 11:25:59+05:30,3246.8,1,3249.5,502270,98824.0,122758.0,3250.0,3257.0,3239.8,3251.5,42259875,3576.6,2926.4,4322.95,2866.6,3246.8,2,2,3246.7,2,2,3246.6,4,2,3246.5,168,5,3246.4,47,2,3247.0,3,3,3247.8,2,2,3247.9,5,4,3248.0,1,1,3248.1,27,2
11536,2025-12-30 11:25:59+05:30,3246.8,2,3249.5,502270,98824.0,122758.0,3250.0,3257.0,3239.8,3251.5,42259875,3576.6,2926.4,4322.95,2866.6,3246.8,2,2,3246.7,2,2,3246.6,4,2,3246.5,168,5,3246.4,47,2,3247.0,3,3,3247.8,2,2,3247.9,5,4,3248.0,1,1,3248.1,27,2
11536,2025-12-30 11:26:00+05:30,3246.7,1,3249.5,502288,98682.0,123381.0,3250.0,3257.0,3239.8,3251.5,42259875,3576.6,2926.4,4322.95,2866.6,3246.8,53,1,3246.7,2,2,3246.6,4,2,3246.5,101,2,3246.4,42,2,3247.0,7,7,3247.8,34,4,3247.9,2,2,3248.0,14,2,3248.1,38,3
11536,2025-12-30 11:26:00+05:30,3246.8,1,3249.5,502288,98682.0,123381.0,3250.0,3257.0,3239.8,3251.5,42259875,3576.6,2926.4,4322.95,2866.6,3246.8,53,1,3246.7,2,2,3246.6,4,2,3246.5,101,2,3246.4,42,2,3247.0,7,7,3247.8,34,4,3247.9,2,2,3248.0,14,2,3248.1,38,3
11536,2025-12-30 11:26:01+05:30,3246.8,1,3249.5,502288,98682.0,123381.0,3250.0,3257.0,3239.8,3251.5,42259875,3576.6,2926.4,4322.95,2866.6,3246.8,53,1,3246.7,2,2,3246.6,4,2,3246.5,101,2,3246.4,42,2,3247.0,7,7,3247.8,34,4,3247.9,2,2,3248.0,14,2,3248.1,38,3
11536,2025-12-30 11:26:01+05:30,3246.8,7,3249.5,502304,98622.0,123422.0,3250.0,3257.0,3239.8,3251.5,42259875,3576.6,2926.4,4322.95,2866.6,3246.8,39,1,3246.7,2,2,3246.6,4,2,3246.5,101,2,3246.4,21,1,3247.0,8,8,3247.8,33,3,3248.0,14,2,3248.1,38,3,3248.2,18,2
11536,2025-12-30 11:26:01+05:30,3246.8,1,3249.5,502304,98622.0,123422.0,3250.0,3257.0,3239.8,3251.5,42259875,3576.6,2926.4,4322.95,2866.6,3246.8,39,1,3246.7,2,2,3246.6,4,2,3246.5,101,2,3246.4,21,1,3247.0,8,8,3247.8,33,3,3248.0,14,2,3248.1,38,3,3248.2,18,2
11536,2025-12-30 11:26:02+05:30,3246.8,1,3249.5,502304,98622.0,123422.0,3250.0,3257.0,3239.8,3251.5,42259875,3576.6,2926.4,4322.95,2866.6,3246.8,39,1,3246.7,2,2,3246.6,4,2,3246.5,101,2,3246.4,21,1,3247.0,8,8,3247.8,33,3,3248.0,14,2,3248.1,38,3,3248.2,18,2
11536,2025-12-30 11:26:02+05:30,3246.8,3,3249.5,502317,98587.0,123426.0,3250.0,3257.0,3239.8,3251.5,42259875,3576.6,2926.4,4322.95,2866.6,3246.8,31,1,3246.7,2,2,3246.6,13,3,3246.5,103,4,3246.4,21,1,3247.0,8,8,3247.8,32,2,3248.0,14,2,3248.1,38,3,3248.2,18,2
11536,2025-12-30 11:26:02+05:30,3246.8,4,3249.5,502317,98587.0,123426.0,3250.0,3257.0,3239.8,3251.5,42259875,3576.6,2926.4,4322.95,2866.6,3246.8,31,1,3246.7,2,2,3246.6,13,3,3246.5,103,4,3246.4,21,1,3247.0,8,8,3247.8,32,2,3248.0,14,2,3248.1,38,3,3248.2,18,2
11536,2025-12-30 11:26:03+05:30,3246.8,1,3249.5,502322,98588.0,123427.0,3250.0,3257.0,3239.8,3251.5,42259875,3576.6,2926.4,4322.95,2866.6,3246.8,34,3,3246.7,2,2,3246.6,13,3,3246.5,103,4,3246.4,21,1,3247.0,9,9,3247.8,32,2,3248.0,14,2,3248.1,38,3,3248.2,18,2
11536,2025-12-30 11:26:03+05:30,3246.8,2,3249.5,502322,98588.0,123427.0,3250.0,3257.0,3239.8,3251.5,42259875,3576.6,2926.4,4322.95,2866.6,3246.8,34,3,3246.7,2,2,3246.6,13,3,3246.5,103,4,3246.4,21,1,3247.0,9,9,3247.8,32,2,3248.0,14,2,3248.1,38,3,3248.2,18,2
11536,2025-12-30 11:26:04+05:30,3246.8,2,3249.5,502322,98588.0,123427.0,3250.0,3257.0,3239.8,3251.5,42259875,3576.6,2926.4,4322.95,2866.6,3246.8,34,3,3246.7,2,2,3246.6,13,3,3246.5,103,4,3246.4,21,1,3247.0,9,9,3247.8,32,2,3248.0,14,2,3248.1,38,3,3248.2,18,2
11536,2025-12-30 11:26:04+05:30,3246.8,1,3249.5,502329,98211.0,123620.0,3250.0,3257.0,3239.8,3251.5,42259875,3576.6,2926.4,4322.95,2866.6,3246.8,20,2,3246.7,9,3,3246.6,13,3,3246.5,103,4,3246.2,25,2,3247.0,9,9,3247.8,41,3,3248.0,2,1,3248.1,50,4,3248.2,46,3
11536,2025-12-30 11:26:04+05:30,3246.8,2,3249.5,502329,98211.0,123620.0,3250.0,3257.0,3239.8,3251.5,42259875,3576.6,2926.4,4322.95,2866.6,3246.8,20,2,3246.7,9,3,3246.6,13,3,3246.5,103,4,3246.2,25,2,3247.0,9,9,3247.8,41,3,3248.0,2,1,3248.1,50,4,3248.2,46,3
11536,2025-12-30 11:26:05+05:30,3247.0,1,3249.5,502339,98345.0,123661.0,3250.0,3257.0,3239.8,3251.5,42259875,3576.6,2926.4,4322.95,2866.6,3246.8,13,2,3246.7,9,3,3246.6,13,3,3246.5,103,4,3246.2,25,2,3247.0,7,7,3247.8,41,3,3248.0,2,1,3248.1,50,4,3248.2,46,3
11536,2025-12-30 11:26:05+05:30,3246.8,2,3249.5,502339,98345.0,123661.0,3250.0,3257.0,3239.8,3251.5,42259875,3576.6,2926.4,4322.95,2866.6,3246.8,13,2,3246.7,9,3,3246.6,13,3,3246.5,103,4,3246.2,25,2,3247.0,7,7,3247.8,41,3,3248.0,2,1,3248.1,50,4,3248.2,46,3
11536,2025-12-30 11:26:05+05:30,3246.8,2,3249.5,502339,98345.0,123661.0,3250.0,3257.0,3239.8,3251.5,42259875,3576.6,2926.4,4322.95,2866.6,3246.8,13,2,3246.7,9,3,3246.6,13,3,3246.5,103,4,3246.2,25,2,3247.0,7,7,3247.8,41,3,3248.0,2,1,3248.1,50,4,3248.2,46,3
11536,2025-12-30 11:26:06+05:30,3246.8,1,3249.5,502343,98193.0,123660.0,3250.0,3257.0,3239.8,3251.5,42259875,3576.6,2926.4,4322.95,2866.6,3246.8,18,4,3246.7,2,2,3246.6,13,3,3246.5,103,4,3246.2,25,2,3247.0,6,6,3247.8,41,3,3248.0,2,1,3248.1,50,4,3248.2,46,3
11536,2025-12-30 11:26:06+05:30,3246.8,10,3249.5,502343,98193.0,123660.0,3250.0,3257.0,3239.8,3251.5,42259875,3576.6,2926.4,4322.95,2866.6,3246.8,18,4,3246.7,2,2,3246.6,13,3,3246.5,103,4,3246.2,25,2,3247.0,6,6,3247.8,41,3,3248.0,2,1,3248.1,50,4,3248.2,46,3
11536,2025-12-30 11:26:07+05:30,3246.8,10,3249.5,502343,98193.0,123660.0,3250.0,3257.0,3239.8,3251.5,42271250,3576.6,2926.4,4322.95,2866.6,3246.8,18,4,3246.7,2,2,3246.6,13,3,3246.5,103,4,3246.2,25,2,3247.0,6,6,3247.8,41,3,3248.0,2,1,3248.1,50,4,3248.2,46,3
11536,2025-12-30 11:26:07+05:30,3246.8,1,3249.5,502426,98158.0,123874.0,3250.0,3257.0,3239.8,3251.5,42271250,3576.6,2926.4,4322.95,2866.6,3246.8,6,1,3246.7,2,2,3246.6,13,3,3246.5,103,4,3246.2,25,2,3247.0,6,3,3247.3,9,1,3247.5,21,1,3247.6,6,1,3247.7,43,1
11536,2025-12-30 11:26:07+05:30,3246.8,1,3249.5,502426,98158.0,123874.0,3250.0,3257.0,3239.8,3251.5,42271250,3576.6,2926.4,4322.95,2866.6,3246.8,6,1,3246.7,2,2,3246.6,13,3,3246.5,103,4,3246.2,25,2,3247.0,6,3,3247.3,9,1,3247.5,21,1,3247.6,6,1,3247.7,43,1
11536,2025-12-30 11:26:08+05:30,3246.8,1,3249.5,502427,98142.0,123894.0,3250.0,3257.0,3239.8,3251.5,42271250,3576.6,2926.4,4322.95,2866.6,3246.8,5,1,3246.7,2,2,3246.6,13,3,3246.5,103,4,3246.2,22,1,3247.0,5,2,3247.3,9,1,3247.5,21,1,3247.6,6,1,3247.7,43,1
11536,2025-12-30 11:26:08+05:30,3246.8,1,3249.5,502427,98142.0,123894.0,3250.0,3257.0,3239.8,3251.5,42271250,3576.6,2926.4,4322.95,2866.6,3246.8,5,1,3246.7,2,2,3246.6,13,3,3246.5,103,4,3246.2,22,1,3247.0,5,2,3247.3,9,1,3247.5,21,1,3247.6,6,1,3247.7,43,1
11536,2025-12-30 11:26:09+05:30,3247.0,2,3249.5,502489,98033.0,123830.0,3250.0,3257.0,3239.8,3251.5,42271250,3576.6,2926.4,4322.95,2866.6,3246.8,31,2,3246.7,2,2,3246.6,13,3,3246.5,103,4,3246.2,22,1,3247.0,7,2,3247.3,9,1,3247.5,32,2,3247.6,20,2,3247.7,43,1
11536,2025-12-30 11:26:09+05:30,3247.0,2,3249.5,502489,98033.0,123830.0,3250.0,3257.0,3239.8,3251.5,42271250,3576.6,2926.4,4322.95,2866.6,3246.8,31,2,3246.7,2,2,3246.6,13,3,3246.5,103,4,3246.2,22,1,3247.0,7,2,3247.3,9,1,3247.5,32,2,3247.6,20,2,3247.7,43,1
11536,2025-12-30 11:26:10+05:30,3247.0,2,3249.5,502489,98033.0,123830.0,3250.0,3257.0,3239.8,3251.5,42271250,3576.6,2926.4,4322.95,2866.6,3246.8,31,2,3246.7,2,2,3246.6,13,3,3246.5,103,4,3246.2,22,1,3247.0,7,2,3247.3,9,1,3247.5,32,2,3247.6,20,2,3247.7,43,1
11536,2025-12-30 11:26:10+05:30,3246.9,5,3249.5,502494,98333.0,123836.0,3250.0,3257.0,3239.8,3251.5,42271250,3576.6,2926.4,4322.95,2866.6,3246.9,1,1,3246.8,27,3,3246.7,2,2,3246.6,13,3,3246.5,103,4,3247.0,9,3,3247.5,32,2,3247.6,14,1,3247.7,43,1,3247.8,43,3
11536,2025-12-30 11:26:10+05:30,3246.9,5,3249.5,502494,98333.0,123836.0,3250.0,3257.0,3239.8,3251.5,42271250,3576.6,2926.4,4322.95,2866.6,3246.9,1,1,3246.8,27,3,3246.7,2,2,3246.6,13,3,3246.5,103,4,3247.0,9,3,3247.5,32,2,3247.6,14,1,3247.7,43,1,3247.8,43,3
11536,2025-12-30 11:26:11+05:30,3246.9,1,3249.5,502495,97794.0,124000.0,3250.0,3257.0,3239.8,3251.5,42271250,3576.6,2926.4,4322.95,2866.6,3246.8,27,3,3246.7,2,2,3246.6,13,3,3246.5,103,4,3246.2,22,1,3246.9,3,2,3247.0,47,6,3247.4,9,1,3247.5,32,2,3247.6,24,2
11536,2025-12-30 11:26:11+05:30,3246.9,1,3249.5,502495,97794.0,124000.0,3250.0,3257.0,3239.8,3251.5,42271250,3576.6,2926.4,4322.95,2866.6,3246.8,27,3,3246.7,2,2,3246.6,13,3,3246.5,103,4,3246.2,22,1,3246.9,3,2,3247.0,47,6,3247.4,9,1,3247.5,32,2,3247.6,24,2
11536,2025-12-30 11:26:12+05:30,3246.9,1,3249.5,502500,98018.0,124016.0,3250.0,3257.0,3239.8,3251.5,42271250,3576.6,2926.4,4322.95,2866.6,3246.8,27,3,3246.7,2,2,3246.6,13,3,3246.5,103,4,3246.2,22,1,3246.9,1,1,3247.0,47,6,3247.5,21,1,3247.7,46,2,3247.8,29,3
11536,2025-12-30 11:26:12+05:30,3246.8,1,3249.5,502500,98018.0,124016.0,3250.0,3257.0,3239.8,3251.5,42271250,3576.6,2926.4,4322.95,2866.6,3246.8,27,3,3246.7,2,2,3246.6,13,3,3246.5,103,4,3246.2,22,1,3246.9,1,1,3247.0,47,6,3247.5,21,1,3247.7,46,2,3247.8,29,3
11536,2025-12-30 11:26:13+05:30,3246.8,1,3249.5,502514,97838.0,124007.0,3250.0,3257.0,3239.8,3251.5,42271250,3576.6,2926.4,4322.95,2866.6,3246.8,13,3,3246.7,2,2,3246.6,13,3,3246.5,103,4,3246.2,22,1,3246.9,5,5,3247.0,44,4,3247.5,21,1,3247.6,11,1,3247.7,46,2
11536,2025-12-30 11:26:13+05:30,3246.8,1,3249.5,502514,97838.0,124007.0,3250.0,3257.0,3239.8,3251.5,42271250,3576.6,2926.4,4322.95,2866.6,3246.8,13,3,3246.7,2,2,3246.6,13,3,3246.5,103,4,3246.2,22,1,3246.9,5,5,3247.0,44,4,3247.5,21,1,3247.6,11,1,3247.7,46,2
11536,2025-12-30 11:26:14+05:30,3247.7,10,3249.49,502654,98575.0,123291.0,3250.0,3257.0,3239.8,3251.5,42271250,3576.6,2926.4,4322.95,2866.6,3246.8,1,1,3246.7,2,2,3246.6,13,3,3246.5,111,5,3246.4,21,1,3247.7,50,5,3247.8,282,1,3247.9,2,1,3248.0,22,2,3248.1,27,2
11536,2025-12-30 11:26:14+05:30,3247.7,10,3249.49,502654,98575.0,123291.0,3250.0,3257.0,3239.8,3251.5,42271250,3576.6,2926.4,4322.95,2866.6,3246.8,1,1,3246.7,2,2,3246.6,13,3,3246.5,111,5,3246.4,21,1,3247.7,50,5,3247.8,282,1,3247.9,2,1,3248.0,22,2,3248.1,27,2
11536,2025-12-30 11:26:15+05:30,3247.7,1,3249.49,502655,98430.0,123445.0,3250.0,3257.0,3239.8,3251.5,42271250,3576.6,2926.4,4322.95,2866.6,3246.8,48,2,3246.7,2,2,3246.6,16,4,3246.5,111,5,3246.4,42,2,3247.7,49,5,3247.8,292,2,3247.9,2,1,3248.0,21,2,3248.1,27,2
11536,2025-12-30 11:26:15+05:30,3247.7,1,3249.49,502655,98430.0,123445.0,3250.0,3257.0,3239.8,3251.5,42271250,3576.6,2926.4,4322.95,2866.6,3246.8,48,2,3246.7,2,2,3246.6,16,4,3246.5,111,5,3246.4,42,2,3247.7,49,5,3247.8,292,2,3247.9,2,1,3248.0,21,2,3248.1,27,2
11536,2025-12-30 11:26:16+05:30,3246.8,36,3249.49,502694,98413.0,124055.0,3250.0,3257.0,3239.8,3251.5,42271250,3576.6,2926.4,4322.95,2866.6,3246.8,12,2,3246.7,2,2,3246.6,16,4,3246.5,103,4,3246.4,21,1,3247.6,18,2,3247.7,323,6,3247.8,31,3,3247.9,15,2,3248.0,21,2
11536,2025-12-30 11:26:16+05:30,3246.8,1,3249.49,502694,98413.0,124055.0,3250.0,3257.0,3239.8,3251.5,42271250,3576.6,2926.4,4322.95,2866.6,3246.8,12,2,3246.7,2,2,3246.6,16,4,3246.5,103,4,3246.4,21,1,3247.6,18,2,3247.7,323,6,3247.8,31,3,3247.9,15,2,3248.0,21,2
11536,2025-12-30 11:26:17+05:30,3246.8,15,3249.49,502799,98181.0,124364.0,3250.0,3257.0,3239.8,3251.5,42271250,3576.6,2926.4,4322.95,2866.6,3246.8,3,1,3246.7,2,2,3246.6,16,4,3246.5,104,5,3246.2,20,1,3247.5,317,7,3247.6,24,4,3247.7,51,5,3247.8,21,2,3247.9,15,2
11536,2025-12-30 11:26:17+05:30,3246.8,15,3249.49,502799,98181.0,124364.0,3250.0,3257.0,3239.8,3251.5,42271250,3576.6,2926.4,4322.95,2866.6,3246.8,3,1,3246.7,2,2,3246.6,16,4,3246.5,104,5,3246.2,20,1,3247.5,317,7,3247.6,24,4,3247.7,51,5,3247.8,21,2,3247.9,15,2
11536,2025-12-30 11:26:18+05:30,3246.8,1,3249.49,502800,98022.0,124605.0,3250.0,3257.0,3239.8,3251.5,42271250,3576.6,2926.4,4322.95,2866.6,3246.8,51,2,3246.7,2,2,3246.6,16,4,3246.5,104,5,3246.2,20,1,3247.5,333,10,3247.6,24,4,3247.7,50,4,3247.8,21,2,3247.9,15,2
11536,2025-12-30 11:26:18+05:30,3246.8,9,3249.49,502800,98022.0,124605.0,3250.0,3257.0,3239.8,3251.5,42271250,3576.6,2926.4,4322.95,2866.6,3246.8,51,2,3246.7,2,2,3246.6,16,4,3246.5,104,5,3246.2,20,1,3247.5,333,10,3247.6,24,4,3247.7,50,4,3247.8,21,2,3247.9,15,2
11536,2025-12-30 11:26:19+05:30,3246.8,1,3249.49,502836,98243.0,124623.0,3250.0,3257.0,3239.8,3251.5,42271250,3576.6,2926.4,4322.95,2866.6,3246.8,18,2,3246.7,2,2,3246.6,16,4,3246.5,104,5,3246.2,20,1,3247.5,337,12,3247.6,22,3,3247.7,49,3,3247.8,35,3,3247.9,15,2
11536,2025-12-30 11:26:19+05:30,3246.8,1,3249.49,502836,98243.0,124623.0,3250.0,3257.0,3239.8,3251.5,42271250,3576.6,2926.4,4322.95,2866.6,3246.8,18,2,3246.7,2,2,3246.6,16,4,3246.5,104,5,3246.2,20,1,3247.5,337,12,3247.6,22,3,3247.7,49,3,3247.8,35,3,3247.9,15,2
11536,2025-12-30 11:26:20+05:30,3246.7,1,3249.49,502866,97252.0,124518.0,3250.0,3257.0,3239.8,3251.5,42271250,3576.6,2926.4,4322.95,2866.6,3246.6,16,4,3246.5,104,5,3246.1,4,1,3246.0,110,8,3245.9,137,4,3246.7,5,5,3247.4,1,1,3247.5,312,10,3247.6,22,2,3247.7,49,3
11536,2025-12-30 11:26:20+05:30,3246.7,1,3249.49,502866,97252.0,124518.0,3250.0,3257.0,3239.8,3251.5,42271250,3576.6,2926.4,4322.95,2866.6,3246.6,16,4,3246.5,104,5,3246.1,4,1,3246.0,110,8,3245.9,137,4,3246.7,5,5,3247.4,1,1,3247.5,312,10,3247.6,22,2,3247.7,49,3
11536,2025-12-30 11:26:21+05:30,3246.6,1,3249.49,502877,97077.0,123244.0,3250.0,3257.0,3239.8,3251.5,42271250,3576.6,2926.4,4322.95,2866.6,3246.6,9,4,3246.5,104,5,3246.1,4,1,3246.0,110,8,3245.9,137,4,3246.7,22,9,3247.4,1,1,3247.5,295,6,3247.6,22,2,3247.7,49,3
11536,2025-12-30 11:26:21+05:30,3246.6,3,3249.49,502877,97077.0,123244.0,3250.0,3257.0,3239.8,3251.5,42271250,3576.6,2926.4,4322.95,2866.6,3246.6,9,4,3246.5,104,5,3246.1,4,1,3246.0,110,8,3245.9,137,4,3246.7,22,9,3247.4,1,1,3247.5,295,6,3247.6,22,2,3247.7,49,3
11536,2025-12-30 11:26:22+05:30,3246.6,1,3249.49,502894,96887.0,123401.0,3250.0,3257.0,3239.8,3251.5,42271250,3576.6,2926.4,4322.95,2866.6,3246.6,5,3,3246.5,104,5,3246.1,4,1,3246.0,72,7,3245.9,32,2,3246.7,23,10,3246.9,4,1,3247.0,282,1,3247.1,7,2,3247.3,19,2
11536,2025-12-30 11:26:22+05:30,3246.6,2,3249.49,502894,96887.0,123401.0,3250.0,3257.0,3239.8,3251.5,42271250,3576.6,2926.4,4322.95,2866.6,3246.6,5,3,3246.5,104,5,3246.1,4,1,3246.0,72,7,3245.9,32,2,3246.7,23,10,3246.9,4,1,3247.0,282,1,3247.1,7,2,3247.3,19,2
11536,2025-12-30 11:26:23+05:30,3246.6,2,3249.49,502910,96075.0,124354.0,3250.0,3257.0,3239.8,3251.5,42271250,3576.6,2926.4,4322.95,2866.6,3246.6,13,3,3246.5,104,5,3246.1,4,1,3246.0,26,5,3245.9,1,1,3246.7,22,9,3246.8,9,1,3246.9,286,2,3247.0,12,2,3247.1,6,1
11536,2025-12-30 11:26:23+05:30,3246.6,2,3249.49,502910,96075.0,124354.0,3250.0,3257.0,3239.8,3251.5,42271250,3576.6,2926.4,4322.95,2866.6,3246.6,13,3,3246.5,104,5,3246.1,4,1,3246.0,26,5,3245.9,1,1,3246.7,22,9,3246.8,9,1,3246.9,286,2,3247.0,12,2,3247.1,6,1
11536,2025-12-30 11:26:24+05:30,3246.7,1,3249.49,502910,96075.0,124354.0,3250.0,3257.0,3239.8,3251.5,42271250,3576.6,2926.4,4322.95,2866.6,3246.6,13,3,3246.5,104,5,3246.1,4,1,3246.0,26,5,3245.9,1,1,3246.7,22,9,3246.8,9,1,3246.9,286,2,3247.0,12,2,3247.1,6,1
11536,2025-12-30 11:26:24+05:30,3246.7,1,3249.49,502941,97325.0,123289.0,3250.0,3257.0,3239.8,3251.5,42271250,3576.6,2926.4,4322.95,2866.6,3246.7,3,1,3246.6,18,4,3246.5,104,5,3246.1,4,1,3246.0,47,6,3247.2,13,3,3247.3,290,2,3247.4,21,2,3247.5,20,2,3247.6,26,3
11536,2025-12-30 11:26:25+05:30,3247.2,1,3249.49,502941,97325.0,123289.0,3250.0,3257.0,3239.8,3251.5,42271250,3576.6,2926.4,4322.95,2866.6,3246.7,3,1,3246.6,18,4,3246.5,104,5,3246.1,4,1,3246.0,47,6,3247.2,13,3,3247.3,290,2,3247.4,21,2,3247.5,20,2,3247.6,26,3
11536,2025-12-30 11:26:25+05:30,3247.2,1,3249.49,502942,97362.0,123130.0,3250.0,3257.0,3239.8,3251.5,42271250,3576.6,2926.4,4322.95,2866.6,3246.7,3,1,3246.6,18,4,3246.5,104,5,3246.1,4,1,3246.0,47,6,3247.2,21,5,3247.3,290,2,3247.4,19,2,3247.5,20,2,3247.6,37,4
11536,2025-12-30 11:26:26+05:30,3246.6,7,3249.49,502942,97362.0,123130.0,3250.0,3257.0,3239.8,3251.5,42271250,3576.6,2926.4,4322.95,2866.6,3246.7,3,1,3246.6,18,4,3246.5,104,5,3246.1,4,1,3246.0,47,6,3247.2,21,5,3247.3,290,2,3247.4,19,2,3247.5,20,2,3247.6,37,4
11536,2025-12-30 11:26:27+05:30,3246.6,7,3249.49,503026,97395.0,122784.0,3250.0,3257.0,3239.8,3251.5,42271250,3576.6,2926.4,4322.95,2866.6,3246.6,9,3,3246.5,104,5,3246.1,4,1,3246.0,47,6,3245.9,24,3,3246.7,2,2,3247.2,1,1,3247.4,1,1,3247.5,20,2,3247.6,14,2
11536,2025-12-30 11:26:27+05:30,3246.7,1,3249.49,503026,97395.0,122784.0,3250.0,3257.0,3239.8,3251.5,42271250,3576.6,2926.4,4322.95,2866.6,3246.6,9,3,3246.5,104,5,3246.1,4,1,3246.0,47,6,3245.9,24,3,3246.7,2,2,3247.2,1,1,3247.4,1,1,3247.5,20,2,3247.6,14,2
11536,2025-12-30 11:26:28+05:30,3246.6,1,3249.49,503032,97601.0,121740.0,3250.0,3257.0,3239.8,3251.5,42271250,3576.6,2926.4,4322.95,2866.6,3246.6,66,3,3246.5,104,5,3246.1,4,1,3246.0,61,7,3245.9,10,2,3246.7,9,6,3247.4,1,1,3247.5,20,2,3247.6,14,2,3247.7,18,2
11536,2025-12-30 11:26:28+05:30,3246.6,1,3249.49,503032,97601.0,121740.0,3250.0,3257.0,3239.8,3251.5,42271250,3576.6,2926.4,4322.95,2866.6,3246.6,66,3,3246.5,104,5,3246.1,4,1,3246.0,61,7,3245.9,10,2,3246.7,9,6,3247.4,1,1,3247.5,20,2,3247.6,14,2,3247.7,18,2
11536,2025-12-30 11:26:29+05:30,3246.6,1,3249.49,503052,97605.0,123048.0,3250.0,3257.0,3239.8,3251.5,42271250,3576.6,2926.4,4322.95,2866.6,3246.6,66,3,3246.5,104,5,3246.4,14,1,3246.2,14,1,3246.1,4,1,3246.7,6,4,3247.4,1,1,3247.5,20,2,3247.6,14,2,3247.7,18,2
11536,2025-12-30 11:26:29+05:30,3246.6,9,3249.49,503052,97605.0,123048.0,3250.0,3257.0,3239.8,3251.5,42271250,3576.6,2926.4,4322.95,2866.6,3246.6,66,3,3246.5,104,5,3246.4,14,1,3246.2,14,1,3246.1,4,1,3246.7,6,4,3247.4,1,1,3247.5,20,2,3247.6,14,2,3247.7,18,2
11536,2025-12-30 11:26:30+05:30,3246.6,3,3249.49,503090,97600.0,123175.0,3250.0,3257.0,3239.8,3251.5,42271250,3576.6,2926.4,4322.95,2866.6,3246.6,41,1,3246.5,104,5,3246.1,4,1,3246.0,100,9,3245.9,103,2,3246.7,2,2,3247.4,1,1,3247.5,18,2,3247.6,14,2,3247.7,13,1
11536,2025-12-30 11:26:30+05:30,3246.1,15,3249.49,503090,97600.0,123175.0,3250.0,3257.0,3239.8,3251.5,42271250,3576.6,2926.4,4322.95,2866.6,3246.6,41,1,3246.5,104,5,3246.1,4,1,3246.0,100,9,3245.9,103,2,3246.7,2,2,3247.4,1,1,3247.5,18,2,3247.6,14,2,3247.7,13,1
11536,2025-12-30 11:26:31+05:30,3246.1,15,3249.49,503268,95536.0,123552.0,3250.0,3257.0,3239.8,3251.5,42271250,3576.6,2926.4,4322.95,2866.6,3246.6,4,1,3246.1,4,1,3246.0,46,8,3245.9,1,1,3245.8,35,2,3246.7,4,4,3247.1,1,1,3247.5,23,4,3247.6,32,3,3247.7,13,1
11536,2025-12-30 11:26:31+05:30,3246.6,1,3249.49,503268,95536.0,123552.0,3250.0,3257.0,3239.8,3251.5,42271250,3576.6,2926.4,4322.95,2866.6,3246.6,4,1,3246.1,4,1,3246.0,46,8,3245.9,1,1,3245.8,35,2,3246.7,4,4,3247.1,1,1,3247.5,23,4,3247.6,32,3,3247.7,13,1
11536,2025-12-30 11:26:32+05:30,3246.6,1,3249.49,503270,95141.0,124682.0,3250.0,3257.0,3239.8,3251.5,42271250,3576.6,2926.4,4322.95,2866.6,3246.1,4,1,3246.0,35,8,3245.9,3,2,3245.8,5,1,3245.7,20,2,3246.6,1,1,3246.7,15,8,3246.8,326,3,3246.9,43,1,3247.0,3,1
11536,2025-12-30 11:26:32+05:30,3246.1,1,3249.49,503270,95141.0,124682.0,3250.0,3257.0,3239.8,3251.5,42271250,3576.6,2926.4,4322.95,2866.6,3246.1,4,1,3246.0,35,8,3245.9,3,2,3245.8,5,1,3245.7,20,2,3246.6,1,1,3246.7,15,8,3246.8,326,3,3246.9,43,1,3247.0,3,1
11536,2025-12-30 11:26:33+05:30,3246.1,6,3249.49,503332,95428.0,124585.0,3250.0,3257.0,3239.8,3251.5,42271250,3576.6,2926.4,4322.95,2866.6,3246.1,4,1,3246.0,35,8,3245.9,3,2,3245.8,5,1,3245.7,20,2,3246.6,1,1,3246.7,16,5,3246.8,55,2,3246.9,336,3,3247.0,3,1
11536,2025-12-30 11:26:33+05:30,3246.8,8,3249.49,503332,95428.0,124585.0,3250.0,3257.0,3239.8,3251.5,42271250,3576.6,2926.4,4322.95,2866.6,3246.1,4,1,3246.0,35,8,3245.9,3,2,3245.8,5,1,3245.7,20,2,3246.6,1,1,3246.7,16,5,3246.8,55,2,3246.9,336,3,3247.0,3,1
11536,2025-12-30 11:26:34+05:30,3246.8,8,3249.49,503405,96080.0,122771.0,3250.0,3257.0,3239.8,3251.5,42271250,3576.6,2926.4,4322.95,2866.6,3246.1,7,2,3246.0,32,7,3245.9,3,2,3245.8,87,3,3245.7,124,4,3247.0,283,2,3247.1,1,1,3247.2,10,2,3247.3,12,2,3247.4,7,2
11536,2025-12-30 11:26:35+05:30,3247.0,1,3249.49,503406,96059.0,121543.0,3250.0,3257.0,3239.8,3251.5,42271250,3576.6,2926.4,4322.95,2866.6,3246.1,7,2,3246.0,32,7,3245.9,3,2,3245.8,65,4,3245.7,138,5,3247.0,285,3,3247.1,1,1,3247.2,3,1,3247.3,3,1,3247.4,18,3
11536,2025-12-30 11:26:35+05:30,3246.1,1,3249.49,503406,96059.0,121543.0,3250.0,3257.0,3239.8,3251.5,42271250,3576.6,2926.4,4322.95,2866.6,3246.1,7,2,3246.0,32,7,3245.9,3,2,3245.8,65,4,3245.7,138,5,3247.0,285,3,3247.1,1,1,3247.2,3,1,3247.3,3,1,3247.4,18,3
11536,2025-12-30 11:26:36+05:30,3246.1,1,3249.49,503428,95845.0,123122.0,3250.0,3257.0,3239.8,3251.5,42271250,3576.6,2926.4,4322.95,2866.6,3246.1,3,1,3246.0,32,7,3245.9,3,2,3245.8,26,2,3245.7,63,3,3247.0,293,7,3247.1,10,1,3247.2,10,1,3247.3,3,1,3247.4,18,3
11536,2025-12-30 11:26:36+05:30,3246.7,1,3249.49,503428,95845.0,123122.0,3250.0,3257.0,3239.8,3251.5,42271250,3576.6,2926.4,4322.95,2866.6,3246.1,3,1,3246.0,32,7,3245.9,3,2,3245.8,26,2,3245.7,63,3,3247.0,293,7,3247.1,10,1,3247.2,10,1,3247.3,3,1,3247.4,18,3
11536,2025-12-30 11:26:37+05:30,3246.2,1,3249.49,503497,96218.0,122928.0,3250.0,3257.0,3239.8,3251.5,42271250,3576.6,2926.4,4322.95,2866.6,3246.2,14,1,3246.1,17,2,3246.0,41,8,3245.9,34,4,3245.8,45,4,3246.7,8,1,3246.8,282,1,3247.0,4,4,3247.4,3,1,3247.5,5,2
11536,2025-12-30 11:26:37+05:30,3246.2,1,3249.49,503497,96218.0,122928.0,3250.0,3257.0,3239.8,3251.5,42271250,3576.6,2926.4,4322.95,2866.6,3246.2,14,1,3246.1,17,2,3246.0,41,8,3245.9,34,4,3245.8,45,4,3246.7,8,1,3246.8,282,1,3247.0,4,4,3247.4,3,1,3247.5,5,2
11536,2025-12-30 11:26:38+05:30,3246.5,6,3249.49,503514,96354.0,122234.0,3250.0,3257.0,3239.8,3251.5,42271250,3576.6,2926.4,4322.95,2866.6,3246.5,5,2,3246.4,2,1,3246.0,41,8,3245.9,34,4,3245.8,247,6,3246.7,13,5,3247.0,2,2,3247.3,13,1,3247.4,3,1,3247.5,5,2
11536,2025-12-30 11:26:38+05:30,3246.5,1,3249.49,503514,96354.0,122234.0,3250.0,3257.0,3239.8,3251.5,42271250,3576.6,2926.4,4322.95,2866.6,3246.5,5,2,3246.4,2,1,3246.0,41,8,3245.9,34,4,3245.8,247,6,3246.7,13,5,3247.0,2,2,3247.3,13,1,3247.4,3,1,3247.5,5,2
11536,2025-12-30 11:26:39+05:30,3246.5,3,3249.49,503529,96390.0,121175.0,3250.0,3257.0,3239.8,3251.5,42271250,3576.6,2926.4,4322.95,2866.6,3246.5,3,1,3246.4,2,1,3246.0,32,7,3245.9,34,4,3245.8,293,7,3246.7,9,8,3247.3,13,1,3247.4,14,2,3247.5,5,2,3247.6,15,2
11536,2025-12-30 11:26:39+05:30,3246.7,1,3249.49,503529,96390.0,121175.0,3250.0,3257.0,3239.8,3251.5,42271250,3576.6,2926.4,4322.95,2866.6,3246.5,3,1,3246.4,2,1,3246.0,32,7,3245.9,34,4,3245.8,293,7,3246.7,9,8,3247.3,13,1,3247.4,14,2,3247.5,5,2,3247.6,15,2
11536,2025-12-30 11:26:40+05:30,3246.7,2,3249.49,503576,96122.0,123553.0,3250.0,3257.0,3239.8,3251.5,42271250,3576.6,2926.4,4322.95,2866.6,3246.4,2,1,3246.1,3,1,3246.0,32,7,3245.9,3,2,3245.8,43,2,3246.7,4,3,3246.8,282,1,3247.1,13,1,3247.3,16,1,3247.4,15,2
11536,2025-12-30 11:26:40+05:30,3246.4,3,3249.49,503576,96122.0,123553.0,3250.0,3257.0,3239.8,3251.5,42271250,3576.6,2926.4,4322.95,2866.6,3246.4,2,1,3246.1,3,1,3246.0,32,7,3245.9,3,2,3245.8,43,2,3246.7,4,3,3246.8,282,1,3247.1,13,1,3247.3,16,1,3247.4,15,2
11536,2025-12-30 11:26:41+05:30,3246.4,3,3249.49,503579,96057.0,123883.0,3250.0,3257.0,3239.8,3251.5,42271250,3576.6,2926.4,4322.95,2866.6,3246.4,53,2,3246.1,3,1,3246.0,47,8,3245.9,3,2,3245.8,43,2,3246.7,6,5,3246.8,282,1,3247.1,13,1,3247.2,14,1,3247.4,28,3
11536,2025-12-30 11:26:41+05:30,3246.7,1,3249.49,503579,96057.0,123883.0,3250.0,3257.0,3239.8,3251.5,42271250,3576.6,2926.4,4322.95,2866.6,3246.4,53,2,3246.1,3,1,3246.0,47,8,3245.9,3,2,3245.8,43,2,3246.7,6,5,3246.8,282,1,3247.1,13,1,3247.2,14,1,3247.4,28,3
11536,2025-12-30 11:26:42+05:30,3246.7,1,3249.49,503588,96051.0,123649.0,3250.0,3257.0,3239.8,3251.5,42271250,3576.6,2926.4,4322.95,2866.6,3246.4,47,2,3246.1,3,1,3246.0,47,8,3245.9,3,2,3245.8,43,2,3246.7,4,4,3246.9,282,1,3247.1,13,1,3247.2,14,1,3247.4,28,3
11536,2025-12-30 11:26:42+05:30,3246.4,3,3249.49,503588,96051.0,123649.0,3250.0,3257.0,3239.8,3251.5,42271250,3576.6,2926.4,4322.95,2866.6,3246.4,47,2,3246.1,3,1,3246.0,47,8,3245.9,3,2,3245.8,43,2,3246.7,4,4,3246.9,282,1,3247.1,13,1,3247.2,14,1,3247.4,28,3
11536,2025-12-30 11:26:43+05:30,3246.4,1,3249.49,503600,96073.0,121584.0,3250.0,3257.0,3239.8,3251.5,42271250,3576.6,2926.4,4322.95,2866.6,3246.4,39,2,3246.1,3,1,3246.0,47,8,3245.9,3,2,3245.8,43,2,3246.7,5,5,3247.1,13,1,3247.4,28,3,3247.5,5,2,3247.6,30,3
11536,2025-12-30 11:26:43+05:30,3247.6,2,3249.49,503600,96073.0,121584.0,3250.0,3257.0,3239.8,3251.5,42271250,3576.6,2926.4,4322.95,2866.6,3246.4,39,2,3246.1,3,1,3246.0,47,8,3245.9,3,2,3245.8,43,2,3246.7,5,5,3247.1,13,1,3247.4,28,3,3247.5,5,2,3247.6,30,3
11536,2025-12-30 11:26:44+05:30,3247.6,2,3249.49,503689,96562.0,120395.0,3250.0,3257.0,3239.8,3251.5,42271250,3576.6,2926.4,4322.95,2866.6,3246.4,39,2,3246.3,9,1,3246.1,64,2,3246.0,115,11,3245.9,173,5,3247.5,4,1,3247.6,308,4,3247.7,26,2,3247.8,48,3,3247.9,44,3
11536,2025-12-30 11:26:45+05:30,3247.4,1,3249.49,503690,96569.0,121215.0,3250.0,3257.0,3239.8,3251.5,42271250,3576.6,2926.4,4322.95,2866.6,3246.4,39,2,3246.3,9,1,3246.1,64,2,3246.0,115,11,3245.9,127,4,3247.4,306,4,3247.5,29,4,3247.6,22,2,3247.7,26,2,3247.8,48,3
11536,2025-12-30 11:26:45+05:30,3247.4,1,3249.49,503690,96569.0,121215.0,3250.0,3257.0,3239.8,3251.5,42271250,3576.6,2926.4,4322.95,2866.6,3246.4,39,2,3246.3,9,1,3246.1,64,2,3246.0,115,11,3245.9,127,4,3247.4,306,4,3247.5,29,4,3247.6,22,2,3247.7,26,2,3247.8,48,3
11536,2025-12-30 11:26:46+05:30,3247.4,1,3249.49,503690,96180.0,121298.0,3250.0,3257.0,3239.8,3251.5,42271250,3576.6,2926.4,4322.95,2866.6,3246.4,40,3,3246.3,22,2,3246.1,3,1,3246.0,115,11,3245.9,129,5,3247.4,301,4,3247.5,14,3,3247.6,13,1,3247.7,26,2,3247.8,216,5
11536,2025-12-30 11:26:46+05:30,3246.4,6,3249.49,503690,96180.0,121298.0,3250.0,3257.0,3239.8,3251.5,42271250,3576.6,2926.4,4322.95,2866.6,3246.4,40,3,3246.3,22,2,3246.1,3,1,3246.0,115,11,3245.9,129,5,3247.4,301,4,3247.5,14,3,3247.6,13,1,3247.7,26,2,3247.8,216,5
11536,2025-12-30 11:26:47+05:30,3246.4,6,3249.49,503799,96516.0,121022.0,3250.0,3257.0,3239.8,3251.5,42271250,3576.6,2926.4,4322.95,2866.6,3246.3,63,3,3246.1,15,2,3246.0,117,11,3245.9,209,9,3245.8,207,9,3247.4,323,6,3247.5,2,1,3247.8,16,2,3247.9,9,1,3248.0,20,1
11536,2025-12-30 11:26:47+05:30,3246.3,1,3249.49,503799,96516.0,121022.0,3250.0,3257.0,3239.8,3251.5,42271250,3576.6,2926.4,4322.95,2866.6,3246.3,63,3,3246.1,15,2,3246.0,117,11,3245.9,209,9,3245.8,207,9,3247.4,323,6,3247.5,2,1,3247.8,16,2,3247.9,9,1,3248.0,20,1
11536,2025-12-30 11:26:48+05:30,3246.3,1,3249.49,503813,96554.0,120354.0,3250.0,3257.0,3239.8,3251.5,42271250,3576.6,2926.4,4322.95,2866.6,3246.3,39,2,3246.1,3,1,3246.0,104,10,3245.9,137,6,3245.8,240,9,3247.3,14,1,3247.4,325,8,3247.6,19,2,3247.8,25,3,3248.0,25,3
11536,2025-12-30 11:26:48+05:30,3246.3,17,3249.49,503813,96554.0,120354.0,3250.0,3257.0,3239.8,3251.5,42271250,3576.6,2926.4,4322.95,2866.6,3246.3,39,2,3246.1,3,1,3246.0,104,10,3245.9,137,6,3245.8,240,9,3247.3,14,1,3247.4,325,8,3247.6,19,2,3247.8,25,3,3248.0,25,3
11536,2025-12-30 11:26:49+05:30,3246.3,17,3249.49,503856,96562.0,121735.0,3250.0,3257.0,3239.8,3251.5,42271250,3576.6,2926.4,4322.95,2866.6,3246.3,13,1,3246.1,7,2,3246.0,104,10,3245.9,35,5,3245.8,194,8,3247.3,17,1,3247.4,319,7,3247.5,23,2,3247.6,9,1,3247.8,42,4
11536,2025-12-30 11:26:49+05:30,3246.3,16,3249.49,503856,96562.0,121735.0,3250.0,3257.0,3239.8,3251.5,42271250,3576.6,2926.4,4322.95,2866.6,3246.3,13,1,3246.1,7,2,3246.0,104,10,3245.9,35,5,3245.8,194,8,3247.3,17,1,3247.4,319,7,3247.5,23,2,3247.6,9,1,3247.8,42,4
11536,2025-12-30 11:26:50+05:30,3246.3,16,3249.49,503879,96652.0,121756.0,3250.0,3257.0,3239.8,3251.5,42271250,3576.6,2926.4,4322.95,2866.6,3246.2,13,1,3246.1,7,2,3246.0,104,10,3245.9,28,4,3245.8,237,8,3247.3,33,5,3247.4,316,5,3247.6,22,2,3247.8,42,4,3247.9,47,2
11536,2025-12-30 11:26:50+05:30,3246.2,2,3249.49,503879,96652.0,121756.0,3250.0,3257.0,3239.8,3251.5,42271250,3576.6,2926.4,4322.95,2866.6,3246.2,13,1,3246.1,7,2,3246.0,104,10,3245.9,28,4,3245.8,237,8,3247.3,33,5,3247.4,316,5,3247.6,22,2,3247.8,42,4,3247.9,47,2
11536,2025-12-30 11:26:51+05:30,3246.2,8,3249.49,503894,96284.0,121573.0,3250.0,3257.0,3239.8,3251.5,42271250,3576.6,2926.4,4322.95,2866.6,3246.2,13,1,3246.1,26,3,3246.0,105,11,3245.9,28,4,3245.8,177,9,3246.5,50,1,3247.2,282,1,3247.3,4,4,3247.4,32,2,3247.6,29,2
11536,2025-12-30 11:26:51+05:30,3246.2,3,3249.49,503894,96284.0,121573.0,3250.0,3257.0,3239.8,3251.5,42271250,3576.6,2926.4,4322.95,2866.6,3246.2,13,1,3246.1,26,3,3246.0,105,11,3245.9,28,4,3245.8,177,9,3246.5,50,1,3247.2,282,1,3247.3,4,4,3247.4,32,2,3247.6,29,2
11536,2025-12-30 11:26:52+05:30,3246.3,4,3249.49,503914,96373.0,121736.0,3250.0,3257.0,3239.8,3251.5,42271250,3576.6,2926.4,4322.95,2866.6,3246.3,6,1,3246.2,49,1,3246.1,27,3,3246.0,92,10,3245.9,50,6,3246.5,52,3,3247.2,282,1,3247.3,2,2,3247.4,31,1,3247.5,2,1
11536,2025-12-30 11:26:52+05:30,3246.5,2,3249.49,503914,96373.0,121736.0,3250.0,3257.0,3239.8,3251.5,42271250,3576.6,2926.4,4322.95,2866.6,3246.3,6,1,3246.2,49,1,3246.1,27,3,3246.0,92,10,3245.9,50,6,3246.5,52,3,3247.2,282,1,3247.3,2,2,3247.4,31,1,3247.5,2,1
11536,2025-12-30 11:26:53+05:30,3246.5,2,3249.49,503921,96277.0,121706.0,3250.0,3257.0,3239.8,3251.5,42271250,3576.6,2926.4,4322.95,2866.6,3246.3,1,1,3246.2,49,1,3246.1,14,2,3246.0,84,10,3245.9,34,5,3246.5,54,7,3247.2,282,1,3247.3,1,1,3247.4,31,1,3247.5,2,1
11536,2025-12-30 11:26:53+05:30,3246.3,3,3249.49,503921,96277.0,121706.0,3250.0,3257.0,3239.8,3251.5,42271250,3576.6,2926.4,4322.95,2866.6,3246.3,1,1,3246.2,49,1,3246.1,14,2,3246.0,84,10,3245.9,34,5,3246.5,54,7,3247.2,282,1,3247.3,1,1,3247.4,31,1,3247.5,2,1
11536,2025-12-30 11:26:54+05:30,3246.3,3,3249.49,503928,96261.0,121836.0,3250.0,3257.0,3239.8,3251.5,42271250,3576.6,2926.4,4322.95,2866.6,3246.4,10,1,3246.2,49,1,3246.1,14,2,3246.0,75,10,3245.9,34,5,3246.5,55,8,3247.2,282,1,3247.3,15,1,3247.4,31,1,3247.5,2,1
11536,2025-12-30 11:26:54+05:30,3247.2,39,3249.49,503928,96261.0,121836.0,3250.0,3257.0,3239.8,3251.5,42271250,3576.6,2926.4,4322.95,2866.6,3246.4,10,1,3246.2,49,1,3246.1,14,2,3246.0,75,10,3245.9,34,5,3246.5,55,8,3247.2,282,1,3247.3,15,1,3247.4,31,1,3247.5,2,1
11536,2025-12-30 11:26:55+05:30,3247.2,39,3249.49,504048,97096.0,121936.0,3250.0,3257.0,3239.8,3251.5,42271250,3576.6,2926.4,4322.95,2866.6,3246.4,13,1,3246.2,49,1,3246.1,27,3,3246.0,166,14,3245.9,229,9,3247.3,15,1,3247.4,31,1,3247.6,282,1,3247.7,13,1,3247.8,58,4
11536,2025-12-30 11:26:55+05:30,3247.3,1,3249.49,504048,97096.0,121936.0,3250.0,3257.0,3239.8,3251.5,42271250,3576.6,2926.4,4322.95,2866.6,3246.4,13,1,3246.2,49,1,3246.1,27,3,3246.0,166,14,3245.9,229,9,3247.3,15,1,3247.4,31,1,3247.6,282,1,3247.7,13,1,3247.8,58,4
11536,2025-12-30 11:26:56+05:30,3247.3,1,3249.49,504049,99208.0,121673.0,3250.0,3257.0,3239.8,3251.5,42271250,3576.6,2926.4,4322.95,2866.6,3247.2,13,1,3246.3,104,2,3246.2,173,4,3246.1,172,7,3246.0,280,17,3247.3,21,5,3247.4,31,1,3247.5,282,1,3247.6,13,1,3247.8,28,3
11536,2025-12-30 11:26:56+05:30,3247.2,8,3249.49,504049,99208.0,121673.0,3250.0,3257.0,3239.8,3251.5,42271250,3576.6,2926.4,4322.95,2866.6,3247.2,13,1,3246.3,104,2,3246.2,173,4,3246.1,172,7,3246.0,280,17,3247.3,21,5,3247.4,31,1,3247.5,282,1,3247.6,13,1,3247.8,28,3
11536,2025-12-30 11:26:57+05:30,3247.2,8,3249.49,504073,98907.0,121888.0,3250.0,3257.0,3239.8,3251.5,42271250,3576.6,2926.4,4322.95,2866.6,3246.7,1,1,3246.6,2,1,3246.3,60,2,3246.2,93,5,3246.1,210,5,3247.2,8,1,3247.3,21,5,3247.4,31,1,3247.6,282,1,3248.0,13,1
11536,2025-12-30 11:26:57+05:30,3246.7,12,3249.49,504073,98907.0,121888.0,3250.0,3257.0,3239.8,3251.5,42271250,3576.6,2926.4,4322.95,2866.6,3246.7,1,1,3246.6,2,1,3246.3,60,2,3246.2,93,5,3246.1,210,5,3247.2,8,1,3247.3,21,5,3247.4,31,1,3247.6,282,1,3248.0,13,1
11536,2025-12-30 11:26:58+05:30,3246.7,12,3249.49,504096,98192.0,122106.0,3250.0,3257.0,3239.8,3251.5,42271250,3576.6,2926.4,4322.95,2866.6,3246.7,48,1,3246.6,2,1,3246.2,52,2,3246.1,55,4,3246.0,204,16,3247.2,335,8,3247.3,17,3,3247.7,13,1,3247.9,10,2,3248.0,20,1
11536,2025-12-30 11:26:58+05:30,3246.7,29,3249.49,504096,98192.0,122106.0,3250.0,3257.0,3239.8,3251.5,42271250,3576.6,2926.4,4322.95,2866.6,3246.7,48,1,3246.6,2,1,3246.2,52,2,3246.1,55,4,3246.0,204,16,3247.2,335,8,3247.3,17,3,3247.7,13,1,3247.9,10,2,3248.0,20,1
11536,2025-12-30 11:26:59+05:30,3246.7,29,3249.49,504146,98252.0,122219.0,3250.0,3257.0,3239.8,3251.5,42271250,3576.6,2926.4,4322.95,2866.6,3246.6,2,1,3246.2,49,1,3246.1,42,3,3246.0,140,13,3245.9,133,5,3246.7,8,1,3247.2,330,10,3247.3,14,1,3247.5,13,1,3247.8,13,1
11536,2025-12-30 11:26:59+05:30,3246.6,1,3249.49,504146,98252.0,122219.0,3250.0,3257.0,3239.8,3251.5,42271250,3576.6,2926.4,4322.95,2866.6,3246.6,2,1,3246.2,49,1,3246.1,42,3,3246.0,140,13,3245.9,133,5,3246.7,8,1,3247.2,330,10,3247.3,14,1,3247.5,13,1,3247.8,13,1
11536,2025-12-30 11:27:00+05:30,3246.6,1,3249.49,504159,97425.0,121986.0,3250.0,3257.0,3239.8,3251.5,42271250,3576.6,2926.4,4322.95,2866.6,3246.5,10,1,3246.2,62,2,3246.1,42,3,3246.0,159,14,3245.9,31,4,3246.6,3,3,3246.7,11,4,3247.2,328,8,3247.3,14,1,3247.8,34,2
11536,2025-12-30 11:27:00+05:30,3246.5,23,3249.49,504159,97425.0,121986.0,3250.0,3257.0,3239.8,3251.5,42271250,3576.6,2926.4,4322.95,2866.6,3246.5,10,1,3246.2,62,2,3246.1,42,3,3246.0,159,14,3245.9,31,4,3246.6,3,3,3246.7,11,4,3247.2,328,8,3247.3,14,1,3247.8,34,2
11536,2025-12-30 11:27:01+05:30,3246.6,1,3249.49,504247,97344.0,121910.0,3250.0,3257.0,3239.8,3251.5,42271250,3576.6,2926.4,4322.95,2866.6,3246.5,4,1,3246.2,49,1,3246.1,42,3,3246.0,137,13,3245.9,31,4,3246.6,7,6,3246.7,3,3,3246.9,282,1,3247.2,42,3,3247.3,14,1
11536,2025-12-30 11:27:01+05:30,3246.2,3,3249.49,504247,97344.0,121910.0,3250.0,3257.0,3239.8,3251.5,42271250,3576.6,2926.4,4322.95,2866.6,3246.5,4,1,3246.2,49,1,3246.1,42,3,3246.0,137,13,3245.9,31,4,3246.6,7,6,3246.7,3,3,3246.9,282,1,3247.2,42,3,3247.3,14,1
11536,2025-12-30 11:27:02+05:30,3246.5,3,3249.49,504265,96364.0,122426.0,3250.0,3257.0,3239.8,3251.5,42271250,3576.6,2926.4,4322.95,2866.6,3246.5,43,1,3246.2,43,1,3246.1,14,2,3246.0,137,13,3245.9,31,4,3246.6,8,7,3246.7,1,1,3246.9,282,1,3247.2,41,2,3247.3,14,1
11536,2025-12-30 11:27:02+05:30,3246.5,1,3249.49,504265,96364.0,122426.0,3250.0,3257.0,3239.8,3251.5,42271250,3576.6,2926.4,4322.95,2866.6,3246.5,43,1,3246.2,43,1,3246.1,14,2,3246.0,137,13,3245.9,31,4,3246.6,8,7,3246.7,1,1,3246.9,282,1,3247.2,41,2,3247.3,14,1
11536,2025-12-30 11:27:03+05:30,3246.5,1,3249.49,504290,97683.0,121744.0,3250.0,3257.0,3239.8,3251.5,42271250,3576.6,2926.4,4322.95,2866.6,3246.5,119,3,3246.4,1,1,3246.3,8,2,3246.2,64,3,3246.1,30,4,3246.6,7,7,3247.2,41,2,3247.3,14,1,3247.5,8,1,3247.6,12,1
11536,2025-12-30 11:27:03+05:30,3248.2,16,3249.49,504290,97683.0,121744.0,3250.0,3257.0,3239.8,3251.5,42271250,3576.6,2926.4,4322.95,2866.6,3246.5,119,3,3246.4,1,1,3246.3,8,2,3246.2,64,3,3246.1,30,4,3246.6,7,7,3247.2,41,2,3247.3,14,1,3247.5,8,1,3247.6,12,1
11536,2025-12-30 11:27:04+05:30,3249.4,5,3249.48,514763,102114.0,110914.0,3250.0,3257.0,3239.8,3251.5,42271250,3576.6,2926.4,4322.95,2866.6,3248.2,15,2,3248.1,7,2,3248.0,82,4,3247.9,32,2,3247.8,194,3,3249.4,13,1,3249.5,36,3,3249.6,14,1,3249.8,13,1,3249.9,48,3
11536,2025-12-30 11:27:04+05:30,3249.4,5,3249.48,514763,102114.0,110914.0,3250.0,3257.0,3239.8,3251.5,42271250,3576.6,2926.4,4322.95,2866.6,3248.2,15,2,3248.1,7,2,3248.0,82,4,3247.9,32,2,3247.8,194,3,3249.4,13,1,3249.5,36,3,3249.6,14,1,3249.8,13,1,3249.9,48,3
11536,2025-12-30 11:27:05+05:30,3249.4,5,3249.48,514763,104058.0,112268.0,3250.0,3257.0,3239.8,3251.5,42271250,3576.6,2926.4,4322.95,2866.6,3248.2,6,2,3248.1,7,2,3248.0,27,2,3247.9,25,1,3247.8,217,5,3249.2,12,1,3249.3,36,3,3249.4,471,2,3249.8,2,1,3249.9,34,2
11536,2025-12-30 11:27:05+05:30,3249.2,1,3249.48,514763,104058.0,112268.0,3250.0,3257.0,3239.8,3251.5,42271250,3576.6,2926.4,4322.95,2866.6,3248.2,6,2,3248.1,7,2,3248.0,27,2,3247.9,25,1,3247.8,217,5,3249.2,12,1,3249.3,36,3,3249.4,471,2,3249.8,2,1,3249.9,34,2
11536,2025-12-30 11:27:06+05:30,3249.2,1,3249.48,514764,104198.0,115102.0,3250.0,3257.0,3239.8,3251.5,42271250,3576.6,2926.4,4322.95,2866.6,3248.2,9,3,3248.1,4,1,3248.0,40,3,3247.9,93,3,3247.8,91,6,3249.2,2,2,3249.3,36,3,3249.4,471,2,3249.6,16,2,3249.7,3,1
11536,2025-12-30 11:27:06+05:30,3247.8,76,3249.48,514764,104198.0,115102.0,3250.0,3257.0,3239.8,3251.5,42271250,3576.6,2926.4,4322.95,2866.6,3248.2,9,3,3248.1,4,1,3248.0,40,3,3247.9,93,3,3247.8,91,6,3249.2,2,2,3249.3,36,3,3249.4,471,2,3249.6,16,2,3249.7,3,1
11536,2025-12-30 11:27:07+05:30,3247.8,76,3249.47,517348,103280.0,116181.0,3250.0,3257.0,3239.8,3251.5,42271250,3576.6,2926.4,4322.95,2866.6,3247.8,10,1,3247.7,22,1,3247.6,3,1,3247.4,32,2,3247.3,239,5,3248.2,428,3,3249.2,22,3,3249.3,14,1,3249.4,206,4,3249.5,14,1
11536,2025-12-30 11:27:07+05:30,3247.7,18,3249.47,517348,103280.0,116181.0,3250.0,3257.0,3239.8,3251.5,42271250,3576.6,2926.4,4322.95,2866.6,3247.8,10,1,3247.7,22,1,3247.6,3,1,3247.4,32,2,3247.3,239,5,3248.2,428,3,3249.2,22,3,3249.3,14,1,3249.4,206,4,3249.5,14,1
11536,2025-12-30 11:27:08+05:30,3247.7,18,3249.47,517580,101602.0,115792.0,3250.0,3257.0,3239.8,3251.5,42271250,3576.6,2926.4,4322.95,2866.6,3247.6,2,1,3247.4,59,4,3247.3,38,3,3247.2,27,2,3247.1,37,2,3247.7,99,4,3248.2,433,5,3249.0,21,1,3249.1,14,1,3249.2,132,4
11536,2025-12-30 11:27:08+05:30,3247.7,1,3249.47,517580,101602.0,115792.0,3250.0,3257.0,3239.8,3251.5,42271250,3576.6,2926.4,4322.95,2866.6,3247.6,2,1,3247.4,59,4,3247.3,38,3,3247.2,27,2,3247.1,37,2,3247.7,99,4,3248.2,433,5,3249.0,21,1,3249.1,14,1,3249.2,132,4
11536,2025-12-30 11:27:09+05:30,3247.7,1,3249.46,520492,103463.0,115407.0,3250.0,3257.0,3239.8,3251.5,42271250,3576.6,2926.4,4322.95,2866.6,3247.7,72,5,3247.6,10,1,3247.5,140,6,3247.4,93,6,3247.3,140,6,3248.2,166,6,3249.3,14,1,3249.4,21,1,3249.6,47,2,3249.7,3,1
11536,2025-12-30 11:27:09+05:30,3247.6,262,3249.46,520492,103463.0,115407.0,3250.0,3257.0,3239.8,3251.5,42271250,3576.6,2926.4,4322.95,2866.6,3247.7,72,5,3247.6,10,1,3247.5,140,6,3247.4,93,6,3247.3,140,6,3248.2,166,6,3249.3,14,1,3249.4,21,1,3249.6,47,2,3249.7,3,1
11536,2025-12-30 11:27:10+05:30,3247.6,262,3249.46,520849,103130.0,115863.0,3250.0,3257.0,3239.8,3251.5,42271250,3576.6,2926.4,4322.95,2866.6,3247.5,60,7,3247.4,75,4,3247.3,137,5,3247.2,193,9,3247.1,22,2,3248.2,133,8,3249.2,22,1,3249.3,116,2,3249.4,21,1,3249.5,4,1
11536,2025-12-30 11:27:10+05:30,3251.4,54,3249.46,520849,103130.0,115863.0,3250.0,3257.0,3239.8,3251.5,42271250,3576.6,2926.4,4322.95,2866.6,3247.5,60,7,3247.4,75,4,3247.3,137,5,3247.2,193,9,3247.1,22,2,3248.2,133,8,3249.2,22,1,3249.3,116,2,3249.4,21,1,3249.5,4,1
11536,2025-12-30 11:27:11+05:30,3251.4,54,3249.46,525344,105100.0,114307.0,3250.0,3257.0,3239.8,3251.5,42271250,3576.6,2926.4,4322.95,2866.6,3248.6,46,1,3248.5,114,3,3248.4,266,5,3248.3,206,3,3248.2,320,8,3249.7,43,2,3250.0,43,2,3250.2,65,3,3250.5,63,4,3250.6,32,1
11536,2025-12-30 11:27:12+05:30,3251.4,54,3249.46,525344,105344.0,115949.0,3250.0,3257.0,3239.8,3251.5,42271250,3576.6,2926.4,4322.95,2866.6,3248.4,3,1,3248.3,43,1,3248.2,116,7,3248.1,18,1,3248.0,213,4,3249.5,45,4,3249.6,21,2,3249.7,209,3,3250.0,43,2,3250.2,43,3
11536,2025-12-30 11:27:12+05:30,3249.7,2,3249.46,525526,105054.0,116823.0,3250.0,3257.0,3239.8,3251.5,42271250,3576.6,2926.4,4322.95,2866.6,3248.4,13,2,3248.3,43,1,3248.2,118,6,3248.1,46,2,3248.0,90,5,3249.5,43,3,3249.6,15,1,3249.7,117,5,3249.9,13,1,3250.0,50,3
11536,2025-12-30 11:27:12+05:30,3249.7,2,3249.46,525526,105054.0,116823.0,3250.0,3257.0,3239.8,3251.5,42271250,3576.6,2926.4,4322.95,2866.6,3248.4,13,2,3248.3,43,1,3248.2,118,6,3248.1,46,2,3248.0,90,5,3249.5,43,3,3249.6,15,1,3249.7,117,5,3249.9,13,1,3250.0,50,3
11536,2025-12-30 11:27:13+05:30,3250.0,27,3249.46,525526,105054.0,116823.0,3250.0,3257.0,3239.8,3251.5,42271250,3576.6,2926.4,4322.95,2866.6,3248.4,13,2,3248.3,43,1,3248.2,118,6,3248.1,46,2,3248.0,90,5,3249.5,43,3,3249.6,15,1,3249.7,117,5,3249.9,13,1,3250.0,50,3
11536,2025-12-30 11:27:13+05:30,3250.0,27,3249.46,527462,105986.0,113508.0,3250.0,3257.0,3239.8,3251.5,42271250,3576.6,2926.4,4322.95,2866.6,3248.6,66,4,3248.5,124,6,3248.4,244,5,3248.3,86,5,3248.2,424,6,3249.9,27,2,3250.0,31,3,3250.2,29,2,3250.3,15,1,3250.4,24,2
11536,2025-12-30 11:27:14+05:30,3250.0,27,3249.46,527462,105991.0,114720.0,3250.0,3257.0,3239.8,3251.5,42271250,3576.6,2926.4,4322.95,2866.6,3248.5,182,9,3248.4,118,4,3248.3,247,7,3248.2,267,5,3248.1,297,6,3249.8,23,1,3249.9,88,3,3250.0,15,1,3250.2,29,2,3250.3,15,1
11536,2025-12-30 11:27:15+05:30,3249.9,56,3249.46,527462,105991.0,114720.0,3250.0,3257.0,3239.8,3251.5,42271250,3576.6,2926.4,4322.95,2866.6,3248.5,182,9,3248.4,118,4,3248.3,247,7,3248.2,267,5,3248.1,297,6,3249.8,23,1,3249.9,88,3,3250.0,15,1,3250.2,29,2,3250.3,15,1
11536,2025-12-30 11:27:15+05:30,3249.9,56,3249.46,528302,107784.0,116247.0,3250.0,3257.0,3239.8,3251.5,42271250,3576.6,2926.4,4322.95,2866.6,3249.9,2,1,3249.8,1,1,3249.6,6,1,3249.5,25,1,3249.4,64,2,3250.7,62,3,3250.8,13,1,3250.9,37,2,3251.0,10,1,3251.1,14,1
11536,2025-12-30 11:27:16+05:30,3249.9,10,3249.46,528302,107784.0,116247.0,3250.0,3257.0,3239.8,3251.5,42271250,3576.6,2926.4,4322.95,2866.6,3249.9,2,1,3249.8,1,1,3249.6,6,1,3249.5,25,1,3249.4,64,2,3250.7,62,3,3250.8,13,1,3250.9,37,2,3251.0,10,1,3251.1,14,1
11536,2025-12-30 11:27:16+05:30,3249.9,10,3249.46,528314,107400.0,116659.0,3250.0,3257.0,3239.8,3251.5,42271250,3576.6,2926.4,4322.95,2866.6,3249.8,1,1,3249.5,2,1,3249.4,46,1,3249.3,36,1,3249.2,47,2,3249.9,8,1,3250.7,62,5,3251.2,21,1,3251.3,35,3,3251.4,40,2
11536,2025-12-30 11:27:17+05:30,3249.8,1,3249.46,528314,107400.0,116659.0,3250.0,3257.0,3239.8,3251.5,42271250,3576.6,2926.4,4322.95,2866.6,3249.8,1,1,3249.5,2,1,3249.4,46,1,3249.3,36,1,3249.2,47,2,3249.9,8,1,3250.7,62,5,3251.2,21,1,3251.3,35,3,3251.4,40,2
11536,2025-12-30 11:27:17+05:30,3249.8,1,3249.46,528317,107645.0,117438.0,3250.0,3257.0,3239.8,3251.5,42271250,3576.6,2926.4,4322.95,2866.6,3249.5,2,1,3249.2,26,1,3249.1,11,1,3249.0,2,1,3248.9,13,1,3249.8,26,1,3249.9,10,5,3250.6,33,2,3250.7,18,4,3250.8,22,1
11536,2025-12-30 11:27:18+05:30,3249.5,46,3249.46,528317,107645.0,117438.0,3250.0,3257.0,3239.8,3251.5,42271250,3576.6,2926.4,4322.95,2866.6,3249.0,2,1,3248.9,36,2,3248.8,66,3,3248.7,102,4,3248.6,90,4,3249.4,13,1,3249.5,4,1,3249.9,15,4,3250.5,23,1,3250.6,37,3
11536,2025-12-30 11:27:18+05:30,3249.5,46,3249.46,528679,106900.0,118035.0,3250.0,3257.0,3239.8,3251.5,42271250,3576.6,2926.4,4322.95,2866.6,3249.0,2,1,3248.9,36,2,3248.8,66,3,3248.7,102,4,3248.6,90,4,3249.4,13,1,3249.5,4,1,3249.9,15,4,3250.5,23,1,3250.6,37,3
11536,2025-12-30 11:27:19+05:30,3249.0,5,3249.46,528679,106900.0,118035.0,3250.0,3257.0,3239.8,3251.5,42271250,3576.6,2926.4,4322.95,2866.6,3249.0,2,1,3248.9,36,2,3248.8,66,3,3248.7,102,4,3248.6,90,4,3249.4,13,1,3249.5,4,1,3249.9,15,4,3250.5,23,1,3250.6,37,3
11536,2025-12-30 11:27:19+05:30,3249.0,5,3249.46,528686,105109.0,118288.0,3250.0,3257.0,3239.8,3251.5,42271250,3576.6,2926.4,4322.95,2866.6,3248.7,26,1,3248.6,9,1,3248.5,78,4,3248.4,47,3,3248.3,11,1,3249.4,20,5,3249.5,4,1,3249.9,14,3,3250.2,15,1,3250.3,15,1
11536,2025-12-30 11:27:20+05:30,3248.7,55,3249.46,528686,105109.0,118288.0,3250.0,3257.0,3239.8,3251.5,42271250,3576.6,2926.4,4322.95,2866.6,3248.7,26,1,3248.6,9,1,3248.5,78,4,3248.4,47,3,3248.3,11,1,3249.4,20,5,3249.5,4,1,3249.9,14,3,3250.2,15,1,3250.3,15,1
11536,2025-12-30 11:27:20+05:30,3248.7,55,3249.46,529186,104750.0,117336.0,3250.0,3257.0,3239.8,3251.5,42271250,3576.6,2926.4,4322.95,2866.6,3248.7,6,1,3248.5,19,2,3248.4,12,1,3248.3,3,1,3248.2,114,4,3249.4,25,7,3249.8,28,3,3249.9,44,2,3250.0,2,1,3250.1,8,2
11536,2025-12-30 11:27:21+05:30,3248.7,27,3249.46,529186,104750.0,117336.0,3250.0,3257.0,3239.8,3251.5,42271250,3576.6,2926.4,4322.95,2866.6,3248.7,6,1,3248.5,19,2,3248.4,12,1,3248.3,3,1,3248.2,114,4,3249.4,25,7,3249.8,28,3,3249.9,44,2,3250.0,2,1,3250.1,8,2
11536,2025-12-30 11:27:21+05:30,3248.7,27,3249.46,529283,104981.0,117960.0,3250.0,3257.0,3239.8,3251.5,42271250,3576.6,2926.4,4322.95,2866.6,3248.7,64,1,3248.5,9,1,3248.3,46,1,3248.2,68,3,3248.1,82,5,3249.4,30,8,3249.8,28,3,3249.9,39,1,3250.0,2,1,3250.1,8,2
11536,2025-12-30 11:27:22+05:30,3248.7,1,3249.46,529283,104981.0,117960.0,3250.0,3257.0,3239.8,3251.5,42271250,3576.6,2926.4,4322.95,2866.6,3248.7,64,1,3248.5,9,1,3248.3,46,1,3248.2,68,3,3248.1,82,5,3249.4,30,8,3249.8,28,3,3249.9,39,1,3250.0,2,1,3250.1,8,2
11536,2025-12-30 11:27:22+05:30,3248.7,1,3249.46,529324,104780.0,118300.0,3250.0,3257.0,3239.8,3251.5,42271250,3576.6,2926.4,4322.95,2866.6,3248.7,23,1,3248.5,19,2,3248.4,12,1,3248.2,285,5,3248.1,82,5,3249.4,31,9,3249.7,24,1,3249.8,4,2,3249.9,39,1,3250.0,16,2
11536,2025-12-30 11:27:23+05:30,3248.7,1,3249.46,529324,104780.0,118300.0,3250.0,3257.0,3239.8,3251.5,42271250,3576.6,2926.4,4322.95,2866.6,3248.7,23,1,3248.5,19,2,3248.4,12,1,3248.2,285,5,3248.1,82,5,3249.4,31,9,3249.7,24,1,3249.8,4,2,3249.9,39,1,3250.0,16,2
11536,2025-12-30 11:27:23+05:30,3248.7,1,3249.46,529430,104410.0,117963.0,3250.0,3257.0,3239.8,3251.5,42271250,3576.6,2926.4,4322.95,2866.6,3248.5,9,1,3248.4,3,1,3248.2,4,1,3248.1,22,2,3248.0,103,8,3248.7,20,6,3249.4,17,8,3249.7,24,1,3249.8,4,2,3249.9,54,2
11536,2025-12-30 11:27:24+05:30,3248.5,2,3249.46,529534,104171.0,118056.0,3250.0,3257.0,3239.8,3251.5,42271250,3576.6,2926.4,4322.95,2866.6,3248.4,3,1,3248.2,28,3,3248.1,89,5,3248.0,43,4,3247.9,241,5,3248.5,6,3,3248.7,20,6,3249.4,5,4,3249.8,20,1,3249.9,28,1
11536,2025-12-30 11:27:24+05:30,3248.5,2,3249.46,529534,104171.0,118056.0,3250.0,3257.0,3239.8,3251.5,42271250,3576.6,2926.4,4322.95,2866.6,3248.4,3,1,3248.2,28,3,3248.1,89,5,3248.0,43,4,3247.9,241,5,3248.5,6,3,3248.7,20,6,3249.4,5,4,3249.8,20,1,3249.9,28,1
11536,2025-12-30 11:27:25+05:30,3250.0,175,3249.46,531087,106794.0,116596.0,3250.0,3257.0,3239.8,3251.5,42271250,3576.6,2926.4,4322.95,2866.6,3250.0,45,1,3249.4,3,1,3249.3,43,1,3249.2,325,5,3249.1,76,3,3250.5,94,7,3250.7,16,2,3250.9,26,1,3251.0,2,1,3251.1,28,2
11536,2025-12-30 11:27:25+05:30,3250.0,175,3249.46,531087,106794.0,116596.0,3250.0,3257.0,3239.8,3251.5,42271250,3576.6,2926.4,4322.95,2866.6,3250.0,45,1,3249.4,3,1,3249.3,43,1,3249.2,325,5,3249.1,76,3,3250.5,94,7,3250.7,16,2,3250.9,26,1,3251.0,2,1,3251.1,28,2
11536,2025-12-30 11:27:26+05:30,3250.0,1376,3249.46,531087,106794.0,116596.0,3250.0,3257.0,3239.8,3251.5,42271250,3576.6,2926.4,4322.95,2866.6,3250.0,45,1,3249.4,3,1,3249.3,43,1,3249.2,325,5,3249.1,76,3,3250.5,94,7,3250.7,16,2,3250.9,26,1,3251.0,2,1,3251.1,28,2
11536,2025-12-30 11:27:26+05:30,3250.0,1376,3249.47,536948,105077.0,117813.0,3250.0,3257.0,3239.8,3251.5,42271250,3576.6,2926.4,4322.95,2866.6,3248.8,18,1,3248.7,24,3,3248.6,12,1,3248.5,182,2,3248.4,184,4,3249.8,7,2,3249.9,6,1,3250.0,17,3,3250.1,7,1,3250.2,43,1
11536,2025-12-30 11:27:27+05:30,3248.8,2,3249.47,536948,105077.0,117813.0,3250.0,3257.0,3239.8,3251.5,42271250,3576.6,2926.4,4322.95,2866.6,3248.8,18,1,3248.7,24,3,3248.6,12,1,3248.5,182,2,3248.4,184,4,3249.8,7,2,3249.9,6,1,3250.0,17,3,3250.1,7,1,3250.2,43,1
11536,2025-12-30 11:27:28+05:30,3248.8,2,3249.47,538875,104511.0,118416.0,3250.0,3257.0,3239.8,3251.5,42271250,3576.6,2926.4,4322.95,2866.6,3248.6,201,5,3248.5,10,1,3248.4,12,1,3248.3,15,1,3248.2,52,4,3248.8,1,1,3249.7,13,1,3249.8,213,4,3250.0,29,2,3250.2,22,1
11536,2025-12-30 11:27:28+05:30,3248.6,72,3249.47,538875,104511.0,118416.0,3250.0,3257.0,3239.8,3251.5,42271250,3576.6,2926.4,4322.95,2866.6,3248.6,201,5,3248.5,10,1,3248.4,12,1,3248.3,15,1,3248.2,52,4,3248.8,1,1,3249.7,13,1,3249.8,213,4,3250.0,29,2,3250.2,22,1
11536,2025-12-30 11:27:29+05:30,3248.8,7,3249.46,540160,104701.0,117920.0,3250.0,3257.0,3239.8,3251.5,42271250,3576.6,2926.4,4322.95,2866.6,3248.6,14,3,3248.5,14,2,3248.4,10,1,3248.3,226,2,3248.2,182,6,3249.8,154,3,3250.0,282,1,3250.2,42,2,3250.4,123,3,3250.5,50,3
11536,2025-12-30 11:27:29+05:30,3248.6,56,3249.46,540160,104701.0,117920.0,3250.0,3257.0,3239.8,3251.5,42271250,3576.6,2926.4,4322.95,2866.6,3248.6,14,3,3248.5,14,2,3248.4,10,1,3248.3,226,2,3248.2,182,6,3249.8,154,3,3250.0,282,1,3250.2,42,2,3250.4,123,3,3250.5,50,3
11536,2025-12-30 11:27:30+05:30,3248.5,209,3249.46,541038,104956.0,117861.0,3250.0,3257.0,3239.8,3251.5,42271250,3576.6,2926.4,4322.95,2866.6,3248.5,70,5,3248.4,31,2,3248.3,202,2,3248.2,220,8,3248.1,143,11,3249.8,95,4,3250.0,282,1,3250.2,22,1,3250.3,27,1,3250.4,20,1
11536,2025-12-30 11:27:30+05:30,3248.5,11,3249.46,541038,104956.0,117861.0,3250.0,3257.0,3239.8,3251.5,42271250,3576.6,2926.4,4322.95,2866.6,3248.5,70,5,3248.4,31,2,3248.3,202,2,3248.2,220,8,3248.1,143,11,3249.8,95,4,3250.0,282,1,3250.2,22,1,3250.3,27,1,3250.4,20,1
11536,2025-12-30 11:27:31+05:30,3248.5,11,3249.46,541258,105031.0,117701.0,3250.0,3257.0,3239.8,3251.5,42271250,3576.6,2926.4,4322.95,2866.6,3248.6,45,4,3248.5,25,3,3248.4,12,1,3248.3,211,5,3248.2,136,7,3249.8,112,7,3250.0,38,1,3250.1,282,1,3250.3,6,2,3250.4,20,1
11536,2025-12-30 11:27:31+05:30,3248.7,2,3249.46,541258,105031.0,117701.0,3250.0,3257.0,3239.8,3251.5,42271250,3576.6,2926.4,4322.95,2866.6,3248.6,45,4,3248.5,25,3,3248.4,12,1,3248.3,211,5,3248.2,136,7,3249.8,112,7,3250.0,38,1,3250.1,282,1,3250.3,6,2,3250.4,20,1
11536,2025-12-30 11:27:32+05:30,3248.7,2,3249.46,541777,105169.0,117761.0,3250.0,3257.0,3239.8,3251.5,42271250,3576.6,2926.4,4322.95,2866.6,3248.7,2,1,3248.6,19,2,3248.5,15,2,3248.4,55,2,3248.3,193,5,3249.8,81,8,3250.0,7,1,3250.1,282,1,3250.2,57,2,3250.4,48,2
11536,2025-12-30 11:27:32+05:30,3248.5,4,3249.46,541777,105169.0,117761.0,3250.0,3257.0,3239.8,3251.5,42271250,3576.6,2926.4,4322.95,2866.6,3248.7,2,1,3248.6,19,2,3248.5,15,2,3248.4,55,2,3248.3,193,5,3249.8,81,8,3250.0,7,1,3250.1,282,1,3250.2,57,2,3250.4,48,2
11536,2025-12-30 11:27:33+05:30,3248.5,4,3249.46,541899,103924.0,117623.0,3250.0,3257.0,3239.8,3251.5,42271250,3576.6,2926.4,4322.95,2866.6,3248.5,3,1,3248.3,20,2,3248.2,52,3,3248.1,37,3,3248.0,88,6,3248.6,24,4,3248.7,14,1,3249.6,43,1,3249.7,82,4,3249.8,380,8
11536,2025-12-30 11:27:33+05:30,3248.3,116,3249.46,541899,103924.0,117623.0,3250.0,3257.0,3239.8,3251.5,42271250,3576.6,2926.4,4322.95,2866.6,3248.5,3,1,3248.3,20,2,3248.2,52,3,3248.1,37,3,3248.0,88,6,3248.6,24,4,3248.7,14,1,3249.6,43,1,3249.7,82,4,3249.8,380,8
11536,2025-12-30 11:27:34+05:30,3248.4,33,3249.46,542276,103395.0,118595.0,3250.0,3257.0,3239.8,3251.5,42271250,3576.6,2926.4,4322.95,2866.6,3248.4,54,1,3248.2,27,2,3248.1,2,1,3248.0,23,3,3247.8,2,1,3248.6,38,5,3248.7,14,1,3249.1,9,1,3249.2,50,2,3249.3,14,1
11536,2025-12-30 11:27:34+05:30,3248.4,20,3249.46,542276,103395.0,118595.0,3250.0,3257.0,3239.8,3251.5,42271250,3576.6,2926.4,4322.95,2866.6,3248.4,54,1,3248.2,27,2,3248.1,2,1,3248.0,23,3,3247.8,2,1,3248.6,38,5,3248.7,14,1,3249.1,9,1,3249.2,50,2,3249.3,14,1
11536,2025-12-30 11:27:35+05:30,3248.6,1,3249.46,542525,103714.0,118676.0,3250.0,3257.0,3239.8,3251.5,42271250,3576.6,2926.4,4322.95,2866.6,3248.4,99,1,3248.2,27,2,3248.1,2,1,3248.0,23,3,3247.8,38,3,3248.6,52,8,3249.4,54,3,3249.5,45,2,3249.6,94,4,3249.7,64,4
11536,2025-12-30 11:27:35+05:30,3248.4,10,3249.46,542525,103714.0,118676.0,3250.0,3257.0,3239.8,3251.5,42271250,3576.6,2926.4,4322.95,2866.6,3248.4,99,1,3248.2,27,2,3248.1,2,1,3248.0,23,3,3247.8,38,3,3248.6,52,8,3249.4,54,3,3249.5,45,2,3249.6,94,4,3249.7,64,4
11536,2025-12-30 11:27:36+05:30,3251.7,8,3249.47,546253,106102.0,114408.0,3250.0,3257.0,3239.8,3251.5,42271250,3576.6,2926.4,4322.95,2866.6,3248.7,46,1,3248.6,62,4,3248.5,75,2,3248.4,112,4,3248.3,271,6,3250.0,32,2,3250.1,4,1,3250.2,12,1,3250.3,15,1,3250.8,15,1
11536,2025-12-30 11:27:36+05:30,3248.5,29,3249.47,546253,106102.0,114408.0,3250.0,3257.0,3239.8,3251.5,42271250,3576.6,2926.4,4322.95,2866.6,3248.7,46,1,3248.6,62,4,3248.5,75,2,3248.4,112,4,3248.3,271,6,3250.0,32,2,3250.1,4,1,3250.2,12,1,3250.3,15,1,3250.8,15,1
11536,2025-12-30 11:27:37+05:30,3248.5,29,3249.47,546331,104283.0,115736.0,3250.0,3257.0,3239.8,3251.5,42271250,3576.6,2926.4,4322.95,2866.6,3248.4,33,2,3248.3,151,3,3248.2,109,5,3248.1,192,7,3248.0,462,13,3249.8,22,3,3250.0,156,2,3250.2,15,1,3250.5,40,2,3250.6,13,1
11536,2025-12-30 11:27:38+05:30,3248.5,29,3249.47,546331,104730.0,115788.0,3250.0,3257.0,3239.8,3251.5,42271250,3576.6,2926.4,4322.95,2866.6,3248.4,209,6,3248.3,112,2,3248.2,109,5,3248.1,109,7,3248.0,387,14,3249.8,19,4,3250.0,156,2,3250.2,15,1,3250.5,40,2,3250.6,13,1
11536,2025-12-30 11:27:38+05:30,3248.4,12,3249.47,546331,104730.0,115788.0,3250.0,3257.0,3239.8,3251.5,42271250,3576.6,2926.4,4322.95,2866.6,3248.4,209,6,3248.3,112,2,3248.2,109,5,3248.1,109,7,3248.0,387,14,3249.8,19,4,3250.0,156,2,3250.2,15,1,3250.5,40,2,3250.6,13,1
11536,2025-12-30 11:27:39+05:30,3248.4,12,3249.47,546926,103481.0,117466.0,3250.0,3257.0,3239.8,3251.5,42271250,3576.6,2926.4,4322.95,2866.6,3248.2,27,2,3248.1,30,2,3248.0,60,5,3247.9,31,1,3247.8,23,2,3248.4,102,3,3249.5,25,2,3249.6,13,1,3249.7,14,1,3249.8,87,9
11536,2025-12-30 11:27:39+05:30,3248.1,10,3249.47,546926,103481.0,117466.0,3250.0,3257.0,3239.8,3251.5,42271250,3576.6,2926.4,4322.95,2866.6,3248.2,27,2,3248.1,30,2,3248.0,60,5,3247.9,31,1,3247.8,23,2,3248.4,102,3,3249.5,25,2,3249.6,13,1,3249.7,14,1,3249.8,87,9
11536,2025-12-30 11:27:40+05:30,3248.4,8,3249.46,548412,104516.0,115549.0,3250.0,3257.0,3239.8,3251.5,42271250,3576.6,2926.4,4322.95,2866.6,3248.3,43,1,3248.2,104,4,3248.1,64,3,3248.0,191,9,3247.9,325,4,3249.5,22,1,3249.8,12,2,3250.0,25,1,3250.1,4,1,3250.2,22,1
11536,2025-12-30 11:27:40+05:30,3248.3,1,3249.46,548412,104516.0,115549.0,3250.0,3257.0,3239.8,3251.5,42271250,3576.6,2926.4,4322.95,2866.6,3248.3,43,1,3248.2,104,4,3248.1,64,3,3248.0,191,9,3247.9,325,4,3249.5,22,1,3249.8,12,2,3250.0,25,1,3250.1,4,1,3250.2,22,1
11536,2025-12-30 11:27:41+05:30,3248.3,1,3249.46,548413,104426.0,115747.0,3250.0,3257.0,3239.8,3251.5,42271250,3576.6,2926.4,4322.95,2866.6,3248.3,102,4,3248.2,86,4,3248.1,81,4,3248.0,118,7,3247.9,252,2,3249.5,69,3,3249.8,12,2,3250.0,25,1,3250.1,4,1,3250.2,22,1
11536,2025-12-30 11:27:42+05:30,3248.3,1,3249.46,548413,105017.0,115499.0,3250.0,3257.0,3239.8,3251.5,42271250,3576.6,2926.4,4322.95,2866.6,3248.4,71,5,3248.3,171,8,3248.2,142,5,3248.1,130,6,3248.0,300,9,3249.5,47,2,3249.8,8,1,3250.0,25,1,3250.2,22,1,3250.4,57,3
11536,2025-12-30 11:27:42+05:30,3249.5,3,3249.46,548413,105017.0,115499.0,3250.0,3257.0,3239.8,3251.5,42271250,3576.6,2926.4,4322.95,2866.6,3248.4,71,5,3248.3,171,8,3248.2,142,5,3248.1,130,6,3248.0,300,9,3249.5,47,2,3249.8,8,1,3250.0,25,1,3250.2,22,1,3250.4,57,3
11536,2025-12-30 11:27:43+05:30,3248.4,1,3249.46,548727,105003.0,115928.0,3250.0,3257.0,3239.8,3251.5,42271250,3576.6,2926.4,4322.95,2866.6,3248.4,57,5,3248.3,158,6,3248.2,140,5,3248.1,102,4,3248.0,289,8,3249.5,28,3,3249.8,8,1,3250.0,25,1,3250.2,22,1,3250.4,42,2
11536,2025-12-30 11:27:43+05:30,3248.3,32,3249.46,548727,105003.0,115928.0,3250.0,3257.0,3239.8,3251.5,42271250,3576.6,2926.4,4322.95,2866.6,3248.4,57,5,3248.3,158,6,3248.2,140,5,3248.1,102,4,3248.0,289,8,3249.5,28,3,3249.8,8,1,3250.0,25,1,3250.2,22,1,3250.4,42,2
11536,2025-12-30 11:27:44+05:30,3248.4,10,3249.46,548889,104955.0,116038.0,3250.0,3257.0,3239.8,3251.5,42271250,3576.6,2926.4,4322.95,2866.6,3248.4,137,7,3248.3,89,6,3248.2,84,4,3248.1,102,4,3248.0,289,8,3249.5,24,5,3249.8,8,1,3250.0,25,1,3250.2,58,2,3250.4,42,2
11536,2025-12-30 11:27:44+05:30,3248.4,39,3249.46,548889,104955.0,116038.0,3250.0,3257.0,3239.8,3251.5,42271250,3576.6,2926.4,4322.95,2866.6,3248.4,137,7,3248.3,89,6,3248.2,84,4,3248.1,102,4,3248.0,289,8,3249.5,24,5,3249.8,8,1,3250.0,25,1,3250.2,58,2,3250.4,42,2
11536,2025-12-30 11:27:45+05:30,3250.0,22,3249.46,549184,105041.0,115871.0,3250.0,3257.0,3239.8,3251.5,42271250,3576.6,2926.4,4322.95,2866.6,3248.5,212,10,3248.4,199,10,3248.3,178,6,3248.2,475,5,3248.1,89,5,3250.0,29,2,3250.2,40,2,3250.4,58,2,3250.6,49,3,3250.7,28,2
11536,2025-12-30 11:27:45+05:30,3249.8,1,3249.46,549184,105041.0,115871.0,3250.0,3257.0,3239.8,3251.5,42271250,3576.6,2926.4,4322.95,2866.6,3248.5,212,10,3248.4,199,10,3248.3,178,6,3248.2,475,5,3248.1,89,5,3250.0,29,2,3250.2,40,2,3250.4,58,2,3250.6,49,3,3250.7,28,2
11536,2025-12-30 11:27:46+05:30,3249.9,1,3249.46,549186,106434.0,115919.0,3250.0,3257.0,3239.8,3251.5,42271250,3576.6,2926.4,4322.95,2866.6,3248.8,41,3,3248.7,38,2,3248.6,48,3,3248.5,9,1,3248.4,96,5,3250.0,36,3,3250.4,4,1,3250.5,54,3,3250.7,61,2,3250.8,17,2
11536,2025-12-30 11:27:46+05:30,3248.8,4,3249.46,549186,106434.0,115919.0,3250.0,3257.0,3239.8,3251.5,42271250,3576.6,2926.4,4322.95,2866.6,3248.8,41,3,3248.7,38,2,3248.6,48,3,3248.5,9,1,3248.4,96,5,3250.0,36,3,3250.4,4,1,3250.5,54,3,3250.7,61,2,3250.8,17,2
11536,2025-12-30 11:27:47+05:30,3248.8,4,3249.46,549263,106801.0,116357.0,3250.0,3257.0,3239.8,3251.5,42271250,3576.6,2926.4,4322.95,2866.6,3248.8,89,7,3248.7,38,2,3248.6,91,4,3248.5,64,3,3248.4,252,6,3250.0,14,3,3250.4,175,2,3250.5,54,3,3250.6,21,1,3250.7,61,2
11536,2025-12-30 11:27:47+05:30,3248.8,9,3249.46,549263,106801.0,116357.0,3250.0,3257.0,3239.8,3251.5,42271250,3576.6,2926.4,4322.95,2866.6,3248.8,89,7,3248.7,38,2,3248.6,91,4,3248.5,64,3,3248.4,252,6,3250.0,14,3,3250.4,175,2,3250.5,54,3,3250.6,21,1,3250.7,61,2
11536,2025-12-30 11:27:48+05:30,3248.8,9,3249.46,549319,107650.0,116400.0,3250.0,3257.0,3239.8,3251.5,42271250,3576.6,2926.4,4322.95,2866.6,3249.4,19,2,3248.9,14,2,3248.8,139,5,3248.7,168,9,3248.6,292,7,3250.0,13,5,3250.3,10,1,3250.4,4,1,3250.5,89,5,3250.7,57,3
11536,2025-12-30 11:27:48+05:30,3249.4,23,3249.46,549319,107650.0,116400.0,3250.0,3257.0,3239.8,3251.5,42271250,3576.6,2926.4,4322.95,2866.6,3249.4,19,2,3248.9,14,2,3248.8,139,5,3248.7,168,9,3248.6,292,7,3250.0,13,5,3250.3,10,1,3250.4,4,1,3250.5,89,5,3250.7,57,3
11536,2025-12-30 11:27:49+05:30,3249.4,23,3249.46,549384,107642.0,116411.0,3250.0,3257.0,3239.8,3251.5,42271250,3576.6,2926.4,4322.95,2866.6,3249.4,12,2,3248.9,14,2,3248.8,175,6,3248.7,168,9,3248.6,292,7,3250.0,8,5,3250.3,10,1,3250.4,4,1,3250.5,89,5,3250.7,57,3
11536,2025-12-30 11:27:49+05:30,3249.4,23,3249.46,549384,107642.0,116411.0,3250.0,3257.0,3239.8,3251.5,42271250,3576.6,2926.4,4322.95,2866.6,3249.4,12,2,3248.9,14,2,3248.8,175,6,3248.7,168,9,3248.6,292,7,3250.0,8,5,3250.3,10,1,3250.4,4,1,3250.5,89,5,3250.7,57,3
11536,2025-12-30 11:27:50+05:30,3249.9,17,3249.46,549487,107990.0,117004.0,3250.0,3257.0,3239.8,3251.5,42271250,3576.6,2926.4,4322.95,2866.6,3249.9,19,1,3249.4,2,1,3249.0,63,2,3248.9,57,3,3248.8,331,7,3250.0,42,9,3250.3,10,1,3250.4,4,1,3250.5,59,4,3250.7,36,1
11536,2025-12-30 11:27:50+05:30,3249.9,245,3249.46,549487,107990.0,117004.0,3250.0,3257.0,3239.8,3251.5,42271250,3576.6,2926.4,4322.95,2866.6,3249.9,19,1,3249.4,2,1,3249.0,63,2,3248.9,57,3,3248.8,331,7,3250.0,42,9,3250.3,10,1,3250.4,4,1,3250.5,59,4,3250.7,36,1
11536,2025-12-30 11:27:51+05:30,3249.9,1,3249.46,549846,107183.0,117362.0,3250.0,3257.0,3239.8,3251.5,42271250,3576.6,2926.4,4322.95,2866.6,3249.4,4,2,3248.8,107,4,3248.7,100,5,3248.6,240,5,3248.5,156,1,3249.9,2,1,3250.0,33,11,3250.1,3,1,3250.2,10,1,3250.3,318,2
11536,2025-12-30 11:27:51+05:30,3249.4,2,3249.46,549846,107183.0,117362.0,3250.0,3257.0,3239.8,3251.5,42271250,3576.6,2926.4,4322.95,2866.6,3249.4,4,2,3248.8,107,4,3248.7,100,5,3248.6,240,5,3248.5,156,1,3249.9,2,1,3250.0,33,11,3250.1,3,1,3250.2,10,1,3250.3,318,2
11536,2025-12-30 11:27:52+05:30,3249.4,10,3249.46,549889,106880.0,117415.0,3250.0,3257.0,3239.8,3251.5,42271250,3576.6,2926.4,4322.95,2866.6,3249.4,19,3,3248.8,10,2,3248.7,45,3,3248.6,203,4,3248.5,156,1,3249.8,44,4,3249.9,11,7,3250.0,15,5,3250.1,321,3,3250.2,29,2
11536,2025-12-30 11:27:52+05:30,3249.4,3,3249.46,549889,106880.0,117415.0,3250.0,3257.0,3239.8,3251.5,42271250,3576.6,2926.4,4322.95,2866.6,3249.4,19,3,3248.8,10,2,3248.7,45,3,3248.6,203,4,3248.5,156,1,3249.8,44,4,3249.9,11,7,3250.0,15,5,3250.1,321,3,3250.2,29,2
11536,2025-12-30 11:27:53+05:30,3249.4,3,3249.46,549919,106274.0,118825.0,3250.0,3257.0,3239.8,3251.5,42271250,3576.6,2926.4,4322.95,2866.6,3248.8,10,2,3248.7,2,2,3248.6,8,2,3248.5,11,1,3248.2,70,3,3249.3,2,2,3249.4,6,3,3249.6,15,1,3249.7,41,2,3249.8,128,6
11536,2025-12-30 11:27:53+05:30,3248.8,1,3249.46,549919,106274.0,118825.0,3250.0,3257.0,3239.8,3251.5,42271250,3576.6,2926.4,4322.95,2866.6,3248.8,10,2,3248.7,2,2,3248.6,8,2,3248.5,11,1,3248.2,70,3,3249.3,2,2,3249.4,6,3,3249.6,15,1,3249.7,41,2,3249.8,128,6
11536,2025-12-30 11:27:54+05:30,3248.8,6,3249.46,549995,106139.0,118558.0,3250.0,3257.0,3239.8,3251.5,42271250,3576.6,2926.4,4322.95,2866.6,3248.8,4,2,3248.7,2,2,3248.6,8,2,3248.5,19,2,3248.3,50,1,3249.3,7,6,3249.4,6,3,3249.6,15,1,3249.7,41,2,3249.8,58,5
11536,2025-12-30 11:27:54+05:30,3248.7,1,3249.46,549995,106139.0,118558.0,3250.0,3257.0,3239.8,3251.5,42271250,3576.6,2926.4,4322.95,2866.6,3248.8,4,2,3248.7,2,2,3248.6,8,2,3248.5,19,2,3248.3,50,1,3249.3,7,6,3249.4,6,3,3249.6,15,1,3249.7,41,2,3249.8,58,5
11536,2025-12-30 11:27:55+05:30,3248.8,1,3249.46,550143,105832.0,117026.0,3250.0,3257.0,3239.8,3251.5,42271250,3576.6,2926.4,4322.95,2866.6,3248.8,30,1,3248.7,1,1,3248.6,8,2,3248.5,19,2,3248.3,50,1,3249.3,9,6,3249.6,15,1,3249.7,41,2,3249.8,36,4,3249.9,27,2
11536,2025-12-30 11:27:55+05:30,3248.8,1,3249.46,550143,105832.0,117026.0,3250.0,3257.0,3239.8,3251.5,42271250,3576.6,2926.4,4322.95,2866.6,3248.8,30,1,3248.7,1,1,3248.6,8,2,3248.5,19,2,3248.3,50,1,3249.3,9,6,3249.6,15,1,3249.7,41,2,3249.8,36,4,3249.9,27,2
11536,2025-12-30 11:27:56+05:30,3248.6,4,3249.46,550160,104240.0,115611.0,3250.0,3257.0,3239.8,3251.5,42271250,3576.6,2926.4,4322.95,2866.6,3248.6,28,3,3248.5,19,2,3248.3,50,1,3248.2,15,1,3248.1,16,1,3248.7,2,1,3249.2,20,1,3249.3,13,9,3249.5,160,2,3249.6,297,2
11536,2025-12-30 11:27:56+05:30,3248.7,1,3249.46,550160,104240.0,115611.0,3250.0,3257.0,3239.8,3251.5,42271250,3576.6,2926.4,4322.95,2866.6,3248.6,28,3,3248.5,19,2,3248.3,50,1,3248.2,15,1,3248.1,16,1,3248.7,2,1,3249.2,20,1,3249.3,13,9,3249.5,160,2,3249.6,297,2
11536,2025-12-30 11:27:57+05:30,3249.6,8,3249.46,550637,104992.0,116437.0,3250.0,3257.0,3239.8,3251.5,42271250,3576.6,2926.4,4322.95,2866.6,3248.6,8,2,3248.5,19,2,3248.4,70,2,3248.3,152,2,3248.2,64,2,3249.8,26,2,3249.9,366,3,3250.1,39,2,3250.2,79,4,3250.4,27,3
11536,2025-12-30 11:27:57+05:30,3249.6,8,3249.46,550637,104992.0,116437.0,3250.0,3257.0,3239.8,3251.5,42271250,3576.6,2926.4,4322.95,2866.6,3248.6,8,2,3248.5,19,2,3248.4,70,2,3248.3,152,2,3248.2,64,2,3249.8,26,2,3249.9,366,3,3250.1,39,2,3250.2,79,4,3250.4,27,3
11536,2025-12-30 11:27:58+05:30,3248.6,1,3249.46,550639,104820.0,116391.0,3250.0,3257.0,3239.8,3251.5,42271250,3576.6,2926.4,4322.95,2866.6,3248.6,38,2,3248.5,19,2,3248.4,7,1,3248.3,56,2,3248.2,64,2,3249.5,16,2,3249.6,22,1,3249.7,16,1,3249.8,82,6,3249.9,318,2
11536,2025-12-30 11:27:58+05:30,3248.6,1,3249.46,550639,104820.0,116391.0,3250.0,3257.0,3239.8,3251.5,42271250,3576.6,2926.4,4322.95,2866.6,3248.6,38,2,3248.5,19,2,3248.4,7,1,3248.3,56,2,3248.2,64,2,3249.5,16,2,3249.6,22,1,3249.7,16,1,3249.8,82,6,3249.9,318,2
11536,2025-12-30 11:27:59+05:30,3248.6,1,3249.46,550639,104951.0,118018.0,3250.0,3257.0,3239.8,3251.5,42271250,3576.6,2926.4,4322.95,2866.6,3248.6,38,2,3248.5,19,2,3248.4,7,1,3248.3,56,2,3248.1,74,3,3249.5,298,3,3249.6,46,3,3249.7,16,1,3249.8,68,5,3249.9,69,3
11536,2025-12-30 11:27:59+05:30,3248.6,27,3249.46,550639,104951.0,118018.0,3250.0,3257.0,3239.8,3251.5,42271250,3576.6,2926.4,4322.95,2866.6,3248.6,38,2,3248.5,19,2,3248.4,7,1,3248.3,56,2,3248.1,74,3,3249.5,298,3,3249.6,46,3,3249.7,16,1,3249.8,68,5,3249.9,69,3
11536,2025-12-30 11:28:00+05:30,3248.6,27,3249.46,550750,104911.0,115516.0,3250.0,3257.0,3239.8,3251.5,42271250,3576.6,2926.4,4322.95,2866.6,3248.7,5,1,3248.6,7,1,3248.5,19,2,3248.4,7,1,3248.3,56,2,3249.3,317,6,3249.4,22,1,3249.5,44,4,3249.6,47,3,3249.7,62,3
11536,2025-12-30 11:28:00+05:30,3248.6,1,3249.46,550750,104911.0,115516.0,3250.0,3257.0,3239.8,3251.5,42271250,3576.6,2926.4,4322.95,2866.6,3248.7,5,1,3248.6,7,1,3248.5,19,2,3248.4,7,1,3248.3,56,2,3249.3,317,6,3249.4,22,1,3249.5,44,4,3249.6,47,3,3249.7,62,3
11536,2025-12-30 11:28:01+05:30,3248.7,1,3249.46,550830,104699.0,117811.0,3250.0,3257.0,3239.8,3251.5,42271250,3576.6,2926.4,4322.95,2866.6,3248.7,24,1,3248.5,19,2,3248.4,11,2,3248.3,56,2,3248.1,28,1,3249.3,289,4,3249.5,29,2,3249.6,32,2,3249.7,62,3,3249.8,13,1
11536,2025-12-30 11:28:01+05:30,3249.3,1,3249.46,550830,104699.0,117811.0,3250.0,3257.0,3239.8,3251.5,42271250,3576.6,2926.4,4322.95,2866.6,3248.7,24,1,3248.5,19,2,3248.4,11,2,3248.3,56,2,3248.1,28,1,3249.3,289,4,3249.5,29,2,3249.6,32,2,3249.7,62,3,3249.8,13,1
11536,2025-12-30 11:28:02+05:30,3248.7,24,3249.46,550855,103561.0,117923.0,3250.0,3257.0,3239.8,3251.5,42271250,3576.6,2926.4,4322.95,2866.6,3248.6,17,1,3248.5,19,2,3248.4,11,2,3248.3,68,3,3248.1,28,1,3248.7,5,2,3249.0,282,1,3249.3,20,6,3249.6,22,1,3249.7,62,3
11536,2025-12-30 11:28:02+05:30,3248.7,1,3249.46,550855,103561.0,117923.0,3250.0,3257.0,3239.8,3251.5,42271250,3576.6,2926.4,4322.95,2866.6,3248.6,17,1,3248.5,19,2,3248.4,11,2,3248.3,68,3,3248.1,28,1,3248.7,5,2,3249.0,282,1,3249.3,20,6,3249.6,22,1,3249.7,62,3
11536,2025-12-30 11:28:03+05:30,3248.6,8,3249.46,550881,103591.0,117890.0,3250.0,3257.0,3239.8,3251.5,42271250,3576.6,2926.4,4322.95,2866.6,3248.6,17,1,3248.5,19,2,3248.4,11,2,3248.3,68,3,3248.1,28,1,3248.7,8,7,3249.0,282,1,3249.3,17,4,3249.6,37,2,3249.7,62,3
11536,2025-12-30 11:28:03+05:30,3248.6,1,3249.46,550881,103591.0,117890.0,3250.0,3257.0,3239.8,3251.5,42271250,3576.6,2926.4,4322.95,2866.6,3248.6,17,1,3248.5,19,2,3248.4,11,2,3248.3,68,3,3248.1,28,1,3248.7,8,7,3249.0,282,1,3249.3,17,4,3249.6,37,2,3249.7,62,3
11536,2025-12-30 11:28:04+05:30,3248.6,7,3249.46,550896,103567.0,117913.0,3250.0,3257.0,3239.8,3251.5,42271250,3576.6,2926.4,4322.95,2866.6,3248.6,2,1,3248.5,19,2,3248.4,11,2,3248.3,68,3,3248.2,20,1,3248.7,8,8,3249.0,282,1,3249.3,16,3,3249.6,22,1,3249.7,76,4
11536,2025-12-30 11:28:04+05:30,3248.6,1,3249.46,550896,103567.0,117913.0,3250.0,3257.0,3239.8,3251.5,42271250,3576.6,2926.4,4322.95,2866.6,3248.6,2,1,3248.5,19,2,3248.4,11,2,3248.3,68,3,3248.2,20,1,3248.7,8,8,3249.0,282,1,3249.3,16,3,3249.6,22,1,3249.7,76,4
11536,2025-12-30 11:28:05+05:30,3248.6,5,3249.46,550909,103606.0,116540.0,3250.0,3257.0,3239.8,3251.5,42271250,3576.6,2926.4,4322.95,2866.6,3248.6,9,1,3248.5,19,2,3248.4,11,2,3248.3,68,3,3248.2,33,2,3248.7,24,11,3249.5,170,1,3249.6,22,1,3249.7,62,3,3249.8,21,1
11536,2025-12-30 11:28:05+05:30,3248.6,1,3249.46,550909,103606.0,116540.0,3250.0,3257.0,3239.8,3251.5,42271250,3576.6,2926.4,4322.95,2866.6,3248.6,9,1,3248.5,19,2,3248.4,11,2,3248.3,68,3,3248.2,33,2,3248.7,24,11,3249.5,170,1,3249.6,22,1,3249.7,62,3,3249.8,21,1
11536,2025-12-30 11:28:06+05:30,3248.6,3,3249.46,550917,103671.0,117575.0,3250.0,3257.0,3239.8,3251.5,42271250,3576.6,2926.4,4322.95,2866.6,3248.6,49,1,3248.5,23,3,3248.4,25,3,3248.3,124,5,3248.2,33,2,3248.7,24,11,3249.6,22,1,3249.8,159,2,3249.9,87,4,3250.0,48,2
11536,2025-12-30 11:28:06+05:30,3248.6,33,3249.46,550917,103671.0,117575.0,3250.0,3257.0,3239.8,3251.5,42271250,3576.6,2926.4,4322.95,2866.6,3248.6,49,1,3248.5,23,3,3248.4,25,3,3248.3,124,5,3248.2,33,2,3248.7,24,11,3249.6,22,1,3249.8,159,2,3249.9,87,4,3250.0,48,2
11536,2025-12-30 11:28:07+05:30,3248.5,1,3249.46,550967,103603.0,118007.0,3250.0,3257.0,3239.8,3251.5,42271250,3576.6,2926.4,4322.95,2866.6,3248.5,22,3,3248.4,11,2,3248.3,68,3,3248.1,28,1,3248.0,68,2,3248.6,11,3,3248.7,23,10,3249.0,282,1,3249.6,22,1,3249.8,168,3
11536,2025-12-30 11:28:07+05:30,3248.5,1,3249.46,550967,103603.0,118007.0,3250.0,3257.0,3239.8,3251.5,42271250,3576.6,2926.4,4322.95,2866.6,3248.5,22,3,3248.4,11,2,3248.3,68,3,3248.1,28,1,3248.0,68,2,3248.6,11,3,3248.7,23,10,3249.0,282,1,3249.6,22,1,3249.8,168,3
11536,2025-12-30 11:28:08+05:30,3248.7,1,3249.46,551038,103521.0,118134.0,3250.0,3257.0,3239.8,3251.5,42271250,3576.6,2926.4,4322.95,2866.6,3248.6,5,1,3248.5,12,2,3248.4,11,2,3248.3,68,3,3247.8,47,4,3248.7,22,8,3248.9,282,1,3249.5,73,2,3249.6,22,1,3249.7,86,2
11536,2025-12-30 11:28:08+05:30,3248.6,1,3249.46,551038,103521.0,118134.0,3250.0,3257.0,3239.8,3251.5,42271250,3576.6,2926.4,4322.95,2866.6,3248.6,5,1,3248.5,12,2,3248.4,11,2,3248.3,68,3,3247.8,47,4,3248.7,22,8,3248.9,282,1,3249.5,73,2,3249.6,22,1,3249.7,86,2
11536,2025-12-30 11:28:09+05:30,3248.7,1,3249.46,551079,103375.0,117912.0,3250.0,3257.0,3239.8,3251.5,42271250,3576.6,2926.4,4322.95,2866.6,3248.6,1,1,3248.5,12,2,3248.4,11,2,3248.3,68,3,3247.9,13,1,3248.7,6,3,3248.9,282,1,3249.5,73,2,3249.6,22,1,3249.7,86,2
11536,2025-12-30 11:28:09+05:30,3248.7,1,3249.46,551079,103375.0,117912.0,3250.0,3257.0,3239.8,3251.5,42271250,3576.6,2926.4,4322.95,2866.6,3248.6,1,1,3248.5,12,2,3248.4,11,2,3248.3,68,3,3247.9,13,1,3248.7,6,3,3248.9,282,1,3249.5,73,2,3249.6,22,1,3249.7,86,2
11536,2025-12-30 11:28:10+05:30,3248.6,6,3249.46,551085,103598.0,117660.0,3250.0,3257.0,3239.8,3251.5,42271250,3576.6,2926.4,4322.95,2866.6,3248.6,17,1,3248.5,12,2,3248.4,11,2,3248.3,68,3,3248.0,13,1,3248.7,4,3,3249.0,282,1,3249.5,33,1,3249.6,22,1,3249.7,40,1
11536,2025-12-30 11:28:10+05:30,3249.0,111,3249.46,551085,103598.0,117660.0,3250.0,3257.0,3239.8,3251.5,42271250,3576.6,2926.4,4322.95,2866.6,3248.6,17,1,3248.5,12,2,3248.4,11,2,3248.3,68,3,3248.0,13,1,3248.7,4,3,3249.0,282,1,3249.5,33,1,3249.6,22,1,3249.7,40,1
11536,2025-12-30 11:28:11+05:30,3249.0,111,3249.46,551219,104293.0,115919.0,3250.0,3257.0,3239.8,3251.5,42271250,3576.6,2926.4,4322.95,2866.6,3248.6,17,1,3248.5,12,2,3248.4,115,4,3248.3,213,5,3248.2,59,2,3249.6,23,3,3249.7,300,2,3249.8,16,1,3249.9,24,2,3250.0,21,2
11536,2025-12-30 11:28:11+05:30,3248.6,1,3249.46,551219,104293.0,115919.0,3250.0,3257.0,3239.8,3251.5,42271250,3576.6,2926.4,4322.95,2866.6,3248.6,17,1,3248.5,12,2,3248.4,115,4,3248.3,213,5,3248.2,59,2,3249.6,23,3,3249.7,300,2,3249.8,16,1,3249.9,24,2,3250.0,21,2
11536,2025-12-30 11:28:12+05:30,3248.6,1,3249.46,551221,106032.0,116634.0,3250.0,3257.0,3239.8,3251.5,42271250,3576.6,2926.4,4322.95,2866.6,3249.5,16,1,3248.6,83,2,3248.5,222,5,3248.4,296,7,3248.3,380,8,3249.6,8,2,3249.7,282,1,3249.9,24,2,3250.0,4,1,3250.1,3,1
11536,2025-12-30 11:28:12+05:30,3249.5,18,3249.46,551221,106032.0,116634.0,3250.0,3257.0,3239.8,3251.5,42271250,3576.6,2926.4,4322.95,2866.6,3249.5,16,1,3248.6,83,2,3248.5,222,5,3248.4,296,7,3248.3,380,8,3249.6,8,2,3249.7,282,1,3249.9,24,2,3250.0,4,1,3250.1,3,1
11536,2025-12-30 11:28:13+05:30,3249.5,18,3249.46,551380,106732.0,115850.0,3250.0,3257.0,3239.8,3251.5,42271250,3576.6,2926.4,4322.95,2866.6,3249.5,48,2,3248.7,69,3,3248.6,121,5,3248.5,236,5,3248.4,352,10,3249.6,291,4,3249.9,20,1,3250.1,3,1,3250.6,61,2,3250.7,51,2
11536,2025-12-30 11:28:13+05:30,3249.5,18,3249.46,551380,106732.0,115850.0,3250.0,3257.0,3239.8,3251.5,42271250,3576.6,2926.4,4322.95,2866.6,3249.5,48,2,3248.7,69,3,3248.6,121,5,3248.5,236,5,3248.4,352,10,3249.6,291,4,3249.9,20,1,3250.1,3,1,3250.6,61,2,3250.7,51,2
11536,2025-12-30 11:28:14+05:30,3249.5,18,3249.46,551399,106663.0,115868.0,3250.0,3257.0,3239.8,3251.5,42271250,3576.6,2926.4,4322.95,2866.6,3249.5,29,2,3248.7,59,2,3248.6,121,5,3248.5,236,5,3248.4,352,10,3249.6,290,5,3249.7,1,1,3249.9,20,1,3250.1,3,1,3250.4,16,1
11536,2025-12-30 11:28:14+05:30,3249.5,20,3249.46,551399,106663.0,115868.0,3250.0,3257.0,3239.8,3251.5,42271250,3576.6,2926.4,4322.95,2866.6,3249.5,29,2,3248.7,59,2,3248.6,121,5,3248.5,236,5,3248.4,352,10,3249.6,290,5,3249.7,1,1,3249.9,20,1,3250.1,3,1,3250.4,16,1
11536,2025-12-30 11:28:15+05:30,3249.5,20,3249.46,551431,104463.0,113805.0,3250.0,3257.0,3239.8,3251.5,42271250,3576.6,2926.4,4322.95,2866.6,3248.6,17,2,3248.5,69,4,3248.4,94,5,3248.3,215,7,3248.2,260,5,3249.5,4,1,3249.6,289,7,3249.7,1,1,3249.9,20,1,3250.1,3,1
11536,2025-12-30 11:28:15+05:30,3248.5,4,3249.46,551431,104463.0,113805.0,3250.0,3257.0,3239.8,3251.5,42271250,3576.6,2926.4,4322.95,2866.6,3248.6,17,2,3248.5,69,4,3248.4,94,5,3248.3,215,7,3248.2,260,5,3249.5,4,1,3249.6,289,7,3249.7,1,1,3249.9,20,1,3250.1,3,1
11536,2025-12-30 11:28:16+05:30,3248.5,4,3249.46,551467,104448.0,115948.0,3250.0,3257.0,3239.8,3251.5,42271250,3576.6,2926.4,4322.95,2866.6,3248.5,77,5,3248.4,110,7,3248.3,228,7,3248.2,260,5,3248.1,205,10,3249.5,289,7,3249.6,4,4,3249.7,1,1,3249.9,20,1,3250.1,3,1
11536,2025-12-30 11:28:16+05:30,3248.5,8,3249.46,551467,104448.0,115948.0,3250.0,3257.0,3239.8,3251.5,42271250,3576.6,2926.4,4322.95,2866.6,3248.5,77,5,3248.4,110,7,3248.3,228,7,3248.2,260,5,3248.1,205,10,3249.5,289,7,3249.6,4,4,3249.7,1,1,3249.9,20,1,3250.1,3,1
11536,2025-12-30 11:28:17+05:30,3248.5,8,3249.46,551564,104468.0,116038.0,3250.0,3257.0,3239.8,3251.5,42271250,3576.6,2926.4,4322.95,2866.6,3248.5,68,7,3248.4,134,9,3248.3,264,9,3248.2,266,6,3248.1,176,7,3249.5,293,10,3249.6,1,1,3249.7,1,1,3249.9,20,1,3250.1,3,1
11536,2025-12-30 11:28:17+05:30,3248.5,7,3249.46,551564,104468.0,116038.0,3250.0,3257.0,3239.8,3251.5,42271250,3576.6,2926.4,4322.95,2866.6,3248.5,68,7,3248.4,134,9,3248.3,264,9,3248.2,266,6,3248.1,176,7,3249.5,293,10,3249.6,1,1,3249.7,1,1,3249.9,20,1,3250.1,3,1
11536,2025-12-30 11:28:18+05:30,3248.5,7,3249.46,551586,104517.0,116387.0,3250.0,3257.0,3239.8,3251.5,42271250,3576.6,2926.4,4322.95,2866.6,3248.5,69,4,3248.4,108,8,3248.3,295,9,3248.2,266,6,3248.1,176,7,3249.5,299,14,3249.7,1,1,3249.9,20,1,3250.1,3,1,3250.2,21,1
11536,2025-12-30 11:28:18+05:30,3248.5,12,3249.46,551586,104517.0,116387.0,3250.0,3257.0,3239.8,3251.5,42271250,3576.6,2926.4,4322.95,2866.6,3248.5,69,4,3248.4,108,8,3248.3,295,9,3248.2,266,6,3248.1,176,7,3249.5,299,14,3249.7,1,1,3249.9,20,1,3250.1,3,1,3250.2,21,1
11536,2025-12-30 11:28:19+05:30,3248.5,12,3249.46,551621,104501.0,116329.0,3250.0,3257.0,3239.8,3251.5,42271250,3576.6,2926.4,4322.95,2866.6,3248.5,53,3,3248.4,108,8,3248.3,295,9,3248.2,266,6,3248.1,176,7,3249.5,13,11,3249.6,292,2,3249.7,1,1,3249.8,8,1,3249.9,20,1
11536,2025-12-30 11:28:19+05:30,3249.5,1,3249.46,551621,104501.0,116329.0,3250.0,3257.0,3239.8,3251.5,42271250,3576.6,2926.4,4322.95,2866.6,3248.5,53,3,3248.4,108,8,3248.3,295,9,3248.2,266,6,3248.1,176,7,3249.5,13,11,3249.6,292,2,3249.7,1,1,3249.8,8,1,3249.9,20,1
11536,2025-12-30 11:28:20+05:30,3248.5,2,3249.46,551652,104487.0,116021.0,3250.0,3257.0,3239.8,3251.5,42271250,3576.6,2926.4,4322.95,2866.6,3248.5,52,6,3248.4,95,7,3248.3,295,9,3248.2,266,6,3248.1,176,7,3249.5,12,12,3249.6,292,2,3249.7,1,1,3249.8,8,1,3249.9,20,1
11536,2025-12-30 11:28:20+05:30,3248.5,3,3249.46,551652,104487.0,116021.0,3250.0,3257.0,3239.8,3251.5,42271250,3576.6,2926.4,4322.95,2866.6,3248.5,52,6,3248.4,95,7,3248.3,295,9,3248.2,266,6,3248.1,176,7,3249.5,12,12,3249.6,292,2,3249.7,1,1,3249.8,8,1,3249.9,20,1
11536,2025-12-30 11:28:21+05:30,3248.5,1,3249.46,551680,103974.0,116170.0,3250.0,3257.0,3239.8,3251.5,42271250,3576.6,2926.4,4322.95,2866.6,3248.5,80,4,3248.4,95,7,3248.3,267,7,3248.2,110,5,3248.1,163,6,3249.5,292,11,3249.6,10,1,3249.7,1,1,3249.8,8,1,3249.9,36,2
11536,2025-12-30 11:28:21+05:30,3248.5,1,3249.46,551701,104146.0,116574.0,3250.0,3257.0,3239.8,3251.5,42271250,3576.6,2926.4,4322.95,2866.6,3248.5,72,4,3248.4,66,7,3248.3,307,8,3248.2,110,5,3248.1,163,6,3249.5,305,11,3249.6,10,1,3249.7,1,1,3249.8,8,1,3249.9,36,2
11536,2025-12-30 11:28:21+05:30,3248.5,1,3249.46,551701,104146.0,116574.0,3250.0,3257.0,3239.8,3251.5,42271250,3576.6,2926.4,4322.95,2866.6,3248.5,72,4,3248.4,66,7,3248.3,307,8,3248.2,110,5,3248.1,163,6,3249.5,305,11,3249.6,10,1,3249.7,1,1,3249.8,8,1,3249.9,36,2
11536,2025-12-30 11:28:22+05:30,3248.6,3,3249.46,551745,104516.0,116117.0,3250.0,3257.0,3239.8,3251.5,42271250,3576.6,2926.4,4322.95,2866.6,3248.6,13,1,3248.5,106,4,3248.4,52,7,3248.3,307,8,3248.2,242,5,3249.5,304,10,3249.6,10,1,3249.7,1,1,3249.9,20,1,3250.1,43,2
11536,2025-12-30 11:28:22+05:30,3248.6,3,3249.46,551745,104516.0,116117.0,3250.0,3257.0,3239.8,3251.5,42271250,3576.6,2926.4,4322.95,2866.6,3248.6,13,1,3248.5,106,4,3248.4,52,7,3248.3,307,8,3248.2,242,5,3249.5,304,10,3249.6,10,1,3249.7,1,1,3249.9,20,1,3250.1,43,2
11536,2025-12-30 11:28:23+05:30,3248.6,3,3249.46,551750,104442.0,115982.0,3250.0,3257.0,3239.8,3251.5,42271250,3576.6,2926.4,4322.95,2866.6,3248.6,8,1,3248.5,106,4,3248.4,41,6,3248.3,307,8,3248.2,242,5,3249.5,306,12,3249.7,1,1,3249.9,20,1,3250.1,43,2,3250.2,35,2
11536,2025-12-30 11:28:23+05:30,3248.6,4,3249.46,551750,104442.0,115982.0,3250.0,3257.0,3239.8,3251.5,42271250,3576.6,2926.4,4322.95,2866.6,3248.6,8,1,3248.5,106,4,3248.4,41,6,3248.3,307,8,3248.2,242,5,3249.5,306,12,3249.7,1,1,3249.9,20,1,3250.1,43,2,3250.2,35,2
11536,2025-12-30 11:28:24+05:30,3249.0,3,3249.46,551750,104442.0,115982.0,3250.0,3257.0,3239.8,3251.5,42271250,3576.6,2926.4,4322.95,2866.6,3248.6,8,1,3248.5,106,4,3248.4,41,6,3248.3,307,8,3248.2,242,5,3249.5,306,12,3249.7,1,1,3249.9,20,1,3250.1,43,2,3250.2,35,2
11536,2025-12-30 11:28:25+05:30,3249.0,3,3249.46,551805,106132.0,116467.0,3250.0,3257.0,3239.8,3251.5,42271250,3576.6,2926.4,4322.95,2866.6,3249.0,9,1,3248.6,50,1,3248.5,106,4,3248.4,260,9,3248.3,362,10,3249.5,293,11,3249.7,1,1,3249.9,20,1,3250.1,43,2,3250.2,14,1
11536,2025-12-30 11:28:25+05:30,3249.0,4,3249.46,551812,106217.0,116314.0,3250.0,3257.0,3239.8,3251.5,42271250,3576.6,2926.4,4322.95,2866.6,3249.0,3,1,3248.7,38,4,3248.6,157,5,3248.5,179,8,3248.4,297,11,3249.5,11,10,3249.7,1,1,3249.9,20,1,3250.1,3,1,3250.4,22,1
11536,2025-12-30 11:28:25+05:30,3249.0,1,3249.46,551812,106217.0,116314.0,3250.0,3257.0,3239.8,3251.5,42271250,3576.6,2926.4,4322.95,2866.6,3249.0,3,1,3248.7,38,4,3248.6,157,5,3248.5,179,8,3248.4,297,11,3249.5,11,10,3249.7,1,1,3249.9,20,1,3250.1,3,1,3250.4,22,1
11536,2025-12-30 11:28:26+05:30,3249.0,40,3249.46,551812,106217.0,116314.0,3250.0,3257.0,3239.8,3251.5,42271250,3576.6,2926.4,4322.95,2866.6,3249.0,3,1,3248.7,38,4,3248.6,157,5,3248.5,179,8,3248.4,297,11,3249.5,11,10,3249.7,1,1,3249.9,20,1,3250.1,3,1,3250.4,22,1
11536,2025-12-30 11:28:27+05:30,3249.0,40,3249.46,551871,106041.0,117374.0,3250.0,3257.0,3239.8,3251.5,42271250,3576.6,2926.4,4322.95,2866.6,3248.8,2,1,3248.7,12,1,3248.6,50,1,3248.5,151,8,3248.4,74,7,3248.9,4,3,3249.0,8,1,3249.5,7,7,3249.6,282,1,3249.7,1,1
11536,2025-12-30 11:28:27+05:30,3248.8,1,3249.46,551871,106041.0,117374.0,3250.0,3257.0,3239.8,3251.5,42271250,3576.6,2926.4,4322.95,2866.6,3248.8,2,1,3248.7,12,1,3248.6,50,1,3248.5,151,8,3248.4,74,7,3248.9,4,3,3249.0,8,1,3249.5,7,7,3249.6,282,1,3249.7,1,1
11536,2025-12-30 11:28:28+05:30,3248.8,2,3249.46,551888,105959.0,117371.0,3250.0,3257.0,3239.8,3251.5,42271250,3576.6,2926.4,4322.95,2866.6,3248.8,48,1,3248.7,25,2,3248.6,65,2,3248.5,193,8,3248.4,64,7,3248.9,6,5,3249.0,8,1,3249.5,2,2,3249.6,282,1,3249.7,1,1
11536,2025-12-30 11:28:28+05:30,3248.8,1,3249.46,551888,105959.0,117371.0,3250.0,3257.0,3239.8,3251.5,42271250,3576.6,2926.4,4322.95,2866.6,3248.8,48,1,3248.7,25,2,3248.6,65,2,3248.5,193,8,3248.4,64,7,3248.9,6,5,3249.0,8,1,3249.5,2,2,3249.6,282,1,3249.7,1,1
11536,2025-12-30 11:28:29+05:30,3248.8,1,3249.46,551945,104411.0,116627.0,3250.0,3257.0,3239.8,3251.5,42271250,3576.6,2926.4,4322.95,2866.6,3248.8,35,1,3248.6,60,2,3248.5,106,4,3248.4,13,3,3248.3,201,8,3248.9,7,6,3249.1,282,1,3249.7,1,1,3249.9,20,1,3250.1,18,2
11536,2025-12-30 11:28:29+05:30,3248.8,2,3249.46,551945,104411.0,116627.0,3250.0,3257.0,3239.8,3251.5,42271250,3576.6,2926.4,4322.95,2866.6,3248.8,35,1,3248.6,60,2,3248.5,106,4,3248.4,13,3,3248.3,201,8,3248.9,7,6,3249.1,282,1,3249.7,1,1,3249.9,20,1,3250.1,18,2
11536,2025-12-30 11:28:30+05:30,3248.8,3,3249.46,551958,104619.0,118048.0,3250.0,3257.0,3239.8,3251.5,42271250,3576.6,2926.4,4322.95,2866.6,3248.8,22,1,3248.7,12,1,3248.6,50,1,3248.5,106,4,3248.4,39,5,3248.9,6,5,3249.0,5,1,3249.1,282,1,3249.7,1,1,3249.9,20,1
11536,2025-12-30 11:28:30+05:30,3248.9,1,3249.46,551958,104619.0,118048.0,3250.0,3257.0,3239.8,3251.5,42271250,3576.6,2926.4,4322.95,2866.6,3248.8,22,1,3248.7,12,1,3248.6,50,1,3248.5,106,4,3248.4,39,5,3248.9,6,5,3249.0,5,1,3249.1,282,1,3249.7,1,1,3249.9,20,1
11536,2025-12-30 11:28:31+05:30,3248.9,1,3249.46,551979,105274.0,118083.0,3250.0,3257.0,3239.8,3251.5,42271250,3576.6,2926.4,4322.95,2866.6,3248.8,3,1,3248.7,12,1,3248.6,59,2,3248.5,106,4,3248.4,13,3,3248.9,4,4,3249.0,5,1,3249.1,282,1,3249.6,26,1,3249.7,1,1
11536,2025-12-30 11:28:31+05:30,3248.9,1,3249.46,551979,105274.0,118083.0,3250.0,3257.0,3239.8,3251.5,42271250,3576.6,2926.4,4322.95,2866.6,3248.8,3,1,3248.7,12,1,3248.6,59,2,3248.5,106,4,3248.4,13,3,3248.9,4,4,3249.0,5,1,3249.1,282,1,3249.6,26,1,3249.7,1,1
11536,2025-12-30 11:28:32+05:30,3248.7,7,3249.46,551989,105139.0,117957.0,3250.0,3257.0,3239.8,3251.5,42271250,3576.6,2926.4,4322.95,2866.6,3248.7,5,1,3248.6,71,3,3248.5,120,5,3248.4,30,4,3248.3,196,8,3248.9,4,4,3249.0,5,1,3249.6,26,1,3249.7,1,1,3249.9,35,2
11536,2025-12-30 11:28:32+05:30,3248.8,1,3249.46,551989,105139.0,117957.0,3250.0,3257.0,3239.8,3251.5,42271250,3576.6,2926.4,4322.95,2866.6,3248.7,5,1,3248.6,71,3,3248.5,120,5,3248.4,30,4,3248.3,196,8,3248.9,4,4,3249.0,5,1,3249.6,26,1,3249.7,1,1,3249.9,35,2
11536,2025-12-30 11:28:33+05:30,3248.8,1,3249.46,551990,105188.0,116599.0,3250.0,3257.0,3239.8,3251.5,42271250,3576.6,2926.4,4322.95,2866.6,3248.8,49,1,3248.7,5,1,3248.6,71,3,3248.5,120,5,3248.4,30,4,3248.9,6,6,3249.0,5,1,3249.6,26,1,3249.7,1,1,3249.9,35,2
11536,2025-12-30 11:28:33+05:30,3248.8,2,3249.46,551990,105188.0,116599.0,3250.0,3257.0,3239.8,3251.5,42271250,3576.6,2926.4,4322.95,2866.6,3248.8,49,1,3248.7,5,1,3248.6,71,3,3248.5,120,5,3248.4,30,4,3248.9,6,6,3249.0,5,1,3249.6,26,1,3249.7,1,1,3249.9,35,2
11536,2025-12-30 11:28:34+05:30,3248.8,2,3249.46,551998,105195.0,118303.0,3250.0,3257.0,3239.8,3251.5,42271250,3576.6,2926.4,4322.95,2866.6,3248.8,46,2,3248.6,59,2,3248.5,106,4,3248.4,13,3,3248.3,152,7,3248.9,37,7,3249.0,287,2,3249.4,26,1,3249.6,7,1,3249.7,13,2
11536,2025-12-30 11:28:34+05:30,3248.8,1,3249.46,551998,105195.0,118303.0,3250.0,3257.0,3239.8,3251.5,42271250,3576.6,2926.4,4322.95,2866.6,3248.8,46,2,3248.6,59,2,3248.5,106,4,3248.4,13,3,3248.3,152,7,3248.9,37,7,3249.0,287,2,3249.4,26,1,3249.6,7,1,3249.7,13,2
11536,2025-12-30 11:28:35+05:30,3248.9,1,3249.46,552006,105032.0,116931.0,3250.0,3257.0,3239.8,3251.5,42271250,3576.6,2926.4,4322.95,2866.6,3248.8,39,2,3248.6,59,2,3248.5,116,5,3248.4,13,3,3248.3,136,6,3248.9,36,6,3249.0,287,2,3249.3,17,1,3249.4,26,1,3249.6,7,1
11536,2025-12-30 11:28:35+05:30,3248.8,2,3249.46,552006,105032.0,116931.0,3250.0,3257.0,3239.8,3251.5,42271250,3576.6,2926.4,4322.95,2866.6,3248.8,39,2,3248.6,59,2,3248.5,116,5,3248.4,13,3,3248.3,136,6,3248.9,36,6,3249.0,287,2,3249.3,17,1,3249.4,26,1,3249.6,7,1
11536,2025-12-30 11:28:36+05:30,3248.9,1,3249.46,552047,105039.0,116911.0,3250.0,3257.0,3239.8,3251.5,42271250,3576.6,2926.4,4322.95,2866.6,3248.9,5,1,3248.8,31,1,3248.6,59,2,3248.5,116,5,3248.4,13,3,3249.0,287,2,3249.4,26,1,3249.6,7,1,3249.7,41,2,3249.9,75,3
11536,2025-12-30 11:28:36+05:30,3248.9,66,3249.46,552047,105039.0,116911.0,3250.0,3257.0,3239.8,3251.5,42271250,3576.6,2926.4,4322.95,2866.6,3248.9,5,1,3248.8,31,1,3248.6,59,2,3248.5,116,5,3248.4,13,3,3249.0,287,2,3249.4,26,1,3249.6,7,1,3249.7,41,2,3249.9,75,3
11536,2025-12-30 11:28:37+05:30,3248.9,66,3249.46,552401,106151.0,117830.0,3250.0,3257.0,3239.8,3251.5,42271250,3576.6,2926.4,4322.95,2866.6,3248.8,34,2,3248.7,12,1,3248.6,73,3,3248.5,138,7,3248.4,82,6,3248.9,25,3,3249.8,26,1,3249.9,22,2,3250.1,18,1,3250.2,80,4
11536,2025-12-30 11:28:37+05:30,3248.9,1,3249.46,552401,106151.0,117830.0,3250.0,3257.0,3239.8,3251.5,42271250,3576.6,2926.4,4322.95,2866.6,3248.8,34,2,3248.7,12,1,3248.6,73,3,3248.5,138,7,3248.4,82,6,3248.9,25,3,3249.8,26,1,3249.9,22,2,3250.1,18,1,3250.2,80,4
11536,2025-12-30 11:28:38+05:30,3248.9,3,3249.46,552412,105945.0,117919.0,3250.0,3257.0,3239.8,3251.5,42271250,3576.6,2926.4,4322.95,2866.6,3248.8,44,3,3248.7,22,2,3248.6,64,2,3248.5,162,7,3248.4,73,6,3248.9,19,5,3249.8,26,1,3249.9,18,1,3250.1,18,1,3250.2,76,3
11536,2025-12-30 11:28:38+05:30,3248.8,17,3249.46,552412,105945.0,117919.0,3250.0,3257.0,3239.8,3251.5,42271250,3576.6,2926.4,4322.95,2866.6,3248.8,44,3,3248.7,22,2,3248.6,64,2,3248.5,162,7,3248.4,73,6,3248.9,19,5,3249.8,26,1,3249.9,18,1,3250.1,18,1,3250.2,76,3
11536,2025-12-30 11:28:39+05:30,3248.8,8,3249.46,552518,105934.0,116642.0,3250.0,3257.0,3239.8,3251.5,42271250,3576.6,2926.4,4322.95,2866.6,3248.8,3,1,3248.7,22,2,3248.6,86,4,3248.5,173,7,3248.4,92,7,3248.9,9,4,3249.8,26,1,3249.9,18,1,3250.1,18,1,3250.2,21,1
11536,2025-12-30 11:28:39+05:30,3248.7,21,3249.46,552573,105960.0,117745.0,3250.0,3257.0,3239.8,3251.5,42271250,3576.6,2926.4,4322.95,2866.6,3248.7,10,1,3248.6,64,2,3248.5,173,7,3248.4,77,7,3248.3,191,7,3248.9,10,6,3249.8,26,1,3249.9,18,1,3250.1,18,1,3250.2,76,3
11536,2025-12-30 11:28:39+05:30,3248.7,21,3249.46,552573,105960.0,117745.0,3250.0,3257.0,3239.8,3251.5,42271250,3576.6,2926.4,4322.95,2866.6,3248.7,10,1,3248.6,64,2,3248.5,173,7,3248.4,77,7,3248.3,191,7,3248.9,10,6,3249.8,26,1,3249.9,18,1,3250.1,18,1,3250.2,76,3
11536,2025-12-30 11:28:40+05:30,3248.6,1,3249.46,552574,105736.0,117991.0,3250.0,3257.0,3239.8,3251.5,42271250,3576.6,2926.4,4322.95,2866.6,3248.6,95,5,3248.5,173,7,3248.4,60,5,3248.3,196,8,3248.2,48,2,3248.7,1,1,3248.9,11,6,3249.8,26,1,3249.9,18,1,3250.1,18,1
11536,2025-12-30 11:28:40+05:30,3248.6,1,3249.46,552574,105736.0,117991.0,3250.0,3257.0,3239.8,3251.5,42271250,3576.6,2926.4,4322.95,2866.6,3248.6,95,5,3248.5,173,7,3248.4,60,5,3248.3,196,8,3248.2,48,2,3248.7,1,1,3248.9,11,6,3249.8,26,1,3249.9,18,1,3250.1,18,1
11536,2025-12-30 11:28:41+05:30,3248.6,1,3249.46,552607,104379.0,118134.0,3250.0,3257.0,3239.8,3251.5,42271250,3576.6,2926.4,4322.95,2866.6,3248.6,27,2,3248.5,116,5,3248.4,66,6,3248.3,151,6,3248.2,39,2,3248.7,5,5,3248.9,6,4,3249.0,282,1,3249.8,26,1,3249.9,65,3
11536,2025-12-30 11:28:41+05:30,3248.6,16,3249.46,552607,104379.0,118134.0,3250.0,3257.0,3239.8,3251.5,42271250,3576.6,2926.4,4322.95,2866.6,3248.6,27,2,3248.5,116,5,3248.4,66,6,3248.3,151,6,3248.2,39,2,3248.7,5,5,3248.9,6,4,3249.0,282,1,3249.8,26,1,3249.9,65,3
11536,2025-12-30 11:28:42+05:30,3248.9,2,3249.46,552665,104414.0,118094.0,3250.0,3257.0,3239.8,3251.5,42271250,3576.6,2926.4,4322.95,2866.6,3248.7,10,1,3248.6,22,3,3248.5,130,6,3248.4,44,4,3248.3,151,6,3248.9,5,4,3249.0,282,1,3249.8,26,1,3249.9,58,2,3250.0,23,2
11536,2025-12-30 11:28:42+05:30,3248.7,7,3249.46,552665,104414.0,118094.0,3250.0,3257.0,3239.8,3251.5,42271250,3576.6,2926.4,4322.95,2866.6,3248.7,10,1,3248.6,22,3,3248.5,130,6,3248.4,44,4,3248.3,151,6,3248.9,5,4,3249.0,282,1,3249.8,26,1,3249.9,58,2,3250.0,23,2
11536,2025-12-30 11:28:43+05:30,3248.7,1,3249.46,552673,104487.0,118105.0,3250.0,3257.0,3239.8,3251.5,42271250,3576.6,2926.4,4322.95,2866.6,3248.7,86,2,3248.6,10,2,3248.5,116,5,3248.4,60,5,3248.3,151,6,3248.9,7,6,3249.0,282,1,3249.8,26,1,3249.9,58,2,3250.0,31,3
11536,2025-12-30 11:28:43+05:30,3248.7,1,3249.46,552673,104487.0,118105.0,3250.0,3257.0,3239.8,3251.5,42271250,3576.6,2926.4,4322.95,2866.6,3248.7,86,2,3248.6,10,2,3248.5,116,5,3248.4,60,5,3248.3,151,6,3248.9,7,6,3249.0,282,1,3249.8,26,1,3249.9,58,2,3250.0,31,3
11536,2025-12-30 11:28:44+05:30,3248.8,5,3249.46,552687,104596.0,116171.0,3250.0,3257.0,3239.8,3251.5,42271250,3576.6,2926.4,4322.95,2866.6,3248.8,1,1,3248.7,84,1,3248.6,12,3,3248.5,116,5,3248.4,44,4,3248.9,288,7,3249.8,26,1,3249.9,58,2,3250.0,23,2,3250.1,33,2
11536,2025-12-30 11:28:44+05:30,3248.8,1,3249.46,552687,104596.0,116171.0,3250.0,3257.0,3239.8,3251.5,42271250,3576.6,2926.4,4322.95,2866.6,3248.8,1,1,3248.7,84,1,3248.6,12,3,3248.5,116,5,3248.4,44,4,3248.9,288,7,3249.8,26,1,3249.9,58,2,3250.0,23,2,3250.1,33,2
11536,2025-12-30 11:28:45+05:30,3248.7,7,3249.46,552850,104604.0,118250.0,3250.0,3257.0,3239.8,3251.5,42271250,3576.6,2926.4,4322.95,2866.6,3248.7,75,1,3248.6,24,4,3248.5,130,6,3248.4,61,5,3248.3,127,5,3248.9,294,7,3249.8,26,1,3249.9,58,2,3250.0,31,3,3250.1,33,2
11536,2025-12-30 11:28:45+05:30,3248.7,7,3249.46,552850,104604.0,118250.0,3250.0,3257.0,3239.8,3251.5,42271250,3576.6,2926.4,4322.95,2866.6,3248.7,75,1,3248.6,24,4,3248.5,130,6,3248.4,61,5,3248.3,127,5,3248.9,294,7,3249.8,26,1,3249.9,58,2,3250.0,31,3,3250.1,33,2
11536,2025-12-30 11:28:46+05:30,3248.7,1,3249.46,552928,104283.0,117937.0,3250.0,3257.0,3239.8,3251.5,42271250,3576.6,2926.4,4322.95,2866.6,3248.6,12,3,3248.5,117,6,3248.4,44,4,3248.3,127,5,3248.2,12,1,3248.7,3,1,3248.8,282,1,3248.9,27,8,3249.8,42,2,3249.9,81,4
11536,2025-12-30 11:28:46+05:30,3248.6,1,3249.46,552928,104283.0,117937.0,3250.0,3257.0,3239.8,3251.5,42271250,3576.6,2926.4,4322.95,2866.6,3248.6,12,3,3248.5,117,6,3248.4,44,4,3248.3,127,5,3248.2,12,1,3248.7,3,1,3248.8,282,1,3248.9,27,8,3249.8,42,2,3249.9,81,4
11536,2025-12-30 11:28:47+05:30,3248.6,16,3249.46,552946,104153.0,117858.0,3250.0,3257.0,3239.8,3251.5,42271250,3576.6,2926.4,4322.95,2866.6,3248.5,117,6,3248.4,54,5,3248.3,139,6,3248.2,12,1,3248.1,55,2,3248.6,5,1,3248.7,9,4,3248.9,20,5,3249.0,282,1,3249.6,26,1
11536,2025-12-30 11:28:47+05:30,3248.5,1,3249.46,552946,104153.0,117858.0,3250.0,3257.0,3239.8,3251.5,42271250,3576.6,2926.4,4322.95,2866.6,3248.5,117,6,3248.4,54,5,3248.3,139,6,3248.2,12,1,3248.1,55,2,3248.6,5,1,3248.7,9,4,3248.9,20,5,3249.0,282,1,3249.6,26,1
11536,2025-12-30 11:28:48+05:30,3248.5,1,3249.46,552948,104107.0,117878.0,3250.0,3257.0,3239.8,3251.5,42271250,3576.6,2926.4,4322.95,2866.6,3248.5,126,6,3248.4,54,5,3248.3,136,5,3248.2,12,1,3248.1,28,1,3248.6,23,6,3248.7,9,4,3248.9,4,2,3249.0,282,1,3249.3,26,1
11536,2025-12-30 11:28:48+05:30,3248.5,22,3249.46,552948,104107.0,117878.0,3250.0,3257.0,3239.8,3251.5,42271250,3576.6,2926.4,4322.95,2866.6,3248.5,126,6,3248.4,54,5,3248.3,136,5,3248.2,12,1,3248.1,28,1,3248.6,23,6,3248.7,9,4,3248.9,4,2,3249.0,282,1,3249.3,26,1
11536,2025-12-30 11:28:49+05:30,3248.5,27,3249.46,553032,103950.0,117972.0,3250.0,3257.0,3239.8,3251.5,42271250,3576.6,2926.4,4322.95,2866.6,3248.5,50,5,3248.4,54,5,3248.3,124,4,3248.2,12,1,3248.1,28,1,3248.6,23,9,3248.7,2,1,3249.0,282,1,3249.3,26,1,3249.7,56,2
11536,2025-12-30 11:28:49+05:30,3248.5,27,3249.46,553032,103950.0,117972.0,3250.0,3257.0,3239.8,3251.5,42271250,3576.6,2926.4,4322.95,2866.6,3248.5,50,5,3248.4,54,5,3248.3,124,4,3248.2,12,1,3248.1,28,1,3248.6,23,9,3248.7,2,1,3249.0,282,1,3249.3,26,1,3249.7,56,2
11536,2025-12-30 11:28:50+05:30,3248.5,27,3249.46,553032,103950.0,117972.0,3250.0,3257.0,3239.8,3251.5,42271250,3576.6,2926.4,4322.95,2866.6,3248.5,50,5,3248.4,54,5,3248.3,124,4,3248.2,12,1,3248.1,28,1,3248.6,23,9,3248.7,2,1,3249.0,282,1,3249.3,26,1,3249.7,56,2
11536,2025-12-30 11:28:50+05:30,3248.5,1,3249.46,553050,103930.0,118206.0,3250.0,3257.0,3239.8,3251.5,42271250,3576.6,2926.4,4322.95,2866.6,3248.5,32,5,3248.4,54,5,3248.3,124,4,3248.2,12,1,3248.1,28,1,3248.6,24,10,3248.7,282,1,3249.3,26,1,3249.5,56,2,3249.7,56,2
11536,2025-12-30 11:28:50+05:30,3248.5,1,3249.46,553050,103930.0,118206.0,3250.0,3257.0,3239.8,3251.5,42271250,3576.6,2926.4,4322.95,2866.6,3248.5,32,5,3248.4,54,5,3248.3,124,4,3248.2,12,1,3248.1,28,1,3248.6,24,10,3248.7,282,1,3249.3,26,1,3249.5,56,2,3249.7,56,2
11536,2025-12-30 11:28:51+05:30,3248.5,1,3249.46,553050,103930.0,118206.0,3250.0,3257.0,3239.8,3251.5,42271250,3576.6,2926.4,4322.95,2866.6,3248.5,32,5,3248.4,54,5,3248.3,124,4,3248.2,12,1,3248.1,28,1,3248.6,24,10,3248.7,282,1,3249.3,26,1,3249.5,56,2,3249.7,56,2
11536,2025-12-30 11:28:51+05:30,3248.5,1,3249.46,553069,103659.0,118219.0,3250.0,3257.0,3239.8,3251.5,42271250,3576.6,2926.4,4322.95,2866.6,3248.5,27,3,3248.4,23,4,3248.3,124,4,3248.2,12,1,3248.1,28,1,3248.6,21,8,3248.7,282,1,3249.2,26,1,3249.3,40,1,3249.5,56,2
11536,2025-12-30 11:28:51+05:30,3248.5,1,3249.46,553069,103659.0,118219.0,3250.0,3257.0,3239.8,3251.5,42271250,3576.6,2926.4,4322.95,2866.6,3248.5,27,3,3248.4,23,4,3248.3,124,4,3248.2,12,1,3248.1,28,1,3248.6,21,8,3248.7,282,1,3249.2,26,1,3249.3,40,1,3249.5,56,2
11536,2025-12-30 11:28:52+05:30,3248.5,1,3249.46,553069,103659.0,118219.0,3250.0,3257.0,3239.8,3251.5,42271250,3576.6,2926.4,4322.95,2866.6,3248.5,27,3,3248.4,23,4,3248.3,124,4,3248.2,12,1,3248.1,28,1,3248.6,21,8,3248.7,282,1,3249.2,26,1,3249.3,40,1,3249.5,56,2
11536,2025-12-30 11:28:52+05:30,3248.6,1,3249.46,553092,103716.0,118185.0,3250.0,3257.0,3239.8,3251.5,42271250,3576.6,2926.4,4322.95,2866.6,3248.5,61,3,3248.4,37,5,3248.3,124,4,3248.2,12,1,3248.1,28,1,3248.6,22,10,3248.7,282,1,3249.2,26,1,3249.3,40,1,3249.4,15,1
11536,2025-12-30 11:28:52+05:30,3248.6,1,3249.46,553092,103716.0,118185.0,3250.0,3257.0,3239.8,3251.5,42271250,3576.6,2926.4,4322.95,2866.6,3248.5,61,3,3248.4,37,5,3248.3,124,4,3248.2,12,1,3248.1,28,1,3248.6,22,10,3248.7,282,1,3249.2,26,1,3249.3,40,1,3249.4,15,1
11536,2025-12-30 11:28:53+05:30,3248.6,1,3249.46,553092,103716.0,118185.0,3250.0,3257.0,3239.8,3251.5,42271250,3576.6,2926.4,4322.95,2866.6,3248.5,61,3,3248.4,37,5,3248.3,124,4,3248.2,12,1,3248.1,28,1,3248.6,22,10,3248.7,282,1,3249.2,26,1,3249.3,40,1,3249.4,15,1
11536,2025-12-30 11:28:53+05:30,3248.5,9,3249.46,553111,103729.0,118186.0,3250.0,3257.0,3239.8,3251.5,42271250,3576.6,2926.4,4322.95,2866.6,3248.5,61,3,3248.4,37,5,3248.3,124,4,3248.2,12,1,3248.1,28,1,3248.6,23,11,3248.7,282,1,3249.2,26,1,3249.3,40,1,3249.4,15,1
11536,2025-12-30 11:28:53+05:30,3248.5,4,3249.46,553111,103729.0,118186.0,3250.0,3257.0,3239.8,3251.5,42271250,3576.6,2926.4,4322.95,2866.6,3248.5,61,3,3248.4,37,5,3248.3,124,4,3248.2,12,1,3248.1,28,1,3248.6,23,11,3248.7,282,1,3249.2,26,1,3249.3,40,1,3249.4,15,1
11536,2025-12-30 11:28:54+05:30,3248.5,4,3249.46,553111,103729.0,118186.0,3250.0,3257.0,3239.8,3251.5,42271250,3576.6,2926.4,4322.95,2866.6,3248.5,61,3,3248.4,37,5,3248.3,124,4,3248.2,12,1,3248.1,28,1,3248.6,23,11,3248.7,282,1,3249.2,26,1,3249.3,40,1,3249.4,15,1
11536,2025-12-30 11:28:54+05:30,3248.6,2,3249.46,553153,103773.0,118017.0,3250.0,3257.0,3239.8,3251.5,42271250,3576.6,2926.4,4322.95,2866.6,3248.6,1,1,3248.5,70,4,3248.4,23,4,3248.3,124,4,3248.2,12,1,3248.7,284,2,3249.2,26,1,3249.3,40,1,3249.4,15,1,3249.5,40,1
11536,2025-12-30 11:28:54+05:30,3248.6,2,3249.46,553153,103773.0,118017.0,3250.0,3257.0,3239.8,3251.5,42271250,3576.6,2926.4,4322.95,2866.6,3248.6,1,1,3248.5,70,4,3248.4,23,4,3248.3,124,4,3248.2,12,1,3248.7,284,2,3249.2,26,1,3249.3,40,1,3249.4,15,1,3249.5,40,1
11536,2025-12-30 11:28:55+05:30,3248.6,2,3249.46,553153,103773.0,118017.0,3250.0,3257.0,3239.8,3251.5,42271250,3576.6,2926.4,4322.95,2866.6,3248.6,1,1,3248.5,70,4,3248.4,23,4,3248.3,124,4,3248.2,12,1,3248.7,284,2,3249.2,26,1,3249.3,40,1,3249.4,15,1,3249.5,40,1
11536,2025-12-30 11:28:55+05:30,3248.7,1,3249.46,553154,103740.0,118085.0,3250.0,3257.0,3239.8,3251.5,42271250,3576.6,2926.4,4322.95,2866.6,3248.6,1,1,3248.5,70,4,3248.4,23,4,3248.3,124,4,3248.2,12,1,3248.7,4,3,3248.8,327,2,3249.1,15,1,3249.2,26,1,3249.3,40,1
11536,2025-12-30 11:28:55+05:30,3248.7,1,3249.46,553154,103740.0,118085.0,3250.0,3257.0,3239.8,3251.5,42271250,3576.6,2926.4,4322.95,2866.6,3248.6,1,1,3248.5,70,4,3248.4,23,4,3248.3,124,4,3248.2,12,1,3248.7,4,3,3248.8,327,2,3249.1,15,1,3249.2,26,1,3249.3,40,1
11536,2025-12-30 11:28:56+05:30,3248.7,1,3249.46,553154,103740.0,118085.0,3250.0,3257.0,3239.8,3251.5,42271250,3576.6,2926.4,4322.95,2866.6,3248.6,1,1,3248.5,70,4,3248.4,23,4,3248.3,124,4,3248.2,12,1,3248.7,4,3,3248.8,327,2,3249.1,15,1,3249.2,26,1,3249.3,40,1
11536,2025-12-30 11:28:56+05:30,3248.7,78,3249.46,553250,103891.0,118122.0,3250.0,3257.0,3239.8,3251.5,42271250,3576.6,2926.4,4322.95,2866.6,3248.7,14,1,3248.5,56,3,3248.4,23,4,3248.3,124,4,3248.2,12,1,3248.8,328,4,3249.2,26,1,3249.3,40,1,3249.4,16,1,3249.5,40,1
11536,2025-12-30 11:28:56+05:30,3248.7,78,3249.46,553250,103891.0,118122.0,3250.0,3257.0,3239.8,3251.5,42271250,3576.6,2926.4,4322.95,2866.6,3248.7,14,1,3248.5,56,3,3248.4,23,4,3248.3,124,4,3248.2,12,1,3248.8,328,4,3249.2,26,1,3249.3,40,1,3249.4,16,1,3249.5,40,1
11536,2025-12-30 11:28:57+05:30,3248.7,78,3249.46,553250,103891.0,118122.0,3250.0,3257.0,3239.8,3251.5,42271250,3576.6,2926.4,4322.95,2866.6,3248.7,14,1,3248.5,56,3,3248.4,23,4,3248.3,124,4,3248.2,12,1,3248.8,328,4,3249.2,26,1,3249.3,40,1,3249.4,16,1,3249.5,40,1
11536,2025-12-30 11:28:57+05:30,3248.7,78,3249.46,553250,103893.0,118116.0,3250.0,3257.0,3239.8,3251.5,42271250,3576.6,2926.4,4322.95,2866.6,3248.7,14,1,3248.5,56,3,3248.4,23,4,3248.3,124,4,3248.2,12,1,3248.8,51,5,3249.1,282,1,3249.2,26,1,3249.3,40,1,3249.4,16,1
11536,2025-12-30 11:28:58+05:30,3248.7,78,3249.46,553250,103893.0,118116.0,3250.0,3257.0,3239.8,3251.5,42271250,3576.6,2926.4,4322.95,2866.6,3248.7,14,1,3248.5,56,3,3248.4,23,4,3248.3,124,4,3248.2,12,1,3248.8,51,5,3249.1,282,1,3249.2,26,1,3249.3,40,1,3249.4,16,1
11536,2025-12-30 11:28:58+05:30,3248.7,5,3249.46,553257,104078.0,118205.0,3250.0,3257.0,3239.8,3251.5,42271250,3576.6,2926.4,4322.95,2866.6,3248.7,75,2,3248.5,56,3,3248.4,23,4,3248.3,124,4,3248.2,12,1,3248.8,51,5,3248.9,26,1,3249.1,282,1,3249.2,8,1,3249.4,25,2
11536,2025-12-30 11:28:58+05:30,3248.7,16,3249.46,553257,104078.0,118205.0,3250.0,3257.0,3239.8,3251.5,42271250,3576.6,2926.4,4322.95,2866.6,3248.7,75,2,3248.5,56,3,3248.4,23,4,3248.3,124,4,3248.2,12,1,3248.8,51,5,3248.9,26,1,3249.1,282,1,3249.2,8,1,3249.4,25,2
11536,2025-12-30 11:28:59+05:30,3248.7,16,3249.46,553257,104078.0,118205.0,3250.0,3257.0,3239.8,3251.5,42271250,3576.6,2926.4,4322.95,2866.6,3248.7,75,2,3248.5,56,3,3248.4,23,4,3248.3,124,4,3248.2,12,1,3248.8,51,5,3248.9,26,1,3249.1,282,1,3249.2,8,1,3249.4,25,2
11536,2025-12-30 11:28:59+05:30,3248.7,3,3249.46,553283,104087.0,118031.0,3250.0,3257.0,3239.8,3251.5,42271250,3576.6,2926.4,4322.95,2866.6,3248.7,63,2,3248.6,10,1,3248.5,56,3,3248.4,13,3,3248.3,124,4,3248.8,52,8,3248.9,308,2,3249.2,8,1,3249.4,25,2,3249.5,51,2
11536,2025-12-30 11:28:59+05:30,3248.7,12,3249.46,553283,104087.0,118031.0,3250.0,3257.0,3239.8,3251.5,42271250,3576.6,2926.4,4322.95,2866.6,3248.7,63,2,3248.6,10,1,3248.5,56,3,3248.4,13,3,3248.3,124,4,3248.8,52,8,3248.9,308,2,3249.2,8,1,3249.4,25,2,3249.5,51,2
11536,2025-12-30 11:29:00+05:30,3248.7,12,3249.46,553283,104087.0,118031.0,3250.0,3257.0,3239.8,3251.5,42271250,3576.6,2926.4,4322.95,2866.6,3248.7,63,2,3248.6,10,1,3248.5,56,3,3248.4,13,3,3248.3,124,4,3248.8,52,8,3248.9,308,2,3249.2,8,1,3249.4,25,2,3249.5,51,2
11536,2025-12-30 11:29:00+05:30,3248.9,16,3249.46,553396,104250.0,118064.0,3250.0,3257.0,3239.8,3251.5,42271250,3576.6,2926.4,4322.95,2866.6,3248.7,53,3,3248.6,10,1,3248.5,56,3,3248.4,13,3,3248.3,131,5,3249.0,288,3,3249.3,27,1,3249.4,25,2,3249.5,51,2,3249.6,23,2
11536,2025-12-30 11:29:00+05:30,3248.9,16,3249.46,553396,104250.0,118064.0,3250.0,3257.0,3239.8,3251.5,42271250,3576.6,2926.4,4322.95,2866.6,3248.7,53,3,3248.6,10,1,3248.5,56,3,3248.4,13,3,3248.3,131,5,3249.0,288,3,3249.3,27,1,3249.4,25,2,3249.5,51,2,3249.6,23,2
11536,2025-12-30 11:29:01+05:30,3249.0,2,3249.46,553398,104243.0,118069.0,3250.0,3257.0,3239.8,3251.5,42271250,3576.6,2926.4,4322.95,2866.6,3248.7,53,3,3248.6,10,1,3248.5,56,3,3248.4,13,3,3248.3,131,5,3249.0,289,4,3249.3,27,1,3249.4,25,2,3249.5,51,2,3249.6,8,1
11536,2025-12-30 11:29:01+05:30,3249.0,2,3249.46,553398,104243.0,118069.0,3250.0,3257.0,3239.8,3251.5,42271250,3576.6,2926.4,4322.95,2866.6,3248.7,53,3,3248.6,10,1,3248.5,56,3,3248.4,13,3,3248.3,131,5,3249.0,289,4,3249.3,27,1,3249.4,25,2,3249.5,51,2,3249.6,8,1
11536,2025-12-30 11:29:02+05:30,3249.0,2,3249.46,553398,104243.0,118069.0,3250.0,3257.0,3239.8,3251.5,42271250,3576.6,2926.4,4322.95,2866.6,3248.7,53,3,3248.6,10,1,3248.5,56,3,3248.4,13,3,3248.3,131,5,3249.0,289,4,3249.3,27,1,3249.4,25,2,3249.5,51,2,3249.6,8,1
11536,2025-12-30 11:29:02+05:30,3248.9,24,3249.46,553422,104257.0,118086.0,3250.0,3257.0,3239.8,3251.5,42271250,3576.6,2926.4,4322.95,2866.6,3248.7,40,3,3248.6,10,1,3248.5,56,3,3248.4,13,3,3248.3,131,5,3248.9,5,2,3249.0,285,3,3249.3,27,1,3249.4,24,2,3249.5,51,2
11536,2025-12-30 11:29:02+05:30,3248.9,24,3249.46,553422,104257.0,118086.0,3250.0,3257.0,3239.8,3251.5,42271250,3576.6,2926.4,4322.95,2866.6,3248.7,40,3,3248.6,10,1,3248.5,56,3,3248.4,13,3,3248.3,131,5,3248.9,5,2,3249.0,285,3,3249.3,27,1,3249.4,24,2,3249.5,51,2
11536,2025-12-30 11:29:03+05:30,3248.9,24,3249.46,553422,104257.0,118086.0,3250.0,3257.0,3239.8,3251.5,42271250,3576.6,2926.4,4322.95,2866.6,3248.7,40,3,3248.6,10,1,3248.5,56,3,3248.4,13,3,3248.3,131,5,3248.9,5,2,3249.0,285,3,3249.3,27,1,3249.4,24,2,3249.5,51,2
11536,2025-12-30 11:29:03+05:30,3248.7,17,3249.46,553440,104017.0,118127.0,3250.0,3257.0,3239.8,3251.5,42271250,3576.6,2926.4,4322.95,2866.6,3248.7,22,3,3248.6,10,1,3248.5,56,3,3248.4,13,3,3248.3,131,5,3248.9,289,5,3249.2,15,1,3249.3,27,1,3249.4,24,2,3249.5,66,3
11536,2025-12-30 11:29:03+05:30,3248.9,1,3249.46,553440,104017.0,118127.0,3250.0,3257.0,3239.8,3251.5,42271250,3576.6,2926.4,4322.95,2866.6,3248.7,22,3,3248.6,10,1,3248.5,56,3,3248.4,13,3,3248.3,131,5,3248.9,289,5,3249.2,15,1,3249.3,27,1,3249.4,24,2,3249.5,66,3
11536,2025-12-30 11:29:04+05:30,3248.7,7,3249.46,553460,104045.0,118177.0,3250.0,3257.0,3239.8,3251.5,42271250,3576.6,2926.4,4322.95,2866.6,3248.7,3,2,3248.6,10,1,3248.5,56,3,3248.4,13,3,3248.3,131,5,3248.9,6,6,3249.0,282,1,3249.3,27,1,3249.4,9,1,3249.5,51,2
11536,2025-12-30 11:29:04+05:30,3248.7,7,3249.46,553460,104045.0,118177.0,3250.0,3257.0,3239.8,3251.5,42271250,3576.6,2926.4,4322.95,2866.6,3248.7,3,2,3248.6,10,1,3248.5,56,3,3248.4,13,3,3248.3,131,5,3248.9,6,6,3249.0,282,1,3249.3,27,1,3249.4,9,1,3249.5,51,2
11536,2025-12-30 11:29:05+05:30,3248.7,7,3249.46,553460,104045.0,118177.0,3250.0,3257.0,3239.8,3251.5,42271250,3576.6,2926.4,4322.95,2866.6,3248.7,3,2,3248.6,10,1,3248.5,56,3,3248.4,13,3,3248.3,131,5,3248.9,6,6,3249.0,282,1,3249.3,27,1,3249.4,9,1,3249.5,51,2
11536,2025-12-30 11:29:05+05:30,3248.7,2,3249.46,553466,103847.0,118309.0,3250.0,3257.0,3239.8,3251.5,42271250,3576.6,2926.4,4322.95,2866.6,3248.7,9,2,3248.6,10,1,3248.5,56,3,3248.4,13,3,3248.3,131,5,3248.9,7,7,3249.0,282,1,3249.1,15,1,3249.3,27,1,3249.4,25,2
11536,2025-12-30 11:29:05+05:30,3248.7,3,3249.46,553466,103847.0,118309.0,3250.0,3257.0,3239.8,3251.5,42271250,3576.6,2926.4,4322.95,2866.6,3248.7,9,2,3248.6,10,1,3248.5,56,3,3248.4,13,3,3248.3,131,5,3248.9,7,7,3249.0,282,1,3249.1,15,1,3249.3,27,1,3249.4,25,2
11536,2025-12-30 11:29:06+05:30,3248.7,14,3249.46,553648,104523.0,118461.0,3250.0,3257.0,3239.8,3251.5,42271250,3576.6,2926.4,4322.95,2866.6,3248.6,64,3,3248.5,56,3,3248.4,13,3,3248.3,81,4,3248.2,12,1,3248.7,8,1,3249.4,27,1,3249.5,4,1,3249.6,32,4,3249.7,15,1
11536,2025-12-30 11:29:06+05:30,3248.7,14,3249.46,553648,104523.0,118461.0,3250.0,3257.0,3239.8,3251.5,42271250,3576.6,2926.4,4322.95,2866.6,3248.6,64,3,3248.5,56,3,3248.4,13,3,3248.3,81,4,3248.2,12,1,3248.7,8,1,3249.4,27,1,3249.5,4,1,3249.6,32,4,3249.7,15,1
11536,2025-12-30 11:29:07+05:30,3248.7,14,3249.46,553648,104523.0,118461.0,3250.0,3257.0,3239.8,3251.5,42271250,3576.6,2926.4,4322.95,2866.6,3248.6,64,3,3248.5,56,3,3248.4,13,3,3248.3,81,4,3248.2,12,1,3248.7,8,1,3249.4,27,1,3249.5,4,1,3249.6,32,4,3249.7,15,1
11536,2025-12-30 11:29:07+05:30,3248.7,1,3249.46,553649,104197.0,118600.0,3250.0,3257.0,3239.8,3251.5,42271250,3576.6,2926.4,4322.95,2866.6,3248.6,54,2,3248.5,56,3,3248.4,24,4,3248.3,81,4,3248.2,12,1,3248.7,33,4,3249.2,27,1,3249.5,4,1,3249.6,100,7,3249.8,118,4
11536,2025-12-30 11:29:07+05:30,3248.7,1,3249.46,553649,104197.0,118600.0,3250.0,3257.0,3239.8,3251.5,42271250,3576.6,2926.4,4322.95,2866.6,3248.6,54,2,3248.5,56,3,3248.4,24,4,3248.3,81,4,3248.2,12,1,3248.7,33,4,3249.2,27,1,3249.5,4,1,3249.6,100,7,3249.8,118,4
11536,2025-12-30 11:29:08+05:30,3248.7,1,3249.46,553649,104197.0,118600.0,3250.0,3257.0,3239.8,3251.5,42308525,3576.6,2926.4,4322.95,2866.6,3248.6,54,2,3248.5,56,3,3248.4,24,4,3248.3,81,4,3248.2,12,1,3248.7,33,4,3249.2,27,1,3249.5,4,1,3249.6,100,7,3249.8,118,4
11536,2025-12-30 11:29:08+05:30,3248.6,49,3249.46,553761,104155.0,118552.0,3250.0,3257.0,3239.8,3251.5,42308525,3576.6,2926.4,4322.95,2866.6,3248.6,29,3,3248.5,56,3,3248.4,13,3,3248.3,81,4,3248.2,12,1,3248.7,28,4,3249.2,27,1,3249.5,4,1,3249.6,94,6,3249.8,118,4
11536,2025-12-30 11:29:08+05:30,3248.6,4,3249.46,553761,104155.0,118552.0,3250.0,3257.0,3239.8,3251.5,42308525,3576.6,2926.4,4322.95,2866.6,3248.6,29,3,3248.5,56,3,3248.4,13,3,3248.3,81,4,3248.2,12,1,3248.7,28,4,3249.2,27,1,3249.5,4,1,3249.6,94,6,3249.8,118,4
11536,2025-12-30 11:29:09+05:30,3248.6,19,3249.46,553827,104143.0,118546.0,3250.0,3257.0,3239.8,3251.5,42308525,3576.6,2926.4,4322.95,2866.6,3248.6,9,1,3248.5,56,3,3248.4,23,4,3248.3,81,4,3248.2,12,1,3248.7,10,7,3249.2,27,1,3249.4,15,1,3249.5,4,1,3249.6,91,5
11536,2025-12-30 11:29:09+05:30,3248.6,1,3249.46,553827,104143.0,118546.0,3250.0,3257.0,3239.8,3251.5,42308525,3576.6,2926.4,4322.95,2866.6,3248.6,9,1,3248.5,56,3,3248.4,23,4,3248.3,81,4,3248.2,12,1,3248.7,10,7,3249.2,27,1,3249.4,15,1,3249.5,4,1,3249.6,91,5
11536,2025-12-30 11:29:10+05:30,3248.6,1,3249.46,553827,104143.0,118546.0,3250.0,3257.0,3239.8,3251.5,42308525,3576.6,2926.4,4322.95,2866.6,3248.6,9,1,3248.5,56,3,3248.4,23,4,3248.3,81,4,3248.2,12,1,3248.7,10,7,3249.2,27,1,3249.4,15,1,3249.5,4,1,3249.6,91,5
11536,2025-12-30 11:29:10+05:30,3248.6,3,3249.46,553839,104150.0,118546.0,3250.0,3257.0,3239.8,3251.5,42308525,3576.6,2926.4,4322.95,2866.6,3248.6,9,1,3248.5,56,3,3248.4,20,4,3248.3,81,4,3248.2,12,1,3248.7,10,8,3249.2,27,1,3249.4,15,1,3249.5,4,1,3249.6,91,5
11536,2025-12-30 11:29:10+05:30,3248.6,15,3249.46,553839,104150.0,118546.0,3250.0,3257.0,3239.8,3251.5,42308525,3576.6,2926.4,4322.95,2866.6,3248.6,9,1,3248.5,56,3,3248.4,20,4,3248.3,81,4,3248.2,12,1,3248.7,10,8,3249.2,27,1,3249.4,15,1,3249.5,4,1,3249.6,91,5
11536,2025-12-30 11:29:11+05:30,3248.6,7,3249.46,553873,103435.0,118800.0,3250.0,3257.0,3239.8,3251.5,42308525,3576.6,2926.4,4322.95,2866.6,3248.6,2,1,3248.5,56,3,3248.4,20,4,3248.3,81,4,3248.2,12,1,3248.7,292,11,3249.1,6,1,3249.2,41,2,3249.3,39,3,3249.4,71,3
11536,2025-12-30 11:29:11+05:30,3248.5,12,3249.46,553873,103435.0,118800.0,3250.0,3257.0,3239.8,3251.5,42308525,3576.6,2926.4,4322.95,2866.6,3248.6,2,1,3248.5,56,3,3248.4,20,4,3248.3,81,4,3248.2,12,1,3248.7,292,11,3249.1,6,1,3249.2,41,2,3249.3,39,3,3249.4,71,3
11536,2025-12-30 11:29:12+05:30,3248.7,1,3249.46,553896,103542.0,118538.0,3250.0,3257.0,3239.8,3251.5,42308525,3576.6,2926.4,4322.95,2866.6,3248.6,9,1,3248.5,44,3,3248.4,23,4,3248.3,81,4,3248.2,12,1,3248.7,339,14,3249.1,27,1,3249.2,14,1,3249.3,39,3,3249.4,71,3
11536,2025-12-30 11:29:12+05:30,3248.6,2,3249.46,553896,103542.0,118538.0,3250.0,3257.0,3239.8,3251.5,42308525,3576.6,2926.4,4322.95,2866.6,3248.6,9,1,3248.5,44,3,3248.4,23,4,3248.3,81,4,3248.2,12,1,3248.7,339,14,3249.1,27,1,3249.2,14,1,3249.3,39,3,3249.4,71,3
11536,2025-12-30 11:29:13+05:30,3248.6,2,3249.46,553912,103548.0,118700.0,3250.0,3257.0,3239.8,3251.5,42308525,3576.6,2926.4,4322.95,2866.6,3248.6,4,1,3248.5,44,3,3248.4,23,4,3248.3,81,4,3248.2,12,1,3248.7,340,15,3249.1,27,1,3249.3,24,2,3249.4,71,3,3249.5,15,2
11536,2025-12-30 11:29:13+05:30,3248.6,1,3249.46,553912,103548.0,118700.0,3250.0,3257.0,3239.8,3251.5,42308525,3576.6,2926.4,4322.95,2866.6,3248.6,4,1,3248.5,44,3,3248.4,23,4,3248.3,81,4,3248.2,12,1,3248.7,340,15,3249.1,27,1,3249.3,24,2,3249.4,71,3,3249.5,15,2
11536,2025-12-30 11:29:14+05:30,3248.5,3,3249.46,553918,103721.0,118875.0,3250.0,3257.0,3239.8,3251.5,42308525,3576.6,2926.4,4322.95,2866.6,3248.5,41,4,3248.4,26,5,3248.3,81,4,3248.2,12,1,3248.0,79,3,3248.6,4,4,3248.7,336,11,3249.1,27,1,3249.3,24,2,3249.4,71,3
11536,2025-12-30 11:29:14+05:30,3248.5,2,3249.46,553918,103721.0,118875.0,3250.0,3257.0,3239.8,3251.5,42308525,3576.6,2926.4,4322.95,2866.6,3248.5,41,4,3248.4,26,5,3248.3,81,4,3248.2,12,1,3248.0,79,3,3248.6,4,4,3248.7,336,11,3249.1,27,1,3249.3,24,2,3249.4,71,3
11536,2025-12-30 11:29:15+05:30,3248.5,1,3249.46,553928,103724.0,118935.0,3250.0,3257.0,3239.8,3251.5,42308525,3576.6,2926.4,4322.95,2866.6,3248.5,33,4,3248.4,26,5,3248.3,81,4,3248.2,12,1,3248.0,79,3,3248.6,68,8,3248.7,332,7,3249.1,27,1,3249.3,39,3,3249.4,56,2
11536,2025-12-30 11:29:15+05:30,3248.5,1,3249.46,553928,103724.0,118935.0,3250.0,3257.0,3239.8,3251.5,42308525,3576.6,2926.4,4322.95,2866.6,3248.5,33,4,3248.4,26,5,3248.3,81,4,3248.2,12,1,3248.0,79,3,3248.6,68,8,3248.7,332,7,3249.1,27,1,3249.3,39,3,3249.4,56,2
11536,2025-12-30 11:29:16+05:30,3248.6,1,3249.46,553937,103707.0,118875.0,3250.0,3257.0,3239.8,3251.5,42308525,3576.6,2926.4,4322.95,2866.6,3248.5,28,5,3248.4,23,4,3248.3,81,4,3248.2,12,1,3248.0,79,3,3248.6,83,10,3248.7,315,3,3249.1,27,1,3249.3,39,3,3249.4,56,2
11536,2025-12-30 11:29:16+05:30,3248.5,6,3249.46,553937,103707.0,118875.0,3250.0,3257.0,3239.8,3251.5,42308525,3576.6,2926.4,4322.95,2866.6,3248.5,28,5,3248.4,23,4,3248.3,81,4,3248.2,12,1,3248.0,79,3,3248.6,83,10,3248.7,315,3,3249.1,27,1,3249.3,39,3,3249.4,56,2
11536,2025-12-30 11:29:17+05:30,3248.5,1,3249.46,554020,103720.0,119059.0,3250.0,3257.0,3239.8,3251.5,42308525,3576.6,2926.4,4322.95,2866.6,3248.5,11,2,3248.4,23,4,3248.3,81,4,3248.2,12,1,3248.0,79,3,3248.6,367,10,3248.7,32,1,3249.0,27,1,3249.1,14,1,3249.3,9,1
11536,2025-12-30 11:29:17+05:30,3248.5,1,3249.46,554020,103720.0,119059.0,3250.0,3257.0,3239.8,3251.5,42308525,3576.6,2926.4,4322.95,2866.6,3248.5,11,2,3248.4,23,4,3248.3,81,4,3248.2,12,1,3248.0,79,3,3248.6,367,10,3248.7,32,1,3249.0,27,1,3249.1,14,1,3249.3,9,1
11536,2025-12-30 11:29:18+05:30,3248.4,1,3249.46,554060,103490.0,119121.0,3250.0,3257.0,3239.8,3251.5,42308525,3576.6,2926.4,4322.95,2866.6,3248.4,22,4,3248.3,81,4,3248.2,12,1,3248.0,79,3,3247.9,23,1,3248.5,1,1,3248.6,51,9,3248.7,32,1,3248.8,282,1,3249.0,27,1
11536,2025-12-30 11:29:18+05:30,3248.4,1,3249.46,554060,103490.0,119121.0,3250.0,3257.0,3239.8,3251.5,42308525,3576.6,2926.4,4322.95,2866.6,3248.4,22,4,3248.3,81,4,3248.2,12,1,3248.0,79,3,3247.9,23,1,3248.5,1,1,3248.6,51,9,3248.7,32,1,3248.8,282,1,3249.0,27,1
11536,2025-12-30 11:29:19+05:30,3248.4,2,3249.46,554086,103662.0,118781.0,3250.0,3257.0,3239.8,3251.5,42308525,3576.6,2926.4,4322.95,2866.6,3248.4,73,6,3248.3,81,4,3248.2,12,1,3248.0,117,4,3247.9,36,2,3248.5,4,4,3248.6,47,7,3248.7,32,1,3249.0,27,1,3249.5,4,1
11536,2025-12-30 11:29:19+05:30,3248.4,1,3249.46,554086,103662.0,118781.0,3250.0,3257.0,3239.8,3251.5,42308525,3576.6,2926.4,4322.95,2866.6,3248.4,73,6,3248.3,81,4,3248.2,12,1,3248.0,117,4,3247.9,36,2,3248.5,4,4,3248.6,47,7,3248.7,32,1,3249.0,27,1,3249.5,4,1
11536,2025-12-30 11:29:20+05:30,3248.4,1,3249.46,554111,103586.0,119021.0,3250.0,3257.0,3239.8,3251.5,42308525,3576.6,2926.4,4322.95,2866.6,3248.4,34,4,3248.3,85,5,3248.2,12,1,3248.1,11,1,3248.0,117,4,3248.5,20,7,3248.6,310,4,3248.7,32,1,3249.0,27,1,3249.5,4,1
11536,2025-12-30 11:29:20+05:30,3248.4,1,3249.46,554111,103586.0,119021.0,3250.0,3257.0,3239.8,3251.5,42308525,3576.6,2926.4,4322.95,2866.6,3248.4,34,4,3248.3,85,5,3248.2,12,1,3248.1,11,1,3248.0,117,4,3248.5,20,7,3248.6,310,4,3248.7,32,1,3249.0,27,1,3249.5,4,1
11536,2025-12-30 11:29:21+05:30,3248.4,7,3249.46,554125,103535.0,119028.0,3250.0,3257.0,3239.8,3251.5,42308525,3576.6,2926.4,4322.95,2866.6,3248.4,20,4,3248.3,85,5,3248.2,12,1,3248.1,11,1,3248.0,79,3,3248.5,22,9,3248.6,308,2,3248.7,32,1,3249.0,27,1,3249.5,42,2
11536,2025-12-30 11:29:21+05:30,3248.4,1,3249.46,554125,103535.0,119028.0,3250.0,3257.0,3239.8,3251.5,42308525,3576.6,2926.4,4322.95,2866.6,3248.4,20,4,3248.3,85,5,3248.2,12,1,3248.1,11,1,3248.0,79,3,3248.5,22,9,3248.6,308,2,3248.7,32,1,3249.0,27,1,3249.5,42,2
11536,2025-12-30 11:29:22+05:30,3248.4,4,3249.46,554138,103360.0,118836.0,3250.0,3257.0,3239.8,3251.5,42308525,3576.6,2926.4,4322.95,2866.6,3248.4,11,4,3248.3,81,4,3248.2,12,1,3248.1,22,2,3248.0,79,3,3248.5,23,10,3248.6,308,2,3248.7,32,1,3249.0,27,1,3249.5,42,2
11536,2025-12-30 11:29:22+05:30,3248.4,4,3249.46,554138,103360.0,118836.0,3250.0,3257.0,3239.8,3251.5,42308525,3576.6,2926.4,4322.95,2866.6,3248.4,11,4,3248.3,81,4,3248.2,12,1,3248.1,22,2,3248.0,79,3,3248.5,23,10,3248.6,308,2,3248.7,32,1,3249.0,27,1,3249.5,42,2
11536,2025-12-30 11:29:23+05:30,3248.4,1,3249.46,554146,103365.0,118833.0,3250.0,3257.0,3239.8,3251.5,42308525,3576.6,2926.4,4322.95,2866.6,3248.4,26,5,3248.3,81,4,3248.2,12,1,3248.0,53,2,3247.9,23,1,3248.5,20,7,3248.6,26,1,3248.7,314,2,3249.0,27,1,3249.5,42,2
11536,2025-12-30 11:29:23+05:30,3248.4,1,3249.46,554146,103365.0,118833.0,3250.0,3257.0,3239.8,3251.5,42308525,3576.6,2926.4,4322.95,2866.6,3248.4,26,5,3248.3,81,4,3248.2,12,1,3248.0,53,2,3247.9,23,1,3248.5,20,7,3248.6,26,1,3248.7,314,2,3249.0,27,1,3249.5,42,2
11536,2025-12-30 11:29:24+05:30,3248.6,1,3249.46,554173,103553.0,118985.0,3250.0,3257.0,3239.8,3251.5,42308525,3576.6,2926.4,4322.95,2866.6,3248.5,8,2,3248.4,13,3,3248.3,81,4,3248.2,12,1,3248.1,10,1,3248.6,309,4,3248.7,32,1,3249.0,27,1,3249.1,15,1,3249.4,15,1
11536,2025-12-30 11:29:24+05:30,3248.6,1,3249.46,554173,103553.0,118985.0,3250.0,3257.0,3239.8,3251.5,42308525,3576.6,2926.4,4322.95,2866.6,3248.5,8,2,3248.4,13,3,3248.3,81,4,3248.2,12,1,3248.1,10,1,3248.6,309,4,3248.7,32,1,3249.0,27,1,3249.1,15,1,3249.4,15,1
11536,2025-12-30 11:29:25+05:30,3248.6,1,3249.46,554174,103774.0,118852.0,3250.0,3257.0,3239.8,3251.5,42308525,3576.6,2926.4,4322.95,2866.6,3248.5,8,2,3248.4,23,4,3248.3,81,4,3248.2,12,1,3248.0,53,2,3248.6,70,6,3248.8,282,1,3249.0,27,1,3249.3,15,1,3249.4,18,2
11536,2025-12-30 11:29:25+05:30,3248.6,1,3249.46,554174,103774.0,118852.0,3250.0,3257.0,3239.8,3251.5,42308525,3576.6,2926.4,4322.95,2866.6,3248.5,8,2,3248.4,23,4,3248.3,81,4,3248.2,12,1,3248.0,53,2,3248.6,70,6,3248.8,282,1,3249.0,27,1,3249.3,15,1,3249.4,18,2
11536,2025-12-30 11:29:26+05:30,3248.5,7,3249.46,554234,103692.0,118915.0,3250.0,3257.0,3239.8,3251.5,42308525,3576.6,2926.4,4322.95,2866.6,3248.5,3,1,3248.4,23,4,3248.3,81,4,3248.2,12,1,3248.0,53,2,3248.6,24,5,3248.9,282,1,3249.0,27,1,3249.1,15,1,3249.3,10,1
11536,2025-12-30 11:29:27+05:30,3248.5,13,3249.46,554234,103692.0,118915.0,3250.0,3257.0,3239.8,3251.5,42308525,3576.6,2926.4,4322.95,2866.6,3248.5,3,1,3248.4,23,4,3248.3,81,4,3248.2,12,1,3248.0,53,2,3248.6,24,5,3248.9,282,1,3249.0,27,1,3249.1,15,1,3249.3,10,1
11536,2025-12-30 11:29:27+05:30,3248.4,3,3249.46,554251,103594.0,118977.0,3250.0,3257.0,3239.8,3251.5,42308525,3576.6,2926.4,4322.95,2866.6,3248.4,9,3,3248.3,81,4,3248.2,12,1,3248.1,10,1,3248.0,53,2,3248.5,10,3,3248.6,24,5,3248.7,282,1,3249.0,27,1,3249.3,63,3
11536,2025-12-30 11:29:28+05:30,3248.4,3,3249.46,554251,103594.0,118977.0,3250.0,3257.0,3239.8,3251.5,42308525,3576.6,2926.4,4322.95,2866.6,3248.4,9,3,3248.3,81,4,3248.2,12,1,3248.1,10,1,3248.0,53,2,3248.5,10,3,3248.6,24,5,3248.7,282,1,3249.0,27,1,3249.3,63,3
11536,2025-12-30 11:29:28+05:30,3248.4,2,3249.46,554269,103576.0,118803.0,3250.0,3257.0,3239.8,3251.5,42308525,3576.6,2926.4,4322.95,2866.6,3248.4,25,5,3248.3,81,4,3248.2,12,1,3248.0,53,2,3247.9,13,1,3248.5,13,6,3248.6,22,4,3248.8,282,1,3249.0,27,1,3249.3,25,2
11536,2025-12-30 11:29:29+05:30,3248.4,42,3249.46,554269,103576.0,118803.0,3250.0,3257.0,3239.8,3251.5,42308525,3576.6,2926.4,4322.95,2866.6,3248.4,25,5,3248.3,81,4,3248.2,12,1,3248.0,53,2,3247.9,13,1,3248.5,13,6,3248.6,22,4,3248.8,282,1,3249.0,27,1,3249.3,25,2
11536,2025-12-30 11:29:29+05:30,3248.4,4,3249.46,554346,103542.0,118923.0,3250.0,3257.0,3239.8,3251.5,42308525,3576.6,2926.4,4322.95,2866.6,3248.4,17,4,3248.3,81,4,3248.2,12,1,3248.1,11,1,3248.0,53,2,3248.5,293,9,3248.6,20,2,3249.0,27,1,3249.3,48,2,3249.4,18,2
11536,2025-12-30 11:29:30+05:30,3248.4,2,3249.46,554346,103542.0,118923.0,3250.0,3257.0,3239.8,3251.5,42308525,3576.6,2926.4,4322.95,2866.6,3248.4,17,4,3248.3,81,4,3248.2,12,1,3248.1,11,1,3248.0,53,2,3248.5,293,9,3248.6,20,2,3249.0,27,1,3249.3,48,2,3249.4,18,2
11536,2025-12-30 11:29:30+05:30,3248.4,1,3249.46,554353,103186.0,118954.0,3250.0,3257.0,3239.8,3251.5,42308525,3576.6,2926.4,4322.95,2866.6,3248.4,16,4,3248.3,81,4,3248.2,12,1,3248.1,10,1,3248.0,35,1,3248.5,293,9,3248.6,19,1,3248.8,40,2,3249.0,15,1,3249.2,15,1
11536,2025-12-30 11:29:31+05:30,3248.4,1,3249.46,554353,103186.0,118954.0,3250.0,3257.0,3239.8,3251.5,42308525,3576.6,2926.4,4322.95,2866.6,3248.4,16,4,3248.3,81,4,3248.2,12,1,3248.1,10,1,3248.0,35,1,3248.5,293,9,3248.6,19,1,3248.8,40,2,3249.0,15,1,3249.2,15,1
11536,2025-12-30 11:29:31+05:30,3248.5,1,3249.46,554380,103190.0,118953.0,3250.0,3257.0,3239.8,3251.5,42308525,3576.6,2926.4,4322.95,2866.6,3248.4,14,4,3248.3,81,4,3248.2,12,1,3248.1,10,1,3248.0,35,1,3248.5,292,10,3248.6,19,1,3248.8,40,2,3249.0,15,1,3249.2,15,1
11536,2025-12-30 11:29:32+05:30,3248.4,1,3249.46,554380,103190.0,118953.0,3250.0,3257.0,3239.8,3251.5,42308525,3576.6,2926.4,4322.95,2866.6,3248.4,14,4,3248.3,81,4,3248.2,12,1,3248.1,10,1,3248.0,35,1,3248.5,292,10,3248.6,19,1,3248.8,40,2,3249.0,15,1,3249.2,15,1
11536,2025-12-30 11:29:32+05:30,3248.4,1,3249.46,554395,103347.0,118965.0,3250.0,3257.0,3239.8,3251.5,42308525,3576.6,2926.4,4322.95,2866.6,3248.4,11,3,3248.3,81,4,3248.2,12,1,3248.1,10,1,3248.0,35,1,3248.5,290,9,3248.6,33,2,3248.8,40,2,3249.0,15,1,3249.2,15,1
11536,2025-12-30 11:29:33+05:30,3248.4,1,3249.46,554395,103347.0,118965.0,3250.0,3257.0,3239.8,3251.5,42308525,3576.6,2926.4,4322.95,2866.6,3248.4,11,3,3248.3,81,4,3248.2,12,1,3248.1,10,1,3248.0,35,1,3248.5,290,9,3248.6,33,2,3248.8,40,2,3249.0,15,1,3249.2,15,1
11536,2025-12-30 11:29:33+05:30,3248.4,1,3249.46,554399,103376.0,118470.0,3250.0,3257.0,3239.8,3251.5,42308525,3576.6,2926.4,4322.95,2866.6,3248.4,26,5,3248.3,81,4,3248.2,12,1,3248.0,35,1,3247.9,15,1,3248.5,8,8,3248.6,19,1,3248.8,26,1,3249.3,3,1,3249.4,18,2
11536,2025-12-30 11:29:34+05:30,3248.4,1,3249.46,554399,103376.0,118470.0,3250.0,3257.0,3239.8,3251.5,42308525,3576.6,2926.4,4322.95,2866.6,3248.4,26,5,3248.3,81,4,3248.2,12,1,3248.0,35,1,3247.9,15,1,3248.5,8,8,3248.6,19,1,3248.8,26,1,3249.3,3,1,3249.4,18,2
11536,2025-12-30 11:29:34+05:30,3248.4,1,3249.46,554408,103364.0,118970.0,3250.0,3257.0,3239.8,3251.5,42308525,3576.6,2926.4,4322.95,2866.6,3248.4,4,2,3248.3,86,5,3248.2,12,1,3248.1,10,1,3248.0,35,1,3248.5,290,9,3248.6,19,1,3248.8,26,1,3249.1,15,1,3249.3,3,1
11536,2025-12-30 11:29:35+05:30,3248.3,16,3249.46,554408,103364.0,118970.0,3250.0,3257.0,3239.8,3251.5,42308525,3576.6,2926.4,4322.95,2866.6,3248.4,4,2,3248.3,86,5,3248.2,12,1,3248.1,10,1,3248.0,35,1,3248.5,290,9,3248.6,19,1,3248.8,26,1,3249.1,15,1,3249.3,3,1
11536,2025-12-30 11:29:35+05:30,3248.5,1,3249.46,554459,103358.0,118989.0,3250.0,3257.0,3239.8,3251.5,42308525,3576.6,2926.4,4322.95,2866.6,3248.3,69,5,3248.2,12,1,3248.1,10,1,3248.0,35,1,3247.8,2,1,3248.5,293,11,3248.6,19,1,3248.8,26,1,3249.1,15,1,3249.3,3,1
11536,2025-12-30 11:29:36+05:30,3248.3,2,3249.46,554459,103358.0,118989.0,3250.0,3257.0,3239.8,3251.5,42308525,3576.6,2926.4,4322.95,2866.6,3248.3,69,5,3248.2,12,1,3248.1,10,1,3248.0,35,1,3247.8,2,1,3248.5,293,11,3248.6,19,1,3248.8,26,1,3249.1,15,1,3249.3,3,1
11536,2025-12-30 11:29:36+05:30,3248.3,2,3249.46,554466,103385.0,118683.0,3250.0,3257.0,3239.8,3251.5,42308525,3576.6,2926.4,4322.95,2866.6,3248.3,62,5,3248.2,12,1,3248.1,10,1,3248.0,35,1,3247.8,2,1,3248.5,9,8,3248.6,19,1,3248.8,26,1,3249.3,3,1,3249.4,51,3
11536,2025-12-30 11:29:37+05:30,3248.3,5,3249.46,554466,103385.0,118683.0,3250.0,3257.0,3239.8,3251.5,42308525,3576.6,2926.4,4322.95,2866.6,3248.3,62,5,3248.2,12,1,3248.1,10,1,3248.0,35,1,3247.8,2,1,3248.5,9,8,3248.6,19,1,3248.8,26,1,3249.3,3,1,3249.4,51,3
11536,2025-12-30 11:29:37+05:30,3249.0,1,3249.46,554609,103621.0,118809.0,3250.0,3257.0,3239.8,3251.5,42308525,3576.6,2926.4,4322.95,2866.6,3248.3,18,3,3248.2,12,1,3248.1,10,1,3248.0,35,1,3247.9,13,2,3249.0,320,4,3249.1,10,2,3249.2,6,1,3249.4,39,3,3249.5,15,1
11536,2025-12-30 11:29:38+05:30,3249.0,1,3249.46,554609,103621.0,118809.0,3250.0,3257.0,3239.8,3251.5,42308525,3576.6,2926.4,4322.95,2866.6,3248.3,18,3,3248.2,12,1,3248.1,10,1,3248.0,35,1,3247.9,13,2,3249.0,320,4,3249.1,10,2,3249.2,6,1,3249.4,39,3,3249.5,15,1
11536,2025-12-30 11:29:38+05:30,3249.0,1,3249.46,554609,103820.0,118730.0,3250.0,3257.0,3239.8,3251.5,42308525,3576.6,2926.4,4322.95,2866.6,3248.4,6,2,3248.3,13,2,3248.2,12,1,3248.1,10,1,3248.0,35,1,3249.0,40,5,3249.1,287,2,3249.2,6,1,3249.4,39,3,3249.6,89,5
11536,2025-12-30 11:29:39+05:30,3248.3,1,3249.46,554684,103395.0,118847.0,3250.0,3257.0,3239.8,3251.5,42308525,3576.6,2926.4,4322.95,2866.6,3248.3,12,2,3248.2,12,1,3248.1,10,1,3248.0,35,1,3247.9,10,1,3248.5,285,2,3249.0,43,4,3249.1,14,1,3249.4,55,3,3249.6,99,6
11536,2025-12-30 11:29:40+05:30,3248.3,1,3249.46,554684,103395.0,118847.0,3250.0,3257.0,3239.8,3251.5,42308525,3576.6,2926.4,4322.95,2866.6,3248.3,12,2,3248.2,12,1,3248.1,10,1,3248.0,35,1,3247.9,10,1,3248.5,285,2,3249.0,43,4,3249.1,14,1,3249.4,55,3,3249.6,99,6
11536,2025-12-30 11:29:40+05:30,3248.3,1,3249.46,554706,103426.0,118816.0,3250.0,3257.0,3239.8,3251.5,42308525,3576.6,2926.4,4322.95,2866.6,3248.3,20,3,3248.2,12,1,3248.1,10,1,3248.0,35,1,3247.9,10,1,3248.5,302,5,3248.9,26,1,3249.1,14,1,3249.4,55,3,3249.6,145,7
11536,2025-12-30 11:29:41+05:30,3248.3,1,3249.46,554706,103426.0,118816.0,3250.0,3257.0,3239.8,3251.5,42308525,3576.6,2926.4,4322.95,2866.6,3248.3,20,3,3248.2,12,1,3248.1,10,1,3248.0,35,1,3247.9,10,1,3248.5,302,5,3248.9,26,1,3249.1,14,1,3249.4,55,3,3249.6,145,7
11536,2025-12-30 11:29:41+05:30,3248.3,2,3249.46,554728,103626.0,118774.0,3250.0,3257.0,3239.8,3251.5,42308525,3576.6,2926.4,4322.95,2866.6,3248.3,42,4,3248.2,12,1,3248.1,10,1,3248.0,35,1,3247.9,10,1,3248.5,303,8,3248.9,26,1,3249.1,14,1,3249.4,55,3,3249.6,99,6
11536,2025-12-30 11:29:42+05:30,3248.3,1,3249.46,554728,103626.0,118774.0,3250.0,3257.0,3239.8,3251.5,42308525,3576.6,2926.4,4322.95,2866.6,3248.3,42,4,3248.2,12,1,3248.1,10,1,3248.0,35,1,3247.9,10,1,3248.5,303,8,3248.9,26,1,3249.1,14,1,3249.4,55,3,3249.6,99,6
11536,2025-12-30 11:29:42+05:30,3248.5,3,3249.46,554732,103675.0,118764.0,3250.0,3257.0,3239.8,3251.5,42308525,3576.6,2926.4,4322.95,2866.6,3248.3,35,3,3248.2,18,2,3248.1,10,1,3248.0,35,1,3247.9,10,1,3248.5,303,8,3248.9,26,1,3249.1,14,1,3249.4,55,3,3249.6,89,5
11536,2025-12-30 11:29:43+05:30,3248.3,2,3249.46,554732,103675.0,118764.0,3250.0,3257.0,3239.8,3251.5,42308525,3576.6,2926.4,4322.95,2866.6,3248.3,35,3,3248.2,18,2,3248.1,10,1,3248.0,35,1,3247.9,10,1,3248.5,303,8,3248.9,26,1,3249.1,14,1,3249.4,55,3,3249.6,89,5
11536,2025-12-30 11:29:43+05:30,3248.3,7,3249.46,554757,103630.0,118822.0,3250.0,3257.0,3239.8,3251.5,42308525,3576.6,2926.4,4322.95,2866.6,3248.3,28,3,3248.2,18,2,3248.1,10,1,3248.0,35,1,3247.9,10,1,3248.5,20,7,3248.6,282,1,3248.9,26,1,3249.1,16,1,3249.4,55,3
11536,2025-12-30 11:29:44+05:30,3248.3,3,3249.46,554757,103630.0,118822.0,3250.0,3257.0,3239.8,3251.5,42308525,3576.6,2926.4,4322.95,2866.6,3248.3,28,3,3248.2,18,2,3248.1,10,1,3248.0,35,1,3247.9,10,1,3248.5,20,7,3248.6,282,1,3248.9,26,1,3249.1,16,1,3249.4,55,3
11536,2025-12-30 11:29:44+05:30,3248.3,1,3249.46,554761,103501.0,118821.0,3250.0,3257.0,3239.8,3251.5,42308525,3576.6,2926.4,4322.95,2866.6,3248.3,30,4,3248.2,12,1,3248.1,10,1,3248.0,35,1,3247.9,10,1,3248.5,301,7,3248.9,26,1,3249.1,16,1,3249.4,55,3,3249.6,97,6
11536,2025-12-30 11:29:45+05:30,3248.3,4,3249.46,554761,103501.0,118821.0,3250.0,3257.0,3239.8,3251.5,42308525,3576.6,2926.4,4322.95,2866.6,3248.3,30,4,3248.2,12,1,3248.1,10,1,3248.0,35,1,3247.9,10,1,3248.5,301,7,3248.9,26,1,3249.1,16,1,3249.4,55,3,3249.6,97,6
11536,2025-12-30 11:29:45+05:30,3248.3,2,3249.46,554774,103652.0,118707.0,3250.0,3257.0,3239.8,3251.5,42308525,3576.6,2926.4,4322.95,2866.6,3248.3,20,4,3248.2,12,1,3248.1,10,1,3248.0,35,1,3247.9,10,1,3248.5,301,8,3248.8,26,1,3248.9,16,1,3249.2,53,2,3249.4,55,3
11536,2025-12-30 11:29:46+05:30,3248.3,2,3249.46,554774,103652.0,118707.0,3250.0,3257.0,3239.8,3251.5,42308525,3576.6,2926.4,4322.95,2866.6,3248.3,20,4,3248.2,12,1,3248.1,10,1,3248.0,35,1,3247.9,10,1,3248.5,301,8,3248.8,26,1,3248.9,16,1,3249.2,53,2,3249.4,55,3
11536,2025-12-30 11:29:46+05:30,3248.4,4,3249.46,554780,103452.0,118740.0,3250.0,3257.0,3239.8,3251.5,42308525,3576.6,2926.4,4322.95,2866.6,3248.4,2,2,3248.3,14,3,3248.2,12,1,3248.1,10,1,3248.0,35,1,3248.5,18,7,3248.6,282,1,3248.8,42,2,3249.0,15,1,3249.2,53,2
11536,2025-12-30 11:29:47+05:30,3248.4,28,3249.46,554780,103452.0,118740.0,3250.0,3257.0,3239.8,3251.5,42308525,3576.6,2926.4,4322.95,2866.6,3248.4,2,2,3248.3,14,3,3248.2,12,1,3248.1,10,1,3248.0,35,1,3248.5,18,7,3248.6,282,1,3248.8,42,2,3249.0,15,1,3249.2,53,2
11536,2025-12-30 11:29:47+05:30,3248.3,2,3249.46,554849,103454.0,118839.0,3250.0,3257.0,3239.8,3251.5,42308525,3576.6,2926.4,4322.95,2866.6,3248.3,11,3,3248.2,12,1,3248.1,10,1,3248.0,35,1,3247.9,10,1,3248.4,293,4,3248.5,17,6,3248.8,42,2,3249.0,15,1,3249.2,53,2
11536,2025-12-30 11:29:48+05:30,3248.3,1,3249.46,554849,103454.0,118839.0,3250.0,3257.0,3239.8,3251.5,42308525,3576.6,2926.4,4322.95,2866.6,3248.3,11,3,3248.2,12,1,3248.1,10,1,3248.0,35,1,3247.9,10,1,3248.4,293,4,3248.5,17,6,3248.8,42,2,3249.0,15,1,3249.2,53,2
11536,2025-12-30 11:29:48+05:30,3248.4,1,3249.46,554853,103461.0,118845.0,3250.0,3257.0,3239.8,3251.5,42308525,3576.6,2926.4,4322.95,2866.6,3248.3,20,3,3248.2,12,1,3248.1,10,1,3248.0,35,1,3247.9,10,1,3248.4,307,8,3248.5,2,2,3248.8,26,1,3249.2,53,2,3249.4,55,3
11536,2025-12-30 11:29:49+05:30,3248.3,6,3249.46,554853,103461.0,118845.0,3250.0,3257.0,3239.8,3251.5,42308525,3576.6,2926.4,4322.95,2866.6,3248.3,20,3,3248.2,12,1,3248.1,10,1,3248.0,35,1,3247.9,10,1,3248.4,307,8,3248.5,2,2,3248.8,26,1,3249.2,53,2,3249.4,55,3
11536,2025-12-30 11:29:49+05:30,3248.3,1,3249.46,554898,103449.0,118875.0,3250.0,3257.0,3239.8,3251.5,42308525,3576.6,2926.4,4322.95,2866.6,3248.3,6,2,3248.2,12,1,3248.1,10,1,3248.0,35,1,3247.9,10,1,3248.4,300,8,3248.8,26,1,3248.9,16,1,3249.2,53,2,3249.4,55,3
11536,2025-12-30 11:29:50+05:30,3248.3,1,3249.46,554898,103449.0,118875.0,3250.0,3257.0,3239.8,3251.5,42308525,3576.6,2926.4,4322.95,2866.6,3248.3,6,2,3248.2,12,1,3248.1,10,1,3248.0,35,1,3247.9,10,1,3248.4,300,8,3248.8,26,1,3248.9,16,1,3249.2,53,2,3249.4,55,3
11536,2025-12-30 11:29:50+05:30,3248.3,6,3249.46,554910,103324.0,118928.0,3250.0,3257.0,3239.8,3251.5,42308525,3576.6,2926.4,4322.95,2866.6,3248.3,2,1,3248.2,12,1,3248.1,10,1,3248.0,35,1,3247.9,10,1,3248.4,300,8,3248.7,17,1,3248.8,26,1,3249.0,50,2,3249.2,53,2
11536,2025-12-30 11:29:51+05:30,3248.3,1,3249.46,554910,103324.0,118928.0,3250.0,3257.0,3239.8,3251.5,42308525,3576.6,2926.4,4322.95,2866.6,3248.3,2,1,3248.2,12,1,3248.1,10,1,3248.0,35,1,3247.9,10,1,3248.4,300,8,3248.7,17,1,3248.8,26,1,3249.0,50,2,3249.2,53,2
11536,2025-12-30 11:29:51+05:30,3248.3,5,3249.46,554916,103373.0,118865.0,3250.0,3257.0,3239.8,3251.5,42308525,3576.6,2926.4,4322.95,2866.6,3248.2,12,1,3248.1,10,1,3248.0,35,1,3247.9,10,1,3247.8,2,1,3248.3,284,3,3248.4,34,7,3248.6,7,1,3248.7,26,1,3248.8,38,1
11536,2025-12-30 11:29:52+05:30,3248.2,6,3249.46,554916,103373.0,118865.0,3250.0,3257.0,3239.8,3251.5,42308525,3576.6,2926.4,4322.95,2866.6,3248.2,12,1,3248.1,10,1,3248.0,35,1,3247.9,10,1,3247.8,2,1,3248.3,284,3,3248.4,34,7,3248.6,7,1,3248.7,26,1,3248.8,38,1
11536,2025-12-30 11:29:52+05:30,3248.2,4,3249.46,554930,103302.0,118869.0,3250.0,3257.0,3239.8,3251.5,42308525,3576.6,2926.4,4322.95,2866.6,3248.2,12,1,3248.1,10,1,3248.0,35,1,3247.9,10,1,3247.8,2,1,3248.3,300,8,3248.4,2,2,3248.7,26,1,3248.8,54,2,3248.9,8,1
11536,2025-12-30 11:29:53+05:30,3248.2,3,3249.46,554930,103302.0,118869.0,3250.0,3257.0,3239.8,3251.5,42308525,3576.6,2926.4,4322.95,2866.6,3248.2,12,1,3248.1,10,1,3248.0,35,1,3247.9,10,1,3247.8,2,1,3248.3,300,8,3248.4,2,2,3248.7,26,1,3248.8,54,2,3248.9,8,1
11536,2025-12-30 11:29:53+05:30,3248.2,1,3249.46,554937,103295.0,118860.0,3250.0,3257.0,3239.8,3251.5,42308525,3576.6,2926.4,4322.95,2866.6,3248.2,5,1,3248.1,10,1,3248.0,35,1,3247.9,10,1,3247.8,2,1,3248.3,19,8,3248.4,18,2,3248.6,294,2,3248.7,26,1,3248.8,54,2
11536,2025-12-30 11:29:54+05:30,3248.2,2,3249.46,554937,103295.0,118860.0,3250.0,3257.0,3239.8,3251.5,42308525,3576.6,2926.4,4322.95,2866.6,3248.2,5,1,3248.1,10,1,3248.0,35,1,3247.9,10,1,3247.8,2,1,3248.3,19,8,3248.4,18,2,3248.6,294,2,3248.7,26,1,3248.8,54,2
11536,2025-12-30 11:29:54+05:30,3248.3,1,3249.46,554962,103460.0,118768.0,3250.0,3257.0,3239.8,3251.5,42308525,3576.6,2926.4,4322.95,2866.6,3248.3,3,1,3248.2,7,2,3248.1,10,1,3248.0,35,1,3247.9,10,1,3248.5,2,2,3248.6,282,1,3248.9,26,1,3249.0,38,1,3249.1,11,1
11536,2025-12-30 11:29:55+05:30,3248.3,1,3249.46,554962,103460.0,118768.0,3250.0,3257.0,3239.8,3251.5,42308525,3576.6,2926.4,4322.95,2866.6,3248.3,3,1,3248.2,7,2,3248.1,10,1,3248.0,35,1,3247.9,10,1,3248.5,2,2,3248.6,282,1,3248.9,26,1,3249.0,38,1,3249.1,11,1
11536,2025-12-30 11:29:55+05:30,3248.3,1,3249.46,554964,103499.0,118758.0,3250.0,3257.0,3239.8,3251.5,42308525,3576.6,2926.4,4322.95,2866.6,3248.3,50,2,3248.2,7,2,3248.1,10,1,3248.0,35,1,3247.9,10,1,3248.5,2,2,3248.6,282,1,3248.9,26,1,3249.0,38,1,3249.1,16,1
11536,2025-12-30 11:29:56+05:30,3248.3,1,3249.46,554964,103499.0,118758.0,3250.0,3257.0,3239.8,3251.5,42308525,3576.6,2926.4,4322.95,2866.6,3248.3,50,2,3248.2,7,2,3248.1,10,1,3248.0,35,1,3247.9,10,1,3248.5,2,2,3248.6,282,1,3248.9,26,1,3249.0,38,1,3249.1,16,1
11536,2025-12-30 11:29:56+05:30,3248.6,1,3249.46,554979,103507.0,118778.0,3250.0,3257.0,3239.8,3251.5,42308525,3576.6,2926.4,4322.95,2866.6,3248.3,48,1,3248.2,7,2,3248.1,10,1,3248.0,35,1,3247.9,10,1,3248.6,284,3,3248.9,42,2,3249.0,38,1,3249.2,15,1,3249.3,51,2
11536,2025-12-30 11:29:57+05:30,3248.3,48,3249.46,554979,103507.0,118778.0,3250.0,3257.0,3239.8,3251.5,42308525,3576.6,2926.4,4322.95,2866.6,3248.3,48,1,3248.2,7,2,3248.1,10,1,3248.0,35,1,3247.9,10,1,3248.6,284,3,3248.9,42,2,3249.0,38,1,3249.2,15,1,3249.3,51,2
11536,2025-12-30 11:29:57+05:30,3248.3,2,3249.45,555072,103269.0,118744.0,3250.0,3257.0,3239.8,3251.5,42308525,3576.6,2926.4,4322.95,2866.6,3248.2,7,2,3248.1,10,1,3248.0,35,1,3247.9,10,1,3247.8,2,1,3248.3,3,2,3248.4,282,1,3248.6,2,2,3248.9,26,1,3249.0,54,2
11536,2025-12-30 11:29:58+05:30,3248.3,2,3249.45,555072,103269.0,118744.0,3250.0,3257.0,3239.8,3251.5,42308525,3576.6,2926.4,4322.95,2866.6,3248.2,7,2,3248.1,10,1,3248.0,35,1,3247.9,10,1,3247.8,2,1,3248.3,3,2,3248.4,282,1,3248.6,2,2,3248.9,26,1,3249.0,54,2
11536,2025-12-30 11:29:58+05:30,3248.2,2,3249.45,555077,103283.0,118747.0,3250.0,3257.0,3239.8,3251.5,42308525,3576.6,2926.4,4322.95,2866.6,3248.2,14,2,3248.1,10,1,3248.0,35,1,3247.9,10,1,3247.8,2,1,3248.3,7,5,3248.6,283,2,3248.9,26,1,3249.0,54,2,3249.2,15,1
11536,2025-12-30 11:29:59+05:30,3248.2,2,3249.45,555077,103283.0,118747.0,3250.0,3257.0,3239.8,3251.5,42308525,3576.6,2926.4,4322.95,2866.6,3248.2,14,2,3248.1,10,1,3248.0,35,1,3247.9,10,1,3247.8,2,1,3248.3,7,5,3248.6,283,2,3248.9,26,1,3249.0,54,2,3249.2,15,1
11536,2025-12-30 11:29:59+05:30,3248.2,2,3249.45,555084,103347.0,118480.0,3250.0,3257.0,3239.8,3251.5,42308525,3576.6,2926.4,4322.95,2866.6,3248.2,11,2,3248.1,10,1,3248.0,35,1,3247.9,10,1,3247.8,29,3,3248.3,8,7,3248.9,26,1,3249.2,15,1,3249.3,13,1,3249.4,61,3
11536,2025-12-30 11:30:00+05:30,3248.2,2,3249.45,555084,103347.0,118480.0,3250.0,3257.0,3239.8,3251.5,42308525,3576.6,2926.4,4322.95,2866.6,3248.2,11,2,3248.1,10,1,3248.0,35,1,3247.9,10,1,3247.8,29,3,3248.3,8,7,3248.9,26,1,3249.2,15,1,3249.3,13,1,3249.4,61,3
11536,2025-12-30 11:30:00+05:30,3248.3,8,3249.45,555121,103565.0,118775.0,3250.0,3257.0,3239.8,3251.5,42308525,3576.6,2926.4,4322.95,2866.6,3248.2,10,1,3248.1,10,1,3248.0,35,1,3247.9,10,1,3247.8,2,1,3248.3,44,3,3248.4,283,2,3248.8,27,1,3248.9,17,1,3249.2,5,1
11536,2025-12-30 11:30:01+05:30,3248.3,8,3249.45,555121,103565.0,118775.0,3250.0,3257.0,3239.8,3251.5,42308525,3576.6,2926.4,4322.95,2866.6,3248.2,10,1,3248.1,10,1,3248.0,35,1,3247.9,10,1,3247.8,2,1,3248.3,44,3,3248.4,283,2,3248.8,27,1,3248.9,17,1,3249.2,5,1
11536,2025-12-30 11:30:01+05:30,3248.3,1,3249.45,555125,102713.0,118755.0,3250.0,3257.0,3239.8,3251.5,42308525,3576.6,2926.4,4322.95,2866.6,3248.2,14,2,3248.1,10,1,3248.0,35,1,3247.9,10,1,3247.8,2,1,3248.3,40,3,3248.4,283,2,3248.8,27,1,3248.9,3,1,3249.0,69,4
11536,2025-12-30 11:30:02+05:30,3248.3,1,3249.45,555125,102713.0,118755.0,3250.0,3257.0,3239.8,3251.5,42308525,3576.6,2926.4,4322.95,2866.6,3248.2,14,2,3248.1,10,1,3248.0,35,1,3247.9,10,1,3247.8,2,1,3248.3,40,3,3248.4,283,2,3248.8,27,1,3248.9,3,1,3249.0,69,4
11536,2025-12-30 11:30:02+05:30,3248.2,1,3249.45,555300,102348.0,120221.0,3250.0,3257.0,3239.8,3251.5,42308525,3576.6,2926.4,4322.95,2866.6,3248.2,13,2,3248.1,14,2,3248.0,36,2,3247.9,10,1,3247.8,2,1,3248.4,329,6,3248.5,15,1,3248.6,21,2,3248.8,30,3,3249.0,39,2
11536,2025-12-30 11:30:03+05:30,3248.2,1,3249.45,555300,102348.0,120221.0,3250.0,3257.0,3239.8,3251.5,42308525,3576.6,2926.4,4322.95,2866.6,3248.2,13,2,3248.1,14,2,3248.0,36,2,3247.9,10,1,3247.8,2,1,3248.4,329,6,3248.5,15,1,3248.6,21,2,3248.8,30,3,3249.0,39,2
11536,2025-12-30 11:30:03+05:30,3248.2,1,3249.45,555300,102535.0,119168.0,3250.0,3257.0,3239.8,3251.5,42308525,3576.6,2926.4,4322.95,2866.6,3248.2,13,2,3248.1,14,2,3248.0,36,2,3247.9,10,1,3247.8,2,1,3248.4,331,8,3248.5,15,1,3248.6,21,2,3248.8,58,4,3248.9,9,1
11536,2025-12-30 11:30:04+05:30,3248.2,1,3249.45,555351,102911.0,119107.0,3250.0,3257.0,3239.8,3251.5,42308525,3576.6,2926.4,4322.95,2866.6,3248.2,63,4,3248.1,10,1,3248.0,36,2,3247.9,10,1,3247.8,2,1,3248.4,45,7,3248.5,297,2,3248.6,16,1,3248.8,30,3,3248.9,9,1
11536,2025-12-30 11:30:05+05:30,3248.2,2,3249.45,555351,102911.0,119107.0,3250.0,3257.0,3239.8,3251.5,42308525,3576.6,2926.4,4322.95,2866.6,3248.2,63,4,3248.1,10,1,3248.0,36,2,3247.9,10,1,3247.8,2,1,3248.4,45,7,3248.5,297,2,3248.6,16,1,3248.8,30,3,3248.9,9,1
11536,2025-12-30 11:30:05+05:30,3248.2,13,3249.45,555380,102875.0,119178.0,3250.0,3257.0,3239.8,3251.5,42308525,3576.6,2926.4,4322.95,2866.6,3248.2,40,3,3248.1,10,1,3248.0,36,2,3247.9,10,1,3247.8,2,1,3248.4,332,10,3248.6,31,2,3248.8,22,2,3248.9,9,1,3249.0,13,2
11536,2025-12-30 11:30:06+05:30,3248.2,2,3249.45,555380,102875.0,119178.0,3250.0,3257.0,3239.8,3251.5,42308525,3576.6,2926.4,4322.95,2866.6,3248.2,40,3,3248.1,10,1,3248.0,36,2,3247.9,10,1,3247.8,2,1,3248.4,332,10,3248.6,31,2,3248.8,22,2,3248.9,9,1,3249.0,13,2
11536,2025-12-30 11:30:06+05:30,3248.2,2,3249.45,555382,103221.0,119099.0,3250.0,3257.0,3239.8,3251.5,42308525,3576.6,2926.4,4322.95,2866.6,3248.3,4,1,3248.2,34,2,3248.1,10,1,3248.0,36,2,3247.9,10,1,3248.4,52,11,3248.6,313,3,3248.7,5,1,3248.8,22,2,3248.9,9,1
11536,2025-12-30 11:30:07+05:30,3248.3,9,3249.45,555382,103221.0,119099.0,3250.0,3257.0,3239.8,3251.5,42308525,3576.6,2926.4,4322.95,2866.6,3248.3,4,1,3248.2,34,2,3248.1,10,1,3248.0,36,2,3247.9,10,1,3248.4,52,11,3248.6,313,3,3248.7,5,1,3248.8,22,2,3248.9,9,1
11536,2025-12-30 11:30:07+05:30,3248.2,1,3249.45,555409,102866.0,119149.0,3250.0,3257.0,3239.8,3251.5,42308525,3576.6,2926.4,4322.95,2866.6,3248.2,31,2,3248.1,10,1,3248.0,36,2,3247.9,10,1,3247.8,2,1,3248.3,303,5,3248.4,37,7,3248.5,3,1,3248.6,16,1,3248.7,20,2
11536,2025-12-30 11:30:08+05:30,3248.2,7,3249.45,555409,102866.0,119149.0,3250.0,3257.0,3239.8,3251.5,42308525,3576.6,2926.4,4322.95,2866.6,3248.2,31,2,3248.1,10,1,3248.0,36,2,3247.9,10,1,3247.8,2,1,3248.3,303,5,3248.4,37,7,3248.5,3,1,3248.6,16,1,3248.7,20,2
11536,2025-12-30 11:30:08+05:30,3248.3,1,3249.45,555425,103058.0,118951.0,3250.0,3257.0,3239.8,3251.5,42308525,3576.6,2926.4,4322.95,2866.6,3248.2,23,4,3248.1,10,1,3248.0,36,2,3247.9,10,1,3247.8,2,1,3248.3,309,9,3248.4,37,4,3248.6,16,1,3248.7,5,1,3248.8,7,1
11536,2025-12-30 11:30:09+05:30,3248.3,34,3249.45,555425,103058.0,118951.0,3250.0,3257.0,3239.8,3251.5,42308525,3576.6,2926.4,4322.95,2866.6,3248.2,23,4,3248.1,10,1,3248.0,36,2,3247.9,10,1,3247.8,2,1,3248.3,309,9,3248.4,37,4,3248.6,16,1,3248.7,5,1,3248.8,7,1
11536,2025-12-30 11:30:09+05:30,3248.3,1,3249.45,555574,102892.0,118930.0,3250.0,3257.0,3239.8,3251.5,42308525,3576.6,2926.4,4322.95,2866.6,3248.2,1,1,3248.1,9,1,3248.0,37,3,3247.9,10,1,3247.8,2,1,3248.3,308,12,3248.4,35,2,3248.6,12,1,3248.7,20,2,3248.8,5,1
11536,2025-12-30 11:30:10+05:30,3248.2,3,3249.45,555574,102892.0,118930.0,3250.0,3257.0,3239.8,3251.5,42308525,3576.6,2926.4,4322.95,2866.6,3248.2,1,1,3248.1,9,1,3248.0,37,3,3247.9,10,1,3247.8,2,1,3248.3,308,12,3248.4,35,2,3248.6,12,1,3248.7,20,2,3248.8,5,1
11536,2025-12-30 11:30:10+05:30,3248.1,1,3249.45,555583,102815.0,118937.0,3250.0,3257.0,3239.8,3251.5,42308525,3576.6,2926.4,4322.95,2866.6,3248.1,1,1,3248.0,37,3,3247.9,22,2,3247.8,2,1,3247.7,11,2,3248.3,307,11,3248.4,35,2,3248.6,12,1,3248.7,5,1,3248.8,5,1
11536,2025-12-30 11:30:11+05:30,3248.1,3,3249.45,555583,102815.0,118937.0,3250.0,3257.0,3239.8,3251.5,42308525,3576.6,2926.4,4322.95,2866.6,3248.1,1,1,3248.0,37,3,3247.9,22,2,3247.8,2,1,3247.7,11,2,3248.3,307,11,3248.4,35,2,3248.6,12,1,3248.7,5,1,3248.8,5,1
11536,2025-12-30 11:30:11+05:30,3248.0,1,3249.45,555590,102823.0,118978.0,3250.0,3257.0,3239.8,3251.5,42308525,3576.6,2926.4,4322.95,2866.6,3248.0,36,3,3247.9,22,2,3247.8,2,1,3247.7,11,2,3247.6,18,1,3248.2,284,3,3248.3,39,9,3248.4,18,1,3248.5,13,1,3248.6,25,2
11536,2025-12-30 11:30:12+05:30,3248.0,1,3249.45,555590,102823.0,118978.0,3250.0,3257.0,3239.8,3251.5,42308525,3576.6,2926.4,4322.95,2866.6,3248.0,36,3,3247.9,22,2,3247.8,2,1,3247.7,11,2,3247.6,18,1,3248.2,284,3,3248.3,39,9,3248.4,18,1,3248.5,13,1,3248.6,25,2
11536,2025-12-30 11:30:12+05:30,3248.2,2,3249.45,555609,102290.0,120254.0,3250.0,3257.0,3239.8,3251.5,42308525,3576.6,2926.4,4322.95,2866.6,3248.0,20,3,3247.9,22,2,3247.8,2,1,3247.7,11,2,3247.5,3,2,3248.2,310,7,3248.3,5,3,3248.4,54,4,3248.6,27,2,3248.7,20,2
11536,2025-12-30 11:30:13+05:30,3248.0,1,3249.45,555609,102290.0,120254.0,3250.0,3257.0,3239.8,3251.5,42308525,3576.6,2926.4,4322.95,2866.6,3248.0,20,3,3247.9,22,2,3247.8,2,1,3247.7,11,2,3247.5,3,2,3248.2,310,7,3248.3,5,3,3248.4,54,4,3248.6,27,2,3248.7,20,2
11536,2025-12-30 11:30:13+05:30,3248.0,1,3249.45,555635,102178.0,119243.0,3250.0,3257.0,3239.8,3251.5,42308525,3576.6,2926.4,4322.95,2866.6,3248.0,44,1,3247.9,22,2,3247.8,2,1,3247.7,11,2,3247.5,3,2,3248.2,301,9,3248.4,34,2,3248.5,7,1,3248.6,12,1,3248.7,35,3
11536,2025-12-30 11:30:14+05:30,3248.0,20,3249.45,555635,102178.0,119243.0,3250.0,3257.0,3239.8,3251.5,42308525,3576.6,2926.4,4322.95,2866.6,3248.0,44,1,3247.9,22,2,3247.8,2,1,3247.7,11,2,3247.5,3,2,3248.2,301,9,3248.4,34,2,3248.5,7,1,3248.6,12,1,3248.7,35,3
11536,2025-12-30 11:30:14+05:30,3248.0,1,3249.45,555661,102152.0,119252.0,3250.0,3257.0,3239.8,3251.5,42308525,3576.6,2926.4,4322.95,2866.6,3248.0,18,1,3247.9,22,2,3247.8,2,1,3247.7,11,2,3247.5,3,2,3248.2,302,10,3248.3,17,1,3248.4,18,1,3248.5,7,1,3248.6,12,1
11536,2025-12-30 11:30:15+05:30,3248.0,1,3249.45,555661,102152.0,119252.0,3250.0,3257.0,3239.8,3251.5,42308525,3576.6,2926.4,4322.95,2866.6,3248.0,18,1,3247.9,22,2,3247.8,2,1,3247.7,11,2,3247.5,3,2,3248.2,302,10,3248.3,17,1,3248.4,18,1,3248.5,7,1,3248.6,12,1
11536,2025-12-30 11:30:15+05:30,3248.2,4,3249.45,555688,102148.0,119244.0,3250.0,3257.0,3239.8,3251.5,42308525,3576.6,2926.4,4322.95,2866.6,3248.0,14,2,3247.9,22,2,3247.8,2,1,3247.7,11,2,3247.5,3,2,3248.2,302,10,3248.4,34,2,3248.5,7,1,3248.6,12,1,3248.7,35,3
11536,2025-12-30 11:30:16+05:30,3248.2,11,3249.45,555688,102148.0,119244.0,3250.0,3257.0,3239.8,3251.5,42308525,3576.6,2926.4,4322.95,2866.6,3248.0,14,2,3247.9,22,2,3247.8,2,1,3247.7,11,2,3247.5,3,2,3248.2,302,10,3248.4,34,2,3248.5,7,1,3248.6,12,1,3248.7,35,3
11536,2025-12-30 11:30:16+05:30,3247.9,1,3249.45,555728,102104.0,119802.0,3250.0,3257.0,3239.8,3251.5,42308525,3576.6,2926.4,4322.95,2866.6,3247.9,27,3,3247.8,2,1,3247.7,11,2,3247.5,3,2,3247.4,21,1,3248.0,30,1,3248.2,288,7,3248.4,34,2,3248.6,12,1,3248.7,20,2
11536,2025-12-30 11:30:17+05:30,3247.9,12,3249.45,555728,102104.0,119802.0,3250.0,3257.0,3239.8,3251.5,42308525,3576.6,2926.4,4322.95,2866.6,3247.9,27,3,3247.8,2,1,3247.7,11,2,3247.5,3,2,3247.4,21,1,3248.0,30,1,3248.2,288,7,3248.4,34,2,3248.6,12,1,3248.7,20,2
11536,2025-12-30 11:30:17+05:30,3247.9,3,3249.45,555815,102186.0,119576.0,3250.0,3257.0,3239.8,3251.5,42308525,3576.6,2926.4,4322.95,2866.6,3247.9,14,3,3247.8,2,1,3247.7,11,2,3247.6,10,1,3247.5,3,2,3248.0,36,5,3248.2,285,4,3248.4,18,1,3248.9,30,2,3249.0,57,3
11536,2025-12-30 11:30:18+05:30,3247.9,3,3249.45,555815,102186.0,119576.0,3250.0,3257.0,3239.8,3251.5,42308525,3576.6,2926.4,4322.95,2866.6,3247.9,14,3,3247.8,2,1,3247.7,11,2,3247.6,10,1,3247.5,3,2,3248.0,36,5,3248.2,285,4,3248.4,18,1,3248.9,30,2,3249.0,57,3
11536,2025-12-30 11:30:18+05:30,3247.9,1,3249.45,555830,102561.0,118209.0,3250.0,3257.0,3239.8,3251.5,42308525,3576.6,2926.4,4322.95,2866.6,3247.9,26,4,3247.8,2,1,3247.7,11,2,3247.5,3,2,3247.4,21,1,3248.0,39,8,3248.1,282,1,3248.2,1,1,3248.4,18,1,3248.7,16,1
11536,2025-12-30 11:30:19+05:30,3247.9,3,3249.45,555830,102561.0,118209.0,3250.0,3257.0,3239.8,3251.5,42308525,3576.6,2926.4,4322.95,2866.6,3247.9,26,4,3247.8,2,1,3247.7,11,2,3247.5,3,2,3247.4,21,1,3248.0,39,8,3248.1,282,1,3248.2,1,1,3248.4,18,1,3248.7,16,1
11536,2025-12-30 11:30:19+05:30,3247.9,3,3249.45,555862,102499.0,118676.0,3250.0,3257.0,3239.8,3251.5,42308525,3576.6,2926.4,4322.95,2866.6,3247.9,21,4,3247.8,2,1,3247.7,11,2,3247.5,3,2,3247.2,39,2,3248.0,319,9,3248.1,17,1,3248.3,18,1,3248.4,24,2,3248.6,36,3
11536,2025-12-30 11:30:20+05:30,3247.9,1,3249.45,555862,102499.0,118676.0,3250.0,3257.0,3239.8,3251.5,42308525,3576.6,2926.4,4322.95,2866.6,3247.9,21,4,3247.8,2,1,3247.7,11,2,3247.5,3,2,3247.2,39,2,3248.0,319,9,3248.1,17,1,3248.3,18,1,3248.4,24,2,3248.6,36,3
11536,2025-12-30 11:30:21+05:30,3247.9,1,3249.45,555902,102504.0,118730.0,3250.0,3257.0,3239.8,3251.5,42308525,3576.6,2926.4,4322.95,2866.6,3247.9,19,2,3247.8,2,1,3247.7,11,2,3247.5,3,2,3247.2,39,2,3248.0,346,12,3248.2,38,3,3248.3,10,1,3248.4,35,3,3248.5,15,1
11536,2025-12-30 11:30:21+05:30,3247.9,1,3249.45,555902,102504.0,118730.0,3250.0,3257.0,3239.8,3251.5,42308525,3576.6,2926.4,4322.95,2866.6,3247.9,19,2,3247.8,2,1,3247.7,11,2,3247.5,3,2,3247.2,39,2,3248.0,346,12,3248.2,38,3,3248.3,10,1,3248.4,35,3,3248.5,15,1
11536,2025-12-30 11:30:21+05:30,3247.9,2,3249.45,555906,102314.0,118108.0,3250.0,3257.0,3239.8,3251.5,42308525,3576.6,2926.4,4322.95,2866.6,3247.9,16,2,3247.8,2,1,3247.7,11,2,3247.5,3,2,3247.2,39,2,3248.0,52,10,3248.1,282,1,3248.2,38,3,3248.3,10,1,3248.4,35,3
11536,2025-12-30 11:30:22+05:30,3247.9,3,3249.45,555906,102314.0,118108.0,3250.0,3257.0,3239.8,3251.5,42308525,3576.6,2926.4,4322.95,2866.6,3247.9,16,2,3247.8,2,1,3247.7,11,2,3247.5,3,2,3247.2,39,2,3248.0,52,10,3248.1,282,1,3248.2,38,3,3248.3,10,1,3248.4,35,3
11536,2025-12-30 11:30:22+05:30,3247.9,2,3249.45,555923,102379.0,118145.0,3250.0,3257.0,3239.8,3251.5,42308525,3576.6,2926.4,4322.95,2866.6,3247.9,10,2,3247.8,2,1,3247.7,11,2,3247.6,9,1,3247.5,3,2,3248.0,62,10,3248.1,282,1,3248.2,38,3,3248.4,24,2,3248.5,15,1
11536,2025-12-30 11:30:23+05:30,3247.9,2,3249.45,555923,102379.0,118145.0,3250.0,3257.0,3239.8,3251.5,42308525,3576.6,2926.4,4322.95,2866.6,3247.9,10,2,3247.8,2,1,3247.7,11,2,3247.6,9,1,3247.5,3,2,3248.0,62,10,3248.1,282,1,3248.2,38,3,3248.4,24,2,3248.5,15,1
11536,2025-12-30 11:30:24+05:30,3247.9,2,3249.45,555923,102379.0,118145.0,3250.0,3257.0,3239.8,3251.5,42308525,3576.6,2926.4,4322.95,2866.6,3247.9,10,2,3247.8,2,1,3247.7,11,2,3247.6,9,1,3247.5,3,2,3248.0,62,10,3248.1,282,1,3248.2,38,3,3248.4,24,2,3248.5,15,1
11536,2025-12-30 11:30:24+05:30,3247.9,1,3249.45,555934,102254.0,118162.0,3250.0,3257.0,3239.8,3251.5,42308525,3576.6,2926.4,4322.95,2866.6,3247.9,12,2,3247.8,3,2,3247.7,11,2,3247.5,3,2,3247.2,39,2,3248.0,332,11,3248.2,18,1,3248.4,30,3,3248.5,15,1,3248.6,42,3
11536,2025-12-30 11:30:25+05:30,3247.9,2,3249.45,555934,102254.0,118162.0,3250.0,3257.0,3239.8,3251.5,42308525,3576.6,2926.4,4322.95,2866.6,3247.9,12,2,3247.8,3,2,3247.7,11,2,3247.5,3,2,3247.2,39,2,3248.0,332,11,3248.2,18,1,3248.4,30,3,3248.5,15,1,3248.6,42,3
11536,2025-12-30 11:30:25+05:30,3248.0,1,3249.45,556084,102294.0,117703.0,3250.0,3257.0,3239.8,3251.5,42308525,3576.6,2926.4,4322.95,2866.6,3247.9,48,3,3247.8,3,2,3247.7,11,2,3247.6,9,1,3247.5,14,3,3248.0,13,7,3248.4,182,2,3248.7,18,1,3248.9,30,2,3249.0,87,5
11536,2025-12-30 11:30:26+05:30,3246.7,1,3249.45,556084,102294.0,117703.0,3250.0,3257.0,3239.8,3251.5,42308525,3576.6,2926.4,4322.95,2866.6,3247.9,48,3,3247.8,3,2,3247.7,11,2,3247.6,9,1,3247.5,14,3,3248.0,13,7,3248.4,182,2,3248.7,18,1,3248.9,30,2,3249.0,87,5
11536,2025-12-30 11:30:26+05:30,3246.7,1,3249.45,556580,99534.0,117995.0,3250.0,3257.0,3239.8,3251.5,42308525,3576.6,2926.4,4322.95,2866.6,3246.7,1,1,3246.6,43,2,3246.5,193,7,3246.4,108,6,3246.3,177,4,3247.5,480,4,3247.8,1,1,3248.0,11,5,3248.3,2,1,3248.4,14,2
11536,2025-12-30 11:30:27+05:30,3246.8,8,3249.45,556580,99534.0,117995.0,3250.0,3257.0,3239.8,3251.5,42308525,3576.6,2926.4,4322.95,2866.6,3246.7,1,1,3246.6,43,2,3246.5,193,7,3246.4,108,6,3246.3,177,4,3247.5,480,4,3247.8,1,1,3248.0,11,5,3248.3,2,1,3248.4,14,2
11536,2025-12-30 11:30:27+05:30,3246.7,30,3249.45,556649,99545.0,116640.0,3250.0,3257.0,3239.8,3251.5,42308525,3576.6,2926.4,4322.95,2866.6,3246.6,89,6,3246.5,192,7,3246.4,95,7,3246.3,61,3,3246.2,213,9,3246.8,14,3,3247.4,282,1,3247.5,23,2,3247.8,1,1,3248.0,4,2
11536,2025-12-30 11:30:28+05:30,3246.7,1,3249.45,556649,99545.0,116640.0,3250.0,3257.0,3239.8,3251.5,42308525,3576.6,2926.4,4322.95,2866.6,3246.6,89,6,3246.5,192,7,3246.4,95,7,3246.3,61,3,3246.2,213,9,3246.8,14,3,3247.4,282,1,3247.5,23,2,3247.8,1,1,3248.0,4,2
11536,2025-12-30 11:30:29+05:30,3246.8,22,3249.45,557059,99795.0,116120.0,3250.0,3257.0,3239.8,3251.5,42308525,3576.6,2926.4,4322.95,2866.6,3246.8,66,6,3246.7,25,4,3246.6,67,7,3246.5,208,10,3246.4,89,8,3247.0,16,4,3247.4,282,1,3248.2,23,2,3248.4,238,4,3248.6,129,4
11536,2025-12-30 11:30:31+05:30,3246.8,2,3249.45,557059,99795.0,116120.0,3250.0,3257.0,3239.8,3251.5,42308525,3576.6,2926.4,4322.95,2866.6,3246.8,66,6,3246.7,25,4,3246.6,67,7,3246.5,208,10,3246.4,89,8,3247.0,16,4,3247.4,282,1,3248.2,23,2,3248.4,238,4,3248.6,129,4
11536,2025-12-30 11:30:33+05:30,3248.5,18,3249.45,559382,103591.0,114008.0,3250.0,3257.0,3239.8,3251.5,42308525,3576.6,2926.4,4322.95,2866.6,3247.5,70,6,3247.4,116,5,3247.3,153,9,3247.2,572,8,3247.1,125,6,3248.6,98,2,3249.0,22,1,3249.1,7,1,3249.2,21,1,3249.3,26,1
11536,2025-12-30 11:30:34+05:30,3248.5,18,3249.45,559382,103591.0,114008.0,3250.0,3257.0,3239.8,3251.5,42308525,3576.6,2926.4,4322.95,2866.6,3247.5,70,6,3247.4,116,5,3247.3,153,9,3247.2,572,8,3247.1,125,6,3248.6,98,2,3249.0,22,1,3249.1,7,1,3249.2,21,1,3249.3,26,1
11536,2025-12-30 11:30:37+05:30,3247.6,57,3249.45,559382,103591.0,114008.0,3250.0,3257.0,3239.8,3251.5,42308525,3576.6,2926.4,4322.95,2866.6,3247.5,70,6,3247.4,116,5,3247.3,153,9,3247.2,572,8,3247.1,125,6,3248.6,98,2,3249.0,22,1,3249.1,7,1,3249.2,21,1,3249.3,26,1
11536,2025-12-30 11:30:37+05:30,3247.6,57,3249.44,560860,103820.0,113814.0,3250.0,3257.0,3239.8,3251.5,42308525,3576.6,2926.4,4322.95,2866.6,3247.6,182,2,3247.5,100,5,3247.4,223,4,3247.3,85,3,3247.2,601,9,3248.7,202,4,3248.8,65,4,3249.2,57,2,3249.4,21,1,3249.5,72,4
11536,2025-12-30 11:30:40+05:30,3247.5,26,3249.44,560860,103820.0,113814.0,3250.0,3257.0,3239.8,3251.5,42308525,3576.6,2926.4,4322.95,2866.6,3247.6,182,2,3247.5,100,5,3247.4,223,4,3247.3,85,3,3247.2,601,9,3248.7,202,4,3248.8,65,4,3249.2,57,2,3249.4,21,1,3249.5,72,4
11536,2025-12-30 11:30:42+05:30,3247.4,3,3249.44,561233,102941.0,111221.0,3250.0,3257.0,3239.8,3251.5,42308525,3576.6,2926.4,4322.95,2866.6,3247.4,46,2,3247.3,49,2,3247.2,314,7,3247.1,74,5,3247.0,567,7,3248.5,26,3,3248.6,210,8,3248.7,59,2,3248.8,16,1,3249.0,17,1
11536,2025-12-30 11:30:43+05:30,3248.5,5,3249.44,561233,102941.0,111221.0,3250.0,3257.0,3239.8,3251.5,42308525,3576.6,2926.4,4322.95,2866.6,3247.4,46,2,3247.3,49,2,3247.2,314,7,3247.1,74,5,3247.0,567,7,3248.5,26,3,3248.6,210,8,3248.7,59,2,3248.8,16,1,3249.0,17,1
11536,2025-12-30 11:30:46+05:30,3247.4,10,3249.44,561233,102941.0,111221.0,3250.0,3257.0,3239.8,3251.5,42308525,3576.6,2926.4,4322.95,2866.6,3247.4,46,2,3247.3,49,2,3247.2,314,7,3247.1,74,5,3247.0,567,7,3248.5,26,3,3248.6,210,8,3248.7,59,2,3248.8,16,1,3249.0,17,1
11536,2025-12-30 11:30:46+05:30,3248.5,1,3249.44,561440,103660.0,113595.0,3250.0,3257.0,3239.8,3251.5,42308525,3576.6,2926.4,4322.95,2866.6,3247.5,58,4,3247.4,117,7,3247.3,101,4,3247.2,301,10,3247.1,397,7,3248.5,5,4,3248.6,5,1,3248.7,187,2,3249.2,89,4,3249.4,81,5
11536,2025-12-30 11:30:49+05:30,3247.6,13,3249.44,561440,103660.0,113595.0,3250.0,3257.0,3239.8,3251.5,42308525,3576.6,2926.4,4322.95,2866.6,3247.5,58,4,3247.4,117,7,3247.3,101,4,3247.2,301,10,3247.1,397,7,3248.5,5,4,3248.6,5,1,3248.7,187,2,3249.2,89,4,3249.4,81,5
11536,2025-12-30 11:30:50+05:30,3248.0,15,3249.44,561602,104286.0,113620.0,3250.0,3257.0,3239.8,3251.5,42308525,3576.6,2926.4,4322.95,2866.6,3248.0,16,1,3247.5,173,1,3247.4,192,5,3247.3,79,2,3247.2,263,6,3248.5,42,6,3248.6,32,2,3248.7,187,2,3248.8,17,1,3248.9,39,2
11536,2025-12-30 11:30:52+05:30,3248.0,4,3249.44,561602,104286.0,113620.0,3250.0,3257.0,3239.8,3251.5,42308525,3576.6,2926.4,4322.95,2866.6,3248.0,16,1,3247.5,173,1,3247.4,192,5,3247.3,79,2,3247.2,263,6,3248.5,42,6,3248.6,32,2,3248.7,187,2,3248.8,17,1,3248.9,39,2
11536,2025-12-30 11:30:55+05:30,3248.4,11,3249.44,561602,104286.0,113620.0,3250.0,3257.0,3239.8,3251.5,42308525,3576.6,2926.4,4322.95,2866.6,3248.0,16,1,3247.5,173,1,3247.4,192,5,3247.3,79,2,3247.2,263,6,3248.5,42,6,3248.6,32,2,3248.7,187,2,3248.8,17,1,3248.9,39,2
11536,2025-12-30 11:30:55+05:30,3248.5,2,3249.44,561749,103976.0,114506.0,3250.0,3257.0,3239.8,3251.5,42308525,3576.6,2926.4,4322.95,2866.6,3248.4,25,2,3248.0,52,2,3247.6,21,1,3247.5,158,1,3247.4,232,5,3248.5,59,7,3248.6,23,2,3248.7,184,2,3248.8,314,3,3249.0,66,3
11536,2025-12-30 11:30:58+05:30,3248.3,1,3249.44,561749,103976.0,114506.0,3250.0,3257.0,3239.8,3251.5,42308525,3576.6,2926.4,4322.95,2866.6,3248.4,25,2,3248.0,52,2,3247.6,21,1,3247.5,158,1,3247.4,232,5,3248.5,59,7,3248.6,23,2,3248.7,184,2,3248.8,314,3,3249.0,66,3
11536,2025-12-30 11:30:59+05:30,3248.0,8,3249.44,562090,102807.0,116787.0,3250.0,3257.0,3239.8,3251.5,42308525,3576.6,2926.4,4322.95,2866.6,3247.4,13,2,3247.3,3,1,3247.2,38,2,3247.1,45,4,3247.0,180,3,3247.9,2,1,3248.0,6,1,3248.2,103,1,3248.3,199,7,3248.4,1,1
11536,2025-12-30 11:31:01+05:30,3247.4,6,3249.44,562090,102807.0,116787.0,3250.0,3257.0,3239.8,3251.5,42308525,3576.6,2926.4,4322.95,2866.6,3247.4,13,2,3247.3,3,1,3247.2,38,2,3247.1,45,4,3247.0,180,3,3247.9,2,1,3248.0,6,1,3248.2,103,1,3248.3,199,7,3248.4,1,1
11536,2025-12-30 11:31:04+05:30,3247.4,2,3249.44,562090,102807.0,116787.0,3250.0,3257.0,3239.8,3251.5,42308525,3576.6,2926.4,4322.95,2866.6,3247.4,13,2,3247.3,3,1,3247.2,38,2,3247.1,45,4,3247.0,180,3,3247.9,2,1,3248.0,6,1,3248.2,103,1,3248.3,199,7,3248.4,1,1
11536,2025-12-30 11:31:04+05:30,3247.4,1,3249.44,562284,102731.0,116301.0,3250.0,3257.0,3239.8,3251.5,42308525,3576.6,2926.4,4322.95,2866.6,3247.4,74,4,3247.3,31,4,3247.2,116,6,3247.1,35,4,3247.0,90,5,3247.9,46,6,3248.3,168,1,3248.6,23,1,3248.7,130,2,3248.8,36,1
11536,2025-12-30 11:31:07+05:30,3247.4,1,3249.44,562284,102731.0,116301.0,3250.0,3257.0,3239.8,3251.5,42308525,3576.6,2926.4,4322.95,2866.6,3247.4,74,4,3247.3,31,4,3247.2,116,6,3247.1,35,4,3247.0,90,5,3247.9,46,6,3248.3,168,1,3248.6,23,1,3248.7,130,2,3248.8,36,1
11536,2025-12-30 11:31:09+05:30,3247.4,1,3249.44,562427,101345.0,116295.0,3250.0,3257.0,3239.8,3251.5,42308525,3576.6,2926.4,4322.95,2866.6,3247.4,13,1,3247.3,15,2,3247.1,19,2,3247.0,24,2,3246.8,176,2,3247.9,48,7,3248.0,24,1,3248.1,31,1,3248.2,141,2,3248.3,184,2
11536,2025-12-30 11:31:10+05:30,3247.3,2,3249.44,562427,101345.0,116295.0,3250.0,3257.0,3239.8,3251.5,42308525,3576.6,2926.4,4322.95,2866.6,3247.4,13,1,3247.3,15,2,3247.1,19,2,3247.0,24,2,3246.8,176,2,3247.9,48,7,3248.0,24,1,3248.1,31,1,3248.2,141,2,3248.3,184,2
11536,2025-12-30 11:31:13+05:30,3247.4,43,3249.43,562839,102171.0,114881.0,3250.0,3257.0,3239.8,3251.5,42308525,3576.6,2926.4,4322.95,2866.6,3247.4,3,1,3247.3,13,2,3247.2,7,1,3247.1,39,4,3247.0,74,5,3247.9,3,3,3248.0,23,1,3248.1,313,2,3248.3,96,1,3248.4,3,1
11536,2025-12-30 11:31:14+05:30,3247.4,43,3249.43,562839,102171.0,114881.0,3250.0,3257.0,3239.8,3251.5,42308525,3576.6,2926.4,4322.95,2866.6,3247.4,3,1,3247.3,13,2,3247.2,7,1,3247.1,39,4,3247.0,74,5,3247.9,3,3,3248.0,23,1,3248.1,313,2,3248.3,96,1,3248.4,3,1
11536,2025-12-30 11:31:18+05:30,3247.4,6,3249.43,562839,102171.0,114881.0,3250.0,3257.0,3239.8,3251.5,42308525,3576.6,2926.4,4322.95,2866.6,3247.4,3,1,3247.3,13,2,3247.2,7,1,3247.1,39,4,3247.0,74,5,3247.9,3,3,3248.0,23,1,3248.1,313,2,3248.3,96,1,3248.4,3,1
11536,2025-12-30 11:31:18+05:30,3247.3,4,3249.43,563055,102886.0,115549.0,3250.0,3257.0,3239.8,3251.5,42308525,3576.6,2926.4,4322.95,2866.6,3247.3,28,4,3247.2,14,1,3247.1,100,6,3247.0,99,6,3246.9,40,3,3247.5,1,1,3247.6,1,1,3247.9,18,4,3248.4,96,1,3248.8,56,2
11536,2025-12-30 11:31:22+05:30,3247.0,4,3249.43,563055,102886.0,115549.0,3250.0,3257.0,3239.8,3251.5,42308525,3576.6,2926.4,4322.95,2866.6,3247.3,28,4,3247.2,14,1,3247.1,100,6,3247.0,99,6,3246.9,40,3,3247.5,1,1,3247.6,1,1,3247.9,18,4,3248.4,96,1,3248.8,56,2
11536,2025-12-30 11:31:23+05:30,3248.8,35,3249.43,563937,104108.0,113580.0,3250.0,3257.0,3239.8,3251.5,42308525,3576.6,2926.4,4322.95,2866.6,3247.6,21,1,3247.5,3,1,3247.4,168,2,3247.3,82,5,3247.2,561,7,3248.7,57,3,3248.8,51,4,3248.9,38,2,3249.0,293,3,3249.1,38,1
11536,2025-12-30 11:31:25+05:30,3248.7,8,3249.43,563937,104108.0,113580.0,3250.0,3257.0,3239.8,3251.5,42308525,3576.6,2926.4,4322.95,2866.6,3247.6,21,1,3247.5,3,1,3247.4,168,2,3247.3,82,5,3247.2,561,7,3248.7,57,3,3248.8,51,4,3248.9,38,2,3249.0,293,3,3249.1,38,1
11536,2025-12-30 11:31:27+05:30,3247.6,4,3249.43,564242,104707.0,113122.0,3250.0,3257.0,3239.8,3251.5,42308525,3576.6,2926.4,4322.95,2866.6,3247.6,190,5,3247.5,353,5,3247.4,272,5,3247.3,205,7,3247.2,292,8,3248.6,10,4,3248.7,33,1,3249.1,22,1,3249.2,22,1,3249.4,59,2
11536,2025-12-30 11:31:28+05:30,3247.6,3,3249.43,564242,104707.0,113122.0,3250.0,3257.0,3239.8,3251.5,42308525,3576.6,2926.4,4322.95,2866.6,3247.6,190,5,3247.5,353,5,3247.4,272,5,3247.3,205,7,3247.2,292,8,3248.6,10,4,3248.7,33,1,3249.1,22,1,3249.2,22,1,3249.4,59,2
11536,2025-12-30 11:31:28+05:30,3247.6,1,3249.43,564260,104320.0,113374.0,3250.0,3257.0,3239.8,3251.5,42308525,3576.6,2926.4,4322.95,2866.6,3247.6,81,5,3247.5,238,5,3247.4,507,4,3247.3,137,5,3247.2,292,8,3248.6,12,7,3248.7,33,1,3249.0,30,1,3249.1,22,1,3249.4,38,1
11536,2025-12-30 11:31:29+05:30,3247.6,7,3249.43,564260,104320.0,113374.0,3250.0,3257.0,3239.8,3251.5,42308525,3576.6,2926.4,4322.95,2866.6,3247.6,81,5,3247.5,238,5,3247.4,507,4,3247.3,137,5,3247.2,292,8,3248.6,12,7,3248.7,33,1,3249.0,30,1,3249.1,22,1,3249.4,38,1
11536,2025-12-30 11:31:29+05:30,3247.6,9,3249.43,564411,104488.0,113596.0,3250.0,3257.0,3239.8,3251.5,42308525,3576.6,2926.4,4322.95,2866.6,3247.6,106,5,3247.5,227,4,3247.4,627,6,3247.3,137,5,3247.2,303,9,3248.6,16,12,3248.7,33,1,3248.9,22,1,3249.0,205,2,3249.4,38,1
11536,2025-12-30 11:31:30+05:30,3247.6,1,3249.43,564411,104488.0,113596.0,3250.0,3257.0,3239.8,3251.5,42308525,3576.6,2926.4,4322.95,2866.6,3247.6,106,5,3247.5,227,4,3247.4,627,6,3247.3,137,5,3247.2,303,9,3248.6,16,12,3248.7,33,1,3248.9,22,1,3249.0,205,2,3249.4,38,1
11536,2025-12-30 11:31:30+05:30,3247.7,19,3249.43,564432,104308.0,113911.0,3250.0,3257.0,3239.8,3251.5,42308525,3576.6,2926.4,4322.95,2866.6,3247.7,11,1,3247.6,74,4,3247.5,186,2,3247.4,285,3,3247.3,420,5,3248.6,43,14,3248.7,33,1,3248.8,31,1,3248.9,175,1,3249.4,38,1
11536,2025-12-30 11:31:31+05:30,3247.7,30,3249.43,564432,104308.0,113911.0,3250.0,3257.0,3239.8,3251.5,42308525,3576.6,2926.4,4322.95,2866.6,3247.7,11,1,3247.6,74,4,3247.5,186,2,3247.4,285,3,3247.3,420,5,3248.6,43,14,3248.7,33,1,3248.8,31,1,3248.9,175,1,3249.4,38,1
11536,2025-12-30 11:31:31+05:30,3247.7,3,3249.43,564490,104598.0,113825.0,3250.0,3257.0,3239.8,3251.5,42308525,3576.6,2926.4,4322.95,2866.6,3247.7,205,3,3247.6,221,4,3247.5,50,2,3247.4,633,6,3247.3,129,5,3248.6,10,8,3248.7,33,1,3248.9,26,1,3249.0,175,1,3249.2,38,1
11536,2025-12-30 11:31:32+05:30,3247.7,15,3249.43,564490,104598.0,113825.0,3250.0,3257.0,3239.8,3251.5,42308525,3576.6,2926.4,4322.95,2866.6,3247.7,205,3,3247.6,221,4,3247.5,50,2,3247.4,633,6,3247.3,129,5,3248.6,10,8,3248.7,33,1,3248.9,26,1,3249.0,175,1,3249.2,38,1
11536,2025-12-30 11:31:32+05:30,3248.2,8,3249.43,564529,104836.0,113435.0,3250.0,3257.0,3239.8,3251.5,42308525,3576.6,2926.4,4322.95,2866.6,3248.2,16,1,3247.8,21,1,3247.7,182,3,3247.6,76,4,3247.5,452,4,3248.6,8,7,3248.7,33,1,3248.9,26,1,3249.0,175,1,3249.1,31,1
11536,2025-12-30 11:31:33+05:30,3248.2,8,3249.43,564529,104836.0,113435.0,3250.0,3257.0,3239.8,3251.5,42308525,3576.6,2926.4,4322.95,2866.6,3248.2,16,1,3247.8,21,1,3247.7,182,3,3247.6,76,4,3247.5,452,4,3248.6,8,7,3248.7,33,1,3248.9,26,1,3249.0,175,1,3249.1,31,1
11536,2025-12-30 11:31:34+05:30,3248.2,1,3249.43,564529,104836.0,113435.0,3250.0,3257.0,3239.8,3251.5,42308525,3576.6,2926.4,4322.95,2866.6,3248.2,16,1,3247.8,21,1,3247.7,182,3,3247.6,76,4,3247.5,452,4,3248.6,8,7,3248.7,33,1,3248.9,26,1,3249.0,175,1,3249.1,31,1
11536,2025-12-30 11:31:34+05:30,3248.2,1,3249.43,564553,104878.0,111334.0,3250.0,3257.0,3239.8,3251.5,42308525,3576.6,2926.4,4322.95,2866.6,3248.2,81,3,3247.9,3,1,3247.8,21,1,3247.7,185,3,3247.6,223,5,3248.6,7,7,3248.7,33,1,3248.9,26,1,3249.0,175,1,3249.1,31,1
11536,2025-12-30 11:31:35+05:30,3248.5,8,3249.43,564570,105509.0,113447.0,3250.0,3257.0,3239.8,3251.5,42308525,3576.6,2926.4,4322.95,2866.6,3248.5,11,1,3248.2,56,2,3247.9,3,1,3247.8,215,3,3247.7,185,3,3248.6,9,9,3248.7,33,1,3249.0,175,1,3249.3,57,2,3249.4,55,2
11536,2025-12-30 11:31:35+05:30,3248.5,5,3249.43,564570,105509.0,113447.0,3250.0,3257.0,3239.8,3251.5,42308525,3576.6,2926.4,4322.95,2866.6,3248.5,11,1,3248.2,56,2,3247.9,3,1,3247.8,215,3,3247.7,185,3,3248.6,9,9,3248.7,33,1,3249.0,175,1,3249.3,57,2,3249.4,55,2
11536,2025-12-30 11:31:36+05:30,3248.5,1,3249.43,564570,105509.0,113447.0,3250.0,3257.0,3239.8,3251.5,42308525,3576.6,2926.4,4322.95,2866.6,3248.5,11,1,3248.2,56,2,3247.9,3,1,3247.8,215,3,3247.7,185,3,3248.6,9,9,3248.7,33,1,3249.0,175,1,3249.3,57,2,3249.4,55,2
11536,2025-12-30 11:31:36+05:30,3248.5,1,3249.43,564585,105323.0,113410.0,3250.0,3257.0,3239.8,3251.5,42308525,3576.6,2926.4,4322.95,2866.6,3248.5,13,1,3248.2,56,2,3247.9,3,1,3247.8,215,3,3247.7,13,2,3248.6,9,9,3248.7,33,1,3249.0,175,1,3249.2,26,1,3249.4,56,2
11536,2025-12-30 11:31:37+05:30,3248.5,5,3249.43,564585,105323.0,113410.0,3250.0,3257.0,3239.8,3251.5,42308525,3576.6,2926.4,4322.95,2866.6,3248.5,13,1,3248.2,56,2,3247.9,3,1,3247.8,215,3,3247.7,13,2,3248.6,9,9,3248.7,33,1,3249.0,175,1,3249.2,26,1,3249.4,56,2
11536,2025-12-30 11:31:37+05:30,3248.5,5,3249.43,564726,104964.0,112012.0,3250.0,3257.0,3239.8,3251.5,42308525,3576.6,2926.4,4322.95,2866.6,3248.2,56,2,3248.1,3,1,3247.9,59,3,3247.8,258,6,3247.7,356,4,3248.5,3,1,3249.1,106,2,3249.3,26,1,3249.4,38,1,3249.5,53,2
11536,2025-12-30 11:31:38+05:30,3248.5,5,3249.43,564726,104785.0,112935.0,3250.0,3257.0,3239.8,3251.5,42308525,3576.6,2926.4,4322.95,2866.6,3248.2,56,2,3248.1,3,1,3247.9,59,3,3247.8,235,4,3247.7,323,4,3248.5,6,3,3249.0,26,1,3249.1,106,2,3249.5,53,2,3249.7,79,4
11536,2025-12-30 11:31:39+05:30,3248.2,12,3249.43,564794,104774.0,113040.0,3250.0,3257.0,3239.8,3251.5,42308525,3576.6,2926.4,4322.95,2866.6,3248.1,3,1,3247.8,38,1,3247.7,85,6,3247.6,248,7,3247.5,512,7,3248.2,10,3,3248.5,5,3,3249.1,102,1,3249.4,44,2,3249.5,106,4
11536,2025-12-30 11:31:39+05:30,3248.1,7,3249.43,564794,104774.0,113040.0,3250.0,3257.0,3239.8,3251.5,42308525,3576.6,2926.4,4322.95,2866.6,3248.1,3,1,3247.8,38,1,3247.7,85,6,3247.6,248,7,3247.5,512,7,3248.2,10,3,3248.5,5,3,3249.1,102,1,3249.4,44,2,3249.5,106,4
11536,2025-12-30 11:31:40+05:30,3248.2,7,3249.43,564840,104784.0,113420.0,3250.0,3257.0,3239.8,3251.5,42308525,3576.6,2926.4,4322.95,2866.6,3248.1,53,1,3248.0,18,1,3247.9,10,2,3247.8,9,2,3247.7,49,4,3248.2,6,5,3248.5,4,2,3248.9,102,1,3249.2,3,1,3249.4,44,2
11536,2025-12-30 11:31:40+05:30,3248.2,7,3249.43,564840,104784.0,113420.0,3250.0,3257.0,3239.8,3251.5,42308525,3576.6,2926.4,4322.95,2866.6,3248.1,53,1,3248.0,18,1,3247.9,10,2,3247.8,9,2,3247.7,49,4,3248.2,6,5,3248.5,4,2,3248.9,102,1,3249.2,3,1,3249.4,44,2
11536,2025-12-30 11:31:41+05:30,3248.1,6,3249.43,564840,104784.0,113420.0,3250.0,3257.0,3239.8,3251.5,42308525,3576.6,2926.4,4322.95,2866.6,3248.1,53,1,3248.0,18,1,3247.9,10,2,3247.8,9,2,3247.7,49,4,3248.2,6,5,3248.5,4,2,3248.9,102,1,3249.2,3,1,3249.4,44,2
11536,2025-12-30 11:31:41+05:30,3248.1,6,3249.43,564888,104520.0,113603.0,3250.0,3257.0,3239.8,3251.5,42308525,3576.6,2926.4,4322.95,2866.6,3248.1,15,2,3248.0,18,1,3247.9,10,2,3247.8,35,3,3247.7,13,2,3248.2,6,5,3249.0,102,1,3249.2,3,1,3249.4,44,2,3249.5,106,4
11536,2025-12-30 11:31:42+05:30,3248.0,7,3249.43,564888,104520.0,113603.0,3250.0,3257.0,3239.8,3251.5,42308525,3576.6,2926.4,4322.95,2866.6,3248.1,15,2,3248.0,18,1,3247.9,10,2,3247.8,35,3,3247.7,13,2,3248.2,6,5,3249.0,102,1,3249.2,3,1,3249.4,44,2,3249.5,106,4
11536,2025-12-30 11:31:42+05:30,3248.1,8,3249.43,564909,104489.0,112893.0,3250.0,3257.0,3239.8,3251.5,42308525,3576.6,2926.4,4322.95,2866.6,3248.1,3,1,3247.9,35,4,3247.8,27,3,3247.7,52,4,3247.6,228,7,3248.2,5,5,3248.5,2,2,3249.0,102,1,3249.2,3,1,3249.4,44,2
11536,2025-12-30 11:31:43+05:30,3248.1,1,3249.43,564909,104489.0,112893.0,3250.0,3257.0,3239.8,3251.5,42308525,3576.6,2926.4,4322.95,2866.6,3248.1,3,1,3247.9,35,4,3247.8,27,3,3247.7,52,4,3247.6,228,7,3248.2,5,5,3248.5,2,2,3249.0,102,1,3249.2,3,1,3249.4,44,2
11536,2025-12-30 11:31:43+05:30,3248.1,6,3249.43,564955,104209.0,113557.0,3250.0,3257.0,3239.8,3251.5,42308525,3576.6,2926.4,4322.95,2866.6,3248.1,5,1,3247.9,21,3,3247.8,9,2,3247.7,13,2,3247.6,72,6,3248.2,4,4,3248.5,2,2,3248.8,102,1,3249.2,41,2,3249.3,77,2
11536,2025-12-30 11:31:44+05:30,3248.1,6,3249.43,564955,104209.0,113557.0,3250.0,3257.0,3239.8,3251.5,42308525,3576.6,2926.4,4322.95,2866.6,3248.1,5,1,3247.9,21,3,3247.8,9,2,3247.7,13,2,3247.6,72,6,3248.2,4,4,3248.5,2,2,3248.8,102,1,3249.2,41,2,3249.3,77,2
11536,2025-12-30 11:31:44+05:30,3248.1,2,3249.43,564962,104271.0,116716.0,3250.0,3257.0,3239.8,3251.5,42308525,3576.6,2926.4,4322.95,2866.6,3248.1,26,2,3247.9,10,2,3247.8,21,3,3247.7,13,2,3247.6,72,6,3248.2,5,4,3248.5,2,2,3248.8,102,1,3249.2,41,2,3249.3,94,3
11536,2025-12-30 11:31:45+05:30,3248.2,1,3249.43,564962,104271.0,116716.0,3250.0,3257.0,3239.8,3251.5,42308525,3576.6,2926.4,4322.95,2866.6,3248.1,26,2,3247.9,10,2,3247.8,21,3,3247.7,13,2,3247.6,72,6,3248.2,5,4,3248.5,2,2,3248.8,102,1,3249.2,41,2,3249.3,94,3
11536,2025-12-30 11:31:45+05:30,3248.1,6,3249.43,564980,104448.0,116725.0,3250.0,3257.0,3239.8,3251.5,42308525,3576.6,2926.4,4322.95,2866.6,3248.1,11,1,3247.9,32,4,3247.8,25,3,3247.7,59,4,3247.6,72,6,3248.2,4,4,3248.5,2,2,3248.8,102,1,3249.2,41,2,3249.3,77,2
11536,2025-12-30 11:31:46+05:30,3248.1,6,3249.43,564980,104448.0,116725.0,3250.0,3257.0,3239.8,3251.5,42308525,3576.6,2926.4,4322.95,2866.6,3248.1,11,1,3247.9,32,4,3247.8,25,3,3247.7,59,4,3247.6,72,6,3248.2,4,4,3248.5,2,2,3248.8,102,1,3249.2,41,2,3249.3,77,2
11536,2025-12-30 11:31:46+05:30,3248.2,1,3249.43,564986,104410.0,116741.0,3250.0,3257.0,3239.8,3251.5,42308525,3576.6,2926.4,4322.95,2866.6,3248.1,6,1,3247.9,19,3,3247.8,25,3,3247.7,33,3,3247.6,58,5,3248.2,2,2,3248.5,2,2,3248.8,102,1,3249.2,41,2,3249.3,77,2
11536,2025-12-30 11:31:47+05:30,3248.1,76,3249.43,564986,104410.0,116741.0,3250.0,3257.0,3239.8,3251.5,42308525,3576.6,2926.4,4322.95,2866.6,3248.1,6,1,3247.9,19,3,3247.8,25,3,3247.7,33,3,3247.6,58,5,3248.2,2,2,3248.5,2,2,3248.8,102,1,3249.2,41,2,3249.3,77,2
11536,2025-12-30 11:31:47+05:30,3248.1,5,3249.43,565067,104398.0,116737.0,3250.0,3257.0,3239.8,3251.5,42308525,3576.6,2926.4,4322.95,2866.6,3248.1,16,2,3247.9,19,3,3247.8,9,2,3247.7,13,2,3247.6,58,5,3248.2,8,5,3248.3,102,1,3248.5,2,2,3248.8,59,2,3248.9,38,1
11536,2025-12-30 11:31:48+05:30,3248.1,5,3249.43,565067,104398.0,116737.0,3250.0,3257.0,3239.8,3251.5,42308525,3576.6,2926.4,4322.95,2866.6,3248.1,16,2,3247.9,19,3,3247.8,9,2,3247.7,13,2,3247.6,58,5,3248.2,8,5,3248.3,102,1,3248.5,2,2,3248.8,59,2,3248.9,38,1
11536,2025-12-30 11:31:48+05:30,3248.1,3,3249.43,565075,104152.0,117676.0,3250.0,3257.0,3239.8,3251.5,42308525,3576.6,2926.4,4322.95,2866.6,3248.1,17,3,3247.9,10,2,3247.8,9,2,3247.7,13,2,3247.6,31,2,3248.2,44,8,3248.3,102,1,3248.4,26,1,3248.5,2,2,3248.6,33,1
11536,2025-12-30 11:31:49+05:30,3248.1,5,3249.43,565075,104152.0,117676.0,3250.0,3257.0,3239.8,3251.5,42308525,3576.6,2926.4,4322.95,2866.6,3248.1,17,3,3247.9,10,2,3247.8,9,2,3247.7,13,2,3247.6,31,2,3248.2,44,8,3248.3,102,1,3248.4,26,1,3248.5,2,2,3248.6,33,1
11536,2025-12-30 11:31:49+05:30,3248.1,5,3249.43,565109,104186.0,118691.0,3250.0,3257.0,3239.8,3251.5,42308525,3576.6,2926.4,4322.95,2866.6,3248.1,12,2,3247.9,19,3,3247.8,9,2,3247.7,13,2,3247.6,31,2,3248.2,44,10,3248.3,102,1,3248.4,26,1,3248.5,284,3,3248.6,33,1
11536,2025-12-30 11:31:50+05:30,3248.1,3,3249.43,565109,104186.0,118691.0,3250.0,3257.0,3239.8,3251.5,42308525,3576.6,2926.4,4322.95,2866.6,3248.1,12,2,3247.9,19,3,3247.8,9,2,3247.7,13,2,3247.6,31,2,3248.2,44,10,3248.3,102,1,3248.4,26,1,3248.5,284,3,3248.6,33,1
11536,2025-12-30 11:31:50+05:30,3248.1,1,3249.43,565126,103825.0,118777.0,3250.0,3257.0,3239.8,3251.5,42308525,3576.6,2926.4,4322.95,2866.6,3248.1,12,2,3247.9,10,2,3247.8,9,2,3247.7,13,2,3247.6,11,1,3248.2,40,7,3248.3,102,1,3248.5,322,4,3248.6,44,2,3248.7,38,1
11536,2025-12-30 11:31:51+05:30,3248.1,3,3249.43,565126,103825.0,118777.0,3250.0,3257.0,3239.8,3251.5,42308525,3576.6,2926.4,4322.95,2866.6,3248.1,12,2,3247.9,10,2,3247.8,9,2,3247.7,13,2,3247.6,11,1,3248.2,40,7,3248.3,102,1,3248.5,322,4,3248.6,44,2,3248.7,38,1
11536,2025-12-30 11:31:51+05:30,3248.1,3,3249.43,565126,103825.0,118777.0,3250.0,3257.0,3239.8,3251.5,42308525,3576.6,2926.4,4322.95,2866.6,3248.1,12,2,3247.9,10,2,3247.8,9,2,3247.7,13,2,3247.6,11,1,3248.2,40,7,3248.3,102,1,3248.5,322,4,3248.6,44,2,3248.7,38,1
11536,2025-12-30 11:31:51+05:30,3248.1,7,3249.43,565138,103883.0,120832.0,3250.0,3257.0,3239.8,3251.5,42308525,3576.6,2926.4,4322.95,2866.6,3248.1,55,3,3247.9,10,2,3247.8,9,2,3247.7,13,2,3247.6,11,1,3248.2,47,11,3248.3,102,1,3248.5,328,5,3248.7,69,2,3248.8,27,2
11536,2025-12-30 11:31:52+05:30,3248.1,1,3249.43,565138,103883.0,120832.0,3250.0,3257.0,3239.8,3251.5,42308525,3576.6,2926.4,4322.95,2866.6,3248.1,55,3,3247.9,10,2,3247.8,9,2,3247.7,13,2,3247.6,11,1,3248.2,47,11,3248.3,102,1,3248.5,328,5,3248.7,69,2,3248.8,27,2
11536,2025-12-30 11:31:52+05:30,3248.1,4,3249.43,565149,103882.0,120882.0,3250.0,3257.0,3239.8,3251.5,42308525,3576.6,2926.4,4322.95,2866.6,3248.1,35,2,3247.9,20,3,3247.8,9,2,3247.7,13,2,3247.6,11,1,3248.2,45,10,3248.3,102,1,3248.5,310,4,3248.7,87,3,3248.8,10,1
11536,2025-12-30 11:31:52+05:30,3248.1,4,3249.43,565149,103882.0,120882.0,3250.0,3257.0,3239.8,3251.5,42308525,3576.6,2926.4,4322.95,2866.6,3248.1,35,2,3247.9,20,3,3247.8,9,2,3247.7,13,2,3247.6,11,1,3248.2,45,10,3248.3,102,1,3248.5,310,4,3248.7,87,3,3248.8,10,1
11536,2025-12-30 11:31:53+05:30,3248.1,22,3249.43,565149,103882.0,120882.0,3250.0,3257.0,3239.8,3251.5,42308525,3576.6,2926.4,4322.95,2866.6,3248.1,35,2,3247.9,20,3,3247.8,9,2,3247.7,13,2,3247.6,11,1,3248.2,45,10,3248.3,102,1,3248.5,310,4,3248.7,87,3,3248.8,10,1
11536,2025-12-30 11:31:53+05:30,3248.2,1,3249.43,565173,103854.0,120902.0,3250.0,3257.0,3239.8,3251.5,42308525,3576.6,2926.4,4322.95,2866.6,3248.1,22,3,3248.0,9,1,3247.9,10,2,3247.8,9,2,3247.7,13,2,3248.2,43,11,3248.3,102,1,3248.5,310,4,3248.7,87,3,3248.8,10,1
11536,2025-12-30 11:31:53+05:30,3248.2,1,3249.43,565173,103854.0,120902.0,3250.0,3257.0,3239.8,3251.5,42308525,3576.6,2926.4,4322.95,2866.6,3248.1,22,3,3248.0,9,1,3247.9,10,2,3247.8,9,2,3247.7,13,2,3248.2,43,11,3248.3,102,1,3248.5,310,4,3248.7,87,3,3248.8,10,1
11536,2025-12-30 11:31:54+05:30,3248.1,5,3249.43,565173,103854.0,120902.0,3250.0,3257.0,3239.8,3251.5,42308525,3576.6,2926.4,4322.95,2866.6,3248.1,22,3,3248.0,9,1,3247.9,10,2,3247.8,9,2,3247.7,13,2,3248.2,43,11,3248.3,102,1,3248.5,310,4,3248.7,87,3,3248.8,10,1
11536,2025-12-30 11:31:54+05:30,3248.2,1,3249.43,565230,103986.0,120046.0,3250.0,3257.0,3239.8,3251.5,42308525,3576.6,2926.4,4322.95,2866.6,3248.1,12,2,3248.0,9,1,3247.9,10,2,3247.8,9,2,3247.7,13,2,3248.2,5,5,3248.3,102,1,3248.5,284,3,3248.7,26,1,3248.9,65,3
11536,2025-12-30 11:31:54+05:30,3248.2,1,3249.43,565230,103986.0,120046.0,3250.0,3257.0,3239.8,3251.5,42308525,3576.6,2926.4,4322.95,2866.6,3248.1,12,2,3248.0,9,1,3247.9,10,2,3247.8,9,2,3247.7,13,2,3248.2,5,5,3248.3,102,1,3248.5,284,3,3248.7,26,1,3248.9,65,3
11536,2025-12-30 11:31:55+05:30,3248.2,1,3249.43,565230,103986.0,120046.0,3250.0,3257.0,3239.8,3251.5,42308525,3576.6,2926.4,4322.95,2866.6,3248.1,12,2,3248.0,9,1,3247.9,10,2,3247.8,9,2,3247.7,13,2,3248.2,5,5,3248.3,102,1,3248.5,284,3,3248.7,26,1,3248.9,65,3
11536,2025-12-30 11:31:55+05:30,3248.1,5,3249.43,565238,104023.0,119802.0,3250.0,3257.0,3239.8,3251.5,42308525,3576.6,2926.4,4322.95,2866.6,3248.1,2,1,3248.0,9,1,3247.9,19,3,3247.8,9,2,3247.7,13,2,3248.2,8,7,3248.3,102,1,3248.5,2,2,3248.7,26,1,3248.9,96,4
11536,2025-12-30 11:31:55+05:30,3248.1,5,3249.43,565238,104023.0,119802.0,3250.0,3257.0,3239.8,3251.5,42308525,3576.6,2926.4,4322.95,2866.6,3248.1,2,1,3248.0,9,1,3247.9,19,3,3247.8,9,2,3247.7,13,2,3248.2,8,7,3248.3,102,1,3248.5,2,2,3248.7,26,1,3248.9,96,4
11536,2025-12-30 11:31:56+05:30,3248.1,5,3249.43,565238,104023.0,119802.0,3250.0,3257.0,3239.8,3251.5,42308525,3576.6,2926.4,4322.95,2866.6,3248.1,2,1,3248.0,9,1,3247.9,19,3,3247.8,9,2,3247.7,13,2,3248.2,8,7,3248.3,102,1,3248.5,2,2,3248.7,26,1,3248.9,96,4
11536,2025-12-30 11:31:56+05:30,3248.1,5,3249.43,565238,104023.0,119802.0,3250.0,3257.0,3239.8,3251.5,42308525,3576.6,2926.4,4322.95,2866.6,3248.1,2,1,3248.0,9,1,3247.9,19,3,3247.8,9,2,3247.7,13,2,3248.2,8,7,3248.3,102,1,3248.5,2,2,3248.7,26,1,3248.9,96,4
11536,2025-12-30 11:31:56+05:30,3248.1,2,3249.43,565257,104066.0,118317.0,3250.0,3257.0,3239.8,3251.5,42308525,3576.6,2926.4,4322.95,2866.6,3248.1,52,2,3247.9,14,3,3247.8,9,2,3247.7,13,2,3247.6,11,1,3248.2,6,6,3248.3,102,1,3248.5,2,2,3248.7,26,1,3248.9,65,3
11536,2025-12-30 11:31:57+05:30,3248.1,35,3249.43,565257,104066.0,118317.0,3250.0,3257.0,3239.8,3251.5,42308525,3576.6,2926.4,4322.95,2866.6,3248.1,52,2,3247.9,14,3,3247.8,9,2,3247.7,13,2,3247.6,11,1,3248.2,6,6,3248.3,102,1,3248.5,2,2,3248.7,26,1,3248.9,65,3
11536,2025-12-30 11:31:57+05:30,3248.1,35,3249.43,565257,104066.0,118317.0,3250.0,3257.0,3239.8,3251.5,42308525,3576.6,2926.4,4322.95,2866.6,3248.1,52,2,3247.9,14,3,3247.8,9,2,3247.7,13,2,3247.6,11,1,3248.2,6,6,3248.3,102,1,3248.5,2,2,3248.7,26,1,3248.9,65,3
11536,2025-12-30 11:31:57+05:30,3248.2,1,3249.43,565344,104023.0,119747.0,3250.0,3257.0,3239.8,3251.5,42308525,3576.6,2926.4,4322.95,2866.6,3248.1,13,2,3247.9,10,2,3247.8,9,2,3247.7,13,2,3247.6,11,1,3248.2,9,6,3248.3,102,1,3248.5,2,2,3248.6,26,1,3248.7,87,3
11536,2025-12-30 11:31:58+05:30,3248.1,2,3249.43,565344,104023.0,119747.0,3250.0,3257.0,3239.8,3251.5,42308525,3576.6,2926.4,4322.95,2866.6,3248.1,13,2,3247.9,10,2,3247.8,9,2,3247.7,13,2,3247.6,11,1,3248.2,9,6,3248.3,102,1,3248.5,2,2,3248.6,26,1,3248.7,87,3
11536,2025-12-30 11:31:58+05:30,3248.1,2,3249.43,565344,104023.0,119747.0,3250.0,3257.0,3239.8,3251.5,42308525,3576.6,2926.4,4322.95,2866.6,3248.1,13,2,3247.9,10,2,3247.8,9,2,3247.7,13,2,3247.6,11,1,3248.2,9,6,3248.3,102,1,3248.5,2,2,3248.6,26,1,3248.7,87,3
11536,2025-12-30 11:31:58+05:30,3248.0,11,3249.43,565392,104051.0,119801.0,3250.0,3257.0,3239.8,3251.5,42308525,3576.6,2926.4,4322.95,2866.6,3248.1,9,1,3248.0,17,1,3247.9,10,2,3247.8,9,2,3247.7,13,2,3248.2,7,3,3248.3,102,1,3248.5,2,2,3248.6,26,1,3248.7,31,1
11536,2025-12-30 11:31:58+05:30,3248.0,11,3249.43,565392,104051.0,119801.0,3250.0,3257.0,3239.8,3251.5,42308525,3576.6,2926.4,4322.95,2866.6,3248.1,9,1,3248.0,17,1,3247.9,10,2,3247.8,9,2,3247.7,13,2,3248.2,7,3,3248.3,102,1,3248.5,2,2,3248.6,26,1,3248.7,31,1
11536,2025-12-30 11:31:59+05:30,3248.1,11,3249.43,565392,104051.0,119801.0,3250.0,3257.0,3239.8,3251.5,42308525,3576.6,2926.4,4322.95,2866.6,3248.1,9,1,3248.0,17,1,3247.9,10,2,3247.8,9,2,3247.7,13,2,3248.2,7,3,3248.3,102,1,3248.5,2,2,3248.6,26,1,3248.7,31,1
11536,2025-12-30 11:31:59+05:30,3248.1,11,3249.43,565392,104051.0,119801.0,3250.0,3257.0,3239.8,3251.5,42308525,3576.6,2926.4,4322.95,2866.6,3248.1,9,1,3248.0,17,1,3247.9,10,2,3247.8,9,2,3247.7,13,2,3248.2,7,3,3248.3,102,1,3248.5,2,2,3248.6,26,1,3248.7,31,1
11536,2025-12-30 11:31:59+05:30,3248.1,11,3249.43,565404,104013.0,120842.0,3250.0,3257.0,3239.8,3251.5,42308525,3576.6,2926.4,4322.95,2866.6,3248.0,17,1,3247.9,10,2,3247.8,9,2,3247.7,13,2,3247.6,11,1,3248.2,8,6,3248.3,102,1,3248.5,2,2,3248.6,26,1,3248.8,47,2
11536,2025-12-30 11:31:59+05:30,3248.1,11,3249.43,565404,104013.0,120842.0,3250.0,3257.0,3239.8,3251.5,42308525,3576.6,2926.4,4322.95,2866.6,3248.0,17,1,3247.9,10,2,3247.8,9,2,3247.7,13,2,3247.6,11,1,3248.2,8,6,3248.3,102,1,3248.5,2,2,3248.6,26,1,3248.8,47,2
11536,2025-12-30 11:32:00+05:30,3248.0,4,3249.43,565404,104013.0,120842.0,3250.0,3257.0,3239.8,3251.5,42308525,3576.6,2926.4,4322.95,2866.6,3248.0,17,1,3247.9,10,2,3247.8,9,2,3247.7,13,2,3247.6,11,1,3248.2,8,6,3248.3,102,1,3248.5,2,2,3248.6,26,1,3248.8,47,2
11536,2025-12-30 11:32:00+05:30,3248.0,2,3249.43,565423,103991.0,120878.0,3250.0,3257.0,3239.8,3251.5,42308525,3576.6,2926.4,4322.95,2866.6,3248.0,4,1,3247.9,10,2,3247.8,9,2,3247.7,13,2,3247.6,11,1,3248.2,6,6,3248.3,120,2,3248.5,2,2,3248.6,44,2,3248.7,29,1
11536,2025-12-30 11:32:01+05:30,3248.0,2,3249.43,565423,103991.0,120878.0,3250.0,3257.0,3239.8,3251.5,42308525,3576.6,2926.4,4322.95,2866.6,3248.0,4,1,3247.9,10,2,3247.8,9,2,3247.7,13,2,3247.6,11,1,3248.2,6,6,3248.3,120,2,3248.5,2,2,3248.6,44,2,3248.7,29,1
11536,2025-12-30 11:32:01+05:30,3248.0,2,3249.43,565423,103991.0,120878.0,3250.0,3257.0,3239.8,3251.5,42308525,3576.6,2926.4,4322.95,2866.6,3248.0,4,1,3247.9,10,2,3247.8,9,2,3247.7,13,2,3247.6,11,1,3248.2,6,6,3248.3,120,2,3248.5,2,2,3248.6,44,2,3248.7,29,1
11536,2025-12-30 11:32:01+05:30,3248.0,6,3249.43,565435,103980.0,120882.0,3250.0,3257.0,3239.8,3251.5,42308525,3576.6,2926.4,4322.95,2866.6,3248.0,6,1,3247.9,10,2,3247.8,9,2,3247.7,13,2,3247.6,11,1,3248.2,7,7,3248.3,102,1,3248.5,45,4,3248.6,29,1,3248.7,36,1
11536,2025-12-30 11:32:02+05:30,3248.0,6,3249.43,565435,103980.0,120882.0,3250.0,3257.0,3239.8,3251.5,42308525,3576.6,2926.4,4322.95,2866.6,3248.0,6,1,3247.9,10,2,3247.8,9,2,3247.7,13,2,3247.6,11,1,3248.2,7,7,3248.3,102,1,3248.5,45,4,3248.6,29,1,3248.7,36,1
11536,2025-12-30 11:32:02+05:30,3248.0,6,3249.43,565435,103980.0,120882.0,3250.0,3257.0,3239.8,3251.5,42308525,3576.6,2926.4,4322.95,2866.6,3248.0,6,1,3247.9,10,2,3247.8,9,2,3247.7,13,2,3247.6,11,1,3248.2,7,7,3248.3,102,1,3248.5,45,4,3248.6,29,1,3248.7,36,1
11536,2025-12-30 11:32:02+05:30,3248.3,16,3249.43,565465,104270.0,120879.0,3250.0,3257.0,3239.8,3251.5,42308525,3576.6,2926.4,4322.95,2866.6,3248.0,1,1,3247.9,10,2,3247.8,9,2,3247.7,13,2,3247.6,32,2,3248.4,86,1,3248.5,45,4,3248.6,29,1,3248.7,36,1,3248.8,16,1
11536,2025-12-30 11:32:03+05:30,3248.3,16,3249.43,565465,104270.0,120879.0,3250.0,3257.0,3239.8,3251.5,42308525,3576.6,2926.4,4322.95,2866.6,3248.0,1,1,3247.9,10,2,3247.8,9,2,3247.7,13,2,3247.6,32,2,3248.4,86,1,3248.5,45,4,3248.6,29,1,3248.7,36,1,3248.8,16,1
11536,2025-12-30 11:32:03+05:30,3248.3,16,3249.43,565465,104276.0,121178.0,3250.0,3257.0,3239.8,3251.5,42308525,3576.6,2926.4,4322.95,2866.6,3248.0,1,1,3247.9,10,2,3247.8,9,2,3247.7,13,2,3247.6,11,1,3248.3,86,1,3248.4,284,3,3248.5,45,4,3248.6,29,1,3248.7,36,1
11536,2025-12-30 11:32:04+05:30,3248.3,16,3249.43,565465,104276.0,121178.0,3250.0,3257.0,3239.8,3251.5,42308525,3576.6,2926.4,4322.95,2866.6,3248.0,1,1,3247.9,10,2,3247.8,9,2,3247.7,13,2,3247.6,11,1,3248.3,86,1,3248.4,284,3,3248.5,45,4,3248.6,29,1,3248.7,36,1
11536,2025-12-30 11:32:04+05:30,3248.3,16,3249.43,565465,104120.0,121176.0,3250.0,3257.0,3239.8,3251.5,42308525,3576.6,2926.4,4322.95,2866.6,3247.9,11,3,3247.8,9,2,3247.7,13,2,3247.6,11,1,3247.5,18,2,3248.3,86,1,3248.4,2,2,3248.5,27,3,3248.6,282,1,3248.7,53,2
11536,2025-12-30 11:32:05+05:30,3248.3,1,3249.43,565465,104120.0,121176.0,3250.0,3257.0,3239.8,3251.5,42308525,3576.6,2926.4,4322.95,2866.6,3247.9,11,3,3247.8,9,2,3247.7,13,2,3247.6,11,1,3247.5,18,2,3248.3,86,1,3248.4,2,2,3248.5,27,3,3248.6,282,1,3248.7,53,2
11536,2025-12-30 11:32:05+05:30,3248.3,1,3249.43,565475,103902.0,121218.0,3250.0,3257.0,3239.8,3251.5,42308525,3576.6,2926.4,4322.95,2866.6,3247.9,7,3,3247.8,9,2,3247.7,13,2,3247.6,11,1,3247.5,18,2,3248.3,87,3,3248.4,1,1,3248.5,45,4,3248.6,282,1,3248.7,65,2
11536,2025-12-30 11:32:06+05:30,3247.9,3,3249.43,565475,103902.0,121218.0,3250.0,3257.0,3239.8,3251.5,42308525,3576.6,2926.4,4322.95,2866.6,3247.9,7,3,3247.8,9,2,3247.7,13,2,3247.6,11,1,3247.5,18,2,3248.3,87,3,3248.4,1,1,3248.5,45,4,3248.6,282,1,3248.7,65,2
11536,2025-12-30 11:32:06+05:30,3247.9,3,3249.43,565475,103902.0,121218.0,3250.0,3257.0,3239.8,3251.5,42308525,3576.6,2926.4,4322.95,2866.6,3247.9,7,3,3247.8,9,2,3247.7,13,2,3247.6,11,1,3247.5,18,2,3248.3,87,3,3248.4,1,1,3248.5,45,4,3248.6,282,1,3248.7,65,2
11536,2025-12-30 11:32:06+05:30,3248.2,3,3249.43,565483,104165.0,120977.0,3250.0,3257.0,3239.8,3251.5,42308525,3576.6,2926.4,4322.95,2866.6,3248.0,6,1,3247.9,71,4,3247.8,9,2,3247.7,13,2,3247.6,11,1,3248.2,5,1,3248.3,89,5,3248.5,2,2,3248.6,282,1,3248.7,79,3
11536,2025-12-30 11:32:07+05:30,3248.2,3,3249.43,565483,104165.0,120977.0,3250.0,3257.0,3239.8,3251.5,42308525,3576.6,2926.4,4322.95,2866.6,3248.0,6,1,3247.9,71,4,3247.8,9,2,3247.7,13,2,3247.6,11,1,3248.2,5,1,3248.3,89,5,3248.5,2,2,3248.6,282,1,3248.7,79,3
11536,2025-12-30 11:32:07+05:30,3248.2,3,3249.43,565483,104165.0,120977.0,3250.0,3257.0,3239.8,3251.5,42308525,3576.6,2926.4,4322.95,2866.6,3248.0,6,1,3247.9,71,4,3247.8,9,2,3247.7,13,2,3247.6,11,1,3248.2,5,1,3248.3,89,5,3248.5,2,2,3248.6,282,1,3248.7,79,3
11536,2025-12-30 11:32:07+05:30,3248.0,3,3249.43,565486,104198.0,121043.0,3250.0,3257.0,3239.8,3251.5,42308525,3576.6,2926.4,4322.95,2866.6,3248.0,3,1,3247.9,71,4,3247.8,9,2,3247.7,13,2,3247.6,11,1,3248.2,8,4,3248.3,88,4,3248.5,27,3,3248.6,300,2,3248.7,65,2
11536,2025-12-30 11:32:08+05:30,3248.0,1,3249.43,565486,104198.0,121043.0,3250.0,3257.0,3239.8,3251.5,42308525,3576.6,2926.4,4322.95,2866.6,3248.0,3,1,3247.9,71,4,3247.8,9,2,3247.7,13,2,3247.6,11,1,3248.2,8,4,3248.3,88,4,3248.5,27,3,3248.6,300,2,3248.7,65,2
11536,2025-12-30 11:32:08+05:30,3248.0,28,3249.43,565516,103921.0,121049.0,3250.0,3257.0,3239.8,3251.5,42308525,3576.6,2926.4,4322.95,2866.6,3247.9,71,4,3247.8,9,2,3247.7,13,2,3247.6,11,1,3247.5,18,2,3248.0,8,1,3248.2,36,5,3248.3,86,2,3248.4,307,2,3248.5,2,2
11536,2025-12-30 11:32:09+05:30,3247.9,1,3249.43,565516,103921.0,121049.0,3250.0,3257.0,3239.8,3251.5,42308525,3576.6,2926.4,4322.95,2866.6,3247.9,71,4,3247.8,9,2,3247.7,13,2,3247.6,11,1,3247.5,18,2,3248.0,8,1,3248.2,36,5,3248.3,86,2,3248.4,307,2,3248.5,2,2
11536,2025-12-30 11:32:09+05:30,3247.9,1,3249.43,565516,103921.0,121049.0,3250.0,3257.0,3239.8,3251.5,42349475,3576.6,2926.4,4322.95,2866.6,3247.9,71,4,3247.8,9,2,3247.7,13,2,3247.6,11,1,3247.5,18,2,3248.0,8,1,3248.2,36,5,3248.3,86,2,3248.4,307,2,3248.5,2,2
11536,2025-12-30 11:32:09+05:30,3247.9,34,3249.43,565728,103888.0,121513.0,3250.0,3257.0,3239.8,3251.5,42349475,3576.6,2926.4,4322.95,2866.6,3247.9,40,4,3247.8,9,2,3247.7,13,2,3247.6,11,1,3247.5,18,2,3248.3,175,1,3248.4,54,2,3248.5,2,2,3248.7,36,1,3248.8,16,1
11536,2025-12-30 11:32:10+05:30,3247.9,34,3249.43,565728,103888.0,121513.0,3250.0,3257.0,3239.8,3251.5,42349475,3576.6,2926.4,4322.95,2866.6,3247.9,40,4,3247.8,9,2,3247.7,13,2,3247.6,11,1,3247.5,18,2,3248.3,175,1,3248.4,54,2,3248.5,2,2,3248.7,36,1,3248.8,16,1
11536,2025-12-30 11:32:11+05:30,3247.9,8,3249.43,565909,103809.0,120271.0,3250.0,3257.0,3239.8,3251.5,42349475,3576.6,2926.4,4322.95,2866.6,3247.9,79,5,3247.8,9,2,3247.7,13,2,3247.6,11,1,3247.5,34,3,3248.3,20,5,3248.5,4,3,3248.7,24,1,3248.8,29,1,3249.1,18,1
11536,2025-12-30 11:32:11+05:30,3247.9,8,3249.43,565909,103809.0,120271.0,3250.0,3257.0,3239.8,3251.5,42349475,3576.6,2926.4,4322.95,2866.6,3247.9,79,5,3247.8,9,2,3247.7,13,2,3247.6,11,1,3247.5,34,3,3248.3,20,5,3248.5,4,3,3248.7,24,1,3248.8,29,1,3249.1,18,1
11536,2025-12-30 11:32:11+05:30,3247.9,8,3249.43,565909,103809.0,120271.0,3250.0,3257.0,3239.8,3251.5,42349475,3576.6,2926.4,4322.95,2866.6,3247.9,79,5,3247.8,9,2,3247.7,13,2,3247.6,11,1,3247.5,34,3,3248.3,20,5,3248.5,4,3,3248.7,24,1,3248.8,29,1,3249.1,18,1
11536,2025-12-30 11:32:11+05:30,3247.9,1,3249.43,565910,103788.0,120302.0,3250.0,3257.0,3239.8,3251.5,42349475,3576.6,2926.4,4322.95,2866.6,3247.9,78,5,3247.8,9,2,3247.7,13,2,3247.6,11,1,3247.5,34,3,3248.3,20,5,3248.5,4,3,3248.6,24,1,3248.7,29,1,3249.0,54,2
11536,2025-12-30 11:32:12+05:30,3247.9,21,3249.43,565910,103788.0,120302.0,3250.0,3257.0,3239.8,3251.5,42349475,3576.6,2926.4,4322.95,2866.6,3247.9,78,5,3247.8,9,2,3247.7,13,2,3247.6,11,1,3247.5,34,3,3248.3,20,5,3248.5,4,3,3248.6,24,1,3248.7,29,1,3249.0,54,2
11536,2025-12-30 11:32:12+05:30,3248.2,2,3249.43,566018,103726.0,120729.0,3250.0,3257.0,3239.8,3251.5,42349475,3576.6,2926.4,4322.95,2866.6,3247.9,19,3,3247.8,9,2,3247.7,13,2,3247.6,11,1,3247.5,34,3,3248.3,11,5,3248.4,175,1,3248.5,4,3,3248.6,53,2,3249.0,18,1
11536,2025-12-30 11:32:13+05:30,3247.9,1,3249.43,566018,103726.0,120729.0,3250.0,3257.0,3239.8,3251.5,42349475,3576.6,2926.4,4322.95,2866.6,3247.9,19,3,3247.8,9,2,3247.7,13,2,3247.6,11,1,3247.5,34,3,3248.3,11,5,3248.4,175,1,3248.5,4,3,3248.6,53,2,3249.0,18,1
11536,2025-12-30 11:32:14+05:30,3248.3,1,3249.43,566018,103726.0,120729.0,3250.0,3257.0,3239.8,3251.5,42349475,3576.6,2926.4,4322.95,2866.6,3247.9,19,3,3247.8,9,2,3247.7,13,2,3247.6,11,1,3247.5,34,3,3248.3,11,5,3248.4,175,1,3248.5,4,3,3248.6,53,2,3249.0,18,1
11536,2025-12-30 11:32:14+05:30,3248.3,1,3249.43,566073,103750.0,121203.0,3250.0,3257.0,3239.8,3251.5,42349475,3576.6,2926.4,4322.95,2866.6,3247.9,12,3,3247.8,9,2,3247.7,13,2,3247.6,11,1,3247.5,18,2,3248.3,9,8,3248.4,199,2,3248.5,4,3,3248.6,311,2,3248.8,18,1
11536,2025-12-30 11:32:15+05:30,3248.3,1,3249.43,566073,103750.0,121203.0,3250.0,3257.0,3239.8,3251.5,42349475,3576.6,2926.4,4322.95,2866.6,3247.9,12,3,3247.8,9,2,3247.7,13,2,3247.6,11,1,3247.5,18,2,3248.3,9,8,3248.4,199,2,3248.5,4,3,3248.6,311,2,3248.8,18,1
11536,2025-12-30 11:32:15+05:30,3247.9,3,3249.43,566114,103763.0,121565.0,3250.0,3257.0,3239.8,3251.5,42349475,3576.6,2926.4,4322.95,2866.6,3247.9,28,3,3247.8,9,2,3247.7,13,2,3247.6,11,1,3247.5,18,2,3248.3,207,10,3248.4,19,1,3248.5,208,5,3248.6,300,2,3248.7,47,2
11536,2025-12-30 11:32:16+05:30,3247.9,6,3249.43,566114,103763.0,121565.0,3250.0,3257.0,3239.8,3251.5,42349475,3576.6,2926.4,4322.95,2866.6,3247.9,28,3,3247.8,9,2,3247.7,13,2,3247.6,11,1,3247.5,18,2,3248.3,207,10,3248.4,19,1,3248.5,208,5,3248.6,300,2,3248.7,47,2
11536,2025-12-30 11:32:16+05:30,3248.3,1,3249.42,566143,103742.0,121564.0,3250.0,3257.0,3239.8,3251.5,42349475,3576.6,2926.4,4322.95,2866.6,3247.9,1,1,3247.8,23,3,3247.7,13,2,3247.6,11,1,3247.5,18,2,3248.3,207,10,3248.4,19,1,3248.5,490,6,3248.6,18,1,3248.7,47,2
11536,2025-12-30 11:32:17+05:30,3247.9,13,3249.42,566143,103742.0,121564.0,3250.0,3257.0,3239.8,3251.5,42349475,3576.6,2926.4,4322.95,2866.6,3247.9,1,1,3247.8,23,3,3247.7,13,2,3247.6,11,1,3247.5,18,2,3248.3,207,10,3248.4,19,1,3248.5,490,6,3248.6,18,1,3248.7,47,2
11536,2025-12-30 11:32:17+05:30,3247.8,3,3249.42,566164,102058.0,122194.0,3250.0,3257.0,3239.8,3251.5,42349475,3576.6,2926.4,4322.95,2866.6,3247.8,20,3,3247.7,13,2,3247.6,11,1,3247.5,18,2,3247.4,11,2,3247.9,9,2,3248.2,24,1,3248.3,197,11,3248.4,347,3,3248.5,179,4
11536,2025-12-30 11:32:18+05:30,3247.8,5,3249.42,566164,102058.0,122194.0,3250.0,3257.0,3239.8,3251.5,42349475,3576.6,2926.4,4322.95,2866.6,3247.8,20,3,3247.7,13,2,3247.6,11,1,3247.5,18,2,3247.4,11,2,3247.9,9,2,3248.2,24,1,3248.3,197,11,3248.4,347,3,3248.5,179,4
11536,2025-12-30 11:32:18+05:30,3247.8,4,3249.42,566188,103433.0,122240.0,3250.0,3257.0,3239.8,3251.5,42349475,3576.6,2926.4,4322.95,2866.6,3247.8,19,3,3247.7,13,2,3247.6,11,1,3247.5,18,2,3247.4,11,2,3247.9,14,7,3248.2,24,1,3248.3,221,7,3248.4,318,2,3248.5,179,4
11536,2025-12-30 11:32:19+05:30,3247.8,2,3249.42,566188,103433.0,122240.0,3250.0,3257.0,3239.8,3251.5,42349475,3576.6,2926.4,4322.95,2866.6,3247.8,19,3,3247.7,13,2,3247.6,11,1,3247.5,18,2,3247.4,11,2,3247.9,14,7,3248.2,24,1,3248.3,221,7,3248.4,318,2,3248.5,179,4
11536,2025-12-30 11:32:19+05:30,3247.8,5,3249.42,566268,103138.0,122231.0,3250.0,3257.0,3239.8,3251.5,42349475,3576.6,2926.4,4322.95,2866.6,3247.8,17,3,3247.7,13,2,3247.6,11,1,3247.5,18,2,3247.4,11,2,3247.9,8,7,3248.2,43,2,3248.3,205,3,3248.4,336,3,3248.5,179,4
11536,2025-12-30 11:32:20+05:30,3247.8,2,3249.42,566268,103138.0,122231.0,3250.0,3257.0,3239.8,3251.5,42349475,3576.6,2926.4,4322.95,2866.6,3247.8,17,3,3247.7,13,2,3247.6,11,1,3247.5,18,2,3247.4,11,2,3247.9,8,7,3248.2,43,2,3248.3,205,3,3248.4,336,3,3248.5,179,4
11536,2025-12-30 11:32:20+05:30,3247.8,1,3249.42,566312,103151.0,122202.0,3250.0,3257.0,3239.8,3251.5,42349475,3576.6,2926.4,4322.95,2866.6,3247.8,8,2,3247.7,13,2,3247.6,12,2,3247.5,18,2,3247.4,11,2,3247.9,155,8,3248.1,199,2,3248.2,19,1,3248.3,29,1,3248.4,336,3
11536,2025-12-30 11:32:21+05:30,3247.8,3,3249.42,566312,103151.0,122202.0,3250.0,3257.0,3239.8,3251.5,42349475,3576.6,2926.4,4322.95,2866.6,3247.8,8,2,3247.7,13,2,3247.6,12,2,3247.5,18,2,3247.4,11,2,3247.9,155,8,3248.1,199,2,3248.2,19,1,3248.3,29,1,3248.4,336,3
11536,2025-12-30 11:32:21+05:30,3247.9,5,3249.42,566348,103058.0,122212.0,3250.0,3257.0,3239.8,3251.5,42349475,3576.6,2926.4,4322.95,2866.6,3247.8,54,2,3247.7,13,2,3247.6,12,2,3247.5,18,2,3247.4,11,2,3247.9,148,7,3248.1,199,2,3248.3,29,1,3248.4,336,3,3248.5,4,3
11536,2025-12-30 11:32:22+05:30,3247.9,5,3249.42,566348,103058.0,122212.0,3250.0,3257.0,3239.8,3251.5,42349475,3576.6,2926.4,4322.95,2866.6,3247.8,54,2,3247.7,13,2,3247.6,12,2,3247.5,18,2,3247.4,11,2,3247.9,148,7,3248.1,199,2,3248.3,29,1,3248.4,336,3,3248.5,4,3
11536,2025-12-30 11:32:22+05:30,3247.8,13,3249.42,566371,102999.0,122207.0,3250.0,3257.0,3239.8,3251.5,42349475,3576.6,2926.4,4322.95,2866.6,3247.8,27,1,3247.7,17,3,3247.6,12,2,3247.5,18,2,3247.4,11,2,3247.9,146,7,3248.1,218,3,3248.3,29,1,3248.4,336,3,3248.5,4,3
11536,2025-12-30 11:32:23+05:30,3247.9,24,3249.42,566371,102999.0,122207.0,3250.0,3257.0,3239.8,3251.5,42349475,3576.6,2926.4,4322.95,2866.6,3247.8,27,1,3247.7,17,3,3247.6,12,2,3247.5,18,2,3247.4,11,2,3247.9,146,7,3248.1,218,3,3248.3,29,1,3248.4,336,3,3248.5,4,3
11536,2025-12-30 11:32:23+05:30,3247.8,3,3249.42,566413,102983.0,122061.0,3250.0,3257.0,3239.8,3251.5,42349475,3576.6,2926.4,4322.95,2866.6,3247.8,9,1,3247.7,17,3,3247.6,12,2,3247.5,18,2,3247.4,11,2,3247.9,122,7,3248.1,199,2,3248.3,29,1,3248.4,336,3,3248.5,4,3
11536,2025-12-30 11:32:24+05:30,3247.9,38,3249.42,566413,102983.0,122061.0,3250.0,3257.0,3239.8,3251.5,42349475,3576.6,2926.4,4322.95,2866.6,3247.8,9,1,3247.7,17,3,3247.6,12,2,3247.5,18,2,3247.4,11,2,3247.9,122,7,3248.1,199,2,3248.3,29,1,3248.4,336,3,3248.5,4,3
11536,2025-12-30 11:32:24+05:30,3247.6,27,3249.42,566648,103078.0,121863.0,3250.0,3257.0,3239.8,3251.5,42349475,3576.6,2926.4,4322.95,2866.6,3247.6,11,1,3247.5,18,2,3247.4,11,2,3247.3,7,2,3247.2,5,1,3247.9,5,5,3248.1,175,1,3248.2,28,1,3248.4,360,2,3248.5,28,4
11536,2025-12-30 11:32:25+05:30,3247.9,1,3249.42,566648,103078.0,121863.0,3250.0,3257.0,3239.8,3251.5,42349475,3576.6,2926.4,4322.95,2866.6,3247.6,11,1,3247.5,18,2,3247.4,11,2,3247.3,7,2,3247.2,5,1,3247.9,5,5,3248.1,175,1,3248.2,28,1,3248.4,360,2,3248.5,28,4
11536,2025-12-30 11:32:25+05:30,3247.8,3,3249.42,566661,102905.0,122151.0,3250.0,3257.0,3239.8,3251.5,42349475,3576.6,2926.4,4322.95,2866.6,3247.8,1,1,3247.6,3,1,3247.5,18,2,3247.4,11,2,3247.3,7,2,3247.9,14,5,3248.2,28,1,3248.3,24,1,3248.4,378,3,3248.5,40,4
11536,2025-12-30 11:32:26+05:30,3247.8,5,3249.42,566661,102905.0,122151.0,3250.0,3257.0,3239.8,3251.5,42349475,3576.6,2926.4,4322.95,2866.6,3247.8,1,1,3247.6,3,1,3247.5,18,2,3247.4,11,2,3247.3,7,2,3247.9,14,5,3248.2,28,1,3248.3,24,1,3248.4,378,3,3248.5,40,4
11536,2025-12-30 11:32:26+05:30,3247.8,1,3249.42,566667,102862.0,122395.0,3250.0,3257.0,3239.8,3251.5,42349475,3576.6,2926.4,4322.95,2866.6,3247.6,3,1,3247.5,18,2,3247.4,11,2,3247.3,7,2,3247.2,5,1,3247.7,2,2,3247.9,16,7,3248.1,102,2,3248.2,28,1,3248.3,175,1
11536,2025-12-30 11:32:27+05:30,3247.6,46,3249.42,566667,102862.0,122395.0,3250.0,3257.0,3239.8,3251.5,42349475,3576.6,2926.4,4322.95,2866.6,3247.6,3,1,3247.5,18,2,3247.4,11,2,3247.3,7,2,3247.2,5,1,3247.7,2,2,3247.9,16,7,3248.1,102,2,3248.2,28,1,3248.3,175,1
11536,2025-12-30 11:32:28+05:30,3247.5,3,3249.42,566667,102862.0,122395.0,3250.0,3257.0,3239.8,3251.5,42349475,3576.6,2926.4,4322.95,2866.6,3247.6,3,1,3247.5,18,2,3247.4,11,2,3247.3,7,2,3247.2,5,1,3247.7,2,2,3247.9,16,7,3248.1,102,2,3248.2,28,1,3248.3,175,1
11536,2025-12-30 11:32:30+05:30,3247.5,2,3249.42,566925,101263.0,121666.0,3250.0,3257.0,3239.8,3251.5,42349475,3576.6,2926.4,4322.95,2866.6,3247.5,8,2,3247.4,11,2,3247.3,7,2,3247.2,5,1,3247.1,17,2,3247.6,9,7,3247.7,30,1,3247.9,78,1,3248.0,53,2,3248.1,376,4
11536,2025-12-30 11:32:31+05:30,3247.6,1,3249.42,566925,101263.0,121666.0,3250.0,3257.0,3239.8,3251.5,42349475,3576.6,2926.4,4322.95,2866.6,3247.5,8,2,3247.4,11,2,3247.3,7,2,3247.2,5,1,3247.1,17,2,3247.6,9,7,3247.7,30,1,3247.9,78,1,3248.0,53,2,3248.1,376,4
11536,2025-12-30 11:32:34+05:30,3248.0,5,3249.42,566925,101263.0,121666.0,3250.0,3257.0,3239.8,3251.5,42349475,3576.6,2926.4,4322.95,2866.6,3247.5,8,2,3247.4,11,2,3247.3,7,2,3247.2,5,1,3247.1,17,2,3247.6,9,7,3247.7,30,1,3247.9,78,1,3248.0,53,2,3248.1,376,4
11536,2025-12-30 11:32:35+05:30,3247.6,1,3249.42,567144,102158.0,121825.0,3250.0,3257.0,3239.8,3251.5,42349475,3576.6,2926.4,4322.95,2866.6,3247.5,58,2,3247.4,2,2,3247.3,7,2,3247.2,5,1,3247.1,30,3,3247.6,15,3,3248.0,6,2,3248.1,355,2,3248.2,24,1,3248.3,316,2
11536,2025-12-30 11:32:37+05:30,3247.4,1,3249.42,567144,102158.0,121825.0,3250.0,3257.0,3239.8,3251.5,42349475,3576.6,2926.4,4322.95,2866.6,3247.5,58,2,3247.4,2,2,3247.3,7,2,3247.2,5,1,3247.1,30,3,3247.6,15,3,3248.0,6,2,3248.1,355,2,3248.2,24,1,3248.3,316,2
11536,2025-12-30 11:32:40+05:30,3247.3,3,3249.42,567144,102158.0,121825.0,3250.0,3257.0,3239.8,3251.5,42349475,3576.6,2926.4,4322.95,2866.6,3247.5,58,2,3247.4,2,2,3247.3,7,2,3247.2,5,1,3247.1,30,3,3247.6,15,3,3248.0,6,2,3248.1,355,2,3248.2,24,1,3248.3,316,2
11536,2025-12-30 11:32:40+05:30,3247.3,3,3249.42,567365,101152.0,121595.0,3250.0,3257.0,3239.8,3251.5,42349475,3576.6,2926.4,4322.95,2866.6,3247.3,7,2,3247.2,5,1,3247.1,17,2,3247.0,12,2,3246.9,16,1,3247.5,7,6,3247.6,12,1,3248.1,73,1,3248.2,29,1,3248.3,316,2
11536,2025-12-30 11:32:43+05:30,3247.3,1,3249.42,567365,101152.0,121595.0,3250.0,3257.0,3239.8,3251.5,42349475,3576.6,2926.4,4322.95,2866.6,3247.3,7,2,3247.2,5,1,3247.1,17,2,3247.0,12,2,3246.9,16,1,3247.5,7,6,3247.6,12,1,3248.1,73,1,3248.2,29,1,3248.3,316,2
11536,2025-12-30 11:32:45+05:30,3247.7,7,3249.42,567475,101312.0,121886.0,3250.0,3257.0,3239.8,3251.5,42349475,3576.6,2926.4,4322.95,2866.6,3247.5,1,1,3247.3,6,2,3247.2,14,2,3247.1,17,2,3247.0,190,4,3247.9,98,2,3248.0,312,2,3248.1,316,2,3248.3,36,1,3248.4,19,1
11536,2025-12-30 11:32:46+05:30,3247.7,7,3249.42,567475,101312.0,121886.0,3250.0,3257.0,3239.8,3251.5,42349475,3576.6,2926.4,4322.95,2866.6,3247.5,1,1,3247.3,6,2,3247.2,14,2,3247.1,17,2,3247.0,190,4,3247.9,98,2,3248.0,312,2,3248.1,316,2,3248.3,36,1,3248.4,19,1
11536,2025-12-30 11:32:49+05:30,3247.0,1,3249.42,567475,101312.0,121886.0,3250.0,3257.0,3239.8,3251.5,42349475,3576.6,2926.4,4322.95,2866.6,3247.5,1,1,3247.3,6,2,3247.2,14,2,3247.1,17,2,3247.0,190,4,3247.9,98,2,3248.0,312,2,3248.1,316,2,3248.3,36,1,3248.4,19,1
11536,2025-12-30 11:32:49+05:30,3246.7,6,3249.42,567912,99542.0,122845.0,3250.0,3257.0,3239.8,3251.5,42349475,3576.6,2926.4,4322.95,2866.6,3246.7,3,1,3246.6,34,4,3246.5,144,5,3246.4,21,2,3246.3,36,4,3247.0,196,4,3247.5,5,4,3247.6,30,1,3247.7,25,1,3247.8,356,3
11536,2025-12-30 11:32:52+05:30,3246.6,2,3249.42,567912,99542.0,122845.0,3250.0,3257.0,3239.8,3251.5,42349475,3576.6,2926.4,4322.95,2866.6,3246.7,3,1,3246.6,34,4,3246.5,144,5,3246.4,21,2,3246.3,36,4,3247.0,196,4,3247.5,5,4,3247.6,30,1,3247.7,25,1,3247.8,356,3
11536,2025-12-30 11:32:54+05:30,3246.5,4,3249.42,568184,99147.0,123160.0,3250.0,3257.0,3239.8,3251.5,42349475,3576.6,2926.4,4322.95,2866.6,3246.5,80,7,3246.4,22,4,3246.3,6,2,3246.2,136,6,3246.1,379,7,3246.7,7,5,3247.0,181,1,3247.5,72,1,3247.6,30,1,3247.7,377,4
11536,2025-12-30 11:32:55+05:30,3246.7,1,3249.42,568184,99147.0,123160.0,3250.0,3257.0,3239.8,3251.5,42349475,3576.6,2926.4,4322.95,2866.6,3246.5,80,7,3246.4,22,4,3246.3,6,2,3246.2,136,6,3246.1,379,7,3246.7,7,5,3247.0,181,1,3247.5,72,1,3247.6,30,1,3247.7,377,4
11536,2025-12-30 11:32:58+05:30,3246.5,2,3249.42,568184,99147.0,123160.0,3250.0,3257.0,3239.8,3251.5,42349475,3576.6,2926.4,4322.95,2866.6,3246.5,80,7,3246.4,22,4,3246.3,6,2,3246.2,136,6,3246.1,379,7,3246.7,7,5,3247.0,181,1,3247.5,72,1,3247.6,30,1,3247.7,377,4
11536,2025-12-30 11:32:58+05:30,3247.4,24,3249.42,568586,99537.0,121191.0,3250.0,3257.0,3239.8,3251.5,42349475,3576.6,2926.4,4322.95,2866.6,3246.7,1,1,3246.5,32,4,3246.4,192,5,3246.3,11,3,3246.2,263,6,3247.4,92,4,3247.5,26,1,3247.6,457,2,3247.7,141,1,3247.8,38,2
11536,2025-12-30 11:33:01+05:30,3247.4,16,3249.42,568586,99537.0,121191.0,3250.0,3257.0,3239.8,3251.5,42349475,3576.6,2926.4,4322.95,2866.6,3246.7,1,1,3246.5,32,4,3246.4,192,5,3246.3,11,3,3246.2,263,6,3247.4,92,4,3247.5,26,1,3247.6,457,2,3247.7,141,1,3247.8,38,2
11536,2025-12-30 11:33:03+05:30,3246.6,22,3249.41,568819,99270.0,121535.0,3250.0,3257.0,3239.8,3251.5,42349475,3576.6,2926.4,4322.95,2866.6,3246.6,9,1,3246.5,17,3,3246.4,8,3,3246.3,3,1,3246.2,236,5,3247.3,2,2,3247.4,538,9,3247.5,27,1,3247.6,141,1,3247.7,175,1
11536,2025-12-30 11:33:04+05:30,3246.6,21,3249.41,568819,99270.0,121535.0,3250.0,3257.0,3239.8,3251.5,42349475,3576.6,2926.4,4322.95,2866.6,3246.6,9,1,3246.5,17,3,3246.4,8,3,3246.3,3,1,3246.2,236,5,3247.3,2,2,3247.4,538,9,3247.5,27,1,3247.6,141,1,3247.7,175,1
11536,2025-12-30 11:33:07+05:30,3246.6,17,3249.41,568819,99270.0,121535.0,3250.0,3257.0,3239.8,3251.5,42349475,3576.6,2926.4,4322.95,2866.6,3246.6,9,1,3246.5,17,3,3246.4,8,3,3246.3,3,1,3246.2,236,5,3247.3,2,2,3247.4,538,9,3247.5,27,1,3247.6,141,1,3247.7,175,1
11536,2025-12-30 11:33:07+05:30,3246.5,7,3249.41,568986,99012.0,122650.0,3250.0,3257.0,3239.8,3251.5,42349475,3576.6,2926.4,4322.95,2866.6,3246.5,14,3,3246.4,10,4,3246.3,3,1,3246.2,116,8,3246.1,67,6,3246.6,12,4,3247.1,28,4,3247.2,32,1,3247.4,235,4,3247.5,1,1
11536,2025-12-30 11:33:10+05:30,3246.5,1,3249.41,568986,99012.0,122650.0,3250.0,3257.0,3239.8,3251.5,42349475,3576.6,2926.4,4322.95,2866.6,3246.5,14,3,3246.4,10,4,3246.3,3,1,3246.2,116,8,3246.1,67,6,3246.6,12,4,3247.1,28,4,3247.2,32,1,3247.4,235,4,3247.5,1,1
11536,2025-12-30 11:33:12+05:30,3246.6,2,3249.41,569140,99533.0,122373.0,3250.0,3257.0,3239.8,3251.5,42349475,3576.6,2926.4,4322.95,2866.6,3246.5,65,3,3246.4,17,4,3246.3,13,2,3246.2,199,4,3246.1,63,6,3246.6,64,7,3247.2,207,2,3247.4,344,3,3247.5,1,1,3247.6,36,1
11536,2025-12-30 11:33:13+05:30,3246.5,1,3249.41,569140,99533.0,122373.0,3250.0,3257.0,3239.8,3251.5,42349475,3576.6,2926.4,4322.95,2866.6,3246.5,65,3,3246.4,17,4,3246.3,13,2,3246.2,199,4,3246.1,63,6,3246.6,64,7,3247.2,207,2,3247.4,344,3,3247.5,1,1,3247.6,36,1
11536,2025-12-30 11:33:16+05:30,3246.5,1,3249.41,569140,99533.0,122373.0,3250.0,3257.0,3239.8,3251.5,42349475,3576.6,2926.4,4322.95,2866.6,3246.5,65,3,3246.4,17,4,3246.3,13,2,3246.2,199,4,3246.1,63,6,3246.6,64,7,3247.2,207,2,3247.4,344,3,3247.5,1,1,3247.6,36,1
11536,2025-12-30 11:33:17+05:30,3246.5,3,3249.41,569389,99034.0,121608.0,3250.0,3257.0,3239.8,3251.5,42349475,3576.6,2926.4,4322.95,2866.6,3246.5,11,3,3246.4,31,5,3246.3,6,2,3246.2,32,2,3246.1,47,6,3247.1,64,3,3247.2,463,3,3247.4,316,2,3247.5,1,1,3247.6,39,2
11536,2025-12-30 11:33:19+05:30,3246.5,3,3249.41,569389,99034.0,121608.0,3250.0,3257.0,3239.8,3251.5,42349475,3576.6,2926.4,4322.95,2866.6,3246.5,11,3,3246.4,31,5,3246.3,6,2,3246.2,32,2,3246.1,47,6,3247.1,64,3,3247.2,463,3,3247.4,316,2,3247.5,1,1,3247.6,39,2
11536,2025-12-30 11:33:21+05:30,3246.4,2,3249.41,569493,99068.0,121310.0,3250.0,3257.0,3239.8,3251.5,42349475,3576.6,2926.4,4322.95,2866.6,3246.4,7,4,3246.3,6,2,3246.2,53,4,3246.1,19,3,3246.0,254,14,3247.1,63,7,3247.2,175,1,3247.4,316,2,3247.5,1,1,3247.6,39,2
11536,2025-12-30 11:33:22+05:30,3246.4,1,3249.41,569493,99068.0,121310.0,3250.0,3257.0,3239.8,3251.5,42349475,3576.6,2926.4,4322.95,2866.6,3246.4,7,4,3246.3,6,2,3246.2,53,4,3246.1,19,3,3246.0,254,14,3247.1,63,7,3247.2,175,1,3247.4,316,2,3247.5,1,1,3247.6,39,2
11536,2025-12-30 11:33:25+05:30,3247.1,1,3249.41,569493,99068.0,121310.0,3250.0,3257.0,3239.8,3251.5,42349475,3576.6,2926.4,4322.95,2866.6,3246.4,7,4,3246.3,6,2,3246.2,53,4,3246.1,19,3,3246.0,254,14,3247.1,63,7,3247.2,175,1,3247.4,316,2,3247.5,1,1,3247.6,39,2
11536,2025-12-30 11:33:26+05:30,3246.4,8,3249.41,569583,99116.0,121929.0,3250.0,3257.0,3239.8,3251.5,42349475,3576.6,2926.4,4322.95,2866.6,3246.4,50,4,3246.3,9,3,3246.2,32,2,3246.1,19,3,3246.0,262,15,3247.1,44,11,3247.2,175,1,3247.3,69,2,3247.4,598,3,3247.5,1,1
11536,2025-12-30 11:33:28+05:30,3246.3,3,3249.41,569583,99116.0,121929.0,3250.0,3257.0,3239.8,3251.5,42349475,3576.6,2926.4,4322.95,2866.6,3246.4,50,4,3246.3,9,3,3246.2,32,2,3246.1,19,3,3246.0,262,15,3247.1,44,11,3247.2,175,1,3247.3,69,2,3247.4,598,3,3247.5,1,1
11536,2025-12-30 11:33:31+05:30,3246.4,20,3249.41,569583,99116.0,121929.0,3250.0,3257.0,3239.8,3251.5,42349475,3576.6,2926.4,4322.95,2866.6,3246.4,50,4,3246.3,9,3,3246.2,32,2,3246.1,19,3,3246.0,262,15,3247.1,44,11,3247.2,175,1,3247.3,69,2,3247.4,598,3,3247.5,1,1
11536,2025-12-30 11:33:31+05:30,3247.1,2,3249.41,569756,99344.0,121972.0,3250.0,3257.0,3239.8,3251.5,42349475,3576.6,2926.4,4322.95,2866.6,3246.4,2,1,3246.3,20,3,3246.2,49,3,3246.1,52,6,3246.0,239,13,3247.1,47,4,3247.2,203,2,3247.3,33,1,3247.4,598,3,3247.5,37,2
11536,2025-12-30 11:33:34+05:30,3247.0,5,3249.41,569756,99344.0,121972.0,3250.0,3257.0,3239.8,3251.5,42349475,3576.6,2926.4,4322.95,2866.6,3246.4,2,1,3246.3,20,3,3246.2,49,3,3246.1,52,6,3246.0,239,13,3247.1,47,4,3247.2,203,2,3247.3,33,1,3247.4,598,3,3247.5,37,2
11536,2025-12-30 11:33:35+05:30,3247.1,3,3249.41,569815,100334.0,121469.0,3250.0,3257.0,3239.8,3251.5,42349475,3576.6,2926.4,4322.95,2866.6,3246.6,34,3,3246.5,21,2,3246.4,97,6,3246.3,153,8,3246.2,155,7,3247.1,25,3,3247.4,175,1,3247.5,29,2,3247.6,316,2,3247.7,3,1
11536,2025-12-30 11:33:37+05:30,3246.6,10,3249.41,569815,100334.0,121469.0,3250.0,3257.0,3239.8,3251.5,42349475,3576.6,2926.4,4322.95,2866.6,3246.6,34,3,3246.5,21,2,3246.4,97,6,3246.3,153,8,3246.2,155,7,3247.1,25,3,3247.4,175,1,3247.5,29,2,3247.6,316,2,3247.7,3,1
11536,2025-12-30 11:33:40+05:30,3246.4,5,3249.41,569815,100334.0,121469.0,3250.0,3257.0,3239.8,3251.5,42349475,3576.6,2926.4,4322.95,2866.6,3246.6,34,3,3246.5,21,2,3246.4,97,6,3246.3,153,8,3246.2,155,7,3247.1,25,3,3247.4,175,1,3247.5,29,2,3247.6,316,2,3247.7,3,1
11536,2025-12-30 11:33:40+05:30,3246.4,5,3249.41,570256,100108.0,122606.0,3250.0,3257.0,3239.8,3251.5,42349475,3576.6,2926.4,4322.95,2866.6,3246.4,84,5,3246.3,99,4,3246.2,124,6,3246.1,59,6,3246.0,333,17,3246.5,8,3,3246.7,5,2,3247.5,176,2,3247.6,282,1,3247.7,316,2
11536,2025-12-30 11:33:43+05:30,3246.6,1,3249.41,570256,100108.0,122606.0,3250.0,3257.0,3239.8,3251.5,42349475,3576.6,2926.4,4322.95,2866.6,3246.4,84,5,3246.3,99,4,3246.2,124,6,3246.1,59,6,3246.0,333,17,3246.5,8,3,3246.7,5,2,3247.5,176,2,3247.6,282,1,3247.7,316,2
11536,2025-12-30 11:33:45+05:30,3247.4,1,3249.41,570530,100253.0,121170.0,3250.0,3257.0,3239.8,3251.5,42349475,3576.6,2926.4,4322.95,2866.6,3246.6,28,3,3246.5,42,4,3246.4,30,2,3246.3,82,4,3246.2,328,9,3247.4,289,5,3247.5,132,2,3247.6,29,1,3247.7,316,2,3248.0,7,1
11536,2025-12-30 11:33:46+05:30,3246.6,2,3249.41,570530,100253.0,121170.0,3250.0,3257.0,3239.8,3251.5,42349475,3576.6,2926.4,4322.95,2866.6,3246.6,28,3,3246.5,42,4,3246.4,30,2,3246.3,82,4,3246.2,328,9,3247.4,289,5,3247.5,132,2,3247.6,29,1,3247.7,316,2,3248.0,7,1
11536,2025-12-30 11:33:49+05:30,3246.6,2,3249.41,570530,100253.0,121170.0,3250.0,3257.0,3239.8,3251.5,42349475,3576.6,2926.4,4322.95,2866.6,3246.6,28,3,3246.5,42,4,3246.4,30,2,3246.3,82,4,3246.2,328,9,3247.4,289,5,3247.5,132,2,3247.6,29,1,3247.7,316,2,3248.0,7,1
11536,2025-12-30 11:33:49+05:30,3246.6,2,3249.41,570744,100468.0,121409.0,3250.0,3257.0,3239.8,3251.5,42349475,3576.6,2926.4,4322.95,2866.6,3246.6,106,7,3246.5,136,6,3246.4,72,5,3246.3,171,4,3246.2,297,8,3247.4,5,4,3247.5,132,2,3247.6,282,1,3247.7,316,2,3247.9,36,1
11536,2025-12-30 11:33:52+05:30,3246.7,10,3249.41,570744,100468.0,121409.0,3250.0,3257.0,3239.8,3251.5,42349475,3576.6,2926.4,4322.95,2866.6,3246.6,106,7,3246.5,136,6,3246.4,72,5,3246.3,171,4,3246.2,297,8,3247.4,5,4,3247.5,132,2,3247.6,282,1,3247.7,316,2,3247.9,36,1
11536,2025-12-30 11:33:54+05:30,3247.0,37,3249.41,570834,100511.0,121691.0,3250.0,3257.0,3239.8,3251.5,42349475,3576.6,2926.4,4322.95,2866.6,3246.6,110,3,3246.5,94,5,3246.4,190,4,3246.3,74,2,3246.2,287,7,3247.0,125,3,3247.4,51,7,3247.5,132,2,3247.6,29,1,3247.7,316,2
11536,2025-12-30 11:33:55+05:30,3247.0,1,3249.41,570834,100511.0,121691.0,3250.0,3257.0,3239.8,3251.5,42349475,3576.6,2926.4,4322.95,2866.6,3246.6,110,3,3246.5,94,5,3246.4,190,4,3246.3,74,2,3246.2,287,7,3247.0,125,3,3247.4,51,7,3247.5,132,2,3247.6,29,1,3247.7,316,2
11536,2025-12-30 11:33:58+05:30,3246.3,11,3249.41,570834,100511.0,121691.0,3250.0,3257.0,3239.8,3251.5,42349475,3576.6,2926.4,4322.95,2866.6,3246.6,110,3,3246.5,94,5,3246.4,190,4,3246.3,74,2,3246.2,287,7,3247.0,125,3,3247.4,51,7,3247.5,132,2,3247.6,29,1,3247.7,316,2
11536,2025-12-30 11:33:58+05:30,3246.3,28,3249.4,571100,99255.0,123842.0,3250.0,3257.0,3239.8,3251.5,42349475,3576.6,2926.4,4322.95,2866.6,3246.3,12,1,3246.2,86,4,3246.1,96,7,3246.0,150,16,3245.9,69,6,3246.4,6,2,3246.6,5,4,3247.0,136,3,3247.3,449,3,3247.4,32,1
11536,2025-12-30 11:34:01+05:30,3247.3,114,3249.4,571100,99255.0,123842.0,3250.0,3257.0,3239.8,3251.5,42349475,3576.6,2926.4,4322.95,2866.6,3246.3,12,1,3246.2,86,4,3246.1,96,7,3246.0,150,16,3245.9,69,6,3246.4,6,2,3246.6,5,4,3247.0,136,3,3247.3,449,3,3247.4,32,1
11536,2025-12-30 11:34:03+05:30,3246.5,32,3249.4,571550,100612.0,122671.0,3250.0,3257.0,3239.8,3251.5,42349475,3576.6,2926.4,4322.95,2866.6,3246.5,216,5,3246.4,23,2,3246.3,12,3,3246.2,150,8,3246.1,79,6,3246.6,10,1,3247.3,5,1,3247.4,189,2,3247.5,424,3,3247.6,175,1
11536,2025-12-30 11:34:04+05:30,3246.6,3,3249.4,571550,100612.0,122671.0,3250.0,3257.0,3239.8,3251.5,42349475,3576.6,2926.4,4322.95,2866.6,3246.5,216,5,3246.4,23,2,3246.3,12,3,3246.2,150,8,3246.1,79,6,3246.6,10,1,3247.3,5,1,3247.4,189,2,3247.5,424,3,3247.6,175,1
11536,2025-12-30 11:34:07+05:30,3246.6,25,3249.4,571550,100612.0,122671.0,3250.0,3257.0,3239.8,3251.5,42349475,3576.6,2926.4,4322.95,2866.6,3246.5,216,5,3246.4,23,2,3246.3,12,3,3246.2,150,8,3246.1,79,6,3246.6,10,1,3247.3,5,1,3247.4,189,2,3247.5,424,3,3247.6,175,1
11536,2025-12-30 11:34:08+05:30,3247.1,1,3249.4,571842,101032.0,121783.0,3250.0,3257.0,3239.8,3251.5,42349475,3576.6,2926.4,4322.95,2866.6,3246.6,45,4,3246.5,277,4,3246.4,241,8,3246.2,287,9,3246.1,91,8,3247.0,1,1,3247.3,8,4,3247.4,189,2,3247.5,1,1,3247.6,598,3
11536,2025-12-30 11:34:10+05:30,3247.0,2,3249.4,571842,101032.0,121783.0,3250.0,3257.0,3239.8,3251.5,42349475,3576.6,2926.4,4322.95,2866.6,3246.6,45,4,3246.5,277,4,3246.4,241,8,3246.2,287,9,3246.1,91,8,3247.0,1,1,3247.3,8,4,3247.4,189,2,3247.5,1,1,3247.6,598,3
11536,2025-12-30 11:34:12+05:30,3247.4,79,3249.4,572041,101772.0,121038.0,3250.0,3257.0,3239.8,3251.5,42349475,3576.6,2926.4,4322.95,2866.6,3246.9,9,1,3246.7,104,5,3246.6,254,7,3246.5,268,4,3246.4,432,11,3247.5,1,1,3247.6,175,1,3247.8,282,1,3248.1,99,2,3248.2,3,1
11536,2025-12-30 11:34:13+05:30,3246.9,1,3249.4,572041,101772.0,121038.0,3250.0,3257.0,3239.8,3251.5,42349475,3576.6,2926.4,4322.95,2866.6,3246.9,9,1,3246.7,104,5,3246.6,254,7,3246.5,268,4,3246.4,432,11,3247.5,1,1,3247.6,175,1,3247.8,282,1,3248.1,99,2,3248.2,3,1
11536,2025-12-30 11:34:16+05:30,3247.4,26,3249.4,572041,101772.0,121038.0,3250.0,3257.0,3239.8,3251.5,42349475,3576.6,2926.4,4322.95,2866.6,3246.9,9,1,3246.7,104,5,3246.6,254,7,3246.5,268,4,3246.4,432,11,3247.5,1,1,3247.6,175,1,3247.8,282,1,3248.1,99,2,3248.2,3,1
11536,2025-12-30 11:34:17+05:30,3247.0,14,3249.4,572260,102384.0,121620.0,3250.0,3257.0,3239.8,3251.5,42349475,3576.6,2926.4,4322.95,2866.6,3247.0,112,9,3246.9,22,3,3246.8,98,5,3246.7,113,6,3246.6,74,7,3247.4,8,5,3248.1,95,1,3248.3,316,2,3248.5,41,5,3248.6,2,1
11536,2025-12-30 11:34:19+05:30,3247.0,1,3249.4,572260,102384.0,121620.0,3250.0,3257.0,3239.8,3251.5,42349475,3576.6,2926.4,4322.95,2866.6,3247.0,112,9,3246.9,22,3,3246.8,98,5,3246.7,113,6,3246.6,74,7,3247.4,8,5,3248.1,95,1,3248.3,316,2,3248.5,41,5,3248.6,2,1
11536,2025-12-30 11:34:22+05:30,3247.4,1,3249.4,572260,102384.0,121620.0,3250.0,3257.0,3239.8,3251.5,42349475,3576.6,2926.4,4322.95,2866.6,3247.0,112,9,3246.9,22,3,3246.8,98,5,3246.7,113,6,3246.6,74,7,3247.4,8,5,3248.1,95,1,3248.3,316,2,3248.5,41,5,3248.6,2,1
11536,2025-12-30 11:34:22+05:30,3247.4,1,3249.4,572366,102859.0,120995.0,3250.0,3257.0,3239.8,3251.5,42349475,3576.6,2926.4,4322.95,2866.6,3247.2,101,5,3247.1,18,2,3247.0,480,10,3246.9,44,3,3246.8,271,8,3247.4,3,3,3248.2,95,1,3248.4,316,2,3248.5,5,4,3248.7,3,1
11536,2025-12-30 11:34:25+05:30,3248.2,1,3249.4,572366,102859.0,120995.0,3250.0,3257.0,3239.8,3251.5,42349475,3576.6,2926.4,4322.95,2866.6,3247.2,101,5,3247.1,18,2,3247.0,480,10,3246.9,44,3,3246.8,271,8,3247.4,3,3,3248.2,95,1,3248.4,316,2,3248.5,5,4,3248.7,3,1
11536,2025-12-30 11:34:26+05:30,3247.4,7,3249.4,572434,103750.0,120457.0,3250.0,3257.0,3239.8,3251.5,42349475,3576.6,2926.4,4322.95,2866.6,3247.5,4,1,3247.3,111,6,3247.2,160,6,3247.1,15,1,3247.0,422,13,3248.2,379,6,3248.4,316,2,3248.5,5,4,3248.6,70,2,3248.7,39,2
11536,2025-12-30 11:34:28+05:30,3249.0,3,3249.39,575652,108819.0,117809.0,3250.0,3257.0,3239.8,3251.5,42349475,3576.6,2926.4,4322.95,2866.6,3249.0,995,1,3248.3,16,2,3248.2,183,3,3248.1,75,4,3248.0,407,5,3249.4,1,1,3249.6,38,1,3249.7,3,1,3249.8,35,2,3249.9,20,2
11536,2025-12-30 11:34:29+05:30,3249.0,3,3249.39,575652,108819.0,117809.0,3250.0,3257.0,3239.8,3251.5,42349475,3576.6,2926.4,4322.95,2866.6,3249.0,995,1,3248.3,16,2,3248.2,183,3,3248.1,75,4,3248.0,407,5,3249.4,1,1,3249.6,38,1,3249.7,3,1,3249.8,35,2,3249.9,20,2
11536,2025-12-30 11:34:29+05:30,3249.0,3,3249.39,575652,109411.0,118593.0,3250.0,3257.0,3239.8,3251.5,42349475,3576.6,2926.4,4322.95,2866.6,3249.0,1088,2,3248.8,17,1,3248.7,27,2,3248.6,23,2,3248.5,60,3,3249.4,145,3,3249.8,3,1,3249.9,3,1,3250.0,78,5,3250.1,3,1
11536,2025-12-30 11:34:30+05:30,3249.0,3,3249.39,575652,109646.0,117477.0,3250.0,3257.0,3239.8,3251.5,42349475,3576.6,2926.4,4322.95,2866.6,3249.3,24,1,3249.0,1283,3,3248.8,51,2,3248.7,27,2,3248.6,179,3,3249.4,146,4,3250.0,253,6,3250.1,3,1,3250.3,24,1,3250.4,1,1
11536,2025-12-30 11:34:31+05:30,3249.3,1,3249.39,575652,109646.0,117477.0,3250.0,3257.0,3239.8,3251.5,42349475,3576.6,2926.4,4322.95,2866.6,3249.3,24,1,3249.0,1283,3,3248.8,51,2,3248.7,27,2,3248.6,179,3,3249.4,146,4,3250.0,253,6,3250.1,3,1,3250.3,24,1,3250.4,1,1
11536,2025-12-30 11:34:31+05:30,3249.3,1,3249.39,575909,109882.0,116662.0,3250.0,3257.0,3239.8,3251.5,42349475,3576.6,2926.4,4322.95,2866.6,3249.0,1284,4,3248.7,12,1,3248.6,176,3,3248.5,61,2,3248.4,247,5,3249.3,84,5,3249.4,50,3,3249.8,33,1,3249.9,212,2,3250.0,46,4
11536,2025-12-30 11:34:32+05:30,3249.3,1,3249.39,575909,109882.0,116662.0,3250.0,3257.0,3239.8,3251.5,42349475,3576.6,2926.4,4322.95,2866.6,3249.0,1284,4,3248.7,12,1,3248.6,176,3,3248.5,61,2,3248.4,247,5,3249.3,84,5,3249.4,50,3,3249.8,33,1,3249.9,212,2,3250.0,46,4
11536,2025-12-30 11:34:32+05:30,3249.3,1,3249.39,576391,108540.0,116969.0,3250.0,3257.0,3239.8,3251.5,42349475,3576.6,2926.4,4322.95,2866.6,3249.0,803,4,3248.6,3,1,3248.5,36,1,3248.4,218,4,3248.3,6,1,3249.3,388,8,3249.4,1,1,3249.7,33,1,3249.8,37,1,3249.9,175,1
11536,2025-12-30 11:34:33+05:30,3249.0,70,3249.39,576391,108540.0,116969.0,3250.0,3257.0,3239.8,3251.5,42349475,3576.6,2926.4,4322.95,2866.6,3249.0,803,4,3248.6,3,1,3248.5,36,1,3248.4,218,4,3248.3,6,1,3249.3,388,8,3249.4,1,1,3249.7,33,1,3249.8,37,1,3249.9,175,1
11536,2025-12-30 11:34:33+05:30,3249.0,11,3249.39,577205,109417.0,119671.0,3250.0,3257.0,3239.8,3251.5,42349475,3576.6,2926.4,4322.95,2866.6,3249.0,1108,4,3248.6,3,1,3248.5,1,1,3248.4,254,5,3248.3,6,1,3249.3,60,5,3249.4,1,1,3249.5,282,1,3249.7,33,1,3249.9,212,2
11536,2025-12-30 11:34:34+05:30,3249.0,145,3249.39,577205,109417.0,119671.0,3250.0,3257.0,3239.8,3251.5,42349475,3576.6,2926.4,4322.95,2866.6,3249.0,1108,4,3248.6,3,1,3248.5,1,1,3248.4,254,5,3248.3,6,1,3249.3,60,5,3249.4,1,1,3249.5,282,1,3249.7,33,1,3249.9,212,2
11536,2025-12-30 11:34:34+05:30,3249.0,4,3249.39,577354,109322.0,120010.0,3250.0,3257.0,3239.8,3251.5,42349475,3576.6,2926.4,4322.95,2866.6,3249.0,959,4,3248.8,99,1,3248.6,3,1,3248.5,12,2,3248.4,205,3,3249.3,47,5,3249.4,1,1,3249.5,282,1,3249.7,208,2,3249.8,175,1
11536,2025-12-30 11:34:35+05:30,3249.3,1,3249.39,577354,109322.0,120010.0,3250.0,3257.0,3239.8,3251.5,42349475,3576.6,2926.4,4322.95,2866.6,3249.0,959,4,3248.8,99,1,3248.6,3,1,3248.5,12,2,3248.4,205,3,3249.3,47,5,3249.4,1,1,3249.5,282,1,3249.7,208,2,3249.8,175,1
11536,2025-12-30 11:34:35+05:30,3249.3,1,3249.39,577606,108999.0,119335.0,3250.0,3257.0,3239.8,3251.5,42349475,3576.6,2926.4,4322.95,2866.6,3249.0,719,5,3248.8,99,1,3248.6,3,1,3248.5,1,1,3248.4,177,2,3249.3,314,9,3249.4,1,1,3249.6,208,2,3249.8,387,3,3250.0,46,4
11536,2025-12-30 11:34:36+05:30,3249.0,116,3249.39,577606,108999.0,119335.0,3250.0,3257.0,3239.8,3251.5,42349475,3576.6,2926.4,4322.95,2866.6,3249.0,719,5,3248.8,99,1,3248.6,3,1,3248.5,1,1,3248.4,177,2,3249.3,314,9,3249.4,1,1,3249.6,208,2,3249.8,387,3,3250.0,46,4
11536,2025-12-30 11:34:36+05:30,3249.0,45,3249.39,577785,108832.0,119680.0,3250.0,3257.0,3239.8,3251.5,42349475,3576.6,2926.4,4322.95,2866.6,3249.0,540,5,3248.9,99,1,3248.6,3,1,3248.5,1,1,3248.4,177,2,3249.3,307,9,3249.4,1,1,3249.6,208,2,3249.8,387,3,3250.0,46,4
11536,2025-12-30 11:34:37+05:30,3249.0,77,3249.39,577785,108832.0,119680.0,3250.0,3257.0,3239.8,3251.5,42349475,3576.6,2926.4,4322.95,2866.6,3249.0,540,5,3248.9,99,1,3248.6,3,1,3248.5,1,1,3248.4,177,2,3249.3,307,9,3249.4,1,1,3249.6,208,2,3249.8,387,3,3250.0,46,4
11536,2025-12-30 11:34:37+05:30,3249.0,69,3249.39,578427,109131.0,119392.0,3250.0,3257.0,3239.8,3251.5,42349475,3576.6,2926.4,4322.95,2866.6,3249.0,1031,5,3248.9,99,1,3248.6,3,1,3248.5,1,1,3248.4,202,3,3249.3,25,9,3249.4,1,1,3249.7,33,1,3249.8,367,3,3249.9,25,1
11536,2025-12-30 11:34:38+05:30,3249.0,1,3249.39,578427,109131.0,119392.0,3250.0,3257.0,3239.8,3251.5,42349475,3576.6,2926.4,4322.95,2866.6,3249.0,1031,5,3248.9,99,1,3248.6,3,1,3248.5,1,1,3248.4,202,3,3249.3,25,9,3249.4,1,1,3249.7,33,1,3249.8,367,3,3249.9,25,1
11536,2025-12-30 11:34:38+05:30,3249.0,22,3249.39,578467,109251.0,119796.0,3250.0,3257.0,3239.8,3251.5,42349475,3576.6,2926.4,4322.95,2866.6,3249.0,1148,6,3248.9,13,1,3248.6,3,1,3248.5,1,1,3248.4,214,4,3249.3,52,10,3249.4,1,1,3249.5,33,1,3249.6,282,1,3249.7,37,1
11536,2025-12-30 11:34:39+05:30,3249.0,1,3249.39,578467,109251.0,119796.0,3250.0,3257.0,3239.8,3251.5,42349475,3576.6,2926.4,4322.95,2866.6,3249.0,1148,6,3248.9,13,1,3248.6,3,1,3248.5,1,1,3248.4,214,4,3249.3,52,10,3249.4,1,1,3249.5,33,1,3249.6,282,1,3249.7,37,1
11536,2025-12-30 11:34:39+05:30,3249.3,7,3249.39,578816,109361.0,119166.0,3250.0,3257.0,3239.8,3251.5,42349475,3576.6,2926.4,4322.95,2866.6,3249.0,1094,6,3248.9,31,3,3248.8,17,1,3248.7,30,2,3248.6,15,2,3249.3,52,8,3249.4,1,1,3249.8,383,3,3250.0,46,4,3250.1,3,1
11536,2025-12-30 11:34:40+05:30,3249.3,1,3249.39,578816,109361.0,119166.0,3250.0,3257.0,3239.8,3251.5,42349475,3576.6,2926.4,4322.95,2866.6,3249.0,1094,6,3248.9,31,3,3248.8,17,1,3248.7,30,2,3248.6,15,2,3249.3,52,8,3249.4,1,1,3249.8,383,3,3250.0,46,4,3250.1,3,1
11536,2025-12-30 11:34:40+05:30,3249.3,1,3249.39,578989,109587.0,118119.0,3250.0,3257.0,3239.8,3251.5,42349475,3576.6,2926.4,4322.95,2866.6,3249.1,99,1,3249.0,823,5,3248.9,54,4,3248.8,17,1,3248.7,30,2,3249.3,40,10,3249.4,1,1,3249.8,383,3,3250.0,83,5,3250.1,3,1
11536,2025-12-30 11:34:41+05:30,3249.1,48,3249.39,578989,109587.0,118119.0,3250.0,3257.0,3239.8,3251.5,42349475,3576.6,2926.4,4322.95,2866.6,3249.1,99,1,3249.0,823,5,3248.9,54,4,3248.8,17,1,3248.7,30,2,3249.3,40,10,3249.4,1,1,3249.8,383,3,3250.0,83,5,3250.1,3,1
11536,2025-12-30 11:34:41+05:30,3249.1,93,3249.39,579219,109417.0,119482.0,3250.0,3257.0,3239.8,3251.5,42349475,3576.6,2926.4,4322.95,2866.6,3249.1,6,1,3249.0,843,6,3248.9,36,2,3248.8,41,3,3248.7,23,1,3249.3,26,9,3249.4,1,1,3249.7,35,1,3249.8,350,2,3249.9,37,1
11536,2025-12-30 11:34:42+05:30,3249.3,1,3249.39,579219,109417.0,119482.0,3250.0,3257.0,3239.8,3251.5,42349475,3576.6,2926.4,4322.95,2866.6,3249.1,6,1,3249.0,843,6,3248.9,36,2,3248.8,41,3,3248.7,23,1,3249.3,26,9,3249.4,1,1,3249.7,35,1,3249.8,350,2,3249.9,37,1
11536,2025-12-30 11:34:42+05:30,3249.2,46,3249.39,579385,109548.0,119938.0,3250.0,3257.0,3239.8,3251.5,42349475,3576.6,2926.4,4322.95,2866.6,3249.2,53,1,3249.0,823,5,3248.9,13,1,3248.6,159,2,3248.5,10,2,3249.3,301,10,3249.4,1,1,3249.6,175,1,3249.7,35,1,3249.8,387,3
11536,2025-12-30 11:34:43+05:30,3249.2,15,3249.39,579385,109548.0,119938.0,3250.0,3257.0,3239.8,3251.5,42349475,3576.6,2926.4,4322.95,2866.6,3249.2,53,1,3249.0,823,5,3248.9,13,1,3248.6,159,2,3248.5,10,2,3249.3,301,10,3249.4,1,1,3249.6,175,1,3249.7,35,1,3249.8,387,3
11536,2025-12-30 11:34:43+05:30,3249.2,5,3249.39,579458,109687.0,119731.0,3250.0,3257.0,3239.8,3251.5,42349475,3576.6,2926.4,4322.95,2866.6,3249.2,105,2,3249.0,823,5,3248.9,35,2,3248.6,177,3,3248.5,49,3,3249.3,303,10,3249.4,1,1,3249.6,175,1,3249.7,35,1,3249.8,387,3
11536,2025-12-30 11:34:44+05:30,3249.2,21,3249.39,579458,109687.0,119731.0,3250.0,3257.0,3239.8,3251.5,42349475,3576.6,2926.4,4322.95,2866.6,3249.2,105,2,3249.0,823,5,3248.9,35,2,3248.6,177,3,3248.5,49,3,3249.3,303,10,3249.4,1,1,3249.6,175,1,3249.7,35,1,3249.8,387,3
11536,2025-12-30 11:34:44+05:30,3249.2,21,3249.39,579512,109504.0,121314.0,3250.0,3257.0,3239.8,3251.5,42349475,3576.6,2926.4,4322.95,2866.6,3249.2,51,2,3249.0,823,5,3248.9,35,2,3248.6,159,2,3248.5,1,1,3249.3,476,12,3249.4,1,1,3249.5,210,2,3249.7,37,1,3249.8,201,2
11536,2025-12-30 11:34:45+05:30,3249.1,1,3249.39,579512,109504.0,121314.0,3250.0,3257.0,3239.8,3251.5,42349475,3576.6,2926.4,4322.95,2866.6,3249.2,51,2,3249.0,823,5,3248.9,35,2,3248.6,159,2,3248.5,1,1,3249.3,476,12,3249.4,1,1,3249.5,210,2,3249.7,37,1,3249.8,201,2
11536,2025-12-30 11:34:45+05:30,3249.1,1,3249.39,580909,108641.0,121389.0,3250.0,3257.0,3239.8,3251.5,42349475,3576.6,2926.4,4322.95,2866.6,3249.0,1025,4,3248.9,35,2,3248.5,1,1,3248.4,168,2,3248.2,190,3,3249.1,344,4,3249.2,37,1,3249.3,245,12,3249.4,99,2,3249.5,376,3
11536,2025-12-30 11:34:46+05:30,3249.0,5,3249.39,580909,108641.0,121389.0,3250.0,3257.0,3239.8,3251.5,42349475,3576.6,2926.4,4322.95,2866.6,3249.0,1025,4,3248.9,35,2,3248.5,1,1,3248.4,168,2,3248.2,190,3,3249.1,344,4,3249.2,37,1,3249.3,245,12,3249.4,99,2,3249.5,376,3
11536,2025-12-30 11:34:46+05:30,3249.0,5,3249.39,580960,108697.0,121775.0,3250.0,3257.0,3239.8,3251.5,42349475,3576.6,2926.4,4322.95,2866.6,3249.0,1074,5,3248.9,35,2,3248.5,1,1,3248.4,168,2,3248.2,190,3,3249.1,359,7,3249.2,49,2,3249.3,238,8,3249.4,121,3,3249.5,350,2
11536,2025-12-30 11:34:47+05:30,3249.0,76,3249.39,580960,108697.0,121775.0,3250.0,3257.0,3239.8,3251.5,42349475,3576.6,2926.4,4322.95,2866.6,3249.0,1074,5,3248.9,35,2,3248.5,1,1,3248.4,168,2,3248.2,190,3,3249.1,359,7,3249.2,49,2,3249.3,238,8,3249.4,121,3,3249.5,350,2
11536,2025-12-30 11:34:47+05:30,3249.0,255,3249.39,581474,107544.0,121733.0,3250.0,3257.0,3239.8,3251.5,42349475,3576.6,2926.4,4322.95,2866.6,3249.0,561,5,3248.9,35,2,3248.5,1,1,3248.4,168,2,3248.2,190,3,3249.1,337,10,3249.2,37,1,3249.3,218,4,3249.4,99,2,3249.5,350,2
11536,2025-12-30 11:34:48+05:30,3249.0,1,3249.39,581571,107672.0,121702.0,3250.0,3257.0,3239.8,3251.5,42349475,3576.6,2926.4,4322.95,2866.6,3249.0,464,5,3248.9,35,2,3248.8,44,2,3248.5,1,1,3248.4,168,2,3249.1,374,13,3249.2,37,1,3249.3,208,2,3249.4,99,2,3249.5,350,2
11536,2025-12-30 11:34:48+05:30,3249.0,1,3249.39,581571,107672.0,121702.0,3250.0,3257.0,3239.8,3251.5,42349475,3576.6,2926.4,4322.95,2866.6,3249.0,464,5,3248.9,35,2,3248.8,44,2,3248.5,1,1,3248.4,168,2,3249.1,374,13,3249.2,37,1,3249.3,208,2,3249.4,99,2,3249.5,350,2
11536,2025-12-30 11:34:49+05:30,3249.1,3,3249.39,581571,107672.0,121702.0,3250.0,3257.0,3239.8,3251.5,42349475,3576.6,2926.4,4322.95,2866.6,3249.0,464,5,3248.9,35,2,3248.8,44,2,3248.5,1,1,3248.4,168,2,3249.1,374,13,3249.2,37,1,3249.3,208,2,3249.4,99,2,3249.5,350,2
11536,2025-12-30 11:34:49+05:30,3249.1,3,3249.39,582290,108860.0,120827.0,3250.0,3257.0,3239.8,3251.5,42349475,3576.6,2926.4,4322.95,2866.6,3249.0,420,6,3248.9,35,2,3248.8,44,2,3248.5,1,1,3248.4,168,2,3249.1,56,5,3249.3,33,1,3249.4,1,1,3249.5,175,1,3249.6,175,1
11536,2025-12-30 11:34:50+05:30,3249.0,15,3249.39,582290,108860.0,120827.0,3250.0,3257.0,3239.8,3251.5,42349475,3576.6,2926.4,4322.95,2866.6,3249.0,420,6,3248.9,35,2,3248.8,44,2,3248.5,1,1,3248.4,168,2,3249.1,56,5,3249.3,33,1,3249.4,1,1,3249.5,175,1,3249.6,175,1
11536,2025-12-30 11:34:50+05:30,3249.0,4,3249.39,582309,108919.0,120615.0,3250.0,3257.0,3239.8,3251.5,42349475,3576.6,2926.4,4322.95,2866.6,3249.0,313,5,3248.9,123,3,3248.8,44,2,3248.5,1,1,3248.4,225,4,3249.1,40,5,3249.3,33,1,3249.4,1,1,3249.6,175,1,3249.7,210,2
11536,2025-12-30 11:34:51+05:30,3249.1,1,3249.39,582309,108919.0,120615.0,3250.0,3257.0,3239.8,3251.5,42349475,3576.6,2926.4,4322.95,2866.6,3249.0,313,5,3248.9,123,3,3248.8,44,2,3248.5,1,1,3248.4,225,4,3249.1,40,5,3249.3,33,1,3249.4,1,1,3249.6,175,1,3249.7,210,2
11536,2025-12-30 11:34:51+05:30,3249.1,1,3249.39,582534,109694.0,120933.0,3250.0,3257.0,3239.8,3251.5,42349475,3576.6,2926.4,4322.95,2866.6,3249.0,1114,5,3248.9,123,3,3248.8,44,2,3248.5,1,1,3248.4,189,3,3249.1,25,7,3249.3,33,1,3249.4,1,1,3249.5,197,2,3249.6,34,1
11536,2025-12-30 11:34:52+05:30,3248.9,85,3249.39,582534,109694.0,120933.0,3250.0,3257.0,3239.8,3251.5,42349475,3576.6,2926.4,4322.95,2866.6,3249.0,1114,5,3248.9,123,3,3248.8,44,2,3248.5,1,1,3248.4,189,3,3249.1,25,7,3249.3,33,1,3249.4,1,1,3249.5,197,2,3249.6,34,1
11536,2025-12-30 11:34:52+05:30,3248.9,85,3249.39,586311,105805.0,121801.0,3250.0,3257.0,3239.8,3251.5,42349475,3576.6,2926.4,4322.95,2866.6,3248.9,38,3,3248.8,44,2,3248.5,1,1,3248.4,12,1,3248.2,22,1,3249.0,299,4,3249.1,35,7,3249.2,48,4,3249.3,33,1,3249.4,195,8
11536,2025-12-30 11:34:52+05:30,3248.9,85,3249.39,586311,105805.0,121801.0,3250.0,3257.0,3239.8,3251.5,42349475,3576.6,2926.4,4322.95,2866.6,3248.9,38,3,3248.8,44,2,3248.5,1,1,3248.4,12,1,3248.2,22,1,3249.0,299,4,3249.1,35,7,3249.2,48,4,3249.3,33,1,3249.4,195,8
11536,2025-12-30 11:34:53+05:30,3248.1,15,3249.39,586311,105805.0,121801.0,3250.0,3257.0,3239.8,3251.5,42349475,3576.6,2926.4,4322.95,2866.6,3248.9,38,3,3248.8,44,2,3248.5,1,1,3248.4,12,1,3248.2,22,1,3249.0,299,4,3249.1,35,7,3249.2,48,4,3249.3,33,1,3249.4,195,8
11536,2025-12-30 11:34:53+05:30,3248.1,15,3249.39,587287,101156.0,123014.0,3250.0,3257.0,3239.8,3251.5,42349475,3576.6,2926.4,4322.95,2866.6,3247.3,39,2,3247.2,26,2,3247.1,56,3,3247.0,49,4,3246.9,5,3,3247.9,1,1,3248.0,310,3,3248.1,38,3,3248.2,30,2,3248.3,26,2
11536,2025-12-30 11:34:53+05:30,3248.1,15,3249.39,587287,101156.0,123014.0,3250.0,3257.0,3239.8,3251.5,42349475,3576.6,2926.4,4322.95,2866.6,3247.3,39,2,3247.2,26,2,3247.1,56,3,3247.0,49,4,3246.9,5,3,3247.9,1,1,3248.0,310,3,3248.1,38,3,3248.2,30,2,3248.3,26,2
11536,2025-12-30 11:34:54+05:30,3247.3,34,3249.39,587287,101156.0,123014.0,3250.0,3257.0,3239.8,3251.5,42349475,3576.6,2926.4,4322.95,2866.6,3247.3,39,2,3247.2,26,2,3247.1,56,3,3247.0,49,4,3246.9,5,3,3247.9,1,1,3248.0,310,3,3248.1,38,3,3248.2,30,2,3248.3,26,2
11536,2025-12-30 11:34:54+05:30,3247.3,2,3249.39,587356,100058.0,123435.0,3250.0,3257.0,3239.8,3251.5,42349475,3576.6,2926.4,4322.95,2866.6,3247.3,9,1,3247.2,8,1,3247.0,5,2,3246.9,5,3,3246.8,40,2,3247.6,17,1,3247.8,282,1,3247.9,45,4,3248.0,28,2,3248.1,30,3
11536,2025-12-30 11:34:54+05:30,3247.3,2,3249.39,587356,100058.0,123435.0,3250.0,3257.0,3239.8,3251.5,42349475,3576.6,2926.4,4322.95,2866.6,3247.3,9,1,3247.2,8,1,3247.0,5,2,3246.9,5,3,3246.8,40,2,3247.6,17,1,3247.8,282,1,3247.9,45,4,3248.0,28,2,3248.1,30,3
11536,2025-12-30 11:34:55+05:30,3247.6,1,3249.39,587356,100058.0,123435.0,3250.0,3257.0,3239.8,3251.5,42349475,3576.6,2926.4,4322.95,2866.6,3247.3,9,1,3247.2,8,1,3247.0,5,2,3246.9,5,3,3246.8,40,2,3247.6,17,1,3247.8,282,1,3247.9,45,4,3248.0,28,2,3248.1,30,3
11536,2025-12-30 11:34:55+05:30,3247.6,1,3249.38,589012,103818.0,119606.0,3250.0,3257.0,3239.8,3251.5,42349475,3576.6,2926.4,4322.95,2866.6,3247.3,239,7,3247.2,21,2,3247.1,27,2,3247.0,55,5,3246.9,79,8,3247.6,64,2,3247.9,45,4,3248.0,175,1,3248.3,175,1,3248.6,175,1
11536,2025-12-30 11:34:55+05:30,3247.6,1,3249.38,589012,103818.0,119606.0,3250.0,3257.0,3239.8,3251.5,42349475,3576.6,2926.4,4322.95,2866.6,3247.3,239,7,3247.2,21,2,3247.1,27,2,3247.0,55,5,3246.9,79,8,3247.6,64,2,3247.9,45,4,3248.0,175,1,3248.3,175,1,3248.6,175,1
11536,2025-12-30 11:34:56+05:30,3247.3,6,3249.38,589012,103818.0,119606.0,3250.0,3257.0,3239.8,3251.5,42349475,3576.6,2926.4,4322.95,2866.6,3247.3,239,7,3247.2,21,2,3247.1,27,2,3247.0,55,5,3246.9,79,8,3247.6,64,2,3247.9,45,4,3248.0,175,1,3248.3,175,1,3248.6,175,1
11536,2025-12-30 11:34:56+05:30,3247.3,6,3249.38,589852,102386.0,119466.0,3250.0,3257.0,3239.8,3251.5,42349475,3576.6,2926.4,4322.95,2866.6,3247.3,91,5,3247.2,129,3,3247.1,27,2,3247.0,91,6,3246.9,75,9,3247.6,114,6,3247.9,15,2,3248.0,175,1,3248.6,175,1,3248.7,2,1
11536,2025-12-30 11:34:56+05:30,3247.3,6,3249.38,589852,102386.0,119466.0,3250.0,3257.0,3239.8,3251.5,42349475,3576.6,2926.4,4322.95,2866.6,3247.3,91,5,3247.2,129,3,3247.1,27,2,3247.0,91,6,3246.9,75,9,3247.6,114,6,3247.9,15,2,3248.0,175,1,3248.6,175,1,3248.7,2,1
11536,2025-12-30 11:34:57+05:30,3247.3,6,3249.38,589852,102386.0,119466.0,3250.0,3257.0,3239.8,3251.5,42349475,3576.6,2926.4,4322.95,2866.6,3247.3,91,5,3247.2,129,3,3247.1,27,2,3247.0,91,6,3246.9,75,9,3247.6,114,6,3247.9,15,2,3248.0,175,1,3248.6,175,1,3248.7,2,1
11536,2025-12-30 11:34:57+05:30,3247.3,6,3249.38,590367,103273.0,119489.0,3250.0,3257.0,3239.8,3251.5,42349475,3576.6,2926.4,4322.95,2866.6,3247.3,102,6,3247.2,148,4,3247.1,23,2,3247.0,214,7,3246.9,108,9,3247.6,82,9,3248.0,175,1,3248.6,175,1,3248.8,20,1,3248.9,100,1
11536,2025-12-30 11:34:57+05:30,3247.3,6,3249.38,590367,103273.0,119489.0,3250.0,3257.0,3239.8,3251.5,42349475,3576.6,2926.4,4322.95,2866.6,3247.3,102,6,3247.2,148,4,3247.1,23,2,3247.0,214,7,3246.9,108,9,3247.6,82,9,3248.0,175,1,3248.6,175,1,3248.8,20,1,3248.9,100,1
11536,2025-12-30 11:34:58+05:30,3247.3,1,3249.38,590367,103273.0,119489.0,3250.0,3257.0,3239.8,3251.5,42349475,3576.6,2926.4,4322.95,2866.6,3247.3,102,6,3247.2,148,4,3247.1,23,2,3247.0,214,7,3246.9,108,9,3247.6,82,9,3248.0,175,1,3248.6,175,1,3248.8,20,1,3248.9,100,1
11536,2025-12-30 11:34:58+05:30,3247.3,1,3249.37,590846,103298.0,119630.0,3250.0,3257.0,3239.8,3251.5,42349475,3576.6,2926.4,4322.95,2866.6,3247.3,122,7,3247.2,38,3,3247.1,30,3,3247.0,211,6,3246.9,99,8,3247.6,122,14,3248.0,175,1,3248.6,175,1,3248.8,20,1,3248.9,146,2
11536,2025-12-30 11:34:58+05:30,3247.3,1,3249.37,590846,103298.0,119630.0,3250.0,3257.0,3239.8,3251.5,42349475,3576.6,2926.4,4322.95,2866.6,3247.3,122,7,3247.2,38,3,3247.1,30,3,3247.0,211,6,3246.9,99,8,3247.6,122,14,3248.0,175,1,3248.6,175,1,3248.8,20,1,3248.9,146,2
11536,2025-12-30 11:34:59+05:30,3247.3,32,3249.37,590846,103298.0,119630.0,3250.0,3257.0,3239.8,3251.5,42349475,3576.6,2926.4,4322.95,2866.6,3247.3,122,7,3247.2,38,3,3247.1,30,3,3247.0,211,6,3246.9,99,8,3247.6,122,14,3248.0,175,1,3248.6,175,1,3248.8,20,1,3248.9,146,2
11536,2025-12-30 11:34:59+05:30,3247.3,32,3249.37,591051,103303.0,119585.0,3250.0,3257.0,3239.8,3251.5,42349475,3576.6,2926.4,4322.95,2866.6,3247.4,101,6,3247.3,133,2,3247.2,106,6,3247.1,66,4,3247.0,211,6,3247.6,110,12,3248.0,175,1,3248.6,175,1,3248.8,20,1,3248.9,100,1
11536,2025-12-30 11:34:59+05:30,3247.3,32,3249.37,591051,103303.0,119585.0,3250.0,3257.0,3239.8,3251.5,42349475,3576.6,2926.4,4322.95,2866.6,3247.4,101,6,3247.3,133,2,3247.2,106,6,3247.1,66,4,3247.0,211,6,3247.6,110,12,3248.0,175,1,3248.6,175,1,3248.8,20,1,3248.9,100,1
11536,2025-12-30 11:35:00+05:30,3247.4,7,3249.37,591051,103303.0,119585.0,3250.0,3257.0,3239.8,3251.5,42349475,3576.6,2926.4,4322.95,2866.6,3247.4,101,6,3247.3,133,2,3247.2,106,6,3247.1,66,4,3247.0,211,6,3247.6,110,12,3248.0,175,1,3248.6,175,1,3248.8,20,1,3248.9,100,1
11536,2025-12-30 11:35:00+05:30,3247.5,56,3249.37,591663,103956.0,119111.0,3250.0,3257.0,3239.8,3251.5,42349475,3576.6,2926.4,4322.95,2866.6,3247.5,116,5,3247.4,63,3,3247.3,35,3,3247.2,70,5,3247.1,23,2,3247.6,29,7,3248.6,175,1,3248.9,100,1,3249.1,3,1,3249.2,53,4
11536,2025-12-30 11:35:00+05:30,3247.5,56,3249.37,591663,103956.0,119111.0,3250.0,3257.0,3239.8,3251.5,42349475,3576.6,2926.4,4322.95,2866.6,3247.5,116,5,3247.4,63,3,3247.3,35,3,3247.2,70,5,3247.1,23,2,3247.6,29,7,3248.6,175,1,3248.9,100,1,3249.1,3,1,3249.2,53,4
11536,2025-12-30 11:35:01+05:30,3247.5,56,3249.37,591663,103956.0,119111.0,3250.0,3257.0,3239.8,3251.5,42349475,3576.6,2926.4,4322.95,2866.6,3247.5,116,5,3247.4,63,3,3247.3,35,3,3247.2,70,5,3247.1,23,2,3247.6,29,7,3248.6,175,1,3248.9,100,1,3249.1,3,1,3249.2,53,4
11536,2025-12-30 11:35:01+05:30,3247.5,5,3249.37,591663,103956.0,119111.0,3250.0,3257.0,3239.8,3251.5,42349475,3576.6,2926.4,4322.95,2866.6,3247.5,116,5,3247.4,63,3,3247.3,35,3,3247.2,70,5,3247.1,23,2,3247.6,29,7,3248.6,175,1,3248.9,100,1,3249.1,3,1,3249.2,53,4
11536,2025-12-30 11:35:01+05:30,3247.5,2,3249.37,591781,104105.0,119283.0,3250.0,3257.0,3239.8,3251.5,42349475,3576.6,2926.4,4322.95,2866.6,3247.5,172,5,3247.4,64,3,3247.3,36,3,3247.2,76,6,3247.1,28,2,3247.6,36,7,3248.6,175,1,3248.9,100,1,3249.1,3,1,3249.2,274,6
11536,2025-12-30 11:35:01+05:30,3247.5,2,3249.37,591781,104105.0,119283.0,3250.0,3257.0,3239.8,3251.5,42349475,3576.6,2926.4,4322.95,2866.6,3247.5,172,5,3247.4,64,3,3247.3,36,3,3247.2,76,6,3247.1,28,2,3247.6,36,7,3248.6,175,1,3248.9,100,1,3249.1,3,1,3249.2,274,6
11536,2025-12-30 11:35:02+05:30,3247.6,6,3249.37,591781,104105.0,119283.0,3250.0,3257.0,3239.8,3251.5,42349475,3576.6,2926.4,4322.95,2866.6,3247.5,172,5,3247.4,64,3,3247.3,36,3,3247.2,76,6,3247.1,28,2,3247.6,36,7,3248.6,175,1,3248.9,100,1,3249.1,3,1,3249.2,274,6
11536,2025-12-30 11:35:02+05:30,3247.6,6,3249.37,592104,106297.0,117806.0,3250.0,3257.0,3239.8,3251.5,42349475,3576.6,2926.4,4322.95,2866.6,3248.1,57,3,3248.0,298,3,3247.9,35,1,3247.8,77,5,3247.7,28,2,3248.6,190,3,3248.9,100,1,3249.2,7,1,3249.4,25,3,3249.5,50,1
11536,2025-12-30 11:35:02+05:30,3247.6,6,3249.37,592104,106297.0,117806.0,3250.0,3257.0,3239.8,3251.5,42349475,3576.6,2926.4,4322.95,2866.6,3248.1,57,3,3248.0,298,3,3247.9,35,1,3247.8,77,5,3247.7,28,2,3248.6,190,3,3248.9,100,1,3249.2,7,1,3249.4,25,3,3249.5,50,1
11536,2025-12-30 11:35:03+05:30,3250.6,48,3249.37,593881,106420.0,116616.0,3250.0,3257.0,3239.8,3251.5,42349475,3576.6,2926.4,4322.95,2866.6,3248.1,95,6,3248.0,299,3,3247.9,59,3,3247.8,122,7,3247.7,29,3,3250.7,58,2,3250.8,42,2,3250.9,86,4,3251.0,309,7,3251.1,597,6
11536,2025-12-30 11:35:04+05:30,3250.6,48,3249.37,593881,106420.0,116616.0,3250.0,3257.0,3239.8,3251.5,42349475,3576.6,2926.4,4322.95,2866.6,3248.1,95,6,3248.0,299,3,3247.9,59,3,3247.8,122,7,3247.7,29,3,3250.7,58,2,3250.8,42,2,3250.9,86,4,3251.0,309,7,3251.1,597,6
11536,2025-12-30 11:35:04+05:30,3250.0,25,3249.37,594003,107748.0,115411.0,3250.0,3257.0,3239.8,3251.5,42349475,3576.6,2926.4,4322.95,2866.6,3248.7,3,1,3248.6,150,5,3248.5,41,2,3248.4,284,7,3248.3,174,5,3249.8,175,1,3250.1,12,1,3250.2,48,2,3250.5,11,2,3250.6,23,1
11536,2025-12-30 11:35:04+05:30,3250.0,25,3249.37,594003,107748.0,115411.0,3250.0,3257.0,3239.8,3251.5,42349475,3576.6,2926.4,4322.95,2866.6,3248.7,3,1,3248.6,150,5,3248.5,41,2,3248.4,284,7,3248.3,174,5,3249.8,175,1,3250.1,12,1,3250.2,48,2,3250.5,11,2,3250.6,23,1
11536,2025-12-30 11:35:05+05:30,3250.4,1,3249.37,594003,107748.0,115411.0,3250.0,3257.0,3239.8,3251.5,42349475,3576.6,2926.4,4322.95,2866.6,3248.7,3,1,3248.6,150,5,3248.5,41,2,3248.4,284,7,3248.3,174,5,3249.8,175,1,3250.1,12,1,3250.2,48,2,3250.5,11,2,3250.6,23,1
11536,2025-12-30 11:35:05+05:30,3250.4,1,3249.37,594354,109203.0,115209.0,3250.0,3257.0,3239.8,3251.5,42349475,3576.6,2926.4,4322.95,2866.6,3250.0,2,1,3249.8,2,2,3249.5,12,1,3249.3,18,2,3249.2,21,1,3250.4,44,6,3250.5,33,1,3250.6,19,2,3250.7,136,6,3250.8,50,2
11536,2025-12-30 11:35:06+05:30,3250.4,1,3249.37,594354,109203.0,115209.0,3250.0,3257.0,3239.8,3251.5,42349475,3576.6,2926.4,4322.95,2866.6,3250.0,2,1,3249.8,2,2,3249.5,12,1,3249.3,18,2,3249.2,21,1,3250.4,44,6,3250.5,33,1,3250.6,19,2,3250.7,136,6,3250.8,50,2
11536,2025-12-30 11:35:06+05:30,3250.0,13,3249.37,594354,109203.0,115209.0,3250.0,3257.0,3239.8,3251.5,42349475,3576.6,2926.4,4322.95,2866.6,3250.0,2,1,3249.8,2,2,3249.5,12,1,3249.3,18,2,3249.2,21,1,3250.4,44,6,3250.5,33,1,3250.6,19,2,3250.7,136,6,3250.8,50,2
11536,2025-12-30 11:35:06+05:30,3250.0,13,3249.37,594367,109066.0,115221.0,3250.0,3257.0,3239.8,3251.5,42349475,3576.6,2926.4,4322.95,2866.6,3249.8,2,2,3249.3,3,1,3249.1,12,1,3249.0,65,2,3248.9,298,7,3250.0,45,4,3250.1,12,1,3250.3,51,2,3250.4,53,6,3250.6,66,4
11536,2025-12-30 11:35:07+05:30,3249.3,6,3249.37,594367,109066.0,115221.0,3250.0,3257.0,3239.8,3251.5,42349475,3576.6,2926.4,4322.95,2866.6,3249.8,2,2,3249.3,3,1,3249.1,12,1,3249.0,65,2,3248.9,298,7,3250.0,45,4,3250.1,12,1,3250.3,51,2,3250.4,53,6,3250.6,66,4
11536,2025-12-30 11:35:07+05:30,3249.3,6,3249.37,594375,107955.0,115464.0,3250.0,3257.0,3239.8,3251.5,42349475,3576.6,2926.4,4322.95,2866.6,3248.9,46,3,3248.7,35,2,3248.6,42,3,3248.5,79,3,3248.4,322,8,3249.3,20,3,3249.7,26,2,3249.9,33,1,3250.0,45,4,3250.1,35,1
11536,2025-12-30 11:35:07+05:30,3249.3,6,3249.37,594375,107955.0,115464.0,3250.0,3257.0,3239.8,3251.5,42349475,3576.6,2926.4,4322.95,2866.6,3248.9,46,3,3248.7,35,2,3248.6,42,3,3248.5,79,3,3248.4,322,8,3249.3,20,3,3249.7,26,2,3249.9,33,1,3250.0,45,4,3250.1,35,1
11536,2025-12-30 11:35:08+05:30,3248.3,19,3249.37,594375,107955.0,115464.0,3250.0,3257.0,3239.8,3251.5,42349475,3576.6,2926.4,4322.95,2866.6,3248.9,46,3,3248.7,35,2,3248.6,42,3,3248.5,79,3,3248.4,322,8,3249.3,20,3,3249.7,26,2,3249.9,33,1,3250.0,45,4,3250.1,35,1
11536,2025-12-30 11:35:08+05:30,3248.3,19,3249.37,594945,105111.0,116675.0,3250.0,3257.0,3239.8,3251.5,42349475,3576.6,2926.4,4322.95,2866.6,3248.3,42,4,3248.2,33,2,3248.1,83,6,3248.0,371,7,3247.9,463,8,3248.8,33,3,3248.9,57,3,3249.3,22,5,3249.7,26,2,3250.0,39,2
11536,2025-12-30 11:35:09+05:30,3248.2,5,3249.37,594945,105111.0,116675.0,3250.0,3257.0,3239.8,3251.5,42349475,3576.6,2926.4,4322.95,2866.6,3248.3,42,4,3248.2,33,2,3248.1,83,6,3248.0,371,7,3247.9,463,8,3248.8,33,3,3248.9,57,3,3249.3,22,5,3249.7,26,2,3250.0,39,2
11536,2025-12-30 11:35:09+05:30,3248.2,5,3249.37,595171,105104.0,116342.0,3250.0,3257.0,3239.8,3251.5,42349475,3576.6,2926.4,4322.95,2866.6,3248.2,72,5,3248.1,83,6,3248.0,386,7,3247.9,74,5,3247.8,220,10,3248.3,30,5,3248.8,11,2,3248.9,57,3,3249.3,2,2,3249.7,63,2
11536,2025-12-30 11:35:09+05:30,3248.2,5,3249.37,595171,105104.0,116342.0,3250.0,3257.0,3239.8,3251.5,42349475,3576.6,2926.4,4322.95,2866.6,3248.2,72,5,3248.1,83,6,3248.0,386,7,3247.9,74,5,3247.8,220,10,3248.3,30,5,3248.8,11,2,3248.9,57,3,3249.3,2,2,3249.7,63,2
11536,2025-12-30 11:35:10+05:30,3248.8,1,3249.37,595171,105104.0,116342.0,3250.0,3257.0,3239.8,3251.5,42349475,3576.6,2926.4,4322.95,2866.6,3248.2,72,5,3248.1,83,6,3248.0,386,7,3247.9,74,5,3247.8,220,10,3248.3,30,5,3248.8,11,2,3248.9,57,3,3249.3,2,2,3249.7,63,2
11536,2025-12-30 11:35:10+05:30,3248.3,6,3249.37,596164,105281.0,116508.0,3250.0,3257.0,3239.8,3251.5,42349475,3576.6,2926.4,4322.95,2866.6,3248.3,58,5,3248.2,72,4,3248.1,156,6,3248.0,394,8,3247.9,74,5,3248.8,51,3,3249.3,1,1,3249.9,341,2,3250.0,60,2,3250.1,175,1
11536,2025-12-30 11:35:10+05:30,3248.3,6,3249.37,596164,105281.0,116508.0,3250.0,3257.0,3239.8,3251.5,42375900,3576.6,2926.4,4322.95,2866.6,3248.3,58,5,3248.2,72,4,3248.1,156,6,3248.0,394,8,3247.9,74,5,3248.8,51,3,3249.3,1,1,3249.9,341,2,3250.0,60,2,3250.1,175,1
11536,2025-12-30 11:35:11+05:30,3248.3,1,3249.37,596164,105281.0,116508.0,3250.0,3257.0,3239.8,3251.5,42375900,3576.6,2926.4,4322.95,2866.6,3248.3,58,5,3248.2,72,4,3248.1,156,6,3248.0,394,8,3247.9,74,5,3248.8,51,3,3249.3,1,1,3249.9,341,2,3250.0,60,2,3250.1,175,1
11536,2025-12-30 11:35:11+05:30,3248.3,8,3249.37,596206,105260.0,116693.0,3250.0,3257.0,3239.8,3251.5,42375900,3576.6,2926.4,4322.95,2866.6,3248.3,89,8,3248.2,72,4,3248.1,156,6,3248.0,394,8,3247.9,74,5,3248.8,45,4,3249.9,341,2,3250.0,60,2,3250.1,350,2,3250.2,21,1
11536,2025-12-30 11:35:12+05:30,3248.3,13,3249.37,596206,105260.0,116693.0,3250.0,3257.0,3239.8,3251.5,42375900,3576.6,2926.4,4322.95,2866.6,3248.3,89,8,3248.2,72,4,3248.1,156,6,3248.0,394,8,3247.9,74,5,3248.8,45,4,3249.9,341,2,3250.0,60,2,3250.1,350,2,3250.2,21,1
11536,2025-12-30 11:35:12+05:30,3248.3,13,3249.37,596490,105110.0,116703.0,3250.0,3257.0,3239.8,3251.5,42375900,3576.6,2926.4,4322.95,2866.6,3248.3,184,7,3248.2,72,4,3248.1,60,5,3248.0,440,9,3247.9,74,5,3248.8,17,7,3249.9,341,2,3250.0,60,2,3250.1,350,2,3250.2,36,2
11536,2025-12-30 11:35:13+05:30,3248.3,13,3249.37,596490,105110.0,116703.0,3250.0,3257.0,3239.8,3251.5,42375900,3576.6,2926.4,4322.95,2866.6,3248.3,184,7,3248.2,72,4,3248.1,60,5,3248.0,440,9,3247.9,74,5,3248.8,17,7,3249.9,341,2,3250.0,60,2,3250.1,350,2,3250.2,36,2
11536,2025-12-30 11:35:13+05:30,3249.3,1,3249.37,596490,105110.0,116703.0,3250.0,3257.0,3239.8,3251.5,42375900,3576.6,2926.4,4322.95,2866.6,3248.3,184,7,3248.2,72,4,3248.1,60,5,3248.0,440,9,3247.9,74,5,3248.8,17,7,3249.9,341,2,3250.0,60,2,3250.1,350,2,3250.2,36,2
11536,2025-12-30 11:35:13+05:30,3249.3,1,3249.37,596854,108233.0,115163.0,3250.0,3257.0,3239.8,3251.5,42375900,3576.6,2926.4,4322.95,2866.6,3249.3,1,1,3248.8,1,1,3248.7,34,3,3248.6,220,3,3248.5,164,6,3249.8,84,4,3250.1,38,1,3250.3,213,2,3250.5,175,1,3250.6,38,1
11536,2025-12-30 11:35:14+05:30,3249.8,4,3249.37,596858,108590.0,115379.0,3250.0,3257.0,3239.8,3251.5,42375900,3576.6,2926.4,4322.95,2866.6,3249.3,1,1,3248.8,1,1,3248.7,17,2,3248.6,220,3,3248.5,118,5,3249.8,82,6,3250.1,38,1,3250.2,105,1,3250.3,213,2,3250.5,393,4
11536,2025-12-30 11:35:14+05:30,3249.8,4,3249.37,596858,108590.0,115379.0,3250.0,3257.0,3239.8,3251.5,42375900,3576.6,2926.4,4322.95,2866.6,3249.3,1,1,3248.8,1,1,3248.7,17,2,3248.6,220,3,3248.5,118,5,3249.8,82,6,3250.1,38,1,3250.2,105,1,3250.3,213,2,3250.5,393,4
11536,2025-12-30 11:35:15+05:30,3249.8,1,3249.37,596968,108614.0,115263.0,3250.0,3257.0,3239.8,3251.5,42375900,3576.6,2926.4,4322.95,2866.6,3249.4,111,1,3249.3,1,1,3248.8,22,2,3248.7,17,2,3248.6,220,3,3249.8,42,4,3250.1,32,1,3250.2,18,1,3250.3,236,3,3250.5,414,5
11536,2025-12-30 11:35:15+05:30,3249.8,1,3249.37,596968,108614.0,115263.0,3250.0,3257.0,3239.8,3251.5,42375900,3576.6,2926.4,4322.95,2866.6,3249.4,111,1,3249.3,1,1,3248.8,22,2,3248.7,17,2,3248.6,220,3,3249.8,42,4,3250.1,32,1,3250.2,18,1,3250.3,236,3,3250.5,414,5
11536,2025-12-30 11:35:16+05:30,3249.8,1,3249.37,597024,107214.0,114975.0,3250.0,3257.0,3239.8,3251.5,42375900,3576.6,2926.4,4322.95,2866.6,3249.4,70,2,3248.8,62,3,3248.7,37,4,3248.6,245,4,3248.5,464,7,3249.8,22,5,3250.1,32,1,3250.3,35,1,3250.4,160,2,3250.5,193,2
11536,2025-12-30 11:35:16+05:30,3249.8,1,3249.37,597024,107214.0,114975.0,3250.0,3257.0,3239.8,3251.5,42375900,3576.6,2926.4,4322.95,2866.6,3249.4,70,2,3248.8,62,3,3248.7,37,4,3248.6,245,4,3248.5,464,7,3249.8,22,5,3250.1,32,1,3250.3,35,1,3250.4,160,2,3250.5,193,2
11536,2025-12-30 11:35:17+05:30,3249.6,77,3249.37,597102,109131.0,115106.0,3250.0,3257.0,3239.8,3251.5,42375900,3576.6,2926.4,4322.95,2866.6,3249.6,25,1,3249.4,13,1,3249.3,32,1,3249.2,8,1,3249.1,27,2,3249.8,24,7,3250.1,32,1,3250.3,35,1,3250.4,175,1,3250.5,18,1
11536,2025-12-30 11:35:17+05:30,3249.6,25,3249.37,597102,109131.0,115106.0,3250.0,3257.0,3239.8,3251.5,42375900,3576.6,2926.4,4322.95,2866.6,3249.6,25,1,3249.4,13,1,3249.3,32,1,3249.2,8,1,3249.1,27,2,3249.8,24,7,3250.1,32,1,3250.3,35,1,3250.4,175,1,3250.5,18,1
11536,2025-12-30 11:35:18+05:30,3249.4,5,3249.37,597141,107887.0,115466.0,3250.0,3257.0,3239.8,3251.5,42375900,3576.6,2926.4,4322.95,2866.6,3249.4,8,1,3249.3,32,1,3248.8,21,1,3248.7,15,2,3248.6,21,1,3249.6,4,4,3249.7,32,1,3249.8,25,7,3250.0,35,1,3250.1,175,1
11536,2025-12-30 11:35:18+05:30,3249.4,16,3249.37,597141,107887.0,115466.0,3250.0,3257.0,3239.8,3251.5,42375900,3576.6,2926.4,4322.95,2866.6,3249.4,8,1,3249.3,32,1,3248.8,21,1,3248.7,15,2,3248.6,21,1,3249.6,4,4,3249.7,32,1,3249.8,25,7,3250.0,35,1,3250.1,175,1
11536,2025-12-30 11:35:19+05:30,3249.4,3,3249.37,597177,106446.0,115516.0,3250.0,3257.0,3239.8,3251.5,42375900,3576.6,2926.4,4322.95,2866.6,3249.4,10,1,3249.3,32,1,3248.8,21,1,3248.7,15,2,3248.6,21,1,3249.6,8,8,3249.7,32,1,3249.8,20,4,3249.9,35,1,3250.1,190,2
11536,2025-12-30 11:35:19+05:30,3249.4,23,3249.37,597177,106446.0,115516.0,3250.0,3257.0,3239.8,3251.5,42375900,3576.6,2926.4,4322.95,2866.6,3249.4,10,1,3249.3,32,1,3248.8,21,1,3248.7,15,2,3248.6,21,1,3249.6,8,8,3249.7,32,1,3249.8,20,4,3249.9,35,1,3250.1,190,2
11536,2025-12-30 11:35:20+05:30,3249.4,5,3249.37,597222,107987.0,115881.0,3250.0,3257.0,3239.8,3251.5,42375900,3576.6,2926.4,4322.95,2866.6,3249.4,13,1,3249.3,32,1,3248.7,15,2,3248.6,48,2,3248.5,263,6,3249.6,24,10,3249.7,32,1,3249.8,2,1,3249.9,317,2,3250.1,190,2
11536,2025-12-30 11:35:20+05:30,3249.4,12,3249.37,597222,107987.0,115881.0,3250.0,3257.0,3239.8,3251.5,42375900,3576.6,2926.4,4322.95,2866.6,3249.4,13,1,3249.3,32,1,3248.7,15,2,3248.6,48,2,3248.5,263,6,3249.6,24,10,3249.7,32,1,3249.8,2,1,3249.9,317,2,3250.1,190,2
11536,2025-12-30 11:35:21+05:30,3249.3,2,3249.37,597249,108260.0,115357.0,3250.0,3257.0,3239.8,3251.5,42375900,3576.6,2926.4,4322.95,2866.6,3249.3,30,1,3248.7,15,2,3248.6,204,3,3248.5,123,6,3248.4,681,8,3249.6,24,10,3249.7,31,1,3249.8,34,1,3250.2,193,2,3250.3,46,2
11536,2025-12-30 11:35:21+05:30,3249.3,1,3249.37,597249,108260.0,115357.0,3250.0,3257.0,3239.8,3251.5,42375900,3576.6,2926.4,4322.95,2866.6,3249.3,30,1,3248.7,15,2,3248.6,204,3,3248.5,123,6,3248.4,681,8,3249.6,24,10,3249.7,31,1,3249.8,34,1,3250.2,193,2,3250.3,46,2
11536,2025-12-30 11:35:22+05:30,3249.3,5,3249.37,597268,108628.0,114675.0,3250.0,3257.0,3239.8,3251.5,42375900,3576.6,2926.4,4322.95,2866.6,3249.3,11,1,3248.7,3,1,3248.6,204,3,3248.5,123,6,3248.4,381,7,3249.6,55,12,3249.7,282,1,3249.8,34,1,3250.2,216,3,3250.3,46,2
11536,2025-12-30 11:35:22+05:30,3249.3,1,3249.37,597268,108628.0,114675.0,3250.0,3257.0,3239.8,3251.5,42375900,3576.6,2926.4,4322.95,2866.6,3249.3,11,1,3248.7,3,1,3248.6,204,3,3248.5,123,6,3248.4,381,7,3249.6,55,12,3249.7,282,1,3249.8,34,1,3250.2,216,3,3250.3,46,2
11536,2025-12-30 11:35:23+05:30,3249.3,5,3249.37,597279,107656.0,116193.0,3250.0,3257.0,3239.8,3251.5,42375900,3576.6,2926.4,4322.95,2866.6,3248.7,21,2,3248.6,45,2,3248.5,85,5,3248.4,179,5,3248.3,477,7,3249.2,2,2,3249.6,62,13,3249.8,34,1,3249.9,282,1,3250.2,195,3
11536,2025-12-30 11:35:23+05:30,3248.6,1,3249.37,597279,107656.0,116193.0,3250.0,3257.0,3239.8,3251.5,42375900,3576.6,2926.4,4322.95,2866.6,3248.7,21,2,3248.6,45,2,3248.5,85,5,3248.4,179,5,3248.3,477,7,3249.2,2,2,3249.6,62,13,3249.8,34,1,3249.9,282,1,3250.2,195,3
11536,2025-12-30 11:35:24+05:30,3248.7,3,3249.37,597290,107771.0,115723.0,3250.0,3257.0,3239.8,3251.5,42375900,3576.6,2926.4,4322.95,2866.6,3248.7,44,1,3248.6,26,1,3248.5,59,3,3248.4,77,4,3248.3,426,6,3249.2,5,5,3249.6,57,8,3249.8,34,1,3249.9,282,1,3250.2,216,4
11536,2025-12-30 11:35:24+05:30,3248.7,2,3249.37,597290,107771.0,115723.0,3250.0,3257.0,3239.8,3251.5,42375900,3576.6,2926.4,4322.95,2866.6,3248.7,44,1,3248.6,26,1,3248.5,59,3,3248.4,77,4,3248.3,426,6,3249.2,5,5,3249.6,57,8,3249.8,34,1,3249.9,282,1,3250.2,216,4
11536,2025-12-30 11:35:25+05:30,3249.2,14,3249.37,597582,108250.0,117848.0,3250.0,3257.0,3239.8,3251.5,42375900,3576.6,2926.4,4322.95,2866.6,3249.2,4,1,3248.7,206,7,3248.6,239,4,3248.5,127,5,3248.4,660,10,3250.0,80,5,3250.1,285,2,3250.2,190,2,3250.4,403,4,3250.5,12,3
11536,2025-12-30 11:35:25+05:30,3250.0,1,3249.37,597582,108250.0,117848.0,3250.0,3257.0,3239.8,3251.5,42375900,3576.6,2926.4,4322.95,2866.6,3249.2,4,1,3248.7,206,7,3248.6,239,4,3248.5,127,5,3248.4,660,10,3250.0,80,5,3250.1,285,2,3250.2,190,2,3250.4,403,4,3250.5,12,3
11536,2025-12-30 11:35:26+05:30,3250.0,1,3249.37,597584,108509.0,117839.0,3250.0,3257.0,3239.8,3251.5,42375900,3576.6,2926.4,4322.95,2866.6,3249.2,4,1,3248.7,75,4,3248.6,239,4,3248.5,127,5,3248.4,297,7,3249.9,347,3,3250.0,192,6,3250.1,3,1,3250.2,190,2,3250.4,255,4
11536,2025-12-30 11:35:26+05:30,3250.0,1,3249.37,597584,108509.0,117839.0,3250.0,3257.0,3239.8,3251.5,42375900,3576.6,2926.4,4322.95,2866.6,3249.2,4,1,3248.7,75,4,3248.6,239,4,3248.5,127,5,3248.4,297,7,3249.9,347,3,3250.0,192,6,3250.1,3,1,3250.2,190,2,3250.4,255,4
11536,2025-12-30 11:35:27+05:30,3249.2,4,3249.37,597771,108405.0,117709.0,3250.0,3257.0,3239.8,3251.5,42375900,3576.6,2926.4,4322.95,2866.6,3249.2,46,1,3248.7,19,2,3248.6,220,3,3248.5,127,5,3248.4,279,6,3249.9,330,4,3250.0,182,4,3250.1,23,1,3250.2,365,3,3250.4,53,2
11536,2025-12-30 11:35:27+05:30,3249.2,4,3249.37,597771,108405.0,117709.0,3250.0,3257.0,3239.8,3251.5,42375900,3576.6,2926.4,4322.95,2866.6,3249.2,46,1,3248.7,19,2,3248.6,220,3,3248.5,127,5,3248.4,279,6,3249.9,330,4,3250.0,182,4,3250.1,23,1,3250.2,365,3,3250.4,53,2
11536,2025-12-30 11:35:27+05:30,3249.2,42,3249.37,597814,108411.0,117888.0,3250.0,3257.0,3239.8,3251.5,42375900,3576.6,2926.4,4322.95,2866.6,3249.2,52,2,3248.7,19,2,3248.6,220,3,3248.5,127,5,3248.4,279,6,3249.8,67,3,3249.9,292,4,3250.0,176,2,3250.2,388,4,3250.4,81,3
11536,2025-12-30 11:35:28+05:30,3249.2,2,3249.37,597814,108411.0,117888.0,3250.0,3257.0,3239.8,3251.5,42375900,3576.6,2926.4,4322.95,2866.6,3249.2,52,2,3248.7,19,2,3248.6,220,3,3248.5,127,5,3248.4,279,6,3249.8,67,3,3249.9,292,4,3250.0,176,2,3250.2,388,4,3250.4,81,3
11536,2025-12-30 11:35:28+05:30,3249.3,55,3249.37,597876,108582.0,117841.0,3250.0,3257.0,3239.8,3251.5,42375900,3576.6,2926.4,4322.95,2866.6,3249.3,50,1,3249.2,47,1,3248.7,19,2,3248.6,220,3,3248.5,127,5,3249.8,350,7,3249.9,4,2,3250.0,198,2,3250.2,388,4,3250.4,81,3
11536,2025-12-30 11:35:29+05:30,3249.3,1,3249.37,597876,108582.0,117841.0,3250.0,3257.0,3239.8,3251.5,42375900,3576.6,2926.4,4322.95,2866.6,3249.3,50,1,3249.2,47,1,3248.7,19,2,3248.6,220,3,3248.5,127,5,3249.8,350,7,3249.9,4,2,3250.0,198,2,3250.2,388,4,3250.4,81,3
11536,2025-12-30 11:35:30+05:30,3249.3,13,3249.37,597890,108563.0,118004.0,3250.0,3257.0,3239.8,3251.5,42375900,3576.6,2926.4,4322.95,2866.6,3249.3,36,1,3249.2,47,1,3248.7,19,2,3248.6,220,3,3248.5,127,5,3249.7,32,2,3249.8,320,7,3249.9,21,2,3250.0,221,3,3250.2,388,4
11536,2025-12-30 11:35:30+05:30,3249.3,28,3249.37,597890,108563.0,118004.0,3250.0,3257.0,3239.8,3251.5,42375900,3576.6,2926.4,4322.95,2866.6,3249.3,36,1,3249.2,47,1,3248.7,19,2,3248.6,220,3,3248.5,127,5,3249.7,32,2,3249.8,320,7,3249.9,21,2,3250.0,221,3,3250.2,388,4
11536,2025-12-30 11:35:31+05:30,3249.5,16,3249.37,598040,108738.0,118146.0,3250.0,3257.0,3239.8,3251.5,42375900,3576.6,2926.4,4322.95,2866.6,3249.5,25,1,3249.2,47,1,3248.7,19,2,3248.6,220,3,3248.5,283,6,3249.7,74,8,3249.8,284,3,3250.0,175,1,3250.2,406,5,3250.3,31,1
11536,2025-12-30 11:35:31+05:30,3249.7,3,3249.37,598040,108738.0,118146.0,3250.0,3257.0,3239.8,3251.5,42375900,3576.6,2926.4,4322.95,2866.6,3249.5,25,1,3249.2,47,1,3248.7,19,2,3248.6,220,3,3248.5,283,6,3249.7,74,8,3249.8,284,3,3250.0,175,1,3250.2,406,5,3250.3,31,1
11536,2025-12-30 11:35:32+05:30,3249.5,4,3249.37,598040,108738.0,118146.0,3250.0,3257.0,3239.8,3251.5,42375900,3576.6,2926.4,4322.95,2866.6,3249.5,25,1,3249.2,47,1,3248.7,19,2,3248.6,220,3,3248.5,283,6,3249.7,74,8,3249.8,284,3,3250.0,175,1,3250.2,406,5,3250.3,31,1
11536,2025-12-30 11:35:32+05:30,3249.5,4,3249.37,598058,108376.0,117777.0,3250.0,3257.0,3239.8,3251.5,42375900,3576.6,2926.4,4322.95,2866.6,3249.6,47,1,3249.2,47,1,3248.7,16,1,3248.6,64,2,3248.5,127,5,3249.7,529,12,3249.9,350,2,3250.2,56,3,3250.3,31,1,3250.4,129,5
11536,2025-12-30 11:35:33+05:30,3249.6,47,3249.37,598165,108006.0,118009.0,3250.0,3257.0,3239.8,3251.5,42375900,3576.6,2926.4,4322.95,2866.6,3249.5,2,1,3249.3,2,1,3249.2,54,2,3248.7,16,1,3248.6,78,3,3249.7,528,13,3249.9,350,2,3250.2,59,4,3250.3,31,1,3250.4,129,5
11536,2025-12-30 11:35:33+05:30,3249.5,2,3249.37,598165,108006.0,118009.0,3250.0,3257.0,3239.8,3251.5,42375900,3576.6,2926.4,4322.95,2866.6,3249.5,2,1,3249.3,2,1,3249.2,54,2,3248.7,16,1,3248.6,78,3,3249.7,528,13,3249.9,350,2,3250.2,59,4,3250.3,31,1,3250.4,129,5
11536,2025-12-30 11:35:34+05:30,3249.2,3,3249.37,598194,108118.0,118026.0,3250.0,3257.0,3239.8,3251.5,42375900,3576.6,2926.4,4322.95,2866.6,3249.2,46,2,3248.6,78,3,3248.5,46,2,3248.4,238,4,3248.3,625,8,3249.6,346,4,3249.7,187,10,3249.8,10,1,3249.9,350,2,3250.2,36,3
11536,2025-12-30 11:35:34+05:30,3249.2,3,3249.37,598194,108118.0,118026.0,3250.0,3257.0,3239.8,3251.5,42375900,3576.6,2926.4,4322.95,2866.6,3249.2,46,2,3248.6,78,3,3248.5,46,2,3248.4,238,4,3248.3,625,8,3249.6,346,4,3249.7,187,10,3249.8,10,1,3249.9,350,2,3250.2,36,3
11536,2025-12-30 11:35:35+05:30,3249.6,1,3249.37,598216,108063.0,117971.0,3250.0,3257.0,3239.8,3251.5,42375900,3576.6,2926.4,4322.95,2866.6,3249.2,25,2,3248.6,78,3,3248.5,46,2,3248.4,238,4,3248.3,625,8,3249.6,348,7,3249.7,182,6,3249.8,10,1,3249.9,350,2,3250.2,64,4
11536,2025-12-30 11:35:35+05:30,3249.2,16,3249.37,598216,108063.0,117971.0,3250.0,3257.0,3239.8,3251.5,42375900,3576.6,2926.4,4322.95,2866.6,3249.2,25,2,3248.6,78,3,3248.5,46,2,3248.4,238,4,3248.3,625,8,3249.6,348,7,3249.7,182,6,3249.8,10,1,3249.9,350,2,3250.2,64,4
11536,2025-12-30 11:35:36+05:30,3249.2,1,3249.37,598216,108063.0,117971.0,3250.0,3257.0,3239.8,3251.5,42375900,3576.6,2926.4,4322.95,2866.6,3249.2,25,2,3248.6,78,3,3248.5,46,2,3248.4,238,4,3248.3,625,8,3249.6,348,7,3249.7,182,6,3249.8,10,1,3249.9,350,2,3250.2,64,4
11536,2025-12-30 11:35:36+05:30,3249.2,1,3249.37,598266,107951.0,118005.0,3250.0,3257.0,3239.8,3251.5,42375900,3576.6,2926.4,4322.95,2866.6,3249.2,6,1,3248.6,57,2,3248.5,46,2,3248.4,220,3,3248.3,625,8,3249.6,346,12,3249.7,176,2,3249.8,10,1,3249.9,363,3,3250.1,55,2
11536,2025-12-30 11:35:37+05:30,3248.6,4,3249.37,598266,107951.0,118005.0,3250.0,3257.0,3239.8,3251.5,42375900,3576.6,2926.4,4322.95,2866.6,3249.2,6,1,3248.6,57,2,3248.5,46,2,3248.4,220,3,3248.3,625,8,3249.6,346,12,3249.7,176,2,3249.8,10,1,3249.9,363,3,3250.1,55,2
11536,2025-12-30 11:35:37+05:30,3248.6,4,3249.37,598307,105589.0,117998.0,3250.0,3257.0,3239.8,3251.5,42375900,3576.6,2926.4,4322.95,2866.6,3248.6,5,1,3248.5,3,1,3248.3,373,4,3248.2,6,1,3248.1,28,3,3249.2,292,4,3249.3,10,1,3249.6,6,6,3249.7,30,1,3249.8,175,1
11536,2025-12-30 11:35:38+05:30,3248.9,8,3249.37,598307,105589.0,117998.0,3250.0,3257.0,3239.8,3251.5,42375900,3576.6,2926.4,4322.95,2866.6,3248.6,5,1,3248.5,3,1,3248.3,373,4,3248.2,6,1,3248.1,28,3,3249.2,292,4,3249.3,10,1,3249.6,6,6,3249.7,30,1,3249.8,175,1
11536,2025-12-30 11:35:38+05:30,3248.9,8,3249.37,598325,106532.0,118092.0,3250.0,3257.0,3239.8,3251.5,42375900,3576.6,2926.4,4322.95,2866.6,3248.6,5,1,3248.5,28,4,3248.3,363,4,3248.2,92,4,3248.1,53,4,3248.8,1,1,3249.0,282,1,3249.2,14,7,3249.3,10,1,3249.6,31,2
11536,2025-12-30 11:35:39+05:30,3248.6,4,3249.37,598325,106532.0,118092.0,3250.0,3257.0,3239.8,3251.5,42375900,3576.6,2926.4,4322.95,2866.6,3248.6,5,1,3248.5,28,4,3248.3,363,4,3248.2,92,4,3248.1,53,4,3248.8,1,1,3249.0,282,1,3249.2,14,7,3249.3,10,1,3249.6,31,2
11536,2025-12-30 11:35:39+05:30,3249.0,50,3249.37,598465,107106.0,116431.0,3250.0,3257.0,3239.8,3251.5,42375900,3576.6,2926.4,4322.95,2866.6,3248.8,4,1,3248.6,11,1,3248.5,5,2,3248.4,5,1,3248.3,373,4,3249.0,282,1,3249.2,4,4,3249.7,63,2,3249.9,213,2,3250.0,31,4
11536,2025-12-30 11:35:40+05:30,3248.8,5,3249.37,598465,107106.0,116431.0,3250.0,3257.0,3239.8,3251.5,42375900,3576.6,2926.4,4322.95,2866.6,3248.8,4,1,3248.6,11,1,3248.5,5,2,3248.4,5,1,3248.3,373,4,3249.0,282,1,3249.2,4,4,3249.7,63,2,3249.9,213,2,3250.0,31,4
11536,2025-12-30 11:35:40+05:30,3248.8,1,3249.37,598473,107156.0,118675.0,3250.0,3257.0,3239.8,3251.5,42375900,3576.6,2926.4,4322.95,2866.6,3248.8,5,2,3248.6,11,1,3248.5,3,1,3248.4,5,1,3248.3,373,4,3249.0,287,3,3249.2,1,1,3249.5,63,2,3249.7,175,1,3249.9,388,3
11536,2025-12-30 11:35:41+05:30,3248.8,1,3249.37,598473,107156.0,118675.0,3250.0,3257.0,3239.8,3251.5,42375900,3576.6,2926.4,4322.95,2866.6,3248.8,5,2,3248.6,11,1,3248.5,3,1,3248.4,5,1,3248.3,373,4,3249.0,287,3,3249.2,1,1,3249.5,63,2,3249.7,175,1,3249.9,388,3
11536,2025-12-30 11:35:41+05:30,3248.8,23,3249.37,598526,106574.0,119188.0,3250.0,3257.0,3239.8,3251.5,42375900,3576.6,2926.4,4322.95,2866.6,3248.8,20,1,3248.6,11,1,3248.5,3,1,3248.3,373,4,3248.2,56,2,3249.0,287,5,3249.4,29,1,3249.5,33,1,3249.7,175,1,3249.9,388,3
11536,2025-12-30 11:35:42+05:30,3249.0,136,3249.37,598526,106574.0,119188.0,3250.0,3257.0,3239.8,3251.5,42375900,3576.6,2926.4,4322.95,2866.6,3248.8,20,1,3248.6,11,1,3248.5,3,1,3248.3,373,4,3248.2,56,2,3249.0,287,5,3249.4,29,1,3249.5,33,1,3249.7,175,1,3249.9,388,3
11536,2025-12-30 11:35:42+05:30,3248.7,1,3249.37,598687,107238.0,118401.0,3250.0,3257.0,3239.8,3251.5,42375900,3576.6,2926.4,4322.95,2866.6,3248.7,10,1,3248.6,11,1,3248.5,54,4,3248.3,467,8,3248.2,39,3,3249.0,26,6,3249.5,33,1,3249.8,29,1,3249.9,350,2,3250.0,31,4
11536,2025-12-30 11:35:43+05:30,3248.7,1,3249.37,598687,107238.0,118401.0,3250.0,3257.0,3239.8,3251.5,42375900,3576.6,2926.4,4322.95,2866.6,3248.7,10,1,3248.6,11,1,3248.5,54,4,3248.3,467,8,3248.2,39,3,3249.0,26,6,3249.5,33,1,3249.8,29,1,3249.9,350,2,3250.0,31,4
11536,2025-12-30 11:35:43+05:30,3248.7,13,3249.37,598701,107280.0,118794.0,3250.0,3257.0,3239.8,3251.5,42375900,3576.6,2926.4,4322.95,2866.6,3248.7,20,1,3248.6,11,1,3248.5,31,2,3248.3,434,7,3248.2,21,2,3249.0,26,7,3249.5,33,1,3249.7,29,1,3249.8,175,1,3250.0,381,6
11536,2025-12-30 11:35:44+05:30,3248.7,43,3249.37,598701,107280.0,118794.0,3250.0,3257.0,3239.8,3251.5,42375900,3576.6,2926.4,4322.95,2866.6,3248.7,20,1,3248.6,11,1,3248.5,31,2,3248.3,434,7,3248.2,21,2,3249.0,26,7,3249.5,33,1,3249.7,29,1,3249.8,175,1,3250.0,381,6
11536,2025-12-30 11:35:44+05:30,3248.8,2,3249.37,598757,107271.0,118987.0,3250.0,3257.0,3239.8,3251.5,42375900,3576.6,2926.4,4322.95,2866.6,3248.8,7,1,3248.6,11,1,3248.5,3,1,3248.3,396,6,3248.2,60,4,3249.0,23,7,3249.5,33,1,3249.7,29,1,3249.8,175,1,3250.0,391,6
11536,2025-12-30 11:35:45+05:30,3249.0,1,3249.37,598757,107271.0,118987.0,3250.0,3257.0,3239.8,3251.5,42375900,3576.6,2926.4,4322.95,2866.6,3248.8,7,1,3248.6,11,1,3248.5,3,1,3248.3,396,6,3248.2,60,4,3249.0,23,7,3249.5,33,1,3249.7,29,1,3249.8,175,1,3250.0,391,6
11536,2025-12-30 11:35:45+05:30,3248.8,4,3249.37,598785,107135.0,118985.0,3250.0,3257.0,3239.8,3251.5,42375900,3576.6,2926.4,4322.95,2866.6,3248.8,16,1,3248.6,17,2,3248.5,3,1,3248.3,405,6,3248.2,22,3,3249.0,21,7,3249.5,33,1,3249.7,29,1,3249.8,175,1,3250.0,391,6
11536,2025-12-30 11:35:46+05:30,3249.8,164,3249.37,598785,107135.0,118985.0,3250.0,3257.0,3239.8,3251.5,42375900,3576.6,2926.4,4322.95,2866.6,3248.8,16,1,3248.6,17,2,3248.5,3,1,3248.3,405,6,3248.2,22,3,3249.0,21,7,3249.5,33,1,3249.7,29,1,3249.8,175,1,3250.0,391,6
11536,2025-12-30 11:35:46+05:30,3249.8,1,3249.37,599069,107761.0,117623.0,3250.0,3257.0,3239.8,3251.5,42375900,3576.6,2926.4,4322.95,2866.6,3248.9,15,1,3248.8,45,1,3248.7,26,2,3248.6,27,2,3248.5,59,3,3249.8,304,4,3249.9,72,3,3250.0,5,1,3250.1,365,3,3250.2,59,3
11536,2025-12-30 11:35:47+05:30,3248.8,3,3249.37,599069,107761.0,117623.0,3250.0,3257.0,3239.8,3251.5,42375900,3576.6,2926.4,4322.95,2866.6,3248.9,15,1,3248.8,45,1,3248.7,26,2,3248.6,27,2,3248.5,59,3,3249.8,304,4,3249.9,72,3,3250.0,5,1,3250.1,365,3,3250.2,59,3
11536,2025-12-30 11:35:47+05:30,3248.8,3,3249.37,599128,107759.0,119015.0,3250.0,3257.0,3239.8,3251.5,42375900,3576.6,2926.4,4322.95,2866.6,3248.8,34,1,3248.7,10,1,3248.6,21,2,3248.5,3,1,3248.4,21,2,3248.9,11,3,3249.8,221,7,3249.9,81,3,3250.0,355,3,3250.2,111,5
11536,2025-12-30 11:35:48+05:30,3248.6,3,3249.37,599128,107759.0,119015.0,3250.0,3257.0,3239.8,3251.5,42375900,3576.6,2926.4,4322.95,2866.6,3248.8,34,1,3248.7,10,1,3248.6,21,2,3248.5,3,1,3248.4,21,2,3248.9,11,3,3249.8,221,7,3249.9,81,3,3250.0,355,3,3250.2,111,5
11536,2025-12-30 11:35:48+05:30,3249.8,67,3249.37,599373,106876.0,117847.0,3250.0,3257.0,3239.8,3251.5,42375900,3576.6,2926.4,4322.95,2866.6,3248.6,28,3,3248.5,38,4,3248.4,172,3,3248.3,420,7,3248.2,418,8,3249.8,424,4,3249.9,33,1,3250.0,355,3,3250.2,105,5,3250.3,31,1
11536,2025-12-30 11:35:49+05:30,3248.6,11,3249.37,599373,106876.0,117847.0,3250.0,3257.0,3239.8,3251.5,42375900,3576.6,2926.4,4322.95,2866.6,3248.6,28,3,3248.5,38,4,3248.4,172,3,3248.3,420,7,3248.2,418,8,3249.8,424,4,3249.9,33,1,3250.0,355,3,3250.2,105,5,3250.3,31,1
11536,2025-12-30 11:35:49+05:30,3249.7,5,3249.37,599417,107052.0,118171.0,3250.0,3257.0,3239.8,3251.5,42375900,3576.6,2926.4,4322.95,2866.6,3248.6,13,2,3248.5,28,3,3248.4,26,2,3248.3,453,9,3248.2,274,8,3249.7,34,2,3249.8,435,5,3250.0,355,3,3250.2,105,5,3250.3,31,1
11536,2025-12-30 11:35:50+05:30,3248.5,2,3249.37,599417,107052.0,118171.0,3250.0,3257.0,3239.8,3251.5,42375900,3576.6,2926.4,4322.95,2866.6,3248.6,13,2,3248.5,28,3,3248.4,26,2,3248.3,453,9,3248.2,274,8,3249.7,34,2,3249.8,435,5,3250.0,355,3,3250.2,105,5,3250.3,31,1
11536,2025-12-30 11:35:50+05:30,3248.5,2,3249.37,599567,106359.0,118402.0,3250.0,3257.0,3239.8,3251.5,42375900,3576.6,2926.4,4322.95,2866.6,3248.5,47,5,3248.4,13,2,3248.3,458,10,3248.2,290,9,3248.1,491,9,3249.7,78,7,3249.8,294,3,3249.9,108,1,3250.0,5,1,3250.1,350,2
11536,2025-12-30 11:35:51+05:30,3248.5,10,3249.37,599567,106359.0,118402.0,3250.0,3257.0,3239.8,3251.5,42375900,3576.6,2926.4,4322.95,2866.6,3248.5,47,5,3248.4,13,2,3248.3,458,10,3248.2,290,9,3248.1,491,9,3249.7,78,7,3249.8,294,3,3249.9,108,1,3250.0,5,1,3250.1,350,2
11536,2025-12-30 11:35:51+05:30,3248.5,10,3249.37,599641,106062.0,118129.0,3250.0,3257.0,3239.8,3251.5,42375900,3576.6,2926.4,4322.95,2866.6,3248.5,31,3,3248.4,8,1,3248.3,473,10,3248.2,97,5,3248.1,445,8,3249.7,365,10,3249.8,4,1,3249.9,108,1,3250.0,5,1,3250.1,388,3
11536,2025-12-30 11:35:52+05:30,3248.5,13,3249.37,599641,106062.0,118129.0,3250.0,3257.0,3239.8,3251.5,42375900,3576.6,2926.4,4322.95,2866.6,3248.5,31,3,3248.4,8,1,3248.3,473,10,3248.2,97,5,3248.1,445,8,3249.7,365,10,3249.8,4,1,3249.9,108,1,3250.0,5,1,3250.1,388,3
11536,2025-12-30 11:35:52+05:30,3248.5,14,3249.37,599730,105862.0,119485.0,3250.0,3257.0,3239.8,3251.5,42375900,3576.6,2926.4,4322.95,2866.6,3248.4,60,4,3248.3,467,9,3248.2,98,5,3248.1,130,9,3248.0,388,8,3248.5,5,1,3248.6,28,1,3249.6,114,1,3249.7,327,8,3249.8,21,1
11536,2025-12-30 11:35:53+05:30,3248.4,1,3249.37,599730,105862.0,119485.0,3250.0,3257.0,3239.8,3251.5,42375900,3576.6,2926.4,4322.95,2866.6,3248.4,60,4,3248.3,467,9,3248.2,98,5,3248.1,130,9,3248.0,388,8,3248.5,5,1,3248.6,28,1,3249.6,114,1,3249.7,327,8,3249.8,21,1
11536,2025-12-30 11:35:53+05:30,3248.4,6,3249.37,599781,105829.0,119429.0,3250.0,3257.0,3239.8,3251.5,42375900,3576.6,2926.4,4322.95,2866.6,3248.4,36,2,3248.3,467,9,3248.2,98,5,3248.1,130,9,3248.0,388,8,3248.5,11,6,3248.6,28,1,3249.6,126,1,3249.7,320,5,3249.8,129,2
11536,2025-12-30 11:35:54+05:30,3248.4,15,3249.37,599781,105829.0,119429.0,3250.0,3257.0,3239.8,3251.5,42375900,3576.6,2926.4,4322.95,2866.6,3248.4,36,2,3248.3,467,9,3248.2,98,5,3248.1,130,9,3248.0,388,8,3248.5,11,6,3248.6,28,1,3249.6,126,1,3249.7,320,5,3249.8,129,2
11536,2025-12-30 11:35:54+05:30,3249.0,11,3249.37,599891,107798.0,118063.0,3250.0,3257.0,3239.8,3251.5,42375900,3576.6,2926.4,4322.95,2866.6,3249.0,182,1,3248.5,4,1,3248.4,78,3,3248.3,441,9,3248.2,286,7,3249.6,39,2,3249.7,34,2,3249.8,390,2,3249.9,38,1,3250.0,355,3
11536,2025-12-30 11:35:55+05:30,3249.6,1,3249.37,599891,107798.0,118063.0,3250.0,3257.0,3239.8,3251.5,42375900,3576.6,2926.4,4322.95,2866.6,3249.0,182,1,3248.5,4,1,3248.4,78,3,3248.3,441,9,3248.2,286,7,3249.6,39,2,3249.7,34,2,3249.8,390,2,3249.9,38,1,3250.0,355,3
11536,2025-12-30 11:35:55+05:30,3249.0,7,3249.37,599899,107753.0,118019.0,3250.0,3257.0,3239.8,3251.5,42375900,3576.6,2926.4,4322.95,2866.6,3249.0,185,2,3248.5,4,1,3248.4,78,3,3248.3,457,10,3248.2,312,8,3249.6,325,5,3249.7,33,1,3249.8,108,1,3249.9,38,1,3250.0,355,3
11536,2025-12-30 11:35:56+05:30,3249.0,7,3249.37,599899,107753.0,118019.0,3250.0,3257.0,3239.8,3251.5,42375900,3576.6,2926.4,4322.95,2866.6,3249.0,185,2,3248.5,4,1,3248.4,78,3,3248.3,457,10,3248.2,312,8,3249.6,325,5,3249.7,33,1,3249.8,108,1,3249.9,38,1,3250.0,355,3
11536,2025-12-30 11:35:56+05:30,3249.6,28,3249.37,599936,107965.0,117958.0,3250.0,3257.0,3239.8,3251.5,42375900,3576.6,2926.4,4322.95,2866.6,3249.1,5,1,3249.0,239,3,3248.5,3,1,3248.4,73,2,3248.3,454,9,3249.6,8,5,3249.7,325,3,3249.8,108,1,3250.0,358,4,3250.1,53,2
11536,2025-12-30 11:35:57+05:30,3249.1,78,3249.37,599936,107965.0,117958.0,3250.0,3257.0,3239.8,3251.5,42375900,3576.6,2926.4,4322.95,2866.6,3249.1,5,1,3249.0,239,3,3248.5,3,1,3248.4,73,2,3248.3,454,9,3249.6,8,5,3249.7,325,3,3249.8,108,1,3250.0,358,4,3250.1,53,2
11536,2025-12-30 11:35:57+05:30,3249.5,1,3249.37,600044,107989.0,119293.0,3250.0,3257.0,3239.8,3251.5,42375900,3576.6,2926.4,4322.95,2866.6,3249.1,26,1,3249.0,239,3,3248.5,3,1,3248.4,73,2,3248.3,454,9,3249.5,320,3,3249.6,13,8,3249.7,33,1,3249.8,108,1,3250.0,358,4
11536,2025-12-30 11:35:58+05:30,3249.0,3,3249.37,600044,107989.0,119293.0,3250.0,3257.0,3239.8,3251.5,42375900,3576.6,2926.4,4322.95,2866.6,3249.1,26,1,3249.0,239,3,3248.5,3,1,3248.4,73,2,3248.3,454,9,3249.5,320,3,3249.6,13,8,3249.7,33,1,3249.8,108,1,3250.0,358,4
11536,2025-12-30 11:35:58+05:30,3249.0,3,3249.37,600127,108098.0,119272.0,3250.0,3257.0,3239.8,3251.5,42375900,3576.6,2926.4,4322.95,2866.6,3249.1,10,1,3249.0,236,3,3248.4,229,3,3248.3,454,9,3248.2,263,7,3249.4,29,1,3249.5,295,5,3249.6,15,7,3249.7,33,1,3249.8,108,1
11536,2025-12-30 11:35:59+05:30,3249.1,23,3249.37,600127,108098.0,119272.0,3250.0,3257.0,3239.8,3251.5,42375900,3576.6,2926.4,4322.95,2866.6,3249.1,10,1,3249.0,236,3,3248.4,229,3,3248.3,454,9,3248.2,263,7,3249.4,29,1,3249.5,295,5,3249.6,15,7,3249.7,33,1,3249.8,108,1
11536,2025-12-30 11:35:59+05:30,3249.1,1,3249.37,600178,108091.0,119212.0,3250.0,3257.0,3239.8,3251.5,42375900,3576.6,2926.4,4322.95,2866.6,3249.1,4,1,3249.0,236,3,3248.4,229,3,3248.3,454,9,3248.2,263,7,3249.4,318,9,3249.5,45,4,3249.6,7,2,3249.8,108,1,3250.0,358,4
11536,2025-12-30 11:36:00+05:30,3249.1,16,3249.37,600178,108091.0,119212.0,3250.0,3257.0,3239.8,3251.5,42375900,3576.6,2926.4,4322.95,2866.6,3249.1,4,1,3249.0,236,3,3248.4,229,3,3248.3,454,9,3248.2,263,7,3249.4,318,9,3249.5,45,4,3249.6,7,2,3249.8,108,1,3250.0,358,4
11536,2025-12-30 11:36:00+05:30,3249.1,20,3249.37,600219,108126.0,119319.0,3250.0,3257.0,3239.8,3251.5,42375900,3576.6,2926.4,4322.95,2866.6,3249.1,79,2,3249.0,236,3,3248.9,10,1,3248.4,177,2,3248.3,416,8,3249.4,290,9,3249.5,44,3,3249.6,5,1,3249.7,30,1,3249.8,108,1
11536,2025-12-30 11:36:01+05:30,3249.1,10,3249.37,600219,108126.0,119319.0,3250.0,3257.0,3239.8,3251.5,42375900,3576.6,2926.4,4322.95,2866.6,3249.1,79,2,3249.0,236,3,3248.9,10,1,3248.4,177,2,3248.3,416,8,3249.4,290,9,3249.5,44,3,3249.6,5,1,3249.7,30,1,3249.8,108,1
11536,2025-12-30 11:36:01+05:30,3249.1,2,3249.37,600248,108059.0,119173.0,3250.0,3257.0,3239.8,3251.5,42375900,3576.6,2926.4,4322.95,2866.6,3249.1,52,1,3249.0,236,3,3248.9,10,1,3248.4,177,2,3248.3,416,8,3249.4,290,9,3249.5,63,2,3249.6,5,1,3249.8,108,1,3249.9,40,1
11536,2025-12-30 11:36:02+05:30,3249.1,6,3249.37,600248,108059.0,119173.0,3250.0,3257.0,3239.8,3251.5,42375900,3576.6,2926.4,4322.95,2866.6,3249.1,52,1,3249.0,236,3,3248.9,10,1,3248.4,177,2,3248.3,416,8,3249.4,290,9,3249.5,63,2,3249.6,5,1,3249.8,108,1,3249.9,40,1
11536,2025-12-30 11:36:02+05:30,3249.1,6,3249.37,600261,107837.0,116425.0,3250.0,3257.0,3239.8,3251.5,42375900,3576.6,2926.4,4322.95,2866.6,3249.1,55,3,3249.0,243,4,3248.4,21,1,3248.3,438,8,3248.2,286,9,3249.4,291,10,3249.5,63,2,3249.6,25,2,3249.7,108,1,3249.9,390,3
11536,2025-12-30 11:36:03+05:30,3249.1,6,3249.37,600261,107837.0,116425.0,3250.0,3257.0,3239.8,3251.5,42375900,3576.6,2926.4,4322.95,2866.6,3249.1,55,3,3249.0,243,4,3248.4,21,1,3248.3,438,8,3248.2,286,9,3249.4,291,10,3249.5,63,2,3249.6,25,2,3249.7,108,1,3249.9,390,3
11536,2025-12-30 11:36:03+05:30,3249.1,3,3249.37,600276,107472.0,119296.0,3250.0,3257.0,3239.8,3251.5,42375900,3576.6,2926.4,4322.95,2866.6,3249.1,40,3,3249.0,243,4,3248.4,21,1,3248.3,398,7,3248.2,130,8,3249.4,293,12,3249.5,63,2,3249.6,25,2,3249.7,108,1,3249.9,390,3
11536,2025-12-30 11:36:04+05:30,3249.1,3,3249.37,600276,107472.0,119296.0,3250.0,3257.0,3239.8,3251.5,42375900,3576.6,2926.4,4322.95,2866.6,3249.1,40,3,3249.0,243,4,3248.4,21,1,3248.3,398,7,3248.2,130,8,3249.4,293,12,3249.5,63,2,3249.6,25,2,3249.7,108,1,3249.9,390,3
11536,2025-12-30 11:36:04+05:30,3249.2,3,3249.37,600289,107608.0,119275.0,3250.0,3257.0,3239.8,3251.5,42375900,3576.6,2926.4,4322.95,2866.6,3249.2,3,1,3249.1,24,2,3249.0,243,4,3248.4,21,1,3248.3,398,7,3249.4,292,11,3249.5,63,2,3249.6,25,2,3249.7,108,1,3249.9,390,3
11536,2025-12-30 11:36:05+05:30,3249.2,2,3249.37,600289,107608.0,119275.0,3250.0,3257.0,3239.8,3251.5,42375900,3576.6,2926.4,4322.95,2866.6,3249.2,3,1,3249.1,24,2,3249.0,243,4,3248.4,21,1,3248.3,398,7,3249.4,292,11,3249.5,63,2,3249.6,25,2,3249.7,108,1,3249.9,390,3
11536,2025-12-30 11:36:05+05:30,3249.2,1,3249.37,600298,107610.0,119282.0,3250.0,3257.0,3239.8,3251.5,42375900,3576.6,2926.4,4322.95,2866.6,3249.2,5,1,3249.1,24,2,3249.0,243,4,3248.4,21,1,3248.3,398,7,3249.4,292,11,3249.5,63,2,3249.6,25,2,3249.7,108,1,3249.9,390,3
11536,2025-12-30 11:36:06+05:30,3249.4,111,3249.37,600298,107610.0,119282.0,3250.0,3257.0,3239.8,3251.5,42375900,3576.6,2926.4,4322.95,2866.6,3249.2,5,1,3249.1,24,2,3249.0,243,4,3248.4,21,1,3248.3,398,7,3249.4,292,11,3249.5,63,2,3249.6,25,2,3249.7,108,1,3249.9,390,3
11536,2025-12-30 11:36:06+05:30,3249.3,6,3249.37,600425,108069.0,119347.0,3250.0,3257.0,3239.8,3251.5,42375900,3576.6,2926.4,4322.95,2866.6,3249.2,55,2,3249.1,78,3,3249.0,243,4,3248.4,202,5,3248.3,578,8,3249.3,169,1,3249.4,292,7,3249.5,33,1,3249.6,25,2,3249.7,138,2
11536,2025-12-30 11:36:07+05:30,3249.2,2,3249.37,600425,108069.0,119347.0,3250.0,3257.0,3239.8,3251.5,42375900,3576.6,2926.4,4322.95,2866.6,3249.2,55,2,3249.1,78,3,3249.0,243,4,3248.4,202,5,3248.3,578,8,3249.3,169,1,3249.4,292,7,3249.5,33,1,3249.6,25,2,3249.7,138,2
11536,2025-12-30 11:36:07+05:30,3249.1,1,3249.37,600483,107983.0,119143.0,3250.0,3257.0,3239.8,3251.5,42375900,3576.6,2926.4,4322.95,2866.6,3249.1,77,3,3249.0,243,4,3248.7,16,1,3248.4,205,6,3248.3,422,7,3249.2,8,2,3249.3,177,5,3249.4,290,5,3249.5,63,2,3249.6,20,1
11536,2025-12-30 11:36:08+05:30,3249.1,14,3249.37,600483,107983.0,119143.0,3250.0,3257.0,3239.8,3251.5,42375900,3576.6,2926.4,4322.95,2866.6,3249.1,77,3,3249.0,243,4,3248.7,16,1,3248.4,205,6,3248.3,422,7,3249.2,8,2,3249.3,177,5,3249.4,290,5,3249.5,63,2,3249.6,20,1
11536,2025-12-30 11:36:08+05:30,3249.1,14,3249.37,600520,108028.0,119492.0,3250.0,3257.0,3239.8,3251.5,42375900,3576.6,2926.4,4322.95,2866.6,3249.1,46,2,3249.0,243,4,3248.4,205,6,3248.3,422,7,3248.2,296,9,3249.2,13,6,3249.3,459,6,3249.4,33,3,3249.5,33,1,3249.6,20,1
11536,2025-12-30 11:36:09+05:30,3249.1,16,3249.37,600520,108028.0,119492.0,3250.0,3257.0,3239.8,3251.5,42375900,3576.6,2926.4,4322.95,2866.6,3249.1,46,2,3249.0,243,4,3248.4,205,6,3248.3,422,7,3248.2,296,9,3249.2,13,6,3249.3,459,6,3249.4,33,3,3249.5,33,1,3249.6,20,1
11536,2025-12-30 11:36:09+05:30,3249.2,9,3249.37,600853,108063.0,118473.0,3250.0,3257.0,3239.8,3251.5,42375900,3576.6,2926.4,4322.95,2866.6,3249.1,6,1,3249.0,243,4,3248.7,16,1,3248.5,40,1,3248.4,197,4,3249.2,5,1,3249.3,189,5,3249.5,33,1,3249.6,20,1,3249.7,30,1
11536,2025-12-30 11:36:10+05:30,3249.1,1,3249.37,600853,108063.0,118473.0,3250.0,3257.0,3239.8,3251.5,42375900,3576.6,2926.4,4322.95,2866.6,3249.1,6,1,3249.0,243,4,3248.7,16,1,3248.5,40,1,3248.4,197,4,3249.2,5,1,3249.3,189,5,3249.5,33,1,3249.6,20,1,3249.7,30,1
11536,2025-12-30 11:36:10+05:30,3249.1,1,3249.37,600854,108075.0,118732.0,3250.0,3257.0,3239.8,3251.5,42375900,3576.6,2926.4,4322.95,2866.6,3249.1,5,1,3249.0,243,4,3248.5,40,1,3248.4,197,4,3248.3,428,8,3249.2,7,3,3249.3,188,4,3249.5,33,1,3249.6,50,2,3249.9,108,1
11536,2025-12-30 11:36:11+05:30,3249.1,1,3249.37,600854,107544.0,118951.0,3250.0,3257.0,3239.8,3251.5,42375900,3576.6,2926.4,4322.95,2866.6,3249.1,5,1,3249.0,243,4,3248.4,25,2,3248.3,419,7,3248.2,255,7,3249.2,7,3,3249.3,188,4,3249.5,33,1,3249.6,50,2,3249.9,137,2
11536,2025-12-30 11:36:12+05:30,3249.1,27,3249.37,600854,107544.0,118951.0,3250.0,3257.0,3239.8,3251.5,42375900,3576.6,2926.4,4322.95,2866.6,3249.1,5,1,3249.0,243,4,3248.4,25,2,3248.3,419,7,3248.2,255,7,3249.2,7,3,3249.3,188,4,3249.5,33,1,3249.6,50,2,3249.9,137,2
11536,2025-12-30 11:36:12+05:30,3249.1,2,3249.37,600951,107946.0,118761.0,3250.0,3257.0,3239.8,3251.5,42375900,3576.6,2926.4,4322.95,2866.6,3249.1,10,1,3249.0,243,4,3248.6,20,1,3248.4,198,4,3248.3,419,7,3249.2,13,6,3249.3,179,3,3249.5,33,1,3249.6,49,2,3250.0,116,3
11536,2025-12-30 11:36:13+05:30,3249.1,1,3249.37,600951,107946.0,118761.0,3250.0,3257.0,3239.8,3251.5,42375900,3576.6,2926.4,4322.95,2866.6,3249.1,10,1,3249.0,243,4,3248.6,20,1,3248.4,198,4,3248.3,419,7,3249.2,13,6,3249.3,179,3,3249.5,33,1,3249.6,49,2,3250.0,116,3
11536,2025-12-30 11:36:13+05:30,3249.1,1,3249.37,601004,107936.0,118713.0,3250.0,3257.0,3239.8,3251.5,42375900,3576.6,2926.4,4322.95,2866.6,3249.1,15,1,3249.0,243,4,3248.4,198,4,3248.3,419,7,3248.2,627,10,3249.2,13,7,3249.3,174,2,3249.5,33,1,3249.6,20,1,3249.7,29,1
11536,2025-12-30 11:36:14+05:30,3249.1,1,3249.37,601004,107936.0,118713.0,3250.0,3257.0,3239.8,3251.5,42375900,3576.6,2926.4,4322.95,2866.6,3249.1,15,1,3249.0,243,4,3248.4,198,4,3248.3,419,7,3248.2,627,10,3249.2,13,7,3249.3,174,2,3249.5,33,1,3249.6,20,1,3249.7,29,1
11536,2025-12-30 11:36:14+05:30,3249.0,53,3249.37,601058,107984.0,119099.0,3250.0,3257.0,3239.8,3251.5,42375900,3576.6,2926.4,4322.95,2866.6,3249.0,190,4,3248.9,14,1,3248.5,3,1,3248.4,184,3,3248.3,413,6,3249.1,3,1,3249.2,291,6,3249.3,174,2,3249.6,20,1,3249.7,29,1
11536,2025-12-30 11:36:15+05:30,3249.1,2,3249.37,601058,107984.0,119099.0,3250.0,3257.0,3239.8,3251.5,42375900,3576.6,2926.4,4322.95,2866.6,3249.0,190,4,3248.9,14,1,3248.5,3,1,3248.4,184,3,3248.3,413,6,3249.1,3,1,3249.2,291,6,3249.3,174,2,3249.6,20,1,3249.7,29,1
11536,2025-12-30 11:36:15+05:30,3249.0,14,3249.37,601091,107806.0,119268.0,3250.0,3257.0,3239.8,3251.5,42375900,3576.6,2926.4,4322.95,2866.6,3249.0,159,4,3248.9,14,1,3248.5,17,1,3248.4,156,1,3248.3,413,6,3249.1,6,4,3249.2,283,2,3249.3,174,2,3249.6,49,2,3249.7,33,1
11536,2025-12-30 11:36:16+05:30,3249.0,5,3249.37,601091,107806.0,119268.0,3250.0,3257.0,3239.8,3251.5,42375900,3576.6,2926.4,4322.95,2866.6,3249.0,159,4,3248.9,14,1,3248.5,17,1,3248.4,156,1,3248.3,413,6,3249.1,6,4,3249.2,283,2,3249.3,174,2,3249.6,49,2,3249.7,33,1
11536,2025-12-30 11:36:16+05:30,3249.0,18,3249.37,601123,107943.0,119281.0,3250.0,3257.0,3239.8,3251.5,42375900,3576.6,2926.4,4322.95,2866.6,3249.0,142,5,3248.5,17,1,3248.4,156,1,3248.3,413,6,3248.2,220,7,3249.1,7,5,3249.2,282,1,3249.3,174,2,3249.6,49,2,3249.7,33,1
11536,2025-12-30 11:36:17+05:30,3249.0,26,3249.37,601123,107943.0,119281.0,3250.0,3257.0,3239.8,3251.5,42375900,3576.6,2926.4,4322.95,2866.6,3249.0,142,5,3248.5,17,1,3248.4,156,1,3248.3,413,6,3248.2,220,7,3249.1,7,5,3249.2,282,1,3249.3,174,2,3249.6,49,2,3249.7,33,1
11536,2025-12-30 11:36:17+05:30,3249.0,26,3249.37,601216,107086.0,119255.0,3250.0,3257.0,3239.8,3251.5,42375900,3576.6,2926.4,4322.95,2866.6,3249.0,676,6,3248.9,12,1,3248.8,16,1,3248.6,25,2,3248.4,183,3,3249.1,295,11,3249.3,174,2,3249.6,49,2,3249.7,33,1,3249.8,108,1
11536,2025-12-30 11:36:18+05:30,3249.0,10,3249.37,601216,107086.0,119255.0,3250.0,3257.0,3239.8,3251.5,42375900,3576.6,2926.4,4322.95,2866.6,3249.0,676,6,3248.9,12,1,3248.8,16,1,3248.6,25,2,3248.4,183,3,3249.1,295,11,3249.3,174,2,3249.6,49,2,3249.7,33,1,3249.8,108,1
11536,2025-12-30 11:36:18+05:30,3249.0,3,3249.37,601447,108305.0,119225.0,3250.0,3257.0,3239.8,3251.5,42375900,3576.6,2926.4,4322.95,2866.6,3249.0,462,3,3248.9,12,1,3248.6,18,1,3248.4,183,3,3248.3,413,6,3249.1,315,13,3249.3,5,1,3249.6,49,2,3249.7,33,1,3249.8,108,1
11536,2025-12-30 11:36:19+05:30,3249.0,20,3249.37,601447,108305.0,119225.0,3250.0,3257.0,3239.8,3251.5,42375900,3576.6,2926.4,4322.95,2866.6,3249.0,462,3,3248.9,12,1,3248.6,18,1,3248.4,183,3,3248.3,413,6,3249.1,315,13,3249.3,5,1,3249.6,49,2,3249.7,33,1,3249.8,108,1
11536,2025-12-30 11:36:19+05:30,3249.0,20,3249.37,601483,108282.0,119227.0,3250.0,3257.0,3239.8,3251.5,42375900,3576.6,2926.4,4322.95,2866.6,3249.0,438,4,3248.9,12,1,3248.8,17,1,3248.6,23,2,3248.4,183,3,3249.1,312,11,3249.3,5,1,3249.5,29,1,3249.6,20,1,3249.7,33,1
11536,2025-12-30 11:36:20+05:30,3249.1,1,3249.37,601483,108282.0,119227.0,3250.0,3257.0,3239.8,3251.5,42375900,3576.6,2926.4,4322.95,2866.6,3249.0,438,4,3248.9,12,1,3248.8,17,1,3248.6,23,2,3248.4,183,3,3249.1,312,11,3249.3,5,1,3249.5,29,1,3249.6,20,1,3249.7,33,1
11536,2025-12-30 11:36:20+05:30,3249.0,64,3249.37,601559,106837.0,118708.0,3250.0,3257.0,3239.8,3251.5,42375900,3576.6,2926.4,4322.95,2866.6,3249.0,369,5,3248.9,24,2,3248.8,17,1,3248.7,6,1,3248.6,22,2,3249.1,303,9,3249.3,5,1,3249.6,20,1,3249.8,31,1,3249.9,28,1
11536,2025-12-30 11:36:21+05:30,3249.0,3,3249.37,601559,106837.0,118708.0,3250.0,3257.0,3239.8,3251.5,42375900,3576.6,2926.4,4322.95,2866.6,3249.0,369,5,3248.9,24,2,3248.8,17,1,3248.7,6,1,3248.6,22,2,3249.1,303,9,3249.3,5,1,3249.6,20,1,3249.8,31,1,3249.9,28,1
11536,2025-12-30 11:36:21+05:30,3249.0,32,3249.37,601616,108291.0,118848.0,3250.0,3257.0,3239.8,3251.5,42375900,3576.6,2926.4,4322.95,2866.6,3249.0,312,5,3248.9,24,2,3248.8,17,1,3248.6,82,4,3248.5,32,2,3249.1,301,10,3249.3,5,1,3249.6,51,2,3249.7,33,1,3249.9,28,1
11536,2025-12-30 11:36:22+05:30,3249.0,3,3249.37,601616,108291.0,118848.0,3250.0,3257.0,3239.8,3251.5,42375900,3576.6,2926.4,4322.95,2866.6,3249.0,312,5,3248.9,24,2,3248.8,17,1,3248.6,82,4,3248.5,32,2,3249.1,301,10,3249.3,5,1,3249.6,51,2,3249.7,33,1,3249.9,28,1
11536,2025-12-30 11:36:22+05:30,3249.0,5,3249.37,601624,106856.0,119031.0,3250.0,3257.0,3239.8,3251.5,42375900,3576.6,2926.4,4322.95,2866.6,3249.0,299,5,3248.9,32,2,3248.6,42,3,3248.5,32,2,3248.4,199,4,3249.1,302,11,3249.3,5,1,3249.5,31,1,3249.6,20,1,3249.7,33,1
11536,2025-12-30 11:36:23+05:30,3249.0,5,3249.37,601624,106856.0,119031.0,3250.0,3257.0,3239.8,3251.5,42375900,3576.6,2926.4,4322.95,2866.6,3249.0,299,5,3248.9,32,2,3248.6,42,3,3248.5,32,2,3248.4,199,4,3249.1,302,11,3249.3,5,1,3249.5,31,1,3249.6,20,1,3249.7,33,1
11536,2025-12-30 11:36:23+05:30,3249.0,2,3249.37,601663,108194.0,119072.0,3250.0,3257.0,3239.8,3251.5,42375900,3576.6,2926.4,4322.95,2866.6,3249.0,305,6,3248.9,12,1,3248.8,17,1,3248.6,43,3,3248.5,32,2,3249.1,294,13,3249.3,5,1,3249.6,53,2,3249.8,31,1,3249.9,28,1
11536,2025-12-30 11:36:24+05:30,3249.0,2,3249.37,601663,108194.0,119072.0,3250.0,3257.0,3239.8,3251.5,42375900,3576.6,2926.4,4322.95,2866.6,3249.0,305,6,3248.9,12,1,3248.8,17,1,3248.6,43,3,3248.5,32,2,3249.1,294,13,3249.3,5,1,3249.6,53,2,3249.8,31,1,3249.9,28,1
11536,2025-12-30 11:36:24+05:30,3249.1,26,3249.37,601843,106766.0,118854.0,3250.0,3257.0,3239.8,3251.5,42375900,3576.6,2926.4,4322.95,2866.6,3249.0,268,5,3248.9,12,1,3248.7,17,1,3248.6,25,2,3248.5,32,2,3249.1,296,12,3249.3,5,1,3249.6,53,2,3249.8,31,1,3249.9,28,1
11536,2025-12-30 11:36:25+05:30,3249.1,1,3249.37,601843,106766.0,118854.0,3250.0,3257.0,3239.8,3251.5,42375900,3576.6,2926.4,4322.95,2866.6,3249.0,268,5,3248.9,12,1,3248.7,17,1,3248.6,25,2,3248.5,32,2,3249.1,296,12,3249.3,5,1,3249.6,53,2,3249.8,31,1,3249.9,28,1
11536,2025-12-30 11:36:25+05:30,3249.0,6,3249.37,601866,108186.0,118504.0,3250.0,3257.0,3239.8,3251.5,42375900,3576.6,2926.4,4322.95,2866.6,3249.0,247,5,3248.9,12,1,3248.8,17,1,3248.6,83,4,3248.5,32,2,3249.1,296,11,3249.3,5,1,3249.6,53,2,3249.8,31,1,3249.9,28,1
11536,2025-12-30 11:36:26+05:30,3249.0,3,3249.37,601866,108186.0,118504.0,3250.0,3257.0,3239.8,3251.5,42375900,3576.6,2926.4,4322.95,2866.6,3249.0,247,5,3248.9,12,1,3248.8,17,1,3248.6,83,4,3248.5,32,2,3249.1,296,11,3249.3,5,1,3249.6,53,2,3249.8,31,1,3249.9,28,1
11536,2025-12-30 11:36:26+05:30,3249.0,3,3249.37,601912,108095.0,118541.0,3250.0,3257.0,3239.8,3251.5,42375900,3576.6,2926.4,4322.95,2866.6,3249.0,210,6,3248.9,12,1,3248.7,17,1,3248.6,25,2,3248.5,32,2,3249.1,322,11,3249.3,5,1,3249.6,53,2,3249.8,31,1,3249.9,28,1
11536,2025-12-30 11:36:27+05:30,3249.0,1,3249.37,601912,108095.0,118541.0,3250.0,3257.0,3239.8,3251.5,42375900,3576.6,2926.4,4322.95,2866.6,3249.0,210,6,3248.9,12,1,3248.7,17,1,3248.6,25,2,3248.5,32,2,3249.1,322,11,3249.3,5,1,3249.6,53,2,3249.8,31,1,3249.9,28,1
11536,2025-12-30 11:36:27+05:30,3249.0,24,3249.37,602139,108069.0,118439.0,3250.0,3257.0,3239.8,3251.5,42375900,3576.6,2926.4,4322.95,2866.6,3249.0,89,7,3248.9,12,1,3248.6,5,1,3248.5,43,2,3248.4,201,4,3249.1,325,9,3249.3,5,1,3249.6,53,2,3249.8,31,1,3250.0,116,3
11536,2025-12-30 11:36:28+05:30,3249.0,3,3249.37,602139,108069.0,118439.0,3250.0,3257.0,3239.8,3251.5,42375900,3576.6,2926.4,4322.95,2866.6,3249.0,89,7,3248.9,12,1,3248.6,5,1,3248.5,43,2,3248.4,201,4,3249.1,325,9,3249.3,5,1,3249.6,53,2,3249.8,31,1,3250.0,116,3
11536,2025-12-30 11:36:29+05:30,3249.0,4,3249.37,602159,108662.0,118796.0,3250.0,3257.0,3239.8,3251.5,42375900,3576.6,2926.4,4322.95,2866.6,3249.0,660,6,3248.9,21,2,3248.6,5,1,3248.5,61,3,3248.4,181,3,3249.1,325,10,3249.3,5,1,3249.5,64,2,3249.6,20,1,3250.0,116,3
11536,2025-12-30 11:36:29+05:30,3249.0,4,3249.37,602159,108662.0,118796.0,3250.0,3257.0,3239.8,3251.5,42375900,3576.6,2926.4,4322.95,2866.6,3249.0,660,6,3248.9,21,2,3248.6,5,1,3248.5,61,3,3248.4,181,3,3249.1,325,10,3249.3,5,1,3249.5,64,2,3249.6,20,1,3250.0,116,3
11536,2025-12-30 11:36:30+05:30,3249.0,8,3249.37,602234,108587.0,118792.0,3250.0,3257.0,3239.8,3251.5,42375900,3576.6,2926.4,4322.95,2866.6,3249.0,603,4,3248.9,21,2,3248.6,5,1,3248.5,43,2,3248.4,181,3,3249.1,321,10,3249.3,5,1,3249.5,33,1,3249.6,20,1,3249.9,31,1
11536,2025-12-30 11:36:30+05:30,3249.0,8,3249.37,602234,108587.0,118792.0,3250.0,3257.0,3239.8,3251.5,42375900,3576.6,2926.4,4322.95,2866.6,3249.0,603,4,3248.9,21,2,3248.6,5,1,3248.5,43,2,3248.4,181,3,3249.1,321,10,3249.3,5,1,3249.5,33,1,3249.6,20,1,3249.9,31,1
11536,2025-12-30 11:36:30+05:30,3249.3,1,3249.37,602675,109110.0,116715.0,3250.0,3257.0,3239.8,3251.5,42375900,3576.6,2926.4,4322.95,2866.6,3249.0,699,8,3248.9,78,4,3248.8,356,5,3248.7,68,2,3248.6,136,7,3249.6,20,1,3250.0,113,2,3250.2,350,2,3250.4,24,1,3250.5,3,1
11536,2025-12-30 11:36:31+05:30,3249.6,1,3249.37,602675,109110.0,116715.0,3250.0,3257.0,3239.8,3251.5,42375900,3576.6,2926.4,4322.95,2866.6,3249.0,699,8,3248.9,78,4,3248.8,356,5,3248.7,68,2,3248.6,136,7,3249.6,20,1,3250.0,113,2,3250.2,350,2,3250.4,24,1,3250.5,3,1
11536,2025-12-30 11:36:32+05:30,3249.6,2,3249.37,602678,109251.0,117164.0,3250.0,3257.0,3239.8,3251.5,42375900,3576.6,2926.4,4322.95,2866.6,3249.0,797,10,3248.9,45,3,3248.8,131,5,3248.7,68,2,3248.6,136,7,3249.6,39,4,3250.0,113,2,3250.2,350,2,3250.4,24,1,3250.5,3,1
11536,2025-12-30 11:36:32+05:30,3249.6,2,3249.37,602678,109251.0,117164.0,3250.0,3257.0,3239.8,3251.5,42375900,3576.6,2926.4,4322.95,2866.6,3249.0,797,10,3248.9,45,3,3248.8,131,5,3248.7,68,2,3248.6,136,7,3249.6,39,4,3250.0,113,2,3250.2,350,2,3250.4,24,1,3250.5,3,1
11536,2025-12-30 11:36:33+05:30,3249.1,60,3249.37,602811,109315.0,117192.0,3250.0,3257.0,3239.8,3251.5,42375900,3576.6,2926.4,4322.95,2866.6,3249.1,9,1,3249.0,811,10,3248.9,45,3,3248.8,130,5,3248.7,68,2,3249.6,32,6,3250.0,113,2,3250.2,350,2,3250.5,3,1,3250.6,108,5
11536,2025-12-30 11:36:33+05:30,3249.1,60,3249.37,602811,109315.0,117192.0,3250.0,3257.0,3239.8,3251.5,42375900,3576.6,2926.4,4322.95,2866.6,3249.1,9,1,3249.0,811,10,3248.9,45,3,3248.8,130,5,3248.7,68,2,3249.6,32,6,3250.0,113,2,3250.2,350,2,3250.5,3,1,3250.6,108,5
11536,2025-12-30 11:36:34+05:30,3249.0,48,3249.37,602878,109154.0,115724.0,3250.0,3257.0,3239.8,3251.5,42375900,3576.6,2926.4,4322.95,2866.6,3249.0,763,10,3248.9,45,3,3248.8,130,5,3248.7,68,2,3248.6,156,8,3249.6,26,6,3250.0,113,2,3250.2,350,2,3250.5,3,1,3250.6,108,5
11536,2025-12-30 11:36:34+05:30,3249.0,1,3249.37,602878,109154.0,115724.0,3250.0,3257.0,3239.8,3251.5,42375900,3576.6,2926.4,4322.95,2866.6,3249.0,763,10,3248.9,45,3,3248.8,130,5,3248.7,68,2,3248.6,156,8,3249.6,26,6,3250.0,113,2,3250.2,350,2,3250.5,3,1,3250.6,108,5
11536,2025-12-30 11:36:35+05:30,3249.0,39,3249.37,602920,107744.0,117048.0,3250.0,3257.0,3239.8,3251.5,42375900,3576.6,2926.4,4322.95,2866.6,3249.0,731,10,3248.9,45,3,3248.8,130,5,3248.7,68,2,3248.6,110,7,3249.6,37,6,3250.0,113,2,3250.2,350,2,3250.5,3,1,3250.6,108,5
11536,2025-12-30 11:36:35+05:30,3249.6,1,3249.37,602920,107744.0,117048.0,3250.0,3257.0,3239.8,3251.5,42375900,3576.6,2926.4,4322.95,2866.6,3249.0,731,10,3248.9,45,3,3248.8,130,5,3248.7,68,2,3248.6,110,7,3249.6,37,6,3250.0,113,2,3250.2,350,2,3250.5,3,1,3250.6,108,5
11536,2025-12-30 11:36:36+05:30,3249.0,20,3249.37,602942,109003.0,117452.0,3250.0,3257.0,3239.8,3251.5,42375900,3576.6,2926.4,4322.95,2866.6,3249.0,663,8,3248.9,45,3,3248.8,200,7,3248.7,28,1,3248.6,103,6,3249.6,318,7,3250.0,113,2,3250.1,30,1,3250.2,350,2,3250.5,3,1
11536,2025-12-30 11:36:36+05:30,3249.0,20,3249.37,602942,109003.0,117452.0,3250.0,3257.0,3239.8,3251.5,42375900,3576.6,2926.4,4322.95,2866.6,3249.0,663,8,3248.9,45,3,3248.8,200,7,3248.7,28,1,3248.6,103,6,3249.6,318,7,3250.0,113,2,3250.1,30,1,3250.2,350,2,3250.5,3,1
11536,2025-12-30 11:36:37+05:30,3249.0,77,3249.37,603039,107533.0,117611.0,3250.0,3257.0,3239.8,3251.5,42375900,3576.6,2926.4,4322.95,2866.6,3249.0,513,6,3248.9,12,1,3248.8,98,3,3248.7,28,1,3248.6,93,5,3249.6,320,10,3249.8,30,1,3249.9,51,2,3250.0,113,2,3250.1,22,1
11536,2025-12-30 11:36:37+05:30,3249.0,12,3249.37,603039,107533.0,117611.0,3250.0,3257.0,3239.8,3251.5,42375900,3576.6,2926.4,4322.95,2866.6,3249.0,513,6,3248.9,12,1,3248.8,98,3,3248.7,28,1,3248.6,93,5,3249.6,320,10,3249.8,30,1,3249.9,51,2,3250.0,113,2,3250.1,22,1
11536,2025-12-30 11:36:38+05:30,3249.0,7,3249.37,603039,107533.0,117611.0,3250.0,3257.0,3239.8,3251.5,42375900,3576.6,2926.4,4322.95,2866.6,3249.0,513,6,3248.9,12,1,3248.8,98,3,3248.7,28,1,3248.6,93,5,3249.6,320,10,3249.8,30,1,3249.9,51,2,3250.0,113,2,3250.1,22,1
11536,2025-12-30 11:36:38+05:30,3249.0,7,3249.37,603074,108694.0,117631.0,3250.0,3257.0,3239.8,3251.5,42375900,3576.6,2926.4,4322.95,2866.6,3249.0,478,6,3248.9,12,1,3248.8,98,3,3248.7,28,1,3248.6,71,4,3249.6,322,10,3249.8,30,1,3249.9,51,2,3250.0,113,2,3250.1,22,1
11536,2025-12-30 11:36:39+05:30,3249.0,23,3249.37,603074,108694.0,117631.0,3250.0,3257.0,3239.8,3251.5,42375900,3576.6,2926.4,4322.95,2866.6,3249.0,478,6,3248.9,12,1,3248.8,98,3,3248.7,28,1,3248.6,71,4,3249.6,322,10,3249.8,30,1,3249.9,51,2,3250.0,113,2,3250.1,22,1
11536,2025-12-30 11:36:39+05:30,3249.0,23,3249.37,603154,107432.0,117522.0,3250.0,3257.0,3239.8,3251.5,42375900,3576.6,2926.4,4322.95,2866.6,3249.0,435,6,3248.9,32,2,3248.8,98,3,3248.7,28,1,3248.6,71,4,3249.6,291,9,3249.8,30,1,3249.9,33,1,3250.0,113,2,3250.2,414,4
11536,2025-12-30 11:36:40+05:30,3249.0,11,3249.37,603154,107432.0,117522.0,3250.0,3257.0,3239.8,3251.5,42375900,3576.6,2926.4,4322.95,2866.6,3249.0,435,6,3248.9,32,2,3248.8,98,3,3248.7,28,1,3248.6,71,4,3249.6,291,9,3249.8,30,1,3249.9,33,1,3250.0,113,2,3250.2,414,4
11536,2025-12-30 11:36:40+05:30,3249.0,11,3249.37,603174,108989.0,117526.0,3250.0,3257.0,3239.8,3251.5,42375900,3576.6,2926.4,4322.95,2866.6,3249.0,415,6,3248.9,32,2,3248.8,98,3,3248.7,28,1,3248.6,71,4,3249.6,292,10,3249.8,30,1,3249.9,33,1,3250.0,113,2,3250.2,374,3
11536,2025-12-30 11:36:41+05:30,3249.0,2,3249.37,603174,108989.0,117526.0,3250.0,3257.0,3239.8,3251.5,42375900,3576.6,2926.4,4322.95,2866.6,3249.0,415,6,3248.9,32,2,3248.8,98,3,3248.7,28,1,3248.6,71,4,3249.6,292,10,3249.8,30,1,3249.9,33,1,3250.0,113,2,3250.2,374,3
11536,2025-12-30 11:36:41+05:30,3249.0,2,3249.37,603188,108826.0,117533.0,3250.0,3257.0,3239.8,3251.5,42375900,3576.6,2926.4,4322.95,2866.6,3249.0,449,8,3248.9,12,1,3248.8,117,4,3248.7,28,1,3248.6,71,4,3249.6,294,12,3249.9,33,1,3250.0,113,2,3250.1,28,1,3250.2,414,4
11536,2025-12-30 11:36:42+05:30,3249.0,3,3249.37,603188,108826.0,117533.0,3250.0,3257.0,3239.8,3251.5,42375900,3576.6,2926.4,4322.95,2866.6,3249.0,449,8,3248.9,12,1,3248.8,117,4,3248.7,28,1,3248.6,71,4,3249.6,294,12,3249.9,33,1,3250.0,113,2,3250.1,28,1,3250.2,414,4
11536,2025-12-30 11:36:42+05:30,3249.0,3,3249.37,603217,108954.0,117710.0,3250.0,3257.0,3239.8,3251.5,42375900,3576.6,2926.4,4322.95,2866.6,3249.0,420,8,3248.9,12,1,3248.8,117,4,3248.7,28,1,3248.6,71,4,3249.6,292,11,3249.9,61,2,3250.0,113,2,3250.2,374,3,3250.4,94,3
11536,2025-12-30 11:36:43+05:30,3249.0,1,3249.37,603239,108962.0,117182.0,3250.0,3257.0,3239.8,3251.5,42375900,3576.6,2926.4,4322.95,2866.6,3249.0,376,7,3248.9,39,2,3248.8,172,6,3248.7,28,1,3248.6,71,4,3249.6,291,10,3249.9,33,1,3250.0,5,1,3250.1,108,1,3250.2,28,1
11536,2025-12-30 11:36:43+05:30,3249.0,2,3249.37,603239,108962.0,117182.0,3250.0,3257.0,3239.8,3251.5,42375900,3576.6,2926.4,4322.95,2866.6,3249.0,376,7,3248.9,39,2,3248.8,172,6,3248.7,28,1,3248.6,71,4,3249.6,291,10,3249.9,33,1,3250.0,5,1,3250.1,108,1,3250.2,28,1
11536,2025-12-30 11:36:44+05:30,3249.0,3,3249.37,603250,108794.0,117457.0,3250.0,3257.0,3239.8,3251.5,42375900,3576.6,2926.4,4322.95,2866.6,3249.0,365,7,3248.9,39,2,3248.8,172,6,3248.7,28,1,3248.6,71,4,3249.6,289,8,3249.9,33,1,3250.0,33,2,3250.1,108,1,3250.3,350,2
11536,2025-12-30 11:36:44+05:30,3249.0,2,3249.37,603250,108794.0,117457.0,3250.0,3257.0,3239.8,3251.5,42375900,3576.6,2926.4,4322.95,2866.6,3249.0,365,7,3248.9,39,2,3248.8,172,6,3248.7,28,1,3248.6,71,4,3249.6,289,8,3249.9,33,1,3250.0,33,2,3250.1,108,1,3250.3,350,2
11536,2025-12-30 11:36:45+05:30,3249.6,1,3249.37,603263,107478.0,117410.0,3250.0,3257.0,3239.8,3251.5,42375900,3576.6,2926.4,4322.95,2866.6,3249.0,400,10,3248.9,35,2,3248.8,185,6,3248.7,60,2,3248.6,71,4,3249.6,289,8,3249.9,33,1,3250.0,5,1,3250.1,108,1,3250.2,28,1
11536,2025-12-30 11:36:45+05:30,3249.6,1,3249.37,603263,107478.0,117410.0,3250.0,3257.0,3239.8,3251.5,42375900,3576.6,2926.4,4322.95,2866.6,3249.0,400,10,3248.9,35,2,3248.8,185,6,3248.7,60,2,3248.6,71,4,3249.6,289,8,3249.9,33,1,3250.0,5,1,3250.1,108,1,3250.2,28,1
11536,2025-12-30 11:36:46+05:30,3249.0,1,3249.37,603263,107478.0,117410.0,3250.0,3257.0,3239.8,3251.5,42375900,3576.6,2926.4,4322.95,2866.6,3249.0,400,10,3248.9,35,2,3248.8,185,6,3248.7,60,2,3248.6,71,4,3249.6,289,8,3249.9,33,1,3250.0,5,1,3250.1,108,1,3250.2,28,1
11536,2025-12-30 11:36:46+05:30,3249.0,1,3249.37,603269,107600.0,117453.0,3250.0,3257.0,3239.8,3251.5,42375900,3576.6,2926.4,4322.95,2866.6,3249.0,396,10,3248.9,50,3,3248.8,185,6,3248.7,28,1,3248.6,227,5,3249.6,8,8,3249.8,282,1,3249.9,33,1,3250.0,33,2,3250.1,108,1
11536,2025-12-30 11:36:47+05:30,3249.1,1,3249.37,603269,107600.0,117453.0,3250.0,3257.0,3239.8,3251.5,42375900,3576.6,2926.4,4322.95,2866.6,3249.0,396,10,3248.9,50,3,3248.8,185,6,3248.7,28,1,3248.6,227,5,3249.6,8,8,3249.8,282,1,3249.9,33,1,3250.0,33,2,3250.1,108,1
11536,2025-12-30 11:36:47+05:30,3249.1,1,3249.37,603351,108709.0,116473.0,3250.0,3257.0,3239.8,3251.5,42375900,3576.6,2926.4,4322.95,2866.6,3249.1,25,1,3249.0,329,7,3248.9,12,1,3248.8,133,4,3248.7,28,1,3249.6,6,6,3249.8,282,1,3249.9,61,2,3250.0,113,2,3250.2,353,3
11536,2025-12-30 11:36:48+05:30,3249.7,70,3249.37,603351,108709.0,116473.0,3250.0,3257.0,3239.8,3251.5,42375900,3576.6,2926.4,4322.95,2866.6,3249.1,25,1,3249.0,329,7,3248.9,12,1,3248.8,133,4,3248.7,28,1,3249.6,6,6,3249.8,282,1,3249.9,61,2,3250.0,113,2,3250.2,353,3
11536,2025-12-30 11:36:48+05:30,3250.0,116,3249.37,603692,108830.0,117552.0,3250.0,3257.0,3239.8,3251.5,42375900,3576.6,2926.4,4322.95,2866.6,3249.1,21,1,3249.0,393,10,3248.9,72,5,3248.8,129,3,3248.7,92,4,3250.0,45,3,3250.1,32,1,3250.2,632,3,3250.4,24,1,3250.6,81,4
11536,2025-12-30 11:36:49+05:30,3250.0,116,3249.37,603692,108830.0,117552.0,3250.0,3257.0,3239.8,3251.5,42375900,3576.6,2926.4,4322.95,2866.6,3249.1,21,1,3249.0,393,10,3248.9,72,5,3248.8,129,3,3248.7,92,4,3250.0,45,3,3250.1,32,1,3250.2,632,3,3250.4,24,1,3250.6,81,4
11536,2025-12-30 11:36:49+05:30,3250.0,116,3249.37,603692,108742.0,117641.0,3250.0,3257.0,3239.8,3251.5,42375900,3576.6,2926.4,4322.95,2866.6,3249.1,21,1,3249.0,372,9,3248.9,44,4,3248.8,129,3,3248.7,92,4,3250.0,327,4,3250.1,32,1,3250.2,350,2,3250.4,24,1,3250.6,121,5
11536,2025-12-30 11:36:50+05:30,3249.9,102,3249.37,603794,109183.0,117780.0,3250.0,3257.0,3239.8,3251.5,42375900,3576.6,2926.4,4322.95,2866.6,3249.9,27,1,3249.1,61,1,3249.0,397,10,3248.9,87,5,3248.8,237,7,3250.0,491,4,3250.1,32,1,3250.2,525,3,3250.4,21,1,3250.5,31,1
11536,2025-12-30 11:36:51+05:30,3249.9,102,3249.37,603794,109183.0,117780.0,3250.0,3257.0,3239.8,3251.5,42375900,3576.6,2926.4,4322.95,2866.6,3249.9,27,1,3249.1,61,1,3249.0,397,10,3248.9,87,5,3248.8,237,7,3250.0,491,4,3250.1,32,1,3250.2,525,3,3250.4,21,1,3250.5,31,1
11536,2025-12-30 11:36:51+05:30,3249.9,51,3249.37,603845,109025.0,117845.0,3250.0,3257.0,3239.8,3251.5,42375900,3576.6,2926.4,4322.95,2866.6,3249.9,23,1,3249.1,173,1,3249.0,357,9,3248.9,87,5,3248.8,237,7,3250.0,502,7,3250.1,32,1,3250.2,525,3,3250.4,36,2,3250.5,31,1
11536,2025-12-30 11:36:52+05:30,3249.9,51,3249.37,603845,109025.0,117845.0,3250.0,3257.0,3239.8,3251.5,42375900,3576.6,2926.4,4322.95,2866.6,3249.9,23,1,3249.1,173,1,3249.0,357,9,3248.9,87,5,3248.8,237,7,3250.0,502,7,3250.1,32,1,3250.2,525,3,3250.4,36,2,3250.5,31,1
11536,2025-12-30 11:36:52+05:30,3249.9,51,3249.37,603845,109160.0,117933.0,3250.0,3257.0,3239.8,3251.5,42375900,3576.6,2926.4,4322.95,2866.6,3249.9,23,1,3249.1,171,1,3249.0,270,7,3248.9,87,5,3248.8,278,6,3250.0,570,11,3250.1,10,1,3250.2,563,5,3250.4,76,3,3250.5,31,1
11536,2025-12-30 11:36:53+05:30,3249.9,23,3249.37,603845,109160.0,117933.0,3250.0,3257.0,3239.8,3251.5,42375900,3576.6,2926.4,4322.95,2866.6,3249.9,23,1,3249.1,171,1,3249.0,270,7,3248.9,87,5,3248.8,278,6,3250.0,570,11,3250.1,10,1,3250.2,563,5,3250.4,76,3,3250.5,31,1
11536,2025-12-30 11:36:53+05:30,3249.9,1,3249.37,603869,108440.0,117828.0,3250.0,3257.0,3239.8,3251.5,42375900,3576.6,2926.4,4322.95,2866.6,3249.0,270,7,3248.9,44,3,3248.8,39,2,3248.7,58,3,3248.6,117,5,3249.9,307,5,3250.0,256,8,3250.1,10,1,3250.2,350,2,3250.4,61,2
11536,2025-12-30 11:36:54+05:30,3249.9,14,3249.37,603869,108440.0,117828.0,3250.0,3257.0,3239.8,3251.5,42375900,3576.6,2926.4,4322.95,2866.6,3249.0,270,7,3248.9,44,3,3248.8,39,2,3248.7,58,3,3248.6,117,5,3249.9,307,5,3250.0,256,8,3250.1,10,1,3250.2,350,2,3250.4,61,2
11536,2025-12-30 11:36:54+05:30,3249.9,1,3249.37,603949,108468.0,117831.0,3250.0,3257.0,3239.8,3251.5,42375900,3576.6,2926.4,4322.95,2866.6,3249.0,242,8,3248.9,22,2,3248.8,58,3,3248.7,58,3,3248.6,294,7,3249.9,316,7,3250.0,251,5,3250.1,10,1,3250.2,350,2,3250.4,61,2
11536,2025-12-30 11:36:55+05:30,3249.9,1,3249.37,603949,108468.0,117831.0,3250.0,3257.0,3239.8,3251.5,42375900,3576.6,2926.4,4322.95,2866.6,3249.0,242,8,3248.9,22,2,3248.8,58,3,3248.7,58,3,3248.6,294,7,3249.9,316,7,3250.0,251,5,3250.1,10,1,3250.2,350,2,3250.4,61,2
11536,2025-12-30 11:36:55+05:30,3249.6,3,3249.37,603959,108841.0,117912.0,3250.0,3257.0,3239.8,3251.5,42375900,3576.6,2926.4,4322.95,2866.6,3249.6,15,1,3249.5,1,1,3249.0,236,8,3248.9,22,2,3248.8,58,3,3249.9,320,11,3250.0,251,5,3250.1,10,1,3250.2,565,4,3250.3,39,2
11536,2025-12-30 11:36:56+05:30,3249.6,3,3249.37,603959,108841.0,117912.0,3250.0,3257.0,3239.8,3251.5,42375900,3576.6,2926.4,4322.95,2866.6,3249.6,15,1,3249.5,1,1,3249.0,236,8,3248.9,22,2,3248.8,58,3,3249.9,320,11,3250.0,251,5,3250.1,10,1,3250.2,565,4,3250.3,39,2
11536,2025-12-30 11:36:56+05:30,3249.6,3,3249.37,603974,109121.0,117464.0,3250.0,3257.0,3239.8,3251.5,42375900,3576.6,2926.4,4322.95,2866.6,3249.5,15,2,3249.2,21,1,3249.1,46,2,3249.0,237,9,3248.9,22,2,3249.6,4,3,3249.7,282,1,3249.8,28,1,3249.9,8,8,3250.0,76,4
11536,2025-12-30 11:36:57+05:30,3249.5,78,3249.37,603974,109121.0,117464.0,3250.0,3257.0,3239.8,3251.5,42375900,3576.6,2926.4,4322.95,2866.6,3249.5,15,2,3249.2,21,1,3249.1,46,2,3249.0,237,9,3248.9,22,2,3249.6,4,3,3249.7,282,1,3249.8,28,1,3249.9,8,8,3250.0,76,4
11536,2025-12-30 11:36:57+05:30,3249.5,2,3249.37,604063,108991.0,117937.0,3250.0,3257.0,3239.8,3251.5,42375900,3576.6,2926.4,4322.95,2866.6,3249.5,12,1,3249.2,22,1,3249.1,24,1,3249.0,286,11,3248.9,53,3,3249.6,9,5,3249.7,282,1,3249.9,32,5,3250.0,77,4,3250.1,185,2
11536,2025-12-30 11:36:58+05:30,3249.5,2,3249.37,604063,108991.0,117937.0,3250.0,3257.0,3239.8,3251.5,42375900,3576.6,2926.4,4322.95,2866.6,3249.5,12,1,3249.2,22,1,3249.1,24,1,3249.0,286,11,3248.9,53,3,3249.6,9,5,3249.7,282,1,3249.9,32,5,3250.0,77,4,3250.1,185,2
11536,2025-12-30 11:36:58+05:30,3249.5,5,3249.37,604087,108955.0,117978.0,3250.0,3257.0,3239.8,3251.5,42375900,3576.6,2926.4,4322.95,2866.6,3249.5,46,1,3249.2,1,1,3249.0,257,10,3248.9,22,2,3248.8,108,6,3249.6,11,8,3249.7,282,1,3249.8,28,1,3249.9,34,3,3250.0,45,3
11536,2025-12-30 11:36:59+05:30,3249.5,1,3249.37,604087,108955.0,117978.0,3250.0,3257.0,3239.8,3251.5,42375900,3576.6,2926.4,4322.95,2866.6,3249.5,46,1,3249.2,1,1,3249.0,257,10,3248.9,22,2,3248.8,108,6,3249.6,11,8,3249.7,282,1,3249.8,28,1,3249.9,34,3,3250.0,45,3
11536,2025-12-30 11:36:59+05:30,3249.5,1,3249.37,604118,108929.0,117970.0,3250.0,3257.0,3239.8,3251.5,42375900,3576.6,2926.4,4322.95,2866.6,3249.5,15,1,3249.2,1,1,3249.0,237,9,3248.9,22,2,3248.8,90,4,3249.6,292,10,3249.8,28,1,3249.9,32,1,3250.0,45,3,3250.1,185,2
11536,2025-12-30 11:37:00+05:30,3249.5,1,3249.37,604118,108929.0,117970.0,3250.0,3257.0,3239.8,3251.5,42375900,3576.6,2926.4,4322.95,2866.6,3249.5,15,1,3249.2,1,1,3249.0,237,9,3248.9,22,2,3248.8,90,4,3249.6,292,10,3249.8,28,1,3249.9,32,1,3250.0,45,3,3250.1,185,2
11536,2025-12-30 11:37:00+05:30,3249.5,1,3249.37,604356,108791.0,117435.0,3250.0,3257.0,3239.8,3251.5,42375900,3576.6,2926.4,4322.95,2866.6,3249.5,4,1,3249.0,277,11,3248.9,50,3,3248.8,90,4,3248.7,46,3,3249.6,10,3,3249.8,28,1,3249.9,32,1,3250.0,45,3,3250.1,175,1
11536,2025-12-30 11:37:01+05:30,3249.5,1,3249.37,604356,108791.0,117435.0,3250.0,3257.0,3239.8,3251.5,42375900,3576.6,2926.4,4322.95,2866.6,3249.5,4,1,3249.0,277,11,3248.9,50,3,3248.8,90,4,3248.7,46,3,3249.6,10,3,3249.8,28,1,3249.9,32,1,3250.0,45,3,3250.1,175,1
11536,2025-12-30 11:37:01+05:30,3249.6,1,3249.37,604357,108926.0,117530.0,3250.0,3257.0,3239.8,3251.5,42375900,3576.6,2926.4,4322.95,2866.6,3249.5,4,1,3249.3,10,1,3249.0,256,10,3248.9,22,2,3248.8,214,4,3249.6,29,6,3249.8,28,1,3249.9,32,1,3250.0,45,3,3250.1,175,1
11536,2025-12-30 11:37:02+05:30,3249.5,2,3249.37,604357,108926.0,117530.0,3250.0,3257.0,3239.8,3251.5,42375900,3576.6,2926.4,4322.95,2866.6,3249.5,4,1,3249.3,10,1,3249.0,256,10,3248.9,22,2,3248.8,214,4,3249.6,29,6,3249.8,28,1,3249.9,32,1,3250.0,45,3,3250.1,175,1
11536,2025-12-30 11:37:02+05:30,3249.5,48,3249.37,604411,109081.0,117537.0,3250.0,3257.0,3239.8,3251.5,42375900,3576.6,2926.4,4322.95,2866.6,3249.4,10,1,3249.0,256,10,3248.9,22,2,3248.8,217,5,3248.7,56,3,3249.5,8,1,3249.6,22,6,3249.9,32,1,3250.0,45,3,3250.1,202,2
11536,2025-12-30 11:37:03+05:30,3249.4,4,3249.37,604411,109081.0,117537.0,3250.0,3257.0,3239.8,3251.5,42375900,3576.6,2926.4,4322.95,2866.6,3249.4,10,1,3249.0,256,10,3248.9,22,2,3248.8,217,5,3248.7,56,3,3249.5,8,1,3249.6,22,6,3249.9,32,1,3250.0,45,3,3250.1,202,2
11536,2025-12-30 11:37:03+05:30,3249.4,4,3249.37,604416,109050.0,117539.0,3250.0,3257.0,3239.8,3251.5,42375900,3576.6,2926.4,4322.95,2866.6,3249.4,5,1,3249.0,256,10,3248.9,22,2,3248.8,220,6,3248.7,56,3,3249.5,27,6,3249.6,6,3,3249.9,59,2,3250.0,45,3,3250.1,175,1
11536,2025-12-30 11:37:04+05:30,3249.4,2,3249.37,604416,109050.0,117539.0,3250.0,3257.0,3239.8,3251.5,42375900,3576.6,2926.4,4322.95,2866.6,3249.4,5,1,3249.0,256,10,3248.9,22,2,3248.8,220,6,3248.7,56,3,3249.5,27,6,3249.6,6,3,3249.9,59,2,3250.0,45,3,3250.1,175,1
11536,2025-12-30 11:37:04+05:30,3249.0,23,3249.37,604487,108647.0,117503.0,3250.0,3257.0,3239.8,3251.5,42375900,3576.6,2926.4,4322.95,2866.6,3249.0,281,12,3248.9,45,3,3248.8,92,6,3248.7,87,4,3248.6,247,6,3249.5,77,10,3249.6,1,1,3249.9,59,2,3250.0,11,2,3250.1,175,1
11536,2025-12-30 11:37:05+05:30,3249.5,1,3249.37,604487,108647.0,117503.0,3250.0,3257.0,3239.8,3251.5,42375900,3576.6,2926.4,4322.95,2866.6,3249.0,281,12,3248.9,45,3,3248.8,92,6,3248.7,87,4,3248.6,247,6,3249.5,77,10,3249.6,1,1,3249.9,59,2,3250.0,11,2,3250.1,175,1
11536,2025-12-30 11:37:05+05:30,3249.5,1,3249.37,604536,108643.0,117558.0,3250.0,3257.0,3239.8,3251.5,42375900,3576.6,2926.4,4322.95,2866.6,3249.0,279,13,3248.9,45,3,3248.8,107,7,3248.7,78,4,3248.6,261,7,3249.5,49,11,3249.7,282,1,3249.9,59,2,3250.0,11,2,3250.1,175,1
11536,2025-12-30 11:37:06+05:30,3249.0,11,3249.37,604536,108643.0,117558.0,3250.0,3257.0,3239.8,3251.5,42375900,3576.6,2926.4,4322.95,2866.6,3249.0,279,13,3248.9,45,3,3248.8,107,7,3248.7,78,4,3248.6,261,7,3249.5,49,11,3249.7,282,1,3249.9,59,2,3250.0,11,2,3250.1,175,1
11536,2025-12-30 11:37:06+05:30,3249.1,7,3249.37,604562,108608.0,117572.0,3250.0,3257.0,3239.8,3251.5,42375900,3576.6,2926.4,4322.95,2866.6,3249.1,1,1,3249.0,199,10,3248.9,45,3,3248.8,139,8,3248.7,37,2,3249.5,331,13,3249.8,27,1,3249.9,32,1,3250.0,11,2,3250.1,175,1
11536,2025-12-30 11:37:07+05:30,3249.1,27,3249.37,604562,108608.0,117572.0,3250.0,3257.0,3239.8,3251.5,42375900,3576.6,2926.4,4322.95,2866.6,3249.1,1,1,3249.0,199,10,3248.9,45,3,3248.8,139,8,3248.7,37,2,3249.5,331,13,3249.8,27,1,3249.9,32,1,3250.0,11,2,3250.1,175,1
11536,2025-12-30 11:37:07+05:30,3249.0,4,3249.37,604620,108465.0,118813.0,3250.0,3257.0,3239.8,3251.5,42375900,3576.6,2926.4,4322.95,2866.6,3249.0,179,10,3248.9,45,3,3248.8,93,6,3248.7,37,2,3248.6,91,5,3249.1,12,4,3249.5,329,11,3249.8,27,1,3249.9,32,1,3250.0,11,2
11536,2025-12-30 11:37:08+05:30,3249.0,2,3249.37,604620,108465.0,118813.0,3250.0,3257.0,3239.8,3251.5,42375900,3576.6,2926.4,4322.95,2866.6,3249.0,179,10,3248.9,45,3,3248.8,93,6,3248.7,37,2,3248.6,91,5,3249.1,12,4,3249.5,329,11,3249.8,27,1,3249.9,32,1,3250.0,11,2
11536,2025-12-30 11:37:08+05:30,3249.0,6,3249.37,604635,108199.0,118805.0,3250.0,3257.0,3239.8,3251.5,42375900,3576.6,2926.4,4322.95,2866.6,3249.0,143,9,3248.9,22,2,3248.8,93,6,3248.7,37,2,3248.6,91,5,3249.1,15,7,3249.4,282,1,3249.5,43,6,3249.6,27,1,3249.7,25,1
11536,2025-12-30 11:37:09+05:30,3249.2,1,3249.37,604635,108199.0,118805.0,3250.0,3257.0,3239.8,3251.5,42375900,3576.6,2926.4,4322.95,2866.6,3249.0,143,9,3248.9,22,2,3248.8,93,6,3248.7,37,2,3248.6,91,5,3249.1,15,7,3249.4,282,1,3249.5,43,6,3249.6,27,1,3249.7,25,1
11536,2025-12-30 11:37:09+05:30,3249.0,6,3249.37,604731,109197.0,118773.0,3250.0,3257.0,3239.8,3251.5,42375900,3576.6,2926.4,4322.95,2866.6,3249.0,705,10,3248.9,45,3,3248.8,100,7,3248.7,6,1,3248.6,97,6,3249.5,47,7,3249.6,282,1,3249.7,25,1,3249.9,27,1,3250.0,11,2
11536,2025-12-30 11:37:10+05:30,3249.0,1,3249.37,604731,109197.0,118773.0,3250.0,3257.0,3239.8,3251.5,42375900,3576.6,2926.4,4322.95,2866.6,3249.0,705,10,3248.9,45,3,3248.8,100,7,3248.7,6,1,3248.6,97,6,3249.5,47,7,3249.6,282,1,3249.7,25,1,3249.9,27,1,3250.0,11,2
11536,2025-12-30 11:37:10+05:30,3249.0,1,3249.37,604734,109557.0,117705.0,3250.0,3257.0,3239.8,3251.5,42375900,3576.6,2926.4,4322.95,2866.6,3249.0,727,10,3248.9,51,4,3248.8,256,8,3248.7,6,1,3248.6,263,8,3249.5,47,7,3249.7,282,1,3249.9,27,1,3250.0,11,2,3250.1,31,1
11536,2025-12-30 11:37:11+05:30,3249.1,3,3249.37,604734,109557.0,117705.0,3250.0,3257.0,3239.8,3251.5,42375900,3576.6,2926.4,4322.95,2866.6,3249.0,727,10,3248.9,51,4,3248.8,256,8,3248.7,6,1,3248.6,263,8,3249.5,47,7,3249.7,282,1,3249.9,27,1,3250.0,11,2,3250.1,31,1
11536,2025-12-30 11:37:11+05:30,3249.1,3,3249.37,604765,109504.0,117640.0,3250.0,3257.0,3239.8,3251.5,42375900,3576.6,2926.4,4322.95,2866.6,3249.0,760,11,3248.9,51,4,3248.8,129,8,3248.7,37,2,3248.6,294,9,3249.1,4,2,3249.5,20,6,3249.7,282,1,3249.9,27,1,3250.0,42,3
11536,2025-12-30 11:37:12+05:30,3249.0,1,3249.37,604765,109504.0,117640.0,3250.0,3257.0,3239.8,3251.5,42375900,3576.6,2926.4,4322.95,2866.6,3249.0,760,11,3248.9,51,4,3248.8,129,8,3248.7,37,2,3248.6,294,9,3249.1,4,2,3249.5,20,6,3249.7,282,1,3249.9,27,1,3250.0,42,3
11536,2025-12-30 11:37:12+05:30,3249.7,92,3249.37,604927,109496.0,117518.0,3250.0,3257.0,3239.8,3251.5,42375900,3576.6,2926.4,4322.95,2866.6,3249.0,725,10,3248.9,62,4,3248.8,295,10,3248.7,111,4,3248.6,417,8,3249.9,31,1,3250.0,320,4,3250.4,21,1,3250.6,72,3,3250.7,213,2
11536,2025-12-30 11:37:13+05:30,3249.6,1,3249.37,604927,109496.0,117518.0,3250.0,3257.0,3239.8,3251.5,42375900,3576.6,2926.4,4322.95,2866.6,3249.0,725,10,3248.9,62,4,3248.8,295,10,3248.7,111,4,3248.6,417,8,3249.9,31,1,3250.0,320,4,3250.4,21,1,3250.6,72,3,3250.7,213,2
11536,2025-12-30 11:37:13+05:30,3249.6,1,3249.37,604929,109782.0,117723.0,3250.0,3257.0,3239.8,3251.5,42375900,3576.6,2926.4,4322.95,2866.6,3249.0,1059,13,3248.9,39,3,3248.8,321,9,3248.7,87,4,3248.6,610,9,3249.9,39,3,3250.0,293,3,3250.4,27,1,3250.5,15,1,3250.6,43,2
11536,2025-12-30 11:37:14+05:30,3249.1,49,3249.37,604978,109596.0,117878.0,3250.0,3257.0,3239.8,3251.5,42375900,3576.6,2926.4,4322.95,2866.6,3249.1,4,1,3249.0,900,12,3248.9,39,3,3248.8,321,9,3248.7,31,2,3249.9,61,3,3250.0,293,3,3250.1,175,1,3250.6,43,2,3250.7,213,2
11536,2025-12-30 11:37:15+05:30,3249.9,1,3249.37,604978,109596.0,117878.0,3250.0,3257.0,3239.8,3251.5,42375900,3576.6,2926.4,4322.95,2866.6,3249.1,4,1,3249.0,900,12,3248.9,39,3,3248.8,321,9,3248.7,31,2,3249.9,61,3,3250.0,293,3,3250.1,175,1,3250.6,43,2,3250.7,213,2
11536,2025-12-30 11:37:15+05:30,3249.0,20,3249.37,605003,109636.0,117670.0,3250.0,3257.0,3239.8,3251.5,42375900,3576.6,2926.4,4322.95,2866.6,3249.0,880,12,3248.9,93,4,3248.8,321,9,3248.7,87,4,3248.6,610,9,3249.9,61,5,3250.0,21,3,3250.1,282,1,3250.6,43,2,3250.7,213,2
11536,2025-12-30 11:37:16+05:30,3249.9,1,3249.37,605003,109636.0,117670.0,3250.0,3257.0,3239.8,3251.5,42375900,3576.6,2926.4,4322.95,2866.6,3249.0,880,12,3248.9,93,4,3248.8,321,9,3248.7,87,4,3248.6,610,9,3249.9,61,5,3250.0,21,3,3250.1,282,1,3250.6,43,2,3250.7,213,2
11536,2025-12-30 11:37:16+05:30,3249.0,15,3249.37,605020,109687.0,117712.0,3250.0,3257.0,3239.8,3251.5,42375900,3576.6,2926.4,4322.95,2866.6,3249.0,865,12,3248.9,93,4,3248.8,321,9,3248.7,41,3,3248.6,356,9,3249.9,60,7,3250.0,21,3,3250.1,282,1,3250.5,175,1,3250.6,43,2
11536,2025-12-30 11:37:17+05:30,3249.0,49,3249.37,605020,109687.0,117712.0,3250.0,3257.0,3239.8,3251.5,42375900,3576.6,2926.4,4322.95,2866.6,3249.0,865,12,3248.9,93,4,3248.8,321,9,3248.7,41,3,3248.6,356,9,3249.9,60,7,3250.0,21,3,3250.1,282,1,3250.5,175,1,3250.6,43,2
11536,2025-12-30 11:37:17+05:30,3249.0,8,3249.37,605113,109640.0,117975.0,3250.0,3257.0,3239.8,3251.5,42375900,3576.6,2926.4,4322.95,2866.6,3249.0,770,9,3248.9,139,6,3248.8,300,8,3248.7,81,3,3248.6,360,10,3249.9,65,9,3250.0,11,2,3250.1,282,1,3250.5,175,1,3250.6,43,2
11536,2025-12-30 11:37:18+05:30,3249.0,8,3249.37,605113,109640.0,117975.0,3250.0,3257.0,3239.8,3251.5,42375900,3576.6,2926.4,4322.95,2866.6,3249.0,770,9,3248.9,139,6,3248.8,300,8,3248.7,81,3,3248.6,360,10,3249.9,65,9,3250.0,11,2,3250.1,282,1,3250.5,175,1,3250.6,43,2
11536,2025-12-30 11:37:18+05:30,3249.0,5,3249.37,605121,109660.0,117975.0,3250.0,3257.0,3239.8,3251.5,42375900,3576.6,2926.4,4322.95,2866.6,3249.0,794,11,3248.9,117,5,3248.8,321,9,3248.7,127,4,3248.6,324,10,3249.9,65,9,3250.0,293,3,3250.5,175,1,3250.6,43,2,3250.7,388,3
11536,2025-12-30 11:37:19+05:30,3249.0,5,3249.37,605121,109660.0,117975.0,3250.0,3257.0,3239.8,3251.5,42375900,3576.6,2926.4,4322.95,2866.6,3249.0,794,11,3248.9,117,5,3248.8,321,9,3248.7,127,4,3248.6,324,10,3249.9,65,9,3250.0,293,3,3250.5,175,1,3250.6,43,2,3250.7,388,3
11536,2025-12-30 11:37:19+05:30,3249.0,5,3249.37,605160,109635.0,117842.0,3250.0,3257.0,3239.8,3251.5,42375900,3576.6,2926.4,4322.95,2866.6,3249.0,763,11,3248.9,117,5,3248.8,321,9,3248.7,127,4,3248.6,324,10,3249.9,54,8,3250.0,293,3,3250.5,175,1,3250.6,43,2,3250.7,388,3
11536,2025-12-30 11:37:20+05:30,3249.0,20,3249.37,605160,109635.0,117842.0,3250.0,3257.0,3239.8,3251.5,42375900,3576.6,2926.4,4322.95,2866.6,3249.0,763,11,3248.9,117,5,3248.8,321,9,3248.7,127,4,3248.6,324,10,3249.9,54,8,3250.0,293,3,3250.5,175,1,3250.6,43,2,3250.7,388,3
11536,2025-12-30 11:37:20+05:30,3249.0,2,3249.37,605195,109600.0,117843.0,3250.0,3257.0,3239.8,3251.5,42375900,3576.6,2926.4,4322.95,2866.6,3249.0,728,11,3248.9,117,5,3248.8,321,9,3248.7,127,4,3248.6,324,10,3249.9,55,10,3250.0,293,3,3250.5,175,1,3250.6,43,2,3250.7,388,3
11536,2025-12-30 11:37:21+05:30,3249.0,1,3249.37,605195,109600.0,117843.0,3250.0,3257.0,3239.8,3251.5,42375900,3576.6,2926.4,4322.95,2866.6,3249.0,728,11,3248.9,117,5,3248.8,321,9,3248.7,127,4,3248.6,324,10,3249.9,55,10,3250.0,293,3,3250.5,175,1,3250.6,43,2,3250.7,388,3
11536,2025-12-30 11:37:21+05:30,3249.0,2,3249.37,605210,109654.0,117885.0,3250.0,3257.0,3239.8,3251.5,42375900,3576.6,2926.4,4322.95,2866.6,3249.0,673,9,3248.9,114,5,3248.8,321,9,3248.7,114,4,3248.6,370,11,3249.9,318,11,3250.0,11,2,3250.5,175,1,3250.6,43,2,3250.7,388,3
11536,2025-12-30 11:37:22+05:30,3249.0,6,3249.37,605210,109654.0,117885.0,3250.0,3257.0,3239.8,3251.5,42375900,3576.6,2926.4,4322.95,2866.6,3249.0,673,9,3248.9,114,5,3248.8,321,9,3248.7,114,4,3248.6,370,11,3249.9,318,11,3250.0,11,2,3250.5,175,1,3250.6,43,2,3250.7,388,3
11536,2025-12-30 11:37:22+05:30,3249.0,6,3249.37,605230,109496.0,117874.0,3250.0,3257.0,3239.8,3251.5,42375900,3576.6,2926.4,4322.95,2866.6,3249.0,649,10,3248.9,93,4,3248.8,186,9,3248.7,114,4,3248.6,373,12,3249.8,27,3,3249.9,289,8,3250.0,11,2,3250.5,196,2,3250.6,21,1
11536,2025-12-30 11:37:23+05:30,3249.0,3,3249.37,605230,109496.0,117874.0,3250.0,3257.0,3239.8,3251.5,42375900,3576.6,2926.4,4322.95,2866.6,3249.0,649,10,3248.9,93,4,3248.8,186,9,3248.7,114,4,3248.6,373,12,3249.8,27,3,3249.9,289,8,3250.0,11,2,3250.5,196,2,3250.6,21,1
11536,2025-12-30 11:37:23+05:30,3249.0,3,3249.37,605240,109477.0,117882.0,3250.0,3257.0,3239.8,3251.5,42375900,3576.6,2926.4,4322.95,2866.6,3249.0,639,10,3248.9,93,4,3248.8,171,8,3248.7,114,4,3248.6,373,12,3249.8,31,7,3249.9,286,5,3250.0,11,2,3250.5,196,2,3250.6,21,1
11536,2025-12-30 11:37:24+05:30,3249.8,1,3249.37,605240,109477.0,117882.0,3250.0,3257.0,3239.8,3251.5,42375900,3576.6,2926.4,4322.95,2866.6,3249.0,639,10,3248.9,93,4,3248.8,171,8,3248.7,114,4,3248.6,373,12,3249.8,31,7,3249.9,286,5,3250.0,11,2,3250.5,196,2,3250.6,21,1
11536,2025-12-30 11:37:24+05:30,3249.0,2,3249.37,605286,109282.0,117645.0,3250.0,3257.0,3239.8,3251.5,42375900,3576.6,2926.4,4322.95,2866.6,3249.0,636,9,3248.9,123,6,3248.8,145,7,3248.7,75,2,3248.6,342,10,3249.8,31,5,3249.9,282,1,3250.0,11,2,3250.5,196,2,3250.6,21,1
11536,2025-12-30 11:37:25+05:30,3249.8,1,3249.37,605286,109282.0,117645.0,3250.0,3257.0,3239.8,3251.5,42375900,3576.6,2926.4,4322.95,2866.6,3249.0,636,9,3248.9,123,6,3248.8,145,7,3248.7,75,2,3248.6,342,10,3249.8,31,5,3249.9,282,1,3250.0,11,2,3250.5,196,2,3250.6,21,1
11536,2025-12-30 11:37:25+05:30,3249.8,1,3249.37,605288,109280.0,117654.0,3250.0,3257.0,3239.8,3251.5,42375900,3576.6,2926.4,4322.95,2866.6,3249.0,635,9,3248.9,102,5,3248.8,145,7,3248.7,75,2,3248.6,296,9,3249.8,31,6,3249.9,282,1,3250.0,11,2,3250.5,196,2,3250.6,21,1
11536,2025-12-30 11:37:26+05:30,3249.8,1,3249.37,605381,109182.0,117779.0,3250.0,3257.0,3239.8,3251.5,42375900,3576.6,2926.4,4322.95,2866.6,3249.0,538,10,3248.9,90,4,3248.8,165,8,3248.7,75,2,3248.6,280,8,3249.8,18,5,3249.9,282,1,3250.0,11,2,3250.3,26,1,3250.4,20,1
11536,2025-12-30 11:37:27+05:30,3249.8,1,3249.37,605381,109182.0,117779.0,3250.0,3257.0,3239.8,3251.5,42375900,3576.6,2926.4,4322.95,2866.6,3249.0,538,10,3248.9,90,4,3248.8,165,8,3248.7,75,2,3248.6,280,8,3249.8,18,5,3249.9,282,1,3250.0,11,2,3250.3,26,1,3250.4,20,1
11536,2025-12-30 11:37:29+05:30,3248.9,9,3249.36,610084,106829.0,119400.0,3250.0,3257.0,3239.8,3251.5,42375900,3576.6,2926.4,4322.95,2866.6,3248.8,93,4,3248.7,50,1,3248.6,191,5,3248.5,15,1,3248.4,180,4,3248.9,179,1,3249.6,26,1,3249.7,28,2,3249.8,345,8,3250.0,31,3
11536,2025-12-30 11:37:30+05:30,3248.8,3,3249.36,610084,106829.0,119400.0,3250.0,3257.0,3239.8,3251.5,42375900,3576.6,2926.4,4322.95,2866.6,3248.8,93,4,3248.7,50,1,3248.6,191,5,3248.5,15,1,3248.4,180,4,3248.9,179,1,3249.6,26,1,3249.7,28,2,3249.8,345,8,3250.0,31,3
11536,2025-12-30 11:37:33+05:30,3248.5,6,3249.36,610084,106829.0,119400.0,3250.0,3257.0,3239.8,3251.5,42375900,3576.6,2926.4,4322.95,2866.6,3248.8,93,4,3248.7,50,1,3248.6,191,5,3248.5,15,1,3248.4,180,4,3248.9,179,1,3249.6,26,1,3249.7,28,2,3249.8,345,8,3250.0,31,3
11536,2025-12-30 11:37:33+05:30,3248.5,113,3249.36,611011,105436.0,118995.0,3250.0,3257.0,3239.8,3251.5,42375900,3576.6,2926.4,4322.95,2866.6,3248.3,415,8,3248.2,14,3,3248.1,24,5,3248.0,216,5,3247.9,36,3,3248.5,36,3,3248.6,54,3,3248.8,2,1,3248.9,159,3,3249.5,26,1
11536,2025-12-30 11:37:36+05:30,3248.3,14,3249.36,611011,105436.0,118995.0,3250.0,3257.0,3239.8,3251.5,42375900,3576.6,2926.4,4322.95,2866.6,3248.3,415,8,3248.2,14,3,3248.1,24,5,3248.0,216,5,3247.9,36,3,3248.5,36,3,3248.6,54,3,3248.8,2,1,3248.9,159,3,3249.5,26,1
11536,2025-12-30 11:37:38+05:30,3248.3,111,3249.36,613420,105315.0,118691.0,3250.0,3257.0,3239.8,3251.5,42375900,3576.6,2926.4,4322.95,2866.6,3248.2,206,7,3248.1,45,6,3248.0,133,7,3247.9,44,3,3247.8,116,6,3248.5,40,7,3248.9,145,1,3249.6,20,1,3249.7,117,1,3249.8,347,3
11536,2025-12-30 11:37:39+05:30,3248.2,24,3249.36,613420,105315.0,118691.0,3250.0,3257.0,3239.8,3251.5,42375900,3576.6,2926.4,4322.95,2866.6,3248.2,206,7,3248.1,45,6,3248.0,133,7,3247.9,44,3,3247.8,116,6,3248.5,40,7,3248.9,145,1,3249.6,20,1,3249.7,117,1,3249.8,347,3
11536,2025-12-30 11:37:42+05:30,3248.2,4,3249.36,613420,105315.0,118691.0,3250.0,3257.0,3239.8,3251.5,42375900,3576.6,2926.4,4322.95,2866.6,3248.2,206,7,3248.1,45,6,3248.0,133,7,3247.9,44,3,3247.8,116,6,3248.5,40,7,3248.9,145,1,3249.6,20,1,3249.7,117,1,3249.8,347,3
11536,2025-12-30 11:37:42+05:30,3248.3,46,3249.36,614063,104878.0,118825.0,3250.0,3257.0,3239.8,3251.5,42375900,3576.6,2926.4,4322.95,2866.6,3248.3,32,1,3248.2,35,2,3248.1,24,5,3248.0,65,5,3247.9,44,3,3248.5,29,9,3248.9,145,1,3249.6,25,1,3249.7,38,1,3249.8,313,3
11536,2025-12-30 11:37:45+05:30,3248.5,1,3249.36,614063,104878.0,118825.0,3250.0,3257.0,3239.8,3251.5,42375900,3576.6,2926.4,4322.95,2866.6,3248.3,32,1,3248.2,35,2,3248.1,24,5,3248.0,65,5,3247.9,44,3,3248.5,29,9,3248.9,145,1,3249.6,25,1,3249.7,38,1,3249.8,313,3
11536,2025-12-30 11:37:47+05:30,3248.4,76,3249.36,614473,105083.0,118958.0,3250.0,3257.0,3239.8,3251.5,42375900,3576.6,2926.4,4322.95,2866.6,3248.4,113,1,3248.3,1,1,3248.1,15,3,3248.0,205,5,3247.9,63,4,3248.9,124,4,3249.0,283,2,3249.4,21,1,3249.6,30,1,3249.7,38,1
11536,2025-12-30 11:37:48+05:30,3248.4,76,3249.36,614473,105083.0,118958.0,3250.0,3257.0,3239.8,3251.5,42375900,3576.6,2926.4,4322.95,2866.6,3248.4,113,1,3248.3,1,1,3248.1,15,3,3248.0,205,5,3247.9,63,4,3248.9,124,4,3249.0,283,2,3249.4,21,1,3249.6,30,1,3249.7,38,1
11536,2025-12-30 11:37:51+05:30,3248.9,1,3249.36,614473,105083.0,118958.0,3250.0,3257.0,3239.8,3251.5,42375900,3576.6,2926.4,4322.95,2866.6,3248.4,113,1,3248.3,1,1,3248.1,15,3,3248.0,205,5,3247.9,63,4,3248.9,124,4,3249.0,283,2,3249.4,21,1,3249.6,30,1,3249.7,38,1
11536,2025-12-30 11:37:51+05:30,3248.9,1,3249.36,614577,105508.0,118772.0,3250.0,3257.0,3239.8,3251.5,42375900,3576.6,2926.4,4322.95,2866.6,3248.8,11,1,3248.3,1,1,3248.1,198,5,3248.0,296,9,3247.9,91,4,3248.9,107,7,3249.0,1,1,3249.3,25,1,3249.4,21,1,3249.6,30,1
11536,2025-12-30 11:37:53+05:30,3248.9,1,3249.36,614577,105508.0,118772.0,3250.0,3257.0,3239.8,3251.5,42375900,3576.6,2926.4,4322.95,2866.6,3248.8,11,1,3248.3,1,1,3248.1,198,5,3248.0,296,9,3247.9,91,4,3248.9,107,7,3249.0,1,1,3249.3,25,1,3249.4,21,1,3249.6,30,1
11536,2025-12-30 11:37:54+05:30,3248.9,37,3249.36,614577,105508.0,118772.0,3250.0,3257.0,3239.8,3251.5,42375900,3576.6,2926.4,4322.95,2866.6,3248.8,11,1,3248.3,1,1,3248.1,198,5,3248.0,296,9,3247.9,91,4,3248.9,107,7,3249.0,1,1,3249.3,25,1,3249.4,21,1,3249.6,30,1
11536,2025-12-30 11:37:54+05:30,3248.9,37,3249.36,614577,105508.0,118772.0,3250.0,3257.0,3239.8,3251.5,42375900,3576.6,2926.4,4322.95,2866.6,3248.8,11,1,3248.3,1,1,3248.1,198,5,3248.0,296,9,3247.9,91,4,3248.9,107,7,3249.0,1,1,3249.3,25,1,3249.4,21,1,3249.6,30,1
11536,2025-12-30 11:37:55+05:30,3248.9,37,3249.36,614577,105508.0,118772.0,3250.0,3257.0,3239.8,3251.5,42375900,3576.6,2926.4,4322.95,2866.6,3248.8,11,1,3248.3,1,1,3248.1,198,5,3248.0,296,9,3247.9,91,4,3248.9,107,7,3249.0,1,1,3249.3,25,1,3249.4,21,1,3249.6,30,1
11536,2025-12-30 11:37:56+05:30,3248.5,1,3249.36,614826,105058.0,119022.0,3250.0,3257.0,3239.8,3251.5,42375900,3576.6,2926.4,4322.95,2866.6,3248.4,2,1,3248.3,24,2,3248.1,21,4,3248.0,220,6,3247.9,69,4,3248.5,54,2,3248.7,1,1,3248.8,1,1,3248.9,70,9,3249.0,27,2
11536,2025-12-30 11:37:56+05:30,3248.5,1,3249.36,614826,105058.0,119022.0,3250.0,3257.0,3239.8,3251.5,42375900,3576.6,2926.4,4322.95,2866.6,3248.4,2,1,3248.3,24,2,3248.1,21,4,3248.0,220,6,3247.9,69,4,3248.5,54,2,3248.7,1,1,3248.8,1,1,3248.9,70,9,3249.0,27,2
11536,2025-12-30 11:37:57+05:30,3248.1,2,3249.36,614826,105058.0,119022.0,3250.0,3257.0,3239.8,3251.5,42375900,3576.6,2926.4,4322.95,2866.6,3248.4,2,1,3248.3,24,2,3248.1,21,4,3248.0,220,6,3247.9,69,4,3248.5,54,2,3248.7,1,1,3248.8,1,1,3248.9,70,9,3249.0,27,2
11536,2025-12-30 11:37:57+05:30,3248.1,2,3249.36,614826,105058.0,119022.0,3250.0,3257.0,3239.8,3251.5,42375900,3576.6,2926.4,4322.95,2866.6,3248.4,2,1,3248.3,24,2,3248.1,21,4,3248.0,220,6,3247.9,69,4,3248.5,54,2,3248.7,1,1,3248.8,1,1,3248.9,70,9,3249.0,27,2
11536,2025-12-30 11:37:58+05:30,3248.1,2,3249.36,614826,105058.0,119022.0,3250.0,3257.0,3239.8,3251.5,42375900,3576.6,2926.4,4322.95,2866.6,3248.4,2,1,3248.3,24,2,3248.1,21,4,3248.0,220,6,3247.9,69,4,3248.5,54,2,3248.7,1,1,3248.8,1,1,3248.9,70,9,3249.0,27,2
11536,2025-12-30 11:37:59+05:30,3248.1,2,3249.36,614826,105058.0,119022.0,3250.0,3257.0,3239.8,3251.5,42375900,3576.6,2926.4,4322.95,2866.6,3248.4,2,1,3248.3,24,2,3248.1,21,4,3248.0,220,6,3247.9,69,4,3248.5,54,2,3248.7,1,1,3248.8,1,1,3248.9,70,9,3249.0,27,2
11536,2025-12-30 11:38:00+05:30,3248.2,20,3249.36,614826,105058.0,119022.0,3250.0,3257.0,3239.8,3251.5,42375900,3576.6,2926.4,4322.95,2866.6,3248.4,2,1,3248.3,24,2,3248.1,21,4,3248.0,220,6,3247.9,69,4,3248.5,54,2,3248.7,1,1,3248.8,1,1,3248.9,70,9,3249.0,27,2
11536,2025-12-30 11:38:00+05:30,3248.3,4,3249.36,615065,104664.0,118861.0,3250.0,3257.0,3239.8,3251.5,42375900,3576.6,2926.4,4322.95,2866.6,3248.4,49,1,3248.2,2,2,3248.1,19,4,3248.0,215,5,3247.9,48,3,3248.5,100,6,3248.9,48,1,3249.0,1,1,3249.4,64,2,3249.5,2,1
11536,2025-12-30 11:38:00+05:30,3248.3,4,3249.36,615065,104664.0,118861.0,3250.0,3257.0,3239.8,3251.5,42375900,3576.6,2926.4,4322.95,2866.6,3248.4,49,1,3248.2,2,2,3248.1,19,4,3248.0,215,5,3247.9,48,3,3248.5,100,6,3248.9,48,1,3249.0,1,1,3249.4,64,2,3249.5,2,1
11536,2025-12-30 11:38:01+05:30,3248.3,4,3249.36,615065,104664.0,118861.0,3250.0,3257.0,3239.8,3251.5,42375900,3576.6,2926.4,4322.95,2866.6,3248.4,49,1,3248.2,2,2,3248.1,19,4,3248.0,215,5,3247.9,48,3,3248.5,100,6,3248.9,48,1,3249.0,1,1,3249.4,64,2,3249.5,2,1
11536,2025-12-30 11:38:02+05:30,3248.3,4,3249.36,615065,104664.0,118861.0,3250.0,3257.0,3239.8,3251.5,42375900,3576.6,2926.4,4322.95,2866.6,3248.4,49,1,3248.2,2,2,3248.1,19,4,3248.0,215,5,3247.9,48,3,3248.5,100,6,3248.9,48,1,3249.0,1,1,3249.4,64,2,3249.5,2,1
11536,2025-12-30 11:38:03+05:30,3248.3,50,3249.36,615065,104664.0,118861.0,3250.0,3257.0,3239.8,3251.5,42375900,3576.6,2926.4,4322.95,2866.6,3248.4,49,1,3248.2,2,2,3248.1,19,4,3248.0,215,5,3247.9,48,3,3248.5,100,6,3248.9,48,1,3249.0,1,1,3249.4,64,2,3249.5,2,1
11536,2025-12-30 11:38:03+05:30,3248.3,50,3249.36,615065,104664.0,118861.0,3250.0,3257.0,3239.8,3251.5,42375900,3576.6,2926.4,4322.95,2866.6,3248.4,49,1,3248.2,2,2,3248.1,19,4,3248.0,215,5,3247.9,48,3,3248.5,100,6,3248.9,48,1,3249.0,1,1,3249.4,64,2,3249.5,2,1
11536,2025-12-30 11:38:04+05:30,3248.5,2,3249.35,615665,105064.0,118098.0,3250.0,3257.0,3239.8,3251.5,42375900,3576.6,2926.4,4322.95,2866.6,3248.5,2,1,3248.2,39,3,3248.1,16,4,3248.0,154,7,3247.9,123,5,3248.9,60,2,3249.0,1,1,3249.7,25,1,3249.8,10,1,3249.9,41,2
11536,2025-12-30 11:38:05+05:30,3248.5,2,3249.35,615665,105064.0,118098.0,3250.0,3257.0,3239.8,3251.5,42375900,3576.6,2926.4,4322.95,2866.6,3248.5,2,1,3248.2,39,3,3248.1,16,4,3248.0,154,7,3247.9,123,5,3248.9,60,2,3249.0,1,1,3249.7,25,1,3249.8,10,1,3249.9,41,2
11536,2025-12-30 11:38:06+05:30,3248.9,1,3249.35,615665,105064.0,118098.0,3250.0,3257.0,3239.8,3251.5,42375900,3576.6,2926.4,4322.95,2866.6,3248.5,2,1,3248.2,39,3,3248.1,16,4,3248.0,154,7,3247.9,123,5,3248.9,60,2,3249.0,1,1,3249.7,25,1,3249.8,10,1,3249.9,41,2
11536,2025-12-30 11:38:06+05:30,3248.9,1,3249.35,615665,105064.0,118098.0,3250.0,3257.0,3239.8,3251.5,42375900,3576.6,2926.4,4322.95,2866.6,3248.5,2,1,3248.2,39,3,3248.1,16,4,3248.0,154,7,3247.9,123,5,3248.9,60,2,3249.0,1,1,3249.7,25,1,3249.8,10,1,3249.9,41,2
11536,2025-12-30 11:38:08+05:30,3248.9,1,3249.35,615665,105064.0,118098.0,3250.0,3257.0,3239.8,3251.5,42375900,3576.6,2926.4,4322.95,2866.6,3248.5,2,1,3248.2,39,3,3248.1,16,4,3248.0,154,7,3247.9,123,5,3248.9,60,2,3249.0,1,1,3249.7,25,1,3249.8,10,1,3249.9,41,2
11536,2025-12-30 11:38:09+05:30,3248.1,12,3249.35,615952,104394.0,118769.0,3250.0,3257.0,3239.8,3251.5,42375900,3576.6,2926.4,4322.95,2866.6,3248.1,43,7,3248.0,34,3,3247.9,78,5,3247.8,73,4,3247.7,132,4,3248.2,12,5,3248.5,2,1,3248.9,48,2,3249.0,1,1,3249.6,21,1
11536,2025-12-30 11:38:09+05:30,3248.1,12,3249.35,615952,104394.0,118769.0,3250.0,3257.0,3239.8,3251.5,42375900,3576.6,2926.4,4322.95,2866.6,3248.1,43,7,3248.0,34,3,3247.9,78,5,3247.8,73,4,3247.7,132,4,3248.2,12,5,3248.5,2,1,3248.9,48,2,3249.0,1,1,3249.6,21,1
11536,2025-12-30 11:38:09+05:30,3248.1,12,3249.35,615952,104394.0,118769.0,3250.0,3257.0,3239.8,3251.5,42375900,3576.6,2926.4,4322.95,2866.6,3248.1,43,7,3248.0,34,3,3247.9,78,5,3247.8,73,4,3247.7,132,4,3248.2,12,5,3248.5,2,1,3248.9,48,2,3249.0,1,1,3249.6,21,1
11536,2025-12-30 11:38:11+05:30,3248.1,12,3249.35,615952,104394.0,118769.0,3250.0,3257.0,3239.8,3251.5,42383775,3576.6,2926.4,4322.95,2866.6,3248.1,43,7,3248.0,34,3,3247.9,78,5,3247.8,73,4,3247.7,132,4,3248.2,12,5,3248.5,2,1,3248.9,48,2,3249.0,1,1,3249.6,21,1
11536,2025-12-30 11:38:12+05:30,3248.1,1,3249.35,615952,104394.0,118769.0,3250.0,3257.0,3239.8,3251.5,42383775,3576.6,2926.4,4322.95,2866.6,3248.1,43,7,3248.0,34,3,3247.9,78,5,3247.8,73,4,3247.7,132,4,3248.2,12,5,3248.5,2,1,3248.9,48,2,3249.0,1,1,3249.6,21,1
11536,2025-12-30 11:38:13+05:30,3248.1,1,3249.35,615952,104394.0,118769.0,3250.0,3257.0,3239.8,3251.5,42383775,3576.6,2926.4,4322.95,2866.6,3248.1,43,7,3248.0,34,3,3247.9,78,5,3247.8,73,4,3247.7,132,4,3248.2,12,5,3248.5,2,1,3248.9,48,2,3249.0,1,1,3249.6,21,1
11536,2025-12-30 11:38:13+05:30,3248.1,13,3249.35,616105,104509.0,118104.0,3250.0,3257.0,3239.8,3251.5,42383775,3576.6,2926.4,4322.95,2866.6,3248.1,67,6,3248.0,57,4,3247.9,51,4,3247.8,52,3,3247.7,86,2,3248.2,6,6,3248.9,48,2,3249.0,1,1,3249.4,43,2,3249.5,3,2
11536,2025-12-30 11:38:15+05:30,3248.2,1,3249.35,616105,104509.0,118104.0,3250.0,3257.0,3239.8,3251.5,42383775,3576.6,2926.4,4322.95,2866.6,3248.1,67,6,3248.0,57,4,3247.9,51,4,3247.8,52,3,3247.7,86,2,3248.2,6,6,3248.9,48,2,3249.0,1,1,3249.4,43,2,3249.5,3,2
11536,2025-12-30 11:38:18+05:30,3248.2,14,3249.35,616157,104926.0,118841.0,3250.0,3257.0,3239.8,3251.5,42383775,3576.6,2926.4,4322.95,2866.6,3248.2,23,1,3248.1,83,7,3248.0,24,2,3247.9,10,2,3247.8,47,4,3248.3,9,3,3248.8,27,1,3248.9,50,4,3249.0,297,3,3249.3,20,1
11536,2025-12-30 11:38:18+05:30,3248.2,9,3249.35,616157,104926.0,118841.0,3250.0,3257.0,3239.8,3251.5,42383775,3576.6,2926.4,4322.95,2866.6,3248.2,23,1,3248.1,83,7,3248.0,24,2,3247.9,10,2,3247.8,47,4,3248.3,9,3,3248.8,27,1,3248.9,50,4,3249.0,297,3,3249.3,20,1
11536,2025-12-30 11:38:21+05:30,3248.2,3,3249.35,616157,104926.0,118841.0,3250.0,3257.0,3239.8,3251.5,42383775,3576.6,2926.4,4322.95,2866.6,3248.2,23,1,3248.1,83,7,3248.0,24,2,3247.9,10,2,3247.8,47,4,3248.3,9,3,3248.8,27,1,3248.9,50,4,3249.0,297,3,3249.3,20,1
11536,2025-12-30 11:38:22+05:30,3248.2,1,3249.35,616368,104560.0,118924.0,3250.0,3257.0,3239.8,3251.5,42383775,3576.6,2926.4,4322.95,2866.6,3248.1,34,4,3248.0,45,3,3247.9,25,3,3247.8,25,2,3247.7,21,2,3248.2,1,1,3248.3,38,6,3248.5,282,1,3248.7,27,1,3248.9,48,2
11536,2025-12-30 11:38:24+05:30,3248.1,7,3249.35,616368,104560.0,118924.0,3250.0,3257.0,3239.8,3251.5,42383775,3576.6,2926.4,4322.95,2866.6,3248.1,34,4,3248.0,45,3,3247.9,25,3,3247.8,25,2,3247.7,21,2,3248.2,1,1,3248.3,38,6,3248.5,282,1,3248.7,27,1,3248.9,48,2
11536,2025-12-30 11:38:27+05:30,3249.0,52,3249.35,616368,104560.0,118924.0,3250.0,3257.0,3239.8,3251.5,42383775,3576.6,2926.4,4322.95,2866.6,3248.1,34,4,3248.0,45,3,3247.9,25,3,3247.8,25,2,3247.7,21,2,3248.2,1,1,3248.3,38,6,3248.5,282,1,3248.7,27,1,3248.9,48,2
11536,2025-12-30 11:38:27+05:30,3249.0,118,3249.35,617210,107860.0,114662.0,3250.0,3257.0,3239.8,3251.5,42383775,3576.6,2926.4,4322.95,2866.6,3249.0,80,1,3248.9,30,1,3248.6,22,1,3248.5,222,5,3248.4,302,6,3249.8,30,3,3249.9,16,1,3250.0,20,2,3250.2,61,2,3250.3,175,1
11536,2025-12-30 11:38:28+05:30,3249.0,3,3249.35,617210,107860.0,114662.0,3250.0,3257.0,3239.8,3251.5,42383775,3576.6,2926.4,4322.95,2866.6,3249.0,80,1,3248.9,30,1,3248.6,22,1,3248.5,222,5,3248.4,302,6,3249.8,30,3,3249.9,16,1,3250.0,20,2,3250.2,61,2,3250.3,175,1
11536,2025-12-30 11:38:28+05:30,3249.0,3,3249.35,617348,108044.0,117037.0,3250.0,3257.0,3239.8,3251.5,42383775,3576.6,2926.4,4322.95,2866.6,3249.0,134,5,3248.8,3,1,3248.7,15,1,3248.6,178,2,3248.5,57,3,3249.8,29,4,3250.0,20,2,3250.2,40,1,3250.3,197,2,3250.4,40,1
11536,2025-12-30 11:38:29+05:30,3249.0,25,3249.35,617348,108044.0,117037.0,3250.0,3257.0,3239.8,3251.5,42383775,3576.6,2926.4,4322.95,2866.6,3249.0,134,5,3248.8,3,1,3248.7,15,1,3248.6,178,2,3248.5,57,3,3249.8,29,4,3250.0,20,2,3250.2,40,1,3250.3,197,2,3250.4,40,1
11536,2025-12-30 11:38:29+05:30,3249.0,5,3249.35,617508,108503.0,114334.0,3250.0,3257.0,3239.8,3251.5,42383775,3576.6,2926.4,4322.95,2866.6,3249.0,327,5,3248.9,40,1,3248.8,18,2,3248.7,216,2,3248.6,285,6,3249.8,16,6,3250.0,20,2,3250.3,22,1,3250.5,40,1,3250.6,26,1
11536,2025-12-30 11:38:30+05:30,3249.0,40,3249.35,617508,108503.0,114334.0,3250.0,3257.0,3239.8,3251.5,42383775,3576.6,2926.4,4322.95,2866.6,3249.0,327,5,3248.9,40,1,3248.8,18,2,3248.7,216,2,3248.6,285,6,3249.8,16,6,3250.0,20,2,3250.3,22,1,3250.5,40,1,3250.6,26,1
11536,2025-12-30 11:38:30+05:30,3249.0,14,3249.35,617636,108432.0,116997.0,3250.0,3257.0,3239.8,3251.5,42383775,3576.6,2926.4,4322.95,2866.6,3249.0,237,3,3248.9,43,2,3248.7,71,2,3248.6,251,5,3248.5,82,4,3249.8,297,9,3250.0,20,2,3250.3,22,1,3250.5,40,1,3250.6,41,2
11536,2025-12-30 11:38:31+05:30,3249.0,40,3249.35,617636,108432.0,116997.0,3250.0,3257.0,3239.8,3251.5,42383775,3576.6,2926.4,4322.95,2866.6,3249.0,237,3,3248.9,43,2,3248.7,71,2,3248.6,251,5,3248.5,82,4,3249.8,297,9,3250.0,20,2,3250.3,22,1,3250.5,40,1,3250.6,41,2
11536,2025-12-30 11:38:31+05:30,3249.8,1,3249.35,617678,108017.0,114861.0,3250.0,3257.0,3239.8,3251.5,42383775,3576.6,2926.4,4322.95,2866.6,3249.0,166,2,3248.9,3,1,3248.6,236,4,3248.5,36,3,3248.4,335,7,3249.8,311,13,3249.9,20,1,3250.0,66,4,3250.1,64,2,3250.2,22,1
11536,2025-12-30 11:38:32+05:30,3249.0,12,3249.35,617678,108017.0,114861.0,3250.0,3257.0,3239.8,3251.5,42383775,3576.6,2926.4,4322.95,2866.6,3249.0,166,2,3248.9,3,1,3248.6,236,4,3248.5,36,3,3248.4,335,7,3249.8,311,13,3249.9,20,1,3250.0,66,4,3250.1,64,2,3250.2,22,1
11536,2025-12-30 11:38:32+05:30,3249.1,20,3249.35,617738,108530.0,116754.0,3250.0,3257.0,3239.8,3251.5,42383775,3576.6,2926.4,4322.95,2866.6,3249.1,11,1,3249.0,157,4,3248.9,106,7,3248.8,59,3,3248.7,210,2,3249.8,14,10,3250.0,20,2,3250.5,74,2,3250.6,103,4,3250.7,74,3
11536,2025-12-30 11:38:33+05:30,3249.0,1,3249.35,617738,108530.0,116754.0,3250.0,3257.0,3239.8,3251.5,42383775,3576.6,2926.4,4322.95,2866.6,3249.1,11,1,3249.0,157,4,3248.9,106,7,3248.8,59,3,3248.7,210,2,3249.8,14,10,3250.0,20,2,3250.5,74,2,3250.6,103,4,3250.7,74,3
11536,2025-12-30 11:38:33+05:30,3249.1,1,3249.35,617786,108288.0,118468.0,3250.0,3257.0,3239.8,3251.5,42383775,3576.6,2926.4,4322.95,2866.6,3249.0,152,5,3248.9,93,6,3248.8,30,2,3248.7,87,3,3248.6,68,4,3249.1,5,4,3249.8,6,6,3250.0,20,2,3250.5,40,1,3250.6,78,4
11536,2025-12-30 11:38:34+05:30,3249.0,8,3249.35,617786,108288.0,118468.0,3250.0,3257.0,3239.8,3251.5,42383775,3576.6,2926.4,4322.95,2866.6,3249.0,152,5,3248.9,93,6,3248.8,30,2,3248.7,87,3,3248.6,68,4,3249.1,5,4,3249.8,6,6,3250.0,20,2,3250.5,40,1,3250.6,78,4
11536,2025-12-30 11:38:34+05:30,3249.0,13,3249.35,617825,108383.0,119454.0,3250.0,3257.0,3239.8,3251.5,42383775,3576.6,2926.4,4322.95,2866.6,3249.0,87,4,3248.9,66,4,3248.8,25,1,3248.7,72,4,3248.6,47,3,3249.1,6,6,3249.8,2,2,3250.0,20,2,3250.4,21,1,3250.5,40,1
11536,2025-12-30 11:38:35+05:30,3249.0,4,3249.35,617825,108383.0,119454.0,3250.0,3257.0,3239.8,3251.5,42383775,3576.6,2926.4,4322.95,2866.6,3249.0,87,4,3248.9,66,4,3248.8,25,1,3248.7,72,4,3248.6,47,3,3249.1,6,6,3249.8,2,2,3250.0,20,2,3250.4,21,1,3250.5,40,1
11536,2025-12-30 11:38:35+05:30,3249.0,5,3249.35,617840,108391.0,119804.0,3250.0,3257.0,3239.8,3251.5,42383775,3576.6,2926.4,4322.95,2866.6,3249.0,73,4,3248.9,87,5,3248.8,25,1,3248.7,53,3,3248.6,67,4,3249.1,7,7,3249.8,1,1,3250.0,20,2,3250.4,21,1,3250.5,40,1
11536,2025-12-30 11:38:36+05:30,3249.0,1,3249.35,617840,108391.0,119804.0,3250.0,3257.0,3239.8,3251.5,42383775,3576.6,2926.4,4322.95,2866.6,3249.0,73,4,3248.9,87,5,3248.8,25,1,3248.7,53,3,3248.6,67,4,3249.1,7,7,3249.8,1,1,3250.0,20,2,3250.4,21,1,3250.5,40,1
11536,2025-12-30 11:38:36+05:30,3249.0,6,3249.35,617856,108409.0,117104.0,3250.0,3257.0,3239.8,3251.5,42383775,3576.6,2926.4,4322.95,2866.6,3249.0,75,5,3248.9,6,2,3248.8,75,3,3248.7,53,3,3248.6,67,4,3249.1,9,9,3250.0,20,2,3250.4,21,1,3250.5,40,1,3250.6,104,5
11536,2025-12-30 11:38:37+05:30,3249.0,14,3249.35,617856,108409.0,117104.0,3250.0,3257.0,3239.8,3251.5,42383775,3576.6,2926.4,4322.95,2866.6,3249.0,75,5,3248.9,6,2,3248.8,75,3,3248.7,53,3,3248.6,67,4,3249.1,9,9,3250.0,20,2,3250.4,21,1,3250.5,40,1,3250.6,104,5
11536,2025-12-30 11:38:37+05:30,3249.0,2,3249.35,617950,108681.0,117202.0,3250.0,3257.0,3239.8,3251.5,42383775,3576.6,2926.4,4322.95,2866.6,3249.0,353,6,3248.9,6,2,3248.8,75,3,3248.7,53,3,3248.6,67,4,3249.1,13,10,3250.0,20,2,3250.4,21,1,3250.5,40,1,3250.6,104,5
11536,2025-12-30 11:38:38+05:30,3250.6,3,3249.35,617950,108681.0,117202.0,3250.0,3257.0,3239.8,3251.5,42383775,3576.6,2926.4,4322.95,2866.6,3249.0,353,6,3248.9,6,2,3248.8,75,3,3248.7,53,3,3248.6,67,4,3249.1,13,10,3250.0,20,2,3250.4,21,1,3250.5,40,1,3250.6,104,5
11536,2025-12-30 11:38:38+05:30,3249.1,3,3249.35,618094,108294.0,118883.0,3250.0,3257.0,3239.8,3251.5,42383775,3576.6,2926.4,4322.95,2866.6,3249.1,24,1,3249.0,345,5,3248.9,6,2,3248.8,195,3,3248.7,26,2,3249.9,8,2,3250.0,31,1,3250.1,33,1,3250.3,145,3,3250.4,347,5
11536,2025-12-30 11:38:39+05:30,3249.1,3,3249.35,618094,108294.0,118883.0,3250.0,3257.0,3239.8,3251.5,42383775,3576.6,2926.4,4322.95,2866.6,3249.1,24,1,3249.0,345,5,3248.9,6,2,3248.8,195,3,3248.7,26,2,3249.9,8,2,3250.0,31,1,3250.1,33,1,3250.3,145,3,3250.4,347,5
11536,2025-12-30 11:38:39+05:30,3249.9,29,3249.35,618132,108644.0,118964.0,3250.0,3257.0,3239.8,3251.5,42383775,3576.6,2926.4,4322.95,2866.6,3249.1,24,1,3249.0,345,5,3248.9,6,2,3248.8,195,3,3248.7,26,2,3249.9,43,5,3250.0,31,1,3250.1,335,3,3250.2,67,2,3250.3,25,2
11536,2025-12-30 11:38:40+05:30,3249.9,29,3249.35,618132,108644.0,118964.0,3250.0,3257.0,3239.8,3251.5,42383775,3576.6,2926.4,4322.95,2866.6,3249.1,24,1,3249.0,345,5,3248.9,6,2,3248.8,195,3,3248.7,26,2,3249.9,43,5,3250.0,31,1,3250.1,335,3,3250.2,67,2,3250.3,25,2
11536,2025-12-30 11:38:40+05:30,3249.5,37,3249.35,618169,108790.0,118826.0,3250.0,3257.0,3239.8,3251.5,42383775,3576.6,2926.4,4322.95,2866.6,3249.5,30,2,3249.0,501,6,3248.9,6,2,3248.8,196,3,3248.7,20,1,3249.9,333,7,3250.0,31,1,3250.1,68,3,3250.2,89,3,3250.3,28,2
11536,2025-12-30 11:38:41+05:30,3249.5,37,3249.35,618169,108790.0,118826.0,3250.0,3257.0,3239.8,3251.5,42383775,3576.6,2926.4,4322.95,2866.6,3249.5,30,2,3249.0,501,6,3248.9,6,2,3248.8,196,3,3248.7,20,1,3249.9,333,7,3250.0,31,1,3250.1,68,3,3250.2,89,3,3250.3,28,2
11536,2025-12-30 11:38:41+05:30,3249.5,3,3249.35,618199,108849.0,118864.0,3250.0,3257.0,3239.8,3251.5,42383775,3576.6,2926.4,4322.95,2866.6,3249.5,30,2,3249.0,501,6,3248.9,6,2,3248.8,196,3,3248.7,20,1,3249.9,365,8,3250.0,78,3,3250.1,68,3,3250.2,89,3,3250.3,28,2
11536,2025-12-30 11:38:42+05:30,3249.5,3,3249.35,618199,108849.0,118864.0,3250.0,3257.0,3239.8,3251.5,42383775,3576.6,2926.4,4322.95,2866.6,3249.5,30,2,3249.0,501,6,3248.9,6,2,3248.8,196,3,3248.7,20,1,3249.9,365,8,3250.0,78,3,3250.1,68,3,3250.2,89,3,3250.3,28,2
11536,2025-12-30 11:38:42+05:30,3249.9,4,3249.35,618220,109149.0,118694.0,3250.0,3257.0,3239.8,3251.5,42383775,3576.6,2926.4,4322.95,2866.6,3249.8,10,1,3249.5,48,2,3249.0,513,8,3248.9,6,2,3248.8,196,3,3249.9,32,5,3250.2,30,1,3250.3,33,2,3250.4,73,4,3250.5,142,5
11536,2025-12-30 11:38:43+05:30,3249.8,1,3249.35,618220,109149.0,118694.0,3250.0,3257.0,3239.8,3251.5,42383775,3576.6,2926.4,4322.95,2866.6,3249.8,10,1,3249.5,48,2,3249.0,513,8,3248.9,6,2,3248.8,196,3,3249.9,32,5,3250.2,30,1,3250.3,33,2,3250.4,73,4,3250.5,142,5
11536,2025-12-30 11:38:43+05:30,3249.8,9,3249.35,618230,109105.0,118962.0,3250.0,3257.0,3239.8,3251.5,42383775,3576.6,2926.4,4322.95,2866.6,3249.8,28,2,3249.5,48,2,3249.0,513,8,3248.9,6,2,3248.8,196,3,3249.9,47,7,3250.1,300,2,3250.2,30,1,3250.3,73,3,3250.4,106,5
11536,2025-12-30 11:38:44+05:30,3249.8,4,3249.35,618230,109105.0,118962.0,3250.0,3257.0,3239.8,3251.5,42383775,3576.6,2926.4,4322.95,2866.6,3249.8,28,2,3249.5,48,2,3249.0,513,8,3248.9,6,2,3248.8,196,3,3249.9,47,7,3250.1,300,2,3250.2,30,1,3250.3,73,3,3250.4,106,5
11536,2025-12-30 11:38:44+05:30,3249.8,5,3249.35,618247,109210.0,118521.0,3250.0,3257.0,3239.8,3251.5,42383775,3576.6,2926.4,4322.95,2866.6,3249.8,62,3,3249.5,48,2,3249.0,496,8,3248.9,6,2,3248.8,297,7,3249.9,49,9,3250.1,282,1,3250.2,51,2,3250.3,31,2,3250.4,14,2
11536,2025-12-30 11:38:45+05:30,3249.9,1,3249.35,618247,109210.0,118521.0,3250.0,3257.0,3239.8,3251.5,42383775,3576.6,2926.4,4322.95,2866.6,3249.8,62,3,3249.5,48,2,3249.0,496,8,3248.9,6,2,3248.8,297,7,3249.9,49,9,3250.1,282,1,3250.2,51,2,3250.3,31,2,3250.4,14,2
11536,2025-12-30 11:38:45+05:30,3249.8,3,3249.35,618255,109303.0,118707.0,3250.0,3257.0,3239.8,3251.5,42383775,3576.6,2926.4,4322.95,2866.6,3249.8,56,3,3249.5,48,2,3249.0,536,9,3248.9,6,2,3248.8,325,8,3249.9,47,9,3250.0,282,1,3250.4,31,2,3250.5,90,3,3250.6,35,1
11536,2025-12-30 11:38:46+05:30,3249.8,1,3249.35,618255,109303.0,118707.0,3250.0,3257.0,3239.8,3251.5,42383775,3576.6,2926.4,4322.95,2866.6,3249.8,56,3,3249.5,48,2,3249.0,536,9,3248.9,6,2,3248.8,325,8,3249.9,47,9,3250.0,282,1,3250.4,31,2,3250.5,90,3,3250.6,35,1
11536,2025-12-30 11:38:46+05:30,3249.8,27,3249.35,618339,109313.0,118266.0,3250.0,3257.0,3239.8,3251.5,42383775,3576.6,2926.4,4322.95,2866.6,3249.8,50,3,3249.5,48,2,3249.0,483,8,3248.9,85,5,3248.8,349,8,3249.9,45,8,3250.4,31,2,3250.5,60,2,3250.6,65,2,3250.7,108,4
11536,2025-12-30 11:38:47+05:30,3249.9,1,3249.35,618339,109313.0,118266.0,3250.0,3257.0,3239.8,3251.5,42383775,3576.6,2926.4,4322.95,2866.6,3249.8,50,3,3249.5,48,2,3249.0,483,8,3248.9,85,5,3248.8,349,8,3249.9,45,8,3250.4,31,2,3250.5,60,2,3250.6,65,2,3250.7,108,4
11536,2025-12-30 11:38:48+05:30,3249.8,2,3249.35,618344,109351.0,118765.0,3250.0,3257.0,3239.8,3251.5,42383775,3576.6,2926.4,4322.95,2866.6,3249.8,46,3,3249.5,48,2,3249.0,443,7,3248.9,85,5,3248.8,303,7,3249.9,47,8,3250.1,282,1,3250.3,30,1,3250.4,64,3,3250.5,100,3
11536,2025-12-30 11:38:48+05:30,3249.8,2,3249.35,618344,109351.0,118765.0,3250.0,3257.0,3239.8,3251.5,42383775,3576.6,2926.4,4322.95,2866.6,3249.8,46,3,3249.5,48,2,3249.0,443,7,3248.9,85,5,3248.8,303,7,3249.9,47,8,3250.1,282,1,3250.3,30,1,3250.4,64,3,3250.5,100,3
11536,2025-12-30 11:38:49+05:30,3249.8,8,3249.35,618370,109327.0,118801.0,3250.0,3257.0,3239.8,3251.5,42383775,3576.6,2926.4,4322.95,2866.6,3249.8,21,3,3249.5,60,4,3249.0,432,6,3248.9,85,5,3248.8,303,7,3249.9,44,7,3250.1,282,1,3250.2,52,2,3250.3,33,1,3250.4,55,3
11536,2025-12-30 11:38:49+05:30,3249.8,8,3249.35,618370,109327.0,118801.0,3250.0,3257.0,3239.8,3251.5,42383775,3576.6,2926.4,4322.95,2866.6,3249.8,21,3,3249.5,60,4,3249.0,432,6,3248.9,85,5,3248.8,303,7,3249.9,44,7,3250.1,282,1,3250.2,52,2,3250.3,33,1,3250.4,55,3
11536,2025-12-30 11:38:50+05:30,3249.8,12,3249.35,618384,109321.0,118777.0,3250.0,3257.0,3239.8,3251.5,42383775,3576.6,2926.4,4322.95,2866.6,3249.8,7,3,3249.5,60,4,3249.0,432,6,3248.9,85,5,3248.8,303,7,3249.9,42,6,3250.0,282,1,3250.2,30,1,3250.3,33,1,3250.4,31,2
11536,2025-12-30 11:38:50+05:30,3249.8,1,3249.35,618384,109321.0,118777.0,3250.0,3257.0,3239.8,3251.5,42383775,3576.6,2926.4,4322.95,2866.6,3249.8,7,3,3249.5,60,4,3249.0,432,6,3248.9,85,5,3248.8,303,7,3249.9,42,6,3250.0,282,1,3250.2,30,1,3250.3,33,1,3250.4,31,2
11536,2025-12-30 11:38:51+05:30,3249.9,1,3249.35,618430,109365.0,117683.0,3250.0,3257.0,3239.8,3251.5,42383775,3576.6,2926.4,4322.95,2866.6,3249.8,6,3,3249.7,10,1,3249.5,49,3,3249.3,24,2,3249.1,55,4,3249.9,7,7,3250.5,30,1,3250.7,53,2,3250.8,39,3,3250.9,257,3
11536,2025-12-30 11:38:51+05:30,3249.8,1,3249.35,618430,109365.0,117683.0,3250.0,3257.0,3239.8,3251.5,42383775,3576.6,2926.4,4322.95,2866.6,3249.8,6,3,3249.7,10,1,3249.5,49,3,3249.3,24,2,3249.1,55,4,3249.9,7,7,3250.5,30,1,3250.7,53,2,3250.8,39,3,3250.9,257,3
11536,2025-12-30 11:38:51+05:30,3249.8,1,3249.35,618437,109437.0,118157.0,3250.0,3257.0,3239.8,3251.5,42383775,3576.6,2926.4,4322.95,2866.6,3249.8,28,3,3249.7,10,1,3249.5,49,3,3249.3,64,3,3249.1,55,4,3249.9,13,12,3250.5,30,1,3250.6,32,1,3250.7,53,2,3250.8,39,3
11536,2025-12-30 11:38:52+05:30,3249.8,3,3249.35,618437,109437.0,118157.0,3250.0,3257.0,3239.8,3251.5,42383775,3576.6,2926.4,4322.95,2866.6,3249.8,28,3,3249.7,10,1,3249.5,49,3,3249.3,64,3,3249.1,55,4,3249.9,13,12,3250.5,30,1,3250.6,32,1,3250.7,53,2,3250.8,39,3
11536,2025-12-30 11:38:53+05:30,3249.8,3,3249.35,618447,109509.0,118174.0,3250.0,3257.0,3239.8,3251.5,42383775,3576.6,2926.4,4322.95,2866.6,3249.8,18,3,3249.7,14,2,3249.5,49,3,3249.3,49,3,3249.1,21,2,3249.9,12,11,3250.4,30,1,3250.5,32,1,3250.6,22,1,3250.7,53,2
11536,2025-12-30 11:38:53+05:30,3249.8,11,3249.35,618447,109509.0,118174.0,3250.0,3257.0,3239.8,3251.5,42383775,3576.6,2926.4,4322.95,2866.6,3249.8,18,3,3249.7,14,2,3249.5,49,3,3249.3,49,3,3249.1,21,2,3249.9,12,11,3250.4,30,1,3250.5,32,1,3250.6,22,1,3250.7,53,2
11536,2025-12-30 11:38:53+05:30,3249.8,1,3249.35,618466,109514.0,118581.0,3250.0,3257.0,3239.8,3251.5,42383775,3576.6,2926.4,4322.95,2866.6,3249.8,27,2,3249.7,14,2,3249.5,49,3,3249.3,9,2,3249.1,6,1,3249.9,11,11,3250.0,282,1,3250.3,62,2,3250.4,22,1,3250.6,22,1
11536,2025-12-30 11:38:54+05:30,3249.8,6,3249.35,618466,109514.0,118581.0,3250.0,3257.0,3239.8,3251.5,42383775,3576.6,2926.4,4322.95,2866.6,3249.8,27,2,3249.7,14,2,3249.5,49,3,3249.3,9,2,3249.1,6,1,3249.9,11,11,3250.0,282,1,3250.3,62,2,3250.4,22,1,3250.6,22,1
11536,2025-12-30 11:38:54+05:30,3250.4,4,3249.35,618714,109676.0,118467.0,3250.0,3257.0,3239.8,3251.5,42383775,3576.6,2926.4,4322.95,2866.6,3249.8,6,2,3249.7,14,2,3249.5,49,3,3249.3,6,1,3249.2,61,1,3250.4,26,1,3250.6,304,2,3250.7,35,1,3250.8,62,4,3250.9,257,3
11536,2025-12-30 11:38:55+05:30,3250.4,2,3249.35,618714,109676.0,118467.0,3250.0,3257.0,3239.8,3251.5,42383775,3576.6,2926.4,4322.95,2866.6,3249.8,6,2,3249.7,14,2,3249.5,49,3,3249.3,6,1,3249.2,61,1,3250.4,26,1,3250.6,304,2,3250.7,35,1,3250.8,62,4,3250.9,257,3
11536,2025-12-30 11:38:56+05:30,3249.8,5,3249.35,618721,108499.0,118107.0,3250.0,3257.0,3239.8,3251.5,42383775,3576.6,2926.4,4322.95,2866.6,3249.8,28,2,3249.7,14,2,3249.5,49,3,3249.4,3,1,3249.3,6,1,3250.4,11,4,3250.5,18,1,3250.6,62,2,3250.7,35,1,3250.8,61,4
11536,2025-12-30 11:38:56+05:30,3249.8,5,3249.35,618721,108499.0,118107.0,3250.0,3257.0,3239.8,3251.5,42383775,3576.6,2926.4,4322.95,2866.6,3249.8,28,2,3249.7,14,2,3249.5,49,3,3249.4,3,1,3249.3,6,1,3250.4,11,4,3250.5,18,1,3250.6,62,2,3250.7,35,1,3250.8,61,4
11536,2025-12-30 11:38:57+05:30,3250.0,13,3249.35,618755,108422.0,117986.0,3250.0,3257.0,3239.8,3251.5,42383775,3576.6,2926.4,4322.95,2866.6,3249.8,47,2,3249.7,14,2,3249.5,70,4,3249.4,13,2,3249.3,21,2,3250.0,8,1,3250.4,11,5,3250.6,62,2,3250.7,35,1,3250.8,110,4
11536,2025-12-30 11:38:57+05:30,3249.8,1,3249.35,618755,108422.0,117986.0,3250.0,3257.0,3239.8,3251.5,42383775,3576.6,2926.4,4322.95,2866.6,3249.8,47,2,3249.7,14,2,3249.5,70,4,3249.4,13,2,3249.3,21,2,3250.0,8,1,3250.4,11,5,3250.6,62,2,3250.7,35,1,3250.8,110,4
11536,2025-12-30 11:38:58+05:30,3249.8,1,3249.35,618834,109463.0,117970.0,3250.0,3257.0,3239.8,3251.5,42383775,3576.6,2926.4,4322.95,2866.6,3249.7,10,2,3249.5,49,3,3249.4,25,3,3249.3,21,2,3249.2,22,1,3249.8,2,2,3250.0,10,3,3250.4,5,3,3250.5,30,1,3250.6,32,1
11536,2025-12-30 11:38:58+05:30,3249.7,2,3249.35,618834,109463.0,117970.0,3250.0,3257.0,3239.8,3251.5,42383775,3576.6,2926.4,4322.95,2866.6,3249.7,10,2,3249.5,49,3,3249.4,25,3,3249.3,21,2,3249.2,22,1,3249.8,2,2,3250.0,10,3,3250.4,5,3,3250.5,30,1,3250.6,32,1
11536,2025-12-30 11:38:59+05:30,3249.7,17,3249.35,618888,109266.0,117990.0,3250.0,3257.0,3239.8,3251.5,42383775,3576.6,2926.4,4322.95,2866.6,3249.5,49,3,3249.4,25,3,3249.3,21,2,3249.2,22,1,3249.1,90,4,3249.7,9,2,3249.8,6,6,3250.0,1,1,3250.5,30,1,3250.6,32,1
11536,2025-12-30 11:38:59+05:30,3249.7,17,3249.35,618888,109266.0,117990.0,3250.0,3257.0,3239.8,3251.5,42383775,3576.6,2926.4,4322.95,2866.6,3249.5,49,3,3249.4,25,3,3249.3,21,2,3249.2,22,1,3249.1,90,4,3249.7,9,2,3249.8,6,6,3250.0,1,1,3250.5,30,1,3250.6,32,1
11536,2025-12-30 11:39:00+05:30,3249.5,5,3249.35,618909,109079.0,118062.0,3250.0,3257.0,3239.8,3251.5,42383775,3576.6,2926.4,4322.95,2866.6,3249.5,31,3,3249.4,1,1,3249.3,21,2,3249.1,50,3,3249.0,282,6,3249.7,48,8,3249.8,4,4,3250.4,32,1,3250.5,30,1,3250.7,35,1
11536,2025-12-30 11:39:00+05:30,3249.5,5,3249.35,618909,109079.0,118062.0,3250.0,3257.0,3239.8,3251.5,42383775,3576.6,2926.4,4322.95,2866.6,3249.5,31,3,3249.4,1,1,3249.3,21,2,3249.1,50,3,3249.0,282,6,3249.7,48,8,3249.8,4,4,3250.4,32,1,3250.5,30,1,3250.7,35,1
11536,2025-12-30 11:39:01+05:30,3249.7,1,3249.35,618909,109079.0,118062.0,3250.0,3257.0,3239.8,3251.5,42383775,3576.6,2926.4,4322.95,2866.6,3249.5,31,3,3249.4,1,1,3249.3,21,2,3249.1,50,3,3249.0,282,6,3249.7,48,8,3249.8,4,4,3250.4,32,1,3250.5,30,1,3250.7,35,1
11536,2025-12-30 11:39:01+05:30,3249.7,1,3249.35,619084,108773.0,117825.0,3250.0,3257.0,3239.8,3251.5,42383775,3576.6,2926.4,4322.95,2866.6,3249.5,18,2,3249.4,1,1,3249.3,23,3,3249.1,62,3,3249.0,260,5,3249.7,10,7,3249.8,1,1,3250.6,79,3,3250.7,35,1,3250.8,153,6
11536,2025-12-30 11:39:02+05:30,3249.5,2,3249.35,619084,108773.0,117825.0,3250.0,3257.0,3239.8,3251.5,42383775,3576.6,2926.4,4322.95,2866.6,3249.5,18,2,3249.4,1,1,3249.3,23,3,3249.1,62,3,3249.0,260,5,3249.7,10,7,3249.8,1,1,3250.6,79,3,3250.7,35,1,3250.8,153,6
11536,2025-12-30 11:39:02+05:30,3249.5,2,3249.35,619092,108837.0,118026.0,3250.0,3257.0,3239.8,3251.5,42383775,3576.6,2926.4,4322.95,2866.6,3249.5,11,2,3249.4,1,1,3249.3,9,2,3249.1,62,3,3249.0,260,5,3249.7,12,8,3250.6,61,2,3250.7,35,1,3250.8,153,6,3250.9,271,4
11536,2025-12-30 11:39:03+05:30,3249.4,1,3249.35,619092,108837.0,118026.0,3250.0,3257.0,3239.8,3251.5,42383775,3576.6,2926.4,4322.95,2866.6,3249.5,11,2,3249.4,1,1,3249.3,9,2,3249.1,62,3,3249.0,260,5,3249.7,12,8,3250.6,61,2,3250.7,35,1,3250.8,153,6,3250.9,271,4
11536,2025-12-30 11:39:03+05:30,3249.4,1,3249.35,619098,108935.0,118015.0,3250.0,3257.0,3239.8,3251.5,42383775,3576.6,2926.4,4322.95,2866.6,3249.4,9,2,3249.3,9,2,3249.1,99,4,3249.0,289,6,3248.9,52,3,3249.5,5,3,3249.7,8,6,3250.6,61,2,3250.7,35,1,3250.8,153,6
11536,2025-12-30 11:39:04+05:30,3249.4,5,3249.35,619098,108935.0,118015.0,3250.0,3257.0,3239.8,3251.5,42383775,3576.6,2926.4,4322.95,2866.6,3249.4,9,2,3249.3,9,2,3249.1,99,4,3249.0,289,6,3248.9,52,3,3249.5,5,3,3249.7,8,6,3250.6,61,2,3250.7,35,1,3250.8,153,6
11536,2025-12-30 11:39:04+05:30,3249.4,5,3249.35,619134,107692.0,118057.0,3250.0,3257.0,3239.8,3251.5,42383775,3576.6,2926.4,4322.95,2866.6,3249.4,17,2,3249.3,9,2,3249.1,78,3,3249.0,289,6,3248.9,52,3,3249.5,9,7,3249.7,3,3,3250.6,61,2,3250.7,35,1,3250.8,153,6
11536,2025-12-30 11:39:05+05:30,3249.5,1,3249.35,619134,107692.0,118057.0,3250.0,3257.0,3239.8,3251.5,42383775,3576.6,2926.4,4322.95,2866.6,3249.4,17,2,3249.3,9,2,3249.1,78,3,3249.0,289,6,3248.9,52,3,3249.5,9,7,3249.7,3,3,3250.6,61,2,3250.7,35,1,3250.8,153,6
11536,2025-12-30 11:39:05+05:30,3249.5,1,3249.35,619173,108807.0,118016.0,3250.0,3257.0,3239.8,3251.5,42383775,3576.6,2926.4,4322.95,2866.6,3249.4,22,2,3249.3,9,2,3249.1,52,2,3249.0,260,5,3248.9,94,5,3249.5,7,7,3249.7,1,1,3250.6,61,2,3250.7,35,1,3250.8,153,6
11536,2025-12-30 11:39:06+05:30,3249.4,5,3249.35,619173,108807.0,118016.0,3250.0,3257.0,3239.8,3251.5,42383775,3576.6,2926.4,4322.95,2866.6,3249.4,22,2,3249.3,9,2,3249.1,52,2,3249.0,260,5,3248.9,94,5,3249.5,7,7,3249.7,1,1,3250.6,61,2,3250.7,35,1,3250.8,153,6
11536,2025-12-30 11:39:06+05:30,3249.5,4,3249.35,619210,109345.0,118190.0,3250.0,3257.0,3239.8,3251.5,42383775,3576.6,2926.4,4322.95,2866.6,3249.5,6,1,3249.4,1,1,3249.3,9,2,3249.1,299,3,3249.0,416,6,3250.5,381,5,3250.6,23,2,3250.7,35,1,3250.8,79,5,3250.9,257,3
11536,2025-12-30 11:39:07+05:30,3249.5,18,3249.35,619210,109345.0,118190.0,3250.0,3257.0,3239.8,3251.5,42383775,3576.6,2926.4,4322.95,2866.6,3249.5,6,1,3249.4,1,1,3249.3,9,2,3249.1,299,3,3249.0,416,6,3250.5,381,5,3250.6,23,2,3250.7,35,1,3250.8,79,5,3250.9,257,3
11536,2025-12-30 11:39:07+05:30,3249.5,18,3249.35,619228,108883.0,117928.0,3250.0,3257.0,3239.8,3251.5,42383775,3576.6,2926.4,4322.95,2866.6,3249.4,22,2,3249.3,23,3,3249.2,21,1,3249.1,52,2,3249.0,448,7,3249.5,8,1,3250.5,34,3,3250.7,75,2,3250.8,162,5,3250.9,257,3
11536,2025-12-30 11:39:08+05:30,3250.5,1,3249.35,619228,108883.0,117928.0,3250.0,3257.0,3239.8,3251.5,42383775,3576.6,2926.4,4322.95,2866.6,3249.4,22,2,3249.3,23,3,3249.2,21,1,3249.1,52,2,3249.0,448,7,3249.5,8,1,3250.5,34,3,3250.7,75,2,3250.8,162,5,3250.9,257,3
11536,2025-12-30 11:39:08+05:30,3250.5,1,3249.35,619295,109572.0,117854.0,3250.0,3257.0,3239.8,3251.5,42383775,3576.6,2926.4,4322.95,2866.6,3250.0,1,1,3249.6,15,1,3249.4,16,2,3249.3,76,3,3249.2,245,4,3250.5,36,5,3250.6,29,1,3250.7,66,3,3250.8,72,3,3250.9,257,3
11536,2025-12-30 11:39:09+05:30,3250.0,1,3249.35,619295,109572.0,117854.0,3250.0,3257.0,3239.8,3251.5,42383775,3576.6,2926.4,4322.95,2866.6,3250.0,1,1,3249.6,15,1,3249.4,16,2,3249.3,76,3,3249.2,245,4,3250.5,36,5,3250.6,29,1,3250.7,66,3,3250.8,72,3,3250.9,257,3
11536,2025-12-30 11:39:09+05:30,3250.0,1,3249.35,619296,109237.0,118016.0,3250.0,3257.0,3239.8,3251.5,42383775,3576.6,2926.4,4322.95,2866.6,3249.6,15,1,3249.4,36,3,3249.3,118,5,3249.2,269,4,3249.1,89,6,3250.0,1,1,3250.5,35,4,3250.6,52,2,3250.7,330,3,3250.8,72,3
11536,2025-12-30 11:39:10+05:30,3250.0,5,3249.35,619296,109237.0,118016.0,3250.0,3257.0,3239.8,3251.5,42383775,3576.6,2926.4,4322.95,2866.6,3249.6,15,1,3249.4,36,3,3249.3,118,5,3249.2,269,4,3249.1,89,6,3250.0,1,1,3250.5,35,4,3250.6,52,2,3250.7,330,3,3250.8,72,3
11536,2025-12-30 11:39:10+05:30,3250.0,5,3249.35,619333,109389.0,118098.0,3250.0,3257.0,3239.8,3251.5,42383775,3576.6,2926.4,4322.95,2866.6,3249.4,32,3,3249.3,44,3,3249.2,222,4,3249.1,73,4,3249.0,442,6,3250.0,4,3,3250.3,282,1,3250.5,33,3,3250.8,58,4,3250.9,257,3
11536,2025-12-30 11:39:11+05:30,3249.4,9,3249.35,619333,109389.0,118098.0,3250.0,3257.0,3239.8,3251.5,42383775,3576.6,2926.4,4322.95,2866.6,3249.4,32,3,3249.3,44,3,3249.2,222,4,3249.1,73,4,3249.0,442,6,3250.0,4,3,3250.3,282,1,3250.5,33,3,3250.8,58,4,3250.9,257,3
11536,2025-12-30 11:39:11+05:30,3249.4,9,3249.35,619343,109271.0,118104.0,3250.0,3257.0,3239.8,3251.5,42383775,3576.6,2926.4,4322.95,2866.6,3249.4,23,3,3249.3,44,3,3249.2,66,3,3249.1,73,4,3249.0,442,6,3250.0,4,3,3250.3,282,1,3250.5,32,2,3250.8,58,4,3250.9,257,3
11536,2025-12-30 11:39:12+05:30,3249.4,2,3249.35,619360,108903.0,118154.0,3250.0,3257.0,3239.8,3251.5,42383775,3576.6,2926.4,4322.95,2866.6,3249.3,48,4,3249.2,65,3,3249.1,79,4,3249.0,490,8,3248.9,41,3,3249.4,3,3,3250.0,3,3,3250.3,282,1,3250.5,31,1,3250.6,21,1
11536,2025-12-30 11:39:12+05:30,3249.4,2,3249.35,619360,108903.0,118154.0,3250.0,3257.0,3239.8,3251.5,42383775,3576.6,2926.4,4322.95,2866.6,3249.3,48,4,3249.2,65,3,3249.1,79,4,3249.0,490,8,3248.9,41,3,3249.4,3,3,3250.0,3,3,3250.3,282,1,3250.5,31,1,3250.6,21,1
11536,2025-12-30 11:39:13+05:30,3249.3,1,3249.35,619369,108696.0,118100.0,3250.0,3257.0,3239.8,3251.5,42383775,3576.6,2926.4,4322.95,2866.6,3249.3,44,4,3249.2,81,3,3249.1,55,4,3249.0,347,8,3248.9,41,3,3249.4,4,4,3250.0,2,2,3250.3,282,1,3250.6,21,1,3250.7,13,1
11536,2025-12-30 11:39:13+05:30,3249.3,1,3249.35,619369,108696.0,118100.0,3250.0,3257.0,3239.8,3251.5,42383775,3576.6,2926.4,4322.95,2866.6,3249.3,44,4,3249.2,81,3,3249.1,55,4,3249.0,347,8,3248.9,41,3,3249.4,4,4,3250.0,2,2,3250.3,282,1,3250.6,21,1,3250.7,13,1
11536,2025-12-30 11:39:14+05:30,3249.3,6,3249.35,619385,109061.0,118422.0,3250.0,3257.0,3239.8,3251.5,42383775,3576.6,2926.4,4322.95,2866.6,3249.3,53,5,3249.2,20,1,3249.1,55,4,3249.0,376,9,3248.9,41,3,3249.4,5,5,3250.0,1,1,3250.3,282,1,3250.6,21,1,3250.7,13,1
11536,2025-12-30 11:39:14+05:30,3249.3,6,3249.35,619385,109061.0,118422.0,3250.0,3257.0,3239.8,3251.5,42383775,3576.6,2926.4,4322.95,2866.6,3249.3,53,5,3249.2,20,1,3249.1,55,4,3249.0,376,9,3248.9,41,3,3249.4,5,5,3250.0,1,1,3250.3,282,1,3250.6,21,1,3250.7,13,1
11536,2025-12-30 11:39:15+05:30,3249.4,1,3249.35,619389,109133.0,118420.0,3250.0,3257.0,3239.8,3251.5,42383775,3576.6,2926.4,4322.95,2866.6,3249.3,37,5,3249.1,55,4,3249.0,376,9,3248.9,41,3,3248.8,154,10,3249.4,6,6,3250.3,282,1,3250.6,61,2,3250.7,13,1,3250.8,89,5
11536,2025-12-30 11:39:15+05:30,3249.3,2,3249.35,619389,109133.0,118420.0,3250.0,3257.0,3239.8,3251.5,42383775,3576.6,2926.4,4322.95,2866.6,3249.3,37,5,3249.1,55,4,3249.0,376,9,3248.9,41,3,3248.8,154,10,3249.4,6,6,3250.3,282,1,3250.6,61,2,3250.7,13,1,3250.8,89,5
11536,2025-12-30 11:39:16+05:30,3249.3,1,3249.35,619392,109151.0,118421.0,3250.0,3257.0,3239.8,3251.5,42383775,3576.6,2926.4,4322.95,2866.6,3249.3,34,5,3249.1,50,3,3249.0,376,9,3248.9,41,3,3248.8,154,10,3249.4,7,7,3250.3,282,1,3250.6,61,2,3250.7,13,1,3250.8,89,5
11536,2025-12-30 11:39:16+05:30,3249.3,2,3249.35,619392,109151.0,118421.0,3250.0,3257.0,3239.8,3251.5,42383775,3576.6,2926.4,4322.95,2866.6,3249.3,34,5,3249.1,50,3,3249.0,376,9,3248.9,41,3,3248.8,154,10,3249.4,7,7,3250.3,282,1,3250.6,61,2,3250.7,13,1,3250.8,89,5
11536,2025-12-30 11:39:17+05:30,3249.3,33,3249.35,619475,109168.0,118418.0,3250.0,3257.0,3239.8,3251.5,42383775,3576.6,2926.4,4322.95,2866.6,3249.3,63,5,3249.2,3,1,3249.1,84,5,3249.0,347,8,3248.9,73,4,3249.4,5,5,3250.3,282,1,3250.6,61,2,3250.7,13,1,3250.8,89,5
11536,2025-12-30 11:39:17+05:30,3249.3,1,3249.35,619475,109168.0,118418.0,3250.0,3257.0,3239.8,3251.5,42383775,3576.6,2926.4,4322.95,2866.6,3249.3,63,5,3249.2,3,1,3249.1,84,5,3249.0,347,8,3248.9,73,4,3249.4,5,5,3250.3,282,1,3250.6,61,2,3250.7,13,1,3250.8,89,5
11536,2025-12-30 11:39:18+05:30,3249.3,1,3249.35,619480,109218.0,118422.0,3250.0,3257.0,3239.8,3251.5,42383775,3576.6,2926.4,4322.95,2866.6,3249.3,104,6,3249.2,5,2,3249.1,55,4,3249.0,347,8,3248.9,70,4,3249.4,9,6,3250.3,282,1,3250.6,61,2,3250.7,13,1,3250.8,89,5
11536,2025-12-30 11:39:18+05:30,3249.3,1,3249.35,619480,109218.0,118422.0,3250.0,3257.0,3239.8,3251.5,42383775,3576.6,2926.4,4322.95,2866.6,3249.3,104,6,3249.2,5,2,3249.1,55,4,3249.0,347,8,3248.9,70,4,3249.4,9,6,3250.3,282,1,3250.6,61,2,3250.7,13,1,3250.8,89,5
11536,2025-12-30 11:39:19+05:30,3249.4,1,3249.35,619483,109217.0,118453.0,3250.0,3257.0,3239.8,3251.5,42383775,3576.6,2926.4,4322.95,2866.6,3249.3,106,8,3249.2,2,1,3249.1,55,4,3249.0,347,8,3248.9,70,4,3249.4,40,6,3250.3,282,1,3250.6,61,2,3250.7,13,1,3250.8,89,5
11536,2025-12-30 11:39:19+05:30,3249.3,1,3249.35,619483,109217.0,118453.0,3250.0,3257.0,3239.8,3251.5,42383775,3576.6,2926.4,4322.95,2866.6,3249.3,106,8,3249.2,2,1,3249.1,55,4,3249.0,347,8,3248.9,70,4,3249.4,40,6,3250.3,282,1,3250.6,61,2,3250.7,13,1,3250.8,89,5
11536,2025-12-30 11:39:20+05:30,3249.3,1,3249.35,619508,109187.0,118450.0,3250.0,3257.0,3239.8,3251.5,42383775,3576.6,2926.4,4322.95,2866.6,3249.3,87,7,3249.2,2,1,3249.1,50,3,3249.0,347,8,3248.9,70,4,3249.4,37,5,3250.3,282,1,3250.6,61,2,3250.7,13,1,3250.8,89,5
11536,2025-12-30 11:39:20+05:30,3249.3,1,3249.35,619508,109187.0,118450.0,3250.0,3257.0,3239.8,3251.5,42383775,3576.6,2926.4,4322.95,2866.6,3249.3,87,7,3249.2,2,1,3249.1,50,3,3249.0,347,8,3248.9,70,4,3249.4,37,5,3250.3,282,1,3250.6,61,2,3250.7,13,1,3250.8,89,5
11536,2025-12-30 11:39:20+05:30,3249.4,21,3249.35,619541,109139.0,118429.0,3250.0,3257.0,3239.8,3251.5,42383775,3576.6,2926.4,4322.95,2866.6,3249.3,68,5,3249.2,14,2,3249.1,29,2,3249.0,320,7,3248.9,41,3,3249.4,16,5,3250.3,282,1,3250.6,61,2,3250.7,13,1,3250.8,89,5
11536,2025-12-30 11:39:21+05:30,3249.4,21,3249.35,619541,109139.0,118429.0,3250.0,3257.0,3239.8,3251.5,42383775,3576.6,2926.4,4322.95,2866.6,3249.3,68,5,3249.2,14,2,3249.1,29,2,3249.0,320,7,3248.9,41,3,3249.4,16,5,3250.3,282,1,3250.6,61,2,3250.7,13,1,3250.8,89,5
11536,2025-12-30 11:39:22+05:30,3249.3,4,3249.35,619604,109161.0,118431.0,3250.0,3257.0,3239.8,3251.5,42383775,3576.6,2926.4,4322.95,2866.6,3249.3,80,6,3249.2,14,2,3249.1,34,3,3249.0,320,7,3248.9,72,4,3249.4,18,6,3250.3,282,1,3250.6,61,2,3250.7,13,1,3250.8,89,5
11536,2025-12-30 11:39:22+05:30,3249.3,4,3249.35,619604,109161.0,118431.0,3250.0,3257.0,3239.8,3251.5,42383775,3576.6,2926.4,4322.95,2866.6,3249.3,80,6,3249.2,14,2,3249.1,34,3,3249.0,320,7,3248.9,72,4,3249.4,18,6,3250.3,282,1,3250.6,61,2,3250.7,13,1,3250.8,89,5
11536,2025-12-30 11:39:23+05:30,3249.3,4,3249.35,619618,109434.0,118089.0,3250.0,3257.0,3239.8,3251.5,42383775,3576.6,2926.4,4322.95,2866.6,3249.3,84,6,3249.2,26,3,3249.1,55,4,3249.0,375,9,3248.9,73,4,3249.4,19,7,3250.3,282,1,3250.6,61,2,3250.7,13,1,3250.8,89,5
11536,2025-12-30 11:39:23+05:30,3249.3,4,3249.35,619618,109434.0,118089.0,3250.0,3257.0,3239.8,3251.5,42383775,3576.6,2926.4,4322.95,2866.6,3249.3,84,6,3249.2,26,3,3249.1,55,4,3249.0,375,9,3248.9,73,4,3249.4,19,7,3250.3,282,1,3250.6,61,2,3250.7,13,1,3250.8,89,5
11536,2025-12-30 11:39:24+05:30,3249.3,3,3249.35,619642,109217.0,118080.0,3250.0,3257.0,3239.8,3251.5,42383775,3576.6,2926.4,4322.95,2866.6,3249.3,48,5,3249.2,38,4,3249.1,55,4,3249.0,375,9,3248.9,42,3,3249.4,17,6,3250.3,282,1,3250.6,61,2,3250.7,13,1,3250.8,90,6
11536,2025-12-30 11:39:24+05:30,3249.3,3,3249.35,619642,109217.0,118080.0,3250.0,3257.0,3239.8,3251.5,42383775,3576.6,2926.4,4322.95,2866.6,3249.3,48,5,3249.2,38,4,3249.1,55,4,3249.0,375,9,3248.9,42,3,3249.4,17,6,3250.3,282,1,3250.6,61,2,3250.7,13,1,3250.8,90,6
11536,2025-12-30 11:39:25+05:30,3249.4,1,3249.35,619680,109297.0,118103.0,3250.0,3257.0,3239.8,3251.5,42383775,3576.6,2926.4,4322.95,2866.6,3249.4,1,1,3249.3,43,6,3249.2,2,1,3249.1,23,1,3249.0,429,7,3250.2,60,2,3250.3,3,2,3250.4,292,2,3250.5,40,1,3250.7,12,1
11536,2025-12-30 11:39:25+05:30,3250.2,1,3249.35,619680,109297.0,118103.0,3250.0,3257.0,3239.8,3251.5,42383775,3576.6,2926.4,4322.95,2866.6,3249.4,1,1,3249.3,43,6,3249.2,2,1,3249.1,23,1,3249.0,429,7,3250.2,60,2,3250.3,3,2,3250.4,292,2,3250.5,40,1,3250.7,12,1
11536,2025-12-30 11:39:26+05:30,3250.2,1,3249.35,619681,109429.0,117824.0,3250.0,3257.0,3239.8,3251.5,42383775,3576.6,2926.4,4322.95,2866.6,3249.4,1,1,3249.3,43,6,3249.2,2,1,3249.1,23,1,3249.0,448,8,3250.2,59,2,3250.3,3,2,3250.4,292,2,3250.5,40,1,3250.7,12,1
11536,2025-12-30 11:39:27+05:30,3249.8,1,3249.35,619682,109609.0,117784.0,3250.0,3257.0,3239.8,3251.5,42383775,3576.6,2926.4,4322.95,2866.6,3249.5,4,1,3249.4,1,1,3249.3,39,5,3249.2,32,3,3249.1,151,4,3249.8,9,2,3250.3,1,1,3250.6,29,1,3250.8,126,2,3250.9,257,3
11536,2025-12-30 11:39:27+05:30,3249.8,1,3249.35,619682,109609.0,117784.0,3250.0,3257.0,3239.8,3251.5,42383775,3576.6,2926.4,4322.95,2866.6,3249.5,4,1,3249.4,1,1,3249.3,39,5,3249.2,32,3,3249.1,151,4,3249.8,9,2,3250.3,1,1,3250.6,29,1,3250.8,126,2,3250.9,257,3
11536,2025-12-30 11:39:27+05:30,3250.8,50,3249.35,619856,109972.0,116474.0,3250.0,3257.0,3239.8,3251.5,42383775,3576.6,2926.4,4322.95,2866.6,3249.5,11,2,3249.4,3,1,3249.3,139,8,3249.2,217,5,3249.1,197,7,3250.7,43,2,3250.8,313,2,3250.9,200,1,3251.0,72,4,3251.1,201,2
11536,2025-12-30 11:39:28+05:30,3249.5,4,3249.35,619856,109972.0,116474.0,3250.0,3257.0,3239.8,3251.5,42383775,3576.6,2926.4,4322.95,2866.6,3249.5,11,2,3249.4,3,1,3249.3,139,8,3249.2,217,5,3249.1,197,7,3250.7,43,2,3250.8,313,2,3250.9,200,1,3251.0,72,4,3251.1,201,2
11536,2025-12-30 11:39:29+05:30,3250.0,10,3249.35,619870,110047.0,117922.0,3250.0,3257.0,3239.8,3251.5,42383775,3576.6,2926.4,4322.95,2866.6,3250.0,4,1,3249.5,7,1,3249.4,3,1,3249.3,39,5,3249.2,180,3,3250.4,62,4,3250.5,282,1,3250.7,9,2,3250.8,19,1,3250.9,212,2
11536,2025-12-30 11:39:29+05:30,3250.0,10,3249.35,619870,110047.0,117922.0,3250.0,3257.0,3239.8,3251.5,42383775,3576.6,2926.4,4322.95,2866.6,3250.0,4,1,3249.5,7,1,3249.4,3,1,3249.3,39,5,3249.2,180,3,3250.4,62,4,3250.5,282,1,3250.7,9,2,3250.8,19,1,3250.9,212,2
11536,2025-12-30 11:39:30+05:30,3250.0,3,3249.35,619905,109657.0,118090.0,3250.0,3257.0,3239.8,3251.5,42383775,3576.6,2926.4,4322.95,2866.6,3249.5,1,1,3249.4,22,2,3249.3,54,7,3249.2,177,3,3249.1,129,5,3250.0,3,1,3250.4,65,8,3250.5,282,1,3250.7,24,2,3250.8,140,3
11536,2025-12-30 11:39:30+05:30,3250.0,1,3249.35,619905,109657.0,118090.0,3250.0,3257.0,3239.8,3251.5,42383775,3576.6,2926.4,4322.95,2866.6,3249.5,1,1,3249.4,22,2,3249.3,54,7,3249.2,177,3,3249.1,129,5,3250.0,3,1,3250.4,65,8,3250.5,282,1,3250.7,24,2,3250.8,140,3
11536,2025-12-30 11:39:31+05:30,3249.4,7,3249.35,619916,109168.0,118013.0,3250.0,3257.0,3239.8,3251.5,42383775,3576.6,2926.4,4322.95,2866.6,3249.3,60,7,3249.2,14,2,3249.1,117,6,3249.0,499,9,3248.9,41,3,3249.4,3,1,3250.0,5,4,3250.3,29,1,3250.4,35,6,3250.5,282,1
11536,2025-12-30 11:39:31+05:30,3249.3,3,3249.35,619916,109168.0,118013.0,3250.0,3257.0,3239.8,3251.5,42383775,3576.6,2926.4,4322.95,2866.6,3249.3,60,7,3249.2,14,2,3249.1,117,6,3249.0,499,9,3248.9,41,3,3249.4,3,1,3250.0,5,4,3250.3,29,1,3250.4,35,6,3250.5,282,1
11536,2025-12-30 11:39:32+05:30,3249.3,1,3249.35,619916,109168.0,118013.0,3250.0,3257.0,3239.8,3251.5,42383775,3576.6,2926.4,4322.95,2866.6,3249.3,60,7,3249.2,14,2,3249.1,117,6,3249.0,499,9,3248.9,41,3,3249.4,3,1,3250.0,5,4,3250.3,29,1,3250.4,35,6,3250.5,282,1
11536,2025-12-30 11:39:32+05:30,3249.3,1,3249.35,619981,108708.0,115973.0,3250.0,3257.0,3239.8,3251.5,42383775,3576.6,2926.4,4322.95,2866.6,3249.3,17,4,3249.2,32,3,3249.1,81,4,3249.0,343,8,3248.9,12,2,3249.4,5,5,3250.0,2,2,3250.3,29,1,3250.4,106,3,3250.5,282,1
11536,2025-12-30 11:39:33+05:30,3249.3,2,3249.35,619981,108708.0,115973.0,3250.0,3257.0,3239.8,3251.5,42383775,3576.6,2926.4,4322.95,2866.6,3249.3,17,4,3249.2,32,3,3249.1,81,4,3249.0,343,8,3248.9,12,2,3249.4,5,5,3250.0,2,2,3250.3,29,1,3250.4,106,3,3250.5,282,1
11536,2025-12-30 11:39:33+05:30,3249.3,2,3249.35,619990,109024.0,118429.0,3250.0,3257.0,3239.8,3251.5,42383775,3576.6,2926.4,4322.95,2866.6,3249.3,14,4,3249.2,32,3,3249.1,58,3,3249.0,303,7,3248.9,12,2,3249.4,7,6,3250.0,1,1,3250.3,29,1,3250.4,105,2,3250.5,282,1
11536,2025-12-30 11:39:34+05:30,3249.3,4,3249.35,620008,109203.0,118406.0,3250.0,3257.0,3239.8,3251.5,42383775,3576.6,2926.4,4322.95,2866.6,3249.3,29,5,3249.2,34,3,3249.1,58,3,3249.0,303,7,3248.9,50,4,3249.4,21,7,3250.0,1,1,3250.3,29,1,3250.4,105,2,3250.5,282,1
11536,2025-12-30 11:39:34+05:30,3249.3,1,3249.35,620008,109203.0,118406.0,3250.0,3257.0,3239.8,3251.5,42383775,3576.6,2926.4,4322.95,2866.6,3249.3,29,5,3249.2,34,3,3249.1,58,3,3249.0,303,7,3248.9,50,4,3249.4,21,7,3250.0,1,1,3250.3,29,1,3250.4,105,2,3250.5,282,1
11536,2025-12-30 11:39:35+05:30,3249.4,1,3249.35,620008,109203.0,118406.0,3250.0,3257.0,3239.8,3251.5,42383775,3576.6,2926.4,4322.95,2866.6,3249.3,29,5,3249.2,34,3,3249.1,58,3,3249.0,303,7,3248.9,50,4,3249.4,21,7,3250.0,1,1,3250.3,29,1,3250.4,105,2,3250.5,282,1
11536,2025-12-30 11:39:35+05:30,3249.4,1,3249.35,620029,109134.0,118406.0,3250.0,3257.0,3239.8,3251.5,42383775,3576.6,2926.4,4322.95,2866.6,3249.3,34,5,3249.2,14,2,3249.1,58,3,3249.0,303,7,3248.9,90,5,3249.4,21,8,3250.0,1,1,3250.3,29,1,3250.4,105,2,3250.5,282,1
11536,2025-12-30 11:39:36+05:30,3249.3,4,3249.35,620029,109134.0,118406.0,3250.0,3257.0,3239.8,3251.5,42383775,3576.6,2926.4,4322.95,2866.6,3249.3,34,5,3249.2,14,2,3249.1,58,3,3249.0,303,7,3248.9,90,5,3249.4,21,8,3250.0,1,1,3250.3,29,1,3250.4,105,2,3250.5,282,1
11536,2025-12-30 11:39:36+05:30,3249.3,4,3249.35,620045,109178.0,118755.0,3250.0,3257.0,3239.8,3251.5,42383775,3576.6,2926.4,4322.95,2866.6,3249.3,72,5,3249.2,20,3,3249.1,58,3,3249.0,303,7,3248.9,90,5,3249.4,20,7,3250.0,1,1,3250.3,29,1,3250.4,105,2,3250.5,282,1
11536,2025-12-30 11:39:37+05:30,3249.2,1,3249.35,620045,109178.0,118755.0,3250.0,3257.0,3239.8,3251.5,42383775,3576.6,2926.4,4322.95,2866.6,3249.3,72,5,3249.2,20,3,3249.1,58,3,3249.0,303,7,3248.9,90,5,3249.4,20,7,3250.0,1,1,3250.3,29,1,3250.4,105,2,3250.5,282,1
11536,2025-12-30 11:39:37+05:30,3249.2,1,3249.35,620129,107706.0,118603.0,3250.0,3257.0,3239.8,3251.5,42383775,3576.6,2926.4,4322.95,2866.6,3249.2,7,2,3249.1,6,1,3249.0,264,5,3248.9,12,2,3248.8,209,6,3249.3,8,3,3249.4,50,8,3249.9,29,1,3250.0,133,3,3250.4,78,2
11536,2025-12-30 11:39:38+05:30,3249.2,2,3249.35,620129,107706.0,118603.0,3250.0,3257.0,3239.8,3251.5,42383775,3576.6,2926.4,4322.95,2866.6,3249.2,7,2,3249.1,6,1,3249.0,264,5,3248.9,12,2,3248.8,209,6,3249.3,8,3,3249.4,50,8,3249.9,29,1,3250.0,133,3,3250.4,78,2
11536,2025-12-30 11:39:38+05:30,3249.2,2,3249.35,620140,109096.0,119423.0,3250.0,3257.0,3239.8,3251.5,42383775,3576.6,2926.4,4322.95,2866.6,3249.2,8,2,3249.1,26,2,3249.0,290,6,3248.9,33,3,3248.8,79,6,3249.3,8,6,3249.4,48,6,3250.0,133,3,3250.3,29,1,3250.4,86,2
11536,2025-12-30 11:39:39+05:30,3249.2,2,3249.35,620140,109096.0,119423.0,3250.0,3257.0,3239.8,3251.5,42383775,3576.6,2926.4,4322.95,2866.6,3249.2,8,2,3249.1,26,2,3249.0,290,6,3248.9,33,3,3248.8,79,6,3249.3,8,6,3249.4,48,6,3250.0,133,3,3250.3,29,1,3250.4,86,2
11536,2025-12-30 11:39:39+05:30,3249.2,2,3249.35,620166,109046.0,119460.0,3250.0,3257.0,3239.8,3251.5,42383775,3576.6,2926.4,4322.95,2866.6,3249.2,6,2,3249.1,24,2,3249.0,246,4,3248.9,45,4,3248.8,79,6,3249.3,22,8,3249.4,31,2,3249.9,29,1,3250.0,133,3,3250.4,86,2
11536,2025-12-30 11:39:40+05:30,3249.2,2,3249.35,620166,109046.0,119460.0,3250.0,3257.0,3239.8,3251.5,42383775,3576.6,2926.4,4322.95,2866.6,3249.2,6,2,3249.1,24,2,3249.0,246,4,3248.9,45,4,3248.8,79,6,3249.3,22,8,3249.4,31,2,3249.9,29,1,3250.0,133,3,3250.4,86,2
11536,2025-12-30 11:39:40+05:30,3249.3,2,3249.35,620229,109227.0,119238.0,3250.0,3257.0,3239.8,3251.5,42383775,3576.6,2926.4,4322.95,2866.6,3249.3,3,1,3249.2,2,1,3249.1,6,1,3249.0,263,5,3248.9,12,2,3249.4,30,1,3250.0,133,3,3250.3,69,2,3250.4,86,2,3250.5,282,1
11536,2025-12-30 11:39:41+05:30,3249.4,1,3249.35,620229,109227.0,119238.0,3250.0,3257.0,3239.8,3251.5,42383775,3576.6,2926.4,4322.95,2866.6,3249.3,3,1,3249.2,2,1,3249.1,6,1,3249.0,263,5,3248.9,12,2,3249.4,30,1,3250.0,133,3,3250.3,69,2,3250.4,86,2,3250.5,282,1
11536,2025-12-30 11:39:41+05:30,3249.4,1,3249.35,620230,109479.0,119213.0,3250.0,3257.0,3239.8,3251.5,42383775,3576.6,2926.4,4322.95,2866.6,3249.3,3,1,3249.2,19,2,3249.1,6,1,3249.0,419,6,3248.9,12,2,3249.4,31,3,3250.0,133,3,3250.2,28,1,3250.4,86,2,3250.5,282,1
11536,2025-12-30 11:39:42+05:30,3250.0,32,3249.35,620230,109479.0,119213.0,3250.0,3257.0,3239.8,3251.5,42383775,3576.6,2926.4,4322.95,2866.6,3249.3,3,1,3249.2,19,2,3249.1,6,1,3249.0,419,6,3248.9,12,2,3249.4,31,3,3250.0,133,3,3250.2,28,1,3250.4,86,2,3250.5,282,1
11536,2025-12-30 11:39:42+05:30,3250.0,32,3249.35,620403,110091.0,118428.0,3250.0,3257.0,3239.8,3251.5,42383775,3576.6,2926.4,4322.95,2866.6,3250.0,53,1,3249.5,3,1,3249.4,21,1,3249.3,81,3,3249.2,245,5,3250.6,36,3,3250.7,307,4,3250.9,453,5,3251.0,25,3,3251.1,278,5
11536,2025-12-30 11:39:43+05:30,3250.0,1,3249.35,620405,109803.0,118572.0,3250.0,3257.0,3239.8,3251.5,42383775,3576.6,2926.4,4322.95,2866.6,3250.0,58,2,3249.9,1,1,3249.5,3,1,3249.4,22,2,3249.3,64,2,3250.6,39,4,3250.7,303,3,3250.9,453,5,3251.0,25,3,3251.1,274,4
11536,2025-12-30 11:39:43+05:30,3250.0,1,3249.35,620405,109803.0,118572.0,3250.0,3257.0,3239.8,3251.5,42383775,3576.6,2926.4,4322.95,2866.6,3250.0,58,2,3249.9,1,1,3249.5,3,1,3249.4,22,2,3249.3,64,2,3250.6,39,4,3250.7,303,3,3250.9,453,5,3251.0,25,3,3251.1,274,4
11536,2025-12-30 11:39:44+05:30,3250.0,51,3249.35,620405,109803.0,118572.0,3250.0,3257.0,3239.8,3251.5,42383775,3576.6,2926.4,4322.95,2866.6,3250.0,58,2,3249.9,1,1,3249.5,3,1,3249.4,22,2,3249.3,64,2,3250.6,39,4,3250.7,303,3,3250.9,453,5,3251.0,25,3,3251.1,274,4
11536,2025-12-30 11:39:44+05:30,3250.0,51,3249.35,620456,109659.0,118586.0,3250.0,3257.0,3239.8,3251.5,42383775,3576.6,2926.4,4322.95,2866.6,3250.0,10,3,3249.9,1,1,3249.5,3,1,3249.4,22,2,3249.2,238,6,3250.6,38,7,3250.7,303,3,3250.8,17,1,3250.9,436,4,3251.0,42,4
11536,2025-12-30 11:39:45+05:30,3250.0,1,3249.35,620456,109659.0,118586.0,3250.0,3257.0,3239.8,3251.5,42383775,3576.6,2926.4,4322.95,2866.6,3250.0,10,3,3249.9,1,1,3249.5,3,1,3249.4,22,2,3249.2,238,6,3250.6,38,7,3250.7,303,3,3250.8,17,1,3250.9,436,4,3251.0,42,4
11536,2025-12-30 11:39:45+05:30,3250.0,17,3249.35,620484,109834.0,118563.0,3250.0,3257.0,3239.8,3251.5,42383775,3576.6,2926.4,4322.95,2866.6,3250.0,243,3,3249.9,1,1,3249.5,3,1,3249.4,22,2,3249.2,227,5,3250.5,316,6,3250.6,16,4,3250.7,10,1,3250.8,45,3,3250.9,436,4
11536,2025-12-30 11:39:46+05:30,3250.0,1,3249.35,620484,109834.0,118563.0,3250.0,3257.0,3239.8,3251.5,42383775,3576.6,2926.4,4322.95,2866.6,3250.0,243,3,3249.9,1,1,3249.5,3,1,3249.4,22,2,3249.2,227,5,3250.5,316,6,3250.6,16,4,3250.7,10,1,3250.8,45,3,3250.9,436,4
11536,2025-12-30 11:39:46+05:30,3250.5,1,3249.35,620504,109847.0,118289.0,3250.0,3257.0,3239.8,3251.5,42383775,3576.6,2926.4,4322.95,2866.6,3250.0,227,3,3249.5,3,1,3249.4,22,2,3249.2,267,6,3249.1,192,4,3250.5,293,6,3250.6,12,2,3250.7,10,1,3250.8,45,3,3250.9,454,5
11536,2025-12-30 11:39:47+05:30,3250.0,7,3249.35,620504,109847.0,118289.0,3250.0,3257.0,3239.8,3251.5,42383775,3576.6,2926.4,4322.95,2866.6,3250.0,227,3,3249.5,3,1,3249.4,22,2,3249.2,267,6,3249.1,192,4,3250.5,293,6,3250.6,12,2,3250.7,10,1,3250.8,45,3,3250.9,454,5
11536,2025-12-30 11:39:47+05:30,3250.0,7,3249.35,620588,109836.0,118690.0,3250.0,3257.0,3239.8,3251.5,42383775,3576.6,2926.4,4322.95,2866.6,3250.0,217,4,3249.5,3,1,3249.4,22,2,3249.2,227,5,3249.1,192,4,3250.5,294,7,3250.6,21,2,3250.8,66,4,3250.9,454,5,3251.0,71,5
11536,2025-12-30 11:39:48+05:30,3250.0,1,3249.35,620588,109836.0,118690.0,3250.0,3257.0,3239.8,3251.5,42383775,3576.6,2926.4,4322.95,2866.6,3250.0,217,4,3249.5,3,1,3249.4,22,2,3249.2,227,5,3249.1,192,4,3250.5,294,7,3250.6,21,2,3250.8,66,4,3250.9,454,5,3251.0,71,5
11536,2025-12-30 11:39:48+05:30,3250.0,1,3249.35,620597,109906.0,118671.0,3250.0,3257.0,3239.8,3251.5,42383775,3576.6,2926.4,4322.95,2866.6,3250.0,258,6,3249.5,3,1,3249.4,40,4,3249.2,297,8,3249.1,192,4,3250.5,299,9,3250.6,10,1,3250.8,37,2,3250.9,454,5,3251.0,54,4
11536,2025-12-30 11:39:49+05:30,3250.0,5,3249.35,620597,109906.0,118671.0,3250.0,3257.0,3239.8,3251.5,42383775,3576.6,2926.4,4322.95,2866.6,3250.0,258,6,3249.5,3,1,3249.4,40,4,3249.2,297,8,3249.1,192,4,3250.5,299,9,3250.6,10,1,3250.8,37,2,3250.9,454,5,3251.0,54,4
11536,2025-12-30 11:39:49+05:30,3250.0,3,3249.35,620635,111550.0,116800.0,3250.0,3257.0,3239.8,3251.5,42383775,3576.6,2926.4,4322.95,2866.6,3250.0,220,6,3249.6,176,2,3249.5,33,3,3249.4,196,5,3249.3,52,3,3250.5,289,7,3250.7,14,1,3250.8,28,1,3250.9,235,3,3251.0,13,2
11536,2025-12-30 11:39:50+05:30,3250.0,11,3249.35,620635,111550.0,116800.0,3250.0,3257.0,3239.8,3251.5,42383775,3576.6,2926.4,4322.95,2866.6,3250.0,220,6,3249.6,176,2,3249.5,33,3,3249.4,196,5,3249.3,52,3,3250.5,289,7,3250.7,14,1,3250.8,28,1,3250.9,235,3,3251.0,13,2
11536,2025-12-30 11:39:50+05:30,3249.4,1,3249.36,621834,107596.0,117250.0,3250.0,3257.0,3239.8,3251.5,42383775,3576.6,2926.4,4322.95,2866.6,3249.4,3,3,3249.3,1,1,3249.2,15,2,3249.1,2,1,3249.0,22,4,3249.8,74,5,3249.9,40,4,3250.0,96,5,3250.1,76,3,3250.2,94,5
11536,2025-12-30 11:39:51+05:30,3249.4,1,3249.36,621834,107596.0,117250.0,3250.0,3257.0,3239.8,3251.5,42383775,3576.6,2926.4,4322.95,2866.6,3249.4,3,3,3249.3,1,1,3249.2,15,2,3249.1,2,1,3249.0,22,4,3249.8,74,5,3249.9,40,4,3250.0,96,5,3250.1,76,3,3250.2,94,5
11536,2025-12-30 11:39:51+05:30,3249.4,1,3249.36,621838,107645.0,118313.0,3250.0,3257.0,3239.8,3251.5,42383775,3576.6,2926.4,4322.95,2866.6,3249.4,2,2,3249.3,1,1,3249.2,15,2,3249.1,2,1,3249.0,22,4,3249.8,84,8,3249.9,50,5,3250.0,96,5,3250.1,382,5,3250.2,269,6
11536,2025-12-30 11:39:52+05:30,3249.2,104,3249.36,621838,107645.0,118313.0,3250.0,3257.0,3239.8,3251.5,42383775,3576.6,2926.4,4322.95,2866.6,3249.4,2,2,3249.3,1,1,3249.2,15,2,3249.1,2,1,3249.0,22,4,3249.8,84,8,3249.9,50,5,3250.0,96,5,3250.1,382,5,3250.2,269,6
11536,2025-12-30 11:39:52+05:30,3249.1,4,3249.35,621975,107269.0,118494.0,3250.0,3257.0,3239.8,3251.5,42383775,3576.6,2926.4,4322.95,2866.6,3249.1,2,1,3249.0,24,5,3248.9,12,2,3248.8,5,2,3248.7,20,1,3249.2,41,3,3249.3,10,3,3249.4,1,1,3249.6,33,2,3249.7,94,3
11536,2025-12-30 11:39:53+05:30,3249.1,1,3249.35,621975,107269.0,118494.0,3250.0,3257.0,3239.8,3251.5,42383775,3576.6,2926.4,4322.95,2866.6,3249.1,2,1,3249.0,24,5,3248.9,12,2,3248.8,5,2,3248.7,20,1,3249.2,41,3,3249.3,10,3,3249.4,1,1,3249.6,33,2,3249.7,94,3
11536,2025-12-30 11:39:53+05:30,3249.0,1,3249.35,622125,105749.0,118765.0,3250.0,3257.0,3239.8,3251.5,42383775,3576.6,2926.4,4322.95,2866.6,3248.9,12,2,3248.8,5,2,3248.7,20,1,3248.6,2,1,3248.5,3,1,3249.0,17,1,3249.2,43,5,3249.3,2,2,3249.4,21,2,3249.6,69,3
11536,2025-12-30 11:39:54+05:30,3248.9,7,3249.35,622125,105749.0,118765.0,3250.0,3257.0,3239.8,3251.5,42383775,3576.6,2926.4,4322.95,2866.6,3248.9,12,2,3248.8,5,2,3248.7,20,1,3248.6,2,1,3248.5,3,1,3249.0,17,1,3249.2,43,5,3249.3,2,2,3249.4,21,2,3249.6,69,3
11536,2025-12-30 11:39:54+05:30,3248.7,1,3249.35,622317,104868.0,118200.0,3250.0,3257.0,3239.8,3251.5,42383775,3576.6,2926.4,4322.95,2866.6,3248.7,19,1,3248.6,2,1,3248.5,3,1,3248.4,5,1,3248.1,11,2,3248.8,176,2,3248.9,42,4,3249.0,25,3,3249.1,1,1,3249.2,3,2
11536,2025-12-30 11:39:55+05:30,3248.8,1,3249.35,622317,104868.0,118200.0,3250.0,3257.0,3239.8,3251.5,42383775,3576.6,2926.4,4322.95,2866.6,3248.7,19,1,3248.6,2,1,3248.5,3,1,3248.4,5,1,3248.1,11,2,3248.8,176,2,3248.9,42,4,3249.0,25,3,3249.1,1,1,3249.2,3,2
11536,2025-12-30 11:39:55+05:30,3248.7,45,3249.35,622485,104959.0,118656.0,3250.0,3257.0,3239.8,3251.5,42383775,3576.6,2926.4,4322.95,2866.6,3248.7,20,1,3248.6,2,1,3248.5,3,1,3248.4,5,1,3248.1,36,4,3248.8,85,5,3248.9,42,4,3249.0,20,2,3249.5,24,2,3249.6,24,2
11536,2025-12-30 11:39:56+05:30,3248.7,20,3249.35,622485,104959.0,118656.0,3250.0,3257.0,3239.8,3251.5,42383775,3576.6,2926.4,4322.95,2866.6,3248.7,20,1,3248.6,2,1,3248.5,3,1,3248.4,5,1,3248.1,36,4,3248.8,85,5,3248.9,42,4,3249.0,20,2,3249.5,24,2,3249.6,24,2
11536,2025-12-30 11:39:56+05:30,3248.7,2,3249.35,622656,105388.0,118467.0,3250.0,3257.0,3239.8,3251.5,42383775,3576.6,2926.4,4322.95,2866.6,3248.7,48,1,3248.6,35,3,3248.5,3,1,3248.4,39,3,3248.2,62,3,3248.8,85,5,3248.9,2,1,3249.0,3,1,3249.5,3,1,3249.6,3,1
11536,2025-12-30 11:39:57+05:30,3248.7,15,3249.35,622656,105388.0,118467.0,3250.0,3257.0,3239.8,3251.5,42383775,3576.6,2926.4,4322.95,2866.6,3248.7,48,1,3248.6,35,3,3248.5,3,1,3248.4,39,3,3248.2,62,3,3248.8,85,5,3248.9,2,1,3249.0,3,1,3249.5,3,1,3249.6,3,1
11536,2025-12-30 11:39:57+05:30,3248.7,15,3249.35,622795,105438.0,118370.0,3250.0,3257.0,3239.8,3251.5,42383775,3576.6,2926.4,4322.95,2866.6,3248.7,81,2,3248.6,15,2,3248.5,3,1,3248.4,18,2,3248.2,189,3,3248.8,133,10,3249.4,28,1,3249.5,3,1,3249.6,43,2,3249.7,22,1
11536,2025-12-30 11:39:58+05:30,3248.7,2,3249.35,622795,105438.0,118370.0,3250.0,3257.0,3239.8,3251.5,42383775,3576.6,2926.4,4322.95,2866.6,3248.7,81,2,3248.6,15,2,3248.5,3,1,3248.4,18,2,3248.2,189,3,3248.8,133,10,3249.4,28,1,3249.5,3,1,3249.6,43,2,3249.7,22,1
11536,2025-12-30 11:39:58+05:30,3248.7,2,3249.35,622858,105268.0,118213.0,3250.0,3257.0,3239.8,3251.5,42383775,3576.6,2926.4,4322.95,2866.6,3248.7,18,1,3248.6,65,3,3248.5,23,2,3248.4,18,2,3248.2,33,2,3248.8,144,12,3249.4,28,1,3249.5,3,1,3249.6,43,2,3249.7,22,1
11536,2025-12-30 11:39:59+05:30,3248.6,11,3249.35,622858,105268.0,118213.0,3250.0,3257.0,3239.8,3251.5,42383775,3576.6,2926.4,4322.95,2866.6,3248.7,18,1,3248.6,65,3,3248.5,23,2,3248.4,18,2,3248.2,33,2,3248.8,144,12,3249.4,28,1,3249.5,3,1,3249.6,43,2,3249.7,22,1
11536,2025-12-30 11:39:59+05:30,3248.6,1,3249.35,622903,105219.0,118120.0,3250.0,3257.0,3239.8,3251.5,42383775,3576.6,2926.4,4322.95,2866.6,3248.6,40,2,3248.5,3,1,3248.4,18,2,3248.2,33,2,3248.1,30,4,3248.7,13,4,3248.8,131,9,3249.4,28,1,3249.5,3,1,3249.6,43,2
11536,2025-12-30 11:40:00+05:30,3248.6,7,3249.35,622903,105219.0,118120.0,3250.0,3257.0,3239.8,3251.5,42383775,3576.6,2926.4,4322.95,2866.6,3248.6,40,2,3248.5,3,1,3248.4,18,2,3248.2,33,2,3248.1,30,4,3248.7,13,4,3248.8,131,9,3249.4,28,1,3249.5,3,1,3249.6,43,2
11536,2025-12-30 11:40:00+05:30,3248.6,1,3249.35,623067,105414.0,116604.0,3250.0,3257.0,3239.8,3251.5,42383775,3576.6,2926.4,4322.95,2866.6,3248.6,79,5,3248.5,3,1,3248.4,39,3,3248.3,7,1,3248.2,33,2,3248.8,120,5,3249.5,3,1,3249.6,3,1,3249.8,68,1,3249.9,214,3
11536,2025-12-30 11:40:01+05:30,3248.6,6,3249.35,623067,105414.0,116604.0,3250.0,3257.0,3239.8,3251.5,42383775,3576.6,2926.4,4322.95,2866.6,3248.6,79,5,3248.5,3,1,3248.4,39,3,3248.3,7,1,3248.2,33,2,3248.8,120,5,3249.5,3,1,3249.6,3,1,3249.8,68,1,3249.9,214,3
11536,2025-12-30 11:40:01+05:30,3248.6,10,3249.35,623105,105371.0,117999.0,3250.0,3257.0,3239.8,3251.5,42383775,3576.6,2926.4,4322.95,2866.6,3248.6,29,4,3248.5,3,1,3248.4,39,3,3248.3,7,1,3248.2,33,2,3248.8,124,8,3249.4,28,1,3249.5,3,1,3249.6,3,1,3249.8,68,1
11536,2025-12-30 11:40:02+05:30,3248.6,10,3249.35,623105,105371.0,117999.0,3250.0,3257.0,3239.8,3251.5,42383775,3576.6,2926.4,4322.95,2866.6,3248.6,29,4,3248.5,3,1,3248.4,39,3,3248.3,7,1,3248.2,33,2,3248.8,124,8,3249.4,28,1,3249.5,3,1,3249.6,3,1,3249.8,68,1
11536,2025-12-30 11:40:02+05:30,3248.6,10,3249.35,623105,105569.0,117971.0,3250.0,3257.0,3239.8,3251.5,42383775,3576.6,2926.4,4322.95,2866.6,3248.7,5,1,3248.6,24,3,3248.5,3,1,3248.4,195,4,3248.3,7,1,3248.8,126,10,3249.4,28,1,3249.5,3,1,3249.6,3,1,3249.8,68,1
11536,2025-12-30 11:40:03+05:30,3248.7,6,3249.35,623105,105569.0,117971.0,3250.0,3257.0,3239.8,3251.5,42383775,3576.6,2926.4,4322.95,2866.6,3248.7,5,1,3248.6,24,3,3248.5,3,1,3248.4,195,4,3248.3,7,1,3248.8,126,10,3249.4,28,1,3249.5,3,1,3249.6,3,1,3249.8,68,1
11536,2025-12-30 11:40:03+05:30,3248.8,1,3249.35,623149,105501.0,118317.0,3250.0,3257.0,3239.8,3251.5,42383775,3576.6,2926.4,4322.95,2866.6,3248.7,45,2,3248.6,24,3,3248.5,3,1,3248.4,60,4,3248.3,34,2,3248.8,122,9,3249.4,28,1,3249.5,3,1,3249.6,3,1,3249.8,68,1
11536,2025-12-30 11:40:04+05:30,3248.7,3,3249.35,623149,105501.0,118317.0,3250.0,3257.0,3239.8,3251.5,42383775,3576.6,2926.4,4322.95,2866.6,3248.7,45,2,3248.6,24,3,3248.5,3,1,3248.4,60,4,3248.3,34,2,3248.8,122,9,3249.4,28,1,3249.5,3,1,3249.6,3,1,3249.8,68,1
11536,2025-12-30 11:40:04+05:30,3248.7,4,3249.35,623276,105499.0,117835.0,3250.0,3257.0,3239.8,3251.5,42383775,3576.6,2926.4,4322.95,2866.6,3248.7,3,1,3248.6,24,3,3248.5,3,1,3248.4,39,3,3248.2,33,2,3248.8,21,9,3249.4,28,1,3249.5,3,1,3249.6,3,1,3249.8,68,1
11536,2025-12-30 11:40:05+05:30,3248.7,12,3249.35,623276,105499.0,117835.0,3250.0,3257.0,3239.8,3251.5,42383775,3576.6,2926.4,4322.95,2866.6,3248.7,3,1,3248.6,24,3,3248.5,3,1,3248.4,39,3,3248.2,33,2,3248.8,21,9,3249.4,28,1,3249.5,3,1,3249.6,3,1,3249.8,68,1
11536,2025-12-30 11:40:05+05:30,3248.7,12,3249.35,623291,106320.0,117797.0,3250.0,3257.0,3239.8,3251.5,42383775,3576.6,2926.4,4322.95,2866.6,3248.7,1,1,3248.6,37,4,3248.5,30,3,3248.4,63,4,3248.3,63,3,3248.8,25,11,3249.6,3,1,3249.7,28,1,3249.8,68,1,3249.9,195,2
11536,2025-12-30 11:40:06+05:30,3248.6,6,3249.35,623291,106320.0,117797.0,3250.0,3257.0,3239.8,3251.5,42383775,3576.6,2926.4,4322.95,2866.6,3248.7,1,1,3248.6,37,4,3248.5,30,3,3248.4,63,4,3248.3,63,3,3248.8,25,11,3249.6,3,1,3249.7,28,1,3249.8,68,1,3249.9,195,2
11536,2025-12-30 11:40:06+05:30,3248.6,3,3249.35,623308,106372.0,117797.0,3250.0,3257.0,3239.8,3251.5,42383775,3576.6,2926.4,4322.95,2866.6,3248.6,14,3,3248.5,3,1,3248.4,63,4,3248.3,35,2,3248.2,105,4,3248.8,25,11,3249.6,3,1,3249.7,28,1,3249.8,68,1,3249.9,195,2
11536,2025-12-30 11:40:07+05:30,3248.5,3,3249.35,623308,106372.0,117797.0,3250.0,3257.0,3239.8,3251.5,42383775,3576.6,2926.4,4322.95,2866.6,3248.6,14,3,3248.5,3,1,3248.4,63,4,3248.3,35,2,3248.2,105,4,3248.8,25,11,3249.6,3,1,3249.7,28,1,3249.8,68,1,3249.9,195,2
11536,2025-12-30 11:40:07+05:30,3248.5,16,3249.35,623388,105221.0,117891.0,3250.0,3257.0,3239.8,3251.5,42383775,3576.6,2926.4,4322.95,2866.6,3248.5,2,1,3248.4,39,3,3248.3,27,1,3248.2,65,3,3248.1,110,9,3248.6,13,5,3248.8,15,5,3249.5,28,1,3249.6,3,1,3249.8,68,1
11536,2025-12-30 11:40:08+05:30,3248.5,2,3249.35,623388,105221.0,117891.0,3250.0,3257.0,3239.8,3251.5,42383775,3576.6,2926.4,4322.95,2866.6,3248.5,2,1,3248.4,39,3,3248.3,27,1,3248.2,65,3,3248.1,110,9,3248.6,13,5,3248.8,15,5,3249.5,28,1,3249.6,3,1,3249.8,68,1
11536,2025-12-30 11:40:08+05:30,3248.5,1,3249.35,623396,105685.0,118230.0,3250.0,3257.0,3239.8,3251.5,42383775,3576.6,2926.4,4322.95,2866.6,3248.5,50,1,3248.4,109,5,3248.3,76,2,3248.2,51,3,3248.1,76,8,3248.6,15,7,3248.8,12,2,3249.5,28,1,3249.6,3,1,3249.8,68,1
11536,2025-12-30 11:40:09+05:30,3248.5,1,3249.35,623396,105685.0,118230.0,3250.0,3257.0,3239.8,3251.5,42383775,3576.6,2926.4,4322.95,2866.6,3248.5,50,1,3248.4,109,5,3248.3,76,2,3248.2,51,3,3248.1,76,8,3248.6,15,7,3248.8,12,2,3249.5,28,1,3249.6,3,1,3249.8,68,1
11536,2025-12-30 11:40:09+05:30,3248.5,3,3249.35,623540,106263.0,115289.0,3250.0,3257.0,3239.8,3251.5,42383775,3576.6,2926.4,4322.95,2866.6,3248.6,20,1,3248.5,179,8,3248.4,285,8,3248.3,103,5,3248.2,595,7,3250.0,4,1,3250.1,193,2,3250.2,218,3,3250.3,306,2,3250.4,243,3
11536,2025-12-30 11:40:10+05:30,3248.5,3,3249.35,623540,106263.0,115289.0,3250.0,3257.0,3239.8,3251.5,42383775,3576.6,2926.4,4322.95,2866.6,3248.6,20,1,3248.5,179,8,3248.4,285,8,3248.3,103,5,3248.2,595,7,3250.0,4,1,3250.1,193,2,3250.2,218,3,3250.3,306,2,3250.4,243,3
11536,2025-12-30 11:40:10+05:30,3248.5,3,3249.35,623540,104826.0,117398.0,3250.0,3257.0,3239.8,3251.5,42383775,3576.6,2926.4,4322.95,2866.6,3248.6,54,5,3248.5,46,2,3248.4,279,7,3248.3,54,1,3248.2,638,8,3249.9,72,5,3250.0,28,4,3250.1,22,2,3250.2,279,7,3250.3,306,2
11536,2025-12-30 11:40:11+05:30,3248.6,1,3249.35,623541,105855.0,117947.0,3250.0,3257.0,3239.8,3251.5,42383775,3576.6,2926.4,4322.95,2866.6,3248.6,50,4,3248.5,6,1,3248.4,274,5,3248.3,83,3,3248.2,562,5,3249.8,27,1,3249.9,36,3,3250.0,18,3,3250.1,95,5,3250.2,273,6
11536,2025-12-30 11:40:12+05:30,3248.6,18,3249.35,623541,105855.0,117947.0,3250.0,3257.0,3239.8,3251.5,42383775,3576.6,2926.4,4322.95,2866.6,3248.6,50,4,3248.5,6,1,3248.4,274,5,3248.3,83,3,3248.2,562,5,3249.8,27,1,3249.9,36,3,3250.0,18,3,3250.1,95,5,3250.2,273,6
11536,2025-12-30 11:40:12+05:30,3249.7,2,3249.35,623561,105782.0,117995.0,3250.0,3257.0,3239.8,3251.5,42383775,3576.6,2926.4,4322.95,2866.6,3248.6,10,3,3248.5,28,2,3248.4,274,5,3248.3,73,2,3248.2,216,3,3249.7,41,4,3249.8,30,3,3249.9,35,3,3250.0,35,3,3250.1,95,5
11536,2025-12-30 11:40:13+05:30,3248.6,1,3249.35,623561,105782.0,117995.0,3250.0,3257.0,3239.8,3251.5,42383775,3576.6,2926.4,4322.95,2866.6,3248.6,10,3,3248.5,28,2,3248.4,274,5,3248.3,73,2,3248.2,216,3,3249.7,41,4,3249.8,30,3,3249.9,35,3,3250.0,35,3,3250.1,95,5
11536,2025-12-30 11:40:13+05:30,3248.6,1,3249.35,623571,105834.0,117793.0,3250.0,3257.0,3239.8,3251.5,42383775,3576.6,2926.4,4322.95,2866.6,3248.6,2,2,3248.5,28,2,3248.4,274,5,3248.3,76,3,3248.2,330,7,3249.7,33,7,3249.8,11,2,3249.9,16,1,3250.0,15,1,3250.1,95,5
11536,2025-12-30 11:40:14+05:30,3248.6,3,3249.35,623571,105834.0,117793.0,3250.0,3257.0,3239.8,3251.5,42383775,3576.6,2926.4,4322.95,2866.6,3248.6,2,2,3248.5,28,2,3248.4,274,5,3248.3,76,3,3248.2,330,7,3249.7,33,7,3249.8,11,2,3249.9,16,1,3250.0,15,1,3250.1,95,5
11536,2025-12-30 11:40:14+05:30,3248.6,1,3249.35,623579,105853.0,117958.0,3250.0,3257.0,3239.8,3251.5,42383775,3576.6,2926.4,4322.95,2866.6,3248.6,42,4,3248.5,6,1,3248.4,274,5,3248.3,86,4,3248.2,330,7,3249.7,33,8,3249.8,10,1,3249.9,16,1,3250.0,15,1,3250.1,95,5
11536,2025-12-30 11:40:15+05:30,3248.6,2,3249.35,623579,105853.0,117958.0,3250.0,3257.0,3239.8,3251.5,42383775,3576.6,2926.4,4322.95,2866.6,3248.6,42,4,3248.5,6,1,3248.4,274,5,3248.3,86,4,3248.2,330,7,3249.7,33,8,3249.8,10,1,3249.9,16,1,3250.0,15,1,3250.1,95,5
11536,2025-12-30 11:40:15+05:30,3248.6,1,3249.35,623586,105675.0,117956.0,3250.0,3257.0,3239.8,3251.5,42383775,3576.6,2926.4,4322.95,2866.6,3248.6,36,4,3248.5,6,1,3248.4,274,5,3248.3,86,4,3248.2,330,7,3249.7,31,7,3249.8,10,1,3249.9,16,1,3250.0,15,1,3250.1,95,5
11536,2025-12-30 11:40:16+05:30,3248.6,1,3249.35,623586,105675.0,117956.0,3250.0,3257.0,3239.8,3251.5,42383775,3576.6,2926.4,4322.95,2866.6,3248.6,36,4,3248.5,6,1,3248.4,274,5,3248.3,86,4,3248.2,330,7,3249.7,31,7,3249.8,10,1,3249.9,16,1,3250.0,15,1,3250.1,95,5
11536,2025-12-30 11:40:16+05:30,3248.7,77,3249.35,623667,105996.0,118004.0,3250.0,3257.0,3239.8,3251.5,42383775,3576.6,2926.4,4322.95,2866.6,3248.7,22,1,3248.6,13,3,3248.5,6,1,3248.4,274,5,3248.3,76,3,3249.6,40,2,3249.7,15,6,3249.8,10,1,3249.9,16,1,3250.0,58,4
11536,2025-12-30 11:40:17+05:30,3248.7,77,3249.35,623667,105996.0,118004.0,3250.0,3257.0,3239.8,3251.5,42383775,3576.6,2926.4,4322.95,2866.6,3248.7,22,1,3248.6,13,3,3248.5,6,1,3248.4,274,5,3248.3,76,3,3249.6,40,2,3249.7,15,6,3249.8,10,1,3249.9,16,1,3250.0,58,4
11536,2025-12-30 11:40:18+05:30,3248.7,1,3249.35,623670,106054.0,118001.0,3250.0,3257.0,3239.8,3251.5,42383775,3576.6,2926.4,4322.95,2866.6,3248.7,24,3,3248.6,14,4,3248.5,7,2,3248.4,256,6,3248.3,87,4,3249.6,35,5,3249.7,3,3,3249.8,10,1,3249.9,52,2,3250.0,58,4
11536,2025-12-30 11:40:18+05:30,3248.7,1,3249.35,623670,106054.0,118001.0,3250.0,3257.0,3239.8,3251.5,42383775,3576.6,2926.4,4322.95,2866.6,3248.7,24,3,3248.6,14,4,3248.5,7,2,3248.4,256,6,3248.3,87,4,3249.6,35,5,3249.7,3,3,3249.8,10,1,3249.9,52,2,3250.0,58,4
11536,2025-12-30 11:40:18+05:30,3249.2,1,3249.35,623672,107498.0,118512.0,3250.0,3257.0,3239.8,3251.5,42383775,3576.6,2926.4,4322.95,2866.6,3249.2,17,1,3248.7,5,2,3248.6,14,4,3248.5,25,3,3248.4,256,6,3249.6,36,6,3249.7,1,1,3249.8,28,2,3249.9,36,1,3250.0,51,3
11536,2025-12-30 11:40:19+05:30,3249.2,24,3249.35,623672,107498.0,118512.0,3250.0,3257.0,3239.8,3251.5,42383775,3576.6,2926.4,4322.95,2866.6,3249.2,17,1,3248.7,5,2,3248.6,14,4,3248.5,25,3,3248.4,256,6,3249.6,36,6,3249.7,1,1,3249.8,28,2,3249.9,36,1,3250.0,51,3
11536,2025-12-30 11:40:19+05:30,3249.2,12,3249.35,623710,107437.0,118550.0,3250.0,3257.0,3239.8,3251.5,42383775,3576.6,2926.4,4322.95,2866.6,3249.2,9,1,3248.7,5,2,3248.6,14,4,3248.5,7,2,3248.4,256,6,3249.6,33,7,3249.7,36,2,3249.8,34,2,3249.9,36,1,3250.0,51,3
11536,2025-12-30 11:40:20+05:30,3249.2,21,3249.35,623710,107437.0,118550.0,3250.0,3257.0,3239.8,3251.5,42383775,3576.6,2926.4,4322.95,2866.6,3249.2,9,1,3248.7,5,2,3248.6,14,4,3248.5,7,2,3248.4,256,6,3249.6,33,7,3249.7,36,2,3249.8,34,2,3249.9,36,1,3250.0,51,3
11536,2025-12-30 11:40:21+05:30,3249.5,18,3249.35,623802,106575.0,119888.0,3250.0,3257.0,3239.8,3251.5,42383775,3576.6,2926.4,4322.95,2866.6,3248.7,5,2,3248.6,5,3,3248.5,1,1,3248.4,235,5,3248.3,105,3,3249.1,3,2,3249.6,4,4,3249.7,31,1,3249.8,131,4,3249.9,373,5
11536,2025-12-30 11:40:21+05:30,3249.5,18,3249.35,623802,106575.0,119888.0,3250.0,3257.0,3239.8,3251.5,42383775,3576.6,2926.4,4322.95,2866.6,3248.7,5,2,3248.6,5,3,3248.5,1,1,3248.4,235,5,3248.3,105,3,3249.1,3,2,3249.6,4,4,3249.7,31,1,3249.8,131,4,3249.9,373,5
11536,2025-12-30 11:40:22+05:30,3248.7,2,3249.35,623814,106009.0,118575.0,3250.0,3257.0,3239.8,3251.5,42383775,3576.6,2926.4,4322.95,2866.6,3248.7,48,3,3248.6,22,4,3248.5,27,2,3248.4,129,7,3248.3,122,4,3249.1,7,6,3249.6,2,2,3249.7,31,1,3249.8,115,3,3249.9,308,2
11536,2025-12-30 11:40:22+05:30,3248.7,2,3249.35,623814,106009.0,118575.0,3250.0,3257.0,3239.8,3251.5,42383775,3576.6,2926.4,4322.95,2866.6,3248.7,48,3,3248.6,22,4,3248.5,27,2,3248.4,129,7,3248.3,122,4,3249.1,7,6,3249.6,2,2,3249.7,31,1,3249.8,115,3,3249.9,308,2
11536,2025-12-30 11:40:23+05:30,3248.7,2,3249.35,623840,107399.0,119319.0,3250.0,3257.0,3239.8,3251.5,42383775,3576.6,2926.4,4322.95,2866.6,3248.7,75,4,3248.6,22,4,3248.5,1,1,3248.4,129,7,3248.3,119,4,3249.1,8,8,3249.7,31,1,3249.8,115,3,3249.9,308,2,3250.0,43,3
11536,2025-12-30 11:40:23+05:30,3248.7,2,3249.35,623840,107399.0,119319.0,3250.0,3257.0,3239.8,3251.5,42383775,3576.6,2926.4,4322.95,2866.6,3248.7,75,4,3248.6,22,4,3248.5,1,1,3248.4,129,7,3248.3,119,4,3249.1,8,8,3249.7,31,1,3249.8,115,3,3249.9,308,2,3250.0,43,3
11536,2025-12-30 11:40:23+05:30,3248.7,3,3249.35,623850,107293.0,119379.0,3250.0,3257.0,3239.8,3251.5,42383775,3576.6,2926.4,4322.95,2866.6,3248.7,65,4,3248.6,22,4,3248.5,1,1,3248.4,129,7,3248.3,105,4,3249.1,11,11,3249.6,26,1,3249.7,31,1,3249.8,115,3,3249.9,308,2
11536,2025-12-30 11:40:24+05:30,3248.7,9,3249.35,623850,107293.0,119379.0,3250.0,3257.0,3239.8,3251.5,42383775,3576.6,2926.4,4322.95,2866.6,3248.7,65,4,3248.6,22,4,3248.5,1,1,3248.4,129,7,3248.3,105,4,3249.1,11,11,3249.6,26,1,3249.7,31,1,3249.8,115,3,3249.9,308,2
11536,2025-12-30 11:40:25+05:30,3249.9,1,3249.35,623894,108243.0,117921.0,3250.0,3257.0,3239.8,3251.5,42383775,3576.6,2926.4,4322.95,2866.6,3249.1,4,1,3248.7,62,4,3248.6,161,4,3248.5,79,3,3248.4,358,11,3249.9,26,3,3250.0,5,1,3250.1,325,3,3250.2,53,4,3250.3,210,2
11536,2025-12-30 11:40:25+05:30,3249.9,1,3249.35,623894,108243.0,117921.0,3250.0,3257.0,3239.8,3251.5,42383775,3576.6,2926.4,4322.95,2866.6,3249.1,4,1,3248.7,62,4,3248.6,161,4,3248.5,79,3,3248.4,358,11,3249.9,26,3,3250.0,5,1,3250.1,325,3,3250.2,53,4,3250.3,210,2
11536,2025-12-30 11:40:26+05:30,3249.9,1,3249.35,623894,108243.0,117921.0,3250.0,3257.0,3239.8,3251.5,42383775,3576.6,2926.4,4322.95,2866.6,3249.1,4,1,3248.7,62,4,3248.6,161,4,3248.5,79,3,3248.4,358,11,3249.9,26,3,3250.0,5,1,3250.1,325,3,3250.2,53,4,3250.3,210,2
11536,2025-12-30 11:40:26+05:30,3249.9,1,3249.35,623895,108086.0,117752.0,3250.0,3257.0,3239.8,3251.5,42383775,3576.6,2926.4,4322.95,2866.6,3249.1,4,1,3249.0,7,1,3248.7,58,4,3248.6,178,5,3248.5,1,1,3249.9,309,6,3250.0,15,2,3250.1,3,1,3250.2,88,5,3250.3,210,2
11536,2025-12-30 11:40:27+05:30,3250.2,5,3249.35,623895,108086.0,117752.0,3250.0,3257.0,3239.8,3251.5,42383775,3576.6,2926.4,4322.95,2866.6,3249.1,4,1,3249.0,7,1,3248.7,58,4,3248.6,178,5,3248.5,1,1,3249.9,309,6,3250.0,15,2,3250.1,3,1,3250.2,88,5,3250.3,210,2
11536,2025-12-30 11:40:27+05:30,3249.3,29,3249.36,625625,108391.0,115628.0,3250.0,3257.0,3239.8,3251.5,42383775,3576.6,2926.4,4322.95,2866.6,3249.0,202,2,3248.9,103,4,3248.8,235,5,3248.7,224,7,3248.6,555,9,3250.3,175,1,3250.4,17,2,3250.5,175,1,3250.7,3,1,3250.9,170,4
11536,2025-12-30 11:40:28+05:30,3249.0,3,3249.36,625628,108417.0,117422.0,3250.0,3257.0,3239.8,3251.5,42383775,3576.6,2926.4,4322.95,2866.6,3249.0,202,2,3248.9,47,3,3248.8,223,5,3248.7,303,9,3248.6,587,11,3250.2,26,1,3250.3,253,3,3250.4,10,1,3250.5,350,2,3250.7,3,1
11536,2025-12-30 11:40:28+05:30,3249.0,3,3249.36,625628,108417.0,117422.0,3250.0,3257.0,3239.8,3251.5,42383775,3576.6,2926.4,4322.95,2866.6,3249.0,202,2,3248.9,47,3,3248.8,223,5,3248.7,303,9,3248.6,587,11,3250.2,26,1,3250.3,253,3,3250.4,10,1,3250.5,350,2,3250.7,3,1
11536,2025-12-30 11:40:29+05:30,3249.0,3,3249.36,625628,107062.0,117113.0,3250.0,3257.0,3239.8,3251.5,42383775,3576.6,2926.4,4322.95,2866.6,3249.0,202,2,3248.9,55,3,3248.8,223,5,3248.7,303,9,3248.6,566,10,3250.2,28,3,3250.3,253,3,3250.4,10,1,3250.5,350,2,3250.6,14,1
11536,2025-12-30 11:40:30+05:30,3249.0,3,3249.36,625833,108361.0,118424.0,3250.0,3257.0,3239.8,3251.5,42383775,3576.6,2926.4,4322.95,2866.6,3248.9,21,2,3248.8,156,1,3248.7,92,5,3248.6,252,9,3248.5,54,3,3249.0,63,3,3250.2,67,6,3250.3,201,2,3250.4,35,2,3250.5,350,2
11536,2025-12-30 11:40:30+05:30,3248.9,1,3249.36,625833,108361.0,118424.0,3250.0,3257.0,3239.8,3251.5,42383775,3576.6,2926.4,4322.95,2866.6,3248.9,21,2,3248.8,156,1,3248.7,92,5,3248.6,252,9,3248.5,54,3,3249.0,63,3,3250.2,67,6,3250.3,201,2,3250.4,35,2,3250.5,350,2
11536,2025-12-30 11:40:31+05:30,3248.7,1,3249.36,625833,108361.0,118424.0,3250.0,3257.0,3239.8,3251.5,42383775,3576.6,2926.4,4322.95,2866.6,3248.9,21,2,3248.8,156,1,3248.7,92,5,3248.6,252,9,3248.5,54,3,3249.0,63,3,3250.2,67,6,3250.3,201,2,3250.4,35,2,3250.5,350,2
11536,2025-12-30 11:40:31+05:30,3248.8,65,3249.36,626109,108240.0,118493.0,3250.0,3257.0,3239.8,3251.5,42383775,3576.6,2926.4,4322.95,2866.6,3248.9,40,1,3248.7,72,4,3248.6,75,7,3248.5,29,3,3248.4,348,11,3249.0,63,3,3250.2,67,5,3250.3,175,1,3250.4,35,2,3250.5,350,2
11536,2025-12-30 11:40:32+05:30,3248.7,8,3249.36,626109,108240.0,118493.0,3250.0,3257.0,3239.8,3251.5,42383775,3576.6,2926.4,4322.95,2866.6,3248.9,40,1,3248.7,72,4,3248.6,75,7,3248.5,29,3,3248.4,348,11,3249.0,63,3,3250.2,67,5,3250.3,175,1,3250.4,35,2,3250.5,350,2
11536,2025-12-30 11:40:32+05:30,3248.7,8,3249.36,626391,107954.0,118573.0,3250.0,3257.0,3239.8,3251.5,42383775,3576.6,2926.4,4322.95,2866.6,3248.7,15,3,3248.6,30,5,3248.5,36,4,3248.4,199,11,3248.3,79,4,3248.9,64,4,3249.0,16,3,3249.1,1,1,3250.2,68,5,3250.3,175,1
11536,2025-12-30 11:40:33+05:30,3248.6,1,3249.36,626391,107954.0,118573.0,3250.0,3257.0,3239.8,3251.5,42383775,3576.6,2926.4,4322.95,2866.6,3248.7,15,3,3248.6,30,5,3248.5,36,4,3248.4,199,11,3248.3,79,4,3248.9,64,4,3249.0,16,3,3249.1,1,1,3250.2,68,5,3250.3,175,1
11536,2025-12-30 11:40:33+05:30,3248.6,14,3249.35,626577,104811.0,120120.0,3250.0,3257.0,3239.8,3251.5,42383775,3576.6,2926.4,4322.95,2866.6,3248.5,32,4,3248.4,51,5,3248.3,77,4,3248.2,113,6,3248.1,91,8,3248.6,13,2,3248.7,157,3,3248.9,14,4,3249.0,4,1,3249.1,1,1
11536,2025-12-30 11:40:34+05:30,3248.5,12,3249.35,626577,104811.0,120120.0,3250.0,3257.0,3239.8,3251.5,42383775,3576.6,2926.4,4322.95,2866.6,3248.5,32,4,3248.4,51,5,3248.3,77,4,3248.2,113,6,3248.1,91,8,3248.6,13,2,3248.7,157,3,3248.9,14,4,3249.0,4,1,3249.1,1,1
11536,2025-12-30 11:40:34+05:30,3248.5,2,3249.35,626726,104937.0,120612.0,3250.0,3257.0,3239.8,3251.5,42383775,3576.6,2926.4,4322.95,2866.6,3248.5,49,5,3248.4,51,5,3248.3,84,5,3248.2,117,6,3248.1,128,9,3248.6,22,6,3248.7,157,3,3248.9,5,2,3249.0,10,1,3249.1,1,1
11536,2025-12-30 11:40:35+05:30,3248.6,1,3249.35,626726,104937.0,120612.0,3250.0,3257.0,3239.8,3251.5,42383775,3576.6,2926.4,4322.95,2866.6,3248.5,49,5,3248.4,51,5,3248.3,84,5,3248.2,117,6,3248.1,128,9,3248.6,22,6,3248.7,157,3,3248.9,5,2,3249.0,10,1,3249.1,1,1
11536,2025-12-30 11:40:35+05:30,3248.5,1,3249.35,626858,106006.0,120260.0,3250.0,3257.0,3239.8,3251.5,42383775,3576.6,2926.4,4322.95,2866.6,3248.5,61,5,3248.4,26,4,3248.3,56,4,3248.2,142,7,3248.1,103,8,3248.6,14,6,3248.7,156,2,3249.0,35,2,3249.1,1,1,3249.9,5,2
11536,2025-12-30 11:40:36+05:30,3248.5,1,3249.35,626858,106006.0,120260.0,3250.0,3257.0,3239.8,3251.5,42383775,3576.6,2926.4,4322.95,2866.6,3248.5,61,5,3248.4,26,4,3248.3,56,4,3248.2,142,7,3248.1,103,8,3248.6,14,6,3248.7,156,2,3249.0,35,2,3249.1,1,1,3249.9,5,2
11536,2025-12-30 11:40:36+05:30,3248.5,11,3249.35,626931,106286.0,117996.0,3250.0,3257.0,3239.8,3251.5,42383775,3576.6,2926.4,4322.95,2866.6,3248.5,50,5,3248.4,26,4,3248.3,56,4,3248.2,142,7,3248.1,75,7,3248.6,48,9,3248.7,155,1,3249.0,35,2,3249.1,1,1,3249.9,5,2
11536,2025-12-30 11:40:37+05:30,3248.5,1,3249.35,626931,106286.0,117996.0,3250.0,3257.0,3239.8,3251.5,42383775,3576.6,2926.4,4322.95,2866.6,3248.5,50,5,3248.4,26,4,3248.3,56,4,3248.2,142,7,3248.1,75,7,3248.6,48,9,3248.7,155,1,3249.0,35,2,3249.1,1,1,3249.9,5,2
11536,2025-12-30 11:40:37+05:30,3248.4,1,3249.35,627037,106269.0,118401.0,3250.0,3257.0,3239.8,3251.5,42383775,3576.6,2926.4,4322.95,2866.6,3248.4,67,6,3248.3,27,2,3248.2,59,4,3248.1,82,8,3248.0,121,8,3248.5,12,4,3248.6,42,6,3248.7,155,1,3249.0,35,2,3249.1,1,1
11536,2025-12-30 11:40:38+05:30,3248.4,1,3249.35,627037,106269.0,118401.0,3250.0,3257.0,3239.8,3251.5,42383775,3576.6,2926.4,4322.95,2866.6,3248.4,67,6,3248.3,27,2,3248.2,59,4,3248.1,82,8,3248.0,121,8,3248.5,12,4,3248.6,42,6,3248.7,155,1,3249.0,35,2,3249.1,1,1
11536,2025-12-30 11:40:38+05:30,3248.4,18,3249.35,627093,106172.0,120662.0,3250.0,3257.0,3239.8,3251.5,42383775,3576.6,2926.4,4322.95,2866.6,3248.4,29,4,3248.3,62,4,3248.2,21,2,3248.1,60,7,3248.0,89,7,3248.5,17,8,3248.6,34,2,3248.7,155,1,3249.0,35,2,3249.1,1,1
11536,2025-12-30 11:40:39+05:30,3248.4,11,3249.35,627093,106172.0,120662.0,3250.0,3257.0,3239.8,3251.5,42383775,3576.6,2926.4,4322.95,2866.6,3248.4,29,4,3248.3,62,4,3248.2,21,2,3248.1,60,7,3248.0,89,7,3248.5,17,8,3248.6,34,2,3248.7,155,1,3249.0,35,2,3249.1,1,1
11536,2025-12-30 11:40:39+05:30,3248.4,5,3249.35,627183,106164.0,120764.0,3250.0,3257.0,3239.8,3251.5,42383775,3576.6,2926.4,4322.95,2866.6,3248.4,31,4,3248.3,62,4,3248.2,21,2,3248.1,56,7,3248.0,89,7,3248.5,8,6,3248.6,32,1,3248.7,155,1,3249.0,35,2,3249.1,1,1
11536,2025-12-30 11:40:40+05:30,3248.4,5,3249.35,627183,106164.0,120764.0,3250.0,3257.0,3239.8,3251.5,42383775,3576.6,2926.4,4322.95,2866.6,3248.4,31,4,3248.3,62,4,3248.2,21,2,3248.1,56,7,3248.0,89,7,3248.5,8,6,3248.6,32,1,3248.7,155,1,3249.0,35,2,3249.1,1,1
11536,2025-12-30 11:40:40+05:30,3248.4,3,3249.35,627197,106040.0,120861.0,3250.0,3257.0,3239.8,3251.5,42383775,3576.6,2926.4,4322.95,2866.6,3248.4,33,4,3248.3,50,4,3248.2,41,3,3248.1,92,8,3248.0,113,8,3248.5,7,4,3248.6,32,1,3248.7,155,1,3249.0,35,2,3249.1,1,1
11536,2025-12-30 11:40:41+05:30,3248.4,2,3249.35,627197,106040.0,120861.0,3250.0,3257.0,3239.8,3251.5,42383775,3576.6,2926.4,4322.95,2866.6,3248.4,33,4,3248.3,50,4,3248.2,41,3,3248.1,92,8,3248.0,113,8,3248.5,7,4,3248.6,32,1,3248.7,155,1,3249.0,35,2,3249.1,1,1
11536,2025-12-30 11:40:41+05:30,3248.5,4,3249.35,627242,105962.0,120811.0,3250.0,3257.0,3239.8,3251.5,42383775,3576.6,2926.4,4322.95,2866.6,3248.4,45,5,3248.3,35,3,3248.2,77,5,3248.1,57,7,3248.0,89,7,3248.6,32,1,3248.7,155,1,3249.0,35,2,3249.1,1,1,3249.9,52,4
11536,2025-12-30 11:40:42+05:30,3248.5,4,3249.35,627242,105962.0,120811.0,3250.0,3257.0,3239.8,3251.5,42383775,3576.6,2926.4,4322.95,2866.6,3248.4,45,5,3248.3,35,3,3248.2,77,5,3248.1,57,7,3248.0,89,7,3248.6,32,1,3248.7,155,1,3249.0,35,2,3249.1,1,1,3249.9,52,4
11536,2025-12-30 11:40:42+05:30,3248.6,4,3249.35,627246,106234.0,120979.0,3250.0,3257.0,3239.8,3251.5,42383775,3576.6,2926.4,4322.95,2866.6,3248.4,53,6,3248.3,27,2,3248.2,77,5,3248.1,93,8,3248.0,89,7,3248.6,33,5,3248.7,155,1,3249.0,35,2,3249.1,1,1,3249.9,52,4
11536,2025-12-30 11:40:43+05:30,3248.4,1,3249.35,627246,106234.0,120979.0,3250.0,3257.0,3239.8,3251.5,42383775,3576.6,2926.4,4322.95,2866.6,3248.4,53,6,3248.3,27,2,3248.2,77,5,3248.1,93,8,3248.0,89,7,3248.6,33,5,3248.7,155,1,3249.0,35,2,3249.1,1,1,3249.9,52,4
11536,2025-12-30 11:40:43+05:30,3248.4,8,3249.35,627261,106295.0,119928.0,3250.0,3257.0,3239.8,3251.5,42383775,3576.6,2926.4,4322.95,2866.6,3248.4,97,7,3248.3,27,2,3248.2,109,6,3248.1,57,7,3248.0,110,8,3248.6,32,5,3248.7,155,1,3249.0,35,2,3249.1,1,1,3249.9,52,4
11536,2025-12-30 11:40:44+05:30,3248.4,8,3249.35,627261,106295.0,119928.0,3250.0,3257.0,3239.8,3251.5,42383775,3576.6,2926.4,4322.95,2866.6,3248.4,97,7,3248.3,27,2,3248.2,109,6,3248.1,57,7,3248.0,110,8,3248.6,32,5,3248.7,155,1,3249.0,35,2,3249.1,1,1,3249.9,52,4
11536,2025-12-30 11:40:44+05:30,3248.5,7,3249.35,627424,106140.0,120394.0,3250.0,3257.0,3239.8,3251.5,42383775,3576.6,2926.4,4322.95,2866.6,3248.5,16,1,3248.4,107,7,3248.3,55,4,3248.2,113,6,3248.1,100,7,3248.6,40,7,3249.0,35,2,3249.1,1,1,3249.9,52,4,3250.0,26,3
11536,2025-12-30 11:40:45+05:30,3248.6,1,3249.35,627424,106140.0,120394.0,3250.0,3257.0,3239.8,3251.5,42383775,3576.6,2926.4,4322.95,2866.6,3248.5,16,1,3248.4,107,7,3248.3,55,4,3248.2,113,6,3248.1,100,7,3248.6,40,7,3249.0,35,2,3249.1,1,1,3249.9,52,4,3250.0,26,3
11536,2025-12-30 11:40:46+05:30,3248.5,10,3249.35,627543,106691.0,120811.0,3250.0,3257.0,3239.8,3251.5,42383775,3576.6,2926.4,4322.95,2866.6,3248.5,145,9,3248.4,111,7,3248.3,101,5,3248.2,134,7,3248.1,71,7,3249.0,39,3,3249.1,1,1,3249.9,3,1,3250.0,4,2,3250.2,60,3
11536,2025-12-30 11:40:46+05:30,3248.5,10,3249.35,627543,106691.0,120811.0,3250.0,3257.0,3239.8,3251.5,42383775,3576.6,2926.4,4322.95,2866.6,3248.5,145,9,3248.4,111,7,3248.3,101,5,3248.2,134,7,3248.1,71,7,3249.0,39,3,3249.1,1,1,3249.9,3,1,3250.0,4,2,3250.2,60,3
11536,2025-12-30 11:40:47+05:30,3248.8,18,3249.35,627570,107562.0,120497.0,3250.0,3257.0,3239.8,3251.5,42383775,3576.6,2926.4,4322.95,2866.6,3248.6,15,1,3248.5,72,4,3248.4,239,7,3248.3,101,5,3248.2,216,10,3248.8,8,1,3249.0,43,7,3249.1,1,1,3249.8,24,1,3249.9,17,2
11536,2025-12-30 11:40:47+05:30,3248.8,18,3249.35,627570,107562.0,120497.0,3250.0,3257.0,3239.8,3251.5,42383775,3576.6,2926.4,4322.95,2866.6,3248.6,15,1,3248.5,72,4,3248.4,239,7,3248.3,101,5,3248.2,216,10,3248.8,8,1,3249.0,43,7,3249.1,1,1,3249.8,24,1,3249.9,17,2
11536,2025-12-30 11:40:48+05:30,3248.6,15,3249.35,627585,106626.0,120551.0,3250.0,3257.0,3239.8,3251.5,42383775,3576.6,2926.4,4322.95,2866.6,3248.5,73,4,3248.4,83,6,3248.3,55,4,3248.2,367,10,3248.1,76,8,3248.6,4,1,3248.8,10,3,3249.0,39,6,3249.1,1,1,3249.8,24,1
11536,2025-12-30 11:40:48+05:30,3248.6,1,3249.35,627585,106626.0,120551.0,3250.0,3257.0,3239.8,3251.5,42383775,3576.6,2926.4,4322.95,2866.6,3248.5,73,4,3248.4,83,6,3248.3,55,4,3248.2,367,10,3248.1,76,8,3248.6,4,1,3248.8,10,3,3249.0,39,6,3249.1,1,1,3249.8,24,1
11536,2025-12-30 11:40:49+05:30,3248.5,3,3249.35,627685,106440.0,120412.0,3250.0,3257.0,3239.8,3251.5,42383775,3576.6,2926.4,4322.95,2866.6,3248.5,11,1,3248.4,105,9,3248.3,50,3,3248.2,233,6,3248.1,122,9,3248.6,7,5,3248.8,1,1,3249.0,35,3,3249.1,1,1,3249.8,24,1
11536,2025-12-30 11:40:49+05:30,3248.5,3,3249.35,627685,106440.0,120412.0,3250.0,3257.0,3239.8,3251.5,42383775,3576.6,2926.4,4322.95,2866.6,3248.5,11,1,3248.4,105,9,3248.3,50,3,3248.2,233,6,3248.1,122,9,3248.6,7,5,3248.8,1,1,3249.0,35,3,3249.1,1,1,3249.8,24,1
11536,2025-12-30 11:40:50+05:30,3248.5,9,3249.35,627696,106407.0,120612.0,3250.0,3257.0,3239.8,3251.5,42383775,3576.6,2926.4,4322.95,2866.6,3248.4,70,6,3248.3,27,2,3248.2,233,6,3248.1,79,8,3248.0,349,11,3248.5,6,3,3248.6,10,7,3248.8,1,1,3249.0,34,2,3249.1,1,1
11536,2025-12-30 11:40:50+05:30,3248.4,1,3249.35,627696,106407.0,120612.0,3250.0,3257.0,3239.8,3251.5,42383775,3576.6,2926.4,4322.95,2866.6,3248.4,70,6,3248.3,27,2,3248.2,233,6,3248.1,79,8,3248.0,349,11,3248.5,6,3,3248.6,10,7,3248.8,1,1,3249.0,34,2,3249.1,1,1
11536,2025-12-30 11:40:51+05:30,3248.4,2,3249.35,627784,106103.0,120737.0,3250.0,3257.0,3239.8,3251.5,42383775,3576.6,2926.4,4322.95,2866.6,3248.4,24,4,3248.3,27,2,3248.2,55,4,3248.1,69,7,3248.0,92,7,3248.5,24,6,3248.6,6,3,3249.0,34,2,3249.1,1,1,3249.8,23,1
11536,2025-12-30 11:40:51+05:30,3248.4,1,3249.35,627784,106103.0,120737.0,3250.0,3257.0,3239.8,3251.5,42383775,3576.6,2926.4,4322.95,2866.6,3248.4,24,4,3248.3,27,2,3248.2,55,4,3248.1,69,7,3248.0,92,7,3248.5,24,6,3248.6,6,3,3249.0,34,2,3249.1,1,1,3249.8,23,1
11536,2025-12-30 11:40:52+05:30,3248.4,2,3249.35,627815,105012.0,120907.0,3250.0,3257.0,3239.8,3251.5,42383775,3576.6,2926.4,4322.95,2866.6,3248.4,20,4,3248.3,27,2,3248.2,211,5,3248.1,139,9,3248.0,273,9,3248.5,22,6,3248.6,2,1,3249.0,34,2,3249.1,1,1,3249.8,23,1
11536,2025-12-30 11:40:52+05:30,3248.4,6,3249.35,627815,105012.0,120907.0,3250.0,3257.0,3239.8,3251.5,42383775,3576.6,2926.4,4322.95,2866.6,3248.4,20,4,3248.3,27,2,3248.2,211,5,3248.1,139,9,3248.0,273,9,3248.5,22,6,3248.6,2,1,3249.0,34,2,3249.1,1,1,3249.8,23,1
11536,2025-12-30 11:40:53+05:30,3248.4,10,3249.35,627951,106059.0,121115.0,3250.0,3257.0,3239.8,3251.5,42383775,3576.6,2926.4,4322.95,2866.6,3248.4,6,1,3248.3,46,3,3248.2,21,2,3248.1,57,7,3248.0,148,8,3248.5,56,12,3249.0,34,2,3249.1,1,1,3249.8,23,1,3249.9,25,4
11536,2025-12-30 11:40:53+05:30,3248.4,2,3249.35,627951,106059.0,121115.0,3250.0,3257.0,3239.8,3251.5,42383775,3576.6,2926.4,4322.95,2866.6,3248.4,6,1,3248.3,46,3,3248.2,21,2,3248.1,57,7,3248.0,148,8,3248.5,56,12,3249.0,34,2,3249.1,1,1,3249.8,23,1,3249.9,25,4
11536,2025-12-30 11:40:54+05:30,3248.4,3,3249.35,627951,106059.0,121115.0,3250.0,3257.0,3239.8,3251.5,42383775,3576.6,2926.4,4322.95,2866.6,3248.4,6,1,3248.3,46,3,3248.2,21,2,3248.1,57,7,3248.0,148,8,3248.5,56,12,3249.0,34,2,3249.1,1,1,3249.8,23,1,3249.9,25,4
11536,2025-12-30 11:40:54+05:30,3248.4,3,3249.35,627975,106036.0,121162.0,3250.0,3257.0,3239.8,3251.5,42383775,3576.6,2926.4,4322.95,2866.6,3248.4,34,2,3248.3,27,2,3248.2,57,4,3248.1,57,7,3248.0,125,8,3248.5,58,11,3249.0,34,2,3249.1,1,1,3249.8,23,1,3249.9,25,4
11536,2025-12-30 11:40:54+05:30,3248.4,3,3249.35,627975,106036.0,121162.0,3250.0,3257.0,3239.8,3251.5,42383775,3576.6,2926.4,4322.95,2866.6,3248.4,34,2,3248.3,27,2,3248.2,57,4,3248.1,57,7,3248.0,125,8,3248.5,58,11,3249.0,34,2,3249.1,1,1,3249.8,23,1,3249.9,25,4
11536,2025-12-30 11:40:55+05:30,3248.4,14,3249.35,627975,106036.0,121162.0,3250.0,3257.0,3239.8,3251.5,42383775,3576.6,2926.4,4322.95,2866.6,3248.4,34,2,3248.3,27,2,3248.2,57,4,3248.1,57,7,3248.0,125,8,3248.5,58,11,3249.0,34,2,3249.1,1,1,3249.8,23,1,3249.9,25,4
11536,2025-12-30 11:40:55+05:30,3248.4,14,3249.35,628048,105698.0,121152.0,3250.0,3257.0,3239.8,3251.5,42383775,3576.6,2926.4,4322.95,2866.6,3248.3,41,3,3248.2,37,3,3248.1,81,7,3248.0,176,9,3247.9,72,2,3248.4,4,1,3248.5,16,8,3249.0,34,2,3249.1,1,1,3249.8,23,1
11536,2025-12-30 11:40:55+05:30,3248.4,14,3249.35,628048,105698.0,121152.0,3250.0,3257.0,3239.8,3251.5,42383775,3576.6,2926.4,4322.95,2866.6,3248.3,41,3,3248.2,37,3,3248.1,81,7,3248.0,176,9,3247.9,72,2,3248.4,4,1,3248.5,16,8,3249.0,34,2,3249.1,1,1,3249.8,23,1
11536,2025-12-30 11:40:56+05:30,3248.3,12,3249.35,628048,105698.0,121152.0,3250.0,3257.0,3239.8,3251.5,42383775,3576.6,2926.4,4322.95,2866.6,3248.3,41,3,3248.2,37,3,3248.1,81,7,3248.0,176,9,3247.9,72,2,3248.4,4,1,3248.5,16,8,3249.0,34,2,3249.1,1,1,3249.8,23,1
11536,2025-12-30 11:40:56+05:30,3248.3,2,3249.35,628111,105840.0,120989.0,3250.0,3257.0,3239.8,3251.5,42383775,3576.6,2926.4,4322.95,2866.6,3248.3,165,9,3248.2,64,4,3248.1,125,9,3248.0,115,8,3247.9,72,2,3248.4,4,4,3248.5,10,3,3249.0,34,2,3249.1,1,1,3249.9,18,3
11536,2025-12-30 11:40:57+05:30,3248.3,2,3249.35,628111,105840.0,120989.0,3250.0,3257.0,3239.8,3251.5,42383775,3576.6,2926.4,4322.95,2866.6,3248.3,165,9,3248.2,64,4,3248.1,125,9,3248.0,115,8,3247.9,72,2,3248.4,4,4,3248.5,10,3,3249.0,34,2,3249.1,1,1,3249.9,18,3
11536,2025-12-30 11:40:57+05:30,3248.3,8,3249.35,628111,105840.0,120989.0,3250.0,3257.0,3239.8,3251.5,42383775,3576.6,2926.4,4322.95,2866.6,3248.3,165,9,3248.2,64,4,3248.1,125,9,3248.0,115,8,3247.9,72,2,3248.4,4,4,3248.5,10,3,3249.0,34,2,3249.1,1,1,3249.9,18,3
11536,2025-12-30 11:40:57+05:30,3248.3,1,3249.35,628208,105676.0,121137.0,3250.0,3257.0,3239.8,3251.5,42383775,3576.6,2926.4,4322.95,2866.6,3248.3,60,4,3248.2,51,4,3248.1,79,8,3248.0,184,10,3247.9,72,2,3248.4,10,7,3248.5,7,1,3249.0,34,2,3249.1,1,1,3249.9,18,3
11536,2025-12-30 11:40:57+05:30,3248.3,1,3249.35,628208,105676.0,121137.0,3250.0,3257.0,3239.8,3251.5,42383775,3576.6,2926.4,4322.95,2866.6,3248.3,60,4,3248.2,51,4,3248.1,79,8,3248.0,184,10,3247.9,72,2,3248.4,10,7,3248.5,7,1,3249.0,34,2,3249.1,1,1,3249.9,18,3
11536,2025-12-30 11:40:58+05:30,3248.3,2,3249.35,628208,105676.0,121137.0,3250.0,3257.0,3239.8,3251.5,42383775,3576.6,2926.4,4322.95,2866.6,3248.3,60,4,3248.2,51,4,3248.1,79,8,3248.0,184,10,3247.9,72,2,3248.4,10,7,3248.5,7,1,3249.0,34,2,3249.1,1,1,3249.9,18,3
11536,2025-12-30 11:40:58+05:30,3248.3,5,3249.35,628275,105675.0,121407.0,3250.0,3257.0,3239.8,3251.5,42383775,3576.6,2926.4,4322.95,2866.6,3248.3,58,5,3248.2,21,2,3248.1,74,8,3248.0,115,8,3247.9,118,3,3248.4,7,5,3248.5,7,1,3249.0,34,2,3249.1,1,1,3249.9,18,3
11536,2025-12-30 11:40:58+05:30,3248.3,5,3249.35,628275,105675.0,121407.0,3250.0,3257.0,3239.8,3251.5,42383775,3576.6,2926.4,4322.95,2866.6,3248.3,58,5,3248.2,21,2,3248.1,74,8,3248.0,115,8,3247.9,118,3,3248.4,7,5,3248.5,7,1,3249.0,34,2,3249.1,1,1,3249.9,18,3
11536,2025-12-30 11:40:59+05:30,3248.3,9,3249.35,628275,105675.0,121407.0,3250.0,3257.0,3239.8,3251.5,42383775,3576.6,2926.4,4322.95,2866.6,3248.3,58,5,3248.2,21,2,3248.1,74,8,3248.0,115,8,3247.9,118,3,3248.4,7,5,3248.5,7,1,3249.0,34,2,3249.1,1,1,3249.9,18,3
11536,2025-12-30 11:40:59+05:30,3248.4,1,3249.35,628304,105158.0,121693.0,3250.0,3257.0,3239.8,3251.5,42383775,3576.6,2926.4,4322.95,2866.6,3248.3,82,7,3248.2,61,4,3248.1,99,8,3248.0,136,8,3247.9,62,2,3248.4,8,7,3248.5,7,1,3249.0,34,2,3249.1,1,1,3249.6,3,1
11536,2025-12-30 11:40:59+05:30,3248.4,1,3249.35,628304,105158.0,121693.0,3250.0,3257.0,3239.8,3251.5,42383775,3576.6,2926.4,4322.95,2866.6,3248.3,82,7,3248.2,61,4,3248.1,99,8,3248.0,136,8,3247.9,62,2,3248.4,8,7,3248.5,7,1,3249.0,34,2,3249.1,1,1,3249.6,3,1
11536,2025-12-30 11:41:00+05:30,3248.3,8,3249.35,628304,105158.0,121693.0,3250.0,3257.0,3239.8,3251.5,42383775,3576.6,2926.4,4322.95,2866.6,3248.3,82,7,3248.2,61,4,3248.1,99,8,3248.0,136,8,3247.9,62,2,3248.4,8,7,3248.5,7,1,3249.0,34,2,3249.1,1,1,3249.6,3,1
11536,2025-12-30 11:41:00+05:30,3248.5,7,3249.35,628366,106265.0,121622.0,3250.0,3257.0,3239.8,3251.5,42383775,3576.6,2926.4,4322.95,2866.6,3248.4,115,7,3248.3,193,7,3248.2,301,9,3248.1,65,8,3248.0,681,15,3249.0,34,2,3249.1,1,1,3249.9,3,1,3250.0,3,1,3250.2,7,2
11536,2025-12-30 11:41:00+05:30,3248.5,7,3249.35,628366,106265.0,121622.0,3250.0,3257.0,3239.8,3251.5,42383775,3576.6,2926.4,4322.95,2866.6,3248.4,115,7,3248.3,193,7,3248.2,301,9,3248.1,65,8,3248.0,681,15,3249.0,34,2,3249.1,1,1,3249.9,3,1,3250.0,3,1,3250.2,7,2
11536,2025-12-30 11:41:01+05:30,3250.3,22,3249.35,628366,106265.0,121622.0,3250.0,3257.0,3239.8,3251.5,42383775,3576.6,2926.4,4322.95,2866.6,3248.4,115,7,3248.3,193,7,3248.2,301,9,3248.1,65,8,3248.0,681,15,3249.0,34,2,3249.1,1,1,3249.9,3,1,3250.0,3,1,3250.2,7,2
11536,2025-12-30 11:41:01+05:30,3250.3,22,3249.35,628366,106265.0,121622.0,3250.0,3257.0,3239.8,3251.5,42383775,3576.6,2926.4,4322.95,2866.6,3248.4,115,7,3248.3,193,7,3248.2,301,9,3248.1,65,8,3248.0,681,15,3249.0,34,2,3249.1,1,1,3249.9,3,1,3250.0,3,1,3250.2,7,2
11536,2025-12-30 11:41:01+05:30,3250.3,22,3249.35,628464,108638.0,120621.0,3250.0,3257.0,3239.8,3251.5,42383775,3576.6,2926.4,4322.95,2866.6,3249.1,18,3,3248.8,180,3,3248.7,11,2,3248.6,272,5,3248.5,407,7,3250.2,36,3,3250.3,185,2,3250.4,23,1,3250.5,363,3,3250.6,42,2
11536,2025-12-30 11:41:02+05:30,3250.3,22,3249.35,628464,108638.0,120621.0,3250.0,3257.0,3239.8,3251.5,42383775,3576.6,2926.4,4322.95,2866.6,3249.1,18,3,3248.8,180,3,3248.7,11,2,3248.6,272,5,3248.5,407,7,3250.2,36,3,3250.3,185,2,3250.4,23,1,3250.5,363,3,3250.6,42,2
11536,2025-12-30 11:41:02+05:30,3250.3,22,3249.35,628464,108857.0,120740.0,3250.0,3257.0,3239.8,3251.5,42383775,3576.6,2926.4,4322.95,2866.6,3249.1,62,5,3248.8,180,3,3248.7,11,2,3248.6,226,4,3248.5,491,9,3250.2,55,7,3250.3,215,4,3250.4,23,1,3250.5,350,2,3250.6,55,3
11536,2025-12-30 11:41:02+05:30,3250.3,22,3249.35,628464,108857.0,120740.0,3250.0,3257.0,3239.8,3251.5,42383775,3576.6,2926.4,4322.95,2866.6,3249.1,62,5,3248.8,180,3,3248.7,11,2,3248.6,226,4,3248.5,491,9,3250.2,55,7,3250.3,215,4,3250.4,23,1,3250.5,350,2,3250.6,55,3
11536,2025-12-30 11:41:03+05:30,3250.3,22,3249.35,628464,108857.0,120740.0,3250.0,3257.0,3239.8,3251.5,42383775,3576.6,2926.4,4322.95,2866.6,3249.1,62,5,3248.8,180,3,3248.7,11,2,3248.6,226,4,3248.5,491,9,3250.2,55,7,3250.3,215,4,3250.4,23,1,3250.5,350,2,3250.6,55,3
11536,2025-12-30 11:41:03+05:30,3250.3,22,3249.35,628464,108892.0,120749.0,3250.0,3257.0,3239.8,3251.5,42383775,3576.6,2926.4,4322.95,2866.6,3249.1,68,6,3248.8,193,4,3248.7,11,2,3248.6,589,7,3248.5,151,8,3250.2,51,6,3250.3,215,4,3250.4,23,1,3250.5,350,2,3250.6,55,3
11536,2025-12-30 11:41:04+05:30,3250.2,1,3249.35,628464,108892.0,120749.0,3250.0,3257.0,3239.8,3251.5,42383775,3576.6,2926.4,4322.95,2866.6,3249.1,68,6,3248.8,193,4,3248.7,11,2,3248.6,589,7,3248.5,151,8,3250.2,51,6,3250.3,215,4,3250.4,23,1,3250.5,350,2,3250.6,55,3
11536,2025-12-30 11:41:04+05:30,3250.1,1,3249.35,628496,107505.0,120813.0,3250.0,3257.0,3239.8,3251.5,42383775,3576.6,2926.4,4322.95,2866.6,3249.2,10,1,3249.1,28,3,3248.8,193,4,3248.7,8,1,3248.6,243,5,3250.1,43,5,3250.2,3,2,3250.3,188,2,3250.4,19,1,3250.5,353,3
11536,2025-12-30 11:41:04+05:30,3250.1,1,3249.35,628496,107505.0,120813.0,3250.0,3257.0,3239.8,3251.5,42383775,3576.6,2926.4,4322.95,2866.6,3249.2,10,1,3249.1,28,3,3248.8,193,4,3248.7,8,1,3248.6,243,5,3250.1,43,5,3250.2,3,2,3250.3,188,2,3250.4,19,1,3250.5,353,3
11536,2025-12-30 11:41:05+05:30,3250.1,1,3249.35,628496,107505.0,120813.0,3250.0,3257.0,3239.8,3251.5,42383775,3576.6,2926.4,4322.95,2866.6,3249.2,10,1,3249.1,28,3,3248.8,193,4,3248.7,8,1,3248.6,243,5,3250.1,43,5,3250.2,3,2,3250.3,188,2,3250.4,19,1,3250.5,353,3
11536,2025-12-30 11:41:05+05:30,3250.1,1,3249.35,628512,108970.0,120999.0,3250.0,3257.0,3239.8,3251.5,42383775,3576.6,2926.4,4322.95,2866.6,3249.2,58,3,3249.1,28,3,3248.9,21,1,3248.8,194,5,3248.7,31,2,3250.1,25,5,3250.2,13,1,3250.3,175,1,3250.4,13,1,3250.5,353,3
11536,2025-12-30 11:41:06+05:30,3249.2,9,3249.35,628512,108970.0,120999.0,3250.0,3257.0,3239.8,3251.5,42383775,3576.6,2926.4,4322.95,2866.6,3249.2,58,3,3249.1,28,3,3248.9,21,1,3248.8,194,5,3248.7,31,2,3250.1,25,5,3250.2,13,1,3250.3,175,1,3250.4,13,1,3250.5,353,3
11536,2025-12-30 11:41:06+05:30,3249.2,9,3249.35,628512,108970.0,120999.0,3250.0,3257.0,3239.8,3251.5,42383775,3576.6,2926.4,4322.95,2866.6,3249.2,58,3,3249.1,28,3,3248.9,21,1,3248.8,194,5,3248.7,31,2,3250.1,25,5,3250.2,13,1,3250.3,175,1,3250.4,13,1,3250.5,353,3
11536,2025-12-30 11:41:06+05:30,3249.2,9,3249.35,628648,108648.0,122377.0,3250.0,3257.0,3239.8,3251.5,42383775,3576.6,2926.4,4322.95,2866.6,3249.1,28,3,3248.8,14,2,3248.7,29,1,3248.6,203,4,3248.5,86,6,3249.2,48,1,3250.0,23,1,3250.1,14,6,3250.2,18,2,3250.3,199,3
11536,2025-12-30 11:41:07+05:30,3248.8,5,3249.35,628648,108648.0,122377.0,3250.0,3257.0,3239.8,3251.5,42383775,3576.6,2926.4,4322.95,2866.6,3249.1,28,3,3248.8,14,2,3248.7,29,1,3248.6,203,4,3248.5,86,6,3249.2,48,1,3250.0,23,1,3250.1,14,6,3250.2,18,2,3250.3,199,3
11536,2025-12-30 11:41:07+05:30,3248.8,5,3249.35,628648,108648.0,122377.0,3250.0,3257.0,3239.8,3251.5,42383775,3576.6,2926.4,4322.95,2866.6,3249.1,28,3,3248.8,14,2,3248.7,29,1,3248.6,203,4,3248.5,86,6,3249.2,48,1,3250.0,23,1,3250.1,14,6,3250.2,18,2,3250.3,199,3
11536,2025-12-30 11:41:08+05:30,3248.8,3,3249.35,628648,108648.0,122377.0,3250.0,3257.0,3239.8,3251.5,42383775,3576.6,2926.4,4322.95,2866.6,3249.1,28,3,3248.8,14,2,3248.7,29,1,3248.6,203,4,3248.5,86,6,3249.2,48,1,3250.0,23,1,3250.1,14,6,3250.2,18,2,3250.3,199,3
11536,2025-12-30 11:41:08+05:30,3248.8,25,3249.35,628777,107429.0,122939.0,3250.0,3257.0,3239.8,3251.5,42383775,3576.6,2926.4,4322.95,2866.6,3248.8,13,1,3248.6,26,2,3248.5,12,2,3248.4,21,1,3248.3,57,4,3249.1,8,5,3249.2,49,2,3249.9,45,3,3250.0,16,2,3250.1,177,3
11536,2025-12-30 11:41:09+05:30,3249.1,1,3249.35,628777,107429.0,122939.0,3250.0,3257.0,3239.8,3251.5,42383775,3576.6,2926.4,4322.95,2866.6,3248.8,13,1,3248.6,26,2,3248.5,12,2,3248.4,21,1,3248.3,57,4,3249.1,8,5,3249.2,49,2,3249.9,45,3,3250.0,16,2,3250.1,177,3
11536,2025-12-30 11:41:09+05:30,3249.1,1,3249.35,628777,107429.0,122939.0,3250.0,3257.0,3239.8,3251.5,42383775,3576.6,2926.4,4322.95,2866.6,3248.8,13,1,3248.6,26,2,3248.5,12,2,3248.4,21,1,3248.3,57,4,3249.1,8,5,3249.2,49,2,3249.9,45,3,3250.0,16,2,3250.1,177,3
11536,2025-12-30 11:41:09+05:30,3248.8,19,3249.35,628857,106331.0,122818.0,3250.0,3257.0,3239.8,3251.5,42383775,3576.6,2926.4,4322.95,2866.6,3248.8,13,1,3248.6,26,2,3248.5,12,2,3248.4,21,1,3248.3,27,3,3249.2,49,2,3249.8,23,1,3249.9,22,2,3250.0,17,3,3250.1,175,1
11536,2025-12-30 11:41:10+05:30,3248.8,19,3249.35,628857,106331.0,122818.0,3250.0,3257.0,3239.8,3251.5,42383775,3576.6,2926.4,4322.95,2866.6,3248.8,13,1,3248.6,26,2,3248.5,12,2,3248.4,21,1,3248.3,27,3,3249.2,49,2,3249.8,23,1,3249.9,22,2,3250.0,17,3,3250.1,175,1
11536,2025-12-30 11:41:10+05:30,3249.2,1,3249.35,628858,107830.0,123066.0,3250.0,3257.0,3239.8,3251.5,42383775,3576.6,2926.4,4322.95,2866.6,3248.8,13,1,3248.6,26,2,3248.5,12,2,3248.4,21,1,3248.3,50,4,3249.2,51,4,3249.8,24,1,3249.9,3,1,3250.0,17,3,3250.1,175,1
11536,2025-12-30 11:41:10+05:30,3249.2,1,3249.35,628858,107830.0,123066.0,3250.0,3257.0,3239.8,3251.5,42383775,3576.6,2926.4,4322.95,2866.6,3248.8,13,1,3248.6,26,2,3248.5,12,2,3248.4,21,1,3248.3,50,4,3249.2,51,4,3249.8,24,1,3249.9,3,1,3250.0,17,3,3250.1,175,1
11536,2025-12-30 11:41:11+05:30,3248.8,17,3249.35,628858,107830.0,123066.0,3250.0,3257.0,3239.8,3251.5,42383775,3576.6,2926.4,4322.95,2866.6,3248.8,13,1,3248.6,26,2,3248.5,12,2,3248.4,21,1,3248.3,50,4,3249.2,51,4,3249.8,24,1,3249.9,3,1,3250.0,17,3,3250.1,175,1
11536,2025-12-30 11:41:11+05:30,3248.8,17,3249.35,628875,107710.0,122883.0,3250.0,3257.0,3239.8,3251.5,42383775,3576.6,2926.4,4322.95,2866.6,3248.6,39,3,3248.5,40,4,3248.4,40,2,3248.3,51,4,3248.2,290,8,3248.8,3,3,3249.2,49,3,3249.8,24,1,3249.9,5,2,3250.0,17,3
11536,2025-12-30 11:41:12+05:30,3248.6,6,3249.35,628875,107710.0,122883.0,3250.0,3257.0,3239.8,3251.5,42383775,3576.6,2926.4,4322.95,2866.6,3248.6,39,3,3248.5,40,4,3248.4,40,2,3248.3,51,4,3248.2,290,8,3248.8,3,3,3249.2,49,3,3249.8,24,1,3249.9,5,2,3250.0,17,3
11536,2025-12-30 11:41:12+05:30,3248.6,6,3249.35,628881,107639.0,123102.0,3250.0,3257.0,3239.8,3251.5,42383775,3576.6,2926.4,4322.95,2866.6,3248.6,91,5,3248.5,40,4,3248.4,46,3,3248.3,50,4,3248.2,140,8,3248.8,5,5,3249.2,48,2,3249.8,24,1,3249.9,5,2,3250.0,17,3
11536,2025-12-30 11:41:12+05:30,3248.6,6,3249.35,628881,107639.0,123102.0,3250.0,3257.0,3239.8,3251.5,42423850,3576.6,2926.4,4322.95,2866.6,3248.6,91,5,3248.5,40,4,3248.4,46,3,3248.3,50,4,3248.2,140,8,3248.8,5,5,3249.2,48,2,3249.8,24,1,3249.9,5,2,3250.0,17,3
11536,2025-12-30 11:41:13+05:30,3248.6,1,3249.35,628881,107639.0,123102.0,3250.0,3257.0,3239.8,3251.5,42423850,3576.6,2926.4,4322.95,2866.6,3248.6,91,5,3248.5,40,4,3248.4,46,3,3248.3,50,4,3248.2,140,8,3248.8,5,5,3249.2,48,2,3249.8,24,1,3249.9,5,2,3250.0,17,3
11536,2025-12-30 11:41:13+05:30,3248.6,4,3249.35,628900,106973.0,123055.0,3250.0,3257.0,3239.8,3251.5,42423850,3576.6,2926.4,4322.95,2866.6,3248.6,75,4,3248.5,12,2,3248.4,19,1,3248.3,48,4,3248.2,104,6,3248.8,42,7,3249.2,46,1,3249.7,3,1,3249.8,27,2,3249.9,5,2
11536,2025-12-30 11:41:14+05:30,3248.6,2,3249.35,628900,106973.0,123055.0,3250.0,3257.0,3239.8,3251.5,42423850,3576.6,2926.4,4322.95,2866.6,3248.6,75,4,3248.5,12,2,3248.4,19,1,3248.3,48,4,3248.2,104,6,3248.8,42,7,3249.2,46,1,3249.7,3,1,3249.8,27,2,3249.9,5,2
11536,2025-12-30 11:41:14+05:30,3248.6,1,3249.35,628904,107008.0,123151.0,3250.0,3257.0,3239.8,3251.5,42423850,3576.6,2926.4,4322.95,2866.6,3248.6,70,3,3248.5,40,4,3248.3,48,4,3248.2,88,6,3248.1,145,9,3248.8,42,7,3249.2,46,1,3249.7,3,1,3249.8,27,2,3249.9,5,2
11536,2025-12-30 11:41:14+05:30,3248.6,1,3249.35,628904,107008.0,123151.0,3250.0,3257.0,3239.8,3251.5,42423850,3576.6,2926.4,4322.95,2866.6,3248.6,70,3,3248.5,40,4,3248.3,48,4,3248.2,88,6,3248.1,145,9,3248.8,42,7,3249.2,46,1,3249.7,3,1,3249.8,27,2,3249.9,5,2
11536,2025-12-30 11:41:15+05:30,3248.8,1,3249.35,628904,107008.0,123151.0,3250.0,3257.0,3239.8,3251.5,42423850,3576.6,2926.4,4322.95,2866.6,3248.6,70,3,3248.5,40,4,3248.3,48,4,3248.2,88,6,3248.1,145,9,3248.8,42,7,3249.2,46,1,3249.7,3,1,3249.8,27,2,3249.9,5,2
11536,2025-12-30 11:41:15+05:30,3248.6,1,3249.35,628910,107000.0,121766.0,3250.0,3257.0,3239.8,3251.5,42423850,3576.6,2926.4,4322.95,2866.6,3248.6,114,4,3248.5,40,4,3248.3,48,4,3248.2,88,6,3248.1,75,7,3248.8,56,8,3249.2,46,1,3249.6,24,1,3249.7,3,1,3249.8,3,1
11536,2025-12-30 11:41:16+05:30,3248.6,1,3249.35,628910,107000.0,121766.0,3250.0,3257.0,3239.8,3251.5,42423850,3576.6,2926.4,4322.95,2866.6,3248.6,114,4,3248.5,40,4,3248.3,48,4,3248.2,88,6,3248.1,75,7,3248.8,56,8,3249.2,46,1,3249.6,24,1,3249.7,3,1,3249.8,3,1
11536,2025-12-30 11:41:16+05:30,3248.6,3,3249.35,628916,107898.0,123513.0,3250.0,3257.0,3239.8,3251.5,42423850,3576.6,2926.4,4322.95,2866.6,3248.6,119,5,3248.5,30,3,3248.3,48,4,3248.2,88,6,3248.1,75,7,3248.8,53,6,3249.2,46,1,3249.6,24,1,3249.7,3,1,3249.8,3,1
11536,2025-12-30 11:41:17+05:30,3248.6,1,3249.35,628916,107898.0,123513.0,3250.0,3257.0,3239.8,3251.5,42423850,3576.6,2926.4,4322.95,2866.6,3248.6,119,5,3248.5,30,3,3248.3,48,4,3248.2,88,6,3248.1,75,7,3248.8,53,6,3249.2,46,1,3249.6,24,1,3249.7,3,1,3249.8,3,1
11536,2025-12-30 11:41:17+05:30,3248.6,1,3249.35,629006,107191.0,123528.0,3250.0,3257.0,3239.8,3251.5,42423850,3576.6,2926.4,4322.95,2866.6,3248.6,55,4,3248.5,30,3,3248.3,48,4,3248.2,88,6,3248.1,75,7,3248.8,58,8,3249.2,46,1,3249.6,24,1,3249.7,3,1,3249.8,3,1
11536,2025-12-30 11:41:18+05:30,3248.6,1,3249.35,629006,107191.0,123528.0,3250.0,3257.0,3239.8,3251.5,42423850,3576.6,2926.4,4322.95,2866.6,3248.6,55,4,3248.5,30,3,3248.3,48,4,3248.2,88,6,3248.1,75,7,3248.8,58,8,3249.2,46,1,3249.6,24,1,3249.7,3,1,3249.8,3,1
11536,2025-12-30 11:41:18+05:30,3248.6,1,3249.35,629053,107100.0,123093.0,3250.0,3257.0,3239.8,3251.5,42423850,3576.6,2926.4,4322.95,2866.6,3248.7,10,1,3248.6,25,2,3248.5,12,2,3248.3,27,3,3248.2,177,3,3248.8,61,10,3249.4,24,1,3249.5,3,1,3249.6,3,1,3249.7,3,1
11536,2025-12-30 11:41:19+05:30,3248.7,26,3249.35,629053,107100.0,123093.0,3250.0,3257.0,3239.8,3251.5,42423850,3576.6,2926.4,4322.95,2866.6,3248.7,10,1,3248.6,25,2,3248.5,12,2,3248.3,27,3,3248.2,177,3,3248.8,61,10,3249.4,24,1,3249.5,3,1,3249.6,3,1,3249.7,3,1
11536,2025-12-30 11:41:19+05:30,3248.7,26,3249.35,629082,106819.0,121095.0,3250.0,3257.0,3239.8,3251.5,42423850,3576.6,2926.4,4322.95,2866.6,3248.7,10,1,3248.6,25,2,3248.5,12,2,3248.3,27,3,3248.2,21,2,3248.8,59,10,3249.1,24,1,3249.4,21,1,3249.5,29,2,3249.6,21,2
11536,2025-12-30 11:41:20+05:30,3248.7,13,3249.35,629082,106819.0,121095.0,3250.0,3257.0,3239.8,3251.5,42423850,3576.6,2926.4,4322.95,2866.6,3248.7,10,1,3248.6,25,2,3248.5,12,2,3248.3,27,3,3248.2,21,2,3248.8,59,10,3249.1,24,1,3249.4,21,1,3249.5,29,2,3249.6,21,2
11536,2025-12-30 11:41:20+05:30,3248.8,1,3249.35,629112,106712.0,123201.0,3250.0,3257.0,3239.8,3251.5,42423850,3576.6,2926.4,4322.95,2866.6,3248.7,10,1,3248.6,26,3,3248.5,12,2,3248.3,27,3,3248.2,21,2,3248.8,57,11,3249.3,22,1,3249.4,21,1,3249.5,29,2,3249.6,21,2
11536,2025-12-30 11:41:21+05:30,3248.7,7,3249.35,629112,106712.0,123201.0,3250.0,3257.0,3239.8,3251.5,42423850,3576.6,2926.4,4322.95,2866.6,3248.7,10,1,3248.6,26,3,3248.5,12,2,3248.3,27,3,3248.2,21,2,3248.8,57,11,3249.3,22,1,3249.4,21,1,3249.5,29,2,3249.6,21,2
11536,2025-12-30 11:41:21+05:30,3248.7,8,3249.35,629129,106710.0,123210.0,3250.0,3257.0,3239.8,3251.5,42423850,3576.6,2926.4,4322.95,2866.6,3248.7,8,1,3248.6,26,3,3248.5,12,2,3248.3,27,3,3248.2,21,2,3248.8,56,11,3249.3,22,1,3249.4,21,1,3249.5,29,2,3249.6,21,2
11536,2025-12-30 11:41:22+05:30,3248.7,1,3249.35,629129,106710.0,123210.0,3250.0,3257.0,3239.8,3251.5,42423850,3576.6,2926.4,4322.95,2866.6,3248.7,8,1,3248.6,26,3,3248.5,12,2,3248.3,27,3,3248.2,21,2,3248.8,56,11,3249.3,22,1,3249.4,21,1,3249.5,29,2,3249.6,21,2
11536,2025-12-30 11:41:22+05:30,3248.7,7,3249.35,629138,106739.0,123225.0,3250.0,3257.0,3239.8,3251.5,42423850,3576.6,2926.4,4322.95,2866.6,3248.6,26,3,3248.5,12,2,3248.3,27,3,3248.2,21,2,3248.1,35,5,3248.7,1,1,3248.8,54,10,3249.2,22,1,3249.3,17,1,3249.4,21,1
11536,2025-12-30 11:41:23+05:30,3248.6,1,3249.35,629138,106739.0,123225.0,3250.0,3257.0,3239.8,3251.5,42423850,3576.6,2926.4,4322.95,2866.6,3248.6,26,3,3248.5,12,2,3248.3,27,3,3248.2,21,2,3248.1,35,5,3248.7,1,1,3248.8,54,10,3249.2,22,1,3249.3,17,1,3249.4,21,1
11536,2025-12-30 11:41:23+05:30,3248.6,2,3249.35,629148,106809.0,123768.0,3250.0,3257.0,3239.8,3251.5,42423850,3576.6,2926.4,4322.95,2866.6,3248.6,25,3,3248.5,12,2,3248.3,27,3,3248.2,21,2,3248.1,29,4,3248.7,72,10,3248.8,3,3,3249.2,22,1,3249.4,21,1,3249.5,29,2
11536,2025-12-30 11:41:24+05:30,3249.5,24,3249.35,629148,106809.0,123768.0,3250.0,3257.0,3239.8,3251.5,42423850,3576.6,2926.4,4322.95,2866.6,3248.6,25,3,3248.5,12,2,3248.3,27,3,3248.2,21,2,3248.1,29,4,3248.7,72,10,3248.8,3,3,3249.2,22,1,3249.4,21,1,3249.5,29,2
11536,2025-12-30 11:41:24+05:30,3249.5,24,3249.35,629306,107044.0,123627.0,3250.0,3257.0,3239.8,3251.5,42423850,3576.6,2926.4,4322.95,2866.6,3248.6,21,3,3248.5,12,2,3248.3,27,3,3248.2,198,4,3248.1,14,3,3249.4,40,3,3249.5,8,2,3249.6,65,4,3249.7,22,2,3249.8,58,4
11536,2025-12-30 11:41:25+05:30,3249.4,1,3249.35,629306,107044.0,123627.0,3250.0,3257.0,3239.8,3251.5,42423850,3576.6,2926.4,4322.95,2866.6,3248.6,21,3,3248.5,12,2,3248.3,27,3,3248.2,198,4,3248.1,14,3,3249.4,40,3,3249.5,8,2,3249.6,65,4,3249.7,22,2,3249.8,58,4
11536,2025-12-30 11:41:25+05:30,3249.4,1,3249.35,629307,106109.0,123802.0,3250.0,3257.0,3239.8,3251.5,42423850,3576.6,2926.4,4322.95,2866.6,3248.6,21,3,3248.5,12,2,3248.3,27,3,3248.2,198,4,3248.1,14,3,3249.4,40,4,3249.5,8,2,3249.6,65,4,3249.7,22,2,3249.8,58,4
11536,2025-12-30 11:41:26+05:30,3248.6,26,3249.35,629307,106109.0,123802.0,3250.0,3257.0,3239.8,3251.5,42423850,3576.6,2926.4,4322.95,2866.6,3248.6,21,3,3248.5,12,2,3248.3,27,3,3248.2,198,4,3248.1,14,3,3249.4,40,4,3249.5,8,2,3249.6,65,4,3249.7,22,2,3249.8,58,4
11536,2025-12-30 11:41:26+05:30,3248.6,26,3249.35,629354,107059.0,123899.0,3250.0,3257.0,3239.8,3251.5,42423850,3576.6,2926.4,4322.95,2866.6,3248.6,44,3,3248.5,12,2,3248.3,27,3,3248.2,198,4,3248.1,14,3,3249.4,24,3,3249.5,3,1,3249.6,52,3,3249.7,21,1,3249.8,59,5
11536,2025-12-30 11:41:27+05:30,3248.6,5,3249.35,629354,107059.0,123899.0,3250.0,3257.0,3239.8,3251.5,42423850,3576.6,2926.4,4322.95,2866.6,3248.6,44,3,3248.5,12,2,3248.3,27,3,3248.2,198,4,3248.1,14,3,3249.4,24,3,3249.5,3,1,3249.6,52,3,3249.7,21,1,3249.8,59,5
11536,2025-12-30 11:41:27+05:30,3248.6,5,3249.35,629455,107028.0,123900.0,3250.0,3257.0,3239.8,3251.5,42423850,3576.6,2926.4,4322.95,2866.6,3248.6,31,3,3248.5,12,2,3248.3,27,3,3248.2,198,4,3248.1,52,4,3249.4,34,5,3249.5,11,1,3249.6,52,3,3249.7,21,1,3249.8,59,5
11536,2025-12-30 11:41:28+05:30,3248.6,3,3249.35,629455,107028.0,123900.0,3250.0,3257.0,3239.8,3251.5,42423850,3576.6,2926.4,4322.95,2866.6,3248.6,31,3,3248.5,12,2,3248.3,27,3,3248.2,198,4,3248.1,52,4,3249.4,34,5,3249.5,11,1,3249.6,52,3,3249.7,21,1,3249.8,59,5
11536,2025-12-30 11:41:28+05:30,3248.6,5,3249.35,629472,107032.0,123950.0,3250.0,3257.0,3239.8,3251.5,42423850,3576.6,2926.4,4322.95,2866.6,3248.6,67,3,3248.5,22,3,3248.3,27,3,3248.2,198,4,3248.1,14,3,3249.4,38,7,3249.5,21,2,3249.6,42,2,3249.7,24,2,3249.8,234,6
11536,2025-12-30 11:41:29+05:30,3248.6,5,3249.35,629472,107032.0,123950.0,3250.0,3257.0,3239.8,3251.5,42423850,3576.6,2926.4,4322.95,2866.6,3248.6,67,3,3248.5,22,3,3248.3,27,3,3248.2,198,4,3248.1,14,3,3249.4,38,7,3249.5,21,2,3249.6,42,2,3249.7,24,2,3249.8,234,6
11536,2025-12-30 11:41:29+05:30,3248.6,7,3249.35,629509,107053.0,123959.0,3250.0,3257.0,3239.8,3251.5,42423850,3576.6,2926.4,4322.95,2866.6,3248.6,86,4,3248.5,22,3,3248.3,27,3,3248.2,198,4,3248.1,14,3,3249.4,30,9,3249.5,21,2,3249.6,42,2,3249.7,24,2,3249.8,234,6
11536,2025-12-30 11:41:30+05:30,3248.6,1,3249.35,629509,107053.0,123959.0,3250.0,3257.0,3239.8,3251.5,42423850,3576.6,2926.4,4322.95,2866.6,3248.6,86,4,3248.5,22,3,3248.3,27,3,3248.2,198,4,3248.1,14,3,3249.4,30,9,3249.5,21,2,3249.6,42,2,3249.7,24,2,3249.8,234,6
11536,2025-12-30 11:41:30+05:30,3248.6,3,3249.35,629530,107023.0,123957.0,3250.0,3257.0,3239.8,3251.5,42423850,3576.6,2926.4,4322.95,2866.6,3248.6,75,4,3248.5,12,2,3248.3,27,3,3248.2,198,4,3248.1,14,3,3249.3,21,1,3249.4,7,7,3249.5,21,2,3249.6,42,2,3249.7,25,3
11536,2025-12-30 11:41:31+05:30,3248.6,3,3249.35,629530,107023.0,123957.0,3250.0,3257.0,3239.8,3251.5,42423850,3576.6,2926.4,4322.95,2866.6,3248.6,75,4,3248.5,12,2,3248.3,27,3,3248.2,198,4,3248.1,14,3,3249.3,21,1,3249.4,7,7,3249.5,21,2,3249.6,42,2,3249.7,25,3
11536,2025-12-30 11:41:31+05:30,3248.6,2,3249.35,629544,105610.0,123601.0,3250.0,3257.0,3239.8,3251.5,42423850,3576.6,2926.4,4322.95,2866.6,3248.6,62,3,3248.5,12,2,3248.3,27,3,3248.2,198,4,3248.1,14,3,3249.3,22,3,3249.4,4,4,3249.5,38,3,3249.6,21,1,3249.7,25,3
11536,2025-12-30 11:41:32+05:30,3248.6,2,3249.35,629544,105610.0,123601.0,3250.0,3257.0,3239.8,3251.5,42423850,3576.6,2926.4,4322.95,2866.6,3248.6,62,3,3248.5,12,2,3248.3,27,3,3248.2,198,4,3248.1,14,3,3249.3,22,3,3249.4,4,4,3249.5,38,3,3249.6,21,1,3249.7,25,3
11536,2025-12-30 11:41:32+05:30,3248.7,6,3249.35,629556,106852.0,123340.0,3250.0,3257.0,3239.8,3251.5,42423850,3576.6,2926.4,4322.95,2866.6,3248.7,10,1,3248.6,52,2,3248.5,12,2,3248.3,27,3,3248.2,42,3,3249.3,25,6,3249.4,18,2,3249.5,21,2,3249.6,38,2,3249.7,25,3
11536,2025-12-30 11:41:33+05:30,3249.3,1,3249.35,629556,106852.0,123340.0,3250.0,3257.0,3239.8,3251.5,42423850,3576.6,2926.4,4322.95,2866.6,3248.7,10,1,3248.6,52,2,3248.5,12,2,3248.3,27,3,3248.2,42,3,3249.3,25,6,3249.4,18,2,3249.5,21,2,3249.6,38,2,3249.7,25,3
11536,2025-12-30 11:41:33+05:30,3248.7,2,3249.35,629580,107011.0,121192.0,3250.0,3257.0,3239.8,3251.5,42423850,3576.6,2926.4,4322.95,2866.6,3248.7,7,1,3248.6,57,3,3248.5,12,2,3248.3,27,3,3248.2,198,4,3249.2,21,1,3249.3,7,7,3249.4,17,1,3249.5,11,1,3249.6,38,2
11536,2025-12-30 11:41:34+05:30,3248.7,4,3249.35,629580,107011.0,121192.0,3250.0,3257.0,3239.8,3251.5,42423850,3576.6,2926.4,4322.95,2866.6,3248.7,7,1,3248.6,57,3,3248.5,12,2,3248.3,27,3,3248.2,198,4,3249.2,21,1,3249.3,7,7,3249.4,17,1,3249.5,11,1,3249.6,38,2
11536,2025-12-30 11:41:34+05:30,3248.9,1,3249.35,629585,107875.0,123971.0,3250.0,3257.0,3239.8,3251.5,42423850,3576.6,2926.4,4322.95,2866.6,3248.9,2,1,3248.7,45,1,3248.6,57,3,3248.5,12,2,3248.3,27,3,3249.2,24,4,3249.3,22,6,3249.5,11,1,3249.6,38,2,3249.7,200,4
11536,2025-12-30 11:41:35+05:30,3248.9,6,3249.35,629585,107875.0,123971.0,3250.0,3257.0,3239.8,3251.5,42423850,3576.6,2926.4,4322.95,2866.6,3248.9,2,1,3248.7,45,1,3248.6,57,3,3248.5,12,2,3248.3,27,3,3249.2,24,4,3249.3,22,6,3249.5,11,1,3249.6,38,2,3249.7,200,4
11536,2025-12-30 11:41:35+05:30,3248.9,6,3249.35,629599,107875.0,122744.0,3250.0,3257.0,3239.8,3251.5,42423850,3576.6,2926.4,4322.95,2866.6,3248.9,2,1,3248.7,45,1,3248.6,57,3,3248.5,12,2,3248.3,27,3,3249.2,25,8,3249.3,19,3,3249.5,11,1,3249.6,38,2,3249.7,200,4
11536,2025-12-30 11:41:36+05:30,3248.9,3,3249.35,629599,107875.0,122744.0,3250.0,3257.0,3239.8,3251.5,42423850,3576.6,2926.4,4322.95,2866.6,3248.9,2,1,3248.7,45,1,3248.6,57,3,3248.5,12,2,3248.3,27,3,3249.2,25,8,3249.3,19,3,3249.5,11,1,3249.6,38,2,3249.7,200,4
11536,2025-12-30 11:41:36+05:30,3249.1,1,3249.35,629618,108703.0,123950.0,3250.0,3257.0,3239.8,3251.5,42423850,3576.6,2926.4,4322.95,2866.6,3249.1,4,1,3248.7,45,1,3248.6,57,3,3248.5,12,2,3248.4,20,1,3249.2,7,7,3249.5,21,1,3249.7,199,3,3249.8,203,3,3249.9,401,6
11536,2025-12-30 11:41:37+05:30,3249.1,56,3249.35,629618,108703.0,123950.0,3250.0,3257.0,3239.8,3251.5,42423850,3576.6,2926.4,4322.95,2866.6,3249.1,4,1,3248.7,45,1,3248.6,57,3,3248.5,12,2,3248.4,20,1,3249.2,7,7,3249.5,21,1,3249.7,199,3,3249.8,203,3,3249.9,401,6
11536,2025-12-30 11:41:37+05:30,3248.7,3,3249.35,629679,108315.0,123541.0,3250.0,3257.0,3239.8,3251.5,42423850,3576.6,2926.4,4322.95,2866.6,3248.7,42,1,3248.6,57,3,3248.5,12,2,3248.4,20,1,3248.3,27,3,3249.1,13,5,3249.2,13,9,3249.4,21,1,3249.5,16,1,3249.6,1,1
11536,2025-12-30 11:41:38+05:30,3248.7,1,3249.35,629679,108315.0,123541.0,3250.0,3257.0,3239.8,3251.5,42423850,3576.6,2926.4,4322.95,2866.6,3248.7,42,1,3248.6,57,3,3248.5,12,2,3248.4,20,1,3248.3,27,3,3249.1,13,5,3249.2,13,9,3249.4,21,1,3249.5,16,1,3249.6,1,1
11536,2025-12-30 11:41:38+05:30,3248.7,3,3249.35,629687,108355.0,123628.0,3250.0,3257.0,3239.8,3251.5,42423850,3576.6,2926.4,4322.95,2866.6,3248.7,82,2,3248.6,57,3,3248.5,12,2,3248.4,20,1,3248.3,27,3,3249.1,28,7,3249.2,8,4,3249.3,21,1,3249.4,16,1,3249.6,17,2
11536,2025-12-30 11:41:39+05:30,3249.1,1,3249.35,629687,108355.0,123628.0,3250.0,3257.0,3239.8,3251.5,42423850,3576.6,2926.4,4322.95,2866.6,3248.7,82,2,3248.6,57,3,3248.5,12,2,3248.4,20,1,3248.3,27,3,3249.1,28,7,3249.2,8,4,3249.3,21,1,3249.4,16,1,3249.6,17,2
11536,2025-12-30 11:41:39+05:30,3248.7,4,3249.35,629751,107532.0,123046.0,3250.0,3257.0,3239.8,3251.5,42423850,3576.6,2926.4,4322.95,2866.6,3248.7,55,2,3248.6,57,3,3248.5,12,2,3248.3,27,3,3248.2,45,4,3249.1,5,4,3249.2,7,3,3249.3,21,1,3249.4,16,1,3249.6,27,3
11536,2025-12-30 11:41:40+05:30,3248.7,1,3249.35,629751,107532.0,123046.0,3250.0,3257.0,3239.8,3251.5,42423850,3576.6,2926.4,4322.95,2866.6,3248.7,55,2,3248.6,57,3,3248.5,12,2,3248.3,27,3,3248.2,45,4,3249.1,5,4,3249.2,7,3,3249.3,21,1,3249.4,16,1,3249.6,27,3
11536,2025-12-30 11:41:40+05:30,3248.7,1,3249.35,629754,107519.0,123046.0,3250.0,3257.0,3239.8,3251.5,42423850,3576.6,2926.4,4322.95,2866.6,3248.7,52,2,3248.6,57,3,3248.5,12,2,3248.3,27,3,3248.2,45,4,3249.1,7,6,3249.2,5,1,3249.3,21,1,3249.4,16,1,3249.6,27,3
11536,2025-12-30 11:41:41+05:30,3248.7,3,3249.35,629754,107519.0,123046.0,3250.0,3257.0,3239.8,3251.5,42423850,3576.6,2926.4,4322.95,2866.6,3248.7,52,2,3248.6,57,3,3248.5,12,2,3248.3,27,3,3248.2,45,4,3249.1,7,6,3249.2,5,1,3249.3,21,1,3249.4,16,1,3249.6,27,3
11536,2025-12-30 11:41:41+05:30,3248.7,1,3249.35,629776,107503.0,123179.0,3250.0,3257.0,3239.8,3251.5,42423850,3576.6,2926.4,4322.95,2866.6,3248.7,38,2,3248.6,57,3,3248.5,12,2,3248.3,27,3,3248.2,45,4,3249.1,11,6,3249.2,5,1,3249.3,21,1,3249.4,16,1,3249.6,27,3
11536,2025-12-30 11:41:42+05:30,3248.7,1,3249.35,629776,107503.0,123179.0,3250.0,3257.0,3239.8,3251.5,42423850,3576.6,2926.4,4322.95,2866.6,3248.7,38,2,3248.6,57,3,3248.5,12,2,3248.3,27,3,3248.2,45,4,3249.1,11,6,3249.2,5,1,3249.3,21,1,3249.4,16,1,3249.6,27,3
11536,2025-12-30 11:41:42+05:30,3249.1,1,3249.35,629789,107493.0,123172.0,3250.0,3257.0,3239.8,3251.5,42423850,3576.6,2926.4,4322.95,2866.6,3248.7,20,1,3248.6,65,4,3248.5,12,2,3248.3,27,3,3248.2,45,4,3249.1,4,4,3249.2,5,1,3249.3,21,1,3249.4,16,1,3249.6,27,3
11536,2025-12-30 11:41:43+05:30,3248.7,1,3249.35,629789,107493.0,123172.0,3250.0,3257.0,3239.8,3251.5,42423850,3576.6,2926.4,4322.95,2866.6,3248.7,20,1,3248.6,65,4,3248.5,12,2,3248.3,27,3,3248.2,45,4,3249.1,4,4,3249.2,5,1,3249.3,21,1,3249.4,16,1,3249.6,27,3
11536,2025-12-30 11:41:43+05:30,3248.7,5,3249.35,629795,107487.0,123111.0,3250.0,3257.0,3239.8,3251.5,42423850,3576.6,2926.4,4322.95,2866.6,3248.7,14,1,3248.6,65,4,3248.5,12,2,3248.3,27,3,3248.2,45,4,3249.1,5,5,3249.2,5,1,3249.3,21,1,3249.4,16,1,3249.6,26,2
11536,2025-12-30 11:41:44+05:30,3248.7,9,3249.35,629795,107487.0,123111.0,3250.0,3257.0,3239.8,3251.5,42423850,3576.6,2926.4,4322.95,2866.6,3248.7,14,1,3248.6,65,4,3248.5,12,2,3248.3,27,3,3248.2,45,4,3249.1,5,5,3249.2,5,1,3249.3,21,1,3249.4,16,1,3249.6,26,2
11536,2025-12-30 11:41:44+05:30,3248.7,9,3249.35,629805,107700.0,122836.0,3250.0,3257.0,3239.8,3251.5,42423850,3576.6,2926.4,4322.95,2866.6,3248.7,13,2,3248.6,57,3,3248.5,12,2,3248.3,27,3,3248.2,240,7,3249.1,7,7,3249.2,5,1,3249.6,21,1,3249.7,24,2,3249.8,203,3
11536,2025-12-30 11:41:45+05:30,3249.1,1,3249.35,629805,107700.0,122836.0,3250.0,3257.0,3239.8,3251.5,42423850,3576.6,2926.4,4322.95,2866.6,3248.7,13,2,3248.6,57,3,3248.5,12,2,3248.3,27,3,3248.2,240,7,3249.1,7,7,3249.2,5,1,3249.6,21,1,3249.7,24,2,3249.8,203,3
11536,2025-12-30 11:41:45+05:30,3249.1,1,3249.35,629817,107694.0,122721.0,3250.0,3257.0,3239.8,3251.5,42423850,3576.6,2926.4,4322.95,2866.6,3248.7,49,2,3248.6,57,3,3248.5,12,2,3248.3,27,3,3248.2,201,5,3249.1,8,8,3249.2,5,1,3249.6,21,1,3249.7,25,3,3249.8,218,4
11536,2025-12-30 11:41:46+05:30,3248.7,3,3249.35,629817,107694.0,122721.0,3250.0,3257.0,3239.8,3251.5,42423850,3576.6,2926.4,4322.95,2866.6,3248.7,49,2,3248.6,57,3,3248.5,12,2,3248.3,27,3,3248.2,201,5,3249.1,8,8,3249.2,5,1,3249.6,21,1,3249.7,25,3,3249.8,218,4
11536,2025-12-30 11:41:46+05:30,3248.8,3,3249.35,629827,107729.0,120620.0,3250.0,3257.0,3239.8,3251.5,42423850,3576.6,2926.4,4322.95,2866.6,3248.8,5,1,3248.7,47,2,3248.6,57,3,3248.5,12,2,3248.3,27,3,3249.1,7,7,3249.2,5,1,3249.6,21,1,3249.7,25,3,3249.8,218,4
11536,2025-12-30 11:41:47+05:30,3248.8,69,3249.35,629827,107729.0,120620.0,3250.0,3257.0,3239.8,3251.5,42423850,3576.6,2926.4,4322.95,2866.6,3248.8,5,1,3248.7,47,2,3248.6,57,3,3248.5,12,2,3248.3,27,3,3249.1,7,7,3249.2,5,1,3249.6,21,1,3249.7,25,3,3249.8,218,4
11536,2025-12-30 11:41:47+05:30,3248.7,2,3249.35,629898,107511.0,122899.0,3250.0,3257.0,3239.8,3251.5,42423850,3576.6,2926.4,4322.95,2866.6,3248.7,45,2,3248.6,57,3,3248.5,12,2,3248.3,47,4,3248.2,70,5,3248.8,11,3,3249.1,49,8,3249.2,5,1,3249.5,21,1,3249.6,3,1
11536,2025-12-30 11:41:48+05:30,3248.7,1,3249.35,629898,107511.0,122899.0,3250.0,3257.0,3239.8,3251.5,42423850,3576.6,2926.4,4322.95,2866.6,3248.7,45,2,3248.6,57,3,3248.5,12,2,3248.3,47,4,3248.2,70,5,3248.8,11,3,3249.1,49,8,3249.2,5,1,3249.5,21,1,3249.6,3,1
11536,2025-12-30 11:41:48+05:30,3248.7,1,3249.35,629902,107649.0,123116.0,3250.0,3257.0,3239.8,3251.5,42423850,3576.6,2926.4,4322.95,2866.6,3248.7,45,3,3248.6,57,3,3248.5,12,2,3248.3,27,3,3248.2,24,3,3248.8,20,7,3249.1,45,4,3249.5,21,1,3249.6,18,2,3249.7,35,4
11536,2025-12-30 11:41:49+05:30,3248.7,21,3249.35,629902,107649.0,123116.0,3250.0,3257.0,3239.8,3251.5,42423850,3576.6,2926.4,4322.95,2866.6,3248.7,45,3,3248.6,57,3,3248.5,12,2,3248.3,27,3,3248.2,24,3,3248.8,20,7,3249.1,45,4,3249.5,21,1,3249.6,18,2,3249.7,35,4
11536,2025-12-30 11:41:49+05:30,3249.3,20,3249.35,630062,106959.0,123370.0,3250.0,3257.0,3239.8,3251.5,42423850,3576.6,2926.4,4322.95,2866.6,3248.7,16,3,3248.6,57,3,3248.5,12,2,3248.3,27,3,3248.2,198,4,3249.4,23,3,3249.5,21,1,3249.6,46,4,3249.7,199,3,3249.8,218,4
11536,2025-12-30 11:41:50+05:30,3249.3,20,3249.35,630062,106959.0,123370.0,3250.0,3257.0,3239.8,3251.5,42423850,3576.6,2926.4,4322.95,2866.6,3248.7,16,3,3248.6,57,3,3248.5,12,2,3248.3,27,3,3248.2,198,4,3249.4,23,3,3249.5,21,1,3249.6,46,4,3249.7,199,3,3249.8,218,4
11536,2025-12-30 11:41:50+05:30,3249.3,20,3249.35,630062,107121.0,123566.0,3250.0,3257.0,3239.8,3251.5,42423850,3576.6,2926.4,4322.95,2866.6,3248.7,12,2,3248.6,217,5,3248.5,12,2,3248.3,27,3,3248.2,198,4,3249.4,8,2,3249.5,21,1,3249.6,300,2,3249.7,214,4,3249.8,28,2
11536,2025-12-30 11:41:51+05:30,3248.7,4,3249.35,630074,106900.0,123377.0,3250.0,3257.0,3239.8,3251.5,42423850,3576.6,2926.4,4322.95,2866.6,3248.6,61,4,3248.5,12,2,3248.3,27,3,3248.2,177,3,3248.1,35,4,3248.7,1,1,3249.4,23,2,3249.5,282,1,3249.6,223,4,3249.7,24,2
11536,2025-12-30 11:41:52+05:30,3248.7,4,3249.35,630074,106900.0,123377.0,3250.0,3257.0,3239.8,3251.5,42423850,3576.6,2926.4,4322.95,2866.6,3248.6,61,4,3248.5,12,2,3248.3,27,3,3248.2,177,3,3248.1,35,4,3248.7,1,1,3249.4,23,2,3249.5,282,1,3249.6,223,4,3249.7,24,2
11536,2025-12-30 11:41:52+05:30,3248.6,24,3249.35,630098,106730.0,123727.0,3250.0,3257.0,3239.8,3251.5,42423850,3576.6,2926.4,4322.95,2866.6,3248.6,37,4,3248.5,12,2,3248.3,27,3,3248.2,21,2,3248.1,35,4,3248.7,3,3,3249.2,20,1,3249.3,15,1,3249.4,1,1,3249.5,282,1
11536,2025-12-30 11:41:53+05:30,3248.6,24,3249.35,630098,106730.0,123727.0,3250.0,3257.0,3239.8,3251.5,42423850,3576.6,2926.4,4322.95,2866.6,3248.6,37,4,3248.5,12,2,3248.3,27,3,3248.2,21,2,3248.1,35,4,3248.7,3,3,3249.2,20,1,3249.3,15,1,3249.4,1,1,3249.5,282,1
11536,2025-12-30 11:41:53+05:30,3248.6,5,3249.35,630131,106699.0,123728.0,3250.0,3257.0,3239.8,3251.5,42423850,3576.6,2926.4,4322.95,2866.6,3248.6,9,2,3248.5,12,2,3248.3,27,3,3248.2,21,2,3248.1,35,4,3248.7,4,4,3249.2,20,1,3249.3,15,1,3249.4,1,1,3249.5,282,1
11536,2025-12-30 11:41:54+05:30,3248.7,4,3249.35,630131,106699.0,123728.0,3250.0,3257.0,3239.8,3251.5,42423850,3576.6,2926.4,4322.95,2866.6,3248.6,9,2,3248.5,12,2,3248.3,27,3,3248.2,21,2,3248.1,35,4,3248.7,4,4,3249.2,20,1,3249.3,15,1,3249.4,1,1,3249.5,282,1
11536,2025-12-30 11:41:54+05:30,3248.5,4,3249.35,630263,106557.0,123799.0,3250.0,3257.0,3239.8,3251.5,42423850,3576.6,2926.4,4322.95,2866.6,3248.5,8,2,3248.3,27,3,3248.2,21,2,3248.1,35,4,3248.0,229,7,3249.1,21,2,3249.2,15,1,3249.3,10,1,3249.4,297,2,3249.6,223,4
11536,2025-12-30 11:41:55+05:30,3249.1,1,3249.35,630263,106557.0,123799.0,3250.0,3257.0,3239.8,3251.5,42423850,3576.6,2926.4,4322.95,2866.6,3248.5,8,2,3248.3,27,3,3248.2,21,2,3248.1,35,4,3248.0,229,7,3249.1,21,2,3249.2,15,1,3249.3,10,1,3249.4,297,2,3249.6,223,4
11536,2025-12-30 11:41:55+05:30,3249.1,1,3249.35,630265,106646.0,123592.0,3250.0,3257.0,3239.8,3251.5,42423850,3576.6,2926.4,4322.95,2866.6,3248.5,8,2,3248.4,8,1,3248.3,27,3,3248.2,21,2,3248.1,45,5,3249.1,6,3,3249.4,282,1,3249.6,28,2,3249.7,219,4,3249.8,53,4
11536,2025-12-30 11:41:56+05:30,3248.5,1,3249.35,630265,106646.0,123592.0,3250.0,3257.0,3239.8,3251.5,42423850,3576.6,2926.4,4322.95,2866.6,3248.5,8,2,3248.4,8,1,3248.3,27,3,3248.2,21,2,3248.1,45,5,3249.1,6,3,3249.4,282,1,3249.6,28,2,3249.7,219,4,3249.8,53,4
11536,2025-12-30 11:41:56+05:30,3248.5,1,3249.35,630274,106931.0,123255.0,3250.0,3257.0,3239.8,3251.5,42423850,3576.6,2926.4,4322.95,2866.6,3248.5,11,2,3248.4,8,1,3248.3,42,4,3248.2,240,6,3248.1,117,8,3249.1,8,5,3249.6,1,1,3249.7,219,4,3249.8,3,1,3249.9,411,7
11536,2025-12-30 11:41:57+05:30,3248.5,5,3249.35,630274,106931.0,123255.0,3250.0,3257.0,3239.8,3251.5,42423850,3576.6,2926.4,4322.95,2866.6,3248.5,11,2,3248.4,8,1,3248.3,42,4,3248.2,240,6,3248.1,117,8,3249.1,8,5,3249.6,1,1,3249.7,219,4,3249.8,3,1,3249.9,411,7
11536,2025-12-30 11:41:57+05:30,3248.5,5,3249.35,630382,106727.0,123517.0,3250.0,3257.0,3239.8,3251.5,42423850,3576.6,2926.4,4322.95,2866.6,3248.5,5,1,3248.4,8,1,3248.3,27,3,3248.2,36,3,3248.1,71,7,3249.1,11,6,3249.6,1,1,3249.7,219,4,3249.8,18,2,3249.9,411,7
11536,2025-12-30 11:41:58+05:30,3248.4,15,3249.35,630382,106727.0,123517.0,3250.0,3257.0,3239.8,3251.5,42423850,3576.6,2926.4,4322.95,2866.6,3248.5,5,1,3248.4,8,1,3248.3,27,3,3248.2,36,3,3248.1,71,7,3249.1,11,6,3249.6,1,1,3249.7,219,4,3249.8,18,2,3249.9,411,7
11536,2025-12-30 11:41:58+05:30,3248.5,2,3249.35,630413,106181.0,123570.0,3250.0,3257.0,3239.8,3251.5,42423850,3576.6,2926.4,4322.95,2866.6,3248.5,6,1,3248.3,56,5,3248.2,59,4,3248.1,61,6,3248.0,289,9,3249.1,9,5,3249.7,198,3,3249.8,13,2,3249.9,372,5,3250.0,63,5
11536,2025-12-30 11:41:59+05:30,3248.5,33,3249.35,630413,106181.0,123570.0,3250.0,3257.0,3239.8,3251.5,42423850,3576.6,2926.4,4322.95,2866.6,3248.5,6,1,3248.3,56,5,3248.2,59,4,3248.1,61,6,3248.0,289,9,3249.1,9,5,3249.7,198,3,3249.8,13,2,3249.9,372,5,3250.0,63,5
11536,2025-12-30 11:41:59+05:30,3248.5,1,3249.35,630447,106545.0,123568.0,3250.0,3257.0,3239.8,3251.5,42423850,3576.6,2926.4,4322.95,2866.6,3248.5,7,1,3248.3,56,5,3248.2,59,4,3248.1,99,7,3248.0,289,9,3249.1,7,6,3249.6,20,1,3249.7,178,2,3249.8,13,2,3249.9,372,5
11536,2025-12-30 11:42:00+05:30,3248.5,1,3249.35,630447,106545.0,123568.0,3250.0,3257.0,3239.8,3251.5,42423850,3576.6,2926.4,4322.95,2866.6,3248.5,7,1,3248.3,56,5,3248.2,59,4,3248.1,99,7,3248.0,289,9,3249.1,7,6,3249.6,20,1,3249.7,178,2,3249.8,13,2,3249.9,372,5
11536,2025-12-30 11:42:00+05:30,3248.4,13,3249.35,630460,106363.0,123105.0,3250.0,3257.0,3239.8,3251.5,42423850,3576.6,2926.4,4322.95,2866.6,3248.3,42,4,3248.2,21,2,3248.1,65,6,3248.0,90,7,3247.9,76,5,3248.4,2,1,3248.5,1,1,3249.1,4,4,3249.6,21,2,3249.7,178,2
11536,2025-12-30 11:42:01+05:30,3248.5,2,3249.35,630460,106363.0,123105.0,3250.0,3257.0,3239.8,3251.5,42423850,3576.6,2926.4,4322.95,2866.6,3248.3,42,4,3248.2,21,2,3248.1,65,6,3248.0,90,7,3247.9,76,5,3248.4,2,1,3248.5,1,1,3249.1,4,4,3249.6,21,2,3249.7,178,2
11536,2025-12-30 11:42:01+05:30,3248.5,1,3249.35,630477,106950.0,121691.0,3250.0,3257.0,3239.8,3251.5,42423850,3576.6,2926.4,4322.95,2866.6,3248.4,65,4,3248.3,46,4,3248.2,225,7,3248.1,90,7,3248.0,330,11,3248.5,1,1,3248.6,1,1,3249.1,3,3,3249.7,3,1,3249.8,14,3
11536,2025-12-30 11:42:02+05:30,3248.6,3,3249.35,630477,106950.0,121691.0,3250.0,3257.0,3239.8,3251.5,42423850,3576.6,2926.4,4322.95,2866.6,3248.4,65,4,3248.3,46,4,3248.2,225,7,3248.1,90,7,3248.0,330,11,3248.5,1,1,3248.6,1,1,3249.1,3,3,3249.7,3,1,3249.8,14,3
11536,2025-12-30 11:42:02+05:30,3248.4,4,3249.35,630539,107074.0,121718.0,3250.0,3257.0,3239.8,3251.5,42423850,3576.6,2926.4,4322.95,2866.6,3248.6,1,1,3248.4,56,4,3248.3,41,4,3248.2,114,7,3248.1,114,8,3249.1,2,2,3249.7,7,2,3249.8,4,2,3249.9,187,3,3250.0,18,2
11536,2025-12-30 11:42:03+05:30,3248.6,3,3249.35,630539,107074.0,121718.0,3250.0,3257.0,3239.8,3251.5,42423850,3576.6,2926.4,4322.95,2866.6,3248.6,1,1,3248.4,56,4,3248.3,41,4,3248.2,114,7,3248.1,114,8,3249.1,2,2,3249.7,7,2,3249.8,4,2,3249.9,187,3,3250.0,18,2
11536,2025-12-30 11:42:03+05:30,3248.6,3,3249.35,630543,107027.0,121305.0,3250.0,3257.0,3239.8,3251.5,42423850,3576.6,2926.4,4322.95,2866.6,3248.6,45,1,3248.5,64,2,3248.4,5,1,3248.3,41,4,3248.2,121,7,3249.1,17,4,3249.6,20,1,3249.7,3,1,3249.8,4,2,3249.9,178,2
11536,2025-12-30 11:42:04+05:30,3248.6,1,3249.35,630543,107027.0,121305.0,3250.0,3257.0,3239.8,3251.5,42423850,3576.6,2926.4,4322.95,2866.6,3248.6,45,1,3248.5,64,2,3248.4,5,1,3248.3,41,4,3248.2,121,7,3249.1,17,4,3249.6,20,1,3249.7,3,1,3249.8,4,2,3249.9,178,2
11536,2025-12-30 11:42:04+05:30,3248.6,8,3249.35,630556,107888.0,121262.0,3250.0,3257.0,3239.8,3251.5,42423850,3576.6,2926.4,4322.95,2866.6,3248.6,95,3,3248.5,55,2,3248.4,23,2,3248.3,41,4,3248.2,332,10,3249.1,17,4,3249.6,20,1,3249.7,3,1,3249.8,4,2,3249.9,178,2
11536,2025-12-30 11:42:05+05:30,3249.1,1,3249.35,630556,107888.0,121262.0,3250.0,3257.0,3239.8,3251.5,42423850,3576.6,2926.4,4322.95,2866.6,3248.6,95,3,3248.5,55,2,3248.4,23,2,3248.3,41,4,3248.2,332,10,3249.1,17,4,3249.6,20,1,3249.7,3,1,3249.8,4,2,3249.9,178,2
11536,2025-12-30 11:42:05+05:30,3248.6,4,3249.35,630561,107883.0,121264.0,3250.0,3257.0,3239.8,3251.5,42423850,3576.6,2926.4,4322.95,2866.6,3248.6,77,2,3248.5,55,2,3248.4,23,2,3248.3,41,4,3248.2,341,11,3249.1,19,6,3249.6,20,1,3249.7,3,1,3249.8,4,2,3249.9,178,2
11536,2025-12-30 11:42:06+05:30,3248.6,1,3249.35,630561,107883.0,121264.0,3250.0,3257.0,3239.8,3251.5,42423850,3576.6,2926.4,4322.95,2866.6,3248.6,77,2,3248.5,55,2,3248.4,23,2,3248.3,41,4,3248.2,341,11,3249.1,19,6,3249.6,20,1,3249.7,3,1,3249.8,4,2,3249.9,178,2
11536,2025-12-30 11:42:06+05:30,3249.1,1,3249.35,630563,107862.0,121292.0,3250.0,3257.0,3239.8,3251.5,42423850,3576.6,2926.4,4322.95,2866.6,3248.6,81,3,3248.5,50,1,3248.4,23,2,3248.3,41,4,3248.2,321,10,3249.1,19,7,3249.6,20,1,3249.7,3,1,3249.8,4,2,3249.9,178,2
11536,2025-12-30 11:42:07+05:30,3248.6,5,3249.35,630563,107862.0,121292.0,3250.0,3257.0,3239.8,3251.5,42423850,3576.6,2926.4,4322.95,2866.6,3248.6,81,3,3248.5,50,1,3248.4,23,2,3248.3,41,4,3248.2,321,10,3249.1,19,7,3249.6,20,1,3249.7,3,1,3249.8,4,2,3249.9,178,2
11536,2025-12-30 11:42:07+05:30,3248.6,5,3249.35,630644,107113.0,121331.0,3250.0,3257.0,3239.8,3251.5,42423850,3576.6,2926.4,4322.95,2866.6,3248.6,5,1,3248.5,50,1,3248.4,38,2,3248.3,41,4,3248.2,242,7,3249.1,22,7,3249.6,20,1,3249.7,3,1,3249.8,4,2,3249.9,178,2
11536,2025-12-30 11:42:08+05:30,3248.6,1,3249.35,630644,107113.0,121331.0,3250.0,3257.0,3239.8,3251.5,42423850,3576.6,2926.4,4322.95,2866.6,3248.6,5,1,3248.5,50,1,3248.4,38,2,3248.3,41,4,3248.2,242,7,3249.1,22,7,3249.6,20,1,3249.7,3,1,3249.8,4,2,3249.9,178,2
11536,2025-12-30 11:42:08+05:30,3248.6,1,3249.35,630648,106833.0,121514.0,3250.0,3257.0,3239.8,3251.5,42423850,3576.6,2926.4,4322.95,2866.6,3248.6,1,1,3248.5,50,1,3248.3,26,3,3248.2,208,5,3248.1,70,7,3249.1,20,5,3249.6,20,1,3249.7,25,2,3249.8,188,4,3249.9,29,2
11536,2025-12-30 11:42:09+05:30,3249.1,3,3249.35,630648,106833.0,121514.0,3250.0,3257.0,3239.8,3251.5,42423850,3576.6,2926.4,4322.95,2866.6,3248.6,1,1,3248.5,50,1,3248.3,26,3,3248.2,208,5,3248.1,70,7,3249.1,20,5,3249.6,20,1,3249.7,25,2,3249.8,188,4,3249.9,29,2
11536,2025-12-30 11:42:09+05:30,3248.6,9,3249.35,630695,106831.0,121836.0,3250.0,3257.0,3239.8,3251.5,42423850,3576.6,2926.4,4322.95,2866.6,3248.6,5,1,3248.5,50,1,3248.3,26,3,3248.2,208,5,3248.1,20,4,3249.1,5,3,3249.4,20,1,3249.7,16,2,3249.8,190,5,3249.9,57,4
11536,2025-12-30 11:42:10+05:30,3248.6,9,3249.35,630695,106831.0,121836.0,3250.0,3257.0,3239.8,3251.5,42423850,3576.6,2926.4,4322.95,2866.6,3248.6,5,1,3248.5,50,1,3248.3,26,3,3248.2,208,5,3248.1,20,4,3249.1,5,3,3249.4,20,1,3249.7,16,2,3249.8,190,5,3249.9,57,4
11536,2025-12-30 11:42:10+05:30,3248.8,4,3249.35,630699,107826.0,121757.0,3250.0,3257.0,3239.8,3251.5,42423850,3576.6,2926.4,4322.95,2866.6,3248.8,1,1,3248.6,9,1,3248.5,50,1,3248.3,26,3,3248.2,223,5,3249.1,3,2,3249.6,21,1,3249.7,4,2,3249.8,189,4,3249.9,71,4
11536,2025-12-30 11:42:11+05:30,3248.8,6,3249.35,630699,107826.0,121757.0,3250.0,3257.0,3239.8,3251.5,42423850,3576.6,2926.4,4322.95,2866.6,3248.8,1,1,3248.6,9,1,3248.5,50,1,3248.3,26,3,3248.2,223,5,3249.1,3,2,3249.6,21,1,3249.7,4,2,3249.8,189,4,3249.9,71,4
11536,2025-12-30 11:42:11+05:30,3248.8,14,3249.35,630719,107680.0,121696.0,3250.0,3257.0,3239.8,3251.5,42423850,3576.6,2926.4,4322.95,2866.6,3248.5,50,1,3248.4,22,2,3248.3,84,5,3248.2,212,5,3248.1,33,4,3248.8,2,2,3249.1,5,5,3249.6,21,1,3249.7,13,3,3249.8,180,3
11536,2025-12-30 11:42:12+05:30,3248.5,1,3249.35,630719,107680.0,121696.0,3250.0,3257.0,3239.8,3251.5,42423850,3576.6,2926.4,4322.95,2866.6,3248.5,50,1,3248.4,22,2,3248.3,84,5,3248.2,212,5,3248.1,33,4,3248.8,2,2,3249.1,5,5,3249.6,21,1,3249.7,13,3,3249.8,180,3
11536,2025-12-30 11:42:12+05:30,3248.8,1,3249.35,630729,107355.0,121750.0,3250.0,3257.0,3239.8,3251.5,42423850,3576.6,2926.4,4322.95,2866.6,3248.5,42,1,3248.4,9,1,3248.3,64,4,3248.2,43,4,3248.1,33,4,3248.8,3,3,3249.1,4,4,3249.6,21,1,3249.7,188,4,3249.8,5,2
11536,2025-12-30 11:42:13+05:30,3248.5,2,3249.35,630729,107355.0,121750.0,3250.0,3257.0,3239.8,3251.5,42423850,3576.6,2926.4,4322.95,2866.6,3248.5,42,1,3248.4,9,1,3248.3,64,4,3248.2,43,4,3248.1,33,4,3248.8,3,3,3249.1,4,4,3249.6,21,1,3249.7,188,4,3249.8,5,2
11536,2025-12-30 11:42:13+05:30,3248.5,3,3249.35,630736,107006.0,121400.0,3250.0,3257.0,3239.8,3251.5,42423850,3576.6,2926.4,4322.95,2866.6,3248.5,35,1,3248.4,9,1,3248.3,116,5,3248.2,63,5,3248.1,58,5,3248.8,5,5,3249.1,2,2,3249.6,21,1,3249.7,188,4,3249.8,5,2
11536,2025-12-30 11:42:14+05:30,3248.5,1,3249.35,630736,107006.0,121400.0,3250.0,3257.0,3239.8,3251.5,42423850,3576.6,2926.4,4322.95,2866.6,3248.5,35,1,3248.4,9,1,3248.3,116,5,3248.2,63,5,3248.1,58,5,3248.8,5,5,3249.1,2,2,3249.6,21,1,3249.7,188,4,3249.8,5,2
11536,2025-12-30 11:42:14+05:30,3248.5,2,3249.35,630740,106993.0,121399.0,3250.0,3257.0,3239.8,3251.5,42423850,3576.6,2926.4,4322.95,2866.6,3248.5,31,1,3248.4,9,1,3248.3,129,6,3248.2,50,4,3248.1,58,5,3248.8,6,6,3249.6,21,1,3249.7,188,4,3249.8,5,2,3249.9,421,6
11536,2025-12-30 11:42:15+05:30,3248.8,1,3249.35,630740,106993.0,121399.0,3250.0,3257.0,3239.8,3251.5,42423850,3576.6,2926.4,4322.95,2866.6,3248.5,31,1,3248.4,9,1,3248.3,129,6,3248.2,50,4,3248.1,58,5,3248.8,6,6,3249.6,21,1,3249.7,188,4,3249.8,5,2,3249.9,421,6
11536,2025-12-30 11:42:15+05:30,3248.8,1,3249.35,630749,106340.0,121403.0,3250.0,3257.0,3239.8,3251.5,42423850,3576.6,2926.4,4322.95,2866.6,3248.5,28,1,3248.4,9,1,3248.3,116,5,3248.2,227,5,3248.1,58,5,3248.8,3,3,3249.5,21,1,3249.6,1,1,3249.7,187,3,3249.8,5,2
11536,2025-12-30 11:42:16+05:30,3249.7,95,3249.35,630749,106340.0,121403.0,3250.0,3257.0,3239.8,3251.5,42423850,3576.6,2926.4,4322.95,2866.6,3248.5,28,1,3248.4,9,1,3248.3,116,5,3248.2,227,5,3248.1,58,5,3248.8,3,3,3249.5,21,1,3249.6,1,1,3249.7,187,3,3249.8,5,2
11536,2025-12-30 11:42:16+05:30,3249.7,95,3249.35,630883,107438.0,122656.0,3250.0,3257.0,3239.8,3251.5,42423850,3576.6,2926.4,4322.95,2866.6,3248.9,1,1,3248.5,33,2,3248.4,187,3,3248.3,118,6,3248.2,397,11,3249.7,107,4,3249.8,15,1,3249.9,430,7,3250.0,36,4,3250.1,3,1
11536,2025-12-30 11:42:17+05:30,3248.9,1,3249.35,630883,107438.0,122656.0,3250.0,3257.0,3239.8,3251.5,42423850,3576.6,2926.4,4322.95,2866.6,3248.9,1,1,3248.5,33,2,3248.4,187,3,3248.3,118,6,3248.2,397,11,3249.7,107,4,3249.8,15,1,3249.9,430,7,3250.0,36,4,3250.1,3,1
11536,2025-12-30 11:42:17+05:30,3248.9,1,3249.35,630885,107312.0,122291.0,3250.0,3257.0,3239.8,3251.5,42423850,3576.6,2926.4,4322.95,2866.6,3248.5,45,3,3248.4,165,2,3248.3,60,4,3248.2,322,10,3248.1,152,9,3248.9,6,1,3249.6,21,1,3249.7,86,3,3249.8,15,1,3249.9,421,6
11536,2025-12-30 11:42:18+05:30,3248.5,11,3249.35,630885,107312.0,122291.0,3250.0,3257.0,3239.8,3251.5,42423850,3576.6,2926.4,4322.95,2866.6,3248.5,45,3,3248.4,165,2,3248.3,60,4,3248.2,322,10,3248.1,152,9,3248.9,6,1,3249.6,21,1,3249.7,86,3,3249.8,15,1,3249.9,421,6
11536,2025-12-30 11:42:18+05:30,3248.5,6,3249.35,630936,106971.0,122394.0,3250.0,3257.0,3239.8,3251.5,42423850,3576.6,2926.4,4322.95,2866.6,3248.5,51,2,3248.4,22,2,3248.3,60,4,3248.2,136,8,3248.1,106,8,3248.9,11,5,3249.6,21,1,3249.7,113,3,3249.8,15,1,3249.9,421,6
11536,2025-12-30 11:42:19+05:30,3248.5,30,3249.35,630936,106971.0,122394.0,3250.0,3257.0,3239.8,3251.5,42423850,3576.6,2926.4,4322.95,2866.6,3248.5,51,2,3248.4,22,2,3248.3,60,4,3248.2,136,8,3248.1,106,8,3248.9,11,5,3249.6,21,1,3249.7,113,3,3249.8,15,1,3249.9,421,6
11536,2025-12-30 11:42:19+05:30,3248.4,2,3249.35,631031,107084.0,122358.0,3250.0,3257.0,3239.8,3251.5,42423850,3576.6,2926.4,4322.95,2866.6,3248.5,46,1,3248.4,20,2,3248.3,26,3,3248.2,275,8,3248.1,94,7,3248.9,10,6,3249.5,21,1,3249.6,9,1,3249.7,111,2,3249.8,24,2
11536,2025-12-30 11:42:20+05:30,3248.5,1,3249.35,631031,107084.0,122358.0,3250.0,3257.0,3239.8,3251.5,42423850,3576.6,2926.4,4322.95,2866.6,3248.5,46,1,3248.4,20,2,3248.3,26,3,3248.2,275,8,3248.1,94,7,3248.9,10,6,3249.5,21,1,3249.6,9,1,3249.7,111,2,3249.8,24,2
11536,2025-12-30 11:42:20+05:30,3248.5,12,3249.35,631047,106145.0,122734.0,3250.0,3257.0,3239.8,3251.5,42423850,3576.6,2926.4,4322.95,2866.6,3248.5,30,1,3248.4,7,1,3248.3,26,3,3248.2,75,5,3248.1,85,6,3248.9,9,6,3249.5,21,1,3249.6,9,1,3249.7,114,3,3249.8,24,2
11536,2025-12-30 11:42:21+05:30,3248.5,22,3249.35,631047,106145.0,122734.0,3250.0,3257.0,3239.8,3251.5,42423850,3576.6,2926.4,4322.95,2866.6,3248.5,30,1,3248.4,7,1,3248.3,26,3,3248.2,75,5,3248.1,85,6,3248.9,9,6,3249.5,21,1,3249.6,9,1,3249.7,114,3,3249.8,24,2
11536,2025-12-30 11:42:21+05:30,3248.5,8,3249.35,631077,105202.0,122733.0,3250.0,3257.0,3239.8,3251.5,42423850,3576.6,2926.4,4322.95,2866.6,3248.4,7,1,3248.3,26,3,3248.2,55,4,3248.1,60,5,3248.0,324,10,3248.9,8,7,3249.5,21,1,3249.6,9,1,3249.7,114,3,3249.8,24,2
11536,2025-12-30 11:42:22+05:30,3248.0,11,3249.35,631077,105202.0,122733.0,3250.0,3257.0,3239.8,3251.5,42423850,3576.6,2926.4,4322.95,2866.6,3248.4,7,1,3248.3,26,3,3248.2,55,4,3248.1,60,5,3248.0,324,10,3248.9,8,7,3249.5,21,1,3249.6,9,1,3249.7,114,3,3249.8,24,2
11536,2025-12-30 11:42:22+05:30,3248.0,11,3249.35,631694,105379.0,123183.0,3250.0,3257.0,3239.8,3251.5,42423850,3576.6,2926.4,4322.95,2866.6,3248.0,35,5,3247.9,34,2,3247.8,57,4,3247.7,78,4,3247.6,70,3,3248.1,118,3,3248.8,21,1,3248.9,6,6,3249.5,15,2,3249.6,102,2
11536,2025-12-30 11:42:23+05:30,3248.0,4,3249.35,631694,105379.0,123183.0,3250.0,3257.0,3239.8,3251.5,42423850,3576.6,2926.4,4322.95,2866.6,3248.0,35,5,3247.9,34,2,3247.8,57,4,3247.7,78,4,3247.6,70,3,3248.1,118,3,3248.8,21,1,3248.9,6,6,3249.5,15,2,3249.6,102,2
11536,2025-12-30 11:42:23+05:30,3248.1,15,3249.35,631723,105296.0,123812.0,3250.0,3257.0,3239.8,3251.5,42423850,3576.6,2926.4,4322.95,2866.6,3248.0,42,4,3247.9,10,1,3247.8,57,4,3247.7,56,3,3247.6,36,2,3248.1,110,9,3248.5,35,1,3248.8,21,1,3248.9,3,3,3249.4,80,1
11536,2025-12-30 11:42:24+05:30,3248.1,37,3249.35,631723,105296.0,123812.0,3250.0,3257.0,3239.8,3251.5,42423850,3576.6,2926.4,4322.95,2866.6,3248.0,42,4,3247.9,10,1,3247.8,57,4,3247.7,56,3,3247.6,36,2,3248.1,110,9,3248.5,35,1,3248.8,21,1,3248.9,3,3,3249.4,80,1
11536,2025-12-30 11:42:24+05:30,3248.1,37,3249.35,631947,105560.0,123213.0,3250.0,3257.0,3239.8,3251.5,42423850,3576.6,2926.4,4322.95,2866.6,3247.9,63,5,3247.8,220,5,3247.7,116,5,3247.6,136,5,3247.5,204,5,3248.0,3,2,3248.1,55,10,3248.5,35,1,3248.9,1,1,3249.3,21,1
11536,2025-12-30 11:42:25+05:30,3249.5,1,3249.35,631947,105560.0,123213.0,3250.0,3257.0,3239.8,3251.5,42423850,3576.6,2926.4,4322.95,2866.6,3247.9,63,5,3247.8,220,5,3247.7,116,5,3247.6,136,5,3247.5,204,5,3248.0,3,2,3248.1,55,10,3248.5,35,1,3248.9,1,1,3249.3,21,1
11536,2025-12-30 11:42:25+05:30,3249.5,1,3249.35,632263,106470.0,122654.0,3250.0,3257.0,3239.8,3251.5,42423850,3576.6,2926.4,4322.95,2866.6,3248.2,117,6,3248.1,224,4,3248.0,626,14,3247.9,140,8,3247.8,245,8,3249.6,39,4,3249.7,34,2,3249.9,83,2,3250.0,23,3,3250.1,353,3
11536,2025-12-30 11:42:26+05:30,3249.5,1,3249.35,632263,106474.0,122694.0,3250.0,3257.0,3239.8,3251.5,42423850,3576.6,2926.4,4322.95,2866.6,3248.2,125,6,3248.1,224,4,3248.0,626,14,3247.9,120,7,3247.8,245,8,3249.6,53,5,3249.7,34,2,3249.9,83,2,3250.0,33,4,3250.1,353,3
11536,2025-12-30 11:42:27+05:30,3248.2,18,3249.35,632263,106474.0,122694.0,3250.0,3257.0,3239.8,3251.5,42423850,3576.6,2926.4,4322.95,2866.6,3248.2,125,6,3248.1,224,4,3248.0,626,14,3247.9,120,7,3247.8,245,8,3249.6,53,5,3249.7,34,2,3249.9,83,2,3250.0,33,4,3250.1,353,3
11536,2025-12-30 11:42:27+05:30,3248.9,44,3249.35,632428,107067.0,122702.0,3250.0,3257.0,3239.8,3251.5,42423850,3576.6,2926.4,4322.95,2866.6,3248.5,29,3,3248.4,184,3,3248.3,74,4,3248.2,331,8,3248.1,130,4,3248.9,10,1,3249.6,20,4,3249.7,31,1,3249.8,21,1,3249.9,83,2
11536,2025-12-30 11:42:28+05:30,3248.9,1,3249.35,632428,107067.0,122702.0,3250.0,3257.0,3239.8,3251.5,42423850,3576.6,2926.4,4322.95,2866.6,3248.5,29,3,3248.4,184,3,3248.3,74,4,3248.2,331,8,3248.1,130,4,3248.9,10,1,3249.6,20,4,3249.7,31,1,3249.8,21,1,3249.9,83,2
11536,2025-12-30 11:42:28+05:30,3248.9,1,3249.35,632475,107253.0,122596.0,3250.0,3257.0,3239.8,3251.5,42423850,3576.6,2926.4,4322.95,2866.6,3248.5,2,1,3248.4,74,3,3248.3,10,1,3248.2,149,6,3248.1,206,7,3248.9,12,4,3249.5,21,1,3249.6,15,3,3249.7,31,1,3249.9,83,2
11536,2025-12-30 11:42:29+05:30,3248.9,1,3249.35,632475,107253.0,122596.0,3250.0,3257.0,3239.8,3251.5,42423850,3576.6,2926.4,4322.95,2866.6,3248.5,2,1,3248.4,74,3,3248.3,10,1,3248.2,149,6,3248.1,206,7,3248.9,12,4,3249.5,21,1,3249.6,15,3,3249.7,31,1,3249.9,83,2
11536,2025-12-30 11:42:29+05:30,3248.5,14,3249.35,632489,107161.0,122698.0,3250.0,3257.0,3239.8,3251.5,42423850,3576.6,2926.4,4322.95,2866.6,3248.4,40,3,3248.3,13,2,3248.2,149,6,3248.1,110,4,3248.0,488,11,3248.5,14,3,3248.9,14,5,3249.5,21,1,3249.6,2,1,3249.7,41,2
11536,2025-12-30 11:42:30+05:30,3248.4,2,3249.35,632489,107161.0,122698.0,3250.0,3257.0,3239.8,3251.5,42423850,3576.6,2926.4,4322.95,2866.6,3248.4,40,3,3248.3,13,2,3248.2,149,6,3248.1,110,4,3248.0,488,11,3248.5,14,3,3248.9,14,5,3249.5,21,1,3249.6,2,1,3249.7,41,2
11536,2025-12-30 11:42:30+05:30,3248.4,2,3249.35,632597,107084.0,122606.0,3250.0,3257.0,3239.8,3251.5,42423850,3576.6,2926.4,4322.95,2866.6,3248.4,22,3,3248.3,16,1,3248.2,108,4,3248.1,116,4,3248.0,490,8,3248.9,69,6,3249.5,21,1,3249.7,20,1,3249.8,3,1,3249.9,115,4
11536,2025-12-30 11:42:31+05:30,3248.4,2,3249.35,632597,107084.0,122606.0,3250.0,3257.0,3239.8,3251.5,42423850,3576.6,2926.4,4322.95,2866.6,3248.4,22,3,3248.3,16,1,3248.2,108,4,3248.1,116,4,3248.0,490,8,3248.9,69,6,3249.5,21,1,3249.7,20,1,3249.8,3,1,3249.9,115,4
11536,2025-12-30 11:42:31+05:30,3248.4,2,3249.35,632795,106212.0,123273.0,3250.0,3257.0,3239.8,3251.5,42423850,3576.6,2926.4,4322.95,2866.6,3248.2,105,3,3248.1,90,2,3248.0,214,2,3247.9,5,1,3247.8,66,3,3248.4,4,1,3248.9,72,9,3249.2,21,1,3249.4,10,1,3249.6,35,2
11536,2025-12-30 11:42:32+05:30,3248.2,1,3249.35,632795,106212.0,123273.0,3250.0,3257.0,3239.8,3251.5,42423850,3576.6,2926.4,4322.95,2866.6,3248.2,105,3,3248.1,90,2,3248.0,214,2,3247.9,5,1,3247.8,66,3,3248.4,4,1,3248.9,72,9,3249.2,21,1,3249.4,10,1,3249.6,35,2
11536,2025-12-30 11:42:32+05:30,3248.2,29,3249.35,632906,106362.0,123037.0,3250.0,3257.0,3239.8,3251.5,42423850,3576.6,2926.4,4322.95,2866.6,3248.2,75,3,3248.1,85,2,3248.0,229,3,3247.9,21,2,3247.8,134,4,3248.4,6,2,3248.9,59,6,3249.3,21,1,3249.4,30,2,3249.6,141,5
11536,2025-12-30 11:42:33+05:30,3248.3,8,3249.35,632906,106362.0,123037.0,3250.0,3257.0,3239.8,3251.5,42423850,3576.6,2926.4,4322.95,2866.6,3248.2,75,3,3248.1,85,2,3248.0,229,3,3247.9,21,2,3247.8,134,4,3248.4,6,2,3248.9,59,6,3249.3,21,1,3249.4,30,2,3249.6,141,5
11536,2025-12-30 11:42:33+05:30,3248.3,8,3249.35,632937,106501.0,122897.0,3250.0,3257.0,3239.8,3251.5,42423850,3576.6,2926.4,4322.95,2866.6,3248.3,58,3,3248.2,77,4,3248.1,85,2,3248.0,220,5,3247.9,46,3,3248.4,13,6,3248.9,57,4,3249.4,30,2,3249.6,162,6,3249.7,36,2
11536,2025-12-30 11:42:34+05:30,3248.3,4,3249.35,632937,106501.0,122897.0,3250.0,3257.0,3239.8,3251.5,42423850,3576.6,2926.4,4322.95,2866.6,3248.3,58,3,3248.2,77,4,3248.1,85,2,3248.0,220,5,3247.9,46,3,3248.4,13,6,3248.9,57,4,3249.4,30,2,3249.6,162,6,3249.7,36,2
11536,2025-12-30 11:42:34+05:30,3248.3,4,3249.35,632980,106433.0,122880.0,3250.0,3257.0,3239.8,3251.5,42423850,3576.6,2926.4,4322.95,2866.6,3248.3,16,2,3248.2,93,5,3248.1,85,2,3248.0,258,6,3247.9,28,3,3248.4,13,8,3248.9,54,2,3249.4,10,1,3249.6,136,4,3249.7,48,2
11536,2025-12-30 11:42:35+05:30,3248.4,1,3249.35,632980,106433.0,122880.0,3250.0,3257.0,3239.8,3251.5,42423850,3576.6,2926.4,4322.95,2866.6,3248.3,16,2,3248.2,93,5,3248.1,85,2,3248.0,258,6,3247.9,28,3,3248.4,13,8,3248.9,54,2,3249.4,10,1,3249.6,136,4,3249.7,48,2
11536,2025-12-30 11:42:35+05:30,3248.4,1,3249.35,633009,106459.0,122877.0,3250.0,3257.0,3239.8,3251.5,42423850,3576.6,2926.4,4322.95,2866.6,3248.3,5,1,3248.2,77,4,3248.1,85,2,3248.0,242,5,3247.9,8,2,3248.4,10,9,3248.9,54,2,3249.4,10,1,3249.6,136,4,3249.7,48,2
11536,2025-12-30 11:42:36+05:30,3248.3,2,3249.35,633009,106459.0,122877.0,3250.0,3257.0,3239.8,3251.5,42423850,3576.6,2926.4,4322.95,2866.6,3248.3,5,1,3248.2,77,4,3248.1,85,2,3248.0,242,5,3247.9,8,2,3248.4,10,9,3248.9,54,2,3249.4,10,1,3249.6,136,4,3249.7,48,2
11536,2025-12-30 11:42:36+05:30,3248.3,2,3249.35,633024,106785.0,122908.0,3250.0,3257.0,3239.8,3251.5,42423850,3576.6,2926.4,4322.95,2866.6,3248.3,3,1,3248.2,93,5,3248.1,85,2,3248.0,414,7,3247.9,54,3,3248.4,9,8,3248.9,54,2,3249.4,10,1,3249.6,136,4,3249.7,48,2
11536,2025-12-30 11:42:37+05:30,3248.2,1,3249.35,633024,106785.0,122908.0,3250.0,3257.0,3239.8,3251.5,42423850,3576.6,2926.4,4322.95,2866.6,3248.3,3,1,3248.2,93,5,3248.1,85,2,3248.0,414,7,3247.9,54,3,3248.4,9,8,3248.9,54,2,3249.4,10,1,3249.6,136,4,3249.7,48,2
11536,2025-12-30 11:42:37+05:30,3248.3,7,3249.35,633136,106481.0,122917.0,3250.0,3257.0,3239.8,3251.5,42423850,3576.6,2926.4,4322.95,2866.6,3248.3,2,1,3248.2,91,5,3248.1,85,2,3248.0,257,6,3247.9,8,2,3248.4,3,3,3248.9,54,2,3249.4,10,1,3249.5,2,1,3249.6,111,3
11536,2025-12-30 11:42:38+05:30,3248.3,7,3249.35,633136,106481.0,122917.0,3250.0,3257.0,3239.8,3251.5,42423850,3576.6,2926.4,4322.95,2866.6,3248.3,2,1,3248.2,91,5,3248.1,85,2,3248.0,257,6,3247.9,8,2,3248.4,3,3,3248.9,54,2,3249.4,10,1,3249.5,2,1,3249.6,111,3
11536,2025-12-30 11:42:38+05:30,3248.4,1,3249.35,633147,106912.0,122879.0,3250.0,3257.0,3239.8,3251.5,42423850,3576.6,2926.4,4322.95,2866.6,3248.3,49,1,3248.2,91,5,3248.1,89,3,3248.0,413,7,3247.9,75,4,3248.4,7,4,3248.9,54,2,3249.4,10,1,3249.6,111,3,3249.7,48,2
11536,2025-12-30 11:42:39+05:30,3248.4,3,3249.35,633147,106912.0,122879.0,3250.0,3257.0,3239.8,3251.5,42423850,3576.6,2926.4,4322.95,2866.6,3248.3,49,1,3248.2,91,5,3248.1,89,3,3248.0,413,7,3247.9,75,4,3248.4,7,4,3248.9,54,2,3249.4,10,1,3249.6,111,3,3249.7,48,2
11536,2025-12-30 11:42:39+05:30,3248.3,8,3249.35,633192,106547.0,122972.0,3250.0,3257.0,3239.8,3251.5,42423850,3576.6,2926.4,4322.95,2866.6,3248.3,56,2,3248.2,76,4,3248.1,89,3,3248.0,257,6,3247.9,29,3,3248.4,2,1,3248.9,54,2,3249.6,111,3,3249.7,48,2,3249.8,400,7
11536,2025-12-30 11:42:40+05:30,3248.4,1,3249.35,633192,106547.0,122972.0,3250.0,3257.0,3239.8,3251.5,42423850,3576.6,2926.4,4322.95,2866.6,3248.3,56,2,3248.2,76,4,3248.1,89,3,3248.0,257,6,3247.9,29,3,3248.4,2,1,3248.9,54,2,3249.6,111,3,3249.7,48,2,3249.8,400,7
11536,2025-12-30 11:42:40+05:30,3248.3,2,3249.35,633216,106539.0,122975.0,3250.0,3257.0,3239.8,3251.5,42423850,3576.6,2926.4,4322.95,2866.6,3248.3,43,2,3248.2,91,5,3248.1,85,2,3248.0,257,6,3247.9,74,4,3248.4,59,6,3249.6,90,2,3249.7,48,2,3249.8,400,7,3249.9,77,4
11536,2025-12-30 11:42:41+05:30,3248.3,2,3249.35,633216,106539.0,122975.0,3250.0,3257.0,3239.8,3251.5,42423850,3576.6,2926.4,4322.95,2866.6,3248.3,43,2,3248.2,91,5,3248.1,85,2,3248.0,257,6,3247.9,74,4,3248.4,59,6,3249.6,90,2,3249.7,48,2,3249.8,400,7,3249.9,77,4
11536,2025-12-30 11:42:41+05:30,3251.0,141,3249.36,638766,105978.0,119411.0,3250.0,3257.0,3239.8,3251.5,42423850,3576.6,2926.4,4322.95,2866.6,3248.9,52,3,3248.8,43,3,3248.7,26,1,3248.6,43,2,3248.4,139,6,3250.0,19,2,3250.1,325,7,3250.2,195,2,3250.4,64,3,3250.5,31,1
11536,2025-12-30 11:42:42+05:30,3251.0,141,3249.36,638766,105978.0,119411.0,3250.0,3257.0,3239.8,3251.5,42423850,3576.6,2926.4,4322.95,2866.6,3248.9,52,3,3248.8,43,3,3248.7,26,1,3248.6,43,2,3248.4,139,6,3250.0,19,2,3250.1,325,7,3250.2,195,2,3250.4,64,3,3250.5,31,1
11536,2025-12-30 11:42:42+05:30,3249.8,4,3249.36,638770,107635.0,119878.0,3250.0,3257.0,3239.8,3251.5,42423850,3576.6,2926.4,4322.95,2866.6,3249.0,33,3,3248.9,54,4,3248.8,195,3,3248.6,199,3,3248.5,10,1,3249.8,7,2,3249.9,6,1,3250.0,17,2,3250.1,295,5,3250.2,175,1
11536,2025-12-30 11:42:43+05:30,3249.0,1,3249.36,638770,107635.0,119878.0,3250.0,3257.0,3239.8,3251.5,42423850,3576.6,2926.4,4322.95,2866.6,3249.0,33,3,3248.9,54,4,3248.8,195,3,3248.6,199,3,3248.5,10,1,3249.8,7,2,3249.9,6,1,3250.0,17,2,3250.1,295,5,3250.2,175,1
11536,2025-12-30 11:42:43+05:30,3249.2,1,3249.36,639318,108382.0,120236.0,3250.0,3257.0,3239.8,3251.5,42423850,3576.6,2926.4,4322.95,2866.6,3249.1,30,2,3249.0,84,6,3248.9,7,3,3248.8,182,3,3248.7,90,6,3249.2,165,1,3250.1,39,4,3250.2,20,1,3250.3,175,1,3250.4,208,3
11536,2025-12-30 11:42:44+05:30,3249.2,1,3249.36,639318,108382.0,120236.0,3250.0,3257.0,3239.8,3251.5,42423850,3576.6,2926.4,4322.95,2866.6,3249.1,30,2,3249.0,84,6,3248.9,7,3,3248.8,182,3,3248.7,90,6,3249.2,165,1,3250.1,39,4,3250.2,20,1,3250.3,175,1,3250.4,208,3
11536,2025-12-30 11:42:44+05:30,3249.0,3,3249.36,639464,106302.0,120276.0,3250.0,3257.0,3239.8,3251.5,42423850,3576.6,2926.4,4322.95,2866.6,3248.9,20,5,3248.8,8,2,3248.7,45,4,3248.6,44,3,3248.5,63,3,3249.0,84,1,3249.2,202,6,3250.1,20,4,3250.2,20,1,3250.3,175,1
11536,2025-12-30 11:42:45+05:30,3249.0,1,3249.36,639464,106302.0,120276.0,3250.0,3257.0,3239.8,3251.5,42423850,3576.6,2926.4,4322.95,2866.6,3248.9,20,5,3248.8,8,2,3248.7,45,4,3248.6,44,3,3248.5,63,3,3249.0,84,1,3249.2,202,6,3250.1,20,4,3250.2,20,1,3250.3,175,1
11536,2025-12-30 11:42:45+05:30,3248.9,1,3249.36,639525,106700.0,120238.0,3250.0,3257.0,3239.8,3251.5,42423850,3576.6,2926.4,4322.95,2866.6,3248.8,22,3,3248.7,31,3,3248.6,2,1,3248.5,30,2,3248.4,53,2,3248.9,139,1,3249.0,92,4,3249.2,40,5,3250.1,16,2,3250.2,195,2
11536,2025-12-30 11:42:46+05:30,3249.2,1,3249.36,639525,106700.0,120238.0,3250.0,3257.0,3239.8,3251.5,42423850,3576.6,2926.4,4322.95,2866.6,3248.8,22,3,3248.7,31,3,3248.6,2,1,3248.5,30,2,3248.4,53,2,3248.9,139,1,3249.0,92,4,3249.2,40,5,3250.1,16,2,3250.2,195,2
11536,2025-12-30 11:42:46+05:30,3248.9,3,3249.36,641715,108222.0,120186.0,3250.0,3257.0,3239.8,3251.5,42423850,3576.6,2926.4,4322.95,2866.6,3249.0,14,1,3248.9,58,6,3248.8,26,1,3248.7,35,3,3248.6,244,6,3249.2,112,4,3250.2,3,1,3250.3,175,1,3250.4,21,1,3250.5,171,1
11536,2025-12-30 11:42:47+05:30,3248.8,5,3249.36,641715,108222.0,120186.0,3250.0,3257.0,3239.8,3251.5,42423850,3576.6,2926.4,4322.95,2866.6,3249.0,14,1,3248.9,58,6,3248.8,26,1,3248.7,35,3,3248.6,244,6,3249.2,112,4,3250.2,3,1,3250.3,175,1,3250.4,21,1,3250.5,171,1
11536,2025-12-30 11:42:47+05:30,3248.8,5,3249.36,641770,107669.0,120291.0,3250.0,3257.0,3239.8,3251.5,42423850,3576.6,2926.4,4322.95,2866.6,3248.8,48,4,3248.7,17,2,3248.6,2,1,3248.5,30,2,3248.4,261,7,3248.9,14,4,3249.0,8,1,3249.2,101,4,3249.8,3,1,3250.2,178,2
11536,2025-12-30 11:42:48+05:30,3248.8,12,3249.36,641770,107669.0,120291.0,3250.0,3257.0,3239.8,3251.5,42423850,3576.6,2926.4,4322.95,2866.6,3248.8,48,4,3248.7,17,2,3248.6,2,1,3248.5,30,2,3248.4,261,7,3248.9,14,4,3249.0,8,1,3249.2,101,4,3249.8,3,1,3250.2,178,2
11536,2025-12-30 11:42:48+05:30,3248.8,12,3249.36,641830,106602.0,120410.0,3250.0,3257.0,3239.8,3251.5,42423850,3576.6,2926.4,4322.95,2866.6,3248.7,16,2,3248.6,23,3,3248.5,40,4,3248.4,60,4,3248.2,219,6,3248.8,8,2,3248.9,14,4,3249.0,8,1,3249.2,35,3,3249.7,3,1
11536,2025-12-30 11:42:49+05:30,3248.6,14,3249.36,641830,106602.0,120410.0,3250.0,3257.0,3239.8,3251.5,42423850,3576.6,2926.4,4322.95,2866.6,3248.7,16,2,3248.6,23,3,3248.5,40,4,3248.4,60,4,3248.2,219,6,3248.8,8,2,3248.9,14,4,3249.0,8,1,3249.2,35,3,3249.7,3,1
11536,2025-12-30 11:42:49+05:30,3248.8,1,3249.36,642273,106280.0,120016.0,3250.0,3257.0,3239.8,3251.5,42423850,3576.6,2926.4,4322.95,2866.6,3248.7,63,5,3248.6,45,3,3248.5,34,2,3248.4,70,5,3248.3,16,1,3248.8,83,4,3248.9,12,3,3249.2,1,1,3249.7,3,1,3249.8,3,1
11536,2025-12-30 11:42:50+05:30,3248.6,6,3249.36,642273,106280.0,120016.0,3250.0,3257.0,3239.8,3251.5,42423850,3576.6,2926.4,4322.95,2866.6,3248.7,63,5,3248.6,45,3,3248.5,34,2,3248.4,70,5,3248.3,16,1,3248.8,83,4,3248.9,12,3,3249.2,1,1,3249.7,3,1,3249.8,3,1
11536,2025-12-30 11:42:50+05:30,3248.6,6,3249.36,642365,106379.0,120132.0,3250.0,3257.0,3239.8,3251.5,42423850,3576.6,2926.4,4322.95,2866.6,3248.6,48,6,3248.5,56,3,3248.4,233,6,3248.3,16,1,3248.2,110,7,3248.7,68,2,3248.8,35,4,3249.7,3,1,3249.8,3,1,3250.2,24,2
11536,2025-12-30 11:42:51+05:30,3248.7,1,3249.36,642365,106379.0,120132.0,3250.0,3257.0,3239.8,3251.5,42423850,3576.6,2926.4,4322.95,2866.6,3248.6,48,6,3248.5,56,3,3248.4,233,6,3248.3,16,1,3248.2,110,7,3248.7,68,2,3248.8,35,4,3249.7,3,1,3249.8,3,1,3250.2,24,2
11536,2025-12-30 11:42:51+05:30,3248.6,8,3249.36,642374,106324.0,120243.0,3250.0,3257.0,3239.8,3251.5,42423850,3576.6,2926.4,4322.95,2866.6,3248.6,110,4,3248.5,56,3,3248.4,77,5,3248.3,22,2,3248.2,64,6,3248.7,86,5,3248.8,20,2,3249.7,3,1,3249.8,3,1,3250.2,24,2
11536,2025-12-30 11:42:52+05:30,3248.8,62,3249.36,642374,106324.0,120243.0,3250.0,3257.0,3239.8,3251.5,42423850,3576.6,2926.4,4322.95,2866.6,3248.6,110,4,3248.5,56,3,3248.4,77,5,3248.3,22,2,3248.2,64,6,3248.7,86,5,3248.8,20,2,3249.7,3,1,3249.8,3,1,3250.2,24,2
11536,2025-12-30 11:42:52+05:30,3248.8,62,3249.36,643223,108237.0,118777.0,3250.0,3257.0,3239.8,3251.5,42423850,3576.6,2926.4,4322.95,2866.6,3248.9,39,3,3248.8,279,6,3248.7,80,5,3248.6,404,10,3248.5,468,5,3250.1,87,4,3250.2,24,1,3250.6,18,2,3250.7,175,1,3250.8,15,1
11536,2025-12-30 11:42:53+05:30,3250.1,2,3249.36,643223,108237.0,118777.0,3250.0,3257.0,3239.8,3251.5,42423850,3576.6,2926.4,4322.95,2866.6,3248.9,39,3,3248.8,279,6,3248.7,80,5,3248.6,404,10,3248.5,468,5,3250.1,87,4,3250.2,24,1,3250.6,18,2,3250.7,175,1,3250.8,15,1
11536,2025-12-30 11:42:53+05:30,3250.1,1,3249.36,643226,108875.0,117861.0,3250.0,3257.0,3239.8,3251.5,42423850,3576.6,2926.4,4322.95,2866.6,3249.1,46,1,3249.0,267,7,3248.9,53,3,3248.8,650,8,3248.7,189,7,3250.1,40,3,3250.4,22,1,3250.5,171,1,3250.6,3,1,3251.0,61,3
11536,2025-12-30 11:42:54+05:30,3250.1,1,3249.36,643226,108875.0,117861.0,3250.0,3257.0,3239.8,3251.5,42423850,3576.6,2926.4,4322.95,2866.6,3249.1,46,1,3249.0,267,7,3248.9,53,3,3248.8,650,8,3248.7,189,7,3250.1,40,3,3250.4,22,1,3250.5,171,1,3250.6,3,1,3251.0,61,3
11536,2025-12-30 11:42:54+05:30,3250.0,37,3249.36,643263,109304.0,118250.0,3250.0,3257.0,3239.8,3251.5,42423850,3576.6,2926.4,4322.95,2866.6,3249.4,3,1,3249.3,64,2,3249.2,207,3,3249.1,306,7,3249.0,356,8,3250.0,26,1,3250.1,14,2,3250.6,22,1,3250.8,15,1,3250.9,175,1
11536,2025-12-30 11:42:55+05:30,3250.0,1,3249.36,643263,109304.0,118250.0,3250.0,3257.0,3239.8,3251.5,42423850,3576.6,2926.4,4322.95,2866.6,3249.4,3,1,3249.3,64,2,3249.2,207,3,3249.1,306,7,3249.0,356,8,3250.0,26,1,3250.1,14,2,3250.6,22,1,3250.8,15,1,3250.9,175,1
11536,2025-12-30 11:42:55+05:30,3250.0,1,3249.36,643394,108842.0,117694.0,3250.0,3257.0,3239.8,3251.5,42423850,3576.6,2926.4,4322.95,2866.6,3249.3,42,4,3249.2,63,3,3249.1,172,5,3249.0,305,8,3248.9,402,6,3250.0,27,3,3250.9,26,2,3251.0,36,2,3251.2,257,5,3251.3,209,2
11536,2025-12-30 11:42:56+05:30,3250.0,1,3249.36,643394,108842.0,117694.0,3250.0,3257.0,3239.8,3251.5,42423850,3576.6,2926.4,4322.95,2866.6,3249.3,42,4,3249.2,63,3,3249.1,172,5,3249.0,305,8,3248.9,402,6,3250.0,27,3,3250.9,26,2,3251.0,36,2,3251.2,257,5,3251.3,209,2
11536,2025-12-30 11:42:56+05:30,3249.4,79,3249.36,643700,108907.0,117386.0,3250.0,3257.0,3239.8,3251.5,42423850,3576.6,2926.4,4322.95,2866.6,3249.4,84,1,3249.3,48,4,3249.2,112,5,3249.1,42,3,3249.0,324,8,3250.0,14,4,3250.9,26,2,3251.0,74,3,3251.2,103,5,3251.3,213,2
11536,2025-12-30 11:42:57+05:30,3249.4,79,3249.36,643700,108907.0,117386.0,3250.0,3257.0,3239.8,3251.5,42423850,3576.6,2926.4,4322.95,2866.6,3249.4,84,1,3249.3,48,4,3249.2,112,5,3249.1,42,3,3249.0,324,8,3250.0,14,4,3250.9,26,2,3251.0,74,3,3251.2,103,5,3251.3,213,2
11536,2025-12-30 11:42:57+05:30,3249.4,79,3249.36,643700,109121.0,117334.0,3250.0,3257.0,3239.8,3251.5,42423850,3576.6,2926.4,4322.95,2866.6,3249.4,173,5,3249.3,141,7,3249.2,196,4,3249.1,42,3,3249.0,324,8,3250.0,22,6,3250.9,26,2,3251.0,74,3,3251.2,83,4,3251.3,215,3
11536,2025-12-30 11:42:58+05:30,3249.4,2,3249.36,643700,109121.0,117334.0,3250.0,3257.0,3239.8,3251.5,42423850,3576.6,2926.4,4322.95,2866.6,3249.4,173,5,3249.3,141,7,3249.2,196,4,3249.1,42,3,3249.0,324,8,3250.0,22,6,3250.9,26,2,3251.0,74,3,3251.2,83,4,3251.3,215,3
11536,2025-12-30 11:42:58+05:30,3249.7,65,3249.36,643817,109438.0,117270.0,3250.0,3257.0,3239.8,3251.5,42423850,3576.6,2926.4,4322.95,2866.6,3249.7,84,1,3249.4,107,3,3249.2,39,3,3249.1,42,3,3249.0,376,10,3250.0,46,6,3250.4,22,1,3250.5,26,1,3250.8,42,2,3250.9,4,1
11536,2025-12-30 11:42:59+05:30,3249.7,27,3249.36,643817,109438.0,117270.0,3250.0,3257.0,3239.8,3251.5,42423850,3576.6,2926.4,4322.95,2866.6,3249.7,84,1,3249.4,107,3,3249.2,39,3,3249.1,42,3,3249.0,376,10,3250.0,46,6,3250.4,22,1,3250.5,26,1,3250.8,42,2,3250.9,4,1
11536,2025-12-30 11:42:59+05:30,3250.0,1,3249.36,643864,109747.0,118055.0,3250.0,3257.0,3239.8,3251.5,42423850,3576.6,2926.4,4322.95,2866.6,3249.7,42,2,3249.4,266,5,3249.2,285,7,3249.1,48,2,3249.0,325,7,3250.0,48,8,3250.3,22,1,3250.4,26,1,3250.7,15,1,3250.8,66,3
11536,2025-12-30 11:43:00+05:30,3249.7,17,3249.36,643864,109747.0,118055.0,3250.0,3257.0,3239.8,3251.5,42423850,3576.6,2926.4,4322.95,2866.6,3249.7,42,2,3249.4,266,5,3249.2,285,7,3249.1,48,2,3249.0,325,7,3250.0,48,8,3250.3,22,1,3250.4,26,1,3250.7,15,1,3250.8,66,3
11536,2025-12-30 11:43:00+05:30,3249.9,21,3249.36,643944,109554.0,118008.0,3250.0,3257.0,3239.8,3251.5,42423850,3576.6,2926.4,4322.95,2866.6,3249.9,46,1,3249.7,4,1,3249.4,111,5,3249.3,46,1,3249.2,210,4,3250.0,42,7,3250.7,23,1,3250.8,66,3,3250.9,223,4,3251.0,79,3
11536,2025-12-30 11:43:01+05:30,3251.0,64,3249.36,643944,109554.0,118008.0,3250.0,3257.0,3239.8,3251.5,42423850,3576.6,2926.4,4322.95,2866.6,3249.9,46,1,3249.7,4,1,3249.4,111,5,3249.3,46,1,3249.2,210,4,3250.0,42,7,3250.7,23,1,3250.8,66,3,3250.9,223,4,3251.0,79,3
11536,2025-12-30 11:43:01+05:30,3251.0,64,3249.37,649951,109395.0,119071.0,3250.0,3257.0,3239.8,3251.5,42423850,3576.6,2926.4,4322.95,2866.6,3250.1,1,1,3249.9,39,1,3249.8,156,1,3249.7,4,1,3249.6,156,1,3250.7,444,8,3250.9,26,1,3251.0,214,4,3251.1,12,2,3251.2,230,7
11536,2025-12-30 11:43:02+05:30,3250.7,1,3249.37,649951,109395.0,119071.0,3250.0,3257.0,3239.8,3251.5,42423850,3576.6,2926.4,4322.95,2866.6,3250.1,1,1,3249.9,39,1,3249.8,156,1,3249.7,4,1,3249.6,156,1,3250.7,444,8,3250.9,26,1,3251.0,214,4,3251.1,12,2,3251.2,230,7
11536,2025-12-30 11:43:02+05:30,3250.7,1,3249.37,649952,108085.0,118371.0,3250.0,3257.0,3239.8,3251.5,42423850,3576.6,2926.4,4322.95,2866.6,3250.1,51,2,3250.0,39,1,3249.8,156,1,3249.7,4,1,3249.6,156,1,3250.7,444,9,3250.9,26,1,3251.0,214,4,3251.1,12,2,3251.2,401,8
11536,2025-12-30 11:43:03+05:30,3250.1,52,3249.37,650055,109578.0,116005.0,3250.0,3257.0,3239.8,3251.5,42423850,3576.6,2926.4,4322.95,2866.6,3250.0,39,1,3249.7,4,1,3249.6,156,1,3249.4,170,4,3249.2,294,7,3250.1,100,3,3250.5,15,1,3250.6,23,1,3250.7,244,6,3250.8,175,1
11536,2025-12-30 11:43:04+05:30,3250.1,52,3249.37,650055,109578.0,116005.0,3250.0,3257.0,3239.8,3251.5,42423850,3576.6,2926.4,4322.95,2866.6,3250.0,39,1,3249.7,4,1,3249.6,156,1,3249.4,170,4,3249.2,294,7,3250.1,100,3,3250.5,15,1,3250.6,23,1,3250.7,244,6,3250.8,175,1
11536,2025-12-30 11:43:04+05:30,3250.0,181,3249.37,650237,108803.0,118294.0,3250.0,3257.0,3239.8,3251.5,42423850,3576.6,2926.4,4322.95,2866.6,3249.7,4,1,3249.4,170,4,3249.2,177,2,3249.1,51,2,3249.0,250,4,3249.9,107,3,3250.1,98,4,3250.2,41,2,3250.3,15,1,3250.4,46,2
11536,2025-12-30 11:43:05+05:30,3249.9,1,3249.37,650237,108803.0,118294.0,3250.0,3257.0,3239.8,3251.5,42423850,3576.6,2926.4,4322.95,2866.6,3249.7,4,1,3249.4,170,4,3249.2,177,2,3249.1,51,2,3249.0,250,4,3249.9,107,3,3250.1,98,4,3250.2,41,2,3250.3,15,1,3250.4,46,2
11536,2025-12-30 11:43:05+05:30,3249.7,8,3249.37,650266,108584.0,118858.0,3250.0,3257.0,3239.8,3251.5,42423850,3576.6,2926.4,4322.95,2866.6,3249.6,55,2,3249.4,14,3,3249.1,51,2,3249.0,177,2,3248.9,113,3,3249.7,68,3,3249.9,108,5,3250.1,2,1,3250.3,33,2,3250.4,43,2
11536,2025-12-30 11:43:06+05:30,3249.7,8,3249.37,650266,108584.0,118858.0,3250.0,3257.0,3239.8,3251.5,42423850,3576.6,2926.4,4322.95,2866.6,3249.6,55,2,3249.4,14,3,3249.1,51,2,3249.0,177,2,3248.9,113,3,3249.7,68,3,3249.9,108,5,3250.1,2,1,3250.3,33,2,3250.4,43,2
11536,2025-12-30 11:43:07+05:30,3249.6,8,3249.37,650378,108274.0,118487.0,3250.0,3257.0,3239.8,3251.5,42423850,3576.6,2926.4,4322.95,2866.6,3249.5,45,1,3249.4,14,3,3249.1,51,2,3249.0,177,2,3248.9,89,2,3249.6,14,3,3249.7,70,5,3249.9,102,4,3250.2,18,1,3250.4,64,3
11536,2025-12-30 11:43:07+05:30,3249.5,1,3249.37,650378,108274.0,118487.0,3250.0,3257.0,3239.8,3251.5,42423850,3576.6,2926.4,4322.95,2866.6,3249.5,45,1,3249.4,14,3,3249.1,51,2,3249.0,177,2,3248.9,89,2,3249.6,14,3,3249.7,70,5,3249.9,102,4,3250.2,18,1,3250.4,64,3
11536,2025-12-30 11:43:08+05:30,3249.1,8,3249.37,651006,107218.0,120255.0,3250.0,3257.0,3239.8,3251.5,42423850,3576.6,2926.4,4322.95,2866.6,3249.1,3,1,3248.9,14,1,3248.8,4,1,3248.7,28,2,3248.6,115,5,3249.4,110,4,3249.5,16,2,3249.6,14,3,3249.7,1,1,3250.1,2,1
11536,2025-12-30 11:43:08+05:30,3249.1,8,3249.37,651006,107218.0,120255.0,3250.0,3257.0,3239.8,3251.5,42423850,3576.6,2926.4,4322.95,2866.6,3249.1,3,1,3248.9,14,1,3248.8,4,1,3248.7,28,2,3248.6,115,5,3249.4,110,4,3249.5,16,2,3249.6,14,3,3249.7,1,1,3250.1,2,1
11536,2025-12-30 11:43:09+05:30,3249.1,2,3249.37,651079,107372.0,120053.0,3250.0,3257.0,3239.8,3251.5,42423850,3576.6,2926.4,4322.95,2866.6,3249.1,68,3,3248.9,14,1,3248.8,27,2,3248.7,4,1,3248.6,138,6,3249.4,111,6,3249.5,16,2,3249.6,2,1,3250.1,2,1,3250.4,50,3
11536,2025-12-30 11:43:09+05:30,3249.4,37,3249.37,651079,107372.0,120053.0,3250.0,3257.0,3239.8,3251.5,42423850,3576.6,2926.4,4322.95,2866.6,3249.1,68,3,3248.9,14,1,3248.8,27,2,3248.7,4,1,3248.6,138,6,3249.4,111,6,3249.5,16,2,3249.6,2,1,3250.1,2,1,3250.4,50,3
11536,2025-12-30 11:43:10+05:30,3248.9,10,3249.37,652768,107092.0,118855.0,3250.0,3257.0,3239.8,3251.5,42423850,3576.6,2926.4,4322.95,2866.6,3248.9,40,3,3248.8,70,3,3248.7,52,3,3248.6,134,8,3248.5,102,3,3249.4,105,7,3250.5,175,1,3250.6,21,1,3250.7,456,3,3250.8,46,2
11536,2025-12-30 11:43:10+05:30,3248.9,10,3249.37,652768,107092.0,118855.0,3250.0,3257.0,3239.8,3251.5,42423850,3576.6,2926.4,4322.95,2866.6,3248.9,40,3,3248.8,70,3,3248.7,52,3,3248.6,134,8,3248.5,102,3,3249.4,105,7,3250.5,175,1,3250.6,21,1,3250.7,456,3,3250.8,46,2
11536,2025-12-30 11:43:11+05:30,3248.9,8,3249.37,652768,107092.0,118855.0,3250.0,3257.0,3239.8,3251.5,42423850,3576.6,2926.4,4322.95,2866.6,3248.9,40,3,3248.8,70,3,3248.7,52,3,3248.6,134,8,3248.5,102,3,3249.4,105,7,3250.5,175,1,3250.6,21,1,3250.7,456,3,3250.8,46,2
11536,2025-12-30 11:43:11+05:30,3248.9,8,3249.37,653531,107595.0,120097.0,3250.0,3257.0,3239.8,3251.5,42423850,3576.6,2926.4,4322.95,2866.6,3248.9,77,5,3248.8,53,4,3248.7,61,3,3248.6,63,6,3248.5,129,4,3249.4,70,3,3250.6,21,1,3250.7,327,3,3250.8,46,2,3250.9,221,3
11536,2025-12-30 11:43:12+05:30,3248.9,9,3249.37,653531,107595.0,120097.0,3250.0,3257.0,3239.8,3251.5,42423850,3576.6,2926.4,4322.95,2866.6,3248.9,77,5,3248.8,53,4,3248.7,61,3,3248.6,63,6,3248.5,129,4,3249.4,70,3,3250.6,21,1,3250.7,327,3,3250.8,46,2,3250.9,221,3
11536,2025-12-30 11:43:12+05:30,3248.9,9,3249.37,653990,106556.0,120272.0,3250.0,3257.0,3239.8,3251.5,42423850,3576.6,2926.4,4322.95,2866.6,3248.9,166,8,3248.8,71,5,3248.7,34,2,3248.6,80,7,3248.5,129,4,3249.4,60,5,3250.6,71,3,3250.7,110,1,3250.8,47,3,3250.9,221,3
11536,2025-12-30 11:43:13+05:30,3249.0,18,3249.37,653990,106556.0,120272.0,3250.0,3257.0,3239.8,3251.5,42423850,3576.6,2926.4,4322.95,2866.6,3248.9,166,8,3248.8,71,5,3248.7,34,2,3248.6,80,7,3248.5,129,4,3249.4,60,5,3250.6,71,3,3250.7,110,1,3250.8,47,3,3250.9,221,3
11536,2025-12-30 11:43:13+05:30,3249.4,1,3249.37,654553,107993.0,120203.0,3250.0,3257.0,3239.8,3251.5,42423850,3576.6,2926.4,4322.95,2866.6,3249.1,63,5,3249.0,78,5,3248.9,64,4,3248.8,53,3,3248.7,38,2,3249.4,50,7,3250.2,3,1,3250.3,3,1,3250.6,15,1,3250.7,46,1
11536,2025-12-30 11:43:14+05:30,3249.4,8,3249.37,654553,107993.0,120203.0,3250.0,3257.0,3239.8,3251.5,42423850,3576.6,2926.4,4322.95,2866.6,3249.1,63,5,3249.0,78,5,3248.9,64,4,3248.8,53,3,3248.7,38,2,3249.4,50,7,3250.2,3,1,3250.3,3,1,3250.6,15,1,3250.7,46,1
11536,2025-12-30 11:43:14+05:30,3249.0,16,3249.37,654668,107963.0,120208.0,3250.0,3257.0,3239.8,3251.5,42423850,3576.6,2926.4,4322.95,2866.6,3249.1,5,1,3249.0,108,6,3248.9,53,4,3248.8,90,5,3248.7,38,2,3249.4,65,10,3250.2,3,1,3250.3,3,1,3250.7,46,1,3250.8,47,3
11536,2025-12-30 11:43:15+05:30,3249.4,1,3249.37,654668,107963.0,120208.0,3250.0,3257.0,3239.8,3251.5,42423850,3576.6,2926.4,4322.95,2866.6,3249.1,5,1,3249.0,108,6,3248.9,53,4,3248.8,90,5,3248.7,38,2,3249.4,65,10,3250.2,3,1,3250.3,3,1,3250.7,46,1,3250.8,47,3
11536,2025-12-30 11:43:15+05:30,3249.1,3,3249.37,654907,107632.0,120375.0,3250.0,3257.0,3239.8,3251.5,42423850,3576.6,2926.4,4322.95,2866.6,3249.1,51,4,3249.0,136,6,3248.9,27,3,3248.8,108,6,3248.7,20,1,3249.4,53,12,3250.3,3,1,3250.8,37,3,3250.9,175,1,3251.0,60,3
11536,2025-12-30 11:43:16+05:30,3249.4,1,3249.37,654907,107632.0,120375.0,3250.0,3257.0,3239.8,3251.5,42423850,3576.6,2926.4,4322.95,2866.6,3249.1,51,4,3249.0,136,6,3248.9,27,3,3248.8,108,6,3248.7,20,1,3249.4,53,12,3250.3,3,1,3250.8,37,3,3250.9,175,1,3251.0,60,3
11536,2025-12-30 11:43:16+05:30,3249.1,2,3249.37,655097,108214.0,119440.0,3250.0,3257.0,3239.8,3251.5,42423850,3576.6,2926.4,4322.95,2866.6,3249.1,47,3,3249.0,67,3,3248.9,27,3,3248.8,130,7,3248.7,20,1,3249.4,47,12,3250.8,87,5,3250.9,25,1,3251.0,35,2,3251.1,178,2
11536,2025-12-30 11:43:17+05:30,3249.1,2,3249.37,655097,108214.0,119440.0,3250.0,3257.0,3239.8,3251.5,42423850,3576.6,2926.4,4322.95,2866.6,3249.1,47,3,3249.0,67,3,3248.9,27,3,3248.8,130,7,3248.7,20,1,3249.4,47,12,3250.8,87,5,3250.9,25,1,3251.0,35,2,3251.1,178,2
11536,2025-12-30 11:43:17+05:30,3249.1,2,3249.37,655283,108115.0,118500.0,3250.0,3257.0,3239.8,3251.5,42423850,3576.6,2926.4,4322.95,2866.6,3249.1,33,3,3249.0,55,2,3248.9,15,2,3248.8,108,6,3248.7,20,1,3249.4,42,12,3250.7,50,2,3250.8,41,4,3250.9,25,1,3251.0,210,3
11536,2025-12-30 11:43:18+05:30,3249.1,20,3249.37,655283,108115.0,118500.0,3250.0,3257.0,3239.8,3251.5,42423850,3576.6,2926.4,4322.95,2866.6,3249.1,46,5,3249.0,71,3,3248.9,37,3,3248.8,134,7,3248.7,25,2,3249.4,35,11,3250.7,50,2,3250.8,43,5,3250.9,25,1,3251.0,210,3
11536,2025-12-30 11:43:18+05:30,3249.1,20,3249.37,655392,108180.0,119718.0,3250.0,3257.0,3239.8,3251.5,42423850,3576.6,2926.4,4322.95,2866.6,3249.1,46,5,3249.0,71,3,3248.9,37,3,3248.8,134,7,3248.7,25,2,3249.4,35,11,3250.7,50,2,3250.8,43,5,3250.9,25,1,3251.0,210,3
11536,2025-12-30 11:43:19+05:30,3249.2,21,3249.37,655392,108180.0,119718.0,3250.0,3257.0,3239.8,3251.5,42423850,3576.6,2926.4,4322.95,2866.6,3249.1,46,5,3249.0,71,3,3248.9,37,3,3248.8,134,7,3248.7,25,2,3249.4,35,11,3250.7,50,2,3250.8,43,5,3250.9,25,1,3251.0,210,3
11536,2025-12-30 11:43:19+05:30,3249.2,21,3249.37,655476,108367.0,119712.0,3250.0,3257.0,3239.8,3251.5,42423850,3576.6,2926.4,4322.95,2866.6,3249.2,66,1,3249.1,39,3,3249.0,71,3,3248.9,10,1,3248.8,264,7,3249.4,29,11,3250.7,4,1,3250.8,89,6,3250.9,25,1,3251.0,210,3
11536,2025-12-30 11:43:20+05:30,3249.2,16,3249.37,655476,108367.0,119712.0,3250.0,3257.0,3239.8,3251.5,42423850,3576.6,2926.4,4322.95,2866.6,3249.2,66,1,3249.1,39,3,3249.0,71,3,3248.9,10,1,3248.8,264,7,3249.4,29,11,3250.7,4,1,3250.8,89,6,3250.9,25,1,3251.0,210,3
11536,2025-12-30 11:43:20+05:30,3249.2,16,3249.37,655538,108460.0,119706.0,3250.0,3257.0,3239.8,3251.5,42423850,3576.6,2926.4,4322.95,2866.6,3249.2,34,4,3249.1,28,3,3249.0,73,3,3248.9,33,2,3248.8,269,7,3249.4,26,12,3250.5,7,2,3250.8,89,6,3250.9,25,1,3251.0,210,3
11536,2025-12-30 11:43:21+05:30,3249.2,7,3249.37,655538,108460.0,119706.0,3250.0,3257.0,3239.8,3251.5,42423850,3576.6,2926.4,4322.95,2866.6,3249.2,34,4,3249.1,28,3,3249.0,73,3,3248.9,33,2,3248.8,269,7,3249.4,26,12,3250.5,7,2,3250.8,89,6,3250.9,25,1,3251.0,210,3
11536,2025-12-30 11:43:21+05:30,3249.2,7,3249.37,655586,108331.0,118535.0,3250.0,3257.0,3239.8,3251.5,42423850,3576.6,2926.4,4322.95,2866.6,3249.2,107,4,3249.1,28,3,3249.0,33,2,3248.9,33,2,3248.8,91,5,3249.4,56,13,3250.5,7,2,3250.7,46,1,3250.8,43,5,3250.9,25,1
11536,2025-12-30 11:43:22+05:30,3249.2,5,3249.37,655626,108373.0,119180.0,3250.0,3257.0,3239.8,3251.5,42423850,3576.6,2926.4,4322.95,2866.6,3249.2,56,3,3249.1,11,1,3248.9,10,1,3248.8,209,4,3248.7,35,4,3249.4,54,12,3250.3,22,1,3250.4,26,1,3250.5,45,4,3250.7,46,1
11536,2025-12-30 11:43:22+05:30,3249.2,5,3249.37,655626,108373.0,119180.0,3250.0,3257.0,3239.8,3251.5,42423850,3576.6,2926.4,4322.95,2866.6,3249.2,56,3,3249.1,11,1,3248.9,10,1,3248.8,209,4,3248.7,35,4,3249.4,54,12,3250.3,22,1,3250.4,26,1,3250.5,45,4,3250.7,46,1
11536,2025-12-30 11:43:23+05:30,3249.2,1,3249.37,655658,108352.0,120614.0,3250.0,3257.0,3239.8,3251.5,42423850,3576.6,2926.4,4322.95,2866.6,3249.2,95,3,3249.1,11,1,3248.9,10,1,3248.8,53,3,3248.7,35,4,3249.4,55,13,3249.9,22,1,3250.0,26,1,3250.5,45,4,3250.7,46,1
11536,2025-12-30 11:43:23+05:30,3249.2,1,3249.37,655658,108352.0,120614.0,3250.0,3257.0,3239.8,3251.5,42423850,3576.6,2926.4,4322.95,2866.6,3249.2,95,3,3249.1,11,1,3248.9,10,1,3248.8,53,3,3248.7,35,4,3249.4,55,13,3249.9,22,1,3250.0,26,1,3250.5,45,4,3250.7,46,1
11536,2025-12-30 11:43:24+05:30,3249.4,27,3249.37,655658,108352.0,120614.0,3250.0,3257.0,3239.8,3251.5,42423850,3576.6,2926.4,4322.95,2866.6,3249.2,95,3,3249.1,11,1,3248.9,10,1,3248.8,53,3,3248.7,35,4,3249.4,55,13,3249.9,22,1,3250.0,26,1,3250.5,45,4,3250.7,46,1
11536,2025-12-30 11:43:24+05:30,3249.4,27,3249.37,655722,108155.0,120566.0,3250.0,3257.0,3239.8,3251.5,42423850,3576.6,2926.4,4322.95,2866.6,3249.2,69,2,3249.1,11,1,3249.0,11,1,3248.9,10,1,3248.8,53,3,3249.4,15,10,3250.0,26,1,3250.4,22,1,3250.5,45,4,3250.7,46,1
11536,2025-12-30 11:43:25+05:30,3249.2,1,3249.37,655722,108155.0,120566.0,3250.0,3257.0,3239.8,3251.5,42423850,3576.6,2926.4,4322.95,2866.6,3249.2,69,2,3249.1,11,1,3249.0,11,1,3248.9,10,1,3248.8,53,3,3249.4,15,10,3250.0,26,1,3250.4,22,1,3250.5,45,4,3250.7,46,1
11536,2025-12-30 11:43:25+05:30,3249.2,1,3249.37,655743,108158.0,120614.0,3250.0,3257.0,3239.8,3251.5,42423850,3576.6,2926.4,4322.95,2866.6,3249.2,120,4,3249.1,16,2,3249.0,56,3,3248.9,31,2,3248.8,93,5,3249.4,13,10,3250.0,26,1,3250.4,22,1,3250.5,22,3,3250.7,46,1
11536,2025-12-30 11:43:26+05:30,3249.2,5,3249.37,655743,108158.0,120614.0,3250.0,3257.0,3239.8,3251.5,42423850,3576.6,2926.4,4322.95,2866.6,3249.2,120,4,3249.1,16,2,3249.0,56,3,3248.9,31,2,3248.8,93,5,3249.4,13,10,3250.0,26,1,3250.4,22,1,3250.5,22,3,3250.7,46,1
11536,2025-12-30 11:43:26+05:30,3249.2,5,3249.37,655755,108418.0,120704.0,3250.0,3257.0,3239.8,3251.5,42423850,3576.6,2926.4,4322.95,2866.6,3249.3,34,1,3249.2,58,2,3249.1,34,3,3249.0,39,2,3248.9,31,2,3249.4,15,12,3250.0,26,1,3250.4,22,1,3250.5,22,3,3250.7,46,1
11536,2025-12-30 11:43:27+05:30,3249.3,1,3249.37,655853,108794.0,120702.0,3250.0,3257.0,3239.8,3251.5,42423850,3576.6,2926.4,4322.95,2866.6,3249.3,36,1,3249.2,54,2,3249.1,11,1,3249.0,28,2,3248.9,31,2,3249.4,13,12,3249.9,22,1,3250.0,26,1,3250.5,22,3,3250.7,71,2
11536,2025-12-30 11:43:27+05:30,3249.3,1,3249.37,655853,108794.0,120702.0,3250.0,3257.0,3239.8,3251.5,42423850,3576.6,2926.4,4322.95,2866.6,3249.3,36,1,3249.2,54,2,3249.1,11,1,3249.0,28,2,3248.9,31,2,3249.4,13,12,3249.9,22,1,3250.0,26,1,3250.5,22,3,3250.7,71,2
11536,2025-12-30 11:43:28+05:30,3249.2,3,3249.37,655853,108794.0,120702.0,3250.0,3257.0,3239.8,3251.5,42423850,3576.6,2926.4,4322.95,2866.6,3249.3,36,1,3249.2,54,2,3249.1,11,1,3249.0,28,2,3248.9,31,2,3249.4,13,12,3249.9,22,1,3250.0,26,1,3250.5,22,3,3250.7,71,2
11536,2025-12-30 11:43:28+05:30,3249.2,3,3249.37,656006,108769.0,119335.0,3250.0,3257.0,3239.8,3251.5,42423850,3576.6,2926.4,4322.95,2866.6,3249.2,61,4,3249.1,11,1,3249.0,289,5,3248.9,31,2,3248.8,121,5,3250.2,75,6,3250.4,26,3,3250.5,10,2,3250.6,41,2,3250.7,46,1
11536,2025-12-30 11:43:29+05:30,3249.2,3,3249.37,656006,108769.0,119337.0,3250.0,3257.0,3239.8,3251.5,42423850,3576.6,2926.4,4322.95,2866.6,3249.2,61,4,3249.1,11,1,3249.0,289,5,3248.9,31,2,3248.8,121,5,3250.2,77,8,3250.4,26,3,3250.5,10,2,3250.6,41,2,3250.7,46,1
11536,2025-12-30 11:43:30+05:30,3249.2,4,3249.37,656006,108769.0,119337.0,3250.0,3257.0,3239.8,3251.5,42423850,3576.6,2926.4,4322.95,2866.6,3249.2,61,4,3249.1,11,1,3249.0,289,5,3248.9,31,2,3248.8,121,5,3250.2,77,8,3250.4,26,3,3250.5,10,2,3250.6,41,2,3250.7,46,1
11536,2025-12-30 11:43:30+05:30,3249.2,4,3249.37,656051,108767.0,119377.0,3250.0,3257.0,3239.8,3251.5,42423850,3576.6,2926.4,4322.95,2866.6,3249.2,26,3,3249.1,11,1,3249.0,228,4,3248.9,10,1,3248.8,96,4,3250.2,82,10,3250.3,26,2,3250.4,42,4,3250.5,36,3,3250.6,41,2
11536,2025-12-30 11:43:31+05:30,3250.0,2,3249.37,656051,108767.0,119377.0,3250.0,3257.0,3239.8,3251.5,42423850,3576.6,2926.4,4322.95,2866.6,3249.2,26,3,3249.1,11,1,3249.0,228,4,3248.9,10,1,3248.8,96,4,3250.2,82,10,3250.3,26,2,3250.4,42,4,3250.5,36,3,3250.6,41,2
11536,2025-12-30 11:43:31+05:30,3250.0,3,3249.37,656079,108645.0,119348.0,3250.0,3257.0,3239.8,3251.5,42423850,3576.6,2926.4,4322.95,2866.6,3249.2,8,2,3249.1,11,1,3249.0,72,3,3248.9,10,1,3248.8,230,4,3250.0,47,5,3250.1,10,2,3250.2,4,3,3250.3,26,2,3250.4,42,4
11536,2025-12-30 11:43:32+05:30,3249.2,1,3249.37,656079,108645.0,119348.0,3250.0,3257.0,3239.8,3251.5,42423850,3576.6,2926.4,4322.95,2866.6,3249.2,8,2,3249.1,11,1,3249.0,72,3,3248.9,10,1,3248.8,230,4,3250.0,47,5,3250.1,10,2,3250.2,4,3,3250.3,26,2,3250.4,42,4
11536,2025-12-30 11:43:32+05:30,3249.2,1,3249.37,656094,108457.0,119516.0,3250.0,3257.0,3239.8,3251.5,42423850,3576.6,2926.4,4322.95,2866.6,3249.2,8,2,3249.1,11,1,3249.0,72,3,3248.9,10,1,3248.8,230,4,3250.0,51,9,3250.1,10,2,3250.2,1,1,3250.3,26,2,3250.4,202,4
11536,2025-12-30 11:43:33+05:30,3249.2,5,3249.37,656094,108457.0,119516.0,3250.0,3257.0,3239.8,3251.5,42423850,3576.6,2926.4,4322.95,2866.6,3249.2,8,2,3249.1,11,1,3249.0,72,3,3248.9,10,1,3248.8,230,4,3250.0,51,9,3250.1,10,2,3250.2,1,1,3250.3,26,2,3250.4,202,4
11536,2025-12-30 11:43:33+05:30,3249.2,5,3249.37,656107,108707.0,119824.0,3250.0,3257.0,3239.8,3251.5,42423850,3576.6,2926.4,4322.95,2866.6,3249.2,59,3,3249.1,11,1,3249.0,72,3,3248.9,10,1,3248.8,178,2,3249.9,26,4,3250.0,27,7,3250.1,9,1,3250.3,331,4,3250.4,248,5
11536,2025-12-30 11:43:34+05:30,3251.0,2136,3249.37,656107,108707.0,119824.0,3250.0,3257.0,3239.8,3251.5,42423850,3576.6,2926.4,4322.95,2866.6,3249.2,59,3,3249.1,11,1,3249.0,72,3,3248.9,10,1,3248.8,178,2,3249.9,26,4,3250.0,27,7,3250.1,9,1,3250.3,331,4,3250.4,248,5
11536,2025-12-30 11:43:34+05:30,3251.0,2136,3249.38,662548,108136.0,119287.0,3250.0,3257.0,3239.8,3251.5,42423850,3576.6,2926.4,4322.95,2866.6,3249.4,4,1,3249.3,4,1,3249.2,26,2,3249.1,81,3,3249.0,253,5,3250.3,23,1,3250.4,472,4,3250.6,15,1,3250.7,26,1,3250.8,38,2
11536,2025-12-30 11:43:35+05:30,3250.3,1,3249.38,662548,108136.0,119287.0,3250.0,3257.0,3239.8,3251.5,42423850,3576.6,2926.4,4322.95,2866.6,3249.4,4,1,3249.3,4,1,3249.2,26,2,3249.1,81,3,3249.0,253,5,3250.3,23,1,3250.4,472,4,3250.6,15,1,3250.7,26,1,3250.8,38,2
11536,2025-12-30 11:43:35+05:30,3250.3,1,3249.38,662549,108478.0,119710.0,3250.0,3257.0,3239.8,3251.5,42423850,3576.6,2926.4,4322.95,2866.6,3249.4,4,1,3249.3,4,1,3249.2,26,2,3249.1,81,3,3249.0,253,5,3250.3,23,2,3250.4,472,4,3250.5,41,2,3250.6,15,1,3250.7,55,2
11536,2025-12-30 11:43:36+05:30,3249.4,4,3249.38,662549,108478.0,119710.0,3250.0,3257.0,3239.8,3251.5,42423850,3576.6,2926.4,4322.95,2866.6,3249.4,4,1,3249.3,4,1,3249.2,26,2,3249.1,81,3,3249.0,253,5,3250.3,23,2,3250.4,472,4,3250.5,41,2,3250.6,15,1,3250.7,55,2
11536,2025-12-30 11:43:36+05:30,3249.4,510,3249.38,663064,108170.0,120990.0,3250.0,3257.0,3239.8,3251.5,42423850,3576.6,2926.4,4322.95,2866.6,3249.2,5,1,3249.1,54,4,3249.0,51,2,3248.9,10,1,3248.8,250,5,3249.4,193,1,3250.3,22,2,3250.4,287,3,3250.5,72,2,3250.6,17,2
11536,2025-12-30 11:43:37+05:30,3249.0,92,3249.38,663064,108170.0,120990.0,3250.0,3257.0,3239.8,3251.5,42423850,3576.6,2926.4,4322.95,2866.6,3249.2,5,1,3249.1,54,4,3249.0,51,2,3248.9,10,1,3248.8,250,5,3249.4,193,1,3250.3,22,2,3250.4,287,3,3250.5,72,2,3250.6,17,2
11536,2025-12-30 11:43:37+05:30,3249.0,92,3249.38,663340,107539.0,121258.0,3250.0,3257.0,3239.8,3251.5,42423850,3576.6,2926.4,4322.95,2866.6,3248.9,10,1,3248.8,28,1,3248.7,29,4,3248.6,27,3,3248.5,21,2,3249.0,97,1,3249.2,10,3,3249.4,263,5,3250.2,46,1,3250.3,21,1
11536,2025-12-30 11:43:38+05:30,3248.9,80,3249.38,663340,107539.0,121258.0,3250.0,3257.0,3239.8,3251.5,42423850,3576.6,2926.4,4322.95,2866.6,3248.9,10,1,3248.8,28,1,3248.7,29,4,3248.6,27,3,3248.5,21,2,3249.0,97,1,3249.2,10,3,3249.4,263,5,3250.2,46,1,3250.3,21,1
11536,2025-12-30 11:43:38+05:30,3248.9,80,3249.38,663420,106576.0,121111.0,3250.0,3257.0,3239.8,3251.5,42423850,3576.6,2926.4,4322.95,2866.6,3248.8,28,1,3248.7,6,2,3248.6,7,2,3248.4,63,3,3248.3,3,1,3248.9,134,4,3249.0,123,4,3249.2,10,3,3249.4,40,2,3249.6,21,1
11536,2025-12-30 11:43:39+05:30,3248.8,28,3249.38,663420,106576.0,121111.0,3250.0,3257.0,3239.8,3251.5,42423850,3576.6,2926.4,4322.95,2866.6,3248.8,28,1,3248.7,6,2,3248.6,7,2,3248.4,63,3,3248.3,3,1,3248.9,134,4,3249.0,123,4,3249.2,10,3,3249.4,40,2,3249.6,21,1
11536,2025-12-30 11:43:39+05:30,3248.6,2,3249.38,663562,105710.0,121014.0,3250.0,3257.0,3239.8,3251.5,42423850,3576.6,2926.4,4322.95,2866.6,3248.6,14,3,3248.4,64,4,3248.3,7,2,3248.2,97,5,3248.1,191,8,3248.7,8,1,3248.8,5,4,3248.9,134,4,3249.0,115,3,3249.2,1,1
11536,2025-12-30 11:43:40+05:30,3248.7,13,3249.38,663562,105710.0,121014.0,3250.0,3257.0,3239.8,3251.5,42423850,3576.6,2926.4,4322.95,2866.6,3248.6,14,3,3248.4,64,4,3248.3,7,2,3248.2,97,5,3248.1,191,8,3248.7,8,1,3248.8,5,4,3248.9,134,4,3249.0,115,3,3249.2,1,1
11536,2025-12-30 11:43:40+05:30,3248.7,7,3249.38,665732,105501.0,121282.0,3250.0,3257.0,3239.8,3251.5,42423850,3576.6,2926.4,4322.95,2866.6,3248.5,21,1,3248.4,53,3,3248.3,54,2,3248.2,80,5,3248.1,45,4,3248.7,9,1,3248.8,103,6,3248.9,5,2,3249.0,18,2,3249.4,32,1
11536,2025-12-30 11:43:41+05:30,3248.5,5,3249.38,665732,105501.0,121282.0,3250.0,3257.0,3239.8,3251.5,42423850,3576.6,2926.4,4322.95,2866.6,3248.5,21,1,3248.4,53,3,3248.3,54,2,3248.2,80,5,3248.1,45,4,3248.7,9,1,3248.8,103,6,3248.9,5,2,3249.0,18,2,3249.4,32,1
11536,2025-12-30 11:43:41+05:30,3248.5,4,3249.38,665796,105546.0,121264.0,3250.0,3257.0,3239.8,3251.5,42423850,3576.6,2926.4,4322.95,2866.6,3248.5,92,4,3248.4,44,2,3248.3,8,1,3248.2,82,4,3248.1,63,5,3248.7,31,7,3248.8,99,3,3248.9,2,1,3249.4,32,1,3250.1,74,2
11536,2025-12-30 11:43:42+05:30,3248.5,12,3249.38,665796,105546.0,121264.0,3250.0,3257.0,3239.8,3251.5,42423850,3576.6,2926.4,4322.95,2866.6,3248.5,92,4,3248.4,44,2,3248.3,8,1,3248.2,82,4,3248.1,63,5,3248.7,31,7,3248.8,99,3,3248.9,2,1,3249.4,32,1,3250.1,74,2
11536,2025-12-30 11:43:42+05:30,3248.5,2,3249.38,666638,104104.0,121233.0,3250.0,3257.0,3239.8,3251.5,42423850,3576.6,2926.4,4322.95,2866.6,3248.5,29,3,3248.3,102,5,3248.2,83,6,3248.1,57,6,3248.0,67,5,3248.7,22,8,3248.8,33,1,3249.4,32,1,3250.1,40,2,3250.2,20,1
11536,2025-12-30 11:43:43+05:30,3248.5,2,3249.38,666638,104104.0,121233.0,3250.0,3257.0,3239.8,3251.5,42423850,3576.6,2926.4,4322.95,2866.6,3248.5,29,3,3248.3,102,5,3248.2,83,6,3248.1,57,6,3248.0,67,5,3248.7,22,8,3248.8,33,1,3249.4,32,1,3250.1,40,2,3250.2,20,1
11536,2025-12-30 11:43:43+05:30,3248.3,1,3249.38,666983,102274.0,121260.0,3250.0,3257.0,3239.8,3251.5,42423850,3576.6,2926.4,4322.95,2866.6,3248.3,88,7,3248.2,46,4,3248.1,62,5,3248.0,83,5,3247.9,386,4,3248.7,56,7,3249.4,32,1,3250.0,3,1,3250.2,20,1,3250.3,175,1
11536,2025-12-30 11:43:44+05:30,3248.7,6,3249.38,666983,102274.0,121260.0,3250.0,3257.0,3239.8,3251.5,42423850,3576.6,2926.4,4322.95,2866.6,3248.3,88,7,3248.2,46,4,3248.1,62,5,3248.0,83,5,3247.9,386,4,3248.7,56,7,3249.4,32,1,3250.0,3,1,3250.2,20,1,3250.3,175,1
11536,2025-12-30 11:43:45+05:30,3248.3,43,3249.38,667251,104002.0,121230.0,3250.0,3257.0,3239.8,3251.5,42423850,3576.6,2926.4,4322.95,2866.6,3248.3,144,8,3248.2,63,4,3248.1,57,5,3248.0,64,4,3247.9,86,3,3248.7,41,7,3249.4,32,1,3250.0,3,1,3250.1,46,1,3250.2,20,1
11536,2025-12-30 11:43:45+05:30,3248.7,1,3249.38,667251,104002.0,121230.0,3250.0,3257.0,3239.8,3251.5,42423850,3576.6,2926.4,4322.95,2866.6,3248.3,144,8,3248.2,63,4,3248.1,57,5,3248.0,64,4,3247.9,86,3,3248.7,41,7,3249.4,32,1,3250.0,3,1,3250.1,46,1,3250.2,20,1
11536,2025-12-30 11:43:46+05:30,3248.3,18,3249.38,667482,102243.0,121165.0,3250.0,3257.0,3239.8,3251.5,42423850,3576.6,2926.4,4322.95,2866.6,3248.3,10,1,3248.2,73,5,3248.1,80,6,3248.0,57,3,3247.9,86,3,3248.7,34,9,3249.4,32,1,3250.0,3,1,3250.1,15,1,3250.2,22,2
11536,2025-12-30 11:43:46+05:30,3248.7,1,3249.38,667482,102243.0,121165.0,3250.0,3257.0,3239.8,3251.5,42423850,3576.6,2926.4,4322.95,2866.6,3248.3,10,1,3248.2,73,5,3248.1,80,6,3248.0,57,3,3247.9,86,3,3248.7,34,9,3249.4,32,1,3250.0,3,1,3250.1,15,1,3250.2,22,2
11536,2025-12-30 11:43:47+05:30,3248.2,79,3249.38,667867,103294.0,121343.0,3250.0,3257.0,3239.8,3251.5,42423850,3576.6,2926.4,4322.95,2866.6,3248.2,44,4,3248.1,71,5,3248.0,56,3,3247.9,45,2,3247.8,367,4,3248.7,33,11,3249.4,32,1,3249.6,5,1,3249.7,59,3,3249.8,2,1
11536,2025-12-30 11:43:47+05:30,3248.2,1,3249.38,667867,103294.0,121343.0,3250.0,3257.0,3239.8,3251.5,42423850,3576.6,2926.4,4322.95,2866.6,3248.2,44,4,3248.1,71,5,3248.0,56,3,3247.9,45,2,3247.8,367,4,3248.7,33,11,3249.4,32,1,3249.6,5,1,3249.7,59,3,3249.8,2,1
11536,2025-12-30 11:43:48+05:30,3248.2,32,3249.38,667977,103250.0,121309.0,3250.0,3257.0,3239.8,3251.5,42423850,3576.6,2926.4,4322.95,2866.6,3248.2,47,3,3248.1,56,4,3248.0,36,2,3247.9,65,3,3247.8,91,4,3248.7,31,9,3249.4,32,1,3249.6,5,1,3249.7,59,3,3249.8,2,1
11536,2025-12-30 11:43:48+05:30,3248.2,5,3249.38,667977,103250.0,121309.0,3250.0,3257.0,3239.8,3251.5,42423850,3576.6,2926.4,4322.95,2866.6,3248.2,47,3,3248.1,56,4,3248.0,36,2,3247.9,65,3,3247.8,91,4,3248.7,31,9,3249.4,32,1,3249.6,5,1,3249.7,59,3,3249.8,2,1
11536,2025-12-30 11:43:49+05:30,3248.3,2,3249.38,668129,103558.0,121026.0,3250.0,3257.0,3239.8,3251.5,42423850,3576.6,2926.4,4322.95,2866.6,3248.3,57,5,3248.2,71,5,3248.1,155,7,3248.0,60,4,3247.9,65,3,3248.7,22,8,3249.4,32,1,3249.6,3,1,3249.7,3,1,3250.0,15,1
11536,2025-12-30 11:43:49+05:30,3248.3,1,3249.38,668129,103558.0,121026.0,3250.0,3257.0,3239.8,3251.5,42423850,3576.6,2926.4,4322.95,2866.6,3248.3,57,5,3248.2,71,5,3248.1,155,7,3248.0,60,4,3247.9,65,3,3248.7,22,8,3249.4,32,1,3249.6,3,1,3249.7,3,1,3250.0,15,1
11536,2025-12-30 11:43:50+05:30,3248.3,32,3249.38,668241,103184.0,120658.0,3250.0,3257.0,3239.8,3251.5,42423850,3576.6,2926.4,4322.95,2866.6,3248.3,33,3,3248.2,74,6,3248.1,118,5,3248.0,37,2,3247.9,65,3,3248.7,15,6,3249.4,32,1,3249.6,3,1,3249.7,3,1,3250.0,15,1
11536,2025-12-30 11:43:50+05:30,3248.3,32,3249.38,668241,103184.0,120658.0,3250.0,3257.0,3239.8,3251.5,42423850,3576.6,2926.4,4322.95,2866.6,3248.3,33,3,3248.2,74,6,3248.1,118,5,3248.0,37,2,3247.9,65,3,3248.7,15,6,3249.4,32,1,3249.6,3,1,3249.7,3,1,3250.0,15,1
11536,2025-12-30 11:43:51+05:30,3248.3,30,3249.38,668241,103184.0,120658.0,3250.0,3257.0,3239.8,3251.5,42423850,3576.6,2926.4,4322.95,2866.6,3248.3,33,3,3248.2,74,6,3248.1,118,5,3248.0,37,2,3247.9,65,3,3248.7,15,6,3249.4,32,1,3249.6,3,1,3249.7,3,1,3250.0,15,1
11536,2025-12-30 11:43:51+05:30,3248.3,30,3249.38,668303,102010.0,121099.0,3250.0,3257.0,3239.8,3251.5,42423850,3576.6,2926.4,4322.95,2866.6,3248.3,64,2,3248.2,75,6,3248.1,51,5,3248.0,20,1,3247.9,65,3,3248.7,73,10,3249.6,3,1,3249.7,3,1,3249.9,46,1,3250.0,15,1
11536,2025-12-30 11:43:52+05:30,3248.3,33,3249.38,668303,102010.0,121099.0,3250.0,3257.0,3239.8,3251.5,42423850,3576.6,2926.4,4322.95,2866.6,3248.3,64,2,3248.2,75,6,3248.1,51,5,3248.0,20,1,3247.9,65,3,3248.7,73,10,3249.6,3,1,3249.7,3,1,3249.9,46,1,3250.0,15,1
11536,2025-12-30 11:43:52+05:30,3248.3,33,3249.38,668408,103281.0,121109.0,3250.0,3257.0,3239.8,3251.5,42423850,3576.6,2926.4,4322.95,2866.6,3248.4,46,1,3248.2,27,3,3248.1,33,3,3248.0,60,3,3247.9,65,3,3248.7,72,11,3249.5,26,1,3249.6,3,1,3249.7,18,2,3249.8,2,1
11536,2025-12-30 11:43:53+05:30,3248.4,17,3249.38,668408,103281.0,121109.0,3250.0,3257.0,3239.8,3251.5,42423850,3576.6,2926.4,4322.95,2866.6,3248.4,46,1,3248.2,27,3,3248.1,33,3,3248.0,60,3,3247.9,65,3,3248.7,72,11,3249.5,26,1,3249.6,3,1,3249.7,18,2,3249.8,2,1
11536,2025-12-30 11:43:53+05:30,3248.4,14,3249.38,668444,103543.0,121155.0,3250.0,3257.0,3239.8,3251.5,42423850,3576.6,2926.4,4322.95,2866.6,3248.4,10,1,3248.2,27,3,3248.1,37,3,3248.0,43,2,3247.9,25,2,3248.7,70,11,3249.5,26,1,3249.6,3,1,3249.7,90,4,3249.8,2,1
11536,2025-12-30 11:43:54+05:30,3248.4,17,3249.38,668444,103543.0,121155.0,3250.0,3257.0,3239.8,3251.5,42423850,3576.6,2926.4,4322.95,2866.6,3248.4,10,1,3248.2,27,3,3248.1,37,3,3248.0,43,2,3247.9,25,2,3248.7,70,11,3249.5,26,1,3249.6,3,1,3249.7,90,4,3249.8,2,1
11536,2025-12-30 11:43:54+05:30,3248.5,14,3249.38,668521,103778.0,121187.0,3250.0,3257.0,3239.8,3251.5,42423850,3576.6,2926.4,4322.95,2866.6,3248.5,66,1,3248.2,21,1,3248.1,37,3,3248.0,92,4,3247.9,25,2,3248.7,31,9,3249.5,26,1,3249.6,3,1,3249.7,44,3,3249.8,2,1
11536,2025-12-30 11:43:55+05:30,3248.5,14,3249.38,668521,103778.0,121187.0,3250.0,3257.0,3239.8,3251.5,42423850,3576.6,2926.4,4322.95,2866.6,3248.5,66,1,3248.2,21,1,3248.1,37,3,3248.0,92,4,3247.9,25,2,3248.7,31,9,3249.5,26,1,3249.6,3,1,3249.7,44,3,3249.8,2,1
11536,2025-12-30 11:43:55+05:30,3248.5,9,3249.38,668521,103778.0,121187.0,3250.0,3257.0,3239.8,3251.5,42423850,3576.6,2926.4,4322.95,2866.6,3248.5,66,1,3248.2,21,1,3248.1,37,3,3248.0,92,4,3247.9,25,2,3248.7,31,9,3249.5,26,1,3249.6,3,1,3249.7,44,3,3249.8,2,1
11536,2025-12-30 11:43:55+05:30,3248.5,1,3249.38,668551,103806.0,121211.0,3250.0,3257.0,3239.8,3251.5,42423850,3576.6,2926.4,4322.95,2866.6,3248.5,38,1,3248.2,21,1,3248.1,21,2,3248.0,83,3,3247.9,25,2,3248.7,31,8,3249.5,26,1,3249.6,3,1,3249.7,44,3,3249.8,48,2
11536,2025-12-30 11:43:56+05:30,3248.5,1,3249.38,668551,103806.0,121211.0,3250.0,3257.0,3239.8,3251.5,42423850,3576.6,2926.4,4322.95,2866.6,3248.5,38,1,3248.2,21,1,3248.1,21,2,3248.0,83,3,3247.9,25,2,3248.7,31,8,3249.5,26,1,3249.6,3,1,3249.7,44,3,3249.8,48,2
11536,2025-12-30 11:43:56+05:30,3248.6,22,3249.38,668578,103620.0,120827.0,3250.0,3257.0,3239.8,3251.5,42423850,3576.6,2926.4,4322.95,2866.6,3248.6,11,1,3248.2,51,3,3248.1,48,3,3248.0,52,3,3247.9,12,1,3248.7,27,6,3249.5,26,1,3249.6,6,2,3249.7,44,3,3249.8,48,2
11536,2025-12-30 11:43:56+05:30,3248.6,22,3249.38,668578,103620.0,120827.0,3250.0,3257.0,3239.8,3251.5,42423850,3576.6,2926.4,4322.95,2866.6,3248.6,11,1,3248.2,51,3,3248.1,48,3,3248.0,52,3,3247.9,12,1,3248.7,27,6,3249.5,26,1,3249.6,6,2,3249.7,44,3,3249.8,48,2
11536,2025-12-30 11:43:57+05:30,3248.6,1,3249.38,668578,103620.0,120827.0,3250.0,3257.0,3239.8,3251.5,42423850,3576.6,2926.4,4322.95,2866.6,3248.6,11,1,3248.2,51,3,3248.1,48,3,3248.0,52,3,3247.9,12,1,3248.7,27,6,3249.5,26,1,3249.6,6,2,3249.7,44,3,3249.8,48,2
11536,2025-12-30 11:43:57+05:30,3248.6,1,3249.38,668663,103719.0,121219.0,3250.0,3257.0,3239.8,3251.5,42423850,3576.6,2926.4,4322.95,2866.6,3248.6,85,1,3248.2,21,1,3248.1,6,1,3248.0,52,3,3247.9,32,2,3248.7,28,8,3249.0,20,1,3249.1,26,1,3249.5,23,1,3249.6,6,2
11536,2025-12-30 11:43:57+05:30,3248.6,1,3249.38,668663,103719.0,121219.0,3250.0,3257.0,3239.8,3251.5,42423850,3576.6,2926.4,4322.95,2866.6,3248.6,85,1,3248.2,21,1,3248.1,6,1,3248.0,52,3,3247.9,32,2,3248.7,28,8,3249.0,20,1,3249.1,26,1,3249.5,23,1,3249.6,6,2
11536,2025-12-30 11:43:58+05:30,3248.7,1,3249.38,668663,103719.0,121219.0,3250.0,3257.0,3239.8,3251.5,42423850,3576.6,2926.4,4322.95,2866.6,3248.6,85,1,3248.2,21,1,3248.1,6,1,3248.0,52,3,3247.9,32,2,3248.7,28,8,3249.0,20,1,3249.1,26,1,3249.5,23,1,3249.6,6,2
11536,2025-12-30 11:43:58+05:30,3248.7,1,3249.38,668685,103732.0,119997.0,3250.0,3257.0,3239.8,3251.5,42423850,3576.6,2926.4,4322.95,2866.6,3248.6,64,1,3248.2,21,1,3248.1,6,1,3248.0,35,2,3247.9,50,3,3248.7,31,10,3249.0,20,1,3249.1,26,1,3249.5,23,1,3249.6,6,2
11536,2025-12-30 11:43:58+05:30,3248.7,1,3249.38,668685,103732.0,119997.0,3250.0,3257.0,3239.8,3251.5,42423850,3576.6,2926.4,4322.95,2866.6,3248.6,64,1,3248.2,21,1,3248.1,6,1,3248.0,35,2,3247.9,50,3,3248.7,31,10,3249.0,20,1,3249.1,26,1,3249.5,23,1,3249.6,6,2
11536,2025-12-30 11:43:59+05:30,3248.6,2,3249.38,668685,103732.0,119997.0,3250.0,3257.0,3239.8,3251.5,42423850,3576.6,2926.4,4322.95,2866.6,3248.6,64,1,3248.2,21,1,3248.1,6,1,3248.0,35,2,3247.9,50,3,3248.7,31,10,3249.0,20,1,3249.1,26,1,3249.5,23,1,3249.6,6,2
11536,2025-12-30 11:43:59+05:30,3248.6,2,3249.38,668699,103618.0,121226.0,3250.0,3257.0,3239.8,3251.5,42423850,3576.6,2926.4,4322.95,2866.6,3248.6,101,2,3248.3,16,1,3248.2,21,1,3248.1,6,1,3248.0,92,4,3248.7,30,9,3249.0,20,1,3249.1,26,1,3249.5,23,1,3249.6,6,2
11536,2025-12-30 11:43:59+05:30,3248.6,2,3249.38,668699,103618.0,121226.0,3250.0,3257.0,3239.8,3251.5,42423850,3576.6,2926.4,4322.95,2866.6,3248.6,101,2,3248.3,16,1,3248.2,21,1,3248.1,6,1,3248.0,92,4,3248.7,30,9,3249.0,20,1,3249.1,26,1,3249.5,23,1,3249.6,6,2
11536,2025-12-30 11:44:00+05:30,3248.6,1,3249.38,668699,103618.0,121226.0,3250.0,3257.0,3239.8,3251.5,42423850,3576.6,2926.4,4322.95,2866.6,3248.6,101,2,3248.3,16,1,3248.2,21,1,3248.1,6,1,3248.0,92,4,3248.7,30,9,3249.0,20,1,3249.1,26,1,3249.5,23,1,3249.6,6,2
11536,2025-12-30 11:44:00+05:30,3248.6,1,3249.38,668734,103584.0,121076.0,3250.0,3257.0,3239.8,3251.5,42423850,3576.6,2926.4,4322.95,2866.6,3248.6,66,2,3248.2,21,1,3248.1,6,1,3248.0,92,4,3247.9,32,2,3248.7,42,10,3249.0,20,1,3249.1,26,1,3249.5,23,1,3249.6,6,2
11536,2025-12-30 11:44:00+05:30,3248.6,1,3249.38,668734,103584.0,121076.0,3250.0,3257.0,3239.8,3251.5,42423850,3576.6,2926.4,4322.95,2866.6,3248.6,66,2,3248.2,21,1,3248.1,6,1,3248.0,92,4,3247.9,32,2,3248.7,42,10,3249.0,20,1,3249.1,26,1,3249.5,23,1,3249.6,6,2
11536,2025-12-30 11:44:01+05:30,3248.7,2,3249.38,668734,103584.0,121076.0,3250.0,3257.0,3239.8,3251.5,42423850,3576.6,2926.4,4322.95,2866.6,3248.6,66,2,3248.2,21,1,3248.1,6,1,3248.0,92,4,3247.9,32,2,3248.7,42,10,3249.0,20,1,3249.1,26,1,3249.5,23,1,3249.6,6,2
11536,2025-12-30 11:44:01+05:30,3248.6,5,3249.38,668760,103647.0,121247.0,3250.0,3257.0,3239.8,3251.5,42423850,3576.6,2926.4,4322.95,2866.6,3248.6,129,2,3248.2,21,1,3248.1,6,1,3248.0,92,4,3247.9,32,2,3248.7,38,9,3249.0,20,1,3249.1,26,1,3249.5,23,1,3249.6,6,2
11536,2025-12-30 11:44:01+05:30,3248.6,5,3249.38,668760,103647.0,121247.0,3250.0,3257.0,3239.8,3251.5,42423850,3576.6,2926.4,4322.95,2866.6,3248.6,129,2,3248.2,21,1,3248.1,6,1,3248.0,92,4,3247.9,32,2,3248.7,38,9,3249.0,20,1,3249.1,26,1,3249.5,23,1,3249.6,6,2
11536,2025-12-30 11:44:02+05:30,3248.6,10,3249.38,668760,103647.0,121247.0,3250.0,3257.0,3239.8,3251.5,42423850,3576.6,2926.4,4322.95,2866.6,3248.6,129,2,3248.2,21,1,3248.1,6,1,3248.0,92,4,3247.9,32,2,3248.7,38,9,3249.0,20,1,3249.1,26,1,3249.5,23,1,3249.6,6,2
11536,2025-12-30 11:44:02+05:30,3248.6,10,3249.38,668760,103647.0,121247.0,3250.0,3257.0,3239.8,3251.5,42423850,3576.6,2926.4,4322.95,2866.6,3248.6,129,2,3248.2,21,1,3248.1,6,1,3248.0,92,4,3247.9,32,2,3248.7,38,9,3249.0,20,1,3249.1,26,1,3249.5,23,1,3249.6,6,2
11536,2025-12-30 11:44:02+05:30,3248.6,10,3249.38,668771,103700.0,121074.0,3250.0,3257.0,3239.8,3251.5,42423850,3576.6,2926.4,4322.95,2866.6,3248.6,167,3,3248.3,16,1,3248.2,21,1,3248.1,6,1,3248.0,92,4,3248.7,40,11,3249.0,20,1,3249.1,26,1,3249.5,23,1,3249.6,6,2
11536,2025-12-30 11:44:03+05:30,3248.6,10,3249.38,668771,103700.0,121074.0,3250.0,3257.0,3239.8,3251.5,42423850,3576.6,2926.4,4322.95,2866.6,3248.6,167,3,3248.3,16,1,3248.2,21,1,3248.1,6,1,3248.0,92,4,3248.7,40,11,3249.0,20,1,3249.1,26,1,3249.5,23,1,3249.6,6,2
11536,2025-12-30 11:44:03+05:30,3248.6,1,3249.38,668771,103700.0,121074.0,3250.0,3257.0,3239.8,3251.5,42423850,3576.6,2926.4,4322.95,2866.6,3248.6,167,3,3248.3,16,1,3248.2,21,1,3248.1,6,1,3248.0,92,4,3248.7,40,11,3249.0,20,1,3249.1,26,1,3249.5,23,1,3249.6,6,2
11536,2025-12-30 11:44:03+05:30,3248.6,5,3249.38,668785,103713.0,121086.0,3250.0,3257.0,3239.8,3251.5,42423850,3576.6,2926.4,4322.95,2866.6,3248.6,158,4,3248.2,21,1,3248.1,6,1,3248.0,77,3,3247.9,32,2,3248.7,39,10,3249.0,20,1,3249.1,26,1,3249.5,23,1,3249.6,6,2
11536,2025-12-30 11:44:03+05:30,3248.6,5,3249.38,668785,103713.0,121086.0,3250.0,3257.0,3239.8,3251.5,42423850,3576.6,2926.4,4322.95,2866.6,3248.6,158,4,3248.2,21,1,3248.1,6,1,3248.0,77,3,3247.9,32,2,3248.7,39,10,3249.0,20,1,3249.1,26,1,3249.5,23,1,3249.6,6,2
11536,2025-12-30 11:44:04+05:30,3248.6,3,3249.38,668785,103713.0,121086.0,3250.0,3257.0,3239.8,3251.5,42423850,3576.6,2926.4,4322.95,2866.6,3248.6,158,4,3248.2,21,1,3248.1,6,1,3248.0,77,3,3247.9,32,2,3248.7,39,10,3249.0,20,1,3249.1,26,1,3249.5,23,1,3249.6,6,2
11536,2025-12-30 11:44:04+05:30,3248.6,3,3249.38,668785,103713.0,121086.0,3250.0,3257.0,3239.8,3251.5,42423850,3576.6,2926.4,4322.95,2866.6,3248.6,158,4,3248.2,21,1,3248.1,6,1,3248.0,77,3,3247.9,32,2,3248.7,39,10,3249.0,20,1,3249.1,26,1,3249.5,23,1,3249.6,6,2
11536,2025-12-30 11:44:04+05:30,3248.6,3,3249.38,668793,103538.0,119910.0,3250.0,3257.0,3239.8,3251.5,42423850,3576.6,2926.4,4322.95,2866.6,3248.6,150,4,3248.2,21,1,3248.1,21,2,3248.0,60,2,3247.9,50,3,3248.7,38,9,3249.0,20,1,3249.5,23,1,3249.6,6,2,3249.7,44,3
11536,2025-12-30 11:44:05+05:30,3248.6,1,3249.38,668793,103538.0,119910.0,3250.0,3257.0,3239.8,3251.5,42423850,3576.6,2926.4,4322.95,2866.6,3248.6,150,4,3248.2,21,1,3248.1,21,2,3248.0,60,2,3247.9,50,3,3248.7,38,9,3249.0,20,1,3249.5,23,1,3249.6,6,2,3249.7,44,3
11536,2025-12-30 11:44:05+05:30,3248.6,1,3249.38,668799,103735.0,119965.0,3250.0,3257.0,3239.8,3251.5,42423850,3576.6,2926.4,4322.95,2866.6,3248.6,145,4,3248.2,21,1,3248.1,6,1,3248.0,60,2,3247.9,32,2,3248.7,36,8,3249.0,20,1,3249.4,25,1,3249.5,23,1,3249.6,6,2
11536,2025-12-30 11:44:05+05:30,3248.6,1,3249.38,668799,103735.0,119965.0,3250.0,3257.0,3239.8,3251.5,42423850,3576.6,2926.4,4322.95,2866.6,3248.6,145,4,3248.2,21,1,3248.1,6,1,3248.0,60,2,3247.9,32,2,3248.7,36,8,3249.0,20,1,3249.4,25,1,3249.5,23,1,3249.6,6,2
11536,2025-12-30 11:44:06+05:30,3248.6,2,3249.38,668799,103735.0,119965.0,3250.0,3257.0,3239.8,3251.5,42423850,3576.6,2926.4,4322.95,2866.6,3248.6,145,4,3248.2,21,1,3248.1,6,1,3248.0,60,2,3247.9,32,2,3248.7,36,8,3249.0,20,1,3249.4,25,1,3249.5,23,1,3249.6,6,2
11536,2025-12-30 11:44:06+05:30,3248.6,2,3249.38,668805,103723.0,121003.0,3250.0,3257.0,3239.8,3251.5,42423850,3576.6,2926.4,4322.95,2866.6,3248.6,139,3,3248.2,21,1,3248.1,6,1,3248.0,60,2,3247.9,32,2,3248.7,35,7,3249.0,20,1,3249.2,25,1,3249.3,21,1,3249.6,6,2
11536,2025-12-30 11:44:07+05:30,3248.6,1,3249.38,668805,103723.0,121003.0,3250.0,3257.0,3239.8,3251.5,42423850,3576.6,2926.4,4322.95,2866.6,3248.6,139,3,3248.2,21,1,3248.1,6,1,3248.0,60,2,3247.9,32,2,3248.7,35,7,3249.0,20,1,3249.2,25,1,3249.3,21,1,3249.6,6,2
11536,2025-12-30 11:44:07+05:30,3248.6,1,3249.38,668805,103723.0,121003.0,3250.0,3257.0,3239.8,3251.5,42423850,3576.6,2926.4,4322.95,2866.6,3248.6,139,3,3248.2,21,1,3248.1,6,1,3248.0,60,2,3247.9,32,2,3248.7,35,7,3249.0,20,1,3249.2,25,1,3249.3,21,1,3249.6,6,2
11536,2025-12-30 11:44:07+05:30,3248.6,1,3249.38,668885,103821.0,121114.0,3250.0,3257.0,3239.8,3251.5,42423850,3576.6,2926.4,4322.95,2866.6,3248.6,59,3,3248.2,21,1,3248.1,6,1,3248.0,20,1,3247.9,20,1,3248.7,38,7,3249.0,34,2,3249.1,46,2,3249.2,22,1,3249.6,3,1
11536,2025-12-30 11:44:08+05:30,3248.7,1,3249.38,668885,103821.0,121114.0,3250.0,3257.0,3239.8,3251.5,42423850,3576.6,2926.4,4322.95,2866.6,3248.6,59,3,3248.2,21,1,3248.1,6,1,3248.0,20,1,3247.9,20,1,3248.7,38,7,3249.0,34,2,3249.1,46,2,3249.2,22,1,3249.6,3,1
11536,2025-12-30 11:44:08+05:30,3248.6,1,3249.38,668887,103675.0,121288.0,3250.0,3257.0,3239.8,3251.5,42423850,3576.6,2926.4,4322.95,2866.6,3248.6,58,3,3248.2,21,1,3248.1,6,1,3248.0,20,1,3247.9,20,1,3248.7,37,7,3249.0,55,3,3249.1,25,1,3249.2,22,1,3249.6,3,1
11536,2025-12-30 11:44:08+05:30,3248.6,1,3249.38,668887,103675.0,121288.0,3250.0,3257.0,3239.8,3251.5,42423850,3576.6,2926.4,4322.95,2866.6,3248.6,58,3,3248.2,21,1,3248.1,6,1,3248.0,20,1,3247.9,20,1,3248.7,37,7,3249.0,55,3,3249.1,25,1,3249.2,22,1,3249.6,3,1
11536,2025-12-30 11:44:09+05:30,3248.6,5,3249.38,668887,103675.0,121288.0,3250.0,3257.0,3239.8,3251.5,42423850,3576.6,2926.4,4322.95,2866.6,3248.6,58,3,3248.2,21,1,3248.1,6,1,3248.0,20,1,3247.9,20,1,3248.7,37,7,3249.0,55,3,3249.1,25,1,3249.2,22,1,3249.6,3,1
11536,2025-12-30 11:44:09+05:30,3248.7,3,3249.38,668973,103581.0,121517.0,3250.0,3257.0,3239.8,3251.5,42423850,3576.6,2926.4,4322.95,2866.6,3248.6,115,3,3248.2,21,1,3248.0,23,2,3247.9,92,3,3247.8,585,6,3249.0,20,1,3249.4,21,1,3249.5,25,1,3249.6,3,1,3249.7,29,2
11536,2025-12-30 11:44:10+05:30,3249.8,16,3249.38,668973,103581.0,121517.0,3250.0,3257.0,3239.8,3251.5,42423850,3576.6,2926.4,4322.95,2866.6,3248.6,115,3,3248.2,21,1,3248.0,23,2,3247.9,92,3,3247.8,585,6,3249.0,20,1,3249.4,21,1,3249.5,25,1,3249.6,3,1,3249.7,29,2
11536,2025-12-30 11:44:10+05:30,3249.8,16,3249.38,669139,105016.0,121637.0,3250.0,3257.0,3239.8,3251.5,42423850,3576.6,2926.4,4322.95,2866.6,3248.9,87,1,3248.6,28,2,3248.4,20,1,3248.2,29,2,3248.1,374,3,3249.4,54,3,3249.5,19,2,3249.6,19,2,3249.7,5,1,3249.8,34,3
11536,2025-12-30 11:44:10+05:30,3249.8,16,3249.38,669139,105016.0,121637.0,3250.0,3257.0,3239.8,3251.5,42423850,3576.6,2926.4,4322.95,2866.6,3248.9,87,1,3248.6,28,2,3248.4,20,1,3248.2,29,2,3248.1,374,3,3249.4,54,3,3249.5,19,2,3249.6,19,2,3249.7,5,1,3249.8,34,3
11536,2025-12-30 11:44:11+05:30,3248.9,1,3249.38,669140,106245.0,121633.0,3250.0,3257.0,3239.8,3251.5,42423850,3576.6,2926.4,4322.95,2866.6,3248.9,86,1,3248.6,28,2,3248.4,20,1,3248.2,29,2,3248.1,74,2,3249.4,54,3,3249.5,8,1,3249.6,19,2,3249.7,5,1,3249.8,34,3
11536,2025-12-30 11:44:12+05:30,3248.9,1,3249.38,669140,106245.0,121633.0,3250.0,3257.0,3239.8,3251.5,42423850,3576.6,2926.4,4322.95,2866.6,3248.9,86,1,3248.6,28,2,3248.4,20,1,3248.2,29,2,3248.1,74,2,3249.4,54,3,3249.5,8,1,3249.6,19,2,3249.7,5,1,3249.8,34,3
11536,2025-12-30 11:44:12+05:30,3248.9,50,3249.38,669140,106245.0,121633.0,3250.0,3257.0,3239.8,3251.5,42423850,3576.6,2926.4,4322.95,2866.6,3248.9,86,1,3248.6,28,2,3248.4,20,1,3248.2,29,2,3248.1,74,2,3249.4,54,3,3249.5,8,1,3249.6,19,2,3249.7,5,1,3249.8,34,3
11536,2025-12-30 11:44:12+05:30,3249.3,173,3249.39,676365,106290.0,121026.0,3250.0,3257.0,3239.8,3251.5,42423850,3576.6,2926.4,4322.95,2866.6,3249.3,35,1,3249.1,19,1,3248.9,11,2,3248.8,67,3,3248.6,208,5,3249.4,2,2,3249.9,364,3,3250.0,19,1,3250.1,196,2,3250.2,15,1
11536,2025-12-30 11:44:13+05:30,3249.3,1,3249.39,676365,106290.0,121026.0,3250.0,3257.0,3239.8,3251.5,42423850,3576.6,2926.4,4322.95,2866.6,3249.3,35,1,3249.1,19,1,3248.9,11,2,3248.8,67,3,3248.6,208,5,3249.4,2,2,3249.9,364,3,3250.0,19,1,3250.1,196,2,3250.2,15,1
11536,2025-12-30 11:44:13+05:30,3249.3,1,3249.39,676365,106290.0,121026.0,3250.0,3257.0,3239.8,3251.5,42483700,3576.6,2926.4,4322.95,2866.6,3249.3,35,1,3249.1,19,1,3248.9,11,2,3248.8,67,3,3248.6,208,5,3249.4,2,2,3249.9,364,3,3250.0,19,1,3250.1,196,2,3250.2,15,1
11536,2025-12-30 11:44:13+05:30,3249.3,4,3249.39,676370,106265.0,121417.0,3250.0,3257.0,3239.8,3251.5,42483700,3576.6,2926.4,4322.95,2866.6,3249.3,85,3,3249.1,19,1,3248.9,11,2,3248.6,185,4,3248.4,254,6,3249.4,327,5,3249.6,28,2,3249.7,21,1,3249.8,24,3,3249.9,189,2
11536,2025-12-30 11:44:14+05:30,3249.3,4,3249.39,676370,106265.0,121417.0,3250.0,3257.0,3239.8,3251.5,42483700,3576.6,2926.4,4322.95,2866.6,3249.3,85,3,3249.1,19,1,3248.9,11,2,3248.6,185,4,3248.4,254,6,3249.4,327,5,3249.6,28,2,3249.7,21,1,3249.8,24,3,3249.9,189,2
11536,2025-12-30 11:44:14+05:30,3249.3,31,3249.39,676486,105890.0,121292.0,3250.0,3257.0,3239.8,3251.5,42483700,3576.6,2926.4,4322.95,2866.6,3249.1,19,1,3248.9,11,2,3248.6,185,4,3248.4,254,6,3248.2,261,6,3249.3,109,2,3249.4,112,5,3249.6,14,1,3249.7,21,1,3249.8,15,2
11536,2025-12-30 11:44:15+05:30,3249.3,2,3249.39,676486,105890.0,121292.0,3250.0,3257.0,3239.8,3251.5,42483700,3576.6,2926.4,4322.95,2866.6,3249.1,19,1,3248.9,11,2,3248.6,185,4,3248.4,254,6,3248.2,261,6,3249.3,109,2,3249.4,112,5,3249.6,14,1,3249.7,21,1,3249.8,15,2
11536,2025-12-30 11:44:15+05:30,3249.3,2,3249.39,676486,105890.0,121292.0,3250.0,3257.0,3239.8,3251.5,42483700,3576.6,2926.4,4322.95,2866.6,3249.1,19,1,3248.9,11,2,3248.6,185,4,3248.4,254,6,3248.2,261,6,3249.3,109,2,3249.4,112,5,3249.6,14,1,3249.7,21,1,3249.8,15,2
11536,2025-12-30 11:44:16+05:30,3249.0,1041,3249.39,677567,105034.0,121414.0,3250.0,3257.0,3239.8,3251.5,42483700,3576.6,2926.4,4322.95,2866.6,3249.0,173,1,3248.9,11,2,3248.6,29,3,3248.4,224,5,3248.3,25,1,3249.1,34,2,3249.3,110,4,3249.4,2,2,3249.7,21,1,3249.8,1,1
11536,2025-12-30 11:44:16+05:30,3249.1,18,3249.39,677567,105034.0,121414.0,3250.0,3257.0,3239.8,3251.5,42483700,3576.6,2926.4,4322.95,2866.6,3249.0,173,1,3248.9,11,2,3248.6,29,3,3248.4,224,5,3248.3,25,1,3249.1,34,2,3249.3,110,4,3249.4,2,2,3249.7,21,1,3249.8,1,1
11536,2025-12-30 11:44:16+05:30,3248.9,58,3249.39,677900,104729.0,121014.0,3250.0,3257.0,3239.8,3251.5,42483700,3576.6,2926.4,4322.95,2866.6,3248.8,173,1,3248.6,5,1,3248.4,42,3,3248.3,21,1,3248.2,177,2,3248.9,8,1,3249.0,222,2,3249.1,36,4,3249.3,3,2,3249.4,1,1
11536,2025-12-30 11:44:17+05:30,3248.9,58,3249.39,677900,104729.0,121014.0,3250.0,3257.0,3239.8,3251.5,42483700,3576.6,2926.4,4322.95,2866.6,3248.8,173,1,3248.6,5,1,3248.4,42,3,3248.3,21,1,3248.2,177,2,3248.9,8,1,3249.0,222,2,3249.1,36,4,3249.3,3,2,3249.4,1,1
11536,2025-12-30 11:44:18+05:30,3248.8,17,3249.39,678360,106330.0,121198.0,3250.0,3257.0,3239.8,3251.5,42483700,3576.6,2926.4,4322.95,2866.6,3248.8,156,1,3248.6,5,1,3248.4,59,4,3248.3,67,4,3248.2,43,2,3249.0,150,5,3249.1,21,3,3249.9,175,1,3250.0,199,2,3250.2,33,2
11536,2025-12-30 11:44:18+05:30,3248.8,17,3249.39,678360,106330.0,121198.0,3250.0,3257.0,3239.8,3251.5,42483700,3576.6,2926.4,4322.95,2866.6,3248.8,156,1,3248.6,5,1,3248.4,59,4,3248.3,67,4,3248.2,43,2,3249.0,150,5,3249.1,21,3,3249.9,175,1,3250.0,199,2,3250.2,33,2
11536,2025-12-30 11:44:19+05:30,3248.7,12,3249.39,680219,106240.0,121023.0,3250.0,3257.0,3239.8,3251.5,42483700,3576.6,2926.4,4322.95,2866.6,3248.7,28,2,3248.6,25,2,3248.5,14,1,3248.4,70,4,3248.3,23,3,3249.0,78,6,3249.1,18,2,3249.8,2,1,3249.9,175,1,3250.2,175,1
11536,2025-12-30 11:44:19+05:30,3248.6,41,3249.39,680219,106240.0,121023.0,3250.0,3257.0,3239.8,3251.5,42483700,3576.6,2926.4,4322.95,2866.6,3248.7,28,2,3248.6,25,2,3248.5,14,1,3248.4,70,4,3248.3,23,3,3249.0,78,6,3249.1,18,2,3249.8,2,1,3249.9,175,1,3250.2,175,1
11536,2025-12-30 11:44:20+05:30,3248.7,1,3249.39,680425,105487.0,121247.0,3250.0,3257.0,3239.8,3251.5,42483700,3576.6,2926.4,4322.95,2866.6,3248.7,48,5,3248.6,66,4,3248.5,51,4,3248.4,81,6,3248.3,58,5,3249.0,112,9,3249.9,175,1,3250.3,48,3,3250.4,118,3,3250.5,80,2
11536,2025-12-30 11:44:20+05:30,3248.7,1,3249.39,680425,105487.0,121247.0,3250.0,3257.0,3239.8,3251.5,42483700,3576.6,2926.4,4322.95,2866.6,3248.7,48,5,3248.6,66,4,3248.5,51,4,3248.4,81,6,3248.3,58,5,3249.0,112,9,3249.9,175,1,3250.3,48,3,3250.4,118,3,3250.5,80,2
11536,2025-12-30 11:44:21+05:30,3249.0,27,3249.39,681549,107211.0,119516.0,3250.0,3257.0,3239.8,3251.5,42483700,3576.6,2926.4,4322.95,2866.6,3249.0,20,2,3248.9,11,1,3248.8,53,3,3248.7,50,3,3248.6,214,4,3249.9,223,3,3250.6,223,3,3250.7,31,2,3250.8,175,1,3250.9,221,2
11536,2025-12-30 11:44:21+05:30,3249.0,27,3249.39,681549,107211.0,119516.0,3250.0,3257.0,3239.8,3251.5,42483700,3576.6,2926.4,4322.95,2866.6,3249.0,20,2,3248.9,11,1,3248.8,53,3,3248.7,50,3,3248.6,214,4,3249.9,223,3,3250.6,223,3,3250.7,31,2,3250.8,175,1,3250.9,221,2
11536,2025-12-30 11:44:22+05:30,3249.0,27,3249.39,681549,107152.0,119686.0,3250.0,3257.0,3239.8,3251.5,42483700,3576.6,2926.4,4322.95,2866.6,3249.1,6,1,3249.0,10,1,3248.9,11,1,3248.8,60,3,3248.7,51,3,3249.9,223,3,3250.5,22,1,3250.6,217,3,3250.7,15,1,3250.8,350,2
11536,2025-12-30 11:44:23+05:30,3249.6,1,3249.39,681550,106700.0,119156.0,3250.0,3257.0,3239.8,3251.5,42483700,3576.6,2926.4,4322.95,2866.6,3249.1,6,1,3248.9,102,1,3248.8,34,2,3248.7,72,3,3248.6,142,6,3249.6,31,1,3249.9,205,3,3250.0,22,1,3250.3,20,1,3250.4,76,4
11536,2025-12-30 11:44:23+05:30,3249.6,1,3249.39,681550,106700.0,119156.0,3250.0,3257.0,3239.8,3251.5,42483700,3576.6,2926.4,4322.95,2866.6,3249.1,6,1,3248.9,102,1,3248.8,34,2,3248.7,72,3,3248.6,142,6,3249.6,31,1,3249.9,205,3,3250.0,22,1,3250.3,20,1,3250.4,76,4
11536,2025-12-30 11:44:24+05:30,3249.1,52,3249.39,681602,106121.0,119701.0,3250.0,3257.0,3239.8,3251.5,42483700,3576.6,2926.4,4322.95,2866.6,3248.9,133,3,3248.8,28,2,3248.7,70,4,3248.6,66,4,3248.5,36,3,3249.0,16,1,3249.6,32,2,3249.9,189,2,3250.3,22,1,3250.5,18,1
11536,2025-12-30 11:44:24+05:30,3249.1,52,3249.39,681602,106121.0,119701.0,3250.0,3257.0,3239.8,3251.5,42483700,3576.6,2926.4,4322.95,2866.6,3248.9,133,3,3248.8,28,2,3248.7,70,4,3248.6,66,4,3248.5,36,3,3249.0,16,1,3249.6,32,2,3249.9,189,2,3250.3,22,1,3250.5,18,1
11536,2025-12-30 11:44:25+05:30,3248.9,22,3249.39,682217,106290.0,120201.0,3250.0,3257.0,3239.8,3251.5,42483700,3576.6,2926.4,4322.95,2866.6,3249.0,1,1,3248.9,181,7,3248.8,80,4,3248.7,68,3,3248.6,87,5,3249.6,11,2,3249.9,14,1,3250.4,3,1,3250.7,2,1,3250.8,197,2
11536,2025-12-30 11:44:25+05:30,3248.9,22,3249.39,682217,106290.0,120201.0,3250.0,3257.0,3239.8,3251.5,42483700,3576.6,2926.4,4322.95,2866.6,3249.0,1,1,3248.9,181,7,3248.8,80,4,3248.7,68,3,3248.6,87,5,3249.6,11,2,3249.9,14,1,3250.4,3,1,3250.7,2,1,3250.8,197,2
11536,2025-12-30 11:44:26+05:30,3249.6,2,3249.39,682505,109329.0,118555.0,3250.0,3257.0,3239.8,3251.5,42483700,3576.6,2926.4,4322.95,2866.6,3249.4,11,1,3249.3,93,3,3249.2,382,3,3249.1,64,2,3249.0,413,8,3250.6,9,1,3250.8,197,2,3250.9,206,2,3251.0,188,3,3251.1,65,2
11536,2025-12-30 11:44:26+05:30,3249.3,21,3249.39,682505,109329.0,118555.0,3250.0,3257.0,3239.8,3251.5,42483700,3576.6,2926.4,4322.95,2866.6,3249.4,11,1,3249.3,93,3,3249.2,382,3,3249.1,64,2,3249.0,413,8,3250.6,9,1,3250.8,197,2,3250.9,206,2,3251.0,188,3,3251.1,65,2
11536,2025-12-30 11:44:27+05:30,3249.5,77,3249.39,682657,108930.0,120422.0,3250.0,3257.0,3239.8,3251.5,42483700,3576.6,2926.4,4322.95,2866.6,3249.5,3,1,3249.3,4,2,3249.2,21,1,3249.0,404,9,3248.9,80,4,3250.3,26,1,3250.4,22,1,3250.5,10,1,3250.6,27,5,3250.8,206,3
11536,2025-12-30 11:44:27+05:30,3249.5,77,3249.39,682657,108930.0,120422.0,3250.0,3257.0,3239.8,3251.5,42483700,3576.6,2926.4,4322.95,2866.6,3249.5,3,1,3249.3,4,2,3249.2,21,1,3249.0,404,9,3248.9,80,4,3250.3,26,1,3250.4,22,1,3250.5,10,1,3250.6,27,5,3250.8,206,3
11536,2025-12-30 11:44:28+05:30,3249.5,85,3249.39,682747,108405.0,120290.0,3250.0,3257.0,3239.8,3251.5,42483700,3576.6,2926.4,4322.95,2866.6,3249.5,17,1,3249.3,1,1,3249.2,21,1,3249.0,373,7,3248.9,80,4,3250.3,30,3,3250.4,22,1,3250.5,10,1,3250.6,39,5,3250.8,190,2
11536,2025-12-30 11:44:28+05:30,3249.5,85,3249.39,682747,108405.0,120290.0,3250.0,3257.0,3239.8,3251.5,42483700,3576.6,2926.4,4322.95,2866.6,3249.5,17,1,3249.3,1,1,3249.2,21,1,3249.0,373,7,3248.9,80,4,3250.3,30,3,3250.4,22,1,3250.5,10,1,3250.6,39,5,3250.8,190,2
11536,2025-12-30 11:44:29+05:30,3249.8,44,3249.39,682814,107579.0,120193.0,3250.0,3257.0,3239.8,3251.5,42483700,3576.6,2926.4,4322.95,2866.6,3249.8,58,1,3249.3,1,1,3249.2,21,1,3249.0,373,7,3248.9,80,4,3250.3,37,7,3250.4,22,1,3250.5,10,1,3250.6,31,3,3250.8,190,2
11536,2025-12-30 11:44:29+05:30,3249.8,44,3249.39,682814,107579.0,120193.0,3250.0,3257.0,3239.8,3251.5,42483700,3576.6,2926.4,4322.95,2866.6,3249.8,58,1,3249.3,1,1,3249.2,21,1,3249.0,373,7,3248.9,80,4,3250.3,37,7,3250.4,22,1,3250.5,10,1,3250.6,31,3,3250.8,190,2
11536,2025-12-30 11:44:30+05:30,3249.8,11,3249.39,682848,108912.0,120173.0,3250.0,3257.0,3239.8,3251.5,42483700,3576.6,2926.4,4322.95,2866.6,3249.8,35,2,3249.3,1,1,3249.2,21,1,3249.1,46,1,3249.0,373,7,3250.3,62,12,3250.4,26,2,3250.5,10,1,3250.6,16,1,3250.8,199,2
11536,2025-12-30 11:44:30+05:30,3249.8,11,3249.39,682848,108912.0,120173.0,3250.0,3257.0,3239.8,3251.5,42483700,3576.6,2926.4,4322.95,2866.6,3249.8,35,2,3249.3,1,1,3249.2,21,1,3249.1,46,1,3249.0,373,7,3250.3,62,12,3250.4,26,2,3250.5,10,1,3250.6,16,1,3250.8,199,2
11536,2025-12-30 11:44:31+05:30,3250.3,1,3249.39,683004,109165.0,119962.0,3250.0,3257.0,3239.8,3251.5,42483700,3576.6,2926.4,4322.95,2866.6,3249.8,104,3,3249.4,49,2,3249.3,67,3,3249.2,44,3,3249.1,61,1,3250.3,10,8,3250.8,199,2,3251.0,363,4,3251.1,58,2,3251.2,147,5
11536,2025-12-30 11:44:31+05:30,3250.3,1,3249.39,683004,109165.0,119962.0,3250.0,3257.0,3239.8,3251.5,42483700,3576.6,2926.4,4322.95,2866.6,3249.8,104,3,3249.4,49,2,3249.3,67,3,3249.2,44,3,3249.1,61,1,3250.3,10,8,3250.8,199,2,3251.0,363,4,3251.1,58,2,3251.2,147,5
11536,2025-12-30 11:44:32+05:30,3250.3,1,3249.39,683028,109345.0,120271.0,3250.0,3257.0,3239.8,3251.5,42483700,3576.6,2926.4,4322.95,2866.6,3249.8,83,3,3249.5,26,1,3249.4,23,1,3249.3,65,3,3249.2,246,5,3250.3,15,10,3250.6,282,1,3250.7,39,2,3250.8,175,1,3250.9,61,2
11536,2025-12-30 11:44:32+05:30,3250.3,1,3249.39,683028,109345.0,120271.0,3250.0,3257.0,3239.8,3251.5,42483700,3576.6,2926.4,4322.95,2866.6,3249.8,83,3,3249.5,26,1,3249.4,23,1,3249.3,65,3,3249.2,246,5,3250.3,15,10,3250.6,282,1,3250.7,39,2,3250.8,175,1,3250.9,61,2
11536,2025-12-30 11:44:33+05:30,3249.8,2,3249.39,683028,109345.0,120271.0,3250.0,3257.0,3239.8,3251.5,42483700,3576.6,2926.4,4322.95,2866.6,3249.8,83,3,3249.5,26,1,3249.4,23,1,3249.3,65,3,3249.2,246,5,3250.3,15,10,3250.6,282,1,3250.7,39,2,3250.8,175,1,3250.9,61,2
11536,2025-12-30 11:44:33+05:30,3249.8,36,3249.39,683077,109252.0,119925.0,3250.0,3257.0,3239.8,3251.5,42483700,3576.6,2926.4,4322.95,2866.6,3249.8,34,3,3249.4,3,1,3249.3,21,2,3249.2,200,4,3249.1,90,2,3250.3,10,9,3250.4,14,1,3250.6,15,1,3250.7,23,1,3250.8,242,4
11536,2025-12-30 11:44:34+05:30,3249.8,4,3249.39,683090,109061.0,120197.0,3250.0,3257.0,3239.8,3251.5,42483700,3576.6,2926.4,4322.95,2866.6,3249.8,71,4,3249.4,3,1,3249.3,1,1,3249.2,21,1,3249.1,71,2,3250.3,11,9,3250.4,14,1,3250.5,23,1,3250.6,30,2,3250.7,26,1
11536,2025-12-30 11:44:34+05:30,3249.8,4,3249.39,683090,109061.0,120197.0,3250.0,3257.0,3239.8,3251.5,42483700,3576.6,2926.4,4322.95,2866.6,3249.8,71,4,3249.4,3,1,3249.3,1,1,3249.2,21,1,3249.1,71,2,3250.3,11,9,3250.4,14,1,3250.5,23,1,3250.6,30,2,3250.7,26,1
11536,2025-12-30 11:44:35+05:30,3250.3,1,3249.39,683090,109061.0,120197.0,3250.0,3257.0,3239.8,3251.5,42483700,3576.6,2926.4,4322.95,2866.6,3249.8,71,4,3249.4,3,1,3249.3,1,1,3249.2,21,1,3249.1,71,2,3250.3,11,9,3250.4,14,1,3250.5,23,1,3250.6,30,2,3250.7,26,1
11536,2025-12-30 11:44:35+05:30,3250.3,1,3249.39,683116,109149.0,120339.0,3250.0,3257.0,3239.8,3251.5,42483700,3576.6,2926.4,4322.95,2866.6,3249.8,159,3,3249.4,3,1,3249.3,1,1,3249.2,111,3,3249.1,25,1,3250.3,15,9,3250.5,23,1,3250.6,56,3,3250.8,231,4,3250.9,22,1
11536,2025-12-30 11:44:36+05:30,3249.8,1,3249.39,683116,109149.0,120339.0,3250.0,3257.0,3239.8,3251.5,42483700,3576.6,2926.4,4322.95,2866.6,3249.8,159,3,3249.4,3,1,3249.3,1,1,3249.2,111,3,3249.1,25,1,3250.3,15,9,3250.5,23,1,3250.6,56,3,3250.8,231,4,3250.9,22,1
11536,2025-12-30 11:44:36+05:30,3249.8,1,3249.39,683131,109125.0,120440.0,3250.0,3257.0,3239.8,3251.5,42483700,3576.6,2926.4,4322.95,2866.6,3249.8,144,3,3249.4,3,1,3249.3,1,1,3249.2,67,2,3249.1,25,1,3250.3,16,11,3250.4,23,1,3250.5,26,1,3250.6,30,2,3250.8,231,4
11536,2025-12-30 11:44:37+05:30,3250.3,1,3249.39,683131,109125.0,120440.0,3250.0,3257.0,3239.8,3251.5,42483700,3576.6,2926.4,4322.95,2866.6,3249.8,144,3,3249.4,3,1,3249.3,1,1,3249.2,67,2,3249.1,25,1,3250.3,16,11,3250.4,23,1,3250.5,26,1,3250.6,30,2,3250.8,231,4
11536,2025-12-30 11:44:37+05:30,3250.3,1,3249.39,683223,109162.0,120714.0,3250.0,3257.0,3239.8,3251.5,42483700,3576.6,2926.4,4322.95,2866.6,3250.0,12,1,3249.8,87,4,3249.4,3,1,3249.3,1,1,3249.2,21,1,3250.2,39,3,3250.3,55,13,3250.4,58,4,3250.6,223,4,3250.7,20,1
11536,2025-12-30 11:44:38+05:30,3250.0,3,3249.39,683223,109162.0,120714.0,3250.0,3257.0,3239.8,3251.5,42483700,3576.6,2926.4,4322.95,2866.6,3250.0,12,1,3249.8,87,4,3249.4,3,1,3249.3,1,1,3249.2,21,1,3250.2,39,3,3250.3,55,13,3250.4,58,4,3250.6,223,4,3250.7,20,1
11536,2025-12-30 11:44:38+05:30,3250.0,1,3249.39,683236,108909.0,120775.0,3250.0,3257.0,3239.8,3251.5,42483700,3576.6,2926.4,4322.95,2866.6,3250.0,101,1,3249.8,87,4,3249.4,3,1,3249.3,1,1,3249.2,21,1,3250.2,42,6,3250.3,36,8,3250.4,30,2,3250.5,20,1,3250.6,245,5
11536,2025-12-30 11:44:39+05:30,3250.0,175,3249.39,683236,108909.0,120775.0,3250.0,3257.0,3239.8,3251.5,42483700,3576.6,2926.4,4322.95,2866.6,3250.0,101,1,3249.8,87,4,3249.4,3,1,3249.3,1,1,3249.2,21,1,3250.2,42,6,3250.3,36,8,3250.4,30,2,3250.5,20,1,3250.6,245,5
11536,2025-12-30 11:44:39+05:30,3250.0,8,3249.39,683425,108935.0,119493.0,3250.0,3257.0,3239.8,3251.5,42483700,3576.6,2926.4,4322.95,2866.6,3249.8,87,4,3249.4,3,1,3249.3,1,1,3249.0,314,8,3248.9,230,5,3250.0,3,1,3250.2,59,10,3250.3,44,4,3250.4,60,4,3250.5,53,2
11536,2025-12-30 11:44:40+05:30,3249.8,2,3249.39,683425,108935.0,119493.0,3250.0,3257.0,3239.8,3251.5,42483700,3576.6,2926.4,4322.95,2866.6,3249.8,87,4,3249.4,3,1,3249.3,1,1,3249.0,314,8,3248.9,230,5,3250.0,3,1,3250.2,59,10,3250.3,44,4,3250.4,60,4,3250.5,53,2
11536,2025-12-30 11:44:40+05:30,3249.8,13,3249.39,683482,107480.0,120852.0,3250.0,3257.0,3239.8,3251.5,42483700,3576.6,2926.4,4322.95,2866.6,3249.8,74,5,3249.4,3,1,3249.3,1,1,3249.0,268,7,3248.9,230,5,3249.9,1,1,3250.0,40,6,3250.1,23,1,3250.2,62,8,3250.3,175,1
11536,2025-12-30 11:44:41+05:30,3249.8,2,3249.39,683482,107480.0,120852.0,3250.0,3257.0,3239.8,3251.5,42483700,3576.6,2926.4,4322.95,2866.6,3249.8,74,5,3249.4,3,1,3249.3,1,1,3249.0,268,7,3248.9,230,5,3249.9,1,1,3250.0,40,6,3250.1,23,1,3250.2,62,8,3250.3,175,1
11536,2025-12-30 11:44:41+05:30,3249.8,5,3249.39,683491,108915.0,120876.0,3250.0,3257.0,3239.8,3251.5,42483700,3576.6,2926.4,4322.95,2866.6,3249.8,65,5,3249.4,3,1,3249.3,1,1,3249.0,268,7,3248.9,230,5,3249.9,7,6,3250.0,37,5,3250.1,43,2,3250.2,81,6,3250.3,175,1
11536,2025-12-30 11:44:42+05:30,3249.4,1,3249.39,683491,108915.0,120876.0,3250.0,3257.0,3239.8,3251.5,42483700,3576.6,2926.4,4322.95,2866.6,3249.8,65,5,3249.4,3,1,3249.3,1,1,3249.0,268,7,3248.9,230,5,3249.9,7,6,3250.0,37,5,3250.1,43,2,3250.2,81,6,3250.3,175,1
11536,2025-12-30 11:44:42+05:30,3249.4,1,3249.39,683618,107508.0,121004.0,3250.0,3257.0,3239.8,3251.5,42483700,3576.6,2926.4,4322.95,2866.6,3249.4,2,1,3249.3,2,2,3249.0,26,3,3248.9,10,2,3248.8,13,1,3249.5,103,3,3249.7,12,1,3249.8,22,1,3249.9,43,11,3250.0,16,2
11536,2025-12-30 11:44:43+05:30,3249.4,1,3249.39,683618,107508.0,121004.0,3250.0,3257.0,3239.8,3251.5,42483700,3576.6,2926.4,4322.95,2866.6,3249.4,2,1,3249.3,2,2,3249.0,26,3,3248.9,10,2,3248.8,13,1,3249.5,103,3,3249.7,12,1,3249.8,22,1,3249.9,43,11,3250.0,16,2
11536,2025-12-30 11:44:43+05:30,3249.4,2,3249.39,683665,106630.0,120680.0,3250.0,3257.0,3239.8,3251.5,42483700,3576.6,2926.4,4322.95,2866.6,3249.4,19,1,3249.0,22,2,3248.9,10,2,3248.8,13,1,3248.6,21,1,3249.5,110,4,3249.7,6,1,3249.8,37,2,3249.9,6,4,3250.0,59,3
11536,2025-12-30 11:44:44+05:30,3249.4,1,3249.39,683665,106630.0,120680.0,3250.0,3257.0,3239.8,3251.5,42483700,3576.6,2926.4,4322.95,2866.6,3249.4,19,1,3249.0,22,2,3248.9,10,2,3248.8,13,1,3248.6,21,1,3249.5,110,4,3249.7,6,1,3249.8,37,2,3249.9,6,4,3250.0,59,3
11536,2025-12-30 11:44:44+05:30,3249.4,1,3249.39,683704,107378.0,121011.0,3250.0,3257.0,3239.8,3251.5,42483700,3576.6,2926.4,4322.95,2866.6,3249.0,22,2,3248.9,45,3,3248.8,13,1,3248.5,22,1,3248.4,253,5,3249.3,1,1,3249.5,104,6,3249.6,12,1,3249.7,22,1,3249.8,15,1
11536,2025-12-30 11:44:45+05:30,3249.3,1,3249.39,683704,107378.0,121011.0,3250.0,3257.0,3239.8,3251.5,42483700,3576.6,2926.4,4322.95,2866.6,3249.0,22,2,3248.9,45,3,3248.8,13,1,3248.5,22,1,3248.4,253,5,3249.3,1,1,3249.5,104,6,3249.6,12,1,3249.7,22,1,3249.8,15,1
11536,2025-12-30 11:44:45+05:30,3249.3,1,3249.39,683724,106996.0,120940.0,3250.0,3257.0,3239.8,3251.5,42483700,3576.6,2926.4,4322.95,2866.6,3249.0,15,2,3248.9,45,3,3248.8,13,1,3248.4,26,2,3248.3,7,2,3249.3,4,4,3249.5,277,6,3249.6,15,1,3249.7,397,4,3249.8,19,1
11536,2025-12-30 11:44:46+05:30,3249.3,1,3249.39,683724,106996.0,120940.0,3250.0,3257.0,3239.8,3251.5,42483700,3576.6,2926.4,4322.95,2866.6,3249.0,15,2,3248.9,45,3,3248.8,13,1,3248.4,26,2,3248.3,7,2,3249.3,4,4,3249.5,277,6,3249.6,15,1,3249.7,397,4,3249.8,19,1
11536,2025-12-30 11:44:46+05:30,3249.3,1,3249.39,683736,107243.0,121129.0,3250.0,3257.0,3239.8,3251.5,42483700,3576.6,2926.4,4322.95,2866.6,3249.0,50,3,3248.9,10,2,3248.8,13,1,3248.4,26,2,3248.3,17,3,3249.3,20,7,3249.5,275,4,3249.6,15,1,3249.7,397,4,3249.8,19,1
11536,2025-12-30 11:44:47+05:30,3249.3,1,3249.39,683736,107243.0,121129.0,3250.0,3257.0,3239.8,3251.5,42483700,3576.6,2926.4,4322.95,2866.6,3249.0,50,3,3248.9,10,2,3248.8,13,1,3248.4,26,2,3248.3,17,3,3249.3,20,7,3249.5,275,4,3249.6,15,1,3249.7,397,4,3249.8,19,1
11536,2025-12-30 11:44:47+05:30,3249.0,5,3249.39,683847,106546.0,121127.0,3250.0,3257.0,3239.8,3251.5,42483700,3576.6,2926.4,4322.95,2866.6,3249.0,36,3,3248.9,10,2,3248.8,13,1,3248.4,26,2,3248.3,81,6,3249.3,10,7,3249.5,98,1,3249.7,200,2,3249.9,22,1,3250.0,22,1
11536,2025-12-30 11:44:48+05:30,3249.0,2,3249.39,683847,106546.0,121127.0,3250.0,3257.0,3239.8,3251.5,42483700,3576.6,2926.4,4322.95,2866.6,3249.0,36,3,3248.9,10,2,3248.8,13,1,3248.4,26,2,3248.3,81,6,3249.3,10,7,3249.5,98,1,3249.7,200,2,3249.9,22,1,3250.0,22,1
11536,2025-12-30 11:44:48+05:30,3249.0,2,3249.39,683855,106711.0,121151.0,3250.0,3257.0,3239.8,3251.5,42483700,3576.6,2926.4,4322.95,2866.6,3249.0,28,3,3248.9,10,2,3248.8,13,1,3248.5,20,1,3248.4,164,6,3249.3,10,7,3249.5,98,1,3249.7,25,1,3249.9,22,1,3250.1,175,1
11536,2025-12-30 11:44:49+05:30,3249.0,4,3249.39,683855,106711.0,121151.0,3250.0,3257.0,3239.8,3251.5,42483700,3576.6,2926.4,4322.95,2866.6,3249.0,28,3,3248.9,10,2,3248.8,13,1,3248.5,20,1,3248.4,164,6,3249.3,10,7,3249.5,98,1,3249.7,25,1,3249.9,22,1,3250.1,175,1
11536,2025-12-30 11:44:49+05:30,3249.3,1,3249.39,683894,106748.0,121149.0,3250.0,3257.0,3239.8,3251.5,42483700,3576.6,2926.4,4322.95,2866.6,3249.0,101,4,3248.9,10,2,3248.8,13,1,3248.5,22,1,3248.4,136,5,3249.3,8,6,3249.5,98,1,3249.7,25,1,3249.9,22,1,3250.0,175,1
11536,2025-12-30 11:44:50+05:30,3249.3,1,3249.39,683894,106748.0,121149.0,3250.0,3257.0,3239.8,3251.5,42483700,3576.6,2926.4,4322.95,2866.6,3249.0,101,4,3248.9,10,2,3248.8,13,1,3248.5,22,1,3248.4,136,5,3249.3,8,6,3249.5,98,1,3249.7,25,1,3249.9,22,1,3250.0,175,1
11536,2025-12-30 11:44:50+05:30,3249.3,1,3249.39,683908,106707.0,121170.0,3250.0,3257.0,3239.8,3251.5,42483700,3576.6,2926.4,4322.95,2866.6,3249.2,36,1,3249.0,52,3,3248.9,10,2,3248.8,13,1,3248.4,26,2,3249.3,42,7,3249.4,12,1,3249.5,119,2,3249.6,15,1,3249.7,38,2
11536,2025-12-30 11:44:51+05:30,3249.2,1,3249.39,683908,106707.0,121170.0,3250.0,3257.0,3239.8,3251.5,42483700,3576.6,2926.4,4322.95,2866.6,3249.2,36,1,3249.0,52,3,3248.9,10,2,3248.8,13,1,3248.4,26,2,3249.3,42,7,3249.4,12,1,3249.5,119,2,3249.6,15,1,3249.7,38,2
11536,2025-12-30 11:44:51+05:30,3249.2,11,3249.39,684021,106710.0,121330.0,3250.0,3257.0,3239.8,3251.5,42483700,3576.6,2926.4,4322.95,2866.6,3249.2,24,1,3249.0,52,3,3248.9,10,2,3248.8,13,1,3248.6,21,1,3249.3,46,8,3249.5,119,2,3249.7,58,3,3249.8,22,1,3249.9,198,3
11536,2025-12-30 11:44:52+05:30,3249.2,1,3249.39,684021,106710.0,121330.0,3250.0,3257.0,3239.8,3251.5,42483700,3576.6,2926.4,4322.95,2866.6,3249.2,24,1,3249.0,52,3,3248.9,10,2,3248.8,13,1,3248.6,21,1,3249.3,46,8,3249.5,119,2,3249.7,58,3,3249.8,22,1,3249.9,198,3
11536,2025-12-30 11:44:52+05:30,3249.2,5,3249.39,684036,106728.0,121287.0,3250.0,3257.0,3239.8,3251.5,42483700,3576.6,2926.4,4322.95,2866.6,3249.2,59,2,3249.0,52,3,3248.9,10,2,3248.8,13,1,3248.6,21,1,3249.3,46,8,3249.5,98,1,3249.6,21,1,3249.7,58,3,3249.8,22,1
11536,2025-12-30 11:44:53+05:30,3249.2,5,3249.39,684036,106728.0,121287.0,3250.0,3257.0,3239.8,3251.5,42483700,3576.6,2926.4,4322.95,2866.6,3249.2,59,2,3249.0,52,3,3248.9,10,2,3248.8,13,1,3248.6,21,1,3249.3,46,8,3249.5,98,1,3249.6,21,1,3249.7,58,3,3249.8,22,1
11536,2025-12-30 11:44:54+05:30,3249.3,1,3249.39,684171,106541.0,121105.0,3250.0,3257.0,3239.8,3251.5,42483700,3576.6,2926.4,4322.95,2866.6,3249.2,16,1,3249.0,52,3,3248.9,10,2,3248.8,13,1,3248.6,21,1,3249.3,41,7,3249.6,21,1,3249.7,34,2,3249.8,228,3,3249.9,60,3
11536,2025-12-30 11:44:54+05:30,3249.3,1,3249.39,684171,106541.0,121105.0,3250.0,3257.0,3239.8,3251.5,42483700,3576.6,2926.4,4322.95,2866.6,3249.2,16,1,3249.0,52,3,3248.9,10,2,3248.8,13,1,3248.6,21,1,3249.3,41,7,3249.6,21,1,3249.7,34,2,3249.8,228,3,3249.9,60,3
11536,2025-12-30 11:44:55+05:30,3249.1,1,3249.39,684225,106649.0,120327.0,3250.0,3257.0,3239.8,3251.5,42483700,3576.6,2926.4,4322.95,2866.6,3249.0,52,3,3248.9,10,2,3248.8,29,2,3248.6,61,3,3248.5,49,2,3249.2,1,1,3249.3,10,5,3249.8,52,2,3249.9,198,2,3250.0,27,1
11536,2025-12-30 11:44:55+05:30,3249.1,1,3249.39,684225,106649.0,120327.0,3250.0,3257.0,3239.8,3251.5,42483700,3576.6,2926.4,4322.95,2866.6,3249.0,52,3,3248.9,10,2,3248.8,29,2,3248.6,61,3,3248.5,49,2,3249.2,1,1,3249.3,10,5,3249.8,52,2,3249.9,198,2,3250.0,27,1
11536,2025-12-30 11:44:56+05:30,3249.0,1,3249.39,684268,106567.0,120888.0,3250.0,3257.0,3239.8,3251.5,42483700,3576.6,2926.4,4322.95,2866.6,3249.0,21,2,3248.9,10,2,3248.8,29,2,3248.6,61,3,3248.5,28,1,3249.2,7,6,3249.3,4,2,3249.8,31,1,3249.9,223,3,3250.0,27,1
11536,2025-12-30 11:44:56+05:30,3249.0,1,3249.39,684268,106567.0,120888.0,3250.0,3257.0,3239.8,3251.5,42483700,3576.6,2926.4,4322.95,2866.6,3249.0,21,2,3248.9,10,2,3248.8,29,2,3248.6,61,3,3248.5,28,1,3249.2,7,6,3249.3,4,2,3249.8,31,1,3249.9,223,3,3250.0,27,1
11536,2025-12-30 11:44:57+05:30,3248.9,1,3249.39,684380,106499.0,120946.0,3250.0,3257.0,3239.8,3251.5,42483700,3576.6,2926.4,4322.95,2866.6,3248.9,9,2,3248.8,13,1,3248.4,67,4,3248.3,125,7,3248.2,396,7,3249.2,12,7,3249.7,21,1,3249.8,56,2,3249.9,198,2,3250.0,27,1
11536,2025-12-30 11:44:57+05:30,3248.9,4,3249.39,684380,106499.0,120946.0,3250.0,3257.0,3239.8,3251.5,42483700,3576.6,2926.4,4322.95,2866.6,3248.9,9,2,3248.8,13,1,3248.4,67,4,3248.3,125,7,3248.2,396,7,3249.2,12,7,3249.7,21,1,3249.8,56,2,3249.9,198,2,3250.0,27,1
11536,2025-12-30 11:44:58+05:30,3248.9,12,3249.39,684407,106564.0,120945.0,3250.0,3257.0,3239.8,3251.5,42483700,3576.6,2926.4,4322.95,2866.6,3248.9,14,3,3248.8,13,1,3248.4,67,4,3248.3,125,7,3248.2,396,7,3249.2,10,6,3249.3,1,1,3249.7,46,2,3249.8,31,1,3249.9,198,2
11536,2025-12-30 11:44:58+05:30,3249.2,1,3249.39,684407,106564.0,120945.0,3250.0,3257.0,3239.8,3251.5,42483700,3576.6,2926.4,4322.95,2866.6,3248.9,14,3,3248.8,13,1,3248.4,67,4,3248.3,125,7,3248.2,396,7,3249.2,10,6,3249.3,1,1,3249.7,46,2,3249.8,31,1,3249.9,198,2
11536,2025-12-30 11:44:59+05:30,3248.9,5,3249.39,684454,106724.0,121116.0,3250.0,3257.0,3239.8,3251.5,42483700,3576.6,2926.4,4322.95,2866.6,3248.9,10,2,3248.8,17,2,3248.5,16,1,3248.4,46,3,3248.3,125,7,3249.2,6,5,3249.3,1,1,3249.6,46,2,3249.8,31,1,3249.9,198,2
11536,2025-12-30 11:44:59+05:30,3248.9,5,3249.39,684454,106724.0,121116.0,3250.0,3257.0,3239.8,3251.5,42483700,3576.6,2926.4,4322.95,2866.6,3248.9,10,2,3248.8,17,2,3248.5,16,1,3248.4,46,3,3248.3,125,7,3249.2,6,5,3249.3,1,1,3249.6,46,2,3249.8,31,1,3249.9,198,2
11536,2025-12-30 11:45:00+05:30,3248.9,5,3249.39,684469,106751.0,121154.0,3250.0,3257.0,3239.8,3251.5,42483700,3576.6,2926.4,4322.95,2866.6,3248.9,8,2,3248.8,17,2,3248.4,46,3,3248.3,79,6,3248.2,396,7,3249.2,6,6,3249.3,1,1,3249.6,46,2,3249.8,31,1,3249.9,198,2
11536,2025-12-30 11:45:00+05:30,3248.9,5,3249.39,684469,106751.0,121154.0,3250.0,3257.0,3239.8,3251.5,42483700,3576.6,2926.4,4322.95,2866.6,3248.9,8,2,3248.8,17,2,3248.4,46,3,3248.3,79,6,3248.2,396,7,3249.2,6,6,3249.3,1,1,3249.6,46,2,3249.8,31,1,3249.9,198,2
11536,2025-12-30 11:45:01+05:30,3249.2,1,3249.39,684469,106751.0,121154.0,3250.0,3257.0,3239.8,3251.5,42483700,3576.6,2926.4,4322.95,2866.6,3248.9,8,2,3248.8,17,2,3248.4,46,3,3248.3,79,6,3248.2,396,7,3249.2,6,6,3249.3,1,1,3249.6,46,2,3249.8,31,1,3249.9,198,2
11536,2025-12-30 11:45:01+05:30,3249.2,1,3249.39,684491,106580.0,121337.0,3250.0,3257.0,3239.8,3251.5,42483700,3576.6,2926.4,4322.95,2866.6,3248.9,16,1,3248.8,23,2,3248.4,46,3,3248.3,84,6,3248.2,373,6,3249.2,7,7,3249.3,1,1,3249.6,46,2,3249.8,31,1,3249.9,198,2
11536,2025-12-30 11:45:02+05:30,3248.9,5,3249.39,684491,106580.0,121337.0,3250.0,3257.0,3239.8,3251.5,42483700,3576.6,2926.4,4322.95,2866.6,3248.9,16,1,3248.8,23,2,3248.4,46,3,3248.3,84,6,3248.2,373,6,3249.2,7,7,3249.3,1,1,3249.6,46,2,3249.8,31,1,3249.9,198,2
11536,2025-12-30 11:45:02+05:30,3248.9,5,3249.39,684502,106587.0,121380.0,3250.0,3257.0,3239.8,3251.5,42483700,3576.6,2926.4,4322.95,2866.6,3248.9,6,1,3248.8,23,2,3248.7,2,1,3248.4,46,3,3248.3,79,6,3249.2,7,7,3249.3,1,1,3249.6,46,2,3249.8,31,1,3249.9,198,2
11536,2025-12-30 11:45:03+05:30,3248.9,2,3249.39,684502,106587.0,121380.0,3250.0,3257.0,3239.8,3251.5,42483700,3576.6,2926.4,4322.95,2866.6,3248.9,6,1,3248.8,23,2,3248.7,2,1,3248.4,46,3,3248.3,79,6,3249.2,7,7,3249.3,1,1,3249.6,46,2,3249.8,31,1,3249.9,198,2
11536,2025-12-30 11:45:03+05:30,3248.9,3,3249.39,684510,105796.0,121390.0,3250.0,3257.0,3239.8,3251.5,42483700,3576.6,2926.4,4322.95,2866.6,3248.9,16,1,3248.8,23,2,3248.7,2,1,3248.4,46,3,3248.3,79,6,3249.2,60,8,3249.3,1,1,3249.5,21,1,3249.6,25,1,3249.8,31,1
11536,2025-12-30 11:45:04+05:30,3249.8,6,3249.39,684510,105796.0,121390.0,3250.0,3257.0,3239.8,3251.5,42483700,3576.6,2926.4,4322.95,2866.6,3248.9,16,1,3248.8,23,2,3248.7,2,1,3248.4,46,3,3248.3,79,6,3249.2,60,8,3249.3,1,1,3249.5,21,1,3249.6,25,1,3249.8,31,1
11536,2025-12-30 11:45:04+05:30,3249.8,6,3249.39,684630,106375.0,120723.0,3250.0,3257.0,3239.8,3251.5,42483700,3576.6,2926.4,4322.95,2866.6,3249.0,12,1,3248.8,23,2,3248.7,2,1,3248.6,21,1,3248.5,61,1,3249.8,27,3,3249.9,206,3,3250.1,647,4,3250.2,29,3,3250.3,34,1
11536,2025-12-30 11:45:05+05:30,3249.8,1,3249.39,684630,106375.0,120723.0,3250.0,3257.0,3239.8,3251.5,42483700,3576.6,2926.4,4322.95,2866.6,3249.0,12,1,3248.8,23,2,3248.7,2,1,3248.6,21,1,3248.5,61,1,3249.8,27,3,3249.9,206,3,3250.1,647,4,3250.2,29,3,3250.3,34,1
11536,2025-12-30 11:45:05+05:30,3249.8,1,3249.39,684632,106389.0,120482.0,3250.0,3257.0,3239.8,3251.5,42483700,3576.6,2926.4,4322.95,2866.6,3249.0,12,1,3248.9,2,1,3248.8,23,2,3248.7,2,1,3248.6,21,1,3249.8,26,4,3249.9,199,2,3250.1,365,3,3250.2,29,3,3250.3,43,2
11536,2025-12-30 11:45:06+05:30,3249.0,35,3249.39,684667,106397.0,120426.0,3250.0,3257.0,3239.8,3251.5,42483700,3576.6,2926.4,4322.95,2866.6,3249.0,16,1,3248.9,2,1,3248.8,23,2,3248.7,22,2,3248.6,21,1,3249.8,22,3,3249.9,199,2,3250.1,350,2,3250.2,29,3,3250.3,34,1
11536,2025-12-30 11:45:07+05:30,3248.9,1,3249.39,684667,106397.0,120426.0,3250.0,3257.0,3239.8,3251.5,42483700,3576.6,2926.4,4322.95,2866.6,3249.0,16,1,3248.9,2,1,3248.8,23,2,3248.7,22,2,3248.6,21,1,3249.8,22,3,3249.9,199,2,3250.1,350,2,3250.2,29,3,3250.3,34,1
11536,2025-12-30 11:45:07+05:30,3248.9,10,3249.39,684796,106475.0,120220.0,3250.0,3257.0,3239.8,3251.5,42483700,3576.6,2926.4,4322.95,2866.6,3248.9,9,2,3248.8,23,2,3248.7,23,2,3248.6,79,4,3248.5,10,1,3249.8,21,3,3249.9,199,2,3250.1,350,2,3250.2,2,1,3250.3,15,1
11536,2025-12-30 11:45:08+05:30,3249.9,15,3249.39,684796,106475.0,120220.0,3250.0,3257.0,3239.8,3251.5,42483700,3576.6,2926.4,4322.95,2866.6,3248.9,9,2,3248.8,23,2,3248.7,23,2,3248.6,79,4,3248.5,10,1,3249.8,21,3,3249.9,199,2,3250.1,350,2,3250.2,2,1,3250.3,15,1
11536,2025-12-30 11:45:08+05:30,3249.9,15,3249.39,684911,106625.0,120204.0,3250.0,3257.0,3239.8,3251.5,42483700,3576.6,2926.4,4322.95,2866.6,3248.9,2,1,3248.8,40,3,3248.7,26,3,3248.6,108,5,3248.5,36,2,3249.7,144,1,3249.8,371,3,3249.9,30,3,3250.0,10,1,3250.2,9,1
11536,2025-12-30 11:45:09+05:30,3248.9,1,3249.39,684911,106625.0,120204.0,3250.0,3257.0,3239.8,3251.5,42483700,3576.6,2926.4,4322.95,2866.6,3248.9,2,1,3248.8,40,3,3248.7,26,3,3248.6,108,5,3248.5,36,2,3249.7,144,1,3249.8,371,3,3249.9,30,3,3250.0,10,1,3250.2,9,1
11536,2025-12-30 11:45:09+05:30,3248.9,9,3249.39,684958,106107.0,121348.0,3250.0,3257.0,3239.8,3251.5,42483700,3576.6,2926.4,4322.95,2866.6,3248.8,23,2,3248.7,2,1,3248.5,35,2,3248.4,47,4,3248.3,88,6,3248.9,4,1,3249.6,109,2,3249.7,35,2,3249.8,365,3,3249.9,45,3
11536,2025-12-30 11:45:10+05:30,3248.9,9,3249.39,684958,106107.0,121348.0,3250.0,3257.0,3239.8,3251.5,42483700,3576.6,2926.4,4322.95,2866.6,3248.8,23,2,3248.7,2,1,3248.5,35,2,3248.4,47,4,3248.3,88,6,3248.9,4,1,3249.6,109,2,3249.7,35,2,3249.8,365,3,3249.9,45,3
11536,2025-12-30 11:45:10+05:30,3248.9,9,3249.39,684958,105504.0,121436.0,3250.0,3257.0,3239.8,3251.5,42483700,3576.6,2926.4,4322.95,2866.6,3248.8,23,2,3248.7,2,1,3248.6,15,1,3248.4,47,4,3248.3,67,5,3248.9,6,3,3249.5,64,1,3249.6,109,2,3249.7,21,1,3249.8,365,3
11536,2025-12-30 11:45:11+05:30,3248.8,4,3249.39,684958,105504.0,121436.0,3250.0,3257.0,3239.8,3251.5,42483700,3576.6,2926.4,4322.95,2866.6,3248.8,23,2,3248.7,2,1,3248.6,15,1,3248.4,47,4,3248.3,67,5,3248.9,6,3,3249.5,64,1,3249.6,109,2,3249.7,21,1,3249.8,365,3
11536,2025-12-30 11:45:11+05:30,3248.8,5,3249.39,685012,105567.0,121231.0,3250.0,3257.0,3239.8,3251.5,42483700,3576.6,2926.4,4322.95,2866.6,3248.8,31,3,3248.7,2,1,3248.6,15,1,3248.4,6,2,3248.3,91,6,3248.9,20,7,3249.5,64,1,3249.6,107,1,3249.7,21,1,3249.8,350,2
11536,2025-12-30 11:45:12+05:30,3248.8,3,3249.39,685012,105567.0,121231.0,3250.0,3257.0,3239.8,3251.5,42483700,3576.6,2926.4,4322.95,2866.6,3248.8,31,3,3248.7,2,1,3248.6,15,1,3248.4,6,2,3248.3,91,6,3248.9,20,7,3249.5,64,1,3249.6,107,1,3249.7,21,1,3249.8,350,2
11536,2025-12-30 11:45:12+05:30,3248.8,5,3249.39,685028,105563.0,121247.0,3250.0,3257.0,3239.8,3251.5,42483700,3576.6,2926.4,4322.95,2866.6,3248.8,14,2,3248.7,15,2,3248.6,15,1,3248.4,6,2,3248.3,91,6,3248.9,21,8,3249.5,64,1,3249.6,107,1,3249.7,21,1,3249.8,350,2
11536,2025-12-30 11:45:13+05:30,3248.8,1,3249.39,685028,105563.0,121247.0,3250.0,3257.0,3239.8,3251.5,42483700,3576.6,2926.4,4322.95,2866.6,3248.8,14,2,3248.7,15,2,3248.6,15,1,3248.4,6,2,3248.3,91,6,3248.9,21,8,3249.5,64,1,3249.6,107,1,3249.7,21,1,3249.8,350,2
11536,2025-12-30 11:45:13+05:30,3248.8,1,3249.39,685043,105551.0,121083.0,3250.0,3257.0,3239.8,3251.5,42483700,3576.6,2926.4,4322.95,2866.6,3248.8,22,2,3248.7,15,2,3248.4,21,3,3248.3,23,4,3248.2,88,4,3248.9,23,10,3249.4,24,1,3249.5,91,2,3249.6,107,1,3249.8,353,3
11536,2025-12-30 11:45:14+05:30,3248.8,3,3249.39,685043,105551.0,121083.0,3250.0,3257.0,3239.8,3251.5,42483700,3576.6,2926.4,4322.95,2866.6,3248.8,22,2,3248.7,15,2,3248.4,21,3,3248.3,23,4,3248.2,88,4,3248.9,23,10,3249.4,24,1,3249.5,91,2,3249.6,107,1,3249.8,353,3
11536,2025-12-30 11:45:14+05:30,3248.9,1,3249.39,685077,104897.0,121195.0,3250.0,3257.0,3239.8,3251.5,42483700,3576.6,2926.4,4322.95,2866.6,3248.8,32,3,3248.7,18,2,3248.6,35,2,3248.5,20,1,3248.4,35,4,3248.9,11,11,3249.5,64,1,3249.6,107,1,3249.8,353,3,3249.9,46,3
11536,2025-12-30 11:45:15+05:30,3248.9,1,3249.39,685077,104897.0,121195.0,3250.0,3257.0,3239.8,3251.5,42483700,3576.6,2926.4,4322.95,2866.6,3248.8,32,3,3248.7,18,2,3248.6,35,2,3248.5,20,1,3248.4,35,4,3248.9,11,11,3249.5,64,1,3249.6,107,1,3249.8,353,3,3249.9,46,3
11536,2025-12-30 11:45:15+05:30,3248.8,1,3249.39,685089,106432.0,121138.0,3250.0,3257.0,3239.8,3251.5,42483700,3576.6,2926.4,4322.95,2866.6,3248.8,93,6,3248.7,2,1,3248.6,54,4,3248.5,44,2,3248.4,75,5,3248.9,11,11,3249.6,107,1,3249.8,353,3,3249.9,46,3,3250.0,24,2
11536,2025-12-30 11:45:16+05:30,3248.9,1,3249.39,685089,106432.0,121138.0,3250.0,3257.0,3239.8,3251.5,42483700,3576.6,2926.4,4322.95,2866.6,3248.8,93,6,3248.7,2,1,3248.6,54,4,3248.5,44,2,3248.4,75,5,3248.9,11,11,3249.6,107,1,3249.8,353,3,3249.9,46,3,3250.0,24,2
11536,2025-12-30 11:45:16+05:30,3248.9,3,3249.39,685131,106431.0,120060.0,3250.0,3257.0,3239.8,3251.5,42483700,3576.6,2926.4,4322.95,2866.6,3248.9,5,2,3248.8,59,4,3248.7,2,1,3248.6,25,2,3248.4,242,6,3249.7,107,1,3249.8,377,4,3249.9,49,3,3250.0,2,1,3250.1,23,1
11536,2025-12-30 11:45:17+05:30,3248.9,70,3249.39,685131,106431.0,120060.0,3250.0,3257.0,3239.8,3251.5,42483700,3576.6,2926.4,4322.95,2866.6,3248.9,5,2,3248.8,59,4,3248.7,2,1,3248.6,25,2,3248.4,242,6,3249.7,107,1,3249.8,377,4,3249.9,49,3,3250.0,2,1,3250.1,23,1
11536,2025-12-30 11:45:17+05:30,3248.9,70,3249.39,685206,106182.0,121180.0,3250.0,3257.0,3239.8,3251.5,42483700,3576.6,2926.4,4322.95,2866.6,3248.8,59,4,3248.7,2,1,3248.6,19,2,3248.5,15,1,3248.4,110,6,3248.9,7,3,3249.6,107,1,3249.7,3,2,3249.8,377,4,3249.9,49,3
11536,2025-12-30 11:45:18+05:30,3248.9,1,3249.39,685206,106182.0,121180.0,3250.0,3257.0,3239.8,3251.5,42483700,3576.6,2926.4,4322.95,2866.6,3248.8,59,4,3248.7,2,1,3248.6,19,2,3248.5,15,1,3248.4,110,6,3248.9,7,3,3249.6,107,1,3249.7,3,2,3249.8,377,4,3249.9,49,3
11536,2025-12-30 11:45:18+05:30,3248.9,1,3249.39,685207,106210.0,121170.0,3250.0,3257.0,3239.8,3251.5,42483700,3576.6,2926.4,4322.95,2866.6,3248.8,59,4,3248.7,23,3,3248.6,4,1,3248.5,15,1,3248.4,110,6,3248.9,6,3,3249.6,107,1,3249.7,3,2,3249.8,377,4,3249.9,49,3
11536,2025-12-30 11:45:19+05:30,3248.8,22,3249.39,685207,106210.0,121170.0,3250.0,3257.0,3239.8,3251.5,42483700,3576.6,2926.4,4322.95,2866.6,3248.8,59,4,3248.7,23,3,3248.6,4,1,3248.5,15,1,3248.4,110,6,3248.9,6,3,3249.6,107,1,3249.7,3,2,3249.8,377,4,3249.9,49,3
11536,2025-12-30 11:45:19+05:30,3248.8,22,3249.39,685242,106145.0,121175.0,3250.0,3257.0,3239.8,3251.5,42483700,3576.6,2926.4,4322.95,2866.6,3248.8,39,4,3248.7,7,2,3248.6,4,1,3248.5,15,1,3248.4,86,5,3248.9,5,4,3249.6,107,1,3249.7,1,1,3249.8,377,4,3249.9,49,3
11536,2025-12-30 11:45:20+05:30,3248.8,10,3249.39,685242,106145.0,121175.0,3250.0,3257.0,3239.8,3251.5,42483700,3576.6,2926.4,4322.95,2866.6,3248.8,39,4,3248.7,7,2,3248.6,4,1,3248.5,15,1,3248.4,86,5,3248.9,5,4,3249.6,107,1,3249.7,1,1,3249.8,377,4,3249.9,49,3
11536,2025-12-30 11:45:20+05:30,3248.8,10,3249.39,685266,104823.0,121390.0,3250.0,3257.0,3239.8,3251.5,42483700,3576.6,2926.4,4322.95,2866.6,3248.8,30,4,3248.7,2,1,3248.6,4,1,3248.4,27,3,3248.3,23,4,3248.9,6,6,3249.2,13,1,3249.3,24,1,3249.4,14,1,3249.5,27,1
11536,2025-12-30 11:45:21+05:30,3248.8,4,3249.39,685266,104823.0,121390.0,3250.0,3257.0,3239.8,3251.5,42483700,3576.6,2926.4,4322.95,2866.6,3248.8,30,4,3248.7,2,1,3248.6,4,1,3248.4,27,3,3248.3,23,4,3248.9,6,6,3249.2,13,1,3249.3,24,1,3249.4,14,1,3249.5,27,1
11536,2025-12-30 11:45:21+05:30,3248.8,1,3249.39,685278,104653.0,121445.0,3250.0,3257.0,3239.8,3251.5,42483700,3576.6,2926.4,4322.95,2866.6,3248.8,18,4,3248.7,2,1,3248.6,4,1,3248.4,27,3,3248.3,23,4,3248.9,37,7,3249.3,37,2,3249.5,27,1,3249.6,121,2,3249.7,20,1
11536,2025-12-30 11:45:22+05:30,3248.8,1,3249.39,685278,104653.0,121445.0,3250.0,3257.0,3239.8,3251.5,42483700,3576.6,2926.4,4322.95,2866.6,3248.8,18,4,3248.7,2,1,3248.6,4,1,3248.4,27,3,3248.3,23,4,3248.9,37,7,3249.3,37,2,3249.5,27,1,3249.6,121,2,3249.7,20,1
11536,2025-12-30 11:45:22+05:30,3248.8,1,3249.39,685330,105170.0,121120.0,3250.0,3257.0,3239.8,3251.5,42483700,3576.6,2926.4,4322.95,2866.6,3248.8,25,3,3248.7,2,1,3248.6,4,1,3248.4,27,3,3248.3,23,4,3248.9,3,2,3249.5,134,2,3249.6,24,1,3249.7,392,5,3249.8,3,1
11536,2025-12-30 11:45:23+05:30,3248.8,1,3249.39,685330,105170.0,121120.0,3250.0,3257.0,3239.8,3251.5,42483700,3576.6,2926.4,4322.95,2866.6,3248.8,25,3,3248.7,2,1,3248.6,4,1,3248.4,27,3,3248.3,23,4,3248.9,3,2,3249.5,134,2,3249.6,24,1,3249.7,392,5,3249.8,3,1
11536,2025-12-30 11:45:23+05:30,3248.8,1,3249.39,685330,105160.0,121124.0,3250.0,3257.0,3239.8,3251.5,42483700,3576.6,2926.4,4322.95,2866.6,3248.8,25,3,3248.7,2,1,3248.6,4,1,3248.4,27,3,3248.3,23,4,3248.9,7,6,3249.5,134,2,3249.6,24,1,3249.7,392,5,3249.8,3,1
11536,2025-12-30 11:45:24+05:30,3248.9,2,3249.39,685361,105563.0,121147.0,3250.0,3257.0,3239.8,3251.5,42483700,3576.6,2926.4,4322.95,2866.6,3248.9,4,1,3248.8,64,4,3248.7,2,1,3248.6,4,1,3248.4,27,3,3249.5,164,4,3249.6,14,1,3249.7,373,4,3249.8,42,3,3249.9,70,4
11536,2025-12-30 11:45:25+05:30,3249.5,1,3249.39,685361,105563.0,121147.0,3250.0,3257.0,3239.8,3251.5,42483700,3576.6,2926.4,4322.95,2866.6,3248.9,4,1,3248.8,64,4,3248.7,2,1,3248.6,4,1,3248.4,27,3,3249.5,164,4,3249.6,14,1,3249.7,373,4,3249.8,42,3,3249.9,70,4
11536,2025-12-30 11:45:25+05:30,3249.5,1,3249.39,685362,104782.0,121146.0,3250.0,3257.0,3239.8,3251.5,42483700,3576.6,2926.4,4322.95,2866.6,3248.9,8,2,3248.8,64,4,3248.7,2,1,3248.6,4,1,3248.4,27,3,3249.5,166,7,3249.6,14,1,3249.7,370,3,3249.8,27,2,3249.9,70,4
11536,2025-12-30 11:45:26+05:30,3248.8,3,3249.39,685469,106128.0,121185.0,3250.0,3257.0,3239.8,3251.5,42483700,3576.6,2926.4,4322.95,2866.6,3248.8,26,4,3248.7,2,1,3248.6,4,1,3248.5,3,1,3248.4,27,3,3249.5,146,8,3249.6,14,1,3249.7,350,2,3249.8,27,2,3249.9,70,4
11536,2025-12-30 11:45:27+05:30,3248.8,3,3249.39,685469,106128.0,121185.0,3250.0,3257.0,3239.8,3251.5,42483700,3576.6,2926.4,4322.95,2866.6,3248.8,26,4,3248.7,2,1,3248.6,4,1,3248.5,3,1,3248.4,27,3,3249.5,146,8,3249.6,14,1,3249.7,350,2,3249.8,27,2,3249.9,70,4
11536,2025-12-30 11:45:27+05:30,3249.5,1,3249.39,685470,106135.0,121189.0,3250.0,3257.0,3239.8,3251.5,42483700,3576.6,2926.4,4322.95,2866.6,3248.8,26,4,3248.7,2,1,3248.6,4,1,3248.5,3,1,3248.4,27,3,3249.5,150,10,3249.6,14,1,3249.7,350,2,3249.8,27,2,3249.9,70,4
11536,2025-12-30 11:45:28+05:30,3248.8,2,3249.39,685470,106135.0,121189.0,3250.0,3257.0,3239.8,3251.5,42483700,3576.6,2926.4,4322.95,2866.6,3248.8,26,4,3248.7,2,1,3248.6,4,1,3248.5,3,1,3248.4,27,3,3249.5,150,10,3249.6,14,1,3249.7,350,2,3249.8,27,2,3249.9,70,4
11536,2025-12-30 11:45:28+05:30,3248.8,4,3249.39,685485,106112.0,121221.0,3250.0,3257.0,3239.8,3251.5,42483700,3576.6,2926.4,4322.95,2866.6,3248.8,25,4,3248.7,2,1,3248.6,4,1,3248.5,3,1,3248.4,27,3,3249.5,150,10,3249.7,350,2,3249.8,27,2,3249.9,70,4,3250.0,40,3
11536,2025-12-30 11:45:29+05:30,3248.8,1,3249.39,685485,106112.0,121221.0,3250.0,3257.0,3239.8,3251.5,42483700,3576.6,2926.4,4322.95,2866.6,3248.8,25,4,3248.7,2,1,3248.6,4,1,3248.5,3,1,3248.4,27,3,3249.5,150,10,3249.7,350,2,3249.8,27,2,3249.9,70,4,3250.0,40,3
11536,2025-12-30 11:45:29+05:30,3248.8,1,3249.39,685515,106095.0,121221.0,3250.0,3257.0,3239.8,3251.5,42483700,3576.6,2926.4,4322.95,2866.6,3248.8,8,3,3248.7,2,1,3248.6,4,1,3248.5,3,1,3248.4,27,3,3249.5,150,12,3249.7,350,2,3249.8,27,2,3249.9,70,4,3250.0,40,3
11536,2025-12-30 11:45:30+05:30,3248.8,1,3249.39,685515,106095.0,121221.0,3250.0,3257.0,3239.8,3251.5,42483700,3576.6,2926.4,4322.95,2866.6,3248.8,8,3,3248.7,2,1,3248.6,4,1,3248.5,3,1,3248.4,27,3,3249.5,150,12,3249.7,350,2,3249.8,27,2,3249.9,70,4,3250.0,40,3
11536,2025-12-30 11:45:30+05:30,3248.9,1,3249.39,685531,105912.0,121207.0,3250.0,3257.0,3239.8,3251.5,42483700,3576.6,2926.4,4322.95,2866.6,3248.9,1,1,3248.7,2,1,3248.6,4,1,3248.5,3,1,3248.4,27,3,3249.4,25,2,3249.5,119,10,3249.7,350,2,3249.8,27,2,3249.9,70,4
11536,2025-12-30 11:45:31+05:30,3249.5,2,3249.39,685531,105912.0,121207.0,3250.0,3257.0,3239.8,3251.5,42483700,3576.6,2926.4,4322.95,2866.6,3248.9,1,1,3248.7,2,1,3248.6,4,1,3248.5,3,1,3248.4,27,3,3249.4,25,2,3249.5,119,10,3249.7,350,2,3249.8,27,2,3249.9,70,4
11536,2025-12-30 11:45:32+05:30,3248.9,1,3249.39,685668,105935.0,121092.0,3250.0,3257.0,3239.8,3251.5,42483700,3576.6,2926.4,4322.95,2866.6,3248.8,1,1,3248.7,2,1,3248.6,4,1,3248.5,3,1,3248.4,27,3,3249.5,21,8,3249.7,199,2,3249.9,54,2,3250.0,196,3,3250.1,31,1
11536,2025-12-30 11:45:32+05:30,3248.9,1,3249.39,685668,105935.0,121092.0,3250.0,3257.0,3239.8,3251.5,42483700,3576.6,2926.4,4322.95,2866.6,3248.8,1,1,3248.7,2,1,3248.6,4,1,3248.5,3,1,3248.4,27,3,3249.5,21,8,3249.7,199,2,3249.9,54,2,3250.0,196,3,3250.1,31,1
11536,2025-12-30 11:45:33+05:30,3248.7,1,3249.39,685677,106047.0,121101.0,3250.0,3257.0,3239.8,3251.5,42483700,3576.6,2926.4,4322.95,2866.6,3248.7,62,4,3248.6,69,5,3248.5,40,3,3248.4,61,5,3248.3,141,8,3249.5,21,8,3250.0,175,1,3250.3,224,3,3250.4,77,3,3250.5,62,2
11536,2025-12-30 11:45:33+05:30,3248.7,1,3249.39,685677,106047.0,121101.0,3250.0,3257.0,3239.8,3251.5,42483700,3576.6,2926.4,4322.95,2866.6,3248.7,62,4,3248.6,69,5,3248.5,40,3,3248.4,61,5,3248.3,141,8,3249.5,21,8,3250.0,175,1,3250.3,224,3,3250.4,77,3,3250.5,62,2
11536,2025-12-30 11:45:34+05:30,3248.7,2,3249.39,685725,106278.0,120278.0,3250.0,3257.0,3239.8,3251.5,42483700,3576.6,2926.4,4322.95,2866.6,3248.7,26,2,3248.6,82,6,3248.5,40,3,3248.4,217,6,3248.3,141,8,3249.5,32,8,3250.2,61,1,3250.3,384,3,3250.4,77,3,3250.5,62,2
11536,2025-12-30 11:45:34+05:30,3248.7,2,3249.39,685725,106278.0,120278.0,3250.0,3257.0,3239.8,3251.5,42483700,3576.6,2926.4,4322.95,2866.6,3248.7,26,2,3248.6,82,6,3248.5,40,3,3248.4,217,6,3248.3,141,8,3249.5,32,8,3250.2,61,1,3250.3,384,3,3250.4,77,3,3250.5,62,2
11536,2025-12-30 11:45:35+05:30,3248.8,2,3249.39,685750,106516.0,119520.0,3250.0,3257.0,3239.8,3251.5,42483700,3576.6,2926.4,4322.95,2866.6,3248.8,68,4,3248.7,88,5,3248.6,186,8,3248.5,94,4,3248.4,238,7,3249.5,29,7,3250.4,53,2,3250.5,203,2,3250.6,70,4,3250.7,3,1
11536,2025-12-30 11:45:35+05:30,3248.8,2,3249.39,685750,106516.0,119520.0,3250.0,3257.0,3239.8,3251.5,42483700,3576.6,2926.4,4322.95,2866.6,3248.8,68,4,3248.7,88,5,3248.6,186,8,3248.5,94,4,3248.4,238,7,3249.5,29,7,3250.4,53,2,3250.5,203,2,3250.6,70,4,3250.7,3,1
11536,2025-12-30 11:45:36+05:30,3248.8,1,3249.39,685750,106516.0,119520.0,3250.0,3257.0,3239.8,3251.5,42483700,3576.6,2926.4,4322.95,2866.6,3248.8,68,4,3248.7,88,5,3248.6,186,8,3248.5,94,4,3248.4,238,7,3249.5,29,7,3250.4,53,2,3250.5,203,2,3250.6,70,4,3250.7,3,1
11536,2025-12-30 11:45:36+05:30,3248.8,1,3249.39,685765,106696.0,119519.0,3250.0,3257.0,3239.8,3251.5,42483700,3576.6,2926.4,4322.95,2866.6,3248.9,15,2,3248.8,47,4,3248.7,81,4,3248.6,186,8,3248.5,94,4,3249.5,28,7,3250.4,53,2,3250.5,28,1,3250.6,245,5,3250.7,3,1
11536,2025-12-30 11:45:37+05:30,3248.9,2,3249.39,685765,106696.0,119519.0,3250.0,3257.0,3239.8,3251.5,42483700,3576.6,2926.4,4322.95,2866.6,3248.9,15,2,3248.8,47,4,3248.7,81,4,3248.6,186,8,3248.5,94,4,3249.5,28,7,3250.4,53,2,3250.5,28,1,3250.6,245,5,3250.7,3,1
11536,2025-12-30 11:45:37+05:30,3248.9,2,3249.39,685858,106661.0,121250.0,3250.0,3257.0,3239.8,3251.5,42483700,3576.6,2926.4,4322.95,2866.6,3248.9,5,1,3248.8,7,1,3248.7,66,3,3248.6,140,6,3248.5,78,3,3249.5,32,9,3250.1,26,1,3250.2,13,1,3250.3,65,3,3250.4,468,6
11536,2025-12-30 11:45:38+05:30,3249.2,1,3249.39,685858,106661.0,121250.0,3250.0,3257.0,3239.8,3251.5,42483700,3576.6,2926.4,4322.95,2866.6,3248.9,5,1,3248.8,7,1,3248.7,66,3,3248.6,140,6,3248.5,78,3,3249.5,32,9,3250.1,26,1,3250.2,13,1,3250.3,65,3,3250.4,468,6
11536,2025-12-30 11:45:38+05:30,3249.2,1,3249.39,685862,106964.0,121814.0,3250.0,3257.0,3239.8,3251.5,42483700,3576.6,2926.4,4322.95,2866.6,3249.2,2,1,3248.8,7,1,3248.7,56,2,3248.6,81,4,3248.5,57,2,3249.5,33,9,3249.8,24,1,3249.9,26,1,3250.1,16,1,3250.2,15,1
11536,2025-12-30 11:45:39+05:30,3249.0,8,3249.39,685862,106964.0,121814.0,3250.0,3257.0,3239.8,3251.5,42483700,3576.6,2926.4,4322.95,2866.6,3249.2,2,1,3248.8,7,1,3248.7,56,2,3248.6,81,4,3248.5,57,2,3249.5,33,9,3249.8,24,1,3249.9,26,1,3250.1,16,1,3250.2,15,1
11536,2025-12-30 11:45:39+05:30,3249.0,8,3249.39,685895,106435.0,122319.0,3250.0,3257.0,3239.8,3251.5,42483700,3576.6,2926.4,4322.95,2866.6,3249.0,4,1,3248.8,6,1,3248.7,56,2,3248.6,60,3,3248.5,77,3,3249.1,1,1,3249.2,3,1,3249.5,23,9,3249.8,282,1,3250.1,70,2
11536,2025-12-30 11:45:40+05:30,3249.1,1,3249.39,685895,106435.0,122319.0,3250.0,3257.0,3239.8,3251.5,42483700,3576.6,2926.4,4322.95,2866.6,3249.0,4,1,3248.8,6,1,3248.7,56,2,3248.6,60,3,3248.5,77,3,3249.1,1,1,3249.2,3,1,3249.5,23,9,3249.8,282,1,3250.1,70,2
11536,2025-12-30 11:45:40+05:30,3249.1,2,3249.39,685932,106432.0,122154.0,3250.0,3257.0,3239.8,3251.5,42483700,3576.6,2926.4,4322.95,2866.6,3249.1,2,1,3249.0,98,2,3248.8,6,1,3248.7,58,3,3248.6,60,3,3249.2,180,4,3249.4,350,2,3249.5,17,4,3249.7,24,1,3249.8,354,3
11536,2025-12-30 11:45:41+05:30,3249.0,2,3249.39,685932,106432.0,122154.0,3250.0,3257.0,3239.8,3251.5,42483700,3576.6,2926.4,4322.95,2866.6,3249.1,2,1,3249.0,98,2,3248.8,6,1,3248.7,58,3,3248.6,60,3,3249.2,180,4,3249.4,350,2,3249.5,17,4,3249.7,24,1,3249.8,354,3
11536,2025-12-30 11:45:41+05:30,3249.0,1,3249.39,685960,106394.0,122456.0,3250.0,3257.0,3239.8,3251.5,42483700,3576.6,2926.4,4322.95,2866.6,3249.0,97,3,3248.8,6,1,3248.7,58,3,3248.6,60,3,3248.5,57,2,3249.2,352,10,3249.4,350,2,3249.5,1,1,3249.6,24,1,3249.7,26,1
11536,2025-12-30 11:45:42+05:30,3249.0,5,3249.39,685960,106394.0,122456.0,3250.0,3257.0,3239.8,3251.5,42483700,3576.6,2926.4,4322.95,2866.6,3249.0,97,3,3248.8,6,1,3248.7,58,3,3248.6,60,3,3248.5,57,2,3249.2,352,10,3249.4,350,2,3249.5,1,1,3249.6,24,1,3249.7,26,1
11536,2025-12-30 11:45:42+05:30,3249.0,5,3249.39,685969,106383.0,122219.0,3250.0,3257.0,3239.8,3251.5,42483700,3576.6,2926.4,4322.95,2866.6,3249.0,90,4,3248.8,6,1,3248.7,56,2,3248.6,60,3,3248.5,57,2,3249.2,398,14,3249.4,350,2,3249.6,24,1,3249.7,26,1,3249.8,93,3
11536,2025-12-30 11:45:43+05:30,3249.0,1,3249.39,685969,106383.0,122219.0,3250.0,3257.0,3239.8,3251.5,42483700,3576.6,2926.4,4322.95,2866.6,3249.0,90,4,3248.8,6,1,3248.7,56,2,3248.6,60,3,3248.5,57,2,3249.2,398,14,3249.4,350,2,3249.6,24,1,3249.7,26,1,3249.8,93,3
11536,2025-12-30 11:45:43+05:30,3249.0,2,3249.39,685988,106364.0,122171.0,3250.0,3257.0,3239.8,3251.5,42483700,3576.6,2926.4,4322.95,2866.6,3249.0,74,4,3248.8,6,1,3248.7,56,2,3248.6,60,3,3248.5,57,2,3249.2,393,12,3249.4,350,2,3249.6,24,1,3249.7,26,1,3249.8,93,3
11536,2025-12-30 11:45:44+05:30,3249.0,4,3249.39,685988,106364.0,122171.0,3250.0,3257.0,3239.8,3251.5,42483700,3576.6,2926.4,4322.95,2866.6,3249.0,74,4,3248.8,6,1,3248.7,56,2,3248.6,60,3,3248.5,57,2,3249.2,393,12,3249.4,350,2,3249.6,24,1,3249.7,26,1,3249.8,93,3
11536,2025-12-30 11:45:44+05:30,3249.2,19,3249.39,686021,106515.0,122302.0,3250.0,3257.0,3239.8,3251.5,42483700,3576.6,2926.4,4322.95,2866.6,3249.1,2,1,3249.0,63,3,3248.8,6,1,3248.7,56,2,3248.6,60,3,3249.2,369,12,3249.4,350,2,3249.6,42,2,3249.7,26,1,3249.8,93,3
11536,2025-12-30 11:45:45+05:30,3249.1,1,3249.39,686021,106515.0,122302.0,3250.0,3257.0,3239.8,3251.5,42483700,3576.6,2926.4,4322.95,2866.6,3249.1,2,1,3249.0,63,3,3248.8,6,1,3248.7,56,2,3248.6,60,3,3249.2,369,12,3249.4,350,2,3249.6,42,2,3249.7,26,1,3249.8,93,3
11536,2025-12-30 11:45:45+05:30,3249.1,3,3249.39,686029,106500.0,122311.0,3250.0,3257.0,3239.8,3251.5,42483700,3576.6,2926.4,4322.95,2866.6,3249.1,55,3,3249.0,63,3,3248.8,6,1,3248.7,56,2,3248.6,60,3,3249.2,367,11,3249.4,350,2,3249.5,24,1,3249.7,26,1,3249.8,93,3
11536,2025-12-30 11:45:46+05:30,3249.2,1,3249.39,686029,106500.0,122311.0,3250.0,3257.0,3239.8,3251.5,42483700,3576.6,2926.4,4322.95,2866.6,3249.1,55,3,3249.0,63,3,3248.8,6,1,3248.7,56,2,3248.6,60,3,3249.2,367,11,3249.4,350,2,3249.5,24,1,3249.7,26,1,3249.8,93,3
11536,2025-12-30 11:45:46+05:30,3249.2,1,3249.39,686067,106526.0,122287.0,3250.0,3257.0,3239.8,3251.5,42483700,3576.6,2926.4,4322.95,2866.6,3249.1,38,2,3249.0,63,3,3248.8,6,1,3248.7,56,2,3248.6,60,3,3249.2,339,8,3249.4,350,2,3249.5,42,2,3249.7,26,1,3249.8,93,3
11536,2025-12-30 11:45:47+05:30,3249.1,45,3249.39,686067,106526.0,122287.0,3250.0,3257.0,3239.8,3251.5,42483700,3576.6,2926.4,4322.95,2866.6,3249.1,38,2,3249.0,63,3,3248.8,6,1,3248.7,56,2,3248.6,60,3,3249.2,339,8,3249.4,350,2,3249.5,42,2,3249.7,26,1,3249.8,93,3
11536,2025-12-30 11:45:47+05:30,3249.0,4,3249.39,686149,105992.0,122924.0,3250.0,3257.0,3239.8,3251.5,42483700,3576.6,2926.4,4322.95,2866.6,3249.0,59,3,3248.8,6,1,3248.7,56,2,3248.6,63,4,3248.5,5,2,3249.1,4,3,3249.2,353,9,3249.4,410,5,3249.5,282,1,3249.6,63,3
11536,2025-12-30 11:45:48+05:30,3249.2,3,3249.39,686149,105992.0,122924.0,3250.0,3257.0,3239.8,3251.5,42483700,3576.6,2926.4,4322.95,2866.6,3249.0,59,3,3248.8,6,1,3248.7,56,2,3248.6,63,4,3248.5,5,2,3249.1,4,3,3249.2,353,9,3249.4,410,5,3249.5,282,1,3249.6,63,3
11536,2025-12-30 11:45:48+05:30,3249.0,1,3249.39,686171,106441.0,122534.0,3250.0,3257.0,3239.8,3251.5,42483700,3576.6,2926.4,4322.95,2866.6,3249.0,56,3,3248.8,6,1,3248.7,56,2,3248.6,63,4,3248.5,2,1,3249.2,340,9,3249.4,350,2,3249.5,24,1,3249.6,48,2,3249.7,15,1
11536,2025-12-30 11:45:49+05:30,3249.0,23,3249.39,686171,106441.0,122534.0,3250.0,3257.0,3239.8,3251.5,42483700,3576.6,2926.4,4322.95,2866.6,3249.0,56,3,3248.8,6,1,3248.7,56,2,3248.6,63,4,3248.5,2,1,3249.2,340,9,3249.4,350,2,3249.5,24,1,3249.6,48,2,3249.7,15,1
11536,2025-12-30 11:45:49+05:30,3249.0,23,3249.38,686295,106446.0,122269.0,3250.0,3257.0,3239.8,3251.5,42483700,3576.6,2926.4,4322.95,2866.6,3249.0,22,2,3248.8,6,1,3248.7,56,2,3248.6,63,4,3248.5,2,1,3249.2,252,10,3249.4,175,1,3249.5,24,1,3249.6,48,2,3249.8,46,2
11536,2025-12-30 11:45:50+05:30,3249.0,6,3249.38,686295,106446.0,122269.0,3250.0,3257.0,3239.8,3251.5,42483700,3576.6,2926.4,4322.95,2866.6,3249.0,22,2,3248.8,6,1,3248.7,56,2,3248.6,63,4,3248.5,2,1,3249.2,252,10,3249.4,175,1,3249.5,24,1,3249.6,48,2,3249.8,46,2
11536,2025-12-30 11:45:50+05:30,3249.0,6,3249.38,686308,106272.0,122278.0,3250.0,3257.0,3239.8,3251.5,42483700,3576.6,2926.4,4322.95,2866.6,3249.0,10,2,3248.8,6,1,3248.7,56,2,3248.6,63,4,3248.5,2,1,3249.2,252,11,3249.3,21,1,3249.5,24,1,3249.6,43,2,3249.8,37,2
11536,2025-12-30 11:45:51+05:30,3248.8,9,3249.38,686308,106272.0,122278.0,3250.0,3257.0,3239.8,3251.5,42483700,3576.6,2926.4,4322.95,2866.6,3249.0,10,2,3248.8,6,1,3248.7,56,2,3248.6,63,4,3248.5,2,1,3249.2,252,11,3249.3,21,1,3249.5,24,1,3249.6,43,2,3249.8,37,2
11536,2025-12-30 11:45:51+05:30,3249.2,1,3249.38,686368,106250.0,122259.0,3250.0,3257.0,3239.8,3251.5,42483700,3576.6,2926.4,4322.95,2866.6,3248.8,7,1,3248.7,56,2,3248.6,63,4,3248.5,2,1,3248.4,6,2,3249.2,236,7,3249.5,24,1,3249.6,26,1,3249.7,175,1,3249.8,37,2
11536,2025-12-30 11:45:52+05:30,3248.8,1,3249.38,686368,106250.0,122259.0,3250.0,3257.0,3239.8,3251.5,42483700,3576.6,2926.4,4322.95,2866.6,3248.8,7,1,3248.7,56,2,3248.6,63,4,3248.5,2,1,3248.4,6,2,3249.2,236,7,3249.5,24,1,3249.6,26,1,3249.7,175,1,3249.8,37,2
11536,2025-12-30 11:45:52+05:30,3248.8,19,3249.38,686391,106230.0,121139.0,3250.0,3257.0,3239.8,3251.5,42483700,3576.6,2926.4,4322.95,2866.6,3248.8,7,1,3248.7,56,2,3248.6,63,4,3248.5,2,1,3248.4,6,2,3249.2,236,7,3249.5,306,2,3249.6,44,2,3249.7,175,1,3249.8,63,3
11536,2025-12-30 11:45:53+05:30,3248.8,2,3249.38,686391,106230.0,121139.0,3250.0,3257.0,3239.8,3251.5,42483700,3576.6,2926.4,4322.95,2866.6,3248.8,7,1,3248.7,56,2,3248.6,63,4,3248.5,2,1,3248.4,6,2,3249.2,236,7,3249.5,306,2,3249.6,44,2,3249.7,175,1,3249.8,63,3
11536,2025-12-30 11:45:53+05:30,3248.8,2,3249.38,686567,104558.0,122418.0,3250.0,3257.0,3239.8,3251.5,42483700,3576.6,2926.4,4322.95,2866.6,3248.8,9,1,3248.6,9,3,3248.5,2,1,3248.4,6,2,3248.3,17,3,3249.2,72,9,3249.4,78,3,3249.5,18,1,3249.6,28,1,3249.7,246,3
11536,2025-12-30 11:45:54+05:30,3248.8,1,3249.38,686567,104558.0,122418.0,3250.0,3257.0,3239.8,3251.5,42483700,3576.6,2926.4,4322.95,2866.6,3248.8,9,1,3248.6,9,3,3248.5,2,1,3248.4,6,2,3248.3,17,3,3249.2,72,9,3249.4,78,3,3249.5,18,1,3249.6,28,1,3249.7,246,3
11536,2025-12-30 11:45:54+05:30,3249.2,5,3249.38,686622,105685.0,122153.0,3250.0,3257.0,3239.8,3251.5,42483700,3576.6,2926.4,4322.95,2866.6,3248.6,53,7,3248.5,54,4,3248.4,61,6,3248.3,83,5,3248.2,76,4,3248.8,1,1,3249.2,29,9,3249.4,26,1,3249.5,25,1,3249.6,203,2
11536,2025-12-30 11:45:55+05:30,3249.2,1,3249.38,686622,105685.0,122153.0,3250.0,3257.0,3239.8,3251.5,42483700,3576.6,2926.4,4322.95,2866.6,3248.6,53,7,3248.5,54,4,3248.4,61,6,3248.3,83,5,3248.2,76,4,3248.8,1,1,3249.2,29,9,3249.4,26,1,3249.5,25,1,3249.6,203,2
11536,2025-12-30 11:45:55+05:30,3248.8,2,3249.38,686732,106729.0,119927.0,3250.0,3257.0,3239.8,3251.5,42483700,3576.6,2926.4,4322.95,2866.6,3248.9,77,5,3248.8,73,5,3248.7,11,1,3248.6,95,9,3248.5,27,3,3249.2,13,8,3249.9,178,2,3250.1,3,1,3250.2,175,1,3250.4,31,1
11536,2025-12-30 11:45:56+05:30,3248.9,7,3249.38,686732,106729.0,119927.0,3250.0,3257.0,3239.8,3251.5,42483700,3576.6,2926.4,4322.95,2866.6,3248.9,77,5,3248.8,73,5,3248.7,11,1,3248.6,95,9,3248.5,27,3,3249.2,13,8,3249.9,178,2,3250.1,3,1,3250.2,175,1,3250.4,31,1
11536,2025-12-30 11:45:56+05:30,3248.9,9,3249.38,686767,106938.0,120998.0,3250.0,3257.0,3239.8,3251.5,42483700,3576.6,2926.4,4322.95,2866.6,3248.9,52,5,3248.8,79,6,3248.7,11,1,3248.6,95,9,3248.5,17,2,3249.2,11,8,3250.1,3,1,3250.4,381,3,3250.5,175,1,3250.6,32,2
11536,2025-12-30 11:45:57+05:30,3248.9,37,3249.38,686767,106938.0,120998.0,3250.0,3257.0,3239.8,3251.5,42483700,3576.6,2926.4,4322.95,2866.6,3248.9,52,5,3248.8,79,6,3248.7,11,1,3248.6,95,9,3248.5,17,2,3249.2,11,8,3250.1,3,1,3250.4,381,3,3250.5,175,1,3250.6,32,2
11536,2025-12-30 11:45:57+05:30,3248.8,5,3249.38,686927,106419.0,121510.0,3250.0,3257.0,3239.8,3251.5,42483700,3576.6,2926.4,4322.95,2866.6,3248.8,17,2,3248.7,15,1,3248.6,55,7,3248.5,42,3,3248.4,82,7,3248.9,3,1,3249.2,12,8,3250.1,7,2,3250.3,299,5,3250.4,34,2
11536,2025-12-30 11:45:58+05:30,3248.8,2,3249.38,686927,106419.0,121510.0,3250.0,3257.0,3239.8,3251.5,42483700,3576.6,2926.4,4322.95,2866.6,3248.8,17,2,3248.7,15,1,3248.6,55,7,3248.5,42,3,3248.4,82,7,3248.9,3,1,3249.2,12,8,3250.1,7,2,3250.3,299,5,3250.4,34,2
11536,2025-12-30 11:45:59+05:30,3248.7,12,3249.38,686949,106298.0,121783.0,3250.0,3257.0,3239.8,3251.5,42483700,3576.6,2926.4,4322.95,2866.6,3248.7,18,2,3248.6,40,6,3248.5,37,3,3248.4,86,7,3248.3,95,7,3248.8,4,2,3248.9,58,6,3249.2,4,3,3250.1,7,2,3250.3,299,5
11536,2025-12-30 11:45:59+05:30,3248.7,12,3249.38,686949,106298.0,121783.0,3250.0,3257.0,3239.8,3251.5,42483700,3576.6,2926.4,4322.95,2866.6,3248.7,18,2,3248.6,40,6,3248.5,37,3,3248.4,86,7,3248.3,95,7,3248.8,4,2,3248.9,58,6,3249.2,4,3,3250.1,7,2,3250.3,299,5
11536,2025-12-30 11:46:00+05:30,3248.6,1,3249.38,687001,106194.0,121791.0,3250.0,3257.0,3239.8,3251.5,42483700,3576.6,2926.4,4322.95,2866.6,3248.6,39,7,3248.5,37,3,3248.4,107,8,3248.3,95,7,3248.2,119,6,3248.8,6,4,3248.9,52,4,3249.2,2,1,3250.1,7,2,3250.3,324,6
11536,2025-12-30 11:46:00+05:30,3248.6,1,3249.38,687001,106194.0,121791.0,3250.0,3257.0,3239.8,3251.5,42483700,3576.6,2926.4,4322.95,2866.6,3248.6,39,7,3248.5,37,3,3248.4,107,8,3248.3,95,7,3248.2,119,6,3248.8,6,4,3248.9,52,4,3249.2,2,1,3250.1,7,2,3250.3,324,6
11536,2025-12-30 11:46:01+05:30,3248.6,1,3249.38,687035,105322.0,121576.0,3250.0,3257.0,3239.8,3251.5,42483700,3576.6,2926.4,4322.95,2866.6,3248.5,15,2,3248.4,85,7,3248.3,102,7,3248.2,82,5,3248.1,56,3,3248.6,5,4,3248.8,4,3,3248.9,49,2,3249.9,60,1,3250.0,59,2
11536,2025-12-30 11:46:01+05:30,3248.6,1,3249.38,687035,105322.0,121576.0,3250.0,3257.0,3239.8,3251.5,42483700,3576.6,2926.4,4322.95,2866.6,3248.5,15,2,3248.4,85,7,3248.3,102,7,3248.2,82,5,3248.1,56,3,3248.6,5,4,3248.8,4,3,3248.9,49,2,3249.9,60,1,3250.0,59,2
11536,2025-12-30 11:46:02+05:30,3248.5,4,3249.38,687055,104581.0,121466.0,3250.0,3257.0,3239.8,3251.5,42483700,3576.6,2926.4,4322.95,2866.6,3248.5,28,4,3248.4,30,4,3248.3,120,8,3248.2,109,6,3248.1,34,2,3248.6,20,7,3248.8,1,1,3248.9,35,1,3249.9,60,1,3250.0,44,1
11536,2025-12-30 11:46:02+05:30,3248.6,9,3249.38,687055,104581.0,121466.0,3250.0,3257.0,3239.8,3251.5,42483700,3576.6,2926.4,4322.95,2866.6,3248.5,28,4,3248.4,30,4,3248.3,120,8,3248.2,109,6,3248.1,34,2,3248.6,20,7,3248.8,1,1,3248.9,35,1,3249.9,60,1,3250.0,44,1
11536,2025-12-30 11:46:03+05:30,3248.5,4,3249.38,687113,104708.0,121664.0,3250.0,3257.0,3239.8,3251.5,42483700,3576.6,2926.4,4322.95,2866.6,3248.5,42,5,3248.4,45,5,3248.3,120,8,3248.2,109,6,3248.1,34,2,3248.6,12,8,3248.9,35,1,3249.9,60,1,3250.0,219,2,3250.1,32,3
11536,2025-12-30 11:46:03+05:30,3248.5,4,3249.38,687113,104708.0,121664.0,3250.0,3257.0,3239.8,3251.5,42483700,3576.6,2926.4,4322.95,2866.6,3248.5,42,5,3248.4,45,5,3248.3,120,8,3248.2,109,6,3248.1,34,2,3248.6,12,8,3248.9,35,1,3249.9,60,1,3250.0,219,2,3250.1,32,3
11536,2025-12-30 11:46:04+05:30,3248.5,6,3249.38,687129,104670.0,121664.0,3250.0,3257.0,3239.8,3251.5,42483700,3576.6,2926.4,4322.95,2866.6,3248.5,23,4,3248.4,60,6,3248.3,95,7,3248.2,81,5,3248.1,59,3,3248.6,12,9,3248.9,35,1,3249.9,235,2,3250.0,44,1,3250.1,382,5
11536,2025-12-30 11:46:04+05:30,3248.5,1,3249.38,687129,104670.0,121664.0,3250.0,3257.0,3239.8,3251.5,42483700,3576.6,2926.4,4322.95,2866.6,3248.5,23,4,3248.4,60,6,3248.3,95,7,3248.2,81,5,3248.1,59,3,3248.6,12,9,3248.9,35,1,3249.9,235,2,3250.0,44,1,3250.1,382,5
11536,2025-12-30 11:46:05+05:30,3248.9,1,3249.38,687169,104969.0,121549.0,3250.0,3257.0,3239.8,3251.5,42483700,3576.6,2926.4,4322.95,2866.6,3248.6,32,6,3248.5,17,2,3248.4,80,7,3248.3,95,7,3248.2,133,7,3248.9,38,4,3249.7,25,1,3249.8,27,1,3249.9,64,2,3250.0,222,3
11536,2025-12-30 11:46:05+05:30,3248.9,1,3249.38,687169,104969.0,121549.0,3250.0,3257.0,3239.8,3251.5,42483700,3576.6,2926.4,4322.95,2866.6,3248.6,32,6,3248.5,17,2,3248.4,80,7,3248.3,95,7,3248.2,133,7,3248.9,38,4,3249.7,25,1,3249.8,27,1,3249.9,64,2,3250.0,222,3
11536,2025-12-30 11:46:06+05:30,3248.9,1,3249.38,687169,104924.0,121739.0,3250.0,3257.0,3239.8,3251.5,42483700,3576.6,2926.4,4322.95,2866.6,3248.6,14,4,3248.5,17,2,3248.4,80,7,3248.3,95,7,3248.2,106,6,3248.9,38,4,3249.7,25,1,3249.8,27,1,3249.9,64,2,3250.0,222,3
11536,2025-12-30 11:46:07+05:30,3248.6,1,3249.38,687215,104499.0,121858.0,3250.0,3257.0,3239.8,3251.5,42483700,3576.6,2926.4,4322.95,2866.6,3248.5,2,1,3248.4,27,3,3248.3,29,5,3248.2,20,1,3248.1,11,2,3248.8,10,2,3248.9,35,2,3249.4,27,1,3249.5,69,2,3249.7,175,1
11536,2025-12-30 11:46:07+05:30,3248.6,1,3249.38,687215,104499.0,121858.0,3250.0,3257.0,3239.8,3251.5,42483700,3576.6,2926.4,4322.95,2866.6,3248.5,2,1,3248.4,27,3,3248.3,29,5,3248.2,20,1,3248.1,11,2,3248.8,10,2,3248.9,35,2,3249.4,27,1,3249.5,69,2,3249.7,175,1
11536,2025-12-30 11:46:08+05:30,3248.5,4,3249.38,687221,104507.0,121859.0,3250.0,3257.0,3239.8,3251.5,42483700,3576.6,2926.4,4322.95,2866.6,3248.5,3,2,3248.4,27,3,3248.3,29,5,3248.2,20,1,3248.1,11,2,3248.8,12,4,3248.9,34,1,3249.3,25,1,3249.4,27,1,3249.5,44,1
11536,2025-12-30 11:46:08+05:30,3248.5,4,3249.38,687221,104507.0,121859.0,3250.0,3257.0,3239.8,3251.5,42483700,3576.6,2926.4,4322.95,2866.6,3248.5,3,2,3248.4,27,3,3248.3,29,5,3248.2,20,1,3248.1,11,2,3248.8,12,4,3248.9,34,1,3249.3,25,1,3249.4,27,1,3249.5,44,1
11536,2025-12-30 11:46:09+05:30,3248.5,37,3249.38,687261,104235.0,121838.0,3250.0,3257.0,3239.8,3251.5,42483700,3576.6,2926.4,4322.95,2866.6,3248.4,7,3,3248.3,29,5,3248.2,20,1,3248.0,57,3,3247.9,3,1,3248.5,3,1,3248.8,6,5,3248.9,34,1,3249.3,25,1,3249.4,52,2
11536,2025-12-30 11:46:09+05:30,3248.4,1,3249.38,687261,104235.0,121838.0,3250.0,3257.0,3239.8,3251.5,42483700,3576.6,2926.4,4322.95,2866.6,3248.4,7,3,3248.3,29,5,3248.2,20,1,3248.0,57,3,3247.9,3,1,3248.5,3,1,3248.8,6,5,3248.9,34,1,3249.3,25,1,3249.4,52,2
11536,2025-12-30 11:46:10+05:30,3248.4,1,3249.38,687275,104330.0,121841.0,3250.0,3257.0,3239.8,3251.5,42483700,3576.6,2926.4,4322.95,2866.6,3248.4,6,2,3248.3,17,3,3248.2,20,1,3248.1,17,1,3248.0,38,2,3248.5,9,6,3248.8,3,3,3248.9,34,1,3249.3,25,1,3249.4,52,2
11536,2025-12-30 11:46:10+05:30,3248.4,2,3249.38,687275,104330.0,121841.0,3250.0,3257.0,3239.8,3251.5,42483700,3576.6,2926.4,4322.95,2866.6,3248.4,6,2,3248.3,17,3,3248.2,20,1,3248.1,17,1,3248.0,38,2,3248.5,9,6,3248.8,3,3,3248.9,34,1,3249.3,25,1,3249.4,52,2
11536,2025-12-30 11:46:11+05:30,3248.4,11,3249.38,687298,104375.0,121838.0,3250.0,3257.0,3239.8,3251.5,42483700,3576.6,2926.4,4322.95,2866.6,3248.4,40,3,3248.3,17,3,3248.2,34,2,3248.1,21,2,3248.0,57,3,3248.5,7,7,3248.8,1,1,3248.9,34,1,3249.1,24,1,3249.2,27,1
11536,2025-12-30 11:46:11+05:30,3248.4,4,3249.38,687298,104375.0,121838.0,3250.0,3257.0,3239.8,3251.5,42483700,3576.6,2926.4,4322.95,2866.6,3248.4,40,3,3248.3,17,3,3248.2,34,2,3248.1,21,2,3248.0,57,3,3248.5,7,7,3248.8,1,1,3248.9,34,1,3249.1,24,1,3249.2,27,1
11536,2025-12-30 11:46:12+05:30,3248.5,1,3249.38,687312,104357.0,121868.0,3250.0,3257.0,3239.8,3251.5,42483700,3576.6,2926.4,4322.95,2866.6,3248.4,27,3,3248.3,17,3,3248.2,20,1,3248.0,38,2,3247.9,53,2,3248.5,72,11,3249.1,24,1,3249.2,27,1,3249.5,219,2,3249.6,39,2
11536,2025-12-30 11:46:12+05:30,3248.4,1,3249.38,687312,104357.0,121868.0,3250.0,3257.0,3239.8,3251.5,42483700,3576.6,2926.4,4322.95,2866.6,3248.4,27,3,3248.3,17,3,3248.2,20,1,3248.0,38,2,3247.9,53,2,3248.5,72,11,3249.1,24,1,3249.2,27,1,3249.5,219,2,3249.6,39,2
11536,2025-12-30 11:46:13+05:30,3248.4,1,3249.38,687341,104278.0,121844.0,3250.0,3257.0,3239.8,3251.5,42483700,3576.6,2926.4,4322.95,2866.6,3248.4,19,2,3248.3,17,3,3248.2,20,1,3248.0,38,2,3247.9,53,2,3248.5,51,13,3249.1,24,1,3249.2,27,1,3249.5,240,3,3249.6,15,1
11536,2025-12-30 11:46:13+05:30,3248.4,3,3249.38,687341,104278.0,121844.0,3250.0,3257.0,3239.8,3251.5,42483700,3576.6,2926.4,4322.95,2866.6,3248.4,19,2,3248.3,17,3,3248.2,20,1,3248.0,38,2,3247.9,53,2,3248.5,51,13,3249.1,24,1,3249.2,27,1,3249.5,240,3,3249.6,15,1
11536,2025-12-30 11:46:14+05:30,3248.4,1,3249.38,687349,105501.0,122004.0,3250.0,3257.0,3239.8,3251.5,42483700,3576.6,2926.4,4322.95,2866.6,3248.4,12,2,3248.3,17,3,3248.2,20,1,3248.0,38,2,3247.9,53,2,3248.5,49,12,3249.1,24,1,3249.2,27,1,3249.5,240,3,3249.6,15,1
11536,2025-12-30 11:46:14+05:30,3248.4,2,3249.38,687349,105501.0,122004.0,3250.0,3257.0,3239.8,3251.5,42483700,3576.6,2926.4,4322.95,2866.6,3248.4,12,2,3248.3,17,3,3248.2,20,1,3248.0,38,2,3247.9,53,2,3248.5,49,12,3249.1,24,1,3249.2,27,1,3249.5,240,3,3249.6,15,1
11536,2025-12-30 11:46:15+05:30,3248.5,1,3249.38,687363,104905.0,122184.0,3250.0,3257.0,3239.8,3251.5,42483700,3576.6,2926.4,4322.95,2866.6,3248.3,20,4,3248.2,20,1,3248.0,38,2,3247.8,21,1,3247.7,35,3,3248.5,46,11,3248.9,24,1,3249.0,27,1,3249.1,19,1,3249.2,21,1
11536,2025-12-30 11:46:15+05:30,3248.3,1,3249.38,687363,104905.0,122184.0,3250.0,3257.0,3239.8,3251.5,42483700,3576.6,2926.4,4322.95,2866.6,3248.3,20,4,3248.2,20,1,3248.0,38,2,3247.8,21,1,3247.7,35,3,3248.5,46,11,3248.9,24,1,3249.0,27,1,3249.1,19,1,3249.2,21,1
11536,2025-12-30 11:46:16+05:30,3248.3,1,3249.38,687372,104781.0,122099.0,3250.0,3257.0,3239.8,3251.5,42483700,3576.6,2926.4,4322.95,2866.6,3248.3,19,4,3248.2,20,1,3248.0,20,1,3247.8,21,1,3247.7,35,3,3248.5,44,10,3248.9,24,1,3249.0,27,1,3249.1,19,1,3249.3,59,2
11536,2025-12-30 11:46:16+05:30,3248.5,17,3249.38,687372,104781.0,122099.0,3250.0,3257.0,3239.8,3251.5,42483700,3576.6,2926.4,4322.95,2866.6,3248.3,19,4,3248.2,20,1,3248.0,20,1,3247.8,21,1,3247.7,35,3,3248.5,44,10,3248.9,24,1,3249.0,27,1,3249.1,19,1,3249.3,59,2
11536,2025-12-30 11:46:17+05:30,3248.3,3,3249.38,687473,104483.0,122021.0,3250.0,3257.0,3239.8,3251.5,42483700,3576.6,2926.4,4322.95,2866.6,3248.3,7,2,3248.2,20,1,3248.0,34,2,3247.9,24,2,3247.8,59,3,3248.5,25,9,3249.0,51,2,3249.3,59,2,3249.4,23,1,3249.5,44,1
11536,2025-12-30 11:46:17+05:30,3248.3,1,3249.38,687473,104483.0,122021.0,3250.0,3257.0,3239.8,3251.5,42483700,3576.6,2926.4,4322.95,2866.6,3248.3,7,2,3248.2,20,1,3248.0,34,2,3247.9,24,2,3247.8,59,3,3248.5,25,9,3249.0,51,2,3249.3,59,2,3249.4,23,1,3249.5,44,1
11536,2025-12-30 11:46:18+05:30,3248.3,2,3249.38,687478,104713.0,122030.0,3250.0,3257.0,3239.8,3251.5,42483700,3576.6,2926.4,4322.95,2866.6,3248.3,2,1,3248.2,21,2,3248.1,2,1,3248.0,20,1,3247.9,3,1,3248.5,34,11,3249.0,51,2,3249.3,59,2,3249.4,23,1,3249.5,44,1
11536,2025-12-30 11:46:18+05:30,3248.3,2,3249.38,687478,104713.0,122030.0,3250.0,3257.0,3239.8,3251.5,42483700,3576.6,2926.4,4322.95,2866.6,3248.3,2,1,3248.2,21,2,3248.1,2,1,3248.0,20,1,3247.9,3,1,3248.5,34,11,3249.0,51,2,3249.3,59,2,3249.4,23,1,3249.5,44,1
11536,2025-12-30 11:46:19+05:30,3248.0,5,3249.38,687527,102930.0,120633.0,3250.0,3257.0,3239.8,3251.5,42483700,3576.6,2926.4,4322.95,2866.6,3248.0,4,1,3247.9,3,1,3247.8,36,2,3247.7,22,2,3247.6,27,2,3248.5,35,12,3248.9,24,1,3249.0,27,1,3249.2,2,1,3249.3,44,1
11536,2025-12-30 11:46:19+05:30,3248.0,24,3249.38,687527,102930.0,120633.0,3250.0,3257.0,3239.8,3251.5,42483700,3576.6,2926.4,4322.95,2866.6,3248.0,4,1,3247.9,3,1,3247.8,36,2,3247.7,22,2,3247.6,27,2,3248.5,35,12,3248.9,24,1,3249.0,27,1,3249.2,2,1,3249.3,44,1
11536,2025-12-30 11:46:20+05:30,3248.5,3,3249.38,687659,104648.0,120584.0,3250.0,3257.0,3239.8,3251.5,42483700,3576.6,2926.4,4322.95,2866.6,3248.0,108,8,3247.9,39,4,3247.8,49,3,3247.7,35,2,3247.6,169,6,3248.5,9,4,3249.3,4,1,3249.5,44,1,3249.6,71,3,3249.7,200,2
11536,2025-12-30 11:46:20+05:30,3248.5,3,3249.38,687659,104648.0,120584.0,3250.0,3257.0,3239.8,3251.5,42483700,3576.6,2926.4,4322.95,2866.6,3248.0,108,8,3247.9,39,4,3247.8,49,3,3247.7,35,2,3247.6,169,6,3248.5,9,4,3249.3,4,1,3249.5,44,1,3249.6,71,3,3249.7,200,2
11536,2025-12-30 11:46:21+05:30,3248.5,3,3249.38,687659,103248.0,120750.0,3250.0,3257.0,3239.8,3251.5,42483700,3576.6,2926.4,4322.95,2866.6,3248.0,108,8,3247.9,39,4,3247.8,49,3,3247.7,35,2,3247.6,169,6,3248.5,9,4,3249.3,4,1,3249.5,44,1,3249.6,71,3,3249.7,200,2
11536,2025-12-30 11:46:21+05:30,3248.5,1,3249.38,687659,103248.0,120750.0,3250.0,3257.0,3239.8,3251.5,42483700,3576.6,2926.4,4322.95,2866.6,3248.0,108,8,3247.9,39,4,3247.8,49,3,3247.7,35,2,3247.6,169,6,3248.5,9,4,3249.3,4,1,3249.5,44,1,3249.6,71,3,3249.7,200,2
11536,2025-12-30 11:46:22+05:30,3248.5,1,3249.38,687670,105045.0,120735.0,3250.0,3257.0,3239.8,3251.5,42483700,3576.6,2926.4,4322.95,2866.6,3248.1,48,4,3248.0,43,5,3247.9,21,2,3247.8,69,4,3247.7,118,4,3248.5,11,5,3249.3,4,1,3249.5,4,1,3249.6,33,1,3249.7,200,2
11536,2025-12-30 11:46:22+05:30,3248.1,26,3249.38,687670,105045.0,120735.0,3250.0,3257.0,3239.8,3251.5,42483700,3576.6,2926.4,4322.95,2866.6,3248.1,48,4,3248.0,43,5,3247.9,21,2,3247.8,69,4,3247.7,118,4,3248.5,11,5,3249.3,4,1,3249.5,4,1,3249.6,33,1,3249.7,200,2
11536,2025-12-30 11:46:23+05:30,3248.1,3,3249.38,687712,104947.0,120789.0,3250.0,3257.0,3239.8,3251.5,42483700,3576.6,2926.4,4322.95,2866.6,3248.1,22,4,3248.0,32,4,3247.9,41,3,3247.8,80,5,3247.7,129,5,3248.5,21,6,3249.5,4,1,3249.6,77,2,3249.7,202,3,3249.8,80,3
11536,2025-12-30 11:46:23+05:30,3248.1,3,3249.38,687712,104947.0,120789.0,3250.0,3257.0,3239.8,3251.5,42483700,3576.6,2926.4,4322.95,2866.6,3248.1,22,4,3248.0,32,4,3247.9,41,3,3247.8,80,5,3247.7,129,5,3248.5,21,6,3249.5,4,1,3249.6,77,2,3249.7,202,3,3249.8,80,3
11536,2025-12-30 11:46:24+05:30,3248.5,1,3249.38,687753,104870.0,120755.0,3250.0,3257.0,3239.8,3251.5,42483700,3576.6,2926.4,4322.95,2866.6,3248.1,13,1,3248.0,69,6,3247.9,26,2,3247.8,76,4,3247.7,67,3,3248.5,2,2,3249.4,63,2,3249.5,4,1,3249.6,276,6,3249.7,39,2
11536,2025-12-30 11:46:24+05:30,3248.0,3,3249.38,687753,104870.0,120755.0,3250.0,3257.0,3239.8,3251.5,42483700,3576.6,2926.4,4322.95,2866.6,3248.1,13,1,3248.0,69,6,3247.9,26,2,3247.8,76,4,3247.7,67,3,3248.5,2,2,3249.4,63,2,3249.5,4,1,3249.6,276,6,3249.7,39,2
11536,2025-12-30 11:46:25+05:30,3248.5,1,3249.38,687762,104786.0,120664.0,3250.0,3257.0,3239.8,3251.5,42483700,3576.6,2926.4,4322.95,2866.6,3248.1,2,1,3248.0,60,4,3247.9,47,3,3247.8,96,5,3247.7,101,5,3248.5,5,4,3249.5,4,1,3249.6,262,6,3249.7,35,2,3249.8,419,5
11536,2025-12-30 11:46:25+05:30,3248.5,1,3249.38,687762,104786.0,120664.0,3250.0,3257.0,3239.8,3251.5,42483700,3576.6,2926.4,4322.95,2866.6,3248.1,2,1,3248.0,60,4,3247.9,47,3,3247.8,96,5,3247.7,101,5,3248.5,5,4,3249.5,4,1,3249.6,262,6,3249.7,35,2,3249.8,419,5
11536,2025-12-30 11:46:26+05:30,3248.5,1,3249.38,687762,104786.0,120675.0,3250.0,3257.0,3239.8,3251.5,42483700,3576.6,2926.4,4322.95,2866.6,3248.1,2,1,3248.0,60,4,3247.9,47,3,3247.8,96,5,3247.7,101,5,3248.5,6,5,3249.5,4,1,3249.6,262,6,3249.7,35,2,3249.8,419,5
11536,2025-12-30 11:46:26+05:30,3248.1,11,3249.38,687762,104786.0,120675.0,3250.0,3257.0,3239.8,3251.5,42483700,3576.6,2926.4,4322.95,2866.6,3248.1,2,1,3248.0,60,4,3247.9,47,3,3247.8,96,5,3247.7,101,5,3248.5,6,5,3249.5,4,1,3249.6,262,6,3249.7,35,2,3249.8,419,5
11536,2025-12-30 11:46:27+05:30,3248.1,45,3249.38,687820,104539.0,121457.0,3250.0,3257.0,3239.8,3251.5,42483700,3576.6,2926.4,4322.95,2866.6,3248.0,11,2,3247.9,14,1,3247.8,46,3,3247.7,94,5,3247.6,85,5,3248.1,8,1,3248.5,36,6,3249.4,2,1,3249.5,82,3,3249.6,262,6
11536,2025-12-30 11:46:27+05:30,3248.0,1,3249.38,687820,104539.0,121457.0,3250.0,3257.0,3239.8,3251.5,42483700,3576.6,2926.4,4322.95,2866.6,3248.0,11,2,3247.9,14,1,3247.8,46,3,3247.7,94,5,3247.6,85,5,3248.1,8,1,3248.5,36,6,3249.4,2,1,3249.5,82,3,3249.6,262,6
11536,2025-12-30 11:46:28+05:30,3248.0,3,3249.38,687831,104562.0,121451.0,3250.0,3257.0,3239.8,3251.5,42483700,3576.6,2926.4,4322.95,2866.6,3248.0,8,2,3247.9,31,3,3247.8,32,2,3247.7,94,5,3247.6,85,5,3248.1,13,5,3248.5,33,3,3249.4,46,2,3249.5,82,3,3249.6,262,6
11536,2025-12-30 11:46:28+05:30,3248.0,3,3249.38,687831,104562.0,121451.0,3250.0,3257.0,3239.8,3251.5,42483700,3576.6,2926.4,4322.95,2866.6,3248.0,8,2,3247.9,31,3,3247.8,32,2,3247.7,94,5,3247.6,85,5,3248.1,13,5,3248.5,33,3,3249.4,46,2,3249.5,82,3,3249.6,262,6
11536,2025-12-30 11:46:29+05:30,3248.0,4,3249.38,687880,104638.0,121451.0,3250.0,3257.0,3239.8,3251.5,42483700,3576.6,2926.4,4322.95,2866.6,3248.0,66,3,3247.9,36,4,3247.8,89,5,3247.7,98,5,3247.6,85,5,3248.1,7,6,3248.5,32,2,3249.4,46,2,3249.5,82,3,3249.6,262,6
11536,2025-12-30 11:46:29+05:30,3248.0,2,3249.38,687880,104638.0,121451.0,3250.0,3257.0,3239.8,3251.5,42483700,3576.6,2926.4,4322.95,2866.6,3248.0,66,3,3247.9,36,4,3247.8,89,5,3247.7,98,5,3247.6,85,5,3248.1,7,6,3248.5,32,2,3249.4,46,2,3249.5,82,3,3249.6,262,6
11536,2025-12-30 11:46:30+05:30,3248.0,7,3249.38,687892,104616.0,121468.0,3250.0,3257.0,3239.8,3251.5,42483700,3576.6,2926.4,4322.95,2866.6,3248.0,42,2,3247.9,35,4,3247.8,52,3,3247.7,107,5,3247.6,85,5,3248.1,8,7,3248.5,31,1,3249.4,44,1,3249.5,82,3,3249.6,262,6
11536,2025-12-30 11:46:30+05:30,3248.0,1,3249.38,687892,104616.0,121468.0,3250.0,3257.0,3239.8,3251.5,42483700,3576.6,2926.4,4322.95,2866.6,3248.0,42,2,3247.9,35,4,3247.8,52,3,3247.7,107,5,3247.6,85,5,3248.1,8,7,3248.5,31,1,3249.4,44,1,3249.5,82,3,3249.6,262,6
11536,2025-12-30 11:46:31+05:30,3248.0,10,3249.38,687905,104523.0,121644.0,3250.0,3257.0,3239.8,3251.5,42483700,3576.6,2926.4,4322.95,2866.6,3248.0,34,3,3247.9,17,2,3247.8,32,2,3247.7,71,4,3247.6,85,5,3248.1,7,7,3248.5,31,1,3249.4,233,3,3249.5,82,3,3249.6,453,9
11536,2025-12-30 11:46:31+05:30,3248.1,1,3249.38,687905,104523.0,121644.0,3250.0,3257.0,3239.8,3251.5,42483700,3576.6,2926.4,4322.95,2866.6,3248.0,34,3,3247.9,17,2,3247.8,32,2,3247.7,71,4,3247.6,85,5,3248.1,7,7,3248.5,31,1,3249.4,233,3,3249.5,82,3,3249.6,453,9
11536,2025-12-30 11:46:32+05:30,3248.0,5,3249.38,687916,104489.0,121662.0,3250.0,3257.0,3239.8,3251.5,42483700,3576.6,2926.4,4322.95,2866.6,3248.0,24,3,3247.8,32,2,3247.7,71,4,3247.6,65,4,3247.5,220,6,3248.1,8,8,3248.5,31,1,3249.3,61,1,3249.4,252,5,3249.5,29,2
11536,2025-12-30 11:46:32+05:30,3248.0,3,3249.38,687916,104489.0,121662.0,3250.0,3257.0,3239.8,3251.5,42483700,3576.6,2926.4,4322.95,2866.6,3248.0,24,3,3247.8,32,2,3247.7,71,4,3247.6,65,4,3247.5,220,6,3248.1,8,8,3248.5,31,1,3249.3,61,1,3249.4,252,5,3249.5,29,2
11536,2025-12-30 11:46:33+05:30,3248.1,1,3249.38,687933,104470.0,121570.0,3250.0,3257.0,3239.8,3251.5,42483700,3576.6,2926.4,4322.95,2866.6,3248.1,4,1,3248.0,37,4,3247.8,32,2,3247.7,37,2,3247.6,41,3,3248.5,33,3,3248.9,22,1,3249.0,26,1,3249.1,44,1,3249.2,20,1
11536,2025-12-30 11:46:33+05:30,3248.1,1,3249.38,687933,104470.0,121570.0,3250.0,3257.0,3239.8,3251.5,42483700,3576.6,2926.4,4322.95,2866.6,3248.1,4,1,3248.0,37,4,3247.8,32,2,3247.7,37,2,3247.6,41,3,3248.5,33,3,3248.9,22,1,3249.0,26,1,3249.1,44,1,3249.2,20,1
11536,2025-12-30 11:46:34+05:30,3248.3,5,3249.38,687939,104662.0,121635.0,3250.0,3257.0,3239.8,3251.5,42483700,3576.6,2926.4,4322.95,2866.6,3248.3,4,1,3248.0,37,4,3247.9,10,1,3247.8,32,2,3247.7,37,2,3248.5,31,2,3248.7,22,1,3248.8,26,1,3248.9,15,1,3249.0,21,1
11536,2025-12-30 11:46:35+05:30,3248.5,1,3249.38,687939,104662.0,121635.0,3250.0,3257.0,3239.8,3251.5,42483700,3576.6,2926.4,4322.95,2866.6,3248.3,4,1,3248.0,37,4,3247.9,10,1,3247.8,32,2,3247.7,37,2,3248.5,31,2,3248.7,22,1,3248.8,26,1,3248.9,15,1,3249.0,21,1
11536,2025-12-30 11:46:35+05:30,3248.5,1,3249.38,687940,104662.0,121636.0,3250.0,3257.0,3239.8,3251.5,42483700,3576.6,2926.4,4322.95,2866.6,3248.3,4,1,3248.0,37,4,3247.9,10,1,3247.8,32,2,3247.7,37,2,3248.5,32,4,3248.7,22,1,3248.8,26,1,3248.9,15,1,3249.0,21,1
11536,2025-12-30 11:46:36+05:30,3248.3,3,3249.38,687940,104662.0,121636.0,3250.0,3257.0,3239.8,3251.5,42483700,3576.6,2926.4,4322.95,2866.6,3248.3,4,1,3248.0,37,4,3247.9,10,1,3247.8,32,2,3247.7,37,2,3248.5,32,4,3248.7,22,1,3248.8,26,1,3248.9,15,1,3249.0,21,1
11536,2025-12-30 11:46:36+05:30,3248.8,1,3249.38,689284,106411.0,117805.0,3250.0,3257.0,3239.8,3251.5,42483700,3576.6,2926.4,4322.95,2866.6,3248.8,19,1,3248.7,13,1,3248.6,97,5,3248.5,34,2,3248.4,383,6,3249.8,28,1,3250.0,45,3,3250.1,4,1,3250.2,57,3,3250.4,52,4
11536,2025-12-30 11:46:37+05:30,3248.8,46,3249.38,689284,106411.0,117805.0,3250.0,3257.0,3239.8,3251.5,42483700,3576.6,2926.4,4322.95,2866.6,3248.8,19,1,3248.7,13,1,3248.6,97,5,3248.5,34,2,3248.4,383,6,3249.8,28,1,3250.0,45,3,3250.1,4,1,3250.2,57,3,3250.4,52,4
11536,2025-12-30 11:46:37+05:30,3248.8,46,3249.38,689349,105487.0,119159.0,3250.0,3257.0,3239.8,3251.5,42483700,3576.6,2926.4,4322.95,2866.6,3248.6,4,2,3248.4,28,4,3248.3,1,1,3248.2,96,3,3248.1,126,4,3248.8,11,3,3249.5,22,1,3249.6,26,1,3249.8,93,5,3250.0,19,1
11536,2025-12-30 11:46:38+05:30,3248.6,11,3249.38,689436,104744.0,118964.0,3250.0,3257.0,3239.8,3251.5,42483700,3576.6,2926.4,4322.95,2866.6,3248.4,30,4,3248.3,3,2,3248.2,85,5,3248.1,49,2,3248.0,124,7,3248.6,22,1,3248.8,11,3,3249.0,1,1,3249.6,26,1,3249.8,67,5
11536,2025-12-30 11:46:39+05:30,3248.4,2,3249.38,689436,104744.0,118964.0,3250.0,3257.0,3239.8,3251.5,42483700,3576.6,2926.4,4322.95,2866.6,3248.4,30,4,3248.3,3,2,3248.2,85,5,3248.1,49,2,3248.0,124,7,3248.6,22,1,3248.8,11,3,3249.0,1,1,3249.6,26,1,3249.8,67,5
11536,2025-12-30 11:46:39+05:30,3248.3,7,3249.38,689609,104200.0,119083.0,3250.0,3257.0,3239.8,3251.5,42483700,3576.6,2926.4,4322.95,2866.6,3248.2,31,3,3248.1,49,2,3248.0,57,5,3247.9,40,2,3247.8,216,8,3248.3,11,2,3248.6,45,7,3248.8,1,1,3249.0,1,1,3249.5,57,3
11536,2025-12-30 11:46:40+05:30,3248.2,2,3249.38,689609,104200.0,119083.0,3250.0,3257.0,3239.8,3251.5,42483700,3576.6,2926.4,4322.95,2866.6,3248.2,31,3,3248.1,49,2,3248.0,57,5,3247.9,40,2,3247.8,216,8,3248.3,11,2,3248.6,45,7,3248.8,1,1,3249.0,1,1,3249.5,57,3
11536,2025-12-30 11:46:40+05:30,3248.0,1,3249.38,689697,102037.0,119113.0,3250.0,3257.0,3239.8,3251.5,42483700,3576.6,2926.4,4322.95,2866.6,3248.0,11,2,3247.8,58,4,3247.7,37,2,3247.6,55,3,3247.5,72,4,3248.1,6,3,3248.2,133,2,3248.3,19,4,3248.6,8,5,3248.7,22,1
11536,2025-12-30 11:46:41+05:30,3248.1,1,3249.38,689697,102037.0,119113.0,3250.0,3257.0,3239.8,3251.5,42483700,3576.6,2926.4,4322.95,2866.6,3248.0,11,2,3247.8,58,4,3247.7,37,2,3247.6,55,3,3247.5,72,4,3248.1,6,3,3248.2,133,2,3248.3,19,4,3248.6,8,5,3248.7,22,1
11536,2025-12-30 11:46:41+05:30,3247.4,35,3249.38,690314,101201.0,120538.0,3250.0,3257.0,3239.8,3251.5,42483700,3576.6,2926.4,4322.95,2866.6,3247.4,5,1,3247.2,126,6,3247.1,148,7,3247.0,415,10,3246.9,128,4,3248.1,40,7,3248.2,133,2,3248.3,14,3,3248.6,23,2,3248.8,25,1
11536,2025-12-30 11:46:42+05:30,3248.1,1,3249.38,690314,101201.0,120538.0,3250.0,3257.0,3239.8,3251.5,42483700,3576.6,2926.4,4322.95,2866.6,3247.4,5,1,3247.2,126,6,3247.1,148,7,3247.0,415,10,3246.9,128,4,3248.1,40,7,3248.2,133,2,3248.3,14,3,3248.6,23,2,3248.8,25,1
11536,2025-12-30 11:46:42+05:30,3248.0,3,3249.38,690430,102943.0,120524.0,3250.0,3257.0,3239.8,3251.5,42483700,3576.6,2926.4,4322.95,2866.6,3247.6,26,2,3247.5,13,2,3247.4,101,7,3247.3,118,3,3247.2,211,9,3247.9,14,3,3248.0,35,3,3248.1,31,7,3248.2,98,1,3248.8,1,1
11536,2025-12-30 11:46:43+05:30,3247.6,3,3249.38,690430,102943.0,120524.0,3250.0,3257.0,3239.8,3251.5,42483700,3576.6,2926.4,4322.95,2866.6,3247.6,26,2,3247.5,13,2,3247.4,101,7,3247.3,118,3,3247.2,211,9,3247.9,14,3,3248.0,35,3,3248.1,31,7,3248.2,98,1,3248.8,1,1
11536,2025-12-30 11:46:43+05:30,3247.6,7,3249.38,690494,102629.0,120549.0,3250.0,3257.0,3239.8,3251.5,42483700,3576.6,2926.4,4322.95,2866.6,3247.6,3,1,3247.5,30,3,3247.4,55,5,3247.3,71,2,3247.2,110,8,3247.9,15,3,3248.0,35,3,3248.1,29,5,3248.2,98,1,3248.8,1,1
11536,2025-12-30 11:46:44+05:30,3247.6,9,3249.38,690494,102629.0,120549.0,3250.0,3257.0,3239.8,3251.5,42483700,3576.6,2926.4,4322.95,2866.6,3247.6,3,1,3247.5,30,3,3247.4,55,5,3247.3,71,2,3247.2,110,8,3247.9,15,3,3248.0,35,3,3248.1,29,5,3248.2,98,1,3248.8,1,1
11536,2025-12-30 11:46:44+05:30,3247.6,2,3249.38,690953,102952.0,120569.0,3250.0,3257.0,3239.8,3251.5,42483700,3576.6,2926.4,4322.95,2866.6,3247.6,88,5,3247.5,39,4,3247.4,129,9,3247.3,20,1,3247.2,163,9,3247.9,21,7,3248.0,1,1,3248.1,11,2,3248.2,98,1,3248.8,1,1
11536,2025-12-30 11:46:45+05:30,3247.9,2,3249.38,690953,102952.0,120569.0,3250.0,3257.0,3239.8,3251.5,42483700,3576.6,2926.4,4322.95,2866.6,3247.6,88,5,3247.5,39,4,3247.4,129,9,3247.3,20,1,3247.2,163,9,3247.9,21,7,3248.0,1,1,3248.1,11,2,3248.2,98,1,3248.8,1,1
11536,2025-12-30 11:46:45+05:30,3247.9,14,3249.38,691380,104067.0,120321.0,3250.0,3257.0,3239.8,3251.5,42483700,3576.6,2926.4,4322.95,2866.6,3247.9,1,1,3247.8,98,7,3247.7,40,3,3247.6,175,10,3247.5,56,2,3248.1,16,2,3248.2,98,1,3248.8,1,1,3249.0,1,1,3249.3,3,1
11536,2025-12-30 11:46:46+05:30,3248.1,1,3249.38,691380,104067.0,120321.0,3250.0,3257.0,3239.8,3251.5,42483700,3576.6,2926.4,4322.95,2866.6,3247.9,1,1,3247.8,98,7,3247.7,40,3,3247.6,175,10,3247.5,56,2,3248.1,16,2,3248.2,98,1,3248.8,1,1,3249.0,1,1,3249.3,3,1
11536,2025-12-30 11:46:47+05:30,3248.0,76,3249.38,691457,103959.0,118922.0,3250.0,3257.0,3239.8,3251.5,42483700,3576.6,2926.4,4322.95,2866.6,3248.0,51,1,3247.9,28,3,3247.8,57,4,3247.7,14,1,3247.6,66,6,3248.1,17,4,3248.2,98,1,3248.8,1,1,3249.0,1,1,3249.3,3,1
11536,2025-12-30 11:46:47+05:30,3248.0,31,3249.38,691457,103959.0,118922.0,3250.0,3257.0,3239.8,3251.5,42483700,3576.6,2926.4,4322.95,2866.6,3248.0,51,1,3247.9,28,3,3247.8,57,4,3247.7,14,1,3247.6,66,6,3248.1,17,4,3248.2,98,1,3248.8,1,1,3249.0,1,1,3249.3,3,1
11536,2025-12-30 11:46:47+05:30,3248.0,31,3249.38,691555,104045.0,120184.0,3250.0,3257.0,3239.8,3251.5,42483700,3576.6,2926.4,4322.95,2866.6,3248.0,34,4,3247.9,15,2,3247.8,75,6,3247.7,14,1,3247.6,128,8,3248.1,13,5,3248.2,98,1,3248.8,1,1,3249.0,1,1,3249.3,5,2
11536,2025-12-30 11:46:48+05:30,3248.0,34,3249.38,691555,104045.0,120184.0,3250.0,3257.0,3239.8,3251.5,42483700,3576.6,2926.4,4322.95,2866.6,3248.0,34,4,3247.9,15,2,3247.8,75,6,3247.7,14,1,3247.6,128,8,3248.1,13,5,3248.2,98,1,3248.8,1,1,3249.0,1,1,3249.3,5,2
11536,2025-12-30 11:46:48+05:30,3248.1,1,3249.38,691624,103611.0,119020.0,3250.0,3257.0,3239.8,3251.5,42483700,3576.6,2926.4,4322.95,2866.6,3248.0,24,4,3247.9,13,1,3247.8,26,2,3247.7,14,1,3247.6,66,6,3248.1,13,7,3248.2,98,1,3248.8,1,1,3249.0,1,1,3249.2,3,1
11536,2025-12-30 11:46:49+05:30,3248.0,3,3249.38,691624,103611.0,119020.0,3250.0,3257.0,3239.8,3251.5,42483700,3576.6,2926.4,4322.95,2866.6,3248.0,24,4,3247.9,13,1,3247.8,26,2,3247.7,14,1,3247.6,66,6,3248.1,13,7,3248.2,98,1,3248.8,1,1,3249.0,1,1,3249.2,3,1
11536,2025-12-30 11:46:50+05:30,3248.0,26,3249.38,691680,103772.0,119134.0,3250.0,3257.0,3239.8,3251.5,42483700,3576.6,2926.4,4322.95,2866.6,3248.0,7,3,3247.9,13,1,3247.8,26,2,3247.7,14,1,3247.6,66,6,3248.1,11,8,3248.2,98,1,3248.6,22,1,3248.7,25,1,3248.8,1,1
11536,2025-12-30 11:46:50+05:30,3248.0,3,3249.38,691680,103772.0,119134.0,3250.0,3257.0,3239.8,3251.5,42483700,3576.6,2926.4,4322.95,2866.6,3248.0,7,3,3247.9,13,1,3247.8,26,2,3247.7,14,1,3247.6,66,6,3248.1,11,8,3248.2,98,1,3248.6,22,1,3248.7,25,1,3248.8,1,1
11536,2025-12-30 11:46:50+05:30,3248.0,2,3249.38,691712,103607.0,120532.0,3250.0,3257.0,3239.8,3251.5,42483700,3576.6,2926.4,4322.95,2866.6,3247.9,20,1,3247.8,39,3,3247.7,14,1,3247.6,71,6,3247.5,10,1,3248.0,2,1,3248.1,11,10,3248.2,98,1,3248.6,22,1,3248.7,25,1
11536,2025-12-30 11:46:51+05:30,3247.9,1,3249.38,691712,103607.0,120532.0,3250.0,3257.0,3239.8,3251.5,42483700,3576.6,2926.4,4322.95,2866.6,3247.9,20,1,3247.8,39,3,3247.7,14,1,3247.6,71,6,3247.5,10,1,3248.0,2,1,3248.1,11,10,3248.2,98,1,3248.6,22,1,3248.7,25,1
11536,2025-12-30 11:46:52+05:30,3247.9,98,3249.38,691841,103638.0,120314.0,3250.0,3257.0,3239.8,3251.5,42483700,3576.6,2926.4,4322.95,2866.6,3247.9,27,1,3247.8,18,2,3247.6,48,4,3247.4,99,7,3247.3,175,3,3248.0,7,6,3248.1,6,6,3248.6,47,2,3248.8,1,1,3249.0,1,1
11536,2025-12-30 11:46:52+05:30,3247.9,3,3249.38,691841,103638.0,120314.0,3250.0,3257.0,3239.8,3251.5,42483700,3576.6,2926.4,4322.95,2866.6,3247.9,27,1,3247.8,18,2,3247.6,48,4,3247.4,99,7,3247.3,175,3,3248.0,7,6,3248.1,6,6,3248.6,47,2,3248.8,1,1,3249.0,1,1
11536,2025-12-30 11:46:53+05:30,3248.1,2,3249.38,691939,102610.0,117043.0,3250.0,3257.0,3239.8,3251.5,42483700,3576.6,2926.4,4322.95,2866.6,3248.0,20,1,3247.8,123,6,3247.7,172,6,3247.6,211,9,3247.5,357,5,3248.8,1,1,3249.0,1,1,3249.3,33,3,3249.4,178,2,3249.5,20,1
11536,2025-12-30 11:46:53+05:30,3248.1,2,3249.38,691939,102610.0,117043.0,3250.0,3257.0,3239.8,3251.5,42483700,3576.6,2926.4,4322.95,2866.6,3248.0,20,1,3247.8,123,6,3247.7,172,6,3247.6,211,9,3247.5,357,5,3248.8,1,1,3249.0,1,1,3249.3,33,3,3249.4,178,2,3249.5,20,1
11536,2025-12-30 11:46:54+05:30,3248.1,2,3249.38,691939,102485.0,117307.0,3250.0,3257.0,3239.8,3251.5,42483700,3576.6,2926.4,4322.95,2866.6,3248.0,20,1,3247.8,136,7,3247.7,126,5,3247.6,257,10,3247.5,379,6,3248.8,6,3,3248.9,21,1,3249.0,1,1,3249.1,25,1,3249.3,33,3
11536,2025-12-30 11:46:54+05:30,3248.8,6,3249.38,691939,102485.0,117307.0,3250.0,3257.0,3239.8,3251.5,42483700,3576.6,2926.4,4322.95,2866.6,3248.0,20,1,3247.8,136,7,3247.7,126,5,3247.6,257,10,3247.5,379,6,3248.8,6,3,3248.9,21,1,3249.0,1,1,3249.1,25,1,3249.3,33,3
11536,2025-12-30 11:46:55+05:30,3248.8,1,3249.38,691977,102721.0,117422.0,3250.0,3257.0,3239.8,3251.5,42483700,3576.6,2926.4,4322.95,2866.6,3248.1,15,1,3248.0,77,3,3247.9,74,2,3247.8,269,6,3247.7,197,7,3248.8,4,3,3249.0,1,1,3249.1,25,1,3249.2,21,1,3249.4,193,3
11536,2025-12-30 11:46:55+05:30,3248.1,15,3249.38,691977,102721.0,117422.0,3250.0,3257.0,3239.8,3251.5,42483700,3576.6,2926.4,4322.95,2866.6,3248.1,15,1,3248.0,77,3,3247.9,74,2,3247.8,269,6,3247.7,197,7,3248.8,4,3,3249.0,1,1,3249.1,25,1,3249.2,21,1,3249.4,193,3
11536,2025-12-30 11:46:55+05:30,3248.1,15,3249.38,691977,102721.0,117422.0,3250.0,3257.0,3239.8,3251.5,42483700,3576.6,2926.4,4322.95,2866.6,3248.1,15,1,3248.0,77,3,3247.9,74,2,3247.8,269,6,3247.7,197,7,3248.8,4,3,3249.0,1,1,3249.1,25,1,3249.2,21,1,3249.4,193,3
11536,2025-12-30 11:46:56+05:30,3248.1,15,3249.38,691995,101696.0,117622.0,3250.0,3257.0,3239.8,3251.5,42483700,3576.6,2926.4,4322.95,2866.6,3248.1,27,1,3248.0,43,3,3247.9,145,5,3247.8,269,6,3247.7,172,6,3248.8,5,4,3249.0,22,2,3249.1,25,1,3249.4,193,3,3249.5,22,1
11536,2025-12-30 11:46:56+05:30,3248.1,9,3249.38,691995,101696.0,117622.0,3250.0,3257.0,3239.8,3251.5,42483700,3576.6,2926.4,4322.95,2866.6,3248.1,27,1,3248.0,43,3,3247.9,145,5,3247.8,269,6,3247.7,172,6,3248.8,5,4,3249.0,22,2,3249.1,25,1,3249.4,193,3,3249.5,22,1
11536,2025-12-30 11:46:56+05:30,3248.1,62,3249.38,692066,102981.0,118949.0,3250.0,3257.0,3239.8,3251.5,42483700,3576.6,2926.4,4322.95,2866.6,3247.9,84,5,3247.8,85,5,3247.7,65,4,3247.6,266,8,3247.5,74,4,3248.1,8,1,3248.8,34,4,3249.0,1,1,3249.3,78,3,3249.4,178,2
11536,2025-12-30 11:46:56+05:30,3248.1,62,3249.38,692066,102981.0,118949.0,3250.0,3257.0,3239.8,3251.5,42483700,3576.6,2926.4,4322.95,2866.6,3247.9,84,5,3247.8,85,5,3247.7,65,4,3247.6,266,8,3247.5,74,4,3248.1,8,1,3248.8,34,4,3249.0,1,1,3249.3,78,3,3249.4,178,2
11536,2025-12-30 11:46:57+05:30,3247.9,6,3249.38,692066,102981.0,118949.0,3250.0,3257.0,3239.8,3251.5,42483700,3576.6,2926.4,4322.95,2866.6,3247.9,84,5,3247.8,85,5,3247.7,65,4,3247.6,266,8,3247.5,74,4,3248.1,8,1,3248.8,34,4,3249.0,1,1,3249.3,78,3,3249.4,178,2
11536,2025-12-30 11:46:57+05:30,3247.9,6,3249.38,692078,102643.0,118951.0,3250.0,3257.0,3239.8,3251.5,42483700,3576.6,2926.4,4322.95,2866.6,3247.9,82,6,3247.8,64,4,3247.7,65,4,3247.6,121,7,3247.5,74,4,3248.1,12,3,3248.8,32,2,3249.0,1,1,3249.3,78,3,3249.4,178,2
11536,2025-12-30 11:46:58+05:30,3247.9,3,3249.38,692078,102643.0,118951.0,3250.0,3257.0,3239.8,3251.5,42483700,3576.6,2926.4,4322.95,2866.6,3247.9,82,6,3247.8,64,4,3247.7,65,4,3247.6,121,7,3247.5,74,4,3248.1,12,3,3248.8,32,2,3249.0,1,1,3249.3,78,3,3249.4,178,2
11536,2025-12-30 11:46:58+05:30,3247.9,3,3249.38,692078,102643.0,118951.0,3250.0,3257.0,3239.8,3251.5,42483700,3576.6,2926.4,4322.95,2866.6,3247.9,82,6,3247.8,64,4,3247.7,65,4,3247.6,121,7,3247.5,74,4,3248.1,12,3,3248.8,32,2,3249.0,1,1,3249.3,78,3,3249.4,178,2
11536,2025-12-30 11:46:58+05:30,3247.9,15,3249.38,692098,102404.0,120691.0,3250.0,3257.0,3239.8,3251.5,42483700,3576.6,2926.4,4322.95,2866.6,3247.9,101,4,3247.8,52,4,3247.7,65,4,3247.6,133,9,3247.5,74,4,3248.1,9,6,3248.8,31,1,3249.0,1,1,3249.3,78,3,3249.4,178,2
11536,2025-12-30 11:46:59+05:30,3247.9,15,3249.38,692098,102404.0,120691.0,3250.0,3257.0,3239.8,3251.5,42483700,3576.6,2926.4,4322.95,2866.6,3247.9,101,4,3247.8,52,4,3247.7,65,4,3247.6,133,9,3247.5,74,4,3248.1,9,6,3248.8,31,1,3249.0,1,1,3249.3,78,3,3249.4,178,2
11536,2025-12-30 11:46:59+05:30,3247.9,22,3249.38,692098,102404.0,120691.0,3250.0,3257.0,3239.8,3251.5,42483700,3576.6,2926.4,4322.95,2866.6,3247.9,101,4,3247.8,52,4,3247.7,65,4,3247.6,133,9,3247.5,74,4,3248.1,9,6,3248.8,31,1,3249.0,1,1,3249.3,78,3,3249.4,178,2
11536,2025-12-30 11:46:59+05:30,3247.9,22,3249.38,692120,102651.0,122182.0,3250.0,3257.0,3239.8,3251.5,42483700,3576.6,2926.4,4322.95,2866.6,3247.9,88,5,3247.8,52,4,3247.7,65,4,3247.6,305,9,3247.5,28,3,3248.1,12,11,3248.8,31,1,3249.0,1,1,3249.3,78,3,3249.4,222,3
11536,2025-12-30 11:47:00+05:30,3247.9,22,3249.38,692120,102651.0,122182.0,3250.0,3257.0,3239.8,3251.5,42483700,3576.6,2926.4,4322.95,2866.6,3247.9,88,5,3247.8,52,4,3247.7,65,4,3247.6,305,9,3247.5,28,3,3248.1,12,11,3248.8,31,1,3249.0,1,1,3249.3,78,3,3249.4,222,3
11536,2025-12-30 11:47:00+05:30,3247.9,3,3249.38,692120,102651.0,122182.0,3250.0,3257.0,3239.8,3251.5,42483700,3576.6,2926.4,4322.95,2866.6,3247.9,88,5,3247.8,52,4,3247.7,65,4,3247.6,305,9,3247.5,28,3,3248.1,12,11,3248.8,31,1,3249.0,1,1,3249.3,78,3,3249.4,222,3
11536,2025-12-30 11:47:00+05:30,3247.9,2,3249.38,692136,102287.0,122030.0,3250.0,3257.0,3239.8,3251.5,42483700,3576.6,2926.4,4322.95,2866.6,3247.9,53,1,3247.8,65,5,3247.7,21,3,3247.6,103,7,3247.5,28,3,3248.1,10,10,3248.7,21,1,3248.8,31,1,3248.9,25,1,3249.0,1,1
11536,2025-12-30 11:47:01+05:30,3247.9,2,3249.38,692136,102287.0,122030.0,3250.0,3257.0,3239.8,3251.5,42483700,3576.6,2926.4,4322.95,2866.6,3247.9,53,1,3247.8,65,5,3247.7,21,3,3247.6,103,7,3247.5,28,3,3248.1,10,10,3248.7,21,1,3248.8,31,1,3248.9,25,1,3249.0,1,1
11536,2025-12-30 11:47:01+05:30,3248.1,1,3249.38,692136,102287.0,122030.0,3250.0,3257.0,3239.8,3251.5,42483700,3576.6,2926.4,4322.95,2866.6,3247.9,53,1,3247.8,65,5,3247.7,21,3,3247.6,103,7,3247.5,28,3,3248.1,10,10,3248.7,21,1,3248.8,31,1,3248.9,25,1,3249.0,1,1
11536,2025-12-30 11:47:01+05:30,3247.9,1,3249.38,692151,102256.0,122047.0,3250.0,3257.0,3239.8,3251.5,42483700,3576.6,2926.4,4322.95,2866.6,3247.9,60,3,3247.8,52,4,3247.7,27,3,3247.6,90,6,3247.5,28,3,3248.1,9,9,3248.7,21,1,3248.8,31,1,3248.9,25,1,3249.0,1,1
11536,2025-12-30 11:47:02+05:30,3247.9,1,3249.38,692151,102256.0,122047.0,3250.0,3257.0,3239.8,3251.5,42483700,3576.6,2926.4,4322.95,2866.6,3247.9,60,3,3247.8,52,4,3247.7,27,3,3247.6,90,6,3247.5,28,3,3248.1,9,9,3248.7,21,1,3248.8,31,1,3248.9,25,1,3249.0,1,1
11536,2025-12-30 11:47:02+05:30,3247.9,4,3249.38,692151,102256.0,122047.0,3250.0,3257.0,3239.8,3251.5,42483700,3576.6,2926.4,4322.95,2866.6,3247.9,60,3,3247.8,52,4,3247.7,27,3,3247.6,90,6,3247.5,28,3,3248.1,9,9,3248.7,21,1,3248.8,31,1,3248.9,25,1,3249.0,1,1
11536,2025-12-30 11:47:02+05:30,3247.9,4,3249.38,692151,102256.0,122047.0,3250.0,3257.0,3239.8,3251.5,42483700,3576.6,2926.4,4322.95,2866.6,3247.9,60,3,3247.8,52,4,3247.7,27,3,3247.6,90,6,3247.5,28,3,3248.1,9,9,3248.7,21,1,3248.8,31,1,3248.9,25,1,3249.0,1,1
11536,2025-12-30 11:47:03+05:30,3247.9,1,3249.38,692161,102372.0,122218.0,3250.0,3257.0,3239.8,3251.5,42483700,3576.6,2926.4,4322.95,2866.6,3247.9,56,4,3247.8,57,5,3247.7,52,5,3247.6,132,9,3247.5,76,5,3248.1,5,5,3248.7,21,1,3248.8,31,1,3248.9,25,1,3249.0,1,1
11536,2025-12-30 11:47:03+05:30,3247.9,3,3249.38,692161,102372.0,122218.0,3250.0,3257.0,3239.8,3251.5,42483700,3576.6,2926.4,4322.95,2866.6,3247.9,56,4,3247.8,57,5,3247.7,52,5,3247.6,132,9,3247.5,76,5,3248.1,5,5,3248.7,21,1,3248.8,31,1,3248.9,25,1,3249.0,1,1
11536,2025-12-30 11:47:03+05:30,3247.9,3,3249.38,692161,102372.0,122218.0,3250.0,3257.0,3239.8,3251.5,42483700,3576.6,2926.4,4322.95,2866.6,3247.9,56,4,3247.8,57,5,3247.7,52,5,3247.6,132,9,3247.5,76,5,3248.1,5,5,3248.7,21,1,3248.8,31,1,3248.9,25,1,3249.0,1,1
11536,2025-12-30 11:47:04+05:30,3249.3,18,3249.38,692274,103294.0,120212.0,3250.0,3257.0,3239.8,3251.5,42483700,3576.6,2926.4,4322.95,2866.6,3248.2,21,1,3248.0,193,4,3247.9,112,6,3247.8,290,7,3247.7,82,6,3249.2,46,2,3249.3,8,2,3249.4,219,2,3249.5,20,1,3249.6,394,3
11536,2025-12-30 11:47:04+05:30,3249.3,18,3249.38,692274,103294.0,120212.0,3250.0,3257.0,3239.8,3251.5,42483700,3576.6,2926.4,4322.95,2866.6,3248.2,21,1,3248.0,193,4,3247.9,112,6,3247.8,290,7,3247.7,82,6,3249.2,46,2,3249.3,8,2,3249.4,219,2,3249.5,20,1,3249.6,394,3
11536,2025-12-30 11:47:04+05:30,3249.3,18,3249.38,692274,103294.0,120212.0,3250.0,3257.0,3239.8,3251.5,42483700,3576.6,2926.4,4322.95,2866.6,3248.2,21,1,3248.0,193,4,3247.9,112,6,3247.8,290,7,3247.7,82,6,3249.2,46,2,3249.3,8,2,3249.4,219,2,3249.5,20,1,3249.6,394,3
11536,2025-12-30 11:47:04+05:30,3249.3,18,3249.38,692274,103294.0,120212.0,3250.0,3257.0,3239.8,3251.5,42483700,3576.6,2926.4,4322.95,2866.6,3248.2,21,1,3248.0,193,4,3247.9,112,6,3247.8,290,7,3247.7,82,6,3249.2,46,2,3249.3,8,2,3249.4,219,2,3249.5,20,1,3249.6,394,3
11536,2025-12-30 11:47:04+05:30,3248.2,20,3249.38,692294,103610.0,120948.0,3250.0,3257.0,3239.8,3251.5,42483700,3576.6,2926.4,4322.95,2866.6,3248.2,49,3,3248.1,11,1,3248.0,193,4,3247.9,231,6,3247.8,290,7,3249.2,52,4,3249.3,4,1,3249.4,175,1,3249.6,414,4,3249.8,64,3
11536,2025-12-30 11:47:05+05:30,3249.2,1,3249.38,692294,103610.0,120948.0,3250.0,3257.0,3239.8,3251.5,42483700,3576.6,2926.4,4322.95,2866.6,3248.2,49,3,3248.1,11,1,3248.0,193,4,3247.9,231,6,3247.8,290,7,3249.2,52,4,3249.3,4,1,3249.4,175,1,3249.6,414,4,3249.8,64,3
11536,2025-12-30 11:47:05+05:30,3248.2,1,3249.38,692296,103751.0,121793.0,3250.0,3257.0,3239.8,3251.5,42483700,3576.6,2926.4,4322.95,2866.6,3248.2,48,2,3248.1,72,2,3248.0,193,4,3247.9,231,6,3247.8,320,8,3249.1,21,1,3249.2,32,5,3249.4,175,1,3249.6,394,3,3249.7,35,2
11536,2025-12-30 11:47:05+05:30,3248.2,1,3249.38,692296,103751.0,121793.0,3250.0,3257.0,3239.8,3251.5,42483700,3576.6,2926.4,4322.95,2866.6,3248.2,48,2,3248.1,72,2,3248.0,193,4,3247.9,231,6,3247.8,320,8,3249.1,21,1,3249.2,32,5,3249.4,175,1,3249.6,394,3,3249.7,35,2
11536,2025-12-30 11:47:06+05:30,3248.2,33,3249.38,692296,103751.0,121793.0,3250.0,3257.0,3239.8,3251.5,42483700,3576.6,2926.4,4322.95,2866.6,3248.2,48,2,3248.1,72,2,3248.0,193,4,3247.9,231,6,3247.8,320,8,3249.1,21,1,3249.2,32,5,3249.4,175,1,3249.6,394,3,3249.7,35,2
11536,2025-12-30 11:47:06+05:30,3248.2,33,3249.38,692329,103668.0,121640.0,3250.0,3257.0,3239.8,3251.5,42483700,3576.6,2926.4,4322.95,2866.6,3248.2,34,4,3248.1,13,1,3248.0,181,3,3247.9,231,6,3247.8,335,9,3249.1,24,4,3249.2,28,4,3249.4,175,1,3249.6,414,4,3249.8,47,2
11536,2025-12-30 11:47:07+05:30,3248.2,5,3249.38,692329,103668.0,121640.0,3250.0,3257.0,3239.8,3251.5,42483700,3576.6,2926.4,4322.95,2866.6,3248.2,34,4,3248.1,13,1,3248.0,181,3,3247.9,231,6,3247.8,335,9,3249.1,24,4,3249.2,28,4,3249.4,175,1,3249.6,414,4,3249.8,47,2
11536,2025-12-30 11:47:07+05:30,3248.2,5,3249.38,692329,103668.0,121640.0,3250.0,3257.0,3239.8,3251.5,42483700,3576.6,2926.4,4322.95,2866.6,3248.2,34,4,3248.1,13,1,3248.0,181,3,3247.9,231,6,3247.8,335,9,3249.1,24,4,3249.2,28,4,3249.4,175,1,3249.6,414,4,3249.8,47,2
11536,2025-12-30 11:47:07+05:30,3248.2,5,3249.38,692427,103587.0,121591.0,3250.0,3257.0,3239.8,3251.5,42483700,3576.6,2926.4,4322.95,2866.6,3248.2,9,2,3248.1,13,1,3248.0,186,4,3247.9,231,6,3247.8,335,9,3249.1,31,8,3249.2,25,2,3249.4,175,1,3249.5,20,1,3249.6,394,3
11536,2025-12-30 11:47:08+05:30,3249.1,1,3249.38,692427,103587.0,121591.0,3250.0,3257.0,3239.8,3251.5,42483700,3576.6,2926.4,4322.95,2866.6,3248.2,9,2,3248.1,13,1,3248.0,186,4,3247.9,231,6,3247.8,335,9,3249.1,31,8,3249.2,25,2,3249.4,175,1,3249.5,20,1,3249.6,394,3
11536,2025-12-30 11:47:08+05:30,3249.1,1,3249.38,692442,103860.0,121429.0,3250.0,3257.0,3239.8,3251.5,42483700,3576.6,2926.4,4322.95,2866.6,3248.3,6,1,3248.2,22,1,3248.0,186,4,3247.9,249,7,3247.8,274,7,3249.1,31,9,3249.2,24,1,3249.3,16,1,3249.4,219,2,3249.6,417,4
11536,2025-12-30 11:47:09+05:30,3249.1,1,3249.38,692442,103860.0,121429.0,3250.0,3257.0,3239.8,3251.5,42483700,3576.6,2926.4,4322.95,2866.6,3248.3,6,1,3248.2,22,1,3248.0,186,4,3247.9,249,7,3247.8,274,7,3249.1,31,9,3249.2,24,1,3249.3,16,1,3249.4,219,2,3249.6,417,4
11536,2025-12-30 11:47:09+05:30,3249.1,11,3249.38,692442,103860.0,121429.0,3250.0,3257.0,3239.8,3251.5,42483700,3576.6,2926.4,4322.95,2866.6,3248.3,6,1,3248.2,22,1,3248.0,186,4,3247.9,249,7,3247.8,274,7,3249.1,31,9,3249.2,24,1,3249.3,16,1,3249.4,219,2,3249.6,417,4
11536,2025-12-30 11:47:10+05:30,3248.4,10,3249.38,692524,104174.0,121836.0,3250.0,3257.0,3239.8,3251.5,42483700,3576.6,2926.4,4322.95,2866.6,3248.4,10,1,3248.3,2,1,3248.2,22,1,3248.1,9,1,3248.0,186,4,3249.1,44,10,3249.4,239,3,3249.6,432,5,3249.7,27,1,3249.8,43,2
11536,2025-12-30 11:47:10+05:30,3248.4,10,3249.38,692524,104174.0,121836.0,3250.0,3257.0,3239.8,3251.5,42483700,3576.6,2926.4,4322.95,2866.6,3248.4,10,1,3248.3,2,1,3248.2,22,1,3248.1,9,1,3248.0,186,4,3249.1,44,10,3249.4,239,3,3249.6,432,5,3249.7,27,1,3249.8,43,2
11536,2025-12-30 11:47:10+05:30,3248.4,10,3249.38,692524,104174.0,121836.0,3250.0,3257.0,3239.8,3251.5,42483700,3576.6,2926.4,4322.95,2866.6,3248.4,10,1,3248.3,2,1,3248.2,22,1,3248.1,9,1,3248.0,186,4,3249.1,44,10,3249.4,239,3,3249.6,432,5,3249.7,27,1,3249.8,43,2
11536,2025-12-30 11:47:11+05:30,3248.8,1,3249.38,692528,105043.0,122167.0,3250.0,3257.0,3239.8,3251.5,42483700,3576.6,2926.4,4322.95,2866.6,3248.1,9,1,3248.0,186,4,3247.9,48,4,3247.8,210,5,3247.7,89,6,3248.8,1,1,3248.9,22,1,3249.1,37,10,3249.4,536,5,3249.5,20,1
11536,2025-12-30 11:47:11+05:30,3248.8,1,3249.38,692528,105043.0,122167.0,3250.0,3257.0,3239.8,3251.5,42483700,3576.6,2926.4,4322.95,2866.6,3248.1,9,1,3248.0,186,4,3247.9,48,4,3247.8,210,5,3247.7,89,6,3248.8,1,1,3248.9,22,1,3249.1,37,10,3249.4,536,5,3249.5,20,1
11536,2025-12-30 11:47:12+05:30,3248.1,3,3249.38,692547,104866.0,122403.0,3250.0,3257.0,3239.8,3251.5,42483700,3576.6,2926.4,4322.95,2866.6,3248.1,3,1,3248.0,30,3,3247.9,48,4,3247.8,210,5,3247.7,89,6,3248.8,8,4,3248.9,22,1,3249.0,43,2,3249.1,49,6,3249.2,20,1
11536,2025-12-30 11:47:12+05:30,3248.1,3,3249.38,692547,104866.0,122403.0,3250.0,3257.0,3239.8,3251.5,42483700,3576.6,2926.4,4322.95,2866.6,3248.1,3,1,3248.0,30,3,3247.9,48,4,3247.8,210,5,3247.7,89,6,3248.8,8,4,3248.9,22,1,3249.0,43,2,3249.1,49,6,3249.2,20,1
11536,2025-12-30 11:47:12+05:30,3248.1,3,3249.38,692547,104866.0,122403.0,3250.0,3257.0,3239.8,3251.5,42483700,3576.6,2926.4,4322.95,2866.6,3248.1,3,1,3248.0,30,3,3247.9,48,4,3247.8,210,5,3247.7,89,6,3248.8,8,4,3248.9,22,1,3249.0,43,2,3249.1,49,6,3249.2,20,1
11536,2025-12-30 11:47:13+05:30,3248.0,2,3249.38,692564,104117.0,123090.0,3250.0,3257.0,3239.8,3251.5,42483700,3576.6,2926.4,4322.95,2866.6,3247.9,39,4,3247.8,10,2,3247.7,5,1,3247.6,36,3,3247.5,30,2,3248.0,3,3,3248.7,22,1,3248.8,4,4,3248.9,26,1,3249.0,76,2
11536,2025-12-30 11:47:13+05:30,3248.0,2,3249.38,692564,104117.0,123090.0,3250.0,3257.0,3239.8,3251.5,42483700,3576.6,2926.4,4322.95,2866.6,3247.9,39,4,3247.8,10,2,3247.7,5,1,3247.6,36,3,3247.5,30,2,3248.0,3,3,3248.7,22,1,3248.8,4,4,3248.9,26,1,3249.0,76,2
11536,2025-12-30 11:47:13+05:30,3248.0,2,3249.38,692564,104117.0,123090.0,3250.0,3257.0,3239.8,3251.5,42504175,3576.6,2926.4,4322.95,2866.6,3247.9,39,4,3247.8,10,2,3247.7,5,1,3247.6,36,3,3247.5,30,2,3248.0,3,3,3248.7,22,1,3248.8,4,4,3248.9,26,1,3249.0,76,2
11536,2025-12-30 11:47:14+05:30,3248.7,1,3249.38,692574,104051.0,123059.0,3250.0,3257.0,3239.8,3251.5,42504175,3576.6,2926.4,4322.95,2866.6,3247.9,39,4,3247.8,10,2,3247.7,5,1,3247.6,16,2,3247.5,2,1,3248.0,15,2,3248.6,22,1,3248.8,23,5,3248.9,26,1,3249.0,81,2
11536,2025-12-30 11:47:14+05:30,3247.9,1,3249.38,692574,104051.0,123059.0,3250.0,3257.0,3239.8,3251.5,42504175,3576.6,2926.4,4322.95,2866.6,3247.9,39,4,3247.8,10,2,3247.7,5,1,3247.6,16,2,3247.5,2,1,3248.0,15,2,3248.6,22,1,3248.8,23,5,3248.9,26,1,3249.0,81,2
11536,2025-12-30 11:47:15+05:30,3248.0,1,3249.38,692585,103535.0,123308.0,3250.0,3257.0,3239.8,3251.5,42504175,3576.6,2926.4,4322.95,2866.6,3247.9,20,3,3247.8,10,2,3247.7,5,1,3247.6,26,3,3247.5,2,1,3248.0,18,6,3248.5,22,1,3248.6,39,2,3248.7,19,1,3248.8,68,3
11536,2025-12-30 11:47:15+05:30,3247.9,3,3249.38,692585,103535.0,123308.0,3250.0,3257.0,3239.8,3251.5,42504175,3576.6,2926.4,4322.95,2866.6,3247.9,20,3,3247.8,10,2,3247.7,5,1,3247.6,26,3,3247.5,2,1,3248.0,18,6,3248.5,22,1,3248.6,39,2,3248.7,19,1,3248.8,68,3
11536,2025-12-30 11:47:15+05:30,3247.9,3,3249.38,692585,103535.0,123308.0,3250.0,3257.0,3239.8,3251.5,42504175,3576.6,2926.4,4322.95,2866.6,3247.9,20,3,3247.8,10,2,3247.7,5,1,3247.6,26,3,3247.5,2,1,3248.0,18,6,3248.5,22,1,3248.6,39,2,3248.7,19,1,3248.8,68,3
11536,2025-12-30 11:47:16+05:30,3247.9,3,3249.38,692591,103354.0,122940.0,3250.0,3257.0,3239.8,3251.5,42504175,3576.6,2926.4,4322.95,2866.6,3247.9,67,4,3247.8,10,2,3247.7,5,1,3247.6,26,3,3247.5,22,2,3248.0,19,7,3248.5,22,1,3248.6,26,1,3248.8,44,1,3248.9,20,1
11536,2025-12-30 11:47:16+05:30,3248.0,1,3249.38,692591,103354.0,122940.0,3250.0,3257.0,3239.8,3251.5,42504175,3576.6,2926.4,4322.95,2866.6,3247.9,67,4,3247.8,10,2,3247.7,5,1,3247.6,26,3,3247.5,22,2,3248.0,19,7,3248.5,22,1,3248.6,26,1,3248.8,44,1,3248.9,20,1
11536,2025-12-30 11:47:17+05:30,3248.0,2,3249.38,692677,103765.0,123286.0,3250.0,3257.0,3239.8,3251.5,42504175,3576.6,2926.4,4322.95,2866.6,3247.9,16,3,3247.8,10,2,3247.7,5,1,3247.6,16,2,3247.5,2,1,3248.0,18,7,3248.5,22,1,3248.6,26,1,3248.8,64,2,3248.9,20,1
11536,2025-12-30 11:47:17+05:30,3247.9,1,3249.38,692677,103765.0,123286.0,3250.0,3257.0,3239.8,3251.5,42504175,3576.6,2926.4,4322.95,2866.6,3247.9,16,3,3247.8,10,2,3247.7,5,1,3247.6,16,2,3247.5,2,1,3248.0,18,7,3248.5,22,1,3248.6,26,1,3248.8,64,2,3248.9,20,1
11536,2025-12-30 11:47:18+05:30,3247.9,2,3249.38,692680,103780.0,123288.0,3250.0,3257.0,3239.8,3251.5,42504175,3576.6,2926.4,4322.95,2866.6,3247.9,15,3,3247.8,10,2,3247.7,9,2,3247.6,26,3,3247.5,2,1,3248.0,20,8,3248.5,22,1,3248.6,26,1,3248.8,64,2,3248.9,20,1
11536,2025-12-30 11:47:18+05:30,3247.9,2,3249.38,692680,103780.0,123288.0,3250.0,3257.0,3239.8,3251.5,42504175,3576.6,2926.4,4322.95,2866.6,3247.9,15,3,3247.8,10,2,3247.7,9,2,3247.6,26,3,3247.5,2,1,3248.0,20,8,3248.5,22,1,3248.6,26,1,3248.8,64,2,3248.9,20,1
11536,2025-12-30 11:47:19+05:30,3247.9,6,3249.38,692706,103797.0,123110.0,3250.0,3257.0,3239.8,3251.5,42504175,3576.6,2926.4,4322.95,2866.6,3247.9,9,2,3247.8,21,3,3247.7,9,2,3247.6,16,2,3247.5,2,1,3248.0,17,7,3248.5,22,1,3248.6,26,1,3248.8,64,2,3248.9,20,1
11536,2025-12-30 11:47:19+05:30,3248.0,1,3249.38,692706,103797.0,123110.0,3250.0,3257.0,3239.8,3251.5,42504175,3576.6,2926.4,4322.95,2866.6,3247.9,9,2,3247.8,21,3,3247.7,9,2,3247.6,16,2,3247.5,2,1,3248.0,17,7,3248.5,22,1,3248.6,26,1,3248.8,64,2,3248.9,20,1
11536,2025-12-30 11:47:20+05:30,3247.9,1,3249.38,692711,103739.0,123328.0,3250.0,3257.0,3239.8,3251.5,42504175,3576.6,2926.4,4322.95,2866.6,3247.9,3,1,3247.8,21,3,3247.7,9,2,3247.6,16,2,3247.5,2,1,3248.0,17,8,3248.5,22,1,3248.6,26,1,3248.8,64,2,3248.9,20,1
11536,2025-12-30 11:47:20+05:30,3247.9,12,3249.38,692711,103739.0,123328.0,3250.0,3257.0,3239.8,3251.5,42504175,3576.6,2926.4,4322.95,2866.6,3247.9,3,1,3247.8,21,3,3247.7,9,2,3247.6,16,2,3247.5,2,1,3248.0,17,8,3248.5,22,1,3248.6,26,1,3248.8,64,2,3248.9,20,1
11536,2025-12-30 11:47:21+05:30,3247.9,1,3249.38,692724,103748.0,123296.0,3250.0,3257.0,3239.8,3251.5,42504175,3576.6,2926.4,4322.95,2866.6,3247.9,60,3,3247.8,10,2,3247.7,9,2,3247.6,37,3,3247.5,2,1,3248.0,16,8,3248.5,22,1,3248.6,43,2,3248.8,64,2,3248.9,20,1
11536,2025-12-30 11:47:21+05:30,3247.9,4,3249.38,692724,103748.0,123296.0,3250.0,3257.0,3239.8,3251.5,42504175,3576.6,2926.4,4322.95,2866.6,3247.9,60,3,3247.8,10,2,3247.7,9,2,3247.6,37,3,3247.5,2,1,3248.0,16,8,3248.5,22,1,3248.6,43,2,3248.8,64,2,3248.9,20,1
11536,2025-12-30 11:47:22+05:30,3247.9,3,3249.38,692739,102321.0,123314.0,3250.0,3257.0,3239.8,3251.5,42504175,3576.6,2926.4,4322.95,2866.6,3247.9,67,4,3247.8,10,2,3247.7,9,2,3247.6,37,3,3247.5,2,1,3248.0,65,8,3248.5,22,1,3248.6,43,2,3248.8,64,2,3248.9,20,1
11536,2025-12-30 11:47:22+05:30,3247.9,3,3249.38,692739,102321.0,123314.0,3250.0,3257.0,3239.8,3251.5,42504175,3576.6,2926.4,4322.95,2866.6,3247.9,67,4,3247.8,10,2,3247.7,9,2,3247.6,37,3,3247.5,2,1,3248.0,65,8,3248.5,22,1,3248.6,43,2,3248.8,64,2,3248.9,20,1
11536,2025-12-30 11:47:23+05:30,3248.5,10,3249.38,692822,102586.0,123679.0,3250.0,3257.0,3239.8,3251.5,42504175,3576.6,2926.4,4322.95,2866.6,3248.0,1,1,3247.9,58,4,3247.8,31,3,3247.7,9,2,3247.6,37,3,3248.5,24,4,3248.6,26,1,3248.7,14,1,3248.8,81,3,3248.9,39,2
11536,2025-12-30 11:47:23+05:30,3248.5,10,3249.38,692822,102586.0,123679.0,3250.0,3257.0,3239.8,3251.5,42504175,3576.6,2926.4,4322.95,2866.6,3248.0,1,1,3247.9,58,4,3247.8,31,3,3247.7,9,2,3247.6,37,3,3248.5,24,4,3248.6,26,1,3248.7,14,1,3248.8,81,3,3248.9,39,2
11536,2025-12-30 11:47:24+05:30,3248.5,1,3249.38,692912,102656.0,123689.0,3250.0,3257.0,3239.8,3251.5,42504175,3576.6,2926.4,4322.95,2866.6,3248.0,3,1,3247.9,24,4,3247.8,31,3,3247.7,9,2,3247.6,37,3,3248.5,13,5,3248.6,47,2,3248.7,14,1,3248.8,81,3,3248.9,39,2
11536,2025-12-30 11:47:24+05:30,3248.5,1,3249.38,692912,102656.0,123689.0,3250.0,3257.0,3239.8,3251.5,42504175,3576.6,2926.4,4322.95,2866.6,3248.0,3,1,3247.9,24,4,3247.8,31,3,3247.7,9,2,3247.6,37,3,3248.5,13,5,3248.6,47,2,3248.7,14,1,3248.8,81,3,3248.9,39,2
11536,2025-12-30 11:47:25+05:30,3248.8,9,3249.38,693035,104282.0,123594.0,3250.0,3257.0,3239.8,3251.5,42504175,3576.6,2926.4,4322.95,2866.6,3248.0,21,1,3247.9,8,3,3247.8,59,5,3247.7,30,3,3247.6,196,5,3249.0,32,3,3249.1,219,2,3249.2,37,2,3249.3,177,2,3249.4,498,5
11536,2025-12-30 11:47:25+05:30,3248.8,9,3249.38,693035,104282.0,123594.0,3250.0,3257.0,3239.8,3251.5,42504175,3576.6,2926.4,4322.95,2866.6,3248.0,21,1,3247.9,8,3,3247.8,59,5,3247.7,30,3,3247.6,196,5,3249.0,32,3,3249.1,219,2,3249.2,37,2,3249.3,177,2,3249.4,498,5
11536,2025-12-30 11:47:26+05:30,3248.8,9,3249.38,693035,104236.0,123637.0,3250.0,3257.0,3239.8,3251.5,42504175,3576.6,2926.4,4322.95,2866.6,3248.0,21,1,3247.9,8,3,3247.8,34,4,3247.7,9,2,3247.6,196,5,3248.9,57,4,3249.0,18,4,3249.1,219,2,3249.2,37,2,3249.3,352,3
11536,2025-12-30 11:47:27+05:30,3248.0,29,3249.38,693085,104084.0,124651.0,3250.0,3257.0,3239.8,3251.5,42504175,3576.6,2926.4,4322.95,2866.6,3247.9,8,3,3247.8,10,2,3247.7,9,2,3247.6,59,5,3247.5,83,5,3248.0,8,1,3248.8,21,1,3248.9,29,2,3249.0,10,3,3249.1,219,2
11536,2025-12-30 11:47:27+05:30,3248.0,29,3249.38,693085,104084.0,124651.0,3250.0,3257.0,3239.8,3251.5,42504175,3576.6,2926.4,4322.95,2866.6,3247.9,8,3,3247.8,10,2,3247.7,9,2,3247.6,59,5,3247.5,83,5,3248.0,8,1,3248.8,21,1,3248.9,29,2,3249.0,10,3,3249.1,219,2
11536,2025-12-30 11:47:28+05:30,3248.0,2,3249.38,693127,104086.0,124610.0,3250.0,3257.0,3239.8,3251.5,42504175,3576.6,2926.4,4322.95,2866.6,3247.9,10,2,3247.8,10,2,3247.7,9,2,3247.6,40,4,3247.5,46,2,3248.0,12,5,3248.6,21,1,3248.7,25,1,3248.9,4,1,3249.0,2,1
11536,2025-12-30 11:47:28+05:30,3248.0,2,3249.38,693127,104086.0,124610.0,3250.0,3257.0,3239.8,3251.5,42504175,3576.6,2926.4,4322.95,2866.6,3247.9,10,2,3247.8,10,2,3247.7,9,2,3247.6,40,4,3247.5,46,2,3248.0,12,5,3248.6,21,1,3248.7,25,1,3248.9,4,1,3249.0,2,1
11536,2025-12-30 11:47:29+05:30,3247.9,11,3249.38,693182,104012.0,124620.0,3250.0,3257.0,3239.8,3251.5,42504175,3576.6,2926.4,4322.95,2866.6,3247.8,10,2,3247.7,9,2,3247.6,40,4,3247.5,2,1,3247.4,96,7,3247.9,2,1,3248.0,8,7,3248.6,21,1,3248.7,25,1,3248.9,4,1
11536,2025-12-30 11:47:29+05:30,3247.9,11,3249.38,693182,104012.0,124620.0,3250.0,3257.0,3239.8,3251.5,42504175,3576.6,2926.4,4322.95,2866.6,3247.8,10,2,3247.7,9,2,3247.6,40,4,3247.5,2,1,3247.4,96,7,3247.9,2,1,3248.0,8,7,3248.6,21,1,3248.7,25,1,3248.9,4,1
11536,2025-12-30 11:47:30+05:30,3247.8,3,3249.38,693200,104038.0,124686.0,3250.0,3257.0,3239.8,3251.5,42504175,3576.6,2926.4,4322.95,2866.6,3247.8,7,2,3247.7,9,2,3247.6,37,3,3247.5,2,1,3247.4,82,6,3247.9,7,5,3248.0,5,5,3248.6,21,1,3248.7,25,1,3248.9,48,2
11536,2025-12-30 11:47:30+05:30,3247.8,3,3249.38,693200,104038.0,124686.0,3250.0,3257.0,3239.8,3251.5,42504175,3576.6,2926.4,4322.95,2866.6,3247.8,7,2,3247.7,9,2,3247.6,37,3,3247.5,2,1,3247.4,82,6,3247.9,7,5,3248.0,5,5,3248.6,21,1,3248.7,25,1,3248.9,48,2
11536,2025-12-30 11:47:31+05:30,3247.8,2,3249.38,693217,102430.0,124762.0,3250.0,3257.0,3239.8,3251.5,42504175,3576.6,2926.4,4322.95,2866.6,3247.8,63,5,3247.7,9,2,3247.6,37,3,3247.5,2,1,3247.4,62,5,3247.9,10,9,3248.0,2,2,3248.6,21,1,3248.8,82,2,3248.9,65,4
11536,2025-12-30 11:47:31+05:30,3247.8,2,3249.38,693217,102430.0,124762.0,3250.0,3257.0,3239.8,3251.5,42504175,3576.6,2926.4,4322.95,2866.6,3247.8,63,5,3247.7,9,2,3247.6,37,3,3247.5,2,1,3247.4,62,5,3247.9,10,9,3248.0,2,2,3248.6,21,1,3248.8,82,2,3248.9,65,4
11536,2025-12-30 11:47:32+05:30,3247.8,3,3249.38,693235,103679.0,124768.0,3250.0,3257.0,3239.8,3251.5,42504175,3576.6,2926.4,4322.95,2866.6,3247.8,56,5,3247.7,9,2,3247.6,37,3,3247.5,2,1,3247.4,62,5,3247.9,9,9,3248.3,19,1,3248.4,44,2,3248.5,12,1,3248.6,48,3
11536,2025-12-30 11:47:32+05:30,3247.8,3,3249.38,693235,103679.0,124768.0,3250.0,3257.0,3239.8,3251.5,42504175,3576.6,2926.4,4322.95,2866.6,3247.8,56,5,3247.7,9,2,3247.6,37,3,3247.5,2,1,3247.4,62,5,3247.9,9,9,3248.3,19,1,3248.4,44,2,3248.5,12,1,3248.6,48,3
11536,2025-12-30 11:47:33+05:30,3247.8,3,3249.38,693249,103672.0,124775.0,3250.0,3257.0,3239.8,3251.5,42504175,3576.6,2926.4,4322.95,2866.6,3247.8,34,4,3247.7,17,3,3247.6,37,3,3247.5,2,1,3247.4,62,5,3247.9,7,7,3248.3,20,1,3248.4,24,1,3248.5,12,1,3248.6,48,3
11536,2025-12-30 11:47:33+05:30,3247.8,3,3249.38,693249,103672.0,124775.0,3250.0,3257.0,3239.8,3251.5,42504175,3576.6,2926.4,4322.95,2866.6,3247.8,34,4,3247.7,17,3,3247.6,37,3,3247.5,2,1,3247.4,62,5,3247.9,7,7,3248.3,20,1,3248.4,24,1,3248.5,12,1,3248.6,48,3
11536,2025-12-30 11:47:34+05:30,3247.8,2,3249.38,693249,103672.0,124775.0,3250.0,3257.0,3239.8,3251.5,42504175,3576.6,2926.4,4322.95,2866.6,3247.8,34,4,3247.7,17,3,3247.6,37,3,3247.5,2,1,3247.4,62,5,3247.9,7,7,3248.3,20,1,3248.4,24,1,3248.5,12,1,3248.6,48,3
11536,2025-12-30 11:47:34+05:30,3247.8,2,3249.38,693259,103634.0,124775.0,3250.0,3257.0,3239.8,3251.5,42504175,3576.6,2926.4,4322.95,2866.6,3247.8,24,4,3247.7,17,3,3247.6,16,2,3247.5,2,1,3247.4,62,5,3247.9,7,7,3248.3,20,1,3248.4,24,1,3248.5,12,1,3248.6,48,3
11536,2025-12-30 11:47:35+05:30,3247.8,2,3249.38,693259,103634.0,124775.0,3250.0,3257.0,3239.8,3251.5,42504175,3576.6,2926.4,4322.95,2866.6,3247.8,27,5,3247.7,9,2,3247.6,16,2,3247.5,2,1,3247.4,62,5,3247.9,6,6,3248.5,33,1,3248.6,20,1,3248.7,222,3,3248.9,422,6
11536,2025-12-30 11:47:35+05:30,3247.8,2,3249.38,693265,103345.0,125027.0,3250.0,3257.0,3239.8,3251.5,42504175,3576.6,2926.4,4322.95,2866.6,3247.8,27,5,3247.7,9,2,3247.6,16,2,3247.5,2,1,3247.4,62,5,3247.9,6,6,3248.5,33,1,3248.6,20,1,3248.7,222,3,3248.9,422,6
11536,2025-12-30 11:47:36+05:30,3247.8,2,3249.38,693265,103345.0,125027.0,3250.0,3257.0,3239.8,3251.5,42504175,3576.6,2926.4,4322.95,2866.6,3247.8,22,5,3247.7,9,2,3247.6,16,2,3247.5,2,1,3247.4,62,5,3247.9,19,6,3248.4,20,1,3248.5,33,1,3248.6,24,1,3248.7,222,3
11536,2025-12-30 11:47:36+05:30,3247.8,2,3249.38,693270,103553.0,125061.0,3250.0,3257.0,3239.8,3251.5,42504175,3576.6,2926.4,4322.95,2866.6,3247.8,22,5,3247.7,9,2,3247.6,16,2,3247.5,2,1,3247.4,62,5,3247.9,19,6,3248.4,20,1,3248.5,33,1,3248.6,24,1,3248.7,222,3
11536,2025-12-30 11:47:37+05:30,3247.9,55,3249.38,693270,103553.0,125061.0,3250.0,3257.0,3239.8,3251.5,42504175,3576.6,2926.4,4322.95,2866.6,3247.8,22,5,3247.7,9,2,3247.6,16,2,3247.5,2,1,3247.4,62,5,3247.9,19,6,3248.4,20,1,3248.5,33,1,3248.6,24,1,3248.7,222,3
11536,2025-12-30 11:47:37+05:30,3247.9,55,3249.38,693347,103375.0,124910.0,3250.0,3257.0,3239.8,3251.5,42504175,3576.6,2926.4,4322.95,2866.6,3247.8,13,4,3247.7,9,2,3247.6,16,2,3247.5,2,1,3247.4,62,5,3247.9,8,1,3248.5,44,2,3248.6,22,4,3248.7,219,2,3248.8,23,2
11536,2025-12-30 11:47:38+05:30,3247.9,55,3249.38,693347,103381.0,124947.0,3250.0,3257.0,3239.8,3251.5,42504175,3576.6,2926.4,4322.95,2866.6,3247.8,16,5,3247.7,9,2,3247.6,16,2,3247.5,2,1,3247.4,62,5,3247.9,44,4,3248.3,20,1,3248.4,24,1,3248.6,3,3,3248.7,219,2
11536,2025-12-30 11:47:39+05:30,3247.9,1,3249.38,693347,103381.0,124947.0,3250.0,3257.0,3239.8,3251.5,42504175,3576.6,2926.4,4322.95,2866.6,3247.8,16,5,3247.7,9,2,3247.6,16,2,3247.5,2,1,3247.4,62,5,3247.9,44,4,3248.3,20,1,3248.4,24,1,3248.6,3,3,3248.7,219,2
11536,2025-12-30 11:47:39+05:30,3247.9,1,3249.38,693413,103178.0,124953.0,3250.0,3257.0,3239.8,3251.5,42504175,3576.6,2926.4,4322.95,2866.6,3247.8,8,2,3247.7,12,3,3247.6,16,2,3247.5,2,1,3247.4,34,4,3247.9,4,3,3248.4,55,3,3248.5,17,1,3248.6,41,3,3248.7,219,2
11536,2025-12-30 11:47:40+05:30,3247.7,3,3249.37,693430,103177.0,124894.0,3250.0,3257.0,3239.8,3251.5,42504175,3576.6,2926.4,4322.95,2866.6,3247.7,9,3,3247.6,16,2,3247.5,2,1,3247.4,34,4,3247.3,10,2,3247.8,3,3,3247.9,5,4,3248.4,56,3,3248.5,17,1,3248.6,20,1
11536,2025-12-30 11:47:40+05:30,3247.7,3,3249.37,693430,103177.0,124894.0,3250.0,3257.0,3239.8,3251.5,42504175,3576.6,2926.4,4322.95,2866.6,3247.7,9,3,3247.6,16,2,3247.5,2,1,3247.4,34,4,3247.3,10,2,3247.8,3,3,3247.9,5,4,3248.4,56,3,3248.5,17,1,3248.6,20,1
11536,2025-12-30 11:47:41+05:30,3247.7,1,3249.37,693439,103158.0,124938.0,3250.0,3257.0,3239.8,3251.5,42504175,3576.6,2926.4,4322.95,2866.6,3247.7,12,3,3247.6,16,2,3247.5,2,1,3247.4,12,3,3247.3,10,2,3247.8,6,6,3247.9,3,2,3248.4,56,3,3248.5,17,1,3248.6,20,1
11536,2025-12-30 11:47:41+05:30,3247.7,1,3249.37,693439,103158.0,124938.0,3250.0,3257.0,3239.8,3251.5,42504175,3576.6,2926.4,4322.95,2866.6,3247.7,12,3,3247.6,16,2,3247.5,2,1,3247.4,12,3,3247.3,10,2,3247.8,6,6,3247.9,3,2,3248.4,56,3,3248.5,17,1,3248.6,20,1
11536,2025-12-30 11:47:42+05:30,3247.7,1,3249.37,693439,103158.0,124938.0,3250.0,3257.0,3239.8,3251.5,42504175,3576.6,2926.4,4322.95,2866.6,3247.7,12,3,3247.6,16,2,3247.5,2,1,3247.4,12,3,3247.3,10,2,3247.8,6,6,3247.9,3,2,3248.4,56,3,3248.5,17,1,3248.6,20,1
11536,2025-12-30 11:47:42+05:30,3247.7,1,3249.37,693463,103249.0,124951.0,3250.0,3257.0,3239.8,3251.5,42504175,3576.6,2926.4,4322.95,2866.6,3247.7,10,3,3247.6,16,2,3247.5,2,1,3247.4,26,4,3247.3,10,2,3247.8,6,6,3247.9,1,1,3248.7,175,1,3248.8,43,3,3248.9,497,8
11536,2025-12-30 11:47:43+05:30,3247.7,1,3249.37,693463,103249.0,124951.0,3250.0,3257.0,3239.8,3251.5,42504175,3576.6,2926.4,4322.95,2866.6,3247.7,10,3,3247.6,16,2,3247.5,2,1,3247.4,26,4,3247.3,10,2,3247.8,6,6,3247.9,1,1,3248.7,175,1,3248.8,43,3,3248.9,497,8
11536,2025-12-30 11:47:43+05:30,3247.7,1,3249.37,693569,103485.0,123679.0,3250.0,3257.0,3239.8,3251.5,42504175,3576.6,2926.4,4322.95,2866.6,3247.7,11,4,3247.6,37,3,3247.5,8,2,3247.4,34,4,3247.3,190,4,3248.6,51,3,3248.7,139,4,3248.8,16,1,3248.9,418,5,3249.0,33,2
11536,2025-12-30 11:47:44+05:30,3247.7,1,3249.37,693569,103319.0,123645.0,3250.0,3257.0,3239.8,3251.5,42504175,3576.6,2926.4,4322.95,2866.6,3247.7,11,4,3247.6,37,3,3247.5,2,1,3247.4,34,4,3247.3,30,3,3248.5,43,2,3248.6,8,1,3248.7,126,3,3248.8,16,1,3248.9,418,5
11536,2025-12-30 11:47:45+05:30,3248.1,1,3249.37,693590,103306.0,125122.0,3250.0,3257.0,3239.8,3251.5,42504175,3576.6,2926.4,4322.95,2866.6,3247.7,61,4,3247.6,16,2,3247.5,2,1,3247.4,34,4,3247.3,10,2,3248.1,4,2,3248.4,20,1,3248.5,33,3,3248.6,16,1,3248.7,122,2
11536,2025-12-30 11:47:45+05:30,3248.1,1,3249.37,693590,103306.0,125122.0,3250.0,3257.0,3239.8,3251.5,42504175,3576.6,2926.4,4322.95,2866.6,3247.7,61,4,3247.6,16,2,3247.5,2,1,3247.4,34,4,3247.3,10,2,3248.1,4,2,3248.4,20,1,3248.5,33,3,3248.6,16,1,3248.7,122,2
11536,2025-12-30 11:47:46+05:30,3248.1,1,3249.37,693590,103306.0,125122.0,3250.0,3257.0,3239.8,3251.5,42504175,3576.6,2926.4,4322.95,2866.6,3247.7,61,4,3247.6,16,2,3247.5,2,1,3247.4,34,4,3247.3,10,2,3248.1,4,2,3248.4,20,1,3248.5,33,3,3248.6,16,1,3248.7,122,2
11536,2025-12-30 11:47:46+05:30,3248.1,1,3249.37,693607,103349.0,125128.0,3250.0,3257.0,3239.8,3251.5,42504175,3576.6,2926.4,4322.95,2866.6,3247.7,60,5,3247.6,16,2,3247.5,2,1,3247.4,34,4,3247.3,10,2,3248.1,5,4,3248.4,20,1,3248.5,33,3,3248.6,16,1,3248.7,120,1
11536,2025-12-30 11:47:47+05:30,3247.7,2,3249.37,693607,103349.0,125128.0,3250.0,3257.0,3239.8,3251.5,42504175,3576.6,2926.4,4322.95,2866.6,3247.7,60,5,3247.6,16,2,3247.5,2,1,3247.4,34,4,3247.3,10,2,3248.1,5,4,3248.4,20,1,3248.5,33,3,3248.6,16,1,3248.7,120,1
11536,2025-12-30 11:47:47+05:30,3247.7,2,3249.37,693688,104183.0,125248.0,3250.0,3257.0,3239.8,3251.5,42504175,3576.6,2926.4,4322.95,2866.6,3247.6,21,3,3247.5,2,1,3247.4,12,3,3247.3,10,2,3247.2,60,3,3247.7,6,3,3248.1,3,3,3248.3,23,1,3248.4,20,1,3248.5,19,1
11536,2025-12-30 11:47:48+05:30,3247.6,3,3249.37,693688,104183.0,125248.0,3250.0,3257.0,3239.8,3251.5,42504175,3576.6,2926.4,4322.95,2866.6,3247.6,21,3,3247.5,2,1,3247.4,12,3,3247.3,10,2,3247.2,60,3,3247.7,6,3,3248.1,3,3,3248.3,23,1,3248.4,20,1,3248.5,19,1
11536,2025-12-30 11:47:48+05:30,3247.6,3,3249.37,693696,104123.0,125301.0,3250.0,3257.0,3239.8,3251.5,42504175,3576.6,2926.4,4322.95,2866.6,3247.6,18,3,3247.5,2,1,3247.4,12,3,3247.3,10,2,3247.2,60,3,3247.7,10,6,3248.0,20,1,3248.1,1,1,3248.3,23,1,3248.5,63,2
11536,2025-12-30 11:47:49+05:30,3247.6,4,3249.37,693696,104123.0,125301.0,3250.0,3257.0,3239.8,3251.5,42504175,3576.6,2926.4,4322.95,2866.6,3247.6,18,3,3247.5,2,1,3247.4,12,3,3247.3,10,2,3247.2,60,3,3247.7,10,6,3248.0,20,1,3248.1,1,1,3248.3,23,1,3248.5,63,2
11536,2025-12-30 11:47:49+05:30,3247.6,3,3249.37,693737,104213.0,125293.0,3250.0,3257.0,3239.8,3251.5,42504175,3576.6,2926.4,4322.95,2866.6,3247.6,64,4,3247.5,2,1,3247.4,12,3,3247.3,10,2,3247.2,60,3,3247.7,9,8,3248.0,20,1,3248.2,23,1,3248.3,13,1,3248.4,19,1
11536,2025-12-30 11:47:50+05:30,3247.7,1,3249.37,693737,104213.0,125293.0,3250.0,3257.0,3239.8,3251.5,42504175,3576.6,2926.4,4322.95,2866.6,3247.6,64,4,3247.5,2,1,3247.4,12,3,3247.3,10,2,3247.2,60,3,3247.7,9,8,3248.0,20,1,3248.2,23,1,3248.3,13,1,3248.4,19,1
11536,2025-12-30 11:47:50+05:30,3247.7,2,3249.37,693773,104211.0,125288.0,3250.0,3257.0,3239.8,3251.5,42504175,3576.6,2926.4,4322.95,2866.6,3247.7,3,1,3247.6,59,3,3247.5,2,1,3247.4,33,4,3247.3,10,2,3248.1,19,1,3248.2,23,1,3248.4,16,1,3248.5,79,3,3248.6,160,3
11536,2025-12-30 11:47:51+05:30,3247.7,2,3249.37,693773,104211.0,125288.0,3250.0,3257.0,3239.8,3251.5,42504175,3576.6,2926.4,4322.95,2866.6,3247.7,3,1,3247.6,59,3,3247.5,2,1,3247.4,33,4,3247.3,10,2,3248.1,19,1,3248.2,23,1,3248.4,16,1,3248.5,79,3,3248.6,160,3
11536,2025-12-30 11:47:51+05:30,3247.7,2,3249.37,693773,104211.0,125290.0,3250.0,3257.0,3239.8,3251.5,42504175,3576.6,2926.4,4322.95,2866.6,3247.7,3,1,3247.6,59,3,3247.5,2,1,3247.4,33,4,3247.3,10,2,3248.1,21,3,3248.2,23,1,3248.4,16,1,3248.5,79,3,3248.6,160,3
11536,2025-12-30 11:47:52+05:30,3247.7,2,3249.37,693773,104374.0,125284.0,3250.0,3257.0,3239.8,3251.5,42504175,3576.6,2926.4,4322.95,2866.6,3247.9,3,1,3247.6,59,3,3247.5,2,1,3247.4,33,4,3247.3,10,2,3248.1,51,4,3248.2,23,1,3248.3,16,1,3248.5,79,3,3248.6,160,3
11536,2025-12-30 11:47:53+05:30,3247.9,2,3249.37,693773,104374.0,125284.0,3250.0,3257.0,3239.8,3251.5,42504175,3576.6,2926.4,4322.95,2866.6,3247.9,3,1,3247.6,59,3,3247.5,2,1,3247.4,33,4,3247.3,10,2,3248.1,51,4,3248.2,23,1,3248.3,16,1,3248.5,79,3,3248.6,160,3
11536,2025-12-30 11:47:53+05:30,3248.1,4,3249.37,693791,104365.0,125303.0,3250.0,3257.0,3239.8,3251.5,42504175,3576.6,2926.4,4322.95,2866.6,3247.9,45,1,3247.6,59,3,3247.5,2,1,3247.4,33,4,3247.3,10,2,3248.1,28,3,3248.2,40,2,3248.3,19,1,3248.4,16,1,3248.6,138,2
11536,2025-12-30 11:47:54+05:30,3248.1,1,3249.37,693791,104365.0,125303.0,3250.0,3257.0,3239.8,3251.5,42504175,3576.6,2926.4,4322.95,2866.6,3247.9,45,1,3247.6,59,3,3247.5,2,1,3247.4,33,4,3247.3,10,2,3248.1,28,3,3248.2,40,2,3248.3,19,1,3248.4,16,1,3248.6,138,2
11536,2025-12-30 11:47:54+05:30,3248.1,1,3249.37,693835,104996.0,125025.0,3250.0,3257.0,3239.8,3251.5,42504175,3576.6,2926.4,4322.95,2866.6,3248.1,2,1,3247.9,82,2,3247.6,59,3,3247.5,2,1,3247.4,33,4,3248.2,23,1,3248.3,35,2,3248.6,138,2,3248.7,56,2,3248.8,389,4
11536,2025-12-30 11:47:55+05:30,3248.2,1,3249.37,693835,104996.0,125025.0,3250.0,3257.0,3239.8,3251.5,42504175,3576.6,2926.4,4322.95,2866.6,3248.1,2,1,3247.9,82,2,3247.6,59,3,3247.5,2,1,3247.4,33,4,3248.2,23,1,3248.3,35,2,3248.6,138,2,3248.7,56,2,3248.8,389,4
11536,2025-12-30 11:47:55+05:30,3248.2,1,3249.37,693836,104979.0,124995.0,3250.0,3257.0,3239.8,3251.5,42504175,3576.6,2926.4,4322.95,2866.6,3248.1,2,1,3247.9,82,2,3247.6,59,3,3247.5,2,1,3247.4,33,4,3248.2,25,3,3248.3,19,1,3248.6,120,1,3248.7,44,1,3248.8,389,4
11536,2025-12-30 11:47:56+05:30,3248.2,2,3249.37,693836,104979.0,124995.0,3250.0,3257.0,3239.8,3251.5,42504175,3576.6,2926.4,4322.95,2866.6,3248.1,2,1,3247.9,82,2,3247.6,59,3,3247.5,2,1,3247.4,33,4,3248.2,25,3,3248.3,19,1,3248.6,120,1,3248.7,44,1,3248.8,389,4
11536,2025-12-30 11:47:56+05:30,3248.2,2,3249.37,693838,104615.0,125034.0,3250.0,3257.0,3239.8,3251.5,42504175,3576.6,2926.4,4322.95,2866.6,3247.9,82,2,3247.6,59,3,3247.5,2,1,3247.4,33,4,3247.3,13,3,3248.2,24,4,3248.3,19,1,3248.6,120,1,3248.8,389,4,3248.9,97,4
11536,2025-12-30 11:47:57+05:30,3247.9,46,3249.37,693838,104615.0,125034.0,3250.0,3257.0,3239.8,3251.5,42504175,3576.6,2926.4,4322.95,2866.6,3247.9,82,2,3247.6,59,3,3247.5,2,1,3247.4,33,4,3247.3,13,3,3248.2,24,4,3248.3,19,1,3248.6,120,1,3248.8,389,4,3248.9,97,4
11536,2025-12-30 11:47:57+05:30,3247.9,46,3249.37,693920,104349.0,125295.0,3250.0,3257.0,3239.8,3251.5,42504175,3576.6,2926.4,4322.95,2866.6,3247.6,59,3,3247.5,2,1,3247.4,33,4,3247.3,10,2,3247.2,129,3,3247.9,11,2,3248.2,24,5,3248.3,19,1,3248.5,282,1,3248.6,176,3
11536,2025-12-30 11:47:58+05:30,3247.6,1,3249.37,693920,104349.0,125295.0,3250.0,3257.0,3239.8,3251.5,42504175,3576.6,2926.4,4322.95,2866.6,3247.6,59,3,3247.5,2,1,3247.4,33,4,3247.3,10,2,3247.2,129,3,3247.9,11,2,3248.2,24,5,3248.3,19,1,3248.5,282,1,3248.6,176,3
11536,2025-12-30 11:47:58+05:30,3247.6,3,3249.37,693932,104233.0,125310.0,3250.0,3257.0,3239.8,3251.5,42504175,3576.6,2926.4,4322.95,2866.6,3247.6,47,3,3247.5,2,1,3247.4,33,4,3247.3,10,2,3247.2,31,2,3247.9,14,5,3248.0,29,2,3248.2,21,2,3248.3,13,1,3248.4,18,1
11536,2025-12-30 11:47:59+05:30,3247.6,21,3249.37,693932,104233.0,125310.0,3250.0,3257.0,3239.8,3251.5,42504175,3576.6,2926.4,4322.95,2866.6,3247.6,47,3,3247.5,2,1,3247.4,33,4,3247.3,10,2,3247.2,31,2,3247.9,14,5,3248.0,29,2,3248.2,21,2,3248.3,13,1,3248.4,18,1
11536,2025-12-30 11:47:59+05:30,3247.6,21,3249.37,693961,104071.0,125417.0,3250.0,3257.0,3239.8,3251.5,42504175,3576.6,2926.4,4322.95,2866.6,3247.6,25,4,3247.5,2,1,3247.4,12,3,3247.3,10,2,3247.2,31,2,3247.9,6,6,3248.0,29,2,3248.1,16,1,3248.2,37,3,3248.3,13,1
11536,2025-12-30 11:48:00+05:30,3247.6,3,3249.37,693961,104071.0,125417.0,3250.0,3257.0,3239.8,3251.5,42504175,3576.6,2926.4,4322.95,2866.6,3247.6,25,4,3247.5,2,1,3247.4,12,3,3247.3,10,2,3247.2,31,2,3247.9,6,6,3248.0,29,2,3248.1,16,1,3248.2,37,3,3248.3,13,1
11536,2025-12-30 11:48:00+05:30,3247.6,7,3249.37,693976,104144.0,125231.0,3250.0,3257.0,3239.8,3251.5,42504175,3576.6,2926.4,4322.95,2866.6,3247.6,9,2,3247.5,9,2,3247.4,12,3,3247.3,10,2,3247.2,31,2,3247.9,5,5,3248.1,16,1,3248.2,36,2,3248.3,33,2,3248.4,44,1
11536,2025-12-30 11:48:01+05:30,3247.6,1,3249.37,693976,104144.0,125231.0,3250.0,3257.0,3239.8,3251.5,42504175,3576.6,2926.4,4322.95,2866.6,3247.6,9,2,3247.5,9,2,3247.4,12,3,3247.3,10,2,3247.2,31,2,3247.9,5,5,3248.1,16,1,3248.2,36,2,3248.3,33,2,3248.4,44,1
11536,2025-12-30 11:48:01+05:30,3247.6,1,3249.37,693988,104140.0,125230.0,3250.0,3257.0,3239.8,3251.5,42504175,3576.6,2926.4,4322.95,2866.6,3247.6,14,2,3247.5,9,2,3247.4,12,3,3247.3,10,2,3247.2,31,2,3247.9,5,5,3248.1,16,1,3248.2,56,3,3248.3,13,1,3248.4,61,2
11536,2025-12-30 11:48:02+05:30,3247.6,4,3249.37,693988,104140.0,125230.0,3250.0,3257.0,3239.8,3251.5,42504175,3576.6,2926.4,4322.95,2866.6,3247.6,14,2,3247.5,9,2,3247.4,12,3,3247.3,10,2,3247.2,31,2,3247.9,5,5,3248.1,16,1,3248.2,56,3,3248.3,13,1,3248.4,61,2
11536,2025-12-30 11:48:02+05:30,3247.6,4,3249.37,693996,104143.0,125239.0,3250.0,3257.0,3239.8,3251.5,42504175,3576.6,2926.4,4322.95,2866.6,3247.6,13,3,3247.5,2,1,3247.4,12,3,3247.3,10,2,3247.2,31,2,3247.9,20,7,3248.1,36,2,3248.2,36,2,3248.3,13,1,3248.4,61,2
11536,2025-12-30 11:48:03+05:30,3247.6,3,3249.37,693996,104143.0,125239.0,3250.0,3257.0,3239.8,3251.5,42504175,3576.6,2926.4,4322.95,2866.6,3247.6,13,3,3247.5,2,1,3247.4,12,3,3247.3,10,2,3247.2,31,2,3247.9,20,7,3248.1,36,2,3248.2,36,2,3248.3,13,1,3248.4,61,2
11536,2025-12-30 11:48:03+05:30,3247.6,1,3249.37,694003,104152.0,125240.0,3250.0,3257.0,3239.8,3251.5,42504175,3576.6,2926.4,4322.95,2866.6,3247.6,22,3,3247.5,2,1,3247.4,12,3,3247.3,10,2,3247.2,31,2,3247.9,21,8,3248.1,36,2,3248.2,36,2,3248.3,13,1,3248.4,61,2
11536,2025-12-30 11:48:04+05:30,3247.6,1,3249.37,694003,104152.0,125240.0,3250.0,3257.0,3239.8,3251.5,42504175,3576.6,2926.4,4322.95,2866.6,3247.6,22,3,3247.5,2,1,3247.4,12,3,3247.3,10,2,3247.2,31,2,3247.9,21,8,3248.1,36,2,3248.2,36,2,3248.3,13,1,3248.4,61,2
11536,2025-12-30 11:48:04+05:30,3247.7,1,3249.37,694011,104223.0,125356.0,3250.0,3257.0,3239.8,3251.5,42504175,3576.6,2926.4,4322.95,2866.6,3247.7,6,1,3247.6,60,3,3247.5,2,1,3247.4,12,3,3247.3,10,2,3247.9,20,7,3248.2,20,1,3248.3,20,1,3248.4,64,2,3248.5,445,4
11536,2025-12-30 11:48:05+05:30,3247.7,1,3249.37,694011,104223.0,125356.0,3250.0,3257.0,3239.8,3251.5,42504175,3576.6,2926.4,4322.95,2866.6,3247.7,6,1,3247.6,60,3,3247.5,2,1,3247.4,12,3,3247.3,10,2,3247.9,20,7,3248.2,20,1,3248.3,20,1,3248.4,64,2,3248.5,445,4
11536,2025-12-30 11:48:05+05:30,3247.7,1,3249.37,694013,104231.0,125365.0,3250.0,3257.0,3239.8,3251.5,42504175,3576.6,2926.4,4322.95,2866.6,3247.7,5,1,3247.6,60,3,3247.5,2,1,3247.4,12,3,3247.3,10,2,3247.9,20,8,3248.2,20,1,3248.3,20,1,3248.4,64,2,3248.5,445,4
11536,2025-12-30 11:48:06+05:30,3247.9,1,3249.37,694013,104231.0,125365.0,3250.0,3257.0,3239.8,3251.5,42504175,3576.6,2926.4,4322.95,2866.6,3247.7,5,1,3247.6,60,3,3247.5,2,1,3247.4,12,3,3247.3,10,2,3247.9,20,8,3248.2,20,1,3248.3,20,1,3248.4,64,2,3248.5,445,4
11536,2025-12-30 11:48:06+05:30,3247.8,1,3249.37,694021,104363.0,125186.0,3250.0,3257.0,3239.8,3251.5,42504175,3576.6,2926.4,4322.95,2866.6,3247.8,6,1,3247.6,60,3,3247.5,2,1,3247.4,12,3,3247.3,10,2,3247.9,16,5,3248.2,40,2,3248.4,64,2,3248.5,445,4,3248.6,58,3
11536,2025-12-30 11:48:07+05:30,3247.6,1,3249.37,694021,104363.0,125186.0,3250.0,3257.0,3239.8,3251.5,42504175,3576.6,2926.4,4322.95,2866.6,3247.8,6,1,3247.6,60,3,3247.5,2,1,3247.4,12,3,3247.3,10,2,3247.9,16,5,3248.2,40,2,3248.4,64,2,3248.5,445,4,3248.6,58,3
11536,2025-12-30 11:48:07+05:30,3247.6,1,3249.37,694076,104208.0,125250.0,3250.0,3257.0,3239.8,3251.5,42504175,3576.6,2926.4,4322.95,2866.6,3247.6,58,3,3247.5,2,1,3247.4,12,3,3247.3,10,2,3247.2,31,2,3247.8,12,4,3247.9,15,4,3248.1,20,1,3248.2,37,2,3248.4,81,3
11536,2025-12-30 11:48:08+05:30,3248.2,6,3249.37,694076,104208.0,125250.0,3250.0,3257.0,3239.8,3251.5,42504175,3576.6,2926.4,4322.95,2866.6,3247.6,58,3,3247.5,2,1,3247.4,12,3,3247.3,10,2,3247.2,31,2,3247.8,12,4,3247.9,15,4,3248.1,20,1,3248.2,37,2,3248.4,81,3
11536,2025-12-30 11:48:08+05:30,3248.2,6,3249.37,694200,104337.0,124560.0,3250.0,3257.0,3239.8,3251.5,42504175,3576.6,2926.4,4322.95,2866.6,3247.6,59,4,3247.5,2,1,3247.4,34,4,3247.3,10,2,3247.2,129,3,3248.3,51,3,3248.4,6,2,3248.5,296,3,3248.6,352,4,3248.7,210,3
11536,2025-12-30 11:48:09+05:30,3248.2,15,3249.37,694200,104337.0,124560.0,3250.0,3257.0,3239.8,3251.5,42504175,3576.6,2926.4,4322.95,2866.6,3247.6,59,4,3247.5,2,1,3247.4,34,4,3247.3,10,2,3247.2,129,3,3248.3,51,3,3248.4,6,2,3248.5,296,3,3248.6,352,4,3248.7,210,3
11536,2025-12-30 11:48:09+05:30,3247.6,6,3249.37,694353,103421.0,125485.0,3250.0,3257.0,3239.8,3251.5,42504175,3576.6,2926.4,4322.95,2866.6,3247.5,2,1,3247.4,12,3,3247.3,10,2,3247.2,10,1,3247.1,38,4,3247.6,61,1,3248.0,37,2,3248.1,23,1,3248.2,30,2,3248.3,130,2
11536,2025-12-30 11:48:10+05:30,3247.5,12,3249.37,694353,103421.0,125485.0,3250.0,3257.0,3239.8,3251.5,42504175,3576.6,2926.4,4322.95,2866.6,3247.5,2,1,3247.4,12,3,3247.3,10,2,3247.2,10,1,3247.1,38,4,3247.6,61,1,3248.0,37,2,3248.1,23,1,3248.2,30,2,3248.3,130,2
11536,2025-12-30 11:48:10+05:30,3247.5,12,3249.37,694382,102913.0,125556.0,3250.0,3257.0,3239.8,3251.5,42504175,3576.6,2926.4,4322.95,2866.6,3247.4,12,3,3247.3,10,2,3247.2,10,1,3247.1,38,4,3247.0,106,4,3247.5,6,3,3247.6,54,5,3247.9,20,1,3248.0,40,2,3248.2,72,3
11536,2025-12-30 11:48:11+05:30,3247.4,6,3249.37,694382,102913.0,125556.0,3250.0,3257.0,3239.8,3251.5,42504175,3576.6,2926.4,4322.95,2866.6,3247.4,12,3,3247.3,10,2,3247.2,10,1,3247.1,38,4,3247.0,106,4,3247.5,6,3,3247.6,54,5,3247.9,20,1,3248.0,40,2,3248.2,72,3
11536,2025-12-30 11:48:12+05:30,3247.4,23,3249.37,694439,101902.0,125474.0,3250.0,3257.0,3239.8,3251.5,42504175,3576.6,2926.4,4322.95,2866.6,3247.3,10,2,3247.2,10,1,3247.1,38,4,3247.0,106,4,3246.9,25,1,3247.4,6,2,3247.5,9,6,3247.6,48,3,3247.8,16,1,3247.9,31,2
11536,2025-12-30 11:48:12+05:30,3247.3,4,3249.37,694439,101902.0,125474.0,3250.0,3257.0,3239.8,3251.5,42504175,3576.6,2926.4,4322.95,2866.6,3247.3,10,2,3247.2,10,1,3247.1,38,4,3247.0,106,4,3246.9,25,1,3247.4,6,2,3247.5,9,6,3247.6,48,3,3247.8,16,1,3247.9,31,2
11536,2025-12-30 11:48:13+05:30,3247.3,1,3249.37,694496,101839.0,125446.0,3250.0,3257.0,3239.8,3251.5,42504175,3576.6,2926.4,4322.95,2866.6,3247.3,10,2,3247.2,10,1,3247.1,38,4,3247.0,106,4,3246.9,25,1,3247.4,9,6,3247.5,4,4,3247.6,44,1,3247.8,16,1,3247.9,20,1
11536,2025-12-30 11:48:13+05:30,3247.3,5,3249.37,694496,101839.0,125446.0,3250.0,3257.0,3239.8,3251.5,42504175,3576.6,2926.4,4322.95,2866.6,3247.3,10,2,3247.2,10,1,3247.1,38,4,3247.0,106,4,3246.9,25,1,3247.4,9,6,3247.5,4,4,3247.6,44,1,3247.8,16,1,3247.9,20,1
11536,2025-12-30 11:48:14+05:30,3247.3,11,3249.37,694527,101964.0,125391.0,3250.0,3257.0,3239.8,3251.5,42504175,3576.6,2926.4,4322.95,2866.6,3247.3,48,4,3247.2,10,1,3247.1,38,4,3247.0,106,4,3246.9,25,1,3247.4,7,7,3247.5,1,1,3247.6,44,1,3247.9,20,1,3248.2,175,3
11536,2025-12-30 11:48:14+05:30,3247.3,11,3249.37,694527,101964.0,125391.0,3250.0,3257.0,3239.8,3251.5,42504175,3576.6,2926.4,4322.95,2866.6,3247.3,48,4,3247.2,10,1,3247.1,38,4,3247.0,106,4,3246.9,25,1,3247.4,7,7,3247.5,1,1,3247.6,44,1,3247.9,20,1,3248.2,175,3
11536,2025-12-30 11:48:15+05:30,3247.4,1,3249.37,694547,101720.0,125470.0,3250.0,3257.0,3239.8,3251.5,42504175,3576.6,2926.4,4322.95,2866.6,3247.3,19,3,3247.2,22,2,3247.1,16,3,3247.0,106,4,3246.9,25,1,3247.4,9,9,3247.6,44,1,3247.8,20,1,3247.9,40,2,3248.1,11,1
11536,2025-12-30 11:48:15+05:30,3247.3,7,3249.37,694547,101720.0,125470.0,3250.0,3257.0,3239.8,3251.5,42504175,3576.6,2926.4,4322.95,2866.6,3247.3,19,3,3247.2,22,2,3247.1,16,3,3247.0,106,4,3246.9,25,1,3247.4,9,9,3247.6,44,1,3247.8,20,1,3247.9,40,2,3248.1,11,1
11536,2025-12-30 11:48:16+05:30,3248.5,19,3249.37,695350,103231.0,123995.0,3250.0,3257.0,3239.8,3251.5,42504175,3576.6,2926.4,4322.95,2866.6,3247.5,1,1,3247.3,5,2,3247.2,42,3,3247.1,16,3,3247.0,271,7,3248.1,20,1,3248.2,175,1,3248.3,16,1,3248.4,350,2,3248.6,41,2
11536,2025-12-30 11:48:16+05:30,3248.5,19,3249.37,695350,103231.0,123995.0,3250.0,3257.0,3239.8,3251.5,42504175,3576.6,2926.4,4322.95,2866.6,3247.5,1,1,3247.3,5,2,3247.2,42,3,3247.1,16,3,3247.0,271,7,3248.1,20,1,3248.2,175,1,3248.3,16,1,3248.4,350,2,3248.6,41,2
11536,2025-12-30 11:48:17+05:30,3247.5,76,3249.37,695427,103306.0,123996.0,3250.0,3257.0,3239.8,3251.5,42504175,3576.6,2926.4,4322.95,2866.6,3247.5,12,1,3247.3,5,2,3247.2,128,3,3247.1,16,3,3247.0,268,6,3248.1,71,6,3248.2,175,1,3248.3,23,1,3248.4,369,3,3248.5,12,1
11536,2025-12-30 11:48:17+05:30,3247.5,76,3249.37,695427,103306.0,123996.0,3250.0,3257.0,3239.8,3251.5,42504175,3576.6,2926.4,4322.95,2866.6,3247.5,12,1,3247.3,5,2,3247.2,128,3,3247.1,16,3,3247.0,268,6,3248.1,71,6,3248.2,175,1,3248.3,23,1,3248.4,369,3,3248.5,12,1
11536,2025-12-30 11:48:18+05:30,3247.5,37,3249.37,695427,103306.0,123996.0,3250.0,3257.0,3239.8,3251.5,42504175,3576.6,2926.4,4322.95,2866.6,3247.5,12,1,3247.3,5,2,3247.2,128,3,3247.1,16,3,3247.0,268,6,3248.1,71,6,3248.2,175,1,3248.3,23,1,3248.4,369,3,3248.5,12,1
11536,2025-12-30 11:48:18+05:30,3247.5,1,3249.37,695466,102921.0,123962.0,3250.0,3257.0,3239.8,3251.5,42504175,3576.6,2926.4,4322.95,2866.6,3247.3,5,2,3247.2,108,2,3247.1,16,3,3247.0,106,4,3246.9,25,1,3247.5,24,2,3248.0,20,1,3248.1,50,5,3248.2,175,1,3248.4,369,3
11536,2025-12-30 11:48:19+05:30,3247.2,11,3249.37,695466,102921.0,123962.0,3250.0,3257.0,3239.8,3251.5,42504175,3576.6,2926.4,4322.95,2866.6,3247.3,5,2,3247.2,108,2,3247.1,16,3,3247.0,106,4,3246.9,25,1,3247.5,24,2,3248.0,20,1,3248.1,50,5,3248.2,175,1,3248.4,369,3
11536,2025-12-30 11:48:19+05:30,3247.2,11,3249.37,695590,101950.0,123946.0,3250.0,3257.0,3239.8,3251.5,42504175,3576.6,2926.4,4322.95,2866.6,3247.2,10,1,3247.1,16,3,3247.0,106,4,3246.9,25,1,3246.8,61,3,3247.3,7,2,3247.5,25,3,3248.0,20,1,3248.1,25,2,3248.2,175,1
11536,2025-12-30 11:48:20+05:30,3247.2,38,3249.37,695590,101950.0,123946.0,3250.0,3257.0,3239.8,3251.5,42504175,3576.6,2926.4,4322.95,2866.6,3247.2,10,1,3247.1,16,3,3247.0,106,4,3246.9,25,1,3246.8,61,3,3247.3,7,2,3247.5,25,3,3248.0,20,1,3248.1,25,2,3248.2,175,1
11536,2025-12-30 11:48:21+05:30,3247.2,11,3249.37,695812,101886.0,123780.0,3250.0,3257.0,3239.8,3251.5,42504175,3576.6,2926.4,4322.95,2866.6,3247.2,11,1,3247.1,26,4,3247.0,86,3,3246.9,25,1,3246.8,77,4,3247.3,20,5,3247.5,1,1,3247.9,195,2,3248.0,23,1,3248.1,350,2
11536,2025-12-30 11:48:21+05:30,3247.2,19,3249.37,695812,101886.0,123780.0,3250.0,3257.0,3239.8,3251.5,42504175,3576.6,2926.4,4322.95,2866.6,3247.2,11,1,3247.1,26,4,3247.0,86,3,3246.9,25,1,3246.8,77,4,3247.3,20,5,3247.5,1,1,3247.9,195,2,3248.0,23,1,3248.1,350,2
11536,2025-12-30 11:48:22+05:30,3247.2,2,3249.37,695874,101968.0,124187.0,3250.0,3257.0,3239.8,3251.5,42504175,3576.6,2926.4,4322.95,2866.6,3247.2,45,1,3247.1,16,3,3247.0,106,5,3246.9,25,1,3246.8,77,4,3247.3,46,6,3247.8,20,1,3247.9,198,2,3248.1,350,2,3248.4,19,1
11536,2025-12-30 11:48:22+05:30,3247.2,2,3249.37,695874,101968.0,124187.0,3250.0,3257.0,3239.8,3251.5,42504175,3576.6,2926.4,4322.95,2866.6,3247.2,45,1,3247.1,16,3,3247.0,106,5,3246.9,25,1,3246.8,77,4,3247.3,46,6,3247.8,20,1,3247.9,198,2,3248.1,350,2,3248.4,19,1
11536,2025-12-30 11:48:23+05:30,3247.1,2,3249.37,695937,101422.0,124187.0,3250.0,3257.0,3239.8,3251.5,42504175,3576.6,2926.4,4322.95,2866.6,3247.1,14,3,3247.0,106,5,3246.9,25,1,3246.8,77,4,3246.7,42,2,3247.2,7,1,3247.3,39,6,3247.8,20,1,3247.9,198,2,3248.1,350,2
11536,2025-12-30 11:48:23+05:30,3247.1,2,3249.37,695937,101422.0,124187.0,3250.0,3257.0,3239.8,3251.5,42504175,3576.6,2926.4,4322.95,2866.6,3247.1,14,3,3247.0,106,5,3246.9,25,1,3246.8,77,4,3246.7,42,2,3247.2,7,1,3247.3,39,6,3247.8,20,1,3247.9,198,2,3248.1,350,2
11536,2025-12-30 11:48:24+05:30,3247.2,2,3249.37,696027,101353.0,124154.0,3250.0,3257.0,3239.8,3251.5,42504175,3576.6,2926.4,4322.95,2866.6,3247.1,15,3,3247.0,105,5,3246.9,25,1,3246.8,80,5,3246.7,42,2,3247.2,3,2,3247.3,32,3,3247.8,20,1,3247.9,198,2,3248.1,350,2
11536,2025-12-30 11:48:24+05:30,3247.2,2,3249.37,696027,101353.0,124154.0,3250.0,3257.0,3239.8,3251.5,42504175,3576.6,2926.4,4322.95,2866.6,3247.1,15,3,3247.0,105,5,3246.9,25,1,3246.8,80,5,3246.7,42,2,3247.2,3,2,3247.3,32,3,3247.8,20,1,3247.9,198,2,3248.1,350,2
11536,2025-12-30 11:48:25+05:30,3247.1,3,3249.37,696027,101353.0,124154.0,3250.0,3257.0,3239.8,3251.5,42504175,3576.6,2926.4,4322.95,2866.6,3247.1,15,3,3247.0,105,5,3246.9,25,1,3246.8,80,5,3246.7,42,2,3247.2,3,2,3247.3,32,3,3247.8,20,1,3247.9,198,2,3248.1,350,2
11536,2025-12-30 11:48:25+05:30,3247.1,3,3249.37,696046,101483.0,124157.0,3250.0,3257.0,3239.8,3251.5,42504175,3576.6,2926.4,4322.95,2866.6,3247.1,13,3,3247.0,95,4,3246.9,25,1,3246.8,98,6,3246.7,50,2,3247.2,8,5,3247.3,30,1,3247.8,20,1,3247.9,198,2,3248.1,350,2
11536,2025-12-30 11:48:26+05:30,3247.2,1,3249.37,696046,101483.0,124157.0,3250.0,3257.0,3239.8,3251.5,42504175,3576.6,2926.4,4322.95,2866.6,3247.1,13,3,3247.0,95,4,3246.9,25,1,3246.8,98,6,3246.7,50,2,3247.2,8,5,3247.3,30,1,3247.8,20,1,3247.9,198,2,3248.1,350,2
11536,2025-12-30 11:48:26+05:30,3247.2,1,3249.37,696077,101485.0,124167.0,3250.0,3257.0,3239.8,3251.5,42504175,3576.6,2926.4,4322.95,2866.6,3247.1,11,3,3247.0,95,4,3246.9,25,1,3246.8,98,6,3246.7,50,2,3247.2,18,5,3247.3,30,1,3247.8,20,1,3247.9,198,2,3248.1,350,2
11536,2025-12-30 11:48:27+05:30,3247.1,3,3249.37,696077,101485.0,124167.0,3250.0,3257.0,3239.8,3251.5,42504175,3576.6,2926.4,4322.95,2866.6,3247.1,11,3,3247.0,95,4,3246.9,25,1,3246.8,98,6,3246.7,50,2,3247.2,18,5,3247.3,30,1,3247.8,20,1,3247.9,198,2,3248.1,350,2
11536,2025-12-30 11:48:27+05:30,3247.1,3,3249.37,696201,101694.0,124003.0,3250.0,3257.0,3239.8,3251.5,42504175,3576.6,2926.4,4322.95,2866.6,3247.1,13,3,3247.0,104,5,3246.9,67,2,3246.8,106,7,3246.7,120,5,3247.2,18,5,3247.3,30,1,3247.9,175,1,3248.1,350,2,3248.2,3,1
11536,2025-12-30 11:48:30+05:30,3247.0,3,3249.37,696201,101694.0,124003.0,3250.0,3257.0,3239.8,3251.5,42504175,3576.6,2926.4,4322.95,2866.6,3247.1,13,3,3247.0,104,5,3246.9,67,2,3246.8,106,7,3246.7,120,5,3247.2,18,5,3247.3,30,1,3247.9,175,1,3248.1,350,2,3248.2,3,1
11536,2025-12-30 11:48:30+05:30,3247.1,9,3249.37,696250,101659.0,123651.0,3250.0,3257.0,3239.8,3251.5,42504175,3576.6,2926.4,4322.95,2866.6,3247.1,1,1,3247.0,92,4,3246.9,25,1,3246.8,85,5,3246.7,42,3,3247.2,16,3,3247.3,30,1,3247.9,175,1,3248.1,350,2,3248.2,3,1
11536,2025-12-30 11:48:33+05:30,3247.1,3,3249.37,696250,101659.0,123651.0,3250.0,3257.0,3239.8,3251.5,42504175,3576.6,2926.4,4322.95,2866.6,3247.1,1,1,3247.0,92,4,3246.9,25,1,3246.8,85,5,3246.7,42,3,3247.2,16,3,3247.3,30,1,3247.9,175,1,3248.1,350,2,3248.2,3,1
11536,2025-12-30 11:48:35+05:30,3249.6,4,3249.37,700292,106198.0,121314.0,3250.0,3257.0,3239.8,3251.5,42504175,3576.6,2926.4,4322.95,2866.6,3248.2,156,1,3248.1,52,5,3248.0,261,6,3247.9,70,4,3247.8,544,6,3249.2,21,1,3249.3,58,4,3249.4,13,1,3249.5,22,2,3249.6,227,7
11536,2025-12-30 11:48:36+05:30,3248.2,86,3249.37,700292,106198.0,121314.0,3250.0,3257.0,3239.8,3251.5,42504175,3576.6,2926.4,4322.95,2866.6,3248.2,156,1,3248.1,52,5,3248.0,261,6,3247.9,70,4,3247.8,544,6,3249.2,21,1,3249.3,58,4,3249.4,13,1,3249.5,22,2,3249.6,227,7
11536,2025-12-30 11:48:39+05:30,3248.1,35,3249.37,700292,106198.0,121314.0,3250.0,3257.0,3239.8,3251.5,42504175,3576.6,2926.4,4322.95,2866.6,3248.2,156,1,3248.1,52,5,3248.0,261,6,3247.9,70,4,3247.8,544,6,3249.2,21,1,3249.3,58,4,3249.4,13,1,3249.5,22,2,3249.6,227,7
11536,2025-12-30 11:48:39+05:30,3248.1,11,3249.37,702338,105437.0,120184.0,3250.0,3257.0,3239.8,3251.5,42504175,3576.6,2926.4,4322.95,2866.6,3247.9,75,6,3247.8,92,6,3247.7,59,5,3247.6,269,7,3247.5,428,7,3248.1,14,2,3248.2,75,3,3249.7,49,2,3249.8,22,2,3249.9,57,2
11536,2025-12-30 11:48:42+05:30,3247.9,227,3249.37,702338,105437.0,120184.0,3250.0,3257.0,3239.8,3251.5,42504175,3576.6,2926.4,4322.95,2866.6,3247.9,75,6,3247.8,92,6,3247.7,59,5,3247.6,269,7,3247.5,428,7,3248.1,14,2,3248.2,75,3,3249.7,49,2,3249.8,22,2,3249.9,57,2
11536,2025-12-30 11:48:44+05:30,3247.8,5,3249.36,703203,104710.0,121216.0,3250.0,3257.0,3239.8,3251.5,42504175,3576.6,2926.4,4322.95,2866.6,3247.8,65,5,3247.7,31,3,3247.6,56,5,3247.5,115,6,3247.4,142,6,3247.9,23,4,3248.1,13,3,3249.3,22,1,3249.4,45,2,3249.5,48,2
11536,2025-12-30 11:48:45+05:30,3247.9,1,3249.36,703203,104710.0,121216.0,3250.0,3257.0,3239.8,3251.5,42504175,3576.6,2926.4,4322.95,2866.6,3247.8,65,5,3247.7,31,3,3247.6,56,5,3247.5,115,6,3247.4,142,6,3247.9,23,4,3248.1,13,3,3249.3,22,1,3249.4,45,2,3249.5,48,2
11536,2025-12-30 11:48:48+05:30,3247.8,18,3249.36,703203,104710.0,121216.0,3250.0,3257.0,3239.8,3251.5,42504175,3576.6,2926.4,4322.95,2866.6,3247.8,65,5,3247.7,31,3,3247.6,56,5,3247.5,115,6,3247.4,142,6,3247.9,23,4,3248.1,13,3,3249.3,22,1,3249.4,45,2,3249.5,48,2
11536,2025-12-30 11:48:48+05:30,3247.9,13,3249.36,703880,104982.0,120483.0,3250.0,3257.0,3239.8,3251.5,42504175,3576.6,2926.4,4322.95,2866.6,3247.9,17,1,3247.8,39,3,3247.7,172,3,3247.6,274,6,3247.5,194,4,3249.0,42,2,3249.1,46,2,3249.2,26,1,3249.3,37,3,3249.4,91,4
11536,2025-12-30 11:48:51+05:30,3248.9,33,3249.36,703880,104982.0,120483.0,3250.0,3257.0,3239.8,3251.5,42504175,3576.6,2926.4,4322.95,2866.6,3247.9,17,1,3247.8,39,3,3247.7,172,3,3247.6,274,6,3247.5,194,4,3249.0,42,2,3249.1,46,2,3249.2,26,1,3249.3,37,3,3249.4,91,4
11536,2025-12-30 11:48:53+05:30,3248.9,5,3249.36,703977,107180.0,120310.0,3250.0,3257.0,3239.8,3251.5,42504175,3576.6,2926.4,4322.95,2866.6,3248.9,43,1,3248.4,21,1,3248.3,3,1,3248.2,176,2,3248.0,347,7,3249.0,15,7,3249.3,22,1,3249.4,26,1,3249.5,4,1,3249.7,78,4
11536,2025-12-30 11:48:54+05:30,3248.9,3,3249.36,703977,107180.0,120310.0,3250.0,3257.0,3239.8,3251.5,42504175,3576.6,2926.4,4322.95,2866.6,3248.9,43,1,3248.4,21,1,3248.3,3,1,3248.2,176,2,3248.0,347,7,3249.0,15,7,3249.3,22,1,3249.4,26,1,3249.5,4,1,3249.7,78,4
11536,2025-12-30 11:48:57+05:30,3249.0,1,3249.36,703977,107180.0,120310.0,3250.0,3257.0,3239.8,3251.5,42504175,3576.6,2926.4,4322.95,2866.6,3248.9,43,1,3248.4,21,1,3248.3,3,1,3248.2,176,2,3248.0,347,7,3249.0,15,7,3249.3,22,1,3249.4,26,1,3249.5,4,1,3249.7,78,4
11536,2025-12-30 11:48:57+05:30,3249.0,1,3249.36,704144,108321.0,120634.0,3250.0,3257.0,3239.8,3251.5,42504175,3576.6,2926.4,4322.95,2866.6,3248.9,27,1,3248.5,19,1,3248.4,91,5,3248.3,29,1,3248.2,271,5,3249.0,7,1,3249.7,38,2,3249.8,25,3,3250.0,21,2,3250.1,460,3
11536,2025-12-30 11:49:00+05:30,3248.9,17,3249.36,704144,108321.0,120634.0,3250.0,3257.0,3239.8,3251.5,42504175,3576.6,2926.4,4322.95,2866.6,3248.9,27,1,3248.5,19,1,3248.4,91,5,3248.3,29,1,3248.2,271,5,3249.0,7,1,3249.7,38,2,3249.8,25,3,3250.0,21,2,3250.1,460,3
11536,2025-12-30 11:49:02+05:30,3248.9,39,3249.36,704354,106281.0,121290.0,3250.0,3257.0,3239.8,3251.5,42504175,3576.6,2926.4,4322.95,2866.6,3248.2,27,2,3248.1,23,1,3248.0,126,4,3247.9,74,2,3247.8,325,9,3249.0,6,5,3249.1,23,1,3249.2,27,1,3249.6,15,1,3249.7,75,2
11536,2025-12-30 11:49:03+05:30,3248.2,16,3249.36,704354,106281.0,121290.0,3250.0,3257.0,3239.8,3251.5,42504175,3576.6,2926.4,4322.95,2866.6,3248.2,27,2,3248.1,23,1,3248.0,126,4,3247.9,74,2,3247.8,325,9,3249.0,6,5,3249.1,23,1,3249.2,27,1,3249.6,15,1,3249.7,75,2
11536,2025-12-30 11:49:06+05:30,3248.2,3,3249.36,704354,106281.0,121290.0,3250.0,3257.0,3239.8,3251.5,42504175,3576.6,2926.4,4322.95,2866.6,3248.2,27,2,3248.1,23,1,3248.0,126,4,3247.9,74,2,3247.8,325,9,3249.0,6,5,3249.1,23,1,3249.2,27,1,3249.6,15,1,3249.7,75,2
11536,2025-12-30 11:49:06+05:30,3248.3,1,3249.36,704433,106099.0,121796.0,3250.0,3257.0,3239.8,3251.5,42504175,3576.6,2926.4,4322.95,2866.6,3248.3,19,1,3248.1,43,4,3248.0,50,3,3247.9,60,3,3247.8,367,10,3248.9,1,1,3249.0,35,6,3249.1,37,2,3249.4,23,1,3249.5,44,1
11536,2025-12-30 11:49:09+05:30,3248.5,3,3249.36,704433,106099.0,121796.0,3250.0,3257.0,3239.8,3251.5,42504175,3576.6,2926.4,4322.95,2866.6,3248.3,19,1,3248.1,43,4,3248.0,50,3,3247.9,60,3,3247.8,367,10,3248.9,1,1,3249.0,35,6,3249.1,37,2,3249.4,23,1,3249.5,44,1
11536,2025-12-30 11:49:11+05:30,3248.9,1,3249.36,704697,106725.0,121623.0,3250.0,3257.0,3239.8,3251.5,42504175,3576.6,2926.4,4322.95,2866.6,3248.8,31,1,3248.2,20,1,3248.1,9,1,3248.0,21,1,3247.9,167,2,3248.9,9,5,3249.0,80,3,3249.3,62,2,3249.5,273,5,3249.6,19,1
11536,2025-12-30 11:49:12+05:30,3248.8,1,3249.36,704697,106725.0,121623.0,3250.0,3257.0,3239.8,3251.5,42504175,3576.6,2926.4,4322.95,2866.6,3248.8,31,1,3248.2,20,1,3248.1,9,1,3248.0,21,1,3247.9,167,2,3248.9,9,5,3249.0,80,3,3249.3,62,2,3249.5,273,5,3249.6,19,1
11536,2025-12-30 11:49:15+05:30,3248.9,1,3249.36,704697,106725.0,121623.0,3250.0,3257.0,3239.8,3251.5,42504175,3576.6,2926.4,4322.95,2866.6,3248.8,31,1,3248.2,20,1,3248.1,9,1,3248.0,21,1,3247.9,167,2,3248.9,9,5,3249.0,80,3,3249.3,62,2,3249.5,273,5,3249.6,19,1
11536,2025-12-30 11:49:15+05:30,3248.9,1,3249.36,704826,106919.0,121652.0,3250.0,3257.0,3239.8,3251.5,42504175,3576.6,2926.4,4322.95,2866.6,3248.9,17,1,3248.8,33,2,3248.2,20,1,3248.1,9,1,3248.0,21,1,3249.0,57,2,3249.3,28,2,3249.4,41,2,3249.5,69,3,3249.6,50,3
11536,2025-12-30 11:49:18+05:30,3248.9,14,3249.36,704826,106919.0,121652.0,3250.0,3257.0,3239.8,3251.5,42504175,3576.6,2926.4,4322.95,2866.6,3248.9,17,1,3248.8,33,2,3248.2,20,1,3248.1,9,1,3248.0,21,1,3249.0,57,2,3249.3,28,2,3249.4,41,2,3249.5,69,3,3249.6,50,3
11536,2025-12-30 11:49:20+05:30,3248.9,23,3249.36,704958,106936.0,121844.0,3250.0,3257.0,3239.8,3251.5,42504175,3576.6,2926.4,4322.95,2866.6,3248.9,12,1,3248.4,21,1,3248.2,20,1,3248.1,9,1,3248.0,21,1,3249.0,53,7,3249.2,23,1,3249.5,87,4,3249.6,48,3,3249.7,31,2
11536,2025-12-30 11:49:21+05:30,3249.3,27,3249.36,704958,106936.0,121844.0,3250.0,3257.0,3239.8,3251.5,42504175,3576.6,2926.4,4322.95,2866.6,3248.9,12,1,3248.4,21,1,3248.2,20,1,3248.1,9,1,3248.0,21,1,3249.0,53,7,3249.2,23,1,3249.5,87,4,3249.6,48,3,3249.7,31,2
11536,2025-12-30 11:49:24+05:30,3248.9,38,3249.36,704958,106936.0,121844.0,3250.0,3257.0,3239.8,3251.5,42504175,3576.6,2926.4,4322.95,2866.6,3248.9,12,1,3248.4,21,1,3248.2,20,1,3248.1,9,1,3248.0,21,1,3249.0,53,7,3249.2,23,1,3249.5,87,4,3249.6,48,3,3249.7,31,2
11536,2025-12-30 11:49:24+05:30,3248.9,38,3249.36,705138,106748.0,121978.0,3250.0,3257.0,3239.8,3251.5,42504175,3576.6,2926.4,4322.95,2866.6,3249.0,4,1,3248.9,8,1,3248.8,12,1,3248.4,22,1,3248.3,175,1,3249.3,336,7,3249.5,15,1,3249.6,31,2,3249.8,242,6,3249.9,95,4
11536,2025-12-30 11:49:27+05:30,3249.0,78,3249.36,705138,106748.0,121978.0,3250.0,3257.0,3239.8,3251.5,42504175,3576.6,2926.4,4322.95,2866.6,3249.0,4,1,3248.9,8,1,3248.8,12,1,3248.4,22,1,3248.3,175,1,3249.3,336,7,3249.5,15,1,3249.6,31,2,3249.8,242,6,3249.9,95,4
11536,2025-12-30 11:49:28+05:30,3249.0,1,3249.36,705272,108161.0,122030.0,3250.0,3257.0,3239.8,3251.5,42504175,3576.6,2926.4,4322.95,2866.6,3249.0,8,1,3248.9,8,1,3248.4,22,1,3248.2,180,3,3248.1,52,2,3249.3,375,10,3249.6,16,1,3249.8,244,6,3249.9,95,4,3250.0,388,5
11536,2025-12-30 11:49:28+05:30,3249.0,1,3249.36,705272,108161.0,122030.0,3250.0,3257.0,3239.8,3251.5,42504175,3576.6,2926.4,4322.95,2866.6,3249.0,8,1,3248.9,8,1,3248.4,22,1,3248.2,180,3,3248.1,52,2,3249.3,375,10,3249.6,16,1,3249.8,244,6,3249.9,95,4,3250.0,388,5
11536,2025-12-30 11:49:29+05:30,3249.0,17,3249.36,705298,108395.0,121755.0,3250.0,3257.0,3239.8,3251.5,42504175,3576.6,2926.4,4322.95,2866.6,3248.9,58,2,3248.4,22,1,3248.2,180,3,3248.1,278,5,3248.0,337,8,3249.0,3,1,3249.3,91,9,3249.6,16,1,3249.7,44,1,3249.8,227,5
11536,2025-12-30 11:49:29+05:30,3249.0,17,3249.36,705298,108395.0,121755.0,3250.0,3257.0,3239.8,3251.5,42504175,3576.6,2926.4,4322.95,2866.6,3248.9,58,2,3248.4,22,1,3248.2,180,3,3248.1,278,5,3248.0,337,8,3249.0,3,1,3249.3,91,9,3249.6,16,1,3249.7,44,1,3249.8,227,5
11536,2025-12-30 11:49:30+05:30,3248.9,1,3249.36,705322,108406.0,122077.0,3250.0,3257.0,3239.8,3251.5,42504175,3576.6,2926.4,4322.95,2866.6,3248.9,49,1,3248.8,10,1,3248.4,22,1,3248.2,180,3,3248.1,43,1,3249.3,90,8,3249.5,282,1,3249.6,16,1,3249.7,59,2,3249.8,212,4
11536,2025-12-30 11:49:30+05:30,3248.9,1,3249.36,705322,108406.0,122077.0,3250.0,3257.0,3239.8,3251.5,42504175,3576.6,2926.4,4322.95,2866.6,3248.9,49,1,3248.8,10,1,3248.4,22,1,3248.2,180,3,3248.1,43,1,3249.3,90,8,3249.5,282,1,3249.6,16,1,3249.7,59,2,3249.8,212,4
11536,2025-12-30 11:49:31+05:30,3249.3,1,3249.36,705322,108406.0,122077.0,3250.0,3257.0,3239.8,3251.5,42504175,3576.6,2926.4,4322.95,2866.6,3249.2,15,1,3248.9,48,1,3248.8,5,1,3248.4,32,2,3248.2,223,4,3249.3,89,8,3249.6,298,2,3249.7,61,2,3249.8,210,3,3249.9,95,4
11536,2025-12-30 11:49:31+05:30,3249.3,1,3249.36,705389,108770.0,122042.0,3250.0,3257.0,3239.8,3251.5,42504175,3576.6,2926.4,4322.95,2866.6,3249.2,15,1,3248.9,48,1,3248.8,5,1,3248.4,32,2,3248.2,223,4,3249.3,89,8,3249.6,298,2,3249.7,61,2,3249.8,210,3,3249.9,95,4
11536,2025-12-30 11:49:32+05:30,3249.2,8,3249.36,705389,108770.0,122042.0,3250.0,3257.0,3239.8,3251.5,42504175,3576.6,2926.4,4322.95,2866.6,3249.2,15,1,3248.9,48,1,3248.8,5,1,3248.4,32,2,3248.2,223,4,3249.3,89,8,3249.6,298,2,3249.7,61,2,3249.8,210,3,3249.9,95,4
11536,2025-12-30 11:49:32+05:30,3249.2,8,3249.36,705397,108816.0,122043.0,3250.0,3257.0,3239.8,3251.5,42504175,3576.6,2926.4,4322.95,2866.6,3249.2,15,3,3249.0,1,1,3248.9,51,2,3248.4,189,4,3248.2,239,5,3249.3,66,7,3249.6,322,3,3249.7,61,2,3249.8,210,3,3249.9,95,4
11536,2025-12-30 11:49:33+05:30,3249.2,2,3249.36,705397,108816.0,122043.0,3250.0,3257.0,3239.8,3251.5,42504175,3576.6,2926.4,4322.95,2866.6,3249.2,15,3,3249.0,1,1,3248.9,51,2,3248.4,189,4,3248.2,239,5,3249.3,66,7,3249.6,322,3,3249.7,61,2,3249.8,210,3,3249.9,95,4
11536,2025-12-30 11:49:33+05:30,3249.3,1,3249.36,705421,108954.0,122040.0,3250.0,3257.0,3239.8,3251.5,42504175,3576.6,2926.4,4322.95,2866.6,3249.2,5,2,3249.0,1,1,3248.9,51,2,3248.4,189,4,3248.2,239,5,3249.3,63,6,3249.5,24,1,3249.6,298,2,3249.7,61,2,3249.8,210,3
11536,2025-12-30 11:49:34+05:30,3249.2,2,3249.36,705421,108954.0,122040.0,3250.0,3257.0,3239.8,3251.5,42504175,3576.6,2926.4,4322.95,2866.6,3249.2,5,2,3249.0,1,1,3248.9,51,2,3248.4,189,4,3248.2,239,5,3249.3,63,6,3249.5,24,1,3249.6,298,2,3249.7,61,2,3249.8,210,3
11536,2025-12-30 11:49:34+05:30,3249.2,1,3249.36,705481,107622.0,121950.0,3250.0,3257.0,3239.8,3251.5,42504175,3576.6,2926.4,4322.95,2866.6,3249.2,52,2,3249.0,1,1,3248.9,51,2,3248.7,3,1,3248.6,21,1,3249.3,17,6,3249.5,24,1,3249.6,282,1,3249.8,194,2,3249.9,51,3
11536,2025-12-30 11:49:35+05:30,3249.5,7,3249.36,705481,107622.0,121950.0,3250.0,3257.0,3239.8,3251.5,42504175,3576.6,2926.4,4322.95,2866.6,3249.2,52,2,3249.0,1,1,3248.9,51,2,3248.7,3,1,3248.6,21,1,3249.3,17,6,3249.5,24,1,3249.6,282,1,3249.8,194,2,3249.9,51,3
11536,2025-12-30 11:49:35+05:30,3249.5,7,3249.36,705539,109061.0,122057.0,3250.0,3257.0,3239.8,3251.5,42504175,3576.6,2926.4,4322.95,2866.6,3249.3,1,1,3249.2,52,2,3249.0,1,1,3248.9,51,2,3248.8,10,1,3249.6,40,4,3249.7,29,1,3249.8,209,3,3249.9,345,4,3250.0,372,4
11536,2025-12-30 11:49:36+05:30,3249.5,7,3249.36,705539,107629.0,122048.0,3250.0,3257.0,3239.8,3251.5,42504175,3576.6,2926.4,4322.95,2866.6,3249.3,1,1,3249.2,52,2,3249.0,12,2,3248.9,51,2,3248.7,3,1,3249.5,13,1,3249.6,75,7,3249.7,311,2,3249.8,224,4,3249.9,102,4
11536,2025-12-30 11:49:37+05:30,3249.3,1,3249.36,705539,107629.0,122048.0,3250.0,3257.0,3239.8,3251.5,42504175,3576.6,2926.4,4322.95,2866.6,3249.3,1,1,3249.2,52,2,3249.0,12,2,3248.9,51,2,3248.7,3,1,3249.5,13,1,3249.6,75,7,3249.7,311,2,3249.8,224,4,3249.9,102,4
11536,2025-12-30 11:49:37+05:30,3249.2,7,3249.36,705651,107439.0,122263.0,3250.0,3257.0,3239.8,3251.5,42504175,3576.6,2926.4,4322.95,2866.6,3249.2,46,2,3249.0,12,2,3248.9,51,2,3248.6,21,1,3248.4,179,3,3249.3,6,4,3249.5,333,5,3249.6,44,3,3249.7,51,2,3249.8,249,5
11536,2025-12-30 11:49:38+05:30,3249.2,7,3249.36,705651,107439.0,122263.0,3250.0,3257.0,3239.8,3251.5,42504175,3576.6,2926.4,4322.95,2866.6,3249.2,46,2,3249.0,12,2,3248.9,51,2,3248.6,21,1,3248.4,179,3,3249.3,6,4,3249.5,333,5,3249.6,44,3,3249.7,51,2,3249.8,249,5
11536,2025-12-30 11:49:38+05:30,3249.2,7,3249.36,705651,107439.0,122265.0,3250.0,3257.0,3239.8,3251.5,42504175,3576.6,2926.4,4322.95,2866.6,3249.2,46,2,3249.0,12,2,3248.9,51,2,3248.6,21,1,3248.4,179,3,3249.3,8,6,3249.5,348,6,3249.6,29,2,3249.7,51,2,3249.8,249,5
11536,2025-12-30 11:49:39+05:30,3249.2,7,3249.36,705651,107439.0,122265.0,3250.0,3257.0,3239.8,3251.5,42504175,3576.6,2926.4,4322.95,2866.6,3249.2,46,2,3249.0,12,2,3248.9,51,2,3248.6,21,1,3248.4,179,3,3249.3,8,6,3249.5,348,6,3249.6,29,2,3249.7,51,2,3249.8,249,5
11536,2025-12-30 11:49:39+05:30,3249.2,1,3249.36,705713,108920.0,122176.0,3250.0,3257.0,3239.8,3251.5,42504175,3576.6,2926.4,4322.95,2866.6,3249.2,21,2,3249.0,12,2,3248.9,51,2,3248.6,21,1,3248.4,179,3,3249.3,5,4,3249.4,3,1,3249.5,372,7,3249.6,34,2,3249.7,241,3
11536,2025-12-30 11:49:40+05:30,3248.9,21,3249.36,705713,108920.0,122176.0,3250.0,3257.0,3239.8,3251.5,42504175,3576.6,2926.4,4322.95,2866.6,3249.2,21,2,3249.0,12,2,3248.9,51,2,3248.6,21,1,3248.4,179,3,3249.3,5,4,3249.4,3,1,3249.5,372,7,3249.6,34,2,3249.7,241,3
11536,2025-12-30 11:49:41+05:30,3248.9,21,3249.36,705915,105867.0,123053.0,3250.0,3257.0,3239.8,3251.5,42504175,3576.6,2926.4,4322.95,2866.6,3248.4,1,1,3248.2,16,1,3248.1,43,3,3248.0,24,4,3247.8,39,3,3248.8,47,3,3248.9,50,4,3249.0,45,3,3249.1,32,4,3249.2,713,8
11536,2025-12-30 11:49:41+05:30,3248.9,3,3249.36,705915,105867.0,123053.0,3250.0,3257.0,3239.8,3251.5,42504175,3576.6,2926.4,4322.95,2866.6,3248.4,1,1,3248.2,16,1,3248.1,43,3,3248.0,24,4,3247.8,39,3,3248.8,47,3,3248.9,50,4,3249.0,45,3,3249.1,32,4,3249.2,713,8
11536,2025-12-30 11:49:42+05:30,3248.4,1,3249.36,706026,105461.0,122627.0,3250.0,3257.0,3239.8,3251.5,42504175,3576.6,2926.4,4322.95,2866.6,3248.2,16,1,3248.1,20,2,3248.0,6,3,3247.8,18,2,3247.7,16,2,3248.4,4,3,3248.8,33,1,3248.9,12,3,3249.0,352,3,3249.1,209,4
11536,2025-12-30 11:49:42+05:30,3248.2,57,3249.36,706026,105461.0,122627.0,3250.0,3257.0,3239.8,3251.5,42504175,3576.6,2926.4,4322.95,2866.6,3248.2,16,1,3248.1,20,2,3248.0,6,3,3247.8,18,2,3247.7,16,2,3248.4,4,3,3248.8,33,1,3248.9,12,3,3249.0,352,3,3249.1,209,4
11536,2025-12-30 11:49:43+05:30,3248.2,1,3249.36,706096,105401.0,122448.0,3250.0,3257.0,3239.8,3251.5,42504175,3576.6,2926.4,4322.95,2866.6,3248.2,7,1,3248.1,20,2,3248.0,6,3,3247.8,18,2,3247.7,16,2,3248.4,22,7,3248.8,59,2,3248.9,40,3,3249.0,326,2,3249.1,178,3
11536,2025-12-30 11:49:43+05:30,3249.2,36,3249.36,706096,105401.0,122448.0,3250.0,3257.0,3239.8,3251.5,42504175,3576.6,2926.4,4322.95,2866.6,3248.2,7,1,3248.1,20,2,3248.0,6,3,3247.8,18,2,3247.7,16,2,3248.4,22,7,3248.8,59,2,3248.9,40,3,3249.0,326,2,3249.1,178,3
11536,2025-12-30 11:49:44+05:30,3249.0,2,3249.36,706998,105742.0,120842.0,3250.0,3257.0,3239.8,3251.5,42504175,3576.6,2926.4,4322.95,2866.6,3248.2,19,2,3248.1,20,2,3248.0,6,3,3247.8,195,4,3247.7,62,4,3248.9,69,5,3249.0,44,2,3249.1,198,3,3249.2,20,2,3249.3,350,2
11536,2025-12-30 11:49:44+05:30,3249.0,2,3249.36,706998,105742.0,120842.0,3250.0,3257.0,3239.8,3251.5,42504175,3576.6,2926.4,4322.95,2866.6,3248.2,19,2,3248.1,20,2,3248.0,6,3,3247.8,195,4,3247.7,62,4,3248.9,69,5,3249.0,44,2,3249.1,198,3,3249.2,20,2,3249.3,350,2
11536,2025-12-30 11:49:45+05:30,3248.8,1,3249.36,707000,105706.0,120952.0,3250.0,3257.0,3239.8,3251.5,42504175,3576.6,2926.4,4322.95,2866.6,3248.2,7,1,3248.1,32,3,3248.0,6,3,3247.8,195,4,3247.7,16,2,3248.8,27,2,3248.9,55,5,3249.0,244,5,3249.1,15,1,3249.2,370,4
11536,2025-12-30 11:49:45+05:30,3248.8,1,3249.36,707000,105706.0,120952.0,3250.0,3257.0,3239.8,3251.5,42504175,3576.6,2926.4,4322.95,2866.6,3248.2,7,1,3248.1,32,3,3248.0,6,3,3247.8,195,4,3247.7,16,2,3248.8,27,2,3248.9,55,5,3249.0,244,5,3249.1,15,1,3249.2,370,4
11536,2025-12-30 11:49:46+05:30,3248.1,3,3249.36,707078,105253.0,122094.0,3250.0,3257.0,3239.8,3251.5,42504175,3576.6,2926.4,4322.95,2866.6,3248.1,29,3,3248.0,6,3,3247.8,18,2,3247.7,35,3,3247.6,51,3,3248.2,30,2,3248.8,28,3,3248.9,46,3,3249.0,185,2,3249.2,370,4
11536,2025-12-30 11:49:46+05:30,3248.2,1,3249.36,707078,105253.0,122094.0,3250.0,3257.0,3239.8,3251.5,42504175,3576.6,2926.4,4322.95,2866.6,3248.1,29,3,3248.0,6,3,3247.8,18,2,3247.7,35,3,3247.6,51,3,3248.2,30,2,3248.8,28,3,3248.9,46,3,3249.0,185,2,3249.2,370,4
11536,2025-12-30 11:49:47+05:30,3248.1,1,3249.36,707292,105177.0,122097.0,3250.0,3257.0,3239.8,3251.5,42504175,3576.6,2926.4,4322.95,2866.6,3248.1,22,3,3248.0,6,3,3247.8,18,2,3247.7,16,2,3247.6,4,1,3248.2,33,5,3248.7,26,1,3248.8,32,2,3248.9,61,1,3249.0,185,2
11536,2025-12-30 11:49:47+05:30,3248.1,1,3249.36,707292,105177.0,122097.0,3250.0,3257.0,3239.8,3251.5,42504175,3576.6,2926.4,4322.95,2866.6,3248.1,22,3,3248.0,6,3,3247.8,18,2,3247.7,16,2,3247.6,4,1,3248.2,33,5,3248.7,26,1,3248.8,32,2,3248.9,61,1,3249.0,185,2
11536,2025-12-30 11:49:48+05:30,3248.0,1,3249.36,707292,105177.0,122097.0,3250.0,3257.0,3239.8,3251.5,42504175,3576.6,2926.4,4322.95,2866.6,3248.1,22,3,3248.0,6,3,3247.8,18,2,3247.7,16,2,3247.6,4,1,3248.2,33,5,3248.7,26,1,3248.8,32,2,3248.9,61,1,3249.0,185,2
11536,2025-12-30 11:49:48+05:30,3248.0,1,3249.36,707429,105269.0,121691.0,3250.0,3257.0,3239.8,3251.5,42504175,3576.6,2926.4,4322.95,2866.6,3248.0,5,2,3247.8,18,2,3247.7,16,2,3247.6,4,1,3247.5,7,1,3248.1,36,5,3248.2,14,4,3248.5,26,1,3248.6,31,1,3248.9,61,1
11536,2025-12-30 11:49:49+05:30,3248.0,4,3249.36,707429,105269.0,121691.0,3250.0,3257.0,3239.8,3251.5,42504175,3576.6,2926.4,4322.95,2866.6,3248.0,5,2,3247.8,18,2,3247.7,16,2,3247.6,4,1,3247.5,7,1,3248.1,36,5,3248.2,14,4,3248.5,26,1,3248.6,31,1,3248.9,61,1
11536,2025-12-30 11:49:49+05:30,3247.8,1,3249.36,707466,104861.0,121661.0,3250.0,3257.0,3239.8,3251.5,42504175,3576.6,2926.4,4322.95,2866.6,3247.8,17,2,3247.7,16,2,3247.6,4,1,3247.5,7,1,3247.4,22,1,3248.0,3,1,3248.1,17,6,3248.2,4,1,3248.6,31,1,3248.8,26,1
11536,2025-12-30 11:49:50+05:30,3247.7,1,3249.36,707466,104861.0,121661.0,3250.0,3257.0,3239.8,3251.5,42504175,3576.6,2926.4,4322.95,2866.6,3247.8,17,2,3247.7,16,2,3247.6,4,1,3247.5,7,1,3247.4,22,1,3248.0,3,1,3248.1,17,6,3248.2,4,1,3248.6,31,1,3248.8,26,1
11536,2025-12-30 11:49:50+05:30,3247.7,1,3249.36,707589,104499.0,121711.0,3250.0,3257.0,3239.8,3251.5,42504175,3576.6,2926.4,4322.95,2866.6,3247.7,15,2,3247.6,4,1,3247.5,7,1,3247.4,13,1,3247.3,15,1,3247.8,17,4,3248.0,5,3,3248.1,4,2,3248.4,26,1,3248.5,31,1
11536,2025-12-30 11:49:51+05:30,3247.7,13,3249.36,707589,104499.0,121711.0,3250.0,3257.0,3239.8,3251.5,42504175,3576.6,2926.4,4322.95,2866.6,3247.7,15,2,3247.6,4,1,3247.5,7,1,3247.4,13,1,3247.3,15,1,3247.8,17,4,3248.0,5,3,3248.1,4,2,3248.4,26,1,3248.5,31,1
11536,2025-12-30 11:49:51+05:30,3247.7,13,3249.36,707697,103194.0,121664.0,3250.0,3257.0,3239.8,3251.5,42504175,3576.6,2926.4,4322.95,2866.6,3247.7,24,2,3247.6,14,2,3247.5,7,1,3247.4,48,3,3247.3,22,1,3247.8,21,7,3248.0,2,2,3248.5,31,1,3248.8,26,1,3248.9,61,1
11536,2025-12-30 11:49:52+05:30,3247.7,3,3249.36,707697,103194.0,121664.0,3250.0,3257.0,3239.8,3251.5,42504175,3576.6,2926.4,4322.95,2866.6,3247.7,24,2,3247.6,14,2,3247.5,7,1,3247.4,48,3,3247.3,22,1,3247.8,21,7,3248.0,2,2,3248.5,31,1,3248.8,26,1,3248.9,61,1
11536,2025-12-30 11:49:52+05:30,3247.7,3,3249.36,707748,104457.0,121649.0,3250.0,3257.0,3239.8,3251.5,42504175,3576.6,2926.4,4322.95,2866.6,3247.6,17,3,3247.5,7,1,3247.4,48,3,3247.3,22,1,3247.2,100,6,3247.8,15,9,3248.0,1,1,3248.5,31,1,3248.8,26,1,3248.9,61,1
11536,2025-12-30 11:49:53+05:30,3247.6,12,3249.36,707748,104457.0,121649.0,3250.0,3257.0,3239.8,3251.5,42504175,3576.6,2926.4,4322.95,2866.6,3247.6,17,3,3247.5,7,1,3247.4,48,3,3247.3,22,1,3247.2,100,6,3247.8,15,9,3248.0,1,1,3248.5,31,1,3248.8,26,1,3248.9,61,1
11536,2025-12-30 11:49:53+05:30,3247.6,12,3249.36,707779,104696.0,121626.0,3250.0,3257.0,3239.8,3251.5,42504175,3576.6,2926.4,4322.95,2866.6,3247.6,29,3,3247.5,7,1,3247.4,48,3,3247.3,22,1,3247.2,100,6,3247.8,14,10,3248.5,31,1,3248.8,26,1,3248.9,61,1,3249.0,185,2
11536,2025-12-30 11:49:54+05:30,3247.6,4,3249.36,707779,104696.0,121626.0,3250.0,3257.0,3239.8,3251.5,42504175,3576.6,2926.4,4322.95,2866.6,3247.6,29,3,3247.5,7,1,3247.4,48,3,3247.3,22,1,3247.2,100,6,3247.8,14,10,3248.5,31,1,3248.8,26,1,3248.9,61,1,3249.0,185,2
11536,2025-12-30 11:49:54+05:30,3247.6,4,3249.36,707828,104751.0,121614.0,3250.0,3257.0,3239.8,3251.5,42504175,3576.6,2926.4,4322.95,2866.6,3247.6,66,4,3247.5,7,1,3247.4,32,3,3247.2,94,5,3247.1,167,7,3247.8,12,10,3248.5,31,1,3248.8,26,1,3248.9,61,1,3249.0,175,1
11536,2025-12-30 11:49:55+05:30,3247.8,1,3249.36,707828,104751.0,121614.0,3250.0,3257.0,3239.8,3251.5,42504175,3576.6,2926.4,4322.95,2866.6,3247.6,66,4,3247.5,7,1,3247.4,32,3,3247.2,94,5,3247.1,167,7,3247.8,12,10,3248.5,31,1,3248.8,26,1,3248.9,61,1,3249.0,175,1
11536,2025-12-30 11:49:55+05:30,3247.8,1,3249.36,707882,104460.0,120936.0,3250.0,3257.0,3239.8,3251.5,42504175,3576.6,2926.4,4322.95,2866.6,3247.6,92,5,3247.5,20,2,3247.4,51,4,3247.2,179,8,3247.1,152,7,3247.8,8,6,3248.5,31,1,3248.8,26,1,3249.1,190,2,3249.2,197,4
11536,2025-12-30 11:49:56+05:30,3247.8,1,3249.36,707882,104460.0,120936.0,3250.0,3257.0,3239.8,3251.5,42504175,3576.6,2926.4,4322.95,2866.6,3247.6,92,5,3247.5,20,2,3247.4,51,4,3247.2,179,8,3247.1,152,7,3247.8,8,6,3248.5,31,1,3248.8,26,1,3249.1,190,2,3249.2,197,4
11536,2025-12-30 11:49:56+05:30,3247.8,1,3249.36,707890,103419.0,121116.0,3250.0,3257.0,3239.8,3251.5,42504175,3576.6,2926.4,4322.95,2866.6,3247.7,30,1,3247.6,66,6,3247.5,46,3,3247.4,51,4,3247.3,143,4,3247.8,9,8,3249.1,247,4,3249.2,35,3,3249.3,350,2,3249.4,60,4
11536,2025-12-30 11:49:56+05:30,3247.8,1,3249.36,707890,103419.0,121116.0,3250.0,3257.0,3239.8,3251.5,42504175,3576.6,2926.4,4322.95,2866.6,3247.7,30,1,3247.6,66,6,3247.5,46,3,3247.4,51,4,3247.3,143,4,3247.8,9,8,3249.1,247,4,3249.2,35,3,3249.3,350,2,3249.4,60,4
11536,2025-12-30 11:49:57+05:30,3247.7,78,3249.36,707890,103419.0,121116.0,3250.0,3257.0,3239.8,3251.5,42504175,3576.6,2926.4,4322.95,2866.6,3247.7,30,1,3247.6,66,6,3247.5,46,3,3247.4,51,4,3247.3,143,4,3247.8,9,8,3249.1,247,4,3249.2,35,3,3249.3,350,2,3249.4,60,4
11536,2025-12-30 11:49:57+05:30,3247.8,1,3249.36,707988,104764.0,121199.0,3250.0,3257.0,3239.8,3251.5,42504175,3576.6,2926.4,4322.95,2866.6,3247.7,28,1,3247.6,47,3,3247.5,7,1,3247.4,13,1,3247.3,66,2,3247.8,51,10,3248.4,26,1,3248.5,31,1,3249.0,61,1,3249.1,190,2
11536,2025-12-30 11:49:57+05:30,3247.8,1,3249.36,707988,104764.0,121199.0,3250.0,3257.0,3239.8,3251.5,42504175,3576.6,2926.4,4322.95,2866.6,3247.7,28,1,3247.6,47,3,3247.5,7,1,3247.4,13,1,3247.3,66,2,3247.8,51,10,3248.4,26,1,3248.5,31,1,3249.0,61,1,3249.1,190,2
11536,2025-12-30 11:49:58+05:30,3247.7,1,3249.36,707988,104764.0,121199.0,3250.0,3257.0,3239.8,3251.5,42504175,3576.6,2926.4,4322.95,2866.6,3247.7,28,1,3247.6,47,3,3247.5,7,1,3247.4,13,1,3247.3,66,2,3247.8,51,10,3248.4,26,1,3248.5,31,1,3249.0,61,1,3249.1,190,2
11536,2025-12-30 11:49:58+05:30,3247.7,1,3249.36,708000,104680.0,121297.0,3250.0,3257.0,3239.8,3251.5,42504175,3576.6,2926.4,4322.95,2866.6,3247.7,16,1,3247.6,47,3,3247.5,7,1,3247.4,13,1,3247.3,66,2,3247.8,51,10,3248.4,26,1,3248.5,31,1,3249.0,61,1,3249.1,190,2
11536,2025-12-30 11:49:59+05:30,3247.7,1,3249.36,708000,104680.0,121297.0,3250.0,3257.0,3239.8,3251.5,42504175,3576.6,2926.4,4322.95,2866.6,3247.7,16,1,3247.6,47,3,3247.5,7,1,3247.4,13,1,3247.3,66,2,3247.8,51,10,3248.4,26,1,3248.5,31,1,3249.0,61,1,3249.1,190,2
11536,2025-12-30 11:49:59+05:30,3247.8,1,3249.36,708000,104680.0,121297.0,3250.0,3257.0,3239.8,3251.5,42504175,3576.6,2926.4,4322.95,2866.6,3247.7,16,1,3247.6,47,3,3247.5,7,1,3247.4,13,1,3247.3,66,2,3247.8,51,10,3248.4,26,1,3248.5,31,1,3249.0,61,1,3249.1,190,2
11536,2025-12-30 11:49:59+05:30,3247.8,1,3249.36,708029,104730.0,121054.0,3250.0,3257.0,3239.8,3251.5,42504175,3576.6,2926.4,4322.95,2866.6,3247.7,67,3,3247.6,39,2,3247.5,26,2,3247.4,41,3,3247.3,15,1,3247.8,49,10,3248.4,26,1,3248.5,31,1,3249.0,175,1,3249.1,190,2
11536,2025-12-30 11:50:00+05:30,3247.8,1,3249.36,708029,104730.0,121054.0,3250.0,3257.0,3239.8,3251.5,42504175,3576.6,2926.4,4322.95,2866.6,3247.7,67,3,3247.6,39,2,3247.5,26,2,3247.4,41,3,3247.3,15,1,3247.8,49,10,3248.4,26,1,3248.5,31,1,3249.0,175,1,3249.1,190,2
11536,2025-12-30 11:50:00+05:30,3247.7,15,3249.36,708029,104730.0,121054.0,3250.0,3257.0,3239.8,3251.5,42504175,3576.6,2926.4,4322.95,2866.6,3247.7,67,3,3247.6,39,2,3247.5,26,2,3247.4,41,3,3247.3,15,1,3247.8,49,10,3248.4,26,1,3248.5,31,1,3249.0,175,1,3249.1,190,2
11536,2025-12-30 11:50:00+05:30,3247.7,15,3249.36,708048,104712.0,121633.0,3250.0,3257.0,3239.8,3251.5,42504175,3576.6,2926.4,4322.95,2866.6,3247.7,50,3,3247.6,49,3,3247.5,7,1,3247.4,41,3,3247.3,40,2,3247.8,48,10,3248.4,26,1,3248.5,31,1,3249.0,175,1,3249.1,43,2
11536,2025-12-30 11:50:01+05:30,3247.7,15,3249.36,708048,104712.0,121633.0,3250.0,3257.0,3239.8,3251.5,42504175,3576.6,2926.4,4322.95,2866.6,3247.7,50,3,3247.6,49,3,3247.5,7,1,3247.4,41,3,3247.3,40,2,3247.8,48,10,3248.4,26,1,3248.5,31,1,3249.0,175,1,3249.1,43,2
11536,2025-12-30 11:50:01+05:30,3247.8,2,3249.36,708048,104712.0,121633.0,3250.0,3257.0,3239.8,3251.5,42504175,3576.6,2926.4,4322.95,2866.6,3247.7,50,3,3247.6,49,3,3247.5,7,1,3247.4,41,3,3247.3,40,2,3247.8,48,10,3248.4,26,1,3248.5,31,1,3249.0,175,1,3249.1,43,2
11536,2025-12-30 11:50:01+05:30,3247.7,7,3249.36,708061,104651.0,121654.0,3250.0,3257.0,3239.8,3251.5,42504175,3576.6,2926.4,4322.95,2866.6,3247.7,39,3,3247.6,49,3,3247.5,7,1,3247.4,41,3,3247.3,40,2,3247.8,44,8,3248.4,26,1,3248.5,31,1,3249.0,175,1,3249.1,43,2
11536,2025-12-30 11:50:01+05:30,3247.7,7,3249.36,708061,104651.0,121654.0,3250.0,3257.0,3239.8,3251.5,42504175,3576.6,2926.4,4322.95,2866.6,3247.7,39,3,3247.6,49,3,3247.5,7,1,3247.4,41,3,3247.3,40,2,3247.8,44,8,3248.4,26,1,3248.5,31,1,3249.0,175,1,3249.1,43,2
11536,2025-12-30 11:50:02+05:30,3247.7,1,3249.36,708061,104651.0,121654.0,3250.0,3257.0,3239.8,3251.5,42504175,3576.6,2926.4,4322.95,2866.6,3247.7,39,3,3247.6,49,3,3247.5,7,1,3247.4,41,3,3247.3,40,2,3247.8,44,8,3248.4,26,1,3248.5,31,1,3249.0,175,1,3249.1,43,2
11536,2025-12-30 11:50:02+05:30,3247.7,3,3249.36,708066,103275.0,121674.0,3250.0,3257.0,3239.8,3251.5,42504175,3576.6,2926.4,4322.95,2866.6,3247.7,34,2,3247.6,49,3,3247.5,7,1,3247.4,35,2,3247.3,42,3,3247.8,57,8,3248.4,26,1,3248.5,31,1,3249.0,175,1,3249.1,43,2
11536,2025-12-30 11:50:02+05:30,3247.7,3,3249.36,708066,103275.0,121674.0,3250.0,3257.0,3239.8,3251.5,42504175,3576.6,2926.4,4322.95,2866.6,3247.7,34,2,3247.6,49,3,3247.5,7,1,3247.4,35,2,3247.3,42,3,3247.8,57,8,3248.4,26,1,3248.5,31,1,3249.0,175,1,3249.1,43,2
11536,2025-12-30 11:50:03+05:30,3247.7,1,3249.36,708066,103275.0,121674.0,3250.0,3257.0,3239.8,3251.5,42504175,3576.6,2926.4,4322.95,2866.6,3247.7,34,2,3247.6,49,3,3247.5,7,1,3247.4,35,2,3247.3,42,3,3247.8,57,8,3248.4,26,1,3248.5,31,1,3249.0,175,1,3249.1,43,2
11536,2025-12-30 11:50:03+05:30,3247.7,1,3249.36,708073,104710.0,121676.0,3250.0,3257.0,3239.8,3251.5,42504175,3576.6,2926.4,4322.95,2866.6,3247.7,27,2,3247.6,49,3,3247.5,7,1,3247.4,35,2,3247.3,42,3,3247.8,59,10,3248.4,26,1,3248.5,31,1,3249.0,175,1,3249.1,43,2
11536,2025-12-30 11:50:03+05:30,3247.7,1,3249.36,708073,104710.0,121676.0,3250.0,3257.0,3239.8,3251.5,42504175,3576.6,2926.4,4322.95,2866.6,3247.7,27,2,3247.6,49,3,3247.5,7,1,3247.4,35,2,3247.3,42,3,3247.8,59,10,3248.4,26,1,3248.5,31,1,3249.0,175,1,3249.1,43,2
11536,2025-12-30 11:50:04+05:30,3247.7,1,3249.36,708073,104710.0,121676.0,3250.0,3257.0,3239.8,3251.5,42504175,3576.6,2926.4,4322.95,2866.6,3247.7,27,2,3247.6,49,3,3247.5,7,1,3247.4,35,2,3247.3,42,3,3247.8,59,10,3248.4,26,1,3248.5,31,1,3249.0,175,1,3249.1,43,2
11536,2025-12-30 11:50:04+05:30,3247.8,1,3249.36,708073,104710.0,121676.0,3250.0,3257.0,3239.8,3251.5,42504175,3576.6,2926.4,4322.95,2866.6,3247.7,27,2,3247.6,49,3,3247.5,7,1,3247.4,35,2,3247.3,42,3,3247.8,59,10,3248.4,26,1,3248.5,31,1,3249.0,175,1,3249.1,43,2
11536,2025-12-30 11:50:04+05:30,3247.8,1,3249.36,708087,104711.0,121668.0,3250.0,3257.0,3239.8,3251.5,42504175,3576.6,2926.4,4322.95,2866.6,3247.7,21,2,3247.6,49,3,3247.5,7,1,3247.4,13,1,3247.3,17,2,3247.8,51,9,3248.4,26,1,3248.5,31,1,3249.0,175,1,3249.1,43,2
11536,2025-12-30 11:50:04+05:30,3247.8,1,3249.36,708087,104711.0,121668.0,3250.0,3257.0,3239.8,3251.5,42504175,3576.6,2926.4,4322.95,2866.6,3247.7,21,2,3247.6,49,3,3247.5,7,1,3247.4,13,1,3247.3,17,2,3247.8,51,9,3248.4,26,1,3248.5,31,1,3249.0,175,1,3249.1,43,2
11536,2025-12-30 11:50:05+05:30,3247.8,1,3249.36,708087,104711.0,121668.0,3250.0,3257.0,3239.8,3251.5,42504175,3576.6,2926.4,4322.95,2866.6,3247.7,21,2,3247.6,49,3,3247.5,7,1,3247.4,13,1,3247.3,17,2,3247.8,51,9,3248.4,26,1,3248.5,31,1,3249.0,175,1,3249.1,43,2
11536,2025-12-30 11:50:05+05:30,3247.8,1,3249.36,708123,104696.0,121632.0,3250.0,3257.0,3239.8,3251.5,42504175,3576.6,2926.4,4322.95,2866.6,3247.7,16,2,3247.6,49,3,3247.5,7,1,3247.4,13,1,3247.3,17,2,3247.8,22,10,3248.4,26,1,3248.5,31,1,3249.0,175,1,3249.1,43,2
11536,2025-12-30 11:50:05+05:30,3247.8,1,3249.36,708123,104696.0,121632.0,3250.0,3257.0,3239.8,3251.5,42504175,3576.6,2926.4,4322.95,2866.6,3247.7,16,2,3247.6,49,3,3247.5,7,1,3247.4,13,1,3247.3,17,2,3247.8,22,10,3248.4,26,1,3248.5,31,1,3249.0,175,1,3249.1,43,2
11536,2025-12-30 11:50:06+05:30,3247.7,1,3249.36,708123,104696.0,121632.0,3250.0,3257.0,3239.8,3251.5,42504175,3576.6,2926.4,4322.95,2866.6,3247.7,16,2,3247.6,49,3,3247.5,7,1,3247.4,13,1,3247.3,17,2,3247.8,22,10,3248.4,26,1,3248.5,31,1,3249.0,175,1,3249.1,43,2
11536,2025-12-30 11:50:06+05:30,3247.7,1,3249.36,708128,104947.0,121663.0,3250.0,3257.0,3239.8,3251.5,42504175,3576.6,2926.4,4322.95,2866.6,3247.7,69,4,3247.6,39,2,3247.5,7,1,3247.4,13,1,3247.3,17,2,3247.8,21,9,3248.5,31,1,3248.8,25,1,3248.9,61,1,3249.0,175,1
11536,2025-12-30 11:50:06+05:30,3247.7,1,3249.36,708128,104947.0,121663.0,3250.0,3257.0,3239.8,3251.5,42504175,3576.6,2926.4,4322.95,2866.6,3247.7,69,4,3247.6,39,2,3247.5,7,1,3247.4,13,1,3247.3,17,2,3247.8,21,9,3248.5,31,1,3248.8,25,1,3248.9,61,1,3249.0,175,1
11536,2025-12-30 11:50:07+05:30,3247.7,9,3249.36,708128,104947.0,121663.0,3250.0,3257.0,3239.8,3251.5,42504175,3576.6,2926.4,4322.95,2866.6,3247.7,69,4,3247.6,39,2,3247.5,7,1,3247.4,13,1,3247.3,17,2,3247.8,21,9,3248.5,31,1,3248.8,25,1,3248.9,61,1,3249.0,175,1
11536,2025-12-30 11:50:07+05:30,3247.7,1,3249.36,708220,105036.0,121671.0,3250.0,3257.0,3239.8,3251.5,42504175,3576.6,2926.4,4322.95,2866.6,3247.7,68,3,3247.6,39,2,3247.5,26,2,3247.4,34,2,3247.3,59,3,3247.8,21,7,3248.4,25,1,3248.5,31,1,3248.9,61,1,3249.0,175,1
11536,2025-12-30 11:50:08+05:30,3247.7,5,3249.36,708220,105036.0,121671.0,3250.0,3257.0,3239.8,3251.5,42504175,3576.6,2926.4,4322.95,2866.6,3247.7,68,3,3247.6,39,2,3247.5,26,2,3247.4,34,2,3247.3,59,3,3247.8,21,7,3248.4,25,1,3248.5,31,1,3248.9,61,1,3249.0,175,1
11536,2025-12-30 11:50:08+05:30,3247.7,5,3249.36,708220,105036.0,121671.0,3250.0,3257.0,3239.8,3251.5,42504175,3576.6,2926.4,4322.95,2866.6,3247.7,68,3,3247.6,39,2,3247.5,26,2,3247.4,34,2,3247.3,59,3,3247.8,21,7,3248.4,25,1,3248.5,31,1,3248.9,61,1,3249.0,175,1
11536,2025-12-30 11:50:08+05:30,3247.7,5,3249.36,708227,105010.0,121667.0,3250.0,3257.0,3239.8,3251.5,42504175,3576.6,2926.4,4322.95,2866.6,3247.7,53,2,3247.6,49,3,3247.5,7,1,3247.4,13,1,3247.3,78,4,3247.8,21,7,3248.4,25,1,3248.5,31,1,3248.8,175,1,3248.9,61,1
11536,2025-12-30 11:50:09+05:30,3247.8,2,3249.36,708227,105010.0,121667.0,3250.0,3257.0,3239.8,3251.5,42504175,3576.6,2926.4,4322.95,2866.6,3247.7,53,2,3247.6,49,3,3247.5,7,1,3247.4,13,1,3247.3,78,4,3247.8,21,7,3248.4,25,1,3248.5,31,1,3248.8,175,1,3248.9,61,1
11536,2025-12-30 11:50:09+05:30,3247.8,2,3249.36,708283,104971.0,121580.0,3250.0,3257.0,3239.8,3251.5,42504175,3576.6,2926.4,4322.95,2866.6,3247.7,36,2,3247.6,39,2,3247.5,18,2,3247.3,63,3,3247.2,74,5,3247.8,2,1,3248.4,25,1,3248.5,31,1,3248.8,190,2,3248.9,20,1
11536,2025-12-30 11:50:09+05:30,3247.8,2,3249.36,708283,104971.0,121580.0,3250.0,3257.0,3239.8,3251.5,42504175,3576.6,2926.4,4322.95,2866.6,3247.7,36,2,3247.6,39,2,3247.5,18,2,3247.3,63,3,3247.2,74,5,3247.8,2,1,3248.4,25,1,3248.5,31,1,3248.8,190,2,3248.9,20,1
11536,2025-12-30 11:50:10+05:30,3248.5,12,3249.36,708283,104971.0,121580.0,3250.0,3257.0,3239.8,3251.5,42504175,3576.6,2926.4,4322.95,2866.6,3247.7,36,2,3247.6,39,2,3247.5,18,2,3247.3,63,3,3247.2,74,5,3247.8,2,1,3248.4,25,1,3248.5,31,1,3248.8,190,2,3248.9,20,1
11536,2025-12-30 11:50:10+05:30,3248.5,12,3249.36,708434,105329.0,120155.0,3250.0,3257.0,3239.8,3251.5,42504175,3576.6,2926.4,4322.95,2866.6,3247.7,32,2,3247.6,60,3,3247.5,7,1,3247.4,21,1,3247.3,242,5,3248.7,40,2,3248.8,217,3,3249.0,383,4,3249.2,31,3,3249.4,71,4
11536,2025-12-30 11:50:11+05:30,3248.5,12,3249.36,708434,104450.0,121196.0,3250.0,3257.0,3239.8,3251.5,42504175,3576.6,2926.4,4322.95,2866.6,3247.7,32,2,3247.6,60,3,3247.5,7,1,3247.4,21,1,3247.3,2,1,3248.5,39,3,3248.6,58,3,3248.7,340,6,3248.8,213,3,3249.0,393,5
11536,2025-12-30 11:50:11+05:30,3248.5,12,3249.36,708434,104450.0,121196.0,3250.0,3257.0,3239.8,3251.5,42504175,3576.6,2926.4,4322.95,2866.6,3247.7,32,2,3247.6,60,3,3247.5,7,1,3247.4,21,1,3247.3,2,1,3248.5,39,3,3248.6,58,3,3248.7,340,6,3248.8,213,3,3249.0,393,5
11536,2025-12-30 11:50:12+05:30,3247.7,1,3249.36,708434,104450.0,121196.0,3250.0,3257.0,3239.8,3251.5,42504175,3576.6,2926.4,4322.95,2866.6,3247.7,32,2,3247.6,60,3,3247.5,7,1,3247.4,21,1,3247.3,2,1,3248.5,39,3,3248.6,58,3,3248.7,340,6,3248.8,213,3,3249.0,393,5
11536,2025-12-30 11:50:12+05:30,3247.7,1,3249.36,708435,104476.0,120989.0,3250.0,3257.0,3239.8,3251.5,42504175,3576.6,2926.4,4322.95,2866.6,3247.7,31,2,3247.6,77,4,3247.5,7,1,3247.4,21,1,3247.3,2,1,3248.5,24,1,3248.6,42,2,3248.7,58,5,3248.8,213,3,3248.9,21,1
11536,2025-12-30 11:50:12+05:30,3247.7,1,3249.36,708435,104476.0,120989.0,3250.0,3257.0,3239.8,3251.5,42504175,3576.6,2926.4,4322.95,2866.6,3247.7,31,2,3247.6,77,4,3247.5,7,1,3247.4,21,1,3247.3,2,1,3248.5,24,1,3248.6,42,2,3248.7,58,5,3248.8,213,3,3248.9,21,1
11536,2025-12-30 11:50:13+05:30,3247.7,1,3249.36,708435,104476.0,120989.0,3250.0,3257.0,3239.8,3251.5,42504175,3576.6,2926.4,4322.95,2866.6,3247.7,31,2,3247.6,77,4,3247.5,7,1,3247.4,21,1,3247.3,2,1,3248.5,24,1,3248.6,42,2,3248.7,58,5,3248.8,213,3,3248.9,21,1
11536,2025-12-30 11:50:13+05:30,3247.7,1,3249.36,708495,104484.0,121273.0,3250.0,3257.0,3239.8,3251.5,42504175,3576.6,2926.4,4322.95,2866.6,3247.7,9,1,3247.6,77,4,3247.5,7,1,3247.4,21,1,3247.3,2,1,3248.5,15,4,3248.6,29,1,3248.7,68,5,3248.8,477,3,3248.9,21,1
11536,2025-12-30 11:50:14+05:30,3247.6,1,3249.36,708495,104484.0,121273.0,3250.0,3257.0,3239.8,3251.5,42504175,3576.6,2926.4,4322.95,2866.6,3247.7,9,1,3247.6,77,4,3247.5,7,1,3247.4,21,1,3247.3,2,1,3248.5,15,4,3248.6,29,1,3248.7,68,5,3248.8,477,3,3248.9,21,1
11536,2025-12-30 11:50:14+05:30,3247.6,1,3249.36,708495,104484.0,121273.0,3250.0,3257.0,3239.8,3251.5,42557725,3576.6,2926.4,4322.95,2866.6,3247.7,9,1,3247.6,77,4,3247.5,7,1,3247.4,21,1,3247.3,2,1,3248.5,15,4,3248.6,29,1,3248.7,68,5,3248.8,477,3,3248.9,21,1
11536,2025-12-30 11:50:14+05:30,3247.6,1,3249.36,708519,104484.0,121294.0,3250.0,3257.0,3239.8,3251.5,42557725,3576.6,2926.4,4322.95,2866.6,3247.7,17,1,3247.6,52,3,3247.5,7,1,3247.4,21,1,3247.3,2,1,3248.5,18,7,3248.6,39,2,3248.7,65,4,3248.8,477,3,3248.9,21,1
11536,2025-12-30 11:50:15+05:30,3248.4,1,3249.36,708519,104484.0,121294.0,3250.0,3257.0,3239.8,3251.5,42557725,3576.6,2926.4,4322.95,2866.6,3247.7,17,1,3247.6,52,3,3247.5,7,1,3247.4,21,1,3247.3,2,1,3248.5,18,7,3248.6,39,2,3248.7,65,4,3248.8,477,3,3248.9,21,1
11536,2025-12-30 11:50:15+05:30,3247.7,7,3249.36,708552,104454.0,121370.0,3250.0,3257.0,3239.8,3251.5,42557725,3576.6,2926.4,4322.95,2866.6,3247.7,3,1,3247.6,52,3,3247.5,7,1,3247.4,21,1,3247.3,2,1,3248.4,26,4,3248.5,31,3,3248.6,292,2,3248.7,65,4,3248.8,195,2
11536,2025-12-30 11:50:16+05:30,3248.4,1,3249.36,708552,104454.0,121370.0,3250.0,3257.0,3239.8,3251.5,42557725,3576.6,2926.4,4322.95,2866.6,3247.7,3,1,3247.6,52,3,3247.5,7,1,3247.4,21,1,3247.3,2,1,3248.4,26,4,3248.5,31,3,3248.6,292,2,3248.7,65,4,3248.8,195,2
11536,2025-12-30 11:50:16+05:30,3248.4,1,3249.36,708552,104454.0,121370.0,3250.0,3257.0,3239.8,3251.5,42557725,3576.6,2926.4,4322.95,2866.6,3247.7,3,1,3247.6,52,3,3247.5,7,1,3247.4,21,1,3247.3,2,1,3248.4,26,4,3248.5,31,3,3248.6,292,2,3248.7,65,4,3248.8,195,2
11536,2025-12-30 11:50:16+05:30,3247.7,2,3249.36,708559,104485.0,121072.0,3250.0,3257.0,3239.8,3251.5,42557725,3576.6,2926.4,4322.95,2866.6,3247.7,16,2,3247.6,52,3,3247.5,7,1,3247.4,21,1,3247.3,2,1,3248.4,33,7,3248.5,29,1,3248.6,41,3,3248.7,50,3,3248.8,195,2
11536,2025-12-30 11:50:17+05:30,3247.7,2,3249.36,708559,104485.0,121072.0,3250.0,3257.0,3239.8,3251.5,42557725,3576.6,2926.4,4322.95,2866.6,3247.7,16,2,3247.6,52,3,3247.5,7,1,3247.4,21,1,3247.3,2,1,3248.4,33,7,3248.5,29,1,3248.6,41,3,3248.7,50,3,3248.8,195,2
11536,2025-12-30 11:50:17+05:30,3247.7,2,3249.36,708642,104302.0,121957.0,3250.0,3257.0,3239.8,3251.5,42557725,3576.6,2926.4,4322.95,2866.6,3247.7,12,2,3247.6,58,4,3247.5,7,1,3247.4,21,1,3247.3,2,1,3248.3,24,1,3248.4,54,11,3248.5,282,1,3248.6,41,3,3248.7,50,3
11536,2025-12-30 11:50:18+05:30,3247.7,3,3249.36,708642,104302.0,121957.0,3250.0,3257.0,3239.8,3251.5,42557725,3576.6,2926.4,4322.95,2866.6,3247.7,12,2,3247.6,58,4,3247.5,7,1,3247.4,21,1,3247.3,2,1,3248.3,24,1,3248.4,54,11,3248.5,282,1,3248.6,41,3,3248.7,50,3
11536,2025-12-30 11:50:18+05:30,3247.7,3,3249.36,708650,104779.0,121426.0,3250.0,3257.0,3239.8,3251.5,42557725,3576.6,2926.4,4322.95,2866.6,3248.0,4,1,3247.7,1,1,3247.6,58,4,3247.5,7,1,3247.4,21,1,3248.3,31,4,3248.4,38,7,3248.6,44,3,3248.7,50,3,3248.8,218,3
11536,2025-12-30 11:50:19+05:30,3248.0,2,3249.36,708650,104779.0,121426.0,3250.0,3257.0,3239.8,3251.5,42557725,3576.6,2926.4,4322.95,2866.6,3248.0,4,1,3247.7,1,1,3247.6,58,4,3247.5,7,1,3247.4,21,1,3248.3,31,4,3248.4,38,7,3248.6,44,3,3248.7,50,3,3248.8,218,3
11536,2025-12-30 11:50:19+05:30,3248.0,1,3249.36,708682,104656.0,121585.0,3250.0,3257.0,3239.8,3251.5,42557725,3576.6,2926.4,4322.95,2866.6,3248.0,14,1,3247.7,1,1,3247.6,58,4,3247.5,7,1,3247.4,21,1,3248.3,32,7,3248.4,32,3,3248.6,44,3,3248.7,50,3,3248.8,218,3
11536,2025-12-30 11:50:20+05:30,3248.0,12,3249.36,708682,104656.0,121585.0,3250.0,3257.0,3239.8,3251.5,42557725,3576.6,2926.4,4322.95,2866.6,3248.0,14,1,3247.7,1,1,3247.6,58,4,3247.5,7,1,3247.4,21,1,3248.3,32,7,3248.4,32,3,3248.6,44,3,3248.7,50,3,3248.8,218,3
11536,2025-12-30 11:50:20+05:30,3248.0,12,3249.36,708696,104467.0,121968.0,3250.0,3257.0,3239.8,3251.5,42557725,3576.6,2926.4,4322.95,2866.6,3247.7,1,1,3247.6,37,3,3247.5,7,1,3247.4,21,1,3247.3,2,1,3248.3,33,8,3248.4,29,1,3248.5,282,1,3248.6,31,2,3248.7,35,2
11536,2025-12-30 11:50:21+05:30,3247.7,1,3249.36,708696,104467.0,121968.0,3250.0,3257.0,3239.8,3251.5,42557725,3576.6,2926.4,4322.95,2866.6,3247.7,1,1,3247.6,37,3,3247.5,7,1,3247.4,21,1,3247.3,2,1,3248.3,33,8,3248.4,29,1,3248.5,282,1,3248.6,31,2,3248.7,35,2
11536,2025-12-30 11:50:21+05:30,3247.7,1,3249.36,708700,104511.0,122107.0,3250.0,3257.0,3239.8,3251.5,42557725,3576.6,2926.4,4322.95,2866.6,3247.7,50,2,3247.6,38,4,3247.5,7,1,3247.4,21,1,3247.3,2,1,3248.3,34,9,3248.4,29,1,3248.5,282,1,3248.6,31,2,3248.7,50,3
11536,2025-12-30 11:50:22+05:30,3247.7,1,3249.36,708700,104511.0,122107.0,3250.0,3257.0,3239.8,3251.5,42557725,3576.6,2926.4,4322.95,2866.6,3247.7,50,2,3247.6,38,4,3247.5,7,1,3247.4,21,1,3247.3,2,1,3248.3,34,9,3248.4,29,1,3248.5,282,1,3248.6,31,2,3248.7,50,3
11536,2025-12-30 11:50:22+05:30,3247.7,1,3249.36,708709,104502.0,122099.0,3250.0,3257.0,3239.8,3251.5,42557725,3576.6,2926.4,4322.95,2866.6,3247.7,41,2,3247.6,38,4,3247.5,7,1,3247.4,21,1,3247.3,2,1,3248.3,35,10,3248.4,29,1,3248.5,282,1,3248.6,31,2,3248.7,50,3
11536,2025-12-30 11:50:23+05:30,3248.3,1,3249.36,708709,104502.0,122099.0,3250.0,3257.0,3239.8,3251.5,42557725,3576.6,2926.4,4322.95,2866.6,3247.7,41,2,3247.6,38,4,3247.5,7,1,3247.4,21,1,3247.3,2,1,3248.3,35,10,3248.4,29,1,3248.5,282,1,3248.6,31,2,3248.7,50,3
11536,2025-12-30 11:50:23+05:30,3248.3,1,3249.36,708720,104440.0,122151.0,3250.0,3257.0,3239.8,3251.5,42557725,3576.6,2926.4,4322.95,2866.6,3247.7,31,2,3247.6,38,4,3247.5,7,1,3247.4,21,1,3247.3,2,1,3248.3,34,10,3248.4,311,2,3248.6,31,2,3248.7,49,3,3248.8,221,4
11536,2025-12-30 11:50:24+05:30,3248.3,7,3249.36,708720,104440.0,122151.0,3250.0,3257.0,3239.8,3251.5,42557725,3576.6,2926.4,4322.95,2866.6,3247.7,31,2,3247.6,38,4,3247.5,7,1,3247.4,21,1,3247.3,2,1,3248.3,34,10,3248.4,311,2,3248.6,31,2,3248.7,49,3,3248.8,221,4
11536,2025-12-30 11:50:24+05:30,3248.3,7,3249.36,708763,104462.0,121985.0,3250.0,3257.0,3239.8,3251.5,42557725,3576.6,2926.4,4322.95,2866.6,3247.7,25,2,3247.6,38,4,3247.5,7,1,3247.4,21,1,3247.3,2,1,3248.3,17,6,3248.4,311,2,3248.5,25,1,3248.6,31,2,3248.7,49,3
11536,2025-12-30 11:50:25+05:30,3248.3,1,3249.36,708763,104462.0,121985.0,3250.0,3257.0,3239.8,3251.5,42557725,3576.6,2926.4,4322.95,2866.6,3247.7,25,2,3247.6,38,4,3247.5,7,1,3247.4,21,1,3247.3,2,1,3248.3,17,6,3248.4,311,2,3248.5,25,1,3248.6,31,2,3248.7,49,3
11536,2025-12-30 11:50:25+05:30,3247.7,1,3249.36,708768,104330.0,121993.0,3250.0,3257.0,3239.8,3251.5,42557725,3576.6,2926.4,4322.95,2866.6,3247.7,21,2,3247.6,38,4,3247.5,61,2,3247.4,21,1,3247.3,2,1,3248.3,17,7,3248.4,311,2,3248.5,25,1,3248.6,31,2,3248.7,49,3
11536,2025-12-30 11:50:26+05:30,3247.7,1,3249.36,708768,104330.0,121993.0,3250.0,3257.0,3239.8,3251.5,42557725,3576.6,2926.4,4322.95,2866.6,3247.7,21,2,3247.6,38,4,3247.5,61,2,3247.4,21,1,3247.3,2,1,3248.3,17,7,3248.4,311,2,3248.5,25,1,3248.6,31,2,3248.7,49,3
11536,2025-12-30 11:50:26+05:30,3247.7,1,3249.36,708781,104324.0,121994.0,3250.0,3257.0,3239.8,3251.5,42557725,3576.6,2926.4,4322.95,2866.6,3247.7,8,2,3247.6,45,5,3247.5,61,2,3247.4,21,1,3247.3,2,1,3248.3,15,6,3248.4,54,2,3248.5,282,1,3248.6,31,2,3248.7,49,3
11536,2025-12-30 11:50:27+05:30,3247.6,6,3249.36,708781,104324.0,121994.0,3250.0,3257.0,3239.8,3251.5,42557725,3576.6,2926.4,4322.95,2866.6,3247.7,8,2,3247.6,45,5,3247.5,61,2,3247.4,21,1,3247.3,2,1,3248.3,15,6,3248.4,54,2,3248.5,282,1,3248.6,31,2,3248.7,49,3
11536,2025-12-30 11:50:27+05:30,3247.6,6,3249.36,708807,104298.0,121848.0,3250.0,3257.0,3239.8,3251.5,42557725,3576.6,2926.4,4322.95,2866.6,3247.6,37,5,3247.5,61,2,3247.3,36,2,3247.2,29,3,3247.1,117,6,3247.7,10,3,3248.3,9,4,3248.4,54,2,3248.6,298,2,3248.7,35,2
11536,2025-12-30 11:50:28+05:30,3247.6,4,3249.36,708807,104298.0,121848.0,3250.0,3257.0,3239.8,3251.5,42557725,3576.6,2926.4,4322.95,2866.6,3247.6,37,5,3247.5,61,2,3247.3,36,2,3247.2,29,3,3247.1,117,6,3247.7,10,3,3248.3,9,4,3248.4,54,2,3248.6,298,2,3248.7,35,2
11536,2025-12-30 11:50:28+05:30,3247.6,4,3249.36,708816,104288.0,121867.0,3250.0,3257.0,3239.8,3251.5,42557725,3576.6,2926.4,4322.95,2866.6,3247.6,28,5,3247.5,61,2,3247.3,2,1,3247.2,40,4,3247.1,92,5,3247.7,13,6,3248.3,7,2,3248.4,54,2,3248.6,316,3,3248.7,35,2
11536,2025-12-30 11:50:29+05:30,3247.7,1,3249.36,708816,104288.0,121867.0,3250.0,3257.0,3239.8,3251.5,42557725,3576.6,2926.4,4322.95,2866.6,3247.6,28,5,3247.5,61,2,3247.3,2,1,3247.2,40,4,3247.1,92,5,3247.7,13,6,3248.3,7,2,3248.4,54,2,3248.6,316,3,3248.7,35,2
11536,2025-12-30 11:50:29+05:30,3247.7,1,3249.36,708881,104187.0,121899.0,3250.0,3257.0,3239.8,3251.5,42557725,3576.6,2926.4,4322.95,2866.6,3247.6,18,4,3247.5,61,2,3247.3,2,1,3247.2,40,4,3247.1,36,3,3247.7,44,9,3248.3,26,2,3248.4,29,1,3248.6,316,3,3248.7,35,2
11536,2025-12-30 11:50:30+05:30,3247.6,1,3249.36,708881,104187.0,121899.0,3250.0,3257.0,3239.8,3251.5,42557725,3576.6,2926.4,4322.95,2866.6,3247.6,18,4,3247.5,61,2,3247.3,2,1,3247.2,40,4,3247.1,36,3,3247.7,44,9,3248.3,26,2,3248.4,29,1,3248.6,316,3,3248.7,35,2
11536,2025-12-30 11:50:30+05:30,3247.7,1,3249.36,708934,104059.0,121857.0,3250.0,3257.0,3239.8,3251.5,42557725,3576.6,2926.4,4322.95,2866.6,3247.6,5,3,3247.5,61,2,3247.3,2,1,3247.2,59,5,3247.1,46,3,3247.7,3,2,3248.3,25,1,3248.4,29,1,3248.6,316,3,3248.7,35,2
11536,2025-12-30 11:50:31+05:30,3247.7,1,3249.36,708934,104059.0,121857.0,3250.0,3257.0,3239.8,3251.5,42557725,3576.6,2926.4,4322.95,2866.6,3247.6,5,3,3247.5,61,2,3247.3,2,1,3247.2,59,5,3247.1,46,3,3247.7,3,2,3248.3,25,1,3248.4,29,1,3248.6,316,3,3248.7,35,2
11536,2025-12-30 11:50:31+05:30,3247.7,1,3249.36,708958,103759.0,122093.0,3250.0,3257.0,3239.8,3251.5,42557725,3576.6,2926.4,4322.95,2866.6,3247.6,10,3,3247.5,61,2,3247.3,2,1,3247.2,37,3,3247.1,22,2,3247.7,5,4,3248.1,13,1,3248.2,47,2,3248.4,44,2,3248.5,75,2
11536,2025-12-30 11:50:32+05:30,3247.7,1,3249.36,708958,103890.0,122095.0,3250.0,3257.0,3239.8,3251.5,42557725,3576.6,2926.4,4322.95,2866.6,3247.6,10,3,3247.5,61,2,3247.3,2,1,3247.2,46,4,3247.1,22,2,3247.7,7,6,3248.1,13,1,3248.2,47,2,3248.3,29,1,3248.4,15,1
11536,2025-12-30 11:50:33+05:30,3247.6,1,3249.36,708979,103876.0,122019.0,3250.0,3257.0,3239.8,3251.5,42557725,3576.6,2926.4,4322.95,2866.6,3247.6,13,3,3247.5,61,2,3247.3,2,1,3247.2,46,4,3247.1,22,2,3247.7,5,5,3248.2,47,2,3248.3,29,1,3248.4,15,1,3248.5,14,1
11536,2025-12-30 11:50:33+05:30,3247.6,1,3249.36,708979,103876.0,122019.0,3250.0,3257.0,3239.8,3251.5,42557725,3576.6,2926.4,4322.95,2866.6,3247.6,13,3,3247.5,61,2,3247.3,2,1,3247.2,46,4,3247.1,22,2,3247.7,5,5,3248.2,47,2,3248.3,29,1,3248.4,15,1,3248.5,14,1
11536,2025-12-30 11:50:34+05:30,3247.6,2,3249.36,708979,103876.0,122019.0,3250.0,3257.0,3239.8,3251.5,42557725,3576.6,2926.4,4322.95,2866.6,3247.6,13,3,3247.5,61,2,3247.3,2,1,3247.2,46,4,3247.1,22,2,3247.7,5,5,3248.2,47,2,3248.3,29,1,3248.4,15,1,3248.5,14,1
11536,2025-12-30 11:50:34+05:30,3247.6,2,3249.36,708990,102479.0,122631.0,3250.0,3257.0,3239.8,3251.5,42557725,3576.6,2926.4,4322.95,2866.6,3247.6,6,2,3247.5,63,3,3247.3,2,1,3247.2,46,4,3247.1,22,2,3247.7,5,5,3248.2,23,1,3248.3,44,2,3248.5,24,1,3248.6,321,4
11536,2025-12-30 11:50:35+05:30,3247.6,3,3249.36,709000,102628.0,122629.0,3250.0,3257.0,3239.8,3251.5,42557725,3576.6,2926.4,4322.95,2866.6,3247.6,1,1,3247.5,63,3,3247.3,2,1,3247.2,46,4,3247.1,22,2,3247.7,5,5,3248.2,23,1,3248.3,44,2,3248.5,24,1,3248.6,321,4
11536,2025-12-30 11:50:35+05:30,3247.6,3,3249.36,709000,102628.0,122629.0,3250.0,3257.0,3239.8,3251.5,42557725,3576.6,2926.4,4322.95,2866.6,3247.6,1,1,3247.5,63,3,3247.3,2,1,3247.2,46,4,3247.1,22,2,3247.7,5,5,3248.2,23,1,3248.3,44,2,3248.5,24,1,3248.6,321,4
11536,2025-12-30 11:50:36+05:30,3247.6,1,3249.36,709007,102550.0,122655.0,3250.0,3257.0,3239.8,3251.5,42557725,3576.6,2926.4,4322.95,2866.6,3247.6,4,2,3247.5,63,3,3247.3,2,1,3247.2,46,4,3247.1,22,2,3247.7,5,5,3248.2,36,2,3248.3,53,2,3248.4,15,1,3248.5,13,1
11536,2025-12-30 11:50:36+05:30,3247.6,1,3249.36,709007,102550.0,122655.0,3250.0,3257.0,3239.8,3251.5,42557725,3576.6,2926.4,4322.95,2866.6,3247.6,4,2,3247.5,63,3,3247.3,2,1,3247.2,46,4,3247.1,22,2,3247.7,5,5,3248.2,36,2,3248.3,53,2,3248.4,15,1,3248.5,13,1
11536,2025-12-30 11:50:37+05:30,3247.5,2,3249.36,709007,102550.0,122655.0,3250.0,3257.0,3239.8,3251.5,42557725,3576.6,2926.4,4322.95,2866.6,3247.6,4,2,3247.5,63,3,3247.3,2,1,3247.2,46,4,3247.1,22,2,3247.7,5,5,3248.2,36,2,3248.3,53,2,3248.4,15,1,3248.5,13,1
11536,2025-12-30 11:50:37+05:30,3247.5,2,3249.36,709055,102315.0,122671.0,3250.0,3257.0,3239.8,3251.5,42557725,3576.6,2926.4,4322.95,2866.6,3247.5,58,3,3247.3,2,1,3247.2,46,4,3247.1,22,2,3247.0,103,7,3247.6,11,3,3247.7,4,4,3248.1,24,1,3248.2,52,2,3248.3,12,1
11536,2025-12-30 11:50:38+05:30,3247.5,1,3249.36,709055,102315.0,122671.0,3250.0,3257.0,3239.8,3251.5,42557725,3576.6,2926.4,4322.95,2866.6,3247.5,58,3,3247.3,2,1,3247.2,46,4,3247.1,22,2,3247.0,103,7,3247.6,11,3,3247.7,4,4,3248.1,24,1,3248.2,52,2,3248.3,12,1
11536,2025-12-30 11:50:38+05:30,3247.5,1,3249.36,709059,102334.0,122889.0,3250.0,3257.0,3239.8,3251.5,42557725,3576.6,2926.4,4322.95,2866.6,3247.5,61,3,3247.3,2,1,3247.2,46,4,3247.1,2,1,3247.0,100,6,3247.6,12,4,3247.7,1,1,3248.1,24,1,3248.2,52,2,3248.3,12,1
11536,2025-12-30 11:50:39+05:30,3247.6,1,3249.36,709059,102334.0,122889.0,3250.0,3257.0,3239.8,3251.5,42557725,3576.6,2926.4,4322.95,2866.6,3247.5,61,3,3247.3,2,1,3247.2,46,4,3247.1,2,1,3247.0,100,6,3247.6,12,4,3247.7,1,1,3248.1,24,1,3248.2,52,2,3248.3,12,1
11536,2025-12-30 11:50:39+05:30,3247.6,1,3249.36,709118,102390.0,122858.0,3250.0,3257.0,3239.8,3251.5,42557725,3576.6,2926.4,4322.95,2866.6,3247.6,3,1,3247.5,13,3,3247.3,2,1,3247.2,46,4,3247.1,2,1,3247.7,2,1,3248.1,24,1,3248.2,52,2,3248.3,12,1,3248.4,195,2
11536,2025-12-30 11:50:40+05:30,3247.6,1,3249.36,709118,102394.0,122549.0,3250.0,3257.0,3239.8,3251.5,42557725,3576.6,2926.4,4322.95,2866.6,3247.6,7,2,3247.5,13,3,3247.3,2,1,3247.2,46,4,3247.1,2,1,3247.7,3,2,3248.1,24,1,3248.2,70,3,3248.3,12,1,3248.4,195,2
11536,2025-12-30 11:50:41+05:30,3247.7,1,3249.36,709118,102394.0,122549.0,3250.0,3257.0,3239.8,3251.5,42557725,3576.6,2926.4,4322.95,2866.6,3247.6,7,2,3247.5,13,3,3247.3,2,1,3247.2,46,4,3247.1,2,1,3247.7,3,2,3248.1,24,1,3248.2,70,3,3248.3,12,1,3248.4,195,2
11536,2025-12-30 11:50:41+05:30,3247.7,1,3249.36,709145,102504.0,122959.0,3250.0,3257.0,3239.8,3251.5,42557725,3576.6,2926.4,4322.95,2866.6,3247.8,1,1,3247.6,48,1,3247.5,17,4,3247.4,21,1,3247.3,2,1,3248.2,61,5,3248.3,23,1,3248.4,477,3,3248.5,13,1,3248.6,389,5
11536,2025-12-30 11:50:42+05:30,3247.7,1,3249.36,709145,102544.0,122745.0,3250.0,3257.0,3239.8,3251.5,42557725,3576.6,2926.4,4322.95,2866.6,3247.8,5,2,3247.6,48,1,3247.5,13,3,3247.4,21,1,3247.3,2,1,3248.1,45,3,3248.2,48,4,3248.3,9,1,3248.4,195,2,3248.5,13,1
11536,2025-12-30 11:50:43+05:30,3247.8,8,3249.36,709145,102544.0,122745.0,3250.0,3257.0,3239.8,3251.5,42557725,3576.6,2926.4,4322.95,2866.6,3247.8,5,2,3247.6,48,1,3247.5,13,3,3247.4,21,1,3247.3,2,1,3248.1,45,3,3248.2,48,4,3248.3,9,1,3248.4,195,2,3248.5,13,1
11536,2025-12-30 11:50:43+05:30,3247.8,8,3249.36,709164,102525.0,122724.0,3250.0,3257.0,3239.8,3251.5,42557725,3576.6,2926.4,4322.95,2866.6,3247.8,4,1,3247.6,48,1,3247.5,13,3,3247.4,21,1,3247.3,2,1,3248.0,100,1,3248.1,65,7,3248.2,24,2,3248.3,9,1,3248.4,195,2
11536,2025-12-30 11:50:44+05:30,3248.0,1,3249.36,709164,102525.0,122724.0,3250.0,3257.0,3239.8,3251.5,42557725,3576.6,2926.4,4322.95,2866.6,3247.8,4,1,3247.6,48,1,3247.5,13,3,3247.4,21,1,3247.3,2,1,3248.0,100,1,3248.1,65,7,3248.2,24,2,3248.3,9,1,3248.4,195,2
11536,2025-12-30 11:50:44+05:30,3247.8,4,3249.36,709169,102525.0,122808.0,3250.0,3257.0,3239.8,3251.5,42557725,3576.6,2926.4,4322.95,2866.6,3247.8,4,1,3247.6,48,1,3247.5,13,3,3247.4,21,1,3247.3,2,1,3248.0,99,1,3248.1,245,9,3248.2,54,3,3248.3,379,4,3248.4,33,2
11536,2025-12-30 11:50:45+05:30,3247.8,3,3249.36,709169,102525.0,122808.0,3250.0,3257.0,3239.8,3251.5,42557725,3576.6,2926.4,4322.95,2866.6,3247.8,4,1,3247.6,48,1,3247.5,13,3,3247.4,21,1,3247.3,2,1,3248.0,99,1,3248.1,245,9,3248.2,54,3,3248.3,379,4,3248.4,33,2
11536,2025-12-30 11:50:45+05:30,3247.8,3,3249.36,709176,102331.0,122845.0,3250.0,3257.0,3239.8,3251.5,42557725,3576.6,2926.4,4322.95,2866.6,3247.8,4,1,3247.6,48,1,3247.5,13,3,3247.4,21,1,3247.3,2,1,3248.0,113,4,3248.1,236,6,3248.2,68,4,3248.3,379,4,3248.4,33,2
11536,2025-12-30 11:50:46+05:30,3248.0,1,3249.36,709176,102331.0,122845.0,3250.0,3257.0,3239.8,3251.5,42557725,3576.6,2926.4,4322.95,2866.6,3247.8,4,1,3247.6,48,1,3247.5,13,3,3247.4,21,1,3247.3,2,1,3248.0,113,4,3248.1,236,6,3248.2,68,4,3248.3,379,4,3248.4,33,2
11536,2025-12-30 11:50:46+05:30,3248.0,1,3249.36,709180,102601.0,123604.0,3250.0,3257.0,3239.8,3251.5,42557725,3576.6,2926.4,4322.95,2866.6,3247.8,50,2,3247.6,48,1,3247.5,13,3,3247.4,21,1,3247.3,2,1,3248.0,121,6,3248.1,235,5,3248.2,68,4,3248.3,661,5,3248.4,51,3
11536,2025-12-30 11:50:47+05:30,3247.3,3,3249.36,709180,102601.0,123604.0,3250.0,3257.0,3239.8,3251.5,42557725,3576.6,2926.4,4322.95,2866.6,3247.8,50,2,3247.6,48,1,3247.5,13,3,3247.4,21,1,3247.3,2,1,3248.0,121,6,3248.1,235,5,3248.2,68,4,3248.3,661,5,3248.4,51,3
11536,2025-12-30 11:50:47+05:30,3247.3,3,3249.36,709368,101237.0,124320.0,3250.0,3257.0,3239.8,3251.5,42557725,3576.6,2926.4,4322.95,2866.6,3247.2,26,4,3247.1,2,1,3247.0,80,5,3246.8,23,3,3246.7,1,1,3247.3,6,2,3247.5,18,3,3247.6,14,1,3247.7,23,1,3247.8,46,2
11536,2025-12-30 11:50:48+05:30,3247.2,1,3249.36,709371,101409.0,124398.0,3250.0,3257.0,3239.8,3251.5,42557725,3576.6,2926.4,4322.95,2866.6,3247.2,23,4,3247.1,2,1,3247.0,80,5,3246.8,23,3,3246.7,1,1,3247.3,10,6,3247.5,18,3,3247.6,14,1,3247.7,23,1,3247.8,46,2
11536,2025-12-30 11:50:48+05:30,3247.2,1,3249.36,709371,101409.0,124398.0,3250.0,3257.0,3239.8,3251.5,42557725,3576.6,2926.4,4322.95,2866.6,3247.2,23,4,3247.1,2,1,3247.0,80,5,3246.8,23,3,3246.7,1,1,3247.3,10,6,3247.5,18,3,3247.6,14,1,3247.7,23,1,3247.8,46,2
11536,2025-12-30 11:50:49+05:30,3247.2,2,3249.36,709371,101409.0,124398.0,3250.0,3257.0,3239.8,3251.5,42557725,3576.6,2926.4,4322.95,2866.6,3247.2,23,4,3247.1,2,1,3247.0,80,5,3246.8,23,3,3246.7,1,1,3247.3,10,6,3247.5,18,3,3247.6,14,1,3247.7,23,1,3247.8,46,2
11536,2025-12-30 11:50:49+05:30,3247.2,2,3249.36,709480,101469.0,124417.0,3250.0,3257.0,3239.8,3251.5,42557725,3576.6,2926.4,4322.95,2866.6,3247.2,65,3,3247.1,2,1,3247.0,80,5,3246.8,23,3,3246.7,1,1,3247.3,24,8,3247.5,25,3,3247.7,23,1,3247.8,46,2,3247.9,13,1
11536,2025-12-30 11:50:50+05:30,3247.3,1,3249.36,709480,101469.0,124417.0,3250.0,3257.0,3239.8,3251.5,42557725,3576.6,2926.4,4322.95,2866.6,3247.2,65,3,3247.1,2,1,3247.0,80,5,3246.8,23,3,3246.7,1,1,3247.3,24,8,3247.5,25,3,3247.7,23,1,3247.8,46,2,3247.9,13,1
11536,2025-12-30 11:50:50+05:30,3247.3,1,3249.36,709512,101458.0,124463.0,3250.0,3257.0,3239.8,3251.5,42557725,3576.6,2926.4,4322.95,2866.6,3247.2,54,3,3247.1,2,1,3247.0,80,5,3246.8,23,3,3246.7,1,1,3247.3,28,11,3247.5,22,2,3247.7,23,1,3247.8,46,2,3248.0,136,3
11536,2025-12-30 11:50:51+05:30,3247.3,1,3249.36,709512,101458.0,124463.0,3250.0,3257.0,3239.8,3251.5,42557725,3576.6,2926.4,4322.95,2866.6,3247.2,54,3,3247.1,2,1,3247.0,80,5,3246.8,23,3,3246.7,1,1,3247.3,28,11,3247.5,22,2,3247.7,23,1,3247.8,46,2,3248.0,136,3
11536,2025-12-30 11:50:51+05:30,3247.3,1,3249.36,709559,101424.0,124458.0,3250.0,3257.0,3239.8,3251.5,42557725,3576.6,2926.4,4322.95,2866.6,3247.2,20,3,3247.1,2,1,3247.0,80,5,3246.8,23,3,3246.7,1,1,3247.3,23,10,3247.5,22,2,3247.7,23,1,3247.8,46,2,3248.0,136,3
11536,2025-12-30 11:50:52+05:30,3247.2,1,3249.36,709559,101424.0,124458.0,3250.0,3257.0,3239.8,3251.5,42557725,3576.6,2926.4,4322.95,2866.6,3247.2,20,3,3247.1,2,1,3247.0,80,5,3246.8,23,3,3246.7,1,1,3247.3,23,10,3247.5,22,2,3247.7,23,1,3247.8,46,2,3248.0,136,3
11536,2025-12-30 11:50:52+05:30,3247.2,1,3249.36,709573,101389.0,124400.0,3250.0,3257.0,3239.8,3251.5,42557725,3576.6,2926.4,4322.95,2866.6,3247.2,18,3,3247.1,2,1,3247.0,80,5,3246.8,23,3,3246.7,1,1,3247.3,19,9,3247.5,10,1,3247.7,23,1,3247.8,46,2,3248.0,136,3
11536,2025-12-30 11:50:53+05:30,3247.3,1,3249.36,709617,101379.0,123994.0,3250.0,3257.0,3239.8,3251.5,42557725,3576.6,2926.4,4322.95,2866.6,3247.2,2,2,3247.1,2,1,3247.0,80,5,3246.8,23,3,3246.7,1,1,3247.3,8,8,3247.5,10,1,3247.7,23,1,3247.8,46,2,3248.0,136,3
11536,2025-12-30 11:50:53+05:30,3247.3,1,3249.36,709617,101379.0,123994.0,3250.0,3257.0,3239.8,3251.5,42557725,3576.6,2926.4,4322.95,2866.6,3247.2,2,2,3247.1,2,1,3247.0,80,5,3246.8,23,3,3246.7,1,1,3247.3,8,8,3247.5,10,1,3247.7,23,1,3247.8,46,2,3248.0,136,3
11536,2025-12-30 11:50:54+05:30,3247.3,2,3249.36,709657,101244.0,122602.0,3250.0,3257.0,3239.8,3251.5,42557725,3576.6,2926.4,4322.95,2866.6,3247.3,4,1,3247.2,9,1,3247.0,79,5,3246.8,23,3,3246.7,1,1,3247.5,10,1,3247.7,23,1,3247.8,28,1,3248.0,137,4,3248.1,5,1
11536,2025-12-30 11:50:54+05:30,3247.3,2,3249.36,709657,101244.0,122602.0,3250.0,3257.0,3239.8,3251.5,42557725,3576.6,2926.4,4322.95,2866.6,3247.3,4,1,3247.2,9,1,3247.0,79,5,3246.8,23,3,3246.7,1,1,3247.5,10,1,3247.7,23,1,3247.8,28,1,3248.0,137,4,3248.1,5,1
11536,2025-12-30 11:50:55+05:30,3247.5,2,3249.36,709660,101646.0,123221.0,3250.0,3257.0,3239.8,3251.5,42557725,3576.6,2926.4,4322.95,2866.6,3247.3,5,2,3247.2,2,1,3247.1,9,1,3247.0,79,5,3246.8,23,3,3247.5,9,3,3247.8,310,2,3248.0,153,4,3248.1,5,1,3248.2,44,3
11536,2025-12-30 11:50:55+05:30,3247.5,2,3249.36,709660,101646.0,123221.0,3250.0,3257.0,3239.8,3251.5,42557725,3576.6,2926.4,4322.95,2866.6,3247.3,5,2,3247.2,2,1,3247.1,9,1,3247.0,79,5,3246.8,23,3,3247.5,9,3,3247.8,310,2,3248.0,153,4,3248.1,5,1,3248.2,44,3
11536,2025-12-30 11:50:56+05:30,3247.5,4,3249.36,709664,101542.0,123594.0,3250.0,3257.0,3239.8,3251.5,42557725,3576.6,2926.4,4322.95,2866.6,3247.3,1,1,3247.2,2,1,3247.1,9,1,3247.0,79,5,3246.8,23,3,3247.5,7,5,3247.8,28,1,3248.0,153,4,3248.1,5,1,3248.2,44,3
11536,2025-12-30 11:50:56+05:30,3247.5,4,3249.36,709664,101542.0,123594.0,3250.0,3257.0,3239.8,3251.5,42557725,3576.6,2926.4,4322.95,2866.6,3247.3,1,1,3247.2,2,1,3247.1,9,1,3247.0,79,5,3246.8,23,3,3247.5,7,5,3247.8,28,1,3248.0,153,4,3248.1,5,1,3248.2,44,3
11536,2025-12-30 11:50:57+05:30,3247.3,78,3249.35,709754,101426.0,123578.0,3250.0,3257.0,3239.8,3251.5,42557725,3576.6,2926.4,4322.95,2866.6,3247.3,4,1,3247.2,3,2,3247.0,79,5,3246.8,23,3,3246.7,1,1,3247.5,10,8,3247.7,23,1,3247.8,28,1,3248.0,147,4,3248.2,61,4
11536,2025-12-30 11:50:57+05:30,3247.3,78,3249.35,709754,101426.0,123578.0,3250.0,3257.0,3239.8,3251.5,42557725,3576.6,2926.4,4322.95,2866.6,3247.3,4,1,3247.2,3,2,3247.0,79,5,3246.8,23,3,3246.7,1,1,3247.5,10,8,3247.7,23,1,3247.8,28,1,3248.0,147,4,3248.2,61,4
11536,2025-12-30 11:50:58+05:30,3247.2,1,3249.35,709923,100361.0,122154.0,3250.0,3257.0,3239.8,3251.5,42557725,3576.6,2926.4,4322.95,2866.6,3247.3,48,1,3247.2,3,2,3247.0,100,6,3246.8,23,3,3246.7,271,4,3247.9,51,2,3248.0,70,4,3248.2,23,1,3248.3,18,1,3248.4,180,3
11536,2025-12-30 11:50:58+05:30,3247.2,1,3249.35,709923,100361.0,122154.0,3250.0,3257.0,3239.8,3251.5,42557725,3576.6,2926.4,4322.95,2866.6,3247.3,48,1,3247.2,3,2,3247.0,100,6,3246.8,23,3,3246.7,271,4,3247.9,51,2,3248.0,70,4,3248.2,23,1,3248.3,18,1,3248.4,180,3
11536,2025-12-30 11:50:59+05:30,3247.3,1,3249.35,709924,101760.0,122571.0,3250.0,3257.0,3239.8,3251.5,42557725,3576.6,2926.4,4322.95,2866.6,3247.3,47,1,3247.2,3,2,3247.0,100,6,3246.8,23,3,3246.7,183,2,3247.9,63,5,3248.0,70,4,3248.1,296,2,3248.2,41,2,3248.3,12,1
11536,2025-12-30 11:50:59+05:30,3247.3,1,3249.35,709924,101760.0,122571.0,3250.0,3257.0,3239.8,3251.5,42557725,3576.6,2926.4,4322.95,2866.6,3247.3,47,1,3247.2,3,2,3247.0,100,6,3246.8,23,3,3246.7,183,2,3247.9,63,5,3248.0,70,4,3248.1,296,2,3248.2,41,2,3248.3,12,1
11536,2025-12-30 11:51:00+05:30,3247.3,1,3249.35,709924,101760.0,122571.0,3250.0,3257.0,3239.8,3251.5,42557725,3576.6,2926.4,4322.95,2866.6,3247.3,47,1,3247.2,3,2,3247.0,100,6,3246.8,23,3,3246.7,183,2,3247.9,63,5,3248.0,70,4,3248.1,296,2,3248.2,41,2,3248.3,12,1
11536,2025-12-30 11:51:00+05:30,3247.2,1,3249.35,709975,101483.0,123146.0,3250.0,3257.0,3239.8,3251.5,42557725,3576.6,2926.4,4322.95,2866.6,3247.2,2,2,3247.0,89,6,3246.9,10,1,3246.8,31,4,3246.7,1,1,3247.3,2,2,3247.8,23,1,3247.9,31,2,3248.0,65,3,3248.1,282,1
11536,2025-12-30 11:51:01+05:30,3247.3,1,3249.35,709975,101483.0,123146.0,3250.0,3257.0,3239.8,3251.5,42557725,3576.6,2926.4,4322.95,2866.6,3247.2,2,2,3247.0,89,6,3246.9,10,1,3246.8,31,4,3246.7,1,1,3247.3,2,2,3247.8,23,1,3247.9,31,2,3248.0,65,3,3248.1,282,1
11536,2025-12-30 11:51:01+05:30,3247.1,6,3249.35,710001,101169.0,123181.0,3250.0,3257.0,3239.8,3251.5,42557725,3576.6,2926.4,4322.95,2866.6,3247.1,2,1,3247.0,79,5,3246.8,2,2,3246.7,13,2,3246.6,40,5,3247.3,60,7,3247.8,23,1,3247.9,28,1,3248.0,33,2,3248.1,282,1
11536,2025-12-30 11:51:02+05:30,3247.1,12,3249.35,710001,101169.0,123181.0,3250.0,3257.0,3239.8,3251.5,42557725,3576.6,2926.4,4322.95,2866.6,3247.1,2,1,3247.0,79,5,3246.8,2,2,3246.7,13,2,3246.6,40,5,3247.3,60,7,3247.8,23,1,3247.9,28,1,3248.0,33,2,3248.1,282,1
11536,2025-12-30 11:51:02+05:30,3247.1,12,3249.35,710019,101215.0,123211.0,3250.0,3257.0,3239.8,3251.5,42557725,3576.6,2926.4,4322.95,2866.6,3247.0,107,8,3246.9,8,1,3246.8,14,3,3246.7,1,1,3246.6,55,6,3247.3,59,11,3247.8,23,1,3247.9,28,1,3248.0,33,2,3248.1,282,1
11536,2025-12-30 11:51:03+05:30,3247.0,6,3249.35,710019,101215.0,123211.0,3250.0,3257.0,3239.8,3251.5,42557725,3576.6,2926.4,4322.95,2866.6,3247.0,107,8,3246.9,8,1,3246.8,14,3,3246.7,1,1,3246.6,55,6,3247.3,59,11,3247.8,23,1,3247.9,28,1,3248.0,33,2,3248.1,282,1
11536,2025-12-30 11:51:03+05:30,3247.0,1,3249.35,710035,101191.0,123273.0,3250.0,3257.0,3239.8,3251.5,42557725,3576.6,2926.4,4322.95,2866.6,3247.0,134,7,3246.9,8,1,3246.8,14,3,3246.7,1,1,3246.6,59,7,3247.3,131,10,3247.8,23,1,3247.9,28,1,3248.0,33,2,3248.1,282,1
11536,2025-12-30 11:51:04+05:30,3247.0,2,3249.35,710035,101191.0,123273.0,3250.0,3257.0,3239.8,3251.5,42557725,3576.6,2926.4,4322.95,2866.6,3247.0,134,7,3246.9,8,1,3246.8,14,3,3246.7,1,1,3246.6,59,7,3247.3,131,10,3247.8,23,1,3247.9,28,1,3248.0,33,2,3248.1,282,1
11536,2025-12-30 11:51:04+05:30,3247.0,1,3249.35,710055,101169.0,123286.0,3250.0,3257.0,3239.8,3251.5,42557725,3576.6,2926.4,4322.95,2866.6,3247.0,131,8,3246.8,14,3,3246.7,1,1,3246.6,62,8,3246.5,231,3,3247.3,122,10,3247.8,23,1,3247.9,28,1,3248.0,33,2,3248.1,282,1
11536,2025-12-30 11:51:05+05:30,3247.0,1,3249.35,710055,101169.0,123286.0,3250.0,3257.0,3239.8,3251.5,42557725,3576.6,2926.4,4322.95,2866.6,3247.0,131,8,3246.8,14,3,3246.7,1,1,3246.6,62,8,3246.5,231,3,3247.3,122,10,3247.8,23,1,3247.9,28,1,3248.0,33,2,3248.1,282,1
11536,2025-12-30 11:51:05+05:30,3247.0,2,3249.35,710066,100870.0,123250.0,3250.0,3257.0,3239.8,3251.5,42557725,3576.6,2926.4,4322.95,2866.6,3247.0,123,8,3246.8,2,2,3246.7,1,1,3246.6,27,4,3246.5,213,2,3247.3,117,8,3247.6,23,1,3247.7,27,1,3247.8,18,1,3247.9,24,1
11536,2025-12-30 11:51:06+05:30,3247.0,3,3249.35,710066,100870.0,123250.0,3250.0,3257.0,3239.8,3251.5,42557725,3576.6,2926.4,4322.95,2866.6,3247.0,123,8,3246.8,2,2,3246.7,1,1,3246.6,27,4,3246.5,213,2,3247.3,117,8,3247.6,23,1,3247.7,27,1,3247.8,18,1,3247.9,24,1
11536,2025-12-30 11:51:06+05:30,3247.1,2,3249.35,710075,100894.0,122991.0,3250.0,3257.0,3239.8,3251.5,42557725,3576.6,2926.4,4322.95,2866.6,3247.1,6,1,3247.0,112,7,3246.8,2,2,3246.7,1,1,3246.6,27,4,3247.3,116,11,3247.7,27,1,3247.9,23,1,3248.0,33,2,3248.1,21,2
11536,2025-12-30 11:51:07+05:30,3247.0,1,3249.35,710075,100894.0,122991.0,3250.0,3257.0,3239.8,3251.5,42557725,3576.6,2926.4,4322.95,2866.6,3247.1,6,1,3247.0,112,7,3246.8,2,2,3246.7,1,1,3246.6,27,4,3247.3,116,11,3247.7,27,1,3247.9,23,1,3248.0,33,2,3248.1,21,2
11536,2025-12-30 11:51:07+05:30,3247.1,2,3249.35,710129,100961.0,123009.0,3250.0,3257.0,3239.8,3251.5,42557725,3576.6,2926.4,4322.95,2866.6,3247.0,111,7,3246.9,10,1,3246.8,2,2,3246.7,1,1,3246.6,39,5,3247.1,9,3,3247.3,114,9,3247.7,27,1,3247.9,23,1,3248.0,33,2
11536,2025-12-30 11:51:08+05:30,3247.0,3,3249.35,710129,100961.0,123009.0,3250.0,3257.0,3239.8,3251.5,42557725,3576.6,2926.4,4322.95,2866.6,3247.0,111,7,3246.9,10,1,3246.8,2,2,3246.7,1,1,3246.6,39,5,3247.1,9,3,3247.3,114,9,3247.7,27,1,3247.9,23,1,3248.0,33,2
11536,2025-12-30 11:51:08+05:30,3247.0,1,3249.35,710137,101013.0,123204.0,3250.0,3257.0,3239.8,3251.5,42557725,3576.6,2926.4,4322.95,2866.6,3247.0,103,7,3246.9,17,3,3246.8,2,2,3246.7,29,3,3246.6,63,6,3247.1,25,6,3247.3,110,5,3247.7,27,1,3247.9,23,1,3248.0,33,2
11536,2025-12-30 11:51:09+05:30,3247.1,1,3249.35,710137,101013.0,123204.0,3250.0,3257.0,3239.8,3251.5,42557725,3576.6,2926.4,4322.95,2866.6,3247.0,103,7,3246.9,17,3,3246.8,2,2,3246.7,29,3,3246.6,63,6,3247.1,25,6,3247.3,110,5,3247.7,27,1,3247.9,23,1,3248.0,33,2
11536,2025-12-30 11:51:09+05:30,3247.0,1,3249.35,710205,100734.0,122925.0,3250.0,3257.0,3239.8,3251.5,42557725,3576.6,2926.4,4322.95,2866.6,3247.0,81,6,3246.9,7,2,3246.8,40,5,3246.7,62,4,3246.6,42,5,3247.1,5,3,3247.3,109,4,3247.9,23,1,3248.0,33,2,3248.1,3,1
11536,2025-12-30 11:51:10+05:30,3247.0,1,3249.35,710205,100734.0,122925.0,3250.0,3257.0,3239.8,3251.5,42557725,3576.6,2926.4,4322.95,2866.6,3247.0,81,6,3246.9,7,2,3246.8,40,5,3246.7,62,4,3246.6,42,5,3247.1,5,3,3247.3,109,4,3247.9,23,1,3248.0,33,2,3248.1,3,1
11536,2025-12-30 11:51:10+05:30,3247.0,1,3249.35,710208,101122.0,123074.0,3250.0,3257.0,3239.8,3251.5,42557725,3576.6,2926.4,4322.95,2866.6,3247.0,83,7,3246.9,3,1,3246.8,40,5,3246.7,22,2,3246.6,42,5,3247.1,5,3,3247.3,108,3,3247.9,23,1,3248.0,33,2,3248.1,3,1
11536,2025-12-30 11:51:11+05:30,3247.1,2,3249.35,710208,101122.0,123074.0,3250.0,3257.0,3239.8,3251.5,42557725,3576.6,2926.4,4322.95,2866.6,3247.0,83,7,3246.9,3,1,3246.8,40,5,3246.7,22,2,3246.6,42,5,3247.1,5,3,3247.3,108,3,3247.9,23,1,3248.0,33,2,3248.1,3,1
11536,2025-12-30 11:51:11+05:30,3247.0,9,3249.35,710229,101119.0,123073.0,3250.0,3257.0,3239.8,3251.5,42557725,3576.6,2926.4,4322.95,2866.6,3247.0,85,7,3246.9,3,1,3246.8,40,5,3246.7,22,2,3246.6,42,5,3247.1,4,4,3247.3,108,3,3247.9,23,1,3248.0,33,2,3248.1,3,1
11536,2025-12-30 11:51:12+05:30,3247.0,9,3249.35,710229,101119.0,123073.0,3250.0,3257.0,3239.8,3251.5,42557725,3576.6,2926.4,4322.95,2866.6,3247.0,85,7,3246.9,3,1,3246.8,40,5,3246.7,22,2,3246.6,42,5,3247.1,4,4,3247.3,108,3,3247.9,23,1,3248.0,33,2,3248.1,3,1
11536,2025-12-30 11:51:12+05:30,3247.1,1,3249.35,710272,100854.0,123086.0,3250.0,3257.0,3239.8,3251.5,42557725,3576.6,2926.4,4322.95,2866.6,3247.0,65,5,3246.9,13,2,3246.8,2,2,3246.7,1,1,3246.6,59,6,3247.1,29,5,3247.3,75,1,3247.7,22,1,3247.8,26,1,3248.0,33,2
11536,2025-12-30 11:51:13+05:30,3247.0,1,3249.35,710272,100854.0,123086.0,3250.0,3257.0,3239.8,3251.5,42557725,3576.6,2926.4,4322.95,2866.6,3247.0,65,5,3246.9,13,2,3246.8,2,2,3246.7,1,1,3246.6,59,6,3247.1,29,5,3247.3,75,1,3247.7,22,1,3247.8,26,1,3248.0,33,2
11536,2025-12-30 11:51:13+05:30,3247.0,5,3249.35,710278,100854.0,123088.0,3250.0,3257.0,3239.8,3251.5,42557725,3576.6,2926.4,4322.95,2866.6,3247.0,59,5,3246.9,3,1,3246.8,2,2,3246.7,1,1,3246.6,45,5,3247.1,30,6,3247.3,75,1,3247.7,22,1,3247.8,26,1,3248.0,34,3
11536,2025-12-30 11:51:14+05:30,3247.1,1,3249.35,710278,100854.0,123088.0,3250.0,3257.0,3239.8,3251.5,42557725,3576.6,2926.4,4322.95,2866.6,3247.0,59,5,3246.9,3,1,3246.8,2,2,3246.7,1,1,3246.6,45,5,3247.1,30,6,3247.3,75,1,3247.7,22,1,3247.8,26,1,3248.0,34,3
11536,2025-12-30 11:51:14+05:30,3247.0,2,3249.35,710294,100758.0,123359.0,3250.0,3257.0,3239.8,3251.5,42557725,3576.6,2926.4,4322.95,2866.6,3247.0,45,5,3246.9,3,1,3246.8,2,2,3246.7,1,1,3246.6,27,4,3247.1,28,7,3247.3,75,1,3247.4,282,1,3247.7,22,1,3247.8,26,1
11536,2025-12-30 11:51:15+05:30,3247.0,1,3249.35,710294,100758.0,123359.0,3250.0,3257.0,3239.8,3251.5,42557725,3576.6,2926.4,4322.95,2866.6,3247.0,45,5,3246.9,3,1,3246.8,2,2,3246.7,1,1,3246.6,27,4,3247.1,28,7,3247.3,75,1,3247.4,282,1,3247.7,22,1,3247.8,26,1
11536,2025-12-30 11:51:15+05:30,3247.0,7,3249.35,710307,100756.0,123465.0,3250.0,3257.0,3239.8,3251.5,42557725,3576.6,2926.4,4322.95,2866.6,3247.0,37,6,3246.9,3,1,3246.8,2,2,3246.7,1,1,3246.6,41,5,3247.1,29,9,3247.3,75,1,3247.4,282,1,3247.6,22,1,3247.7,26,1
11536,2025-12-30 11:51:16+05:30,3249.4,52,3249.35,710307,100756.0,123465.0,3250.0,3257.0,3239.8,3251.5,42557725,3576.6,2926.4,4322.95,2866.6,3247.0,37,6,3246.9,3,1,3246.8,2,2,3246.7,1,1,3246.6,41,5,3247.1,29,9,3247.3,75,1,3247.4,282,1,3247.6,22,1,3247.7,26,1
11536,2025-12-30 11:51:16+05:30,3247.4,4,3249.35,712107,101826.0,119977.0,3250.0,3257.0,3239.8,3251.5,42557725,3576.6,2926.4,4322.95,2866.6,3247.4,24,3,3247.3,6,1,3247.2,27,3,3247.1,24,1,3247.0,76,8,3248.1,22,1,3248.2,53,2,3248.3,6,1,3248.4,74,4,3248.6,203,3
11536,2025-12-30 11:51:17+05:30,3247.4,14,3249.35,712107,101826.0,119977.0,3250.0,3257.0,3239.8,3251.5,42557725,3576.6,2926.4,4322.95,2866.6,3247.4,24,3,3247.3,6,1,3247.2,27,3,3247.1,24,1,3247.0,76,8,3248.1,22,1,3248.2,53,2,3248.3,6,1,3248.4,74,4,3248.6,203,3
11536,2025-12-30 11:51:17+05:30,3247.4,14,3249.35,712151,101212.0,121508.0,3250.0,3257.0,3239.8,3251.5,42557725,3576.6,2926.4,4322.95,2866.6,3247.2,1,1,3247.0,52,6,3246.9,7,2,3246.8,52,5,3246.7,1,1,3247.4,11,3,3248.0,22,1,3248.1,27,2,3248.2,27,1,3248.3,46,1
11536,2025-12-30 11:51:18+05:30,3247.4,1,3249.35,712151,101212.0,121508.0,3250.0,3257.0,3239.8,3251.5,42557725,3576.6,2926.4,4322.95,2866.6,3247.2,1,1,3247.0,52,6,3246.9,7,2,3246.8,52,5,3246.7,1,1,3247.4,11,3,3248.0,22,1,3248.1,27,2,3248.2,27,1,3248.3,46,1
11536,2025-12-30 11:51:18+05:30,3247.2,1,3249.35,712250,101177.0,121537.0,3250.0,3257.0,3239.8,3251.5,42557725,3576.6,2926.4,4322.95,2866.6,3247.0,30,5,3246.9,3,1,3246.8,23,3,3246.7,12,2,3246.6,93,7,3247.2,24,2,3247.4,11,4,3248.0,22,1,3248.1,1,1,3248.2,27,1
11536,2025-12-30 11:51:19+05:30,3247.0,4,3249.35,712250,101177.0,121537.0,3250.0,3257.0,3239.8,3251.5,42557725,3576.6,2926.4,4322.95,2866.6,3247.0,30,5,3246.9,3,1,3246.8,23,3,3246.7,12,2,3246.6,93,7,3247.2,24,2,3247.4,11,4,3248.0,22,1,3248.1,1,1,3248.2,27,1
11536,2025-12-30 11:51:19+05:30,3246.9,13,3249.35,712505,101204.0,121675.0,3250.0,3257.0,3239.8,3251.5,42557725,3576.6,2926.4,4322.95,2866.6,3246.8,18,4,3246.7,3,2,3246.6,67,7,3246.5,215,4,3246.4,289,7,3246.9,27,1,3247.2,30,6,3247.4,2,2,3248.0,22,1,3248.3,221,2
11536,2025-12-30 11:51:20+05:30,3246.8,2,3249.35,712505,101204.0,121675.0,3250.0,3257.0,3239.8,3251.5,42557725,3576.6,2926.4,4322.95,2866.6,3246.8,18,4,3246.7,3,2,3246.6,67,7,3246.5,215,4,3246.4,289,7,3246.9,27,1,3247.2,30,6,3247.4,2,2,3248.0,22,1,3248.3,221,2
11536,2025-12-30 11:51:20+05:30,3246.7,3,3249.35,712573,101267.0,121655.0,3250.0,3257.0,3239.8,3251.5,42557725,3576.6,2926.4,4322.95,2866.6,3246.7,17,4,3246.6,30,5,3246.5,215,4,3246.4,133,6,3246.3,73,4,3246.8,47,1,3246.9,36,5,3247.2,8,5,3247.9,2,1,3248.0,22,1
11536,2025-12-30 11:51:21+05:30,3246.7,1,3249.35,712573,101267.0,121655.0,3250.0,3257.0,3239.8,3251.5,42557725,3576.6,2926.4,4322.95,2866.6,3246.7,17,4,3246.6,30,5,3246.5,215,4,3246.4,133,6,3246.3,73,4,3246.8,47,1,3246.9,36,5,3247.2,8,5,3247.9,2,1,3248.0,22,1
11536,2025-12-30 11:51:21+05:30,3246.6,1,3249.35,712602,101238.0,121631.0,3250.0,3257.0,3239.8,3251.5,42557725,3576.6,2926.4,4322.95,2866.6,3246.6,31,6,3246.5,215,4,3246.4,109,4,3246.3,39,2,3246.2,136,6,3246.7,1,1,3246.8,52,5,3246.9,36,5,3247.2,3,2,3247.9,2,1
11536,2025-12-30 11:51:22+05:30,3246.6,3,3249.35,712602,101238.0,121631.0,3250.0,3257.0,3239.8,3251.5,42557725,3576.6,2926.4,4322.95,2866.6,3246.6,31,6,3246.5,215,4,3246.4,109,4,3246.3,39,2,3246.2,136,6,3246.7,1,1,3246.8,52,5,3246.9,36,5,3247.2,3,2,3247.9,2,1
11536,2025-12-30 11:51:22+05:30,3246.6,25,3249.35,713143,101864.0,121582.0,3250.0,3257.0,3239.8,3251.5,42557725,3576.6,2926.4,4322.95,2866.6,3246.6,51,5,3246.5,215,5,3246.4,139,7,3246.3,91,3,3246.2,146,6,3246.7,7,4,3246.8,5,4,3246.9,5,2,3247.9,2,1,3248.0,23,2
11536,2025-12-30 11:51:23+05:30,3246.6,3,3249.35,713143,101864.0,121582.0,3250.0,3257.0,3239.8,3251.5,42557725,3576.6,2926.4,4322.95,2866.6,3246.6,51,5,3246.5,215,5,3246.4,139,7,3246.3,91,3,3246.2,146,6,3246.7,7,4,3246.8,5,4,3246.9,5,2,3247.9,2,1,3248.0,23,2
11536,2025-12-30 11:51:23+05:30,3246.7,2,3249.35,713220,101878.0,121617.0,3250.0,3257.0,3239.8,3251.5,42557725,3576.6,2926.4,4322.95,2866.6,3246.6,80,8,3246.5,215,5,3246.4,139,7,3246.3,91,3,3246.2,146,6,3246.7,33,10,3246.8,1,1,3247.9,2,1,3248.0,23,2,3248.1,188,2
11536,2025-12-30 11:51:24+05:30,3246.7,1,3249.35,713220,101878.0,121617.0,3250.0,3257.0,3239.8,3251.5,42557725,3576.6,2926.4,4322.95,2866.6,3246.6,80,8,3246.5,215,5,3246.4,139,7,3246.3,91,3,3246.2,146,6,3246.7,33,10,3246.8,1,1,3247.9,2,1,3248.0,23,2,3248.1,188,2
11536,2025-12-30 11:51:24+05:30,3246.6,3,3249.35,713412,101842.0,121517.0,3250.0,3257.0,3239.8,3251.5,42557725,3576.6,2926.4,4322.95,2866.6,3246.6,28,5,3246.5,215,5,3246.4,139,7,3246.3,117,5,3246.2,121,5,3246.7,24,9,3248.0,81,3,3248.1,188,2,3248.3,378,3,3248.4,40,3
11536,2025-12-30 11:51:25+05:30,3246.7,1,3249.35,713412,101842.0,121517.0,3250.0,3257.0,3239.8,3251.5,42557725,3576.6,2926.4,4322.95,2866.6,3246.6,28,5,3246.5,215,5,3246.4,139,7,3246.3,117,5,3246.2,121,5,3246.7,24,9,3248.0,81,3,3248.1,188,2,3248.3,378,3,3248.4,40,3
11536,2025-12-30 11:51:25+05:30,3246.6,1,3249.35,713489,101795.0,121508.0,3250.0,3257.0,3239.8,3251.5,42557725,3576.6,2926.4,4322.95,2866.6,3246.6,19,3,3246.5,202,4,3246.4,139,7,3246.3,46,3,3246.2,167,6,3246.7,15,8,3247.9,1,1,3248.0,80,2,3248.1,188,2,3248.3,378,3
11536,2025-12-30 11:51:26+05:30,3246.6,4,3249.35,713489,101795.0,121508.0,3250.0,3257.0,3239.8,3251.5,42557725,3576.6,2926.4,4322.95,2866.6,3246.6,19,3,3246.5,202,4,3246.4,139,7,3246.3,46,3,3246.2,167,6,3246.7,15,8,3247.9,1,1,3248.0,80,2,3248.1,188,2,3248.3,378,3
11536,2025-12-30 11:51:26+05:30,3246.6,4,3249.35,713558,101696.0,121423.0,3250.0,3257.0,3239.8,3251.5,42557725,3576.6,2926.4,4322.95,2866.6,3246.6,56,5,3246.5,242,6,3246.4,141,9,3246.3,92,4,3246.2,121,5,3246.7,13,10,3247.9,1,1,3248.0,58,1,3248.1,188,2,3248.3,377,3
11536,2025-12-30 11:51:27+05:30,3246.6,2,3249.35,713558,101696.0,121423.0,3250.0,3257.0,3239.8,3251.5,42557725,3576.6,2926.4,4322.95,2866.6,3246.6,56,5,3246.5,242,6,3246.4,141,9,3246.3,92,4,3246.2,121,5,3246.7,13,10,3247.9,1,1,3248.0,58,1,3248.1,188,2,3248.3,377,3
11536,2025-12-30 11:51:27+05:30,3246.6,1,3249.34,713718,101574.0,121328.0,3250.0,3257.0,3239.8,3251.5,42557725,3576.6,2926.4,4322.95,2866.6,3246.6,40,4,3246.5,255,8,3246.4,197,12,3246.3,49,4,3246.2,131,6,3246.7,9,7,3248.0,59,2,3248.1,175,1,3248.3,376,3,3248.4,40,3
11536,2025-12-30 11:51:30+05:30,3246.8,10,3249.34,713718,101574.0,121328.0,3250.0,3257.0,3239.8,3251.5,42557725,3576.6,2926.4,4322.95,2866.6,3246.6,40,4,3246.5,255,8,3246.4,197,12,3246.3,49,4,3246.2,131,6,3246.7,9,7,3248.0,59,2,3248.1,175,1,3248.3,376,3,3248.4,40,3
11536,2025-12-30 11:51:31+05:30,3247.8,2,3249.34,713863,102267.0,122080.0,3250.0,3257.0,3239.8,3251.5,42557725,3576.6,2926.4,4322.95,2866.6,3246.6,46,4,3246.5,282,7,3246.4,105,9,3246.3,49,4,3246.2,227,5,3247.0,250,1,3247.5,22,1,3247.6,25,1,3247.8,478,6,3248.0,194,3
11536,2025-12-30 11:51:33+05:30,3246.8,1,3249.34,713863,102267.0,122080.0,3250.0,3257.0,3239.8,3251.5,42557725,3576.6,2926.4,4322.95,2866.6,3246.6,46,4,3246.5,282,7,3246.4,105,9,3246.3,49,4,3246.2,227,5,3247.0,250,1,3247.5,22,1,3247.6,25,1,3247.8,478,6,3248.0,194,3
11536,2025-12-30 11:51:36+05:30,3246.7,5,3249.34,713936,102063.0,122265.0,3250.0,3257.0,3239.8,3251.5,42557725,3576.6,2926.4,4322.95,2866.6,3246.7,15,1,3246.6,13,4,3246.5,259,6,3246.4,84,7,3246.3,33,4,3247.0,259,6,3247.3,22,1,3247.4,25,1,3247.8,472,3,3248.0,369,4
11536,2025-12-30 11:51:36+05:30,3247.0,1,3249.34,713936,102063.0,122265.0,3250.0,3257.0,3239.8,3251.5,42557725,3576.6,2926.4,4322.95,2866.6,3246.7,15,1,3246.6,13,4,3246.5,259,6,3246.4,84,7,3246.3,33,4,3247.0,259,6,3247.3,22,1,3247.4,25,1,3247.8,472,3,3248.0,369,4
11536,2025-12-30 11:51:39+05:30,3246.9,23,3249.34,713936,102063.0,122265.0,3250.0,3257.0,3239.8,3251.5,42557725,3576.6,2926.4,4322.95,2866.6,3246.7,15,1,3246.6,13,4,3246.5,259,6,3246.4,84,7,3246.3,33,4,3247.0,259,6,3247.3,22,1,3247.4,25,1,3247.8,472,3,3248.0,369,4
11536,2025-12-30 11:51:40+05:30,3246.9,13,3249.34,714133,102328.0,122227.0,3250.0,3257.0,3239.8,3251.5,42557725,3576.6,2926.4,4322.95,2866.6,3246.9,5,1,3246.7,88,3,3246.6,28,4,3246.5,259,6,3246.4,84,6,3247.0,214,8,3247.4,25,1,3247.7,22,1,3247.8,472,3,3247.9,3,1
11536,2025-12-30 11:51:42+05:30,3246.9,2,3249.34,714133,102328.0,122227.0,3250.0,3257.0,3239.8,3251.5,42557725,3576.6,2926.4,4322.95,2866.6,3246.9,5,1,3246.7,88,3,3246.6,28,4,3246.5,259,6,3246.4,84,6,3247.0,214,8,3247.4,25,1,3247.7,22,1,3247.8,472,3,3247.9,3,1
11536,2025-12-30 11:51:44+05:30,3246.9,2,3249.34,714133,102328.0,122227.0,3250.0,3257.0,3239.8,3251.5,42557725,3576.6,2926.4,4322.95,2866.6,3246.9,5,1,3246.7,88,3,3246.6,28,4,3246.5,259,6,3246.4,84,6,3247.0,214,8,3247.4,25,1,3247.7,22,1,3247.8,472,3,3247.9,3,1
11536,2025-12-30 11:51:44+05:30,3246.9,1,3249.34,714324,102458.0,122137.0,3250.0,3257.0,3239.8,3251.5,42557725,3576.6,2926.4,4322.95,2866.6,3246.9,108,3,3246.8,11,1,3246.7,88,3,3246.6,58,7,3246.5,321,8,3247.0,77,9,3247.7,22,1,3247.8,457,2,3247.9,3,1,3248.0,394,4
11536,2025-12-30 11:51:48+05:30,3246.9,4,3249.34,714324,102458.0,122137.0,3250.0,3257.0,3239.8,3251.5,42557725,3576.6,2926.4,4322.95,2866.6,3246.9,108,3,3246.8,11,1,3246.7,88,3,3246.6,58,7,3246.5,321,8,3247.0,77,9,3247.7,22,1,3247.8,457,2,3247.9,3,1,3248.0,394,4
11536,2025-12-30 11:51:49+05:30,3246.9,4,3249.34,714524,101942.0,121208.0,3250.0,3257.0,3239.8,3251.5,42557725,3576.6,2926.4,4322.95,2866.6,3246.7,104,5,3246.6,53,6,3246.5,326,9,3246.4,113,7,3246.3,73,6,3246.8,3,3,3246.9,2,1,3247.0,98,7,3247.8,282,1,3247.9,3,1
11536,2025-12-30 11:51:51+05:30,3246.7,10,3249.34,714524,101942.0,121208.0,3250.0,3257.0,3239.8,3251.5,42557725,3576.6,2926.4,4322.95,2866.6,3246.7,104,5,3246.6,53,6,3246.5,326,9,3246.4,113,7,3246.3,73,6,3246.8,3,3,3246.9,2,1,3247.0,98,7,3247.8,282,1,3247.9,3,1
11536,2025-12-30 11:51:53+05:30,3246.7,4,3249.34,714624,102585.0,120123.0,3250.0,3257.0,3239.8,3251.5,42557725,3576.6,2926.4,4322.95,2866.6,3246.7,55,5,3246.6,49,6,3246.5,326,9,3246.4,111,7,3246.3,119,7,3247.0,82,7,3247.8,282,1,3248.0,3,1,3248.2,3,1,3248.4,40,2
11536,2025-12-30 11:51:54+05:30,3247.0,8,3249.34,714624,102585.0,120123.0,3250.0,3257.0,3239.8,3251.5,42557725,3576.6,2926.4,4322.95,2866.6,3246.7,55,5,3246.6,49,6,3246.5,326,9,3246.4,111,7,3246.3,119,7,3247.0,82,7,3247.8,282,1,3248.0,3,1,3248.2,3,1,3248.4,40,2
11536,2025-12-30 11:51:57+05:30,3246.9,1,3249.34,714624,102585.0,120123.0,3250.0,3257.0,3239.8,3251.5,42557725,3576.6,2926.4,4322.95,2866.6,3246.7,55,5,3246.6,49,6,3246.5,326,9,3246.4,111,7,3246.3,119,7,3247.0,82,7,3247.8,282,1,3248.0,3,1,3248.2,3,1,3248.4,40,2
11536,2025-12-30 11:51:57+05:30,3246.9,7,3249.34,714787,102599.0,120118.0,3250.0,3257.0,3239.8,3251.5,42557725,3576.6,2926.4,4322.95,2866.6,3246.9,9,1,3246.7,27,3,3246.6,49,6,3246.5,341,10,3246.4,111,7,3247.0,48,8,3247.6,24,1,3247.7,27,1,3247.8,282,1,3248.0,3,1
11536,2025-12-30 11:52:00+05:30,3246.9,9,3249.34,714787,102599.0,120118.0,3250.0,3257.0,3239.8,3251.5,42557725,3576.6,2926.4,4322.95,2866.6,3246.9,9,1,3246.7,27,3,3246.6,49,6,3246.5,341,10,3246.4,111,7,3247.0,48,8,3247.6,24,1,3247.7,27,1,3247.8,282,1,3248.0,3,1
11536,2025-12-30 11:52:02+05:30,3246.7,1,3249.34,714852,102103.0,120550.0,3250.0,3257.0,3239.8,3251.5,42557725,3576.6,2926.4,4322.95,2866.6,3246.6,28,4,3246.5,284,8,3246.4,60,4,3246.3,108,7,3246.2,93,6,3246.7,3,3,3246.8,6,6,3247.0,54,5,3247.4,50,2,3247.8,282,1
11536,2025-12-30 11:52:03+05:30,3246.6,2,3249.34,714852,102103.0,120550.0,3250.0,3257.0,3239.8,3251.5,42557725,3576.6,2926.4,4322.95,2866.6,3246.6,28,4,3246.5,284,8,3246.4,60,4,3246.3,108,7,3246.2,93,6,3246.7,3,3,3246.8,6,6,3247.0,54,5,3247.4,50,2,3247.8,282,1
11536,2025-12-30 11:52:06+05:30,3246.6,1,3249.34,714852,102103.0,120550.0,3250.0,3257.0,3239.8,3251.5,42557725,3576.6,2926.4,4322.95,2866.6,3246.6,28,4,3246.5,284,8,3246.4,60,4,3246.3,108,7,3246.2,93,6,3246.7,3,3,3246.8,6,6,3247.0,54,5,3247.4,50,2,3247.8,282,1
11536,2025-12-30 11:52:07+05:30,3246.6,2,3249.34,714956,102455.0,120965.0,3250.0,3257.0,3239.8,3251.5,42557725,3576.6,2926.4,4322.95,2866.6,3246.6,17,4,3246.5,274,7,3246.4,70,5,3246.3,108,7,3246.2,79,5,3246.7,29,7,3247.0,30,1,3247.7,84,2,3247.8,282,1,3247.9,27,1
11536,2025-12-30 11:52:10+05:30,3246.7,1,3249.34,714956,102455.0,120965.0,3250.0,3257.0,3239.8,3251.5,42557725,3576.6,2926.4,4322.95,2866.6,3246.6,17,4,3246.5,274,7,3246.4,70,5,3246.3,108,7,3246.2,79,5,3246.7,29,7,3247.0,30,1,3247.7,84,2,3247.8,282,1,3247.9,27,1
11536,2025-12-30 11:52:12+05:30,3246.6,15,3249.34,715079,102256.0,120665.0,3250.0,3257.0,3239.8,3251.5,42557725,3576.6,2926.4,4322.95,2866.6,3246.6,2,1,3246.5,286,8,3246.4,35,4,3246.3,49,5,3246.2,111,6,3246.7,70,5,3247.7,23,1,3247.8,282,1,3247.9,27,1,3248.0,55,4
11536,2025-12-30 11:52:14+05:30,3246.5,4,3249.34,715079,102256.0,120665.0,3250.0,3257.0,3239.8,3251.5,42557725,3576.6,2926.4,4322.95,2866.6,3246.6,2,1,3246.5,286,8,3246.4,35,4,3246.3,49,5,3246.2,111,6,3246.7,70,5,3247.7,23,1,3247.8,282,1,3247.9,27,1,3248.0,55,4
11536,2025-12-30 11:52:16+05:30,3246.5,2,3249.34,715114,101158.0,121363.0,3250.0,3257.0,3239.8,3251.5,42557725,3576.6,2926.4,4322.95,2866.6,3246.5,257,8,3246.4,13,3,3246.3,51,4,3246.2,49,4,3246.1,362,9,3246.6,119,5,3246.7,66,3,3247.2,26,1,3247.3,22,1,3247.8,282,1
11536,2025-12-30 11:52:17+05:30,3246.5,1,3249.34,715114,101158.0,121363.0,3250.0,3257.0,3239.8,3251.5,42557725,3576.6,2926.4,4322.95,2866.6,3246.5,257,8,3246.4,13,3,3246.3,51,4,3246.2,49,4,3246.1,362,9,3246.6,119,5,3246.7,66,3,3247.2,26,1,3247.3,22,1,3247.8,282,1
11536,2025-12-30 11:52:20+05:30,3246.5,11,3249.34,715114,101158.0,121363.0,3250.0,3257.0,3239.8,3251.5,42557725,3576.6,2926.4,4322.95,2866.6,3246.5,257,8,3246.4,13,3,3246.3,51,4,3246.2,49,4,3246.1,362,9,3246.6,119,5,3246.7,66,3,3247.2,26,1,3247.3,22,1,3247.8,282,1
11536,2025-12-30 11:52:21+05:30,3246.5,1,3249.34,715240,100893.0,121685.0,3250.0,3257.0,3239.8,3251.5,42557725,3576.6,2926.4,4322.95,2866.6,3246.5,177,9,3246.4,13,3,3246.3,41,3,3246.2,56,5,3246.1,348,8,3246.6,119,5,3246.7,65,2,3247.2,26,1,3247.5,22,1,3247.6,29,2
11536,2025-12-30 11:52:23+05:30,3246.5,1,3249.34,715240,100893.0,121685.0,3250.0,3257.0,3239.8,3251.5,42557725,3576.6,2926.4,4322.95,2866.6,3246.5,177,9,3246.4,13,3,3246.3,41,3,3246.2,56,5,3246.1,348,8,3246.6,119,5,3246.7,65,2,3247.2,26,1,3247.5,22,1,3247.6,29,2
11536,2025-12-30 11:52:25+05:30,3246.6,1,3249.34,715340,100836.0,121725.0,3250.0,3257.0,3239.8,3251.5,42557725,3576.6,2926.4,4322.95,2866.6,3246.5,134,7,3246.4,16,4,3246.3,41,3,3246.2,61,5,3246.1,348,8,3246.6,146,9,3247.2,26,1,3247.5,22,1,3247.6,29,2,3247.7,20,2
11536,2025-12-30 11:52:26+05:30,3246.5,2,3249.34,715340,100836.0,121725.0,3250.0,3257.0,3239.8,3251.5,42557725,3576.6,2926.4,4322.95,2866.6,3246.5,134,7,3246.4,16,4,3246.3,41,3,3246.2,61,5,3246.1,348,8,3246.6,146,9,3247.2,26,1,3247.5,22,1,3247.6,29,2,3247.7,20,2
11536,2025-12-30 11:52:29+05:30,3246.6,1,3249.34,715494,100010.0,121862.0,3250.0,3257.0,3239.8,3251.5,42557725,3576.6,2926.4,4322.95,2866.6,3246.5,19,5,3246.4,16,4,3246.3,41,3,3246.2,49,4,3246.1,348,8,3246.6,159,11,3246.9,22,1,3247.1,44,2,3247.2,40,2,3247.3,30,1
11536,2025-12-30 11:52:29+05:30,3246.6,1,3249.34,715494,100010.0,121862.0,3250.0,3257.0,3239.8,3251.5,42557725,3576.6,2926.4,4322.95,2866.6,3246.5,19,5,3246.4,16,4,3246.3,41,3,3246.2,49,4,3246.1,348,8,3246.6,159,11,3246.9,22,1,3247.1,44,2,3247.2,40,2,3247.3,30,1
11536,2025-12-30 11:52:32+05:30,3246.5,3,3249.34,715494,100010.0,121862.0,3250.0,3257.0,3239.8,3251.5,42557725,3576.6,2926.4,4322.95,2866.6,3246.5,19,5,3246.4,16,4,3246.3,41,3,3246.2,49,4,3246.1,348,8,3246.6,159,11,3246.9,22,1,3247.1,44,2,3247.2,40,2,3247.3,30,1
11536,2025-12-30 11:52:33+05:30,3246.5,9,3249.34,715618,99998.0,122006.0,3250.0,3257.0,3239.8,3251.5,42557725,3576.6,2926.4,4322.95,2866.6,3246.5,33,3,3246.4,20,5,3246.3,42,4,3246.2,49,4,3246.1,348,8,3246.6,113,11,3246.8,22,1,3246.9,14,1,3247.0,25,1,3247.1,19,1
11536,2025-12-30 11:52:35+05:30,3246.5,1,3249.34,715618,99998.0,122006.0,3250.0,3257.0,3239.8,3251.5,42557725,3576.6,2926.4,4322.95,2866.6,3246.5,33,3,3246.4,20,5,3246.3,42,4,3246.2,49,4,3246.1,348,8,3246.6,113,11,3246.8,22,1,3246.9,14,1,3247.0,25,1,3247.1,19,1
11536,2025-12-30 11:52:38+05:30,3246.5,1,3249.34,715767,100578.0,122127.0,3250.0,3257.0,3239.8,3251.5,42557725,3576.6,2926.4,4322.95,2866.6,3246.5,4,2,3246.4,70,5,3246.3,96,5,3246.2,49,4,3246.1,348,8,3246.6,76,9,3247.0,46,2,3247.1,32,2,3247.2,26,1,3247.3,30,1
11536,2025-12-30 11:52:38+05:30,3246.5,1,3249.34,715767,100578.0,122127.0,3250.0,3257.0,3239.8,3251.5,42557725,3576.6,2926.4,4322.95,2866.6,3246.5,4,2,3246.4,70,5,3246.3,96,5,3246.2,49,4,3246.1,348,8,3246.6,76,9,3247.0,46,2,3247.1,32,2,3247.2,26,1,3247.3,30,1
11536,2025-12-30 11:52:41+05:30,3246.4,1,3249.34,715767,100578.0,122127.0,3250.0,3257.0,3239.8,3251.5,42557725,3576.6,2926.4,4322.95,2866.6,3246.5,4,2,3246.4,70,5,3246.3,96,5,3246.2,49,4,3246.1,348,8,3246.6,76,9,3247.0,46,2,3247.1,32,2,3247.2,26,1,3247.3,30,1
11536,2025-12-30 11:52:42+05:30,3246.4,1,3249.34,715972,100255.0,122028.0,3250.0,3257.0,3239.8,3251.5,42557725,3576.6,2926.4,4322.95,2866.6,3246.4,26,5,3246.3,96,5,3246.2,49,4,3246.1,348,8,3246.0,60,16,3246.5,38,8,3246.6,68,4,3246.7,5,1,3247.0,46,2,3247.1,19,1
11536,2025-12-30 11:52:44+05:30,3246.5,1,3249.34,715972,100255.0,122028.0,3250.0,3257.0,3239.8,3251.5,42557725,3576.6,2926.4,4322.95,2866.6,3246.4,26,5,3246.3,96,5,3246.2,49,4,3246.1,348,8,3246.0,60,16,3246.5,38,8,3246.6,68,4,3246.7,5,1,3247.0,46,2,3247.1,19,1
11536,2025-12-30 11:52:47+05:30,3246.3,5,3249.33,716708,99977.0,122183.0,3250.0,3257.0,3239.8,3251.5,42557725,3576.6,2926.4,4322.95,2866.6,3246.3,13,4,3246.2,28,3,3246.1,348,8,3246.0,54,15,3245.9,6,1,3246.5,47,7,3246.9,20,1,3247.0,34,2,3247.2,13,1,3247.3,175,1
11536,2025-12-30 11:52:47+05:30,3246.3,5,3249.33,716708,99977.0,122183.0,3250.0,3257.0,3239.8,3251.5,42557725,3576.6,2926.4,4322.95,2866.6,3246.3,13,4,3246.2,28,3,3246.1,348,8,3246.0,54,15,3245.9,6,1,3246.5,47,7,3246.9,20,1,3247.0,34,2,3247.2,13,1,3247.3,175,1
11536,2025-12-30 11:52:50+05:30,3246.2,2,3249.33,716708,99977.0,122183.0,3250.0,3257.0,3239.8,3251.5,42557725,3576.6,2926.4,4322.95,2866.6,3246.3,13,4,3246.2,28,3,3246.1,348,8,3246.0,54,15,3245.9,6,1,3246.5,47,7,3246.9,20,1,3247.0,34,2,3247.2,13,1,3247.3,175,1
11536,2025-12-30 11:52:51+05:30,3246.3,3,3249.33,716865,99886.0,122049.0,3250.0,3257.0,3239.8,3251.5,42557725,3576.6,2926.4,4322.95,2866.6,3246.2,5,2,3246.1,348,8,3246.0,62,15,3245.9,6,1,3245.8,22,1,3246.4,6,3,3246.5,45,2,3246.6,10,1,3246.9,20,1,3247.0,24,1
11536,2025-12-30 11:52:53+05:30,3246.2,9,3249.33,716865,99886.0,122049.0,3250.0,3257.0,3239.8,3251.5,42557725,3576.6,2926.4,4322.95,2866.6,3246.2,5,2,3246.1,348,8,3246.0,62,15,3245.9,6,1,3245.8,22,1,3246.4,6,3,3246.5,45,2,3246.6,10,1,3246.9,20,1,3247.0,24,1
11536,2025-12-30 11:52:55+05:30,3246.4,16,3249.33,716934,100055.0,122087.0,3250.0,3257.0,3239.8,3251.5,42557725,3576.6,2926.4,4322.95,2866.6,3246.2,13,2,3246.1,361,9,3246.0,83,18,3245.9,6,1,3245.8,45,3,3246.4,17,3,3246.5,18,4,3246.6,10,1,3247.1,43,2,3247.3,177,2
11536,2025-12-30 11:52:56+05:30,3246.2,7,3249.33,716934,100055.0,122087.0,3250.0,3257.0,3239.8,3251.5,42557725,3576.6,2926.4,4322.95,2866.6,3246.2,13,2,3246.1,361,9,3246.0,83,18,3245.9,6,1,3245.8,45,3,3246.4,17,3,3246.5,18,4,3246.6,10,1,3247.1,43,2,3247.3,177,2
11536,2025-12-30 11:52:57+05:30,3246.2,7,3249.33,716934,100055.0,122087.0,3250.0,3257.0,3239.8,3251.5,42557725,3576.6,2926.4,4322.95,2866.6,3246.2,13,2,3246.1,361,9,3246.0,83,18,3245.9,6,1,3245.8,45,3,3246.4,17,3,3246.5,18,4,3246.6,10,1,3247.1,43,2,3247.3,177,2
11536,2025-12-30 11:52:58+05:30,3246.2,7,3249.33,716934,100055.0,122087.0,3250.0,3257.0,3239.8,3251.5,42557725,3576.6,2926.4,4322.95,2866.6,3246.2,13,2,3246.1,361,9,3246.0,83,18,3245.9,6,1,3245.8,45,3,3246.4,17,3,3246.5,18,4,3246.6,10,1,3247.1,43,2,3247.3,177,2
11536,2025-12-30 11:52:59+05:30,3246.3,5,3249.33,716934,100055.0,122087.0,3250.0,3257.0,3239.8,3251.5,42557725,3576.6,2926.4,4322.95,2866.6,3246.2,13,2,3246.1,361,9,3246.0,83,18,3245.9,6,1,3245.8,45,3,3246.4,17,3,3246.5,18,4,3246.6,10,1,3247.1,43,2,3247.3,177,2
11536,2025-12-30 11:52:59+05:30,3246.3,5,3249.33,716934,100055.0,122087.0,3250.0,3257.0,3239.8,3251.5,42557725,3576.6,2926.4,4322.95,2866.6,3246.2,13,2,3246.1,361,9,3246.0,83,18,3245.9,6,1,3245.8,45,3,3246.4,17,3,3246.5,18,4,3246.6,10,1,3247.1,43,2,3247.3,177,2
11536,2025-12-30 11:52:59+05:30,3246.3,3,3249.33,717092,99917.0,122190.0,3250.0,3257.0,3239.8,3251.5,42557725,3576.6,2926.4,4322.95,2866.6,3246.3,15,1,3246.2,9,2,3246.1,346,7,3246.0,63,16,3245.9,10,3,3246.4,36,8,3246.5,2,1,3246.6,10,1,3246.9,37,2,3247.0,45,2
11536,2025-12-30 11:53:00+05:30,3246.3,3,3249.33,717092,99917.0,122190.0,3250.0,3257.0,3239.8,3251.5,42557725,3576.6,2926.4,4322.95,2866.6,3246.3,15,1,3246.2,9,2,3246.1,346,7,3246.0,63,16,3245.9,10,3,3246.4,36,8,3246.5,2,1,3246.6,10,1,3246.9,37,2,3247.0,45,2
11536,2025-12-30 11:53:01+05:30,3246.3,3,3249.33,717092,99917.0,122190.0,3250.0,3257.0,3239.8,3251.5,42557725,3576.6,2926.4,4322.95,2866.6,3246.3,15,1,3246.2,9,2,3246.1,346,7,3246.0,63,16,3245.9,10,3,3246.4,36,8,3246.5,2,1,3246.6,10,1,3246.9,37,2,3247.0,45,2
11536,2025-12-30 11:53:02+05:30,3246.3,2,3249.33,717092,99917.0,122190.0,3250.0,3257.0,3239.8,3251.5,42557725,3576.6,2926.4,4322.95,2866.6,3246.3,15,1,3246.2,9,2,3246.1,346,7,3246.0,63,16,3245.9,10,3,3246.4,36,8,3246.5,2,1,3246.6,10,1,3246.9,37,2,3247.0,45,2
11536,2025-12-30 11:53:02+05:30,3246.3,2,3249.33,717092,99917.0,122190.0,3250.0,3257.0,3239.8,3251.5,42557725,3576.6,2926.4,4322.95,2866.6,3246.3,15,1,3246.2,9,2,3246.1,346,7,3246.0,63,16,3245.9,10,3,3246.4,36,8,3246.5,2,1,3246.6,10,1,3246.9,37,2,3247.0,45,2
11536,2025-12-30 11:53:03+05:30,3246.3,2,3249.33,717092,99917.0,122190.0,3250.0,3257.0,3239.8,3251.5,42557725,3576.6,2926.4,4322.95,2866.6,3246.3,15,1,3246.2,9,2,3246.1,346,7,3246.0,63,16,3245.9,10,3,3246.4,36,8,3246.5,2,1,3246.6,10,1,3246.9,37,2,3247.0,45,2
11536,2025-12-30 11:53:04+05:30,3246.3,4,3249.33,717155,99867.0,121962.0,3250.0,3257.0,3239.8,3251.5,42557725,3576.6,2926.4,4322.95,2866.6,3246.3,1,1,3246.2,9,2,3246.1,346,7,3246.0,64,17,3245.9,10,3,3246.4,26,9,3246.5,2,1,3246.6,10,1,3246.9,19,1,3247.1,42,2
11536,2025-12-30 11:53:04+05:30,3246.3,4,3249.33,717155,99867.0,121962.0,3250.0,3257.0,3239.8,3251.5,42557725,3576.6,2926.4,4322.95,2866.6,3246.3,1,1,3246.2,9,2,3246.1,346,7,3246.0,64,17,3245.9,10,3,3246.4,26,9,3246.5,2,1,3246.6,10,1,3246.9,19,1,3247.1,42,2
11536,2025-12-30 11:53:05+05:30,3246.3,4,3249.33,717155,99867.0,121962.0,3250.0,3257.0,3239.8,3251.5,42557725,3576.6,2926.4,4322.95,2866.6,3246.3,1,1,3246.2,9,2,3246.1,346,7,3246.0,64,17,3245.9,10,3,3246.4,26,9,3246.5,2,1,3246.6,10,1,3246.9,19,1,3247.1,42,2
11536,2025-12-30 11:53:05+05:30,3246.3,1,3249.33,717155,99867.0,121962.0,3250.0,3257.0,3239.8,3251.5,42557725,3576.6,2926.4,4322.95,2866.6,3246.3,1,1,3246.2,9,2,3246.1,346,7,3246.0,64,17,3245.9,10,3,3246.4,26,9,3246.5,2,1,3246.6,10,1,3246.9,19,1,3247.1,42,2
11536,2025-12-30 11:53:05+05:30,3246.3,1,3249.33,717155,99867.0,121962.0,3250.0,3257.0,3239.8,3251.5,42557725,3576.6,2926.4,4322.95,2866.6,3246.3,1,1,3246.2,9,2,3246.1,346,7,3246.0,64,17,3245.9,10,3,3246.4,26,9,3246.5,2,1,3246.6,10,1,3246.9,19,1,3247.1,42,2
11536,2025-12-30 11:53:06+05:30,3246.3,1,3249.33,717155,99867.0,121962.0,3250.0,3257.0,3239.8,3251.5,42557725,3576.6,2926.4,4322.95,2866.6,3246.3,1,1,3246.2,9,2,3246.1,346,7,3246.0,64,17,3245.9,10,3,3246.4,26,9,3246.5,2,1,3246.6,10,1,3246.9,19,1,3247.1,42,2
11536,2025-12-30 11:53:07+05:30,3246.3,1,3249.33,717155,99867.0,121962.0,3250.0,3257.0,3239.8,3251.5,42557725,3576.6,2926.4,4322.95,2866.6,3246.3,1,1,3246.2,9,2,3246.1,346,7,3246.0,64,17,3245.9,10,3,3246.4,26,9,3246.5,2,1,3246.6,10,1,3246.9,19,1,3247.1,42,2
11536,2025-12-30 11:53:08+05:30,3246.3,2,3249.33,717155,99867.0,121962.0,3250.0,3257.0,3239.8,3251.5,42557725,3576.6,2926.4,4322.95,2866.6,3246.3,1,1,3246.2,9,2,3246.1,346,7,3246.0,64,17,3245.9,10,3,3246.4,26,9,3246.5,2,1,3246.6,10,1,3246.9,19,1,3247.1,42,2
11536,2025-12-30 11:53:08+05:30,3246.3,54,3249.33,717504,98903.0,121527.0,3250.0,3257.0,3239.8,3251.5,42557725,3576.6,2926.4,4322.95,2866.6,3246.1,202,6,3246.0,64,17,3245.9,10,3,3245.8,24,2,3245.7,39,2,3246.3,7,1,3246.4,26,5,3246.5,31,3,3246.6,10,1,3246.8,175,1
11536,2025-12-30 11:53:09+05:30,3246.3,54,3249.33,717504,98903.0,121527.0,3250.0,3257.0,3239.8,3251.5,42557725,3576.6,2926.4,4322.95,2866.6,3246.1,202,6,3246.0,64,17,3245.9,10,3,3245.8,24,2,3245.7,39,2,3246.3,7,1,3246.4,26,5,3246.5,31,3,3246.6,10,1,3246.8,175,1
11536,2025-12-30 11:53:10+05:30,3246.3,54,3249.33,717504,98903.0,121527.0,3250.0,3257.0,3239.8,3251.5,42557725,3576.6,2926.4,4322.95,2866.6,3246.1,202,6,3246.0,64,17,3245.9,10,3,3245.8,24,2,3245.7,39,2,3246.3,7,1,3246.4,26,5,3246.5,31,3,3246.6,10,1,3246.8,175,1
11536,2025-12-30 11:53:11+05:30,3246.1,12,3249.33,717504,98903.0,121527.0,3250.0,3257.0,3239.8,3251.5,42557725,3576.6,2926.4,4322.95,2866.6,3246.1,202,6,3246.0,64,17,3245.9,10,3,3245.8,24,2,3245.7,39,2,3246.3,7,1,3246.4,26,5,3246.5,31,3,3246.6,10,1,3246.8,175,1
11536,2025-12-30 11:53:12+05:30,3246.1,12,3249.33,717504,98903.0,121527.0,3250.0,3257.0,3239.8,3251.5,42557725,3576.6,2926.4,4322.95,2866.6,3246.1,202,6,3246.0,64,17,3245.9,10,3,3245.8,24,2,3245.7,39,2,3246.3,7,1,3246.4,26,5,3246.5,31,3,3246.6,10,1,3246.8,175,1
11536,2025-12-30 11:53:13+05:30,3246.1,12,3249.33,717676,98761.0,120889.0,3250.0,3257.0,3239.8,3251.5,42557725,3576.6,2926.4,4322.95,2866.6,3246.1,82,5,3246.0,44,16,3245.9,10,3,3245.8,24,2,3245.7,26,1,3246.3,101,7,3246.4,3,1,3246.5,2,1,3246.6,24,3,3246.7,19,1
11536,2025-12-30 11:53:13+05:30,3246.1,12,3249.33,717676,98761.0,120889.0,3250.0,3257.0,3239.8,3251.5,42557725,3576.6,2926.4,4322.95,2866.6,3246.1,82,5,3246.0,44,16,3245.9,10,3,3245.8,24,2,3245.7,26,1,3246.3,101,7,3246.4,3,1,3246.5,2,1,3246.6,24,3,3246.7,19,1
11536,2025-12-30 11:53:14+05:30,3246.3,8,3249.33,717676,98761.0,120889.0,3250.0,3257.0,3239.8,3251.5,42557725,3576.6,2926.4,4322.95,2866.6,3246.1,82,5,3246.0,44,16,3245.9,10,3,3245.8,24,2,3245.7,26,1,3246.3,101,7,3246.4,3,1,3246.5,2,1,3246.6,24,3,3246.7,19,1
11536,2025-12-30 11:53:15+05:30,3246.3,8,3249.33,717676,98761.0,120889.0,3250.0,3257.0,3239.8,3251.5,42596575,3576.6,2926.4,4322.95,2866.6,3246.1,82,5,3246.0,44,16,3245.9,10,3,3245.8,24,2,3245.7,26,1,3246.3,101,7,3246.4,3,1,3246.5,2,1,3246.6,24,3,3246.7,19,1
11536,2025-12-30 11:53:17+05:30,3246.3,8,3249.33,717676,98761.0,120889.0,3250.0,3257.0,3239.8,3251.5,42596575,3576.6,2926.4,4322.95,2866.6,3246.1,82,5,3246.0,44,16,3245.9,10,3,3245.8,24,2,3245.7,26,1,3246.3,101,7,3246.4,3,1,3246.5,2,1,3246.6,24,3,3246.7,19,1
11536,2025-12-30 11:53:17+05:30,3246.3,4,3249.33,717676,98761.0,120889.0,3250.0,3257.0,3239.8,3251.5,42596575,3576.6,2926.4,4322.95,2866.6,3246.1,82,5,3246.0,44,16,3245.9,10,3,3245.8,24,2,3245.7,26,1,3246.3,101,7,3246.4,3,1,3246.5,2,1,3246.6,24,3,3246.7,19,1
11536,2025-12-30 11:53:18+05:30,3246.3,4,3249.33,717943,98577.0,122260.0,3250.0,3257.0,3239.8,3251.5,42596575,3576.6,2926.4,4322.95,2866.6,3246.1,43,5,3246.0,44,16,3245.9,10,3,3245.8,24,2,3245.7,26,1,3246.3,21,5,3246.8,21,1,3246.9,24,1,3247.0,1,1,3247.1,554,5
11536,2025-12-30 11:53:20+05:30,3246.1,12,3249.33,717943,98577.0,122260.0,3250.0,3257.0,3239.8,3251.5,42596575,3576.6,2926.4,4322.95,2866.6,3246.1,43,5,3246.0,44,16,3245.9,10,3,3245.8,24,2,3245.7,26,1,3246.3,21,5,3246.8,21,1,3246.9,24,1,3247.0,1,1,3247.1,554,5
11536,2025-12-30 11:53:22+05:30,3246.1,7,3249.33,718089,98541.0,122477.0,3250.0,3257.0,3239.8,3251.5,42596575,3576.6,2926.4,4322.95,2866.6,3246.1,59,6,3246.0,50,17,3245.9,10,3,3245.8,24,2,3245.7,13,1,3246.3,57,9,3246.8,20,1,3246.9,23,1,3247.0,1,1,3247.1,572,6
11536,2025-12-30 11:53:23+05:30,3246.3,1,3249.33,718089,98541.0,122477.0,3250.0,3257.0,3239.8,3251.5,42596575,3576.6,2926.4,4322.95,2866.6,3246.1,59,6,3246.0,50,17,3245.9,10,3,3245.8,24,2,3245.7,13,1,3246.3,57,9,3246.8,20,1,3246.9,23,1,3247.0,1,1,3247.1,572,6
11536,2025-12-30 11:53:26+05:30,3246.1,3,3249.33,718089,98541.0,122477.0,3250.0,3257.0,3239.8,3251.5,42596575,3576.6,2926.4,4322.95,2866.6,3246.1,59,6,3246.0,50,17,3245.9,10,3,3245.8,24,2,3245.7,13,1,3246.3,57,9,3246.8,20,1,3246.9,23,1,3247.0,1,1,3247.1,572,6
11536,2025-12-30 11:53:27+05:30,3246.2,35,3249.33,718226,99174.0,121815.0,3250.0,3257.0,3239.8,3251.5,42596575,3576.6,2926.4,4322.95,2866.6,3246.1,68,6,3246.0,44,16,3245.9,10,3,3245.8,36,3,3245.6,41,3,3246.2,8,1,3246.3,8,6,3247.0,23,1,3247.1,74,3,3247.2,198,3
11536,2025-12-30 11:53:29+05:30,3246.1,2,3249.33,718226,99174.0,121815.0,3250.0,3257.0,3239.8,3251.5,42596575,3576.6,2926.4,4322.95,2866.6,3246.1,68,6,3246.0,44,16,3245.9,10,3,3245.8,36,3,3245.6,41,3,3246.2,8,1,3246.3,8,6,3247.0,23,1,3247.1,74,3,3247.2,198,3
11536,2025-12-30 11:53:31+05:30,3246.1,1,3249.33,718333,99229.0,121985.0,3250.0,3257.0,3239.8,3251.5,42596575,3576.6,2926.4,4322.95,2866.6,3246.1,39,6,3246.0,47,17,3245.9,28,4,3245.8,62,4,3245.6,40,3,3246.2,5,5,3246.9,20,1,3247.0,23,1,3247.1,74,3,3247.2,180,3
11536,2025-12-30 11:53:32+05:30,3246.1,5,3249.33,718333,99229.0,121985.0,3250.0,3257.0,3239.8,3251.5,42596575,3576.6,2926.4,4322.95,2866.6,3246.1,39,6,3246.0,47,17,3245.9,28,4,3245.8,62,4,3245.6,40,3,3246.2,5,5,3246.9,20,1,3247.0,23,1,3247.1,74,3,3247.2,180,3
11536,2025-12-30 11:53:35+05:30,3247.1,5,3249.33,718333,99229.0,121985.0,3250.0,3257.0,3239.8,3251.5,42596575,3576.6,2926.4,4322.95,2866.6,3246.1,39,6,3246.0,47,17,3245.9,28,4,3245.8,62,4,3245.6,40,3,3246.2,5,5,3246.9,20,1,3247.0,23,1,3247.1,74,3,3247.2,180,3
11536,2025-12-30 11:53:35+05:30,3246.2,3,3249.33,718376,99521.0,121638.0,3250.0,3257.0,3239.8,3251.5,42596575,3576.6,2926.4,4322.95,2866.6,3246.2,23,2,3246.1,75,6,3246.0,69,18,3245.9,10,3,3245.8,180,3,3247.1,61,7,3247.2,190,3,3247.4,675,6,3247.5,28,2,3247.6,43,4
11536,2025-12-30 11:53:38+05:30,3246.4,6,3249.33,718376,99521.0,121638.0,3250.0,3257.0,3239.8,3251.5,42596575,3576.6,2926.4,4322.95,2866.6,3246.2,23,2,3246.1,75,6,3246.0,69,18,3245.9,10,3,3245.8,180,3,3247.1,61,7,3247.2,190,3,3247.4,675,6,3247.5,28,2,3247.6,43,4
11536,2025-12-30 11:53:39+05:30,3246.4,5,3249.32,719062,99348.0,122043.0,3250.0,3257.0,3239.8,3251.5,42596575,3576.6,2926.4,4322.95,2866.6,3246.1,77,6,3246.0,93,19,3245.9,20,4,3245.8,24,2,3245.7,23,1,3246.4,10,3,3247.0,19,1,3247.1,38,3,3247.2,282,1,3247.3,215,3
11536,2025-12-30 11:53:41+05:30,3246.4,6,3249.32,719062,99348.0,122043.0,3250.0,3257.0,3239.8,3251.5,42596575,3576.6,2926.4,4322.95,2866.6,3246.1,77,6,3246.0,93,19,3245.9,20,4,3245.8,24,2,3245.7,23,1,3246.4,10,3,3247.0,19,1,3247.1,38,3,3247.2,282,1,3247.3,215,3
11536,2025-12-30 11:53:44+05:30,3246.1,8,3249.32,719227,99556.0,122115.0,3250.0,3257.0,3239.8,3251.5,42596575,3576.6,2926.4,4322.95,2866.6,3246.1,23,4,3246.0,91,19,3245.9,27,4,3245.8,63,4,3245.7,80,3,3246.4,11,6,3247.1,53,3,3247.2,457,2,3247.3,68,4,3247.4,330,4
11536,2025-12-30 11:53:44+05:30,3246.1,8,3249.32,719227,99556.0,122115.0,3250.0,3257.0,3239.8,3251.5,42596575,3576.6,2926.4,4322.95,2866.6,3246.1,23,4,3246.0,91,19,3245.9,27,4,3245.8,63,4,3245.7,80,3,3246.4,11,6,3247.1,53,3,3247.2,457,2,3247.3,68,4,3247.4,330,4
11536,2025-12-30 11:53:47+05:30,3246.2,2,3249.32,719227,99556.0,122115.0,3250.0,3257.0,3239.8,3251.5,42596575,3576.6,2926.4,4322.95,2866.6,3246.1,23,4,3246.0,91,19,3245.9,27,4,3245.8,63,4,3245.7,80,3,3246.4,11,6,3247.1,53,3,3247.2,457,2,3247.3,68,4,3247.4,330,4
11536,2025-12-30 11:53:48+05:30,3246.2,1,3249.32,719459,99438.0,122241.0,3250.0,3257.0,3239.8,3251.5,42596575,3576.6,2926.4,4322.95,2866.6,3246.2,5,1,3246.1,22,5,3246.0,47,17,3245.9,29,4,3245.8,70,6,3246.4,13,6,3247.1,175,1,3247.2,301,2,3247.3,304,3,3247.4,44,2
11536,2025-12-30 11:53:50+05:30,3246.4,1,3249.32,719459,99438.0,122241.0,3250.0,3257.0,3239.8,3251.5,42596575,3576.6,2926.4,4322.95,2866.6,3246.2,5,1,3246.1,22,5,3246.0,47,17,3245.9,29,4,3245.8,70,6,3246.4,13,6,3247.1,175,1,3247.2,301,2,3247.3,304,3,3247.4,44,2
11536,2025-12-30 11:53:52+05:30,3246.1,4,3249.32,719600,99417.0,122267.0,3250.0,3257.0,3239.8,3251.5,42596575,3576.6,2926.4,4322.95,2866.6,3246.1,4,3,3246.0,47,17,3245.9,10,3,3245.8,27,3,3245.7,36,2,3246.4,10,7,3246.9,19,1,3247.0,23,2,3247.1,175,1,3247.2,282,1
11536,2025-12-30 11:53:53+05:30,3246.4,1,3249.32,719600,99417.0,122267.0,3250.0,3257.0,3239.8,3251.5,42596575,3576.6,2926.4,4322.95,2866.6,3246.1,4,3,3246.0,47,17,3245.9,10,3,3245.8,27,3,3245.7,36,2,3246.4,10,7,3246.9,19,1,3247.0,23,2,3247.1,175,1,3247.2,282,1
11536,2025-12-30 11:53:56+05:30,3246.4,2,3249.32,719600,99417.0,122267.0,3250.0,3257.0,3239.8,3251.5,42596575,3576.6,2926.4,4322.95,2866.6,3246.1,4,3,3246.0,47,17,3245.9,10,3,3245.8,27,3,3245.7,36,2,3246.4,10,7,3246.9,19,1,3247.0,23,2,3247.1,175,1,3247.2,282,1
11536,2025-12-30 11:53:56+05:30,3246.4,1,3249.32,719692,100065.0,122003.0,3250.0,3257.0,3239.8,3251.5,42596575,3576.6,2926.4,4322.95,2866.6,3246.0,76,20,3245.9,51,5,3245.8,52,5,3245.7,95,4,3245.6,280,7,3246.4,7,1,3246.8,175,1,3247.0,286,2,3247.1,284,3,3247.3,18,1
11536,2025-12-30 11:53:59+05:30,3246.0,2,3249.32,719692,100065.0,122003.0,3250.0,3257.0,3239.8,3251.5,42596575,3576.6,2926.4,4322.95,2866.6,3246.0,76,20,3245.9,51,5,3245.8,52,5,3245.7,95,4,3245.6,280,7,3246.4,7,1,3246.8,175,1,3247.0,286,2,3247.1,284,3,3247.3,18,1
11536,2025-12-30 11:54:00+05:30,3246.1,2,3249.32,719785,99048.0,121545.0,3250.0,3257.0,3239.8,3251.5,42596575,3576.6,2926.4,4322.95,2866.6,3246.1,12,1,3246.0,127,8,3245.9,35,5,3245.8,122,6,3245.7,64,3,3246.4,9,7,3247.0,111,1,3247.1,3,1,3247.2,195,2,3247.4,193,2
11536,2025-12-30 11:54:02+05:30,3246.1,50,3249.32,719785,99048.0,121545.0,3250.0,3257.0,3239.8,3251.5,42596575,3576.6,2926.4,4322.95,2866.6,3246.1,12,1,3246.0,127,8,3245.9,35,5,3245.8,122,6,3245.7,64,3,3246.4,9,7,3247.0,111,1,3247.1,3,1,3247.2,195,2,3247.4,193,2
11536,2025-12-30 11:54:05+05:30,3246.4,1,3249.32,719898,100074.0,121806.0,3250.0,3257.0,3239.8,3251.5,42596575,3576.6,2926.4,4322.95,2866.6,3246.3,7,1,3246.1,58,2,3246.0,123,7,3245.9,30,4,3245.8,192,4,3246.4,38,8,3247.0,23,1,3247.1,3,1,3247.2,215,4,3247.4,158,3
11536,2025-12-30 11:54:05+05:30,3246.3,4,3249.32,719898,100074.0,121806.0,3250.0,3257.0,3239.8,3251.5,42596575,3576.6,2926.4,4322.95,2866.6,3246.3,7,1,3246.1,58,2,3246.0,123,7,3245.9,30,4,3245.8,192,4,3246.4,38,8,3247.0,23,1,3247.1,3,1,3247.2,215,4,3247.4,158,3
11536,2025-12-30 11:54:08+05:30,3246.0,1,3249.32,719898,100074.0,121806.0,3250.0,3257.0,3239.8,3251.5,42596575,3576.6,2926.4,4322.95,2866.6,3246.3,7,1,3246.1,58,2,3246.0,123,7,3245.9,30,4,3245.8,192,4,3246.4,38,8,3247.0,23,1,3247.1,3,1,3247.2,215,4,3247.4,158,3
11536,2025-12-30 11:54:09+05:30,3246.0,2,3249.32,720020,98915.0,122078.0,3250.0,3257.0,3239.8,3251.5,42596575,3576.6,2926.4,4322.95,2866.6,3246.0,58,6,3245.9,10,3,3245.8,34,3,3245.7,20,2,3245.6,55,4,3246.1,7,7,3246.4,44,2,3246.8,43,2,3247.0,1,1,3247.1,178,2
11536,2025-12-30 11:54:11+05:30,3246.0,2,3249.32,720020,98915.0,122078.0,3250.0,3257.0,3239.8,3251.5,42596575,3576.6,2926.4,4322.95,2866.6,3246.0,58,6,3245.9,10,3,3245.8,34,3,3245.7,20,2,3245.6,55,4,3246.1,7,7,3246.4,44,2,3246.8,43,2,3247.0,1,1,3247.1,178,2
11536,2025-12-30 11:54:13+05:30,3246.0,1,3249.32,720080,98840.0,122153.0,3250.0,3257.0,3239.8,3251.5,42596575,3576.6,2926.4,4322.95,2866.6,3246.0,37,6,3245.9,10,3,3245.8,52,4,3245.7,12,1,3245.6,55,4,3246.1,4,4,3246.4,44,2,3247.0,176,2,3247.1,3,1,3247.2,326,5
11536,2025-12-30 11:54:14+05:30,3246.1,1,3249.32,720080,98840.0,122153.0,3250.0,3257.0,3239.8,3251.5,42596575,3576.6,2926.4,4322.95,2866.6,3246.0,37,6,3245.9,10,3,3245.8,52,4,3245.7,12,1,3245.6,55,4,3246.1,4,4,3246.4,44,2,3247.0,176,2,3247.1,3,1,3247.2,326,5
11536,2025-12-30 11:54:17+05:30,3246.1,24,3249.32,720080,98840.0,122153.0,3250.0,3257.0,3239.8,3251.5,42596575,3576.6,2926.4,4322.95,2866.6,3246.0,37,6,3245.9,10,3,3245.8,52,4,3245.7,12,1,3245.6,55,4,3246.1,4,4,3246.4,44,2,3247.0,176,2,3247.1,3,1,3247.2,326,5
11536,2025-12-30 11:54:18+05:30,3246.1,24,3249.32,720237,99306.0,120813.0,3250.0,3257.0,3239.8,3251.5,42596575,3576.6,2926.4,4322.95,2866.6,3246.0,62,9,3245.9,33,4,3245.8,57,5,3245.7,44,3,3245.6,264,8,3246.1,9,3,3247.1,1,1,3247.2,175,1,3247.4,333,4,3247.6,76,4
11536,2025-12-30 11:54:20+05:30,3246.0,1,3249.32,720237,99306.0,120813.0,3250.0,3257.0,3239.8,3251.5,42596575,3576.6,2926.4,4322.95,2866.6,3246.0,62,9,3245.9,33,4,3245.8,57,5,3245.7,44,3,3245.6,264,8,3246.1,9,3,3247.1,1,1,3247.2,175,1,3247.4,333,4,3247.6,76,4
11536,2025-12-30 11:54:22+05:30,3249.4,5,3249.32,722695,101387.0,118562.0,3250.0,3257.0,3239.8,3251.5,42596575,3576.6,2926.4,4322.95,2866.6,3246.6,22,2,3246.5,54,3,3246.4,246,5,3246.3,53,3,3246.2,235,5,3247.6,70,4,3247.7,19,1,3247.9,12,1,3248.1,12,1,3248.3,32,2
11536,2025-12-30 11:54:23+05:30,3246.7,1,3249.32,722695,101387.0,118562.0,3250.0,3257.0,3239.8,3251.5,42596575,3576.6,2926.4,4322.95,2866.6,3246.6,22,2,3246.5,54,3,3246.4,246,5,3246.3,53,3,3246.2,235,5,3247.6,70,4,3247.7,19,1,3247.9,12,1,3248.1,12,1,3248.3,32,2
11536,2025-12-30 11:54:26+05:30,3246.6,64,3249.31,723226,101573.0,120408.0,3250.0,3257.0,3239.8,3251.5,42596575,3576.6,2926.4,4322.95,2866.6,3246.5,61,3,3246.4,19,3,3246.3,9,2,3246.2,26,2,3246.1,63,3,3246.6,72,1,3246.7,24,5,3247.3,20,1,3247.4,23,1,3247.5,175,1
11536,2025-12-30 11:54:26+05:30,3246.6,64,3249.31,723226,101573.0,120408.0,3250.0,3257.0,3239.8,3251.5,42596575,3576.6,2926.4,4322.95,2866.6,3246.5,61,3,3246.4,19,3,3246.3,9,2,3246.2,26,2,3246.1,63,3,3246.6,72,1,3246.7,24,5,3247.3,20,1,3247.4,23,1,3247.5,175,1
11536,2025-12-30 11:54:29+05:30,3246.4,5,3249.31,723226,101573.0,120408.0,3250.0,3257.0,3239.8,3251.5,42596575,3576.6,2926.4,4322.95,2866.6,3246.5,61,3,3246.4,19,3,3246.3,9,2,3246.2,26,2,3246.1,63,3,3246.6,72,1,3246.7,24,5,3247.3,20,1,3247.4,23,1,3247.5,175,1
11536,2025-12-30 11:54:30+05:30,3246.4,3,3249.31,723718,101015.0,120938.0,3250.0,3257.0,3239.8,3251.5,42596575,3576.6,2926.4,4322.95,2866.6,3246.3,6,1,3246.2,5,1,3246.1,6,1,3246.0,42,6,3245.9,53,5,3246.4,51,3,3246.5,12,6,3246.6,4,1,3247.0,20,1,3247.1,24,1
11536,2025-12-30 11:54:32+05:30,3246.2,2,3249.31,723718,101015.0,120938.0,3250.0,3257.0,3239.8,3251.5,42596575,3576.6,2926.4,4322.95,2866.6,3246.3,6,1,3246.2,5,1,3246.1,6,1,3246.0,42,6,3245.9,53,5,3246.4,51,3,3246.5,12,6,3246.6,4,1,3247.0,20,1,3247.1,24,1
11536,2025-12-30 11:54:34+05:30,3246.4,2,3249.31,724456,101425.0,119434.0,3250.0,3257.0,3239.8,3251.5,42596575,3576.6,2926.4,4322.95,2866.6,3246.4,17,3,3246.2,214,6,3246.1,59,3,3246.0,316,11,3245.9,210,9,3247.3,177,3,3247.4,24,2,3247.5,350,2,3247.6,3,1,3247.7,19,1
11536,2025-12-30 11:54:35+05:30,3246.4,34,3249.31,724456,101425.0,119434.0,3250.0,3257.0,3239.8,3251.5,42596575,3576.6,2926.4,4322.95,2866.6,3246.4,17,3,3246.2,214,6,3246.1,59,3,3246.0,316,11,3245.9,210,9,3247.3,177,3,3247.4,24,2,3247.5,350,2,3247.6,3,1,3247.7,19,1
11536,2025-12-30 11:54:38+05:30,3246.3,3,3249.31,724456,101425.0,119434.0,3250.0,3257.0,3239.8,3251.5,42596575,3576.6,2926.4,4322.95,2866.6,3246.4,17,3,3246.2,214,6,3246.1,59,3,3246.0,316,11,3245.9,210,9,3247.3,177,3,3247.4,24,2,3247.5,350,2,3247.6,3,1,3247.7,19,1
11536,2025-12-30 11:54:39+05:30,3247.3,37,3249.31,725042,101594.0,120039.0,3250.0,3257.0,3239.8,3251.5,42596575,3576.6,2926.4,4322.95,2866.6,3246.4,6,1,3246.3,22,2,3246.2,86,4,3246.1,49,2,3246.0,464,13,3247.3,88,3,3247.4,20,1,3247.5,374,3,3247.7,19,1,3247.9,57,2
11536,2025-12-30 11:54:41+05:30,3246.2,9,3249.31,725042,101594.0,120039.0,3250.0,3257.0,3239.8,3251.5,42596575,3576.6,2926.4,4322.95,2866.6,3246.4,6,1,3246.3,22,2,3246.2,86,4,3246.1,49,2,3246.0,464,13,3247.3,88,3,3247.4,20,1,3247.5,374,3,3247.7,19,1,3247.9,57,2
11536,2025-12-30 11:54:43+05:30,3246.1,11,3249.31,725149,101116.0,120929.0,3250.0,3257.0,3239.8,3251.5,42596575,3576.6,2926.4,4322.95,2866.6,3246.0,149,7,3245.9,84,7,3245.8,303,8,3245.7,156,7,3245.6,198,9,3246.2,9,4,3246.4,3,3,3247.3,82,2,3247.4,3,1,3247.5,371,3
11536,2025-12-30 11:54:44+05:30,3246.0,11,3249.31,725149,101116.0,120929.0,3250.0,3257.0,3239.8,3251.5,42596575,3576.6,2926.4,4322.95,2866.6,3246.0,149,7,3245.9,84,7,3245.8,303,8,3245.7,156,7,3245.6,198,9,3246.2,9,4,3246.4,3,3,3247.3,82,2,3247.4,3,1,3247.5,371,3
11536,2025-12-30 11:54:47+05:30,3246.2,1,3249.31,725149,101116.0,120929.0,3250.0,3257.0,3239.8,3251.5,42596575,3576.6,2926.4,4322.95,2866.6,3246.0,149,7,3245.9,84,7,3245.8,303,8,3245.7,156,7,3245.6,198,9,3246.2,9,4,3246.4,3,3,3247.3,82,2,3247.4,3,1,3247.5,371,3
11536,2025-12-30 11:54:47+05:30,3246.2,1,3249.3,725234,100811.0,120877.0,3250.0,3257.0,3239.8,3251.5,42596575,3576.6,2926.4,4322.95,2866.6,3246.1,12,2,3246.0,184,8,3245.9,74,7,3245.8,333,9,3245.7,65,3,3246.2,9,3,3247.2,45,2,3247.3,82,3,3247.4,3,1,3247.5,632,3
11536,2025-12-30 11:54:50+05:30,3246.2,2,3249.3,725234,100811.0,120877.0,3250.0,3257.0,3239.8,3251.5,42596575,3576.6,2926.4,4322.95,2866.6,3246.1,12,2,3246.0,184,8,3245.9,74,7,3245.8,333,9,3245.7,65,3,3246.2,9,3,3247.2,45,2,3247.3,82,3,3247.4,3,1,3247.5,632,3
11536,2025-12-30 11:54:51+05:30,3246.2,20,3249.3,725383,100572.0,120780.0,3250.0,3257.0,3239.8,3251.5,42596575,3576.6,2926.4,4322.95,2866.6,3246.2,15,2,3246.1,3,1,3246.0,195,8,3245.9,89,6,3245.8,329,8,3247.0,82,3,3247.1,22,1,3247.2,374,3,3247.4,3,1,3247.5,285,2
11536,2025-12-30 11:54:53+05:30,3246.6,11,3249.3,725383,100572.0,120780.0,3250.0,3257.0,3239.8,3251.5,42596575,3576.6,2926.4,4322.95,2866.6,3246.2,15,2,3246.1,3,1,3246.0,195,8,3245.9,89,6,3245.8,329,8,3247.0,82,3,3247.1,22,1,3247.2,374,3,3247.4,3,1,3247.5,285,2
11536,2025-12-30 11:54:56+05:30,3246.9,1,3249.3,725794,102812.0,119354.0,3250.0,3257.0,3239.8,3251.5,42596575,3576.6,2926.4,4322.95,2866.6,3247.1,1,1,3246.9,5,1,3246.6,21,1,3246.5,213,3,3246.4,122,5,3247.3,22,1,3247.4,15,2,3247.5,632,3,3247.9,20,1,3248.0,175,1
11536,2025-12-30 11:54:56+05:30,3246.9,1,3249.3,725794,102812.0,119354.0,3250.0,3257.0,3239.8,3251.5,42596575,3576.6,2926.4,4322.95,2866.6,3247.1,1,1,3246.9,5,1,3246.6,21,1,3246.5,213,3,3246.4,122,5,3247.3,22,1,3247.4,15,2,3247.5,632,3,3247.9,20,1,3248.0,175,1
11536,2025-12-30 11:54:59+05:30,3247.0,14,3249.3,725794,102812.0,119354.0,3250.0,3257.0,3239.8,3251.5,42596575,3576.6,2926.4,4322.95,2866.6,3247.1,1,1,3246.9,5,1,3246.6,21,1,3246.5,213,3,3246.4,122,5,3247.3,22,1,3247.4,15,2,3247.5,632,3,3247.9,20,1,3248.0,175,1
11536,2025-12-30 11:55:00+05:30,3247.1,1,3249.3,726079,102412.0,120011.0,3250.0,3257.0,3239.8,3251.5,42596575,3576.6,2926.4,4322.95,2866.6,3246.5,13,2,3246.4,34,3,3246.2,96,3,3246.1,181,7,3246.0,407,11,3247.1,12,5,3247.2,457,2,3247.3,38,2,3247.4,350,2,3247.6,29,1
11536,2025-12-30 11:55:02+05:30,3246.5,40,3249.3,726079,102412.0,120011.0,3250.0,3257.0,3239.8,3251.5,42596575,3576.6,2926.4,4322.95,2866.6,3246.5,13,2,3246.4,34,3,3246.2,96,3,3246.1,181,7,3246.0,407,11,3247.1,12,5,3247.2,457,2,3247.3,38,2,3247.4,350,2,3247.6,29,1
11536,2025-12-30 11:55:05+05:30,3247.2,1,3249.3,726325,102336.0,119241.0,3250.0,3257.0,3239.8,3251.5,42596575,3576.6,2926.4,4322.95,2866.6,3246.5,28,4,3246.4,36,4,3246.3,3,2,3246.2,96,3,3246.1,72,5,3247.2,75,2,3247.3,14,1,3247.4,350,2,3247.5,306,2,3247.6,29,1
11536,2025-12-30 11:55:05+05:30,3247.2,1,3249.3,726325,102336.0,119241.0,3250.0,3257.0,3239.8,3251.5,42596575,3576.6,2926.4,4322.95,2866.6,3246.5,28,4,3246.4,36,4,3246.3,3,2,3246.2,96,3,3246.1,72,5,3247.2,75,2,3247.3,14,1,3247.4,350,2,3247.5,306,2,3247.6,29,1
11536,2025-12-30 11:55:08+05:30,3246.5,5,3249.3,726325,102336.0,119241.0,3250.0,3257.0,3239.8,3251.5,42596575,3576.6,2926.4,4322.95,2866.6,3246.5,28,4,3246.4,36,4,3246.3,3,2,3246.2,96,3,3246.1,72,5,3247.2,75,2,3247.3,14,1,3247.4,350,2,3247.5,306,2,3247.6,29,1
11536,2025-12-30 11:55:09+05:30,3246.5,30,3249.3,726536,102061.0,119041.0,3250.0,3257.0,3239.8,3251.5,42596575,3576.6,2926.4,4322.95,2866.6,3246.5,11,1,3246.4,27,4,3246.3,3,2,3246.2,95,3,3246.1,60,4,3247.1,32,3,3247.2,369,7,3247.3,306,2,3247.4,29,1,3247.5,19,1
11536,2025-12-30 11:55:11+05:30,3246.5,1,3249.3,726536,102061.0,119041.0,3250.0,3257.0,3239.8,3251.5,42596575,3576.6,2926.4,4322.95,2866.6,3246.5,11,1,3246.4,27,4,3246.3,3,2,3246.2,95,3,3246.1,60,4,3247.1,32,3,3247.2,369,7,3247.3,306,2,3247.4,29,1,3247.5,19,1
11536,2025-12-30 11:55:13+05:30,3246.8,1,3249.3,726609,102340.0,119710.0,3250.0,3257.0,3239.8,3251.5,42596575,3576.6,2926.4,4322.95,2866.6,3246.8,8,1,3246.5,2,2,3246.4,56,6,3246.3,14,3,3246.2,229,3,3247.1,45,8,3247.4,25,1,3247.5,381,3,3247.7,3,1,3247.9,27,1
11536,2025-12-30 11:55:14+05:30,3246.8,1,3249.3,726609,102340.0,119710.0,3250.0,3257.0,3239.8,3251.5,42596575,3576.6,2926.4,4322.95,2866.6,3246.8,8,1,3246.5,2,2,3246.4,56,6,3246.3,14,3,3246.2,229,3,3247.1,45,8,3247.4,25,1,3247.5,381,3,3247.7,3,1,3247.9,27,1
11536,2025-12-30 11:55:17+05:30,3246.4,3,3249.3,726609,102340.0,119710.0,3250.0,3257.0,3239.8,3251.5,42596575,3576.6,2926.4,4322.95,2866.6,3246.8,8,1,3246.5,2,2,3246.4,56,6,3246.3,14,3,3246.2,229,3,3247.1,45,8,3247.4,25,1,3247.5,381,3,3247.7,3,1,3247.9,27,1
11536,2025-12-30 11:55:17+05:30,3246.4,3,3249.3,726686,101721.0,119977.0,3250.0,3257.0,3239.8,3251.5,42596575,3576.6,2926.4,4322.95,2866.6,3246.4,24,4,3246.3,12,3,3246.2,59,3,3246.1,69,4,3246.0,199,11,3246.5,10,3,3247.1,15,5,3247.3,175,1,3247.5,381,3,3247.7,28,2
11536,2025-12-30 11:55:20+05:30,3246.4,1,3249.3,726686,101721.0,119977.0,3250.0,3257.0,3239.8,3251.5,42596575,3576.6,2926.4,4322.95,2866.6,3246.4,24,4,3246.3,12,3,3246.2,59,3,3246.1,69,4,3246.0,199,11,3246.5,10,3,3247.1,15,5,3247.3,175,1,3247.5,381,3,3247.7,28,2
11536,2025-12-30 11:55:21+05:30,3246.4,1,3249.3,726800,101713.0,119783.0,3250.0,3257.0,3239.8,3251.5,42596575,3576.6,2926.4,4322.95,2866.6,3246.4,25,4,3246.3,11,3,3246.2,9,1,3246.1,20,2,3246.0,193,11,3246.5,7,6,3247.1,11,1,3247.3,175,1,3247.5,381,3,3247.7,28,2
11536,2025-12-30 11:55:23+05:30,3247.5,55,3249.3,726800,101713.0,119783.0,3250.0,3257.0,3239.8,3251.5,42596575,3576.6,2926.4,4322.95,2866.6,3246.4,25,4,3246.3,11,3,3246.2,9,1,3246.1,20,2,3246.0,193,11,3246.5,7,6,3247.1,11,1,3247.3,175,1,3247.5,381,3,3247.7,28,2
11536,2025-12-30 11:55:25+05:30,3246.4,7,3249.3,727185,101830.0,119576.0,3250.0,3257.0,3239.8,3251.5,42596575,3576.6,2926.4,4322.95,2866.6,3246.4,44,6,3246.3,4,3,3246.2,21,1,3246.1,78,4,3246.0,344,10,3247.2,10,3,3247.3,2,2,3247.5,31,1,3247.6,26,1,3247.7,175,1
11536,2025-12-30 11:55:26+05:30,3246.4,4,3249.3,727185,101830.0,119576.0,3250.0,3257.0,3239.8,3251.5,42596575,3576.6,2926.4,4322.95,2866.6,3246.4,44,6,3246.3,4,3,3246.2,21,1,3246.1,78,4,3246.0,344,10,3247.2,10,3,3247.3,2,2,3247.5,31,1,3247.6,26,1,3247.7,175,1
11536,2025-12-30 11:55:28+05:30,3246.4,1,3249.3,727319,101641.0,119775.0,3250.0,3257.0,3239.8,3251.5,42596575,3576.6,2926.4,4322.95,2866.6,3246.4,47,6,3246.3,4,3,3246.2,21,1,3246.1,23,2,3246.0,244,9,3247.2,28,9,3247.4,26,1,3247.5,53,2,3247.6,18,1,3247.7,201,2
11536,2025-12-30 11:55:28+05:30,3246.4,1,3249.3,727319,101641.0,119775.0,3250.0,3257.0,3239.8,3251.5,42596575,3576.6,2926.4,4322.95,2866.6,3246.4,47,6,3246.3,4,3,3246.2,21,1,3246.1,23,2,3246.0,244,9,3247.2,28,9,3247.4,26,1,3247.5,53,2,3247.6,18,1,3247.7,201,2
11536,2025-12-30 11:55:29+05:30,3246.4,5,3249.3,727351,101660.0,119769.0,3250.0,3257.0,3239.8,3251.5,42596575,3576.6,2926.4,4322.95,2866.6,3246.4,57,4,3246.3,13,4,3246.2,21,1,3246.1,23,2,3246.0,244,9,3247.2,25,8,3247.4,26,1,3247.5,68,3,3247.7,201,2,3247.8,21,2
11536,2025-12-30 11:55:29+05:30,3246.4,2,3249.3,727351,101660.0,119769.0,3250.0,3257.0,3239.8,3251.5,42596575,3576.6,2926.4,4322.95,2866.6,3246.4,57,4,3246.3,13,4,3246.2,21,1,3246.1,23,2,3246.0,244,9,3247.2,25,8,3247.4,26,1,3247.5,68,3,3247.7,201,2,3247.8,21,2
11536,2025-12-30 11:55:30+05:30,3246.4,12,3249.3,727376,101637.0,119769.0,3250.0,3257.0,3239.8,3251.5,42596575,3576.6,2926.4,4322.95,2866.6,3246.4,34,4,3246.3,13,4,3246.2,21,1,3246.1,23,2,3246.0,244,9,3247.2,25,9,3247.3,26,1,3247.4,31,1,3247.5,37,2,3247.7,201,2
11536,2025-12-30 11:55:30+05:30,3246.4,4,3249.3,727376,101637.0,119769.0,3250.0,3257.0,3239.8,3251.5,42596575,3576.6,2926.4,4322.95,2866.6,3246.4,34,4,3246.3,13,4,3246.2,21,1,3246.1,23,2,3246.0,244,9,3247.2,25,9,3247.3,26,1,3247.4,31,1,3247.5,37,2,3247.7,201,2
11536,2025-12-30 11:55:31+05:30,3247.2,1,3249.3,727402,101628.0,119450.0,3250.0,3257.0,3239.8,3251.5,42596575,3576.6,2926.4,4322.95,2866.6,3246.4,34,6,3246.3,4,3,3246.2,21,1,3246.1,23,2,3246.0,244,9,3247.2,11,10,3247.3,201,2,3247.4,31,1,3247.5,157,3,3247.7,26,1
11536,2025-12-30 11:55:31+05:30,3246.4,2,3249.3,727402,101628.0,119450.0,3250.0,3257.0,3239.8,3251.5,42596575,3576.6,2926.4,4322.95,2866.6,3246.4,34,6,3246.3,4,3,3246.2,21,1,3246.1,23,2,3246.0,244,9,3247.2,11,10,3247.3,201,2,3247.4,31,1,3247.5,157,3,3247.7,26,1
11536,2025-12-30 11:55:32+05:30,3246.4,1,3249.3,727425,101427.0,119406.0,3250.0,3257.0,3239.8,3251.5,42596575,3576.6,2926.4,4322.95,2866.6,3246.4,21,6,3246.3,4,3,3246.2,21,1,3246.1,24,3,3246.0,244,9,3247.2,10,9,3247.3,175,1,3247.4,31,1,3247.5,332,4,3247.6,26,1
11536,2025-12-30 11:55:32+05:30,3246.5,1,3249.3,727425,101427.0,119406.0,3250.0,3257.0,3239.8,3251.5,42596575,3576.6,2926.4,4322.95,2866.6,3246.4,21,6,3246.3,4,3,3246.2,21,1,3246.1,24,3,3246.0,244,9,3247.2,10,9,3247.3,175,1,3247.4,31,1,3247.5,332,4,3247.6,26,1
11536,2025-12-30 11:55:33+05:30,3246.5,7,3249.3,727437,101885.0,120186.0,3250.0,3257.0,3239.8,3251.5,42596575,3576.6,2926.4,4322.95,2866.6,3246.5,10,1,3246.4,33,6,3246.3,4,3,3246.2,21,1,3246.1,243,5,3247.2,36,10,3247.3,175,1,3247.4,31,1,3247.5,317,3,3247.6,34,2
11536,2025-12-30 11:55:33+05:30,3246.5,4,3249.3,727437,101885.0,120186.0,3250.0,3257.0,3239.8,3251.5,42596575,3576.6,2926.4,4322.95,2866.6,3246.5,10,1,3246.4,33,6,3246.3,4,3,3246.2,21,1,3246.1,243,5,3247.2,36,10,3247.3,175,1,3247.4,31,1,3247.5,317,3,3247.6,34,2
11536,2025-12-30 11:55:34+05:30,3246.5,3,3249.3,727437,101885.0,120186.0,3250.0,3257.0,3239.8,3251.5,42596575,3576.6,2926.4,4322.95,2866.6,3246.5,10,1,3246.4,33,6,3246.3,4,3,3246.2,21,1,3246.1,243,5,3247.2,36,10,3247.3,175,1,3247.4,31,1,3247.5,317,3,3247.6,34,2
11536,2025-12-30 11:55:34+05:30,3246.5,3,3249.3,727449,101985.0,120324.0,3250.0,3257.0,3239.8,3251.5,42596575,3576.6,2926.4,4322.95,2866.6,3246.5,10,1,3246.4,33,6,3246.3,4,3,3246.2,21,1,3246.1,243,5,3247.2,35,9,3247.3,175,1,3247.4,31,1,3247.5,317,3,3247.6,17,1
11536,2025-12-30 11:55:35+05:30,3246.5,1,3249.3,727449,101985.0,120324.0,3250.0,3257.0,3239.8,3251.5,42596575,3576.6,2926.4,4322.95,2866.6,3246.5,10,1,3246.4,33,6,3246.3,4,3,3246.2,21,1,3246.1,243,5,3247.2,35,9,3247.3,175,1,3247.4,31,1,3247.5,317,3,3247.6,17,1
11536,2025-12-30 11:55:35+05:30,3246.5,1,3249.3,727458,101844.0,120235.0,3250.0,3257.0,3239.8,3251.5,42596575,3576.6,2926.4,4322.95,2866.6,3246.5,2,1,3246.4,33,6,3246.3,4,3,3246.2,21,1,3246.1,230,5,3247.2,67,11,3247.3,175,1,3247.4,31,1,3247.5,317,3,3247.6,17,1
11536,2025-12-30 11:55:36+05:30,3247.1,2,3249.3,727458,101844.0,120235.0,3250.0,3257.0,3239.8,3251.5,42596575,3576.6,2926.4,4322.95,2866.6,3246.5,2,1,3246.4,33,6,3246.3,4,3,3246.2,21,1,3246.1,230,5,3247.2,67,11,3247.3,175,1,3247.4,31,1,3247.5,317,3,3247.6,17,1
11536,2025-12-30 11:55:36+05:30,3247.1,2,3249.3,727478,102175.0,120128.0,3250.0,3257.0,3239.8,3251.5,42596575,3576.6,2926.4,4322.95,2866.6,3247.1,8,1,3246.6,20,1,3246.5,32,1,3246.4,197,8,3246.3,4,3,3247.2,43,12,3247.3,175,1,3247.4,31,1,3247.5,321,3,3247.6,17,1
11536,2025-12-30 11:55:37+05:30,3246.5,1,3249.3,727478,102175.0,120128.0,3250.0,3257.0,3239.8,3251.5,42596575,3576.6,2926.4,4322.95,2866.6,3247.1,8,1,3246.6,20,1,3246.5,32,1,3246.4,197,8,3246.3,4,3,3247.2,43,12,3247.3,175,1,3247.4,31,1,3247.5,321,3,3247.6,17,1
11536,2025-12-30 11:55:37+05:30,3246.5,1,3249.3,727546,101724.0,119001.0,3250.0,3257.0,3239.8,3251.5,42596575,3576.6,2926.4,4322.95,2866.6,3246.5,27,1,3246.4,33,6,3246.3,4,3,3246.2,21,1,3246.1,67,4,3247.1,11,3,3247.2,40,9,3247.3,26,1,3247.4,31,1,3247.5,175,1
11536,2025-12-30 11:55:38+05:30,3246.5,1,3249.3,727546,101724.0,119001.0,3250.0,3257.0,3239.8,3251.5,42596575,3576.6,2926.4,4322.95,2866.6,3246.5,27,1,3246.4,33,6,3246.3,4,3,3246.2,21,1,3246.1,67,4,3247.1,11,3,3247.2,40,9,3247.3,26,1,3247.4,31,1,3247.5,175,1
11536,2025-12-30 11:55:38+05:30,3246.5,1,3249.3,727553,101717.0,119175.0,3250.0,3257.0,3239.8,3251.5,42596575,3576.6,2926.4,4322.95,2866.6,3246.5,20,1,3246.4,33,6,3246.3,4,3,3246.2,21,1,3246.1,24,3,3247.1,15,7,3247.2,35,4,3247.3,26,1,3247.4,47,2,3247.6,16,1
11536,2025-12-30 11:55:39+05:30,3247.1,2,3249.3,727553,101717.0,119175.0,3250.0,3257.0,3239.8,3251.5,42596575,3576.6,2926.4,4322.95,2866.6,3246.5,20,1,3246.4,33,6,3246.3,4,3,3246.2,21,1,3246.1,24,3,3247.1,15,7,3247.2,35,4,3247.3,26,1,3247.4,47,2,3247.6,16,1
11536,2025-12-30 11:55:39+05:30,3247.1,2,3249.3,727609,102369.0,119985.0,3250.0,3257.0,3239.8,3251.5,42596575,3576.6,2926.4,4322.95,2866.6,3247.1,2,1,3246.6,21,1,3246.4,30,5,3246.3,4,3,3246.2,220,3,3247.2,36,4,3247.4,31,1,3247.5,15,1,3247.6,26,1,3247.7,178,2
11536,2025-12-30 11:55:40+05:30,3247.1,1,3249.3,727609,102369.0,119985.0,3250.0,3257.0,3239.8,3251.5,42596575,3576.6,2926.4,4322.95,2866.6,3247.1,2,1,3246.6,21,1,3246.4,30,5,3246.3,4,3,3246.2,220,3,3247.2,36,4,3247.4,31,1,3247.5,15,1,3247.6,26,1,3247.7,178,2
11536,2025-12-30 11:55:40+05:30,3247.1,1,3249.3,727610,102553.0,120333.0,3250.0,3257.0,3239.8,3251.5,42596575,3576.6,2926.4,4322.95,2866.6,3247.1,1,1,3246.6,21,1,3246.4,32,6,3246.3,175,4,3246.2,220,3,3247.2,35,3,3247.4,31,1,3247.5,15,1,3247.6,26,1,3247.7,178,2
11536,2025-12-30 11:55:41+05:30,3246.9,1,3249.3,727610,102553.0,120333.0,3250.0,3257.0,3239.8,3251.5,42596575,3576.6,2926.4,4322.95,2866.6,3247.1,1,1,3246.6,21,1,3246.4,32,6,3246.3,175,4,3246.2,220,3,3247.2,35,3,3247.4,31,1,3247.5,15,1,3247.6,26,1,3247.7,178,2
11536,2025-12-30 11:55:41+05:30,3246.9,16,3249.3,727628,101977.0,120200.0,3250.0,3257.0,3239.8,3251.5,42596575,3576.6,2926.4,4322.95,2866.6,3246.9,9,1,3246.4,188,7,3246.3,4,3,3246.2,177,2,3246.1,64,4,3247.2,34,4,3247.4,56,2,3247.5,15,1,3247.7,178,2,3247.8,29,3
11536,2025-12-30 11:55:42+05:30,3247.2,1,3249.3,727628,101977.0,120200.0,3250.0,3257.0,3239.8,3251.5,42596575,3576.6,2926.4,4322.95,2866.6,3246.9,9,1,3246.4,188,7,3246.3,4,3,3246.2,177,2,3246.1,64,4,3247.2,34,4,3247.4,56,2,3247.5,15,1,3247.7,178,2,3247.8,29,3
11536,2025-12-30 11:55:42+05:30,3247.2,3,3249.3,727632,101898.0,120181.0,3250.0,3257.0,3239.8,3251.5,42596575,3576.6,2926.4,4322.95,2866.6,3246.4,188,7,3246.3,13,4,3246.2,177,2,3246.1,21,3,3246.0,280,11,3247.2,48,9,3247.4,85,4,3247.5,457,2,3247.6,16,1,3247.7,139,3
11536,2025-12-30 11:55:43+05:30,3246.4,1,3249.3,727632,101898.0,120181.0,3250.0,3257.0,3239.8,3251.5,42596575,3576.6,2926.4,4322.95,2866.6,3246.4,188,7,3246.3,13,4,3246.2,177,2,3246.1,21,3,3246.0,280,11,3247.2,48,9,3247.4,85,4,3247.5,457,2,3247.6,16,1,3247.7,139,3
11536,2025-12-30 11:55:43+05:30,3246.4,1,3249.3,727642,101510.0,119585.0,3250.0,3257.0,3239.8,3251.5,42596575,3576.6,2926.4,4322.95,2866.6,3246.4,9,4,3246.3,13,4,3246.2,21,1,3246.1,4,2,3246.0,207,9,3247.2,34,8,3247.3,35,2,3247.4,60,3,3247.5,457,2,3247.6,16,1
11536,2025-12-30 11:55:44+05:30,3246.4,1,3249.3,727642,101510.0,119585.0,3250.0,3257.0,3239.8,3251.5,42596575,3576.6,2926.4,4322.95,2866.6,3246.4,9,4,3246.3,13,4,3246.2,21,1,3246.1,4,2,3246.0,207,9,3247.2,34,8,3247.3,35,2,3247.4,60,3,3247.5,457,2,3247.6,16,1
11536,2025-12-30 11:55:44+05:30,3246.4,1,3249.3,727652,101481.0,120306.0,3250.0,3257.0,3239.8,3251.5,42596575,3576.6,2926.4,4322.95,2866.6,3246.4,15,3,3246.3,6,4,3246.2,21,1,3246.1,4,2,3246.0,201,8,3247.2,58,8,3247.3,40,2,3247.4,298,2,3247.5,175,1,3247.6,16,1
11536,2025-12-30 11:55:45+05:30,3246.4,3,3249.3,727652,101481.0,120306.0,3250.0,3257.0,3239.8,3251.5,42596575,3576.6,2926.4,4322.95,2866.6,3246.4,15,3,3246.3,6,4,3246.2,21,1,3246.1,4,2,3246.0,201,8,3247.2,58,8,3247.3,40,2,3247.4,298,2,3247.5,175,1,3247.6,16,1
11536,2025-12-30 11:55:45+05:30,3246.4,1,3249.3,727657,101626.0,120304.0,3250.0,3257.0,3239.8,3251.5,42596575,3576.6,2926.4,4322.95,2866.6,3246.4,11,3,3246.3,6,4,3246.2,21,1,3246.1,4,2,3246.0,201,8,3247.2,340,10,3247.3,40,2,3247.4,31,2,3247.5,175,1,3247.6,15,1
11536,2025-12-30 11:55:46+05:30,3246.5,1,3249.3,727657,101626.0,120304.0,3250.0,3257.0,3239.8,3251.5,42596575,3576.6,2926.4,4322.95,2866.6,3246.4,11,3,3246.3,6,4,3246.2,21,1,3246.1,4,2,3246.0,201,8,3247.2,340,10,3247.3,40,2,3247.4,31,2,3247.5,175,1,3247.6,15,1
11536,2025-12-30 11:55:46+05:30,3246.5,59,3249.3,727724,101594.0,120530.0,3250.0,3257.0,3239.8,3251.5,42596575,3576.6,2926.4,4322.95,2866.6,3246.4,54,4,3246.3,6,4,3246.2,18,1,3246.1,32,3,3246.0,201,8,3246.5,8,1,3247.1,1,1,3247.2,59,5,3247.4,25,1,3247.5,175,1
11536,2025-12-30 11:55:47+05:30,3246.4,1,3249.3,727724,101594.0,120530.0,3250.0,3257.0,3239.8,3251.5,42596575,3576.6,2926.4,4322.95,2866.6,3246.4,54,4,3246.3,6,4,3246.2,18,1,3246.1,32,3,3246.0,201,8,3246.5,8,1,3247.1,1,1,3247.2,59,5,3247.4,25,1,3247.5,175,1
11536,2025-12-30 11:55:47+05:30,3246.4,1,3249.3,727727,101477.0,120539.0,3250.0,3257.0,3239.8,3251.5,42596575,3576.6,2926.4,4322.95,2866.6,3246.4,51,4,3246.3,6,4,3246.2,3,2,3246.1,32,3,3246.0,87,9,3246.5,12,4,3247.1,1,1,3247.2,56,2,3247.4,25,1,3247.5,175,1
11536,2025-12-30 11:55:48+05:30,3246.4,1,3249.3,727727,101477.0,120539.0,3250.0,3257.0,3239.8,3251.5,42596575,3576.6,2926.4,4322.95,2866.6,3246.4,51,4,3246.3,6,4,3246.2,3,2,3246.1,32,3,3246.0,87,9,3246.5,12,4,3247.1,1,1,3247.2,56,2,3247.4,25,1,3247.5,175,1
11536,2025-12-30 11:55:48+05:30,3246.4,15,3249.3,727745,101503.0,120552.0,3250.0,3257.0,3239.8,3251.5,42596575,3576.6,2926.4,4322.95,2866.6,3246.4,39,4,3246.3,9,5,3246.2,3,2,3246.1,4,2,3246.0,45,7,3246.5,5,4,3247.1,25,1,3247.2,56,2,3247.3,175,1,3247.5,295,2
11536,2025-12-30 11:55:49+05:30,3246.4,20,3249.3,727745,101503.0,120552.0,3250.0,3257.0,3239.8,3251.5,42596575,3576.6,2926.4,4322.95,2866.6,3246.4,39,4,3246.3,9,5,3246.2,3,2,3246.1,4,2,3246.0,45,7,3246.5,5,4,3247.1,25,1,3247.2,56,2,3247.3,175,1,3247.5,295,2
11536,2025-12-30 11:55:49+05:30,3246.4,20,3249.3,727765,101585.0,120554.0,3250.0,3257.0,3239.8,3251.5,42596575,3576.6,2926.4,4322.95,2866.6,3246.4,19,4,3246.3,9,5,3246.2,27,3,3246.1,32,3,3246.0,75,8,3246.5,7,7,3247.1,55,2,3247.2,26,1,3247.3,175,1,3247.5,295,2
11536,2025-12-30 11:55:50+05:30,3246.4,10,3249.3,727765,101585.0,120554.0,3250.0,3257.0,3239.8,3251.5,42596575,3576.6,2926.4,4322.95,2866.6,3246.4,19,4,3246.3,9,5,3246.2,27,3,3246.1,32,3,3246.0,75,8,3246.5,7,7,3247.1,55,2,3247.2,26,1,3247.3,175,1,3247.5,295,2
11536,2025-12-30 11:55:50+05:30,3246.4,1,3249.3,727776,101723.0,120554.0,3250.0,3257.0,3239.8,3251.5,42596575,3576.6,2926.4,4322.95,2866.6,3246.4,14,6,3246.3,6,4,3246.2,27,3,3246.1,39,3,3246.0,75,8,3246.5,7,7,3247.1,55,2,3247.2,26,1,3247.3,175,1,3247.5,295,2
11536,2025-12-30 11:55:51+05:30,3246.4,4,3249.3,727776,101723.0,120554.0,3250.0,3257.0,3239.8,3251.5,42596575,3576.6,2926.4,4322.95,2866.6,3246.4,14,6,3246.3,6,4,3246.2,27,3,3246.1,39,3,3246.0,75,8,3246.5,7,7,3247.1,55,2,3247.2,26,1,3247.3,175,1,3247.5,295,2
11536,2025-12-30 11:55:51+05:30,3247.3,107,3249.3,727991,100691.0,119605.0,3250.0,3257.0,3239.8,3251.5,42596575,3576.6,2926.4,4322.95,2866.6,3246.4,33,6,3246.3,6,4,3246.2,195,6,3246.1,29,2,3246.0,280,11,3247.3,68,1,3247.4,16,1,3247.5,295,2,3247.6,44,2,3247.7,19,2
11536,2025-12-30 11:55:52+05:30,3246.4,1,3249.3,727991,100691.0,119605.0,3250.0,3257.0,3239.8,3251.5,42596575,3576.6,2926.4,4322.95,2866.6,3246.4,33,6,3246.3,6,4,3246.2,195,6,3246.1,29,2,3246.0,280,11,3247.3,68,1,3247.4,16,1,3247.5,295,2,3247.6,44,2,3247.7,19,2
11536,2025-12-30 11:55:52+05:30,3246.4,1,3249.3,727992,102087.0,119615.0,3250.0,3257.0,3239.8,3251.5,42596575,3576.6,2926.4,4322.95,2866.6,3246.5,3,1,3246.4,29,5,3246.3,6,4,3246.2,195,6,3246.1,29,2,3247.3,95,4,3247.4,29,1,3247.5,295,2,3247.6,15,1,3247.7,19,2
11536,2025-12-30 11:55:53+05:30,3247.3,1,3249.3,727992,102087.0,119615.0,3250.0,3257.0,3239.8,3251.5,42596575,3576.6,2926.4,4322.95,2866.6,3246.5,3,1,3246.4,29,5,3246.3,6,4,3246.2,195,6,3246.1,29,2,3247.3,95,4,3247.4,29,1,3247.5,295,2,3247.6,15,1,3247.7,19,2
11536,2025-12-30 11:55:53+05:30,3247.3,1,3249.3,727993,102097.0,119615.0,3250.0,3257.0,3239.8,3251.5,42596575,3576.6,2926.4,4322.95,2866.6,3246.5,3,1,3246.4,29,5,3246.3,6,4,3246.2,195,6,3246.1,29,2,3247.3,95,5,3247.4,29,1,3247.5,295,2,3247.6,15,1,3247.7,19,2
11536,2025-12-30 11:55:54+05:30,3246.5,37,3249.3,727993,102097.0,119615.0,3250.0,3257.0,3239.8,3251.5,42596575,3576.6,2926.4,4322.95,2866.6,3246.5,3,1,3246.4,29,5,3246.3,6,4,3246.2,195,6,3246.1,29,2,3247.3,95,5,3247.4,29,1,3247.5,295,2,3247.6,15,1,3247.7,19,2
11536,2025-12-30 11:55:54+05:30,3246.5,37,3249.3,728050,101953.0,120535.0,3250.0,3257.0,3239.8,3251.5,42596575,3576.6,2926.4,4322.95,2866.6,3246.4,8,4,3246.3,6,4,3246.2,200,6,3246.1,28,2,3246.0,207,9,3246.5,7,3,3247.2,16,1,3247.3,86,4,3247.4,29,1,3247.5,295,2
11536,2025-12-30 11:55:55+05:30,3246.5,1,3249.3,728050,101953.0,120535.0,3250.0,3257.0,3239.8,3251.5,42596575,3576.6,2926.4,4322.95,2866.6,3246.4,8,4,3246.3,6,4,3246.2,200,6,3246.1,28,2,3246.0,207,9,3246.5,7,3,3247.2,16,1,3247.3,86,4,3247.4,29,1,3247.5,295,2
11536,2025-12-30 11:55:55+05:30,3247.6,47,3249.29,728594,102490.0,118530.0,3250.0,3257.0,3239.8,3251.5,42596575,3576.6,2926.4,4322.95,2866.6,3246.4,212,8,3246.3,70,6,3246.2,236,6,3246.1,111,5,3246.0,698,15,3247.5,175,1,3247.8,2,1,3247.9,184,2,3248.1,17,1,3248.2,6,2
11536,2025-12-30 11:55:56+05:30,3247.5,1,3249.29,728594,102490.0,118530.0,3250.0,3257.0,3239.8,3251.5,42596575,3576.6,2926.4,4322.95,2866.6,3246.4,212,8,3246.3,70,6,3246.2,236,6,3246.1,111,5,3246.0,698,15,3247.5,175,1,3247.8,2,1,3247.9,184,2,3248.1,17,1,3248.2,6,2
11536,2025-12-30 11:55:56+05:30,3246.4,52,3249.29,728689,102332.0,119193.0,3250.0,3257.0,3239.8,3251.5,42596575,3576.6,2926.4,4322.95,2866.6,3246.4,238,7,3246.3,13,5,3246.2,282,8,3246.1,111,5,3246.0,714,15,3247.5,15,5,3247.6,29,1,3247.7,175,1,3247.8,11,2,3247.9,184,2
11536,2025-12-30 11:55:57+05:30,3246.4,52,3249.29,728689,102332.0,119193.0,3250.0,3257.0,3239.8,3251.5,42596575,3576.6,2926.4,4322.95,2866.6,3246.4,238,7,3246.3,13,5,3246.2,282,8,3246.1,111,5,3246.0,714,15,3247.5,15,5,3247.6,29,1,3247.7,175,1,3247.8,11,2,3247.9,184,2
11536,2025-12-30 11:55:57+05:30,3246.4,52,3249.29,728689,102332.0,119818.0,3250.0,3257.0,3239.8,3251.5,42596575,3576.6,2926.4,4322.95,2866.6,3246.4,200,6,3246.3,13,5,3246.2,244,7,3246.1,111,5,3246.0,310,13,3247.5,15,5,3247.6,39,2,3247.7,175,1,3247.8,11,2,3247.9,358,3
11536,2025-12-30 11:55:58+05:30,3246.4,52,3249.29,728689,102332.0,119818.0,3250.0,3257.0,3239.8,3251.5,42596575,3576.6,2926.4,4322.95,2866.6,3246.4,200,6,3246.3,13,5,3246.2,244,7,3246.1,111,5,3246.0,310,13,3247.5,15,5,3247.6,39,2,3247.7,175,1,3247.8,11,2,3247.9,358,3
11536,2025-12-30 11:55:58+05:30,3246.4,1,3249.29,728689,102332.0,119818.0,3250.0,3257.0,3239.8,3251.5,42596575,3576.6,2926.4,4322.95,2866.6,3246.4,200,6,3246.3,13,5,3246.2,244,7,3246.1,111,5,3246.0,310,13,3247.5,15,5,3247.6,39,2,3247.7,175,1,3247.8,11,2,3247.9,358,3
11536,2025-12-30 11:55:58+05:30,3246.4,1,3249.29,728831,102274.0,120237.0,3250.0,3257.0,3239.8,3251.5,42596575,3576.6,2926.4,4322.95,2866.6,3246.4,126,7,3246.3,22,5,3246.2,236,6,3246.1,111,5,3246.0,310,13,3247.4,37,3,3247.5,14,4,3247.6,34,2,3247.7,186,2,3247.8,338,5
11536,2025-12-30 11:55:59+05:30,3246.4,47,3249.29,728831,102274.0,120237.0,3250.0,3257.0,3239.8,3251.5,42596575,3576.6,2926.4,4322.95,2866.6,3246.4,126,7,3246.3,22,5,3246.2,236,6,3246.1,111,5,3246.0,310,13,3247.4,37,3,3247.5,14,4,3247.6,34,2,3247.7,186,2,3247.8,338,5
11536,2025-12-30 11:55:59+05:30,3246.4,47,3249.29,728831,102274.0,120237.0,3250.0,3257.0,3239.8,3251.5,42596575,3576.6,2926.4,4322.95,2866.6,3246.4,126,7,3246.3,22,5,3246.2,236,6,3246.1,111,5,3246.0,310,13,3247.4,37,3,3247.5,14,4,3247.6,34,2,3247.7,186,2,3247.8,338,5
11536,2025-12-30 11:55:59+05:30,3246.4,47,3249.29,728936,102126.0,120315.0,3250.0,3257.0,3239.8,3251.5,42596575,3576.6,2926.4,4322.95,2866.6,3246.4,36,6,3246.3,6,4,3246.2,193,5,3246.1,111,5,3246.0,268,11,3247.4,73,6,3247.5,12,2,3247.7,186,2,3247.8,338,5,3247.9,388,4
11536,2025-12-30 11:56:00+05:30,3246.4,2,3249.29,728936,102126.0,120315.0,3250.0,3257.0,3239.8,3251.5,42596575,3576.6,2926.4,4322.95,2866.6,3246.4,36,6,3246.3,6,4,3246.2,193,5,3246.1,111,5,3246.0,268,11,3247.4,73,6,3247.5,12,2,3247.7,186,2,3247.8,338,5,3247.9,388,4
11536,2025-12-30 11:56:00+05:30,3246.4,2,3249.29,728936,102126.0,120315.0,3250.0,3257.0,3239.8,3251.5,42596575,3576.6,2926.4,4322.95,2866.6,3246.4,36,6,3246.3,6,4,3246.2,193,5,3246.1,111,5,3246.0,268,11,3247.4,73,6,3247.5,12,2,3247.7,186,2,3247.8,338,5,3247.9,388,4
11536,2025-12-30 11:56:00+05:30,3246.5,43,3249.29,728993,102120.0,120272.0,3250.0,3257.0,3239.8,3251.5,42596575,3576.6,2926.4,4322.95,2866.6,3246.5,7,1,3246.4,23,3,3246.3,6,4,3246.2,193,5,3246.1,111,5,3247.3,29,1,3247.4,41,6,3247.5,10,1,3247.7,190,2,3247.8,328,5
11536,2025-12-30 11:56:01+05:30,3247.2,2,3249.29,728993,102120.0,120272.0,3250.0,3257.0,3239.8,3251.5,42596575,3576.6,2926.4,4322.95,2866.6,3246.5,7,1,3246.4,23,3,3246.3,6,4,3246.2,193,5,3246.1,111,5,3247.3,29,1,3247.4,41,6,3247.5,10,1,3247.7,190,2,3247.8,328,5
11536,2025-12-30 11:56:01+05:30,3247.2,2,3249.29,728993,102120.0,120272.0,3250.0,3257.0,3239.8,3251.5,42596575,3576.6,2926.4,4322.95,2866.6,3246.5,7,1,3246.4,23,3,3246.3,6,4,3246.2,193,5,3246.1,111,5,3247.3,29,1,3247.4,41,6,3247.5,10,1,3247.7,190,2,3247.8,328,5
11536,2025-12-30 11:56:02+05:30,3246.4,10,3249.29,729040,101666.0,120769.0,3250.0,3257.0,3239.8,3251.5,42596575,3576.6,2926.4,4322.95,2866.6,3246.3,10,5,3246.2,42,4,3246.1,44,3,3246.0,128,11,3245.9,220,9,3246.5,4,1,3247.2,28,2,3247.3,3,2,3247.4,34,4,3247.7,175,1
11536,2025-12-30 11:56:02+05:30,3246.4,10,3249.29,729040,101666.0,120769.0,3250.0,3257.0,3239.8,3251.5,42596575,3576.6,2926.4,4322.95,2866.6,3246.3,10,5,3246.2,42,4,3246.1,44,3,3246.0,128,11,3245.9,220,9,3246.5,4,1,3247.2,28,2,3247.3,3,2,3247.4,34,4,3247.7,175,1
11536,2025-12-30 11:56:02+05:30,3246.4,4,3249.29,729040,101666.0,120769.0,3250.0,3257.0,3239.8,3251.5,42596575,3576.6,2926.4,4322.95,2866.6,3246.3,10,5,3246.2,42,4,3246.1,44,3,3246.0,128,11,3245.9,220,9,3246.5,4,1,3247.2,28,2,3247.3,3,2,3247.4,34,4,3247.7,175,1
11536,2025-12-30 11:56:03+05:30,3246.4,16,3249.29,729060,101757.0,120772.0,3250.0,3257.0,3239.8,3251.5,42596575,3576.6,2926.4,4322.95,2866.6,3246.3,23,6,3246.2,62,5,3246.1,44,3,3246.0,99,10,3245.9,255,11,3246.4,3,2,3246.5,7,4,3247.2,28,2,3247.3,1,1,3247.4,31,2
11536,2025-12-30 11:56:03+05:30,3246.4,16,3249.29,729060,101757.0,120772.0,3250.0,3257.0,3239.8,3251.5,42596575,3576.6,2926.4,4322.95,2866.6,3246.3,23,6,3246.2,62,5,3246.1,44,3,3246.0,99,10,3245.9,255,11,3246.4,3,2,3246.5,7,4,3247.2,28,2,3247.3,1,1,3247.4,31,2
11536,2025-12-30 11:56:03+05:30,3246.3,1,3249.29,729060,101757.0,120772.0,3250.0,3257.0,3239.8,3251.5,42596575,3576.6,2926.4,4322.95,2866.6,3246.3,23,6,3246.2,62,5,3246.1,44,3,3246.0,99,10,3245.9,255,11,3246.4,3,2,3246.5,7,4,3247.2,28,2,3247.3,1,1,3247.4,31,2
11536,2025-12-30 11:56:04+05:30,3246.3,2,3249.29,729089,101535.0,120753.0,3250.0,3257.0,3239.8,3251.5,42596575,3576.6,2926.4,4322.95,2866.6,3246.3,4,2,3246.2,71,6,3246.1,29,2,3246.0,99,10,3245.9,226,10,3246.4,4,4,3246.5,4,4,3247.2,27,1,3247.4,30,1,3247.7,175,1
11536,2025-12-30 11:56:04+05:30,3246.3,1,3249.29,729089,101535.0,120753.0,3250.0,3257.0,3239.8,3251.5,42596575,3576.6,2926.4,4322.95,2866.6,3246.3,4,2,3246.2,71,6,3246.1,29,2,3246.0,99,10,3245.9,226,10,3246.4,4,4,3246.5,4,4,3247.2,27,1,3247.4,30,1,3247.7,175,1
11536,2025-12-30 11:56:04+05:30,3246.3,1,3249.29,729089,101535.0,120753.0,3250.0,3257.0,3239.8,3251.5,42596575,3576.6,2926.4,4322.95,2866.6,3246.3,4,2,3246.2,71,6,3246.1,29,2,3246.0,99,10,3245.9,226,10,3246.4,4,4,3246.5,4,4,3247.2,27,1,3247.4,30,1,3247.7,175,1
11536,2025-12-30 11:56:04+05:30,3246.3,6,3249.29,729110,101566.0,120754.0,3250.0,3257.0,3239.8,3251.5,42596575,3576.6,2926.4,4322.95,2866.6,3246.3,32,5,3246.2,42,4,3246.1,29,2,3246.0,99,10,3245.9,280,12,3246.4,6,6,3246.5,3,3,3247.2,27,1,3247.4,30,1,3247.7,175,1
11536,2025-12-30 11:56:05+05:30,3246.3,6,3249.29,729110,101566.0,120754.0,3250.0,3257.0,3239.8,3251.5,42596575,3576.6,2926.4,4322.95,2866.6,3246.3,32,5,3246.2,42,4,3246.1,29,2,3246.0,99,10,3245.9,280,12,3246.4,6,6,3246.5,3,3,3247.2,27,1,3247.4,30,1,3247.7,175,1
11536,2025-12-30 11:56:05+05:30,3246.4,1,3249.29,729110,101566.0,120754.0,3250.0,3257.0,3239.8,3251.5,42596575,3576.6,2926.4,4322.95,2866.6,3246.3,32,5,3246.2,42,4,3246.1,29,2,3246.0,99,10,3245.9,280,12,3246.4,6,6,3246.5,3,3,3247.2,27,1,3247.4,30,1,3247.7,175,1
11536,2025-12-30 11:56:05+05:30,3246.3,9,3249.29,729127,101511.0,120757.0,3250.0,3257.0,3239.8,3251.5,42596575,3576.6,2926.4,4322.95,2866.6,3246.3,29,4,3246.2,42,4,3246.1,29,2,3246.0,99,10,3245.9,226,10,3246.4,10,10,3246.5,2,2,3247.2,27,1,3247.4,30,1,3247.5,175,1
11536,2025-12-30 11:56:06+05:30,3246.3,9,3249.29,729127,101511.0,120757.0,3250.0,3257.0,3239.8,3251.5,42596575,3576.6,2926.4,4322.95,2866.6,3246.3,29,4,3246.2,42,4,3246.1,29,2,3246.0,99,10,3245.9,226,10,3246.4,10,10,3246.5,2,2,3247.2,27,1,3247.4,30,1,3247.5,175,1
11536,2025-12-30 11:56:06+05:30,3246.3,1,3249.29,729127,101511.0,120757.0,3250.0,3257.0,3239.8,3251.5,42596575,3576.6,2926.4,4322.95,2866.6,3246.3,29,4,3246.2,42,4,3246.1,29,2,3246.0,99,10,3245.9,226,10,3246.4,10,10,3246.5,2,2,3247.2,27,1,3247.4,30,1,3247.5,175,1
11536,2025-12-30 11:56:06+05:30,3246.3,1,3249.29,729127,101511.0,120757.0,3250.0,3257.0,3239.8,3251.5,42596575,3576.6,2926.4,4322.95,2866.6,3246.3,29,4,3246.2,42,4,3246.1,29,2,3246.0,99,10,3245.9,226,10,3246.4,10,10,3246.5,2,2,3247.2,27,1,3247.4,30,1,3247.5,175,1
11536,2025-12-30 11:56:07+05:30,3246.4,2,3249.29,729229,101426.0,121367.0,3250.0,3257.0,3239.8,3251.5,42596575,3576.6,2926.4,4322.95,2866.6,3246.4,18,1,3246.3,2,1,3246.2,32,4,3246.1,1,1,3246.0,57,8,3246.5,3,3,3247.2,27,1,3247.4,30,1,3247.5,175,1,3247.6,174,1
11536,2025-12-30 11:56:07+05:30,3246.4,2,3249.29,729229,101426.0,121367.0,3250.0,3257.0,3239.8,3251.5,42596575,3576.6,2926.4,4322.95,2866.6,3246.4,18,1,3246.3,2,1,3246.2,32,4,3246.1,1,1,3246.0,57,8,3246.5,3,3,3247.2,27,1,3247.4,30,1,3247.5,175,1,3247.6,174,1
11536,2025-12-30 11:56:07+05:30,3246.4,2,3249.29,729229,101426.0,121367.0,3250.0,3257.0,3239.8,3251.5,42596575,3576.6,2926.4,4322.95,2866.6,3246.4,18,1,3246.3,2,1,3246.2,32,4,3246.1,1,1,3246.0,57,8,3246.5,3,3,3247.2,27,1,3247.4,30,1,3247.5,175,1,3247.6,174,1
11536,2025-12-30 11:56:08+05:30,3246.4,2,3249.29,729229,101353.0,121426.0,3250.0,3257.0,3239.8,3251.5,42596575,3576.6,2926.4,4322.95,2866.6,3246.4,18,1,3246.3,3,2,3246.2,24,3,3246.1,1,1,3246.0,45,7,3246.5,8,5,3247.0,1,1,3247.2,27,1,3247.4,205,2,3247.5,3,1
11536,2025-12-30 11:56:08+05:30,3246.4,3,3249.29,729229,101353.0,121426.0,3250.0,3257.0,3239.8,3251.5,42596575,3576.6,2926.4,4322.95,2866.6,3246.4,18,1,3246.3,3,2,3246.2,24,3,3246.1,1,1,3246.0,45,7,3246.5,8,5,3247.0,1,1,3247.2,27,1,3247.4,205,2,3247.5,3,1
11536,2025-12-30 11:56:08+05:30,3246.4,3,3249.29,729229,101353.0,121426.0,3250.0,3257.0,3239.8,3251.5,42596575,3576.6,2926.4,4322.95,2866.6,3246.4,18,1,3246.3,3,2,3246.2,24,3,3246.1,1,1,3246.0,45,7,3246.5,8,5,3247.0,1,1,3247.2,27,1,3247.4,205,2,3247.5,3,1
11536,2025-12-30 11:56:09+05:30,3246.4,7,3249.29,729239,101611.0,121386.0,3250.0,3257.0,3239.8,3251.5,42596575,3576.6,2926.4,4322.95,2866.6,3246.4,54,2,3246.3,3,2,3246.2,24,3,3246.1,1,1,3246.0,201,8,3246.5,8,5,3247.0,1,1,3247.2,27,1,3247.4,30,1,3247.5,3,1
11536,2025-12-30 11:56:09+05:30,3246.5,1,3249.29,729239,101611.0,121386.0,3250.0,3257.0,3239.8,3251.5,42596575,3576.6,2926.4,4322.95,2866.6,3246.4,54,2,3246.3,3,2,3246.2,24,3,3246.1,1,1,3246.0,201,8,3246.5,8,5,3247.0,1,1,3247.2,27,1,3247.4,30,1,3247.5,3,1
11536,2025-12-30 11:56:10+05:30,3246.5,1,3249.29,729283,101651.0,120681.0,3250.0,3257.0,3239.8,3251.5,42596575,3576.6,2926.4,4322.95,2866.6,3246.5,3,1,3246.4,73,3,3246.3,3,2,3246.2,24,3,3246.1,1,1,3247.0,5,4,3247.2,41,2,3247.3,15,1,3247.4,223,3,3247.5,3,1
11536,2025-12-30 11:56:10+05:30,3246.5,1,3249.29,729283,101651.0,120681.0,3250.0,3257.0,3239.8,3251.5,42596575,3576.6,2926.4,4322.95,2866.6,3246.5,3,1,3246.4,73,3,3246.3,3,2,3246.2,24,3,3246.1,1,1,3247.0,5,4,3247.2,41,2,3247.3,15,1,3247.4,223,3,3247.5,3,1
11536,2025-12-30 11:56:11+05:30,3246.6,16,3249.29,729364,101334.0,120857.0,3250.0,3257.0,3239.8,3251.5,42596575,3576.6,2926.4,4322.95,2866.6,3246.4,31,1,3246.3,5,3,3246.2,3,2,3246.1,1,1,3246.0,45,7,3246.6,94,1,3247.0,5,4,3247.2,202,2,3247.3,282,1,3247.4,360,3
11536,2025-12-30 11:56:11+05:30,3246.6,16,3249.29,729364,101334.0,120857.0,3250.0,3257.0,3239.8,3251.5,42596575,3576.6,2926.4,4322.95,2866.6,3246.4,31,1,3246.3,5,3,3246.2,3,2,3246.1,1,1,3246.0,45,7,3246.6,94,1,3247.0,5,4,3247.2,202,2,3247.3,282,1,3247.4,360,3
11536,2025-12-30 11:56:11+05:30,3246.4,13,3249.29,729364,101334.0,120857.0,3250.0,3257.0,3239.8,3251.5,42596575,3576.6,2926.4,4322.95,2866.6,3246.4,31,1,3246.3,5,3,3246.2,3,2,3246.1,1,1,3246.0,45,7,3246.6,94,1,3247.0,5,4,3247.2,202,2,3247.3,282,1,3247.4,360,3
11536,2025-12-30 11:56:12+05:30,3246.4,1,3249.29,729379,101319.0,121046.0,3250.0,3257.0,3239.8,3251.5,42596575,3576.6,2926.4,4322.95,2866.6,3246.4,16,1,3246.3,5,3,3246.2,3,2,3246.1,1,1,3246.0,45,7,3246.6,101,5,3247.0,2,2,3247.1,29,1,3247.2,175,1,3247.3,282,1
11536,2025-12-30 11:56:12+05:30,3246.4,6,3249.29,729379,101319.0,121046.0,3250.0,3257.0,3239.8,3251.5,42596575,3576.6,2926.4,4322.95,2866.6,3246.4,16,1,3246.3,5,3,3246.2,3,2,3246.1,1,1,3246.0,45,7,3246.6,101,5,3247.0,2,2,3247.1,29,1,3247.2,175,1,3247.3,282,1
11536,2025-12-30 11:56:13+05:30,3246.4,1,3249.29,729388,101312.0,121045.0,3250.0,3257.0,3239.8,3251.5,42596575,3576.6,2926.4,4322.95,2866.6,3246.4,9,1,3246.3,5,3,3246.2,3,2,3246.1,1,1,3246.0,45,7,3246.6,101,7,3247.0,1,1,3247.1,29,1,3247.2,175,1,3247.3,282,1
11536,2025-12-30 11:56:13+05:30,3246.4,1,3249.29,729388,101312.0,121045.0,3250.0,3257.0,3239.8,3251.5,42596575,3576.6,2926.4,4322.95,2866.6,3246.4,9,1,3246.3,5,3,3246.2,3,2,3246.1,1,1,3246.0,45,7,3246.6,101,7,3247.0,1,1,3247.1,29,1,3247.2,175,1,3247.3,282,1
11536,2025-12-30 11:56:13+05:30,3246.4,9,3249.29,729388,101312.0,121045.0,3250.0,3257.0,3239.8,3251.5,42596575,3576.6,2926.4,4322.95,2866.6,3246.4,9,1,3246.3,5,3,3246.2,3,2,3246.1,1,1,3246.0,45,7,3246.6,101,7,3247.0,1,1,3247.1,29,1,3247.2,175,1,3247.3,282,1
11536,2025-12-30 11:56:14+05:30,3246.3,1,3249.29,729401,100876.0,121512.0,3250.0,3257.0,3239.8,3251.5,42596575,3576.6,2926.4,4322.95,2866.6,3246.3,4,3,3246.2,3,2,3246.1,1,1,3246.0,25,6,3245.9,10,3,3246.4,6,4,3246.6,97,5,3247.0,1,1,3247.1,29,1,3247.2,175,1
11536,2025-12-30 11:56:14+05:30,3246.3,1,3249.29,729401,100876.0,121512.0,3250.0,3257.0,3239.8,3251.5,42596575,3576.6,2926.4,4322.95,2866.6,3246.3,4,3,3246.2,3,2,3246.1,1,1,3246.0,25,6,3245.9,10,3,3246.4,6,4,3246.6,97,5,3247.0,1,1,3247.1,29,1,3247.2,175,1
11536,2025-12-30 11:56:14+05:30,3246.3,1,3249.29,729401,100876.0,121512.0,3250.0,3257.0,3239.8,3251.5,42596575,3576.6,2926.4,4322.95,2866.6,3246.3,4,3,3246.2,3,2,3246.1,1,1,3246.0,25,6,3245.9,10,3,3246.4,6,4,3246.6,97,5,3247.0,1,1,3247.1,29,1,3247.2,175,1
11536,2025-12-30 11:56:15+05:30,3246.4,1,3249.29,729434,100929.0,121675.0,3250.0,3257.0,3239.8,3251.5,42596575,3576.6,2926.4,4322.95,2866.6,3246.2,3,2,3246.1,1,1,3246.0,25,6,3245.9,10,3,3245.8,25,3,3246.4,5,4,3246.6,151,4,3247.0,1,1,3247.1,29,1,3247.2,175,1
11536,2025-12-30 11:56:15+05:30,3246.2,1,3249.29,729434,100929.0,121675.0,3250.0,3257.0,3239.8,3251.5,42596575,3576.6,2926.4,4322.95,2866.6,3246.2,3,2,3246.1,1,1,3246.0,25,6,3245.9,10,3,3245.8,25,3,3246.4,5,4,3246.6,151,4,3247.0,1,1,3247.1,29,1,3247.2,175,1
11536,2025-12-30 11:56:16+05:30,3246.2,1,3249.29,729434,100929.0,121675.0,3250.0,3257.0,3239.8,3251.5,42608125,3576.6,2926.4,4322.95,2866.6,3246.2,3,2,3246.1,1,1,3246.0,25,6,3245.9,10,3,3245.8,25,3,3246.4,5,4,3246.6,151,4,3247.0,1,1,3247.1,29,1,3247.2,175,1
11536,2025-12-30 11:56:16+05:30,3246.4,1,3249.29,729444,100871.0,121529.0,3250.0,3257.0,3239.8,3251.5,42608125,3576.6,2926.4,4322.95,2866.6,3246.2,2,2,3246.1,1,1,3246.0,25,6,3245.9,10,3,3245.8,37,4,3246.4,6,6,3246.6,149,2,3247.0,30,2,3247.2,175,1,3247.3,282,1
11536,2025-12-30 11:56:16+05:30,3246.4,1,3249.29,729444,100871.0,121529.0,3250.0,3257.0,3239.8,3251.5,42608125,3576.6,2926.4,4322.95,2866.6,3246.2,2,2,3246.1,1,1,3246.0,25,6,3245.9,10,3,3245.8,37,4,3246.4,6,6,3246.6,149,2,3247.0,30,2,3247.2,175,1,3247.3,282,1
11536,2025-12-30 11:56:17+05:30,3246.1,43,3249.29,729527,100475.0,121675.0,3250.0,3257.0,3239.8,3251.5,42608125,3576.6,2926.4,4322.95,2866.6,3246.1,9,1,3246.0,34,7,3245.9,10,3,3245.8,37,4,3245.7,33,3,3246.2,3,3,3246.4,6,6,3246.6,149,2,3246.9,1,1,3247.0,30,2
11536,2025-12-30 11:56:17+05:30,3246.1,43,3249.29,729527,100475.0,121675.0,3250.0,3257.0,3239.8,3251.5,42608125,3576.6,2926.4,4322.95,2866.6,3246.1,9,1,3246.0,34,7,3245.9,10,3,3245.8,37,4,3245.7,33,3,3246.2,3,3,3246.4,6,6,3246.6,149,2,3246.9,1,1,3247.0,30,2
11536,2025-12-30 11:56:18+05:30,3246.1,5,3249.29,729535,100567.0,121678.0,3250.0,3257.0,3239.8,3251.5,42608125,3576.6,2926.4,4322.95,2866.6,3246.1,1,1,3246.0,34,7,3245.9,10,3,3245.8,47,5,3245.7,33,3,3246.2,9,6,3246.4,3,3,3246.6,149,2,3246.9,30,2,3247.0,1,1
11536,2025-12-30 11:56:18+05:30,3246.1,5,3249.29,729535,100567.0,121678.0,3250.0,3257.0,3239.8,3251.5,42608125,3576.6,2926.4,4322.95,2866.6,3246.1,1,1,3246.0,34,7,3245.9,10,3,3245.8,47,5,3245.7,33,3,3246.2,9,6,3246.4,3,3,3246.6,149,2,3246.9,30,2,3247.0,1,1
11536,2025-12-30 11:56:18+05:30,3246.1,1,3249.29,729535,100567.0,121678.0,3250.0,3257.0,3239.8,3251.5,42608125,3576.6,2926.4,4322.95,2866.6,3246.1,1,1,3246.0,34,7,3245.9,10,3,3245.8,47,5,3245.7,33,3,3246.2,9,6,3246.4,3,3,3246.6,149,2,3246.9,30,2,3247.0,1,1
11536,2025-12-30 11:56:19+05:30,3246.0,3,3249.29,729561,99352.0,121705.0,3250.0,3257.0,3239.8,3251.5,42608125,3576.6,2926.4,4322.95,2866.6,3246.0,19,4,3245.9,19,4,3245.8,13,3,3245.7,33,3,3245.6,153,8,3246.1,3,3,3246.2,6,5,3246.6,149,2,3246.8,1,1,3247.0,1,1
11536,2025-12-30 11:56:19+05:30,3246.0,3,3249.29,729561,99352.0,121705.0,3250.0,3257.0,3239.8,3251.5,42608125,3576.6,2926.4,4322.95,2866.6,3246.0,19,4,3245.9,19,4,3245.8,13,3,3245.7,33,3,3245.6,153,8,3246.1,3,3,3246.2,6,5,3246.6,149,2,3246.8,1,1,3247.0,1,1
11536,2025-12-30 11:56:20+05:30,3246.2,1,3249.29,729579,99646.0,121675.0,3250.0,3257.0,3239.8,3251.5,42608125,3576.6,2926.4,4322.95,2866.6,3246.0,28,6,3245.9,25,4,3245.8,46,5,3245.7,33,3,3245.6,153,8,3246.2,4,4,3246.6,149,2,3246.8,29,2,3247.0,1,1,3247.2,175,1
11536,2025-12-30 11:56:20+05:30,3246.1,1,3249.29,729579,99646.0,121675.0,3250.0,3257.0,3239.8,3251.5,42608125,3576.6,2926.4,4322.95,2866.6,3246.0,28,6,3245.9,25,4,3245.8,46,5,3245.7,33,3,3245.6,153,8,3246.2,4,4,3246.6,149,2,3246.8,29,2,3247.0,1,1,3247.2,175,1
11536,2025-12-30 11:56:21+05:30,3246.0,1,3249.29,729594,99575.0,121852.0,3250.0,3257.0,3239.8,3251.5,42608125,3576.6,2926.4,4322.95,2866.6,3246.0,10,3,3245.9,25,4,3245.8,46,5,3245.7,33,3,3245.6,117,7,3246.2,18,5,3246.6,149,2,3246.8,29,2,3247.0,1,1,3247.2,175,1
11536,2025-12-30 11:56:21+05:30,3246.0,1,3249.29,729594,99575.0,121852.0,3250.0,3257.0,3239.8,3251.5,42608125,3576.6,2926.4,4322.95,2866.6,3246.0,10,3,3245.9,25,4,3245.8,46,5,3245.7,33,3,3245.6,117,7,3246.2,18,5,3246.6,149,2,3246.8,29,2,3247.0,1,1,3247.2,175,1
11536,2025-12-30 11:56:22+05:30,3246.0,4,3249.29,729603,99584.0,122168.0,3250.0,3257.0,3239.8,3251.5,42608125,3576.6,2926.4,4322.95,2866.6,3246.0,3,1,3245.9,34,5,3245.8,38,4,3245.7,33,3,3245.6,117,7,3246.2,18,5,3246.6,149,2,3246.7,1,1,3246.8,28,1,3247.0,1,1
11536,2025-12-30 11:56:22+05:30,3246.0,4,3249.29,729603,99584.0,122168.0,3250.0,3257.0,3239.8,3251.5,42608125,3576.6,2926.4,4322.95,2866.6,3246.0,3,1,3245.9,34,5,3245.8,38,4,3245.7,33,3,3245.6,117,7,3246.2,18,5,3246.6,149,2,3246.7,1,1,3246.8,28,1,3247.0,1,1
11536,2025-12-30 11:56:23+05:30,3246.0,1,3249.29,729700,98934.0,122970.0,3250.0,3257.0,3239.8,3251.5,42608125,3576.6,2926.4,4322.95,2866.6,3246.0,54,2,3245.8,9,5,3245.7,15,2,3245.6,87,6,3245.5,58,7,3246.2,22,6,3246.6,57,1,3246.7,1,1,3246.8,28,1,3247.0,4,2
11536,2025-12-30 11:56:23+05:30,3246.0,1,3249.29,729700,98934.0,122970.0,3250.0,3257.0,3239.8,3251.5,42608125,3576.6,2926.4,4322.95,2866.6,3246.0,54,2,3245.8,9,5,3245.7,15,2,3245.6,87,6,3245.5,58,7,3246.2,22,6,3246.6,57,1,3246.7,1,1,3246.8,28,1,3247.0,4,2
11536,2025-12-30 11:56:24+05:30,3246.0,1,3249.29,729700,98934.0,122970.0,3250.0,3257.0,3239.8,3251.5,42608125,3576.6,2926.4,4322.95,2866.6,3246.0,54,2,3245.8,9,5,3245.7,15,2,3245.6,87,6,3245.5,58,7,3246.2,22,6,3246.6,57,1,3246.7,1,1,3246.8,28,1,3247.0,4,2
11536,2025-12-30 11:56:24+05:30,3246.0,1,3249.29,729738,99315.0,122617.0,3250.0,3257.0,3239.8,3251.5,42608125,3576.6,2926.4,4322.95,2866.6,3246.0,61,3,3245.9,7,2,3245.8,54,7,3245.7,67,4,3245.6,151,8,3246.2,5,2,3246.6,57,1,3247.0,5,3,3247.1,179,2,3247.2,3,1
11536,2025-12-30 11:56:25+05:30,3246.2,1,3249.29,729738,99315.0,122617.0,3250.0,3257.0,3239.8,3251.5,42608125,3576.6,2926.4,4322.95,2866.6,3246.0,61,3,3245.9,7,2,3245.8,54,7,3245.7,67,4,3245.6,151,8,3246.2,5,2,3246.6,57,1,3247.0,5,3,3247.1,179,2,3247.2,3,1
11536,2025-12-30 11:56:25+05:30,3246.2,1,3249.29,729761,99376.0,123061.0,3250.0,3257.0,3239.8,3251.5,42608125,3576.6,2926.4,4322.95,2866.6,3246.0,35,2,3245.9,7,2,3245.8,54,7,3245.7,43,3,3245.6,111,7,3246.2,6,5,3247.0,5,3,3247.1,179,2,3247.2,3,1,3247.3,631,3
11536,2025-12-30 11:56:26+05:30,3246.0,1,3249.29,729761,99376.0,123061.0,3250.0,3257.0,3239.8,3251.5,42608125,3576.6,2926.4,4322.95,2866.6,3246.0,35,2,3245.9,7,2,3245.8,54,7,3245.7,43,3,3245.6,111,7,3246.2,6,5,3247.0,5,3,3247.1,179,2,3247.2,3,1,3247.3,631,3
11536,2025-12-30 11:56:26+05:30,3246.0,10,3249.29,729776,99410.0,123209.0,3250.0,3257.0,3239.8,3251.5,42608125,3576.6,2926.4,4322.95,2866.6,3246.0,43,5,3245.9,18,2,3245.8,54,7,3245.7,67,4,3245.6,145,8,3246.2,5,5,3247.0,4,2,3247.1,179,2,3247.2,3,1,3247.3,632,4
11536,2025-12-30 11:56:27+05:30,3246.0,1,3249.29,729776,99410.0,123209.0,3250.0,3257.0,3239.8,3251.5,42608125,3576.6,2926.4,4322.95,2866.6,3246.0,43,5,3245.9,18,2,3245.8,54,7,3245.7,67,4,3245.6,145,8,3246.2,5,5,3247.0,4,2,3247.1,179,2,3247.2,3,1,3247.3,632,4
11536,2025-12-30 11:56:29+05:30,3246.0,9,3249.29,729776,99410.0,123209.0,3250.0,3257.0,3239.8,3251.5,42608125,3576.6,2926.4,4322.95,2866.6,3246.0,43,5,3245.9,18,2,3245.8,54,7,3245.7,67,4,3245.6,145,8,3246.2,5,5,3247.0,4,2,3247.1,179,2,3247.2,3,1,3247.3,632,4
11536,2025-12-30 11:56:30+05:30,3246.0,2,3249.29,729909,99127.0,123382.0,3250.0,3257.0,3239.8,3251.5,42608125,3576.6,2926.4,4322.95,2866.6,3246.0,6,2,3245.9,2,1,3245.8,30,6,3245.7,43,3,3245.6,113,7,3246.2,44,7,3246.6,1,1,3246.7,27,1,3246.8,12,1,3247.0,4,2
11536,2025-12-30 11:56:32+05:30,3245.9,1,3249.29,729909,99127.0,123382.0,3250.0,3257.0,3239.8,3251.5,42608125,3576.6,2926.4,4322.95,2866.6,3246.0,6,2,3245.9,2,1,3245.8,30,6,3245.7,43,3,3245.6,113,7,3246.2,44,7,3246.6,1,1,3246.7,27,1,3246.8,12,1,3247.0,4,2
11536,2025-12-30 11:56:35+05:30,3246.2,1,3249.29,729998,99613.0,123796.0,3250.0,3257.0,3239.8,3251.5,42608125,3576.6,2926.4,4322.95,2866.6,3246.1,4,1,3245.9,1,1,3245.8,12,4,3245.7,24,3,3245.6,88,6,3246.2,4,4,3246.6,1,1,3246.7,202,2,3246.8,12,1,3246.9,349,2
11536,2025-12-30 11:56:35+05:30,3246.1,16,3249.29,729998,99613.0,123796.0,3250.0,3257.0,3239.8,3251.5,42608125,3576.6,2926.4,4322.95,2866.6,3246.1,4,1,3245.9,1,1,3245.8,12,4,3245.7,24,3,3245.6,88,6,3246.2,4,4,3246.6,1,1,3246.7,202,2,3246.8,12,1,3246.9,349,2
11536,2025-12-30 11:56:38+05:30,3246.0,1,3249.29,729998,99613.0,123796.0,3250.0,3257.0,3239.8,3251.5,42608125,3576.6,2926.4,4322.95,2866.6,3246.1,4,1,3245.9,1,1,3245.8,12,4,3245.7,24,3,3245.6,88,6,3246.2,4,4,3246.6,1,1,3246.7,202,2,3246.8,12,1,3246.9,349,2
11536,2025-12-30 11:56:39+05:30,3246.2,38,3249.29,730202,99407.0,123734.0,3250.0,3257.0,3239.8,3251.5,42608125,3576.6,2926.4,4322.95,2866.6,3246.1,19,1,3246.0,1,1,3245.9,9,2,3245.8,4,3,3245.7,15,2,3246.2,21,3,3246.5,1,1,3246.7,175,1,3246.8,39,2,3246.9,349,2
11536,2025-12-30 11:56:41+05:30,3246.7,1,3249.29,730202,99407.0,123734.0,3250.0,3257.0,3239.8,3251.5,42608125,3576.6,2926.4,4322.95,2866.6,3246.1,19,1,3246.0,1,1,3245.9,9,2,3245.8,4,3,3245.7,15,2,3246.2,21,3,3246.5,1,1,3246.7,175,1,3246.8,39,2,3246.9,349,2
11536,2025-12-30 11:56:43+05:30,3245.9,1,3249.29,730336,99327.0,123686.0,3250.0,3257.0,3239.8,3251.5,42608125,3576.6,2926.4,4322.95,2866.6,3245.9,1,1,3245.8,13,4,3245.7,45,3,3245.6,118,7,3245.5,77,9,3246.1,6,4,3246.7,151,1,3246.9,349,2,3247.0,28,2,3247.1,285,2
11536,2025-12-30 11:56:44+05:30,3245.9,3,3249.29,730336,99327.0,123686.0,3250.0,3257.0,3239.8,3251.5,42608125,3576.6,2926.4,4322.95,2866.6,3245.9,1,1,3245.8,13,4,3245.7,45,3,3245.6,118,7,3245.5,77,9,3246.1,6,4,3246.7,151,1,3246.9,349,2,3247.0,28,2,3247.1,285,2
11536,2025-12-30 11:56:47+05:30,3245.8,1,3249.29,730336,99327.0,123686.0,3250.0,3257.0,3239.8,3251.5,42608125,3576.6,2926.4,4322.95,2866.6,3245.9,1,1,3245.8,13,4,3245.7,45,3,3245.6,118,7,3245.5,77,9,3246.1,6,4,3246.7,151,1,3246.9,349,2,3247.0,28,2,3247.1,285,2
11536,2025-12-30 11:56:47+05:30,3245.8,1,3249.29,730438,99303.0,123612.0,3250.0,3257.0,3239.8,3251.5,42608125,3576.6,2926.4,4322.95,2866.6,3245.8,11,4,3245.7,54,4,3245.6,63,4,3245.5,69,8,3245.4,2116,7,3246.1,22,6,3246.7,151,1,3246.8,27,1,3246.9,349,2,3247.0,1,1
11536,2025-12-30 11:56:50+05:30,3246.1,1,3249.29,730438,99303.0,123612.0,3250.0,3257.0,3239.8,3251.5,42608125,3576.6,2926.4,4322.95,2866.6,3245.8,11,4,3245.7,54,4,3245.6,63,4,3245.5,69,8,3245.4,2116,7,3246.1,22,6,3246.7,151,1,3246.8,27,1,3246.9,349,2,3247.0,1,1
11536,2025-12-30 11:56:52+05:30,3246.1,1,3249.29,730523,99285.0,123375.0,3250.0,3257.0,3239.8,3251.5,42608125,3576.6,2926.4,4322.95,2866.6,3245.8,22,6,3245.7,33,4,3245.6,91,6,3245.5,160,11,3245.4,2145,9,3246.1,6,5,3246.6,27,1,3246.7,150,1,3246.9,349,2,3247.0,1,1
11536,2025-12-30 11:56:53+05:30,3245.8,3,3249.29,730523,99285.0,123375.0,3250.0,3257.0,3239.8,3251.5,42608125,3576.6,2926.4,4322.95,2866.6,3245.8,22,6,3245.7,33,4,3245.6,91,6,3245.5,160,11,3245.4,2145,9,3246.1,6,5,3246.6,27,1,3246.7,150,1,3246.9,349,2,3247.0,1,1
11536,2025-12-30 11:56:56+05:30,3246.6,1,3249.29,730559,99766.0,122672.0,3250.0,3257.0,3239.8,3251.5,42608125,3576.6,2926.4,4322.95,2866.6,3246.1,3,1,3245.8,78,6,3245.7,18,3,3245.6,200,4,3245.5,125,10,3246.6,42,6,3246.7,150,1,3246.9,349,2,3247.0,1,1,3247.1,3,1
11536,2025-12-30 11:56:56+05:30,3245.8,1,3249.29,730559,99766.0,122672.0,3250.0,3257.0,3239.8,3251.5,42608125,3576.6,2926.4,4322.95,2866.6,3246.1,3,1,3245.8,78,6,3245.7,18,3,3245.6,200,4,3245.5,125,10,3246.6,42,6,3246.7,150,1,3246.9,349,2,3247.0,1,1,3247.1,3,1
11536,2025-12-30 11:56:59+05:30,3246.0,8,3249.29,730559,99766.0,122672.0,3250.0,3257.0,3239.8,3251.5,42608125,3576.6,2926.4,4322.95,2866.6,3246.1,3,1,3245.8,78,6,3245.7,18,3,3245.6,200,4,3245.5,125,10,3246.6,42,6,3246.7,150,1,3246.9,349,2,3247.0,1,1,3247.1,3,1
11536,2025-12-30 11:57:00+05:30,3245.9,2,3249.28,730701,99458.0,124084.0,3250.0,3257.0,3239.8,3251.5,42608125,3576.6,2926.4,4322.95,2866.6,3245.8,11,2,3245.7,42,4,3245.6,78,6,3245.5,58,6,3245.4,2294,10,3245.9,4,4,3246.0,3,1,3246.1,5,5,3246.4,150,1,3246.6,383,4
11536,2025-12-30 11:57:02+05:30,3245.7,2,3249.28,730701,99458.0,124084.0,3250.0,3257.0,3239.8,3251.5,42608125,3576.6,2926.4,4322.95,2866.6,3245.8,11,2,3245.7,42,4,3245.6,78,6,3245.5,58,6,3245.4,2294,10,3245.9,4,4,3246.0,3,1,3246.1,5,5,3246.4,150,1,3246.6,383,4
11536,2025-12-30 11:57:04+05:30,3245.7,3,3249.28,730753,98892.0,124198.0,3250.0,3257.0,3239.8,3251.5,42608125,3576.6,2926.4,4322.95,2866.6,3245.7,32,5,3245.6,23,2,3245.5,27,5,3245.4,2088,8,3245.3,69,4,3245.8,5,5,3245.9,5,1,3246.4,150,1,3246.5,27,1,3246.6,381,3
11536,2025-12-30 11:57:05+05:30,3245.7,1,3249.28,730753,98892.0,124198.0,3250.0,3257.0,3239.8,3251.5,42608125,3576.6,2926.4,4322.95,2866.6,3245.7,32,5,3245.6,23,2,3245.5,27,5,3245.4,2088,8,3245.3,69,4,3245.8,5,5,3245.9,5,1,3246.4,150,1,3246.5,27,1,3246.6,381,3
11536,2025-12-30 11:57:08+05:30,3245.7,3,3249.28,730848,98825.0,124031.0,3250.0,3257.0,3239.8,3251.5,42608125,3576.6,2926.4,4322.95,2866.6,3245.7,23,4,3245.6,27,3,3245.5,57,6,3245.4,2105,7,3245.3,43,3,3245.8,7,4,3245.9,5,1,3246.3,150,1,3246.5,201,2,3246.6,207,2
11536,2025-12-30 11:57:08+05:30,3245.7,3,3249.28,730848,98825.0,124031.0,3250.0,3257.0,3239.8,3251.5,42608125,3576.6,2926.4,4322.95,2866.6,3245.7,23,4,3245.6,27,3,3245.5,57,6,3245.4,2105,7,3245.3,43,3,3245.8,7,4,3245.9,5,1,3246.3,150,1,3246.5,201,2,3246.6,207,2
11536,2025-12-30 11:57:11+05:30,3245.8,1,3249.28,730848,98825.0,124031.0,3250.0,3257.0,3239.8,3251.5,42608125,3576.6,2926.4,4322.95,2866.6,3245.7,23,4,3245.6,27,3,3245.5,57,6,3245.4,2105,7,3245.3,43,3,3245.8,7,4,3245.9,5,1,3246.3,150,1,3246.5,201,2,3246.6,207,2
11536,2025-12-30 11:57:12+05:30,3245.8,2,3249.28,730969,99039.0,124212.0,3250.0,3257.0,3239.8,3251.5,42608125,3576.6,2926.4,4322.95,2866.6,3245.7,77,5,3245.6,25,3,3245.5,35,6,3245.4,2243,7,3245.3,52,4,3245.8,4,3,3245.9,10,6,3246.0,1,1,3246.4,150,1,3246.6,376,3
11536,2025-12-30 11:57:13+05:30,3245.7,1,3249.28,730969,99039.0,124212.0,3250.0,3257.0,3239.8,3251.5,42608125,3576.6,2926.4,4322.95,2866.6,3245.7,77,5,3245.6,25,3,3245.5,35,6,3245.4,2243,7,3245.3,52,4,3245.8,4,3,3245.9,10,6,3246.0,1,1,3246.4,150,1,3246.6,376,3
11536,2025-12-30 11:57:16+05:30,3245.8,3,3249.28,731057,99224.0,124079.0,3250.0,3257.0,3239.8,3251.5,42608125,3576.6,2926.4,4322.95,2866.6,3245.8,2,1,3245.7,147,8,3245.6,32,3,3245.5,63,6,3245.4,2252,8,3245.9,4,1,3246.0,1,1,3246.4,150,1,3246.6,352,3,3246.9,2,1
11536,2025-12-30 11:57:17+05:30,3245.7,1,3249.28,731057,99224.0,124079.0,3250.0,3257.0,3239.8,3251.5,42608125,3576.6,2926.4,4322.95,2866.6,3245.8,2,1,3245.7,147,8,3245.6,32,3,3245.5,63,6,3245.4,2252,8,3245.9,4,1,3246.0,1,1,3246.4,150,1,3246.6,352,3,3246.9,2,1
11536,2025-12-30 11:57:20+05:30,3245.8,3,3249.28,731057,99224.0,124079.0,3250.0,3257.0,3239.8,3251.5,42608125,3576.6,2926.4,4322.95,2866.6,3245.8,2,1,3245.7,147,8,3245.6,32,3,3245.5,63,6,3245.4,2252,8,3245.9,4,1,3246.0,1,1,3246.4,150,1,3246.6,352,3,3246.9,2,1
11536,2025-12-30 11:57:20+05:30,3245.8,3,3249.28,731181,99262.0,123348.0,3250.0,3257.0,3239.8,3251.5,42608125,3576.6,2926.4,4322.95,2866.6,3245.8,46,1,3245.7,115,9,3245.6,49,4,3245.5,66,7,3245.4,2294,10,3245.9,7,3,3246.0,1,1,3246.4,150,1,3246.6,349,2,3246.7,27,1
11536,2025-12-30 11:57:23+05:30,3245.8,1,3249.28,731181,99262.0,123348.0,3250.0,3257.0,3239.8,3251.5,42608125,3576.6,2926.4,4322.95,2866.6,3245.8,46,1,3245.7,115,9,3245.6,49,4,3245.5,66,7,3245.4,2294,10,3245.9,7,3,3246.0,1,1,3246.4,150,1,3246.6,349,2,3246.7,27,1
11536,2025-12-30 11:57:24+05:30,3246.5,3,3249.28,731412,99429.0,123577.0,3250.0,3257.0,3239.8,3251.5,42608125,3576.6,2926.4,4322.95,2866.6,3245.9,4,1,3245.8,78,4,3245.7,176,10,3245.6,102,6,3245.5,73,7,3246.5,2,1,3246.6,349,2,3247.0,1,1,3247.1,3,1,3247.2,178,2
11536,2025-12-30 11:57:26+05:30,3246.0,5,3249.28,731412,99429.0,123577.0,3250.0,3257.0,3239.8,3251.5,42608125,3576.6,2926.4,4322.95,2866.6,3245.9,4,1,3245.8,78,4,3245.7,176,10,3245.6,102,6,3245.5,73,7,3246.5,2,1,3246.6,349,2,3247.0,1,1,3247.1,3,1,3247.2,178,2
11536,2025-12-30 11:57:29+05:30,3245.7,23,3249.28,731640,98704.0,123035.0,3250.0,3257.0,3239.8,3251.5,42608125,3576.6,2926.4,4322.95,2866.6,3245.7,57,7,3245.6,51,4,3245.5,40,7,3245.4,2155,9,3245.3,117,6,3246.2,28,3,3246.4,175,1,3246.5,2,1,3246.6,349,2,3246.7,16,1
11536,2025-12-30 11:57:29+05:30,3245.7,23,3249.28,731640,98704.0,123035.0,3250.0,3257.0,3239.8,3251.5,42608125,3576.6,2926.4,4322.95,2866.6,3245.7,57,7,3245.6,51,4,3245.5,40,7,3245.4,2155,9,3245.3,117,6,3246.2,28,3,3246.4,175,1,3246.5,2,1,3246.6,349,2,3246.7,16,1
11536,2025-12-30 11:57:32+05:30,3245.7,5,3249.28,731640,98704.0,123035.0,3250.0,3257.0,3239.8,3251.5,42608125,3576.6,2926.4,4322.95,2866.6,3245.7,57,7,3245.6,51,4,3245.5,40,7,3245.4,2155,9,3245.3,117,6,3246.2,28,3,3246.4,175,1,3246.5,2,1,3246.6,349,2,3246.7,16,1
11536,2025-12-30 11:57:33+05:30,3245.7,7,3249.28,731713,98338.0,123235.0,3250.0,3257.0,3239.8,3251.5,42608125,3576.6,2926.4,4322.95,2866.6,3245.7,30,5,3245.6,23,2,3245.5,27,5,3245.4,2059,6,3245.3,64,4,3246.2,59,8,3246.4,175,1,3246.5,16,1,3246.6,375,3,3246.9,3,1
11536,2025-12-30 11:57:35+05:30,3245.7,2,3249.28,731713,98338.0,123235.0,3250.0,3257.0,3239.8,3251.5,42608125,3576.6,2926.4,4322.95,2866.6,3245.7,30,5,3245.6,23,2,3245.5,27,5,3245.4,2059,6,3245.3,64,4,3246.2,59,8,3246.4,175,1,3246.5,16,1,3246.6,375,3,3246.9,3,1
11536,2025-12-30 11:57:38+05:30,3245.7,2,3249.28,731820,98184.0,123775.0,3250.0,3257.0,3239.8,3251.5,42608125,3576.6,2926.4,4322.95,2866.6,3245.7,6,2,3245.6,23,2,3245.5,27,5,3245.4,2045,4,3245.3,21,3,3246.1,7,4,3246.2,78,6,3246.3,175,1,3246.4,16,1,3246.5,211,3
11536,2025-12-30 11:57:38+05:30,3245.7,1,3249.28,731820,98184.0,123775.0,3250.0,3257.0,3239.8,3251.5,42608125,3576.6,2926.4,4322.95,2866.6,3245.7,6,2,3245.6,23,2,3245.5,27,5,3245.4,2045,4,3245.3,21,3,3246.1,7,4,3246.2,78,6,3246.3,175,1,3246.4,16,1,3246.5,211,3
11536,2025-12-30 11:57:41+05:30,3245.8,1,3249.28,731820,98184.0,123775.0,3250.0,3257.0,3239.8,3251.5,42608125,3576.6,2926.4,4322.95,2866.6,3245.7,6,2,3245.6,23,2,3245.5,27,5,3245.4,2045,4,3245.3,21,3,3246.1,7,4,3246.2,78,6,3246.3,175,1,3246.4,16,1,3246.5,211,3
11536,2025-12-30 11:57:42+05:30,3245.9,9,3249.28,731906,98298.0,124666.0,3250.0,3257.0,3239.8,3251.5,42608125,3576.6,2926.4,4322.95,2866.6,3245.9,4,2,3245.7,1,1,3245.6,23,2,3245.5,27,5,3245.4,2045,4,3246.1,59,6,3246.2,46,3,3246.3,175,1,3246.4,16,1,3246.5,200,2
11536,2025-12-30 11:57:44+05:30,3246.0,1,3249.28,731906,98298.0,124666.0,3250.0,3257.0,3239.8,3251.5,42608125,3576.6,2926.4,4322.95,2866.6,3245.9,4,2,3245.7,1,1,3245.6,23,2,3245.5,27,5,3245.4,2045,4,3246.1,59,6,3246.2,46,3,3246.3,175,1,3246.4,16,1,3246.5,200,2
11536,2025-12-30 11:57:47+05:30,3246.1,1,3249.28,732029,98724.0,124561.0,3250.0,3257.0,3239.8,3251.5,42608125,3576.6,2926.4,4322.95,2866.6,3245.9,9,2,3245.7,3,2,3245.6,23,2,3245.5,27,5,3245.4,2045,4,3246.1,65,9,3246.2,20,1,3246.3,175,1,3246.4,16,1,3246.5,200,2
11536,2025-12-30 11:57:47+05:30,3245.9,3,3249.28,732029,98724.0,124561.0,3250.0,3257.0,3239.8,3251.5,42608125,3576.6,2926.4,4322.95,2866.6,3245.9,9,2,3245.7,3,2,3245.6,23,2,3245.5,27,5,3245.4,2045,4,3246.1,65,9,3246.2,20,1,3246.3,175,1,3246.4,16,1,3246.5,200,2
11536,2025-12-30 11:57:50+05:30,3245.8,1,3249.28,732029,98724.0,124561.0,3250.0,3257.0,3239.8,3251.5,42608125,3576.6,2926.4,4322.95,2866.6,3245.9,9,2,3245.7,3,2,3245.6,23,2,3245.5,27,5,3245.4,2045,4,3246.1,65,9,3246.2,20,1,3246.3,175,1,3246.4,16,1,3246.5,200,2
11536,2025-12-30 11:57:51+05:30,3245.8,5,3249.28,732135,98748.0,124754.0,3250.0,3257.0,3239.8,3251.5,42608125,3576.6,2926.4,4322.95,2866.6,3245.8,3,1,3245.7,3,2,3245.6,23,2,3245.5,27,5,3245.4,2045,4,3245.9,5,5,3246.1,52,3,3246.2,20,1,3246.3,200,2,3246.4,282,1
11536,2025-12-30 11:57:53+05:30,3245.8,4,3249.28,732135,98748.0,124754.0,3250.0,3257.0,3239.8,3251.5,42608125,3576.6,2926.4,4322.95,2866.6,3245.8,3,1,3245.7,3,2,3245.6,23,2,3245.5,27,5,3245.4,2045,4,3245.9,5,5,3246.1,52,3,3246.2,20,1,3246.3,200,2,3246.4,282,1
11536,2025-12-30 11:57:55+05:30,3245.7,4,3249.28,732249,98844.0,125713.0,3250.0,3257.0,3239.8,3251.5,42608125,3576.6,2926.4,4322.95,2866.6,3245.6,26,3,3245.5,27,5,3245.4,2024,3,3245.3,21,3,3245.2,21,1,3245.7,131,1,3245.9,37,3,3246.0,175,1,3246.1,39,5,3246.2,20,1
11536,2025-12-30 11:57:56+05:30,3245.6,1,3249.28,732249,98844.0,125713.0,3250.0,3257.0,3239.8,3251.5,42608125,3576.6,2926.4,4322.95,2866.6,3245.6,26,3,3245.5,27,5,3245.4,2024,3,3245.3,21,3,3245.2,21,1,3245.7,131,1,3245.9,37,3,3246.0,175,1,3246.1,39,5,3246.2,20,1
11536,2025-12-30 11:57:59+05:30,3245.0,26,3249.28,732249,98844.0,125713.0,3250.0,3257.0,3239.8,3251.5,42608125,3576.6,2926.4,4322.95,2866.6,3245.6,26,3,3245.5,27,5,3245.4,2024,3,3245.3,21,3,3245.2,21,1,3245.7,131,1,3245.9,37,3,3246.0,175,1,3246.1,39,5,3246.2,20,1
11536,2025-12-30 11:57:59+05:30,3245.0,26,3249.26,736379,97593.0,125702.0,3250.0,3257.0,3239.8,3251.5,42608125,3576.6,2926.4,4322.95,2866.6,3244.5,7,4,3244.4,5,1,3244.3,1016,3,3244.2,38,3,3244.1,103,5,3245.0,89,7,3245.2,29,2,3245.3,73,4,3245.4,25,1,3245.7,325,6
11536,2025-12-30 11:58:02+05:30,3244.5,1,3249.26,736379,97593.0,125702.0,3250.0,3257.0,3239.8,3251.5,42608125,3576.6,2926.4,4322.95,2866.6,3244.5,7,4,3244.4,5,1,3244.3,1016,3,3244.2,38,3,3244.1,103,5,3245.0,89,7,3245.2,29,2,3245.3,73,4,3245.4,25,1,3245.7,325,6
11536,2025-12-30 11:58:03+05:30,3245.0,4,3249.25,737022,98246.0,125221.0,3250.0,3257.0,3239.8,3251.5,42608125,3576.6,2926.4,4322.95,2866.6,3244.5,76,1,3244.4,37,3,3244.3,1037,7,3244.2,99,7,3244.1,77,4,3245.0,130,6,3245.6,27,2,3245.7,310,4,3245.8,3,1,3245.9,174,1
11536,2025-12-30 11:58:05+05:30,3244.4,7,3249.25,737022,98246.0,125221.0,3250.0,3257.0,3239.8,3251.5,42608125,3576.6,2926.4,4322.95,2866.6,3244.5,76,1,3244.4,37,3,3244.3,1037,7,3244.2,99,7,3244.1,77,4,3245.0,130,6,3245.6,27,2,3245.7,310,4,3245.8,3,1,3245.9,174,1
11536,2025-12-30 11:58:08+05:30,3244.6,2,3249.25,737327,98363.0,125174.0,3250.0,3257.0,3239.8,3251.5,42608125,3576.6,2926.4,4322.95,2866.6,3244.6,86,1,3244.4,45,5,3244.3,1072,7,3244.2,117,9,3244.1,49,5,3245.0,129,9,3245.7,2,1,3245.8,3,1,3246.1,175,1,3246.2,52,5
11536,2025-12-30 11:58:08+05:30,3244.6,2,3249.25,737327,98363.0,125174.0,3250.0,3257.0,3239.8,3251.5,42608125,3576.6,2926.4,4322.95,2866.6,3244.6,86,1,3244.4,45,5,3244.3,1072,7,3244.2,117,9,3244.1,49,5,3245.0,129,9,3245.7,2,1,3245.8,3,1,3246.1,175,1,3246.2,52,5
11536,2025-12-30 11:58:11+05:30,3244.9,20,3249.25,737327,98363.0,125174.0,3250.0,3257.0,3239.8,3251.5,42608125,3576.6,2926.4,4322.95,2866.6,3244.6,86,1,3244.4,45,5,3244.3,1072,7,3244.2,117,9,3244.1,49,5,3245.0,129,9,3245.7,2,1,3245.8,3,1,3246.1,175,1,3246.2,52,5
11536,2025-12-30 11:58:12+05:30,3245.0,2,3249.25,737422,98553.0,125168.0,3250.0,3257.0,3239.8,3251.5,42608125,3576.6,2926.4,4322.95,2866.6,3244.9,33,1,3244.4,40,4,3244.3,1000,5,3244.2,192,9,3244.1,73,6,3245.0,89,10,3245.4,1,1,3245.5,26,1,3245.7,2,1,3245.8,178,2
11536,2025-12-30 11:58:14+05:30,3244.9,2,3249.25,737422,98553.0,125168.0,3250.0,3257.0,3239.8,3251.5,42608125,3576.6,2926.4,4322.95,2866.6,3244.9,33,1,3244.4,40,4,3244.3,1000,5,3244.2,192,9,3244.1,73,6,3245.0,89,10,3245.4,1,1,3245.5,26,1,3245.7,2,1,3245.8,178,2
11536,2025-12-30 11:58:16+05:30,3244.4,42,3249.25,737601,98092.0,124627.0,3250.0,3257.0,3239.8,3251.5,42608125,3576.6,2926.4,4322.95,2866.6,3244.4,4,1,3244.3,1000,5,3244.2,82,6,3244.1,73,6,3244.0,358,17,3244.9,93,2,3245.0,134,11,3245.2,26,1,3245.5,1,1,3245.6,1,1
11536,2025-12-30 11:58:17+05:30,3244.3,12,3249.25,737601,98092.0,124627.0,3250.0,3257.0,3239.8,3251.5,42608125,3576.6,2926.4,4322.95,2866.6,3244.4,4,1,3244.3,1000,5,3244.2,82,6,3244.1,73,6,3244.0,358,17,3244.9,93,2,3245.0,134,11,3245.2,26,1,3245.5,1,1,3245.6,1,1
11536,2025-12-30 11:58:20+05:30,3244.4,1,3249.25,737601,98092.0,124627.0,3250.0,3257.0,3239.8,3251.5,42608125,3576.6,2926.4,4322.95,2866.6,3244.4,4,1,3244.3,1000,5,3244.2,82,6,3244.1,73,6,3244.0,358,17,3244.9,93,2,3245.0,134,11,3245.2,26,1,3245.5,1,1,3245.6,1,1
11536,2025-12-30 11:58:21+05:30,3244.4,1,3249.25,737655,97850.0,125588.0,3250.0,3257.0,3239.8,3251.5,42608125,3576.6,2926.4,4322.95,2866.6,3244.4,19,1,3244.3,1012,9,3244.2,86,5,3244.1,101,5,3244.0,266,14,3244.9,89,6,3245.0,127,7,3245.2,26,1,3245.5,1,1,3245.6,1,1
11536,2025-12-30 11:58:23+05:30,3244.4,3,3249.25,737655,97850.0,125588.0,3250.0,3257.0,3239.8,3251.5,42608125,3576.6,2926.4,4322.95,2866.6,3244.4,19,1,3244.3,1012,9,3244.2,86,5,3244.1,101,5,3244.0,266,14,3244.9,89,6,3245.0,127,7,3245.2,26,1,3245.5,1,1,3245.6,1,1
11536,2025-12-30 11:58:25+05:30,3244.4,1,3249.25,737711,98553.0,125349.0,3250.0,3257.0,3239.8,3251.5,42608125,3576.6,2926.4,4322.95,2866.6,3244.4,77,6,3244.3,1028,7,3244.2,151,8,3244.1,96,6,3244.0,777,16,3244.9,74,5,3245.0,127,7,3245.5,1,1,3245.6,1,1,3245.8,203,3
11536,2025-12-30 11:58:26+05:30,3245.0,1,3249.25,737711,98553.0,125349.0,3250.0,3257.0,3239.8,3251.5,42608125,3576.6,2926.4,4322.95,2866.6,3244.4,77,6,3244.3,1028,7,3244.2,151,8,3244.1,96,6,3244.0,777,16,3244.9,74,5,3245.0,127,7,3245.5,1,1,3245.6,1,1,3245.8,203,3
11536,2025-12-30 11:58:29+05:30,3245.0,1,3249.25,737711,98553.0,125349.0,3250.0,3257.0,3239.8,3251.5,42608125,3576.6,2926.4,4322.95,2866.6,3244.4,77,6,3244.3,1028,7,3244.2,151,8,3244.1,96,6,3244.0,777,16,3244.9,74,5,3245.0,127,7,3245.5,1,1,3245.6,1,1,3245.8,203,3
11536,2025-12-30 11:58:29+05:30,3244.7,3,3249.25,737940,98652.0,125279.0,3250.0,3257.0,3239.8,3251.5,42608125,3576.6,2926.4,4322.95,2866.6,3244.7,6,1,3244.4,19,3,3244.3,1028,7,3244.2,200,9,3244.1,86,8,3245.0,170,11,3245.5,1,1,3245.6,1,1,3245.7,25,1,3245.8,178,2
11536,2025-12-30 11:58:32+05:30,3244.7,1,3249.25,737940,98652.0,125279.0,3250.0,3257.0,3239.8,3251.5,42608125,3576.6,2926.4,4322.95,2866.6,3244.7,6,1,3244.4,19,3,3244.3,1028,7,3244.2,200,9,3244.1,86,8,3245.0,170,11,3245.5,1,1,3245.6,1,1,3245.7,25,1,3245.8,178,2
11536,2025-12-30 11:58:34+05:30,3244.9,2,3249.25,737971,98664.0,125274.0,3250.0,3257.0,3239.8,3251.5,42608125,3576.6,2926.4,4322.95,2866.6,3244.9,20,1,3244.4,20,3,3244.3,1038,8,3244.2,168,7,3244.1,129,9,3245.0,178,14,3245.6,1,1,3245.7,1,1,3245.8,203,3,3245.9,20,2
11536,2025-12-30 11:58:35+05:30,3245.0,1,3249.25,737971,98664.0,125274.0,3250.0,3257.0,3239.8,3251.5,42608125,3576.6,2926.4,4322.95,2866.6,3244.9,20,1,3244.4,20,3,3244.3,1038,8,3244.2,168,7,3244.1,129,9,3245.0,178,14,3245.6,1,1,3245.7,1,1,3245.8,203,3,3245.9,20,2
11536,2025-12-30 11:58:38+05:30,3244.9,80,3249.24,738132,98410.0,125294.0,3250.0,3257.0,3239.8,3251.5,42608125,3576.6,2926.4,4322.95,2866.6,3244.9,28,1,3244.7,20,1,3244.4,13,2,3244.3,971,6,3244.2,85,5,3245.0,189,15,3245.4,1,1,3245.5,25,1,3245.6,1,1,3245.8,195,3
11536,2025-12-30 11:58:38+05:30,3244.9,80,3249.24,738132,98410.0,125294.0,3250.0,3257.0,3239.8,3251.5,42608125,3576.6,2926.4,4322.95,2866.6,3244.9,28,1,3244.7,20,1,3244.4,13,2,3244.3,971,6,3244.2,85,5,3245.0,189,15,3245.4,1,1,3245.5,25,1,3245.6,1,1,3245.8,195,3
11536,2025-12-30 11:58:41+05:30,3244.9,1,3249.24,738132,98410.0,125294.0,3250.0,3257.0,3239.8,3251.5,42608125,3576.6,2926.4,4322.95,2866.6,3244.9,28,1,3244.7,20,1,3244.4,13,2,3244.3,971,6,3244.2,85,5,3245.0,189,15,3245.4,1,1,3245.5,25,1,3245.6,1,1,3245.8,195,3
11536,2025-12-30 11:58:42+05:30,3245.0,1,3249.24,738200,98394.0,125067.0,3250.0,3257.0,3239.8,3251.5,42608125,3576.6,2926.4,4322.95,2866.6,3244.9,2,1,3244.7,20,1,3244.4,13,2,3244.3,971,6,3244.2,85,5,3245.0,170,18,3245.5,26,2,3245.6,1,1,3245.7,17,1,3245.8,198,3
11536,2025-12-30 11:58:44+05:30,3244.9,2,3249.24,738200,98394.0,125067.0,3250.0,3257.0,3239.8,3251.5,42608125,3576.6,2926.4,4322.95,2866.6,3244.9,2,1,3244.7,20,1,3244.4,13,2,3244.3,971,6,3244.2,85,5,3245.0,170,18,3245.5,26,2,3245.6,1,1,3245.7,17,1,3245.8,198,3
11536,2025-12-30 11:58:46+05:30,3244.9,1,3249.24,738222,98608.0,125272.0,3250.0,3257.0,3239.8,3251.5,42608125,3576.6,2926.4,4322.95,2866.6,3244.9,16,2,3244.7,20,1,3244.4,16,3,3244.3,997,6,3244.2,134,7,3245.0,195,22,3245.5,1,1,3245.6,41,3,3245.8,16,1,3245.9,3,1
11536,2025-12-30 11:58:47+05:30,3244.9,1,3249.24,738222,98608.0,125272.0,3250.0,3257.0,3239.8,3251.5,42608125,3576.6,2926.4,4322.95,2866.6,3244.9,16,2,3244.7,20,1,3244.4,16,3,3244.3,997,6,3244.2,134,7,3245.0,195,22,3245.5,1,1,3245.6,41,3,3245.8,16,1,3245.9,3,1
11536,2025-12-30 11:58:50+05:30,3244.9,1,3249.24,738222,98608.0,125272.0,3250.0,3257.0,3239.8,3251.5,42608125,3576.6,2926.4,4322.95,2866.6,3244.9,16,2,3244.7,20,1,3244.4,16,3,3244.3,997,6,3244.2,134,7,3245.0,195,22,3245.5,1,1,3245.6,41,3,3245.8,16,1,3245.9,3,1
11536,2025-12-30 11:58:50+05:30,3244.9,1,3249.24,738321,98665.0,125266.0,3250.0,3257.0,3239.8,3251.5,42608125,3576.6,2926.4,4322.95,2866.6,3244.9,10,1,3244.8,13,1,3244.7,20,1,3244.4,16,3,3244.3,997,6,3245.0,191,21,3245.6,41,3,3245.8,16,1,3245.9,178,2,3246.0,31,3
11536,2025-12-30 11:58:53+05:30,3244.9,1,3249.24,738321,98665.0,125266.0,3250.0,3257.0,3239.8,3251.5,42608125,3576.6,2926.4,4322.95,2866.6,3244.9,10,1,3244.8,13,1,3244.7,20,1,3244.4,16,3,3244.3,997,6,3245.0,191,21,3245.6,41,3,3245.8,16,1,3245.9,178,2,3246.0,31,3
11536,2025-12-30 11:58:54+05:30,3245.0,5,3249.24,738393,98833.0,125217.0,3250.0,3257.0,3239.8,3251.5,42608125,3576.6,2926.4,4322.95,2866.6,3244.9,16,2,3244.7,20,1,3244.4,16,3,3244.3,961,5,3244.2,140,7,3245.0,137,25,3245.6,25,2,3245.8,191,2,3245.9,3,1,3246.0,31,3
11536,2025-12-30 11:58:56+05:30,3245.0,10,3249.24,738393,98833.0,125217.0,3250.0,3257.0,3239.8,3251.5,42608125,3576.6,2926.4,4322.95,2866.6,3244.9,16,2,3244.7,20,1,3244.4,16,3,3244.3,961,5,3244.2,140,7,3245.0,137,25,3245.6,25,2,3245.8,191,2,3245.9,3,1,3246.0,31,3
11536,2025-12-30 11:58:59+05:30,3245.0,10,3249.24,738393,98833.0,125217.0,3250.0,3257.0,3239.8,3251.5,42608125,3576.6,2926.4,4322.95,2866.6,3244.9,16,2,3244.7,20,1,3244.4,16,3,3244.3,961,5,3244.2,140,7,3245.0,137,25,3245.6,25,2,3245.8,191,2,3245.9,3,1,3246.0,31,3
11536,2025-12-30 11:58:59+05:30,3244.7,4,3249.24,738393,98833.0,125217.0,3250.0,3257.0,3239.8,3251.5,42608125,3576.6,2926.4,4322.95,2866.6,3244.9,16,2,3244.7,20,1,3244.4,16,3,3244.3,961,5,3244.2,140,7,3245.0,137,25,3245.6,25,2,3245.8,191,2,3245.9,3,1,3246.0,31,3
11536,2025-12-30 11:58:59+05:30,3244.7,16,3249.24,738738,98682.0,125073.0,3250.0,3257.0,3239.8,3251.5,42608125,3576.6,2926.4,4322.95,2866.6,3244.4,35,4,3244.3,1021,7,3244.2,76,6,3244.1,106,7,3244.0,797,16,3244.6,2,1,3244.8,9,2,3244.9,2,2,3245.0,130,12,3245.6,1,1
11536,2025-12-30 11:59:00+05:30,3244.7,16,3249.24,738738,98682.0,125073.0,3250.0,3257.0,3239.8,3251.5,42608125,3576.6,2926.4,4322.95,2866.6,3244.4,35,4,3244.3,1021,7,3244.2,76,6,3244.1,106,7,3244.0,797,16,3244.6,2,1,3244.8,9,2,3244.9,2,2,3245.0,130,12,3245.6,1,1
11536,2025-12-30 11:59:01+05:30,3244.7,16,3249.24,738738,98682.0,125073.0,3250.0,3257.0,3239.8,3251.5,42608125,3576.6,2926.4,4322.95,2866.6,3244.4,35,4,3244.3,1021,7,3244.2,76,6,3244.1,106,7,3244.0,797,16,3244.6,2,1,3244.8,9,2,3244.9,2,2,3245.0,130,12,3245.6,1,1
11536,2025-12-30 11:59:02+05:30,3244.7,16,3249.24,738738,98682.0,125073.0,3250.0,3257.0,3239.8,3251.5,42608125,3576.6,2926.4,4322.95,2866.6,3244.4,35,4,3244.3,1021,7,3244.2,76,6,3244.1,106,7,3244.0,797,16,3244.6,2,1,3244.8,9,2,3244.9,2,2,3245.0,130,12,3245.6,1,1
11536,2025-12-30 11:59:02+05:30,3244.4,2,3249.24,738738,98682.0,125073.0,3250.0,3257.0,3239.8,3251.5,42608125,3576.6,2926.4,4322.95,2866.6,3244.4,35,4,3244.3,1021,7,3244.2,76,6,3244.1,106,7,3244.0,797,16,3244.6,2,1,3244.8,9,2,3244.9,2,2,3245.0,130,12,3245.6,1,1
11536,2025-12-30 11:59:03+05:30,3244.4,2,3249.24,738738,98682.0,125073.0,3250.0,3257.0,3239.8,3251.5,42608125,3576.6,2926.4,4322.95,2866.6,3244.4,35,4,3244.3,1021,7,3244.2,76,6,3244.1,106,7,3244.0,797,16,3244.6,2,1,3244.8,9,2,3244.9,2,2,3245.0,130,12,3245.6,1,1
11536,2025-12-30 11:59:04+05:30,3244.4,1,3249.24,738834,98830.0,125060.0,3250.0,3257.0,3239.8,3251.5,42608125,3576.6,2926.4,4322.95,2866.6,3244.4,10,2,3244.3,995,7,3244.2,174,10,3244.1,97,5,3244.0,748,14,3244.9,10,1,3245.0,131,13,3245.6,1,1,3245.7,175,1,3245.9,177,2
11536,2025-12-30 11:59:04+05:30,3244.4,1,3249.24,738834,98830.0,125060.0,3250.0,3257.0,3239.8,3251.5,42608125,3576.6,2926.4,4322.95,2866.6,3244.4,10,2,3244.3,995,7,3244.2,174,10,3244.1,97,5,3244.0,748,14,3244.9,10,1,3245.0,131,13,3245.6,1,1,3245.7,175,1,3245.9,177,2
11536,2025-12-30 11:59:05+05:30,3244.4,1,3249.24,738834,98830.0,125060.0,3250.0,3257.0,3239.8,3251.5,42608125,3576.6,2926.4,4322.95,2866.6,3244.4,10,2,3244.3,995,7,3244.2,174,10,3244.1,97,5,3244.0,748,14,3244.9,10,1,3245.0,131,13,3245.6,1,1,3245.7,175,1,3245.9,177,2
11536,2025-12-30 11:59:05+05:30,3244.9,1,3249.24,738834,98830.0,125060.0,3250.0,3257.0,3239.8,3251.5,42608125,3576.6,2926.4,4322.95,2866.6,3244.4,10,2,3244.3,995,7,3244.2,174,10,3244.1,97,5,3244.0,748,14,3244.9,10,1,3245.0,131,13,3245.6,1,1,3245.7,175,1,3245.9,177,2
11536,2025-12-30 11:59:06+05:30,3244.9,1,3249.24,738834,98830.0,125060.0,3250.0,3257.0,3239.8,3251.5,42608125,3576.6,2926.4,4322.95,2866.6,3244.4,10,2,3244.3,995,7,3244.2,174,10,3244.1,97,5,3244.0,748,14,3244.9,10,1,3245.0,131,13,3245.6,1,1,3245.7,175,1,3245.9,177,2
11536,2025-12-30 11:59:07+05:30,3244.9,1,3249.24,738834,98830.0,125060.0,3250.0,3257.0,3239.8,3251.5,42608125,3576.6,2926.4,4322.95,2866.6,3244.4,10,2,3244.3,995,7,3244.2,174,10,3244.1,97,5,3244.0,748,14,3244.9,10,1,3245.0,131,13,3245.6,1,1,3245.7,175,1,3245.9,177,2
11536,2025-12-30 11:59:08+05:30,3244.9,1,3249.24,738834,98830.0,125060.0,3250.0,3257.0,3239.8,3251.5,42608125,3576.6,2926.4,4322.95,2866.6,3244.4,10,2,3244.3,995,7,3244.2,174,10,3244.1,97,5,3244.0,748,14,3244.9,10,1,3245.0,131,13,3245.6,1,1,3245.7,175,1,3245.9,177,2
11536,2025-12-30 11:59:08+05:30,3245.3,10,3249.23,741986,101526.0,120896.0,3250.0,3257.0,3239.8,3251.5,42608125,3576.6,2926.4,4322.95,2866.6,3245.3,42,5,3245.2,72,3,3245.1,93,5,3245.0,142,5,3244.9,417,3,3245.4,95,3,3246.4,6,3,3246.5,42,1,3247.0,49,2,3247.2,104,3
11536,2025-12-30 11:59:08+05:30,3245.3,10,3249.23,741986,101526.0,120896.0,3250.0,3257.0,3239.8,3251.5,42608125,3576.6,2926.4,4322.95,2866.6,3245.3,42,5,3245.2,72,3,3245.1,93,5,3245.0,142,5,3244.9,417,3,3245.4,95,3,3246.4,6,3,3246.5,42,1,3247.0,49,2,3247.2,104,3
11536,2025-12-30 11:59:09+05:30,3245.3,10,3249.23,741986,101526.0,120896.0,3250.0,3257.0,3239.8,3251.5,42608125,3576.6,2926.4,4322.95,2866.6,3245.3,42,5,3245.2,72,3,3245.1,93,5,3245.0,142,5,3244.9,417,3,3245.4,95,3,3246.4,6,3,3246.5,42,1,3247.0,49,2,3247.2,104,3
11536,2025-12-30 11:59:11+05:30,3245.3,10,3249.23,741986,101526.0,120896.0,3250.0,3257.0,3239.8,3251.5,42608125,3576.6,2926.4,4322.95,2866.6,3245.3,42,5,3245.2,72,3,3245.1,93,5,3245.0,142,5,3244.9,417,3,3245.4,95,3,3246.4,6,3,3246.5,42,1,3247.0,49,2,3247.2,104,3
11536,2025-12-30 11:59:11+05:30,3245.6,19,3249.23,741986,101526.0,120896.0,3250.0,3257.0,3239.8,3251.5,42608125,3576.6,2926.4,4322.95,2866.6,3245.3,42,5,3245.2,72,3,3245.1,93,5,3245.0,142,5,3244.9,417,3,3245.4,95,3,3246.4,6,3,3246.5,42,1,3247.0,49,2,3247.2,104,3
11536,2025-12-30 11:59:12+05:30,3245.6,19,3249.23,741986,101526.0,120896.0,3250.0,3257.0,3239.8,3251.5,42608125,3576.6,2926.4,4322.95,2866.6,3245.3,42,5,3245.2,72,3,3245.1,93,5,3245.0,142,5,3244.9,417,3,3245.4,95,3,3246.4,6,3,3246.5,42,1,3247.0,49,2,3247.2,104,3
11536,2025-12-30 11:59:12+05:30,3246.4,3,3249.22,743477,104619.0,119760.0,3250.0,3257.0,3239.8,3251.5,42608125,3576.6,2926.4,4322.95,2866.6,3245.6,56,5,3245.5,83,3,3245.4,200,9,3245.3,465,7,3245.2,223,9,3246.4,31,6,3247.4,63,3,3247.5,175,1,3247.6,83,3,3247.7,49,2
11536,2025-12-30 11:59:14+05:30,3246.4,3,3249.22,743477,104619.0,119760.0,3250.0,3257.0,3239.8,3251.5,42608125,3576.6,2926.4,4322.95,2866.6,3245.6,56,5,3245.5,83,3,3245.4,200,9,3245.3,465,7,3245.2,223,9,3246.4,31,6,3247.4,63,3,3247.5,175,1,3247.6,83,3,3247.7,49,2
11536,2025-12-30 11:59:14+05:30,3245.7,2,3249.22,743477,104619.0,119760.0,3250.0,3257.0,3239.8,3251.5,42608125,3576.6,2926.4,4322.95,2866.6,3245.6,56,5,3245.5,83,3,3245.4,200,9,3245.3,465,7,3245.2,223,9,3246.4,31,6,3247.4,63,3,3247.5,175,1,3247.6,83,3,3247.7,49,2
11536,2025-12-30 11:59:15+05:30,3245.7,2,3249.22,743477,104619.0,119760.0,3250.0,3257.0,3239.8,3251.5,42608125,3576.6,2926.4,4322.95,2866.6,3245.6,56,5,3245.5,83,3,3245.4,200,9,3245.3,465,7,3245.2,223,9,3246.4,31,6,3247.4,63,3,3247.5,175,1,3247.6,83,3,3247.7,49,2
11536,2025-12-30 11:59:17+05:30,3245.5,8,3249.22,744094,104146.0,119686.0,3250.0,3257.0,3239.8,3251.5,42608125,3576.6,2926.4,4322.95,2866.6,3245.4,73,4,3245.3,67,5,3245.2,225,8,3245.1,73,5,3245.0,555,7,3245.5,8,1,3245.7,16,8,3246.8,3,1,3247.2,54,2,3247.3,200,2
11536,2025-12-30 11:59:17+05:30,3245.5,8,3249.22,744094,104146.0,119686.0,3250.0,3257.0,3239.8,3251.5,42637350,3576.6,2926.4,4322.95,2866.6,3245.4,73,4,3245.3,67,5,3245.2,225,8,3245.1,73,5,3245.0,555,7,3245.5,8,1,3245.7,16,8,3246.8,3,1,3247.2,54,2,3247.3,200,2
11536,2025-12-30 11:59:17+05:30,3245.4,8,3249.22,744094,104146.0,119686.0,3250.0,3257.0,3239.8,3251.5,42637350,3576.6,2926.4,4322.95,2866.6,3245.4,73,4,3245.3,67,5,3245.2,225,8,3245.1,73,5,3245.0,555,7,3245.5,8,1,3245.7,16,8,3246.8,3,1,3247.2,54,2,3247.3,200,2
11536,2025-12-30 11:59:19+05:30,3245.4,8,3249.22,744094,104146.0,119686.0,3250.0,3257.0,3239.8,3251.5,42637350,3576.6,2926.4,4322.95,2866.6,3245.4,73,4,3245.3,67,5,3245.2,225,8,3245.1,73,5,3245.0,555,7,3245.5,8,1,3245.7,16,8,3246.8,3,1,3247.2,54,2,3247.3,200,2
11536,2025-12-30 11:59:20+05:30,3245.5,14,3249.22,744094,104146.0,119686.0,3250.0,3257.0,3239.8,3251.5,42637350,3576.6,2926.4,4322.95,2866.6,3245.4,73,4,3245.3,67,5,3245.2,225,8,3245.1,73,5,3245.0,555,7,3245.5,8,1,3245.7,16,8,3246.8,3,1,3247.2,54,2,3247.3,200,2
11536,2025-12-30 11:59:21+05:30,3245.4,15,3249.22,744366,101137.0,121747.0,3250.0,3257.0,3239.8,3251.5,42637350,3576.6,2926.4,4322.95,2866.6,3245.4,104,3,3245.3,23,3,3245.2,39,3,3245.0,41,2,3244.9,14,2,3245.5,118,5,3245.7,3,2,3246.4,23,1,3246.5,209,2,3246.6,3,1
11536,2025-12-30 11:59:23+05:30,3247.0,175,3249.22,744366,101137.0,121747.0,3250.0,3257.0,3239.8,3251.5,42637350,3576.6,2926.4,4322.95,2866.6,3245.4,104,3,3245.3,23,3,3245.2,39,3,3245.0,41,2,3244.9,14,2,3245.5,118,5,3245.7,3,2,3246.4,23,1,3246.5,209,2,3246.6,3,1
11536,2025-12-30 11:59:25+05:30,3247.5,1,3249.19,751813,105316.0,120248.0,3250.0,3257.0,3239.8,3251.5,42637350,3576.6,2926.4,4322.95,2866.6,3247.0,380,1,3246.4,20,1,3246.2,166,4,3246.1,126,4,3246.0,238,4,3247.5,72,7,3247.7,98,4,3247.8,59,3,3247.9,55,2,3248.0,116,5
11536,2025-12-30 11:59:26+05:30,3247.0,1,3249.19,751813,105316.0,120248.0,3250.0,3257.0,3239.8,3251.5,42637350,3576.6,2926.4,4322.95,2866.6,3247.0,380,1,3246.4,20,1,3246.2,166,4,3246.1,126,4,3246.0,238,4,3247.5,72,7,3247.7,98,4,3247.8,59,3,3247.9,55,2,3248.0,116,5
11536,2025-12-30 11:59:28+05:30,3247.5,35,3249.19,754552,105706.0,120502.0,3250.0,3257.0,3239.8,3251.5,42637350,3576.6,2926.4,4322.95,2866.6,3247.0,384,2,3246.4,20,1,3246.3,68,2,3246.2,65,2,3246.1,339,5,3247.5,111,7,3247.6,10,1,3247.7,15,1,3247.8,282,1,3247.9,28,2
11536,2025-12-30 11:59:28+05:30,3247.5,7,3249.19,754552,105706.0,120502.0,3250.0,3257.0,3239.8,3251.5,42637350,3576.6,2926.4,4322.95,2866.6,3247.0,384,2,3246.4,20,1,3246.3,68,2,3246.2,65,2,3246.1,339,5,3247.5,111,7,3247.6,10,1,3247.7,15,1,3247.8,282,1,3247.9,28,2
11536,2025-12-30 11:59:29+05:30,3247.0,111,3249.18,755441,105293.0,120358.0,3250.0,3257.0,3239.8,3251.5,42637350,3576.6,2926.4,4322.95,2866.6,3247.0,55,2,3246.4,29,2,3246.3,68,2,3246.2,65,2,3246.1,306,6,3247.5,47,5,3247.6,292,2,3247.7,15,1,3247.9,3,1,3248.0,190,2
11536,2025-12-30 11:59:29+05:30,3247.0,111,3249.18,755441,105293.0,120358.0,3250.0,3257.0,3239.8,3251.5,42637350,3576.6,2926.4,4322.95,2866.6,3247.0,55,2,3246.4,29,2,3246.3,68,2,3246.2,65,2,3246.1,306,6,3247.5,47,5,3247.6,292,2,3247.7,15,1,3247.9,3,1,3248.0,190,2
11536,2025-12-30 11:59:30+05:30,3247.0,19,3249.18,755718,105892.0,116831.0,3250.0,3257.0,3239.8,3251.5,42637350,3576.6,2926.4,4322.95,2866.6,3247.0,6,2,3246.6,35,2,3246.5,31,2,3246.4,75,4,3246.3,71,3,3247.5,46,6,3247.9,3,1,3248.0,195,2,3248.1,18,2,3248.2,28,2
11536,2025-12-30 11:59:30+05:30,3247.5,2,3249.18,755718,105892.0,116831.0,3250.0,3257.0,3239.8,3251.5,42637350,3576.6,2926.4,4322.95,2866.6,3247.0,6,2,3246.6,35,2,3246.5,31,2,3246.4,75,4,3246.3,71,3,3247.5,46,6,3247.9,3,1,3248.0,195,2,3248.1,18,2,3248.2,28,2
11536,2025-12-30 11:59:31+05:30,3246.9,1,3249.18,755832,105321.0,117388.0,3250.0,3257.0,3239.8,3251.5,42637350,3576.6,2926.4,4322.95,2866.6,3246.6,10,1,3246.4,29,4,3246.3,30,4,3246.2,37,2,3246.1,224,10,3246.9,2,1,3247.0,11,2,3247.5,43,8,3247.8,175,1,3247.9,3,1
11536,2025-12-30 11:59:31+05:30,3246.6,82,3249.18,755832,105321.0,117388.0,3250.0,3257.0,3239.8,3251.5,42637350,3576.6,2926.4,4322.95,2866.6,3246.6,10,1,3246.4,29,4,3246.3,30,4,3246.2,37,2,3246.1,224,10,3246.9,2,1,3247.0,11,2,3247.5,43,8,3247.8,175,1,3247.9,3,1
11536,2025-12-30 11:59:32+05:30,3246.4,2,3249.18,755958,105288.0,116905.0,3250.0,3257.0,3239.8,3251.5,42637350,3576.6,2926.4,4322.95,2866.6,3246.4,25,3,3246.3,33,5,3246.2,52,3,3246.1,119,6,3246.0,126,5,3246.6,26,4,3246.9,3,2,3247.0,11,2,3247.5,19,5,3247.8,175,1
11536,2025-12-30 11:59:32+05:30,3246.6,1,3249.18,755958,105288.0,116905.0,3250.0,3257.0,3239.8,3251.5,42637350,3576.6,2926.4,4322.95,2866.6,3246.4,25,3,3246.3,33,5,3246.2,52,3,3246.1,119,6,3246.0,126,5,3246.6,26,4,3246.9,3,2,3247.0,11,2,3247.5,19,5,3247.8,175,1
11536,2025-12-30 11:59:33+05:30,3246.6,17,3249.18,756299,105857.0,116258.0,3250.0,3257.0,3239.8,3251.5,42637350,3576.6,2926.4,4322.95,2866.6,3246.6,36,4,3246.5,46,3,3246.4,144,5,3246.3,342,9,3246.2,96,5,3246.9,19,5,3247.5,5,2,3247.9,3,1,3248.1,3,1,3248.2,23,2
11536,2025-12-30 11:59:33+05:30,3246.6,22,3249.18,756299,105857.0,116258.0,3250.0,3257.0,3239.8,3251.5,42637350,3576.6,2926.4,4322.95,2866.6,3246.6,36,4,3246.5,46,3,3246.4,144,5,3246.3,342,9,3246.2,96,5,3246.9,19,5,3247.5,5,2,3247.9,3,1,3248.1,3,1,3248.2,23,2
11536,2025-12-30 11:59:34+05:30,3246.5,15,3249.18,756365,105350.0,116741.0,3250.0,3257.0,3239.8,3251.5,42637350,3576.6,2926.4,4322.95,2866.6,3246.5,156,6,3246.4,45,3,3246.3,365,10,3246.2,96,5,3246.1,68,4,3246.9,20,8,3247.9,3,1,3248.1,3,1,3248.2,198,3,3248.4,75,3
11536,2025-12-30 11:59:34+05:30,3246.5,8,3249.18,756365,105350.0,116741.0,3250.0,3257.0,3239.8,3251.5,42637350,3576.6,2926.4,4322.95,2866.6,3246.5,156,6,3246.4,45,3,3246.3,365,10,3246.2,96,5,3246.1,68,4,3246.9,20,8,3247.9,3,1,3248.1,3,1,3248.2,198,3,3248.4,75,3
11536,2025-12-30 11:59:35+05:30,3246.9,1,3249.18,756459,105548.0,116861.0,3250.0,3257.0,3239.8,3251.5,42637350,3576.6,2926.4,4322.95,2866.6,3246.5,235,4,3246.4,56,4,3246.3,200,9,3246.2,106,5,3246.1,68,4,3246.9,17,10,3247.9,187,3,3248.1,5,2,3248.2,38,3,3248.4,119,5
11536,2025-12-30 11:59:35+05:30,3246.5,11,3249.18,756459,105548.0,116861.0,3250.0,3257.0,3239.8,3251.5,42637350,3576.6,2926.4,4322.95,2866.6,3246.5,235,4,3246.4,56,4,3246.3,200,9,3246.2,106,5,3246.1,68,4,3246.9,17,10,3247.9,187,3,3248.1,5,2,3248.2,38,3,3248.4,119,5
11536,2025-12-30 11:59:36+05:30,3246.5,42,3249.18,756527,105521.0,116821.0,3250.0,3257.0,3239.8,3251.5,42637350,3576.6,2926.4,4322.95,2866.6,3246.5,134,1,3246.4,38,2,3246.3,200,9,3246.2,51,2,3246.1,117,6,3246.9,13,10,3247.9,12,2,3248.0,175,1,3248.1,7,3,3248.2,38,3
11536,2025-12-30 11:59:36+05:30,3246.5,4,3249.18,756527,105521.0,116821.0,3250.0,3257.0,3239.8,3251.5,42637350,3576.6,2926.4,4322.95,2866.6,3246.5,134,1,3246.4,38,2,3246.3,200,9,3246.2,51,2,3246.1,117,6,3246.9,13,10,3247.9,12,2,3248.0,175,1,3248.1,7,3,3248.2,38,3
11536,2025-12-30 11:59:37+05:30,3246.9,1,3249.18,756653,105155.0,116842.0,3250.0,3257.0,3239.8,3251.5,42637350,3576.6,2926.4,4322.95,2866.6,3246.5,33,1,3246.4,134,3,3246.3,45,6,3246.2,32,1,3246.1,85,5,3246.9,11,8,3247.9,3,1,3248.0,21,1,3248.1,7,3,3248.2,239,5
11536,2025-12-30 11:59:37+05:30,3246.5,3,3249.18,756653,105155.0,116842.0,3250.0,3257.0,3239.8,3251.5,42637350,3576.6,2926.4,4322.95,2866.6,3246.5,33,1,3246.4,134,3,3246.3,45,6,3246.2,32,1,3246.1,85,5,3246.9,11,8,3247.9,3,1,3248.0,21,1,3248.1,7,3,3248.2,239,5
11536,2025-12-30 11:59:38+05:30,3246.9,1,3249.18,756679,105340.0,116846.0,3250.0,3257.0,3239.8,3251.5,42637350,3576.6,2926.4,4322.95,2866.6,3246.5,8,1,3246.4,89,5,3246.3,178,7,3246.2,68,3,3246.1,85,5,3246.9,15,9,3247.9,3,1,3248.0,21,1,3248.1,182,4,3248.2,64,4
11536,2025-12-30 11:59:38+05:30,3246.5,1,3249.18,756679,105340.0,116846.0,3250.0,3257.0,3239.8,3251.5,42637350,3576.6,2926.4,4322.95,2866.6,3246.5,8,1,3246.4,89,5,3246.3,178,7,3246.2,68,3,3246.1,85,5,3246.9,15,9,3247.9,3,1,3248.0,21,1,3248.1,182,4,3248.2,64,4
11536,2025-12-30 11:59:39+05:30,3246.9,1,3249.18,756708,105718.0,116865.0,3250.0,3257.0,3239.8,3251.5,42637350,3576.6,2926.4,4322.95,2866.6,3246.7,221,1,3246.4,151,4,3246.3,100,7,3246.2,66,3,3246.1,85,5,3246.9,10,7,3247.9,12,2,3248.1,182,4,3248.2,64,4,3248.4,94,4
11536,2025-12-30 11:59:39+05:30,3246.9,1,3249.18,756708,105718.0,116865.0,3250.0,3257.0,3239.8,3251.5,42637350,3576.6,2926.4,4322.95,2866.6,3246.7,221,1,3246.4,151,4,3246.3,100,7,3246.2,66,3,3246.1,85,5,3246.9,10,7,3247.9,12,2,3248.1,182,4,3248.2,64,4,3248.4,94,4
11536,2025-12-30 11:59:40+05:30,3246.7,2,3249.18,756779,105821.0,116829.0,3250.0,3257.0,3239.8,3251.5,42637350,3576.6,2926.4,4322.95,2866.6,3246.7,187,1,3246.5,67,3,3246.4,25,1,3246.3,193,8,3246.2,54,2,3246.9,7,4,3247.9,3,1,3248.0,175,1,3248.1,7,3,3248.2,48,3
11536,2025-12-30 11:59:40+05:30,3246.7,4,3249.18,756779,105821.0,116829.0,3250.0,3257.0,3239.8,3251.5,42637350,3576.6,2926.4,4322.95,2866.6,3246.7,187,1,3246.5,67,3,3246.4,25,1,3246.3,193,8,3246.2,54,2,3246.9,7,4,3247.9,3,1,3248.0,175,1,3248.1,7,3,3248.2,48,3
11536,2025-12-30 11:59:41+05:30,3246.8,4,3249.18,756787,105714.0,116817.0,3250.0,3257.0,3239.8,3251.5,42637350,3576.6,2926.4,4322.95,2866.6,3246.8,179,1,3246.5,25,1,3246.4,25,1,3246.3,86,6,3246.2,146,3,3246.9,7,5,3247.9,187,3,3248.0,20,1,3248.1,7,3,3248.2,48,3
11536,2025-12-30 11:59:41+05:30,3246.8,20,3249.18,756787,105714.0,116817.0,3250.0,3257.0,3239.8,3251.5,42637350,3576.6,2926.4,4322.95,2866.6,3246.8,179,1,3246.5,25,1,3246.4,25,1,3246.3,86,6,3246.2,146,3,3246.9,7,5,3247.9,187,3,3248.0,20,1,3248.1,7,3,3248.2,48,3
11536,2025-12-30 11:59:42+05:30,3246.8,1,3249.18,756808,105642.0,116831.0,3250.0,3257.0,3239.8,3251.5,42637350,3576.6,2926.4,4322.95,2866.6,3246.8,218,3,3246.5,17,1,3246.3,146,6,3246.2,93,4,3246.1,68,4,3246.9,7,6,3247.7,22,1,3247.8,9,1,3247.9,12,2,3248.0,195,2
11536,2025-12-30 11:59:42+05:30,3246.9,1,3249.18,756808,105642.0,116831.0,3250.0,3257.0,3239.8,3251.5,42637350,3576.6,2926.4,4322.95,2866.6,3246.8,218,3,3246.5,17,1,3246.3,146,6,3246.2,93,4,3246.1,68,4,3246.9,7,6,3247.7,22,1,3247.8,9,1,3247.9,12,2,3248.0,195,2
11536,2025-12-30 11:59:43+05:30,3246.8,1,3249.18,756822,105544.0,116830.0,3250.0,3257.0,3239.8,3251.5,42637350,3576.6,2926.4,4322.95,2866.6,3246.8,207,3,3246.3,146,6,3246.2,76,3,3246.1,68,4,3246.0,177,6,3246.9,6,6,3247.7,22,1,3247.8,9,1,3247.9,12,2,3248.0,195,2
11536,2025-12-30 11:59:43+05:30,3246.8,1,3249.18,756822,105544.0,116830.0,3250.0,3257.0,3239.8,3251.5,42637350,3576.6,2926.4,4322.95,2866.6,3246.8,207,3,3246.3,146,6,3246.2,76,3,3246.1,68,4,3246.0,177,6,3246.9,6,6,3247.7,22,1,3247.8,9,1,3247.9,12,2,3248.0,195,2
11536,2025-12-30 11:59:44+05:30,3246.9,1,3249.18,756834,105733.0,115428.0,3250.0,3257.0,3239.8,3251.5,42637350,3576.6,2926.4,4322.95,2866.6,3246.8,199,3,3246.3,146,6,3246.2,93,4,3246.1,68,4,3246.0,336,7,3246.9,4,4,3247.7,22,1,3247.8,9,1,3247.9,12,2,3248.0,195,2
11536,2025-12-30 11:59:44+05:30,3246.9,1,3249.18,756834,105733.0,115428.0,3250.0,3257.0,3239.8,3251.5,42637350,3576.6,2926.4,4322.95,2866.6,3246.8,199,3,3246.3,146,6,3246.2,93,4,3246.1,68,4,3246.0,336,7,3246.9,4,4,3247.7,22,1,3247.8,9,1,3247.9,12,2,3248.0,195,2
11536,2025-12-30 11:59:45+05:30,3246.9,1,3249.18,756837,105944.0,116829.0,3250.0,3257.0,3239.8,3251.5,42637350,3576.6,2926.4,4322.95,2866.6,3246.8,197,3,3246.5,17,1,3246.3,164,7,3246.2,264,6,3246.1,62,3,3246.9,5,5,3247.7,22,1,3247.8,9,1,3247.9,12,2,3248.0,195,2
11536,2025-12-30 11:59:45+05:30,3246.8,3,3249.18,756837,105944.0,116829.0,3250.0,3257.0,3239.8,3251.5,42637350,3576.6,2926.4,4322.95,2866.6,3246.8,197,3,3246.5,17,1,3246.3,164,7,3246.2,264,6,3246.1,62,3,3246.9,5,5,3247.7,22,1,3247.8,9,1,3247.9,12,2,3248.0,195,2
11536,2025-12-30 11:59:46+05:30,3246.9,1,3249.18,756845,105907.0,116870.0,3250.0,3257.0,3239.8,3251.5,42637350,3576.6,2926.4,4322.95,2866.6,3246.8,190,3,3246.3,146,6,3246.2,247,5,3246.1,62,3,3246.0,399,10,3246.9,6,6,3247.7,22,1,3247.8,9,1,3247.9,187,3,3248.0,20,1
11536,2025-12-30 11:59:46+05:30,3246.8,4,3249.18,756845,105907.0,116870.0,3250.0,3257.0,3239.8,3251.5,42637350,3576.6,2926.4,4322.95,2866.6,3246.8,190,3,3246.3,146,6,3246.2,247,5,3246.1,62,3,3246.0,399,10,3246.9,6,6,3247.7,22,1,3247.8,9,1,3247.9,187,3,3248.0,20,1
11536,2025-12-30 11:59:47+05:30,3246.8,76,3249.18,756938,106033.0,116675.0,3250.0,3257.0,3239.8,3251.5,42637350,3576.6,2926.4,4322.95,2866.6,3246.8,107,3,3246.4,182,3,3246.3,209,8,3246.2,268,5,3246.1,131,5,3247.6,20,1,3247.7,24,4,3247.8,17,1,3247.9,187,3,3248.0,20,1
11536,2025-12-30 11:59:47+05:30,3246.8,7,3249.18,756938,106033.0,116675.0,3250.0,3257.0,3239.8,3251.5,42637350,3576.6,2926.4,4322.95,2866.6,3246.8,107,3,3246.4,182,3,3246.3,209,8,3246.2,268,5,3246.1,131,5,3247.6,20,1,3247.7,24,4,3247.8,17,1,3247.9,187,3,3248.0,20,1
11536,2025-12-30 11:59:48+05:30,3247.6,1,3249.18,756949,106034.0,116650.0,3250.0,3257.0,3239.8,3251.5,42637350,3576.6,2926.4,4322.95,2866.6,3246.8,97,3,3246.6,20,1,3246.4,182,3,3246.3,215,9,3246.2,279,5,3247.6,22,4,3247.7,15,3,3247.8,17,1,3247.9,187,3,3248.0,20,1
11536,2025-12-30 11:59:48+05:30,3247.5,171,3249.18,756949,106034.0,116650.0,3250.0,3257.0,3239.8,3251.5,42637350,3576.6,2926.4,4322.95,2866.6,3246.8,97,3,3246.6,20,1,3246.4,182,3,3246.3,215,9,3246.2,279,5,3247.6,22,4,3247.7,15,3,3247.8,17,1,3247.9,187,3,3248.0,20,1
11536,2025-12-30 11:59:49+05:30,3247.5,27,3249.18,758017,105316.0,116822.0,3250.0,3257.0,3239.8,3251.5,42637350,3576.6,2926.4,4322.95,2866.6,3247.5,40,1,3246.8,81,3,3246.6,219,3,3246.5,199,2,3246.4,325,5,3247.6,69,8,3247.7,12,2,3247.8,3,1,3247.9,211,4,3248.1,27,2
11536,2025-12-30 11:59:49+05:30,3247.5,1,3249.18,758017,105316.0,116822.0,3250.0,3257.0,3239.8,3251.5,42637350,3576.6,2926.4,4322.95,2866.6,3247.5,40,1,3246.8,81,3,3246.6,219,3,3246.5,199,2,3246.4,325,5,3247.6,69,8,3247.7,12,2,3247.8,3,1,3247.9,211,4,3248.1,27,2
11536,2025-12-30 11:59:50+05:30,3247.5,14,3249.18,758035,106604.0,116823.0,3250.0,3257.0,3239.8,3251.5,42637350,3576.6,2926.4,4322.95,2866.6,3247.5,37,4,3246.8,84,4,3246.6,219,3,3246.5,202,3,3246.4,325,5,3247.6,70,9,3247.7,10,1,3247.8,178,2,3247.9,36,3,3248.1,27,2
11536,2025-12-30 11:59:50+05:30,3247.5,14,3249.18,758035,106604.0,116823.0,3250.0,3257.0,3239.8,3251.5,42637350,3576.6,2926.4,4322.95,2866.6,3247.5,37,4,3246.8,84,4,3246.6,219,3,3246.5,202,3,3246.4,325,5,3247.6,70,9,3247.7,10,1,3247.8,178,2,3247.9,36,3,3248.1,27,2
11536,2025-12-30 11:59:51+05:30,3247.5,1,3249.18,758349,106746.0,116833.0,3250.0,3257.0,3239.8,3251.5,42637350,3576.6,2926.4,4322.95,2866.6,3247.5,229,4,3246.8,84,4,3246.6,219,3,3246.5,294,4,3246.4,233,4,3247.6,86,10,3247.7,10,1,3247.8,175,1,3247.9,36,3,3248.1,27,2
11536,2025-12-30 11:59:51+05:30,3247.5,8,3249.18,758349,106746.0,116833.0,3250.0,3257.0,3239.8,3251.5,42637350,3576.6,2926.4,4322.95,2866.6,3247.5,229,4,3246.8,84,4,3246.6,219,3,3246.5,294,4,3246.4,233,4,3247.6,86,10,3247.7,10,1,3247.8,175,1,3247.9,36,3,3248.1,27,2
11536,2025-12-30 11:59:52+05:30,3247.5,156,3249.17,758779,106579.0,116880.0,3250.0,3257.0,3239.8,3251.5,42637350,3576.6,2926.4,4322.95,2866.6,3247.5,96,4,3246.8,84,4,3246.6,219,3,3246.5,202,3,3246.4,233,4,3247.6,86,12,3247.7,10,1,3247.8,175,1,3247.9,51,4,3248.1,27,2
11536,2025-12-30 11:59:52+05:30,3247.5,4,3249.17,758779,106579.0,116880.0,3250.0,3257.0,3239.8,3251.5,42637350,3576.6,2926.4,4322.95,2866.6,3247.5,96,4,3246.8,84,4,3246.6,219,3,3246.5,202,3,3246.4,233,4,3247.6,86,12,3247.7,10,1,3247.8,175,1,3247.9,51,4,3248.1,27,2
11536,2025-12-30 11:59:53+05:30,3247.5,4,3249.17,758787,106610.0,116900.0,3250.0,3257.0,3239.8,3251.5,42637350,3576.6,2926.4,4322.95,2866.6,3247.5,88,4,3246.8,84,4,3246.6,223,4,3246.5,202,3,3246.4,233,4,3247.6,106,14,3247.7,10,1,3247.8,175,1,3247.9,51,4,3248.1,27,2
11536,2025-12-30 11:59:53+05:30,3247.5,2,3249.17,758787,106610.0,116900.0,3250.0,3257.0,3239.8,3251.5,42637350,3576.6,2926.4,4322.95,2866.6,3247.5,88,4,3246.8,84,4,3246.6,223,4,3246.5,202,3,3246.4,233,4,3247.6,106,14,3247.7,10,1,3247.8,175,1,3247.9,51,4,3248.1,27,2
11536,2025-12-30 11:59:54+05:30,3247.6,3,3249.17,758931,106685.0,116795.0,3250.0,3257.0,3239.8,3251.5,42637350,3576.6,2926.4,4322.95,2866.6,3247.5,179,5,3246.8,31,3,3246.6,223,4,3246.5,294,4,3246.4,261,5,3247.6,46,11,3247.7,10,1,3247.8,195,2,3247.9,12,2,3248.0,25,1
11536,2025-12-30 11:59:54+05:30,3247.5,1,3249.17,758931,106685.0,116795.0,3250.0,3257.0,3239.8,3251.5,42637350,3576.6,2926.4,4322.95,2866.6,3247.5,179,5,3246.8,31,3,3246.6,223,4,3246.5,294,4,3246.4,261,5,3247.6,46,11,3247.7,10,1,3247.8,195,2,3247.9,12,2,3248.0,25,1
11536,2025-12-30 11:59:55+05:30,3247.6,1,3249.17,759110,106377.0,116814.0,3250.0,3257.0,3239.8,3251.5,42637350,3576.6,2926.4,4322.95,2866.6,3247.5,16,4,3246.8,32,4,3246.6,223,4,3246.5,202,3,3246.4,371,7,3247.6,36,12,3247.7,10,1,3247.8,175,1,3247.9,12,2,3248.1,27,2
11536,2025-12-30 11:59:55+05:30,3247.5,29,3249.17,759110,106377.0,116814.0,3250.0,3257.0,3239.8,3251.5,42637350,3576.6,2926.4,4322.95,2866.6,3247.5,16,4,3246.8,32,4,3246.6,223,4,3246.5,202,3,3246.4,371,7,3247.6,36,12,3247.7,10,1,3247.8,175,1,3247.9,12,2,3248.1,27,2
11536,2025-12-30 11:59:56+05:30,3247.5,2,3249.17,759207,104825.0,117088.0,3250.0,3257.0,3239.8,3251.5,42637350,3576.6,2926.4,4322.95,2866.6,3247.5,6,1,3246.8,10,3,3246.6,73,4,3246.5,43,1,3246.4,282,7,3247.6,29,10,3247.7,3,1,3247.8,175,1,3247.9,330,4,3248.0,18,1
11536,2025-12-30 11:59:56+05:30,3247.5,16,3249.17,759207,104825.0,117088.0,3250.0,3257.0,3239.8,3251.5,42637350,3576.6,2926.4,4322.95,2866.6,3247.5,6,1,3246.8,10,3,3246.6,73,4,3246.5,43,1,3246.4,282,7,3247.6,29,10,3247.7,3,1,3247.8,175,1,3247.9,330,4,3248.0,18,1
11536,2025-12-30 11:59:57+05:30,3246.8,7,3249.17,759314,104653.0,117418.0,3250.0,3257.0,3239.8,3251.5,42637350,3576.6,2926.4,4322.95,2866.6,3246.6,9,3,3246.4,84,6,3246.3,98,6,3246.2,225,4,3246.1,73,4,3246.8,13,3,3247.4,3,2,3247.5,4,1,3247.6,19,6,3247.7,3,1
11536,2025-12-30 11:59:57+05:30,3246.6,4,3249.17,759314,104653.0,117418.0,3250.0,3257.0,3239.8,3251.5,42637350,3576.6,2926.4,4322.95,2866.6,3246.6,9,3,3246.4,84,6,3246.3,98,6,3246.2,225,4,3246.1,73,4,3246.8,13,3,3247.4,3,2,3247.5,4,1,3247.6,19,6,3247.7,3,1
11536,2025-12-30 11:59:58+05:30,3246.6,2,3249.17,759379,104570.0,117416.0,3250.0,3257.0,3239.8,3251.5,42637350,3576.6,2926.4,4322.95,2866.6,3246.6,44,2,3246.4,102,7,3246.3,68,5,3246.2,69,3,3246.1,73,4,3246.8,26,7,3247.4,3,2,3247.5,4,1,3247.6,2,1,3247.7,3,1
11536,2025-12-30 11:59:58+05:30,3246.6,22,3249.17,759379,104570.0,117416.0,3250.0,3257.0,3239.8,3251.5,42637350,3576.6,2926.4,4322.95,2866.6,3246.6,44,2,3246.4,102,7,3246.3,68,5,3246.2,69,3,3246.1,73,4,3246.8,26,7,3247.4,3,2,3247.5,4,1,3247.6,2,1,3247.7,3,1
11536,2025-12-30 11:59:59+05:30,3246.6,2,3249.17,759427,105703.0,117468.0,3250.0,3257.0,3239.8,3251.5,42637350,3576.6,2926.4,4322.95,2866.6,3246.4,32,3,3246.3,46,6,3246.2,69,3,3246.1,76,4,3246.0,382,7,3246.5,2,1,3246.6,1,1,3246.8,20,10,3247.4,2,1,3247.7,3,1
11536,2025-12-30 11:59:59+05:30,3246.4,1,3249.17,759427,105703.0,117468.0,3250.0,3257.0,3239.8,3251.5,42637350,3576.6,2926.4,4322.95,2866.6,3246.4,32,3,3246.3,46,6,3246.2,69,3,3246.1,76,4,3246.0,382,7,3246.5,2,1,3246.6,1,1,3246.8,20,10,3247.4,2,1,3247.7,3,1
11536,2025-12-30 12:00:00+05:30,3246.4,2,3249.17,759475,105509.0,119282.0,3250.0,3257.0,3239.8,3251.5,42637350,3576.6,2926.4,4322.95,2866.6,3246.4,17,2,3246.3,46,6,3246.2,69,3,3246.1,35,2,3246.0,134,5,3246.5,6,6,3246.6,1,1,3246.8,16,7,3247.7,178,2,3247.9,9,1
11536,2025-12-30 12:00:00+05:30,3246.4,1,3249.17,759475,105509.0,119282.0,3250.0,3257.0,3239.8,3251.5,42637350,3576.6,2926.4,4322.95,2866.6,3246.4,17,2,3246.3,46,6,3246.2,69,3,3246.1,35,2,3246.0,134,5,3246.5,6,6,3246.6,1,1,3246.8,16,7,3247.7,178,2,3247.9,9,1
11536,2025-12-30 12:00:01+05:30,3246.4,1,3249.17,759518,105615.0,117901.0,3250.0,3257.0,3239.8,3251.5,42637350,3576.6,2926.4,4322.95,2866.6,3246.4,18,2,3246.3,87,5,3246.2,69,3,3246.1,43,3,3246.0,155,6,3246.5,19,10,3246.8,2,2,3247.6,175,1,3247.7,3,1,3247.9,51,3
11536,2025-12-30 12:00:01+05:30,3246.4,5,3249.17,759518,105615.0,117901.0,3250.0,3257.0,3239.8,3251.5,42637350,3576.6,2926.4,4322.95,2866.6,3246.4,18,2,3246.3,87,5,3246.2,69,3,3246.1,43,3,3246.0,155,6,3246.5,19,10,3246.8,2,2,3247.6,175,1,3247.7,3,1,3247.9,51,3
11536,2025-12-30 12:00:02+05:30,3246.4,12,3249.17,759549,105604.0,119434.0,3250.0,3257.0,3239.8,3251.5,42637350,3576.6,2926.4,4322.95,2866.6,3246.4,7,2,3246.3,104,6,3246.2,15,1,3246.1,43,3,3246.0,247,7,3246.5,22,12,3247.6,175,1,3247.7,3,1,3247.9,51,3,3248.0,64,4
11536,2025-12-30 12:00:02+05:30,3246.4,4,3249.17,759549,105604.0,119434.0,3250.0,3257.0,3239.8,3251.5,42637350,3576.6,2926.4,4322.95,2866.6,3246.4,7,2,3246.3,104,6,3246.2,15,1,3246.1,43,3,3246.0,247,7,3246.5,22,12,3247.6,175,1,3247.7,3,1,3247.9,51,3,3248.0,64,4
11536,2025-12-30 12:00:03+05:30,3246.4,3,3249.17,759564,105608.0,119448.0,3250.0,3257.0,3239.8,3251.5,42637350,3576.6,2926.4,4322.95,2866.6,3246.4,82,3,3246.3,33,5,3246.2,7,1,3246.1,43,3,3246.0,155,6,3246.5,22,12,3247.5,175,1,3247.7,3,1,3247.9,51,3,3248.0,64,4
11536,2025-12-30 12:00:03+05:30,3246.4,2,3249.17,759564,105608.0,119448.0,3250.0,3257.0,3239.8,3251.5,42637350,3576.6,2926.4,4322.95,2866.6,3246.4,82,3,3246.3,33,5,3246.2,7,1,3246.1,43,3,3246.0,155,6,3246.5,22,12,3247.5,175,1,3247.7,3,1,3247.9,51,3,3248.0,64,4
11536,2025-12-30 12:00:04+05:30,3246.4,3,3249.17,759595,105587.0,119443.0,3250.0,3257.0,3239.8,3251.5,42637350,3576.6,2926.4,4322.95,2866.6,3246.4,75,3,3246.3,16,4,3246.2,7,1,3246.1,40,3,3246.0,82,4,3246.5,17,13,3247.5,175,1,3247.7,3,1,3247.9,51,3,3248.0,64,4
11536,2025-12-30 12:00:04+05:30,3246.5,1,3249.17,759595,105587.0,119443.0,3250.0,3257.0,3239.8,3251.5,42637350,3576.6,2926.4,4322.95,2866.6,3246.4,75,3,3246.3,16,4,3246.2,7,1,3246.1,40,3,3246.0,82,4,3246.5,17,13,3247.5,175,1,3247.7,3,1,3247.9,51,3,3248.0,64,4
11536,2025-12-30 12:00:05+05:30,3246.5,1,3249.17,759638,105109.0,119492.0,3250.0,3257.0,3239.8,3251.5,42637350,3576.6,2926.4,4322.95,2866.6,3246.5,14,2,3246.4,19,2,3246.3,16,4,3246.2,28,2,3246.0,247,5,3247.0,125,3,3247.6,10,1,3247.7,240,4,3247.8,28,1,3247.9,24,2
11536,2025-12-30 12:00:06+05:30,3246.5,1,3249.17,759638,105166.0,119535.0,3250.0,3257.0,3239.8,3251.5,42637350,3576.6,2926.4,4322.95,2866.6,3246.5,14,2,3246.4,19,2,3246.3,16,4,3246.2,28,2,3246.1,39,2,3247.0,125,3,3247.6,185,2,3247.7,65,3,3247.8,28,1,3247.9,24,2
11536,2025-12-30 12:00:06+05:30,3246.5,1,3249.17,759638,105166.0,119535.0,3250.0,3257.0,3239.8,3251.5,42637350,3576.6,2926.4,4322.95,2866.6,3246.5,14,2,3246.4,19,2,3246.3,16,4,3246.2,28,2,3246.1,39,2,3247.0,125,3,3247.6,185,2,3247.7,65,3,3247.8,28,1,3247.9,24,2
11536,2025-12-30 12:00:07+05:30,3246.8,9,3249.17,759724,105563.0,119520.0,3250.0,3257.0,3239.8,3251.5,42637350,3576.6,2926.4,4322.95,2866.6,3246.8,62,1,3246.5,1,1,3246.4,19,2,3246.3,16,4,3246.2,28,2,3247.0,130,5,3247.5,202,1,3247.6,185,2,3247.7,23,1,3247.8,28,1
11536,2025-12-30 12:00:07+05:30,3247.0,1,3249.17,759724,105563.0,119520.0,3250.0,3257.0,3239.8,3251.5,42637350,3576.6,2926.4,4322.95,2866.6,3246.8,62,1,3246.5,1,1,3246.4,19,2,3246.3,16,4,3246.2,28,2,3247.0,130,5,3247.5,202,1,3247.6,185,2,3247.7,23,1,3247.8,28,1
11536,2025-12-30 12:00:08+05:30,3246.8,7,3249.17,759733,105605.0,119519.0,3250.0,3257.0,3239.8,3251.5,42637350,3576.6,2926.4,4322.95,2866.6,3246.8,55,1,3246.4,19,2,3246.3,16,4,3246.2,28,2,3246.1,53,2,3247.0,129,6,3247.5,202,1,3247.6,185,2,3247.7,23,1,3247.8,28,1
11536,2025-12-30 12:00:08+05:30,3246.8,7,3249.17,759733,105605.0,119519.0,3250.0,3257.0,3239.8,3251.5,42637350,3576.6,2926.4,4322.95,2866.6,3246.8,55,1,3246.4,19,2,3246.3,16,4,3246.2,28,2,3246.1,53,2,3247.0,129,6,3247.5,202,1,3247.6,185,2,3247.7,23,1,3247.8,28,1
11536,2025-12-30 12:00:09+05:30,3246.9,23,3249.17,759760,105677.0,119515.0,3250.0,3257.0,3239.8,3251.5,42637350,3576.6,2926.4,4322.95,2866.6,3246.9,31,1,3246.4,19,2,3246.3,16,4,3246.2,50,3,3246.1,24,1,3247.0,125,7,3247.5,202,1,3247.6,185,2,3247.7,23,1,3247.8,28,1
11536,2025-12-30 12:00:09+05:30,3246.9,3,3249.17,759760,105677.0,119515.0,3250.0,3257.0,3239.8,3251.5,42637350,3576.6,2926.4,4322.95,2866.6,3246.9,31,1,3246.4,19,2,3246.3,16,4,3246.2,50,3,3246.1,24,1,3247.0,125,7,3247.5,202,1,3247.6,185,2,3247.7,23,1,3247.8,28,1
11536,2025-12-30 12:00:10+05:30,3246.9,12,3249.17,759812,105717.0,119470.0,3250.0,3257.0,3239.8,3251.5,42637350,3576.6,2926.4,4322.95,2866.6,3246.9,68,2,3246.4,19,2,3246.3,16,4,3246.2,28,2,3246.1,24,1,3247.0,90,9,3247.5,202,1,3247.6,175,1,3247.7,23,1,3247.8,28,1
11536,2025-12-30 12:00:10+05:30,3247.0,1,3249.17,759812,105717.0,119470.0,3250.0,3257.0,3239.8,3251.5,42637350,3576.6,2926.4,4322.95,2866.6,3246.9,68,2,3246.4,19,2,3246.3,16,4,3246.2,28,2,3246.1,24,1,3247.0,90,9,3247.5,202,1,3247.6,175,1,3247.7,23,1,3247.8,28,1
11536,2025-12-30 12:00:11+05:30,3247.0,1,3249.17,759817,105750.0,119605.0,3250.0,3257.0,3239.8,3251.5,42637350,3576.6,2926.4,4322.95,2866.6,3246.9,69,3,3246.4,19,2,3246.3,16,4,3246.2,49,3,3246.1,24,1,3247.0,91,11,3247.5,202,1,3247.6,175,1,3247.7,23,1,3247.9,24,2
11536,2025-12-30 12:00:11+05:30,3246.9,1,3249.17,759817,105750.0,119605.0,3250.0,3257.0,3239.8,3251.5,42637350,3576.6,2926.4,4322.95,2866.6,3246.9,69,3,3246.4,19,2,3246.3,16,4,3246.2,49,3,3246.1,24,1,3247.0,91,11,3247.5,202,1,3247.6,175,1,3247.7,23,1,3247.9,24,2
11536,2025-12-30 12:00:12+05:30,3247.0,1,3249.17,759842,105498.0,119601.0,3250.0,3257.0,3239.8,3251.5,42637350,3576.6,2926.4,4322.95,2866.6,3246.9,116,3,3246.4,19,2,3246.3,16,4,3246.2,49,3,3246.1,55,3,3247.0,87,9,3247.5,202,1,3247.6,175,1,3247.7,23,1,3247.9,24,2
11536,2025-12-30 12:00:12+05:30,3247.0,2,3249.17,759842,105498.0,119601.0,3250.0,3257.0,3239.8,3251.5,42637350,3576.6,2926.4,4322.95,2866.6,3246.9,116,3,3246.4,19,2,3246.3,16,4,3246.2,49,3,3246.1,55,3,3247.0,87,9,3247.5,202,1,3247.6,175,1,3247.7,23,1,3247.9,24,2
11536,2025-12-30 12:00:13+05:30,3247.5,57,3249.17,760010,106285.0,119333.0,3250.0,3257.0,3239.8,3251.5,42637350,3576.6,2926.4,4322.95,2866.6,3246.9,102,3,3246.5,2,1,3246.4,101,6,3246.3,40,5,3246.2,275,8,3247.2,123,1,3247.5,145,1,3247.6,175,1,3248.0,28,2,3248.1,75,3
11536,2025-12-30 12:00:13+05:30,3246.9,1,3249.17,760010,106285.0,119333.0,3250.0,3257.0,3239.8,3251.5,42637350,3576.6,2926.4,4322.95,2866.6,3246.9,102,3,3246.5,2,1,3246.4,101,6,3246.3,40,5,3246.2,275,8,3247.2,123,1,3247.5,145,1,3247.6,175,1,3248.0,28,2,3248.1,75,3
11536,2025-12-30 12:00:14+05:30,3247.2,5,3249.17,760016,106297.0,119618.0,3250.0,3257.0,3239.8,3251.5,42637350,3576.6,2926.4,4322.95,2866.6,3246.9,101,3,3246.5,2,1,3246.4,64,4,3246.3,40,5,3246.2,275,8,3247.2,126,3,3247.5,427,2,3247.6,175,1,3248.0,28,2,3248.1,75,3
11536,2025-12-30 12:00:14+05:30,3247.2,5,3249.17,760016,106297.0,119618.0,3250.0,3257.0,3239.8,3251.5,42637350,3576.6,2926.4,4322.95,2866.6,3246.9,101,3,3246.5,2,1,3246.4,64,4,3246.3,40,5,3246.2,275,8,3247.2,126,3,3247.5,427,2,3247.6,175,1,3248.0,28,2,3248.1,75,3
11536,2025-12-30 12:00:15+05:30,3247.2,5,3249.17,760016,106601.0,119618.0,3250.0,3257.0,3239.8,3251.5,42637350,3576.6,2926.4,4322.95,2866.6,3247.1,71,1,3246.9,30,2,3246.5,2,1,3246.4,40,3,3246.3,16,4,3247.2,128,5,3247.5,427,2,3247.6,175,1,3247.9,24,1,3248.0,2,1
11536,2025-12-30 12:00:15+05:30,3247.2,2,3249.17,760016,106601.0,119618.0,3250.0,3257.0,3239.8,3251.5,42637350,3576.6,2926.4,4322.95,2866.6,3247.1,71,1,3246.9,30,2,3246.5,2,1,3246.4,40,3,3246.3,16,4,3247.2,128,5,3247.5,427,2,3247.6,175,1,3247.9,24,1,3248.0,2,1
11536,2025-12-30 12:00:16+05:30,3247.2,2,3249.17,760066,106552.0,119282.0,3250.0,3257.0,3239.8,3251.5,42637350,3576.6,2926.4,4322.95,2866.6,3247.1,23,1,3246.9,30,2,3246.5,2,1,3246.4,40,3,3246.3,16,4,3247.2,124,6,3247.5,145,1,3247.6,175,1,3247.7,24,1,3247.9,16,1
11536,2025-12-30 12:00:16+05:30,3247.2,1,3249.17,760066,106552.0,119282.0,3250.0,3257.0,3239.8,3251.5,42637350,3576.6,2926.4,4322.95,2866.6,3247.1,23,1,3246.9,30,2,3246.5,2,1,3246.4,40,3,3246.3,16,4,3247.2,124,6,3247.5,145,1,3247.6,175,1,3247.7,24,1,3247.9,16,1
11536,2025-12-30 12:00:17+05:30,3247.1,78,3249.17,760173,106580.0,119285.0,3250.0,3257.0,3239.8,3251.5,42637350,3576.6,2926.4,4322.95,2866.6,3247.1,71,1,3246.9,30,2,3246.5,2,1,3246.4,40,3,3246.3,16,4,3247.2,119,6,3247.5,145,1,3247.6,175,1,3247.7,24,1,3247.9,16,1
11536,2025-12-30 12:00:17+05:30,3247.1,1,3249.17,760173,106580.0,119285.0,3250.0,3257.0,3239.8,3251.5,42637350,3576.6,2926.4,4322.95,2866.6,3247.1,71,1,3246.9,30,2,3246.5,2,1,3246.4,40,3,3246.3,16,4,3247.2,119,6,3247.5,145,1,3247.6,175,1,3247.7,24,1,3247.9,16,1
11536,2025-12-30 12:00:17+05:30,3247.1,1,3249.17,760190,106607.0,119303.0,3250.0,3257.0,3239.8,3251.5,42637350,3576.6,2926.4,4322.95,2866.6,3247.1,98,2,3246.9,30,2,3246.5,2,1,3246.4,40,3,3246.3,16,4,3247.2,137,9,3247.5,145,1,3247.6,175,1,3247.7,24,1,3247.9,16,1
11536,2025-12-30 12:00:18+05:30,3247.1,8,3249.17,760190,106607.0,119303.0,3250.0,3257.0,3239.8,3251.5,42637350,3576.6,2926.4,4322.95,2866.6,3247.1,98,2,3246.9,30,2,3246.5,2,1,3246.4,40,3,3246.3,16,4,3247.2,137,9,3247.5,145,1,3247.6,175,1,3247.7,24,1,3247.9,16,1
11536,2025-12-30 12:00:18+05:30,3247.1,7,3249.17,760218,106582.0,119708.0,3250.0,3257.0,3239.8,3251.5,42637350,3576.6,2926.4,4322.95,2866.6,3247.1,73,2,3246.9,30,2,3246.5,2,1,3246.4,40,3,3246.3,16,4,3247.2,134,9,3247.5,427,2,3247.6,175,1,3247.8,26,1,3247.9,16,1
11536,2025-12-30 12:00:19+05:30,3247.1,123,3249.17,760218,106582.0,119708.0,3250.0,3257.0,3239.8,3251.5,42637350,3576.6,2926.4,4322.95,2866.6,3247.1,73,2,3246.9,30,2,3246.5,2,1,3246.4,40,3,3246.3,16,4,3247.2,134,9,3247.5,427,2,3247.6,175,1,3247.8,26,1,3247.9,16,1
11536,2025-12-30 12:00:19+05:30,3247.1,5,3249.17,760550,106216.0,119436.0,3250.0,3257.0,3239.8,3251.5,42637350,3576.6,2926.4,4322.95,2866.6,3247.1,17,1,3246.9,30,2,3246.5,2,1,3246.4,40,3,3246.3,16,4,3247.2,36,9,3247.3,21,1,3247.4,282,1,3247.5,145,1,3247.6,48,2
11536,2025-12-30 12:00:20+05:30,3247.2,1,3249.17,760550,106216.0,119436.0,3250.0,3257.0,3239.8,3251.5,42637350,3576.6,2926.4,4322.95,2866.6,3247.1,17,1,3246.9,30,2,3246.5,2,1,3246.4,40,3,3246.3,16,4,3247.2,36,9,3247.3,21,1,3247.4,282,1,3247.5,145,1,3247.6,48,2
11536,2025-12-30 12:00:20+05:30,3247.1,2,3249.17,760567,106370.0,119517.0,3250.0,3257.0,3239.8,3251.5,42637350,3576.6,2926.4,4322.95,2866.6,3247.1,2,1,3246.9,30,2,3246.4,40,3,3246.3,175,5,3246.2,259,6,3247.2,317,11,3247.5,145,1,3247.6,21,1,3247.8,43,2,3247.9,51,2
11536,2025-12-30 12:00:21+05:30,3247.0,1,3249.17,760567,106370.0,119517.0,3250.0,3257.0,3239.8,3251.5,42637350,3576.6,2926.4,4322.95,2866.6,3247.1,2,1,3246.9,30,2,3246.4,40,3,3246.3,175,5,3246.2,259,6,3247.2,317,11,3247.5,145,1,3247.6,21,1,3247.8,43,2,3247.9,51,2
11536,2025-12-30 12:00:21+05:30,3247.1,1,3249.17,760793,105958.0,118800.0,3250.0,3257.0,3239.8,3251.5,42637350,3576.6,2926.4,4322.95,2866.6,3247.0,21,1,3246.4,71,5,3246.3,83,7,3246.2,403,8,3246.1,90,3,3247.1,8,2,3247.2,24,8,3247.5,145,1,3248.0,2,1,3248.1,68,3
11536,2025-12-30 12:00:22+05:30,3247.0,48,3249.17,760793,105958.0,118800.0,3250.0,3257.0,3239.8,3251.5,42637350,3576.6,2926.4,4322.95,2866.6,3247.0,21,1,3246.4,71,5,3246.3,83,7,3246.2,403,8,3246.1,90,3,3247.1,8,2,3247.2,24,8,3247.5,145,1,3248.0,2,1,3248.1,68,3
11536,2025-12-30 12:00:22+05:30,3246.7,17,3249.17,760868,105673.0,118815.0,3250.0,3257.0,3239.8,3251.5,42637350,3576.6,2926.4,4322.95,2866.6,3246.4,85,6,3246.3,99,8,3246.2,87,5,3246.1,139,3,3246.0,327,10,3246.7,23,2,3247.1,27,7,3247.2,3,3,3247.5,145,1,3248.0,2,1
11536,2025-12-30 12:00:23+05:30,3246.4,1,3249.17,760868,105673.0,118815.0,3250.0,3257.0,3239.8,3251.5,42637350,3576.6,2926.4,4322.95,2866.6,3246.4,85,6,3246.3,99,8,3246.2,87,5,3246.1,139,3,3246.0,327,10,3246.7,23,2,3247.1,27,7,3247.2,3,3,3247.5,145,1,3248.0,2,1
11536,2025-12-30 12:00:23+05:30,3246.7,4,3249.17,760947,105610.0,118838.0,3250.0,3257.0,3239.8,3251.5,42637350,3576.6,2926.4,4322.95,2866.6,3246.4,33,4,3246.3,99,8,3246.2,129,7,3246.1,166,4,3246.0,221,11,3246.7,27,7,3247.1,20,5,3247.5,145,1,3248.0,23,2,3248.1,68,3
11536,2025-12-30 12:00:24+05:30,3246.7,1,3249.17,760947,105610.0,118838.0,3250.0,3257.0,3239.8,3251.5,42637350,3576.6,2926.4,4322.95,2866.6,3246.4,33,4,3246.3,99,8,3246.2,129,7,3246.1,166,4,3246.0,221,11,3246.7,27,7,3247.1,20,5,3247.5,145,1,3248.0,23,2,3248.1,68,3
11536,2025-12-30 12:00:24+05:30,3246.4,8,3249.17,761073,105795.0,117557.0,3250.0,3257.0,3239.8,3251.5,42637350,3576.6,2926.4,4322.95,2866.6,3246.4,69,7,3246.3,104,8,3246.2,205,7,3246.1,184,5,3246.0,229,11,3246.7,9,6,3247.1,1,1,3247.5,145,1,3248.0,21,1,3248.1,3,1
11536,2025-12-30 12:00:25+05:30,3246.4,1,3249.17,761073,105795.0,117557.0,3250.0,3257.0,3239.8,3251.5,42637350,3576.6,2926.4,4322.95,2866.6,3246.4,69,7,3246.3,104,8,3246.2,205,7,3246.1,184,5,3246.0,229,11,3246.7,9,6,3247.1,1,1,3247.5,145,1,3248.0,21,1,3248.1,3,1
11536,2025-12-30 12:00:25+05:30,3246.4,1,3249.17,761082,105787.0,118609.0,3250.0,3257.0,3239.8,3251.5,42637350,3576.6,2926.4,4322.95,2866.6,3246.4,45,6,3246.3,104,8,3246.2,205,7,3246.1,200,6,3246.0,229,11,3246.7,12,9,3247.5,145,1,3248.0,21,1,3248.1,3,1,3248.2,24,2
11536,2025-12-30 12:00:26+05:30,3246.4,3,3249.17,761082,105787.0,118609.0,3250.0,3257.0,3239.8,3251.5,42637350,3576.6,2926.4,4322.95,2866.6,3246.4,45,6,3246.3,104,8,3246.2,205,7,3246.1,200,6,3246.0,229,11,3246.7,12,9,3247.5,145,1,3248.0,21,1,3248.1,3,1,3248.2,24,2
11536,2025-12-30 12:00:27+05:30,3246.7,1,3249.17,761228,106195.0,118065.0,3250.0,3257.0,3239.8,3251.5,42637350,3576.6,2926.4,4322.95,2866.6,3246.5,131,7,3246.4,338,8,3246.3,466,10,3246.2,292,8,3246.1,227,6,3247.5,145,1,3248.1,3,1,3248.2,178,2,3248.3,33,1,3248.4,45,2
11536,2025-12-30 12:00:27+05:30,3246.7,1,3249.17,761228,106195.0,118065.0,3250.0,3257.0,3239.8,3251.5,42637350,3576.6,2926.4,4322.95,2866.6,3246.5,131,7,3246.4,338,8,3246.3,466,10,3246.2,292,8,3246.1,227,6,3247.5,145,1,3248.1,3,1,3248.2,178,2,3248.3,33,1,3248.4,45,2
11536,2025-12-30 12:00:28+05:30,3246.5,3,3249.17,761241,106397.0,118138.0,3250.0,3257.0,3239.8,3251.5,42637350,3576.6,2926.4,4322.95,2866.6,3246.5,149,8,3246.4,192,8,3246.3,108,9,3246.2,659,10,3246.1,227,6,3247.5,141,3,3248.1,3,1,3248.2,178,2,3248.3,33,1,3248.4,45,2
11536,2025-12-30 12:00:28+05:30,3246.5,1,3249.17,761241,106397.0,118138.0,3250.0,3257.0,3239.8,3251.5,42637350,3576.6,2926.4,4322.95,2866.6,3246.5,149,8,3246.4,192,8,3246.3,108,9,3246.2,659,10,3246.1,227,6,3247.5,141,3,3248.1,3,1,3248.2,178,2,3248.3,33,1,3248.4,45,2
11536,2025-12-30 12:00:29+05:30,3247.5,3,3249.17,761245,106529.0,116912.0,3250.0,3257.0,3239.8,3251.5,42637350,3576.6,2926.4,4322.95,2866.6,3246.5,197,9,3246.4,206,9,3246.3,108,9,3246.2,301,9,3246.1,585,7,3247.5,141,6,3248.1,3,1,3248.2,178,2,3248.3,33,1,3248.4,20,1
11536,2025-12-30 12:00:29+05:30,3247.5,1,3249.17,761245,106529.0,116912.0,3250.0,3257.0,3239.8,3251.5,42637350,3576.6,2926.4,4322.95,2866.6,3246.5,197,9,3246.4,206,9,3246.3,108,9,3246.2,301,9,3246.1,585,7,3247.5,141,6,3248.1,3,1,3248.2,178,2,3248.3,33,1,3248.4,20,1
11536,2025-12-30 12:00:30+05:30,3246.5,4,3249.17,761306,106375.0,118145.0,3250.0,3257.0,3239.8,3251.5,42637350,3576.6,2926.4,4322.95,2866.6,3246.5,164,8,3246.4,227,10,3246.3,118,10,3246.2,292,8,3246.1,487,6,3247.5,136,5,3248.1,3,1,3248.2,178,2,3248.3,33,1,3248.4,45,2
11536,2025-12-30 12:00:30+05:30,3246.5,1,3249.17,761306,106375.0,118145.0,3250.0,3257.0,3239.8,3251.5,42637350,3576.6,2926.4,4322.95,2866.6,3246.5,164,8,3246.4,227,10,3246.3,118,10,3246.2,292,8,3246.1,487,6,3247.5,136,5,3248.1,3,1,3248.2,178,2,3248.3,33,1,3248.4,45,2
11536,2025-12-30 12:00:31+05:30,3247.5,2,3249.17,761311,106425.0,117968.0,3250.0,3257.0,3239.8,3251.5,42637350,3576.6,2926.4,4322.95,2866.6,3246.5,217,9,3246.4,213,9,3246.3,118,10,3246.2,310,9,3246.1,513,7,3247.5,134,5,3248.1,3,1,3248.2,178,2,3248.3,33,1,3248.4,45,2
11536,2025-12-30 12:00:31+05:30,3246.5,12,3249.17,761311,106425.0,117968.0,3250.0,3257.0,3239.8,3251.5,42637350,3576.6,2926.4,4322.95,2866.6,3246.5,217,9,3246.4,213,9,3246.3,118,10,3246.2,310,9,3246.1,513,7,3247.5,134,5,3248.1,3,1,3248.2,178,2,3248.3,33,1,3248.4,45,2
11536,2025-12-30 12:00:32+05:30,3246.5,12,3249.17,761323,105191.0,117996.0,3250.0,3257.0,3239.8,3251.5,42637350,3576.6,2926.4,4322.95,2866.6,3246.5,184,7,3246.4,369,10,3246.3,108,9,3246.2,325,9,3246.1,513,7,3247.5,135,7,3248.1,12,2,3248.2,3,1,3248.3,208,2,3248.4,45,2
11536,2025-12-30 12:00:32+05:30,3246.5,6,3249.17,761323,105191.0,117996.0,3250.0,3257.0,3239.8,3251.5,42637350,3576.6,2926.4,4322.95,2866.6,3246.5,184,7,3246.4,369,10,3246.3,108,9,3246.2,325,9,3246.1,513,7,3247.5,135,7,3248.1,12,2,3248.2,3,1,3248.3,208,2,3248.4,45,2
11536,2025-12-30 12:00:33+05:30,3246.6,3,3249.17,761340,106451.0,118379.0,3250.0,3257.0,3239.8,3251.5,42637350,3576.6,2926.4,4322.95,2866.6,3246.6,11,1,3246.5,140,4,3246.4,121,8,3246.3,237,14,3246.2,385,11,3247.5,136,9,3247.8,282,1,3248.1,3,1,3248.2,18,2,3248.3,208,2
11536,2025-12-30 12:00:33+05:30,3247.5,1,3249.17,761340,106451.0,118379.0,3250.0,3257.0,3239.8,3251.5,42637350,3576.6,2926.4,4322.95,2866.6,3246.6,11,1,3246.5,140,4,3246.4,121,8,3246.3,237,14,3246.2,385,11,3247.5,136,9,3247.8,282,1,3248.1,3,1,3248.2,18,2,3248.3,208,2
11536,2025-12-30 12:00:34+05:30,3246.6,2,3249.17,761353,106454.0,118522.0,3250.0,3257.0,3239.8,3251.5,42637350,3576.6,2926.4,4322.95,2866.6,3246.6,4,1,3246.5,140,4,3246.4,149,10,3246.3,135,12,3246.2,460,11,3247.5,130,9,3247.8,282,1,3248.1,3,1,3248.2,193,3,3248.3,33,1
11536,2025-12-30 12:00:34+05:30,3246.6,1,3249.17,761353,106454.0,118522.0,3250.0,3257.0,3239.8,3251.5,42637350,3576.6,2926.4,4322.95,2866.6,3246.6,4,1,3246.5,140,4,3246.4,149,10,3246.3,135,12,3246.2,460,11,3247.5,130,9,3247.8,282,1,3248.1,3,1,3248.2,193,3,3248.3,33,1
11536,2025-12-30 12:00:35+05:30,3247.0,1,3249.17,761362,106877.0,117953.0,3250.0,3257.0,3239.8,3251.5,42637350,3576.6,2926.4,4322.95,2866.6,3247.0,11,2,3246.6,5,2,3246.5,141,5,3246.4,440,13,3246.3,172,12,3247.5,127,7,3248.1,24,2,3248.2,193,3,3248.3,33,1,3248.4,37,2
11536,2025-12-30 12:00:35+05:30,3247.0,1,3249.17,761362,106877.0,117953.0,3250.0,3257.0,3239.8,3251.5,42637350,3576.6,2926.4,4322.95,2866.6,3247.0,11,2,3246.6,5,2,3246.5,141,5,3246.4,440,13,3246.3,172,12,3247.5,127,7,3248.1,24,2,3248.2,193,3,3248.3,33,1,3248.4,37,2
11536,2025-12-30 12:00:36+05:30,3247.0,1,3249.17,761365,107109.0,117209.0,3250.0,3257.0,3239.8,3251.5,42637350,3576.6,2926.4,4322.95,2866.6,3247.0,58,3,3246.6,5,2,3246.5,151,6,3246.4,348,12,3246.3,264,13,3247.5,127,7,3247.6,282,1,3248.1,24,2,3248.2,193,3,3248.3,33,1
11536,2025-12-30 12:00:36+05:30,3247.0,2,3249.17,761365,107109.0,117209.0,3250.0,3257.0,3239.8,3251.5,42637350,3576.6,2926.4,4322.95,2866.6,3247.0,58,3,3246.6,5,2,3246.5,151,6,3246.4,348,12,3246.3,264,13,3247.5,127,7,3247.6,282,1,3248.1,24,2,3248.2,193,3,3248.3,33,1
11536,2025-12-30 12:00:37+05:30,3247.4,1,3249.17,761446,107596.0,118159.0,3250.0,3257.0,3239.8,3251.5,42637350,3576.6,2926.4,4322.95,2866.6,3247.4,12,1,3247.0,51,2,3246.6,224,5,3246.5,238,6,3246.4,362,12,3247.5,128,6,3248.1,3,1,3248.2,199,3,3248.3,57,2,3248.4,36,2
11536,2025-12-30 12:00:37+05:30,3247.4,3,3249.17,761446,107596.0,118159.0,3250.0,3257.0,3239.8,3251.5,42637350,3576.6,2926.4,4322.95,2866.6,3247.4,12,1,3247.0,51,2,3246.6,224,5,3246.5,238,6,3246.4,362,12,3247.5,128,6,3248.1,3,1,3248.2,199,3,3248.3,57,2,3248.4,36,2
11536,2025-12-30 12:00:38+05:30,3247.4,1,3249.17,761450,107610.0,117112.0,3250.0,3257.0,3239.8,3251.5,42637350,3576.6,2926.4,4322.95,2866.6,3247.4,8,1,3247.0,51,2,3246.6,234,6,3246.5,276,7,3246.4,352,11,3247.5,131,8,3248.1,3,1,3248.2,199,3,3248.3,57,2,3248.4,36,2
11536,2025-12-30 12:00:38+05:30,3247.4,1,3249.17,761450,107610.0,117112.0,3250.0,3257.0,3239.8,3251.5,42637350,3576.6,2926.4,4322.95,2866.6,3247.4,8,1,3247.0,51,2,3246.6,234,6,3246.5,276,7,3246.4,352,11,3247.5,131,8,3248.1,3,1,3248.2,199,3,3248.3,57,2,3248.4,36,2
11536,2025-12-30 12:00:39+05:30,3247.5,37,3249.17,761515,107467.0,118596.0,3250.0,3257.0,3239.8,3251.5,42637350,3576.6,2926.4,4322.95,2866.6,3247.4,3,1,3247.0,51,2,3246.6,234,6,3246.5,146,5,3246.4,352,11,3247.5,87,6,3247.7,282,1,3247.9,21,1,3248.1,3,1,3248.2,199,3
11536,2025-12-30 12:00:39+05:30,3247.4,1,3249.17,761515,107467.0,118596.0,3250.0,3257.0,3239.8,3251.5,42637350,3576.6,2926.4,4322.95,2866.6,3247.4,3,1,3247.0,51,2,3246.6,234,6,3246.5,146,5,3246.4,352,11,3247.5,87,6,3247.7,282,1,3247.9,21,1,3248.1,3,1,3248.2,199,3
11536,2025-12-30 12:00:40+05:30,3247.4,1,3249.17,761517,107465.0,118447.0,3250.0,3257.0,3239.8,3251.5,42637350,3576.6,2926.4,4322.95,2866.6,3247.4,1,1,3247.0,51,2,3246.6,234,6,3246.5,146,5,3246.4,352,11,3247.5,89,7,3247.7,282,1,3247.9,21,1,3248.1,3,1,3248.2,199,3
11536,2025-12-30 12:00:40+05:30,3247.0,1,3249.17,761517,107465.0,118447.0,3250.0,3257.0,3239.8,3251.5,42637350,3576.6,2926.4,4322.95,2866.6,3247.4,1,1,3247.0,51,2,3246.6,234,6,3246.5,146,5,3246.4,352,11,3247.5,89,7,3247.7,282,1,3247.9,21,1,3248.1,3,1,3248.2,199,3
11536,2025-12-30 12:00:41+05:30,3247.4,1,3249.17,761735,107241.0,119223.0,3250.0,3257.0,3239.8,3251.5,42637350,3576.6,2926.4,4322.95,2866.6,3247.4,35,1,3247.0,51,2,3246.6,96,6,3246.5,88,4,3246.4,434,13,3247.5,378,7,3248.1,3,1,3248.2,178,2,3248.3,57,2,3248.4,14,1
11536,2025-12-30 12:00:41+05:30,3247.4,18,3249.17,761735,107241.0,119223.0,3250.0,3257.0,3239.8,3251.5,42637350,3576.6,2926.4,4322.95,2866.6,3247.4,35,1,3247.0,51,2,3246.6,96,6,3246.5,88,4,3246.4,434,13,3247.5,378,7,3248.1,3,1,3248.2,178,2,3248.3,57,2,3248.4,14,1
11536,2025-12-30 12:00:42+05:30,3247.4,1,3249.17,761754,107211.0,119066.0,3250.0,3257.0,3239.8,3251.5,42637350,3576.6,2926.4,4322.95,2866.6,3247.4,22,3,3247.0,61,3,3246.6,69,4,3246.5,88,4,3246.4,434,13,3247.5,377,7,3248.1,23,2,3248.2,178,2,3248.3,57,2,3248.4,34,2
11536,2025-12-30 12:00:42+05:30,3247.5,4,3249.17,761754,107211.0,119066.0,3250.0,3257.0,3239.8,3251.5,42637350,3576.6,2926.4,4322.95,2866.6,3247.4,22,3,3247.0,61,3,3246.6,69,4,3246.5,88,4,3246.4,434,13,3247.5,377,7,3248.1,23,2,3248.2,178,2,3248.3,57,2,3248.4,34,2
11536,2025-12-30 12:00:43+05:30,3247.4,48,3249.17,761823,107181.0,119421.0,3250.0,3257.0,3239.8,3251.5,42637350,3576.6,2926.4,4322.95,2866.6,3247.3,10,1,3247.0,61,3,3246.6,69,4,3246.5,50,3,3246.4,324,11,3247.4,7,1,3247.5,85,6,3247.6,282,1,3248.1,23,2,3248.2,178,2
11536,2025-12-30 12:00:43+05:30,3247.4,48,3249.17,761823,107181.0,119421.0,3250.0,3257.0,3239.8,3251.5,42637350,3576.6,2926.4,4322.95,2866.6,3247.3,10,1,3247.0,61,3,3246.6,69,4,3246.5,50,3,3246.4,324,11,3247.4,7,1,3247.5,85,6,3247.6,282,1,3248.1,23,2,3248.2,178,2
11536,2025-12-30 12:00:44+05:30,3247.3,33,3249.17,761867,107183.0,119429.0,3250.0,3257.0,3239.8,3251.5,42637350,3576.6,2926.4,4322.95,2866.6,3247.3,10,1,3247.2,11,1,3247.0,51,2,3246.6,69,4,3246.5,50,3,3247.4,20,5,3247.5,80,4,3247.6,282,1,3248.1,23,2,3248.2,178,2
11536,2025-12-30 12:00:44+05:30,3247.3,33,3249.17,761867,107183.0,119429.0,3250.0,3257.0,3239.8,3251.5,42637350,3576.6,2926.4,4322.95,2866.6,3247.3,10,1,3247.2,11,1,3247.0,51,2,3246.6,69,4,3246.5,50,3,3247.4,20,5,3247.5,80,4,3247.6,282,1,3248.1,23,2,3248.2,178,2
11536,2025-12-30 12:00:45+05:30,3247.2,1,3249.17,761880,105968.0,118028.0,3250.0,3257.0,3239.8,3251.5,42637350,3576.6,2926.4,4322.95,2866.6,3247.2,20,2,3247.0,51,2,3246.6,225,5,3246.5,88,4,3246.4,354,12,3247.4,21,6,3247.5,78,2,3247.6,282,1,3248.1,23,2,3248.2,3,1
11536,2025-12-30 12:00:45+05:30,3247.2,1,3249.17,761880,105968.0,118028.0,3250.0,3257.0,3239.8,3251.5,42637350,3576.6,2926.4,4322.95,2866.6,3247.2,20,2,3247.0,51,2,3246.6,225,5,3246.5,88,4,3246.4,354,12,3247.4,21,6,3247.5,78,2,3247.6,282,1,3248.1,23,2,3248.2,3,1
11536,2025-12-30 12:00:46+05:30,3247.4,1,3249.17,761910,107113.0,117747.0,3250.0,3257.0,3239.8,3251.5,42637350,3576.6,2926.4,4322.95,2866.6,3247.2,9,1,3247.0,62,3,3246.6,225,5,3246.5,190,6,3246.4,333,11,3247.4,23,9,3247.5,77,1,3248.1,23,2,3248.2,178,2,3248.3,57,2
11536,2025-12-30 12:00:46+05:30,3247.2,12,3249.17,761910,107113.0,117747.0,3250.0,3257.0,3239.8,3251.5,42637350,3576.6,2926.4,4322.95,2866.6,3247.2,9,1,3247.0,62,3,3246.6,225,5,3246.5,190,6,3246.4,333,11,3247.4,23,9,3247.5,77,1,3248.1,23,2,3248.2,178,2,3248.3,57,2
11536,2025-12-30 12:00:47+05:30,3247.2,6,3249.17,762015,107028.0,119195.0,3250.0,3257.0,3239.8,3251.5,42637350,3576.6,2926.4,4322.95,2866.6,3247.1,10,1,3247.0,51,2,3246.6,227,6,3246.5,98,5,3246.4,404,11,3247.4,25,10,3247.5,77,1,3247.7,19,1,3248.0,19,1,3248.1,3,1
11536,2025-12-30 12:00:47+05:30,3247.2,6,3249.17,762015,107028.0,119195.0,3250.0,3257.0,3239.8,3251.5,42637350,3576.6,2926.4,4322.95,2866.6,3247.1,10,1,3247.0,51,2,3246.6,227,6,3246.5,98,5,3246.4,404,11,3247.4,25,10,3247.5,77,1,3247.7,19,1,3248.0,19,1,3248.1,3,1
11536,2025-12-30 12:00:48+05:30,3247.0,1,3249.17,762026,106741.0,119190.0,3250.0,3257.0,3239.8,3251.5,42637350,3576.6,2926.4,4322.95,2866.6,3247.0,51,3,3246.6,47,3,3246.5,50,3,3246.4,299,9,3246.3,223,11,3247.4,35,12,3247.5,77,1,3247.6,23,1,3248.0,19,1,3248.1,3,1
11536,2025-12-30 12:00:48+05:30,3247.0,6,3249.17,762026,106741.0,119190.0,3250.0,3257.0,3239.8,3251.5,42637350,3576.6,2926.4,4322.95,2866.6,3247.0,51,3,3246.6,47,3,3246.5,50,3,3246.4,299,9,3246.3,223,11,3247.4,35,12,3247.5,77,1,3247.6,23,1,3248.0,19,1,3248.1,3,1
11536,2025-12-30 12:00:49+05:30,3247.0,1,3249.17,762063,106791.0,119005.0,3250.0,3257.0,3239.8,3251.5,42637350,3576.6,2926.4,4322.95,2866.6,3247.0,17,3,3246.8,6,1,3246.6,47,3,3246.5,50,3,3246.4,269,8,3247.4,21,10,3247.5,77,1,3247.7,18,1,3248.0,19,1,3248.1,178,2
11536,2025-12-30 12:00:49+05:30,3247.0,3,3249.17,762063,106791.0,119005.0,3250.0,3257.0,3239.8,3251.5,42637350,3576.6,2926.4,4322.95,2866.6,3247.0,17,3,3246.8,6,1,3246.6,47,3,3246.5,50,3,3246.4,269,8,3247.4,21,10,3247.5,77,1,3247.7,18,1,3248.0,19,1,3248.1,178,2
11536,2025-12-30 12:00:50+05:30,3247.4,1,3249.17,762072,106223.0,119494.0,3250.0,3257.0,3239.8,3251.5,42637350,3576.6,2926.4,4322.95,2866.6,3247.0,9,3,3246.8,6,1,3246.6,4,2,3246.5,50,3,3246.4,105,6,3247.4,20,10,3247.5,359,2,3247.6,18,1,3247.8,18,1,3248.0,194,2
11536,2025-12-30 12:00:50+05:30,3246.9,5,3249.17,762072,106223.0,119494.0,3250.0,3257.0,3239.8,3251.5,42637350,3576.6,2926.4,4322.95,2866.6,3247.0,9,3,3246.8,6,1,3246.6,4,2,3246.5,50,3,3246.4,105,6,3247.4,20,10,3247.5,359,2,3247.6,18,1,3247.8,18,1,3248.0,194,2
11536,2025-12-30 12:00:51+05:30,3246.9,4,3249.17,762090,104779.0,119542.0,3250.0,3257.0,3239.8,3251.5,42637350,3576.6,2926.4,4322.95,2866.6,3246.9,6,1,3246.6,4,2,3246.5,7,2,3246.4,48,4,3246.3,35,6,3247.4,49,11,3247.5,377,3,3247.8,18,1,3248.0,194,2,3248.1,15,2
11536,2025-12-30 12:00:51+05:30,3246.9,1,3249.17,762090,104779.0,119542.0,3250.0,3257.0,3239.8,3251.5,42637350,3576.6,2926.4,4322.95,2866.6,3246.9,6,1,3246.6,4,2,3246.5,7,2,3246.4,48,4,3246.3,35,6,3247.4,49,11,3247.5,377,3,3247.8,18,1,3248.0,194,2,3248.1,15,2
11536,2025-12-30 12:00:52+05:30,3246.9,4,3249.17,762114,106538.0,119493.0,3250.0,3257.0,3239.8,3251.5,42637350,3576.6,2926.4,4322.95,2866.6,3246.9,51,2,3246.6,4,2,3246.5,45,3,3246.4,222,6,3246.3,208,9,3247.4,46,8,3247.5,359,2,3248.1,3,1,3248.2,22,2,3248.3,232,3
11536,2025-12-30 12:00:52+05:30,3246.9,4,3249.17,762114,106538.0,119493.0,3250.0,3257.0,3239.8,3251.5,42637350,3576.6,2926.4,4322.95,2866.6,3246.9,51,2,3246.6,4,2,3246.5,45,3,3246.4,222,6,3246.3,208,9,3247.4,46,8,3247.5,359,2,3248.1,3,1,3248.2,22,2,3248.3,232,3
11536,2025-12-30 12:00:53+05:30,3246.9,1,3249.17,762120,105133.0,119500.0,3250.0,3257.0,3239.8,3251.5,42637350,3576.6,2926.4,4322.95,2866.6,3246.9,45,2,3246.6,4,2,3246.5,7,2,3246.4,204,5,3246.3,78,7,3247.4,45,7,3247.5,359,2,3247.9,17,1,3248.1,178,2,3248.2,22,2
11536,2025-12-30 12:00:53+05:30,3246.9,1,3249.17,762120,105133.0,119500.0,3250.0,3257.0,3239.8,3251.5,42637350,3576.6,2926.4,4322.95,2866.6,3246.9,45,2,3246.6,4,2,3246.5,7,2,3246.4,204,5,3246.3,78,7,3247.4,45,7,3247.5,359,2,3247.9,17,1,3248.1,178,2,3248.2,22,2
11536,2025-12-30 12:00:54+05:30,3247.4,1,3249.17,762170,106409.0,119492.0,3250.0,3257.0,3239.8,3251.5,42637350,3576.6,2926.4,4322.95,2866.6,3246.9,37,2,3246.6,4,2,3246.5,7,2,3246.4,204,5,3246.3,66,6,3247.4,7,7,3247.5,77,1,3247.6,282,1,3247.8,17,1,3248.0,17,1
11536,2025-12-30 12:00:54+05:30,3246.9,1,3249.17,762170,106409.0,119492.0,3250.0,3257.0,3239.8,3251.5,42637350,3576.6,2926.4,4322.95,2866.6,3246.9,37,2,3246.6,4,2,3246.5,7,2,3246.4,204,5,3246.3,66,6,3247.4,7,7,3247.5,77,1,3247.6,282,1,3247.8,17,1,3248.0,17,1
11536,2025-12-30 12:00:55+05:30,3247.4,1,3249.17,762175,106581.0,119536.0,3250.0,3257.0,3239.8,3251.5,42637350,3576.6,2926.4,4322.95,2866.6,3247.0,4,1,3246.9,30,1,3246.6,4,2,3246.5,7,2,3246.4,204,5,3247.4,290,8,3247.5,77,1,3247.8,192,2,3248.0,17,1,3248.1,14,2
11536,2025-12-30 12:00:55+05:30,3247.0,1,3249.17,762175,106581.0,119536.0,3250.0,3257.0,3239.8,3251.5,42637350,3576.6,2926.4,4322.95,2866.6,3247.0,4,1,3246.9,30,1,3246.6,4,2,3246.5,7,2,3246.4,204,5,3247.4,290,8,3247.5,77,1,3247.8,192,2,3248.0,17,1,3248.1,14,2
11536,2025-12-30 12:00:56+05:30,3247.0,12,3249.17,762191,106517.0,119491.0,3250.0,3257.0,3239.8,3251.5,42637350,3576.6,2926.4,4322.95,2866.6,3247.0,6,1,3246.9,30,1,3246.6,4,2,3246.5,7,2,3246.4,199,4,3247.4,288,7,3247.5,77,1,3247.8,17,1,3248.0,17,1,3248.1,189,3
11536,2025-12-30 12:00:56+05:30,3247.0,1,3249.17,762191,106517.0,119491.0,3250.0,3257.0,3239.8,3251.5,42637350,3576.6,2926.4,4322.95,2866.6,3247.0,6,1,3246.9,30,1,3246.6,4,2,3246.5,7,2,3246.4,199,4,3247.4,288,7,3247.5,77,1,3247.8,17,1,3248.0,17,1,3248.1,189,3
11536,2025-12-30 12:00:57+05:30,3247.2,9,3249.17,762202,106221.0,119529.0,3250.0,3257.0,3239.8,3251.5,42637350,3576.6,2926.4,4322.95,2866.6,3246.9,30,1,3246.6,4,2,3246.5,7,2,3246.4,48,4,3246.3,70,6,3247.0,9,2,3247.3,282,1,3247.4,6,6,3247.5,77,1,3247.9,16,1
11536,2025-12-30 12:00:57+05:30,3246.9,1,3249.17,762202,106221.0,119529.0,3250.0,3257.0,3239.8,3251.5,42637350,3576.6,2926.4,4322.95,2866.6,3246.9,30,1,3246.6,4,2,3246.5,7,2,3246.4,48,4,3246.3,70,6,3247.0,9,2,3247.3,282,1,3247.4,6,6,3247.5,77,1,3247.9,16,1
11536,2025-12-30 12:00:58+05:30,3246.9,1,3249.16,762312,106558.0,118740.0,3250.0,3257.0,3239.8,3251.5,42637350,3576.6,2926.4,4322.95,2866.6,3246.9,18,1,3246.6,31,4,3246.5,69,4,3246.4,118,9,3246.3,274,7,3247.4,7,4,3247.5,359,2,3248.1,3,1,3248.2,197,3,3248.3,57,2
11536,2025-12-30 12:00:58+05:30,3246.9,4,3249.16,762312,106558.0,118740.0,3250.0,3257.0,3239.8,3251.5,42637350,3576.6,2926.4,4322.95,2866.6,3246.9,18,1,3246.6,31,4,3246.5,69,4,3246.4,118,9,3246.3,274,7,3247.4,7,4,3247.5,359,2,3248.1,3,1,3248.2,197,3,3248.3,57,2
11536,2025-12-30 12:00:59+05:30,3246.9,4,3249.16,762317,106495.0,118767.0,3250.0,3257.0,3239.8,3251.5,42637350,3576.6,2926.4,4322.95,2866.6,3246.9,13,1,3246.6,15,3,3246.5,69,4,3246.4,264,9,3246.3,97,6,3247.4,9,5,3247.5,359,2,3248.1,194,3,3248.2,3,1,3248.3,85,3
11536,2025-12-30 12:00:59+05:30,3247.4,2,3249.16,762317,106495.0,118767.0,3250.0,3257.0,3239.8,3251.5,42637350,3576.6,2926.4,4322.95,2866.6,3246.9,13,1,3246.6,15,3,3246.5,69,4,3246.4,264,9,3246.3,97,6,3247.4,9,5,3247.5,359,2,3248.1,194,3,3248.2,3,1,3248.3,85,3
11536,2025-12-30 12:01:00+05:30,3246.9,11,3249.16,762332,106145.0,119593.0,3250.0,3257.0,3239.8,3251.5,42637350,3576.6,2926.4,4322.95,2866.6,3246.6,9,3,3246.5,7,2,3246.4,42,4,3246.3,65,6,3246.2,310,9,3246.9,6,3,3247.4,287,5,3247.5,77,1,3247.9,16,1,3248.0,13,2
11536,2025-12-30 12:01:00+05:30,3246.9,11,3249.16,762332,106145.0,119593.0,3250.0,3257.0,3239.8,3251.5,42637350,3576.6,2926.4,4322.95,2866.6,3246.6,9,3,3246.5,7,2,3246.4,42,4,3246.3,65,6,3246.2,310,9,3246.9,6,3,3247.4,287,5,3247.5,77,1,3247.9,16,1,3248.0,13,2
11536,2025-12-30 12:01:01+05:30,3246.9,1,3249.16,762349,105994.0,119308.0,3250.0,3257.0,3239.8,3251.5,42637350,3576.6,2926.4,4322.95,2866.6,3246.6,4,2,3246.5,7,2,3246.4,25,3,3246.3,43,6,3246.2,119,6,3246.9,6,4,3247.4,2,2,3247.5,77,1,3247.9,16,1,3248.0,13,2
11536,2025-12-30 12:01:01+05:30,3246.9,1,3249.16,762349,105994.0,119308.0,3250.0,3257.0,3239.8,3251.5,42637350,3576.6,2926.4,4322.95,2866.6,3246.6,4,2,3246.5,7,2,3246.4,25,3,3246.3,43,6,3246.2,119,6,3246.9,6,4,3247.4,2,2,3247.5,77,1,3247.9,16,1,3248.0,13,2
11536,2025-12-30 12:01:02+05:30,3246.5,1,3249.16,762354,105627.0,119408.0,3250.0,3257.0,3239.8,3251.5,42637350,3576.6,2926.4,4322.95,2866.6,3246.5,6,2,3246.4,41,4,3246.3,27,5,3246.2,77,5,3246.1,55,4,3246.6,2,2,3246.9,4,4,3247.5,77,1,3247.8,175,1,3247.9,16,1
11536,2025-12-30 12:01:02+05:30,3246.6,2,3249.16,762354,105627.0,119408.0,3250.0,3257.0,3239.8,3251.5,42637350,3576.6,2926.4,4322.95,2866.6,3246.5,6,2,3246.4,41,4,3246.3,27,5,3246.2,77,5,3246.1,55,4,3246.6,2,2,3246.9,4,4,3247.5,77,1,3247.8,175,1,3247.9,16,1
11536,2025-12-30 12:01:03+05:30,3246.5,2,3249.16,762374,105603.0,119460.0,3250.0,3257.0,3239.8,3251.5,42637350,3576.6,2926.4,4322.95,2866.6,3246.5,3,2,3246.4,25,3,3246.3,27,5,3246.2,57,3,3246.1,59,5,3246.6,4,3,3246.9,3,3,3247.2,175,1,3247.5,77,1,3247.9,43,2
11536,2025-12-30 12:01:03+05:30,3246.5,2,3249.16,762374,105603.0,119460.0,3250.0,3257.0,3239.8,3251.5,42637350,3576.6,2926.4,4322.95,2866.6,3246.5,3,2,3246.4,25,3,3246.3,27,5,3246.2,57,3,3246.1,59,5,3246.6,4,3,3246.9,3,3,3247.2,175,1,3247.5,77,1,3247.9,43,2
11536,2025-12-30 12:01:04+05:30,3246.5,2,3249.16,762387,105568.0,119373.0,3250.0,3257.0,3239.8,3251.5,42637350,3576.6,2926.4,4322.95,2866.6,3246.5,9,3,3246.4,25,3,3246.3,16,4,3246.2,41,2,3246.1,39,3,3246.6,4,4,3246.9,1,1,3247.0,175,1,3247.5,77,1,3247.7,43,2
11536,2025-12-30 12:01:04+05:30,3246.5,2,3249.16,762387,105568.0,119373.0,3250.0,3257.0,3239.8,3251.5,42637350,3576.6,2926.4,4322.95,2866.6,3246.5,9,3,3246.4,25,3,3246.3,16,4,3246.2,41,2,3246.1,39,3,3246.6,4,4,3246.9,1,1,3247.0,175,1,3247.5,77,1,3247.7,43,2
11536,2025-12-30 12:01:05+05:30,3246.6,1,3249.16,762394,105620.0,119332.0,3250.0,3257.0,3239.8,3251.5,42637350,3576.6,2926.4,4322.95,2866.6,3246.5,3,2,3246.4,32,4,3246.3,16,4,3246.2,41,2,3246.1,15,2,3246.6,4,4,3247.0,175,1,3247.5,77,1,3247.7,43,2,3248.0,51,4
11536,2025-12-30 12:01:05+05:30,3246.6,1,3249.16,762394,105620.0,119332.0,3250.0,3257.0,3239.8,3251.5,42637350,3576.6,2926.4,4322.95,2866.6,3246.5,3,2,3246.4,32,4,3246.3,16,4,3246.2,41,2,3246.1,15,2,3246.6,4,4,3247.0,175,1,3247.5,77,1,3247.7,43,2,3248.0,51,4
11536,2025-12-30 12:01:06+05:30,3246.6,1,3249.16,762398,105263.0,119337.0,3250.0,3257.0,3239.8,3251.5,42637350,3576.6,2926.4,4322.95,2866.6,3246.5,7,2,3246.4,32,4,3246.3,16,4,3246.2,41,2,3246.1,30,3,3246.6,4,4,3246.9,5,1,3247.0,175,1,3247.5,77,1,3247.7,43,2
11536,2025-12-30 12:01:06+05:30,3246.5,1,3249.16,762398,105263.0,119337.0,3250.0,3257.0,3239.8,3251.5,42637350,3576.6,2926.4,4322.95,2866.6,3246.5,7,2,3246.4,32,4,3246.3,16,4,3246.2,41,2,3246.1,30,3,3246.6,4,4,3246.9,5,1,3247.0,175,1,3247.5,77,1,3247.7,43,2
11536,2025-12-30 12:01:07+05:30,3246.5,1,3249.16,762476,105264.0,119548.0,3250.0,3257.0,3239.8,3251.5,42637350,3576.6,2926.4,4322.95,2866.6,3246.5,13,3,3246.4,25,3,3246.3,16,4,3246.2,56,3,3246.1,15,2,3246.6,10,7,3246.9,5,1,3247.0,175,1,3247.5,77,1,3247.7,43,2
11536,2025-12-30 12:01:07+05:30,3246.4,9,3249.16,762476,105264.0,119548.0,3250.0,3257.0,3239.8,3251.5,42637350,3576.6,2926.4,4322.95,2866.6,3246.5,13,3,3246.4,25,3,3246.3,16,4,3246.2,56,3,3246.1,15,2,3246.6,10,7,3246.9,5,1,3247.0,175,1,3247.5,77,1,3247.7,43,2
11536,2025-12-30 12:01:08+05:30,3246.5,33,3249.16,762741,105428.0,119077.0,3250.0,3257.0,3239.8,3251.5,42637350,3576.6,2926.4,4322.95,2866.6,3246.5,39,2,3246.4,41,5,3246.3,97,6,3246.2,377,7,3246.1,77,5,3247.5,88,3,3247.8,298,2,3248.0,106,4,3248.1,3,1,3248.2,44,3
11536,2025-12-30 12:01:08+05:30,3246.5,1,3249.16,762741,105428.0,119077.0,3250.0,3257.0,3239.8,3251.5,42637350,3576.6,2926.4,4322.95,2866.6,3246.5,39,2,3246.4,41,5,3246.3,97,6,3246.2,377,7,3246.1,77,5,3247.5,88,3,3247.8,298,2,3248.0,106,4,3248.1,3,1,3248.2,44,3
11536,2025-12-30 12:01:09+05:30,3247.5,37,3249.16,762779,105821.0,118646.0,3250.0,3257.0,3239.8,3251.5,42637350,3576.6,2926.4,4322.95,2866.6,3246.5,3,2,3246.4,38,4,3246.3,189,7,3246.2,291,7,3246.1,99,7,3247.5,54,5,3247.9,9,1,3248.0,81,2,3248.1,19,2,3248.2,28,2
11536,2025-12-30 12:01:09+05:30,3247.5,37,3249.16,762779,105821.0,118646.0,3250.0,3257.0,3239.8,3251.5,42637350,3576.6,2926.4,4322.95,2866.6,3246.5,3,2,3246.4,38,4,3246.3,189,7,3246.2,291,7,3246.1,99,7,3247.5,54,5,3247.9,9,1,3248.0,81,2,3248.1,19,2,3248.2,28,2
11536,2025-12-30 12:01:10+05:30,3246.5,1,3249.16,762856,104407.0,118520.0,3250.0,3257.0,3239.8,3251.5,42637350,3576.6,2926.4,4322.95,2866.6,3246.5,8,1,3246.4,18,3,3246.3,135,7,3246.2,227,5,3246.1,89,4,3247.5,64,7,3247.9,88,2,3248.0,2,1,3248.1,31,2,3248.2,24,2
11536,2025-12-30 12:01:10+05:30,3246.5,13,3249.16,762856,104407.0,118520.0,3250.0,3257.0,3239.8,3251.5,42637350,3576.6,2926.4,4322.95,2866.6,3246.5,8,1,3246.4,18,3,3246.3,135,7,3246.2,227,5,3246.1,89,4,3247.5,64,7,3247.9,88,2,3248.0,2,1,3248.1,31,2,3248.2,24,2
11536,2025-12-30 12:01:11+05:30,3246.4,5,3249.16,762902,105918.0,118544.0,3250.0,3257.0,3239.8,3251.5,42637350,3576.6,2926.4,4322.95,2866.6,3246.4,28,3,3246.3,147,7,3246.2,251,6,3246.1,123,6,3246.0,650,9,3247.5,63,9,3247.8,9,1,3247.9,88,2,3248.0,18,2,3248.1,41,3
11536,2025-12-30 12:01:11+05:30,3246.4,6,3249.16,762902,105918.0,118544.0,3250.0,3257.0,3239.8,3251.5,42637350,3576.6,2926.4,4322.95,2866.6,3246.4,28,3,3246.3,147,7,3246.2,251,6,3246.1,123,6,3246.0,650,9,3247.5,63,9,3247.8,9,1,3247.9,88,2,3248.0,18,2,3248.1,41,3
11536,2025-12-30 12:01:12+05:30,3246.4,6,3249.16,762920,105704.0,118475.0,3250.0,3257.0,3239.8,3251.5,42637350,3576.6,2926.4,4322.95,2866.6,3246.4,22,3,3246.3,16,4,3246.2,218,4,3246.1,95,5,3246.0,276,7,3247.4,9,1,3247.5,74,12,3247.7,79,1,3247.8,309,3,3248.0,29,2
11536,2025-12-30 12:01:12+05:30,3247.4,2,3249.16,762920,105704.0,118475.0,3250.0,3257.0,3239.8,3251.5,42637350,3576.6,2926.4,4322.95,2866.6,3246.4,22,3,3246.3,16,4,3246.2,218,4,3246.1,95,5,3246.0,276,7,3247.4,9,1,3247.5,74,12,3247.7,79,1,3247.8,309,3,3248.0,29,2
11536,2025-12-30 12:01:13+05:30,3246.4,1,3249.16,762951,105888.0,118139.0,3250.0,3257.0,3239.8,3251.5,42637350,3576.6,2926.4,4322.95,2866.6,3246.4,72,4,3246.3,98,6,3246.2,364,6,3246.1,102,6,3246.0,291,8,3247.4,2,2,3247.5,60,8,3247.8,9,1,3247.9,79,1,3248.0,27,2
11536,2025-12-30 12:01:13+05:30,3246.4,10,3249.16,762951,105888.0,118139.0,3250.0,3257.0,3239.8,3251.5,42637350,3576.6,2926.4,4322.95,2866.6,3246.4,72,4,3246.3,98,6,3246.2,364,6,3246.1,102,6,3246.0,291,8,3247.4,2,2,3247.5,60,8,3247.8,9,1,3247.9,79,1,3248.0,27,2
11536,2025-12-30 12:01:14+05:30,3246.4,2,3249.16,762977,105843.0,117976.0,3250.0,3257.0,3239.8,3251.5,42637350,3576.6,2926.4,4322.95,2866.6,3246.4,68,3,3246.3,98,6,3246.2,364,6,3246.1,89,4,3246.0,291,8,3247.4,19,6,3247.5,42,3,3247.8,103,3,3248.0,42,3,3248.1,13,2
11536,2025-12-30 12:01:14+05:30,3246.4,1,3249.16,762977,105843.0,117976.0,3250.0,3257.0,3239.8,3251.5,42637350,3576.6,2926.4,4322.95,2866.6,3246.4,68,3,3246.3,98,6,3246.2,364,6,3246.1,89,4,3246.0,291,8,3247.4,19,6,3247.5,42,3,3247.8,103,3,3248.0,42,3,3248.1,13,2
11536,2025-12-30 12:01:15+05:30,3247.3,1,3249.16,762994,105470.0,118507.0,3250.0,3257.0,3239.8,3251.5,42637350,3576.6,2926.4,4322.95,2866.6,3246.4,52,3,3246.3,70,5,3246.2,116,4,3246.1,46,3,3246.0,238,6,3247.3,12,1,3247.4,29,10,3247.5,63,2,3247.6,382,3,3247.7,31,2
11536,2025-12-30 12:01:15+05:30,3246.4,2,3249.16,762994,105470.0,118507.0,3250.0,3257.0,3239.8,3251.5,42637350,3576.6,2926.4,4322.95,2866.6,3246.4,52,3,3246.3,70,5,3246.2,116,4,3246.1,46,3,3246.0,238,6,3247.3,12,1,3247.4,29,10,3247.5,63,2,3247.6,382,3,3247.7,31,2
11536,2025-12-30 12:01:16+05:30,3247.3,1,3249.16,763006,105451.0,118389.0,3250.0,3257.0,3239.8,3251.5,42637350,3576.6,2926.4,4322.95,2866.6,3246.4,41,3,3246.3,70,5,3246.2,116,4,3246.1,46,3,3246.0,238,6,3247.3,30,7,3247.4,20,6,3247.5,63,2,3247.6,382,3,3247.7,23,1
11536,2025-12-30 12:01:16+05:30,3246.4,1,3249.16,763006,105451.0,118389.0,3250.0,3257.0,3239.8,3251.5,42637350,3576.6,2926.4,4322.95,2866.6,3246.4,41,3,3246.3,70,5,3246.2,116,4,3246.1,46,3,3246.0,238,6,3247.3,30,7,3247.4,20,6,3247.5,63,2,3247.6,382,3,3247.7,23,1
11536,2025-12-30 12:01:17+05:30,3246.4,4,3249.16,763095,105332.0,117845.0,3250.0,3257.0,3239.8,3251.5,42637350,3576.6,2926.4,4322.95,2866.6,3246.4,23,3,3246.3,70,5,3246.2,116,4,3246.1,138,4,3246.0,276,7,3247.3,35,9,3247.4,1,1,3247.5,63,2,3247.6,21,1,3247.7,23,1
11536,2025-12-30 12:01:17+05:30,3247.3,1,3249.16,763095,105332.0,117845.0,3250.0,3257.0,3239.8,3251.5,42637350,3576.6,2926.4,4322.95,2866.6,3246.4,23,3,3246.3,70,5,3246.2,116,4,3246.1,138,4,3246.0,276,7,3247.3,35,9,3247.4,1,1,3247.5,63,2,3247.6,21,1,3247.7,23,1
11536,2025-12-30 12:01:18+05:30,3246.4,2,3249.16,763103,105307.0,118213.0,3250.0,3257.0,3239.8,3251.5,42637350,3576.6,2926.4,4322.95,2866.6,3246.4,27,3,3246.3,70,5,3246.2,116,4,3246.1,15,2,3246.0,368,8,3247.3,34,10,3247.5,40,1,3247.6,21,1,3247.7,102,2,3247.8,24,2
11536,2025-12-30 12:01:18+05:30,3246.4,2,3249.16,763103,105307.0,118213.0,3250.0,3257.0,3239.8,3251.5,42637350,3576.6,2926.4,4322.95,2866.6,3246.4,27,3,3246.3,70,5,3246.2,116,4,3246.1,15,2,3246.0,368,8,3247.3,34,10,3247.5,40,1,3247.6,21,1,3247.7,102,2,3247.8,24,2
11536,2025-12-30 12:01:19+05:30,3246.4,1,3249.16,763131,105263.0,119132.0,3250.0,3257.0,3239.8,3251.5,42637350,3576.6,2926.4,4322.95,2866.6,3246.4,3,1,3246.3,75,6,3246.2,116,4,3246.1,107,3,3246.0,279,8,3247.2,13,1,3247.3,21,7,3247.5,49,2,3247.6,14,1,3247.7,88,2
11536,2025-12-30 12:01:19+05:30,3246.4,1,3249.16,763131,105263.0,119132.0,3250.0,3257.0,3239.8,3251.5,42637350,3576.6,2926.4,4322.95,2866.6,3246.4,3,1,3246.3,75,6,3246.2,116,4,3246.1,107,3,3246.0,279,8,3247.2,13,1,3247.3,21,7,3247.5,49,2,3247.6,14,1,3247.7,88,2
11536,2025-12-30 12:01:20+05:30,3246.3,1,3249.16,763226,104835.0,118814.0,3250.0,3257.0,3239.8,3251.5,42637350,3576.6,2926.4,4322.95,2866.6,3246.3,20,5,3246.2,109,4,3246.1,15,2,3246.0,47,5,3245.9,24,1,3246.4,3,3,3247.1,17,1,3247.2,26,3,3247.3,96,5,3247.5,49,2
11536,2025-12-30 12:01:20+05:30,3246.3,1,3249.16,763226,104835.0,118814.0,3250.0,3257.0,3239.8,3251.5,42637350,3576.6,2926.4,4322.95,2866.6,3246.3,20,5,3246.2,109,4,3246.1,15,2,3246.0,47,5,3245.9,24,1,3246.4,3,3,3247.1,17,1,3247.2,26,3,3247.3,96,5,3247.5,49,2
11536,2025-12-30 12:01:21+05:30,3246.3,1,3249.16,763252,104917.0,119081.0,3250.0,3257.0,3239.8,3251.5,42637350,3576.6,2926.4,4322.95,2866.6,3246.3,21,5,3246.2,95,3,3246.1,15,2,3246.0,18,3,3245.9,130,3,3246.4,6,3,3247.2,2,2,3247.5,119,2,3247.6,30,2,3247.7,9,1
11536,2025-12-30 12:01:21+05:30,3246.3,2,3249.16,763252,104917.0,119081.0,3250.0,3257.0,3239.8,3251.5,42637350,3576.6,2926.4,4322.95,2866.6,3246.3,21,5,3246.2,95,3,3246.1,15,2,3246.0,18,3,3245.9,130,3,3246.4,6,3,3247.2,2,2,3247.5,119,2,3247.6,30,2,3247.7,9,1
11536,2025-12-30 12:01:22+05:30,3246.3,1,3249.16,763261,104928.0,117683.0,3250.0,3257.0,3239.8,3251.5,42637350,3576.6,2926.4,4322.95,2866.6,3246.3,18,5,3246.2,95,3,3246.1,15,2,3246.0,32,4,3245.9,116,2,3246.4,9,6,3247.2,1,1,3247.5,119,2,3247.6,30,2,3247.7,9,1
11536,2025-12-30 12:01:22+05:30,3246.4,2,3249.16,763261,104928.0,117683.0,3250.0,3257.0,3239.8,3251.5,42637350,3576.6,2926.4,4322.95,2866.6,3246.3,18,5,3246.2,95,3,3246.1,15,2,3246.0,32,4,3245.9,116,2,3246.4,9,6,3247.2,1,1,3247.5,119,2,3247.6,30,2,3247.7,9,1
11536,2025-12-30 12:01:23+05:30,3246.4,2,3249.16,763316,104742.0,118776.0,3250.0,3257.0,3239.8,3251.5,42637350,3576.6,2926.4,4322.95,2866.6,3246.4,3,1,3246.3,14,4,3246.2,117,4,3246.1,15,2,3246.0,39,4,3247.4,18,4,3247.5,433,5,3247.6,24,2,3247.7,35,2,3247.8,24,2
11536,2025-12-30 12:01:24+05:30,3247.4,1,3249.16,763353,104714.0,118415.0,3250.0,3257.0,3239.8,3251.5,42637350,3576.6,2926.4,4322.95,2866.6,3246.4,3,1,3246.3,17,5,3246.2,117,4,3246.1,15,2,3246.0,158,6,3247.4,20,6,3247.5,119,2,3247.6,24,2,3247.8,32,3,3247.9,62,3
11536,2025-12-30 12:01:24+05:30,3247.4,1,3249.16,763353,104714.0,118415.0,3250.0,3257.0,3239.8,3251.5,42637350,3576.6,2926.4,4322.95,2866.6,3246.4,3,1,3246.3,17,5,3246.2,117,4,3246.1,15,2,3246.0,158,6,3247.4,20,6,3247.5,119,2,3247.6,24,2,3247.8,32,3,3247.9,62,3
11536,2025-12-30 12:01:25+05:30,3247.4,1,3249.16,763355,105119.0,118302.0,3250.0,3257.0,3239.8,3251.5,42637350,3576.6,2926.4,4322.95,2866.6,3246.9,2,1,3246.4,21,1,3246.3,17,5,3246.2,117,4,3246.1,150,4,3247.4,10,4,3247.5,119,2,3247.6,24,2,3247.8,32,3,3247.9,62,3
11536,2025-12-30 12:01:25+05:30,3246.9,1,3249.16,763355,105119.0,118302.0,3250.0,3257.0,3239.8,3251.5,42637350,3576.6,2926.4,4322.95,2866.6,3246.9,2,1,3246.4,21,1,3246.3,17,5,3246.2,117,4,3246.1,150,4,3247.4,10,4,3247.5,119,2,3247.6,24,2,3247.8,32,3,3247.9,62,3
11536,2025-12-30 12:01:26+05:30,3246.9,1,3249.16,763357,104696.0,119296.0,3250.0,3257.0,3239.8,3251.5,42637350,3576.6,2926.4,4322.95,2866.6,3246.3,17,5,3246.2,95,3,3246.1,15,2,3246.0,143,8,3245.9,235,4,3246.9,1,1,3247.4,314,4,3247.5,119,2,3247.6,3,1,3247.8,8,1
11536,2025-12-30 12:01:26+05:30,3246.9,1,3249.16,763357,104696.0,119296.0,3250.0,3257.0,3239.8,3251.5,42637350,3576.6,2926.4,4322.95,2866.6,3246.3,17,5,3246.2,95,3,3246.1,15,2,3246.0,143,8,3245.9,235,4,3246.9,1,1,3247.4,314,4,3247.5,119,2,3247.6,3,1,3247.8,8,1
11536,2025-12-30 12:01:27+05:30,3246.3,3,3249.16,763749,104744.0,118530.0,3250.0,3257.0,3239.8,3251.5,42637350,3576.6,2926.4,4322.95,2866.6,3246.3,20,3,3246.2,136,5,3246.1,15,2,3246.0,168,7,3245.9,133,2,3247.4,109,2,3247.5,40,1,3247.6,44,3,3247.8,14,1,3247.9,43,3
11536,2025-12-30 12:01:27+05:30,3246.3,3,3249.16,763749,104744.0,118530.0,3250.0,3257.0,3239.8,3251.5,42637350,3576.6,2926.4,4322.95,2866.6,3246.3,20,3,3246.2,136,5,3246.1,15,2,3246.0,168,7,3245.9,133,2,3247.4,109,2,3247.5,40,1,3247.6,44,3,3247.8,14,1,3247.9,43,3
11536,2025-12-30 12:01:28+05:30,3246.3,3,3249.16,763749,104744.0,118530.0,3250.0,3257.0,3239.8,3251.5,42637350,3576.6,2926.4,4322.95,2866.6,3246.3,20,3,3246.2,136,5,3246.1,15,2,3246.0,168,7,3245.9,133,2,3247.4,109,2,3247.5,40,1,3247.6,44,3,3247.8,14,1,3247.9,43,3
11536,2025-12-30 12:01:28+05:30,3247.4,1,3249.16,763754,104713.0,118639.0,3250.0,3257.0,3239.8,3251.5,42637350,3576.6,2926.4,4322.95,2866.6,3246.3,9,2,3246.2,116,4,3246.1,39,3,3246.0,221,9,3245.9,161,3,3247.4,124,5,3247.5,51,3,3247.6,3,1,3247.8,15,1,3247.9,50,2
11536,2025-12-30 12:01:29+05:30,3246.3,25,3249.16,763754,104713.0,118639.0,3250.0,3257.0,3239.8,3251.5,42637350,3576.6,2926.4,4322.95,2866.6,3246.3,9,2,3246.2,116,4,3246.1,39,3,3246.0,221,9,3245.9,161,3,3247.4,124,5,3247.5,51,3,3247.6,3,1,3247.8,15,1,3247.9,50,2
11536,2025-12-30 12:01:29+05:30,3246.3,25,3249.16,763849,104299.0,118696.0,3250.0,3257.0,3239.8,3251.5,42637350,3576.6,2926.4,4322.95,2866.6,3246.9,1,1,3246.4,29,2,3246.3,18,1,3246.2,116,4,3246.1,74,6,3247.4,120,8,3247.5,41,2,3247.6,3,1,3247.8,36,2,3247.9,39,2
11536,2025-12-30 12:01:30+05:30,3246.4,1,3249.16,763849,104299.0,118696.0,3250.0,3257.0,3239.8,3251.5,42637350,3576.6,2926.4,4322.95,2866.6,3246.9,1,1,3246.4,29,2,3246.3,18,1,3246.2,116,4,3246.1,74,6,3247.4,120,8,3247.5,41,2,3247.6,3,1,3247.8,36,2,3247.9,39,2
11536,2025-12-30 12:01:30+05:30,3246.4,1,3249.16,763852,104095.0,118623.0,3250.0,3257.0,3239.8,3251.5,42637350,3576.6,2926.4,4322.95,2866.6,3246.4,5,1,3246.3,3,1,3246.2,95,3,3246.1,15,2,3246.0,67,5,3246.8,5,1,3247.0,79,1,3247.3,44,2,3247.4,35,5,3247.5,41,2
11536,2025-12-30 12:01:31+05:30,3246.8,1,3249.16,763852,104095.0,118623.0,3250.0,3257.0,3239.8,3251.5,42637350,3576.6,2926.4,4322.95,2866.6,3246.4,5,1,3246.3,3,1,3246.2,95,3,3246.1,15,2,3246.0,67,5,3246.8,5,1,3247.0,79,1,3247.3,44,2,3247.4,35,5,3247.5,41,2
11536,2025-12-30 12:01:31+05:30,3246.8,1,3249.16,763853,103989.0,119369.0,3250.0,3257.0,3239.8,3251.5,42637350,3576.6,2926.4,4322.95,2866.6,3246.4,22,2,3246.3,3,1,3246.2,95,3,3246.1,15,2,3246.0,105,6,3246.8,5,2,3247.1,21,1,3247.2,23,1,3247.4,134,7,3247.5,56,3
11536,2025-12-30 12:01:32+05:30,3246.4,1,3249.16,763853,103989.0,119369.0,3250.0,3257.0,3239.8,3251.5,42637350,3576.6,2926.4,4322.95,2866.6,3246.4,22,2,3246.3,3,1,3246.2,95,3,3246.1,15,2,3246.0,105,6,3246.8,5,2,3247.1,21,1,3247.2,23,1,3247.4,134,7,3247.5,56,3
11536,2025-12-30 12:01:32+05:30,3246.4,1,3249.16,763883,104005.0,119758.0,3250.0,3257.0,3239.8,3251.5,42637350,3576.6,2926.4,4322.95,2866.6,3246.4,10,1,3246.3,20,3,3246.2,95,3,3246.1,15,2,3246.0,67,5,3246.8,8,5,3247.0,282,1,3247.1,21,1,3247.2,23,1,3247.3,79,1
11536,2025-12-30 12:01:33+05:30,3246.3,29,3249.16,763883,104005.0,119758.0,3250.0,3257.0,3239.8,3251.5,42637350,3576.6,2926.4,4322.95,2866.6,3246.4,10,1,3246.3,20,3,3246.2,95,3,3246.1,15,2,3246.0,67,5,3246.8,8,5,3247.0,282,1,3247.1,21,1,3247.2,23,1,3247.3,79,1
11536,2025-12-30 12:01:33+05:30,3246.3,29,3249.16,763943,103846.0,120121.0,3250.0,3257.0,3239.8,3251.5,42637350,3576.6,2926.4,4322.95,2866.6,3246.3,17,1,3246.2,95,3,3246.1,15,2,3246.0,45,4,3245.9,31,1,3246.4,175,1,3246.8,20,7,3246.9,21,1,3247.0,282,1,3247.1,23,1
11536,2025-12-30 12:01:34+05:30,3246.3,9,3249.16,763943,103846.0,120121.0,3250.0,3257.0,3239.8,3251.5,42637350,3576.6,2926.4,4322.95,2866.6,3246.3,17,1,3246.2,95,3,3246.1,15,2,3246.0,45,4,3245.9,31,1,3246.4,175,1,3246.8,20,7,3246.9,21,1,3247.0,282,1,3247.1,23,1
11536,2025-12-30 12:01:34+05:30,3246.3,9,3249.16,763954,104089.0,120226.0,3250.0,3257.0,3239.8,3251.5,42637350,3576.6,2926.4,4322.95,2866.6,3246.3,52,1,3246.2,101,4,3246.1,15,2,3246.0,45,4,3245.9,31,1,3246.4,179,4,3246.8,18,5,3246.9,21,1,3247.0,305,2,3247.2,79,1
11536,2025-12-30 12:01:35+05:30,3246.3,4,3249.16,763954,104089.0,120226.0,3250.0,3257.0,3239.8,3251.5,42637350,3576.6,2926.4,4322.95,2866.6,3246.3,52,1,3246.2,101,4,3246.1,15,2,3246.0,45,4,3245.9,31,1,3246.4,179,4,3246.8,18,5,3246.9,21,1,3247.0,305,2,3247.2,79,1
11536,2025-12-30 12:01:35+05:30,3246.3,4,3249.16,763964,104090.0,120232.0,3250.0,3257.0,3239.8,3251.5,42637350,3576.6,2926.4,4322.95,2866.6,3246.3,43,1,3246.2,101,4,3246.1,15,2,3246.0,45,4,3245.9,31,1,3246.4,195,8,3246.8,1,1,3246.9,21,1,3247.0,305,2,3247.2,79,1
11536,2025-12-30 12:01:36+05:30,3246.4,88,3249.16,763964,104090.0,120232.0,3250.0,3257.0,3239.8,3251.5,42637350,3576.6,2926.4,4322.95,2866.6,3246.3,43,1,3246.2,101,4,3246.1,15,2,3246.0,45,4,3245.9,31,1,3246.4,195,8,3246.8,1,1,3246.9,21,1,3247.0,305,2,3247.2,79,1
11536,2025-12-30 12:01:36+05:30,3246.4,88,3249.16,764069,104056.0,120145.0,3250.0,3257.0,3239.8,3251.5,42637350,3576.6,2926.4,4322.95,2866.6,3246.3,26,1,3246.2,95,3,3246.1,15,2,3246.0,45,4,3245.9,31,1,3246.4,109,11,3246.9,21,1,3247.0,305,2,3247.2,79,1,3247.4,43,2
11536,2025-12-30 12:01:37+05:30,3246.2,1,3249.16,764069,104056.0,120145.0,3250.0,3257.0,3239.8,3251.5,42637350,3576.6,2926.4,4322.95,2866.6,3246.3,26,1,3246.2,95,3,3246.1,15,2,3246.0,45,4,3245.9,31,1,3246.4,109,11,3246.9,21,1,3247.0,305,2,3247.2,79,1,3247.4,43,2
11536,2025-12-30 12:01:37+05:30,3246.2,1,3249.16,764097,103467.0,120116.0,3250.0,3257.0,3239.8,3251.5,42637350,3576.6,2926.4,4322.95,2866.6,3246.2,99,5,3246.1,15,2,3246.0,45,4,3245.9,31,1,3245.8,45,3,3246.3,11,4,3246.4,110,9,3246.9,21,1,3247.0,305,2,3247.2,79,1
11536,2025-12-30 12:01:38+05:30,3246.2,2,3249.16,764097,103467.0,120116.0,3250.0,3257.0,3239.8,3251.5,42637350,3576.6,2926.4,4322.95,2866.6,3246.2,99,5,3246.1,15,2,3246.0,45,4,3245.9,31,1,3245.8,45,3,3246.3,11,4,3246.4,110,9,3246.9,21,1,3247.0,305,2,3247.2,79,1
11536,2025-12-30 12:01:38+05:30,3246.2,2,3249.16,764104,102844.0,120117.0,3250.0,3257.0,3239.8,3251.5,42637350,3576.6,2926.4,4322.95,2866.6,3246.2,99,5,3246.1,20,3,3246.0,45,4,3245.9,31,1,3245.8,45,3,3246.3,14,7,3246.4,145,8,3246.8,21,1,3246.9,23,1,3247.0,282,1
11536,2025-12-30 12:01:39+05:30,3246.3,4,3249.16,764104,102844.0,120117.0,3250.0,3257.0,3239.8,3251.5,42637350,3576.6,2926.4,4322.95,2866.6,3246.2,99,5,3246.1,20,3,3246.0,45,4,3245.9,31,1,3245.8,45,3,3246.3,14,7,3246.4,145,8,3246.8,21,1,3246.9,23,1,3247.0,282,1
11536,2025-12-30 12:01:39+05:30,3246.3,4,3249.16,764240,102876.0,120025.0,3250.0,3257.0,3239.8,3251.5,42637350,3576.6,2926.4,4322.95,2866.6,3246.3,2,1,3246.2,46,4,3246.1,20,3,3246.0,18,3,3245.8,31,2,3246.4,130,5,3246.8,21,1,3246.9,23,1,3247.0,282,1,3247.2,79,1
11536,2025-12-30 12:01:40+05:30,3246.4,2,3249.16,764240,102876.0,120025.0,3250.0,3257.0,3239.8,3251.5,42637350,3576.6,2926.4,4322.95,2866.6,3246.3,2,1,3246.2,46,4,3246.1,20,3,3246.0,18,3,3245.8,31,2,3246.4,130,5,3246.8,21,1,3246.9,23,1,3247.0,282,1,3247.2,79,1
11536,2025-12-30 12:01:40+05:30,3246.4,2,3249.16,764256,102855.0,119992.0,3250.0,3257.0,3239.8,3251.5,42637350,3576.6,2926.4,4322.95,2866.6,3246.3,5,1,3246.2,35,4,3246.1,15,2,3246.0,18,3,3245.8,3,1,3246.4,130,8,3246.8,21,1,3246.9,23,1,3247.0,282,1,3247.2,79,1
11536,2025-12-30 12:01:41+05:30,3246.3,32,3249.16,764256,102855.0,119992.0,3250.0,3257.0,3239.8,3251.5,42637350,3576.6,2926.4,4322.95,2866.6,3246.3,5,1,3246.2,35,4,3246.1,15,2,3246.0,18,3,3245.8,3,1,3246.4,130,8,3246.8,21,1,3246.9,23,1,3247.0,282,1,3247.2,79,1
11536,2025-12-30 12:01:41+05:30,3246.3,32,3249.16,764288,102852.0,120001.0,3250.0,3257.0,3239.8,3251.5,42637350,3576.6,2926.4,4322.95,2866.6,3246.3,5,1,3246.2,35,4,3246.1,15,2,3246.0,18,3,3245.8,17,2,3246.4,130,11,3246.8,21,1,3246.9,23,1,3247.0,282,1,3247.1,79,1
11536,2025-12-30 12:01:42+05:30,3246.4,3,3249.16,764288,102852.0,120001.0,3250.0,3257.0,3239.8,3251.5,42637350,3576.6,2926.4,4322.95,2866.6,3246.3,5,1,3246.2,35,4,3246.1,15,2,3246.0,18,3,3245.8,17,2,3246.4,130,11,3246.8,21,1,3246.9,23,1,3247.0,282,1,3247.1,79,1
11536,2025-12-30 12:01:42+05:30,3246.4,11,3249.16,764414,102713.0,119884.0,3250.0,3257.0,3239.8,3251.5,42637350,3576.6,2926.4,4322.95,2866.6,3246.2,30,4,3246.1,15,2,3246.0,18,3,3245.8,12,1,3245.7,22,1,3246.4,24,8,3246.8,21,1,3246.9,23,1,3247.0,282,1,3247.1,79,1
11536,2025-12-30 12:01:43+05:30,3246.2,9,3249.16,764414,102713.0,119884.0,3250.0,3257.0,3239.8,3251.5,42637350,3576.6,2926.4,4322.95,2866.6,3246.2,30,4,3246.1,15,2,3246.0,18,3,3245.8,12,1,3245.7,22,1,3246.4,24,8,3246.8,21,1,3246.9,23,1,3247.0,282,1,3247.1,79,1
11536,2025-12-30 12:01:43+05:30,3246.2,2,3249.16,764428,102917.0,119887.0,3250.0,3257.0,3239.8,3251.5,42637350,3576.6,2926.4,4322.95,2866.6,3246.2,16,4,3246.1,15,2,3246.0,18,3,3245.8,50,2,3245.7,36,2,3246.4,27,7,3246.8,21,1,3246.9,23,1,3247.0,282,1,3247.1,79,1
11536,2025-12-30 12:01:44+05:30,3246.2,2,3249.16,764428,102917.0,119887.0,3250.0,3257.0,3239.8,3251.5,42637350,3576.6,2926.4,4322.95,2866.6,3246.2,16,4,3246.1,15,2,3246.0,18,3,3245.8,50,2,3245.7,36,2,3246.4,27,7,3246.8,21,1,3246.9,23,1,3247.0,282,1,3247.1,79,1
11536,2025-12-30 12:01:44+05:30,3246.2,23,3249.16,764472,102771.0,119892.0,3250.0,3257.0,3239.8,3251.5,42637350,3576.6,2926.4,4322.95,2866.6,3246.2,24,4,3246.1,15,2,3246.0,18,3,3245.8,38,1,3245.7,22,1,3246.4,22,5,3246.8,21,1,3246.9,23,1,3247.0,282,1,3247.1,79,1
11536,2025-12-30 12:01:45+05:30,3246.2,1,3249.16,764472,102771.0,119892.0,3250.0,3257.0,3239.8,3251.5,42637350,3576.6,2926.4,4322.95,2866.6,3246.2,24,4,3246.1,15,2,3246.0,18,3,3245.8,38,1,3245.7,22,1,3246.4,22,5,3246.8,21,1,3246.9,23,1,3247.0,282,1,3247.1,79,1
11536,2025-12-30 12:01:45+05:30,3246.2,4,3249.16,764496,102741.0,119882.0,3250.0,3257.0,3239.8,3251.5,42637350,3576.6,2926.4,4322.95,2866.6,3246.2,48,4,3246.1,15,2,3246.0,18,3,3245.8,38,1,3245.7,22,1,3246.4,21,5,3246.8,21,1,3246.9,23,1,3247.0,282,1,3247.1,93,2
11536,2025-12-30 12:01:46+05:30,3246.4,1,3249.16,764496,102741.0,119882.0,3250.0,3257.0,3239.8,3251.5,42637350,3576.6,2926.4,4322.95,2866.6,3246.2,48,4,3246.1,15,2,3246.0,18,3,3245.8,38,1,3245.7,22,1,3246.4,21,5,3246.8,21,1,3246.9,23,1,3247.0,282,1,3247.1,93,2
11536,2025-12-30 12:01:47+05:30,3246.2,6,3249.16,764588,102636.0,120028.0,3250.0,3257.0,3239.8,3251.5,42637350,3576.6,2926.4,4322.95,2866.6,3246.2,40,3,3246.1,23,3,3246.0,18,3,3245.8,38,1,3245.7,36,2,3246.4,25,8,3246.8,21,1,3246.9,23,1,3247.0,282,1,3247.1,79,1
11536,2025-12-30 12:01:47+05:30,3246.4,3,3249.16,764588,102636.0,120028.0,3250.0,3257.0,3239.8,3251.5,42637350,3576.6,2926.4,4322.95,2866.6,3246.2,40,3,3246.1,23,3,3246.0,18,3,3245.8,38,1,3245.7,36,2,3246.4,25,8,3246.8,21,1,3246.9,23,1,3247.0,282,1,3247.1,79,1
11536,2025-12-30 12:01:48+05:30,3246.2,6,3249.16,764616,104167.0,119985.0,3250.0,3257.0,3239.8,3251.5,42637350,3576.6,2926.4,4322.95,2866.6,3246.2,47,4,3246.1,23,3,3246.0,32,4,3245.9,24,1,3245.8,90,5,3246.4,4,2,3247.0,282,1,3247.1,79,1,3247.4,21,1,3247.5,72,4
11536,2025-12-30 12:01:48+05:30,3246.2,6,3249.16,764616,104167.0,119985.0,3250.0,3257.0,3239.8,3251.5,42637350,3576.6,2926.4,4322.95,2866.6,3246.2,47,4,3246.1,23,3,3246.0,32,4,3245.9,24,1,3245.8,90,5,3246.4,4,2,3247.0,282,1,3247.1,79,1,3247.4,21,1,3247.5,72,4
11536,2025-12-30 12:01:49+05:30,3246.2,24,3249.16,764640,104087.0,119988.0,3250.0,3257.0,3239.8,3251.5,42637350,3576.6,2926.4,4322.95,2866.6,3246.2,34,6,3246.1,15,2,3246.0,32,4,3245.8,61,3,3245.7,67,3,3246.4,4,4,3247.0,303,2,3247.1,79,1,3247.4,21,1,3247.5,51,3
11536,2025-12-30 12:01:49+05:30,3246.2,24,3249.16,764640,104087.0,119988.0,3250.0,3257.0,3239.8,3251.5,42637350,3576.6,2926.4,4322.95,2866.6,3246.2,34,6,3246.1,15,2,3246.0,32,4,3245.8,61,3,3245.7,67,3,3246.4,4,4,3247.0,303,2,3247.1,79,1,3247.4,21,1,3247.5,51,3
11536,2025-12-30 12:01:50+05:30,3246.2,1,3249.16,764648,104130.0,119966.0,3250.0,3257.0,3239.8,3251.5,42637350,3576.6,2926.4,4322.95,2866.6,3246.2,57,5,3246.1,29,3,3246.0,18,3,3245.8,81,4,3245.7,68,3,3246.4,3,3,3247.0,282,1,3247.1,79,1,3247.4,21,1,3247.5,51,3
11536,2025-12-30 12:01:50+05:30,3246.2,1,3249.16,764648,104130.0,119966.0,3250.0,3257.0,3239.8,3251.5,42637350,3576.6,2926.4,4322.95,2866.6,3246.2,57,5,3246.1,29,3,3246.0,18,3,3245.8,81,4,3245.7,68,3,3246.4,3,3,3247.0,282,1,3247.1,79,1,3247.4,21,1,3247.5,51,3
11536,2025-12-30 12:01:51+05:30,3246.4,1,3249.16,764650,104100.0,119957.0,3250.0,3257.0,3239.8,3251.5,42637350,3576.6,2926.4,4322.95,2866.6,3246.3,8,1,3246.2,48,4,3246.1,29,3,3246.0,18,3,3245.8,81,4,3246.4,2,2,3247.0,282,1,3247.1,79,1,3247.4,21,1,3247.5,41,2
11536,2025-12-30 12:01:51+05:30,3246.3,6,3249.16,764650,104100.0,119957.0,3250.0,3257.0,3239.8,3251.5,42637350,3576.6,2926.4,4322.95,2866.6,3246.3,8,1,3246.2,48,4,3246.1,29,3,3246.0,18,3,3245.8,81,4,3246.4,2,2,3247.0,282,1,3247.1,79,1,3247.4,21,1,3247.5,41,2
11536,2025-12-30 12:01:52+05:30,3246.3,6,3249.16,764656,104102.0,119965.0,3250.0,3257.0,3239.8,3251.5,42637350,3576.6,2926.4,4322.95,2866.6,3246.3,2,1,3246.2,48,4,3246.1,29,3,3246.0,18,3,3245.8,81,4,3246.4,2,2,3247.0,282,1,3247.1,79,1,3247.4,21,1,3247.5,41,2
11536,2025-12-30 12:01:52+05:30,3246.3,3,3249.16,764656,104102.0,119965.0,3250.0,3257.0,3239.8,3251.5,42637350,3576.6,2926.4,4322.95,2866.6,3246.3,2,1,3246.2,48,4,3246.1,29,3,3246.0,18,3,3245.8,81,4,3246.4,2,2,3247.0,282,1,3247.1,79,1,3247.4,21,1,3247.5,41,2
11536,2025-12-30 12:01:53+05:30,3246.3,3,3249.16,764659,104190.0,119957.0,3250.0,3257.0,3239.8,3251.5,42637350,3576.6,2926.4,4322.95,2866.6,3246.3,65,3,3246.2,48,4,3246.1,15,2,3246.0,36,4,3245.8,102,5,3246.4,2,2,3247.0,282,1,3247.1,79,1,3247.4,21,1,3247.5,41,2
11536,2025-12-30 12:01:53+05:30,3246.3,1,3249.16,764659,104190.0,119957.0,3250.0,3257.0,3239.8,3251.5,42637350,3576.6,2926.4,4322.95,2866.6,3246.3,65,3,3246.2,48,4,3246.1,15,2,3246.0,36,4,3245.8,102,5,3246.4,2,2,3247.0,282,1,3247.1,79,1,3247.4,21,1,3247.5,41,2
11536,2025-12-30 12:01:54+05:30,3246.3,1,3249.16,764662,104193.0,119957.0,3250.0,3257.0,3239.8,3251.5,42637350,3576.6,2926.4,4322.95,2866.6,3246.3,54,2,3246.2,62,5,3246.1,15,2,3246.0,36,4,3245.8,102,5,3246.4,2,2,3247.0,282,1,3247.1,79,1,3247.4,21,1,3247.5,41,2
11536,2025-12-30 12:01:54+05:30,3247.0,282,3249.16,764662,104193.0,119957.0,3250.0,3257.0,3239.8,3251.5,42637350,3576.6,2926.4,4322.95,2866.6,3246.3,54,2,3246.2,62,5,3246.1,15,2,3246.0,36,4,3245.8,102,5,3246.4,2,2,3247.0,282,1,3247.1,79,1,3247.4,21,1,3247.5,41,2
11536,2025-12-30 12:01:55+05:30,3247.3,2,3249.16,764948,104850.0,117887.0,3250.0,3257.0,3239.8,3251.5,42637350,3576.6,2926.4,4322.95,2866.6,3246.5,42,2,3246.4,69,6,3246.3,84,4,3246.2,167,8,3246.1,101,6,3247.3,77,1,3247.4,9,1,3247.5,41,2,3248.0,26,2,3248.1,17,2
11536,2025-12-30 12:01:55+05:30,3247.3,2,3249.16,764948,104850.0,117887.0,3250.0,3257.0,3239.8,3251.5,42637350,3576.6,2926.4,4322.95,2866.6,3246.5,42,2,3246.4,69,6,3246.3,84,4,3246.2,167,8,3246.1,101,6,3247.3,77,1,3247.4,9,1,3247.5,41,2,3248.0,26,2,3248.1,17,2
11536,2025-12-30 12:01:56+05:30,3247.3,2,3249.16,764948,104871.0,118488.0,3250.0,3257.0,3239.8,3251.5,42637350,3576.6,2926.4,4322.95,2866.6,3246.5,50,3,3246.4,69,6,3246.3,70,3,3246.2,185,9,3246.1,101,6,3247.3,78,2,3247.4,9,1,3247.5,41,2,3248.0,26,2,3248.1,17,2
11536,2025-12-30 12:01:56+05:30,3247.7,123,3249.16,764948,104871.0,118488.0,3250.0,3257.0,3239.8,3251.5,42637350,3576.6,2926.4,4322.95,2866.6,3246.5,50,3,3246.4,69,6,3246.3,70,3,3246.2,185,9,3246.1,101,6,3247.3,78,2,3247.4,9,1,3247.5,41,2,3248.0,26,2,3248.1,17,2
11536,2025-12-30 12:01:57+05:30,3247.9,14,3249.15,765455,109374.0,116781.0,3250.0,3257.0,3239.8,3251.5,42637350,3576.6,2926.4,4322.95,2866.6,3247.9,8,1,3247.8,10,1,3247.7,10,1,3247.6,3,1,3247.5,10,1,3248.5,15,3,3248.6,282,1,3249.0,1,1,3249.2,42,3,3249.3,51,3
11536,2025-12-30 12:01:57+05:30,3247.9,14,3249.15,765455,109374.0,116781.0,3250.0,3257.0,3239.8,3251.5,42637350,3576.6,2926.4,4322.95,2866.6,3247.9,8,1,3247.8,10,1,3247.7,10,1,3247.6,3,1,3247.5,10,1,3248.5,15,3,3248.6,282,1,3249.0,1,1,3249.2,42,3,3249.3,51,3
11536,2025-12-30 12:01:58+05:30,3248.5,1,3249.15,765459,109159.0,116399.0,3250.0,3257.0,3239.8,3251.5,42637350,3576.6,2926.4,4322.95,2866.6,3247.9,55,2,3247.8,20,1,3247.6,3,1,3247.5,38,1,3247.4,21,1,3248.5,16,2,3248.6,282,1,3249.0,1,1,3249.2,50,4,3249.3,51,3
11536,2025-12-30 12:01:58+05:30,3248.4,64,3249.15,765459,109159.0,116399.0,3250.0,3257.0,3239.8,3251.5,42637350,3576.6,2926.4,4322.95,2866.6,3247.9,55,2,3247.8,20,1,3247.6,3,1,3247.5,38,1,3247.4,21,1,3248.5,16,2,3248.6,282,1,3249.0,1,1,3249.2,50,4,3249.3,51,3
11536,2025-12-30 12:01:59+05:30,3248.0,7,3249.15,765561,109718.0,116680.0,3250.0,3257.0,3239.8,3251.5,42637350,3576.6,2926.4,4322.95,2866.6,3247.9,55,2,3247.8,15,1,3247.7,21,1,3247.6,52,4,3247.5,38,1,3248.0,6,1,3248.3,114,3,3248.5,4,2,3248.7,282,1,3249.0,1,1
11536,2025-12-30 12:01:59+05:30,3247.9,1,3249.15,765561,109718.0,116680.0,3250.0,3257.0,3239.8,3251.5,42637350,3576.6,2926.4,4322.95,2866.6,3247.9,55,2,3247.8,15,1,3247.7,21,1,3247.6,52,4,3247.5,38,1,3248.0,6,1,3248.3,114,3,3248.5,4,2,3248.7,282,1,3249.0,1,1
11536,2025-12-30 12:02:00+05:30,3247.9,1,3249.15,765589,109872.0,116731.0,3250.0,3257.0,3239.8,3251.5,42637350,3576.6,2926.4,4322.95,2866.6,3247.9,72,3,3247.8,15,1,3247.6,31,3,3247.5,84,3,3247.4,82,4,3248.0,12,6,3248.3,114,3,3248.5,1,1,3248.7,282,1,3249.0,1,1
11536,2025-12-30 12:02:00+05:30,3247.9,1,3249.15,765589,109872.0,116731.0,3250.0,3257.0,3239.8,3251.5,42637350,3576.6,2926.4,4322.95,2866.6,3247.9,72,3,3247.8,15,1,3247.6,31,3,3247.5,84,3,3247.4,82,4,3248.0,12,6,3248.3,114,3,3248.5,1,1,3248.7,282,1,3249.0,1,1
11536,2025-12-30 12:02:00+05:30,3247.9,1,3249.15,765589,109872.0,116731.0,3250.0,3257.0,3239.8,3251.5,42637350,3576.6,2926.4,4322.95,2866.6,3247.9,72,3,3247.8,15,1,3247.6,31,3,3247.5,84,3,3247.4,82,4,3248.0,12,6,3248.3,114,3,3248.5,1,1,3248.7,282,1,3249.0,1,1
11536,2025-12-30 12:02:01+05:30,3247.9,20,3249.15,765636,109986.0,116678.0,3250.0,3257.0,3239.8,3251.5,42637350,3576.6,2926.4,4322.95,2866.6,3247.8,39,2,3247.7,21,1,3247.6,55,5,3247.5,84,3,3247.4,71,4,3247.9,13,1,3248.0,6,5,3248.3,112,2,3248.7,282,1,3249.0,1,1
11536,2025-12-30 12:02:01+05:30,3247.8,1,3249.15,765636,109986.0,116678.0,3250.0,3257.0,3239.8,3251.5,42637350,3576.6,2926.4,4322.95,2866.6,3247.8,39,2,3247.7,21,1,3247.6,55,5,3247.5,84,3,3247.4,71,4,3247.9,13,1,3248.0,6,5,3248.3,112,2,3248.7,282,1,3249.0,1,1
11536,2025-12-30 12:02:01+05:30,3247.8,1,3249.15,765636,109986.0,116678.0,3250.0,3257.0,3239.8,3251.5,42637350,3576.6,2926.4,4322.95,2866.6,3247.8,39,2,3247.7,21,1,3247.6,55,5,3247.5,84,3,3247.4,71,4,3247.9,13,1,3248.0,6,5,3248.3,112,2,3248.7,282,1,3249.0,1,1
11536,2025-12-30 12:02:02+05:30,3248.0,3,3249.15,765758,110190.0,116256.0,3250.0,3257.0,3239.8,3251.5,42637350,3576.6,2926.4,4322.95,2866.6,3247.8,156,9,3247.7,17,1,3247.6,401,6,3247.5,62,2,3247.4,163,5,3248.0,7,4,3248.3,111,1,3248.7,282,1,3249.0,1,1,3249.2,8,2
11536,2025-12-30 12:02:02+05:30,3248.0,2,3249.15,765758,110190.0,116256.0,3250.0,3257.0,3239.8,3251.5,42637350,3576.6,2926.4,4322.95,2866.6,3247.8,156,9,3247.7,17,1,3247.6,401,6,3247.5,62,2,3247.4,163,5,3248.0,7,4,3248.3,111,1,3248.7,282,1,3249.0,1,1,3249.2,8,2
11536,2025-12-30 12:02:03+05:30,3248.0,2,3249.15,765758,110190.0,116256.0,3250.0,3257.0,3239.8,3251.5,42637350,3576.6,2926.4,4322.95,2866.6,3247.8,156,9,3247.7,17,1,3247.6,401,6,3247.5,62,2,3247.4,163,5,3248.0,7,4,3248.3,111,1,3248.7,282,1,3249.0,1,1,3249.2,8,2
11536,2025-12-30 12:02:03+05:30,3248.0,2,3249.15,765803,110417.0,115629.0,3250.0,3257.0,3239.8,3251.5,42637350,3576.6,2926.4,4322.95,2866.6,3247.9,71,5,3247.8,107,6,3247.7,17,1,3247.6,424,7,3247.5,154,3,3248.0,5,2,3248.3,111,1,3248.7,282,1,3249.0,1,1,3249.2,8,2
11536,2025-12-30 12:02:03+05:30,3247.9,3,3249.15,765803,110417.0,115629.0,3250.0,3257.0,3239.8,3251.5,42637350,3576.6,2926.4,4322.95,2866.6,3247.9,71,5,3247.8,107,6,3247.7,17,1,3247.6,424,7,3247.5,154,3,3248.0,5,2,3248.3,111,1,3248.7,282,1,3249.0,1,1,3249.2,8,2
11536,2025-12-30 12:02:04+05:30,3248.0,1,3249.15,765822,110417.0,116491.0,3250.0,3257.0,3239.8,3251.5,42637350,3576.6,2926.4,4322.95,2866.6,3247.9,60,4,3247.8,107,6,3247.7,17,1,3247.6,57,5,3247.5,89,3,3248.0,5,5,3248.3,111,1,3248.5,1,1,3248.7,282,1,3249.0,1,1
11536,2025-12-30 12:02:04+05:30,3248.0,1,3249.15,765822,110417.0,116491.0,3250.0,3257.0,3239.8,3251.5,42637350,3576.6,2926.4,4322.95,2866.6,3247.9,60,4,3247.8,107,6,3247.7,17,1,3247.6,57,5,3247.5,89,3,3248.0,5,5,3248.3,111,1,3248.5,1,1,3248.7,282,1,3249.0,1,1
11536,2025-12-30 12:02:04+05:30,3248.0,2,3249.15,765822,110417.0,116491.0,3250.0,3257.0,3239.8,3251.5,42637350,3576.6,2926.4,4322.95,2866.6,3247.9,60,4,3247.8,107,6,3247.7,17,1,3247.6,57,5,3247.5,89,3,3248.0,5,5,3248.3,111,1,3248.5,1,1,3248.7,282,1,3249.0,1,1
11536,2025-12-30 12:02:05+05:30,3248.0,2,3249.15,765822,110417.0,116491.0,3250.0,3257.0,3239.8,3251.5,42637350,3576.6,2926.4,4322.95,2866.6,3247.9,60,4,3247.8,107,6,3247.7,17,1,3247.6,57,5,3247.5,89,3,3248.0,5,5,3248.3,111,1,3248.5,1,1,3248.7,282,1,3249.0,1,1
11536,2025-12-30 12:02:05+05:30,3248.0,2,3249.15,765842,110510.0,116667.0,3250.0,3257.0,3239.8,3251.5,42637350,3576.6,2926.4,4322.95,2866.6,3248.1,4,1,3248.0,15,3,3247.9,14,1,3247.8,119,6,3247.7,17,1,3248.3,112,2,3248.5,1,1,3248.7,282,1,3249.0,1,1,3249.2,8,2
11536,2025-12-30 12:02:06+05:30,3248.0,2,3249.15,765842,110510.0,116667.0,3250.0,3257.0,3239.8,3251.5,42637350,3576.6,2926.4,4322.95,2866.6,3248.1,4,1,3248.0,15,3,3247.9,14,1,3247.8,119,6,3247.7,17,1,3248.3,112,2,3248.5,1,1,3248.7,282,1,3249.0,1,1,3249.2,8,2
11536,2025-12-30 12:02:06+05:30,3248.0,2,3249.15,765842,110533.0,116075.0,3250.0,3257.0,3239.8,3251.5,42637350,3576.6,2926.4,4322.95,2866.6,3248.1,4,1,3248.0,32,4,3247.9,14,1,3247.8,119,6,3247.7,17,1,3248.3,113,3,3248.5,1,1,3248.7,282,1,3249.0,1,1,3249.1,22,1
11536,2025-12-30 12:02:07+05:30,3248.0,2,3249.15,765842,110533.0,116075.0,3250.0,3257.0,3239.8,3251.5,42637350,3576.6,2926.4,4322.95,2866.6,3248.1,4,1,3248.0,32,4,3247.9,14,1,3247.8,119,6,3247.7,17,1,3248.3,113,3,3248.5,1,1,3248.7,282,1,3249.0,1,1,3249.1,22,1
11536,2025-12-30 12:02:07+05:30,3248.2,76,3249.15,765918,110554.0,115792.0,3250.0,3257.0,3239.8,3251.5,42637350,3576.6,2926.4,4322.95,2866.6,3248.2,25,1,3248.1,82,6,3248.0,19,3,3247.9,14,1,3247.8,114,5,3248.3,113,3,3248.5,1,1,3248.7,282,1,3249.0,1,1,3249.2,8,2
11536,2025-12-30 12:02:07+05:30,3248.2,6,3249.15,765918,110554.0,115792.0,3250.0,3257.0,3239.8,3251.5,42637350,3576.6,2926.4,4322.95,2866.6,3248.2,25,1,3248.1,82,6,3248.0,19,3,3247.9,14,1,3247.8,114,5,3248.3,113,3,3248.5,1,1,3248.7,282,1,3249.0,1,1,3249.2,8,2
11536,2025-12-30 12:02:07+05:30,3248.2,6,3249.15,765918,110554.0,115792.0,3250.0,3257.0,3239.8,3251.5,42637350,3576.6,2926.4,4322.95,2866.6,3248.2,25,1,3248.1,82,6,3248.0,19,3,3247.9,14,1,3247.8,114,5,3248.3,113,3,3248.5,1,1,3248.7,282,1,3249.0,1,1,3249.2,8,2
11536,2025-12-30 12:02:08+05:30,3248.3,1,3249.15,765929,109272.0,116165.0,3250.0,3257.0,3239.8,3251.5,42637350,3576.6,2926.4,4322.95,2866.6,3248.2,24,4,3248.1,70,4,3248.0,33,3,3247.9,16,2,3247.8,123,6,3248.3,117,5,3248.5,1,1,3248.7,282,1,3249.0,1,1,3249.1,19,1
11536,2025-12-30 12:02:08+05:30,3248.3,1,3249.15,765929,109272.0,116165.0,3250.0,3257.0,3239.8,3251.5,42637350,3576.6,2926.4,4322.95,2866.6,3248.2,24,4,3248.1,70,4,3248.0,33,3,3247.9,16,2,3247.8,123,6,3248.3,117,5,3248.5,1,1,3248.7,282,1,3249.0,1,1,3249.1,19,1
11536,2025-12-30 12:02:08+05:30,3248.3,1,3249.15,765929,109272.0,116165.0,3250.0,3257.0,3239.8,3251.5,42637350,3576.6,2926.4,4322.95,2866.6,3248.2,24,4,3248.1,70,4,3248.0,33,3,3247.9,16,2,3247.8,123,6,3248.3,117,5,3248.5,1,1,3248.7,282,1,3249.0,1,1,3249.1,19,1
11536,2025-12-30 12:02:09+05:30,3248.3,1,3249.15,765929,110372.0,115574.0,3250.0,3257.0,3239.8,3251.5,42637350,3576.6,2926.4,4322.95,2866.6,3248.2,18,3,3248.1,70,4,3248.0,1,1,3247.9,2,1,3247.8,73,3,3248.3,118,6,3248.5,1,1,3248.9,19,1,3249.0,23,2,3249.1,175,1
11536,2025-12-30 12:02:09+05:30,3248.3,37,3249.15,765929,110372.0,115574.0,3250.0,3257.0,3239.8,3251.5,42637350,3576.6,2926.4,4322.95,2866.6,3248.2,18,3,3248.1,70,4,3248.0,1,1,3247.9,2,1,3247.8,73,3,3248.3,118,6,3248.5,1,1,3248.9,19,1,3249.0,23,2,3249.1,175,1
11536,2025-12-30 12:02:09+05:30,3248.3,37,3249.15,765929,110372.0,115574.0,3250.0,3257.0,3239.8,3251.5,42637350,3576.6,2926.4,4322.95,2866.6,3248.2,18,3,3248.1,70,4,3248.0,1,1,3247.9,2,1,3247.8,73,3,3248.3,118,6,3248.5,1,1,3248.9,19,1,3249.0,23,2,3249.1,175,1
11536,2025-12-30 12:02:10+05:30,3248.3,37,3249.15,765990,110283.0,115822.0,3250.0,3257.0,3239.8,3251.5,42637350,3576.6,2926.4,4322.95,2866.6,3248.2,28,4,3248.1,77,5,3248.0,37,3,3247.9,42,4,3247.8,143,5,3248.3,81,7,3248.5,1,1,3249.0,1,1,3249.2,8,2,3249.3,22,2
11536,2025-12-30 12:02:10+05:30,3248.3,37,3249.15,765990,110283.0,115822.0,3250.0,3257.0,3239.8,3251.5,42637350,3576.6,2926.4,4322.95,2866.6,3248.2,28,4,3248.1,77,5,3248.0,37,3,3247.9,42,4,3247.8,143,5,3248.3,81,7,3248.5,1,1,3249.0,1,1,3249.2,8,2,3249.3,22,2
11536,2025-12-30 12:02:10+05:30,3248.2,10,3249.15,765990,110283.0,115822.0,3250.0,3257.0,3239.8,3251.5,42637350,3576.6,2926.4,4322.95,2866.6,3248.2,28,4,3248.1,77,5,3248.0,37,3,3247.9,42,4,3247.8,143,5,3248.3,81,7,3248.5,1,1,3249.0,1,1,3249.2,8,2,3249.3,22,2
11536,2025-12-30 12:02:11+05:30,3248.2,5,3249.15,766084,110122.0,116189.0,3250.0,3257.0,3239.8,3251.5,42637350,3576.6,2926.4,4322.95,2866.6,3248.2,71,4,3248.1,56,3,3248.0,1,1,3247.9,11,2,3247.8,49,1,3248.3,6,5,3248.4,282,1,3248.5,1,1,3248.9,18,1,3249.0,1,1
11536,2025-12-30 12:02:11+05:30,3248.2,5,3249.15,766084,110122.0,116189.0,3250.0,3257.0,3239.8,3251.5,42637350,3576.6,2926.4,4322.95,2866.6,3248.2,71,4,3248.1,56,3,3248.0,1,1,3247.9,11,2,3247.8,49,1,3248.3,6,5,3248.4,282,1,3248.5,1,1,3248.9,18,1,3249.0,1,1
11536,2025-12-30 12:02:11+05:30,3248.2,1,3249.15,766084,110122.0,116189.0,3250.0,3257.0,3239.8,3251.5,42637350,3576.6,2926.4,4322.95,2866.6,3248.2,71,4,3248.1,56,3,3248.0,1,1,3247.9,11,2,3247.8,49,1,3248.3,6,5,3248.4,282,1,3248.5,1,1,3248.9,18,1,3249.0,1,1
11536,2025-12-30 12:02:12+05:30,3248.2,1,3249.15,766103,109824.0,116374.0,3250.0,3257.0,3239.8,3251.5,42637350,3576.6,2926.4,4322.95,2866.6,3248.2,55,3,3248.1,56,3,3248.0,1,1,3247.9,11,2,3247.8,49,1,3248.3,8,5,3248.5,1,1,3248.6,282,1,3248.7,32,2,3248.9,30,2
11536,2025-12-30 12:02:12+05:30,3248.3,1,3249.15,766103,109824.0,116374.0,3250.0,3257.0,3239.8,3251.5,42637350,3576.6,2926.4,4322.95,2866.6,3248.2,55,3,3248.1,56,3,3248.0,1,1,3247.9,11,2,3247.8,49,1,3248.3,8,5,3248.5,1,1,3248.6,282,1,3248.7,32,2,3248.9,30,2
11536,2025-12-30 12:02:12+05:30,3248.3,1,3249.15,766118,109840.0,115837.0,3250.0,3257.0,3239.8,3251.5,42637350,3576.6,2926.4,4322.95,2866.6,3248.2,90,4,3248.1,67,4,3248.0,1,1,3247.9,2,1,3247.8,49,1,3248.3,7,5,3248.5,1,1,3248.7,21,1,3248.8,193,2,3249.0,1,1
11536,2025-12-30 12:02:13+05:30,3248.3,1,3249.15,766118,109840.0,115837.0,3250.0,3257.0,3239.8,3251.5,42637350,3576.6,2926.4,4322.95,2866.6,3248.2,90,4,3248.1,67,4,3248.0,1,1,3247.9,2,1,3247.8,49,1,3248.3,7,5,3248.5,1,1,3248.7,21,1,3248.8,193,2,3249.0,1,1
11536,2025-12-30 12:02:13+05:30,3248.2,1,3249.15,766118,109840.0,115837.0,3250.0,3257.0,3239.8,3251.5,42637350,3576.6,2926.4,4322.95,2866.6,3248.2,90,4,3248.1,67,4,3248.0,1,1,3247.9,2,1,3247.8,49,1,3248.3,7,5,3248.5,1,1,3248.7,21,1,3248.8,193,2,3249.0,1,1
11536,2025-12-30 12:02:13+05:30,3248.2,1,3249.15,766147,109746.0,116061.0,3250.0,3257.0,3239.8,3251.5,42637350,3576.6,2926.4,4322.95,2866.6,3248.2,74,5,3248.1,67,4,3248.0,1,1,3247.9,2,1,3247.8,49,1,3248.3,38,7,3248.5,1,1,3248.7,214,3,3248.8,9,1,3248.9,14,1
11536,2025-12-30 12:02:14+05:30,3248.2,1,3249.15,766147,109746.0,116061.0,3250.0,3257.0,3239.8,3251.5,42637350,3576.6,2926.4,4322.95,2866.6,3248.2,74,5,3248.1,67,4,3248.0,1,1,3247.9,2,1,3247.8,49,1,3248.3,38,7,3248.5,1,1,3248.7,214,3,3248.8,9,1,3248.9,14,1
11536,2025-12-30 12:02:14+05:30,3248.2,2,3249.15,766147,109746.0,116061.0,3250.0,3257.0,3239.8,3251.5,42637350,3576.6,2926.4,4322.95,2866.6,3248.2,74,5,3248.1,67,4,3248.0,1,1,3247.9,2,1,3247.8,49,1,3248.3,38,7,3248.5,1,1,3248.7,214,3,3248.8,9,1,3248.9,14,1
11536,2025-12-30 12:02:14+05:30,3248.2,2,3249.15,766163,109808.0,116062.0,3250.0,3257.0,3239.8,3251.5,42637350,3576.6,2926.4,4322.95,2866.6,3248.2,100,4,3248.1,79,5,3248.0,1,1,3247.9,2,1,3247.8,49,1,3248.3,39,9,3248.5,1,1,3248.6,18,1,3248.7,196,2,3248.8,9,1
11536,2025-12-30 12:02:15+05:30,3248.3,1,3249.15,766163,109808.0,116062.0,3250.0,3257.0,3239.8,3251.5,42637350,3576.6,2926.4,4322.95,2866.6,3248.2,100,4,3248.1,79,5,3248.0,1,1,3247.9,2,1,3247.8,49,1,3248.3,39,9,3248.5,1,1,3248.6,18,1,3248.7,196,2,3248.8,9,1
11536,2025-12-30 12:02:15+05:30,3248.3,1,3249.15,766179,109797.0,116024.0,3250.0,3257.0,3239.8,3251.5,42637350,3576.6,2926.4,4322.95,2866.6,3248.2,89,5,3248.1,79,5,3248.0,1,1,3247.9,2,1,3247.8,49,1,3248.3,38,9,3248.5,1,1,3248.6,32,2,3248.7,196,2,3248.8,14,1
11536,2025-12-30 12:02:16+05:30,3248.3,1,3249.15,766179,109797.0,116024.0,3250.0,3257.0,3239.8,3251.5,42637350,3576.6,2926.4,4322.95,2866.6,3248.2,89,5,3248.1,79,5,3248.0,1,1,3247.9,2,1,3247.8,49,1,3248.3,38,9,3248.5,1,1,3248.6,32,2,3248.7,196,2,3248.8,14,1
11536,2025-12-30 12:02:16+05:30,3248.2,1,3249.15,766179,109797.0,116024.0,3250.0,3257.0,3239.8,3251.5,42637350,3576.6,2926.4,4322.95,2866.6,3248.2,89,5,3248.1,79,5,3248.0,1,1,3247.9,2,1,3247.8,49,1,3248.3,38,9,3248.5,1,1,3248.6,32,2,3248.7,196,2,3248.8,14,1
11536,2025-12-30 12:02:16+05:30,3248.2,1,3249.15,766189,109788.0,116023.0,3250.0,3257.0,3239.8,3251.5,42637350,3576.6,2926.4,4322.95,2866.6,3248.2,92,6,3248.1,67,4,3248.0,1,1,3247.9,2,1,3247.8,49,1,3248.3,37,9,3248.5,1,1,3248.6,32,2,3248.7,196,2,3248.8,14,1
11536,2025-12-30 12:02:17+05:30,3248.2,2,3249.15,766189,109788.0,116023.0,3250.0,3257.0,3239.8,3251.5,42637350,3576.6,2926.4,4322.95,2866.6,3248.2,92,6,3248.1,67,4,3248.0,1,1,3247.9,2,1,3247.8,49,1,3248.3,37,9,3248.5,1,1,3248.6,32,2,3248.7,196,2,3248.8,14,1
11536,2025-12-30 12:02:17+05:30,3248.2,2,3249.15,766189,109788.0,116023.0,3250.0,3257.0,3239.8,3251.5,42637350,3576.6,2926.4,4322.95,2866.6,3248.2,92,6,3248.1,67,4,3248.0,1,1,3247.9,2,1,3247.8,49,1,3248.3,37,9,3248.5,1,1,3248.6,32,2,3248.7,196,2,3248.8,14,1
11536,2025-12-30 12:02:17+05:30,3248.2,3,3249.15,766275,109660.0,116088.0,3250.0,3257.0,3239.8,3251.5,42637350,3576.6,2926.4,4322.95,2866.6,3248.2,12,4,3248.1,67,4,3248.0,1,1,3247.9,2,1,3247.8,49,1,3248.3,40,9,3248.5,1,1,3248.7,206,3,3249.0,45,4,3249.1,21,1
11536,2025-12-30 12:02:18+05:30,3248.3,3,3249.15,766275,109660.0,116088.0,3250.0,3257.0,3239.8,3251.5,42637350,3576.6,2926.4,4322.95,2866.6,3248.2,12,4,3248.1,67,4,3248.0,1,1,3247.9,2,1,3247.8,49,1,3248.3,40,9,3248.5,1,1,3248.7,206,3,3249.0,45,4,3249.1,21,1
11536,2025-12-30 12:02:18+05:30,3248.3,3,3249.15,766354,109907.0,116353.0,3250.0,3257.0,3239.8,3251.5,42637350,3576.6,2926.4,4322.95,2866.6,3248.3,3,1,3248.2,6,3,3248.1,67,4,3248.0,1,1,3247.9,2,1,3248.5,1,1,3248.6,282,1,3248.7,175,1,3248.9,46,3,3249.0,25,2
11536,2025-12-30 12:02:19+05:30,3248.3,3,3249.15,766354,109907.0,116353.0,3250.0,3257.0,3239.8,3251.5,42877975,3576.6,2926.4,4322.95,2866.6,3248.3,3,1,3248.2,6,3,3248.1,67,4,3248.0,1,1,3247.9,2,1,3248.5,1,1,3248.6,282,1,3248.7,175,1,3248.9,46,3,3249.0,25,2
11536,2025-12-30 12:02:19+05:30,3248.3,3,3249.15,766354,110492.0,116206.0,3250.0,3257.0,3239.8,3251.5,42877975,3576.6,2926.4,4322.95,2866.6,3248.3,3,1,3248.2,6,3,3248.1,67,4,3248.0,1,1,3247.9,2,1,3248.5,8,5,3248.6,14,1,3248.7,175,1,3248.8,32,2,3248.9,9,1
11536,2025-12-30 12:02:20+05:30,3248.3,3,3249.15,766354,109539.0,115993.0,3250.0,3257.0,3239.8,3251.5,42877975,3576.6,2926.4,4322.95,2866.6,3248.4,3,1,3248.2,6,3,3248.1,67,4,3248.0,1,1,3247.9,2,1,3248.5,22,6,3248.7,175,1,3249.0,1,1,3249.2,22,3,3249.3,3,1
11536,2025-12-30 12:02:21+05:30,3248.3,3,3249.15,766354,109539.0,115993.0,3250.0,3257.0,3239.8,3251.5,42877975,3576.6,2926.4,4322.95,2866.6,3248.4,3,1,3248.2,6,3,3248.1,67,4,3248.0,1,1,3247.9,2,1,3248.5,22,6,3248.7,175,1,3249.0,1,1,3249.2,22,3,3249.3,3,1
11536,2025-12-30 12:02:21+05:30,3248.4,2,3249.15,766354,109539.0,115993.0,3250.0,3257.0,3239.8,3251.5,42877975,3576.6,2926.4,4322.95,2866.6,3248.4,3,1,3248.2,6,3,3248.1,67,4,3248.0,1,1,3247.9,2,1,3248.5,22,6,3248.7,175,1,3249.0,1,1,3249.2,22,3,3249.3,3,1
11536,2025-12-30 12:02:21+05:30,3248.4,2,3249.15,766379,109644.0,115822.0,3250.0,3257.0,3239.8,3251.5,42877975,3576.6,2926.4,4322.95,2866.6,3248.4,7,2,3248.2,6,3,3248.1,62,3,3248.0,1,1,3247.9,2,1,3248.5,21,7,3248.8,175,1,3249.0,1,1,3249.2,22,3,3249.3,24,2
11536,2025-12-30 12:02:22+05:30,3248.4,1,3249.15,766379,109644.0,115822.0,3250.0,3257.0,3239.8,3251.5,42877975,3576.6,2926.4,4322.95,2866.6,3248.4,7,2,3248.2,6,3,3248.1,62,3,3248.0,1,1,3247.9,2,1,3248.5,21,7,3248.8,175,1,3249.0,1,1,3249.2,22,3,3249.3,24,2
11536,2025-12-30 12:02:22+05:30,3248.4,1,3249.15,766391,109574.0,115997.0,3250.0,3257.0,3239.8,3251.5,42877975,3576.6,2926.4,4322.95,2866.6,3248.4,5,1,3248.2,6,3,3248.1,62,3,3248.0,1,1,3247.9,2,1,3248.5,21,8,3248.8,175,1,3249.0,1,1,3249.1,21,1,3249.2,22,3
11536,2025-12-30 12:02:23+05:30,3248.4,1,3249.15,766391,109574.0,115997.0,3250.0,3257.0,3239.8,3251.5,42877975,3576.6,2926.4,4322.95,2866.6,3248.4,5,1,3248.2,6,3,3248.1,62,3,3248.0,1,1,3247.9,2,1,3248.5,21,8,3248.8,175,1,3249.0,1,1,3249.1,21,1,3249.2,22,3
11536,2025-12-30 12:02:23+05:30,3248.4,1,3249.15,766400,109676.0,116001.0,3250.0,3257.0,3239.8,3251.5,42877975,3576.6,2926.4,4322.95,2866.6,3248.4,5,1,3248.2,6,3,3248.1,62,3,3248.0,1,1,3247.9,2,1,3248.5,25,8,3248.8,175,1,3249.0,1,1,3249.1,21,1,3249.2,22,3
11536,2025-12-30 12:02:24+05:30,3248.5,1,3249.15,766400,109676.0,116001.0,3250.0,3257.0,3239.8,3251.5,42877975,3576.6,2926.4,4322.95,2866.6,3248.4,5,1,3248.2,6,3,3248.1,62,3,3248.0,1,1,3247.9,2,1,3248.5,25,8,3248.8,175,1,3249.0,1,1,3249.1,21,1,3249.2,22,3
11536,2025-12-30 12:02:24+05:30,3248.8,155,3249.15,766635,109908.0,115022.0,3250.0,3257.0,3239.8,3251.5,42877975,3576.6,2926.4,4322.95,2866.6,3248.4,6,1,3248.2,6,3,3248.1,62,3,3248.0,4,2,3247.9,15,2,3248.8,20,1,3249.0,1,1,3249.2,5,1,3249.4,3,1,3249.5,39,2
11536,2025-12-30 12:02:25+05:30,3248.8,1,3249.15,766635,109908.0,115022.0,3250.0,3257.0,3239.8,3251.5,42877975,3576.6,2926.4,4322.95,2866.6,3248.4,6,1,3248.2,6,3,3248.1,62,3,3248.0,4,2,3247.9,15,2,3248.8,20,1,3249.0,1,1,3249.2,5,1,3249.4,3,1,3249.5,39,2
11536,2025-12-30 12:02:25+05:30,3248.8,1,3249.15,766636,110000.0,115447.0,3250.0,3257.0,3239.8,3251.5,42877975,3576.6,2926.4,4322.95,2866.6,3248.4,6,1,3248.2,6,3,3248.1,67,4,3248.0,4,2,3247.9,8,2,3248.8,31,4,3249.0,283,2,3249.2,5,1,3249.3,35,2,3249.4,12,2
11536,2025-12-30 12:02:26+05:30,3248.4,31,3249.15,766783,109857.0,115112.0,3250.0,3257.0,3239.8,3251.5,42877975,3576.6,2926.4,4322.95,2866.6,3248.4,9,1,3248.2,6,3,3248.1,56,3,3248.0,25,3,3247.9,52,4,3248.8,24,3,3249.0,283,2,3249.2,5,1,3249.4,12,2,3249.5,16,2
11536,2025-12-30 12:02:27+05:30,3248.4,1,3249.15,766783,109857.0,115112.0,3250.0,3257.0,3239.8,3251.5,42877975,3576.6,2926.4,4322.95,2866.6,3248.4,9,1,3248.2,6,3,3248.1,56,3,3248.0,25,3,3247.9,52,4,3248.8,24,3,3249.0,283,2,3249.2,5,1,3249.4,12,2,3249.5,16,2
11536,2025-12-30 12:02:27+05:30,3248.3,20,3249.15,766821,109757.0,114100.0,3250.0,3257.0,3239.8,3251.5,42877975,3576.6,2926.4,4322.95,2866.6,3248.3,14,1,3248.2,6,3,3248.1,56,3,3248.0,4,2,3247.9,8,2,3248.8,27,3,3249.0,283,2,3249.2,26,2,3249.3,14,1,3249.4,12,2
11536,2025-12-30 12:02:28+05:30,3247.8,17,3249.15,766821,109757.0,114100.0,3250.0,3257.0,3239.8,3251.5,42877975,3576.6,2926.4,4322.95,2866.6,3248.3,14,1,3248.2,6,3,3248.1,56,3,3248.0,4,2,3247.9,8,2,3248.8,27,3,3249.0,283,2,3249.2,26,2,3249.3,14,1,3249.4,12,2
11536,2025-12-30 12:02:29+05:30,3247.8,17,3249.15,767164,109412.0,116104.0,3250.0,3257.0,3239.8,3251.5,42877975,3576.6,2926.4,4322.95,2866.6,3247.8,22,4,3247.7,39,2,3247.6,33,3,3247.5,70,3,3247.4,243,6,3248.2,19,1,3248.3,5,1,3248.8,290,6,3249.0,1,1,3249.1,21,1
11536,2025-12-30 12:02:30+05:30,3247.8,1,3249.15,767197,109320.0,114763.0,3250.0,3257.0,3239.8,3251.5,42877975,3576.6,2926.4,4322.95,2866.6,3247.8,7,3,3247.7,14,1,3247.6,20,2,3247.5,70,3,3247.4,84,4,3248.1,19,1,3248.2,17,2,3248.3,5,1,3248.8,285,4,3249.0,1,1
11536,2025-12-30 12:02:30+05:30,3247.8,1,3249.15,767197,109320.0,114763.0,3250.0,3257.0,3239.8,3251.5,42877975,3576.6,2926.4,4322.95,2866.6,3247.8,7,3,3247.7,14,1,3247.6,20,2,3247.5,70,3,3247.4,84,4,3248.1,19,1,3248.2,17,2,3248.3,5,1,3248.8,285,4,3249.0,1,1
11536,2025-12-30 12:02:31+05:30,3247.8,2,3249.15,767220,108569.0,112883.0,3250.0,3257.0,3239.8,3251.5,42877975,3576.6,2926.4,4322.95,2866.6,3247.6,20,2,3247.5,14,1,3247.2,53,3,3247.1,87,3,3247.0,266,7,3247.7,19,1,3247.8,5,1,3248.1,2,2,3248.2,17,2,3248.3,282,1
11536,2025-12-30 12:02:31+05:30,3247.6,1,3249.15,767220,108569.0,112883.0,3250.0,3257.0,3239.8,3251.5,42877975,3576.6,2926.4,4322.95,2866.6,3247.6,20,2,3247.5,14,1,3247.2,53,3,3247.1,87,3,3247.0,266,7,3247.7,19,1,3247.8,5,1,3248.1,2,2,3248.2,17,2,3248.3,282,1
11536,2025-12-30 12:02:32+05:30,3247.6,1,3249.15,767343,108729.0,115637.0,3250.0,3257.0,3239.8,3251.5,42877975,3576.6,2926.4,4322.95,2866.6,3247.6,18,2,3247.4,14,1,3247.2,76,5,3247.1,18,1,3247.0,261,7,3247.7,6,3,3247.8,5,1,3248.1,2,2,3248.2,6,1,3248.3,282,1
11536,2025-12-30 12:02:32+05:30,3247.5,5,3249.15,767343,108729.0,115637.0,3250.0,3257.0,3239.8,3251.5,42877975,3576.6,2926.4,4322.95,2866.6,3247.6,18,2,3247.4,14,1,3247.2,76,5,3247.1,18,1,3247.0,261,7,3247.7,6,3,3247.8,5,1,3248.1,2,2,3248.2,6,1,3248.3,282,1
11536,2025-12-30 12:02:33+05:30,3247.5,27,3249.15,767421,106773.0,115630.0,3250.0,3257.0,3239.8,3251.5,42877975,3576.6,2926.4,4322.95,2866.6,3247.5,9,1,3247.4,37,4,3247.3,18,1,3247.2,59,5,3247.1,33,3,3247.6,6,4,3247.7,9,5,3248.1,1,1,3248.3,282,1,3248.7,175,1
11536,2025-12-30 12:02:33+05:30,3247.5,1,3249.15,767421,106773.0,115630.0,3250.0,3257.0,3239.8,3251.5,42877975,3576.6,2926.4,4322.95,2866.6,3247.5,9,1,3247.4,37,4,3247.3,18,1,3247.2,59,5,3247.1,33,3,3247.6,6,4,3247.7,9,5,3248.1,1,1,3248.3,282,1,3248.7,175,1
11536,2025-12-30 12:02:34+05:30,3247.5,1,3249.15,767469,107573.0,115811.0,3250.0,3257.0,3239.8,3251.5,42877975,3576.6,2926.4,4322.95,2866.6,3247.5,9,3,3247.4,21,3,3247.3,24,2,3247.2,63,6,3247.1,24,2,3247.6,10,7,3247.7,4,3,3248.3,282,1,3248.7,175,1,3248.8,3,1
11536,2025-12-30 12:02:34+05:30,3247.6,1,3249.15,767469,107573.0,115811.0,3250.0,3257.0,3239.8,3251.5,42877975,3576.6,2926.4,4322.95,2866.6,3247.5,9,3,3247.4,21,3,3247.3,24,2,3247.2,63,6,3247.1,24,2,3247.6,10,7,3247.7,4,3,3248.3,282,1,3248.7,175,1,3248.8,3,1
11536,2025-12-30 12:02:35+05:30,3247.4,7,3249.15,767507,107548.0,115663.0,3250.0,3257.0,3239.8,3251.5,42877975,3576.6,2926.4,4322.95,2866.6,3247.4,22,4,3247.2,19,4,3247.1,31,3,3247.0,100,5,3246.9,168,4,3247.6,8,7,3247.7,2,1,3248.3,282,1,3248.5,175,1,3248.8,3,1
11536,2025-12-30 12:02:35+05:30,3248.3,70,3249.15,767507,107548.0,115663.0,3250.0,3257.0,3239.8,3251.5,42877975,3576.6,2926.4,4322.95,2866.6,3247.4,22,4,3247.2,19,4,3247.1,31,3,3247.0,100,5,3246.9,168,4,3247.6,8,7,3247.7,2,1,3248.3,282,1,3248.5,175,1,3248.8,3,1
11536,2025-12-30 12:02:36+05:30,3248.3,70,3249.15,767651,107934.0,115048.0,3250.0,3257.0,3239.8,3251.5,42877975,3576.6,2926.4,4322.95,2866.6,3247.6,1,1,3247.4,58,5,3247.3,45,2,3247.2,344,9,3247.1,169,6,3248.5,62,4,3248.6,467,3,3248.8,3,1,3248.9,29,2,3249.0,16,2
11536,2025-12-30 12:02:37+05:30,3248.5,1,3249.15,767729,107963.0,115153.0,3250.0,3257.0,3239.8,3251.5,42877975,3576.6,2926.4,4322.95,2866.6,3247.6,14,1,3247.4,44,4,3247.3,45,2,3247.2,344,9,3247.1,169,6,3248.5,62,5,3248.6,467,3,3248.8,3,1,3248.9,36,3,3249.0,1,1
11536,2025-12-30 12:02:37+05:30,3247.6,37,3249.15,767729,107963.0,115153.0,3250.0,3257.0,3239.8,3251.5,42877975,3576.6,2926.4,4322.95,2866.6,3247.6,14,1,3247.4,44,4,3247.3,45,2,3247.2,344,9,3247.1,169,6,3248.5,62,5,3248.6,467,3,3248.8,3,1,3248.9,36,3,3249.0,1,1
11536,2025-12-30 12:02:38+05:30,3247.6,1,3249.15,767767,107975.0,115155.0,3250.0,3257.0,3239.8,3251.5,42877975,3576.6,2926.4,4322.95,2866.6,3247.6,9,1,3247.4,46,5,3247.3,56,3,3247.2,344,9,3247.1,169,6,3248.5,64,6,3248.6,467,3,3248.8,3,1,3248.9,36,3,3249.0,1,1
11536,2025-12-30 12:02:38+05:30,3247.5,8,3249.15,767767,107975.0,115155.0,3250.0,3257.0,3239.8,3251.5,42877975,3576.6,2926.4,4322.95,2866.6,3247.6,9,1,3247.4,46,5,3247.3,56,3,3247.2,344,9,3247.1,169,6,3248.5,64,6,3248.6,467,3,3248.8,3,1,3248.9,36,3,3249.0,1,1
11536,2025-12-30 12:02:39+05:30,3247.5,8,3249.15,767776,107341.0,115900.0,3250.0,3257.0,3239.8,3251.5,42877975,3576.6,2926.4,4322.95,2866.6,3247.4,17,4,3247.3,22,2,3247.2,22,3,3247.1,18,2,3247.0,82,4,3247.5,4,2,3247.6,3,1,3248.4,55,2,3248.5,462,5,3248.6,10,1
11536,2025-12-30 12:02:39+05:30,3247.5,8,3249.15,767776,107341.0,115900.0,3250.0,3257.0,3239.8,3251.5,42877975,3576.6,2926.4,4322.95,2866.6,3247.4,17,4,3247.3,22,2,3247.2,22,3,3247.1,18,2,3247.0,82,4,3247.5,4,2,3247.6,3,1,3248.4,55,2,3248.5,462,5,3248.6,10,1
11536,2025-12-30 12:02:40+05:30,3247.4,4,3249.15,767817,107511.0,115788.0,3250.0,3257.0,3239.8,3251.5,42877975,3576.6,2926.4,4322.95,2866.6,3247.4,8,3,3247.3,22,2,3247.2,8,2,3247.1,33,3,3247.0,67,3,3247.6,6,4,3248.2,26,1,3248.3,28,1,3248.4,175,1,3248.5,283,2
11536,2025-12-30 12:02:40+05:30,3248.3,24,3249.15,767817,107511.0,115788.0,3250.0,3257.0,3239.8,3251.5,42877975,3576.6,2926.4,4322.95,2866.6,3247.4,8,3,3247.3,22,2,3247.2,8,2,3247.1,33,3,3247.0,67,3,3247.6,6,4,3248.2,26,1,3248.3,28,1,3248.4,175,1,3248.5,283,2
11536,2025-12-30 12:02:41+05:30,3247.4,2,3249.15,767943,107841.0,115373.0,3250.0,3257.0,3239.8,3251.5,42877975,3576.6,2926.4,4322.95,2866.6,3247.4,32,5,3247.3,36,3,3247.2,37,4,3247.1,292,4,3247.0,281,6,3248.4,494,7,3248.6,10,1,3248.7,8,1,3248.8,3,1,3248.9,18,2
11536,2025-12-30 12:02:41+05:30,3247.4,2,3249.15,767943,107841.0,115373.0,3250.0,3257.0,3239.8,3251.5,42877975,3576.6,2926.4,4322.95,2866.6,3247.4,32,5,3247.3,36,3,3247.2,37,4,3247.1,292,4,3247.0,281,6,3248.4,494,7,3248.6,10,1,3248.7,8,1,3248.8,3,1,3248.9,18,2
11536,2025-12-30 12:02:42+05:30,3247.4,2,3249.15,767943,106889.0,115405.0,3250.0,3257.0,3239.8,3251.5,42877975,3576.6,2926.4,4322.95,2866.6,3247.4,20,4,3247.3,22,2,3247.2,37,4,3247.1,3,1,3247.0,256,4,3248.3,216,4,3248.4,304,8,3248.5,10,1,3248.6,44,2,3248.7,8,1
11536,2025-12-30 12:02:42+05:30,3248.3,4,3249.15,767943,106889.0,115405.0,3250.0,3257.0,3239.8,3251.5,42877975,3576.6,2926.4,4322.95,2866.6,3247.4,20,4,3247.3,22,2,3247.2,37,4,3247.1,3,1,3247.0,256,4,3248.3,216,4,3248.4,304,8,3248.5,10,1,3248.6,44,2,3248.7,8,1
11536,2025-12-30 12:02:43+05:30,3247.4,2,3249.15,767986,106512.0,115524.0,3250.0,3257.0,3239.8,3251.5,42877975,3576.6,2926.4,4322.95,2866.6,3247.4,13,3,3247.3,29,3,3247.2,28,3,3247.1,3,1,3247.0,220,3,3248.1,28,2,3248.2,461,3,3248.3,34,5,3248.4,17,5,3248.5,10,1
11536,2025-12-30 12:02:43+05:30,3247.4,1,3249.15,767986,106512.0,115524.0,3250.0,3257.0,3239.8,3251.5,42877975,3576.6,2926.4,4322.95,2866.6,3247.4,13,3,3247.3,29,3,3247.2,28,3,3247.1,3,1,3247.0,220,3,3248.1,28,2,3248.2,461,3,3248.3,34,5,3248.4,17,5,3248.5,10,1
11536,2025-12-30 12:02:44+05:30,3247.4,1,3249.15,768022,105543.0,115297.0,3250.0,3257.0,3239.8,3251.5,42877975,3576.6,2926.4,4322.95,2866.6,3247.4,28,3,3247.3,29,3,3247.2,28,3,3247.0,220,3,3246.9,103,4,3248.0,27,2,3248.1,33,5,3248.2,282,1,3248.3,19,4,3248.4,1,1
11536,2025-12-30 12:02:44+05:30,3247.4,1,3249.15,768022,105543.0,115297.0,3250.0,3257.0,3239.8,3251.5,42877975,3576.6,2926.4,4322.95,2866.6,3247.4,28,3,3247.3,29,3,3247.2,28,3,3247.0,220,3,3246.9,103,4,3248.0,27,2,3248.1,33,5,3248.2,282,1,3248.3,19,4,3248.4,1,1
11536,2025-12-30 12:02:45+05:30,3247.4,12,3249.15,768045,106907.0,115288.0,3250.0,3257.0,3239.8,3251.5,42877975,3576.6,2926.4,4322.95,2866.6,3247.4,62,4,3247.3,22,2,3247.2,28,3,3247.0,256,4,3246.9,113,5,3248.0,45,8,3248.1,31,4,3248.2,433,2,3248.3,4,2,3248.5,10,1
11536,2025-12-30 12:02:45+05:30,3247.4,12,3249.15,768045,106907.0,115288.0,3250.0,3257.0,3239.8,3251.5,42877975,3576.6,2926.4,4322.95,2866.6,3247.4,62,4,3247.3,22,2,3247.2,28,3,3247.0,256,4,3246.9,113,5,3248.0,45,8,3248.1,31,4,3248.2,433,2,3248.3,4,2,3248.5,10,1
11536,2025-12-30 12:02:46+05:30,3247.4,3,3249.15,768064,106625.0,115300.0,3250.0,3257.0,3239.8,3251.5,42877975,3576.6,2926.4,4322.95,2866.6,3247.4,51,2,3247.3,22,2,3247.2,28,3,3247.1,18,1,3247.0,177,2,3248.0,46,10,3248.1,311,3,3248.2,151,1,3248.3,3,1,3248.5,10,1
11536,2025-12-30 12:02:46+05:30,3247.4,3,3249.15,768064,106625.0,115300.0,3250.0,3257.0,3239.8,3251.5,42877975,3576.6,2926.4,4322.95,2866.6,3247.4,51,2,3247.3,22,2,3247.2,28,3,3247.1,18,1,3247.0,177,2,3248.0,46,10,3248.1,311,3,3248.2,151,1,3248.3,3,1,3248.5,10,1
11536,2025-12-30 12:02:47+05:30,3247.4,4,3249.15,768151,105474.0,115253.0,3250.0,3257.0,3239.8,3251.5,42877975,3576.6,2926.4,4322.95,2866.6,3247.4,28,2,3247.3,22,2,3247.2,28,3,3247.1,18,1,3247.0,177,2,3248.0,50,12,3248.1,28,1,3248.2,151,1,3248.3,285,2,3248.5,10,1
11536,2025-12-30 12:02:47+05:30,3247.4,4,3249.15,768151,105474.0,115253.0,3250.0,3257.0,3239.8,3251.5,42877975,3576.6,2926.4,4322.95,2866.6,3247.4,28,2,3247.3,22,2,3247.2,28,3,3247.1,18,1,3247.0,177,2,3248.0,50,12,3248.1,28,1,3248.2,151,1,3248.3,285,2,3248.5,10,1
11536,2025-12-30 12:02:48+05:30,3247.4,2,3249.15,768162,106717.0,115141.0,3250.0,3257.0,3239.8,3251.5,42877975,3576.6,2926.4,4322.95,2866.6,3247.4,75,5,3247.3,22,2,3247.2,41,4,3247.1,18,1,3247.0,38,3,3248.0,48,10,3248.1,28,1,3248.2,433,2,3248.3,3,1,3248.5,10,1
11536,2025-12-30 12:02:48+05:30,3247.4,2,3249.15,768162,106717.0,115141.0,3250.0,3257.0,3239.8,3251.5,42877975,3576.6,2926.4,4322.95,2866.6,3247.4,75,5,3247.3,22,2,3247.2,41,4,3247.1,18,1,3247.0,38,3,3248.0,48,10,3248.1,28,1,3248.2,433,2,3248.3,3,1,3248.5,10,1
11536,2025-12-30 12:02:49+05:30,3247.4,2,3249.15,768162,106717.0,115141.0,3250.0,3257.0,3239.8,3251.5,42877975,3576.6,2926.4,4322.95,2866.6,3247.4,75,5,3247.3,22,2,3247.2,41,4,3247.1,18,1,3247.0,38,3,3248.0,48,10,3248.1,28,1,3248.2,433,2,3248.3,3,1,3248.5,10,1
11536,2025-12-30 12:02:49+05:30,3247.4,2,3249.15,768194,106697.0,115139.0,3250.0,3257.0,3239.8,3251.5,42877975,3576.6,2926.4,4322.95,2866.6,3247.4,47,3,3247.3,30,3,3247.2,41,4,3247.1,18,1,3247.0,38,3,3248.0,46,10,3248.1,28,1,3248.2,433,2,3248.3,3,1,3248.5,10,1
11536,2025-12-30 12:02:50+05:30,3247.4,2,3249.15,768194,106697.0,115139.0,3250.0,3257.0,3239.8,3251.5,42877975,3576.6,2926.4,4322.95,2866.6,3247.4,47,3,3247.3,30,3,3247.2,41,4,3247.1,18,1,3247.0,38,3,3248.0,46,10,3248.1,28,1,3248.2,433,2,3248.3,3,1,3248.5,10,1
11536,2025-12-30 12:02:50+05:30,3247.4,7,3249.15,768217,106645.0,115164.0,3250.0,3257.0,3239.8,3251.5,42877975,3576.6,2926.4,4322.95,2866.6,3247.4,34,5,3247.3,34,3,3247.2,8,2,3247.1,18,1,3247.0,38,3,3248.0,42,7,3248.1,310,2,3248.2,151,1,3248.3,3,1,3248.5,10,1
11536,2025-12-30 12:02:51+05:30,3247.4,1,3249.15,768217,106645.0,115164.0,3250.0,3257.0,3239.8,3251.5,42877975,3576.6,2926.4,4322.95,2866.6,3247.4,34,5,3247.3,34,3,3247.2,8,2,3247.1,18,1,3247.0,38,3,3248.0,42,7,3248.1,310,2,3248.2,151,1,3248.3,3,1,3248.5,10,1
11536,2025-12-30 12:02:51+05:30,3247.4,3,3249.15,768232,106823.0,115196.0,3250.0,3257.0,3239.8,3251.5,42877975,3576.6,2926.4,4322.95,2866.6,3247.4,19,4,3247.3,22,2,3247.2,8,2,3247.1,18,1,3247.0,38,3,3248.0,74,8,3248.1,310,2,3248.2,151,1,3248.3,3,1,3248.5,10,1
11536,2025-12-30 12:02:52+05:30,3247.4,3,3249.15,768232,106823.0,115196.0,3250.0,3257.0,3239.8,3251.5,42877975,3576.6,2926.4,4322.95,2866.6,3247.4,19,4,3247.3,22,2,3247.2,8,2,3247.1,18,1,3247.0,38,3,3248.0,74,8,3248.1,310,2,3248.2,151,1,3248.3,3,1,3248.5,10,1
11536,2025-12-30 12:02:53+05:30,3247.5,7,3249.15,768244,106827.0,115354.0,3250.0,3257.0,3239.8,3251.5,42877975,3576.6,2926.4,4322.95,2866.6,3247.5,8,1,3247.4,11,3,3247.3,22,2,3247.2,8,2,3247.1,32,2,3248.0,72,6,3248.1,310,2,3248.2,151,1,3248.3,3,1,3248.5,10,1
11536,2025-12-30 12:02:53+05:30,3247.5,7,3249.15,768244,106827.0,115354.0,3250.0,3257.0,3239.8,3251.5,42877975,3576.6,2926.4,4322.95,2866.6,3247.5,8,1,3247.4,11,3,3247.3,22,2,3247.2,8,2,3247.1,32,2,3248.0,72,6,3248.1,310,2,3248.2,151,1,3248.3,3,1,3248.5,10,1
11536,2025-12-30 12:02:54+05:30,3247.5,1,3249.15,768252,106803.0,115375.0,3250.0,3257.0,3239.8,3251.5,42877975,3576.6,2926.4,4322.95,2866.6,3247.5,8,1,3247.4,11,3,3247.3,22,2,3247.2,8,2,3247.1,32,2,3248.0,72,6,3248.1,310,2,3248.2,151,1,3248.3,3,1,3248.5,10,1
11536,2025-12-30 12:02:54+05:30,3248.0,1,3249.15,768252,106803.0,115375.0,3250.0,3257.0,3239.8,3251.5,42877975,3576.6,2926.4,4322.95,2866.6,3247.5,8,1,3247.4,11,3,3247.3,22,2,3247.2,8,2,3247.1,32,2,3248.0,72,6,3248.1,310,2,3248.2,151,1,3248.3,3,1,3248.5,10,1
11536,2025-12-30 12:02:55+05:30,3247.7,3,3249.15,768293,108222.0,115208.0,3250.0,3257.0,3239.8,3251.5,42877975,3576.6,2926.4,4322.95,2866.6,3247.7,5,1,3247.4,11,3,3247.3,22,2,3247.2,8,2,3247.1,32,2,3248.0,38,7,3248.1,54,2,3248.2,151,1,3248.3,285,2,3248.5,10,1
11536,2025-12-30 12:02:55+05:30,3247.7,1,3249.15,768293,108222.0,115208.0,3250.0,3257.0,3239.8,3251.5,42877975,3576.6,2926.4,4322.95,2866.6,3247.7,5,1,3247.4,11,3,3247.3,22,2,3247.2,8,2,3247.1,32,2,3248.0,38,7,3248.1,54,2,3248.2,151,1,3248.3,285,2,3248.5,10,1
11536,2025-12-30 12:02:56+05:30,3247.7,1,3249.15,768310,108328.0,115235.0,3250.0,3257.0,3239.8,3251.5,42877975,3576.6,2926.4,4322.95,2866.6,3247.7,54,3,3247.4,6,2,3247.3,22,2,3247.2,8,2,3247.1,39,2,3248.0,66,12,3248.1,310,2,3248.2,151,1,3248.3,3,1,3248.5,23,2
11536,2025-12-30 12:02:56+05:30,3247.7,12,3249.15,768310,108328.0,115235.0,3250.0,3257.0,3239.8,3251.5,42877975,3576.6,2926.4,4322.95,2866.6,3247.7,54,3,3247.4,6,2,3247.3,22,2,3247.2,8,2,3247.1,39,2,3248.0,66,12,3248.1,310,2,3248.2,151,1,3248.3,3,1,3248.5,23,2
11536,2025-12-30 12:02:57+05:30,3247.7,3,3249.15,768403,108160.0,115331.0,3250.0,3257.0,3239.8,3251.5,42877975,3576.6,2926.4,4322.95,2866.6,3247.7,2,1,3247.4,6,2,3247.3,22,2,3247.2,29,3,3247.1,18,1,3248.0,64,11,3248.1,310,2,3248.2,151,1,3248.3,3,1,3248.5,23,2
11536,2025-12-30 12:02:57+05:30,3247.7,5,3249.15,768403,108160.0,115331.0,3250.0,3257.0,3239.8,3251.5,42877975,3576.6,2926.4,4322.95,2866.6,3247.7,2,1,3247.4,6,2,3247.3,22,2,3247.2,29,3,3247.1,18,1,3248.0,64,11,3248.1,310,2,3248.2,151,1,3248.3,3,1,3248.5,23,2
11536,2025-12-30 12:02:57+05:30,3247.7,6,3249.15,768425,106500.0,115330.0,3250.0,3257.0,3239.8,3251.5,42877975,3576.6,2926.4,4322.95,2866.6,3247.7,5,1,3247.4,6,2,3247.3,22,2,3247.2,8,2,3247.1,18,1,3248.0,65,12,3248.1,310,2,3248.2,151,1,3248.3,16,2,3248.4,13,1
11536,2025-12-30 12:02:58+05:30,3247.7,2,3249.15,768425,106500.0,115330.0,3250.0,3257.0,3239.8,3251.5,42877975,3576.6,2926.4,4322.95,2866.6,3247.7,5,1,3247.4,6,2,3247.3,22,2,3247.2,8,2,3247.1,18,1,3248.0,65,12,3248.1,310,2,3248.2,151,1,3248.3,16,2,3248.4,13,1
11536,2025-12-30 12:02:59+05:30,3247.7,2,3249.15,768432,106225.0,115525.0,3250.0,3257.0,3239.8,3251.5,42877975,3576.6,2926.4,4322.95,2866.6,3247.7,5,1,3247.4,6,2,3247.3,22,2,3247.2,8,2,3247.0,26,2,3248.0,508,15,3248.1,28,1,3248.2,13,1,3248.3,24,3,3248.4,13,1
11536,2025-12-30 12:02:59+05:30,3247.4,1,3249.15,768432,106225.0,115525.0,3250.0,3257.0,3239.8,3251.5,42877975,3576.6,2926.4,4322.95,2866.6,3247.7,5,1,3247.4,6,2,3247.3,22,2,3247.2,8,2,3247.0,26,2,3248.0,508,15,3248.1,28,1,3248.2,13,1,3248.3,24,3,3248.4,13,1
11536,2025-12-30 12:02:59+05:30,3247.4,1,3249.15,768452,105964.0,115666.0,3250.0,3257.0,3239.8,3251.5,42877975,3576.6,2926.4,4322.95,2866.6,3247.4,4,2,3247.3,22,2,3247.2,8,2,3247.0,5,1,3246.8,342,6,3247.6,1,1,3247.7,4,2,3247.8,282,1,3247.9,26,1,3248.0,213,11
11536,2025-12-30 12:03:00+05:30,3247.4,1,3249.15,768452,105964.0,115666.0,3250.0,3257.0,3239.8,3251.5,42877975,3576.6,2926.4,4322.95,2866.6,3247.4,4,2,3247.3,22,2,3247.2,8,2,3247.0,5,1,3246.8,342,6,3247.6,1,1,3247.7,4,2,3247.8,282,1,3247.9,26,1,3248.0,213,11
11536,2025-12-30 12:03:01+05:30,3247.4,1,3249.15,768475,104936.0,115707.0,3250.0,3257.0,3239.8,3251.5,42877975,3576.6,2926.4,4322.95,2866.6,3247.4,8,2,3247.3,22,2,3247.2,8,2,3247.0,5,1,3246.8,296,4,3247.6,6,6,3247.7,4,2,3247.8,282,1,3247.9,26,1,3248.0,206,5
11536,2025-12-30 12:03:01+05:30,3247.4,1,3249.15,768475,104936.0,115707.0,3250.0,3257.0,3239.8,3251.5,42877975,3576.6,2926.4,4322.95,2866.6,3247.4,8,2,3247.3,22,2,3247.2,8,2,3247.0,5,1,3246.8,296,4,3247.6,6,6,3247.7,4,2,3247.8,282,1,3247.9,26,1,3248.0,206,5
11536,2025-12-30 12:03:01+05:30,3247.4,1,3249.15,768492,104936.0,115358.0,3250.0,3257.0,3239.8,3251.5,42877975,3576.6,2926.4,4322.95,2866.6,3247.4,8,2,3247.3,22,2,3247.2,8,2,3247.0,5,1,3246.8,296,4,3247.6,9,9,3248.0,205,4,3248.2,26,1,3248.3,3,1,3248.4,13,1
11536,2025-12-30 12:03:02+05:30,3247.4,5,3249.15,768492,104936.0,115358.0,3250.0,3257.0,3239.8,3251.5,42877975,3576.6,2926.4,4322.95,2866.6,3247.4,8,2,3247.3,22,2,3247.2,8,2,3247.0,5,1,3246.8,296,4,3247.6,9,9,3248.0,205,4,3248.2,26,1,3248.3,3,1,3248.4,13,1
11536,2025-12-30 12:03:02+05:30,3247.4,1,3249.15,768500,104961.0,115309.0,3250.0,3257.0,3239.8,3251.5,42877975,3576.6,2926.4,4322.95,2866.6,3247.4,9,2,3247.3,30,3,3247.2,8,2,3247.0,5,1,3246.9,12,1,3247.6,8,8,3248.0,79,3,3248.1,151,1,3248.3,3,1,3248.5,48,3
11536,2025-12-30 12:03:03+05:30,3247.4,3,3249.15,768500,104961.0,115309.0,3250.0,3257.0,3239.8,3251.5,42877975,3576.6,2926.4,4322.95,2866.6,3247.4,9,2,3247.3,30,3,3247.2,8,2,3247.0,5,1,3246.9,12,1,3247.6,8,8,3248.0,79,3,3248.1,151,1,3248.3,3,1,3248.5,48,3
11536,2025-12-30 12:03:03+05:30,3247.4,2,3249.15,768509,106193.0,115507.0,3250.0,3257.0,3239.8,3251.5,42877975,3576.6,2926.4,4322.95,2866.6,3247.4,2,1,3247.3,30,3,3247.2,8,2,3247.0,5,1,3246.8,132,3,3247.6,42,9,3247.9,282,1,3248.0,54,2,3248.1,151,1,3248.3,3,1
11536,2025-12-30 12:03:04+05:30,3247.4,3,3249.15,768509,106193.0,115507.0,3250.0,3257.0,3239.8,3251.5,42877975,3576.6,2926.4,4322.95,2866.6,3247.4,2,1,3247.3,30,3,3247.2,8,2,3247.0,5,1,3246.8,132,3,3247.6,42,9,3247.9,282,1,3248.0,54,2,3248.1,151,1,3248.3,3,1
11536,2025-12-30 12:03:04+05:30,3247.4,3,3249.15,768517,106245.0,115171.0,3250.0,3257.0,3239.8,3251.5,42877975,3576.6,2926.4,4322.95,2866.6,3247.4,62,3,3247.3,22,2,3247.2,8,2,3247.0,5,1,3246.8,132,3,3247.6,42,9,3247.8,26,1,3247.9,309,2,3248.1,151,1,3248.3,3,1
11536,2025-12-30 12:03:05+05:30,3247.4,1,3249.15,768517,106245.0,115171.0,3250.0,3257.0,3239.8,3251.5,42877975,3576.6,2926.4,4322.95,2866.6,3247.4,62,3,3247.3,22,2,3247.2,8,2,3247.0,5,1,3246.8,132,3,3247.6,42,9,3247.8,26,1,3247.9,309,2,3248.1,151,1,3248.3,3,1
11536,2025-12-30 12:03:05+05:30,3247.4,1,3249.15,768521,106053.0,115363.0,3250.0,3257.0,3239.8,3251.5,42877975,3576.6,2926.4,4322.95,2866.6,3247.4,59,3,3247.3,22,2,3247.2,8,2,3247.0,5,1,3246.8,120,2,3247.6,42,9,3247.8,26,1,3247.9,309,2,3248.0,151,1,3248.1,12,1
11536,2025-12-30 12:03:06+05:30,3247.4,1,3249.15,768521,106053.0,115363.0,3250.0,3257.0,3239.8,3251.5,42877975,3576.6,2926.4,4322.95,2866.6,3247.4,59,3,3247.3,22,2,3247.2,8,2,3247.0,5,1,3246.8,120,2,3247.6,42,9,3247.8,26,1,3247.9,309,2,3248.0,151,1,3248.1,12,1
11536,2025-12-30 12:03:06+05:30,3247.4,1,3249.15,768525,106205.0,115363.0,3250.0,3257.0,3239.8,3251.5,42877975,3576.6,2926.4,4322.95,2866.6,3247.5,8,1,3247.4,47,2,3247.3,22,2,3247.2,8,2,3247.0,5,1,3247.6,54,8,3247.8,26,1,3247.9,309,2,3248.0,151,1,3248.1,12,1
11536,2025-12-30 12:03:07+05:30,3247.4,3,3249.15,768525,106205.0,115363.0,3250.0,3257.0,3239.8,3251.5,42877975,3576.6,2926.4,4322.95,2866.6,3247.5,8,1,3247.4,47,2,3247.3,22,2,3247.2,8,2,3247.0,5,1,3247.6,54,8,3247.8,26,1,3247.9,309,2,3248.0,151,1,3248.1,12,1
11536,2025-12-30 12:03:07+05:30,3247.4,3,3249.15,768719,106602.0,115122.0,3250.0,3257.0,3239.8,3251.5,42877975,3576.6,2926.4,4322.95,2866.6,3247.4,44,2,3247.3,22,2,3247.2,8,2,3247.0,5,1,3246.9,3,1,3247.5,12,3,3247.9,27,1,3248.0,177,2,3248.1,282,1,3248.3,3,1
11536,2025-12-30 12:03:08+05:30,3247.4,1,3249.15,768720,106651.0,115128.0,3250.0,3257.0,3239.8,3251.5,42877975,3576.6,2926.4,4322.95,2866.6,3247.4,43,2,3247.3,22,2,3247.2,8,2,3247.0,5,1,3246.9,3,1,3247.5,14,5,3247.9,53,2,3248.0,152,2,3248.1,282,1,3248.3,3,1
11536,2025-12-30 12:03:09+05:30,3247.5,1,3249.15,768720,106651.0,115128.0,3250.0,3257.0,3239.8,3251.5,42877975,3576.6,2926.4,4322.95,2866.6,3247.4,43,2,3247.3,22,2,3247.2,8,2,3247.0,5,1,3246.9,3,1,3247.5,14,5,3247.9,53,2,3248.0,152,2,3248.1,282,1,3248.3,3,1
11536,2025-12-30 12:03:09+05:30,3247.5,1,3249.15,768795,106199.0,115122.0,3250.0,3257.0,3239.8,3251.5,42877975,3576.6,2926.4,4322.95,2866.6,3247.4,11,2,3247.3,22,2,3247.2,8,2,3247.0,5,1,3246.9,3,1,3247.5,1,1,3247.9,27,1,3248.0,178,3,3248.1,282,1,3248.3,15,2
11536,2025-12-30 12:03:10+05:30,3247.4,6,3249.15,768795,106199.0,115122.0,3250.0,3257.0,3239.8,3251.5,42877975,3576.6,2926.4,4322.95,2866.6,3247.4,11,2,3247.3,22,2,3247.2,8,2,3247.0,5,1,3246.9,3,1,3247.5,1,1,3247.9,27,1,3248.0,178,3,3248.1,282,1,3248.3,15,2
11536,2025-12-30 12:03:10+05:30,3247.4,6,3249.15,768812,106203.0,115128.0,3250.0,3257.0,3239.8,3251.5,42877975,3576.6,2926.4,4322.95,2866.6,3247.4,6,1,3247.3,27,3,3247.2,8,2,3247.0,5,1,3246.9,3,1,3247.5,7,4,3247.9,27,1,3248.0,178,3,3248.1,282,1,3248.3,15,2
11536,2025-12-30 12:03:11+05:30,3247.4,4,3249.15,768812,106203.0,115128.0,3250.0,3257.0,3239.8,3251.5,42877975,3576.6,2926.4,4322.95,2866.6,3247.4,6,1,3247.3,27,3,3247.2,8,2,3247.0,5,1,3246.9,3,1,3247.5,7,4,3247.9,27,1,3248.0,178,3,3248.1,282,1,3248.3,15,2
11536,2025-12-30 12:03:11+05:30,3247.4,4,3249.15,768816,106408.0,115122.0,3250.0,3257.0,3239.8,3251.5,42877975,3576.6,2926.4,4322.95,2866.6,3247.4,2,1,3247.3,27,3,3247.2,8,2,3247.0,5,1,3246.9,3,1,3247.5,8,5,3247.9,27,1,3248.0,178,3,3248.1,282,1,3248.3,15,2
11536,2025-12-30 12:03:12+05:30,3247.5,2,3249.15,768816,106408.0,115122.0,3250.0,3257.0,3239.8,3251.5,42877975,3576.6,2926.4,4322.95,2866.6,3247.4,2,1,3247.3,27,3,3247.2,8,2,3247.0,5,1,3246.9,3,1,3247.5,8,5,3247.9,27,1,3248.0,178,3,3248.1,282,1,3248.3,15,2
11536,2025-12-30 12:03:12+05:30,3247.4,5,3249.15,768846,106275.0,114838.0,3250.0,3257.0,3239.8,3251.5,42877975,3576.6,2926.4,4322.95,2866.6,3247.4,11,2,3247.3,22,2,3247.2,8,2,3247.1,19,1,3247.0,24,2,3247.5,6,5,3247.9,27,1,3248.0,178,3,3248.3,15,2,3248.5,38,2
11536,2025-12-30 12:03:13+05:30,3247.4,1,3249.15,768846,106275.0,114838.0,3250.0,3257.0,3239.8,3251.5,42877975,3576.6,2926.4,4322.95,2866.6,3247.4,11,2,3247.3,22,2,3247.2,8,2,3247.1,19,1,3247.0,24,2,3247.5,6,5,3247.9,27,1,3248.0,178,3,3248.3,15,2,3248.5,38,2
11536,2025-12-30 12:03:13+05:30,3247.4,3,3249.15,768862,105133.0,114858.0,3250.0,3257.0,3239.8,3251.5,42877975,3576.6,2926.4,4322.95,2866.6,3247.4,8,2,3247.3,22,2,3247.2,8,2,3247.0,5,1,3246.9,26,2,3247.5,6,6,3247.9,27,1,3248.0,178,3,3248.3,15,2,3248.5,38,2
11536,2025-12-30 12:03:14+05:30,3247.4,4,3249.15,768862,105133.0,114858.0,3250.0,3257.0,3239.8,3251.5,42877975,3576.6,2926.4,4322.95,2866.6,3247.4,8,2,3247.3,22,2,3247.2,8,2,3247.0,5,1,3246.9,26,2,3247.5,6,6,3247.9,27,1,3248.0,178,3,3248.3,15,2,3248.5,38,2
11536,2025-12-30 12:03:14+05:30,3247.5,1,3249.15,768886,106019.0,115175.0,3250.0,3257.0,3239.8,3251.5,42877975,3576.6,2926.4,4322.95,2866.6,3247.5,4,1,3247.3,22,2,3247.2,8,2,3247.0,5,1,3246.9,3,1,3247.9,27,1,3248.0,460,4,3248.3,15,2,3248.4,8,1,3248.5,38,2
11536,2025-12-30 12:03:15+05:30,3247.9,2,3249.15,768886,106019.0,115175.0,3250.0,3257.0,3239.8,3251.5,42877975,3576.6,2926.4,4322.95,2866.6,3247.5,4,1,3247.3,22,2,3247.2,8,2,3247.0,5,1,3246.9,3,1,3247.9,27,1,3248.0,460,4,3248.3,15,2,3248.4,8,1,3248.5,38,2
11536,2025-12-30 12:03:15+05:30,3247.9,2,3249.15,768920,106882.0,115101.0,3250.0,3257.0,3239.8,3251.5,42877975,3576.6,2926.4,4322.95,2866.6,3247.5,4,1,3247.3,22,2,3247.2,8,2,3247.0,5,1,3246.9,3,1,3247.9,1,1,3248.0,460,4,3248.3,3,1,3248.4,27,1,3248.5,50,3
11536,2025-12-30 12:03:16+05:30,3247.9,1,3249.15,768920,106882.0,115101.0,3250.0,3257.0,3239.8,3251.5,42877975,3576.6,2926.4,4322.95,2866.6,3247.5,4,1,3247.3,22,2,3247.2,8,2,3247.0,5,1,3246.9,3,1,3247.9,1,1,3248.0,460,4,3248.3,3,1,3248.4,27,1,3248.5,50,3
11536,2025-12-30 12:03:16+05:30,3247.9,1,3249.15,768921,107034.0,115094.0,3250.0,3257.0,3239.8,3251.5,42877975,3576.6,2926.4,4322.95,2866.6,3247.6,4,1,3247.3,22,2,3247.2,8,2,3247.0,5,1,3246.9,3,1,3247.9,2,2,3248.0,460,4,3248.2,27,1,3248.3,3,1,3248.4,12,1
11536,2025-12-30 12:03:17+05:30,3247.6,2,3249.15,768921,107034.0,115094.0,3250.0,3257.0,3239.8,3251.5,42877975,3576.6,2926.4,4322.95,2866.6,3247.6,4,1,3247.3,22,2,3247.2,8,2,3247.0,5,1,3246.9,3,1,3247.9,2,2,3248.0,460,4,3248.2,27,1,3248.3,3,1,3248.4,12,1
11536,2025-12-30 12:03:17+05:30,3247.6,2,3249.15,769022,107561.0,114692.0,3250.0,3257.0,3239.8,3251.5,42877975,3576.6,2926.4,4322.95,2866.6,3247.6,1,1,3247.3,24,3,3247.2,8,2,3247.0,5,1,3246.8,352,6,3247.9,2,2,3248.0,179,3,3248.2,27,1,3248.3,15,2,3248.5,38,2
11536,2025-12-30 12:03:18+05:30,3247.3,1,3249.15,769022,107561.0,114692.0,3250.0,3257.0,3239.8,3251.5,42877975,3576.6,2926.4,4322.95,2866.6,3247.6,1,1,3247.3,24,3,3247.2,8,2,3247.0,5,1,3246.8,352,6,3247.9,2,2,3248.0,179,3,3248.2,27,1,3248.3,15,2,3248.5,38,2
11536,2025-12-30 12:03:18+05:30,3247.3,4,3249.15,769038,106404.0,115173.0,3250.0,3257.0,3239.8,3251.5,42877975,3576.6,2926.4,4322.95,2866.6,3247.3,20,3,3247.2,8,2,3247.0,41,2,3246.8,322,4,3246.7,83,4,3247.9,7,6,3248.0,461,4,3248.2,27,1,3248.3,3,1,3248.5,38,2
11536,2025-12-30 12:03:19+05:30,3247.3,4,3249.15,769038,106404.0,115173.0,3250.0,3257.0,3239.8,3251.5,42877975,3576.6,2926.4,4322.95,2866.6,3247.3,20,3,3247.2,8,2,3247.0,41,2,3246.8,322,4,3246.7,83,4,3247.9,7,6,3248.0,461,4,3248.2,27,1,3248.3,3,1,3248.5,38,2
11536,2025-12-30 12:03:19+05:30,3247.9,1,3249.15,769054,104779.0,115189.0,3250.0,3257.0,3239.8,3251.5,42877975,3576.6,2926.4,4322.95,2866.6,3247.3,18,3,3247.2,8,2,3247.0,5,1,3246.8,64,2,3246.7,47,3,3247.9,314,7,3248.0,179,3,3248.1,34,2,3248.2,12,1,3248.3,3,1
11536,2025-12-30 12:03:20+05:30,3247.9,1,3249.15,769054,104779.0,115189.0,3250.0,3257.0,3239.8,3251.5,42877975,3576.6,2926.4,4322.95,2866.6,3247.3,18,3,3247.2,8,2,3247.0,5,1,3246.8,64,2,3246.7,47,3,3247.9,314,7,3248.0,179,3,3248.1,34,2,3248.2,12,1,3248.3,3,1
11536,2025-12-30 12:03:20+05:30,3247.3,2,3249.15,769066,106203.0,115109.0,3250.0,3257.0,3239.8,3251.5,42877975,3576.6,2926.4,4322.95,2866.6,3247.3,18,3,3247.2,8,2,3247.0,5,1,3246.8,64,2,3246.7,47,3,3247.9,6,6,3248.0,179,3,3248.1,282,1,3248.2,27,1,3248.3,25,2
11536,2025-12-30 12:03:21+05:30,3247.3,1,3249.15,769066,106203.0,115109.0,3250.0,3257.0,3239.8,3251.5,42877975,3576.6,2926.4,4322.95,2866.6,3247.3,18,3,3247.2,8,2,3247.0,5,1,3246.8,64,2,3246.7,47,3,3247.9,6,6,3248.0,179,3,3248.1,282,1,3248.2,27,1,3248.3,25,2
11536,2025-12-30 12:03:21+05:30,3247.9,1,3249.15,769068,106409.0,115101.0,3250.0,3257.0,3239.8,3251.5,42877975,3576.6,2926.4,4322.95,2866.6,3247.3,68,4,3247.2,8,2,3247.0,5,1,3246.8,220,3,3246.7,441,5,3247.9,33,7,3248.0,461,4,3248.2,12,1,3248.3,25,2,3248.4,12,1
11536,2025-12-30 12:03:22+05:30,3247.3,1,3249.15,769068,106409.0,115101.0,3250.0,3257.0,3239.8,3251.5,42877975,3576.6,2926.4,4322.95,2866.6,3247.3,68,4,3247.2,8,2,3247.0,5,1,3246.8,220,3,3246.7,441,5,3247.9,33,7,3248.0,461,4,3248.2,12,1,3248.3,25,2,3248.4,12,1
11536,2025-12-30 12:03:22+05:30,3247.3,1,3249.15,769074,106444.0,115120.0,3250.0,3257.0,3239.8,3251.5,42877975,3576.6,2926.4,4322.95,2866.6,3247.3,75,4,3247.2,19,3,3247.0,16,2,3246.8,64,2,3246.7,211,5,3247.9,6,6,3248.0,461,4,3248.2,27,1,3248.3,25,2,3248.5,38,2
11536,2025-12-30 12:03:23+05:30,3247.3,1,3249.15,769074,106444.0,115120.0,3250.0,3257.0,3239.8,3251.5,42877975,3576.6,2926.4,4322.95,2866.6,3247.3,75,4,3247.2,19,3,3247.0,16,2,3246.8,64,2,3246.7,211,5,3247.9,6,6,3248.0,461,4,3248.2,27,1,3248.3,25,2,3248.5,38,2
11536,2025-12-30 12:03:23+05:30,3247.3,1,3249.15,769082,106448.0,115064.0,3250.0,3257.0,3239.8,3251.5,42877975,3576.6,2926.4,4322.95,2866.6,3247.3,75,5,3247.2,8,2,3247.0,16,2,3246.8,79,3,3246.7,247,6,3247.9,5,5,3248.0,461,4,3248.2,27,1,3248.3,25,2,3248.5,38,2
11536,2025-12-30 12:03:24+05:30,3247.9,21,3249.15,769082,106448.0,115064.0,3250.0,3257.0,3239.8,3251.5,42877975,3576.6,2926.4,4322.95,2866.6,3247.3,75,5,3247.2,8,2,3247.0,16,2,3246.8,79,3,3246.7,247,6,3247.9,5,5,3248.0,461,4,3248.2,27,1,3248.3,25,2,3248.5,38,2
11536,2025-12-30 12:03:24+05:30,3247.9,21,3249.15,769112,108037.0,115072.0,3250.0,3257.0,3239.8,3251.5,42877975,3576.6,2926.4,4322.95,2866.6,3247.9,4,1,3247.3,66,4,3247.2,16,3,3247.1,43,1,3247.0,226,4,3248.0,181,5,3248.1,27,1,3248.2,282,1,3248.3,3,1,3248.6,26,2
11536,2025-12-30 12:03:25+05:30,3248.0,1,3249.15,769112,108037.0,115072.0,3250.0,3257.0,3239.8,3251.5,42877975,3576.6,2926.4,4322.95,2866.6,3247.9,4,1,3247.3,66,4,3247.2,16,3,3247.1,43,1,3247.0,226,4,3248.0,181,5,3248.1,27,1,3248.2,282,1,3248.3,3,1,3248.6,26,2
11536,2025-12-30 12:03:25+05:30,3247.9,1,3249.15,769114,108045.0,115104.0,3250.0,3257.0,3239.8,3251.5,42877975,3576.6,2926.4,4322.95,2866.6,3247.9,3,1,3247.3,66,4,3247.2,16,3,3247.1,43,1,3247.0,226,4,3248.0,182,7,3248.1,27,1,3248.2,282,1,3248.3,3,1,3248.6,26,2
11536,2025-12-30 12:03:26+05:30,3247.9,9,3249.15,769114,108045.0,115104.0,3250.0,3257.0,3239.8,3251.5,42877975,3576.6,2926.4,4322.95,2866.6,3247.9,3,1,3247.3,66,4,3247.2,16,3,3247.1,43,1,3247.0,226,4,3248.0,182,7,3248.1,27,1,3248.2,282,1,3248.3,3,1,3248.6,26,2
11536,2025-12-30 12:03:26+05:30,3247.9,9,3249.15,769130,108087.0,115059.0,3250.0,3257.0,3239.8,3251.5,42877975,3576.6,2926.4,4322.95,2866.6,3247.9,8,1,3247.3,66,4,3247.2,8,2,3247.1,18,1,3247.0,227,5,3248.0,458,9,3248.1,27,1,3248.3,3,1,3248.6,26,2,3248.8,45,3
11536,2025-12-30 12:03:27+05:30,3247.9,1,3249.15,769130,108087.0,115059.0,3250.0,3257.0,3239.8,3251.5,42877975,3576.6,2926.4,4322.95,2866.6,3247.9,8,1,3247.3,66,4,3247.2,8,2,3247.1,18,1,3247.0,227,5,3248.0,458,9,3248.1,27,1,3248.3,3,1,3248.6,26,2,3248.8,45,3
11536,2025-12-30 12:03:27+05:30,3247.9,1,3249.15,769242,106656.0,114764.0,3250.0,3257.0,3239.8,3251.5,42877975,3576.6,2926.4,4322.95,2866.6,3247.3,29,4,3247.2,18,3,3247.1,143,4,3247.0,259,6,3246.9,133,6,3248.0,149,7,3248.3,29,2,3248.6,27,1,3248.8,32,2,3248.9,58,3
11536,2025-12-30 12:03:28+05:30,3247.3,1,3249.15,769242,106656.0,114764.0,3250.0,3257.0,3239.8,3251.5,42877975,3576.6,2926.4,4322.95,2866.6,3247.3,29,4,3247.2,18,3,3247.1,143,4,3247.0,259,6,3246.9,133,6,3248.0,149,7,3248.3,29,2,3248.6,27,1,3248.8,32,2,3248.9,58,3
11536,2025-12-30 12:03:28+05:30,3247.3,3,3249.15,769252,106574.0,115152.0,3250.0,3257.0,3239.8,3251.5,42877975,3576.6,2926.4,4322.95,2866.6,3247.3,14,3,3247.2,8,2,3247.1,18,1,3247.0,240,5,3246.9,89,4,3248.0,434,10,3248.1,27,1,3248.2,26,1,3248.3,3,1,3248.6,7,1
11536,2025-12-30 12:03:29+05:30,3247.3,1,3249.15,769252,106574.0,115152.0,3250.0,3257.0,3239.8,3251.5,42877975,3576.6,2926.4,4322.95,2866.6,3247.3,14,3,3247.2,8,2,3247.1,18,1,3247.0,240,5,3246.9,89,4,3248.0,434,10,3248.1,27,1,3248.2,26,1,3248.3,3,1,3248.6,7,1
11536,2025-12-30 12:03:29+05:30,3247.3,4,3249.15,769270,105818.0,116664.0,3250.0,3257.0,3239.8,3251.5,42877975,3576.6,2926.4,4322.95,2866.6,3247.3,20,3,3247.2,8,2,3247.0,5,1,3246.8,21,1,3246.7,67,4,3247.8,143,1,3247.9,330,4,3248.0,31,6,3248.2,11,1,3248.3,6,2
11536,2025-12-30 12:03:30+05:30,3247.8,1,3249.15,769270,105818.0,116664.0,3250.0,3257.0,3239.8,3251.5,42877975,3576.6,2926.4,4322.95,2866.6,3247.3,20,3,3247.2,8,2,3247.0,5,1,3246.8,21,1,3246.7,67,4,3247.8,143,1,3247.9,330,4,3248.0,31,6,3248.2,11,1,3248.3,6,2
11536,2025-12-30 12:03:30+05:30,3247.3,2,3249.15,769274,105838.0,116575.0,3250.0,3257.0,3239.8,3251.5,42877975,3576.6,2926.4,4322.95,2866.6,3247.3,17,3,3247.2,12,3,3247.0,5,1,3246.8,21,1,3246.7,45,3,3247.8,173,6,3247.9,318,3,3248.0,3,3,3248.1,24,2,3248.2,11,1
11536,2025-12-30 12:03:31+05:30,3247.8,1,3249.15,769274,105838.0,116575.0,3250.0,3257.0,3239.8,3251.5,42877975,3576.6,2926.4,4322.95,2866.6,3247.3,17,3,3247.2,12,3,3247.0,5,1,3246.8,21,1,3246.7,45,3,3247.8,173,6,3247.9,318,3,3248.0,3,3,3248.1,24,2,3248.2,11,1
11536,2025-12-30 12:03:31+05:30,3247.3,2,3249.15,769286,105836.0,116635.0,3250.0,3257.0,3239.8,3251.5,42877975,3576.6,2926.4,4322.95,2866.6,3247.3,21,3,3247.2,23,4,3247.0,5,1,3246.8,21,1,3246.7,45,3,3247.8,186,9,3247.9,322,4,3248.0,12,2,3248.1,7,1,3248.2,11,1
11536,2025-12-30 12:03:32+05:30,3247.4,1,3249.15,769286,105836.0,116635.0,3250.0,3257.0,3239.8,3251.5,42877975,3576.6,2926.4,4322.95,2866.6,3247.3,21,3,3247.2,23,4,3247.0,5,1,3246.8,21,1,3246.7,45,3,3247.8,186,9,3247.9,322,4,3248.0,12,2,3248.1,7,1,3248.2,11,1
11536,2025-12-30 12:03:32+05:30,3247.4,1,3249.15,769292,106048.0,116759.0,3250.0,3257.0,3239.8,3251.5,42877975,3576.6,2926.4,4322.95,2866.6,3247.4,14,1,3247.3,74,5,3247.2,73,4,3247.0,5,1,3246.8,21,1,3247.8,442,10,3247.9,67,4,3248.0,2,2,3248.1,11,1,3248.3,51,4
11536,2025-12-30 12:03:33+05:30,3247.4,1,3249.15,769292,106048.0,116759.0,3250.0,3257.0,3239.8,3251.5,42877975,3576.6,2926.4,4322.95,2866.6,3247.4,14,1,3247.3,74,5,3247.2,73,4,3247.0,5,1,3246.8,21,1,3247.8,442,10,3247.9,67,4,3248.0,2,2,3248.1,11,1,3248.3,51,4
11536,2025-12-30 12:03:33+05:30,3247.8,122,3249.15,769437,106067.0,116506.0,3250.0,3257.0,3239.8,3251.5,42877975,3576.6,2926.4,4322.95,2866.6,3247.4,8,1,3247.3,75,6,3247.2,73,4,3247.0,5,1,3246.8,24,2,3247.8,425,6,3247.9,30,2,3248.0,2,2,3248.1,27,1,3248.3,46,5
11536,2025-12-30 12:03:34+05:30,3247.4,1,3249.15,769437,106067.0,116506.0,3250.0,3257.0,3239.8,3251.5,42877975,3576.6,2926.4,4322.95,2866.6,3247.4,8,1,3247.3,75,6,3247.2,73,4,3247.0,5,1,3246.8,24,2,3247.8,425,6,3247.9,30,2,3248.0,2,2,3248.1,27,1,3248.3,46,5
11536,2025-12-30 12:03:34+05:30,3247.4,1,3249.15,769438,106178.0,116462.0,3250.0,3257.0,3239.8,3251.5,42877975,3576.6,2926.4,4322.95,2866.6,3247.5,4,1,3247.4,7,1,3247.3,71,5,3247.2,73,4,3247.0,105,2,3247.8,432,7,3247.9,57,3,3248.0,2,2,3248.3,35,4,3248.4,11,1
11536,2025-12-30 12:03:35+05:30,3247.5,1,3249.15,769438,106178.0,116462.0,3250.0,3257.0,3239.8,3251.5,42877975,3576.6,2926.4,4322.95,2866.6,3247.5,4,1,3247.4,7,1,3247.3,71,5,3247.2,73,4,3247.0,105,2,3247.8,432,7,3247.9,57,3,3248.0,2,2,3248.3,35,4,3248.4,11,1
11536,2025-12-30 12:03:35+05:30,3247.5,1,3249.15,769442,105557.0,116500.0,3250.0,3257.0,3239.8,3251.5,42877975,3576.6,2926.4,4322.95,2866.6,3247.5,1,1,3247.4,7,1,3247.3,71,5,3247.2,73,4,3247.0,105,2,3247.8,468,9,3247.9,30,2,3248.0,13,3,3248.2,11,1,3248.3,35,4
11536,2025-12-30 12:03:36+05:30,3247.5,35,3249.15,769442,105557.0,116500.0,3250.0,3257.0,3239.8,3251.5,42877975,3576.6,2926.4,4322.95,2866.6,3247.5,1,1,3247.4,7,1,3247.3,71,5,3247.2,73,4,3247.0,105,2,3247.8,468,9,3247.9,30,2,3248.0,13,3,3248.2,11,1,3248.3,35,4
11536,2025-12-30 12:03:37+05:30,3247.3,5,3249.15,769506,105833.0,116440.0,3250.0,3257.0,3239.8,3251.5,42877975,3576.6,2926.4,4322.95,2866.6,3247.3,74,5,3247.2,73,4,3247.0,105,2,3246.7,2,2,3246.6,26,3,3247.4,3,3,3247.5,290,4,3247.6,165,2,3247.7,11,1,3247.8,29,4
11536,2025-12-30 12:03:37+05:30,3247.4,1,3249.15,769506,105833.0,116440.0,3250.0,3257.0,3239.8,3251.5,42877975,3576.6,2926.4,4322.95,2866.6,3247.3,74,5,3247.2,73,4,3247.0,105,2,3246.7,2,2,3246.6,26,3,3247.4,3,3,3247.5,290,4,3247.6,165,2,3247.7,11,1,3247.8,29,4
11536,2025-12-30 12:03:37+05:30,3247.3,2,3249.15,769510,105819.0,116489.0,3250.0,3257.0,3239.8,3251.5,42877975,3576.6,2926.4,4322.95,2866.6,3247.3,76,6,3247.2,73,4,3247.0,105,2,3246.7,2,2,3246.6,26,3,3247.4,13,6,3247.5,8,3,3247.6,309,2,3247.7,164,2,3247.8,2,2
11536,2025-12-30 12:03:38+05:30,3247.3,17,3249.15,769510,105819.0,116489.0,3250.0,3257.0,3239.8,3251.5,42877975,3576.6,2926.4,4322.95,2866.6,3247.3,76,6,3247.2,73,4,3247.0,105,2,3246.7,2,2,3246.6,26,3,3247.4,13,6,3247.5,8,3,3247.6,309,2,3247.7,164,2,3247.8,2,2
11536,2025-12-30 12:03:38+05:30,3247.3,4,3249.15,769745,105291.0,116647.0,3250.0,3257.0,3239.8,3251.5,42877975,3576.6,2926.4,4322.95,2866.6,3247.2,73,4,3247.0,105,2,3246.7,2,2,3246.6,26,3,3246.5,28,1,3247.3,5,2,3247.4,14,7,3247.5,1,1,3247.6,309,2,3247.7,164,2
11536,2025-12-30 12:03:39+05:30,3247.2,5,3249.15,769745,105291.0,116647.0,3250.0,3257.0,3239.8,3251.5,42877975,3576.6,2926.4,4322.95,2866.6,3247.2,73,4,3247.0,105,2,3246.7,2,2,3246.6,26,3,3246.5,28,1,3247.3,5,2,3247.4,14,7,3247.5,1,1,3247.6,309,2,3247.7,164,2
11536,2025-12-30 12:03:39+05:30,3247.2,1,3249.15,769870,104893.0,116806.0,3250.0,3257.0,3239.8,3251.5,42877975,3576.6,2926.4,4322.95,2866.6,3247.2,12,3,3247.0,105,2,3246.7,2,2,3246.6,5,2,3246.5,28,1,3247.3,44,7,3247.4,2,2,3247.6,316,3,3247.7,175,3,3247.8,7,1
11536,2025-12-30 12:03:40+05:30,3247.0,1,3249.15,769870,104893.0,116806.0,3250.0,3257.0,3239.8,3251.5,42877975,3576.6,2926.4,4322.95,2866.6,3247.2,12,3,3247.0,105,2,3246.7,2,2,3246.6,5,2,3246.5,28,1,3247.3,44,7,3247.4,2,2,3247.6,316,3,3247.7,175,3,3247.8,7,1
11536,2025-12-30 12:03:41+05:30,3247.0,7,3249.15,770010,104817.0,117385.0,3250.0,3257.0,3239.8,3251.5,42877975,3576.6,2926.4,4322.95,2866.6,3247.0,92,1,3246.7,2,2,3246.6,5,2,3246.3,43,1,3246.2,220,5,3247.1,63,3,3247.3,324,7,3247.4,26,1,3247.5,25,1,3247.6,145,2
11536,2025-12-30 12:03:41+05:30,3247.0,37,3249.15,770010,104817.0,117385.0,3250.0,3257.0,3239.8,3251.5,42877975,3576.6,2926.4,4322.95,2866.6,3247.0,92,1,3246.7,2,2,3246.6,5,2,3246.3,43,1,3246.2,220,5,3247.1,63,3,3247.3,324,7,3247.4,26,1,3247.5,25,1,3247.6,145,2
11536,2025-12-30 12:03:42+05:30,3247.1,1,3249.15,770134,104702.0,117371.0,3250.0,3257.0,3239.8,3251.5,42877975,3576.6,2926.4,4322.95,2866.6,3247.0,43,1,3246.7,2,2,3246.6,5,2,3246.3,43,1,3246.2,220,5,3247.1,11,6,3247.3,316,4,3247.4,63,3,3247.5,138,1,3247.6,12,1
11536,2025-12-30 12:03:42+05:30,3247.0,13,3249.15,770134,104702.0,117371.0,3250.0,3257.0,3239.8,3251.5,42877975,3576.6,2926.4,4322.95,2866.6,3247.0,43,1,3246.7,2,2,3246.6,5,2,3246.3,43,1,3246.2,220,5,3247.1,11,6,3247.3,316,4,3247.4,63,3,3247.5,138,1,3247.6,12,1
11536,2025-12-30 12:03:43+05:30,3246.9,1,3249.15,770182,104542.0,117331.0,3250.0,3257.0,3239.8,3251.5,42877975,3576.6,2926.4,4322.95,2866.6,3246.7,2,2,3246.6,5,2,3246.2,196,3,3246.1,52,4,3246.0,271,10,3246.9,1,1,3247.0,1,1,3247.1,12,7,3247.3,339,3,3247.4,25,1
11536,2025-12-30 12:03:43+05:30,3247.0,1,3249.15,770182,104542.0,117331.0,3250.0,3257.0,3239.8,3251.5,42877975,3576.6,2926.4,4322.95,2866.6,3246.7,2,2,3246.6,5,2,3246.2,196,3,3246.1,52,4,3246.0,271,10,3246.9,1,1,3247.0,1,1,3247.1,12,7,3247.3,339,3,3247.4,25,1
11536,2025-12-30 12:03:44+05:30,3247.0,1,3249.15,770233,104667.0,117192.0,3250.0,3257.0,3239.8,3251.5,42877975,3576.6,2926.4,4322.95,2866.6,3247.0,5,1,3246.6,4,1,3246.2,61,3,3246.1,193,6,3246.0,283,11,3247.1,10,6,3247.2,282,1,3247.3,56,2,3247.4,26,1,3247.5,140,2
11536,2025-12-30 12:03:44+05:30,3246.9,4,3249.15,770233,104667.0,117192.0,3250.0,3257.0,3239.8,3251.5,42877975,3576.6,2926.4,4322.95,2866.6,3247.0,5,1,3246.6,4,1,3246.2,61,3,3246.1,193,6,3246.0,283,11,3247.1,10,6,3247.2,282,1,3247.3,56,2,3247.4,26,1,3247.5,140,2
11536,2025-12-30 12:03:45+05:30,3246.9,13,3249.15,770272,104519.0,117180.0,3250.0,3257.0,3239.8,3251.5,42877975,3576.6,2926.4,4322.95,2866.6,3246.9,15,1,3246.6,4,1,3246.2,196,3,3246.1,107,6,3246.0,271,10,3247.0,287,5,3247.1,3,2,3247.3,56,2,3247.4,26,1,3247.5,140,2
11536,2025-12-30 12:03:45+05:30,3246.9,13,3249.15,770272,104519.0,117180.0,3250.0,3257.0,3239.8,3251.5,42877975,3576.6,2926.4,4322.95,2866.6,3246.9,15,1,3246.6,4,1,3246.2,196,3,3246.1,107,6,3246.0,271,10,3247.0,287,5,3247.1,3,2,3247.3,56,2,3247.4,26,1,3247.5,140,2
11536,2025-12-30 12:03:46+05:30,3247.0,1,3249.15,770295,104517.0,117192.0,3250.0,3257.0,3239.8,3251.5,42877975,3576.6,2926.4,4322.95,2866.6,3246.9,13,1,3246.6,6,2,3246.3,11,1,3246.2,196,3,3246.1,131,6,3247.0,5,5,3247.1,283,2,3247.3,56,2,3247.4,26,1,3247.5,140,2
11536,2025-12-30 12:03:46+05:30,3246.9,1,3249.15,770295,104517.0,117192.0,3250.0,3257.0,3239.8,3251.5,42877975,3576.6,2926.4,4322.95,2866.6,3246.9,13,1,3246.6,6,2,3246.3,11,1,3246.2,196,3,3246.1,131,6,3247.0,5,5,3247.1,283,2,3247.3,56,2,3247.4,26,1,3247.5,140,2
11536,2025-12-30 12:03:47+05:30,3246.6,4,3249.15,770390,104328.0,117284.0,3250.0,3257.0,3239.8,3251.5,42877975,3576.6,2926.4,4322.95,2866.6,3246.6,9,2,3246.4,11,1,3246.2,81,5,3246.1,159,7,3246.0,319,13,3247.0,8,6,3247.1,282,1,3247.3,56,2,3247.5,166,3,3247.8,12,1
11536,2025-12-30 12:03:47+05:30,3246.6,4,3249.15,770390,104328.0,117284.0,3250.0,3257.0,3239.8,3251.5,42877975,3576.6,2926.4,4322.95,2866.6,3246.6,9,2,3246.4,11,1,3246.2,81,5,3246.1,159,7,3246.0,319,13,3247.0,8,6,3247.1,282,1,3247.3,56,2,3247.5,166,3,3247.8,12,1
11536,2025-12-30 12:03:48+05:30,3246.6,1,3249.15,770401,104331.0,117292.0,3250.0,3257.0,3239.8,3251.5,42877975,3576.6,2926.4,4322.95,2866.6,3246.6,19,3,3246.4,11,1,3246.2,81,5,3246.1,159,7,3246.0,319,13,3247.0,290,6,3247.3,56,2,3247.5,140,2,3247.8,26,1,3247.9,30,3
11536,2025-12-30 12:03:48+05:30,3246.6,1,3249.15,770401,104331.0,117292.0,3250.0,3257.0,3239.8,3251.5,42877975,3576.6,2926.4,4322.95,2866.6,3246.6,19,3,3246.4,11,1,3246.2,81,5,3246.1,159,7,3246.0,319,13,3247.0,290,6,3247.3,56,2,3247.5,140,2,3247.8,26,1,3247.9,30,3
11536,2025-12-30 12:03:49+05:30,3246.7,1,3249.15,770432,104351.0,116943.0,3250.0,3257.0,3239.8,3251.5,42877975,3576.6,2926.4,4322.95,2866.6,3246.7,7,1,3246.6,4,2,3246.4,10,1,3246.2,203,4,3246.1,95,5,3247.0,47,8,3247.1,282,1,3247.2,26,1,3247.3,25,1,3247.5,140,2
11536,2025-12-30 12:03:49+05:30,3246.7,1,3249.15,770432,104351.0,116943.0,3250.0,3257.0,3239.8,3251.5,42877975,3576.6,2926.4,4322.95,2866.6,3246.7,7,1,3246.6,4,2,3246.4,10,1,3246.2,203,4,3246.1,95,5,3247.0,47,8,3247.1,282,1,3247.2,26,1,3247.3,25,1,3247.5,140,2
11536,2025-12-30 12:03:50+05:30,3246.6,1,3249.15,770448,104405.0,117353.0,3250.0,3257.0,3239.8,3251.5,42877975,3576.6,2926.4,4322.95,2866.6,3246.6,15,2,3246.4,18,2,3246.3,19,1,3246.2,66,4,3246.1,97,6,3246.7,1,1,3246.9,282,1,3247.0,44,6,3247.3,25,1,3247.5,165,3
11536,2025-12-30 12:03:50+05:30,3246.6,1,3249.15,770448,104405.0,117353.0,3250.0,3257.0,3239.8,3251.5,42877975,3576.6,2926.4,4322.95,2866.6,3246.6,15,2,3246.4,18,2,3246.3,19,1,3246.2,66,4,3246.1,97,6,3246.7,1,1,3246.9,282,1,3247.0,44,6,3247.3,25,1,3247.5,165,3
11536,2025-12-30 12:03:51+05:30,3246.6,1,3249.15,770448,104429.0,117355.0,3250.0,3257.0,3239.8,3251.5,42877975,3576.6,2926.4,4322.95,2866.6,3246.6,15,2,3246.5,5,1,3246.4,18,2,3246.3,19,1,3246.2,66,4,3246.7,3,3,3246.9,282,1,3247.0,44,6,3247.3,50,2,3247.5,140,2
11536,2025-12-30 12:03:51+05:30,3246.6,6,3249.15,770448,104429.0,117355.0,3250.0,3257.0,3239.8,3251.5,42877975,3576.6,2926.4,4322.95,2866.6,3246.6,15,2,3246.5,5,1,3246.4,18,2,3246.3,19,1,3246.2,66,4,3246.7,3,3,3246.9,282,1,3247.0,44,6,3247.3,50,2,3247.5,140,2
11536,2025-12-30 12:03:52+05:30,3246.6,1,3249.15,770459,104393.0,117139.0,3250.0,3257.0,3239.8,3251.5,42877975,3576.6,2926.4,4322.95,2866.6,3246.6,4,1,3246.5,16,2,3246.4,7,1,3246.3,19,1,3246.2,77,5,3246.7,5,5,3247.0,323,4,3247.2,25,1,3247.3,25,1,3247.5,140,2
11536,2025-12-30 12:03:52+05:30,3246.6,4,3249.15,770459,104393.0,117139.0,3250.0,3257.0,3239.8,3251.5,42877975,3576.6,2926.4,4322.95,2866.6,3246.6,4,1,3246.5,16,2,3246.4,7,1,3246.3,19,1,3246.2,77,5,3246.7,5,5,3247.0,323,4,3247.2,25,1,3247.3,25,1,3247.5,140,2
11536,2025-12-30 12:03:53+05:30,3246.6,4,3249.15,770472,104522.0,117137.0,3250.0,3257.0,3239.8,3251.5,42877975,3576.6,2926.4,4322.95,2866.6,3246.6,51,2,3246.5,5,1,3246.2,58,4,3246.1,88,5,3246.0,228,10,3246.7,5,5,3247.0,322,3,3247.2,188,3,3247.5,2,1,3247.9,30,3
11536,2025-12-30 12:03:53+05:30,3246.6,2,3249.15,770472,104522.0,117137.0,3250.0,3257.0,3239.8,3251.5,42877975,3576.6,2926.4,4322.95,2866.6,3246.6,51,2,3246.5,5,1,3246.2,58,4,3246.1,88,5,3246.0,228,10,3246.7,5,5,3247.0,322,3,3247.2,188,3,3247.5,2,1,3247.9,30,3
11536,2025-12-30 12:03:54+05:30,3246.7,2,3249.15,770488,104759.0,117202.0,3250.0,3257.0,3239.8,3251.5,42877975,3576.6,2926.4,4322.95,2866.6,3246.7,1,1,3246.6,47,2,3246.5,5,1,3246.2,203,4,3246.1,88,5,3247.0,40,2,3247.1,282,1,3247.2,188,3,3247.5,2,1,3247.9,30,3
11536,2025-12-30 12:03:54+05:30,3246.7,2,3249.15,770488,104759.0,117202.0,3250.0,3257.0,3239.8,3251.5,42877975,3576.6,2926.4,4322.95,2866.6,3246.7,1,1,3246.6,47,2,3246.5,5,1,3246.2,203,4,3246.1,88,5,3247.0,40,2,3247.1,282,1,3247.2,188,3,3247.5,2,1,3247.9,30,3
11536,2025-12-30 12:03:55+05:30,3247.0,1,3249.15,770489,104796.0,116853.0,3250.0,3257.0,3239.8,3251.5,42877975,3576.6,2926.4,4322.95,2866.6,3246.7,6,2,3246.6,47,2,3246.4,17,1,3246.3,17,1,3246.2,203,4,3247.0,41,4,3247.1,282,1,3247.3,138,1,3247.4,25,1,3247.5,27,2
11536,2025-12-30 12:03:55+05:30,3247.0,1,3249.15,770489,104796.0,116853.0,3250.0,3257.0,3239.8,3251.5,42877975,3576.6,2926.4,4322.95,2866.6,3246.7,6,2,3246.6,47,2,3246.4,17,1,3246.3,17,1,3246.2,203,4,3247.0,41,4,3247.1,282,1,3247.3,138,1,3247.4,25,1,3247.5,27,2
11536,2025-12-30 12:03:56+05:30,3246.7,3,3249.15,770518,104861.0,116766.0,3250.0,3257.0,3239.8,3251.5,42877975,3576.6,2926.4,4322.95,2866.6,3246.7,4,2,3246.6,47,2,3246.4,72,3,3246.3,20,2,3246.2,257,5,3247.0,28,3,3247.3,420,2,3247.5,2,1,3247.7,3,1,3247.9,30,3
11536,2025-12-30 12:03:56+05:30,3247.0,6,3249.15,770518,104861.0,116766.0,3250.0,3257.0,3239.8,3251.5,42877975,3576.6,2926.4,4322.95,2866.6,3246.7,4,2,3246.6,47,2,3246.4,72,3,3246.3,20,2,3246.2,257,5,3247.0,28,3,3247.3,420,2,3247.5,2,1,3247.7,3,1,3247.9,30,3
11536,2025-12-30 12:03:57+05:30,3246.8,40,3249.15,770578,104897.0,116678.0,3250.0,3257.0,3239.8,3251.5,42877975,3576.6,2926.4,4322.95,2866.6,3246.7,2,1,3246.6,47,2,3246.5,11,1,3246.3,60,3,3246.2,226,5,3246.8,10,2,3247.0,12,5,3247.3,138,1,3247.4,25,1,3247.5,2,1
11536,2025-12-30 12:03:57+05:30,3246.7,1,3249.15,770578,104897.0,116678.0,3250.0,3257.0,3239.8,3251.5,42877975,3576.6,2926.4,4322.95,2866.6,3246.7,2,1,3246.6,47,2,3246.5,11,1,3246.3,60,3,3246.2,226,5,3246.8,10,2,3247.0,12,5,3247.3,138,1,3247.4,25,1,3247.5,2,1
11536,2025-12-30 12:03:58+05:30,3246.7,1,3249.15,770581,104729.0,117129.0,3250.0,3257.0,3239.8,3251.5,42877975,3576.6,2926.4,4322.95,2866.6,3246.7,48,2,3246.6,47,2,3246.3,25,1,3246.2,40,2,3246.1,96,5,3246.8,11,3,3247.0,12,5,3247.1,282,1,3247.3,138,1,3247.5,2,1
11536,2025-12-30 12:03:58+05:30,3246.7,9,3249.15,770581,104729.0,117129.0,3250.0,3257.0,3239.8,3251.5,42877975,3576.6,2926.4,4322.95,2866.6,3246.7,48,2,3246.6,47,2,3246.3,25,1,3246.2,40,2,3246.1,96,5,3246.8,11,3,3247.0,12,5,3247.1,282,1,3247.3,138,1,3247.5,2,1
11536,2025-12-30 12:03:59+05:30,3246.6,11,3249.14,770638,104660.0,116851.0,3250.0,3257.0,3239.8,3251.5,42877975,3576.6,2926.4,4322.95,2866.6,3246.6,43,3,3246.2,40,2,3246.1,131,7,3246.0,289,11,3245.9,226,7,3246.7,11,4,3246.8,11,5,3247.0,2,2,3247.3,138,1,3247.5,2,1
11536,2025-12-30 12:03:59+05:30,3246.6,5,3249.14,770638,104660.0,116851.0,3250.0,3257.0,3239.8,3251.5,42877975,3576.6,2926.4,4322.95,2866.6,3246.6,43,3,3246.2,40,2,3246.1,131,7,3246.0,289,11,3245.9,226,7,3246.7,11,4,3246.8,11,5,3247.0,2,2,3247.3,138,1,3247.5,2,1
11536,2025-12-30 12:04:00+05:30,3247.3,1,3249.14,771817,104881.0,114183.0,3250.0,3257.0,3239.8,3251.5,42877975,3576.6,2926.4,4322.95,2866.6,3247.2,3,1,3247.1,17,1,3247.0,64,2,3246.9,224,7,3246.8,501,6,3248.3,60,3,3248.4,46,4,3248.5,13,1,3248.6,27,2,3248.7,49,2
11536,2025-12-30 12:04:00+05:30,3247.3,1,3249.14,771817,104881.0,114183.0,3250.0,3257.0,3239.8,3251.5,42877975,3576.6,2926.4,4322.95,2866.6,3247.2,3,1,3247.1,17,1,3247.0,64,2,3246.9,224,7,3246.8,501,6,3248.3,60,3,3248.4,46,4,3248.5,13,1,3248.6,27,2,3248.7,49,2
11536,2025-12-30 12:04:01+05:30,3248.2,1,3249.14,771818,104889.0,113984.0,3250.0,3257.0,3239.8,3251.5,42877975,3576.6,2926.4,4322.95,2866.6,3247.2,3,1,3247.1,133,4,3247.0,55,2,3246.9,186,10,3246.8,657,7,3248.2,47,2,3248.4,28,2,3248.7,49,2,3248.8,9,1,3249.0,49,3
11536,2025-12-30 12:04:01+05:30,3248.2,1,3249.14,771818,104889.0,113984.0,3250.0,3257.0,3239.8,3251.5,42877975,3576.6,2926.4,4322.95,2866.6,3247.2,3,1,3247.1,133,4,3247.0,55,2,3246.9,186,10,3246.8,657,7,3248.2,47,2,3248.4,28,2,3248.7,49,2,3248.8,9,1,3249.0,49,3
11536,2025-12-30 12:04:02+05:30,3247.2,3,3249.14,772050,105932.0,114260.0,3250.0,3257.0,3239.8,3251.5,42877975,3576.6,2926.4,4322.95,2866.6,3247.1,47,3,3247.0,52,2,3246.9,84,6,3246.8,352,7,3246.7,53,3,3247.2,44,3,3248.4,18,1,3248.6,79,3,3248.8,47,2,3248.9,34,1
11536,2025-12-30 12:04:02+05:30,3247.2,3,3249.14,772050,105932.0,114260.0,3250.0,3257.0,3239.8,3251.5,42877975,3576.6,2926.4,4322.95,2866.6,3247.1,47,3,3247.0,52,2,3246.9,84,6,3246.8,352,7,3246.7,53,3,3247.2,44,3,3248.4,18,1,3248.6,79,3,3248.8,47,2,3248.9,34,1
11536,2025-12-30 12:04:03+05:30,3247.0,1,3249.14,772229,105806.0,113261.0,3250.0,3257.0,3239.8,3251.5,42877975,3576.6,2926.4,4322.95,2866.6,3247.0,29,4,3246.9,105,8,3246.8,213,7,3246.7,98,5,3246.6,148,8,3247.2,43,3,3248.6,79,3,3248.8,47,2,3248.9,34,1,3249.0,31,2
11536,2025-12-30 12:04:03+05:30,3247.0,1,3249.14,772229,105806.0,113261.0,3250.0,3257.0,3239.8,3251.5,42877975,3576.6,2926.4,4322.95,2866.6,3247.0,29,4,3246.9,105,8,3246.8,213,7,3246.7,98,5,3246.6,148,8,3247.2,43,3,3248.6,79,3,3248.8,47,2,3248.9,34,1,3249.0,31,2
11536,2025-12-30 12:04:04+05:30,3247.0,42,3249.14,772420,105558.0,113755.0,3250.0,3257.0,3239.8,3251.5,42877975,3576.6,2926.4,4322.95,2866.6,3247.0,5,1,3246.9,73,6,3246.8,88,6,3246.7,165,5,3246.6,123,6,3247.2,17,4,3248.4,56,2,3248.6,88,4,3248.7,10,1,3248.8,47,2
11536,2025-12-30 12:04:04+05:30,3247.0,42,3249.14,772420,105558.0,113755.0,3250.0,3257.0,3239.8,3251.5,42877975,3576.6,2926.4,4322.95,2866.6,3247.0,5,1,3246.9,73,6,3246.8,88,6,3246.7,165,5,3246.6,123,6,3247.2,17,4,3248.4,56,2,3248.6,88,4,3248.7,10,1,3248.8,47,2
11536,2025-12-30 12:04:05+05:30,3247.0,52,3249.14,772420,105558.0,113755.0,3250.0,3257.0,3239.8,3251.5,42877975,3576.6,2926.4,4322.95,2866.6,3247.0,5,1,3246.9,73,6,3246.8,88,6,3246.7,165,5,3246.6,123,6,3247.2,17,4,3248.4,56,2,3248.6,88,4,3248.7,10,1,3248.8,47,2
11536,2025-12-30 12:04:05+05:30,3247.0,52,3249.14,772508,105854.0,114460.0,3250.0,3257.0,3239.8,3251.5,42877975,3576.6,2926.4,4322.95,2866.6,3247.0,37,1,3246.9,52,6,3246.8,78,5,3246.7,122,6,3246.6,126,6,3247.2,13,4,3247.8,175,1,3248.4,56,2,3248.6,79,3,3248.7,36,2
11536,2025-12-30 12:04:06+05:30,3247.0,10,3249.14,772508,105854.0,114460.0,3250.0,3257.0,3239.8,3251.5,42877975,3576.6,2926.4,4322.95,2866.6,3247.0,37,1,3246.9,52,6,3246.8,78,5,3246.7,122,6,3246.6,126,6,3247.2,13,4,3247.8,175,1,3248.4,56,2,3248.6,79,3,3248.7,36,2
11536,2025-12-30 12:04:06+05:30,3247.0,10,3249.14,772592,105861.0,114460.0,3250.0,3257.0,3239.8,3251.5,42877975,3576.6,2926.4,4322.95,2866.6,3247.0,92,4,3246.9,46,5,3246.8,90,6,3246.7,98,5,3246.6,126,6,3247.2,13,5,3247.8,175,1,3248.4,56,2,3248.6,79,3,3248.7,36,2
11536,2025-12-30 12:04:07+05:30,3247.0,29,3249.14,772592,105861.0,114460.0,3250.0,3257.0,3239.8,3251.5,42877975,3576.6,2926.4,4322.95,2866.6,3247.0,92,4,3246.9,46,5,3246.8,90,6,3246.7,98,5,3246.6,126,6,3247.2,13,5,3247.8,175,1,3248.4,56,2,3248.6,79,3,3248.7,36,2
11536,2025-12-30 12:04:07+05:30,3247.0,29,3249.14,772697,105890.0,114387.0,3250.0,3257.0,3239.8,3251.5,42877975,3576.6,2926.4,4322.95,2866.6,3247.0,37,1,3246.9,48,5,3246.8,49,4,3246.7,74,4,3246.6,126,6,3247.2,15,6,3247.8,175,1,3248.3,24,1,3248.4,56,2,3248.6,81,3
11536,2025-12-30 12:04:08+05:30,3247.1,1,3249.14,772824,106240.0,114336.0,3250.0,3257.0,3239.8,3251.5,42877975,3576.6,2926.4,4322.95,2866.6,3247.1,10,1,3247.0,27,3,3246.9,38,4,3246.8,111,7,3246.7,98,5,3247.2,9,5,3247.8,175,1,3248.3,24,1,3248.4,56,2,3248.6,81,3
11536,2025-12-30 12:04:08+05:30,3247.1,2,3249.14,772824,106240.0,114336.0,3250.0,3257.0,3239.8,3251.5,42877975,3576.6,2926.4,4322.95,2866.6,3247.1,10,1,3247.0,27,3,3246.9,38,4,3246.8,111,7,3246.7,98,5,3247.2,9,5,3247.8,175,1,3248.3,24,1,3248.4,56,2,3248.6,81,3
11536,2025-12-30 12:04:09+05:30,3247.2,2,3249.14,772866,106224.0,114357.0,3250.0,3257.0,3239.8,3251.5,42877975,3576.6,2926.4,4322.95,2866.6,3247.0,23,2,3246.9,29,3,3246.8,135,8,3246.7,74,4,3246.6,126,6,3247.2,8,4,3247.8,175,1,3248.3,24,1,3248.4,56,2,3248.6,81,3
11536,2025-12-30 12:04:09+05:30,3247.2,2,3249.14,772866,106224.0,114357.0,3250.0,3257.0,3239.8,3251.5,42877975,3576.6,2926.4,4322.95,2866.6,3247.0,23,2,3246.9,29,3,3246.8,135,8,3246.7,74,4,3246.6,126,6,3247.2,8,4,3247.8,175,1,3248.3,24,1,3248.4,56,2,3248.6,81,3
11536,2025-12-30 12:04:10+05:30,3246.9,9,3249.14,772875,106077.0,113120.0,3250.0,3257.0,3239.8,3251.5,42877975,3576.6,2926.4,4322.95,2866.6,3246.9,30,4,3246.8,133,8,3246.7,66,3,3246.6,126,6,3246.5,85,5,3247.2,5,3,3247.7,175,1,3248.3,24,1,3248.4,56,2,3248.6,81,3
11536,2025-12-30 12:04:10+05:30,3246.9,9,3249.14,772875,106077.0,113120.0,3250.0,3257.0,3239.8,3251.5,42877975,3576.6,2926.4,4322.95,2866.6,3246.9,30,4,3246.8,133,8,3246.7,66,3,3246.6,126,6,3246.5,85,5,3247.2,5,3,3247.7,175,1,3248.3,24,1,3248.4,56,2,3248.6,81,3
11536,2025-12-30 12:04:11+05:30,3247.1,5,3249.14,772892,106364.0,115006.0,3250.0,3257.0,3239.8,3251.5,42877975,3576.6,2926.4,4322.95,2866.6,3247.1,32,1,3246.9,8,2,3246.8,109,7,3246.7,68,3,3246.6,126,6,3247.2,3,3,3247.7,175,1,3248.3,50,2,3248.4,34,1,3248.5,55,2
11536,2025-12-30 12:04:11+05:30,3247.1,1,3249.14,772892,106364.0,115006.0,3250.0,3257.0,3239.8,3251.5,42877975,3576.6,2926.4,4322.95,2866.6,3247.1,32,1,3246.9,8,2,3246.8,109,7,3246.7,68,3,3246.6,126,6,3247.2,3,3,3247.7,175,1,3248.3,50,2,3248.4,34,1,3248.5,55,2
11536,2025-12-30 12:04:12+05:30,3247.2,1,3249.14,772901,106385.0,115005.0,3250.0,3257.0,3239.8,3251.5,42877975,3576.6,2926.4,4322.95,2866.6,3247.1,25,1,3246.9,8,2,3246.8,99,6,3246.7,68,3,3246.6,126,6,3247.2,3,3,3247.7,175,1,3248.3,50,2,3248.4,34,1,3248.5,55,2
11536,2025-12-30 12:04:12+05:30,3247.1,2,3249.14,772901,106385.0,115005.0,3250.0,3257.0,3239.8,3251.5,42877975,3576.6,2926.4,4322.95,2866.6,3247.1,25,1,3246.9,8,2,3246.8,99,6,3246.7,68,3,3246.6,126,6,3247.2,3,3,3247.7,175,1,3248.3,50,2,3248.4,34,1,3248.5,55,2
11536,2025-12-30 12:04:13+05:30,3247.1,1,3249.14,772904,104866.0,114702.0,3250.0,3257.0,3239.8,3251.5,42877975,3576.6,2926.4,4322.95,2866.6,3247.1,22,1,3246.9,3,1,3246.8,81,5,3246.7,47,2,3246.6,103,4,3247.2,5,5,3247.7,175,1,3248.3,50,2,3248.4,34,1,3248.5,55,2
11536,2025-12-30 12:04:13+05:30,3247.1,5,3249.14,772904,104866.0,114702.0,3250.0,3257.0,3239.8,3251.5,42877975,3576.6,2926.4,4322.95,2866.6,3247.1,22,1,3246.9,3,1,3246.8,81,5,3246.7,47,2,3246.6,103,4,3247.2,5,5,3247.7,175,1,3248.3,50,2,3248.4,34,1,3248.5,55,2
11536,2025-12-30 12:04:14+05:30,3247.1,1,3249.14,772910,104875.0,114652.0,3250.0,3257.0,3239.8,3251.5,42877975,3576.6,2926.4,4322.95,2866.6,3247.1,17,2,3246.9,3,1,3246.8,81,5,3246.7,61,3,3246.6,103,4,3247.2,6,6,3247.7,175,1,3248.3,50,2,3248.4,51,3,3248.5,55,2
11536,2025-12-30 12:04:14+05:30,3247.1,3,3249.14,772910,104875.0,114652.0,3250.0,3257.0,3239.8,3251.5,42877975,3576.6,2926.4,4322.95,2866.6,3247.1,17,2,3246.9,3,1,3246.8,81,5,3246.7,61,3,3246.6,103,4,3247.2,6,6,3247.7,175,1,3248.3,50,2,3248.4,51,3,3248.5,55,2
11536,2025-12-30 12:04:15+05:30,3247.1,1,3249.14,772910,104875.0,114652.0,3250.0,3257.0,3239.8,3251.5,42877975,3576.6,2926.4,4322.95,2866.6,3247.1,17,2,3246.9,3,1,3246.8,81,5,3246.7,61,3,3246.6,103,4,3247.2,6,6,3247.7,175,1,3248.3,50,2,3248.4,51,3,3248.5,55,2
11536,2025-12-30 12:04:15+05:30,3247.1,1,3249.14,772919,106451.0,114643.0,3250.0,3257.0,3239.8,3251.5,42877975,3576.6,2926.4,4322.95,2866.6,3247.1,67,4,3246.9,21,2,3246.8,136,8,3246.7,34,2,3246.6,122,6,3247.2,6,6,3247.7,175,1,3248.3,50,2,3248.4,51,3,3248.5,55,2
11536,2025-12-30 12:04:16+05:30,3247.2,1,3249.14,772919,106451.0,114643.0,3250.0,3257.0,3239.8,3251.5,42877975,3576.6,2926.4,4322.95,2866.6,3247.1,67,4,3246.9,21,2,3246.8,136,8,3246.7,34,2,3246.6,122,6,3247.2,6,6,3247.7,175,1,3248.3,50,2,3248.4,51,3,3248.5,55,2
11536,2025-12-30 12:04:16+05:30,3247.1,1,3249.14,772923,106449.0,114640.0,3250.0,3257.0,3239.8,3251.5,42877975,3576.6,2926.4,4322.95,2866.6,3247.1,65,4,3246.9,21,2,3246.8,136,8,3246.7,34,2,3246.6,122,6,3247.2,3,3,3247.7,175,1,3248.3,50,2,3248.4,51,3,3248.5,55,2
11536,2025-12-30 12:04:17+05:30,3247.1,1,3249.14,772923,106449.0,114640.0,3250.0,3257.0,3239.8,3251.5,42877975,3576.6,2926.4,4322.95,2866.6,3247.1,65,4,3246.9,21,2,3246.8,136,8,3246.7,34,2,3246.6,122,6,3247.2,3,3,3247.7,175,1,3248.3,50,2,3248.4,51,3,3248.5,55,2
11536,2025-12-30 12:04:17+05:30,3247.1,1,3249.14,773001,106363.0,114652.0,3250.0,3257.0,3239.8,3251.5,42877975,3576.6,2926.4,4322.95,2866.6,3247.1,24,1,3247.0,14,2,3246.9,21,2,3246.8,138,8,3246.7,34,2,3247.2,8,5,3247.7,175,1,3248.3,50,2,3248.4,51,3,3248.5,55,2
11536,2025-12-30 12:04:18+05:30,3247.1,1,3249.14,773001,106363.0,114652.0,3250.0,3257.0,3239.8,3251.5,42877975,3576.6,2926.4,4322.95,2866.6,3247.1,24,1,3247.0,14,2,3246.9,21,2,3246.8,138,8,3246.7,34,2,3247.2,8,5,3247.7,175,1,3248.3,50,2,3248.4,51,3,3248.5,55,2
11536,2025-12-30 12:04:18+05:30,3247.1,1,3249.14,773003,104841.0,114993.0,3250.0,3257.0,3239.8,3251.5,42877975,3576.6,2926.4,4322.95,2866.6,3247.1,22,1,3247.0,12,2,3246.9,3,1,3246.8,57,4,3246.7,46,2,3247.2,6,3,3247.7,175,1,3248.3,65,3,3248.4,36,2,3248.5,55,2
11536,2025-12-30 12:04:19+05:30,3247.1,24,3249.14,773003,104841.0,114993.0,3250.0,3257.0,3239.8,3251.5,42877975,3576.6,2926.4,4322.95,2866.6,3247.1,22,1,3247.0,12,2,3246.9,3,1,3246.8,57,4,3246.7,46,2,3247.2,6,3,3247.7,175,1,3248.3,65,3,3248.4,36,2,3248.5,55,2
11536,2025-12-30 12:04:19+05:30,3247.1,1,3249.14,773028,106270.0,112178.0,3250.0,3257.0,3239.8,3251.5,42877975,3576.6,2926.4,4322.95,2866.6,3247.1,36,1,3247.0,12,2,3246.9,3,1,3246.8,31,3,3246.7,46,2,3247.2,5,4,3247.7,175,1,3248.1,15,1,3248.3,50,2,3248.4,61,4
11536,2025-12-30 12:04:20+05:30,3247.1,1,3249.14,773028,106270.0,112178.0,3250.0,3257.0,3239.8,3251.5,42877975,3576.6,2926.4,4322.95,2866.6,3247.1,36,1,3247.0,12,2,3246.9,3,1,3246.8,31,3,3246.7,46,2,3247.2,5,4,3247.7,175,1,3248.1,15,1,3248.3,50,2,3248.4,61,4
11536,2025-12-30 12:04:20+05:30,3247.1,1,3249.14,773040,106178.0,113586.0,3250.0,3257.0,3239.8,3251.5,42877975,3576.6,2926.4,4322.95,2866.6,3247.1,24,1,3247.0,12,2,3246.9,3,1,3246.8,31,3,3246.7,24,1,3247.2,3,3,3247.7,175,1,3248.3,50,2,3248.4,61,4,3248.5,55,2
11536,2025-12-30 12:04:21+05:30,3247.1,5,3249.14,773040,106178.0,113586.0,3250.0,3257.0,3239.8,3251.5,42877975,3576.6,2926.4,4322.95,2866.6,3247.1,24,1,3247.0,12,2,3246.9,3,1,3246.8,31,3,3246.7,24,1,3247.2,3,3,3247.7,175,1,3248.3,50,2,3248.4,61,4,3248.5,55,2
11536,2025-12-30 12:04:21+05:30,3247.1,1,3249.14,773054,106166.0,114647.0,3250.0,3257.0,3239.8,3251.5,42877975,3576.6,2926.4,4322.95,2866.6,3247.1,10,1,3247.0,12,2,3246.9,3,1,3246.8,31,3,3246.7,24,1,3247.2,3,3,3247.7,175,1,3248.1,23,1,3248.2,71,3,3248.3,26,1
11536,2025-12-30 12:04:22+05:30,3247.1,3,3249.14,773054,106166.0,114647.0,3250.0,3257.0,3239.8,3251.5,42877975,3576.6,2926.4,4322.95,2866.6,3247.1,10,1,3247.0,12,2,3246.9,3,1,3246.8,31,3,3246.7,24,1,3247.2,3,3,3247.7,175,1,3248.1,23,1,3248.2,71,3,3248.3,26,1
11536,2025-12-30 12:04:22+05:30,3247.1,3,3249.14,773057,106154.0,114648.0,3250.0,3257.0,3239.8,3251.5,42877975,3576.6,2926.4,4322.95,2866.6,3247.1,7,1,3247.0,12,2,3246.9,3,1,3246.8,31,3,3246.7,24,1,3247.2,4,4,3247.7,175,1,3247.9,23,1,3248.0,22,1,3248.2,49,2
11536,2025-12-30 12:04:23+05:30,3247.2,6,3249.14,773057,106154.0,114648.0,3250.0,3257.0,3239.8,3251.5,42877975,3576.6,2926.4,4322.95,2866.6,3247.1,7,1,3247.0,12,2,3246.9,3,1,3246.8,31,3,3246.7,24,1,3247.2,4,4,3247.7,175,1,3247.9,23,1,3248.0,22,1,3248.2,49,2
11536,2025-12-30 12:04:23+05:30,3247.2,6,3249.14,773072,106323.0,114667.0,3250.0,3257.0,3239.8,3251.5,42877975,3576.6,2926.4,4322.95,2866.6,3247.1,3,1,3247.0,12,2,3246.9,15,2,3246.8,51,4,3246.7,45,2,3247.2,14,7,3247.7,175,1,3248.1,43,2,3248.2,34,1,3248.3,52,2
11536,2025-12-30 12:04:24+05:30,3247.2,1,3249.14,773072,106323.0,114667.0,3250.0,3257.0,3239.8,3251.5,42877975,3576.6,2926.4,4322.95,2866.6,3247.1,3,1,3247.0,12,2,3246.9,15,2,3246.8,51,4,3246.7,45,2,3247.2,14,7,3247.7,175,1,3248.1,43,2,3248.2,34,1,3248.3,52,2
11536,2025-12-30 12:04:24+05:30,3247.2,1,3249.14,773091,106385.0,114586.0,3250.0,3257.0,3239.8,3251.5,42877975,3576.6,2926.4,4322.95,2866.6,3247.2,1,1,3247.1,37,1,3247.0,12,2,3246.9,3,1,3246.8,227,6,3247.7,175,1,3247.8,1,1,3247.9,1,1,3248.0,304,2,3248.3,23,1
11536,2025-12-30 12:04:25+05:30,3247.2,1,3249.14,773091,106385.0,114586.0,3250.0,3257.0,3239.8,3251.5,42877975,3576.6,2926.4,4322.95,2866.6,3247.2,1,1,3247.1,37,1,3247.0,12,2,3246.9,3,1,3246.8,227,6,3247.7,175,1,3247.8,1,1,3247.9,1,1,3248.0,304,2,3248.3,23,1
11536,2025-12-30 12:04:25+05:30,3247.2,1,3249.14,773097,106337.0,114584.0,3250.0,3257.0,3239.8,3251.5,42877975,3576.6,2926.4,4322.95,2866.6,3247.2,3,1,3247.1,37,1,3247.0,12,2,3246.9,3,1,3246.8,227,6,3247.7,173,3,3247.8,1,1,3247.9,1,1,3248.0,304,2,3248.2,57,2
11536,2025-12-30 12:04:26+05:30,3247.1,6,3249.14,773123,106151.0,114641.0,3250.0,3257.0,3239.8,3251.5,42877975,3576.6,2926.4,4322.95,2866.6,3247.1,31,1,3247.0,12,2,3246.9,3,1,3246.8,51,4,3246.7,24,1,3247.7,187,7,3247.8,1,1,3248.0,304,2,3248.1,23,1,3248.2,34,1
11536,2025-12-30 12:04:26+05:30,3247.1,6,3249.14,773123,106151.0,114641.0,3250.0,3257.0,3239.8,3251.5,42877975,3576.6,2926.4,4322.95,2866.6,3247.1,31,1,3247.0,12,2,3246.9,3,1,3246.8,51,4,3246.7,24,1,3247.7,187,7,3247.8,1,1,3248.0,304,2,3248.1,23,1,3248.2,34,1
11536,2025-12-30 12:04:27+05:30,3247.0,1,3249.14,773161,106094.0,115676.0,3250.0,3257.0,3239.8,3251.5,42877975,3576.6,2926.4,4322.95,2866.6,3247.0,13,2,3246.9,3,1,3246.8,54,6,3246.7,66,3,3246.6,93,6,3247.1,10,3,3247.7,186,6,3247.8,1,1,3248.0,282,1,3248.3,56,2
11536,2025-12-30 12:04:27+05:30,3247.0,3,3249.14,773161,106094.0,115676.0,3250.0,3257.0,3239.8,3251.5,42877975,3576.6,2926.4,4322.95,2866.6,3247.0,13,2,3246.9,3,1,3246.8,54,6,3246.7,66,3,3246.6,93,6,3247.1,10,3,3247.7,186,6,3247.8,1,1,3248.0,282,1,3248.3,56,2
11536,2025-12-30 12:04:28+05:30,3246.9,1,3249.14,773161,106094.0,115676.0,3250.0,3257.0,3239.8,3251.5,42877975,3576.6,2926.4,4322.95,2866.6,3247.0,13,2,3246.9,3,1,3246.8,54,6,3246.7,66,3,3246.6,93,6,3247.1,10,3,3247.7,186,6,3247.8,1,1,3248.0,282,1,3248.3,56,2
11536,2025-12-30 12:04:28+05:30,3246.9,1,3249.14,773176,105649.0,115735.0,3250.0,3257.0,3239.8,3251.5,42877975,3576.6,2926.4,4322.95,2866.6,3246.9,1,1,3246.8,54,6,3246.7,42,2,3246.6,71,5,3246.5,77,4,3247.1,15,9,3247.7,183,3,3248.0,282,1,3248.3,56,2,3248.4,50,3
11536,2025-12-30 12:04:29+05:30,3246.9,4,3249.14,773232,105584.0,115700.0,3250.0,3257.0,3239.8,3251.5,42877975,3576.6,2926.4,4322.95,2866.6,3246.9,12,1,3246.8,31,5,3246.7,42,2,3246.6,71,5,3246.5,54,3,3247.1,11,10,3247.7,182,2,3248.0,282,1,3248.3,56,2,3248.4,50,3
11536,2025-12-30 12:04:29+05:30,3246.9,1,3249.14,773232,105584.0,115700.0,3250.0,3257.0,3239.8,3251.5,42877975,3576.6,2926.4,4322.95,2866.6,3246.9,12,1,3246.8,31,5,3246.7,42,2,3246.6,71,5,3246.5,54,3,3247.1,11,10,3247.7,182,2,3248.0,282,1,3248.3,56,2,3248.4,50,3
11536,2025-12-30 12:04:30+05:30,3246.9,5,3249.14,773232,105584.0,115700.0,3250.0,3257.0,3239.8,3251.5,42877975,3576.6,2926.4,4322.95,2866.6,3246.9,12,1,3246.8,31,5,3246.7,42,2,3246.6,71,5,3246.5,54,3,3247.1,11,10,3247.7,182,2,3248.0,282,1,3248.3,56,2,3248.4,50,3
11536,2025-12-30 12:04:30+05:30,3246.9,5,3249.14,773249,105680.0,115659.0,3250.0,3257.0,3239.8,3251.5,42877975,3576.6,2926.4,4322.95,2866.6,3246.9,60,3,3246.8,19,4,3246.7,103,4,3246.6,71,5,3246.5,54,3,3247.1,8,7,3247.7,182,2,3248.0,282,1,3248.3,56,2,3248.4,50,3
11536,2025-12-30 12:04:31+05:30,3246.9,1,3249.14,773249,105680.0,115659.0,3250.0,3257.0,3239.8,3251.5,42877975,3576.6,2926.4,4322.95,2866.6,3246.9,60,3,3246.8,19,4,3246.7,103,4,3246.6,71,5,3246.5,54,3,3247.1,8,7,3247.7,182,2,3248.0,282,1,3248.3,56,2,3248.4,50,3
11536,2025-12-30 12:04:31+05:30,3246.9,1,3249.14,773384,105813.0,114747.0,3250.0,3257.0,3239.8,3251.5,42877975,3576.6,2926.4,4322.95,2866.6,3246.9,45,3,3246.8,22,4,3246.7,74,2,3246.6,248,7,3246.5,75,4,3247.7,92,2,3247.9,22,1,3248.0,282,1,3248.3,34,1,3248.4,28,1
11536,2025-12-30 12:04:32+05:30,3246.9,1,3249.14,773384,105994.0,114873.0,3250.0,3257.0,3239.8,3251.5,42877975,3576.6,2926.4,4322.95,2866.6,3246.9,45,3,3246.8,190,6,3246.7,83,3,3246.6,248,7,3246.5,166,5,3247.7,98,4,3247.8,304,2,3247.9,23,1,3248.5,22,1,3248.6,114,4
11536,2025-12-30 12:04:33+05:30,3246.9,1,3249.14,773384,106034.0,114853.0,3250.0,3257.0,3239.8,3251.5,42877975,3576.6,2926.4,4322.95,2866.6,3246.9,66,5,3246.8,190,6,3246.7,82,3,3246.6,260,8,3246.5,166,5,3247.7,98,4,3247.8,282,1,3247.9,23,1,3248.4,22,1,3248.5,22,1
11536,2025-12-30 12:04:34+05:30,3246.9,9,3249.14,773420,106004.0,115385.0,3250.0,3257.0,3239.8,3251.5,42877975,3576.6,2926.4,4322.95,2866.6,3246.9,72,4,3246.8,7,3,3246.7,62,2,3246.6,225,6,3246.5,63,3,3247.6,48,4,3247.7,376,4,3248.2,13,1,3248.4,22,2,3248.5,48,2
11536,2025-12-30 12:04:34+05:30,3246.9,9,3249.14,773420,106004.0,115385.0,3250.0,3257.0,3239.8,3251.5,42877975,3576.6,2926.4,4322.95,2866.6,3246.9,72,4,3246.8,7,3,3246.7,62,2,3246.6,225,6,3246.5,63,3,3247.6,48,4,3247.7,376,4,3248.2,13,1,3248.4,22,2,3248.5,48,2
11536,2025-12-30 12:04:35+05:30,3247.6,1,3249.14,773441,106006.0,115384.0,3250.0,3257.0,3239.8,3251.5,42877975,3576.6,2926.4,4322.95,2866.6,3246.9,45,3,3246.8,27,4,3246.7,62,2,3246.6,225,6,3246.5,63,3,3247.6,49,6,3247.7,374,3,3248.2,13,1,3248.4,22,2,3248.5,48,2
11536,2025-12-30 12:04:35+05:30,3247.6,1,3249.14,773441,106006.0,115384.0,3250.0,3257.0,3239.8,3251.5,42877975,3576.6,2926.4,4322.95,2866.6,3246.9,45,3,3246.8,27,4,3246.7,62,2,3246.6,225,6,3246.5,63,3,3247.6,49,6,3247.7,374,3,3248.2,13,1,3248.4,22,2,3248.5,48,2
11536,2025-12-30 12:04:36+05:30,3246.9,11,3249.14,773452,105910.0,115625.0,3250.0,3257.0,3239.8,3251.5,42877975,3576.6,2926.4,4322.95,2866.6,3246.9,34,3,3246.8,24,3,3246.7,62,2,3246.6,69,5,3246.5,57,2,3247.6,331,8,3247.7,102,3,3248.1,13,1,3248.4,22,2,3248.5,48,2
11536,2025-12-30 12:04:36+05:30,3246.9,11,3249.14,773452,105910.0,115625.0,3250.0,3257.0,3239.8,3251.5,42877975,3576.6,2926.4,4322.95,2866.6,3246.9,34,3,3246.8,24,3,3246.7,62,2,3246.6,69,5,3246.5,57,2,3247.6,331,8,3247.7,102,3,3248.1,13,1,3248.4,22,2,3248.5,48,2
11536,2025-12-30 12:04:37+05:30,3246.9,6,3249.14,773637,105529.0,115817.0,3250.0,3257.0,3239.8,3251.5,42877975,3576.6,2926.4,4322.95,2866.6,3246.9,7,1,3246.8,4,2,3246.7,62,2,3246.6,76,6,3246.5,18,1,3247.5,45,2,3247.6,295,7,3247.7,92,2,3248.0,43,2,3248.1,14,1
11536,2025-12-30 12:04:37+05:30,3246.9,6,3249.14,773637,105529.0,115817.0,3250.0,3257.0,3239.8,3251.5,42877975,3576.6,2926.4,4322.95,2866.6,3246.9,7,1,3246.8,4,2,3246.7,62,2,3246.6,76,6,3246.5,18,1,3247.5,45,2,3247.6,295,7,3247.7,92,2,3248.0,43,2,3248.1,14,1
11536,2025-12-30 12:04:38+05:30,3246.9,3,3249.14,773644,105542.0,115165.0,3250.0,3257.0,3239.8,3251.5,42877975,3576.6,2926.4,4322.95,2866.6,3246.9,20,1,3246.8,4,2,3246.7,62,2,3246.6,76,6,3246.5,18,1,3247.5,47,4,3247.6,333,7,3247.7,61,1,3247.9,14,1,3248.0,43,2
11536,2025-12-30 12:04:38+05:30,3246.9,3,3249.14,773644,105542.0,115165.0,3250.0,3257.0,3239.8,3251.5,42877975,3576.6,2926.4,4322.95,2866.6,3246.9,20,1,3246.8,4,2,3246.7,62,2,3246.6,76,6,3246.5,18,1,3247.5,47,4,3247.6,333,7,3247.7,61,1,3247.9,14,1,3248.0,43,2
11536,2025-12-30 12:04:39+05:30,3246.8,2,3249.14,773732,105395.0,115656.0,3250.0,3257.0,3239.8,3251.5,42877975,3576.6,2926.4,4322.95,2866.6,3246.8,4,2,3246.7,62,2,3246.6,55,5,3246.4,24,3,3246.3,96,4,3246.9,4,2,3247.4,22,1,3247.5,8,7,3247.6,66,4,3247.7,61,1
11536,2025-12-30 12:04:39+05:30,3246.8,2,3249.14,773732,105395.0,115656.0,3250.0,3257.0,3239.8,3251.5,42877975,3576.6,2926.4,4322.95,2866.6,3246.8,4,2,3246.7,62,2,3246.6,55,5,3246.4,24,3,3246.3,96,4,3246.9,4,2,3247.4,22,1,3247.5,8,7,3247.6,66,4,3247.7,61,1
11536,2025-12-30 12:04:40+05:30,3246.7,2,3249.14,773758,105037.0,115682.0,3250.0,3257.0,3239.8,3251.5,42877975,3576.6,2926.4,4322.95,2866.6,3246.7,67,3,3246.6,55,5,3246.4,13,3,3246.3,53,3,3246.2,162,7,3246.9,10,6,3247.4,22,1,3247.5,30,7,3247.6,40,2,3247.7,61,1
11536,2025-12-30 12:04:40+05:30,3246.7,2,3249.14,773758,105037.0,115682.0,3250.0,3257.0,3239.8,3251.5,42877975,3576.6,2926.4,4322.95,2866.6,3246.7,67,3,3246.6,55,5,3246.4,13,3,3246.3,53,3,3246.2,162,7,3246.9,10,6,3247.4,22,1,3247.5,30,7,3247.6,40,2,3247.7,61,1
11536,2025-12-30 12:04:41+05:30,3246.7,1,3249.14,773779,105020.0,115676.0,3250.0,3257.0,3239.8,3251.5,42877975,3576.6,2926.4,4322.95,2866.6,3246.7,95,4,3246.6,67,6,3246.5,6,1,3246.4,25,4,3246.3,39,2,3246.9,9,7,3247.4,22,1,3247.5,25,3,3247.6,40,2,3247.7,61,1
11536,2025-12-30 12:04:41+05:30,3246.7,15,3249.14,773779,105020.0,115676.0,3250.0,3257.0,3239.8,3251.5,42877975,3576.6,2926.4,4322.95,2866.6,3246.7,95,4,3246.6,67,6,3246.5,6,1,3246.4,25,4,3246.3,39,2,3246.9,9,7,3247.4,22,1,3247.5,25,3,3247.6,40,2,3247.7,61,1
11536,2025-12-30 12:04:42+05:30,3246.7,1,3249.14,773806,105034.0,115673.0,3250.0,3257.0,3239.8,3251.5,42877975,3576.6,2926.4,4322.95,2866.6,3246.7,68,4,3246.6,67,6,3246.5,6,1,3246.4,25,4,3246.3,39,2,3246.9,8,7,3247.4,22,1,3247.5,23,1,3247.6,40,2,3247.7,61,1
11536,2025-12-30 12:04:42+05:30,3246.7,7,3249.14,773806,105034.0,115673.0,3250.0,3257.0,3239.8,3251.5,42877975,3576.6,2926.4,4322.95,2866.6,3246.7,68,4,3246.6,67,6,3246.5,6,1,3246.4,25,4,3246.3,39,2,3246.9,8,7,3247.4,22,1,3247.5,23,1,3247.6,40,2,3247.7,61,1
11536,2025-12-30 12:04:43+05:30,3246.7,6,3249.14,773828,104969.0,115578.0,3250.0,3257.0,3239.8,3251.5,42877975,3576.6,2926.4,4322.95,2866.6,3246.7,58,3,3246.6,55,5,3246.5,18,2,3246.4,13,3,3246.3,39,2,3246.9,11,11,3247.4,22,1,3247.5,23,1,3247.6,40,2,3247.7,61,1
11536,2025-12-30 12:04:43+05:30,3246.7,2,3249.14,773828,104969.0,115578.0,3250.0,3257.0,3239.8,3251.5,42877975,3576.6,2926.4,4322.95,2866.6,3246.7,58,3,3246.6,55,5,3246.5,18,2,3246.4,13,3,3246.3,39,2,3246.9,11,11,3247.4,22,1,3247.5,23,1,3247.6,40,2,3247.7,61,1
11536,2025-12-30 12:04:44+05:30,3246.8,3,3249.14,773828,104969.0,115578.0,3250.0,3257.0,3239.8,3251.5,42877975,3576.6,2926.4,4322.95,2866.6,3246.7,58,3,3246.6,55,5,3246.5,18,2,3246.4,13,3,3246.3,39,2,3246.9,11,11,3247.4,22,1,3247.5,23,1,3247.6,40,2,3247.7,61,1
11536,2025-12-30 12:04:44+05:30,3246.8,4,3249.14,773846,105201.0,115559.0,3250.0,3257.0,3239.8,3251.5,42877975,3576.6,2926.4,4322.95,2866.6,3246.8,7,1,3246.7,49,4,3246.6,55,5,3246.5,13,1,3246.4,14,3,3246.9,158,9,3247.4,22,1,3247.5,23,1,3247.6,40,2,3247.7,61,1
11536,2025-12-30 12:04:45+05:30,3246.8,1,3249.14,773846,105201.0,115559.0,3250.0,3257.0,3239.8,3251.5,42877975,3576.6,2926.4,4322.95,2866.6,3246.8,7,1,3246.7,49,4,3246.6,55,5,3246.5,13,1,3246.4,14,3,3246.9,158,9,3247.4,22,1,3247.5,23,1,3247.6,40,2,3247.7,61,1
11536,2025-12-30 12:04:45+05:30,3246.9,1,3249.14,773856,105210.0,115555.0,3250.0,3257.0,3239.8,3251.5,42877975,3576.6,2926.4,4322.95,2866.6,3246.8,7,1,3246.7,49,4,3246.6,55,5,3246.5,13,1,3246.4,14,3,3246.9,154,6,3247.4,22,1,3247.5,23,1,3247.6,40,2,3247.7,61,1
11536,2025-12-30 12:04:46+05:30,3246.8,3,3249.14,773856,105210.0,115555.0,3250.0,3257.0,3239.8,3251.5,42877975,3576.6,2926.4,4322.95,2866.6,3246.8,7,1,3246.7,49,4,3246.6,55,5,3246.5,13,1,3246.4,14,3,3246.9,154,6,3247.4,22,1,3247.5,23,1,3247.6,40,2,3247.7,61,1
11536,2025-12-30 12:04:46+05:30,3246.8,3,3249.14,773863,105278.0,115650.0,3250.0,3257.0,3239.8,3251.5,42877975,3576.6,2926.4,4322.95,2866.6,3246.8,1,1,3246.7,61,5,3246.6,109,6,3246.4,27,4,3246.3,39,2,3246.9,153,6,3247.4,22,1,3247.5,23,1,3247.6,40,2,3247.7,61,1
11536,2025-12-30 12:04:47+05:30,3246.7,1,3249.14,773863,105278.0,115650.0,3250.0,3257.0,3239.8,3251.5,42877975,3576.6,2926.4,4322.95,2866.6,3246.8,1,1,3246.7,61,5,3246.6,109,6,3246.4,27,4,3246.3,39,2,3246.9,153,6,3247.4,22,1,3247.5,23,1,3247.6,40,2,3247.7,61,1
11536,2025-12-30 12:04:47+05:30,3246.7,2,3249.14,773937,105023.0,115664.0,3250.0,3257.0,3239.8,3251.5,42877975,3576.6,2926.4,4322.95,2866.6,3246.7,43,4,3246.6,121,7,3246.4,17,3,3246.3,39,2,3246.2,148,8,3246.8,7,3,3246.9,200,7,3247.4,22,1,3247.5,23,1,3247.7,61,1
11536,2025-12-30 12:04:48+05:30,3246.7,1,3249.14,773937,105023.0,115664.0,3250.0,3257.0,3239.8,3251.5,42877975,3576.6,2926.4,4322.95,2866.6,3246.7,43,4,3246.6,121,7,3246.4,17,3,3246.3,39,2,3246.2,148,8,3246.8,7,3,3246.9,200,7,3247.4,22,1,3247.5,23,1,3247.7,61,1
11536,2025-12-30 12:04:48+05:30,3246.7,10,3249.14,773961,104899.0,115668.0,3250.0,3257.0,3239.8,3251.5,42877975,3576.6,2926.4,4322.95,2866.6,3246.7,28,4,3246.6,121,7,3246.4,17,3,3246.3,15,1,3246.2,118,7,3246.8,5,4,3246.9,198,5,3247.4,22,1,3247.5,23,1,3247.7,61,1
11536,2025-12-30 12:04:49+05:30,3246.7,7,3249.14,773961,104899.0,115668.0,3250.0,3257.0,3239.8,3251.5,42877975,3576.6,2926.4,4322.95,2866.6,3246.7,28,4,3246.6,121,7,3246.4,17,3,3246.3,15,1,3246.2,118,7,3246.8,5,4,3246.9,198,5,3247.4,22,1,3247.5,23,1,3247.7,61,1
11536,2025-12-30 12:04:50+05:30,3246.7,8,3249.14,773979,104820.0,115691.0,3250.0,3257.0,3239.8,3251.5,42877975,3576.6,2926.4,4322.95,2866.6,3246.7,11,4,3246.6,121,7,3246.4,17,3,3246.3,15,1,3246.2,65,5,3246.8,21,8,3246.9,197,4,3247.4,22,1,3247.5,23,1,3247.7,61,1
11536,2025-12-30 12:04:50+05:30,3247.5,60,3249.14,773979,104820.0,115691.0,3250.0,3257.0,3239.8,3251.5,42877975,3576.6,2926.4,4322.95,2866.6,3246.7,11,4,3246.6,121,7,3246.4,17,3,3246.3,15,1,3246.2,65,5,3246.8,21,8,3246.9,197,4,3247.4,22,1,3247.5,23,1,3247.7,61,1
11536,2025-12-30 12:04:50+05:30,3247.5,60,3249.14,774321,105561.0,114046.0,3250.0,3257.0,3239.8,3251.5,42877975,3576.6,2926.4,4322.95,2866.6,3246.7,8,3,3246.6,265,7,3246.5,3,1,3246.4,266,11,3246.3,104,5,3247.5,18,3,3247.6,21,1,3247.7,22,1,3247.8,282,1,3248.2,22,2
11536,2025-12-30 12:04:52+05:30,3247.5,60,3249.14,774321,105557.0,114185.0,3250.0,3257.0,3239.8,3251.5,42877975,3576.6,2926.4,4322.95,2866.6,3246.7,14,4,3246.6,265,7,3246.5,3,1,3246.4,256,10,3246.3,104,5,3247.5,18,3,3247.6,303,2,3247.7,22,1,3248.0,7,1,3248.2,22,2
11536,2025-12-30 12:04:53+05:30,3246.7,3,3249.14,774423,105426.0,114176.0,3250.0,3257.0,3239.8,3251.5,42877975,3576.6,2926.4,4322.95,2866.6,3246.7,6,1,3246.6,109,6,3246.5,3,1,3246.4,266,11,3246.3,104,5,3247.5,13,4,3247.6,303,2,3247.7,22,1,3248.0,34,1,3248.2,22,2
11536,2025-12-30 12:04:53+05:30,3246.7,3,3249.14,774423,105426.0,114176.0,3250.0,3257.0,3239.8,3251.5,42877975,3576.6,2926.4,4322.95,2866.6,3246.7,6,1,3246.6,109,6,3246.5,3,1,3246.4,266,11,3246.3,104,5,3247.5,13,4,3247.6,303,2,3247.7,22,1,3248.0,34,1,3248.2,22,2
11536,2025-12-30 12:04:54+05:30,3247.5,4,3249.14,774511,105423.0,114304.0,3250.0,3257.0,3239.8,3251.5,42877975,3576.6,2926.4,4322.95,2866.6,3246.6,146,10,3246.5,27,3,3246.4,248,9,3246.3,91,5,3246.2,280,7,3247.5,8,3,3247.6,457,2,3247.9,21,1,3248.2,9,1,3248.3,91,4
11536,2025-12-30 12:04:54+05:30,3246.6,1,3249.14,774511,105423.0,114304.0,3250.0,3257.0,3239.8,3251.5,42877975,3576.6,2926.4,4322.95,2866.6,3246.6,146,10,3246.5,27,3,3246.4,248,9,3246.3,91,5,3246.2,280,7,3247.5,8,3,3247.6,457,2,3247.9,21,1,3248.2,9,1,3248.3,91,4
11536,2025-12-30 12:04:55+05:30,3247.5,1,3249.14,774574,105419.0,114308.0,3250.0,3257.0,3239.8,3251.5,42877975,3576.6,2926.4,4322.95,2866.6,3246.6,77,8,3246.5,40,4,3246.4,255,10,3246.3,112,6,3246.2,289,8,3247.5,11,7,3247.6,457,2,3247.9,21,1,3248.2,9,1,3248.3,105,5
11536,2025-12-30 12:04:55+05:30,3247.5,1,3249.14,774574,105419.0,114308.0,3250.0,3257.0,3239.8,3251.5,42877975,3576.6,2926.4,4322.95,2866.6,3246.6,77,8,3246.5,40,4,3246.4,255,10,3246.3,112,6,3246.2,289,8,3247.5,11,7,3247.6,457,2,3247.9,21,1,3248.2,9,1,3248.3,105,5
11536,2025-12-30 12:04:56+05:30,3246.6,7,3249.14,774601,105331.0,114488.0,3250.0,3257.0,3239.8,3251.5,42877975,3576.6,2926.4,4322.95,2866.6,3246.6,33,6,3246.5,31,3,3246.4,244,8,3246.3,91,5,3246.2,280,7,3247.5,27,5,3247.6,467,3,3247.7,22,1,3248.2,9,1,3248.3,83,4
11536,2025-12-30 12:04:56+05:30,3246.6,7,3249.14,774601,105331.0,114488.0,3250.0,3257.0,3239.8,3251.5,42877975,3576.6,2926.4,4322.95,2866.6,3246.6,33,6,3246.5,31,3,3246.4,244,8,3246.3,91,5,3246.2,280,7,3247.5,27,5,3247.6,467,3,3247.7,22,1,3248.2,9,1,3248.3,83,4
11536,2025-12-30 12:04:57+05:30,3246.6,2,3249.14,774708,105270.0,114456.0,3250.0,3257.0,3239.8,3251.5,42877975,3576.6,2926.4,4322.95,2866.6,3246.6,50,6,3246.5,18,2,3246.4,234,9,3246.3,125,6,3246.2,280,7,3247.5,31,8,3247.6,467,3,3247.7,22,1,3248.2,9,1,3248.3,83,4
11536,2025-12-30 12:04:57+05:30,3246.6,2,3249.14,774708,105270.0,114456.0,3250.0,3257.0,3239.8,3251.5,42877975,3576.6,2926.4,4322.95,2866.6,3246.6,50,6,3246.5,18,2,3246.4,234,9,3246.3,125,6,3246.2,280,7,3247.5,31,8,3247.6,467,3,3247.7,22,1,3248.2,9,1,3248.3,83,4
11536,2025-12-30 12:04:58+05:30,3246.6,6,3249.14,774728,105224.0,114351.0,3250.0,3257.0,3239.8,3251.5,42877975,3576.6,2926.4,4322.95,2866.6,3246.6,30,4,3246.5,18,2,3246.4,227,8,3246.3,115,5,3246.2,280,7,3247.5,311,7,3247.6,185,2,3247.7,22,1,3247.9,7,1,3248.0,34,1
11536,2025-12-30 12:04:58+05:30,3246.6,6,3249.14,774728,105224.0,114351.0,3250.0,3257.0,3239.8,3251.5,42877975,3576.6,2926.4,4322.95,2866.6,3246.6,30,4,3246.5,18,2,3246.4,227,8,3246.3,115,5,3246.2,280,7,3247.5,311,7,3247.6,185,2,3247.7,22,1,3247.9,7,1,3248.0,34,1
11536,2025-12-30 12:04:59+05:30,3246.7,1,3249.14,774765,105230.0,114353.0,3250.0,3257.0,3239.8,3251.5,42877975,3576.6,2926.4,4322.95,2866.6,3246.7,13,1,3246.6,23,3,3246.5,18,2,3246.4,227,8,3246.3,115,5,3247.5,28,7,3247.6,207,3,3247.7,282,1,3248.0,44,2,3248.2,9,1
11536,2025-12-30 12:04:59+05:30,3246.7,1,3249.14,774765,105230.0,114353.0,3250.0,3257.0,3239.8,3251.5,42877975,3576.6,2926.4,4322.95,2866.6,3246.7,13,1,3246.6,23,3,3246.5,18,2,3246.4,227,8,3246.3,115,5,3247.5,28,7,3247.6,207,3,3247.7,282,1,3248.0,44,2,3248.2,9,1
11536,2025-12-30 12:05:00+05:30,3246.7,5,3249.14,774787,105490.0,114054.0,3250.0,3257.0,3239.8,3251.5,42877975,3576.6,2926.4,4322.95,2866.6,3247.1,8,1,3246.6,23,3,3246.5,18,2,3246.4,278,10,3246.3,115,5,3247.5,41,7,3247.6,175,1,3248.0,48,2,3248.2,9,1,3248.3,43,2
11536,2025-12-30 12:05:00+05:30,3246.7,5,3249.14,774787,105490.0,114054.0,3250.0,3257.0,3239.8,3251.5,42877975,3576.6,2926.4,4322.95,2866.6,3247.1,8,1,3246.6,23,3,3246.5,18,2,3246.4,278,10,3246.3,115,5,3247.5,41,7,3247.6,175,1,3248.0,48,2,3248.2,9,1,3248.3,43,2
11536,2025-12-30 12:05:01+05:30,3246.7,5,3249.14,774787,105490.0,114054.0,3250.0,3257.0,3239.8,3251.5,42877975,3576.6,2926.4,4322.95,2866.6,3247.1,8,1,3246.6,23,3,3246.5,18,2,3246.4,278,10,3246.3,115,5,3247.5,41,7,3247.6,175,1,3248.0,48,2,3248.2,9,1,3248.3,43,2
11536,2025-12-30 12:05:01+05:30,3247.7,2,3249.14,774787,105490.0,114054.0,3250.0,3257.0,3239.8,3251.5,42877975,3576.6,2926.4,4322.95,2866.6,3247.1,8,1,3246.6,23,3,3246.5,18,2,3246.4,278,10,3246.3,115,5,3247.5,41,7,3247.6,175,1,3248.0,48,2,3248.2,9,1,3248.3,43,2
11536,2025-12-30 12:05:01+05:30,3247.7,2,3249.14,774891,106811.0,112665.0,3250.0,3257.0,3239.8,3251.5,42877975,3576.6,2926.4,4322.95,2866.6,3247.5,1,1,3247.1,8,1,3246.9,3,1,3246.8,193,3,3246.7,152,3,3247.7,116,1,3247.8,3,1,3247.9,6,2,3248.1,14,1,3248.3,34,1
11536,2025-12-30 12:05:02+05:30,3247.7,2,3249.14,774891,106811.0,112665.0,3250.0,3257.0,3239.8,3251.5,42877975,3576.6,2926.4,4322.95,2866.6,3247.5,1,1,3247.1,8,1,3246.9,3,1,3246.8,193,3,3246.7,152,3,3247.7,116,1,3247.8,3,1,3247.9,6,2,3248.1,14,1,3248.3,34,1
11536,2025-12-30 12:05:02+05:30,3247.8,1,3249.14,774892,106928.0,113998.0,3250.0,3257.0,3239.8,3251.5,42877975,3576.6,2926.4,4322.95,2866.6,3247.6,8,1,3247.5,1,1,3246.9,3,1,3246.8,236,4,3246.7,152,3,3247.8,115,1,3247.9,6,2,3248.2,3,1,3248.4,14,1,3248.6,59,4
11536,2025-12-30 12:05:03+05:30,3247.6,1,3249.14,774892,106928.0,113998.0,3250.0,3257.0,3239.8,3251.5,42877975,3576.6,2926.4,4322.95,2866.6,3247.6,8,1,3247.5,1,1,3246.9,3,1,3246.8,236,4,3246.7,152,3,3247.8,115,1,3247.9,6,2,3248.2,3,1,3248.4,14,1,3248.6,59,4
11536,2025-12-30 12:05:03+05:30,3247.6,1,3249.14,774892,106928.0,113998.0,3250.0,3257.0,3239.8,3251.5,42877975,3576.6,2926.4,4322.95,2866.6,3247.6,8,1,3247.5,1,1,3246.9,3,1,3246.8,236,4,3246.7,152,3,3247.8,115,1,3247.9,6,2,3248.2,3,1,3248.4,14,1,3248.6,59,4
11536,2025-12-30 12:05:03+05:30,3247.6,1,3249.14,774931,106725.0,114233.0,3250.0,3257.0,3239.8,3251.5,42877975,3576.6,2926.4,4322.95,2866.6,3247.5,1,1,3246.9,3,1,3246.8,221,3,3246.7,43,1,3246.6,281,9,3247.6,83,4,3247.7,51,1,3247.8,287,4,3247.9,2,1,3248.0,14,1
11536,2025-12-30 12:05:04+05:30,3247.5,1,3249.14,774931,106725.0,114233.0,3250.0,3257.0,3239.8,3251.5,42877975,3576.6,2926.4,4322.95,2866.6,3247.5,1,1,3246.9,3,1,3246.8,221,3,3246.7,43,1,3246.6,281,9,3247.6,83,4,3247.7,51,1,3247.8,287,4,3247.9,2,1,3248.0,14,1
11536,2025-12-30 12:05:04+05:30,3247.5,1,3249.14,774931,106725.0,114233.0,3250.0,3257.0,3239.8,3251.5,42877975,3576.6,2926.4,4322.95,2866.6,3247.5,1,1,3246.9,3,1,3246.8,221,3,3246.7,43,1,3246.6,281,9,3247.6,83,4,3247.7,51,1,3247.8,287,4,3247.9,2,1,3248.0,14,1
11536,2025-12-30 12:05:05+05:30,3247.4,1,3249.14,774971,105535.0,114085.0,3250.0,3257.0,3239.8,3251.5,42877975,3576.6,2926.4,4322.95,2866.6,3246.7,20,3,3246.6,49,6,3246.5,67,4,3246.4,273,9,3246.3,108,8,3247.4,4,3,3247.6,79,3,3247.7,51,1,3247.8,1,1,3248.2,62,3
11536,2025-12-30 12:05:05+05:30,3246.6,1,3249.14,774971,105535.0,114085.0,3250.0,3257.0,3239.8,3251.5,42877975,3576.6,2926.4,4322.95,2866.6,3246.7,20,3,3246.6,49,6,3246.5,67,4,3246.4,273,9,3246.3,108,8,3247.4,4,3,3247.6,79,3,3247.7,51,1,3247.8,1,1,3248.2,62,3
11536,2025-12-30 12:05:05+05:30,3246.6,1,3249.14,774971,105535.0,114085.0,3250.0,3257.0,3239.8,3251.5,42877975,3576.6,2926.4,4322.95,2866.6,3246.7,20,3,3246.6,49,6,3246.5,67,4,3246.4,273,9,3246.3,108,8,3247.4,4,3,3247.6,79,3,3247.7,51,1,3247.8,1,1,3248.2,62,3
11536,2025-12-30 12:05:06+05:30,3246.6,1,3249.14,774984,105399.0,114040.0,3250.0,3257.0,3239.8,3251.5,42877975,3576.6,2926.4,4322.95,2866.6,3246.6,80,8,3246.5,58,3,3246.4,191,9,3246.3,98,7,3246.2,328,10,3247.4,9,7,3247.6,77,2,3247.7,51,1,3248.2,34,1,3248.4,55,2
11536,2025-12-30 12:05:06+05:30,3246.6,1,3249.14,774984,105399.0,114040.0,3250.0,3257.0,3239.8,3251.5,42877975,3576.6,2926.4,4322.95,2866.6,3246.6,80,8,3246.5,58,3,3246.4,191,9,3246.3,98,7,3246.2,328,10,3247.4,9,7,3247.6,77,2,3247.7,51,1,3248.2,34,1,3248.4,55,2
11536,2025-12-30 12:05:06+05:30,3246.6,1,3249.14,774984,105399.0,114040.0,3250.0,3257.0,3239.8,3251.5,42877975,3576.6,2926.4,4322.95,2866.6,3246.6,80,8,3246.5,58,3,3246.4,191,9,3246.3,98,7,3246.2,328,10,3247.4,9,7,3247.6,77,2,3247.7,51,1,3248.2,34,1,3248.4,55,2
11536,2025-12-30 12:05:07+05:30,3246.6,1,3249.13,775079,105151.0,114071.0,3250.0,3257.0,3239.8,3251.5,42877975,3576.6,2926.4,4322.95,2866.6,3246.6,23,4,3246.5,43,2,3246.4,82,7,3246.3,98,7,3246.2,419,11,3247.4,8,7,3247.6,76,1,3247.7,51,1,3247.9,8,1,3248.2,34,1
11536,2025-12-30 12:05:07+05:30,3246.6,1,3249.13,775079,105151.0,114071.0,3250.0,3257.0,3239.8,3251.5,42877975,3576.6,2926.4,4322.95,2866.6,3246.6,23,4,3246.5,43,2,3246.4,82,7,3246.3,98,7,3246.2,419,11,3247.4,8,7,3247.6,76,1,3247.7,51,1,3247.9,8,1,3248.2,34,1
11536,2025-12-30 12:05:07+05:30,3246.6,1,3249.13,775079,105151.0,114071.0,3250.0,3257.0,3239.8,3251.5,42877975,3576.6,2926.4,4322.95,2866.6,3246.6,23,4,3246.5,43,2,3246.4,82,7,3246.3,98,7,3246.2,419,11,3247.4,8,7,3247.6,76,1,3247.7,51,1,3247.9,8,1,3248.2,34,1
11536,2025-12-30 12:05:08+05:30,3246.6,1,3249.13,775095,105141.0,113906.0,3250.0,3257.0,3239.8,3251.5,42877975,3576.6,2926.4,4322.95,2866.6,3246.6,21,4,3246.5,43,2,3246.4,82,7,3246.3,98,7,3246.2,419,11,3247.4,11,8,3247.6,76,1,3247.7,71,2,3247.8,22,1,3248.2,34,1
11536,2025-12-30 12:05:08+05:30,3246.6,1,3249.13,775095,105141.0,113906.0,3250.0,3257.0,3239.8,3251.5,42877975,3576.6,2926.4,4322.95,2866.6,3246.6,21,4,3246.5,43,2,3246.4,82,7,3246.3,98,7,3246.2,419,11,3247.4,11,8,3247.6,76,1,3247.7,71,2,3247.8,22,1,3248.2,34,1
11536,2025-12-30 12:05:08+05:30,3246.6,1,3249.13,775095,105141.0,113906.0,3250.0,3257.0,3239.8,3251.5,42877975,3576.6,2926.4,4322.95,2866.6,3246.6,21,4,3246.5,43,2,3246.4,82,7,3246.3,98,7,3246.2,419,11,3247.4,11,8,3247.6,76,1,3247.7,71,2,3247.8,22,1,3248.2,34,1
11536,2025-12-30 12:05:09+05:30,3246.6,1,3249.13,775103,105198.0,113917.0,3250.0,3257.0,3239.8,3251.5,42877975,3576.6,2926.4,4322.95,2866.6,3246.6,20,3,3246.5,55,3,3246.4,82,7,3246.3,98,7,3246.2,419,11,3247.4,12,9,3247.6,76,1,3247.7,51,1,3247.8,22,1,3248.1,20,1
11536,2025-12-30 12:05:09+05:30,3246.6,1,3249.13,775103,105198.0,113917.0,3250.0,3257.0,3239.8,3251.5,42877975,3576.6,2926.4,4322.95,2866.6,3246.6,20,3,3246.5,55,3,3246.4,82,7,3246.3,98,7,3246.2,419,11,3247.4,12,9,3247.6,76,1,3247.7,51,1,3247.8,22,1,3248.1,20,1
11536,2025-12-30 12:05:09+05:30,3247.4,2,3249.13,775103,105198.0,113917.0,3250.0,3257.0,3239.8,3251.5,42877975,3576.6,2926.4,4322.95,2866.6,3246.6,20,3,3246.5,55,3,3246.4,82,7,3246.3,98,7,3246.2,419,11,3247.4,12,9,3247.6,76,1,3247.7,51,1,3247.8,22,1,3248.1,20,1
11536,2025-12-30 12:05:09+05:30,3247.4,2,3249.13,775103,105198.0,113917.0,3250.0,3257.0,3239.8,3251.5,42877975,3576.6,2926.4,4322.95,2866.6,3246.6,20,3,3246.5,55,3,3246.4,82,7,3246.3,98,7,3246.2,419,11,3247.4,12,9,3247.6,76,1,3247.7,51,1,3247.8,22,1,3248.1,20,1
11536,2025-12-30 12:05:10+05:30,3247.4,2,3249.13,775168,106222.0,116322.0,3250.0,3257.0,3239.8,3251.5,42877975,3576.6,2926.4,4322.95,2866.6,3247.4,1,1,3246.6,261,7,3246.5,98,4,3246.4,317,10,3246.3,312,8,3247.5,1589,3,3247.6,98,3,3247.7,51,1,3247.8,22,2,3247.9,56,2
11536,2025-12-30 12:05:10+05:30,3247.4,2,3249.13,775168,106222.0,116322.0,3250.0,3257.0,3239.8,3251.5,42877975,3576.6,2926.4,4322.95,2866.6,3247.4,1,1,3246.6,261,7,3246.5,98,4,3246.4,317,10,3246.3,312,8,3247.5,1589,3,3247.6,98,3,3247.7,51,1,3247.8,22,2,3247.9,56,2
11536,2025-12-30 12:05:10+05:30,3247.5,10,3249.13,775168,106222.0,116322.0,3250.0,3257.0,3239.8,3251.5,42877975,3576.6,2926.4,4322.95,2866.6,3247.4,1,1,3246.6,261,7,3246.5,98,4,3246.4,317,10,3246.3,312,8,3247.5,1589,3,3247.6,98,3,3247.7,51,1,3247.8,22,2,3247.9,56,2
11536,2025-12-30 12:05:11+05:30,3247.5,1,3249.13,775179,106236.0,115088.0,3250.0,3257.0,3239.8,3251.5,42877975,3576.6,2926.4,4322.95,2866.6,3247.4,13,2,3246.6,261,7,3246.5,86,3,3246.4,317,10,3246.3,312,8,3247.5,1567,4,3247.6,98,3,3247.7,51,1,3247.8,13,1,3247.9,56,2
11536,2025-12-30 12:05:11+05:30,3247.4,1,3249.13,775179,106236.0,115088.0,3250.0,3257.0,3239.8,3251.5,42877975,3576.6,2926.4,4322.95,2866.6,3247.4,13,2,3246.6,261,7,3246.5,86,3,3246.4,317,10,3246.3,312,8,3247.5,1567,4,3247.6,98,3,3247.7,51,1,3247.8,13,1,3247.9,56,2
11536,2025-12-30 12:05:11+05:30,3247.4,1,3249.13,775179,106236.0,115088.0,3250.0,3257.0,3239.8,3251.5,42877975,3576.6,2926.4,4322.95,2866.6,3247.4,13,2,3246.6,261,7,3246.5,86,3,3246.4,317,10,3246.3,312,8,3247.5,1567,4,3247.6,98,3,3247.7,51,1,3247.8,13,1,3247.9,56,2
11536,2025-12-30 12:05:12+05:30,3247.4,1,3249.13,775192,106246.0,115498.0,3250.0,3257.0,3239.8,3251.5,42877975,3576.6,2926.4,4322.95,2866.6,3247.4,12,1,3246.6,261,7,3246.5,86,3,3246.4,317,10,3246.3,312,8,3247.5,1568,6,3247.6,76,1,3247.7,51,1,3247.8,13,1,3247.9,52,3
11536,2025-12-30 12:05:12+05:30,3247.5,2,3249.13,775192,106246.0,115498.0,3250.0,3257.0,3239.8,3251.5,42877975,3576.6,2926.4,4322.95,2866.6,3247.4,12,1,3246.6,261,7,3246.5,86,3,3246.4,317,10,3246.3,312,8,3247.5,1568,6,3247.6,76,1,3247.7,51,1,3247.8,13,1,3247.9,52,3
11536,2025-12-30 12:05:13+05:30,3246.7,4,3249.13,775199,105492.0,116205.0,3250.0,3257.0,3239.8,3251.5,42877975,3576.6,2926.4,4322.95,2866.6,3246.7,8,1,3246.6,11,3,3246.5,15,1,3246.4,261,9,3246.3,83,5,3247.5,1579,7,3247.6,358,2,3247.7,51,1,3247.8,9,1,3247.9,34,1
11536,2025-12-30 12:05:13+05:30,3246.7,4,3249.13,775199,105492.0,116205.0,3250.0,3257.0,3239.8,3251.5,42877975,3576.6,2926.4,4322.95,2866.6,3246.7,8,1,3246.6,11,3,3246.5,15,1,3246.4,261,9,3246.3,83,5,3247.5,1579,7,3247.6,358,2,3247.7,51,1,3247.8,9,1,3247.9,34,1
11536,2025-12-30 12:05:13+05:30,3246.7,6,3249.13,775199,105492.0,116205.0,3250.0,3257.0,3239.8,3251.5,42877975,3576.6,2926.4,4322.95,2866.6,3246.7,8,1,3246.6,11,3,3246.5,15,1,3246.4,261,9,3246.3,83,5,3247.5,1579,7,3247.6,358,2,3247.7,51,1,3247.8,9,1,3247.9,34,1
11536,2025-12-30 12:05:14+05:30,3246.7,2,3249.13,775212,105613.0,116065.0,3250.0,3257.0,3239.8,3251.5,42877975,3576.6,2926.4,4322.95,2866.6,3246.7,10,1,3246.6,11,3,3246.5,15,1,3246.4,228,7,3246.3,83,5,3247.5,1580,8,3247.6,76,1,3247.7,60,2,3247.8,304,2,3247.9,47,2
11536,2025-12-30 12:05:14+05:30,3246.7,2,3249.13,775212,105613.0,116065.0,3250.0,3257.0,3239.8,3251.5,42877975,3576.6,2926.4,4322.95,2866.6,3246.7,10,1,3246.6,11,3,3246.5,15,1,3246.4,228,7,3246.3,83,5,3247.5,1580,8,3247.6,76,1,3247.7,60,2,3247.8,304,2,3247.9,47,2
11536,2025-12-30 12:05:15+05:30,3247.1,2,3249.13,775215,105842.0,115514.0,3250.0,3257.0,3239.8,3251.5,42877975,3576.6,2926.4,4322.95,2866.6,3247.1,7,1,3246.6,11,3,3246.5,169,3,3246.4,248,8,3246.3,83,5,3247.5,1580,8,3247.6,76,1,3247.7,60,2,3247.8,22,1,3247.9,47,2
11536,2025-12-30 12:05:15+05:30,3247.1,2,3249.13,775215,105842.0,115514.0,3250.0,3257.0,3239.8,3251.5,42877975,3576.6,2926.4,4322.95,2866.6,3247.1,7,1,3246.6,11,3,3246.5,169,3,3246.4,248,8,3246.3,83,5,3247.5,1580,8,3247.6,76,1,3247.7,60,2,3247.8,22,1,3247.9,47,2
11536,2025-12-30 12:05:15+05:30,3247.1,2,3249.13,775215,105842.0,115514.0,3250.0,3257.0,3239.8,3251.5,42877975,3576.6,2926.4,4322.95,2866.6,3247.1,7,1,3246.6,11,3,3246.5,169,3,3246.4,248,8,3246.3,83,5,3247.5,1580,8,3247.6,76,1,3247.7,60,2,3247.8,22,1,3247.9,47,2
11536,2025-12-30 12:05:16+05:30,3247.1,2,3249.13,775219,105811.0,115534.0,3250.0,3257.0,3239.8,3251.5,42877975,3576.6,2926.4,4322.95,2866.6,3247.1,4,1,3246.6,13,4,3246.5,169,3,3246.4,250,8,3246.3,83,5,3247.5,1664,11,3247.6,76,1,3247.7,9,1,3247.8,22,1,3247.9,55,3
11536,2025-12-30 12:05:16+05:30,3247.1,1,3249.13,775219,105811.0,115534.0,3250.0,3257.0,3239.8,3251.5,42877975,3576.6,2926.4,4322.95,2866.6,3247.1,4,1,3246.6,13,4,3246.5,169,3,3246.4,250,8,3246.3,83,5,3247.5,1664,11,3247.6,76,1,3247.7,9,1,3247.8,22,1,3247.9,55,3
11536,2025-12-30 12:05:16+05:30,3247.1,1,3249.13,775219,105811.0,115534.0,3250.0,3257.0,3239.8,3251.5,42877975,3576.6,2926.4,4322.95,2866.6,3247.1,4,1,3246.6,13,4,3246.5,169,3,3246.4,250,8,3246.3,83,5,3247.5,1664,11,3247.6,76,1,3247.7,9,1,3247.8,22,1,3247.9,55,3
11536,2025-12-30 12:05:17+05:30,3247.1,1,3249.13,775304,105893.0,116013.0,3250.0,3257.0,3239.8,3251.5,42877975,3576.6,2926.4,4322.95,2866.6,3247.1,45,1,3246.6,220,7,3246.5,1,1,3246.4,224,6,3246.3,57,2,3247.5,1659,7,3247.6,76,1,3247.7,9,1,3247.8,304,2,3247.9,42,2
11536,2025-12-30 12:05:17+05:30,3247.1,1,3249.13,775304,105893.0,116013.0,3250.0,3257.0,3239.8,3251.5,42877975,3576.6,2926.4,4322.95,2866.6,3247.1,45,1,3246.6,220,7,3246.5,1,1,3246.4,224,6,3246.3,57,2,3247.5,1659,7,3247.6,76,1,3247.7,9,1,3247.8,304,2,3247.9,42,2
11536,2025-12-30 12:05:18+05:30,3247.1,1,3249.13,775305,106115.0,116038.0,3250.0,3257.0,3239.8,3251.5,42877975,3576.6,2926.4,4322.95,2866.6,3247.1,44,1,3246.6,220,7,3246.5,35,2,3246.4,237,8,3246.3,71,3,3247.5,1664,9,3247.6,76,1,3247.7,9,1,3247.8,317,3,3247.9,42,2
11536,2025-12-30 12:05:18+05:30,3247.1,1,3249.13,775305,106115.0,116038.0,3250.0,3257.0,3239.8,3251.5,42877975,3576.6,2926.4,4322.95,2866.6,3247.1,44,1,3246.6,220,7,3246.5,35,2,3246.4,237,8,3246.3,71,3,3247.5,1664,9,3247.6,76,1,3247.7,9,1,3247.8,317,3,3247.9,42,2
11536,2025-12-30 12:05:18+05:30,3247.1,1,3249.13,775305,106115.0,116038.0,3250.0,3257.0,3239.8,3251.5,42877975,3576.6,2926.4,4322.95,2866.6,3247.1,44,1,3246.6,220,7,3246.5,35,2,3246.4,237,8,3246.3,71,3,3247.5,1664,9,3247.6,76,1,3247.7,9,1,3247.8,317,3,3247.9,42,2
11536,2025-12-30 12:05:19+05:30,3247.1,6,3249.13,775314,105873.0,116015.0,3250.0,3257.0,3239.8,3251.5,42877975,3576.6,2926.4,4322.95,2866.6,3247.1,35,1,3246.6,169,5,3246.5,35,2,3246.4,237,8,3246.3,71,3,3247.5,1945,9,3247.6,76,1,3247.7,58,4,3247.9,63,3,3248.0,12,1
11536,2025-12-30 12:05:19+05:30,3247.1,1,3249.13,775314,105873.0,116015.0,3250.0,3257.0,3239.8,3251.5,42877975,3576.6,2926.4,4322.95,2866.6,3247.1,35,1,3246.6,169,5,3246.5,35,2,3246.4,237,8,3246.3,71,3,3247.5,1945,9,3247.6,76,1,3247.7,58,4,3247.9,63,3,3248.0,12,1
11536,2025-12-30 12:05:19+05:30,3247.1,1,3249.13,775314,105873.0,116015.0,3250.0,3257.0,3239.8,3251.5,43023400,3576.6,2926.4,4322.95,2866.6,3247.1,35,1,3246.6,169,5,3246.5,35,2,3246.4,237,8,3246.3,71,3,3247.5,1945,9,3247.6,76,1,3247.7,58,4,3247.9,63,3,3248.0,12,1
11536,2025-12-30 12:05:20+05:30,3247.1,1,3249.13,775339,105516.0,116031.0,3250.0,3257.0,3239.8,3251.5,43023400,3576.6,2926.4,4322.95,2866.6,3247.1,10,1,3246.6,169,5,3246.5,35,2,3246.4,230,7,3246.3,71,3,3247.5,1684,13,3247.6,85,2,3247.7,37,2,3247.8,302,3,3247.9,55,2
11536,2025-12-30 12:05:20+05:30,3247.1,10,3249.13,775339,105516.0,116031.0,3250.0,3257.0,3239.8,3251.5,43023400,3576.6,2926.4,4322.95,2866.6,3247.1,10,1,3246.6,169,5,3246.5,35,2,3246.4,230,7,3246.3,71,3,3247.5,1684,13,3247.6,85,2,3247.7,37,2,3247.8,302,3,3247.9,55,2
11536,2025-12-30 12:05:21+05:30,3247.1,10,3249.13,775349,104799.0,116829.0,3250.0,3257.0,3239.8,3251.5,43023400,3576.6,2926.4,4322.95,2866.6,3246.6,14,5,3246.5,35,2,3246.4,180,5,3246.3,28,2,3246.2,230,6,3247.0,4,3,3247.5,1662,10,3247.6,88,2,3247.7,22,1,3247.8,294,2
11536,2025-12-30 12:05:21+05:30,3246.6,5,3249.13,775349,104799.0,116829.0,3250.0,3257.0,3239.8,3251.5,43023400,3576.6,2926.4,4322.95,2866.6,3246.6,14,5,3246.5,35,2,3246.4,180,5,3246.3,28,2,3246.2,230,6,3247.0,4,3,3247.5,1662,10,3247.6,88,2,3247.7,22,1,3247.8,294,2
11536,2025-12-30 12:05:22+05:30,3246.6,5,3249.13,775349,104799.0,116829.0,3250.0,3257.0,3239.8,3251.5,43023400,3576.6,2926.4,4322.95,2866.6,3246.6,14,5,3246.5,35,2,3246.4,180,5,3246.3,28,2,3246.2,230,6,3247.0,4,3,3247.5,1662,10,3247.6,88,2,3247.7,22,1,3247.8,294,2
11536,2025-12-30 12:05:22+05:30,3246.6,1,3249.13,775371,104582.0,116672.0,3250.0,3257.0,3239.8,3251.5,43023400,3576.6,2926.4,4322.95,2866.6,3246.6,3,3,3246.5,35,2,3246.4,24,4,3246.3,28,2,3246.2,24,3,3247.1,52,3,3247.4,282,1,3247.5,1662,6,3247.6,110,2,3247.7,12,1
11536,2025-12-30 12:05:22+05:30,3246.6,1,3249.13,775371,104582.0,116672.0,3250.0,3257.0,3239.8,3251.5,43023400,3576.6,2926.4,4322.95,2866.6,3246.6,3,3,3246.5,35,2,3246.4,24,4,3246.3,28,2,3246.2,24,3,3247.1,52,3,3247.4,282,1,3247.5,1662,6,3247.6,110,2,3247.7,12,1
11536,2025-12-30 12:05:23+05:30,3246.6,2,3249.13,775376,104596.0,116925.0,3250.0,3257.0,3239.8,3251.5,43023400,3576.6,2926.4,4322.95,2866.6,3246.6,11,2,3246.5,41,3,3246.4,24,4,3246.3,28,2,3246.2,24,3,3247.1,68,6,3247.3,12,1,3247.4,303,2,3247.5,1668,5,3247.6,122,3
11536,2025-12-30 12:05:23+05:30,3247.1,1,3249.13,775376,104596.0,116925.0,3250.0,3257.0,3239.8,3251.5,43023400,3576.6,2926.4,4322.95,2866.6,3246.6,11,2,3246.5,41,3,3246.4,24,4,3246.3,28,2,3246.2,24,3,3247.1,68,6,3247.3,12,1,3247.4,303,2,3247.5,1668,5,3247.6,122,3
11536,2025-12-30 12:05:24+05:30,3246.6,6,3249.13,775383,104604.0,115372.0,3250.0,3257.0,3239.8,3251.5,43023400,3576.6,2926.4,4322.95,2866.6,3246.6,5,2,3246.5,41,3,3246.4,24,4,3246.3,28,2,3246.2,24,3,3247.1,70,9,3247.4,21,1,3247.5,1668,5,3247.6,110,2,3247.9,134,3
11536,2025-12-30 12:05:24+05:30,3246.6,1,3249.13,775383,104604.0,115372.0,3250.0,3257.0,3239.8,3251.5,43023400,3576.6,2926.4,4322.95,2866.6,3246.6,5,2,3246.5,41,3,3246.4,24,4,3246.3,28,2,3246.2,24,3,3247.1,70,9,3247.4,21,1,3247.5,1668,5,3247.6,110,2,3247.9,134,3
11536,2025-12-30 12:05:25+05:30,3246.6,1,3249.13,775427,104651.0,116484.0,3250.0,3257.0,3239.8,3251.5,43023400,3576.6,2926.4,4322.95,2866.6,3246.6,18,3,3246.5,35,2,3246.4,43,5,3246.3,49,3,3246.2,24,3,3247.1,33,11,3247.5,1647,4,3247.6,76,1,3247.7,57,2,3247.9,82,4
11536,2025-12-30 12:05:25+05:30,3246.6,1,3249.13,775427,104651.0,116484.0,3250.0,3257.0,3239.8,3251.5,43023400,3576.6,2926.4,4322.95,2866.6,3246.6,18,3,3246.5,35,2,3246.4,43,5,3246.3,49,3,3246.2,24,3,3247.1,33,11,3247.5,1647,4,3247.6,76,1,3247.7,57,2,3247.9,82,4
11536,2025-12-30 12:05:26+05:30,3246.6,1,3249.13,775432,104653.0,116492.0,3250.0,3257.0,3239.8,3251.5,43023400,3576.6,2926.4,4322.95,2866.6,3246.6,16,3,3246.5,35,2,3246.4,43,5,3246.3,49,3,3246.2,24,3,3247.1,31,10,3247.5,1647,4,3247.6,76,1,3247.7,57,2,3247.9,85,5
11536,2025-12-30 12:05:26+05:30,3246.6,11,3249.13,775432,104653.0,116492.0,3250.0,3257.0,3239.8,3251.5,43023400,3576.6,2926.4,4322.95,2866.6,3246.6,16,3,3246.5,35,2,3246.4,43,5,3246.3,49,3,3246.2,24,3,3247.1,31,10,3247.5,1647,4,3247.6,76,1,3247.7,57,2,3247.9,85,5
11536,2025-12-30 12:05:26+05:30,3246.6,2,3249.13,775523,104596.0,116522.0,3250.0,3257.0,3239.8,3251.5,43023400,3576.6,2926.4,4322.95,2866.6,3246.6,12,2,3246.5,35,2,3246.4,24,4,3246.3,28,2,3246.2,24,3,3247.1,140,12,3247.5,1563,2,3247.6,76,1,3247.7,57,2,3247.8,3,1
11536,2025-12-30 12:05:27+05:30,3246.6,1,3249.13,775523,104596.0,116522.0,3250.0,3257.0,3239.8,3251.5,43023400,3576.6,2926.4,4322.95,2866.6,3246.6,12,2,3246.5,35,2,3246.4,24,4,3246.3,28,2,3246.2,24,3,3247.1,140,12,3247.5,1563,2,3247.6,76,1,3247.7,57,2,3247.8,3,1
11536,2025-12-30 12:05:27+05:30,3246.6,1,3249.13,775534,104564.0,116479.0,3250.0,3257.0,3239.8,3251.5,43023400,3576.6,2926.4,4322.95,2866.6,3246.6,58,3,3246.5,35,2,3246.4,24,4,3246.3,41,3,3246.2,58,4,3247.1,142,11,3247.5,1563,2,3247.6,76,1,3247.7,23,1,3247.8,3,1
11536,2025-12-30 12:05:29+05:30,3246.6,1,3249.13,775534,104564.0,116479.0,3250.0,3257.0,3239.8,3251.5,43023400,3576.6,2926.4,4322.95,2866.6,3246.6,58,3,3246.5,35,2,3246.4,24,4,3246.3,41,3,3246.2,58,4,3247.1,142,11,3247.5,1563,2,3247.6,76,1,3247.7,23,1,3247.8,3,1
11536,2025-12-30 12:05:31+05:30,3247.1,1,3249.13,775534,104564.0,116479.0,3250.0,3257.0,3239.8,3251.5,43023400,3576.6,2926.4,4322.95,2866.6,3246.6,58,3,3246.5,35,2,3246.4,24,4,3246.3,41,3,3246.2,58,4,3247.1,142,11,3247.5,1563,2,3247.6,76,1,3247.7,23,1,3247.8,3,1
11536,2025-12-30 12:05:32+05:30,3246.6,1,3249.13,775718,105180.0,116670.0,3250.0,3257.0,3239.8,3251.5,43023400,3576.6,2926.4,4322.95,2866.6,3246.6,15,2,3246.5,58,5,3246.4,188,6,3246.3,65,5,3246.2,266,8,3247.1,29,6,3247.3,282,1,3247.5,1554,1,3247.6,76,1,3247.8,3,1
11536,2025-12-30 12:05:35+05:30,3246.5,1,3249.13,775718,105180.0,116670.0,3250.0,3257.0,3239.8,3251.5,43023400,3576.6,2926.4,4322.95,2866.6,3246.6,15,2,3246.5,58,5,3246.4,188,6,3246.3,65,5,3246.2,266,8,3247.1,29,6,3247.3,282,1,3247.5,1554,1,3247.6,76,1,3247.8,3,1
11536,2025-12-30 12:05:37+05:30,3246.5,6,3249.13,775916,104675.0,116318.0,3250.0,3257.0,3239.8,3251.5,43023400,3576.6,2926.4,4322.95,2866.6,3246.5,21,4,3246.4,24,4,3246.3,40,4,3246.2,41,3,3246.1,71,5,3247.1,42,6,3247.2,282,1,3247.3,76,1,3247.5,1556,2,3247.7,34,1
11536,2025-12-30 12:05:38+05:30,3246.5,6,3249.13,775916,104675.0,116318.0,3250.0,3257.0,3239.8,3251.5,43023400,3576.6,2926.4,4322.95,2866.6,3246.5,21,4,3246.4,24,4,3246.3,40,4,3246.2,41,3,3246.1,71,5,3247.1,42,6,3247.2,282,1,3247.3,76,1,3247.5,1556,2,3247.7,34,1
11536,2025-12-30 12:05:41+05:30,3246.5,3,3249.13,775916,104675.0,116318.0,3250.0,3257.0,3239.8,3251.5,43023400,3576.6,2926.4,4322.95,2866.6,3246.5,21,4,3246.4,24,4,3246.3,40,4,3246.2,41,3,3246.1,71,5,3247.1,42,6,3247.2,282,1,3247.3,76,1,3247.5,1556,2,3247.7,34,1
11536,2025-12-30 12:05:42+05:30,3246.5,21,3249.13,776092,104588.0,117540.0,3250.0,3257.0,3239.8,3251.5,43023400,3576.6,2926.4,4322.95,2866.6,3246.5,12,3,3246.4,35,5,3246.3,34,4,3246.2,218,6,3246.1,71,5,3246.6,5,4,3247.0,1554,1,3247.1,15,2,3247.3,358,2,3247.7,126,2
11536,2025-12-30 12:05:43+05:30,3246.5,4,3249.13,776092,104588.0,117540.0,3250.0,3257.0,3239.8,3251.5,43023400,3576.6,2926.4,4322.95,2866.6,3246.5,12,3,3246.4,35,5,3246.3,34,4,3246.2,218,6,3246.1,71,5,3246.6,5,4,3247.0,1554,1,3247.1,15,2,3247.3,358,2,3247.7,126,2
11536,2025-12-30 12:05:46+05:30,3246.6,1,3249.13,776663,104638.0,116680.0,3250.0,3257.0,3239.8,3251.5,43023400,3576.6,2926.4,4322.95,2866.6,3246.5,29,3,3246.4,35,5,3246.3,58,5,3246.2,216,5,3246.1,172,6,3246.6,26,4,3247.0,1070,1,3247.1,15,2,3247.3,76,1,3247.6,3,1
11536,2025-12-30 12:05:47+05:30,3246.6,1,3249.13,776663,104638.0,116680.0,3250.0,3257.0,3239.8,3251.5,43023400,3576.6,2926.4,4322.95,2866.6,3246.5,29,3,3246.4,35,5,3246.3,58,5,3246.2,216,5,3246.1,172,6,3246.6,26,4,3247.0,1070,1,3247.1,15,2,3247.3,76,1,3247.6,3,1
11536,2025-12-30 12:05:50+05:30,3246.5,1,3249.13,776663,104638.0,116680.0,3250.0,3257.0,3239.8,3251.5,43023400,3576.6,2926.4,4322.95,2866.6,3246.5,29,3,3246.4,35,5,3246.3,58,5,3246.2,216,5,3246.1,172,6,3246.6,26,4,3247.0,1070,1,3247.1,15,2,3247.3,76,1,3247.6,3,1
11536,2025-12-30 12:05:50+05:30,3246.5,1,3249.13,777116,104383.0,116454.0,3250.0,3257.0,3239.8,3251.5,43023400,3576.6,2926.4,4322.95,2866.6,3246.4,37,6,3246.3,36,5,3246.2,63,5,3246.1,154,5,3246.0,106,11,3246.5,8,1,3246.6,7,2,3247.0,1070,1,3247.3,76,1,3247.6,3,1
11536,2025-12-30 12:05:53+05:30,3246.5,1,3249.13,777116,104383.0,116454.0,3250.0,3257.0,3239.8,3251.5,43023400,3576.6,2926.4,4322.95,2866.6,3246.4,37,6,3246.3,36,5,3246.2,63,5,3246.1,154,5,3246.0,106,11,3246.5,8,1,3246.6,7,2,3247.0,1070,1,3247.3,76,1,3247.6,3,1
11536,2025-12-30 12:05:55+05:30,3246.5,1,3249.13,777274,104832.0,116486.0,3250.0,3257.0,3239.8,3251.5,43023400,3576.6,2926.4,4322.95,2866.6,3246.5,20,3,3246.4,80,5,3246.3,109,6,3246.2,261,6,3246.1,160,6,3247.0,1075,3,3247.3,76,1,3247.6,3,1,3247.7,34,1,3247.8,5,2
11536,2025-12-30 12:05:55+05:30,3246.5,5,3249.13,777274,104832.0,116486.0,3250.0,3257.0,3239.8,3251.5,43023400,3576.6,2926.4,4322.95,2866.6,3246.5,20,3,3246.4,80,5,3246.3,109,6,3246.2,261,6,3246.1,160,6,3247.0,1075,3,3247.3,76,1,3247.6,3,1,3247.7,34,1,3247.8,5,2
11536,2025-12-30 12:05:59+05:30,3246.5,6,3249.13,777484,104532.0,116996.0,3250.0,3257.0,3239.8,3251.5,43023400,3576.6,2926.4,4322.95,2866.6,3246.5,29,1,3246.4,117,7,3246.3,85,5,3246.2,104,5,3246.1,62,5,3247.0,1063,6,3247.1,282,1,3247.3,76,1,3247.6,3,1,3247.7,34,1
11536,2025-12-30 12:05:59+05:30,3246.5,6,3249.13,777484,104532.0,116996.0,3250.0,3257.0,3239.8,3251.5,43023400,3576.6,2926.4,4322.95,2866.6,3246.5,29,1,3246.4,117,7,3246.3,85,5,3246.2,104,5,3246.1,62,5,3247.0,1063,6,3247.1,282,1,3247.3,76,1,3247.6,3,1,3247.7,34,1
11536,2025-12-30 12:06:02+05:30,3246.5,3,3249.13,777484,104532.0,116996.0,3250.0,3257.0,3239.8,3251.5,43023400,3576.6,2926.4,4322.95,2866.6,3246.5,29,1,3246.4,117,7,3246.3,85,5,3246.2,104,5,3246.1,62,5,3247.0,1063,6,3247.1,282,1,3247.3,76,1,3247.6,3,1,3247.7,34,1
11536,2025-12-30 12:06:03+05:30,3246.5,2,3249.13,777541,104675.0,116739.0,3250.0,3257.0,3239.8,3251.5,43023400,3576.6,2926.4,4322.95,2866.6,3246.5,53,3,3246.4,80,5,3246.3,85,5,3246.2,114,5,3246.1,62,5,3247.0,1094,8,3247.3,89,2,3247.6,48,3,3247.7,34,1,3247.8,72,6
11536,2025-12-30 12:06:05+05:30,3246.8,2,3249.13,777541,104675.0,116739.0,3250.0,3257.0,3239.8,3251.5,43023400,3576.6,2926.4,4322.95,2866.6,3246.5,53,3,3246.4,80,5,3246.3,85,5,3246.2,114,5,3246.1,62,5,3247.0,1094,8,3247.3,89,2,3247.6,48,3,3247.7,34,1,3247.8,72,6
11536,2025-12-30 12:06:08+05:30,3247.0,1,3249.13,777640,104723.0,117174.0,3250.0,3257.0,3239.8,3251.5,43023400,3576.6,2926.4,4322.95,2866.6,3246.8,7,1,3246.5,34,3,3246.4,236,6,3246.3,85,5,3246.2,90,4,3247.0,1094,8,3247.3,358,2,3247.6,59,3,3247.7,34,1,3247.8,99,6
11536,2025-12-30 12:06:08+05:30,3247.0,1,3249.13,777640,104723.0,117174.0,3250.0,3257.0,3239.8,3251.5,43023400,3576.6,2926.4,4322.95,2866.6,3246.8,7,1,3246.5,34,3,3246.4,236,6,3246.3,85,5,3246.2,90,4,3247.0,1094,8,3247.3,358,2,3247.6,59,3,3247.7,34,1,3247.8,99,6
11536,2025-12-30 12:06:11+05:30,3246.8,18,3249.13,777640,104723.0,117174.0,3250.0,3257.0,3239.8,3251.5,43023400,3576.6,2926.4,4322.95,2866.6,3246.8,7,1,3246.5,34,3,3246.4,236,6,3246.3,85,5,3246.2,90,4,3247.0,1094,8,3247.3,358,2,3247.6,59,3,3247.7,34,1,3247.8,99,6
11536,2025-12-30 12:06:12+05:30,3247.0,1,3249.13,777865,105213.0,117144.0,3250.0,3257.0,3239.8,3251.5,43023400,3576.6,2926.4,4322.95,2866.6,3246.8,45,1,3246.7,8,1,3246.5,34,3,3246.4,80,5,3246.3,85,5,3247.0,937,5,3247.3,358,2,3247.6,72,4,3247.7,34,1,3247.8,90,5
11536,2025-12-30 12:06:13+05:30,3246.8,1,3249.13,777865,105213.0,117144.0,3250.0,3257.0,3239.8,3251.5,43023400,3576.6,2926.4,4322.95,2866.6,3246.8,45,1,3246.7,8,1,3246.5,34,3,3246.4,80,5,3246.3,85,5,3247.0,937,5,3247.3,358,2,3247.6,72,4,3247.7,34,1,3247.8,90,5
11536,2025-12-30 12:06:17+05:30,3246.8,29,3249.13,777985,104568.0,117140.0,3250.0,3257.0,3239.8,3251.5,43023400,3576.6,2926.4,4322.95,2866.6,3246.5,34,3,3246.4,80,5,3246.3,85,5,3246.2,171,3,3246.1,21,2,3246.7,1,1,3246.8,9,2,3247.0,931,6,3247.3,358,2,3247.4,52,2
11536,2025-12-30 12:06:17+05:30,3246.8,29,3249.13,777985,104568.0,117140.0,3250.0,3257.0,3239.8,3251.5,43023400,3576.6,2926.4,4322.95,2866.6,3246.5,34,3,3246.4,80,5,3246.3,85,5,3246.2,171,3,3246.1,21,2,3246.7,1,1,3246.8,9,2,3247.0,931,6,3247.3,358,2,3247.4,52,2
11536,2025-12-30 12:06:20+05:30,3247.0,281,3249.13,777985,104568.0,117140.0,3250.0,3257.0,3239.8,3251.5,43023400,3576.6,2926.4,4322.95,2866.6,3246.5,34,3,3246.4,80,5,3246.3,85,5,3246.2,171,3,3246.1,21,2,3246.7,1,1,3246.8,9,2,3247.0,931,6,3247.3,358,2,3247.4,52,2
11536,2025-12-30 12:06:21+05:30,3246.5,2,3249.12,778375,104329.0,117024.0,3250.0,3257.0,3239.8,3251.5,43023400,3576.6,2926.4,4322.95,2866.6,3246.5,9,2,3246.4,80,5,3246.3,85,5,3246.2,15,2,3246.1,29,3,3246.7,89,5,3247.0,632,4,3247.2,282,1,3247.3,76,1,3247.6,27,2
11536,2025-12-30 12:06:23+05:30,3246.4,28,3249.12,778375,104329.0,117024.0,3250.0,3257.0,3239.8,3251.5,43023400,3576.6,2926.4,4322.95,2866.6,3246.5,9,2,3246.4,80,5,3246.3,85,5,3246.2,15,2,3246.1,29,3,3246.7,89,5,3247.0,632,4,3247.2,282,1,3247.3,76,1,3247.6,27,2
11536,2025-12-30 12:06:25+05:30,3246.3,7,3249.12,778906,104379.0,116525.0,3250.0,3257.0,3239.8,3251.5,43023400,3576.6,2926.4,4322.95,2866.6,3246.5,8,1,3246.3,84,6,3246.2,15,2,3246.1,116,2,3246.0,323,14,3246.7,9,3,3247.0,515,1,3247.2,282,1,3247.3,76,1,3247.6,40,2
11536,2025-12-30 12:06:26+05:30,3246.5,5,3249.12,778906,104379.0,116525.0,3250.0,3257.0,3239.8,3251.5,43023400,3576.6,2926.4,4322.95,2866.6,3246.5,8,1,3246.3,84,6,3246.2,15,2,3246.1,116,2,3246.0,323,14,3246.7,9,3,3247.0,515,1,3247.2,282,1,3247.3,76,1,3247.6,40,2
11536,2025-12-30 12:06:29+05:30,3246.5,14,3249.12,778906,104379.0,116525.0,3250.0,3257.0,3239.8,3251.5,43023400,3576.6,2926.4,4322.95,2866.6,3246.5,8,1,3246.3,84,6,3246.2,15,2,3246.1,116,2,3246.0,323,14,3246.7,9,3,3247.0,515,1,3247.2,282,1,3247.3,76,1,3247.6,40,2
11536,2025-12-30 12:06:29+05:30,3246.5,14,3249.12,779117,104616.0,116429.0,3250.0,3257.0,3239.8,3251.5,43023400,3576.6,2926.4,4322.95,2866.6,3246.5,8,1,3246.4,67,6,3246.3,123,7,3246.2,67,5,3246.1,157,6,3246.7,8,5,3247.0,515,1,3247.2,282,1,3247.3,76,1,3247.6,3,1
11536,2025-12-30 12:06:32+05:30,3246.5,1,3249.12,779117,104616.0,116429.0,3250.0,3257.0,3239.8,3251.5,43023400,3576.6,2926.4,4322.95,2866.6,3246.5,8,1,3246.4,67,6,3246.3,123,7,3246.2,67,5,3246.1,157,6,3246.7,8,5,3247.0,515,1,3247.2,282,1,3247.3,76,1,3247.6,3,1
11536,2025-12-30 12:06:34+05:30,3246.5,5,3249.12,779365,104379.0,116665.0,3250.0,3257.0,3239.8,3251.5,43023400,3576.6,2926.4,4322.95,2866.6,3246.5,10,1,3246.4,12,3,3246.3,78,5,3246.2,15,2,3246.1,124,4,3246.7,38,5,3247.0,515,1,3247.2,282,1,3247.3,76,1,3247.6,3,1
11536,2025-12-30 12:06:35+05:30,3246.3,1,3249.12,779365,104379.0,116665.0,3250.0,3257.0,3239.8,3251.5,43023400,3576.6,2926.4,4322.95,2866.6,3246.5,10,1,3246.4,12,3,3246.3,78,5,3246.2,15,2,3246.1,124,4,3246.7,38,5,3247.0,515,1,3247.2,282,1,3247.3,76,1,3247.6,3,1
11536,2025-12-30 12:06:38+05:30,3246.1,5,3249.12,779822,103067.0,116796.0,3250.0,3257.0,3239.8,3251.5,43023400,3576.6,2926.4,4322.95,2866.6,3246.1,31,3,3246.0,72,10,3245.9,31,2,3245.8,71,4,3245.7,49,2,3246.3,16,7,3246.4,2,1,3246.7,30,1,3247.0,515,1,3247.2,319,3
11536,2025-12-30 12:06:38+05:30,3246.1,5,3249.12,779822,103067.0,116796.0,3250.0,3257.0,3239.8,3251.5,43023400,3576.6,2926.4,4322.95,2866.6,3246.1,31,3,3246.0,72,10,3245.9,31,2,3245.8,71,4,3245.7,49,2,3246.3,16,7,3246.4,2,1,3246.7,30,1,3247.0,515,1,3247.2,319,3
11536,2025-12-30 12:06:41+05:30,3246.0,3,3249.12,779822,103067.0,116796.0,3250.0,3257.0,3239.8,3251.5,43023400,3576.6,2926.4,4322.95,2866.6,3246.1,31,3,3246.0,72,10,3245.9,31,2,3245.8,71,4,3245.7,49,2,3246.3,16,7,3246.4,2,1,3246.7,30,1,3247.0,515,1,3247.2,319,3
11536,2025-12-30 12:06:43+05:30,3246.0,6,3249.12,780322,101863.0,117029.0,3250.0,3257.0,3239.8,3251.5,43023400,3576.6,2926.4,4322.95,2866.6,3246.0,28,2,3245.9,12,1,3245.7,42,2,3245.6,92,6,3245.5,82,3,3246.3,65,7,3247.0,515,1,3247.1,3,1,3247.2,319,3,3247.3,76,1
11536,2025-12-30 12:06:44+05:30,3245.6,6,3249.12,780322,101863.0,117029.0,3250.0,3257.0,3239.8,3251.5,43023400,3576.6,2926.4,4322.95,2866.6,3246.0,28,2,3245.9,12,1,3245.7,42,2,3245.6,92,6,3245.5,82,3,3246.3,65,7,3247.0,515,1,3247.1,3,1,3247.2,319,3,3247.3,76,1
11536,2025-12-30 12:06:47+05:30,3245.9,9,3249.12,780322,101863.0,117029.0,3250.0,3257.0,3239.8,3251.5,43023400,3576.6,2926.4,4322.95,2866.6,3246.0,28,2,3245.9,12,1,3245.7,42,2,3245.6,92,6,3245.5,82,3,3246.3,65,7,3247.0,515,1,3247.1,3,1,3247.2,319,3,3247.3,76,1
11536,2025-12-30 12:06:48+05:30,3244.7,23,3249.1,783709,99025.0,119993.0,3250.0,3257.0,3239.8,3251.5,43023400,3576.6,2926.4,4322.95,2866.6,3245.9,1,1,3245.5,9,2,3245.0,43,1,3244.9,197,2,3244.8,106,6,3246.2,55,3,3246.3,259,11,3246.6,25,1,3246.7,30,1,3246.8,54,2
11536,2025-12-30 12:06:50+05:30,3245.0,10,3249.1,783709,99025.0,119993.0,3250.0,3257.0,3239.8,3251.5,43023400,3576.6,2926.4,4322.95,2866.6,3245.9,1,1,3245.5,9,2,3245.0,43,1,3244.9,197,2,3244.8,106,6,3246.2,55,3,3246.3,259,11,3246.6,25,1,3246.7,30,1,3246.8,54,2
11536,2025-12-30 12:06:53+05:30,3245.9,4,3249.1,784789,101444.0,121457.0,3250.0,3257.0,3239.8,3251.5,43023400,3576.6,2926.4,4322.95,2866.6,3245.9,11,2,3245.8,12,1,3245.6,16,1,3245.5,47,3,3245.4,84,5,3246.2,31,3,3246.3,36,2,3246.9,37,2,3247.0,515,1,3247.1,79,2
11536,2025-12-30 12:06:53+05:30,3246.3,30,3249.1,784789,101444.0,121457.0,3250.0,3257.0,3239.8,3251.5,43023400,3576.6,2926.4,4322.95,2866.6,3245.9,11,2,3245.8,12,1,3245.6,16,1,3245.5,47,3,3245.4,84,5,3246.2,31,3,3246.3,36,2,3246.9,37,2,3247.0,515,1,3247.1,79,2
11536,2025-12-30 12:06:56+05:30,3247.2,76,3249.1,784789,101444.0,121457.0,3250.0,3257.0,3239.8,3251.5,43023400,3576.6,2926.4,4322.95,2866.6,3245.9,11,2,3245.8,12,1,3245.6,16,1,3245.5,47,3,3245.4,84,5,3246.2,31,3,3246.3,36,2,3246.9,37,2,3247.0,515,1,3247.1,79,2
11536,2025-12-30 12:06:57+05:30,3247.0,13,3249.09,785802,105903.0,119895.0,3250.0,3257.0,3239.8,3251.5,43023400,3576.6,2926.4,4322.95,2866.6,3246.7,19,1,3246.6,16,1,3246.5,3,1,3246.4,42,4,3246.3,35,2,3247.6,175,1,3247.7,5,2,3247.8,315,3,3247.9,25,1,3248.0,79,3
11536,2025-12-30 12:06:59+05:30,3246.8,108,3249.09,785802,105903.0,119895.0,3250.0,3257.0,3239.8,3251.5,43023400,3576.6,2926.4,4322.95,2866.6,3246.7,19,1,3246.6,16,1,3246.5,3,1,3246.4,42,4,3246.3,35,2,3247.6,175,1,3247.7,5,2,3247.8,315,3,3247.9,25,1,3248.0,79,3
11536,2025-12-30 12:07:01+05:30,3247.5,1,3249.09,785802,105903.0,119895.0,3250.0,3257.0,3239.8,3251.5,43023400,3576.6,2926.4,4322.95,2866.6,3246.7,19,1,3246.6,16,1,3246.5,3,1,3246.4,42,4,3246.3,35,2,3247.6,175,1,3247.7,5,2,3247.8,315,3,3247.9,25,1,3248.0,79,3
11536,2025-12-30 12:07:01+05:30,3247.5,1,3249.09,786344,105385.0,121123.0,3250.0,3257.0,3239.8,3251.5,43023400,3576.6,2926.4,4322.95,2866.6,3247.2,7,2,3246.7,46,1,3246.5,3,1,3246.4,31,2,3246.3,23,1,3247.5,188,7,3247.6,19,2,3247.7,41,2,3247.8,325,3,3247.9,22,1
11536,2025-12-30 12:07:05+05:30,3247.4,6,3249.09,786344,105385.0,121123.0,3250.0,3257.0,3239.8,3251.5,43023400,3576.6,2926.4,4322.95,2866.6,3247.2,7,2,3246.7,46,1,3246.5,3,1,3246.4,31,2,3246.3,23,1,3247.5,188,7,3247.6,19,2,3247.7,41,2,3247.8,325,3,3247.9,22,1
11536,2025-12-30 12:07:06+05:30,3247.4,6,3249.09,786829,105432.0,120778.0,3250.0,3257.0,3239.8,3251.5,43023400,3576.6,2926.4,4322.95,2866.6,3247.4,96,2,3247.2,108,4,3246.7,46,1,3246.4,41,2,3246.2,41,2,3247.5,187,8,3247.6,40,2,3247.7,282,1,3247.8,76,3,3247.9,25,1
11536,2025-12-30 12:07:08+05:30,3247.3,3,3249.09,786829,105432.0,120778.0,3250.0,3257.0,3239.8,3251.5,43023400,3576.6,2926.4,4322.95,2866.6,3247.4,96,2,3247.2,108,4,3246.7,46,1,3246.4,41,2,3246.2,41,2,3247.5,187,8,3247.6,40,2,3247.7,282,1,3247.8,76,3,3247.9,25,1
11536,2025-12-30 12:07:10+05:30,3247.2,5,3249.09,787623,104889.0,122024.0,3250.0,3257.0,3239.8,3251.5,43023400,3576.6,2926.4,4322.95,2866.6,3247.2,9,2,3246.4,20,1,3246.2,21,1,3246.1,85,3,3246.0,473,6,3247.5,283,8,3247.6,37,2,3247.7,37,2,3247.8,350,4,3247.9,40,2
11536,2025-12-30 12:07:11+05:30,3247.2,5,3249.09,787623,104889.0,122024.0,3250.0,3257.0,3239.8,3251.5,43023400,3576.6,2926.4,4322.95,2866.6,3247.2,9,2,3246.4,20,1,3246.2,21,1,3246.1,85,3,3246.0,473,6,3247.5,283,8,3247.6,37,2,3247.7,37,2,3247.8,350,4,3247.9,40,2
11536,2025-12-30 12:07:14+05:30,3246.8,1,3249.09,787623,104889.0,122024.0,3250.0,3257.0,3239.8,3251.5,43023400,3576.6,2926.4,4322.95,2866.6,3247.2,9,2,3246.4,20,1,3246.2,21,1,3246.1,85,3,3246.0,473,6,3247.5,283,8,3247.6,37,2,3247.7,37,2,3247.8,350,4,3247.9,40,2
11536,2025-12-30 12:07:15+05:30,3247.2,1,3249.09,787782,104708.0,122772.0,3250.0,3257.0,3239.8,3251.5,43023400,3576.6,2926.4,4322.95,2866.6,3247.1,16,1,3246.4,20,1,3246.1,42,2,3246.0,21,1,3245.9,178,4,3247.2,7,5,3247.3,37,2,3247.4,231,4,3247.5,105,4,3247.6,69,3
11536,2025-12-30 12:07:17+05:30,3246.4,8,3249.09,787782,104708.0,122772.0,3250.0,3257.0,3239.8,3251.5,43023400,3576.6,2926.4,4322.95,2866.6,3247.1,16,1,3246.4,20,1,3246.1,42,2,3246.0,21,1,3245.9,178,4,3247.2,7,5,3247.3,37,2,3247.4,231,4,3247.5,105,4,3247.6,69,3
11536,2025-12-30 12:07:19+05:30,3246.4,4,3249.09,787968,104665.0,121169.0,3250.0,3257.0,3239.8,3251.5,43023400,3576.6,2926.4,4322.95,2866.6,3246.4,12,2,3246.1,28,2,3246.0,23,2,3245.9,105,2,3245.8,331,7,3247.2,75,7,3247.5,488,3,3247.7,68,2,3247.8,73,3,3247.9,88,4
11536,2025-12-30 12:07:20+05:30,3247.2,2,3249.09,787968,104665.0,121169.0,3250.0,3257.0,3239.8,3251.5,43023400,3576.6,2926.4,4322.95,2866.6,3246.4,12,2,3246.1,28,2,3246.0,23,2,3245.9,105,2,3245.8,331,7,3247.2,75,7,3247.5,488,3,3247.7,68,2,3247.8,73,3,3247.9,88,4
11536,2025-12-30 12:07:23+05:30,3246.4,18,3249.09,788144,105035.0,121710.0,3250.0,3257.0,3239.8,3251.5,43023400,3576.6,2926.4,4322.95,2866.6,3246.4,12,3,3246.3,12,2,3246.1,28,2,3246.0,46,3,3245.9,131,5,3247.2,8,4,3247.3,180,2,3247.4,30,1,3247.5,36,1,3247.6,85,3
11536,2025-12-30 12:07:23+05:30,3246.4,18,3249.09,788144,105035.0,121710.0,3250.0,3257.0,3239.8,3251.5,43023400,3576.6,2926.4,4322.95,2866.6,3246.4,12,3,3246.3,12,2,3246.1,28,2,3246.0,46,3,3245.9,131,5,3247.2,8,4,3247.3,180,2,3247.4,30,1,3247.5,36,1,3247.6,85,3
11536,2025-12-30 12:07:26+05:30,3246.4,3,3249.09,788144,105035.0,121710.0,3250.0,3257.0,3239.8,3251.5,43023400,3576.6,2926.4,4322.95,2866.6,3246.4,12,3,3246.3,12,2,3246.1,28,2,3246.0,46,3,3245.9,131,5,3247.2,8,4,3247.3,180,2,3247.4,30,1,3247.5,36,1,3247.6,85,3
11536,2025-12-30 12:07:28+05:30,3246.4,2,3249.09,788303,104935.0,122745.0,3250.0,3257.0,3239.8,3251.5,43023400,3576.6,2926.4,4322.95,2866.6,3246.4,69,4,3246.3,4,1,3246.2,22,1,3246.1,1,1,3246.0,56,3,3247.1,13,4,3247.2,36,6,3247.3,192,2,3247.4,337,3,3247.5,66,2
11536,2025-12-30 12:07:28+05:30,3246.4,2,3249.09,788303,104935.0,122745.0,3250.0,3257.0,3239.8,3251.5,43023400,3576.6,2926.4,4322.95,2866.6,3246.4,69,4,3246.3,4,1,3246.2,22,1,3246.1,1,1,3246.0,56,3,3247.1,13,4,3247.2,36,6,3247.3,192,2,3247.4,337,3,3247.5,66,2
11536,2025-12-30 12:07:29+05:30,3246.4,2,3249.09,788330,104922.0,122749.0,3250.0,3257.0,3239.8,3251.5,43023400,3576.6,2926.4,4322.95,2866.6,3246.4,42,4,3246.3,11,2,3246.2,22,1,3246.1,1,1,3246.0,56,3,3247.1,6,6,3247.2,32,4,3247.3,170,1,3247.4,337,3,3247.5,66,2
11536,2025-12-30 12:07:29+05:30,3246.4,2,3249.09,788330,104922.0,122749.0,3250.0,3257.0,3239.8,3251.5,43023400,3576.6,2926.4,4322.95,2866.6,3246.4,42,4,3246.3,11,2,3246.2,22,1,3246.1,1,1,3246.0,56,3,3247.1,6,6,3247.2,32,4,3247.3,170,1,3247.4,337,3,3247.5,66,2
11536,2025-12-30 12:07:30+05:30,3246.4,3,3249.09,788344,104895.0,122788.0,3250.0,3257.0,3239.8,3251.5,43023400,3576.6,2926.4,4322.95,2866.6,3246.4,28,3,3246.3,11,2,3246.1,1,1,3246.0,56,3,3245.9,105,2,3247.0,6,1,3247.1,6,6,3247.2,30,3,3247.3,488,3,3247.4,77,3
11536,2025-12-30 12:07:30+05:30,3246.4,1,3249.09,788344,104895.0,122788.0,3250.0,3257.0,3239.8,3251.5,43023400,3576.6,2926.4,4322.95,2866.6,3246.4,28,3,3246.3,11,2,3246.1,1,1,3246.0,56,3,3245.9,105,2,3247.0,6,1,3247.1,6,6,3247.2,30,3,3247.3,488,3,3247.4,77,3
11536,2025-12-30 12:07:31+05:30,3246.4,1,3249.09,788349,105043.0,122548.0,3250.0,3257.0,3239.8,3251.5,43023400,3576.6,2926.4,4322.95,2866.6,3246.4,31,5,3246.3,4,1,3246.1,1,1,3246.0,212,4,3245.9,102,1,3247.0,35,5,3247.1,3,3,3247.2,6,2,3247.3,206,2,3247.4,77,3
11536,2025-12-30 12:07:31+05:30,3246.4,2,3249.09,788349,105043.0,122548.0,3250.0,3257.0,3239.8,3251.5,43023400,3576.6,2926.4,4322.95,2866.6,3246.4,31,5,3246.3,4,1,3246.1,1,1,3246.0,212,4,3245.9,102,1,3247.0,35,5,3247.1,3,3,3247.2,6,2,3247.3,206,2,3247.4,77,3
11536,2025-12-30 12:07:32+05:30,3246.4,2,3249.09,788360,105060.0,122835.0,3250.0,3257.0,3239.8,3251.5,43023400,3576.6,2926.4,4322.95,2866.6,3246.4,31,5,3246.3,4,1,3246.1,1,1,3246.0,212,4,3245.9,102,1,3247.0,52,9,3247.1,1,1,3247.2,6,2,3247.3,488,3,3247.4,55,2
11536,2025-12-30 12:07:32+05:30,3246.4,1,3249.09,788360,105060.0,122835.0,3250.0,3257.0,3239.8,3251.5,43023400,3576.6,2926.4,4322.95,2866.6,3246.4,31,5,3246.3,4,1,3246.1,1,1,3246.0,212,4,3245.9,102,1,3247.0,52,9,3247.1,1,1,3247.2,6,2,3247.3,488,3,3247.4,55,2
11536,2025-12-30 12:07:33+05:30,3246.4,1,3249.09,788369,105046.0,122539.0,3250.0,3257.0,3239.8,3251.5,43023400,3576.6,2926.4,4322.95,2866.6,3246.5,7,1,3246.4,15,4,3246.3,4,1,3246.2,2,1,3246.1,1,1,3247.0,53,10,3247.2,6,2,3247.3,206,2,3247.4,55,2,3247.5,66,2
11536,2025-12-30 12:07:33+05:30,3246.5,1,3249.09,788369,105046.0,122539.0,3250.0,3257.0,3239.8,3251.5,43023400,3576.6,2926.4,4322.95,2866.6,3246.5,7,1,3246.4,15,4,3246.3,4,1,3246.2,2,1,3246.1,1,1,3247.0,53,10,3247.2,6,2,3247.3,206,2,3247.4,55,2,3247.5,66,2
11536,2025-12-30 12:07:34+05:30,3246.5,1,3249.09,788376,105038.0,122857.0,3250.0,3257.0,3239.8,3251.5,43023400,3576.6,2926.4,4322.95,2866.6,3246.5,7,1,3246.4,15,4,3246.3,4,1,3246.2,2,1,3246.1,1,1,3247.0,50,7,3247.2,6,2,3247.3,488,3,3247.4,55,2,3247.5,66,2
11536,2025-12-30 12:07:34+05:30,3246.5,1,3249.09,788376,105038.0,122857.0,3250.0,3257.0,3239.8,3251.5,43023400,3576.6,2926.4,4322.95,2866.6,3246.5,7,1,3246.4,15,4,3246.3,4,1,3246.2,2,1,3246.1,1,1,3247.0,50,7,3247.2,6,2,3247.3,488,3,3247.4,55,2,3247.5,66,2
11536,2025-12-30 12:07:35+05:30,3246.7,1,3249.09,788385,105118.0,122829.0,3250.0,3257.0,3239.8,3251.5,43023400,3576.6,2926.4,4322.95,2866.6,3246.7,3,1,3246.4,17,5,3246.3,4,1,3246.2,2,1,3246.1,1,1,3247.0,46,7,3247.2,6,2,3247.3,488,3,3247.4,55,2,3247.5,66,2
11536,2025-12-30 12:07:35+05:30,3246.7,15,3249.09,788385,105118.0,122829.0,3250.0,3257.0,3239.8,3251.5,43023400,3576.6,2926.4,4322.95,2866.6,3246.7,3,1,3246.4,17,5,3246.3,4,1,3246.2,2,1,3246.1,1,1,3247.0,46,7,3247.2,6,2,3247.3,488,3,3247.4,55,2,3247.5,66,2
11536,2025-12-30 12:07:36+05:30,3246.7,2,3249.09,788404,105095.0,122536.0,3250.0,3257.0,3239.8,3251.5,43023400,3576.6,2926.4,4322.95,2866.6,3246.7,57,2,3246.4,17,5,3246.3,4,1,3246.2,2,1,3246.1,1,1,3247.0,47,8,3247.2,6,2,3247.3,206,2,3247.4,75,3,3247.5,79,3
11536,2025-12-30 12:07:36+05:30,3246.9,13,3249.09,788404,105095.0,122536.0,3250.0,3257.0,3239.8,3251.5,43023400,3576.6,2926.4,4322.95,2866.6,3246.7,57,2,3246.4,17,5,3246.3,4,1,3246.2,2,1,3246.1,1,1,3247.0,47,8,3247.2,6,2,3247.3,206,2,3247.4,75,3,3247.5,79,3
11536,2025-12-30 12:07:37+05:30,3246.4,1,3249.09,788496,104885.0,122674.0,3250.0,3257.0,3239.8,3251.5,43023400,3576.6,2926.4,4322.95,2866.6,3246.4,15,5,3246.3,4,1,3246.2,2,1,3246.1,1,1,3246.0,212,4,3247.0,53,11,3247.2,6,2,3247.3,206,2,3247.4,25,1,3247.5,66,2
11536,2025-12-30 12:07:37+05:30,3246.4,1,3249.09,788496,104885.0,122674.0,3250.0,3257.0,3239.8,3251.5,43023400,3576.6,2926.4,4322.95,2866.6,3246.4,15,5,3246.3,4,1,3246.2,2,1,3246.1,1,1,3246.0,212,4,3247.0,53,11,3247.2,6,2,3247.3,206,2,3247.4,25,1,3247.5,66,2
11536,2025-12-30 12:07:38+05:30,3246.4,1,3249.09,788505,104958.0,122885.0,3250.0,3257.0,3239.8,3251.5,43023400,3576.6,2926.4,4322.95,2866.6,3246.4,14,5,3246.3,4,1,3246.2,2,1,3246.1,1,1,3246.0,212,4,3247.0,50,9,3247.1,303,2,3247.2,25,3,3247.3,233,3,3247.4,44,2
11536,2025-12-30 12:07:38+05:30,3246.4,1,3249.09,788505,104958.0,122885.0,3250.0,3257.0,3239.8,3251.5,43023400,3576.6,2926.4,4322.95,2866.6,3246.4,14,5,3246.3,4,1,3246.2,2,1,3246.1,1,1,3246.0,212,4,3247.0,50,9,3247.1,303,2,3247.2,25,3,3247.3,233,3,3247.4,44,2
11536,2025-12-30 12:07:39+05:30,3246.4,1,3249.09,788580,104893.0,123030.0,3250.0,3257.0,3239.8,3251.5,43023400,3576.6,2926.4,4322.95,2866.6,3246.4,5,4,3246.3,4,1,3246.2,2,1,3246.1,1,1,3246.0,188,3,3247.0,8,6,3247.1,303,2,3247.2,6,2,3247.3,233,3,3247.4,56,3
11536,2025-12-30 12:07:39+05:30,3246.4,1,3249.09,788580,104893.0,123030.0,3250.0,3257.0,3239.8,3251.5,43023400,3576.6,2926.4,4322.95,2866.6,3246.4,5,4,3246.3,4,1,3246.2,2,1,3246.1,1,1,3246.0,188,3,3247.0,8,6,3247.1,303,2,3247.2,6,2,3247.3,233,3,3247.4,56,3
11536,2025-12-30 12:07:40+05:30,3246.4,1,3249.09,788599,104883.0,123003.0,3250.0,3257.0,3239.8,3251.5,43023400,3576.6,2926.4,4322.95,2866.6,3246.4,7,4,3246.3,4,1,3246.2,2,1,3246.1,1,1,3246.0,166,2,3246.9,2,2,3247.0,290,5,3247.1,21,1,3247.2,6,2,3247.3,233,3
11536,2025-12-30 12:07:40+05:30,3246.4,1,3249.09,788599,104883.0,123003.0,3250.0,3257.0,3239.8,3251.5,43023400,3576.6,2926.4,4322.95,2866.6,3246.4,7,4,3246.3,4,1,3246.2,2,1,3246.1,1,1,3246.0,166,2,3246.9,2,2,3247.0,290,5,3247.1,21,1,3247.2,6,2,3247.3,233,3
11536,2025-12-30 12:07:41+05:30,3246.4,1,3249.09,788601,104884.0,122993.0,3250.0,3257.0,3239.8,3251.5,43023400,3576.6,2926.4,4322.95,2866.6,3246.4,6,4,3246.3,4,1,3246.2,2,1,3246.1,1,1,3246.0,166,2,3246.9,5,3,3247.0,7,3,3247.1,303,2,3247.2,5,1,3247.3,233,3
11536,2025-12-30 12:07:41+05:30,3246.4,3,3249.09,788601,104884.0,122993.0,3250.0,3257.0,3239.8,3251.5,43023400,3576.6,2926.4,4322.95,2866.6,3246.4,6,4,3246.3,4,1,3246.2,2,1,3246.1,1,1,3246.0,166,2,3246.9,5,3,3247.0,7,3,3247.1,303,2,3247.2,5,1,3247.3,233,3
11536,2025-12-30 12:07:42+05:30,3246.4,5,3249.09,788633,104309.0,123015.0,3250.0,3257.0,3239.8,3251.5,43023400,3576.6,2926.4,4322.95,2866.6,3246.4,2,1,3246.3,4,1,3246.2,2,1,3246.1,1,1,3246.0,10,1,3246.9,295,6,3247.0,38,2,3247.1,76,4,3247.2,31,2,3247.3,206,2
11536,2025-12-30 12:07:42+05:30,3246.4,11,3249.09,788633,104309.0,123015.0,3250.0,3257.0,3239.8,3251.5,43023400,3576.6,2926.4,4322.95,2866.6,3246.4,2,1,3246.3,4,1,3246.2,2,1,3246.1,1,1,3246.0,10,1,3246.9,295,6,3247.0,38,2,3247.1,76,4,3247.2,31,2,3247.3,206,2
11536,2025-12-30 12:07:43+05:30,3246.3,1,3249.09,788665,104422.0,121772.0,3250.0,3257.0,3239.8,3251.5,43023400,3576.6,2926.4,4322.95,2866.6,3246.3,3,1,3246.2,9,2,3246.1,1,1,3246.0,10,1,3245.9,19,2,3246.8,9,1,3246.9,291,9,3247.0,36,1,3247.1,64,3,3247.2,31,2
11536,2025-12-30 12:07:43+05:30,3246.3,1,3249.09,788665,104422.0,121772.0,3250.0,3257.0,3239.8,3251.5,43023400,3576.6,2926.4,4322.95,2866.6,3246.3,3,1,3246.2,9,2,3246.1,1,1,3246.0,10,1,3245.9,19,2,3246.8,9,1,3246.9,291,9,3247.0,36,1,3247.1,64,3,3247.2,31,2
11536,2025-12-30 12:07:44+05:30,3246.3,1,3249.09,788665,104422.0,123190.0,3250.0,3257.0,3239.8,3251.5,43023400,3576.6,2926.4,4322.95,2866.6,3246.3,3,1,3246.2,9,2,3246.1,1,1,3246.0,10,1,3245.9,19,2,3246.8,2,2,3246.9,322,10,3247.0,54,2,3247.1,46,2,3247.2,49,3
11536,2025-12-30 12:07:44+05:30,3246.3,4,3249.09,788665,104422.0,123190.0,3250.0,3257.0,3239.8,3251.5,43023400,3576.6,2926.4,4322.95,2866.6,3246.3,3,1,3246.2,9,2,3246.1,1,1,3246.0,10,1,3245.9,19,2,3246.8,2,2,3246.9,322,10,3247.0,54,2,3247.1,46,2,3247.2,49,3
11536,2025-12-30 12:07:45+05:30,3246.3,3,3249.09,788685,104425.0,123186.0,3250.0,3257.0,3239.8,3251.5,43023400,3576.6,2926.4,4322.95,2866.6,3246.3,11,2,3246.2,2,1,3246.1,1,1,3246.0,10,1,3245.9,19,2,3246.8,5,5,3246.9,33,3,3247.0,54,2,3247.1,328,3,3247.2,49,3
11536,2025-12-30 12:07:45+05:30,3246.3,3,3249.09,788685,104425.0,123186.0,3250.0,3257.0,3239.8,3251.5,43023400,3576.6,2926.4,4322.95,2866.6,3246.3,11,2,3246.2,2,1,3246.1,1,1,3246.0,10,1,3245.9,19,2,3246.8,5,5,3246.9,33,3,3247.0,54,2,3247.1,328,3,3247.2,49,3
11536,2025-12-30 12:07:46+05:30,3246.4,3,3249.09,788685,104425.0,123186.0,3250.0,3257.0,3239.8,3251.5,43023400,3576.6,2926.4,4322.95,2866.6,3246.3,11,2,3246.2,2,1,3246.1,1,1,3246.0,10,1,3245.9,19,2,3246.8,5,5,3246.9,33,3,3247.0,54,2,3247.1,328,3,3247.2,49,3
11536,2025-12-30 12:07:46+05:30,3246.4,3,3249.09,788693,104490.0,123207.0,3250.0,3257.0,3239.8,3251.5,43023400,3576.6,2926.4,4322.95,2866.6,3246.4,4,1,3246.3,55,2,3246.2,2,1,3246.1,1,1,3246.0,10,1,3246.8,6,6,3246.9,32,2,3247.0,36,1,3247.1,303,2,3247.2,5,1
11536,2025-12-30 12:07:47+05:30,3246.3,4,3249.09,788693,104490.0,123207.0,3250.0,3257.0,3239.8,3251.5,43023400,3576.6,2926.4,4322.95,2866.6,3246.4,4,1,3246.3,55,2,3246.2,2,1,3246.1,1,1,3246.0,10,1,3246.8,6,6,3246.9,32,2,3247.0,36,1,3247.1,303,2,3247.2,5,1
11536,2025-12-30 12:07:47+05:30,3246.3,4,3249.09,788721,104363.0,123312.0,3250.0,3257.0,3239.8,3251.5,43023400,3576.6,2926.4,4322.95,2866.6,3246.3,51,3,3246.2,2,1,3246.1,1,1,3246.0,10,1,3245.9,44,3,3246.4,12,5,3246.8,6,6,3246.9,32,2,3247.1,282,1,3247.2,5,1
11536,2025-12-30 12:07:48+05:30,3246.4,1,3249.09,788721,104363.0,123312.0,3250.0,3257.0,3239.8,3251.5,43023400,3576.6,2926.4,4322.95,2866.6,3246.3,51,3,3246.2,2,1,3246.1,1,1,3246.0,10,1,3245.9,44,3,3246.4,12,5,3246.8,6,6,3246.9,32,2,3247.1,282,1,3247.2,5,1
11536,2025-12-30 12:07:48+05:30,3246.3,3,3249.09,788728,104347.0,123327.0,3250.0,3257.0,3239.8,3251.5,43023400,3576.6,2926.4,4322.95,2866.6,3246.3,45,3,3246.2,2,1,3246.1,1,1,3246.0,10,1,3245.9,44,3,3246.4,13,7,3246.8,3,3,3246.9,31,1,3247.1,282,1,3247.2,5,1
11536,2025-12-30 12:07:49+05:30,3246.3,1,3249.09,788728,104347.0,123327.0,3250.0,3257.0,3239.8,3251.5,43023400,3576.6,2926.4,4322.95,2866.6,3246.3,45,3,3246.2,2,1,3246.1,1,1,3246.0,10,1,3245.9,44,3,3246.4,13,7,3246.8,3,3,3246.9,31,1,3247.1,282,1,3247.2,5,1
11536,2025-12-30 12:07:49+05:30,3246.3,1,3249.09,788796,104391.0,123278.0,3250.0,3257.0,3239.8,3251.5,43023400,3576.6,2926.4,4322.95,2866.6,3246.3,5,2,3246.2,2,1,3246.1,1,1,3246.0,10,1,3245.9,19,2,3246.4,10,8,3246.9,31,1,3247.1,282,1,3247.2,175,2,3247.3,36,1
11536,2025-12-30 12:07:50+05:30,3246.3,4,3249.09,788796,104391.0,123278.0,3250.0,3257.0,3239.8,3251.5,43023400,3576.6,2926.4,4322.95,2866.6,3246.3,5,2,3246.2,2,1,3246.1,1,1,3246.0,10,1,3245.9,19,2,3246.4,10,8,3246.9,31,1,3247.1,282,1,3247.2,175,2,3247.3,36,1
11536,2025-12-30 12:07:50+05:30,3246.3,9,3249.09,788813,103519.0,123236.0,3250.0,3257.0,3239.8,3251.5,43023400,3576.6,2926.4,4322.95,2866.6,3246.2,5,2,3246.1,1,1,3246.0,10,1,3245.9,19,2,3245.8,17,1,3246.3,2,1,3246.4,9,6,3246.9,31,1,3247.1,282,1,3247.2,175,2
11536,2025-12-30 12:07:51+05:30,3245.9,1,3249.09,788813,103519.0,123236.0,3250.0,3257.0,3239.8,3251.5,43023400,3576.6,2926.4,4322.95,2866.6,3246.2,5,2,3246.1,1,1,3246.0,10,1,3245.9,19,2,3245.8,17,1,3246.3,2,1,3246.4,9,6,3246.9,31,1,3247.1,282,1,3247.2,175,2
11536,2025-12-30 12:07:51+05:30,3245.9,1,3249.08,789038,102639.0,123082.0,3250.0,3257.0,3239.8,3251.5,43023400,3576.6,2926.4,4322.95,2866.6,3245.9,22,3,3245.8,36,2,3245.7,36,2,3245.6,132,6,3245.5,68,4,3246.4,2,2,3246.9,31,1,3247.1,282,1,3247.2,5,1,3247.3,206,2
11536,2025-12-30 12:07:52+05:30,3246.4,2,3249.08,789038,102639.0,123082.0,3250.0,3257.0,3239.8,3251.5,43023400,3576.6,2926.4,4322.95,2866.6,3245.9,22,3,3245.8,36,2,3245.7,36,2,3245.6,132,6,3245.5,68,4,3246.4,2,2,3246.9,31,1,3247.1,282,1,3247.2,5,1,3247.3,206,2
11536,2025-12-30 12:07:52+05:30,3246.4,2,3249.08,789088,102819.0,123101.0,3250.0,3257.0,3239.8,3251.5,43023400,3576.6,2926.4,4322.95,2866.6,3245.9,35,4,3245.8,53,3,3245.7,36,2,3245.6,122,6,3245.5,58,4,3246.4,9,2,3246.9,31,1,3247.1,282,1,3247.2,5,1,3247.3,170,1
11536,2025-12-30 12:07:53+05:30,3246.4,6,3249.08,789088,102819.0,123101.0,3250.0,3257.0,3239.8,3251.5,43023400,3576.6,2926.4,4322.95,2866.6,3245.9,35,4,3245.8,53,3,3245.7,36,2,3245.6,122,6,3245.5,58,4,3246.4,9,2,3246.9,31,1,3247.1,282,1,3247.2,5,1,3247.3,170,1
11536,2025-12-30 12:07:53+05:30,3245.9,1,3249.08,789147,102916.0,123008.0,3250.0,3257.0,3239.8,3251.5,43023400,3576.6,2926.4,4322.95,2866.6,3245.9,78,9,3245.8,25,1,3245.7,72,3,3245.6,86,5,3245.5,58,4,3246.4,8,4,3246.9,31,1,3247.1,282,1,3247.2,5,1,3247.3,170,1
11536,2025-12-30 12:07:54+05:30,3246.2,1,3249.08,789147,102916.0,123008.0,3250.0,3257.0,3239.8,3251.5,43023400,3576.6,2926.4,4322.95,2866.6,3245.9,78,9,3245.8,25,1,3245.7,72,3,3245.6,86,5,3245.5,58,4,3246.4,8,4,3246.9,31,1,3247.1,282,1,3247.2,5,1,3247.3,170,1
11536,2025-12-30 12:07:54+05:30,3246.2,1,3249.08,789365,103609.0,122666.0,3250.0,3257.0,3239.8,3251.5,43023400,3576.6,2926.4,4322.95,2866.6,3246.2,55,4,3246.1,34,3,3246.0,228,6,3245.9,249,8,3245.8,628,8,3247.3,64,1,3247.4,9,2,3247.5,282,1,3247.7,80,3,3247.9,52,2
11536,2025-12-30 12:07:55+05:30,3247.4,5,3249.08,789365,103609.0,122666.0,3250.0,3257.0,3239.8,3251.5,43023400,3576.6,2926.4,4322.95,2866.6,3246.2,55,4,3246.1,34,3,3246.0,228,6,3245.9,249,8,3245.8,628,8,3247.3,64,1,3247.4,9,2,3247.5,282,1,3247.7,80,3,3247.9,52,2
11536,2025-12-30 12:07:56+05:30,3247.4,5,3249.08,789452,104481.0,123350.0,3250.0,3257.0,3239.8,3251.5,43023400,3576.6,2926.4,4322.95,2866.6,3246.4,20,2,3246.3,25,2,3246.2,43,4,3246.1,34,3,3246.0,230,6,3247.3,180,3,3247.4,9,2,3247.5,282,1,3247.7,72,3,3247.8,28,2
11536,2025-12-30 12:07:56+05:30,3247.3,1,3249.08,789452,104481.0,123350.0,3250.0,3257.0,3239.8,3251.5,43023400,3576.6,2926.4,4322.95,2866.6,3246.4,20,2,3246.3,25,2,3246.2,43,4,3246.1,34,3,3246.0,230,6,3247.3,180,3,3247.4,9,2,3247.5,282,1,3247.7,72,3,3247.8,28,2
11536,2025-12-30 12:07:57+05:30,3246.3,1,3249.08,789514,104025.0,123492.0,3250.0,3257.0,3239.8,3251.5,43023400,3576.6,2926.4,4322.95,2866.6,3246.3,14,1,3246.2,15,2,3246.1,15,2,3246.0,17,2,3245.9,144,6,3246.4,13,2,3247.3,446,7,3247.4,4,1,3247.5,36,1,3247.7,63,2
11536,2025-12-30 12:07:57+05:30,3246.4,1,3249.08,789514,104025.0,123492.0,3250.0,3257.0,3239.8,3251.5,43023400,3576.6,2926.4,4322.95,2866.6,3246.3,14,1,3246.2,15,2,3246.1,15,2,3246.0,17,2,3245.9,144,6,3246.4,13,2,3247.3,446,7,3247.4,4,1,3247.5,36,1,3247.7,63,2
11536,2025-12-30 12:07:58+05:30,3246.3,23,3249.08,789615,104056.0,123428.0,3250.0,3257.0,3239.8,3251.5,43023400,3576.6,2926.4,4322.95,2866.6,3246.3,15,1,3246.2,15,2,3246.1,8,2,3246.0,12,1,3245.9,157,7,3246.4,10,5,3247.3,443,6,3247.5,36,1,3247.7,63,2,3247.8,39,2
11536,2025-12-30 12:07:58+05:30,3246.4,2,3249.08,789615,104056.0,123428.0,3250.0,3257.0,3239.8,3251.5,43023400,3576.6,2926.4,4322.95,2866.6,3246.3,15,1,3246.2,15,2,3246.1,8,2,3246.0,12,1,3245.9,157,7,3246.4,10,5,3247.3,443,6,3247.5,36,1,3247.7,63,2,3247.8,39,2
11536,2025-12-30 12:07:59+05:30,3246.2,9,3249.08,789680,104248.0,123280.0,3250.0,3257.0,3239.8,3251.5,43023400,3576.6,2926.4,4322.95,2866.6,3246.2,19,3,3246.1,3,1,3246.0,12,1,3245.9,68,6,3245.8,52,4,3246.3,15,3,3246.4,9,6,3246.7,30,1,3247.3,439,4,3247.5,36,1
11536,2025-12-30 12:07:59+05:30,3246.2,3,3249.08,789680,104248.0,123280.0,3250.0,3257.0,3239.8,3251.5,43023400,3576.6,2926.4,4322.95,2866.6,3246.2,19,3,3246.1,3,1,3246.0,12,1,3245.9,68,6,3245.8,52,4,3246.3,15,3,3246.4,9,6,3246.7,30,1,3247.3,439,4,3247.5,36,1
11536,2025-12-30 12:08:00+05:30,3246.2,8,3249.08,789763,104494.0,123223.0,3250.0,3257.0,3239.8,3251.5,43023400,3576.6,2926.4,4322.95,2866.6,3246.2,64,4,3246.1,36,4,3246.0,35,2,3245.9,56,6,3245.8,52,4,3246.3,6,4,3246.4,5,4,3246.7,30,1,3247.3,438,3,3247.5,36,1
11536,2025-12-30 12:08:00+05:30,3246.2,3,3249.08,789763,104494.0,123223.0,3250.0,3257.0,3239.8,3251.5,43023400,3576.6,2926.4,4322.95,2866.6,3246.2,64,4,3246.1,36,4,3246.0,35,2,3245.9,56,6,3245.8,52,4,3246.3,6,4,3246.4,5,4,3246.7,30,1,3247.3,438,3,3247.5,36,1
11536,2025-12-30 12:08:01+05:30,3246.3,5,3249.08,789838,104461.0,123199.0,3250.0,3257.0,3239.8,3251.5,43023400,3576.6,2926.4,4322.95,2866.6,3246.3,10,1,3246.2,53,3,3246.1,3,1,3246.0,11,1,3245.9,84,6,3246.4,5,4,3246.7,30,1,3247.2,23,1,3247.3,438,3,3247.5,36,1
11536,2025-12-30 12:08:01+05:30,3246.7,12,3249.08,789838,104461.0,123199.0,3250.0,3257.0,3239.8,3251.5,43023400,3576.6,2926.4,4322.95,2866.6,3246.3,10,1,3246.2,53,3,3246.1,3,1,3246.0,11,1,3245.9,84,6,3246.4,5,4,3246.7,30,1,3247.2,23,1,3247.3,438,3,3247.5,36,1
11536,2025-12-30 12:08:02+05:30,3246.7,12,3249.08,789890,104511.0,123205.0,3250.0,3257.0,3239.8,3251.5,43023400,3576.6,2926.4,4322.95,2866.6,3246.3,10,1,3246.2,55,4,3246.1,42,4,3246.0,35,2,3245.9,84,6,3246.4,3,2,3246.7,18,1,3247.3,461,4,3247.5,36,1,3247.7,36,1
11536,2025-12-30 12:08:02+05:30,3246.7,12,3249.08,789890,104511.0,123205.0,3250.0,3257.0,3239.8,3251.5,43023400,3576.6,2926.4,4322.95,2866.6,3246.3,10,1,3246.2,55,4,3246.1,42,4,3246.0,35,2,3245.9,84,6,3246.4,3,2,3246.7,18,1,3247.3,461,4,3247.5,36,1,3247.7,36,1
11536,2025-12-30 12:08:02+05:30,3247.2,8,3249.08,789890,104511.0,123205.0,3250.0,3257.0,3239.8,3251.5,43023400,3576.6,2926.4,4322.95,2866.6,3246.3,10,1,3246.2,55,4,3246.1,42,4,3246.0,35,2,3245.9,84,6,3246.4,3,2,3246.7,18,1,3247.3,461,4,3247.5,36,1,3247.7,36,1
11536,2025-12-30 12:08:03+05:30,3247.2,8,3249.08,789940,104589.0,122501.0,3250.0,3257.0,3239.8,3251.5,43023400,3576.6,2926.4,4322.95,2866.6,3246.4,1,1,3246.3,10,1,3246.2,50,3,3246.1,5,1,3246.0,20,1,3247.2,322,5,3247.3,156,2,3247.5,36,1,3247.7,52,2,3247.9,54,3
11536,2025-12-30 12:08:03+05:30,3247.2,8,3249.08,789940,104589.0,122501.0,3250.0,3257.0,3239.8,3251.5,43023400,3576.6,2926.4,4322.95,2866.6,3246.4,1,1,3246.3,10,1,3246.2,50,3,3246.1,5,1,3246.0,20,1,3247.2,322,5,3247.3,156,2,3247.5,36,1,3247.7,52,2,3247.9,54,3
11536,2025-12-30 12:08:03+05:30,3247.2,13,3249.08,789940,104589.0,122501.0,3250.0,3257.0,3239.8,3251.5,43023400,3576.6,2926.4,4322.95,2866.6,3246.4,1,1,3246.3,10,1,3246.2,50,3,3246.1,5,1,3246.0,20,1,3247.2,322,5,3247.3,156,2,3247.5,36,1,3247.7,52,2,3247.9,54,3
11536,2025-12-30 12:08:04+05:30,3247.2,13,3249.08,789990,104855.0,122492.0,3250.0,3257.0,3239.8,3251.5,43023400,3576.6,2926.4,4322.95,2866.6,3246.4,233,3,3246.3,21,2,3246.2,50,3,3246.1,5,1,3246.0,48,4,3247.2,29,5,3247.3,438,3,3247.4,22,1,3247.5,36,1,3247.7,36,1
11536,2025-12-30 12:08:04+05:30,3247.2,13,3249.08,789990,104855.0,122492.0,3250.0,3257.0,3239.8,3251.5,43023400,3576.6,2926.4,4322.95,2866.6,3246.4,233,3,3246.3,21,2,3246.2,50,3,3246.1,5,1,3246.0,48,4,3247.2,29,5,3247.3,438,3,3247.4,22,1,3247.5,36,1,3247.7,36,1
11536,2025-12-30 12:08:04+05:30,3247.8,50,3249.08,789990,104855.0,122492.0,3250.0,3257.0,3239.8,3251.5,43023400,3576.6,2926.4,4322.95,2866.6,3246.4,233,3,3246.3,21,2,3246.2,50,3,3246.1,5,1,3246.0,48,4,3247.2,29,5,3247.3,438,3,3247.4,22,1,3247.5,36,1,3247.7,36,1
11536,2025-12-30 12:08:05+05:30,3247.7,1,3249.08,793028,105231.0,120422.0,3250.0,3257.0,3239.8,3251.5,43023400,3576.6,2926.4,4322.95,2866.6,3246.7,210,2,3246.6,67,4,3246.5,165,5,3246.4,486,8,3246.3,72,4,3247.7,124,1,3247.8,138,2,3248.2,23,1,3248.3,52,3,3248.6,76,3
11536,2025-12-30 12:08:05+05:30,3247.7,1,3249.08,793028,105231.0,120422.0,3250.0,3257.0,3239.8,3251.5,43023400,3576.6,2926.4,4322.95,2866.6,3246.7,210,2,3246.6,67,4,3246.5,165,5,3246.4,486,8,3246.3,72,4,3247.7,124,1,3247.8,138,2,3248.2,23,1,3248.3,52,3,3248.6,76,3
11536,2025-12-30 12:08:05+05:30,3246.9,1,3249.08,793028,105231.0,120422.0,3250.0,3257.0,3239.8,3251.5,43023400,3576.6,2926.4,4322.95,2866.6,3246.7,210,2,3246.6,67,4,3246.5,165,5,3246.4,486,8,3246.3,72,4,3247.7,124,1,3247.8,138,2,3248.2,23,1,3248.3,52,3,3248.6,76,3
11536,2025-12-30 12:08:06+05:30,3247.6,50,3249.08,793129,106085.0,120104.0,3250.0,3257.0,3239.8,3251.5,43023400,3576.6,2926.4,4322.95,2866.6,3246.9,235,5,3246.8,145,3,3246.7,435,5,3246.6,244,6,3246.5,126,7,3247.6,24,1,3247.7,3,2,3247.8,139,3,3248.3,3,1,3248.4,1,1
11536,2025-12-30 12:08:06+05:30,3247.6,50,3249.08,793129,106085.0,120104.0,3250.0,3257.0,3239.8,3251.5,43023400,3576.6,2926.4,4322.95,2866.6,3246.9,235,5,3246.8,145,3,3246.7,435,5,3246.6,244,6,3246.5,126,7,3247.6,24,1,3247.7,3,2,3247.8,139,3,3248.3,3,1,3248.4,1,1
11536,2025-12-30 12:08:06+05:30,3247.6,50,3249.08,793129,106085.0,120104.0,3250.0,3257.0,3239.8,3251.5,43023400,3576.6,2926.4,4322.95,2866.6,3246.9,235,5,3246.8,145,3,3246.7,435,5,3246.6,244,6,3246.5,126,7,3247.6,24,1,3247.7,3,2,3247.8,139,3,3248.3,3,1,3248.4,1,1
11536,2025-12-30 12:08:07+05:30,3247.6,50,3249.08,793129,106085.0,120104.0,3250.0,3257.0,3239.8,3251.5,43023400,3576.6,2926.4,4322.95,2866.6,3246.9,235,5,3246.8,145,3,3246.7,435,5,3246.6,244,6,3246.5,126,7,3247.6,24,1,3247.7,3,2,3247.8,139,3,3248.3,3,1,3248.4,1,1
11536,2025-12-30 12:08:07+05:30,3246.8,50,3249.08,793642,104954.0,121653.0,3250.0,3257.0,3239.8,3251.5,43023400,3576.6,2926.4,4322.95,2866.6,3246.7,17,1,3246.6,15,2,3246.5,21,1,3246.4,56,3,3246.3,6,1,3246.8,14,1,3246.9,47,2,3247.5,175,1,3247.6,3,2,3247.7,3,2
11536,2025-12-30 12:08:07+05:30,3246.7,16,3249.08,793642,104954.0,121653.0,3250.0,3257.0,3239.8,3251.5,43023400,3576.6,2926.4,4322.95,2866.6,3246.7,17,1,3246.6,15,2,3246.5,21,1,3246.4,56,3,3246.3,6,1,3246.8,14,1,3246.9,47,2,3247.5,175,1,3247.6,3,2,3247.7,3,2
11536,2025-12-30 12:08:08+05:30,3246.7,16,3249.08,793642,104954.0,121653.0,3250.0,3257.0,3239.8,3251.5,43023400,3576.6,2926.4,4322.95,2866.6,3246.7,17,1,3246.6,15,2,3246.5,21,1,3246.4,56,3,3246.3,6,1,3246.8,14,1,3246.9,47,2,3247.5,175,1,3247.6,3,2,3247.7,3,2
11536,2025-12-30 12:08:08+05:30,3246.5,6,3249.08,794043,104782.0,121415.0,3250.0,3257.0,3239.8,3251.5,43023400,3576.6,2926.4,4322.95,2866.6,3246.5,1,1,3246.4,67,4,3246.3,22,1,3246.2,73,4,3246.1,95,5,3246.6,13,2,3246.8,25,3,3246.9,47,2,3247.3,175,1,3247.6,1,1
11536,2025-12-30 12:08:08+05:30,3246.5,6,3249.08,794043,104782.0,121415.0,3250.0,3257.0,3239.8,3251.5,43023400,3576.6,2926.4,4322.95,2866.6,3246.5,1,1,3246.4,67,4,3246.3,22,1,3246.2,73,4,3246.1,95,5,3246.6,13,2,3246.8,25,3,3246.9,47,2,3247.3,175,1,3247.6,1,1
11536,2025-12-30 12:08:09+05:30,3246.5,6,3249.08,794043,104782.0,121415.0,3250.0,3257.0,3239.8,3251.5,43023400,3576.6,2926.4,4322.95,2866.6,3246.5,1,1,3246.4,67,4,3246.3,22,1,3246.2,73,4,3246.1,95,5,3246.6,13,2,3246.8,25,3,3246.9,47,2,3247.3,175,1,3247.6,1,1
11536,2025-12-30 12:08:09+05:30,3246.5,50,3249.07,794297,104892.0,121601.0,3250.0,3257.0,3239.8,3251.5,43023400,3576.6,2926.4,4322.95,2866.6,3246.3,51,5,3246.2,92,5,3246.1,85,4,3246.0,249,6,3245.9,179,7,3246.4,10,3,3246.5,24,3,3246.6,23,4,3246.8,42,3,3247.3,175,1
11536,2025-12-30 12:08:09+05:30,3246.5,50,3249.07,794297,104892.0,121601.0,3250.0,3257.0,3239.8,3251.5,43023400,3576.6,2926.4,4322.95,2866.6,3246.3,51,5,3246.2,92,5,3246.1,85,4,3246.0,249,6,3245.9,179,7,3246.4,10,3,3246.5,24,3,3246.6,23,4,3246.8,42,3,3247.3,175,1
11536,2025-12-30 12:08:09+05:30,3246.3,22,3249.07,794297,104892.0,121601.0,3250.0,3257.0,3239.8,3251.5,43023400,3576.6,2926.4,4322.95,2866.6,3246.3,51,5,3246.2,92,5,3246.1,85,4,3246.0,249,6,3245.9,179,7,3246.4,10,3,3246.5,24,3,3246.6,23,4,3246.8,42,3,3247.3,175,1
11536,2025-12-30 12:08:10+05:30,3246.4,2,3249.07,794423,104868.0,121581.0,3250.0,3257.0,3239.8,3251.5,43023400,3576.6,2926.4,4322.95,2866.6,3246.2,107,7,3246.1,85,4,3246.0,237,5,3245.9,179,7,3245.8,239,5,3246.4,13,5,3246.5,24,3,3246.6,14,3,3246.8,39,2,3247.3,175,1
11536,2025-12-30 12:08:10+05:30,3246.4,2,3249.07,794423,104868.0,121581.0,3250.0,3257.0,3239.8,3251.5,43023400,3576.6,2926.4,4322.95,2866.6,3246.2,107,7,3246.1,85,4,3246.0,237,5,3245.9,179,7,3245.8,239,5,3246.4,13,5,3246.5,24,3,3246.6,14,3,3246.8,39,2,3247.3,175,1
11536,2025-12-30 12:08:10+05:30,3246.2,1,3249.07,794423,104868.0,121581.0,3250.0,3257.0,3239.8,3251.5,43023400,3576.6,2926.4,4322.95,2866.6,3246.2,107,7,3246.1,85,4,3246.0,237,5,3245.9,179,7,3245.8,239,5,3246.4,13,5,3246.5,24,3,3246.6,14,3,3246.8,39,2,3247.3,175,1
11536,2025-12-30 12:08:11+05:30,3246.2,1,3249.07,794423,104868.0,121581.0,3250.0,3257.0,3239.8,3251.5,43023400,3576.6,2926.4,4322.95,2866.6,3246.2,107,7,3246.1,85,4,3246.0,237,5,3245.9,179,7,3245.8,239,5,3246.4,13,5,3246.5,24,3,3246.6,14,3,3246.8,39,2,3247.3,175,1
11536,2025-12-30 12:08:11+05:30,3246.4,12,3249.07,795509,104537.0,121454.0,3250.0,3257.0,3239.8,3251.5,43023400,3576.6,2926.4,4322.95,2866.6,3246.3,73,5,3246.2,21,2,3246.1,312,6,3246.0,110,6,3245.9,87,6,3246.4,32,4,3246.8,31,1,3247.3,175,1,3247.8,35,2,3248.0,56,2
11536,2025-12-30 12:08:11+05:30,3246.3,1,3249.07,795509,104537.0,121454.0,3250.0,3257.0,3239.8,3251.5,43023400,3576.6,2926.4,4322.95,2866.6,3246.3,73,5,3246.2,21,2,3246.1,312,6,3246.0,110,6,3245.9,87,6,3246.4,32,4,3246.8,31,1,3247.3,175,1,3247.8,35,2,3248.0,56,2
11536,2025-12-30 12:08:12+05:30,3246.3,1,3249.07,795509,104537.0,121454.0,3250.0,3257.0,3239.8,3251.5,43023400,3576.6,2926.4,4322.95,2866.6,3246.3,73,5,3246.2,21,2,3246.1,312,6,3246.0,110,6,3245.9,87,6,3246.4,32,4,3246.8,31,1,3247.3,175,1,3247.8,35,2,3248.0,56,2
11536,2025-12-30 12:08:12+05:30,3246.4,3,3249.07,795722,105492.0,120896.0,3250.0,3257.0,3239.8,3251.5,43023400,3576.6,2926.4,4322.95,2866.6,3246.4,177,8,3246.3,61,5,3246.2,407,4,3246.1,220,5,3246.0,266,7,3246.8,31,1,3247.3,175,1,3247.8,1,1,3248.2,48,2,3248.3,52,3
11536,2025-12-30 12:08:12+05:30,3246.4,3,3249.07,795722,105492.0,120896.0,3250.0,3257.0,3239.8,3251.5,43023400,3576.6,2926.4,4322.95,2866.6,3246.4,177,8,3246.3,61,5,3246.2,407,4,3246.1,220,5,3246.0,266,7,3246.8,31,1,3247.3,175,1,3247.8,1,1,3248.2,48,2,3248.3,52,3
11536,2025-12-30 12:08:13+05:30,3246.4,1,3249.07,795723,105277.0,121116.0,3250.0,3257.0,3239.8,3251.5,43023400,3576.6,2926.4,4322.95,2866.6,3246.4,201,9,3246.3,112,4,3246.2,105,5,3246.1,22,3,3246.0,110,6,3246.8,42,3,3247.3,175,1,3247.8,1,1,3248.2,48,2,3248.3,52,3
11536,2025-12-30 12:08:13+05:30,3246.4,1,3249.07,795723,105277.0,121116.0,3250.0,3257.0,3239.8,3251.5,43023400,3576.6,2926.4,4322.95,2866.6,3246.4,201,9,3246.3,112,4,3246.2,105,5,3246.1,22,3,3246.0,110,6,3246.8,42,3,3247.3,175,1,3247.8,1,1,3248.2,48,2,3248.3,52,3
11536,2025-12-30 12:08:14+05:30,3246.4,1,3249.07,795723,105277.0,121116.0,3250.0,3257.0,3239.8,3251.5,43023400,3576.6,2926.4,4322.95,2866.6,3246.4,201,9,3246.3,112,4,3246.2,105,5,3246.1,22,3,3246.0,110,6,3246.8,42,3,3247.3,175,1,3247.8,1,1,3248.2,48,2,3248.3,52,3
11536,2025-12-30 12:08:14+05:30,3246.4,8,3249.07,795786,105344.0,121258.0,3250.0,3257.0,3239.8,3251.5,43023400,3576.6,2926.4,4322.95,2866.6,3246.4,204,8,3246.3,112,4,3246.2,105,5,3246.1,22,3,3246.0,266,7,3246.8,36,3,3247.3,175,1,3247.8,1,1,3248.2,48,2,3248.3,54,4
11536,2025-12-30 12:08:14+05:30,3246.4,8,3249.07,795786,105344.0,121258.0,3250.0,3257.0,3239.8,3251.5,43023400,3576.6,2926.4,4322.95,2866.6,3246.4,204,8,3246.3,112,4,3246.2,105,5,3246.1,22,3,3246.0,266,7,3246.8,36,3,3247.3,175,1,3247.8,1,1,3248.2,48,2,3248.3,54,4
11536,2025-12-30 12:08:15+05:30,3246.4,8,3249.07,795786,105344.0,121258.0,3250.0,3257.0,3239.8,3251.5,43023400,3576.6,2926.4,4322.95,2866.6,3246.4,204,8,3246.3,112,4,3246.2,105,5,3246.1,22,3,3246.0,266,7,3246.8,36,3,3247.3,175,1,3247.8,1,1,3248.2,48,2,3248.3,54,4
11536,2025-12-30 12:08:15+05:30,3246.5,31,3249.07,795821,105323.0,121424.0,3250.0,3257.0,3239.8,3251.5,43023400,3576.6,2926.4,4322.95,2866.6,3246.5,124,5,3246.4,130,7,3246.3,112,4,3246.2,95,5,3246.1,44,4,3246.8,33,6,3247.3,175,1,3247.8,1,1,3248.2,48,2,3248.3,54,4
11536,2025-12-30 12:08:15+05:30,3246.5,1,3249.07,795821,105323.0,121424.0,3250.0,3257.0,3239.8,3251.5,43023400,3576.6,2926.4,4322.95,2866.6,3246.5,124,5,3246.4,130,7,3246.3,112,4,3246.2,95,5,3246.1,44,4,3246.8,33,6,3247.3,175,1,3247.8,1,1,3248.2,48,2,3248.3,54,4
11536,2025-12-30 12:08:16+05:30,3246.8,1,3249.07,795823,105640.0,120039.0,3250.0,3257.0,3239.8,3251.5,43023400,3576.6,2926.4,4322.95,2866.6,3246.7,68,1,3246.5,55,4,3246.4,124,6,3246.3,112,4,3246.2,251,6,3246.8,32,6,3247.3,175,1,3247.7,22,1,3247.8,1,1,3248.2,48,2
11536,2025-12-30 12:08:16+05:30,3246.7,19,3249.07,795823,105640.0,120039.0,3250.0,3257.0,3239.8,3251.5,43023400,3576.6,2926.4,4322.95,2866.6,3246.7,68,1,3246.5,55,4,3246.4,124,6,3246.3,112,4,3246.2,251,6,3246.8,32,6,3247.3,175,1,3247.7,22,1,3247.8,1,1,3248.2,48,2
11536,2025-12-30 12:08:17+05:30,3246.7,19,3249.07,795823,105640.0,120039.0,3250.0,3257.0,3239.8,3251.5,43023400,3576.6,2926.4,4322.95,2866.6,3246.7,68,1,3246.5,55,4,3246.4,124,6,3246.3,112,4,3246.2,251,6,3246.8,32,6,3247.3,175,1,3247.7,22,1,3247.8,1,1,3248.2,48,2
11536,2025-12-30 12:08:17+05:30,3246.7,10,3249.07,795930,105392.0,121091.0,3250.0,3257.0,3239.8,3251.5,43023400,3576.6,2926.4,4322.95,2866.6,3246.7,89,1,3246.5,33,3,3246.4,124,6,3246.3,21,4,3246.2,187,6,3246.8,34,6,3247.3,175,1,3247.7,22,1,3247.8,1,1,3248.2,48,2
11536,2025-12-30 12:08:17+05:30,3246.7,10,3249.07,795930,105392.0,121091.0,3250.0,3257.0,3239.8,3251.5,43023400,3576.6,2926.4,4322.95,2866.6,3246.7,89,1,3246.5,33,3,3246.4,124,6,3246.3,21,4,3246.2,187,6,3246.8,34,6,3247.3,175,1,3247.7,22,1,3247.8,1,1,3248.2,48,2
11536,2025-12-30 12:08:18+05:30,3246.7,10,3249.07,795930,105392.0,121091.0,3250.0,3257.0,3239.8,3251.5,43023400,3576.6,2926.4,4322.95,2866.6,3246.7,89,1,3246.5,33,3,3246.4,124,6,3246.3,21,4,3246.2,187,6,3246.8,34,6,3247.3,175,1,3247.7,22,1,3247.8,1,1,3248.2,48,2
11536,2025-12-30 12:08:18+05:30,3246.7,5,3249.07,795946,105404.0,121096.0,3250.0,3257.0,3239.8,3251.5,43023400,3576.6,2926.4,4322.95,2866.6,3246.7,73,1,3246.5,33,3,3246.4,116,5,3246.3,113,5,3246.2,83,4,3246.8,37,9,3247.3,175,1,3247.5,22,1,3247.6,22,1,3247.8,1,1
11536,2025-12-30 12:08:18+05:30,3246.7,5,3249.07,795946,105404.0,121096.0,3250.0,3257.0,3239.8,3251.5,43023400,3576.6,2926.4,4322.95,2866.6,3246.7,73,1,3246.5,33,3,3246.4,116,5,3246.3,113,5,3246.2,83,4,3246.8,37,9,3247.3,175,1,3247.5,22,1,3247.6,22,1,3247.8,1,1
11536,2025-12-30 12:08:19+05:30,3246.8,10,3249.07,795984,105161.0,121119.0,3250.0,3257.0,3239.8,3251.5,43023400,3576.6,2926.4,4322.95,2866.6,3246.7,45,1,3246.5,11,1,3246.4,72,3,3246.3,98,4,3246.2,243,5,3246.8,30,14,3247.3,175,1,3247.4,22,1,3247.7,22,1,3247.8,1,1
11536,2025-12-30 12:08:19+05:30,3246.7,4,3249.07,795984,105161.0,121119.0,3250.0,3257.0,3239.8,3251.5,43023400,3576.6,2926.4,4322.95,2866.6,3246.7,45,1,3246.5,11,1,3246.4,72,3,3246.3,98,4,3246.2,243,5,3246.8,30,14,3247.3,175,1,3247.4,22,1,3247.7,22,1,3247.8,1,1
11536,2025-12-30 12:08:20+05:30,3246.7,4,3249.07,795984,105161.0,121119.0,3250.0,3257.0,3239.8,3251.5,43049825,3576.6,2926.4,4322.95,2866.6,3246.7,45,1,3246.5,11,1,3246.4,72,3,3246.3,98,4,3246.2,243,5,3246.8,30,14,3247.3,175,1,3247.4,22,1,3247.7,22,1,3247.8,1,1
11536,2025-12-30 12:08:20+05:30,3246.7,15,3249.07,796014,105030.0,121619.0,3250.0,3257.0,3239.8,3251.5,43049825,3576.6,2926.4,4322.95,2866.6,3246.7,61,2,3246.5,11,1,3246.4,72,3,3246.3,98,4,3246.2,37,2,3246.8,30,15,3247.4,22,1,3247.5,175,1,3247.6,21,1,3247.8,1,1
11536,2025-12-30 12:08:20+05:30,3246.7,2,3249.07,796014,105030.0,121619.0,3250.0,3257.0,3239.8,3251.5,43049825,3576.6,2926.4,4322.95,2866.6,3246.7,61,2,3246.5,11,1,3246.4,72,3,3246.3,98,4,3246.2,37,2,3246.8,30,15,3247.4,22,1,3247.5,175,1,3247.6,21,1,3247.8,1,1
11536,2025-12-30 12:08:21+05:30,3246.7,1,3249.07,796044,103741.0,121681.0,3250.0,3257.0,3239.8,3251.5,43049825,3576.6,2926.4,4322.95,2866.6,3246.7,131,2,3246.5,11,1,3246.4,106,4,3246.3,110,5,3246.2,86,4,3246.8,29,14,3247.4,22,1,3247.5,175,1,3247.6,21,1,3247.8,1,1
11536,2025-12-30 12:08:21+05:30,3246.7,1,3249.07,796044,103741.0,121681.0,3250.0,3257.0,3239.8,3251.5,43049825,3576.6,2926.4,4322.95,2866.6,3246.7,131,2,3246.5,11,1,3246.4,106,4,3246.3,110,5,3246.2,86,4,3246.8,29,14,3247.4,22,1,3247.5,175,1,3247.6,21,1,3247.8,1,1
11536,2025-12-30 12:08:22+05:30,3246.7,1,3249.07,796044,103741.0,121681.0,3250.0,3257.0,3239.8,3251.5,43049825,3576.6,2926.4,4322.95,2866.6,3246.7,131,2,3246.5,11,1,3246.4,106,4,3246.3,110,5,3246.2,86,4,3246.8,29,14,3247.4,22,1,3247.5,175,1,3247.6,21,1,3247.8,1,1
11536,2025-12-30 12:08:22+05:30,3246.7,1,3249.07,796071,105098.0,121711.0,3250.0,3257.0,3239.8,3251.5,43049825,3576.6,2926.4,4322.95,2866.6,3246.7,115,2,3246.5,11,1,3246.4,97,3,3246.3,110,5,3246.2,86,4,3246.8,31,14,3247.3,22,1,3247.4,21,1,3247.5,175,1,3247.8,1,1
11536,2025-12-30 12:08:22+05:30,3246.7,1,3249.07,796071,105098.0,121711.0,3250.0,3257.0,3239.8,3251.5,43049825,3576.6,2926.4,4322.95,2866.6,3246.7,115,2,3246.5,11,1,3246.4,97,3,3246.3,110,5,3246.2,86,4,3246.8,31,14,3247.3,22,1,3247.4,21,1,3247.5,175,1,3247.8,1,1
11536,2025-12-30 12:08:23+05:30,3246.7,4,3249.07,796071,105098.0,121711.0,3250.0,3257.0,3239.8,3251.5,43049825,3576.6,2926.4,4322.95,2866.6,3246.7,115,2,3246.5,11,1,3246.4,97,3,3246.3,110,5,3246.2,86,4,3246.8,31,14,3247.3,22,1,3247.4,21,1,3247.5,175,1,3247.8,1,1
11536,2025-12-30 12:08:23+05:30,3246.7,4,3249.07,796090,104868.0,122030.0,3250.0,3257.0,3239.8,3251.5,43049825,3576.6,2926.4,4322.95,2866.6,3246.7,96,1,3246.5,11,1,3246.4,97,3,3246.3,98,4,3246.2,102,5,3246.8,31,14,3247.3,22,1,3247.4,21,1,3247.5,175,1,3247.8,1,1
11536,2025-12-30 12:08:24+05:30,3246.7,5,3249.07,796135,104888.0,121896.0,3250.0,3257.0,3239.8,3251.5,43049825,3576.6,2926.4,4322.95,2866.6,3246.7,88,1,3246.5,11,1,3246.4,97,3,3246.3,6,3,3246.2,71,3,3246.8,7,6,3247.3,22,1,3247.4,21,1,3247.5,175,1,3247.8,1,1
11536,2025-12-30 12:08:24+05:30,3246.7,2,3249.07,796135,104888.0,121896.0,3250.0,3257.0,3239.8,3251.5,43049825,3576.6,2926.4,4322.95,2866.6,3246.7,88,1,3246.5,11,1,3246.4,97,3,3246.3,6,3,3246.2,71,3,3246.8,7,6,3247.3,22,1,3247.4,21,1,3247.5,175,1,3247.8,1,1
11536,2025-12-30 12:08:25+05:30,3246.8,1,3249.07,796135,104888.0,121896.0,3250.0,3257.0,3239.8,3251.5,43049825,3576.6,2926.4,4322.95,2866.6,3246.7,88,1,3246.5,11,1,3246.4,97,3,3246.3,6,3,3246.2,71,3,3246.8,7,6,3247.3,22,1,3247.4,21,1,3247.5,175,1,3247.8,1,1
11536,2025-12-30 12:08:25+05:30,3246.7,1,3249.07,796139,103704.0,121887.0,3250.0,3257.0,3239.8,3251.5,43049825,3576.6,2926.4,4322.95,2866.6,3246.7,85,1,3246.5,29,2,3246.4,119,4,3246.3,6,3,3246.2,80,4,3246.8,5,4,3247.3,22,1,3247.4,21,1,3247.5,175,1,3247.8,1,1
11536,2025-12-30 12:08:26+05:30,3246.7,2,3249.07,796139,103704.0,121887.0,3250.0,3257.0,3239.8,3251.5,43049825,3576.6,2926.4,4322.95,2866.6,3246.7,85,1,3246.5,29,2,3246.4,119,4,3246.3,6,3,3246.2,80,4,3246.8,5,4,3247.3,22,1,3247.4,21,1,3247.5,175,1,3247.8,1,1
11536,2025-12-30 12:08:26+05:30,3246.7,2,3249.07,796153,103695.0,121888.0,3250.0,3257.0,3239.8,3251.5,43049825,3576.6,2926.4,4322.95,2866.6,3246.7,71,1,3246.5,29,2,3246.4,119,4,3246.3,6,3,3246.2,80,4,3246.8,6,6,3247.3,22,1,3247.4,21,1,3247.5,175,1,3247.8,1,1
11536,2025-12-30 12:08:27+05:30,3246.7,7,3249.07,796153,103695.0,121888.0,3250.0,3257.0,3239.8,3251.5,43049825,3576.6,2926.4,4322.95,2866.6,3246.7,71,1,3246.5,29,2,3246.4,119,4,3246.3,6,3,3246.2,80,4,3246.8,6,6,3247.3,22,1,3247.4,21,1,3247.5,175,1,3247.8,1,1
11536,2025-12-30 12:08:27+05:30,3246.7,7,3249.07,796238,105107.0,120492.0,3250.0,3257.0,3239.8,3251.5,43049825,3576.6,2926.4,4322.95,2866.6,3246.7,92,1,3246.5,29,2,3246.4,119,4,3246.3,6,3,3246.2,188,6,3246.8,10,7,3247.3,22,1,3247.4,21,1,3247.5,175,1,3247.8,1,1
11536,2025-12-30 12:08:28+05:30,3246.7,2,3249.07,796238,105107.0,120492.0,3250.0,3257.0,3239.8,3251.5,43049825,3576.6,2926.4,4322.95,2866.6,3246.7,92,1,3246.5,29,2,3246.4,119,4,3246.3,6,3,3246.2,188,6,3246.8,10,7,3247.3,22,1,3247.4,21,1,3247.5,175,1,3247.8,1,1
11536,2025-12-30 12:08:28+05:30,3246.7,1,3249.07,796248,105245.0,121251.0,3250.0,3257.0,3239.8,3251.5,43049825,3576.6,2926.4,4322.95,2866.6,3246.7,82,1,3246.5,11,1,3246.4,97,3,3246.3,29,4,3246.2,328,6,3246.8,12,9,3247.3,22,1,3247.4,21,1,3247.5,175,1,3247.8,1,1
11536,2025-12-30 12:08:29+05:30,3246.7,1,3249.07,796248,105245.0,121251.0,3250.0,3257.0,3239.8,3251.5,43049825,3576.6,2926.4,4322.95,2866.6,3246.7,82,1,3246.5,11,1,3246.4,97,3,3246.3,29,4,3246.2,328,6,3246.8,12,9,3247.3,22,1,3247.4,21,1,3247.5,175,1,3247.8,1,1
11536,2025-12-30 12:08:30+05:30,3246.7,2,3249.07,796276,105077.0,121247.0,3250.0,3257.0,3239.8,3251.5,43049825,3576.6,2926.4,4322.95,2866.6,3246.7,54,1,3246.5,11,1,3246.4,97,3,3246.3,29,4,3246.2,96,5,3246.8,8,7,3247.3,22,1,3247.4,21,1,3247.5,175,1,3247.8,1,1
11536,2025-12-30 12:08:30+05:30,3246.8,1,3249.07,796276,105077.0,121247.0,3250.0,3257.0,3239.8,3251.5,43049825,3576.6,2926.4,4322.95,2866.6,3246.7,54,1,3246.5,11,1,3246.4,97,3,3246.3,29,4,3246.2,96,5,3246.8,8,7,3247.3,22,1,3247.4,21,1,3247.5,175,1,3247.8,1,1
11536,2025-12-30 12:08:31+05:30,3246.7,1,3249.07,796293,105035.0,121464.0,3250.0,3257.0,3239.8,3251.5,43049825,3576.6,2926.4,4322.95,2866.6,3246.7,39,1,3246.5,11,1,3246.4,63,2,3246.3,29,4,3246.2,46,3,3246.8,62,8,3247.3,22,1,3247.4,21,1,3247.5,175,1,3247.8,35,2
11536,2025-12-30 12:08:31+05:30,3246.8,1,3249.07,796293,105035.0,121464.0,3250.0,3257.0,3239.8,3251.5,43049825,3576.6,2926.4,4322.95,2866.6,3246.7,39,1,3246.5,11,1,3246.4,63,2,3246.3,29,4,3246.2,46,3,3246.8,62,8,3247.3,22,1,3247.4,21,1,3247.5,175,1,3247.8,35,2
11536,2025-12-30 12:08:32+05:30,3246.7,8,3249.07,796302,104887.0,121462.0,3250.0,3257.0,3239.8,3251.5,43049825,3576.6,2926.4,4322.95,2866.6,3246.7,31,1,3246.5,11,1,3246.4,74,3,3246.3,29,4,3246.2,96,5,3246.8,60,6,3247.3,22,1,3247.4,21,1,3247.5,175,1,3247.8,35,2
11536,2025-12-30 12:08:32+05:30,3246.7,8,3249.07,796302,104887.0,121462.0,3250.0,3257.0,3239.8,3251.5,43049825,3576.6,2926.4,4322.95,2866.6,3246.7,31,1,3246.5,11,1,3246.4,74,3,3246.3,29,4,3246.2,96,5,3246.8,60,6,3247.3,22,1,3247.4,21,1,3247.5,175,1,3247.8,35,2
11536,2025-12-30 12:08:33+05:30,3246.7,5,3249.07,796309,105021.0,121949.0,3250.0,3257.0,3239.8,3251.5,43049825,3576.6,2926.4,4322.95,2866.6,3246.7,24,1,3246.5,22,2,3246.4,63,2,3246.3,29,4,3246.2,65,5,3246.8,60,6,3247.3,22,1,3247.4,21,1,3247.5,175,1,3247.8,35,2
11536,2025-12-30 12:08:33+05:30,3246.8,1,3249.07,796309,105021.0,121949.0,3250.0,3257.0,3239.8,3251.5,43049825,3576.6,2926.4,4322.95,2866.6,3246.7,24,1,3246.5,22,2,3246.4,63,2,3246.3,29,4,3246.2,65,5,3246.8,60,6,3247.3,22,1,3247.4,21,1,3247.5,175,1,3247.8,35,2
11536,2025-12-30 12:08:34+05:30,3246.7,2,3249.07,796317,105014.0,121949.0,3250.0,3257.0,3239.8,3251.5,43049825,3576.6,2926.4,4322.95,2866.6,3246.7,17,1,3246.5,22,2,3246.4,63,2,3246.3,29,4,3246.2,65,5,3246.8,60,7,3247.3,22,1,3247.4,21,1,3247.5,175,1,3247.8,35,2
11536,2025-12-30 12:08:34+05:30,3246.7,1,3249.07,796317,105014.0,121949.0,3250.0,3257.0,3239.8,3251.5,43049825,3576.6,2926.4,4322.95,2866.6,3246.7,17,1,3246.5,22,2,3246.4,63,2,3246.3,29,4,3246.2,65,5,3246.8,60,7,3247.3,22,1,3247.4,21,1,3247.5,175,1,3247.8,35,2
11536,2025-12-30 12:08:35+05:30,3246.7,1,3249.07,796321,105041.0,121951.0,3250.0,3257.0,3239.8,3251.5,43049825,3576.6,2926.4,4322.95,2866.6,3246.7,23,2,3246.5,11,1,3246.4,63,2,3246.3,29,4,3246.2,49,4,3246.8,62,9,3247.3,22,1,3247.4,21,1,3247.5,175,1,3247.8,35,2
11536,2025-12-30 12:08:35+05:30,3246.7,1,3249.07,796321,105041.0,121951.0,3250.0,3257.0,3239.8,3251.5,43049825,3576.6,2926.4,4322.95,2866.6,3246.7,23,2,3246.5,11,1,3246.4,63,2,3246.3,29,4,3246.2,49,4,3246.8,62,9,3247.3,22,1,3247.4,21,1,3247.5,175,1,3247.8,35,2
11536,2025-12-30 12:08:36+05:30,3246.7,1,3249.07,796331,105125.0,122006.0,3250.0,3257.0,3239.8,3251.5,43049825,3576.6,2926.4,4322.95,2866.6,3246.7,16,2,3246.5,28,2,3246.4,95,4,3246.3,41,5,3246.2,99,6,3246.8,56,6,3247.3,22,1,3247.4,21,1,3247.5,175,1,3247.8,1,1
11536,2025-12-30 12:08:36+05:30,3246.7,1,3249.07,796331,105125.0,122006.0,3250.0,3257.0,3239.8,3251.5,43049825,3576.6,2926.4,4322.95,2866.6,3246.7,16,2,3246.5,28,2,3246.4,95,4,3246.3,41,5,3246.2,99,6,3246.8,56,6,3247.3,22,1,3247.4,21,1,3247.5,175,1,3247.8,1,1
11536,2025-12-30 12:08:37+05:30,3246.7,2,3249.07,796422,105144.0,121997.0,3250.0,3257.0,3239.8,3251.5,43049825,3576.6,2926.4,4322.95,2866.6,3246.7,35,1,3246.5,39,3,3246.4,118,4,3246.3,41,5,3246.2,99,6,3246.8,47,5,3247.3,22,1,3247.4,21,1,3247.5,175,1,3247.8,1,1
11536,2025-12-30 12:08:37+05:30,3246.7,2,3249.07,796422,105144.0,121997.0,3250.0,3257.0,3239.8,3251.5,43049825,3576.6,2926.4,4322.95,2866.6,3246.7,35,1,3246.5,39,3,3246.4,118,4,3246.3,41,5,3246.2,99,6,3246.8,47,5,3247.3,22,1,3247.4,21,1,3247.5,175,1,3247.8,1,1
11536,2025-12-30 12:08:38+05:30,3246.7,2,3249.07,796422,105144.0,122000.0,3250.0,3257.0,3239.8,3251.5,43049825,3576.6,2926.4,4322.95,2866.6,3246.7,35,1,3246.5,39,3,3246.4,118,4,3246.3,41,5,3246.2,99,6,3246.8,50,7,3247.3,22,1,3247.4,21,1,3247.5,175,1,3247.8,1,1
11536,2025-12-30 12:08:38+05:30,3246.7,7,3249.07,796422,105144.0,122000.0,3250.0,3257.0,3239.8,3251.5,43049825,3576.6,2926.4,4322.95,2866.6,3246.7,35,1,3246.5,39,3,3246.4,118,4,3246.3,41,5,3246.2,99,6,3246.8,50,7,3247.3,22,1,3247.4,21,1,3247.5,175,1,3247.8,1,1
11536,2025-12-30 12:08:39+05:30,3246.7,7,3249.07,796431,105117.0,122019.0,3250.0,3257.0,3239.8,3251.5,43049825,3576.6,2926.4,4322.95,2866.6,3246.7,26,1,3246.5,11,1,3246.4,97,3,3246.3,41,5,3246.2,83,5,3246.8,49,6,3247.0,20,1,3247.3,22,1,3247.4,21,1,3247.5,175,1
11536,2025-12-30 12:08:39+05:30,3247.5,83,3249.07,796431,105117.0,122019.0,3250.0,3257.0,3239.8,3251.5,43049825,3576.6,2926.4,4322.95,2866.6,3246.7,26,1,3246.5,11,1,3246.4,97,3,3246.3,41,5,3246.2,83,5,3246.8,49,6,3247.0,20,1,3247.3,22,1,3247.4,21,1,3247.5,175,1
11536,2025-12-30 12:08:40+05:30,3247.5,83,3249.07,796682,105696.0,120860.0,3250.0,3257.0,3239.8,3251.5,43049825,3576.6,2926.4,4322.95,2866.6,3246.7,97,1,3246.5,125,4,3246.4,297,7,3246.3,41,5,3246.2,594,6,3247.5,103,3,3247.7,44,2,3247.8,1,1,3247.9,23,1,3248.1,34,1
11536,2025-12-30 12:08:40+05:30,3247.4,97,3249.07,796682,105696.0,120860.0,3250.0,3257.0,3239.8,3251.5,43049825,3576.6,2926.4,4322.95,2866.6,3246.7,97,1,3246.5,125,4,3246.4,297,7,3246.3,41,5,3246.2,594,6,3247.5,103,3,3247.7,44,2,3247.8,1,1,3247.9,23,1,3248.1,34,1
11536,2025-12-30 12:08:41+05:30,3247.4,97,3249.07,796779,105898.0,121045.0,3250.0,3257.0,3239.8,3251.5,43049825,3576.6,2926.4,4322.95,2866.6,3247.4,100,1,3246.7,49,1,3246.6,21,1,3246.5,57,3,3246.4,380,7,3247.5,130,6,3247.6,22,1,3247.7,23,1,3247.8,1,1,3247.9,34,1
11536,2025-12-30 12:08:42+05:30,3247.4,97,3249.07,796779,105932.0,120818.0,3250.0,3257.0,3239.8,3251.5,43049825,3576.6,2926.4,4322.95,2866.6,3247.4,111,2,3246.7,49,1,3246.6,21,1,3246.5,149,4,3246.4,322,7,3247.5,130,6,3247.6,22,1,3247.8,1,1,3248.1,45,2,3248.2,75,3
11536,2025-12-30 12:08:42+05:30,3247.5,4,3249.07,796779,105932.0,120818.0,3250.0,3257.0,3239.8,3251.5,43049825,3576.6,2926.4,4322.95,2866.6,3247.4,111,2,3246.7,49,1,3246.6,21,1,3246.5,149,4,3246.4,322,7,3247.5,130,6,3247.6,22,1,3247.8,1,1,3248.1,45,2,3248.2,75,3
11536,2025-12-30 12:08:43+05:30,3247.4,1,3249.07,796877,105803.0,120873.0,3250.0,3257.0,3239.8,3251.5,43049825,3576.6,2926.4,4322.95,2866.6,3247.4,17,2,3246.7,49,1,3246.6,21,1,3246.5,149,4,3246.4,322,7,3247.5,120,7,3247.6,22,1,3247.8,1,1,3248.1,102,4,3248.2,49,2
11536,2025-12-30 12:08:43+05:30,3247.4,3,3249.07,796877,105803.0,120873.0,3250.0,3257.0,3239.8,3251.5,43049825,3576.6,2926.4,4322.95,2866.6,3247.4,17,2,3246.7,49,1,3246.6,21,1,3246.5,149,4,3246.4,322,7,3247.5,120,7,3247.6,22,1,3247.8,1,1,3248.1,102,4,3248.2,49,2
11536,2025-12-30 12:08:44+05:30,3247.4,15,3249.07,796957,106181.0,121360.0,3250.0,3257.0,3239.8,3251.5,43049825,3576.6,2926.4,4322.95,2866.6,3247.4,48,2,3246.7,49,1,3246.6,21,1,3246.5,316,5,3246.4,316,6,3247.5,152,11,3247.8,1,1,3248.1,57,2,3248.2,22,1,3248.3,54,4
11536,2025-12-30 12:08:44+05:30,3247.5,1,3249.07,796957,106181.0,121360.0,3250.0,3257.0,3239.8,3251.5,43049825,3576.6,2926.4,4322.95,2866.6,3247.4,48,2,3246.7,49,1,3246.6,21,1,3246.5,316,5,3246.4,316,6,3247.5,152,11,3247.8,1,1,3248.1,57,2,3248.2,22,1,3248.3,54,4
11536,2025-12-30 12:08:45+05:30,3247.4,1,3249.07,796978,106170.0,121185.0,3250.0,3257.0,3239.8,3251.5,43049825,3576.6,2926.4,4322.95,2866.6,3247.4,28,2,3246.7,49,1,3246.6,21,1,3246.5,316,5,3246.4,316,6,3247.5,152,13,3247.8,1,1,3248.0,22,1,3248.1,34,1,3248.2,23,1
11536,2025-12-30 12:08:45+05:30,3247.4,1,3249.07,796978,106170.0,121185.0,3250.0,3257.0,3239.8,3251.5,43049825,3576.6,2926.4,4322.95,2866.6,3247.4,28,2,3246.7,49,1,3246.6,21,1,3246.5,316,5,3246.4,316,6,3247.5,152,13,3247.8,1,1,3248.0,22,1,3248.1,34,1,3248.2,23,1
11536,2025-12-30 12:08:46+05:30,3247.4,10,3249.07,797019,105979.0,121176.0,3250.0,3257.0,3239.8,3251.5,43049825,3576.6,2926.4,4322.95,2866.6,3247.4,147,3,3246.6,67,3,3246.5,54,2,3246.4,362,6,3246.3,638,10,3247.5,127,11,3247.8,1,1,3247.9,22,1,3248.0,45,2,3248.1,34,1
11536,2025-12-30 12:08:46+05:30,3247.4,9,3249.07,797019,105979.0,121176.0,3250.0,3257.0,3239.8,3251.5,43049825,3576.6,2926.4,4322.95,2866.6,3247.4,147,3,3246.6,67,3,3246.5,54,2,3246.4,362,6,3246.3,638,10,3247.5,127,11,3247.8,1,1,3247.9,22,1,3248.0,45,2,3248.1,34,1
11536,2025-12-30 12:08:47+05:30,3247.4,64,3249.07,797120,106006.0,121190.0,3250.0,3257.0,3239.8,3251.5,43049825,3576.6,2926.4,4322.95,2866.6,3247.4,91,3,3246.6,67,3,3246.5,54,2,3246.4,270,5,3246.3,730,11,3247.5,141,13,3247.7,22,1,3247.8,1,1,3247.9,22,1,3248.0,23,1
11536,2025-12-30 12:08:47+05:30,3247.4,3,3249.07,797120,106006.0,121190.0,3250.0,3257.0,3239.8,3251.5,43049825,3576.6,2926.4,4322.95,2866.6,3247.4,91,3,3246.6,67,3,3246.5,54,2,3246.4,270,5,3246.3,730,11,3247.5,141,13,3247.7,22,1,3247.8,1,1,3247.9,22,1,3248.0,23,1
11536,2025-12-30 12:08:48+05:30,3247.4,67,3249.07,797337,105336.0,121880.0,3250.0,3257.0,3239.8,3251.5,43049825,3576.6,2926.4,4322.95,2866.6,3246.6,1,1,3246.5,11,1,3246.4,242,6,3246.3,112,7,3246.2,208,5,3247.3,58,1,3247.5,235,14,3247.7,22,1,3247.8,23,2,3247.9,48,2
11536,2025-12-30 12:08:48+05:30,3246.5,3,3249.07,797337,105336.0,121880.0,3250.0,3257.0,3239.8,3251.5,43049825,3576.6,2926.4,4322.95,2866.6,3246.6,1,1,3246.5,11,1,3246.4,242,6,3246.3,112,7,3246.2,208,5,3247.3,58,1,3247.5,235,14,3247.7,22,1,3247.8,23,2,3247.9,48,2
11536,2025-12-30 12:08:49+05:30,3246.5,3,3249.07,797350,105035.0,121547.0,3250.0,3257.0,3239.8,3251.5,43049825,3576.6,2926.4,4322.95,2866.6,3246.5,8,1,3246.4,74,5,3246.3,76,6,3246.2,302,9,3246.1,53,6,3247.3,70,4,3247.5,217,9,3247.6,22,1,3247.8,23,2,3247.9,34,1
11536,2025-12-30 12:08:49+05:30,3246.5,2,3249.07,797350,105035.0,121547.0,3250.0,3257.0,3239.8,3251.5,43049825,3576.6,2926.4,4322.95,2866.6,3246.5,8,1,3246.4,74,5,3246.3,76,6,3246.2,302,9,3246.1,53,6,3247.3,70,4,3247.5,217,9,3247.6,22,1,3247.8,23,2,3247.9,34,1
11536,2025-12-30 12:08:50+05:30,3246.4,10,3249.07,797457,104894.0,121564.0,3250.0,3257.0,3239.8,3251.5,43049825,3576.6,2926.4,4322.95,2866.6,3246.4,20,2,3246.3,32,4,3246.2,209,4,3246.1,53,6,3246.0,470,11,3247.3,86,11,3247.5,230,4,3247.6,22,1,3247.8,24,2,3247.9,34,1
11536,2025-12-30 12:08:50+05:30,3246.4,2,3249.07,797457,104894.0,121564.0,3250.0,3257.0,3239.8,3251.5,43049825,3576.6,2926.4,4322.95,2866.6,3246.4,20,2,3246.3,32,4,3246.2,209,4,3246.1,53,6,3246.0,470,11,3247.3,86,11,3247.5,230,4,3247.6,22,1,3247.8,24,2,3247.9,34,1
11536,2025-12-30 12:08:51+05:30,3246.4,2,3249.07,797460,104883.0,121565.0,3250.0,3257.0,3239.8,3251.5,43049825,3576.6,2926.4,4322.95,2866.6,3246.4,17,2,3246.3,6,3,3246.2,209,4,3246.1,53,6,3246.0,470,11,3247.3,88,12,3247.5,229,3,3247.6,22,1,3247.8,1,1,3247.9,34,1
11536,2025-12-30 12:08:51+05:30,3246.4,1,3249.07,797460,104883.0,121565.0,3250.0,3257.0,3239.8,3251.5,43049825,3576.6,2926.4,4322.95,2866.6,3246.4,17,2,3246.3,6,3,3246.2,209,4,3246.1,53,6,3246.0,470,11,3247.3,88,12,3247.5,229,3,3247.6,22,1,3247.8,1,1,3247.9,34,1
11536,2025-12-30 12:08:52+05:30,3246.4,4,3249.07,797533,104883.0,120513.0,3250.0,3257.0,3239.8,3251.5,43049825,3576.6,2926.4,4322.95,2866.6,3246.4,13,1,3246.3,19,4,3246.2,191,3,3246.1,53,6,3246.0,470,11,3247.3,79,7,3247.5,229,3,3247.6,22,1,3247.8,1,1,3247.9,34,1
11536,2025-12-30 12:08:52+05:30,3246.4,4,3249.07,797533,104883.0,120513.0,3250.0,3257.0,3239.8,3251.5,43049825,3576.6,2926.4,4322.95,2866.6,3246.4,13,1,3246.3,19,4,3246.2,191,3,3246.1,53,6,3246.0,470,11,3247.3,79,7,3247.5,229,3,3247.6,22,1,3247.8,1,1,3247.9,34,1
11536,2025-12-30 12:08:53+05:30,3246.4,11,3249.07,797547,104962.0,121754.0,3250.0,3257.0,3239.8,3251.5,43049825,3576.6,2926.4,4322.95,2866.6,3246.4,25,2,3246.3,6,3,3246.2,298,6,3246.1,53,6,3246.0,497,12,3247.3,134,9,3247.5,197,2,3247.6,22,1,3247.8,1,1,3247.9,34,1
11536,2025-12-30 12:08:53+05:30,3247.3,1,3249.07,797547,104962.0,121754.0,3250.0,3257.0,3239.8,3251.5,43049825,3576.6,2926.4,4322.95,2866.6,3246.4,25,2,3246.3,6,3,3246.2,298,6,3246.1,53,6,3246.0,497,12,3247.3,134,9,3247.5,197,2,3247.6,22,1,3247.8,1,1,3247.9,34,1
11536,2025-12-30 12:08:54+05:30,3247.3,11,3249.06,797679,105370.0,121632.0,3250.0,3257.0,3239.8,3251.5,43049825,3576.6,2926.4,4322.95,2866.6,3246.4,77,6,3246.3,45,5,3246.2,424,8,3246.1,53,6,3246.0,412,12,3247.3,31,8,3247.5,175,1,3247.6,22,1,3247.8,1,1,3248.1,21,1
11536,2025-12-30 12:08:54+05:30,3247.3,11,3249.06,797679,105370.0,121632.0,3250.0,3257.0,3239.8,3251.5,43049825,3576.6,2926.4,4322.95,2866.6,3246.4,77,6,3246.3,45,5,3246.2,424,8,3246.1,53,6,3246.0,412,12,3247.3,31,8,3247.5,175,1,3247.6,22,1,3247.8,1,1,3248.1,21,1
11536,2025-12-30 12:08:55+05:30,3246.4,3,3249.06,797689,105380.0,121641.0,3250.0,3257.0,3239.8,3251.5,43049825,3576.6,2926.4,4322.95,2866.6,3246.4,149,7,3246.3,45,5,3246.2,360,7,3246.1,53,6,3246.0,402,11,3247.3,32,9,3247.5,175,1,3247.6,22,1,3247.8,1,1,3248.1,55,2
11536,2025-12-30 12:08:55+05:30,3247.3,1,3249.06,797689,105380.0,121641.0,3250.0,3257.0,3239.8,3251.5,43049825,3576.6,2926.4,4322.95,2866.6,3246.4,149,7,3246.3,45,5,3246.2,360,7,3246.1,53,6,3246.0,402,11,3247.3,32,9,3247.5,175,1,3247.6,22,1,3247.8,1,1,3248.1,55,2
11536,2025-12-30 12:08:56+05:30,3246.4,9,3249.06,797738,105273.0,121667.0,3250.0,3257.0,3239.8,3251.5,43049825,3576.6,2926.4,4322.95,2866.6,3246.4,106,5,3246.3,45,5,3246.2,403,7,3246.1,53,6,3246.0,395,10,3247.3,30,11,3247.4,175,1,3247.6,22,1,3247.8,1,1,3248.1,83,3
11536,2025-12-30 12:08:56+05:30,3246.4,11,3249.06,797738,105273.0,121667.0,3250.0,3257.0,3239.8,3251.5,43049825,3576.6,2926.4,4322.95,2866.6,3246.4,106,5,3246.3,45,5,3246.2,403,7,3246.1,53,6,3246.0,395,10,3247.3,30,11,3247.4,175,1,3247.6,22,1,3247.8,1,1,3248.1,83,3
11536,2025-12-30 12:08:57+05:30,3246.5,1,3249.06,797841,105159.0,121817.0,3250.0,3257.0,3239.8,3251.5,43049825,3576.6,2926.4,4322.95,2866.6,3246.5,52,1,3246.4,18,2,3246.3,24,4,3246.2,277,5,3246.1,188,8,3247.3,30,9,3247.4,175,1,3247.5,21,1,3247.6,22,1,3247.8,35,2
11536,2025-12-30 12:08:57+05:30,3246.5,1,3249.06,797841,105159.0,121817.0,3250.0,3257.0,3239.8,3251.5,43049825,3576.6,2926.4,4322.95,2866.6,3246.5,52,1,3246.4,18,2,3246.3,24,4,3246.2,277,5,3246.1,188,8,3247.3,30,9,3247.4,175,1,3247.5,21,1,3247.6,22,1,3247.8,35,2
11536,2025-12-30 12:08:58+05:30,3246.5,5,3249.06,797859,105107.0,121817.0,3250.0,3257.0,3239.8,3251.5,43049825,3576.6,2926.4,4322.95,2866.6,3246.5,34,1,3246.4,18,2,3246.3,24,4,3246.2,277,5,3246.1,188,8,3247.3,31,10,3247.4,175,1,3247.5,21,1,3247.6,22,1,3247.8,35,2
11536,2025-12-30 12:08:58+05:30,3246.5,1,3249.06,797859,105107.0,121817.0,3250.0,3257.0,3239.8,3251.5,43049825,3576.6,2926.4,4322.95,2866.6,3246.5,34,1,3246.4,18,2,3246.3,24,4,3246.2,277,5,3246.1,188,8,3247.3,31,10,3247.4,175,1,3247.5,21,1,3247.6,22,1,3247.8,35,2
11536,2025-12-30 12:08:59+05:30,3246.9,7,3249.06,797894,105327.0,121738.0,3250.0,3257.0,3239.8,3251.5,43049825,3576.6,2926.4,4322.95,2866.6,3246.9,64,1,3246.4,39,3,3246.3,24,4,3246.2,307,5,3246.1,96,7,3247.3,49,10,3247.4,196,2,3247.7,23,1,3247.8,56,3,3247.9,31,2
11536,2025-12-30 12:08:59+05:30,3246.9,3,3249.06,797894,105327.0,121738.0,3250.0,3257.0,3239.8,3251.5,43049825,3576.6,2926.4,4322.95,2866.6,3246.9,64,1,3246.4,39,3,3246.3,24,4,3246.2,307,5,3246.1,96,7,3247.3,49,10,3247.4,196,2,3247.7,23,1,3247.8,56,3,3247.9,31,2
11536,2025-12-30 12:09:00+05:30,3246.9,14,3249.06,797915,105124.0,121758.0,3250.0,3257.0,3239.8,3251.5,43049825,3576.6,2926.4,4322.95,2866.6,3246.9,43,1,3246.4,39,3,3246.3,6,3,3246.2,234,4,3246.1,81,6,3247.3,48,10,3247.4,196,2,3247.6,21,1,3247.7,23,1,3247.8,56,3
11536,2025-12-30 12:09:00+05:30,3246.9,2,3249.06,797915,105124.0,121758.0,3250.0,3257.0,3239.8,3251.5,43049825,3576.6,2926.4,4322.95,2866.6,3246.9,43,1,3246.4,39,3,3246.3,6,3,3246.2,234,4,3246.1,81,6,3247.3,48,10,3247.4,196,2,3247.6,21,1,3247.7,23,1,3247.8,56,3
11536,2025-12-30 12:09:01+05:30,3247.3,1,3249.06,797921,105440.0,122494.0,3250.0,3257.0,3239.8,3251.5,43049825,3576.6,2926.4,4322.95,2866.6,3247.2,38,1,3246.4,248,6,3246.3,49,4,3246.2,234,4,3246.1,359,9,3247.3,48,11,3247.4,217,3,3247.6,57,2,3247.7,25,1,3247.8,82,4
11536,2025-12-30 12:09:01+05:30,3247.2,10,3249.06,797921,105440.0,122494.0,3250.0,3257.0,3239.8,3251.5,43049825,3576.6,2926.4,4322.95,2866.6,3247.2,38,1,3246.4,248,6,3246.3,49,4,3246.2,234,4,3246.1,359,9,3247.3,48,11,3247.4,217,3,3247.6,57,2,3247.7,25,1,3247.8,82,4
11536,2025-12-30 12:09:02+05:30,3247.2,6,3249.06,797962,105409.0,122503.0,3250.0,3257.0,3239.8,3251.5,43049825,3576.6,2926.4,4322.95,2866.6,3247.2,16,1,3246.4,262,8,3246.3,49,4,3246.2,251,5,3246.1,372,10,3247.3,7,7,3247.4,217,3,3247.6,21,1,3247.7,20,1,3247.8,58,3
11536,2025-12-30 12:09:02+05:30,3247.2,1,3249.06,797962,105409.0,122503.0,3250.0,3257.0,3239.8,3251.5,43049825,3576.6,2926.4,4322.95,2866.6,3247.2,16,1,3246.4,262,8,3246.3,49,4,3246.2,251,5,3246.1,372,10,3247.3,7,7,3247.4,217,3,3247.6,21,1,3247.7,20,1,3247.8,58,3
11536,2025-12-30 12:09:03+05:30,3247.2,1,3249.06,797965,105420.0,122505.0,3250.0,3257.0,3239.8,3251.5,43049825,3576.6,2926.4,4322.95,2866.6,3247.2,13,1,3246.4,276,9,3246.3,49,4,3246.2,251,5,3246.1,372,10,3247.3,9,9,3247.4,196,2,3247.5,20,1,3247.8,58,3,3247.9,56,3
11536,2025-12-30 12:09:03+05:30,3247.2,4,3249.06,797965,105420.0,122505.0,3250.0,3257.0,3239.8,3251.5,43049825,3576.6,2926.4,4322.95,2866.6,3247.2,13,1,3246.4,276,9,3246.3,49,4,3246.2,251,5,3246.1,372,10,3247.3,9,9,3247.4,196,2,3247.5,20,1,3247.8,58,3,3247.9,56,3
11536,2025-12-30 12:09:04+05:30,3247.2,6,3249.06,797979,105627.0,122327.0,3250.0,3257.0,3239.8,3251.5,43049825,3576.6,2926.4,4322.95,2866.6,3247.2,64,1,3246.4,276,9,3246.3,49,4,3246.2,343,6,3246.1,280,9,3247.3,181,7,3247.4,41,2,3247.8,37,2,3247.9,77,4,3248.0,32,1
11536,2025-12-30 12:09:04+05:30,3247.2,2,3249.06,797979,105627.0,122327.0,3250.0,3257.0,3239.8,3251.5,43049825,3576.6,2926.4,4322.95,2866.6,3247.2,64,1,3246.4,276,9,3246.3,49,4,3246.2,343,6,3246.1,280,9,3247.3,181,7,3247.4,41,2,3247.8,37,2,3247.9,77,4,3248.0,32,1
11536,2025-12-30 12:09:05+05:30,3247.2,1,3249.06,797986,105665.0,122329.0,3250.0,3257.0,3239.8,3251.5,43049825,3576.6,2926.4,4322.95,2866.6,3247.2,104,2,3246.4,276,9,3246.3,49,4,3246.2,343,6,3246.1,638,10,3247.3,183,9,3247.4,21,1,3247.6,20,1,3247.7,21,1,3247.8,37,2
11536,2025-12-30 12:09:05+05:30,3247.3,131,3249.06,797986,105665.0,122329.0,3250.0,3257.0,3239.8,3251.5,43049825,3576.6,2926.4,4322.95,2866.6,3247.2,104,2,3246.4,276,9,3246.3,49,4,3246.2,343,6,3246.1,638,10,3247.3,183,9,3247.4,21,1,3247.6,20,1,3247.7,21,1,3247.8,37,2
11536,2025-12-30 12:09:06+05:30,3247.2,2,3249.06,798125,105755.0,121524.0,3250.0,3257.0,3239.8,3251.5,43049825,3576.6,2926.4,4322.95,2866.6,3247.2,97,2,3246.7,18,1,3246.6,18,1,3246.4,404,11,3246.3,410,6,3247.3,56,8,3247.7,20,1,3247.8,22,2,3248.0,21,1,3248.1,26,1
11536,2025-12-30 12:09:06+05:30,3247.3,10,3249.06,798125,105755.0,121524.0,3250.0,3257.0,3239.8,3251.5,43049825,3576.6,2926.4,4322.95,2866.6,3247.2,97,2,3246.7,18,1,3246.6,18,1,3246.4,404,11,3246.3,410,6,3247.3,56,8,3247.7,20,1,3247.8,22,2,3248.0,21,1,3248.1,26,1
11536,2025-12-30 12:09:07+05:30,3247.2,1,3249.06,798217,105853.0,121864.0,3250.0,3257.0,3239.8,3251.5,43049825,3576.6,2926.4,4322.95,2866.6,3247.2,81,2,3246.4,429,12,3246.3,52,5,3246.2,684,10,3246.1,376,12,3247.3,47,8,3247.6,20,1,3247.7,21,1,3247.8,1,1,3248.0,21,1
11536,2025-12-30 12:09:07+05:30,3247.2,1,3249.06,798217,105853.0,121864.0,3250.0,3257.0,3239.8,3251.5,43049825,3576.6,2926.4,4322.95,2866.6,3247.2,81,2,3246.4,429,12,3246.3,52,5,3246.2,684,10,3246.1,376,12,3247.3,47,8,3247.6,20,1,3247.7,21,1,3247.8,1,1,3248.0,21,1
11536,2025-12-30 12:09:08+05:30,3247.2,1,3249.06,798259,105811.0,121550.0,3250.0,3257.0,3239.8,3251.5,43049825,3576.6,2926.4,4322.95,2866.6,3247.2,39,1,3246.4,337,11,3246.3,144,6,3246.2,326,9,3246.1,734,13,3247.3,84,12,3247.6,20,1,3247.7,21,1,3247.8,1,1,3247.9,20,1
11536,2025-12-30 12:09:08+05:30,3247.3,1,3249.06,798259,105811.0,121550.0,3250.0,3257.0,3239.8,3251.5,43049825,3576.6,2926.4,4322.95,2866.6,3247.2,39,1,3246.4,337,11,3246.3,144,6,3246.2,326,9,3246.1,734,13,3247.3,84,12,3247.6,20,1,3247.7,21,1,3247.8,1,1,3247.9,20,1
11536,2025-12-30 12:09:09+05:30,3247.3,1,3249.06,798431,105734.0,121657.0,3250.0,3257.0,3239.8,3251.5,43049825,3576.6,2926.4,4322.95,2866.6,3247.2,24,1,3246.4,289,10,3246.3,88,6,3246.2,389,9,3246.1,734,13,3247.3,6,3,3247.5,175,1,3247.6,20,1,3247.7,21,1,3247.8,1,1
11536,2025-12-30 12:09:09+05:30,3247.3,1,3249.06,798431,105734.0,121657.0,3250.0,3257.0,3239.8,3251.5,43049825,3576.6,2926.4,4322.95,2866.6,3247.2,24,1,3246.4,289,10,3246.3,88,6,3246.2,389,9,3246.1,734,13,3247.3,6,3,3247.5,175,1,3247.6,20,1,3247.7,21,1,3247.8,1,1
11536,2025-12-30 12:09:10+05:30,3247.3,1,3249.06,798431,105734.0,121661.0,3250.0,3257.0,3239.8,3251.5,43049825,3576.6,2926.4,4322.95,2866.6,3247.2,24,1,3246.4,289,10,3246.3,88,6,3246.2,389,9,3246.1,734,13,3247.3,10,5,3247.5,175,1,3247.6,20,1,3247.7,21,1,3247.8,1,1
11536,2025-12-30 12:09:10+05:30,3247.3,2,3249.06,798431,105734.0,121661.0,3250.0,3257.0,3239.8,3251.5,43049825,3576.6,2926.4,4322.95,2866.6,3247.2,24,1,3246.4,289,10,3246.3,88,6,3246.2,389,9,3246.1,734,13,3247.3,10,5,3247.5,175,1,3247.6,20,1,3247.7,21,1,3247.8,1,1
11536,2025-12-30 12:09:11+05:30,3247.2,1,3249.06,798467,105721.0,121822.0,3250.0,3257.0,3239.8,3251.5,43049825,3576.6,2926.4,4322.95,2866.6,3247.2,72,2,3246.9,14,1,3246.6,14,1,3246.5,13,1,3246.4,279,9,3247.3,6,4,3247.5,175,1,3247.6,20,1,3247.7,21,1,3247.8,1,1
11536,2025-12-30 12:09:11+05:30,3247.3,1,3249.06,798467,105721.0,121822.0,3250.0,3257.0,3239.8,3251.5,43049825,3576.6,2926.4,4322.95,2866.6,3247.2,72,2,3246.9,14,1,3246.6,14,1,3246.5,13,1,3246.4,279,9,3247.3,6,4,3247.5,175,1,3247.6,20,1,3247.7,21,1,3247.8,1,1
11536,2025-12-30 12:09:12+05:30,3247.3,2,3249.06,798481,105716.0,121839.0,3250.0,3257.0,3239.8,3251.5,43049825,3576.6,2926.4,4322.95,2866.6,3247.2,52,1,3246.6,14,1,3246.5,49,2,3246.4,288,10,3246.3,180,7,3247.3,23,9,3247.5,175,1,3247.6,20,1,3247.7,21,1,3247.8,1,1
11536,2025-12-30 12:09:12+05:30,3247.3,1,3249.06,798481,105716.0,121839.0,3250.0,3257.0,3239.8,3251.5,43049825,3576.6,2926.4,4322.95,2866.6,3247.2,52,1,3246.6,14,1,3246.5,49,2,3246.4,288,10,3246.3,180,7,3247.3,23,9,3247.5,175,1,3247.6,20,1,3247.7,21,1,3247.8,1,1
11536,2025-12-30 12:09:13+05:30,3247.2,1,3249.06,798497,105707.0,121839.0,3250.0,3257.0,3239.8,3251.5,43049825,3576.6,2926.4,4322.95,2866.6,3247.2,47,2,3246.7,14,1,3246.5,49,2,3246.4,279,9,3246.3,180,7,3247.3,23,10,3247.5,175,1,3247.6,20,1,3247.7,21,1,3247.8,1,1
11536,2025-12-30 12:09:13+05:30,3247.2,1,3249.06,798497,105707.0,121839.0,3250.0,3257.0,3239.8,3251.5,43049825,3576.6,2926.4,4322.95,2866.6,3247.2,47,2,3246.7,14,1,3246.5,49,2,3246.4,279,9,3246.3,180,7,3247.3,23,10,3247.5,175,1,3247.6,20,1,3247.7,21,1,3247.8,1,1
11536,2025-12-30 12:09:14+05:30,3247.2,2,3249.06,798525,105725.0,121647.0,3250.0,3257.0,3239.8,3251.5,43049825,3576.6,2926.4,4322.95,2866.6,3247.2,31,1,3246.6,23,2,3246.5,49,2,3246.4,279,9,3246.3,206,8,3247.3,8,8,3247.5,175,1,3247.6,20,1,3247.7,21,1,3247.8,1,1
11536,2025-12-30 12:09:14+05:30,3247.2,2,3249.06,798525,105725.0,121647.0,3250.0,3257.0,3239.8,3251.5,43049825,3576.6,2926.4,4322.95,2866.6,3247.2,31,1,3246.6,23,2,3246.5,49,2,3246.4,279,9,3246.3,206,8,3247.3,8,8,3247.5,175,1,3247.6,20,1,3247.7,21,1,3247.8,1,1
11536,2025-12-30 12:09:15+05:30,3247.3,1,3249.06,798533,105801.0,121649.0,3250.0,3257.0,3239.8,3251.5,43049825,3576.6,2926.4,4322.95,2866.6,3247.2,87,3,3246.8,14,1,3246.7,24,1,3246.6,38,2,3246.5,49,2,3247.3,10,10,3247.5,175,1,3247.6,20,1,3247.7,21,1,3247.8,1,1
11536,2025-12-30 12:09:15+05:30,3247.5,4,3249.06,798533,105801.0,121649.0,3250.0,3257.0,3239.8,3251.5,43049825,3576.6,2926.4,4322.95,2866.6,3247.2,87,3,3246.8,14,1,3246.7,24,1,3246.6,38,2,3246.5,49,2,3247.3,10,10,3247.5,175,1,3247.6,20,1,3247.7,21,1,3247.8,1,1
11536,2025-12-30 12:09:16+05:30,3247.5,4,3249.06,798556,106106.0,121627.0,3250.0,3257.0,3239.8,3251.5,43049825,3576.6,2926.4,4322.95,2866.6,3247.2,76,2,3246.8,9,1,3246.7,27,2,3246.6,215,4,3246.5,151,4,3247.5,173,3,3247.7,47,2,3247.8,1,1,3248.1,26,1,3248.2,55,2
11536,2025-12-30 12:09:16+05:30,3247.5,1,3249.06,798556,106106.0,121627.0,3250.0,3257.0,3239.8,3251.5,43049825,3576.6,2926.4,4322.95,2866.6,3247.2,76,2,3246.8,9,1,3246.7,27,2,3246.6,215,4,3246.5,151,4,3247.5,173,3,3247.7,47,2,3247.8,1,1,3248.1,26,1,3248.2,55,2
11536,2025-12-30 12:09:17+05:30,3247.4,77,3249.06,798634,106344.0,121615.0,3250.0,3257.0,3239.8,3251.5,43049825,3576.6,2926.4,4322.95,2866.6,3247.4,64,1,3247.2,63,2,3246.7,41,3,3246.6,201,3,3246.5,194,5,3247.5,177,5,3247.7,47,2,3247.8,1,1,3248.1,44,2,3248.2,37,1
11536,2025-12-30 12:09:17+05:30,3247.5,2,3249.06,798634,106344.0,121615.0,3250.0,3257.0,3239.8,3251.5,43049825,3576.6,2926.4,4322.95,2866.6,3247.4,64,1,3247.2,63,2,3246.7,41,3,3246.6,201,3,3246.5,194,5,3247.5,177,5,3247.7,47,2,3247.8,1,1,3248.1,44,2,3248.2,37,1
11536,2025-12-30 12:09:18+05:30,3247.5,1,3249.06,798644,106338.0,121613.0,3250.0,3257.0,3239.8,3251.5,43049825,3576.6,2926.4,4322.95,2866.6,3247.4,57,1,3247.2,53,1,3246.7,41,3,3246.6,210,4,3246.5,194,5,3247.5,175,6,3247.7,47,2,3247.8,1,1,3248.1,26,1,3248.2,37,1
11536,2025-12-30 12:09:18+05:30,3247.5,19,3249.06,798644,106338.0,121613.0,3250.0,3257.0,3239.8,3251.5,43049825,3576.6,2926.4,4322.95,2866.6,3247.4,57,1,3247.2,53,1,3246.7,41,3,3246.6,210,4,3246.5,194,5,3247.5,175,6,3247.7,47,2,3247.8,1,1,3248.1,26,1,3248.2,37,1
11536,2025-12-30 12:09:19+05:30,3247.5,2,3249.06,798692,106611.0,121669.0,3250.0,3257.0,3239.8,3251.5,43049825,3576.6,2926.4,4322.95,2866.6,3247.4,83,2,3247.2,64,2,3246.9,35,2,3246.8,256,5,3246.7,144,5,3247.5,8,7,3247.8,149,2,3248.1,26,1,3248.2,24,1,3248.3,3,1
11536,2025-12-30 12:09:19+05:30,3247.4,1,3249.06,798692,106611.0,121669.0,3250.0,3257.0,3239.8,3251.5,43049825,3576.6,2926.4,4322.95,2866.6,3247.4,83,2,3247.2,64,2,3246.9,35,2,3246.8,256,5,3246.7,144,5,3247.5,8,7,3247.8,149,2,3248.1,26,1,3248.2,24,1,3248.3,3,1
11536,2025-12-30 12:09:20+05:30,3247.4,9,3249.06,798703,106610.0,121973.0,3250.0,3257.0,3239.8,3251.5,43049825,3576.6,2926.4,4322.95,2866.6,3247.4,72,2,3247.2,53,1,3247.0,9,1,3246.9,35,2,3246.8,242,4,3247.5,26,10,3247.8,148,1,3248.1,26,1,3248.2,24,1,3248.3,3,1
11536,2025-12-30 12:09:20+05:30,3247.4,2,3249.06,798703,106610.0,121973.0,3250.0,3257.0,3239.8,3251.5,43049825,3576.6,2926.4,4322.95,2866.6,3247.4,72,2,3247.2,53,1,3247.0,9,1,3246.9,35,2,3246.8,242,4,3247.5,26,10,3247.8,148,1,3248.1,26,1,3248.2,24,1,3248.3,3,1
11536,2025-12-30 12:09:21+05:30,3247.5,1,3249.06,798714,106709.0,122011.0,3250.0,3257.0,3239.8,3251.5,43049825,3576.6,2926.4,4322.95,2866.6,3247.4,112,3,3247.2,62,2,3246.9,28,2,3246.8,256,5,3246.7,49,3,3247.5,63,11,3247.8,148,1,3248.0,24,1,3248.2,27,1,3248.3,3,1
11536,2025-12-30 12:09:21+05:30,3247.4,1,3249.06,798714,106709.0,122011.0,3250.0,3257.0,3239.8,3251.5,43049825,3576.6,2926.4,4322.95,2866.6,3247.4,112,3,3247.2,62,2,3246.9,28,2,3246.8,256,5,3246.7,49,3,3247.5,63,11,3247.8,148,1,3248.0,24,1,3248.2,27,1,3248.3,3,1
11536,2025-12-30 12:09:22+05:30,3247.4,1,3249.06,798839,106647.0,122000.0,3250.0,3257.0,3239.8,3251.5,43049825,3576.6,2926.4,4322.95,2866.6,3247.4,51,1,3247.2,62,2,3246.9,28,2,3246.8,242,4,3246.7,49,3,3247.5,52,11,3247.8,148,1,3247.9,27,1,3248.0,24,1,3248.3,3,1
11536,2025-12-30 12:09:22+05:30,3247.5,2,3249.06,798839,106647.0,122000.0,3250.0,3257.0,3239.8,3251.5,43049825,3576.6,2926.4,4322.95,2866.6,3247.4,51,1,3247.2,62,2,3246.9,28,2,3246.8,242,4,3246.7,49,3,3247.5,52,11,3247.8,148,1,3247.9,27,1,3248.0,24,1,3248.3,3,1
11536,2025-12-30 12:09:23+05:30,3247.4,39,3249.06,798941,106672.0,121997.0,3250.0,3257.0,3239.8,3251.5,43049825,3576.6,2926.4,4322.95,2866.6,3247.2,62,2,3246.9,28,2,3246.8,220,4,3246.7,49,3,3246.6,262,5,3247.4,6,1,3247.5,46,11,3247.8,148,1,3247.9,27,1,3248.0,24,1
11536,2025-12-30 12:09:23+05:30,3247.2,2,3249.06,798941,106672.0,121997.0,3250.0,3257.0,3239.8,3251.5,43049825,3576.6,2926.4,4322.95,2866.6,3247.2,62,2,3246.9,28,2,3246.8,220,4,3246.7,49,3,3246.6,262,5,3247.4,6,1,3247.5,46,11,3247.8,148,1,3247.9,27,1,3248.0,24,1
11536,2025-12-30 12:09:24+05:30,3247.4,2,3249.06,799012,106582.0,122001.0,3250.0,3257.0,3239.8,3251.5,43049825,3576.6,2926.4,4322.95,2866.6,3247.2,28,2,3246.9,3,1,3246.8,20,1,3246.7,63,4,3246.6,244,4,3247.4,8,4,3247.5,40,7,3247.8,148,1,3247.9,51,2,3248.2,36,1
11536,2025-12-30 12:09:24+05:30,3247.4,1,3249.06,799012,106582.0,122001.0,3250.0,3257.0,3239.8,3251.5,43049825,3576.6,2926.4,4322.95,2866.6,3247.2,28,2,3246.9,3,1,3246.8,20,1,3246.7,63,4,3246.6,244,4,3247.4,8,4,3247.5,40,7,3247.8,148,1,3247.9,51,2,3248.2,36,1
11536,2025-12-30 12:09:25+05:30,3247.4,1,3249.06,799118,106799.0,121529.0,3250.0,3257.0,3239.8,3251.5,43049825,3576.6,2926.4,4322.95,2866.6,3247.4,1,1,3247.2,18,1,3247.1,45,2,3247.0,26,2,3246.9,55,5,3247.5,39,5,3247.8,148,1,3248.3,3,1,3248.4,1,1,3248.6,62,2
11536,2025-12-30 12:09:25+05:30,3248.1,9,3249.06,799118,106799.0,121529.0,3250.0,3257.0,3239.8,3251.5,43049825,3576.6,2926.4,4322.95,2866.6,3247.4,1,1,3247.2,18,1,3247.1,45,2,3247.0,26,2,3246.9,55,5,3247.5,39,5,3247.8,148,1,3248.3,3,1,3248.4,1,1,3248.6,62,2
11536,2025-12-30 12:09:26+05:30,3248.1,9,3249.06,799223,108811.0,121659.0,3250.0,3257.0,3239.8,3251.5,43049825,3576.6,2926.4,4322.95,2866.6,3247.5,8,1,3247.4,42,2,3247.3,51,3,3247.2,53,3,3247.1,71,3,3248.0,139,1,3248.1,6,2,3248.4,1,1,3248.6,26,1,3248.8,30,2
11536,2025-12-30 12:09:26+05:30,3247.5,3,3249.06,799223,108811.0,121659.0,3250.0,3257.0,3239.8,3251.5,43049825,3576.6,2926.4,4322.95,2866.6,3247.5,8,1,3247.4,42,2,3247.3,51,3,3247.2,53,3,3247.1,71,3,3248.0,139,1,3248.1,6,2,3248.4,1,1,3248.6,26,1,3248.8,30,2
11536,2025-12-30 12:09:27+05:30,3247.5,3,3249.06,799229,106890.0,121499.0,3250.0,3257.0,3239.8,3251.5,43049825,3576.6,2926.4,4322.95,2866.6,3247.2,38,4,3247.1,42,2,3247.0,40,3,3246.9,34,3,3246.8,248,5,3247.5,7,3,3247.8,139,1,3248.0,1,1,3248.1,6,2,3248.4,1,1
11536,2025-12-30 12:09:27+05:30,3247.5,3,3249.06,799229,106890.0,121499.0,3250.0,3257.0,3239.8,3251.5,43049825,3576.6,2926.4,4322.95,2866.6,3247.2,38,4,3247.1,42,2,3247.0,40,3,3246.9,34,3,3246.8,248,5,3247.5,7,3,3247.8,139,1,3248.0,1,1,3248.1,6,2,3248.4,1,1
11536,2025-12-30 12:09:30+05:30,3247.5,1,3249.06,799229,106890.0,121499.0,3250.0,3257.0,3239.8,3251.5,43049825,3576.6,2926.4,4322.95,2866.6,3247.2,38,4,3247.1,42,2,3247.0,40,3,3246.9,34,3,3246.8,248,5,3247.5,7,3,3247.8,139,1,3248.0,1,1,3248.1,6,2,3248.4,1,1
11536,2025-12-30 12:09:31+05:30,3247.5,4,3249.06,799427,107948.0,120423.0,3250.0,3257.0,3239.8,3251.5,43049825,3576.6,2926.4,4322.95,2866.6,3247.4,51,2,3247.3,37,3,3247.2,277,7,3247.1,110,2,3247.0,246,6,3248.1,139,1,3248.4,1,1,3248.6,62,2,3248.8,30,2,3248.9,52,2
11536,2025-12-30 12:09:33+05:30,3247.8,2,3249.06,799427,107948.0,120423.0,3250.0,3257.0,3239.8,3251.5,43049825,3576.6,2926.4,4322.95,2866.6,3247.4,51,2,3247.3,37,3,3247.2,277,7,3247.1,110,2,3247.0,246,6,3248.1,139,1,3248.4,1,1,3248.6,62,2,3248.8,30,2,3248.9,52,2
11536,2025-12-30 12:09:35+05:30,3247.9,2,3249.06,800079,108811.0,121428.0,3250.0,3257.0,3239.8,3251.5,43049825,3576.6,2926.4,4322.95,2866.6,3247.4,5,1,3247.2,243,8,3247.1,118,3,3247.0,269,8,3246.9,414,7,3247.9,24,3,3248.1,32,1,3248.2,27,1,3248.3,24,1,3248.4,1,1
11536,2025-12-30 12:09:36+05:30,3247.4,1,3249.06,800079,108811.0,121428.0,3250.0,3257.0,3239.8,3251.5,43049825,3576.6,2926.4,4322.95,2866.6,3247.4,5,1,3247.2,243,8,3247.1,118,3,3247.0,269,8,3246.9,414,7,3247.9,24,3,3248.1,32,1,3248.2,27,1,3248.3,24,1,3248.4,1,1
11536,2025-12-30 12:09:38+05:30,3247.5,6,3249.06,800079,108811.0,121428.0,3250.0,3257.0,3239.8,3251.5,43049825,3576.6,2926.4,4322.95,2866.6,3247.4,5,1,3247.2,243,8,3247.1,118,3,3247.0,269,8,3246.9,414,7,3247.9,24,3,3248.1,32,1,3248.2,27,1,3248.3,24,1,3248.4,1,1
11536,2025-12-30 12:09:40+05:30,3247.1,11,3249.06,800542,106943.0,121114.0,3250.0,3257.0,3239.8,3251.5,43049825,3576.6,2926.4,4322.95,2866.6,3247.1,41,5,3247.0,164,6,3246.9,55,6,3246.8,310,9,3246.7,438,4,3247.9,12,5,3248.1,32,1,3248.3,80,1,3248.4,1,1,3248.9,89,4
11536,2025-12-30 12:09:42+05:30,3247.2,6,3249.06,800542,106943.0,121114.0,3250.0,3257.0,3239.8,3251.5,43049825,3576.6,2926.4,4322.95,2866.6,3247.1,41,5,3247.0,164,6,3246.9,55,6,3246.8,310,9,3246.7,438,4,3247.9,12,5,3248.1,32,1,3248.3,80,1,3248.4,1,1,3248.9,89,4
11536,2025-12-30 12:09:44+05:30,3247.2,2,3249.06,800687,106977.0,121272.0,3250.0,3257.0,3239.8,3251.5,43049825,3576.6,2926.4,4322.95,2866.6,3247.2,18,3,3247.1,48,4,3247.0,242,11,3246.9,55,6,3246.8,313,9,3247.9,62,7,3248.3,80,1,3248.4,1,1,3248.9,89,4,3249.0,37,2
11536,2025-12-30 12:09:44+05:30,3247.2,2,3249.06,800687,106977.0,121272.0,3250.0,3257.0,3239.8,3251.5,43049825,3576.6,2926.4,4322.95,2866.6,3247.2,18,3,3247.1,48,4,3247.0,242,11,3246.9,55,6,3246.8,313,9,3247.9,62,7,3248.3,80,1,3248.4,1,1,3248.9,89,4,3249.0,37,2
11536,2025-12-30 12:09:48+05:30,3248.3,1,3249.06,800902,108641.0,121194.0,3250.0,3257.0,3239.8,3251.5,43049825,3576.6,2926.4,4322.95,2866.6,3247.9,1,1,3247.4,3,1,3247.3,27,1,3247.2,125,3,3247.1,308,6,3248.3,105,6,3248.4,1,1,3248.5,16,1,3248.8,16,1,3248.9,87,4
11536,2025-12-30 12:09:48+05:30,3248.3,1,3249.06,800902,108641.0,121194.0,3250.0,3257.0,3239.8,3251.5,43049825,3576.6,2926.4,4322.95,2866.6,3247.9,1,1,3247.4,3,1,3247.3,27,1,3247.2,125,3,3247.1,308,6,3248.3,105,6,3248.4,1,1,3248.5,16,1,3248.8,16,1,3248.9,87,4
11536,2025-12-30 12:09:51+05:30,3247.6,39,3249.06,800902,108641.0,121194.0,3250.0,3257.0,3239.8,3251.5,43049825,3576.6,2926.4,4322.95,2866.6,3247.9,1,1,3247.4,3,1,3247.3,27,1,3247.2,125,3,3247.1,308,6,3248.3,105,6,3248.4,1,1,3248.5,16,1,3248.8,16,1,3248.9,87,4
11536,2025-12-30 12:09:53+05:30,3247.9,1,3249.06,801193,107107.0,121259.0,3250.0,3257.0,3239.8,3251.5,43049825,3576.6,2926.4,4322.95,2866.6,3247.3,36,4,3247.2,10,1,3247.1,141,5,3247.0,94,9,3246.9,443,7,3247.9,12,6,3248.6,11,1,3248.8,21,1,3248.9,71,3,3249.0,196,2
11536,2025-12-30 12:09:53+05:30,3247.2,1,3249.06,801193,107107.0,121259.0,3250.0,3257.0,3239.8,3251.5,43049825,3576.6,2926.4,4322.95,2866.6,3247.3,36,4,3247.2,10,1,3247.1,141,5,3247.0,94,9,3246.9,443,7,3247.9,12,6,3248.6,11,1,3248.8,21,1,3248.9,71,3,3249.0,196,2
11536,2025-12-30 12:09:57+05:30,3247.3,5,3249.06,801405,109008.0,121631.0,3250.0,3257.0,3239.8,3251.5,43049825,3576.6,2926.4,4322.95,2866.6,3247.3,5,1,3247.2,197,5,3247.1,30,4,3247.0,393,13,3246.9,93,7,3247.9,30,6,3248.2,54,2,3248.3,175,1,3248.8,21,1,3248.9,36,1
11536,2025-12-30 12:09:57+05:30,3247.3,5,3249.06,801405,109008.0,121631.0,3250.0,3257.0,3239.8,3251.5,43049825,3576.6,2926.4,4322.95,2866.6,3247.3,5,1,3247.2,197,5,3247.1,30,4,3247.0,393,13,3246.9,93,7,3247.9,30,6,3248.2,54,2,3248.3,175,1,3248.8,21,1,3248.9,36,1
11536,2025-12-30 12:09:59+05:30,3247.7,9,3249.06,801405,109008.0,121631.0,3250.0,3257.0,3239.8,3251.5,43049825,3576.6,2926.4,4322.95,2866.6,3247.3,5,1,3247.2,197,5,3247.1,30,4,3247.0,393,13,3246.9,93,7,3247.9,30,6,3248.2,54,2,3248.3,175,1,3248.8,21,1,3248.9,36,1
11536,2025-12-30 12:10:02+05:30,3248.3,24,3249.06,801659,109640.0,122285.0,3250.0,3257.0,3239.8,3251.5,43049825,3576.6,2926.4,4322.95,2866.6,3247.7,13,3,3247.5,24,2,3247.4,156,1,3247.3,69,7,3247.2,288,8,3247.9,2,2,3248.3,151,1,3248.6,53,2,3248.7,36,1,3248.8,30,1
11536,2025-12-30 12:10:03+05:30,3247.8,6,3249.06,801659,109640.0,122285.0,3250.0,3257.0,3239.8,3251.5,43049825,3576.6,2926.4,4322.95,2866.6,3247.7,13,3,3247.5,24,2,3247.4,156,1,3247.3,69,7,3247.2,288,8,3247.9,2,2,3248.3,151,1,3248.6,53,2,3248.7,36,1,3248.8,30,1
11536,2025-12-30 12:10:06+05:30,3247.8,4,3249.06,801755,109292.0,122426.0,3250.0,3257.0,3239.8,3251.5,43049825,3576.6,2926.4,4322.95,2866.6,3247.8,22,3,3247.7,13,3,3247.5,11,2,3247.3,44,5,3247.2,200,6,3247.9,67,7,3248.1,27,1,3248.2,151,1,3248.4,26,1,3248.5,19,1
11536,2025-12-30 12:10:06+05:30,3247.8,4,3249.06,801755,109292.0,122426.0,3250.0,3257.0,3239.8,3251.5,43049825,3576.6,2926.4,4322.95,2866.6,3247.8,22,3,3247.7,13,3,3247.5,11,2,3247.3,44,5,3247.2,200,6,3247.9,67,7,3248.1,27,1,3248.2,151,1,3248.4,26,1,3248.5,19,1
11536,2025-12-30 12:10:09+05:30,3247.9,1,3249.06,801755,109292.0,122426.0,3250.0,3257.0,3239.8,3251.5,43049825,3576.6,2926.4,4322.95,2866.6,3247.8,22,3,3247.7,13,3,3247.5,11,2,3247.3,44,5,3247.2,200,6,3247.9,67,7,3248.1,27,1,3248.2,151,1,3248.4,26,1,3248.5,19,1
11536,2025-12-30 12:10:10+05:30,3247.8,1,3249.06,801973,109335.0,122485.0,3250.0,3257.0,3239.8,3251.5,43049825,3576.6,2926.4,4322.95,2866.6,3247.7,31,6,3247.5,11,2,3247.3,44,5,3247.2,225,7,3247.1,93,6,3247.9,29,7,3248.2,151,1,3248.4,53,2,3248.7,49,2,3248.8,30,1
11536,2025-12-30 12:10:12+05:30,3247.8,1,3249.06,801973,109335.0,122485.0,3250.0,3257.0,3239.8,3251.5,43049825,3576.6,2926.4,4322.95,2866.6,3247.7,31,6,3247.5,11,2,3247.3,44,5,3247.2,225,7,3247.1,93,6,3247.9,29,7,3248.2,151,1,3248.4,53,2,3248.7,49,2,3248.8,30,1
11536,2025-12-30 12:10:14+05:30,3247.8,1,3249.06,801973,109335.0,122485.0,3250.0,3257.0,3239.8,3251.5,43049825,3576.6,2926.4,4322.95,2866.6,3247.7,31,6,3247.5,11,2,3247.3,44,5,3247.2,225,7,3247.1,93,6,3247.9,29,7,3248.2,151,1,3248.4,53,2,3248.7,49,2,3248.8,30,1
11536,2025-12-30 12:10:15+05:30,3247.8,1,3249.06,802058,109588.0,122325.0,3250.0,3257.0,3239.8,3251.5,43049825,3576.6,2926.4,4322.95,2866.6,3247.8,16,2,3247.7,34,4,3247.5,55,2,3247.4,10,1,3247.3,49,5,3247.9,24,4,3248.3,151,1,3248.4,26,1,3248.6,26,1,3248.7,36,1
11536,2025-12-30 12:10:18+05:30,3247.7,15,3249.06,802058,109588.0,122325.0,3250.0,3257.0,3239.8,3251.5,43049825,3576.6,2926.4,4322.95,2866.6,3247.8,16,2,3247.7,34,4,3247.5,55,2,3247.4,10,1,3247.3,49,5,3247.9,24,4,3248.3,151,1,3248.4,26,1,3248.6,26,1,3248.7,36,1
11536,2025-12-30 12:10:19+05:30,3247.7,1,3249.06,802217,109194.0,121010.0,3250.0,3257.0,3239.8,3251.5,43049825,3576.6,2926.4,4322.95,2866.6,3247.7,12,3,3247.6,14,2,3247.5,56,3,3247.4,12,1,3247.3,41,5,3247.8,12,10,3248.3,151,1,3248.7,62,2,3248.8,30,1,3248.9,80,3
11536,2025-12-30 12:10:21+05:30,3247.6,1,3249.06,802217,109194.0,121010.0,3250.0,3257.0,3239.8,3251.5,43049825,3576.6,2926.4,4322.95,2866.6,3247.7,12,3,3247.6,14,2,3247.5,56,3,3247.4,12,1,3247.3,41,5,3247.8,12,10,3248.3,151,1,3248.7,62,2,3248.8,30,1,3248.9,80,3
11536,2025-12-30 12:10:24+05:30,3247.8,3,3249.06,802327,109386.0,121007.0,3250.0,3257.0,3239.8,3251.5,43049825,3576.6,2926.4,4322.95,2866.6,3247.8,4,1,3247.7,11,1,3247.5,55,3,3247.3,15,4,3247.2,196,8,3248.5,151,1,3248.6,51,2,3248.7,51,2,3248.8,67,4,3248.9,68,2
11536,2025-12-30 12:10:24+05:30,3247.8,3,3249.06,802327,109386.0,121007.0,3250.0,3257.0,3239.8,3251.5,43049825,3576.6,2926.4,4322.95,2866.6,3247.8,4,1,3247.7,11,1,3247.5,55,3,3247.3,15,4,3247.2,196,8,3248.5,151,1,3248.6,51,2,3248.7,51,2,3248.8,67,4,3248.9,68,2
11536,2025-12-30 12:10:27+05:30,3247.8,1,3249.06,802327,109386.0,121007.0,3250.0,3257.0,3239.8,3251.5,43049825,3576.6,2926.4,4322.95,2866.6,3247.8,4,1,3247.7,11,1,3247.5,55,3,3247.3,15,4,3247.2,196,8,3248.5,151,1,3248.6,51,2,3248.7,51,2,3248.8,67,4,3248.9,68,2
11536,2025-12-30 12:10:28+05:30,3247.8,3,3249.06,802368,109756.0,121333.0,3250.0,3257.0,3239.8,3251.5,43049825,3576.6,2926.4,4322.95,2866.6,3247.8,48,3,3247.7,25,2,3247.6,10,1,3247.5,104,6,3247.4,29,2,3248.1,12,5,3248.3,143,4,3248.7,51,2,3248.8,30,1,3248.9,68,2
11536,2025-12-30 12:10:28+05:30,3247.8,3,3249.06,802368,109756.0,121333.0,3250.0,3257.0,3239.8,3251.5,43049825,3576.6,2926.4,4322.95,2866.6,3247.8,48,3,3247.7,25,2,3247.6,10,1,3247.5,104,6,3247.4,29,2,3248.1,12,5,3248.3,143,4,3248.7,51,2,3248.8,30,1,3248.9,68,2
11536,2025-12-30 12:10:29+05:30,3247.8,2,3249.06,802488,109677.0,121327.0,3250.0,3257.0,3239.8,3251.5,43049825,3576.6,2926.4,4322.95,2866.6,3247.8,14,2,3247.7,40,3,3247.6,65,5,3247.5,55,3,3247.4,11,1,3248.1,11,7,3248.3,138,2,3248.5,26,1,3248.6,25,1,3248.7,36,1
11536,2025-12-30 12:10:29+05:30,3247.8,2,3249.06,802488,109677.0,121327.0,3250.0,3257.0,3239.8,3251.5,43049825,3576.6,2926.4,4322.95,2866.6,3247.8,14,2,3247.7,40,3,3247.6,65,5,3247.5,55,3,3247.4,11,1,3248.1,11,7,3248.3,138,2,3248.5,26,1,3248.6,25,1,3248.7,36,1
11536,2025-12-30 12:10:30+05:30,3247.9,1,3249.06,802548,109615.0,121464.0,3250.0,3257.0,3239.8,3251.5,43049825,3576.6,2926.4,4322.95,2866.6,3247.8,8,1,3247.7,40,3,3247.6,10,1,3247.5,113,7,3247.4,11,1,3248.1,44,11,3248.3,136,1,3248.4,24,1,3248.5,26,1,3248.7,36,1
11536,2025-12-30 12:10:30+05:30,3247.9,1,3249.06,802548,109615.0,121464.0,3250.0,3257.0,3239.8,3251.5,43049825,3576.6,2926.4,4322.95,2866.6,3247.8,8,1,3247.7,40,3,3247.6,10,1,3247.5,113,7,3247.4,11,1,3248.1,44,11,3248.3,136,1,3248.4,24,1,3248.5,26,1,3248.7,36,1
11536,2025-12-30 12:10:31+05:30,3247.7,1,3249.06,802585,109632.0,121484.0,3250.0,3257.0,3239.8,3251.5,43049825,3576.6,2926.4,4322.95,2866.6,3247.7,43,4,3247.6,18,2,3247.5,113,7,3247.4,18,2,3247.3,5,3,3248.1,42,11,3248.3,136,1,3248.4,24,1,3248.5,26,1,3248.7,36,1
11536,2025-12-30 12:10:31+05:30,3247.7,1,3249.06,802585,109632.0,121484.0,3250.0,3257.0,3239.8,3251.5,43049825,3576.6,2926.4,4322.95,2866.6,3247.7,43,4,3247.6,18,2,3247.5,113,7,3247.4,18,2,3247.3,5,3,3248.1,42,11,3248.3,136,1,3248.4,24,1,3248.5,26,1,3248.7,36,1
11536,2025-12-30 12:10:32+05:30,3247.7,11,3249.06,802585,109632.0,121484.0,3250.0,3257.0,3239.8,3251.5,43049825,3576.6,2926.4,4322.95,2866.6,3247.7,43,4,3247.6,18,2,3247.5,113,7,3247.4,18,2,3247.3,5,3,3248.1,42,11,3248.3,136,1,3248.4,24,1,3248.5,26,1,3248.7,36,1
11536,2025-12-30 12:10:32+05:30,3247.7,11,3249.06,802629,109648.0,121502.0,3250.0,3257.0,3239.8,3251.5,43049825,3576.6,2926.4,4322.95,2866.6,3247.7,85,7,3247.6,5,1,3247.5,80,5,3247.4,38,4,3247.3,5,3,3248.1,58,15,3248.3,136,1,3248.5,26,1,3248.6,24,1,3248.7,36,1
11536,2025-12-30 12:10:33+05:30,3247.8,1,3249.06,802629,109648.0,121502.0,3250.0,3257.0,3239.8,3251.5,43049825,3576.6,2926.4,4322.95,2866.6,3247.7,85,7,3247.6,5,1,3247.5,80,5,3247.4,38,4,3247.3,5,3,3248.1,58,15,3248.3,136,1,3248.5,26,1,3248.6,24,1,3248.7,36,1
11536,2025-12-30 12:10:33+05:30,3247.8,1,3249.06,802652,109622.0,121524.0,3250.0,3257.0,3239.8,3251.5,43049825,3576.6,2926.4,4322.95,2866.6,3247.8,31,2,3247.7,83,6,3247.6,5,1,3247.5,110,8,3247.4,25,3,3248.1,56,13,3248.3,136,1,3248.5,50,2,3248.7,36,1,3248.9,47,2
11536,2025-12-30 12:10:34+05:30,3247.9,6,3249.06,802652,109622.0,121524.0,3250.0,3257.0,3239.8,3251.5,43049825,3576.6,2926.4,4322.95,2866.6,3247.8,31,2,3247.7,83,6,3247.6,5,1,3247.5,110,8,3247.4,25,3,3248.1,56,13,3248.3,136,1,3248.5,50,2,3248.7,36,1,3248.9,47,2
11536,2025-12-30 12:10:34+05:30,3247.9,6,3249.06,802692,109716.0,121518.0,3250.0,3257.0,3239.8,3251.5,43049825,3576.6,2926.4,4322.95,2866.6,3247.9,8,1,3247.8,6,2,3247.7,75,5,3247.6,13,2,3247.5,55,3,3248.1,51,13,3248.3,136,1,3248.4,24,1,3248.5,26,1,3248.7,36,1
11536,2025-12-30 12:10:35+05:30,3247.9,7,3249.06,802692,109716.0,121518.0,3250.0,3257.0,3239.8,3251.5,43049825,3576.6,2926.4,4322.95,2866.6,3247.9,8,1,3247.8,6,2,3247.7,75,5,3247.6,13,2,3247.5,55,3,3248.1,51,13,3248.3,136,1,3248.4,24,1,3248.5,26,1,3248.7,36,1
11536,2025-12-30 12:10:35+05:30,3247.9,3,3249.06,802716,109713.0,121525.0,3250.0,3257.0,3239.8,3251.5,43049825,3576.6,2926.4,4322.95,2866.6,3247.9,5,1,3247.8,6,2,3247.7,75,5,3247.6,13,2,3247.5,55,3,3248.1,48,11,3248.3,136,1,3248.4,24,1,3248.5,26,1,3248.7,36,1
11536,2025-12-30 12:10:36+05:30,3247.9,2,3249.06,802716,109713.0,121525.0,3250.0,3257.0,3239.8,3251.5,43049825,3576.6,2926.4,4322.95,2866.6,3247.9,5,1,3247.8,6,2,3247.7,75,5,3247.6,13,2,3247.5,55,3,3248.1,48,11,3248.3,136,1,3248.4,24,1,3248.5,26,1,3248.7,36,1
11536,2025-12-30 12:10:37+05:30,3248.0,30,3249.05,802762,109799.0,121695.0,3250.0,3257.0,3239.8,3251.5,43049825,3576.6,2926.4,4322.95,2866.6,3247.8,6,2,3247.7,75,5,3247.6,5,1,3247.5,110,8,3247.4,28,2,3247.9,8,1,3248.1,45,9,3248.3,136,1,3248.4,24,1,3248.5,62,2
11536,2025-12-30 12:10:37+05:30,3248.4,1,3249.05,802762,109799.0,121695.0,3250.0,3257.0,3239.8,3251.5,43049825,3576.6,2926.4,4322.95,2866.6,3247.8,6,2,3247.7,75,5,3247.6,5,1,3247.5,110,8,3247.4,28,2,3247.9,8,1,3248.1,45,9,3248.3,136,1,3248.4,24,1,3248.5,62,2
11536,2025-12-30 12:10:38+05:30,3248.4,1,3249.05,802931,110272.0,121269.0,3250.0,3257.0,3239.8,3251.5,43049825,3576.6,2926.4,4322.95,2866.6,3247.8,64,5,3247.7,75,5,3247.6,192,4,3247.5,62,4,3247.4,197,5,3248.4,90,1,3248.5,24,1,3248.6,8,2,3248.8,26,1,3248.9,47,2
11536,2025-12-30 12:10:38+05:30,3247.8,1,3249.05,802931,110272.0,121269.0,3250.0,3257.0,3239.8,3251.5,43049825,3576.6,2926.4,4322.95,2866.6,3247.8,64,5,3247.7,75,5,3247.6,192,4,3247.5,62,4,3247.4,197,5,3248.4,90,1,3248.5,24,1,3248.6,8,2,3248.8,26,1,3248.9,47,2
11536,2025-12-30 12:10:39+05:30,3248.3,5,3249.05,802939,110053.0,122061.0,3250.0,3257.0,3239.8,3251.5,43049825,3576.6,2926.4,4322.95,2866.6,3247.8,55,4,3247.7,83,6,3247.6,15,2,3247.5,64,4,3247.4,215,6,3248.3,84,2,3248.4,1,1,3248.5,24,1,3248.6,34,3,3248.9,62,3
11536,2025-12-30 12:10:39+05:30,3248.3,37,3249.05,802939,110053.0,122061.0,3250.0,3257.0,3239.8,3251.5,43049825,3576.6,2926.4,4322.95,2866.6,3247.8,55,4,3247.7,83,6,3247.6,15,2,3247.5,64,4,3247.4,215,6,3248.3,84,2,3248.4,1,1,3248.5,24,1,3248.6,34,3,3248.9,62,3
11536,2025-12-30 12:10:40+05:30,3247.8,2,3249.05,803028,110001.0,122589.0,3250.0,3257.0,3239.8,3251.5,43049825,3576.6,2926.4,4322.95,2866.6,3247.8,7,3,3247.7,83,6,3247.6,15,2,3247.5,90,6,3247.4,201,5,3248.3,53,5,3248.4,1,1,3248.6,29,2,3248.8,24,1,3248.9,26,2
11536,2025-12-30 12:10:40+05:30,3247.8,1,3249.05,803028,110001.0,122589.0,3250.0,3257.0,3239.8,3251.5,43049825,3576.6,2926.4,4322.95,2866.6,3247.8,7,3,3247.7,83,6,3247.6,15,2,3247.5,90,6,3247.4,201,5,3248.3,53,5,3248.4,1,1,3248.6,29,2,3248.8,24,1,3248.9,26,2
11536,2025-12-30 12:10:41+05:30,3247.8,2,3249.05,803063,109997.0,122751.0,3250.0,3257.0,3239.8,3251.5,43049825,3576.6,2926.4,4322.95,2866.6,3247.8,10,2,3247.7,75,5,3247.6,15,2,3247.5,91,7,3247.4,201,5,3248.3,52,8,3248.6,26,1,3248.7,33,2,3248.8,36,1,3248.9,15,1
11536,2025-12-30 12:10:41+05:30,3247.8,16,3249.05,803063,109997.0,122751.0,3250.0,3257.0,3239.8,3251.5,43049825,3576.6,2926.4,4322.95,2866.6,3247.8,10,2,3247.7,75,5,3247.6,15,2,3247.5,91,7,3247.4,201,5,3248.3,52,8,3248.6,26,1,3248.7,33,2,3248.8,36,1,3248.9,15,1
11536,2025-12-30 12:10:42+05:30,3247.8,1,3249.05,803090,110266.0,122751.0,3250.0,3257.0,3239.8,3251.5,43049825,3576.6,2926.4,4322.95,2866.6,3247.8,7,1,3247.7,95,6,3247.6,15,2,3247.5,91,7,3247.4,201,5,3248.3,52,10,3248.6,49,2,3248.7,10,1,3248.8,36,1,3248.9,15,1
11536,2025-12-30 12:10:42+05:30,3247.8,8,3249.05,803090,110266.0,122751.0,3250.0,3257.0,3239.8,3251.5,43049825,3576.6,2926.4,4322.95,2866.6,3247.8,7,1,3247.7,95,6,3247.6,15,2,3247.5,91,7,3247.4,201,5,3248.3,52,10,3248.6,49,2,3248.7,10,1,3248.8,36,1,3248.9,15,1
11536,2025-12-30 12:10:43+05:30,3247.8,1,3249.05,803117,110240.0,122116.0,3250.0,3257.0,3239.8,3251.5,43049825,3576.6,2926.4,4322.95,2866.6,3247.8,7,1,3247.7,95,6,3247.6,15,2,3247.5,91,7,3247.4,201,5,3248.3,47,10,3248.6,20,1,3248.8,84,3,3248.9,25,2,3249.0,48,2
11536,2025-12-30 12:10:43+05:30,3248.3,1,3249.05,803117,110240.0,122116.0,3250.0,3257.0,3239.8,3251.5,43049825,3576.6,2926.4,4322.95,2866.6,3247.8,7,1,3247.7,95,6,3247.6,15,2,3247.5,91,7,3247.4,201,5,3248.3,47,10,3248.6,20,1,3248.8,84,3,3248.9,25,2,3249.0,48,2
11536,2025-12-30 12:10:44+05:30,3247.8,4,3249.05,803134,110176.0,122175.0,3250.0,3257.0,3239.8,3251.5,43049825,3576.6,2926.4,4322.95,2866.6,3247.8,5,2,3247.7,95,6,3247.6,15,2,3247.5,91,7,3247.4,201,5,3248.3,47,11,3248.8,61,2,3248.9,53,3,3249.0,48,2,3249.1,63,3
11536,2025-12-30 12:10:44+05:30,3248.1,4,3249.05,803134,110176.0,122175.0,3250.0,3257.0,3239.8,3251.5,43049825,3576.6,2926.4,4322.95,2866.6,3247.8,5,2,3247.7,95,6,3247.6,15,2,3247.5,91,7,3247.4,201,5,3248.3,47,11,3248.8,61,2,3248.9,53,3,3249.0,48,2,3249.1,63,3
11536,2025-12-30 12:10:45+05:30,3247.8,1,3249.05,803149,110119.0,121986.0,3250.0,3257.0,3239.8,3251.5,43049825,3576.6,2926.4,4322.95,2866.6,3247.8,2,2,3247.7,95,6,3247.6,5,1,3247.5,111,8,3247.4,315,7,3248.3,45,11,3248.8,36,1,3248.9,43,2,3249.0,48,2,3249.1,63,3
11536,2025-12-30 12:10:45+05:30,3247.8,1,3249.05,803149,110119.0,121986.0,3250.0,3257.0,3239.8,3251.5,43049825,3576.6,2926.4,4322.95,2866.6,3247.8,2,2,3247.7,95,6,3247.6,5,1,3247.5,111,8,3247.4,315,7,3248.3,45,11,3248.8,36,1,3248.9,43,2,3249.0,48,2,3249.1,63,3
11536,2025-12-30 12:10:46+05:30,3247.8,1,3249.05,803193,109715.0,122412.0,3250.0,3257.0,3239.8,3251.5,43049825,3576.6,2926.4,4322.95,2866.6,3247.7,100,9,3247.6,28,2,3247.5,84,7,3247.4,62,5,3247.3,38,4,3247.8,3,2,3248.3,184,10,3248.8,36,1,3248.9,28,1,3249.0,48,2
11536,2025-12-30 12:10:46+05:30,3247.7,1,3249.05,803193,109715.0,122412.0,3250.0,3257.0,3239.8,3251.5,43049825,3576.6,2926.4,4322.95,2866.6,3247.7,100,9,3247.6,28,2,3247.5,84,7,3247.4,62,5,3247.3,38,4,3247.8,3,2,3248.3,184,10,3248.8,36,1,3248.9,28,1,3249.0,48,2
11536,2025-12-30 12:10:47+05:30,3247.7,2,3249.05,803282,109719.0,122420.0,3250.0,3257.0,3239.8,3251.5,43049825,3576.6,2926.4,4322.95,2866.6,3247.7,59,5,3247.6,38,3,3247.5,81,5,3247.4,38,5,3247.3,25,3,3247.8,14,7,3248.3,179,5,3248.8,36,1,3248.9,28,1,3249.0,48,2
11536,2025-12-30 12:10:47+05:30,3247.7,1,3249.05,803282,109719.0,122420.0,3250.0,3257.0,3239.8,3251.5,43049825,3576.6,2926.4,4322.95,2866.6,3247.7,59,5,3247.6,38,3,3247.5,81,5,3247.4,38,5,3247.3,25,3,3247.8,14,7,3248.3,179,5,3248.8,36,1,3248.9,28,1,3249.0,48,2
11536,2025-12-30 12:10:48+05:30,3247.7,10,3249.05,803296,109769.0,122431.0,3250.0,3257.0,3239.8,3251.5,43049825,3576.6,2926.4,4322.95,2866.6,3247.7,61,5,3247.6,5,1,3247.5,81,5,3247.4,29,4,3247.3,71,7,3247.8,20,9,3248.3,177,3,3248.8,39,2,3248.9,28,1,3249.0,48,2
11536,2025-12-30 12:10:48+05:30,3247.7,2,3249.05,803296,109769.0,122431.0,3250.0,3257.0,3239.8,3251.5,43049825,3576.6,2926.4,4322.95,2866.6,3247.7,61,5,3247.6,5,1,3247.5,81,5,3247.4,29,4,3247.3,71,7,3247.8,20,9,3248.3,177,3,3248.8,39,2,3248.9,28,1,3249.0,48,2
11536,2025-12-30 12:10:49+05:30,3247.7,5,3249.05,803352,109726.0,121214.0,3250.0,3257.0,3239.8,3251.5,43049825,3576.6,2926.4,4322.95,2866.6,3247.7,41,4,3247.6,35,3,3247.5,56,4,3247.4,77,6,3247.3,40,5,3247.8,18,11,3248.3,175,1,3248.8,39,2,3248.9,28,1,3249.0,48,2
11536,2025-12-30 12:10:49+05:30,3247.7,1,3249.05,803352,109726.0,121214.0,3250.0,3257.0,3239.8,3251.5,43049825,3576.6,2926.4,4322.95,2866.6,3247.7,41,4,3247.6,35,3,3247.5,56,4,3247.4,77,6,3247.3,40,5,3247.8,18,11,3248.3,175,1,3248.8,39,2,3248.9,28,1,3249.0,48,2
11536,2025-12-30 12:10:50+05:30,3247.7,4,3249.05,803386,109697.0,122478.0,3250.0,3257.0,3239.8,3251.5,43049825,3576.6,2926.4,4322.95,2866.6,3247.7,6,2,3247.6,14,2,3247.5,56,4,3247.4,62,6,3247.3,2,2,3247.8,17,11,3248.3,175,1,3248.5,25,1,3248.7,22,1,3248.8,39,2
11536,2025-12-30 12:10:50+05:30,3247.7,4,3249.05,803386,109697.0,122478.0,3250.0,3257.0,3239.8,3251.5,43049825,3576.6,2926.4,4322.95,2866.6,3247.7,6,2,3247.6,14,2,3247.5,56,4,3247.4,62,6,3247.3,2,2,3247.8,17,11,3248.3,175,1,3248.5,25,1,3248.7,22,1,3248.8,39,2
11536,2025-12-30 12:10:51+05:30,3247.7,1,3249.05,803401,109703.0,122462.0,3250.0,3257.0,3239.8,3251.5,43049825,3576.6,2926.4,4322.95,2866.6,3247.7,13,3,3247.6,5,1,3247.5,56,4,3247.4,62,6,3247.3,3,3,3247.8,13,12,3248.3,175,1,3248.5,61,2,3248.7,22,1,3248.8,39,2
11536,2025-12-30 12:10:51+05:30,3247.7,2,3249.05,803401,109703.0,122462.0,3250.0,3257.0,3239.8,3251.5,43049825,3576.6,2926.4,4322.95,2866.6,3247.7,13,3,3247.6,5,1,3247.5,56,4,3247.4,62,6,3247.3,3,3,3247.8,13,12,3248.3,175,1,3248.5,61,2,3248.7,22,1,3248.8,39,2
11536,2025-12-30 12:10:52+05:30,3247.7,4,3249.05,803427,109722.0,122454.0,3250.0,3257.0,3239.8,3251.5,43049825,3576.6,2926.4,4322.95,2866.6,3247.7,15,2,3247.6,5,1,3247.5,65,5,3247.4,49,5,3247.3,3,3,3247.8,13,13,3248.3,175,1,3248.5,61,2,3248.7,22,1,3248.8,39,2
11536,2025-12-30 12:10:52+05:30,3247.7,4,3249.05,803427,109722.0,122454.0,3250.0,3257.0,3239.8,3251.5,43049825,3576.6,2926.4,4322.95,2866.6,3247.7,15,2,3247.6,5,1,3247.5,65,5,3247.4,49,5,3247.3,3,3,3247.8,13,13,3248.3,175,1,3248.5,61,2,3248.7,22,1,3248.8,39,2
11536,2025-12-30 12:10:53+05:30,3247.8,1,3249.05,803469,109527.0,122528.0,3250.0,3257.0,3239.8,3251.5,43049825,3576.6,2926.4,4322.95,2866.6,3247.6,17,2,3247.5,56,4,3247.4,46,4,3247.3,3,3,3247.2,50,5,3247.8,5,5,3248.3,175,1,3248.5,25,1,3248.6,67,3,3248.8,54,4
11536,2025-12-30 12:10:53+05:30,3247.6,2,3249.05,803469,109527.0,122528.0,3250.0,3257.0,3239.8,3251.5,43049825,3576.6,2926.4,4322.95,2866.6,3247.6,17,2,3247.5,56,4,3247.4,46,4,3247.3,3,3,3247.2,50,5,3247.8,5,5,3248.3,175,1,3248.5,25,1,3248.6,67,3,3248.8,54,4
11536,2025-12-30 12:10:54+05:30,3247.6,2,3249.05,803477,109623.0,122548.0,3250.0,3257.0,3239.8,3251.5,43049825,3576.6,2926.4,4322.95,2866.6,3247.7,3,1,3247.6,15,2,3247.5,56,4,3247.4,46,4,3247.3,2,2,3247.8,7,7,3248.2,9,1,3248.3,175,1,3248.4,9,1,3248.5,25,1
11536,2025-12-30 12:10:54+05:30,3247.8,2,3249.05,803477,109623.0,122548.0,3250.0,3257.0,3239.8,3251.5,43049825,3576.6,2926.4,4322.95,2866.6,3247.7,3,1,3247.6,15,2,3247.5,56,4,3247.4,46,4,3247.3,2,2,3247.8,7,7,3248.2,9,1,3248.3,175,1,3248.4,9,1,3248.5,25,1
11536,2025-12-30 12:10:55+05:30,3247.8,2,3249.05,803517,109614.0,121205.0,3250.0,3257.0,3239.8,3251.5,43049825,3576.6,2926.4,4322.95,2866.6,3247.8,1,1,3247.7,98,7,3247.6,15,2,3247.5,56,4,3247.4,192,4,3248.5,175,1,3248.6,49,3,3248.7,9,1,3248.9,28,1,3249.0,57,3
11536,2025-12-30 12:10:55+05:30,3248.4,4,3249.05,803517,109614.0,121205.0,3250.0,3257.0,3239.8,3251.5,43049825,3576.6,2926.4,4322.95,2866.6,3247.8,1,1,3247.7,98,7,3247.6,15,2,3247.5,56,4,3247.4,192,4,3248.5,175,1,3248.6,49,3,3248.7,9,1,3248.9,28,1,3249.0,57,3
11536,2025-12-30 12:10:56+05:30,3247.8,1,3249.05,803525,109681.0,121698.0,3250.0,3257.0,3239.8,3251.5,43049825,3576.6,2926.4,4322.95,2866.6,3247.7,98,7,3247.6,15,2,3247.5,103,6,3247.4,259,7,3247.3,2,2,3248.3,171,1,3248.4,1,1,3248.5,1,1,3248.6,2,1,3248.7,20,1
11536,2025-12-30 12:10:56+05:30,3247.8,1,3249.05,803525,109681.0,121698.0,3250.0,3257.0,3239.8,3251.5,43049825,3576.6,2926.4,4322.95,2866.6,3247.7,98,7,3247.6,15,2,3247.5,103,6,3247.4,259,7,3247.3,2,2,3248.3,171,1,3248.4,1,1,3248.5,1,1,3248.6,2,1,3248.7,20,1
11536,2025-12-30 12:10:57+05:30,3247.8,12,3249.05,803615,109694.0,121548.0,3250.0,3257.0,3239.8,3251.5,43049825,3576.6,2926.4,4322.95,2866.6,3247.8,4,1,3247.7,134,7,3247.6,15,2,3247.5,81,5,3247.4,233,6,3248.3,208,6,3248.4,1,1,3248.5,23,2,3248.6,25,1,3248.8,45,2
11536,2025-12-30 12:10:57+05:30,3247.8,1,3249.05,803615,109694.0,121548.0,3250.0,3257.0,3239.8,3251.5,43049825,3576.6,2926.4,4322.95,2866.6,3247.8,4,1,3247.7,134,7,3247.6,15,2,3247.5,81,5,3247.4,233,6,3248.3,208,6,3248.4,1,1,3248.5,23,2,3248.6,25,1,3248.8,45,2
11536,2025-12-30 12:10:58+05:30,3247.8,1,3249.05,803715,109603.0,121467.0,3250.0,3257.0,3239.8,3251.5,43049825,3576.6,2926.4,4322.95,2866.6,3247.8,16,2,3247.7,134,7,3247.6,15,2,3247.5,81,5,3247.4,233,6,3248.3,134,10,3248.5,23,2,3248.6,25,1,3248.8,36,1,3248.9,28,1
11536,2025-12-30 12:10:58+05:30,3248.3,5,3249.05,803715,109603.0,121467.0,3250.0,3257.0,3239.8,3251.5,43049825,3576.6,2926.4,4322.95,2866.6,3247.8,16,2,3247.7,134,7,3247.6,15,2,3247.5,81,5,3247.4,233,6,3248.3,134,10,3248.5,23,2,3248.6,25,1,3248.8,36,1,3248.9,28,1
11536,2025-12-30 12:10:59+05:30,3248.1,4,3249.05,803755,109761.0,121767.0,3250.0,3257.0,3239.8,3251.5,43049825,3576.6,2926.4,4322.95,2866.6,3248.1,9,1,3248.0,8,1,3247.8,50,2,3247.7,49,2,3247.6,5,1,3248.3,128,12,3248.6,25,1,3248.7,22,1,3248.8,36,1,3248.9,28,1
11536,2025-12-30 12:10:59+05:30,3248.1,4,3249.05,803755,109761.0,121767.0,3250.0,3257.0,3239.8,3251.5,43049825,3576.6,2926.4,4322.95,2866.6,3248.1,9,1,3248.0,8,1,3247.8,50,2,3247.7,49,2,3247.6,5,1,3248.3,128,12,3248.6,25,1,3248.7,22,1,3248.8,36,1,3248.9,28,1
11536,2025-12-30 12:11:00+05:30,3248.0,2,3249.05,803776,109778.0,121741.0,3250.0,3257.0,3239.8,3251.5,43049825,3576.6,2926.4,4322.95,2866.6,3247.8,50,2,3247.7,156,8,3247.6,39,3,3247.5,64,7,3247.4,334,8,3248.1,4,2,3248.3,124,11,3248.8,9,1,3248.9,28,1,3249.0,57,3
11536,2025-12-30 12:11:00+05:30,3247.8,1,3249.05,803776,109778.0,121741.0,3250.0,3257.0,3239.8,3251.5,43049825,3576.6,2926.4,4322.95,2866.6,3247.8,50,2,3247.7,156,8,3247.6,39,3,3247.5,64,7,3247.4,334,8,3248.1,4,2,3248.3,124,11,3248.8,9,1,3248.9,28,1,3249.0,57,3
11536,2025-12-30 12:11:01+05:30,3248.1,2,3249.05,803799,109550.0,120412.0,3250.0,3257.0,3239.8,3251.5,43049825,3576.6,2926.4,4322.95,2866.6,3247.8,30,2,3247.7,134,7,3247.6,15,2,3247.5,43,5,3247.4,56,4,3248.1,7,7,3248.3,118,6,3248.6,22,1,3248.7,24,1,3248.8,43,2
11536,2025-12-30 12:11:01+05:30,3247.8,9,3249.05,803799,109550.0,120412.0,3250.0,3257.0,3239.8,3251.5,43049825,3576.6,2926.4,4322.95,2866.6,3247.8,30,2,3247.7,134,7,3247.6,15,2,3247.5,43,5,3247.4,56,4,3248.1,7,7,3248.3,118,6,3248.6,22,1,3248.7,24,1,3248.8,43,2
11536,2025-12-30 12:11:02+05:30,3247.8,17,3249.05,803827,109522.0,121813.0,3250.0,3257.0,3239.8,3251.5,43049825,3576.6,2926.4,4322.95,2866.6,3247.8,2,2,3247.7,134,7,3247.6,15,2,3247.5,43,5,3247.4,56,4,3248.1,24,11,3248.3,102,3,3248.5,24,1,3248.6,22,1,3248.8,43,2
11536,2025-12-30 12:11:02+05:30,3247.8,1,3249.05,803827,109522.0,121813.0,3250.0,3257.0,3239.8,3251.5,43049825,3576.6,2926.4,4322.95,2866.6,3247.8,2,2,3247.7,134,7,3247.6,15,2,3247.5,43,5,3247.4,56,4,3248.1,24,11,3248.3,102,3,3248.5,24,1,3248.6,22,1,3248.8,43,2
11536,2025-12-30 12:11:02+05:30,3247.8,1,3249.05,803827,109522.0,121813.0,3250.0,3257.0,3239.8,3251.5,43049825,3576.6,2926.4,4322.95,2866.6,3247.8,2,2,3247.7,134,7,3247.6,15,2,3247.5,43,5,3247.4,56,4,3248.1,24,11,3248.3,102,3,3248.5,24,1,3248.6,22,1,3248.8,43,2
11536,2025-12-30 12:11:03+05:30,3247.8,1,3249.05,803841,109570.0,121421.0,3250.0,3257.0,3239.8,3251.5,43049825,3576.6,2926.4,4322.95,2866.6,3247.7,142,8,3247.6,15,2,3247.5,65,6,3247.4,71,6,3247.3,123,5,3248.1,24,11,3248.3,101,2,3248.8,34,1,3248.9,28,1,3249.0,57,3
11536,2025-12-30 12:11:03+05:30,3247.7,1,3249.05,803841,109570.0,121421.0,3250.0,3257.0,3239.8,3251.5,43049825,3576.6,2926.4,4322.95,2866.6,3247.7,142,8,3247.6,15,2,3247.5,65,6,3247.4,71,6,3247.3,123,5,3248.1,24,11,3248.3,101,2,3248.8,34,1,3248.9,28,1,3249.0,57,3
11536,2025-12-30 12:11:04+05:30,3247.7,1,3249.05,803841,109570.0,121421.0,3250.0,3257.0,3239.8,3251.5,43049825,3576.6,2926.4,4322.95,2866.6,3247.7,142,8,3247.6,15,2,3247.5,65,6,3247.4,71,6,3247.3,123,5,3248.1,24,11,3248.3,101,2,3248.8,34,1,3248.9,28,1,3249.0,57,3
11536,2025-12-30 12:11:04+05:30,3247.7,5,3249.05,803860,109489.0,121824.0,3250.0,3257.0,3239.8,3251.5,43049825,3576.6,2926.4,4322.95,2866.6,3247.7,129,9,3247.6,19,3,3247.5,43,5,3247.4,65,5,3247.3,10,3,3248.1,22,9,3248.3,101,2,3248.6,46,2,3248.8,43,2,3248.9,28,1
11536,2025-12-30 12:11:04+05:30,3247.7,1,3249.05,803860,109489.0,121824.0,3250.0,3257.0,3239.8,3251.5,43049825,3576.6,2926.4,4322.95,2866.6,3247.7,129,9,3247.6,19,3,3247.5,43,5,3247.4,65,5,3247.3,10,3,3248.1,22,9,3248.3,101,2,3248.6,46,2,3248.8,43,2,3248.9,28,1
11536,2025-12-30 12:11:05+05:30,3247.7,1,3249.05,803860,109489.0,121824.0,3250.0,3257.0,3239.8,3251.5,43049825,3576.6,2926.4,4322.95,2866.6,3247.7,129,9,3247.6,19,3,3247.5,43,5,3247.4,65,5,3247.3,10,3,3248.1,22,9,3248.3,101,2,3248.6,46,2,3248.8,43,2,3248.9,28,1
11536,2025-12-30 12:11:05+05:30,3247.7,3,3249.05,803872,109510.0,121649.0,3250.0,3257.0,3239.8,3251.5,43049825,3576.6,2926.4,4322.95,2866.6,3247.7,118,9,3247.6,19,3,3247.5,43,5,3247.4,65,5,3247.3,10,3,3248.1,22,10,3248.3,101,2,3248.6,46,2,3248.8,43,2,3248.9,28,1
11536,2025-12-30 12:11:05+05:30,3247.7,2,3249.05,803872,109510.0,121649.0,3250.0,3257.0,3239.8,3251.5,43049825,3576.6,2926.4,4322.95,2866.6,3247.7,118,9,3247.6,19,3,3247.5,43,5,3247.4,65,5,3247.3,10,3,3248.1,22,10,3248.3,101,2,3248.6,46,2,3248.8,43,2,3248.9,28,1
11536,2025-12-30 12:11:06+05:30,3247.7,2,3249.05,803872,109510.0,121649.0,3250.0,3257.0,3239.8,3251.5,43049825,3576.6,2926.4,4322.95,2866.6,3247.7,118,9,3247.6,19,3,3247.5,43,5,3247.4,65,5,3247.3,10,3,3248.1,22,10,3248.3,101,2,3248.6,46,2,3248.8,43,2,3248.9,28,1
11536,2025-12-30 12:11:06+05:30,3247.7,2,3249.05,803877,109510.0,121824.0,3250.0,3257.0,3239.8,3251.5,43049825,3576.6,2926.4,4322.95,2866.6,3247.7,144,11,3247.6,19,3,3247.5,43,5,3247.4,44,4,3247.3,10,3,3248.1,22,10,3248.3,101,2,3248.6,46,2,3248.8,43,2,3248.9,28,1
11536,2025-12-30 12:11:06+05:30,3247.7,1,3249.05,803877,109510.0,121824.0,3250.0,3257.0,3239.8,3251.5,43049825,3576.6,2926.4,4322.95,2866.6,3247.7,144,11,3247.6,19,3,3247.5,43,5,3247.4,44,4,3247.3,10,3,3248.1,22,10,3248.3,101,2,3248.6,46,2,3248.8,43,2,3248.9,28,1
11536,2025-12-30 12:11:07+05:30,3247.7,1,3249.05,803877,109510.0,121824.0,3250.0,3257.0,3239.8,3251.5,43049825,3576.6,2926.4,4322.95,2866.6,3247.7,144,11,3247.6,19,3,3247.5,43,5,3247.4,44,4,3247.3,10,3,3248.1,22,10,3248.3,101,2,3248.6,46,2,3248.8,43,2,3248.9,28,1
11536,2025-12-30 12:11:07+05:30,3247.7,2,3249.05,803962,109516.0,121826.0,3250.0,3257.0,3239.8,3251.5,43049825,3576.6,2926.4,4322.95,2866.6,3247.7,119,9,3247.6,30,4,3247.5,52,6,3247.4,57,4,3247.3,16,4,3248.1,24,9,3248.3,101,2,3248.5,22,1,3248.6,24,1,3248.8,34,1
11536,2025-12-30 12:11:07+05:30,3247.7,1,3249.05,803962,109516.0,121826.0,3250.0,3257.0,3239.8,3251.5,43049825,3576.6,2926.4,4322.95,2866.6,3247.7,119,9,3247.6,30,4,3247.5,52,6,3247.4,57,4,3247.3,16,4,3248.1,24,9,3248.3,101,2,3248.5,22,1,3248.6,24,1,3248.8,34,1
11536,2025-12-30 12:11:07+05:30,3247.7,1,3249.05,803962,109516.0,121826.0,3250.0,3257.0,3239.8,3251.5,43049825,3576.6,2926.4,4322.95,2866.6,3247.7,119,9,3247.6,30,4,3247.5,52,6,3247.4,57,4,3247.3,16,4,3248.1,24,9,3248.3,101,2,3248.5,22,1,3248.6,24,1,3248.8,34,1
11536,2025-12-30 12:11:08+05:30,3247.7,1,3249.05,803972,109333.0,121797.0,3250.0,3257.0,3239.8,3251.5,43049825,3576.6,2926.4,4322.95,2866.6,3247.7,170,11,3247.6,29,4,3247.5,59,7,3247.4,25,3,3247.3,209,9,3248.1,22,9,3248.3,101,2,3248.8,56,2,3248.9,28,1,3249.0,57,3
11536,2025-12-30 12:11:08+05:30,3247.7,1,3249.05,803972,109333.0,121797.0,3250.0,3257.0,3239.8,3251.5,43049825,3576.6,2926.4,4322.95,2866.6,3247.7,170,11,3247.6,29,4,3247.5,59,7,3247.4,25,3,3247.3,209,9,3248.1,22,9,3248.3,101,2,3248.8,56,2,3248.9,28,1,3249.0,57,3
11536,2025-12-30 12:11:08+05:30,3247.7,1,3249.05,803972,109333.0,121797.0,3250.0,3257.0,3239.8,3251.5,43049825,3576.6,2926.4,4322.95,2866.6,3247.7,170,11,3247.6,29,4,3247.5,59,7,3247.4,25,3,3247.3,209,9,3248.1,22,9,3248.3,101,2,3248.8,56,2,3248.9,28,1,3249.0,57,3
11536,2025-12-30 12:11:09+05:30,3247.7,18,3249.05,803998,109212.0,121842.0,3250.0,3257.0,3239.8,3251.5,43049825,3576.6,2926.4,4322.95,2866.6,3247.7,178,10,3247.6,18,3,3247.5,44,6,3247.4,32,3,3247.3,50,5,3248.1,20,9,3248.3,101,2,3248.5,46,2,3248.8,34,1,3248.9,28,1
11536,2025-12-30 12:11:09+05:30,3247.7,18,3249.05,803998,109212.0,121842.0,3250.0,3257.0,3239.8,3251.5,43049825,3576.6,2926.4,4322.95,2866.6,3247.7,178,10,3247.6,18,3,3247.5,44,6,3247.4,32,3,3247.3,50,5,3248.1,20,9,3248.3,101,2,3248.5,46,2,3248.8,34,1,3248.9,28,1
11536,2025-12-30 12:11:09+05:30,3248.1,5,3249.05,803998,109212.0,121842.0,3250.0,3257.0,3239.8,3251.5,43049825,3576.6,2926.4,4322.95,2866.6,3247.7,178,10,3247.6,18,3,3247.5,44,6,3247.4,32,3,3247.3,50,5,3248.1,20,9,3248.3,101,2,3248.5,46,2,3248.8,34,1,3248.9,28,1
11536,2025-12-30 12:11:10+05:30,3248.1,5,3249.05,803998,109212.0,121842.0,3250.0,3257.0,3239.8,3251.5,43049825,3576.6,2926.4,4322.95,2866.6,3247.7,178,10,3247.6,18,3,3247.5,44,6,3247.4,32,3,3247.3,50,5,3248.1,20,9,3248.3,101,2,3248.5,46,2,3248.8,34,1,3248.9,28,1
11536,2025-12-30 12:11:10+05:30,3247.7,11,3249.05,804070,109222.0,121503.0,3250.0,3257.0,3239.8,3251.5,43049825,3576.6,2926.4,4322.95,2866.6,3247.7,182,12,3247.6,5,1,3247.5,13,4,3247.4,59,6,3247.3,55,5,3248.1,38,12,3248.3,71,1,3248.5,24,1,3248.7,22,1,3248.8,34,1
11536,2025-12-30 12:11:10+05:30,3247.7,9,3249.05,804070,109222.0,121503.0,3250.0,3257.0,3239.8,3251.5,43049825,3576.6,2926.4,4322.95,2866.6,3247.7,182,12,3247.6,5,1,3247.5,13,4,3247.4,59,6,3247.3,55,5,3248.1,38,12,3248.3,71,1,3248.5,24,1,3248.7,22,1,3248.8,34,1
11536,2025-12-30 12:11:10+05:30,3247.7,9,3249.05,804070,109222.0,121503.0,3250.0,3257.0,3239.8,3251.5,43049825,3576.6,2926.4,4322.95,2866.6,3247.7,182,12,3247.6,5,1,3247.5,13,4,3247.4,59,6,3247.3,55,5,3248.1,38,12,3248.3,71,1,3248.5,24,1,3248.7,22,1,3248.8,34,1
11536,2025-12-30 12:11:11+05:30,3247.8,3,3249.05,804083,108995.0,121679.0,3250.0,3257.0,3239.8,3251.5,43049825,3576.6,2926.4,4322.95,2866.6,3247.8,8,1,3247.7,157,9,3247.6,5,1,3247.5,13,4,3247.4,16,2,3248.1,39,14,3248.3,71,1,3248.5,24,1,3248.7,22,1,3248.8,34,1
11536,2025-12-30 12:11:11+05:30,3247.8,3,3249.05,804083,108995.0,121679.0,3250.0,3257.0,3239.8,3251.5,43049825,3576.6,2926.4,4322.95,2866.6,3247.8,8,1,3247.7,157,9,3247.6,5,1,3247.5,13,4,3247.4,16,2,3248.1,39,14,3248.3,71,1,3248.5,24,1,3248.7,22,1,3248.8,34,1
11536,2025-12-30 12:11:11+05:30,3247.8,11,3249.05,804083,108995.0,121679.0,3250.0,3257.0,3239.8,3251.5,43049825,3576.6,2926.4,4322.95,2866.6,3247.8,8,1,3247.7,157,9,3247.6,5,1,3247.5,13,4,3247.4,16,2,3248.1,39,14,3248.3,71,1,3248.5,24,1,3248.7,22,1,3248.8,34,1
11536,2025-12-30 12:11:12+05:30,3247.8,13,3249.05,804120,109064.0,121534.0,3250.0,3257.0,3239.8,3251.5,43049825,3576.6,2926.4,4322.95,2866.6,3247.8,11,1,3247.7,157,9,3247.6,5,1,3247.5,13,4,3247.4,16,2,3248.1,38,15,3248.3,71,1,3248.5,24,1,3248.7,22,1,3248.8,34,1
11536,2025-12-30 12:11:12+05:30,3247.8,13,3249.05,804120,109064.0,121534.0,3250.0,3257.0,3239.8,3251.5,43049825,3576.6,2926.4,4322.95,2866.6,3247.8,11,1,3247.7,157,9,3247.6,5,1,3247.5,13,4,3247.4,16,2,3248.1,38,15,3248.3,71,1,3248.5,24,1,3248.7,22,1,3248.8,34,1
11536,2025-12-30 12:11:12+05:30,3247.8,9,3249.05,804120,109064.0,121534.0,3250.0,3257.0,3239.8,3251.5,43049825,3576.6,2926.4,4322.95,2866.6,3247.8,11,1,3247.7,157,9,3247.6,5,1,3247.5,13,4,3247.4,16,2,3248.1,38,15,3248.3,71,1,3248.5,24,1,3248.7,22,1,3248.8,34,1
11536,2025-12-30 12:11:13+05:30,3247.8,1,3249.05,804160,109044.0,121870.0,3250.0,3257.0,3239.8,3251.5,43049825,3576.6,2926.4,4322.95,2866.6,3247.8,9,1,3247.7,157,9,3247.6,5,1,3247.5,21,5,3247.4,16,2,3248.1,29,14,3248.3,71,1,3248.5,24,1,3248.7,22,1,3248.8,34,1
11536,2025-12-30 12:11:13+05:30,3247.8,1,3249.05,804160,109044.0,121870.0,3250.0,3257.0,3239.8,3251.5,43049825,3576.6,2926.4,4322.95,2866.6,3247.8,9,1,3247.7,157,9,3247.6,5,1,3247.5,21,5,3247.4,16,2,3248.1,29,14,3248.3,71,1,3248.5,24,1,3248.7,22,1,3248.8,34,1
11536,2025-12-30 12:11:14+05:30,3247.8,1,3249.05,804168,109055.0,121869.0,3250.0,3257.0,3239.8,3251.5,43049825,3576.6,2926.4,4322.95,2866.6,3247.8,1,1,3247.7,177,10,3247.6,5,1,3247.5,13,4,3247.4,24,3,3248.1,28,13,3248.3,71,1,3248.5,24,1,3248.7,22,1,3248.8,34,1
11536,2025-12-30 12:11:14+05:30,3247.8,1,3249.05,804168,109055.0,121869.0,3250.0,3257.0,3239.8,3251.5,43049825,3576.6,2926.4,4322.95,2866.6,3247.8,1,1,3247.7,177,10,3247.6,5,1,3247.5,13,4,3247.4,24,3,3248.1,28,13,3248.3,71,1,3248.5,24,1,3248.7,22,1,3248.8,34,1
11536,2025-12-30 12:11:14+05:30,3247.8,2,3249.05,804168,109055.0,121869.0,3250.0,3257.0,3239.8,3251.5,43049825,3576.6,2926.4,4322.95,2866.6,3247.8,1,1,3247.7,177,10,3247.6,5,1,3247.5,13,4,3247.4,24,3,3248.1,28,13,3248.3,71,1,3248.5,24,1,3248.7,22,1,3248.8,34,1
11536,2025-12-30 12:11:15+05:30,3248.0,7,3249.05,804193,109254.0,121842.0,3250.0,3257.0,3239.8,3251.5,43049825,3576.6,2926.4,4322.95,2866.6,3247.7,137,8,3247.6,5,1,3247.5,11,4,3247.4,16,2,3247.3,7,3,3248.0,1,1,3248.1,23,9,3248.3,71,1,3248.5,24,1,3248.7,21,1
11536,2025-12-30 12:11:15+05:30,3247.7,1,3249.05,804193,109254.0,121842.0,3250.0,3257.0,3239.8,3251.5,43049825,3576.6,2926.4,4322.95,2866.6,3247.7,137,8,3247.6,5,1,3247.5,11,4,3247.4,16,2,3247.3,7,3,3248.0,1,1,3248.1,23,9,3248.3,71,1,3248.5,24,1,3248.7,21,1
11536,2025-12-30 12:11:16+05:30,3247.7,1,3249.05,804193,109254.0,121842.0,3250.0,3257.0,3239.8,3251.5,43049825,3576.6,2926.4,4322.95,2866.6,3247.7,137,8,3247.6,5,1,3247.5,11,4,3247.4,16,2,3247.3,7,3,3248.0,1,1,3248.1,23,9,3248.3,71,1,3248.5,24,1,3248.7,21,1
11536,2025-12-30 12:11:16+05:30,3247.7,2,3249.05,804198,109236.0,121834.0,3250.0,3257.0,3239.8,3251.5,43049825,3576.6,2926.4,4322.95,2866.6,3247.7,176,12,3247.6,5,1,3247.5,61,9,3247.4,16,2,3247.3,31,5,3248.0,4,4,3248.1,20,6,3248.3,71,1,3248.5,45,2,3248.8,34,1
11536,2025-12-30 12:11:16+05:30,3247.7,1,3249.05,804198,109236.0,121834.0,3250.0,3257.0,3239.8,3251.5,43049825,3576.6,2926.4,4322.95,2866.6,3247.7,176,12,3247.6,5,1,3247.5,61,9,3247.4,16,2,3247.3,31,5,3248.0,4,4,3248.1,20,6,3248.3,71,1,3248.5,45,2,3248.8,34,1
11536,2025-12-30 12:11:17+05:30,3247.7,1,3249.05,804287,109226.0,121661.0,3250.0,3257.0,3239.8,3251.5,43049825,3576.6,2926.4,4322.95,2866.6,3247.7,140,11,3247.6,6,2,3247.5,61,9,3247.4,16,2,3247.3,31,5,3248.0,10,7,3248.1,16,2,3248.3,71,1,3248.4,21,1,3248.5,24,1
11536,2025-12-30 12:11:17+05:30,3247.7,1,3249.05,804287,109226.0,121661.0,3250.0,3257.0,3239.8,3251.5,43049825,3576.6,2926.4,4322.95,2866.6,3247.7,140,11,3247.6,6,2,3247.5,61,9,3247.4,16,2,3247.3,31,5,3248.0,10,7,3248.1,16,2,3248.3,71,1,3248.4,21,1,3248.5,24,1
11536,2025-12-30 12:11:17+05:30,3247.7,1,3249.05,804287,109226.0,121661.0,3250.0,3257.0,3239.8,3251.5,43049825,3576.6,2926.4,4322.95,2866.6,3247.7,140,11,3247.6,6,2,3247.5,61,9,3247.4,16,2,3247.3,31,5,3248.0,10,7,3248.1,16,2,3248.3,71,1,3248.4,21,1,3248.5,24,1
11536,2025-12-30 12:11:18+05:30,3247.7,2,3249.05,804294,109514.0,120426.0,3250.0,3257.0,3239.8,3251.5,43049825,3576.6,2926.4,4322.95,2866.6,3247.7,172,10,3247.6,34,5,3247.5,69,9,3247.4,158,6,3247.3,78,6,3248.0,14,10,3248.1,15,1,3248.9,71,1,3249.0,101,5,3249.1,33,1
11536,2025-12-30 12:11:18+05:30,3247.7,2,3249.05,804294,109514.0,120426.0,3250.0,3257.0,3239.8,3251.5,43049825,3576.6,2926.4,4322.95,2866.6,3247.7,172,10,3247.6,34,5,3247.5,69,9,3247.4,158,6,3247.3,78,6,3248.0,14,10,3248.1,15,1,3248.9,71,1,3249.0,101,5,3249.1,33,1
11536,2025-12-30 12:11:19+05:30,3247.7,2,3249.05,804294,109514.0,120426.0,3250.0,3257.0,3239.8,3251.5,43049825,3576.6,2926.4,4322.95,2866.6,3247.7,172,10,3247.6,34,5,3247.5,69,9,3247.4,158,6,3247.3,78,6,3248.0,14,10,3248.1,15,1,3248.9,71,1,3249.0,101,5,3249.1,33,1
11536,2025-12-30 12:11:19+05:30,3247.7,2,3249.05,804324,109525.0,121827.0,3250.0,3257.0,3239.8,3251.5,43049825,3576.6,2926.4,4322.95,2866.6,3247.7,154,10,3247.6,26,4,3247.5,54,7,3247.4,165,7,3247.3,70,6,3248.0,15,13,3248.1,15,1,3248.9,71,1,3249.0,101,5,3249.1,33,1
11536,2025-12-30 12:11:19+05:30,3247.7,1,3249.05,804324,109525.0,121827.0,3250.0,3257.0,3239.8,3251.5,43049825,3576.6,2926.4,4322.95,2866.6,3247.7,154,10,3247.6,26,4,3247.5,54,7,3247.4,165,7,3247.3,70,6,3248.0,15,13,3248.1,15,1,3248.9,71,1,3249.0,101,5,3249.1,33,1
11536,2025-12-30 12:11:20+05:30,3248.1,15,3249.05,804403,110906.0,121005.0,3250.0,3257.0,3239.8,3251.5,43049825,3576.6,2926.4,4322.95,2866.6,3247.9,98,4,3247.8,408,8,3247.7,243,15,3247.6,715,13,3247.5,296,13,3249.0,14,2,3249.3,1,1,3249.4,8,1,3249.5,107,2,3249.6,8,1
11536,2025-12-30 12:11:20+05:30,3248.1,15,3249.05,804403,110906.0,121005.0,3250.0,3257.0,3239.8,3251.5,43120525,3576.6,2926.4,4322.95,2866.6,3247.9,98,4,3247.8,408,8,3247.7,243,15,3247.6,715,13,3247.5,296,13,3249.0,14,2,3249.3,1,1,3249.4,8,1,3249.5,107,2,3249.6,8,1
11536,2025-12-30 12:11:20+05:30,3248.1,15,3249.05,804403,110906.0,121005.0,3250.0,3257.0,3239.8,3251.5,43120525,3576.6,2926.4,4322.95,2866.6,3247.9,98,4,3247.8,408,8,3247.7,243,15,3247.6,715,13,3247.5,296,13,3249.0,14,2,3249.3,1,1,3249.4,8,1,3249.5,107,2,3249.6,8,1
11536,2025-12-30 12:11:21+05:30,3249.4,61,3249.05,804515,110914.0,120880.0,3250.0,3257.0,3239.8,3251.5,43120525,3576.6,2926.4,4322.95,2866.6,3248.0,210,4,3247.9,62,2,3247.8,484,13,3247.7,127,6,3247.6,664,9,3248.9,10,1,3249.0,1,1,3249.3,19,1,3249.4,36,4,3249.5,41,2
11536,2025-12-30 12:11:21+05:30,3249.4,61,3249.05,804515,110914.0,120880.0,3250.0,3257.0,3239.8,3251.5,43120525,3576.6,2926.4,4322.95,2866.6,3248.0,210,4,3247.9,62,2,3247.8,484,13,3247.7,127,6,3247.6,664,9,3248.9,10,1,3249.0,1,1,3249.3,19,1,3249.4,36,4,3249.5,41,2
11536,2025-12-30 12:11:22+05:30,3248.8,5,3249.05,804520,110892.0,121131.0,3250.0,3257.0,3239.8,3251.5,43120525,3576.6,2926.4,4322.95,2866.6,3248.1,10,1,3248.0,264,8,3247.9,28,3,3247.8,442,13,3247.7,502,8,3248.7,5,1,3248.8,2,2,3248.9,2,1,3249.0,1,1,3249.4,5,2
11536,2025-12-30 12:11:22+05:30,3248.8,5,3249.05,804520,110892.0,121131.0,3250.0,3257.0,3239.8,3251.5,43120525,3576.6,2926.4,4322.95,2866.6,3248.1,10,1,3248.0,264,8,3247.9,28,3,3247.8,442,13,3247.7,502,8,3248.7,5,1,3248.8,2,2,3248.9,2,1,3249.0,1,1,3249.4,5,2
11536,2025-12-30 12:11:22+05:30,3248.8,5,3249.05,804520,110892.0,121131.0,3250.0,3257.0,3239.8,3251.5,43120525,3576.6,2926.4,4322.95,2866.6,3248.1,10,1,3248.0,264,8,3247.9,28,3,3247.8,442,13,3247.7,502,8,3248.7,5,1,3248.8,2,2,3248.9,2,1,3249.0,1,1,3249.4,5,2
11536,2025-12-30 12:11:23+05:30,3248.1,1,3249.05,804555,110437.0,121409.0,3250.0,3257.0,3239.8,3251.5,43120525,3576.6,2926.4,4322.95,2866.6,3248.1,12,1,3248.0,4,1,3247.9,1,1,3247.8,96,7,3247.7,98,5,3248.6,5,1,3248.7,14,1,3248.8,2,2,3248.9,2,1,3249.0,20,2
11536,2025-12-30 12:11:23+05:30,3248.1,1,3249.05,804555,110437.0,121409.0,3250.0,3257.0,3239.8,3251.5,43120525,3576.6,2926.4,4322.95,2866.6,3248.1,12,1,3248.0,4,1,3247.9,1,1,3247.8,96,7,3247.7,98,5,3248.6,5,1,3248.7,14,1,3248.8,2,2,3248.9,2,1,3249.0,20,2
11536,2025-12-30 12:11:24+05:30,3248.1,1,3249.05,804563,110292.0,122324.0,3250.0,3257.0,3239.8,3251.5,43120525,3576.6,2926.4,4322.95,2866.6,3248.1,6,2,3248.0,4,1,3247.9,1,1,3247.8,42,3,3247.7,81,4,3248.5,1,1,3248.6,3,2,3248.7,14,1,3248.8,21,3,3248.9,2,1
11536,2025-12-30 12:11:24+05:30,3248.5,4,3249.05,804563,110292.0,122324.0,3250.0,3257.0,3239.8,3251.5,43120525,3576.6,2926.4,4322.95,2866.6,3248.1,6,2,3248.0,4,1,3247.9,1,1,3247.8,42,3,3247.7,81,4,3248.5,1,1,3248.6,3,2,3248.7,14,1,3248.8,21,3,3248.9,2,1
11536,2025-12-30 12:11:25+05:30,3248.5,1,3249.05,804590,109682.0,122292.0,3250.0,3257.0,3239.8,3251.5,43120525,3576.6,2926.4,4322.95,2866.6,3248.5,6,4,3248.2,2,1,3248.1,3,2,3248.0,8,2,3247.9,5,2,3248.6,5,4,3248.7,14,1,3249.1,75,3,3249.2,8,1,3249.3,212,3
11536,2025-12-30 12:11:25+05:30,3248.5,1,3249.05,804590,109682.0,122292.0,3250.0,3257.0,3239.8,3251.5,43120525,3576.6,2926.4,4322.95,2866.6,3248.5,6,4,3248.2,2,1,3248.1,3,2,3248.0,8,2,3247.9,5,2,3248.6,5,4,3248.7,14,1,3249.1,75,3,3249.2,8,1,3249.3,212,3
11536,2025-12-30 12:11:26+05:30,3248.5,2,3249.05,804604,109513.0,122307.0,3250.0,3257.0,3239.8,3251.5,43120525,3576.6,2926.4,4322.95,2866.6,3248.5,48,3,3248.2,2,1,3248.1,3,2,3248.0,8,2,3247.9,7,3,3248.6,20,7,3248.8,175,1,3249.0,19,1,3249.1,56,2,3249.2,8,1
11536,2025-12-30 12:11:26+05:30,3248.6,1,3249.05,804604,109513.0,122307.0,3250.0,3257.0,3239.8,3251.5,43120525,3576.6,2926.4,4322.95,2866.6,3248.5,48,3,3248.2,2,1,3248.1,3,2,3248.0,8,2,3247.9,7,3,3248.6,20,7,3248.8,175,1,3249.0,19,1,3249.1,56,2,3249.2,8,1
11536,2025-12-30 12:11:27+05:30,3248.6,58,3249.05,804696,109510.0,122234.0,3250.0,3257.0,3239.8,3251.5,43120525,3576.6,2926.4,4322.95,2866.6,3248.5,43,2,3248.1,3,2,3248.0,29,3,3247.9,7,3,3247.8,195,3,3248.6,8,1,3248.8,175,1,3248.9,2,2,3249.0,19,1,3249.1,56,2
11536,2025-12-30 12:11:27+05:30,3248.6,5,3249.05,804696,109510.0,122234.0,3250.0,3257.0,3239.8,3251.5,43120525,3576.6,2926.4,4322.95,2866.6,3248.5,43,2,3248.1,3,2,3248.0,29,3,3247.9,7,3,3247.8,195,3,3248.6,8,1,3248.8,175,1,3248.9,2,2,3249.0,19,1,3249.1,56,2
11536,2025-12-30 12:11:28+05:30,3248.5,3,3249.05,804705,109575.0,122175.0,3250.0,3257.0,3239.8,3251.5,43120525,3576.6,2926.4,4322.95,2866.6,3248.5,40,2,3248.1,3,2,3248.0,29,3,3247.9,7,3,3247.8,195,3,3248.6,6,4,3248.8,175,1,3248.9,2,2,3249.0,19,1,3249.1,34,1
11536,2025-12-30 12:11:28+05:30,3248.6,1,3249.05,804705,109575.0,122175.0,3250.0,3257.0,3239.8,3251.5,43120525,3576.6,2926.4,4322.95,2866.6,3248.5,40,2,3248.1,3,2,3248.0,29,3,3247.9,7,3,3247.8,195,3,3248.6,6,4,3248.8,175,1,3248.9,2,2,3249.0,19,1,3249.1,34,1
11536,2025-12-30 12:11:29+05:30,3248.1,2,3249.05,804754,108989.0,122183.0,3250.0,3257.0,3239.8,3251.5,43120525,3576.6,2926.4,4322.95,2866.6,3248.1,3,2,3248.0,8,2,3247.9,7,3,3247.8,39,2,3247.7,60,4,3248.6,6,5,3248.8,175,1,3248.9,1,1,3249.0,8,1,3249.1,34,1
11536,2025-12-30 12:11:29+05:30,3248.1,1,3249.05,804754,108989.0,122183.0,3250.0,3257.0,3239.8,3251.5,43120525,3576.6,2926.4,4322.95,2866.6,3248.1,3,2,3248.0,8,2,3247.9,7,3,3247.8,39,2,3247.7,60,4,3248.6,6,5,3248.8,175,1,3248.9,1,1,3249.0,8,1,3249.1,34,1
11536,2025-12-30 12:11:30+05:30,3248.1,1,3249.05,804770,109032.0,122207.0,3250.0,3257.0,3239.8,3251.5,43120525,3576.6,2926.4,4322.95,2866.6,3248.1,1,1,3248.0,8,2,3247.9,18,4,3247.8,195,3,3247.7,60,4,3248.6,6,5,3248.8,175,1,3249.0,19,1,3249.1,56,2,3249.2,8,1
11536,2025-12-30 12:11:30+05:30,3248.1,1,3249.05,804770,109032.0,122207.0,3250.0,3257.0,3239.8,3251.5,43120525,3576.6,2926.4,4322.95,2866.6,3248.1,1,1,3248.0,8,2,3247.9,18,4,3247.8,195,3,3247.7,60,4,3248.6,6,5,3248.8,175,1,3249.0,19,1,3249.1,56,2,3249.2,8,1
11536,2025-12-30 12:11:31+05:30,3248.6,1,3249.05,804785,108851.0,122214.0,3250.0,3257.0,3239.8,3251.5,43120525,3576.6,2926.4,4322.95,2866.6,3248.1,11,1,3248.0,8,2,3247.9,7,3,3247.8,51,3,3247.7,74,5,3248.6,5,5,3248.8,175,1,3249.0,27,2,3249.1,56,2,3249.2,8,1
11536,2025-12-30 12:11:31+05:30,3248.6,1,3249.05,804785,108851.0,122214.0,3250.0,3257.0,3239.8,3251.5,43120525,3576.6,2926.4,4322.95,2866.6,3248.1,11,1,3248.0,8,2,3247.9,7,3,3247.8,51,3,3247.7,74,5,3248.6,5,5,3248.8,175,1,3249.0,27,2,3249.1,56,2,3249.2,8,1
11536,2025-12-30 12:11:32+05:30,3248.1,6,3249.05,804796,108879.0,122221.0,3250.0,3257.0,3239.8,3251.5,43120525,3576.6,2926.4,4322.95,2866.6,3248.1,1,1,3248.0,8,2,3247.9,7,3,3247.8,215,6,3247.7,74,5,3248.6,5,5,3248.8,175,1,3249.0,27,2,3249.1,56,2,3249.2,8,1
11536,2025-12-30 12:11:32+05:30,3248.1,6,3249.05,804796,108879.0,122221.0,3250.0,3257.0,3239.8,3251.5,43120525,3576.6,2926.4,4322.95,2866.6,3248.1,1,1,3248.0,8,2,3247.9,7,3,3247.8,215,6,3247.7,74,5,3248.6,5,5,3248.8,175,1,3249.0,27,2,3249.1,56,2,3249.2,8,1
11536,2025-12-30 12:11:33+05:30,3248.1,3,3249.05,804804,108745.0,122224.0,3250.0,3257.0,3239.8,3251.5,43120525,3576.6,2926.4,4322.95,2866.6,3248.1,18,2,3248.0,8,2,3247.9,7,3,3247.8,59,5,3247.7,79,6,3248.6,5,5,3248.8,175,1,3249.0,19,1,3249.1,56,2,3249.2,8,1
11536,2025-12-30 12:11:33+05:30,3248.1,4,3249.05,804804,108745.0,122224.0,3250.0,3257.0,3239.8,3251.5,43120525,3576.6,2926.4,4322.95,2866.6,3248.1,18,2,3248.0,8,2,3247.9,7,3,3247.8,59,5,3247.7,79,6,3248.6,5,5,3248.8,175,1,3249.0,19,1,3249.1,56,2,3249.2,8,1
11536,2025-12-30 12:11:34+05:30,3248.1,2,3249.05,804810,108837.0,122226.0,3250.0,3257.0,3239.8,3251.5,43120525,3576.6,2926.4,4322.95,2866.6,3248.1,12,2,3248.0,8,2,3247.9,7,3,3247.8,59,5,3247.7,79,6,3248.6,7,7,3248.8,175,1,3249.0,19,1,3249.1,56,2,3249.2,8,1
11536,2025-12-30 12:11:34+05:30,3248.1,3,3249.05,804810,108837.0,122226.0,3250.0,3257.0,3239.8,3251.5,43120525,3576.6,2926.4,4322.95,2866.6,3248.1,12,2,3248.0,8,2,3247.9,7,3,3247.8,59,5,3247.7,79,6,3248.6,7,7,3248.8,175,1,3249.0,19,1,3249.1,56,2,3249.2,8,1
11536,2025-12-30 12:11:35+05:30,3248.6,1,3249.05,804817,108846.0,122288.0,3250.0,3257.0,3239.8,3251.5,43120525,3576.6,2926.4,4322.95,2866.6,3248.1,13,2,3248.0,14,3,3247.9,7,3,3247.8,27,3,3247.7,65,5,3248.6,40,10,3248.8,175,1,3249.0,27,2,3249.1,34,1,3249.2,8,1
11536,2025-12-30 12:11:35+05:30,3248.1,1,3249.05,804817,108846.0,122288.0,3250.0,3257.0,3239.8,3251.5,43120525,3576.6,2926.4,4322.95,2866.6,3248.1,13,2,3248.0,14,3,3247.9,7,3,3247.8,27,3,3247.7,65,5,3248.6,40,10,3248.8,175,1,3249.0,27,2,3249.1,34,1,3249.2,8,1
11536,2025-12-30 12:11:36+05:30,3248.1,1,3249.05,804822,109037.0,122277.0,3250.0,3257.0,3239.8,3251.5,43120525,3576.6,2926.4,4322.95,2866.6,3248.1,53,3,3248.0,14,3,3247.9,7,3,3247.8,27,3,3247.7,60,4,3248.6,39,9,3248.8,175,1,3248.9,43,2,3249.0,8,1,3249.1,34,1
11536,2025-12-30 12:11:36+05:30,3248.1,1,3249.05,804822,109037.0,122277.0,3250.0,3257.0,3239.8,3251.5,43120525,3576.6,2926.4,4322.95,2866.6,3248.1,53,3,3248.0,14,3,3247.9,7,3,3247.8,27,3,3247.7,60,4,3248.6,39,9,3248.8,175,1,3248.9,43,2,3249.0,8,1,3249.1,34,1
11536,2025-12-30 12:11:37+05:30,3248.6,6,3249.05,804911,108822.0,122282.0,3250.0,3257.0,3239.8,3251.5,43120525,3576.6,2926.4,4322.95,2866.6,3248.1,23,3,3248.0,8,2,3247.9,7,3,3247.8,27,3,3247.7,11,2,3248.6,206,6,3248.8,54,2,3248.9,31,2,3249.1,37,2,3249.2,8,1
11536,2025-12-30 12:11:37+05:30,3248.6,6,3249.05,804911,108822.0,122282.0,3250.0,3257.0,3239.8,3251.5,43120525,3576.6,2926.4,4322.95,2866.6,3248.1,23,3,3248.0,8,2,3247.9,7,3,3247.8,27,3,3247.7,11,2,3248.6,206,6,3248.8,54,2,3248.9,31,2,3249.1,37,2,3249.2,8,1
11536,2025-12-30 12:11:38+05:30,3248.6,5,3249.05,804917,108808.0,122275.0,3250.0,3257.0,3239.8,3251.5,43120525,3576.6,2926.4,4322.95,2866.6,3248.1,22,3,3248.0,8,2,3247.9,7,3,3247.8,27,3,3247.7,11,2,3248.6,204,8,3248.8,20,1,3248.9,31,2,3249.1,37,2,3249.2,8,1
11536,2025-12-30 12:11:38+05:30,3248.1,1,3249.05,804917,108808.0,122275.0,3250.0,3257.0,3239.8,3251.5,43120525,3576.6,2926.4,4322.95,2866.6,3248.1,22,3,3248.0,8,2,3247.9,7,3,3247.8,27,3,3247.7,11,2,3248.6,204,8,3248.8,20,1,3248.9,31,2,3249.1,37,2,3249.2,8,1
11536,2025-12-30 12:11:39+05:30,3248.2,24,3249.05,804944,108706.0,122280.0,3250.0,3257.0,3239.8,3251.5,43120525,3576.6,2926.4,4322.95,2866.6,3248.2,10,1,3248.1,11,2,3248.0,8,2,3247.9,7,3,3247.8,27,3,3248.6,201,8,3248.8,28,2,3248.9,23,1,3249.0,8,1,3249.1,37,2
11536,2025-12-30 12:11:39+05:30,3248.2,2,3249.05,804944,108706.0,122280.0,3250.0,3257.0,3239.8,3251.5,43120525,3576.6,2926.4,4322.95,2866.6,3248.2,10,1,3248.1,11,2,3248.0,8,2,3247.9,7,3,3247.8,27,3,3248.6,201,8,3248.8,28,2,3248.9,23,1,3249.0,8,1,3249.1,37,2
11536,2025-12-30 12:11:40+05:30,3248.2,2,3249.05,804986,108630.0,122216.0,3250.0,3257.0,3239.8,3251.5,43120525,3576.6,2926.4,4322.95,2866.6,3248.2,5,1,3248.1,11,2,3248.0,8,2,3247.9,7,3,3247.8,27,3,3248.6,166,8,3248.8,56,3,3248.9,56,3,3249.0,26,2,3249.1,59,3
11536,2025-12-30 12:11:40+05:30,3248.2,1,3249.05,804986,108630.0,122216.0,3250.0,3257.0,3239.8,3251.5,43120525,3576.6,2926.4,4322.95,2866.6,3248.2,5,1,3248.1,11,2,3248.0,8,2,3247.9,7,3,3247.8,27,3,3248.6,166,8,3248.8,56,3,3248.9,56,3,3249.0,26,2,3249.1,59,3
11536,2025-12-30 12:11:41+05:30,3248.4,1,3249.05,805001,108534.0,122174.0,3250.0,3257.0,3239.8,3251.5,43120525,3576.6,2926.4,4322.95,2866.6,3248.4,8,1,3248.1,11,2,3248.0,8,2,3247.9,7,3,3247.8,27,3,3248.6,165,8,3248.8,56,3,3248.9,56,3,3249.0,26,2,3249.1,59,3
11536,2025-12-30 12:11:41+05:30,3248.4,3,3249.05,805001,108534.0,122174.0,3250.0,3257.0,3239.8,3251.5,43120525,3576.6,2926.4,4322.95,2866.6,3248.4,8,1,3248.1,11,2,3248.0,8,2,3247.9,7,3,3247.8,27,3,3248.6,165,8,3248.8,56,3,3248.9,56,3,3249.0,26,2,3249.1,59,3
11536,2025-12-30 12:11:42+05:30,3248.4,12,3249.05,805024,108597.0,122174.0,3250.0,3257.0,3239.8,3251.5,43120525,3576.6,2926.4,4322.95,2866.6,3248.4,10,1,3248.1,11,2,3248.0,8,2,3247.9,7,3,3247.8,27,3,3248.6,165,9,3248.8,56,3,3248.9,56,3,3249.0,26,2,3249.1,59,3
11536,2025-12-30 12:11:42+05:30,3248.6,3,3249.05,805024,108597.0,122174.0,3250.0,3257.0,3239.8,3251.5,43120525,3576.6,2926.4,4322.95,2866.6,3248.4,10,1,3248.1,11,2,3248.0,8,2,3247.9,7,3,3247.8,27,3,3248.6,165,9,3248.8,56,3,3248.9,56,3,3249.0,26,2,3249.1,59,3
11536,2025-12-30 12:11:43+05:30,3248.4,1,3249.05,805042,108706.0,122064.0,3250.0,3257.0,3239.8,3251.5,43120525,3576.6,2926.4,4322.95,2866.6,3248.1,11,2,3248.0,9,3,3247.9,7,3,3247.8,27,3,3247.7,11,2,3248.4,2,2,3248.6,162,9,3248.7,36,3,3248.8,28,1,3248.9,38,2
11536,2025-12-30 12:11:43+05:30,3248.4,1,3249.05,805042,108706.0,122064.0,3250.0,3257.0,3239.8,3251.5,43120525,3576.6,2926.4,4322.95,2866.6,3248.1,11,2,3248.0,9,3,3247.9,7,3,3247.8,27,3,3247.7,11,2,3248.4,2,2,3248.6,162,9,3248.7,36,3,3248.8,28,1,3248.9,38,2
11536,2025-12-30 12:11:44+05:30,3248.1,4,3249.05,805051,108723.0,122703.0,3250.0,3257.0,3239.8,3251.5,43120525,3576.6,2926.4,4322.95,2866.6,3248.1,13,2,3248.0,10,4,3247.9,7,3,3247.8,27,3,3247.7,12,3,3248.4,4,4,3248.6,159,6,3248.7,29,2,3248.8,28,1,3248.9,38,2
11536,2025-12-30 12:11:44+05:30,3248.1,1,3249.05,805051,108723.0,122703.0,3250.0,3257.0,3239.8,3251.5,43120525,3576.6,2926.4,4322.95,2866.6,3248.1,13,2,3248.0,10,4,3247.9,7,3,3247.8,27,3,3247.7,12,3,3248.4,4,4,3248.6,159,6,3248.7,29,2,3248.8,28,1,3248.9,38,2
11536,2025-12-30 12:11:45+05:30,3248.1,2,3249.05,805060,108658.0,121490.0,3250.0,3257.0,3239.8,3251.5,43120525,3576.6,2926.4,4322.95,2866.6,3248.1,7,2,3248.0,10,4,3247.9,7,3,3247.8,27,3,3247.7,42,5,3248.4,7,7,3248.6,155,2,3249.0,27,2,3249.1,37,2,3249.2,56,3
11536,2025-12-30 12:11:45+05:30,3248.1,1,3249.05,805060,108658.0,121490.0,3250.0,3257.0,3239.8,3251.5,43120525,3576.6,2926.4,4322.95,2866.6,3248.1,7,2,3248.0,10,4,3247.9,7,3,3247.8,27,3,3247.7,42,5,3248.4,7,7,3248.6,155,2,3249.0,27,2,3249.1,37,2,3249.2,56,3
11536,2025-12-30 12:11:46+05:30,3248.1,1,3249.05,805068,108719.0,122888.0,3250.0,3257.0,3239.8,3251.5,43120525,3576.6,2926.4,4322.95,2866.6,3248.1,13,2,3248.0,10,4,3247.9,7,3,3247.8,27,3,3247.7,22,4,3248.4,6,6,3248.6,154,1,3249.0,27,2,3249.1,37,2,3249.2,56,3
11536,2025-12-30 12:11:46+05:30,3248.1,1,3249.05,805068,108719.0,122888.0,3250.0,3257.0,3239.8,3251.5,43120525,3576.6,2926.4,4322.95,2866.6,3248.1,13,2,3248.0,10,4,3247.9,7,3,3247.8,27,3,3247.7,22,4,3248.4,6,6,3248.6,154,1,3249.0,27,2,3249.1,37,2,3249.2,56,3
11536,2025-12-30 12:11:47+05:30,3248.6,59,3249.05,805212,108708.0,122269.0,3250.0,3257.0,3239.8,3251.5,43120525,3576.6,2926.4,4322.95,2866.6,3248.1,6,1,3248.0,10,4,3247.9,9,4,3247.8,27,3,3247.7,12,3,3248.6,103,3,3248.9,19,1,3249.0,22,1,3249.1,10,2,3249.2,50,3
11536,2025-12-30 12:11:47+05:30,3248.6,59,3249.05,805212,108708.0,122269.0,3250.0,3257.0,3239.8,3251.5,43120525,3576.6,2926.4,4322.95,2866.6,3248.1,6,1,3248.0,10,4,3247.9,9,4,3247.8,27,3,3247.7,12,3,3248.6,103,3,3248.9,19,1,3249.0,22,1,3249.1,10,2,3249.2,50,3
11536,2025-12-30 12:11:48+05:30,3248.6,6,3249.05,805218,108768.0,122337.0,3250.0,3257.0,3239.8,3251.5,43120525,3576.6,2926.4,4322.95,2866.6,3248.2,20,1,3248.1,51,2,3248.0,10,4,3247.9,9,4,3247.8,27,3,3248.6,111,4,3248.9,19,1,3249.0,22,1,3249.1,37,2,3249.2,48,2
11536,2025-12-30 12:11:48+05:30,3248.6,6,3249.05,805218,108768.0,122337.0,3250.0,3257.0,3239.8,3251.5,43120525,3576.6,2926.4,4322.95,2866.6,3248.2,20,1,3248.1,51,2,3248.0,10,4,3247.9,9,4,3247.8,27,3,3248.6,111,4,3248.9,19,1,3249.0,22,1,3249.1,37,2,3249.2,48,2
11536,2025-12-30 12:11:49+05:30,3248.2,24,3249.05,805262,108857.0,122308.0,3250.0,3257.0,3239.8,3251.5,43120525,3576.6,2926.4,4322.95,2866.6,3248.2,21,1,3248.1,51,2,3248.0,10,4,3247.9,21,6,3247.8,47,4,3248.6,108,5,3248.9,19,1,3249.0,22,1,3249.1,3,1,3249.2,22,1
11536,2025-12-30 12:11:49+05:30,3248.2,24,3249.05,805262,108857.0,122308.0,3250.0,3257.0,3239.8,3251.5,43120525,3576.6,2926.4,4322.95,2866.6,3248.2,21,1,3248.1,51,2,3248.0,10,4,3247.9,21,6,3247.8,47,4,3248.6,108,5,3248.9,19,1,3249.0,22,1,3249.1,3,1,3249.2,22,1
11536,2025-12-30 12:11:50+05:30,3248.2,1,3249.05,805264,108981.0,122341.0,3250.0,3257.0,3239.8,3251.5,43120525,3576.6,2926.4,4322.95,2866.6,3248.2,20,1,3248.1,51,2,3248.0,10,4,3247.9,21,6,3247.8,47,4,3248.6,109,6,3248.9,19,1,3249.0,22,1,3249.1,3,1,3249.2,22,1
11536,2025-12-30 12:11:50+05:30,3248.1,1,3249.05,805264,108981.0,122341.0,3250.0,3257.0,3239.8,3251.5,43120525,3576.6,2926.4,4322.95,2866.6,3248.2,20,1,3248.1,51,2,3248.0,10,4,3247.9,21,6,3247.8,47,4,3248.6,109,6,3248.9,19,1,3249.0,22,1,3249.1,3,1,3249.2,22,1
11536,2025-12-30 12:11:51+05:30,3248.1,1,3249.05,805285,109082.0,122297.0,3250.0,3257.0,3239.8,3251.5,43120525,3576.6,2926.4,4322.95,2866.6,3248.2,5,1,3248.1,45,1,3248.0,10,4,3247.9,9,4,3247.8,203,5,3248.6,108,7,3248.9,19,1,3249.0,22,1,3249.1,37,2,3249.2,29,2
11536,2025-12-30 12:11:51+05:30,3248.2,14,3249.05,805285,109082.0,122297.0,3250.0,3257.0,3239.8,3251.5,43120525,3576.6,2926.4,4322.95,2866.6,3248.2,5,1,3248.1,45,1,3248.0,10,4,3247.9,9,4,3247.8,203,5,3248.6,108,7,3248.9,19,1,3249.0,22,1,3249.1,37,2,3249.2,29,2
11536,2025-12-30 12:11:52+05:30,3248.2,14,3249.05,805301,108940.0,122141.0,3250.0,3257.0,3239.8,3251.5,43120525,3576.6,2926.4,4322.95,2866.6,3248.2,6,1,3248.1,45,1,3248.0,10,4,3247.9,9,4,3247.8,47,4,3248.6,19,6,3248.8,88,1,3248.9,19,1,3249.0,22,1,3249.1,34,1
11536,2025-12-30 12:11:52+05:30,3248.2,7,3249.05,805301,108940.0,122141.0,3250.0,3257.0,3239.8,3251.5,43120525,3576.6,2926.4,4322.95,2866.6,3248.2,6,1,3248.1,45,1,3248.0,10,4,3247.9,9,4,3247.8,47,4,3248.6,19,6,3248.8,88,1,3248.9,19,1,3249.0,22,1,3249.1,34,1
11536,2025-12-30 12:11:53+05:30,3248.2,6,3249.05,805314,108967.0,122185.0,3250.0,3257.0,3239.8,3251.5,43120525,3576.6,2926.4,4322.95,2866.6,3248.2,53,2,3248.1,45,1,3248.0,10,4,3247.9,19,5,3247.8,47,4,3248.6,20,7,3248.8,88,1,3248.9,19,1,3249.0,22,1,3249.1,34,1
11536,2025-12-30 12:11:53+05:30,3248.2,6,3249.05,805314,108967.0,122185.0,3250.0,3257.0,3239.8,3251.5,43120525,3576.6,2926.4,4322.95,2866.6,3248.2,53,2,3248.1,45,1,3248.0,10,4,3247.9,19,5,3247.8,47,4,3248.6,20,7,3248.8,88,1,3248.9,19,1,3249.0,22,1,3249.1,34,1
11536,2025-12-30 12:11:54+05:30,3248.6,2,3249.05,805345,109789.0,121384.0,3250.0,3257.0,3239.8,3251.5,43120525,3576.6,2926.4,4322.95,2866.6,3248.6,4,1,3248.2,230,4,3248.1,48,2,3248.0,194,7,3247.9,116,7,3249.0,88,1,3249.1,1,1,3249.3,18,1,3249.4,28,2,3249.5,34,1
11536,2025-12-30 12:11:54+05:30,3248.8,24,3249.05,805345,109789.0,121384.0,3250.0,3257.0,3239.8,3251.5,43120525,3576.6,2926.4,4322.95,2866.6,3248.6,4,1,3248.2,230,4,3248.1,48,2,3248.0,194,7,3247.9,116,7,3249.0,88,1,3249.1,1,1,3249.3,18,1,3249.4,28,2,3249.5,34,1
11536,2025-12-30 12:11:55+05:30,3248.8,1,3249.05,805377,110166.0,121373.0,3250.0,3257.0,3239.8,3251.5,43120525,3576.6,2926.4,4322.95,2866.6,3248.6,4,1,3248.2,203,2,3248.1,48,2,3248.0,272,9,3247.9,154,7,3248.8,57,2,3248.9,1,1,3249.0,1,1,3249.1,1,1,3249.2,18,1
11536,2025-12-30 12:11:55+05:30,3248.8,1,3249.05,805377,110166.0,121373.0,3250.0,3257.0,3239.8,3251.5,43120525,3576.6,2926.4,4322.95,2866.6,3248.6,4,1,3248.2,203,2,3248.1,48,2,3248.0,272,9,3247.9,154,7,3248.8,57,2,3248.9,1,1,3249.0,1,1,3249.1,1,1,3249.2,18,1
11536,2025-12-30 12:11:56+05:30,3248.5,1,3249.05,805435,109515.0,121619.0,3250.0,3257.0,3239.8,3251.5,43120525,3576.6,2926.4,4322.95,2866.6,3248.5,1,1,3248.2,72,3,3248.1,80,4,3248.0,43,7,3247.9,38,7,3248.6,2,2,3248.8,177,3,3248.9,1,1,3249.0,1,1,3249.5,3,1
11536,2025-12-30 12:11:56+05:30,3248.5,1,3249.05,805435,109515.0,121619.0,3250.0,3257.0,3239.8,3251.5,43120525,3576.6,2926.4,4322.95,2866.6,3248.5,1,1,3248.2,72,3,3248.1,80,4,3248.0,43,7,3247.9,38,7,3248.6,2,2,3248.8,177,3,3248.9,1,1,3249.0,1,1,3249.5,3,1
11536,2025-12-30 12:11:57+05:30,3248.5,6,3249.05,805559,109908.0,121453.0,3250.0,3257.0,3239.8,3251.5,43120525,3576.6,2926.4,4322.95,2866.6,3248.3,26,2,3248.2,47,1,3248.1,80,4,3248.0,254,10,3247.9,130,8,3248.8,182,4,3249.0,1,1,3249.5,3,1,3249.7,37,1,3249.8,99,2
11536,2025-12-30 12:11:57+05:30,3248.3,1,3249.05,805559,109908.0,121453.0,3250.0,3257.0,3239.8,3251.5,43120525,3576.6,2926.4,4322.95,2866.6,3248.3,26,2,3248.2,47,1,3248.1,80,4,3248.0,254,10,3247.9,130,8,3248.8,182,4,3249.0,1,1,3249.5,3,1,3249.7,37,1,3249.8,99,2
11536,2025-12-30 12:11:58+05:30,3248.5,4,3249.05,805571,110103.0,121593.0,3250.0,3257.0,3239.8,3251.5,43120525,3576.6,2926.4,4322.95,2866.6,3248.5,2,1,3248.3,61,1,3248.2,47,1,3248.1,59,3,3248.0,254,10,3248.8,183,5,3249.4,21,1,3249.5,3,1,3249.6,37,2,3249.7,40,2
11536,2025-12-30 12:11:58+05:30,3248.3,61,3249.05,805571,110103.0,121593.0,3250.0,3257.0,3239.8,3251.5,43120525,3576.6,2926.4,4322.95,2866.6,3248.5,2,1,3248.3,61,1,3248.2,47,1,3248.1,59,3,3248.0,254,10,3248.8,183,5,3249.4,21,1,3249.5,3,1,3249.6,37,2,3249.7,40,2
11536,2025-12-30 12:11:59+05:30,3248.2,38,3249.05,805677,109211.0,122453.0,3250.0,3257.0,3239.8,3251.5,43120525,3576.6,2926.4,4322.95,2866.6,3248.2,9,1,3248.1,56,3,3248.0,21,5,3247.9,9,4,3247.8,55,5,3248.3,286,4,3248.8,6,5,3249.3,21,1,3249.4,34,1,3249.5,11,2
11536,2025-12-30 12:11:59+05:30,3248.2,38,3249.05,805677,109211.0,122453.0,3250.0,3257.0,3239.8,3251.5,43120525,3576.6,2926.4,4322.95,2866.6,3248.2,9,1,3248.1,56,3,3248.0,21,5,3247.9,9,4,3247.8,55,5,3248.3,286,4,3248.8,6,5,3249.3,21,1,3249.4,34,1,3249.5,11,2
11536,2025-12-30 12:12:00+05:30,3248.1,11,3249.05,805703,109010.0,122488.0,3250.0,3257.0,3239.8,3251.5,43120525,3576.6,2926.4,4322.95,2866.6,3248.1,34,1,3248.0,21,5,3247.9,14,5,3247.8,47,4,3247.7,57,6,3248.3,285,8,3248.8,3,3,3249.0,40,2,3249.1,34,1,3249.4,34,1
11536,2025-12-30 12:12:00+05:30,3248.1,1,3249.05,805703,109010.0,122488.0,3250.0,3257.0,3239.8,3251.5,43120525,3576.6,2926.4,4322.95,2866.6,3248.1,34,1,3248.0,21,5,3247.9,14,5,3247.8,47,4,3247.7,57,6,3248.3,285,8,3248.8,3,3,3249.0,40,2,3249.1,34,1,3249.4,34,1
11536,2025-12-30 12:12:01+05:30,3248.1,1,3249.05,805727,108994.0,123064.0,3250.0,3257.0,3239.8,3251.5,43120525,3576.6,2926.4,4322.95,2866.6,3248.1,24,2,3248.0,21,5,3247.9,9,4,3247.8,27,3,3247.7,26,5,3248.3,284,10,3248.8,1,1,3248.9,19,1,3249.0,21,1,3249.1,34,1
11536,2025-12-30 12:12:01+05:30,3248.1,1,3249.05,805727,108994.0,123064.0,3250.0,3257.0,3239.8,3251.5,43120525,3576.6,2926.4,4322.95,2866.6,3248.1,24,2,3248.0,21,5,3247.9,9,4,3247.8,27,3,3247.7,26,5,3248.3,284,10,3248.8,1,1,3248.9,19,1,3249.0,21,1,3249.1,34,1
11536,2025-12-30 12:12:02+05:30,3248.1,1,3249.05,805752,108902.0,123099.0,3250.0,3257.0,3239.8,3251.5,43120525,3576.6,2926.4,4322.95,2866.6,3248.1,12,1,3248.0,21,5,3247.9,9,4,3247.8,27,3,3247.7,26,5,3248.3,284,11,3248.8,19,1,3248.9,11,1,3249.0,21,1,3249.1,59,3
11536,2025-12-30 12:12:02+05:30,3248.0,2,3249.05,805752,108902.0,123099.0,3250.0,3257.0,3239.8,3251.5,43120525,3576.6,2926.4,4322.95,2866.6,3248.1,12,1,3248.0,21,5,3247.9,9,4,3247.8,27,3,3247.7,26,5,3248.3,284,11,3248.8,19,1,3248.9,11,1,3249.0,21,1,3249.1,59,3
11536,2025-12-30 12:12:03+05:30,3248.0,1,3249.05,805774,109136.0,123200.0,3250.0,3257.0,3239.8,3251.5,43120525,3576.6,2926.4,4322.95,2866.6,3248.0,21,5,3247.9,22,5,3247.8,27,3,3247.7,56,7,3247.6,256,8,3248.3,286,13,3248.8,19,1,3248.9,32,2,3249.0,8,1,3249.1,51,2
11536,2025-12-30 12:12:03+05:30,3248.0,3,3249.05,805774,109136.0,123200.0,3250.0,3257.0,3239.8,3251.5,43120525,3576.6,2926.4,4322.95,2866.6,3248.0,21,5,3247.9,22,5,3247.8,27,3,3247.7,56,7,3247.6,256,8,3248.3,286,13,3248.8,19,1,3248.9,32,2,3249.0,8,1,3249.1,51,2
11536,2025-12-30 12:12:04+05:30,3248.0,3,3249.05,805784,109121.0,123199.0,3250.0,3257.0,3239.8,3251.5,43120525,3576.6,2926.4,4322.95,2866.6,3248.0,11,5,3247.9,22,5,3247.8,27,3,3247.7,56,7,3247.6,256,8,3248.3,287,14,3248.8,19,1,3248.9,32,2,3249.0,8,1,3249.1,51,2
11536,2025-12-30 12:12:04+05:30,3248.0,4,3249.05,805784,109121.0,123199.0,3250.0,3257.0,3239.8,3251.5,43120525,3576.6,2926.4,4322.95,2866.6,3248.0,11,5,3247.9,22,5,3247.8,27,3,3247.7,56,7,3247.6,256,8,3248.3,287,14,3248.8,19,1,3248.9,32,2,3249.0,8,1,3249.1,51,2
11536,2025-12-30 12:12:05+05:30,3248.0,1,3249.05,805796,108945.0,123148.0,3250.0,3257.0,3239.8,3251.5,43120525,3576.6,2926.4,4322.95,2866.6,3248.0,23,5,3247.9,9,4,3247.8,42,4,3247.7,73,8,3247.6,100,7,3248.3,320,15,3249.0,21,1,3249.1,53,2,3249.2,8,1,3249.3,22,1
11536,2025-12-30 12:12:05+05:30,3248.0,1,3249.05,805796,108945.0,123148.0,3250.0,3257.0,3239.8,3251.5,43120525,3576.6,2926.4,4322.95,2866.6,3248.0,23,5,3247.9,9,4,3247.8,42,4,3247.7,73,8,3247.6,100,7,3248.3,320,15,3249.0,21,1,3249.1,53,2,3249.2,8,1,3249.3,22,1
11536,2025-12-30 12:12:06+05:30,3248.0,1,3249.05,805806,109027.0,123072.0,3250.0,3257.0,3239.8,3251.5,43120525,3576.6,2926.4,4322.95,2866.6,3248.0,24,6,3247.9,14,5,3247.8,36,4,3247.7,56,7,3247.6,145,10,3248.2,15,2,3248.3,317,12,3248.9,19,1,3249.0,21,1,3249.1,34,1
11536,2025-12-30 12:12:06+05:30,3248.0,1,3249.05,805806,109027.0,123072.0,3250.0,3257.0,3239.8,3251.5,43120525,3576.6,2926.4,4322.95,2866.6,3248.0,24,6,3247.9,14,5,3247.8,36,4,3247.7,56,7,3247.6,145,10,3248.2,15,2,3248.3,317,12,3248.9,19,1,3249.0,21,1,3249.1,34,1
11536,2025-12-30 12:12:07+05:30,3248.1,2,3249.05,805887,108834.0,123065.0,3250.0,3257.0,3239.8,3251.5,43120525,3576.6,2926.4,4322.95,2866.6,3248.1,11,1,3248.0,10,4,3247.9,9,4,3247.8,27,3,3247.7,26,5,3248.2,22,6,3248.3,313,8,3248.9,19,1,3249.0,21,1,3249.1,34,1
11536,2025-12-30 12:12:07+05:30,3248.1,1,3249.05,805887,108834.0,123065.0,3250.0,3257.0,3239.8,3251.5,43120525,3576.6,2926.4,4322.95,2866.6,3248.1,11,1,3248.0,10,4,3247.9,9,4,3247.8,27,3,3247.7,26,5,3248.2,22,6,3248.3,313,8,3248.9,19,1,3249.0,21,1,3249.1,34,1
11536,2025-12-30 12:12:08+05:30,3248.1,2,3249.05,805898,108828.0,123408.0,3250.0,3257.0,3239.8,3251.5,43120525,3576.6,2926.4,4322.95,2866.6,3248.1,6,1,3248.0,10,4,3247.9,9,4,3247.8,27,3,3247.7,33,6,3248.2,17,7,3248.3,310,5,3248.9,19,1,3249.0,21,1,3249.1,34,1
11536,2025-12-30 12:12:08+05:30,3248.1,1,3249.05,805898,108828.0,123408.0,3250.0,3257.0,3239.8,3251.5,43120525,3576.6,2926.4,4322.95,2866.6,3248.1,6,1,3248.0,10,4,3247.9,9,4,3247.8,27,3,3247.7,33,6,3248.2,17,7,3248.3,310,5,3248.9,19,1,3249.0,21,1,3249.1,34,1
11536,2025-12-30 12:12:09+05:30,3248.0,3,3249.05,805998,109097.0,122918.0,3250.0,3257.0,3239.8,3251.5,43120525,3576.6,2926.4,4322.95,2866.6,3248.0,7,3,3247.9,16,5,3247.8,32,4,3247.7,56,7,3247.6,126,9,3248.2,7,3,3248.3,308,3,3249.1,34,1,3249.2,19,1,3249.3,22,1
11536,2025-12-30 12:12:09+05:30,3248.0,3,3249.05,805998,109097.0,122918.0,3250.0,3257.0,3239.8,3251.5,43120525,3576.6,2926.4,4322.95,2866.6,3248.0,7,3,3247.9,16,5,3247.8,32,4,3247.7,56,7,3247.6,126,9,3248.2,7,3,3248.3,308,3,3249.1,34,1,3249.2,19,1,3249.3,22,1
11536,2025-12-30 12:12:10+05:30,3248.0,3,3249.05,805998,109333.0,122933.0,3250.0,3257.0,3239.8,3251.5,43120525,3576.6,2926.4,4322.95,2866.6,3248.0,12,4,3247.9,9,4,3247.8,67,7,3247.7,56,7,3247.6,284,10,3248.2,9,5,3248.3,308,3,3249.1,34,1,3249.3,22,1,3249.4,42,2
11536,2025-12-30 12:12:10+05:30,3247.8,1,3249.05,805998,109333.0,122933.0,3250.0,3257.0,3239.8,3251.5,43120525,3576.6,2926.4,4322.95,2866.6,3248.0,12,4,3247.9,9,4,3247.8,67,7,3247.7,56,7,3247.6,284,10,3248.2,9,5,3248.3,308,3,3249.1,34,1,3249.3,22,1,3249.4,42,2
11536,2025-12-30 12:12:11+05:30,3247.8,3,3249.05,806132,108523.0,123006.0,3250.0,3257.0,3239.8,3251.5,43120525,3576.6,2926.4,4322.95,2866.6,3247.8,9,3,3247.7,112,11,3247.6,86,7,3247.5,41,5,3247.4,169,11,3248.2,11,6,3248.3,208,2,3248.7,29,1,3249.1,34,1,3249.2,5,2
11536,2025-12-30 12:12:11+05:30,3247.8,1,3249.05,806132,108523.0,123006.0,3250.0,3257.0,3239.8,3251.5,43120525,3576.6,2926.4,4322.95,2866.6,3247.8,9,3,3247.7,112,11,3247.6,86,7,3247.5,41,5,3247.4,169,11,3248.2,11,6,3248.3,208,2,3248.7,29,1,3249.1,34,1,3249.2,5,2
11536,2025-12-30 12:12:12+05:30,3247.8,4,3249.05,806149,108462.0,123035.0,3250.0,3257.0,3239.8,3251.5,43120525,3576.6,2926.4,4322.95,2866.6,3247.8,8,2,3247.7,94,10,3247.6,71,6,3247.5,21,4,3247.4,170,11,3248.2,26,9,3248.3,208,2,3248.7,29,1,3248.9,21,1,3249.0,3,1
11536,2025-12-30 12:12:12+05:30,3248.2,2,3249.05,806149,108462.0,123035.0,3250.0,3257.0,3239.8,3251.5,43120525,3576.6,2926.4,4322.95,2866.6,3247.8,8,2,3247.7,94,10,3247.6,71,6,3247.5,21,4,3247.4,170,11,3248.2,26,9,3248.3,208,2,3248.7,29,1,3248.9,21,1,3249.0,3,1
11536,2025-12-30 12:12:13+05:30,3247.8,2,3249.05,806259,108938.0,122525.0,3250.0,3257.0,3239.8,3251.5,43120525,3576.6,2926.4,4322.95,2866.6,3247.8,11,4,3247.7,86,9,3247.6,99,8,3247.5,24,4,3247.4,418,13,3248.3,195,3,3248.9,34,1,3249.0,3,1,3249.1,34,1,3249.2,27,3
11536,2025-12-30 12:12:13+05:30,3248.3,6,3249.05,806259,108938.0,122525.0,3250.0,3257.0,3239.8,3251.5,43120525,3576.6,2926.4,4322.95,2866.6,3247.8,11,4,3247.7,86,9,3247.6,99,8,3247.5,24,4,3247.4,418,13,3248.3,195,3,3248.9,34,1,3249.0,3,1,3249.1,34,1,3249.2,27,3
11536,2025-12-30 12:12:14+05:30,3248.3,6,3249.05,806292,108438.0,122759.0,3250.0,3257.0,3239.8,3251.5,43120525,3576.6,2926.4,4322.95,2866.6,3247.7,93,10,3247.6,66,5,3247.5,3,3,3247.4,170,11,3247.3,230,8,3248.3,194,7,3248.7,18,1,3248.8,21,1,3248.9,34,1,3249.0,3,1
11536,2025-12-30 12:12:14+05:30,3247.7,1,3249.05,806292,108438.0,122759.0,3250.0,3257.0,3239.8,3251.5,43120525,3576.6,2926.4,4322.95,2866.6,3247.7,93,10,3247.6,66,5,3247.5,3,3,3247.4,170,11,3247.3,230,8,3248.3,194,7,3248.7,18,1,3248.8,21,1,3248.9,34,1,3249.0,3,1
11536,2025-12-30 12:12:15+05:30,3247.7,8,3249.05,806326,108399.0,122166.0,3250.0,3257.0,3239.8,3251.5,43120525,3576.6,2926.4,4322.95,2866.6,3247.7,83,11,3247.6,11,3,3247.5,7,4,3247.4,188,12,3247.3,175,11,3248.1,10,1,3248.3,193,9,3248.7,18,1,3248.8,21,1,3248.9,34,1
11536,2025-12-30 12:12:15+05:30,3247.7,8,3249.05,806326,108399.0,122166.0,3250.0,3257.0,3239.8,3251.5,43120525,3576.6,2926.4,4322.95,2866.6,3247.7,83,11,3247.6,11,3,3247.5,7,4,3247.4,188,12,3247.3,175,11,3248.1,10,1,3248.3,193,9,3248.7,18,1,3248.8,21,1,3248.9,34,1
11536,2025-12-30 12:12:16+05:30,3248.1,1,3249.05,806339,108350.0,122266.0,3250.0,3257.0,3239.8,3251.5,43120525,3576.6,2926.4,4322.95,2866.6,3247.7,78,7,3247.6,11,3,3247.5,8,5,3247.4,87,8,3247.3,113,6,3248.1,14,8,3248.3,191,7,3248.5,18,1,3248.6,21,1,3248.9,34,1
11536,2025-12-30 12:12:16+05:30,3247.7,2,3249.05,806339,108350.0,122266.0,3250.0,3257.0,3239.8,3251.5,43120525,3576.6,2926.4,4322.95,2866.6,3247.7,78,7,3247.6,11,3,3247.5,8,5,3247.4,87,8,3247.3,113,6,3248.1,14,8,3248.3,191,7,3248.5,18,1,3248.6,21,1,3248.9,34,1
11536,2025-12-30 12:12:17+05:30,3248.1,1,3249.05,806439,108539.0,122366.0,3250.0,3257.0,3239.8,3251.5,43120525,3576.6,2926.4,4322.95,2866.6,3247.7,3,1,3247.6,91,9,3247.5,8,5,3247.4,303,12,3247.3,256,11,3248.1,20,12,3248.3,187,4,3248.6,21,1,3248.8,18,1,3248.9,34,1
11536,2025-12-30 12:12:17+05:30,3247.6,1,3249.05,806439,108539.0,122366.0,3250.0,3257.0,3239.8,3251.5,43120525,3576.6,2926.4,4322.95,2866.6,3247.7,3,1,3247.6,91,9,3247.5,8,5,3247.4,303,12,3247.3,256,11,3248.1,20,12,3248.3,187,4,3248.6,21,1,3248.8,18,1,3248.9,34,1
11536,2025-12-30 12:12:18+05:30,3247.7,1,3249.05,806466,108593.0,122325.0,3250.0,3257.0,3239.8,3251.5,43120525,3576.6,2926.4,4322.95,2866.6,3247.7,5,1,3247.6,82,8,3247.5,8,5,3247.4,174,14,3247.3,200,11,3248.1,13,10,3248.3,185,2,3249.0,3,1,3249.1,34,1,3249.2,27,3
11536,2025-12-30 12:12:18+05:30,3247.6,2,3249.05,806466,108593.0,122325.0,3250.0,3257.0,3239.8,3251.5,43120525,3576.6,2926.4,4322.95,2866.6,3247.7,5,1,3247.6,82,8,3247.5,8,5,3247.4,174,14,3247.3,200,11,3248.1,13,10,3248.3,185,2,3249.0,3,1,3249.1,34,1,3249.2,27,3
11536,2025-12-30 12:12:19+05:30,3247.7,30,3249.05,806503,108628.0,122321.0,3250.0,3257.0,3239.8,3251.5,43120525,3576.6,2926.4,4322.95,2866.6,3247.7,13,1,3247.6,87,9,3247.5,23,6,3247.4,304,12,3247.3,200,11,3248.1,8,7,3248.3,185,2,3248.9,39,2,3249.0,3,1,3249.1,34,1
11536,2025-12-30 12:12:19+05:30,3247.7,1,3249.05,806503,108628.0,122321.0,3250.0,3257.0,3239.8,3251.5,43120525,3576.6,2926.4,4322.95,2866.6,3247.7,13,1,3247.6,87,9,3247.5,23,6,3247.4,304,12,3247.3,200,11,3248.1,8,7,3248.3,185,2,3248.9,39,2,3249.0,3,1,3249.1,34,1
11536,2025-12-30 12:12:20+05:30,3247.7,7,3249.05,806513,108469.0,122511.0,3250.0,3257.0,3239.8,3251.5,43120525,3576.6,2926.4,4322.95,2866.6,3247.7,3,1,3247.6,87,9,3247.5,50,8,3247.4,148,11,3247.3,200,11,3248.1,10,9,3248.3,11,1,3248.7,174,1,3248.9,18,1,3249.0,3,1
11536,2025-12-30 12:12:20+05:30,3247.7,15,3249.05,806513,108469.0,122511.0,3250.0,3257.0,3239.8,3251.5,43120525,3576.6,2926.4,4322.95,2866.6,3247.7,3,1,3247.6,87,9,3247.5,50,8,3247.4,148,11,3247.3,200,11,3248.1,10,9,3248.3,11,1,3248.7,174,1,3248.9,18,1,3249.0,3,1
11536,2025-12-30 12:12:21+05:30,3247.7,1,3249.05,806530,108460.0,122371.0,3250.0,3257.0,3239.8,3251.5,43120525,3576.6,2926.4,4322.95,2866.6,3247.7,12,1,3247.6,68,7,3247.5,8,5,3247.4,148,11,3247.3,200,11,3248.1,10,10,3248.3,11,1,3248.7,174,1,3248.8,21,1,3248.9,52,2
11536,2025-12-30 12:12:21+05:30,3247.7,1,3249.05,806530,108460.0,122371.0,3250.0,3257.0,3239.8,3251.5,43120525,3576.6,2926.4,4322.95,2866.6,3247.7,12,1,3247.6,68,7,3247.5,8,5,3247.4,148,11,3247.3,200,11,3248.1,10,10,3248.3,11,1,3248.7,174,1,3248.8,21,1,3248.9,52,2
11536,2025-12-30 12:12:22+05:30,3248.0,1,3249.05,806546,108622.0,122315.0,3250.0,3257.0,3239.8,3251.5,43120525,3576.6,2926.4,4322.95,2866.6,3248.0,12,2,3247.7,14,2,3247.6,55,5,3247.5,7,4,3247.4,286,10,3248.1,8,8,3248.3,11,1,3248.6,39,2,3248.7,174,1,3248.9,34,1
11536,2025-12-30 12:12:22+05:30,3248.1,1,3249.05,806546,108622.0,122315.0,3250.0,3257.0,3239.8,3251.5,43120525,3576.6,2926.4,4322.95,2866.6,3248.0,12,2,3247.7,14,2,3247.6,55,5,3247.5,7,4,3247.4,286,10,3248.1,8,8,3248.3,11,1,3248.6,39,2,3248.7,174,1,3248.9,34,1
11536,2025-12-30 12:12:23+05:30,3248.1,1,3249.05,806574,108448.0,122424.0,3250.0,3257.0,3239.8,3251.5,43120525,3576.6,2926.4,4322.95,2866.6,3248.1,9,1,3248.0,1,1,3247.7,2,1,3247.6,181,4,3247.5,41,5,3248.3,11,1,3248.6,39,2,3248.7,174,1,3248.8,8,1,3249.0,11,2
11536,2025-12-30 12:12:24+05:30,3248.3,3,3249.05,806592,108805.0,122423.0,3250.0,3257.0,3239.8,3251.5,43120525,3576.6,2926.4,4322.95,2866.6,3248.3,1,1,3248.1,9,1,3248.0,1,1,3247.8,21,1,3247.7,5,2,3248.6,21,1,3248.7,174,1,3248.9,18,1,3249.1,8,1,3249.2,61,4
11536,2025-12-30 12:12:24+05:30,3248.3,8,3249.05,806592,108805.0,122423.0,3250.0,3257.0,3239.8,3251.5,43120525,3576.6,2926.4,4322.95,2866.6,3248.3,1,1,3248.1,9,1,3248.0,1,1,3247.8,21,1,3247.7,5,2,3248.6,21,1,3248.7,174,1,3248.9,18,1,3249.1,8,1,3249.2,61,4
11536,2025-12-30 12:12:25+05:30,3248.6,15,3249.05,806626,109113.0,122388.0,3250.0,3257.0,3239.8,3251.5,43120525,3576.6,2926.4,4322.95,2866.6,3248.5,13,1,3248.3,4,1,3248.0,1,1,3247.8,21,1,3247.7,5,2,3248.6,9,5,3248.7,174,1,3248.9,18,1,3249.0,8,1,3249.1,19,1
11536,2025-12-30 12:12:25+05:30,3248.5,1,3249.05,806626,109113.0,122388.0,3250.0,3257.0,3239.8,3251.5,43120525,3576.6,2926.4,4322.95,2866.6,3248.5,13,1,3248.3,4,1,3248.0,1,1,3247.8,21,1,3247.7,5,2,3248.6,9,5,3248.7,174,1,3248.9,18,1,3249.0,8,1,3249.1,19,1
11536,2025-12-30 12:12:26+05:30,3248.5,4,3249.05,806642,109119.0,122390.0,3250.0,3257.0,3239.8,3251.5,43120525,3576.6,2926.4,4322.95,2866.6,3248.5,8,1,3247.8,21,1,3247.7,48,3,3247.6,224,5,3247.5,406,9,3248.6,4,4,3248.7,174,1,3248.8,18,1,3248.9,8,1,3249.1,19,1
11536,2025-12-30 12:12:26+05:30,3248.5,2,3249.05,806642,109119.0,122390.0,3250.0,3257.0,3239.8,3251.5,43120525,3576.6,2926.4,4322.95,2866.6,3248.5,8,1,3247.8,21,1,3247.7,48,3,3247.6,224,5,3247.5,406,9,3248.6,4,4,3248.7,174,1,3248.8,18,1,3248.9,8,1,3249.1,19,1
11536,2025-12-30 12:12:27+05:30,3247.7,2,3249.05,806670,108411.0,121857.0,3250.0,3257.0,3239.8,3251.5,43120525,3576.6,2926.4,4322.95,2866.6,3247.7,61,7,3247.6,98,8,3247.5,193,9,3247.4,430,12,3247.3,104,8,3248.4,3,3,3248.5,9,2,3248.6,3,3,3248.7,174,1,3249.1,19,1
11536,2025-12-30 12:12:27+05:30,3247.7,1,3249.05,806670,108411.0,121857.0,3250.0,3257.0,3239.8,3251.5,43120525,3576.6,2926.4,4322.95,2866.6,3247.7,61,7,3247.6,98,8,3247.5,193,9,3247.4,430,12,3247.3,104,8,3248.4,3,3,3248.5,9,2,3248.6,3,3,3248.7,174,1,3249.1,19,1
11536,2025-12-30 12:12:28+05:30,3247.7,4,3249.05,806685,108363.0,122462.0,3250.0,3257.0,3239.8,3251.5,43120525,3576.6,2926.4,4322.95,2866.6,3247.7,60,8,3247.6,98,8,3247.5,193,9,3247.4,430,12,3247.3,104,8,3248.4,6,6,3248.5,9,2,3248.6,1,1,3248.7,174,1,3249.1,19,1
11536,2025-12-30 12:12:28+05:30,3248.4,1,3249.05,806685,108363.0,122462.0,3250.0,3257.0,3239.8,3251.5,43120525,3576.6,2926.4,4322.95,2866.6,3247.7,60,8,3247.6,98,8,3247.5,193,9,3247.4,430,12,3247.3,104,8,3248.4,6,6,3248.5,9,2,3248.6,1,1,3248.7,174,1,3249.1,19,1
11536,2025-12-30 12:12:29+05:30,3247.7,1,3249.05,806763,108422.0,122452.0,3250.0,3257.0,3239.8,3251.5,43120525,3576.6,2926.4,4322.95,2866.6,3247.7,61,8,3247.6,98,8,3247.5,255,10,3247.4,338,11,3247.3,104,8,3248.4,8,5,3248.7,174,1,3249.1,19,1,3249.2,61,4,3249.3,19,1
11536,2025-12-30 12:12:29+05:30,3247.7,1,3249.05,806763,108422.0,122452.0,3250.0,3257.0,3239.8,3251.5,43120525,3576.6,2926.4,4322.95,2866.6,3247.7,61,8,3247.6,98,8,3247.5,255,10,3247.4,338,11,3247.3,104,8,3248.4,8,5,3248.7,174,1,3249.1,19,1,3249.2,61,4,3249.3,19,1
11536,2025-12-30 12:12:30+05:30,3247.7,2,3249.05,806768,108597.0,122462.0,3250.0,3257.0,3239.8,3251.5,43120525,3576.6,2926.4,4322.95,2866.6,3247.7,119,10,3247.6,98,8,3247.5,309,11,3247.4,338,11,3247.3,154,9,3248.4,7,4,3248.7,174,1,3249.1,19,1,3249.2,61,4,3249.3,19,1
11536,2025-12-30 12:12:30+05:30,3247.7,2,3249.05,806768,108597.0,122462.0,3250.0,3257.0,3239.8,3251.5,43120525,3576.6,2926.4,4322.95,2866.6,3247.7,119,10,3247.6,98,8,3247.5,309,11,3247.4,338,11,3247.3,154,9,3248.4,7,4,3248.7,174,1,3249.1,19,1,3249.2,61,4,3249.3,19,1
11536,2025-12-30 12:12:31+05:30,3247.7,1,3249.05,806795,108263.0,123100.0,3250.0,3257.0,3239.8,3251.5,43120525,3576.6,2926.4,4322.95,2866.6,3247.7,33,4,3247.6,34,4,3247.5,67,6,3247.4,42,4,3247.3,101,6,3248.3,175,4,3248.4,34,4,3248.7,18,1,3248.8,21,1,3248.9,34,1
11536,2025-12-30 12:12:31+05:30,3247.7,1,3249.05,806795,108263.0,123100.0,3250.0,3257.0,3239.8,3251.5,43120525,3576.6,2926.4,4322.95,2866.6,3247.7,33,4,3247.6,34,4,3247.5,67,6,3247.4,42,4,3247.3,101,6,3248.3,175,4,3248.4,34,4,3248.7,18,1,3248.8,21,1,3248.9,34,1
11536,2025-12-30 12:12:32+05:30,3247.7,11,3249.05,806807,108798.0,122874.0,3250.0,3257.0,3239.8,3251.5,43120525,3576.6,2926.4,4322.95,2866.6,3247.7,60,8,3247.6,214,7,3247.5,170,11,3247.4,328,9,3247.3,221,13,3248.3,7,7,3248.4,32,3,3248.8,172,1,3249.1,19,1,3249.2,61,4
11536,2025-12-30 12:12:32+05:30,3247.7,1,3249.05,806807,108798.0,122874.0,3250.0,3257.0,3239.8,3251.5,43120525,3576.6,2926.4,4322.95,2866.6,3247.7,60,8,3247.6,214,7,3247.5,170,11,3247.4,328,9,3247.3,221,13,3248.3,7,7,3248.4,32,3,3248.8,172,1,3249.1,19,1,3249.2,61,4
11536,2025-12-30 12:12:33+05:30,3247.7,1,3249.05,806820,108451.0,122893.0,3250.0,3257.0,3239.8,3251.5,43120525,3576.6,2926.4,4322.95,2866.6,3247.7,25,7,3247.6,35,4,3247.5,185,12,3247.4,221,10,3247.3,182,11,3248.3,7,7,3248.4,30,1,3248.8,172,1,3249.0,21,1,3249.1,19,1
11536,2025-12-30 12:12:33+05:30,3247.7,1,3249.05,806820,108451.0,122893.0,3250.0,3257.0,3239.8,3251.5,43120525,3576.6,2926.4,4322.95,2866.6,3247.7,25,7,3247.6,35,4,3247.5,185,12,3247.4,221,10,3247.3,182,11,3248.3,7,7,3248.4,30,1,3248.8,172,1,3249.0,21,1,3249.1,19,1
11536,2025-12-30 12:12:34+05:30,3247.7,2,3249.05,806830,108400.0,122736.0,3250.0,3257.0,3239.8,3251.5,43120525,3576.6,2926.4,4322.95,2866.6,3247.7,17,5,3247.6,25,3,3247.5,167,11,3247.4,221,10,3247.3,182,11,3248.3,7,7,3248.4,30,1,3248.7,18,1,3248.8,193,2,3249.1,19,1
11536,2025-12-30 12:12:34+05:30,3248.3,1,3249.05,806830,108400.0,122736.0,3250.0,3257.0,3239.8,3251.5,43120525,3576.6,2926.4,4322.95,2866.6,3247.7,17,5,3247.6,25,3,3247.5,167,11,3247.4,221,10,3247.3,182,11,3248.3,7,7,3248.4,30,1,3248.7,18,1,3248.8,193,2,3249.1,19,1
11536,2025-12-30 12:12:35+05:30,3247.8,1,3249.05,806837,108636.0,122910.0,3250.0,3257.0,3239.8,3251.5,43120525,3576.6,2926.4,4322.95,2866.6,3247.8,3,1,3247.7,17,5,3247.6,43,4,3247.5,191,13,3247.4,407,12,3248.3,6,6,3248.4,30,1,3248.6,18,1,3248.7,21,1,3248.8,172,1
11536,2025-12-30 12:12:35+05:30,3247.8,1,3249.05,806837,108636.0,122910.0,3250.0,3257.0,3239.8,3251.5,43120525,3576.6,2926.4,4322.95,2866.6,3247.8,3,1,3247.7,17,5,3247.6,43,4,3247.5,191,13,3247.4,407,12,3248.3,6,6,3248.4,30,1,3248.6,18,1,3248.7,21,1,3248.8,172,1
11536,2025-12-30 12:12:36+05:30,3247.8,1,3249.05,806841,108638.0,122918.0,3250.0,3257.0,3239.8,3251.5,43120525,3576.6,2926.4,4322.95,2866.6,3247.8,8,1,3247.7,17,5,3247.6,43,4,3247.5,191,13,3247.4,407,12,3248.3,6,6,3248.4,30,1,3248.6,18,1,3248.7,21,1,3248.8,172,1
11536,2025-12-30 12:12:36+05:30,3247.8,1,3249.05,806841,108638.0,122918.0,3250.0,3257.0,3239.8,3251.5,43120525,3576.6,2926.4,4322.95,2866.6,3247.8,8,1,3247.7,17,5,3247.6,43,4,3247.5,191,13,3247.4,407,12,3248.3,6,6,3248.4,30,1,3248.6,18,1,3248.7,21,1,3248.8,172,1
11536,2025-12-30 12:12:37+05:30,3248.0,1,3249.05,806921,108538.0,122934.0,3250.0,3257.0,3239.8,3251.5,43120525,3576.6,2926.4,4322.95,2866.6,3247.7,9,4,3247.6,30,4,3247.5,91,7,3247.4,278,9,3247.3,312,13,3248.3,23,7,3248.4,30,1,3248.5,21,1,3248.7,18,1,3248.8,172,1
11536,2025-12-30 12:12:37+05:30,3247.7,1,3249.05,806921,108538.0,122934.0,3250.0,3257.0,3239.8,3251.5,43120525,3576.6,2926.4,4322.95,2866.6,3247.7,9,4,3247.6,30,4,3247.5,91,7,3247.4,278,9,3247.3,312,13,3248.3,23,7,3248.4,30,1,3248.5,21,1,3248.7,18,1,3248.8,172,1
11536,2025-12-30 12:12:38+05:30,3247.7,1,3249.05,806923,108434.0,122809.0,3250.0,3257.0,3239.8,3251.5,43120525,3576.6,2926.4,4322.95,2866.6,3247.7,13,5,3247.6,35,4,3247.5,121,9,3247.4,132,9,3247.3,327,16,3248.3,23,7,3248.4,30,1,3248.5,21,1,3248.7,190,2,3249.1,19,1
11536,2025-12-30 12:12:38+05:30,3247.7,1,3249.05,806923,108434.0,122809.0,3250.0,3257.0,3239.8,3251.5,43120525,3576.6,2926.4,4322.95,2866.6,3247.7,13,5,3247.6,35,4,3247.5,121,9,3247.4,132,9,3247.3,327,16,3248.3,23,7,3248.4,30,1,3248.5,21,1,3248.7,190,2,3249.1,19,1
11536,2025-12-30 12:12:39+05:30,3247.7,2,3249.05,806984,108805.0,122327.0,3250.0,3257.0,3239.8,3251.5,43120525,3576.6,2926.4,4322.95,2866.6,3247.7,29,7,3247.6,237,8,3247.5,355,13,3247.4,332,12,3247.3,213,11,3248.4,30,1,3248.7,172,1,3249.1,18,1,3249.2,66,4,3249.4,89,3
11536,2025-12-30 12:12:39+05:30,3247.7,2,3249.05,806984,108805.0,122327.0,3250.0,3257.0,3239.8,3251.5,43120525,3576.6,2926.4,4322.95,2866.6,3247.7,29,7,3247.6,237,8,3247.5,355,13,3247.4,332,12,3247.3,213,11,3248.4,30,1,3248.7,172,1,3249.1,18,1,3249.2,66,4,3249.4,89,3
11536,2025-12-30 12:12:40+05:30,3248.4,7,3249.05,806991,108798.0,122306.0,3250.0,3257.0,3239.8,3251.5,43120525,3576.6,2926.4,4322.95,2866.6,3247.7,47,8,3247.6,219,7,3247.5,355,13,3247.4,332,12,3247.3,571,12,3248.4,28,5,3248.8,172,1,3249.1,18,1,3249.2,37,2,3249.4,62,2
11536,2025-12-30 12:12:40+05:30,3248.4,7,3249.05,806991,108798.0,122306.0,3250.0,3257.0,3239.8,3251.5,43120525,3576.6,2926.4,4322.95,2866.6,3247.7,47,8,3247.6,219,7,3247.5,355,13,3247.4,332,12,3247.3,571,12,3248.4,28,5,3248.8,172,1,3249.1,18,1,3249.2,37,2,3249.4,62,2
11536,2025-12-30 12:12:41+05:30,3247.7,1,3249.05,806994,108643.0,121188.0,3250.0,3257.0,3239.8,3251.5,43120525,3576.6,2926.4,4322.95,2866.6,3247.7,46,7,3247.6,64,7,3247.5,355,13,3247.4,332,12,3247.3,221,12,3248.4,30,7,3248.8,172,1,3249.1,18,1,3249.2,37,2,3249.4,62,2
11536,2025-12-30 12:12:41+05:30,3247.7,2,3249.05,806994,108643.0,121188.0,3250.0,3257.0,3239.8,3251.5,43120525,3576.6,2926.4,4322.95,2866.6,3247.7,46,7,3247.6,64,7,3247.5,355,13,3247.4,332,12,3247.3,221,12,3248.4,30,7,3248.8,172,1,3249.1,18,1,3249.2,37,2,3249.4,62,2
11536,2025-12-30 12:12:42+05:30,3247.7,1,3249.05,807019,108645.0,121170.0,3250.0,3257.0,3239.8,3251.5,43120525,3576.6,2926.4,4322.95,2866.6,3247.7,31,6,3247.6,64,7,3247.5,392,15,3247.4,332,12,3247.3,213,11,3248.4,26,8,3248.8,172,1,3249.1,18,1,3249.2,37,2,3249.4,62,2
11536,2025-12-30 12:12:42+05:30,3247.7,2,3249.05,807019,108645.0,121170.0,3250.0,3257.0,3239.8,3251.5,43120525,3576.6,2926.4,4322.95,2866.6,3247.7,31,6,3247.6,64,7,3247.5,392,15,3247.4,332,12,3247.3,213,11,3248.4,26,8,3248.8,172,1,3249.1,18,1,3249.2,37,2,3249.4,62,2
11536,2025-12-30 12:12:43+05:30,3247.7,1,3249.05,807031,108666.0,122407.0,3250.0,3257.0,3239.8,3251.5,43120525,3576.6,2926.4,4322.95,2866.6,3247.7,27,5,3247.6,64,7,3247.5,392,15,3247.4,332,12,3247.3,221,12,3248.4,27,9,3248.8,172,1,3249.0,20,1,3249.1,18,1,3249.2,37,2
11536,2025-12-30 12:12:43+05:30,3247.7,1,3249.05,807031,108666.0,122407.0,3250.0,3257.0,3239.8,3251.5,43120525,3576.6,2926.4,4322.95,2866.6,3247.7,27,5,3247.6,64,7,3247.5,392,15,3247.4,332,12,3247.3,221,12,3248.4,27,9,3248.8,172,1,3249.0,20,1,3249.1,18,1,3249.2,37,2
11536,2025-12-30 12:12:44+05:30,3247.7,1,3249.05,807038,108635.0,122611.0,3250.0,3257.0,3239.8,3251.5,43120525,3576.6,2926.4,4322.95,2866.6,3247.7,1,1,3247.6,35,6,3247.5,270,12,3247.4,414,12,3247.3,221,12,3248.4,26,8,3248.6,18,1,3248.7,192,2,3249.1,7,1,3249.2,37,2
11536,2025-12-30 12:12:44+05:30,3247.7,2,3249.05,807038,108635.0,122611.0,3250.0,3257.0,3239.8,3251.5,43120525,3576.6,2926.4,4322.95,2866.6,3247.7,1,1,3247.6,35,6,3247.5,270,12,3247.4,414,12,3247.3,221,12,3248.4,26,8,3248.6,18,1,3248.7,192,2,3249.1,7,1,3249.2,37,2
11536,2025-12-30 12:12:45+05:30,3247.7,1,3249.05,807038,108635.0,122611.0,3250.0,3257.0,3239.8,3251.5,43120525,3576.6,2926.4,4322.95,2866.6,3247.7,1,1,3247.6,35,6,3247.5,270,12,3247.4,414,12,3247.3,221,12,3248.4,26,8,3248.6,18,1,3248.7,192,2,3249.1,7,1,3249.2,37,2
11536,2025-12-30 12:12:45+05:30,3247.7,1,3249.05,807047,108682.0,122602.0,3250.0,3257.0,3239.8,3251.5,43120525,3576.6,2926.4,4322.95,2866.6,3247.7,47,1,3247.6,46,8,3247.5,288,13,3247.4,441,14,3247.3,221,12,3248.4,24,7,3248.7,172,1,3249.0,18,1,3249.1,7,1,3249.2,37,2
11536,2025-12-30 12:12:46+05:30,3247.7,1,3249.05,807047,108682.0,122602.0,3250.0,3257.0,3239.8,3251.5,43120525,3576.6,2926.4,4322.95,2866.6,3247.7,47,1,3247.6,46,8,3247.5,288,13,3247.4,441,14,3247.3,221,12,3248.4,24,7,3248.7,172,1,3249.0,18,1,3249.1,7,1,3249.2,37,2
11536,2025-12-30 12:12:47+05:30,3247.7,34,3249.05,807132,108626.0,122240.0,3250.0,3257.0,3239.8,3251.5,43120525,3576.6,2926.4,4322.95,2866.6,3247.7,25,2,3247.6,40,7,3247.5,280,13,3247.4,421,13,3247.3,187,11,3248.4,19,6,3248.7,172,1,3249.0,18,1,3249.1,7,1,3249.2,37,2
11536,2025-12-30 12:12:47+05:30,3247.7,1,3249.05,807132,108626.0,122240.0,3250.0,3257.0,3239.8,3251.5,43120525,3576.6,2926.4,4322.95,2866.6,3247.7,25,2,3247.6,40,7,3247.5,280,13,3247.4,421,13,3247.3,187,11,3248.4,19,6,3248.7,172,1,3249.0,18,1,3249.1,7,1,3249.2,37,2
11536,2025-12-30 12:12:48+05:30,3247.7,1,3249.05,807135,108642.0,122200.0,3250.0,3257.0,3239.8,3251.5,43120525,3576.6,2926.4,4322.95,2866.6,3247.7,45,6,3247.6,33,6,3247.5,275,13,3247.4,421,13,3247.3,221,12,3248.4,22,6,3248.6,18,1,3248.7,172,1,3248.9,20,1,3249.1,7,1
11536,2025-12-30 12:12:48+05:30,3247.7,1,3249.05,807135,108642.0,122200.0,3250.0,3257.0,3239.8,3251.5,43120525,3576.6,2926.4,4322.95,2866.6,3247.7,45,6,3247.6,33,6,3247.5,275,13,3247.4,421,13,3247.3,221,12,3248.4,22,6,3248.6,18,1,3248.7,172,1,3248.9,20,1,3249.1,7,1
11536,2025-12-30 12:12:49+05:30,3247.8,26,3249.05,807165,108626.0,122546.0,3250.0,3257.0,3239.8,3251.5,43120525,3576.6,2926.4,4322.95,2866.6,3247.8,6,1,3247.7,48,6,3247.6,48,7,3247.5,289,13,3247.4,428,13,3248.4,18,4,3248.7,172,1,3248.8,18,1,3248.9,20,1,3249.1,7,1
11536,2025-12-30 12:12:49+05:30,3247.8,26,3249.05,807165,108626.0,122546.0,3250.0,3257.0,3239.8,3251.5,43120525,3576.6,2926.4,4322.95,2866.6,3247.8,6,1,3247.7,48,6,3247.6,48,7,3247.5,289,13,3247.4,428,13,3248.4,18,4,3248.7,172,1,3248.8,18,1,3248.9,20,1,3249.1,7,1
11536,2025-12-30 12:12:50+05:30,3247.8,26,3249.05,807165,108640.0,122773.0,3250.0,3257.0,3239.8,3251.5,43120525,3576.6,2926.4,4322.95,2866.6,3247.8,6,1,3247.7,48,6,3247.6,48,7,3247.5,289,13,3247.4,428,13,3248.4,20,6,3248.6,18,1,3248.7,192,2,3249.1,7,1,3249.2,37,2
11536,2025-12-30 12:12:50+05:30,3248.4,1,3249.05,807165,108640.0,122773.0,3250.0,3257.0,3239.8,3251.5,43120525,3576.6,2926.4,4322.95,2866.6,3247.8,6,1,3247.7,48,6,3247.6,48,7,3247.5,289,13,3247.4,428,13,3248.4,20,6,3248.6,18,1,3248.7,192,2,3249.1,7,1,3249.2,37,2
11536,2025-12-30 12:12:50+05:30,3248.1,1,3249.05,807180,108996.0,122714.0,3250.0,3257.0,3239.8,3251.5,43120525,3576.6,2926.4,4322.95,2866.6,3248.1,4,1,3247.7,41,5,3247.6,204,8,3247.5,195,8,3247.4,360,9,3248.4,18,6,3248.5,18,1,3248.6,20,1,3248.7,172,1,3249.1,7,1
11536,2025-12-30 12:12:51+05:30,3248.7,88,3249.05,807180,108996.0,122714.0,3250.0,3257.0,3239.8,3251.5,43120525,3576.6,2926.4,4322.95,2866.6,3248.1,4,1,3247.7,41,5,3247.6,204,8,3247.5,195,8,3247.4,360,9,3248.4,18,6,3248.5,18,1,3248.6,20,1,3248.7,172,1,3249.1,7,1
11536,2025-12-30 12:12:52+05:30,3248.7,88,3249.05,807343,109236.0,120570.0,3250.0,3257.0,3239.8,3251.5,43120525,3576.6,2926.4,4322.95,2866.6,3248.1,2,1,3248.0,21,1,3247.8,24,2,3247.7,133,6,3247.6,624,10,3249.0,84,1,3249.1,7,1,3249.2,37,2,3249.4,41,2,3249.5,27,2
11536,2025-12-30 12:12:52+05:30,3248.8,7,3249.05,807343,109236.0,120570.0,3250.0,3257.0,3239.8,3251.5,43120525,3576.6,2926.4,4322.95,2866.6,3248.1,2,1,3248.0,21,1,3247.8,24,2,3247.7,133,6,3247.6,624,10,3249.0,84,1,3249.1,7,1,3249.2,37,2,3249.4,41,2,3249.5,27,2
11536,2025-12-30 12:12:53+05:30,3248.8,7,3249.05,807410,109386.0,120695.0,3250.0,3257.0,3239.8,3251.5,43120525,3576.6,2926.4,4322.95,2866.6,3247.8,15,2,3247.7,41,5,3247.6,345,10,3247.5,340,15,3247.4,727,15,3248.8,77,1,3248.9,21,3,3249.0,8,2,3249.1,20,1,3249.2,3,1
11536,2025-12-30 12:12:53+05:30,3247.8,1,3249.05,807410,109386.0,120695.0,3250.0,3257.0,3239.8,3251.5,43120525,3576.6,2926.4,4322.95,2866.6,3247.8,15,2,3247.7,41,5,3247.6,345,10,3247.5,340,15,3247.4,727,15,3248.8,77,1,3248.9,21,3,3249.0,8,2,3249.1,20,1,3249.2,3,1
11536,2025-12-30 12:12:54+05:30,3247.8,1,3249.05,807411,109319.0,122139.0,3250.0,3257.0,3239.8,3251.5,43120525,3576.6,2926.4,4322.95,2866.6,3247.8,14,2,3247.7,41,5,3247.6,405,14,3247.5,332,13,3247.4,701,15,3248.8,97,4,3248.9,3,2,3249.0,8,2,3249.1,20,1,3249.2,3,1
11536,2025-12-30 12:12:54+05:30,3247.8,4,3249.05,807411,109319.0,122139.0,3250.0,3257.0,3239.8,3251.5,43120525,3576.6,2926.4,4322.95,2866.6,3247.8,14,2,3247.7,41,5,3247.6,405,14,3247.5,332,13,3247.4,701,15,3248.8,97,4,3248.9,3,2,3249.0,8,2,3249.1,20,1,3249.2,3,1
11536,2025-12-30 12:12:55+05:30,3247.8,4,3249.05,807560,108953.0,120529.0,3250.0,3257.0,3239.8,3251.5,43120525,3576.6,2926.4,4322.95,2866.6,3247.7,20,3,3247.6,202,8,3247.5,308,9,3247.4,329,14,3247.3,490,8,3248.8,202,7,3248.9,21,2,3249.0,3,1,3249.2,37,2,3249.4,34,1
11536,2025-12-30 12:12:55+05:30,3247.7,5,3249.05,807560,108953.0,120529.0,3250.0,3257.0,3239.8,3251.5,43120525,3576.6,2926.4,4322.95,2866.6,3247.7,20,3,3247.6,202,8,3247.5,308,9,3247.4,329,14,3247.3,490,8,3248.8,202,7,3248.9,21,2,3249.0,3,1,3249.2,37,2,3249.4,34,1
11536,2025-12-30 12:12:56+05:30,3247.7,5,3249.05,807601,109187.0,121679.0,3250.0,3257.0,3239.8,3251.5,43120525,3576.6,2926.4,4322.95,2866.6,3247.7,47,6,3247.6,306,10,3247.5,285,13,3247.4,371,16,3247.3,519,10,3248.8,201,10,3248.9,20,1,3249.2,37,2,3249.4,34,1,3249.5,3,1
11536,2025-12-30 12:12:56+05:30,3247.7,6,3249.05,807601,109187.0,121679.0,3250.0,3257.0,3239.8,3251.5,43120525,3576.6,2926.4,4322.95,2866.6,3247.7,47,6,3247.6,306,10,3247.5,285,13,3247.4,371,16,3247.3,519,10,3248.8,201,10,3248.9,20,1,3249.2,37,2,3249.4,34,1,3249.5,3,1
11536,2025-12-30 12:12:57+05:30,3247.7,10,3249.05,807717,109005.0,121685.0,3250.0,3257.0,3239.8,3251.5,43120525,3576.6,2926.4,4322.95,2866.6,3247.6,377,13,3247.5,242,11,3247.4,316,14,3247.3,609,13,3247.2,320,13,3248.8,203,11,3248.9,20,1,3249.2,37,2,3249.4,34,1,3249.5,30,2
11536,2025-12-30 12:12:57+05:30,3248.8,1,3249.05,807717,109005.0,121685.0,3250.0,3257.0,3239.8,3251.5,43120525,3576.6,2926.4,4322.95,2866.6,3247.6,377,13,3247.5,242,11,3247.4,316,14,3247.3,609,13,3247.2,320,13,3248.8,203,11,3248.9,20,1,3249.2,37,2,3249.4,34,1,3249.5,30,2
11536,2025-12-30 12:12:58+05:30,3248.8,1,3249.05,807761,108940.0,121560.0,3250.0,3257.0,3239.8,3251.5,43120525,3576.6,2926.4,4322.95,2866.6,3247.6,248,13,3247.5,284,13,3247.4,298,13,3247.3,241,13,3247.2,678,14,3248.8,193,11,3248.9,20,1,3249.2,37,2,3249.4,34,1,3249.5,30,2
11536,2025-12-30 12:12:58+05:30,3247.6,3,3249.05,807761,108940.0,121560.0,3250.0,3257.0,3239.8,3251.5,43120525,3576.6,2926.4,4322.95,2866.6,3247.6,248,13,3247.5,284,13,3247.4,298,13,3247.3,241,13,3247.2,678,14,3248.8,193,11,3248.9,20,1,3249.2,37,2,3249.4,34,1,3249.5,30,2
11536,2025-12-30 12:12:59+05:30,3247.6,31,3249.05,807809,108865.0,121840.0,3250.0,3257.0,3239.8,3251.5,43120525,3576.6,2926.4,4322.95,2866.6,3247.6,49,8,3247.5,290,13,3247.4,390,14,3247.3,259,14,3247.2,678,14,3248.8,241,12,3248.9,16,1,3249.0,20,1,3249.2,37,2,3249.4,59,2
11536,2025-12-30 12:12:59+05:30,3247.6,2,3249.05,807809,108865.0,121840.0,3250.0,3257.0,3239.8,3251.5,43120525,3576.6,2926.4,4322.95,2866.6,3247.6,49,8,3247.5,290,13,3247.4,390,14,3247.3,259,14,3247.2,678,14,3248.8,241,12,3248.9,16,1,3249.0,20,1,3249.2,37,2,3249.4,59,2
11536,2025-12-30 12:13:00+05:30,3247.6,17,3249.05,807846,108675.0,121736.0,3250.0,3257.0,3239.8,3251.5,43120525,3576.6,2926.4,4322.95,2866.6,3247.6,18,6,3247.5,256,12,3247.4,243,10,3247.3,305,13,3247.2,302,11,3248.6,20,3,3248.7,21,2,3248.8,200,8,3248.9,50,2,3249.0,20,1
11536,2025-12-30 12:13:00+05:30,3247.6,4,3249.05,807846,108675.0,121736.0,3250.0,3257.0,3239.8,3251.5,43120525,3576.6,2926.4,4322.95,2866.6,3247.6,18,6,3247.5,256,12,3247.4,243,10,3247.3,305,13,3247.2,302,11,3248.6,20,3,3248.7,21,2,3248.8,200,8,3248.9,50,2,3249.0,20,1
11536,2025-12-30 12:13:01+05:30,3247.6,4,3249.05,807859,108841.0,121654.0,3250.0,3257.0,3239.8,3251.5,43120525,3576.6,2926.4,4322.95,2866.6,3247.6,67,9,3247.5,263,12,3247.4,335,11,3247.3,280,16,3247.2,335,13,3248.6,5,5,3248.7,21,2,3248.8,197,5,3248.9,34,1,3249.1,20,1
11536,2025-12-30 12:13:01+05:30,3247.6,2,3249.05,807859,108841.0,121654.0,3250.0,3257.0,3239.8,3251.5,43120525,3576.6,2926.4,4322.95,2866.6,3247.6,67,9,3247.5,263,12,3247.4,335,11,3247.3,280,16,3247.2,335,13,3248.6,5,5,3248.7,21,2,3248.8,197,5,3248.9,34,1,3249.1,20,1
11536,2025-12-30 12:13:02+05:30,3247.6,2,3249.05,808020,108537.0,122074.0,3250.0,3257.0,3239.8,3251.5,43120525,3576.6,2926.4,4322.95,2866.6,3247.6,14,1,3247.5,187,8,3247.4,398,10,3247.3,281,14,3247.2,333,13,3248.6,21,8,3248.7,40,2,3248.8,195,3,3248.9,34,1,3249.2,59,3
11536,2025-12-30 12:13:02+05:30,3248.6,5,3249.05,808020,108537.0,122074.0,3250.0,3257.0,3239.8,3251.5,43120525,3576.6,2926.4,4322.95,2866.6,3247.6,14,1,3247.5,187,8,3247.4,398,10,3247.3,281,14,3247.2,333,13,3248.6,21,8,3248.7,40,2,3248.8,195,3,3248.9,34,1,3249.2,59,3
11536,2025-12-30 12:13:03+05:30,3248.6,5,3249.05,808043,108883.0,120805.0,3250.0,3257.0,3239.8,3251.5,43120525,3576.6,2926.4,4322.95,2866.6,3247.8,21,1,3247.7,176,12,3247.6,288,8,3247.5,307,10,3247.4,314,10,3248.6,32,13,3248.8,194,2,3249.1,20,1,3249.2,59,3,3249.3,47,2
11536,2025-12-30 12:13:03+05:30,3247.8,4,3249.05,808043,108883.0,120805.0,3250.0,3257.0,3239.8,3251.5,43120525,3576.6,2926.4,4322.95,2866.6,3247.8,21,1,3247.7,176,12,3247.6,288,8,3247.5,307,10,3247.4,314,10,3248.6,32,13,3248.8,194,2,3249.1,20,1,3249.2,59,3,3249.3,47,2
11536,2025-12-30 12:13:04+05:30,3247.8,4,3249.05,808053,108673.0,122040.0,3250.0,3257.0,3239.8,3251.5,43120525,3576.6,2926.4,4322.95,2866.6,3247.8,11,1,3247.7,160,10,3247.6,50,5,3247.5,238,11,3247.4,437,13,3248.6,33,14,3248.8,194,2,3248.9,20,1,3249.0,21,1,3249.1,9,1
11536,2025-12-30 12:13:04+05:30,3247.7,1,3249.05,808053,108673.0,122040.0,3250.0,3257.0,3239.8,3251.5,43120525,3576.6,2926.4,4322.95,2866.6,3247.8,11,1,3247.7,160,10,3247.6,50,5,3247.5,238,11,3247.4,437,13,3248.6,33,14,3248.8,194,2,3248.9,20,1,3249.0,21,1,3249.1,9,1
11536,2025-12-30 12:13:05+05:30,3248.2,11,3249.05,808150,108899.0,122351.0,3250.0,3257.0,3239.8,3251.5,43120525,3576.6,2926.4,4322.95,2866.6,3248.2,14,1,3248.0,10,1,3247.6,39,3,3247.5,226,9,3247.4,340,9,3248.6,31,17,3248.8,214,3,3248.9,53,2,3249.1,21,1,3249.2,45,3
11536,2025-12-30 12:13:05+05:30,3248.2,14,3249.05,808150,108899.0,122351.0,3250.0,3257.0,3239.8,3251.5,43120525,3576.6,2926.4,4322.95,2866.6,3248.2,14,1,3248.0,10,1,3247.6,39,3,3247.5,226,9,3247.4,340,9,3248.6,31,17,3248.8,214,3,3248.9,53,2,3249.1,21,1,3249.2,45,3
11536,2025-12-30 12:13:06+05:30,3247.7,1,3249.05,808198,108682.0,122953.0,3250.0,3257.0,3239.8,3251.5,43120525,3576.6,2926.4,4322.95,2866.6,3247.7,11,2,3247.6,53,4,3247.5,187,8,3247.4,149,8,3247.3,273,10,3248.1,5,4,3248.6,20,10,3248.8,194,2,3248.9,52,2,3249.0,21,1
11536,2025-12-30 12:13:06+05:30,3247.6,1,3249.05,808198,108682.0,122953.0,3250.0,3257.0,3239.8,3251.5,43120525,3576.6,2926.4,4322.95,2866.6,3247.7,11,2,3247.6,53,4,3247.5,187,8,3247.4,149,8,3247.3,273,10,3248.1,5,4,3248.6,20,10,3248.8,194,2,3248.9,52,2,3249.0,21,1
11536,2025-12-30 12:13:07+05:30,3247.7,1,3249.05,808318,108834.0,123110.0,3250.0,3257.0,3239.8,3251.5,43120525,3576.6,2926.4,4322.95,2866.6,3247.7,189,13,3247.6,33,4,3247.5,64,6,3247.4,293,14,3247.3,181,9,3248.1,9,8,3248.6,12,5,3248.8,194,2,3249.1,21,1,3249.2,37,2
11536,2025-12-30 12:13:07+05:30,3248.1,1,3249.05,808318,108834.0,123110.0,3250.0,3257.0,3239.8,3251.5,43120525,3576.6,2926.4,4322.95,2866.6,3247.7,189,13,3247.6,33,4,3247.5,64,6,3247.4,293,14,3247.3,181,9,3248.1,9,8,3248.6,12,5,3248.8,194,2,3249.1,21,1,3249.2,37,2
11536,2025-12-30 12:13:08+05:30,3247.7,8,3249.05,808358,108855.0,123147.0,3250.0,3257.0,3239.8,3251.5,43120525,3576.6,2926.4,4322.95,2866.6,3247.7,45,5,3247.6,64,5,3247.5,65,7,3247.4,301,12,3247.3,218,11,3248.1,24,12,3248.8,194,2,3249.1,21,1,3249.2,37,2,3249.3,51,2
11536,2025-12-30 12:13:08+05:30,3247.7,8,3249.05,808358,108855.0,123147.0,3250.0,3257.0,3239.8,3251.5,43120525,3576.6,2926.4,4322.95,2866.6,3247.7,45,5,3247.6,64,5,3247.5,65,7,3247.4,301,12,3247.3,218,11,3248.1,24,12,3248.8,194,2,3249.1,21,1,3249.2,37,2,3249.3,51,2
11536,2025-12-30 12:13:09+05:30,3247.6,13,3249.05,808434,108410.0,122929.0,3250.0,3257.0,3239.8,3251.5,43120525,3576.6,2926.4,4322.95,2866.6,3247.6,33,3,3247.5,64,6,3247.4,142,7,3247.3,115,7,3247.2,159,8,3247.7,2,2,3248.1,47,11,3248.8,162,1,3249.0,2,1,3249.1,21,1
11536,2025-12-30 12:13:09+05:30,3247.6,1,3249.05,808434,108410.0,122929.0,3250.0,3257.0,3239.8,3251.5,43120525,3576.6,2926.4,4322.95,2866.6,3247.6,33,3,3247.5,64,6,3247.4,142,7,3247.3,115,7,3247.2,159,8,3247.7,2,2,3248.1,47,11,3248.8,162,1,3249.0,2,1,3249.1,21,1
11536,2025-12-30 12:13:10+05:30,3247.5,1,3249.05,808478,108079.0,123185.0,3250.0,3257.0,3239.8,3251.5,43120525,3576.6,2926.4,4322.95,2866.6,3247.5,67,5,3247.4,137,7,3247.3,30,4,3247.2,127,11,3247.1,177,8,3247.6,1,1,3247.7,9,6,3248.1,38,5,3248.8,162,1,3249.0,2,1
11536,2025-12-30 12:13:10+05:30,3247.5,3,3249.05,808478,108079.0,123185.0,3250.0,3257.0,3239.8,3251.5,43120525,3576.6,2926.4,4322.95,2866.6,3247.5,67,5,3247.4,137,7,3247.3,30,4,3247.2,127,11,3247.1,177,8,3247.6,1,1,3247.7,9,6,3248.1,38,5,3248.8,162,1,3249.0,2,1
11536,2025-12-30 12:13:11+05:30,3247.5,23,3249.05,808555,107968.0,123217.0,3250.0,3257.0,3239.8,3251.5,43120525,3576.6,2926.4,4322.95,2866.6,3247.5,38,6,3247.4,89,4,3247.3,42,8,3247.2,55,5,3247.1,124,10,3247.6,5,3,3247.7,7,5,3248.1,32,1,3248.7,162,1,3248.9,51,2
11536,2025-12-30 12:13:11+05:30,3247.5,1,3249.05,808555,107968.0,123217.0,3250.0,3257.0,3239.8,3251.5,43120525,3576.6,2926.4,4322.95,2866.6,3247.5,38,6,3247.4,89,4,3247.3,42,8,3247.2,55,5,3247.1,124,10,3247.6,5,3,3247.7,7,5,3248.1,32,1,3248.7,162,1,3248.9,51,2
11536,2025-12-30 12:13:12+05:30,3247.5,11,3249.05,808594,108003.0,123214.0,3250.0,3257.0,3239.8,3251.5,43120525,3576.6,2926.4,4322.95,2866.6,3247.5,14,5,3247.4,89,4,3247.3,36,6,3247.2,36,5,3247.1,170,7,3247.6,7,6,3248.1,32,1,3248.7,162,1,3248.9,51,2,3249.0,30,2
11536,2025-12-30 12:13:12+05:30,3247.6,1,3249.05,808594,108003.0,123214.0,3250.0,3257.0,3239.8,3251.5,43120525,3576.6,2926.4,4322.95,2866.6,3247.5,14,5,3247.4,89,4,3247.3,36,6,3247.2,36,5,3247.1,170,7,3247.6,7,6,3248.1,32,1,3248.7,162,1,3248.9,51,2,3249.0,30,2
11536,2025-12-30 12:13:13+05:30,3247.5,1,3249.05,808606,107983.0,123217.0,3250.0,3257.0,3239.8,3251.5,43120525,3576.6,2926.4,4322.95,2866.6,3247.5,8,3,3247.4,90,5,3247.3,63,9,3247.2,56,5,3247.1,230,11,3247.6,9,8,3248.1,32,1,3248.7,162,1,3248.9,51,2,3249.0,30,2
11536,2025-12-30 12:13:13+05:30,3247.5,1,3249.05,808606,107983.0,123217.0,3250.0,3257.0,3239.8,3251.5,43120525,3576.6,2926.4,4322.95,2866.6,3247.5,8,3,3247.4,90,5,3247.3,63,9,3247.2,56,5,3247.1,230,11,3247.6,9,8,3248.1,32,1,3248.7,162,1,3248.9,51,2,3249.0,30,2
11536,2025-12-30 12:13:14+05:30,3247.5,2,3249.05,808631,107992.0,123213.0,3250.0,3257.0,3239.8,3251.5,43120525,3576.6,2926.4,4322.95,2866.6,3247.5,25,5,3247.4,123,6,3247.3,53,6,3247.2,153,7,3247.1,140,10,3247.6,4,4,3248.1,32,1,3248.8,162,1,3248.9,51,2,3249.0,30,2
11536,2025-12-30 12:13:14+05:30,3247.5,2,3249.05,808631,107992.0,123213.0,3250.0,3257.0,3239.8,3251.5,43120525,3576.6,2926.4,4322.95,2866.6,3247.5,25,5,3247.4,123,6,3247.3,53,6,3247.2,153,7,3247.1,140,10,3247.6,4,4,3248.1,32,1,3248.8,162,1,3248.9,51,2,3249.0,30,2
11536,2025-12-30 12:13:15+05:30,3247.5,3,3249.05,808651,108013.0,123214.0,3250.0,3257.0,3239.8,3251.5,43120525,3576.6,2926.4,4322.95,2866.6,3247.5,22,6,3247.4,122,5,3247.3,49,5,3247.2,156,8,3247.1,80,6,3247.6,5,5,3248.1,32,1,3248.8,162,1,3248.9,51,2,3249.0,30,2
11536,2025-12-30 12:13:15+05:30,3247.5,3,3249.05,808651,108013.0,123214.0,3250.0,3257.0,3239.8,3251.5,43120525,3576.6,2926.4,4322.95,2866.6,3247.5,22,6,3247.4,122,5,3247.3,49,5,3247.2,156,8,3247.1,80,6,3247.6,5,5,3248.1,32,1,3248.8,162,1,3248.9,51,2,3249.0,30,2
11536,2025-12-30 12:13:16+05:30,3247.5,1,3249.05,808661,108085.0,123214.0,3250.0,3257.0,3239.8,3251.5,43120525,3576.6,2926.4,4322.95,2866.6,3247.5,63,6,3247.4,108,5,3247.3,70,6,3247.2,153,7,3247.1,59,5,3247.6,7,7,3248.1,32,1,3248.8,162,1,3248.9,51,2,3249.0,30,2
11536,2025-12-30 12:13:16+05:30,3247.6,2,3249.05,808661,108085.0,123214.0,3250.0,3257.0,3239.8,3251.5,43120525,3576.6,2926.4,4322.95,2866.6,3247.5,63,6,3247.4,108,5,3247.3,70,6,3247.2,153,7,3247.1,59,5,3247.6,7,7,3248.1,32,1,3248.8,162,1,3248.9,51,2,3249.0,30,2
11536,2025-12-30 12:13:17+05:30,3247.6,78,3249.05,808761,108255.0,123184.0,3250.0,3257.0,3239.8,3251.5,43120525,3576.6,2926.4,4322.95,2866.6,3247.6,22,1,3247.5,16,3,3247.4,87,3,3247.3,49,5,3247.2,279,9,3248.1,38,4,3248.6,19,1,3248.7,21,1,3248.8,162,1,3248.9,51,2
11536,2025-12-30 12:13:17+05:30,3247.6,78,3249.05,808761,108255.0,123184.0,3250.0,3257.0,3239.8,3251.5,43120525,3576.6,2926.4,4322.95,2866.6,3247.6,22,1,3247.5,16,3,3247.4,87,3,3247.3,49,5,3247.2,279,9,3248.1,38,4,3248.6,19,1,3248.7,21,1,3248.8,162,1,3248.9,51,2
11536,2025-12-30 12:13:18+05:30,3248.1,8,3249.05,808769,108255.0,123178.0,3250.0,3257.0,3239.8,3251.5,43120525,3576.6,2926.4,4322.95,2866.6,3247.6,22,1,3247.5,16,3,3247.4,87,3,3247.3,49,5,3247.2,279,9,3248.1,32,6,3248.6,19,1,3248.7,21,1,3248.8,162,1,3248.9,51,2
11536,2025-12-30 12:13:18+05:30,3247.8,7,3249.05,808769,108255.0,123178.0,3250.0,3257.0,3239.8,3251.5,43120525,3576.6,2926.4,4322.95,2866.6,3247.6,22,1,3247.5,16,3,3247.4,87,3,3247.3,49,5,3247.2,279,9,3248.1,32,6,3248.6,19,1,3248.7,21,1,3248.8,162,1,3248.9,51,2
11536,2025-12-30 12:13:19+05:30,3247.8,6,3249.05,808799,108266.0,123155.0,3250.0,3257.0,3239.8,3251.5,43120525,3576.6,2926.4,4322.95,2866.6,3247.8,18,2,3247.6,2,1,3247.5,16,3,3247.4,112,5,3247.3,49,5,3248.1,31,7,3248.5,21,1,3248.6,19,1,3248.8,162,1,3248.9,51,2
11536,2025-12-30 12:13:19+05:30,3247.8,6,3249.05,808799,108266.0,123155.0,3250.0,3257.0,3239.8,3251.5,43120525,3576.6,2926.4,4322.95,2866.6,3247.8,18,2,3247.6,2,1,3247.5,16,3,3247.4,112,5,3247.3,49,5,3248.1,31,7,3248.5,21,1,3248.6,19,1,3248.8,162,1,3248.9,51,2
11536,2025-12-30 12:13:20+05:30,3247.8,2,3249.05,808817,108097.0,123155.0,3250.0,3257.0,3239.8,3251.5,43120525,3576.6,2926.4,4322.95,2866.6,3247.8,24,2,3247.7,7,1,3247.6,2,1,3247.5,11,2,3247.4,119,6,3248.1,31,8,3248.5,21,1,3248.6,19,1,3248.8,162,1,3248.9,51,2
11536,2025-12-30 12:13:20+05:30,3247.8,2,3249.05,808817,108097.0,123155.0,3250.0,3257.0,3239.8,3251.5,43120525,3576.6,2926.4,4322.95,2866.6,3247.8,24,2,3247.7,7,1,3247.6,2,1,3247.5,11,2,3247.4,119,6,3248.1,31,8,3248.5,21,1,3248.6,19,1,3248.8,162,1,3248.9,51,2
11536,2025-12-30 12:13:21+05:30,3248.0,7,3249.05,808832,108279.0,123163.0,3250.0,3257.0,3239.8,3251.5,43120525,3576.6,2926.4,4322.95,2866.6,3248.0,7,1,3247.8,2,1,3247.6,2,1,3247.5,11,2,3247.4,298,7,3248.1,30,7,3248.5,21,1,3248.7,19,1,3248.8,162,1,3248.9,51,2
11536,2025-12-30 12:13:21+05:30,3248.0,7,3249.05,808832,108279.0,123163.0,3250.0,3257.0,3239.8,3251.5,43120525,3576.6,2926.4,4322.95,2866.6,3248.0,7,1,3247.8,2,1,3247.6,2,1,3247.5,11,2,3247.4,298,7,3248.1,30,7,3248.5,21,1,3248.7,19,1,3248.8,162,1,3248.9,51,2
11536,2025-12-30 12:13:22+05:30,3248.0,1,3249.05,808844,108277.0,123151.0,3250.0,3257.0,3239.8,3251.5,43120525,3576.6,2926.4,4322.95,2866.6,3248.0,5,1,3247.8,2,1,3247.6,2,1,3247.5,11,2,3247.4,298,7,3248.1,20,7,3248.5,21,1,3248.7,19,1,3248.8,162,1,3248.9,51,2
11536,2025-12-30 12:13:22+05:30,3248.0,3,3249.05,808844,108277.0,123151.0,3250.0,3257.0,3239.8,3251.5,43120525,3576.6,2926.4,4322.95,2866.6,3248.0,5,1,3247.8,2,1,3247.6,2,1,3247.5,11,2,3247.4,298,7,3248.1,20,7,3248.5,21,1,3248.7,19,1,3248.8,162,1,3248.9,51,2
11536,2025-12-30 12:13:23+05:30,3247.9,1,3249.05,808904,108181.0,123201.0,3250.0,3257.0,3239.8,3251.5,43120525,3576.6,2926.4,4322.95,2866.6,3247.8,2,1,3247.6,2,1,3247.5,6,1,3247.4,273,5,3247.3,28,4,3247.9,2,1,3248.0,19,1,3248.1,18,5,3248.3,21,1,3248.6,21,1
11536,2025-12-30 12:13:23+05:30,3247.9,1,3249.05,808904,108181.0,123201.0,3250.0,3257.0,3239.8,3251.5,43120525,3576.6,2926.4,4322.95,2866.6,3247.8,2,1,3247.6,2,1,3247.5,6,1,3247.4,273,5,3247.3,28,4,3247.9,2,1,3248.0,19,1,3248.1,18,5,3248.3,21,1,3248.6,21,1
11536,2025-12-30 12:13:24+05:30,3247.9,3,3249.05,808904,108181.0,123201.0,3250.0,3257.0,3239.8,3251.5,43120525,3576.6,2926.4,4322.95,2866.6,3247.9,1,1,3247.8,2,1,3247.6,2,1,3247.5,6,1,3247.4,87,3,3248.1,20,7,3248.3,21,1,3248.5,19,1,3248.8,169,2,3248.9,53,2
11536,2025-12-30 12:13:24+05:30,3247.9,3,3249.05,808933,108288.0,123186.0,3250.0,3257.0,3239.8,3251.5,43120525,3576.6,2926.4,4322.95,2866.6,3247.9,1,1,3247.8,2,1,3247.6,2,1,3247.5,6,1,3247.4,87,3,3248.1,20,7,3248.3,21,1,3248.5,19,1,3248.8,169,2,3248.9,53,2
11536,2025-12-30 12:13:25+05:30,3247.9,2,3249.05,808933,108288.0,123186.0,3250.0,3257.0,3239.8,3251.5,43120525,3576.6,2926.4,4322.95,2866.6,3247.9,12,2,3247.8,2,1,3247.6,2,1,3247.5,6,1,3247.4,91,4,3248.1,9,7,3248.5,19,1,3248.7,7,1,3248.8,183,2,3248.9,53,2
11536,2025-12-30 12:13:25+05:30,3247.9,2,3249.05,808948,108376.0,123179.0,3250.0,3257.0,3239.8,3251.5,43120525,3576.6,2926.4,4322.95,2866.6,3247.9,12,2,3247.8,2,1,3247.6,2,1,3247.5,6,1,3247.4,91,4,3248.1,9,7,3248.5,19,1,3248.7,7,1,3248.8,183,2,3248.9,53,2
11536,2025-12-30 12:13:26+05:30,3247.9,5,3249.05,808948,108376.0,123179.0,3250.0,3257.0,3239.8,3251.5,43120525,3576.6,2926.4,4322.95,2866.6,3247.9,12,2,3247.8,2,1,3247.6,2,1,3247.5,6,1,3247.4,91,4,3248.1,9,7,3248.5,19,1,3248.7,7,1,3248.8,183,2,3248.9,53,2
11536,2025-12-30 12:13:26+05:30,3247.9,2,3249.05,808965,108323.0,123173.0,3250.0,3257.0,3239.8,3251.5,43120525,3576.6,2926.4,4322.95,2866.6,3247.8,6,2,3247.6,2,1,3247.5,6,1,3247.4,94,4,3247.3,24,3,3247.9,6,1,3248.1,7,7,3248.7,21,1,3248.8,181,2,3248.9,53,2
11536,2025-12-30 12:13:27+05:30,3247.8,1,3249.05,808965,108323.0,123173.0,3250.0,3257.0,3239.8,3251.5,43120525,3576.6,2926.4,4322.95,2866.6,3247.8,6,2,3247.6,2,1,3247.5,6,1,3247.4,94,4,3247.3,24,3,3247.9,6,1,3248.1,7,7,3248.7,21,1,3248.8,181,2,3248.9,53,2
11536,2025-12-30 12:13:27+05:30,3247.8,1,3249.05,808974,108434.0,123175.0,3250.0,3257.0,3239.8,3251.5,43120525,3576.6,2926.4,4322.95,2866.6,3247.8,8,1,3247.6,9,2,3247.5,10,2,3247.4,94,4,3247.3,56,4,3247.9,9,4,3248.1,4,4,3248.7,21,1,3248.8,181,2,3248.9,53,2
11536,2025-12-30 12:13:28+05:30,3247.8,1,3249.05,808974,108434.0,123175.0,3250.0,3257.0,3239.8,3251.5,43120525,3576.6,2926.4,4322.95,2866.6,3247.8,8,1,3247.6,9,2,3247.5,10,2,3247.4,94,4,3247.3,56,4,3247.9,9,4,3248.1,4,4,3248.7,21,1,3248.8,181,2,3248.9,53,2
11536,2025-12-30 12:13:28+05:30,3247.8,1,3249.05,808981,108440.0,123157.0,3250.0,3257.0,3239.8,3251.5,43120525,3576.6,2926.4,4322.95,2866.6,3247.6,10,3,3247.5,32,4,3247.4,114,5,3247.3,84,6,3247.2,236,9,3247.7,1,1,3247.8,6,1,3247.9,6,6,3248.1,1,1,3248.7,21,1
11536,2025-12-30 12:13:29+05:30,3247.6,3,3249.05,808981,108440.0,123157.0,3250.0,3257.0,3239.8,3251.5,43120525,3576.6,2926.4,4322.95,2866.6,3247.6,10,3,3247.5,32,4,3247.4,114,5,3247.3,84,6,3247.2,236,9,3247.7,1,1,3247.8,6,1,3247.9,6,6,3248.1,1,1,3248.7,21,1
11536,2025-12-30 12:13:30+05:30,3247.6,2,3249.05,808990,108320.0,123253.0,3250.0,3257.0,3239.8,3251.5,43120525,3576.6,2926.4,4322.95,2866.6,3247.6,52,5,3247.5,32,4,3247.4,114,5,3247.3,65,5,3247.2,54,8,3247.7,3,3,3247.8,6,1,3247.9,3,3,3248.7,21,1,3248.8,162,1
11536,2025-12-30 12:13:30+05:30,3247.7,1,3249.05,808990,108320.0,123253.0,3250.0,3257.0,3239.8,3251.5,43120525,3576.6,2926.4,4322.95,2866.6,3247.6,52,5,3247.5,32,4,3247.4,114,5,3247.3,65,5,3247.2,54,8,3247.7,3,3,3247.8,6,1,3247.9,3,3,3248.7,21,1,3248.8,162,1
11536,2025-12-30 12:13:31+05:30,3247.6,18,3249.05,809087,108375.0,123251.0,3250.0,3257.0,3239.8,3251.5,43120525,3576.6,2926.4,4322.95,2866.6,3247.6,37,4,3247.5,10,2,3247.4,114,6,3247.3,86,6,3247.2,326,12,3247.9,1,1,3248.6,19,1,3248.7,183,2,3248.9,53,2,3249.0,12,3
11536,2025-12-30 12:13:31+05:30,3247.9,1,3249.05,809087,108375.0,123251.0,3250.0,3257.0,3239.8,3251.5,43120525,3576.6,2926.4,4322.95,2866.6,3247.6,37,4,3247.5,10,2,3247.4,114,6,3247.3,86,6,3247.2,326,12,3247.9,1,1,3248.6,19,1,3248.7,183,2,3248.9,53,2,3249.0,12,3
11536,2025-12-30 12:13:32+05:30,3247.9,1,3249.05,809088,108762.0,123259.0,3250.0,3257.0,3239.8,3251.5,43120525,3576.6,2926.4,4322.95,2866.6,3247.7,1,1,3247.6,193,5,3247.5,10,2,3247.4,299,7,3247.3,197,8,3247.9,8,5,3248.6,22,1,3248.7,162,1,3248.8,19,1,3248.9,53,2
11536,2025-12-30 12:13:33+05:30,3247.7,4,3249.05,809093,108314.0,123260.0,3250.0,3257.0,3239.8,3251.5,43120525,3576.6,2926.4,4322.95,2866.6,3247.6,31,3,3247.5,14,3,3247.4,113,5,3247.3,86,6,3247.2,76,9,3247.7,3,1,3247.9,5,4,3248.6,22,1,3248.7,162,1,3248.8,19,1
11536,2025-12-30 12:13:33+05:30,3247.7,1,3249.05,809093,108314.0,123260.0,3250.0,3257.0,3239.8,3251.5,43120525,3576.6,2926.4,4322.95,2866.6,3247.6,31,3,3247.5,14,3,3247.4,113,5,3247.3,86,6,3247.2,76,9,3247.7,3,1,3247.9,5,4,3248.6,22,1,3248.7,162,1,3248.8,19,1
11536,2025-12-30 12:13:34+05:30,3247.6,14,3249.05,809111,108288.0,123258.0,3250.0,3257.0,3239.8,3251.5,43120525,3576.6,2926.4,4322.95,2866.6,3247.6,21,5,3247.5,14,3,3247.4,114,5,3247.3,86,6,3247.2,76,9,3247.7,5,4,3247.9,1,1,3248.6,22,1,3248.7,162,1,3248.8,19,1
11536,2025-12-30 12:13:34+05:30,3247.7,2,3249.05,809111,108288.0,123258.0,3250.0,3257.0,3239.8,3251.5,43120525,3576.6,2926.4,4322.95,2866.6,3247.6,21,5,3247.5,14,3,3247.4,114,5,3247.3,86,6,3247.2,76,9,3247.7,5,4,3247.9,1,1,3248.6,22,1,3248.7,162,1,3248.8,19,1
11536,2025-12-30 12:13:35+05:30,3247.7,1,3249.05,809146,108181.0,123254.0,3250.0,3257.0,3239.8,3251.5,43120525,3576.6,2926.4,4322.95,2866.6,3247.6,7,4,3247.5,13,2,3247.4,87,3,3247.3,43,4,3247.2,53,8,3247.7,2,2,3248.4,22,1,3248.5,19,1,3248.7,162,1,3248.9,53,2
11536,2025-12-30 12:13:35+05:30,3247.7,1,3249.05,809146,108181.0,123254.0,3250.0,3257.0,3239.8,3251.5,43120525,3576.6,2926.4,4322.95,2866.6,3247.6,7,4,3247.5,13,2,3247.4,87,3,3247.3,43,4,3247.2,53,8,3247.7,2,2,3248.4,22,1,3248.5,19,1,3248.7,162,1,3248.9,53,2
11536,2025-12-30 12:13:36+05:30,3247.7,1,3249.05,809146,108159.0,123287.0,3250.0,3257.0,3239.8,3251.5,43120525,3576.6,2926.4,4322.95,2866.6,3247.6,7,4,3247.5,13,2,3247.4,87,3,3247.3,44,5,3247.2,34,8,3247.7,35,5,3248.3,19,1,3248.4,22,1,3248.7,162,1,3248.9,53,2
11536,2025-12-30 12:13:36+05:30,3247.7,28,3249.05,809146,108159.0,123287.0,3250.0,3257.0,3239.8,3251.5,43120525,3576.6,2926.4,4322.95,2866.6,3247.6,7,4,3247.5,13,2,3247.4,87,3,3247.3,44,5,3247.2,34,8,3247.7,35,5,3248.3,19,1,3248.4,22,1,3248.7,162,1,3248.9,53,2
11536,2025-12-30 12:13:37+05:30,3247.6,1,3249.05,809205,107831.0,123348.0,3250.0,3257.0,3239.8,3251.5,43120525,3576.6,2926.4,4322.95,2866.6,3247.5,6,1,3247.4,87,3,3247.3,3,3,3247.2,27,7,3247.1,49,6,3247.6,9,2,3247.7,7,5,3248.3,19,1,3248.4,22,1,3248.7,162,1
11536,2025-12-30 12:13:37+05:30,3247.5,2,3249.05,809205,107831.0,123348.0,3250.0,3257.0,3239.8,3251.5,43120525,3576.6,2926.4,4322.95,2866.6,3247.5,6,1,3247.4,87,3,3247.3,3,3,3247.2,27,7,3247.1,49,6,3247.6,9,2,3247.7,7,5,3248.3,19,1,3248.4,22,1,3248.7,162,1
11536,2025-12-30 12:13:38+05:30,3247.5,2,3249.05,809209,107649.0,123525.0,3250.0,3257.0,3239.8,3251.5,43120525,3576.6,2926.4,4322.95,2866.6,3247.5,2,1,3247.4,87,3,3247.3,3,3,3247.2,27,7,3247.1,59,7,3247.6,13,5,3247.7,5,3,3248.3,19,1,3248.4,22,1,3248.7,162,1
11536,2025-12-30 12:13:38+05:30,3247.5,1,3249.05,809209,107649.0,123525.0,3250.0,3257.0,3239.8,3251.5,43120525,3576.6,2926.4,4322.95,2866.6,3247.5,2,1,3247.4,87,3,3247.3,3,3,3247.2,27,7,3247.1,59,7,3247.6,13,5,3247.7,5,3,3248.3,19,1,3248.4,22,1,3248.7,162,1
11536,2025-12-30 12:13:39+05:30,3247.5,5,3249.05,809302,107541.0,123366.0,3250.0,3257.0,3239.8,3251.5,43120525,3576.6,2926.4,4322.95,2866.6,3247.5,3,1,3247.4,100,5,3247.3,6,4,3247.2,234,10,3247.1,162,7,3247.7,9,4,3248.3,19,1,3248.4,22,1,3248.7,162,1,3248.8,6,1
11536,2025-12-30 12:13:39+05:30,3247.7,2,3249.05,809302,107541.0,123366.0,3250.0,3257.0,3239.8,3251.5,43120525,3576.6,2926.4,4322.95,2866.6,3247.5,3,1,3247.4,100,5,3247.3,6,4,3247.2,234,10,3247.1,162,7,3247.7,9,4,3248.3,19,1,3248.4,22,1,3248.7,162,1,3248.8,6,1
11536,2025-12-30 12:13:40+05:30,3247.7,1,3249.05,809329,107282.0,123348.0,3250.0,3257.0,3239.8,3251.5,43120525,3576.6,2926.4,4322.95,2866.6,3247.5,2,1,3247.4,149,8,3247.3,22,3,3247.2,175,9,3247.1,139,11,3247.7,6,4,3248.6,28,2,3248.8,168,2,3248.9,68,3,3249.0,33,5
11536,2025-12-30 12:13:40+05:30,3247.7,1,3249.05,809329,107282.0,123348.0,3250.0,3257.0,3239.8,3251.5,43120525,3576.6,2926.4,4322.95,2866.6,3247.5,2,1,3247.4,149,8,3247.3,22,3,3247.2,175,9,3247.1,139,11,3247.7,6,4,3248.6,28,2,3248.8,168,2,3248.9,68,3,3249.0,33,5
11536,2025-12-30 12:13:41+05:30,3247.4,6,3249.05,809343,104006.0,123902.0,3250.0,3257.0,3239.8,3251.5,43120525,3576.6,2926.4,4322.95,2866.6,3247.4,88,5,3247.3,7,5,3247.2,8,3,3247.1,20,2,3247.0,25,3,3247.5,1,1,3247.7,4,3,3248.0,32,1,3248.1,20,1,3248.2,21,1
11536,2025-12-30 12:13:41+05:30,3247.5,1,3249.05,809343,104006.0,123902.0,3250.0,3257.0,3239.8,3251.5,43120525,3576.6,2926.4,4322.95,2866.6,3247.4,88,5,3247.3,7,5,3247.2,8,3,3247.1,20,2,3247.0,25,3,3247.5,1,1,3247.7,4,3,3248.0,32,1,3248.1,20,1,3248.2,21,1
11536,2025-12-30 12:13:42+05:30,3248.2,1,3249.05,809409,105662.0,123202.0,3250.0,3257.0,3239.8,3251.5,43120525,3576.6,2926.4,4322.95,2866.6,3247.7,88,6,3247.6,14,2,3247.5,69,4,3247.4,87,4,3247.3,4,3,3248.2,21,2,3248.3,162,1,3248.4,70,3,3248.5,9,2,3248.6,44,3
11536,2025-12-30 12:13:42+05:30,3248.2,1,3249.05,809409,105662.0,123202.0,3250.0,3257.0,3239.8,3251.5,43120525,3576.6,2926.4,4322.95,2866.6,3247.7,88,6,3247.6,14,2,3247.5,69,4,3247.4,87,4,3247.3,4,3,3248.2,21,2,3248.3,162,1,3248.4,70,3,3248.5,9,2,3248.6,44,3
11536,2025-12-30 12:13:43+05:30,3248.0,1,3249.05,809410,106825.0,122673.0,3250.0,3257.0,3239.8,3251.5,43120525,3576.6,2926.4,4322.95,2866.6,3248.0,8,2,3247.7,87,6,3247.4,87,4,3247.3,2,2,3247.2,6,2,3248.2,26,6,3248.3,162,1,3248.4,70,3,3248.5,27,2,3248.6,71,5
11536,2025-12-30 12:13:43+05:30,3248.0,1,3249.05,809410,106825.0,122673.0,3250.0,3257.0,3239.8,3251.5,43120525,3576.6,2926.4,4322.95,2866.6,3248.0,8,2,3247.7,87,6,3247.4,87,4,3247.3,2,2,3247.2,6,2,3248.2,26,6,3248.3,162,1,3248.4,70,3,3248.5,27,2,3248.6,71,5
11536,2025-12-30 12:13:44+05:30,3248.0,1,3249.05,809410,105363.0,123222.0,3250.0,3257.0,3239.8,3251.5,43120525,3576.6,2926.4,4322.95,2866.6,3248.0,1,1,3247.7,87,6,3247.4,16,3,3247.3,2,2,3247.2,6,2,3248.2,26,6,3248.3,162,1,3248.4,70,3,3248.5,27,2,3248.6,71,5
11536,2025-12-30 12:13:44+05:30,3248.0,14,3249.05,809410,105363.0,123222.0,3250.0,3257.0,3239.8,3251.5,43120525,3576.6,2926.4,4322.95,2866.6,3248.0,1,1,3247.7,87,6,3247.4,16,3,3247.3,2,2,3247.2,6,2,3248.2,26,6,3248.3,162,1,3248.4,70,3,3248.5,27,2,3248.6,71,5
11536,2025-12-30 12:13:45+05:30,3247.7,1,3249.05,809439,106649.0,123218.0,3250.0,3257.0,3239.8,3251.5,43120525,3576.6,2926.4,4322.95,2866.6,3247.4,16,3,3247.3,2,2,3247.2,168,4,3247.1,20,2,3247.0,190,6,3247.7,1,1,3248.2,4,4,3248.4,19,1,3248.5,162,1,3248.6,44,3
11536,2025-12-30 12:13:45+05:30,3248.2,1,3249.05,809439,106649.0,123218.0,3250.0,3257.0,3239.8,3251.5,43120525,3576.6,2926.4,4322.95,2866.6,3247.4,16,3,3247.3,2,2,3247.2,168,4,3247.1,20,2,3247.0,190,6,3247.7,1,1,3248.2,4,4,3248.4,19,1,3248.5,162,1,3248.6,44,3
11536,2025-12-30 12:13:46+05:30,3248.2,1,3249.05,809526,106807.0,123288.0,3250.0,3257.0,3239.8,3251.5,43120525,3576.6,2926.4,4322.95,2866.6,3247.7,156,10,3247.6,10,1,3247.4,91,8,3247.3,2,2,3247.2,6,2,3248.2,7,6,3248.3,162,1,3248.4,19,1,3248.6,66,4,3248.7,22,1
11536,2025-12-30 12:13:46+05:30,3247.7,11,3249.05,809526,106807.0,123288.0,3250.0,3257.0,3239.8,3251.5,43120525,3576.6,2926.4,4322.95,2866.6,3247.7,156,10,3247.6,10,1,3247.4,91,8,3247.3,2,2,3247.2,6,2,3248.2,7,6,3248.3,162,1,3248.4,19,1,3248.6,66,4,3248.7,22,1
11536,2025-12-30 12:13:47+05:30,3247.7,11,3249.05,809602,106878.0,122196.0,3250.0,3257.0,3239.8,3251.5,43120525,3576.6,2926.4,4322.95,2866.6,3247.7,122,9,3247.6,7,1,3247.4,47,7,3247.3,9,3,3247.2,6,2,3248.2,20,12,3248.3,181,2,3248.4,32,1,3248.5,22,1,3248.6,44,3
11536,2025-12-30 12:13:47+05:30,3247.7,7,3249.05,809602,106878.0,122196.0,3250.0,3257.0,3239.8,3251.5,43120525,3576.6,2926.4,4322.95,2866.6,3247.7,122,9,3247.6,7,1,3247.4,47,7,3247.3,9,3,3247.2,6,2,3248.2,20,12,3248.3,181,2,3248.4,32,1,3248.5,22,1,3248.6,44,3
11536,2025-12-30 12:13:48+05:30,3247.7,2,3249.05,809632,106949.0,123825.0,3250.0,3257.0,3239.8,3251.5,43120525,3576.6,2926.4,4322.95,2866.6,3247.7,84,6,3247.6,236,8,3247.4,29,4,3247.3,14,4,3247.2,6,2,3248.2,20,13,3248.4,19,1,3248.5,184,2,3248.6,50,4,3248.8,6,1
11536,2025-12-30 12:13:48+05:30,3248.4,16,3249.05,809632,106949.0,123825.0,3250.0,3257.0,3239.8,3251.5,43120525,3576.6,2926.4,4322.95,2866.6,3247.7,84,6,3247.6,236,8,3247.4,29,4,3247.3,14,4,3247.2,6,2,3248.2,20,13,3248.4,19,1,3248.5,184,2,3248.6,50,4,3248.8,6,1
11536,2025-12-30 12:13:49+05:30,3248.4,16,3249.05,809795,107269.0,122691.0,3250.0,3257.0,3239.8,3251.5,43120525,3576.6,2926.4,4322.95,2866.6,3247.7,59,3,3247.4,180,5,3247.3,172,6,3247.2,207,5,3247.1,466,7,3248.5,165,2,3248.6,10,4,3248.7,22,1,3248.8,7,1,3248.9,42,2
11536,2025-12-30 12:13:50+05:30,3248.4,16,3249.05,809795,107579.0,123018.0,3250.0,3257.0,3239.8,3251.5,43120525,3576.6,2926.4,4322.95,2866.6,3247.7,60,4,3247.6,216,5,3247.5,1,1,3247.4,332,9,3247.3,87,6,3248.6,175,6,3248.9,90,4,3249.0,41,6,3249.1,31,1,3249.2,89,5
11536,2025-12-30 12:13:50+05:30,3248.6,1,3249.05,809795,107579.0,123018.0,3250.0,3257.0,3239.8,3251.5,43120525,3576.6,2926.4,4322.95,2866.6,3247.7,60,4,3247.6,216,5,3247.5,1,1,3247.4,332,9,3247.3,87,6,3248.6,175,6,3248.9,90,4,3249.0,41,6,3249.1,31,1,3249.2,89,5
11536,2025-12-30 12:13:51+05:30,3247.8,5,3249.05,809856,107438.0,122894.0,3250.0,3257.0,3239.8,3251.5,43120525,3576.6,2926.4,4322.95,2866.6,3247.8,3,2,3247.7,52,3,3247.6,60,4,3247.5,16,1,3247.4,359,10,3248.6,171,7,3248.8,21,1,3248.9,7,1,3249.0,27,4,3249.1,8,1
11536,2025-12-30 12:13:51+05:30,3247.8,5,3249.05,809856,107438.0,122894.0,3250.0,3257.0,3239.8,3251.5,43120525,3576.6,2926.4,4322.95,2866.6,3247.8,3,2,3247.7,52,3,3247.6,60,4,3247.5,16,1,3247.4,359,10,3248.6,171,7,3248.8,21,1,3248.9,7,1,3249.0,27,4,3249.1,8,1
11536,2025-12-30 12:13:52+05:30,3247.7,2,3249.05,809880,107383.0,123332.0,3250.0,3257.0,3239.8,3251.5,43120525,3576.6,2926.4,4322.95,2866.6,3247.7,53,3,3247.6,60,4,3247.5,1,1,3247.4,342,9,3247.3,172,6,3248.6,170,7,3248.7,10,1,3248.8,28,2,3248.9,32,1,3249.0,42,6
11536,2025-12-30 12:13:52+05:30,3247.7,1,3249.05,809880,107383.0,123332.0,3250.0,3257.0,3239.8,3251.5,43120525,3576.6,2926.4,4322.95,2866.6,3247.7,53,3,3247.6,60,4,3247.5,1,1,3247.4,342,9,3247.3,172,6,3248.6,170,7,3248.7,10,1,3248.8,28,2,3248.9,32,1,3249.0,42,6
11536,2025-12-30 12:13:53+05:30,3247.7,3,3249.05,809884,107380.0,123333.0,3250.0,3257.0,3239.8,3251.5,43120525,3576.6,2926.4,4322.95,2866.6,3247.7,62,4,3247.6,60,4,3247.4,342,9,3247.3,172,6,3247.2,238,6,3248.6,171,8,3248.7,10,1,3248.8,28,2,3248.9,32,1,3249.0,42,6
11536,2025-12-30 12:13:53+05:30,3247.7,15,3249.05,809884,107380.0,123333.0,3250.0,3257.0,3239.8,3251.5,43120525,3576.6,2926.4,4322.95,2866.6,3247.7,62,4,3247.6,60,4,3247.4,342,9,3247.3,172,6,3247.2,238,6,3248.6,171,8,3248.7,10,1,3248.8,28,2,3248.9,32,1,3249.0,42,6
11536,2025-12-30 12:13:54+05:30,3248.6,19,3249.05,809946,107428.0,123358.0,3250.0,3257.0,3239.8,3251.5,43120525,3576.6,2926.4,4322.95,2866.6,3247.7,83,5,3247.6,60,4,3247.5,1,1,3247.4,339,8,3247.3,172,6,3248.6,134,8,3248.7,50,3,3248.8,7,1,3248.9,32,1,3249.0,42,6
11536,2025-12-30 12:13:54+05:30,3247.7,7,3249.05,809946,107428.0,123358.0,3250.0,3257.0,3239.8,3251.5,43120525,3576.6,2926.4,4322.95,2866.6,3247.7,83,5,3247.6,60,4,3247.5,1,1,3247.4,339,8,3247.3,172,6,3248.6,134,8,3248.7,50,3,3248.8,7,1,3248.9,32,1,3249.0,42,6
11536,2025-12-30 12:13:55+05:30,3248.6,5,3249.05,809967,107432.0,123334.0,3250.0,3257.0,3239.8,3251.5,43120525,3576.6,2926.4,4322.95,2866.6,3247.7,213,13,3247.6,48,4,3247.5,80,4,3247.4,371,6,3247.3,62,5,3248.6,174,12,3248.7,40,2,3249.0,34,5,3249.2,62,4,3249.3,26,1
11536,2025-12-30 12:13:55+05:30,3247.7,1,3249.05,809967,107432.0,123334.0,3250.0,3257.0,3239.8,3251.5,43120525,3576.6,2926.4,4322.95,2866.6,3247.7,213,13,3247.6,48,4,3247.5,80,4,3247.4,371,6,3247.3,62,5,3248.6,174,12,3248.7,40,2,3249.0,34,5,3249.2,62,4,3249.3,26,1
11536,2025-12-30 12:13:56+05:30,3247.7,3,3249.05,809981,107397.0,123484.0,3250.0,3257.0,3239.8,3251.5,43120525,3576.6,2926.4,4322.95,2866.6,3247.7,203,12,3247.6,27,3,3247.5,56,3,3247.4,301,6,3247.3,154,6,3248.5,121,2,3248.6,53,10,3248.7,47,3,3248.9,27,1,3249.0,75,7
11536,2025-12-30 12:13:56+05:30,3247.7,31,3249.05,809981,107397.0,123484.0,3250.0,3257.0,3239.8,3251.5,43120525,3576.6,2926.4,4322.95,2866.6,3247.7,203,12,3247.6,27,3,3247.5,56,3,3247.4,301,6,3247.3,154,6,3248.5,121,2,3248.6,53,10,3248.7,47,3,3248.9,27,1,3249.0,75,7
11536,2025-12-30 12:13:57+05:30,3247.7,31,3249.04,810323,106437.0,124344.0,3250.0,3257.0,3239.8,3251.5,43120525,3576.6,2926.4,4322.95,2866.6,3247.4,21,3,3247.3,2,2,3247.2,165,4,3247.1,20,2,3247.0,184,5,3247.7,24,3,3248.2,138,2,3248.4,37,2,3248.5,76,9,3248.6,119,10
11536,2025-12-30 12:13:57+05:30,3247.7,3,3249.04,810323,106437.0,124344.0,3250.0,3257.0,3239.8,3251.5,43120525,3576.6,2926.4,4322.95,2866.6,3247.4,21,3,3247.3,2,2,3247.2,165,4,3247.1,20,2,3247.0,184,5,3247.7,24,3,3248.2,138,2,3248.4,37,2,3248.5,76,9,3248.6,119,10
11536,2025-12-30 12:13:58+05:30,3247.4,2,3249.04,810493,105635.0,124690.0,3250.0,3257.0,3239.8,3251.5,43120525,3576.6,2926.4,4322.95,2866.6,3247.4,2,2,3247.3,2,2,3247.2,16,3,3247.1,20,2,3247.0,34,5,3247.7,30,6,3248.2,19,1,3248.3,119,1,3248.4,58,3,3248.5,76,9
11536,2025-12-30 12:13:58+05:30,3247.3,2,3249.04,810493,105635.0,124690.0,3250.0,3257.0,3239.8,3251.5,43120525,3576.6,2926.4,4322.95,2866.6,3247.4,2,2,3247.3,2,2,3247.2,16,3,3247.1,20,2,3247.0,34,5,3247.7,30,6,3248.2,19,1,3248.3,119,1,3248.4,58,3,3248.5,76,9
11536,2025-12-30 12:13:59+05:30,3247.2,4,3249.04,810624,104744.0,125120.0,3250.0,3257.0,3239.8,3251.5,43120525,3576.6,2926.4,4322.95,2866.6,3247.2,12,3,3247.1,20,2,3247.0,51,7,3246.9,32,1,3246.8,14,2,3247.3,20,4,3247.7,30,6,3248.2,19,1,3248.3,119,1,3248.4,87,5
11536,2025-12-30 12:13:59+05:30,3247.3,4,3249.04,810624,104744.0,125120.0,3250.0,3257.0,3239.8,3251.5,43120525,3576.6,2926.4,4322.95,2866.6,3247.2,12,3,3247.1,20,2,3247.0,51,7,3246.9,32,1,3246.8,14,2,3247.3,20,4,3247.7,30,6,3248.2,19,1,3248.3,119,1,3248.4,87,5
11536,2025-12-30 12:14:00+05:30,3247.1,7,3249.04,810756,104465.0,125114.0,3250.0,3257.0,3239.8,3251.5,43120525,3576.6,2926.4,4322.95,2866.6,3247.1,13,2,3247.0,43,6,3246.9,32,1,3246.8,6,1,3246.7,5,1,3247.3,28,9,3247.7,24,4,3248.2,170,3,3248.4,87,5,3248.5,55,3
11536,2025-12-30 12:14:00+05:30,3247.1,2,3249.04,810756,104465.0,125114.0,3250.0,3257.0,3239.8,3251.5,43120525,3576.6,2926.4,4322.95,2866.6,3247.1,13,2,3247.0,43,6,3246.9,32,1,3246.8,6,1,3246.7,5,1,3247.3,28,9,3247.7,24,4,3248.2,170,3,3248.4,87,5,3248.5,55,3
11536,2025-12-30 12:14:01+05:30,3247.0,2,3249.04,810825,104611.0,124797.0,3250.0,3257.0,3239.8,3251.5,43120525,3576.6,2926.4,4322.95,2866.6,3247.0,87,7,3246.9,40,2,3246.8,6,1,3246.6,36,4,3246.5,74,4,3247.1,15,4,3247.3,30,10,3247.7,3,1,3248.1,119,1,3248.2,51,2
11536,2025-12-30 12:14:01+05:30,3247.0,2,3249.04,810825,104611.0,124797.0,3250.0,3257.0,3239.8,3251.5,43120525,3576.6,2926.4,4322.95,2866.6,3247.0,87,7,3246.9,40,2,3246.8,6,1,3246.6,36,4,3246.5,74,4,3247.1,15,4,3247.3,30,10,3247.7,3,1,3248.1,119,1,3248.2,51,2
11536,2025-12-30 12:14:02+05:30,3247.0,2,3249.04,810913,104653.0,125740.0,3250.0,3257.0,3239.8,3251.5,43120525,3576.6,2926.4,4322.95,2866.6,3247.0,66,4,3246.9,32,1,3246.8,14,2,3246.6,15,3,3246.4,258,7,3247.1,48,8,3247.3,22,6,3248.0,53,2,3248.1,119,1,3248.2,51,2
11536,2025-12-30 12:14:02+05:30,3247.0,13,3249.04,810913,104653.0,125740.0,3250.0,3257.0,3239.8,3251.5,43120525,3576.6,2926.4,4322.95,2866.6,3247.0,66,4,3246.9,32,1,3246.8,14,2,3246.6,15,3,3246.4,258,7,3247.1,48,8,3247.3,22,6,3248.0,53,2,3248.1,119,1,3248.2,51,2
11536,2025-12-30 12:14:03+05:30,3247.0,10,3249.04,811102,104037.0,125773.0,3250.0,3257.0,3239.8,3251.5,43120525,3576.6,2926.4,4322.95,2866.6,3247.0,38,4,3246.8,6,1,3246.6,15,3,3246.5,9,1,3246.4,230,6,3247.1,57,11,3247.3,1,1,3248.0,53,2,3248.2,172,4,3248.3,34,2
11536,2025-12-30 12:14:03+05:30,3247.0,10,3249.04,811102,104037.0,125773.0,3250.0,3257.0,3239.8,3251.5,43120525,3576.6,2926.4,4322.95,2866.6,3247.0,38,4,3246.8,6,1,3246.6,15,3,3246.5,9,1,3246.4,230,6,3247.1,57,11,3247.3,1,1,3248.0,53,2,3248.2,172,4,3248.3,34,2
11536,2025-12-30 12:14:03+05:30,3247.0,5,3249.04,811102,104037.0,125773.0,3250.0,3257.0,3239.8,3251.5,43120525,3576.6,2926.4,4322.95,2866.6,3247.0,38,4,3246.8,6,1,3246.6,15,3,3246.5,9,1,3246.4,230,6,3247.1,57,11,3247.3,1,1,3248.0,53,2,3248.2,172,4,3248.3,34,2
11536,2025-12-30 12:14:04+05:30,3247.0,2,3249.04,811142,104428.0,124404.0,3250.0,3257.0,3239.8,3251.5,43120525,3576.6,2926.4,4322.95,2866.6,3247.0,64,4,3246.6,7,2,3246.4,207,3,3246.3,72,5,3246.2,343,5,3247.1,61,13,3247.7,40,2,3247.8,42,2,3248.0,159,3,3248.2,61,4
11536,2025-12-30 12:14:04+05:30,3247.0,10,3249.04,811142,104428.0,124404.0,3250.0,3257.0,3239.8,3251.5,43120525,3576.6,2926.4,4322.95,2866.6,3247.0,64,4,3246.6,7,2,3246.4,207,3,3246.3,72,5,3246.2,343,5,3247.1,61,13,3247.7,40,2,3247.8,42,2,3248.0,159,3,3248.2,61,4
11536,2025-12-30 12:14:04+05:30,3247.0,10,3249.04,811142,104428.0,124404.0,3250.0,3257.0,3239.8,3251.5,43120525,3576.6,2926.4,4322.95,2866.6,3247.0,64,4,3246.6,7,2,3246.4,207,3,3246.3,72,5,3246.2,343,5,3247.1,61,13,3247.7,40,2,3247.8,42,2,3248.0,159,3,3248.2,61,4
11536,2025-12-30 12:14:05+05:30,3247.0,10,3249.04,811227,103967.0,125864.0,3250.0,3257.0,3239.8,3251.5,43120525,3576.6,2926.4,4322.95,2866.6,3247.0,45,4,3246.6,7,2,3246.4,177,2,3246.3,66,4,3246.2,251,4,3247.1,61,14,3247.5,19,1,3247.6,21,1,3247.7,19,1,3247.8,193,6
11536,2025-12-30 12:14:05+05:30,3247.1,15,3249.04,811227,103967.0,125864.0,3250.0,3257.0,3239.8,3251.5,43120525,3576.6,2926.4,4322.95,2866.6,3247.0,45,4,3246.6,7,2,3246.4,177,2,3246.3,66,4,3246.2,251,4,3247.1,61,14,3247.5,19,1,3247.6,21,1,3247.7,19,1,3247.8,193,6
11536,2025-12-30 12:14:06+05:30,3247.1,15,3249.04,812156,104779.0,125095.0,3250.0,3257.0,3239.8,3251.5,43120525,3576.6,2926.4,4322.95,2866.6,3247.0,72,5,3246.8,166,2,3246.7,12,2,3246.6,163,3,3246.5,9,1,3247.1,97,2,3247.6,19,1,3247.7,21,1,3247.8,102,1,3248.0,18,1
11536,2025-12-30 12:14:06+05:30,3247.1,15,3249.04,812156,104779.0,125095.0,3250.0,3257.0,3239.8,3251.5,43120525,3576.6,2926.4,4322.95,2866.6,3247.0,72,5,3246.8,166,2,3246.7,12,2,3246.6,163,3,3246.5,9,1,3247.1,97,2,3247.6,19,1,3247.7,21,1,3247.8,102,1,3248.0,18,1
11536,2025-12-30 12:14:06+05:30,3247.0,13,3249.04,812156,104779.0,125095.0,3250.0,3257.0,3239.8,3251.5,43120525,3576.6,2926.4,4322.95,2866.6,3247.0,72,5,3246.8,166,2,3246.7,12,2,3246.6,163,3,3246.5,9,1,3247.1,97,2,3247.6,19,1,3247.7,21,1,3247.8,102,1,3248.0,18,1
11536,2025-12-30 12:14:07+05:30,3247.0,13,3249.04,812381,102726.0,125903.0,3250.0,3257.0,3239.8,3251.5,43120525,3576.6,2926.4,4322.95,2866.6,3246.6,18,3,3246.4,212,4,3246.3,50,5,3246.2,231,4,3246.1,116,6,3247.0,8,1,3247.1,221,6,3247.6,19,1,3247.7,21,1,3247.8,102,1
11536,2025-12-30 12:14:07+05:30,3247.0,13,3249.04,812381,102726.0,125903.0,3250.0,3257.0,3239.8,3251.5,43120525,3576.6,2926.4,4322.95,2866.6,3246.6,18,3,3246.4,212,4,3246.3,50,5,3246.2,231,4,3246.1,116,6,3247.0,8,1,3247.1,221,6,3247.6,19,1,3247.7,21,1,3247.8,102,1
11536,2025-12-30 12:14:07+05:30,3246.6,6,3249.04,812381,102726.0,125903.0,3250.0,3257.0,3239.8,3251.5,43120525,3576.6,2926.4,4322.95,2866.6,3246.6,18,3,3246.4,212,4,3246.3,50,5,3246.2,231,4,3246.1,116,6,3247.0,8,1,3247.1,221,6,3247.6,19,1,3247.7,21,1,3247.8,102,1
11536,2025-12-30 12:14:07+05:30,3246.6,6,3249.04,812381,102726.0,125903.0,3250.0,3257.0,3239.8,3251.5,43120525,3576.6,2926.4,4322.95,2866.6,3246.6,18,3,3246.4,212,4,3246.3,50,5,3246.2,231,4,3246.1,116,6,3247.0,8,1,3247.1,221,6,3247.6,19,1,3247.7,21,1,3247.8,102,1
11536,2025-12-30 12:14:08+05:30,3246.6,6,3249.04,812550,103709.0,125363.0,3250.0,3257.0,3239.8,3251.5,43120525,3576.6,2926.4,4322.95,2866.6,3246.5,128,3,3246.4,15,2,3246.3,3,2,3246.2,72,5,3246.1,47,4,3246.6,5,1,3247.0,19,3,3247.1,143,7,3247.7,134,2,3247.9,32,1
11536,2025-12-30 12:14:08+05:30,3246.6,6,3249.04,812550,103709.0,125363.0,3250.0,3257.0,3239.8,3251.5,43120525,3576.6,2926.4,4322.95,2866.6,3246.5,128,3,3246.4,15,2,3246.3,3,2,3246.2,72,5,3246.1,47,4,3246.6,5,1,3247.0,19,3,3247.1,143,7,3247.7,134,2,3247.9,32,1
11536,2025-12-30 12:14:08+05:30,3246.5,35,3249.04,812550,103709.0,125363.0,3250.0,3257.0,3239.8,3251.5,43120525,3576.6,2926.4,4322.95,2866.6,3246.5,128,3,3246.4,15,2,3246.3,3,2,3246.2,72,5,3246.1,47,4,3246.6,5,1,3247.0,19,3,3247.1,143,7,3247.7,134,2,3247.9,32,1
11536,2025-12-30 12:14:09+05:30,3246.6,8,3249.04,813830,103758.0,124887.0,3250.0,3257.0,3239.8,3251.5,43120525,3576.6,2926.4,4322.95,2866.6,3246.6,2,1,3246.5,34,6,3246.4,7,1,3246.3,26,4,3246.2,506,7,3247.0,40,3,3247.1,30,3,3247.7,102,1,3248.0,18,1,3248.2,99,4
11536,2025-12-30 12:14:09+05:30,3246.6,8,3249.04,813830,103758.0,124887.0,3250.0,3257.0,3239.8,3251.5,43120525,3576.6,2926.4,4322.95,2866.6,3246.6,2,1,3246.5,34,6,3246.4,7,1,3246.3,26,4,3246.2,506,7,3247.0,40,3,3247.1,30,3,3247.7,102,1,3248.0,18,1,3248.2,99,4
11536,2025-12-30 12:14:09+05:30,3247.0,15,3249.04,813830,103758.0,124887.0,3250.0,3257.0,3239.8,3251.5,43120525,3576.6,2926.4,4322.95,2866.6,3246.6,2,1,3246.5,34,6,3246.4,7,1,3246.3,26,4,3246.2,506,7,3247.0,40,3,3247.1,30,3,3247.7,102,1,3248.0,18,1,3248.2,99,4
11536,2025-12-30 12:14:10+05:30,3246.5,30,3249.03,814224,103602.0,125079.0,3250.0,3257.0,3239.8,3251.5,43120525,3576.6,2926.4,4322.95,2866.6,3246.5,58,2,3246.4,7,1,3246.3,7,3,3246.2,147,6,3246.1,531,6,3247.0,44,6,3247.6,21,1,3247.7,102,1,3247.9,19,1,3248.0,50,2
11536,2025-12-30 12:14:10+05:30,3246.5,30,3249.03,814224,103602.0,125079.0,3250.0,3257.0,3239.8,3251.5,43120525,3576.6,2926.4,4322.95,2866.6,3246.5,58,2,3246.4,7,1,3246.3,7,3,3246.2,147,6,3246.1,531,6,3247.0,44,6,3247.6,21,1,3247.7,102,1,3247.9,19,1,3248.0,50,2
11536,2025-12-30 12:14:10+05:30,3247.7,20,3249.03,814224,103602.0,125079.0,3250.0,3257.0,3239.8,3251.5,43120525,3576.6,2926.4,4322.95,2866.6,3246.5,58,2,3246.4,7,1,3246.3,7,3,3246.2,147,6,3246.1,531,6,3247.0,44,6,3247.6,21,1,3247.7,102,1,3247.9,19,1,3248.0,50,2
11536,2025-12-30 12:14:11+05:30,3247.7,20,3249.03,815044,106999.0,123174.0,3250.0,3257.0,3239.8,3251.5,43120525,3576.6,2926.4,4322.95,2866.6,3247.7,55,4,3247.6,80,4,3247.4,68,3,3247.1,35,5,3247.0,178,2,3247.9,37,2,3248.0,192,5,3248.1,22,1,3248.2,194,2,3248.5,11,1
11536,2025-12-30 12:14:11+05:30,3247.7,20,3249.03,815044,106999.0,123174.0,3250.0,3257.0,3239.8,3251.5,43120525,3576.6,2926.4,4322.95,2866.6,3247.7,55,4,3247.6,80,4,3247.4,68,3,3247.1,35,5,3247.0,178,2,3247.9,37,2,3248.0,192,5,3248.1,22,1,3248.2,194,2,3248.5,11,1
11536,2025-12-30 12:14:11+05:30,3247.1,1,3249.03,815044,106999.0,123174.0,3250.0,3257.0,3239.8,3251.5,43120525,3576.6,2926.4,4322.95,2866.6,3247.7,55,4,3247.6,80,4,3247.4,68,3,3247.1,35,5,3247.0,178,2,3247.9,37,2,3248.0,192,5,3248.1,22,1,3248.2,194,2,3248.5,11,1
11536,2025-12-30 12:14:11+05:30,3247.1,1,3249.03,815044,106999.0,123174.0,3250.0,3257.0,3239.8,3251.5,43120525,3576.6,2926.4,4322.95,2866.6,3247.7,55,4,3247.6,80,4,3247.4,68,3,3247.1,35,5,3247.0,178,2,3247.9,37,2,3248.0,192,5,3248.1,22,1,3248.2,194,2,3248.5,11,1
11536,2025-12-30 12:14:12+05:30,3247.1,1,3249.03,815048,104958.0,123968.0,3250.0,3257.0,3239.8,3251.5,43120525,3576.6,2926.4,4322.95,2866.6,3247.1,31,5,3246.8,219,3,3246.7,70,2,3246.6,283,7,3246.5,88,3,3247.9,69,8,3248.0,367,6,3248.1,39,2,3248.2,51,2,3248.4,24,2
11536,2025-12-30 12:14:12+05:30,3247.1,1,3249.03,815048,104958.0,123968.0,3250.0,3257.0,3239.8,3251.5,43120525,3576.6,2926.4,4322.95,2866.6,3247.1,31,5,3246.8,219,3,3246.7,70,2,3246.6,283,7,3246.5,88,3,3247.9,69,8,3248.0,367,6,3248.1,39,2,3248.2,51,2,3248.4,24,2
11536,2025-12-30 12:14:12+05:30,3247.1,15,3249.03,815048,104958.0,123968.0,3250.0,3257.0,3239.8,3251.5,43120525,3576.6,2926.4,4322.95,2866.6,3247.1,31,5,3246.8,219,3,3246.7,70,2,3246.6,283,7,3246.5,88,3,3247.9,69,8,3248.0,367,6,3248.1,39,2,3248.2,51,2,3248.4,24,2
11536,2025-12-30 12:14:13+05:30,3246.6,62,3249.03,815223,103306.0,125159.0,3250.0,3257.0,3239.8,3251.5,43120525,3576.6,2926.4,4322.95,2866.6,3246.3,7,3,3246.2,180,3,3246.1,57,4,3246.0,291,6,3245.9,233,6,3246.6,16,2,3247.1,7,4,3247.6,21,2,3247.7,39,2,3247.8,243,5
11536,2025-12-30 12:14:13+05:30,3246.6,62,3249.03,815223,103306.0,125159.0,3250.0,3257.0,3239.8,3251.5,43120525,3576.6,2926.4,4322.95,2866.6,3246.3,7,3,3246.2,180,3,3246.1,57,4,3246.0,291,6,3245.9,233,6,3246.6,16,2,3247.1,7,4,3247.6,21,2,3247.7,39,2,3247.8,243,5
11536,2025-12-30 12:14:13+05:30,3246.1,17,3249.03,815223,103306.0,125159.0,3250.0,3257.0,3239.8,3251.5,43120525,3576.6,2926.4,4322.95,2866.6,3246.3,7,3,3246.2,180,3,3246.1,57,4,3246.0,291,6,3245.9,233,6,3246.6,16,2,3247.1,7,4,3247.6,21,2,3247.7,39,2,3247.8,243,5
11536,2025-12-30 12:14:14+05:30,3246.1,17,3249.03,815574,100794.0,125817.0,3250.0,3257.0,3239.8,3251.5,43120525,3576.6,2926.4,4322.95,2866.6,3246.0,50,1,3245.9,4,2,3245.6,18,1,3245.5,60,3,3245.4,275,5,3246.1,37,1,3246.3,17,3,3246.6,26,6,3247.0,19,1,3247.1,7,4
11536,2025-12-30 12:14:14+05:30,3246.0,3,3249.03,815574,100794.0,125817.0,3250.0,3257.0,3239.8,3251.5,43120525,3576.6,2926.4,4322.95,2866.6,3246.0,50,1,3245.9,4,2,3245.6,18,1,3245.5,60,3,3245.4,275,5,3246.1,37,1,3246.3,17,3,3246.6,26,6,3247.0,19,1,3247.1,7,4
11536,2025-12-30 12:14:15+05:30,3246.0,3,3249.02,817330,102197.0,125110.0,3250.0,3257.0,3239.8,3251.5,43120525,3576.6,2926.4,4322.95,2866.6,3246.1,1,1,3246.0,327,5,3245.9,130,4,3245.8,64,4,3245.7,6,1,3246.3,17,3,3246.6,10,4,3247.1,2,2,3247.6,52,2,3247.8,221,3
11536,2025-12-30 12:14:15+05:30,3246.0,3,3249.02,817330,102197.0,125110.0,3250.0,3257.0,3239.8,3251.5,43120525,3576.6,2926.4,4322.95,2866.6,3246.1,1,1,3246.0,327,5,3245.9,130,4,3245.8,64,4,3245.7,6,1,3246.3,17,3,3246.6,10,4,3247.1,2,2,3247.6,52,2,3247.8,221,3
11536,2025-12-30 12:14:15+05:30,3246.3,16,3249.02,817330,102197.0,125110.0,3250.0,3257.0,3239.8,3251.5,43120525,3576.6,2926.4,4322.95,2866.6,3246.1,1,1,3246.0,327,5,3245.9,130,4,3245.8,64,4,3245.7,6,1,3246.3,17,3,3246.6,10,4,3247.1,2,2,3247.6,52,2,3247.8,221,3
11536,2025-12-30 12:14:16+05:30,3247.7,10,3249.02,818449,105496.0,123449.0,3250.0,3257.0,3239.8,3251.5,43120525,3576.6,2926.4,4322.95,2866.6,3247.1,120,5,3246.8,199,2,3246.7,145,3,3246.6,324,7,3246.5,420,4,3247.8,24,2,3247.9,22,1,3248.0,124,1,3248.1,9,1,3248.2,32,1
11536,2025-12-30 12:14:16+05:30,3247.7,10,3249.02,818449,105496.0,123449.0,3250.0,3257.0,3239.8,3251.5,43120525,3576.6,2926.4,4322.95,2866.6,3247.1,120,5,3246.8,199,2,3246.7,145,3,3246.6,324,7,3246.5,420,4,3247.8,24,2,3247.9,22,1,3248.0,124,1,3248.1,9,1,3248.2,32,1
11536,2025-12-30 12:14:16+05:30,3247.1,17,3249.02,818449,105496.0,123449.0,3250.0,3257.0,3239.8,3251.5,43120525,3576.6,2926.4,4322.95,2866.6,3247.1,120,5,3246.8,199,2,3246.7,145,3,3246.6,324,7,3246.5,420,4,3247.8,24,2,3247.9,22,1,3248.0,124,1,3248.1,9,1,3248.2,32,1
11536,2025-12-30 12:14:17+05:30,3247.1,17,3249.02,818527,104954.0,123822.0,3250.0,3257.0,3239.8,3251.5,43120525,3576.6,2926.4,4322.95,2866.6,3247.1,51,4,3246.8,164,2,3246.7,51,2,3246.6,271,6,3246.5,42,2,3247.8,182,6,3247.9,194,4,3248.0,20,1,3248.1,33,2,3248.2,32,1
11536,2025-12-30 12:14:18+05:30,3247.1,17,3249.02,818527,104839.0,123845.0,3250.0,3257.0,3239.8,3251.5,43120525,3576.6,2926.4,4322.95,2866.6,3247.1,51,4,3246.8,164,2,3246.7,51,2,3246.6,271,6,3246.5,42,2,3247.8,187,8,3247.9,194,4,3248.0,20,1,3248.1,33,2,3248.2,32,1
11536,2025-12-30 12:14:18+05:30,3247.1,17,3249.02,818527,104839.0,123845.0,3250.0,3257.0,3239.8,3251.5,43120525,3576.6,2926.4,4322.95,2866.6,3247.1,51,4,3246.8,164,2,3246.7,51,2,3246.6,271,6,3246.5,42,2,3247.8,187,8,3247.9,194,4,3248.0,20,1,3248.1,33,2,3248.2,32,1
11536,2025-12-30 12:14:18+05:30,3247.1,16,3249.02,818527,104839.0,123845.0,3250.0,3257.0,3239.8,3251.5,43120525,3576.6,2926.4,4322.95,2866.6,3247.1,51,4,3246.8,164,2,3246.7,51,2,3246.6,271,6,3246.5,42,2,3247.8,187,8,3247.9,194,4,3248.0,20,1,3248.1,33,2,3248.2,32,1
11536,2025-12-30 12:14:18+05:30,3247.1,16,3249.02,819147,103929.0,125126.0,3250.0,3257.0,3239.8,3251.5,43120525,3576.6,2926.4,4322.95,2866.6,3246.8,11,2,3246.7,8,1,3246.6,53,4,3246.5,42,2,3246.4,34,2,3247.1,87,3,3247.4,19,1,3247.5,20,1,3247.8,111,9,3247.9,180,3
11536,2025-12-30 12:14:19+05:30,3246.7,1,3249.02,819147,103929.0,125126.0,3250.0,3257.0,3239.8,3251.5,43120525,3576.6,2926.4,4322.95,2866.6,3246.8,11,2,3246.7,8,1,3246.6,53,4,3246.5,42,2,3246.4,34,2,3247.1,87,3,3247.4,19,1,3247.5,20,1,3247.8,111,9,3247.9,180,3
11536,2025-12-30 12:14:20+05:30,3246.7,1,3249.02,819307,103676.0,125184.0,3250.0,3257.0,3239.8,3251.5,43120525,3576.6,2926.4,4322.95,2866.6,3246.6,22,3,3246.5,14,1,3246.4,34,2,3246.2,184,2,3246.1,42,3,3246.7,60,4,3247.1,97,4,3247.7,19,1,3247.8,57,7,3247.9,180,3
11536,2025-12-30 12:14:20+05:30,3246.7,1,3249.02,819307,103676.0,125184.0,3250.0,3257.0,3239.8,3251.5,43120525,3576.6,2926.4,4322.95,2866.6,3246.6,22,3,3246.5,14,1,3246.4,34,2,3246.2,184,2,3246.1,42,3,3246.7,60,4,3247.1,97,4,3247.7,19,1,3247.8,57,7,3247.9,180,3
11536,2025-12-30 12:14:20+05:30,3246.6,6,3249.02,819307,103676.0,125184.0,3250.0,3257.0,3239.8,3251.5,43120525,3576.6,2926.4,4322.95,2866.6,3246.6,22,3,3246.5,14,1,3246.4,34,2,3246.2,184,2,3246.1,42,3,3246.7,60,4,3247.1,97,4,3247.7,19,1,3247.8,57,7,3247.9,180,3
11536,2025-12-30 12:14:21+05:30,3246.5,126,3249.02,819623,102605.0,125244.0,3250.0,3257.0,3239.8,3251.5,43120525,3576.6,2926.4,4322.95,2866.6,3246.1,15,1,3246.0,18,1,3245.9,23,2,3245.8,270,5,3245.7,71,3,3246.5,19,1,3246.6,57,4,3246.7,61,5,3247.1,10,1,3247.5,20,1
11536,2025-12-30 12:14:21+05:30,3246.5,126,3249.02,819623,102605.0,125244.0,3250.0,3257.0,3239.8,3251.5,43124025,3576.6,2926.4,4322.95,2866.6,3246.1,15,1,3246.0,18,1,3245.9,23,2,3245.8,270,5,3245.7,71,3,3246.5,19,1,3246.6,57,4,3246.7,61,5,3247.1,10,1,3247.5,20,1
11536,2025-12-30 12:14:21+05:30,3248.4,29,3249.02,819623,102605.0,125244.0,3250.0,3257.0,3239.8,3251.5,43124025,3576.6,2926.4,4322.95,2866.6,3246.1,15,1,3246.0,18,1,3245.9,23,2,3245.8,270,5,3245.7,71,3,3246.5,19,1,3246.6,57,4,3246.7,61,5,3247.1,10,1,3247.5,20,1
11536,2025-12-30 12:14:21+05:30,3248.4,29,3249.01,821214,104218.0,123419.0,3250.0,3257.0,3239.8,3251.5,43124025,3576.6,2926.4,4322.95,2866.6,3246.6,159,2,3246.5,116,3,3246.4,310,10,3246.3,560,5,3246.2,322,8,3247.6,30,2,3247.7,15,1,3247.8,10,1,3248.0,206,3,3248.1,42,2
11536,2025-12-30 12:14:22+05:30,3248.4,29,3249.01,821214,104012.0,123658.0,3250.0,3257.0,3239.8,3251.5,43124025,3576.6,2926.4,4322.95,2866.6,3246.6,164,2,3246.5,130,1,3246.4,271,8,3246.3,111,5,3246.2,633,9,3247.6,102,4,3247.7,15,1,3247.8,31,2,3247.9,199,2,3248.1,32,1
11536,2025-12-30 12:14:23+05:30,3246.6,1,3249.01,821214,104012.0,123658.0,3250.0,3257.0,3239.8,3251.5,43124025,3576.6,2926.4,4322.95,2866.6,3246.6,164,2,3246.5,130,1,3246.4,271,8,3246.3,111,5,3246.2,633,9,3247.6,102,4,3247.7,15,1,3247.8,31,2,3247.9,199,2,3248.1,32,1
11536,2025-12-30 12:14:23+05:30,3246.6,1,3249.01,821214,104012.0,123658.0,3250.0,3257.0,3239.8,3251.5,43124025,3576.6,2926.4,4322.95,2866.6,3246.6,164,2,3246.5,130,1,3246.4,271,8,3246.3,111,5,3246.2,633,9,3247.6,102,4,3247.7,15,1,3247.8,31,2,3247.9,199,2,3248.1,32,1
11536,2025-12-30 12:14:23+05:30,3246.6,1,3249.01,821215,104155.0,123662.0,3250.0,3257.0,3239.8,3251.5,43124025,3576.6,2926.4,4322.95,2866.6,3246.6,256,4,3246.5,130,1,3246.4,328,9,3246.3,96,3,3246.2,725,10,3247.6,106,4,3247.7,15,1,3247.8,31,2,3247.9,199,2,3248.1,32,1
11536,2025-12-30 12:14:24+05:30,3247.6,13,3249.01,821215,104155.0,123662.0,3250.0,3257.0,3239.8,3251.5,43124025,3576.6,2926.4,4322.95,2866.6,3246.6,256,4,3246.5,130,1,3246.4,328,9,3246.3,96,3,3246.2,725,10,3247.6,106,4,3247.7,15,1,3247.8,31,2,3247.9,199,2,3248.1,32,1
11536,2025-12-30 12:14:24+05:30,3247.6,13,3249.01,821737,103861.0,123020.0,3250.0,3257.0,3239.8,3251.5,43124025,3576.6,2926.4,4322.95,2866.6,3246.6,131,2,3246.4,96,5,3246.3,50,3,3246.2,318,6,3246.1,552,11,3247.6,50,5,3247.7,20,1,3247.8,20,1,3247.9,228,3,3248.1,56,2
11536,2025-12-30 12:14:25+05:30,3247.6,1,3249.01,821737,103861.0,123020.0,3250.0,3257.0,3239.8,3251.5,43124025,3576.6,2926.4,4322.95,2866.6,3246.6,131,2,3246.4,96,5,3246.3,50,3,3246.2,318,6,3246.1,552,11,3247.6,50,5,3247.7,20,1,3247.8,20,1,3247.9,228,3,3248.1,56,2
11536,2025-12-30 12:14:26+05:30,3247.6,1,3249.01,821954,104032.0,123043.0,3250.0,3257.0,3239.8,3251.5,43124025,3576.6,2926.4,4322.95,2866.6,3246.6,130,1,3246.4,250,5,3246.3,174,5,3246.2,232,6,3246.1,552,11,3247.6,35,5,3247.7,20,1,3247.9,196,2,3248.1,56,2,3248.3,42,2
11536,2025-12-30 12:14:26+05:30,3247.6,1,3249.01,821954,104032.0,123043.0,3250.0,3257.0,3239.8,3251.5,43124025,3576.6,2926.4,4322.95,2866.6,3246.6,130,1,3246.4,250,5,3246.3,174,5,3246.2,232,6,3246.1,552,11,3247.6,35,5,3247.7,20,1,3247.9,196,2,3248.1,56,2,3248.3,42,2
11536,2025-12-30 12:14:27+05:30,3247.6,1,3249.01,822115,103805.0,124361.0,3250.0,3257.0,3239.8,3251.5,43124025,3576.6,2926.4,4322.95,2866.6,3246.5,116,1,3246.4,85,4,3246.3,73,3,3246.2,212,5,3246.1,219,9,3246.6,10,3,3247.5,195,2,3247.6,28,8,3247.8,21,1,3247.9,32,1
11536,2025-12-30 12:14:27+05:30,3246.5,76,3249.01,822115,103805.0,124361.0,3250.0,3257.0,3239.8,3251.5,43124025,3576.6,2926.4,4322.95,2866.6,3246.5,116,1,3246.4,85,4,3246.3,73,3,3246.2,212,5,3246.1,219,9,3246.6,10,3,3247.5,195,2,3247.6,28,8,3247.8,21,1,3247.9,32,1
11536,2025-12-30 12:14:28+05:30,3246.5,3,3249.01,822259,103452.0,124486.0,3250.0,3257.0,3239.8,3251.5,43124025,3576.6,2926.4,4322.95,2866.6,3246.5,127,1,3246.4,85,4,3246.3,41,2,3246.2,56,4,3246.1,56,6,3246.6,20,7,3247.5,195,2,3247.6,15,6,3247.8,21,1,3247.9,32,1
11536,2025-12-30 12:14:28+05:30,3246.5,77,3249.01,822259,103452.0,124486.0,3250.0,3257.0,3239.8,3251.5,43124025,3576.6,2926.4,4322.95,2866.6,3246.5,127,1,3246.4,85,4,3246.3,41,2,3246.2,56,4,3246.1,56,6,3246.6,20,7,3247.5,195,2,3247.6,15,6,3247.8,21,1,3247.9,32,1
11536,2025-12-30 12:14:28+05:30,3246.5,77,3249.01,822416,103489.0,124483.0,3250.0,3257.0,3239.8,3251.5,43124025,3576.6,2926.4,4322.95,2866.6,3246.5,130,1,3246.4,73,3,3246.3,21,1,3246.2,34,3,3246.1,56,6,3246.6,19,10,3247.5,195,2,3247.6,5,3,3247.8,21,1,3247.9,83,3
11536,2025-12-30 12:14:29+05:30,3246.5,1,3249.01,822416,103489.0,124483.0,3250.0,3257.0,3239.8,3251.5,43124025,3576.6,2926.4,4322.95,2866.6,3246.5,130,1,3246.4,73,3,3246.3,21,1,3246.2,34,3,3246.1,56,6,3246.6,19,10,3247.5,195,2,3247.6,5,3,3247.8,21,1,3247.9,83,3
11536,2025-12-30 12:14:29+05:30,3246.5,33,3249.01,822518,103509.0,124507.0,3250.0,3257.0,3239.8,3251.5,43124025,3576.6,2926.4,4322.95,2866.6,3246.5,64,1,3246.4,73,3,3246.3,21,1,3246.2,28,2,3246.1,16,2,3246.6,46,9,3247.3,16,1,3247.4,20,1,3247.5,191,2,3247.6,32,1
11536,2025-12-30 12:14:30+05:30,3246.5,20,3249.01,822518,103509.0,124507.0,3250.0,3257.0,3239.8,3251.5,43124025,3576.6,2926.4,4322.95,2866.6,3246.5,64,1,3246.4,73,3,3246.3,21,1,3246.2,28,2,3246.1,16,2,3246.6,46,9,3247.3,16,1,3247.4,20,1,3247.5,191,2,3247.6,32,1
11536,2025-12-30 12:14:31+05:30,3246.5,7,3249.01,822581,103438.0,124538.0,3250.0,3257.0,3239.8,3251.5,43124025,3576.6,2926.4,4322.95,2866.6,3246.5,1,1,3246.4,65,2,3246.3,21,1,3246.2,28,2,3246.1,16,2,3246.6,42,8,3247.3,36,2,3247.4,21,1,3247.5,191,2,3247.6,32,1
11536,2025-12-30 12:14:31+05:30,3246.5,8,3249.01,822581,103438.0,124538.0,3250.0,3257.0,3239.8,3251.5,43124025,3576.6,2926.4,4322.95,2866.6,3246.5,1,1,3246.4,65,2,3246.3,21,1,3246.2,28,2,3246.1,16,2,3246.6,42,8,3247.3,36,2,3247.4,21,1,3247.5,191,2,3247.6,32,1
11536,2025-12-30 12:14:32+05:30,3246.6,3,3249.01,822641,103622.0,124590.0,3250.0,3257.0,3239.8,3251.5,43124025,3576.6,2926.4,4322.95,2866.6,3246.5,104,1,3246.4,65,2,3246.3,21,1,3246.2,40,3,3246.1,45,4,3246.6,22,9,3247.5,175,1,3247.6,42,2,3247.7,24,1,3247.9,87,3
11536,2025-12-30 12:14:32+05:30,3246.5,10,3249.01,822641,103622.0,124590.0,3250.0,3257.0,3239.8,3251.5,43124025,3576.6,2926.4,4322.95,2866.6,3246.5,104,1,3246.4,65,2,3246.3,21,1,3246.2,40,3,3246.1,45,4,3246.6,22,9,3247.5,175,1,3247.6,42,2,3247.7,24,1,3247.9,87,3
11536,2025-12-30 12:14:33+05:30,3246.5,2,3249.01,822676,103620.0,124797.0,3250.0,3257.0,3239.8,3251.5,43124025,3576.6,2926.4,4322.95,2866.6,3246.5,69,1,3246.4,65,2,3246.3,21,1,3246.2,28,2,3246.1,37,3,3246.6,20,7,3247.4,21,1,3247.5,175,1,3247.6,42,2,3247.7,56,2
11536,2025-12-30 12:14:33+05:30,3246.5,6,3249.01,822676,103620.0,124797.0,3250.0,3257.0,3239.8,3251.5,43124025,3576.6,2926.4,4322.95,2866.6,3246.5,69,1,3246.4,65,2,3246.3,21,1,3246.2,28,2,3246.1,37,3,3246.6,20,7,3247.4,21,1,3247.5,175,1,3247.6,42,2,3247.7,56,2
11536,2025-12-30 12:14:34+05:30,3246.5,12,3249.01,822703,103495.0,124773.0,3250.0,3257.0,3239.8,3251.5,43124025,3576.6,2926.4,4322.95,2866.6,3246.5,42,1,3246.4,65,2,3246.3,21,1,3246.2,28,2,3246.1,37,3,3246.6,23,8,3247.3,21,1,3247.4,21,1,3247.5,175,1,3247.6,21,1
11536,2025-12-30 12:14:34+05:30,3246.5,3,3249.01,822703,103495.0,124773.0,3250.0,3257.0,3239.8,3251.5,43124025,3576.6,2926.4,4322.95,2866.6,3246.5,42,1,3246.4,65,2,3246.3,21,1,3246.2,28,2,3246.1,37,3,3246.6,23,8,3247.3,21,1,3247.4,21,1,3247.5,175,1,3247.6,21,1
11536,2025-12-30 12:14:35+05:30,3246.5,11,3249.01,822718,103588.0,124774.0,3250.0,3257.0,3239.8,3251.5,43124025,3576.6,2926.4,4322.95,2866.6,3246.5,28,1,3246.4,65,2,3246.3,21,1,3246.2,28,2,3246.1,37,3,3246.6,24,11,3247.3,21,1,3247.4,21,1,3247.5,175,1,3247.6,21,1
11536,2025-12-30 12:14:35+05:30,3246.5,21,3249.01,822718,103588.0,124774.0,3250.0,3257.0,3239.8,3251.5,43124025,3576.6,2926.4,4322.95,2866.6,3246.5,28,1,3246.4,65,2,3246.3,21,1,3246.2,28,2,3246.1,37,3,3246.6,24,11,3247.3,21,1,3247.4,21,1,3247.5,175,1,3247.6,21,1
11536,2025-12-30 12:14:36+05:30,3246.5,2,3249.01,822749,103681.0,124770.0,3250.0,3257.0,3239.8,3251.5,43124025,3576.6,2926.4,4322.95,2866.6,3246.5,128,1,3246.4,65,2,3246.3,21,1,3246.2,28,2,3246.1,37,3,3246.6,20,10,3247.3,21,1,3247.4,21,1,3247.5,175,1,3247.6,21,1
11536,2025-12-30 12:14:36+05:30,3246.5,77,3249.01,822749,103681.0,124770.0,3250.0,3257.0,3239.8,3251.5,43124025,3576.6,2926.4,4322.95,2866.6,3246.5,128,1,3246.4,65,2,3246.3,21,1,3246.2,28,2,3246.1,37,3,3246.6,20,10,3247.3,21,1,3247.4,21,1,3247.5,175,1,3247.6,21,1
11536,2025-12-30 12:14:37+05:30,3246.5,1,3249.01,822874,103638.0,124887.0,3250.0,3257.0,3239.8,3251.5,43124025,3576.6,2926.4,4322.95,2866.6,3246.5,79,2,3246.4,65,2,3246.3,21,1,3246.2,40,3,3246.1,129,4,3246.6,9,5,3247.7,30,2,3247.8,74,3,3247.9,204,2,3248.0,70,3
11536,2025-12-30 12:14:37+05:30,3246.6,2,3249.01,822874,103638.0,124887.0,3250.0,3257.0,3239.8,3251.5,43124025,3576.6,2926.4,4322.95,2866.6,3246.5,79,2,3246.4,65,2,3246.3,21,1,3246.2,40,3,3246.1,129,4,3246.6,9,5,3247.7,30,2,3247.8,74,3,3247.9,204,2,3248.0,70,3
11536,2025-12-30 12:14:38+05:30,3246.5,1,3249.01,822910,103752.0,124781.0,3250.0,3257.0,3239.8,3251.5,43124025,3576.6,2926.4,4322.95,2866.6,3246.5,96,4,3246.4,95,5,3246.3,72,3,3246.2,165,6,3246.1,53,5,3246.6,11,6,3247.8,217,3,3248.0,48,2,3248.1,68,3,3248.2,21,1
11536,2025-12-30 12:14:38+05:30,3246.5,5,3249.01,822910,103752.0,124781.0,3250.0,3257.0,3239.8,3251.5,43124025,3576.6,2926.4,4322.95,2866.6,3246.5,96,4,3246.4,95,5,3246.3,72,3,3246.2,165,6,3246.1,53,5,3246.6,11,6,3247.8,217,3,3248.0,48,2,3248.1,68,3,3248.2,21,1
11536,2025-12-30 12:14:39+05:30,3246.5,19,3249.01,822934,103719.0,124828.0,3250.0,3257.0,3239.8,3251.5,43124025,3576.6,2926.4,4322.95,2866.6,3246.5,53,2,3246.4,92,4,3246.3,72,3,3246.2,153,5,3246.1,81,6,3246.6,12,8,3247.8,196,2,3248.0,48,2,3248.1,92,4,3248.2,21,1
11536,2025-12-30 12:14:39+05:30,3246.5,7,3249.01,822934,103719.0,124828.0,3250.0,3257.0,3239.8,3251.5,43124025,3576.6,2926.4,4322.95,2866.6,3246.5,53,2,3246.4,92,4,3246.3,72,3,3246.2,153,5,3246.1,81,6,3246.6,12,8,3247.8,196,2,3248.0,48,2,3248.1,92,4,3248.2,21,1
11536,2025-12-30 12:14:40+05:30,3246.5,4,3249.01,823011,103670.0,124717.0,3250.0,3257.0,3239.8,3251.5,43124025,3576.6,2926.4,4322.95,2866.6,3246.5,143,2,3246.4,65,2,3246.3,21,1,3246.2,28,2,3246.1,155,6,3246.6,7,5,3247.7,12,2,3247.8,228,3,3247.9,24,1,3248.0,48,2
11536,2025-12-30 12:14:40+05:30,3246.5,2,3249.01,823011,103670.0,124717.0,3250.0,3257.0,3239.8,3251.5,43124025,3576.6,2926.4,4322.95,2866.6,3246.5,143,2,3246.4,65,2,3246.3,21,1,3246.2,28,2,3246.1,155,6,3246.6,7,5,3247.7,12,2,3247.8,228,3,3247.9,24,1,3248.0,48,2
11536,2025-12-30 12:14:41+05:30,3246.5,2,3249.01,823023,103696.0,124733.0,3250.0,3257.0,3239.8,3251.5,43124025,3576.6,2926.4,4322.95,2866.6,3246.5,131,2,3246.4,65,2,3246.3,21,1,3246.2,60,3,3246.1,63,5,3246.6,7,6,3247.6,30,2,3247.7,12,2,3247.8,228,3,3247.9,49,2
11536,2025-12-30 12:14:41+05:30,3246.5,13,3249.01,823023,103696.0,124733.0,3250.0,3257.0,3239.8,3251.5,43124025,3576.6,2926.4,4322.95,2866.6,3246.5,131,2,3246.4,65,2,3246.3,21,1,3246.2,60,3,3246.1,63,5,3246.6,7,6,3247.6,30,2,3247.7,12,2,3247.8,228,3,3247.9,49,2
11536,2025-12-30 12:14:42+05:30,3246.5,13,3249.01,823041,103678.0,124735.0,3250.0,3257.0,3239.8,3251.5,43124025,3576.6,2926.4,4322.95,2866.6,3246.5,113,1,3246.4,65,2,3246.3,21,1,3246.2,60,3,3246.1,63,5,3246.6,9,9,3247.5,20,1,3247.6,9,1,3247.7,12,2,3247.8,254,4
11536,2025-12-30 12:14:42+05:30,3246.5,2,3249.01,823041,103678.0,124735.0,3250.0,3257.0,3239.8,3251.5,43124025,3576.6,2926.4,4322.95,2866.6,3246.5,113,1,3246.4,65,2,3246.3,21,1,3246.2,60,3,3246.1,63,5,3246.6,9,9,3247.5,20,1,3247.6,9,1,3247.7,12,2,3247.8,254,4
11536,2025-12-30 12:14:43+05:30,3246.5,1,3249.01,823066,103552.0,124747.0,3250.0,3257.0,3239.8,3251.5,43124025,3576.6,2926.4,4322.95,2866.6,3246.5,99,2,3246.4,65,2,3246.3,21,1,3246.2,28,2,3246.1,37,3,3246.6,8,8,3247.3,20,1,3247.4,21,1,3247.6,9,1,3247.7,12,2
11536,2025-12-30 12:14:43+05:30,3246.5,4,3249.01,823066,103552.0,124747.0,3250.0,3257.0,3239.8,3251.5,43124025,3576.6,2926.4,4322.95,2866.6,3246.5,99,2,3246.4,65,2,3246.3,21,1,3246.2,28,2,3246.1,37,3,3246.6,8,8,3247.3,20,1,3247.4,21,1,3247.6,9,1,3247.7,12,2
11536,2025-12-30 12:14:44+05:30,3246.5,4,3249.01,823075,103608.0,124753.0,3250.0,3257.0,3239.8,3251.5,43124025,3576.6,2926.4,4322.95,2866.6,3246.5,90,2,3246.4,65,2,3246.3,21,1,3246.2,60,3,3246.1,55,4,3246.6,8,8,3247.3,20,1,3247.4,21,1,3247.6,9,1,3247.7,12,2
11536,2025-12-30 12:14:44+05:30,3246.5,4,3249.01,823075,103608.0,124753.0,3250.0,3257.0,3239.8,3251.5,43124025,3576.6,2926.4,4322.95,2866.6,3246.5,90,2,3246.4,65,2,3246.3,21,1,3246.2,60,3,3246.1,55,4,3246.6,8,8,3247.3,20,1,3247.4,21,1,3247.6,9,1,3247.7,12,2
11536,2025-12-30 12:14:44+05:30,3246.5,4,3249.01,823103,103462.0,124766.0,3250.0,3257.0,3239.8,3251.5,43124025,3576.6,2926.4,4322.95,2866.6,3246.5,62,2,3246.4,65,2,3246.3,21,1,3246.2,28,2,3246.1,16,2,3246.6,8,8,3247.0,20,1,3247.2,9,1,3247.3,20,1,3247.4,21,1
11536,2025-12-30 12:14:45+05:30,3246.6,1,3249.01,823103,103462.0,124766.0,3250.0,3257.0,3239.8,3251.5,43124025,3576.6,2926.4,4322.95,2866.6,3246.5,62,2,3246.4,65,2,3246.3,21,1,3246.2,28,2,3246.1,16,2,3246.6,8,8,3247.0,20,1,3247.2,9,1,3247.3,20,1,3247.4,21,1
11536,2025-12-30 12:14:45+05:30,3246.6,1,3249.01,823110,103449.0,124730.0,3250.0,3257.0,3239.8,3251.5,43124025,3576.6,2926.4,4322.95,2866.6,3246.5,57,2,3246.4,65,2,3246.3,21,1,3246.2,28,2,3246.1,16,2,3246.6,9,9,3247.1,20,1,3247.3,21,1,3247.4,24,1,3247.6,206,3
11536,2025-12-30 12:14:46+05:30,3246.5,7,3249.01,823121,103546.0,124743.0,3250.0,3257.0,3239.8,3251.5,43124025,3576.6,2926.4,4322.95,2866.6,3246.5,47,2,3246.4,65,2,3246.3,21,1,3246.2,28,2,3246.1,16,2,3246.6,22,9,3247.1,20,1,3247.3,21,1,3247.4,24,1,3247.6,206,3
11536,2025-12-30 12:14:46+05:30,3246.5,29,3249.01,823121,103546.0,124743.0,3250.0,3257.0,3239.8,3251.5,43124025,3576.6,2926.4,4322.95,2866.6,3246.5,47,2,3246.4,65,2,3246.3,21,1,3246.2,28,2,3246.1,16,2,3246.6,22,9,3247.1,20,1,3247.3,21,1,3247.4,24,1,3247.6,206,3
11536,2025-12-30 12:14:47+05:30,3246.5,1,3249.01,823200,103569.0,124886.0,3250.0,3257.0,3239.8,3251.5,43124025,3576.6,2926.4,4322.95,2866.6,3246.5,79,3,3246.4,65,2,3246.3,21,1,3246.2,28,2,3246.1,16,2,3246.6,26,10,3247.1,20,1,3247.3,40,2,3247.4,24,1,3247.5,22,1
11536,2025-12-30 12:14:47+05:30,3246.5,1,3249.01,823200,103569.0,124886.0,3250.0,3257.0,3239.8,3251.5,43124025,3576.6,2926.4,4322.95,2866.6,3246.5,79,3,3246.4,65,2,3246.3,21,1,3246.2,28,2,3246.1,16,2,3246.6,26,10,3247.1,20,1,3247.3,40,2,3247.4,24,1,3247.5,22,1
11536,2025-12-30 12:14:48+05:30,3246.5,2,3249.01,823209,103571.0,124964.0,3250.0,3257.0,3239.8,3251.5,43124025,3576.6,2926.4,4322.95,2866.6,3246.5,70,3,3246.4,65,2,3246.3,21,1,3246.2,28,2,3246.1,16,2,3246.6,23,7,3247.1,20,1,3247.3,21,1,3247.4,24,1,3247.5,22,1
11536,2025-12-30 12:14:48+05:30,3246.5,2,3249.01,823209,103571.0,124964.0,3250.0,3257.0,3239.8,3251.5,43124025,3576.6,2926.4,4322.95,2866.6,3246.5,70,3,3246.4,65,2,3246.3,21,1,3246.2,28,2,3246.1,16,2,3246.6,23,7,3247.1,20,1,3247.3,21,1,3247.4,24,1,3247.5,22,1
11536,2025-12-30 12:14:49+05:30,3246.5,2,3249.01,823235,103538.0,124961.0,3250.0,3257.0,3239.8,3251.5,43124025,3576.6,2926.4,4322.95,2866.6,3246.5,44,3,3246.4,65,2,3246.3,21,1,3246.2,28,2,3246.1,16,2,3246.6,20,6,3247.1,20,1,3247.3,21,1,3247.4,24,1,3247.5,22,1
11536,2025-12-30 12:14:49+05:30,3246.5,2,3249.01,823235,103538.0,124961.0,3250.0,3257.0,3239.8,3251.5,43124025,3576.6,2926.4,4322.95,2866.6,3246.5,44,3,3246.4,65,2,3246.3,21,1,3246.2,28,2,3246.1,16,2,3246.6,20,6,3247.1,20,1,3247.3,21,1,3247.4,24,1,3247.5,22,1
11536,2025-12-30 12:14:50+05:30,3246.5,12,3249.01,823250,103524.0,124961.0,3250.0,3257.0,3239.8,3251.5,43124025,3576.6,2926.4,4322.95,2866.6,3246.5,30,3,3246.4,65,2,3246.3,21,1,3246.2,28,2,3246.1,16,2,3246.6,18,6,3247.1,20,1,3247.3,21,1,3247.4,24,1,3247.5,22,1
11536,2025-12-30 12:14:50+05:30,3246.5,12,3249.01,823250,103524.0,124961.0,3250.0,3257.0,3239.8,3251.5,43124025,3576.6,2926.4,4322.95,2866.6,3246.5,30,3,3246.4,65,2,3246.3,21,1,3246.2,28,2,3246.1,16,2,3246.6,18,6,3247.1,20,1,3247.3,21,1,3247.4,24,1,3247.5,22,1
11536,2025-12-30 12:14:51+05:30,3246.5,1,3249.01,823258,103535.0,124954.0,3250.0,3257.0,3239.8,3251.5,43124025,3576.6,2926.4,4322.95,2866.6,3246.5,22,3,3246.4,65,2,3246.3,21,1,3246.2,28,2,3246.1,16,2,3246.6,18,6,3247.1,20,1,3247.3,21,1,3247.4,24,1,3247.5,22,1
11536,2025-12-30 12:14:51+05:30,3246.5,1,3249.01,823258,103535.0,124954.0,3250.0,3257.0,3239.8,3251.5,43124025,3576.6,2926.4,4322.95,2866.6,3246.5,22,3,3246.4,65,2,3246.3,21,1,3246.2,28,2,3246.1,16,2,3246.6,18,6,3247.1,20,1,3247.3,21,1,3247.4,24,1,3247.5,22,1
11536,2025-12-30 12:14:52+05:30,3246.5,1,3249.01,823265,103593.0,124952.0,3250.0,3257.0,3239.8,3251.5,43124025,3576.6,2926.4,4322.95,2866.6,3246.5,66,3,3246.4,65,2,3246.3,21,1,3246.2,42,3,3246.1,16,2,3246.6,18,6,3247.1,20,1,3247.3,21,1,3247.5,22,1,3247.6,259,5
11536,2025-12-30 12:14:52+05:30,3246.5,4,3249.01,823265,103593.0,124952.0,3250.0,3257.0,3239.8,3251.5,43124025,3576.6,2926.4,4322.95,2866.6,3246.5,66,3,3246.4,65,2,3246.3,21,1,3246.2,42,3,3246.1,16,2,3246.6,18,6,3247.1,20,1,3247.3,21,1,3247.5,22,1,3247.6,259,5
11536,2025-12-30 12:14:53+05:30,3246.6,1,3249.01,823270,103596.0,124961.0,3250.0,3257.0,3239.8,3251.5,43124025,3576.6,2926.4,4322.95,2866.6,3246.5,62,3,3246.4,65,2,3246.3,21,1,3246.2,42,3,3246.1,16,2,3246.6,20,9,3247.1,20,1,3247.3,21,1,3247.5,22,1,3247.6,259,5
11536,2025-12-30 12:14:53+05:30,3246.5,2,3249.01,823270,103596.0,124961.0,3250.0,3257.0,3239.8,3251.5,43124025,3576.6,2926.4,4322.95,2866.6,3246.5,62,3,3246.4,65,2,3246.3,21,1,3246.2,42,3,3246.1,16,2,3246.6,20,9,3247.1,20,1,3247.3,21,1,3247.5,22,1,3247.6,259,5
11536,2025-12-30 12:14:54+05:30,3246.6,8,3249.01,823303,103726.0,124375.0,3250.0,3257.0,3239.8,3251.5,43124025,3576.6,2926.4,4322.95,2866.6,3246.6,4,1,3246.5,116,4,3246.4,73,3,3246.3,21,1,3246.2,205,4,3247.3,43,3,3247.4,20,1,3247.5,22,1,3247.6,259,5,3247.7,12,2
11536,2025-12-30 12:14:54+05:30,3246.6,8,3249.01,823303,103726.0,124375.0,3250.0,3257.0,3239.8,3251.5,43124025,3576.6,2926.4,4322.95,2866.6,3246.6,4,1,3246.5,116,4,3246.4,73,3,3246.3,21,1,3246.2,205,4,3247.3,43,3,3247.4,20,1,3247.5,22,1,3247.6,259,5,3247.7,12,2
11536,2025-12-30 12:14:55+05:30,3247.3,1,3249.01,823304,103924.0,124323.0,3250.0,3257.0,3239.8,3251.5,43124025,3576.6,2926.4,4322.95,2866.6,3246.6,4,1,3246.5,116,4,3246.4,74,4,3246.3,21,1,3246.2,347,7,3247.3,22,3,3247.4,20,1,3247.7,3,1,3247.8,197,2,3247.9,63,2
11536,2025-12-30 12:14:55+05:30,3247.3,1,3249.01,823304,103924.0,124323.0,3250.0,3257.0,3239.8,3251.5,43124025,3576.6,2926.4,4322.95,2866.6,3246.6,4,1,3246.5,116,4,3246.4,74,4,3246.3,21,1,3246.2,347,7,3247.3,22,3,3247.4,20,1,3247.7,3,1,3247.8,197,2,3247.9,63,2
11536,2025-12-30 12:14:56+05:30,3246.6,8,3249.01,823321,104000.0,124377.0,3250.0,3257.0,3239.8,3251.5,43124025,3576.6,2926.4,4322.95,2866.6,3246.6,119,2,3246.5,116,4,3246.4,100,6,3246.3,73,3,3246.2,315,6,3247.3,31,3,3247.4,20,1,3247.7,24,2,3247.8,197,2,3247.9,63,2
11536,2025-12-30 12:14:56+05:30,3246.6,49,3249.01,823321,104000.0,124377.0,3250.0,3257.0,3239.8,3251.5,43124025,3576.6,2926.4,4322.95,2866.6,3246.6,119,2,3246.5,116,4,3246.4,100,6,3246.3,73,3,3246.2,315,6,3247.3,31,3,3247.4,20,1,3247.7,24,2,3247.8,197,2,3247.9,63,2
11536,2025-12-30 12:14:57+05:30,3246.5,1,3249.01,823371,103445.0,124981.0,3250.0,3257.0,3239.8,3251.5,43124025,3576.6,2926.4,4322.95,2866.6,3246.5,115,4,3246.4,154,6,3246.3,73,3,3246.2,66,4,3246.1,73,7,3246.6,11,3,3247.3,208,6,3247.6,20,1,3247.7,24,2,3247.9,95,3
11536,2025-12-30 12:14:57+05:30,3246.5,3,3249.01,823371,103445.0,124981.0,3250.0,3257.0,3239.8,3251.5,43124025,3576.6,2926.4,4322.95,2866.6,3246.5,115,4,3246.4,154,6,3246.3,73,3,3246.2,66,4,3246.1,73,7,3246.6,11,3,3247.3,208,6,3247.6,20,1,3247.7,24,2,3247.9,95,3
11536,2025-12-30 12:14:58+05:30,3246.5,2,3249.01,823379,103442.0,124966.0,3250.0,3257.0,3239.8,3251.5,43124025,3576.6,2926.4,4322.95,2866.6,3246.5,107,3,3246.4,154,6,3246.3,41,2,3246.2,66,4,3246.1,73,7,3246.6,13,5,3247.2,20,1,3247.3,206,4,3247.5,21,1,3247.7,3,1
11536,2025-12-30 12:14:58+05:30,3246.5,29,3249.01,823379,103442.0,124966.0,3250.0,3257.0,3239.8,3251.5,43124025,3576.6,2926.4,4322.95,2866.6,3246.5,107,3,3246.4,154,6,3246.3,41,2,3246.2,66,4,3246.1,73,7,3246.6,13,5,3247.2,20,1,3247.3,206,4,3247.5,21,1,3247.7,3,1
11536,2025-12-30 12:14:59+05:30,3246.5,15,3249.01,823425,103476.0,125061.0,3250.0,3257.0,3239.8,3251.5,43124025,3576.6,2926.4,4322.95,2866.6,3246.5,131,4,3246.4,67,4,3246.3,21,1,3246.2,28,2,3246.1,22,3,3246.6,6,6,3247.1,20,1,3247.2,21,1,3247.3,205,3,3247.5,21,1
11536,2025-12-30 12:14:59+05:30,3246.5,2,3249.01,823425,103476.0,125061.0,3250.0,3257.0,3239.8,3251.5,43124025,3576.6,2926.4,4322.95,2866.6,3246.5,131,4,3246.4,67,4,3246.3,21,1,3246.2,28,2,3246.1,22,3,3246.6,6,6,3247.1,20,1,3247.2,21,1,3247.3,205,3,3247.5,21,1
11536,2025-12-30 12:15:00+05:30,3246.6,3,3249.01,823460,103514.0,124588.0,3250.0,3257.0,3239.8,3251.5,43124025,3576.6,2926.4,4322.95,2866.6,3246.6,47,1,3246.5,55,2,3246.4,67,4,3246.3,21,1,3246.2,28,2,3247.2,21,1,3247.3,204,2,3247.4,40,2,3247.6,56,3,3247.7,35,2
11536,2025-12-30 12:15:00+05:30,3246.6,3,3249.01,823460,103514.0,124588.0,3250.0,3257.0,3239.8,3251.5,43124025,3576.6,2926.4,4322.95,2866.6,3246.6,47,1,3246.5,55,2,3246.4,67,4,3246.3,21,1,3246.2,28,2,3247.2,21,1,3247.3,204,2,3247.4,40,2,3247.6,56,3,3247.7,35,2
11536,2025-12-30 12:15:01+05:30,3247.2,1,3249.01,823461,103494.0,125219.0,3250.0,3257.0,3239.8,3251.5,43124025,3576.6,2926.4,4322.95,2866.6,3246.6,47,1,3246.5,55,2,3246.4,67,4,3246.3,21,1,3246.2,28,2,3247.2,50,5,3247.3,204,2,3247.4,21,1,3247.6,56,3,3247.7,35,2
11536,2025-12-30 12:15:01+05:30,3247.2,1,3249.01,823461,103494.0,125219.0,3250.0,3257.0,3239.8,3251.5,43124025,3576.6,2926.4,4322.95,2866.6,3246.6,47,1,3246.5,55,2,3246.4,67,4,3246.3,21,1,3246.2,28,2,3247.2,50,5,3247.3,204,2,3247.4,21,1,3247.6,56,3,3247.7,35,2
11536,2025-12-30 12:15:02+05:30,3247.2,1,3249.01,823461,103648.0,125151.0,3250.0,3257.0,3239.8,3251.5,43124025,3576.6,2926.4,4322.95,2866.6,3246.9,47,1,3246.5,55,2,3246.4,67,4,3246.3,21,1,3246.2,28,2,3247.2,50,5,3247.3,204,2,3247.4,38,2,3247.5,20,1,3247.6,56,3
11536,2025-12-30 12:15:02+05:30,3246.9,10,3249.01,823461,103648.0,125151.0,3250.0,3257.0,3239.8,3251.5,43124025,3576.6,2926.4,4322.95,2866.6,3246.9,47,1,3246.5,55,2,3246.4,67,4,3246.3,21,1,3246.2,28,2,3247.2,50,5,3247.3,204,2,3247.4,38,2,3247.5,20,1,3247.6,56,3
11536,2025-12-30 12:15:03+05:30,3247.3,64,3249.01,823614,103845.0,125069.0,3250.0,3257.0,3239.8,3251.5,43124025,3576.6,2926.4,4322.95,2866.6,3246.9,36,1,3246.5,55,2,3246.4,87,5,3246.3,21,1,3246.2,28,2,3247.3,111,1,3247.4,21,1,3247.6,42,2,3247.7,57,2,3247.8,49,2
11536,2025-12-30 12:15:03+05:30,3247.3,64,3249.01,823614,103845.0,125069.0,3250.0,3257.0,3239.8,3251.5,43124025,3576.6,2926.4,4322.95,2866.6,3246.9,36,1,3246.5,55,2,3246.4,87,5,3246.3,21,1,3246.2,28,2,3247.3,111,1,3247.4,21,1,3247.6,42,2,3247.7,57,2,3247.8,49,2
11536,2025-12-30 12:15:04+05:30,3247.3,1,3249.01,823615,104411.0,124418.0,3250.0,3257.0,3239.8,3251.5,43124025,3576.6,2926.4,4322.95,2866.6,3247.2,36,1,3246.5,55,2,3246.4,253,8,3246.3,113,2,3246.2,249,5,3247.3,118,3,3247.6,39,2,3247.8,20,1,3247.9,75,3,3248.0,34,2
11536,2025-12-30 12:15:04+05:30,3247.3,1,3249.01,823615,104411.0,124418.0,3250.0,3257.0,3239.8,3251.5,43124025,3576.6,2926.4,4322.95,2866.6,3247.2,36,1,3246.5,55,2,3246.4,253,8,3246.3,113,2,3246.2,249,5,3247.3,118,3,3247.6,39,2,3247.8,20,1,3247.9,75,3,3248.0,34,2
11536,2025-12-30 12:15:05+05:30,3247.3,1,3249.01,823791,104855.0,123819.0,3250.0,3257.0,3239.8,3251.5,43124025,3576.6,2926.4,4322.95,2866.6,3247.2,135,3,3246.7,54,3,3246.6,285,4,3246.5,32,3,3246.4,334,11,3247.3,14,4,3248.0,122,3,3248.2,76,3,3248.3,2,1,3248.4,80,4
11536,2025-12-30 12:15:05+05:30,3247.2,42,3249.01,823791,104855.0,123819.0,3250.0,3257.0,3239.8,3251.5,43124025,3576.6,2926.4,4322.95,2866.6,3247.2,135,3,3246.7,54,3,3246.6,285,4,3246.5,32,3,3246.4,334,11,3247.3,14,4,3248.0,122,3,3248.2,76,3,3248.3,2,1,3248.4,80,4
11536,2025-12-30 12:15:06+05:30,3247.2,11,3249.01,823888,105002.0,123728.0,3250.0,3257.0,3239.8,3251.5,43124025,3576.6,2926.4,4322.95,2866.6,3247.2,124,3,3246.9,15,1,3246.8,75,3,3246.7,25,1,3246.6,323,6,3247.3,16,7,3248.0,113,2,3248.1,19,1,3248.2,21,1,3248.3,2,1
11536,2025-12-30 12:15:06+05:30,3247.2,57,3249.01,823888,105002.0,123728.0,3250.0,3257.0,3239.8,3251.5,43124025,3576.6,2926.4,4322.95,2866.6,3247.2,124,3,3246.9,15,1,3246.8,75,3,3246.7,25,1,3246.6,323,6,3247.3,16,7,3248.0,113,2,3248.1,19,1,3248.2,21,1,3248.3,2,1
11536,2025-12-30 12:15:07+05:30,3247.2,1,3249.01,824038,104795.0,123810.0,3250.0,3257.0,3239.8,3251.5,43124025,3576.6,2926.4,4322.95,2866.6,3247.2,59,2,3246.6,159,2,3246.5,66,4,3246.4,293,10,3246.3,234,6,3247.3,18,9,3247.7,19,1,3247.8,20,1,3247.9,20,1,3248.0,134,3
11536,2025-12-30 12:15:07+05:30,3247.2,1,3249.01,824038,104795.0,123810.0,3250.0,3257.0,3239.8,3251.5,43124025,3576.6,2926.4,4322.95,2866.6,3247.2,59,2,3246.6,159,2,3246.5,66,4,3246.4,293,10,3246.3,234,6,3247.3,18,9,3247.7,19,1,3247.8,20,1,3247.9,20,1,3248.0,134,3
11536,2025-12-30 12:15:08+05:30,3247.2,10,3249.01,824061,104776.0,123812.0,3250.0,3257.0,3239.8,3251.5,43124025,3576.6,2926.4,4322.95,2866.6,3247.2,36,2,3246.6,159,2,3246.5,66,4,3246.4,293,10,3246.3,234,6,3247.3,20,12,3247.7,19,1,3247.8,20,1,3247.9,20,1,3248.0,134,3
11536,2025-12-30 12:15:08+05:30,3247.2,7,3249.01,824061,104776.0,123812.0,3250.0,3257.0,3239.8,3251.5,43124025,3576.6,2926.4,4322.95,2866.6,3247.2,36,2,3246.6,159,2,3246.5,66,4,3246.4,293,10,3246.3,234,6,3247.3,20,12,3247.7,19,1,3247.8,20,1,3247.9,20,1,3248.0,134,3
11536,2025-12-30 12:15:09+05:30,3247.2,13,3249.01,824190,104748.0,124459.0,3250.0,3257.0,3239.8,3251.5,43124025,3576.6,2926.4,4322.95,2866.6,3247.2,29,2,3246.6,156,1,3246.5,6,1,3246.4,270,8,3246.3,64,2,3247.3,31,12,3247.5,20,1,3247.6,19,1,3247.7,20,1,3247.8,21,1
11536,2025-12-30 12:15:09+05:30,3247.2,7,3249.01,824190,104748.0,124459.0,3250.0,3257.0,3239.8,3251.5,43124025,3576.6,2926.4,4322.95,2866.6,3247.2,29,2,3246.6,156,1,3246.5,6,1,3246.4,270,8,3246.3,64,2,3247.3,31,12,3247.5,20,1,3247.6,19,1,3247.7,20,1,3247.8,21,1
11536,2025-12-30 12:15:10+05:30,3247.2,10,3249.01,824229,104795.0,124579.0,3250.0,3257.0,3239.8,3251.5,43124025,3576.6,2926.4,4322.95,2866.6,3247.2,75,2,3246.6,156,1,3246.5,6,1,3246.4,240,7,3246.3,64,2,3247.3,43,12,3247.5,20,1,3247.6,19,1,3247.7,20,1,3247.8,42,2
11536,2025-12-30 12:15:10+05:30,3247.2,1,3249.01,824229,104795.0,124579.0,3250.0,3257.0,3239.8,3251.5,43124025,3576.6,2926.4,4322.95,2866.6,3247.2,75,2,3246.6,156,1,3246.5,6,1,3246.4,240,7,3246.3,64,2,3247.3,43,12,3247.5,20,1,3247.6,19,1,3247.7,20,1,3247.8,42,2
11536,2025-12-30 12:15:11+05:30,3247.2,1,3249.01,824262,104677.0,124459.0,3250.0,3257.0,3239.8,3251.5,43124025,3576.6,2926.4,4322.95,2866.6,3247.2,42,2,3246.6,156,1,3246.5,6,1,3246.4,240,7,3246.3,159,4,3247.3,40,11,3247.6,19,1,3247.8,21,1,3247.9,47,2,3248.0,167,4
11536,2025-12-30 12:15:11+05:30,3247.2,13,3249.01,824262,104677.0,124459.0,3250.0,3257.0,3239.8,3251.5,43124025,3576.6,2926.4,4322.95,2866.6,3247.2,42,2,3246.6,156,1,3246.5,6,1,3246.4,240,7,3246.3,159,4,3247.3,40,11,3247.6,19,1,3247.8,21,1,3247.9,47,2,3248.0,167,4
11536,2025-12-30 12:15:12+05:30,3247.3,2,3249.01,824293,104648.0,124521.0,3250.0,3257.0,3239.8,3251.5,43124025,3576.6,2926.4,4322.95,2866.6,3247.2,13,2,3246.6,156,1,3246.5,6,1,3246.4,240,7,3246.3,159,4,3247.3,38,13,3247.6,19,1,3247.7,20,1,3247.8,21,1,3247.9,47,2
11536,2025-12-30 12:15:12+05:30,3247.2,2,3249.01,824293,104648.0,124521.0,3250.0,3257.0,3239.8,3251.5,43124025,3576.6,2926.4,4322.95,2866.6,3247.2,13,2,3246.6,156,1,3246.5,6,1,3246.4,240,7,3246.3,159,4,3247.3,38,13,3247.6,19,1,3247.7,20,1,3247.8,21,1,3247.9,47,2
11536,2025-12-30 12:15:13+05:30,3247.2,8,3249.01,824320,104300.0,124551.0,3250.0,3257.0,3239.8,3251.5,43124025,3576.6,2926.4,4322.95,2866.6,3247.2,71,2,3246.5,6,1,3246.4,84,6,3246.3,67,3,3246.2,249,5,3247.3,147,13,3247.5,18,1,3247.6,19,1,3247.7,34,1,3247.8,62,3
11536,2025-12-30 12:15:13+05:30,3247.2,4,3249.01,824320,104300.0,124551.0,3250.0,3257.0,3239.8,3251.5,43124025,3576.6,2926.4,4322.95,2866.6,3247.2,71,2,3246.5,6,1,3246.4,84,6,3246.3,67,3,3246.2,249,5,3247.3,147,13,3247.5,18,1,3247.6,19,1,3247.7,34,1,3247.8,62,3
11536,2025-12-30 12:15:14+05:30,3247.2,1,3249.01,824335,104423.0,124568.0,3250.0,3257.0,3239.8,3251.5,43124025,3576.6,2926.4,4322.95,2866.6,3247.2,56,2,3246.5,6,1,3246.4,240,7,3246.3,67,3,3246.2,249,5,3247.3,148,14,3247.5,18,1,3247.6,19,1,3247.7,65,3,3247.8,54,3
11536,2025-12-30 12:15:14+05:30,3247.2,5,3249.01,824335,104423.0,124568.0,3250.0,3257.0,3239.8,3251.5,43124025,3576.6,2926.4,4322.95,2866.6,3247.2,56,2,3246.5,6,1,3246.4,240,7,3246.3,67,3,3246.2,249,5,3247.3,148,14,3247.5,18,1,3247.6,19,1,3247.7,65,3,3247.8,54,3
11536,2025-12-30 12:15:15+05:30,3247.2,1,3249.01,824349,104410.0,124586.0,3250.0,3257.0,3239.8,3251.5,43124025,3576.6,2926.4,4322.95,2866.6,3247.2,43,2,3246.5,6,1,3246.4,240,7,3246.3,67,3,3246.2,249,5,3247.3,147,14,3247.4,18,1,3247.6,38,2,3247.7,65,3,3247.8,54,3
11536,2025-12-30 12:15:15+05:30,3247.3,1,3249.01,824349,104410.0,124586.0,3250.0,3257.0,3239.8,3251.5,43124025,3576.6,2926.4,4322.95,2866.6,3247.2,43,2,3246.5,6,1,3246.4,240,7,3246.3,67,3,3246.2,249,5,3247.3,147,14,3247.4,18,1,3247.6,38,2,3247.7,65,3,3247.8,54,3
11536,2025-12-30 12:15:16+05:30,3247.2,1,3249.01,824361,104400.0,124652.0,3250.0,3257.0,3239.8,3251.5,43124025,3576.6,2926.4,4322.95,2866.6,3247.2,33,2,3246.5,6,1,3246.4,240,7,3246.3,67,3,3246.2,249,5,3247.3,144,13,3247.4,18,1,3247.6,38,2,3247.7,55,2,3247.8,54,3
11536,2025-12-30 12:15:16+05:30,3247.2,49,3249.01,824361,104400.0,124652.0,3250.0,3257.0,3239.8,3251.5,43124025,3576.6,2926.4,4322.95,2866.6,3247.2,33,2,3246.5,6,1,3246.4,240,7,3246.3,67,3,3246.2,249,5,3247.3,144,13,3247.4,18,1,3247.6,38,2,3247.7,55,2,3247.8,54,3
11536,2025-12-30 12:15:17+05:30,3247.3,4,3249.01,824450,104426.0,124649.0,3250.0,3257.0,3239.8,3251.5,43124025,3576.6,2926.4,4322.95,2866.6,3247.2,33,2,3246.6,4,1,3246.5,6,1,3246.4,240,7,3246.3,67,3,3247.3,141,11,3247.4,18,1,3247.6,38,2,3247.7,55,2,3247.8,54,3
11536,2025-12-30 12:15:17+05:30,3247.3,72,3249.01,824450,104426.0,124649.0,3250.0,3257.0,3239.8,3251.5,43124025,3576.6,2926.4,4322.95,2866.6,3247.2,33,2,3246.6,4,1,3246.5,6,1,3246.4,240,7,3246.3,67,3,3247.3,141,11,3247.4,18,1,3247.6,38,2,3247.7,55,2,3247.8,54,3
11536,2025-12-30 12:15:18+05:30,3247.2,4,3249.01,824548,104297.0,124484.0,3250.0,3257.0,3239.8,3251.5,43124025,3576.6,2926.4,4322.95,2866.6,3247.2,29,3,3246.6,4,1,3246.5,6,1,3246.4,240,7,3246.3,165,5,3247.3,53,10,3247.6,19,1,3247.8,62,3,3247.9,40,2,3248.0,91,5
11536,2025-12-30 12:15:18+05:30,3247.2,1,3249.01,824548,104297.0,124484.0,3250.0,3257.0,3239.8,3251.5,43124025,3576.6,2926.4,4322.95,2866.6,3247.2,29,3,3246.6,4,1,3246.5,6,1,3246.4,240,7,3246.3,165,5,3247.3,53,10,3247.6,19,1,3247.8,62,3,3247.9,40,2,3248.0,91,5
11536,2025-12-30 12:15:19+05:30,3247.2,1,3249.01,824578,104336.0,124480.0,3250.0,3257.0,3239.8,3251.5,43124025,3576.6,2926.4,4322.95,2866.6,3247.2,20,3,3246.6,4,1,3246.5,6,1,3246.4,240,7,3246.3,165,5,3247.3,49,8,3247.6,19,1,3247.7,21,1,3247.8,41,2,3247.9,61,3
11536,2025-12-30 12:15:19+05:30,3247.2,1,3249.01,824578,104336.0,124480.0,3250.0,3257.0,3239.8,3251.5,43124025,3576.6,2926.4,4322.95,2866.6,3247.2,20,3,3246.6,4,1,3246.5,6,1,3246.4,240,7,3246.3,165,5,3247.3,49,8,3247.6,19,1,3247.7,21,1,3247.8,41,2,3247.9,61,3
11536,2025-12-30 12:15:20+05:30,3246.4,1,3249.0,824708,103367.0,125480.0,3250.0,3257.0,3239.8,3251.5,43124025,3576.6,2926.4,4322.95,2866.6,3246.4,1,1,3246.3,21,1,3246.2,48,3,3246.1,73,4,3246.0,96,6,3246.5,30,1,3247.1,2,1,3247.2,1,1,3247.3,181,6,3247.6,3,1
11536,2025-12-30 12:15:20+05:30,3246.4,1,3249.0,824708,103367.0,125480.0,3250.0,3257.0,3239.8,3251.5,43124025,3576.6,2926.4,4322.95,2866.6,3246.4,1,1,3246.3,21,1,3246.2,48,3,3246.1,73,4,3246.0,96,6,3246.5,30,1,3247.1,2,1,3247.2,1,1,3247.3,181,6,3247.6,3,1
11536,2025-12-30 12:15:21+05:30,3246.3,11,3249.0,824755,103049.0,125484.0,3250.0,3257.0,3239.8,3251.5,43124025,3576.6,2926.4,4322.95,2866.6,3246.3,12,2,3246.2,43,3,3246.1,99,6,3246.0,93,6,3245.9,175,4,3246.4,30,1,3246.5,7,3,3247.1,2,1,3247.2,1,1,3247.3,178,4
11536,2025-12-30 12:15:21+05:30,3246.3,8,3249.0,824755,103049.0,125484.0,3250.0,3257.0,3239.8,3251.5,43124025,3576.6,2926.4,4322.95,2866.6,3246.3,12,2,3246.2,43,3,3246.1,99,6,3246.0,93,6,3245.9,175,4,3246.4,30,1,3246.5,7,3,3247.1,2,1,3247.2,1,1,3247.3,178,4
11536,2025-12-30 12:15:22+05:30,3246.3,1,3249.0,824765,103052.0,125406.0,3250.0,3257.0,3239.8,3251.5,43124025,3576.6,2926.4,4322.95,2866.6,3246.3,35,4,3246.2,28,2,3246.1,99,6,3246.0,93,6,3245.9,175,4,3246.4,34,5,3246.5,7,3,3247.1,2,1,3247.3,176,2,3247.6,3,1
11536,2025-12-30 12:15:22+05:30,3246.3,5,3249.0,824765,103052.0,125406.0,3250.0,3257.0,3239.8,3251.5,43124025,3576.6,2926.4,4322.95,2866.6,3246.3,35,4,3246.2,28,2,3246.1,99,6,3246.0,93,6,3245.9,175,4,3246.4,34,5,3246.5,7,3,3247.1,2,1,3247.3,176,2,3247.6,3,1
11536,2025-12-30 12:15:23+05:30,3246.3,5,3249.0,824830,103061.0,125437.0,3250.0,3257.0,3239.8,3251.5,43124025,3576.6,2926.4,4322.95,2866.6,3246.3,23,2,3246.2,40,3,3246.1,114,7,3246.0,75,5,3245.9,175,4,3246.4,37,7,3246.5,2,1,3247.3,175,1,3247.6,24,2,3247.7,53,2
11536,2025-12-30 12:15:23+05:30,3246.4,2,3249.0,824830,103061.0,125437.0,3250.0,3257.0,3239.8,3251.5,43124025,3576.6,2926.4,4322.95,2866.6,3246.3,23,2,3246.2,40,3,3246.1,114,7,3246.0,75,5,3245.9,175,4,3246.4,37,7,3246.5,2,1,3247.3,175,1,3247.6,24,2,3247.7,53,2
11536,2025-12-30 12:15:24+05:30,3246.4,1,3249.0,824936,103536.0,125348.0,3250.0,3257.0,3239.8,3251.5,43124025,3576.6,2926.4,4322.95,2866.6,3246.3,55,5,3246.2,62,4,3246.1,230,9,3246.0,183,7,3245.9,173,4,3246.4,8,6,3247.3,175,1,3247.6,24,2,3247.7,53,2,3247.8,68,3
11536,2025-12-30 12:15:24+05:30,3246.3,3,3249.0,824936,103536.0,125348.0,3250.0,3257.0,3239.8,3251.5,43124025,3576.6,2926.4,4322.95,2866.6,3246.3,55,5,3246.2,62,4,3246.1,230,9,3246.0,183,7,3245.9,173,4,3246.4,8,6,3247.3,175,1,3247.6,24,2,3247.7,53,2,3247.8,68,3
11536,2025-12-30 12:15:25+05:30,3246.4,1,3249.0,824942,103529.0,125358.0,3250.0,3257.0,3239.8,3251.5,43124025,3576.6,2926.4,4322.95,2866.6,3246.3,13,3,3246.2,105,6,3246.1,179,7,3246.0,183,7,3245.9,194,5,3246.4,10,8,3247.3,175,1,3247.6,24,2,3247.7,53,2,3247.8,68,3
11536,2025-12-30 12:15:25+05:30,3246.3,5,3249.0,824942,103529.0,125358.0,3250.0,3257.0,3239.8,3251.5,43124025,3576.6,2926.4,4322.95,2866.6,3246.3,13,3,3246.2,105,6,3246.1,179,7,3246.0,183,7,3245.9,194,5,3246.4,10,8,3247.3,175,1,3247.6,24,2,3247.7,53,2,3247.8,68,3
11536,2025-12-30 12:15:26+05:30,3246.3,1,3249.0,824960,103263.0,125386.0,3250.0,3257.0,3239.8,3251.5,43124025,3576.6,2926.4,4322.95,2866.6,3246.3,35,4,3246.2,105,6,3246.1,81,6,3246.0,91,6,3245.9,286,6,3246.4,8,7,3247.3,175,1,3247.6,24,2,3247.7,53,2,3247.8,68,3
11536,2025-12-30 12:15:26+05:30,3246.3,8,3249.0,824960,103263.0,125386.0,3250.0,3257.0,3239.8,3251.5,43124025,3576.6,2926.4,4322.95,2866.6,3246.3,35,4,3246.2,105,6,3246.1,81,6,3246.0,91,6,3245.9,286,6,3246.4,8,7,3247.3,175,1,3247.6,24,2,3247.7,53,2,3247.8,68,3
11536,2025-12-30 12:15:27+05:30,3246.3,6,3249.0,825064,103073.0,125477.0,3250.0,3257.0,3239.8,3251.5,43124025,3576.6,2926.4,4322.95,2866.6,3246.3,67,6,3246.2,62,4,3246.1,81,6,3246.0,91,6,3245.9,265,5,3246.4,42,8,3247.3,175,1,3247.6,24,2,3247.7,34,1,3247.8,47,2
11536,2025-12-30 12:15:27+05:30,3246.3,1,3249.0,825064,103073.0,125477.0,3250.0,3257.0,3239.8,3251.5,43124025,3576.6,2926.4,4322.95,2866.6,3246.3,67,6,3246.2,62,4,3246.1,81,6,3246.0,91,6,3245.9,265,5,3246.4,42,8,3247.3,175,1,3247.6,24,2,3247.7,34,1,3247.8,47,2
11536,2025-12-30 12:15:30+05:30,3247.6,5,3249.0,825064,103073.0,125477.0,3250.0,3257.0,3239.8,3251.5,43124025,3576.6,2926.4,4322.95,2866.6,3246.3,67,6,3246.2,62,4,3246.1,81,6,3246.0,91,6,3245.9,265,5,3246.4,42,8,3247.3,175,1,3247.6,24,2,3247.7,34,1,3247.8,47,2
11536,2025-12-30 12:15:32+05:30,3246.4,12,3249.0,825810,103680.0,124960.0,3250.0,3257.0,3239.8,3251.5,43124025,3576.6,2926.4,4322.95,2866.6,3246.4,84,8,3246.3,89,6,3246.2,100,6,3246.1,81,6,3246.0,197,8,3246.5,23,3,3247.6,170,3,3247.8,21,1,3248.0,21,1,3248.1,82,3
11536,2025-12-30 12:15:33+05:30,3246.4,1,3249.0,825810,103680.0,124960.0,3250.0,3257.0,3239.8,3251.5,43124025,3576.6,2926.4,4322.95,2866.6,3246.4,84,8,3246.3,89,6,3246.2,100,6,3246.1,81,6,3246.0,197,8,3246.5,23,3,3247.6,170,3,3247.8,21,1,3248.0,21,1,3248.1,82,3
11536,2025-12-30 12:15:36+05:30,3246.5,1,3249.0,826038,104070.0,124859.0,3250.0,3257.0,3239.8,3251.5,43124025,3576.6,2926.4,4322.95,2866.6,3246.4,111,7,3246.3,177,9,3246.2,280,9,3246.1,81,6,3246.0,105,7,3246.5,22,7,3247.3,5,1,3247.6,168,1,3247.8,21,1,3248.0,46,2
11536,2025-12-30 12:15:36+05:30,3246.4,4,3249.0,826038,104070.0,124859.0,3250.0,3257.0,3239.8,3251.5,43124025,3576.6,2926.4,4322.95,2866.6,3246.4,111,7,3246.3,177,9,3246.2,280,9,3246.1,81,6,3246.0,105,7,3246.5,22,7,3247.3,5,1,3247.6,168,1,3247.8,21,1,3248.0,46,2
11536,2025-12-30 12:15:39+05:30,3246.3,3,3249.0,826038,104070.0,124859.0,3250.0,3257.0,3239.8,3251.5,43124025,3576.6,2926.4,4322.95,2866.6,3246.4,111,7,3246.3,177,9,3246.2,280,9,3246.1,81,6,3246.0,105,7,3246.5,22,7,3247.3,5,1,3247.6,168,1,3247.8,21,1,3248.0,46,2
11536,2025-12-30 12:15:40+05:30,3246.5,1,3249.0,826286,103827.0,124740.0,3250.0,3257.0,3239.8,3251.5,43124025,3576.6,2926.4,4322.95,2866.6,3246.4,51,5,3246.3,179,9,3246.2,306,9,3246.1,183,7,3246.0,90,6,3246.5,4,3,3247.3,5,1,3247.6,168,1,3247.8,73,3,3247.9,27,1
11536,2025-12-30 12:15:42+05:30,3246.5,2,3249.0,826286,103827.0,124740.0,3250.0,3257.0,3239.8,3251.5,43124025,3576.6,2926.4,4322.95,2866.6,3246.4,51,5,3246.3,179,9,3246.2,306,9,3246.1,183,7,3246.0,90,6,3246.5,4,3,3247.3,5,1,3247.6,168,1,3247.8,73,3,3247.9,27,1
11536,2025-12-30 12:15:44+05:30,3246.5,1,3249.0,826286,103827.0,124740.0,3250.0,3257.0,3239.8,3251.5,43124025,3576.6,2926.4,4322.95,2866.6,3246.4,51,5,3246.3,179,9,3246.2,306,9,3246.1,183,7,3246.0,90,6,3246.5,4,3,3247.3,5,1,3247.6,168,1,3247.8,73,3,3247.9,27,1
11536,2025-12-30 12:15:45+05:30,3247.3,1,3249.0,826330,104062.0,124356.0,3250.0,3257.0,3239.8,3251.5,43124025,3576.6,2926.4,4322.95,2866.6,3246.5,20,1,3246.3,118,6,3246.2,486,11,3246.1,46,4,3246.0,304,8,3247.3,6,3,3247.4,20,1,3247.5,20,1,3247.6,168,1,3247.8,26,2
11536,2025-12-30 12:15:48+05:30,3247.2,1,3249.0,826330,104062.0,124356.0,3250.0,3257.0,3239.8,3251.5,43124025,3576.6,2926.4,4322.95,2866.6,3246.5,20,1,3246.3,118,6,3246.2,486,11,3246.1,46,4,3246.0,304,8,3247.3,6,3,3247.4,20,1,3247.5,20,1,3247.6,168,1,3247.8,26,2
11536,2025-12-30 12:15:49+05:30,3247.6,1,3249.0,826570,104542.0,123661.0,3250.0,3257.0,3239.8,3251.5,43124025,3576.6,2926.4,4322.95,2866.6,3247.2,25,1,3246.7,3,1,3246.6,219,3,3246.5,43,1,3246.4,353,8,3247.6,155,2,3247.7,16,1,3247.9,20,1,3248.0,18,1,3248.1,54,2
11536,2025-12-30 12:15:51+05:30,3247.5,43,3249.0,826570,104542.0,123661.0,3250.0,3257.0,3239.8,3251.5,43124025,3576.6,2926.4,4322.95,2866.6,3247.2,25,1,3246.7,3,1,3246.6,219,3,3246.5,43,1,3246.4,353,8,3247.6,155,2,3247.7,16,1,3247.9,20,1,3248.0,18,1,3248.1,54,2
11536,2025-12-30 12:15:53+05:30,3247.2,13,3249.0,826686,104863.0,124938.0,3250.0,3257.0,3239.8,3251.5,43124025,3576.6,2926.4,4322.95,2866.6,3247.2,41,1,3247.1,11,1,3246.4,229,7,3246.3,143,8,3246.2,468,12,3247.3,138,7,3247.5,20,2,3247.6,153,2,3247.7,20,1,3247.9,34,1
11536,2025-12-30 12:15:54+05:30,3247.3,1,3249.0,826686,104863.0,124938.0,3250.0,3257.0,3239.8,3251.5,43124025,3576.6,2926.4,4322.95,2866.6,3247.2,41,1,3247.1,11,1,3246.4,229,7,3246.3,143,8,3246.2,468,12,3247.3,138,7,3247.5,20,2,3247.6,153,2,3247.7,20,1,3247.9,34,1
11536,2025-12-30 12:15:58+05:30,3247.2,2,3249.0,826686,104863.0,124938.0,3250.0,3257.0,3239.8,3251.5,43124025,3576.6,2926.4,4322.95,2866.6,3247.2,41,1,3247.1,11,1,3246.4,229,7,3246.3,143,8,3246.2,468,12,3247.3,138,7,3247.5,20,2,3247.6,153,2,3247.7,20,1,3247.9,34,1
11536,2025-12-30 12:15:58+05:30,3247.2,29,3249.0,827012,105002.0,124851.0,3250.0,3257.0,3239.8,3251.5,43124025,3576.6,2926.4,4322.95,2866.6,3247.2,11,1,3246.5,77,2,3246.4,281,9,3246.3,421,11,3246.2,352,10,3247.3,28,6,3247.6,168,5,3247.7,20,1,3247.8,18,1,3248.0,18,1
11536,2025-12-30 12:16:00+05:30,3247.1,39,3249.0,827012,105002.0,124851.0,3250.0,3257.0,3239.8,3251.5,43124025,3576.6,2926.4,4322.95,2866.6,3247.2,11,1,3246.5,77,2,3246.4,281,9,3246.3,421,11,3246.2,352,10,3247.3,28,6,3247.6,168,5,3247.7,20,1,3247.8,18,1,3248.0,18,1
11536,2025-12-30 12:16:03+05:30,3246.4,4,3249.0,827174,104401.0,125429.0,3250.0,3257.0,3239.8,3251.5,43124025,3576.6,2926.4,4322.95,2866.6,3246.4,80,6,3246.3,87,7,3246.2,222,8,3246.1,78,6,3246.0,352,14,3247.0,4,4,3247.1,1,1,3247.2,5,4,3247.3,44,2,3247.6,131,1
11536,2025-12-30 12:16:03+05:30,3246.4,1,3249.0,827174,104401.0,125429.0,3250.0,3257.0,3239.8,3251.5,43124025,3576.6,2926.4,4322.95,2866.6,3246.4,80,6,3246.3,87,7,3246.2,222,8,3246.1,78,6,3246.0,352,14,3247.0,4,4,3247.1,1,1,3247.2,5,4,3247.3,44,2,3247.6,131,1
11536,2025-12-30 12:16:06+05:30,3246.4,20,3249.0,827174,104401.0,125429.0,3250.0,3257.0,3239.8,3251.5,43124025,3576.6,2926.4,4322.95,2866.6,3246.4,80,6,3246.3,87,7,3246.2,222,8,3246.1,78,6,3246.0,352,14,3247.0,4,4,3247.1,1,1,3247.2,5,4,3247.3,44,2,3247.6,131,1
11536,2025-12-30 12:16:07+05:30,3246.4,5,3249.0,827322,104329.0,125375.0,3250.0,3257.0,3239.8,3251.5,43124025,3576.6,2926.4,4322.95,2866.6,3246.4,10,1,3246.3,132,10,3246.2,211,7,3246.1,78,6,3246.0,309,13,3247.0,7,4,3247.3,44,2,3247.6,131,1,3248.1,43,2,3248.2,69,4
11536,2025-12-30 12:16:09+05:30,3246.3,5,3249.0,827322,104329.0,125375.0,3250.0,3257.0,3239.8,3251.5,43124025,3576.6,2926.4,4322.95,2866.6,3246.4,10,1,3246.3,132,10,3246.2,211,7,3246.1,78,6,3246.0,309,13,3247.0,7,4,3247.3,44,2,3247.6,131,1,3248.1,43,2,3248.2,69,4
11536,2025-12-30 12:16:11+05:30,3246.4,40,3249.0,827545,103882.0,125408.0,3250.0,3257.0,3239.8,3251.5,43124025,3576.6,2926.4,4322.95,2866.6,3246.3,82,5,3246.2,55,4,3246.1,55,6,3246.0,326,11,3245.9,165,3,3246.4,5,1,3247.3,32,4,3247.6,131,1,3247.8,37,2,3248.0,96,4
11536,2025-12-30 12:16:12+05:30,3246.3,9,3249.0,827545,103882.0,125408.0,3250.0,3257.0,3239.8,3251.5,43124025,3576.6,2926.4,4322.95,2866.6,3246.3,82,5,3246.2,55,4,3246.1,55,6,3246.0,326,11,3245.9,165,3,3246.4,5,1,3247.3,32,4,3247.6,131,1,3247.8,37,2,3248.0,96,4
11536,2025-12-30 12:16:15+05:30,3248.4,8,3249.0,827545,103882.0,125408.0,3250.0,3257.0,3239.8,3251.5,43124025,3576.6,2926.4,4322.95,2866.6,3246.3,82,5,3246.2,55,4,3246.1,55,6,3246.0,326,11,3245.9,165,3,3246.4,5,1,3247.3,32,4,3247.6,131,1,3247.8,37,2,3248.0,96,4
11536,2025-12-30 12:16:16+05:30,3248.4,8,3249.0,828115,104481.0,124971.0,3250.0,3257.0,3239.8,3251.5,43124025,3576.6,2926.4,4322.95,2866.6,3246.4,19,2,3246.3,75,5,3246.2,354,9,3246.1,102,6,3246.0,317,11,3247.3,50,2,3247.5,38,4,3247.6,175,1,3247.7,25,1,3247.8,32,2
11536,2025-12-30 12:16:18+05:30,3246.2,4,3249.0,828115,104481.0,124971.0,3250.0,3257.0,3239.8,3251.5,43124025,3576.6,2926.4,4322.95,2866.6,3246.4,19,2,3246.3,75,5,3246.2,354,9,3246.1,102,6,3246.0,317,11,3247.3,50,2,3247.5,38,4,3247.6,175,1,3247.7,25,1,3247.8,32,2
11536,2025-12-30 12:16:20+05:30,3246.4,12,3248.99,828591,104321.0,123602.0,3250.0,3257.0,3239.8,3251.5,43124025,3576.6,2926.4,4322.95,2866.6,3246.4,10,1,3246.3,3,1,3246.2,281,8,3246.1,171,9,3246.0,350,13,3247.5,5,1,3247.6,198,2,3247.7,25,1,3247.8,18,1,3247.9,46,3
11536,2025-12-30 12:16:21+05:30,3246.4,1,3248.99,828591,104321.0,123602.0,3250.0,3257.0,3239.8,3251.5,43124025,3576.6,2926.4,4322.95,2866.6,3246.4,10,1,3246.3,3,1,3246.2,281,8,3246.1,171,9,3246.0,350,13,3247.5,5,1,3247.6,198,2,3247.7,25,1,3247.8,18,1,3247.9,46,3
11536,2025-12-30 12:16:23+05:30,3246.4,21,3248.99,828591,104321.0,123602.0,3250.0,3257.0,3239.8,3251.5,43124025,3576.6,2926.4,4322.95,2866.6,3246.4,10,1,3246.3,3,1,3246.2,281,8,3246.1,171,9,3246.0,350,13,3247.5,5,1,3247.6,198,2,3247.7,25,1,3247.8,18,1,3247.9,46,3
11536,2025-12-30 12:16:24+05:30,3247.6,3,3248.99,828852,104225.0,123687.0,3250.0,3257.0,3239.8,3251.5,43124025,3576.6,2926.4,4322.95,2866.6,3246.4,3,1,3246.3,17,2,3246.2,409,10,3246.1,119,7,3246.0,686,12,3247.5,1,1,3247.6,172,1,3247.7,23,1,3247.8,18,1,3247.9,12,1
11536,2025-12-30 12:16:27+05:30,3246.4,28,3248.99,828852,104225.0,123687.0,3250.0,3257.0,3239.8,3251.5,43124025,3576.6,2926.4,4322.95,2866.6,3246.4,3,1,3246.3,17,2,3246.2,409,10,3246.1,119,7,3246.0,686,12,3247.5,1,1,3247.6,172,1,3247.7,23,1,3247.8,18,1,3247.9,12,1
11536,2025-12-30 12:16:28+05:30,3246.4,1,3248.99,829062,103944.0,124525.0,3250.0,3257.0,3239.8,3251.5,43124025,3576.6,2926.4,4322.95,2866.6,3246.4,8,1,3246.2,106,5,3246.1,70,5,3246.0,385,12,3245.9,219,7,3247.2,32,2,3247.3,3,2,3247.4,1,1,3247.5,26,1,3247.6,172,1
11536,2025-12-30 12:16:28+05:30,3246.4,1,3248.99,829062,103944.0,124525.0,3250.0,3257.0,3239.8,3251.5,43124025,3576.6,2926.4,4322.95,2866.6,3246.4,8,1,3246.2,106,5,3246.1,70,5,3246.0,385,12,3245.9,219,7,3247.2,32,2,3247.3,3,2,3247.4,1,1,3247.5,26,1,3247.6,172,1
11536,2025-12-30 12:16:29+05:30,3246.4,1,3248.99,829064,102614.0,124607.0,3250.0,3257.0,3239.8,3251.5,43124025,3576.6,2926.4,4322.95,2866.6,3246.2,106,5,3246.1,185,8,3246.0,293,11,3245.9,209,6,3245.8,654,9,3247.2,28,6,3247.3,3,2,3247.5,26,1,3247.6,172,1,3247.9,56,3
11536,2025-12-30 12:16:29+05:30,3246.2,9,3248.99,829064,102614.0,124607.0,3250.0,3257.0,3239.8,3251.5,43124025,3576.6,2926.4,4322.95,2866.6,3246.2,106,5,3246.1,185,8,3246.0,293,11,3245.9,209,6,3245.8,654,9,3247.2,28,6,3247.3,3,2,3247.5,26,1,3247.6,172,1,3247.9,56,3
11536,2025-12-30 12:16:30+05:30,3246.2,9,3248.99,829084,102626.0,124636.0,3250.0,3257.0,3239.8,3251.5,43124025,3576.6,2926.4,4322.95,2866.6,3246.2,89,5,3246.1,168,7,3246.0,309,12,3245.9,209,6,3245.8,684,10,3247.2,28,6,3247.3,1,1,3247.5,26,1,3247.6,172,1,3247.9,58,3
11536,2025-12-30 12:16:30+05:30,3246.2,10,3248.99,829084,102626.0,124636.0,3250.0,3257.0,3239.8,3251.5,43124025,3576.6,2926.4,4322.95,2866.6,3246.2,89,5,3246.1,168,7,3246.0,309,12,3245.9,209,6,3245.8,684,10,3247.2,28,6,3247.3,1,1,3247.5,26,1,3247.6,172,1,3247.9,58,3
11536,2025-12-30 12:16:31+05:30,3247.2,1,3248.99,829114,104020.0,124642.0,3250.0,3257.0,3239.8,3251.5,43124025,3576.6,2926.4,4322.95,2866.6,3246.2,72,5,3246.1,162,6,3246.0,309,12,3245.9,209,6,3245.8,687,11,3247.2,53,7,3247.3,10,1,3247.6,180,2,3247.7,18,1,3247.9,40,2
11536,2025-12-30 12:16:31+05:30,3246.2,2,3248.99,829114,104020.0,124642.0,3250.0,3257.0,3239.8,3251.5,43124025,3576.6,2926.4,4322.95,2866.6,3246.2,72,5,3246.1,162,6,3246.0,309,12,3245.9,209,6,3245.8,687,11,3247.2,53,7,3247.3,10,1,3247.6,180,2,3247.7,18,1,3247.9,40,2
11536,2025-12-30 12:16:32+05:30,3246.2,5,3248.99,829124,103914.0,124624.0,3250.0,3257.0,3239.8,3251.5,43124025,3576.6,2926.4,4322.95,2866.6,3246.2,65,5,3246.1,162,6,3246.0,374,13,3245.9,220,8,3245.8,687,11,3247.2,31,6,3247.5,24,1,3247.6,172,1,3247.7,18,1,3247.9,37,2
11536,2025-12-30 12:16:32+05:30,3246.2,3,3248.99,829124,103914.0,124624.0,3250.0,3257.0,3239.8,3251.5,43124025,3576.6,2926.4,4322.95,2866.6,3246.2,65,5,3246.1,162,6,3246.0,374,13,3245.9,220,8,3245.8,687,11,3247.2,31,6,3247.5,24,1,3247.6,172,1,3247.7,18,1,3247.9,37,2
11536,2025-12-30 12:16:33+05:30,3246.3,3,3248.99,829130,103842.0,124663.0,3250.0,3257.0,3239.8,3251.5,43124025,3576.6,2926.4,4322.95,2866.6,3246.3,3,1,3246.2,56,4,3246.1,50,4,3246.0,416,11,3245.9,191,6,3247.2,67,9,3247.4,24,1,3247.5,17,1,3247.6,172,1,3247.8,17,1
11536,2025-12-30 12:16:33+05:30,3246.3,1,3248.99,829130,103842.0,124663.0,3250.0,3257.0,3239.8,3251.5,43124025,3576.6,2926.4,4322.95,2866.6,3246.3,3,1,3246.2,56,4,3246.1,50,4,3246.0,416,11,3245.9,191,6,3247.2,67,9,3247.4,24,1,3247.5,17,1,3247.6,172,1,3247.8,17,1
11536,2025-12-30 12:16:34+05:30,3247.2,1,3248.99,829140,103830.0,124690.0,3250.0,3257.0,3239.8,3251.5,43124025,3576.6,2926.4,4322.95,2866.6,3246.3,12,1,3246.2,56,4,3246.1,50,4,3246.0,416,11,3245.9,191,6,3247.2,67,10,3247.3,24,1,3247.4,17,1,3247.6,196,3,3247.8,17,1
11536,2025-12-30 12:16:34+05:30,3246.3,3,3248.99,829140,103830.0,124690.0,3250.0,3257.0,3239.8,3251.5,43124025,3576.6,2926.4,4322.95,2866.6,3246.3,12,1,3246.2,56,4,3246.1,50,4,3246.0,416,11,3245.9,191,6,3247.2,67,10,3247.3,24,1,3247.4,17,1,3247.6,196,3,3247.8,17,1
11536,2025-12-30 12:16:35+05:30,3246.7,2,3248.99,829149,103969.0,124627.0,3250.0,3257.0,3239.8,3251.5,43124025,3576.6,2926.4,4322.95,2866.6,3246.7,4,1,3246.2,234,6,3246.1,142,5,3246.0,367,11,3245.9,191,6,3247.2,74,10,3247.3,196,2,3247.4,17,1,3247.6,17,1,3247.8,17,1
11536,2025-12-30 12:16:35+05:30,3246.7,1,3248.99,829149,103969.0,124627.0,3250.0,3257.0,3239.8,3251.5,43124025,3576.6,2926.4,4322.95,2866.6,3246.7,4,1,3246.2,234,6,3246.1,142,5,3246.0,367,11,3245.9,191,6,3247.2,74,10,3247.3,196,2,3247.4,17,1,3247.6,17,1,3247.8,17,1
11536,2025-12-30 12:16:36+05:30,3246.7,1,3248.99,829155,104309.0,125233.0,3250.0,3257.0,3239.8,3251.5,43124025,3576.6,2926.4,4322.95,2866.6,3246.7,14,1,3246.2,234,6,3246.1,50,4,3246.0,367,11,3245.9,191,6,3247.2,97,10,3247.3,172,1,3247.4,17,1,3247.6,17,1,3247.7,31,2
11536,2025-12-30 12:16:36+05:30,3247.1,15,3248.99,829155,104309.0,125233.0,3250.0,3257.0,3239.8,3251.5,43124025,3576.6,2926.4,4322.95,2866.6,3246.7,14,1,3246.2,234,6,3246.1,50,4,3246.0,367,11,3245.9,191,6,3247.2,97,10,3247.3,172,1,3247.4,17,1,3247.6,17,1,3247.7,31,2
11536,2025-12-30 12:16:37+05:30,3247.1,15,3248.99,829174,103875.0,125265.0,3250.0,3257.0,3239.8,3251.5,43124025,3576.6,2926.4,4322.95,2866.6,3246.2,212,5,3246.1,83,6,3246.0,361,13,3245.9,283,7,3245.8,262,8,3247.0,1,1,3247.1,8,1,3247.2,65,9,3247.3,172,1,3247.6,24,1
11536,2025-12-30 12:16:37+05:30,3246.2,1,3248.99,829174,103875.0,125265.0,3250.0,3257.0,3239.8,3251.5,43124025,3576.6,2926.4,4322.95,2866.6,3246.2,212,5,3246.1,83,6,3246.0,361,13,3245.9,283,7,3245.8,262,8,3247.0,1,1,3247.1,8,1,3247.2,65,9,3247.3,172,1,3247.6,24,1
11536,2025-12-30 12:16:38+05:30,3246.2,1,3248.99,829177,103676.0,125254.0,3250.0,3257.0,3239.8,3251.5,43124025,3576.6,2926.4,4322.95,2866.6,3246.6,1,1,3246.2,209,5,3246.1,67,5,3246.0,149,10,3245.9,191,6,3247.0,4,4,3247.1,8,1,3247.2,86,7,3247.3,172,1,3247.4,16,1
11536,2025-12-30 12:16:38+05:30,3246.2,2,3248.99,829177,103676.0,125254.0,3250.0,3257.0,3239.8,3251.5,43124025,3576.6,2926.4,4322.95,2866.6,3246.6,1,1,3246.2,209,5,3246.1,67,5,3246.0,149,10,3245.9,191,6,3247.0,4,4,3247.1,8,1,3247.2,86,7,3247.3,172,1,3247.4,16,1
11536,2025-12-30 12:16:39+05:30,3247.0,3,3248.99,829252,103671.0,125346.0,3250.0,3257.0,3239.8,3251.5,43124025,3576.6,2926.4,4322.95,2866.6,3247.0,1,1,3246.2,205,5,3246.1,72,5,3246.0,207,9,3245.9,347,7,3247.2,59,3,3247.3,188,2,3247.5,24,1,3247.6,16,1,3247.7,11,1
11536,2025-12-30 12:16:39+05:30,3247.0,1,3248.99,829252,103671.0,125346.0,3250.0,3257.0,3239.8,3251.5,43124025,3576.6,2926.4,4322.95,2866.6,3247.0,1,1,3246.2,205,5,3246.1,72,5,3246.0,207,9,3245.9,347,7,3247.2,59,3,3247.3,188,2,3247.5,24,1,3247.6,16,1,3247.7,11,1
11536,2025-12-30 12:16:40+05:30,3247.0,1,3248.99,829344,104468.0,125298.0,3250.0,3257.0,3239.8,3251.5,43124025,3576.6,2926.4,4322.95,2866.6,3247.0,1,1,3246.2,248,6,3246.1,69,5,3246.0,363,10,3245.9,408,9,3247.2,3,1,3247.3,188,2,3247.6,16,1,3247.7,24,1,3247.8,41,2
11536,2025-12-30 12:16:40+05:30,3247.0,1,3248.99,829344,104468.0,125298.0,3250.0,3257.0,3239.8,3251.5,43124025,3576.6,2926.4,4322.95,2866.6,3247.0,1,1,3246.2,248,6,3246.1,69,5,3246.0,363,10,3245.9,408,9,3247.2,3,1,3247.3,188,2,3247.6,16,1,3247.7,24,1,3247.8,41,2
11536,2025-12-30 12:16:41+05:30,3247.2,1,3248.99,829366,103854.0,124996.0,3250.0,3257.0,3239.8,3251.5,43124025,3576.6,2926.4,4322.95,2866.6,3246.2,304,8,3246.1,163,10,3246.0,258,9,3245.9,232,8,3245.8,641,9,3247.2,6,4,3247.3,172,1,3247.4,25,1,3247.8,24,1,3247.9,34,2
11536,2025-12-30 12:16:41+05:30,3247.2,1,3248.99,829366,103854.0,124996.0,3250.0,3257.0,3239.8,3251.5,43124025,3576.6,2926.4,4322.95,2866.6,3246.2,304,8,3246.1,163,10,3246.0,258,9,3245.9,232,8,3245.8,641,9,3247.2,6,4,3247.3,172,1,3247.4,25,1,3247.8,24,1,3247.9,34,2
11536,2025-12-30 12:16:42+05:30,3246.3,16,3248.99,829382,104024.0,124914.0,3250.0,3257.0,3239.8,3251.5,43124025,3576.6,2926.4,4322.95,2866.6,3246.3,85,6,3246.2,197,8,3246.1,60,6,3246.0,351,12,3245.9,232,8,3247.0,1,1,3247.2,3,3,3247.3,172,1,3247.9,34,2,3248.0,46,2
11536,2025-12-30 12:16:42+05:30,3247.0,1,3248.99,829382,104024.0,124914.0,3250.0,3257.0,3239.8,3251.5,43124025,3576.6,2926.4,4322.95,2866.6,3246.3,85,6,3246.2,197,8,3246.1,60,6,3246.0,351,12,3245.9,232,8,3247.0,1,1,3247.2,3,3,3247.3,172,1,3247.9,34,2,3248.0,46,2
11536,2025-12-30 12:16:43+05:30,3246.3,7,3248.99,829400,104085.0,124946.0,3250.0,3257.0,3239.8,3251.5,43124025,3576.6,2926.4,4322.95,2866.6,3246.3,109,6,3246.2,231,9,3246.1,60,6,3246.0,351,12,3245.9,232,8,3247.0,7,7,3247.2,1,1,3247.3,172,1,3247.9,34,2,3248.0,73,3
11536,2025-12-30 12:16:43+05:30,3246.3,7,3248.99,829400,104085.0,124946.0,3250.0,3257.0,3239.8,3251.5,43124025,3576.6,2926.4,4322.95,2866.6,3246.3,109,6,3246.2,231,9,3246.1,60,6,3246.0,351,12,3245.9,232,8,3247.0,7,7,3247.2,1,1,3247.3,172,1,3247.9,34,2,3248.0,73,3
11536,2025-12-30 12:16:44+05:30,3246.3,3,3248.99,829404,104090.0,124952.0,3250.0,3257.0,3239.8,3251.5,43124025,3576.6,2926.4,4322.95,2866.6,3246.3,105,6,3246.2,231,9,3246.1,60,6,3246.0,351,12,3245.9,232,8,3247.0,9,9,3247.3,172,1,3247.9,34,2,3248.0,73,3,3248.1,16,1
11536,2025-12-30 12:16:44+05:30,3247.0,1,3248.99,829404,104090.0,124952.0,3250.0,3257.0,3239.8,3251.5,43124025,3576.6,2926.4,4322.95,2866.6,3246.3,105,6,3246.2,231,9,3246.1,60,6,3246.0,351,12,3245.9,232,8,3247.0,9,9,3247.3,172,1,3247.9,34,2,3248.0,73,3,3248.1,16,1
11536,2025-12-30 12:16:45+05:30,3246.3,8,3248.99,829426,104152.0,124941.0,3250.0,3257.0,3239.8,3251.5,43124025,3576.6,2926.4,4322.95,2866.6,3246.3,113,6,3246.2,220,8,3246.1,84,7,3246.0,351,12,3245.9,232,8,3247.0,7,7,3247.3,172,1,3247.9,34,2,3248.0,88,4,3248.2,82,4
11536,2025-12-30 12:16:45+05:30,3246.3,2,3248.99,829426,104152.0,124941.0,3250.0,3257.0,3239.8,3251.5,43124025,3576.6,2926.4,4322.95,2866.6,3246.3,113,6,3246.2,220,8,3246.1,84,7,3246.0,351,12,3245.9,232,8,3247.0,7,7,3247.3,172,1,3247.9,34,2,3248.0,88,4,3248.2,82,4
11536,2025-12-30 12:16:46+05:30,3247.0,1,3248.99,829433,104143.0,124963.0,3250.0,3257.0,3239.8,3251.5,43124025,3576.6,2926.4,4322.95,2866.6,3246.3,100,5,3246.2,220,8,3246.1,99,8,3246.0,334,11,3245.9,232,8,3247.0,7,7,3247.3,172,1,3247.9,49,3,3248.0,73,3,3248.2,82,4
11536,2025-12-30 12:16:46+05:30,3246.4,76,3248.99,829433,104143.0,124963.0,3250.0,3257.0,3239.8,3251.5,43124025,3576.6,2926.4,4322.95,2866.6,3246.3,100,5,3246.2,220,8,3246.1,99,8,3246.0,334,11,3245.9,232,8,3247.0,7,7,3247.3,172,1,3247.9,49,3,3248.0,73,3,3248.2,82,4
11536,2025-12-30 12:16:47+05:30,3246.4,3,3248.99,829513,104037.0,124961.0,3250.0,3257.0,3239.8,3251.5,43124025,3576.6,2926.4,4322.95,2866.6,3246.4,8,1,3246.3,134,5,3246.2,186,7,3246.1,84,7,3246.0,351,12,3247.0,6,6,3247.3,172,1,3247.9,49,3,3248.0,73,3,3248.2,82,4
11536,2025-12-30 12:16:47+05:30,3246.4,1,3248.99,829513,104037.0,124961.0,3250.0,3257.0,3239.8,3251.5,43124025,3576.6,2926.4,4322.95,2866.6,3246.4,8,1,3246.3,134,5,3246.2,186,7,3246.1,84,7,3246.0,351,12,3247.0,6,6,3247.3,172,1,3247.9,49,3,3248.0,73,3,3248.2,82,4
11536,2025-12-30 12:16:48+05:30,3246.4,1,3248.99,829522,104044.0,125558.0,3250.0,3257.0,3239.8,3251.5,43124025,3576.6,2926.4,4322.95,2866.6,3246.4,10,1,3246.3,127,4,3246.2,94,6,3246.1,191,9,3246.0,334,11,3247.0,21,5,3247.3,172,1,3247.4,25,1,3247.5,24,1,3247.9,49,3
11536,2025-12-30 12:16:48+05:30,3247.0,4,3248.99,829522,104044.0,125558.0,3250.0,3257.0,3239.8,3251.5,43124025,3576.6,2926.4,4322.95,2866.6,3246.4,10,1,3246.3,127,4,3246.2,94,6,3246.1,191,9,3246.0,334,11,3247.0,21,5,3247.3,172,1,3247.4,25,1,3247.5,24,1,3247.9,49,3
11536,2025-12-30 12:16:49+05:30,3247.0,4,3248.99,829533,104261.0,125529.0,3250.0,3257.0,3239.8,3251.5,43124025,3576.6,2926.4,4322.95,2866.6,3246.7,10,1,3246.3,127,4,3246.2,86,5,3246.1,186,8,3246.0,334,11,3247.0,17,5,3247.3,196,2,3247.4,25,1,3247.7,15,1,3247.9,34,2
11536,2025-12-30 12:16:49+05:30,3246.7,16,3248.99,829533,104261.0,125529.0,3250.0,3257.0,3239.8,3251.5,43124025,3576.6,2926.4,4322.95,2866.6,3246.7,10,1,3246.3,127,4,3246.2,86,5,3246.1,186,8,3246.0,334,11,3247.0,17,5,3247.3,196,2,3247.4,25,1,3247.7,15,1,3247.9,34,2
11536,2025-12-30 12:16:50+05:30,3246.7,1,3248.99,829575,104024.0,125626.0,3250.0,3257.0,3239.8,3251.5,43124025,3576.6,2926.4,4322.95,2866.6,3246.7,4,1,3246.3,84,2,3246.2,231,6,3246.1,60,6,3246.0,111,8,3247.0,44,6,3247.2,24,1,3247.3,172,1,3247.4,25,1,3247.6,15,1
11536,2025-12-30 12:16:50+05:30,3246.7,1,3248.99,829575,104024.0,125626.0,3250.0,3257.0,3239.8,3251.5,43124025,3576.6,2926.4,4322.95,2866.6,3246.7,4,1,3246.3,84,2,3246.2,231,6,3246.1,60,6,3246.0,111,8,3247.0,44,6,3247.2,24,1,3247.3,172,1,3247.4,25,1,3247.6,15,1
11536,2025-12-30 12:16:51+05:30,3247.0,3,3248.99,829584,104438.0,125618.0,3250.0,3257.0,3239.8,3251.5,43124025,3576.6,2926.4,4322.95,2866.6,3246.7,48,1,3246.3,84,2,3246.2,231,6,3246.1,186,8,3246.0,212,8,3247.0,42,7,3247.2,24,1,3247.3,172,1,3247.4,25,1,3247.8,27,3
11536,2025-12-30 12:16:51+05:30,3246.7,1,3248.99,829584,104438.0,125618.0,3250.0,3257.0,3239.8,3251.5,43124025,3576.6,2926.4,4322.95,2866.6,3246.7,48,1,3246.3,84,2,3246.2,231,6,3246.1,186,8,3246.0,212,8,3247.0,42,7,3247.2,24,1,3247.3,172,1,3247.4,25,1,3247.8,27,3
11536,2025-12-30 12:16:52+05:30,3246.7,2,3248.99,829587,104644.0,125617.0,3250.0,3257.0,3239.8,3251.5,43124025,3576.6,2926.4,4322.95,2866.6,3246.7,94,2,3246.3,84,2,3246.2,231,6,3246.1,152,7,3246.0,227,9,3247.0,42,7,3247.3,172,1,3247.4,25,1,3247.7,24,1,3247.8,27,3
11536,2025-12-30 12:16:52+05:30,3246.7,1,3248.99,829587,104644.0,125617.0,3250.0,3257.0,3239.8,3251.5,43124025,3576.6,2926.4,4322.95,2866.6,3246.7,94,2,3246.3,84,2,3246.2,231,6,3246.1,152,7,3246.0,227,9,3247.0,42,7,3247.3,172,1,3247.4,25,1,3247.7,24,1,3247.8,27,3
11536,2025-12-30 12:16:53+05:30,3246.7,1,3248.99,829596,104470.0,125618.0,3250.0,3257.0,3239.8,3251.5,43124025,3576.6,2926.4,4322.95,2866.6,3246.7,85,2,3246.3,84,2,3246.2,75,5,3246.1,60,6,3246.0,304,9,3247.0,43,8,3247.3,172,1,3247.4,25,1,3247.7,24,1,3247.8,27,3
11536,2025-12-30 12:16:53+05:30,3246.7,2,3248.99,829596,104470.0,125618.0,3250.0,3257.0,3239.8,3251.5,43124025,3576.6,2926.4,4322.95,2866.6,3246.7,85,2,3246.3,84,2,3246.2,75,5,3246.1,60,6,3246.0,304,9,3247.0,43,8,3247.3,172,1,3247.4,25,1,3247.7,24,1,3247.8,27,3
11536,2025-12-30 12:16:54+05:30,3247.0,1,3248.99,829640,104541.0,125571.0,3250.0,3257.0,3239.8,3251.5,43124025,3576.6,2926.4,4322.95,2866.6,3246.7,79,2,3246.3,84,2,3246.2,130,7,3246.1,152,7,3246.0,265,10,3247.0,5,5,3247.3,172,1,3247.4,25,1,3247.6,14,1,3247.7,24,1
11536,2025-12-30 12:16:54+05:30,3246.7,3,3248.99,829640,104541.0,125571.0,3250.0,3257.0,3239.8,3251.5,43124025,3576.6,2926.4,4322.95,2866.6,3246.7,79,2,3246.3,84,2,3246.2,130,7,3246.1,152,7,3246.0,265,10,3247.0,5,5,3247.3,172,1,3247.4,25,1,3247.6,14,1,3247.7,24,1
11536,2025-12-30 12:16:55+05:30,3246.7,2,3248.99,829647,104689.0,125572.0,3250.0,3257.0,3239.8,3251.5,43124025,3576.6,2926.4,4322.95,2866.6,3246.7,73,2,3246.5,18,1,3246.4,18,1,3246.3,107,4,3246.2,252,7,3247.0,8,7,3247.3,172,1,3247.4,25,1,3247.5,24,1,3247.8,17,2
11536,2025-12-30 12:16:55+05:30,3246.7,2,3248.99,829647,104689.0,125572.0,3250.0,3257.0,3239.8,3251.5,43124025,3576.6,2926.4,4322.95,2866.6,3246.7,73,2,3246.5,18,1,3246.4,18,1,3246.3,107,4,3246.2,252,7,3247.0,8,7,3247.3,172,1,3247.4,25,1,3247.5,24,1,3247.8,17,2
11536,2025-12-30 12:16:56+05:30,3246.7,2,3248.99,829650,104683.0,125581.0,3250.0,3257.0,3239.8,3251.5,43124025,3576.6,2926.4,4322.95,2866.6,3246.7,70,2,3246.6,6,1,3246.5,18,1,3246.4,18,1,3246.3,84,2,3247.0,8,7,3247.3,172,1,3247.4,25,1,3247.5,24,1,3247.8,17,2
11536,2025-12-30 12:16:56+05:30,3246.7,49,3248.99,829650,104683.0,125581.0,3250.0,3257.0,3239.8,3251.5,43124025,3576.6,2926.4,4322.95,2866.6,3246.7,70,2,3246.6,6,1,3246.5,18,1,3246.4,18,1,3246.3,84,2,3247.0,8,7,3247.3,172,1,3247.4,25,1,3247.5,24,1,3247.8,17,2
11536,2025-12-30 12:16:57+05:30,3246.7,49,3248.99,829721,104716.0,125595.0,3250.0,3257.0,3239.8,3251.5,43124025,3576.6,2926.4,4322.95,2866.6,3246.6,6,1,3246.3,84,2,3246.2,286,8,3246.1,60,6,3246.0,401,13,3246.7,8,1,3247.0,8,8,3247.3,196,2,3247.4,25,1,3247.5,14,1
11536,2025-12-30 12:16:57+05:30,3246.6,1,3248.99,829721,104716.0,125595.0,3250.0,3257.0,3239.8,3251.5,43124025,3576.6,2926.4,4322.95,2866.6,3246.6,6,1,3246.3,84,2,3246.2,286,8,3246.1,60,6,3246.0,401,13,3246.7,8,1,3247.0,8,8,3247.3,196,2,3247.4,25,1,3247.5,14,1
11536,2025-12-30 12:16:58+05:30,3246.6,1,3248.99,829731,104618.0,125615.0,3250.0,3257.0,3239.8,3251.5,43124025,3576.6,2926.4,4322.95,2866.6,3246.6,2,1,3246.3,84,2,3246.2,75,5,3246.1,44,5,3246.0,295,11,3246.7,14,6,3247.0,4,4,3247.2,49,2,3247.3,172,1,3247.5,14,1
11536,2025-12-30 12:16:58+05:30,3247.1,6,3248.99,829731,104618.0,125615.0,3250.0,3257.0,3239.8,3251.5,43124025,3576.6,2926.4,4322.95,2866.6,3246.6,2,1,3246.3,84,2,3246.2,75,5,3246.1,44,5,3246.0,295,11,3246.7,14,6,3247.0,4,4,3247.2,49,2,3247.3,172,1,3247.5,14,1
11536,2025-12-30 12:16:59+05:30,3247.1,6,3248.99,829826,104364.0,124880.0,3250.0,3257.0,3239.8,3251.5,43124025,3576.6,2926.4,4322.95,2866.6,3246.7,1,1,3246.4,2,1,3246.3,108,4,3246.2,367,9,3246.1,41,4,3247.3,209,4,3247.6,19,1,3247.7,24,1,3247.8,14,1,3247.9,24,1
11536,2025-12-30 12:17:00+05:30,3247.1,6,3248.99,829826,104431.0,124892.0,3250.0,3257.0,3239.8,3251.5,43124025,3576.6,2926.4,4322.95,2866.6,3246.7,1,1,3246.4,2,1,3246.3,108,4,3246.2,367,9,3246.1,41,4,3247.2,24,1,3247.3,211,5,3247.6,19,1,3247.8,14,1,3247.9,24,1
11536,2025-12-30 12:17:01+05:30,3246.8,28,3248.99,829856,104622.0,124834.0,3250.0,3257.0,3239.8,3251.5,43124025,3576.6,2926.4,4322.95,2866.6,3246.8,6,1,3246.7,1,1,3246.4,2,1,3246.3,102,3,3246.2,367,9,3247.2,22,1,3247.3,208,4,3247.6,19,1,3247.8,14,1,3247.9,24,1
11536,2025-12-30 12:17:01+05:30,3246.8,1,3248.99,829856,104622.0,124834.0,3250.0,3257.0,3239.8,3251.5,43124025,3576.6,2926.4,4322.95,2866.6,3246.8,6,1,3246.7,1,1,3246.4,2,1,3246.3,102,3,3246.2,367,9,3247.2,22,1,3247.3,208,4,3247.6,19,1,3247.8,14,1,3247.9,24,1
11536,2025-12-30 12:17:02+05:30,3247.2,1,3248.99,829858,104849.0,125439.0,3250.0,3257.0,3239.8,3251.5,43124025,3576.6,2926.4,4322.95,2866.6,3246.8,5,1,3246.4,2,1,3246.3,102,3,3246.2,367,9,3246.1,84,5,3247.2,23,3,3247.3,199,3,3247.6,19,1,3247.8,14,1,3247.9,24,1
11536,2025-12-30 12:17:02+05:30,3246.8,13,3248.99,829858,104849.0,125439.0,3250.0,3257.0,3239.8,3251.5,43124025,3576.6,2926.4,4322.95,2866.6,3246.8,5,1,3246.4,2,1,3246.3,102,3,3246.2,367,9,3246.1,84,5,3247.2,23,3,3247.3,199,3,3247.6,19,1,3247.8,14,1,3247.9,24,1
11536,2025-12-30 12:17:03+05:30,3246.8,13,3248.99,829871,104840.0,125428.0,3250.0,3257.0,3239.8,3251.5,43124025,3576.6,2926.4,4322.95,2866.6,3246.8,5,1,3246.4,2,1,3246.3,102,3,3246.2,275,8,3246.1,176,6,3247.2,19,5,3247.3,211,3,3247.6,14,1,3247.8,14,1,3247.9,24,1
11536,2025-12-30 12:17:03+05:30,3246.8,5,3248.99,829871,104840.0,125428.0,3250.0,3257.0,3239.8,3251.5,43124025,3576.6,2926.4,4322.95,2866.6,3246.8,5,1,3246.4,2,1,3246.3,102,3,3246.2,275,8,3246.1,176,6,3247.2,19,5,3247.3,211,3,3247.6,14,1,3247.8,14,1,3247.9,24,1
11536,2025-12-30 12:17:04+05:30,3246.3,1,3248.99,829877,103968.0,125472.0,3250.0,3257.0,3239.8,3251.5,43124025,3576.6,2926.4,4322.95,2866.6,3246.3,83,2,3246.2,112,7,3246.1,159,6,3246.0,100,9,3245.9,239,7,3246.8,4,4,3247.2,27,4,3247.3,197,2,3247.7,9,1,3247.9,34,2
11536,2025-12-30 12:17:04+05:30,3246.3,1,3248.99,829877,103968.0,125472.0,3250.0,3257.0,3239.8,3251.5,43124025,3576.6,2926.4,4322.95,2866.6,3246.3,83,2,3246.2,112,7,3246.1,159,6,3246.0,100,9,3245.9,239,7,3246.8,4,4,3247.2,27,4,3247.3,197,2,3247.7,9,1,3247.9,34,2
11536,2025-12-30 12:17:04+05:30,3246.3,5,3248.99,829877,103968.0,125472.0,3250.0,3257.0,3239.8,3251.5,43124025,3576.6,2926.4,4322.95,2866.6,3246.3,83,2,3246.2,112,7,3246.1,159,6,3246.0,100,9,3245.9,239,7,3246.8,4,4,3247.2,27,4,3247.3,197,2,3247.7,9,1,3247.9,34,2
11536,2025-12-30 12:17:05+05:30,3246.8,1,3248.99,829887,103915.0,125462.0,3250.0,3257.0,3239.8,3251.5,43124025,3576.6,2926.4,4322.95,2866.6,3246.3,74,2,3246.2,89,6,3246.1,133,5,3246.0,79,8,3245.9,239,7,3246.8,6,6,3247.2,25,2,3247.3,197,2,3247.7,9,1,3247.9,38,2
11536,2025-12-30 12:17:05+05:30,3246.8,1,3248.99,829887,103915.0,125462.0,3250.0,3257.0,3239.8,3251.5,43124025,3576.6,2926.4,4322.95,2866.6,3246.3,74,2,3246.2,89,6,3246.1,133,5,3246.0,79,8,3245.9,239,7,3246.8,6,6,3247.2,25,2,3247.3,197,2,3247.7,9,1,3247.9,38,2
11536,2025-12-30 12:17:05+05:30,3246.3,2,3248.99,829887,103915.0,125462.0,3250.0,3257.0,3239.8,3251.5,43124025,3576.6,2926.4,4322.95,2866.6,3246.3,74,2,3246.2,89,6,3246.1,133,5,3246.0,79,8,3245.9,239,7,3246.8,6,6,3247.2,25,2,3247.3,197,2,3247.7,9,1,3247.9,38,2
11536,2025-12-30 12:17:06+05:30,3246.3,2,3248.99,829894,104199.0,125483.0,3250.0,3257.0,3239.8,3251.5,43124025,3576.6,2926.4,4322.95,2866.6,3246.3,74,3,3246.2,89,6,3246.1,57,4,3246.0,297,9,3245.9,287,9,3246.8,7,7,3247.3,197,2,3247.6,24,1,3247.7,9,1,3247.8,21,1
11536,2025-12-30 12:17:06+05:30,3247.3,1,3248.99,829894,104199.0,125483.0,3250.0,3257.0,3239.8,3251.5,43124025,3576.6,2926.4,4322.95,2866.6,3246.3,74,3,3246.2,89,6,3246.1,57,4,3246.0,297,9,3245.9,287,9,3246.8,7,7,3247.3,197,2,3247.6,24,1,3247.7,9,1,3247.8,21,1
11536,2025-12-30 12:17:06+05:30,3247.3,1,3248.99,829894,104199.0,125483.0,3250.0,3257.0,3239.8,3251.5,43124025,3576.6,2926.4,4322.95,2866.6,3246.3,74,3,3246.2,89,6,3246.1,57,4,3246.0,297,9,3245.9,287,9,3246.8,7,7,3247.3,197,2,3247.6,24,1,3247.7,9,1,3247.8,21,1
11536,2025-12-30 12:17:07+05:30,3247.2,15,3248.99,829997,104078.0,125383.0,3250.0,3257.0,3239.8,3251.5,43124025,3576.6,2926.4,4322.95,2866.6,3246.3,23,2,3246.2,249,7,3246.1,108,8,3246.0,251,13,3245.9,231,7,3246.8,17,1,3247.3,171,1,3247.6,24,1,3247.7,24,1,3247.8,14,1
11536,2025-12-30 12:17:07+05:30,3247.2,15,3248.99,829997,104078.0,125383.0,3250.0,3257.0,3239.8,3251.5,43124025,3576.6,2926.4,4322.95,2866.6,3246.3,23,2,3246.2,249,7,3246.1,108,8,3246.0,251,13,3245.9,231,7,3246.8,17,1,3247.3,171,1,3247.6,24,1,3247.7,24,1,3247.8,14,1
11536,2025-12-30 12:17:07+05:30,3246.3,1,3248.99,829997,104078.0,125383.0,3250.0,3257.0,3239.8,3251.5,43124025,3576.6,2926.4,4322.95,2866.6,3246.3,23,2,3246.2,249,7,3246.1,108,8,3246.0,251,13,3245.9,231,7,3246.8,17,1,3247.3,171,1,3247.6,24,1,3247.7,24,1,3247.8,14,1
11536,2025-12-30 12:17:08+05:30,3246.3,1,3248.99,829999,103933.0,125427.0,3250.0,3257.0,3239.8,3251.5,43124025,3576.6,2926.4,4322.95,2866.6,3246.3,22,2,3246.2,75,5,3246.1,84,7,3246.0,135,11,3245.9,323,8,3246.8,23,4,3247.2,24,1,3247.3,171,1,3247.7,24,1,3247.8,14,1
11536,2025-12-30 12:17:08+05:30,3246.3,1,3248.99,829999,103933.0,125427.0,3250.0,3257.0,3239.8,3251.5,43124025,3576.6,2926.4,4322.95,2866.6,3246.3,22,2,3246.2,75,5,3246.1,84,7,3246.0,135,11,3245.9,323,8,3246.8,23,4,3247.2,24,1,3247.3,171,1,3247.7,24,1,3247.8,14,1
11536,2025-12-30 12:17:09+05:30,3246.2,5,3248.99,830055,104021.0,125406.0,3250.0,3257.0,3239.8,3251.5,43124025,3576.6,2926.4,4322.95,2866.6,3246.2,86,7,3246.1,200,9,3246.0,162,12,3245.9,218,7,3245.8,300,9,3246.8,5,3,3247.3,171,1,3247.6,24,1,3247.7,24,1,3247.9,49,2
11536,2025-12-30 12:17:09+05:30,3246.2,5,3248.99,830055,104021.0,125406.0,3250.0,3257.0,3239.8,3251.5,43124025,3576.6,2926.4,4322.95,2866.6,3246.2,86,7,3246.1,200,9,3246.0,162,12,3245.9,218,7,3245.8,300,9,3246.8,5,3,3247.3,171,1,3247.6,24,1,3247.7,24,1,3247.9,49,2
11536,2025-12-30 12:17:09+05:30,3246.2,5,3248.99,830055,104021.0,125406.0,3250.0,3257.0,3239.8,3251.5,43124025,3576.6,2926.4,4322.95,2866.6,3246.2,86,7,3246.1,200,9,3246.0,162,12,3245.9,218,7,3245.8,300,9,3246.8,5,3,3247.3,171,1,3247.6,24,1,3247.7,24,1,3247.9,49,2
11536,2025-12-30 12:17:10+05:30,3246.2,7,3248.99,830062,104041.0,125415.0,3250.0,3257.0,3239.8,3251.5,43124025,3576.6,2926.4,4322.95,2866.6,3246.2,88,8,3246.1,200,9,3246.0,162,12,3245.9,218,7,3245.8,300,9,3246.8,6,5,3247.3,171,1,3247.6,24,1,3247.7,24,1,3247.9,49,2
11536,2025-12-30 12:17:10+05:30,3246.2,7,3248.99,830062,104041.0,125415.0,3250.0,3257.0,3239.8,3251.5,43124025,3576.6,2926.4,4322.95,2866.6,3246.2,88,8,3246.1,200,9,3246.0,162,12,3245.9,218,7,3245.8,300,9,3246.8,6,5,3247.3,171,1,3247.6,24,1,3247.7,24,1,3247.9,49,2
11536,2025-12-30 12:17:10+05:30,3248.3,21,3248.99,830062,104041.0,125415.0,3250.0,3257.0,3239.8,3251.5,43124025,3576.6,2926.4,4322.95,2866.6,3246.2,88,8,3246.1,200,9,3246.0,162,12,3245.9,218,7,3245.8,300,9,3246.8,6,5,3247.3,171,1,3247.6,24,1,3247.7,24,1,3247.9,49,2
11536,2025-12-30 12:17:11+05:30,3248.3,21,3248.99,830062,104041.0,125415.0,3250.0,3257.0,3239.8,3251.5,43124025,3576.6,2926.4,4322.95,2866.6,3246.2,88,8,3246.1,200,9,3246.0,162,12,3245.9,218,7,3245.8,300,9,3246.8,6,5,3247.3,171,1,3247.6,24,1,3247.7,24,1,3247.9,49,2
11536,2025-12-30 12:17:11+05:30,3246.6,3,3248.99,830505,104982.0,123947.0,3250.0,3257.0,3239.8,3251.5,43124025,3576.6,2926.4,4322.95,2866.6,3246.6,19,1,3246.5,5,2,3246.4,318,5,3246.3,124,6,3246.2,355,12,3247.5,25,1,3247.6,24,1,3247.7,21,2,3247.8,26,1,3247.9,18,2
11536,2025-12-30 12:17:11+05:30,3247.5,2,3248.99,830505,104982.0,123947.0,3250.0,3257.0,3239.8,3251.5,43124025,3576.6,2926.4,4322.95,2866.6,3246.6,19,1,3246.5,5,2,3246.4,318,5,3246.3,124,6,3246.2,355,12,3247.5,25,1,3247.6,24,1,3247.7,21,2,3247.8,26,1,3247.9,18,2
11536,2025-12-30 12:17:11+05:30,3247.5,2,3248.99,830505,104982.0,123947.0,3250.0,3257.0,3239.8,3251.5,43124025,3576.6,2926.4,4322.95,2866.6,3246.6,19,1,3246.5,5,2,3246.4,318,5,3246.3,124,6,3246.2,355,12,3247.5,25,1,3247.6,24,1,3247.7,21,2,3247.8,26,1,3247.9,18,2
11536,2025-12-30 12:17:12+05:30,3247.5,1,3248.99,830508,105009.0,123957.0,3250.0,3257.0,3239.8,3251.5,43124025,3576.6,2926.4,4322.95,2866.6,3246.6,19,1,3246.5,2,1,3246.4,318,5,3246.3,124,6,3246.2,355,12,3247.5,24,3,3247.6,24,1,3247.7,21,2,3247.8,26,1,3247.9,8,1
11536,2025-12-30 12:17:12+05:30,3247.5,1,3248.99,830508,105009.0,123957.0,3250.0,3257.0,3239.8,3251.5,43124025,3576.6,2926.4,4322.95,2866.6,3246.6,19,1,3246.5,2,1,3246.4,318,5,3246.3,124,6,3246.2,355,12,3247.5,24,3,3247.6,24,1,3247.7,21,2,3247.8,26,1,3247.9,8,1
11536,2025-12-30 12:17:12+05:30,3246.6,3,3248.99,830508,105009.0,123957.0,3250.0,3257.0,3239.8,3251.5,43124025,3576.6,2926.4,4322.95,2866.6,3246.6,19,1,3246.5,2,1,3246.4,318,5,3246.3,124,6,3246.2,355,12,3247.5,24,3,3247.6,24,1,3247.7,21,2,3247.8,26,1,3247.9,8,1
11536,2025-12-30 12:17:13+05:30,3246.6,3,3248.99,830508,105009.0,123957.0,3250.0,3257.0,3239.8,3251.5,43124025,3576.6,2926.4,4322.95,2866.6,3246.6,19,1,3246.5,2,1,3246.4,318,5,3246.3,124,6,3246.2,355,12,3247.5,24,3,3247.6,24,1,3247.7,21,2,3247.8,26,1,3247.9,8,1
11536,2025-12-30 12:17:13+05:30,3246.6,81,3248.99,830610,104492.0,125162.0,3250.0,3257.0,3239.8,3251.5,43124025,3576.6,2926.4,4322.95,2866.6,3246.3,36,3,3246.2,341,10,3246.1,237,9,3246.0,301,12,3245.9,221,8,3246.6,17,2,3247.5,24,5,3247.6,24,1,3247.7,7,1,3247.8,26,1
11536,2025-12-30 12:17:13+05:30,3246.3,1,3248.99,830610,104492.0,125162.0,3250.0,3257.0,3239.8,3251.5,43124025,3576.6,2926.4,4322.95,2866.6,3246.3,36,3,3246.2,341,10,3246.1,237,9,3246.0,301,12,3245.9,221,8,3246.6,17,2,3247.5,24,5,3247.6,24,1,3247.7,7,1,3247.8,26,1
11536,2025-12-30 12:17:14+05:30,3246.2,1,3248.99,830678,103761.0,125186.0,3250.0,3257.0,3239.8,3251.5,43124025,3576.6,2926.4,4322.95,2866.6,3246.2,55,7,3246.1,197,8,3246.0,103,9,3245.9,219,7,3245.8,80,5,3246.6,34,5,3247.5,23,4,3247.6,24,1,3247.8,26,1,3248.0,31,2
11536,2025-12-30 12:17:14+05:30,3246.2,1,3248.99,830678,103761.0,125186.0,3250.0,3257.0,3239.8,3251.5,43124025,3576.6,2926.4,4322.95,2866.6,3246.2,55,7,3246.1,197,8,3246.0,103,9,3245.9,219,7,3245.8,80,5,3246.6,34,5,3247.5,23,4,3247.6,24,1,3247.8,26,1,3248.0,31,2
11536,2025-12-30 12:17:14+05:30,3246.2,2,3248.99,830678,103761.0,125186.0,3250.0,3257.0,3239.8,3251.5,43124025,3576.6,2926.4,4322.95,2866.6,3246.2,55,7,3246.1,197,8,3246.0,103,9,3245.9,219,7,3245.8,80,5,3246.6,34,5,3247.5,23,4,3247.6,24,1,3247.8,26,1,3248.0,31,2
11536,2025-12-30 12:17:15+05:30,3246.2,12,3248.99,830746,103716.0,125154.0,3250.0,3257.0,3239.8,3251.5,43124025,3576.6,2926.4,4322.95,2866.6,3246.2,14,4,3246.1,198,9,3246.0,103,9,3245.9,219,7,3245.8,105,6,3246.6,22,6,3247.5,21,2,3247.6,24,1,3247.8,26,1,3248.0,57,3
11536,2025-12-30 12:17:15+05:30,3246.2,1,3248.99,830746,103716.0,125154.0,3250.0,3257.0,3239.8,3251.5,43124025,3576.6,2926.4,4322.95,2866.6,3246.2,14,4,3246.1,198,9,3246.0,103,9,3245.9,219,7,3245.8,105,6,3246.6,22,6,3247.5,21,2,3247.6,24,1,3247.8,26,1,3248.0,57,3
11536,2025-12-30 12:17:16+05:30,3246.2,1,3248.99,830746,103716.0,125154.0,3250.0,3257.0,3239.8,3251.5,43124025,3576.6,2926.4,4322.95,2866.6,3246.2,14,4,3246.1,198,9,3246.0,103,9,3245.9,219,7,3245.8,105,6,3246.6,22,6,3247.5,21,2,3247.6,24,1,3247.8,26,1,3248.0,57,3
11536,2025-12-30 12:17:16+05:30,3246.6,1,3248.99,830784,104076.0,125280.0,3250.0,3257.0,3239.8,3251.5,43124025,3576.6,2926.4,4322.95,2866.6,3246.2,70,7,3246.1,306,10,3246.0,103,9,3245.9,219,7,3245.8,239,7,3246.6,11,8,3247.5,175,1,3247.6,24,1,3247.8,26,1,3247.9,25,1
11536,2025-12-30 12:17:16+05:30,3246.2,11,3248.99,830784,104076.0,125280.0,3250.0,3257.0,3239.8,3251.5,43124025,3576.6,2926.4,4322.95,2866.6,3246.2,70,7,3246.1,306,10,3246.0,103,9,3245.9,219,7,3245.8,239,7,3246.6,11,8,3247.5,175,1,3247.6,24,1,3247.8,26,1,3247.9,25,1
11536,2025-12-30 12:17:17+05:30,3246.1,8,3248.99,830892,103395.0,125301.0,3250.0,3257.0,3239.8,3251.5,43124025,3576.6,2926.4,4322.95,2866.6,3246.1,72,8,3246.0,224,11,3245.9,117,6,3245.8,100,7,3245.7,83,6,3246.6,14,11,3247.5,175,1,3247.6,24,1,3247.8,47,2,3247.9,50,2
11536,2025-12-30 12:17:17+05:30,3246.1,8,3248.99,830892,103395.0,125301.0,3250.0,3257.0,3239.8,3251.5,43124025,3576.6,2926.4,4322.95,2866.6,3246.1,72,8,3246.0,224,11,3245.9,117,6,3245.8,100,7,3245.7,83,6,3246.6,14,11,3247.5,175,1,3247.6,24,1,3247.8,47,2,3247.9,50,2
11536,2025-12-30 12:17:17+05:30,3246.1,5,3248.99,830892,103395.0,125301.0,3250.0,3257.0,3239.8,3251.5,43124025,3576.6,2926.4,4322.95,2866.6,3246.1,72,8,3246.0,224,11,3245.9,117,6,3245.8,100,7,3245.7,83,6,3246.6,14,11,3247.5,175,1,3247.6,24,1,3247.8,47,2,3247.9,50,2
11536,2025-12-30 12:17:18+05:30,3246.1,10,3248.99,830922,103399.0,125267.0,3250.0,3257.0,3239.8,3251.5,43124025,3576.6,2926.4,4322.95,2866.6,3246.1,51,7,3246.0,229,12,3245.9,117,6,3245.8,100,7,3245.7,103,7,3246.6,16,13,3247.5,175,1,3247.6,24,1,3247.8,47,2,3247.9,50,2
11536,2025-12-30 12:17:18+05:30,3246.6,1,3248.99,830922,103399.0,125267.0,3250.0,3257.0,3239.8,3251.5,43124025,3576.6,2926.4,4322.95,2866.6,3246.1,51,7,3246.0,229,12,3245.9,117,6,3245.8,100,7,3245.7,103,7,3246.6,16,13,3247.5,175,1,3247.6,24,1,3247.8,47,2,3247.9,50,2
11536,2025-12-30 12:17:19+05:30,3246.6,1,3248.99,830922,103399.0,125267.0,3250.0,3257.0,3239.8,3251.5,43124025,3576.6,2926.4,4322.95,2866.6,3246.1,51,7,3246.0,229,12,3245.9,117,6,3245.8,100,7,3245.7,103,7,3246.6,16,13,3247.5,175,1,3247.6,24,1,3247.8,47,2,3247.9,50,2
11536,2025-12-30 12:17:19+05:30,3246.2,23,3248.99,830969,103553.0,125242.0,3250.0,3257.0,3239.8,3251.5,43124025,3576.6,2926.4,4322.95,2866.6,3246.2,177,1,3246.1,176,10,3246.0,103,9,3245.9,117,6,3245.8,100,7,3246.6,12,11,3247.5,175,1,3247.6,24,1,3247.8,26,1,3247.9,50,2
11536,2025-12-30 12:17:19+05:30,3246.2,6,3248.99,830969,103553.0,125242.0,3250.0,3257.0,3239.8,3251.5,43124025,3576.6,2926.4,4322.95,2866.6,3246.2,177,1,3246.1,176,10,3246.0,103,9,3245.9,117,6,3245.8,100,7,3246.6,12,11,3247.5,175,1,3247.6,24,1,3247.8,26,1,3247.9,50,2
11536,2025-12-30 12:17:20+05:30,3246.2,3,3248.99,830987,103591.0,125260.0,3250.0,3257.0,3239.8,3251.5,43124025,3576.6,2926.4,4322.95,2866.6,3246.2,177,4,3246.1,194,9,3246.0,150,12,3245.9,117,6,3245.8,100,7,3246.6,12,11,3247.5,175,1,3247.6,24,1,3247.8,26,1,3247.9,50,2
11536,2025-12-30 12:17:20+05:30,3246.2,3,3248.99,830987,103591.0,125260.0,3250.0,3257.0,3239.8,3251.5,43124025,3576.6,2926.4,4322.95,2866.6,3246.2,177,4,3246.1,194,9,3246.0,150,12,3245.9,117,6,3245.8,100,7,3246.6,12,11,3247.5,175,1,3247.6,24,1,3247.8,26,1,3247.9,50,2
11536,2025-12-30 12:17:20+05:30,3246.6,1,3248.99,830987,103591.0,125260.0,3250.0,3257.0,3239.8,3251.5,43124025,3576.6,2926.4,4322.95,2866.6,3246.2,177,4,3246.1,194,9,3246.0,150,12,3245.9,117,6,3245.8,100,7,3246.6,12,11,3247.5,175,1,3247.6,24,1,3247.8,26,1,3247.9,50,2
11536,2025-12-30 12:17:21+05:30,3246.3,4,3248.99,831011,103550.0,125259.0,3250.0,3257.0,3239.8,3251.5,43124025,3576.6,2926.4,4322.95,2866.6,3246.3,6,1,3246.2,211,6,3246.1,149,7,3246.0,150,12,3245.9,119,7,3246.6,11,11,3247.5,175,1,3247.6,24,1,3247.8,26,1,3247.9,50,2
11536,2025-12-30 12:17:21+05:30,3246.3,2,3248.99,831011,103550.0,125259.0,3250.0,3257.0,3239.8,3251.5,43124025,3576.6,2926.4,4322.95,2866.6,3246.3,6,1,3246.2,211,6,3246.1,149,7,3246.0,150,12,3245.9,119,7,3246.6,11,11,3247.5,175,1,3247.6,24,1,3247.8,26,1,3247.9,50,2
11536,2025-12-30 12:17:22+05:30,3246.3,3,3248.99,831027,103707.0,125259.0,3250.0,3257.0,3239.8,3251.5,43124025,3576.6,2926.4,4322.95,2866.6,3246.3,6,1,3246.2,169,4,3246.1,124,6,3246.0,116,10,3245.9,119,7,3246.6,11,11,3247.5,175,1,3247.6,24,1,3247.8,26,1,3247.9,50,2
11536,2025-12-30 12:17:22+05:30,3246.3,3,3248.99,831027,103707.0,125259.0,3250.0,3257.0,3239.8,3251.5,43135575,3576.6,2926.4,4322.95,2866.6,3246.3,6,1,3246.2,169,4,3246.1,124,6,3246.0,116,10,3245.9,119,7,3246.6,11,11,3247.5,175,1,3247.6,24,1,3247.8,26,1,3247.9,50,2
11536,2025-12-30 12:17:22+05:30,3246.3,4,3248.99,831027,103707.0,125259.0,3250.0,3257.0,3239.8,3251.5,43135575,3576.6,2926.4,4322.95,2866.6,3246.3,6,1,3246.2,169,4,3246.1,124,6,3246.0,116,10,3245.9,119,7,3246.6,11,11,3247.5,175,1,3247.6,24,1,3247.8,26,1,3247.9,50,2
11536,2025-12-30 12:17:23+05:30,3246.4,2,3248.99,831040,103710.0,125258.0,3250.0,3257.0,3239.8,3251.5,43135575,3576.6,2926.4,4322.95,2866.6,3246.4,11,1,3246.2,203,5,3246.1,133,7,3246.0,116,10,3245.9,143,8,3246.6,10,10,3247.5,175,1,3247.6,24,1,3247.8,26,1,3247.9,50,2
11536,2025-12-30 12:17:23+05:30,3246.4,4,3248.99,831040,103710.0,125258.0,3250.0,3257.0,3239.8,3251.5,43135575,3576.6,2926.4,4322.95,2866.6,3246.4,11,1,3246.2,203,5,3246.1,133,7,3246.0,116,10,3245.9,143,8,3246.6,10,10,3247.5,175,1,3247.6,24,1,3247.8,26,1,3247.9,50,2
11536,2025-12-30 12:17:24+05:30,3246.6,2,3248.99,831060,103780.0,123550.0,3250.0,3257.0,3239.8,3251.5,43135575,3576.6,2926.4,4322.95,2866.6,3246.6,4,1,3246.4,3,1,3246.2,413,5,3246.1,53,4,3246.0,119,9,3247.4,81,3,3247.5,201,3,3247.6,23,1,3247.8,19,1,3247.9,25,1
11536,2025-12-30 12:17:24+05:30,3246.6,2,3248.99,831060,103780.0,123550.0,3250.0,3257.0,3239.8,3251.5,43135575,3576.6,2926.4,4322.95,2866.6,3246.6,4,1,3246.4,3,1,3246.2,413,5,3246.1,53,4,3246.0,119,9,3247.4,81,3,3247.5,201,3,3247.6,23,1,3247.8,19,1,3247.9,25,1
11536,2025-12-30 12:17:24+05:30,3247.1,1,3248.99,831060,103780.0,123550.0,3250.0,3257.0,3239.8,3251.5,43135575,3576.6,2926.4,4322.95,2866.6,3246.6,4,1,3246.4,3,1,3246.2,413,5,3246.1,53,4,3246.0,119,9,3247.4,81,3,3247.5,201,3,3247.6,23,1,3247.8,19,1,3247.9,25,1
11536,2025-12-30 12:17:25+05:30,3247.4,1,3248.99,831062,104474.0,124289.0,3250.0,3257.0,3239.8,3251.5,43135575,3576.6,2926.4,4322.95,2866.6,3247.3,3,1,3247.1,1,1,3246.6,4,1,3246.4,126,3,3246.3,291,3,3247.4,50,5,3247.5,183,2,3247.8,19,1,3247.9,25,1,3248.0,53,3
11536,2025-12-30 12:17:25+05:30,3247.4,1,3248.99,831062,104474.0,124289.0,3250.0,3257.0,3239.8,3251.5,43135575,3576.6,2926.4,4322.95,2866.6,3247.3,3,1,3247.1,1,1,3246.6,4,1,3246.4,126,3,3246.3,291,3,3247.4,50,5,3247.5,183,2,3247.8,19,1,3247.9,25,1,3248.0,53,3
11536,2025-12-30 12:17:26+05:30,3247.3,17,3248.99,831269,105827.0,124159.0,3250.0,3257.0,3239.8,3251.5,43135575,3576.6,2926.4,4322.95,2866.6,3247.3,15,1,3247.1,1,1,3246.8,23,2,3246.7,72,2,3246.6,219,3,3247.5,175,1,3247.6,33,1,3247.7,24,1,3247.9,45,2,3248.0,25,1
11536,2025-12-30 12:17:26+05:30,3247.4,46,3248.99,831269,105827.0,124159.0,3250.0,3257.0,3239.8,3251.5,43135575,3576.6,2926.4,4322.95,2866.6,3247.3,15,1,3247.1,1,1,3246.8,23,2,3246.7,72,2,3246.6,219,3,3247.5,175,1,3247.6,33,1,3247.7,24,1,3247.9,45,2,3248.0,25,1
11536,2025-12-30 12:17:27+05:30,3247.4,46,3248.99,831318,105504.0,124867.0,3250.0,3257.0,3239.8,3251.5,43135575,3576.6,2926.4,4322.95,2866.6,3247.1,1,1,3246.6,176,2,3246.5,71,2,3246.4,258,6,3246.3,161,4,3247.3,8,1,3247.4,24,1,3247.5,236,7,3247.7,33,2,3247.8,14,1
11536,2025-12-30 12:17:27+05:30,3247.3,1,3248.99,831318,105504.0,124867.0,3250.0,3257.0,3239.8,3251.5,43135575,3576.6,2926.4,4322.95,2866.6,3247.1,1,1,3246.6,176,2,3246.5,71,2,3246.4,258,6,3246.3,161,4,3247.3,8,1,3247.4,24,1,3247.5,236,7,3247.7,33,2,3247.8,14,1
11536,2025-12-30 12:17:30+05:30,3247.1,1,3248.99,831399,104600.0,125517.0,3250.0,3257.0,3239.8,3251.5,43135575,3576.6,2926.4,4322.95,2866.6,3246.6,12,2,3246.5,9,1,3246.4,25,2,3246.3,26,2,3246.2,403,7,3247.1,17,10,3247.2,14,1,3247.3,25,2,3247.4,14,1,3247.5,233,3
11536,2025-12-30 12:17:30+05:30,3246.6,3,3248.99,831399,104600.0,125517.0,3250.0,3257.0,3239.8,3251.5,43135575,3576.6,2926.4,4322.95,2866.6,3246.6,12,2,3246.5,9,1,3246.4,25,2,3246.3,26,2,3246.2,403,7,3247.1,17,10,3247.2,14,1,3247.3,25,2,3247.4,14,1,3247.5,233,3
11536,2025-12-30 12:17:32+05:30,3247.1,1,3248.99,831399,104600.0,125517.0,3250.0,3257.0,3239.8,3251.5,43135575,3576.6,2926.4,4322.95,2866.6,3246.6,12,2,3246.5,9,1,3246.4,25,2,3246.3,26,2,3246.2,403,7,3247.1,17,10,3247.2,14,1,3247.3,25,2,3247.4,14,1,3247.5,233,3
11536,2025-12-30 12:17:34+05:30,3246.6,11,3248.99,831542,104548.0,125501.0,3250.0,3257.0,3239.8,3251.5,43135575,3576.6,2926.4,4322.95,2866.6,3246.6,2,1,3246.5,9,1,3246.4,1,1,3246.2,413,5,3246.1,55,5,3247.1,12,8,3247.3,24,1,3247.4,24,1,3247.5,222,3,3247.8,23,2
11536,2025-12-30 12:17:36+05:30,3246.5,36,3248.99,831542,104548.0,125501.0,3250.0,3257.0,3239.8,3251.5,43135575,3576.6,2926.4,4322.95,2866.6,3246.6,2,1,3246.5,9,1,3246.4,1,1,3246.2,413,5,3246.1,55,5,3247.1,12,8,3247.3,24,1,3247.4,24,1,3247.5,222,3,3247.8,23,2
11536,2025-12-30 12:17:38+05:30,3246.2,5,3248.99,831736,103845.0,125514.0,3250.0,3257.0,3239.8,3251.5,43135575,3576.6,2926.4,4322.95,2866.6,3246.2,144,4,3246.1,146,6,3246.0,103,11,3245.9,146,5,3245.8,90,5,3246.4,7,3,3246.5,3,3,3246.6,2,2,3247.1,50,2,3247.5,175,1
11536,2025-12-30 12:17:39+05:30,3246.2,1,3248.99,831736,103845.0,125514.0,3250.0,3257.0,3239.8,3251.5,43135575,3576.6,2926.4,4322.95,2866.6,3246.2,144,4,3246.1,146,6,3246.0,103,11,3245.9,146,5,3245.8,90,5,3246.4,7,3,3246.5,3,3,3246.6,2,2,3247.1,50,2,3247.5,175,1
11536,2025-12-30 12:17:42+05:30,3246.2,4,3248.99,831831,103793.0,125594.0,3250.0,3257.0,3239.8,3251.5,43135575,3576.6,2926.4,4322.95,2866.6,3246.2,181,4,3246.1,182,6,3246.0,99,9,3245.9,20,3,3245.8,128,8,3246.4,17,7,3247.1,50,2,3247.3,13,1,3247.4,178,2,3247.5,11,2
11536,2025-12-30 12:17:42+05:30,3246.2,7,3248.99,831831,103793.0,125594.0,3250.0,3257.0,3239.8,3251.5,43135575,3576.6,2926.4,4322.95,2866.6,3246.2,181,4,3246.1,182,6,3246.0,99,9,3245.9,20,3,3245.8,128,8,3246.4,17,7,3247.1,50,2,3247.3,13,1,3247.4,178,2,3247.5,11,2
11536,2025-12-30 12:17:45+05:30,3246.4,2,3248.99,831831,103793.0,125594.0,3250.0,3257.0,3239.8,3251.5,43135575,3576.6,2926.4,4322.95,2866.6,3246.2,181,4,3246.1,182,6,3246.0,99,9,3245.9,20,3,3245.8,128,8,3246.4,17,7,3247.1,50,2,3247.3,13,1,3247.4,178,2,3247.5,11,2
11536,2025-12-30 12:17:47+05:30,3246.5,1,3248.99,831883,103814.0,125743.0,3250.0,3257.0,3239.8,3251.5,43135575,3576.6,2926.4,4322.95,2866.6,3246.2,182,7,3246.1,109,7,3246.0,312,12,3245.9,238,6,3245.8,126,8,3246.5,9,3,3247.0,11,3,3247.1,50,2,3247.3,24,1,3247.4,23,1
11536,2025-12-30 12:17:48+05:30,3246.2,11,3248.99,831883,103814.0,125743.0,3250.0,3257.0,3239.8,3251.5,43135575,3576.6,2926.4,4322.95,2866.6,3246.2,182,7,3246.1,109,7,3246.0,312,12,3245.9,238,6,3245.8,126,8,3246.5,9,3,3247.0,11,3,3247.1,50,2,3247.3,24,1,3247.4,23,1
11536,2025-12-30 12:17:51+05:30,3246.2,1,3248.99,832016,103682.0,125872.0,3250.0,3257.0,3239.8,3251.5,43135575,3576.6,2926.4,4322.95,2866.6,3246.2,97,4,3246.1,92,6,3246.0,198,11,3245.9,145,5,3245.8,127,8,3246.5,70,8,3247.0,32,2,3247.3,24,1,3247.4,175,1,3247.5,3,1
11536,2025-12-30 12:17:51+05:30,3246.2,1,3248.99,832016,103682.0,125872.0,3250.0,3257.0,3239.8,3251.5,43135575,3576.6,2926.4,4322.95,2866.6,3246.2,97,4,3246.1,92,6,3246.0,198,11,3245.9,145,5,3245.8,127,8,3246.5,70,8,3247.0,32,2,3247.3,24,1,3247.4,175,1,3247.5,3,1
11536,2025-12-30 12:17:53+05:30,3246.2,7,3248.99,832016,103682.0,125872.0,3250.0,3257.0,3239.8,3251.5,43135575,3576.6,2926.4,4322.95,2866.6,3246.2,97,4,3246.1,92,6,3246.0,198,11,3245.9,145,5,3245.8,127,8,3246.5,70,8,3247.0,32,2,3247.3,24,1,3247.4,175,1,3247.5,3,1
11536,2025-12-30 12:17:55+05:30,3246.2,2,3248.99,832123,103532.0,125933.0,3250.0,3257.0,3239.8,3251.5,43135575,3576.6,2926.4,4322.95,2866.6,3246.2,75,4,3246.1,84,5,3246.0,186,10,3245.9,26,4,3245.8,91,6,3246.5,32,8,3247.0,56,3,3247.1,21,1,3247.3,23,1,3247.4,175,1
11536,2025-12-30 12:17:57+05:30,3247.4,4,3248.99,832123,103532.0,125933.0,3250.0,3257.0,3239.8,3251.5,43135575,3576.6,2926.4,4322.95,2866.6,3246.2,75,4,3246.1,84,5,3246.0,186,10,3245.9,26,4,3245.8,91,6,3246.5,32,8,3247.0,56,3,3247.1,21,1,3247.3,23,1,3247.4,175,1
11536,2025-12-30 12:17:59+05:30,3246.2,1,3248.99,832123,103532.0,125933.0,3250.0,3257.0,3239.8,3251.5,43135575,3576.6,2926.4,4322.95,2866.6,3246.2,75,4,3246.1,84,5,3246.0,186,10,3245.9,26,4,3245.8,91,6,3246.5,32,8,3247.0,56,3,3247.1,21,1,3247.3,23,1,3247.4,175,1
11536,2025-12-30 12:18:00+05:30,3246.1,29,3248.98,832420,102974.0,124631.0,3250.0,3257.0,3239.8,3251.5,43135575,3576.6,2926.4,4322.95,2866.6,3246.1,47,5,3246.0,302,12,3245.9,124,5,3245.8,288,10,3245.7,79,4,3247.1,25,3,3247.2,24,1,3247.4,39,2,3247.5,171,1,3247.7,30,1
11536,2025-12-30 12:18:03+05:30,3246.2,2,3248.98,832420,102974.0,124631.0,3250.0,3257.0,3239.8,3251.5,43135575,3576.6,2926.4,4322.95,2866.6,3246.1,47,5,3246.0,302,12,3245.9,124,5,3245.8,288,10,3245.7,79,4,3247.1,25,3,3247.2,24,1,3247.4,39,2,3247.5,171,1,3247.7,30,1
11536,2025-12-30 12:18:04+05:30,3246.2,3,3248.98,832477,103481.0,124597.0,3250.0,3257.0,3239.8,3251.5,43135575,3576.6,2926.4,4322.95,2866.6,3246.2,6,2,3246.1,17,4,3246.0,292,11,3245.9,124,5,3245.8,286,9,3247.0,25,6,3247.1,23,2,3247.5,180,2,3247.7,30,1,3247.8,47,3
11536,2025-12-30 12:18:06+05:30,3246.6,63,3248.98,832477,103481.0,124597.0,3250.0,3257.0,3239.8,3251.5,43135575,3576.6,2926.4,4322.95,2866.6,3246.2,6,2,3246.1,17,4,3246.0,292,11,3245.9,124,5,3245.8,286,9,3247.0,25,6,3247.1,23,2,3247.5,180,2,3247.7,30,1,3247.8,47,3
11536,2025-12-30 12:18:08+05:30,3246.1,1,3248.98,832583,103313.0,125163.0,3250.0,3257.0,3239.8,3251.5,43135575,3576.6,2926.4,4322.95,2866.6,3246.1,24,4,3246.0,164,9,3245.9,93,6,3245.8,376,9,3245.7,453,5,3247.0,78,9,3247.3,23,1,3247.4,8,1,3247.5,171,1,3247.6,12,1
11536,2025-12-30 12:18:09+05:30,3246.1,2,3248.98,832583,103313.0,125163.0,3250.0,3257.0,3239.8,3251.5,43135575,3576.6,2926.4,4322.95,2866.6,3246.1,24,4,3246.0,164,9,3245.9,93,6,3245.8,376,9,3245.7,453,5,3247.0,78,9,3247.3,23,1,3247.4,8,1,3247.5,171,1,3247.6,12,1
11536,2025-12-30 12:18:12+05:30,3246.1,9,3248.98,832583,103313.0,125163.0,3250.0,3257.0,3239.8,3251.5,43135575,3576.6,2926.4,4322.95,2866.6,3246.1,24,4,3246.0,164,9,3245.9,93,6,3245.8,376,9,3245.7,453,5,3247.0,78,9,3247.3,23,1,3247.4,8,1,3247.5,171,1,3247.6,12,1
11536,2025-12-30 12:18:13+05:30,3246.1,9,3248.98,832712,102197.0,125126.0,3250.0,3257.0,3239.8,3251.5,43135575,3576.6,2926.4,4322.95,2866.6,3246.1,15,3,3246.0,185,11,3245.9,93,6,3245.8,376,9,3245.7,120,5,3247.0,29,7,3247.1,23,1,3247.2,23,1,3247.4,173,3,3247.6,12,2
11536,2025-12-30 12:18:15+05:30,3246.1,1,3248.98,832712,102197.0,125126.0,3250.0,3257.0,3239.8,3251.5,43135575,3576.6,2926.4,4322.95,2866.6,3246.1,15,3,3246.0,185,11,3245.9,93,6,3245.8,376,9,3245.7,120,5,3247.0,29,7,3247.1,23,1,3247.2,23,1,3247.4,173,3,3247.6,12,2
11536,2025-12-30 12:18:17+05:30,3247.4,51,3248.98,833009,103045.0,123884.0,3250.0,3257.0,3239.8,3251.5,43135575,3576.6,2926.4,4322.95,2866.6,3246.2,8,2,3246.1,15,4,3246.0,168,9,3245.9,285,7,3245.8,260,7,3247.3,84,4,3247.4,130,2,3247.5,3,1,3247.6,12,2,3247.7,30,1
11536,2025-12-30 12:18:18+05:30,3246.2,1,3248.98,833009,103045.0,123884.0,3250.0,3257.0,3239.8,3251.5,43135575,3576.6,2926.4,4322.95,2866.6,3246.2,8,2,3246.1,15,4,3246.0,168,9,3245.9,285,7,3245.8,260,7,3247.3,84,4,3247.4,130,2,3247.5,3,1,3247.6,12,2,3247.7,30,1
11536,2025-12-30 12:18:21+05:30,3247.0,20,3248.98,833151,102999.0,124020.0,3250.0,3257.0,3239.8,3251.5,43135575,3576.6,2926.4,4322.95,2866.6,3246.1,26,5,3246.0,168,10,3245.9,254,7,3245.8,250,6,3245.7,107,5,3247.0,33,4,3247.2,5,4,3247.3,5,1,3247.4,120,1,3247.5,3,1
11536,2025-12-30 12:18:21+05:30,3246.1,6,3248.98,833151,102999.0,124020.0,3250.0,3257.0,3239.8,3251.5,43135575,3576.6,2926.4,4322.95,2866.6,3246.1,26,5,3246.0,168,10,3245.9,254,7,3245.8,250,6,3245.7,107,5,3247.0,33,4,3247.2,5,4,3247.3,5,1,3247.4,120,1,3247.5,3,1
11536,2025-12-30 12:18:23+05:30,3246.1,4,3248.98,833151,102999.0,124020.0,3250.0,3257.0,3239.8,3251.5,43135575,3576.6,2926.4,4322.95,2866.6,3246.1,26,5,3246.0,168,10,3245.9,254,7,3245.8,250,6,3245.7,107,5,3247.0,33,4,3247.2,5,4,3247.3,5,1,3247.4,120,1,3247.5,3,1
11536,2025-12-30 12:18:25+05:30,3246.2,1,3248.98,833296,102088.0,124982.0,3250.0,3257.0,3239.8,3251.5,43135575,3576.6,2926.4,4322.95,2866.6,3246.2,1,1,3246.1,63,5,3246.0,148,9,3245.9,289,7,3245.8,263,7,3247.0,34,3,3247.1,50,2,3247.4,120,1,3247.5,3,1,3247.6,13,2
11536,2025-12-30 12:18:27+05:30,3246.1,1,3248.98,833296,102088.0,124982.0,3250.0,3257.0,3239.8,3251.5,43135575,3576.6,2926.4,4322.95,2866.6,3246.2,1,1,3246.1,63,5,3246.0,148,9,3245.9,289,7,3245.8,263,7,3247.0,34,3,3247.1,50,2,3247.4,120,1,3247.5,3,1,3247.6,13,2
11536,2025-12-30 12:18:29+05:30,3246.1,6,3248.98,833413,102010.0,125130.0,3250.0,3257.0,3239.8,3251.5,43135575,3576.6,2926.4,4322.95,2866.6,3246.1,24,4,3246.0,180,10,3245.9,63,3,3245.8,311,6,3245.7,83,4,3247.0,36,4,3247.1,26,1,3247.3,24,1,3247.4,120,1,3247.5,3,1
11536,2025-12-30 12:18:30+05:30,3246.1,1,3248.98,833413,102010.0,125130.0,3250.0,3257.0,3239.8,3251.5,43135575,3576.6,2926.4,4322.95,2866.6,3246.1,24,4,3246.0,180,10,3245.9,63,3,3245.8,311,6,3245.7,83,4,3247.0,36,4,3247.1,26,1,3247.3,24,1,3247.4,120,1,3247.5,3,1
11536,2025-12-30 12:18:32+05:30,3246.1,1,3248.98,833413,102010.0,125130.0,3250.0,3257.0,3239.8,3251.5,43135575,3576.6,2926.4,4322.95,2866.6,3246.1,24,4,3246.0,180,10,3245.9,63,3,3245.8,311,6,3245.7,83,4,3247.0,36,4,3247.1,26,1,3247.3,24,1,3247.4,120,1,3247.5,3,1
11536,2025-12-30 12:18:33+05:30,3246.1,1,3248.98,833466,102007.0,125321.0,3250.0,3257.0,3239.8,3251.5,43135575,3576.6,2926.4,4322.95,2866.6,3246.1,11,4,3246.0,180,10,3245.9,63,3,3245.8,332,7,3245.7,33,2,3247.0,68,8,3247.1,26,1,3247.4,120,1,3247.5,14,2,3247.6,7,2
11536,2025-12-30 12:18:36+05:30,3247.0,1,3248.98,833466,102007.0,125321.0,3250.0,3257.0,3239.8,3251.5,43135575,3576.6,2926.4,4322.95,2866.6,3246.1,11,4,3246.0,180,10,3245.9,63,3,3245.8,332,7,3245.7,33,2,3247.0,68,8,3247.1,26,1,3247.4,120,1,3247.5,14,2,3247.6,7,2
11536,2025-12-30 12:18:37+05:30,3246.0,1,3248.98,833670,101418.0,124738.0,3250.0,3257.0,3239.8,3251.5,43135575,3576.6,2926.4,4322.95,2866.6,3246.0,103,7,3245.9,184,5,3245.8,253,9,3245.7,100,4,3245.6,149,7,3247.0,55,4,3247.2,6,2,3247.3,50,3,3247.4,94,1,3247.5,14,2
11536,2025-12-30 12:18:39+05:30,3246.0,15,3248.98,833670,101418.0,124738.0,3250.0,3257.0,3239.8,3251.5,43135575,3576.6,2926.4,4322.95,2866.6,3246.0,103,7,3245.9,184,5,3245.8,253,9,3245.7,100,4,3245.6,149,7,3247.0,55,4,3247.2,6,2,3247.3,50,3,3247.4,94,1,3247.5,14,2
11536,2025-12-30 12:18:42+05:30,3246.0,4,3248.98,833831,101501.0,125390.0,3250.0,3257.0,3239.8,3251.5,43135575,3576.6,2926.4,4322.95,2866.6,3246.0,16,4,3245.9,69,4,3245.8,283,7,3245.7,76,3,3245.6,267,9,3246.8,51,2,3246.9,2,2,3247.0,35,5,3247.2,11,1,3247.3,132,3
11536,2025-12-30 12:18:42+05:30,3246.7,1,3248.98,833831,101501.0,125390.0,3250.0,3257.0,3239.8,3251.5,43135575,3576.6,2926.4,4322.95,2866.6,3246.0,16,4,3245.9,69,4,3245.8,283,7,3245.7,76,3,3245.6,267,9,3246.8,51,2,3246.9,2,2,3247.0,35,5,3247.2,11,1,3247.3,132,3
11536,2025-12-30 12:18:45+05:30,3246.1,4,3248.98,833831,101501.0,125390.0,3250.0,3257.0,3239.8,3251.5,43135575,3576.6,2926.4,4322.95,2866.6,3246.0,16,4,3245.9,69,4,3245.8,283,7,3245.7,76,3,3245.6,267,9,3246.8,51,2,3246.9,2,2,3247.0,35,5,3247.2,11,1,3247.3,132,3
11536,2025-12-30 12:18:46+05:30,3246.7,1,3248.98,833896,101260.0,125266.0,3250.0,3257.0,3239.8,3251.5,43135575,3576.6,2926.4,4322.95,2866.6,3246.1,3,1,3246.0,15,4,3245.9,63,3,3245.8,72,4,3245.7,110,4,3246.7,51,7,3247.0,30,1,3247.2,11,1,3247.3,125,2,3247.4,11,1
11536,2025-12-30 12:18:48+05:30,3248.6,8,3248.98,833896,101260.0,125266.0,3250.0,3257.0,3239.8,3251.5,43135575,3576.6,2926.4,4322.95,2866.6,3246.1,3,1,3246.0,15,4,3245.9,63,3,3245.8,72,4,3245.7,110,4,3246.7,51,7,3247.0,30,1,3247.2,11,1,3247.3,125,2,3247.4,11,1
11536,2025-12-30 12:18:50+05:30,3246.4,1,3248.98,834829,103541.0,124760.0,3250.0,3257.0,3239.8,3251.5,43135575,3576.6,2926.4,4322.95,2866.6,3246.4,156,2,3246.2,23,1,3246.0,272,11,3245.9,168,8,3245.8,702,11,3247.2,64,4,3247.3,202,2,3247.4,13,1,3247.6,13,1,3247.7,17,2
11536,2025-12-30 12:18:51+05:30,3247.2,5,3248.98,834829,103541.0,124760.0,3250.0,3257.0,3239.8,3251.5,43135575,3576.6,2926.4,4322.95,2866.6,3246.4,156,2,3246.2,23,1,3246.0,272,11,3245.9,168,8,3245.8,702,11,3247.2,64,4,3247.3,202,2,3247.4,13,1,3247.6,13,1,3247.7,17,2
11536,2025-12-30 12:18:54+05:30,3246.8,4,3248.98,835330,103156.0,124845.0,3250.0,3257.0,3239.8,3251.5,43135575,3576.6,2926.4,4322.95,2866.6,3246.1,87,6,3246.0,160,8,3245.9,130,6,3245.8,370,11,3245.7,142,6,3246.8,10,3,3247.3,175,1,3247.8,30,2,3247.9,18,2,3248.0,30,2
11536,2025-12-30 12:18:54+05:30,3247.3,133,3248.98,835330,103156.0,124845.0,3250.0,3257.0,3239.8,3251.5,43135575,3576.6,2926.4,4322.95,2866.6,3246.1,87,6,3246.0,160,8,3245.9,130,6,3245.8,370,11,3245.7,142,6,3246.8,10,3,3247.3,175,1,3247.8,30,2,3247.9,18,2,3248.0,30,2
11536,2025-12-30 12:18:57+05:30,3246.1,69,3248.98,835330,103156.0,124845.0,3250.0,3257.0,3239.8,3251.5,43135575,3576.6,2926.4,4322.95,2866.6,3246.1,87,6,3246.0,160,8,3245.9,130,6,3245.8,370,11,3245.7,142,6,3246.8,10,3,3247.3,175,1,3247.8,30,2,3247.9,18,2,3248.0,30,2
11536,2025-12-30 12:18:58+05:30,3246.1,35,3248.98,835772,102851.0,124808.0,3250.0,3257.0,3239.8,3251.5,43135575,3576.6,2926.4,4322.95,2866.6,3246.1,19,1,3246.0,29,6,3245.9,131,6,3245.8,127,7,3245.7,111,7,3246.2,18,6,3247.5,175,1,3247.6,21,1,3247.8,35,2,3247.9,34,2
11536,2025-12-30 12:19:00+05:30,3246.2,1,3248.98,835772,102851.0,124808.0,3250.0,3257.0,3239.8,3251.5,43135575,3576.6,2926.4,4322.95,2866.6,3246.1,19,1,3246.0,29,6,3245.9,131,6,3245.8,127,7,3245.7,111,7,3246.2,18,6,3247.5,175,1,3247.6,21,1,3247.8,35,2,3247.9,34,2
11536,2025-12-30 12:19:02+05:30,3246.2,5,3248.97,835963,101375.0,124694.0,3250.0,3257.0,3239.8,3251.5,43135575,3576.6,2926.4,4322.95,2866.6,3246.0,4,1,3245.9,65,4,3245.8,59,4,3245.7,60,4,3245.6,44,2,3246.2,34,7,3246.7,24,1,3246.8,1,1,3247.0,25,1,3247.1,3,1
11536,2025-12-30 12:19:03+05:30,3245.9,2,3248.97,835963,101375.0,124694.0,3250.0,3257.0,3239.8,3251.5,43135575,3576.6,2926.4,4322.95,2866.6,3246.0,4,1,3245.9,65,4,3245.8,59,4,3245.7,60,4,3245.6,44,2,3246.2,34,7,3246.7,24,1,3246.8,1,1,3247.0,25,1,3247.1,3,1
11536,2025-12-30 12:19:06+05:30,3246.0,17,3248.97,835963,101375.0,124694.0,3250.0,3257.0,3239.8,3251.5,43135575,3576.6,2926.4,4322.95,2866.6,3246.0,4,1,3245.9,65,4,3245.8,59,4,3245.7,60,4,3245.6,44,2,3246.2,34,7,3246.7,24,1,3246.8,1,1,3247.0,25,1,3247.1,3,1
11536,2025-12-30 12:19:07+05:30,3246.0,17,3248.97,836108,101054.0,124722.0,3250.0,3257.0,3239.8,3251.5,43135575,3576.6,2926.4,4322.95,2866.6,3246.0,4,2,3245.9,48,3,3245.8,52,3,3245.7,83,5,3245.6,81,4,3246.2,23,5,3246.7,24,1,3246.8,1,1,3247.0,25,1,3247.1,3,1
11536,2025-12-30 12:19:09+05:30,3246.2,1,3248.97,836108,101054.0,124722.0,3250.0,3257.0,3239.8,3251.5,43135575,3576.6,2926.4,4322.95,2866.6,3246.0,4,2,3245.9,48,3,3245.8,52,3,3245.7,83,5,3245.6,81,4,3246.2,23,5,3246.7,24,1,3246.8,1,1,3247.0,25,1,3247.1,3,1
11536,2025-12-30 12:19:11+05:30,3246.1,4,3248.97,836208,102711.0,124988.0,3250.0,3257.0,3239.8,3251.5,43135575,3576.6,2926.4,4322.95,2866.6,3246.1,11,1,3246.0,2,1,3245.9,53,4,3245.8,104,5,3245.7,94,5,3246.2,7,6,3246.8,1,1,3247.0,23,1,3247.1,3,1,3247.2,13,1
11536,2025-12-30 12:19:12+05:30,3246.1,2,3248.97,836208,102711.0,124988.0,3250.0,3257.0,3239.8,3251.5,43135575,3576.6,2926.4,4322.95,2866.6,3246.1,11,1,3246.0,2,1,3245.9,53,4,3245.8,104,5,3245.7,94,5,3246.2,7,6,3246.8,1,1,3247.0,23,1,3247.1,3,1,3247.2,13,1
11536,2025-12-30 12:19:15+05:30,3246.1,1,3248.97,836208,102711.0,124988.0,3250.0,3257.0,3239.8,3251.5,43135575,3576.6,2926.4,4322.95,2866.6,3246.1,11,1,3246.0,2,1,3245.9,53,4,3245.8,104,5,3245.7,94,5,3246.2,7,6,3246.8,1,1,3247.0,23,1,3247.1,3,1,3247.2,13,1
11536,2025-12-30 12:19:16+05:30,3246.1,1,3248.97,836242,102865.0,124968.0,3250.0,3257.0,3239.8,3251.5,43135575,3576.6,2926.4,4322.95,2866.6,3246.1,19,1,3246.0,19,2,3245.9,70,5,3245.8,116,6,3245.7,130,6,3246.2,3,3,3246.8,1,1,3247.1,3,1,3247.2,13,1,3247.4,216,5
11536,2025-12-30 12:19:18+05:30,3246.0,1,3248.97,836242,102865.0,124968.0,3250.0,3257.0,3239.8,3251.5,43135575,3576.6,2926.4,4322.95,2866.6,3246.1,19,1,3246.0,19,2,3245.9,70,5,3245.8,116,6,3245.7,130,6,3246.2,3,3,3246.8,1,1,3247.1,3,1,3247.2,13,1,3247.4,216,5
11536,2025-12-30 12:19:20+05:30,3245.9,6,3248.97,836308,101005.0,125056.0,3250.0,3257.0,3239.8,3251.5,43135575,3576.6,2926.4,4322.95,2866.6,3245.9,30,3,3245.8,52,3,3245.7,58,3,3245.6,22,1,3245.5,38,6,3246.0,9,4,3246.1,2,2,3246.2,33,1,3246.7,23,1,3246.8,1,1
11536,2025-12-30 12:19:21+05:30,3246.5,22,3248.97,836308,101005.0,125056.0,3250.0,3257.0,3239.8,3251.5,43135575,3576.6,2926.4,4322.95,2866.6,3245.9,30,3,3245.8,52,3,3245.7,58,3,3245.6,22,1,3245.5,38,6,3246.0,9,4,3246.1,2,2,3246.2,33,1,3246.7,23,1,3246.8,1,1
11536,2025-12-30 12:19:24+05:30,3246.5,1,3248.97,836450,101202.0,124947.0,3250.0,3257.0,3239.8,3251.5,43135575,3576.6,2926.4,4322.95,2866.6,3246.0,5,2,3245.9,7,2,3245.8,37,3,3245.7,58,3,3245.6,200,3,3246.5,4,3,3246.7,22,1,3246.8,5,4,3246.9,24,1,3247.0,11,1
11536,2025-12-30 12:19:24+05:30,3246.0,6,3248.97,836450,101202.0,124947.0,3250.0,3257.0,3239.8,3251.5,43135575,3576.6,2926.4,4322.95,2866.6,3246.0,5,2,3245.9,7,2,3245.8,37,3,3245.7,58,3,3245.6,200,3,3246.5,4,3,3246.7,22,1,3246.8,5,4,3246.9,24,1,3247.0,11,1
11536,2025-12-30 12:19:28+05:30,3245.9,1,3248.97,836450,101202.0,124947.0,3250.0,3257.0,3239.8,3251.5,43135575,3576.6,2926.4,4322.95,2866.6,3246.0,5,2,3245.9,7,2,3245.8,37,3,3245.7,58,3,3245.6,200,3,3246.5,4,3,3246.7,22,1,3246.8,5,4,3246.9,24,1,3247.0,11,1
11536,2025-12-30 12:19:28+05:30,3245.9,1,3248.97,836600,100812.0,125027.0,3250.0,3257.0,3239.8,3251.5,43135575,3576.6,2926.4,4322.95,2866.6,3245.9,6,2,3245.8,26,2,3245.7,58,3,3245.6,44,2,3245.5,91,7,3246.5,8,5,3246.7,33,2,3246.8,1,1,3246.9,24,1,3247.0,11,1
11536,2025-12-30 12:19:29+05:30,3245.9,1,3248.97,836600,100812.0,125027.0,3250.0,3257.0,3239.8,3251.5,43135575,3576.6,2926.4,4322.95,2866.6,3245.9,6,2,3245.8,26,2,3245.7,58,3,3245.6,44,2,3245.5,91,7,3246.5,8,5,3246.7,33,2,3246.8,1,1,3246.9,24,1,3247.0,11,1
11536,2025-12-30 12:19:29+05:30,3245.9,1,3248.97,836614,100814.0,125050.0,3250.0,3257.0,3239.8,3251.5,43135575,3576.6,2926.4,4322.95,2866.6,3245.9,8,2,3245.8,26,2,3245.7,58,3,3245.6,44,2,3245.5,91,7,3246.5,9,7,3246.6,22,1,3246.7,24,1,3246.8,12,2,3247.0,11,1
11536,2025-12-30 12:19:30+05:30,3247.1,45,3248.97,836614,100814.0,125050.0,3250.0,3257.0,3239.8,3251.5,43135575,3576.6,2926.4,4322.95,2866.6,3245.9,8,2,3245.8,26,2,3245.7,58,3,3245.6,44,2,3245.5,91,7,3246.5,9,7,3246.6,22,1,3246.7,24,1,3246.8,12,2,3247.0,11,1
11536,2025-12-30 12:19:30+05:30,3247.1,45,3248.97,836775,101212.0,124474.0,3250.0,3257.0,3239.8,3251.5,43135575,3576.6,2926.4,4322.95,2866.6,3245.9,15,4,3245.8,64,4,3245.7,88,6,3245.6,292,4,3245.5,121,7,3247.0,46,2,3247.1,145,4,3247.4,16,3,3247.6,54,3,3247.8,103,5
11536,2025-12-30 12:19:31+05:30,3247.1,52,3248.97,836775,101212.0,124474.0,3250.0,3257.0,3239.8,3251.5,43135575,3576.6,2926.4,4322.95,2866.6,3245.9,15,4,3245.8,64,4,3245.7,88,6,3245.6,292,4,3245.5,121,7,3247.0,46,2,3247.1,145,4,3247.4,16,3,3247.6,54,3,3247.8,103,5
11536,2025-12-30 12:19:31+05:30,3247.1,52,3248.97,836873,101439.0,123835.0,3250.0,3257.0,3239.8,3251.5,43135575,3576.6,2926.4,4322.95,2866.6,3245.9,31,4,3245.8,229,7,3245.7,208,7,3245.6,243,4,3245.5,154,11,3247.1,112,6,3247.2,24,1,3247.4,14,2,3247.6,54,3,3247.8,103,5
11536,2025-12-30 12:19:32+05:30,3245.9,2,3248.97,836873,101439.0,123835.0,3250.0,3257.0,3239.8,3251.5,43135575,3576.6,2926.4,4322.95,2866.6,3245.9,31,4,3245.8,229,7,3245.7,208,7,3245.6,243,4,3245.5,154,11,3247.1,112,6,3247.2,24,1,3247.4,14,2,3247.6,54,3,3247.8,103,5
11536,2025-12-30 12:19:32+05:30,3245.9,2,3248.97,836910,101377.0,124984.0,3250.0,3257.0,3239.8,3251.5,43135575,3576.6,2926.4,4322.95,2866.6,3245.8,57,6,3245.7,78,4,3245.6,220,5,3245.5,105,8,3245.4,319,6,3245.9,3,1,3246.9,2,2,3247.0,24,1,3247.1,86,4,3247.3,21,1
11536,2025-12-30 12:19:33+05:30,3245.8,8,3248.97,836910,101377.0,124984.0,3250.0,3257.0,3239.8,3251.5,43135575,3576.6,2926.4,4322.95,2866.6,3245.8,57,6,3245.7,78,4,3245.6,220,5,3245.5,105,8,3245.4,319,6,3245.9,3,1,3246.9,2,2,3247.0,24,1,3247.1,86,4,3247.3,21,1
11536,2025-12-30 12:19:33+05:30,3245.8,8,3248.97,836966,101160.0,125091.0,3250.0,3257.0,3239.8,3251.5,43135575,3576.6,2926.4,4322.95,2866.6,3245.8,92,6,3245.7,78,4,3245.6,64,4,3245.5,105,8,3245.4,197,8,3245.9,8,6,3246.9,2,2,3247.0,24,1,3247.1,80,2,3247.3,47,2
11536,2025-12-30 12:19:34+05:30,3245.9,1,3248.97,836966,101160.0,125091.0,3250.0,3257.0,3239.8,3251.5,43135575,3576.6,2926.4,4322.95,2866.6,3245.8,92,6,3245.7,78,4,3245.6,64,4,3245.5,105,8,3245.4,197,8,3245.9,8,6,3246.9,2,2,3247.0,24,1,3247.1,80,2,3247.3,47,2
11536,2025-12-30 12:19:34+05:30,3245.9,1,3248.97,836999,101180.0,124962.0,3250.0,3257.0,3239.8,3251.5,43135575,3576.6,2926.4,4322.95,2866.6,3245.8,80,5,3245.7,89,5,3245.6,48,3,3245.5,126,9,3245.4,202,9,3245.9,7,6,3246.9,1,1,3247.0,24,1,3247.1,78,1,3247.3,49,3
11536,2025-12-30 12:19:35+05:30,3245.8,1,3248.97,836999,101180.0,124962.0,3250.0,3257.0,3239.8,3251.5,43135575,3576.6,2926.4,4322.95,2866.6,3245.8,80,5,3245.7,89,5,3245.6,48,3,3245.5,126,9,3245.4,202,9,3245.9,7,6,3246.9,1,1,3247.0,24,1,3247.1,78,1,3247.3,49,3
11536,2025-12-30 12:19:35+05:30,3245.8,1,3248.97,837524,101080.0,124924.0,3250.0,3257.0,3239.8,3251.5,43135575,3576.6,2926.4,4322.95,2866.6,3245.9,7,1,3245.8,50,5,3245.7,126,6,3245.6,281,6,3245.5,148,9,3246.9,70,5,3247.0,12,1,3247.2,10,1,3247.3,179,2,3247.4,15,1
11536,2025-12-30 12:19:36+05:30,3246.9,7,3248.97,837524,101080.0,124924.0,3250.0,3257.0,3239.8,3251.5,43135575,3576.6,2926.4,4322.95,2866.6,3245.9,7,1,3245.8,50,5,3245.7,126,6,3245.6,281,6,3245.5,148,9,3246.9,70,5,3247.0,12,1,3247.2,10,1,3247.3,179,2,3247.4,15,1
11536,2025-12-30 12:19:36+05:30,3246.9,7,3248.97,837532,101130.0,125519.0,3250.0,3257.0,3239.8,3251.5,43135575,3576.6,2926.4,4322.95,2866.6,3245.9,7,1,3245.8,50,5,3245.7,126,6,3245.6,281,6,3245.5,277,12,3246.9,64,7,3247.0,12,1,3247.3,179,2,3247.4,15,1,3247.5,7,1
11536,2025-12-30 12:19:37+05:30,3245.9,77,3248.97,837532,101130.0,125519.0,3250.0,3257.0,3239.8,3251.5,43135575,3576.6,2926.4,4322.95,2866.6,3245.9,7,1,3245.8,50,5,3245.7,126,6,3245.6,281,6,3245.5,277,12,3246.9,64,7,3247.0,12,1,3247.3,179,2,3247.4,15,1,3247.5,7,1
11536,2025-12-30 12:19:37+05:30,3245.9,77,3248.97,837769,101062.0,124901.0,3250.0,3257.0,3239.8,3251.5,43135575,3576.6,2926.4,4322.95,2866.6,3245.9,2,1,3245.8,48,4,3245.7,58,3,3245.6,219,4,3245.5,209,9,3246.9,65,8,3247.0,21,1,3247.1,13,1,3247.2,9,1,3247.3,179,2
11536,2025-12-30 12:19:38+05:30,3245.8,2,3248.97,837769,101062.0,124901.0,3250.0,3257.0,3239.8,3251.5,43135575,3576.6,2926.4,4322.95,2866.6,3245.9,2,1,3245.8,48,4,3245.7,58,3,3245.6,219,4,3245.5,209,9,3246.9,65,8,3247.0,21,1,3247.1,13,1,3247.2,9,1,3247.3,179,2
11536,2025-12-30 12:19:38+05:30,3245.8,2,3248.97,837852,100685.0,124989.0,3250.0,3257.0,3239.8,3251.5,43135575,3576.6,2926.4,4322.95,2866.6,3245.8,23,3,3245.7,33,2,3245.6,22,1,3245.5,95,7,3245.4,351,8,3246.6,25,4,3246.7,21,1,3246.9,47,7,3247.1,41,3,3247.3,201,2
11536,2025-12-30 12:19:39+05:30,3245.8,11,3248.97,837852,100685.0,124989.0,3250.0,3257.0,3239.8,3251.5,43135575,3576.6,2926.4,4322.95,2866.6,3245.8,23,3,3245.7,33,2,3245.6,22,1,3245.5,95,7,3245.4,351,8,3246.6,25,4,3246.7,21,1,3246.9,47,7,3247.1,41,3,3247.3,201,2
11536,2025-12-30 12:19:39+05:30,3245.8,11,3248.97,837902,100724.0,125094.0,3250.0,3257.0,3239.8,3251.5,43135575,3576.6,2926.4,4322.95,2866.6,3245.8,20,3,3245.7,33,2,3245.6,22,1,3245.5,95,7,3245.4,351,8,3246.6,29,7,3246.7,21,1,3246.9,40,4,3247.1,41,3,3247.3,201,2
11536,2025-12-30 12:19:40+05:30,3245.8,7,3248.97,837902,100724.0,125094.0,3250.0,3257.0,3239.8,3251.5,43135575,3576.6,2926.4,4322.95,2866.6,3245.8,20,3,3245.7,33,2,3245.6,22,1,3245.5,95,7,3245.4,351,8,3246.6,29,7,3246.7,21,1,3246.9,40,4,3247.1,41,3,3247.3,201,2
11536,2025-12-30 12:19:40+05:30,3245.8,7,3248.97,837987,100829.0,125098.0,3250.0,3257.0,3239.8,3251.5,43135575,3576.6,2926.4,4322.95,2866.6,3245.8,24,3,3245.7,33,2,3245.6,43,2,3245.5,95,7,3245.4,259,7,3246.6,9,5,3246.7,21,1,3246.9,36,2,3247.0,24,1,3247.1,30,2
11536,2025-12-30 12:19:40+05:30,3245.8,5,3248.97,838032,100792.0,125066.0,3250.0,3257.0,3239.8,3251.5,43135575,3576.6,2926.4,4322.95,2866.6,3245.8,15,3,3245.7,33,2,3245.6,43,2,3245.5,127,8,3245.4,259,7,3246.5,10,1,3246.6,13,8,3246.7,21,1,3246.8,25,1,3246.9,32,1
11536,2025-12-30 12:19:41+05:30,3245.8,7,3248.97,838032,100792.0,125066.0,3250.0,3257.0,3239.8,3251.5,43135575,3576.6,2926.4,4322.95,2866.6,3245.8,15,3,3245.7,33,2,3245.6,43,2,3245.5,127,8,3245.4,259,7,3246.5,10,1,3246.6,13,8,3246.7,21,1,3246.8,25,1,3246.9,32,1
11536,2025-12-30 12:19:41+05:30,3245.8,5,3248.97,838074,100785.0,125048.0,3250.0,3257.0,3239.8,3251.5,43135575,3576.6,2926.4,4322.95,2866.6,3245.8,26,1,3245.7,33,2,3245.6,43,2,3245.5,105,8,3245.4,238,7,3246.5,8,5,3246.6,7,5,3246.7,21,1,3246.8,25,1,3246.9,32,1
11536,2025-12-30 12:19:42+05:30,3245.8,5,3248.97,838074,100785.0,125048.0,3250.0,3257.0,3239.8,3251.5,43135575,3576.6,2926.4,4322.95,2866.6,3245.8,26,1,3245.7,33,2,3245.6,43,2,3245.5,105,8,3245.4,238,7,3246.5,8,5,3246.6,7,5,3246.7,21,1,3246.8,25,1,3246.9,32,1
11536,2025-12-30 12:19:42+05:30,3245.8,11,3248.97,838108,100793.0,125077.0,3250.0,3257.0,3239.8,3251.5,43135575,3576.6,2926.4,4322.95,2866.6,3245.7,33,2,3245.6,56,3,3245.5,105,8,3245.4,238,7,3245.3,545,5,3246.5,8,8,3246.6,2,2,3246.7,21,1,3246.8,25,1,3246.9,32,1
11536,2025-12-30 12:19:43+05:30,3245.7,2,3248.97,838108,100793.0,125077.0,3250.0,3257.0,3239.8,3251.5,43135575,3576.6,2926.4,4322.95,2866.6,3245.7,33,2,3245.6,56,3,3245.5,105,8,3245.4,238,7,3245.3,545,5,3246.5,8,8,3246.6,2,2,3246.7,21,1,3246.8,25,1,3246.9,32,1
11536,2025-12-30 12:19:43+05:30,3245.7,6,3248.97,838123,100819.0,125148.0,3250.0,3257.0,3239.8,3251.5,43135575,3576.6,2926.4,4322.95,2866.6,3245.7,51,6,3245.6,59,3,3245.5,130,9,3245.4,254,8,3245.3,187,4,3246.5,11,11,3246.8,21,1,3246.9,32,1,3247.0,177,2,3247.2,3,1
11536,2025-12-30 12:19:44+05:30,3245.7,2,3248.97,838123,100819.0,125148.0,3250.0,3257.0,3239.8,3251.5,43135575,3576.6,2926.4,4322.95,2866.6,3245.7,51,6,3245.6,59,3,3245.5,130,9,3245.4,254,8,3245.3,187,4,3246.5,11,11,3246.8,21,1,3246.9,32,1,3247.0,177,2,3247.2,3,1
11536,2025-12-30 12:19:44+05:30,3247.4,4,3248.97,838480,102295.0,123705.0,3250.0,3257.0,3239.8,3251.5,43135575,3576.6,2926.4,4322.95,2866.6,3246.1,17,2,3246.0,198,3,3245.9,8,1,3245.8,256,6,3245.7,204,6,3247.1,16,1,3247.2,39,4,3247.4,200,2,3247.5,22,2,3247.6,9,1
11536,2025-12-30 12:19:45+05:30,3247.4,4,3248.97,838480,102295.0,123705.0,3250.0,3257.0,3239.8,3251.5,43135575,3576.6,2926.4,4322.95,2866.6,3246.1,17,2,3246.0,198,3,3245.9,8,1,3245.8,256,6,3245.7,204,6,3247.1,16,1,3247.2,39,4,3247.4,200,2,3247.5,22,2,3247.6,9,1
11536,2025-12-30 12:19:45+05:30,3246.1,1,3248.97,838482,101263.0,125068.0,3250.0,3257.0,3239.8,3251.5,43135575,3576.6,2926.4,4322.95,2866.6,3245.8,59,4,3245.7,80,5,3245.6,239,6,3245.5,130,9,3245.4,255,8,3246.1,1,1,3247.0,13,1,3247.1,41,3,3247.2,17,2,3247.4,175,1
11536,2025-12-30 12:19:46+05:30,3246.1,1,3248.97,838482,101263.0,125068.0,3250.0,3257.0,3239.8,3251.5,43135575,3576.6,2926.4,4322.95,2866.6,3245.8,59,4,3245.7,80,5,3245.6,239,6,3245.5,130,9,3245.4,255,8,3246.1,1,1,3247.0,13,1,3247.1,41,3,3247.2,17,2,3247.4,175,1
11536,2025-12-30 12:19:46+05:30,3245.8,15,3248.97,838597,102440.0,124984.0,3250.0,3257.0,3239.8,3251.5,43135575,3576.6,2926.4,4322.95,2866.6,3245.9,20,1,3245.8,33,3,3245.7,76,5,3245.6,253,7,3245.5,193,8,3246.1,12,3,3247.1,1,1,3247.2,6,1,3247.4,213,3,3247.5,25,3
11536,2025-12-30 12:19:47+05:30,3246.1,1,3248.97,838597,102440.0,124984.0,3250.0,3257.0,3239.8,3251.5,43135575,3576.6,2926.4,4322.95,2866.6,3245.9,20,1,3245.8,33,3,3245.7,76,5,3245.6,253,7,3245.5,193,8,3246.1,12,3,3247.1,1,1,3247.2,6,1,3247.4,213,3,3247.5,25,3
11536,2025-12-30 12:19:47+05:30,3245.8,1,3248.97,838749,101611.0,124915.0,3250.0,3257.0,3239.8,3251.5,43135575,3576.6,2926.4,4322.95,2866.6,3245.8,58,6,3245.7,84,6,3245.6,44,2,3245.5,195,9,3245.4,107,8,3246.1,12,5,3247.2,9,1,3247.4,191,2,3247.6,25,2,3247.7,8,1
11536,2025-12-30 12:19:48+05:30,3245.8,1,3248.97,838749,101611.0,124915.0,3250.0,3257.0,3239.8,3251.5,43135575,3576.6,2926.4,4322.95,2866.6,3245.8,58,6,3245.7,84,6,3245.6,44,2,3245.5,195,9,3245.4,107,8,3246.1,12,5,3247.2,9,1,3247.4,191,2,3247.6,25,2,3247.7,8,1
11536,2025-12-30 12:19:48+05:30,3245.9,1,3248.97,838777,101762.0,124749.0,3250.0,3257.0,3239.8,3251.5,43135575,3576.6,2926.4,4322.95,2866.6,3245.8,58,6,3245.7,84,6,3245.6,292,4,3245.5,103,8,3245.4,465,9,3246.1,10,6,3247.4,211,3,3247.6,25,2,3247.7,8,1,3247.8,22,1
11536,2025-12-30 12:19:49+05:30,3245.9,1,3248.97,838777,101762.0,124749.0,3250.0,3257.0,3239.8,3251.5,43135575,3576.6,2926.4,4322.95,2866.6,3245.8,58,6,3245.7,84,6,3245.6,292,4,3245.5,103,8,3245.4,465,9,3246.1,10,6,3247.4,211,3,3247.6,25,2,3247.7,8,1,3247.8,22,1
11536,2025-12-30 12:19:49+05:30,3245.9,16,3248.97,838823,101615.0,124939.0,3250.0,3257.0,3239.8,3251.5,43135575,3576.6,2926.4,4322.95,2866.6,3245.9,12,1,3245.8,53,6,3245.7,63,5,3245.6,136,3,3245.5,103,8,3246.1,8,7,3247.4,211,3,3247.6,25,2,3247.7,8,1,3247.8,22,1
11536,2025-12-30 12:19:50+05:30,3245.9,10,3248.97,838823,101615.0,124939.0,3250.0,3257.0,3239.8,3251.5,43135575,3576.6,2926.4,4322.95,2866.6,3245.9,12,1,3245.8,53,6,3245.7,63,5,3245.6,136,3,3245.5,103,8,3246.1,8,7,3247.4,211,3,3247.6,25,2,3247.7,8,1,3247.8,22,1
11536,2025-12-30 12:19:50+05:30,3245.9,1,3248.97,838852,101895.0,124853.0,3250.0,3257.0,3239.8,3251.5,43135575,3576.6,2926.4,4322.95,2866.6,3245.9,11,1,3245.8,53,6,3245.7,63,5,3245.6,333,6,3245.5,103,8,3246.1,10,10,3247.3,175,1,3247.4,16,1,3247.6,25,2,3247.7,21,2
11536,2025-12-30 12:19:51+05:30,3245.9,5,3248.97,838852,101895.0,124853.0,3250.0,3257.0,3239.8,3251.5,43135575,3576.6,2926.4,4322.95,2866.6,3245.9,11,1,3245.8,53,6,3245.7,63,5,3245.6,333,6,3245.5,103,8,3246.1,10,10,3247.3,175,1,3247.4,16,1,3247.6,25,2,3247.7,21,2
11536,2025-12-30 12:19:51+05:30,3245.9,1,3248.97,838882,101731.0,124845.0,3250.0,3257.0,3239.8,3251.5,43135575,3576.6,2926.4,4322.95,2866.6,3245.9,2,1,3245.8,61,7,3245.7,55,4,3245.6,93,5,3245.5,195,9,3246.1,9,9,3247.3,175,1,3247.4,16,1,3247.6,25,2,3247.7,21,2
11536,2025-12-30 12:19:52+05:30,3245.9,4,3248.97,838882,101731.0,124845.0,3250.0,3257.0,3239.8,3251.5,43135575,3576.6,2926.4,4322.95,2866.6,3245.9,2,1,3245.8,61,7,3245.7,55,4,3245.6,93,5,3245.5,195,9,3246.1,9,9,3247.3,175,1,3247.4,16,1,3247.6,25,2,3247.7,21,2
11536,2025-12-30 12:19:52+05:30,3245.9,3,3248.97,838894,101153.0,124905.0,3250.0,3257.0,3239.8,3251.5,43135575,3576.6,2926.4,4322.95,2866.6,3245.8,50,5,3245.7,55,4,3245.6,72,4,3245.5,103,8,3245.4,199,9,3245.9,3,3,3246.0,9,1,3246.1,6,6,3247.3,175,1,3247.4,16,1
11536,2025-12-30 12:19:53+05:30,3245.9,1,3248.97,838894,101153.0,124905.0,3250.0,3257.0,3239.8,3251.5,43135575,3576.6,2926.4,4322.95,2866.6,3245.8,50,5,3245.7,55,4,3245.6,72,4,3245.5,103,8,3245.4,199,9,3245.9,3,3,3246.0,9,1,3246.1,6,6,3247.3,175,1,3247.4,16,1
11536,2025-12-30 12:19:53+05:30,3245.8,3,3248.97,838944,101088.0,124912.0,3250.0,3257.0,3239.8,3251.5,43135575,3576.6,2926.4,4322.95,2866.6,3245.8,4,1,3245.7,67,5,3245.6,72,4,3245.5,103,8,3245.4,107,8,3245.9,5,4,3246.0,9,1,3246.1,2,2,3247.3,175,1,3247.4,16,1
11536,2025-12-30 12:19:54+05:30,3245.9,30,3248.97,838944,101088.0,124912.0,3250.0,3257.0,3239.8,3251.5,43135575,3576.6,2926.4,4322.95,2866.6,3245.8,4,1,3245.7,67,5,3245.6,72,4,3245.5,103,8,3245.4,107,8,3245.9,5,4,3246.0,9,1,3246.1,2,2,3247.3,175,1,3247.4,16,1
11536,2025-12-30 12:19:54+05:30,3245.9,2,3248.97,839035,100986.0,123724.0,3250.0,3257.0,3239.8,3251.5,43135575,3576.6,2926.4,4322.95,2866.6,3245.9,7,1,3245.8,25,3,3245.7,75,4,3245.6,351,6,3245.5,150,9,3247.2,75,5,3247.3,175,1,3247.5,18,1,3247.6,4,1,3247.7,8,1
11536,2025-12-30 12:19:55+05:30,3245.9,2,3248.97,839035,100986.0,123724.0,3250.0,3257.0,3239.8,3251.5,43135575,3576.6,2926.4,4322.95,2866.6,3245.9,7,1,3245.8,25,3,3245.7,75,4,3245.6,351,6,3245.5,150,9,3247.2,75,5,3247.3,175,1,3247.5,18,1,3247.6,4,1,3247.7,8,1
11536,2025-12-30 12:19:55+05:30,3247.0,1,3248.97,839037,101017.0,124178.0,3250.0,3257.0,3239.8,3251.5,43135575,3576.6,2926.4,4322.95,2866.6,3245.8,26,4,3245.7,76,5,3245.6,259,5,3245.5,242,10,3245.4,496,9,3247.0,16,2,3247.1,25,1,3247.2,9,3,3247.3,175,1,3247.5,18,1
11536,2025-12-30 12:19:56+05:30,3247.0,1,3248.97,839037,101017.0,124178.0,3250.0,3257.0,3239.8,3251.5,43135575,3576.6,2926.4,4322.95,2866.6,3245.8,26,4,3245.7,76,5,3245.6,259,5,3245.5,242,10,3245.4,496,9,3247.0,16,2,3247.1,25,1,3247.2,9,3,3247.3,175,1,3247.5,18,1
11536,2025-12-30 12:19:56+05:30,3246.0,1,3248.97,839041,102875.0,124068.0,3250.0,3257.0,3239.8,3251.5,43135575,3576.6,2926.4,4322.95,2866.6,3246.0,84,5,3245.9,199,5,3245.8,218,9,3245.7,107,7,3245.6,299,6,3247.0,2,2,3247.2,3,2,3247.3,175,1,3247.9,57,4,3248.0,21,1
11536,2025-12-30 12:19:57+05:30,3246.0,10,3248.97,839041,102875.0,124068.0,3250.0,3257.0,3239.8,3251.5,43135575,3576.6,2926.4,4322.95,2866.6,3246.0,84,5,3245.9,199,5,3245.8,218,9,3245.7,107,7,3245.6,299,6,3247.0,2,2,3247.2,3,2,3247.3,175,1,3247.9,57,4,3248.0,21,1
11536,2025-12-30 12:19:57+05:30,3245.8,1,3248.96,839155,101450.0,124961.0,3250.0,3257.0,3239.8,3251.5,43135575,3576.6,2926.4,4322.95,2866.6,3246.0,19,1,3245.8,33,5,3245.7,92,6,3245.6,299,6,3245.5,150,9,3246.8,47,2,3246.9,1,1,3247.0,8,5,3247.2,1,1,3247.3,196,3
11536,2025-12-30 12:19:58+05:30,3246.0,7,3248.96,839155,101450.0,124961.0,3250.0,3257.0,3239.8,3251.5,43135575,3576.6,2926.4,4322.95,2866.6,3246.0,19,1,3245.8,33,5,3245.7,92,6,3245.6,299,6,3245.5,150,9,3246.8,47,2,3246.9,1,1,3247.0,8,5,3247.2,1,1,3247.3,196,3
11536,2025-12-30 12:19:58+05:30,3246.8,1,3248.96,839168,101441.0,124898.0,3250.0,3257.0,3239.8,3251.5,43135575,3576.6,2926.4,4322.95,2866.6,3246.0,9,1,3245.8,34,6,3245.7,92,6,3245.6,299,6,3245.5,150,9,3246.8,48,6,3246.9,1,1,3247.0,7,4,3247.3,196,3,3247.4,32,1
11536,2025-12-30 12:19:59+05:30,3246.0,1,3248.96,839168,101441.0,124898.0,3250.0,3257.0,3239.8,3251.5,43135575,3576.6,2926.4,4322.95,2866.6,3246.0,9,1,3245.8,34,6,3245.7,92,6,3245.6,299,6,3245.5,150,9,3246.8,48,6,3246.9,1,1,3247.0,7,4,3247.3,196,3,3247.4,32,1
11536,2025-12-30 12:19:59+05:30,3245.8,6,3248.96,839176,101128.0,125025.0,3250.0,3257.0,3239.8,3251.5,43135575,3576.6,2926.4,4322.95,2866.6,3245.8,36,8,3245.7,56,6,3245.6,151,6,3245.5,154,10,3245.4,114,8,3246.0,3,1,3246.8,29,8,3247.0,2,1,3247.2,22,1,3247.3,187,2
11536,2025-12-30 12:20:00+05:30,3245.8,1,3248.96,839176,101128.0,125025.0,3250.0,3257.0,3239.8,3251.5,43135575,3576.6,2926.4,4322.95,2866.6,3245.8,36,8,3245.7,56,6,3245.6,151,6,3245.5,154,10,3245.4,114,8,3246.0,3,1,3246.8,29,8,3247.0,2,1,3247.2,22,1,3247.3,187,2
11536,2025-12-30 12:20:00+05:30,3245.8,1,3248.96,839194,101107.0,125040.0,3250.0,3257.0,3239.8,3251.5,43135575,3576.6,2926.4,4322.95,2866.6,3245.8,23,7,3245.7,56,6,3245.6,126,5,3245.5,154,10,3245.4,114,8,3246.0,8,6,3246.8,27,6,3247.2,22,1,3247.3,187,2,3247.4,32,1
11536,2025-12-30 12:20:01+05:30,3245.8,1,3248.96,839194,101107.0,125040.0,3250.0,3257.0,3239.8,3251.5,43135575,3576.6,2926.4,4322.95,2866.6,3245.8,23,7,3245.7,56,6,3245.6,126,5,3245.5,154,10,3245.4,114,8,3246.0,8,6,3246.8,27,6,3247.2,22,1,3247.3,187,2,3247.4,32,1
11536,2025-12-30 12:20:01+05:30,3246.0,1,3248.96,839233,101073.0,125021.0,3250.0,3257.0,3239.8,3251.5,43135575,3576.6,2926.4,4322.95,2866.6,3245.8,26,6,3245.7,61,6,3245.6,126,5,3245.5,129,9,3245.4,206,9,3246.0,7,6,3246.8,23,2,3247.2,22,1,3247.3,187,2,3247.4,32,1
11536,2025-12-30 12:20:02+05:30,3245.8,1,3248.96,839233,101073.0,125021.0,3250.0,3257.0,3239.8,3251.5,43135575,3576.6,2926.4,4322.95,2866.6,3245.8,26,6,3245.7,61,6,3245.6,126,5,3245.5,129,9,3245.4,206,9,3246.0,7,6,3246.8,23,2,3247.2,22,1,3247.3,187,2,3247.4,32,1
11536,2025-12-30 12:20:02+05:30,3245.8,1,3248.96,839242,101210.0,125011.0,3250.0,3257.0,3239.8,3251.5,43135575,3576.6,2926.4,4322.95,2866.6,3245.8,96,8,3245.7,59,6,3245.6,149,7,3245.5,152,11,3245.4,231,10,3246.0,7,6,3246.8,22,1,3247.2,22,1,3247.3,187,2,3247.4,32,1
11536,2025-12-30 12:20:03+05:30,3246.0,1,3248.96,839242,101210.0,125011.0,3250.0,3257.0,3239.8,3251.5,43135575,3576.6,2926.4,4322.95,2866.6,3245.8,96,8,3245.7,59,6,3245.6,149,7,3245.5,152,11,3245.4,231,10,3246.0,7,6,3246.8,22,1,3247.2,22,1,3247.3,187,2,3247.4,32,1
11536,2025-12-30 12:20:03+05:30,3246.0,29,3248.96,839316,101238.0,124933.0,3250.0,3257.0,3239.8,3251.5,43135575,3576.6,2926.4,4322.95,2866.6,3245.9,19,1,3245.8,71,5,3245.7,63,6,3245.6,120,5,3245.5,173,11,3246.9,52,4,3247.0,10,1,3247.2,39,3,3247.3,175,1,3247.4,39,2
11536,2025-12-30 12:20:04+05:30,3246.0,29,3248.96,839316,101238.0,124933.0,3250.0,3257.0,3239.8,3251.5,43135575,3576.6,2926.4,4322.95,2866.6,3245.9,19,1,3245.8,71,5,3245.7,63,6,3245.6,120,5,3245.5,173,11,3246.9,52,4,3247.0,10,1,3247.2,39,3,3247.3,175,1,3247.4,39,2
11536,2025-12-30 12:20:04+05:30,3246.9,5,3248.96,839352,101518.0,124896.0,3250.0,3257.0,3239.8,3251.5,43135575,3576.6,2926.4,4322.95,2866.6,3245.9,17,1,3245.8,131,8,3245.7,63,6,3245.6,368,7,3245.5,559,13,3246.9,50,6,3247.2,20,1,3247.3,186,2,3247.4,32,1,3247.7,39,2
11536,2025-12-30 12:20:05+05:30,3246.9,5,3248.96,839352,101518.0,124896.0,3250.0,3257.0,3239.8,3251.5,43135575,3576.6,2926.4,4322.95,2866.6,3245.9,17,1,3245.8,131,8,3245.7,63,6,3245.6,368,7,3245.5,559,13,3246.9,50,6,3247.2,20,1,3247.3,186,2,3247.4,32,1,3247.7,39,2
11536,2025-12-30 12:20:05+05:30,3246.9,5,3248.96,839352,101518.0,124896.0,3250.0,3257.0,3239.8,3251.5,43135575,3576.6,2926.4,4322.95,2866.6,3245.9,17,1,3245.8,131,8,3245.7,63,6,3245.6,368,7,3245.5,559,13,3246.9,50,6,3247.2,20,1,3247.3,186,2,3247.4,32,1,3247.7,39,2
11536,2025-12-30 12:20:05+05:30,3246.5,2,3248.96,839356,103353.0,124584.0,3250.0,3257.0,3239.8,3251.5,43135575,3576.6,2926.4,4322.95,2866.6,3246.4,17,1,3246.1,6,1,3246.0,50,2,3245.8,443,11,3245.7,194,8,3246.5,3,1,3246.9,48,7,3247.2,20,1,3247.3,175,1,3247.6,18,2
11536,2025-12-30 12:20:06+05:30,3246.5,2,3248.96,839356,103353.0,124584.0,3250.0,3257.0,3239.8,3251.5,43135575,3576.6,2926.4,4322.95,2866.6,3246.4,17,1,3246.1,6,1,3246.0,50,2,3245.8,443,11,3245.7,194,8,3246.5,3,1,3246.9,48,7,3247.2,20,1,3247.3,175,1,3247.6,18,2
11536,2025-12-30 12:20:06+05:30,3246.5,2,3248.96,839356,103353.0,124584.0,3250.0,3257.0,3239.8,3251.5,43135575,3576.6,2926.4,4322.95,2866.6,3246.4,17,1,3246.1,6,1,3246.0,50,2,3245.8,443,11,3245.7,194,8,3246.5,3,1,3246.9,48,7,3247.2,20,1,3247.3,175,1,3247.6,18,2
11536,2025-12-30 12:20:06+05:30,3246.5,1,3248.96,839379,103548.0,124581.0,3250.0,3257.0,3239.8,3251.5,43135575,3576.6,2926.4,4322.95,2866.6,3246.4,19,1,3246.0,50,2,3245.9,2,1,3245.8,443,11,3245.7,96,6,3246.5,4,3,3246.9,44,5,3247.2,20,1,3247.3,175,1,3247.5,11,1
11536,2025-12-30 12:20:07+05:30,3246.4,76,3248.96,839379,103548.0,124581.0,3250.0,3257.0,3239.8,3251.5,43135575,3576.6,2926.4,4322.95,2866.6,3246.4,19,1,3246.0,50,2,3245.9,2,1,3245.8,443,11,3245.7,96,6,3246.5,4,3,3246.9,44,5,3247.2,20,1,3247.3,175,1,3247.5,11,1
11536,2025-12-30 12:20:07+05:30,3246.4,15,3248.96,839489,103484.0,124595.0,3250.0,3257.0,3239.8,3251.5,43135575,3576.6,2926.4,4322.95,2866.6,3246.4,57,2,3246.0,50,2,3245.9,2,1,3245.8,396,10,3245.7,96,6,3246.5,12,9,3246.8,22,1,3246.9,20,2,3247.2,20,1,3247.3,186,2
11536,2025-12-30 12:20:07+05:30,3246.4,15,3248.96,839489,103484.0,124595.0,3250.0,3257.0,3239.8,3251.5,43135575,3576.6,2926.4,4322.95,2866.6,3246.4,57,2,3246.0,50,2,3245.9,2,1,3245.8,396,10,3245.7,96,6,3246.5,12,9,3246.8,22,1,3246.9,20,2,3247.2,20,1,3247.3,186,2
11536,2025-12-30 12:20:08+05:30,3246.4,1,3248.96,839489,103484.0,124595.0,3250.0,3257.0,3239.8,3251.5,43135575,3576.6,2926.4,4322.95,2866.6,3246.4,57,2,3246.0,50,2,3245.9,2,1,3245.8,396,10,3245.7,96,6,3246.5,12,9,3246.8,22,1,3246.9,20,2,3247.2,20,1,3247.3,186,2
11536,2025-12-30 12:20:08+05:30,3246.4,1,3248.96,839506,103522.0,124772.0,3250.0,3257.0,3239.8,3251.5,43135575,3576.6,2926.4,4322.95,2866.6,3246.4,95,4,3246.0,50,2,3245.9,2,1,3245.8,396,10,3245.7,96,6,3246.5,15,13,3246.9,19,1,3247.1,22,1,3247.2,20,1,3247.3,186,2
11536,2025-12-30 12:20:08+05:30,3246.4,1,3248.96,839506,103522.0,124772.0,3250.0,3257.0,3239.8,3251.5,43135575,3576.6,2926.4,4322.95,2866.6,3246.4,95,4,3246.0,50,2,3245.9,2,1,3245.8,396,10,3245.7,96,6,3246.5,15,13,3246.9,19,1,3247.1,22,1,3247.2,20,1,3247.3,186,2
11536,2025-12-30 12:20:09+05:30,3246.4,20,3248.96,839506,103522.0,124772.0,3250.0,3257.0,3239.8,3251.5,43135575,3576.6,2926.4,4322.95,2866.6,3246.4,95,4,3246.0,50,2,3245.9,2,1,3245.8,396,10,3245.7,96,6,3246.5,15,13,3246.9,19,1,3247.1,22,1,3247.2,20,1,3247.3,186,2
11536,2025-12-30 12:20:09+05:30,3246.4,20,3248.96,839506,103522.0,124772.0,3250.0,3257.0,3239.8,3251.5,43135575,3576.6,2926.4,4322.95,2866.6,3246.4,95,4,3246.0,50,2,3245.9,2,1,3245.8,396,10,3245.7,96,6,3246.5,15,13,3246.9,19,1,3247.1,22,1,3247.2,20,1,3247.3,186,2
11536,2025-12-30 12:20:09+05:30,3246.5,1,3248.96,839571,103510.0,124670.0,3250.0,3257.0,3239.8,3251.5,43135575,3576.6,2926.4,4322.95,2866.6,3246.4,68,3,3246.0,50,2,3245.9,2,1,3245.8,398,10,3245.7,179,7,3246.5,5,4,3247.0,22,1,3247.1,25,1,3247.2,20,1,3247.3,175,1
11536,2025-12-30 12:20:10+05:30,3246.4,1,3248.96,839571,103510.0,124670.0,3250.0,3257.0,3239.8,3251.5,43135575,3576.6,2926.4,4322.95,2866.6,3246.4,68,3,3246.0,50,2,3245.9,2,1,3245.8,398,10,3245.7,179,7,3246.5,5,4,3247.0,22,1,3247.1,25,1,3247.2,20,1,3247.3,175,1
11536,2025-12-30 12:20:10+05:30,3246.4,1,3248.96,839571,103510.0,124670.0,3250.0,3257.0,3239.8,3251.5,43135575,3576.6,2926.4,4322.95,2866.6,3246.4,68,3,3246.0,50,2,3245.9,2,1,3245.8,398,10,3245.7,179,7,3246.5,5,4,3247.0,22,1,3247.1,25,1,3247.2,20,1,3247.3,175,1
11536,2025-12-30 12:20:10+05:30,3246.4,1,3248.96,839572,103509.0,124669.0,3250.0,3257.0,3239.8,3251.5,43135575,3576.6,2926.4,4322.95,2866.6,3246.4,67,3,3246.0,50,2,3245.9,2,1,3245.8,398,10,3245.7,179,7,3246.5,4,3,3247.0,22,1,3247.1,25,1,3247.2,20,1,3247.3,175,1
11536,2025-12-30 12:20:11+05:30,3246.4,1,3248.96,839572,103509.0,124669.0,3250.0,3257.0,3239.8,3251.5,43135575,3576.6,2926.4,4322.95,2866.6,3246.4,67,3,3246.0,50,2,3245.9,2,1,3245.8,398,10,3245.7,179,7,3246.5,4,3,3247.0,22,1,3247.1,25,1,3247.2,20,1,3247.3,175,1
11536,2025-12-30 12:20:11+05:30,3246.4,11,3248.96,839592,103490.0,124710.0,3250.0,3257.0,3239.8,3251.5,43135575,3576.6,2926.4,4322.95,2866.6,3246.4,50,3,3246.0,50,2,3245.9,11,2,3245.8,312,7,3245.7,87,6,3246.5,18,5,3247.0,22,1,3247.1,25,1,3247.2,20,1,3247.3,175,1
11536,2025-12-30 12:20:12+05:30,3246.4,11,3248.96,839592,103490.0,124710.0,3250.0,3257.0,3239.8,3251.5,43135575,3576.6,2926.4,4322.95,2866.6,3246.4,50,3,3246.0,50,2,3245.9,11,2,3245.8,312,7,3245.7,87,6,3246.5,18,5,3247.0,22,1,3247.1,25,1,3247.2,20,1,3247.3,175,1
11536,2025-12-30 12:20:12+05:30,3246.4,11,3248.96,839592,103490.0,124710.0,3250.0,3257.0,3239.8,3251.5,43135575,3576.6,2926.4,4322.95,2866.6,3246.4,50,3,3246.0,50,2,3245.9,11,2,3245.8,312,7,3245.7,87,6,3246.5,18,5,3247.0,22,1,3247.1,25,1,3247.2,20,1,3247.3,175,1
11536,2025-12-30 12:20:12+05:30,3246.4,7,3248.96,839603,103424.0,124730.0,3250.0,3257.0,3239.8,3251.5,43135575,3576.6,2926.4,4322.95,2866.6,3246.4,61,3,3246.0,50,2,3245.9,11,2,3245.8,312,7,3245.7,87,6,3246.5,18,6,3247.0,22,1,3247.1,25,1,3247.2,20,1,3247.3,175,1
11536,2025-12-30 12:20:13+05:30,3246.5,3,3248.96,839603,103424.0,124730.0,3250.0,3257.0,3239.8,3251.5,43135575,3576.6,2926.4,4322.95,2866.6,3246.4,61,3,3246.0,50,2,3245.9,11,2,3245.8,312,7,3245.7,87,6,3246.5,18,6,3247.0,22,1,3247.1,25,1,3247.2,20,1,3247.3,175,1
11536,2025-12-30 12:20:13+05:30,3246.5,3,3248.96,839603,103424.0,124730.0,3250.0,3257.0,3239.8,3251.5,43135575,3576.6,2926.4,4322.95,2866.6,3246.4,61,3,3246.0,50,2,3245.9,11,2,3245.8,312,7,3245.7,87,6,3246.5,18,6,3247.0,22,1,3247.1,25,1,3247.2,20,1,3247.3,175,1
11536,2025-12-30 12:20:13+05:30,3246.4,1,3248.96,839613,103440.0,124759.0,3250.0,3257.0,3239.8,3251.5,43135575,3576.6,2926.4,4322.95,2866.6,3246.4,53,2,3246.0,50,2,3245.9,12,2,3245.8,312,7,3245.7,119,7,3246.5,17,8,3247.0,22,1,3247.1,25,1,3247.2,20,1,3247.3,175,1
11536,2025-12-30 12:20:13+05:30,3246.4,1,3248.96,839613,103440.0,124759.0,3250.0,3257.0,3239.8,3251.5,43135575,3576.6,2926.4,4322.95,2866.6,3246.4,53,2,3246.0,50,2,3245.9,12,2,3245.8,312,7,3245.7,119,7,3246.5,17,8,3247.0,22,1,3247.1,25,1,3247.2,20,1,3247.3,175,1
11536,2025-12-30 12:20:14+05:30,3246.4,4,3248.96,839613,103440.0,124759.0,3250.0,3257.0,3239.8,3251.5,43135575,3576.6,2926.4,4322.95,2866.6,3246.4,53,2,3246.0,50,2,3245.9,12,2,3245.8,312,7,3245.7,119,7,3246.5,17,8,3247.0,22,1,3247.1,25,1,3247.2,20,1,3247.3,175,1
11536,2025-12-30 12:20:14+05:30,3246.4,4,3248.96,839613,103440.0,124759.0,3250.0,3257.0,3239.8,3251.5,43135575,3576.6,2926.4,4322.95,2866.6,3246.4,53,2,3246.0,50,2,3245.9,12,2,3245.8,312,7,3245.7,119,7,3246.5,17,8,3247.0,22,1,3247.1,25,1,3247.2,20,1,3247.3,175,1
11536,2025-12-30 12:20:14+05:30,3246.4,1,3248.96,839618,103375.0,124759.0,3250.0,3257.0,3239.8,3251.5,43135575,3576.6,2926.4,4322.95,2866.6,3246.4,57,3,3246.0,29,1,3245.9,2,1,3245.8,312,7,3245.7,76,5,3246.5,17,8,3247.0,22,1,3247.1,25,1,3247.2,20,1,3247.3,175,1
11536,2025-12-30 12:20:15+05:30,3246.4,2,3248.96,839618,103375.0,124759.0,3250.0,3257.0,3239.8,3251.5,43135575,3576.6,2926.4,4322.95,2866.6,3246.4,57,3,3246.0,29,1,3245.9,2,1,3245.8,312,7,3245.7,76,5,3246.5,17,8,3247.0,22,1,3247.1,25,1,3247.2,20,1,3247.3,175,1
11536,2025-12-30 12:20:15+05:30,3246.4,2,3248.96,839618,103375.0,124759.0,3250.0,3257.0,3239.8,3251.5,43135575,3576.6,2926.4,4322.95,2866.6,3246.4,57,3,3246.0,29,1,3245.9,2,1,3245.8,312,7,3245.7,76,5,3246.5,17,8,3247.0,22,1,3247.1,25,1,3247.2,20,1,3247.3,175,1
11536,2025-12-30 12:20:15+05:30,3246.4,3,3248.96,839628,103399.0,124755.0,3250.0,3257.0,3239.8,3251.5,43135575,3576.6,2926.4,4322.95,2866.6,3246.4,40,2,3246.0,29,1,3245.9,11,2,3245.8,312,7,3245.7,108,6,3246.5,15,8,3247.0,22,1,3247.1,25,1,3247.2,20,1,3247.3,185,2
11536,2025-12-30 12:20:16+05:30,3247.8,10,3248.96,839628,103399.0,124755.0,3250.0,3257.0,3239.8,3251.5,43135575,3576.6,2926.4,4322.95,2866.6,3246.4,40,2,3246.0,29,1,3245.9,11,2,3245.8,312,7,3245.7,108,6,3246.5,15,8,3247.0,22,1,3247.1,25,1,3247.2,20,1,3247.3,185,2
11536,2025-12-30 12:20:16+05:30,3247.5,1,3248.96,839969,103953.0,123522.0,3250.0,3257.0,3239.8,3251.5,43135575,3576.6,2926.4,4322.95,2866.6,3246.4,48,3,3246.2,187,4,3246.1,106,4,3246.0,309,8,3245.9,551,5,3247.4,174,1,3247.5,15,1,3247.6,20,2,3247.7,17,2,3247.8,29,2
11536,2025-12-30 12:20:17+05:30,3246.5,30,3248.96,839969,103953.0,123522.0,3250.0,3257.0,3239.8,3251.5,43135575,3576.6,2926.4,4322.95,2866.6,3246.4,48,3,3246.2,187,4,3246.1,106,4,3246.0,309,8,3245.9,551,5,3247.4,174,1,3247.5,15,1,3247.6,20,2,3247.7,17,2,3247.8,29,2
11536,2025-12-30 12:20:17+05:30,3246.5,30,3248.96,839969,103953.0,123522.0,3250.0,3257.0,3239.8,3251.5,43135575,3576.6,2926.4,4322.95,2866.6,3246.4,48,3,3246.2,187,4,3246.1,106,4,3246.0,309,8,3245.9,551,5,3247.4,174,1,3247.5,15,1,3247.6,20,2,3247.7,17,2,3247.8,29,2
11536,2025-12-30 12:20:17+05:30,3247.4,1,3248.96,840047,103982.0,123743.0,3250.0,3257.0,3239.8,3251.5,43135575,3576.6,2926.4,4322.95,2866.6,3246.4,19,1,3246.3,28,1,3246.2,251,6,3246.1,269,9,3246.0,284,7,3247.4,173,1,3247.5,3,1,3247.6,14,1,3247.7,17,2,3247.8,32,1
11536,2025-12-30 12:20:18+05:30,3246.4,19,3248.96,840047,103982.0,123743.0,3250.0,3257.0,3239.8,3251.5,43135575,3576.6,2926.4,4322.95,2866.6,3246.4,19,1,3246.3,28,1,3246.2,251,6,3246.1,269,9,3246.0,284,7,3247.4,173,1,3247.5,3,1,3247.6,14,1,3247.7,17,2,3247.8,32,1
11536,2025-12-30 12:20:18+05:30,3246.4,6,3248.96,840164,103586.0,123711.0,3250.0,3257.0,3239.8,3251.5,43135575,3576.6,2926.4,4322.95,2866.6,3246.4,3,1,3246.2,217,5,3246.1,44,4,3246.0,237,6,3245.9,127,5,3247.4,179,6,3247.5,3,1,3247.6,15,1,3247.7,6,1,3247.8,11,1
11536,2025-12-30 12:20:18+05:30,3246.4,6,3248.96,840164,103586.0,123711.0,3250.0,3257.0,3239.8,3251.5,43135575,3576.6,2926.4,4322.95,2866.6,3246.4,3,1,3246.2,217,5,3246.1,44,4,3246.0,237,6,3245.9,127,5,3247.4,179,6,3247.5,3,1,3247.6,15,1,3247.7,6,1,3247.8,11,1
11536,2025-12-30 12:20:19+05:30,3246.2,1,3248.96,840164,103586.0,123711.0,3250.0,3257.0,3239.8,3251.5,43135575,3576.6,2926.4,4322.95,2866.6,3246.4,3,1,3246.2,217,5,3246.1,44,4,3246.0,237,6,3245.9,127,5,3247.4,179,6,3247.5,3,1,3247.6,15,1,3247.7,6,1,3247.8,11,1
11536,2025-12-30 12:20:19+05:30,3246.1,1,3248.96,840201,103053.0,124968.0,3250.0,3257.0,3239.8,3251.5,43135575,3576.6,2926.4,4322.95,2866.6,3246.1,16,3,3246.0,45,2,3245.9,165,4,3245.8,230,9,3245.7,96,6,3246.3,9,4,3247.4,182,7,3247.8,39,3,3248.0,32,3,3248.1,11,1
11536,2025-12-30 12:20:20+05:30,3246.1,1,3248.96,840201,103053.0,124968.0,3250.0,3257.0,3239.8,3251.5,43135575,3576.6,2926.4,4322.95,2866.6,3246.1,16,3,3246.0,45,2,3245.9,165,4,3245.8,230,9,3245.7,96,6,3246.3,9,4,3247.4,182,7,3247.8,39,3,3248.0,32,3,3248.1,11,1
11536,2025-12-30 12:20:20+05:30,3246.1,1,3248.96,840201,103053.0,124968.0,3250.0,3257.0,3239.8,3251.5,43135575,3576.6,2926.4,4322.95,2866.6,3246.1,16,3,3246.0,45,2,3245.9,165,4,3245.8,230,9,3245.7,96,6,3246.3,9,4,3247.4,182,7,3247.8,39,3,3248.0,32,3,3248.1,11,1
11536,2025-12-30 12:20:20+05:30,3246.3,1,3248.96,840287,103709.0,123649.0,3250.0,3257.0,3239.8,3251.5,43135575,3576.6,2926.4,4322.95,2866.6,3246.2,326,7,3246.1,26,4,3246.0,301,6,3245.9,147,7,3245.8,620,10,3247.4,175,4,3248.0,13,2,3248.2,33,2,3248.3,38,2,3248.4,33,2
11536,2025-12-30 12:20:21+05:30,3246.2,1,3248.96,840287,103709.0,123649.0,3250.0,3257.0,3239.8,3251.5,43135575,3576.6,2926.4,4322.95,2866.6,3246.2,326,7,3246.1,26,4,3246.0,301,6,3245.9,147,7,3245.8,620,10,3247.4,175,4,3248.0,13,2,3248.2,33,2,3248.3,38,2,3248.4,33,2
11536,2025-12-30 12:20:21+05:30,3246.2,2,3248.96,840318,103575.0,123719.0,3250.0,3257.0,3239.8,3251.5,43135575,3576.6,2926.4,4322.95,2866.6,3246.2,5,2,3246.1,32,4,3246.0,393,7,3245.9,153,8,3245.8,418,10,3247.3,52,4,3247.4,175,3,3247.8,11,1,3248.0,13,2,3248.1,11,1
11536,2025-12-30 12:20:22+05:30,3247.4,151,3248.96,840318,103575.0,123719.0,3250.0,3257.0,3239.8,3251.5,43135575,3576.6,2926.4,4322.95,2866.6,3246.2,5,2,3246.1,32,4,3246.0,393,7,3245.9,153,8,3245.8,418,10,3247.3,52,4,3247.4,175,3,3247.8,11,1,3248.0,13,2,3248.1,11,1
11536,2025-12-30 12:20:22+05:30,3247.4,151,3248.96,840318,103575.0,123719.0,3250.0,3257.0,3239.8,3251.5,43135575,3576.6,2926.4,4322.95,2866.6,3246.2,5,2,3246.1,32,4,3246.0,393,7,3245.9,153,8,3245.8,418,10,3247.3,52,4,3247.4,175,3,3247.8,11,1,3248.0,13,2,3248.1,11,1
11536,2025-12-30 12:20:22+05:30,3247.4,1,3248.96,840535,103971.0,123402.0,3250.0,3257.0,3239.8,3251.5,43135575,3576.6,2926.4,4322.95,2866.6,3246.5,67,3,3246.4,48,4,3246.3,149,4,3246.2,234,6,3246.1,104,6,3247.4,33,5,3247.9,10,2,3248.0,13,2,3248.2,12,1,3248.3,7,1
11536,2025-12-30 12:20:23+05:30,3247.4,8,3248.96,840535,103971.0,123402.0,3250.0,3257.0,3239.8,3251.5,43135575,3576.6,2926.4,4322.95,2866.6,3246.5,67,3,3246.4,48,4,3246.3,149,4,3246.2,234,6,3246.1,104,6,3247.4,33,5,3247.9,10,2,3248.0,13,2,3248.2,12,1,3248.3,7,1
11536,2025-12-30 12:20:23+05:30,3247.4,8,3248.96,840535,103971.0,123402.0,3250.0,3257.0,3239.8,3251.5,43143275,3576.6,2926.4,4322.95,2866.6,3246.5,67,3,3246.4,48,4,3246.3,149,4,3246.2,234,6,3246.1,104,6,3247.4,33,5,3247.9,10,2,3248.0,13,2,3248.2,12,1,3248.3,7,1
11536,2025-12-30 12:20:23+05:30,3246.6,37,3248.96,840605,104369.0,123369.0,3250.0,3257.0,3239.8,3251.5,43143275,3576.6,2926.4,4322.95,2866.6,3246.6,22,1,3246.5,42,3,3246.4,57,4,3246.3,158,5,3246.2,231,5,3247.4,25,7,3247.9,10,2,3248.0,13,2,3248.2,12,1,3248.3,18,2
11536,2025-12-30 12:20:24+05:30,3246.6,13,3248.96,840605,104369.0,123369.0,3250.0,3257.0,3239.8,3251.5,43143275,3576.6,2926.4,4322.95,2866.6,3246.6,22,1,3246.5,42,3,3246.4,57,4,3246.3,158,5,3246.2,231,5,3247.4,25,7,3247.9,10,2,3248.0,13,2,3248.2,12,1,3248.3,18,2
11536,2025-12-30 12:20:24+05:30,3247.4,1,3248.96,840720,104328.0,123526.0,3250.0,3257.0,3239.8,3251.5,43143275,3576.6,2926.4,4322.95,2866.6,3246.6,21,1,3246.4,39,3,3246.3,29,2,3246.2,228,5,3246.1,238,4,3247.4,11,7,3247.5,175,1,3247.7,39,2,3247.9,9,1,3248.0,9,1
11536,2025-12-30 12:20:25+05:30,3247.4,3,3248.96,840720,104328.0,123526.0,3250.0,3257.0,3239.8,3251.5,43143275,3576.6,2926.4,4322.95,2866.6,3246.6,21,1,3246.4,39,3,3246.3,29,2,3246.2,228,5,3246.1,238,4,3247.4,11,7,3247.5,175,1,3247.7,39,2,3247.9,9,1,3248.0,9,1
11536,2025-12-30 12:20:25+05:30,3246.9,1,3248.96,840753,104909.0,123640.0,3250.0,3257.0,3239.8,3251.5,43143275,3576.6,2926.4,4322.95,2866.6,3246.9,23,2,3246.7,1,1,3246.6,21,1,3246.5,2,1,3246.4,193,3,3247.4,13,9,3247.5,175,1,3247.7,27,1,3247.8,12,1,3248.1,39,2
11536,2025-12-30 12:20:26+05:30,3246.9,5,3248.96,840753,104909.0,123640.0,3250.0,3257.0,3239.8,3251.5,43143275,3576.6,2926.4,4322.95,2866.6,3246.9,23,2,3246.7,1,1,3246.6,21,1,3246.5,2,1,3246.4,193,3,3247.4,13,9,3247.5,175,1,3247.7,27,1,3247.8,12,1,3248.1,39,2
11536,2025-12-30 12:20:26+05:30,3246.9,5,3248.96,840753,104909.0,123640.0,3250.0,3257.0,3239.8,3251.5,43143275,3576.6,2926.4,4322.95,2866.6,3246.9,23,2,3246.7,1,1,3246.6,21,1,3246.5,2,1,3246.4,193,3,3247.4,13,9,3247.5,175,1,3247.7,27,1,3247.8,12,1,3248.1,39,2
11536,2025-12-30 12:20:26+05:30,3247.4,1,3248.96,840772,104845.0,123596.0,3250.0,3257.0,3239.8,3251.5,43143275,3576.6,2926.4,4322.95,2866.6,3246.9,11,2,3246.7,1,1,3246.6,21,1,3246.5,2,1,3246.4,193,3,3247.4,12,9,3247.5,175,1,3247.7,27,1,3247.8,12,1,3248.1,39,2
11536,2025-12-30 12:20:27+05:30,3246.9,3,3248.96,840772,104845.0,123596.0,3250.0,3257.0,3239.8,3251.5,43143275,3576.6,2926.4,4322.95,2866.6,3246.9,11,2,3246.7,1,1,3246.6,21,1,3246.5,2,1,3246.4,193,3,3247.4,12,9,3247.5,175,1,3247.7,27,1,3247.8,12,1,3248.1,39,2
11536,2025-12-30 12:20:27+05:30,3246.9,3,3248.96,840803,104648.0,124257.0,3250.0,3257.0,3239.8,3251.5,43143275,3576.6,2926.4,4322.95,2866.6,3246.7,1,1,3246.5,8,2,3246.4,179,3,3246.2,428,11,3246.1,93,5,3246.9,6,2,3247.4,12,11,3247.5,175,1,3247.7,27,1,3248.0,17,2
11536,2025-12-30 12:20:28+05:30,3246.5,1,3248.96,840803,104648.0,124257.0,3250.0,3257.0,3239.8,3251.5,43143275,3576.6,2926.4,4322.95,2866.6,3246.7,1,1,3246.5,8,2,3246.4,179,3,3246.2,428,11,3246.1,93,5,3246.9,6,2,3247.4,12,11,3247.5,175,1,3247.7,27,1,3248.0,17,2
11536,2025-12-30 12:20:28+05:30,3246.6,1,3248.96,840824,103911.0,124888.0,3250.0,3257.0,3239.8,3251.5,43143275,3576.6,2926.4,4322.95,2866.6,3246.5,2,1,3246.4,17,4,3246.3,3,1,3246.2,6,2,3246.1,50,5,3246.6,3,2,3246.7,2,2,3246.9,7,3,3247.4,4,4,3247.5,175,1
11536,2025-12-30 12:20:29+05:30,3246.5,8,3248.96,840824,103911.0,124888.0,3250.0,3257.0,3239.8,3251.5,43143275,3576.6,2926.4,4322.95,2866.6,3246.5,2,1,3246.4,17,4,3246.3,3,1,3246.2,6,2,3246.1,50,5,3246.6,3,2,3246.7,2,2,3246.9,7,3,3247.4,4,4,3247.5,175,1
11536,2025-12-30 12:20:29+05:30,3246.4,1,3248.96,840834,103984.0,124896.0,3250.0,3257.0,3239.8,3251.5,43143275,3576.6,2926.4,4322.95,2866.6,3246.4,23,5,3246.3,8,2,3246.2,22,3,3246.1,73,6,3246.0,204,5,3246.5,8,4,3246.6,4,4,3246.7,2,2,3247.4,3,3,3247.5,175,1
11536,2025-12-30 12:20:30+05:30,3246.4,1,3248.96,840834,103984.0,124896.0,3250.0,3257.0,3239.8,3251.5,43143275,3576.6,2926.4,4322.95,2866.6,3246.4,23,5,3246.3,8,2,3246.2,22,3,3246.1,73,6,3246.0,204,5,3246.5,8,4,3246.6,4,4,3246.7,2,2,3247.4,3,3,3247.5,175,1
11536,2025-12-30 12:20:30+05:30,3246.4,1,3248.96,840884,104012.0,124873.0,3250.0,3257.0,3239.8,3251.5,43143275,3576.6,2926.4,4322.95,2866.6,3246.4,22,5,3246.3,19,3,3246.2,31,3,3246.1,43,4,3246.0,238,7,3246.5,13,8,3246.6,3,3,3246.7,1,1,3247.5,175,1,3248.0,46,5
11536,2025-12-30 12:20:31+05:30,3246.4,1,3248.96,840884,104012.0,124873.0,3250.0,3257.0,3239.8,3251.5,43143275,3576.6,2926.4,4322.95,2866.6,3246.4,22,5,3246.3,19,3,3246.2,31,3,3246.1,43,4,3246.0,238,7,3246.5,13,8,3246.6,3,3,3246.7,1,1,3247.5,175,1,3248.0,46,5
11536,2025-12-30 12:20:31+05:30,3246.4,1,3248.96,840989,104363.0,124881.0,3250.0,3257.0,3239.8,3251.5,43143275,3576.6,2926.4,4322.95,2866.6,3246.4,26,5,3246.3,30,3,3246.2,187,4,3246.1,161,6,3246.0,279,6,3246.5,8,4,3246.6,1,1,3246.7,1,1,3247.5,175,1,3248.0,46,5
11536,2025-12-30 12:20:32+05:30,3246.5,1,3248.96,840989,104363.0,124881.0,3250.0,3257.0,3239.8,3251.5,43143275,3576.6,2926.4,4322.95,2866.6,3246.4,26,5,3246.3,30,3,3246.2,187,4,3246.1,161,6,3246.0,279,6,3246.5,8,4,3246.6,1,1,3246.7,1,1,3247.5,175,1,3248.0,46,5
11536,2025-12-30 12:20:32+05:30,3246.4,4,3248.96,841004,104119.0,124881.0,3250.0,3257.0,3239.8,3251.5,43143275,3576.6,2926.4,4322.95,2866.6,3246.4,71,5,3246.3,45,4,3246.2,31,3,3246.1,161,6,3246.0,123,5,3246.5,9,5,3246.7,1,1,3247.5,175,1,3248.0,46,5,3248.1,27,1
11536,2025-12-30 12:20:33+05:30,3246.4,4,3248.96,841004,104119.0,124881.0,3250.0,3257.0,3239.8,3251.5,43143275,3576.6,2926.4,4322.95,2866.6,3246.4,71,5,3246.3,45,4,3246.2,31,3,3246.1,161,6,3246.0,123,5,3246.5,9,5,3246.7,1,1,3247.5,175,1,3248.0,46,5,3248.1,27,1
11536,2025-12-30 12:20:33+05:30,3246.4,6,3248.96,841044,104101.0,124878.0,3250.0,3257.0,3239.8,3251.5,43143275,3576.6,2926.4,4322.95,2866.6,3246.4,42,6,3246.3,64,5,3246.2,55,4,3246.1,161,6,3246.0,123,5,3246.5,7,6,3247.5,175,1,3248.0,46,5,3248.1,27,1,3248.2,39,3
11536,2025-12-30 12:20:34+05:30,3246.4,6,3248.96,841044,104101.0,124878.0,3250.0,3257.0,3239.8,3251.5,43143275,3576.6,2926.4,4322.95,2866.6,3246.4,42,6,3246.3,64,5,3246.2,55,4,3246.1,161,6,3246.0,123,5,3246.5,7,6,3247.5,175,1,3248.0,46,5,3248.1,27,1,3248.2,39,3
11536,2025-12-30 12:20:34+05:30,3246.4,2,3248.96,841061,104098.0,124879.0,3250.0,3257.0,3239.8,3251.5,43143275,3576.6,2926.4,4322.95,2866.6,3246.4,17,5,3246.3,42,4,3246.2,67,5,3246.1,135,5,3246.0,149,6,3246.5,8,7,3247.5,175,1,3248.0,46,5,3248.1,27,1,3248.2,39,3
11536,2025-12-30 12:20:35+05:30,3246.5,1,3248.96,841061,104098.0,124879.0,3250.0,3257.0,3239.8,3251.5,43143275,3576.6,2926.4,4322.95,2866.6,3246.4,17,5,3246.3,42,4,3246.2,67,5,3246.1,135,5,3246.0,149,6,3246.5,8,7,3247.5,175,1,3248.0,46,5,3248.1,27,1,3248.2,39,3
11536,2025-12-30 12:20:35+05:30,3246.5,1,3248.96,841069,104080.0,124878.0,3250.0,3257.0,3239.8,3251.5,43143275,3576.6,2926.4,4322.95,2866.6,3246.4,33,6,3246.3,8,2,3246.2,67,5,3246.1,161,6,3246.0,123,5,3246.5,7,7,3247.5,175,1,3248.0,46,5,3248.1,27,1,3248.2,39,3
11536,2025-12-30 12:20:36+05:30,3246.4,2,3248.96,841069,104080.0,124878.0,3250.0,3257.0,3239.8,3251.5,43143275,3576.6,2926.4,4322.95,2866.6,3246.4,33,6,3246.3,8,2,3246.2,67,5,3246.1,161,6,3246.0,123,5,3246.5,7,7,3247.5,175,1,3248.0,46,5,3248.1,27,1,3248.2,39,3
11536,2025-12-30 12:20:36+05:30,3246.4,5,3248.96,841090,104049.0,124878.0,3250.0,3257.0,3239.8,3251.5,43143275,3576.6,2926.4,4322.95,2866.6,3246.4,25,5,3246.3,8,2,3246.2,67,5,3246.1,161,6,3246.0,123,5,3246.5,7,7,3247.5,175,1,3248.0,46,5,3248.1,27,1,3248.2,39,3
11536,2025-12-30 12:20:37+05:30,3246.4,1,3248.96,841090,104049.0,124878.0,3250.0,3257.0,3239.8,3251.5,43143275,3576.6,2926.4,4322.95,2866.6,3246.4,25,5,3246.3,8,2,3246.2,67,5,3246.1,161,6,3246.0,123,5,3246.5,7,7,3247.5,175,1,3248.0,46,5,3248.1,27,1,3248.2,39,3
11536,2025-12-30 12:20:37+05:30,3246.4,1,3248.96,841175,103904.0,125004.0,3250.0,3257.0,3239.8,3251.5,43143275,3576.6,2926.4,4322.95,2866.6,3246.4,24,3,3246.3,8,2,3246.2,25,3,3246.1,43,4,3246.0,215,6,3246.5,26,11,3247.5,175,1,3247.7,16,2,3248.0,46,5,3248.1,27,1
11536,2025-12-30 12:20:38+05:30,3246.4,4,3248.96,841175,103904.0,125004.0,3250.0,3257.0,3239.8,3251.5,43143275,3576.6,2926.4,4322.95,2866.6,3246.4,24,3,3246.3,8,2,3246.2,25,3,3246.1,43,4,3246.0,215,6,3246.5,26,11,3247.5,175,1,3247.7,16,2,3248.0,46,5,3248.1,27,1
11536,2025-12-30 12:20:38+05:30,3246.4,3,3248.96,841192,103822.0,125002.0,3250.0,3257.0,3239.8,3251.5,43143275,3576.6,2926.4,4322.95,2866.6,3246.4,16,4,3246.3,8,2,3246.2,11,2,3246.1,16,3,3246.0,185,5,3246.5,23,8,3247.5,175,1,3247.7,7,1,3247.9,11,1,3248.0,35,4
11536,2025-12-30 12:20:39+05:30,3246.5,5,3248.96,841192,103822.0,125002.0,3250.0,3257.0,3239.8,3251.5,43143275,3576.6,2926.4,4322.95,2866.6,3246.4,16,4,3246.3,8,2,3246.2,11,2,3246.1,16,3,3246.0,185,5,3246.5,23,8,3247.5,175,1,3247.7,7,1,3247.9,11,1,3248.0,35,4
11536,2025-12-30 12:20:39+05:30,3246.5,5,3248.96,841252,104058.0,123836.0,3250.0,3257.0,3239.8,3251.5,43143275,3576.6,2926.4,4322.95,2866.6,3246.5,18,2,3246.4,7,3,3246.3,8,2,3246.2,187,4,3246.1,143,3,3247.4,29,3,3247.5,175,1,3247.7,10,1,3247.8,10,1,3248.0,19,3
11536,2025-12-30 12:20:40+05:30,3247.4,1,3248.96,841252,104058.0,123836.0,3250.0,3257.0,3239.8,3251.5,43143275,3576.6,2926.4,4322.95,2866.6,3246.5,18,2,3246.4,7,3,3246.3,8,2,3246.2,187,4,3246.1,143,3,3247.4,29,3,3247.5,175,1,3247.7,10,1,3247.8,10,1,3248.0,19,3
11536,2025-12-30 12:20:40+05:30,3247.4,1,3248.96,841255,104071.0,123879.0,3250.0,3257.0,3239.8,3251.5,43143275,3576.6,2926.4,4322.95,2866.6,3246.5,16,2,3246.4,7,3,3246.3,8,2,3246.2,189,5,3246.1,143,3,3247.4,29,4,3247.5,175,1,3247.8,10,1,3248.0,19,3,3248.1,27,1
11536,2025-12-30 12:20:41+05:30,3247.5,10,3248.96,841255,104071.0,123879.0,3250.0,3257.0,3239.8,3251.5,43143275,3576.6,2926.4,4322.95,2866.6,3246.5,16,2,3246.4,7,3,3246.3,8,2,3246.2,189,5,3246.1,143,3,3247.4,29,4,3247.5,175,1,3247.8,10,1,3248.0,19,3,3248.1,27,1
11536,2025-12-30 12:20:41+05:30,3247.3,3,3248.96,841295,104600.0,123552.0,3250.0,3257.0,3239.8,3251.5,43143275,3576.6,2926.4,4322.95,2866.6,3247.3,9,1,3246.7,45,2,3246.6,234,4,3246.5,121,3,3246.4,343,8,3247.5,165,1,3247.6,3,2,3247.7,15,1,3247.8,26,1,3247.9,10,1
11536,2025-12-30 12:20:42+05:30,3247.3,3,3248.96,841295,104600.0,123552.0,3250.0,3257.0,3239.8,3251.5,43143275,3576.6,2926.4,4322.95,2866.6,3247.3,9,1,3246.7,45,2,3246.6,234,4,3246.5,121,3,3246.4,343,8,3247.5,165,1,3247.6,3,2,3247.7,15,1,3247.8,26,1,3247.9,10,1
11536,2025-12-30 12:20:42+05:30,3247.3,3,3248.96,841295,104593.0,123591.0,3250.0,3257.0,3239.8,3251.5,43143275,3576.6,2926.4,4322.95,2866.6,3247.3,9,1,3246.7,45,2,3246.6,234,4,3246.5,121,3,3246.4,251,7,3247.4,39,1,3247.5,165,1,3247.6,3,2,3247.7,51,3,3248.0,10,1
11536,2025-12-30 12:20:43+05:30,3247.4,4,3248.96,841295,104593.0,123591.0,3250.0,3257.0,3239.8,3251.5,43143275,3576.6,2926.4,4322.95,2866.6,3247.3,9,1,3246.7,45,2,3246.6,234,4,3246.5,121,3,3246.4,251,7,3247.4,39,1,3247.5,165,1,3247.6,3,2,3247.7,51,3,3248.0,10,1
11536,2025-12-30 12:20:43+05:30,3247.3,12,3248.96,841318,104572.0,123582.0,3250.0,3257.0,3239.8,3251.5,43143275,3576.6,2926.4,4322.95,2866.6,3247.3,19,1,3246.7,45,2,3246.6,234,4,3246.5,121,3,3246.4,342,7,3247.4,32,3,3247.5,165,1,3247.6,1,1,3247.7,51,3,3248.0,10,1
11536,2025-12-30 12:20:44+05:30,3247.4,6,3248.96,841318,104572.0,123582.0,3250.0,3257.0,3239.8,3251.5,43143275,3576.6,2926.4,4322.95,2866.6,3247.3,19,1,3246.7,45,2,3246.6,234,4,3246.5,121,3,3246.4,342,7,3247.4,32,3,3247.5,165,1,3247.6,1,1,3247.7,51,3,3248.0,10,1
11536,2025-12-30 12:20:44+05:30,3247.3,6,3248.96,841330,104551.0,123564.0,3250.0,3257.0,3239.8,3251.5,43143275,3576.6,2926.4,4322.95,2866.6,3247.3,13,1,3246.7,45,2,3246.6,234,4,3246.5,121,3,3246.4,342,7,3247.4,29,6,3247.5,165,1,3247.7,41,2,3248.0,10,1,3248.2,23,2
11536,2025-12-30 12:20:45+05:30,3247.3,3,3248.96,841330,104551.0,123564.0,3250.0,3257.0,3239.8,3251.5,43143275,3576.6,2926.4,4322.95,2866.6,3247.3,13,1,3246.7,45,2,3246.6,234,4,3246.5,121,3,3246.4,342,7,3247.4,29,6,3247.5,165,1,3247.7,41,2,3248.0,10,1,3248.2,23,2
11536,2025-12-30 12:20:45+05:30,3247.4,1,3248.96,841334,104546.0,123559.0,3250.0,3257.0,3239.8,3251.5,43143275,3576.6,2926.4,4322.95,2866.6,3247.3,54,2,3246.7,45,2,3246.6,234,4,3246.5,75,2,3246.4,342,7,3247.4,29,7,3247.5,165,1,3247.7,26,1,3248.0,10,1,3248.2,23,2
11536,2025-12-30 12:20:46+05:30,3247.3,2,3248.96,841334,104546.0,123559.0,3250.0,3257.0,3239.8,3251.5,43143275,3576.6,2926.4,4322.95,2866.6,3247.3,54,2,3246.7,45,2,3246.6,234,4,3246.5,75,2,3246.4,342,7,3247.4,29,7,3247.5,165,1,3247.7,26,1,3248.0,10,1,3248.2,23,2
11536,2025-12-30 12:20:46+05:30,3247.3,4,3248.96,841345,104555.0,123572.0,3250.0,3257.0,3239.8,3251.5,43143275,3576.6,2926.4,4322.95,2866.6,3247.3,63,2,3246.7,45,2,3246.6,234,4,3246.5,75,2,3246.4,342,7,3247.4,29,8,3247.5,165,1,3247.7,26,1,3248.0,10,1,3248.2,23,2
11536,2025-12-30 12:20:47+05:30,3247.3,23,3248.96,841345,104555.0,123572.0,3250.0,3257.0,3239.8,3251.5,43143275,3576.6,2926.4,4322.95,2866.6,3247.3,63,2,3246.7,45,2,3246.6,234,4,3246.5,75,2,3246.4,342,7,3247.4,29,8,3247.5,165,1,3247.7,26,1,3248.0,10,1,3248.2,23,2
11536,2025-12-30 12:20:47+05:30,3246.6,1,3248.96,841422,103888.0,123664.0,3250.0,3257.0,3239.8,3251.5,43143275,3576.6,2926.4,4322.95,2866.6,3246.6,157,3,3246.5,32,1,3246.4,51,4,3246.3,87,6,3246.2,225,6,3247.3,5,2,3247.4,29,8,3247.5,165,1,3247.7,26,1,3248.1,10,1
11536,2025-12-30 12:20:48+05:30,3246.6,1,3248.96,841422,103888.0,123664.0,3250.0,3257.0,3239.8,3251.5,43143275,3576.6,2926.4,4322.95,2866.6,3246.6,157,3,3246.5,32,1,3246.4,51,4,3246.3,87,6,3246.2,225,6,3247.3,5,2,3247.4,29,8,3247.5,165,1,3247.7,26,1,3248.1,10,1
11536,2025-12-30 12:20:48+05:30,3246.6,1,3248.96,841425,103917.0,123622.0,3250.0,3257.0,3239.8,3251.5,43143275,3576.6,2926.4,4322.95,2866.6,3246.6,155,4,3246.5,32,1,3246.4,51,4,3246.3,109,7,3246.2,317,7,3247.2,1,1,3247.3,8,4,3247.4,26,5,3247.5,165,1,3247.7,26,1
11536,2025-12-30 12:20:49+05:30,3246.6,2,3248.96,841425,103917.0,123622.0,3250.0,3257.0,3239.8,3251.5,43143275,3576.6,2926.4,4322.95,2866.6,3246.6,155,4,3246.5,32,1,3246.4,51,4,3246.3,109,7,3246.2,317,7,3247.2,1,1,3247.3,8,4,3247.4,26,5,3247.5,165,1,3247.7,26,1
11536,2025-12-30 12:20:49+05:30,3246.6,22,3248.96,841456,103889.0,123658.0,3250.0,3257.0,3239.8,3251.5,43143275,3576.6,2926.4,4322.95,2866.6,3246.6,124,4,3246.4,60,5,3246.3,90,6,3246.2,225,6,3246.1,213,7,3247.2,5,5,3247.3,3,2,3247.4,23,2,3247.5,165,1,3247.6,26,1
11536,2025-12-30 12:20:50+05:30,3246.6,1,3248.96,841456,103889.0,123658.0,3250.0,3257.0,3239.8,3251.5,43143275,3576.6,2926.4,4322.95,2866.6,3246.6,124,4,3246.4,60,5,3246.3,90,6,3246.2,225,6,3246.1,213,7,3247.2,5,5,3247.3,3,2,3247.4,23,2,3247.5,165,1,3247.6,26,1
11536,2025-12-30 12:20:50+05:30,3246.6,1,3248.96,841458,104044.0,123810.0,3250.0,3257.0,3239.8,3251.5,43143275,3576.6,2926.4,4322.95,2866.6,3246.6,169,5,3246.4,195,5,3246.3,42,4,3246.2,317,7,3246.1,121,6,3247.2,8,8,3247.3,2,1,3247.4,22,1,3247.5,165,1,3247.6,26,1
11536,2025-12-30 12:20:51+05:30,3246.6,11,3248.96,841458,104044.0,123810.0,3250.0,3257.0,3239.8,3251.5,43143275,3576.6,2926.4,4322.95,2866.6,3246.6,169,5,3246.4,195,5,3246.3,42,4,3246.2,317,7,3246.1,121,6,3247.2,8,8,3247.3,2,1,3247.4,22,1,3247.5,165,1,3247.6,26,1
11536,2025-12-30 12:20:51+05:30,3246.6,2,3248.96,841474,103873.0,123893.0,3250.0,3257.0,3239.8,3251.5,43143275,3576.6,2926.4,4322.95,2866.6,3246.6,154,5,3246.4,39,4,3246.3,42,4,3246.2,317,7,3246.1,121,6,3247.2,6,6,3247.4,22,1,3247.5,192,2,3247.9,10,1,3248.2,50,4
11536,2025-12-30 12:20:52+05:30,3247.2,1,3248.96,841474,103873.0,123893.0,3250.0,3257.0,3239.8,3251.5,43143275,3576.6,2926.4,4322.95,2866.6,3246.6,154,5,3246.4,39,4,3246.3,42,4,3246.2,317,7,3246.1,121,6,3247.2,6,6,3247.4,22,1,3247.5,192,2,3247.9,10,1,3248.2,50,4
11536,2025-12-30 12:20:52+05:30,3247.2,1,3248.96,841484,104730.0,123847.0,3250.0,3257.0,3239.8,3251.5,43143275,3576.6,2926.4,4322.95,2866.6,3246.6,147,5,3246.4,195,5,3246.3,134,5,3246.2,225,6,3246.1,115,5,3247.2,5,5,3247.4,22,1,3247.5,192,2,3247.9,16,2,3248.2,50,4
11536,2025-12-30 12:20:53+05:30,3247.2,1,3248.96,841484,104730.0,123847.0,3250.0,3257.0,3239.8,3251.5,43143275,3576.6,2926.4,4322.95,2866.6,3246.6,147,5,3246.4,195,5,3246.3,134,5,3246.2,225,6,3246.1,115,5,3247.2,5,5,3247.4,22,1,3247.5,192,2,3247.9,16,2,3248.2,50,4
11536,2025-12-30 12:20:53+05:30,3246.6,4,3248.96,841494,104576.0,123812.0,3250.0,3257.0,3239.8,3251.5,43143275,3576.6,2926.4,4322.95,2866.6,3246.6,140,4,3246.4,39,4,3246.3,42,4,3246.2,317,7,3246.1,115,5,3247.2,5,5,3247.4,22,1,3247.5,192,2,3247.9,16,2,3248.2,50,4
11536,2025-12-30 12:20:54+05:30,3246.6,2,3248.96,841494,104576.0,123812.0,3250.0,3257.0,3239.8,3251.5,43143275,3576.6,2926.4,4322.95,2866.6,3246.6,140,4,3246.4,39,4,3246.3,42,4,3246.2,317,7,3246.1,115,5,3247.2,5,5,3247.4,22,1,3247.5,192,2,3247.9,16,2,3248.2,50,4
11536,2025-12-30 12:20:54+05:30,3247.6,1,3248.96,841520,104623.0,123876.0,3250.0,3257.0,3239.8,3251.5,43143275,3576.6,2926.4,4322.95,2866.6,3247.3,1,1,3247.2,1,1,3246.6,122,4,3246.5,54,2,3246.4,259,7,3247.5,164,1,3247.6,1,1,3247.7,15,1,3247.8,27,1,3247.9,9,1
11536,2025-12-30 12:20:55+05:30,3247.2,2,3248.96,841520,104623.0,123876.0,3250.0,3257.0,3239.8,3251.5,43143275,3576.6,2926.4,4322.95,2866.6,3247.3,1,1,3247.2,1,1,3246.6,122,4,3246.5,54,2,3246.4,259,7,3247.5,164,1,3247.6,1,1,3247.7,15,1,3247.8,27,1,3247.9,9,1
11536,2025-12-30 12:20:55+05:30,3247.5,1,3248.96,841524,104815.0,123884.0,3250.0,3257.0,3239.8,3251.5,43143275,3576.6,2926.4,4322.95,2866.6,3247.2,15,2,3246.6,122,4,3246.5,43,1,3246.4,259,7,3246.3,179,7,3247.5,166,4,3247.6,1,1,3247.7,24,2,3247.8,27,1,3248.0,9,1
11536,2025-12-30 12:20:56+05:30,3247.2,6,3248.96,841524,104815.0,123884.0,3250.0,3257.0,3239.8,3251.5,43143275,3576.6,2926.4,4322.95,2866.6,3247.2,15,2,3246.6,122,4,3246.5,43,1,3246.4,259,7,3246.3,179,7,3247.5,166,4,3247.6,1,1,3247.7,24,2,3247.8,27,1,3248.0,9,1
11536,2025-12-30 12:20:56+05:30,3247.2,2,3248.96,841561,104803.0,123859.0,3250.0,3257.0,3239.8,3251.5,43143275,3576.6,2926.4,4322.95,2866.6,3247.2,3,1,3246.6,122,4,3246.5,43,1,3246.4,259,7,3246.3,179,7,3247.5,141,4,3247.6,1,1,3247.7,24,2,3247.8,27,1,3248.0,9,1
11536,2025-12-30 12:20:57+05:30,3247.5,7,3248.96,841561,104803.0,123859.0,3250.0,3257.0,3239.8,3251.5,43143275,3576.6,2926.4,4322.95,2866.6,3247.2,3,1,3246.6,122,4,3246.5,43,1,3246.4,259,7,3246.3,179,7,3247.5,141,4,3247.6,1,1,3247.7,24,2,3247.8,27,1,3248.0,9,1
11536,2025-12-30 12:20:57+05:30,3247.5,7,3248.96,841576,104643.0,123978.0,3250.0,3257.0,3239.8,3251.5,43143275,3576.6,2926.4,4322.95,2866.6,3246.6,132,5,3246.5,32,1,3246.4,195,5,3246.3,228,9,3246.2,302,10,3247.2,8,1,3247.5,186,10,3247.7,15,1,3247.8,27,1,3248.0,9,1
11536,2025-12-30 12:20:58+05:30,3246.6,1,3248.96,841576,104643.0,123978.0,3250.0,3257.0,3239.8,3251.5,43143275,3576.6,2926.4,4322.95,2866.6,3246.6,132,5,3246.5,32,1,3246.4,195,5,3246.3,228,9,3246.2,302,10,3247.2,8,1,3247.5,186,10,3247.7,15,1,3247.8,27,1,3248.0,9,1
11536,2025-12-30 12:20:58+05:30,3246.6,2,3248.96,841585,104452.0,123980.0,3250.0,3257.0,3239.8,3251.5,43143275,3576.6,2926.4,4322.95,2866.6,3246.6,124,6,3246.5,32,1,3246.4,39,4,3246.3,136,8,3246.2,352,8,3247.2,12,5,3247.5,184,8,3247.6,27,1,3247.7,15,1,3247.9,9,1
11536,2025-12-30 12:20:59+05:30,3246.7,78,3248.96,841585,104452.0,123980.0,3250.0,3257.0,3239.8,3251.5,43143275,3576.6,2926.4,4322.95,2866.6,3246.6,124,6,3246.5,32,1,3246.4,39,4,3246.3,136,8,3246.2,352,8,3247.2,12,5,3247.5,184,8,3247.6,27,1,3247.7,15,1,3247.9,9,1
11536,2025-12-30 12:20:59+05:30,3246.7,2,3248.96,841679,104264.0,124659.0,3250.0,3257.0,3239.8,3251.5,43143275,3576.6,2926.4,4322.95,2866.6,3246.7,5,1,3246.6,49,4,3246.4,93,5,3246.3,81,6,3246.2,258,6,3247.2,13,10,3247.4,36,2,3247.5,180,5,3247.6,31,3,3247.7,15,1
11536,2025-12-30 12:21:00+05:30,3246.6,1,3248.96,841679,104264.0,124659.0,3250.0,3257.0,3239.8,3251.5,43143275,3576.6,2926.4,4322.95,2866.6,3246.7,5,1,3246.6,49,4,3246.4,93,5,3246.3,81,6,3246.2,258,6,3247.2,13,10,3247.4,36,2,3247.5,180,5,3247.6,31,3,3247.7,15,1
11536,2025-12-30 12:21:00+05:30,3246.6,1,3248.96,841688,103640.0,125488.0,3250.0,3257.0,3239.8,3251.5,43143275,3576.6,2926.4,4322.95,2866.6,3246.6,45,4,3246.4,93,5,3246.3,12,4,3246.2,39,3,3246.1,53,3,3246.7,4,4,3247.2,11,8,3247.3,177,3,3247.4,33,3,3247.5,46,1
11536,2025-12-30 12:21:01+05:30,3246.7,1,3248.96,841688,103640.0,125488.0,3250.0,3257.0,3239.8,3251.5,43143275,3576.6,2926.4,4322.95,2866.6,3246.6,45,4,3246.4,93,5,3246.3,12,4,3246.2,39,3,3246.1,53,3,3246.7,4,4,3247.2,11,8,3247.3,177,3,3247.4,33,3,3247.5,46,1
11536,2025-12-30 12:21:01+05:30,3246.6,1,3248.96,841728,103795.0,125477.0,3250.0,3257.0,3239.8,3251.5,43143275,3576.6,2926.4,4322.95,2866.6,3246.6,10,4,3246.5,4,1,3246.4,69,4,3246.3,12,4,3246.2,39,3,3246.7,2,2,3247.2,29,2,3247.3,150,2,3247.4,33,3,3247.5,46,1
11536,2025-12-30 12:21:02+05:30,3246.7,1,3248.96,841728,103795.0,125477.0,3250.0,3257.0,3239.8,3251.5,43143275,3576.6,2926.4,4322.95,2866.6,3246.6,10,4,3246.5,4,1,3246.4,69,4,3246.3,12,4,3246.2,39,3,3246.7,2,2,3247.2,29,2,3247.3,150,2,3247.4,33,3,3247.5,46,1
11536,2025-12-30 12:21:02+05:30,3246.7,1,3248.96,841749,103571.0,125454.0,3250.0,3257.0,3239.8,3251.5,43143275,3576.6,2926.4,4322.95,2866.6,3246.6,8,4,3246.5,4,1,3246.4,69,4,3246.3,12,4,3246.2,11,2,3246.7,4,4,3247.2,27,1,3247.3,150,2,3247.4,33,3,3247.5,46,1
11536,2025-12-30 12:21:03+05:30,3246.7,1,3248.96,841749,103571.0,125454.0,3250.0,3257.0,3239.8,3251.5,43143275,3576.6,2926.4,4322.95,2866.6,3246.6,8,4,3246.5,4,1,3246.4,69,4,3246.3,12,4,3246.2,11,2,3246.7,4,4,3247.2,27,1,3247.3,150,2,3247.4,33,3,3247.5,46,1
11536,2025-12-30 12:21:03+05:30,3248.2,7,3248.96,842277,103913.0,123620.0,3250.0,3257.0,3239.8,3251.5,43143275,3576.6,2926.4,4322.95,2866.6,3246.6,11,4,3246.5,15,1,3246.4,360,9,3246.3,12,4,3246.2,300,8,3247.5,175,1,3247.6,35,2,3247.9,10,1,3248.2,33,4,3248.4,42,4
11536,2025-12-30 12:21:04+05:30,3248.2,7,3248.96,842277,103913.0,123620.0,3250.0,3257.0,3239.8,3251.5,43143275,3576.6,2926.4,4322.95,2866.6,3246.6,11,4,3246.5,15,1,3246.4,360,9,3246.3,12,4,3246.2,300,8,3247.5,175,1,3247.6,35,2,3247.9,10,1,3248.2,33,4,3248.4,42,4
11536,2025-12-30 12:21:04+05:30,3247.3,9,3248.96,842286,103972.0,123644.0,3250.0,3257.0,3239.8,3251.5,43143275,3576.6,2926.4,4322.95,2866.6,3246.6,11,4,3246.5,10,1,3246.4,241,6,3246.3,136,6,3246.2,258,7,3247.3,166,1,3247.4,27,1,3247.5,38,3,3247.9,40,3,3248.2,75,5
11536,2025-12-30 12:21:05+05:30,3246.6,1,3248.96,842286,103972.0,123644.0,3250.0,3257.0,3239.8,3251.5,43143275,3576.6,2926.4,4322.95,2866.6,3246.6,11,4,3246.5,10,1,3246.4,241,6,3246.3,136,6,3246.2,258,7,3247.3,166,1,3247.4,27,1,3247.5,38,3,3247.9,40,3,3248.2,75,5
11536,2025-12-30 12:21:05+05:30,3247.3,1,3248.96,842288,103828.0,123608.0,3250.0,3257.0,3239.8,3251.5,43143275,3576.6,2926.4,4322.95,2866.6,3246.7,4,1,3246.6,7,3,3246.4,85,5,3246.3,44,5,3246.2,319,6,3247.3,168,4,3247.4,27,1,3247.5,38,3,3247.9,33,2,3248.2,75,5
11536,2025-12-30 12:21:06+05:30,3246.7,8,3248.96,842288,103828.0,123608.0,3250.0,3257.0,3239.8,3251.5,43143275,3576.6,2926.4,4322.95,2866.6,3246.7,4,1,3246.6,7,3,3246.4,85,5,3246.3,44,5,3246.2,319,6,3247.3,168,4,3247.4,27,1,3247.5,38,3,3247.9,33,2,3248.2,75,5
11536,2025-12-30 12:21:06+05:30,3246.7,8,3248.96,842335,103713.0,124911.0,3250.0,3257.0,3239.8,3251.5,43143275,3576.6,2926.4,4322.95,2866.6,3246.6,7,3,3246.4,69,4,3246.3,12,4,3246.2,64,4,3246.1,75,6,3246.7,11,3,3247.2,165,1,3247.3,17,4,3247.4,27,1,3247.5,8,1
11536,2025-12-30 12:21:07+05:30,3246.4,28,3248.96,842335,103713.0,124911.0,3250.0,3257.0,3239.8,3251.5,43143275,3576.6,2926.4,4322.95,2866.6,3246.6,7,3,3246.4,69,4,3246.3,12,4,3246.2,64,4,3246.1,75,6,3246.7,11,3,3247.2,165,1,3247.3,17,4,3247.4,27,1,3247.5,8,1
11536,2025-12-30 12:21:07+05:30,3246.4,28,3248.96,842475,102192.0,125366.0,3250.0,3257.0,3239.8,3251.5,43143275,3576.6,2926.4,4322.95,2866.6,3246.4,9,1,3246.3,12,4,3246.2,43,3,3246.1,53,4,3246.0,79,4,3246.5,11,3,3246.7,13,5,3247.0,165,1,3247.1,19,1,3247.2,21,1
11536,2025-12-30 12:21:08+05:30,3246.4,1,3248.96,842475,102192.0,125366.0,3250.0,3257.0,3239.8,3251.5,43143275,3576.6,2926.4,4322.95,2866.6,3246.4,9,1,3246.3,12,4,3246.2,43,3,3246.1,53,4,3246.0,79,4,3246.5,11,3,3246.7,13,5,3247.0,165,1,3247.1,19,1,3247.2,21,1
11536,2025-12-30 12:21:08+05:30,3246.4,1,3248.96,842600,102219.0,125183.0,3250.0,3257.0,3239.8,3251.5,43143275,3576.6,2926.4,4322.95,2866.6,3246.4,2,2,3246.3,12,4,3246.2,43,3,3246.1,53,4,3246.0,79,4,3246.5,22,7,3246.7,3,3,3246.9,27,1,3247.1,19,1,3247.2,186,2
11536,2025-12-30 12:21:09+05:30,3246.4,2,3248.96,842600,102219.0,125183.0,3250.0,3257.0,3239.8,3251.5,43143275,3576.6,2926.4,4322.95,2866.6,3246.4,2,2,3246.3,12,4,3246.2,43,3,3246.1,53,4,3246.0,79,4,3246.5,22,7,3246.7,3,3,3246.9,27,1,3247.1,19,1,3247.2,186,2
11536,2025-12-30 12:21:09+05:30,3246.5,2,3248.96,842658,103052.0,125152.0,3250.0,3257.0,3239.8,3251.5,43143275,3576.6,2926.4,4322.95,2866.6,3246.4,1,1,3246.3,26,5,3246.2,43,3,3246.1,53,4,3246.0,61,3,3246.5,36,10,3246.7,1,1,3246.9,27,1,3247.2,165,1,3247.3,10,1
11536,2025-12-30 12:21:10+05:30,3247.2,12,3248.96,842658,103052.0,125152.0,3250.0,3257.0,3239.8,3251.5,43143275,3576.6,2926.4,4322.95,2866.6,3246.4,1,1,3246.3,26,5,3246.2,43,3,3246.1,53,4,3246.0,61,3,3246.5,36,10,3246.7,1,1,3246.9,27,1,3247.2,165,1,3247.3,10,1
11536,2025-12-30 12:21:10+05:30,3247.2,12,3248.96,842855,103511.0,123795.0,3250.0,3257.0,3239.8,3251.5,43143275,3576.6,2926.4,4322.95,2866.6,3246.3,26,5,3246.2,291,5,3246.1,72,5,3246.0,293,8,3245.9,215,6,3247.3,153,1,3247.4,34,2,3247.5,9,2,3247.8,12,2,3247.9,23,1
11536,2025-12-30 12:21:11+05:30,3246.3,3,3248.96,842855,103511.0,123795.0,3250.0,3257.0,3239.8,3251.5,43143275,3576.6,2926.4,4322.95,2866.6,3246.3,26,5,3246.2,291,5,3246.1,72,5,3246.0,293,8,3245.9,215,6,3247.3,153,1,3247.4,34,2,3247.5,9,2,3247.8,12,2,3247.9,23,1
11536,2025-12-30 12:21:11+05:30,3246.3,3,3248.96,842859,103458.0,123770.0,3250.0,3257.0,3239.8,3251.5,43143275,3576.6,2926.4,4322.95,2866.6,3246.3,25,5,3246.2,43,3,3246.1,145,5,3246.0,251,6,3245.9,215,6,3247.1,153,1,3247.2,26,1,3247.5,20,3,3247.8,34,3,3247.9,23,1
11536,2025-12-30 12:21:12+05:30,3246.3,1,3248.96,842859,103458.0,123770.0,3250.0,3257.0,3239.8,3251.5,43143275,3576.6,2926.4,4322.95,2866.6,3246.3,25,5,3246.2,43,3,3246.1,145,5,3246.0,251,6,3245.9,215,6,3247.1,153,1,3247.2,26,1,3247.5,20,3,3247.8,34,3,3247.9,23,1
11536,2025-12-30 12:21:12+05:30,3246.3,1,3248.96,842912,103140.0,123770.0,3250.0,3257.0,3239.8,3251.5,43143275,3576.6,2926.4,4322.95,2866.6,3246.3,19,5,3246.2,43,3,3246.1,53,4,3246.0,187,6,3245.9,215,6,3247.1,155,5,3247.2,26,1,3247.5,14,2,3247.8,34,3,3247.9,27,2
11536,2025-12-30 12:21:13+05:30,3246.3,11,3248.96,842912,103140.0,123770.0,3250.0,3257.0,3239.8,3251.5,43143275,3576.6,2926.4,4322.95,2866.6,3246.3,19,5,3246.2,43,3,3246.1,53,4,3246.0,187,6,3245.9,215,6,3247.1,155,5,3247.2,26,1,3247.5,14,2,3247.8,34,3,3247.9,27,2
11536,2025-12-30 12:21:13+05:30,3246.3,1,3248.96,842945,103204.0,123725.0,3250.0,3257.0,3239.8,3251.5,43143275,3576.6,2926.4,4322.95,2866.6,3246.3,52,5,3246.2,43,3,3246.1,145,5,3246.0,251,6,3245.9,188,5,3247.1,156,7,3247.2,26,1,3247.5,11,1,3247.8,34,3,3247.9,27,2
11536,2025-12-30 12:21:14+05:30,3247.1,8,3248.96,842945,103204.0,123725.0,3250.0,3257.0,3239.8,3251.5,43143275,3576.6,2926.4,4322.95,2866.6,3246.3,52,5,3246.2,43,3,3246.1,145,5,3246.0,251,6,3245.9,188,5,3247.1,156,7,3247.2,26,1,3247.5,11,1,3247.8,34,3,3247.9,27,2
11536,2025-12-30 12:21:14+05:30,3247.1,8,3248.96,842955,103232.0,123718.0,3250.0,3257.0,3239.8,3251.5,43143275,3576.6,2926.4,4322.95,2866.6,3246.3,61,6,3246.2,167,5,3246.1,53,4,3246.0,263,7,3245.9,188,5,3247.1,149,9,3247.2,26,1,3247.8,34,3,3247.9,27,2,3248.0,38,3
11536,2025-12-30 12:21:15+05:30,3246.3,1,3248.96,842955,103232.0,123718.0,3250.0,3257.0,3239.8,3251.5,43143275,3576.6,2926.4,4322.95,2866.6,3246.3,61,6,3246.2,167,5,3246.1,53,4,3246.0,263,7,3245.9,188,5,3247.1,149,9,3247.2,26,1,3247.8,34,3,3247.9,27,2,3248.0,38,3
11536,2025-12-30 12:21:15+05:30,3247.1,1,3248.96,842977,103372.0,123718.0,3250.0,3257.0,3239.8,3251.5,43143275,3576.6,2926.4,4322.95,2866.6,3246.3,53,6,3246.2,158,7,3246.1,53,4,3246.0,263,7,3245.9,188,5,3247.1,147,10,3247.2,26,1,3247.8,34,3,3247.9,27,2,3248.0,38,3
11536,2025-12-30 12:21:16+05:30,3246.3,3,3248.96,842977,103372.0,123718.0,3250.0,3257.0,3239.8,3251.5,43143275,3576.6,2926.4,4322.95,2866.6,3246.3,53,6,3246.2,158,7,3246.1,53,4,3246.0,263,7,3245.9,188,5,3247.1,147,10,3247.2,26,1,3247.8,34,3,3247.9,27,2,3248.0,38,3
11536,2025-12-30 12:21:16+05:30,3247.0,1,3248.96,843008,103361.0,123807.0,3250.0,3257.0,3239.8,3251.5,43143275,3576.6,2926.4,4322.95,2866.6,3246.3,10,4,3246.2,66,6,3246.1,145,5,3246.0,263,7,3245.9,188,5,3247.0,140,4,3247.1,5,5,3247.2,26,1,3247.8,34,3,3247.9,27,2
11536,2025-12-30 12:21:17+05:30,3246.3,26,3248.96,843008,103361.0,123807.0,3250.0,3257.0,3239.8,3251.5,43143275,3576.6,2926.4,4322.95,2866.6,3246.3,10,4,3246.2,66,6,3246.1,145,5,3246.0,263,7,3245.9,188,5,3247.0,140,4,3247.1,5,5,3247.2,26,1,3247.8,34,3,3247.9,27,2
11536,2025-12-30 12:21:17+05:30,3246.3,1,3248.95,843092,103257.0,123941.0,3250.0,3257.0,3239.8,3251.5,43143275,3576.6,2926.4,4322.95,2866.6,3246.3,12,2,3246.2,45,4,3246.1,145,5,3246.0,253,7,3245.9,188,5,3247.0,182,10,3247.1,2,2,3247.2,26,1,3247.7,11,1,3247.8,24,2
11536,2025-12-30 12:21:18+05:30,3246.3,1,3248.95,843092,103257.0,123941.0,3250.0,3257.0,3239.8,3251.5,43143275,3576.6,2926.4,4322.95,2866.6,3246.3,12,2,3246.2,45,4,3246.1,145,5,3246.0,253,7,3245.9,188,5,3247.0,182,10,3247.1,2,2,3247.2,26,1,3247.7,11,1,3247.8,24,2
11536,2025-12-30 12:21:18+05:30,3246.3,1,3248.95,843125,103297.0,123919.0,3250.0,3257.0,3239.8,3251.5,43143275,3576.6,2926.4,4322.95,2866.6,3246.3,13,3,3246.2,45,4,3246.1,199,6,3246.0,253,7,3245.9,188,5,3247.0,162,10,3247.2,26,1,3247.7,11,1,3247.8,24,2,3247.9,23,1
11536,2025-12-30 12:21:19+05:30,3246.3,2,3248.95,843125,103297.0,123919.0,3250.0,3257.0,3239.8,3251.5,43143275,3576.6,2926.4,4322.95,2866.6,3246.3,13,3,3246.2,45,4,3246.1,199,6,3246.0,253,7,3245.9,188,5,3247.0,162,10,3247.2,26,1,3247.7,11,1,3247.8,24,2,3247.9,23,1
11536,2025-12-30 12:21:19+05:30,3246.4,2,3248.95,843155,102966.0,124030.0,3250.0,3257.0,3239.8,3251.5,43143275,3576.6,2926.4,4322.95,2866.6,3246.4,1,1,3246.3,4,2,3246.2,45,4,3246.1,107,5,3246.0,189,7,3247.0,159,9,3247.2,26,1,3247.5,10,1,3247.8,34,3,3247.9,23,1
11536,2025-12-30 12:21:20+05:30,3246.4,1,3248.95,843155,102966.0,124030.0,3250.0,3257.0,3239.8,3251.5,43143275,3576.6,2926.4,4322.95,2866.6,3246.4,1,1,3246.3,4,2,3246.2,45,4,3246.1,107,5,3246.0,189,7,3247.0,159,9,3247.2,26,1,3247.5,10,1,3247.8,34,3,3247.9,23,1
11536,2025-12-30 12:21:20+05:30,3246.3,5,3248.95,843171,102056.0,124631.0,3250.0,3257.0,3239.8,3251.5,43143275,3576.6,2926.4,4322.95,2866.6,3246.3,3,1,3246.2,45,4,3246.1,199,6,3246.0,97,6,3245.9,96,5,3247.0,158,9,3247.6,13,2,3247.8,34,3,3247.9,30,2,3248.0,31,2
11536,2025-12-30 12:21:21+05:30,3247.0,1,3248.95,843171,102056.0,124631.0,3250.0,3257.0,3239.8,3251.5,43143275,3576.6,2926.4,4322.95,2866.6,3246.3,3,1,3246.2,45,4,3246.1,199,6,3246.0,97,6,3245.9,96,5,3247.0,158,9,3247.6,13,2,3247.8,34,3,3247.9,30,2,3248.0,31,2
11536,2025-12-30 12:21:21+05:30,3247.0,1,3248.95,843217,102959.0,124502.0,3250.0,3257.0,3239.8,3251.5,43143275,3576.6,2926.4,4322.95,2866.6,3246.2,115,5,3246.1,99,5,3246.0,133,8,3245.9,180,4,3245.8,158,9,3247.0,126,9,3247.6,3,1,3247.8,24,2,3247.9,27,2,3248.0,28,2
11536,2025-12-30 12:21:22+05:30,3247.0,15,3248.95,843217,102959.0,124502.0,3250.0,3257.0,3239.8,3251.5,43143275,3576.6,2926.4,4322.95,2866.6,3246.2,115,5,3246.1,99,5,3246.0,133,8,3245.9,180,4,3245.8,158,9,3247.0,126,9,3247.6,3,1,3247.8,24,2,3247.9,27,2,3248.0,28,2
11536,2025-12-30 12:21:22+05:30,3247.0,15,3248.95,843289,102820.0,123815.0,3250.0,3257.0,3239.8,3251.5,43143275,3576.6,2926.4,4322.95,2866.6,3246.2,166,7,3246.1,99,5,3246.0,133,8,3245.9,180,4,3245.8,158,9,3247.0,67,8,3247.6,3,1,3247.8,24,2,3247.9,27,2,3248.0,28,2
11536,2025-12-30 12:21:23+05:30,3247.5,45,3248.95,843289,102820.0,123815.0,3250.0,3257.0,3239.8,3251.5,43143275,3576.6,2926.4,4322.95,2866.6,3246.2,166,7,3246.1,99,5,3246.0,133,8,3245.9,180,4,3245.8,158,9,3247.0,67,8,3247.6,3,1,3247.8,24,2,3247.9,27,2,3248.0,28,2
11536,2025-12-30 12:21:23+05:30,3247.5,45,3248.95,843396,103726.0,123724.0,3250.0,3257.0,3239.8,3251.5,43143275,3576.6,2926.4,4322.95,2866.6,3246.4,153,6,3246.3,42,2,3246.2,312,11,3246.1,164,8,3246.0,734,13,3247.5,18,3,3247.6,3,1,3247.7,8,1,3247.9,4,1,3248.2,37,2
11536,2025-12-30 12:21:24+05:30,3247.5,1,3248.95,843433,103965.0,123887.0,3250.0,3257.0,3239.8,3251.5,43143275,3576.6,2926.4,4322.95,2866.6,3246.5,43,3,3246.4,308,6,3246.3,26,1,3246.2,292,9,3246.1,175,8,3247.5,5,2,3247.6,3,1,3248.0,75,1,3248.2,54,4,3248.4,31,3
11536,2025-12-30 12:21:25+05:30,3246.6,4,3248.95,843433,103965.0,123887.0,3250.0,3257.0,3239.8,3251.5,43143275,3576.6,2926.4,4322.95,2866.6,3246.5,43,3,3246.4,308,6,3246.3,26,1,3246.2,292,9,3246.1,175,8,3247.5,5,2,3247.6,3,1,3248.0,75,1,3248.2,54,4,3248.4,31,3
11536,2025-12-30 12:21:25+05:30,3247.5,1,3248.95,843458,104413.0,123809.0,3250.0,3257.0,3239.8,3251.5,43143275,3576.6,2926.4,4322.95,2866.6,3246.6,44,3,3246.5,146,5,3246.4,195,5,3246.3,35,2,3246.2,318,10,3247.5,5,4,3248.0,75,1,3248.2,44,3,3248.4,31,3,3248.5,55,2
11536,2025-12-30 12:21:26+05:30,3246.6,5,3248.95,843458,104413.0,123809.0,3250.0,3257.0,3239.8,3251.5,43143275,3576.6,2926.4,4322.95,2866.6,3246.6,44,3,3246.5,146,5,3246.4,195,5,3246.3,35,2,3246.2,318,10,3247.5,5,4,3248.0,75,1,3248.2,44,3,3248.4,31,3,3248.5,55,2
11536,2025-12-30 12:21:26+05:30,3246.6,5,3248.95,843463,104444.0,123810.0,3250.0,3257.0,3239.8,3251.5,43143275,3576.6,2926.4,4322.95,2866.6,3246.6,39,3,3246.5,146,5,3246.4,195,5,3246.3,35,2,3246.2,318,10,3247.5,6,5,3248.0,75,1,3248.2,44,3,3248.4,31,3,3248.5,55,2
11536,2025-12-30 12:21:27+05:30,3246.6,3,3248.95,843463,104444.0,123810.0,3250.0,3257.0,3239.8,3251.5,43143275,3576.6,2926.4,4322.95,2866.6,3246.6,39,3,3246.5,146,5,3246.4,195,5,3246.3,35,2,3246.2,318,10,3247.5,6,5,3248.0,75,1,3248.2,44,3,3248.4,31,3,3248.5,55,2
11536,2025-12-30 12:21:27+05:30,3246.6,3,3248.95,843559,104573.0,123811.0,3250.0,3257.0,3239.8,3251.5,43143275,3576.6,2926.4,4322.95,2866.6,3246.6,68,2,3246.5,140,4,3246.4,184,4,3246.3,26,1,3246.2,292,9,3247.5,7,7,3248.0,75,1,3248.2,44,3,3248.4,41,4,3248.5,55,2
11536,2025-12-30 12:21:28+05:30,3246.6,2,3248.95,843559,104573.0,123811.0,3250.0,3257.0,3239.8,3251.5,43143275,3576.6,2926.4,4322.95,2866.6,3246.6,68,2,3246.5,140,4,3246.4,184,4,3246.3,26,1,3246.2,292,9,3247.5,7,7,3248.0,75,1,3248.2,44,3,3248.4,41,4,3248.5,55,2
11536,2025-12-30 12:21:28+05:30,3246.6,3,3248.95,843577,104623.0,124095.0,3250.0,3257.0,3239.8,3251.5,43143275,3576.6,2926.4,4322.95,2866.6,3246.6,25,2,3246.4,158,2,3246.3,26,1,3246.2,388,11,3246.1,162,7,3247.5,185,8,3247.6,22,1,3247.7,26,1,3247.8,10,1,3248.0,85,2
11536,2025-12-30 12:21:29+05:30,3247.5,2,3248.95,843577,104623.0,124095.0,3250.0,3257.0,3239.8,3251.5,43143275,3576.6,2926.4,4322.95,2866.6,3246.6,25,2,3246.4,158,2,3246.3,26,1,3246.2,388,11,3246.1,162,7,3247.5,185,8,3247.6,22,1,3247.7,26,1,3247.8,10,1,3248.0,85,2
11536,2025-12-30 12:21:29+05:30,3246.6,22,3248.95,843609,104612.0,124011.0,3250.0,3257.0,3239.8,3251.5,43143275,3576.6,2926.4,4322.95,2866.6,3246.6,2,2,3246.5,24,2,3246.4,178,3,3246.3,140,3,3246.2,274,9,3247.5,181,8,3247.7,26,1,3247.9,22,1,3248.0,75,1,3248.1,10,1
11536,2025-12-30 12:21:30+05:30,3246.6,1,3248.95,843609,104612.0,124011.0,3250.0,3257.0,3239.8,3251.5,43143275,3576.6,2926.4,4322.95,2866.6,3246.6,2,2,3246.5,24,2,3246.4,178,3,3246.3,140,3,3246.2,274,9,3247.5,181,8,3247.7,26,1,3247.9,22,1,3248.0,75,1,3248.1,10,1
11536,2025-12-30 12:21:30+05:30,3246.5,1,3248.95,843622,103036.0,125321.0,3250.0,3257.0,3239.8,3251.5,43143275,3576.6,2926.4,4322.95,2866.6,3246.5,14,2,3246.4,66,5,3246.3,22,1,3246.2,284,10,3246.1,211,7,3246.6,1,1,3247.4,13,1,3247.5,180,8,3247.7,26,1,3247.9,22,1
11536,2025-12-30 12:21:31+05:30,3246.5,3,3248.95,843622,103036.0,125321.0,3250.0,3257.0,3239.8,3251.5,43143275,3576.6,2926.4,4322.95,2866.6,3246.5,14,2,3246.4,66,5,3246.3,22,1,3246.2,284,10,3246.1,211,7,3246.6,1,1,3247.4,13,1,3247.5,180,8,3247.7,26,1,3247.9,22,1
11536,2025-12-30 12:21:31+05:30,3246.6,1,3248.95,843639,103928.0,125318.0,3250.0,3257.0,3239.8,3251.5,43143275,3576.6,2926.4,4322.95,2866.6,3246.5,9,2,3246.4,32,3,3246.2,135,9,3246.1,219,8,3246.0,152,10,3246.6,15,3,3247.5,176,4,3247.7,26,1,3247.9,22,1,3248.0,96,2
11536,2025-12-30 12:21:32+05:30,3246.5,1,3248.95,843639,103928.0,125318.0,3250.0,3257.0,3239.8,3251.5,43143275,3576.6,2926.4,4322.95,2866.6,3246.5,9,2,3246.4,32,3,3246.2,135,9,3246.1,219,8,3246.0,152,10,3246.6,15,3,3247.5,176,4,3247.7,26,1,3247.9,22,1,3248.0,96,2
11536,2025-12-30 12:21:32+05:30,3246.5,1,3248.95,843649,103935.0,125254.0,3250.0,3257.0,3239.8,3251.5,43143275,3576.6,2926.4,4322.95,2866.6,3246.5,7,1,3246.4,12,2,3246.2,103,8,3246.1,242,9,3246.0,152,10,3246.6,25,6,3247.5,174,2,3247.7,26,1,3247.9,22,1,3248.0,96,2
11536,2025-12-30 12:21:33+05:30,3246.5,1,3248.95,843649,103935.0,125254.0,3250.0,3257.0,3239.8,3251.5,43143275,3576.6,2926.4,4322.95,2866.6,3246.5,7,1,3246.4,12,2,3246.2,103,8,3246.1,242,9,3246.0,152,10,3246.6,25,6,3247.5,174,2,3247.7,26,1,3247.9,22,1,3248.0,96,2
11536,2025-12-30 12:21:33+05:30,3246.5,2,3248.95,843657,104132.0,125218.0,3250.0,3257.0,3239.8,3251.5,43143275,3576.6,2926.4,4322.95,2866.6,3246.5,8,1,3246.4,28,3,3246.3,20,1,3246.2,218,10,3246.1,122,7,3246.6,26,7,3247.5,173,1,3247.7,26,1,3247.9,22,1,3248.0,96,2
11536,2025-12-30 12:21:34+05:30,3246.5,2,3248.95,843657,104132.0,125218.0,3250.0,3257.0,3239.8,3251.5,43143275,3576.6,2926.4,4322.95,2866.6,3246.5,8,1,3246.4,28,3,3246.3,20,1,3246.2,218,10,3246.1,122,7,3246.6,26,7,3247.5,173,1,3247.7,26,1,3247.9,22,1,3248.0,96,2
11536,2025-12-30 12:21:34+05:30,3247.5,77,3248.95,843766,104354.0,123861.0,3250.0,3257.0,3239.8,3251.5,43143275,3576.6,2926.4,4322.95,2866.6,3246.5,7,2,3246.4,28,3,3246.3,112,2,3246.2,175,11,3246.1,192,9,3247.5,96,1,3247.6,23,1,3247.7,26,1,3247.9,10,1,3248.0,75,1
11536,2025-12-30 12:21:35+05:30,3247.5,77,3248.95,843766,104354.0,123861.0,3250.0,3257.0,3239.8,3251.5,43143275,3576.6,2926.4,4322.95,2866.6,3246.5,7,2,3246.4,28,3,3246.3,112,2,3246.2,175,11,3246.1,192,9,3247.5,96,1,3247.6,23,1,3247.7,26,1,3247.9,10,1,3248.0,75,1
11536,2025-12-30 12:21:35+05:30,3247.5,1,3248.95,843771,104736.0,123782.0,3250.0,3257.0,3239.8,3251.5,43143275,3576.6,2926.4,4322.95,2866.6,3247.0,5,1,3246.5,1,1,3246.4,330,6,3246.3,95,3,3246.2,175,11,3247.5,99,4,3247.6,23,1,3247.7,26,1,3247.9,10,1,3248.0,75,1
11536,2025-12-30 12:21:36+05:30,3247.5,1,3248.95,843771,104736.0,123782.0,3250.0,3257.0,3239.8,3251.5,43143275,3576.6,2926.4,4322.95,2866.6,3247.0,5,1,3246.5,1,1,3246.4,330,6,3246.3,95,3,3246.2,175,11,3247.5,99,4,3247.6,23,1,3247.7,26,1,3247.9,10,1,3248.0,75,1
11536,2025-12-30 12:21:37+05:30,3247.4,3,3248.95,843807,104510.0,123893.0,3250.0,3257.0,3239.8,3251.5,43143275,3576.6,2926.4,4322.95,2866.6,3246.5,24,3,3246.4,272,5,3246.3,100,4,3246.2,333,12,3246.1,153,8,3247.0,5,1,3247.5,97,5,3247.9,23,1,3248.0,75,1,3248.2,36,2
11536,2025-12-30 12:21:37+05:30,3247.4,3,3248.95,843807,104510.0,123893.0,3250.0,3257.0,3239.8,3251.5,43143275,3576.6,2926.4,4322.95,2866.6,3246.5,24,3,3246.4,272,5,3246.3,100,4,3246.2,333,12,3246.1,153,8,3247.0,5,1,3247.5,97,5,3247.9,23,1,3248.0,75,1,3248.2,36,2
11536,2025-12-30 12:21:37+05:30,3247.0,4,3248.95,843828,104151.0,123853.0,3250.0,3257.0,3239.8,3251.5,43143275,3576.6,2926.4,4322.95,2866.6,3246.5,7,2,3246.4,24,3,3246.3,192,5,3246.2,147,9,3246.1,153,8,3247.0,3,3,3247.5,94,3,3247.9,23,1,3248.0,75,1,3248.2,36,2
11536,2025-12-30 12:21:38+05:30,3247.0,4,3248.95,843828,104151.0,123853.0,3250.0,3257.0,3239.8,3251.5,43143275,3576.6,2926.4,4322.95,2866.6,3246.5,7,2,3246.4,24,3,3246.3,192,5,3246.2,147,9,3246.1,153,8,3247.0,3,3,3247.5,94,3,3247.9,23,1,3248.0,75,1,3248.2,36,2
11536,2025-12-30 12:21:39+05:30,3246.3,1,3248.95,843879,103559.0,125198.0,3250.0,3257.0,3239.8,3251.5,43143275,3576.6,2926.4,4322.95,2866.6,3246.3,12,1,3246.2,129,9,3246.1,176,9,3246.0,145,9,3245.9,274,6,3246.4,10,2,3247.0,6,6,3247.5,92,1,3247.8,21,1,3247.9,23,1
11536,2025-12-30 12:21:39+05:30,3246.3,1,3248.95,843879,103559.0,125198.0,3250.0,3257.0,3239.8,3251.5,43143275,3576.6,2926.4,4322.95,2866.6,3246.3,12,1,3246.2,129,9,3246.1,176,9,3246.0,145,9,3245.9,274,6,3246.4,10,2,3247.0,6,6,3247.5,92,1,3247.8,21,1,3247.9,23,1
11536,2025-12-30 12:21:39+05:30,3246.4,3,3248.95,843917,103571.0,123833.0,3250.0,3257.0,3239.8,3251.5,43143275,3576.6,2926.4,4322.95,2866.6,3246.2,89,8,3246.1,247,9,3246.0,117,8,3245.9,164,4,3245.8,149,9,3246.4,10,5,3247.0,40,6,3247.5,92,1,3247.8,21,1,3247.9,23,1
11536,2025-12-30 12:21:40+05:30,3246.2,5,3248.95,843917,103571.0,123833.0,3250.0,3257.0,3239.8,3251.5,43143275,3576.6,2926.4,4322.95,2866.6,3246.2,89,8,3246.1,247,9,3246.0,117,8,3245.9,164,4,3245.8,149,9,3246.4,10,5,3247.0,40,6,3247.5,92,1,3247.8,21,1,3247.9,23,1
11536,2025-12-30 12:21:41+05:30,3248.1,2,3248.95,844219,104897.0,123461.0,3250.0,3257.0,3239.8,3251.5,43143275,3576.6,2926.4,4322.95,2866.6,3246.7,2,1,3246.6,156,1,3246.5,3,1,3246.4,344,6,3246.3,123,6,3247.7,175,1,3247.8,42,3,3247.9,31,2,3248.1,51,4,3248.2,7,1
11536,2025-12-30 12:21:41+05:30,3248.1,2,3248.95,844219,104897.0,123461.0,3250.0,3257.0,3239.8,3251.5,43143275,3576.6,2926.4,4322.95,2866.6,3246.7,2,1,3246.6,156,1,3246.5,3,1,3246.4,344,6,3246.3,123,6,3247.7,175,1,3247.8,42,3,3247.9,31,2,3248.1,51,4,3248.2,7,1
11536,2025-12-30 12:21:41+05:30,3247.5,10,3248.95,844257,104636.0,123664.0,3250.0,3257.0,3239.8,3251.5,43143275,3576.6,2926.4,4322.95,2866.6,3246.7,3,2,3246.5,4,1,3246.4,217,5,3246.3,202,6,3246.2,671,11,3247.5,142,3,3247.6,11,1,3247.7,27,1,3247.8,15,2,3247.9,20,1
11536,2025-12-30 12:21:42+05:30,3247.5,10,3248.95,844257,104636.0,123664.0,3250.0,3257.0,3239.8,3251.5,43143275,3576.6,2926.4,4322.95,2866.6,3246.7,3,2,3246.5,4,1,3246.4,217,5,3246.3,202,6,3246.2,671,11,3247.5,142,3,3247.6,11,1,3247.7,27,1,3247.8,15,2,3247.9,20,1
11536,2025-12-30 12:21:43+05:30,3246.7,13,3248.95,844257,104636.0,123664.0,3250.0,3257.0,3239.8,3251.5,43143275,3576.6,2926.4,4322.95,2866.6,3246.7,3,2,3246.5,4,1,3246.4,217,5,3246.3,202,6,3246.2,671,11,3247.5,142,3,3247.6,11,1,3247.7,27,1,3247.8,15,2,3247.9,20,1
11536,2025-12-30 12:21:43+05:30,3246.6,1,3248.95,844277,104359.0,123435.0,3250.0,3257.0,3239.8,3251.5,43143275,3576.6,2926.4,4322.95,2866.6,3246.6,13,1,3246.5,14,2,3246.4,1,1,3246.3,57,3,3246.2,109,7,3246.7,12,3,3247.5,141,5,3247.6,11,1,3247.8,5,1,3247.9,20,1
11536,2025-12-30 12:21:44+05:30,3246.6,3,3248.95,844277,104359.0,123435.0,3250.0,3257.0,3239.8,3251.5,43143275,3576.6,2926.4,4322.95,2866.6,3246.6,13,1,3246.5,14,2,3246.4,1,1,3246.3,57,3,3246.2,109,7,3246.7,12,3,3247.5,141,5,3247.6,11,1,3247.8,5,1,3247.9,20,1
11536,2025-12-30 12:21:44+05:30,3246.6,3,3248.95,844333,104413.0,123431.0,3250.0,3257.0,3239.8,3251.5,43143275,3576.6,2926.4,4322.95,2866.6,3246.6,11,1,3246.5,14,2,3246.4,1,1,3246.3,34,2,3246.2,61,5,3246.7,15,5,3247.4,11,1,3247.5,139,3,3247.9,20,1,3248.0,40,4
11536,2025-12-30 12:21:45+05:30,3246.5,6,3248.95,844333,104413.0,123431.0,3250.0,3257.0,3239.8,3251.5,43143275,3576.6,2926.4,4322.95,2866.6,3246.6,11,1,3246.5,14,2,3246.4,1,1,3246.3,34,2,3246.2,61,5,3246.7,15,5,3247.4,11,1,3247.5,139,3,3247.9,20,1,3248.0,40,4
11536,2025-12-30 12:21:45+05:30,3246.6,1,3248.95,844421,104017.0,124959.0,3250.0,3257.0,3239.8,3251.5,43143275,3576.6,2926.4,4322.95,2866.6,3246.5,4,1,3246.4,12,2,3246.3,22,2,3246.2,84,6,3246.1,136,8,3246.6,6,3,3246.7,6,5,3247.4,11,1,3247.5,137,1,3247.9,20,1
11536,2025-12-30 12:21:46+05:30,3247.6,6,3248.95,844421,104017.0,124959.0,3250.0,3257.0,3239.8,3251.5,43143275,3576.6,2926.4,4322.95,2866.6,3246.5,4,1,3246.4,12,2,3246.3,22,2,3246.2,84,6,3246.1,136,8,3246.6,6,3,3246.7,6,5,3247.4,11,1,3247.5,137,1,3247.9,20,1
11536,2025-12-30 12:21:46+05:30,3247.5,1,3248.95,844552,104290.0,123705.0,3250.0,3257.0,3239.8,3251.5,43143275,3576.6,2926.4,4322.95,2866.6,3246.5,3,1,3246.4,79,5,3246.3,187,4,3246.2,299,11,3246.1,186,9,3247.5,90,2,3247.6,31,2,3247.7,10,1,3247.9,20,1,3248.0,18,3
11536,2025-12-30 12:21:47+05:30,3247.5,1,3248.95,844552,104290.0,123705.0,3250.0,3257.0,3239.8,3251.5,43143275,3576.6,2926.4,4322.95,2866.6,3246.5,3,1,3246.4,79,5,3246.3,187,4,3246.2,299,11,3246.1,186,9,3247.5,90,2,3247.6,31,2,3247.7,10,1,3247.9,20,1,3248.0,18,3
11536,2025-12-30 12:21:47+05:30,3246.4,1,3248.95,844632,104188.0,123627.0,3250.0,3257.0,3239.8,3251.5,43143275,3576.6,2926.4,4322.95,2866.6,3246.4,8,3,3246.3,135,2,3246.2,281,10,3246.1,186,9,3246.0,753,14,3247.5,120,6,3247.6,4,1,3247.9,20,1,3248.0,12,2,3248.1,58,3
11536,2025-12-30 12:21:48+05:30,3247.5,10,3248.95,844632,104188.0,123627.0,3250.0,3257.0,3239.8,3251.5,43143275,3576.6,2926.4,4322.95,2866.6,3246.4,8,3,3246.3,135,2,3246.2,281,10,3246.1,186,9,3246.0,753,14,3247.5,120,6,3247.6,4,1,3247.9,20,1,3248.0,12,2,3248.1,58,3
11536,2025-12-30 12:21:48+05:30,3246.4,7,3248.95,844681,104365.0,123557.0,3250.0,3257.0,3239.8,3251.5,43143275,3576.6,2926.4,4322.95,2866.6,3246.4,122,4,3246.3,127,5,3246.2,249,9,3246.1,186,9,3246.0,762,15,3247.4,17,3,3247.5,85,7,3247.9,20,1,3248.0,10,1,3248.1,50,2
11536,2025-12-30 12:21:49+05:30,3246.4,4,3248.95,844681,104365.0,123557.0,3250.0,3257.0,3239.8,3251.5,43143275,3576.6,2926.4,4322.95,2866.6,3246.4,122,4,3246.3,127,5,3246.2,249,9,3246.1,186,9,3246.0,762,15,3247.4,17,3,3247.5,85,7,3247.9,20,1,3248.0,10,1,3248.1,50,2
11536,2025-12-30 12:21:49+05:30,3246.4,1,3248.95,844726,104271.0,122157.0,3250.0,3257.0,3239.8,3251.5,43143275,3576.6,2926.4,4322.95,2866.6,3246.4,146,5,3246.3,127,5,3246.2,249,9,3246.1,186,9,3246.0,762,15,3247.4,22,7,3247.5,78,3,3247.9,20,1,3248.0,10,1,3248.1,50,2
11536,2025-12-30 12:21:50+05:30,3246.4,11,3248.95,844726,104271.0,122157.0,3250.0,3257.0,3239.8,3251.5,43143275,3576.6,2926.4,4322.95,2866.6,3246.4,146,5,3246.3,127,5,3246.2,249,9,3246.1,186,9,3246.0,762,15,3247.4,22,7,3247.5,78,3,3247.9,20,1,3248.0,10,1,3248.1,50,2
11536,2025-12-30 12:21:50+05:30,3246.4,11,3248.95,844754,104338.0,122160.0,3250.0,3257.0,3239.8,3251.5,43143275,3576.6,2926.4,4322.95,2866.6,3246.4,87,6,3246.3,192,5,3246.2,249,9,3246.1,186,9,3246.0,762,15,3247.4,21,8,3247.5,75,1,3247.8,27,1,3247.9,20,1,3248.0,10,1
11536,2025-12-30 12:21:51+05:30,3246.4,1,3248.95,844754,104338.0,122160.0,3250.0,3257.0,3239.8,3251.5,43143275,3576.6,2926.4,4322.95,2866.6,3246.4,87,6,3246.3,192,5,3246.2,249,9,3246.1,186,9,3246.0,762,15,3247.4,21,8,3247.5,75,1,3247.8,27,1,3247.9,20,1,3248.0,10,1
11536,2025-12-30 12:21:51+05:30,3247.4,1,3248.95,844780,104328.0,123561.0,3250.0,3257.0,3239.8,3251.5,43143275,3576.6,2926.4,4322.95,2866.6,3246.4,60,3,3246.3,192,5,3246.2,259,10,3246.1,186,9,3246.0,742,13,3247.4,16,8,3247.5,75,1,3247.8,27,1,3247.9,20,1,3248.0,10,1
11536,2025-12-30 12:21:52+05:30,3246.4,2,3248.95,844780,104328.0,123561.0,3250.0,3257.0,3239.8,3251.5,43143275,3576.6,2926.4,4322.95,2866.6,3246.4,60,3,3246.3,192,5,3246.2,259,10,3246.1,186,9,3246.0,742,13,3247.4,16,8,3247.5,75,1,3247.8,27,1,3247.9,20,1,3248.0,10,1
11536,2025-12-30 12:21:52+05:30,3246.4,3,3248.95,844797,104313.0,123563.0,3250.0,3257.0,3239.8,3251.5,43143275,3576.6,2926.4,4322.95,2866.6,3246.4,43,3,3246.3,192,5,3246.2,259,10,3246.1,186,9,3246.0,742,13,3247.4,18,10,3247.5,75,1,3247.8,27,1,3247.9,20,1,3248.0,10,1
11536,2025-12-30 12:21:53+05:30,3246.4,3,3248.95,844797,104313.0,123563.0,3250.0,3257.0,3239.8,3251.5,43143275,3576.6,2926.4,4322.95,2866.6,3246.4,43,3,3246.3,192,5,3246.2,259,10,3246.1,186,9,3246.0,742,13,3247.4,18,10,3247.5,75,1,3247.8,27,1,3247.9,20,1,3248.0,10,1
11536,2025-12-30 12:21:53+05:30,3246.4,4,3248.95,844809,104291.0,123562.0,3250.0,3257.0,3239.8,3251.5,43143275,3576.6,2926.4,4322.95,2866.6,3246.4,54,5,3246.3,183,4,3246.2,281,11,3246.1,194,10,3246.0,742,13,3247.4,17,9,3247.5,75,1,3247.8,27,1,3247.9,20,1,3248.0,10,1
11536,2025-12-30 12:21:54+05:30,3246.4,3,3248.95,844809,104291.0,123562.0,3250.0,3257.0,3239.8,3251.5,43143275,3576.6,2926.4,4322.95,2866.6,3246.4,54,5,3246.3,183,4,3246.2,281,11,3246.1,194,10,3246.0,742,13,3247.4,17,9,3247.5,75,1,3247.8,27,1,3247.9,20,1,3248.0,10,1
11536,2025-12-30 12:21:54+05:30,3247.4,11,3248.95,844850,104530.0,123544.0,3250.0,3257.0,3239.8,3251.5,43143275,3576.6,2926.4,4322.95,2866.6,3246.4,351,9,3246.3,91,3,3246.2,325,12,3246.1,164,9,3246.0,751,15,3247.6,75,1,3247.7,3,2,3247.8,27,1,3248.0,10,1,3248.1,23,1
11536,2025-12-30 12:21:55+05:30,3247.4,11,3248.95,844850,104530.0,123544.0,3250.0,3257.0,3239.8,3251.5,43143275,3576.6,2926.4,4322.95,2866.6,3246.4,351,9,3246.3,91,3,3246.2,325,12,3246.1,164,9,3246.0,751,15,3247.6,75,1,3247.7,3,2,3247.8,27,1,3248.0,10,1,3248.1,23,1
11536,2025-12-30 12:21:55+05:30,3247.6,1,3248.95,844851,104528.0,123747.0,3250.0,3257.0,3239.8,3251.5,43143275,3576.6,2926.4,4322.95,2866.6,3246.5,19,2,3246.4,342,8,3246.3,118,4,3246.2,298,11,3246.1,183,10,3247.6,74,1,3247.7,3,2,3247.8,27,1,3248.0,10,1,3248.1,23,1
11536,2025-12-30 12:21:56+05:30,3246.5,1,3248.95,844851,104528.0,123747.0,3250.0,3257.0,3239.8,3251.5,43143275,3576.6,2926.4,4322.95,2866.6,3246.5,19,2,3246.4,342,8,3246.3,118,4,3246.2,298,11,3246.1,183,10,3247.6,74,1,3247.7,3,2,3247.8,27,1,3248.0,10,1,3248.1,23,1
11536,2025-12-30 12:21:56+05:30,3246.5,3,3248.95,844871,104339.0,123576.0,3250.0,3257.0,3239.8,3251.5,43143275,3576.6,2926.4,4322.95,2866.6,3246.5,13,2,3246.4,94,6,3246.3,183,4,3246.2,298,11,3246.1,183,10,3247.5,69,1,3247.6,11,2,3247.7,1,1,3247.8,27,1,3248.0,10,1
11536,2025-12-30 12:21:57+05:30,3246.5,26,3248.95,844871,104339.0,123576.0,3250.0,3257.0,3239.8,3251.5,43143275,3576.6,2926.4,4322.95,2866.6,3246.5,13,2,3246.4,94,6,3246.3,183,4,3246.2,298,11,3246.1,183,10,3247.5,69,1,3247.6,11,2,3247.7,1,1,3247.8,27,1,3248.0,10,1
11536,2025-12-30 12:21:57+05:30,3246.5,7,3248.95,844957,104373.0,123537.0,3250.0,3257.0,3239.8,3251.5,43143275,3576.6,2926.4,4322.95,2866.6,3246.5,2,1,3246.4,94,6,3246.3,151,3,3246.2,298,11,3246.1,171,9,3247.5,101,5,3247.6,11,2,3247.8,8,1,3248.0,10,1,3248.1,55,2
11536,2025-12-30 12:21:58+05:30,3246.5,1,3248.95,844957,104373.0,123537.0,3250.0,3257.0,3239.8,3251.5,43143275,3576.6,2926.4,4322.95,2866.6,3246.5,2,1,3246.4,94,6,3246.3,151,3,3246.2,298,11,3246.1,171,9,3247.5,101,5,3247.6,11,2,3247.8,8,1,3248.0,10,1,3248.1,55,2
11536,2025-12-30 12:21:58+05:30,3247.5,1,3248.95,844971,104511.0,122411.0,3250.0,3257.0,3239.8,3251.5,43143275,3576.6,2926.4,4322.95,2866.6,3246.5,10,2,3246.4,332,7,3246.3,91,3,3246.2,313,13,3246.1,159,8,3247.5,93,7,3248.0,10,1,3248.1,55,2,3248.2,59,3,3248.3,37,2
11536,2025-12-30 12:21:59+05:30,3247.4,8,3248.95,844971,104511.0,122411.0,3250.0,3257.0,3239.8,3251.5,43143275,3576.6,2926.4,4322.95,2866.6,3246.5,10,2,3246.4,332,7,3246.3,91,3,3246.2,313,13,3246.1,159,8,3247.5,93,7,3248.0,10,1,3248.1,55,2,3248.2,59,3,3248.3,37,2
11536,2025-12-30 12:21:59+05:30,3247.4,8,3248.95,844984,104690.0,122396.0,3250.0,3257.0,3239.8,3251.5,43143275,3576.6,2926.4,4322.95,2866.6,3246.6,177,3,3246.5,35,3,3246.4,176,6,3246.3,156,6,3246.2,288,9,3247.4,3,1,3247.5,138,10,3248.0,10,1,3248.1,23,1,3248.2,28,1
11536,2025-12-30 12:22:00+05:30,3246.6,2,3248.95,844984,104690.0,122396.0,3250.0,3257.0,3239.8,3251.5,43143275,3576.6,2926.4,4322.95,2866.6,3246.6,177,3,3246.5,35,3,3246.4,176,6,3246.3,156,6,3246.2,288,9,3247.4,3,1,3247.5,138,10,3248.0,10,1,3248.1,23,1,3248.2,28,1
11536,2025-12-30 12:22:00+05:30,3246.6,2,3248.95,844989,104652.0,123811.0,3250.0,3257.0,3239.8,3251.5,43143275,3576.6,2926.4,4322.95,2866.6,3246.6,162,2,3246.5,35,3,3246.4,186,7,3246.3,156,6,3246.2,288,9,3247.4,6,4,3247.5,136,8,3248.0,10,1,3248.1,33,2,3248.2,81,3
11536,2025-12-30 12:22:01+05:30,3246.5,12,3248.95,844989,104652.0,123811.0,3250.0,3257.0,3239.8,3251.5,43143275,3576.6,2926.4,4322.95,2866.6,3246.6,162,2,3246.5,35,3,3246.4,186,7,3246.3,156,6,3246.2,288,9,3247.4,6,4,3247.5,136,8,3248.0,10,1,3248.1,33,2,3248.2,81,3
11536,2025-12-30 12:22:01+05:30,3247.4,1,3248.95,845028,104398.0,123646.0,3250.0,3257.0,3239.8,3251.5,43143275,3576.6,2926.4,4322.95,2866.6,3246.6,46,1,3246.4,193,5,3246.3,195,4,3246.2,244,7,3246.1,145,10,3247.4,6,6,3247.5,132,5,3248.0,74,4,3248.1,23,1,3248.2,81,3
11536,2025-12-30 12:22:02+05:30,3247.5,27,3248.95,845028,104398.0,123646.0,3250.0,3257.0,3239.8,3251.5,43143275,3576.6,2926.4,4322.95,2866.6,3246.6,46,1,3246.4,193,5,3246.3,195,4,3246.2,244,7,3246.1,145,10,3247.4,6,6,3247.5,132,5,3248.0,74,4,3248.1,23,1,3248.2,81,3
11536,2025-12-30 12:22:02+05:30,3247.5,27,3248.95,845167,103285.0,123658.0,3250.0,3257.0,3239.8,3251.5,43143275,3576.6,2926.4,4322.95,2866.6,3246.6,41,2,3246.5,18,1,3246.4,213,7,3246.3,125,4,3246.2,384,11,3247.4,21,3,3247.5,180,2,3247.9,28,1,3248.0,10,1,3248.1,55,2
11536,2025-12-30 12:22:03+05:30,3247.5,27,3248.95,845167,104708.0,123688.0,3250.0,3257.0,3239.8,3251.5,43143275,3576.6,2926.4,4322.95,2866.6,3246.6,50,3,3246.5,18,1,3246.4,218,8,3246.3,135,5,3246.2,392,12,3247.4,21,3,3247.5,180,2,3247.9,28,1,3248.0,10,1,3248.1,55,2
11536,2025-12-30 12:22:04+05:30,3246.6,1,3248.95,845167,104708.0,123688.0,3250.0,3257.0,3239.8,3251.5,43143275,3576.6,2926.4,4322.95,2866.6,3246.6,50,3,3246.5,18,1,3246.4,218,8,3246.3,135,5,3246.2,392,12,3247.4,21,3,3247.5,180,2,3247.9,28,1,3248.0,10,1,3248.1,55,2
11536,2025-12-30 12:22:04+05:30,3246.6,1,3248.95,845208,104523.0,123684.0,3250.0,3257.0,3239.8,3251.5,43143275,3576.6,2926.4,4322.95,2866.6,3246.6,10,1,3246.5,18,1,3246.4,62,7,3246.3,125,4,3246.2,292,10,3247.4,17,2,3247.5,180,2,3247.9,28,1,3248.0,10,1,3248.1,55,2
11536,2025-12-30 12:22:05+05:30,3246.6,1,3248.95,845208,104523.0,123684.0,3250.0,3257.0,3239.8,3251.5,43143275,3576.6,2926.4,4322.95,2866.6,3246.6,10,1,3246.5,18,1,3246.4,62,7,3246.3,125,4,3246.2,292,10,3247.4,17,2,3247.5,180,2,3247.9,28,1,3248.0,10,1,3248.1,55,2
11536,2025-12-30 12:22:05+05:30,3246.4,1,3248.95,845230,104393.0,123492.0,3250.0,3257.0,3239.8,3251.5,43143275,3576.6,2926.4,4322.95,2866.6,3246.4,39,6,3246.3,103,3,3246.2,271,9,3246.1,276,11,3246.0,362,13,3247.4,16,3,3247.5,180,2,3247.9,28,1,3248.0,10,1,3248.1,65,3
11536,2025-12-30 12:22:06+05:30,3246.4,5,3248.95,845230,104393.0,123492.0,3250.0,3257.0,3239.8,3251.5,43143275,3576.6,2926.4,4322.95,2866.6,3246.4,39,6,3246.3,103,3,3246.2,271,9,3246.1,276,11,3246.0,362,13,3247.4,16,3,3247.5,180,2,3247.9,28,1,3248.0,10,1,3248.1,65,3
11536,2025-12-30 12:22:06+05:30,3246.4,1,3248.95,845342,104407.0,121019.0,3250.0,3257.0,3239.8,3251.5,43143275,3576.6,2926.4,4322.95,2866.6,3246.4,30,4,3246.3,71,2,3246.2,271,9,3246.1,184,10,3246.0,387,14,3247.3,12,3,3247.4,16,4,3247.5,180,2,3247.7,7,1,3247.8,28,1
11536,2025-12-30 12:22:07+05:30,3246.4,1,3248.95,845342,104407.0,121019.0,3250.0,3257.0,3239.8,3251.5,43143275,3576.6,2926.4,4322.95,2866.6,3246.4,30,4,3246.3,71,2,3246.2,271,9,3246.1,184,10,3246.0,387,14,3247.3,12,3,3247.4,16,4,3247.5,180,2,3247.7,7,1,3247.8,28,1
11536,2025-12-30 12:22:07+05:30,3246.4,6,3248.95,845448,104092.0,121120.0,3250.0,3257.0,3239.8,3251.5,43143275,3576.6,2926.4,4322.95,2866.6,3246.4,22,4,3246.3,28,1,3246.2,337,9,3246.1,164,9,3246.0,387,14,3247.3,5,3,3247.4,43,4,3247.5,180,2,3247.7,7,1,3248.0,27,3
11536,2025-12-30 12:22:08+05:30,3246.4,1,3248.95,845448,104092.0,121120.0,3250.0,3257.0,3239.8,3251.5,43143275,3576.6,2926.4,4322.95,2866.6,3246.4,22,4,3246.3,28,1,3246.2,337,9,3246.1,164,9,3246.0,387,14,3247.3,5,3,3247.4,43,4,3247.5,180,2,3247.7,7,1,3248.0,27,3
11536,2025-12-30 12:22:08+05:30,3246.4,1,3248.95,845481,104096.0,123847.0,3250.0,3257.0,3239.8,3251.5,43143275,3576.6,2926.4,4322.95,2866.6,3246.4,26,4,3246.3,28,1,3246.2,337,9,3246.1,164,9,3246.0,387,14,3247.3,53,9,3247.4,1,1,3247.5,180,2,3247.7,7,1,3248.0,27,3
11536,2025-12-30 12:22:09+05:30,3246.5,13,3248.95,845481,104096.0,123847.0,3250.0,3257.0,3239.8,3251.5,43143275,3576.6,2926.4,4322.95,2866.6,3246.4,26,4,3246.3,28,1,3246.2,337,9,3246.1,164,9,3246.0,387,14,3247.3,53,9,3247.4,1,1,3247.5,180,2,3247.7,7,1,3248.0,27,3
11536,2025-12-30 12:22:09+05:30,3247.3,1,3248.95,845540,104064.0,124002.0,3250.0,3257.0,3239.8,3251.5,43143275,3576.6,2926.4,4322.95,2866.6,3246.5,10,1,3246.4,9,3,3246.3,28,1,3246.2,245,8,3246.1,256,10,3247.3,12,8,3247.5,180,2,3247.8,11,1,3247.9,60,2,3248.0,48,4
11536,2025-12-30 12:22:10+05:30,3246.4,1,3248.95,845540,104064.0,124002.0,3250.0,3257.0,3239.8,3251.5,43143275,3576.6,2926.4,4322.95,2866.6,3246.5,10,1,3246.4,9,3,3246.3,28,1,3246.2,245,8,3246.1,256,10,3247.3,12,8,3247.5,180,2,3247.8,11,1,3247.9,60,2,3248.0,48,4
11536,2025-12-30 12:22:10+05:30,3246.4,1,3248.95,845564,103745.0,125357.0,3250.0,3257.0,3239.8,3251.5,43143275,3576.6,2926.4,4322.95,2866.6,3246.4,14,3,3246.3,56,3,3246.2,111,8,3246.1,125,8,3246.0,126,10,3246.5,9,6,3247.3,9,7,3247.4,28,1,3247.5,180,2,3247.7,11,1
11536,2025-12-30 12:22:11+05:30,3246.4,1,3248.95,845564,103745.0,125357.0,3250.0,3257.0,3239.8,3251.5,43143275,3576.6,2926.4,4322.95,2866.6,3246.4,14,3,3246.3,56,3,3246.2,111,8,3246.1,125,8,3246.0,126,10,3246.5,9,6,3247.3,9,7,3247.4,28,1,3247.5,180,2,3247.7,11,1
11536,2025-12-30 12:22:11+05:30,3246.4,1,3248.95,845580,103557.0,125321.0,3250.0,3257.0,3239.8,3251.5,43143275,3576.6,2926.4,4322.95,2866.6,3246.3,8,1,3246.2,69,6,3246.1,141,8,3246.0,138,9,3245.9,152,3,3246.4,3,3,3246.5,10,7,3247.3,5,4,3247.4,28,1,3247.5,180,2
11536,2025-12-30 12:22:12+05:30,3246.3,1,3248.95,845580,103557.0,125321.0,3250.0,3257.0,3239.8,3251.5,43143275,3576.6,2926.4,4322.95,2866.6,3246.3,8,1,3246.2,69,6,3246.1,141,8,3246.0,138,9,3245.9,152,3,3246.4,3,3,3246.5,10,7,3247.3,5,4,3247.4,28,1,3247.5,180,2
11536,2025-12-30 12:22:12+05:30,3246.3,1,3248.95,845619,103355.0,125279.0,3250.0,3257.0,3239.8,3251.5,43143275,3576.6,2926.4,4322.95,2866.6,3246.3,6,1,3246.2,59,5,3246.1,151,9,3246.0,138,9,3245.9,152,3,3246.4,7,6,3246.5,4,4,3247.3,1,1,3247.4,28,1,3247.5,180,2
11536,2025-12-30 12:22:13+05:30,3247.4,3,3248.95,845619,103355.0,125279.0,3250.0,3257.0,3239.8,3251.5,43143275,3576.6,2926.4,4322.95,2866.6,3246.3,6,1,3246.2,59,5,3246.1,151,9,3246.0,138,9,3245.9,152,3,3246.4,7,6,3246.5,4,4,3247.3,1,1,3247.4,28,1,3247.5,180,2
11536,2025-12-30 12:22:13+05:30,3247.4,3,3248.95,845664,103570.0,125414.0,3250.0,3257.0,3239.8,3251.5,43143275,3576.6,2926.4,4322.95,2866.6,3246.2,244,9,3246.1,203,9,3246.0,269,9,3245.9,43,2,3245.8,92,8,3246.3,2,2,3247.2,30,2,3247.5,175,1,3247.6,21,1,3247.8,64,3
11536,2025-12-30 12:22:14+05:30,3246.2,1,3248.95,845665,103264.0,125414.0,3250.0,3257.0,3239.8,3251.5,43143275,3576.6,2926.4,4322.95,2866.6,3246.2,87,8,3246.1,111,8,3246.0,205,9,3245.9,43,2,3245.8,120,9,3246.3,2,2,3247.2,30,2,3247.5,175,1,3247.6,21,1,3247.8,64,3
11536,2025-12-30 12:22:15+05:30,3246.3,6,3248.95,845665,103264.0,125414.0,3250.0,3257.0,3239.8,3251.5,43143275,3576.6,2926.4,4322.95,2866.6,3246.2,87,8,3246.1,111,8,3246.0,205,9,3245.9,43,2,3245.8,120,9,3246.3,2,2,3247.2,30,2,3247.5,175,1,3247.6,21,1,3247.8,64,3
11536,2025-12-30 12:22:15+05:30,3246.3,6,3248.95,845687,103489.0,124043.0,3250.0,3257.0,3239.8,3251.5,43143275,3576.6,2926.4,4322.95,2866.6,3246.3,9,2,3246.2,320,10,3246.1,104,7,3246.0,294,10,3245.9,165,3,3247.4,30,3,3247.5,175,1,3247.8,32,1,3247.9,10,1,3248.0,31,2
11536,2025-12-30 12:22:16+05:30,3247.4,1,3248.95,845688,103623.0,124040.0,3250.0,3257.0,3239.8,3251.5,43143275,3576.6,2926.4,4322.95,2866.6,3246.3,19,3,3246.2,322,11,3246.1,111,8,3246.0,337,11,3245.9,203,5,3247.4,60,4,3247.5,175,1,3247.8,10,1,3248.0,31,2,3248.1,65,3
11536,2025-12-30 12:22:17+05:30,3246.3,2,3248.95,845688,103623.0,124040.0,3250.0,3257.0,3239.8,3251.5,43143275,3576.6,2926.4,4322.95,2866.6,3246.3,19,3,3246.2,322,11,3246.1,111,8,3246.0,337,11,3245.9,203,5,3247.4,60,4,3247.5,175,1,3247.8,10,1,3248.0,31,2,3248.1,65,3
11536,2025-12-30 12:22:17+05:30,3246.3,2,3248.95,845751,103728.0,125337.0,3250.0,3257.0,3239.8,3251.5,43143275,3576.6,2926.4,4322.95,2866.6,3246.2,279,12,3246.1,196,8,3246.0,278,10,3245.9,49,3,3245.8,242,8,3246.3,9,2,3247.4,32,2,3247.5,175,1,3247.8,53,2,3248.0,31,2
11536,2025-12-30 12:22:18+05:30,3246.2,3,3248.95,845751,103728.0,125337.0,3250.0,3257.0,3239.8,3251.5,43143275,3576.6,2926.4,4322.95,2866.6,3246.2,279,12,3246.1,196,8,3246.0,278,10,3245.9,49,3,3245.8,242,8,3246.3,9,2,3247.4,32,2,3247.5,175,1,3247.8,53,2,3248.0,31,2
11536,2025-12-30 12:22:18+05:30,3246.3,1,3248.95,845756,103315.0,125411.0,3250.0,3257.0,3239.8,3251.5,43143275,3576.6,2926.4,4322.95,2866.6,3246.2,146,12,3246.1,104,7,3246.0,145,10,3245.9,49,3,3245.8,178,8,3246.3,12,5,3247.4,31,1,3247.5,175,1,3247.6,21,1,3247.8,53,2
11536,2025-12-30 12:22:19+05:30,3246.2,6,3248.95,845756,103315.0,125411.0,3250.0,3257.0,3239.8,3251.5,43143275,3576.6,2926.4,4322.95,2866.6,3246.2,146,12,3246.1,104,7,3246.0,145,10,3245.9,49,3,3245.8,178,8,3246.3,12,5,3247.4,31,1,3247.5,175,1,3247.6,21,1,3247.8,53,2
11536,2025-12-30 12:22:19+05:30,3246.2,6,3248.95,845778,103265.0,125296.0,3250.0,3257.0,3239.8,3251.5,43143275,3576.6,2926.4,4322.95,2866.6,3246.2,120,11,3246.1,108,8,3246.0,145,10,3245.9,21,2,3245.8,178,8,3246.3,5,4,3247.4,31,1,3247.5,175,1,3247.6,21,1,3247.8,53,2
11536,2025-12-30 12:22:20+05:30,3246.2,1,3248.95,845778,103265.0,125296.0,3250.0,3257.0,3239.8,3251.5,43143275,3576.6,2926.4,4322.95,2866.6,3246.2,120,11,3246.1,108,8,3246.0,145,10,3245.9,21,2,3245.8,178,8,3246.3,5,4,3247.4,31,1,3247.5,175,1,3247.6,21,1,3247.8,53,2
11536,2025-12-30 12:22:20+05:30,3246.2,1,3248.95,845798,103233.0,125225.0,3250.0,3257.0,3239.8,3251.5,43143275,3576.6,2926.4,4322.95,2866.6,3246.2,86,9,3246.1,108,8,3246.0,122,9,3245.9,21,2,3245.8,178,8,3246.3,6,6,3247.4,31,1,3247.5,175,1,3247.6,21,1,3247.8,53,2
11536,2025-12-30 12:22:21+05:30,3246.3,1,3248.95,845798,103233.0,125225.0,3250.0,3257.0,3239.8,3251.5,43143275,3576.6,2926.4,4322.95,2866.6,3246.2,86,9,3246.1,108,8,3246.0,122,9,3245.9,21,2,3245.8,178,8,3246.3,6,6,3247.4,31,1,3247.5,175,1,3247.6,21,1,3247.8,53,2
11536,2025-12-30 12:22:21+05:30,3246.3,1,3248.95,845817,103443.0,125225.0,3250.0,3257.0,3239.8,3251.5,43143275,3576.6,2926.4,4322.95,2866.6,3246.2,87,10,3246.1,104,7,3246.0,278,10,3245.9,136,4,3245.8,143,9,3246.3,6,6,3247.4,31,1,3247.5,175,1,3247.6,21,1,3247.8,53,2
11536,2025-12-30 12:22:22+05:30,3246.2,4,3248.95,845817,103443.0,125225.0,3250.0,3257.0,3239.8,3251.5,43143275,3576.6,2926.4,4322.95,2866.6,3246.2,87,10,3246.1,104,7,3246.0,278,10,3245.9,136,4,3245.8,143,9,3246.3,6,6,3247.4,31,1,3247.5,175,1,3247.6,21,1,3247.8,53,2
11536,2025-12-30 12:22:22+05:30,3246.2,4,3248.95,845828,103256.0,125216.0,3250.0,3257.0,3239.8,3251.5,43143275,3576.6,2926.4,4322.95,2866.6,3246.2,86,10,3246.1,104,7,3246.0,122,9,3245.9,44,3,3245.8,205,9,3246.3,6,6,3247.4,31,1,3247.5,175,1,3247.6,21,1,3247.8,53,2
11536,2025-12-30 12:22:23+05:30,3246.3,1,3248.95,845828,103256.0,125216.0,3250.0,3257.0,3239.8,3251.5,43143275,3576.6,2926.4,4322.95,2866.6,3246.2,86,10,3246.1,104,7,3246.0,122,9,3245.9,44,3,3245.8,205,9,3246.3,6,6,3247.4,31,1,3247.5,175,1,3247.6,21,1,3247.8,53,2
11536,2025-12-30 12:22:23+05:30,3246.3,1,3248.95,845848,103408.0,124029.0,3250.0,3257.0,3239.8,3251.5,43143275,3576.6,2926.4,4322.95,2866.6,3246.3,4,1,3246.2,201,7,3246.1,179,7,3246.0,271,9,3245.9,169,4,3247.4,33,3,3247.5,202,2,3247.7,10,1,3248.0,41,3,3248.1,61,3
11536,2025-12-30 12:22:24+05:30,3246.3,1,3248.95,845848,103408.0,124029.0,3250.0,3257.0,3239.8,3251.5,43143275,3576.6,2926.4,4322.95,2866.6,3246.3,4,1,3246.2,201,7,3246.1,179,7,3246.0,271,9,3245.9,169,4,3247.4,33,3,3247.5,202,2,3247.7,10,1,3248.0,41,3,3248.1,61,3
11536,2025-12-30 12:22:24+05:30,3246.3,1,3248.95,845859,103573.0,124053.0,3250.0,3257.0,3239.8,3251.5,43143275,3576.6,2926.4,4322.95,2866.6,3246.3,7,2,3246.2,293,8,3246.1,105,8,3246.0,314,10,3245.9,169,4,3247.4,25,5,3247.5,202,2,3248.0,41,3,3248.1,61,3,3248.2,61,4
11536,2025-12-30 12:22:25+05:30,3247.4,1,3248.95,845859,103573.0,124053.0,3250.0,3257.0,3239.8,3251.5,43143275,3576.6,2926.4,4322.95,2866.6,3246.3,7,2,3246.2,293,8,3246.1,105,8,3246.0,314,10,3245.9,169,4,3247.4,25,5,3247.5,202,2,3248.0,41,3,3248.1,61,3,3248.2,61,4
11536,2025-12-30 12:22:25+05:30,3247.5,1,3248.95,845897,104414.0,123921.0,3250.0,3257.0,3239.8,3251.5,43143275,3576.6,2926.4,4322.95,2866.6,3246.9,3,1,3246.5,2,1,3246.4,251,4,3246.3,148,3,3246.2,281,9,3247.5,204,4,3248.0,19,2,3248.1,61,3,3248.2,28,1,3248.3,31,1
11536,2025-12-30 12:22:26+05:30,3247.5,117,3248.95,845897,104414.0,123921.0,3250.0,3257.0,3239.8,3251.5,43143275,3576.6,2926.4,4322.95,2866.6,3246.9,3,1,3246.5,2,1,3246.4,251,4,3246.3,148,3,3246.2,281,9,3247.5,204,4,3248.0,19,2,3248.1,61,3,3248.2,28,1,3248.3,31,1
11536,2025-12-30 12:22:26+05:30,3247.5,117,3248.95,846015,104385.0,123777.0,3250.0,3257.0,3239.8,3251.5,43143275,3576.6,2926.4,4322.95,2866.6,3246.9,2,1,3246.6,2,1,3246.5,16,1,3246.4,343,5,3246.3,61,3,3247.5,81,7,3248.0,10,1,3248.1,50,2,3248.2,28,1,3248.3,41,2
11536,2025-12-30 12:22:27+05:30,3246.9,17,3248.95,846015,104385.0,123777.0,3250.0,3257.0,3239.8,3251.5,43143275,3576.6,2926.4,4322.95,2866.6,3246.9,2,1,3246.6,2,1,3246.5,16,1,3246.4,343,5,3246.3,61,3,3247.5,81,7,3248.0,10,1,3248.1,50,2,3248.2,28,1,3248.3,41,2
11536,2025-12-30 12:22:27+05:30,3246.6,1,3248.95,846047,104003.0,123850.0,3250.0,3257.0,3239.8,3251.5,43143275,3576.6,2926.4,4322.95,2866.6,3246.6,1,1,3246.5,16,1,3246.4,32,1,3246.3,18,2,3246.2,47,7,3246.9,9,2,3247.5,79,6,3247.9,37,2,3248.0,37,3,3248.1,55,2
11536,2025-12-30 12:22:28+05:30,3246.2,1,3248.95,846047,104003.0,123850.0,3250.0,3257.0,3239.8,3251.5,43143275,3576.6,2926.4,4322.95,2866.6,3246.6,1,1,3246.5,16,1,3246.4,32,1,3246.3,18,2,3246.2,47,7,3246.9,9,2,3247.5,79,6,3247.9,37,2,3248.0,37,3,3248.1,55,2
11536,2025-12-30 12:22:28+05:30,3246.2,1,3248.95,846067,103367.0,125266.0,3250.0,3257.0,3239.8,3251.5,43143275,3576.6,2926.4,4322.95,2866.6,3246.2,46,7,3246.1,178,10,3246.0,94,7,3245.9,252,6,3245.8,140,8,3246.5,2,2,3246.6,4,1,3246.9,13,6,3247.5,74,4,3247.8,21,1
11536,2025-12-30 12:22:29+05:30,3248.4,13,3248.95,846067,103367.0,125266.0,3250.0,3257.0,3239.8,3251.5,43143275,3576.6,2926.4,4322.95,2866.6,3246.2,46,7,3246.1,178,10,3246.0,94,7,3245.9,252,6,3245.8,140,8,3246.5,2,2,3246.6,4,1,3246.9,13,6,3247.5,74,4,3247.8,21,1
11536,2025-12-30 12:22:29+05:30,3246.6,12,3248.95,846643,104258.0,123250.0,3250.0,3257.0,3239.8,3251.5,43143275,3576.6,2926.4,4322.95,2866.6,3246.6,2,1,3246.4,317,6,3246.3,133,5,3246.2,299,10,3246.1,568,12,3247.7,27,1,3247.8,34,2,3247.9,175,1,3248.1,11,1,3248.4,30,2
11536,2025-12-30 12:22:30+05:30,3246.6,1,3248.95,846643,104258.0,123250.0,3250.0,3257.0,3239.8,3251.5,43143275,3576.6,2926.4,4322.95,2866.6,3246.6,2,1,3246.4,317,6,3246.3,133,5,3246.2,299,10,3246.1,568,12,3247.7,27,1,3247.8,34,2,3247.9,175,1,3248.1,11,1,3248.4,30,2
11536,2025-12-30 12:22:30+05:30,3246.6,1,3248.95,846644,104523.0,123222.0,3250.0,3257.0,3239.8,3251.5,43143275,3576.6,2926.4,4322.95,2866.6,3246.6,6,2,3246.4,328,7,3246.3,133,5,3246.2,668,12,3246.1,211,12,3247.6,27,1,3247.7,24,2,3247.8,34,2,3248.1,11,1,3248.2,182,2
11536,2025-12-30 12:22:31+05:30,3246.6,1,3248.95,846644,104565.0,123259.0,3250.0,3257.0,3239.8,3251.5,43143275,3576.6,2926.4,4322.95,2866.6,3246.6,55,3,3246.4,236,6,3246.3,225,6,3246.2,310,11,3246.1,580,14,3247.6,27,1,3247.7,24,2,3247.8,23,1,3248.0,175,1,3248.2,18,2
11536,2025-12-30 12:22:32+05:30,3246.6,6,3248.95,846644,104565.0,123259.0,3250.0,3257.0,3239.8,3251.5,43143275,3576.6,2926.4,4322.95,2866.6,3246.6,55,3,3246.4,236,6,3246.3,225,6,3246.2,310,11,3246.1,580,14,3247.6,27,1,3247.7,24,2,3247.8,23,1,3248.0,175,1,3248.2,18,2
11536,2025-12-30 12:22:32+05:30,3246.6,6,3248.95,846795,104527.0,123360.0,3250.0,3257.0,3239.8,3251.5,43143275,3576.6,2926.4,4322.95,2866.6,3246.6,2,1,3246.5,124,3,3246.4,202,3,3246.3,484,6,3246.2,302,10,3247.7,17,3,3247.8,28,1,3247.9,11,1,3248.1,9,1,3248.2,175,1
11536,2025-12-30 12:22:33+05:30,3247.7,2,3248.95,846795,104527.0,123360.0,3250.0,3257.0,3239.8,3251.5,43143275,3576.6,2926.4,4322.95,2866.6,3246.6,2,1,3246.5,124,3,3246.4,202,3,3246.3,484,6,3246.2,302,10,3247.7,17,3,3247.8,28,1,3247.9,11,1,3248.1,9,1,3248.2,175,1
11536,2025-12-30 12:22:33+05:30,3247.7,2,3248.95,846884,104535.0,123427.0,3250.0,3257.0,3239.8,3251.5,43143275,3576.6,2926.4,4322.95,2866.6,3246.5,48,3,3246.4,286,5,3246.3,138,7,3246.2,660,11,3246.1,190,11,3247.7,46,6,3247.8,28,1,3247.9,11,1,3248.1,9,1,3248.2,175,1
11536,2025-12-30 12:22:34+05:30,3246.5,25,3248.95,846884,104535.0,123427.0,3250.0,3257.0,3239.8,3251.5,43143275,3576.6,2926.4,4322.95,2866.6,3246.5,48,3,3246.4,286,5,3246.3,138,7,3246.2,660,11,3246.1,190,11,3247.7,46,6,3247.8,28,1,3247.9,11,1,3248.1,9,1,3248.2,175,1
11536,2025-12-30 12:22:34+05:30,3246.5,25,3248.95,846927,104484.0,123399.0,3250.0,3257.0,3239.8,3251.5,43143275,3576.6,2926.4,4322.95,2866.6,3246.5,23,3,3246.4,276,4,3246.3,138,7,3246.2,302,10,3246.1,548,12,3247.7,18,4,3247.8,28,1,3247.9,11,1,3248.1,184,2,3248.4,51,3
11536,2025-12-30 12:22:35+05:30,3246.5,6,3248.95,846927,104484.0,123399.0,3250.0,3257.0,3239.8,3251.5,43143275,3576.6,2926.4,4322.95,2866.6,3246.5,23,3,3246.4,276,4,3246.3,138,7,3246.2,302,10,3246.1,548,12,3247.7,18,4,3247.8,28,1,3247.9,11,1,3248.1,184,2,3248.4,51,3
11536,2025-12-30 12:22:35+05:30,3247.6,1,3248.95,846979,104565.0,123385.0,3250.0,3257.0,3239.8,3251.5,43143275,3576.6,2926.4,4322.95,2866.6,3246.5,14,2,3246.4,187,4,3246.3,233,9,3246.2,302,10,3246.1,548,12,3247.6,27,1,3247.7,41,6,3247.9,11,1,3248.1,184,2,3248.3,7,1
11536,2025-12-30 12:22:35+05:30,3246.5,1,3248.95,846992,104520.0,123386.0,3250.0,3257.0,3239.8,3251.5,43143275,3576.6,2926.4,4322.95,2866.6,3246.5,19,2,3246.4,187,4,3246.3,222,8,3246.2,302,10,3246.1,548,12,3247.6,30,3,3247.7,39,5,3247.9,11,1,3248.1,184,2,3248.3,7,1
11536,2025-12-30 12:22:36+05:30,3246.5,1,3248.95,846992,104520.0,123386.0,3250.0,3257.0,3239.8,3251.5,43143275,3576.6,2926.4,4322.95,2866.6,3246.5,19,2,3246.4,187,4,3246.3,222,8,3246.2,302,10,3246.1,548,12,3247.6,30,3,3247.7,39,5,3247.9,11,1,3248.1,184,2,3248.3,7,1
11536,2025-12-30 12:22:36+05:30,3246.5,3,3248.95,847085,104149.0,123244.0,3250.0,3257.0,3239.8,3251.5,43143275,3576.6,2926.4,4322.95,2866.6,3246.4,13,2,3246.3,4,2,3246.2,554,7,3246.1,282,12,3246.0,379,12,3247.4,29,2,3247.5,2,2,3247.6,39,5,3247.7,27,3,3248.0,2,1
11536,2025-12-30 12:22:37+05:30,3246.5,3,3248.95,847085,104149.0,123244.0,3250.0,3257.0,3239.8,3251.5,43143275,3576.6,2926.4,4322.95,2866.6,3246.4,13,2,3246.3,4,2,3246.2,554,7,3246.1,282,12,3246.0,379,12,3247.4,29,2,3247.5,2,2,3247.6,39,5,3247.7,27,3,3248.0,2,1
11536,2025-12-30 12:22:37+05:30,3246.4,1,3248.95,847107,104152.0,123230.0,3250.0,3257.0,3239.8,3251.5,43143275,3576.6,2926.4,4322.95,2866.6,3246.4,5,3,3246.3,18,3,3246.2,288,7,3246.1,548,12,3246.0,401,13,3247.4,37,7,3247.5,2,2,3247.6,37,4,3248.0,2,1,3248.1,186,2
11536,2025-12-30 12:22:38+05:30,3246.4,3,3248.95,847107,104152.0,123230.0,3250.0,3257.0,3239.8,3251.5,43143275,3576.6,2926.4,4322.95,2866.6,3246.4,5,3,3246.3,18,3,3246.2,288,7,3246.1,548,12,3246.0,401,13,3247.4,37,7,3247.5,2,2,3247.6,37,4,3248.0,2,1,3248.1,186,2
11536,2025-12-30 12:22:39+05:30,3246.4,9,3248.95,847107,104152.0,123230.0,3250.0,3257.0,3239.8,3251.5,43143275,3576.6,2926.4,4322.95,2866.6,3246.4,5,3,3246.3,18,3,3246.2,288,7,3246.1,548,12,3246.0,401,13,3247.4,37,7,3247.5,2,2,3247.6,37,4,3248.0,2,1,3248.1,186,2
11536,2025-12-30 12:22:39+05:30,3246.4,9,3248.94,847149,104178.0,123048.0,3250.0,3257.0,3239.8,3251.5,43143275,3576.6,2926.4,4322.95,2866.6,3246.4,5,3,3246.3,46,5,3246.2,196,6,3246.1,293,13,3246.0,744,13,3247.4,36,8,3247.5,6,2,3247.6,34,1,3248.0,2,1,3248.1,186,2
11536,2025-12-30 12:22:40+05:30,3246.4,2,3248.94,847149,104178.0,123048.0,3250.0,3257.0,3239.8,3251.5,43143275,3576.6,2926.4,4322.95,2866.6,3246.4,5,3,3246.3,46,5,3246.2,196,6,3246.1,293,13,3246.0,744,13,3247.4,36,8,3247.5,6,2,3247.6,34,1,3248.0,2,1,3248.1,186,2
11536,2025-12-30 12:22:40+05:30,3246.4,2,3248.94,847203,104124.0,123059.0,3250.0,3257.0,3239.8,3251.5,43143275,3576.6,2926.4,4322.95,2866.6,3246.4,12,3,3246.3,30,5,3246.2,196,6,3246.1,190,11,3246.0,811,13,3247.4,8,7,3247.5,5,1,3247.6,34,1,3247.9,28,1,3248.0,2,1
11536,2025-12-30 12:22:41+05:30,3246.4,1,3248.94,847203,104124.0,123059.0,3250.0,3257.0,3239.8,3251.5,43143275,3576.6,2926.4,4322.95,2866.6,3246.4,12,3,3246.3,30,5,3246.2,196,6,3246.1,190,11,3246.0,811,13,3247.4,8,7,3247.5,5,1,3247.6,34,1,3247.9,28,1,3248.0,2,1
11536,2025-12-30 12:22:41+05:30,3246.4,1,3248.94,847209,104121.0,122888.0,3250.0,3257.0,3239.8,3251.5,43143275,3576.6,2926.4,4322.95,2866.6,3246.4,19,3,3246.3,20,4,3246.2,196,6,3246.1,190,11,3246.0,811,13,3247.4,9,8,3247.5,34,2,3247.6,34,1,3247.9,11,1,3248.0,2,1
11536,2025-12-30 12:22:42+05:30,3246.4,6,3248.94,847209,104121.0,122888.0,3250.0,3257.0,3239.8,3251.5,43143275,3576.6,2926.4,4322.95,2866.6,3246.4,19,3,3246.3,20,4,3246.2,196,6,3246.1,190,11,3246.0,811,13,3247.4,9,8,3247.5,34,2,3247.6,34,1,3247.9,11,1,3248.0,2,1
11536,2025-12-30 12:22:42+05:30,3246.4,6,3248.94,847234,104021.0,122887.0,3250.0,3257.0,3239.8,3251.5,43143275,3576.6,2926.4,4322.95,2866.6,3246.4,17,3,3246.3,20,4,3246.2,196,6,3246.1,190,11,3246.0,811,13,3247.4,8,8,3247.5,34,2,3247.6,34,1,3247.9,11,1,3248.0,2,1
11536,2025-12-30 12:22:42+05:30,3247.4,1,3248.94,847246,104000.0,122915.0,3250.0,3257.0,3239.8,3251.5,43143275,3576.6,2926.4,4322.95,2866.6,3246.5,10,1,3246.4,13,2,3246.3,20,4,3246.2,196,6,3246.1,640,13,3247.4,6,6,3247.5,34,2,3247.6,34,1,3247.8,11,1,3248.0,2,1
11536,2025-12-30 12:22:43+05:30,3246.5,1,3248.94,847246,104000.0,122915.0,3250.0,3257.0,3239.8,3251.5,43143275,3576.6,2926.4,4322.95,2866.6,3246.5,10,1,3246.4,13,2,3246.3,20,4,3246.2,196,6,3246.1,640,13,3247.4,6,6,3247.5,34,2,3247.6,34,1,3247.8,11,1,3248.0,2,1
11536,2025-12-30 12:22:43+05:30,3246.5,3,3248.94,847260,104059.0,121856.0,3250.0,3257.0,3239.8,3251.5,43143275,3576.6,2926.4,4322.95,2866.6,3246.5,7,1,3246.4,13,2,3246.3,4,2,3246.2,217,7,3246.1,574,13,3247.4,6,6,3247.5,5,1,3247.6,63,2,3247.8,11,1,3247.9,3,1
11536,2025-12-30 12:22:44+05:30,3246.5,3,3248.94,847260,104059.0,121856.0,3250.0,3257.0,3239.8,3251.5,43143275,3576.6,2926.4,4322.95,2866.6,3246.5,7,1,3246.4,13,2,3246.3,4,2,3246.2,217,7,3246.1,574,13,3247.4,6,6,3247.5,5,1,3247.6,63,2,3247.8,11,1,3247.9,3,1
11536,2025-12-30 12:22:45+05:30,3247.4,1,3248.94,847260,104059.0,121856.0,3250.0,3257.0,3239.8,3251.5,43143275,3576.6,2926.4,4322.95,2866.6,3246.5,7,1,3246.4,13,2,3246.3,4,2,3246.2,217,7,3246.1,574,13,3247.4,6,6,3247.5,5,1,3247.6,63,2,3247.8,11,1,3247.9,3,1
11536,2025-12-30 12:22:45+05:30,3247.4,1,3248.94,847268,104270.0,122824.0,3250.0,3257.0,3239.8,3251.5,43143275,3576.6,2926.4,4322.95,2866.6,3246.9,2,1,3246.4,13,2,3246.3,47,3,3246.2,239,7,3246.1,308,13,3247.4,5,5,3247.5,5,1,3247.6,63,2,3247.8,11,1,3247.9,3,1
11536,2025-12-30 12:22:46+05:30,3246.9,1,3248.94,847268,104270.0,122824.0,3250.0,3257.0,3239.8,3251.5,43143275,3576.6,2926.4,4322.95,2866.6,3246.9,2,1,3246.4,13,2,3246.3,47,3,3246.2,239,7,3246.1,308,13,3247.4,5,5,3247.5,5,1,3247.6,63,2,3247.8,11,1,3247.9,3,1
11536,2025-12-30 12:22:46+05:30,3246.9,1,3248.94,847275,104413.0,122831.0,3250.0,3257.0,3239.8,3251.5,43143275,3576.6,2926.4,4322.95,2866.6,3246.9,5,1,3246.4,13,2,3246.3,196,4,3246.2,239,7,3246.1,310,14,3247.4,4,4,3247.5,5,1,3247.6,63,2,3247.7,11,1,3247.9,3,1
11536,2025-12-30 12:22:47+05:30,3246.9,54,3248.94,847275,104413.0,122831.0,3250.0,3257.0,3239.8,3251.5,43143275,3576.6,2926.4,4322.95,2866.6,3246.9,5,1,3246.4,13,2,3246.3,196,4,3246.2,239,7,3246.1,310,14,3247.4,4,4,3247.5,5,1,3247.6,63,2,3247.7,11,1,3247.9,3,1
11536,2025-12-30 12:22:47+05:30,3246.9,54,3248.94,847332,104001.0,122922.0,3250.0,3257.0,3239.8,3251.5,43143275,3576.6,2926.4,4322.95,2866.6,3246.4,28,3,3246.3,23,3,3246.2,175,5,3246.1,276,14,3246.0,348,12,3246.9,8,1,3247.4,6,6,3247.5,5,1,3247.6,63,2,3247.9,3,1
11536,2025-12-30 12:22:48+05:30,3246.4,1,3248.94,847332,104001.0,122922.0,3250.0,3257.0,3239.8,3251.5,43143275,3576.6,2926.4,4322.95,2866.6,3246.4,28,3,3246.3,23,3,3246.2,175,5,3246.1,276,14,3246.0,348,12,3246.9,8,1,3247.4,6,6,3247.5,5,1,3247.6,63,2,3247.9,3,1
11536,2025-12-30 12:22:48+05:30,3246.4,1,3248.94,847335,103899.0,122947.0,3250.0,3257.0,3239.8,3251.5,43143275,3576.6,2926.4,4322.95,2866.6,3246.4,75,5,3246.3,23,3,3246.2,19,4,3246.1,184,13,3246.0,440,13,3246.9,63,6,3247.4,4,4,3247.5,5,1,3247.6,29,1,3247.9,3,1
11536,2025-12-30 12:22:49+05:30,3246.4,16,3248.94,847335,103899.0,122947.0,3250.0,3257.0,3239.8,3251.5,43143275,3576.6,2926.4,4322.95,2866.6,3246.4,75,5,3246.3,23,3,3246.2,19,4,3246.1,184,13,3246.0,440,13,3246.9,63,6,3247.4,4,4,3247.5,5,1,3247.6,29,1,3247.9,3,1
11536,2025-12-30 12:22:49+05:30,3246.4,16,3248.94,847361,103869.0,123545.0,3250.0,3257.0,3239.8,3251.5,43143275,3576.6,2926.4,4322.95,2866.6,3246.4,38,4,3246.3,4,2,3246.2,39,5,3246.1,155,12,3246.0,465,14,3246.9,57,7,3247.4,1,1,3247.5,5,1,3247.6,29,1,3247.9,3,1
11536,2025-12-30 12:22:50+05:30,3246.9,3,3248.94,847361,103869.0,123545.0,3250.0,3257.0,3239.8,3251.5,43143275,3576.6,2926.4,4322.95,2866.6,3246.4,38,4,3246.3,4,2,3246.2,39,5,3246.1,155,12,3246.0,465,14,3246.9,57,7,3247.4,1,1,3247.5,5,1,3247.6,29,1,3247.9,3,1
11536,2025-12-30 12:22:50+05:30,3246.9,3,3248.94,847400,104136.0,123809.0,3250.0,3257.0,3239.8,3251.5,43143275,3576.6,2926.4,4322.95,2866.6,3246.4,26,5,3246.3,49,5,3246.2,254,8,3246.1,213,11,3246.0,387,14,3246.9,39,9,3247.5,5,1,3247.9,3,1,3248.0,34,3,3248.1,27,1
11536,2025-12-30 12:22:51+05:30,3246.4,1,3248.94,847400,104136.0,123809.0,3250.0,3257.0,3239.8,3251.5,43143275,3576.6,2926.4,4322.95,2866.6,3246.4,26,5,3246.3,49,5,3246.2,254,8,3246.1,213,11,3246.0,387,14,3246.9,39,9,3247.5,5,1,3247.9,3,1,3248.0,34,3,3248.1,27,1
11536,2025-12-30 12:22:51+05:30,3246.4,7,3248.94,847416,103997.0,123802.0,3250.0,3257.0,3239.8,3251.5,43143275,3576.6,2926.4,4322.95,2866.6,3246.4,26,5,3246.3,44,5,3246.2,39,5,3246.1,237,12,3246.0,387,14,3246.9,37,7,3247.5,5,1,3247.9,3,1,3248.0,34,3,3248.1,202,2
11536,2025-12-30 12:22:52+05:30,3246.4,2,3248.94,847416,103997.0,123802.0,3250.0,3257.0,3239.8,3251.5,43143275,3576.6,2926.4,4322.95,2866.6,3246.4,26,5,3246.3,44,5,3246.2,39,5,3246.1,237,12,3246.0,387,14,3246.9,37,7,3247.5,5,1,3247.9,3,1,3248.0,34,3,3248.1,202,2
11536,2025-12-30 12:22:52+05:30,3246.3,1,3248.94,847436,103481.0,122408.0,3250.0,3257.0,3239.8,3251.5,43143275,3576.6,2926.4,4322.95,2866.6,3246.3,46,5,3246.2,39,5,3246.1,237,12,3246.0,197,12,3245.9,138,5,3246.9,36,9,3247.5,5,1,3247.9,3,1,3248.0,34,3,3248.1,202,2
11536,2025-12-30 12:22:53+05:30,3246.3,5,3248.94,847436,103481.0,122408.0,3250.0,3257.0,3239.8,3251.5,43143275,3576.6,2926.4,4322.95,2866.6,3246.3,46,5,3246.2,39,5,3246.1,237,12,3246.0,197,12,3245.9,138,5,3246.9,36,9,3247.5,5,1,3247.9,3,1,3248.0,34,3,3248.1,202,2
11536,2025-12-30 12:22:53+05:30,3246.3,5,3248.94,847443,103484.0,123634.0,3250.0,3257.0,3239.8,3251.5,43143275,3576.6,2926.4,4322.95,2866.6,3246.3,42,5,3246.2,46,6,3246.1,237,12,3246.0,197,12,3245.9,138,5,3246.9,37,10,3247.5,5,1,3247.9,3,1,3248.0,34,3,3248.1,202,2
11536,2025-12-30 12:22:54+05:30,3246.9,1,3248.94,847443,103484.0,123634.0,3250.0,3257.0,3239.8,3251.5,43143275,3576.6,2926.4,4322.95,2866.6,3246.3,42,5,3246.2,46,6,3246.1,237,12,3246.0,197,12,3245.9,138,5,3246.9,37,10,3247.5,5,1,3247.9,3,1,3248.0,34,3,3248.1,202,2
11536,2025-12-30 12:22:54+05:30,3246.3,3,3248.94,847496,103460.0,123611.0,3250.0,3257.0,3239.8,3251.5,43143275,3576.6,2926.4,4322.95,2866.6,3246.3,33,4,3246.2,79,8,3246.1,214,11,3246.0,162,10,3245.9,138,5,3246.9,12,4,3247.5,5,1,3247.9,3,1,3248.0,34,3,3248.1,202,2
11536,2025-12-30 12:22:55+05:30,3248.0,1,3248.94,847496,103460.0,123611.0,3250.0,3257.0,3239.8,3251.5,43143275,3576.6,2926.4,4322.95,2866.6,3246.3,33,4,3246.2,79,8,3246.1,214,11,3246.0,162,10,3245.9,138,5,3246.9,12,4,3247.5,5,1,3247.9,3,1,3248.0,34,3,3248.1,202,2
11536,2025-12-30 12:22:55+05:30,3248.0,1,3248.94,847633,104344.0,121960.0,3250.0,3257.0,3239.8,3251.5,43143275,3576.6,2926.4,4322.95,2866.6,3246.5,153,2,3246.4,309,7,3246.3,87,7,3246.2,615,9,3246.1,169,11,3248.0,57,6,3248.2,162,2,3248.4,41,3,3248.5,21,1,3248.6,29,3
11536,2025-12-30 12:22:56+05:30,3246.5,3,3248.94,847636,104357.0,121962.0,3250.0,3257.0,3239.8,3251.5,43143275,3576.6,2926.4,4322.95,2866.6,3246.6,16,1,3246.5,193,3,3246.4,309,7,3246.3,87,7,3246.2,615,9,3248.0,53,7,3248.2,172,3,3248.4,27,2,3248.5,21,1,3248.6,29,3
11536,2025-12-30 12:22:57+05:30,3246.6,78,3248.94,847636,104357.0,121962.0,3250.0,3257.0,3239.8,3251.5,43143275,3576.6,2926.4,4322.95,2866.6,3246.6,16,1,3246.5,193,3,3246.4,309,7,3246.3,87,7,3246.2,615,9,3248.0,53,7,3248.2,172,3,3248.4,27,2,3248.5,21,1,3248.6,29,3
11536,2025-12-30 12:22:57+05:30,3246.7,2,3248.94,847756,104257.0,123010.0,3250.0,3257.0,3239.8,3251.5,43143275,3576.6,2926.4,4322.95,2866.6,3246.7,5,1,3246.5,43,1,3246.4,243,6,3246.3,141,6,3246.2,635,10,3247.8,35,3,3247.9,25,2,3248.0,20,4,3248.3,153,1,3248.4,30,2
11536,2025-12-30 12:22:58+05:30,3246.7,2,3248.94,847756,104257.0,123010.0,3250.0,3257.0,3239.8,3251.5,43143275,3576.6,2926.4,4322.95,2866.6,3246.7,5,1,3246.5,43,1,3246.4,243,6,3246.3,141,6,3246.2,635,10,3247.8,35,3,3247.9,25,2,3248.0,20,4,3248.3,153,1,3248.4,30,2
11536,2025-12-30 12:22:58+05:30,3246.7,2,3248.94,847779,104212.0,123129.0,3250.0,3257.0,3239.8,3251.5,43143275,3576.6,2926.4,4322.95,2866.6,3246.7,5,2,3246.5,43,1,3246.4,243,6,3246.3,141,6,3246.2,635,10,3247.7,31,3,3247.8,7,3,3247.9,25,2,3248.0,18,3,3248.3,153,1
11536,2025-12-30 12:22:59+05:30,3247.2,1,3248.94,847817,104497.0,123040.0,3250.0,3257.0,3239.8,3251.5,43143275,3576.6,2926.4,4322.95,2866.6,3247.2,2,1,3246.7,1,1,3246.6,43,1,3246.5,43,1,3246.4,303,6,3247.7,33,4,3247.8,3,2,3247.9,25,2,3248.3,153,1,3248.4,37,3
11536,2025-12-30 12:23:00+05:30,3247.2,1,3248.94,847817,104497.0,123040.0,3250.0,3257.0,3239.8,3251.5,43143275,3576.6,2926.4,4322.95,2866.6,3247.2,2,1,3246.7,1,1,3246.6,43,1,3246.5,43,1,3246.4,303,6,3247.7,33,4,3247.8,3,2,3247.9,25,2,3248.3,153,1,3248.4,37,3
11536,2025-12-30 12:23:00+05:30,3247.2,2,3248.94,847819,104372.0,123091.0,3250.0,3257.0,3239.8,3251.5,43143275,3576.6,2926.4,4322.95,2866.6,3246.7,1,1,3246.4,230,5,3246.3,105,6,3246.2,255,8,3246.1,184,11,3247.1,2,1,3247.2,1,1,3247.7,34,5,3247.8,1,1,3247.9,15,1
11536,2025-12-30 12:23:01+05:30,3246.7,1,3248.94,847819,104372.0,123091.0,3250.0,3257.0,3239.8,3251.5,43143275,3576.6,2926.4,4322.95,2866.6,3246.7,1,1,3246.4,230,5,3246.3,105,6,3246.2,255,8,3246.1,184,11,3247.1,2,1,3247.2,1,1,3247.7,34,5,3247.8,1,1,3247.9,15,1
11536,2025-12-30 12:23:01+05:30,3247.1,1,3248.94,847836,103753.0,123977.0,3250.0,3257.0,3239.8,3251.5,43143275,3576.6,2926.4,4322.95,2866.6,3246.3,54,6,3246.2,82,7,3246.1,128,10,3246.0,285,11,3245.9,232,9,3247.1,4,3,3247.2,1,1,3247.6,29,1,3247.7,2,2,3247.8,22,1
11536,2025-12-30 12:23:02+05:30,3246.3,1,3248.94,847836,103753.0,123977.0,3250.0,3257.0,3239.8,3251.5,43143275,3576.6,2926.4,4322.95,2866.6,3246.3,54,6,3246.2,82,7,3246.1,128,10,3246.0,285,11,3245.9,232,9,3247.1,4,3,3247.2,1,1,3247.6,29,1,3247.7,2,2,3247.8,22,1
11536,2025-12-30 12:23:02+05:30,3246.3,3,3248.94,847842,103930.0,123935.0,3250.0,3257.0,3239.8,3251.5,43143275,3576.6,2926.4,4322.95,2866.6,3246.4,2,1,3246.3,62,6,3246.2,238,8,3246.1,128,10,3246.0,285,11,3247.1,7,6,3247.6,29,1,3247.7,1,1,3247.8,22,1,3247.9,15,1
11536,2025-12-30 12:23:03+05:30,3246.4,1,3248.94,847842,103930.0,123935.0,3250.0,3257.0,3239.8,3251.5,43143275,3576.6,2926.4,4322.95,2866.6,3246.4,2,1,3246.3,62,6,3246.2,238,8,3246.1,128,10,3246.0,285,11,3247.1,7,6,3247.6,29,1,3247.7,1,1,3247.8,22,1,3247.9,15,1
11536,2025-12-30 12:23:03+05:30,3246.3,1,3248.94,847865,103700.0,123301.0,3250.0,3257.0,3239.8,3251.5,43143275,3576.6,2926.4,4322.95,2866.6,3246.3,54,7,3246.2,77,6,3246.1,115,10,3246.0,371,13,3245.9,221,8,3247.1,8,8,3247.6,29,1,3247.9,15,1,3248.0,53,2,3248.1,1,1
11536,2025-12-30 12:23:04+05:30,3246.3,1,3248.94,847865,103700.0,123301.0,3250.0,3257.0,3239.8,3251.5,43143275,3576.6,2926.4,4322.95,2866.6,3246.3,54,7,3246.2,77,6,3246.1,115,10,3246.0,371,13,3245.9,221,8,3247.1,8,8,3247.6,29,1,3247.9,15,1,3248.0,53,2,3248.1,1,1
11536,2025-12-30 12:23:04+05:30,3246.3,1,3248.94,847873,103734.0,123258.0,3250.0,3257.0,3239.8,3251.5,43143275,3576.6,2926.4,4322.95,2866.6,3246.3,70,8,3246.2,95,7,3246.1,180,11,3246.0,305,12,3245.9,232,9,3247.1,10,10,3247.9,15,1,3248.0,53,2,3248.1,1,1,3248.2,236,4
11536,2025-12-30 12:23:05+05:30,3247.1,1,3248.94,847873,103734.0,123258.0,3250.0,3257.0,3239.8,3251.5,43143275,3576.6,2926.4,4322.95,2866.6,3246.3,70,8,3246.2,95,7,3246.1,180,11,3246.0,305,12,3245.9,232,9,3247.1,10,10,3247.9,15,1,3248.0,53,2,3248.1,1,1,3248.2,236,4
11536,2025-12-30 12:23:05+05:30,3246.4,5,3248.94,847885,103806.0,122882.0,3250.0,3257.0,3239.8,3251.5,43143275,3576.6,2926.4,4322.95,2866.6,3246.4,49,4,3246.3,83,6,3246.2,70,7,3246.1,204,12,3246.0,360,14,3247.0,7,3,3247.1,6,6,3247.9,24,2,3248.0,21,1,3248.2,236,4
11536,2025-12-30 12:23:06+05:30,3246.4,1,3248.94,847885,103806.0,122882.0,3250.0,3257.0,3239.8,3251.5,43143275,3576.6,2926.4,4322.95,2866.6,3246.4,49,4,3246.3,83,6,3246.2,70,7,3246.1,204,12,3246.0,360,14,3247.0,7,3,3247.1,6,6,3247.9,24,2,3248.0,21,1,3248.2,236,4
11536,2025-12-30 12:23:06+05:30,3246.4,1,3248.94,847887,103762.0,121853.0,3250.0,3257.0,3239.8,3251.5,43143275,3576.6,2926.4,4322.95,2866.6,3246.4,38,3,3246.3,77,5,3246.2,80,8,3246.1,204,12,3246.0,350,13,3247.0,38,5,3247.1,4,4,3247.9,24,2,3248.0,21,1,3248.2,246,5
11536,2025-12-30 12:23:06+05:30,3246.4,1,3248.94,847887,103762.0,121853.0,3250.0,3257.0,3239.8,3251.5,43143275,3576.6,2926.4,4322.95,2866.6,3246.4,38,3,3246.3,77,5,3246.2,80,8,3246.1,204,12,3246.0,350,13,3247.0,38,5,3247.1,4,4,3247.9,24,2,3248.0,21,1,3248.2,246,5
11536,2025-12-30 12:23:07+05:30,3246.4,33,3248.94,847887,103762.0,121853.0,3250.0,3257.0,3239.8,3251.5,43143275,3576.6,2926.4,4322.95,2866.6,3246.4,38,3,3246.3,77,5,3246.2,80,8,3246.1,204,12,3246.0,350,13,3247.0,38,5,3247.1,4,4,3247.9,24,2,3248.0,21,1,3248.2,246,5
11536,2025-12-30 12:23:07+05:30,3246.4,1,3248.94,847971,104063.0,123252.0,3250.0,3257.0,3239.8,3251.5,43143275,3576.6,2926.4,4322.95,2866.6,3246.4,36,4,3246.3,87,6,3246.2,280,10,3246.1,209,12,3246.0,360,14,3247.0,41,6,3247.9,24,2,3248.0,21,1,3248.2,246,5,3248.3,7,1
11536,2025-12-30 12:23:07+05:30,3246.4,1,3248.94,847971,104063.0,123252.0,3250.0,3257.0,3239.8,3251.5,43143275,3576.6,2926.4,4322.95,2866.6,3246.4,36,4,3246.3,87,6,3246.2,280,10,3246.1,209,12,3246.0,360,14,3247.0,41,6,3247.9,24,2,3248.0,21,1,3248.2,246,5,3248.3,7,1
11536,2025-12-30 12:23:08+05:30,3246.4,1,3248.94,847971,104063.0,123252.0,3250.0,3257.0,3239.8,3251.5,43143275,3576.6,2926.4,4322.95,2866.6,3246.4,36,4,3246.3,87,6,3246.2,280,10,3246.1,209,12,3246.0,360,14,3247.0,41,6,3247.9,24,2,3248.0,21,1,3248.2,246,5,3248.3,7,1
11536,2025-12-30 12:23:08+05:30,3246.4,1,3248.94,847972,103875.0,121857.0,3250.0,3257.0,3239.8,3251.5,43143275,3576.6,2926.4,4322.95,2866.6,3246.4,44,6,3246.3,77,5,3246.2,94,8,3246.1,209,12,3246.0,360,14,3247.0,41,6,3247.9,24,2,3248.0,21,1,3248.2,246,5,3248.3,7,1
11536,2025-12-30 12:23:09+05:30,3246.4,1,3248.94,847972,103875.0,121857.0,3250.0,3257.0,3239.8,3251.5,43143275,3576.6,2926.4,4322.95,2866.6,3246.4,44,6,3246.3,77,5,3246.2,94,8,3246.1,209,12,3246.0,360,14,3247.0,41,6,3247.9,24,2,3248.0,21,1,3248.2,246,5,3248.3,7,1
11536,2025-12-30 12:23:09+05:30,3246.4,1,3248.94,847972,103875.0,121857.0,3250.0,3257.0,3239.8,3251.5,43143275,3576.6,2926.4,4322.95,2866.6,3246.4,44,6,3246.3,77,5,3246.2,94,8,3246.1,209,12,3246.0,360,14,3247.0,41,6,3247.9,24,2,3248.0,21,1,3248.2,246,5,3248.3,7,1
11536,2025-12-30 12:23:09+05:30,3247.0,1,3248.94,848036,103914.0,122999.0,3250.0,3257.0,3239.8,3251.5,43143275,3576.6,2926.4,4322.95,2866.6,3246.4,57,6,3246.3,110,6,3246.2,273,8,3246.1,95,10,3246.0,331,12,3247.0,5,4,3247.9,15,1,3248.0,21,1,3248.2,246,5,3248.4,26,2
11536,2025-12-30 12:23:09+05:30,3247.0,1,3248.94,848036,103914.0,122999.0,3250.0,3257.0,3239.8,3251.5,43143275,3576.6,2926.4,4322.95,2866.6,3246.4,57,6,3246.3,110,6,3246.2,273,8,3246.1,95,10,3246.0,331,12,3247.0,5,4,3247.9,15,1,3248.0,21,1,3248.2,246,5,3248.4,26,2
11536,2025-12-30 12:23:10+05:30,3247.0,1,3248.94,848036,103914.0,122999.0,3250.0,3257.0,3239.8,3251.5,43143275,3576.6,2926.4,4322.95,2866.6,3246.4,57,6,3246.3,110,6,3246.2,273,8,3246.1,95,10,3246.0,331,12,3247.0,5,4,3247.9,15,1,3248.0,21,1,3248.2,246,5,3248.4,26,2
11536,2025-12-30 12:23:10+05:30,3246.4,8,3248.94,848047,103696.0,123209.0,3250.0,3257.0,3239.8,3251.5,43143275,3576.6,2926.4,4322.95,2866.6,3246.4,49,6,3246.3,110,6,3246.2,117,7,3246.1,95,10,3246.0,331,12,3247.0,7,6,3247.9,15,1,3248.0,21,1,3248.2,247,6,3248.4,26,2
11536,2025-12-30 12:23:10+05:30,3246.4,8,3248.94,848047,103696.0,123209.0,3250.0,3257.0,3239.8,3251.5,43143275,3576.6,2926.4,4322.95,2866.6,3246.4,49,6,3246.3,110,6,3246.2,117,7,3246.1,95,10,3246.0,331,12,3247.0,7,6,3247.9,15,1,3248.0,21,1,3248.2,247,6,3248.4,26,2
11536,2025-12-30 12:23:11+05:30,3246.5,8,3248.94,848047,103696.0,123209.0,3250.0,3257.0,3239.8,3251.5,43143275,3576.6,2926.4,4322.95,2866.6,3246.4,49,6,3246.3,110,6,3246.2,117,7,3246.1,95,10,3246.0,331,12,3247.0,7,6,3247.9,15,1,3248.0,21,1,3248.2,247,6,3248.4,26,2
11536,2025-12-30 12:23:11+05:30,3246.5,11,3248.94,848077,103771.0,123217.0,3250.0,3257.0,3239.8,3251.5,43143275,3576.6,2926.4,4322.95,2866.6,3246.5,9,1,3246.4,102,7,3246.3,81,5,3246.2,117,7,3246.1,89,9,3247.0,6,6,3247.9,15,1,3248.0,21,1,3248.2,247,6,3248.4,26,2
11536,2025-12-30 12:23:11+05:30,3246.5,11,3248.94,848077,103771.0,123217.0,3250.0,3257.0,3239.8,3251.5,43143275,3576.6,2926.4,4322.95,2866.6,3246.5,9,1,3246.4,102,7,3246.3,81,5,3246.2,117,7,3246.1,89,9,3247.0,6,6,3247.9,15,1,3248.0,21,1,3248.2,247,6,3248.4,26,2
11536,2025-12-30 12:23:12+05:30,3247.0,1,3248.94,848077,103771.0,123217.0,3250.0,3257.0,3239.8,3251.5,43143275,3576.6,2926.4,4322.95,2866.6,3246.5,9,1,3246.4,102,7,3246.3,81,5,3246.2,117,7,3246.1,89,9,3247.0,6,6,3247.9,15,1,3248.0,21,1,3248.2,247,6,3248.4,26,2
11536,2025-12-30 12:23:12+05:30,3246.5,4,3248.94,848083,103866.0,123228.0,3250.0,3257.0,3239.8,3251.5,43143275,3576.6,2926.4,4322.95,2866.6,3246.5,5,1,3246.4,106,7,3246.3,86,5,3246.2,88,6,3246.1,475,11,3247.0,8,8,3247.9,15,1,3248.0,21,1,3248.2,247,6,3248.4,26,2
11536,2025-12-30 12:23:12+05:30,3246.5,4,3248.94,848083,103866.0,123228.0,3250.0,3257.0,3239.8,3251.5,43143275,3576.6,2926.4,4322.95,2866.6,3246.5,5,1,3246.4,106,7,3246.3,86,5,3246.2,88,6,3246.1,475,11,3247.0,8,8,3247.9,15,1,3248.0,21,1,3248.2,247,6,3248.4,26,2
11536,2025-12-30 12:23:13+05:30,3246.7,1,3248.94,848083,103866.0,123228.0,3250.0,3257.0,3239.8,3251.5,43143275,3576.6,2926.4,4322.95,2866.6,3246.5,5,1,3246.4,106,7,3246.3,86,5,3246.2,88,6,3246.1,475,11,3247.0,8,8,3247.9,15,1,3248.0,21,1,3248.2,247,6,3248.4,26,2
11536,2025-12-30 12:23:13+05:30,3246.7,1,3248.94,848100,103831.0,121808.0,3250.0,3257.0,3239.8,3251.5,43143275,3576.6,2926.4,4322.95,2866.6,3246.7,5,1,3246.4,77,4,3246.3,175,7,3246.2,53,6,3246.1,441,10,3247.0,9,9,3247.9,15,1,3248.2,247,6,3248.4,26,2,3248.5,53,2
11536,2025-12-30 12:23:13+05:30,3246.7,1,3248.94,848100,103831.0,121808.0,3250.0,3257.0,3239.8,3251.5,43143275,3576.6,2926.4,4322.95,2866.6,3246.7,5,1,3246.4,77,4,3246.3,175,7,3246.2,53,6,3246.1,441,10,3247.0,9,9,3247.9,15,1,3248.2,247,6,3248.4,26,2,3248.5,53,2
11536,2025-12-30 12:23:14+05:30,3246.7,1,3248.94,848100,103831.0,121808.0,3250.0,3257.0,3239.8,3251.5,43143275,3576.6,2926.4,4322.95,2866.6,3246.7,5,1,3246.4,77,4,3246.3,175,7,3246.2,53,6,3246.1,441,10,3247.0,9,9,3247.9,15,1,3248.2,247,6,3248.4,26,2,3248.5,53,2
11536,2025-12-30 12:23:14+05:30,3246.7,1,3248.94,848108,103834.0,123209.0,3250.0,3257.0,3239.8,3251.5,43143275,3576.6,2926.4,4322.95,2866.6,3246.7,8,1,3246.4,77,4,3246.3,175,7,3246.2,53,6,3246.1,441,10,3247.0,10,10,3247.9,15,1,3248.2,247,6,3248.4,26,2,3248.5,53,2
11536,2025-12-30 12:23:14+05:30,3246.7,1,3248.94,848108,103834.0,123209.0,3250.0,3257.0,3239.8,3251.5,43143275,3576.6,2926.4,4322.95,2866.6,3246.7,8,1,3246.4,77,4,3246.3,175,7,3246.2,53,6,3246.1,441,10,3247.0,10,10,3247.9,15,1,3248.2,247,6,3248.4,26,2,3248.5,53,2
11536,2025-12-30 12:23:15+05:30,3246.7,1,3248.94,848108,103834.0,123209.0,3250.0,3257.0,3239.8,3251.5,43143275,3576.6,2926.4,4322.95,2866.6,3246.7,8,1,3246.4,77,4,3246.3,175,7,3246.2,53,6,3246.1,441,10,3247.0,10,10,3247.9,15,1,3248.2,247,6,3248.4,26,2,3248.5,53,2
11536,2025-12-30 12:23:15+05:30,3246.9,1,3248.94,848108,103834.0,123209.0,3250.0,3257.0,3239.8,3251.5,43143275,3576.6,2926.4,4322.95,2866.6,3246.7,8,1,3246.4,77,4,3246.3,175,7,3246.2,53,6,3246.1,441,10,3247.0,10,10,3247.9,15,1,3248.2,247,6,3248.4,26,2,3248.5,53,2
11536,2025-12-30 12:23:15+05:30,3246.9,1,3248.94,848119,103949.0,122431.0,3250.0,3257.0,3239.8,3251.5,43143275,3576.6,2926.4,4322.95,2866.6,3246.4,77,4,3246.3,104,5,3246.2,209,7,3246.1,191,11,3246.0,739,15,3247.0,6,6,3247.8,28,1,3247.9,15,1,3248.0,52,2,3248.1,9,1
11536,2025-12-30 12:23:15+05:30,3246.9,1,3248.94,848119,103949.0,122431.0,3250.0,3257.0,3239.8,3251.5,43143275,3576.6,2926.4,4322.95,2866.6,3246.4,77,4,3246.3,104,5,3246.2,209,7,3246.1,191,11,3246.0,739,15,3247.0,6,6,3247.8,28,1,3247.9,15,1,3248.0,52,2,3248.1,9,1
11536,2025-12-30 12:23:16+05:30,3246.3,1,3248.94,848213,103709.0,123672.0,3250.0,3257.0,3239.8,3251.5,43143275,3576.6,2926.4,4322.95,2866.6,3246.3,137,8,3246.2,112,6,3246.1,130,11,3246.0,739,15,3245.9,184,6,3247.0,8,6,3247.8,28,1,3247.9,15,1,3248.0,20,1,3248.1,9,1
11536,2025-12-30 12:23:16+05:30,3246.3,1,3248.94,848213,103709.0,123672.0,3250.0,3257.0,3239.8,3251.5,43143275,3576.6,2926.4,4322.95,2866.6,3246.3,137,8,3246.2,112,6,3246.1,130,11,3246.0,739,15,3245.9,184,6,3247.0,8,6,3247.8,28,1,3247.9,15,1,3248.0,20,1,3248.1,9,1
11536,2025-12-30 12:23:16+05:30,3246.3,1,3248.94,848213,103709.0,123672.0,3250.0,3257.0,3239.8,3251.5,43143275,3576.6,2926.4,4322.95,2866.6,3246.3,137,8,3246.2,112,6,3246.1,130,11,3246.0,739,15,3245.9,184,6,3247.0,8,6,3247.8,28,1,3247.9,15,1,3248.0,20,1,3248.1,9,1
11536,2025-12-30 12:23:17+05:30,3246.3,8,3248.94,848293,103654.0,123914.0,3250.0,3257.0,3239.8,3251.5,43143275,3576.6,2926.4,4322.95,2866.6,3246.3,105,7,3246.2,47,5,3246.1,130,11,3246.0,804,16,3245.9,184,6,3247.0,12,7,3247.8,28,1,3247.9,15,1,3248.0,52,2,3248.1,9,1
11536,2025-12-30 12:23:17+05:30,3246.3,3,3248.94,848293,103654.0,123914.0,3250.0,3257.0,3239.8,3251.5,43143275,3576.6,2926.4,4322.95,2866.6,3246.3,105,7,3246.2,47,5,3246.1,130,11,3246.0,804,16,3245.9,184,6,3247.0,12,7,3247.8,28,1,3247.9,15,1,3248.0,52,2,3248.1,9,1
11536,2025-12-30 12:23:17+05:30,3246.3,1,3248.94,848297,103651.0,123947.0,3250.0,3257.0,3239.8,3251.5,43143275,3576.6,2926.4,4322.95,2866.6,3246.3,96,7,3246.2,47,5,3246.1,130,11,3246.0,446,15,3245.9,542,7,3247.0,13,7,3247.8,28,1,3247.9,15,1,3248.0,52,2,3248.1,9,1
11536,2025-12-30 12:23:18+05:30,3246.3,1,3248.94,848297,103651.0,123947.0,3250.0,3257.0,3239.8,3251.5,43143275,3576.6,2926.4,4322.95,2866.6,3246.3,96,7,3246.2,47,5,3246.1,130,11,3246.0,446,15,3245.9,542,7,3247.0,13,7,3247.8,28,1,3247.9,15,1,3248.0,52,2,3248.1,9,1
11536,2025-12-30 12:23:18+05:30,3246.3,1,3248.94,848297,103651.0,123947.0,3250.0,3257.0,3239.8,3251.5,43143275,3576.6,2926.4,4322.95,2866.6,3246.3,96,7,3246.2,47,5,3246.1,130,11,3246.0,446,15,3245.9,542,7,3247.0,13,7,3247.8,28,1,3247.9,15,1,3248.0,52,2,3248.1,9,1
11536,2025-12-30 12:23:18+05:30,3248.0,16,3248.94,848451,104050.0,121847.0,3250.0,3257.0,3239.8,3251.5,43143275,3576.6,2926.4,4322.95,2866.6,3246.4,134,5,3246.3,239,8,3246.2,604,9,3246.1,160,13,3246.0,387,14,3247.9,21,3,3248.0,64,3,3248.1,9,1,3248.2,33,2,3248.4,162,2
11536,2025-12-30 12:23:19+05:30,3248.0,16,3248.94,848451,104050.0,121847.0,3250.0,3257.0,3239.8,3251.5,43143275,3576.6,2926.4,4322.95,2866.6,3246.4,134,5,3246.3,239,8,3246.2,604,9,3246.1,160,13,3246.0,387,14,3247.9,21,3,3248.0,64,3,3248.1,9,1,3248.2,33,2,3248.4,162,2
11536,2025-12-30 12:23:19+05:30,3248.0,16,3248.94,848451,104185.0,122904.0,3250.0,3257.0,3239.8,3251.5,43143275,3576.6,2926.4,4322.95,2866.6,3246.4,134,5,3246.3,213,9,3246.2,311,9,3246.1,518,14,3246.0,513,14,3247.6,12,2,3247.7,40,2,3247.8,8,1,3247.9,20,3,3248.0,32,1
11536,2025-12-30 12:23:20+05:30,3248.0,16,3248.94,848451,104185.0,122904.0,3250.0,3257.0,3239.8,3251.5,43143275,3576.6,2926.4,4322.95,2866.6,3246.4,134,5,3246.3,213,9,3246.2,311,9,3246.1,518,14,3246.0,513,14,3247.6,12,2,3247.7,40,2,3247.8,8,1,3247.9,20,3,3248.0,32,1
11536,2025-12-30 12:23:20+05:30,3247.6,1,3248.94,848454,104286.0,123066.0,3250.0,3257.0,3239.8,3251.5,43143275,3576.6,2926.4,4322.95,2866.6,3246.4,157,5,3246.3,225,10,3246.2,377,10,3246.1,512,13,3246.0,519,15,3247.6,33,3,3247.7,12,1,3247.9,20,3,3248.0,32,1,3248.1,9,1
11536,2025-12-30 12:23:21+05:30,3246.4,29,3248.94,848454,104286.0,123066.0,3250.0,3257.0,3239.8,3251.5,43143275,3576.6,2926.4,4322.95,2866.6,3246.4,157,5,3246.3,225,10,3246.2,377,10,3246.1,512,13,3246.0,519,15,3247.6,33,3,3247.7,12,1,3247.9,20,3,3248.0,32,1,3248.1,9,1
11536,2025-12-30 12:23:21+05:30,3246.4,29,3248.94,848454,104286.0,123066.0,3250.0,3257.0,3239.8,3251.5,43143275,3576.6,2926.4,4322.95,2866.6,3246.4,157,5,3246.3,225,10,3246.2,377,10,3246.1,512,13,3246.0,519,15,3247.6,33,3,3247.7,12,1,3247.9,20,3,3248.0,32,1,3248.1,9,1
11536,2025-12-30 12:23:21+05:30,3246.4,2,3248.94,848493,104285.0,123108.0,3250.0,3257.0,3239.8,3251.5,43143275,3576.6,2926.4,4322.95,2866.6,3246.4,118,4,3246.3,218,9,3246.2,377,10,3246.1,154,12,3246.0,877,16,3247.6,50,6,3247.7,12,1,3247.9,2,1,3248.0,32,1,3248.1,9,1
11536,2025-12-30 12:23:22+05:30,3246.4,19,3248.94,848493,104285.0,123108.0,3250.0,3257.0,3239.8,3251.5,43143275,3576.6,2926.4,4322.95,2866.6,3246.4,118,4,3246.3,218,9,3246.2,377,10,3246.1,154,12,3246.0,877,16,3247.6,50,6,3247.7,12,1,3247.9,2,1,3248.0,32,1,3248.1,9,1
11536,2025-12-30 12:23:22+05:30,3247.5,3,3248.94,848516,104125.0,123141.0,3250.0,3257.0,3239.8,3251.5,43143275,3576.6,2926.4,4322.95,2866.6,3246.4,84,3,3246.3,155,5,3246.2,312,9,3246.1,154,12,3246.0,908,15,3247.5,1,1,3247.6,48,7,3247.7,12,1,3247.8,19,1,3247.9,24,1
11536,2025-12-30 12:23:23+05:30,3247.5,3,3248.94,848516,104125.0,123141.0,3250.0,3257.0,3239.8,3251.5,43143275,3576.6,2926.4,4322.95,2866.6,3246.4,84,3,3246.3,155,5,3246.2,312,9,3246.1,154,12,3246.0,908,15,3247.5,1,1,3247.6,48,7,3247.7,12,1,3247.8,19,1,3247.9,24,1
11536,2025-12-30 12:23:23+05:30,3247.5,3,3248.94,848516,104125.0,123141.0,3250.0,3257.0,3239.8,3251.5,43143275,3576.6,2926.4,4322.95,2866.6,3246.4,84,3,3246.3,155,5,3246.2,312,9,3246.1,154,12,3246.0,908,15,3247.5,1,1,3247.6,48,7,3247.7,12,1,3247.8,19,1,3247.9,24,1
11536,2025-12-30 12:23:23+05:30,3246.4,11,3248.94,848694,103977.0,123149.0,3250.0,3257.0,3239.8,3251.5,43143275,3576.6,2926.4,4322.95,2866.6,3246.4,1,1,3246.3,94,4,3246.2,312,9,3246.1,154,12,3246.0,843,14,3247.4,8,2,3247.5,16,3,3247.6,32,5,3247.7,12,1,3247.8,19,1
11536,2025-12-30 12:23:24+05:30,3246.4,1,3248.94,848694,103977.0,123149.0,3250.0,3257.0,3239.8,3251.5,43143275,3576.6,2926.4,4322.95,2866.6,3246.4,1,1,3246.3,94,4,3246.2,312,9,3246.1,154,12,3246.0,843,14,3247.4,8,2,3247.5,16,3,3247.6,32,5,3247.7,12,1,3247.8,19,1
11536,2025-12-30 12:23:24+05:30,3246.4,1,3248.94,848694,103977.0,123149.0,3250.0,3257.0,3239.8,3251.5,43143275,3576.6,2926.4,4322.95,2866.6,3246.4,1,1,3246.3,94,4,3246.2,312,9,3246.1,154,12,3246.0,843,14,3247.4,8,2,3247.5,16,3,3247.6,32,5,3247.7,12,1,3247.8,19,1
11536,2025-12-30 12:23:24+05:30,3247.4,1,3248.94,848746,103962.0,123132.0,3250.0,3257.0,3239.8,3251.5,43143275,3576.6,2926.4,4322.95,2866.6,3246.3,45,3,3246.2,312,9,3246.1,163,13,3246.0,816,12,3245.9,215,7,3247.4,7,2,3247.5,44,4,3247.6,1,1,3247.7,12,1,3247.8,19,1
11536,2025-12-30 12:23:25+05:30,3247.4,1,3248.94,848746,103962.0,123132.0,3250.0,3257.0,3239.8,3251.5,43143275,3576.6,2926.4,4322.95,2866.6,3246.3,45,3,3246.2,312,9,3246.1,163,13,3246.0,816,12,3245.9,215,7,3247.4,7,2,3247.5,44,4,3247.6,1,1,3247.7,12,1,3247.8,19,1
11536,2025-12-30 12:23:25+05:30,3246.3,1,3248.94,848752,104006.0,123223.0,3250.0,3257.0,3239.8,3251.5,43143275,3576.6,2926.4,4322.95,2866.6,3246.3,40,3,3246.2,297,9,3246.1,154,12,3246.0,553,13,3245.9,508,7,3247.4,55,7,3247.5,29,2,3247.7,12,1,3247.8,19,1,3247.9,34,2
11536,2025-12-30 12:23:26+05:30,3246.3,2,3248.94,848752,104006.0,123223.0,3250.0,3257.0,3239.8,3251.5,43143275,3576.6,2926.4,4322.95,2866.6,3246.3,40,3,3246.2,297,9,3246.1,154,12,3246.0,553,13,3245.9,508,7,3247.4,55,7,3247.5,29,2,3247.7,12,1,3247.8,19,1,3247.9,34,2
11536,2025-12-30 12:23:26+05:30,3246.3,2,3248.94,848794,103795.0,123187.0,3250.0,3257.0,3239.8,3251.5,43143275,3576.6,2926.4,4322.95,2866.6,3246.3,3,2,3246.2,113,7,3246.1,154,12,3246.0,508,14,3245.9,573,8,3247.3,10,3,3247.4,53,7,3247.5,28,1,3247.7,12,1,3247.8,19,1
11536,2025-12-30 12:23:26+05:30,3246.3,2,3248.94,848794,103795.0,123187.0,3250.0,3257.0,3239.8,3251.5,43143275,3576.6,2926.4,4322.95,2866.6,3246.3,3,2,3246.2,113,7,3246.1,154,12,3246.0,508,14,3245.9,573,8,3247.3,10,3,3247.4,53,7,3247.5,28,1,3247.7,12,1,3247.8,19,1
11536,2025-12-30 12:23:27+05:30,3246.3,9,3248.94,848794,103795.0,123187.0,3250.0,3257.0,3239.8,3251.5,43143275,3576.6,2926.4,4322.95,2866.6,3246.3,3,2,3246.2,113,7,3246.1,154,12,3246.0,508,14,3245.9,573,8,3247.3,10,3,3247.4,53,7,3247.5,28,1,3247.7,12,1,3247.8,19,1
11536,2025-12-30 12:23:27+05:30,3247.3,1,3248.94,848907,104001.0,122902.0,3250.0,3257.0,3239.8,3251.5,43143275,3576.6,2926.4,4322.95,2866.6,3246.3,8,2,3246.2,345,11,3246.1,88,11,3246.0,544,14,3245.9,539,6,3247.3,8,4,3247.4,48,5,3247.6,37,2,3247.7,12,1,3248.0,54,2
11536,2025-12-30 12:23:28+05:30,3246.3,3,3248.94,848907,104001.0,122902.0,3250.0,3257.0,3239.8,3251.5,43143275,3576.6,2926.4,4322.95,2866.6,3246.3,8,2,3246.2,345,11,3246.1,88,11,3246.0,544,14,3245.9,539,6,3247.3,8,4,3247.4,48,5,3247.6,37,2,3247.7,12,1,3248.0,54,2
11536,2025-12-30 12:23:28+05:30,3246.3,1,3248.94,848931,103781.0,122944.0,3250.0,3257.0,3239.8,3251.5,43143275,3576.6,2926.4,4322.95,2866.6,3246.2,106,7,3246.1,88,11,3246.0,601,14,3245.9,181,5,3245.8,692,13,3247.3,63,11,3247.4,31,1,3247.7,12,1,3248.0,54,2,3248.1,16,2
11536,2025-12-30 12:23:29+05:30,3246.2,19,3248.94,848931,103781.0,122944.0,3250.0,3257.0,3239.8,3251.5,43143275,3576.6,2926.4,4322.95,2866.6,3246.2,106,7,3246.1,88,11,3246.0,601,14,3245.9,181,5,3245.8,692,13,3247.3,63,11,3247.4,31,1,3247.7,12,1,3248.0,54,2,3248.1,16,2
11536,2025-12-30 12:23:29+05:30,3246.2,2,3248.94,848973,103697.0,122955.0,3250.0,3257.0,3239.8,3251.5,43143275,3576.6,2926.4,4322.95,2866.6,3246.2,77,5,3246.1,88,11,3246.0,611,15,3245.9,181,5,3245.8,682,12,3247.3,59,9,3247.4,31,1,3247.7,12,1,3248.0,54,2,3248.1,16,2
11536,2025-12-30 12:23:30+05:30,3246.2,16,3248.94,848973,103697.0,122955.0,3250.0,3257.0,3239.8,3251.5,43143275,3576.6,2926.4,4322.95,2866.6,3246.2,77,5,3246.1,88,11,3246.0,611,15,3245.9,181,5,3245.8,682,12,3247.3,59,9,3247.4,31,1,3247.7,12,1,3248.0,54,2,3248.1,16,2
11536,2025-12-30 12:23:30+05:30,3246.2,2,3248.94,848999,103729.0,122920.0,3250.0,3257.0,3239.8,3251.5,43143275,3576.6,2926.4,4322.95,2866.6,3246.2,51,5,3246.1,88,11,3246.0,611,15,3245.9,181,5,3245.8,682,12,3247.3,59,10,3247.4,31,1,3247.7,12,1,3248.0,54,2,3248.1,16,2
11536,2025-12-30 12:23:31+05:30,3246.2,2,3248.94,848999,103729.0,122920.0,3250.0,3257.0,3239.8,3251.5,43143275,3576.6,2926.4,4322.95,2866.6,3246.2,51,5,3246.1,88,11,3246.0,611,15,3245.9,181,5,3245.8,682,12,3247.3,59,10,3247.4,31,1,3247.7,12,1,3248.0,54,2,3248.1,16,2
11536,2025-12-30 12:23:31+05:30,3246.2,2,3248.94,849017,103724.0,122911.0,3250.0,3257.0,3239.8,3251.5,43143275,3576.6,2926.4,4322.95,2866.6,3246.2,36,4,3246.1,88,11,3246.0,556,15,3245.9,246,6,3245.8,682,12,3247.3,49,12,3247.4,31,1,3247.6,9,1,3247.7,12,1,3248.0,54,2
11536,2025-12-30 12:23:32+05:30,3246.2,1,3248.94,849017,103724.0,122911.0,3250.0,3257.0,3239.8,3251.5,43143275,3576.6,2926.4,4322.95,2866.6,3246.2,36,4,3246.1,88,11,3246.0,556,15,3245.9,246,6,3245.8,682,12,3247.3,49,12,3247.4,31,1,3247.6,9,1,3247.7,12,1,3248.0,54,2
11536,2025-12-30 12:23:32+05:30,3246.2,6,3248.94,849030,103646.0,122910.0,3250.0,3257.0,3239.8,3251.5,43143275,3576.6,2926.4,4322.95,2866.6,3246.2,26,5,3246.1,88,11,3246.0,611,15,3245.9,181,5,3245.8,682,12,3247.3,57,12,3247.4,31,1,3247.7,12,1,3248.0,54,2,3248.1,16,2
11536,2025-12-30 12:23:33+05:30,3246.3,1,3248.94,849030,103646.0,122910.0,3250.0,3257.0,3239.8,3251.5,43143275,3576.6,2926.4,4322.95,2866.6,3246.2,26,5,3246.1,88,11,3246.0,611,15,3245.9,181,5,3245.8,682,12,3247.3,57,12,3247.4,31,1,3247.7,12,1,3248.0,54,2,3248.1,16,2
11536,2025-12-30 12:23:33+05:30,3246.3,4,3248.94,849040,103711.0,122534.0,3250.0,3257.0,3239.8,3251.5,43143275,3576.6,2926.4,4322.95,2866.6,3246.3,7,1,3246.2,19,4,3246.1,88,11,3246.0,546,14,3245.9,246,6,3247.2,40,4,3247.3,18,8,3247.4,31,1,3247.7,12,1,3247.8,9,1
11536,2025-12-30 12:23:34+05:30,3246.3,2,3248.94,849040,103711.0,122534.0,3250.0,3257.0,3239.8,3251.5,43143275,3576.6,2926.4,4322.95,2866.6,3246.3,7,1,3246.2,19,4,3246.1,88,11,3246.0,546,14,3245.9,246,6,3247.2,40,4,3247.3,18,8,3247.4,31,1,3247.7,12,1,3247.8,9,1
11536,2025-12-30 12:23:34+05:30,3246.3,3,3248.94,849049,103598.0,122570.0,3250.0,3257.0,3239.8,3251.5,43143275,3576.6,2926.4,4322.95,2866.6,3246.3,7,1,3246.2,15,3,3246.1,69,10,3246.0,521,13,3245.9,150,4,3247.1,38,2,3247.2,15,5,3247.3,2,2,3247.4,31,1,3247.7,12,1
11536,2025-12-30 12:23:35+05:30,3247.1,1,3248.94,849049,103598.0,122570.0,3250.0,3257.0,3239.8,3251.5,43143275,3576.6,2926.4,4322.95,2866.6,3246.3,7,1,3246.2,15,3,3246.1,69,10,3246.0,521,13,3245.9,150,4,3247.1,38,2,3247.2,15,5,3247.3,2,2,3247.4,31,1,3247.7,12,1
11536,2025-12-30 12:23:35+05:30,3246.7,1,3248.94,849052,103805.0,123128.0,3250.0,3257.0,3239.8,3251.5,43143275,3576.6,2926.4,4322.95,2866.6,3246.7,5,1,3246.2,15,3,3246.1,65,9,3246.0,511,12,3245.9,150,4,3247.1,40,5,3247.2,14,4,3247.3,1,1,3247.4,31,1,3247.7,21,2
11536,2025-12-30 12:23:36+05:30,3246.7,1,3248.94,849052,103805.0,123128.0,3250.0,3257.0,3239.8,3251.5,43143275,3576.6,2926.4,4322.95,2866.6,3246.7,5,1,3246.2,15,3,3246.1,65,9,3246.0,511,12,3245.9,150,4,3247.1,40,5,3247.2,14,4,3247.3,1,1,3247.4,31,1,3247.7,21,2
11536,2025-12-30 12:23:36+05:30,3246.7,1,3248.94,849058,104010.0,123508.0,3250.0,3257.0,3239.8,3251.5,43143275,3576.6,2926.4,4322.95,2866.6,3246.7,6,1,3246.2,15,3,3246.1,65,9,3246.0,511,12,3245.9,150,4,3247.1,92,10,3247.2,1,1,3247.6,9,1,3247.7,21,2,3247.8,32,1
11536,2025-12-30 12:23:37+05:30,3246.7,18,3248.94,849058,104010.0,123508.0,3250.0,3257.0,3239.8,3251.5,43143275,3576.6,2926.4,4322.95,2866.6,3246.7,6,1,3246.2,15,3,3246.1,65,9,3246.0,511,12,3245.9,150,4,3247.1,92,10,3247.2,1,1,3247.6,9,1,3247.7,21,2,3247.8,32,1
11536,2025-12-30 12:23:37+05:30,3246.2,1,3248.94,849080,103219.0,124188.0,3250.0,3257.0,3239.8,3251.5,43143275,3576.6,2926.4,4322.95,2866.6,3246.2,31,3,3246.1,58,8,3246.0,250,9,3245.9,150,4,3245.8,409,14,3246.7,11,4,3247.1,91,9,3247.6,18,2,3247.7,12,1,3247.8,52,2
11536,2025-12-30 12:23:38+05:30,3246.2,1,3248.94,849080,103219.0,124188.0,3250.0,3257.0,3239.8,3251.5,43143275,3576.6,2926.4,4322.95,2866.6,3246.2,31,3,3246.1,58,8,3246.0,250,9,3245.9,150,4,3245.8,409,14,3246.7,11,4,3247.1,91,9,3247.6,18,2,3247.7,12,1,3247.8,52,2
11536,2025-12-30 12:23:38+05:30,3246.2,1,3248.94,849083,103190.0,124185.0,3250.0,3257.0,3239.8,3251.5,43143275,3576.6,2926.4,4322.95,2866.6,3246.2,29,4,3246.1,58,8,3246.0,252,10,3245.9,150,4,3245.8,399,13,3246.7,11,4,3247.1,88,6,3247.6,18,2,3247.7,12,1,3247.8,52,2
11536,2025-12-30 12:23:39+05:30,3246.2,6,3248.94,849083,103190.0,124185.0,3250.0,3257.0,3239.8,3251.5,43143275,3576.6,2926.4,4322.95,2866.6,3246.2,29,4,3246.1,58,8,3246.0,252,10,3245.9,150,4,3245.8,399,13,3246.7,11,4,3247.1,88,6,3247.6,18,2,3247.7,12,1,3247.8,52,2
11536,2025-12-30 12:23:39+05:30,3246.7,2,3248.94,849168,103472.0,124101.0,3250.0,3257.0,3239.8,3251.5,43143275,3576.6,2926.4,4322.95,2866.6,3246.7,4,1,3246.2,11,4,3246.1,46,8,3246.0,463,12,3245.9,225,6,3247.1,81,6,3247.5,9,1,3247.6,9,1,3247.7,12,1,3247.8,32,1
11536,2025-12-30 12:23:40+05:30,3246.7,1,3248.94,849168,103472.0,124101.0,3250.0,3257.0,3239.8,3251.5,43143275,3576.6,2926.4,4322.95,2866.6,3246.7,4,1,3246.2,11,4,3246.1,46,8,3246.0,463,12,3245.9,225,6,3247.1,81,6,3247.5,9,1,3247.6,9,1,3247.7,12,1,3247.8,32,1
11536,2025-12-30 12:23:40+05:30,3247.1,1,3248.94,849170,103522.0,124100.0,3250.0,3257.0,3239.8,3251.5,43143275,3576.6,2926.4,4322.95,2866.6,3246.7,3,1,3246.2,11,4,3246.1,46,8,3246.0,463,12,3245.9,225,6,3247.1,80,6,3247.5,9,1,3247.6,9,1,3247.7,12,1,3247.8,32,1
11536,2025-12-30 12:23:41+05:30,3246.7,3,3248.94,849170,103522.0,124100.0,3250.0,3257.0,3239.8,3251.5,43143275,3576.6,2926.4,4322.95,2866.6,3246.7,3,1,3246.2,11,4,3246.1,46,8,3246.0,463,12,3245.9,225,6,3247.1,80,6,3247.5,9,1,3247.6,9,1,3247.7,12,1,3247.8,32,1
11536,2025-12-30 12:23:41+05:30,3247.1,14,3248.94,849187,103755.0,124095.0,3250.0,3257.0,3239.8,3251.5,43143275,3576.6,2926.4,4322.95,2866.6,3246.5,8,1,3246.2,188,7,3246.1,66,9,3246.0,474,13,3245.9,225,6,3246.7,5,3,3247.1,65,7,3247.5,9,1,3247.7,12,1,3247.8,32,1
11536,2025-12-30 12:23:42+05:30,3246.5,1,3248.94,849187,103755.0,124095.0,3250.0,3257.0,3239.8,3251.5,43143275,3576.6,2926.4,4322.95,2866.6,3246.5,8,1,3246.2,188,7,3246.1,66,9,3246.0,474,13,3245.9,225,6,3246.7,5,3,3247.1,65,7,3247.5,9,1,3247.7,12,1,3247.8,32,1
11536,2025-12-30 12:23:42+05:30,3246.5,12,3248.94,849204,103409.0,124166.0,3250.0,3257.0,3239.8,3251.5,43143275,3576.6,2926.4,4322.95,2866.6,3246.5,8,1,3246.2,11,4,3246.1,55,9,3246.0,258,9,3245.9,150,4,3246.7,5,3,3247.1,49,4,3247.6,37,2,3247.7,12,1,3247.8,41,2
11536,2025-12-30 12:23:43+05:30,3246.7,1,3248.94,849204,103409.0,124166.0,3250.0,3257.0,3239.8,3251.5,43143275,3576.6,2926.4,4322.95,2866.6,3246.5,8,1,3246.2,11,4,3246.1,55,9,3246.0,258,9,3245.9,150,4,3246.7,5,3,3247.1,49,4,3247.6,37,2,3247.7,12,1,3247.8,41,2
11536,2025-12-30 12:23:43+05:30,3246.2,3,3248.94,849230,103105.0,124045.0,3250.0,3257.0,3239.8,3251.5,43143275,3576.6,2926.4,4322.95,2866.6,3246.2,20,4,3246.1,55,9,3246.0,267,10,3245.9,133,4,3245.8,227,11,3246.5,3,3,3246.7,3,3,3247.1,47,2,3247.4,28,1,3247.6,41,1
11536,2025-12-30 12:23:44+05:30,3246.2,3,3248.94,849230,103105.0,124045.0,3250.0,3257.0,3239.8,3251.5,43143275,3576.6,2926.4,4322.95,2866.6,3246.2,20,4,3246.1,55,9,3246.0,267,10,3245.9,133,4,3245.8,227,11,3246.5,3,3,3246.7,3,3,3247.1,47,2,3247.4,28,1,3247.6,41,1
11536,2025-12-30 12:23:44+05:30,3246.2,3,3248.94,849233,103091.0,124053.0,3250.0,3257.0,3239.8,3251.5,43143275,3576.6,2926.4,4322.95,2866.6,3246.2,16,3,3246.1,55,9,3246.0,276,11,3245.9,133,4,3245.8,162,10,3246.5,5,5,3246.7,2,2,3247.1,47,2,3247.4,28,1,3247.6,41,1
11536,2025-12-30 12:23:45+05:30,3246.5,1,3248.94,849233,103091.0,124053.0,3250.0,3257.0,3239.8,3251.5,43143275,3576.6,2926.4,4322.95,2866.6,3246.2,16,3,3246.1,55,9,3246.0,276,11,3245.9,133,4,3245.8,162,10,3246.5,5,5,3246.7,2,2,3247.1,47,2,3247.4,28,1,3247.6,41,1
11536,2025-12-30 12:23:45+05:30,3246.5,5,3248.94,849270,103493.0,124134.0,3250.0,3257.0,3239.8,3251.5,43143275,3576.6,2926.4,4322.95,2866.6,3246.2,45,7,3246.1,72,9,3246.0,290,10,3245.9,198,5,3245.8,321,10,3246.7,2,2,3247.1,47,2,3247.7,12,1,3247.8,21,1,3247.9,15,1
11536,2025-12-30 12:23:46+05:30,3246.2,2,3248.94,849270,103493.0,124134.0,3250.0,3257.0,3239.8,3251.5,43143275,3576.6,2926.4,4322.95,2866.6,3246.2,45,7,3246.1,72,9,3246.0,290,10,3245.9,198,5,3245.8,321,10,3246.7,2,2,3247.1,47,2,3247.7,12,1,3247.8,21,1,3247.9,15,1
11536,2025-12-30 12:23:46+05:30,3246.7,1,3248.94,849273,103683.0,124136.0,3250.0,3257.0,3239.8,3251.5,43143275,3576.6,2926.4,4322.95,2866.6,3246.2,45,8,3246.1,72,9,3246.0,541,13,3245.9,133,4,3245.8,321,10,3246.7,4,4,3247.1,47,2,3247.7,12,1,3247.8,21,1,3247.9,15,1
11536,2025-12-30 12:23:47+05:30,3246.2,5,3248.94,849273,103683.0,124136.0,3250.0,3257.0,3239.8,3251.5,43143275,3576.6,2926.4,4322.95,2866.6,3246.2,45,8,3246.1,72,9,3246.0,541,13,3245.9,133,4,3245.8,321,10,3246.7,4,4,3247.1,47,2,3247.7,12,1,3247.8,21,1,3247.9,15,1
11536,2025-12-30 12:23:47+05:30,3246.2,2,3248.94,849368,103435.0,123973.0,3250.0,3257.0,3239.8,3251.5,43143275,3576.6,2926.4,4322.95,2866.6,3246.2,46,6,3246.1,48,8,3246.0,295,11,3245.9,198,5,3245.8,345,11,3246.7,7,5,3247.1,47,2,3247.7,12,1,3247.8,21,1,3247.9,15,1
11536,2025-12-30 12:23:48+05:30,3246.2,4,3248.94,849368,103435.0,123973.0,3250.0,3257.0,3239.8,3251.5,43143275,3576.6,2926.4,4322.95,2866.6,3246.2,46,6,3246.1,48,8,3246.0,295,11,3245.9,198,5,3245.8,345,11,3246.7,7,5,3247.1,47,2,3247.7,12,1,3247.8,21,1,3247.9,15,1
11536,2025-12-30 12:23:48+05:30,3246.2,1,3248.94,849390,103395.0,123975.0,3250.0,3257.0,3239.8,3251.5,43143275,3576.6,2926.4,4322.95,2866.6,3246.2,25,6,3246.1,48,8,3246.0,267,10,3245.9,96,4,3245.8,345,11,3246.7,9,6,3247.1,47,2,3247.7,12,1,3247.8,53,2,3247.9,15,1
11536,2025-12-30 12:23:49+05:30,3246.5,1,3248.94,849390,103395.0,123975.0,3250.0,3257.0,3239.8,3251.5,43143275,3576.6,2926.4,4322.95,2866.6,3246.2,25,6,3246.1,48,8,3246.0,267,10,3245.9,96,4,3245.8,345,11,3246.7,9,6,3247.1,47,2,3247.7,12,1,3247.8,53,2,3247.9,15,1
11536,2025-12-30 12:23:49+05:30,3248.5,20,3248.94,850128,104793.0,120896.0,3250.0,3257.0,3239.8,3251.5,43143275,3576.6,2926.4,4322.95,2866.6,3246.8,248,2,3246.7,45,2,3246.6,220,3,3246.5,98,5,3246.4,565,4,3247.7,28,1,3247.8,22,1,3247.9,21,1,3248.2,11,1,3248.5,7,1
11536,2025-12-30 12:23:50+05:30,3247.7,1,3248.94,850128,104793.0,120896.0,3250.0,3257.0,3239.8,3251.5,43143275,3576.6,2926.4,4322.95,2866.6,3246.8,248,2,3246.7,45,2,3246.6,220,3,3246.5,98,5,3246.4,565,4,3247.7,28,1,3247.8,22,1,3247.9,21,1,3248.2,11,1,3248.5,7,1
11536,2025-12-30 12:23:50+05:30,3247.7,1,3248.94,850129,105021.0,122553.0,3250.0,3257.0,3239.8,3251.5,43143275,3576.6,2926.4,4322.95,2866.6,3246.8,156,1,3246.7,2,1,3246.6,199,2,3246.5,93,5,3246.4,657,5,3247.7,40,4,3247.8,22,1,3247.9,21,1,3248.2,11,1,3248.3,175,1
11536,2025-12-30 12:23:51+05:30,3247.6,1,3248.94,850170,105082.0,122645.0,3250.0,3257.0,3239.8,3251.5,43143275,3576.6,2926.4,4322.95,2866.6,3246.8,159,2,3246.7,16,2,3246.6,199,2,3246.5,112,6,3246.4,318,5,3247.6,6,1,3247.7,12,3,3247.9,21,1,3248.0,11,1,3248.3,175,1
11536,2025-12-30 12:23:52+05:30,3246.8,2,3248.94,850170,105082.0,122645.0,3250.0,3257.0,3239.8,3251.5,43143275,3576.6,2926.4,4322.95,2866.6,3246.8,159,2,3246.7,16,2,3246.6,199,2,3246.5,112,6,3246.4,318,5,3247.6,6,1,3247.7,12,3,3247.9,21,1,3248.0,11,1,3248.3,175,1
11536,2025-12-30 12:23:52+05:30,3246.8,2,3248.94,850175,105031.0,122502.0,3250.0,3257.0,3239.8,3251.5,43143275,3576.6,2926.4,4322.95,2866.6,3246.8,157,2,3246.7,2,1,3246.6,199,2,3246.5,93,5,3246.4,318,5,3247.6,8,5,3247.7,11,2,3247.9,19,1,3248.0,39,2,3248.1,26,1
11536,2025-12-30 12:23:53+05:30,3247.6,3,3248.94,850175,105031.0,122502.0,3250.0,3257.0,3239.8,3251.5,43143275,3576.6,2926.4,4322.95,2866.6,3246.8,157,2,3246.7,2,1,3246.6,199,2,3246.5,93,5,3246.4,318,5,3247.6,8,5,3247.7,11,2,3247.9,19,1,3248.0,39,2,3248.1,26,1
11536,2025-12-30 12:23:53+05:30,3246.6,12,3248.94,850486,104390.0,122725.0,3250.0,3257.0,3239.8,3251.5,43143275,3576.6,2926.4,4322.95,2866.6,3246.6,35,2,3246.5,29,2,3246.4,284,4,3246.3,90,4,3246.2,600,7,3247.6,11,6,3247.9,28,1,3248.2,22,1,3248.3,194,2,3248.4,21,1
11536,2025-12-30 12:23:54+05:30,3246.6,1,3248.94,850486,104390.0,122725.0,3250.0,3257.0,3239.8,3251.5,43143275,3576.6,2926.4,4322.95,2866.6,3246.6,35,2,3246.5,29,2,3246.4,284,4,3246.3,90,4,3246.2,600,7,3247.6,11,6,3247.9,28,1,3248.2,22,1,3248.3,194,2,3248.4,21,1
11536,2025-12-30 12:23:54+05:30,3247.6,1,3248.94,850538,104466.0,122759.0,3250.0,3257.0,3239.8,3251.5,43143275,3576.6,2926.4,4322.95,2866.6,3246.6,22,2,3246.5,59,3,3246.4,295,5,3246.3,90,4,3246.2,637,8,3247.6,19,7,3247.9,28,1,3248.2,22,1,3248.3,194,2,3248.4,21,1
11536,2025-12-30 12:23:55+05:30,3247.6,1,3248.94,850538,104466.0,122759.0,3250.0,3257.0,3239.8,3251.5,43143275,3576.6,2926.4,4322.95,2866.6,3246.6,22,2,3246.5,59,3,3246.4,295,5,3246.3,90,4,3246.2,637,8,3247.6,19,7,3247.9,28,1,3248.2,22,1,3248.3,194,2,3248.4,21,1
11536,2025-12-30 12:23:55+05:30,3246.6,8,3248.94,850567,104615.0,122764.0,3250.0,3257.0,3239.8,3251.5,43143275,3576.6,2926.4,4322.95,2866.6,3246.6,13,2,3246.5,62,3,3246.4,309,5,3246.3,131,7,3246.2,279,7,3247.6,17,8,3247.9,28,1,3248.2,22,1,3248.3,194,2,3248.4,28,2
11536,2025-12-30 12:23:56+05:30,3246.6,4,3248.94,850567,104615.0,122764.0,3250.0,3257.0,3239.8,3251.5,43143275,3576.6,2926.4,4322.95,2866.6,3246.6,13,2,3246.5,62,3,3246.4,309,5,3246.3,131,7,3246.2,279,7,3247.6,17,8,3247.9,28,1,3248.2,22,1,3248.3,194,2,3248.4,28,2
11536,2025-12-30 12:23:56+05:30,3246.6,12,3248.94,850641,104629.0,122736.0,3250.0,3257.0,3239.8,3251.5,43143275,3576.6,2926.4,4322.95,2866.6,3246.6,3,2,3246.5,174,4,3246.4,219,5,3246.3,82,4,3246.2,289,8,3247.6,11,8,3247.9,28,1,3248.3,205,3,3248.4,28,2,3248.5,31,1
11536,2025-12-30 12:23:57+05:30,3246.6,74,3248.94,850641,104629.0,122736.0,3250.0,3257.0,3239.8,3251.5,43143275,3576.6,2926.4,4322.95,2866.6,3246.6,3,2,3246.5,174,4,3246.4,219,5,3246.3,82,4,3246.2,289,8,3247.6,11,8,3247.9,28,1,3248.3,205,3,3248.4,28,2,3248.5,31,1
11536,2025-12-30 12:23:57+05:30,3246.6,8,3248.94,850756,104479.0,122855.0,3250.0,3257.0,3239.8,3251.5,43143275,3576.6,2926.4,4322.95,2866.6,3246.6,20,1,3246.4,311,6,3246.3,118,4,3246.2,297,9,3246.1,483,10,3247.6,14,11,3247.9,28,1,3248.1,11,1,3248.3,194,2,3248.4,21,1
11536,2025-12-30 12:23:58+05:30,3246.7,2,3248.94,850756,104479.0,122855.0,3250.0,3257.0,3239.8,3251.5,43143275,3576.6,2926.4,4322.95,2866.6,3246.6,20,1,3246.4,311,6,3246.3,118,4,3246.2,297,9,3246.1,483,10,3247.6,14,11,3247.9,28,1,3248.1,11,1,3248.3,194,2,3248.4,21,1
11536,2025-12-30 12:23:58+05:30,3246.7,2,3248.94,850890,104921.0,122085.0,3250.0,3257.0,3239.8,3251.5,43143275,3576.6,2926.4,4322.95,2866.6,3246.7,117,3,3246.6,276,10,3246.5,53,2,3246.4,327,9,3246.3,509,10,3248.0,41,3,3248.1,21,1,3248.3,175,1,3248.5,12,1,3248.6,20,1
11536,2025-12-30 12:23:59+05:30,3246.7,2,3248.94,850890,104922.0,122147.0,3250.0,3257.0,3239.8,3251.5,43143275,3576.6,2926.4,4322.95,2866.6,3246.7,37,3,3246.6,324,9,3246.5,53,2,3246.4,327,9,3246.3,509,10,3248.0,43,4,3248.1,30,2,3248.3,187,2,3248.6,20,1,3248.7,12,1
11536,2025-12-30 12:24:00+05:30,3246.7,1,3248.94,850890,104922.0,122147.0,3250.0,3257.0,3239.8,3251.5,43143275,3576.6,2926.4,4322.95,2866.6,3246.7,37,3,3246.6,324,9,3246.5,53,2,3246.4,327,9,3246.3,509,10,3248.0,43,4,3248.1,30,2,3248.3,187,2,3248.6,20,1,3248.7,12,1
11536,2025-12-30 12:24:00+05:30,3246.7,22,3248.94,850929,105028.0,122713.0,3250.0,3257.0,3239.8,3251.5,43143275,3576.6,2926.4,4322.95,2866.6,3246.7,28,1,3246.6,324,9,3246.5,53,2,3246.4,315,8,3246.3,144,8,3247.9,49,5,3248.0,2,1,3248.1,21,1,3248.3,187,2,3248.6,20,1
11536,2025-12-30 12:24:01+05:30,3247.9,1,3248.94,850929,105028.0,122713.0,3250.0,3257.0,3239.8,3251.5,43143275,3576.6,2926.4,4322.95,2866.6,3246.7,28,1,3246.6,324,9,3246.5,53,2,3246.4,315,8,3246.3,144,8,3247.9,49,5,3248.0,2,1,3248.1,21,1,3248.3,187,2,3248.6,20,1
11536,2025-12-30 12:24:01+05:30,3247.9,1,3248.94,850931,106196.0,122525.0,3250.0,3257.0,3239.8,3251.5,43143275,3576.6,2926.4,4322.95,2866.6,3247.6,84,2,3246.9,135,2,3246.8,66,3,3246.7,173,3,3246.6,333,12,3247.9,3,2,3248.0,2,1,3248.3,187,2,3248.6,30,1,3248.7,31,2
11536,2025-12-30 12:24:02+05:30,3247.6,19,3248.94,850931,106196.0,122525.0,3250.0,3257.0,3239.8,3251.5,43143275,3576.6,2926.4,4322.95,2866.6,3247.6,84,2,3246.9,135,2,3246.8,66,3,3246.7,173,3,3246.6,333,12,3247.9,3,2,3248.0,2,1,3248.3,187,2,3248.6,30,1,3248.7,31,2
11536,2025-12-30 12:24:02+05:30,3247.6,12,3248.94,850962,106556.0,122537.0,3250.0,3257.0,3239.8,3251.5,43143275,3576.6,2926.4,4322.95,2866.6,3247.6,53,2,3246.9,165,3,3246.8,66,3,3246.7,173,3,3246.6,333,12,3247.9,3,3,3248.3,187,2,3248.6,30,1,3248.7,31,2,3248.8,7,1
11536,2025-12-30 12:24:03+05:30,3247.9,1,3248.94,850962,106556.0,122537.0,3250.0,3257.0,3239.8,3251.5,43143275,3576.6,2926.4,4322.95,2866.6,3247.6,53,2,3246.9,165,3,3246.8,66,3,3246.7,173,3,3246.6,333,12,3247.9,3,3,3248.3,187,2,3248.6,30,1,3248.7,31,2,3248.8,7,1
11536,2025-12-30 12:24:03+05:30,3247.8,5,3248.94,850970,106968.0,122516.0,3250.0,3257.0,3239.8,3251.5,43143275,3576.6,2926.4,4322.95,2866.6,3247.8,23,1,3247.6,53,2,3247.0,43,1,3246.9,43,1,3246.8,158,4,3247.9,5,5,3248.1,50,3,3248.3,175,1,3248.4,11,1,3248.5,7,1
11536,2025-12-30 12:24:04+05:30,3247.8,5,3248.94,850970,106968.0,122516.0,3250.0,3257.0,3239.8,3251.5,43143275,3576.6,2926.4,4322.95,2866.6,3247.8,23,1,3247.6,53,2,3247.0,43,1,3246.9,43,1,3246.8,158,4,3247.9,5,5,3248.1,50,3,3248.3,175,1,3248.4,11,1,3248.5,7,1
11536,2025-12-30 12:24:04+05:30,3247.8,5,3248.94,850975,105533.0,122518.0,3250.0,3257.0,3239.8,3251.5,43143275,3576.6,2926.4,4322.95,2866.6,3247.8,18,1,3247.6,53,2,3247.0,43,1,3246.9,43,1,3246.8,158,4,3247.9,6,6,3248.1,50,3,3248.3,175,1,3248.4,11,1,3248.5,7,1
11536,2025-12-30 12:24:05+05:30,3248.3,63,3248.94,850975,105533.0,122518.0,3250.0,3257.0,3239.8,3251.5,43143275,3576.6,2926.4,4322.95,2866.6,3247.8,18,1,3247.6,53,2,3247.0,43,1,3246.9,43,1,3246.8,158,4,3247.9,6,6,3248.1,50,3,3248.3,175,1,3248.4,11,1,3248.5,7,1
11536,2025-12-30 12:24:05+05:30,3248.3,63,3248.94,851103,107112.0,123173.0,3250.0,3257.0,3239.8,3251.5,43143275,3576.6,2926.4,4322.95,2866.6,3247.8,14,1,3247.6,53,2,3247.3,59,2,3247.2,65,2,3247.1,62,2,3248.3,116,2,3248.4,30,1,3248.5,44,3,3248.7,7,1,3248.9,32,1
11536,2025-12-30 12:24:06+05:30,3247.8,1,3248.94,851103,107112.0,123173.0,3250.0,3257.0,3239.8,3251.5,43143275,3576.6,2926.4,4322.95,2866.6,3247.8,14,1,3247.6,53,2,3247.3,59,2,3247.2,65,2,3247.1,62,2,3248.3,116,2,3248.4,30,1,3248.5,44,3,3248.7,7,1,3248.9,32,1
11536,2025-12-30 12:24:06+05:30,3247.8,1,3248.94,851104,107118.0,123175.0,3250.0,3257.0,3239.8,3251.5,43143275,3576.6,2926.4,4322.95,2866.6,3247.8,13,1,3247.6,53,2,3247.3,59,2,3247.2,65,2,3247.1,62,2,3248.3,118,3,3248.4,30,1,3248.5,44,3,3248.7,7,1,3248.9,32,1
11536,2025-12-30 12:24:07+05:30,3247.8,66,3248.94,851104,107118.0,123175.0,3250.0,3257.0,3239.8,3251.5,43143275,3576.6,2926.4,4322.95,2866.6,3247.8,13,1,3247.6,53,2,3247.3,59,2,3247.2,65,2,3247.1,62,2,3248.3,118,3,3248.4,30,1,3248.5,44,3,3248.7,7,1,3248.9,32,1
11536,2025-12-30 12:24:07+05:30,3247.6,37,3248.94,851210,107026.0,123252.0,3250.0,3257.0,3239.8,3251.5,43143275,3576.6,2926.4,4322.95,2866.6,3247.6,16,2,3247.1,43,1,3247.0,64,2,3246.9,92,1,3246.8,57,4,3247.8,10,2,3248.3,123,5,3248.4,30,1,3248.5,22,1,3248.7,15,1
11536,2025-12-30 12:24:08+05:30,3247.6,37,3248.94,851210,107026.0,123252.0,3250.0,3257.0,3239.8,3251.5,43143275,3576.6,2926.4,4322.95,2866.6,3247.6,16,2,3247.1,43,1,3247.0,64,2,3246.9,92,1,3246.8,57,4,3247.8,10,2,3248.3,123,5,3248.4,30,1,3248.5,22,1,3248.7,15,1
11536,2025-12-30 12:24:08+05:30,3247.1,30,3248.94,851310,104969.0,123478.0,3250.0,3257.0,3239.8,3251.5,43143275,3576.6,2926.4,4322.95,2866.6,3247.1,2,1,3247.0,4,1,3246.8,18,1,3246.7,65,2,3246.6,328,11,3247.8,14,4,3248.2,49,2,3248.3,143,5,3248.4,19,2,3248.5,36,2
11536,2025-12-30 12:24:09+05:30,3247.0,5,3248.94,851310,104969.0,123478.0,3250.0,3257.0,3239.8,3251.5,43143275,3576.6,2926.4,4322.95,2866.6,3247.1,2,1,3247.0,4,1,3246.8,18,1,3246.7,65,2,3246.6,328,11,3247.8,14,4,3248.2,49,2,3248.3,143,5,3248.4,19,2,3248.5,36,2
11536,2025-12-30 12:24:09+05:30,3247.0,5,3248.94,851367,104676.0,123402.0,3250.0,3257.0,3239.8,3251.5,43143275,3576.6,2926.4,4322.95,2866.6,3247.0,10,2,3246.8,18,1,3246.7,65,2,3246.6,135,7,3246.5,62,3,3247.8,12,7,3248.0,12,1,3248.1,30,1,3248.2,19,1,3248.3,147,4
11536,2025-12-30 12:24:10+05:30,3247.0,1,3248.94,851367,104676.0,123402.0,3250.0,3257.0,3239.8,3251.5,43143275,3576.6,2926.4,4322.95,2866.6,3247.0,10,2,3246.8,18,1,3246.7,65,2,3246.6,135,7,3246.5,62,3,3247.8,12,7,3248.0,12,1,3248.1,30,1,3248.2,19,1,3248.3,147,4
11536,2025-12-30 12:24:10+05:30,3247.8,1,3248.94,851417,104988.0,123381.0,3250.0,3257.0,3239.8,3251.5,43143275,3576.6,2926.4,4322.95,2866.6,3247.0,3,1,3246.9,16,1,3246.8,18,1,3246.7,65,2,3246.6,135,7,3247.8,18,10,3247.9,14,1,3248.1,155,3,3248.2,32,2,3248.3,34,2
11536,2025-12-30 12:24:11+05:30,3246.9,2,3248.94,851417,104988.0,123381.0,3250.0,3257.0,3239.8,3251.5,43143275,3576.6,2926.4,4322.95,2866.6,3247.0,3,1,3246.9,16,1,3246.8,18,1,3246.7,65,2,3246.6,135,7,3247.8,18,10,3247.9,14,1,3248.1,155,3,3248.2,32,2,3248.3,34,2
11536,2025-12-30 12:24:11+05:30,3246.9,2,3248.94,851448,104954.0,123362.0,3250.0,3257.0,3239.8,3251.5,43143275,3576.6,2926.4,4322.95,2866.6,3246.9,16,1,3246.6,44,4,3246.5,77,3,3246.4,188,9,3246.3,228,7,3247.0,7,5,3247.8,21,6,3248.1,155,3,3248.2,19,1,3248.3,27,1
11536,2025-12-30 12:24:12+05:30,3246.9,1,3248.94,851448,104954.0,123362.0,3250.0,3257.0,3239.8,3251.5,43143275,3576.6,2926.4,4322.95,2866.6,3246.9,16,1,3246.6,44,4,3246.5,77,3,3246.4,188,9,3246.3,228,7,3247.0,7,5,3247.8,21,6,3248.1,155,3,3248.2,19,1,3248.3,27,1
11536,2025-12-30 12:24:12+05:30,3247.0,1,3248.94,851479,104832.0,123322.0,3250.0,3257.0,3239.8,3251.5,43143275,3576.6,2926.4,4322.95,2866.6,3246.9,15,1,3246.6,3,2,3246.5,30,1,3246.4,158,8,3246.3,136,6,3247.0,10,8,3247.8,16,3,3248.1,155,3,3248.2,19,1,3248.3,27,1
11536,2025-12-30 12:24:13+05:30,3246.7,5,3248.94,851479,104832.0,123322.0,3250.0,3257.0,3239.8,3251.5,43143275,3576.6,2926.4,4322.95,2866.6,3246.9,15,1,3246.6,3,2,3246.5,30,1,3246.4,158,8,3246.3,136,6,3247.0,10,8,3247.8,16,3,3248.1,155,3,3248.2,19,1,3248.3,27,1
11536,2025-12-30 12:24:13+05:30,3247.0,1,3248.93,851536,104944.0,123241.0,3250.0,3257.0,3239.8,3251.5,43143275,3576.6,2926.4,4322.95,2866.6,3246.7,46,4,3246.6,35,4,3246.5,50,2,3246.4,124,9,3246.3,148,7,3247.0,17,4,3247.8,3,1,3247.9,3,1,3248.1,112,1,3248.4,21,1
11536,2025-12-30 12:24:14+05:30,3247.0,1,3248.93,851536,104944.0,123241.0,3250.0,3257.0,3239.8,3251.5,43143275,3576.6,2926.4,4322.95,2866.6,3246.7,46,4,3246.6,35,4,3246.5,50,2,3246.4,124,9,3246.3,148,7,3247.0,17,4,3247.8,3,1,3247.9,3,1,3248.1,112,1,3248.4,21,1
11536,2025-12-30 12:24:14+05:30,3246.6,1,3248.93,851538,104886.0,123275.0,3250.0,3257.0,3239.8,3251.5,43143275,3576.6,2926.4,4322.95,2866.6,3246.6,30,5,3246.5,30,1,3246.4,75,7,3246.3,148,7,3246.2,124,7,3247.0,18,5,3247.8,3,1,3247.9,3,1,3248.1,112,1,3248.4,21,1
11536,2025-12-30 12:24:15+05:30,3247.0,1,3248.93,851538,104886.0,123275.0,3250.0,3257.0,3239.8,3251.5,43143275,3576.6,2926.4,4322.95,2866.6,3246.6,30,5,3246.5,30,1,3246.4,75,7,3246.3,148,7,3246.2,124,7,3247.0,18,5,3247.8,3,1,3247.9,3,1,3248.1,112,1,3248.4,21,1
11536,2025-12-30 12:24:15+05:30,3247.0,1,3248.93,851546,104265.0,124861.0,3250.0,3257.0,3239.8,3251.5,43143275,3576.6,2926.4,4322.95,2866.6,3246.7,10,1,3246.6,3,2,3246.4,21,3,3246.3,26,2,3246.2,65,5,3247.0,59,6,3247.5,112,1,3247.6,30,1,3247.7,29,2,3247.8,3,1
11536,2025-12-30 12:24:16+05:30,3246.7,1,3248.93,851546,104265.0,124861.0,3250.0,3257.0,3239.8,3251.5,43143275,3576.6,2926.4,4322.95,2866.6,3246.7,10,1,3246.6,3,2,3246.4,21,3,3246.3,26,2,3246.2,65,5,3247.0,59,6,3247.5,112,1,3247.6,30,1,3247.7,29,2,3247.8,3,1
11536,2025-12-30 12:24:16+05:30,3247.0,1,3248.93,851555,104280.0,124863.0,3250.0,3257.0,3239.8,3251.5,43143275,3576.6,2926.4,4322.95,2866.6,3246.7,2,1,3246.6,3,2,3246.4,21,3,3246.3,26,2,3246.2,65,5,3247.0,61,9,3247.6,30,1,3247.7,29,2,3247.8,115,2,3247.9,45,3
11536,2025-12-30 12:24:17+05:30,3246.7,77,3248.93,851555,104280.0,124863.0,3250.0,3257.0,3239.8,3251.5,43143275,3576.6,2926.4,4322.95,2866.6,3246.7,2,1,3246.6,3,2,3246.4,21,3,3246.3,26,2,3246.2,65,5,3247.0,61,9,3247.6,30,1,3247.7,29,2,3247.8,115,2,3247.9,45,3
11536,2025-12-30 12:24:17+05:30,3246.7,77,3248.93,851637,104295.0,124871.0,3250.0,3257.0,3239.8,3251.5,43143275,3576.6,2926.4,4322.95,2866.6,3246.7,5,2,3246.6,3,2,3246.5,1,1,3246.4,21,3,3246.3,37,3,3247.0,62,10,3247.5,30,1,3247.6,112,1,3247.7,29,2,3247.8,3,1
11536,2025-12-30 12:24:18+05:30,3246.7,1,3248.93,851637,104295.0,124871.0,3250.0,3257.0,3239.8,3251.5,43143275,3576.6,2926.4,4322.95,2866.6,3246.7,5,2,3246.6,3,2,3246.5,1,1,3246.4,21,3,3246.3,37,3,3247.0,62,10,3247.5,30,1,3247.6,112,1,3247.7,29,2,3247.8,3,1
11536,2025-12-30 12:24:18+05:30,3246.7,1,3248.93,851642,102847.0,124850.0,3250.0,3257.0,3239.8,3251.5,43143275,3576.6,2926.4,4322.95,2866.6,3246.7,2,2,3246.6,3,2,3246.5,18,3,3246.4,28,4,3246.3,37,3,3247.0,65,10,3247.5,30,1,3247.7,19,1,3247.8,115,2,3247.9,45,3
11536,2025-12-30 12:24:19+05:30,3246.7,1,3248.93,851642,102847.0,124850.0,3250.0,3257.0,3239.8,3251.5,43143275,3576.6,2926.4,4322.95,2866.6,3246.7,2,2,3246.6,3,2,3246.5,18,3,3246.4,28,4,3246.3,37,3,3247.0,65,10,3247.5,30,1,3247.7,19,1,3247.8,115,2,3247.9,45,3
11536,2025-12-30 12:24:19+05:30,3246.7,1,3248.93,851646,104327.0,124912.0,3250.0,3257.0,3239.8,3251.5,43143275,3576.6,2926.4,4322.95,2866.6,3246.6,7,3,3246.5,15,3,3246.4,47,5,3246.3,77,5,3246.2,125,7,3247.0,63,8,3247.5,30,1,3247.8,115,2,3247.9,18,2,3248.1,19,1
11536,2025-12-30 12:24:20+05:30,3246.5,1,3248.93,851646,104327.0,124912.0,3250.0,3257.0,3239.8,3251.5,43143275,3576.6,2926.4,4322.95,2866.6,3246.6,7,3,3246.5,15,3,3246.4,47,5,3246.3,77,5,3246.2,125,7,3247.0,63,8,3247.5,30,1,3247.8,115,2,3247.9,18,2,3248.1,19,1
11536,2025-12-30 12:24:20+05:30,3246.5,6,3248.93,851682,104121.0,124994.0,3250.0,3257.0,3239.8,3251.5,43143275,3576.6,2926.4,4322.95,2866.6,3246.5,22,5,3246.4,40,4,3246.3,62,4,3246.2,120,7,3246.1,135,9,3247.0,60,8,3247.5,30,1,3247.8,115,2,3247.9,18,2,3248.1,19,1
11536,2025-12-30 12:24:21+05:30,3246.5,1,3248.93,851682,104121.0,124994.0,3250.0,3257.0,3239.8,3251.5,43143275,3576.6,2926.4,4322.95,2866.6,3246.5,22,5,3246.4,40,4,3246.3,62,4,3246.2,120,7,3246.1,135,9,3247.0,60,8,3247.5,30,1,3247.8,115,2,3247.9,18,2,3248.1,19,1
11536,2025-12-30 12:24:21+05:30,3247.0,5,3248.93,851689,104191.0,124990.0,3250.0,3257.0,3239.8,3251.5,43143275,3576.6,2926.4,4322.95,2866.6,3246.5,75,6,3246.4,60,5,3246.3,86,5,3246.2,187,7,3246.1,71,9,3247.0,55,8,3247.5,30,1,3247.8,115,2,3247.9,18,2,3248.1,19,1
11536,2025-12-30 12:24:22+05:30,3247.0,2,3248.93,851689,104191.0,124990.0,3250.0,3257.0,3239.8,3251.5,43143275,3576.6,2926.4,4322.95,2866.6,3246.5,75,6,3246.4,60,5,3246.3,86,5,3246.2,187,7,3246.1,71,9,3247.0,55,8,3247.5,30,1,3247.8,115,2,3247.9,18,2,3248.1,19,1
11536,2025-12-30 12:24:22+05:30,3247.0,2,3248.93,851699,104190.0,124982.0,3250.0,3257.0,3239.8,3251.5,43143275,3576.6,2926.4,4322.95,2866.6,3246.5,67,5,3246.4,67,6,3246.3,86,5,3246.2,187,7,3246.1,71,9,3247.0,55,10,3247.5,30,1,3247.8,115,2,3247.9,3,1,3248.1,19,1
11536,2025-12-30 12:24:23+05:30,3246.5,1,3248.93,851699,104190.0,124982.0,3250.0,3257.0,3239.8,3251.5,43143275,3576.6,2926.4,4322.95,2866.6,3246.5,67,5,3246.4,67,6,3246.3,86,5,3246.2,187,7,3246.1,71,9,3247.0,55,10,3247.5,30,1,3247.8,115,2,3247.9,3,1,3248.1,19,1
11536,2025-12-30 12:24:23+05:30,3246.5,1,3248.93,851708,104153.0,124983.0,3250.0,3257.0,3239.8,3251.5,43143275,3576.6,2926.4,4322.95,2866.6,3246.5,67,5,3246.4,67,6,3246.3,86,5,3246.2,187,7,3246.1,43,8,3247.0,54,9,3247.5,30,1,3247.8,115,2,3247.9,3,1,3248.1,19,1
11536,2025-12-30 12:24:24+05:30,3246.5,3,3248.93,851708,104153.0,124983.0,3250.0,3257.0,3239.8,3251.5,43143275,3576.6,2926.4,4322.95,2866.6,3246.5,67,5,3246.4,67,6,3246.3,86,5,3246.2,187,7,3246.1,43,8,3247.0,54,9,3247.5,30,1,3247.8,115,2,3247.9,3,1,3248.1,19,1
11536,2025-12-30 12:24:24+05:30,3246.5,3,3248.93,851716,104219.0,124970.0,3250.0,3257.0,3239.8,3251.5,43143275,3576.6,2926.4,4322.95,2866.6,3246.5,73,6,3246.4,48,5,3246.3,61,4,3246.2,206,8,3246.1,69,9,3247.0,52,8,3247.5,30,1,3247.8,115,2,3247.9,3,1,3248.1,19,1
11536,2025-12-30 12:24:25+05:30,3247.0,1,3248.93,851716,104219.0,124970.0,3250.0,3257.0,3239.8,3251.5,43143275,3576.6,2926.4,4322.95,2866.6,3246.5,73,6,3246.4,48,5,3246.3,61,4,3246.2,206,8,3246.1,69,9,3247.0,52,8,3247.5,30,1,3247.8,115,2,3247.9,3,1,3248.1,19,1
11536,2025-12-30 12:24:25+05:30,3247.0,1,3248.93,851763,104357.0,124953.0,3250.0,3257.0,3239.8,3251.5,43143275,3576.6,2926.4,4322.95,2866.6,3246.5,65,5,3246.4,55,6,3246.3,80,5,3246.2,206,8,3246.1,69,9,3247.0,17,9,3247.5,30,1,3247.8,115,2,3247.9,3,1,3248.1,19,1
11536,2025-12-30 12:24:26+05:30,3246.5,2,3248.93,851763,104357.0,124953.0,3250.0,3257.0,3239.8,3251.5,43143275,3576.6,2926.4,4322.95,2866.6,3246.5,65,5,3246.4,55,6,3246.3,80,5,3246.2,206,8,3246.1,69,9,3247.0,17,9,3247.5,30,1,3247.8,115,2,3247.9,3,1,3248.1,19,1
11536,2025-12-30 12:24:26+05:30,3246.5,2,3248.93,851766,104346.0,124954.0,3250.0,3257.0,3239.8,3251.5,43143275,3576.6,2926.4,4322.95,2866.6,3246.5,62,5,3246.4,55,6,3246.3,80,5,3246.2,206,8,3246.1,69,9,3247.0,18,10,3247.5,30,1,3247.8,115,2,3247.9,3,1,3248.1,19,1
11536,2025-12-30 12:24:27+05:30,3246.5,16,3248.93,851766,104346.0,124954.0,3250.0,3257.0,3239.8,3251.5,43143275,3576.6,2926.4,4322.95,2866.6,3246.5,62,5,3246.4,55,6,3246.3,80,5,3246.2,206,8,3246.1,69,9,3247.0,18,10,3247.5,30,1,3247.8,115,2,3247.9,3,1,3248.1,19,1
11536,2025-12-30 12:24:27+05:30,3246.5,1,3248.93,851867,104154.0,125050.0,3250.0,3257.0,3239.8,3251.5,43143275,3576.6,2926.4,4322.95,2866.6,3246.5,35,4,3246.4,49,5,3246.3,37,3,3246.2,157,6,3246.1,97,10,3247.0,17,8,3247.5,30,1,3247.8,3,1,3247.9,3,1,3248.0,112,1
11536,2025-12-30 12:24:28+05:30,3246.5,3,3248.93,851867,104154.0,125050.0,3250.0,3257.0,3239.8,3251.5,43143275,3576.6,2926.4,4322.95,2866.6,3246.5,35,4,3246.4,49,5,3246.3,37,3,3246.2,157,6,3246.1,97,10,3247.0,17,8,3247.5,30,1,3247.8,3,1,3247.9,3,1,3248.0,112,1
11536,2025-12-30 12:24:28+05:30,3246.5,3,3248.93,851880,104129.0,125058.0,3250.0,3257.0,3239.8,3251.5,43143275,3576.6,2926.4,4322.95,2866.6,3246.5,30,5,3246.4,49,5,3246.3,37,3,3246.2,187,7,3246.1,69,9,3247.0,17,7,3247.5,30,1,3247.8,3,1,3247.9,3,1,3248.0,112,1
11536,2025-12-30 12:24:29+05:30,3246.5,1,3248.93,851911,104405.0,125056.0,3250.0,3257.0,3239.8,3251.5,43143275,3576.6,2926.4,4322.95,2866.6,3246.5,31,5,3246.4,49,5,3246.3,60,4,3246.2,162,6,3246.1,69,9,3247.0,15,7,3247.5,30,1,3247.8,3,1,3247.9,3,1,3248.0,112,1
11536,2025-12-30 12:24:29+05:30,3246.5,1,3248.93,851911,104405.0,125056.0,3250.0,3257.0,3239.8,3251.5,43143275,3576.6,2926.4,4322.95,2866.6,3246.5,31,5,3246.4,49,5,3246.3,60,4,3246.2,162,6,3246.1,69,9,3247.0,15,7,3247.5,30,1,3247.8,3,1,3247.9,3,1,3248.0,112,1
11536,2025-12-30 12:24:30+05:30,3246.5,3,3248.93,851915,104228.0,125058.0,3250.0,3257.0,3239.8,3251.5,43143275,3576.6,2926.4,4322.95,2866.6,3246.5,27,5,3246.4,49,5,3246.3,60,4,3246.2,162,6,3246.1,69,9,3247.0,15,7,3247.5,30,1,3247.8,3,1,3247.9,3,1,3248.0,112,1
11536,2025-12-30 12:24:30+05:30,3246.5,3,3248.93,851915,104228.0,125058.0,3250.0,3257.0,3239.8,3251.5,43143275,3576.6,2926.4,4322.95,2866.6,3246.5,27,5,3246.4,49,5,3246.3,60,4,3246.2,162,6,3246.1,69,9,3247.0,15,7,3247.5,30,1,3247.8,3,1,3247.9,3,1,3248.0,112,1
11536,2025-12-30 12:24:31+05:30,3248.0,100,3248.93,852094,105375.0,122901.0,3250.0,3257.0,3239.8,3251.5,43143275,3576.6,2926.4,4322.95,2866.6,3247.0,22,1,3246.9,94,2,3246.8,45,4,3246.7,90,3,3246.6,111,4,3248.0,18,2,3248.7,41,2,3248.8,21,1,3248.9,86,3,3249.0,43,5
11536,2025-12-30 12:24:31+05:30,3248.0,100,3248.93,852094,105375.0,122901.0,3250.0,3257.0,3239.8,3251.5,43143275,3576.6,2926.4,4322.95,2866.6,3247.0,22,1,3246.9,94,2,3246.8,45,4,3246.7,90,3,3246.6,111,4,3248.0,18,2,3248.7,41,2,3248.8,21,1,3248.9,86,3,3249.0,43,5
11536,2025-12-30 12:24:32+05:30,3248.0,2,3248.93,852098,105200.0,123497.0,3250.0,3257.0,3239.8,3251.5,43143275,3576.6,2926.4,4322.95,2866.6,3247.0,22,1,3246.9,94,2,3246.8,63,4,3246.7,90,3,3246.6,111,4,3248.0,18,4,3248.7,41,2,3248.8,32,2,3248.9,86,3,3249.0,33,4
11536,2025-12-30 12:24:32+05:30,3248.0,2,3248.93,852098,105200.0,123497.0,3250.0,3257.0,3239.8,3251.5,43143275,3576.6,2926.4,4322.95,2866.6,3247.0,22,1,3246.9,94,2,3246.8,63,4,3246.7,90,3,3246.6,111,4,3248.0,18,4,3248.7,41,2,3248.8,32,2,3248.9,86,3,3249.0,33,4
11536,2025-12-30 12:24:33+05:30,3247.0,7,3248.93,852160,105592.0,123248.0,3250.0,3257.0,3239.8,3251.5,43143275,3576.6,2926.4,4322.95,2866.6,3247.9,7,1,3247.0,24,2,3246.9,52,3,3246.8,111,5,3246.7,151,5,3248.0,182,5,3248.2,27,1,3248.3,10,1,3248.4,7,1,3248.5,9,1
11536,2025-12-30 12:24:33+05:30,3247.0,7,3248.93,852160,105592.0,123248.0,3250.0,3257.0,3239.8,3251.5,43143275,3576.6,2926.4,4322.95,2866.6,3247.9,7,1,3247.0,24,2,3246.9,52,3,3246.8,111,5,3246.7,151,5,3248.0,182,5,3248.2,27,1,3248.3,10,1,3248.4,7,1,3248.5,9,1
11536,2025-12-30 12:24:34+05:30,3247.9,1,3248.93,852164,106769.0,123271.0,3250.0,3257.0,3239.8,3251.5,43143275,3576.6,2926.4,4322.95,2866.6,3247.9,4,2,3247.0,24,2,3246.9,52,3,3246.8,203,6,3246.7,90,4,3248.0,199,7,3248.2,27,1,3248.3,10,1,3248.5,9,1,3248.7,49,3
11536,2025-12-30 12:24:34+05:30,3247.9,7,3248.93,852164,106769.0,123271.0,3250.0,3257.0,3239.8,3251.5,43143275,3576.6,2926.4,4322.95,2866.6,3247.9,4,2,3247.0,24,2,3246.9,52,3,3246.8,203,6,3246.7,90,4,3248.0,199,7,3248.2,27,1,3248.3,10,1,3248.5,9,1,3248.7,49,3
11536,2025-12-30 12:24:35+05:30,3247.9,1,3248.93,852212,107070.0,123266.0,3250.0,3257.0,3239.8,3251.5,43143275,3576.6,2926.4,4322.95,2866.6,3247.9,5,2,3247.0,24,2,3246.9,113,4,3246.8,203,6,3246.7,120,5,3248.0,194,8,3248.2,27,1,3248.3,10,1,3248.5,9,1,3248.7,49,3
11536,2025-12-30 12:24:35+05:30,3248.0,1,3248.93,852212,107070.0,123266.0,3250.0,3257.0,3239.8,3251.5,43143275,3576.6,2926.4,4322.95,2866.6,3247.9,5,2,3247.0,24,2,3246.9,113,4,3246.8,203,6,3246.7,120,5,3248.0,194,8,3248.2,27,1,3248.3,10,1,3248.5,9,1,3248.7,49,3
11536,2025-12-30 12:24:36+05:30,3247.0,10,3248.93,852229,105692.0,123500.0,3250.0,3257.0,3239.8,3251.5,43143275,3576.6,2926.4,4322.95,2866.6,3247.0,3,1,3246.9,25,3,3246.8,95,5,3246.7,109,5,3246.6,235,7,3247.9,8,3,3248.0,182,7,3248.2,30,2,3248.5,19,2,3248.7,32,1
11536,2025-12-30 12:24:36+05:30,3247.9,1,3248.93,852229,105692.0,123500.0,3250.0,3257.0,3239.8,3251.5,43143275,3576.6,2926.4,4322.95,2866.6,3247.0,3,1,3246.9,25,3,3246.8,95,5,3246.7,109,5,3246.6,235,7,3247.9,8,3,3248.0,182,7,3248.2,30,2,3248.5,19,2,3248.7,32,1
11536,2025-12-30 12:24:37+05:30,3246.9,60,3248.93,852374,105205.0,123451.0,3250.0,3257.0,3239.8,3251.5,43143275,3576.6,2926.4,4322.95,2866.6,3246.8,29,2,3246.7,28,2,3246.6,119,5,3246.5,170,7,3246.4,77,7,3247.9,13,8,3248.0,209,5,3248.2,32,3,3248.6,21,1,3248.7,42,2
11536,2025-12-30 12:24:37+05:30,3246.8,3,3248.93,852374,105205.0,123451.0,3250.0,3257.0,3239.8,3251.5,43143275,3576.6,2926.4,4322.95,2866.6,3246.8,29,2,3246.7,28,2,3246.6,119,5,3246.5,170,7,3246.4,77,7,3247.9,13,8,3248.0,209,5,3248.2,32,3,3248.6,21,1,3248.7,42,2
11536,2025-12-30 12:24:38+05:30,3246.8,5,3248.93,852490,105094.0,123501.0,3250.0,3257.0,3239.8,3251.5,43143275,3576.6,2926.4,4322.95,2866.6,3246.8,15,2,3246.7,22,2,3246.6,76,4,3246.5,39,4,3246.4,235,9,3247.9,32,12,3248.0,207,3,3248.1,27,1,3248.2,5,2,3248.6,21,1
11536,2025-12-30 12:24:38+05:30,3246.8,3,3248.93,852490,105094.0,123501.0,3250.0,3257.0,3239.8,3251.5,43143275,3576.6,2926.4,4322.95,2866.6,3246.8,15,2,3246.7,22,2,3246.6,76,4,3246.5,39,4,3246.4,235,9,3247.9,32,12,3248.0,207,3,3248.1,27,1,3248.2,5,2,3248.6,21,1
11536,2025-12-30 12:24:39+05:30,3246.8,3,3248.93,852518,105051.0,123482.0,3250.0,3257.0,3239.8,3251.5,43143275,3576.6,2926.4,4322.95,2866.6,3246.8,58,3,3246.7,40,3,3246.6,66,3,3246.5,39,4,3246.4,235,9,3247.9,32,12,3248.0,206,2,3248.1,27,1,3248.2,5,2,3248.5,10,1
11536,2025-12-30 12:24:39+05:30,3246.8,1,3248.93,852518,105051.0,123482.0,3250.0,3257.0,3239.8,3251.5,43143275,3576.6,2926.4,4322.95,2866.6,3246.8,58,3,3246.7,40,3,3246.6,66,3,3246.5,39,4,3246.4,235,9,3247.9,32,12,3248.0,206,2,3248.1,27,1,3248.2,5,2,3248.5,10,1
11536,2025-12-30 12:24:39+05:30,3246.8,1,3248.93,852615,105156.0,123471.0,3250.0,3257.0,3239.8,3251.5,43143275,3576.6,2926.4,4322.95,2866.6,3246.8,11,2,3246.7,40,3,3246.6,66,3,3246.5,39,4,3246.4,235,9,3247.9,11,8,3248.0,206,2,3248.1,27,1,3248.2,15,3,3248.6,21,1
11536,2025-12-30 12:24:40+05:30,3246.8,9,3248.93,852615,105156.0,123471.0,3250.0,3257.0,3239.8,3251.5,43143275,3576.6,2926.4,4322.95,2866.6,3246.8,11,2,3246.7,40,3,3246.6,66,3,3246.5,39,4,3246.4,235,9,3247.9,11,8,3248.0,206,2,3248.1,27,1,3248.2,15,3,3248.6,21,1
11536,2025-12-30 12:24:41+05:30,3246.8,3,3248.93,852629,105098.0,123473.0,3250.0,3257.0,3239.8,3251.5,43143275,3576.6,2926.4,4322.95,2866.6,3246.8,25,2,3246.7,22,2,3246.6,66,3,3246.5,39,4,3246.4,235,9,3247.9,13,10,3248.0,206,2,3248.1,27,1,3248.2,15,3,3248.6,21,1
11536,2025-12-30 12:24:41+05:30,3246.8,7,3248.93,852629,105098.0,123473.0,3250.0,3257.0,3239.8,3251.5,43143275,3576.6,2926.4,4322.95,2866.6,3246.8,25,2,3246.7,22,2,3246.6,66,3,3246.5,39,4,3246.4,235,9,3247.9,13,10,3248.0,206,2,3248.1,27,1,3248.2,15,3,3248.6,21,1
11536,2025-12-30 12:24:41+05:30,3246.8,2,3248.93,852666,105202.0,123473.0,3250.0,3257.0,3239.8,3251.5,43143275,3576.6,2926.4,4322.95,2866.6,3246.8,76,3,3246.7,41,3,3246.6,66,3,3246.5,174,6,3246.4,166,9,3247.9,13,11,3248.0,206,2,3248.1,27,1,3248.2,5,2,3248.6,21,1
11536,2025-12-30 12:24:42+05:30,3246.8,3,3248.93,852666,105202.0,123473.0,3250.0,3257.0,3239.8,3251.5,43143275,3576.6,2926.4,4322.95,2866.6,3246.8,76,3,3246.7,41,3,3246.6,66,3,3246.5,174,6,3246.4,166,9,3247.9,13,11,3248.0,206,2,3248.1,27,1,3248.2,5,2,3248.6,21,1
11536,2025-12-30 12:24:42+05:30,3246.8,3,3248.93,852689,105181.0,123495.0,3250.0,3257.0,3239.8,3251.5,43143275,3576.6,2926.4,4322.95,2866.6,3246.8,57,3,3246.7,41,3,3246.6,66,3,3246.5,174,6,3246.4,166,9,3247.9,10,8,3248.0,206,2,3248.1,27,1,3248.2,5,2,3248.6,21,1
11536,2025-12-30 12:24:43+05:30,3246.9,1,3248.93,852689,105181.0,123495.0,3250.0,3257.0,3239.8,3251.5,43143275,3576.6,2926.4,4322.95,2866.6,3246.8,57,3,3246.7,41,3,3246.6,66,3,3246.5,174,6,3246.4,166,9,3247.9,10,8,3248.0,206,2,3248.1,27,1,3248.2,5,2,3248.6,21,1
11536,2025-12-30 12:24:43+05:30,3246.9,11,3248.93,852713,105341.0,123470.0,3250.0,3257.0,3239.8,3251.5,43143275,3576.6,2926.4,4322.95,2866.6,3246.9,21,1,3246.8,36,2,3246.7,69,4,3246.6,66,3,3246.5,174,6,3247.9,6,6,3248.0,206,2,3248.1,27,1,3248.2,3,1,3248.6,21,1
11536,2025-12-30 12:24:44+05:30,3246.9,1,3248.93,852713,105341.0,123470.0,3250.0,3257.0,3239.8,3251.5,43143275,3576.6,2926.4,4322.95,2866.6,3246.9,21,1,3246.8,36,2,3246.7,69,4,3246.6,66,3,3246.5,174,6,3247.9,6,6,3248.0,206,2,3248.1,27,1,3248.2,3,1,3248.6,21,1
11536,2025-12-30 12:24:45+05:30,3246.9,5,3248.93,852728,105656.0,123363.0,3250.0,3257.0,3239.8,3251.5,43143275,3576.6,2926.4,4322.95,2866.6,3247.4,7,1,3246.8,100,4,3246.7,84,4,3246.6,109,4,3246.5,200,7,3247.9,6,6,3248.0,206,2,3248.1,27,1,3248.2,3,1,3248.4,10,1
11536,2025-12-30 12:24:45+05:30,3247.9,1,3248.93,852728,105656.0,123363.0,3250.0,3257.0,3239.8,3251.5,43143275,3576.6,2926.4,4322.95,2866.6,3247.4,7,1,3246.8,100,4,3246.7,84,4,3246.6,109,4,3246.5,200,7,3247.9,6,6,3248.0,206,2,3248.1,27,1,3248.2,3,1,3248.4,10,1
11536,2025-12-30 12:24:45+05:30,3247.9,1,3248.93,852750,105657.0,123388.0,3250.0,3257.0,3239.8,3251.5,43143275,3576.6,2926.4,4322.95,2866.6,3247.4,6,1,3246.8,102,5,3246.7,114,5,3246.6,109,4,3246.5,178,5,3247.9,2,2,3248.0,206,2,3248.1,27,1,3248.2,13,2,3248.7,42,2
11536,2025-12-30 12:24:46+05:30,3247.9,1,3248.93,852750,105657.0,123388.0,3250.0,3257.0,3239.8,3251.5,43143275,3576.6,2926.4,4322.95,2866.6,3247.4,6,1,3246.8,102,5,3246.7,114,5,3246.6,109,4,3246.5,178,5,3247.9,2,2,3248.0,206,2,3248.1,27,1,3248.2,13,2,3248.7,42,2
11536,2025-12-30 12:24:47+05:30,3246.5,8,3248.93,852750,105657.0,123388.0,3250.0,3257.0,3239.8,3251.5,43143275,3576.6,2926.4,4322.95,2866.6,3247.4,6,1,3246.8,102,5,3246.7,114,5,3246.6,109,4,3246.5,178,5,3247.9,2,2,3248.0,206,2,3248.1,27,1,3248.2,13,2,3248.7,42,2
11536,2025-12-30 12:24:47+05:30,3246.5,8,3248.93,853251,103736.0,123573.0,3250.0,3257.0,3239.8,3251.5,43143275,3576.6,2926.4,4322.95,2866.6,3246.8,85,6,3246.7,9,1,3246.6,10,2,3246.5,33,3,3246.4,281,9,3247.4,23,2,3247.9,48,5,3248.0,171,1,3248.2,3,1,3248.4,20,1
11536,2025-12-30 12:24:48+05:30,3246.8,5,3248.93,853256,105167.0,123581.0,3250.0,3257.0,3239.8,3251.5,43143275,3576.6,2926.4,4322.95,2866.6,3246.8,73,5,3246.7,9,1,3246.6,21,3,3246.5,34,4,3246.4,277,8,3247.4,32,4,3247.9,47,4,3248.0,171,1,3248.2,3,1,3248.4,20,1
11536,2025-12-30 12:24:48+05:30,3246.8,5,3248.93,853256,105167.0,123581.0,3250.0,3257.0,3239.8,3251.5,43143275,3576.6,2926.4,4322.95,2866.6,3246.8,73,5,3246.7,9,1,3246.6,21,3,3246.5,34,4,3246.4,277,8,3247.4,32,4,3247.9,47,4,3248.0,171,1,3248.2,3,1,3248.4,20,1
11536,2025-12-30 12:24:49+05:30,3246.6,1,3248.93,853370,104704.0,124703.0,3250.0,3257.0,3239.8,3251.5,43143275,3576.6,2926.4,4322.95,2866.6,3246.6,30,2,3246.5,48,6,3246.4,75,6,3246.3,36,3,3246.2,110,7,3246.7,8,1,3247.4,13,4,3247.9,45,2,3248.0,171,1,3248.1,1,1
11536,2025-12-30 12:24:49+05:30,3246.6,1,3248.93,853370,104704.0,124703.0,3250.0,3257.0,3239.8,3251.5,43143275,3576.6,2926.4,4322.95,2866.6,3246.6,30,2,3246.5,48,6,3246.4,75,6,3246.3,36,3,3246.2,110,7,3246.7,8,1,3247.4,13,4,3247.9,45,2,3248.0,171,1,3248.1,1,1
11536,2025-12-30 12:24:49+05:30,3246.7,1,3248.93,853416,104982.0,124736.0,3250.0,3257.0,3239.8,3251.5,43143275,3576.6,2926.4,4322.95,2866.6,3246.6,52,5,3246.5,55,6,3246.4,73,5,3246.3,51,4,3246.2,110,7,3246.7,17,3,3247.4,13,4,3247.9,45,2,3248.0,171,1,3248.1,1,1
11536,2025-12-30 12:24:50+05:30,3246.7,5,3248.93,853416,104982.0,124736.0,3250.0,3257.0,3239.8,3251.5,43143275,3576.6,2926.4,4322.95,2866.6,3246.6,52,5,3246.5,55,6,3246.4,73,5,3246.3,51,4,3246.2,110,7,3246.7,17,3,3247.4,13,4,3247.9,45,2,3248.0,171,1,3248.1,1,1
11536,2025-12-30 12:24:50+05:30,3246.7,1,3248.93,853614,105112.0,123230.0,3250.0,3257.0,3239.8,3251.5,43143275,3576.6,2926.4,4322.95,2866.6,3246.7,80,6,3246.6,111,5,3246.5,175,6,3246.4,125,7,3246.3,503,8,3247.4,13,4,3247.9,45,2,3248.0,171,1,3248.2,3,1,3248.6,47,2
11536,2025-12-30 12:24:51+05:30,3246.7,1,3248.93,853614,105112.0,123230.0,3250.0,3257.0,3239.8,3251.5,43143275,3576.6,2926.4,4322.95,2866.6,3246.7,80,6,3246.6,111,5,3246.5,175,6,3246.4,125,7,3246.3,503,8,3247.4,13,4,3247.9,45,2,3248.0,171,1,3248.2,3,1,3248.6,47,2
11536,2025-12-30 12:24:51+05:30,3246.7,2,3248.93,853644,104906.0,123246.0,3250.0,3257.0,3239.8,3251.5,43143275,3576.6,2926.4,4322.95,2866.6,3246.7,83,7,3246.6,111,5,3246.5,83,5,3246.4,217,8,3246.3,145,7,3247.4,8,4,3247.9,45,2,3248.0,171,1,3248.2,3,1,3248.6,47,2
11536,2025-12-30 12:24:52+05:30,3247.9,14,3248.93,853644,104906.0,123246.0,3250.0,3257.0,3239.8,3251.5,43143275,3576.6,2926.4,4322.95,2866.6,3246.7,83,7,3246.6,111,5,3246.5,83,5,3246.4,217,8,3246.3,145,7,3247.4,8,4,3247.9,45,2,3248.0,171,1,3248.2,3,1,3248.6,47,2
11536,2025-12-30 12:24:52+05:30,3247.9,2,3248.93,853771,105486.0,123369.0,3250.0,3257.0,3239.8,3251.5,43143275,3576.6,2926.4,4322.95,2866.6,3246.8,19,3,3246.7,131,5,3246.6,98,5,3246.5,198,6,3246.4,123,7,3247.9,48,5,3248.0,171,1,3248.1,26,1,3248.2,3,1,3248.6,47,2
11536,2025-12-30 12:24:53+05:30,3247.9,2,3248.93,853771,105486.0,123369.0,3250.0,3257.0,3239.8,3251.5,43143275,3576.6,2926.4,4322.95,2866.6,3246.8,19,3,3246.7,131,5,3246.6,98,5,3246.5,198,6,3246.4,123,7,3247.9,48,5,3248.0,171,1,3248.1,26,1,3248.2,3,1,3248.6,47,2
11536,2025-12-30 12:24:53+05:30,3247.9,2,3248.93,853771,105513.0,123380.0,3250.0,3257.0,3239.8,3251.5,43143275,3576.6,2926.4,4322.95,2866.6,3246.8,22,4,3246.7,109,5,3246.6,123,6,3246.5,198,6,3246.4,214,9,3247.9,48,5,3248.0,171,1,3248.1,26,1,3248.2,3,1,3248.6,47,2
11536,2025-12-30 12:24:54+05:30,3247.9,19,3248.93,853771,105513.0,123380.0,3250.0,3257.0,3239.8,3251.5,43143275,3576.6,2926.4,4322.95,2866.6,3246.8,22,4,3246.7,109,5,3246.6,123,6,3246.5,198,6,3246.4,214,9,3247.9,48,5,3248.0,171,1,3248.1,26,1,3248.2,3,1,3248.6,47,2
11536,2025-12-30 12:24:54+05:30,3246.9,18,3248.93,853845,106192.0,123346.0,3250.0,3257.0,3239.8,3251.5,43143275,3576.6,2926.4,4322.95,2866.6,3246.9,190,7,3246.8,309,10,3246.7,135,6,3246.6,216,10,3246.5,93,5,3247.9,4,3,3248.0,171,1,3248.2,3,1,3248.7,58,2,3248.8,43,2
11536,2025-12-30 12:24:55+05:30,3247.9,1,3248.93,853845,106192.0,123346.0,3250.0,3257.0,3239.8,3251.5,43143275,3576.6,2926.4,4322.95,2866.6,3246.9,190,7,3246.8,309,10,3246.7,135,6,3246.6,216,10,3246.5,93,5,3247.9,4,3,3248.0,171,1,3248.2,3,1,3248.7,58,2,3248.8,43,2
11536,2025-12-30 12:24:56+05:30,3246.9,2,3248.93,853858,106121.0,123363.0,3250.0,3257.0,3239.8,3251.5,43143275,3576.6,2926.4,4322.95,2866.6,3246.9,212,8,3246.8,300,9,3246.7,131,6,3246.6,191,9,3246.5,93,5,3247.9,5,5,3248.0,171,1,3248.2,3,1,3248.7,58,2,3248.8,43,2
11536,2025-12-30 12:24:56+05:30,3246.9,2,3248.93,853858,106121.0,123363.0,3250.0,3257.0,3239.8,3251.5,43143275,3576.6,2926.4,4322.95,2866.6,3246.9,212,8,3246.8,300,9,3246.7,131,6,3246.6,191,9,3246.5,93,5,3247.9,5,5,3248.0,171,1,3248.2,3,1,3248.7,58,2,3248.8,43,2
11536,2025-12-30 12:24:56+05:30,3246.9,77,3248.93,853955,104412.0,123496.0,3250.0,3257.0,3239.8,3251.5,43143275,3576.6,2926.4,4322.95,2866.6,3247.0,25,1,3246.9,46,3,3246.8,147,7,3246.7,40,4,3246.6,106,6,3247.9,6,6,3248.0,193,2,3248.1,26,1,3248.2,3,1,3248.4,21,1
11536,2025-12-30 12:24:57+05:30,3247.9,1,3248.93,853955,104412.0,123496.0,3250.0,3257.0,3239.8,3251.5,43143275,3576.6,2926.4,4322.95,2866.6,3247.0,25,1,3246.9,46,3,3246.8,147,7,3246.7,40,4,3246.6,106,6,3247.9,6,6,3248.0,193,2,3248.1,26,1,3248.2,3,1,3248.4,21,1
11536,2025-12-30 12:24:57+05:30,3247.0,7,3248.93,853964,105286.0,123487.0,3250.0,3257.0,3239.8,3251.5,43143275,3576.6,2926.4,4322.95,2866.6,3247.0,18,2,3246.9,46,3,3246.8,147,7,3246.7,40,4,3246.6,98,5,3247.9,31,7,3248.0,171,1,3248.1,26,1,3248.2,3,1,3248.4,21,1
11536,2025-12-30 12:24:58+05:30,3247.0,3,3248.93,853964,105286.0,123487.0,3250.0,3257.0,3239.8,3251.5,43143275,3576.6,2926.4,4322.95,2866.6,3247.0,18,2,3246.9,46,3,3246.8,147,7,3246.7,40,4,3246.6,98,5,3247.9,31,7,3248.0,171,1,3248.1,26,1,3248.2,3,1,3248.4,21,1
11536,2025-12-30 12:24:58+05:30,3247.9,13,3248.93,853988,105799.0,123544.0,3250.0,3257.0,3239.8,3251.5,43143275,3576.6,2926.4,4322.95,2866.6,3247.0,67,3,3246.9,61,2,3246.8,133,6,3246.7,26,3,3246.6,98,5,3247.9,45,9,3248.0,171,1,3248.2,3,1,3248.4,32,2,3248.7,100,5
11536,2025-12-30 12:24:59+05:30,3247.5,25,3248.93,853988,105799.0,123544.0,3250.0,3257.0,3239.8,3251.5,43143275,3576.6,2926.4,4322.95,2866.6,3247.0,67,3,3246.9,61,2,3246.8,133,6,3246.7,26,3,3246.6,98,5,3247.9,45,9,3248.0,171,1,3248.2,3,1,3248.4,32,2,3248.7,100,5
11536,2025-12-30 12:24:59+05:30,3247.5,25,3248.93,854013,105847.0,123429.0,3250.0,3257.0,3239.8,3251.5,43143275,3576.6,2926.4,4322.95,2866.6,3247.5,27,3,3247.0,128,4,3246.9,61,2,3246.8,133,6,3246.7,161,5,3247.9,10,9,3248.0,171,1,3248.2,22,1,3248.3,26,1,3248.4,11,1
11536,2025-12-30 12:25:00+05:30,3247.5,2,3248.93,854013,105847.0,123429.0,3250.0,3257.0,3239.8,3251.5,43143275,3576.6,2926.4,4322.95,2866.6,3247.5,27,3,3247.0,128,4,3246.9,61,2,3246.8,133,6,3246.7,161,5,3247.9,10,9,3248.0,171,1,3248.2,22,1,3248.3,26,1,3248.4,11,1
11536,2025-12-30 12:25:00+05:30,3247.5,1,3248.93,854041,105947.0,123470.0,3250.0,3257.0,3239.8,3251.5,43143275,3576.6,2926.4,4322.95,2866.6,3247.5,28,4,3247.0,128,4,3246.9,61,2,3246.8,133,6,3246.7,161,5,3247.9,8,8,3248.0,171,1,3248.2,22,1,3248.3,26,1,3248.4,11,1
11536,2025-12-30 12:25:01+05:30,3247.8,1,3248.93,854041,105947.0,123470.0,3250.0,3257.0,3239.8,3251.5,43143275,3576.6,2926.4,4322.95,2866.6,3247.5,28,4,3247.0,128,4,3246.9,61,2,3246.8,133,6,3246.7,161,5,3247.9,8,8,3248.0,171,1,3248.2,22,1,3248.3,26,1,3248.4,11,1
11536,2025-12-30 12:25:01+05:30,3247.8,2,3248.93,854054,107743.0,123335.0,3250.0,3257.0,3239.8,3251.5,43143275,3576.6,2926.4,4322.95,2866.6,3247.8,17,3,3247.5,3,3,3247.0,130,5,3246.9,61,2,3246.8,131,5,3247.9,6,6,3248.0,171,1,3248.2,22,1,3248.3,26,1,3248.4,11,1
11536,2025-12-30 12:25:02+05:30,3247.8,4,3248.93,854054,107743.0,123335.0,3250.0,3257.0,3239.8,3251.5,43143275,3576.6,2926.4,4322.95,2866.6,3247.8,17,3,3247.5,3,3,3247.0,130,5,3246.9,61,2,3246.8,131,5,3247.9,6,6,3248.0,171,1,3248.2,22,1,3248.3,26,1,3248.4,11,1
11536,2025-12-30 12:25:02+05:30,3248.2,3,3248.93,854080,108190.0,123354.0,3250.0,3257.0,3239.8,3251.5,43143275,3576.6,2926.4,4322.95,2866.6,3247.8,58,4,3247.5,3,3,3247.2,22,1,3247.1,61,1,3247.0,215,6,3248.2,167,1,3248.3,1,1,3248.4,1,1,3248.6,48,2,3248.7,32,1
11536,2025-12-30 12:25:03+05:30,3248.2,3,3248.93,854080,108190.0,123354.0,3250.0,3257.0,3239.8,3251.5,43143275,3576.6,2926.4,4322.95,2866.6,3247.8,58,4,3247.5,3,3,3247.2,22,1,3247.1,61,1,3247.0,215,6,3248.2,167,1,3248.3,1,1,3248.4,1,1,3248.6,48,2,3248.7,32,1
11536,2025-12-30 12:25:03+05:30,3248.2,3,3248.93,854080,108233.0,123344.0,3250.0,3257.0,3239.8,3251.5,43143275,3576.6,2926.4,4322.95,2866.6,3247.8,58,4,3247.5,3,3,3247.4,18,1,3247.3,21,1,3247.2,22,1,3248.1,167,1,3248.2,16,3,3248.3,1,1,3248.4,1,1,3248.5,22,1
11536,2025-12-30 12:25:04+05:30,3247.8,1,3248.93,854080,108233.0,123344.0,3250.0,3257.0,3239.8,3251.5,43143275,3576.6,2926.4,4322.95,2866.6,3247.8,58,4,3247.5,3,3,3247.4,18,1,3247.3,21,1,3247.2,22,1,3248.1,167,1,3248.2,16,3,3248.3,1,1,3248.4,1,1,3248.5,22,1
11536,2025-12-30 12:25:04+05:30,3248.1,2,3248.93,854090,108245.0,123406.0,3250.0,3257.0,3239.8,3251.5,43143275,3576.6,2926.4,4322.95,2866.6,3247.8,50,4,3247.5,3,3,3247.2,22,1,3247.1,79,2,3247.0,123,5,3248.1,211,4,3248.2,2,2,3248.3,1,1,3248.4,22,1,3248.5,37,2
11536,2025-12-30 12:25:05+05:30,3248.1,1,3248.93,854090,108245.0,123406.0,3250.0,3257.0,3239.8,3251.5,43143275,3576.6,2926.4,4322.95,2866.6,3247.8,50,4,3247.5,3,3,3247.2,22,1,3247.1,79,2,3247.0,123,5,3248.1,211,4,3248.2,2,2,3248.3,1,1,3248.4,22,1,3248.5,37,2
11536,2025-12-30 12:25:05+05:30,3248.0,3,3248.93,854095,108160.0,123397.0,3250.0,3257.0,3239.8,3251.5,43143275,3576.6,2926.4,4322.95,2866.6,3248.0,23,2,3247.8,94,4,3247.5,3,3,3247.2,22,1,3247.1,79,2,3248.1,213,7,3248.2,1,1,3248.4,22,1,3248.5,37,2,3248.7,32,1
11536,2025-12-30 12:25:06+05:30,3248.0,1,3248.93,854095,108160.0,123397.0,3250.0,3257.0,3239.8,3251.5,43143275,3576.6,2926.4,4322.95,2866.6,3248.0,23,2,3247.8,94,4,3247.5,3,3,3247.2,22,1,3247.1,79,2,3248.1,213,7,3248.2,1,1,3248.4,22,1,3248.5,37,2,3248.7,32,1
11536,2025-12-30 12:25:06+05:30,3248.0,1,3248.93,854097,107606.0,123405.0,3250.0,3257.0,3239.8,3251.5,43143275,3576.6,2926.4,4322.95,2866.6,3248.0,21,2,3247.8,94,4,3247.5,3,3,3247.2,22,1,3247.1,79,2,3248.1,214,8,3248.4,22,1,3248.5,37,2,3248.7,32,1,3248.9,64,2
11536,2025-12-30 12:25:07+05:30,3248.0,5,3248.93,854097,107606.0,123405.0,3250.0,3257.0,3239.8,3251.5,43143275,3576.6,2926.4,4322.95,2866.6,3248.0,21,2,3247.8,94,4,3247.5,3,3,3247.2,22,1,3247.1,79,2,3248.1,214,8,3248.4,22,1,3248.5,37,2,3248.7,32,1,3248.9,64,2
11536,2025-12-30 12:25:07+05:30,3248.0,1,3248.93,854177,106663.0,123365.0,3250.0,3257.0,3239.8,3251.5,43143275,3576.6,2926.4,4322.95,2866.6,3248.0,63,3,3247.8,94,4,3247.5,3,3,3247.2,22,1,3247.0,163,5,3248.1,217,8,3248.4,22,1,3248.5,37,2,3248.7,32,1,3248.9,64,2
11536,2025-12-30 12:25:08+05:30,3248.0,1,3248.93,854177,106663.0,123365.0,3250.0,3257.0,3239.8,3251.5,43143275,3576.6,2926.4,4322.95,2866.6,3248.0,63,3,3247.8,94,4,3247.5,3,3,3247.2,22,1,3247.0,163,5,3248.1,217,8,3248.4,22,1,3248.5,37,2,3248.7,32,1,3248.9,64,2
11536,2025-12-30 12:25:08+05:30,3248.1,1,3248.93,854180,108060.0,123328.0,3250.0,3257.0,3239.8,3251.5,43143275,3576.6,2926.4,4322.95,2866.6,3248.0,63,5,3247.8,94,4,3247.5,3,3,3247.2,22,1,3247.0,163,5,3248.1,216,8,3248.4,22,1,3248.5,26,1,3248.7,32,1,3248.8,11,1
11536,2025-12-30 12:25:09+05:30,3248.0,8,3248.93,854180,108060.0,123328.0,3250.0,3257.0,3239.8,3251.5,43143275,3576.6,2926.4,4322.95,2866.6,3248.0,63,5,3247.8,94,4,3247.5,3,3,3247.2,22,1,3247.0,163,5,3248.1,216,8,3248.4,22,1,3248.5,26,1,3248.7,32,1,3248.8,11,1
11536,2025-12-30 12:25:09+05:30,3248.0,2,3248.93,854244,107470.0,123333.0,3250.0,3257.0,3239.8,3251.5,43143275,3576.6,2926.4,4322.95,2866.6,3248.0,62,5,3247.8,94,4,3247.5,3,3,3247.2,22,1,3247.0,163,5,3248.1,178,8,3248.4,22,1,3248.5,37,2,3248.7,32,1,3248.9,64,2
11536,2025-12-30 12:25:10+05:30,3248.0,12,3248.93,854244,107470.0,123333.0,3250.0,3257.0,3239.8,3251.5,43143275,3576.6,2926.4,4322.95,2866.6,3248.0,62,5,3247.8,94,4,3247.5,3,3,3247.2,22,1,3247.0,163,5,3248.1,178,8,3248.4,22,1,3248.5,37,2,3248.7,32,1,3248.9,64,2
11536,2025-12-30 12:25:10+05:30,3248.0,12,3248.93,854257,107413.0,123332.0,3250.0,3257.0,3239.8,3251.5,43143275,3576.6,2926.4,4322.95,2866.6,3248.0,103,6,3247.8,94,4,3247.5,3,3,3247.2,22,1,3247.0,163,5,3248.1,177,8,3248.4,22,1,3248.5,37,2,3248.7,32,1,3248.9,64,2
11536,2025-12-30 12:25:11+05:30,3248.0,1,3248.93,854257,107413.0,123332.0,3250.0,3257.0,3239.8,3251.5,43143275,3576.6,2926.4,4322.95,2866.6,3248.0,103,6,3247.8,94,4,3247.5,3,3,3247.2,22,1,3247.0,163,5,3248.1,177,8,3248.4,22,1,3248.5,37,2,3248.7,32,1,3248.9,64,2
11536,2025-12-30 12:25:11+05:30,3248.1,2,3248.93,854282,107441.0,123339.0,3250.0,3257.0,3239.8,3251.5,43143275,3576.6,2926.4,4322.95,2866.6,3248.0,131,6,3247.8,94,4,3247.5,3,3,3247.2,22,1,3247.0,163,5,3248.1,175,9,3248.4,32,2,3248.5,26,1,3248.7,42,2,3248.9,64,2
11536,2025-12-30 12:25:12+05:30,3248.1,2,3248.93,854282,107441.0,123339.0,3250.0,3257.0,3239.8,3251.5,43143275,3576.6,2926.4,4322.95,2866.6,3248.0,131,6,3247.8,94,4,3247.5,3,3,3247.2,22,1,3247.0,163,5,3248.1,175,9,3248.4,32,2,3248.5,26,1,3248.7,42,2,3248.9,64,2
11536,2025-12-30 12:25:12+05:30,3248.1,3,3248.93,854302,107427.0,123333.0,3250.0,3257.0,3239.8,3251.5,43143275,3576.6,2926.4,4322.95,2866.6,3248.0,116,5,3247.8,94,4,3247.5,3,3,3247.2,22,1,3247.0,163,5,3248.1,169,9,3248.4,32,2,3248.5,26,1,3248.7,42,2,3248.9,64,2
11536,2025-12-30 12:25:13+05:30,3248.0,1,3248.93,854302,107427.0,123333.0,3250.0,3257.0,3239.8,3251.5,43143275,3576.6,2926.4,4322.95,2866.6,3248.0,116,5,3247.8,94,4,3247.5,3,3,3247.2,22,1,3247.0,163,5,3248.1,169,9,3248.4,32,2,3248.5,26,1,3248.7,42,2,3248.9,64,2
11536,2025-12-30 12:25:13+05:30,3248.0,2,3248.93,854313,107968.0,123332.0,3250.0,3257.0,3239.8,3251.5,43143275,3576.6,2926.4,4322.95,2866.6,3248.0,130,5,3247.8,94,4,3247.5,3,3,3247.2,22,1,3247.0,163,5,3248.1,168,8,3248.4,32,2,3248.5,26,1,3248.7,42,2,3248.9,64,2
11536,2025-12-30 12:25:14+05:30,3248.0,2,3248.93,854313,107968.0,123332.0,3250.0,3257.0,3239.8,3251.5,43143275,3576.6,2926.4,4322.95,2866.6,3248.0,130,5,3247.8,94,4,3247.5,3,3,3247.2,22,1,3247.0,163,5,3248.1,168,8,3248.4,32,2,3248.5,26,1,3248.7,42,2,3248.9,64,2
11536,2025-12-30 12:25:14+05:30,3248.1,3,3248.93,854321,107964.0,123329.0,3250.0,3257.0,3239.8,3251.5,43143275,3576.6,2926.4,4322.95,2866.6,3248.0,126,5,3247.8,94,4,3247.5,3,3,3247.2,22,1,3247.0,163,5,3248.1,165,8,3248.4,32,2,3248.5,26,1,3248.7,42,2,3248.9,64,2
11536,2025-12-30 12:25:15+05:30,3248.1,1,3248.93,854321,107964.0,123329.0,3250.0,3257.0,3239.8,3251.5,43143275,3576.6,2926.4,4322.95,2866.6,3248.0,126,5,3247.8,94,4,3247.5,3,3,3247.2,22,1,3247.0,163,5,3248.1,165,8,3248.4,32,2,3248.5,26,1,3248.7,42,2,3248.9,64,2
11536,2025-12-30 12:25:15+05:30,3248.1,5,3248.93,854333,108024.0,123321.0,3250.0,3257.0,3239.8,3251.5,43143275,3576.6,2926.4,4322.95,2866.6,3248.0,120,5,3247.8,94,4,3247.5,3,3,3247.2,22,1,3247.1,92,1,3248.1,161,10,3248.4,32,2,3248.5,26,1,3248.7,42,2,3248.9,64,2
11536,2025-12-30 12:25:16+05:30,3248.0,2,3248.93,854333,108024.0,123321.0,3250.0,3257.0,3239.8,3251.5,43143275,3576.6,2926.4,4322.95,2866.6,3248.0,120,5,3247.8,94,4,3247.5,3,3,3247.2,22,1,3247.1,92,1,3248.1,161,10,3248.4,32,2,3248.5,26,1,3248.7,42,2,3248.9,64,2
11536,2025-12-30 12:25:16+05:30,3248.1,1,3248.93,854339,108016.0,123321.0,3250.0,3257.0,3239.8,3251.5,43143275,3576.6,2926.4,4322.95,2866.6,3248.0,115,5,3247.8,94,4,3247.5,3,3,3247.2,22,1,3247.0,191,6,3248.1,161,11,3248.6,22,1,3248.7,42,2,3248.8,26,1,3248.9,64,2
11536,2025-12-30 12:25:17+05:30,3248.0,42,3248.93,854339,108016.0,123321.0,3250.0,3257.0,3239.8,3251.5,43143275,3576.6,2926.4,4322.95,2866.6,3248.0,115,5,3247.8,94,4,3247.5,3,3,3247.2,22,1,3247.0,191,6,3248.1,161,11,3248.6,22,1,3248.7,42,2,3248.8,26,1,3248.9,64,2
11536,2025-12-30 12:25:17+05:30,3248.0,1,3248.93,854422,107946.0,123324.0,3250.0,3257.0,3239.8,3251.5,43143275,3576.6,2926.4,4322.95,2866.6,3248.0,34,5,3247.8,94,4,3247.5,3,3,3247.2,22,1,3247.0,194,7,3248.1,164,11,3248.5,22,1,3248.6,26,1,3248.7,42,2,3248.9,64,2
11536,2025-12-30 12:25:18+05:30,3248.0,2,3248.93,854422,107946.0,123324.0,3250.0,3257.0,3239.8,3251.5,43143275,3576.6,2926.4,4322.95,2866.6,3248.0,34,5,3247.8,94,4,3247.5,3,3,3247.2,22,1,3247.0,194,7,3248.1,164,11,3248.5,22,1,3248.6,26,1,3248.7,42,2,3248.9,64,2
11536,2025-12-30 12:25:18+05:30,3248.0,3,3248.93,854432,107906.0,123324.0,3250.0,3257.0,3239.8,3251.5,43143275,3576.6,2926.4,4322.95,2866.6,3248.0,24,4,3247.8,94,4,3247.5,3,3,3247.2,22,1,3247.0,194,7,3248.1,164,11,3248.5,22,1,3248.6,26,1,3248.7,42,2,3248.9,64,2
11536,2025-12-30 12:25:19+05:30,3248.0,2,3248.93,854432,107906.0,123324.0,3250.0,3257.0,3239.8,3251.5,43143275,3576.6,2926.4,4322.95,2866.6,3248.0,24,4,3247.8,94,4,3247.5,3,3,3247.2,22,1,3247.0,194,7,3248.1,164,11,3248.5,22,1,3248.6,26,1,3248.7,42,2,3248.9,64,2
11536,2025-12-30 12:25:19+05:30,3248.1,1,3248.93,854459,107894.0,123278.0,3250.0,3257.0,3239.8,3251.5,43143275,3576.6,2926.4,4322.95,2866.6,3248.0,12,4,3247.8,94,4,3247.5,3,3,3247.2,22,1,3247.0,194,7,3248.1,161,11,3248.5,22,1,3248.6,26,1,3248.7,42,2,3248.9,64,2
11536,2025-12-30 12:25:20+05:30,3248.0,1,3248.93,854459,107894.0,123278.0,3250.0,3257.0,3239.8,3251.5,43143275,3576.6,2926.4,4322.95,2866.6,3248.0,12,4,3247.8,94,4,3247.5,3,3,3247.2,22,1,3247.0,194,7,3248.1,161,11,3248.5,22,1,3248.6,26,1,3248.7,42,2,3248.9,64,2
11536,2025-12-30 12:25:20+05:30,3247.8,1,3248.93,854474,107426.0,123318.0,3250.0,3257.0,3239.8,3251.5,43143275,3576.6,2926.4,4322.95,2866.6,3247.8,93,4,3247.5,3,3,3247.2,22,1,3247.0,194,7,3246.9,141,5,3248.1,158,9,3248.5,22,1,3248.6,26,1,3248.7,42,2,3248.9,64,2
11536,2025-12-30 12:25:21+05:30,3247.8,1,3248.93,854474,107426.0,123318.0,3250.0,3257.0,3239.8,3251.5,43143275,3576.6,2926.4,4322.95,2866.6,3247.8,93,4,3247.5,3,3,3247.2,22,1,3247.0,194,7,3246.9,141,5,3248.1,158,9,3248.5,22,1,3248.6,26,1,3248.7,42,2,3248.9,64,2
11536,2025-12-30 12:25:21+05:30,3247.8,6,3248.93,854483,107471.0,123140.0,3250.0,3257.0,3239.8,3251.5,43143275,3576.6,2926.4,4322.95,2866.6,3247.8,89,5,3247.5,3,3,3247.2,22,1,3247.0,102,6,3246.9,233,6,3248.1,159,10,3248.5,22,1,3248.6,26,1,3248.7,42,2,3248.9,64,2
11536,2025-12-30 12:25:22+05:30,3247.8,1,3248.93,854483,107471.0,123140.0,3250.0,3257.0,3239.8,3251.5,43143275,3576.6,2926.4,4322.95,2866.6,3247.8,89,5,3247.5,3,3,3247.2,22,1,3247.0,102,6,3246.9,233,6,3248.1,159,10,3248.5,22,1,3248.6,26,1,3248.7,42,2,3248.9,64,2
11536,2025-12-30 12:25:22+05:30,3247.8,4,3248.93,854488,107475.0,123149.0,3250.0,3257.0,3239.8,3251.5,43143275,3576.6,2926.4,4322.95,2866.6,3247.8,84,5,3247.5,3,3,3247.2,22,1,3247.0,102,6,3246.9,233,6,3248.1,159,10,3248.5,22,1,3248.6,26,1,3248.7,42,2,3248.9,64,2
11536,2025-12-30 12:25:23+05:30,3247.8,1,3248.93,854488,107475.0,123149.0,3250.0,3257.0,3239.8,3251.5,43143275,3576.6,2926.4,4322.95,2866.6,3247.8,84,5,3247.5,3,3,3247.2,22,1,3247.0,102,6,3246.9,233,6,3248.1,159,10,3248.5,22,1,3248.6,26,1,3248.7,42,2,3248.9,64,2
11536,2025-12-30 12:25:23+05:30,3247.8,1,3248.93,854570,106098.0,123275.0,3250.0,3257.0,3239.8,3251.5,43143275,3576.6,2926.4,4322.95,2866.6,3247.8,4,3,3247.5,3,3,3247.2,22,1,3247.0,102,6,3246.9,328,5,3248.1,157,8,3248.3,22,1,3248.4,26,1,3248.7,42,2,3248.9,64,2
11536,2025-12-30 12:25:24+05:30,3248.1,37,3248.93,854570,106098.0,123275.0,3250.0,3257.0,3239.8,3251.5,43143275,3576.6,2926.4,4322.95,2866.6,3247.8,4,3,3247.5,3,3,3247.2,22,1,3247.0,102,6,3246.9,328,5,3248.1,157,8,3248.3,22,1,3248.4,26,1,3248.7,42,2,3248.9,64,2
11536,2025-12-30 12:25:24+05:30,3247.8,1,3248.93,854611,107938.0,123491.0,3250.0,3257.0,3239.8,3251.5,43143275,3576.6,2926.4,4322.95,2866.6,3247.8,4,2,3247.5,3,3,3247.2,22,1,3247.1,18,1,3247.0,74,5,3248.1,140,12,3248.4,26,1,3248.6,22,1,3248.7,217,3,3248.9,64,2
11536,2025-12-30 12:25:25+05:30,3248.1,1,3248.93,854611,107938.0,123491.0,3250.0,3257.0,3239.8,3251.5,43143275,3576.6,2926.4,4322.95,2866.6,3247.8,4,2,3247.5,3,3,3247.2,22,1,3247.1,18,1,3247.0,74,5,3248.1,140,12,3248.4,26,1,3248.6,22,1,3248.7,217,3,3248.9,64,2
11536,2025-12-30 12:25:25+05:30,3247.8,1,3248.93,854617,107937.0,123542.0,3250.0,3257.0,3239.8,3251.5,43143275,3576.6,2926.4,4322.95,2866.6,3247.8,3,2,3247.5,3,3,3247.2,22,1,3247.1,18,1,3247.0,74,5,3248.1,138,13,3248.4,57,3,3248.7,216,3,3248.9,64,2,3249.0,24,4
11536,2025-12-30 12:25:26+05:30,3247.8,4,3248.93,854617,107937.0,123542.0,3250.0,3257.0,3239.8,3251.5,43143275,3576.6,2926.4,4322.95,2866.6,3247.8,3,2,3247.5,3,3,3247.2,22,1,3247.1,18,1,3247.0,74,5,3248.1,138,13,3248.4,57,3,3248.7,216,3,3248.9,64,2,3249.0,24,4
11536,2025-12-30 12:25:26+05:30,3247.5,1,3248.93,854642,107439.0,123584.0,3250.0,3257.0,3239.8,3251.5,43143275,3576.6,2926.4,4322.95,2866.6,3247.7,26,1,3247.5,3,3,3247.1,67,4,3247.0,37,5,3246.9,203,6,3247.8,15,5,3248.1,124,10,3248.4,48,2,3248.6,24,1,3248.7,216,3
11536,2025-12-30 12:25:27+05:30,3247.7,41,3248.93,854642,107439.0,123584.0,3250.0,3257.0,3239.8,3251.5,43143275,3576.6,2926.4,4322.95,2866.6,3247.7,26,1,3247.5,3,3,3247.1,67,4,3247.0,37,5,3246.9,203,6,3247.8,15,5,3248.1,124,10,3248.4,48,2,3248.6,24,1,3248.7,216,3
11536,2025-12-30 12:25:28+05:30,3247.7,17,3248.93,854878,107960.0,123604.0,3250.0,3257.0,3239.8,3251.5,43143275,3576.6,2926.4,4322.95,2866.6,3247.7,10,2,3247.5,3,3,3247.1,67,4,3247.0,37,5,3246.9,112,6,3247.8,68,14,3248.1,81,2,3248.3,48,2,3248.4,10,1,3248.6,24,1
11536,2025-12-30 12:25:28+05:30,3247.7,1,3248.93,854878,107960.0,123604.0,3250.0,3257.0,3239.8,3251.5,43143275,3576.6,2926.4,4322.95,2866.6,3247.7,10,2,3247.5,3,3,3247.1,67,4,3247.0,37,5,3246.9,112,6,3247.8,68,14,3248.1,81,2,3248.3,48,2,3248.4,10,1,3248.6,24,1
11536,2025-12-30 12:25:29+05:30,3247.7,3,3248.93,854899,106551.0,123404.0,3250.0,3257.0,3239.8,3251.5,43143275,3576.6,2926.4,4322.95,2866.6,3247.7,10,1,3247.5,3,3,3247.1,67,4,3247.0,32,4,3246.9,112,6,3247.8,75,16,3248.1,67,1,3248.2,26,1,3248.5,22,1,3248.6,24,1
11536,2025-12-30 12:25:29+05:30,3247.7,10,3248.93,854899,106551.0,123404.0,3250.0,3257.0,3239.8,3251.5,43143275,3576.6,2926.4,4322.95,2866.6,3247.7,10,1,3247.5,3,3,3247.1,67,4,3247.0,32,4,3246.9,112,6,3247.8,75,16,3248.1,67,1,3248.2,26,1,3248.5,22,1,3248.6,24,1
11536,2025-12-30 12:25:30+05:30,3247.5,1,3248.93,854920,106326.0,123252.0,3250.0,3257.0,3239.8,3251.5,43143275,3576.6,2926.4,4322.95,2866.6,3247.1,23,1,3247.0,18,3,3246.9,50,5,3246.8,270,9,3246.7,55,4,3247.4,1,1,3247.5,3,2,3247.6,2,2,3247.7,4,2,3247.8,79,10
11536,2025-12-30 12:25:30+05:30,3247.1,9,3248.93,854920,106326.0,123252.0,3250.0,3257.0,3239.8,3251.5,43143275,3576.6,2926.4,4322.95,2866.6,3247.1,23,1,3247.0,18,3,3246.9,50,5,3246.8,270,9,3246.7,55,4,3247.4,1,1,3247.5,3,2,3247.6,2,2,3247.7,4,2,3247.8,79,10
11536,2025-12-30 12:25:31+05:30,3247.0,6,3248.93,854965,105820.0,123244.0,3250.0,3257.0,3239.8,3251.5,43143275,3576.6,2926.4,4322.95,2866.6,3247.0,8,3,3246.9,22,5,3246.8,61,6,3246.7,30,4,3246.6,54,5,3247.1,4,3,3247.4,3,3,3247.5,3,2,3247.6,2,2,3247.7,4,2
11536,2025-12-30 12:25:31+05:30,3247.0,12,3248.93,854965,105820.0,123244.0,3250.0,3257.0,3239.8,3251.5,43143275,3576.6,2926.4,4322.95,2866.6,3247.0,8,3,3246.9,22,5,3246.8,61,6,3246.7,30,4,3246.6,54,5,3247.1,4,3,3247.4,3,3,3247.5,3,2,3247.6,2,2,3247.7,4,2
11536,2025-12-30 12:25:32+05:30,3246.9,3,3248.93,855004,105435.0,123904.0,3250.0,3257.0,3239.8,3251.5,43143275,3576.6,2926.4,4322.95,2866.6,3246.9,22,5,3246.8,33,4,3246.7,5,3,3246.6,19,3,3246.5,61,4,3247.0,4,3,3247.1,12,8,3247.4,3,3,3247.6,1,1,3247.7,1,1
11536,2025-12-30 12:25:32+05:30,3246.9,3,3248.93,855004,105435.0,123904.0,3250.0,3257.0,3239.8,3251.5,43143275,3576.6,2926.4,4322.95,2866.6,3246.9,22,5,3246.8,33,4,3246.7,5,3,3246.6,19,3,3246.5,61,4,3247.0,4,3,3247.1,12,8,3247.4,3,3,3247.6,1,1,3247.7,1,1
11536,2025-12-30 12:25:33+05:30,3246.9,2,3248.93,855025,105464.0,123971.0,3250.0,3257.0,3239.8,3251.5,43143275,3576.6,2926.4,4322.95,2866.6,3246.9,11,4,3246.8,39,5,3246.7,5,3,3246.6,72,5,3246.5,39,3,3247.0,23,9,3247.1,8,6,3247.4,1,1,3247.8,52,2,3248.1,67,1
11536,2025-12-30 12:25:33+05:30,3246.9,1,3248.93,855025,105464.0,123971.0,3250.0,3257.0,3239.8,3251.5,43143275,3576.6,2926.4,4322.95,2866.6,3246.9,11,4,3246.8,39,5,3246.7,5,3,3246.6,72,5,3246.5,39,3,3247.0,23,9,3247.1,8,6,3247.4,1,1,3247.8,52,2,3248.1,67,1
11536,2025-12-30 12:25:33+05:30,3246.9,1,3248.93,855057,105504.0,123889.0,3250.0,3257.0,3239.8,3251.5,43143275,3576.6,2926.4,4322.95,2866.6,3246.9,22,4,3246.8,55,6,3246.7,25,4,3246.6,71,5,3246.5,33,3,3247.0,25,12,3247.1,5,3,3247.8,52,2,3248.1,67,1,3248.4,22,1
11536,2025-12-30 12:25:34+05:30,3247.8,7,3248.93,855057,105504.0,123889.0,3250.0,3257.0,3239.8,3251.5,43143275,3576.6,2926.4,4322.95,2866.6,3246.9,22,4,3246.8,55,6,3246.7,25,4,3246.6,71,5,3246.5,33,3,3247.0,25,12,3247.1,5,3,3247.8,52,2,3248.1,67,1,3248.4,22,1
11536,2025-12-30 12:25:34+05:30,3247.0,3,3248.93,855120,106009.0,123125.0,3250.0,3257.0,3239.8,3251.5,43143275,3576.6,2926.4,4322.95,2866.6,3246.9,53,7,3246.8,205,6,3246.7,69,8,3246.6,313,7,3246.5,484,7,3247.8,48,4,3248.0,25,1,3248.1,67,1,3248.4,22,1,3248.5,2,1
11536,2025-12-30 12:25:35+05:30,3247.8,1,3248.93,855120,106009.0,123125.0,3250.0,3257.0,3239.8,3251.5,43143275,3576.6,2926.4,4322.95,2866.6,3246.9,53,7,3246.8,205,6,3246.7,69,8,3246.6,313,7,3246.5,484,7,3247.8,48,4,3248.0,25,1,3248.1,67,1,3248.4,22,1,3248.5,2,1
11536,2025-12-30 12:25:35+05:30,3246.9,1,3248.93,855122,104620.0,123086.0,3250.0,3257.0,3239.8,3251.5,43143275,3576.6,2926.4,4322.95,2866.6,3246.9,43,6,3246.8,58,6,3246.7,69,8,3246.6,221,6,3246.5,569,7,3247.7,3,1,3247.8,50,7,3248.0,25,1,3248.1,67,1,3248.4,22,1
11536,2025-12-30 12:25:36+05:30,3246.9,1,3248.93,855122,104620.0,123086.0,3250.0,3257.0,3239.8,3251.5,43143275,3576.6,2926.4,4322.95,2866.6,3246.9,43,6,3246.8,58,6,3246.7,69,8,3246.6,221,6,3246.5,569,7,3247.7,3,1,3247.8,50,7,3248.0,25,1,3248.1,67,1,3248.4,22,1
11536,2025-12-30 12:25:36+05:30,3246.9,14,3248.93,855220,105771.0,123202.0,3250.0,3257.0,3239.8,3251.5,43143275,3576.6,2926.4,4322.95,2866.6,3246.9,7,1,3246.8,58,6,3246.7,51,7,3246.6,221,6,3246.5,483,5,3247.7,4,2,3247.8,48,6,3248.0,25,1,3248.1,67,1,3248.3,9,1
11536,2025-12-30 12:25:37+05:30,3246.9,1,3248.93,855220,105771.0,123202.0,3250.0,3257.0,3239.8,3251.5,43143275,3576.6,2926.4,4322.95,2866.6,3246.9,7,1,3246.8,58,6,3246.7,51,7,3246.6,221,6,3246.5,483,5,3247.7,4,2,3247.8,48,6,3248.0,25,1,3248.1,67,1,3248.3,9,1
11536,2025-12-30 12:25:37+05:30,3246.9,4,3248.93,855231,105717.0,123261.0,3250.0,3257.0,3239.8,3251.5,43143275,3576.6,2926.4,4322.95,2866.6,3246.9,6,2,3246.8,40,5,3246.7,29,6,3246.6,209,5,3246.5,391,4,3247.7,66,10,3247.8,1,1,3247.9,22,1,3248.0,25,1,3248.1,67,1
11536,2025-12-30 12:25:38+05:30,3246.9,1,3248.93,855231,105717.0,123261.0,3250.0,3257.0,3239.8,3251.5,43143275,3576.6,2926.4,4322.95,2866.6,3246.9,6,2,3246.8,40,5,3246.7,29,6,3246.6,209,5,3246.5,391,4,3247.7,66,10,3247.8,1,1,3247.9,22,1,3248.0,25,1,3248.1,67,1
11536,2025-12-30 12:25:38+05:30,3246.9,1,3248.93,855238,105547.0,123251.0,3250.0,3257.0,3239.8,3251.5,43143275,3576.6,2926.4,4322.95,2866.6,3246.9,11,3,3246.8,40,5,3246.7,29,6,3246.6,209,5,3246.5,483,5,3247.7,66,10,3247.9,22,1,3248.0,25,1,3248.1,67,1,3248.5,2,1
11536,2025-12-30 12:25:39+05:30,3247.7,9,3248.93,855238,105547.0,123251.0,3250.0,3257.0,3239.8,3251.5,43143275,3576.6,2926.4,4322.95,2866.6,3246.9,11,3,3246.8,40,5,3246.7,29,6,3246.6,209,5,3246.5,483,5,3247.7,66,10,3247.9,22,1,3248.0,25,1,3248.1,67,1,3248.5,2,1
11536,2025-12-30 12:25:39+05:30,3248.1,28,3248.93,855444,106533.0,122696.0,3250.0,3257.0,3239.8,3251.5,43143275,3576.6,2926.4,4322.95,2866.6,3247.1,75,4,3247.0,114,2,3246.9,93,8,3246.8,268,7,3246.7,523,12,3248.1,39,1,3248.6,18,2,3249.0,36,4,3249.1,33,3,3249.2,42,2
11536,2025-12-30 12:25:40+05:30,3248.1,28,3248.93,855444,106533.0,122696.0,3250.0,3257.0,3239.8,3251.5,43143275,3576.6,2926.4,4322.95,2866.6,3247.1,75,4,3247.0,114,2,3246.9,93,8,3246.8,268,7,3246.7,523,12,3248.1,39,1,3248.6,18,2,3249.0,36,4,3249.1,33,3,3249.2,42,2
11536,2025-12-30 12:25:41+05:30,3248.1,1,3248.93,855445,108046.0,122749.0,3250.0,3257.0,3239.8,3251.5,43143275,3576.6,2926.4,4322.95,2866.6,3247.6,6,1,3247.2,22,2,3247.1,155,4,3247.0,300,4,3246.9,73,6,3248.1,46,3,3248.4,21,1,3248.5,25,1,3248.7,175,1,3248.9,9,1
11536,2025-12-30 12:25:41+05:30,3248.1,1,3248.93,855445,108046.0,122749.0,3250.0,3257.0,3239.8,3251.5,43143275,3576.6,2926.4,4322.95,2866.6,3247.6,6,1,3247.2,22,2,3247.1,155,4,3247.0,300,4,3246.9,73,6,3248.1,46,3,3248.4,21,1,3248.5,25,1,3248.7,175,1,3248.9,9,1
11536,2025-12-30 12:25:42+05:30,3247.6,41,3248.93,855491,106673.0,122744.0,3250.0,3257.0,3239.8,3251.5,43143275,3576.6,2926.4,4322.95,2866.6,3247.2,2,1,3247.1,25,1,3247.0,186,2,3246.9,111,7,3246.8,288,9,3247.5,37,1,3247.6,3,1,3248.1,5,3,3248.4,21,1,3248.5,25,1
11536,2025-12-30 12:25:42+05:30,3247.6,41,3248.93,855491,106673.0,122744.0,3250.0,3257.0,3239.8,3251.5,43143275,3576.6,2926.4,4322.95,2866.6,3247.2,2,1,3247.1,25,1,3247.0,186,2,3246.9,111,7,3246.8,288,9,3247.5,37,1,3247.6,3,1,3248.1,5,3,3248.4,21,1,3248.5,25,1
11536,2025-12-30 12:25:43+05:30,3247.1,7,3248.93,855516,105941.0,122786.0,3250.0,3257.0,3239.8,3251.5,43143275,3576.6,2926.4,4322.95,2866.6,3246.9,47,3,3246.8,37,5,3246.7,52,6,3246.6,248,7,3246.5,87,6,3247.4,33,1,3247.5,3,2,3247.6,3,1,3248.1,2,2,3248.4,21,1
11536,2025-12-30 12:25:43+05:30,3246.8,2,3248.93,855516,105941.0,122786.0,3250.0,3257.0,3239.8,3251.5,43143275,3576.6,2926.4,4322.95,2866.6,3246.9,47,3,3246.8,37,5,3246.7,52,6,3246.6,248,7,3246.5,87,6,3247.4,33,1,3247.5,3,2,3247.6,3,1,3248.1,2,2,3248.4,21,1
11536,2025-12-30 12:25:44+05:30,3246.9,3,3248.93,855554,105697.0,123721.0,3250.0,3257.0,3239.8,3251.5,43143275,3576.6,2926.4,4322.95,2866.6,3246.9,26,2,3246.8,68,7,3246.7,49,6,3246.6,52,4,3246.5,44,5,3247.4,7,7,3247.5,3,2,3248.1,176,2,3248.5,2,1,3248.6,20,1
11536,2025-12-30 12:25:44+05:30,3246.9,8,3248.93,855554,105697.0,123721.0,3250.0,3257.0,3239.8,3251.5,43143275,3576.6,2926.4,4322.95,2866.6,3246.9,26,2,3246.8,68,7,3246.7,49,6,3246.6,52,4,3246.5,44,5,3247.4,7,7,3247.5,3,2,3248.1,176,2,3248.5,2,1,3248.6,20,1
11536,2025-12-30 12:25:45+05:30,3247.4,1,3248.93,855569,105668.0,123536.0,3250.0,3257.0,3239.8,3251.5,43143275,3576.6,2926.4,4322.95,2866.6,3246.9,12,1,3246.8,56,5,3246.7,49,6,3246.6,61,5,3246.5,44,5,3247.4,11,11,3247.5,1,1,3248.1,175,1,3248.5,2,1,3248.6,46,2
11536,2025-12-30 12:25:45+05:30,3246.9,1,3248.93,855569,105668.0,123536.0,3250.0,3257.0,3239.8,3251.5,43143275,3576.6,2926.4,4322.95,2866.6,3246.9,12,1,3246.8,56,5,3246.7,49,6,3246.6,61,5,3246.5,44,5,3247.4,11,11,3247.5,1,1,3248.1,175,1,3248.5,2,1,3248.6,46,2
11536,2025-12-30 12:25:46+05:30,3246.9,2,3248.93,855599,105475.0,123441.0,3250.0,3257.0,3239.8,3251.5,43143275,3576.6,2926.4,4322.95,2866.6,3246.9,18,3,3246.8,55,5,3246.7,155,8,3246.6,46,3,3246.5,402,6,3247.4,13,13,3248.1,175,1,3248.5,28,2,3248.6,20,1,3248.8,36,3
11536,2025-12-30 12:25:46+05:30,3246.9,1,3248.93,855599,105475.0,123441.0,3250.0,3257.0,3239.8,3251.5,43143275,3576.6,2926.4,4322.95,2866.6,3246.9,18,3,3246.8,55,5,3246.7,155,8,3246.6,46,3,3246.5,402,6,3247.4,13,13,3248.1,175,1,3248.5,28,2,3248.6,20,1,3248.8,36,3
11536,2025-12-30 12:25:46+05:30,3246.9,5,3248.93,855691,105581.0,123399.0,3250.0,3257.0,3239.8,3251.5,43143275,3576.6,2926.4,4322.95,2866.6,3246.8,81,7,3246.7,119,6,3246.6,211,4,3246.5,55,5,3246.4,459,9,3247.4,10,10,3248.1,175,1,3248.5,28,2,3248.6,29,2,3248.8,51,2
11536,2025-12-30 12:25:47+05:30,3246.8,4,3248.93,855691,105581.0,123399.0,3250.0,3257.0,3239.8,3251.5,43143275,3576.6,2926.4,4322.95,2866.6,3246.8,81,7,3246.7,119,6,3246.6,211,4,3246.5,55,5,3246.4,459,9,3247.4,10,10,3248.1,175,1,3248.5,28,2,3248.6,29,2,3248.8,51,2
11536,2025-12-30 12:25:47+05:30,3246.9,3,3248.93,855703,105707.0,122825.0,3250.0,3257.0,3239.8,3251.5,43143275,3576.6,2926.4,4322.95,2866.6,3246.9,39,6,3246.8,151,7,3246.7,111,7,3246.6,110,5,3246.5,409,7,3247.4,13,10,3248.1,175,1,3248.5,28,2,3248.6,59,3,3248.8,51,2
11536,2025-12-30 12:25:48+05:30,3247.4,2,3248.93,855703,105707.0,122825.0,3250.0,3257.0,3239.8,3251.5,43143275,3576.6,2926.4,4322.95,2866.6,3246.9,39,6,3246.8,151,7,3246.7,111,7,3246.6,110,5,3246.5,409,7,3247.4,13,10,3248.1,175,1,3248.5,28,2,3248.6,59,3,3248.8,51,2
11536,2025-12-30 12:25:48+05:30,3246.9,3,3248.93,855725,105708.0,122824.0,3250.0,3257.0,3239.8,3251.5,43143275,3576.6,2926.4,4322.95,2866.6,3246.9,32,6,3246.8,160,8,3246.7,111,7,3246.6,100,5,3246.5,409,7,3247.4,7,6,3248.1,175,1,3248.5,28,2,3248.6,59,3,3248.8,51,2
11536,2025-12-30 12:25:49+05:30,3246.9,4,3248.93,855725,105708.0,122824.0,3250.0,3257.0,3239.8,3251.5,43143275,3576.6,2926.4,4322.95,2866.6,3246.9,32,6,3246.8,160,8,3246.7,111,7,3246.6,100,5,3246.5,409,7,3247.4,7,6,3248.1,175,1,3248.5,28,2,3248.6,59,3,3248.8,51,2
11536,2025-12-30 12:25:49+05:30,3246.9,3,3248.93,855745,105709.0,122826.0,3250.0,3257.0,3239.8,3251.5,43143275,3576.6,2926.4,4322.95,2866.6,3246.9,12,4,3246.8,181,9,3246.7,111,7,3246.6,100,5,3246.5,409,7,3247.4,9,8,3248.1,175,1,3248.5,28,2,3248.6,59,3,3248.8,51,2
11536,2025-12-30 12:25:50+05:30,3246.9,1,3248.93,855745,105709.0,122826.0,3250.0,3257.0,3239.8,3251.5,43143275,3576.6,2926.4,4322.95,2866.6,3246.9,12,4,3246.8,181,9,3246.7,111,7,3246.6,100,5,3246.5,409,7,3247.4,9,8,3248.1,175,1,3248.5,28,2,3248.6,59,3,3248.8,51,2
11536,2025-12-30 12:25:50+05:30,3246.9,1,3248.93,855762,105723.0,122839.0,3250.0,3257.0,3239.8,3251.5,43143275,3576.6,2926.4,4322.95,2866.6,3246.9,33,6,3246.8,74,6,3246.7,111,7,3246.6,117,7,3246.5,501,8,3247.4,9,9,3248.1,175,1,3248.2,3,1,3248.5,28,2,3248.6,39,2
11536,2025-12-30 12:25:51+05:30,3246.9,1,3248.93,855762,105723.0,122839.0,3250.0,3257.0,3239.8,3251.5,43143275,3576.6,2926.4,4322.95,2866.6,3246.9,33,6,3246.8,74,6,3246.7,111,7,3246.6,117,7,3246.5,501,8,3247.4,9,9,3248.1,175,1,3248.2,3,1,3248.5,28,2,3248.6,39,2
11536,2025-12-30 12:25:51+05:30,3248.1,2,3248.93,855785,106516.0,123088.0,3250.0,3257.0,3239.8,3251.5,43143275,3576.6,2926.4,4322.95,2866.6,3247.0,29,2,3246.9,89,7,3246.8,301,9,3246.7,264,9,3246.6,364,10,3248.0,21,1,3248.1,198,2,3248.2,3,1,3248.5,26,1,3248.6,30,1
11536,2025-12-30 12:25:52+05:30,3248.1,2,3248.93,855785,106516.0,123088.0,3250.0,3257.0,3239.8,3251.5,43143275,3576.6,2926.4,4322.95,2866.6,3247.0,29,2,3246.9,89,7,3246.8,301,9,3246.7,264,9,3246.6,364,10,3248.0,21,1,3248.1,198,2,3248.2,3,1,3248.5,26,1,3248.6,30,1
11536,2025-12-30 12:25:52+05:30,3248.0,1,3248.93,855789,106529.0,123101.0,3250.0,3257.0,3239.8,3251.5,43143275,3576.6,2926.4,4322.95,2866.6,3247.0,20,1,3246.9,88,6,3246.8,280,8,3246.7,172,8,3246.6,461,12,3248.0,20,3,3248.1,198,2,3248.2,3,1,3248.3,8,1,3248.5,26,1
11536,2025-12-30 12:25:53+05:30,3248.0,1,3248.93,855789,106529.0,123101.0,3250.0,3257.0,3239.8,3251.5,43143275,3576.6,2926.4,4322.95,2866.6,3247.0,20,1,3246.9,88,6,3246.8,280,8,3246.7,172,8,3246.6,461,12,3248.0,20,3,3248.1,198,2,3248.2,3,1,3248.3,8,1,3248.5,26,1
11536,2025-12-30 12:25:53+05:30,3248.0,1,3248.93,855789,106679.0,123108.0,3250.0,3257.0,3239.8,3251.5,43143275,3576.6,2926.4,4322.95,2866.6,3247.1,14,1,3247.0,20,1,3246.9,74,5,3246.8,274,8,3246.7,269,10,3248.0,35,5,3248.1,198,2,3248.2,3,1,3248.5,26,1,3248.6,30,1
11536,2025-12-30 12:25:54+05:30,3248.0,2,3248.93,855789,106679.0,123108.0,3250.0,3257.0,3239.8,3251.5,43143275,3576.6,2926.4,4322.95,2866.6,3247.1,14,1,3247.0,20,1,3246.9,74,5,3246.8,274,8,3246.7,269,10,3248.0,35,5,3248.1,198,2,3248.2,3,1,3248.5,26,1,3248.6,30,1
11536,2025-12-30 12:25:54+05:30,3248.0,2,3248.93,855841,106234.0,123018.0,3250.0,3257.0,3239.8,3251.5,43143275,3576.6,2926.4,4322.95,2866.6,3247.2,23,2,3247.1,126,3,3247.0,70,3,3246.9,137,6,3246.8,239,7,3248.0,4,3,3248.1,173,1,3248.3,21,1,3248.5,25,1,3248.7,17,1
11536,2025-12-30 12:25:55+05:30,3248.0,1,3248.93,855841,106234.0,123018.0,3250.0,3257.0,3239.8,3251.5,43143275,3576.6,2926.4,4322.95,2866.6,3247.2,23,2,3247.1,126,3,3247.0,70,3,3246.9,137,6,3246.8,239,7,3248.0,4,3,3248.1,173,1,3248.3,21,1,3248.5,25,1,3248.7,17,1
11536,2025-12-30 12:25:55+05:30,3248.0,1,3248.93,855842,107157.0,123185.0,3250.0,3257.0,3239.8,3251.5,43143275,3576.6,2926.4,4322.95,2866.6,3247.5,7,1,3247.2,23,2,3247.1,102,1,3247.0,20,1,3246.9,204,6,3248.0,26,5,3248.1,173,1,3248.2,25,1,3248.7,200,3,3248.8,50,2
11536,2025-12-30 12:25:56+05:30,3247.5,3,3248.93,855842,107157.0,123185.0,3250.0,3257.0,3239.8,3251.5,43143275,3576.6,2926.4,4322.95,2866.6,3247.5,7,1,3247.2,23,2,3247.1,102,1,3247.0,20,1,3246.9,204,6,3248.0,26,5,3248.1,173,1,3248.2,25,1,3248.7,200,3,3248.8,50,2
11536,2025-12-30 12:25:56+05:30,3247.5,3,3248.93,855962,108385.0,123134.0,3250.0,3257.0,3239.8,3251.5,43143275,3576.6,2926.4,4322.95,2866.6,3247.7,1,1,3247.5,58,3,3247.4,20,1,3247.2,208,4,3247.1,132,4,3248.3,96,1,3248.4,6,2,3248.6,21,1,3248.7,192,2,3248.8,50,2
11536,2025-12-30 12:25:57+05:30,3247.7,77,3248.93,855962,108385.0,123134.0,3250.0,3257.0,3239.8,3251.5,43143275,3576.6,2926.4,4322.95,2866.6,3247.7,1,1,3247.5,58,3,3247.4,20,1,3247.2,208,4,3247.1,132,4,3248.3,96,1,3248.4,6,2,3248.6,21,1,3248.7,192,2,3248.8,50,2
11536,2025-12-30 12:25:57+05:30,3248.3,3,3248.93,856113,109804.0,121305.0,3250.0,3257.0,3239.8,3251.5,43143275,3576.6,2926.4,4322.95,2866.6,3248.2,4,1,3247.8,241,6,3247.7,22,2,3247.6,137,4,3247.5,255,7,3248.3,31,3,3248.4,6,2,3248.9,21,1,3249.0,6,2,3249.1,22,2
11536,2025-12-30 12:25:58+05:30,3248.2,2,3248.93,856113,109804.0,121305.0,3250.0,3257.0,3239.8,3251.5,43143275,3576.6,2926.4,4322.95,2866.6,3248.2,4,1,3247.8,241,6,3247.7,22,2,3247.6,137,4,3247.5,255,7,3248.3,31,3,3248.4,6,2,3248.9,21,1,3249.0,6,2,3249.1,22,2
11536,2025-12-30 12:25:58+05:30,3248.2,4,3248.93,856152,109673.0,121342.0,3250.0,3257.0,3239.8,3251.5,43143275,3576.6,2926.4,4322.95,2866.6,3248.2,11,2,3247.8,68,3,3247.7,22,2,3247.6,269,5,3247.5,163,6,3248.3,34,6,3248.4,2,1,3248.8,21,1,3248.9,46,2,3249.0,6,2
11536,2025-12-30 12:25:59+05:30,3248.3,20,3248.93,856152,109673.0,121342.0,3250.0,3257.0,3239.8,3251.5,43143275,3576.6,2926.4,4322.95,2866.6,3248.2,11,2,3247.8,68,3,3247.7,22,2,3247.6,269,5,3247.5,163,6,3248.3,34,6,3248.4,2,1,3248.8,21,1,3248.9,46,2,3249.0,6,2
11536,2025-12-30 12:25:59+05:30,3248.2,18,3248.93,856246,109828.0,121124.0,3250.0,3257.0,3239.8,3251.5,43143275,3576.6,2926.4,4322.95,2866.6,3248.2,14,1,3247.8,72,3,3247.7,56,4,3247.6,297,6,3247.5,277,7,3248.3,9,5,3248.9,21,1,3249.0,6,2,3249.1,1,1,3249.2,20,1
11536,2025-12-30 12:26:00+05:30,3248.2,18,3248.93,856246,109828.0,121124.0,3250.0,3257.0,3239.8,3251.5,43143275,3576.6,2926.4,4322.95,2866.6,3248.2,14,1,3247.8,72,3,3247.7,56,4,3247.6,297,6,3247.5,277,7,3248.3,9,5,3248.9,21,1,3249.0,6,2,3249.1,1,1,3249.2,20,1
11536,2025-12-30 12:26:00+05:30,3248.2,20,3248.93,856266,109694.0,121333.0,3250.0,3257.0,3239.8,3251.5,43143275,3576.6,2926.4,4322.95,2866.6,3248.2,14,1,3247.8,72,3,3247.7,47,3,3247.6,297,6,3247.5,277,7,3248.3,9,6,3248.9,21,1,3249.0,6,2,3249.1,1,1,3249.2,20,1
11536,2025-12-30 12:26:01+05:30,3248.3,2,3248.93,856266,109694.0,121333.0,3250.0,3257.0,3239.8,3251.5,43143275,3576.6,2926.4,4322.95,2866.6,3248.2,14,1,3247.8,72,3,3247.7,47,3,3247.6,297,6,3247.5,277,7,3248.3,9,6,3248.9,21,1,3249.0,6,2,3249.1,1,1,3249.2,20,1
11536,2025-12-30 12:26:01+05:30,3248.2,5,3248.93,856303,109756.0,120843.0,3250.0,3257.0,3239.8,3251.5,43143275,3576.6,2926.4,4322.95,2866.6,3248.2,53,1,3248.0,12,1,3247.9,22,1,3247.8,77,3,3247.7,22,2,3248.3,8,8,3248.9,21,1,3249.0,6,2,3249.1,1,1,3249.2,20,1
11536,2025-12-30 12:26:02+05:30,3248.2,12,3248.93,856303,109756.0,120843.0,3250.0,3257.0,3239.8,3251.5,43143275,3576.6,2926.4,4322.95,2866.6,3248.2,53,1,3248.0,12,1,3247.9,22,1,3247.8,77,3,3247.7,22,2,3248.3,8,8,3248.9,21,1,3249.0,6,2,3249.1,1,1,3249.2,20,1
11536,2025-12-30 12:26:02+05:30,3248.3,1,3248.93,856333,109952.0,120959.0,3250.0,3257.0,3239.8,3251.5,43143275,3576.6,2926.4,4322.95,2866.6,3248.2,87,3,3248.0,12,1,3247.8,229,4,3247.7,48,3,3247.6,308,8,3248.3,6,6,3248.8,175,1,3248.9,21,1,3249.0,6,2,3249.1,1,1
11536,2025-12-30 12:26:03+05:30,3248.2,4,3248.93,856333,109952.0,120959.0,3250.0,3257.0,3239.8,3251.5,43143275,3576.6,2926.4,4322.95,2866.6,3248.2,87,3,3248.0,12,1,3247.8,229,4,3247.7,48,3,3247.6,308,8,3248.3,6,6,3248.8,175,1,3248.9,21,1,3249.0,6,2,3249.1,1,1
11536,2025-12-30 12:26:03+05:30,3248.2,2,3248.93,856348,108560.0,120579.0,3250.0,3257.0,3239.8,3251.5,43143275,3576.6,2926.4,4322.95,2866.6,3248.2,76,4,3248.1,29,2,3248.0,22,2,3247.9,15,2,3247.8,89,5,3248.3,5,5,3248.8,175,1,3249.0,6,2,3249.1,1,1,3249.2,23,2
11536,2025-12-30 12:26:04+05:30,3248.3,1,3248.93,856348,108560.0,120579.0,3250.0,3257.0,3239.8,3251.5,43143275,3576.6,2926.4,4322.95,2866.6,3248.2,76,4,3248.1,29,2,3248.0,22,2,3247.9,15,2,3247.8,89,5,3248.3,5,5,3248.8,175,1,3249.0,6,2,3249.1,1,1,3249.2,23,2
11536,2025-12-30 12:26:04+05:30,3248.2,1,3248.93,856359,110182.0,120745.0,3250.0,3257.0,3239.8,3251.5,43143275,3576.6,2926.4,4322.95,2866.6,3248.2,66,4,3248.1,12,1,3248.0,1,1,3247.9,27,2,3247.8,279,7,3248.3,5,5,3248.8,175,1,3249.0,6,2,3249.1,1,1,3249.2,23,2
11536,2025-12-30 12:26:05+05:30,3248.2,1,3248.93,856359,110182.0,120745.0,3250.0,3257.0,3239.8,3251.5,43143275,3576.6,2926.4,4322.95,2866.6,3248.2,66,4,3248.1,12,1,3248.0,1,1,3247.9,27,2,3247.8,279,7,3248.3,5,5,3248.8,175,1,3249.0,6,2,3249.1,1,1,3249.2,23,2
11536,2025-12-30 12:26:05+05:30,3248.2,3,3248.93,856368,110187.0,119346.0,3250.0,3257.0,3239.8,3251.5,43143275,3576.6,2926.4,4322.95,2866.6,3248.2,73,5,3248.0,1,1,3247.9,18,1,3247.8,279,7,3247.7,54,4,3248.3,6,6,3248.8,175,1,3249.0,6,2,3249.1,1,1,3249.2,23,2
11536,2025-12-30 12:26:06+05:30,3248.3,1,3248.93,856368,110187.0,119346.0,3250.0,3257.0,3239.8,3251.5,43143275,3576.6,2926.4,4322.95,2866.6,3248.2,73,5,3248.0,1,1,3247.9,18,1,3247.8,279,7,3247.7,54,4,3248.3,6,6,3248.8,175,1,3249.0,6,2,3249.1,1,1,3249.2,23,2
11536,2025-12-30 12:26:06+05:30,3248.3,1,3248.93,856381,110117.0,121284.0,3250.0,3257.0,3239.8,3251.5,43143275,3576.6,2926.4,4322.95,2866.6,3248.2,71,5,3248.0,1,1,3247.9,2,1,3247.8,225,5,3247.7,79,3,3248.8,175,1,3248.9,2,2,3249.0,28,3,3249.1,1,1,3249.2,23,2
11536,2025-12-30 12:26:07+05:30,3248.3,50,3248.93,856381,110117.0,121284.0,3250.0,3257.0,3239.8,3251.5,43143275,3576.6,2926.4,4322.95,2866.6,3248.2,71,5,3248.0,1,1,3247.9,2,1,3247.8,225,5,3247.7,79,3,3248.8,175,1,3248.9,2,2,3249.0,28,3,3249.1,1,1,3249.2,23,2
11536,2025-12-30 12:26:07+05:30,3248.3,50,3248.93,856381,110117.0,121284.0,3250.0,3257.0,3239.8,3251.5,43143275,3576.6,2926.4,4322.95,2866.6,3248.2,71,5,3248.0,1,1,3247.9,2,1,3247.8,225,5,3247.7,79,3,3248.8,175,1,3248.9,2,2,3249.0,28,3,3249.1,1,1,3249.2,23,2
11536,2025-12-30 12:26:07+05:30,3248.8,4,3248.93,856530,110250.0,121278.0,3250.0,3257.0,3239.8,3251.5,43143275,3576.6,2926.4,4322.95,2866.6,3248.3,13,2,3248.2,6,3,3248.0,1,1,3247.8,195,4,3247.7,101,3,3248.8,160,3,3248.9,2,2,3249.0,28,3,3249.1,1,1,3249.2,49,3
11536,2025-12-30 12:26:08+05:30,3248.8,4,3248.93,856530,110250.0,121278.0,3250.0,3257.0,3239.8,3251.5,43143275,3576.6,2926.4,4322.95,2866.6,3248.3,13,2,3248.2,6,3,3248.0,1,1,3247.8,195,4,3247.7,101,3,3248.8,160,3,3248.9,2,2,3249.0,28,3,3249.1,1,1,3249.2,49,3
11536,2025-12-30 12:26:08+05:30,3248.3,3,3248.93,856533,110259.0,121279.0,3250.0,3257.0,3239.8,3251.5,43143275,3576.6,2926.4,4322.95,2866.6,3248.3,10,2,3248.2,6,3,3248.0,22,2,3247.9,2,1,3247.8,195,4,3248.8,162,5,3248.9,1,1,3249.0,28,3,3249.1,1,1,3249.2,49,3
11536,2025-12-30 12:26:08+05:30,3248.3,3,3248.93,856533,110259.0,121279.0,3250.0,3257.0,3239.8,3251.5,43143275,3576.6,2926.4,4322.95,2866.6,3248.3,10,2,3248.2,6,3,3248.0,22,2,3247.9,2,1,3247.8,195,4,3248.8,162,5,3248.9,1,1,3249.0,28,3,3249.1,1,1,3249.2,49,3
11536,2025-12-30 12:26:09+05:30,3248.8,37,3248.93,856533,110259.0,121279.0,3250.0,3257.0,3239.8,3251.5,43143275,3576.6,2926.4,4322.95,2866.6,3248.3,10,2,3248.2,6,3,3248.0,22,2,3247.9,2,1,3247.8,195,4,3248.8,162,5,3248.9,1,1,3249.0,28,3,3249.1,1,1,3249.2,49,3
11536,2025-12-30 12:26:09+05:30,3248.6,44,3248.93,856615,110631.0,121320.0,3250.0,3257.0,3239.8,3251.5,43143275,3576.6,2926.4,4322.95,2866.6,3248.6,5,1,3248.3,1,1,3248.2,6,3,3248.0,22,2,3247.9,93,3,3248.8,124,7,3248.9,1,1,3249.0,28,3,3249.1,1,1,3249.2,20,1
11536,2025-12-30 12:26:10+05:30,3248.6,1,3248.93,856615,110631.0,121320.0,3250.0,3257.0,3239.8,3251.5,43143275,3576.6,2926.4,4322.95,2866.6,3248.6,5,1,3248.3,1,1,3248.2,6,3,3248.0,22,2,3247.9,93,3,3248.8,124,7,3248.9,1,1,3249.0,28,3,3249.1,1,1,3249.2,20,1
11536,2025-12-30 12:26:10+05:30,3248.6,1,3248.93,856615,110631.0,121320.0,3250.0,3257.0,3239.8,3251.5,43143275,3576.6,2926.4,4322.95,2866.6,3248.6,5,1,3248.3,1,1,3248.2,6,3,3248.0,22,2,3247.9,93,3,3248.8,124,7,3248.9,1,1,3249.0,28,3,3249.1,1,1,3249.2,20,1
11536,2025-12-30 12:26:10+05:30,3248.6,2,3248.93,856620,110133.0,120840.0,3250.0,3257.0,3239.8,3251.5,43143275,3576.6,2926.4,4322.95,2866.6,3248.3,1,1,3248.2,6,3,3248.0,22,2,3247.9,2,1,3247.8,225,5,3248.5,1,1,3248.8,300,10,3249.0,6,2,3249.1,1,1,3249.2,38,2
11536,2025-12-30 12:26:11+05:30,3248.3,1,3248.93,856620,110133.0,120840.0,3250.0,3257.0,3239.8,3251.5,43143275,3576.6,2926.4,4322.95,2866.6,3248.3,1,1,3248.2,6,3,3248.0,22,2,3247.9,2,1,3247.8,225,5,3248.5,1,1,3248.8,300,10,3249.0,6,2,3249.1,1,1,3249.2,38,2
11536,2025-12-30 12:26:11+05:30,3248.3,1,3248.93,856620,110133.0,120840.0,3250.0,3257.0,3239.8,3251.5,43143275,3576.6,2926.4,4322.95,2866.6,3248.3,1,1,3248.2,6,3,3248.0,22,2,3247.9,2,1,3247.8,225,5,3248.5,1,1,3248.8,300,10,3249.0,6,2,3249.1,1,1,3249.2,38,2
11536,2025-12-30 12:26:11+05:30,3248.3,2,3248.93,856631,110226.0,121463.0,3250.0,3257.0,3239.8,3251.5,43143275,3576.6,2926.4,4322.95,2866.6,3248.2,6,3,3248.0,1,1,3247.9,7,2,3247.8,109,6,3247.7,64,3,3248.3,3,2,3248.5,2,2,3248.6,1,1,3248.8,296,7,3249.0,6,2
11536,2025-12-30 12:26:12+05:30,3248.3,2,3248.93,856631,110226.0,121463.0,3250.0,3257.0,3239.8,3251.5,43143275,3576.6,2926.4,4322.95,2866.6,3248.2,6,3,3248.0,1,1,3247.9,7,2,3247.8,109,6,3247.7,64,3,3248.3,3,2,3248.5,2,2,3248.6,1,1,3248.8,296,7,3249.0,6,2
11536,2025-12-30 12:26:12+05:30,3248.2,2,3248.93,856631,110226.0,121463.0,3250.0,3257.0,3239.8,3251.5,43143275,3576.6,2926.4,4322.95,2866.6,3248.2,6,3,3248.0,1,1,3247.9,7,2,3247.8,109,6,3247.7,64,3,3248.3,3,2,3248.5,2,2,3248.6,1,1,3248.8,296,7,3249.0,6,2
11536,2025-12-30 12:26:12+05:30,3248.2,3,3248.93,856663,110122.0,121468.0,3250.0,3257.0,3239.8,3251.5,43143275,3576.6,2926.4,4322.95,2866.6,3248.2,2,2,3248.1,3,1,3248.0,1,1,3247.9,37,4,3247.8,87,5,3248.3,5,5,3248.5,2,2,3248.6,1,1,3248.8,291,3,3249.0,6,2
11536,2025-12-30 12:26:12+05:30,3248.2,3,3248.93,856663,110122.0,121468.0,3250.0,3257.0,3239.8,3251.5,43143275,3576.6,2926.4,4322.95,2866.6,3248.2,2,2,3248.1,3,1,3248.0,1,1,3247.9,37,4,3247.8,87,5,3248.3,5,5,3248.5,2,2,3248.6,1,1,3248.8,291,3,3249.0,6,2
11536,2025-12-30 12:26:13+05:30,3248.2,1,3248.93,856663,110122.0,121468.0,3250.0,3257.0,3239.8,3251.5,43143275,3576.6,2926.4,4322.95,2866.6,3248.2,2,2,3248.1,3,1,3248.0,1,1,3247.9,37,4,3247.8,87,5,3248.3,5,5,3248.5,2,2,3248.6,1,1,3248.8,291,3,3249.0,6,2
11536,2025-12-30 12:26:13+05:30,3248.2,2,3248.93,856669,109552.0,122050.0,3250.0,3257.0,3239.8,3251.5,43143275,3576.6,2926.4,4322.95,2866.6,3248.0,1,1,3247.9,7,2,3247.8,95,6,3247.7,38,2,3247.6,308,11,3248.1,1,1,3248.2,1,1,3248.3,6,6,3248.6,1,1,3248.8,290,2
11536,2025-12-30 12:26:14+05:30,3248.2,2,3248.93,856669,109552.0,122050.0,3250.0,3257.0,3239.8,3251.5,43143275,3576.6,2926.4,4322.95,2866.6,3248.0,1,1,3247.9,7,2,3247.8,95,6,3247.7,38,2,3247.6,308,11,3248.1,1,1,3248.2,1,1,3248.3,6,6,3248.6,1,1,3248.8,290,2
11536,2025-12-30 12:26:14+05:30,3248.2,2,3248.93,856669,109552.0,122050.0,3250.0,3257.0,3239.8,3251.5,43143275,3576.6,2926.4,4322.95,2866.6,3248.0,1,1,3247.9,7,2,3247.8,95,6,3247.7,38,2,3247.6,308,11,3248.1,1,1,3248.2,1,1,3248.3,6,6,3248.6,1,1,3248.8,290,2
11536,2025-12-30 12:26:14+05:30,3248.1,1,3248.93,856680,109109.0,121867.0,3250.0,3257.0,3239.8,3251.5,43143275,3576.6,2926.4,4322.95,2866.6,3247.9,2,1,3247.8,254,8,3247.7,30,2,3247.6,100,8,3247.5,71,5,3248.1,4,2,3248.2,2,2,3248.3,3,3,3248.8,290,2,3249.0,6,2
11536,2025-12-30 12:26:14+05:30,3248.1,1,3248.93,856680,109109.0,121867.0,3250.0,3257.0,3239.8,3251.5,43143275,3576.6,2926.4,4322.95,2866.6,3247.9,2,1,3247.8,254,8,3247.7,30,2,3247.6,100,8,3247.5,71,5,3248.1,4,2,3248.2,2,2,3248.3,3,3,3248.8,290,2,3249.0,6,2
11536,2025-12-30 12:26:15+05:30,3248.1,1,3248.93,856680,109109.0,121867.0,3250.0,3257.0,3239.8,3251.5,43143275,3576.6,2926.4,4322.95,2866.6,3247.9,2,1,3247.8,254,8,3247.7,30,2,3247.6,100,8,3247.5,71,5,3248.1,4,2,3248.2,2,2,3248.3,3,3,3248.8,290,2,3249.0,6,2
11536,2025-12-30 12:26:15+05:30,3248.1,1,3248.93,856680,109109.0,121867.0,3250.0,3257.0,3239.8,3251.5,43143275,3576.6,2926.4,4322.95,2866.6,3247.9,2,1,3247.8,254,8,3247.7,30,2,3247.6,100,8,3247.5,71,5,3248.1,4,2,3248.2,2,2,3248.3,3,3,3248.8,290,2,3249.0,6,2
11536,2025-12-30 12:26:15+05:30,3247.9,2,3248.93,856693,108930.0,121853.0,3250.0,3257.0,3239.8,3251.5,43143275,3576.6,2926.4,4322.95,2866.6,3247.9,11,2,3247.8,31,4,3247.7,10,1,3247.6,100,8,3247.5,93,6,3248.1,40,6,3248.2,1,1,3248.3,1,1,3248.8,290,2,3249.0,6,2
11536,2025-12-30 12:26:16+05:30,3247.9,3,3248.93,856693,108930.0,121853.0,3250.0,3257.0,3239.8,3251.5,43143275,3576.6,2926.4,4322.95,2866.6,3247.9,11,2,3247.8,31,4,3247.7,10,1,3247.6,100,8,3247.5,93,6,3248.1,40,6,3248.2,1,1,3248.3,1,1,3248.8,290,2,3249.0,6,2
11536,2025-12-30 12:26:16+05:30,3247.9,3,3248.93,856693,108930.0,121853.0,3250.0,3257.0,3239.8,3251.5,43143275,3576.6,2926.4,4322.95,2866.6,3247.9,11,2,3247.8,31,4,3247.7,10,1,3247.6,100,8,3247.5,93,6,3248.1,40,6,3248.2,1,1,3248.3,1,1,3248.8,290,2,3249.0,6,2
11536,2025-12-30 12:26:16+05:30,3247.9,5,3248.93,856710,108924.0,121873.0,3250.0,3257.0,3239.8,3251.5,43143275,3576.6,2926.4,4322.95,2866.6,3247.9,5,2,3247.8,31,4,3247.7,10,1,3247.6,122,9,3247.5,71,5,3248.1,40,8,3248.2,1,1,3248.8,290,2,3249.0,6,2,3249.1,1,1
11536,2025-12-30 12:26:16+05:30,3247.9,5,3248.93,856710,108924.0,121873.0,3250.0,3257.0,3239.8,3251.5,43143275,3576.6,2926.4,4322.95,2866.6,3247.9,5,2,3247.8,31,4,3247.7,10,1,3247.6,122,9,3247.5,71,5,3248.1,40,8,3248.2,1,1,3248.8,290,2,3249.0,6,2,3249.1,1,1
11536,2025-12-30 12:26:17+05:30,3247.9,25,3248.93,856710,108924.0,121873.0,3250.0,3257.0,3239.8,3251.5,43143275,3576.6,2926.4,4322.95,2866.6,3247.9,5,2,3247.8,31,4,3247.7,10,1,3247.6,122,9,3247.5,71,5,3248.1,40,8,3248.2,1,1,3248.8,290,2,3249.0,6,2,3249.1,1,1
11536,2025-12-30 12:26:17+05:30,3247.9,4,3248.93,856797,108976.0,121879.0,3250.0,3257.0,3239.8,3251.5,43143275,3576.6,2926.4,4322.95,2866.6,3247.9,2,1,3247.8,23,3,3247.7,10,1,3247.6,92,8,3247.5,71,5,3248.1,47,10,3248.8,290,2,3249.0,6,2,3249.1,1,1,3249.2,20,1
11536,2025-12-30 12:26:18+05:30,3247.9,4,3248.93,856797,108976.0,121879.0,3250.0,3257.0,3239.8,3251.5,43143275,3576.6,2926.4,4322.95,2866.6,3247.9,2,1,3247.8,23,3,3247.7,10,1,3247.6,92,8,3247.5,71,5,3248.1,47,10,3248.8,290,2,3249.0,6,2,3249.1,1,1,3249.2,20,1
11536,2025-12-30 12:26:18+05:30,3247.9,1,3248.93,856797,108976.0,121879.0,3250.0,3257.0,3239.8,3251.5,43143275,3576.6,2926.4,4322.95,2866.6,3247.9,2,1,3247.8,23,3,3247.7,10,1,3247.6,92,8,3247.5,71,5,3248.1,47,10,3248.8,290,2,3249.0,6,2,3249.1,1,1,3249.2,20,1
11536,2025-12-30 12:26:18+05:30,3247.9,1,3248.93,856803,108940.0,122010.0,3250.0,3257.0,3239.8,3251.5,43143275,3576.6,2926.4,4322.95,2866.6,3247.9,11,3,3247.8,15,2,3247.7,10,1,3247.6,62,6,3247.5,71,5,3248.1,46,11,3248.8,290,2,3249.0,6,2,3249.1,1,1,3249.2,20,1
11536,2025-12-30 12:26:19+05:30,3248.8,21,3248.93,856803,108940.0,122010.0,3250.0,3257.0,3239.8,3251.5,43143275,3576.6,2926.4,4322.95,2866.6,3247.9,11,3,3247.8,15,2,3247.7,10,1,3247.6,62,6,3247.5,71,5,3248.1,46,11,3248.8,290,2,3249.0,6,2,3249.1,1,1,3249.2,20,1
11536,2025-12-30 12:26:19+05:30,3248.8,21,3248.93,856940,109733.0,120895.0,3250.0,3257.0,3239.8,3251.5,43143275,3576.6,2926.4,4322.95,2866.6,3247.9,1,1,3247.8,29,3,3247.7,26,2,3247.6,243,7,3247.5,71,5,3248.8,276,4,3248.9,22,1,3249.0,32,3,3249.1,1,1,3249.2,28,2
11536,2025-12-30 12:26:19+05:30,3248.8,21,3248.93,856940,109733.0,120895.0,3250.0,3257.0,3239.8,3251.5,43143275,3576.6,2926.4,4322.95,2866.6,3247.9,1,1,3247.8,29,3,3247.7,26,2,3247.6,243,7,3247.5,71,5,3248.8,276,4,3248.9,22,1,3249.0,32,3,3249.1,1,1,3249.2,28,2
11536,2025-12-30 12:26:20+05:30,3248.0,1,3248.93,856941,109447.0,120898.0,3250.0,3257.0,3239.8,3251.5,43143275,3576.6,2926.4,4322.95,2866.6,3248.0,21,1,3247.9,1,1,3247.8,29,3,3247.7,26,2,3247.6,243,7,3248.8,290,5,3248.9,22,1,3249.0,32,3,3249.1,1,1,3249.2,28,2
11536,2025-12-30 12:26:21+05:30,3248.0,1,3248.93,856941,109447.0,120898.0,3250.0,3257.0,3239.8,3251.5,43143275,3576.6,2926.4,4322.95,2866.6,3248.0,21,1,3247.9,1,1,3247.8,29,3,3247.7,26,2,3247.6,243,7,3248.8,290,5,3248.9,22,1,3249.0,32,3,3249.1,1,1,3249.2,28,2
11536,2025-12-30 12:26:21+05:30,3248.0,1,3248.93,856941,109447.0,120898.0,3250.0,3257.0,3239.8,3251.5,43143275,3576.6,2926.4,4322.95,2866.6,3248.0,21,1,3247.9,1,1,3247.8,29,3,3247.7,26,2,3247.6,243,7,3248.8,290,5,3248.9,22,1,3249.0,32,3,3249.1,1,1,3249.2,28,2
11536,2025-12-30 12:26:21+05:30,3248.0,21,3248.93,856962,109601.0,120667.0,3250.0,3257.0,3239.8,3251.5,43143275,3576.6,2926.4,4322.95,2866.6,3247.9,1,1,3247.8,190,5,3247.7,34,3,3247.6,248,8,3247.5,93,6,3248.0,6,2,3248.8,285,4,3248.9,22,1,3249.0,32,3,3249.1,1,1
11536,2025-12-30 12:26:22+05:30,3248.0,21,3248.93,856962,109601.0,120667.0,3250.0,3257.0,3239.8,3251.5,43143275,3576.6,2926.4,4322.95,2866.6,3247.9,1,1,3247.8,190,5,3247.7,34,3,3247.6,248,8,3247.5,93,6,3248.0,6,2,3248.8,285,4,3248.9,22,1,3249.0,32,3,3249.1,1,1
11536,2025-12-30 12:26:22+05:30,3247.8,15,3248.93,856982,109012.0,121888.0,3250.0,3257.0,3239.8,3251.5,43143275,3576.6,2926.4,4322.95,2866.6,3247.9,6,1,3247.8,15,2,3247.7,18,2,3247.6,34,5,3247.5,93,6,3248.0,22,5,3248.8,269,2,3248.9,22,1,3249.0,32,3,3249.1,1,1
11536,2025-12-30 12:26:23+05:30,3247.8,15,3248.93,856982,109012.0,121888.0,3250.0,3257.0,3239.8,3251.5,43143275,3576.6,2926.4,4322.95,2866.6,3247.9,6,1,3247.8,15,2,3247.7,18,2,3247.6,34,5,3247.5,93,6,3248.0,22,5,3248.8,269,2,3248.9,22,1,3249.0,32,3,3249.1,1,1
11536,2025-12-30 12:26:23+05:30,3248.0,2,3248.93,856982,109012.0,121888.0,3250.0,3257.0,3239.8,3251.5,43143275,3576.6,2926.4,4322.95,2866.6,3247.9,6,1,3247.8,15,2,3247.7,18,2,3247.6,34,5,3247.5,93,6,3248.0,22,5,3248.8,269,2,3248.9,22,1,3249.0,32,3,3249.1,1,1
11536,2025-12-30 12:26:23+05:30,3247.8,3,3248.93,857002,109048.0,121905.0,3250.0,3257.0,3239.8,3251.5,43143275,3576.6,2926.4,4322.95,2866.6,3247.8,23,4,3247.7,16,2,3247.6,56,6,3247.5,82,6,3247.4,81,6,3248.0,20,7,3248.8,269,2,3248.9,22,1,3249.0,32,3,3249.1,1,1
11536,2025-12-30 12:26:24+05:30,3248.0,1,3248.93,857002,109048.0,121905.0,3250.0,3257.0,3239.8,3251.5,43143275,3576.6,2926.4,4322.95,2866.6,3247.8,23,4,3247.7,16,2,3247.6,56,6,3247.5,82,6,3247.4,81,6,3248.0,20,7,3248.8,269,2,3248.9,22,1,3249.0,32,3,3249.1,1,1
11536,2025-12-30 12:26:24+05:30,3248.0,1,3248.93,857002,109048.0,121905.0,3250.0,3257.0,3239.8,3251.5,43143275,3576.6,2926.4,4322.95,2866.6,3247.8,23,4,3247.7,16,2,3247.6,56,6,3247.5,82,6,3247.4,81,6,3248.0,20,7,3248.8,269,2,3248.9,22,1,3249.0,32,3,3249.1,1,1
11536,2025-12-30 12:26:24+05:30,3248.0,1,3248.93,857046,109370.0,121544.0,3250.0,3257.0,3239.8,3251.5,43143275,3576.6,2926.4,4322.95,2866.6,3247.8,33,5,3247.7,54,4,3247.6,228,8,3247.5,96,6,3247.4,159,7,3248.0,4,3,3248.8,269,2,3249.0,32,3,3249.1,1,1,3249.2,44,3
11536,2025-12-30 12:26:25+05:30,3248.0,1,3248.93,857046,109370.0,121544.0,3250.0,3257.0,3239.8,3251.5,43143275,3576.6,2926.4,4322.95,2866.6,3247.8,33,5,3247.7,54,4,3247.6,228,8,3247.5,96,6,3247.4,159,7,3248.0,4,3,3248.8,269,2,3249.0,32,3,3249.1,1,1,3249.2,44,3
11536,2025-12-30 12:26:25+05:30,3248.0,1,3248.93,857051,109236.0,121721.0,3250.0,3257.0,3239.8,3251.5,43143275,3576.6,2926.4,4322.95,2866.6,3247.8,33,5,3247.7,48,3,3247.6,62,7,3247.5,96,6,3247.4,67,6,3248.0,6,5,3248.8,269,2,3249.0,32,3,3249.1,1,1,3249.2,44,3
11536,2025-12-30 12:26:26+05:30,3248.0,1,3248.93,857051,109236.0,121721.0,3250.0,3257.0,3239.8,3251.5,43153075,3576.6,2926.4,4322.95,2866.6,3247.8,33,5,3247.7,48,3,3247.6,62,7,3247.5,96,6,3247.4,67,6,3248.0,6,5,3248.8,269,2,3249.0,32,3,3249.1,1,1,3249.2,44,3
11536,2025-12-30 12:26:26+05:30,3248.8,3,3248.93,857051,109236.0,121721.0,3250.0,3257.0,3239.8,3251.5,43153075,3576.6,2926.4,4322.95,2866.6,3247.8,33,5,3247.7,48,3,3247.6,62,7,3247.5,96,6,3247.4,67,6,3248.0,6,5,3248.8,269,2,3249.0,32,3,3249.1,1,1,3249.2,44,3
11536,2025-12-30 12:26:26+05:30,3248.0,1,3248.93,857076,109147.0,121093.0,3250.0,3257.0,3239.8,3251.5,43153075,3576.6,2926.4,4322.95,2866.6,3248.0,17,1,3247.8,35,4,3247.7,10,1,3247.6,180,4,3247.5,41,4,3248.8,268,5,3248.9,47,2,3249.0,6,2,3249.1,1,1,3249.2,28,2
11536,2025-12-30 12:26:27+05:30,3248.0,1,3248.93,857076,109147.0,121093.0,3250.0,3257.0,3239.8,3251.5,43153075,3576.6,2926.4,4322.95,2866.6,3248.0,17,1,3247.8,35,4,3247.7,10,1,3247.6,180,4,3247.5,41,4,3248.8,268,5,3248.9,47,2,3249.0,6,2,3249.1,1,1,3249.2,28,2
11536,2025-12-30 12:26:27+05:30,3248.0,1,3248.93,857150,109512.0,121752.0,3250.0,3257.0,3239.8,3251.5,43153075,3576.6,2926.4,4322.95,2866.6,3247.8,41,5,3247.7,10,1,3247.6,237,7,3247.5,51,5,3247.4,255,7,3248.0,8,3,3248.5,175,1,3248.8,94,5,3249.0,6,2,3249.1,3,2
11536,2025-12-30 12:26:28+05:30,3247.8,3,3248.93,857150,109512.0,121752.0,3250.0,3257.0,3239.8,3251.5,43153075,3576.6,2926.4,4322.95,2866.6,3247.8,41,5,3247.7,10,1,3247.6,237,7,3247.5,51,5,3247.4,255,7,3248.0,8,3,3248.5,175,1,3248.8,94,5,3249.0,6,2,3249.1,3,2
11536,2025-12-30 12:26:28+05:30,3247.8,2,3248.93,857164,108973.0,121993.0,3250.0,3257.0,3239.8,3251.5,43153075,3576.6,2926.4,4322.95,2866.6,3247.8,8,1,3247.7,10,1,3247.6,29,4,3247.5,51,5,3247.4,44,4,3248.0,58,6,3248.5,175,1,3248.6,22,1,3248.7,25,1,3248.8,92,3
11536,2025-12-30 12:26:29+05:30,3247.8,2,3248.93,857164,108973.0,121993.0,3250.0,3257.0,3239.8,3251.5,43153075,3576.6,2926.4,4322.95,2866.6,3247.8,8,1,3247.7,10,1,3247.6,29,4,3247.5,51,5,3247.4,44,4,3248.0,58,6,3248.5,175,1,3248.6,22,1,3248.7,25,1,3248.8,92,3
11536,2025-12-30 12:26:29+05:30,3247.8,2,3248.93,857164,108973.0,121993.0,3250.0,3257.0,3239.8,3251.5,43153075,3576.6,2926.4,4322.95,2866.6,3247.8,8,1,3247.7,10,1,3247.6,29,4,3247.5,51,5,3247.4,44,4,3248.0,58,6,3248.5,175,1,3248.6,22,1,3248.7,25,1,3248.8,92,3
11536,2025-12-30 12:26:29+05:30,3248.0,17,3248.93,857208,108985.0,121968.0,3250.0,3257.0,3239.8,3251.5,43153075,3576.6,2926.4,4322.95,2866.6,3247.8,11,2,3247.7,10,1,3247.6,29,4,3247.5,42,4,3247.4,44,4,3248.0,41,8,3248.5,175,1,3248.6,22,1,3248.7,25,1,3248.8,91,2
11536,2025-12-30 12:26:30+05:30,3248.0,1,3248.93,857208,108985.0,121968.0,3250.0,3257.0,3239.8,3251.5,43153075,3576.6,2926.4,4322.95,2866.6,3247.8,11,2,3247.7,10,1,3247.6,29,4,3247.5,42,4,3247.4,44,4,3248.0,41,8,3248.5,175,1,3248.6,22,1,3248.7,25,1,3248.8,91,2
11536,2025-12-30 12:26:30+05:30,3248.0,1,3248.92,857231,109029.0,121549.0,3250.0,3257.0,3239.8,3251.5,43153075,3576.6,2926.4,4322.95,2866.6,3247.8,19,3,3247.7,34,3,3247.6,54,6,3247.5,32,3,3247.4,66,5,3248.0,32,9,3248.5,175,1,3248.8,90,1,3248.9,22,1,3249.0,6,2
11536,2025-12-30 12:26:31+05:30,3247.8,3,3248.92,857231,109029.0,121549.0,3250.0,3257.0,3239.8,3251.5,43153075,3576.6,2926.4,4322.95,2866.6,3247.8,19,3,3247.7,34,3,3247.6,54,6,3247.5,32,3,3247.4,66,5,3248.0,32,9,3248.5,175,1,3248.8,90,1,3248.9,22,1,3249.0,6,2
11536,2025-12-30 12:26:31+05:30,3247.8,1,3248.92,857246,109551.0,121197.0,3250.0,3257.0,3239.8,3251.5,43153075,3576.6,2926.4,4322.95,2866.6,3247.8,3,1,3247.7,38,4,3247.6,54,6,3247.5,54,4,3247.4,44,4,3248.0,30,10,3248.5,175,1,3248.8,90,1,3248.9,22,1,3249.0,6,2
11536,2025-12-30 12:26:32+05:30,3247.8,1,3248.92,857246,109551.0,121197.0,3250.0,3257.0,3239.8,3251.5,43153075,3576.6,2926.4,4322.95,2866.6,3247.8,3,1,3247.7,38,4,3247.6,54,6,3247.5,54,4,3247.4,44,4,3248.0,30,10,3248.5,175,1,3248.8,90,1,3248.9,22,1,3249.0,6,2
11536,2025-12-30 12:26:32+05:30,3247.8,3,3248.92,857276,109578.0,121513.0,3250.0,3257.0,3239.8,3251.5,43153075,3576.6,2926.4,4322.95,2866.6,3247.8,3,1,3247.7,27,4,3247.6,30,4,3247.5,55,5,3247.4,47,5,3248.0,14,11,3248.5,175,1,3248.8,90,1,3248.9,22,1,3249.0,6,2
11536,2025-12-30 12:26:33+05:30,3248.0,3,3248.92,857276,109578.0,121513.0,3250.0,3257.0,3239.8,3251.5,43153075,3576.6,2926.4,4322.95,2866.6,3247.8,3,1,3247.7,27,4,3247.6,30,4,3247.5,55,5,3247.4,47,5,3248.0,14,11,3248.5,175,1,3248.8,90,1,3248.9,22,1,3249.0,6,2
11536,2025-12-30 12:26:33+05:30,3248.0,3,3248.92,857312,109728.0,121449.0,3250.0,3257.0,3239.8,3251.5,43153075,3576.6,2926.4,4322.95,2866.6,3247.8,27,3,3247.7,38,4,3247.6,46,5,3247.5,55,5,3247.4,79,7,3248.0,250,1,3248.5,178,3,3248.6,22,1,3248.7,26,1,3248.8,90,1
11536,2025-12-30 12:26:34+05:30,3248.0,3,3248.92,857312,109794.0,121399.0,3250.0,3257.0,3239.8,3251.5,43153075,3576.6,2926.4,4322.95,2866.6,3247.8,98,6,3247.7,26,2,3247.6,46,5,3247.5,64,6,3247.4,79,7,3248.0,250,1,3248.5,178,3,3248.6,22,1,3248.7,26,1,3248.8,90,1
11536,2025-12-30 12:26:35+05:30,3248.0,1,3248.92,857312,109794.0,121399.0,3250.0,3257.0,3239.8,3251.5,43153075,3576.6,2926.4,4322.95,2866.6,3247.8,98,6,3247.7,26,2,3247.6,46,5,3247.5,64,6,3247.4,79,7,3248.0,250,1,3248.5,178,3,3248.6,22,1,3248.7,26,1,3248.8,90,1
11536,2025-12-30 12:26:35+05:30,3248.0,1,3248.92,857324,109979.0,121382.0,3250.0,3257.0,3239.8,3251.5,43153075,3576.6,2926.4,4322.95,2866.6,3247.9,4,1,3247.8,124,5,3247.7,26,2,3247.6,239,8,3247.5,55,5,3248.0,251,3,3248.5,176,2,3248.6,22,1,3248.7,26,1,3248.8,90,1
11536,2025-12-30 12:26:36+05:30,3247.9,5,3248.92,857324,109979.0,121382.0,3250.0,3257.0,3239.8,3251.5,43153075,3576.6,2926.4,4322.95,2866.6,3247.9,4,1,3247.8,124,5,3247.7,26,2,3247.6,239,8,3247.5,55,5,3248.0,251,3,3248.5,176,2,3248.6,22,1,3248.7,26,1,3248.8,90,1
11536,2025-12-30 12:26:36+05:30,3247.9,5,3248.92,857329,109972.0,121725.0,3250.0,3257.0,3239.8,3251.5,43153075,3576.6,2926.4,4322.95,2866.6,3247.9,4,1,3247.8,124,5,3247.7,26,2,3247.6,209,7,3247.5,55,5,3248.0,252,4,3248.5,175,1,3248.6,22,1,3248.7,26,1,3248.8,90,1
11536,2025-12-30 12:26:37+05:30,3247.8,1,3248.92,857329,109972.0,121725.0,3250.0,3257.0,3239.8,3251.5,43153075,3576.6,2926.4,4322.95,2866.6,3247.9,4,1,3247.8,124,5,3247.7,26,2,3247.6,209,7,3247.5,55,5,3248.0,252,4,3248.5,175,1,3248.6,22,1,3248.7,26,1,3248.8,90,1
11536,2025-12-30 12:26:37+05:30,3247.8,1,3248.92,857486,109241.0,121405.0,3250.0,3257.0,3239.8,3251.5,43153075,3576.6,2926.4,4322.95,2866.6,3247.8,1,1,3247.7,23,3,3247.6,24,3,3247.5,31,5,3247.4,56,7,3247.9,17,4,3248.0,251,3,3248.5,175,1,3248.6,48,2,3248.8,120,2
11536,2025-12-30 12:26:38+05:30,3247.7,2,3248.92,857486,109241.0,121405.0,3250.0,3257.0,3239.8,3251.5,43153075,3576.6,2926.4,4322.95,2866.6,3247.8,1,1,3247.7,23,3,3247.6,24,3,3247.5,31,5,3247.4,56,7,3247.9,17,4,3248.0,251,3,3248.5,175,1,3248.6,48,2,3248.8,120,2
11536,2025-12-30 12:26:38+05:30,3247.7,2,3248.92,857502,109057.0,121574.0,3250.0,3257.0,3239.8,3251.5,43153075,3576.6,2926.4,4322.95,2866.6,3247.7,14,2,3247.6,24,3,3247.5,13,4,3247.4,39,6,3247.3,64,4,3247.8,115,3,3247.9,16,4,3248.0,249,1,3248.5,175,1,3248.6,48,2
11536,2025-12-30 12:26:39+05:30,3247.7,46,3248.92,857502,109057.0,121574.0,3250.0,3257.0,3239.8,3251.5,43153075,3576.6,2926.4,4322.95,2866.6,3247.7,14,2,3247.6,24,3,3247.5,13,4,3247.4,39,6,3247.3,64,4,3247.8,115,3,3247.9,16,4,3248.0,249,1,3248.5,175,1,3248.6,48,2
11536,2025-12-30 12:26:39+05:30,3247.7,2,3248.92,857633,109077.0,121522.0,3250.0,3257.0,3239.8,3251.5,43153075,3576.6,2926.4,4322.95,2866.6,3247.6,37,5,3247.5,13,4,3247.4,39,6,3247.3,86,5,3247.2,189,8,3247.8,86,7,3247.9,3,1,3248.0,249,1,3248.5,175,1,3248.6,48,2
11536,2025-12-30 12:26:40+05:30,3247.6,4,3248.92,857633,109077.0,121522.0,3250.0,3257.0,3239.8,3251.5,43153075,3576.6,2926.4,4322.95,2866.6,3247.6,37,5,3247.5,13,4,3247.4,39,6,3247.3,86,5,3247.2,189,8,3247.8,86,7,3247.9,3,1,3248.0,249,1,3248.5,175,1,3248.6,48,2
11536,2025-12-30 12:26:40+05:30,3247.6,1,3248.92,857662,109052.0,121518.0,3250.0,3257.0,3239.8,3251.5,43153075,3576.6,2926.4,4322.95,2866.6,3247.6,3,2,3247.5,21,5,3247.4,32,5,3247.3,86,5,3247.2,189,8,3247.8,85,6,3248.0,249,1,3248.5,175,1,3248.6,48,2,3248.8,120,2
11536,2025-12-30 12:26:41+05:30,3247.6,1,3248.92,857662,109052.0,121518.0,3250.0,3257.0,3239.8,3251.5,43153075,3576.6,2926.4,4322.95,2866.6,3247.6,3,2,3247.5,21,5,3247.4,32,5,3247.3,86,5,3247.2,189,8,3247.8,85,6,3248.0,249,1,3248.5,175,1,3248.6,48,2,3248.8,120,2
11536,2025-12-30 12:26:42+05:30,3247.8,1,3248.92,858198,109008.0,121414.0,3250.0,3257.0,3239.8,3251.5,43153075,3576.6,2926.4,4322.95,2866.6,3247.6,52,6,3247.5,20,2,3247.4,248,9,3247.3,56,3,3247.2,242,10,3247.7,56,3,3247.8,1,1,3248.0,249,1,3248.5,175,1,3248.8,90,1
11536,2025-12-30 12:26:42+05:30,3247.8,1,3248.92,858198,109008.0,121414.0,3250.0,3257.0,3239.8,3251.5,43153075,3576.6,2926.4,4322.95,2866.6,3247.6,52,6,3247.5,20,2,3247.4,248,9,3247.3,56,3,3247.2,242,10,3247.7,56,3,3247.8,1,1,3248.0,249,1,3248.5,175,1,3248.8,90,1
11536,2025-12-30 12:26:43+05:30,3247.6,2,3248.92,858205,108794.0,121375.0,3250.0,3257.0,3239.8,3251.5,43153075,3576.6,2926.4,4322.95,2866.6,3247.6,11,3,3247.5,4,1,3247.4,92,8,3247.3,78,4,3247.2,182,8,3247.7,54,5,3248.0,249,1,3248.5,175,1,3248.8,90,1,3249.0,8,3
11536,2025-12-30 12:26:43+05:30,3247.6,1,3248.92,858205,108794.0,121375.0,3250.0,3257.0,3239.8,3251.5,43153075,3576.6,2926.4,4322.95,2866.6,3247.6,11,3,3247.5,4,1,3247.4,92,8,3247.3,78,4,3247.2,182,8,3247.7,54,5,3248.0,249,1,3248.5,175,1,3248.8,90,1,3249.0,8,3
11536,2025-12-30 12:26:44+05:30,3247.6,152,3248.92,858368,108808.0,121359.0,3250.0,3257.0,3239.8,3251.5,43153075,3576.6,2926.4,4322.95,2866.6,3247.6,21,1,3247.5,10,2,3247.4,60,6,3247.3,78,4,3247.2,212,9,3247.7,38,5,3248.0,249,1,3248.5,175,1,3248.8,90,1,3249.0,8,3
11536,2025-12-30 12:26:44+05:30,3247.6,152,3248.92,858368,108808.0,121359.0,3250.0,3257.0,3239.8,3251.5,43153075,3576.6,2926.4,4322.95,2866.6,3247.6,21,1,3247.5,10,2,3247.4,60,6,3247.3,78,4,3247.2,212,9,3247.7,38,5,3248.0,249,1,3248.5,175,1,3248.8,90,1,3249.0,8,3
11536,2025-12-30 12:26:44+05:30,3248.1,10,3248.92,858897,109778.0,120125.0,3250.0,3257.0,3239.8,3251.5,43153075,3576.6,2926.4,4322.95,2866.6,3248.1,48,4,3248.0,52,3,3247.9,19,1,3247.8,53,3,3247.7,380,3,3248.5,175,1,3248.8,90,1,3249.0,6,2,3249.1,1,1,3249.2,20,1
11536,2025-12-30 12:26:45+05:30,3248.5,1,3248.92,858897,109778.0,120125.0,3250.0,3257.0,3239.8,3251.5,43153075,3576.6,2926.4,4322.95,2866.6,3248.1,48,4,3248.0,52,3,3247.9,19,1,3247.8,53,3,3247.7,380,3,3248.5,175,1,3248.8,90,1,3249.0,6,2,3249.1,1,1,3249.2,20,1
11536,2025-12-30 12:26:46+05:30,3248.5,1,3248.92,858898,110041.0,121105.0,3250.0,3257.0,3239.8,3251.5,43153075,3576.6,2926.4,4322.95,2866.6,3248.1,52,5,3248.0,79,5,3247.9,29,2,3247.8,67,5,3247.7,24,3,3248.5,199,4,3248.8,90,1,3249.0,6,2,3249.1,1,1,3249.2,50,2
11536,2025-12-30 12:26:46+05:30,3248.1,2,3248.92,858898,110041.0,121105.0,3250.0,3257.0,3239.8,3251.5,43153075,3576.6,2926.4,4322.95,2866.6,3248.1,52,5,3248.0,79,5,3247.9,29,2,3247.8,67,5,3247.7,24,3,3248.5,199,4,3248.8,90,1,3249.0,6,2,3249.1,1,1,3249.2,50,2
11536,2025-12-30 12:26:47+05:30,3247.6,7,3248.92,859370,108888.0,121830.0,3250.0,3257.0,3239.8,3251.5,43153075,3576.6,2926.4,4322.95,2866.6,3247.6,7,1,3247.4,213,7,3247.3,47,2,3247.2,546,9,3247.1,46,4,3247.8,1,1,3248.5,194,5,3248.8,90,1,3249.0,6,2,3249.1,1,1
11536,2025-12-30 12:26:47+05:30,3247.6,1,3248.92,859370,108888.0,121830.0,3250.0,3257.0,3239.8,3251.5,43153075,3576.6,2926.4,4322.95,2866.6,3247.6,7,1,3247.4,213,7,3247.3,47,2,3247.2,546,9,3247.1,46,4,3247.8,1,1,3248.5,194,5,3248.8,90,1,3249.0,6,2,3249.1,1,1
11536,2025-12-30 12:26:47+05:30,3247.8,1,3248.92,859436,109106.0,121663.0,3250.0,3257.0,3239.8,3251.5,43153075,3576.6,2926.4,4322.95,2866.6,3247.7,22,4,3247.6,18,2,3247.5,47,4,3247.4,136,7,3247.3,71,4,3247.8,13,4,3248.5,193,4,3248.8,90,1,3248.9,22,1,3249.0,6,2
11536,2025-12-30 12:26:48+05:30,3247.6,6,3248.92,859436,109106.0,121663.0,3250.0,3257.0,3239.8,3251.5,43153075,3576.6,2926.4,4322.95,2866.6,3247.7,22,4,3247.6,18,2,3247.5,47,4,3247.4,136,7,3247.3,71,4,3247.8,13,4,3248.5,193,4,3248.8,90,1,3248.9,22,1,3249.0,6,2
11536,2025-12-30 12:26:48+05:30,3247.5,1,3248.92,859483,108053.0,122383.0,3250.0,3257.0,3239.8,3251.5,43153075,3576.6,2926.4,4322.95,2866.6,3247.4,61,6,3247.3,52,3,3247.2,44,6,3247.1,126,7,3247.0,68,7,3247.5,4,2,3247.6,4,3,3247.8,29,7,3248.5,177,2,3248.8,90,1
11536,2025-12-30 12:26:49+05:30,3247.5,1,3248.92,859483,108053.0,122383.0,3250.0,3257.0,3239.8,3251.5,43153075,3576.6,2926.4,4322.95,2866.6,3247.4,61,6,3247.3,52,3,3247.2,44,6,3247.1,126,7,3247.0,68,7,3247.5,4,2,3247.6,4,3,3247.8,29,7,3248.5,177,2,3248.8,90,1
11536,2025-12-30 12:26:49+05:30,3247.4,2,3248.92,859575,107939.0,122197.0,3250.0,3257.0,3239.8,3251.5,43153075,3576.6,2926.4,4322.95,2866.6,3247.4,9,3,3247.3,46,3,3247.2,62,7,3247.1,96,6,3247.0,68,7,3247.5,12,6,3247.6,4,3,3247.8,20,5,3248.5,173,1,3248.8,90,1
11536,2025-12-30 12:26:50+05:30,3247.6,22,3248.92,859575,107939.0,122197.0,3250.0,3257.0,3239.8,3251.5,43153075,3576.6,2926.4,4322.95,2866.6,3247.4,9,3,3247.3,46,3,3247.2,62,7,3247.1,96,6,3247.0,68,7,3247.5,12,6,3247.6,4,3,3247.8,20,5,3248.5,173,1,3248.8,90,1
11536,2025-12-30 12:26:50+05:30,3247.6,9,3248.92,859761,109016.0,121953.0,3250.0,3257.0,3239.8,3251.5,43153075,3576.6,2926.4,4322.95,2866.6,3247.6,48,5,3247.5,48,4,3247.4,65,4,3247.3,27,3,3247.2,283,10,3247.8,15,2,3248.5,173,1,3248.8,90,1,3248.9,22,1,3249.0,6,2
11536,2025-12-30 12:26:51+05:30,3247.6,1,3248.92,859761,109016.0,121953.0,3250.0,3257.0,3239.8,3251.5,43153075,3576.6,2926.4,4322.95,2866.6,3247.6,48,5,3247.5,48,4,3247.4,65,4,3247.3,27,3,3247.2,283,10,3247.8,15,2,3248.5,173,1,3248.8,90,1,3248.9,22,1,3249.0,6,2
11536,2025-12-30 12:26:51+05:30,3247.8,7,3248.92,859875,109573.0,121566.0,3250.0,3257.0,3239.8,3251.5,43153075,3576.6,2926.4,4322.95,2866.6,3247.8,15,1,3247.7,10,1,3247.6,40,3,3247.5,44,3,3247.4,256,7,3248.5,179,3,3248.8,112,2,3248.9,48,2,3249.0,36,3,3249.1,1,1
11536,2025-12-30 12:26:52+05:30,3247.8,15,3248.92,859875,109573.0,121566.0,3250.0,3257.0,3239.8,3251.5,43153075,3576.6,2926.4,4322.95,2866.6,3247.8,15,1,3247.7,10,1,3247.6,40,3,3247.5,44,3,3247.4,256,7,3248.5,179,3,3248.8,112,2,3248.9,48,2,3249.0,36,3,3249.1,1,1
11536,2025-12-30 12:26:52+05:30,3247.8,15,3248.92,859890,109756.0,121648.0,3250.0,3257.0,3239.8,3251.5,43153075,3576.6,2926.4,4322.95,2866.6,3247.6,36,3,3247.5,44,3,3247.4,238,6,3247.3,72,6,3247.2,571,13,3247.8,19,3,3248.5,179,3,3248.8,112,2,3248.9,48,2,3249.0,36,3
11536,2025-12-30 12:26:53+05:30,3247.8,15,3248.92,859890,109742.0,121989.0,3250.0,3257.0,3239.8,3251.5,43153075,3576.6,2926.4,4322.95,2866.6,3247.6,57,3,3247.5,1,1,3247.4,238,6,3247.3,72,6,3247.2,597,14,3247.8,19,3,3248.5,179,3,3248.8,112,2,3248.9,48,2,3249.0,36,3
11536,2025-12-30 12:26:54+05:30,3247.8,3,3248.92,859890,109742.0,121989.0,3250.0,3257.0,3239.8,3251.5,43153075,3576.6,2926.4,4322.95,2866.6,3247.6,57,3,3247.5,1,1,3247.4,238,6,3247.3,72,6,3247.2,597,14,3247.8,19,3,3248.5,179,3,3248.8,112,2,3248.9,48,2,3249.0,36,3
11536,2025-12-30 12:26:54+05:30,3247.8,1,3248.92,859950,109407.0,120778.0,3250.0,3257.0,3239.8,3251.5,43153075,3576.6,2926.4,4322.95,2866.6,3247.8,3,1,3247.6,91,6,3247.5,18,3,3247.4,214,8,3247.3,440,7,3248.5,178,4,3249.0,6,2,3249.1,1,1,3249.2,20,1,3249.4,30,1
11536,2025-12-30 12:26:55+05:30,3248.5,2,3248.92,859950,109407.0,120778.0,3250.0,3257.0,3239.8,3251.5,43153075,3576.6,2926.4,4322.95,2866.6,3247.8,3,1,3247.6,91,6,3247.5,18,3,3247.4,214,8,3247.3,440,7,3248.5,178,4,3249.0,6,2,3249.1,1,1,3249.2,20,1,3249.4,30,1
11536,2025-12-30 12:26:55+05:30,3248.5,2,3248.92,859989,110454.0,120097.0,3250.0,3257.0,3239.8,3251.5,43153075,3576.6,2926.4,4322.95,2866.6,3248.0,21,1,3247.9,75,5,3247.8,249,7,3247.7,429,4,3247.6,226,5,3248.5,158,6,3249.0,6,2,3249.1,1,1,3249.2,20,1,3249.5,34,3
11536,2025-12-30 12:26:56+05:30,3248.5,2,3248.92,860196,110962.0,118825.0,3250.0,3257.0,3239.8,3251.5,43153075,3576.6,2926.4,4322.95,2866.6,3248.2,409,5,3248.1,68,5,3248.0,340,7,3247.9,57,3,3247.8,57,5,3249.0,6,2,3249.1,1,1,3249.2,20,1,3249.8,66,2,3249.9,30,1
11536,2025-12-30 12:26:57+05:30,3248.2,52,3248.92,860196,110962.0,118825.0,3250.0,3257.0,3239.8,3251.5,43153075,3576.6,2926.4,4322.95,2866.6,3248.2,409,5,3248.1,68,5,3248.0,340,7,3247.9,57,3,3247.8,57,5,3249.0,6,2,3249.1,1,1,3249.2,20,1,3249.8,66,2,3249.9,30,1
11536,2025-12-30 12:26:57+05:30,3248.6,2,3248.92,860276,110313.0,118972.0,3250.0,3257.0,3239.8,3251.5,43153075,3576.6,2926.4,4322.95,2866.6,3248.6,16,1,3248.4,63,5,3248.3,19,1,3248.2,119,7,3248.1,365,6,3249.0,22,8,3249.1,1,1,3249.2,20,1,3249.5,22,1,3249.6,26,1
11536,2025-12-30 12:26:58+05:30,3248.6,2,3248.92,860276,110313.0,118972.0,3250.0,3257.0,3239.8,3251.5,43153075,3576.6,2926.4,4322.95,2866.6,3248.6,16,1,3248.4,63,5,3248.3,19,1,3248.2,119,7,3248.1,365,6,3249.0,22,8,3249.1,1,1,3249.2,20,1,3249.5,22,1,3249.6,26,1
11536,2025-12-30 12:26:58+05:30,3249.0,1,3248.92,860330,110872.0,118049.0,3250.0,3257.0,3239.8,3251.5,43153075,3576.6,2926.4,4322.95,2866.6,3248.6,104,8,3248.5,15,1,3248.4,78,5,3248.3,325,2,3248.2,65,5,3249.0,18,7,3249.1,1,1,3249.2,20,1,3249.8,66,2,3249.9,30,1
11536,2025-12-30 12:26:59+05:30,3248.6,4,3248.92,860330,110872.0,118049.0,3250.0,3257.0,3239.8,3251.5,43153075,3576.6,2926.4,4322.95,2866.6,3248.6,104,8,3248.5,15,1,3248.4,78,5,3248.3,325,2,3248.2,65,5,3249.0,18,7,3249.1,1,1,3249.2,20,1,3249.8,66,2,3249.9,30,1
11536,2025-12-30 12:26:59+05:30,3249.0,1,3248.92,860464,114125.0,118193.0,3250.0,3257.0,3239.8,3251.5,43153075,3576.6,2926.4,4322.95,2866.6,3248.9,30,4,3248.8,63,3,3248.7,27,3,3248.6,396,6,3248.5,15,1,3249.0,5,3,3249.1,1,1,3249.2,20,1,3249.8,66,2,3249.9,30,1
11536,2025-12-30 12:27:00+05:30,3249.0,1,3248.92,860464,114125.0,118193.0,3250.0,3257.0,3239.8,3251.5,43153075,3576.6,2926.4,4322.95,2866.6,3248.9,30,4,3248.8,63,3,3248.7,27,3,3248.6,396,6,3248.5,15,1,3249.0,5,3,3249.1,1,1,3249.2,20,1,3249.8,66,2,3249.9,30,1
11536,2025-12-30 12:27:00+05:30,3248.9,1,3248.92,860502,112507.0,118104.0,3250.0,3257.0,3239.8,3251.5,43153075,3576.6,2926.4,4322.95,2866.6,3248.9,48,5,3248.8,62,3,3248.7,19,2,3248.6,83,6,3248.5,321,2,3249.0,2,2,3249.1,1,1,3249.2,20,1,3249.8,66,2,3249.9,30,1
11536,2025-12-30 12:27:01+05:30,3249.8,47,3248.92,860502,112507.0,118104.0,3250.0,3257.0,3239.8,3251.5,43153075,3576.6,2926.4,4322.95,2866.6,3248.9,48,5,3248.8,62,3,3248.7,19,2,3248.6,83,6,3248.5,321,2,3249.0,2,2,3249.1,1,1,3249.2,20,1,3249.8,66,2,3249.9,30,1
11536,2025-12-30 12:27:01+05:30,3250.0,6,3248.92,860630,115157.0,117101.0,3250.0,3257.0,3239.8,3251.5,43153075,3576.6,2926.4,4322.95,2866.6,3249.3,27,1,3249.2,96,6,3249.1,61,5,3249.0,265,7,3248.9,444,8,3249.8,7,3,3250.0,231,16,3250.1,45,2,3250.9,20,1,3251.1,93,2
11536,2025-12-30 12:27:02+05:30,3250.0,6,3248.92,860630,115157.0,117101.0,3250.0,3257.0,3239.8,3251.5,43153075,3576.6,2926.4,4322.95,2866.6,3249.3,27,1,3249.2,96,6,3249.1,61,5,3249.0,265,7,3248.9,444,8,3249.8,7,3,3250.0,231,16,3250.1,45,2,3250.9,20,1,3251.1,93,2
11536,2025-12-30 12:27:02+05:30,3249.8,3,3248.92,860668,115485.0,117390.0,3250.0,3257.0,3239.8,3251.5,43153075,3576.6,2926.4,4322.95,2866.6,3249.3,53,5,3249.2,299,8,3249.1,61,5,3249.0,265,7,3248.9,421,7,3249.8,8,5,3250.0,231,16,3250.1,45,2,3250.9,50,2,3251.0,3,1
11536,2025-12-30 12:27:03+05:30,3249.8,3,3248.92,860668,115485.0,117390.0,3250.0,3257.0,3239.8,3251.5,43153075,3576.6,2926.4,4322.95,2866.6,3249.3,53,5,3249.2,299,8,3249.1,61,5,3249.0,265,7,3248.9,421,7,3249.8,8,5,3250.0,231,16,3250.1,45,2,3250.9,50,2,3251.0,3,1
11536,2025-12-30 12:27:03+05:30,3249.8,2,3248.92,860697,113939.0,116109.0,3250.0,3257.0,3239.8,3251.5,43153075,3576.6,2926.4,4322.95,2866.6,3249.7,8,5,3249.6,23,2,3249.5,15,1,3249.4,89,6,3249.3,16,3,3249.8,5,5,3250.0,231,16,3250.1,45,2,3250.9,20,1,3251.0,3,1
11536,2025-12-30 12:27:04+05:30,3249.7,1,3248.92,860697,113939.0,116109.0,3250.0,3257.0,3239.8,3251.5,43153075,3576.6,2926.4,4322.95,2866.6,3249.7,8,5,3249.6,23,2,3249.5,15,1,3249.4,89,6,3249.3,16,3,3249.8,5,5,3250.0,231,16,3250.1,45,2,3250.9,20,1,3251.0,3,1
11536,2025-12-30 12:27:04+05:30,3249.7,1,3248.92,860713,114360.0,116531.0,3250.0,3257.0,3239.8,3251.5,43153075,3576.6,2926.4,4322.95,2866.6,3249.7,73,5,3249.6,10,1,3249.5,15,1,3249.4,59,5,3249.3,16,3,3249.8,7,7,3249.9,225,1,3250.0,231,16,3250.1,45,2,3250.8,23,1
11536,2025-12-30 12:27:05+05:30,3249.8,1,3248.92,860713,114360.0,116531.0,3250.0,3257.0,3239.8,3251.5,43153075,3576.6,2926.4,4322.95,2866.6,3249.7,73,5,3249.6,10,1,3249.5,15,1,3249.4,59,5,3249.3,16,3,3249.8,7,7,3249.9,225,1,3250.0,231,16,3250.1,45,2,3250.8,23,1
11536,2025-12-30 12:27:05+05:30,3249.7,2,3248.92,860722,114091.0,116522.0,3250.0,3257.0,3239.8,3251.5,43153075,3576.6,2926.4,4322.95,2866.6,3249.7,67,5,3249.6,10,1,3249.4,59,5,3249.3,16,3,3249.2,57,5,3249.8,7,7,3249.9,225,1,3250.0,231,16,3250.1,45,2,3250.5,23,1
11536,2025-12-30 12:27:06+05:30,3249.9,58,3248.92,860722,114091.0,116522.0,3250.0,3257.0,3239.8,3251.5,43153075,3576.6,2926.4,4322.95,2866.6,3249.7,67,5,3249.6,10,1,3249.4,59,5,3249.3,16,3,3249.2,57,5,3249.8,7,7,3249.9,225,1,3250.0,231,16,3250.1,45,2,3250.5,23,1
11536,2025-12-30 12:27:06+05:30,3249.7,3,3248.92,860799,114639.0,115246.0,3250.0,3257.0,3239.8,3251.5,43153075,3576.6,2926.4,4322.95,2866.6,3249.7,79,7,3249.6,15,1,3249.5,62,2,3249.4,94,5,3249.3,92,6,3249.9,172,3,3250.0,231,16,3250.1,45,2,3250.8,23,1,3250.9,20,1
11536,2025-12-30 12:27:07+05:30,3249.7,16,3248.92,860799,114639.0,115246.0,3250.0,3257.0,3239.8,3251.5,43153075,3576.6,2926.4,4322.95,2866.6,3249.7,79,7,3249.6,15,1,3249.5,62,2,3249.4,94,5,3249.3,92,6,3249.9,172,3,3250.0,231,16,3250.1,45,2,3250.8,23,1,3250.9,20,1
11536,2025-12-30 12:27:07+05:30,3249.9,1,3248.92,860888,114422.0,115543.0,3250.0,3257.0,3239.8,3251.5,43153075,3576.6,2926.4,4322.95,2866.6,3249.8,13,2,3249.7,5,3,3249.6,10,1,3249.5,43,1,3249.4,94,5,3249.9,178,7,3250.0,231,16,3250.1,45,2,3250.4,23,1,3250.5,27,1
11536,2025-12-30 12:27:08+05:30,3249.9,4,3248.92,860888,114422.0,115543.0,3250.0,3257.0,3239.8,3251.5,43153075,3576.6,2926.4,4322.95,2866.6,3249.8,13,2,3249.7,5,3,3249.6,10,1,3249.5,43,1,3249.4,94,5,3249.9,178,7,3250.0,231,16,3250.1,45,2,3250.4,23,1,3250.5,27,1
11536,2025-12-30 12:27:08+05:30,3249.8,9,3248.92,860914,114395.0,116931.0,3250.0,3257.0,3239.8,3251.5,43153075,3576.6,2926.4,4322.95,2866.6,3249.8,20,2,3249.7,5,3,3249.6,10,1,3249.5,43,1,3249.4,94,5,3249.9,174,9,3250.0,231,16,3250.1,45,2,3250.4,23,1,3250.5,27,1
11536,2025-12-30 12:27:09+05:30,3249.8,8,3248.92,860914,114395.0,116931.0,3250.0,3257.0,3239.8,3251.5,43153075,3576.6,2926.4,4322.95,2866.6,3249.8,20,2,3249.7,5,3,3249.6,10,1,3249.5,43,1,3249.4,94,5,3249.9,174,9,3250.0,231,16,3250.1,45,2,3250.4,23,1,3250.5,27,1
11536,2025-12-30 12:27:09+05:30,3249.9,6,3248.92,860997,114573.0,116532.0,3250.0,3257.0,3239.8,3251.5,43153075,3576.6,2926.4,4322.95,2866.6,3249.8,10,2,3249.7,5,3,3249.6,10,1,3249.5,51,2,3249.4,94,5,3249.9,128,8,3250.0,231,16,3250.1,45,2,3250.6,27,1,3250.7,23,1
11536,2025-12-30 12:27:10+05:30,3249.8,5,3248.92,860997,114573.0,116532.0,3250.0,3257.0,3239.8,3251.5,43153075,3576.6,2926.4,4322.95,2866.6,3249.8,10,2,3249.7,5,3,3249.6,10,1,3249.5,51,2,3249.4,94,5,3249.9,128,8,3250.0,231,16,3250.1,45,2,3250.6,27,1,3250.7,23,1
11536,2025-12-30 12:27:10+05:30,3249.8,7,3248.92,861019,114296.0,117152.0,3250.0,3257.0,3239.8,3251.5,43153075,3576.6,2926.4,4322.95,2866.6,3249.8,65,3,3249.7,5,3,3249.5,43,1,3249.4,84,4,3249.3,114,8,3249.9,127,7,3250.0,231,16,3250.1,45,2,3250.3,23,1,3250.4,27,1
11536,2025-12-30 12:27:11+05:30,3249.9,1,3248.92,861019,114296.0,117152.0,3250.0,3257.0,3239.8,3251.5,43153075,3576.6,2926.4,4322.95,2866.6,3249.8,65,3,3249.7,5,3,3249.5,43,1,3249.4,84,4,3249.3,114,8,3249.9,127,7,3250.0,231,16,3250.1,45,2,3250.3,23,1,3250.4,27,1
11536,2025-12-30 12:27:11+05:30,3249.8,1,3248.92,861051,114333.0,116975.0,3250.0,3257.0,3239.8,3251.5,43153075,3576.6,2926.4,4322.95,2866.6,3249.8,36,3,3249.7,28,5,3249.6,18,1,3249.5,72,3,3249.4,92,5,3249.9,125,10,3250.0,231,16,3250.1,45,2,3250.3,23,1,3250.4,27,1
11536,2025-12-30 12:27:12+05:30,3250.1,1,3248.92,861051,114333.0,116975.0,3250.0,3257.0,3239.8,3251.5,43153075,3576.6,2926.4,4322.95,2866.6,3249.8,36,3,3249.7,28,5,3249.6,18,1,3249.5,72,3,3249.4,92,5,3249.9,125,10,3250.0,231,16,3250.1,45,2,3250.3,23,1,3250.4,27,1
11536,2025-12-30 12:27:12+05:30,3250.9,1,3248.92,861575,116732.0,115579.0,3250.0,3257.0,3239.8,3251.5,43153075,3576.6,2926.4,4322.95,2866.6,3250.2,27,2,3250.1,25,2,3250.0,50,3,3249.9,47,3,3249.8,663,14,3250.9,41,3,3251.2,22,1,3251.3,26,1,3251.5,12,1,3251.6,27,2
11536,2025-12-30 12:27:13+05:30,3250.2,1,3248.92,861575,116732.0,115579.0,3250.0,3257.0,3239.8,3251.5,43153075,3576.6,2926.4,4322.95,2866.6,3250.2,27,2,3250.1,25,2,3250.0,50,3,3249.9,47,3,3249.8,663,14,3250.9,41,3,3251.2,22,1,3251.3,26,1,3251.5,12,1,3251.6,27,2
11536,2025-12-30 12:27:13+05:30,3250.0,1,3248.92,861577,114506.0,115578.0,3250.0,3257.0,3239.8,3251.5,43153075,3576.6,2926.4,4322.95,2866.6,3250.2,2,1,3250.0,48,2,3249.8,37,4,3249.7,2,2,3249.6,241,5,3250.8,24,3,3250.9,105,9,3251.0,39,4,3251.1,30,3,3251.2,43,2
11536,2025-12-30 12:27:14+05:30,3250.0,1,3248.92,861577,114506.0,115578.0,3250.0,3257.0,3239.8,3251.5,43153075,3576.6,2926.4,4322.95,2866.6,3250.2,2,1,3250.0,48,2,3249.8,37,4,3249.7,2,2,3249.6,241,5,3250.8,24,3,3250.9,105,9,3251.0,39,4,3251.1,30,3,3251.2,43,2
11536,2025-12-30 12:27:14+05:30,3250.2,10,3248.92,861587,114242.0,116113.0,3250.0,3257.0,3239.8,3251.5,43153075,3576.6,2926.4,4322.95,2866.6,3250.0,28,1,3249.8,37,4,3249.7,2,2,3249.6,180,3,3249.4,231,5,3250.2,6,1,3250.7,22,1,3250.8,1,1,3250.9,63,5,3251.0,29,2
11536,2025-12-30 12:27:15+05:30,3250.2,1,3248.92,861587,114242.0,116113.0,3250.0,3257.0,3239.8,3251.5,43153075,3576.6,2926.4,4322.95,2866.6,3250.0,28,1,3249.8,37,4,3249.7,2,2,3249.6,180,3,3249.4,231,5,3250.2,6,1,3250.7,22,1,3250.8,1,1,3250.9,63,5,3251.0,29,2
11536,2025-12-30 12:27:15+05:30,3250.0,5,3248.92,861680,113045.0,116190.0,3250.0,3257.0,3239.8,3251.5,43153075,3576.6,2926.4,4322.95,2866.6,3250.0,23,1,3249.8,37,4,3249.7,2,2,3249.6,21,1,3249.4,231,5,3250.2,29,6,3250.7,22,1,3250.9,67,3,3251.0,29,2,3251.2,43,2
11536,2025-12-30 12:27:16+05:30,3250.0,2,3248.92,861680,113045.0,116190.0,3250.0,3257.0,3239.8,3251.5,43153075,3576.6,2926.4,4322.95,2866.6,3250.0,23,1,3249.8,37,4,3249.7,2,2,3249.6,21,1,3249.4,231,5,3250.2,29,6,3250.7,22,1,3250.9,67,3,3251.0,29,2,3251.2,43,2
11536,2025-12-30 12:27:16+05:30,3250.2,1,3248.92,861683,112983.0,116196.0,3250.0,3257.0,3239.8,3251.5,43153075,3576.6,2926.4,4322.95,2866.6,3250.0,21,1,3249.8,16,3,3249.7,2,2,3249.6,21,1,3249.4,231,5,3250.2,33,8,3250.6,22,1,3250.7,12,1,3250.8,26,1,3250.9,41,2
11536,2025-12-30 12:27:17+05:30,3250.2,1,3248.92,861683,112983.0,116196.0,3250.0,3257.0,3239.8,3251.5,43153075,3576.6,2926.4,4322.95,2866.6,3250.0,21,1,3249.8,16,3,3249.7,2,2,3249.6,21,1,3249.4,231,5,3250.2,33,8,3250.6,22,1,3250.7,12,1,3250.8,26,1,3250.9,41,2
11536,2025-12-30 12:27:17+05:30,3249.8,4,3248.92,861828,113662.0,115346.0,3250.0,3257.0,3239.8,3251.5,43153075,3576.6,2926.4,4322.95,2866.6,3249.8,14,3,3249.7,2,2,3249.6,27,2,3249.5,20,2,3249.4,75,4,3250.0,17,4,3250.2,15,6,3250.6,26,1,3250.8,22,1,3250.9,13,2
11536,2025-12-30 12:27:18+05:30,3249.8,1,3248.92,861828,113662.0,115346.0,3250.0,3257.0,3239.8,3251.5,43153075,3576.6,2926.4,4322.95,2866.6,3249.8,14,3,3249.7,2,2,3249.6,27,2,3249.5,20,2,3249.4,75,4,3250.0,17,4,3250.2,15,6,3250.6,26,1,3250.8,22,1,3250.9,13,2
11536,2025-12-30 12:27:18+05:30,3249.8,1,3248.92,861857,113625.0,115360.0,3250.0,3257.0,3239.8,3251.5,43153075,3576.6,2926.4,4322.95,2866.6,3249.8,15,4,3249.7,2,2,3249.6,27,2,3249.5,20,2,3249.4,45,3,3250.0,47,10,3250.2,9,2,3250.5,22,1,3250.6,26,1,3250.9,13,2
11536,2025-12-30 12:27:19+05:30,3249.8,4,3248.92,861857,113625.0,115360.0,3250.0,3257.0,3239.8,3251.5,43153075,3576.6,2926.4,4322.95,2866.6,3249.8,15,4,3249.7,2,2,3249.6,27,2,3249.5,20,2,3249.4,45,3,3250.0,47,10,3250.2,9,2,3250.5,22,1,3250.6,26,1,3250.9,13,2
11536,2025-12-30 12:27:19+05:30,3249.8,4,3248.92,861991,113725.0,116537.0,3250.0,3257.0,3239.8,3251.5,43153075,3576.6,2926.4,4322.95,2866.6,3249.8,45,3,3249.7,2,2,3249.6,27,2,3249.5,20,2,3249.4,45,3,3250.0,42,10,3250.6,26,1,3250.8,22,1,3250.9,13,2,3251.0,45,2
11536,2025-12-30 12:27:20+05:30,3249.8,21,3248.92,861991,113725.0,116537.0,3250.0,3257.0,3239.8,3251.5,43153075,3576.6,2926.4,4322.95,2866.6,3249.8,45,3,3249.7,2,2,3249.6,27,2,3249.5,20,2,3249.4,45,3,3250.0,42,10,3250.6,26,1,3250.8,22,1,3250.9,13,2,3251.0,45,2
11536,2025-12-30 12:27:20+05:30,3249.8,21,3248.92,862022,113739.0,114396.0,3250.0,3257.0,3239.8,3251.5,43153075,3576.6,2926.4,4322.95,2866.6,3249.8,14,3,3249.7,2,2,3249.6,6,1,3249.4,75,4,3249.3,74,6,3250.0,44,10,3250.6,26,1,3250.8,22,1,3250.9,13,2,3251.0,58,3
11536,2025-12-30 12:27:21+05:30,3249.8,4,3248.92,862022,113739.0,114396.0,3250.0,3257.0,3239.8,3251.5,43153075,3576.6,2926.4,4322.95,2866.6,3249.8,14,3,3249.7,2,2,3249.6,6,1,3249.4,75,4,3249.3,74,6,3250.0,44,10,3250.6,26,1,3250.8,22,1,3250.9,13,2,3251.0,58,3
11536,2025-12-30 12:27:21+05:30,3249.8,4,3248.92,862032,112685.0,114386.0,3250.0,3257.0,3239.8,3251.5,43153075,3576.6,2926.4,4322.95,2866.6,3249.8,40,3,3249.7,2,2,3249.6,6,1,3249.4,45,3,3249.3,74,6,3250.0,43,9,3250.5,21,1,3250.6,26,1,3250.9,13,2,3251.0,58,3
11536,2025-12-30 12:27:22+05:30,3251.0,14,3248.92,862032,112685.0,114386.0,3250.0,3257.0,3239.8,3251.5,43153075,3576.6,2926.4,4322.95,2866.6,3249.8,40,3,3249.7,2,2,3249.6,6,1,3249.4,45,3,3249.3,74,6,3250.0,43,9,3250.5,21,1,3250.6,26,1,3250.9,13,2,3251.0,58,3
11536,2025-12-30 12:27:22+05:30,3251.0,14,3248.92,862322,113079.0,117226.0,3250.0,3257.0,3239.8,3251.5,43153075,3576.6,2926.4,4322.95,2866.6,3250.1,2,2,3250.0,6,2,3249.8,69,4,3249.7,12,3,3249.6,201,4,3250.8,79,6,3250.9,26,4,3251.0,47,3,3251.1,48,5,3251.2,85,5
11536,2025-12-30 12:27:23+05:30,3250.1,1,3248.92,862322,113079.0,117226.0,3250.0,3257.0,3239.8,3251.5,43153075,3576.6,2926.4,4322.95,2866.6,3250.1,2,2,3250.0,6,2,3249.8,69,4,3249.7,12,3,3249.6,201,4,3250.8,79,6,3250.9,26,4,3251.0,47,3,3251.1,48,5,3251.2,85,5
11536,2025-12-30 12:27:23+05:30,3250.1,1,3248.92,862324,113108.0,117328.0,3250.0,3257.0,3239.8,3251.5,43153075,3576.6,2926.4,4322.95,2866.6,3250.1,1,1,3250.0,42,3,3249.8,33,3,3249.7,12,3,3249.6,201,4,3250.8,70,6,3250.9,25,3,3251.0,38,2,3251.1,15,1,3251.2,85,5
11536,2025-12-30 12:27:24+05:30,3250.1,1,3248.92,862325,113724.0,116974.0,3250.0,3257.0,3239.8,3251.5,43153075,3576.6,2926.4,4322.95,2866.6,3250.0,46,4,3249.8,16,3,3249.7,2,2,3249.6,201,4,3249.5,41,4,3250.1,7,1,3250.7,21,1,3250.8,29,3,3250.9,14,1,3251.0,38,2
11536,2025-12-30 12:27:25+05:30,3250.1,1,3248.92,862325,113724.0,116974.0,3250.0,3257.0,3239.8,3251.5,43153075,3576.6,2926.4,4322.95,2866.6,3250.0,46,4,3249.8,16,3,3249.7,2,2,3249.6,201,4,3249.5,41,4,3250.1,7,1,3250.7,21,1,3250.8,29,3,3250.9,14,1,3251.0,38,2
11536,2025-12-30 12:27:25+05:30,3250.0,3,3248.92,862378,113595.0,117143.0,3250.0,3257.0,3239.8,3251.5,43153075,3576.6,2926.4,4322.95,2866.6,3250.0,37,2,3249.9,3,1,3249.8,57,3,3249.7,26,5,3249.6,27,2,3250.1,6,5,3250.7,21,1,3250.8,24,1,3251.1,2,1,3251.2,66,3
11536,2025-12-30 12:27:26+05:30,3250.0,3,3248.92,862378,113595.0,117143.0,3250.0,3257.0,3239.8,3251.5,43153075,3576.6,2926.4,4322.95,2866.6,3250.0,37,2,3249.9,3,1,3249.8,57,3,3249.7,26,5,3249.6,27,2,3250.1,6,5,3250.7,21,1,3250.8,24,1,3251.1,2,1,3251.2,66,3
11536,2025-12-30 12:27:26+05:30,3250.0,36,3248.92,862451,113650.0,117452.0,3250.0,3257.0,3239.8,3251.5,43153075,3576.6,2926.4,4322.95,2866.6,3250.0,40,2,3249.8,57,3,3249.7,8,3,3249.6,27,2,3249.5,40,3,3250.1,8,7,3250.7,21,1,3250.8,24,1,3251.1,2,1,3251.2,79,4
11536,2025-12-30 12:27:27+05:30,3250.0,1,3248.92,862451,113650.0,117452.0,3250.0,3257.0,3239.8,3251.5,43153075,3576.6,2926.4,4322.95,2866.6,3250.0,40,2,3249.8,57,3,3249.7,8,3,3249.6,27,2,3249.5,40,3,3250.1,8,7,3250.7,21,1,3250.8,24,1,3251.1,2,1,3251.2,79,4
11536,2025-12-30 12:27:27+05:30,3250.0,2,3248.92,862533,112258.0,117467.0,3250.0,3257.0,3239.8,3251.5,43153075,3576.6,2926.4,4322.95,2866.6,3250.0,32,2,3249.8,57,3,3249.7,2,2,3249.6,27,2,3249.5,40,3,3250.1,16,9,3250.7,21,1,3250.8,24,1,3251.1,2,1,3251.2,79,4
11536,2025-12-30 12:27:28+05:30,3250.7,19,3248.92,862533,112258.0,117467.0,3250.0,3257.0,3239.8,3251.5,43153075,3576.6,2926.4,4322.95,2866.6,3250.0,32,2,3249.8,57,3,3249.7,2,2,3249.6,27,2,3249.5,40,3,3250.1,16,9,3250.7,21,1,3250.8,24,1,3251.1,2,1,3251.2,79,4
11536,2025-12-30 12:27:28+05:30,3250.7,19,3248.92,862654,112475.0,116967.0,3250.0,3257.0,3239.8,3251.5,43153075,3576.6,2926.4,4322.95,2866.6,3250.0,23,4,3249.8,61,4,3249.7,2,2,3249.6,27,2,3249.5,23,3,3250.1,2,1,3250.8,21,1,3250.9,48,4,3251.1,2,1,3251.2,61,3
11536,2025-12-30 12:27:29+05:30,3250.0,1,3248.92,862654,112475.0,116967.0,3250.0,3257.0,3239.8,3251.5,43153075,3576.6,2926.4,4322.95,2866.6,3250.0,23,4,3249.8,61,4,3249.7,2,2,3249.6,27,2,3249.5,23,3,3250.1,2,1,3250.8,21,1,3250.9,48,4,3251.1,2,1,3251.2,61,3
11536,2025-12-30 12:27:29+05:30,3250.0,1,3248.92,862655,112563.0,116978.0,3250.0,3257.0,3239.8,3251.5,43153075,3576.6,2926.4,4322.95,2866.6,3250.0,22,4,3249.8,61,4,3249.7,20,3,3249.6,78,4,3249.5,10,2,3250.1,4,2,3250.8,21,1,3250.9,48,4,3251.1,2,1,3251.2,61,3
11536,2025-12-30 12:27:30+05:30,3250.1,6,3248.92,862655,112563.0,116978.0,3250.0,3257.0,3239.8,3251.5,43153075,3576.6,2926.4,4322.95,2866.6,3250.0,22,4,3249.8,61,4,3249.7,20,3,3249.6,78,4,3249.5,10,2,3250.1,4,2,3250.8,21,1,3250.9,48,4,3251.1,2,1,3251.2,61,3
11536,2025-12-30 12:27:30+05:30,3250.0,1,3248.92,862740,114827.0,116574.0,3250.0,3257.0,3239.8,3251.5,43153075,3576.6,2926.4,4322.95,2866.6,3250.0,3,2,3249.8,82,5,3249.7,32,3,3249.6,387,8,3249.5,389,7,3251.1,42,4,3251.2,35,2,3251.3,9,1,3251.5,43,2,3251.7,123,3
11536,2025-12-30 12:27:31+05:30,3250.0,1,3248.92,862740,114827.0,116574.0,3250.0,3257.0,3239.8,3251.5,43153075,3576.6,2926.4,4322.95,2866.6,3250.0,3,2,3249.8,82,5,3249.7,32,3,3249.6,387,8,3249.5,389,7,3251.1,42,4,3251.2,35,2,3251.3,9,1,3251.5,43,2,3251.7,123,3
11536,2025-12-30 12:27:31+05:30,3251.1,1,3248.92,862744,115109.0,115502.0,3250.0,3257.0,3239.8,3251.5,43153075,3576.6,2926.4,4322.95,2866.6,3250.1,3,1,3250.0,238,7,3249.9,162,3,3249.8,281,9,3249.7,383,6,3251.1,4,2,3251.6,12,1,3251.7,12,2,3251.8,42,3,3251.9,86,3
11536,2025-12-30 12:27:32+05:30,3251.1,4,3248.92,862744,115109.0,115502.0,3250.0,3257.0,3239.8,3251.5,43153075,3576.6,2926.4,4322.95,2866.6,3250.1,3,1,3250.0,238,7,3249.9,162,3,3249.8,281,9,3249.7,383,6,3251.1,4,2,3251.6,12,1,3251.7,12,2,3251.8,42,3,3251.9,86,3
11536,2025-12-30 12:27:32+05:30,3250.3,1,3248.92,862780,114356.0,116580.0,3250.0,3257.0,3239.8,3251.5,43153075,3576.6,2926.4,4322.95,2866.6,3250.3,64,5,3250.2,67,3,3250.1,184,6,3250.0,250,10,3249.9,388,4,3251.1,2,2,3251.8,12,2,3251.9,56,2,3252.0,31,8,3252.1,42,3
11536,2025-12-30 12:27:33+05:30,3251.1,5,3248.92,862780,114356.0,116580.0,3250.0,3257.0,3239.8,3251.5,43153075,3576.6,2926.4,4322.95,2866.6,3250.3,64,5,3250.2,67,3,3250.1,184,6,3250.0,250,10,3249.9,388,4,3251.1,2,2,3251.8,12,2,3251.9,56,2,3252.0,31,8,3252.1,42,3
11536,2025-12-30 12:27:33+05:30,3251.1,1,3248.92,862798,115434.0,116461.0,3250.0,3257.0,3239.8,3251.5,43153075,3576.6,2926.4,4322.95,2866.6,3250.5,24,1,3250.4,83,6,3250.3,120,6,3250.2,131,4,3250.1,96,8,3251.1,4,4,3251.9,30,1,3252.0,31,8,3252.1,53,3,3252.2,130,4
11536,2025-12-30 12:27:34+05:30,3250.5,2,3248.92,862798,115434.0,116461.0,3250.0,3257.0,3239.8,3251.5,43153075,3576.6,2926.4,4322.95,2866.6,3250.5,24,1,3250.4,83,6,3250.3,120,6,3250.2,131,4,3250.1,96,8,3251.1,4,4,3251.9,30,1,3252.0,31,8,3252.1,53,3,3252.2,130,4
11536,2025-12-30 12:27:34+05:30,3250.5,2,3248.92,862801,115742.0,116577.0,3250.0,3257.0,3239.8,3251.5,43153075,3576.6,2926.4,4322.95,2866.6,3250.5,21,1,3250.4,86,5,3250.3,120,6,3250.2,29,2,3250.1,199,9,3251.1,7,7,3251.9,30,1,3252.0,31,8,3252.1,53,3,3252.2,130,4
11536,2025-12-30 12:27:35+05:30,3250.4,3,3248.92,862801,115742.0,116577.0,3250.0,3257.0,3239.8,3251.5,43153075,3576.6,2926.4,4322.95,2866.6,3250.5,21,1,3250.4,86,5,3250.3,120,6,3250.2,29,2,3250.1,199,9,3251.1,7,7,3251.9,30,1,3252.0,31,8,3252.1,53,3,3252.2,130,4
11536,2025-12-30 12:27:35+05:30,3250.4,4,3248.92,862821,115314.0,117860.0,3250.0,3257.0,3239.8,3251.5,43153075,3576.6,2926.4,4322.95,2866.6,3250.4,2,1,3250.3,59,5,3250.2,29,2,3250.1,136,7,3250.0,251,11,3251.1,5,5,3251.8,20,1,3251.9,42,2,3252.0,18,7,3252.1,33,2
11536,2025-12-30 12:27:36+05:30,3250.5,2,3248.92,862821,115314.0,117860.0,3250.0,3257.0,3239.8,3251.5,43153075,3576.6,2926.4,4322.95,2866.6,3250.4,2,1,3250.3,59,5,3250.2,29,2,3250.1,136,7,3250.0,251,11,3251.1,5,5,3251.8,20,1,3251.9,42,2,3252.0,18,7,3252.1,33,2
11536,2025-12-30 12:27:36+05:30,3250.6,1,3248.92,862851,116008.0,117111.0,3250.0,3257.0,3239.8,3251.5,43153075,3576.6,2926.4,4322.95,2866.6,3250.6,67,4,3250.5,68,5,3250.4,412,8,3250.3,65,7,3250.2,429,8,3251.9,51,3,3252.0,18,7,3252.1,3,1,3252.3,120,2,3252.4,30,1
11536,2025-12-30 12:27:37+05:30,3250.6,5,3248.92,862851,116008.0,117111.0,3250.0,3257.0,3239.8,3251.5,43153075,3576.6,2926.4,4322.95,2866.6,3250.6,67,4,3250.5,68,5,3250.4,412,8,3250.3,65,7,3250.2,429,8,3251.9,51,3,3252.0,18,7,3252.1,3,1,3252.3,120,2,3252.4,30,1
11536,2025-12-30 12:27:37+05:30,3250.8,1,3248.92,862947,116304.0,116503.0,3250.0,3257.0,3239.8,3251.5,43153075,3576.6,2926.4,4322.95,2866.6,3250.7,16,1,3250.6,93,4,3250.5,45,2,3250.4,475,8,3250.3,382,8,3251.9,36,5,3252.0,18,7,3252.1,20,1,3252.2,30,1,3252.3,120,2
11536,2025-12-30 12:27:38+05:30,3250.8,1,3248.92,862947,116304.0,116503.0,3250.0,3257.0,3239.8,3251.5,43153075,3576.6,2926.4,4322.95,2866.6,3250.7,16,1,3250.6,93,4,3250.5,45,2,3250.4,475,8,3250.3,382,8,3251.9,36,5,3252.0,18,7,3252.1,20,1,3252.2,30,1,3252.3,120,2
11536,2025-12-30 12:27:38+05:30,3250.8,3,3248.92,862950,116362.0,116963.0,3250.0,3257.0,3239.8,3251.5,43153075,3576.6,2926.4,4322.95,2866.6,3250.8,1,1,3250.6,94,4,3250.5,30,1,3250.4,478,8,3250.3,382,8,3251.9,58,7,3252.0,18,7,3252.1,32,2,3252.2,30,1,3252.3,140,4
11536,2025-12-30 12:27:39+05:30,3250.8,1,3248.92,862950,116362.0,116963.0,3250.0,3257.0,3239.8,3251.5,43153075,3576.6,2926.4,4322.95,2866.6,3250.8,1,1,3250.6,94,4,3250.5,30,1,3250.4,478,8,3250.3,382,8,3251.9,58,7,3252.0,18,7,3252.1,32,2,3252.2,30,1,3252.3,140,4
11536,2025-12-30 12:27:39+05:30,3250.6,1,3248.92,862981,116293.0,117012.0,3250.0,3257.0,3239.8,3251.5,43153075,3576.6,2926.4,4322.95,2866.6,3250.6,41,3,3250.4,416,8,3250.3,76,7,3250.2,669,9,3250.1,102,8,3251.7,55,5,3251.8,33,3,3251.9,52,5,3252.0,18,7,3252.2,30,1
11536,2025-12-30 12:27:40+05:30,3250.6,1,3248.92,862981,116293.0,117012.0,3250.0,3257.0,3239.8,3251.5,43153075,3576.6,2926.4,4322.95,2866.6,3250.6,41,3,3250.4,416,8,3250.3,76,7,3250.2,669,9,3250.1,102,8,3251.7,55,5,3251.8,33,3,3251.9,52,5,3252.0,18,7,3252.2,30,1
11536,2025-12-30 12:27:40+05:30,3250.6,1,3248.92,863000,116124.0,116385.0,3250.0,3257.0,3239.8,3251.5,43153075,3576.6,2926.4,4322.95,2866.6,3250.6,37,1,3250.4,434,10,3250.3,181,8,3250.2,567,7,3250.1,105,9,3251.7,68,7,3251.8,1,1,3251.9,30,1,3252.0,18,7,3252.2,30,1
11536,2025-12-30 12:27:41+05:30,3250.6,1,3248.92,863000,116124.0,116385.0,3250.0,3257.0,3239.8,3251.5,43153075,3576.6,2926.4,4322.95,2866.6,3250.6,37,1,3250.4,434,10,3250.3,181,8,3250.2,567,7,3250.1,105,9,3251.7,68,7,3251.8,1,1,3251.9,30,1,3252.0,18,7,3252.2,30,1
11536,2025-12-30 12:27:41+05:30,3250.6,1,3248.92,863013,115946.0,116393.0,3250.0,3257.0,3239.8,3251.5,43153075,3576.6,2926.4,4322.95,2866.6,3250.6,24,1,3250.4,434,10,3250.3,181,8,3250.2,567,7,3250.1,105,9,3251.7,69,8,3251.9,30,1,3252.0,18,7,3252.2,30,1,3252.3,140,4
11536,2025-12-30 12:27:42+05:30,3250.6,1,3248.92,863013,115946.0,116393.0,3250.0,3257.0,3239.8,3251.5,43153075,3576.6,2926.4,4322.95,2866.6,3250.6,24,1,3250.4,434,10,3250.3,181,8,3250.2,567,7,3250.1,105,9,3251.7,69,8,3251.9,30,1,3252.0,18,7,3252.2,30,1,3252.3,140,4
11536,2025-12-30 12:27:42+05:30,3250.6,5,3248.92,863086,114676.0,116412.0,3250.0,3257.0,3239.8,3251.5,43153075,3576.6,2926.4,4322.95,2866.6,3250.6,51,5,3250.5,55,4,3250.4,317,9,3250.3,181,8,3250.2,238,7,3251.1,5,1,3251.7,60,6,3251.9,30,1,3252.0,18,7,3252.2,21,1
11536,2025-12-30 12:27:43+05:30,3250.6,1,3248.92,863086,114676.0,116412.0,3250.0,3257.0,3239.8,3251.5,43153075,3576.6,2926.4,4322.95,2866.6,3250.6,51,5,3250.5,55,4,3250.4,317,9,3250.3,181,8,3250.2,238,7,3251.1,5,1,3251.7,60,6,3251.9,30,1,3252.0,18,7,3252.2,21,1
11536,2025-12-30 12:27:43+05:30,3250.6,1,3248.92,863094,115952.0,117241.0,3250.0,3257.0,3239.8,3251.5,43153075,3576.6,2926.4,4322.95,2866.6,3250.6,10,2,3250.5,55,4,3250.4,136,7,3250.3,89,7,3250.2,354,9,3251.1,11,4,3251.7,57,3,3251.9,30,1,3252.0,20,8,3252.2,21,1
11536,2025-12-30 12:27:44+05:30,3250.6,1,3248.92,863094,115952.0,117241.0,3250.0,3257.0,3239.8,3251.5,43153075,3576.6,2926.4,4322.95,2866.6,3250.6,10,2,3250.5,55,4,3250.4,136,7,3250.3,89,7,3250.2,354,9,3251.1,11,4,3251.7,57,3,3251.9,30,1,3252.0,20,8,3252.2,21,1
11536,2025-12-30 12:27:44+05:30,3250.5,1,3248.92,863100,116075.0,116386.0,3250.0,3257.0,3239.8,3251.5,43153075,3576.6,2926.4,4322.95,2866.6,3250.6,13,4,3250.5,54,3,3250.4,139,6,3250.3,60,5,3250.2,332,7,3251.1,25,9,3251.7,42,1,3251.9,30,1,3252.0,20,8,3252.1,33,2
11536,2025-12-30 12:27:45+05:30,3251.1,1,3248.92,863100,116075.0,116386.0,3250.0,3257.0,3239.8,3251.5,43153075,3576.6,2926.4,4322.95,2866.6,3250.6,13,4,3250.5,54,3,3250.4,139,6,3250.3,60,5,3250.2,332,7,3251.1,25,9,3251.7,42,1,3251.9,30,1,3252.0,20,8,3252.1,33,2
11536,2025-12-30 12:27:46+05:30,3250.5,1,3248.92,863137,115847.0,117581.0,3250.0,3257.0,3239.8,3251.5,43153075,3576.6,2926.4,4322.95,2866.6,3250.5,90,6,3250.4,109,5,3250.3,60,5,3250.2,146,5,3250.1,59,7,3251.1,20,7,3251.7,42,1,3251.9,30,1,3252.0,20,8,3252.1,33,2
11536,2025-12-30 12:27:46+05:30,3250.5,1,3248.92,863137,115847.0,117581.0,3250.0,3257.0,3239.8,3251.5,43153075,3576.6,2926.4,4322.95,2866.6,3250.5,90,6,3250.4,109,5,3250.3,60,5,3250.2,146,5,3250.1,59,7,3251.1,20,7,3251.7,42,1,3251.9,30,1,3252.0,20,8,3252.1,33,2
11536,2025-12-30 12:27:47+05:30,3250.5,4,3248.92,863161,115771.0,118418.0,3250.0,3257.0,3239.8,3251.5,43153075,3576.6,2926.4,4322.95,2866.6,3250.4,109,5,3250.3,60,5,3250.2,52,3,3250.1,56,6,3250.0,402,16,3250.5,5,2,3251.1,21,8,3251.7,45,2,3251.9,63,3,3252.0,41,9
11536,2025-12-30 12:27:47+05:30,3250.5,4,3248.92,863161,115771.0,118418.0,3250.0,3257.0,3239.8,3251.5,43153075,3576.6,2926.4,4322.95,2866.6,3250.4,109,5,3250.3,60,5,3250.2,52,3,3250.1,56,6,3250.0,402,16,3250.5,5,2,3251.1,21,8,3251.7,45,2,3251.9,63,3,3252.0,41,9
11536,2025-12-30 12:27:47+05:30,3250.4,1,3248.92,863253,115802.0,117302.0,3250.0,3257.0,3239.8,3251.5,43153075,3576.6,2926.4,4322.95,2866.6,3250.4,161,8,3250.3,30,4,3250.2,137,5,3250.1,362,7,3250.0,143,14,3251.1,4,4,3251.7,42,1,3251.9,30,1,3252.0,20,8,3252.1,3,1
11536,2025-12-30 12:27:48+05:30,3250.4,3,3248.92,863253,115802.0,117302.0,3250.0,3257.0,3239.8,3251.5,43153075,3576.6,2926.4,4322.95,2866.6,3250.4,161,8,3250.3,30,4,3250.2,137,5,3250.1,362,7,3250.0,143,14,3251.1,4,4,3251.7,42,1,3251.9,30,1,3252.0,20,8,3252.1,3,1
11536,2025-12-30 12:27:48+05:30,3250.4,3,3248.92,863260,115997.0,117668.0,3250.0,3257.0,3239.8,3251.5,43153075,3576.6,2926.4,4322.95,2866.6,3250.4,154,8,3250.3,46,5,3250.2,137,5,3250.1,362,7,3250.0,329,16,3251.1,10,7,3251.7,42,1,3251.9,30,1,3252.0,20,8,3252.1,33,2
11536,2025-12-30 12:27:49+05:30,3250.4,2,3248.92,863260,115997.0,117668.0,3250.0,3257.0,3239.8,3251.5,43153075,3576.6,2926.4,4322.95,2866.6,3250.4,154,8,3250.3,46,5,3250.2,137,5,3250.1,362,7,3250.0,329,16,3251.1,10,7,3251.7,42,1,3251.9,30,1,3252.0,20,8,3252.1,33,2
11536,2025-12-30 12:27:49+05:30,3250.4,2,3248.92,863262,116003.0,117675.0,3250.0,3257.0,3239.8,3251.5,43153075,3576.6,2926.4,4322.95,2866.6,3250.4,153,9,3250.3,46,5,3250.2,137,5,3250.1,362,7,3250.0,329,16,3251.1,11,8,3251.7,42,1,3251.9,30,1,3252.0,20,8,3252.1,33,2
11536,2025-12-30 12:27:50+05:30,3250.4,25,3248.92,863262,116003.0,117675.0,3250.0,3257.0,3239.8,3251.5,43153075,3576.6,2926.4,4322.95,2866.6,3250.4,153,9,3250.3,46,5,3250.2,137,5,3250.1,362,7,3250.0,329,16,3251.1,11,8,3251.7,42,1,3251.9,30,1,3252.0,20,8,3252.1,33,2
11536,2025-12-30 12:27:50+05:30,3250.4,1,3248.92,863293,114657.0,117490.0,3250.0,3257.0,3239.8,3251.5,43153075,3576.6,2926.4,4322.95,2866.6,3250.4,123,9,3250.3,46,5,3250.2,158,6,3250.1,362,7,3250.0,329,16,3251.1,7,7,3251.7,42,1,3251.9,30,1,3252.0,20,8,3252.1,33,2
11536,2025-12-30 12:27:51+05:30,3250.4,11,3248.92,863293,114657.0,117490.0,3250.0,3257.0,3239.8,3251.5,43153075,3576.6,2926.4,4322.95,2866.6,3250.4,123,9,3250.3,46,5,3250.2,158,6,3250.1,362,7,3250.0,329,16,3251.1,7,7,3251.7,42,1,3251.9,30,1,3252.0,20,8,3252.1,33,2
11536,2025-12-30 12:27:51+05:30,3250.4,2,3248.92,863314,116044.0,117722.0,3250.0,3257.0,3239.8,3251.5,43153075,3576.6,2926.4,4322.95,2866.6,3250.4,101,8,3250.3,54,6,3250.2,126,4,3250.1,83,7,3250.0,609,16,3251.1,4,4,3251.7,42,1,3251.9,30,1,3252.0,20,8,3252.1,33,2
11536,2025-12-30 12:27:52+05:30,3250.4,2,3248.92,863314,116044.0,117722.0,3250.0,3257.0,3239.8,3251.5,43153075,3576.6,2926.4,4322.95,2866.6,3250.4,101,8,3250.3,54,6,3250.2,126,4,3250.1,83,7,3250.0,609,16,3251.1,4,4,3251.7,42,1,3251.9,30,1,3252.0,20,8,3252.1,33,2
11536,2025-12-30 12:27:52+05:30,3250.4,8,3248.92,863322,116015.0,117733.0,3250.0,3257.0,3239.8,3251.5,43153075,3576.6,2926.4,4322.95,2866.6,3250.4,93,8,3250.3,47,5,3250.2,126,4,3250.1,389,8,3250.0,296,14,3251.1,6,6,3251.7,42,1,3251.9,30,1,3252.0,20,8,3252.1,33,2
11536,2025-12-30 12:27:53+05:30,3250.4,8,3248.92,863322,116015.0,117733.0,3250.0,3257.0,3239.8,3251.5,43153075,3576.6,2926.4,4322.95,2866.6,3250.4,93,8,3250.3,47,5,3250.2,126,4,3250.1,389,8,3250.0,296,14,3251.1,6,6,3251.7,42,1,3251.9,30,1,3252.0,20,8,3252.1,33,2
11536,2025-12-30 12:27:53+05:30,3250.4,2,3248.92,863332,116021.0,117756.0,3250.0,3257.0,3239.8,3251.5,43153075,3576.6,2926.4,4322.95,2866.6,3250.4,84,8,3250.3,47,5,3250.2,126,4,3250.1,396,9,3250.0,296,14,3251.1,5,5,3251.7,42,1,3251.9,30,1,3252.0,20,8,3252.1,33,2
11536,2025-12-30 12:27:54+05:30,3251.1,1,3248.92,863332,116021.0,117756.0,3250.0,3257.0,3239.8,3251.5,43153075,3576.6,2926.4,4322.95,2866.6,3250.4,84,8,3250.3,47,5,3250.2,126,4,3250.1,396,9,3250.0,296,14,3251.1,5,5,3251.7,42,1,3251.9,30,1,3252.0,20,8,3252.1,33,2
11536,2025-12-30 12:27:54+05:30,3251.1,1,3248.92,863343,115965.0,117025.0,3250.0,3257.0,3239.8,3251.5,43153075,3576.6,2926.4,4322.95,2866.6,3250.4,188,8,3250.3,142,7,3250.2,526,6,3250.1,126,8,3250.0,356,17,3251.6,45,2,3251.7,2,2,3251.9,30,1,3252.0,20,8,3252.1,33,2
11536,2025-12-30 12:27:55+05:30,3251.6,1,3248.92,863343,115965.0,117025.0,3250.0,3257.0,3239.8,3251.5,43153075,3576.6,2926.4,4322.95,2866.6,3250.4,188,8,3250.3,142,7,3250.2,526,6,3250.1,126,8,3250.0,356,17,3251.6,45,2,3251.7,2,2,3251.9,30,1,3252.0,20,8,3252.1,33,2
11536,2025-12-30 12:27:55+05:30,3251.6,1,3248.92,863347,116076.0,117022.0,3250.0,3257.0,3239.8,3251.5,43153075,3576.6,2926.4,4322.95,2866.6,3250.4,188,8,3250.3,142,7,3250.2,637,8,3250.1,126,8,3250.0,363,18,3251.6,42,3,3251.7,2,2,3251.9,30,1,3252.0,20,8,3252.1,33,2
11536,2025-12-30 12:27:56+05:30,3250.8,3,3248.92,863347,116076.0,117022.0,3250.0,3257.0,3239.8,3251.5,43153075,3576.6,2926.4,4322.95,2866.6,3250.4,188,8,3250.3,142,7,3250.2,637,8,3250.1,126,8,3250.0,363,18,3251.6,42,3,3251.7,2,2,3251.9,30,1,3252.0,20,8,3252.1,33,2
11536,2025-12-30 12:27:56+05:30,3250.8,1,3248.92,863357,116220.0,117136.0,3250.0,3257.0,3239.8,3251.5,43153075,3576.6,2926.4,4322.95,2866.6,3250.8,20,1,3250.7,3,1,3250.6,58,3,3250.5,122,4,3250.4,347,8,3251.9,53,4,3252.0,44,9,3252.1,42,3,3252.2,3,1,3252.3,63,3
11536,2025-12-30 12:27:57+05:30,3250.8,20,3248.92,863357,116220.0,117136.0,3250.0,3257.0,3239.8,3251.5,43153075,3576.6,2926.4,4322.95,2866.6,3250.8,20,1,3250.7,3,1,3250.6,58,3,3250.5,122,4,3250.4,347,8,3251.9,53,4,3252.0,44,9,3252.1,42,3,3252.2,3,1,3252.3,63,3
11536,2025-12-30 12:27:57+05:30,3250.8,20,3248.93,863377,116080.0,117140.0,3250.0,3257.0,3239.8,3251.5,43153075,3576.6,2926.4,4322.95,2866.6,3250.6,57,5,3250.5,44,2,3250.4,243,7,3250.3,172,8,3250.2,341,8,3250.8,10,3,3251.9,34,4,3252.0,20,8,3252.1,24,1,3252.2,3,1
11536,2025-12-30 12:27:58+05:30,3250.6,2,3248.93,863377,116080.0,117140.0,3250.0,3257.0,3239.8,3251.5,43153075,3576.6,2926.4,4322.95,2866.6,3250.6,57,5,3250.5,44,2,3250.4,243,7,3250.3,172,8,3250.2,341,8,3250.8,10,3,3251.9,34,4,3252.0,20,8,3252.1,24,1,3252.2,3,1
11536,2025-12-30 12:27:58+05:30,3250.6,3,3248.93,863385,115865.0,117283.0,3250.0,3257.0,3239.8,3251.5,43153075,3576.6,2926.4,4322.95,2866.6,3250.6,1,1,3250.5,30,2,3250.4,78,6,3250.3,59,6,3250.2,179,7,3250.8,10,6,3251.9,76,4,3252.0,20,8,3252.1,24,1,3252.2,23,2
11536,2025-12-30 12:27:59+05:30,3250.6,8,3248.93,863385,115865.0,117283.0,3250.0,3257.0,3239.8,3251.5,43153075,3576.6,2926.4,4322.95,2866.6,3250.6,1,1,3250.5,30,2,3250.4,78,6,3250.3,59,6,3250.2,179,7,3250.8,10,6,3251.9,76,4,3252.0,20,8,3252.1,24,1,3252.2,23,2
11536,2025-12-30 12:27:59+05:30,3250.5,2,3248.93,863409,115767.0,117803.0,3250.0,3257.0,3239.8,3251.5,43153075,3576.6,2926.4,4322.95,2866.6,3250.5,30,5,3250.4,87,6,3250.3,73,6,3250.2,213,8,3250.1,172,8,3250.6,11,4,3250.8,4,4,3251.9,105,4,3252.0,20,8,3252.1,24,1
11536,2025-12-30 12:28:00+05:30,3250.8,1,3248.93,863409,115767.0,117803.0,3250.0,3257.0,3239.8,3251.5,43153075,3576.6,2926.4,4322.95,2866.6,3250.5,30,5,3250.4,87,6,3250.3,73,6,3250.2,213,8,3250.1,172,8,3250.6,11,4,3250.8,4,4,3251.9,105,4,3252.0,20,8,3252.1,24,1
11536,2025-12-30 12:28:00+05:30,3250.7,3,3248.93,863469,116521.0,116367.0,3250.0,3257.0,3239.8,3251.5,43153075,3576.6,2926.4,4322.95,2866.6,3250.7,62,5,3250.6,88,6,3250.5,111,6,3250.4,274,10,3250.3,401,7,3251.1,5,1,3251.9,46,3,3252.0,20,8,3252.3,20,1,3252.4,52,2
11536,2025-12-30 12:28:01+05:30,3250.7,3,3248.93,863469,116521.0,116367.0,3250.0,3257.0,3239.8,3251.5,43153075,3576.6,2926.4,4322.95,2866.6,3250.7,62,5,3250.6,88,6,3250.5,111,6,3250.4,274,10,3250.3,401,7,3251.1,5,1,3251.9,46,3,3252.0,20,8,3252.3,20,1,3252.4,52,2
11536,2025-12-30 12:28:01+05:30,3251.1,1,3248.93,863470,116701.0,116640.0,3250.0,3257.0,3239.8,3251.5,43153075,3576.6,2926.4,4322.95,2866.6,3250.7,68,6,3250.6,49,4,3250.5,131,7,3250.4,460,12,3250.3,401,7,3251.1,6,3,3251.8,1,1,3251.9,46,3,3252.0,20,8,3252.3,20,1
11536,2025-12-30 12:28:02+05:30,3250.7,1,3248.93,863470,116701.0,116640.0,3250.0,3257.0,3239.8,3251.5,43153075,3576.6,2926.4,4322.95,2866.6,3250.7,68,6,3250.6,49,4,3250.5,131,7,3250.4,460,12,3250.3,401,7,3251.1,6,3,3251.8,1,1,3251.9,46,3,3252.0,20,8,3252.3,20,1
11536,2025-12-30 12:28:02+05:30,3251.0,1,3248.93,863501,116823.0,116954.0,3250.0,3257.0,3239.8,3251.5,43153075,3576.6,2926.4,4322.95,2866.6,3251.0,60,3,3250.9,84,3,3250.8,227,6,3250.7,112,5,3250.6,581,8,3251.8,1,1,3251.9,44,2,3252.0,20,8,3252.4,20,1,3252.5,3,1
11536,2025-12-30 12:28:03+05:30,3251.0,1,3248.93,863501,116823.0,116954.0,3250.0,3257.0,3239.8,3251.5,43153075,3576.6,2926.4,4322.95,2866.6,3251.0,60,3,3250.9,84,3,3250.8,227,6,3250.7,112,5,3250.6,581,8,3251.8,1,1,3251.9,44,2,3252.0,20,8,3252.4,20,1,3252.5,3,1
11536,2025-12-30 12:28:03+05:30,3251.0,8,3248.93,863509,117748.0,116955.0,3250.0,3257.0,3239.8,3251.5,43153075,3576.6,2926.4,4322.95,2866.6,3251.0,59,4,3250.9,84,3,3250.8,135,5,3250.7,188,7,3250.6,617,10,3251.8,3,3,3251.9,43,1,3252.0,20,8,3252.2,20,1,3252.5,3,1
11536,2025-12-30 12:28:04+05:30,3251.2,1,3248.93,863509,117748.0,116955.0,3250.0,3257.0,3239.8,3251.5,43153075,3576.6,2926.4,4322.95,2866.6,3251.0,59,4,3250.9,84,3,3250.8,135,5,3250.7,188,7,3250.6,617,10,3251.8,3,3,3251.9,43,1,3252.0,20,8,3252.2,20,1,3252.5,3,1
11536,2025-12-30 12:28:04+05:30,3251.2,1,3248.93,863891,116187.0,116831.0,3250.0,3257.0,3239.8,3251.5,43153075,3576.6,2926.4,4322.95,2866.6,3251.2,26,4,3251.1,50,3,3251.0,360,6,3250.9,221,7,3250.8,624,9,3252.4,58,4,3252.5,24,1,3252.6,34,6,3252.7,27,2,3252.8,9,1
11536,2025-12-30 12:28:05+05:30,3252.4,1,3248.93,863891,116187.0,116831.0,3250.0,3257.0,3239.8,3251.5,43153075,3576.6,2926.4,4322.95,2866.6,3251.2,26,4,3251.1,50,3,3251.0,360,6,3250.9,221,7,3250.8,624,9,3252.4,58,4,3252.5,24,1,3252.6,34,6,3252.7,27,2,3252.8,9,1
11536,2025-12-30 12:28:05+05:30,3252.4,1,3248.93,863895,116915.0,116853.0,3250.0,3257.0,3239.8,3251.5,43153075,3576.6,2926.4,4322.95,2866.6,3251.2,47,7,3251.1,174,7,3251.0,452,7,3250.9,129,6,3250.8,624,9,3252.4,4,4,3252.5,20,1,3252.6,58,7,3252.7,17,1,3252.9,38,3
11536,2025-12-30 12:28:06+05:30,3251.1,1,3248.93,863895,116915.0,116853.0,3250.0,3257.0,3239.8,3251.5,43153075,3576.6,2926.4,4322.95,2866.6,3251.2,47,7,3251.1,174,7,3251.0,452,7,3250.9,129,6,3250.8,624,9,3252.4,4,4,3252.5,20,1,3252.6,58,7,3252.7,17,1,3252.9,38,3
11536,2025-12-30 12:28:06+05:30,3251.2,1,3248.93,864026,115863.0,115559.0,3250.0,3257.0,3239.8,3251.5,43153075,3576.6,2926.4,4322.95,2866.6,3251.1,75,6,3251.0,144,5,3250.9,99,6,3250.8,182,6,3250.7,52,4,3251.2,8,4,3252.4,18,5,3252.6,8,3,3252.9,56,4,3253.0,144,5
11536,2025-12-30 12:28:07+05:30,3251.0,1,3248.93,864026,115863.0,115559.0,3250.0,3257.0,3239.8,3251.5,43153075,3576.6,2926.4,4322.95,2866.6,3251.1,75,6,3251.0,144,5,3250.9,99,6,3250.8,182,6,3250.7,52,4,3251.2,8,4,3252.4,18,5,3252.6,8,3,3252.9,56,4,3253.0,144,5
11536,2025-12-30 12:28:07+05:30,3251.0,1,3248.93,864172,114988.0,115870.0,3250.0,3257.0,3239.8,3251.5,43153075,3576.6,2926.4,4322.95,2866.6,3251.0,96,4,3250.9,51,4,3250.8,47,2,3250.7,52,4,3250.6,144,5,3251.2,18,9,3252.4,28,5,3252.6,31,2,3252.7,2,1,3252.8,60,3
11536,2025-12-30 12:28:08+05:30,3251.0,36,3248.93,864172,114988.0,115870.0,3250.0,3257.0,3239.8,3251.5,43153075,3576.6,2926.4,4322.95,2866.6,3251.0,96,4,3250.9,51,4,3250.8,47,2,3250.7,52,4,3250.6,144,5,3251.2,18,9,3252.4,28,5,3252.6,31,2,3252.7,2,1,3252.8,60,3
11536,2025-12-30 12:28:08+05:30,3251.0,1,3248.93,864214,114967.0,115939.0,3250.0,3257.0,3239.8,3251.5,43153075,3576.6,2926.4,4322.95,2866.6,3251.0,55,5,3250.9,59,5,3250.8,52,3,3250.7,59,5,3250.6,147,6,3251.2,32,11,3252.4,43,4,3252.6,32,3,3252.7,2,1,3252.8,60,3
11536,2025-12-30 12:28:09+05:30,3251.0,8,3248.93,864214,114967.0,115939.0,3250.0,3257.0,3239.8,3251.5,43153075,3576.6,2926.4,4322.95,2866.6,3251.0,55,5,3250.9,59,5,3250.8,52,3,3250.7,59,5,3250.6,147,6,3251.2,32,11,3252.4,43,4,3252.6,32,3,3252.7,2,1,3252.8,60,3
11536,2025-12-30 12:28:09+05:30,3251.0,2,3248.93,864284,114891.0,114899.0,3250.0,3257.0,3239.8,3251.5,43153075,3576.6,2926.4,4322.95,2866.6,3251.0,30,5,3250.9,59,5,3250.8,52,3,3250.7,59,5,3250.6,55,5,3251.2,27,10,3252.2,20,1,3252.3,9,1,3252.4,43,4,3252.6,32,3
11536,2025-12-30 12:28:10+05:30,3251.2,12,3248.93,864284,114891.0,114899.0,3250.0,3257.0,3239.8,3251.5,43153075,3576.6,2926.4,4322.95,2866.6,3251.0,30,5,3250.9,59,5,3250.8,52,3,3250.7,59,5,3250.6,55,5,3251.2,27,10,3252.2,20,1,3252.3,9,1,3252.4,43,4,3252.6,32,3
11536,2025-12-30 12:28:10+05:30,3251.0,7,3248.93,864336,114942.0,116495.0,3250.0,3257.0,3239.8,3251.5,43153075,3576.6,2926.4,4322.95,2866.6,3251.0,24,3,3250.9,59,5,3250.8,22,2,3250.7,82,5,3250.6,52,4,3251.2,11,9,3251.9,24,1,3252.2,20,1,3252.3,3,1,3252.4,34,3
11536,2025-12-30 12:28:11+05:30,3251.0,3,3248.93,864336,114942.0,116495.0,3250.0,3257.0,3239.8,3251.5,43153075,3576.6,2926.4,4322.95,2866.6,3251.0,24,3,3250.9,59,5,3250.8,22,2,3250.7,82,5,3250.6,52,4,3251.2,11,9,3251.9,24,1,3252.2,20,1,3252.3,3,1,3252.4,34,3
11536,2025-12-30 12:28:11+05:30,3251.2,2,3248.93,864360,114932.0,113691.0,3250.0,3257.0,3239.8,3251.5,43153075,3576.6,2926.4,4322.95,2866.6,3251.0,21,3,3250.9,59,5,3250.8,29,3,3250.7,52,4,3250.6,59,5,3251.2,7,7,3251.9,24,1,3252.2,20,1,3252.3,3,1,3252.4,34,3
11536,2025-12-30 12:28:12+05:30,3251.9,5,3248.93,864360,114932.0,113691.0,3250.0,3257.0,3239.8,3251.5,43153075,3576.6,2926.4,4322.95,2866.6,3251.0,21,3,3250.9,59,5,3250.8,29,3,3250.7,52,4,3250.6,59,5,3251.2,7,7,3251.9,24,1,3252.2,20,1,3252.3,3,1,3252.4,34,3
11536,2025-12-30 12:28:12+05:30,3251.9,5,3248.93,864422,115576.0,116461.0,3250.0,3257.0,3239.8,3251.5,43153075,3576.6,2926.4,4322.95,2866.6,3251.0,149,6,3250.9,154,7,3250.8,677,10,3250.7,86,5,3250.6,347,11,3252.4,4,3,3252.5,21,1,3252.6,11,3,3252.8,3,1,3252.9,74,6
11536,2025-12-30 12:28:13+05:30,3252.4,1,3248.93,864422,115576.0,116461.0,3250.0,3257.0,3239.8,3251.5,43153075,3576.6,2926.4,4322.95,2866.6,3251.0,149,6,3250.9,154,7,3250.8,677,10,3250.7,86,5,3250.6,347,11,3252.4,4,3,3252.5,21,1,3252.6,11,3,3252.8,3,1,3252.9,74,6
11536,2025-12-30 12:28:13+05:30,3251.0,1,3248.93,864448,115324.0,117279.0,3250.0,3257.0,3239.8,3251.5,43153075,3576.6,2926.4,4322.95,2866.6,3251.0,146,6,3250.9,72,7,3250.8,214,7,3250.7,392,6,3250.6,261,10,3252.4,39,4,3252.5,21,1,3252.6,44,5,3252.7,27,1,3252.8,3,1
11536,2025-12-30 12:28:14+05:30,3251.0,12,3248.93,864448,115324.0,117279.0,3250.0,3257.0,3239.8,3251.5,43153075,3576.6,2926.4,4322.95,2866.6,3251.0,146,6,3250.9,72,7,3250.8,214,7,3250.7,392,6,3250.6,261,10,3252.4,39,4,3252.5,21,1,3252.6,44,5,3252.7,27,1,3252.8,3,1
11536,2025-12-30 12:28:14+05:30,3251.0,12,3248.93,864462,115249.0,117064.0,3250.0,3257.0,3239.8,3251.5,43153075,3576.6,2926.4,4322.95,2866.6,3250.9,37,5,3250.8,278,7,3250.7,86,5,3250.6,753,13,3250.5,924,9,3252.0,252,3,3252.1,45,2,3252.4,60,5,3252.6,44,5,3252.7,27,1
11536,2025-12-30 12:28:15+05:30,3252.0,1,3248.93,864462,115249.0,117064.0,3250.0,3257.0,3239.8,3251.5,43153075,3576.6,2926.4,4322.95,2866.6,3250.9,37,5,3250.8,278,7,3250.7,86,5,3250.6,753,13,3250.5,924,9,3252.0,252,3,3252.1,45,2,3252.4,60,5,3252.6,44,5,3252.7,27,1
11536,2025-12-30 12:28:15+05:30,3252.0,1,3248.93,864474,115278.0,117031.0,3250.0,3257.0,3239.8,3251.5,43153075,3576.6,2926.4,4322.95,2866.6,3251.2,3,1,3250.9,43,6,3250.8,278,7,3250.7,116,6,3250.6,753,13,3252.0,273,7,3252.1,24,1,3252.4,59,4,3252.6,44,5,3252.8,24,2
11536,2025-12-30 12:28:16+05:30,3251.2,3,3248.93,864474,115278.0,117031.0,3250.0,3257.0,3239.8,3251.5,43153075,3576.6,2926.4,4322.95,2866.6,3251.2,3,1,3250.9,43,6,3250.8,278,7,3250.7,116,6,3250.6,753,13,3252.0,273,7,3252.1,24,1,3252.4,59,4,3252.6,44,5,3252.8,24,2
11536,2025-12-30 12:28:16+05:30,3251.2,1,3248.93,864478,114707.0,116811.0,3250.0,3257.0,3239.8,3251.5,43153075,3576.6,2926.4,4322.95,2866.6,3250.9,47,6,3250.8,215,5,3250.7,40,3,3250.6,428,12,3250.5,814,8,3251.2,3,3,3252.0,252,6,3252.1,24,1,3252.3,21,1,3252.4,58,3
11536,2025-12-30 12:28:17+05:30,3250.9,1,3248.93,864478,114707.0,116811.0,3250.0,3257.0,3239.8,3251.5,43153075,3576.6,2926.4,4322.95,2866.6,3250.9,47,6,3250.8,215,5,3250.7,40,3,3250.6,428,12,3250.5,814,8,3251.2,3,3,3252.0,252,6,3252.1,24,1,3252.3,21,1,3252.4,58,3
11536,2025-12-30 12:28:17+05:30,3250.9,3,3248.93,864571,114079.0,116875.0,3250.0,3257.0,3239.8,3251.5,43153075,3576.6,2926.4,4322.95,2866.6,3250.9,27,4,3250.8,39,4,3250.7,40,3,3250.6,263,11,3250.5,793,7,3251.0,1,1,3251.2,6,4,3252.0,279,4,3252.3,23,2,3252.4,57,2
11536,2025-12-30 12:28:18+05:30,3251.2,25,3248.93,864571,114079.0,116875.0,3250.0,3257.0,3239.8,3251.5,43153075,3576.6,2926.4,4322.95,2866.6,3250.9,27,4,3250.8,39,4,3250.7,40,3,3250.6,263,11,3250.5,793,7,3251.0,1,1,3251.2,6,4,3252.0,279,4,3252.3,23,2,3252.4,57,2
11536,2025-12-30 12:28:18+05:30,3251.1,1,3248.93,864622,114821.0,116846.0,3250.0,3257.0,3239.8,3251.5,43153075,3576.6,2926.4,4322.95,2866.6,3251.0,4,2,3250.9,28,6,3250.8,27,2,3250.7,234,5,3250.6,802,13,3252.0,404,6,3252.3,21,1,3252.4,44,2,3252.6,59,4,3252.8,24,2
11536,2025-12-30 12:28:19+05:30,3251.1,1,3248.93,864622,114821.0,116846.0,3250.0,3257.0,3239.8,3251.5,43153075,3576.6,2926.4,4322.95,2866.6,3251.0,4,2,3250.9,28,6,3250.8,27,2,3250.7,234,5,3250.6,802,13,3252.0,404,6,3252.3,21,1,3252.4,44,2,3252.6,59,4,3252.8,24,2
11536,2025-12-30 12:28:19+05:30,3251.0,1,3248.93,864624,113789.0,115725.0,3250.0,3257.0,3239.8,3251.5,43153075,3576.6,2926.4,4322.95,2866.6,3251.0,22,4,3250.9,31,5,3250.8,61,4,3250.7,76,4,3250.6,267,9,3251.1,1,1,3252.0,381,6,3252.4,57,2,3252.6,75,5,3252.8,24,2
11536,2025-12-30 12:28:20+05:30,3251.0,1,3248.93,864624,113789.0,115725.0,3250.0,3257.0,3239.8,3251.5,43153075,3576.6,2926.4,4322.95,2866.6,3251.0,22,4,3250.9,31,5,3250.8,61,4,3250.7,76,4,3250.6,267,9,3251.1,1,1,3252.0,381,6,3252.4,57,2,3252.6,75,5,3252.8,24,2
11536,2025-12-30 12:28:20+05:30,3251.0,4,3248.93,864638,114754.0,115715.0,3250.0,3257.0,3239.8,3251.5,43153075,3576.6,2926.4,4322.95,2866.6,3250.9,43,7,3250.8,52,3,3250.7,76,4,3250.6,226,10,3250.5,903,9,3251.1,2,2,3252.0,379,5,3252.4,57,2,3252.6,75,5,3252.8,50,3
11536,2025-12-30 12:28:21+05:30,3251.0,4,3248.93,864638,114754.0,115715.0,3250.0,3257.0,3239.8,3251.5,43153075,3576.6,2926.4,4322.95,2866.6,3250.9,43,7,3250.8,52,3,3250.7,76,4,3250.6,226,10,3250.5,903,9,3251.1,2,2,3252.0,379,5,3252.4,57,2,3252.6,75,5,3252.8,50,3
11536,2025-12-30 12:28:21+05:30,3250.9,7,3248.93,864645,114973.0,116030.0,3250.0,3257.0,3239.8,3251.5,43153075,3576.6,2926.4,4322.95,2866.6,3250.9,90,9,3250.8,52,3,3250.7,76,4,3250.6,248,11,3250.5,881,8,3251.1,4,4,3252.0,378,4,3252.4,57,2,3252.6,75,5,3252.8,50,3
11536,2025-12-30 12:28:22+05:30,3252.0,112,3248.93,864645,114973.0,116030.0,3250.0,3257.0,3239.8,3251.5,43153075,3576.6,2926.4,4322.95,2866.6,3250.9,90,9,3250.8,52,3,3250.7,76,4,3250.6,248,11,3250.5,881,8,3251.1,4,4,3252.0,378,4,3252.4,57,2,3252.6,75,5,3252.8,50,3
11536,2025-12-30 12:28:22+05:30,3252.0,112,3248.93,865147,114803.0,115806.0,3250.0,3257.0,3239.8,3251.5,43153075,3576.6,2926.4,4322.95,2866.6,3250.9,73,7,3250.8,221,5,3250.7,96,4,3250.6,710,12,3250.5,832,8,3252.0,161,3,3252.1,22,1,3252.2,26,1,3252.3,17,1,3252.4,49,2
11536,2025-12-30 12:28:23+05:30,3252.0,3,3248.93,865147,114803.0,115806.0,3250.0,3257.0,3239.8,3251.5,43153075,3576.6,2926.4,4322.95,2866.6,3250.9,73,7,3250.8,221,5,3250.7,96,4,3250.6,710,12,3250.5,832,8,3252.0,161,3,3252.1,22,1,3252.2,26,1,3252.3,17,1,3252.4,49,2
11536,2025-12-30 12:28:23+05:30,3251.1,502,3248.93,865652,113746.0,115854.0,3250.0,3257.0,3239.8,3251.5,43153075,3576.6,2926.4,4322.95,2866.6,3251.1,256,3,3251.0,21,1,3250.9,72,6,3250.8,279,7,3250.7,416,7,3252.0,159,4,3252.1,22,1,3252.2,26,1,3252.3,17,1,3252.4,79,3
11536,2025-12-30 12:28:24+05:30,3251.1,150,3248.93,865652,113746.0,115854.0,3250.0,3257.0,3239.8,3251.5,43153075,3576.6,2926.4,4322.95,2866.6,3251.1,256,3,3251.0,21,1,3250.9,72,6,3250.8,279,7,3250.7,416,7,3252.0,159,4,3252.1,22,1,3252.2,26,1,3252.3,17,1,3252.4,79,3
11536,2025-12-30 12:28:24+05:30,3251.1,150,3248.93,865802,113397.0,115909.0,3250.0,3257.0,3239.8,3251.5,43153075,3576.6,2926.4,4322.95,2866.6,3251.1,99,2,3251.0,24,2,3250.9,65,5,3250.8,279,7,3250.7,417,7,3252.0,169,6,3252.1,22,1,3252.2,26,1,3252.3,17,1,3252.4,79,3
11536,2025-12-30 12:28:25+05:30,3252.0,1,3248.93,865802,113397.0,115909.0,3250.0,3257.0,3239.8,3251.5,43153075,3576.6,2926.4,4322.95,2866.6,3251.1,99,2,3251.0,24,2,3250.9,65,5,3250.8,279,7,3250.7,417,7,3252.0,169,6,3252.1,22,1,3252.2,26,1,3252.3,17,1,3252.4,79,3
11536,2025-12-30 12:28:25+05:30,3252.0,1,3248.93,865882,114044.0,115956.0,3250.0,3257.0,3239.8,3251.5,43153075,3576.6,2926.4,4322.95,2866.6,3251.1,22,2,3251.0,35,3,3250.9,74,6,3250.8,264,6,3250.7,417,7,3252.0,215,7,3252.1,22,1,3252.2,26,1,3252.3,17,1,3252.4,79,3
11536,2025-12-30 12:28:26+05:30,3250.9,33,3248.93,865882,114044.0,115956.0,3250.0,3257.0,3239.8,3251.5,43153075,3576.6,2926.4,4322.95,2866.6,3251.1,22,2,3251.0,35,3,3250.9,74,6,3250.8,264,6,3250.7,417,7,3252.0,215,7,3252.1,22,1,3252.2,26,1,3252.3,17,1,3252.4,79,3
11536,2025-12-30 12:28:26+05:30,3250.9,33,3248.93,866072,113155.0,115885.0,3250.0,3257.0,3239.8,3251.5,43153075,3576.6,2926.4,4322.95,2866.6,3250.9,71,8,3250.8,248,6,3250.7,59,4,3250.6,445,13,3250.5,431,7,3251.1,1,1,3252.0,211,9,3252.2,22,1,3252.3,26,1,3252.4,57,2
11536,2025-12-30 12:28:27+05:30,3250.9,3,3248.93,866072,113155.0,115885.0,3250.0,3257.0,3239.8,3251.5,43153075,3576.6,2926.4,4322.95,2866.6,3250.9,71,8,3250.8,248,6,3250.7,59,4,3250.6,445,13,3250.5,431,7,3251.1,1,1,3252.0,211,9,3252.2,22,1,3252.3,26,1,3252.4,57,2
11536,2025-12-30 12:28:27+05:30,3250.9,3,3248.93,866308,113969.0,116152.0,3250.0,3257.0,3239.8,3251.5,43153075,3576.6,2926.4,4322.95,2866.6,3251.0,28,1,3250.8,20,4,3250.7,55,4,3250.6,376,11,3250.5,461,8,3251.1,12,5,3252.0,203,8,3252.2,22,1,3252.3,26,1,3252.4,57,2
11536,2025-12-30 12:28:28+05:30,3250.8,3,3248.93,866308,113969.0,116152.0,3250.0,3257.0,3239.8,3251.5,43153075,3576.6,2926.4,4322.95,2866.6,3251.0,28,1,3250.8,20,4,3250.7,55,4,3250.6,376,11,3250.5,461,8,3251.1,12,5,3252.0,203,8,3252.2,22,1,3252.3,26,1,3252.4,57,2
11536,2025-12-30 12:28:28+05:30,3250.8,3,3248.93,866342,112962.0,116303.0,3250.0,3257.0,3239.8,3251.5,43153075,3576.6,2926.4,4322.95,2866.6,3250.8,13,3,3250.7,50,4,3250.6,390,11,3250.5,63,6,3250.4,172,7,3251.0,12,6,3251.1,12,5,3252.0,192,5,3252.2,55,3,3252.3,26,1
11536,2025-12-30 12:28:29+05:30,3250.8,4,3248.93,866342,112962.0,116303.0,3250.0,3257.0,3239.8,3251.5,43153075,3576.6,2926.4,4322.95,2866.6,3250.8,13,3,3250.7,50,4,3250.6,390,11,3250.5,63,6,3250.4,172,7,3251.0,12,6,3251.1,12,5,3252.0,192,5,3252.2,55,3,3252.3,26,1
11536,2025-12-30 12:28:29+05:30,3250.8,1,3248.93,866435,113805.0,116635.0,3250.0,3257.0,3239.8,3251.5,43153075,3576.6,2926.4,4322.95,2866.6,3250.7,24,3,3250.6,370,10,3250.5,100,7,3250.4,162,7,3250.3,388,8,3251.0,15,9,3251.1,4,2,3252.0,187,3,3252.2,55,3,3252.3,26,1
11536,2025-12-30 12:28:30+05:30,3250.7,2,3248.93,866435,113805.0,116635.0,3250.0,3257.0,3239.8,3251.5,43153075,3576.6,2926.4,4322.95,2866.6,3250.7,24,3,3250.6,370,10,3250.5,100,7,3250.4,162,7,3250.3,388,8,3251.0,15,9,3251.1,4,2,3252.0,187,3,3252.2,55,3,3252.3,26,1
11536,2025-12-30 12:28:30+05:30,3250.7,2,3248.93,866544,113285.0,117679.0,3250.0,3257.0,3239.8,3251.5,43153075,3576.6,2926.4,4322.95,2866.6,3250.7,42,3,3250.6,201,8,3250.5,26,3,3250.4,168,7,3250.3,361,7,3251.0,29,11,3252.0,187,3,3252.2,33,2,3252.4,57,2,3252.6,79,5
11536,2025-12-30 12:28:31+05:30,3250.7,9,3248.93,866544,113285.0,117679.0,3250.0,3257.0,3239.8,3251.5,43153075,3576.6,2926.4,4322.95,2866.6,3250.7,42,3,3250.6,201,8,3250.5,26,3,3250.4,168,7,3250.3,361,7,3251.0,29,11,3252.0,187,3,3252.2,33,2,3252.4,57,2,3252.6,79,5
11536,2025-12-30 12:28:31+05:30,3251.0,1,3248.93,866561,113540.0,117661.0,3250.0,3257.0,3239.8,3251.5,43153075,3576.6,2926.4,4322.95,2866.6,3250.7,16,3,3250.6,174,7,3250.5,79,5,3250.4,76,6,3250.3,174,8,3251.0,29,12,3252.0,187,3,3252.2,33,2,3252.4,57,2,3252.6,79,5
11536,2025-12-30 12:28:32+05:30,3250.7,5,3248.93,866561,113540.0,117661.0,3250.0,3257.0,3239.8,3251.5,43153075,3576.6,2926.4,4322.95,2866.6,3250.7,16,3,3250.6,174,7,3250.5,79,5,3250.4,76,6,3250.3,174,8,3251.0,29,12,3252.0,187,3,3252.2,33,2,3252.4,57,2,3252.6,79,5
11536,2025-12-30 12:28:32+05:30,3250.7,1,3248.93,866607,113482.0,117657.0,3250.0,3257.0,3239.8,3251.5,43153075,3576.6,2926.4,4322.95,2866.6,3250.7,1,1,3250.6,194,9,3250.5,79,5,3250.4,76,6,3250.3,147,7,3251.0,26,11,3252.0,187,3,3252.2,33,2,3252.4,57,2,3252.6,78,5
11536,2025-12-30 12:28:33+05:30,3250.6,3,3248.93,866607,113482.0,117657.0,3250.0,3257.0,3239.8,3251.5,43153075,3576.6,2926.4,4322.95,2866.6,3250.7,1,1,3250.6,194,9,3250.5,79,5,3250.4,76,6,3250.3,147,7,3251.0,26,11,3252.0,187,3,3252.2,33,2,3252.4,57,2,3252.6,78,5
11536,2025-12-30 12:28:33+05:30,3250.6,3,3248.93,866647,113187.0,117466.0,3250.0,3257.0,3239.8,3251.5,43153075,3576.6,2926.4,4322.95,2866.6,3250.6,168,9,3250.5,56,4,3250.4,92,6,3250.3,147,7,3250.2,393,8,3251.0,17,10,3252.0,190,4,3252.2,33,2,3252.4,57,2,3252.6,79,5
11536,2025-12-30 12:28:34+05:30,3250.6,2,3248.93,866647,113187.0,117466.0,3250.0,3257.0,3239.8,3251.5,43153075,3576.6,2926.4,4322.95,2866.6,3250.6,168,9,3250.5,56,4,3250.4,92,6,3250.3,147,7,3250.2,393,8,3251.0,17,10,3252.0,190,4,3252.2,33,2,3252.4,57,2,3252.6,79,5
11536,2025-12-30 12:28:34+05:30,3250.6,2,3248.93,866665,113876.0,118356.0,3250.0,3257.0,3239.8,3251.5,43153075,3576.6,2926.4,4322.95,2866.6,3250.6,136,8,3250.5,21,3,3250.4,244,6,3250.3,77,7,3250.2,683,11,3251.0,15,9,3251.8,27,1,3251.9,9,1,3252.0,190,4,3252.1,5,2
11536,2025-12-30 12:28:35+05:30,3251.0,1,3248.93,866665,113876.0,118356.0,3250.0,3257.0,3239.8,3251.5,43153075,3576.6,2926.4,4322.95,2866.6,3250.6,136,8,3250.5,21,3,3250.4,244,6,3250.3,77,7,3250.2,683,11,3251.0,15,9,3251.8,27,1,3251.9,9,1,3252.0,190,4,3252.1,5,2
11536,2025-12-30 12:28:35+05:30,3251.0,1,3248.93,866683,113509.0,118528.0,3250.0,3257.0,3239.8,3251.5,43153075,3576.6,2926.4,4322.95,2866.6,3250.6,129,9,3250.5,21,3,3250.4,68,5,3250.3,69,6,3250.2,497,9,3251.0,12,10,3251.8,27,1,3251.9,9,1,3252.0,190,4,3252.1,5,2
11536,2025-12-30 12:28:36+05:30,3251.9,9,3248.93,866683,113509.0,118528.0,3250.0,3257.0,3239.8,3251.5,43153075,3576.6,2926.4,4322.95,2866.6,3250.6,129,9,3250.5,21,3,3250.4,68,5,3250.3,69,6,3250.2,497,9,3251.0,12,10,3251.8,27,1,3251.9,9,1,3252.0,190,4,3252.1,5,2
11536,2025-12-30 12:28:36+05:30,3251.9,9,3248.93,866753,114051.0,116984.0,3250.0,3257.0,3239.8,3251.5,43153075,3576.6,2926.4,4322.95,2866.6,3250.8,50,5,3250.7,80,2,3250.6,378,12,3250.5,493,8,3250.4,221,7,3251.9,53,4,3252.0,187,3,3252.5,17,1,3252.6,31,2,3252.7,54,2
11536,2025-12-30 12:28:37+05:30,3250.8,1,3248.93,866753,114051.0,116984.0,3250.0,3257.0,3239.8,3251.5,43153075,3576.6,2926.4,4322.95,2866.6,3250.8,50,5,3250.7,80,2,3250.6,378,12,3250.5,493,8,3250.4,221,7,3251.9,53,4,3252.0,187,3,3252.5,17,1,3252.6,31,2,3252.7,54,2
11536,2025-12-30 12:28:37+05:30,3250.8,1,3248.93,866834,114231.0,115987.0,3250.0,3257.0,3239.8,3251.5,43153075,3576.6,2926.4,4322.95,2866.6,3250.6,318,11,3250.5,37,4,3250.4,751,13,3250.3,198,9,3250.2,405,11,3251.6,23,1,3251.7,5,2,3251.8,27,1,3251.9,6,5,3252.0,187,3
11536,2025-12-30 12:28:38+05:30,3250.8,1,3248.93,866874,113821.0,117210.0,3250.0,3257.0,3239.8,3251.5,43153075,3576.6,2926.4,4322.95,2866.6,3250.8,1,1,3250.6,129,8,3250.5,82,4,3250.4,533,13,3250.3,443,9,3251.7,4,2,3251.8,23,1,3251.9,30,4,3252.0,187,3,3252.5,48,3
11536,2025-12-30 12:28:39+05:30,3250.8,1,3248.93,866874,113821.0,117210.0,3250.0,3257.0,3239.8,3251.5,43153075,3576.6,2926.4,4322.95,2866.6,3250.8,1,1,3250.6,129,8,3250.5,82,4,3250.4,533,13,3250.3,443,9,3251.7,4,2,3251.8,23,1,3251.9,30,4,3252.0,187,3,3252.5,48,3
11536,2025-12-30 12:28:39+05:30,3250.7,1,3248.93,866890,113403.0,117440.0,3250.0,3257.0,3239.8,3251.5,43153075,3576.6,2926.4,4322.95,2866.6,3250.6,93,6,3250.5,48,4,3250.4,72,7,3250.3,117,8,3250.2,168,7,3250.7,2,2,3250.8,3,1,3251.7,5,3,3252.0,187,3,3252.4,23,1
11536,2025-12-30 12:28:40+05:30,3250.7,1,3248.93,866890,113403.0,117440.0,3250.0,3257.0,3239.8,3251.5,43153075,3576.6,2926.4,4322.95,2866.6,3250.6,93,6,3250.5,48,4,3250.4,72,7,3250.3,117,8,3250.2,168,7,3250.7,2,2,3250.8,3,1,3251.7,5,3,3252.0,187,3,3252.4,23,1
11536,2025-12-30 12:28:40+05:30,3250.6,12,3248.93,866915,112941.0,119765.0,3250.0,3257.0,3239.8,3251.5,43153075,3576.6,2926.4,4322.95,2866.6,3250.6,55,4,3250.5,2,2,3250.4,61,4,3250.3,32,3,3250.2,64,4,3250.7,4,4,3250.8,3,1,3251.5,17,1,3251.7,62,4,3251.8,27,3
11536,2025-12-30 12:28:41+05:30,3250.6,12,3248.93,866915,112941.0,119765.0,3250.0,3257.0,3239.8,3251.5,43153075,3576.6,2926.4,4322.95,2866.6,3250.6,55,4,3250.5,2,2,3250.4,61,4,3250.3,32,3,3250.2,64,4,3250.7,4,4,3250.8,3,1,3251.5,17,1,3251.7,62,4,3251.8,27,3
11536,2025-12-30 12:28:41+05:30,3250.6,5,3248.93,866941,113089.0,119372.0,3250.0,3257.0,3239.8,3251.5,43153075,3576.6,2926.4,4322.95,2866.6,3250.6,30,4,3250.5,2,2,3250.4,61,4,3250.3,32,3,3250.2,64,4,3250.7,7,7,3250.8,1,1,3251.3,50,2,3251.4,30,1,3251.5,17,1
11536,2025-12-30 12:28:42+05:30,3250.6,5,3248.93,866941,113089.0,119372.0,3250.0,3257.0,3239.8,3251.5,43153075,3576.6,2926.4,4322.95,2866.6,3250.6,30,4,3250.5,2,2,3250.4,61,4,3250.3,32,3,3250.2,64,4,3250.7,7,7,3250.8,1,1,3251.3,50,2,3251.4,30,1,3251.5,17,1
11536,2025-12-30 12:28:42+05:30,3250.6,3,3248.93,866956,112623.0,119377.0,3250.0,3257.0,3239.8,3251.5,43153075,3576.6,2926.4,4322.95,2866.6,3250.6,19,3,3250.5,2,2,3250.4,31,3,3250.3,7,2,3250.2,34,3,3250.7,6,6,3250.8,1,1,3251.1,23,1,3251.2,17,1,3251.3,52,2
11536,2025-12-30 12:28:43+05:30,3250.6,1,3248.93,866956,112623.0,119377.0,3250.0,3257.0,3239.8,3251.5,43153075,3576.6,2926.4,4322.95,2866.6,3250.6,19,3,3250.5,2,2,3250.4,31,3,3250.3,7,2,3250.2,34,3,3250.7,6,6,3250.8,1,1,3251.1,23,1,3251.2,17,1,3251.3,52,2
11536,2025-12-30 12:28:43+05:30,3250.6,1,3248.93,866970,112973.0,117180.0,3250.0,3257.0,3239.8,3251.5,43153075,3576.6,2926.4,4322.95,2866.6,3250.6,20,3,3250.5,2,2,3250.4,31,3,3250.3,7,2,3250.2,34,3,3250.7,7,7,3250.8,1,1,3251.1,23,1,3251.2,74,3,3251.3,25,1
11536,2025-12-30 12:28:44+05:30,3250.6,3,3248.93,866970,112973.0,117180.0,3250.0,3257.0,3239.8,3251.5,43153075,3576.6,2926.4,4322.95,2866.6,3250.6,20,3,3250.5,2,2,3250.4,31,3,3250.3,7,2,3250.2,34,3,3250.7,7,7,3250.8,1,1,3251.1,23,1,3251.2,74,3,3251.3,25,1
11536,2025-12-30 12:28:44+05:30,3250.6,3,3248.93,866979,112967.0,119804.0,3250.0,3257.0,3239.8,3251.5,43153075,3576.6,2926.4,4322.95,2866.6,3250.6,13,3,3250.5,2,2,3250.4,31,3,3250.3,7,2,3250.2,34,3,3250.7,7,7,3251.1,23,1,3251.2,74,3,3251.3,25,1,3251.4,30,1
11536,2025-12-30 12:28:45+05:30,3250.7,1,3248.93,866979,112967.0,119804.0,3250.0,3257.0,3239.8,3251.5,43153075,3576.6,2926.4,4322.95,2866.6,3250.6,13,3,3250.5,2,2,3250.4,31,3,3250.3,7,2,3250.2,34,3,3250.7,7,7,3251.1,23,1,3251.2,74,3,3251.3,25,1,3251.4,30,1
11536,2025-12-30 12:28:45+05:30,3250.6,1,3248.93,866987,112964.0,119976.0,3250.0,3257.0,3239.8,3251.5,43153075,3576.6,2926.4,4322.95,2866.6,3250.6,21,3,3250.5,2,2,3250.4,31,3,3250.3,7,2,3250.2,34,3,3250.7,5,5,3251.1,23,1,3251.2,74,3,3251.3,25,1,3251.4,30,1
11536,2025-12-30 12:28:46+05:30,3250.6,1,3248.93,866987,112964.0,119976.0,3250.0,3257.0,3239.8,3251.5,43153075,3576.6,2926.4,4322.95,2866.6,3250.6,21,3,3250.5,2,2,3250.4,31,3,3250.3,7,2,3250.2,34,3,3250.7,5,5,3251.1,23,1,3251.2,74,3,3251.3,25,1,3251.4,30,1
11536,2025-12-30 12:28:46+05:30,3250.6,5,3248.93,867068,112958.0,119923.0,3250.0,3257.0,3239.8,3251.5,43153075,3576.6,2926.4,4322.95,2866.6,3250.6,17,3,3250.5,2,2,3250.4,31,3,3250.3,7,2,3250.2,34,3,3250.7,5,5,3251.1,23,1,3251.2,44,2,3251.3,25,1,3251.5,47,2
11536,2025-12-30 12:28:47+05:30,3250.7,2,3248.93,867068,112958.0,119923.0,3250.0,3257.0,3239.8,3251.5,43153075,3576.6,2926.4,4322.95,2866.6,3250.6,17,3,3250.5,2,2,3250.4,31,3,3250.3,7,2,3250.2,34,3,3250.7,5,5,3251.1,23,1,3251.2,44,2,3251.3,25,1,3251.5,47,2
11536,2025-12-30 12:28:47+05:30,3250.6,1,3248.93,867086,112680.0,120244.0,3250.0,3257.0,3239.8,3251.5,43153075,3576.6,2926.4,4322.95,2866.6,3250.6,17,4,3250.5,13,3,3250.4,38,4,3250.3,7,2,3250.2,52,5,3250.7,4,3,3251.4,23,1,3251.5,17,1,3251.7,25,1,3251.8,19,2
11536,2025-12-30 12:28:48+05:30,3251.4,23,3248.93,867086,112680.0,120244.0,3250.0,3257.0,3239.8,3251.5,43153075,3576.6,2926.4,4322.95,2866.6,3250.6,17,4,3250.5,13,3,3250.4,38,4,3250.3,7,2,3250.2,52,5,3250.7,4,3,3251.4,23,1,3251.5,17,1,3251.7,25,1,3251.8,19,2
11536,2025-12-30 12:28:48+05:30,3252.0,35,3248.94,867281,115254.0,117884.0,3250.0,3257.0,3239.8,3251.5,43153075,3576.6,2926.4,4322.95,2866.6,3251.2,20,1,3251.1,75,4,3251.0,153,7,3250.9,83,3,3250.8,727,12,3252.0,103,5,3252.5,23,1,3252.6,31,2,3252.8,30,3,3252.9,38,3
11536,2025-12-30 12:28:49+05:30,3252.0,35,3248.94,867281,115254.0,117884.0,3250.0,3257.0,3239.8,3251.5,43153075,3576.6,2926.4,4322.95,2866.6,3251.2,20,1,3251.1,75,4,3251.0,153,7,3250.9,83,3,3250.8,727,12,3252.0,103,5,3252.5,23,1,3252.6,31,2,3252.8,30,3,3252.9,38,3
11536,2025-12-30 12:28:50+05:30,3252.0,35,3248.94,867281,114918.0,117147.0,3250.0,3257.0,3239.8,3251.5,43153075,3576.6,2926.4,4322.95,2866.6,3251.2,20,1,3251.1,68,3,3251.0,153,7,3250.9,83,3,3250.8,727,12,3252.0,103,5,3252.5,23,1,3252.6,31,2,3252.8,30,3,3252.9,38,3
11536,2025-12-30 12:28:51+05:30,3251.2,20,3248.94,867301,114445.0,116928.0,3250.0,3257.0,3239.8,3251.5,43153075,3576.6,2926.4,4322.95,2866.6,3250.8,127,6,3250.7,51,3,3250.6,304,11,3250.5,210,7,3250.4,743,12,3251.2,5,1,3251.9,22,1,3252.0,98,4,3252.6,53,3,3252.7,29,2
11536,2025-12-30 12:28:51+05:30,3251.2,20,3248.94,867301,114445.0,116928.0,3250.0,3257.0,3239.8,3251.5,43153075,3576.6,2926.4,4322.95,2866.6,3250.8,127,6,3250.7,51,3,3250.6,304,11,3250.5,210,7,3250.4,743,12,3251.2,5,1,3251.9,22,1,3252.0,98,4,3252.6,53,3,3252.7,29,2
11536,2025-12-30 12:28:52+05:30,3250.8,21,3248.94,867326,114117.0,116585.0,3250.0,3257.0,3239.8,3251.5,43153075,3576.6,2926.4,4322.95,2866.6,3250.8,39,3,3250.7,51,3,3250.6,91,8,3250.5,89,5,3250.4,369,11,3251.2,4,4,3251.9,22,1,3252.0,126,4,3252.6,53,3,3252.7,29,2
11536,2025-12-30 12:28:52+05:30,3250.8,21,3248.94,867326,114117.0,116585.0,3250.0,3257.0,3239.8,3251.5,43153075,3576.6,2926.4,4322.95,2866.6,3250.8,39,3,3250.7,51,3,3250.6,91,8,3250.5,89,5,3250.4,369,11,3251.2,4,4,3251.9,22,1,3252.0,126,4,3252.6,53,3,3252.7,29,2
11536,2025-12-30 12:28:52+05:30,3250.8,1,3248.94,867347,114020.0,116556.0,3250.0,3257.0,3239.8,3251.5,43153075,3576.6,2926.4,4322.95,2866.6,3250.8,3,2,3250.7,18,2,3250.6,70,8,3250.5,46,4,3250.4,697,13,3251.2,5,5,3251.9,22,1,3252.0,126,4,3252.6,56,4,3252.7,32,3
11536,2025-12-30 12:28:53+05:30,3250.8,2,3248.94,867347,114020.0,116556.0,3250.0,3257.0,3239.8,3251.5,43153075,3576.6,2926.4,4322.95,2866.6,3250.8,3,2,3250.7,18,2,3250.6,70,8,3250.5,46,4,3250.4,697,13,3251.2,5,5,3251.9,22,1,3252.0,126,4,3252.6,56,4,3252.7,32,3
11536,2025-12-30 12:28:54+05:30,3251.9,10,3248.94,867387,112875.0,117566.0,3250.0,3257.0,3239.8,3251.5,43153075,3576.6,2926.4,4322.95,2866.6,3251.1,3,1,3251.0,39,3,3250.8,64,6,3250.7,138,6,3250.6,571,13,3252.0,126,4,3252.3,17,1,3252.5,45,2,3252.6,31,2,3252.7,21,2
11536,2025-12-30 12:28:54+05:30,3251.9,10,3248.94,867387,112875.0,117566.0,3250.0,3257.0,3239.8,3251.5,43153075,3576.6,2926.4,4322.95,2866.6,3251.1,3,1,3251.0,39,3,3250.8,64,6,3250.7,138,6,3250.6,571,13,3252.0,126,4,3252.3,17,1,3252.5,45,2,3252.6,31,2,3252.7,21,2
11536,2025-12-30 12:28:55+05:30,3252.0,2,3248.94,867392,115081.0,117630.0,3250.0,3257.0,3239.8,3251.5,43153075,3576.6,2926.4,4322.95,2866.6,3251.1,58,3,3251.0,28,2,3250.9,43,1,3250.8,291,10,3250.7,228,7,3252.0,141,7,3252.2,22,1,3252.5,19,1,3252.6,48,3,3252.7,3,1
11536,2025-12-30 12:28:55+05:30,3252.0,1,3248.94,867392,115081.0,117630.0,3250.0,3257.0,3239.8,3251.5,43153075,3576.6,2926.4,4322.95,2866.6,3251.1,58,3,3251.0,28,2,3250.9,43,1,3250.8,291,10,3250.7,228,7,3252.0,141,7,3252.2,22,1,3252.5,19,1,3252.6,48,3,3252.7,3,1
11536,2025-12-30 12:28:56+05:30,3252.0,1,3248.94,867393,115146.0,117281.0,3250.0,3257.0,3239.8,3251.5,43153075,3576.6,2926.4,4322.95,2866.6,3251.1,71,4,3251.0,107,5,3250.9,69,2,3250.8,265,9,3250.7,561,9,3252.0,142,9,3252.5,41,2,3252.6,48,3,3252.7,3,1,3252.8,4,2
11536,2025-12-30 12:28:56+05:30,3251.1,11,3248.94,867393,115146.0,117281.0,3250.0,3257.0,3239.8,3251.5,43153075,3576.6,2926.4,4322.95,2866.6,3251.1,71,4,3251.0,107,5,3250.9,69,2,3250.8,265,9,3250.7,561,9,3252.0,142,9,3252.5,41,2,3252.6,48,3,3252.7,3,1,3252.8,4,2
11536,2025-12-30 12:28:57+05:30,3251.1,2,3248.94,867406,113012.0,117191.0,3250.0,3257.0,3239.8,3251.5,43153075,3576.6,2926.4,4322.95,2866.6,3250.8,252,8,3250.7,18,2,3250.6,304,12,3250.5,46,4,3250.4,468,10,3251.0,8,1,3251.1,1,1,3252.0,142,10,3252.4,78,3,3252.5,19,1
11536,2025-12-30 12:28:57+05:30,3250.8,1,3248.94,867406,113012.0,117191.0,3250.0,3257.0,3239.8,3251.5,43153075,3576.6,2926.4,4322.95,2866.6,3250.8,252,8,3250.7,18,2,3250.6,304,12,3250.5,46,4,3250.4,468,10,3251.0,8,1,3251.1,1,1,3252.0,142,10,3252.4,78,3,3252.5,19,1
11536,2025-12-30 12:28:58+05:30,3250.8,2,3248.94,867414,113450.0,114711.0,3250.0,3257.0,3239.8,3251.5,43153075,3576.6,2926.4,4322.95,2866.6,3250.8,173,5,3250.7,5,2,3250.6,96,9,3250.5,91,6,3250.4,197,8,3251.0,11,4,3251.1,1,1,3252.0,140,8,3252.3,2,1,3252.4,78,3
11536,2025-12-30 12:28:58+05:30,3251.0,2,3248.94,867414,113450.0,114711.0,3250.0,3257.0,3239.8,3251.5,43153075,3576.6,2926.4,4322.95,2866.6,3250.8,173,5,3250.7,5,2,3250.6,96,9,3250.5,91,6,3250.4,197,8,3251.0,11,4,3251.1,1,1,3252.0,140,8,3252.3,2,1,3252.4,78,3
11536,2025-12-30 12:28:59+05:30,3250.8,1,3248.94,867500,113614.0,117884.0,3250.0,3257.0,3239.8,3251.5,43153075,3576.6,2926.4,4322.95,2866.6,3250.8,143,7,3250.7,24,3,3250.6,70,8,3250.5,69,5,3250.4,337,11,3251.0,21,8,3252.0,124,5,3252.3,2,1,3252.4,78,3,3252.5,30,2
11536,2025-12-30 12:28:59+05:30,3250.8,2,3248.94,867500,113614.0,117884.0,3250.0,3257.0,3239.8,3251.5,43153075,3576.6,2926.4,4322.95,2866.6,3250.8,143,7,3250.7,24,3,3250.6,70,8,3250.5,69,5,3250.4,337,11,3251.0,21,8,3252.0,124,5,3252.3,2,1,3252.4,78,3,3252.5,30,2
11536,2025-12-30 12:29:00+05:30,3251.0,3,3248.94,867613,113709.0,117330.0,3250.0,3257.0,3239.8,3251.5,43153075,3576.6,2926.4,4322.95,2866.6,3251.0,22,1,3250.8,108,8,3250.7,169,4,3250.6,121,9,3250.5,440,6,3252.0,123,4,3252.2,48,2,3252.3,17,1,3252.4,30,1,3252.5,19,1
11536,2025-12-30 12:29:00+05:30,3251.0,3,3248.94,867613,113709.0,117330.0,3250.0,3257.0,3239.8,3251.5,43153075,3576.6,2926.4,4322.95,2866.6,3251.0,22,1,3250.8,108,8,3250.7,169,4,3250.6,121,9,3250.5,440,6,3252.0,123,4,3252.2,48,2,3252.3,17,1,3252.4,30,1,3252.5,19,1
11536,2025-12-30 12:29:00+05:30,3251.0,3,3248.94,867613,114355.0,116908.0,3250.0,3257.0,3239.8,3251.5,43153075,3576.6,2926.4,4322.95,2866.6,3251.0,87,2,3250.8,216,11,3250.7,91,5,3250.6,488,11,3250.5,256,7,3251.9,32,2,3252.0,157,9,3252.3,17,1,3252.4,30,1,3252.5,19,1
11536,2025-12-30 12:29:01+05:30,3251.9,2,3248.94,867615,114023.0,117632.0,3250.0,3257.0,3239.8,3251.5,43153075,3576.6,2926.4,4322.95,2866.6,3251.0,87,2,3250.8,199,10,3250.7,69,4,3250.6,175,9,3250.5,487,8,3252.0,154,10,3252.1,26,1,3252.4,30,1,3252.6,42,3,3252.7,58,3
11536,2025-12-30 12:29:02+05:30,3251.0,22,3248.94,867615,114023.0,117632.0,3250.0,3257.0,3239.8,3251.5,43153075,3576.6,2926.4,4322.95,2866.6,3251.0,87,2,3250.8,199,10,3250.7,69,4,3250.6,175,9,3250.5,487,8,3252.0,154,10,3252.1,26,1,3252.4,30,1,3252.6,42,3,3252.7,58,3
11536,2025-12-30 12:29:02+05:30,3251.8,1,3248.94,867656,114254.0,116231.0,3250.0,3257.0,3239.8,3251.5,43153075,3576.6,2926.4,4322.95,2866.6,3251.0,111,3,3250.8,198,10,3250.7,112,5,3250.6,270,9,3250.5,425,8,3251.8,18,1,3251.9,2,2,3252.0,153,8,3252.2,47,2,3252.3,25,1
11536,2025-12-30 12:29:03+05:30,3251.0,11,3248.94,867656,114254.0,116231.0,3250.0,3257.0,3239.8,3251.5,43153075,3576.6,2926.4,4322.95,2866.6,3251.0,111,3,3250.8,198,10,3250.7,112,5,3250.6,270,9,3250.5,425,8,3251.8,18,1,3251.9,2,2,3252.0,153,8,3252.2,47,2,3252.3,25,1
11536,2025-12-30 12:29:03+05:30,3251.0,2,3248.94,867677,114193.0,116931.0,3250.0,3257.0,3239.8,3251.5,43153075,3576.6,2926.4,4322.95,2866.6,3251.0,90,3,3250.8,150,9,3250.7,112,5,3250.6,277,10,3250.5,426,8,3251.8,22,5,3251.9,2,2,3252.0,149,5,3252.2,47,2,3252.3,25,1
11536,2025-12-30 12:29:04+05:30,3251.0,2,3248.94,867677,114193.0,116931.0,3250.0,3257.0,3239.8,3251.5,43153075,3576.6,2926.4,4322.95,2866.6,3251.0,90,3,3250.8,150,9,3250.7,112,5,3250.6,277,10,3250.5,426,8,3251.8,22,5,3251.9,2,2,3252.0,149,5,3252.2,47,2,3252.3,25,1
11536,2025-12-30 12:29:04+05:30,3251.8,1,3248.94,867687,114205.0,117516.0,3250.0,3257.0,3239.8,3251.5,43153075,3576.6,2926.4,4322.95,2866.6,3251.0,103,4,3250.9,7,1,3250.8,143,8,3250.7,112,5,3250.6,277,10,3251.8,47,8,3251.9,23,2,3252.0,118,4,3252.2,47,2,3252.3,25,1
11536,2025-12-30 12:29:05+05:30,3251.8,1,3248.94,867687,114205.0,117516.0,3250.0,3257.0,3239.8,3251.5,43153075,3576.6,2926.4,4322.95,2866.6,3251.0,103,4,3250.9,7,1,3250.8,143,8,3250.7,112,5,3250.6,277,10,3251.8,47,8,3251.9,23,2,3252.0,118,4,3252.2,47,2,3252.3,25,1
11536,2025-12-30 12:29:05+05:30,3251.0,4,3248.94,867699,114707.0,117573.0,3250.0,3257.0,3239.8,3251.5,43153075,3576.6,2926.4,4322.95,2866.6,3251.0,92,4,3250.8,160,9,3250.7,160,7,3250.6,270,9,3250.5,511,10,3251.8,48,9,3252.0,92,3,3252.2,17,1,3252.3,25,1,3252.4,55,2
11536,2025-12-30 12:29:06+05:30,3251.0,2,3248.94,867699,114707.0,117573.0,3250.0,3257.0,3239.8,3251.5,43153075,3576.6,2926.4,4322.95,2866.6,3251.0,92,4,3250.8,160,9,3250.7,160,7,3250.6,270,9,3250.5,511,10,3251.8,48,9,3252.0,92,3,3252.2,17,1,3252.3,25,1,3252.4,55,2
11536,2025-12-30 12:29:06+05:30,3251.0,6,3248.94,867814,114093.0,117638.0,3250.0,3257.0,3239.8,3251.5,43153075,3576.6,2926.4,4322.95,2866.6,3251.0,219,5,3250.8,103,7,3250.7,50,5,3250.6,66,7,3250.5,419,7,3251.4,7,3,3251.7,22,1,3251.8,18,10,3251.9,26,1,3252.0,92,3
11536,2025-12-30 12:29:07+05:30,3251.4,3,3248.94,867814,114093.0,117638.0,3250.0,3257.0,3239.8,3251.5,43153075,3576.6,2926.4,4322.95,2866.6,3251.0,219,5,3250.8,103,7,3250.7,50,5,3250.6,66,7,3250.5,419,7,3251.4,7,3,3251.7,22,1,3251.8,18,10,3251.9,26,1,3252.0,92,3
11536,2025-12-30 12:29:07+05:30,3251.0,2,3248.94,867831,113862.0,117471.0,3250.0,3257.0,3239.8,3251.5,43153075,3576.6,2926.4,4322.95,2866.6,3251.0,16,2,3250.8,89,8,3250.7,60,6,3250.6,73,8,3250.5,419,7,3251.4,6,5,3251.8,14,6,3251.9,26,1,3252.0,92,3,3252.3,22,1
11536,2025-12-30 12:29:08+05:30,3251.0,1,3248.94,867831,113862.0,117471.0,3250.0,3257.0,3239.8,3251.5,43153075,3576.6,2926.4,4322.95,2866.6,3251.0,16,2,3250.8,89,8,3250.7,60,6,3250.6,73,8,3250.5,419,7,3251.4,6,5,3251.8,14,6,3251.9,26,1,3252.0,92,3,3252.3,22,1
11536,2025-12-30 12:29:08+05:30,3251.0,1,3248.94,867831,113862.0,117471.0,3250.0,3257.0,3239.8,3251.5,43153075,3576.6,2926.4,4322.95,2866.6,3251.0,16,2,3250.8,89,8,3250.7,60,6,3250.6,73,8,3250.5,419,7,3251.4,6,5,3251.8,14,6,3251.9,26,1,3252.0,92,3,3252.3,22,1
11536,2025-12-30 12:29:08+05:30,3251.0,7,3248.94,867863,114075.0,116932.0,3250.0,3257.0,3239.8,3251.5,43153075,3576.6,2926.4,4322.95,2866.6,3251.0,12,2,3250.8,90,8,3250.7,80,6,3250.6,73,8,3250.5,521,9,3251.4,10,9,3251.8,9,2,3251.9,26,1,3252.0,42,2,3252.3,22,1
11536,2025-12-30 12:29:09+05:30,3251.0,4,3248.94,867863,114075.0,116932.0,3250.0,3257.0,3239.8,3251.5,43153075,3576.6,2926.4,4322.95,2866.6,3251.0,12,2,3250.8,90,8,3250.7,80,6,3250.6,73,8,3250.5,521,9,3251.4,10,9,3251.8,9,2,3251.9,26,1,3252.0,42,2,3252.3,22,1
11536,2025-12-30 12:29:09+05:30,3251.0,4,3248.94,867863,114075.0,116932.0,3250.0,3257.0,3239.8,3251.5,43153075,3576.6,2926.4,4322.95,2866.6,3251.0,12,2,3250.8,90,8,3250.7,80,6,3250.6,73,8,3250.5,521,9,3251.4,10,9,3251.8,9,2,3251.9,26,1,3252.0,42,2,3252.3,22,1
11536,2025-12-30 12:29:09+05:30,3251.0,1,3248.94,867897,114452.0,117410.0,3250.0,3257.0,3239.8,3251.5,43153075,3576.6,2926.4,4322.95,2866.6,3251.1,4,1,3251.0,218,5,3250.9,70,4,3250.8,132,9,3250.7,142,6,3251.4,7,7,3251.8,8,1,3252.0,42,2,3252.4,32,2,3252.5,25,1
11536,2025-12-30 12:29:10+05:30,3251.0,1,3248.94,867897,114452.0,117410.0,3250.0,3257.0,3239.8,3251.5,43153075,3576.6,2926.4,4322.95,2866.6,3251.1,4,1,3251.0,218,5,3250.9,70,4,3250.8,132,9,3250.7,142,6,3251.4,7,7,3251.8,8,1,3252.0,42,2,3252.4,32,2,3252.5,25,1
11536,2025-12-30 12:29:10+05:30,3251.1,2,3248.94,867899,114141.0,117359.0,3250.0,3257.0,3239.8,3251.5,43153075,3576.6,2926.4,4322.95,2866.6,3251.0,19,2,3250.9,67,3,3250.8,122,7,3250.7,50,5,3250.6,222,8,3251.4,8,8,3251.8,8,1,3252.0,42,2,3252.4,2,1,3252.5,25,1
11536,2025-12-30 12:29:11+05:30,3251.1,2,3248.94,867899,114141.0,117359.0,3250.0,3257.0,3239.8,3251.5,43153075,3576.6,2926.4,4322.95,2866.6,3251.0,19,2,3250.9,67,3,3250.8,122,7,3250.7,50,5,3250.6,222,8,3251.4,8,8,3251.8,8,1,3252.0,42,2,3252.4,2,1,3252.5,25,1
11536,2025-12-30 12:29:11+05:30,3251.0,5,3248.94,867899,114141.0,117359.0,3250.0,3257.0,3239.8,3251.5,43153075,3576.6,2926.4,4322.95,2866.6,3251.0,19,2,3250.9,67,3,3250.8,122,7,3250.7,50,5,3250.6,222,8,3251.4,8,8,3251.8,8,1,3252.0,42,2,3252.4,2,1,3252.5,25,1
11536,2025-12-30 12:29:11+05:30,3251.0,5,3248.94,867899,114141.0,117359.0,3250.0,3257.0,3239.8,3251.5,43153075,3576.6,2926.4,4322.95,2866.6,3251.0,19,2,3250.9,67,3,3250.8,122,7,3250.7,50,5,3250.6,222,8,3251.4,8,8,3251.8,8,1,3252.0,42,2,3252.4,2,1,3252.5,25,1
11536,2025-12-30 12:29:11+05:30,3252.0,14,3248.94,867949,114808.0,117594.0,3250.0,3257.0,3239.8,3251.5,43153075,3576.6,2926.4,4322.95,2866.6,3251.0,30,2,3250.8,131,6,3250.7,348,8,3250.6,431,11,3250.5,211,10,3252.0,28,2,3252.3,22,1,3252.4,32,2,3252.5,25,1,3252.6,31,2
11536,2025-12-30 12:29:12+05:30,3252.0,14,3248.94,867949,114808.0,117594.0,3250.0,3257.0,3239.8,3251.5,43153075,3576.6,2926.4,4322.95,2866.6,3251.0,30,2,3250.8,131,6,3250.7,348,8,3250.6,431,11,3250.5,211,10,3252.0,28,2,3252.3,22,1,3252.4,32,2,3252.5,25,1,3252.6,31,2
11536,2025-12-30 12:29:12+05:30,3252.0,14,3248.94,867949,114808.0,117594.0,3250.0,3257.0,3239.8,3251.5,43153075,3576.6,2926.4,4322.95,2866.6,3251.0,30,2,3250.8,131,6,3250.7,348,8,3250.6,431,11,3250.5,211,10,3252.0,28,2,3252.3,22,1,3252.4,32,2,3252.5,25,1,3252.6,31,2
11536,2025-12-30 12:29:12+05:30,3252.0,131,3248.94,868114,113801.0,117140.0,3250.0,3257.0,3239.8,3251.5,43153075,3576.6,2926.4,4322.95,2866.6,3251.2,67,3,3251.1,102,4,3251.0,59,4,3250.9,450,5,3250.8,388,11,3252.0,122,3,3252.5,22,1,3252.6,1,1,3252.8,1,1,3252.9,48,4
11536,2025-12-30 12:29:13+05:30,3251.2,1,3248.94,868114,113801.0,117140.0,3250.0,3257.0,3239.8,3251.5,43153075,3576.6,2926.4,4322.95,2866.6,3251.2,67,3,3251.1,102,4,3251.0,59,4,3250.9,450,5,3250.8,388,11,3252.0,122,3,3252.5,22,1,3252.6,1,1,3252.8,1,1,3252.9,48,4
11536,2025-12-30 12:29:13+05:30,3251.2,1,3248.94,868114,113801.0,117140.0,3250.0,3257.0,3239.8,3251.5,43153075,3576.6,2926.4,4322.95,2866.6,3251.2,67,3,3251.1,102,4,3251.0,59,4,3250.9,450,5,3250.8,388,11,3252.0,122,3,3252.5,22,1,3252.6,1,1,3252.8,1,1,3252.9,48,4
11536,2025-12-30 12:29:13+05:30,3252.0,1,3248.94,868116,115009.0,117448.0,3250.0,3257.0,3239.8,3251.5,43153075,3576.6,2926.4,4322.95,2866.6,3251.2,16,1,3251.1,7,1,3251.0,245,6,3250.9,176,3,3250.8,772,12,3252.0,129,5,3252.2,22,1,3252.3,26,1,3252.6,18,2,3252.8,38,3
11536,2025-12-30 12:29:14+05:30,3252.0,1,3248.94,868116,115009.0,117448.0,3250.0,3257.0,3239.8,3251.5,43153075,3576.6,2926.4,4322.95,2866.6,3251.2,16,1,3251.1,7,1,3251.0,245,6,3250.9,176,3,3250.8,772,12,3252.0,129,5,3252.2,22,1,3252.3,26,1,3252.6,18,2,3252.8,38,3
11536,2025-12-30 12:29:14+05:30,3252.0,1,3248.94,868116,115009.0,117448.0,3250.0,3257.0,3239.8,3251.5,43153075,3576.6,2926.4,4322.95,2866.6,3251.2,16,1,3251.1,7,1,3251.0,245,6,3250.9,176,3,3250.8,772,12,3252.0,129,5,3252.2,22,1,3252.3,26,1,3252.6,18,2,3252.8,38,3
11536,2025-12-30 12:29:14+05:30,3252.0,2,3248.94,868130,114308.0,117164.0,3250.0,3257.0,3239.8,3251.5,43153075,3576.6,2926.4,4322.95,2866.6,3251.2,5,1,3251.0,89,5,3250.9,166,2,3250.8,313,9,3250.7,51,4,3252.0,126,6,3252.1,22,1,3252.3,26,1,3252.6,58,4,3252.8,28,2
11536,2025-12-30 12:29:15+05:30,3251.2,1,3248.94,868130,114308.0,117164.0,3250.0,3257.0,3239.8,3251.5,43153075,3576.6,2926.4,4322.95,2866.6,3251.2,5,1,3251.0,89,5,3250.9,166,2,3250.8,313,9,3250.7,51,4,3252.0,126,6,3252.1,22,1,3252.3,26,1,3252.6,58,4,3252.8,28,2
11536,2025-12-30 12:29:15+05:30,3251.2,1,3248.94,868130,114308.0,117164.0,3250.0,3257.0,3239.8,3251.5,43153075,3576.6,2926.4,4322.95,2866.6,3251.2,5,1,3251.0,89,5,3250.9,166,2,3250.8,313,9,3250.7,51,4,3252.0,126,6,3252.1,22,1,3252.3,26,1,3252.6,58,4,3252.8,28,2
11536,2025-12-30 12:29:15+05:30,3251.0,1,3248.94,868137,112916.0,117178.0,3250.0,3257.0,3239.8,3251.5,43153075,3576.6,2926.4,4322.95,2866.6,3251.0,8,1,3250.9,37,4,3250.8,122,7,3250.7,8,3,3250.6,78,9,3251.2,7,4,3252.0,121,5,3252.3,26,1,3252.5,22,1,3252.6,48,3
11536,2025-12-30 12:29:16+05:30,3251.0,1,3248.94,868137,112916.0,117178.0,3250.0,3257.0,3239.8,3251.5,43153075,3576.6,2926.4,4322.95,2866.6,3251.0,8,1,3250.9,37,4,3250.8,122,7,3250.7,8,3,3250.6,78,9,3251.2,7,4,3252.0,121,5,3252.3,26,1,3252.5,22,1,3252.6,48,3
11536,2025-12-30 12:29:16+05:30,3251.0,4,3248.94,868137,112916.0,117178.0,3250.0,3257.0,3239.8,3251.5,43153075,3576.6,2926.4,4322.95,2866.6,3251.0,8,1,3250.9,37,4,3250.8,122,7,3250.7,8,3,3250.6,78,9,3251.2,7,4,3252.0,121,5,3252.3,26,1,3252.5,22,1,3252.6,48,3
11536,2025-12-30 12:29:16+05:30,3251.0,4,3248.94,868137,112916.0,117178.0,3250.0,3257.0,3239.8,3251.5,43153075,3576.6,2926.4,4322.95,2866.6,3251.0,8,1,3250.9,37,4,3250.8,122,7,3250.7,8,3,3250.6,78,9,3251.2,7,4,3252.0,121,5,3252.3,26,1,3252.5,22,1,3252.6,48,3
11536,2025-12-30 12:29:16+05:30,3251.0,13,3248.94,868182,113924.0,117624.0,3250.0,3257.0,3239.8,3251.5,43153075,3576.6,2926.4,4322.95,2866.6,3250.9,13,2,3250.8,106,7,3250.7,22,3,3250.6,78,9,3250.5,222,10,3251.0,8,1,3251.2,6,6,3252.0,117,3,3252.3,26,1,3252.5,22,1
11536,2025-12-30 12:29:17+05:30,3250.8,2,3248.94,868182,113924.0,117624.0,3250.0,3257.0,3239.8,3251.5,43153075,3576.6,2926.4,4322.95,2866.6,3250.9,13,2,3250.8,106,7,3250.7,22,3,3250.6,78,9,3250.5,222,10,3251.0,8,1,3251.2,6,6,3252.0,117,3,3252.3,26,1,3252.5,22,1
11536,2025-12-30 12:29:17+05:30,3250.8,2,3248.94,868182,113924.0,117624.0,3250.0,3257.0,3239.8,3251.5,43153075,3576.6,2926.4,4322.95,2866.6,3250.9,13,2,3250.8,106,7,3250.7,22,3,3250.6,78,9,3250.5,222,10,3251.0,8,1,3251.2,6,6,3252.0,117,3,3252.3,26,1,3252.5,22,1
11536,2025-12-30 12:29:18+05:30,3250.8,1,3248.94,868185,114088.0,117638.0,3250.0,3257.0,3239.8,3251.5,43153075,3576.6,2926.4,4322.95,2866.6,3250.8,63,7,3250.7,21,3,3250.6,94,9,3250.5,108,8,3250.4,322,11,3250.9,4,4,3251.0,10,3,3251.2,3,3,3252.0,115,1,3252.3,56,2
11536,2025-12-30 12:29:18+05:30,3250.8,1,3248.94,868185,114088.0,117638.0,3250.0,3257.0,3239.8,3251.5,43153075,3576.6,2926.4,4322.95,2866.6,3250.8,63,7,3250.7,21,3,3250.6,94,9,3250.5,108,8,3250.4,322,11,3250.9,4,4,3251.0,10,3,3251.2,3,3,3252.0,115,1,3252.3,56,2
11536,2025-12-30 12:29:18+05:30,3250.8,1,3248.94,868185,114088.0,117638.0,3250.0,3257.0,3239.8,3251.5,43153075,3576.6,2926.4,4322.95,2866.6,3250.8,63,7,3250.7,21,3,3250.6,94,9,3250.5,108,8,3250.4,322,11,3250.9,4,4,3251.0,10,3,3251.2,3,3,3252.0,115,1,3252.3,56,2
11536,2025-12-30 12:29:19+05:30,3250.8,11,3248.94,868259,114010.0,117771.0,3250.0,3257.0,3239.8,3251.5,43153075,3576.6,2926.4,4322.95,2866.6,3250.8,24,5,3250.7,43,4,3250.6,98,9,3250.5,82,7,3250.4,279,10,3250.9,7,7,3251.0,2,2,3251.2,1,1,3252.0,115,1,3252.3,30,1
11536,2025-12-30 12:29:19+05:30,3250.8,4,3248.94,868259,114010.0,117771.0,3250.0,3257.0,3239.8,3251.5,43153075,3576.6,2926.4,4322.95,2866.6,3250.8,24,5,3250.7,43,4,3250.6,98,9,3250.5,82,7,3250.4,279,10,3250.9,7,7,3251.0,2,2,3251.2,1,1,3252.0,115,1,3252.3,30,1
11536,2025-12-30 12:29:20+05:30,3250.7,2,3248.94,868296,113579.0,117888.0,3250.0,3257.0,3239.8,3251.5,43153075,3576.6,2926.4,4322.95,2866.6,3250.7,27,4,3250.6,92,8,3250.5,94,7,3250.4,85,8,3250.3,150,5,3250.8,10,6,3250.9,6,5,3251.0,1,1,3252.0,115,1,3252.3,30,1
11536,2025-12-30 12:29:20+05:30,3250.7,2,3248.94,868296,113579.0,117888.0,3250.0,3257.0,3239.8,3251.5,43153075,3576.6,2926.4,4322.95,2866.6,3250.7,27,4,3250.6,92,8,3250.5,94,7,3250.4,85,8,3250.3,150,5,3250.8,10,6,3250.9,6,5,3251.0,1,1,3252.0,115,1,3252.3,30,1
11536,2025-12-30 12:29:20+05:30,3250.7,2,3248.94,868296,113579.0,117888.0,3250.0,3257.0,3239.8,3251.5,43153075,3576.6,2926.4,4322.95,2866.6,3250.7,27,4,3250.6,92,8,3250.5,94,7,3250.4,85,8,3250.3,150,5,3250.8,10,6,3250.9,6,5,3251.0,1,1,3252.0,115,1,3252.3,30,1
11536,2025-12-30 12:29:21+05:30,3250.7,3,3248.94,868301,113488.0,117792.0,3250.0,3257.0,3239.8,3251.5,43153075,3576.6,2926.4,4322.95,2866.6,3250.7,16,3,3250.6,72,8,3250.5,72,6,3250.4,107,9,3250.3,58,4,3250.8,27,10,3250.9,5,4,3252.0,128,2,3252.3,30,1,3252.5,47,2
11536,2025-12-30 12:29:21+05:30,3250.6,1,3248.94,868301,113488.0,117792.0,3250.0,3257.0,3239.8,3251.5,43153075,3576.6,2926.4,4322.95,2866.6,3250.7,16,3,3250.6,72,8,3250.5,72,6,3250.4,107,9,3250.3,58,4,3250.8,27,10,3250.9,5,4,3252.0,128,2,3252.3,30,1,3252.5,47,2
11536,2025-12-30 12:29:21+05:30,3250.6,1,3248.94,868301,113488.0,117792.0,3250.0,3257.0,3239.8,3251.5,43153075,3576.6,2926.4,4322.95,2866.6,3250.7,16,3,3250.6,72,8,3250.5,72,6,3250.4,107,9,3250.3,58,4,3250.8,27,10,3250.9,5,4,3252.0,128,2,3252.3,30,1,3252.5,47,2
11536,2025-12-30 12:29:22+05:30,3250.6,1,3248.94,868331,113507.0,117258.0,3250.0,3257.0,3239.8,3251.5,43153075,3576.6,2926.4,4322.95,2866.6,3250.6,71,8,3250.5,72,6,3250.4,101,8,3250.3,64,5,3250.2,399,10,3250.7,7,6,3250.8,19,6,3250.9,1,1,3252.0,128,2,3252.3,30,1
11536,2025-12-30 12:29:22+05:30,3250.6,1,3248.94,868331,113507.0,117258.0,3250.0,3257.0,3239.8,3251.5,43153075,3576.6,2926.4,4322.95,2866.6,3250.6,71,8,3250.5,72,6,3250.4,101,8,3250.3,64,5,3250.2,399,10,3250.7,7,6,3250.8,19,6,3250.9,1,1,3252.0,128,2,3252.3,30,1
11536,2025-12-30 12:29:23+05:30,3250.6,4,3248.94,868348,112045.0,118643.0,3250.0,3257.0,3239.8,3251.5,43153075,3576.6,2926.4,4322.95,2866.6,3250.6,54,7,3250.5,42,5,3250.4,107,8,3250.3,58,4,3250.2,399,10,3250.7,12,11,3250.8,16,3,3252.0,158,3,3252.3,30,1,3252.4,20,2
11536,2025-12-30 12:29:23+05:30,3250.6,1,3248.94,868348,112045.0,118643.0,3250.0,3257.0,3239.8,3251.5,43153075,3576.6,2926.4,4322.95,2866.6,3250.6,54,7,3250.5,42,5,3250.4,107,8,3250.3,58,4,3250.2,399,10,3250.7,12,11,3250.8,16,3,3252.0,158,3,3252.3,30,1,3252.4,20,2
11536,2025-12-30 12:29:23+05:30,3250.6,1,3248.94,868348,112045.0,118643.0,3250.0,3257.0,3239.8,3251.5,43153075,3576.6,2926.4,4322.95,2866.6,3250.6,54,7,3250.5,42,5,3250.4,107,8,3250.3,58,4,3250.2,399,10,3250.7,12,11,3250.8,16,3,3252.0,158,3,3252.3,30,1,3252.4,20,2
11536,2025-12-30 12:29:24+05:30,3250.6,1,3248.94,868380,113052.0,115947.0,3250.0,3257.0,3239.8,3251.5,43153075,3576.6,2926.4,4322.95,2866.6,3250.6,34,6,3250.5,17,4,3250.4,119,9,3250.3,58,4,3250.2,399,10,3250.7,25,12,3252.0,158,3,3252.3,30,1,3252.4,20,2,3252.5,22,1
11536,2025-12-30 12:29:24+05:30,3250.6,4,3248.94,868380,113052.0,115947.0,3250.0,3257.0,3239.8,3251.5,43153075,3576.6,2926.4,4322.95,2866.6,3250.6,34,6,3250.5,17,4,3250.4,119,9,3250.3,58,4,3250.2,399,10,3250.7,25,12,3252.0,158,3,3252.3,30,1,3252.4,20,2,3252.5,22,1
11536,2025-12-30 12:29:24+05:30,3250.6,4,3248.94,868380,113052.0,115947.0,3250.0,3257.0,3239.8,3251.5,43153075,3576.6,2926.4,4322.95,2866.6,3250.6,34,6,3250.5,17,4,3250.4,119,9,3250.3,58,4,3250.2,399,10,3250.7,25,12,3252.0,158,3,3252.3,30,1,3252.4,20,2,3252.5,22,1
11536,2025-12-30 12:29:25+05:30,3250.7,1,3248.94,868397,113244.0,118554.0,3250.0,3257.0,3239.8,3251.5,43153075,3576.6,2926.4,4322.95,2866.6,3250.6,55,8,3250.5,35,5,3250.4,119,9,3250.3,58,4,3250.2,399,10,3250.7,22,9,3252.0,158,3,3252.3,30,1,3252.4,20,2,3252.5,22,1
11536,2025-12-30 12:29:25+05:30,3250.7,1,3248.94,868397,113244.0,118554.0,3250.0,3257.0,3239.8,3251.5,43153075,3576.6,2926.4,4322.95,2866.6,3250.6,55,8,3250.5,35,5,3250.4,119,9,3250.3,58,4,3250.2,399,10,3250.7,22,9,3252.0,158,3,3252.3,30,1,3252.4,20,2,3252.5,22,1
11536,2025-12-30 12:29:26+05:30,3250.7,1,3248.94,868437,114860.0,117629.0,3250.0,3257.0,3239.8,3251.5,43153075,3576.6,2926.4,4322.95,2866.6,3251.0,22,1,3250.9,192,3,3250.8,224,4,3250.6,470,16,3250.5,452,9,3252.0,128,2,3252.1,26,1,3252.3,22,1,3252.4,17,1,3252.6,48,3
11536,2025-12-30 12:29:26+05:30,3250.7,1,3248.94,868437,114860.0,117629.0,3250.0,3257.0,3239.8,3251.5,43153075,3576.6,2926.4,4322.95,2866.6,3251.0,22,1,3250.9,192,3,3250.8,224,4,3250.6,470,16,3250.5,452,9,3252.0,128,2,3252.1,26,1,3252.3,22,1,3252.4,17,1,3252.6,48,3
11536,2025-12-30 12:29:26+05:30,3250.7,1,3248.94,868437,114860.0,117629.0,3250.0,3257.0,3239.8,3251.5,43375500,3576.6,2926.4,4322.95,2866.6,3251.0,22,1,3250.9,192,3,3250.8,224,4,3250.6,470,16,3250.5,452,9,3252.0,128,2,3252.1,26,1,3252.3,22,1,3252.4,17,1,3252.6,48,3
11536,2025-12-30 12:29:27+05:30,3251.0,17,3248.94,868437,114860.0,117629.0,3250.0,3257.0,3239.8,3251.5,43375500,3576.6,2926.4,4322.95,2866.6,3251.0,22,1,3250.9,192,3,3250.8,224,4,3250.6,470,16,3250.5,452,9,3252.0,128,2,3252.1,26,1,3252.3,22,1,3252.4,17,1,3252.6,48,3
11536,2025-12-30 12:29:27+05:30,3251.0,17,3248.94,868476,114812.0,116840.0,3250.0,3257.0,3239.8,3251.5,43375500,3576.6,2926.4,4322.95,2866.6,3250.9,25,3,3250.8,242,5,3250.6,383,16,3250.5,213,8,3250.4,517,15,3251.0,8,1,3252.0,132,6,3252.1,26,1,3252.3,22,1,3252.4,47,2
11536,2025-12-30 12:29:28+05:30,3250.9,6,3248.94,868476,114812.0,116840.0,3250.0,3257.0,3239.8,3251.5,43375500,3576.6,2926.4,4322.95,2866.6,3250.9,25,3,3250.8,242,5,3250.6,383,16,3250.5,213,8,3250.4,517,15,3251.0,8,1,3252.0,132,6,3252.1,26,1,3252.3,22,1,3252.4,47,2
11536,2025-12-30 12:29:28+05:30,3250.9,6,3248.94,868491,113829.0,115587.0,3250.0,3257.0,3239.8,3251.5,43375500,3576.6,2926.4,4322.95,2866.6,3250.9,18,3,3250.8,56,3,3250.7,22,1,3250.6,101,11,3250.5,130,8,3251.0,7,3,3252.0,131,5,3252.1,26,1,3252.3,22,1,3252.4,47,2
11536,2025-12-30 12:29:28+05:30,3250.9,6,3248.94,868491,113829.0,115587.0,3250.0,3257.0,3239.8,3251.5,43375500,3576.6,2926.4,4322.95,2866.6,3250.9,18,3,3250.8,56,3,3250.7,22,1,3250.6,101,11,3250.5,130,8,3251.0,7,3,3252.0,131,5,3252.1,26,1,3252.3,22,1,3252.4,47,2
11536,2025-12-30 12:29:29+05:30,3250.8,4,3248.94,868491,113829.0,115587.0,3250.0,3257.0,3239.8,3251.5,43375500,3576.6,2926.4,4322.95,2866.6,3250.9,18,3,3250.8,56,3,3250.7,22,1,3250.6,101,11,3250.5,130,8,3251.0,7,3,3252.0,131,5,3252.1,26,1,3252.3,22,1,3252.4,47,2
11536,2025-12-30 12:29:29+05:30,3250.8,4,3248.94,868518,113970.0,117506.0,3250.0,3257.0,3239.8,3251.5,43375500,3576.6,2926.4,4322.95,2866.6,3250.8,65,5,3250.7,22,1,3250.6,111,11,3250.5,122,7,3250.4,552,14,3250.9,9,2,3251.0,3,3,3252.0,129,3,3252.1,26,1,3252.3,22,1
11536,2025-12-30 12:29:30+05:30,3251.0,1,3248.94,868518,113970.0,117506.0,3250.0,3257.0,3239.8,3251.5,43375500,3576.6,2926.4,4322.95,2866.6,3250.8,65,5,3250.7,22,1,3250.6,111,11,3250.5,122,7,3250.4,552,14,3250.9,9,2,3251.0,3,3,3252.0,129,3,3252.1,26,1,3252.3,22,1
11536,2025-12-30 12:29:30+05:30,3251.0,1,3248.94,868571,114051.0,117100.0,3250.0,3257.0,3239.8,3251.5,43375500,3576.6,2926.4,4322.95,2866.6,3250.8,13,1,3250.7,232,7,3250.6,310,11,3250.5,213,7,3250.4,767,14,3251.9,48,2,3252.0,131,4,3252.3,17,1,3252.4,30,1,3252.5,25,1
11536,2025-12-30 12:29:31+05:30,3250.7,3,3248.94,868571,114051.0,117100.0,3250.0,3257.0,3239.8,3251.5,43375500,3576.6,2926.4,4322.95,2866.6,3250.8,13,1,3250.7,232,7,3250.6,310,11,3250.5,213,7,3250.4,767,14,3251.9,48,2,3252.0,131,4,3252.3,17,1,3252.4,30,1,3252.5,25,1
11536,2025-12-30 12:29:31+05:30,3251.0,10,3248.94,868585,114884.0,117131.0,3250.0,3257.0,3239.8,3251.5,43375500,3576.6,2926.4,4322.95,2866.6,3251.0,10,1,3250.9,177,3,3250.8,207,3,3250.7,37,3,3250.6,441,15,3251.9,48,3,3252.0,131,4,3252.4,30,1,3252.6,34,3,3252.7,59,3
11536,2025-12-30 12:29:32+05:30,3251.9,2,3248.94,868585,114884.0,117131.0,3250.0,3257.0,3239.8,3251.5,43375500,3576.6,2926.4,4322.95,2866.6,3251.0,10,1,3250.9,177,3,3250.8,207,3,3250.7,37,3,3250.6,441,15,3251.9,48,3,3252.0,131,4,3252.4,30,1,3252.6,34,3,3252.7,59,3
11536,2025-12-30 12:29:32+05:30,3251.9,2,3248.94,868587,114581.0,115864.0,3250.0,3257.0,3239.8,3251.5,43375500,3576.6,2926.4,4322.95,2866.6,3251.0,10,1,3250.9,194,4,3250.8,230,4,3250.7,67,4,3250.6,448,16,3251.9,49,6,3252.0,131,4,3252.4,30,1,3252.6,34,3,3252.7,59,3
11536,2025-12-30 12:29:33+05:30,3251.9,1,3248.94,868587,114581.0,115864.0,3250.0,3257.0,3239.8,3251.5,43375500,3576.6,2926.4,4322.95,2866.6,3251.0,10,1,3250.9,194,4,3250.8,230,4,3250.7,67,4,3250.6,448,16,3251.9,49,6,3252.0,131,4,3252.4,30,1,3252.6,34,3,3252.7,59,3
11536,2025-12-30 12:29:33+05:30,3250.8,8,3248.94,868614,114032.0,116323.0,3250.0,3257.0,3239.8,3251.5,43375500,3576.6,2926.4,4322.95,2866.6,3250.8,19,3,3250.7,17,1,3250.6,297,12,3250.5,76,8,3250.4,676,14,3250.9,1,1,3251.9,4,4,3252.0,128,2,3252.3,22,1,3252.4,26,1
11536,2025-12-30 12:29:34+05:30,3250.8,1,3248.94,868614,114032.0,116323.0,3250.0,3257.0,3239.8,3251.5,43375500,3576.6,2926.4,4322.95,2866.6,3250.8,19,3,3250.7,17,1,3250.6,297,12,3250.5,76,8,3250.4,676,14,3250.9,1,1,3251.9,4,4,3252.0,128,2,3252.3,22,1,3252.4,26,1
11536,2025-12-30 12:29:34+05:30,3250.8,1,3248.94,868616,114551.0,118073.0,3250.0,3257.0,3239.8,3251.5,43375500,3576.6,2926.4,4322.95,2866.6,3250.8,22,3,3250.7,34,2,3250.6,477,14,3250.5,347,10,3250.4,383,11,3250.9,3,3,3251.9,3,3,3252.0,128,2,3252.3,52,2,3252.4,26,1
11536,2025-12-30 12:29:35+05:30,3250.9,1,3248.94,868616,114551.0,118073.0,3250.0,3257.0,3239.8,3251.5,43375500,3576.6,2926.4,4322.95,2866.6,3250.8,22,3,3250.7,34,2,3250.6,477,14,3250.5,347,10,3250.4,383,11,3250.9,3,3,3251.9,3,3,3252.0,128,2,3252.3,52,2,3252.4,26,1
11536,2025-12-30 12:29:35+05:30,3250.7,2,3248.94,868628,112536.0,117888.0,3250.0,3257.0,3239.8,3251.5,43375500,3576.6,2926.4,4322.95,2866.6,3250.7,45,4,3250.6,257,9,3250.5,220,7,3250.4,289,10,3250.3,83,6,3250.9,5,5,3251.9,1,1,3252.0,128,2,3252.3,77,3,3252.4,26,1
11536,2025-12-30 12:29:36+05:30,3251.9,1,3248.94,868628,112536.0,117888.0,3250.0,3257.0,3239.8,3251.5,43375500,3576.6,2926.4,4322.95,2866.6,3250.7,45,4,3250.6,257,9,3250.5,220,7,3250.4,289,10,3250.3,83,6,3250.9,5,5,3251.9,1,1,3252.0,128,2,3252.3,77,3,3252.4,26,1
11536,2025-12-30 12:29:36+05:30,3251.9,1,3248.94,868671,113991.0,116650.0,3250.0,3257.0,3239.8,3251.5,43375500,3576.6,2926.4,4322.95,2866.6,3251.1,11,2,3251.0,273,6,3250.9,84,3,3250.8,382,9,3250.7,469,7,3251.9,3,2,3252.0,128,2,3252.6,31,2,3252.7,33,2,3252.8,28,3
11536,2025-12-30 12:29:37+05:30,3251.2,1,3248.94,868671,113991.0,116650.0,3250.0,3257.0,3239.8,3251.5,43375500,3576.6,2926.4,4322.95,2866.6,3251.1,11,2,3251.0,273,6,3250.9,84,3,3250.8,382,9,3250.7,469,7,3251.9,3,2,3252.0,128,2,3252.6,31,2,3252.7,33,2,3252.8,28,3
11536,2025-12-30 12:29:37+05:30,3251.2,1,3248.94,868749,114656.0,116324.0,3250.0,3257.0,3239.8,3251.5,43375500,3576.6,2926.4,4322.95,2866.6,3251.2,11,2,3251.1,53,2,3251.0,112,4,3250.9,113,5,3250.8,252,8,3251.9,7,4,3252.0,128,2,3252.5,22,1,3252.6,31,2,3252.7,47,2
11536,2025-12-30 12:29:38+05:30,3251.2,1,3248.94,868749,114656.0,116324.0,3250.0,3257.0,3239.8,3251.5,43375500,3576.6,2926.4,4322.95,2866.6,3251.2,11,2,3251.1,53,2,3251.0,112,4,3250.9,113,5,3250.8,252,8,3251.9,7,4,3252.0,128,2,3252.5,22,1,3252.6,31,2,3252.7,47,2
11536,2025-12-30 12:29:38+05:30,3251.2,1,3248.94,868762,114421.0,116857.0,3250.0,3257.0,3239.8,3251.5,43375500,3576.6,2926.4,4322.95,2866.6,3251.2,2,2,3251.1,72,3,3251.0,103,3,3250.9,48,3,3250.8,252,8,3251.9,9,6,3252.0,128,2,3252.3,22,1,3252.4,26,1,3252.6,31,2
11536,2025-12-30 12:29:39+05:30,3251.2,1,3248.94,868762,114421.0,116857.0,3250.0,3257.0,3239.8,3251.5,43375500,3576.6,2926.4,4322.95,2866.6,3251.2,2,2,3251.1,72,3,3251.0,103,3,3250.9,48,3,3250.8,252,8,3251.9,9,6,3252.0,128,2,3252.3,22,1,3252.4,26,1,3252.6,31,2
11536,2025-12-30 12:29:39+05:30,3251.1,5,3248.94,868782,114261.0,116803.0,3250.0,3257.0,3239.8,3251.5,43375500,3576.6,2926.4,4322.95,2866.6,3251.1,47,2,3251.0,86,3,3250.9,9,1,3250.8,88,7,3250.7,38,3,3251.2,3,1,3251.9,37,6,3252.0,128,2,3252.4,30,1,3252.5,9,1
11536,2025-12-30 12:29:40+05:30,3251.1,5,3248.94,868782,114261.0,116803.0,3250.0,3257.0,3239.8,3251.5,43375500,3576.6,2926.4,4322.95,2866.6,3251.1,47,2,3251.0,86,3,3250.9,9,1,3250.8,88,7,3250.7,38,3,3251.2,3,1,3251.9,37,6,3252.0,128,2,3252.4,30,1,3252.5,9,1
11536,2025-12-30 12:29:40+05:30,3251.1,3,3248.94,868786,114289.0,116774.0,3250.0,3257.0,3239.8,3251.5,43375500,3576.6,2926.4,4322.95,2866.6,3251.1,43,2,3251.0,86,3,3250.9,25,2,3250.8,66,6,3250.7,225,4,3251.2,6,4,3251.9,35,4,3252.0,128,2,3252.4,30,1,3252.5,9,1
11536,2025-12-30 12:29:41+05:30,3251.1,11,3248.94,868786,114289.0,116774.0,3250.0,3257.0,3239.8,3251.5,43375500,3576.6,2926.4,4322.95,2866.6,3251.1,43,2,3251.0,86,3,3250.9,25,2,3250.8,66,6,3250.7,225,4,3251.2,6,4,3251.9,35,4,3252.0,128,2,3252.4,30,1,3252.5,9,1
11536,2025-12-30 12:29:41+05:30,3251.1,2,3248.94,868830,114017.0,116761.0,3250.0,3257.0,3239.8,3251.5,43375500,3576.6,2926.4,4322.95,2866.6,3251.1,40,4,3251.0,253,4,3250.9,73,5,3250.8,264,9,3250.7,356,5,3251.9,32,2,3252.0,128,2,3252.3,49,2,3252.4,30,1,3252.6,31,2
11536,2025-12-30 12:29:42+05:30,3251.1,2,3248.94,868830,114017.0,116761.0,3250.0,3257.0,3239.8,3251.5,43375500,3576.6,2926.4,4322.95,2866.6,3251.1,40,4,3251.0,253,4,3250.9,73,5,3250.8,264,9,3250.7,356,5,3251.9,32,2,3252.0,128,2,3252.3,49,2,3252.4,30,1,3252.6,31,2
11536,2025-12-30 12:29:42+05:30,3251.1,2,3248.94,868830,115390.0,117128.0,3250.0,3257.0,3239.8,3251.5,43375500,3576.6,2926.4,4322.95,2866.6,3251.1,40,4,3251.0,283,5,3250.9,46,4,3250.8,261,8,3250.7,313,6,3251.9,34,4,3252.0,128,2,3252.2,27,1,3252.3,22,1,3252.4,30,1
11536,2025-12-30 12:29:43+05:30,3251.1,1,3248.94,868830,115390.0,117128.0,3250.0,3257.0,3239.8,3251.5,43375500,3576.6,2926.4,4322.95,2866.6,3251.1,40,4,3251.0,283,5,3250.9,46,4,3250.8,261,8,3250.7,313,6,3251.9,34,4,3252.0,128,2,3252.2,27,1,3252.3,22,1,3252.4,30,1
11536,2025-12-30 12:29:43+05:30,3251.1,9,3248.94,868844,114484.0,114399.0,3250.0,3257.0,3239.8,3251.5,43375500,3576.6,2926.4,4322.95,2866.6,3251.1,16,2,3251.0,89,3,3250.9,3,1,3250.8,252,7,3250.7,77,4,3251.9,31,5,3252.0,128,2,3252.1,22,1,3252.2,43,2,3252.4,55,2
11536,2025-12-30 12:29:44+05:30,3251.1,1,3248.94,868844,114484.0,114399.0,3250.0,3257.0,3239.8,3251.5,43375500,3576.6,2926.4,4322.95,2866.6,3251.1,16,2,3251.0,89,3,3250.9,3,1,3250.8,252,7,3250.7,77,4,3251.9,31,5,3252.0,128,2,3252.1,22,1,3252.2,43,2,3252.4,55,2
11536,2025-12-30 12:29:44+05:30,3251.1,1,3248.94,868846,114844.0,116497.0,3250.0,3257.0,3239.8,3251.5,43375500,3576.6,2926.4,4322.95,2866.6,3251.1,14,2,3251.0,275,5,3250.9,8,2,3250.8,243,6,3250.7,77,4,3251.9,33,7,3252.0,128,2,3252.1,22,1,3252.2,43,2,3252.4,55,2
11536,2025-12-30 12:29:45+05:30,3251.9,1,3248.94,868846,114844.0,116497.0,3250.0,3257.0,3239.8,3251.5,43375500,3576.6,2926.4,4322.95,2866.6,3251.1,14,2,3251.0,275,5,3250.9,8,2,3250.8,243,6,3250.7,77,4,3251.9,33,7,3252.0,128,2,3252.1,22,1,3252.2,43,2,3252.4,55,2
11536,2025-12-30 12:29:45+05:30,3251.9,1,3248.94,868860,114490.0,116651.0,3250.0,3257.0,3239.8,3251.5,43375500,3576.6,2926.4,4322.95,2866.6,3251.1,8,2,3251.0,275,5,3250.9,8,2,3250.8,243,6,3250.7,77,4,3251.9,27,9,3252.0,128,2,3252.1,22,1,3252.2,43,2,3252.4,55,2
11536,2025-12-30 12:29:46+05:30,3252.0,9,3248.94,868860,114490.0,116651.0,3250.0,3257.0,3239.8,3251.5,43375500,3576.6,2926.4,4322.95,2866.6,3251.1,8,2,3251.0,275,5,3250.9,8,2,3250.8,243,6,3250.7,77,4,3251.9,27,9,3252.0,128,2,3252.1,22,1,3252.2,43,2,3252.4,55,2
11536,2025-12-30 12:29:46+05:30,3252.0,1,3248.94,869030,114387.0,118612.0,3250.0,3257.0,3239.8,3251.5,43375500,3576.6,2926.4,4322.95,2866.6,3251.1,5,2,3251.0,119,4,3250.9,25,2,3250.8,67,5,3250.7,6,1,3252.0,249,3,3252.1,22,1,3252.2,8,1,3252.4,62,4,3252.5,25,2
11536,2025-12-30 12:29:47+05:30,3251.1,6,3248.94,869030,114387.0,118612.0,3250.0,3257.0,3239.8,3251.5,43375500,3576.6,2926.4,4322.95,2866.6,3251.1,5,2,3251.0,119,4,3250.9,25,2,3250.8,67,5,3250.7,6,1,3252.0,249,3,3252.1,22,1,3252.2,8,1,3252.4,62,4,3252.5,25,2
11536,2025-12-30 12:29:47+05:30,3251.1,1,3248.94,869041,113225.0,118289.0,3250.0,3257.0,3239.8,3251.5,43375500,3576.6,2926.4,4322.95,2866.6,3251.0,58,1,3250.8,44,4,3250.7,6,1,3250.6,74,6,3250.5,83,9,3251.1,10,4,3251.9,3,1,3252.0,293,5,3252.3,46,2,3252.4,57,4
11536,2025-12-30 12:29:48+05:30,3251.1,3,3248.94,869041,113225.0,118289.0,3250.0,3257.0,3239.8,3251.5,43375500,3576.6,2926.4,4322.95,2866.6,3251.0,58,1,3250.8,44,4,3250.7,6,1,3250.6,74,6,3250.5,83,9,3251.1,10,4,3251.9,3,1,3252.0,293,5,3252.3,46,2,3252.4,57,4
11536,2025-12-30 12:29:48+05:30,3251.0,22,3248.94,869124,112317.0,118257.0,3250.0,3257.0,3239.8,3251.5,43375500,3576.6,2926.4,4322.95,2866.6,3251.0,11,1,3250.8,31,2,3250.6,44,5,3250.5,80,8,3250.4,174,7,3251.1,10,6,3251.9,3,1,3252.0,284,3,3252.3,46,2,3252.4,62,5
11536,2025-12-30 12:29:49+05:30,3251.0,62,3248.94,869124,112317.0,118257.0,3250.0,3257.0,3239.8,3251.5,43375500,3576.6,2926.4,4322.95,2866.6,3251.0,11,1,3250.8,31,2,3250.6,44,5,3250.5,80,8,3250.4,174,7,3251.1,10,6,3251.9,3,1,3252.0,284,3,3252.3,46,2,3252.4,62,5
11536,2025-12-30 12:29:49+05:30,3251.1,1,3248.94,869220,113328.0,119401.0,3250.0,3257.0,3239.8,3251.5,43375500,3576.6,2926.4,4322.95,2866.6,3251.0,7,1,3250.8,31,2,3250.6,44,5,3250.5,45,5,3250.4,166,6,3251.1,9,7,3251.9,3,1,3252.0,308,5,3252.1,22,1,3252.2,34,2
11536,2025-12-30 12:29:50+05:30,3251.1,1,3248.94,869220,113328.0,119401.0,3250.0,3257.0,3239.8,3251.5,43375500,3576.6,2926.4,4322.95,2866.6,3251.0,7,1,3250.8,31,2,3250.6,44,5,3250.5,45,5,3250.4,166,6,3251.1,9,7,3251.9,3,1,3252.0,308,5,3252.1,22,1,3252.2,34,2
11536,2025-12-30 12:29:50+05:30,3251.0,8,3248.94,869228,113563.0,119768.0,3250.0,3257.0,3239.8,3251.5,43375500,3576.6,2926.4,4322.95,2866.6,3251.0,6,1,3250.8,40,3,3250.6,69,7,3250.5,97,8,3250.4,205,8,3251.1,23,9,3251.9,3,1,3252.0,240,1,3252.2,25,1,3252.3,52,3
11536,2025-12-30 12:29:51+05:30,3251.0,4,3248.94,869228,113563.0,119768.0,3250.0,3257.0,3239.8,3251.5,43375500,3576.6,2926.4,4322.95,2866.6,3251.0,6,1,3250.8,40,3,3250.6,69,7,3250.5,97,8,3250.4,205,8,3251.1,23,9,3251.9,3,1,3252.0,240,1,3252.2,25,1,3252.3,52,3
11536,2025-12-30 12:29:51+05:30,3250.9,3,3248.94,869237,113559.0,120004.0,3250.0,3257.0,3239.8,3251.5,43375500,3576.6,2926.4,4322.95,2866.6,3250.8,10,1,3250.6,44,5,3250.5,60,7,3250.4,196,7,3250.3,96,7,3250.9,1,1,3251.0,2,1,3251.1,22,9,3251.8,23,1,3251.9,3,1
11536,2025-12-30 12:29:52+05:30,3250.8,10,3248.94,869237,113559.0,120004.0,3250.0,3257.0,3239.8,3251.5,43375500,3576.6,2926.4,4322.95,2866.6,3250.8,10,1,3250.6,44,5,3250.5,60,7,3250.4,196,7,3250.3,96,7,3250.9,1,1,3251.0,2,1,3251.1,22,9,3251.8,23,1,3251.9,3,1
11536,2025-12-30 12:29:52+05:30,3250.6,3,3248.94,869256,112957.0,119358.0,3250.0,3257.0,3239.8,3251.5,43375500,3576.6,2926.4,4322.95,2866.6,3250.6,14,4,3250.5,32,6,3250.4,61,4,3250.3,70,5,3250.2,134,9,3250.7,3,3,3250.9,3,3,3251.0,2,1,3251.1,18,5,3251.8,23,1
11536,2025-12-30 12:29:53+05:30,3250.6,1,3248.94,869256,112957.0,119358.0,3250.0,3257.0,3239.8,3251.5,43375500,3576.6,2926.4,4322.95,2866.6,3250.6,14,4,3250.5,32,6,3250.4,61,4,3250.3,70,5,3250.2,134,9,3250.7,3,3,3250.9,3,3,3251.0,2,1,3251.1,18,5,3251.8,23,1
11536,2025-12-30 12:29:53+05:30,3250.6,3,3248.94,869273,113088.0,119167.0,3250.0,3257.0,3239.8,3251.5,43375500,3576.6,2926.4,4322.95,2866.6,3250.6,12,4,3250.5,17,4,3250.4,99,6,3250.3,45,4,3250.2,314,10,3250.7,20,7,3250.9,3,3,3251.1,2,2,3251.8,23,1,3251.9,13,3
11536,2025-12-30 12:29:54+05:30,3250.6,1,3248.94,869273,113088.0,119167.0,3250.0,3257.0,3239.8,3251.5,43375500,3576.6,2926.4,4322.95,2866.6,3250.6,12,4,3250.5,17,4,3250.4,99,6,3250.3,45,4,3250.2,314,10,3250.7,20,7,3250.9,3,3,3251.1,2,2,3251.8,23,1,3251.9,13,3
11536,2025-12-30 12:29:54+05:30,3251.8,1,3248.94,869312,113586.0,118586.0,3250.0,3257.0,3239.8,3251.5,43375500,3576.6,2926.4,4322.95,2866.6,3250.8,20,1,3250.6,522,8,3250.5,24,5,3250.4,354,9,3250.3,206,9,3251.8,22,1,3251.9,46,3,3252.0,261,2,3252.2,8,1,3252.3,54,4
11536,2025-12-30 12:29:55+05:30,3251.8,1,3248.94,869312,113586.0,118586.0,3250.0,3257.0,3239.8,3251.5,43375500,3576.6,2926.4,4322.95,2866.6,3250.8,20,1,3250.6,522,8,3250.5,24,5,3250.4,354,9,3250.3,206,9,3251.8,22,1,3251.9,46,3,3252.0,261,2,3252.2,8,1,3252.3,54,4
11536,2025-12-30 12:29:55+05:30,3251.8,1,3248.94,869317,113525.0,118924.0,3250.0,3257.0,3239.8,3251.5,43375500,3576.6,2926.4,4322.95,2866.6,3250.8,19,1,3250.6,221,8,3250.5,24,5,3250.4,365,10,3250.3,507,9,3251.8,48,4,3251.9,3,1,3252.0,240,1,3252.2,8,1,3252.3,70,5
11536,2025-12-30 12:29:56+05:30,3250.8,3,3248.94,869320,113587.0,118917.0,3250.0,3257.0,3239.8,3251.5,43375500,3576.6,2926.4,4322.95,2866.6,3250.8,16,1,3250.6,221,8,3250.5,24,5,3250.4,365,10,3250.3,507,9,3251.8,51,7,3251.9,3,1,3252.0,240,1,3252.2,8,1,3252.3,65,4
11536,2025-12-30 12:29:57+05:30,3250.6,1,3248.94,869320,113587.0,118917.0,3250.0,3257.0,3239.8,3251.5,43375500,3576.6,2926.4,4322.95,2866.6,3250.8,16,1,3250.6,221,8,3250.5,24,5,3250.4,365,10,3250.3,507,9,3251.8,51,7,3251.9,3,1,3252.0,240,1,3252.2,8,1,3252.3,65,4
11536,2025-12-30 12:29:57+05:30,3250.6,1,3248.94,869344,113019.0,118070.0,3250.0,3257.0,3239.8,3251.5,43375500,3576.6,2926.4,4322.95,2866.6,3250.6,47,6,3250.5,34,5,3250.4,98,8,3250.3,89,7,3250.2,220,9,3250.8,6,4,3251.8,30,4,3251.9,3,1,3252.0,240,1,3252.2,23,1
11536,2025-12-30 12:29:58+05:30,3250.6,2,3248.94,869344,113019.0,118070.0,3250.0,3257.0,3239.8,3251.5,43375500,3576.6,2926.4,4322.95,2866.6,3250.6,47,6,3250.5,34,5,3250.4,98,8,3250.3,89,7,3250.2,220,9,3250.8,6,4,3251.8,30,4,3251.9,3,1,3252.0,240,1,3252.2,23,1
11536,2025-12-30 12:29:58+05:30,3250.6,1,3248.94,869349,113378.0,119289.0,3250.0,3257.0,3239.8,3251.5,43375500,3576.6,2926.4,4322.95,2866.6,3250.6,56,8,3250.5,34,5,3250.4,98,8,3250.3,264,8,3250.2,220,9,3250.8,8,6,3251.8,29,3,3251.9,3,1,3252.0,240,1,3252.2,23,1
11536,2025-12-30 12:29:59+05:30,3250.6,4,3248.94,869349,113378.0,119289.0,3250.0,3257.0,3239.8,3251.5,43375500,3576.6,2926.4,4322.95,2866.6,3250.6,56,8,3250.5,34,5,3250.4,98,8,3250.3,264,8,3250.2,220,9,3250.8,8,6,3251.8,29,3,3251.9,3,1,3252.0,240,1,3252.2,23,1
11536,2025-12-30 12:29:59+05:30,3250.5,1,3248.94,869459,113596.0,115456.0,3250.0,3257.0,3239.8,3251.5,43375500,3576.6,2926.4,4322.95,2866.6,3250.5,46,7,3250.4,85,6,3250.3,234,6,3250.2,225,10,3250.1,98,8,3250.8,7,6,3251.9,3,1,3252.0,240,1,3252.2,23,1,3252.3,65,4
11536,2025-12-30 12:30:00+05:30,3250.8,1,3248.94,869459,113596.0,115456.0,3250.0,3257.0,3239.8,3251.5,43375500,3576.6,2926.4,4322.95,2866.6,3250.5,46,7,3250.4,85,6,3250.3,234,6,3250.2,225,10,3250.1,98,8,3250.8,7,6,3251.9,3,1,3252.0,240,1,3252.2,23,1,3252.3,65,4
11536,2025-12-30 12:30:00+05:30,3250.7,1,3248.94,869657,113141.0,117088.0,3250.0,3257.0,3239.8,3251.5,43375500,3576.6,2926.4,4322.95,2866.6,3250.7,32,4,3250.6,94,3,3250.5,94,6,3250.4,286,13,3250.3,568,10,3251.8,22,1,3251.9,5,3,3252.0,240,1,3252.3,46,2,3252.4,3,1
11536,2025-12-30 12:30:01+05:30,3251.8,1,3248.94,869657,113141.0,117088.0,3250.0,3257.0,3239.8,3251.5,43375500,3576.6,2926.4,4322.95,2866.6,3250.7,32,4,3250.6,94,3,3250.5,94,6,3250.4,286,13,3250.3,568,10,3251.8,22,1,3251.9,5,3,3252.0,240,1,3252.3,46,2,3252.4,3,1
11536,2025-12-30 12:30:01+05:30,3251.8,1,3248.94,869658,113120.0,117004.0,3250.0,3257.0,3239.8,3251.5,43375500,3576.6,2926.4,4322.95,2866.6,3250.7,32,4,3250.6,107,4,3250.5,101,7,3250.4,286,13,3250.3,525,9,3251.8,31,4,3251.9,5,3,3252.0,240,1,3252.3,30,1,3252.4,3,1
11536,2025-12-30 12:30:02+05:30,3250.8,8,3248.94,869658,113120.0,117004.0,3250.0,3257.0,3239.8,3251.5,43375500,3576.6,2926.4,4322.95,2866.6,3250.7,32,4,3250.6,107,4,3250.5,101,7,3250.4,286,13,3250.3,525,9,3251.8,31,4,3251.9,5,3,3252.0,240,1,3252.3,30,1,3252.4,3,1
11536,2025-12-30 12:30:02+05:30,3250.8,38,3248.94,869717,113973.0,116857.0,3250.0,3257.0,3239.8,3251.5,43375500,3576.6,2926.4,4322.95,2866.6,3250.7,32,4,3250.6,241,7,3250.5,403,8,3250.4,528,15,3250.3,151,8,3251.8,26,4,3251.9,4,2,3252.0,240,1,3252.3,30,1,3252.4,3,1
11536,2025-12-30 12:30:03+05:30,3250.6,4,3248.94,869717,113973.0,116857.0,3250.0,3257.0,3239.8,3251.5,43375500,3576.6,2926.4,4322.95,2866.6,3250.7,32,4,3250.6,241,7,3250.5,403,8,3250.4,528,15,3250.3,151,8,3251.8,26,4,3251.9,4,2,3252.0,240,1,3252.3,30,1,3252.4,3,1
11536,2025-12-30 12:30:03+05:30,3250.6,26,3248.94,869838,112643.0,117786.0,3250.0,3257.0,3239.8,3251.5,43375500,3576.6,2926.4,4322.95,2866.6,3250.6,135,4,3250.5,33,5,3250.4,266,8,3250.3,402,6,3250.2,327,10,3251.6,52,4,3251.7,3,1,3251.8,4,3,3251.9,19,2,3252.0,270,2
11536,2025-12-30 12:30:04+05:30,3250.6,26,3248.94,869838,112643.0,117786.0,3250.0,3257.0,3239.8,3251.5,43375500,3576.6,2926.4,4322.95,2866.6,3250.6,135,4,3250.5,33,5,3250.4,266,8,3250.3,402,6,3250.2,327,10,3251.6,52,4,3251.7,3,1,3251.8,4,3,3251.9,19,2,3252.0,270,2
11536,2025-12-30 12:30:04+05:30,3250.6,2,3248.94,869840,112646.0,117785.0,3250.0,3257.0,3239.8,3251.5,43375500,3576.6,2926.4,4322.95,2866.6,3250.6,160,6,3250.5,33,5,3250.4,317,11,3250.3,402,6,3250.2,368,12,3251.5,22,1,3251.6,30,3,3251.7,3,1,3251.8,3,2,3251.9,19,2
11536,2025-12-30 12:30:05+05:30,3251.5,1,3248.94,869840,112646.0,117785.0,3250.0,3257.0,3239.8,3251.5,43375500,3576.6,2926.4,4322.95,2866.6,3250.6,160,6,3250.5,33,5,3250.4,317,11,3250.3,402,6,3250.2,368,12,3251.5,22,1,3251.6,30,3,3251.7,3,1,3251.8,3,2,3251.9,19,2
11536,2025-12-30 12:30:05+05:30,3250.6,8,3248.94,869895,113797.0,117838.0,3250.0,3257.0,3239.8,3251.5,43375500,3576.6,2926.4,4322.95,2866.6,3250.6,116,7,3250.5,33,5,3250.4,317,11,3250.3,402,6,3250.2,460,13,3251.5,22,4,3251.6,29,2,3251.8,1,1,3251.9,3,1,3252.0,270,2
11536,2025-12-30 12:30:06+05:30,3251.8,17,3248.94,869895,113797.0,117838.0,3250.0,3257.0,3239.8,3251.5,43375500,3576.6,2926.4,4322.95,2866.6,3250.6,116,7,3250.5,33,5,3250.4,317,11,3250.3,402,6,3250.2,460,13,3251.5,22,4,3251.6,29,2,3251.8,1,1,3251.9,3,1,3252.0,270,2
11536,2025-12-30 12:30:06+05:30,3251.0,3,3248.94,869996,114194.0,117480.0,3250.0,3257.0,3239.8,3251.5,43375500,3576.6,2926.4,4322.95,2866.6,3251.0,17,1,3250.9,43,1,3250.8,250,4,3250.7,62,3,3250.6,133,8,3251.9,29,4,3252.0,240,1,3252.2,9,1,3252.3,27,1,3252.4,48,2
11536,2025-12-30 12:30:07+05:30,3251.0,49,3248.94,869996,114194.0,117480.0,3250.0,3257.0,3239.8,3251.5,43375500,3576.6,2926.4,4322.95,2866.6,3251.0,17,1,3250.9,43,1,3250.8,250,4,3250.7,62,3,3250.6,133,8,3251.9,29,4,3252.0,240,1,3252.2,9,1,3252.3,27,1,3252.4,48,2
11536,2025-12-30 12:30:07+05:30,3251.0,49,3248.94,870062,114138.0,117848.0,3250.0,3257.0,3239.8,3251.5,43375500,3576.6,2926.4,4322.95,2866.6,3250.8,221,5,3250.6,142,8,3250.5,46,7,3250.4,701,14,3250.3,401,7,3251.0,11,3,3251.9,31,6,3252.0,240,1,3252.1,16,1,3252.2,25,2
11536,2025-12-30 12:30:08+05:30,3251.0,4,3248.94,870062,114138.0,117848.0,3250.0,3257.0,3239.8,3251.5,43375500,3576.6,2926.4,4322.95,2866.6,3250.8,221,5,3250.6,142,8,3250.5,46,7,3250.4,701,14,3250.3,401,7,3251.0,11,3,3251.9,31,6,3252.0,240,1,3252.1,16,1,3252.2,25,2
11536,2025-12-30 12:30:08+05:30,3250.8,8,3248.94,870095,113596.0,117844.0,3250.0,3257.0,3239.8,3251.5,43375500,3576.6,2926.4,4322.95,2866.6,3250.8,36,3,3250.6,54,5,3250.5,46,7,3250.4,410,11,3250.3,68,5,3251.0,9,5,3251.9,28,5,3252.0,240,1,3252.1,16,1,3252.2,25,2
11536,2025-12-30 12:30:09+05:30,3251.0,1,3248.94,870095,113596.0,117844.0,3250.0,3257.0,3239.8,3251.5,43375500,3576.6,2926.4,4322.95,2866.6,3250.8,36,3,3250.6,54,5,3250.5,46,7,3250.4,410,11,3250.3,68,5,3251.0,9,5,3251.9,28,5,3252.0,240,1,3252.1,16,1,3252.2,25,2
11536,2025-12-30 12:30:09+05:30,3251.0,1,3248.94,870123,113587.0,118109.0,3250.0,3257.0,3239.8,3251.5,43375500,3576.6,2926.4,4322.95,2866.6,3250.6,74,7,3250.5,33,5,3250.4,332,10,3250.3,243,6,3250.2,419,12,3250.7,2,1,3251.0,8,8,3251.9,58,3,3252.0,240,1,3252.1,16,1
11536,2025-12-30 12:30:10+05:30,3250.7,5,3248.94,870123,113587.0,118109.0,3250.0,3257.0,3239.8,3251.5,43375500,3576.6,2926.4,4322.95,2866.6,3250.6,74,7,3250.5,33,5,3250.4,332,10,3250.3,243,6,3250.2,419,12,3250.7,2,1,3251.0,8,8,3251.9,58,3,3252.0,240,1,3252.1,16,1
11536,2025-12-30 12:30:10+05:30,3250.6,1,3248.94,870147,113587.0,118172.0,3250.0,3257.0,3239.8,3251.5,43375500,3576.6,2926.4,4322.95,2866.6,3250.6,241,7,3250.5,217,7,3250.4,157,9,3250.3,160,6,3250.2,141,9,3250.7,4,3,3251.0,6,6,3251.9,57,2,3252.0,240,1,3252.1,16,1
11536,2025-12-30 12:30:11+05:30,3251.0,1,3248.94,870147,113587.0,118172.0,3250.0,3257.0,3239.8,3251.5,43375500,3576.6,2926.4,4322.95,2866.6,3250.6,241,7,3250.5,217,7,3250.4,157,9,3250.3,160,6,3250.2,141,9,3250.7,4,3,3251.0,6,6,3251.9,57,2,3252.0,240,1,3252.1,16,1
11536,2025-12-30 12:30:11+05:30,3251.0,1,3248.94,870707,114339.0,118043.0,3250.0,3257.0,3239.8,3251.5,43375500,3576.6,2926.4,4322.95,2866.6,3251.0,18,2,3250.8,64,2,3250.7,64,2,3250.6,371,10,3250.5,488,10,3251.9,50,3,3252.0,276,3,3252.1,17,1,3252.2,18,1,3252.3,40,2
11536,2025-12-30 12:30:12+05:30,3252.0,18,3248.94,870707,114339.0,118043.0,3250.0,3257.0,3239.8,3251.5,43375500,3576.6,2926.4,4322.95,2866.6,3251.0,18,2,3250.8,64,2,3250.7,64,2,3250.6,371,10,3250.5,488,10,3251.9,50,3,3252.0,276,3,3252.1,17,1,3252.2,18,1,3252.3,40,2
11536,2025-12-30 12:30:12+05:30,3251.9,2,3248.94,870779,114134.0,118185.0,3250.0,3257.0,3239.8,3251.5,43375500,3576.6,2926.4,4322.95,2866.6,3251.1,2,1,3251.0,243,7,3250.8,74,4,3250.7,139,5,3250.6,690,11,3251.9,4,3,3252.0,263,5,3252.1,23,1,3252.4,17,1,3252.6,55,3
11536,2025-12-30 12:30:13+05:30,3251.1,154,3248.94,870779,114134.0,118185.0,3250.0,3257.0,3239.8,3251.5,43375500,3576.6,2926.4,4322.95,2866.6,3251.1,2,1,3251.0,243,7,3250.8,74,4,3250.7,139,5,3250.6,690,11,3251.9,4,3,3252.0,263,5,3252.1,23,1,3252.4,17,1,3252.6,55,3
11536,2025-12-30 12:30:13+05:30,3251.1,154,3248.95,870945,114471.0,117484.0,3250.0,3257.0,3239.8,3251.5,43375500,3576.6,2926.4,4322.95,2866.6,3251.0,13,3,3250.8,266,7,3250.7,150,7,3250.6,542,11,3250.5,501,10,3251.1,9,3,3251.8,25,1,3251.9,18,4,3252.0,246,4,3252.4,30,1
11536,2025-12-30 12:30:14+05:30,3251.0,1,3248.95,870945,114471.0,117484.0,3250.0,3257.0,3239.8,3251.5,43375500,3576.6,2926.4,4322.95,2866.6,3251.0,13,3,3250.8,266,7,3250.7,150,7,3250.6,542,11,3250.5,501,10,3251.1,9,3,3251.8,25,1,3251.9,18,4,3252.0,246,4,3252.4,30,1
11536,2025-12-30 12:30:15+05:30,3250.9,1,3248.95,871006,113858.0,118504.0,3250.0,3257.0,3239.8,3251.5,43375500,3576.6,2926.4,4322.95,2866.6,3250.8,17,4,3250.7,33,3,3250.6,295,8,3250.5,278,9,3250.4,291,12,3250.9,12,4,3251.1,23,4,3251.8,25,1,3251.9,3,2,3252.0,232,1
11536,2025-12-30 12:30:15+05:30,3250.9,1,3248.95,871006,113858.0,118504.0,3250.0,3257.0,3239.8,3251.5,43375500,3576.6,2926.4,4322.95,2866.6,3250.8,17,4,3250.7,33,3,3250.6,295,8,3250.5,278,9,3250.4,291,12,3250.9,12,4,3251.1,23,4,3251.8,25,1,3251.9,3,2,3252.0,232,1
11536,2025-12-30 12:30:15+05:30,3250.7,11,3248.95,871070,114009.0,117100.0,3250.0,3257.0,3239.8,3251.5,43375500,3576.6,2926.4,4322.95,2866.6,3250.7,1,1,3250.6,297,10,3250.5,383,7,3250.4,189,11,3250.3,145,5,3250.8,7,3,3250.9,16,7,3251.1,18,3,3251.8,25,1,3252.0,232,1
11536,2025-12-30 12:30:16+05:30,3251.1,21,3248.95,871070,114009.0,117100.0,3250.0,3257.0,3239.8,3251.5,43375500,3576.6,2926.4,4322.95,2866.6,3250.7,1,1,3250.6,297,10,3250.5,383,7,3250.4,189,11,3250.3,145,5,3250.8,7,3,3250.9,16,7,3251.1,18,3,3251.8,25,1,3252.0,232,1
11536,2025-12-30 12:30:16+05:30,3251.2,77,3248.95,871307,115348.0,118156.0,3250.0,3257.0,3239.8,3251.5,43375500,3576.6,2926.4,4322.95,2866.6,3251.2,128,3,3251.1,57,3,3251.0,77,3,3250.9,145,5,3250.8,295,6,3251.8,32,3,3252.0,232,1,3252.3,23,1,3252.5,28,1,3252.6,31,2
11536,2025-12-30 12:30:17+05:30,3251.2,77,3248.95,871307,115348.0,118156.0,3250.0,3257.0,3239.8,3251.5,43375500,3576.6,2926.4,4322.95,2866.6,3251.2,128,3,3251.1,57,3,3251.0,77,3,3250.9,145,5,3250.8,295,6,3251.8,32,3,3252.0,232,1,3252.3,23,1,3252.5,28,1,3252.6,31,2
11536,2025-12-30 12:30:17+05:30,3251.8,2,3248.95,871360,114386.0,116816.0,3250.0,3257.0,3239.8,3251.5,43375500,3576.6,2926.4,4322.95,2866.6,3251.2,204,7,3251.1,76,3,3251.0,174,8,3250.9,125,6,3250.8,385,7,3251.8,11,4,3252.0,232,1,3252.4,23,1,3252.6,1,1,3252.7,3,1
11536,2025-12-30 12:30:18+05:30,3251.2,36,3248.95,871360,114386.0,116816.0,3250.0,3257.0,3239.8,3251.5,43375500,3576.6,2926.4,4322.95,2866.6,3251.2,204,7,3251.1,76,3,3251.0,174,8,3250.9,125,6,3250.8,385,7,3251.8,11,4,3252.0,232,1,3252.4,23,1,3252.6,1,1,3252.7,3,1
11536,2025-12-30 12:30:18+05:30,3251.2,36,3248.95,871396,115383.0,118074.0,3250.0,3257.0,3239.8,3251.5,43375500,3576.6,2926.4,4322.95,2866.6,3251.2,168,7,3251.1,322,6,3251.0,121,6,3250.9,97,5,3250.8,385,7,3251.8,13,6,3252.0,232,1,3252.4,23,1,3252.6,31,2,3252.7,3,1
11536,2025-12-30 12:30:19+05:30,3251.2,17,3248.95,871396,115383.0,118074.0,3250.0,3257.0,3239.8,3251.5,43375500,3576.6,2926.4,4322.95,2866.6,3251.2,168,7,3251.1,322,6,3251.0,121,6,3250.9,97,5,3250.8,385,7,3251.8,13,6,3252.0,232,1,3252.4,23,1,3252.6,31,2,3252.7,3,1
11536,2025-12-30 12:30:19+05:30,3251.2,17,3248.95,871431,114385.0,118096.0,3250.0,3257.0,3239.8,3251.5,43375500,3576.6,2926.4,4322.95,2866.6,3251.2,177,8,3251.1,322,6,3251.0,121,6,3250.9,96,4,3250.8,385,7,3251.8,10,7,3252.0,232,1,3252.4,23,1,3252.6,31,2,3252.7,3,1
11536,2025-12-30 12:30:20+05:30,3251.2,8,3248.95,871431,114385.0,118096.0,3250.0,3257.0,3239.8,3251.5,43375500,3576.6,2926.4,4322.95,2866.6,3251.2,177,8,3251.1,322,6,3251.0,121,6,3250.9,96,4,3250.8,385,7,3251.8,10,7,3252.0,232,1,3252.4,23,1,3252.6,31,2,3252.7,3,1
11536,2025-12-30 12:30:21+05:30,3252.0,3,3248.95,871616,114619.0,118007.0,3250.0,3257.0,3239.8,3251.5,43375500,3576.6,2926.4,4322.95,2866.6,3251.2,151,9,3251.1,251,4,3251.0,307,8,3250.9,213,6,3250.8,623,8,3252.0,130,3,3252.4,23,1,3252.6,31,2,3252.7,3,1,3252.8,34,3
11536,2025-12-30 12:30:21+05:30,3252.0,1,3248.95,871616,114619.0,118007.0,3250.0,3257.0,3239.8,3251.5,43375500,3576.6,2926.4,4322.95,2866.6,3251.2,151,9,3251.1,251,4,3251.0,307,8,3250.9,213,6,3250.8,623,8,3252.0,130,3,3252.4,23,1,3252.6,31,2,3252.7,3,1,3252.8,34,3
11536,2025-12-30 12:30:22+05:30,3252.0,1,3248.95,871617,115434.0,117859.0,3250.0,3257.0,3239.8,3251.5,43375500,3576.6,2926.4,4322.95,2866.6,3251.2,135,7,3251.1,251,4,3251.0,294,7,3250.9,121,5,3250.8,371,6,3252.0,130,4,3252.4,23,1,3252.5,29,1,3252.6,31,2,3252.7,14,2
11536,2025-12-30 12:30:23+05:30,3251.2,1,3248.95,871678,114459.0,117689.0,3250.0,3257.0,3239.8,3251.5,43375500,3576.6,2926.4,4322.95,2866.6,3251.2,70,5,3251.1,251,4,3251.0,121,6,3250.9,121,5,3250.8,320,7,3251.9,24,1,3252.0,124,4,3252.4,23,1,3252.5,29,1,3252.6,31,2
11536,2025-12-30 12:30:23+05:30,3251.2,1,3248.95,871678,114459.0,117689.0,3250.0,3257.0,3239.8,3251.5,43375500,3576.6,2926.4,4322.95,2866.6,3251.2,70,5,3251.1,251,4,3251.0,121,6,3250.9,121,5,3250.8,320,7,3251.9,24,1,3252.0,124,4,3252.4,23,1,3252.5,29,1,3252.6,31,2
11536,2025-12-30 12:30:24+05:30,3252.0,61,3248.95,871851,117303.0,117288.0,3250.0,3257.0,3239.8,3251.5,43375500,3576.6,2926.4,4322.95,2866.6,3251.7,26,1,3251.6,118,5,3251.5,83,3,3251.4,476,9,3251.3,184,4,3252.0,5,3,3252.6,1,1,3252.8,1,1,3252.9,23,2,3253.0,125,6
11536,2025-12-30 12:30:24+05:30,3252.0,61,3248.95,871851,117303.0,117288.0,3250.0,3257.0,3239.8,3251.5,43375500,3576.6,2926.4,4322.95,2866.6,3251.7,26,1,3251.6,118,5,3251.5,83,3,3251.4,476,9,3251.3,184,4,3252.0,5,3,3252.6,1,1,3252.8,1,1,3252.9,23,2,3253.0,125,6
11536,2025-12-30 12:30:25+05:30,3251.7,1,3248.95,871872,116811.0,117821.0,3250.0,3257.0,3239.8,3251.5,43375500,3576.6,2926.4,4322.95,2866.6,3251.6,31,3,3251.5,70,4,3251.4,279,6,3251.3,92,3,3251.2,152,10,3251.7,4,1,3252.0,262,6,3252.5,24,1,3252.6,1,1,3252.8,1,1
11536,2025-12-30 12:30:25+05:30,3251.7,1,3248.95,871872,116811.0,117821.0,3250.0,3257.0,3239.8,3251.5,43375500,3576.6,2926.4,4322.95,2866.6,3251.6,31,3,3251.5,70,4,3251.4,279,6,3251.3,92,3,3251.2,152,10,3251.7,4,1,3252.0,262,6,3252.5,24,1,3252.6,1,1,3252.8,1,1
11536,2025-12-30 12:30:26+05:30,3251.6,3,3248.95,871888,116321.0,117820.0,3250.0,3257.0,3239.8,3251.5,43375500,3576.6,2926.4,4322.95,2866.6,3251.6,28,3,3251.5,59,3,3251.4,292,7,3251.3,92,3,3251.2,122,9,3252.0,263,7,3252.6,1,1,3252.8,25,2,3252.9,53,3,3253.0,125,6
11536,2025-12-30 12:30:26+05:30,3251.6,3,3248.95,871888,116321.0,117820.0,3250.0,3257.0,3239.8,3251.5,43375500,3576.6,2926.4,4322.95,2866.6,3251.6,28,3,3251.5,59,3,3251.4,292,7,3251.3,92,3,3251.2,122,9,3252.0,263,7,3252.6,1,1,3252.8,25,2,3252.9,53,3,3253.0,125,6
11536,2025-12-30 12:30:27+05:30,3251.4,25,3248.95,871888,116321.0,117820.0,3250.0,3257.0,3239.8,3251.5,43375500,3576.6,2926.4,4322.95,2866.6,3251.6,28,3,3251.5,59,3,3251.4,292,7,3251.3,92,3,3251.2,122,9,3252.0,263,7,3252.6,1,1,3252.8,25,2,3252.9,53,3,3253.0,125,6
11536,2025-12-30 12:30:27+05:30,3251.4,25,3248.95,871925,115145.0,117820.0,3250.0,3257.0,3239.8,3251.5,43375500,3576.6,2926.4,4322.95,2866.6,3251.4,229,5,3251.3,43,1,3251.2,122,9,3251.1,122,5,3251.0,317,9,3251.5,11,3,3251.6,6,1,3252.0,255,6,3252.6,1,1,3252.8,1,1
11536,2025-12-30 12:30:28+05:30,3251.4,3,3248.95,871932,114974.0,117842.0,3250.0,3257.0,3239.8,3251.5,43375500,3576.6,2926.4,4322.95,2866.6,3251.4,42,6,3251.3,43,1,3251.2,122,9,3251.1,122,5,3251.0,317,9,3251.5,14,6,3251.6,6,1,3252.0,253,4,3252.6,1,1,3252.8,1,1
11536,2025-12-30 12:30:28+05:30,3251.5,21,3248.95,871932,114974.0,117842.0,3250.0,3257.0,3239.8,3251.5,43375500,3576.6,2926.4,4322.95,2866.6,3251.4,42,6,3251.3,43,1,3251.2,122,9,3251.1,122,5,3251.0,317,9,3251.5,14,6,3251.6,6,1,3252.0,253,4,3252.6,1,1,3252.8,1,1
11536,2025-12-30 12:30:29+05:30,3251.5,1,3248.95,872079,115987.0,117984.0,3250.0,3257.0,3239.8,3251.5,43375500,3576.6,2926.4,4322.95,2866.6,3251.5,83,1,3251.4,43,6,3251.3,43,1,3251.2,107,8,3251.1,122,5,3251.9,100,1,3252.0,259,4,3252.4,24,1,3252.5,29,1,3252.6,1,1
11536,2025-12-30 12:30:29+05:30,3251.5,1,3248.95,872079,115987.0,117984.0,3250.0,3257.0,3239.8,3251.5,43375500,3576.6,2926.4,4322.95,2866.6,3251.5,83,1,3251.4,43,6,3251.3,43,1,3251.2,107,8,3251.1,122,5,3251.9,100,1,3252.0,259,4,3252.4,24,1,3252.5,29,1,3252.6,1,1
11536,2025-12-30 12:30:30+05:30,3251.9,70,3248.95,872157,116248.0,117697.0,3250.0,3257.0,3239.8,3251.5,43375500,3576.6,2926.4,4322.95,2866.6,3251.6,82,1,3251.5,43,4,3251.4,84,7,3251.3,43,1,3251.2,148,10,3251.9,26,4,3252.0,258,3,3252.6,1,1,3252.7,24,1,3252.8,1,1
11536,2025-12-30 12:30:30+05:30,3251.9,70,3248.95,872157,116248.0,117697.0,3250.0,3257.0,3239.8,3251.5,43375500,3576.6,2926.4,4322.95,2866.6,3251.6,82,1,3251.5,43,4,3251.4,84,7,3251.3,43,1,3251.2,148,10,3251.9,26,4,3252.0,258,3,3252.6,1,1,3252.7,24,1,3252.8,1,1
11536,2025-12-30 12:30:30+05:30,3252.0,117,3248.95,872376,115183.0,117656.0,3250.0,3257.0,3239.8,3251.5,43375500,3576.6,2926.4,4322.95,2866.6,3251.6,71,4,3251.5,14,2,3251.4,67,7,3251.3,72,4,3251.2,118,9,3251.9,31,1,3252.0,147,4,3252.5,25,1,3252.6,1,1,3252.8,1,1
11536,2025-12-30 12:30:31+05:30,3251.9,2,3248.95,872376,115183.0,117656.0,3250.0,3257.0,3239.8,3251.5,43375500,3576.6,2926.4,4322.95,2866.6,3251.6,71,4,3251.5,14,2,3251.4,67,7,3251.3,72,4,3251.2,118,9,3251.9,31,1,3252.0,147,4,3252.5,25,1,3252.6,1,1,3252.8,1,1
11536,2025-12-30 12:30:31+05:30,3251.9,2,3248.95,872380,116095.0,116664.0,3250.0,3257.0,3239.8,3251.5,43375500,3576.6,2926.4,4322.95,2866.6,3251.6,71,4,3251.5,14,2,3251.4,67,7,3251.3,72,4,3251.2,148,10,3251.9,29,3,3252.0,147,4,3252.5,25,1,3252.6,1,1,3252.8,1,1
11536,2025-12-30 12:30:32+05:30,3251.6,22,3248.95,872380,116095.0,116664.0,3250.0,3257.0,3239.8,3251.5,43375500,3576.6,2926.4,4322.95,2866.6,3251.6,71,4,3251.5,14,2,3251.4,67,7,3251.3,72,4,3251.2,148,10,3251.9,29,3,3252.0,147,4,3252.5,25,1,3252.6,1,1,3252.8,1,1
11536,2025-12-30 12:30:32+05:30,3251.9,1,3248.95,872469,115379.0,118143.0,3250.0,3257.0,3239.8,3251.5,43375500,3576.6,2926.4,4322.95,2866.6,3251.6,187,4,3251.5,34,3,3251.4,66,6,3251.3,83,5,3251.2,119,9,3251.9,29,5,3252.0,137,2,3252.5,25,1,3252.6,1,1,3252.8,1,1
11536,2025-12-30 12:30:33+05:30,3251.9,1,3248.95,872469,115379.0,118143.0,3250.0,3257.0,3239.8,3251.5,43375500,3576.6,2926.4,4322.95,2866.6,3251.6,187,4,3251.5,34,3,3251.4,66,6,3251.3,83,5,3251.2,119,9,3251.9,29,5,3252.0,137,2,3252.5,25,1,3252.6,1,1,3252.8,1,1
11536,2025-12-30 12:30:33+05:30,3251.9,1,3248.95,872508,116693.0,118139.0,3250.0,3257.0,3239.8,3251.5,43375500,3576.6,2926.4,4322.95,2866.6,3251.6,162,4,3251.5,34,3,3251.4,66,6,3251.3,83,5,3251.2,149,10,3251.9,29,6,3252.0,133,1,3252.5,25,1,3252.6,1,1,3252.8,1,1
11536,2025-12-30 12:30:34+05:30,3251.8,6,3248.95,872508,116693.0,118139.0,3250.0,3257.0,3239.8,3251.5,43375500,3576.6,2926.4,4322.95,2866.6,3251.6,162,4,3251.5,34,3,3251.4,66,6,3251.3,83,5,3251.2,149,10,3251.9,29,6,3252.0,133,1,3252.5,25,1,3252.6,1,1,3252.8,1,1
11536,2025-12-30 12:30:34+05:30,3251.8,1,3248.95,872516,117023.0,118368.0,3250.0,3257.0,3239.8,3251.5,43375500,3576.6,2926.4,4322.95,2866.6,3251.8,134,1,3251.6,45,4,3251.5,15,2,3251.4,66,6,3251.3,258,6,3251.9,32,8,3252.0,133,1,3252.5,25,1,3252.6,31,2,3252.8,1,1
11536,2025-12-30 12:30:35+05:30,3251.9,1,3248.95,872516,117023.0,118368.0,3250.0,3257.0,3239.8,3251.5,43375500,3576.6,2926.4,4322.95,2866.6,3251.8,134,1,3251.6,45,4,3251.5,15,2,3251.4,66,6,3251.3,258,6,3251.9,32,8,3252.0,133,1,3252.5,25,1,3252.6,31,2,3252.8,1,1
11536,2025-12-30 12:30:35+05:30,3251.8,3,3248.95,872540,116893.0,118367.0,3250.0,3257.0,3239.8,3251.5,43375500,3576.6,2926.4,4322.95,2866.6,3251.8,159,3,3251.7,3,1,3251.6,45,4,3251.5,15,2,3251.4,66,6,3251.9,31,9,3252.0,133,1,3252.5,25,1,3252.6,31,2,3252.8,1,1
11536,2025-12-30 12:30:36+05:30,3252.0,89,3248.95,872540,116893.0,118367.0,3250.0,3257.0,3239.8,3251.5,43375500,3576.6,2926.4,4322.95,2866.6,3251.8,159,3,3251.7,3,1,3251.6,45,4,3251.5,15,2,3251.4,66,6,3251.9,31,9,3252.0,133,1,3252.5,25,1,3252.6,31,2,3252.8,1,1
11536,2025-12-30 12:30:36+05:30,3252.0,89,3248.95,872703,116257.0,116905.0,3250.0,3257.0,3239.8,3251.5,43375500,3576.6,2926.4,4322.95,2866.6,3251.8,62,3,3251.7,31,2,3251.6,95,5,3251.5,54,3,3251.4,137,8,3252.0,43,3,3252.6,1,1,3252.8,26,2,3252.9,20,1,3253.0,125,6
11536,2025-12-30 12:30:37+05:30,3251.8,26,3248.95,872703,116257.0,116905.0,3250.0,3257.0,3239.8,3251.5,43375500,3576.6,2926.4,4322.95,2866.6,3251.8,62,3,3251.7,31,2,3251.6,95,5,3251.5,54,3,3251.4,137,8,3252.0,43,3,3252.6,1,1,3252.8,26,2,3252.9,20,1,3253.0,125,6
11536,2025-12-30 12:30:37+05:30,3251.8,26,3248.95,872774,116228.0,118307.0,3250.0,3257.0,3239.8,3251.5,43375500,3576.6,2926.4,4322.95,2866.6,3251.6,33,3,3251.5,66,4,3251.4,287,8,3251.3,255,5,3251.2,287,9,3251.8,12,3,3252.0,57,4,3252.5,25,1,3252.6,1,1,3252.7,12,1
11536,2025-12-30 12:30:38+05:30,3251.6,2,3248.95,872774,116228.0,118307.0,3250.0,3257.0,3239.8,3251.5,43375500,3576.6,2926.4,4322.95,2866.6,3251.6,33,3,3251.5,66,4,3251.4,287,8,3251.3,255,5,3251.2,287,9,3251.8,12,3,3252.0,57,4,3252.5,25,1,3252.6,1,1,3252.7,12,1
11536,2025-12-30 12:30:38+05:30,3251.6,1,3248.95,872828,115793.0,118590.0,3250.0,3257.0,3239.8,3251.5,43375500,3576.6,2926.4,4322.95,2866.6,3251.6,9,2,3251.5,49,3,3251.4,72,4,3251.3,230,4,3251.2,101,7,3251.8,12,6,3252.0,52,3,3252.4,25,1,3252.5,30,1,3252.6,1,1
11536,2025-12-30 12:30:39+05:30,3251.6,3,3248.95,872828,115793.0,118590.0,3250.0,3257.0,3239.8,3251.5,43375500,3576.6,2926.4,4322.95,2866.6,3251.6,9,2,3251.5,49,3,3251.4,72,4,3251.3,230,4,3251.2,101,7,3251.8,12,6,3252.0,52,3,3252.4,25,1,3252.5,30,1,3252.6,1,1
11536,2025-12-30 12:30:39+05:30,3251.6,3,3248.95,872876,114518.0,118603.0,3250.0,3257.0,3239.8,3251.5,43375500,3576.6,2926.4,4322.95,2866.6,3251.6,8,2,3251.5,37,2,3251.4,72,4,3251.3,230,4,3251.2,89,6,3251.8,24,9,3252.0,35,1,3252.4,25,1,3252.5,30,1,3252.6,1,1
11536,2025-12-30 12:30:40+05:30,3251.5,2,3248.95,872876,114518.0,118603.0,3250.0,3257.0,3239.8,3251.5,43375500,3576.6,2926.4,4322.95,2866.6,3251.6,8,2,3251.5,37,2,3251.4,72,4,3251.3,230,4,3251.2,89,6,3251.8,24,9,3252.0,35,1,3252.4,25,1,3252.5,30,1,3252.6,1,1
11536,2025-12-30 12:30:40+05:30,3251.7,1,3248.95,872954,116163.0,118604.0,3250.0,3257.0,3239.8,3251.5,43375500,3576.6,2926.4,4322.95,2866.6,3251.7,124,1,3251.6,21,1,3251.5,20,2,3251.4,458,8,3251.3,230,4,3251.8,22,9,3252.0,35,1,3252.4,25,1,3252.6,1,1,3252.8,4,2
11536,2025-12-30 12:30:41+05:30,3251.7,6,3248.95,872954,116163.0,118604.0,3250.0,3257.0,3239.8,3251.5,43375500,3576.6,2926.4,4322.95,2866.6,3251.7,124,1,3251.6,21,1,3251.5,20,2,3251.4,458,8,3251.3,230,4,3251.8,22,9,3252.0,35,1,3252.4,25,1,3252.6,1,1,3252.8,4,2
11536,2025-12-30 12:30:41+05:30,3251.7,6,3248.95,872965,116015.0,118641.0,3250.0,3257.0,3239.8,3251.5,43375500,3576.6,2926.4,4322.95,2866.6,3251.7,113,1,3251.6,43,3,3251.5,24,3,3251.4,300,8,3251.3,230,4,3251.8,24,9,3252.0,35,1,3252.4,25,1,3252.5,29,1,3252.6,1,1
11536,2025-12-30 12:30:42+05:30,3252.0,97,3248.95,872965,116015.0,118641.0,3250.0,3257.0,3239.8,3251.5,43375500,3576.6,2926.4,4322.95,2866.6,3251.7,113,1,3251.6,43,3,3251.5,24,3,3251.4,300,8,3251.3,230,4,3251.8,24,9,3252.0,35,1,3252.4,25,1,3252.5,29,1,3252.6,1,1
11536,2025-12-30 12:30:42+05:30,3252.0,97,3248.95,873532,116020.0,118402.0,3250.0,3257.0,3239.8,3251.5,43375500,3576.6,2926.4,4322.95,2866.6,3251.9,175,1,3251.7,28,2,3251.6,38,2,3251.5,43,5,3251.4,241,6,3252.0,170,2,3252.5,24,1,3252.6,1,1,3252.7,29,1,3252.8,1,1
11536,2025-12-30 12:30:43+05:30,3251.6,4,3248.95,873532,116020.0,118402.0,3250.0,3257.0,3239.8,3251.5,43375500,3576.6,2926.4,4322.95,2866.6,3251.9,175,1,3251.7,28,2,3251.6,38,2,3251.5,43,5,3251.4,241,6,3252.0,170,2,3252.5,24,1,3252.6,1,1,3252.7,29,1,3252.8,1,1
11536,2025-12-30 12:30:43+05:30,3251.6,4,3248.95,873544,116247.0,118316.0,3250.0,3257.0,3239.8,3251.5,43375500,3576.6,2926.4,4322.95,2866.6,3251.8,175,1,3251.6,40,3,3251.5,43,4,3251.4,428,8,3251.3,41,4,3252.0,176,4,3252.5,24,1,3252.6,1,1,3252.8,1,1,3252.9,20,1
11536,2025-12-30 12:30:44+05:30,3251.8,82,3248.95,873544,116247.0,118316.0,3250.0,3257.0,3239.8,3251.5,43375500,3576.6,2926.4,4322.95,2866.6,3251.8,175,1,3251.6,40,3,3251.5,43,4,3251.4,428,8,3251.3,41,4,3252.0,176,4,3252.5,24,1,3252.6,1,1,3252.8,1,1,3252.9,20,1
11536,2025-12-30 12:30:44+05:30,3251.8,82,3248.95,873802,115828.0,118676.0,3250.0,3257.0,3239.8,3251.5,43375500,3576.6,2926.4,4322.95,2866.6,3251.8,93,1,3251.6,17,1,3251.5,6,2,3251.4,204,4,3251.3,12,2,3252.0,177,8,3252.4,24,1,3252.5,29,1,3252.6,1,1,3252.8,18,2
11536,2025-12-30 12:30:45+05:30,3251.8,4,3248.95,873802,115828.0,118676.0,3250.0,3257.0,3239.8,3251.5,43375500,3576.6,2926.4,4322.95,2866.6,3251.8,93,1,3251.6,17,1,3251.5,6,2,3251.4,204,4,3251.3,12,2,3252.0,177,8,3252.4,24,1,3252.5,29,1,3252.6,1,1,3252.8,18,2
11536,2025-12-30 12:30:45+05:30,3251.8,4,3248.95,873896,115980.0,117202.0,3250.0,3257.0,3239.8,3251.5,43375500,3576.6,2926.4,4322.95,2866.6,3251.8,89,1,3251.6,62,5,3251.5,59,4,3251.4,234,6,3251.3,12,2,3252.0,92,10,3252.4,24,1,3252.5,29,1,3252.6,1,1,3252.8,1,1
11536,2025-12-30 12:30:46+05:30,3252.0,1,3248.95,873896,115980.0,117202.0,3250.0,3257.0,3239.8,3251.5,43375500,3576.6,2926.4,4322.95,2866.6,3251.8,89,1,3251.6,62,5,3251.5,59,4,3251.4,234,6,3251.3,12,2,3252.0,92,10,3252.4,24,1,3252.5,29,1,3252.6,1,1,3252.8,1,1
11536,2025-12-30 12:30:46+05:30,3251.9,2,3248.95,874063,116095.0,117188.0,3250.0,3257.0,3239.8,3251.5,43375500,3576.6,2926.4,4322.95,2866.6,3251.9,122,1,3251.8,48,2,3251.6,40,3,3251.5,204,4,3251.4,73,5,3252.0,77,9,3252.6,1,1,3252.7,24,1,3252.8,1,1,3252.9,20,1
11536,2025-12-30 12:30:47+05:30,3251.9,2,3248.95,874063,116095.0,117188.0,3250.0,3257.0,3239.8,3251.5,43375500,3576.6,2926.4,4322.95,2866.6,3251.9,122,1,3251.8,48,2,3251.6,40,3,3251.5,204,4,3251.4,73,5,3252.0,77,9,3252.6,1,1,3252.7,24,1,3252.8,1,1,3252.9,20,1
11536,2025-12-30 12:30:47+05:30,3251.9,21,3248.96,874206,116131.0,118263.0,3250.0,3257.0,3239.8,3251.5,43375500,3576.6,2926.4,4322.95,2866.6,3251.9,181,2,3251.8,51,3,3251.7,3,1,3251.6,46,4,3251.5,204,4,3252.0,78,11,3252.5,24,1,3252.6,1,1,3252.7,29,1,3252.8,1,1
11536,2025-12-30 12:30:48+05:30,3252.0,2,3248.96,874206,116131.0,118263.0,3250.0,3257.0,3239.8,3251.5,43375500,3576.6,2926.4,4322.95,2866.6,3251.9,181,2,3251.8,51,3,3251.7,3,1,3251.6,46,4,3251.5,204,4,3252.0,78,11,3252.5,24,1,3252.6,1,1,3252.7,29,1,3252.8,1,1
11536,2025-12-30 12:30:48+05:30,3253.0,14,3248.96,874696,117390.0,116521.0,3250.0,3257.0,3239.8,3251.5,43375500,3576.6,2926.4,4322.95,2866.6,3252.8,10,1,3252.4,21,1,3252.2,23,2,3252.1,25,2,3252.0,138,4,3253.0,67,4,3253.1,1,1,3253.2,9,1,3253.3,33,2,3253.4,8,1
11536,2025-12-30 12:30:49+05:30,3253.0,14,3248.96,874696,117390.0,116521.0,3250.0,3257.0,3239.8,3251.5,43375500,3576.6,2926.4,4322.95,2866.6,3252.8,10,1,3252.4,21,1,3252.2,23,2,3252.1,25,2,3252.0,138,4,3253.0,67,4,3253.1,1,1,3253.2,9,1,3253.3,33,2,3253.4,8,1
11536,2025-12-30 12:30:49+05:30,3253.0,14,3248.96,874696,116374.0,116918.0,3250.0,3257.0,3239.8,3251.5,43375500,3576.6,2926.4,4322.95,2866.6,3252.4,23,2,3252.2,23,2,3252.0,22,2,3251.9,62,4,3251.8,155,6,3253.0,114,7,3253.1,1,1,3253.2,18,2,3253.3,29,1,3253.4,20,2
11536,2025-12-30 12:30:50+05:30,3253.0,14,3248.96,874696,116398.0,116971.0,3250.0,3257.0,3239.8,3251.5,43375500,3576.6,2926.4,4322.95,2866.6,3252.4,67,3,3252.2,23,2,3252.0,22,2,3251.9,62,4,3251.8,128,5,3253.0,114,7,3253.1,1,1,3253.2,9,1,3253.3,29,1,3253.4,12,1
11536,2025-12-30 12:30:51+05:30,3252.4,13,3248.96,874696,116398.0,116971.0,3250.0,3257.0,3239.8,3251.5,43375500,3576.6,2926.4,4322.95,2866.6,3252.4,67,3,3252.2,23,2,3252.0,22,2,3251.9,62,4,3251.8,128,5,3253.0,114,7,3253.1,1,1,3253.2,9,1,3253.3,29,1,3253.4,12,1
11536,2025-12-30 12:30:51+05:30,3252.4,1,3248.96,874784,116344.0,117498.0,3250.0,3257.0,3239.8,3251.5,43375500,3576.6,2926.4,4322.95,2866.6,3252.2,3,1,3252.0,23,3,3251.9,8,3,3251.8,102,5,3251.7,286,8,3252.4,19,3,3252.9,24,1,3253.0,75,5,3253.1,1,1,3253.2,9,1
11536,2025-12-30 12:30:52+05:30,3252.0,1,3248.96,874784,116344.0,117498.0,3250.0,3257.0,3239.8,3251.5,43375500,3576.6,2926.4,4322.95,2866.6,3252.2,3,1,3252.0,23,3,3251.9,8,3,3251.8,102,5,3251.7,286,8,3252.4,19,3,3252.9,24,1,3253.0,75,5,3253.1,1,1,3253.2,9,1
11536,2025-12-30 12:30:52+05:30,3252.0,1,3248.96,874810,116285.0,118145.0,3250.0,3257.0,3239.8,3251.5,43375500,3576.6,2926.4,4322.95,2866.6,3252.0,2,2,3251.9,8,3,3251.8,55,3,3251.7,256,7,3251.6,250,7,3252.1,8,4,3252.4,21,5,3252.9,24,1,3253.0,67,4,3253.1,30,2
11536,2025-12-30 12:30:53+05:30,3252.0,3,3248.96,874810,116285.0,118145.0,3250.0,3257.0,3239.8,3251.5,43375500,3576.6,2926.4,4322.95,2866.6,3252.0,2,2,3251.9,8,3,3251.8,55,3,3251.7,256,7,3251.6,250,7,3252.1,8,4,3252.4,21,5,3252.9,24,1,3253.0,67,4,3253.1,30,2
11536,2025-12-30 12:30:53+05:30,3252.0,3,3248.96,874822,116180.0,117143.0,3250.0,3257.0,3239.8,3251.5,43375500,3576.6,2926.4,4322.95,2866.6,3251.9,7,2,3251.8,55,3,3251.7,230,6,3251.6,233,6,3251.5,12,3,3252.0,7,4,3252.1,8,4,3252.4,4,3,3252.9,74,2,3253.0,67,4
11536,2025-12-30 12:30:54+05:30,3252.1,15,3248.96,874822,116180.0,117143.0,3250.0,3257.0,3239.8,3251.5,43375500,3576.6,2926.4,4322.95,2866.6,3251.9,7,2,3251.8,55,3,3251.7,230,6,3251.6,233,6,3251.5,12,3,3252.0,7,4,3252.1,8,4,3252.4,4,3,3252.9,74,2,3253.0,67,4
11536,2025-12-30 12:30:54+05:30,3252.1,15,3248.96,874959,116455.0,117822.0,3250.0,3257.0,3239.8,3251.5,43375500,3576.6,2926.4,4322.95,2866.6,3251.9,22,5,3251.8,52,4,3251.7,225,5,3251.6,358,8,3251.5,154,6,3252.1,16,3,3252.4,1,1,3252.9,50,1,3253.0,67,4,3253.1,1,1
11536,2025-12-30 12:30:55+05:30,3252.1,1,3248.96,874959,116455.0,117822.0,3250.0,3257.0,3239.8,3251.5,43375500,3576.6,2926.4,4322.95,2866.6,3251.9,22,5,3251.8,52,4,3251.7,225,5,3251.6,358,8,3251.5,154,6,3252.1,16,3,3252.4,1,1,3252.9,50,1,3253.0,67,4,3253.1,1,1
11536,2025-12-30 12:30:55+05:30,3252.1,1,3248.96,874980,116470.0,117836.0,3250.0,3257.0,3239.8,3251.5,43375500,3576.6,2926.4,4322.95,2866.6,3251.9,55,7,3251.8,70,4,3251.7,213,5,3251.6,450,9,3251.5,38,4,3252.1,11,5,3252.9,50,1,3253.0,67,4,3253.1,1,1,3253.4,2,1
11536,2025-12-30 12:30:56+05:30,3251.9,5,3248.96,874980,116470.0,117836.0,3250.0,3257.0,3239.8,3251.5,43375500,3576.6,2926.4,4322.95,2866.6,3251.9,55,7,3251.8,70,4,3251.7,213,5,3251.6,450,9,3251.5,38,4,3252.1,11,5,3252.9,50,1,3253.0,67,4,3253.1,1,1,3253.4,2,1
11536,2025-12-30 12:30:56+05:30,3251.9,5,3248.96,875040,116344.0,117906.0,3250.0,3257.0,3239.8,3251.5,43375500,3576.6,2926.4,4322.95,2866.6,3251.9,1,1,3251.8,96,7,3251.7,267,7,3251.6,352,8,3251.5,38,4,3252.1,10,7,3252.9,50,1,3253.0,67,4,3253.1,1,1,3253.5,82,5
11536,2025-12-30 12:30:57+05:30,3251.8,18,3248.96,875040,116344.0,117906.0,3250.0,3257.0,3239.8,3251.5,43375500,3576.6,2926.4,4322.95,2866.6,3251.9,1,1,3251.8,96,7,3251.7,267,7,3251.6,352,8,3251.5,38,4,3252.1,10,7,3252.9,50,1,3253.0,67,4,3253.1,1,1,3253.5,82,5
11536,2025-12-30 12:30:57+05:30,3251.8,18,3248.96,875156,116509.0,117714.0,3250.0,3257.0,3239.8,3251.5,43375500,3576.6,2926.4,4322.95,2866.6,3251.8,100,9,3251.7,213,5,3251.6,388,9,3251.5,130,5,3251.4,126,9,3252.1,13,8,3252.9,50,1,3253.0,67,4,3253.1,1,1,3253.3,43,2
11536,2025-12-30 12:30:58+05:30,3251.8,1,3248.96,875156,116509.0,117714.0,3250.0,3257.0,3239.8,3251.5,43375500,3576.6,2926.4,4322.95,2866.6,3251.8,100,9,3251.7,213,5,3251.6,388,9,3251.5,130,5,3251.4,126,9,3252.1,13,8,3252.9,50,1,3253.0,67,4,3253.1,1,1,3253.3,43,2
11536,2025-12-30 12:30:58+05:30,3251.8,8,3248.96,875186,116492.0,117846.0,3250.0,3257.0,3239.8,3251.5,43375500,3576.6,2926.4,4322.95,2866.6,3251.8,239,8,3251.7,213,5,3251.6,167,6,3251.5,65,4,3251.4,77,7,3252.1,13,9,3252.9,50,1,3253.0,67,4,3253.1,1,1,3253.2,3,1
11536,2025-12-30 12:30:59+05:30,3251.8,18,3248.96,875186,116492.0,117846.0,3250.0,3257.0,3239.8,3251.5,43375500,3576.6,2926.4,4322.95,2866.6,3251.8,239,8,3251.7,213,5,3251.6,167,6,3251.5,65,4,3251.4,77,7,3252.1,13,9,3252.9,50,1,3253.0,67,4,3253.1,1,1,3253.2,3,1
11536,2025-12-30 12:30:59+05:30,3251.8,5,3248.96,875215,116490.0,117849.0,3250.0,3257.0,3239.8,3251.5,43375500,3576.6,2926.4,4322.95,2866.6,3251.8,223,8,3251.7,213,5,3251.6,210,8,3251.5,157,5,3251.4,77,7,3252.1,10,9,3252.9,50,1,3253.0,67,4,3253.1,1,1,3253.2,3,1
11536,2025-12-30 12:31:00+05:30,3252.9,11,3248.96,875215,116490.0,117849.0,3250.0,3257.0,3239.8,3251.5,43375500,3576.6,2926.4,4322.95,2866.6,3251.8,223,8,3251.7,213,5,3251.6,210,8,3251.5,157,5,3251.4,77,7,3252.1,10,9,3252.9,50,1,3253.0,67,4,3253.1,1,1,3253.2,3,1
11536,2025-12-30 12:31:00+05:30,3252.9,11,3248.96,875269,115661.0,116882.0,3250.0,3257.0,3239.8,3251.5,43375500,3576.6,2926.4,4322.95,2866.6,3252.1,2,1,3252.0,73,4,3251.9,29,1,3251.8,62,7,3251.7,82,4,3252.9,41,2,3253.0,67,4,3253.1,1,1,3253.4,47,2,3253.5,3,1
11536,2025-12-30 12:31:01+05:30,3252.9,1,3248.96,875269,115661.0,116882.0,3250.0,3257.0,3239.8,3251.5,43375500,3576.6,2926.4,4322.95,2866.6,3252.1,2,1,3252.0,73,4,3251.9,29,1,3251.8,62,7,3251.7,82,4,3252.9,41,2,3253.0,67,4,3253.1,1,1,3253.4,47,2,3253.5,3,1
11536,2025-12-30 12:31:01+05:30,3252.9,1,3248.96,875278,115757.0,116909.0,3250.0,3257.0,3239.8,3251.5,43375500,3576.6,2926.4,4322.95,2866.6,3252.1,52,2,3252.0,33,3,3251.8,85,8,3251.7,115,6,3251.6,174,8,3252.9,56,5,3253.0,91,5,3253.1,1,1,3253.2,28,1,3253.4,47,2
11536,2025-12-30 12:31:02+05:30,3252.1,16,3248.96,875294,115792.0,116903.0,3250.0,3257.0,3239.8,3251.5,43375500,3576.6,2926.4,4322.95,2866.6,3252.1,49,4,3252.0,50,4,3251.8,107,10,3251.7,85,5,3251.6,196,10,3252.9,57,7,3253.0,91,5,3253.1,1,1,3253.2,28,1,3253.4,47,2
11536,2025-12-30 12:31:03+05:30,3252.9,3,3248.96,875294,115792.0,116903.0,3250.0,3257.0,3239.8,3251.5,43375500,3576.6,2926.4,4322.95,2866.6,3252.1,49,4,3252.0,50,4,3251.8,107,10,3251.7,85,5,3251.6,196,10,3252.9,57,7,3253.0,91,5,3253.1,1,1,3253.2,28,1,3253.4,47,2
11536,2025-12-30 12:31:03+05:30,3252.1,2,3248.96,875306,115768.0,116923.0,3250.0,3257.0,3239.8,3251.5,43375500,3576.6,2926.4,4322.95,2866.6,3252.1,40,4,3252.0,39,3,3251.8,90,8,3251.7,85,5,3251.6,173,8,3252.9,57,10,3253.0,91,5,3253.1,1,1,3253.2,28,1,3253.4,47,2
11536,2025-12-30 12:31:04+05:30,3253.1,1,3248.96,875306,115768.0,116923.0,3250.0,3257.0,3239.8,3251.5,43375500,3576.6,2926.4,4322.95,2866.6,3252.1,40,4,3252.0,39,3,3251.8,90,8,3251.7,85,5,3251.6,173,8,3252.9,57,10,3253.0,91,5,3253.1,1,1,3253.2,28,1,3253.4,47,2
11536,2025-12-30 12:31:04+05:30,3253.1,1,3248.96,875470,114623.0,117415.0,3250.0,3257.0,3239.8,3251.5,43375500,3576.6,2926.4,4322.95,2866.6,3252.4,22,1,3252.2,112,3,3252.1,115,8,3252.0,201,6,3251.9,70,3,3253.3,50,2,3253.4,45,4,3253.5,22,2,3253.6,18,2,3253.7,73,4
11536,2025-12-30 12:31:05+05:30,3253.4,1,3248.96,875470,114623.0,117415.0,3250.0,3257.0,3239.8,3251.5,43375500,3576.6,2926.4,4322.95,2866.6,3252.4,22,1,3252.2,112,3,3252.1,115,8,3252.0,201,6,3251.9,70,3,3253.3,50,2,3253.4,45,4,3253.5,22,2,3253.6,18,2,3253.7,73,4
11536,2025-12-30 12:31:05+05:30,3253.4,1,3248.96,875587,117538.0,116917.0,3250.0,3257.0,3239.8,3251.5,43375500,3576.6,2926.4,4322.95,2866.6,3253.3,1,1,3252.8,65,3,3252.6,22,1,3252.5,63,2,3252.4,187,3,3253.4,13,4,3253.6,8,2,3253.8,66,3,3253.9,65,2,3254.0,185,6
11536,2025-12-30 12:31:06+05:30,3253.4,3,3248.96,875587,117538.0,116917.0,3250.0,3257.0,3239.8,3251.5,43375500,3576.6,2926.4,4322.95,2866.6,3253.3,1,1,3252.8,65,3,3252.6,22,1,3252.5,63,2,3252.4,187,3,3253.4,13,4,3253.6,8,2,3253.8,66,3,3253.9,65,2,3254.0,185,6
11536,2025-12-30 12:31:06+05:30,3253.4,3,3248.96,875665,115900.0,116801.0,3250.0,3257.0,3239.8,3251.5,43375500,3576.6,2926.4,4322.95,2866.6,3253.3,1,1,3252.8,82,4,3252.7,31,2,3252.6,22,1,3252.5,63,2,3253.4,6,3,3253.6,1,1,3253.9,48,1,3254.0,115,3,3254.1,42,2
11536,2025-12-30 12:31:07+05:30,3253.3,1,3248.96,875665,115900.0,116801.0,3250.0,3257.0,3239.8,3251.5,43375500,3576.6,2926.4,4322.95,2866.6,3253.3,1,1,3252.8,82,4,3252.7,31,2,3252.6,22,1,3252.5,63,2,3253.4,6,3,3253.6,1,1,3253.9,48,1,3254.0,115,3,3254.1,42,2
11536,2025-12-30 12:31:07+05:30,3253.3,1,3248.96,875701,115821.0,116296.0,3250.0,3257.0,3239.8,3251.5,43375500,3576.6,2926.4,4322.95,2866.6,3252.8,27,3,3252.7,45,2,3252.6,22,1,3252.5,148,6,3252.4,235,6,3253.3,8,2,3253.4,7,4,3253.6,1,1,3253.9,48,1,3254.0,139,4
11536,2025-12-30 12:31:08+05:30,3252.8,1,3248.96,875701,115821.0,116296.0,3250.0,3257.0,3239.8,3251.5,43375500,3576.6,2926.4,4322.95,2866.6,3252.8,27,3,3252.7,45,2,3252.6,22,1,3252.5,148,6,3252.4,235,6,3253.3,8,2,3253.4,7,4,3253.6,1,1,3253.9,48,1,3254.0,139,4
11536,2025-12-30 12:31:08+05:30,3252.8,1,3248.96,875719,116563.0,115317.0,3250.0,3257.0,3239.8,3251.5,43375500,3576.6,2926.4,4322.95,2866.6,3252.8,14,3,3252.7,74,4,3252.6,44,3,3252.5,119,5,3252.4,274,8,3253.3,5,3,3253.4,4,3,3253.6,1,1,3254.0,115,3,3254.1,30,1
11536,2025-12-30 12:31:09+05:30,3252.7,1,3248.96,875719,116563.0,115317.0,3250.0,3257.0,3239.8,3251.5,43375500,3576.6,2926.4,4322.95,2866.6,3252.8,14,3,3252.7,74,4,3252.6,44,3,3252.5,119,5,3252.4,274,8,3253.3,5,3,3253.4,4,3,3253.6,1,1,3254.0,115,3,3254.1,30,1
11536,2025-12-30 12:31:09+05:30,3252.7,1,3248.96,875740,115216.0,116750.0,3250.0,3257.0,3239.8,3251.5,43375500,3576.6,2926.4,4322.95,2866.6,3252.7,30,2,3252.6,1,1,3252.5,63,5,3252.4,86,4,3252.3,77,3,3252.8,5,2,3253.3,3,3,3253.4,4,3,3253.6,1,1,3253.9,2,1
11536,2025-12-30 12:31:10+05:30,3252.7,1,3248.96,875740,115216.0,116750.0,3250.0,3257.0,3239.8,3251.5,43375500,3576.6,2926.4,4322.95,2866.6,3252.7,30,2,3252.6,1,1,3252.5,63,5,3252.4,86,4,3252.3,77,3,3252.8,5,2,3253.3,3,3,3253.4,4,3,3253.6,1,1,3253.9,2,1
11536,2025-12-30 12:31:10+05:30,3252.7,1,3248.96,875758,115528.0,117121.0,3250.0,3257.0,3239.8,3251.5,43375500,3576.6,2926.4,4322.95,2866.6,3252.7,4,1,3252.6,1,1,3252.5,31,3,3252.4,77,3,3252.3,252,4,3252.8,9,6,3253.3,2,2,3253.4,1,1,3253.6,1,1,3253.9,2,1
11536,2025-12-30 12:31:11+05:30,3252.6,5,3248.96,875803,115608.0,117106.0,3250.0,3257.0,3239.8,3251.5,43375500,3576.6,2926.4,4322.95,2866.6,3252.6,1,1,3252.5,44,5,3252.4,47,2,3252.3,252,4,3252.2,238,4,3252.7,10,3,3252.8,6,6,3253.3,1,1,3253.4,1,1,3253.6,1,1
11536,2025-12-30 12:31:11+05:30,3252.6,5,3248.96,875803,115608.0,117106.0,3250.0,3257.0,3239.8,3251.5,43375500,3576.6,2926.4,4322.95,2866.6,3252.6,1,1,3252.5,44,5,3252.4,47,2,3252.3,252,4,3252.2,238,4,3252.7,10,3,3252.8,6,6,3253.3,1,1,3253.4,1,1,3253.6,1,1
11536,2025-12-30 12:31:12+05:30,3253.6,1,3248.96,875880,115189.0,115829.0,3250.0,3257.0,3239.8,3251.5,43375500,3576.6,2926.4,4322.95,2866.6,3252.8,20,1,3252.6,44,5,3252.5,78,4,3252.4,136,5,3252.3,100,3,3253.8,26,2,3253.9,61,6,3254.0,155,6,3254.1,33,2,3254.2,32,2
11536,2025-12-30 12:31:12+05:30,3253.6,1,3248.96,875880,115189.0,115829.0,3250.0,3257.0,3239.8,3251.5,43375500,3576.6,2926.4,4322.95,2866.6,3252.8,20,1,3252.6,44,5,3252.5,78,4,3252.4,136,5,3252.3,100,3,3253.8,26,2,3253.9,61,6,3254.0,155,6,3254.1,33,2,3254.2,32,2
11536,2025-12-30 12:31:13+05:30,3252.9,1,3248.96,875918,116464.0,116225.0,3250.0,3257.0,3239.8,3251.5,43375500,3576.6,2926.4,4322.95,2866.6,3252.8,20,1,3252.6,76,5,3252.5,41,4,3252.4,300,9,3252.3,521,6,3253.8,31,5,3253.9,74,6,3254.0,129,5,3254.1,31,2,3254.2,12,2
11536,2025-12-30 12:31:13+05:30,3252.9,1,3248.96,875918,116464.0,116225.0,3250.0,3257.0,3239.8,3251.5,43375500,3576.6,2926.4,4322.95,2866.6,3252.8,20,1,3252.6,76,5,3252.5,41,4,3252.4,300,9,3252.3,521,6,3253.8,31,5,3253.9,74,6,3254.0,129,5,3254.1,31,2,3254.2,12,2
11536,2025-12-30 12:31:14+05:30,3252.9,19,3248.96,875918,116464.0,116225.0,3250.0,3257.0,3239.8,3251.5,43375500,3576.6,2926.4,4322.95,2866.6,3252.8,20,1,3252.6,76,5,3252.5,41,4,3252.4,300,9,3252.3,521,6,3253.8,31,5,3253.9,74,6,3254.0,129,5,3254.1,31,2,3254.2,12,2
11536,2025-12-30 12:31:14+05:30,3252.9,19,3248.96,875938,116451.0,116662.0,3250.0,3257.0,3239.8,3251.5,43375500,3576.6,2926.4,4322.95,2866.6,3252.9,5,1,3252.8,20,1,3252.6,76,5,3252.5,41,4,3252.4,300,9,3253.8,41,6,3253.9,61,6,3254.0,176,9,3254.1,31,2,3254.2,38,4
11536,2025-12-30 12:31:15+05:30,3252.9,7,3248.96,875938,116451.0,116662.0,3250.0,3257.0,3239.8,3251.5,43375500,3576.6,2926.4,4322.95,2866.6,3252.9,5,1,3252.8,20,1,3252.6,76,5,3252.5,41,4,3252.4,300,9,3253.8,41,6,3253.9,61,6,3254.0,176,9,3254.1,31,2,3254.2,38,4
11536,2025-12-30 12:31:15+05:30,3252.9,7,3248.96,875957,116481.0,116690.0,3250.0,3257.0,3239.8,3251.5,43375500,3576.6,2926.4,4322.95,2866.6,3252.9,6,2,3252.6,46,4,3252.5,98,6,3252.4,109,7,3252.3,330,5,3253.0,1,1,3253.8,54,8,3254.0,124,5,3254.1,31,2,3254.2,30,4
11536,2025-12-30 12:31:16+05:30,3252.9,1,3248.96,875963,116521.0,116514.0,3250.0,3257.0,3239.8,3251.5,43375500,3576.6,2926.4,4322.95,2866.6,3252.9,6,2,3252.6,79,6,3252.5,273,7,3252.4,106,6,3252.3,63,3,3253.0,4,4,3253.8,47,6,3254.0,127,6,3254.1,31,2,3254.2,30,4
11536,2025-12-30 12:31:16+05:30,3253.0,1,3248.96,875963,116521.0,116514.0,3250.0,3257.0,3239.8,3251.5,43375500,3576.6,2926.4,4322.95,2866.6,3252.9,6,2,3252.6,79,6,3252.5,273,7,3252.4,106,6,3252.3,63,3,3253.0,4,4,3253.8,47,6,3254.0,127,6,3254.1,31,2,3254.2,30,4
11536,2025-12-30 12:31:17+05:30,3252.9,26,3248.96,875963,116521.0,116514.0,3250.0,3257.0,3239.8,3251.5,43375500,3576.6,2926.4,4322.95,2866.6,3252.9,6,2,3252.6,79,6,3252.5,273,7,3252.4,106,6,3252.3,63,3,3253.0,4,4,3253.8,47,6,3254.0,127,6,3254.1,31,2,3254.2,30,4
11536,2025-12-30 12:31:17+05:30,3252.9,26,3248.96,876044,116541.0,116044.0,3250.0,3257.0,3239.8,3251.5,43375500,3576.6,2926.4,4322.95,2866.6,3252.6,31,4,3252.5,259,7,3252.4,238,5,3252.3,155,4,3252.2,103,8,3252.9,8,1,3253.0,3,3,3253.8,2,2,3253.9,8,1,3254.0,119,5
11536,2025-12-30 12:31:18+05:30,3252.8,1,3248.96,876044,116541.0,116044.0,3250.0,3257.0,3239.8,3251.5,43375500,3576.6,2926.4,4322.95,2866.6,3252.6,31,4,3252.5,259,7,3252.4,238,5,3252.3,155,4,3252.2,103,8,3252.9,8,1,3253.0,3,3,3253.8,2,2,3253.9,8,1,3254.0,119,5
11536,2025-12-30 12:31:18+05:30,3252.8,1,3248.96,876112,115310.0,115055.0,3250.0,3257.0,3239.8,3251.5,43375500,3576.6,2926.4,4322.95,2866.6,3253.0,175,1,3252.8,50,2,3252.7,40,3,3252.6,129,9,3252.5,591,9,3254.0,141,6,3254.1,16,2,3254.2,21,2,3254.4,46,3,3254.5,100,1
11536,2025-12-30 12:31:19+05:30,3253.1,1,3248.96,876112,115310.0,115055.0,3250.0,3257.0,3239.8,3251.5,43375500,3576.6,2926.4,4322.95,2866.6,3253.0,175,1,3252.8,50,2,3252.7,40,3,3252.6,129,9,3252.5,591,9,3254.0,141,6,3254.1,16,2,3254.2,21,2,3254.4,46,3,3254.5,100,1
11536,2025-12-30 12:31:19+05:30,3253.1,1,3248.96,876151,116319.0,117483.0,3250.0,3257.0,3239.8,3251.5,43375500,3576.6,2926.4,4322.95,2866.6,3253.1,46,2,3253.0,175,1,3252.8,63,4,3252.7,33,2,3252.6,293,12,3253.9,69,12,3254.0,148,9,3254.1,12,2,3254.2,3,2,3254.4,65,3
11536,2025-12-30 12:31:20+05:30,3253.1,19,3248.96,876171,116148.0,118155.0,3250.0,3257.0,3239.8,3251.5,43375500,3576.6,2926.4,4322.95,2866.6,3253.1,3,1,3253.0,175,1,3252.9,14,1,3252.8,53,3,3252.6,252,9,3253.8,50,2,3253.9,38,11,3254.0,169,12,3254.1,1,1,3254.2,1,1
11536,2025-12-30 12:31:20+05:30,3253.1,19,3248.96,876171,116148.0,118155.0,3250.0,3257.0,3239.8,3251.5,43375500,3576.6,2926.4,4322.95,2866.6,3253.1,3,1,3253.0,175,1,3252.9,14,1,3252.8,53,3,3252.6,252,9,3253.8,50,2,3253.9,38,11,3254.0,169,12,3254.1,1,1,3254.2,1,1
11536,2025-12-30 12:31:21+05:30,3252.9,1,3248.96,876206,116169.0,117722.0,3250.0,3257.0,3239.8,3251.5,43375500,3576.6,2926.4,4322.95,2866.6,3252.9,1,1,3252.8,179,3,3252.7,201,3,3252.6,108,9,3252.5,138,6,3253.1,3,2,3253.8,35,4,3253.9,3,3,3254.0,118,6,3254.1,1,1
11536,2025-12-30 12:31:21+05:30,3252.9,1,3248.96,876206,116169.0,117722.0,3250.0,3257.0,3239.8,3251.5,43375500,3576.6,2926.4,4322.95,2866.6,3252.9,1,1,3252.8,179,3,3252.7,201,3,3252.6,108,9,3252.5,138,6,3253.1,3,2,3253.8,35,4,3253.9,3,3,3254.0,118,6,3254.1,1,1
11536,2025-12-30 12:31:22+05:30,3253.1,1,3248.96,876217,115472.0,118946.0,3250.0,3257.0,3239.8,3251.5,43375500,3576.6,2926.4,4322.95,2866.6,3252.6,32,4,3252.5,34,4,3252.4,63,5,3252.3,59,3,3252.2,95,7,3252.8,5,5,3253.1,3,3,3253.8,35,4,3253.9,31,2,3254.0,116,4
11536,2025-12-30 12:31:22+05:30,3252.6,1,3248.96,876217,115472.0,118946.0,3250.0,3257.0,3239.8,3251.5,43375500,3576.6,2926.4,4322.95,2866.6,3252.6,32,4,3252.5,34,4,3252.4,63,5,3252.3,59,3,3252.2,95,7,3252.8,5,5,3253.1,3,3,3253.8,35,4,3253.9,31,2,3254.0,116,4
11536,2025-12-30 12:31:23+05:30,3252.6,6,3248.96,876246,115580.0,117676.0,3250.0,3257.0,3239.8,3251.5,43375500,3576.6,2926.4,4322.95,2866.6,3252.6,3,1,3252.5,34,4,3252.4,63,5,3252.3,6,1,3252.2,65,6,3252.8,6,6,3253.1,1,1,3253.8,34,3,3253.9,30,1,3254.0,116,4
11536,2025-12-30 12:31:23+05:30,3252.6,3,3248.96,876246,115580.0,117676.0,3250.0,3257.0,3239.8,3251.5,43375500,3576.6,2926.4,4322.95,2866.6,3252.6,3,1,3252.5,34,4,3252.4,63,5,3252.3,6,1,3252.2,65,6,3252.8,6,6,3253.1,1,1,3253.8,34,3,3253.9,30,1,3254.0,116,4
11536,2025-12-30 12:31:24+05:30,3252.6,3,3248.96,876249,115633.0,117642.0,3250.0,3257.0,3239.8,3251.5,43375500,3576.6,2926.4,4322.95,2866.6,3252.6,3,1,3252.5,34,4,3252.4,63,5,3252.3,6,1,3252.2,95,7,3252.8,10,10,3253.1,1,1,3253.8,33,2,3253.9,30,1,3254.0,116,4
11536,2025-12-30 12:31:24+05:30,3252.8,1,3248.96,876249,115633.0,117642.0,3250.0,3257.0,3239.8,3251.5,43375500,3576.6,2926.4,4322.95,2866.6,3252.6,3,1,3252.5,34,4,3252.4,63,5,3252.3,6,1,3252.2,95,7,3252.8,10,10,3253.1,1,1,3253.8,33,2,3253.9,30,1,3254.0,116,4
11536,2025-12-30 12:31:25+05:30,3252.8,1,3248.96,876269,115590.0,118732.0,3250.0,3257.0,3239.8,3251.5,43375500,3576.6,2926.4,4322.95,2866.6,3252.5,43,5,3252.4,79,6,3252.3,79,4,3252.2,115,8,3252.1,170,7,3252.8,9,9,3253.8,33,2,3253.9,30,1,3254.0,116,4,3254.1,29,3
11536,2025-12-30 12:31:25+05:30,3252.5,1,3248.96,876269,115590.0,118732.0,3250.0,3257.0,3239.8,3251.5,43375500,3576.6,2926.4,4322.95,2866.6,3252.5,43,5,3252.4,79,6,3252.3,79,4,3252.2,115,8,3252.1,170,7,3252.8,9,9,3253.8,33,2,3253.9,30,1,3254.0,116,4,3254.1,29,3
11536,2025-12-30 12:31:26+05:30,3252.5,1,3248.96,876280,115420.0,118649.0,3250.0,3257.0,3239.8,3251.5,43375500,3576.6,2926.4,4322.95,2866.6,3252.5,78,5,3252.4,49,5,3252.3,106,5,3252.2,88,7,3252.1,170,7,3252.8,8,8,3253.8,258,3,3253.9,30,1,3254.0,116,4,3254.1,29,3
11536,2025-12-30 12:31:26+05:30,3253.8,57,3248.96,876280,115420.0,118649.0,3250.0,3257.0,3239.8,3251.5,43375500,3576.6,2926.4,4322.95,2866.6,3252.5,78,5,3252.4,49,5,3252.3,106,5,3252.2,88,7,3252.1,170,7,3252.8,8,8,3253.8,258,3,3253.9,30,1,3254.0,116,4,3254.1,29,3
11536,2025-12-30 12:31:27+05:30,3252.6,3,3248.96,876391,114948.0,118972.0,3250.0,3257.0,3239.8,3251.5,43375500,3576.6,2926.4,4322.95,2866.6,3252.5,68,4,3252.4,80,7,3252.3,26,2,3252.2,130,8,3252.1,26,5,3252.6,8,1,3252.8,20,3,3253.7,50,2,3253.8,168,1,3253.9,30,1
11536,2025-12-30 12:31:27+05:30,3252.6,3,3248.96,876391,114948.0,118972.0,3250.0,3257.0,3239.8,3251.5,43375500,3576.6,2926.4,4322.95,2866.6,3252.5,68,4,3252.4,80,7,3252.3,26,2,3252.2,130,8,3252.1,26,5,3252.6,8,1,3252.8,20,3,3253.7,50,2,3253.8,168,1,3253.9,30,1
11536,2025-12-30 12:31:28+05:30,3252.6,1,3248.96,876400,114646.0,118989.0,3250.0,3257.0,3239.8,3251.5,43375500,3576.6,2926.4,4322.95,2866.6,3252.5,72,5,3252.4,18,3,3252.3,6,1,3252.2,74,6,3252.1,33,6,3252.6,5,2,3252.8,20,3,3253.6,23,1,3253.7,27,1,3253.8,168,1
11536,2025-12-30 12:31:28+05:30,3252.6,1,3248.96,876400,114646.0,118989.0,3250.0,3257.0,3239.8,3251.5,43375500,3576.6,2926.4,4322.95,2866.6,3252.5,72,5,3252.4,18,3,3252.3,6,1,3252.2,74,6,3252.1,33,6,3252.6,5,2,3252.8,20,3,3253.6,23,1,3253.7,27,1,3253.8,168,1
11536,2025-12-30 12:31:29+05:30,3252.5,1,3248.97,876506,114822.0,118437.0,3250.0,3257.0,3239.8,3251.5,43375500,3576.6,2926.4,4322.95,2866.6,3252.5,32,5,3252.4,34,4,3252.3,166,3,3252.2,272,8,3252.1,45,6,3252.6,24,7,3252.8,52,2,3253.6,23,1,3253.7,27,1,3253.8,168,1
11536,2025-12-30 12:31:29+05:30,3252.5,1,3248.97,876506,114822.0,118437.0,3250.0,3257.0,3239.8,3251.5,43375500,3576.6,2926.4,4322.95,2866.6,3252.5,32,5,3252.4,34,4,3252.3,166,3,3252.2,272,8,3252.1,45,6,3252.6,24,7,3252.8,52,2,3253.6,23,1,3253.7,27,1,3253.8,168,1
11536,2025-12-30 12:31:30+05:30,3253.6,13,3248.97,876679,116544.0,115169.0,3250.0,3257.0,3239.8,3251.5,43375500,3576.6,2926.4,4322.95,2866.6,3253.0,175,1,3252.9,144,1,3252.8,20,1,3252.7,38,3,3252.6,64,2,3253.7,23,1,3253.8,168,1,3253.9,27,1,3254.0,116,4,3254.1,1,1
11536,2025-12-30 12:31:30+05:30,3253.6,13,3248.97,876679,116544.0,115169.0,3250.0,3257.0,3239.8,3251.5,43375500,3576.6,2926.4,4322.95,2866.6,3253.0,175,1,3252.9,144,1,3252.8,20,1,3252.7,38,3,3252.6,64,2,3253.7,23,1,3253.8,168,1,3253.9,27,1,3254.0,116,4,3254.1,1,1
11536,2025-12-30 12:31:31+05:30,3253.2,1,3248.97,877634,115428.0,117459.0,3250.0,3257.0,3239.8,3251.5,43375500,3576.6,2926.4,4322.95,2866.6,3253.2,93,5,3253.1,42,4,3253.0,326,6,3252.9,350,2,3252.8,464,10,3254.5,43,2,3254.6,41,2,3254.7,35,3,3254.8,37,2,3254.9,9,1
11536,2025-12-30 12:31:31+05:30,3254.4,1,3248.97,877634,115428.0,117459.0,3250.0,3257.0,3239.8,3251.5,43375500,3576.6,2926.4,4322.95,2866.6,3253.2,93,5,3253.1,42,4,3253.0,326,6,3252.9,350,2,3252.8,464,10,3254.5,43,2,3254.6,41,2,3254.7,35,3,3254.8,37,2,3254.9,9,1
11536,2025-12-30 12:31:32+05:30,3254.4,2,3248.97,877637,115439.0,117674.0,3250.0,3257.0,3239.8,3251.5,43375500,3576.6,2926.4,4322.95,2866.6,3253.2,88,5,3253.1,42,4,3253.0,343,6,3252.9,9,1,3252.8,832,12,3254.4,46,5,3254.5,46,3,3254.6,47,3,3254.7,35,3,3254.8,37,2
11536,2025-12-30 12:31:32+05:30,3254.4,2,3248.97,877637,115439.0,117674.0,3250.0,3257.0,3239.8,3251.5,43375500,3576.6,2926.4,4322.95,2866.6,3253.2,88,5,3253.1,42,4,3253.0,343,6,3252.9,9,1,3252.8,832,12,3254.4,46,5,3254.5,46,3,3254.6,47,3,3254.7,35,3,3254.8,37,2
11536,2025-12-30 12:31:33+05:30,3254.4,2,3248.97,877637,115431.0,117851.0,3250.0,3257.0,3239.8,3251.5,43375500,3576.6,2926.4,4322.95,2866.6,3253.2,106,7,3253.1,96,8,3253.0,350,7,3252.9,23,2,3252.8,835,13,3254.4,47,6,3254.5,46,3,3254.6,36,2,3254.7,10,1,3254.8,37,2
11536,2025-12-30 12:31:33+05:30,3253.2,5,3248.97,877637,115431.0,117851.0,3250.0,3257.0,3239.8,3251.5,43375500,3576.6,2926.4,4322.95,2866.6,3253.2,106,7,3253.1,96,8,3253.0,350,7,3252.9,23,2,3252.8,835,13,3254.4,47,6,3254.5,46,3,3254.6,36,2,3254.7,10,1,3254.8,37,2
11536,2025-12-30 12:31:34+05:30,3253.2,3,3248.97,877957,117300.0,116737.0,3250.0,3257.0,3239.8,3251.5,43375500,3576.6,2926.4,4322.95,2866.6,3253.2,18,1,3253.1,28,3,3253.0,233,7,3252.9,241,4,3252.8,785,12,3254.4,60,7,3254.5,24,3,3254.7,22,2,3254.8,30,1,3255.0,732,20
11536,2025-12-30 12:31:34+05:30,3254.3,1,3248.97,877957,117300.0,116737.0,3250.0,3257.0,3239.8,3251.5,43375500,3576.6,2926.4,4322.95,2866.6,3253.2,18,1,3253.1,28,3,3253.0,233,7,3252.9,241,4,3252.8,785,12,3254.4,60,7,3254.5,24,3,3254.7,22,2,3254.8,30,1,3255.0,732,20
11536,2025-12-30 12:31:35+05:30,3254.3,1,3248.97,878128,117041.0,117200.0,3250.0,3257.0,3239.8,3251.5,43375500,3576.6,2926.4,4322.95,2866.6,3253.1,26,1,3253.0,477,10,3252.9,69,4,3252.8,745,12,3252.7,33,3,3254.3,22,4,3254.4,15,3,3254.5,8,1,3254.6,26,1,3254.9,10,2
11536,2025-12-30 12:31:35+05:30,3253.1,12,3248.97,878128,117041.0,117200.0,3250.0,3257.0,3239.8,3251.5,43375500,3576.6,2926.4,4322.95,2866.6,3253.1,26,1,3253.0,477,10,3252.9,69,4,3252.8,745,12,3252.7,33,3,3254.3,22,4,3254.4,15,3,3254.5,8,1,3254.6,26,1,3254.9,10,2
11536,2025-12-30 12:31:36+05:30,3254.4,4,3248.98,878390,116924.0,116720.0,3250.0,3257.0,3239.8,3251.5,43375500,3576.6,2926.4,4322.95,2866.6,3253.4,26,1,3253.3,75,6,3253.1,192,3,3253.0,385,9,3252.9,400,4,3254.4,10,3,3255.0,693,17,3255.1,2,1,3255.2,16,3,3255.3,35,4
11536,2025-12-30 12:31:36+05:30,3254.4,4,3248.98,878390,116924.0,116720.0,3250.0,3257.0,3239.8,3251.5,43375500,3576.6,2926.4,4322.95,2866.6,3253.4,26,1,3253.3,75,6,3253.1,192,3,3253.0,385,9,3252.9,400,4,3254.4,10,3,3255.0,693,17,3255.1,2,1,3255.2,16,3,3255.3,35,4
11536,2025-12-30 12:31:37+05:30,3253.4,4,3248.98,878475,116752.0,117173.0,3250.0,3257.0,3239.8,3251.5,43375500,3576.6,2926.4,4322.95,2866.6,3253.4,1,1,3253.2,87,5,3253.1,42,4,3253.0,342,11,3252.9,151,4,3254.4,16,6,3254.6,42,2,3254.7,16,1,3254.9,11,1,3255.0,693,17
11536,2025-12-30 12:31:37+05:30,3253.4,4,3248.98,878475,116752.0,117173.0,3250.0,3257.0,3239.8,3251.5,43375500,3576.6,2926.4,4322.95,2866.6,3253.4,1,1,3253.2,87,5,3253.1,42,4,3253.0,342,11,3252.9,151,4,3254.4,16,6,3254.6,42,2,3254.7,16,1,3254.9,11,1,3255.0,693,17
11536,2025-12-30 12:31:38+05:30,3253.4,1,3248.98,878509,117044.0,117564.0,3250.0,3257.0,3239.8,3251.5,43375500,3576.6,2926.4,4322.95,2866.6,3253.2,121,7,3253.1,30,3,3253.0,493,10,3252.9,326,5,3252.8,225,5,3253.4,9,3,3254.4,11,5,3255.0,749,19,3255.1,73,2,3255.2,77,3
11536,2025-12-30 12:31:38+05:30,3253.4,1,3248.98,878509,117044.0,117564.0,3250.0,3257.0,3239.8,3251.5,43375500,3576.6,2926.4,4322.95,2866.6,3253.2,121,7,3253.1,30,3,3253.0,493,10,3252.9,326,5,3252.8,225,5,3253.4,9,3,3254.4,11,5,3255.0,749,19,3255.1,73,2,3255.2,77,3
11536,2025-12-30 12:31:39+05:30,3253.2,1,3248.98,878526,116657.0,117915.0,3250.0,3257.0,3239.8,3251.5,43375500,3576.6,2926.4,4322.95,2866.6,3253.2,88,5,3253.1,50,4,3253.0,294,8,3252.9,241,4,3252.8,155,5,3253.4,11,5,3254.4,8,4,3255.0,749,19,3255.1,73,2,3255.2,77,3
11536,2025-12-30 12:31:39+05:30,3253.2,1,3248.98,878526,116657.0,117915.0,3250.0,3257.0,3239.8,3251.5,43375500,3576.6,2926.4,4322.95,2866.6,3253.2,88,5,3253.1,50,4,3253.0,294,8,3252.9,241,4,3252.8,155,5,3253.4,11,5,3254.4,8,4,3255.0,749,19,3255.1,73,2,3255.2,77,3
11536,2025-12-30 12:31:40+05:30,3253.4,1,3248.98,878607,117041.0,118170.0,3250.0,3257.0,3239.8,3251.5,43375500,3576.6,2926.4,4322.95,2866.6,3253.2,71,3,3253.1,82,6,3253.0,359,10,3252.9,333,5,3252.8,93,5,3253.4,7,6,3254.4,2,1,3254.6,3,1,3254.7,11,1,3255.0,749,19
11536,2025-12-30 12:31:40+05:30,3253.2,3,3248.98,878607,117041.0,118170.0,3250.0,3257.0,3239.8,3251.5,43375500,3576.6,2926.4,4322.95,2866.6,3253.2,71,3,3253.1,82,6,3253.0,359,10,3252.9,333,5,3252.8,93,5,3253.4,7,6,3254.4,2,1,3254.6,3,1,3254.7,11,1,3255.0,749,19
11536,2025-12-30 12:31:41+05:30,3253.2,3,3248.98,878628,116974.0,118213.0,3250.0,3257.0,3239.8,3251.5,43375500,3576.6,2926.4,4322.95,2866.6,3253.2,78,4,3253.1,88,6,3253.0,329,9,3252.9,333,5,3252.8,63,4,3253.4,11,10,3254.6,3,1,3254.7,11,1,3255.0,751,20,3255.1,73,2
11536,2025-12-30 12:31:41+05:30,3253.2,1,3248.98,878628,116974.0,118213.0,3250.0,3257.0,3239.8,3251.5,43375500,3576.6,2926.4,4322.95,2866.6,3253.2,78,4,3253.1,88,6,3253.0,329,9,3252.9,333,5,3252.8,63,4,3253.4,11,10,3254.6,3,1,3254.7,11,1,3255.0,751,20,3255.1,73,2
11536,2025-12-30 12:31:41+05:30,3254.5,15,3248.98,878725,117073.0,117591.0,3250.0,3257.0,3239.8,3251.5,43375500,3576.6,2926.4,4322.95,2866.6,3253.4,21,1,3253.3,28,1,3253.2,285,8,3253.1,50,4,3253.0,435,12,3254.4,50,1,3254.6,20,1,3255.0,642,15,3255.1,16,1,3255.2,28,3
11536,2025-12-30 12:31:42+05:30,3254.4,1,3248.98,878725,117073.0,117591.0,3250.0,3257.0,3239.8,3251.5,43375500,3576.6,2926.4,4322.95,2866.6,3253.4,21,1,3253.3,28,1,3253.2,285,8,3253.1,50,4,3253.0,435,12,3254.4,50,1,3254.6,20,1,3255.0,642,15,3255.1,16,1,3255.2,28,3
11536,2025-12-30 12:31:43+05:30,3253.4,1,3248.98,878731,117155.0,117672.0,3250.0,3257.0,3239.8,3251.5,43375500,3576.6,2926.4,4322.95,2866.6,3253.4,19,1,3253.3,15,2,3253.2,280,8,3253.1,60,4,3253.0,435,12,3254.4,56,8,3254.5,28,1,3254.6,20,1,3255.0,672,16,3255.1,28,2
11536,2025-12-30 12:31:43+05:30,3253.4,1,3248.98,878731,117155.0,117672.0,3250.0,3257.0,3239.8,3251.5,43375500,3576.6,2926.4,4322.95,2866.6,3253.4,19,1,3253.3,15,2,3253.2,280,8,3253.1,60,4,3253.0,435,12,3254.4,56,8,3254.5,28,1,3254.6,20,1,3255.0,672,16,3255.1,28,2
11536,2025-12-30 12:31:44+05:30,3253.3,1,3248.98,878751,116865.0,118053.0,3250.0,3257.0,3239.8,3251.5,43375500,3576.6,2926.4,4322.95,2866.6,3253.3,4,1,3253.2,82,6,3253.1,30,3,3253.0,331,9,3252.9,484,8,3253.4,4,2,3254.4,52,6,3254.5,28,1,3254.6,20,1,3255.0,697,17
11536,2025-12-30 12:31:44+05:30,3253.3,1,3248.98,878751,116865.0,118053.0,3250.0,3257.0,3239.8,3251.5,43375500,3576.6,2926.4,4322.95,2866.6,3253.3,4,1,3253.2,82,6,3253.1,30,3,3253.0,331,9,3252.9,484,8,3253.4,4,2,3254.4,52,6,3254.5,28,1,3254.6,20,1,3255.0,697,17
11536,2025-12-30 12:31:45+05:30,3253.4,1,3248.98,878779,116924.0,117941.0,3250.0,3257.0,3239.8,3251.5,43375500,3576.6,2926.4,4322.95,2866.6,3253.3,4,1,3253.2,85,6,3253.1,30,3,3253.0,331,9,3252.9,484,8,3253.4,5,4,3254.4,48,3,3254.5,28,1,3254.6,20,1,3254.7,12,1
11536,2025-12-30 12:31:45+05:30,3253.4,1,3248.98,878779,116924.0,117941.0,3250.0,3257.0,3239.8,3251.5,43375500,3576.6,2926.4,4322.95,2866.6,3253.3,4,1,3253.2,85,6,3253.1,30,3,3253.0,331,9,3252.9,484,8,3253.4,5,4,3254.4,48,3,3254.5,28,1,3254.6,20,1,3254.7,12,1
11536,2025-12-30 12:31:46+05:30,3253.4,1,3248.98,878790,116893.0,118483.0,3250.0,3257.0,3239.8,3251.5,43375500,3576.6,2926.4,4322.95,2866.6,3253.3,4,1,3253.2,48,3,3253.1,30,3,3253.0,288,7,3252.9,444,6,3253.4,4,4,3254.4,46,1,3254.5,28,1,3254.6,22,2,3254.7,42,2
11536,2025-12-30 12:31:46+05:30,3253.4,1,3248.98,878790,116893.0,118483.0,3250.0,3257.0,3239.8,3251.5,43375500,3576.6,2926.4,4322.95,2866.6,3253.3,4,1,3253.2,48,3,3253.1,30,3,3253.0,288,7,3252.9,444,6,3253.4,4,4,3254.4,46,1,3254.5,28,1,3254.6,22,2,3254.7,42,2
11536,2025-12-30 12:31:47+05:30,3253.2,3,3248.98,878813,116745.0,118886.0,3250.0,3257.0,3239.8,3251.5,43375500,3576.6,2926.4,4322.95,2866.6,3253.2,45,3,3253.1,26,3,3253.0,289,7,3252.9,441,7,3252.8,58,5,3253.3,4,2,3253.4,3,3,3254.4,46,1,3254.5,34,2,3254.6,22,2
11536,2025-12-30 12:31:47+05:30,3253.2,3,3248.98,878813,116745.0,118886.0,3250.0,3257.0,3239.8,3251.5,43375500,3576.6,2926.4,4322.95,2866.6,3253.2,45,3,3253.1,26,3,3253.0,289,7,3252.9,441,7,3252.8,58,5,3253.3,4,2,3253.4,3,3,3254.4,46,1,3254.5,34,2,3254.6,22,2
11536,2025-12-30 12:31:48+05:30,3253.4,2,3248.98,878900,116745.0,117123.0,3250.0,3257.0,3239.8,3251.5,43375500,3576.6,2926.4,4322.95,2866.6,3253.2,115,8,3253.1,32,4,3253.0,134,7,3252.9,734,9,3252.8,241,8,3254.4,49,2,3254.5,28,1,3254.6,20,1,3255.0,672,16,3255.1,16,1
11536,2025-12-30 12:31:48+05:30,3253.4,2,3248.98,878900,116745.0,117123.0,3250.0,3257.0,3239.8,3251.5,43375500,3576.6,2926.4,4322.95,2866.6,3253.2,115,8,3253.1,32,4,3253.0,134,7,3252.9,734,9,3252.8,241,8,3254.4,49,2,3254.5,28,1,3254.6,20,1,3255.0,672,16,3255.1,16,1
11536,2025-12-30 12:31:49+05:30,3255.0,271,3248.98,879327,115302.0,116143.0,3250.0,3257.0,3239.8,3251.5,43375500,3576.6,2926.4,4322.95,2866.6,3253.6,21,1,3253.5,16,1,3253.4,112,7,3253.3,30,3,3253.2,256,11,3254.9,74,5,3255.0,302,11,3255.2,13,1,3255.3,33,2,3255.4,1,1
11536,2025-12-30 12:31:49+05:30,3255.0,271,3248.98,879327,115302.0,116143.0,3250.0,3257.0,3239.8,3251.5,43375500,3576.6,2926.4,4322.95,2866.6,3253.6,21,1,3253.5,16,1,3253.4,112,7,3253.3,30,3,3253.2,256,11,3254.9,74,5,3255.0,302,11,3255.2,13,1,3255.3,33,2,3255.4,1,1
11536,2025-12-30 12:31:50+05:30,3255.0,271,3248.98,879327,115285.0,116924.0,3250.0,3257.0,3239.8,3251.5,43375500,3576.6,2926.4,4322.95,2866.6,3253.6,24,2,3253.5,16,1,3253.4,106,6,3253.3,30,3,3253.2,173,11,3254.8,38,2,3254.9,60,6,3255.0,302,11,3255.2,3,1,3255.3,53,4
11536,2025-12-30 12:31:51+05:30,3253.6,10,3248.98,879424,115241.0,117106.0,3250.0,3257.0,3239.8,3251.5,43375500,3576.6,2926.4,4322.95,2866.6,3253.4,45,3,3253.3,85,6,3253.2,160,10,3253.1,198,3,3253.0,328,7,3253.6,3,1,3254.8,34,3,3254.9,24,2,3255.0,332,12,3255.2,19,2
11536,2025-12-30 12:31:51+05:30,3253.6,10,3248.98,879424,115241.0,117106.0,3250.0,3257.0,3239.8,3251.5,43375500,3576.6,2926.4,4322.95,2866.6,3253.4,45,3,3253.3,85,6,3253.2,160,10,3253.1,198,3,3253.0,328,7,3253.6,3,1,3254.8,34,3,3254.9,24,2,3255.0,332,12,3255.2,19,2
11536,2025-12-30 12:31:52+05:30,3253.3,1,3248.98,879491,114959.0,117831.0,3250.0,3257.0,3239.8,3251.5,43375500,3576.6,2926.4,4322.95,2866.6,3253.3,256,7,3253.2,269,8,3253.1,53,4,3253.0,167,6,3252.9,290,7,3253.6,33,5,3254.8,65,4,3254.9,17,1,3255.0,332,12,3255.2,66,4
11536,2025-12-30 12:31:52+05:30,3253.3,1,3248.98,879491,114959.0,117831.0,3250.0,3257.0,3239.8,3251.5,43375500,3576.6,2926.4,4322.95,2866.6,3253.3,256,7,3253.2,269,8,3253.1,53,4,3253.0,167,6,3252.9,290,7,3253.6,33,5,3254.8,65,4,3254.9,17,1,3255.0,332,12,3255.2,66,4
11536,2025-12-30 12:31:53+05:30,3254.0,3,3248.98,879631,116121.0,116951.0,3250.0,3257.0,3239.8,3251.5,43375500,3576.6,2926.4,4322.95,2866.6,3254.0,27,1,3253.6,285,5,3253.4,229,5,3253.3,193,7,3253.2,737,13,3254.8,63,4,3254.9,17,1,3255.0,304,12,3255.2,19,2,3255.3,46,3
11536,2025-12-30 12:31:53+05:30,3254.0,3,3248.98,879631,116121.0,116951.0,3250.0,3257.0,3239.8,3251.5,43375500,3576.6,2926.4,4322.95,2866.6,3254.0,27,1,3253.6,285,5,3253.4,229,5,3253.3,193,7,3253.2,737,13,3254.8,63,4,3254.9,17,1,3255.0,304,12,3255.2,19,2,3255.3,46,3
11536,2025-12-30 12:31:54+05:30,3254.0,1,3248.98,879631,116121.0,116951.0,3250.0,3257.0,3239.8,3251.5,43375500,3576.6,2926.4,4322.95,2866.6,3254.0,27,1,3253.6,285,5,3253.4,229,5,3253.3,193,7,3253.2,737,13,3254.8,63,4,3254.9,17,1,3255.0,304,12,3255.2,19,2,3255.3,46,3
11536,2025-12-30 12:31:54+05:30,3254.0,1,3248.98,879633,116211.0,116456.0,3250.0,3257.0,3239.8,3251.5,43375500,3576.6,2926.4,4322.95,2866.6,3254.0,25,1,3253.8,22,1,3253.7,13,1,3253.6,110,4,3253.5,33,2,3254.8,39,4,3255.0,304,12,3255.2,16,1,3255.3,3,1,3255.4,31,2
11536,2025-12-30 12:31:55+05:30,3254.0,32,3248.98,879633,116211.0,116456.0,3250.0,3257.0,3239.8,3251.5,43375500,3576.6,2926.4,4322.95,2866.6,3254.0,25,1,3253.8,22,1,3253.7,13,1,3253.6,110,4,3253.5,33,2,3254.8,39,4,3255.0,304,12,3255.2,16,1,3255.3,3,1,3255.4,31,2
11536,2025-12-30 12:31:55+05:30,3254.0,32,3248.98,879671,116149.0,116827.0,3250.0,3257.0,3239.8,3251.5,43375500,3576.6,2926.4,4322.95,2866.6,3254.0,65,1,3253.8,52,2,3253.7,13,1,3253.6,110,4,3253.5,48,3,3254.8,33,4,3255.0,304,12,3255.2,29,1,3255.3,3,1,3255.4,31,2
11536,2025-12-30 12:31:56+05:30,3254.8,3,3248.98,879671,116149.0,116827.0,3250.0,3257.0,3239.8,3251.5,43375500,3576.6,2926.4,4322.95,2866.6,3254.0,65,1,3253.8,52,2,3253.7,13,1,3253.6,110,4,3253.5,48,3,3254.8,33,4,3255.0,304,12,3255.2,29,1,3255.3,3,1,3255.4,31,2
11536,2025-12-30 12:31:56+05:30,3254.0,16,3248.98,879690,116201.0,116508.0,3250.0,3257.0,3239.8,3251.5,43375500,3576.6,2926.4,4322.95,2866.6,3254.0,49,1,3253.8,52,2,3253.7,55,3,3253.6,113,5,3253.5,69,4,3254.8,31,6,3255.0,304,12,3255.2,29,1,3255.3,3,1,3255.4,31,2
11536,2025-12-30 12:31:57+05:30,3254.1,1,3248.98,879690,116201.0,116508.0,3250.0,3257.0,3239.8,3251.5,43375500,3576.6,2926.4,4322.95,2866.6,3254.0,49,1,3253.8,52,2,3253.7,55,3,3253.6,113,5,3253.5,69,4,3254.8,31,6,3255.0,304,12,3255.2,29,1,3255.3,3,1,3255.4,31,2
11536,2025-12-30 12:31:57+05:30,3254.1,1,3248.98,879923,116527.0,115896.0,3250.0,3257.0,3239.8,3251.5,43375500,3576.6,2926.4,4322.95,2866.6,3254.1,5,2,3254.0,65,1,3253.9,51,2,3253.8,160,9,3253.7,25,2,3255.0,222,14,3255.4,1,1,3255.5,3,1,3255.6,30,1,3255.7,2,1
11536,2025-12-30 12:31:58+05:30,3254.1,2,3248.98,879923,116527.0,115896.0,3250.0,3257.0,3239.8,3251.5,43375500,3576.6,2926.4,4322.95,2866.6,3254.1,5,2,3254.0,65,1,3253.9,51,2,3253.8,160,9,3253.7,25,2,3255.0,222,14,3255.4,1,1,3255.5,3,1,3255.6,30,1,3255.7,2,1
11536,2025-12-30 12:31:58+05:30,3254.1,2,3248.98,879927,116691.0,116314.0,3250.0,3257.0,3239.8,3251.5,43375500,3576.6,2926.4,4322.95,2866.6,3254.1,4,3,3254.0,98,3,3253.9,74,4,3253.8,140,7,3253.7,50,3,3255.0,224,16,3255.3,45,2,3255.4,31,3,3255.5,3,1,3255.6,30,1
11536,2025-12-30 12:31:59+05:30,3254.1,2,3248.98,879927,116691.0,116314.0,3250.0,3257.0,3239.8,3251.5,43375500,3576.6,2926.4,4322.95,2866.6,3254.1,4,3,3254.0,98,3,3253.9,74,4,3253.8,140,7,3253.7,50,3,3255.0,224,16,3255.3,45,2,3255.4,31,3,3255.5,3,1,3255.6,30,1
11536,2025-12-30 12:31:59+05:30,3254.1,2,3248.98,879949,116234.0,116499.0,3250.0,3257.0,3239.8,3251.5,43375500,3576.6,2926.4,4322.95,2866.6,3254.0,68,2,3253.9,39,3,3253.8,39,4,3253.7,24,1,3253.6,118,5,3254.1,7,1,3255.0,217,15,3255.3,45,2,3255.4,23,2,3255.5,3,1
11536,2025-12-30 12:32:00+05:30,3254.0,1,3248.98,879949,116234.0,116499.0,3250.0,3257.0,3239.8,3251.5,43375500,3576.6,2926.4,4322.95,2866.6,3254.0,68,2,3253.9,39,3,3253.8,39,4,3253.7,24,1,3253.6,118,5,3254.1,7,1,3255.0,217,15,3255.3,45,2,3255.4,23,2,3255.5,3,1
11536,2025-12-30 12:32:00+05:30,3254.0,35,3248.98,879995,116501.0,116634.0,3250.0,3257.0,3239.8,3251.5,43375500,3576.6,2926.4,4322.95,2866.6,3254.0,35,3,3253.9,55,4,3253.8,109,7,3253.7,24,1,3253.6,113,5,3254.1,12,6,3255.0,212,13,3255.3,29,1,3255.4,1,1,3255.5,3,1
11536,2025-12-30 12:32:01+05:30,3254.1,1,3248.98,879995,116501.0,116634.0,3250.0,3257.0,3239.8,3251.5,43375500,3576.6,2926.4,4322.95,2866.6,3254.0,35,3,3253.9,55,4,3253.8,109,7,3253.7,24,1,3253.6,113,5,3254.1,12,6,3255.0,212,13,3255.3,29,1,3255.4,1,1,3255.5,3,1
11536,2025-12-30 12:32:01+05:30,3254.1,1,3248.98,880045,116576.0,116683.0,3250.0,3257.0,3239.8,3251.5,43375500,3576.6,2926.4,4322.95,2866.6,3254.0,74,3,3253.9,55,4,3253.8,109,7,3253.7,24,1,3253.6,113,5,3254.1,10,8,3255.0,211,12,3255.3,29,1,3255.4,1,1,3255.5,3,1
11536,2025-12-30 12:32:02+05:30,3254.0,2,3248.98,880045,116576.0,116683.0,3250.0,3257.0,3239.8,3251.5,43375500,3576.6,2926.4,4322.95,2866.6,3254.0,74,3,3253.9,55,4,3253.8,109,7,3253.7,24,1,3253.6,113,5,3254.1,10,8,3255.0,211,12,3255.3,29,1,3255.4,1,1,3255.5,3,1
11536,2025-12-30 12:32:02+05:30,3254.0,11,3248.98,880061,116647.0,116709.0,3250.0,3257.0,3239.8,3251.5,43375500,3576.6,2926.4,4322.95,2866.6,3254.0,108,5,3253.9,55,4,3253.8,113,8,3253.7,26,2,3253.6,143,6,3254.1,11,10,3255.0,211,12,3255.3,29,1,3255.4,1,1,3255.5,28,2
11536,2025-12-30 12:32:03+05:30,3254.0,1,3248.98,880061,116647.0,116709.0,3250.0,3257.0,3239.8,3251.5,43375500,3576.6,2926.4,4322.95,2866.6,3254.0,108,5,3253.9,55,4,3253.8,113,8,3253.7,26,2,3253.6,143,6,3254.1,11,10,3255.0,211,12,3255.3,29,1,3255.4,1,1,3255.5,28,2
11536,2025-12-30 12:32:03+05:30,3254.0,2,3248.99,880085,116547.0,116715.0,3250.0,3257.0,3239.8,3251.5,43375500,3576.6,2926.4,4322.95,2866.6,3254.0,184,6,3253.9,10,2,3253.8,89,7,3253.7,26,2,3253.6,113,5,3254.1,9,9,3255.0,211,12,3255.3,29,1,3255.4,1,1,3255.5,28,2
11536,2025-12-30 12:32:04+05:30,3254.0,2,3248.99,880085,116547.0,116715.0,3250.0,3257.0,3239.8,3251.5,43375500,3576.6,2926.4,4322.95,2866.6,3254.0,184,6,3253.9,10,2,3253.8,89,7,3253.7,26,2,3253.6,113,5,3254.1,9,9,3255.0,211,12,3255.3,29,1,3255.4,1,1,3255.5,28,2
11536,2025-12-30 12:32:04+05:30,3254.0,3,3248.99,880097,116911.0,116723.0,3250.0,3257.0,3239.8,3251.5,43375500,3576.6,2926.4,4322.95,2866.6,3254.0,172,6,3253.9,201,4,3253.8,264,8,3253.7,50,3,3253.6,233,7,3254.1,8,8,3255.0,211,12,3255.3,29,1,3255.4,1,1,3255.5,28,2
11536,2025-12-30 12:32:05+05:30,3254.1,1,3248.99,880097,116911.0,116723.0,3250.0,3257.0,3239.8,3251.5,43375500,3576.6,2926.4,4322.95,2866.6,3254.0,172,6,3253.9,201,4,3253.8,264,8,3253.7,50,3,3253.6,233,7,3254.1,8,8,3255.0,211,12,3255.3,29,1,3255.4,1,1,3255.5,28,2
11536,2025-12-30 12:32:05+05:30,3254.0,2,3248.99,880109,116847.0,116692.0,3250.0,3257.0,3239.8,3251.5,43375500,3576.6,2926.4,4322.95,2866.6,3254.0,187,7,3253.9,201,4,3253.8,221,6,3253.7,80,4,3253.6,96,4,3254.1,8,8,3255.0,211,12,3255.2,3,1,3255.3,29,1,3255.4,31,2
11536,2025-12-30 12:32:06+05:30,3254.1,1,3248.99,880109,116847.0,116692.0,3250.0,3257.0,3239.8,3251.5,43375500,3576.6,2926.4,4322.95,2866.6,3254.0,187,7,3253.9,201,4,3253.8,221,6,3253.7,80,4,3253.6,96,4,3254.1,8,8,3255.0,211,12,3255.2,3,1,3255.3,29,1,3255.4,31,2
11536,2025-12-30 12:32:06+05:30,3255.9,15,3248.99,880795,116586.0,115273.0,3250.0,3257.0,3239.8,3251.5,43375500,3576.6,2926.4,4322.95,2866.6,3254.2,51,2,3254.1,61,1,3254.0,399,14,3253.9,162,5,3253.8,635,8,3255.3,10,1,3255.4,2,1,3255.5,32,6,3255.6,32,4,3255.7,5,1
11536,2025-12-30 12:32:07+05:30,3254.2,30,3248.99,880795,116586.0,115273.0,3250.0,3257.0,3239.8,3251.5,43375500,3576.6,2926.4,4322.95,2866.6,3254.2,51,2,3254.1,61,1,3254.0,399,14,3253.9,162,5,3253.8,635,8,3255.3,10,1,3255.4,2,1,3255.5,32,6,3255.6,32,4,3255.7,5,1
11536,2025-12-30 12:32:07+05:30,3254.2,1,3248.99,880884,116895.0,116578.0,3250.0,3257.0,3239.8,3251.5,43375500,3576.6,2926.4,4322.95,2866.6,3254.1,19,1,3254.0,283,9,3253.9,277,4,3253.8,418,7,3253.7,2,1,3254.2,2,2,3255.3,49,6,3255.6,27,2,3255.7,30,1,3255.8,43,3
11536,2025-12-30 12:32:08+05:30,3254.2,1,3248.99,880884,116895.0,116578.0,3250.0,3257.0,3239.8,3251.5,43375500,3576.6,2926.4,4322.95,2866.6,3254.1,19,1,3254.0,283,9,3253.9,277,4,3253.8,418,7,3253.7,2,1,3254.2,2,2,3255.3,49,6,3255.6,27,2,3255.7,30,1,3255.8,43,3
11536,2025-12-30 12:32:08+05:30,3254.3,42,3248.99,880973,117336.0,115246.0,3250.0,3257.0,3239.8,3251.5,43375500,3576.6,2926.4,4322.95,2866.6,3254.2,20,2,3254.1,87,5,3254.0,434,13,3253.9,346,9,3253.8,484,10,3254.3,22,2,3255.3,14,4,3255.5,8,1,3255.8,52,3,3255.9,25,2
11536,2025-12-30 12:32:09+05:30,3254.3,42,3248.99,880973,117336.0,115246.0,3250.0,3257.0,3239.8,3251.5,43375500,3576.6,2926.4,4322.95,2866.6,3254.2,20,2,3254.1,87,5,3254.0,434,13,3253.9,346,9,3253.8,484,10,3254.3,22,2,3255.3,14,4,3255.5,8,1,3255.8,52,3,3255.9,25,2
11536,2025-12-30 12:32:09+05:30,3254.3,42,3248.99,880973,117336.0,115246.0,3250.0,3257.0,3239.8,3251.5,43375500,3576.6,2926.4,4322.95,2866.6,3254.2,20,2,3254.1,87,5,3254.0,434,13,3253.9,346,9,3253.8,484,10,3254.3,22,2,3255.3,14,4,3255.5,8,1,3255.8,52,3,3255.9,25,2
11536,2025-12-30 12:32:09+05:30,3254.1,5,3248.99,881079,116730.0,116279.0,3250.0,3257.0,3239.8,3251.5,43375500,3576.6,2926.4,4322.95,2866.6,3254.1,70,1,3254.0,336,11,3253.9,272,5,3253.8,390,9,3253.7,51,3,3254.3,32,7,3255.3,2,2,3255.5,8,1,3255.8,72,4,3255.9,62,4
11536,2025-12-30 12:32:10+05:30,3254.3,1,3248.99,881079,116730.0,116279.0,3250.0,3257.0,3239.8,3251.5,43375500,3576.6,2926.4,4322.95,2866.6,3254.1,70,1,3254.0,336,11,3253.9,272,5,3253.8,390,9,3253.7,51,3,3254.3,32,7,3255.3,2,2,3255.5,8,1,3255.8,72,4,3255.9,62,4
11536,2025-12-30 12:32:10+05:30,3254.3,1,3248.99,881079,116730.0,116279.0,3250.0,3257.0,3239.8,3251.5,43375500,3576.6,2926.4,4322.95,2866.6,3254.1,70,1,3254.0,336,11,3253.9,272,5,3253.8,390,9,3253.7,51,3,3254.3,32,7,3255.3,2,2,3255.5,8,1,3255.8,72,4,3255.9,62,4
11536,2025-12-30 12:32:11+05:30,3254.3,1,3248.99,881316,115608.0,115596.0,3250.0,3257.0,3239.8,3251.5,43375500,3576.6,2926.4,4322.95,2866.6,3254.2,58,4,3254.1,92,3,3254.0,460,16,3253.9,127,6,3253.8,496,9,3255.3,13,3,3255.6,28,1,3255.7,9,1,3255.8,61,4,3255.9,38,2
11536,2025-12-30 12:32:11+05:30,3254.2,4,3248.99,881316,115608.0,115596.0,3250.0,3257.0,3239.8,3251.5,43375500,3576.6,2926.4,4322.95,2866.6,3254.2,58,4,3254.1,92,3,3254.0,460,16,3253.9,127,6,3253.8,496,9,3255.3,13,3,3255.6,28,1,3255.7,9,1,3255.8,61,4,3255.9,38,2
11536,2025-12-30 12:32:11+05:30,3254.2,4,3248.99,881316,115608.0,115596.0,3250.0,3257.0,3239.8,3251.5,43375500,3576.6,2926.4,4322.95,2866.6,3254.2,58,4,3254.1,92,3,3254.0,460,16,3253.9,127,6,3253.8,496,9,3255.3,13,3,3255.6,28,1,3255.7,9,1,3255.8,61,4,3255.9,38,2
11536,2025-12-30 12:32:11+05:30,3255.0,87,3248.99,881413,116827.0,116038.0,3250.0,3257.0,3239.8,3251.5,43375500,3576.6,2926.4,4322.95,2866.6,3254.2,18,3,3254.1,79,2,3254.0,493,14,3253.9,97,4,3253.8,98,6,3255.0,413,3,3255.3,13,3,3255.5,17,1,3255.7,22,1,3255.8,52,3
11536,2025-12-30 12:32:12+05:30,3255.0,87,3248.99,881413,116827.0,116038.0,3250.0,3257.0,3239.8,3251.5,43375500,3576.6,2926.4,4322.95,2866.6,3254.2,18,3,3254.1,79,2,3254.0,493,14,3253.9,97,4,3253.8,98,6,3255.0,413,3,3255.3,13,3,3255.5,17,1,3255.7,22,1,3255.8,52,3
11536,2025-12-30 12:32:12+05:30,3255.0,87,3248.99,881413,116827.0,116038.0,3250.0,3257.0,3239.8,3251.5,43375500,3576.6,2926.4,4322.95,2866.6,3254.2,18,3,3254.1,79,2,3254.0,493,14,3253.9,97,4,3253.8,98,6,3255.0,413,3,3255.3,13,3,3255.5,17,1,3255.7,22,1,3255.8,52,3
11536,2025-12-30 12:32:13+05:30,3254.2,3,3248.99,881511,118854.0,116771.0,3250.0,3257.0,3239.8,3251.5,43375500,3576.6,2926.4,4322.95,2866.6,3254.1,92,4,3254.0,456,12,3253.9,261,5,3253.8,118,7,3253.7,82,4,3254.2,4,2,3255.0,418,5,3255.3,5,2,3255.4,28,1,3255.8,22,2
11536,2025-12-30 12:32:13+05:30,3254.2,3,3248.99,881511,118854.0,116771.0,3250.0,3257.0,3239.8,3251.5,43375500,3576.6,2926.4,4322.95,2866.6,3254.1,92,4,3254.0,456,12,3253.9,261,5,3253.8,118,7,3253.7,82,4,3254.2,4,2,3255.0,418,5,3255.3,5,2,3255.4,28,1,3255.8,22,2
11536,2025-12-30 12:32:13+05:30,3254.2,3,3248.99,881511,118854.0,116771.0,3250.0,3257.0,3239.8,3251.5,43375500,3576.6,2926.4,4322.95,2866.6,3254.1,92,4,3254.0,456,12,3253.9,261,5,3253.8,118,7,3253.7,82,4,3254.2,4,2,3255.0,418,5,3255.3,5,2,3255.4,28,1,3255.8,22,2
11536,2025-12-30 12:32:14+05:30,3254.2,1,3249.0,881609,118523.0,117037.0,3250.0,3257.0,3239.8,3251.5,43375500,3576.6,2926.4,4322.95,2866.6,3254.1,36,1,3254.0,409,10,3253.9,261,5,3253.8,89,5,3253.7,95,4,3254.2,3,2,3255.0,414,3,3255.3,3,1,3255.4,28,1,3255.5,33,2
11536,2025-12-30 12:32:14+05:30,3254.2,1,3249.0,881609,118523.0,117037.0,3250.0,3257.0,3239.8,3251.5,43375500,3576.6,2926.4,4322.95,2866.6,3254.1,36,1,3254.0,409,10,3253.9,261,5,3253.8,89,5,3253.7,95,4,3254.2,3,2,3255.0,414,3,3255.3,3,1,3255.4,28,1,3255.5,33,2
11536,2025-12-30 12:32:14+05:30,3254.2,1,3249.0,881609,118523.0,117037.0,3250.0,3257.0,3239.8,3251.5,43375500,3576.6,2926.4,4322.95,2866.6,3254.1,36,1,3254.0,409,10,3253.9,261,5,3253.8,89,5,3253.7,95,4,3254.2,3,2,3255.0,414,3,3255.3,3,1,3255.4,28,1,3255.5,33,2
11536,2025-12-30 12:32:15+05:30,3254.1,14,3249.0,881913,118391.0,116957.0,3250.0,3257.0,3239.8,3251.5,43375500,3576.6,2926.4,4322.95,2866.6,3254.2,22,2,3254.1,23,2,3254.0,395,11,3253.9,86,4,3253.8,119,6,3255.0,176,1,3255.4,28,1,3255.5,3,1,3255.6,17,1,3255.7,30,1
11536,2025-12-30 12:32:15+05:30,3254.1,14,3249.0,881913,118391.0,116957.0,3250.0,3257.0,3239.8,3251.5,43375500,3576.6,2926.4,4322.95,2866.6,3254.2,22,2,3254.1,23,2,3254.0,395,11,3253.9,86,4,3253.8,119,6,3255.0,176,1,3255.4,28,1,3255.5,3,1,3255.6,17,1,3255.7,30,1
11536,2025-12-30 12:32:15+05:30,3254.1,14,3249.0,881913,118391.0,116957.0,3250.0,3257.0,3239.8,3251.5,43375500,3576.6,2926.4,4322.95,2866.6,3254.2,22,2,3254.1,23,2,3254.0,395,11,3253.9,86,4,3253.8,119,6,3255.0,176,1,3255.4,28,1,3255.5,3,1,3255.6,17,1,3255.7,30,1
11536,2025-12-30 12:32:16+05:30,3254.9,1,3249.0,881914,116629.0,116954.0,3250.0,3257.0,3239.8,3251.5,43375500,3576.6,2926.4,4322.95,2866.6,3254.2,22,2,3254.1,23,2,3254.0,425,12,3253.9,86,4,3253.8,137,7,3255.0,191,3,3255.4,28,1,3255.5,3,1,3255.6,17,1,3255.7,42,2
11536,2025-12-30 12:32:16+05:30,3255.0,1,3249.0,881914,116629.0,116954.0,3250.0,3257.0,3239.8,3251.5,43375500,3576.6,2926.4,4322.95,2866.6,3254.2,22,2,3254.1,23,2,3254.0,425,12,3253.9,86,4,3253.8,137,7,3255.0,191,3,3255.4,28,1,3255.5,3,1,3255.6,17,1,3255.7,42,2
11536,2025-12-30 12:32:16+05:30,3255.0,1,3249.0,881914,116629.0,116954.0,3250.0,3257.0,3239.8,3251.5,43375500,3576.6,2926.4,4322.95,2866.6,3254.2,22,2,3254.1,23,2,3254.0,425,12,3253.9,86,4,3253.8,137,7,3255.0,191,3,3255.4,28,1,3255.5,3,1,3255.6,17,1,3255.7,42,2
11536,2025-12-30 12:32:17+05:30,3254.2,1,3249.0,881939,118169.0,117397.0,3250.0,3257.0,3239.8,3251.5,43375500,3576.6,2926.4,4322.95,2866.6,3254.1,23,2,3254.0,365,10,3253.9,245,4,3253.8,65,4,3253.7,70,3,3254.2,7,1,3255.0,217,6,3255.1,17,1,3255.3,12,2,3255.4,58,2
11536,2025-12-30 12:32:17+05:30,3254.1,6,3249.0,881939,118169.0,117397.0,3250.0,3257.0,3239.8,3251.5,43375500,3576.6,2926.4,4322.95,2866.6,3254.1,23,2,3254.0,365,10,3253.9,245,4,3253.8,65,4,3253.7,70,3,3254.2,7,1,3255.0,217,6,3255.1,17,1,3255.3,12,2,3255.4,58,2
11536,2025-12-30 12:32:17+05:30,3254.1,6,3249.0,881939,118169.0,117397.0,3250.0,3257.0,3239.8,3251.5,43375500,3576.6,2926.4,4322.95,2866.6,3254.1,23,2,3254.0,365,10,3253.9,245,4,3253.8,65,4,3253.7,70,3,3254.2,7,1,3255.0,217,6,3255.1,17,1,3255.3,12,2,3255.4,58,2
11536,2025-12-30 12:32:18+05:30,3254.0,1,3249.0,882009,118184.0,117538.0,3250.0,3257.0,3239.8,3251.5,43375500,3576.6,2926.4,4322.95,2866.6,3254.0,369,11,3253.9,278,5,3253.8,80,5,3253.7,72,3,3253.6,181,7,3254.1,6,6,3254.2,9,3,3255.0,194,4,3255.3,2,1,3255.4,58,2
11536,2025-12-30 12:32:18+05:30,3254.0,1,3249.0,882009,118184.0,117538.0,3250.0,3257.0,3239.8,3251.5,43375500,3576.6,2926.4,4322.95,2866.6,3254.0,369,11,3253.9,278,5,3253.8,80,5,3253.7,72,3,3253.6,181,7,3254.1,6,6,3254.2,9,3,3255.0,194,4,3255.3,2,1,3255.4,58,2
11536,2025-12-30 12:32:18+05:30,3254.0,34,3249.0,882009,118184.0,117538.0,3250.0,3257.0,3239.8,3251.5,43375500,3576.6,2926.4,4322.95,2866.6,3254.0,369,11,3253.9,278,5,3253.8,80,5,3253.7,72,3,3253.6,181,7,3254.1,6,6,3254.2,9,3,3255.0,194,4,3255.3,2,1,3255.4,58,2
11536,2025-12-30 12:32:19+05:30,3255.0,3,3249.0,882009,118184.0,117538.0,3250.0,3257.0,3239.8,3251.5,43375500,3576.6,2926.4,4322.95,2866.6,3254.0,369,11,3253.9,278,5,3253.8,80,5,3253.7,72,3,3253.6,181,7,3254.1,6,6,3254.2,9,3,3255.0,194,4,3255.3,2,1,3255.4,58,2
11536,2025-12-30 12:32:19+05:30,3255.0,3,3249.0,882259,118805.0,117361.0,3250.0,3257.0,3239.8,3251.5,43375500,3576.6,2926.4,4322.95,2866.6,3254.3,75,1,3254.2,20,1,3254.1,13,1,3254.0,257,9,3253.9,103,4,3255.0,185,2,3255.1,28,1,3255.3,2,1,3255.5,3,1,3255.6,12,1
11536,2025-12-30 12:32:19+05:30,3255.0,3,3249.0,882259,118805.0,117361.0,3250.0,3257.0,3239.8,3251.5,43375500,3576.6,2926.4,4322.95,2866.6,3254.3,75,1,3254.2,20,1,3254.1,13,1,3254.0,257,9,3253.9,103,4,3255.0,185,2,3255.1,28,1,3255.3,2,1,3255.5,3,1,3255.6,12,1
11536,2025-12-30 12:32:20+05:30,3254.6,1,3249.0,882259,118805.0,117361.0,3250.0,3257.0,3239.8,3251.5,43375500,3576.6,2926.4,4322.95,2866.6,3254.3,75,1,3254.2,20,1,3254.1,13,1,3254.0,257,9,3253.9,103,4,3255.0,185,2,3255.1,28,1,3255.3,2,1,3255.5,3,1,3255.6,12,1
11536,2025-12-30 12:32:20+05:30,3254.6,1,3249.0,882335,116269.0,118736.0,3250.0,3257.0,3239.8,3251.5,43375500,3576.6,2926.4,4322.95,2866.6,3254.1,25,2,3254.0,52,7,3253.9,86,3,3253.8,35,3,3253.7,20,2,3254.8,32,2,3254.9,42,2,3255.0,216,7,3255.1,37,3,3255.2,38,2
11536,2025-12-30 12:32:21+05:30,3254.6,1,3249.0,882335,116269.0,118736.0,3250.0,3257.0,3239.8,3251.5,43375500,3576.6,2926.4,4322.95,2866.6,3254.1,25,2,3254.0,52,7,3253.9,86,3,3253.8,35,3,3253.7,20,2,3254.8,32,2,3254.9,42,2,3255.0,216,7,3255.1,37,3,3255.2,38,2
11536,2025-12-30 12:32:21+05:30,3254.6,1,3249.0,882335,116569.0,119003.0,3250.0,3257.0,3239.8,3251.5,43375500,3576.6,2926.4,4322.95,2866.6,3254.1,25,2,3254.0,52,7,3253.9,86,3,3253.8,35,3,3253.7,20,2,3254.8,48,4,3254.9,25,1,3255.0,181,5,3255.1,27,2,3255.2,55,2
11536,2025-12-30 12:32:22+05:30,3254.0,8,3249.0,882335,116569.0,119003.0,3250.0,3257.0,3239.8,3251.5,43375500,3576.6,2926.4,4322.95,2866.6,3254.1,25,2,3254.0,52,7,3253.9,86,3,3253.8,35,3,3253.7,20,2,3254.8,48,4,3254.9,25,1,3255.0,181,5,3255.1,27,2,3255.2,55,2
11536,2025-12-30 12:32:22+05:30,3254.0,8,3249.0,882396,116338.0,118854.0,3250.0,3257.0,3239.8,3251.5,43375500,3576.6,2926.4,4322.95,2866.6,3254.0,10,4,3253.9,86,3,3253.8,35,3,3253.7,20,2,3253.6,41,3,3254.1,7,4,3254.8,45,3,3254.9,25,1,3255.0,175,3,3255.1,27,2
11536,2025-12-30 12:32:22+05:30,3254.0,8,3249.0,882396,116338.0,118854.0,3250.0,3257.0,3239.8,3251.5,43375500,3576.6,2926.4,4322.95,2866.6,3254.0,10,4,3253.9,86,3,3253.8,35,3,3253.7,20,2,3253.6,41,3,3254.1,7,4,3254.8,45,3,3254.9,25,1,3255.0,175,3,3255.1,27,2
11536,2025-12-30 12:32:23+05:30,3254.1,1,3249.0,882453,112370.0,119187.0,3250.0,3257.0,3239.8,3251.5,43375500,3576.6,2926.4,4322.95,2866.6,3254.0,8,3,3253.9,86,3,3253.8,24,3,3253.7,20,2,3253.6,41,3,3254.1,5,5,3254.7,9,1,3254.8,25,3,3254.9,29,1,3255.0,208,3
11536,2025-12-30 12:32:23+05:30,3254.1,1,3249.0,882453,112370.0,119187.0,3250.0,3257.0,3239.8,3251.5,43375500,3576.6,2926.4,4322.95,2866.6,3254.0,8,3,3253.9,86,3,3253.8,24,3,3253.7,20,2,3253.6,41,3,3254.1,5,5,3254.7,9,1,3254.8,25,3,3254.9,29,1,3255.0,208,3
11536,2025-12-30 12:32:24+05:30,3254.1,1,3249.0,882467,112408.0,120032.0,3250.0,3257.0,3239.8,3251.5,43375500,3576.6,2926.4,4322.95,2866.6,3254.0,20,4,3253.9,86,3,3253.8,14,2,3253.7,20,2,3253.6,41,3,3254.1,21,8,3254.7,43,3,3254.8,19,2,3255.0,211,3,3255.1,52,4
11536,2025-12-30 12:32:24+05:30,3254.1,1,3249.0,882467,112408.0,120032.0,3250.0,3257.0,3239.8,3251.5,43375500,3576.6,2926.4,4322.95,2866.6,3254.0,20,4,3253.9,86,3,3253.8,14,2,3253.7,20,2,3253.6,41,3,3254.1,21,8,3254.7,43,3,3254.8,19,2,3255.0,211,3,3255.1,52,4
11536,2025-12-30 12:32:24+05:30,3254.1,1,3249.0,882467,112408.0,120032.0,3250.0,3257.0,3239.8,3251.5,43375500,3576.6,2926.4,4322.95,2866.6,3254.0,20,4,3253.9,86,3,3253.8,14,2,3253.7,20,2,3253.6,41,3,3254.1,21,8,3254.7,43,3,3254.8,19,2,3255.0,211,3,3255.1,52,4
11536,2025-12-30 12:32:25+05:30,3254.0,3,3249.0,882489,112323.0,118973.0,3250.0,3257.0,3239.8,3251.5,43375500,3576.6,2926.4,4322.95,2866.6,3253.9,86,3,3253.8,23,3,3253.7,20,2,3253.6,41,3,3253.4,20,1,3254.1,21,9,3254.4,5,1,3254.5,17,1,3254.6,50,2,3254.7,19,2
11536,2025-12-30 12:32:25+05:30,3254.0,3,3249.0,882489,112323.0,118973.0,3250.0,3257.0,3239.8,3251.5,43375500,3576.6,2926.4,4322.95,2866.6,3253.9,86,3,3253.8,23,3,3253.7,20,2,3253.6,41,3,3253.4,20,1,3254.1,21,9,3254.4,5,1,3254.5,17,1,3254.6,50,2,3254.7,19,2
11536,2025-12-30 12:32:25+05:30,3254.0,3,3249.0,882489,112323.0,118973.0,3250.0,3257.0,3239.8,3251.5,43375500,3576.6,2926.4,4322.95,2866.6,3253.9,86,3,3253.8,23,3,3253.7,20,2,3253.6,41,3,3253.4,20,1,3254.1,21,9,3254.4,5,1,3254.5,17,1,3254.6,50,2,3254.7,19,2
11536,2025-12-30 12:32:26+05:30,3254.6,1,3249.0,882571,112854.0,119293.0,3250.0,3257.0,3239.8,3251.5,43375500,3576.6,2926.4,4322.95,2866.6,3253.9,85,3,3253.8,24,3,3253.7,20,2,3253.6,143,4,3253.4,20,1,3254.1,2,2,3254.7,24,1,3254.8,67,4,3254.9,34,2,3255.0,226,3
11536,2025-12-30 12:32:26+05:30,3254.6,1,3249.0,882571,112854.0,119293.0,3250.0,3257.0,3239.8,3251.5,43375500,3576.6,2926.4,4322.95,2866.6,3253.9,85,3,3253.8,24,3,3253.7,20,2,3253.6,143,4,3253.4,20,1,3254.1,2,2,3254.7,24,1,3254.8,67,4,3254.9,34,2,3255.0,226,3
11536,2025-12-30 12:32:27+05:30,3253.9,4,3249.0,882652,112771.0,119299.0,3250.0,3257.0,3239.8,3251.5,43375500,3576.6,2926.4,4322.95,2866.6,3253.9,11,2,3253.8,24,3,3253.7,20,2,3253.6,41,3,3253.4,20,1,3254.0,6,3,3254.1,7,4,3254.6,29,1,3254.7,24,1,3254.8,38,3
11536,2025-12-30 12:32:27+05:30,3253.9,4,3249.0,882652,112771.0,119299.0,3250.0,3257.0,3239.8,3251.5,43375500,3576.6,2926.4,4322.95,2866.6,3253.9,11,2,3253.8,24,3,3253.7,20,2,3253.6,41,3,3253.4,20,1,3254.0,6,3,3254.1,7,4,3254.6,29,1,3254.7,24,1,3254.8,38,3
11536,2025-12-30 12:32:27+05:30,3253.9,4,3249.0,882652,112771.0,119299.0,3250.0,3257.0,3239.8,3251.5,43417150,3576.6,2926.4,4322.95,2866.6,3253.9,11,2,3253.8,24,3,3253.7,20,2,3253.6,41,3,3253.4,20,1,3254.0,6,3,3254.1,7,4,3254.6,29,1,3254.7,24,1,3254.8,38,3
11536,2025-12-30 12:32:28+05:30,3253.9,2,3249.0,882658,112847.0,120300.0,3250.0,3257.0,3239.8,3251.5,43417150,3576.6,2926.4,4322.95,2866.6,3253.9,26,3,3253.8,24,3,3253.7,20,2,3253.6,41,3,3253.4,20,1,3254.0,7,4,3254.1,7,4,3254.3,17,1,3254.4,21,1,3254.5,29,1
11536,2025-12-30 12:32:28+05:30,3253.9,18,3249.0,882658,112847.0,120300.0,3250.0,3257.0,3239.8,3251.5,43417150,3576.6,2926.4,4322.95,2866.6,3253.9,26,3,3253.8,24,3,3253.7,20,2,3253.6,41,3,3253.4,20,1,3254.0,7,4,3254.1,7,4,3254.3,17,1,3254.4,21,1,3254.5,29,1
11536,2025-12-30 12:32:29+05:30,3253.9,2,3249.0,882715,113238.0,119931.0,3250.0,3257.0,3239.8,3251.5,43417150,3576.6,2926.4,4322.95,2866.6,3253.9,26,3,3253.8,27,4,3253.7,195,3,3253.6,566,6,3253.5,52,3,3254.0,8,7,3254.1,2,1,3254.8,9,1,3254.9,9,1,3255.0,194,3
11536,2025-12-30 12:32:29+05:30,3253.9,5,3249.0,882715,113238.0,119931.0,3250.0,3257.0,3239.8,3251.5,43417150,3576.6,2926.4,4322.95,2866.6,3253.9,26,3,3253.8,27,4,3253.7,195,3,3253.6,566,6,3253.5,52,3,3254.0,8,7,3254.1,2,1,3254.8,9,1,3254.9,9,1,3255.0,194,3
11536,2025-12-30 12:32:29+05:30,3253.9,5,3249.0,882715,113238.0,119931.0,3250.0,3257.0,3239.8,3251.5,43417150,3576.6,2926.4,4322.95,2866.6,3253.9,26,3,3253.8,27,4,3253.7,195,3,3253.6,566,6,3253.5,52,3,3254.0,8,7,3254.1,2,1,3254.8,9,1,3254.9,9,1,3255.0,194,3
11536,2025-12-30 12:32:30+05:30,3255.0,44,3249.0,882715,113238.0,119931.0,3250.0,3257.0,3239.8,3251.5,43417150,3576.6,2926.4,4322.95,2866.6,3253.9,26,3,3253.8,27,4,3253.7,195,3,3253.6,566,6,3253.5,52,3,3254.0,8,7,3254.1,2,1,3254.8,9,1,3254.9,9,1,3255.0,194,3
11536,2025-12-30 12:32:30+05:30,3255.0,44,3249.0,882832,115660.0,118221.0,3250.0,3257.0,3239.8,3251.5,43417150,3576.6,2926.4,4322.95,2866.6,3254.1,175,1,3254.0,372,3,3253.9,25,3,3253.8,140,6,3253.7,361,3,3255.0,137,2,3255.3,28,1,3255.7,3,1,3255.8,78,6,3255.9,29,2
11536,2025-12-30 12:32:31+05:30,3254.6,1,3249.0,882907,116209.0,117107.0,3250.0,3257.0,3239.8,3251.5,43417150,3576.6,2926.4,4322.95,2866.6,3254.2,35,3,3254.1,202,3,3254.0,553,8,3253.9,44,5,3253.8,511,12,3255.0,74,5,3255.3,28,1,3255.8,47,3,3256.0,115,14,3256.1,44,5
11536,2025-12-30 12:32:31+05:30,3255.0,1,3249.0,882907,116209.0,117107.0,3250.0,3257.0,3239.8,3251.5,43417150,3576.6,2926.4,4322.95,2866.6,3254.2,35,3,3254.1,202,3,3254.0,553,8,3253.9,44,5,3253.8,511,12,3255.0,74,5,3255.3,28,1,3255.8,47,3,3256.0,115,14,3256.1,44,5
11536,2025-12-30 12:32:32+05:30,3255.0,2,3249.0,882911,116253.0,117137.0,3250.0,3257.0,3239.8,3251.5,43417150,3576.6,2926.4,4322.95,2866.6,3254.2,27,2,3254.1,214,4,3254.0,525,8,3253.9,35,4,3253.8,579,14,3255.0,75,8,3255.3,28,1,3255.8,47,3,3256.0,115,14,3256.1,44,5
11536,2025-12-30 12:32:32+05:30,3255.0,2,3249.0,882911,116253.0,117137.0,3250.0,3257.0,3239.8,3251.5,43417150,3576.6,2926.4,4322.95,2866.6,3254.2,27,2,3254.1,214,4,3254.0,525,8,3253.9,35,4,3253.8,579,14,3255.0,75,8,3255.3,28,1,3255.8,47,3,3256.0,115,14,3256.1,44,5
11536,2025-12-30 12:32:33+05:30,3254.2,5,3249.0,882911,116253.0,117137.0,3250.0,3257.0,3239.8,3251.5,43417150,3576.6,2926.4,4322.95,2866.6,3254.2,27,2,3254.1,214,4,3254.0,525,8,3253.9,35,4,3253.8,579,14,3255.0,75,8,3255.3,28,1,3255.8,47,3,3256.0,115,14,3256.1,44,5
11536,2025-12-30 12:32:33+05:30,3254.2,5,3249.0,882946,116537.0,116664.0,3250.0,3257.0,3239.8,3251.5,43417150,3576.6,2926.4,4322.95,2866.6,3254.1,216,6,3254.0,689,8,3253.9,41,4,3253.8,310,13,3253.7,20,2,3254.2,4,2,3255.0,371,9,3255.8,52,3,3255.9,31,3,3256.0,138,14
11536,2025-12-30 12:32:34+05:30,3254.3,11,3249.0,882946,116537.0,116664.0,3250.0,3257.0,3239.8,3251.5,43417150,3576.6,2926.4,4322.95,2866.6,3254.1,216,6,3254.0,689,8,3253.9,41,4,3253.8,310,13,3253.7,20,2,3254.2,4,2,3255.0,371,9,3255.8,52,3,3255.9,31,3,3256.0,138,14
11536,2025-12-30 12:32:34+05:30,3254.3,11,3249.0,882999,116331.0,115774.0,3250.0,3257.0,3239.8,3251.5,43417150,3576.6,2926.4,4322.95,2866.6,3254.3,143,1,3254.2,566,5,3254.1,16,2,3254.0,210,7,3253.9,102,3,3255.0,369,8,3255.7,28,1,3255.8,57,4,3255.9,31,3,3256.0,126,14
11536,2025-12-30 12:32:35+05:30,3255.0,1,3249.0,882999,116331.0,115774.0,3250.0,3257.0,3239.8,3251.5,43417150,3576.6,2926.4,4322.95,2866.6,3254.3,143,1,3254.2,566,5,3254.1,16,2,3254.0,210,7,3253.9,102,3,3255.0,369,8,3255.7,28,1,3255.8,57,4,3255.9,31,3,3256.0,126,14
11536,2025-12-30 12:32:35+05:30,3255.0,1,3249.0,883014,116490.0,116584.0,3250.0,3257.0,3239.8,3251.5,43417150,3576.6,2926.4,4322.95,2866.6,3254.3,133,1,3254.2,564,7,3254.1,38,3,3254.0,231,8,3253.9,130,4,3255.0,369,9,3255.7,28,1,3255.8,59,4,3255.9,19,2,3256.0,140,15
11536,2025-12-30 12:32:36+05:30,3254.3,11,3249.0,883014,116490.0,116584.0,3250.0,3257.0,3239.8,3251.5,43417150,3576.6,2926.4,4322.95,2866.6,3254.3,133,1,3254.2,564,7,3254.1,38,3,3254.0,231,8,3253.9,130,4,3255.0,369,9,3255.7,28,1,3255.8,59,4,3255.9,19,2,3256.0,140,15
11536,2025-12-30 12:32:36+05:30,3254.3,11,3249.0,883032,116627.0,116427.0,3250.0,3257.0,3239.8,3251.5,43417150,3576.6,2926.4,4322.95,2866.6,3254.3,115,1,3254.2,564,7,3254.1,38,3,3254.0,240,9,3253.9,130,4,3255.0,368,9,3255.7,28,1,3255.8,59,4,3255.9,19,2,3256.0,140,15
11536,2025-12-30 12:32:37+05:30,3254.3,6,3249.0,883032,116627.0,116427.0,3250.0,3257.0,3239.8,3251.5,43417150,3576.6,2926.4,4322.95,2866.6,3254.3,115,1,3254.2,564,7,3254.1,38,3,3254.0,240,9,3253.9,130,4,3255.0,368,9,3255.7,28,1,3255.8,59,4,3255.9,19,2,3256.0,140,15
11536,2025-12-30 12:32:37+05:30,3254.3,6,3249.01,883288,116171.0,117595.0,3250.0,3257.0,3239.8,3251.5,43417150,3576.6,2926.4,4322.95,2866.6,3254.3,67,2,3254.2,643,5,3254.1,57,2,3254.0,174,5,3253.9,10,2,3255.0,726,10,3255.2,45,2,3255.3,17,1,3255.4,10,1,3255.7,24,2
11536,2025-12-30 12:32:38+05:30,3254.3,2,3249.01,883288,116171.0,117595.0,3250.0,3257.0,3239.8,3251.5,43417150,3576.6,2926.4,4322.95,2866.6,3254.3,67,2,3254.2,643,5,3254.1,57,2,3254.0,174,5,3253.9,10,2,3255.0,726,10,3255.2,45,2,3255.3,17,1,3255.4,10,1,3255.7,24,2
11536,2025-12-30 12:32:38+05:30,3254.3,2,3249.01,883292,115178.0,117498.0,3250.0,3257.0,3239.8,3251.5,43417150,3576.6,2926.4,4322.95,2866.6,3254.3,64,3,3254.2,673,6,3254.1,57,2,3254.0,192,6,3253.9,10,2,3255.0,726,10,3255.2,45,2,3255.3,17,1,3255.4,10,1,3255.7,24,2
11536,2025-12-30 12:32:39+05:30,3254.2,1,3249.01,883292,115178.0,117498.0,3250.0,3257.0,3239.8,3251.5,43417150,3576.6,2926.4,4322.95,2866.6,3254.3,64,3,3254.2,673,6,3254.1,57,2,3254.0,192,6,3253.9,10,2,3255.0,726,10,3255.2,45,2,3255.3,17,1,3255.4,10,1,3255.7,24,2
11536,2025-12-30 12:32:39+05:30,3254.2,1,3249.01,883361,110951.0,119566.0,3250.0,3257.0,3239.8,3251.5,43417150,3576.6,2926.4,4322.95,2866.6,3254.2,119,1,3254.1,57,2,3254.0,123,3,3253.9,10,2,3253.8,35,3,3254.3,5,1,3254.8,28,1,3254.9,3,2,3255.0,732,11,3255.1,17,1
11536,2025-12-30 12:32:40+05:30,3254.3,7,3249.01,883361,110951.0,119566.0,3250.0,3257.0,3239.8,3251.5,43417150,3576.6,2926.4,4322.95,2866.6,3254.2,119,1,3254.1,57,2,3254.0,123,3,3253.9,10,2,3253.8,35,3,3254.3,5,1,3254.8,28,1,3254.9,3,2,3255.0,732,11,3255.1,17,1
11536,2025-12-30 12:32:40+05:30,3254.3,7,3249.01,883580,111285.0,120114.0,3250.0,3257.0,3239.8,3251.5,43417150,3576.6,2926.4,4322.95,2866.6,3254.1,57,2,3254.0,123,3,3253.9,10,2,3253.8,35,3,3253.7,20,2,3254.3,20,3,3254.7,63,3,3254.8,51,2,3254.9,85,6,3255.0,745,9
11536,2025-12-30 12:32:41+05:30,3254.1,3,3249.01,883580,111285.0,120114.0,3250.0,3257.0,3239.8,3251.5,43417150,3576.6,2926.4,4322.95,2866.6,3254.1,57,2,3254.0,123,3,3253.9,10,2,3253.8,35,3,3253.7,20,2,3254.3,20,3,3254.7,63,3,3254.8,51,2,3254.9,85,6,3255.0,745,9
11536,2025-12-30 12:32:41+05:30,3254.1,3,3249.01,883643,111262.0,120251.0,3250.0,3257.0,3239.8,3251.5,43417150,3576.6,2926.4,4322.95,2866.6,3254.1,3,1,3254.0,123,3,3253.9,10,2,3253.8,35,3,3253.7,20,2,3254.3,33,7,3254.5,17,1,3254.6,65,3,3254.7,25,1,3254.8,61,3
11536,2025-12-30 12:32:42+05:30,3254.1,10,3249.01,883643,111262.0,120251.0,3250.0,3257.0,3239.8,3251.5,43417150,3576.6,2926.4,4322.95,2866.6,3254.1,3,1,3254.0,123,3,3253.9,10,2,3253.8,35,3,3253.7,20,2,3254.3,33,7,3254.5,17,1,3254.6,65,3,3254.7,25,1,3254.8,61,3
11536,2025-12-30 12:32:42+05:30,3254.1,10,3249.01,883654,110720.0,120943.0,3250.0,3257.0,3239.8,3251.5,43417150,3576.6,2926.4,4322.95,2866.6,3254.1,3,1,3254.0,123,3,3253.9,10,2,3253.8,35,3,3253.7,20,2,3254.3,39,12,3254.6,47,2,3254.7,25,1,3254.8,65,3,3254.9,82,4
11536,2025-12-30 12:32:43+05:30,3254.0,1,3249.01,883654,110720.0,120943.0,3250.0,3257.0,3239.8,3251.5,43417150,3576.6,2926.4,4322.95,2866.6,3254.1,3,1,3254.0,123,3,3253.9,10,2,3253.8,35,3,3253.7,20,2,3254.3,39,12,3254.6,47,2,3254.7,25,1,3254.8,65,3,3254.9,82,4
11536,2025-12-30 12:32:43+05:30,3254.0,1,3249.01,883695,110696.0,121048.0,3250.0,3257.0,3239.8,3251.5,43417150,3576.6,2926.4,4322.95,2866.6,3254.0,100,3,3253.9,10,2,3253.8,14,2,3253.7,20,2,3253.6,41,3,3254.1,10,4,3254.3,30,9,3254.6,47,2,3254.7,25,1,3254.8,65,3
11536,2025-12-30 12:32:44+05:30,3254.0,1,3249.01,883695,110696.0,121048.0,3250.0,3257.0,3239.8,3251.5,43417150,3576.6,2926.4,4322.95,2866.6,3254.0,100,3,3253.9,10,2,3253.8,14,2,3253.7,20,2,3253.6,41,3,3254.1,10,4,3254.3,30,9,3254.6,47,2,3254.7,25,1,3254.8,65,3
11536,2025-12-30 12:32:44+05:30,3254.0,1,3249.01,883746,110653.0,121103.0,3250.0,3257.0,3239.8,3251.5,43417150,3576.6,2926.4,4322.95,2866.6,3254.0,49,3,3253.9,10,2,3253.8,14,2,3253.7,20,2,3253.6,41,3,3254.1,13,6,3254.3,25,5,3254.4,23,1,3254.5,10,1,3254.6,47,2
11536,2025-12-30 12:32:45+05:30,3254.1,1,3249.01,883825,109837.0,120617.0,3250.0,3257.0,3239.8,3251.5,43417150,3576.6,2926.4,4322.95,2866.6,3254.0,2,1,3253.9,10,2,3253.8,14,2,3253.7,195,3,3253.6,566,6,3254.1,20,7,3254.3,6,2,3254.7,3,1,3254.8,37,2,3254.9,82,4
11536,2025-12-30 12:32:45+05:30,3254.0,8,3249.01,883825,109837.0,120617.0,3250.0,3257.0,3239.8,3251.5,43417150,3576.6,2926.4,4322.95,2866.6,3254.0,2,1,3253.9,10,2,3253.8,14,2,3253.7,195,3,3253.6,566,6,3254.1,20,7,3254.3,6,2,3254.7,3,1,3254.8,37,2,3254.9,82,4
11536,2025-12-30 12:32:46+05:30,3253.9,13,3249.01,883958,111049.0,119989.0,3250.0,3257.0,3239.8,3251.5,43417150,3576.6,2926.4,4322.95,2866.6,3253.9,195,2,3253.8,539,5,3253.7,20,2,3253.6,41,3,3253.4,81,5,3254.1,14,7,3254.3,5,1,3254.8,13,1,3254.9,17,1,3255.0,771,6
11536,2025-12-30 12:32:46+05:30,3253.9,5,3249.01,883958,111049.0,119989.0,3250.0,3257.0,3239.8,3251.5,43417150,3576.6,2926.4,4322.95,2866.6,3253.9,195,2,3253.8,539,5,3253.7,20,2,3253.6,41,3,3253.4,81,5,3254.1,14,7,3254.3,5,1,3254.8,13,1,3254.9,17,1,3255.0,771,6
11536,2025-12-30 12:32:47+05:30,3253.9,62,3249.01,884392,109891.0,119449.0,3250.0,3257.0,3239.8,3251.5,43417150,3576.6,2926.4,4322.95,2866.6,3253.9,114,2,3253.8,539,5,3253.7,20,2,3253.6,41,3,3253.4,180,5,3254.1,14,3,3254.3,5,1,3255.0,707,3,3255.1,15,2,3255.2,50,3
11536,2025-12-30 12:32:47+05:30,3253.9,62,3249.01,884392,109891.0,119449.0,3250.0,3257.0,3239.8,3251.5,43417150,3576.6,2926.4,4322.95,2866.6,3253.9,114,2,3253.8,539,5,3253.7,20,2,3253.6,41,3,3253.4,180,5,3254.1,14,3,3254.3,5,1,3255.0,707,3,3255.1,15,2,3255.2,50,3
11536,2025-12-30 12:32:48+05:30,3254.1,5,3249.01,884392,109891.0,119449.0,3250.0,3257.0,3239.8,3251.5,43417150,3576.6,2926.4,4322.95,2866.6,3253.9,114,2,3253.8,539,5,3253.7,20,2,3253.6,41,3,3253.4,180,5,3254.1,14,3,3254.3,5,1,3255.0,707,3,3255.1,15,2,3255.2,50,3
11536,2025-12-30 12:32:48+05:30,3254.1,5,3249.01,884574,112586.0,119072.0,3250.0,3257.0,3239.8,3251.5,43417150,3576.6,2926.4,4322.95,2866.6,3254.2,45,1,3253.9,146,5,3253.8,574,7,3253.7,43,4,3253.6,157,8,3254.3,5,1,3255.0,705,3,3255.1,3,1,3255.2,3,1,3255.3,15,2
11536,2025-12-30 12:32:49+05:30,3254.2,3,3249.01,884577,112615.0,119220.0,3250.0,3257.0,3239.8,3251.5,43417150,3576.6,2926.4,4322.95,2866.6,3254.2,42,1,3253.9,159,6,3253.8,584,8,3253.7,73,5,3253.6,127,7,3254.3,9,3,3255.0,737,5,3255.1,3,1,3255.2,3,1,3255.3,15,2
11536,2025-12-30 12:32:49+05:30,3254.2,3,3249.01,884577,112615.0,119220.0,3250.0,3257.0,3239.8,3251.5,43417150,3576.6,2926.4,4322.95,2866.6,3254.2,42,1,3253.9,159,6,3253.8,584,8,3253.7,73,5,3253.6,127,7,3254.3,9,3,3255.0,737,5,3255.1,3,1,3255.2,3,1,3255.3,15,2
11536,2025-12-30 12:32:50+05:30,3254.2,1,3249.01,884578,113937.0,118886.0,3250.0,3257.0,3239.8,3251.5,43417150,3576.6,2926.4,4322.95,2866.6,3254.2,41,1,3253.9,142,5,3253.8,738,8,3253.7,73,5,3253.6,283,8,3254.3,10,4,3255.0,737,5,3255.1,3,1,3255.2,3,1,3255.3,15,2
11536,2025-12-30 12:32:50+05:30,3254.2,1,3249.01,884578,113937.0,118886.0,3250.0,3257.0,3239.8,3251.5,43417150,3576.6,2926.4,4322.95,2866.6,3254.2,41,1,3253.9,142,5,3253.8,738,8,3253.7,73,5,3253.6,283,8,3254.3,10,4,3255.0,737,5,3255.1,3,1,3255.2,3,1,3255.3,15,2
11536,2025-12-30 12:32:51+05:30,3253.9,1,3249.01,884620,112050.0,118750.0,3250.0,3257.0,3239.8,3251.5,43417150,3576.6,2926.4,4322.95,2866.6,3253.9,127,4,3253.8,752,9,3253.7,26,3,3253.6,104,6,3253.5,25,1,3254.2,8,3,3254.3,4,2,3255.0,737,5,3255.1,3,1,3255.2,3,1
11536,2025-12-30 12:32:51+05:30,3253.9,1,3249.01,884620,112050.0,118750.0,3250.0,3257.0,3239.8,3251.5,43417150,3576.6,2926.4,4322.95,2866.6,3253.9,127,4,3253.8,752,9,3253.7,26,3,3253.6,104,6,3253.5,25,1,3254.2,8,3,3254.3,4,2,3255.0,737,5,3255.1,3,1,3255.2,3,1
11536,2025-12-30 12:32:52+05:30,3254.2,3,3249.01,884650,113804.0,118724.0,3250.0,3257.0,3239.8,3251.5,43417150,3576.6,2926.4,4322.95,2866.6,3254.0,85,1,3253.9,724,8,3253.8,38,4,3253.7,56,4,3253.6,285,8,3254.2,7,5,3254.3,1,1,3255.0,737,5,3255.1,3,1,3255.2,3,1
11536,2025-12-30 12:32:52+05:30,3254.0,1,3249.01,884650,113804.0,118724.0,3250.0,3257.0,3239.8,3251.5,43417150,3576.6,2926.4,4322.95,2866.6,3254.0,85,1,3253.9,724,8,3253.8,38,4,3253.7,56,4,3253.6,285,8,3254.2,7,5,3254.3,1,1,3255.0,737,5,3255.1,3,1,3255.2,3,1
11536,2025-12-30 12:32:53+05:30,3254.2,1,3249.01,884672,113792.0,118724.0,3250.0,3257.0,3239.8,3251.5,43417150,3576.6,2926.4,4322.95,2866.6,3254.0,66,1,3253.9,737,8,3253.8,24,3,3253.7,26,3,3253.6,315,9,3254.2,10,9,3255.0,735,4,3255.1,3,1,3255.2,3,1,3255.3,45,3
11536,2025-12-30 12:32:53+05:30,3254.2,1,3249.01,884672,113792.0,118724.0,3250.0,3257.0,3239.8,3251.5,43417150,3576.6,2926.4,4322.95,2866.6,3254.0,66,1,3253.9,737,8,3253.8,24,3,3253.7,26,3,3253.6,315,9,3254.2,10,9,3255.0,735,4,3255.1,3,1,3255.2,3,1,3255.3,45,3
11536,2025-12-30 12:32:54+05:30,3254.2,9,3249.01,884720,114131.0,117710.0,3250.0,3257.0,3239.8,3251.5,43417150,3576.6,2926.4,4322.95,2866.6,3254.1,53,1,3254.0,590,6,3253.9,28,3,3253.8,272,9,3253.7,465,7,3255.0,708,6,3255.3,30,1,3255.5,2,1,3255.6,12,1,3255.8,105,6
11536,2025-12-30 12:32:54+05:30,3254.2,9,3249.01,884720,114131.0,117710.0,3250.0,3257.0,3239.8,3251.5,43417150,3576.6,2926.4,4322.95,2866.6,3254.1,53,1,3254.0,590,6,3253.9,28,3,3253.8,272,9,3253.7,465,7,3255.0,708,6,3255.3,30,1,3255.5,2,1,3255.6,12,1,3255.8,105,6
11536,2025-12-30 12:32:55+05:30,3255.0,1,3249.01,884723,114152.0,117743.0,3250.0,3257.0,3239.8,3251.5,43417150,3576.6,2926.4,4322.95,2866.6,3254.1,96,2,3254.0,546,4,3253.9,44,3,3253.8,257,8,3253.7,150,8,3255.0,708,9,3255.3,30,1,3255.5,32,2,3255.6,15,2,3255.7,13,1
11536,2025-12-30 12:32:55+05:30,3255.0,1,3249.01,884723,114152.0,117743.0,3250.0,3257.0,3239.8,3251.5,43417150,3576.6,2926.4,4322.95,2866.6,3254.1,96,2,3254.0,546,4,3253.9,44,3,3253.8,257,8,3253.7,150,8,3255.0,708,9,3255.3,30,1,3255.5,32,2,3255.6,15,2,3255.7,13,1
11536,2025-12-30 12:32:56+05:30,3254.0,10,3249.01,884735,112538.0,117990.0,3250.0,3257.0,3239.8,3251.5,43417150,3576.6,2926.4,4322.95,2866.6,3254.0,71,3,3253.9,744,7,3253.8,81,6,3253.7,136,7,3253.6,230,6,3254.1,1,1,3255.0,708,10,3255.3,30,1,3255.5,32,2,3255.6,15,2
11536,2025-12-30 12:32:56+05:30,3254.0,1,3249.01,884735,112538.0,117990.0,3250.0,3257.0,3239.8,3251.5,43417150,3576.6,2926.4,4322.95,2866.6,3254.0,71,3,3253.9,744,7,3253.8,81,6,3253.7,136,7,3253.6,230,6,3254.1,1,1,3255.0,708,10,3255.3,30,1,3255.5,32,2,3255.6,15,2
11536,2025-12-30 12:32:57+05:30,3253.9,6,3249.01,884823,113202.0,118169.0,3250.0,3257.0,3239.8,3251.5,43417150,3576.6,2926.4,4322.95,2866.6,3253.9,725,7,3253.8,47,4,3253.7,105,6,3253.6,104,7,3253.5,43,2,3254.0,5,2,3254.1,5,5,3255.0,705,7,3255.1,3,1,3255.5,32,2
11536,2025-12-30 12:32:57+05:30,3253.9,6,3249.01,884823,113202.0,118169.0,3250.0,3257.0,3239.8,3251.5,43417150,3576.6,2926.4,4322.95,2866.6,3253.9,725,7,3253.8,47,4,3253.7,105,6,3253.6,104,7,3253.5,43,2,3254.0,5,2,3254.1,5,5,3255.0,705,7,3255.1,3,1,3255.5,32,2
11536,2025-12-30 12:32:58+05:30,3254.1,2,3249.02,885280,114314.0,116375.0,3250.0,3257.0,3239.8,3251.5,43417150,3576.6,2926.4,4322.95,2866.6,3254.2,718,5,3254.1,25,1,3254.0,52,3,3253.9,68,4,3253.8,687,9,3255.0,325,7,3255.4,30,1,3255.5,2,1,3255.6,3,1,3255.8,107,6
11536,2025-12-30 12:32:58+05:30,3254.1,2,3249.02,885280,114314.0,116375.0,3250.0,3257.0,3239.8,3251.5,43417150,3576.6,2926.4,4322.95,2866.6,3254.2,718,5,3254.1,25,1,3254.0,52,3,3253.9,68,4,3253.8,687,9,3255.0,325,7,3255.4,30,1,3255.5,2,1,3255.6,3,1,3255.8,107,6
11536,2025-12-30 12:32:59+05:30,3254.2,1,3249.02,885280,114314.0,116375.0,3250.0,3257.0,3239.8,3251.5,43417150,3576.6,2926.4,4322.95,2866.6,3254.2,718,5,3254.1,25,1,3254.0,52,3,3253.9,68,4,3253.8,687,9,3255.0,325,7,3255.4,30,1,3255.5,2,1,3255.6,3,1,3255.8,107,6
11536,2025-12-30 12:32:59+05:30,3254.2,1,3249.02,885281,114451.0,116399.0,3250.0,3257.0,3239.8,3251.5,43417150,3576.6,2926.4,4322.95,2866.6,3254.2,857,12,3254.1,18,1,3254.0,54,4,3253.9,54,3,3253.8,702,10,3255.0,326,8,3255.4,6,1,3255.6,3,1,3255.7,13,1,3255.8,94,5
11536,2025-12-30 12:33:00+05:30,3255.0,1,3249.02,885495,114581.0,116025.0,3250.0,3257.0,3239.8,3251.5,43417150,3576.6,2926.4,4322.95,2866.6,3254.5,268,6,3254.4,398,4,3254.3,47,2,3254.2,120,5,3254.1,113,3,3255.0,238,7,3255.4,6,1,3255.7,3,1,3255.8,52,3,3255.9,18,2
11536,2025-12-30 12:33:00+05:30,3255.0,105,3249.02,885495,114581.0,116025.0,3250.0,3257.0,3239.8,3251.5,43417150,3576.6,2926.4,4322.95,2866.6,3254.5,268,6,3254.4,398,4,3254.3,47,2,3254.2,120,5,3254.1,113,3,3255.0,238,7,3255.4,6,1,3255.7,3,1,3255.8,52,3,3255.9,18,2
11536,2025-12-30 12:33:01+05:30,3255.0,1,3249.02,885845,114000.0,116509.0,3250.0,3257.0,3239.8,3251.5,43417150,3576.6,2926.4,4322.95,2866.6,3254.5,498,5,3254.2,318,8,3254.1,35,3,3254.0,338,7,3253.9,416,6,3255.0,488,7,3255.4,6,1,3255.8,22,2,3255.9,15,1,3256.0,61,11
11536,2025-12-30 12:33:01+05:30,3255.0,1,3249.02,885845,114000.0,116509.0,3250.0,3257.0,3239.8,3251.5,43417150,3576.6,2926.4,4322.95,2866.6,3254.5,498,5,3254.2,318,8,3254.1,35,3,3254.0,338,7,3253.9,416,6,3255.0,488,7,3255.4,6,1,3255.8,22,2,3255.9,15,1,3256.0,61,11
11536,2025-12-30 12:33:02+05:30,3254.5,33,3249.02,885884,113695.0,116539.0,3250.0,3257.0,3239.8,3251.5,43417150,3576.6,2926.4,4322.95,2866.6,3254.5,465,5,3254.3,28,1,3254.2,82,5,3254.1,69,4,3254.0,264,7,3255.0,491,10,3255.4,6,1,3255.8,22,2,3255.9,47,2,3256.0,61,11
11536,2025-12-30 12:33:02+05:30,3254.5,18,3249.02,885884,113695.0,116539.0,3250.0,3257.0,3239.8,3251.5,43417150,3576.6,2926.4,4322.95,2866.6,3254.5,465,5,3254.3,28,1,3254.2,82,5,3254.1,69,4,3254.0,264,7,3255.0,491,10,3255.4,6,1,3255.8,22,2,3255.9,47,2,3256.0,61,11
11536,2025-12-30 12:33:03+05:30,3254.5,28,3249.02,885884,113695.0,116539.0,3250.0,3257.0,3239.8,3251.5,43417150,3576.6,2926.4,4322.95,2866.6,3254.5,465,5,3254.3,28,1,3254.2,82,5,3254.1,69,4,3254.0,264,7,3255.0,491,10,3255.4,6,1,3255.8,22,2,3255.9,47,2,3256.0,61,11
11536,2025-12-30 12:33:03+05:30,3254.5,28,3249.02,886034,113741.0,116536.0,3250.0,3257.0,3239.8,3251.5,43417150,3576.6,2926.4,4322.95,2866.6,3254.5,490,4,3254.3,28,1,3254.2,70,4,3254.1,66,3,3254.0,266,7,3255.0,475,8,3255.4,6,1,3255.8,22,2,3255.9,62,4,3256.0,74,12
11536,2025-12-30 12:33:04+05:30,3254.5,7,3249.02,886034,113741.0,116536.0,3250.0,3257.0,3239.8,3251.5,43417150,3576.6,2926.4,4322.95,2866.6,3254.5,490,4,3254.3,28,1,3254.2,70,4,3254.1,66,3,3254.0,266,7,3255.0,475,8,3255.4,6,1,3255.8,22,2,3255.9,62,4,3256.0,74,12
11536,2025-12-30 12:33:04+05:30,3254.5,7,3249.02,886101,111888.0,118213.0,3250.0,3257.0,3239.8,3251.5,43417150,3576.6,2926.4,4322.95,2866.6,3254.5,6,2,3254.2,20,1,3254.0,21,1,3253.9,28,3,3253.8,45,4,3255.0,502,11,3255.1,15,2,3255.2,59,3,3255.3,19,1,3255.4,87,5
11536,2025-12-30 12:33:05+05:30,3254.5,6,3249.02,886101,111888.0,118213.0,3250.0,3257.0,3239.8,3251.5,43417150,3576.6,2926.4,4322.95,2866.6,3254.5,6,2,3254.2,20,1,3254.0,21,1,3253.9,28,3,3253.8,45,4,3255.0,502,11,3255.1,15,2,3255.2,59,3,3255.3,19,1,3255.4,87,5
11536,2025-12-30 12:33:05+05:30,3254.5,6,3249.02,886156,112174.0,117512.0,3250.0,3257.0,3239.8,3251.5,43417150,3576.6,2926.4,4322.95,2866.6,3254.5,4,1,3254.2,34,2,3254.0,48,3,3253.9,45,4,3253.8,237,6,3254.9,20,1,3255.0,466,13,3255.4,38,2,3255.5,34,1,3255.6,3,1
11536,2025-12-30 12:33:06+05:30,3254.4,1,3249.02,886188,111841.0,117331.0,3250.0,3257.0,3239.8,3251.5,43417150,3576.6,2926.4,4322.95,2866.6,3254.1,44,4,3254.0,44,2,3253.9,42,3,3253.8,94,6,3253.7,373,4,3254.5,2,2,3254.9,40,8,3255.0,461,9,3255.4,38,2,3255.5,2,1
11536,2025-12-30 12:33:06+05:30,3254.4,1,3249.02,886188,111841.0,117331.0,3250.0,3257.0,3239.8,3251.5,43417150,3576.6,2926.4,4322.95,2866.6,3254.1,44,4,3254.0,44,2,3253.9,42,3,3253.8,94,6,3253.7,373,4,3254.5,2,2,3254.9,40,8,3255.0,461,9,3255.4,38,2,3255.5,2,1
11536,2025-12-30 12:33:07+05:30,3253.9,1,3249.02,886302,110488.0,119170.0,3250.0,3257.0,3239.8,3251.5,43417150,3576.6,2926.4,4322.95,2866.6,3253.9,23,2,3253.8,24,3,3253.7,20,2,3253.6,68,4,3253.5,46,3,3254.5,14,9,3254.8,61,3,3254.9,76,10,3255.0,466,5,3255.2,48,2
11536,2025-12-30 12:33:07+05:30,3254.5,1,3249.02,886302,110488.0,119170.0,3250.0,3257.0,3239.8,3251.5,43417150,3576.6,2926.4,4322.95,2866.6,3253.9,23,2,3253.8,24,3,3253.7,20,2,3253.6,68,4,3253.5,46,3,3254.5,14,9,3254.8,61,3,3254.9,76,10,3255.0,466,5,3255.2,48,2
11536,2025-12-30 12:33:08+05:30,3253.9,2,3249.02,886324,110189.0,119238.0,3250.0,3257.0,3239.8,3251.5,43417150,3576.6,2926.4,4322.95,2866.6,3253.9,16,3,3253.8,24,3,3253.7,20,2,3253.6,68,4,3253.5,46,3,3254.5,14,11,3254.7,34,1,3254.8,17,1,3254.9,60,6,3255.0,498,5
11536,2025-12-30 12:33:08+05:30,3253.9,4,3249.02,886324,110189.0,119238.0,3250.0,3257.0,3239.8,3251.5,43417150,3576.6,2926.4,4322.95,2866.6,3253.9,16,3,3253.8,24,3,3253.7,20,2,3253.6,68,4,3253.5,46,3,3254.5,14,11,3254.7,34,1,3254.8,17,1,3254.9,60,6,3255.0,498,5
11536,2025-12-30 12:33:09+05:30,3253.9,8,3249.02,886367,111646.0,119279.0,3250.0,3257.0,3239.8,3251.5,43417150,3576.6,2926.4,4322.95,2866.6,3253.9,24,3,3253.8,24,3,3253.7,20,2,3253.6,68,4,3253.5,46,3,3254.5,27,13,3254.7,34,1,3254.8,17,1,3254.9,43,2,3255.0,485,4
11536,2025-12-30 12:33:09+05:30,3253.9,1,3249.02,886367,111646.0,119279.0,3250.0,3257.0,3239.8,3251.5,43417150,3576.6,2926.4,4322.95,2866.6,3253.9,24,3,3253.8,24,3,3253.7,20,2,3253.6,68,4,3253.5,46,3,3254.5,27,13,3254.7,34,1,3254.8,17,1,3254.9,43,2,3255.0,485,4
11536,2025-12-30 12:33:10+05:30,3253.9,3,3249.02,886379,111932.0,119250.0,3250.0,3257.0,3239.8,3251.5,43417150,3576.6,2926.4,4322.95,2866.6,3253.9,26,3,3253.8,24,3,3253.7,20,2,3253.6,531,7,3253.5,72,4,3254.5,27,13,3254.7,34,1,3254.8,17,1,3254.9,55,3,3255.0,453,3
11536,2025-12-30 12:33:10+05:30,3253.9,2,3249.02,886379,111932.0,119250.0,3250.0,3257.0,3239.8,3251.5,43417150,3576.6,2926.4,4322.95,2866.6,3253.9,26,3,3253.8,24,3,3253.7,20,2,3253.6,531,7,3253.5,72,4,3254.5,27,13,3254.7,34,1,3254.8,17,1,3254.9,55,3,3255.0,453,3
11536,2025-12-30 12:33:11+05:30,3253.9,3,3249.02,886403,112386.0,118564.0,3250.0,3257.0,3239.8,3251.5,43417150,3576.6,2926.4,4322.95,2866.6,3253.9,20,3,3253.8,497,6,3253.7,64,4,3253.6,90,6,3253.5,104,5,3254.5,28,15,3254.7,34,1,3254.9,20,1,3255.0,453,3,3255.2,30,2
11536,2025-12-30 12:33:11+05:30,3253.9,8,3249.02,886403,112386.0,118564.0,3250.0,3257.0,3239.8,3251.5,43417150,3576.6,2926.4,4322.95,2866.6,3253.9,20,3,3253.8,497,6,3253.7,64,4,3253.6,90,6,3253.5,104,5,3254.5,28,15,3254.7,34,1,3254.9,20,1,3255.0,453,3,3255.2,30,2
11536,2025-12-30 12:33:12+05:30,3254.7,11,3249.02,886471,113491.0,117983.0,3250.0,3257.0,3239.8,3251.5,43417150,3576.6,2926.4,4322.95,2866.6,3254.5,175,1,3254.0,38,2,3253.9,134,7,3253.8,566,10,3253.7,405,5,3254.9,24,3,3255.0,454,4,3255.4,55,4,3255.5,2,1,3255.6,17,2
11536,2025-12-30 12:33:12+05:30,3254.7,11,3249.02,886471,113491.0,117983.0,3250.0,3257.0,3239.8,3251.5,43417150,3576.6,2926.4,4322.95,2866.6,3254.5,175,1,3254.0,38,2,3253.9,134,7,3253.8,566,10,3253.7,405,5,3254.9,24,3,3255.0,454,4,3255.4,55,4,3255.5,2,1,3255.6,17,2
11536,2025-12-30 12:33:13+05:30,3254.5,1,3249.02,886477,113496.0,117998.0,3250.0,3257.0,3239.8,3251.5,43417150,3576.6,2926.4,4322.95,2866.6,3254.5,172,1,3254.0,38,2,3253.9,133,6,3253.8,566,10,3253.7,64,4,3254.9,25,7,3255.0,454,4,3255.3,34,1,3255.4,21,3,3255.5,16,2
11536,2025-12-30 12:33:13+05:30,3254.5,1,3249.02,886477,113496.0,117998.0,3250.0,3257.0,3239.8,3251.5,43417150,3576.6,2926.4,4322.95,2866.6,3254.5,172,1,3254.0,38,2,3253.9,133,6,3253.8,566,10,3253.7,64,4,3254.9,25,7,3255.0,454,4,3255.3,34,1,3255.4,21,3,3255.5,16,2
11536,2025-12-30 12:33:14+05:30,3254.5,21,3249.02,886498,113475.0,117952.0,3250.0,3257.0,3239.8,3251.5,43417150,3576.6,2926.4,4322.95,2866.6,3254.5,151,1,3254.0,38,2,3253.9,133,6,3253.8,566,10,3253.7,64,4,3254.9,22,6,3255.0,454,4,3255.3,34,1,3255.4,21,3,3255.5,48,3
11536,2025-12-30 12:33:14+05:30,3254.5,2,3249.02,886498,113475.0,117952.0,3250.0,3257.0,3239.8,3251.5,43417150,3576.6,2926.4,4322.95,2866.6,3254.5,151,1,3254.0,38,2,3253.9,133,6,3253.8,566,10,3253.7,64,4,3254.9,22,6,3255.0,454,4,3255.3,34,1,3255.4,21,3,3255.5,48,3
11536,2025-12-30 12:33:15+05:30,3254.5,10,3249.02,886515,113786.0,118040.0,3250.0,3257.0,3239.8,3251.5,43417150,3576.6,2926.4,4322.95,2866.6,3254.5,137,1,3254.0,38,2,3253.9,85,4,3253.8,428,8,3253.7,32,3,3254.8,50,2,3254.9,21,5,3255.0,454,4,3255.1,45,2,3255.3,17,1
11536,2025-12-30 12:33:15+05:30,3254.5,1,3249.02,886515,113786.0,118040.0,3250.0,3257.0,3239.8,3251.5,43417150,3576.6,2926.4,4322.95,2866.6,3254.5,137,1,3254.0,38,2,3253.9,85,4,3253.8,428,8,3253.7,32,3,3254.8,50,2,3254.9,21,5,3255.0,454,4,3255.1,45,2,3255.3,17,1
11536,2025-12-30 12:33:16+05:30,3254.8,1,3249.03,886527,113974.0,118045.0,3250.0,3257.0,3239.8,3251.5,43417150,3576.6,2926.4,4322.95,2866.6,3254.5,126,1,3254.0,399,5,3253.9,85,4,3253.8,68,5,3253.7,64,4,3254.8,52,5,3254.9,18,2,3255.0,454,4,3255.1,34,1,3255.4,21,3
11536,2025-12-30 12:33:16+05:30,3254.8,1,3249.03,886527,113974.0,118045.0,3250.0,3257.0,3239.8,3251.5,43417150,3576.6,2926.4,4322.95,2866.6,3254.5,126,1,3254.0,399,5,3253.9,85,4,3253.8,68,5,3253.7,64,4,3254.8,52,5,3254.9,18,2,3255.0,454,4,3255.1,34,1,3255.4,21,3
11536,2025-12-30 12:33:17+05:30,3255.0,45,3249.03,886653,112442.0,117874.0,3250.0,3257.0,3239.8,3251.5,43417150,3576.6,2926.4,4322.95,2866.6,3254.1,6,1,3254.0,382,3,3253.9,116,6,3253.8,161,9,3253.7,58,4,3254.5,8,1,3255.0,409,4,3255.1,34,1,3255.4,21,3,3255.5,16,2
11536,2025-12-30 12:33:17+05:30,3255.0,45,3249.03,886653,112442.0,117874.0,3250.0,3257.0,3239.8,3251.5,43417150,3576.6,2926.4,4322.95,2866.6,3254.1,6,1,3254.0,382,3,3253.9,116,6,3253.8,161,9,3253.7,58,4,3254.5,8,1,3255.0,409,4,3255.1,34,1,3255.4,21,3,3255.5,16,2
11536,2025-12-30 12:33:18+05:30,3254.5,1,3249.03,886787,114449.0,117385.0,3250.0,3257.0,3239.8,3251.5,43417150,3576.6,2926.4,4322.95,2866.6,3254.2,83,3,3254.1,72,3,3254.0,706,11,3253.9,98,5,3253.8,472,9,3255.0,409,4,3255.4,7,2,3255.5,9,1,3255.7,3,1,3255.8,33,3
11536,2025-12-30 12:33:18+05:30,3254.5,1,3249.03,886787,114449.0,117385.0,3250.0,3257.0,3239.8,3251.5,43417150,3576.6,2926.4,4322.95,2866.6,3254.2,83,3,3254.1,72,3,3254.0,706,11,3253.9,98,5,3253.8,472,9,3255.0,409,4,3255.4,7,2,3255.5,9,1,3255.7,3,1,3255.8,33,3
11536,2025-12-30 12:33:19+05:30,3254.1,1,3249.03,886788,113157.0,117386.0,3250.0,3257.0,3239.8,3251.5,43417150,3576.6,2926.4,4322.95,2866.6,3254.1,87,5,3254.0,657,8,3253.9,160,7,3253.8,118,8,3253.7,61,5,3254.5,30,1,3255.0,415,6,3255.4,7,2,3255.5,9,1,3255.7,35,2
11536,2025-12-30 12:33:19+05:30,3254.1,1,3249.03,886788,113157.0,117386.0,3250.0,3257.0,3239.8,3251.5,43417150,3576.6,2926.4,4322.95,2866.6,3254.1,87,5,3254.0,657,8,3253.9,160,7,3253.8,118,8,3253.7,61,5,3254.5,30,1,3255.0,415,6,3255.4,7,2,3255.5,9,1,3255.7,35,2
11536,2025-12-30 12:33:20+05:30,3254.1,40,3249.03,886829,114325.0,117391.0,3250.0,3257.0,3239.8,3251.5,43417150,3576.6,2926.4,4322.95,2866.6,3254.1,37,4,3254.0,648,8,3253.9,132,6,3253.8,118,8,3253.7,61,5,3254.5,33,4,3255.0,411,5,3255.4,7,2,3255.5,41,2,3255.7,35,2
11536,2025-12-30 12:33:20+05:30,3254.1,40,3249.03,886829,114325.0,117391.0,3250.0,3257.0,3239.8,3251.5,43417150,3576.6,2926.4,4322.95,2866.6,3254.1,37,4,3254.0,648,8,3253.9,132,6,3253.8,118,8,3253.7,61,5,3254.5,33,4,3255.0,411,5,3255.4,7,2,3255.5,41,2,3255.7,35,2
11536,2025-12-30 12:33:21+05:30,3254.0,14,3249.03,886849,114279.0,117604.0,3250.0,3257.0,3239.8,3251.5,43417150,3576.6,2926.4,4322.95,2866.6,3254.1,6,1,3254.0,641,9,3253.9,132,6,3253.8,118,8,3253.7,61,5,3254.5,33,4,3255.0,409,4,3255.4,7,2,3255.5,41,2,3255.7,60,3
11536,2025-12-30 12:33:21+05:30,3254.1,1,3249.03,886849,114279.0,117604.0,3250.0,3257.0,3239.8,3251.5,43417150,3576.6,2926.4,4322.95,2866.6,3254.1,6,1,3254.0,641,9,3253.9,132,6,3253.8,118,8,3253.7,61,5,3254.5,33,4,3255.0,409,4,3255.4,7,2,3255.5,41,2,3255.7,60,3
11536,2025-12-30 12:33:22+05:30,3254.1,1,3249.03,886850,114295.0,117605.0,3250.0,3257.0,3239.8,3251.5,43417150,3576.6,2926.4,4322.95,2866.6,3254.1,5,1,3254.0,629,9,3253.9,132,6,3253.8,147,9,3253.7,61,5,3254.5,34,5,3255.0,409,4,3255.4,7,2,3255.5,41,2,3255.7,60,3
11536,2025-12-30 12:33:22+05:30,3254.1,7,3249.03,886850,114295.0,117605.0,3250.0,3257.0,3239.8,3251.5,43417150,3576.6,2926.4,4322.95,2866.6,3254.1,5,1,3254.0,629,9,3253.9,132,6,3253.8,147,9,3253.7,61,5,3254.5,34,5,3255.0,409,4,3255.4,7,2,3255.5,41,2,3255.7,60,3
11536,2025-12-30 12:33:23+05:30,3254.1,7,3249.03,886862,114296.0,117580.0,3250.0,3257.0,3239.8,3251.5,43417150,3576.6,2926.4,4322.95,2866.6,3254.1,556,7,3254.0,78,4,3253.9,161,7,3253.8,118,8,3253.7,61,5,3254.5,34,6,3255.0,409,4,3255.4,10,3,3255.5,41,2,3255.7,60,3
11536,2025-12-30 12:33:23+05:30,3254.1,6,3249.03,886862,114296.0,117580.0,3250.0,3257.0,3239.8,3251.5,43417150,3576.6,2926.4,4322.95,2866.6,3254.1,556,7,3254.0,78,4,3253.9,161,7,3253.8,118,8,3253.7,61,5,3254.5,34,6,3255.0,409,4,3255.4,10,3,3255.5,41,2,3255.7,60,3
11536,2025-12-30 12:33:24+05:30,3254.5,17,3249.03,886892,114727.0,117593.0,3250.0,3257.0,3239.8,3251.5,43417150,3576.6,2926.4,4322.95,2866.6,3254.2,529,5,3254.1,86,4,3254.0,126,6,3253.9,114,6,3253.8,131,8,3254.5,17,6,3255.0,409,4,3255.4,10,3,3255.7,60,3,3255.8,48,4
11536,2025-12-30 12:33:24+05:30,3255.0,35,3249.03,886892,114727.0,117593.0,3250.0,3257.0,3239.8,3251.5,43417150,3576.6,2926.4,4322.95,2866.6,3254.2,529,5,3254.1,86,4,3254.0,126,6,3253.9,114,6,3253.8,131,8,3254.5,17,6,3255.0,409,4,3255.4,10,3,3255.7,60,3,3255.8,48,4
11536,2025-12-30 12:33:25+05:30,3255.0,1,3249.03,887244,117005.0,115370.0,3250.0,3257.0,3239.8,3251.5,43417150,3576.6,2926.4,4322.95,2866.6,3254.6,553,6,3254.5,107,5,3254.4,101,5,3254.3,151,4,3254.2,424,7,3255.0,110,7,3255.4,7,2,3255.8,19,1,3255.9,16,1,3256.0,61,11
11536,2025-12-30 12:33:25+05:30,3255.0,59,3249.03,887244,117005.0,115370.0,3250.0,3257.0,3239.8,3251.5,43417150,3576.6,2926.4,4322.95,2866.6,3254.6,553,6,3254.5,107,5,3254.4,101,5,3254.3,151,4,3254.2,424,7,3255.0,110,7,3255.4,7,2,3255.8,19,1,3255.9,16,1,3256.0,61,11
11536,2025-12-30 12:33:26+05:30,3254.6,2,3249.03,887623,117382.0,116170.0,3250.0,3257.0,3239.8,3251.5,43417150,3576.6,2926.4,4322.95,2866.6,3254.6,524,6,3254.5,65,4,3254.4,100,5,3254.3,59,3,3254.2,175,7,3255.0,272,8,3255.4,7,2,3255.8,19,1,3255.9,16,1,3256.0,110,14
11536,2025-12-30 12:33:26+05:30,3254.6,2,3249.03,887623,117382.0,116170.0,3250.0,3257.0,3239.8,3251.5,43417150,3576.6,2926.4,4322.95,2866.6,3254.6,524,6,3254.5,65,4,3254.4,100,5,3254.3,59,3,3254.2,175,7,3255.0,272,8,3255.4,7,2,3255.8,19,1,3255.9,16,1,3256.0,110,14
11536,2025-12-30 12:33:27+05:30,3255.0,175,3249.04,888751,117301.0,116147.0,3250.0,3257.0,3239.8,3251.5,43417150,3576.6,2926.4,4322.95,2866.6,3254.6,463,8,3254.5,20,2,3254.4,101,5,3254.3,76,4,3254.2,471,9,3255.0,385,11,3255.4,7,2,3255.9,16,1,3256.0,61,11,3256.1,25,4
11536,2025-12-30 12:33:27+05:30,3254.6,1,3249.04,888751,117301.0,116147.0,3250.0,3257.0,3239.8,3251.5,43417150,3576.6,2926.4,4322.95,2866.6,3254.6,463,8,3254.5,20,2,3254.4,101,5,3254.3,76,4,3254.2,471,9,3255.0,385,11,3255.4,7,2,3255.9,16,1,3256.0,61,11,3256.1,25,4
11536,2025-12-30 12:33:28+05:30,3254.6,40,3249.04,889238,117518.0,116317.0,3250.0,3257.0,3239.8,3251.5,43417150,3576.6,2926.4,4322.95,2866.6,3254.7,497,7,3254.6,36,3,3254.5,20,2,3254.4,101,5,3254.3,59,3,3255.0,557,12,3255.4,7,2,3255.9,16,1,3256.0,96,13,3256.1,25,4
11536,2025-12-30 12:33:28+05:30,3254.6,40,3249.04,889238,117518.0,116317.0,3250.0,3257.0,3239.8,3251.5,43417150,3576.6,2926.4,4322.95,2866.6,3254.7,497,7,3254.6,36,3,3254.5,20,2,3254.4,101,5,3254.3,59,3,3255.0,557,12,3255.4,7,2,3255.9,16,1,3256.0,96,13,3256.1,25,4
11536,2025-12-30 12:33:29+05:30,3255.0,1,3249.04,889238,117518.0,116317.0,3250.0,3257.0,3239.8,3251.5,43417150,3576.6,2926.4,4322.95,2866.6,3254.7,497,7,3254.6,36,3,3254.5,20,2,3254.4,101,5,3254.3,59,3,3255.0,557,12,3255.4,7,2,3255.9,16,1,3256.0,96,13,3256.1,25,4
11536,2025-12-30 12:33:29+05:30,3255.0,1,3249.06,891984,114347.0,115399.0,3250.0,3257.0,3239.8,3251.5,43417150,3576.6,2926.4,4322.95,2866.6,3255.0,72,3,3254.8,48,2,3254.7,409,3,3254.6,104,6,3254.5,403,5,3255.4,132,4,3255.9,33,2,3256.0,61,11,3256.1,49,4,3256.2,15,1
11536,2025-12-30 12:33:30+05:30,3255.4,6,3249.06,891984,114347.0,115399.0,3250.0,3257.0,3239.8,3251.5,43417150,3576.6,2926.4,4322.95,2866.6,3255.0,72,3,3254.8,48,2,3254.7,409,3,3254.6,104,6,3254.5,403,5,3255.4,132,4,3255.9,33,2,3256.0,61,11,3256.1,49,4,3256.2,15,1
11536,2025-12-30 12:33:30+05:30,3255.4,6,3249.06,892005,113239.0,115787.0,3250.0,3257.0,3239.8,3251.5,43417150,3576.6,2926.4,4322.95,2866.6,3255.0,85,7,3254.9,30,2,3254.8,141,4,3254.7,441,4,3254.6,75,5,3255.4,128,5,3255.9,16,1,3256.0,61,11,3256.1,22,3,3256.2,15,1
11536,2025-12-30 12:33:31+05:30,3255.0,57,3249.06,892005,113239.0,115787.0,3250.0,3257.0,3239.8,3251.5,43417150,3576.6,2926.4,4322.95,2866.6,3255.0,85,7,3254.9,30,2,3254.8,141,4,3254.7,441,4,3254.6,75,5,3255.4,128,5,3255.9,16,1,3256.0,61,11,3256.1,22,3,3256.2,15,1
11536,2025-12-30 12:33:31+05:30,3255.1,1,3249.07,892882,116893.0,114929.0,3250.0,3257.0,3239.8,3251.5,43417150,3576.6,2926.4,4322.95,2866.6,3255.1,254,4,3255.0,122,3,3254.9,33,3,3254.8,90,4,3254.7,436,4,3255.4,68,6,3255.9,16,1,3256.0,61,11,3256.1,22,3,3256.4,4,2
11536,2025-12-30 12:33:32+05:30,3255.0,48,3249.07,892882,116893.0,114929.0,3250.0,3257.0,3239.8,3251.5,43417150,3576.6,2926.4,4322.95,2866.6,3255.1,254,4,3255.0,122,3,3254.9,33,3,3254.8,90,4,3254.7,436,4,3255.4,68,6,3255.9,16,1,3256.0,61,11,3256.1,22,3,3256.4,4,2
11536,2025-12-30 12:33:32+05:30,3255.0,48,3249.07,893256,116428.0,115170.0,3250.0,3257.0,3239.8,3251.5,43417150,3576.6,2926.4,4322.95,2866.6,3255.1,25,1,3255.0,46,2,3254.9,141,5,3254.8,100,5,3254.7,436,4,3255.4,42,9,3255.9,16,1,3256.0,61,11,3256.1,22,3,3256.4,4,2
11536,2025-12-30 12:33:33+05:30,3255.1,110,3249.07,893256,116428.0,115170.0,3250.0,3257.0,3239.8,3251.5,43417150,3576.6,2926.4,4322.95,2866.6,3255.1,25,1,3255.0,46,2,3254.9,141,5,3254.8,100,5,3254.7,436,4,3255.4,42,9,3255.9,16,1,3256.0,61,11,3256.1,22,3,3256.4,4,2
11536,2025-12-30 12:33:33+05:30,3255.1,1,3249.07,893520,117352.0,114984.0,3250.0,3257.0,3239.8,3251.5,43417150,3576.6,2926.4,4322.95,2866.6,3255.1,63,4,3255.0,55,2,3254.9,100,4,3254.8,120,6,3254.7,452,5,3255.4,37,10,3255.9,16,1,3256.0,61,11,3256.1,22,3,3256.4,4,2
11536,2025-12-30 12:33:34+05:30,3255.1,1,3249.07,893520,117352.0,114984.0,3250.0,3257.0,3239.8,3251.5,43417150,3576.6,2926.4,4322.95,2866.6,3255.1,63,4,3255.0,55,2,3254.9,100,4,3254.8,120,6,3254.7,452,5,3255.4,37,10,3255.9,16,1,3256.0,61,11,3256.1,22,3,3256.4,4,2
11536,2025-12-30 12:33:34+05:30,3255.0,19,3249.07,893662,115545.0,115652.0,3250.0,3257.0,3239.8,3251.5,43417150,3576.6,2926.4,4322.95,2866.6,3254.9,73,2,3254.8,496,7,3254.7,43,2,3254.6,83,5,3254.5,474,6,3255.4,33,10,3255.9,16,1,3256.0,61,11,3256.1,22,3,3256.4,4,2
11536,2025-12-30 12:33:35+05:30,3255.0,11,3249.07,893662,115545.0,115652.0,3250.0,3257.0,3239.8,3251.5,43417150,3576.6,2926.4,4322.95,2866.6,3254.9,73,2,3254.8,496,7,3254.7,43,2,3254.6,83,5,3254.5,474,6,3255.4,33,10,3255.9,16,1,3256.0,61,11,3256.1,22,3,3256.4,4,2
11536,2025-12-30 12:33:35+05:30,3255.0,1,3249.07,893841,116492.0,115538.0,3250.0,3257.0,3239.8,3251.5,43417150,3576.6,2926.4,4322.95,2866.6,3255.0,35,2,3254.9,15,2,3254.8,551,9,3254.7,56,4,3254.6,83,5,3255.4,30,12,3255.9,16,1,3256.0,61,11,3256.1,22,3,3256.4,4,2
11536,2025-12-30 12:33:36+05:30,3255.0,4,3249.07,893841,116492.0,115538.0,3250.0,3257.0,3239.8,3251.5,43417150,3576.6,2926.4,4322.95,2866.6,3255.0,35,2,3254.9,15,2,3254.8,551,9,3254.7,56,4,3254.6,83,5,3255.4,30,12,3255.9,16,1,3256.0,61,11,3256.1,22,3,3256.4,4,2
11536,2025-12-30 12:33:36+05:30,3255.0,4,3249.07,893964,115667.0,114959.0,3250.0,3257.0,3239.8,3251.5,43417150,3576.6,2926.4,4322.95,2866.6,3254.9,470,7,3254.8,121,5,3254.7,46,4,3254.6,130,7,3254.5,458,6,3255.4,25,10,3255.9,16,1,3256.0,61,11,3256.1,22,3,3256.4,4,2
11536,2025-12-30 12:33:37+05:30,3254.9,1,3249.07,893964,115667.0,114959.0,3250.0,3257.0,3239.8,3251.5,43417150,3576.6,2926.4,4322.95,2866.6,3254.9,470,7,3254.8,121,5,3254.7,46,4,3254.6,130,7,3254.5,458,6,3255.4,25,10,3255.9,16,1,3256.0,61,11,3256.1,22,3,3256.4,4,2
11536,2025-12-30 12:33:37+05:30,3254.9,8,3249.08,894158,112861.0,115399.0,3250.0,3257.0,3239.8,3251.5,43417150,3576.6,2926.4,4322.95,2866.6,3254.9,350,7,3254.8,54,3,3254.7,69,4,3254.6,83,5,3254.5,458,6,3255.4,16,5,3255.9,16,1,3256.0,61,11,3256.1,22,3,3256.3,3,1
11536,2025-12-30 12:33:38+05:30,3254.9,6,3249.08,894158,112861.0,115399.0,3250.0,3257.0,3239.8,3251.5,43417150,3576.6,2926.4,4322.95,2866.6,3254.9,350,7,3254.8,54,3,3254.7,69,4,3254.6,83,5,3254.5,458,6,3255.4,16,5,3255.9,16,1,3256.0,61,11,3256.1,22,3,3256.3,3,1
11536,2025-12-30 12:33:38+05:30,3255.4,2,3249.08,894206,115642.0,115339.0,3250.0,3257.0,3239.8,3251.5,43417150,3576.6,2926.4,4322.95,2866.6,3254.9,481,8,3254.8,54,3,3254.7,101,6,3254.6,96,5,3254.5,458,6,3255.4,14,7,3255.9,16,1,3256.0,61,11,3256.1,22,3,3256.3,3,1
11536,2025-12-30 12:33:39+05:30,3255.4,3,3249.08,894206,115642.0,115339.0,3250.0,3257.0,3239.8,3251.5,43417150,3576.6,2926.4,4322.95,2866.6,3254.9,481,8,3254.8,54,3,3254.7,101,6,3254.6,96,5,3254.5,458,6,3255.4,14,7,3255.9,16,1,3256.0,61,11,3256.1,22,3,3256.3,3,1
11536,2025-12-30 12:33:39+05:30,3254.9,13,3249.08,894280,115536.0,115546.0,3250.0,3257.0,3239.8,3251.5,43417150,3576.6,2926.4,4322.95,2866.6,3254.9,414,7,3254.8,56,3,3254.7,69,5,3254.6,66,4,3254.5,117,5,3255.4,15,11,3255.9,16,1,3256.0,61,11,3256.1,22,3,3256.3,35,2
11536,2025-12-30 12:33:40+05:30,3256.3,16,3249.08,894280,115536.0,115546.0,3250.0,3257.0,3239.8,3251.5,43417150,3576.6,2926.4,4322.95,2866.6,3254.9,414,7,3254.8,56,3,3254.7,69,5,3254.6,66,4,3254.5,117,5,3255.4,15,11,3255.9,16,1,3256.0,61,11,3256.1,22,3,3256.3,35,2
11536,2025-12-30 12:33:40+05:30,3255.2,1,3249.08,894505,114130.0,114577.0,3250.0,3257.0,3239.8,3251.5,43417150,3576.6,2926.4,4322.95,2866.6,3255.2,19,1,3255.0,156,5,3254.9,358,6,3254.8,106,5,3254.7,410,5,3256.2,37,3,3256.3,16,1,3256.4,34,4,3256.5,43,5,3256.6,64,4
11536,2025-12-30 12:33:41+05:30,3255.0,3,3249.08,894505,114130.0,114577.0,3250.0,3257.0,3239.8,3251.5,43417150,3576.6,2926.4,4322.95,2866.6,3255.2,19,1,3255.0,156,5,3254.9,358,6,3254.8,106,5,3254.7,410,5,3256.2,37,3,3256.3,16,1,3256.4,34,4,3256.5,43,5,3256.6,64,4
11536,2025-12-30 12:33:41+05:30,3255.0,3,3249.08,894570,113784.0,114594.0,3250.0,3257.0,3239.8,3251.5,43417150,3576.6,2926.4,4322.95,2866.6,3255.0,9,1,3254.9,342,5,3254.8,118,5,3254.7,20,2,3254.6,569,6,3256.2,43,5,3256.3,23,2,3256.4,43,5,3256.5,25,3,3256.6,77,5
11536,2025-12-30 12:33:42+05:30,3256.2,1,3249.08,894570,113784.0,114594.0,3250.0,3257.0,3239.8,3251.5,43417150,3576.6,2926.4,4322.95,2866.6,3255.0,9,1,3254.9,342,5,3254.8,118,5,3254.7,20,2,3254.6,569,6,3256.2,43,5,3256.3,23,2,3256.4,43,5,3256.5,25,3,3256.6,77,5
11536,2025-12-30 12:33:42+05:30,3255.5,3,3249.08,894713,115732.0,114023.0,3250.0,3257.0,3239.8,3251.5,43417150,3576.6,2926.4,4322.95,2866.6,3255.5,59,2,3255.4,56,3,3255.3,36,4,3255.2,39,2,3255.1,167,6,3256.2,19,8,3256.4,1,1,3256.8,50,1,3256.9,60,2,3257.0,422,17
11536,2025-12-30 12:33:43+05:30,3255.5,1,3249.08,894713,115732.0,114023.0,3250.0,3257.0,3239.8,3251.5,43417150,3576.6,2926.4,4322.95,2866.6,3255.5,59,2,3255.4,56,3,3255.3,36,4,3255.2,39,2,3255.1,167,6,3256.2,19,8,3256.4,1,1,3256.8,50,1,3256.9,60,2,3257.0,422,17
11536,2025-12-30 12:33:43+05:30,3256.2,1,3249.08,894726,114634.0,114433.0,3250.0,3257.0,3239.8,3251.5,43417150,3576.6,2926.4,4322.95,2866.6,3255.5,5,1,3255.4,48,2,3255.3,5,2,3255.2,86,3,3255.1,31,2,3256.2,20,9,3256.4,1,1,3256.6,17,1,3256.7,13,1,3256.8,122,4
11536,2025-12-30 12:33:44+05:30,3255.5,1,3249.08,894726,114634.0,114433.0,3250.0,3257.0,3239.8,3251.5,43417150,3576.6,2926.4,4322.95,2866.6,3255.5,5,1,3255.4,48,2,3255.3,5,2,3255.2,86,3,3255.1,31,2,3256.2,20,9,3256.4,1,1,3256.6,17,1,3256.7,13,1,3256.8,122,4
11536,2025-12-30 12:33:44+05:30,3255.3,1,3249.08,894809,116139.0,114647.0,3250.0,3257.0,3239.8,3251.5,43417150,3576.6,2926.4,4322.95,2866.6,3255.3,120,5,3255.2,54,3,3255.1,44,3,3255.0,603,9,3254.9,17,1,3255.5,3,3,3256.2,8,5,3256.4,1,1,3256.8,50,1,3256.9,60,2
11536,2025-12-30 12:33:45+05:30,3255.5,1,3249.08,894809,116139.0,114647.0,3250.0,3257.0,3239.8,3251.5,43417150,3576.6,2926.4,4322.95,2866.6,3255.3,120,5,3255.2,54,3,3255.1,44,3,3255.0,603,9,3254.9,17,1,3255.5,3,3,3256.2,8,5,3256.4,1,1,3256.8,50,1,3256.9,60,2
11536,2025-12-30 12:33:45+05:30,3255.2,21,3249.08,894858,115696.0,115231.0,3250.0,3257.0,3239.8,3251.5,43417150,3576.6,2926.4,4322.95,2866.6,3255.2,12,1,3255.1,10,1,3255.0,624,9,3254.9,44,3,3254.8,127,5,3255.5,7,6,3256.0,500,1,3256.2,1,1,3256.4,1,1,3256.5,3,1
11536,2025-12-30 12:33:46+05:30,3255.5,1,3249.08,894858,115696.0,115231.0,3250.0,3257.0,3239.8,3251.5,43417150,3576.6,2926.4,4322.95,2866.6,3255.2,12,1,3255.1,10,1,3255.0,624,9,3254.9,44,3,3254.8,127,5,3255.5,7,6,3256.0,500,1,3256.2,1,1,3256.4,1,1,3256.5,3,1
11536,2025-12-30 12:33:46+05:30,3255.3,2,3249.08,894872,115870.0,115260.0,3250.0,3257.0,3239.8,3251.5,43417150,3576.6,2926.4,4322.95,2866.6,3255.3,529,6,3255.2,35,2,3255.0,173,8,3254.9,37,3,3254.8,127,5,3255.5,12,10,3256.0,500,1,3256.4,1,1,3256.5,3,1,3256.7,92,1
11536,2025-12-30 12:33:47+05:30,3255.3,76,3249.08,894872,115870.0,115260.0,3250.0,3257.0,3239.8,3251.5,43417150,3576.6,2926.4,4322.95,2866.6,3255.3,529,6,3255.2,35,2,3255.0,173,8,3254.9,37,3,3254.8,127,5,3255.5,12,10,3256.0,500,1,3256.4,1,1,3256.5,3,1,3256.7,92,1
11536,2025-12-30 12:33:47+05:30,3255.5,3,3249.08,895032,116342.0,115598.0,3250.0,3257.0,3239.8,3251.5,43417150,3576.6,2926.4,4322.95,2866.6,3255.3,488,8,3255.2,31,2,3255.1,46,3,3255.0,162,7,3254.9,89,6,3255.5,5,2,3256.0,500,1,3256.4,1,1,3256.5,3,1,3256.7,92,1
11536,2025-12-30 12:33:48+05:30,3256.0,175,3249.08,895032,116342.0,115598.0,3250.0,3257.0,3239.8,3251.5,43417150,3576.6,2926.4,4322.95,2866.6,3255.3,488,8,3255.2,31,2,3255.1,46,3,3255.0,162,7,3254.9,89,6,3255.5,5,2,3256.0,500,1,3256.4,1,1,3256.5,3,1,3256.7,92,1
11536,2025-12-30 12:33:48+05:30,3256.0,175,3249.09,895467,114990.0,114603.0,3250.0,3257.0,3239.8,3251.5,43417150,3576.6,2926.4,4322.95,2866.6,3255.6,113,4,3255.5,374,4,3255.4,130,6,3255.3,85,5,3255.2,100,5,3256.0,116,3,3256.4,1,1,3256.8,50,1,3256.9,60,2,3257.0,409,16
11536,2025-12-30 12:33:49+05:30,3255.6,1,3249.09,895467,114990.0,114603.0,3250.0,3257.0,3239.8,3251.5,43417150,3576.6,2926.4,4322.95,2866.6,3255.6,113,4,3255.5,374,4,3255.4,130,6,3255.3,85,5,3255.2,100,5,3256.0,116,3,3256.4,1,1,3256.8,50,1,3256.9,60,2,3257.0,409,16
11536,2025-12-30 12:33:49+05:30,3256.0,45,3249.09,895675,114841.0,115249.0,3250.0,3257.0,3239.8,3251.5,43417150,3576.6,2926.4,4322.95,2866.6,3255.6,409,4,3255.5,13,2,3255.4,32,2,3255.3,53,4,3255.2,80,4,3256.0,479,8,3256.4,1,1,3256.8,59,2,3256.9,71,3,3257.0,422,17
11536,2025-12-30 12:33:50+05:30,3255.6,50,3249.09,895675,114841.0,115249.0,3250.0,3257.0,3239.8,3251.5,43417150,3576.6,2926.4,4322.95,2866.6,3255.6,409,4,3255.5,13,2,3255.4,32,2,3255.3,53,4,3255.2,80,4,3256.0,479,8,3256.4,1,1,3256.8,59,2,3256.9,71,3,3257.0,422,17
11536,2025-12-30 12:33:50+05:30,3255.6,2,3249.09,895976,114799.0,115455.0,3250.0,3257.0,3239.8,3251.5,43417150,3576.6,2926.4,4322.95,2866.6,3255.3,538,5,3255.2,42,3,3255.1,22,2,3255.0,210,5,3254.9,53,3,3255.6,4,1,3256.0,299,8,3256.2,17,1,3256.3,55,2,3256.4,14,2
11536,2025-12-30 12:33:51+05:30,3255.6,1,3249.09,895976,114799.0,115455.0,3250.0,3257.0,3239.8,3251.5,43417150,3576.6,2926.4,4322.95,2866.6,3255.3,538,5,3255.2,42,3,3255.1,22,2,3255.0,210,5,3254.9,53,3,3255.6,4,1,3256.0,299,8,3256.2,17,1,3256.3,55,2,3256.4,14,2
11536,2025-12-30 12:33:51+05:30,3255.3,24,3249.09,896338,115304.0,116028.0,3250.0,3257.0,3239.8,3251.5,43417150,3576.6,2926.4,4322.95,2866.6,3255.3,47,4,3255.2,31,2,3255.1,2,1,3255.0,81,4,3254.9,24,2,3256.0,217,6,3256.2,37,2,3256.4,76,5,3256.5,143,3,3256.6,25,2
11536,2025-12-30 12:33:52+05:30,3255.3,1,3249.09,896338,115304.0,116028.0,3250.0,3257.0,3239.8,3251.5,43417150,3576.6,2926.4,4322.95,2866.6,3255.3,47,4,3255.2,31,2,3255.1,2,1,3255.0,81,4,3254.9,24,2,3256.0,217,6,3256.2,37,2,3256.4,76,5,3256.5,143,3,3256.6,25,2
11536,2025-12-30 12:33:52+05:30,3255.3,1,3249.09,896395,112958.0,116616.0,3250.0,3257.0,3239.8,3251.5,43417150,3576.6,2926.4,4322.95,2866.6,3255.3,135,3,3255.2,31,2,3255.1,2,1,3255.0,78,3,3254.9,24,2,3256.0,248,10,3256.1,10,1,3256.2,54,3,3256.3,61,2,3256.4,42,3
11536,2025-12-30 12:33:53+05:30,3255.3,19,3249.09,896395,112958.0,116616.0,3250.0,3257.0,3239.8,3251.5,43417150,3576.6,2926.4,4322.95,2866.6,3255.3,135,3,3255.2,31,2,3255.1,2,1,3255.0,78,3,3254.9,24,2,3256.0,248,10,3256.1,10,1,3256.2,54,3,3256.3,61,2,3256.4,42,3
11536,2025-12-30 12:33:53+05:30,3255.3,17,3249.09,896558,113475.0,116234.0,3250.0,3257.0,3239.8,3251.5,43417150,3576.6,2926.4,4322.95,2866.6,3255.3,29,3,3255.2,31,2,3255.1,2,1,3255.0,78,3,3254.9,24,2,3256.0,217,10,3256.1,10,1,3256.2,54,3,3256.3,56,2,3256.4,55,4
11536,2025-12-30 12:33:54+05:30,3255.3,15,3249.09,896558,113475.0,116234.0,3250.0,3257.0,3239.8,3251.5,43417150,3576.6,2926.4,4322.95,2866.6,3255.3,29,3,3255.2,31,2,3255.1,2,1,3255.0,78,3,3254.9,24,2,3256.0,217,10,3256.1,10,1,3256.2,54,3,3256.3,56,2,3256.4,55,4
11536,2025-12-30 12:33:54+05:30,3255.3,1,3249.09,896575,113551.0,114512.0,3250.0,3257.0,3239.8,3251.5,43417150,3576.6,2926.4,4322.95,2866.6,3255.3,45,3,3255.2,31,2,3255.1,2,1,3255.0,78,3,3254.9,24,2,3256.0,254,15,3256.1,10,1,3256.2,83,3,3256.3,27,1,3256.4,46,3
11536,2025-12-30 12:33:55+05:30,3256.0,10,3249.09,896575,113551.0,114512.0,3250.0,3257.0,3239.8,3251.5,43417150,3576.6,2926.4,4322.95,2866.6,3255.3,45,3,3255.2,31,2,3255.1,2,1,3255.0,78,3,3254.9,24,2,3256.0,254,15,3256.1,10,1,3256.2,83,3,3256.3,27,1,3256.4,46,3
11536,2025-12-30 12:33:55+05:30,3255.3,8,3249.09,896701,113083.0,116846.0,3250.0,3257.0,3239.8,3251.5,43417150,3576.6,2926.4,4322.95,2866.6,3255.3,28,2,3255.2,11,1,3255.1,2,1,3255.0,78,3,3254.9,24,2,3255.9,121,6,3256.0,257,17,3256.1,31,2,3256.2,67,4,3256.3,119,2
11536,2025-12-30 12:33:56+05:30,3255.2,16,3249.09,896701,113083.0,116846.0,3250.0,3257.0,3239.8,3251.5,43417150,3576.6,2926.4,4322.95,2866.6,3255.3,28,2,3255.2,11,1,3255.1,2,1,3255.0,78,3,3254.9,24,2,3255.9,121,6,3256.0,257,17,3256.1,31,2,3256.2,67,4,3256.3,119,2
11536,2025-12-30 12:33:56+05:30,3255.2,2,3249.1,896790,112467.0,117071.0,3250.0,3257.0,3239.8,3251.5,43417150,3576.6,2926.4,4322.95,2866.6,3255.2,10,2,3255.1,2,1,3255.0,58,2,3254.9,24,2,3254.8,47,2,3255.3,1,1,3255.7,49,4,3255.8,53,3,3255.9,61,5,3256.0,231,11
11536,2025-12-30 12:33:57+05:30,3255.1,10,3249.1,896790,112467.0,117071.0,3250.0,3257.0,3239.8,3251.5,43417150,3576.6,2926.4,4322.95,2866.6,3255.2,10,2,3255.1,2,1,3255.0,58,2,3254.9,24,2,3254.8,47,2,3255.3,1,1,3255.7,49,4,3255.8,53,3,3255.9,61,5,3256.0,231,11
11536,2025-12-30 12:33:57+05:30,3255.0,1,3249.1,896875,111817.0,117008.0,3250.0,3257.0,3239.8,3251.5,43417150,3576.6,2926.4,4322.95,2866.6,3255.0,59,3,3254.9,24,2,3254.8,47,2,3254.7,44,4,3254.6,585,7,3255.1,6,4,3255.2,10,2,3255.3,3,3,3255.7,83,5,3255.8,19,2
11536,2025-12-30 12:33:58+05:30,3255.0,4,3249.1,896875,111817.0,117008.0,3250.0,3257.0,3239.8,3251.5,43417150,3576.6,2926.4,4322.95,2866.6,3255.0,59,3,3254.9,24,2,3254.8,47,2,3254.7,44,4,3254.6,585,7,3255.1,6,4,3255.2,10,2,3255.3,3,3,3255.7,83,5,3255.8,19,2
11536,2025-12-30 12:33:58+05:30,3255.0,2,3249.1,896926,113680.0,117379.0,3250.0,3257.0,3239.8,3251.5,43417150,3576.6,2926.4,4322.95,2866.6,3255.0,67,4,3254.9,24,2,3254.8,572,5,3254.7,26,3,3254.6,60,4,3255.1,11,9,3255.2,10,2,3255.3,3,3,3255.7,82,4,3255.8,17,1
11536,2025-12-30 12:33:59+05:30,3255.0,11,3249.1,896926,113680.0,117379.0,3250.0,3257.0,3239.8,3251.5,43417150,3576.6,2926.4,4322.95,2866.6,3255.0,67,4,3254.9,24,2,3254.8,572,5,3254.7,26,3,3254.6,60,4,3255.1,11,9,3255.2,10,2,3255.3,3,3,3255.7,82,4,3255.8,17,1
11536,2025-12-30 12:33:59+05:30,3255.0,11,3249.1,897038,113720.0,116828.0,3250.0,3257.0,3239.8,3251.5,43417150,3576.6,2926.4,4322.95,2866.6,3255.0,45,3,3254.9,24,2,3254.8,589,6,3254.7,26,3,3254.6,110,6,3255.1,26,11,3255.3,1,1,3256.0,205,3,3256.1,33,3,3256.2,66,4
11536,2025-12-30 12:34:00+05:30,3255.1,1,3249.1,897038,113720.0,116828.0,3250.0,3257.0,3239.8,3251.5,43417150,3576.6,2926.4,4322.95,2866.6,3255.0,45,3,3254.9,24,2,3254.8,589,6,3254.7,26,3,3254.6,110,6,3255.1,26,11,3255.3,1,1,3256.0,205,3,3256.1,33,3,3256.2,66,4
11536,2025-12-30 12:34:00+05:30,3255.4,3,3249.1,897128,113825.0,113074.0,3250.0,3257.0,3239.8,3251.5,43417150,3576.6,2926.4,4322.95,2866.6,3255.4,172,1,3255.2,36,2,3255.1,23,2,3255.0,625,10,3254.9,399,4,3256.0,176,2,3256.3,34,1,3256.4,1,1,3256.6,28,1,3256.7,11,1
11536,2025-12-30 12:34:01+05:30,3256.0,1,3249.1,897128,113825.0,113074.0,3250.0,3257.0,3239.8,3251.5,43417150,3576.6,2926.4,4322.95,2866.6,3255.4,172,1,3255.2,36,2,3255.1,23,2,3255.0,625,10,3254.9,399,4,3256.0,176,2,3256.3,34,1,3256.4,1,1,3256.6,28,1,3256.7,11,1
11536,2025-12-30 12:34:01+05:30,3256.0,1,3249.1,897514,114343.0,115751.0,3250.0,3257.0,3239.8,3251.5,43417150,3576.6,2926.4,4322.95,2866.6,3255.4,277,8,3255.3,65,3,3255.2,123,6,3255.1,592,7,3255.0,246,11,3256.0,300,3,3256.4,1,1,3256.8,53,2,3256.9,67,2,3257.0,449,17
11536,2025-12-30 12:34:02+05:30,3256.0,1,3249.1,897514,116093.0,115812.0,3250.0,3257.0,3239.8,3251.5,43417150,3576.6,2926.4,4322.95,2866.6,3255.4,277,8,3255.3,65,3,3255.2,123,6,3255.1,592,7,3255.0,246,11,3256.0,318,5,3256.4,1,1,3256.8,53,2,3256.9,67,2,3257.0,541,18
11536,2025-12-30 12:34:03+05:30,3255.4,59,3249.1,897514,116093.0,115812.0,3250.0,3257.0,3239.8,3251.5,43417150,3576.6,2926.4,4322.95,2866.6,3255.4,277,8,3255.3,65,3,3255.2,123,6,3255.1,592,7,3255.0,246,11,3256.0,318,5,3256.4,1,1,3256.8,53,2,3256.9,67,2,3257.0,541,18
11536,2025-12-30 12:34:03+05:30,3255.4,11,3249.1,897720,115619.0,116451.0,3250.0,3257.0,3239.8,3251.5,43417150,3576.6,2926.4,4322.95,2866.6,3255.4,3,1,3255.3,43,2,3255.2,65,4,3255.1,620,8,3255.0,308,12,3256.0,310,8,3256.4,1,1,3256.7,28,1,3256.8,72,4,3256.9,222,7
11536,2025-12-30 12:34:04+05:30,3255.3,3,3249.1,897720,115619.0,116451.0,3250.0,3257.0,3239.8,3251.5,43417150,3576.6,2926.4,4322.95,2866.6,3255.4,3,1,3255.3,43,2,3255.2,65,4,3255.1,620,8,3255.0,308,12,3256.0,310,8,3256.4,1,1,3256.7,28,1,3256.8,72,4,3256.9,222,7
11536,2025-12-30 12:34:04+05:30,3255.5,57,3249.1,897791,116532.0,116518.0,3250.0,3257.0,3239.8,3251.5,43417150,3576.6,2926.4,4322.95,2866.6,3255.5,464,3,3255.4,9,1,3255.3,1,1,3255.2,63,3,3255.1,94,4,3256.0,310,10,3256.4,1,1,3256.7,62,2,3256.8,85,5,3256.9,114,4
11536,2025-12-30 12:34:05+05:30,3256.0,1,3249.1,897791,116532.0,116518.0,3250.0,3257.0,3239.8,3251.5,43417150,3576.6,2926.4,4322.95,2866.6,3255.5,464,3,3255.4,9,1,3255.3,1,1,3255.2,63,3,3255.1,94,4,3256.0,310,10,3256.4,1,1,3256.7,62,2,3256.8,85,5,3256.9,114,4
11536,2025-12-30 12:34:05+05:30,3255.5,20,3249.1,897902,116468.0,113627.0,3250.0,3257.0,3239.8,3251.5,43417150,3576.6,2926.4,4322.95,2866.6,3255.5,391,4,3255.3,1,1,3255.2,48,2,3255.1,84,5,3255.0,258,8,3256.0,302,12,3256.4,1,1,3256.7,62,2,3256.8,96,6,3256.9,101,3
11536,2025-12-30 12:34:06+05:30,3255.5,8,3249.1,897902,116468.0,113627.0,3250.0,3257.0,3239.8,3251.5,43417150,3576.6,2926.4,4322.95,2866.6,3255.5,391,4,3255.3,1,1,3255.2,48,2,3255.1,84,5,3255.0,258,8,3256.0,302,12,3256.4,1,1,3256.7,62,2,3256.8,96,6,3256.9,101,3
11536,2025-12-30 12:34:06+05:30,3255.5,11,3249.11,898568,116469.0,116463.0,3250.0,3257.0,3239.8,3251.5,43417150,3576.6,2926.4,4322.95,2866.6,3255.5,336,3,3255.4,28,1,3255.3,59,3,3255.2,188,6,3255.1,87,6,3256.0,232,13,3256.4,1,1,3256.8,52,2,3256.9,39,1,3257.0,554,19
11536,2025-12-30 12:34:07+05:30,3255.5,4,3249.11,898568,116469.0,116463.0,3250.0,3257.0,3239.8,3251.5,43417150,3576.6,2926.4,4322.95,2866.6,3255.5,336,3,3255.4,28,1,3255.3,59,3,3255.2,188,6,3255.1,87,6,3256.0,232,13,3256.4,1,1,3256.8,52,2,3256.9,39,1,3257.0,554,19
11536,2025-12-30 12:34:07+05:30,3256.0,1,3249.11,898684,115989.0,113696.0,3250.0,3257.0,3239.8,3251.5,43417150,3576.6,2926.4,4322.95,2866.6,3255.5,221,3,3255.3,43,1,3255.2,93,3,3255.1,49,4,3255.0,279,10,3256.0,248,13,3256.4,1,1,3256.5,17,1,3256.7,60,2,3256.8,147,4
11536,2025-12-30 12:34:08+05:30,3255.5,3,3249.11,898684,115989.0,113696.0,3250.0,3257.0,3239.8,3251.5,43417150,3576.6,2926.4,4322.95,2866.6,3255.5,221,3,3255.3,43,1,3255.2,93,3,3255.1,49,4,3255.0,279,10,3256.0,248,13,3256.4,1,1,3256.5,17,1,3256.7,60,2,3256.8,147,4
11536,2025-12-30 12:34:08+05:30,3255.5,1,3249.11,898793,116143.0,116605.0,3250.0,3257.0,3239.8,3251.5,43417150,3576.6,2926.4,4322.95,2866.6,3255.5,365,4,3255.3,71,2,3255.2,96,3,3255.1,67,5,3255.0,233,8,3256.0,233,11,3256.4,1,1,3256.7,34,1,3256.8,66,4,3256.9,182,4
11536,2025-12-30 12:34:09+05:30,3255.5,36,3249.11,898793,116143.0,116605.0,3250.0,3257.0,3239.8,3251.5,43417150,3576.6,2926.4,4322.95,2866.6,3255.5,365,4,3255.3,71,2,3255.2,96,3,3255.1,67,5,3255.0,233,8,3256.0,233,11,3256.4,1,1,3256.7,34,1,3256.8,66,4,3256.9,182,4
11536,2025-12-30 12:34:09+05:30,3255.5,2,3249.11,898993,116004.0,115276.0,3250.0,3257.0,3239.8,3251.5,43417150,3576.6,2926.4,4322.95,2866.6,3255.5,340,4,3255.3,71,2,3255.2,63,2,3255.1,49,4,3255.0,233,8,3256.0,222,11,3256.4,1,1,3256.7,34,1,3256.8,66,4,3256.9,182,4
11536,2025-12-30 12:34:10+05:30,3255.5,17,3249.11,898993,116004.0,115276.0,3250.0,3257.0,3239.8,3251.5,43417150,3576.6,2926.4,4322.95,2866.6,3255.5,340,4,3255.3,71,2,3255.2,63,2,3255.1,49,4,3255.0,233,8,3256.0,222,11,3256.4,1,1,3256.7,34,1,3256.8,66,4,3256.9,182,4
11536,2025-12-30 12:34:10+05:30,3255.5,17,3249.11,899083,115817.0,116402.0,3250.0,3257.0,3239.8,3251.5,43417150,3576.6,2926.4,4322.95,2866.6,3255.5,250,4,3255.2,20,1,3255.1,59,5,3255.0,418,10,3254.9,427,5,3256.0,224,15,3256.2,17,1,3256.3,22,1,3256.4,35,2,3256.5,29,1
11536,2025-12-30 12:34:11+05:30,3255.5,5,3249.11,899083,115817.0,116402.0,3250.0,3257.0,3239.8,3251.5,43417150,3576.6,2926.4,4322.95,2866.6,3255.5,250,4,3255.2,20,1,3255.1,59,5,3255.0,418,10,3254.9,427,5,3256.0,224,15,3256.2,17,1,3256.3,22,1,3256.4,35,2,3256.5,29,1
11536,2025-12-30 12:34:11+05:30,3256.0,2,3249.11,899157,116002.0,116841.0,3250.0,3257.0,3239.8,3251.5,43417150,3576.6,2926.4,4322.95,2866.6,3255.5,402,4,3255.2,20,1,3255.1,82,6,3255.0,418,10,3254.9,427,5,3256.0,218,14,3256.4,35,2,3256.5,29,1,3256.7,51,2,3256.8,169,6
11536,2025-12-30 12:34:12+05:30,3255.6,8,3249.11,899157,116002.0,116841.0,3250.0,3257.0,3239.8,3251.5,43417150,3576.6,2926.4,4322.95,2866.6,3255.5,402,4,3255.2,20,1,3255.1,82,6,3255.0,418,10,3254.9,427,5,3256.0,218,14,3256.4,35,2,3256.5,29,1,3256.7,51,2,3256.8,169,6
11536,2025-12-30 12:34:12+05:30,3256.0,175,3249.12,900356,116354.0,115969.0,3250.0,3257.0,3239.8,3251.5,43417150,3576.6,2926.4,4322.95,2866.6,3255.6,190,5,3255.5,132,4,3255.4,128,5,3255.3,82,4,3255.2,139,6,3256.0,144,11,3256.4,1,1,3256.8,50,1,3256.9,39,1,3257.0,446,16
11536,2025-12-30 12:34:13+05:30,3255.6,1,3249.12,900356,116354.0,115969.0,3250.0,3257.0,3239.8,3251.5,43417150,3576.6,2926.4,4322.95,2866.6,3255.6,190,5,3255.5,132,4,3255.4,128,5,3255.3,82,4,3255.2,139,6,3256.0,144,11,3256.4,1,1,3256.8,50,1,3256.9,39,1,3257.0,446,16
11536,2025-12-30 12:34:13+05:30,3256.0,170,3249.12,900727,116104.0,116719.0,3250.0,3257.0,3239.8,3251.5,43417150,3576.6,2926.4,4322.95,2866.6,3255.6,292,2,3255.5,71,2,3255.4,106,4,3255.3,55,3,3255.2,163,7,3256.0,401,12,3256.4,1,1,3256.8,67,2,3256.9,78,3,3257.0,575,19
11536,2025-12-30 12:34:14+05:30,3256.0,175,3249.12,900727,116104.0,116719.0,3250.0,3257.0,3239.8,3251.5,43417150,3576.6,2926.4,4322.95,2866.6,3255.6,292,2,3255.5,71,2,3255.4,106,4,3255.3,55,3,3255.2,163,7,3256.0,401,12,3256.4,1,1,3256.8,67,2,3256.9,78,3,3257.0,575,19
11536,2025-12-30 12:34:14+05:30,3255.6,1,3249.13,900989,115983.0,116549.0,3250.0,3257.0,3239.8,3251.5,43417150,3576.6,2926.4,4322.95,2866.6,3255.6,78,2,3255.5,233,3,3255.4,117,5,3255.3,13,2,3255.2,104,5,3256.0,230,12,3256.4,1,1,3256.8,50,1,3256.9,50,2,3257.0,575,19
11536,2025-12-30 12:34:15+05:30,3256.0,1,3249.13,900989,115983.0,116549.0,3250.0,3257.0,3239.8,3251.5,43417150,3576.6,2926.4,4322.95,2866.6,3255.6,78,2,3255.5,233,3,3255.4,117,5,3255.3,13,2,3255.2,104,5,3256.0,230,12,3256.4,1,1,3256.8,50,1,3256.9,50,2,3257.0,575,19
11536,2025-12-30 12:34:15+05:30,3255.8,1,3249.13,901256,116004.0,116212.0,3250.0,3257.0,3239.8,3251.5,43417150,3576.6,2926.4,4322.95,2866.6,3255.6,12,1,3255.5,379,3,3255.4,21,1,3255.3,42,3,3255.2,50,2,3255.8,5,1,3255.9,6,1,3256.0,199,14,3256.3,17,1,3256.4,23,2
11536,2025-12-30 12:34:16+05:30,3256.0,1,3249.13,901256,116004.0,116212.0,3250.0,3257.0,3239.8,3251.5,43417150,3576.6,2926.4,4322.95,2866.6,3255.6,12,1,3255.5,379,3,3255.4,21,1,3255.3,42,3,3255.2,50,2,3255.8,5,1,3255.9,6,1,3256.0,199,14,3256.3,17,1,3256.4,23,2
11536,2025-12-30 12:34:16+05:30,3255.8,1,3249.13,901723,115730.0,116395.0,3250.0,3257.0,3239.8,3251.5,43417150,3576.6,2926.4,4322.95,2866.6,3255.6,350,2,3255.5,18,1,3255.3,21,2,3255.2,20,1,3255.1,38,2,3255.8,2,1,3256.0,536,12,3256.4,1,1,3256.5,17,1,3256.6,28,1
11536,2025-12-30 12:34:17+05:30,3255.5,26,3249.13,901723,115730.0,116395.0,3250.0,3257.0,3239.8,3251.5,43417150,3576.6,2926.4,4322.95,2866.6,3255.6,350,2,3255.5,18,1,3255.3,21,2,3255.2,20,1,3255.1,38,2,3255.8,2,1,3256.0,536,12,3256.4,1,1,3256.5,17,1,3256.6,28,1
11536,2025-12-30 12:34:17+05:30,3255.5,26,3249.13,901981,113835.0,117366.0,3250.0,3257.0,3239.8,3251.5,43417150,3576.6,2926.4,4322.95,2866.6,3255.5,29,1,3255.3,10,1,3255.2,20,1,3255.1,29,1,3255.0,123,6,3255.6,22,4,3256.0,607,7,3256.4,93,2,3256.5,51,2,3256.6,28,1
11536,2025-12-30 12:34:18+05:30,3255.5,23,3249.13,901981,113835.0,117366.0,3250.0,3257.0,3239.8,3251.5,43417150,3576.6,2926.4,4322.95,2866.6,3255.5,29,1,3255.3,10,1,3255.2,20,1,3255.1,29,1,3255.0,123,6,3255.6,22,4,3256.0,607,7,3256.4,93,2,3256.5,51,2,3256.6,28,1
11536,2025-12-30 12:34:18+05:30,3255.5,23,3249.13,902109,114322.0,117898.0,3250.0,3257.0,3239.8,3251.5,43417150,3576.6,2926.4,4322.95,2866.6,3255.5,6,1,3255.3,10,1,3255.1,29,1,3255.0,173,7,3254.9,24,2,3255.6,41,9,3256.0,593,3,3256.4,1,1,3256.5,51,2,3256.6,133,3
11536,2025-12-30 12:34:19+05:30,3255.5,3,3249.13,902109,114322.0,117898.0,3250.0,3257.0,3239.8,3251.5,43417150,3576.6,2926.4,4322.95,2866.6,3255.5,6,1,3255.3,10,1,3255.1,29,1,3255.0,173,7,3254.9,24,2,3255.6,41,9,3256.0,593,3,3256.4,1,1,3256.5,51,2,3256.6,133,3
11536,2025-12-30 12:34:19+05:30,3255.5,3,3249.14,902343,113337.0,117459.0,3250.0,3257.0,3239.8,3251.5,43417150,3576.6,2926.4,4322.95,2866.6,3255.3,11,2,3255.1,20,2,3255.0,120,5,3254.9,53,3,3254.8,398,7,3255.5,7,2,3255.6,29,9,3256.0,589,2,3256.3,70,3,3256.4,93,2
11536,2025-12-30 12:34:20+05:30,3255.5,1,3249.14,902343,113337.0,117459.0,3250.0,3257.0,3239.8,3251.5,43417150,3576.6,2926.4,4322.95,2866.6,3255.3,11,2,3255.1,20,2,3255.0,120,5,3254.9,53,3,3254.8,398,7,3255.5,7,2,3255.6,29,9,3256.0,589,2,3256.3,70,3,3256.4,93,2
11536,2025-12-30 12:34:20+05:30,3255.5,1,3249.14,902397,111238.0,119443.0,3250.0,3257.0,3239.8,3251.5,43417150,3576.6,2926.4,4322.95,2866.6,3255.1,2,1,3255.0,98,4,3254.9,24,2,3254.8,360,5,3254.7,20,2,3255.5,32,8,3255.6,9,5,3255.9,64,2,3256.0,589,2,3256.1,11,1
11536,2025-12-30 12:34:21+05:30,3255.0,3,3249.14,902397,111238.0,119443.0,3250.0,3257.0,3239.8,3251.5,43417150,3576.6,2926.4,4322.95,2866.6,3255.1,2,1,3255.0,98,4,3254.9,24,2,3254.8,360,5,3254.7,20,2,3255.5,32,8,3255.6,9,5,3255.9,64,2,3256.0,589,2,3256.1,11,1
11536,2025-12-30 12:34:21+05:30,3255.0,3,3249.14,902424,113203.0,119951.0,3250.0,3257.0,3239.8,3251.5,43417150,3576.6,2926.4,4322.95,2866.6,3255.0,88,4,3254.9,42,3,3254.8,353,5,3254.7,20,2,3254.6,125,8,3255.1,7,4,3255.5,30,8,3255.6,3,2,3255.8,64,2,3256.0,589,2
11536,2025-12-30 12:34:22+05:30,3255.0,2,3249.14,902424,113203.0,119951.0,3250.0,3257.0,3239.8,3251.5,43417150,3576.6,2926.4,4322.95,2866.6,3255.0,88,4,3254.9,42,3,3254.8,353,5,3254.7,20,2,3254.6,125,8,3255.1,7,4,3255.5,30,8,3255.6,3,2,3255.8,64,2,3256.0,589,2
11536,2025-12-30 12:34:22+05:30,3255.0,2,3249.14,902500,112990.0,119399.0,3250.0,3257.0,3239.8,3251.5,43417150,3576.6,2926.4,4322.95,2866.6,3255.0,105,4,3254.9,325,4,3254.8,47,2,3254.7,20,2,3254.6,107,7,3255.1,13,7,3255.5,22,5,3255.7,64,2,3255.9,11,1,3256.0,589,2
11536,2025-12-30 12:34:23+05:30,3255.0,2,3249.14,902500,112990.0,119399.0,3250.0,3257.0,3239.8,3251.5,43417150,3576.6,2926.4,4322.95,2866.6,3255.0,105,4,3254.9,325,4,3254.8,47,2,3254.7,20,2,3254.6,107,7,3255.1,13,7,3255.5,22,5,3255.7,64,2,3255.9,11,1,3256.0,589,2
11536,2025-12-30 12:34:23+05:30,3255.1,1,3249.14,902659,113449.0,118856.0,3250.0,3257.0,3239.8,3251.5,43417150,3576.6,2926.4,4322.95,2866.6,3255.4,105,1,3255.0,91,3,3254.9,325,4,3254.8,52,3,3254.7,48,3,3255.5,1,1,3255.7,35,1,3256.0,589,2,3256.1,29,1,3256.2,14,1
11536,2025-12-30 12:34:24+05:30,3256.0,175,3249.14,902659,113449.0,118856.0,3250.0,3257.0,3239.8,3251.5,43417150,3576.6,2926.4,4322.95,2866.6,3255.4,105,1,3255.0,91,3,3254.9,325,4,3254.8,52,3,3254.7,48,3,3255.5,1,1,3255.7,35,1,3256.0,589,2,3256.1,29,1,3256.2,14,1
11536,2025-12-30 12:34:24+05:30,3256.0,175,3249.14,903105,113617.0,116667.0,3250.0,3257.0,3239.8,3251.5,43417150,3576.6,2926.4,4322.95,2866.6,3255.9,98,1,3255.8,175,1,3255.5,25,2,3255.4,68,3,3255.3,40,2,3256.0,263,4,3256.2,29,1,3256.4,1,1,3256.7,35,1,3256.8,64,2
11536,2025-12-30 12:34:25+05:30,3256.0,1,3249.14,903105,113617.0,116667.0,3250.0,3257.0,3239.8,3251.5,43417150,3576.6,2926.4,4322.95,2866.6,3255.9,98,1,3255.8,175,1,3255.5,25,2,3255.4,68,3,3255.3,40,2,3256.0,263,4,3256.2,29,1,3256.4,1,1,3256.7,35,1,3256.8,64,2
11536,2025-12-30 12:34:25+05:30,3256.0,1,3249.14,903109,112689.0,117497.0,3250.0,3257.0,3239.8,3251.5,43417150,3576.6,2926.4,4322.95,2866.6,3255.9,98,1,3255.8,175,1,3255.4,21,1,3255.3,45,2,3255.2,369,5,3256.0,261,6,3256.2,29,1,3256.4,1,1,3256.5,35,1,3256.6,17,1
11536,2025-12-30 12:34:26+05:30,3255.9,97,3249.14,903109,112689.0,117497.0,3250.0,3257.0,3239.8,3251.5,43417150,3576.6,2926.4,4322.95,2866.6,3255.9,98,1,3255.8,175,1,3255.4,21,1,3255.3,45,2,3255.2,369,5,3256.0,261,6,3256.2,29,1,3256.4,1,1,3256.5,35,1,3256.6,17,1
11536,2025-12-30 12:34:26+05:30,3255.9,97,3249.14,903210,112698.0,116304.0,3250.0,3257.0,3239.8,3251.5,43417150,3576.6,2926.4,4322.95,2866.6,3255.8,175,1,3255.4,21,1,3255.3,11,1,3255.2,369,5,3255.1,6,1,3255.9,12,2,3256.0,249,7,3256.2,29,1,3256.4,1,1,3256.5,35,1
11536,2025-12-30 12:34:27+05:30,3255.8,67,3249.14,903210,112698.0,116304.0,3250.0,3257.0,3239.8,3251.5,43417150,3576.6,2926.4,4322.95,2866.6,3255.8,175,1,3255.4,21,1,3255.3,11,1,3255.2,369,5,3255.1,6,1,3255.9,12,2,3256.0,249,7,3256.2,29,1,3256.4,1,1,3256.5,35,1
11536,2025-12-30 12:34:27+05:30,3255.8,67,3249.14,903357,112614.0,116497.0,3250.0,3257.0,3239.8,3251.5,43417150,3576.6,2926.4,4322.95,2866.6,3255.8,29,1,3255.4,21,1,3255.3,11,1,3255.2,366,4,3255.1,56,2,3255.9,19,5,3256.0,240,4,3256.2,29,1,3256.4,36,2,3256.7,140,3
11536,2025-12-30 12:34:28+05:30,3255.8,12,3249.14,903357,112614.0,116497.0,3250.0,3257.0,3239.8,3251.5,43417150,3576.6,2926.4,4322.95,2866.6,3255.8,29,1,3255.4,21,1,3255.3,11,1,3255.2,366,4,3255.1,56,2,3255.9,19,5,3256.0,240,4,3256.2,29,1,3256.4,36,2,3256.7,140,3
11536,2025-12-30 12:34:28+05:30,3255.8,3,3249.14,903389,114630.0,117564.0,3250.0,3257.0,3239.8,3251.5,43417150,3576.6,2926.4,4322.95,2866.6,3255.4,301,2,3255.2,103,4,3255.1,67,3,3255.0,291,8,3254.9,99,5,3255.8,5,3,3255.9,13,6,3256.0,389,4,3256.2,29,1,3256.3,35,1
11536,2025-12-30 12:34:29+05:30,3255.4,1,3249.14,903389,114630.0,117564.0,3250.0,3257.0,3239.8,3251.5,43417150,3576.6,2926.4,4322.95,2866.6,3255.4,301,2,3255.2,103,4,3255.1,67,3,3255.0,291,8,3254.9,99,5,3255.8,5,3,3255.9,13,6,3256.0,389,4,3256.2,29,1,3256.3,35,1
11536,2025-12-30 12:34:29+05:30,3255.4,1,3249.14,903413,114670.0,117439.0,3250.0,3257.0,3239.8,3251.5,43417150,3576.6,2926.4,4322.95,2866.6,3255.4,277,2,3255.2,84,3,3255.1,86,4,3255.0,270,7,3254.9,99,5,3255.8,8,6,3255.9,9,4,3256.0,417,4,3256.1,35,1,3256.4,1,1
11536,2025-12-30 12:34:30+05:30,3256.0,48,3249.14,903413,114670.0,117439.0,3250.0,3257.0,3239.8,3251.5,43417150,3576.6,2926.4,4322.95,2866.6,3255.4,277,2,3255.2,84,3,3255.1,86,4,3255.0,270,7,3254.9,99,5,3255.8,8,6,3255.9,9,4,3256.0,417,4,3256.1,35,1,3256.4,1,1
11536,2025-12-30 12:34:30+05:30,3256.0,175,3249.15,904401,113185.0,116256.0,3250.0,3257.0,3239.8,3251.5,43417150,3576.6,2926.4,4322.95,2866.6,3255.7,282,5,3255.6,17,1,3255.5,22,1,3255.4,74,4,3255.3,95,4,3256.0,16,3,3256.4,1,1,3256.7,31,1,3256.8,50,1,3256.9,62,3
11536,2025-12-30 12:34:31+05:30,3256.3,17,3249.15,904401,113185.0,116256.0,3250.0,3257.0,3239.8,3251.5,43417150,3576.6,2926.4,4322.95,2866.6,3255.7,282,5,3255.6,17,1,3255.5,22,1,3255.4,74,4,3255.3,95,4,3256.0,16,3,3256.4,1,1,3256.7,31,1,3256.8,50,1,3256.9,62,3
11536,2025-12-30 12:34:31+05:30,3256.4,1,3249.16,905635,112289.0,116061.0,3250.0,3257.0,3239.8,3251.5,43417150,3576.6,2926.4,4322.95,2866.6,3256.1,49,3,3256.0,23,1,3255.7,263,4,3255.6,118,4,3255.5,55,3,3256.4,29,2,3256.8,81,2,3256.9,59,2,3257.0,469,18,3257.1,3,1
11536,2025-12-30 12:34:32+05:30,3256.1,1,3249.16,905635,112289.0,116061.0,3250.0,3257.0,3239.8,3251.5,43417150,3576.6,2926.4,4322.95,2866.6,3256.1,49,3,3256.0,23,1,3255.7,263,4,3255.6,118,4,3255.5,55,3,3256.4,29,2,3256.8,81,2,3256.9,59,2,3257.0,469,18,3257.1,3,1
11536,2025-12-30 12:34:32+05:30,3256.4,1,3249.16,905637,112157.0,116694.0,3250.0,3257.0,3239.8,3251.5,43417150,3576.6,2926.4,4322.95,2866.6,3256.1,31,2,3255.7,241,2,3255.6,101,3,3255.5,33,2,3255.4,69,3,3256.4,29,3,3256.7,31,1,3256.8,67,2,3256.9,106,5,3257.0,469,18
11536,2025-12-30 12:34:33+05:30,3256.4,1,3249.16,905637,112157.0,116694.0,3250.0,3257.0,3239.8,3251.5,43417150,3576.6,2926.4,4322.95,2866.6,3256.1,31,2,3255.7,241,2,3255.6,101,3,3255.5,33,2,3255.4,69,3,3256.4,29,3,3256.7,31,1,3256.8,67,2,3256.9,106,5,3257.0,469,18
11536,2025-12-30 12:34:33+05:30,3256.1,1,3249.16,905668,113548.0,116496.0,3250.0,3257.0,3239.8,3251.5,43417150,3576.6,2926.4,4322.95,2866.6,3255.7,301,5,3255.6,41,2,3255.5,33,2,3255.4,46,3,3255.3,77,3,3256.1,10,1,3256.4,19,3,3256.8,50,1,3256.9,70,3,3257.0,469,18
11536,2025-12-30 12:34:34+05:30,3256.1,1,3249.16,905668,113548.0,116496.0,3250.0,3257.0,3239.8,3251.5,43417150,3576.6,2926.4,4322.95,2866.6,3255.7,301,5,3255.6,41,2,3255.5,33,2,3255.4,46,3,3255.3,77,3,3256.1,10,1,3256.4,19,3,3256.8,50,1,3256.9,70,3,3257.0,469,18
11536,2025-12-30 12:34:34+05:30,3255.7,118,3249.16,905853,114109.0,116625.0,3250.0,3257.0,3239.8,3251.5,43417150,3576.6,2926.4,4322.95,2866.6,3255.7,323,6,3255.6,41,2,3255.5,20,2,3255.4,74,4,3255.3,75,3,3256.1,12,4,3256.4,1,1,3256.8,50,1,3256.9,59,2,3257.0,469,18
11536,2025-12-30 12:34:35+05:30,3256.1,1,3249.16,905853,114109.0,116625.0,3250.0,3257.0,3239.8,3251.5,43417150,3576.6,2926.4,4322.95,2866.6,3255.7,323,6,3255.6,41,2,3255.5,20,2,3255.4,74,4,3255.3,75,3,3256.1,12,4,3256.4,1,1,3256.8,50,1,3256.9,59,2,3257.0,469,18
11536,2025-12-30 12:34:35+05:30,3255.7,33,3249.16,905952,112047.0,116625.0,3250.0,3257.0,3239.8,3251.5,43417150,3576.6,2926.4,4322.95,2866.6,3255.7,255,7,3255.6,23,1,3255.5,48,3,3255.4,74,4,3255.3,93,4,3256.1,12,5,3256.4,1,1,3256.8,50,1,3256.9,59,2,3257.0,469,18
11536,2025-12-30 12:34:36+05:30,3256.1,5,3249.16,905952,112047.0,116625.0,3250.0,3257.0,3239.8,3251.5,43417150,3576.6,2926.4,4322.95,2866.6,3255.7,255,7,3255.6,23,1,3255.5,48,3,3255.4,74,4,3255.3,93,4,3256.1,12,5,3256.4,1,1,3256.8,50,1,3256.9,59,2,3257.0,469,18
11536,2025-12-30 12:34:36+05:30,3256.0,26,3249.16,906058,115739.0,115629.0,3250.0,3257.0,3239.8,3251.5,43417150,3576.6,2926.4,4322.95,2866.6,3256.0,149,1,3255.7,75,5,3255.6,80,3,3255.5,48,3,3255.4,415,5,3256.1,11,4,3256.8,50,1,3256.9,39,1,3257.0,466,17,3257.1,3,1
11536,2025-12-30 12:34:37+05:30,3256.9,7,3249.16,906058,115739.0,115629.0,3250.0,3257.0,3239.8,3251.5,43417150,3576.6,2926.4,4322.95,2866.6,3256.0,149,1,3255.7,75,5,3255.6,80,3,3255.5,48,3,3255.4,415,5,3256.1,11,4,3256.8,50,1,3256.9,39,1,3257.0,466,17,3257.1,3,1
11536,2025-12-30 12:34:37+05:30,3256.0,1,3249.17,906448,113844.0,115499.0,3250.0,3257.0,3239.8,3251.5,43417150,3576.6,2926.4,4322.95,2866.6,3256.0,116,2,3255.8,55,2,3255.7,39,3,3255.6,90,5,3255.5,28,1,3256.8,31,1,3256.9,99,5,3257.0,493,18,3257.1,10,1,3257.2,114,3
11536,2025-12-30 12:34:38+05:30,3256.7,1,3249.17,906448,113844.0,115499.0,3250.0,3257.0,3239.8,3251.5,43417150,3576.6,2926.4,4322.95,2866.6,3256.0,116,2,3255.8,55,2,3255.7,39,3,3255.6,90,5,3255.5,28,1,3256.8,31,1,3256.9,99,5,3257.0,493,18,3257.1,10,1,3257.2,114,3
11536,2025-12-30 12:34:38+05:30,3256.7,1,3249.17,906449,114053.0,115678.0,3250.0,3257.0,3239.8,3251.5,43417150,3576.6,2926.4,4322.95,2866.6,3256.4,175,1,3256.1,9,1,3256.0,117,3,3255.8,21,1,3255.7,73,4,3256.7,31,2,3256.8,43,2,3256.9,21,2,3257.0,466,17,3257.1,10,1
11536,2025-12-30 12:34:39+05:30,3256.7,10,3249.17,906449,114053.0,115678.0,3250.0,3257.0,3239.8,3251.5,43417150,3576.6,2926.4,4322.95,2866.6,3256.4,175,1,3256.1,9,1,3256.0,117,3,3255.8,21,1,3255.7,73,4,3256.7,31,2,3256.8,43,2,3256.9,21,2,3257.0,466,17,3257.1,10,1
11536,2025-12-30 12:34:39+05:30,3256.7,10,3249.17,906575,113246.0,115776.0,3250.0,3257.0,3239.8,3251.5,43417150,3576.6,2926.4,4322.95,2866.6,3256.4,66,2,3256.0,122,4,3255.9,12,1,3255.8,21,1,3255.7,39,3,3256.7,7,3,3256.8,43,2,3256.9,40,2,3257.0,466,17,3257.1,10,1
11536,2025-12-30 12:34:40+05:30,3256.7,1,3249.17,906575,113246.0,115776.0,3250.0,3257.0,3239.8,3251.5,43417150,3576.6,2926.4,4322.95,2866.6,3256.4,66,2,3256.0,122,4,3255.9,12,1,3255.8,21,1,3255.7,39,3,3256.7,7,3,3256.8,43,2,3256.9,40,2,3257.0,466,17,3257.1,10,1
11536,2025-12-30 12:34:40+05:30,3256.6,58,3249.17,906635,113534.0,115670.0,3250.0,3257.0,3239.8,3251.5,43417150,3576.6,2926.4,4322.95,2866.6,3256.6,1,1,3256.4,7,1,3256.2,68,1,3256.1,10,1,3256.0,75,4,3256.7,6,3,3256.9,31,1,3257.0,466,17,3257.2,26,2,3257.3,29,1
11536,2025-12-30 12:34:41+05:30,3256.4,2,3249.17,906635,113534.0,115670.0,3250.0,3257.0,3239.8,3251.5,43417150,3576.6,2926.4,4322.95,2866.6,3256.6,1,1,3256.4,7,1,3256.2,68,1,3256.1,10,1,3256.0,75,4,3256.7,6,3,3256.9,31,1,3257.0,466,17,3257.2,26,2,3257.3,29,1
11536,2025-12-30 12:34:41+05:30,3256.7,1,3249.17,906675,113448.0,115647.0,3250.0,3257.0,3239.8,3251.5,43417150,3576.6,2926.4,4322.95,2866.6,3256.6,139,1,3256.4,8,2,3256.2,68,1,3256.1,10,1,3256.0,77,5,3256.7,5,4,3256.9,31,1,3257.0,475,18,3257.2,48,2,3257.4,49,3
11536,2025-12-30 12:34:42+05:30,3256.7,1,3249.17,906675,113448.0,115647.0,3250.0,3257.0,3239.8,3251.5,43417150,3576.6,2926.4,4322.95,2866.6,3256.6,139,1,3256.4,8,2,3256.2,68,1,3256.1,10,1,3256.0,77,5,3256.7,5,4,3256.9,31,1,3257.0,475,18,3257.2,48,2,3257.4,49,3
11536,2025-12-30 12:34:42+05:30,3257.0,1,3249.17,907221,114636.0,114352.0,3250.0,3257.0,3239.8,3251.5,43417150,3576.6,2926.4,4322.95,2866.6,3256.6,56,1,3256.5,8,1,3256.4,76,3,3256.3,95,4,3256.2,50,2,3257.0,2,2,3257.4,1,1,3257.7,14,2,3257.8,8,2,3257.9,94,5
11536,2025-12-30 12:34:43+05:30,3256.6,1,3249.17,907221,114636.0,114352.0,3250.0,3257.0,3239.8,3251.5,43417150,3576.6,2926.4,4322.95,2866.6,3256.6,56,1,3256.5,8,1,3256.4,76,3,3256.3,95,4,3256.2,50,2,3257.0,2,2,3257.4,1,1,3257.7,14,2,3257.8,8,2,3257.9,94,5
11536,2025-12-30 12:34:43+05:30,3256.6,1,3249.17,907226,114826.0,114494.0,3250.0,3257.0,3239.8,3251.5,43417150,3576.6,2926.4,4322.95,2866.6,3256.6,55,1,3256.4,106,4,3256.3,88,3,3256.2,62,3,3256.1,76,4,3257.0,43,8,3257.4,1,1,3257.7,5,1,3257.8,111,4,3257.9,72,5
11536,2025-12-30 12:34:44+05:30,3256.6,7,3249.17,907226,114826.0,114494.0,3250.0,3257.0,3239.8,3251.5,43417150,3576.6,2926.4,4322.95,2866.6,3256.6,55,1,3256.4,106,4,3256.3,88,3,3256.2,62,3,3256.1,76,4,3257.0,43,8,3257.4,1,1,3257.7,5,1,3257.8,111,4,3257.9,72,5
11536,2025-12-30 12:34:44+05:30,3257.0,6,3249.17,907240,113283.0,115247.0,3250.0,3257.0,3239.8,3251.5,43417150,3576.6,2926.4,4322.95,2866.6,3256.6,48,1,3256.4,76,3,3256.2,34,2,3256.1,48,3,3256.0,68,6,3257.0,35,7,3257.1,6,1,3257.4,48,3,3257.5,27,1,3257.6,151,4
11536,2025-12-30 12:34:45+05:30,3256.4,1,3249.17,907240,113283.0,115247.0,3250.0,3257.0,3239.8,3251.5,43417150,3576.6,2926.4,4322.95,2866.6,3256.6,48,1,3256.4,76,3,3256.2,34,2,3256.1,48,3,3256.0,68,6,3257.0,35,7,3257.1,6,1,3257.4,48,3,3257.5,27,1,3257.6,151,4
11536,2025-12-30 12:34:45+05:30,3256.6,2,3249.17,907412,113698.0,115385.0,3250.0,3257.0,3239.8,3251.5,43417150,3576.6,2926.4,4322.95,2866.6,3256.6,61,1,3256.4,9,2,3256.2,90,2,3256.1,34,2,3256.0,28,3,3257.0,31,6,3257.2,16,2,3257.4,42,3,3257.5,34,1,3257.6,135,5
11536,2025-12-30 12:34:46+05:30,3256.5,1,3249.17,907412,113698.0,115385.0,3250.0,3257.0,3239.8,3251.5,43417150,3576.6,2926.4,4322.95,2866.6,3256.6,61,1,3256.4,9,2,3256.2,90,2,3256.1,34,2,3256.0,28,3,3257.0,31,6,3257.2,16,2,3257.4,42,3,3257.5,34,1,3257.6,135,5
11536,2025-12-30 12:34:46+05:30,3256.5,1,3249.18,907488,111935.0,116010.0,3250.0,3257.0,3239.8,3251.5,43417150,3576.6,2926.4,4322.95,2866.6,3256.4,8,2,3256.1,10,1,3256.0,28,3,3255.9,202,2,3255.8,76,5,3256.5,15,4,3257.0,98,6,3257.3,39,2,3257.4,107,3,3257.5,67,3
11536,2025-12-30 12:34:47+05:30,3256.4,3,3249.18,907488,111935.0,116010.0,3250.0,3257.0,3239.8,3251.5,43417150,3576.6,2926.4,4322.95,2866.6,3256.4,8,2,3256.1,10,1,3256.0,28,3,3255.9,202,2,3255.8,76,5,3256.5,15,4,3257.0,98,6,3257.3,39,2,3257.4,107,3,3257.5,67,3
11536,2025-12-30 12:34:47+05:30,3256.4,3,3249.18,907565,114569.0,117064.0,3250.0,3257.0,3239.8,3251.5,43417150,3576.6,2926.4,4322.95,2866.6,3256.1,11,2,3256.0,8,3,3255.9,202,2,3255.8,47,4,3255.7,36,3,3256.4,8,3,3256.5,31,7,3256.9,47,2,3257.0,157,7,3257.2,48,2
11536,2025-12-30 12:34:48+05:30,3256.0,1,3249.18,907565,114569.0,117064.0,3250.0,3257.0,3239.8,3251.5,43417150,3576.6,2926.4,4322.95,2866.6,3256.1,11,2,3256.0,8,3,3255.9,202,2,3255.8,47,4,3255.7,36,3,3256.4,8,3,3256.5,31,7,3256.9,47,2,3257.0,157,7,3257.2,48,2
11536,2025-12-30 12:34:48+05:30,3256.0,1,3249.18,907593,114482.0,116730.0,3250.0,3257.0,3239.8,3251.5,43417150,3576.6,2926.4,4322.95,2866.6,3256.0,7,3,3255.9,175,1,3255.8,31,4,3255.7,85,5,3255.6,67,4,3256.1,6,5,3256.4,8,3,3256.5,27,4,3257.0,112,3,3257.1,16,2
11536,2025-12-30 12:34:49+05:30,3256.0,1,3249.18,907593,114482.0,116730.0,3250.0,3257.0,3239.8,3251.5,43417150,3576.6,2926.4,4322.95,2866.6,3256.0,7,3,3255.9,175,1,3255.8,31,4,3255.7,85,5,3255.6,67,4,3256.1,6,5,3256.4,8,3,3256.5,27,4,3257.0,112,3,3257.1,16,2
11536,2025-12-30 12:34:49+05:30,3255.9,3,3249.18,907695,114552.0,116976.0,3250.0,3257.0,3239.8,3251.5,43417150,3576.6,2926.4,4322.95,2866.6,3255.9,161,2,3255.8,8,4,3255.7,36,3,3255.6,102,5,3255.5,113,3,3256.0,7,3,3256.1,4,3,3256.4,2,1,3256.5,14,1,3257.0,75,1
11536,2025-12-30 12:34:50+05:30,3255.9,3,3249.18,907695,114552.0,116976.0,3250.0,3257.0,3239.8,3251.5,43417150,3576.6,2926.4,4322.95,2866.6,3255.9,161,2,3255.8,8,4,3255.7,36,3,3255.6,102,5,3255.5,113,3,3256.0,7,3,3256.1,4,3,3256.4,2,1,3256.5,14,1,3257.0,75,1
11536,2025-12-30 12:34:50+05:30,3255.9,15,3249.18,907722,113042.0,117380.0,3250.0,3257.0,3239.8,3251.5,43417150,3576.6,2926.4,4322.95,2866.6,3255.9,134,2,3255.8,5,3,3255.7,6,2,3255.6,46,3,3255.5,85,2,3256.0,26,9,3256.1,1,1,3257.0,109,2,3257.1,16,2,3257.2,150,4
11536,2025-12-30 12:34:51+05:30,3256.0,7,3249.18,907722,113042.0,117380.0,3250.0,3257.0,3239.8,3251.5,43417150,3576.6,2926.4,4322.95,2866.6,3255.9,134,2,3255.8,5,3,3255.7,6,2,3255.6,46,3,3255.5,85,2,3256.0,26,9,3256.1,1,1,3257.0,109,2,3257.1,16,2,3257.2,150,4
11536,2025-12-30 12:34:51+05:30,3256.1,3,3249.18,907833,114683.0,116548.0,3250.0,3257.0,3239.8,3251.5,43417150,3576.6,2926.4,4322.95,2866.6,3255.9,151,4,3255.8,5,3,3255.7,64,5,3255.6,59,4,3255.5,103,3,3256.1,6,2,3257.0,75,1,3257.1,2,1,3257.2,14,1,3257.3,51,2
11536,2025-12-30 12:34:52+05:30,3256.1,2,3249.18,907833,114683.0,116548.0,3250.0,3257.0,3239.8,3251.5,43417150,3576.6,2926.4,4322.95,2866.6,3255.9,151,4,3255.8,5,3,3255.7,64,5,3255.6,59,4,3255.5,103,3,3256.1,6,2,3257.0,75,1,3257.1,2,1,3257.2,14,1,3257.3,51,2
11536,2025-12-30 12:34:52+05:30,3256.1,2,3249.18,907887,112937.0,115471.0,3250.0,3257.0,3239.8,3251.5,43417150,3576.6,2926.4,4322.95,2866.6,3256.8,31,1,3256.7,81,1,3256.2,21,1,3256.0,20,1,3255.9,51,2,3257.0,75,1,3257.1,35,2,3257.2,6,1,3257.3,52,2,3257.4,47,4
11536,2025-12-30 12:34:53+05:30,3256.1,2,3249.18,907887,112778.0,115944.0,3250.0,3257.0,3239.8,3251.5,43417150,3576.6,2926.4,4322.95,2866.6,3256.9,31,1,3256.8,4,1,3256.7,81,1,3256.2,21,1,3256.0,22,2,3257.0,86,5,3257.1,29,1,3257.2,15,2,3257.3,35,1,3257.4,57,4
11536,2025-12-30 12:34:54+05:30,3257.5,17,3249.18,907887,112778.0,115944.0,3250.0,3257.0,3239.8,3251.5,43417150,3576.6,2926.4,4322.95,2866.6,3256.9,31,1,3256.8,4,1,3256.7,81,1,3256.2,21,1,3256.0,22,2,3257.0,86,5,3257.1,29,1,3257.2,15,2,3257.3,35,1,3257.4,57,4
11536,2025-12-30 12:34:54+05:30,3256.9,1,3249.18,908244,113990.0,116482.0,3250.0,3257.5,3239.8,3251.5,43417150,3576.6,2926.4,4322.95,2866.6,3256.8,3,1,3256.7,175,1,3256.4,22,1,3256.3,175,1,3256.2,34,2,3256.9,9,2,3257.0,6,1,3257.2,38,2,3257.3,35,1,3257.4,50,4
11536,2025-12-30 12:34:55+05:30,3256.9,2,3249.18,908244,113990.0,116482.0,3250.0,3257.5,3239.8,3251.5,43417150,3576.6,2926.4,4322.95,2866.6,3256.8,3,1,3256.7,175,1,3256.4,22,1,3256.3,175,1,3256.2,34,2,3256.9,9,2,3257.0,6,1,3257.2,38,2,3257.3,35,1,3257.4,50,4
11536,2025-12-30 12:34:55+05:30,3256.9,2,3249.18,908246,114064.0,116553.0,3250.0,3257.5,3239.8,3251.5,43417150,3576.6,2926.4,4322.95,2866.6,3256.8,3,1,3256.7,175,1,3256.4,22,1,3256.3,184,2,3256.2,34,2,3256.9,8,3,3257.1,29,1,3257.2,9,1,3257.3,35,1,3257.4,39,3
11536,2025-12-30 12:34:56+05:30,3256.8,50,3249.18,908246,114064.0,116553.0,3250.0,3257.5,3239.8,3251.5,43417150,3576.6,2926.4,4322.95,2866.6,3256.8,3,1,3256.7,175,1,3256.4,22,1,3256.3,184,2,3256.2,34,2,3256.9,8,3,3257.1,29,1,3257.2,9,1,3257.3,35,1,3257.4,39,3
11536,2025-12-30 12:34:56+05:30,3256.8,50,3249.18,908326,112698.0,116655.0,3250.0,3257.5,3239.8,3251.5,43417150,3576.6,2926.4,4322.95,2866.6,3256.7,191,3,3256.3,175,1,3256.2,34,2,3256.1,81,4,3256.0,101,7,3256.8,17,4,3256.9,8,3,3257.4,24,1,3257.5,46,2,3257.6,71,4
11536,2025-12-30 12:34:57+05:30,3256.7,1,3249.18,908326,112698.0,116655.0,3250.0,3257.5,3239.8,3251.5,43417150,3576.6,2926.4,4322.95,2866.6,3256.7,191,3,3256.3,175,1,3256.2,34,2,3256.1,81,4,3256.0,101,7,3256.8,17,4,3256.9,8,3,3257.4,24,1,3257.5,46,2,3257.6,71,4
11536,2025-12-30 12:34:57+05:30,3256.7,66,3249.18,908585,114658.0,116306.0,3250.0,3257.5,3239.8,3251.5,43417150,3576.6,2926.4,4322.95,2866.6,3256.7,46,4,3256.3,183,2,3256.2,34,2,3256.1,109,5,3256.0,82,6,3256.9,1,1,3257.6,31,3,3257.7,5,1,3257.8,156,5,3257.9,134,8
11536,2025-12-30 12:34:58+05:30,3256.9,6,3249.18,908585,114658.0,116306.0,3250.0,3257.5,3239.8,3251.5,43417150,3576.6,2926.4,4322.95,2866.6,3256.7,46,4,3256.3,183,2,3256.2,34,2,3256.1,109,5,3256.0,82,6,3256.9,1,1,3257.6,31,3,3257.7,5,1,3257.8,156,5,3257.9,134,8
11536,2025-12-30 12:34:58+05:30,3256.9,6,3249.19,908678,114258.0,115540.0,3250.0,3257.5,3239.8,3251.5,43417150,3576.6,2926.4,4322.95,2866.6,3257.0,111,1,3256.7,17,3,3256.6,196,2,3256.4,21,1,3256.3,11,1,3257.4,44,5,3257.5,52,2,3257.6,47,3,3257.7,5,1,3257.8,33,4
11536,2025-12-30 12:34:59+05:30,3257.0,2,3249.19,908688,112968.0,115009.0,3250.0,3257.5,3239.8,3251.5,43417150,3576.6,2926.4,4322.95,2866.6,3257.2,108,1,3256.8,175,1,3256.7,17,3,3256.6,21,1,3256.4,21,1,3257.4,37,5,3257.5,35,1,3257.6,23,2,3257.7,22,2,3257.8,57,4
11536,2025-12-30 12:35:00+05:30,3257.0,2,3249.19,908688,112968.0,115009.0,3250.0,3257.5,3239.8,3251.5,43417150,3576.6,2926.4,4322.95,2866.6,3257.2,108,1,3256.8,175,1,3256.7,17,3,3256.6,21,1,3256.4,21,1,3257.4,37,5,3257.5,35,1,3257.6,23,2,3257.7,22,2,3257.8,57,4
11536,2025-12-30 12:35:01+05:30,3257.4,13,3249.19,908773,112742.0,114297.0,3250.0,3257.5,3239.8,3251.5,43417150,3576.6,2926.4,4322.95,2866.6,3257.4,234,2,3257.2,1,1,3257.0,175,1,3256.9,42,1,3256.8,21,1,3257.7,30,2,3257.8,12,2,3257.9,2,2,3258.0,840,15,3258.1,34,1
11536,2025-12-30 12:35:01+05:30,3257.7,2,3249.19,908773,112742.0,114297.0,3250.0,3257.5,3239.8,3251.5,43417150,3576.6,2926.4,4322.95,2866.6,3257.4,234,2,3257.2,1,1,3257.0,175,1,3256.9,42,1,3256.8,21,1,3257.7,30,2,3257.8,12,2,3257.9,2,2,3258.0,840,15,3258.1,34,1
11536,2025-12-30 12:35:02+05:30,3257.7,2,3249.19,908826,113769.0,114633.0,3250.0,3257.7,3239.8,3251.5,43417150,3576.6,2926.4,4322.95,2866.6,3257.4,233,2,3257.2,1,1,3257.0,175,1,3256.9,42,1,3256.8,21,1,3257.7,37,5,3257.9,25,4,3258.0,843,14,3258.1,34,1,3258.2,25,2
11536,2025-12-30 12:35:03+05:30,3257.7,1,3249.19,908829,114252.0,115249.0,3250.0,3257.7,3239.8,3251.5,43417150,3576.6,2926.4,4322.95,2866.6,3257.4,306,4,3257.2,1,1,3257.0,175,1,3256.9,54,2,3256.8,21,1,3257.7,38,7,3257.9,2,2,3258.0,836,15,3258.1,51,2,3258.2,52,3
11536,2025-12-30 12:35:03+05:30,3257.7,1,3249.19,908829,114252.0,115249.0,3250.0,3257.7,3239.8,3251.5,43417150,3576.6,2926.4,4322.95,2866.6,3257.4,306,4,3257.2,1,1,3257.0,175,1,3256.9,54,2,3256.8,21,1,3257.7,38,7,3257.9,2,2,3258.0,836,15,3258.1,51,2,3258.2,52,3
11536,2025-12-30 12:35:04+05:30,3257.4,16,3249.19,908866,112771.0,115301.0,3250.0,3257.7,3239.8,3251.5,43417150,3576.6,2926.4,4322.95,2866.6,3257.4,270,4,3257.2,1,1,3257.0,175,1,3256.9,12,1,3256.8,21,1,3257.7,66,9,3257.8,12,2,3257.9,2,2,3258.0,870,16,3258.1,17,1
11536,2025-12-30 12:35:04+05:30,3257.7,5,3249.19,908866,112771.0,115301.0,3250.0,3257.7,3239.8,3251.5,43417150,3576.6,2926.4,4322.95,2866.6,3257.4,270,4,3257.2,1,1,3257.0,175,1,3256.9,12,1,3256.8,21,1,3257.7,66,9,3257.8,12,2,3257.9,2,2,3258.0,870,16,3258.1,17,1
11536,2025-12-30 12:35:05+05:30,3257.9,2,3249.19,909005,114616.0,114127.0,3250.0,3257.9,3239.8,3251.5,43417150,3576.6,2926.4,4322.95,2866.6,3257.7,78,2,3257.6,9,1,3257.4,76,3,3257.2,176,2,3257.1,36,2,3257.9,4,2,3258.0,824,14,3258.2,11,1,3258.4,128,4,3258.5,16,3
11536,2025-12-30 12:35:05+05:30,3257.9,2,3249.19,909005,114616.0,114127.0,3250.0,3257.9,3239.8,3251.5,43417150,3576.6,2926.4,4322.95,2866.6,3257.7,78,2,3257.6,9,1,3257.4,76,3,3257.2,176,2,3257.1,36,2,3257.9,4,2,3258.0,824,14,3258.2,11,1,3258.4,128,4,3258.5,16,3
11536,2025-12-30 12:35:06+05:30,3258.0,19,3249.19,909107,113182.0,114917.0,3250.0,3258.0,3239.8,3251.5,43417150,3576.6,2926.4,4322.95,2866.6,3257.7,1,1,3257.6,9,1,3257.4,76,3,3257.2,176,2,3257.1,24,1,3258.0,766,11,3258.3,29,1,3258.4,109,3,3258.5,16,3,3258.6,30,3
11536,2025-12-30 12:35:06+05:30,3258.0,19,3249.19,909107,113182.0,114917.0,3250.0,3258.0,3239.8,3251.5,43417150,3576.6,2926.4,4322.95,2866.6,3257.7,1,1,3257.6,9,1,3257.4,76,3,3257.2,176,2,3257.1,24,1,3258.0,766,11,3258.3,29,1,3258.4,109,3,3258.5,16,3,3258.6,30,3
11536,2025-12-30 12:35:07+05:30,3257.9,14,3249.19,909121,114702.0,114965.0,3250.0,3258.0,3239.8,3251.5,43417150,3576.6,2926.4,4322.95,2866.6,3257.7,1,1,3257.6,9,1,3257.4,76,3,3257.2,197,3,3257.1,24,1,3257.9,9,2,3258.0,768,12,3258.3,29,1,3258.4,109,3,3258.5,16,3
11536,2025-12-30 12:35:07+05:30,3257.9,14,3249.19,909121,114702.0,114965.0,3250.0,3258.0,3239.8,3251.5,43417150,3576.6,2926.4,4322.95,2866.6,3257.7,1,1,3257.6,9,1,3257.4,76,3,3257.2,197,3,3257.1,24,1,3257.9,9,2,3258.0,768,12,3258.3,29,1,3258.4,109,3,3258.5,16,3
11536,2025-12-30 12:35:08+05:30,3257.7,30,3249.19,909156,114676.0,115275.0,3250.0,3258.0,3239.8,3251.5,43417150,3576.6,2926.4,4322.95,2866.6,3257.7,19,1,3257.6,9,1,3257.4,76,3,3257.2,197,3,3257.1,24,1,3257.9,21,5,3258.0,764,11,3258.4,138,4,3258.5,16,3,3258.6,16,2
11536,2025-12-30 12:35:08+05:30,3257.7,30,3249.19,909156,114676.0,115275.0,3250.0,3258.0,3239.8,3251.5,43417150,3576.6,2926.4,4322.95,2866.6,3257.7,19,1,3257.6,9,1,3257.4,76,3,3257.2,197,3,3257.1,24,1,3257.9,21,5,3258.0,764,11,3258.4,138,4,3258.5,16,3,3258.6,16,2
11536,2025-12-30 12:35:09+05:30,3257.7,13,3249.19,909179,114276.0,115989.0,3250.0,3258.0,3239.8,3251.5,43417150,3576.6,2926.4,4322.95,2866.6,3257.6,9,1,3257.4,76,3,3257.2,176,2,3257.1,24,1,3257.0,20,1,3257.7,8,1,3257.9,18,5,3258.0,764,11,3258.3,121,2,3258.4,17,2
11536,2025-12-30 12:35:09+05:30,3257.5,15,3249.19,909179,114276.0,115989.0,3250.0,3258.0,3239.8,3251.5,43417150,3576.6,2926.4,4322.95,2866.6,3257.6,9,1,3257.4,76,3,3257.2,176,2,3257.1,24,1,3257.0,20,1,3257.7,8,1,3257.9,18,5,3258.0,764,11,3258.3,121,2,3258.4,17,2
11536,2025-12-30 12:35:09+05:30,3257.5,15,3249.19,909179,114276.0,115989.0,3250.0,3258.0,3239.8,3251.5,43417150,3576.6,2926.4,4322.95,2866.6,3257.6,9,1,3257.4,76,3,3257.2,176,2,3257.1,24,1,3257.0,20,1,3257.7,8,1,3257.9,18,5,3258.0,764,11,3258.3,121,2,3258.4,17,2
11536,2025-12-30 12:35:10+05:30,3257.5,15,3249.19,909203,114901.0,116264.0,3250.0,3258.0,3239.8,3251.5,43417150,3576.6,2926.4,4322.95,2866.6,3257.6,160,1,3257.4,76,3,3257.2,176,2,3257.1,24,1,3256.9,36,1,3257.7,59,7,3257.9,3,3,3258.0,871,12,3258.2,57,3,3258.3,126,3
11536,2025-12-30 12:35:10+05:30,3257.6,3,3249.19,909203,114901.0,116264.0,3250.0,3258.0,3239.8,3251.5,43417150,3576.6,2926.4,4322.95,2866.6,3257.6,160,1,3257.4,76,3,3257.2,176,2,3257.1,24,1,3256.9,36,1,3257.7,59,7,3257.9,3,3,3258.0,871,12,3258.2,57,3,3258.3,126,3
11536,2025-12-30 12:35:11+05:30,3257.6,3,3249.19,909203,114901.0,116264.0,3250.0,3258.0,3239.8,3251.5,43417150,3576.6,2926.4,4322.95,2866.6,3257.4,75,3,3257.2,1,1,3256.8,74,3,3256.7,16,2,3256.6,285,5,3257.6,10,3,3257.7,53,8,3257.9,1,1,3258.0,871,12,3258.1,18,1
11536,2025-12-30 12:35:11+05:30,3257.4,1,3249.19,909217,113686.0,117099.0,3250.0,3258.0,3239.8,3251.5,43417150,3576.6,2926.4,4322.95,2866.6,3257.4,75,3,3257.2,1,1,3256.8,74,3,3256.7,16,2,3256.6,285,5,3257.6,10,3,3257.7,53,8,3257.9,1,1,3258.0,871,12,3258.1,18,1
11536,2025-12-30 12:35:11+05:30,3257.6,1,3249.19,909217,113686.0,117099.0,3250.0,3258.0,3239.8,3251.5,43417150,3576.6,2926.4,4322.95,2866.6,3257.4,75,3,3257.2,1,1,3256.8,74,3,3256.7,16,2,3256.6,285,5,3257.6,10,3,3257.7,53,8,3257.9,1,1,3258.0,871,12,3258.1,18,1
11536,2025-12-30 12:35:12+05:30,3257.6,1,3249.19,909242,115191.0,117265.0,3250.0,3258.0,3239.8,3251.5,43417150,3576.6,2926.4,4322.95,2866.6,3257.4,54,3,3257.2,1,1,3256.9,83,3,3256.8,64,3,3256.7,16,2,3257.6,10,7,3257.7,56,7,3258.0,448,10,3258.3,128,2,3258.4,65,5
11536,2025-12-30 12:35:12+05:30,3257.6,1,3249.19,909242,115191.0,117265.0,3250.0,3258.0,3239.8,3251.5,43417150,3576.6,2926.4,4322.95,2866.6,3257.4,54,3,3257.2,1,1,3256.9,83,3,3256.8,64,3,3256.7,16,2,3257.6,10,7,3257.7,56,7,3258.0,448,10,3258.3,128,2,3258.4,65,5
11536,2025-12-30 12:35:12+05:30,3257.4,5,3249.19,909242,115191.0,117265.0,3250.0,3258.0,3239.8,3251.5,43417150,3576.6,2926.4,4322.95,2866.6,3257.4,54,3,3257.2,1,1,3256.9,83,3,3256.8,64,3,3256.7,16,2,3257.6,10,7,3257.7,56,7,3258.0,448,10,3258.3,128,2,3258.4,65,5
11536,2025-12-30 12:35:13+05:30,3257.4,1,3249.19,909301,114848.0,116197.0,3250.0,3258.0,3239.8,3251.5,43417150,3576.6,2926.4,4322.95,2866.6,3257.4,8,2,3257.2,1,1,3256.8,39,2,3256.7,163,3,3256.6,180,7,3257.6,23,9,3257.7,38,2,3258.0,448,10,3258.2,135,3,3258.3,71,2
11536,2025-12-30 12:35:13+05:30,3257.4,1,3249.19,909301,114848.0,116197.0,3250.0,3258.0,3239.8,3251.5,43417150,3576.6,2926.4,4322.95,2866.6,3257.4,8,2,3257.2,1,1,3256.8,39,2,3256.7,163,3,3256.6,180,7,3257.6,23,9,3257.7,38,2,3258.0,448,10,3258.2,135,3,3258.3,71,2
11536,2025-12-30 12:35:13+05:30,3257.4,1,3249.19,909301,114848.0,116197.0,3250.0,3258.0,3239.8,3251.5,43417150,3576.6,2926.4,4322.95,2866.6,3257.4,8,2,3257.2,1,1,3256.8,39,2,3256.7,163,3,3256.6,180,7,3257.6,23,9,3257.7,38,2,3258.0,448,10,3258.2,135,3,3258.3,71,2
11536,2025-12-30 12:35:14+05:30,3257.5,1,3249.19,909309,112220.0,116737.0,3250.0,3258.0,3239.8,3251.5,43417150,3576.6,2926.4,4322.95,2866.6,3257.4,9,2,3257.2,1,1,3256.9,147,1,3256.8,21,1,3256.7,16,2,3257.6,23,8,3257.7,38,2,3258.0,448,10,3258.1,56,3,3258.2,35,1
11536,2025-12-30 12:35:14+05:30,3257.5,1,3249.19,909309,112220.0,116737.0,3250.0,3258.0,3239.8,3251.5,43417150,3576.6,2926.4,4322.95,2866.6,3257.4,9,2,3257.2,1,1,3256.9,147,1,3256.8,21,1,3256.7,16,2,3257.6,23,8,3257.7,38,2,3258.0,448,10,3258.1,56,3,3258.2,35,1
11536,2025-12-30 12:35:14+05:30,3257.4,2,3249.19,909309,112220.0,116737.0,3250.0,3258.0,3239.8,3251.5,43417150,3576.6,2926.4,4322.95,2866.6,3257.4,9,2,3257.2,1,1,3256.9,147,1,3256.8,21,1,3256.7,16,2,3257.6,23,8,3257.7,38,2,3258.0,448,10,3258.1,56,3,3258.2,35,1
11536,2025-12-30 12:35:15+05:30,3257.4,2,3249.19,909309,112220.0,116737.0,3250.0,3258.0,3239.8,3251.5,43417150,3576.6,2926.4,4322.95,2866.6,3257.4,9,2,3257.2,1,1,3256.9,147,1,3256.8,21,1,3256.7,16,2,3257.6,23,8,3257.7,38,2,3258.0,448,10,3258.1,56,3,3258.2,35,1
11536,2025-12-30 12:35:15+05:30,3257.6,1,3249.19,909338,112970.0,116689.0,3250.0,3258.0,3239.8,3251.5,43417150,3576.6,2926.4,4322.95,2866.6,3257.4,8,2,3257.2,1,1,3256.9,147,1,3256.8,21,1,3256.7,16,2,3257.6,20,10,3257.7,43,3,3257.8,41,2,3257.9,53,2,3258.0,502,13
11536,2025-12-30 12:35:15+05:30,3257.4,1,3249.19,909338,112970.0,116689.0,3250.0,3258.0,3239.8,3251.5,43417150,3576.6,2926.4,4322.95,2866.6,3257.4,8,2,3257.2,1,1,3256.9,147,1,3256.8,21,1,3256.7,16,2,3257.6,20,10,3257.7,43,3,3257.8,41,2,3257.9,53,2,3258.0,502,13
11536,2025-12-30 12:35:16+05:30,3257.4,1,3249.19,909338,112970.0,116689.0,3250.0,3258.0,3239.8,3251.5,43417150,3576.6,2926.4,4322.95,2866.6,3257.4,8,2,3257.2,1,1,3256.9,147,1,3256.8,21,1,3256.7,16,2,3257.6,20,10,3257.7,43,3,3257.8,41,2,3257.9,53,2,3258.0,502,13
11536,2025-12-30 12:35:16+05:30,3257.4,4,3249.19,909355,112935.0,116960.0,3250.0,3258.0,3239.8,3251.5,43417150,3576.6,2926.4,4322.95,2866.6,3257.4,4,2,3257.2,1,1,3256.9,147,1,3256.8,21,1,3256.7,16,2,3257.6,21,13,3257.7,43,3,3257.8,41,2,3257.9,53,2,3258.0,502,13
11536,2025-12-30 12:35:16+05:30,3257.6,1,3249.19,909355,112935.0,116960.0,3250.0,3258.0,3239.8,3251.5,43417150,3576.6,2926.4,4322.95,2866.6,3257.4,4,2,3257.2,1,1,3256.9,147,1,3256.8,21,1,3256.7,16,2,3257.6,21,13,3257.7,43,3,3257.8,41,2,3257.9,53,2,3258.0,502,13
11536,2025-12-30 12:35:16+05:30,3257.6,1,3249.19,909355,112935.0,116960.0,3250.0,3258.0,3239.8,3251.5,43417150,3576.6,2926.4,4322.95,2866.6,3257.4,4,2,3257.2,1,1,3256.9,147,1,3256.8,21,1,3256.7,16,2,3257.6,21,13,3257.7,43,3,3257.8,41,2,3257.9,53,2,3258.0,502,13
11536,2025-12-30 12:35:17+05:30,3257.4,4,3249.19,909384,111994.0,116716.0,3250.0,3258.0,3239.8,3251.5,43417150,3576.6,2926.4,4322.95,2866.6,3257.2,148,2,3256.8,196,2,3256.7,16,2,3256.6,21,1,3256.4,75,3,3257.4,8,1,3257.6,20,13,3257.7,38,2,3257.8,11,1,3257.9,18,1
11536,2025-12-30 12:35:17+05:30,3257.2,3,3249.19,909384,111994.0,116716.0,3250.0,3258.0,3239.8,3251.5,43417150,3576.6,2926.4,4322.95,2866.6,3257.2,148,2,3256.8,196,2,3256.7,16,2,3256.6,21,1,3256.4,75,3,3257.4,8,1,3257.6,20,13,3257.7,38,2,3257.8,11,1,3257.9,18,1
11536,2025-12-30 12:35:17+05:30,3257.2,3,3249.19,909384,111994.0,116716.0,3250.0,3258.0,3239.8,3251.5,43417150,3576.6,2926.4,4322.95,2866.6,3257.2,148,2,3256.8,196,2,3256.7,16,2,3256.6,21,1,3256.4,75,3,3257.4,8,1,3257.6,20,13,3257.7,38,2,3257.8,11,1,3257.9,18,1
11536,2025-12-30 12:35:18+05:30,3257.4,29,3249.19,909490,112037.0,117134.0,3250.0,3258.0,3239.8,3251.5,43417150,3576.6,2926.4,4322.95,2866.6,3257.4,42,1,3257.2,2,2,3257.1,23,1,3257.0,184,2,3256.9,11,1,3257.6,8,7,3257.7,38,2,3257.9,65,2,3258.0,458,11,3258.1,15,1
11536,2025-12-30 12:35:18+05:30,3257.4,29,3249.19,909490,112037.0,117134.0,3250.0,3258.0,3239.8,3251.5,43417150,3576.6,2926.4,4322.95,2866.6,3257.4,42,1,3257.2,2,2,3257.1,23,1,3257.0,184,2,3256.9,11,1,3257.6,8,7,3257.7,38,2,3257.9,65,2,3258.0,458,11,3258.1,15,1
11536,2025-12-30 12:35:18+05:30,3257.4,2,3249.19,909490,112037.0,117134.0,3250.0,3258.0,3239.8,3251.5,43417150,3576.6,2926.4,4322.95,2866.6,3257.4,42,1,3257.2,2,2,3257.1,23,1,3257.0,184,2,3256.9,11,1,3257.6,8,7,3257.7,38,2,3257.9,65,2,3258.0,458,11,3258.1,15,1
11536,2025-12-30 12:35:18+05:30,3257.4,2,3249.19,909490,112037.0,117134.0,3250.0,3258.0,3239.8,3251.5,43417150,3576.6,2926.4,4322.95,2866.6,3257.4,42,1,3257.2,2,2,3257.1,23,1,3257.0,184,2,3256.9,11,1,3257.6,8,7,3257.7,38,2,3257.9,65,2,3258.0,458,11,3258.1,15,1
11536,2025-12-30 12:35:19+05:30,3257.4,2,3249.19,909566,113563.0,116318.0,3250.0,3258.0,3239.8,3251.5,43417150,3576.6,2926.4,4322.95,2866.6,3257.4,5,1,3257.2,177,3,3257.0,22,2,3256.8,195,2,3256.7,34,3,3257.6,43,7,3257.7,73,3,3257.8,22,2,3258.0,471,12,3258.1,33,3
11536,2025-12-30 12:35:19+05:30,3257.4,1,3249.19,909566,113563.0,116318.0,3250.0,3258.0,3239.8,3251.5,43417150,3576.6,2926.4,4322.95,2866.6,3257.4,5,1,3257.2,177,3,3257.0,22,2,3256.8,195,2,3256.7,34,3,3257.6,43,7,3257.7,73,3,3257.8,22,2,3258.0,471,12,3258.1,33,3
11536,2025-12-30 12:35:20+05:30,3257.4,3,3249.19,909570,113313.0,116480.0,3250.0,3258.0,3239.8,3251.5,43417150,3576.6,2926.4,4322.95,2866.6,3257.4,1,1,3257.2,177,3,3257.0,22,2,3256.8,195,2,3256.7,16,2,3257.6,44,8,3257.7,73,3,3257.8,22,2,3258.0,484,13,3258.1,33,3
11536,2025-12-30 12:35:20+05:30,3257.4,28,3249.19,909570,113313.0,116480.0,3250.0,3258.0,3239.8,3251.5,43417150,3576.6,2926.4,4322.95,2866.6,3257.4,1,1,3257.2,177,3,3257.0,22,2,3256.8,195,2,3256.7,16,2,3257.6,44,8,3257.7,73,3,3257.8,22,2,3258.0,484,13,3258.1,33,3
11536,2025-12-30 12:35:20+05:30,3257.4,28,3249.19,909570,113313.0,116480.0,3250.0,3258.0,3239.8,3251.5,43417150,3576.6,2926.4,4322.95,2866.6,3257.4,1,1,3257.2,177,3,3257.0,22,2,3256.8,195,2,3256.7,16,2,3257.6,44,8,3257.7,73,3,3257.8,22,2,3258.0,484,13,3258.1,33,3
11536,2025-12-30 12:35:21+05:30,3257.4,28,3249.19,909598,112293.0,116417.0,3250.0,3258.0,3239.8,3251.5,43417150,3576.6,2926.4,4322.95,2866.6,3257.4,4,1,3257.2,177,3,3257.0,22,2,3256.8,195,2,3256.7,16,2,3257.6,18,9,3257.7,73,3,3257.8,22,2,3257.9,29,1,3258.0,484,13
11536,2025-12-30 12:35:21+05:30,3257.2,1,3249.19,909598,112293.0,116417.0,3250.0,3258.0,3239.8,3251.5,43417150,3576.6,2926.4,4322.95,2866.6,3257.4,4,1,3257.2,177,3,3257.0,22,2,3256.8,195,2,3256.7,16,2,3257.6,18,9,3257.7,73,3,3257.8,22,2,3257.9,29,1,3258.0,484,13
11536,2025-12-30 12:35:22+05:30,3257.2,1,3249.19,909598,112293.0,116417.0,3250.0,3258.0,3239.8,3251.5,43417150,3576.6,2926.4,4322.95,2866.6,3257.4,4,1,3257.2,177,3,3257.0,22,2,3256.8,195,2,3256.7,16,2,3257.6,18,9,3257.7,73,3,3257.8,22,2,3257.9,29,1,3258.0,484,13
11536,2025-12-30 12:35:22+05:30,3257.3,3,3249.19,909610,115498.0,116589.0,3250.0,3258.0,3239.8,3251.5,43417150,3576.6,2926.4,4322.95,2866.6,3257.2,177,3,3257.0,22,2,3256.8,175,1,3256.7,16,2,3256.6,106,2,3257.3,4,3,3257.4,2,2,3257.6,4,4,3257.7,67,3,3258.0,519,14
11536,2025-12-30 12:35:22+05:30,3257.2,9,3249.19,909610,115498.0,116589.0,3250.0,3258.0,3239.8,3251.5,43417150,3576.6,2926.4,4322.95,2866.6,3257.2,177,3,3257.0,22,2,3256.8,175,1,3256.7,16,2,3256.6,106,2,3257.3,4,3,3257.4,2,2,3257.6,4,4,3257.7,67,3,3258.0,519,14
11536,2025-12-30 12:35:23+05:30,3257.9,2,3249.2,909789,115383.0,115523.0,3250.0,3258.0,3239.8,3251.5,43417150,3576.6,2926.4,4322.95,2866.6,3257.3,1,1,3257.2,139,3,3257.0,22,2,3256.8,196,2,3256.7,52,3,3257.9,117,9,3258.0,474,12,3258.1,20,1,3258.2,50,4,3258.3,109,4
11536,2025-12-30 12:35:23+05:30,3257.9,2,3249.2,909789,115383.0,115523.0,3250.0,3258.0,3239.8,3251.5,43417150,3576.6,2926.4,4322.95,2866.6,3257.3,1,1,3257.2,139,3,3257.0,22,2,3256.8,196,2,3256.7,52,3,3257.9,117,9,3258.0,474,12,3258.1,20,1,3258.2,50,4,3258.3,109,4
11536,2025-12-30 12:35:23+05:30,3257.9,2,3249.2,909789,115383.0,115523.0,3250.0,3258.0,3239.8,3251.5,43417150,3576.6,2926.4,4322.95,2866.6,3257.3,1,1,3257.2,139,3,3257.0,22,2,3256.8,196,2,3256.7,52,3,3257.9,117,9,3258.0,474,12,3258.1,20,1,3258.2,50,4,3258.3,109,4
11536,2025-12-30 12:35:24+05:30,3257.3,1,3249.2,909790,112508.0,116133.0,3250.0,3258.0,3239.8,3251.5,43417150,3576.6,2926.4,4322.95,2866.6,3257.2,139,3,3257.0,22,2,3256.9,6,1,3256.8,196,2,3256.7,62,4,3257.3,5,1,3257.8,29,1,3257.9,55,3,3258.0,474,12,3258.1,20,1
11536,2025-12-30 12:35:25+05:30,3257.3,1,3249.2,909790,112508.0,116133.0,3250.0,3258.0,3239.8,3251.5,43417150,3576.6,2926.4,4322.95,2866.6,3257.2,139,3,3257.0,22,2,3256.9,6,1,3256.8,196,2,3256.7,62,4,3257.3,5,1,3257.8,29,1,3257.9,55,3,3258.0,474,12,3258.1,20,1
11536,2025-12-30 12:35:25+05:30,3257.3,1,3249.2,909790,112508.0,116133.0,3250.0,3258.0,3239.8,3251.5,43417150,3576.6,2926.4,4322.95,2866.6,3257.2,139,3,3257.0,22,2,3256.9,6,1,3256.8,196,2,3256.7,62,4,3257.3,5,1,3257.8,29,1,3257.9,55,3,3258.0,474,12,3258.1,20,1
11536,2025-12-30 12:35:26+05:30,3257.2,36,3249.2,909827,115138.0,116606.0,3250.0,3258.0,3239.8,3251.5,43417150,3576.6,2926.4,4322.95,2866.6,3257.2,103,3,3257.0,22,2,3256.8,196,2,3256.7,16,2,3256.6,145,4,3257.3,6,3,3257.8,29,1,3257.9,51,2,3258.0,487,13,3258.1,35,2
11536,2025-12-30 12:35:26+05:30,3257.2,36,3249.2,909827,115138.0,116606.0,3250.0,3258.0,3239.8,3251.5,43417150,3576.6,2926.4,4322.95,2866.6,3257.2,103,3,3257.0,22,2,3256.8,196,2,3256.7,16,2,3256.6,145,4,3257.3,6,3,3257.8,29,1,3257.9,51,2,3258.0,487,13,3258.1,35,2
11536,2025-12-30 12:35:26+05:30,3257.2,36,3249.2,909827,115138.0,116606.0,3250.0,3258.0,3239.8,3251.5,43417150,3576.6,2926.4,4322.95,2866.6,3257.2,103,3,3257.0,22,2,3256.8,196,2,3256.7,16,2,3256.6,145,4,3257.3,6,3,3257.8,29,1,3257.9,51,2,3258.0,487,13,3258.1,35,2
11536,2025-12-30 12:35:27+05:30,3257.2,37,3249.2,910093,111977.0,116943.0,3250.0,3258.0,3239.8,3251.5,43417150,3576.6,2926.4,4322.95,2866.6,3257.0,22,2,3256.8,175,1,3256.7,16,2,3256.6,21,1,3256.4,54,3,3257.2,8,1,3257.3,35,6,3257.4,10,1,3257.5,13,1,3257.6,53,2
11536,2025-12-30 12:35:27+05:30,3257.2,18,3249.2,910093,111977.0,116943.0,3250.0,3258.0,3239.8,3251.5,43417150,3576.6,2926.4,4322.95,2866.6,3257.0,22,2,3256.8,175,1,3256.7,16,2,3256.6,21,1,3256.4,54,3,3257.2,8,1,3257.3,35,6,3257.4,10,1,3257.5,13,1,3257.6,53,2
11536,2025-12-30 12:35:28+05:30,3257.0,2,3249.2,910287,112370.0,117689.0,3250.0,3258.0,3239.8,3251.5,43417150,3576.6,2926.4,4322.95,2866.6,3257.0,20,2,3256.7,16,2,3256.6,21,1,3256.4,39,2,3256.3,11,1,3257.3,22,6,3257.4,10,1,3257.5,29,1,3257.6,22,2,3257.7,198,5
11536,2025-12-30 12:35:28+05:30,3257.0,2,3249.2,910287,112370.0,117689.0,3250.0,3258.0,3239.8,3251.5,43692425,3576.6,2926.4,4322.95,2866.6,3257.0,20,2,3256.7,16,2,3256.6,21,1,3256.4,39,2,3256.3,11,1,3257.3,22,6,3257.4,10,1,3257.5,29,1,3257.6,22,2,3257.7,198,5
11536,2025-12-30 12:35:28+05:30,3257.0,2,3249.2,910287,112370.0,117689.0,3250.0,3258.0,3239.8,3251.5,43692425,3576.6,2926.4,4322.95,2866.6,3257.0,20,2,3256.7,16,2,3256.6,21,1,3256.4,39,2,3256.3,11,1,3257.3,22,6,3257.4,10,1,3257.5,29,1,3257.6,22,2,3257.7,198,5
11536,2025-12-30 12:35:29+05:30,3257.2,6,3249.2,910293,112267.0,117925.0,3250.0,3258.0,3239.8,3251.5,43692425,3576.6,2926.4,4322.95,2866.6,3257.2,6,1,3257.0,20,2,3256.7,16,2,3256.6,21,1,3256.4,39,2,3257.3,16,7,3257.4,15,2,3257.5,29,1,3257.6,11,1,3257.7,51,2
11536,2025-12-30 12:35:29+05:30,3257.2,2,3249.2,910293,112267.0,117925.0,3250.0,3258.0,3239.8,3251.5,43692425,3576.6,2926.4,4322.95,2866.6,3257.2,6,1,3257.0,20,2,3256.7,16,2,3256.6,21,1,3256.4,39,2,3257.3,16,7,3257.4,15,2,3257.5,29,1,3257.6,11,1,3257.7,51,2
11536,2025-12-30 12:35:30+05:30,3257.2,6,3249.2,910378,111139.0,117817.0,3250.0,3258.0,3239.8,3251.5,43692425,3576.6,2926.4,4322.95,2866.6,3257.2,1,1,3257.0,20,2,3256.7,16,2,3256.6,21,1,3256.4,39,2,3257.3,14,8,3257.4,10,1,3257.5,29,1,3257.6,35,1,3257.7,54,2
11536,2025-12-30 12:35:30+05:30,3257.2,6,3249.2,910378,111139.0,117817.0,3250.0,3258.0,3239.8,3251.5,43692425,3576.6,2926.4,4322.95,2866.6,3257.2,1,1,3257.0,20,2,3256.7,16,2,3256.6,21,1,3256.4,39,2,3257.3,14,8,3257.4,10,1,3257.5,29,1,3257.6,35,1,3257.7,54,2
11536,2025-12-30 12:35:30+05:30,3257.2,6,3249.2,910378,111139.0,117817.0,3250.0,3258.0,3239.8,3251.5,43692425,3576.6,2926.4,4322.95,2866.6,3257.2,1,1,3257.0,20,2,3256.7,16,2,3256.6,21,1,3256.4,39,2,3257.3,14,8,3257.4,10,1,3257.5,29,1,3257.6,35,1,3257.7,54,2
11536,2025-12-30 12:35:31+05:30,3257.2,10,3249.2,910388,112267.0,117649.0,3250.0,3258.0,3239.8,3251.5,43692425,3576.6,2926.4,4322.95,2866.6,3257.0,20,2,3256.7,16,2,3256.4,39,2,3256.3,229,4,3256.2,21,1,3257.1,7,4,3257.2,3,2,3257.3,10,7,3257.4,39,2,3257.6,34,1
11536,2025-12-30 12:35:31+05:30,3257.0,1,3249.2,910388,112267.0,117649.0,3250.0,3258.0,3239.8,3251.5,43692425,3576.6,2926.4,4322.95,2866.6,3257.0,20,2,3256.7,16,2,3256.4,39,2,3256.3,229,4,3256.2,21,1,3257.1,7,4,3257.2,3,2,3257.3,10,7,3257.4,39,2,3257.6,34,1
11536,2025-12-30 12:35:32+05:30,3257.0,11,3249.2,910444,111943.0,117892.0,3250.0,3258.0,3239.8,3251.5,43692425,3576.6,2926.4,4322.95,2866.6,3257.0,11,2,3256.7,16,2,3256.4,39,2,3256.3,11,1,3256.2,196,2,3257.1,20,7,3257.2,3,2,3257.3,9,4,3257.4,39,2,3257.5,18,1
11536,2025-12-30 12:35:32+05:30,3257.0,1,3249.2,910444,111943.0,117892.0,3250.0,3258.0,3239.8,3251.5,43692425,3576.6,2926.4,4322.95,2866.6,3257.0,11,2,3256.7,16,2,3256.4,39,2,3256.3,11,1,3256.2,196,2,3257.1,20,7,3257.2,3,2,3257.3,9,4,3257.4,39,2,3257.5,18,1
11536,2025-12-30 12:35:33+05:30,3257.0,3,3249.2,910465,112486.0,118081.0,3250.0,3258.0,3239.8,3251.5,43692425,3576.6,2926.4,4322.95,2866.6,3257.0,12,2,3256.7,16,2,3256.4,39,2,3256.3,11,1,3256.2,196,2,3257.1,29,11,3257.2,1,1,3257.3,36,3,3257.4,23,2,3257.5,52,2
11536,2025-12-30 12:35:33+05:30,3257.0,5,3249.2,910465,112486.0,118081.0,3250.0,3258.0,3239.8,3251.5,43692425,3576.6,2926.4,4322.95,2866.6,3257.0,12,2,3256.7,16,2,3256.4,39,2,3256.3,11,1,3256.2,196,2,3257.1,29,11,3257.2,1,1,3257.3,36,3,3257.4,23,2,3257.5,52,2
11536,2025-12-30 12:35:34+05:30,3256.7,2,3249.2,910610,111625.0,117912.0,3250.0,3258.0,3239.8,3251.5,43692425,3576.6,2926.4,4322.95,2866.6,3256.7,3,2,3256.6,175,1,3256.4,39,2,3256.3,11,1,3256.2,217,3,3257.1,30,11,3257.2,1,1,3257.3,34,2,3257.4,18,1,3257.5,26,2
11536,2025-12-30 12:35:34+05:30,3256.7,10,3249.2,910610,111625.0,117912.0,3250.0,3258.0,3239.8,3251.5,43692425,3576.6,2926.4,4322.95,2866.6,3256.7,3,2,3256.6,175,1,3256.4,39,2,3256.3,11,1,3256.2,217,3,3257.1,30,11,3257.2,1,1,3257.3,34,2,3257.4,18,1,3257.5,26,2
11536,2025-12-30 12:35:35+05:30,3256.8,3,3249.2,910628,112349.0,117447.0,3250.0,3258.0,3239.8,3251.5,43692425,3576.6,2926.4,4322.95,2866.6,3256.8,171,1,3256.7,6,2,3256.5,10,1,3256.4,232,4,3256.3,106,5,3257.0,1,1,3257.1,29,12,3257.2,1,1,3257.3,5,1,3257.5,8,1
11536,2025-12-30 12:35:35+05:30,3256.8,5,3249.2,910628,112349.0,117447.0,3250.0,3258.0,3239.8,3251.5,43692425,3576.6,2926.4,4322.95,2866.6,3256.8,171,1,3256.7,6,2,3256.5,10,1,3256.4,232,4,3256.3,106,5,3257.0,1,1,3257.1,29,12,3257.2,1,1,3257.3,5,1,3257.5,8,1
11536,2025-12-30 12:35:36+05:30,3256.8,4,3249.2,910724,112229.0,117115.0,3250.0,3258.0,3239.8,3251.5,43692425,3576.6,2926.4,4322.95,2866.6,3256.8,105,1,3256.7,6,2,3256.6,6,1,3256.4,271,5,3256.3,49,3,3257.1,8,4,3257.3,5,1,3257.5,8,1,3257.6,29,1,3257.7,37,2
11536,2025-12-30 12:35:36+05:30,3256.8,4,3249.2,910724,112229.0,117115.0,3250.0,3258.0,3239.8,3251.5,43692425,3576.6,2926.4,4322.95,2866.6,3256.8,105,1,3256.7,6,2,3256.6,6,1,3256.4,271,5,3256.3,49,3,3257.1,8,4,3257.3,5,1,3257.5,8,1,3257.6,29,1,3257.7,37,2
11536,2025-12-30 12:35:37+05:30,3256.8,2,3249.2,910827,112261.0,116813.0,3250.0,3258.0,3239.8,3251.5,43692425,3576.6,2926.4,4322.95,2866.6,3256.8,55,2,3256.7,6,2,3256.4,235,4,3256.3,49,3,3256.2,42,2,3257.1,10,5,3257.3,5,1,3257.5,37,2,3257.6,34,1,3257.7,3,1
11536,2025-12-30 12:35:37+05:30,3256.8,2,3249.2,910827,112261.0,116813.0,3250.0,3258.0,3239.8,3251.5,43692425,3576.6,2926.4,4322.95,2866.6,3256.8,55,2,3256.7,6,2,3256.4,235,4,3256.3,49,3,3256.2,42,2,3257.1,10,5,3257.3,5,1,3257.5,37,2,3257.6,34,1,3257.7,3,1
11536,2025-12-30 12:35:38+05:30,3256.8,18,3249.2,910857,112242.0,116822.0,3250.0,3258.0,3239.8,3251.5,43692425,3576.6,2926.4,4322.95,2866.6,3256.8,211,3,3256.7,6,2,3256.4,235,4,3256.3,49,3,3256.2,42,2,3257.1,11,6,3257.3,5,1,3257.4,29,1,3257.5,42,2,3257.7,18,2
11536,2025-12-30 12:35:38+05:30,3256.8,2,3249.2,910857,112242.0,116822.0,3250.0,3258.0,3239.8,3251.5,43692425,3576.6,2926.4,4322.95,2866.6,3256.8,211,3,3256.7,6,2,3256.4,235,4,3256.3,49,3,3256.2,42,2,3257.1,11,6,3257.3,5,1,3257.4,29,1,3257.5,42,2,3257.7,18,2
11536,2025-12-30 12:35:39+05:30,3258.0,87,3249.21,911189,112706.0,115843.0,3250.0,3258.0,3239.8,3251.5,43692425,3576.6,2926.4,4322.95,2866.6,3256.8,209,3,3256.7,6,2,3256.6,20,1,3256.5,102,1,3256.4,214,3,3257.6,67,4,3257.7,40,2,3257.8,28,3,3257.9,46,4,3258.0,412,14
11536,2025-12-30 12:35:39+05:30,3258.0,87,3249.21,911189,112706.0,115843.0,3250.0,3258.0,3239.8,3251.5,43692425,3576.6,2926.4,4322.95,2866.6,3256.8,209,3,3256.7,6,2,3256.6,20,1,3256.5,102,1,3256.4,214,3,3257.6,67,4,3257.7,40,2,3257.8,28,3,3257.9,46,4,3258.0,412,14
11536,2025-12-30 12:35:40+05:30,3257.0,5,3249.21,911197,112918.0,117096.0,3250.0,3258.0,3239.8,3251.5,43692425,3576.6,2926.4,4322.95,2866.6,3257.0,198,2,3256.8,33,2,3256.7,6,2,3256.6,227,4,3256.5,102,1,3257.6,122,11,3257.7,6,1,3257.8,28,3,3257.9,46,4,3258.0,427,15
11536,2025-12-30 12:35:40+05:30,3257.0,5,3249.21,911197,112918.0,117096.0,3250.0,3258.0,3239.8,3251.5,43692425,3576.6,2926.4,4322.95,2866.6,3257.0,198,2,3256.8,33,2,3256.7,6,2,3256.6,227,4,3256.5,102,1,3257.6,122,11,3257.7,6,1,3257.8,28,3,3257.9,46,4,3258.0,427,15
11536,2025-12-30 12:35:41+05:30,3257.0,3,3249.21,911200,112914.0,117096.0,3250.0,3258.0,3239.8,3251.5,43692425,3576.6,2926.4,4322.95,2866.6,3257.0,241,3,3256.8,33,2,3256.7,6,2,3256.6,227,4,3256.5,102,1,3257.6,26,7,3257.7,6,1,3257.8,45,3,3257.9,46,4,3258.0,460,16
11536,2025-12-30 12:35:41+05:30,3257.0,79,3249.21,911200,112914.0,117096.0,3250.0,3258.0,3239.8,3251.5,43692425,3576.6,2926.4,4322.95,2866.6,3257.0,241,3,3256.8,33,2,3256.7,6,2,3256.6,227,4,3256.5,102,1,3257.6,26,7,3257.7,6,1,3257.8,45,3,3257.9,46,4,3258.0,460,16
11536,2025-12-30 12:35:42+05:30,3257.2,1,3249.21,911344,112213.0,118357.0,3250.0,3258.0,3239.8,3251.5,43692425,3576.6,2926.4,4322.95,2866.6,3257.2,66,1,3257.0,46,1,3256.9,18,1,3256.8,265,6,3256.7,31,3,3257.6,17,6,3257.8,6,1,3257.9,6,1,3258.0,399,13,3258.1,3,1
11536,2025-12-30 12:35:42+05:30,3257.6,1,3249.21,911344,112213.0,118357.0,3250.0,3258.0,3239.8,3251.5,43692425,3576.6,2926.4,4322.95,2866.6,3257.2,66,1,3257.0,46,1,3256.9,18,1,3256.8,265,6,3256.7,31,3,3257.6,17,6,3257.8,6,1,3257.9,6,1,3258.0,399,13,3258.1,3,1
11536,2025-12-30 12:35:43+05:30,3257.2,1,3249.21,911414,113826.0,118566.0,3250.0,3258.0,3239.8,3251.5,43692425,3576.6,2926.4,4322.95,2866.6,3257.2,4,1,3257.1,8,1,3257.0,46,1,3256.8,286,6,3256.7,31,3,3257.6,11,6,3257.8,6,1,3257.9,34,2,3258.0,371,12,3258.1,3,1
11536,2025-12-30 12:35:43+05:30,3257.2,1,3249.21,911414,113826.0,118566.0,3250.0,3258.0,3239.8,3251.5,43692425,3576.6,2926.4,4322.95,2866.6,3257.2,4,1,3257.1,8,1,3257.0,46,1,3256.8,286,6,3256.7,31,3,3257.6,11,6,3257.8,6,1,3257.9,34,2,3258.0,371,12,3258.1,3,1
11536,2025-12-30 12:35:44+05:30,3257.6,1,3249.21,911499,113838.0,118525.0,3250.0,3258.0,3239.8,3251.5,43692425,3576.6,2926.4,4322.95,2866.6,3257.2,142,1,3257.0,26,2,3256.9,22,1,3256.8,270,6,3256.7,31,3,3257.6,13,8,3257.8,40,3,3257.9,6,1,3258.0,385,14,3258.1,3,1
11536,2025-12-30 12:35:44+05:30,3257.2,6,3249.21,911499,113838.0,118525.0,3250.0,3258.0,3239.8,3251.5,43692425,3576.6,2926.4,4322.95,2866.6,3257.2,142,1,3257.0,26,2,3256.9,22,1,3256.8,270,6,3256.7,31,3,3257.6,13,8,3257.8,40,3,3257.9,6,1,3258.0,385,14,3258.1,3,1
11536,2025-12-30 12:35:45+05:30,3257.6,1,3249.21,911558,114015.0,118608.0,3250.0,3258.0,3239.8,3251.5,43692425,3576.6,2926.4,4322.95,2866.6,3257.2,85,1,3257.0,26,2,3256.9,22,1,3256.8,270,6,3256.7,31,3,3257.6,9,8,3257.8,28,1,3257.9,6,1,3258.0,385,14,3258.1,36,2
11536,2025-12-30 12:35:45+05:30,3257.2,3,3249.21,911558,114015.0,118608.0,3250.0,3258.0,3239.8,3251.5,43692425,3576.6,2926.4,4322.95,2866.6,3257.2,85,1,3257.0,26,2,3256.9,22,1,3256.8,270,6,3256.7,31,3,3257.6,9,8,3257.8,28,1,3257.9,6,1,3258.0,385,14,3258.1,36,2
11536,2025-12-30 12:35:46+05:30,3257.6,1,3249.21,911601,113786.0,118569.0,3250.0,3258.0,3239.8,3251.5,43692425,3576.6,2926.4,4322.95,2866.6,3257.2,43,1,3257.0,26,2,3256.9,22,1,3256.8,270,6,3256.7,31,3,3257.6,10,8,3257.8,28,1,3258.0,398,15,3258.1,36,2,3258.2,69,4
11536,2025-12-30 12:35:46+05:30,3257.2,1,3249.21,911601,113786.0,118569.0,3250.0,3258.0,3239.8,3251.5,43692425,3576.6,2926.4,4322.95,2866.6,3257.2,43,1,3257.0,26,2,3256.9,22,1,3256.8,270,6,3256.7,31,3,3257.6,10,8,3257.8,28,1,3258.0,398,15,3258.1,36,2,3258.2,69,4
11536,2025-12-30 12:35:47+05:30,3257.2,21,3249.21,911644,115444.0,118423.0,3250.0,3258.0,3239.8,3251.5,43692425,3576.6,2926.4,4322.95,2866.6,3257.0,8,1,3256.8,245,5,3256.7,6,2,3256.6,66,4,3256.5,143,3,3257.2,10,3,3257.6,12,9,3257.8,28,1,3258.0,437,17,3258.1,36,2
11536,2025-12-30 12:35:47+05:30,3257.0,1,3249.21,911644,115444.0,118423.0,3250.0,3258.0,3239.8,3251.5,43692425,3576.6,2926.4,4322.95,2866.6,3257.0,8,1,3256.8,245,5,3256.7,6,2,3256.6,66,4,3256.5,143,3,3257.2,10,3,3257.6,12,9,3257.8,28,1,3258.0,437,17,3258.1,36,2
11536,2025-12-30 12:35:48+05:30,3257.2,1,3249.21,911745,114501.0,118331.0,3250.0,3258.0,3239.8,3251.5,43692425,3576.6,2926.4,4322.95,2866.6,3257.2,82,1,3257.0,1,1,3256.8,278,6,3256.7,6,2,3256.6,201,5,3257.6,25,7,3257.8,28,1,3257.9,2,1,3258.0,368,13,3258.1,15,2
11536,2025-12-30 12:35:48+05:30,3257.2,12,3249.21,911745,114501.0,118331.0,3250.0,3258.0,3239.8,3251.5,43692425,3576.6,2926.4,4322.95,2866.6,3257.2,82,1,3257.0,1,1,3256.8,278,6,3256.7,6,2,3256.6,201,5,3257.6,25,7,3257.8,28,1,3257.9,2,1,3258.0,368,13,3258.1,15,2
11536,2025-12-30 12:35:49+05:30,3257.2,3,3249.21,911857,116032.0,118222.0,3250.0,3258.0,3239.8,3251.5,43692425,3576.6,2926.4,4322.95,2866.6,3257.2,63,2,3257.1,18,1,3257.0,31,4,3256.8,278,6,3256.7,6,2,3257.6,6,3,3258.0,396,14,3258.1,18,2,3258.2,18,2,3258.3,3,1
11536,2025-12-30 12:35:49+05:30,3257.2,3,3249.21,911857,116032.0,118222.0,3250.0,3258.0,3239.8,3251.5,43692425,3576.6,2926.4,4322.95,2866.6,3257.2,63,2,3257.1,18,1,3257.0,31,4,3256.8,278,6,3256.7,6,2,3257.6,6,3,3258.0,396,14,3258.1,18,2,3258.2,18,2,3258.3,3,1
11536,2025-12-30 12:35:50+05:30,3257.2,3,3249.21,911857,116029.0,118252.0,3250.0,3258.0,3239.8,3251.5,43692425,3576.6,2926.4,4322.95,2866.6,3257.2,63,2,3257.1,18,1,3257.0,42,5,3256.8,267,5,3256.7,6,2,3257.6,6,3,3258.0,396,14,3258.1,18,2,3258.2,18,2,3258.3,95,2
11536,2025-12-30 12:35:51+05:30,3257.2,26,3249.21,911884,116051.0,118216.0,3250.0,3258.0,3239.8,3251.5,43692425,3576.6,2926.4,4322.95,2866.6,3257.2,36,2,3257.0,23,4,3256.9,18,1,3256.8,290,6,3256.7,67,4,3257.6,5,4,3258.0,396,14,3258.1,18,2,3258.2,18,2,3258.3,3,1
11536,2025-12-30 12:35:51+05:30,3257.2,1,3249.21,911884,116051.0,118216.0,3250.0,3258.0,3239.8,3251.5,43692425,3576.6,2926.4,4322.95,2866.6,3257.2,36,2,3257.0,23,4,3256.9,18,1,3256.8,290,6,3256.7,67,4,3257.6,5,4,3258.0,396,14,3258.1,18,2,3258.2,18,2,3258.3,3,1
11536,2025-12-30 12:35:52+05:30,3257.6,1,3249.21,911888,115875.0,118227.0,3250.0,3258.0,3239.8,3251.5,43692425,3576.6,2926.4,4322.95,2866.6,3257.2,35,2,3257.0,23,4,3256.9,18,1,3256.8,290,6,3256.7,67,4,3257.6,12,7,3258.0,396,14,3258.1,3,1,3258.2,18,2,3258.3,95,2
11536,2025-12-30 12:35:52+05:30,3257.2,15,3249.21,911888,115875.0,118227.0,3250.0,3258.0,3239.8,3251.5,43692425,3576.6,2926.4,4322.95,2866.6,3257.2,35,2,3257.0,23,4,3256.9,18,1,3256.8,290,6,3256.7,67,4,3257.6,12,7,3258.0,396,14,3258.1,3,1,3258.2,18,2,3258.3,95,2
11536,2025-12-30 12:35:53+05:30,3257.6,1,3249.21,911906,115791.0,118245.0,3250.0,3258.0,3239.8,3251.5,43692425,3576.6,2926.4,4322.95,2866.6,3257.2,20,2,3257.0,22,3,3256.9,18,1,3256.8,257,5,3256.7,31,3,3257.6,14,10,3258.0,396,14,3258.1,35,2,3258.2,31,3,3258.3,95,2
11536,2025-12-30 12:35:53+05:30,3257.2,7,3249.21,911906,115791.0,118245.0,3250.0,3258.0,3239.8,3251.5,43692425,3576.6,2926.4,4322.95,2866.6,3257.2,20,2,3257.0,22,3,3256.9,18,1,3256.8,257,5,3256.7,31,3,3257.6,14,10,3258.0,396,14,3258.1,35,2,3258.2,31,3,3258.3,95,2
11536,2025-12-30 12:35:54+05:30,3257.2,1,3249.21,911914,115919.0,117922.0,3250.0,3258.0,3239.8,3251.5,43692425,3576.6,2926.4,4322.95,2866.6,3257.4,2,1,3257.2,36,3,3257.1,27,2,3257.0,299,9,3256.9,86,3,3257.6,15,11,3258.0,365,12,3258.2,3,1,3258.3,3,1,3258.4,6,2
11536,2025-12-30 12:35:54+05:30,3257.3,2,3249.21,911914,115919.0,117922.0,3250.0,3258.0,3239.8,3251.5,43692425,3576.6,2926.4,4322.95,2866.6,3257.4,2,1,3257.2,36,3,3257.1,27,2,3257.0,299,9,3256.9,86,3,3257.6,15,11,3258.0,365,12,3258.2,3,1,3258.3,3,1,3258.4,6,2
11536,2025-12-30 12:35:55+05:30,3258.7,3,3249.22,912583,117534.0,114640.0,3250.0,3258.7,3239.8,3251.5,43692425,3576.6,2926.4,4322.95,2866.6,3258.0,49,1,3257.7,32,1,3257.6,22,2,3257.5,273,4,3257.4,40,4,3258.7,34,4,3258.8,105,3,3258.9,57,2,3259.0,2313,14,3259.1,3,1
11536,2025-12-30 12:35:55+05:30,3258.7,3,3249.22,912583,117534.0,114640.0,3250.0,3258.7,3239.8,3251.5,43692425,3576.6,2926.4,4322.95,2866.6,3258.0,49,1,3257.7,32,1,3257.6,22,2,3257.5,273,4,3257.4,40,4,3258.7,34,4,3258.8,105,3,3258.9,57,2,3259.0,2313,14,3259.1,3,1
11536,2025-12-30 12:35:56+05:30,3258.0,5,3249.22,912588,117608.0,114583.0,3250.0,3258.7,3239.8,3251.5,43692425,3576.6,2926.4,4322.95,2866.6,3258.0,45,2,3257.7,32,1,3257.6,22,2,3257.5,212,3,3257.4,40,4,3258.7,44,7,3258.8,99,2,3258.9,75,3,3259.0,2336,15,3259.1,28,2
11536,2025-12-30 12:35:56+05:30,3258.0,3,3249.22,912588,117608.0,114583.0,3250.0,3258.7,3239.8,3251.5,43692425,3576.6,2926.4,4322.95,2866.6,3258.0,45,2,3257.7,32,1,3257.6,22,2,3257.5,212,3,3257.4,40,4,3258.7,44,7,3258.8,99,2,3258.9,75,3,3259.0,2336,15,3259.1,28,2
11536,2025-12-30 12:35:57+05:30,3258.0,2,3249.22,912636,115487.0,114967.0,3250.0,3258.7,3239.8,3251.5,43692425,3576.6,2926.4,4322.95,2866.6,3257.7,32,1,3257.6,1,1,3257.5,203,3,3257.4,57,4,3257.2,111,6,3258.0,24,3,3258.7,110,7,3258.8,7,1,3258.9,45,3,3259.0,2308,14
11536,2025-12-30 12:35:57+05:30,3257.7,32,3249.22,912636,115487.0,114967.0,3250.0,3258.7,3239.8,3251.5,43692425,3576.6,2926.4,4322.95,2866.6,3257.7,32,1,3257.6,1,1,3257.5,203,3,3257.4,57,4,3257.2,111,6,3258.0,24,3,3258.7,110,7,3258.8,7,1,3258.9,45,3,3259.0,2308,14
11536,2025-12-30 12:35:58+05:30,3257.7,2,3249.22,912782,112958.0,115731.0,3250.0,3258.7,3239.8,3251.5,43692425,3576.6,2926.4,4322.95,2866.6,3257.7,12,3,3257.5,108,2,3257.4,1,1,3257.3,27,1,3257.2,83,4,3258.0,29,5,3258.4,6,1,3258.5,11,1,3258.6,103,2,3258.7,19,4
11536,2025-12-30 12:35:58+05:30,3257.7,15,3249.22,912782,112958.0,115731.0,3250.0,3258.7,3239.8,3251.5,43692425,3576.6,2926.4,4322.95,2866.6,3257.7,12,3,3257.5,108,2,3257.4,1,1,3257.3,27,1,3257.2,83,4,3258.0,29,5,3258.4,6,1,3258.5,11,1,3258.6,103,2,3258.7,19,4
11536,2025-12-30 12:35:59+05:30,3257.5,13,3249.22,912937,114814.0,115670.0,3250.0,3258.7,3239.8,3251.5,43692425,3576.6,2926.4,4322.95,2866.6,3257.5,8,1,3257.4,1,1,3257.2,51,3,3257.1,254,4,3257.0,53,5,3257.7,12,2,3258.0,11,6,3258.2,18,1,3258.3,22,1,3258.4,18,2
11536,2025-12-30 12:35:59+05:30,3257.5,13,3249.22,912937,114814.0,115670.0,3250.0,3258.7,3239.8,3251.5,43692425,3576.6,2926.4,4322.95,2866.6,3257.5,8,1,3257.4,1,1,3257.2,51,3,3257.1,254,4,3257.0,53,5,3257.7,12,2,3258.0,11,6,3258.2,18,1,3258.3,22,1,3258.4,18,2
11536,2025-12-30 12:36:00+05:30,3257.5,7,3249.22,912970,112755.0,115798.0,3250.0,3258.7,3239.8,3251.5,43692425,3576.6,2926.4,4322.95,2866.6,3257.5,6,2,3257.4,1,1,3257.3,36,2,3257.2,58,4,3257.1,267,5,3257.6,3,3,3257.7,16,4,3258.0,7,5,3258.4,18,2,3258.5,15,1
11536,2025-12-30 12:36:00+05:30,3257.5,1,3249.22,912970,112755.0,115798.0,3250.0,3258.7,3239.8,3251.5,43692425,3576.6,2926.4,4322.95,2866.6,3257.5,6,2,3257.4,1,1,3257.3,36,2,3257.2,58,4,3257.1,267,5,3257.6,3,3,3257.7,16,4,3258.0,7,5,3258.4,18,2,3258.5,15,1
11536,2025-12-30 12:36:01+05:30,3257.5,23,3249.23,913074,112957.0,113369.0,3250.0,3258.7,3239.8,3251.5,43692425,3576.6,2926.4,4322.95,2866.6,3257.5,10,2,3257.4,1,1,3257.3,42,2,3257.2,92,5,3257.1,235,4,3257.7,8,4,3258.0,4,2,3258.4,3,1,3258.7,105,2,3258.8,25,2
11536,2025-12-30 12:36:01+05:30,3257.5,3,3249.23,913074,112957.0,113369.0,3250.0,3258.7,3239.8,3251.5,43692425,3576.6,2926.4,4322.95,2866.6,3257.5,10,2,3257.4,1,1,3257.3,42,2,3257.2,92,5,3257.1,235,4,3257.7,8,4,3258.0,4,2,3258.4,3,1,3258.7,105,2,3258.8,25,2
11536,2025-12-30 12:36:02+05:30,3257.6,1,3249.23,913131,115939.0,116195.0,3250.0,3258.7,3239.8,3251.5,43692425,3576.6,2926.4,4322.95,2866.6,3257.3,9,1,3257.2,10,1,3257.1,229,3,3257.0,42,4,3256.9,91,3,3257.6,34,3,3257.7,7,4,3258.4,3,1,3258.5,13,1,3258.7,105,2
11536,2025-12-30 12:36:02+05:30,3257.6,1,3249.23,913131,115939.0,116195.0,3250.0,3258.7,3239.8,3251.5,43692425,3576.6,2926.4,4322.95,2866.6,3257.3,9,1,3257.2,10,1,3257.1,229,3,3257.0,42,4,3256.9,91,3,3257.6,34,3,3257.7,7,4,3258.4,3,1,3258.5,13,1,3258.7,105,2
11536,2025-12-30 12:36:03+05:30,3257.3,9,3249.23,913141,115759.0,116775.0,3250.0,3258.7,3239.8,3251.5,43692425,3576.6,2926.4,4322.95,2866.6,3257.2,38,2,3257.1,201,2,3257.0,21,3,3256.9,91,3,3256.8,102,5,3257.3,4,2,3257.6,35,5,3257.7,3,2,3258.4,29,3,3258.5,92,1
11536,2025-12-30 12:36:03+05:30,3257.3,1,3249.23,913141,115759.0,116775.0,3250.0,3258.7,3239.8,3251.5,43692425,3576.6,2926.4,4322.95,2866.6,3257.2,38,2,3257.1,201,2,3257.0,21,3,3256.9,91,3,3256.8,102,5,3257.3,4,2,3257.6,35,5,3257.7,3,2,3258.4,29,3,3258.5,92,1
11536,2025-12-30 12:36:04+05:30,3257.4,6,3249.23,913199,116098.0,114814.0,3250.0,3258.7,3239.8,3251.5,43692425,3576.6,2926.4,4322.95,2866.6,3257.4,134,1,3257.2,10,1,3257.1,204,3,3257.0,42,4,3256.9,144,6,3257.6,37,7,3257.9,25,1,3258.4,3,1,3258.5,3,1,3258.6,92,1
11536,2025-12-30 12:36:04+05:30,3257.4,8,3249.23,913199,116098.0,114814.0,3250.0,3258.7,3239.8,3251.5,43692425,3576.6,2926.4,4322.95,2866.6,3257.4,134,1,3257.2,10,1,3257.1,204,3,3257.0,42,4,3256.9,144,6,3257.6,37,7,3257.9,25,1,3258.4,3,1,3258.5,3,1,3258.6,92,1
11536,2025-12-30 12:36:05+05:30,3257.9,1,3249.24,914684,114993.0,115383.0,3250.0,3258.7,3239.8,3251.5,43692425,3576.6,2926.4,4322.95,2866.6,3257.5,175,1,3257.3,350,2,3257.1,61,2,3257.0,22,1,3256.9,32,3,3257.9,27,2,3258.4,12,2,3258.5,14,2,3258.6,95,2,3258.7,25,1
11536,2025-12-30 12:36:05+05:30,3257.9,1,3249.24,914684,114993.0,115383.0,3250.0,3258.7,3239.8,3251.5,43692425,3576.6,2926.4,4322.95,2866.6,3257.5,175,1,3257.3,350,2,3257.1,61,2,3257.0,22,1,3256.9,32,3,3257.9,27,2,3258.4,12,2,3258.5,14,2,3258.6,95,2,3258.7,25,1
11536,2025-12-30 12:36:06+05:30,3257.9,19,3249.24,915034,113211.0,116021.0,3250.0,3258.7,3239.8,3251.5,43692425,3576.6,2926.4,4322.95,2866.6,3257.3,222,3,3257.2,17,1,3257.1,51,2,3257.0,82,2,3256.9,71,5,3257.9,57,3,3258.5,3,1,3258.6,109,4,3258.7,34,2,3258.8,22,2
11536,2025-12-30 12:36:06+05:30,3257.9,19,3249.24,915034,113211.0,116021.0,3250.0,3258.7,3239.8,3251.5,43692425,3576.6,2926.4,4322.95,2866.6,3257.3,222,3,3257.2,17,1,3257.1,51,2,3257.0,82,2,3256.9,71,5,3257.9,57,3,3258.5,3,1,3258.6,109,4,3258.7,34,2,3258.8,22,2
11536,2025-12-30 12:36:07+05:30,3257.5,76,3249.24,915121,113840.0,117661.0,3250.0,3258.7,3239.8,3251.5,43692425,3576.6,2926.4,4322.95,2866.6,3257.5,12,1,3257.3,175,1,3257.0,21,1,3256.8,57,3,3256.7,212,5,3257.9,100,5,3258.0,16,2,3258.1,8,1,3258.2,46,2,3258.3,11,1
11536,2025-12-30 12:36:07+05:30,3257.5,20,3249.24,915121,113840.0,117661.0,3250.0,3258.7,3239.8,3251.5,43692425,3576.6,2926.4,4322.95,2866.6,3257.5,12,1,3257.3,175,1,3257.0,21,1,3256.8,57,3,3256.7,212,5,3257.9,100,5,3258.0,16,2,3258.1,8,1,3258.2,46,2,3258.3,11,1
11536,2025-12-30 12:36:08+05:30,3257.5,1,3249.24,915192,115464.0,117599.0,3250.0,3258.7,3239.8,3251.5,43692425,3576.6,2926.4,4322.95,2866.6,3257.3,174,1,3257.0,31,2,3256.8,57,3,3256.7,203,4,3256.6,145,3,3257.5,49,6,3257.9,58,6,3258.0,10,1,3258.1,33,1,3258.2,28,1
11536,2025-12-30 12:36:08+05:30,3257.3,69,3249.24,915192,115464.0,117599.0,3250.0,3258.7,3239.8,3251.5,43692425,3576.6,2926.4,4322.95,2866.6,3257.3,174,1,3257.0,31,2,3256.8,57,3,3256.7,203,4,3256.6,145,3,3257.5,49,6,3257.9,58,6,3258.0,10,1,3258.1,33,1,3258.2,28,1
11536,2025-12-30 12:36:09+05:30,3257.3,69,3249.25,915366,115081.0,117172.0,3250.0,3258.7,3239.8,3251.5,43692425,3576.6,2926.4,4322.95,2866.6,3257.0,10,1,3256.8,51,3,3256.7,197,5,3256.6,185,5,3256.5,101,4,3257.2,40,3,3257.5,49,6,3257.9,17,4,3258.1,71,3,3258.2,28,1
11536,2025-12-30 12:36:09+05:30,3257.0,93,3249.25,915366,115081.0,117172.0,3250.0,3258.7,3239.8,3251.5,43692425,3576.6,2926.4,4322.95,2866.6,3257.0,10,1,3256.8,51,3,3256.7,197,5,3256.6,185,5,3256.5,101,4,3257.2,40,3,3257.5,49,6,3257.9,17,4,3258.1,71,3,3258.2,28,1
11536,2025-12-30 12:36:10+05:30,3256.8,3,3249.25,915494,115109.0,117342.0,3250.0,3258.7,3239.8,3251.5,43692425,3576.6,2926.4,4322.95,2866.6,3256.8,152,1,3256.7,16,2,3256.6,47,2,3256.5,41,2,3256.4,88,5,3256.9,12,3,3257.0,47,3,3257.2,40,3,3257.5,1,1,3257.9,41,2
11536,2025-12-30 12:36:10+05:30,3256.8,3,3249.25,915494,115109.0,117342.0,3250.0,3258.7,3239.8,3251.5,43692425,3576.6,2926.4,4322.95,2866.6,3256.8,152,1,3256.7,16,2,3256.6,47,2,3256.5,41,2,3256.4,88,5,3256.9,12,3,3257.0,47,3,3257.2,40,3,3257.5,1,1,3257.9,41,2
11536,2025-12-30 12:36:11+05:30,3256.8,4,3249.25,915766,114834.0,117338.0,3250.0,3258.7,3239.8,3251.5,43692425,3576.6,2926.4,4322.95,2866.6,3256.8,75,1,3256.7,12,2,3256.5,19,2,3256.4,22,2,3256.3,42,3,3256.9,15,5,3257.2,4,1,3257.8,3,1,3257.9,55,3,3258.1,163,4
11536,2025-12-30 12:36:11+05:30,3256.8,4,3249.25,915766,114834.0,117338.0,3250.0,3258.7,3239.8,3251.5,43692425,3576.6,2926.4,4322.95,2866.6,3256.8,75,1,3256.7,12,2,3256.5,19,2,3256.4,22,2,3256.3,42,3,3256.9,15,5,3257.2,4,1,3257.8,3,1,3257.9,55,3,3258.1,163,4
11536,2025-12-30 12:36:12+05:30,3257.5,11,3249.25,915766,114834.0,117338.0,3250.0,3258.7,3239.8,3251.5,43692425,3576.6,2926.4,4322.95,2866.6,3256.8,75,1,3256.7,12,2,3256.5,19,2,3256.4,22,2,3256.3,42,3,3256.9,15,5,3257.2,4,1,3257.8,3,1,3257.9,55,3,3258.1,163,4
11536,2025-12-30 12:36:12+05:30,3257.5,11,3249.25,916085,115786.0,116120.0,3250.0,3258.7,3239.8,3251.5,43692425,3576.6,2926.4,4322.95,2866.6,3257.4,108,1,3257.0,21,1,3256.8,38,2,3256.7,68,5,3256.6,536,7,3257.5,54,1,3257.9,5,1,3258.2,28,1,3258.3,11,1,3258.4,12,1
11536,2025-12-30 12:36:13+05:30,3257.4,1,3249.25,916085,115786.0,116120.0,3250.0,3258.7,3239.8,3251.5,43692425,3576.6,2926.4,4322.95,2866.6,3257.4,108,1,3257.0,21,1,3256.8,38,2,3256.7,68,5,3256.6,536,7,3257.5,54,1,3257.9,5,1,3258.2,28,1,3258.3,11,1,3258.4,12,1
11536,2025-12-30 12:36:13+05:30,3257.4,1,3249.25,916086,115180.0,116550.0,3250.0,3258.7,3239.8,3251.5,43692425,3576.6,2926.4,4322.95,2866.6,3257.4,1,1,3257.0,129,2,3256.8,21,1,3256.7,87,6,3256.6,151,4,3257.5,71,3,3257.9,5,1,3258.0,28,1,3258.1,33,1,3258.3,25,2
11536,2025-12-30 12:36:14+05:30,3257.4,1,3249.25,916086,115180.0,116550.0,3250.0,3258.7,3239.8,3251.5,43692425,3576.6,2926.4,4322.95,2866.6,3257.0,108,1,3256.8,21,1,3256.7,55,5,3256.6,173,5,3256.5,91,4,3257.5,71,3,3257.9,5,1,3258.0,28,1,3258.1,33,1,3258.3,153,4
11536,2025-12-30 12:36:14+05:30,3257.4,1,3249.25,916087,115098.0,116635.0,3250.0,3258.7,3239.8,3251.5,43692425,3576.6,2926.4,4322.95,2866.6,3257.0,108,1,3256.8,21,1,3256.7,55,5,3256.6,173,5,3256.5,91,4,3257.5,71,3,3257.9,5,1,3258.0,28,1,3258.1,33,1,3258.3,153,4
11536,2025-12-30 12:36:15+05:30,3257.2,1,3249.25,916087,115098.0,116635.0,3250.0,3258.7,3239.8,3251.5,43692425,3576.6,2926.4,4322.95,2866.6,3257.0,108,1,3256.8,21,1,3256.7,55,5,3256.6,173,5,3256.5,91,4,3257.5,71,3,3257.9,5,1,3258.0,28,1,3258.1,33,1,3258.3,153,4
11536,2025-12-30 12:36:15+05:30,3257.2,1,3249.25,916185,115253.0,116580.0,3250.0,3258.7,3239.8,3251.5,43692425,3576.6,2926.4,4322.95,2866.6,3257.2,10,1,3257.0,12,1,3256.8,196,2,3256.7,55,5,3256.6,168,4,3257.5,67,6,3257.8,28,1,3257.9,38,2,3258.0,3,1,3258.1,14,1
11536,2025-12-30 12:36:16+05:30,3257.5,1,3249.25,916185,115253.0,116580.0,3250.0,3258.7,3239.8,3251.5,43692425,3576.6,2926.4,4322.95,2866.6,3257.2,10,1,3257.0,12,1,3256.8,196,2,3256.7,55,5,3256.6,168,4,3257.5,67,6,3257.8,28,1,3257.9,38,2,3258.0,3,1,3258.1,14,1
11536,2025-12-30 12:36:16+05:30,3257.5,1,3249.25,916254,115733.0,116402.0,3250.0,3258.7,3239.8,3251.5,43692425,3576.6,2926.4,4322.95,2866.6,3257.2,131,1,3257.1,24,2,3257.0,195,2,3256.8,57,3,3256.7,89,6,3257.5,63,7,3257.9,5,1,3258.1,3,1,3258.3,28,1,3258.4,18,2
11536,2025-12-30 12:36:17+05:30,3257.2,77,3249.25,916360,115676.0,116868.0,3250.0,3258.7,3239.8,3251.5,43692425,3576.6,2926.4,4322.95,2866.6,3257.2,25,1,3257.1,24,2,3257.0,195,2,3256.8,57,3,3256.7,122,7,3257.5,68,10,3257.9,5,1,3258.1,3,1,3258.3,28,1,3258.4,54,3
11536,2025-12-30 12:36:17+05:30,3257.2,1,3249.25,916360,115676.0,116868.0,3250.0,3258.7,3239.8,3251.5,43692425,3576.6,2926.4,4322.95,2866.6,3257.2,25,1,3257.1,24,2,3257.0,195,2,3256.8,57,3,3256.7,122,7,3257.5,68,10,3257.9,5,1,3258.1,3,1,3258.3,28,1,3258.4,54,3
11536,2025-12-30 12:36:18+05:30,3257.5,1,3249.26,916537,116789.0,114484.0,3250.0,3258.7,3239.8,3251.5,43692425,3576.6,2926.4,4322.95,2866.6,3257.5,198,2,3257.4,25,2,3257.3,220,3,3257.2,55,3,3257.1,20,2,3257.9,14,3,3258.4,3,1,3258.5,3,1,3258.6,15,2,3258.7,128,2
11536,2025-12-30 12:36:18+05:30,3257.5,1,3249.26,916537,116789.0,114484.0,3250.0,3258.7,3239.8,3251.5,43692425,3576.6,2926.4,4322.95,2866.6,3257.5,198,2,3257.4,25,2,3257.3,220,3,3257.2,55,3,3257.1,20,2,3257.9,14,3,3258.4,3,1,3258.5,3,1,3258.6,15,2,3258.7,128,2
11536,2025-12-30 12:36:19+05:30,3257.9,1,3249.26,916539,117038.0,116370.0,3250.0,3258.7,3239.8,3251.5,43692425,3576.6,2926.4,4322.95,2866.6,3257.8,22,1,3257.7,175,1,3257.5,175,1,3257.4,118,4,3257.2,58,3,3257.9,15,5,3258.5,3,1,3258.6,3,1,3258.8,9,2,3258.9,187,6
11536,2025-12-30 12:36:19+05:30,3257.9,1,3249.26,916539,117038.0,116370.0,3250.0,3258.7,3239.8,3251.5,43692425,3576.6,2926.4,4322.95,2866.6,3257.8,22,1,3257.7,175,1,3257.5,175,1,3257.4,118,4,3257.2,58,3,3257.9,15,5,3258.5,3,1,3258.6,3,1,3258.8,9,2,3258.9,187,6
11536,2025-12-30 12:36:20+05:30,3258.7,22,3249.26,916649,117418.0,115551.0,3250.0,3258.7,3239.8,3251.5,43692425,3576.6,2926.4,4322.95,2866.6,3257.9,87,1,3257.7,175,1,3257.6,21,1,3257.4,57,2,3257.3,3,1,3258.7,32,5,3258.8,118,4,3258.9,82,4,3259.0,2299,13,3259.1,50,3
11536,2025-12-30 12:36:20+05:30,3258.7,22,3249.26,916649,117418.0,115551.0,3250.0,3258.7,3239.8,3251.5,43692425,3576.6,2926.4,4322.95,2866.6,3257.9,87,1,3257.7,175,1,3257.6,21,1,3257.4,57,2,3257.3,3,1,3258.7,32,5,3258.8,118,4,3258.9,82,4,3259.0,2299,13,3259.1,50,3
11536,2025-12-30 12:36:21+05:30,3258.7,22,3249.26,916649,118414.0,115186.0,3250.0,3258.7,3239.8,3251.5,43692425,3576.6,2926.4,4322.95,2866.6,3257.9,90,2,3257.8,21,1,3257.7,192,2,3257.6,65,3,3257.5,20,1,3258.7,7,2,3258.8,9,2,3258.9,150,4,3259.0,2316,14,3259.1,39,2
11536,2025-12-30 12:36:22+05:30,3257.9,30,3249.26,916682,118404.0,115297.0,3250.0,3258.7,3239.8,3251.5,43692425,3576.6,2926.4,4322.95,2866.6,3257.9,110,3,3257.8,21,1,3257.7,192,2,3257.6,21,1,3257.5,20,1,3258.7,3,1,3258.8,101,3,3258.9,85,3,3259.0,2287,12,3259.1,72,3
11536,2025-12-30 12:36:22+05:30,3257.9,30,3249.26,916682,118404.0,115297.0,3250.0,3258.7,3239.8,3251.5,43692425,3576.6,2926.4,4322.95,2866.6,3257.9,110,3,3257.8,21,1,3257.7,192,2,3257.6,21,1,3257.5,20,1,3258.7,3,1,3258.8,101,3,3258.9,85,3,3259.0,2287,12,3259.1,72,3
11536,2025-12-30 12:36:23+05:30,3257.9,19,3249.26,916704,118311.0,115321.0,3250.0,3258.7,3239.8,3251.5,43692425,3576.6,2926.4,4322.95,2866.6,3257.9,101,4,3257.8,21,1,3257.7,195,3,3257.6,21,1,3257.5,20,1,3258.7,2,2,3258.8,101,3,3258.9,85,3,3259.0,2320,13,3259.1,39,2
11536,2025-12-30 12:36:23+05:30,3257.9,19,3249.26,916704,118311.0,115321.0,3250.0,3258.7,3239.8,3251.5,43692425,3576.6,2926.4,4322.95,2866.6,3257.9,101,4,3257.8,21,1,3257.7,195,3,3257.6,21,1,3257.5,20,1,3258.7,2,2,3258.8,101,3,3258.9,85,3,3259.0,2320,13,3259.1,39,2
11536,2025-12-30 12:36:24+05:30,3257.9,19,3249.26,916704,118254.0,115266.0,3250.0,3258.7,3239.8,3251.5,43692425,3576.6,2926.4,4322.95,2866.6,3258.0,38,1,3257.9,63,3,3257.8,196,2,3257.7,20,2,3257.6,21,1,3258.7,32,5,3258.8,9,2,3258.9,90,3,3259.0,2391,14,3259.1,3,1
11536,2025-12-30 12:36:24+05:30,3258.0,10,3249.26,916704,118254.0,115266.0,3250.0,3258.7,3239.8,3251.5,43692425,3576.6,2926.4,4322.95,2866.6,3258.0,38,1,3257.9,63,3,3257.8,196,2,3257.7,20,2,3257.6,21,1,3258.7,32,5,3258.8,9,2,3258.9,90,3,3259.0,2391,14,3259.1,3,1
11536,2025-12-30 12:36:25+05:30,3258.7,1,3249.26,916719,117890.0,115251.0,3250.0,3258.7,3239.8,3251.5,43692425,3576.6,2926.4,4322.95,2866.6,3258.0,3,2,3257.9,91,4,3257.8,21,1,3257.7,190,3,3257.6,21,1,3258.7,33,6,3258.8,9,2,3258.9,155,3,3259.0,2299,13,3259.1,39,2
11536,2025-12-30 12:36:25+05:30,3258.0,2,3249.26,916719,117890.0,115251.0,3250.0,3258.7,3239.8,3251.5,43692425,3576.6,2926.4,4322.95,2866.6,3258.0,3,2,3257.9,91,4,3257.8,21,1,3257.7,190,3,3257.6,21,1,3258.7,33,6,3258.8,9,2,3258.9,155,3,3259.0,2299,13,3259.1,39,2
11536,2025-12-30 12:36:26+05:30,3258.0,2,3249.26,916731,118027.0,115276.0,3250.0,3258.7,3239.8,3251.5,43692425,3576.6,2926.4,4322.95,2866.6,3258.0,53,2,3257.9,171,5,3257.8,21,1,3257.7,190,3,3257.6,21,1,3258.7,35,8,3258.8,9,2,3258.9,155,3,3259.0,2299,13,3259.1,39,2
11536,2025-12-30 12:36:26+05:30,3258.0,3,3249.26,916731,118027.0,115276.0,3250.0,3258.7,3239.8,3251.5,43692425,3576.6,2926.4,4322.95,2866.6,3258.0,53,2,3257.9,171,5,3257.8,21,1,3257.7,190,3,3257.6,21,1,3258.7,35,8,3258.8,9,2,3258.9,155,3,3259.0,2299,13,3259.1,39,2
11536,2025-12-30 12:36:27+05:30,3258.0,5,3249.26,916789,117754.0,115264.0,3250.0,3258.7,3239.8,3251.5,43692425,3576.6,2926.4,4322.95,2866.6,3257.9,171,5,3257.7,219,5,3257.6,68,3,3257.5,17,1,3257.4,111,5,3258.0,7,3,3258.7,6,6,3258.8,101,3,3258.9,30,1,3259.0,2299,13
11536,2025-12-30 12:36:27+05:30,3257.9,2,3249.26,916789,117754.0,115264.0,3250.0,3258.7,3239.8,3251.5,43692425,3576.6,2926.4,4322.95,2866.6,3257.9,171,5,3257.7,219,5,3257.6,68,3,3257.5,17,1,3257.4,111,5,3258.0,7,3,3258.7,6,6,3258.8,101,3,3258.9,30,1,3259.0,2299,13
11536,2025-12-30 12:36:28+05:30,3257.9,3,3249.26,916801,117982.0,115006.0,3250.0,3258.7,3239.8,3251.5,43692425,3576.6,2926.4,4322.95,2866.6,3257.9,163,6,3257.8,44,2,3257.7,268,7,3257.6,86,5,3257.5,18,2,3258.0,10,6,3258.7,3,3,3258.8,9,2,3258.9,122,2,3259.0,2287,12
11536,2025-12-30 12:36:28+05:30,3258.1,2,3249.26,916801,117982.0,115006.0,3250.0,3258.7,3239.8,3251.5,43692425,3576.6,2926.4,4322.95,2866.6,3257.9,163,6,3257.8,44,2,3257.7,268,7,3257.6,86,5,3257.5,18,2,3258.0,10,6,3258.7,3,3,3258.8,9,2,3258.9,122,2,3259.0,2287,12
11536,2025-12-30 12:36:29+05:30,3258.1,1,3249.26,916889,118485.0,115145.0,3250.0,3258.7,3239.8,3251.5,43692425,3576.6,2926.4,4322.95,2866.6,3258.1,125,1,3257.9,311,7,3257.8,21,1,3257.7,20,3,3257.6,52,4,3258.7,6,3,3258.8,9,2,3258.9,150,3,3259.0,2290,13,3259.1,17,2
11536,2025-12-30 12:36:29+05:30,3258.1,1,3249.26,916889,118485.0,115145.0,3250.0,3258.7,3239.8,3251.5,43692425,3576.6,2926.4,4322.95,2866.6,3258.1,125,1,3257.9,311,7,3257.8,21,1,3257.7,20,3,3257.6,52,4,3258.7,6,3,3258.8,9,2,3258.9,150,3,3259.0,2290,13,3259.1,17,2
11536,2025-12-30 12:36:30+05:30,3258.7,1,3249.26,916891,118099.0,115130.0,3250.0,3258.7,3239.8,3251.5,43692425,3576.6,2926.4,4322.95,2866.6,3258.3,124,1,3258.1,178,2,3257.9,136,6,3257.8,21,1,3257.7,15,2,3258.7,7,5,3258.8,37,3,3258.9,47,2,3259.0,2323,14,3259.1,125,2
11536,2025-12-30 12:36:30+05:30,3258.7,1,3249.26,916891,118099.0,115130.0,3250.0,3258.7,3239.8,3251.5,43692425,3576.6,2926.4,4322.95,2866.6,3258.3,124,1,3258.1,178,2,3257.9,136,6,3257.8,21,1,3257.7,15,2,3258.7,7,5,3258.8,37,3,3258.9,47,2,3259.0,2323,14,3259.1,125,2
11536,2025-12-30 12:36:31+05:30,3258.9,36,3249.26,917049,117828.0,114658.0,3250.0,3258.9,3239.8,3251.5,43692425,3576.6,2926.4,4322.95,2866.6,3258.3,3,1,3258.1,127,2,3258.0,41,1,3257.9,311,7,3257.8,21,1,3259.0,2299,13,3259.1,98,2,3259.2,14,1,3259.3,52,3,3259.4,31,3
11536,2025-12-30 12:36:31+05:30,3258.9,2,3249.26,917049,117828.0,114658.0,3250.0,3258.9,3239.8,3251.5,43692425,3576.6,2926.4,4322.95,2866.6,3258.3,3,1,3258.1,127,2,3258.0,41,1,3257.9,311,7,3257.8,21,1,3259.0,2299,13,3259.1,98,2,3259.2,14,1,3259.3,52,3,3259.4,31,3
11536,2025-12-30 12:36:32+05:30,3258.9,2,3249.26,917053,117768.0,115708.0,3250.0,3258.9,3239.8,3251.5,43692425,3576.6,2926.4,4322.95,2866.6,3258.3,3,1,3258.1,127,2,3257.9,311,7,3257.8,21,1,3257.7,15,2,3258.9,31,4,3259.0,2312,16,3259.1,143,3,3259.2,42,3,3259.3,79,4
11536,2025-12-30 12:36:32+05:30,3258.8,10,3249.26,917053,117768.0,115708.0,3250.0,3258.9,3239.8,3251.5,43692425,3576.6,2926.4,4322.95,2866.6,3258.3,3,1,3258.1,127,2,3257.9,311,7,3257.8,21,1,3257.7,15,2,3258.9,31,4,3259.0,2312,16,3259.1,143,3,3259.2,42,3,3259.3,79,4
11536,2025-12-30 12:36:33+05:30,3258.8,1,3249.26,917066,117579.0,115833.0,3250.0,3258.9,3239.8,3251.5,43692425,3576.6,2926.4,4322.95,2866.6,3258.3,3,1,3258.1,127,2,3257.9,310,6,3257.8,21,1,3257.7,15,2,3258.8,6,3,3258.9,37,4,3259.0,2398,16,3259.1,36,1,3259.2,80,4
11536,2025-12-30 12:36:33+05:30,3258.3,44,3249.26,917066,117579.0,115833.0,3250.0,3258.9,3239.8,3251.5,43692425,3576.6,2926.4,4322.95,2866.6,3258.3,3,1,3258.1,127,2,3257.9,310,6,3257.8,21,1,3257.7,15,2,3258.8,6,3,3258.9,37,4,3259.0,2398,16,3259.1,36,1,3259.2,80,4
11536,2025-12-30 12:36:34+05:30,3258.3,2,3249.26,917154,117467.0,115705.0,3250.0,3258.9,3239.8,3251.5,43692425,3576.6,2926.4,4322.95,2866.6,3258.3,12,1,3258.1,127,2,3257.9,310,6,3257.8,21,1,3257.7,15,2,3258.8,12,7,3258.9,152,5,3259.0,2337,16,3259.1,77,2,3259.2,25,2
11536,2025-12-30 12:36:34+05:30,3258.2,8,3249.26,917154,117467.0,115705.0,3250.0,3258.9,3239.8,3251.5,43692425,3576.6,2926.4,4322.95,2866.6,3258.3,12,1,3258.1,127,2,3257.9,310,6,3257.8,21,1,3257.7,15,2,3258.8,12,7,3258.9,152,5,3259.0,2337,16,3259.1,77,2,3259.2,25,2
11536,2025-12-30 12:36:35+05:30,3258.8,1,3249.26,917187,117443.0,115511.0,3250.0,3258.9,3239.8,3251.5,43692425,3576.6,2926.4,4322.95,2866.6,3258.2,113,1,3258.1,3,1,3258.0,175,1,3257.9,135,5,3257.8,22,1,3258.8,15,9,3258.9,41,3,3259.0,2390,14,3259.1,17,1,3259.2,66,4
11536,2025-12-30 12:36:35+05:30,3258.2,13,3249.26,917187,117443.0,115511.0,3250.0,3258.9,3239.8,3251.5,43692425,3576.6,2926.4,4322.95,2866.6,3258.2,113,1,3258.1,3,1,3258.0,175,1,3257.9,135,5,3257.8,22,1,3258.8,15,9,3258.9,41,3,3259.0,2390,14,3259.1,17,1,3259.2,66,4
11536,2025-12-30 12:36:36+05:30,3258.7,1,3249.26,917204,117070.0,115192.0,3250.0,3258.9,3239.8,3251.5,43692425,3576.6,2926.4,4322.95,2866.6,3258.2,152,3,3258.1,15,2,3258.0,176,2,3257.9,193,7,3257.8,63,2,3258.7,2,1,3258.8,8,8,3258.9,1,1,3259.0,2287,12,3259.1,17,1
11536,2025-12-30 12:36:36+05:30,3258.2,9,3249.26,917204,117070.0,115192.0,3250.0,3258.9,3239.8,3251.5,43692425,3576.6,2926.4,4322.95,2866.6,3258.2,152,3,3258.1,15,2,3258.0,176,2,3257.9,193,7,3257.8,63,2,3258.7,2,1,3258.8,8,8,3258.9,1,1,3259.0,2287,12,3259.1,17,1
11536,2025-12-30 12:36:37+05:30,3258.2,6,3249.26,917308,117035.0,115221.0,3250.0,3258.9,3239.8,3251.5,43692425,3576.6,2926.4,4322.95,2866.6,3258.2,223,3,3258.1,52,4,3258.0,235,4,3257.9,190,6,3257.8,21,1,3258.3,6,3,3258.7,3,2,3258.8,4,4,3258.9,1,1,3259.0,2287,12
11536,2025-12-30 12:36:37+05:30,3258.2,6,3249.26,917308,117035.0,115221.0,3250.0,3258.9,3239.8,3251.5,43692425,3576.6,2926.4,4322.95,2866.6,3258.2,223,3,3258.1,52,4,3258.0,235,4,3257.9,190,6,3257.8,21,1,3258.3,6,3,3258.7,3,2,3258.8,4,4,3258.9,1,1,3259.0,2287,12
11536,2025-12-30 12:36:38+05:30,3258.2,13,3249.26,917338,117255.0,115298.0,3250.0,3258.9,3239.8,3251.5,43692425,3576.6,2926.4,4322.95,2866.6,3258.2,204,4,3258.1,3,1,3258.0,214,4,3257.9,141,5,3257.8,21,1,3258.3,9,7,3258.7,1,1,3258.8,1,1,3258.9,1,1,3259.0,2287,12
11536,2025-12-30 12:36:38+05:30,3258.2,13,3249.26,917338,117255.0,115298.0,3250.0,3258.9,3239.8,3251.5,43692425,3576.6,2926.4,4322.95,2866.6,3258.2,204,4,3258.1,3,1,3258.0,214,4,3257.9,141,5,3257.8,21,1,3258.3,9,7,3258.7,1,1,3258.8,1,1,3258.9,1,1,3259.0,2287,12
11536,2025-12-30 12:36:39+05:30,3258.2,3,3249.26,917366,117214.0,115297.0,3250.0,3258.9,3239.8,3251.5,43692425,3576.6,2926.4,4322.95,2866.6,3258.2,177,3,3258.1,3,1,3258.0,180,3,3257.9,141,5,3257.8,21,1,3258.3,10,10,3258.9,1,1,3259.0,2287,12,3259.2,92,1,3259.3,3,1
11536,2025-12-30 12:36:39+05:30,3258.2,3,3249.26,917366,117214.0,115297.0,3250.0,3258.9,3239.8,3251.5,43692425,3576.6,2926.4,4322.95,2866.6,3258.2,177,3,3258.1,3,1,3258.0,180,3,3257.9,141,5,3257.8,21,1,3258.3,10,10,3258.9,1,1,3259.0,2287,12,3259.2,92,1,3259.3,3,1
11536,2025-12-30 12:36:40+05:30,3258.3,1,3249.26,917450,116405.0,116689.0,3250.0,3258.9,3239.8,3251.5,43692425,3576.6,2926.4,4322.95,2866.6,3258.2,153,3,3258.1,3,1,3258.0,180,3,3257.9,134,4,3257.8,21,1,3258.3,1,1,3258.9,1,1,3259.0,2413,14,3259.1,58,2,3259.2,3,1
11536,2025-12-30 12:36:40+05:30,3258.3,2,3249.26,917450,116405.0,116689.0,3250.0,3258.9,3239.8,3251.5,43692425,3576.6,2926.4,4322.95,2866.6,3258.2,153,3,3258.1,3,1,3258.0,180,3,3257.9,134,4,3257.8,21,1,3258.3,1,1,3258.9,1,1,3259.0,2413,14,3259.1,58,2,3259.2,3,1
11536,2025-12-30 12:36:41+05:30,3258.9,1,3249.26,917506,116755.0,116726.0,3250.0,3258.9,3239.8,3251.5,43692425,3576.6,2926.4,4322.95,2866.6,3258.3,91,1,3258.2,7,2,3258.1,178,2,3258.0,25,3,3257.9,139,5,3258.9,4,2,3259.0,2287,12,3259.1,92,1,3259.2,123,5,3259.3,3,1
11536,2025-12-30 12:36:41+05:30,3258.9,1,3249.26,917506,116755.0,116726.0,3250.0,3258.9,3239.8,3251.5,43692425,3576.6,2926.4,4322.95,2866.6,3258.3,91,1,3258.2,7,2,3258.1,178,2,3258.0,25,3,3257.9,139,5,3258.9,4,2,3259.0,2287,12,3259.1,92,1,3259.2,123,5,3259.3,3,1
11536,2025-12-30 12:36:42+05:30,3258.3,1,3249.27,917511,116934.0,114382.0,3250.0,3258.9,3239.8,3251.5,43692425,3576.6,2926.4,4322.95,2866.6,3258.4,87,1,3258.3,31,2,3258.2,194,4,3258.1,37,3,3258.0,95,5,3258.9,4,3,3259.0,2287,12,3259.2,6,1,3259.3,92,1,3259.4,1,1
11536,2025-12-30 12:36:42+05:30,3258.3,1,3249.27,917511,116934.0,114382.0,3250.0,3258.9,3239.8,3251.5,43692425,3576.6,2926.4,4322.95,2866.6,3258.4,87,1,3258.3,31,2,3258.2,194,4,3258.1,37,3,3258.0,95,5,3258.9,4,3,3259.0,2287,12,3259.2,6,1,3259.3,92,1,3259.4,1,1
11536,2025-12-30 12:36:43+05:30,3258.4,1,3249.27,917810,116644.0,114270.0,3250.0,3259.0,3239.8,3251.5,43692425,3576.6,2926.4,4322.95,2866.6,3258.4,7,1,3258.3,58,4,3258.2,253,6,3258.1,40,3,3258.0,68,5,3259.0,2021,12,3259.3,92,1,3259.4,1,1,3259.5,39,1,3259.7,41,2
11536,2025-12-30 12:36:43+05:30,3258.4,1,3249.27,917810,116644.0,114270.0,3250.0,3259.0,3239.8,3251.5,43692425,3576.6,2926.4,4322.95,2866.6,3258.4,7,1,3258.3,58,4,3258.2,253,6,3258.1,40,3,3258.0,68,5,3259.0,2021,12,3259.3,92,1,3259.4,1,1,3259.5,39,1,3259.7,41,2
11536,2025-12-30 12:36:44+05:30,3258.4,1,3249.27,917810,116499.0,115829.0,3250.0,3259.0,3239.8,3251.5,43692425,3576.6,2926.4,4322.95,2866.6,3258.4,7,1,3258.3,6,1,3258.2,202,4,3258.1,25,2,3258.0,25,3,3259.0,2036,14,3259.1,10,1,3259.2,131,2,3259.3,19,1,3259.4,43,3
11536,2025-12-30 12:36:45+05:30,3258.4,1,3249.27,917810,116714.0,116336.0,3250.0,3259.0,3239.8,3251.5,43692425,3576.6,2926.4,4322.95,2866.6,3258.6,1,1,3258.4,7,1,3258.3,6,1,3258.2,202,4,3258.1,25,2,3259.0,2036,14,3259.1,10,1,3259.2,131,2,3259.3,37,2,3259.4,62,4
11536,2025-12-30 12:36:45+05:30,3258.6,1,3249.27,917810,116714.0,116336.0,3250.0,3259.0,3239.8,3251.5,43692425,3576.6,2926.4,4322.95,2866.6,3258.6,1,1,3258.4,7,1,3258.3,6,1,3258.2,202,4,3258.1,25,2,3259.0,2036,14,3259.1,10,1,3259.2,131,2,3259.3,37,2,3259.4,62,4
11536,2025-12-30 12:36:45+05:30,3258.6,1,3249.27,917824,116581.0,115545.0,3250.0,3259.0,3239.8,3251.5,43692425,3576.6,2926.4,4322.95,2866.6,3258.4,7,1,3258.3,6,1,3258.2,187,4,3258.1,125,6,3258.0,113,4,3258.6,8,1,3259.0,2026,13,3259.3,19,1,3259.4,61,4,3259.5,39,2
11536,2025-12-30 12:36:46+05:30,3258.4,53,3249.27,917824,116581.0,115545.0,3250.0,3259.0,3239.8,3251.5,43692425,3576.6,2926.4,4322.95,2866.6,3258.4,7,1,3258.3,6,1,3258.2,187,4,3258.1,125,6,3258.0,113,4,3258.6,8,1,3259.0,2026,13,3259.3,19,1,3259.4,61,4,3259.5,39,2
11536,2025-12-30 12:36:46+05:30,3258.4,76,3249.27,917993,116437.0,116983.0,3250.0,3259.0,3239.8,3251.5,43692425,3576.6,2926.4,4322.95,2866.6,3258.4,42,2,3258.3,31,3,3258.2,12,3,3258.1,99,5,3258.0,123,5,3258.6,17,6,3259.0,2029,13,3259.3,92,1,3259.4,1,1,3259.5,39,2
11536,2025-12-30 12:36:47+05:30,3258.4,26,3249.27,917993,116437.0,116983.0,3250.0,3259.0,3239.8,3251.5,43692425,3576.6,2926.4,4322.95,2866.6,3258.4,42,2,3258.3,31,3,3258.2,12,3,3258.1,99,5,3258.0,123,5,3258.6,17,6,3259.0,2029,13,3259.3,92,1,3259.4,1,1,3259.5,39,2
11536,2025-12-30 12:36:47+05:30,3258.4,26,3249.27,918053,116642.0,116977.0,3250.0,3259.0,3239.8,3251.5,43692425,3576.6,2926.4,4322.95,2866.6,3258.4,184,3,3258.3,32,3,3258.2,12,3,3258.1,33,3,3258.0,95,4,3258.6,17,9,3259.0,2029,13,3259.3,92,1,3259.4,1,1,3259.5,39,2
11536,2025-12-30 12:36:48+05:30,3259.0,175,3249.27,918053,116642.0,116977.0,3250.0,3259.0,3239.8,3251.5,43692425,3576.6,2926.4,4322.95,2866.6,3258.4,184,3,3258.3,32,3,3258.2,12,3,3258.1,33,3,3258.0,95,4,3258.6,17,9,3259.0,2029,13,3259.3,92,1,3259.4,1,1,3259.5,39,2
11536,2025-12-30 12:36:49+05:30,3259.0,175,3249.28,919040,117493.0,115242.0,3250.0,3259.0,3239.8,3251.5,43692425,3576.6,2926.4,4322.95,2866.6,3258.6,388,6,3258.4,65,4,3258.3,11,2,3258.2,115,7,3258.1,119,7,3259.0,1313,18,3259.4,1,1,3259.7,92,1,3259.8,33,4,3259.9,366,9
11536,2025-12-30 12:36:49+05:30,3259.0,175,3249.28,919040,117493.0,115242.0,3250.0,3259.0,3239.8,3251.5,43692425,3576.6,2926.4,4322.95,2866.6,3258.6,388,6,3258.4,65,4,3258.3,11,2,3258.2,115,7,3258.1,119,7,3259.0,1313,18,3259.4,1,1,3259.7,92,1,3259.8,33,4,3259.9,366,9
11536,2025-12-30 12:36:50+05:30,3258.6,35,3249.28,919186,116999.0,115193.0,3250.0,3259.0,3239.8,3251.5,43692425,3576.6,2926.4,4322.95,2866.6,3258.6,380,5,3258.4,61,3,3258.3,6,1,3258.2,64,5,3258.1,142,7,3259.0,1216,21,3259.4,1,1,3259.6,15,1,3259.7,92,1,3259.8,92,8
11536,2025-12-30 12:36:50+05:30,3258.6,35,3249.28,919186,116999.0,115193.0,3250.0,3259.0,3239.8,3251.5,43692425,3576.6,2926.4,4322.95,2866.6,3258.6,380,5,3258.4,61,3,3258.3,6,1,3258.2,64,5,3258.1,142,7,3259.0,1216,21,3259.4,1,1,3259.6,15,1,3259.7,92,1,3259.8,92,8
11536,2025-12-30 12:36:51+05:30,3258.8,33,3249.29,919481,117298.0,115088.0,3250.0,3259.0,3239.8,3251.5,43692425,3576.6,2926.4,4322.95,2866.6,3258.8,4,1,3258.6,431,6,3258.4,95,5,3258.3,18,2,3258.2,139,8,3259.0,1193,21,3259.4,1,1,3259.7,92,1,3259.8,38,6,3259.9,382,10
11536,2025-12-30 12:36:51+05:30,3258.8,33,3249.29,919481,117298.0,115088.0,3250.0,3259.0,3239.8,3251.5,43692425,3576.6,2926.4,4322.95,2866.6,3258.8,4,1,3258.6,431,6,3258.4,95,5,3258.3,18,2,3258.2,139,8,3259.0,1193,21,3259.4,1,1,3259.7,92,1,3259.8,38,6,3259.9,382,10
11536,2025-12-30 12:36:52+05:30,3258.6,18,3249.29,919623,116643.0,116017.0,3250.0,3259.0,3239.8,3251.5,43692425,3576.6,2926.4,4322.95,2866.6,3258.6,42,1,3258.4,331,5,3258.3,6,1,3258.2,32,4,3258.1,28,3,3258.8,5,2,3259.0,1186,20,3259.4,1,1,3259.5,92,1,3259.6,3,1
11536,2025-12-30 12:36:52+05:30,3258.4,4,3249.29,919623,116643.0,116017.0,3250.0,3259.0,3239.8,3251.5,43692425,3576.6,2926.4,4322.95,2866.6,3258.6,42,1,3258.4,331,5,3258.3,6,1,3258.2,32,4,3258.1,28,3,3258.8,5,2,3259.0,1186,20,3259.4,1,1,3259.5,92,1,3259.6,3,1
11536,2025-12-30 12:36:53+05:30,3258.4,37,3249.29,919768,116114.0,116692.0,3250.0,3259.0,3239.8,3251.5,43692425,3576.6,2926.4,4322.95,2866.6,3258.4,19,2,3258.3,6,1,3258.2,12,3,3258.1,26,2,3258.0,96,4,3258.8,17,9,3259.0,1169,16,3259.4,53,2,3259.5,128,2,3259.6,3,1
11536,2025-12-30 12:36:53+05:30,3258.3,29,3249.29,919768,116114.0,116692.0,3250.0,3259.0,3239.8,3251.5,43692425,3576.6,2926.4,4322.95,2866.6,3258.4,19,2,3258.3,6,1,3258.2,12,3,3258.1,26,2,3258.0,96,4,3258.8,17,9,3259.0,1169,16,3259.4,53,2,3259.5,128,2,3259.6,3,1
11536,2025-12-30 12:36:54+05:30,3258.3,24,3249.29,919859,115675.0,115845.0,3250.0,3259.0,3239.8,3251.5,43692425,3576.6,2926.4,4322.95,2866.6,3258.2,22,4,3258.1,6,2,3258.0,121,4,3257.9,234,7,3257.8,68,3,3258.3,7,3,3258.4,12,3,3258.8,15,8,3259.0,1160,14,3259.3,128,2
11536,2025-12-30 12:36:54+05:30,3258.2,4,3249.29,919859,115675.0,115845.0,3250.0,3259.0,3239.8,3251.5,43692425,3576.6,2926.4,4322.95,2866.6,3258.2,22,4,3258.1,6,2,3258.0,121,4,3257.9,234,7,3257.8,68,3,3258.3,7,3,3258.4,12,3,3258.8,15,8,3259.0,1160,14,3259.3,128,2
11536,2025-12-30 12:36:55+05:30,3258.3,1,3249.29,919961,115711.0,116998.0,3250.0,3259.0,3239.8,3251.5,43692425,3576.6,2926.4,4322.95,2866.6,3258.2,8,2,3258.1,30,3,3258.0,97,3,3257.9,234,7,3257.8,68,3,3258.3,12,6,3258.4,12,3,3258.8,10,5,3259.0,1154,13,3259.3,128,2
11536,2025-12-30 12:36:55+05:30,3258.1,20,3249.29,919961,115711.0,116998.0,3250.0,3259.0,3239.8,3251.5,43692425,3576.6,2926.4,4322.95,2866.6,3258.2,8,2,3258.1,30,3,3258.0,97,3,3257.9,234,7,3257.8,68,3,3258.3,12,6,3258.4,12,3,3258.8,10,5,3259.0,1154,13,3259.3,128,2
11536,2025-12-30 12:36:56+05:30,3258.0,8,3249.29,920034,115613.0,117088.0,3250.0,3259.0,3239.8,3251.5,43692425,3576.6,2926.4,4322.95,2866.6,3258.0,24,2,3257.9,257,8,3257.8,45,2,3257.7,348,6,3257.6,142,6,3258.1,9,5,3258.2,6,1,3258.3,11,7,3258.4,4,1,3258.6,1,1
11536,2025-12-30 12:36:56+05:30,3258.0,11,3249.29,920034,115613.0,117088.0,3250.0,3259.0,3239.8,3251.5,43692425,3576.6,2926.4,4322.95,2866.6,3258.0,24,2,3257.9,257,8,3257.8,45,2,3257.7,348,6,3257.6,142,6,3258.1,9,5,3258.2,6,1,3258.3,11,7,3258.4,4,1,3258.6,1,1
11536,2025-12-30 12:36:57+05:30,3257.9,5,3249.29,920181,115118.0,117323.0,3250.0,3259.0,3239.8,3251.5,43692425,3576.6,2926.4,4322.95,2866.6,3257.9,142,4,3257.8,43,1,3257.7,292,5,3257.6,121,5,3257.5,43,4,3258.0,3,3,3258.1,12,8,3258.2,7,2,3258.3,5,4,3258.4,4,1
11536,2025-12-30 12:36:57+05:30,3257.9,2,3249.29,920181,115118.0,117323.0,3250.0,3259.0,3239.8,3251.5,43692425,3576.6,2926.4,4322.95,2866.6,3257.9,142,4,3257.8,43,1,3257.7,292,5,3257.6,121,5,3257.5,43,4,3258.0,3,3,3258.1,12,8,3258.2,7,2,3258.3,5,4,3258.4,4,1
11536,2025-12-30 12:36:58+05:30,3258.1,2,3249.29,920310,114975.0,117190.0,3250.0,3259.0,3239.8,3251.5,43692425,3576.6,2926.4,4322.95,2866.6,3257.9,18,4,3257.8,341,5,3257.7,34,3,3257.6,173,7,3257.5,14,3,3258.1,9,5,3258.2,1,1,3258.3,1,1,3258.4,4,1,3258.6,1,1
11536,2025-12-30 12:36:58+05:30,3257.9,3,3249.29,920310,114975.0,117190.0,3250.0,3259.0,3239.8,3251.5,43692425,3576.6,2926.4,4322.95,2866.6,3257.9,18,4,3257.8,341,5,3257.7,34,3,3257.6,173,7,3257.5,14,3,3258.1,9,5,3258.2,1,1,3258.3,1,1,3258.4,4,1,3258.6,1,1
11536,2025-12-30 12:36:59+05:30,3258.2,3,3249.29,920429,116008.0,116954.0,3250.0,3259.0,3239.8,3251.5,43692425,3576.6,2926.4,4322.95,2866.6,3258.2,85,1,3258.0,438,3,3257.9,14,4,3257.8,27,2,3257.7,34,3,3258.4,4,1,3258.6,1,1,3258.9,2,1,3259.0,1154,13,3259.1,5,2
11536,2025-12-30 12:36:59+05:30,3258.2,3,3249.29,920429,116008.0,116954.0,3250.0,3259.0,3239.8,3251.5,43692425,3576.6,2926.4,4322.95,2866.6,3258.2,85,1,3258.0,438,3,3257.9,14,4,3257.8,27,2,3257.7,34,3,3258.4,4,1,3258.6,1,1,3258.9,2,1,3259.0,1154,13,3259.1,5,2
11536,2025-12-30 12:37:00+05:30,3258.6,1,3249.3,920481,116457.0,116310.0,3250.0,3259.0,3239.8,3251.5,43692425,3576.6,2926.4,4322.95,2866.6,3258.5,36,2,3258.3,263,2,3258.0,195,2,3257.9,14,4,3257.8,93,4,3258.9,2,1,3259.0,1206,14,3259.1,21,2,3259.2,35,2,3259.3,46,2
11536,2025-12-30 12:37:00+05:30,3258.6,1,3249.3,920481,116457.0,116310.0,3250.0,3259.0,3239.8,3251.5,43692425,3576.6,2926.4,4322.95,2866.6,3258.5,36,2,3258.3,263,2,3258.0,195,2,3257.9,14,4,3257.8,93,4,3258.9,2,1,3259.0,1206,14,3259.1,21,2,3259.2,35,2,3259.3,46,2
11536,2025-12-30 12:37:01+05:30,3258.9,1,3249.3,920485,115954.0,116484.0,3250.0,3259.0,3239.8,3251.5,43692425,3576.6,2926.4,4322.95,2866.6,3258.5,2,1,3258.2,21,1,3258.0,226,3,3257.9,14,4,3257.8,290,4,3258.9,6,4,3259.0,1216,16,3259.1,51,2,3259.2,35,2,3259.3,161,4
11536,2025-12-30 12:37:01+05:30,3258.9,1,3249.3,920485,115954.0,116484.0,3250.0,3259.0,3239.8,3251.5,43692425,3576.6,2926.4,4322.95,2866.6,3258.5,2,1,3258.2,21,1,3258.0,226,3,3257.9,14,4,3257.8,290,4,3258.9,6,4,3259.0,1216,16,3259.1,51,2,3259.2,35,2,3259.3,161,4
11536,2025-12-30 12:37:02+05:30,3258.9,1,3249.3,920485,116051.0,116511.0,3250.0,3259.0,3239.8,3251.5,43692425,3576.6,2926.4,4322.95,2866.6,3258.5,2,1,3258.2,21,1,3258.0,226,3,3257.9,14,4,3257.8,290,4,3258.9,8,6,3259.0,1211,15,3259.1,42,1,3259.2,18,1,3259.3,180,5
11536,2025-12-30 12:37:02+05:30,3258.5,16,3249.3,920485,116051.0,116511.0,3250.0,3259.0,3239.8,3251.5,43692425,3576.6,2926.4,4322.95,2866.6,3258.5,2,1,3258.2,21,1,3258.0,226,3,3257.9,14,4,3257.8,290,4,3258.9,8,6,3259.0,1211,15,3259.1,42,1,3259.2,18,1,3259.3,180,5
11536,2025-12-30 12:37:03+05:30,3258.9,1,3249.3,920507,116294.0,115843.0,3250.0,3259.0,3239.8,3251.5,43692425,3576.6,2926.4,4322.95,2866.6,3258.5,1,1,3258.2,27,2,3258.1,31,1,3258.0,317,4,3257.9,298,6,3258.9,5,4,3259.0,1154,13,3259.3,38,1,3259.4,4,2,3259.5,172,3
11536,2025-12-30 12:37:03+05:30,3258.5,1,3249.3,920507,116294.0,115843.0,3250.0,3259.0,3239.8,3251.5,43692425,3576.6,2926.4,4322.95,2866.6,3258.5,1,1,3258.2,27,2,3258.1,31,1,3258.0,317,4,3257.9,298,6,3258.9,5,4,3259.0,1154,13,3259.3,38,1,3259.4,4,2,3259.5,172,3
11536,2025-12-30 12:37:04+05:30,3258.2,1,3249.3,920510,115980.0,116713.0,3250.0,3259.0,3239.8,3251.5,43692425,3576.6,2926.4,4322.95,2866.6,3258.2,30,2,3258.1,36,2,3258.0,320,5,3257.9,327,6,3257.8,110,6,3258.4,4,3,3258.9,17,4,3259.0,1155,14,3259.2,5,1,3259.4,96,3
11536,2025-12-30 12:37:04+05:30,3258.2,1,3249.3,920510,115980.0,116713.0,3250.0,3259.0,3239.8,3251.5,43692425,3576.6,2926.4,4322.95,2866.6,3258.2,30,2,3258.1,36,2,3258.0,320,5,3257.9,327,6,3257.8,110,6,3258.4,4,3,3258.9,17,4,3259.0,1155,14,3259.2,5,1,3259.4,96,3
11536,2025-12-30 12:37:05+05:30,3258.2,5,3249.3,920515,116127.0,116171.0,3250.0,3259.0,3239.8,3251.5,43692425,3576.6,2926.4,4322.95,2866.6,3258.2,31,2,3258.1,57,3,3258.0,323,5,3257.9,346,7,3257.8,141,7,3258.4,6,5,3258.9,16,3,3259.0,1155,14,3259.2,5,1,3259.4,96,3
11536,2025-12-30 12:37:05+05:30,3258.2,1,3249.3,920515,116127.0,116171.0,3250.0,3259.0,3239.8,3251.5,43692425,3576.6,2926.4,4322.95,2866.6,3258.2,31,2,3258.1,57,3,3258.0,323,5,3257.9,346,7,3257.8,141,7,3258.4,6,5,3258.9,16,3,3259.0,1155,14,3259.2,5,1,3259.4,96,3
11536,2025-12-30 12:37:06+05:30,3258.2,4,3249.3,920522,116106.0,116313.0,3250.0,3259.0,3239.8,3251.5,43692425,3576.6,2926.4,4322.95,2866.6,3258.2,2,1,3258.1,36,2,3258.0,344,6,3257.9,337,7,3257.8,141,7,3258.4,4,4,3258.9,14,1,3259.0,1155,14,3259.2,5,1,3259.4,96,3
11536,2025-12-30 12:37:06+05:30,3258.2,6,3249.3,920522,116106.0,116313.0,3250.0,3259.0,3239.8,3251.5,43692425,3576.6,2926.4,4322.95,2866.6,3258.2,2,1,3258.1,36,2,3258.0,344,6,3257.9,337,7,3257.8,141,7,3258.4,4,4,3258.9,14,1,3259.0,1155,14,3259.2,5,1,3259.4,96,3
11536,2025-12-30 12:37:07+05:30,3258.1,1,3249.3,920560,115986.0,115872.0,3250.0,3259.0,3239.8,3251.5,43692425,3576.6,2926.4,4322.95,2866.6,3258.1,35,2,3258.0,323,5,3257.9,276,5,3257.8,120,6,3257.7,67,5,3258.2,9,2,3258.4,21,8,3259.0,1155,14,3259.2,5,1,3259.3,92,1
11536,2025-12-30 12:37:07+05:30,3258.1,1,3249.3,920560,115986.0,115872.0,3250.0,3259.0,3239.8,3251.5,43692425,3576.6,2926.4,4322.95,2866.6,3258.1,35,2,3258.0,323,5,3257.9,276,5,3257.8,120,6,3257.7,67,5,3258.2,9,2,3258.4,21,8,3259.0,1155,14,3259.2,5,1,3259.3,92,1
11536,2025-12-30 12:37:08+05:30,3258.1,1,3249.3,920561,116177.0,116933.0,3250.0,3259.0,3239.8,3251.5,43692425,3576.6,2926.4,4322.95,2866.6,3258.1,47,4,3258.0,323,5,3257.9,318,6,3257.8,141,7,3257.7,46,4,3258.2,11,4,3258.4,20,7,3259.0,1155,14,3259.2,5,1,3259.3,92,1
11536,2025-12-30 12:37:08+05:30,3258.1,2,3249.3,920561,116177.0,116933.0,3250.0,3259.0,3239.8,3251.5,43692425,3576.6,2926.4,4322.95,2866.6,3258.1,47,4,3258.0,323,5,3257.9,318,6,3257.8,141,7,3257.7,46,4,3258.2,11,4,3258.4,20,7,3259.0,1155,14,3259.2,5,1,3259.3,92,1
11536,2025-12-30 12:37:09+05:30,3258.1,2,3249.3,920613,114232.0,115932.0,3250.0,3259.0,3239.8,3251.5,43692425,3576.6,2926.4,4322.95,2866.6,3258.0,317,5,3257.9,276,5,3257.8,68,5,3257.7,87,4,3257.6,143,7,3258.1,3,1,3258.2,5,5,3258.4,17,4,3259.0,1155,14,3259.1,3,1
11536,2025-12-30 12:37:09+05:30,3258.1,2,3249.3,920613,114232.0,115932.0,3250.0,3259.0,3239.8,3251.5,43692425,3576.6,2926.4,4322.95,2866.6,3258.0,317,5,3257.9,276,5,3257.8,68,5,3257.7,87,4,3257.6,143,7,3258.1,3,1,3258.2,5,5,3258.4,17,4,3259.0,1155,14,3259.1,3,1
11536,2025-12-30 12:37:10+05:30,3259.0,58,3249.3,920784,113662.0,115717.0,3250.0,3259.0,3239.8,3251.5,43692425,3576.6,2926.4,4322.95,2866.6,3258.2,125,2,3258.1,68,4,3258.0,638,9,3257.9,37,4,3257.8,331,9,3259.0,1097,14,3259.2,42,1,3259.3,51,1,3259.4,1,1,3259.5,130,2
11536,2025-12-30 12:37:10+05:30,3259.0,58,3249.3,920784,113662.0,115717.0,3250.0,3259.0,3239.8,3251.5,43692425,3576.6,2926.4,4322.95,2866.6,3258.2,125,2,3258.1,68,4,3258.0,638,9,3257.9,37,4,3257.8,331,9,3259.0,1097,14,3259.2,42,1,3259.3,51,1,3259.4,1,1,3259.5,130,2
11536,2025-12-30 12:37:11+05:30,3259.0,58,3249.3,920784,116816.0,116251.0,3250.0,3259.0,3239.8,3251.5,43692425,3576.6,2926.4,4322.95,2866.6,3258.2,129,3,3258.1,75,4,3258.0,659,10,3257.9,13,3,3257.8,351,10,3259.0,1146,17,3259.1,51,1,3259.4,1,1,3259.5,130,2,3259.6,3,1
11536,2025-12-30 12:37:11+05:30,3258.2,3,3249.3,920784,116816.0,116251.0,3250.0,3259.0,3239.8,3251.5,43692425,3576.6,2926.4,4322.95,2866.6,3258.2,129,3,3258.1,75,4,3258.0,659,10,3257.9,13,3,3257.8,351,10,3259.0,1146,17,3259.1,51,1,3259.4,1,1,3259.5,130,2,3259.6,3,1
11536,2025-12-30 12:37:12+05:30,3259.0,2,3249.3,920794,117056.0,116184.0,3250.0,3259.0,3239.8,3251.5,43692425,3576.6,2926.4,4322.95,2866.6,3258.4,97,1,3258.2,287,4,3258.1,71,3,3258.0,375,7,3257.9,13,3,3259.0,1145,18,3259.1,51,1,3259.4,1,1,3259.6,95,2,3259.7,22,2
11536,2025-12-30 12:37:12+05:30,3258.4,28,3249.3,920794,117056.0,116184.0,3250.0,3259.0,3239.8,3251.5,43692425,3576.6,2926.4,4322.95,2866.6,3258.4,97,1,3258.2,287,4,3258.1,71,3,3258.0,375,7,3257.9,13,3,3259.0,1145,18,3259.1,51,1,3259.4,1,1,3259.6,95,2,3259.7,22,2
11536,2025-12-30 12:37:13+05:30,3259.0,2,3249.3,920824,116947.0,116709.0,3250.0,3259.0,3239.8,3251.5,43692425,3576.6,2926.4,4322.95,2866.6,3258.4,82,3,3258.2,292,5,3258.1,53,3,3258.0,395,8,3257.9,112,7,3258.5,1,1,3259.0,1102,20,3259.4,1,1,3259.6,195,5,3259.7,3,1
11536,2025-12-30 12:37:13+05:30,3258.4,21,3249.3,920824,116947.0,116709.0,3250.0,3259.0,3239.8,3251.5,43692425,3576.6,2926.4,4322.95,2866.6,3258.4,82,3,3258.2,292,5,3258.1,53,3,3258.0,395,8,3257.9,112,7,3258.5,1,1,3259.0,1102,20,3259.4,1,1,3259.6,195,5,3259.7,3,1
11536,2025-12-30 12:37:13+05:30,3258.4,25,3249.3,920882,116968.0,116888.0,3250.0,3259.0,3239.8,3251.5,43692425,3576.6,2926.4,4322.95,2866.6,3258.4,35,3,3258.3,28,1,3258.2,303,5,3258.1,141,6,3258.0,375,7,3258.5,5,4,3259.0,1097,18,3259.4,1,1,3259.6,157,4,3259.7,3,1
11536,2025-12-30 12:37:14+05:30,3258.4,9,3249.3,920882,116968.0,116888.0,3250.0,3259.0,3239.8,3251.5,43692425,3576.6,2926.4,4322.95,2866.6,3258.4,35,3,3258.3,28,1,3258.2,303,5,3258.1,141,6,3258.0,375,7,3258.5,5,4,3259.0,1097,18,3259.4,1,1,3259.6,157,4,3259.7,3,1
11536,2025-12-30 12:37:15+05:30,3258.5,1,3249.3,920907,117439.0,116652.0,3250.0,3259.0,3239.8,3251.5,43692425,3576.6,2926.4,4322.95,2866.6,3258.4,188,3,3258.3,28,1,3258.2,370,7,3258.1,104,4,3258.0,398,9,3258.5,5,4,3258.9,1,1,3259.0,1095,16,3259.4,1,1,3259.6,3,1
11536,2025-12-30 12:37:15+05:30,3258.4,2,3249.3,920907,117439.0,116652.0,3250.0,3259.0,3239.8,3251.5,43692425,3576.6,2926.4,4322.95,2866.6,3258.4,188,3,3258.3,28,1,3258.2,370,7,3258.1,104,4,3258.0,398,9,3258.5,5,4,3258.9,1,1,3259.0,1095,16,3259.4,1,1,3259.6,3,1
11536,2025-12-30 12:37:16+05:30,3258.5,1,3249.3,920949,117771.0,116616.0,3250.0,3259.0,3239.8,3251.5,43692425,3576.6,2926.4,4322.95,2866.6,3258.5,311,2,3258.4,11,1,3258.3,348,5,3258.2,226,6,3258.1,76,4,3258.9,3,3,3259.0,1093,14,3259.4,1,1,3259.6,3,1,3259.7,117,3
11536,2025-12-30 12:37:16+05:30,3258.9,1,3249.3,920949,117771.0,116616.0,3250.0,3259.0,3239.8,3251.5,43692425,3576.6,2926.4,4322.95,2866.6,3258.5,311,2,3258.4,11,1,3258.3,348,5,3258.2,226,6,3258.1,76,4,3258.9,3,3,3259.0,1093,14,3259.4,1,1,3259.6,3,1,3259.7,117,3
11536,2025-12-30 12:37:17+05:30,3258.7,77,3249.3,921027,117651.0,116165.0,3250.0,3259.0,3239.8,3251.5,43692425,3576.6,2926.4,4322.95,2866.6,3258.7,96,1,3258.5,402,4,3258.4,32,2,3258.3,28,1,3258.2,226,6,3258.9,3,3,3259.0,1093,14,3259.3,42,1,3259.4,1,1,3259.5,51,1
11536,2025-12-30 12:37:17+05:30,3258.7,77,3249.3,921027,117651.0,116165.0,3250.0,3259.0,3239.8,3251.5,43692425,3576.6,2926.4,4322.95,2866.6,3258.7,96,1,3258.5,402,4,3258.4,32,2,3258.3,28,1,3258.2,226,6,3258.9,3,3,3259.0,1093,14,3259.3,42,1,3259.4,1,1,3259.5,51,1
11536,2025-12-30 12:37:17+05:30,3258.9,1,3249.3,921084,117999.0,115795.0,3250.0,3259.0,3239.8,3251.5,43692425,3576.6,2926.4,4322.95,2866.6,3258.9,39,1,3258.7,293,5,3258.5,165,4,3258.4,58,3,3258.3,121,3,3259.0,1093,14,3259.4,1,1,3259.7,3,1,3259.8,36,5,3259.9,394,11
11536,2025-12-30 12:37:18+05:30,3258.9,1,3249.3,921084,117999.0,115795.0,3250.0,3259.0,3239.8,3251.5,43692425,3576.6,2926.4,4322.95,2866.6,3258.9,39,1,3258.7,293,5,3258.5,165,4,3258.4,58,3,3258.3,121,3,3259.0,1093,14,3259.4,1,1,3259.7,3,1,3259.8,36,5,3259.9,394,11
11536,2025-12-30 12:37:18+05:30,3259.0,175,3249.3,921262,117996.0,114860.0,3250.0,3259.0,3239.8,3251.5,43692425,3576.6,2926.4,4322.95,2866.6,3258.9,41,2,3258.8,28,2,3258.7,295,5,3258.6,56,2,3258.5,184,4,3259.0,955,18,3259.4,1,1,3259.6,42,1,3259.8,36,5,3259.9,297,9
11536,2025-12-30 12:37:19+05:30,3259.0,175,3249.3,921262,117996.0,114860.0,3250.0,3259.0,3239.8,3251.5,43692425,3576.6,2926.4,4322.95,2866.6,3258.9,41,2,3258.8,28,2,3258.7,295,5,3258.6,56,2,3258.5,184,4,3259.0,955,18,3259.4,1,1,3259.6,42,1,3259.8,36,5,3259.9,297,9
11536,2025-12-30 12:37:19+05:30,3259.0,175,3249.3,921262,118259.0,114860.0,3250.0,3259.0,3239.8,3251.5,43692425,3576.6,2926.4,4322.95,2866.6,3258.9,41,2,3258.8,28,2,3258.7,295,5,3258.6,56,2,3258.5,392,6,3259.0,965,20,3259.4,1,1,3259.6,42,1,3259.8,36,5,3259.9,297,9
11536,2025-12-30 12:37:20+05:30,3258.9,17,3249.3,921262,118259.0,114860.0,3250.0,3259.0,3239.8,3251.5,43692425,3576.6,2926.4,4322.95,2866.6,3258.9,41,2,3258.8,28,2,3258.7,295,5,3258.6,56,2,3258.5,392,6,3259.0,965,20,3259.4,1,1,3259.6,42,1,3259.8,36,5,3259.9,297,9
11536,2025-12-30 12:37:21+05:30,3258.9,8,3249.3,921345,116950.0,115048.0,3250.0,3259.0,3239.8,3251.5,43692425,3576.6,2926.4,4322.95,2866.6,3258.9,167,1,3258.7,275,4,3258.5,321,4,3258.4,62,3,3258.2,34,4,3259.0,959,21,3259.4,1,1,3259.6,83,3,3259.7,177,3,3259.8,60,7
11536,2025-12-30 12:37:21+05:30,3259.0,108,3249.3,921345,116950.0,115048.0,3250.0,3259.0,3239.8,3251.5,43692425,3576.6,2926.4,4322.95,2866.6,3258.9,167,1,3258.7,275,4,3258.5,321,4,3258.4,62,3,3258.2,34,4,3259.0,959,21,3259.4,1,1,3259.6,83,3,3259.7,177,3,3259.8,60,7
11536,2025-12-30 12:37:21+05:30,3259.0,34,3249.31,921601,117083.0,114908.0,3250.0,3259.0,3239.8,3251.5,43692425,3576.6,2926.4,4322.95,2866.6,3258.9,157,1,3258.7,275,4,3258.6,47,3,3258.5,347,4,3258.4,62,4,3259.0,720,20,3259.4,1,1,3259.5,43,1,3259.6,52,1,3259.8,152,8
11536,2025-12-30 12:37:22+05:30,3258.9,1,3249.31,921601,117083.0,114908.0,3250.0,3259.0,3239.8,3251.5,43692425,3576.6,2926.4,4322.95,2866.6,3258.9,157,1,3258.7,275,4,3258.6,47,3,3258.5,347,4,3258.4,62,4,3259.0,720,20,3259.4,1,1,3259.5,43,1,3259.6,52,1,3259.8,152,8
11536,2025-12-30 12:37:22+05:30,3259.0,3,3249.31,921647,117241.0,114918.0,3250.0,3259.0,3239.8,3251.5,43692425,3576.6,2926.4,4322.95,2866.6,3258.9,115,1,3258.7,274,3,3258.6,13,1,3258.5,336,4,3258.4,148,7,3259.0,730,24,3259.4,1,1,3259.6,52,1,3259.7,43,1,3259.8,152,8
11536,2025-12-30 12:37:23+05:30,3258.9,1,3249.31,921647,117241.0,114918.0,3250.0,3259.0,3239.8,3251.5,43692425,3576.6,2926.4,4322.95,2866.6,3258.9,115,1,3258.7,274,3,3258.6,13,1,3258.5,336,4,3258.4,148,7,3259.0,730,24,3259.4,1,1,3259.6,52,1,3259.7,43,1,3259.8,152,8
11536,2025-12-30 12:37:24+05:30,3259.0,1,3249.32,922579,118123.0,111968.0,3250.0,3259.0,3239.8,3251.5,43692425,3576.6,2926.4,4322.95,2866.6,3258.9,235,5,3258.8,364,5,3258.7,95,4,3258.6,253,5,3258.5,408,5,3259.4,1,1,3259.8,33,4,3259.9,294,8,3260.0,453,46,3260.3,2,1
11536,2025-12-30 12:37:24+05:30,3259.0,1,3249.32,922579,118123.0,111968.0,3250.0,3259.0,3239.8,3251.5,43692425,3576.6,2926.4,4322.95,2866.6,3258.9,235,5,3258.8,364,5,3258.7,95,4,3258.6,253,5,3258.5,408,5,3259.4,1,1,3259.8,33,4,3259.9,294,8,3260.0,453,46,3260.3,2,1
11536,2025-12-30 12:37:24+05:30,3259.0,1,3249.32,922579,117888.0,112737.0,3250.0,3259.0,3239.8,3251.5,43692425,3576.6,2926.4,4322.95,2866.6,3258.9,350,2,3258.8,58,2,3258.7,294,4,3258.6,129,5,3258.5,559,5,3259.4,50,5,3259.7,43,1,3259.8,33,4,3259.9,346,9,3260.0,453,46
11536,2025-12-30 12:37:25+05:30,3259.4,3,3249.32,922579,117888.0,112737.0,3250.0,3259.0,3239.8,3251.5,43692425,3576.6,2926.4,4322.95,2866.6,3258.9,350,2,3258.8,58,2,3258.7,294,4,3258.6,129,5,3258.5,559,5,3259.4,50,5,3259.7,43,1,3259.8,33,4,3259.9,346,9,3260.0,453,46
11536,2025-12-30 12:37:26+05:30,3259.4,1,3249.32,922611,117917.0,112956.0,3250.0,3259.4,3239.8,3251.5,43692425,3576.6,2926.4,4322.95,2866.6,3258.9,361,3,3258.8,58,2,3258.7,346,5,3258.6,143,6,3258.5,218,4,3259.4,47,6,3259.8,33,4,3259.9,294,8,3260.0,496,47,3260.2,44,2
11536,2025-12-30 12:37:26+05:30,3258.9,3,3249.32,922611,117917.0,112956.0,3250.0,3259.4,3239.8,3251.5,43692425,3576.6,2926.4,4322.95,2866.6,3258.9,361,3,3258.8,58,2,3258.7,346,5,3258.6,143,6,3258.5,218,4,3259.4,47,6,3259.8,33,4,3259.9,294,8,3260.0,496,47,3260.2,44,2
11536,2025-12-30 12:37:27+05:30,3259.0,77,3249.32,922954,117195.0,113332.0,3250.0,3259.4,3239.8,3251.5,43692425,3576.6,2926.4,4322.95,2866.6,3259.0,7,1,3258.9,63,2,3258.8,283,3,3258.7,84,2,3258.6,246,5,3259.4,34,8,3259.8,33,4,3259.9,338,10,3260.0,474,47,3260.2,138,4
11536,2025-12-30 12:37:27+05:30,3258.9,13,3249.32,922954,117195.0,113332.0,3250.0,3259.4,3239.8,3251.5,43692425,3576.6,2926.4,4322.95,2866.6,3259.0,7,1,3258.9,63,2,3258.8,283,3,3258.7,84,2,3258.6,246,5,3259.4,34,8,3259.8,33,4,3259.9,338,10,3260.0,474,47,3260.2,138,4
11536,2025-12-30 12:37:28+05:30,3259.0,2,3249.32,923156,117616.0,113296.0,3250.0,3259.4,3239.8,3251.5,43692425,3576.6,2926.4,4322.95,2866.6,3259.0,1,1,3258.9,165,4,3258.7,432,7,3258.6,125,5,3258.5,329,7,3259.4,33,10,3259.8,33,4,3259.9,338,10,3260.0,453,46,3260.1,55,2
11536,2025-12-30 12:37:28+05:30,3259.2,78,3249.32,923156,117616.0,113296.0,3250.0,3259.4,3239.8,3251.5,43692425,3576.6,2926.4,4322.95,2866.6,3259.0,1,1,3258.9,165,4,3258.7,432,7,3258.6,125,5,3258.5,329,7,3259.4,33,10,3259.8,33,4,3259.9,338,10,3260.0,453,46,3260.1,55,2
11536,2025-12-30 12:37:29+05:30,3259.2,7,3249.32,923243,118212.0,113568.0,3250.0,3259.4,3239.8,3251.5,43692425,3576.6,2926.4,4322.95,2866.6,3259.2,76,1,3259.0,263,2,3258.9,3,3,3258.8,196,2,3258.7,142,4,3259.4,44,12,3259.8,33,4,3259.9,338,10,3260.0,505,47,3260.1,3,1
11536,2025-12-30 12:37:29+05:30,3259.2,1,3249.32,923243,118212.0,113568.0,3250.0,3259.4,3239.8,3251.5,43692425,3576.6,2926.4,4322.95,2866.6,3259.2,76,1,3259.0,263,2,3258.9,3,3,3258.8,196,2,3258.7,142,4,3259.4,44,12,3259.8,33,4,3259.9,338,10,3260.0,505,47,3260.1,3,1
11536,2025-12-30 12:37:30+05:30,3259.4,2,3249.33,923540,118351.0,113307.0,3250.0,3259.4,3239.8,3251.5,43692425,3576.6,2926.4,4322.95,2866.6,3259.5,175,1,3259.2,22,2,3259.0,284,3,3258.9,6,4,3258.8,204,3,3259.8,33,4,3259.9,347,10,3260.0,453,46,3260.1,84,3,3260.2,57,3
11536,2025-12-30 12:37:30+05:30,3259.4,2,3249.33,923540,118351.0,113307.0,3250.0,3259.4,3239.8,3251.5,43692425,3576.6,2926.4,4322.95,2866.6,3259.5,175,1,3259.2,22,2,3259.0,284,3,3258.9,6,4,3258.8,204,3,3259.8,33,4,3259.9,347,10,3260.0,453,46,3260.1,84,3,3260.2,57,3
11536,2025-12-30 12:37:31+05:30,3259.4,2,3249.33,923540,118369.0,113583.0,3250.0,3259.4,3239.8,3251.5,43692425,3576.6,2926.4,4322.95,2866.6,3259.5,181,3,3259.2,43,3,3259.0,284,3,3258.9,6,4,3258.8,242,4,3259.8,44,6,3259.9,358,11,3260.0,494,47,3260.1,41,2,3260.2,57,3
11536,2025-12-30 12:37:31+05:30,3259.8,1,3249.33,923540,118369.0,113583.0,3250.0,3259.4,3239.8,3251.5,43692425,3576.6,2926.4,4322.95,2866.6,3259.5,181,3,3259.2,43,3,3259.0,284,3,3258.9,6,4,3258.8,242,4,3259.8,44,6,3259.9,358,11,3260.0,494,47,3260.1,41,2,3260.2,57,3
11536,2025-12-30 12:37:32+05:30,3259.8,2,3249.33,923543,118449.0,113392.0,3250.0,3259.8,3239.8,3251.5,43692425,3576.6,2926.4,4322.95,2866.6,3259.5,181,3,3259.3,17,1,3259.2,26,2,3259.1,289,3,3259.0,108,3,3259.8,42,6,3259.9,295,9,3260.0,453,46,3260.3,46,3,3260.4,21,1
11536,2025-12-30 12:37:32+05:30,3259.9,7,3249.33,923543,118449.0,113392.0,3250.0,3259.8,3239.8,3251.5,43692425,3576.6,2926.4,4322.95,2866.6,3259.5,181,3,3259.3,17,1,3259.2,26,2,3259.1,289,3,3259.0,108,3,3259.8,42,6,3259.9,295,9,3260.0,453,46,3260.3,46,3,3260.4,21,1
11536,2025-12-30 12:37:33+05:30,3259.5,1,3249.33,923694,118459.0,113412.0,3250.0,3259.9,3239.8,3251.5,43692425,3576.6,2926.4,4322.95,2866.6,3259.5,140,4,3259.3,17,1,3259.2,26,2,3259.1,289,3,3259.0,108,3,3259.9,293,9,3260.0,453,46,3260.3,26,3,3260.4,41,1,3260.5,122,6
11536,2025-12-30 12:37:33+05:30,3260.3,4,3249.33,923694,118459.0,113412.0,3250.0,3259.9,3239.8,3251.5,43692425,3576.6,2926.4,4322.95,2866.6,3259.5,140,4,3259.3,17,1,3259.2,26,2,3259.1,289,3,3259.0,108,3,3259.9,293,9,3260.0,453,46,3260.3,26,3,3260.4,41,1,3260.5,122,6
11536,2025-12-30 12:37:34+05:30,3260.3,1,3249.34,924569,117598.0,112287.0,3250.0,3260.4,3239.8,3251.5,43692425,3576.6,2926.4,4322.95,2866.6,3260.3,114,1,3260.2,10,1,3260.0,177,4,3259.8,59,2,3259.6,112,5,3260.5,125,7,3260.6,9,2,3260.8,91,4,3260.9,1,1,3261.0,96,8
11536,2025-12-30 12:37:34+05:30,3260.3,1,3249.34,924569,117598.0,112287.0,3250.0,3260.4,3239.8,3251.5,43692425,3576.6,2926.4,4322.95,2866.6,3260.3,114,1,3260.2,10,1,3260.0,177,4,3259.8,59,2,3259.6,112,5,3260.5,125,7,3260.6,9,2,3260.8,91,4,3260.9,1,1,3261.0,96,8
11536,2025-12-30 12:37:35+05:30,3260.5,2,3249.34,924685,117313.0,112488.0,3250.0,3260.5,3239.8,3251.5,43692425,3576.6,2926.4,4322.95,2866.6,3260.3,3,1,3260.2,10,1,3260.1,17,1,3260.0,177,4,3259.9,263,2,3260.5,41,4,3260.6,15,2,3260.8,50,3,3260.9,31,3,3261.0,152,10
11536,2025-12-30 12:37:35+05:30,3260.3,7,3249.34,924685,117313.0,112488.0,3250.0,3260.5,3239.8,3251.5,43692425,3576.6,2926.4,4322.95,2866.6,3260.3,3,1,3260.2,10,1,3260.1,17,1,3260.0,177,4,3259.9,263,2,3260.5,41,4,3260.6,15,2,3260.8,50,3,3260.9,31,3,3261.0,152,10
11536,2025-12-30 12:37:36+05:30,3260.3,13,3249.34,924904,117769.0,112415.0,3250.0,3260.5,3239.8,3251.5,43692425,3576.6,2926.4,4322.95,2866.6,3260.2,10,1,3260.1,17,1,3260.0,156,3,3259.9,263,2,3259.8,100,3,3260.3,21,2,3260.5,24,3,3260.6,4,1,3260.8,10,1,3260.9,12,2
11536,2025-12-30 12:37:36+05:30,3260.2,1,3249.34,924904,117769.0,112415.0,3250.0,3260.5,3239.8,3251.5,43692425,3576.6,2926.4,4322.95,2866.6,3260.2,10,1,3260.1,17,1,3260.0,156,3,3259.9,263,2,3259.8,100,3,3260.3,21,2,3260.5,24,3,3260.6,4,1,3260.8,10,1,3260.9,12,2
11536,2025-12-30 12:37:37+05:30,3260.1,21,3249.34,925026,116976.0,111274.0,3250.0,3260.5,3239.8,3251.5,43692425,3576.6,2926.4,4322.95,2866.6,3260.1,89,2,3260.0,156,3,3259.9,263,2,3259.8,38,1,3259.7,211,2,3260.2,8,1,3260.3,27,5,3260.5,3,1,3260.6,4,1,3260.9,26,3
11536,2025-12-30 12:37:37+05:30,3260.1,21,3249.34,925026,116976.0,111274.0,3250.0,3260.5,3239.8,3251.5,43692425,3576.6,2926.4,4322.95,2866.6,3260.1,89,2,3260.0,156,3,3259.9,263,2,3259.8,38,1,3259.7,211,2,3260.2,8,1,3260.3,27,5,3260.5,3,1,3260.6,4,1,3260.9,26,3
11536,2025-12-30 12:37:38+05:30,3260.0,14,3249.35,925197,115375.0,113133.0,3250.0,3260.5,3239.8,3251.5,43692425,3576.6,2926.4,4322.95,2866.6,3260.0,593,5,3259.9,70,2,3259.8,11,1,3259.7,3,1,3259.6,22,1,3260.1,31,3,3260.2,26,5,3260.3,7,3,3260.4,42,2,3260.6,28,3
11536,2025-12-30 12:37:38+05:30,3260.0,14,3249.35,925197,115375.0,113133.0,3250.0,3260.5,3239.8,3251.5,43692425,3576.6,2926.4,4322.95,2866.6,3260.0,593,5,3259.9,70,2,3259.8,11,1,3259.7,3,1,3259.6,22,1,3260.1,31,3,3260.2,26,5,3260.3,7,3,3260.4,42,2,3260.6,28,3
11536,2025-12-30 12:37:39+05:30,3260.0,26,3249.35,925346,115719.0,113639.0,3250.0,3260.5,3239.8,3251.5,43692425,3576.6,2926.4,4322.95,2866.6,3260.0,595,4,3259.9,70,2,3259.8,11,1,3259.7,3,1,3259.6,22,1,3260.1,48,8,3260.2,7,3,3260.3,1,1,3260.4,48,3,3260.5,33,1
11536,2025-12-30 12:37:39+05:30,3260.0,26,3249.35,925346,115719.0,113639.0,3250.0,3260.5,3239.8,3251.5,43692425,3576.6,2926.4,4322.95,2866.6,3260.0,595,4,3259.9,70,2,3259.8,11,1,3259.7,3,1,3259.6,22,1,3260.1,48,8,3260.2,7,3,3260.3,1,1,3260.4,48,3,3260.5,33,1
11536,2025-12-30 12:37:40+05:30,3260.0,2,3249.35,925369,115959.0,113971.0,3250.0,3260.5,3239.8,3251.5,43692425,3576.6,2926.4,4322.95,2866.6,3260.0,572,4,3259.9,70,2,3259.8,11,1,3259.7,3,1,3259.6,22,1,3260.1,31,10,3260.2,7,3,3260.3,20,1,3260.4,79,4,3260.5,74,2
11536,2025-12-30 12:37:40+05:30,3260.0,24,3249.35,925369,115959.0,113971.0,3250.0,3260.5,3239.8,3251.5,43692425,3576.6,2926.4,4322.95,2866.6,3260.0,572,4,3259.9,70,2,3259.8,11,1,3259.7,3,1,3259.6,22,1,3260.1,31,10,3260.2,7,3,3260.3,20,1,3260.4,79,4,3260.5,74,2
11536,2025-12-30 12:37:41+05:30,3260.0,3,3249.36,926014,115582.0,113946.0,3250.0,3260.5,3239.8,3251.5,43692425,3576.6,2926.4,4322.95,2866.6,3260.0,107,3,3259.9,70,2,3259.8,11,1,3259.7,3,1,3259.6,22,1,3260.1,57,10,3260.2,24,3,3260.3,67,2,3260.4,79,4,3260.5,110,3
11536,2025-12-30 12:37:41+05:30,3260.0,8,3249.36,926014,115582.0,113946.0,3250.0,3260.5,3239.8,3251.5,43692425,3576.6,2926.4,4322.95,2866.6,3260.0,107,3,3259.9,70,2,3259.8,11,1,3259.7,3,1,3259.6,22,1,3260.1,57,10,3260.2,24,3,3260.3,67,2,3260.4,79,4,3260.5,110,3
11536,2025-12-30 12:37:42+05:30,3260.1,1,3249.36,926134,115617.0,113889.0,3250.0,3260.5,3239.8,3251.5,43692425,3576.6,2926.4,4322.95,2866.6,3260.0,72,3,3259.9,70,2,3259.8,11,1,3259.7,3,1,3259.6,22,1,3260.1,49,10,3260.2,106,4,3260.3,106,3,3260.4,79,4,3260.5,71,2
11536,2025-12-30 12:37:42+05:30,3260.1,1,3249.36,926134,115617.0,113889.0,3250.0,3260.5,3239.8,3251.5,43692425,3576.6,2926.4,4322.95,2866.6,3260.0,72,3,3259.9,70,2,3259.8,11,1,3259.7,3,1,3259.6,22,1,3260.1,49,10,3260.2,106,4,3260.3,106,3,3260.4,79,4,3260.5,71,2
11536,2025-12-30 12:37:43+05:30,3260.0,13,3249.36,926306,115566.0,113870.0,3250.0,3260.5,3239.8,3251.5,43692425,3576.6,2926.4,4322.95,2866.6,3260.0,73,3,3259.9,70,2,3259.8,11,1,3259.7,3,1,3259.6,22,1,3260.1,30,11,3260.2,86,3,3260.3,106,3,3260.4,79,4,3260.5,71,2
11536,2025-12-30 12:37:43+05:30,3260.0,13,3249.36,926306,115566.0,113870.0,3250.0,3260.5,3239.8,3251.5,43692425,3576.6,2926.4,4322.95,2866.6,3260.0,73,3,3259.9,70,2,3259.8,11,1,3259.7,3,1,3259.6,22,1,3260.1,30,11,3260.2,86,3,3260.3,106,3,3260.4,79,4,3260.5,71,2
11536,2025-12-30 12:37:44+05:30,3260.0,26,3249.36,926437,115615.0,112500.0,3250.0,3260.5,3239.8,3251.5,43692425,3576.6,2926.4,4322.95,2866.6,3260.0,64,3,3259.9,70,2,3259.8,11,1,3259.7,3,1,3259.6,22,1,3260.1,21,9,3260.2,76,2,3260.4,27,2,3260.5,71,2,3260.6,72,5
11536,2025-12-30 12:37:44+05:30,3260.0,8,3249.36,926437,115615.0,112500.0,3250.0,3260.5,3239.8,3251.5,43692425,3576.6,2926.4,4322.95,2866.6,3260.0,64,3,3259.9,70,2,3259.8,11,1,3259.7,3,1,3259.6,22,1,3260.1,21,9,3260.2,76,2,3260.4,27,2,3260.5,71,2,3260.6,72,5
11536,2025-12-30 12:37:45+05:30,3260.0,1,3249.36,926629,115076.0,114695.0,3250.0,3260.5,3239.8,3251.5,43692425,3576.6,2926.4,4322.95,2866.6,3259.9,14,1,3259.8,11,1,3259.7,3,1,3259.5,17,4,3259.4,21,2,3260.0,747,4,3260.1,91,12,3260.2,162,5,3260.3,160,3,3260.4,79,4
11536,2025-12-30 12:37:45+05:30,3259.9,10,3249.36,926629,115076.0,114695.0,3250.0,3260.5,3239.8,3251.5,43692425,3576.6,2926.4,4322.95,2866.6,3259.9,14,1,3259.8,11,1,3259.7,3,1,3259.5,17,4,3259.4,21,2,3260.0,747,4,3260.1,91,12,3260.2,162,5,3260.3,160,3,3260.4,79,4
11536,2025-12-30 12:37:46+05:30,3259.8,11,3249.36,926629,115076.0,114695.0,3250.0,3260.5,3239.8,3251.5,43692425,3576.6,2926.4,4322.95,2866.6,3259.9,14,1,3259.8,11,1,3259.7,3,1,3259.5,17,4,3259.4,21,2,3260.0,747,4,3260.1,91,12,3260.2,162,5,3260.3,160,3,3260.4,79,4
11536,2025-12-30 12:37:46+05:30,3259.8,11,3249.36,926753,113517.0,113225.0,3250.0,3260.5,3239.8,3251.5,43692425,3576.6,2926.4,4322.95,2866.6,3259.8,11,1,3259.7,3,1,3259.5,105,5,3259.4,21,2,3259.3,263,2,3260.0,827,14,3260.1,76,6,3260.2,144,5,3260.3,30,1,3260.4,82,5
11536,2025-12-30 12:37:47+05:30,3259.7,22,3249.36,926753,113517.0,113225.0,3250.0,3260.5,3239.8,3251.5,43692425,3576.6,2926.4,4322.95,2866.6,3259.8,11,1,3259.7,3,1,3259.5,105,5,3259.4,21,2,3259.3,263,2,3260.0,827,14,3260.1,76,6,3260.2,144,5,3260.3,30,1,3260.4,82,5
11536,2025-12-30 12:37:47+05:30,3259.6,3,3249.37,926875,114914.0,115900.0,3250.0,3260.5,3239.8,3251.5,43692425,3576.6,2926.4,4322.95,2866.6,3259.5,105,5,3259.4,1,1,3259.3,263,2,3259.2,31,4,3259.1,204,2,3259.6,4,2,3259.7,1,1,3259.8,64,6,3259.9,26,2,3260.0,817,14
11536,2025-12-30 12:37:48+05:30,3259.5,12,3249.37,926875,114914.0,115900.0,3250.0,3260.5,3239.8,3251.5,43692425,3576.6,2926.4,4322.95,2866.6,3259.5,105,5,3259.4,1,1,3259.3,263,2,3259.2,31,4,3259.1,204,2,3259.6,4,2,3259.7,1,1,3259.8,64,6,3259.9,26,2,3260.0,817,14
11536,2025-12-30 12:37:48+05:30,3259.5,7,3249.37,926928,114910.0,115269.0,3250.0,3260.5,3239.8,3251.5,43692425,3576.6,2926.4,4322.95,2866.6,3259.5,76,5,3259.4,1,1,3259.3,263,2,3259.2,31,4,3259.1,204,2,3259.6,7,5,3259.7,1,1,3259.8,15,4,3260.0,823,8,3260.1,20,1
11536,2025-12-30 12:37:49+05:30,3259.5,3,3249.37,926928,114910.0,115269.0,3250.0,3260.5,3239.8,3251.5,43692425,3576.6,2926.4,4322.95,2866.6,3259.5,76,5,3259.4,1,1,3259.3,263,2,3259.2,31,4,3259.1,204,2,3259.6,7,5,3259.7,1,1,3259.8,15,4,3260.0,823,8,3260.1,20,1
11536,2025-12-30 12:37:49+05:30,3259.5,2,3249.37,927054,115134.0,115773.0,3250.0,3260.5,3239.8,3251.5,43692425,3576.6,2926.4,4322.95,2866.6,3259.5,15,4,3259.4,1,1,3259.3,2,1,3259.2,10,3,3259.1,292,3,3259.6,24,11,3259.8,21,2,3259.9,47,4,3260.0,929,8,3260.1,20,1
11536,2025-12-30 12:37:50+05:30,3259.5,5,3249.37,927054,115134.0,115773.0,3250.0,3260.5,3239.8,3251.5,43692425,3576.6,2926.4,4322.95,2866.6,3259.5,15,4,3259.4,1,1,3259.3,2,1,3259.2,10,3,3259.1,292,3,3259.6,24,11,3259.8,21,2,3259.9,47,4,3260.0,929,8,3260.1,20,1
11536,2025-12-30 12:37:50+05:30,3259.4,1,3249.37,927105,114914.0,116715.0,3250.0,3260.5,3239.8,3251.5,43692425,3576.6,2926.4,4322.95,2866.6,3259.2,10,3,3259.1,29,1,3259.0,22,2,3258.9,5,4,3258.8,47,3,3259.4,2,1,3259.5,12,2,3259.6,36,12,3259.7,29,1,3259.8,46,2
11536,2025-12-30 12:37:51+05:30,3259.2,1,3249.37,927105,114914.0,116715.0,3250.0,3260.5,3239.8,3251.5,43692425,3576.6,2926.4,4322.95,2866.6,3259.2,10,3,3259.1,29,1,3259.0,22,2,3258.9,5,4,3258.8,47,3,3259.4,2,1,3259.5,12,2,3259.6,36,12,3259.7,29,1,3259.8,46,2
11536,2025-12-30 12:37:51+05:30,3259.2,3,3249.37,927156,113984.0,116269.0,3250.0,3260.5,3239.8,3251.5,43692425,3576.6,2926.4,4322.95,2866.6,3259.1,29,1,3259.0,1,1,3258.9,5,4,3258.8,47,3,3258.7,274,3,3259.2,2,1,3259.4,8,7,3259.5,2,1,3259.6,26,5,3259.7,37,2
11536,2025-12-30 12:37:52+05:30,3259.1,12,3249.37,927156,113984.0,116269.0,3250.0,3260.5,3239.8,3251.5,43692425,3576.6,2926.4,4322.95,2866.6,3259.1,29,1,3259.0,1,1,3258.9,5,4,3258.8,47,3,3258.7,274,3,3259.2,2,1,3259.4,8,7,3259.5,2,1,3259.6,26,5,3259.7,37,2
11536,2025-12-30 12:37:52+05:30,3259.2,1,3249.37,927194,113542.0,115872.0,3250.0,3260.5,3239.8,3251.5,43692425,3576.6,2926.4,4322.95,2866.6,3259.0,1,1,3258.9,5,4,3258.8,52,4,3258.7,274,3,3258.6,35,2,3259.2,5,4,3259.4,108,8,3259.5,20,1,3259.6,21,2,3259.7,37,2
11536,2025-12-30 12:37:53+05:30,3259.2,1,3249.37,927194,113542.0,115872.0,3250.0,3260.5,3239.8,3251.5,43692425,3576.6,2926.4,4322.95,2866.6,3259.0,1,1,3258.9,5,4,3258.8,52,4,3258.7,274,3,3258.6,35,2,3259.2,5,4,3259.4,108,8,3259.5,20,1,3259.6,21,2,3259.7,37,2
11536,2025-12-30 12:37:53+05:30,3258.9,5,3249.37,927261,113402.0,114939.0,3250.0,3260.5,3239.8,3251.5,43692425,3576.6,2926.4,4322.95,2866.6,3258.9,170,1,3258.8,14,3,3258.7,274,3,3258.6,35,2,3258.5,249,5,3259.2,20,5,3259.4,103,4,3259.7,29,1,3259.8,27,1,3259.9,41,3
11536,2025-12-30 12:37:54+05:30,3259.2,1,3249.37,927261,113402.0,114939.0,3250.0,3260.5,3239.8,3251.5,43692425,3576.6,2926.4,4322.95,2866.6,3258.9,170,1,3258.8,14,3,3258.7,274,3,3258.6,35,2,3258.5,249,5,3259.2,20,5,3259.4,103,4,3259.7,29,1,3259.8,27,1,3259.9,41,3
11536,2025-12-30 12:37:54+05:30,3258.9,1,3249.37,927275,113641.0,116255.0,3250.0,3260.5,3239.8,3251.5,43692425,3576.6,2926.4,4322.95,2866.6,3258.9,159,2,3258.8,36,4,3258.7,322,6,3258.6,115,5,3258.5,315,7,3259.2,30,10,3259.4,100,1,3259.9,35,2,3260.0,863,4,3260.1,23,2
11536,2025-12-30 12:37:55+05:30,3259.2,1,3249.37,927275,113641.0,116255.0,3250.0,3260.5,3239.8,3251.5,43692425,3576.6,2926.4,4322.95,2866.6,3258.9,159,2,3258.8,36,4,3258.7,322,6,3258.6,115,5,3258.5,315,7,3259.2,30,10,3259.4,100,1,3259.9,35,2,3260.0,863,4,3260.1,23,2
11536,2025-12-30 12:37:55+05:30,3258.9,1,3249.37,927371,113293.0,116244.0,3250.0,3260.5,3239.8,3251.5,43692425,3576.6,2926.4,4322.95,2866.6,3258.9,64,2,3258.8,14,3,3258.7,284,4,3258.6,35,2,3258.5,236,4,3259.2,32,11,3259.4,100,1,3259.8,83,2,3259.9,35,2,3260.0,788,3
11536,2025-12-30 12:37:56+05:30,3258.8,4,3249.37,927371,113293.0,116244.0,3250.0,3260.5,3239.8,3251.5,43692425,3576.6,2926.4,4322.95,2866.6,3258.9,64,2,3258.8,14,3,3258.7,284,4,3258.6,35,2,3258.5,236,4,3259.2,32,11,3259.4,100,1,3259.8,83,2,3259.9,35,2,3260.0,788,3
11536,2025-12-30 12:37:56+05:30,3258.9,1,3249.37,927545,113350.0,116067.0,3250.0,3260.5,3239.8,3251.5,43692425,3576.6,2926.4,4322.95,2866.6,3258.9,105,1,3258.8,8,3,3258.7,284,4,3258.6,35,2,3258.5,243,5,3259.2,59,10,3259.7,2,1,3259.8,19,1,3259.9,35,2,3260.0,808,4
11536,2025-12-30 12:37:57+05:30,3258.9,1,3249.37,927545,113350.0,116067.0,3250.0,3260.5,3239.8,3251.5,43692425,3576.6,2926.4,4322.95,2866.6,3258.9,105,1,3258.8,8,3,3258.7,284,4,3258.6,35,2,3258.5,243,5,3259.2,59,10,3259.7,2,1,3259.8,19,1,3259.9,35,2,3260.0,808,4
11536,2025-12-30 12:37:57+05:30,3258.8,5,3249.37,927671,113002.0,115297.0,3250.0,3260.5,3239.8,3251.5,43692425,3576.6,2926.4,4322.95,2866.6,3258.8,14,3,3258.7,284,4,3258.6,35,2,3258.5,198,3,3258.4,21,1,3259.0,11,4,3259.2,56,8,3259.6,11,1,3259.7,22,2,3259.8,97,3
11536,2025-12-30 12:37:58+05:30,3259.0,14,3249.37,927671,113002.0,115297.0,3250.0,3260.5,3239.8,3251.5,43692425,3576.6,2926.4,4322.95,2866.6,3258.8,14,3,3258.7,284,4,3258.6,35,2,3258.5,198,3,3258.4,21,1,3259.0,11,4,3259.2,56,8,3259.6,11,1,3259.7,22,2,3259.8,97,3
11536,2025-12-30 12:37:58+05:30,3259.0,14,3249.38,927829,113779.0,115951.0,3250.0,3260.5,3239.8,3251.5,43692425,3576.6,2926.4,4322.95,2866.6,3259.0,129,1,3258.8,296,6,3258.7,21,2,3258.6,221,4,3258.5,87,4,3259.2,20,8,3259.7,2,1,3259.8,38,1,3259.9,45,1,3260.0,808,4
11536,2025-12-30 12:37:59+05:30,3259.2,1,3249.38,927829,113779.0,115951.0,3250.0,3260.5,3239.8,3251.5,43692425,3576.6,2926.4,4322.95,2866.6,3259.0,129,1,3258.8,296,6,3258.7,21,2,3258.6,221,4,3258.5,87,4,3259.2,20,8,3259.7,2,1,3259.8,38,1,3259.9,45,1,3260.0,808,4
11536,2025-12-30 12:37:59+05:30,3259.0,14,3249.38,927869,113894.0,115807.0,3250.0,3260.5,3239.8,3251.5,43692425,3576.6,2926.4,4322.95,2866.6,3259.0,314,4,3258.9,6,1,3258.8,347,8,3258.7,41,3,3258.6,336,8,3259.2,18,9,3260.0,788,3,3260.1,41,2,3260.2,36,4,3260.3,71,3
11536,2025-12-30 12:38:00+05:30,3259.0,1,3249.38,927869,113894.0,115807.0,3250.0,3260.5,3239.8,3251.5,43692425,3576.6,2926.4,4322.95,2866.6,3259.0,314,4,3258.9,6,1,3258.8,347,8,3258.7,41,3,3258.6,336,8,3259.2,18,9,3260.0,788,3,3260.1,41,2,3260.2,36,4,3260.3,71,3
11536,2025-12-30 12:38:00+05:30,3259.0,13,3249.38,927918,114016.0,115474.0,3250.0,3260.5,3239.8,3251.5,43692425,3576.6,2926.4,4322.95,2866.6,3259.0,265,4,3258.9,6,1,3258.8,350,9,3258.7,79,4,3258.6,374,9,3259.2,17,11,3259.6,1,1,3260.0,798,4,3260.1,41,2,3260.2,4,2
11536,2025-12-30 12:38:01+05:30,3259.2,1,3249.38,927918,114016.0,115474.0,3250.0,3260.5,3239.8,3251.5,43692425,3576.6,2926.4,4322.95,2866.6,3259.0,265,4,3258.9,6,1,3258.8,350,9,3258.7,79,4,3258.6,374,9,3259.2,17,11,3259.6,1,1,3260.0,798,4,3260.1,41,2,3260.2,4,2
11536,2025-12-30 12:38:02+05:30,3259.0,2,3249.38,927976,111531.0,114387.0,3250.0,3260.5,3239.8,3251.5,43692425,3576.6,2926.4,4322.95,2866.6,3259.0,305,5,3258.9,50,2,3258.8,424,10,3258.7,77,4,3258.6,300,7,3259.2,8,6,3259.6,1,1,3260.0,795,3,3260.1,3,1,3260.2,4,2
11536,2025-12-30 12:38:02+05:30,3259.0,8,3249.38,927976,111531.0,114387.0,3250.0,3260.5,3239.8,3251.5,43692425,3576.6,2926.4,4322.95,2866.6,3259.0,305,5,3258.9,50,2,3258.8,424,10,3258.7,77,4,3258.6,300,7,3259.2,8,6,3259.6,1,1,3260.0,795,3,3260.1,3,1,3260.2,4,2
11536,2025-12-30 12:38:03+05:30,3259.0,1,3249.38,927994,113989.0,114509.0,3250.0,3260.5,3239.8,3251.5,43692425,3576.6,2926.4,4322.95,2866.6,3259.0,440,5,3258.9,50,2,3258.8,423,9,3258.7,115,5,3258.6,300,7,3259.2,8,7,3259.6,1,1,3260.0,795,3,3260.1,3,1,3260.2,4,2
11536,2025-12-30 12:38:03+05:30,3260.0,54,3249.38,927994,113989.0,114509.0,3250.0,3260.5,3239.8,3251.5,43692425,3576.6,2926.4,4322.95,2866.6,3259.0,440,5,3258.9,50,2,3258.8,423,9,3258.7,115,5,3258.6,300,7,3259.2,8,7,3259.6,1,1,3260.0,795,3,3260.1,3,1,3260.2,4,2
11536,2025-12-30 12:38:04+05:30,3259.0,1,3249.38,928095,113443.0,113837.0,3250.0,3260.5,3239.8,3251.5,43692425,3576.6,2926.4,4322.95,2866.6,3259.0,439,7,3258.9,125,4,3258.8,499,12,3258.7,87,5,3258.6,311,8,3260.0,746,5,3260.2,1,1,3260.3,3,1,3260.4,23,2,3260.5,112,2
11536,2025-12-30 12:38:04+05:30,3259.0,1,3249.38,928095,113443.0,113837.0,3250.0,3260.5,3239.8,3251.5,43692425,3576.6,2926.4,4322.95,2866.6,3259.0,439,7,3258.9,125,4,3258.8,499,12,3258.7,87,5,3258.6,311,8,3260.0,746,5,3260.2,1,1,3260.3,3,1,3260.4,23,2,3260.5,112,2
11536,2025-12-30 12:38:05+05:30,3259.0,1,3249.38,928095,114451.0,113637.0,3250.0,3260.5,3239.8,3251.5,43692425,3576.6,2926.4,4322.95,2866.6,3259.2,196,2,3259.0,530,8,3258.9,181,6,3258.8,335,9,3258.7,90,6,3260.0,747,6,3260.2,38,2,3260.4,23,2,3260.5,20,1,3260.6,73,5
11536,2025-12-30 12:38:05+05:30,3260.0,1,3249.38,928095,114451.0,113637.0,3250.0,3260.5,3239.8,3251.5,43692425,3576.6,2926.4,4322.95,2866.6,3259.2,196,2,3259.0,530,8,3258.9,181,6,3258.8,335,9,3258.7,90,6,3260.0,747,6,3260.2,38,2,3260.4,23,2,3260.5,20,1,3260.6,73,5
11536,2025-12-30 12:38:05+05:30,3259.2,1,3249.38,928127,115238.0,113646.0,3250.0,3260.5,3239.8,3251.5,43692425,3576.6,2926.4,4322.95,2866.6,3259.2,252,5,3259.0,591,10,3258.9,117,4,3258.8,355,10,3258.7,90,6,3260.0,746,8,3260.2,38,2,3260.4,3,1,3260.5,20,1,3260.6,55,4
11536,2025-12-30 12:38:06+05:30,3259.2,1,3249.38,928127,115238.0,113646.0,3250.0,3260.5,3239.8,3251.5,43692425,3576.6,2926.4,4322.95,2866.6,3259.2,252,5,3259.0,591,10,3258.9,117,4,3258.8,355,10,3258.7,90,6,3260.0,746,8,3260.2,38,2,3260.4,3,1,3260.5,20,1,3260.6,55,4
11536,2025-12-30 12:38:07+05:30,3259.4,76,3249.38,928223,116284.0,114516.0,3250.0,3260.5,3239.8,3251.5,43692425,3576.6,2926.4,4322.95,2866.6,3259.6,48,1,3259.4,275,3,3259.2,256,4,3259.1,28,1,3259.0,276,7,3260.0,746,9,3260.2,38,2,3260.3,44,1,3260.6,37,4,3260.7,36,2
11536,2025-12-30 12:38:07+05:30,3259.6,1,3249.38,928223,116284.0,114516.0,3250.0,3260.5,3239.8,3251.5,43692425,3576.6,2926.4,4322.95,2866.6,3259.6,48,1,3259.4,275,3,3259.2,256,4,3259.1,28,1,3259.0,276,7,3260.0,746,9,3260.2,38,2,3260.3,44,1,3260.6,37,4,3260.7,36,2
11536,2025-12-30 12:38:08+05:30,3259.6,9,3249.38,928233,116234.0,114736.0,3250.0,3260.5,3239.8,3251.5,43692425,3576.6,2926.4,4322.95,2866.6,3259.6,7,2,3259.4,79,3,3259.2,344,5,3259.1,28,1,3259.0,425,8,3260.0,751,11,3260.1,47,2,3260.2,45,2,3260.4,40,2,3260.6,95,6
11536,2025-12-30 12:38:08+05:30,3259.6,1,3249.38,928233,116234.0,114736.0,3250.0,3260.5,3239.8,3251.5,43692425,3576.6,2926.4,4322.95,2866.6,3259.6,7,2,3259.4,79,3,3259.2,344,5,3259.1,28,1,3259.0,425,8,3260.0,751,11,3260.1,47,2,3260.2,45,2,3260.4,40,2,3260.6,95,6
11536,2025-12-30 12:38:08+05:30,3259.6,1,3249.38,928240,116191.0,115150.0,3250.0,3260.5,3239.8,3251.5,43692425,3576.6,2926.4,4322.95,2866.6,3259.6,7,2,3259.4,79,3,3259.2,344,5,3259.1,28,1,3259.0,425,8,3260.0,797,13,3260.2,73,4,3260.3,20,1,3260.4,82,4,3260.6,187,7
11536,2025-12-30 12:38:09+05:30,3259.6,8,3249.38,928240,116191.0,115150.0,3250.0,3260.5,3239.8,3251.5,43692425,3576.6,2926.4,4322.95,2866.6,3259.6,7,2,3259.4,79,3,3259.2,344,5,3259.1,28,1,3259.0,425,8,3260.0,797,13,3260.2,73,4,3260.3,20,1,3260.4,82,4,3260.6,187,7
11536,2025-12-30 12:38:10+05:30,3259.6,3,3249.38,928272,116321.0,115530.0,3250.0,3260.5,3239.8,3251.5,43692425,3576.6,2926.4,4322.95,2866.6,3259.6,54,2,3259.4,79,3,3259.2,344,5,3259.1,28,1,3259.0,379,7,3259.9,45,5,3260.0,746,8,3260.2,83,5,3260.3,20,1,3260.4,120,5
11536,2025-12-30 12:38:10+05:30,3259.6,1,3249.38,928272,116321.0,115530.0,3250.0,3260.5,3239.8,3251.5,43692425,3576.6,2926.4,4322.95,2866.6,3259.6,54,2,3259.4,79,3,3259.2,344,5,3259.1,28,1,3259.0,379,7,3259.9,45,5,3260.0,746,8,3260.2,83,5,3260.3,20,1,3260.4,120,5
11536,2025-12-30 12:38:10+05:30,3259.6,1,3249.38,928272,116321.0,115530.0,3250.0,3260.5,3239.8,3251.5,43692425,3576.6,2926.4,4322.95,2866.6,3259.6,54,2,3259.4,79,3,3259.2,344,5,3259.1,28,1,3259.0,379,7,3259.9,45,5,3260.0,746,8,3260.2,83,5,3260.3,20,1,3260.4,120,5
11536,2025-12-30 12:38:11+05:30,3259.6,3,3249.38,928304,116395.0,115515.0,3250.0,3260.5,3239.8,3251.5,43692425,3576.6,2926.4,4322.95,2866.6,3259.6,27,2,3259.5,47,1,3259.4,32,2,3259.3,263,2,3259.2,92,4,3259.9,27,7,3260.0,742,5,3260.2,73,4,3260.3,20,1,3260.4,100,4
11536,2025-12-30 12:38:11+05:30,3259.6,3,3249.38,928304,116395.0,115515.0,3250.0,3260.5,3239.8,3251.5,43692425,3576.6,2926.4,4322.95,2866.6,3259.6,27,2,3259.5,47,1,3259.4,32,2,3259.3,263,2,3259.2,92,4,3259.9,27,7,3260.0,742,5,3260.2,73,4,3260.3,20,1,3260.4,100,4
11536,2025-12-30 12:38:12+05:30,3259.6,1,3249.38,928416,116667.0,114967.0,3250.0,3260.5,3239.8,3251.5,43692425,3576.6,2926.4,4322.95,2866.6,3259.6,14,2,3259.5,47,1,3259.4,12,1,3259.3,263,2,3259.2,92,4,3260.0,693,4,3260.2,11,2,3260.3,39,1,3260.4,59,2,3260.5,21,1
11536,2025-12-30 12:38:12+05:30,3259.6,1,3249.38,928416,116667.0,114967.0,3250.0,3260.5,3239.8,3251.5,43692425,3576.6,2926.4,4322.95,2866.6,3259.6,14,2,3259.5,47,1,3259.4,12,1,3259.3,263,2,3259.2,92,4,3260.0,693,4,3260.2,11,2,3260.3,39,1,3260.4,59,2,3260.5,21,1
11536,2025-12-30 12:38:12+05:30,3259.6,1,3249.38,928416,116667.0,114967.0,3250.0,3260.5,3239.8,3251.5,43692425,3576.6,2926.4,4322.95,2866.6,3259.6,14,2,3259.5,47,1,3259.4,12,1,3259.3,263,2,3259.2,92,4,3260.0,693,4,3260.2,11,2,3260.3,39,1,3260.4,59,2,3260.5,21,1
11536,2025-12-30 12:38:13+05:30,3259.6,3,3249.38,928423,116705.0,115011.0,3250.0,3260.5,3239.8,3251.5,43692425,3576.6,2926.4,4322.95,2866.6,3259.6,9,2,3259.5,47,1,3259.4,12,1,3259.3,263,2,3259.2,92,4,3260.0,698,6,3260.1,39,1,3260.2,1,1,3260.3,46,1,3260.4,32,2
11536,2025-12-30 12:38:13+05:30,3259.6,3,3249.38,928423,116705.0,115011.0,3250.0,3260.5,3239.8,3251.5,43692425,3576.6,2926.4,4322.95,2866.6,3259.6,9,2,3259.5,47,1,3259.4,12,1,3259.3,263,2,3259.2,92,4,3260.0,698,6,3260.1,39,1,3260.2,1,1,3260.3,46,1,3260.4,32,2
11536,2025-12-30 12:38:13+05:30,3259.6,1,3249.38,928423,116705.0,115011.0,3250.0,3260.5,3239.8,3251.5,43692425,3576.6,2926.4,4322.95,2866.6,3259.6,9,2,3259.5,47,1,3259.4,12,1,3259.3,263,2,3259.2,92,4,3260.0,698,6,3260.1,39,1,3260.2,1,1,3260.3,46,1,3260.4,32,2
11536,2025-12-30 12:38:14+05:30,3259.6,1,3249.38,928424,116470.0,115343.0,3250.0,3260.5,3239.8,3251.5,43692425,3576.6,2926.4,4322.95,2866.6,3259.6,8,2,3259.5,10,1,3259.4,59,2,3259.2,344,5,3259.1,28,1,3259.9,5,1,3260.0,722,10,3260.1,39,1,3260.2,72,5,3260.3,30,1
11536,2025-12-30 12:38:14+05:30,3259.6,1,3249.38,928424,116470.0,115343.0,3250.0,3260.5,3239.8,3251.5,43692425,3576.6,2926.4,4322.95,2866.6,3259.6,8,2,3259.5,10,1,3259.4,59,2,3259.2,344,5,3259.1,28,1,3259.9,5,1,3260.0,722,10,3260.1,39,1,3260.2,72,5,3260.3,30,1
11536,2025-12-30 12:38:14+05:30,3259.6,1,3249.38,928424,116470.0,115343.0,3250.0,3260.5,3239.8,3251.5,43692425,3576.6,2926.4,4322.95,2866.6,3259.6,8,2,3259.5,10,1,3259.4,59,2,3259.2,344,5,3259.1,28,1,3259.9,5,1,3260.0,722,10,3260.1,39,1,3260.2,72,5,3260.3,30,1
11536,2025-12-30 12:38:15+05:30,3259.6,1,3249.38,928432,116481.0,115464.0,3250.0,3260.5,3239.8,3251.5,43692425,3576.6,2926.4,4322.95,2866.6,3259.5,10,1,3259.4,59,2,3259.2,344,5,3259.1,28,1,3259.0,407,7,3259.6,4,3,3260.0,697,7,3260.1,40,2,3260.2,32,3,3260.3,30,1
11536,2025-12-30 12:38:15+05:30,3259.6,1,3249.38,928432,116481.0,115464.0,3250.0,3260.5,3239.8,3251.5,43692425,3576.6,2926.4,4322.95,2866.6,3259.5,10,1,3259.4,59,2,3259.2,344,5,3259.1,28,1,3259.0,407,7,3259.6,4,3,3260.0,697,7,3260.1,40,2,3260.2,32,3,3260.3,30,1
11536,2025-12-30 12:38:15+05:30,3259.6,1,3249.38,928432,116481.0,115464.0,3250.0,3260.5,3239.8,3251.5,43692425,3576.6,2926.4,4322.95,2866.6,3259.5,10,1,3259.4,59,2,3259.2,344,5,3259.1,28,1,3259.0,407,7,3259.6,4,3,3260.0,697,7,3260.1,40,2,3260.2,32,3,3260.3,30,1
11536,2025-12-30 12:38:15+05:30,3259.6,1,3249.38,928455,116314.0,115484.0,3250.0,3260.5,3239.8,3251.5,43692425,3576.6,2926.4,4322.95,2866.6,3259.4,59,2,3259.2,344,5,3259.1,28,1,3259.0,407,7,3258.9,25,1,3259.6,5,5,3260.0,694,5,3260.1,40,2,3260.2,32,3,3260.3,30,1
11536,2025-12-30 12:38:16+05:30,3259.6,1,3249.38,928455,116314.0,115484.0,3250.0,3260.5,3239.8,3251.5,43692425,3576.6,2926.4,4322.95,2866.6,3259.4,59,2,3259.2,344,5,3259.1,28,1,3259.0,407,7,3258.9,25,1,3259.6,5,5,3260.0,694,5,3260.1,40,2,3260.2,32,3,3260.3,30,1
11536,2025-12-30 12:38:16+05:30,3259.4,3,3249.38,928455,116314.0,115484.0,3250.0,3260.5,3239.8,3251.5,43692425,3576.6,2926.4,4322.95,2866.6,3259.4,59,2,3259.2,344,5,3259.1,28,1,3259.0,407,7,3258.9,25,1,3259.6,5,5,3260.0,694,5,3260.1,40,2,3260.2,32,3,3260.3,30,1
11536,2025-12-30 12:38:16+05:30,3259.4,44,3249.38,928559,116170.0,115282.0,3250.0,3260.5,3239.8,3251.5,43692425,3576.6,2926.4,4322.95,2866.6,3259.4,12,1,3259.2,344,5,3259.1,28,1,3259.0,369,6,3258.8,66,7,3259.6,6,6,3260.0,693,4,3260.1,40,2,3260.2,32,3,3260.3,30,1
11536,2025-12-30 12:38:17+05:30,3259.4,44,3249.38,928559,116170.0,115282.0,3250.0,3260.5,3239.8,3251.5,43692425,3576.6,2926.4,4322.95,2866.6,3259.4,12,1,3259.2,344,5,3259.1,28,1,3259.0,369,6,3258.8,66,7,3259.6,6,6,3260.0,693,4,3260.1,40,2,3260.2,32,3,3260.3,30,1
11536,2025-12-30 12:38:17+05:30,3259.4,1,3249.38,928559,116170.0,115282.0,3250.0,3260.5,3239.8,3251.5,43692425,3576.6,2926.4,4322.95,2866.6,3259.4,12,1,3259.2,344,5,3259.1,28,1,3259.0,369,6,3258.8,66,7,3259.6,6,6,3260.0,693,4,3260.1,40,2,3260.2,32,3,3260.3,30,1
11536,2025-12-30 12:38:17+05:30,3259.4,1,3249.38,928567,116261.0,114127.0,3250.0,3260.5,3239.8,3251.5,43692425,3576.6,2926.4,4322.95,2866.6,3259.4,180,3,3259.2,355,6,3259.1,28,1,3259.0,39,4,3258.8,238,7,3259.6,13,10,3259.8,13,1,3259.9,37,2,3260.0,781,7,3260.1,78,3
11536,2025-12-30 12:38:17+05:30,3259.4,1,3249.38,928567,116261.0,114127.0,3250.0,3260.5,3239.8,3251.5,43692425,3576.6,2926.4,4322.95,2866.6,3259.4,180,3,3259.2,355,6,3259.1,28,1,3259.0,39,4,3258.8,238,7,3259.6,13,10,3259.8,13,1,3259.9,37,2,3260.0,781,7,3260.1,78,3
11536,2025-12-30 12:38:18+05:30,3259.4,3,3249.38,928567,116261.0,114127.0,3250.0,3260.5,3239.8,3251.5,43692425,3576.6,2926.4,4322.95,2866.6,3259.4,180,3,3259.2,355,6,3259.1,28,1,3259.0,39,4,3258.8,238,7,3259.6,13,10,3259.8,13,1,3259.9,37,2,3260.0,781,7,3260.1,78,3
11536,2025-12-30 12:38:18+05:30,3259.4,3,3249.38,928567,116261.0,114127.0,3250.0,3260.5,3239.8,3251.5,43692425,3576.6,2926.4,4322.95,2866.6,3259.4,180,3,3259.2,355,6,3259.1,28,1,3259.0,39,4,3258.8,238,7,3259.6,13,10,3259.8,13,1,3259.9,37,2,3260.0,781,7,3260.1,78,3
11536,2025-12-30 12:38:18+05:30,3259.6,2,3249.38,928649,116624.0,116183.0,3250.0,3260.5,3239.8,3251.5,43692425,3576.6,2926.4,4322.95,2866.6,3259.6,97,1,3259.4,181,3,3259.2,355,6,3259.1,28,1,3259.0,214,5,3259.7,127,3,3260.0,732,5,3260.1,32,2,3260.2,32,3,3260.3,76,2
11536,2025-12-30 12:38:19+05:30,3259.6,2,3249.38,928649,116624.0,116183.0,3250.0,3260.5,3239.8,3251.5,43692425,3576.6,2926.4,4322.95,2866.6,3259.6,97,1,3259.4,181,3,3259.2,355,6,3259.1,28,1,3259.0,214,5,3259.7,127,3,3260.0,732,5,3260.1,32,2,3260.2,32,3,3260.3,76,2
11536,2025-12-30 12:38:19+05:30,3259.6,50,3249.38,928649,116624.0,116183.0,3250.0,3260.5,3239.8,3251.5,43692425,3576.6,2926.4,4322.95,2866.6,3259.6,97,1,3259.4,181,3,3259.2,355,6,3259.1,28,1,3259.0,214,5,3259.7,127,3,3260.0,732,5,3260.1,32,2,3260.2,32,3,3260.3,76,2
11536,2025-12-30 12:38:19+05:30,3259.6,50,3249.38,928699,116677.0,116214.0,3250.0,3260.5,3239.8,3251.5,43692425,3576.6,2926.4,4322.95,2866.6,3259.6,93,2,3259.4,181,3,3259.2,366,7,3259.1,28,1,3259.0,214,5,3259.7,130,5,3260.0,732,5,3260.1,50,3,3260.2,78,4,3260.3,30,1
11536,2025-12-30 12:38:19+05:30,3259.6,50,3249.38,928699,116677.0,116214.0,3250.0,3260.5,3239.8,3251.5,43692425,3576.6,2926.4,4322.95,2866.6,3259.6,93,2,3259.4,181,3,3259.2,366,7,3259.1,28,1,3259.0,214,5,3259.7,130,5,3260.0,732,5,3260.1,50,3,3260.2,78,4,3260.3,30,1
11536,2025-12-30 12:38:20+05:30,3259.6,18,3249.39,928717,116551.0,116265.0,3250.0,3260.5,3239.8,3251.5,43692425,3576.6,2926.4,4322.95,2866.6,3259.6,29,2,3259.4,189,4,3259.2,366,7,3259.1,28,1,3259.0,214,5,3259.7,130,6,3259.8,13,1,3259.9,45,2,3260.0,706,5,3260.1,78,3
11536,2025-12-30 12:38:21+05:30,3259.6,18,3249.39,928717,116551.0,116265.0,3250.0,3260.5,3239.8,3251.5,43692425,3576.6,2926.4,4322.95,2866.6,3259.6,29,2,3259.4,189,4,3259.2,366,7,3259.1,28,1,3259.0,214,5,3259.7,130,6,3259.8,13,1,3259.9,45,2,3260.0,706,5,3260.1,78,3
11536,2025-12-30 12:38:21+05:30,3259.7,47,3249.39,928717,116551.0,116265.0,3250.0,3260.5,3239.8,3251.5,43692425,3576.6,2926.4,4322.95,2866.6,3259.6,29,2,3259.4,189,4,3259.2,366,7,3259.1,28,1,3259.0,214,5,3259.7,130,6,3259.8,13,1,3259.9,45,2,3260.0,706,5,3260.1,78,3
11536,2025-12-30 12:38:21+05:30,3259.4,123,3249.39,928917,116155.0,116142.0,3250.0,3260.5,3239.8,3251.5,43692425,3576.6,2926.4,4322.95,2866.6,3259.4,66,4,3259.2,345,6,3259.1,28,1,3259.0,214,5,3258.8,63,6,3259.5,1,1,3259.7,21,8,3259.9,40,1,3260.0,711,5,3260.1,80,3
11536,2025-12-30 12:38:22+05:30,3259.5,2,3249.39,928917,116155.0,116142.0,3250.0,3260.5,3239.8,3251.5,43692425,3576.6,2926.4,4322.95,2866.6,3259.4,66,4,3259.2,345,6,3259.1,28,1,3259.0,214,5,3258.8,63,6,3259.5,1,1,3259.7,21,8,3259.9,40,1,3260.0,711,5,3260.1,80,3
11536,2025-12-30 12:38:22+05:30,3259.5,2,3249.39,928917,116155.0,116142.0,3250.0,3260.5,3239.8,3251.5,43692425,3576.6,2926.4,4322.95,2866.6,3259.4,66,4,3259.2,345,6,3259.1,28,1,3259.0,214,5,3258.8,63,6,3259.5,1,1,3259.7,21,8,3259.9,40,1,3260.0,711,5,3260.1,80,3
11536,2025-12-30 12:38:22+05:30,3259.5,2,3249.39,928975,115689.0,116844.0,3250.0,3260.5,3239.8,3251.5,43692425,3576.6,2926.4,4322.95,2866.6,3259.4,185,3,3259.2,345,6,3259.1,28,1,3259.0,39,4,3258.8,238,7,3259.5,9,4,3259.6,144,2,3259.7,36,6,3259.9,29,2,3260.0,782,7
11536,2025-12-30 12:38:23+05:30,3259.4,1,3249.39,928975,115689.0,116844.0,3250.0,3260.5,3239.8,3251.5,43692425,3576.6,2926.4,4322.95,2866.6,3259.4,185,3,3259.2,345,6,3259.1,28,1,3259.0,39,4,3258.8,238,7,3259.5,9,4,3259.6,144,2,3259.7,36,6,3259.9,29,2,3260.0,782,7
11536,2025-12-30 12:38:23+05:30,3259.4,14,3249.39,929000,115709.0,116892.0,3250.0,3260.5,3239.8,3251.5,43692425,3576.6,2926.4,4322.95,2866.6,3259.4,180,3,3259.2,345,6,3259.1,28,1,3259.0,39,4,3258.8,238,7,3259.5,14,9,3259.6,144,2,3259.7,32,3,3259.9,29,2,3260.0,781,7
11536,2025-12-30 12:38:24+05:30,3259.4,14,3249.39,929000,115709.0,116892.0,3250.0,3260.5,3239.8,3251.5,43692425,3576.6,2926.4,4322.95,2866.6,3259.4,180,3,3259.2,345,6,3259.1,28,1,3259.0,39,4,3258.8,238,7,3259.5,14,9,3259.6,144,2,3259.7,32,3,3259.9,29,2,3260.0,781,7
11536,2025-12-30 12:38:24+05:30,3259.4,13,3249.39,929000,115709.0,116892.0,3250.0,3260.5,3239.8,3251.5,43692425,3576.6,2926.4,4322.95,2866.6,3259.4,180,3,3259.2,345,6,3259.1,28,1,3259.0,39,4,3258.8,238,7,3259.5,14,9,3259.6,144,2,3259.7,32,3,3259.9,29,2,3260.0,781,7
11536,2025-12-30 12:38:24+05:30,3259.4,10,3249.39,929061,115712.0,116726.0,3250.0,3260.5,3239.8,3251.5,43692425,3576.6,2926.4,4322.95,2866.6,3259.4,171,4,3259.2,345,6,3259.1,28,1,3259.0,214,5,3258.8,63,6,3259.5,13,11,3259.6,123,1,3259.9,40,1,3260.0,693,4,3260.1,71,3
11536,2025-12-30 12:38:25+05:30,3259.4,8,3249.39,929061,115712.0,116726.0,3250.0,3260.5,3239.8,3251.5,43692425,3576.6,2926.4,4322.95,2866.6,3259.4,171,4,3259.2,345,6,3259.1,28,1,3259.0,214,5,3258.8,63,6,3259.5,13,11,3259.6,123,1,3259.9,40,1,3260.0,693,4,3260.1,71,3
11536,2025-12-30 12:38:25+05:30,3259.4,4,3249.39,929105,115722.0,116814.0,3250.0,3260.5,3239.8,3251.5,43692425,3576.6,2926.4,4322.95,2866.6,3259.4,128,4,3259.2,345,6,3259.1,28,1,3259.0,214,5,3258.8,63,6,3259.5,20,11,3259.6,144,2,3259.7,21,1,3259.8,54,3,3259.9,80,3
11536,2025-12-30 12:38:26+05:30,3259.4,4,3249.39,929105,115722.0,116814.0,3250.0,3260.5,3239.8,3251.5,43692425,3576.6,2926.4,4322.95,2866.6,3259.4,128,4,3259.2,345,6,3259.1,28,1,3259.0,214,5,3258.8,63,6,3259.5,20,11,3259.6,144,2,3259.7,21,1,3259.8,54,3,3259.9,80,3
11536,2025-12-30 12:38:26+05:30,3259.4,2,3249.39,929105,115722.0,116814.0,3250.0,3260.5,3239.8,3251.5,43692425,3576.6,2926.4,4322.95,2866.6,3259.4,128,4,3259.2,345,6,3259.1,28,1,3259.0,214,5,3258.8,63,6,3259.5,20,11,3259.6,144,2,3259.7,21,1,3259.8,54,3,3259.9,80,3
11536,2025-12-30 12:38:26+05:30,3259.5,1,3249.39,929133,115685.0,116871.0,3250.0,3260.5,3239.8,3251.5,43692425,3576.6,2926.4,4322.95,2866.6,3259.4,103,5,3259.2,345,6,3259.1,28,1,3259.0,214,5,3258.8,63,6,3259.5,10,10,3259.6,123,1,3259.7,21,1,3259.8,30,1,3259.9,88,4
11536,2025-12-30 12:38:27+05:30,3259.5,1,3249.39,929133,115685.0,116871.0,3250.0,3260.5,3239.8,3251.5,43692425,3576.6,2926.4,4322.95,2866.6,3259.4,103,5,3259.2,345,6,3259.1,28,1,3259.0,214,5,3258.8,63,6,3259.5,10,10,3259.6,123,1,3259.7,21,1,3259.8,30,1,3259.9,88,4
11536,2025-12-30 12:38:27+05:30,3259.4,6,3249.39,929133,115685.0,116871.0,3250.0,3260.5,3239.8,3251.5,43692425,3576.6,2926.4,4322.95,2866.6,3259.4,103,5,3259.2,345,6,3259.1,28,1,3259.0,214,5,3258.8,63,6,3259.5,10,10,3259.6,123,1,3259.7,21,1,3259.8,30,1,3259.9,88,4
11536,2025-12-30 12:38:27+05:30,3259.4,5,3249.39,929241,115952.0,116903.0,3250.0,3260.5,3239.8,3251.5,43692425,3576.6,2926.4,4322.95,2866.6,3259.4,190,4,3259.2,345,6,3259.1,28,1,3259.0,214,5,3258.8,63,6,3259.5,13,10,3259.6,123,1,3259.7,21,1,3259.8,70,2,3259.9,88,5
11536,2025-12-30 12:38:28+05:30,3259.6,1,3249.39,929241,115952.0,116903.0,3250.0,3260.5,3239.8,3251.5,43692425,3576.6,2926.4,4322.95,2866.6,3259.4,190,4,3259.2,345,6,3259.1,28,1,3259.0,214,5,3258.8,63,6,3259.5,13,10,3259.6,123,1,3259.7,21,1,3259.8,70,2,3259.9,88,5
11536,2025-12-30 12:38:28+05:30,3259.5,1,3249.39,929328,116297.0,116800.0,3250.0,3260.5,3239.8,3251.5,43692425,3576.6,2926.4,4322.95,2866.6,3259.5,103,1,3259.4,9,2,3259.3,263,2,3259.2,82,4,3259.1,203,2,3259.6,127,3,3260.0,781,6,3260.1,36,2,3260.2,70,5,3260.3,33,2
11536,2025-12-30 12:38:28+05:30,3259.5,1,3249.39,929328,116297.0,116800.0,3250.0,3260.5,3239.8,3251.5,43812125,3576.6,2926.4,4322.95,2866.6,3259.5,103,1,3259.4,9,2,3259.3,263,2,3259.2,82,4,3259.1,203,2,3259.6,127,3,3260.0,781,6,3260.1,36,2,3260.2,70,5,3260.3,33,2
11536,2025-12-30 12:38:29+05:30,3259.5,1,3249.39,929328,116297.0,116800.0,3250.0,3260.5,3239.8,3251.5,43812125,3576.6,2926.4,4322.95,2866.6,3259.5,103,1,3259.4,9,2,3259.3,263,2,3259.2,82,4,3259.1,203,2,3259.6,127,3,3260.0,781,6,3260.1,36,2,3260.2,70,5,3260.3,33,2
11536,2025-12-30 12:38:29+05:30,3259.5,1,3249.39,929328,116343.0,116812.0,3250.0,3260.5,3239.8,3251.5,43812125,3576.6,2926.4,4322.95,2866.6,3259.5,103,1,3259.4,9,2,3259.3,263,2,3259.2,82,4,3259.1,203,2,3259.6,132,4,3260.0,781,6,3260.1,53,3,3260.2,52,4,3260.3,33,2
11536,2025-12-30 12:38:30+05:30,3260.0,94,3249.39,929328,116343.0,116812.0,3250.0,3260.5,3239.8,3251.5,43812125,3576.6,2926.4,4322.95,2866.6,3259.5,103,1,3259.4,9,2,3259.3,263,2,3259.2,82,4,3259.1,203,2,3259.6,132,4,3260.0,781,6,3260.1,53,3,3260.2,52,4,3260.3,33,2
11536,2025-12-30 12:38:31+05:30,3259.4,31,3249.4,929750,111711.0,118077.0,3250.0,3260.5,3239.8,3251.5,43812125,3576.6,2926.4,4322.95,2866.6,3259.2,82,4,3259.0,19,3,3258.8,45,5,3258.7,11,1,3258.6,35,2,3259.4,183,5,3259.6,80,4,3259.7,6,1,3259.8,43,3,3259.9,181,6
11536,2025-12-30 12:38:31+05:30,3259.4,31,3249.4,929750,111711.0,118077.0,3250.0,3260.5,3239.8,3251.5,43812125,3576.6,2926.4,4322.95,2866.6,3259.2,82,4,3259.0,19,3,3258.8,45,5,3258.7,11,1,3258.6,35,2,3259.4,183,5,3259.6,80,4,3259.7,6,1,3259.8,43,3,3259.9,181,6
11536,2025-12-30 12:38:31+05:30,3259.4,20,3249.4,929750,111711.0,118077.0,3250.0,3260.5,3239.8,3251.5,43812125,3576.6,2926.4,4322.95,2866.6,3259.2,82,4,3259.0,19,3,3258.8,45,5,3258.7,11,1,3258.6,35,2,3259.4,183,5,3259.6,80,4,3259.7,6,1,3259.8,43,3,3259.9,181,6
11536,2025-12-30 12:38:32+05:30,3259.4,1,3249.4,929775,110246.0,118275.0,3250.0,3260.5,3239.8,3251.5,43812125,3576.6,2926.4,4322.95,2866.6,3259.2,82,4,3259.0,19,3,3258.8,45,5,3258.7,11,1,3258.6,35,2,3259.4,148,5,3259.6,59,3,3259.7,24,2,3259.8,3,1,3259.9,68,4
11536,2025-12-30 12:38:32+05:30,3259.4,1,3249.4,929775,110246.0,118275.0,3250.0,3260.5,3239.8,3251.5,43812125,3576.6,2926.4,4322.95,2866.6,3259.2,82,4,3259.0,19,3,3258.8,45,5,3258.7,11,1,3258.6,35,2,3259.4,148,5,3259.6,59,3,3259.7,24,2,3259.8,3,1,3259.9,68,4
11536,2025-12-30 12:38:33+05:30,3259.4,1,3249.4,929987,110484.0,118440.0,3250.0,3260.5,3239.8,3251.5,43812125,3576.6,2926.4,4322.95,2866.6,3259.2,30,3,3259.0,19,3,3258.8,45,5,3258.7,11,1,3258.6,35,2,3259.4,154,7,3259.5,5,1,3259.6,59,4,3259.7,98,4,3259.8,21,2
11536,2025-12-30 12:38:33+05:30,3259.4,1,3249.4,929987,110484.0,118440.0,3250.0,3260.5,3239.8,3251.5,43812125,3576.6,2926.4,4322.95,2866.6,3259.2,30,3,3259.0,19,3,3258.8,45,5,3258.7,11,1,3258.6,35,2,3259.4,154,7,3259.5,5,1,3259.6,59,4,3259.7,98,4,3259.8,21,2
11536,2025-12-30 12:38:34+05:30,3259.2,11,3249.4,930136,110387.0,118614.0,3250.0,3260.5,3239.8,3251.5,43812125,3576.6,2926.4,4322.95,2866.6,3259.2,5,1,3259.0,19,3,3258.8,45,5,3258.7,11,1,3258.6,35,2,3259.4,166,10,3259.5,5,1,3259.6,59,4,3259.7,146,5,3259.8,113,3
11536,2025-12-30 12:38:34+05:30,3259.2,11,3249.4,930136,110387.0,118614.0,3250.0,3260.5,3239.8,3251.5,43812125,3576.6,2926.4,4322.95,2866.6,3259.2,5,1,3259.0,19,3,3258.8,45,5,3258.7,11,1,3258.6,35,2,3259.4,166,10,3259.5,5,1,3259.6,59,4,3259.7,146,5,3259.8,113,3
11536,2025-12-30 12:38:35+05:30,3258.2,3,3249.41,930978,110229.0,120157.0,3250.0,3260.5,3239.8,3251.5,43812125,3576.6,2926.4,4322.95,2866.6,3258.2,6,2,3258.1,225,1,3258.0,6,2,3257.8,22,1,3257.6,72,2,3258.4,142,4,3258.5,300,1,3258.7,20,1,3258.8,78,2,3258.9,32,2
11536,2025-12-30 12:38:35+05:30,3258.2,3,3249.41,930978,110229.0,120157.0,3250.0,3260.5,3239.8,3251.5,43812125,3576.6,2926.4,4322.95,2866.6,3258.2,6,2,3258.1,225,1,3258.0,6,2,3257.8,22,1,3257.6,72,2,3258.4,142,4,3258.5,300,1,3258.7,20,1,3258.8,78,2,3258.9,32,2
11536,2025-12-30 12:38:36+05:30,3257.5,3,3249.41,931344,107981.0,122803.0,3250.0,3260.5,3239.8,3251.5,43812125,3576.6,2926.4,4322.95,2866.6,3257.5,14,3,3257.3,25,1,3257.2,46,2,3257.1,241,4,3257.0,20,1,3257.7,112,3,3257.9,28,1,3258.0,89,4,3258.1,6,1,3258.2,1,1
11536,2025-12-30 12:38:36+05:30,3257.5,3,3249.41,931344,107981.0,122803.0,3250.0,3260.5,3239.8,3251.5,43812125,3576.6,2926.4,4322.95,2866.6,3257.5,14,3,3257.3,25,1,3257.2,46,2,3257.1,241,4,3257.0,20,1,3257.7,112,3,3257.9,28,1,3258.0,89,4,3258.1,6,1,3258.2,1,1
11536,2025-12-30 12:38:37+05:30,3257.5,5,3249.41,931489,107907.0,122965.0,3250.0,3260.5,3239.8,3251.5,43812125,3576.6,2926.4,4322.95,2866.6,3257.3,25,1,3257.2,25,1,3257.1,229,3,3257.0,20,1,3256.9,315,6,3257.5,15,2,3257.6,24,3,3257.7,15,7,3258.0,58,3,3258.2,49,2
11536,2025-12-30 12:38:37+05:30,3257.5,5,3249.41,931489,107907.0,122965.0,3250.0,3260.5,3239.8,3251.5,43812125,3576.6,2926.4,4322.95,2866.6,3257.3,25,1,3257.2,25,1,3257.1,229,3,3257.0,20,1,3256.9,315,6,3257.5,15,2,3257.6,24,3,3257.7,15,7,3258.0,58,3,3258.2,49,2
11536,2025-12-30 12:38:38+05:30,3257.2,16,3249.41,931614,106817.0,122137.0,3250.0,3260.5,3239.8,3251.5,43812125,3576.6,2926.4,4322.95,2866.6,3257.1,239,4,3257.0,10,1,3256.9,335,7,3256.8,42,2,3256.7,226,3,3257.2,94,2,3257.3,9,2,3257.5,10,6,3257.6,24,3,3257.7,14,6
11536,2025-12-30 12:38:38+05:30,3257.1,1,3249.41,931614,106817.0,122137.0,3250.0,3260.5,3239.8,3251.5,43812125,3576.6,2926.4,4322.95,2866.6,3257.1,239,4,3257.0,10,1,3256.9,335,7,3256.8,42,2,3256.7,226,3,3257.2,94,2,3257.3,9,2,3257.5,10,6,3257.6,24,3,3257.7,14,6
11536,2025-12-30 12:38:39+05:30,3257.1,29,3249.42,932164,107615.0,122215.0,3250.0,3260.5,3239.8,3251.5,43812125,3576.6,2926.4,4322.95,2866.6,3257.1,145,1,3257.0,10,1,3256.9,377,7,3256.8,50,2,3256.7,248,4,3257.2,34,6,3257.3,9,2,3257.5,9,5,3257.7,1,1,3257.8,59,2
11536,2025-12-30 12:38:39+05:30,3257.1,29,3249.42,932164,107615.0,122215.0,3250.0,3260.5,3239.8,3251.5,43812125,3576.6,2926.4,4322.95,2866.6,3257.1,145,1,3257.0,10,1,3256.9,377,7,3256.8,50,2,3256.7,248,4,3257.2,34,6,3257.3,9,2,3257.5,9,5,3257.7,1,1,3257.8,59,2
11536,2025-12-30 12:38:40+05:30,3257.1,1,3249.42,932164,107615.0,122215.0,3250.0,3260.5,3239.8,3251.5,43812125,3576.6,2926.4,4322.95,2866.6,3257.1,145,1,3257.0,10,1,3256.9,377,7,3256.8,50,2,3256.7,248,4,3257.2,34,6,3257.3,9,2,3257.5,9,5,3257.7,1,1,3257.8,59,2
11536,2025-12-30 12:38:40+05:30,3257.1,1,3249.42,932302,107322.0,122494.0,3250.0,3260.5,3239.8,3251.5,43812125,3576.6,2926.4,4322.95,2866.6,3257.1,7,1,3257.0,10,1,3256.9,377,7,3256.8,21,1,3256.7,175,1,3257.2,56,10,3257.5,1,1,3257.8,38,1,3257.9,66,2,3258.0,3,1
11536,2025-12-30 12:38:41+05:30,3257.2,6,3249.43,932986,108342.0,119905.0,3250.0,3260.5,3239.8,3251.5,43812125,3576.6,2926.4,4322.95,2866.6,3257.4,196,2,3257.3,36,1,3257.2,504,3,3257.1,159,2,3257.0,308,4,3258.4,23,1,3258.5,300,1,3258.6,25,1,3258.8,78,3,3258.9,112,5
11536,2025-12-30 12:38:41+05:30,3257.2,6,3249.43,932986,108342.0,119905.0,3250.0,3260.5,3239.8,3251.5,43812125,3576.6,2926.4,4322.95,2866.6,3257.4,196,2,3257.3,36,1,3257.2,504,3,3257.1,159,2,3257.0,308,4,3258.4,23,1,3258.5,300,1,3258.6,25,1,3258.8,78,3,3258.9,112,5
11536,2025-12-30 12:38:42+05:30,3258.4,7,3249.43,933161,110189.0,119035.0,3250.0,3260.5,3239.8,3251.5,43812125,3576.6,2926.4,4322.95,2866.6,3258.2,141,1,3258.0,263,2,3257.8,196,2,3257.6,56,2,3257.5,346,2,3258.3,35,1,3258.4,23,4,3258.5,300,1,3258.9,52,3,3259.0,76,2
11536,2025-12-30 12:38:42+05:30,3258.4,7,3249.43,933161,110189.0,119035.0,3250.0,3260.5,3239.8,3251.5,43812125,3576.6,2926.4,4322.95,2866.6,3258.2,141,1,3258.0,263,2,3257.8,196,2,3257.6,56,2,3257.5,346,2,3258.3,35,1,3258.4,23,4,3258.5,300,1,3258.9,52,3,3259.0,76,2
11536,2025-12-30 12:38:43+05:30,3258.2,1,3249.43,933341,110066.0,119543.0,3250.0,3260.5,3239.8,3251.5,43812125,3576.6,2926.4,4322.95,2866.6,3258.2,333,3,3258.0,88,1,3257.8,196,2,3257.7,36,1,3257.6,441,4,3258.4,40,6,3258.5,300,1,3258.8,46,1,3259.1,14,1,3259.2,59,2
11536,2025-12-30 12:38:43+05:30,3258.2,18,3249.43,933341,110066.0,119543.0,3250.0,3260.5,3239.8,3251.5,43812125,3576.6,2926.4,4322.95,2866.6,3258.2,333,3,3258.0,88,1,3257.8,196,2,3257.7,36,1,3257.6,441,4,3258.4,40,6,3258.5,300,1,3258.8,46,1,3259.1,14,1,3259.2,59,2
11536,2025-12-30 12:38:44+05:30,3258.4,1,3249.43,933384,109303.0,119754.0,3250.0,3260.5,3239.8,3251.5,43812125,3576.6,2926.4,4322.95,2866.6,3258.2,292,3,3258.0,88,1,3257.8,196,2,3257.7,36,1,3257.6,62,2,3258.4,36,7,3258.5,300,1,3258.8,46,1,3258.9,20,1,3259.1,35,2
11536,2025-12-30 12:38:44+05:30,3258.2,18,3249.43,933384,109303.0,119754.0,3250.0,3260.5,3239.8,3251.5,43812125,3576.6,2926.4,4322.95,2866.6,3258.2,292,3,3258.0,88,1,3257.8,196,2,3257.7,36,1,3257.6,62,2,3258.4,36,7,3258.5,300,1,3258.8,46,1,3258.9,20,1,3259.1,35,2
11536,2025-12-30 12:38:45+05:30,3258.2,12,3249.43,933470,108770.0,119754.0,3250.0,3260.5,3239.8,3251.5,43812125,3576.6,2926.4,4322.95,2866.6,3258.2,257,4,3258.0,88,1,3257.8,196,2,3257.7,50,2,3257.6,62,2,3258.4,64,11,3258.5,300,1,3258.8,46,1,3259.1,35,2,3259.2,59,2
11536,2025-12-30 12:38:45+05:30,3258.2,12,3249.43,933470,108770.0,119754.0,3250.0,3260.5,3239.8,3251.5,43812125,3576.6,2926.4,4322.95,2866.6,3258.2,257,4,3258.0,88,1,3257.8,196,2,3257.7,50,2,3257.6,62,2,3258.4,64,11,3258.5,300,1,3258.8,46,1,3259.1,35,2,3259.2,59,2
11536,2025-12-30 12:38:46+05:30,3258.4,1,3249.43,933513,110605.0,119702.0,3250.0,3260.5,3239.8,3251.5,43812125,3576.6,2926.4,4322.95,2866.6,3258.3,175,1,3258.2,215,3,3258.1,88,1,3257.9,175,1,3257.8,21,1,3258.4,63,12,3258.5,300,1,3258.9,20,1,3259.0,38,1,3259.1,21,1
11536,2025-12-30 12:38:46+05:30,3258.3,8,3249.43,933513,110605.0,119702.0,3250.0,3260.5,3239.8,3251.5,43812125,3576.6,2926.4,4322.95,2866.6,3258.3,175,1,3258.2,215,3,3258.1,88,1,3257.9,175,1,3257.8,21,1,3258.4,63,12,3258.5,300,1,3258.9,20,1,3259.0,38,1,3259.1,21,1
11536,2025-12-30 12:38:47+05:30,3258.3,20,3249.43,933639,110537.0,119751.0,3250.0,3260.5,3239.8,3251.5,43812125,3576.6,2926.4,4322.95,2866.6,3258.3,70,2,3258.2,220,4,3258.1,88,1,3257.9,175,1,3257.8,21,1,3258.4,50,11,3258.5,300,1,3258.8,75,3,3258.9,57,3,3259.1,21,1
11536,2025-12-30 12:38:47+05:30,3258.3,5,3249.43,933639,110537.0,119751.0,3250.0,3260.5,3239.8,3251.5,43812125,3576.6,2926.4,4322.95,2866.6,3258.3,70,2,3258.2,220,4,3258.1,88,1,3257.9,175,1,3257.8,21,1,3258.4,50,11,3258.5,300,1,3258.8,75,3,3258.9,57,3,3259.1,21,1
11536,2025-12-30 12:38:48+05:30,3258.4,4,3249.43,933788,111660.0,117218.0,3250.0,3260.5,3239.8,3251.5,43812125,3576.6,2926.4,4322.95,2866.6,3258.4,94,2,3258.3,10,2,3258.2,318,5,3258.1,103,3,3258.0,22,1,3258.5,300,1,3259.3,52,4,3259.4,41,3,3259.5,59,2,3259.6,48,3
11536,2025-12-30 12:38:48+05:30,3258.4,4,3249.43,933788,111660.0,117218.0,3250.0,3260.5,3239.8,3251.5,43812125,3576.6,2926.4,4322.95,2866.6,3258.4,94,2,3258.3,10,2,3258.2,318,5,3258.1,103,3,3258.0,22,1,3258.5,300,1,3259.3,52,4,3259.4,41,3,3259.5,59,2,3259.6,48,3
11536,2025-12-30 12:38:49+05:30,3258.5,2,3249.43,933793,111655.0,117233.0,3250.0,3260.5,3239.8,3251.5,43812125,3576.6,2926.4,4322.95,2866.6,3258.4,95,3,3258.3,10,2,3258.2,318,5,3258.1,95,2,3258.0,22,1,3258.5,307,4,3259.0,45,1,3259.3,90,5,3259.4,41,3,3259.5,59,2
11536,2025-12-30 12:38:49+05:30,3258.5,2,3249.43,933793,111655.0,117233.0,3250.0,3260.5,3239.8,3251.5,43812125,3576.6,2926.4,4322.95,2866.6,3258.4,95,3,3258.3,10,2,3258.2,318,5,3258.1,95,2,3258.0,22,1,3258.5,307,4,3259.0,45,1,3259.3,90,5,3259.4,41,3,3259.5,59,2
11536,2025-12-30 12:38:50+05:30,3258.5,2,3249.43,933793,111692.0,118540.0,3250.0,3260.5,3239.8,3251.5,43812125,3576.6,2926.4,4322.95,2866.6,3258.4,95,3,3258.3,10,2,3258.2,318,5,3258.1,95,2,3258.0,22,1,3258.5,310,7,3259.0,45,1,3259.2,47,1,3259.3,90,5,3259.4,41,3
11536,2025-12-30 12:38:50+05:30,3258.4,43,3249.43,933793,111692.0,118540.0,3250.0,3260.5,3239.8,3251.5,43812125,3576.6,2926.4,4322.95,2866.6,3258.4,95,3,3258.3,10,2,3258.2,318,5,3258.1,95,2,3258.0,22,1,3258.5,310,7,3259.0,45,1,3259.2,47,1,3259.3,90,5,3259.4,41,3
11536,2025-12-30 12:38:51+05:30,3258.3,2,3249.43,933944,110365.0,119385.0,3250.0,3260.5,3239.8,3251.5,43812125,3576.6,2926.4,4322.95,2866.6,3258.3,8,2,3258.2,220,4,3258.1,95,2,3258.0,22,1,3257.9,185,2,3258.5,321,9,3258.8,19,1,3258.9,9,1,3259.0,168,5,3259.1,12,1
11536,2025-12-30 12:38:51+05:30,3258.3,1,3249.43,933944,110365.0,119385.0,3250.0,3260.5,3239.8,3251.5,43812125,3576.6,2926.4,4322.95,2866.6,3258.3,8,2,3258.2,220,4,3258.1,95,2,3258.0,22,1,3257.9,185,2,3258.5,321,9,3258.8,19,1,3258.9,9,1,3259.0,168,5,3259.1,12,1
11536,2025-12-30 12:38:52+05:30,3258.3,1,3249.43,933944,110365.0,119385.0,3250.0,3260.5,3239.8,3251.5,43812125,3576.6,2926.4,4322.95,2866.6,3258.3,8,2,3258.2,220,4,3258.1,95,2,3258.0,22,1,3257.9,185,2,3258.5,321,9,3258.8,19,1,3258.9,9,1,3259.0,168,5,3259.1,12,1
11536,2025-12-30 12:38:52+05:30,3258.3,1,3249.44,933979,108232.0,119344.0,3250.0,3260.5,3239.8,3251.5,43812125,3576.6,2926.4,4322.95,2866.6,3258.3,5,1,3258.2,220,4,3258.1,95,2,3258.0,22,1,3257.9,185,2,3258.5,315,8,3258.8,19,1,3258.9,30,2,3259.0,197,6,3259.1,12,1
11536,2025-12-30 12:38:53+05:30,3258.3,2,3249.44,933979,108232.0,119344.0,3250.0,3260.5,3239.8,3251.5,43812125,3576.6,2926.4,4322.95,2866.6,3258.3,5,1,3258.2,220,4,3258.1,95,2,3258.0,22,1,3257.9,185,2,3258.5,315,8,3258.8,19,1,3258.9,30,2,3259.0,197,6,3259.1,12,1
11536,2025-12-30 12:38:53+05:30,3258.3,2,3249.44,934348,111026.0,119639.0,3250.0,3260.5,3239.8,3251.5,43812125,3576.6,2926.4,4322.95,2866.6,3258.3,180,2,3258.2,71,3,3258.1,95,2,3258.0,22,1,3257.9,185,2,3258.5,502,6,3259.0,83,3,3259.2,105,4,3259.3,153,5,3259.4,92,5
11536,2025-12-30 12:38:54+05:30,3258.4,27,3249.44,934348,111026.0,119639.0,3250.0,3260.5,3239.8,3251.5,43812125,3576.6,2926.4,4322.95,2866.6,3258.3,180,2,3258.2,71,3,3258.1,95,2,3258.0,22,1,3257.9,185,2,3258.5,502,6,3259.0,83,3,3259.2,105,4,3259.3,153,5,3259.4,92,5
11536,2025-12-30 12:38:54+05:30,3258.4,27,3249.44,934384,111283.0,118436.0,3250.0,3260.5,3239.8,3251.5,43812125,3576.6,2926.4,4322.95,2866.6,3258.4,144,1,3258.2,159,4,3258.1,7,1,3258.0,197,2,3257.9,10,1,3258.5,501,7,3259.0,83,2,3259.1,47,1,3259.2,105,4,3259.3,150,4
11536,2025-12-30 12:38:55+05:30,3258.5,175,3249.44,934384,111283.0,118436.0,3250.0,3260.5,3239.8,3251.5,43812125,3576.6,2926.4,4322.95,2866.6,3258.4,144,1,3258.2,159,4,3258.1,7,1,3258.0,197,2,3257.9,10,1,3258.5,501,7,3259.0,83,2,3259.1,47,1,3259.2,105,4,3259.3,150,4
11536,2025-12-30 12:38:55+05:30,3258.5,175,3249.44,934880,111523.0,118367.0,3250.0,3260.5,3239.8,3251.5,43812125,3576.6,2926.4,4322.95,2866.6,3258.4,51,1,3258.3,88,1,3258.2,92,4,3258.1,242,5,3258.0,22,1,3258.5,111,7,3259.0,45,1,3259.2,19,1,3259.3,29,2,3259.4,62,4
11536,2025-12-30 12:38:56+05:30,3258.4,48,3249.44,934880,111523.0,118367.0,3250.0,3260.5,3239.8,3251.5,43812125,3576.6,2926.4,4322.95,2866.6,3258.4,51,1,3258.3,88,1,3258.2,92,4,3258.1,242,5,3258.0,22,1,3258.5,111,7,3259.0,45,1,3259.2,19,1,3259.3,29,2,3259.4,62,4
11536,2025-12-30 12:38:56+05:30,3258.4,48,3249.45,935281,110690.0,117843.0,3250.0,3260.5,3239.8,3251.5,43812125,3576.6,2926.4,4322.95,2866.6,3258.2,159,4,3258.1,30,2,3258.0,236,3,3257.9,22,2,3257.8,198,6,3258.3,8,1,3258.5,315,6,3259.0,45,1,3259.3,48,3,3259.4,22,2
11536,2025-12-30 12:38:57+05:30,3258.4,1,3249.45,935589,111557.0,119286.0,3250.0,3260.5,3239.8,3251.5,43812125,3576.6,2926.4,4322.95,2866.6,3258.4,42,1,3258.2,159,4,3258.1,7,1,3258.0,197,2,3257.9,10,1,3258.5,325,6,3258.9,26,1,3259.0,74,2,3259.1,41,2,3259.2,91,3
11536,2025-12-30 12:38:57+05:30,3258.4,1,3249.45,935589,111557.0,119286.0,3250.0,3260.5,3239.8,3251.5,43812125,3576.6,2926.4,4322.95,2866.6,3258.4,42,1,3258.2,159,4,3258.1,7,1,3258.0,197,2,3257.9,10,1,3258.5,325,6,3258.9,26,1,3259.0,74,2,3259.1,41,2,3259.2,91,3
11536,2025-12-30 12:38:58+05:30,3258.4,91,3249.45,935752,111553.0,119446.0,3250.0,3260.5,3239.8,3251.5,43812125,3576.6,2926.4,4322.95,2866.6,3258.4,58,1,3258.2,156,5,3258.1,7,1,3258.0,197,2,3257.9,10,1,3258.5,314,6,3258.9,26,1,3259.0,112,3,3259.1,41,2,3259.2,91,3
11536,2025-12-30 12:38:58+05:30,3258.4,91,3249.45,935752,111553.0,119446.0,3250.0,3260.5,3239.8,3251.5,43812125,3576.6,2926.4,4322.95,2866.6,3258.4,58,1,3258.2,156,5,3258.1,7,1,3258.0,197,2,3257.9,10,1,3258.5,314,6,3258.9,26,1,3259.0,112,3,3259.1,41,2,3259.2,91,3
11536,2025-12-30 12:38:59+05:30,3258.4,42,3249.46,936078,111665.0,119446.0,3250.0,3260.5,3239.8,3251.5,43812125,3576.6,2926.4,4322.95,2866.6,3258.2,87,4,3258.1,7,1,3258.0,175,1,3257.9,10,1,3257.8,85,3,3258.4,25,4,3258.5,304,6,3259.0,45,1,3259.1,11,1,3259.2,70,2
11536,2025-12-30 12:38:59+05:30,3258.4,24,3249.46,936078,111665.0,119446.0,3250.0,3260.5,3239.8,3251.5,43812125,3576.6,2926.4,4322.95,2866.6,3258.2,87,4,3258.1,7,1,3258.0,175,1,3257.9,10,1,3257.8,85,3,3258.4,25,4,3258.5,304,6,3259.0,45,1,3259.1,11,1,3259.2,70,2
11536,2025-12-30 12:39:00+05:30,3258.5,40,3249.46,936653,111338.0,118609.0,3250.0,3260.5,3239.8,3251.5,43812125,3576.6,2926.4,4322.95,2866.6,3258.2,44,4,3258.1,182,2,3258.0,39,1,3257.9,95,4,3257.8,24,2,3258.5,490,7,3259.0,45,1,3259.1,19,1,3259.3,124,4,3259.4,24,2
11536,2025-12-30 12:39:00+05:30,3258.2,1,3249.46,936653,111338.0,118609.0,3250.0,3260.5,3239.8,3251.5,43812125,3576.6,2926.4,4322.95,2866.6,3258.2,44,4,3258.1,182,2,3258.0,39,1,3257.9,95,4,3257.8,24,2,3258.5,490,7,3259.0,45,1,3259.1,19,1,3259.3,124,4,3259.4,24,2
11536,2025-12-30 12:39:01+05:30,3258.5,1,3249.46,936875,111534.0,117840.0,3250.0,3260.5,3239.8,3251.5,43812125,3576.6,2926.4,4322.95,2866.6,3258.4,175,1,3258.2,121,4,3258.1,7,1,3258.0,175,1,3257.9,49,2,3258.5,340,10,3258.9,21,1,3259.0,70,2,3259.1,19,1,3259.3,93,5
11536,2025-12-30 12:39:01+05:30,3258.4,21,3249.46,936875,111534.0,117840.0,3250.0,3260.5,3239.8,3251.5,43812125,3576.6,2926.4,4322.95,2866.6,3258.4,175,1,3258.2,121,4,3258.1,7,1,3258.0,175,1,3257.9,49,2,3258.5,340,10,3258.9,21,1,3259.0,70,2,3259.1,19,1,3259.3,93,5
11536,2025-12-30 12:39:02+05:30,3258.4,47,3249.46,937003,111359.0,119279.0,3250.0,3260.5,3239.8,3251.5,43812125,3576.6,2926.4,4322.95,2866.6,3258.4,47,1,3258.2,121,4,3258.1,7,1,3258.0,175,1,3257.9,49,2,3258.5,335,11,3258.9,21,1,3259.0,70,2,3259.1,19,1,3259.3,93,5
11536,2025-12-30 12:39:02+05:30,3258.4,47,3249.46,937003,111359.0,119279.0,3250.0,3260.5,3239.8,3251.5,43812125,3576.6,2926.4,4322.95,2866.6,3258.4,47,1,3258.2,121,4,3258.1,7,1,3258.0,175,1,3257.9,49,2,3258.5,335,11,3258.9,21,1,3259.0,70,2,3259.1,19,1,3259.3,93,5
11536,2025-12-30 12:39:03+05:30,3258.2,2,3249.47,937191,111130.0,119428.0,3250.0,3260.5,3239.8,3251.5,43812125,3576.6,2926.4,4322.95,2866.6,3258.2,21,2,3258.1,7,1,3258.0,175,1,3257.9,49,2,3257.8,21,1,3258.4,11,4,3258.5,317,10,3258.9,21,1,3259.0,70,2,3259.1,59,2
11536,2025-12-30 12:39:03+05:30,3258.4,4,3249.47,937191,111130.0,119428.0,3250.0,3260.5,3239.8,3251.5,43812125,3576.6,2926.4,4322.95,2866.6,3258.2,21,2,3258.1,7,1,3258.0,175,1,3257.9,49,2,3257.8,21,1,3258.4,11,4,3258.5,317,10,3258.9,21,1,3259.0,70,2,3259.1,59,2
11536,2025-12-30 12:39:04+05:30,3258.4,44,3249.47,937394,111121.0,119578.0,3250.0,3260.5,3239.8,3251.5,43812125,3576.6,2926.4,4322.95,2866.6,3258.4,7,1,3258.2,14,2,3258.1,7,1,3258.0,175,1,3257.9,10,1,3258.5,313,9,3258.9,41,3,3259.0,70,2,3259.1,149,5,3259.2,147,3
11536,2025-12-30 12:39:04+05:30,3258.4,7,3249.47,937394,111121.0,119578.0,3250.0,3260.5,3239.8,3251.5,43812125,3576.6,2926.4,4322.95,2866.6,3258.4,7,1,3258.2,14,2,3258.1,7,1,3258.0,175,1,3257.9,10,1,3258.5,313,9,3258.9,41,3,3259.0,70,2,3259.1,149,5,3259.2,147,3
11536,2025-12-30 12:39:05+05:30,3258.4,17,3249.47,937432,111240.0,119574.0,3250.0,3260.5,3239.8,3251.5,43812125,3576.6,2926.4,4322.95,2866.6,3258.4,148,2,3258.2,14,2,3258.1,7,1,3258.0,175,1,3257.9,10,1,3258.5,310,9,3258.8,12,1,3258.9,29,2,3259.0,89,3,3259.1,149,5
11536,2025-12-30 12:39:05+05:30,3258.4,9,3249.47,937432,111240.0,119574.0,3250.0,3260.5,3239.8,3251.5,43812125,3576.6,2926.4,4322.95,2866.6,3258.4,148,2,3258.2,14,2,3258.1,7,1,3258.0,175,1,3257.9,10,1,3258.5,310,9,3258.8,12,1,3258.9,29,2,3259.0,89,3,3259.1,149,5
11536,2025-12-30 12:39:06+05:30,3258.5,5,3249.47,937779,111721.0,119457.0,3250.0,3260.5,3239.8,3251.5,43812125,3576.6,2926.4,4322.95,2866.6,3258.4,176,2,3258.2,43,4,3258.1,182,2,3258.0,86,3,3257.9,43,3,3258.5,512,9,3259.0,45,1,3259.1,19,1,3259.2,12,1,3259.3,32,3
11536,2025-12-30 12:39:06+05:30,3258.0,6,3249.47,937779,111721.0,119457.0,3250.0,3260.5,3239.8,3251.5,43812125,3576.6,2926.4,4322.95,2866.6,3258.4,176,2,3258.2,43,4,3258.1,182,2,3258.0,86,3,3257.9,43,3,3258.5,512,9,3259.0,45,1,3259.1,19,1,3259.2,12,1,3259.3,32,3
11536,2025-12-30 12:39:07+05:30,3258.0,76,3249.48,938406,111282.0,119829.0,3250.0,3260.5,3239.8,3251.5,43812125,3576.6,2926.4,4322.95,2866.6,3258.4,175,1,3258.2,99,1,3257.9,10,1,3257.6,50,2,3257.5,140,7,3258.5,551,10,3258.8,12,1,3258.9,68,2,3259.0,92,3,3259.1,69,2
11536,2025-12-30 12:39:07+05:30,3258.4,9,3249.48,938406,111282.0,119829.0,3250.0,3260.5,3239.8,3251.5,43812125,3576.6,2926.4,4322.95,2866.6,3258.4,175,1,3258.2,99,1,3257.9,10,1,3257.6,50,2,3257.5,140,7,3258.5,551,10,3258.8,12,1,3258.9,68,2,3259.0,92,3,3259.1,69,2
11536,2025-12-30 12:39:08+05:30,3258.4,3,3249.48,938431,111294.0,119645.0,3250.0,3260.5,3239.8,3251.5,43812125,3576.6,2926.4,4322.95,2866.6,3258.4,326,3,3258.2,99,1,3257.9,10,1,3257.8,21,1,3257.6,53,3,3258.5,557,12,3258.6,12,1,3258.7,19,1,3258.8,25,2,3258.9,76,3
11536,2025-12-30 12:39:08+05:30,3258.4,101,3249.48,938431,111294.0,119645.0,3250.0,3260.5,3239.8,3251.5,43812125,3576.6,2926.4,4322.95,2866.6,3258.4,326,3,3258.2,99,1,3257.9,10,1,3257.8,21,1,3257.6,53,3,3258.5,557,12,3258.6,12,1,3258.7,19,1,3258.8,25,2,3258.9,76,3
11536,2025-12-30 12:39:09+05:30,3258.4,2,3249.48,938696,111097.0,119716.0,3250.0,3260.5,3239.8,3251.5,43812125,3576.6,2926.4,4322.95,2866.6,3258.4,108,3,3258.2,99,1,3257.9,10,1,3257.8,21,1,3257.6,56,4,3258.5,567,15,3258.6,3,1,3258.7,40,2,3258.8,53,3,3258.9,76,3
11536,2025-12-30 12:39:09+05:30,3258.4,7,3249.48,938696,111097.0,119716.0,3250.0,3260.5,3239.8,3251.5,43812125,3576.6,2926.4,4322.95,2866.6,3258.4,108,3,3258.2,99,1,3257.9,10,1,3257.8,21,1,3257.6,56,4,3258.5,567,15,3258.6,3,1,3258.7,40,2,3258.8,53,3,3258.9,76,3
11536,2025-12-30 12:39:10+05:30,3258.3,5,3249.48,938940,111563.0,119525.0,3250.0,3260.5,3239.8,3251.5,43812125,3576.6,2926.4,4322.95,2866.6,3258.4,43,1,3258.2,273,2,3257.9,10,1,3257.8,21,1,3257.6,40,4,3258.5,554,14,3258.7,26,2,3258.8,94,3,3258.9,58,4,3259.0,92,3
11536,2025-12-30 12:39:10+05:30,3258.4,4,3249.48,938940,111563.0,119525.0,3250.0,3260.5,3239.8,3251.5,43812125,3576.6,2926.4,4322.95,2866.6,3258.4,43,1,3258.2,273,2,3257.9,10,1,3257.8,21,1,3257.6,40,4,3258.5,554,14,3258.7,26,2,3258.8,94,3,3258.9,58,4,3259.0,92,3
11536,2025-12-30 12:39:11+05:30,3258.4,47,3249.48,939045,111633.0,119632.0,3250.0,3260.5,3239.8,3251.5,43812125,3576.6,2926.4,4322.95,2866.6,3258.4,113,1,3258.2,273,2,3257.9,10,1,3257.8,21,1,3257.6,70,5,3258.5,550,15,3258.6,14,1,3258.7,26,2,3258.8,114,4,3258.9,37,3
11536,2025-12-30 12:39:11+05:30,3258.4,3,3249.48,939045,111633.0,119632.0,3250.0,3260.5,3239.8,3251.5,43812125,3576.6,2926.4,4322.95,2866.6,3258.4,113,1,3258.2,273,2,3257.9,10,1,3257.8,21,1,3257.6,70,5,3258.5,550,15,3258.6,14,1,3258.7,26,2,3258.8,114,4,3258.9,37,3
11536,2025-12-30 12:39:12+05:30,3258.4,38,3249.49,939548,111324.0,118825.0,3250.0,3260.5,3239.8,3251.5,43812125,3576.6,2926.4,4322.95,2866.6,3258.2,273,2,3257.9,10,1,3257.8,21,1,3257.7,66,2,3257.6,457,8,3258.4,2,1,3258.5,99,12,3258.8,46,1,3258.9,21,1,3259.0,71,2
11536,2025-12-30 12:39:12+05:30,3258.2,32,3249.49,939548,111324.0,118825.0,3250.0,3260.5,3239.8,3251.5,43812125,3576.6,2926.4,4322.95,2866.6,3258.2,273,2,3257.9,10,1,3257.8,21,1,3257.7,66,2,3257.6,457,8,3258.4,2,1,3258.5,99,12,3258.8,46,1,3258.9,21,1,3259.0,71,2
11536,2025-12-30 12:39:13+05:30,3258.4,49,3249.49,939920,112146.0,118630.0,3250.0,3260.5,3239.8,3251.5,43812125,3576.6,2926.4,4322.95,2866.6,3258.4,187,2,3258.2,289,3,3258.1,175,1,3257.9,10,1,3257.8,97,3,3258.5,85,8,3258.6,14,1,3258.8,60,2,3258.9,21,1,3259.0,111,4
11536,2025-12-30 12:39:13+05:30,3258.4,49,3249.49,939920,112146.0,118630.0,3250.0,3260.5,3239.8,3251.5,43812125,3576.6,2926.4,4322.95,2866.6,3258.4,187,2,3258.2,289,3,3258.1,175,1,3257.9,10,1,3257.8,97,3,3258.5,85,8,3258.6,14,1,3258.8,60,2,3258.9,21,1,3259.0,111,4
11536,2025-12-30 12:39:14+05:30,3258.4,20,3249.49,939952,112095.0,118981.0,3250.0,3260.5,3239.8,3251.5,43812125,3576.6,2926.4,4322.95,2866.6,3258.4,165,2,3258.2,289,3,3258.1,175,1,3257.9,10,1,3257.8,97,3,3258.5,87,10,3258.9,21,1,3259.0,91,3,3259.1,78,2,3259.2,54,2
11536,2025-12-30 12:39:14+05:30,3258.4,20,3249.49,939952,112095.0,118981.0,3250.0,3260.5,3239.8,3251.5,43812125,3576.6,2926.4,4322.95,2866.6,3258.4,165,2,3258.2,289,3,3258.1,175,1,3257.9,10,1,3257.8,97,3,3258.5,87,10,3258.9,21,1,3259.0,91,3,3259.1,78,2,3259.2,54,2
11536,2025-12-30 12:39:15+05:30,3258.5,1,3249.49,940060,111798.0,119137.0,3250.0,3260.5,3239.8,3251.5,43812125,3576.6,2926.4,4322.95,2866.6,3258.4,71,3,3258.2,289,3,3258.1,175,1,3257.9,10,1,3257.8,61,2,3258.5,69,9,3258.8,14,1,3258.9,21,1,3259.0,111,4,3259.1,78,2
11536,2025-12-30 12:39:15+05:30,3258.5,10,3249.49,940060,111798.0,119137.0,3250.0,3260.5,3239.8,3251.5,43812125,3576.6,2926.4,4322.95,2866.6,3258.4,71,3,3258.2,289,3,3258.1,175,1,3257.9,10,1,3257.8,61,2,3258.5,69,9,3258.8,14,1,3258.9,21,1,3259.0,111,4,3259.1,78,2
11536,2025-12-30 12:39:16+05:30,3258.4,14,3249.49,940199,111402.0,119737.0,3250.0,3260.5,3239.8,3251.5,43812125,3576.6,2926.4,4322.95,2866.6,3258.4,5,1,3258.2,289,3,3258.1,175,1,3257.9,10,1,3257.8,21,1,3258.5,514,9,3258.7,14,1,3258.9,21,1,3259.0,137,4,3259.1,52,2
11536,2025-12-30 12:39:16+05:30,3258.5,1,3249.49,940199,111402.0,119737.0,3250.0,3260.5,3239.8,3251.5,43812125,3576.6,2926.4,4322.95,2866.6,3258.4,5,1,3258.2,289,3,3258.1,175,1,3257.9,10,1,3257.8,21,1,3258.5,514,9,3258.7,14,1,3258.9,21,1,3259.0,137,4,3259.1,52,2
11536,2025-12-30 12:39:17+05:30,3258.4,28,3249.5,940409,111435.0,120194.0,3250.0,3260.5,3239.8,3251.5,43812125,3576.6,2926.4,4322.95,2866.6,3258.4,71,1,3258.2,223,2,3258.1,175,1,3258.0,20,1,3257.9,10,1,3258.5,445,10,3258.8,60,2,3258.9,41,2,3259.0,92,3,3259.1,32,1
11536,2025-12-30 12:39:17+05:30,3258.4,3,3249.5,940409,111435.0,120194.0,3250.0,3260.5,3239.8,3251.5,43812125,3576.6,2926.4,4322.95,2866.6,3258.4,71,1,3258.2,223,2,3258.1,175,1,3258.0,20,1,3257.9,10,1,3258.5,445,10,3258.8,60,2,3258.9,41,2,3259.0,92,3,3259.1,32,1
11536,2025-12-30 12:39:18+05:30,3258.4,19,3249.5,940460,111424.0,120158.0,3250.0,3260.5,3239.8,3251.5,43812125,3576.6,2926.4,4322.95,2866.6,3258.4,22,2,3258.3,4,1,3258.2,223,2,3258.1,175,1,3258.0,26,2,3258.5,454,14,3258.8,46,1,3258.9,21,1,3259.0,71,2,3259.1,32,1
11536,2025-12-30 12:39:18+05:30,3258.3,7,3249.5,940460,111424.0,120158.0,3250.0,3260.5,3239.8,3251.5,43812125,3576.6,2926.4,4322.95,2866.6,3258.4,22,2,3258.3,4,1,3258.2,223,2,3258.1,175,1,3258.0,26,2,3258.5,454,14,3258.8,46,1,3258.9,21,1,3259.0,71,2,3259.1,32,1
11536,2025-12-30 12:39:19+05:30,3258.2,4,3249.5,940553,111525.0,119911.0,3250.0,3260.5,3239.8,3251.5,43812125,3576.6,2926.4,4322.95,2866.6,3258.2,219,2,3258.1,175,1,3258.0,29,3,3257.9,47,3,3257.8,21,1,3258.3,6,1,3258.5,441,10,3258.7,26,1,3258.8,75,2,3258.9,21,1
11536,2025-12-30 12:39:19+05:30,3258.2,5,3249.5,940553,111525.0,119911.0,3250.0,3260.5,3239.8,3251.5,43812125,3576.6,2926.4,4322.95,2866.6,3258.2,219,2,3258.1,175,1,3258.0,29,3,3257.9,47,3,3257.8,21,1,3258.3,6,1,3258.5,441,10,3258.7,26,1,3258.8,75,2,3258.9,21,1
11536,2025-12-30 12:39:20+05:30,3258.4,1,3249.5,940697,111499.0,119704.0,3250.0,3260.5,3239.8,3251.5,43812125,3576.6,2926.4,4322.95,2866.6,3258.4,40,1,3258.2,226,3,3258.1,175,1,3258.0,29,3,3257.9,22,2,3258.5,435,5,3258.8,46,1,3259.0,65,2,3259.1,32,1,3259.2,76,4
11536,2025-12-30 12:39:20+05:30,3258.5,11,3249.5,940697,111499.0,119704.0,3250.0,3260.5,3239.8,3251.5,43812125,3576.6,2926.4,4322.95,2866.6,3258.4,40,1,3258.2,226,3,3258.1,175,1,3258.0,29,3,3257.9,22,2,3258.5,435,5,3258.8,46,1,3259.0,65,2,3259.1,32,1,3259.2,76,4
11536,2025-12-30 12:39:21+05:30,3258.5,5,3249.5,940697,111499.0,119704.0,3250.0,3260.5,3239.8,3251.5,43812125,3576.6,2926.4,4322.95,2866.6,3258.4,40,1,3258.2,226,3,3258.1,175,1,3258.0,29,3,3257.9,22,2,3258.5,435,5,3258.8,46,1,3259.0,65,2,3259.1,32,1,3259.2,76,4
11536,2025-12-30 12:39:21+05:30,3258.5,5,3249.52,942637,112310.0,118938.0,3250.0,3260.5,3239.8,3251.5,43812125,3576.6,2926.4,4322.95,2866.6,3258.5,60,1,3258.4,40,1,3258.2,266,4,3258.1,189,2,3258.0,50,4,3259.0,151,4,3259.2,68,3,3259.3,35,1,3259.4,76,3,3259.5,41,3
11536,2025-12-30 12:39:22+05:30,3258.5,175,3249.52,943087,111984.0,118712.0,3250.0,3260.5,3239.8,3251.5,43812125,3576.6,2926.4,4322.95,2866.6,3258.3,162,1,3258.2,64,2,3258.1,226,4,3258.0,50,4,3257.9,77,5,3258.5,59,1,3259.0,86,4,3259.2,48,2,3259.3,35,1,3259.4,59,3
11536,2025-12-30 12:39:23+05:30,3258.5,6,3249.52,943087,111984.0,118712.0,3250.0,3260.5,3239.8,3251.5,43812125,3576.6,2926.4,4322.95,2866.6,3258.3,162,1,3258.2,64,2,3258.1,226,4,3258.0,50,4,3257.9,77,5,3258.5,59,1,3259.0,86,4,3259.2,48,2,3259.3,35,1,3259.4,59,3
11536,2025-12-30 12:39:23+05:30,3258.3,1,3249.53,943438,112107.0,119068.0,3250.0,3260.5,3239.8,3251.5,43812125,3576.6,2926.4,4322.95,2866.6,3258.3,209,2,3258.2,64,2,3258.1,226,4,3258.0,50,4,3257.9,77,5,3258.5,28,3,3259.0,85,3,3259.1,46,1,3259.3,35,1,3259.4,59,3
11536,2025-12-30 12:39:24+05:30,3258.5,7,3249.53,943438,112107.0,119068.0,3250.0,3260.5,3239.8,3251.5,43812125,3576.6,2926.4,4322.95,2866.6,3258.3,209,2,3258.2,64,2,3258.1,226,4,3258.0,50,4,3257.9,77,5,3258.5,28,3,3259.0,85,3,3259.1,46,1,3259.3,35,1,3259.4,59,3
11536,2025-12-30 12:39:24+05:30,3258.5,1,3249.53,944030,110245.0,119170.0,3250.0,3260.5,3239.8,3251.5,43812125,3576.6,2926.4,4322.95,2866.6,3258.5,146,1,3258.3,215,2,3258.2,8,1,3258.1,229,3,3258.0,85,5,3259.0,103,5,3259.1,46,1,3259.2,41,2,3259.4,42,2,3259.5,20,2
11536,2025-12-30 12:39:25+05:30,3259.0,1,3249.53,944030,110245.0,119170.0,3250.0,3260.5,3239.8,3251.5,43812125,3576.6,2926.4,4322.95,2866.6,3258.5,146,1,3258.3,215,2,3258.2,8,1,3258.1,229,3,3258.0,85,5,3259.0,103,5,3259.1,46,1,3259.2,41,2,3259.4,42,2,3259.5,20,2
11536,2025-12-30 12:39:25+05:30,3259.0,1,3249.53,944038,110438.0,119337.0,3250.0,3260.5,3239.8,3251.5,43812125,3576.6,2926.4,4322.95,2866.6,3258.5,142,1,3258.3,215,2,3258.2,29,2,3258.1,54,2,3258.0,49,4,3259.0,81,6,3259.1,46,1,3259.2,41,2,3259.4,42,2,3259.5,20,2
11536,2025-12-30 12:39:26+05:30,3258.6,3,3249.53,944038,110438.0,119337.0,3250.0,3260.5,3239.8,3251.5,43812125,3576.6,2926.4,4322.95,2866.6,3258.5,142,1,3258.3,215,2,3258.2,29,2,3258.1,54,2,3258.0,49,4,3259.0,81,6,3259.1,46,1,3259.2,41,2,3259.4,42,2,3259.5,20,2
11536,2025-12-30 12:39:26+05:30,3258.6,16,3249.53,944219,112190.0,118379.0,3250.0,3260.5,3239.8,3251.5,43812125,3576.6,2926.4,4322.95,2866.6,3258.5,229,4,3258.4,112,4,3258.3,236,3,3258.2,167,7,3258.1,103,4,3259.0,61,5,3259.6,33,2,3259.8,33,2,3259.9,69,4,3260.0,625,7
11536,2025-12-30 12:39:27+05:30,3258.5,3,3249.53,944219,112190.0,118379.0,3250.0,3260.5,3239.8,3251.5,43812125,3576.6,2926.4,4322.95,2866.6,3258.5,229,4,3258.4,112,4,3258.3,236,3,3258.2,167,7,3258.1,103,4,3259.0,61,5,3259.6,33,2,3259.8,33,2,3259.9,69,4,3260.0,625,7
11536,2025-12-30 12:39:27+05:30,3258.4,8,3249.53,944417,112075.0,118540.0,3250.0,3260.5,3239.8,3251.5,43812125,3576.6,2926.4,4322.95,2866.6,3258.4,73,3,3258.3,269,4,3258.2,110,5,3258.1,103,4,3258.0,112,6,3259.0,92,8,3259.6,33,2,3259.8,145,4,3259.9,111,6,3260.0,625,7
11536,2025-12-30 12:39:28+05:30,3258.7,2,3249.53,944417,112075.0,118540.0,3250.0,3260.5,3239.8,3251.5,43812125,3576.6,2926.4,4322.95,2866.6,3258.4,73,3,3258.3,269,4,3258.2,110,5,3258.1,103,4,3258.0,112,6,3259.0,92,8,3259.6,33,2,3259.8,145,4,3259.9,111,6,3260.0,625,7
11536,2025-12-30 12:39:28+05:30,3258.7,2,3249.53,944427,112608.0,119350.0,3250.0,3260.5,3239.8,3251.5,43812125,3576.6,2926.4,4322.95,2866.6,3258.7,173,1,3258.5,175,1,3258.4,35,2,3258.2,68,3,3258.1,121,4,3259.0,91,10,3259.5,21,1,3259.6,54,4,3259.8,73,4,3259.9,203,7
11536,2025-12-30 12:39:29+05:30,3258.7,23,3249.53,944427,112608.0,119350.0,3250.0,3260.5,3239.8,3251.5,43812125,3576.6,2926.4,4322.95,2866.6,3258.7,173,1,3258.5,175,1,3258.4,35,2,3258.2,68,3,3258.1,121,4,3259.0,91,10,3259.5,21,1,3259.6,54,4,3259.8,73,4,3259.9,203,7
11536,2025-12-30 12:39:29+05:30,3258.7,23,3249.54,944506,112575.0,119344.0,3250.0,3260.5,3239.8,3251.5,43812125,3576.6,2926.4,4322.95,2866.6,3258.7,102,2,3258.5,175,1,3258.4,35,2,3258.2,68,3,3258.1,195,6,3258.9,5,3,3259.0,80,8,3259.5,21,1,3259.6,54,4,3259.8,165,5
11536,2025-12-30 12:39:30+05:30,3258.7,15,3249.54,944506,112575.0,119344.0,3250.0,3260.5,3239.8,3251.5,43812125,3576.6,2926.4,4322.95,2866.6,3258.7,102,2,3258.5,175,1,3258.4,35,2,3258.2,68,3,3258.1,195,6,3258.9,5,3,3259.0,80,8,3259.5,21,1,3259.6,54,4,3259.8,165,5
11536,2025-12-30 12:39:30+05:30,3258.7,15,3249.54,944971,111012.0,119575.0,3250.0,3260.5,3239.8,3251.5,43812125,3576.6,2926.4,4322.95,2866.6,3258.7,121,1,3258.5,268,2,3258.4,1,1,3258.2,105,4,3258.1,24,2,3258.9,16,6,3259.0,69,4,3259.3,20,1,3259.5,20,1,3259.6,23,2
11536,2025-12-30 12:39:31+05:30,3258.9,1,3249.54,944971,111012.0,119575.0,3250.0,3260.5,3239.8,3251.5,43812125,3576.6,2926.4,4322.95,2866.6,3258.7,121,1,3258.5,268,2,3258.4,1,1,3258.2,105,4,3258.1,24,2,3258.9,16,6,3259.0,69,4,3259.3,20,1,3259.5,20,1,3259.6,23,2
11536,2025-12-30 12:39:31+05:30,3258.9,1,3249.54,945017,111012.0,119772.0,3250.0,3260.5,3239.8,3251.5,43812125,3576.6,2926.4,4322.95,2866.6,3258.7,79,2,3258.5,268,2,3258.4,1,1,3258.2,69,3,3258.1,60,3,3258.9,22,8,3259.0,65,2,3259.2,20,1,3259.4,20,1,3259.5,20,1
11536,2025-12-30 12:39:32+05:30,3258.7,1,3249.54,945203,111713.0,119781.0,3250.0,3260.5,3239.8,3251.5,43812125,3576.6,2926.4,4322.95,2866.6,3258.7,98,2,3258.5,258,2,3258.4,1,1,3258.2,69,3,3258.1,22,2,3258.9,28,9,3259.0,65,2,3259.3,21,1,3259.6,43,3,3259.8,167,5
11536,2025-12-30 12:39:32+05:30,3258.7,1,3249.54,945203,111713.0,119781.0,3250.0,3260.5,3239.8,3251.5,43812125,3576.6,2926.4,4322.95,2866.6,3258.7,98,2,3258.5,258,2,3258.4,1,1,3258.2,69,3,3258.1,22,2,3258.9,28,9,3259.0,65,2,3259.3,21,1,3259.6,43,3,3259.8,167,5
11536,2025-12-30 12:39:33+05:30,3258.7,7,3249.54,945267,111686.0,119792.0,3250.0,3260.5,3239.8,3251.5,43812125,3576.6,2926.4,4322.95,2866.6,3258.7,37,2,3258.5,258,2,3258.2,69,3,3258.1,22,2,3258.0,429,7,3258.9,29,10,3259.0,65,2,3259.6,43,3,3259.8,167,5,3259.9,113,7
11536,2025-12-30 12:39:33+05:30,3258.7,7,3249.54,945267,111686.0,119792.0,3250.0,3260.5,3239.8,3251.5,43812125,3576.6,2926.4,4322.95,2866.6,3258.7,37,2,3258.5,258,2,3258.2,69,3,3258.1,22,2,3258.0,429,7,3258.9,29,10,3259.0,65,2,3259.6,43,3,3259.8,167,5,3259.9,113,7
11536,2025-12-30 12:39:34+05:30,3258.7,1,3249.54,945308,112188.0,120023.0,3250.0,3260.5,3239.8,3251.5,43812125,3576.6,2926.4,4322.95,2866.6,3258.8,175,1,3258.7,9,1,3258.6,83,1,3258.5,175,1,3258.3,1,1,3258.9,27,10,3259.0,79,3,3259.2,20,1,3259.4,61,3,3259.5,44,2
11536,2025-12-30 12:39:34+05:30,3258.8,30,3249.54,945308,112188.0,120023.0,3250.0,3260.5,3239.8,3251.5,43812125,3576.6,2926.4,4322.95,2866.6,3258.8,175,1,3258.7,9,1,3258.6,83,1,3258.5,175,1,3258.3,1,1,3258.9,27,10,3259.0,79,3,3259.2,20,1,3259.4,61,3,3259.5,44,2
11536,2025-12-30 12:39:35+05:30,3258.9,1,3249.54,945360,112269.0,120068.0,3250.0,3260.5,3239.8,3251.5,43812125,3576.6,2926.4,4322.95,2866.6,3258.8,127,1,3258.6,83,1,3258.5,175,1,3258.3,1,1,3258.2,29,2,3258.9,23,13,3259.0,65,2,3259.4,61,3,3259.5,82,3,3259.6,122,5
11536,2025-12-30 12:39:35+05:30,3258.8,20,3249.54,945360,112269.0,120068.0,3250.0,3260.5,3239.8,3251.5,43812125,3576.6,2926.4,4322.95,2866.6,3258.8,127,1,3258.6,83,1,3258.5,175,1,3258.3,1,1,3258.2,29,2,3258.9,23,13,3259.0,65,2,3259.4,61,3,3259.5,82,3,3259.6,122,5
11536,2025-12-30 12:39:36+05:30,3259.0,1,3249.55,945528,112040.0,118109.0,3250.0,3260.5,3239.8,3251.5,43812125,3576.6,2926.4,4322.95,2866.6,3259.0,56,2,3258.8,83,1,3258.7,500,1,3258.6,104,2,3258.5,251,3,3259.8,134,6,3259.9,52,5,3260.0,626,7,3260.1,1,1,3260.2,109,6
11536,2025-12-30 12:39:36+05:30,3259.0,1,3249.55,945528,112040.0,118109.0,3250.0,3260.5,3239.8,3251.5,43812125,3576.6,2926.4,4322.95,2866.6,3259.0,56,2,3258.8,83,1,3258.7,500,1,3258.6,104,2,3258.5,251,3,3259.8,134,6,3259.9,52,5,3260.0,626,7,3260.1,1,1,3260.2,109,6
11536,2025-12-30 12:39:37+05:30,3259.0,5,3249.55,945584,111971.0,118085.0,3250.0,3260.5,3239.8,3251.5,43812125,3576.6,2926.4,4322.95,2866.6,3258.8,83,1,3258.7,500,1,3258.6,83,1,3258.5,215,2,3258.4,56,2,3259.0,7,3,3259.5,14,1,3259.6,45,1,3259.7,38,1,3259.8,81,5
11536,2025-12-30 12:39:37+05:30,3259.0,5,3249.55,945584,111971.0,118085.0,3250.0,3260.5,3239.8,3251.5,43812125,3576.6,2926.4,4322.95,2866.6,3258.8,83,1,3258.7,500,1,3258.6,83,1,3258.5,215,2,3258.4,56,2,3259.0,7,3,3259.5,14,1,3259.6,45,1,3259.7,38,1,3259.8,81,5
11536,2025-12-30 12:39:38+05:30,3258.8,43,3249.55,945631,109520.0,117951.0,3250.0,3260.5,3239.8,3251.5,43812125,3576.6,2926.4,4322.95,2866.6,3258.8,104,3,3258.7,625,3,3258.6,137,2,3258.5,329,6,3258.4,65,2,3259.0,13,5,3259.8,76,4,3259.9,34,5,3260.0,597,6,3260.1,39,2
11536,2025-12-30 12:39:38+05:30,3259.0,2,3249.55,945631,109520.0,117951.0,3250.0,3260.5,3239.8,3251.5,43812125,3576.6,2926.4,4322.95,2866.6,3258.8,104,3,3258.7,625,3,3258.6,137,2,3258.5,329,6,3258.4,65,2,3259.0,13,5,3259.8,76,4,3259.9,34,5,3260.0,597,6,3260.1,39,2
11536,2025-12-30 12:39:39+05:30,3258.8,28,3249.55,945702,112500.0,118345.0,3250.0,3260.5,3239.8,3251.5,43812125,3576.6,2926.4,4322.95,2866.6,3258.8,36,2,3258.7,625,3,3258.6,137,2,3258.5,215,2,3258.4,20,1,3259.0,10,8,3259.4,14,1,3259.5,38,1,3259.6,34,2,3259.7,45,1
11536,2025-12-30 12:39:39+05:30,3258.8,28,3249.55,945702,112500.0,118345.0,3250.0,3260.5,3239.8,3251.5,43812125,3576.6,2926.4,4322.95,2866.6,3258.8,36,2,3258.7,625,3,3258.6,137,2,3258.5,215,2,3258.4,20,1,3259.0,10,8,3259.4,14,1,3259.5,38,1,3259.6,34,2,3259.7,45,1
11536,2025-12-30 12:39:40+05:30,3259.6,6,3249.55,945879,113676.0,118518.0,3250.0,3260.5,3239.8,3251.5,43812125,3576.6,2926.4,4322.95,2866.6,3259.0,175,1,3258.8,140,4,3258.7,625,3,3258.6,111,3,3258.5,40,1,3259.9,68,6,3260.0,579,4,3260.1,46,2,3260.2,113,6,3260.3,60,3
11536,2025-12-30 12:39:40+05:30,3259.6,6,3249.55,945879,113676.0,118518.0,3250.0,3260.5,3239.8,3251.5,43812125,3576.6,2926.4,4322.95,2866.6,3259.0,175,1,3258.8,140,4,3258.7,625,3,3258.6,111,3,3258.5,40,1,3259.9,68,6,3260.0,579,4,3260.1,46,2,3260.2,113,6,3260.3,60,3
11536,2025-12-30 12:39:41+05:30,3259.0,1,3249.55,945880,113858.0,118537.0,3250.0,3260.5,3239.8,3251.5,43812125,3576.6,2926.4,4322.95,2866.6,3259.0,174,1,3258.8,140,4,3258.7,625,3,3258.6,111,3,3258.5,40,1,3259.9,79,9,3260.0,624,5,3260.1,1,1,3260.2,113,6,3260.3,68,4
11536,2025-12-30 12:39:41+05:30,3259.0,2,3249.55,945880,113858.0,118537.0,3250.0,3260.5,3239.8,3251.5,43812125,3576.6,2926.4,4322.95,2866.6,3259.0,174,1,3258.8,140,4,3258.7,625,3,3258.6,111,3,3258.5,40,1,3259.9,79,9,3260.0,624,5,3260.1,1,1,3260.2,113,6,3260.3,68,4
11536,2025-12-30 12:39:42+05:30,3259.0,1,3249.55,945883,112219.0,117111.0,3250.0,3260.5,3239.8,3251.5,43812125,3576.6,2926.4,4322.95,2866.6,3259.0,210,3,3258.8,261,7,3258.7,625,3,3258.6,105,3,3258.5,426,5,3259.9,13,5,3260.0,554,3,3260.1,15,2,3260.2,42,4,3260.3,24,2
11536,2025-12-30 12:39:42+05:30,3259.0,14,3249.55,945883,112219.0,117111.0,3250.0,3260.5,3239.8,3251.5,43812125,3576.6,2926.4,4322.95,2866.6,3259.0,210,3,3258.8,261,7,3258.7,625,3,3258.6,105,3,3258.5,426,5,3259.9,13,5,3260.0,554,3,3260.1,15,2,3260.2,42,4,3260.3,24,2
11536,2025-12-30 12:39:43+05:30,3259.0,111,3249.55,946054,111578.0,117593.0,3250.0,3260.5,3239.8,3251.5,43812125,3576.6,2926.4,4322.95,2866.6,3259.0,113,3,3258.9,45,1,3258.8,140,4,3258.7,661,4,3258.6,113,3,3259.9,15,6,3260.0,567,4,3260.1,15,2,3260.2,42,4,3260.3,33,3
11536,2025-12-30 12:39:43+05:30,3259.0,33,3249.55,946054,111578.0,117593.0,3250.0,3260.5,3239.8,3251.5,43812125,3576.6,2926.4,4322.95,2866.6,3259.0,113,3,3258.9,45,1,3258.8,140,4,3258.7,661,4,3258.6,113,3,3259.9,15,6,3260.0,567,4,3260.1,15,2,3260.2,42,4,3260.3,33,3
11536,2025-12-30 12:39:44+05:30,3259.9,5,3249.55,946098,111316.0,117969.0,3250.0,3260.5,3239.8,3251.5,43812125,3576.6,2926.4,4322.95,2866.6,3259.0,79,3,3258.8,180,5,3258.7,661,4,3258.6,75,2,3258.5,69,3,3259.9,95,11,3260.0,576,4,3260.1,15,2,3260.2,42,4,3260.3,73,4
11536,2025-12-30 12:39:44+05:30,3259.9,5,3249.55,946098,111316.0,117969.0,3250.0,3260.5,3239.8,3251.5,43812125,3576.6,2926.4,4322.95,2866.6,3259.0,79,3,3258.8,180,5,3258.7,661,4,3258.6,75,2,3258.5,69,3,3259.9,95,11,3260.0,576,4,3260.1,15,2,3260.2,42,4,3260.3,73,4
11536,2025-12-30 12:39:45+05:30,3259.9,1,3249.55,946121,111499.0,118145.0,3250.0,3260.5,3239.8,3251.5,43812125,3576.6,2926.4,4322.95,2866.6,3259.0,65,2,3258.8,140,4,3258.7,625,3,3258.6,111,3,3258.5,79,4,3259.9,96,14,3260.0,576,4,3260.1,15,2,3260.2,42,4,3260.3,165,5
11536,2025-12-30 12:39:45+05:30,3259.0,22,3249.55,946121,111499.0,118145.0,3250.0,3260.5,3239.8,3251.5,43812125,3576.6,2926.4,4322.95,2866.6,3259.0,65,2,3258.8,140,4,3258.7,625,3,3258.6,111,3,3258.5,79,4,3259.9,96,14,3260.0,576,4,3260.1,15,2,3260.2,42,4,3260.3,165,5
11536,2025-12-30 12:39:46+05:30,3259.9,1,3249.55,946176,112519.0,118149.0,3250.0,3260.5,3239.8,3251.5,43812125,3576.6,2926.4,4322.95,2866.6,3259.2,175,1,3259.0,113,3,3258.8,57,3,3258.7,701,5,3258.6,84,3,3259.9,84,13,3260.0,576,4,3260.1,15,2,3260.2,42,4,3260.3,64,3
11536,2025-12-30 12:39:46+05:30,3259.2,4,3249.55,946176,112519.0,118149.0,3250.0,3260.5,3239.8,3251.5,43812125,3576.6,2926.4,4322.95,2866.6,3259.2,175,1,3259.0,113,3,3258.8,57,3,3258.7,701,5,3258.6,84,3,3259.9,84,13,3260.0,576,4,3260.1,15,2,3260.2,42,4,3260.3,64,3
11536,2025-12-30 12:39:47+05:30,3259.2,6,3249.55,946337,112043.0,118402.0,3250.0,3260.5,3239.8,3251.5,43812125,3576.6,2926.4,4322.95,2866.6,3259.2,59,1,3259.0,113,3,3258.8,97,4,3258.7,679,5,3258.6,75,2,3259.9,27,10,3260.0,621,5,3260.1,15,2,3260.2,68,5,3260.3,91,4
11536,2025-12-30 12:39:47+05:30,3259.2,9,3249.55,946337,112043.0,118402.0,3250.0,3260.5,3239.8,3251.5,43812125,3576.6,2926.4,4322.95,2866.6,3259.2,59,1,3259.0,113,3,3258.8,97,4,3258.7,679,5,3258.6,75,2,3259.9,27,10,3260.0,621,5,3260.1,15,2,3260.2,68,5,3260.3,91,4
11536,2025-12-30 12:39:48+05:30,3259.2,4,3249.55,946358,110823.0,117866.0,3250.0,3260.5,3239.8,3251.5,43812125,3576.6,2926.4,4322.95,2866.6,3259.2,41,2,3259.0,134,4,3258.8,97,4,3258.7,679,5,3258.6,103,3,3259.9,28,11,3260.0,554,3,3260.1,40,3,3260.2,65,4,3260.3,51,3
11536,2025-12-30 12:39:48+05:30,3259.2,4,3249.55,946358,110823.0,117866.0,3250.0,3260.5,3239.8,3251.5,43812125,3576.6,2926.4,4322.95,2866.6,3259.2,41,2,3259.0,134,4,3258.8,97,4,3258.7,679,5,3258.6,103,3,3259.9,28,11,3260.0,554,3,3260.1,40,3,3260.2,65,4,3260.3,51,3
11536,2025-12-30 12:39:49+05:30,3259.0,1,3249.56,946556,112955.0,117382.0,3250.0,3260.5,3239.8,3251.5,43812125,3576.6,2926.4,4322.95,2866.6,3259.0,122,3,3258.8,158,6,3258.7,646,5,3258.6,384,3,3258.5,53,3,3260.0,543,5,3260.1,15,2,3260.2,84,4,3260.3,51,4,3260.4,71,5
11536,2025-12-30 12:39:49+05:30,3259.0,1,3249.56,946556,112955.0,117382.0,3250.0,3260.5,3239.8,3251.5,43812125,3576.6,2926.4,4322.95,2866.6,3259.0,122,3,3258.8,158,6,3258.7,646,5,3258.6,384,3,3258.5,53,3,3260.0,543,5,3260.1,15,2,3260.2,84,4,3260.3,51,4,3260.4,71,5
11536,2025-12-30 12:39:50+05:30,3260.0,1,3249.56,946557,113505.0,117560.0,3250.0,3260.5,3239.8,3251.5,43812125,3576.6,2926.4,4322.95,2866.6,3259.2,175,1,3259.0,122,3,3258.8,158,6,3258.7,646,5,3258.6,384,3,3260.0,609,9,3260.1,23,2,3260.2,39,3,3260.3,42,3,3260.4,71,5
11536,2025-12-30 12:39:50+05:30,3260.0,1,3249.56,946557,113505.0,117560.0,3250.0,3260.5,3239.8,3251.5,43812125,3576.6,2926.4,4322.95,2866.6,3259.2,175,1,3259.0,122,3,3258.8,158,6,3258.7,646,5,3258.6,384,3,3260.0,609,9,3260.1,23,2,3260.2,39,3,3260.3,42,3,3260.4,71,5
11536,2025-12-30 12:39:51+05:30,3260.0,1,3249.56,946603,113455.0,117618.0,3250.0,3260.5,3239.8,3251.5,43812125,3576.6,2926.4,4322.95,2866.6,3259.2,130,1,3259.0,122,3,3258.8,122,5,3258.7,713,7,3258.6,384,3,3260.0,606,10,3260.1,23,2,3260.2,20,2,3260.3,42,3,3260.4,71,5
11536,2025-12-30 12:39:51+05:30,3259.2,14,3249.56,946603,113455.0,117618.0,3250.0,3260.5,3239.8,3251.5,43812125,3576.6,2926.4,4322.95,2866.6,3259.2,130,1,3259.0,122,3,3258.8,122,5,3258.7,713,7,3258.6,384,3,3260.0,606,10,3260.1,23,2,3260.2,20,2,3260.3,42,3,3260.4,71,5
11536,2025-12-30 12:39:52+05:30,3259.3,10,3249.56,946666,114256.0,117419.0,3250.0,3260.5,3239.8,3251.5,43812125,3576.6,2926.4,4322.95,2866.6,3259.3,74,1,3259.1,83,1,3259.0,39,2,3258.8,158,6,3258.7,677,6,3259.9,9,1,3260.0,531,7,3260.1,1,1,3260.2,42,3,3260.3,42,3
11536,2025-12-30 12:39:52+05:30,3259.3,10,3249.56,946666,114256.0,117419.0,3250.0,3260.5,3239.8,3251.5,43812125,3576.6,2926.4,4322.95,2866.6,3259.3,74,1,3259.1,83,1,3259.0,39,2,3258.8,158,6,3258.7,677,6,3259.9,9,1,3260.0,531,7,3260.1,1,1,3260.2,42,3,3260.3,42,3
11536,2025-12-30 12:39:53+05:30,3259.3,14,3249.56,946666,114256.0,117419.0,3250.0,3260.5,3239.8,3251.5,43812125,3576.6,2926.4,4322.95,2866.6,3259.3,74,1,3259.1,83,1,3259.0,39,2,3258.8,158,6,3258.7,677,6,3259.9,9,1,3260.0,531,7,3260.1,1,1,3260.2,42,3,3260.3,42,3
11536,2025-12-30 12:39:53+05:30,3259.3,14,3249.56,946680,114202.0,117568.0,3250.0,3260.5,3239.8,3251.5,43812125,3576.6,2926.4,4322.95,2866.6,3259.3,114,2,3259.1,137,2,3259.0,39,2,3258.8,122,5,3258.7,571,5,3259.9,41,7,3260.0,546,6,3260.1,1,1,3260.2,88,4,3260.3,42,3
11536,2025-12-30 12:39:54+05:30,3259.3,9,3249.56,946680,114202.0,117568.0,3250.0,3260.5,3239.8,3251.5,43812125,3576.6,2926.4,4322.95,2866.6,3259.3,114,2,3259.1,137,2,3259.0,39,2,3258.8,122,5,3258.7,571,5,3259.9,41,7,3260.0,546,6,3260.1,1,1,3260.2,88,4,3260.3,42,3
11536,2025-12-30 12:39:54+05:30,3259.3,13,3249.56,946709,112907.0,117683.0,3250.0,3260.5,3239.8,3251.5,43812125,3576.6,2926.4,4322.95,2866.6,3259.3,102,4,3259.2,1,1,3259.1,137,2,3259.0,539,3,3258.9,76,2,3259.9,12,6,3260.0,520,3,3260.1,35,3,3260.2,66,4,3260.3,18,2
11536,2025-12-30 12:39:55+05:30,3259.9,1,3249.56,946709,112907.0,117683.0,3250.0,3260.5,3239.8,3251.5,43812125,3576.6,2926.4,4322.95,2866.6,3259.3,102,4,3259.2,1,1,3259.1,137,2,3259.0,539,3,3258.9,76,2,3259.9,12,6,3260.0,520,3,3260.1,35,3,3260.2,66,4,3260.3,18,2
11536,2025-12-30 12:39:55+05:30,3259.3,8,3249.56,946729,112891.0,117782.0,3250.0,3260.5,3239.8,3251.5,43812125,3576.6,2926.4,4322.95,2866.6,3259.3,86,4,3259.2,1,1,3259.1,137,2,3259.0,539,3,3258.9,40,1,3259.9,36,12,3260.0,537,4,3260.1,35,3,3260.2,112,5,3260.3,18,2
11536,2025-12-30 12:39:56+05:30,3259.3,2,3249.56,946729,112891.0,117782.0,3250.0,3260.5,3239.8,3251.5,43812125,3576.6,2926.4,4322.95,2866.6,3259.3,86,4,3259.2,1,1,3259.1,137,2,3259.0,539,3,3258.9,40,1,3259.9,36,12,3260.0,537,4,3260.1,35,3,3260.2,112,5,3260.3,18,2
11536,2025-12-30 12:39:56+05:30,3259.3,2,3249.56,946739,113057.0,116388.0,3250.0,3260.5,3239.8,3251.5,43812125,3576.6,2926.4,4322.95,2866.6,3259.3,76,3,3259.2,1,1,3259.1,312,3,3259.0,540,4,3258.9,76,2,3259.9,38,14,3260.0,524,3,3260.1,35,3,3260.2,112,5,3260.3,18,2
11536,2025-12-30 12:39:57+05:30,3259.3,1,3249.56,946739,113057.0,116388.0,3250.0,3260.5,3239.8,3251.5,43812125,3576.6,2926.4,4322.95,2866.6,3259.3,76,3,3259.2,1,1,3259.1,312,3,3259.0,540,4,3258.9,76,2,3259.9,38,14,3260.0,524,3,3260.1,35,3,3260.2,112,5,3260.3,18,2
11536,2025-12-30 12:39:57+05:30,3259.3,1,3249.56,946828,113204.0,117781.0,3250.0,3260.5,3239.8,3251.5,43812125,3576.6,2926.4,4322.95,2866.6,3259.3,179,2,3259.2,1,1,3259.1,312,3,3259.0,540,4,3258.9,76,2,3259.9,51,16,3260.0,524,3,3260.1,35,3,3260.2,112,5,3260.3,18,2
11536,2025-12-30 12:39:58+05:30,3259.3,2,3249.56,946828,113204.0,117781.0,3250.0,3260.5,3239.8,3251.5,43812125,3576.6,2926.4,4322.95,2866.6,3259.3,179,2,3259.2,1,1,3259.1,312,3,3259.0,540,4,3258.9,76,2,3259.9,51,16,3260.0,524,3,3260.1,35,3,3260.2,112,5,3260.3,18,2
11536,2025-12-30 12:39:58+05:30,3259.3,2,3249.56,946839,114356.0,117233.0,3250.0,3260.5,3239.8,3251.5,43812125,3576.6,2926.4,4322.95,2866.6,3259.3,224,5,3259.2,1,1,3259.1,329,4,3259.0,540,4,3258.9,76,2,3259.9,35,14,3260.0,524,3,3260.1,23,2,3260.2,47,3,3260.3,18,2
11536,2025-12-30 12:39:59+05:30,3260.0,17,3249.56,946839,114356.0,117233.0,3250.0,3260.5,3239.8,3251.5,43812125,3576.6,2926.4,4322.95,2866.6,3259.3,224,5,3259.2,1,1,3259.1,329,4,3259.0,540,4,3258.9,76,2,3259.9,35,14,3260.0,524,3,3260.1,23,2,3260.2,47,3,3260.3,18,2
11536,2025-12-30 12:39:59+05:30,3260.0,17,3249.56,946959,113374.0,117336.0,3250.0,3260.5,3239.8,3251.5,43812125,3576.6,2926.4,4322.95,2866.6,3259.3,41,4,3259.2,1,1,3259.1,71,2,3259.0,540,4,3258.8,57,3,3260.0,514,4,3260.1,35,3,3260.2,47,3,3260.3,58,3,3260.4,26,3
11536,2025-12-30 12:40:00+05:30,3260.0,17,3249.56,946959,115154.0,117428.0,3250.0,3260.5,3239.8,3251.5,43812125,3576.6,2926.4,4322.95,2866.6,3259.3,46,5,3259.2,1,1,3259.1,71,2,3259.0,540,4,3258.8,93,4,3260.0,513,5,3260.1,23,2,3260.2,28,2,3260.3,77,4,3260.4,5,2
11536,2025-12-30 12:40:01+05:30,3260.0,1,3249.56,946959,115154.0,117428.0,3250.0,3260.5,3239.8,3251.5,43812125,3576.6,2926.4,4322.95,2866.6,3259.3,46,5,3259.2,1,1,3259.1,71,2,3259.0,540,4,3258.8,93,4,3260.0,513,5,3260.1,23,2,3260.2,28,2,3260.3,77,4,3260.4,5,2
11536,2025-12-30 12:40:01+05:30,3259.3,1,3249.56,946990,115127.0,117650.0,3250.0,3260.5,3239.8,3251.5,43812125,3576.6,2926.4,4322.95,2866.6,3259.3,19,5,3259.2,1,1,3259.1,71,2,3259.0,540,4,3258.8,93,4,3260.0,518,7,3260.1,23,2,3260.2,95,4,3260.3,77,4,3260.4,25,3
11536,2025-12-30 12:40:02+05:30,3260.0,1,3249.56,946990,115127.0,117650.0,3250.0,3260.5,3239.8,3251.5,43812125,3576.6,2926.4,4322.95,2866.6,3259.3,19,5,3259.2,1,1,3259.1,71,2,3259.0,540,4,3258.8,93,4,3260.0,518,7,3260.1,23,2,3260.2,95,4,3260.3,77,4,3260.4,25,3
11536,2025-12-30 12:40:02+05:30,3260.0,1,3249.56,947016,115104.0,117891.0,3250.0,3260.5,3239.8,3251.5,43812125,3576.6,2926.4,4322.95,2866.6,3259.3,10,3,3259.2,1,1,3259.1,71,2,3259.0,540,4,3258.8,93,4,3259.9,89,1,3260.0,514,8,3260.1,23,2,3260.2,95,4,3260.3,77,4
11536,2025-12-30 12:40:03+05:30,3260.0,1,3249.56,947016,115104.0,117891.0,3250.0,3260.5,3239.8,3251.5,43812125,3576.6,2926.4,4322.95,2866.6,3259.3,10,3,3259.2,1,1,3259.1,71,2,3259.0,540,4,3258.8,93,4,3259.9,89,1,3260.0,514,8,3260.1,23,2,3260.2,95,4,3260.3,77,4
11536,2025-12-30 12:40:03+05:30,3259.3,4,3249.56,947030,115104.0,117909.0,3250.0,3260.5,3239.8,3251.5,43812125,3576.6,2926.4,4322.95,2866.6,3259.3,10,3,3259.2,1,1,3259.1,71,2,3259.0,540,4,3258.8,57,3,3259.9,128,6,3260.0,530,6,3260.1,35,3,3260.2,95,4,3260.3,77,4
11536,2025-12-30 12:40:04+05:30,3259.3,4,3249.56,947030,115104.0,117909.0,3250.0,3260.5,3239.8,3251.5,43812125,3576.6,2926.4,4322.95,2866.6,3259.3,10,3,3259.2,1,1,3259.1,71,2,3259.0,540,4,3258.8,57,3,3259.9,128,6,3260.0,530,6,3260.1,35,3,3260.2,95,4,3260.3,77,4
11536,2025-12-30 12:40:05+05:30,3259.9,1,3249.56,947049,115446.0,118021.0,3250.0,3260.5,3239.8,3251.5,43812125,3576.6,2926.4,4322.95,2866.6,3259.3,5,3,3259.2,1,1,3259.1,71,2,3259.0,698,5,3258.8,351,6,3259.9,95,5,3260.0,503,3,3260.1,23,2,3260.2,95,4,3260.3,65,4
11536,2025-12-30 12:40:05+05:30,3259.9,1,3249.56,947049,115446.0,118021.0,3250.0,3260.5,3239.8,3251.5,43812125,3576.6,2926.4,4322.95,2866.6,3259.3,5,3,3259.2,1,1,3259.1,71,2,3259.0,698,5,3258.8,351,6,3259.9,95,5,3260.0,503,3,3260.1,23,2,3260.2,95,4,3260.3,65,4
11536,2025-12-30 12:40:06+05:30,3259.3,4,3249.56,947059,113029.0,118191.0,3250.0,3260.5,3239.8,3251.5,43812125,3576.6,2926.4,4322.95,2866.6,3259.3,5,2,3259.2,1,1,3259.1,71,2,3259.0,698,5,3258.8,351,6,3259.9,103,8,3260.0,551,4,3260.1,35,3,3260.2,69,5,3260.3,46,3
11536,2025-12-30 12:40:06+05:30,3259.3,6,3249.56,947059,113029.0,118191.0,3250.0,3260.5,3239.8,3251.5,43812125,3576.6,2926.4,4322.95,2866.6,3259.3,5,2,3259.2,1,1,3259.1,71,2,3259.0,698,5,3258.8,351,6,3259.9,103,8,3260.0,551,4,3260.1,35,3,3260.2,69,5,3260.3,46,3
11536,2025-12-30 12:40:06+05:30,3259.3,2,3249.56,947097,116213.0,116738.0,3250.0,3260.5,3239.8,3251.5,43812125,3576.6,2926.4,4322.95,2866.6,3259.2,1,1,3259.1,71,2,3259.0,677,4,3258.9,40,2,3258.8,413,8,3259.3,11,3,3259.9,89,6,3260.0,509,4,3260.1,35,3,3260.2,51,4
11536,2025-12-30 12:40:07+05:30,3259.2,3,3249.56,947097,116213.0,116738.0,3250.0,3260.5,3239.8,3251.5,43812125,3576.6,2926.4,4322.95,2866.6,3259.2,1,1,3259.1,71,2,3259.0,677,4,3258.9,40,2,3258.8,413,8,3259.3,11,3,3259.9,89,6,3260.0,509,4,3260.1,35,3,3260.2,51,4
11536,2025-12-30 12:40:08+05:30,3259.1,3,3249.56,947111,116323.0,118077.0,3250.0,3260.5,3239.8,3251.5,43812125,3576.6,2926.4,4322.95,2866.6,3259.1,64,3,3259.0,805,6,3258.9,49,2,3258.8,414,8,3258.7,591,5,3259.2,4,4,3259.3,11,3,3259.9,86,3,3260.0,509,4,3260.1,35,3
11536,2025-12-30 12:40:08+05:30,3259.2,1,3249.56,947111,116323.0,118077.0,3250.0,3260.5,3239.8,3251.5,43812125,3576.6,2926.4,4322.95,2866.6,3259.1,64,3,3259.0,805,6,3258.9,49,2,3258.8,414,8,3258.7,591,5,3259.2,4,4,3259.3,11,3,3259.9,86,3,3260.0,509,4,3260.1,35,3
11536,2025-12-30 12:40:09+05:30,3259.2,2,3249.56,947207,116100.0,117897.0,3250.0,3260.5,3239.8,3251.5,43812125,3576.6,2926.4,4322.95,2866.6,3259.2,308,1,3259.1,60,3,3259.0,805,6,3258.9,85,3,3258.8,346,6,3259.3,3,3,3259.9,84,1,3260.0,509,4,3260.1,1,1,3260.2,24,3
11536,2025-12-30 12:40:09+05:30,3259.2,2,3249.56,947207,116100.0,117897.0,3250.0,3260.5,3239.8,3251.5,43812125,3576.6,2926.4,4322.95,2866.6,3259.2,308,1,3259.1,60,3,3259.0,805,6,3258.9,85,3,3258.8,346,6,3259.3,3,3,3259.9,84,1,3260.0,509,4,3260.1,1,1,3260.2,24,3
11536,2025-12-30 12:40:10+05:30,3259.2,7,3249.56,947216,116125.0,116811.0,3250.0,3260.5,3239.8,3251.5,43812125,3576.6,2926.4,4322.95,2866.6,3259.2,312,2,3259.1,60,3,3259.0,805,6,3258.9,85,3,3258.8,346,6,3259.3,8,5,3259.9,84,1,3260.0,509,4,3260.1,1,1,3260.2,24,3
11536,2025-12-30 12:40:10+05:30,3259.2,7,3249.56,947216,116125.0,116811.0,3250.0,3260.5,3239.8,3251.5,43812125,3576.6,2926.4,4322.95,2866.6,3259.2,312,2,3259.1,60,3,3259.0,805,6,3258.9,85,3,3258.8,346,6,3259.3,8,5,3259.9,84,1,3260.0,509,4,3260.1,1,1,3260.2,24,3
11536,2025-12-30 12:40:11+05:30,3259.2,4,3249.56,947221,116149.0,118246.0,3250.0,3260.5,3239.8,3251.5,43812125,3576.6,2926.4,4322.95,2866.6,3259.2,313,3,3259.1,218,4,3259.0,647,5,3258.9,343,5,3258.8,88,4,3259.3,11,8,3259.9,84,1,3260.0,535,6,3260.1,1,1,3260.2,25,3
11536,2025-12-30 12:40:11+05:30,3259.2,3,3249.56,947221,116149.0,118246.0,3250.0,3260.5,3239.8,3251.5,43812125,3576.6,2926.4,4322.95,2866.6,3259.2,313,3,3259.1,218,4,3259.0,647,5,3258.9,343,5,3258.8,88,4,3259.3,11,8,3259.9,84,1,3260.0,535,6,3260.1,1,1,3260.2,25,3
11536,2025-12-30 12:40:12+05:30,3259.2,14,3249.56,947273,116525.0,117880.0,3250.0,3260.5,3239.8,3251.5,43812125,3576.6,2926.4,4322.95,2866.6,3259.2,318,5,3259.1,246,6,3259.0,762,8,3258.9,350,5,3258.8,109,5,3259.3,8,8,3259.9,84,1,3260.0,514,5,3260.1,1,1,3260.2,4,2
11536,2025-12-30 12:40:12+05:30,3259.2,4,3249.56,947273,116525.0,117880.0,3250.0,3260.5,3239.8,3251.5,43812125,3576.6,2926.4,4322.95,2866.6,3259.2,318,5,3259.1,246,6,3259.0,762,8,3258.9,350,5,3258.8,109,5,3259.3,8,8,3259.9,84,1,3260.0,514,5,3260.1,1,1,3260.2,4,2
11536,2025-12-30 12:40:13+05:30,3259.2,1,3249.56,947284,116238.0,117548.0,3250.0,3260.5,3239.8,3251.5,43812125,3576.6,2926.4,4322.95,2866.6,3259.2,261,3,3259.1,267,6,3259.0,704,6,3258.9,414,7,3258.8,188,7,3259.3,7,7,3259.9,84,1,3260.0,514,5,3260.1,1,1,3260.2,4,2
11536,2025-12-30 12:40:13+05:30,3259.3,1,3249.56,947284,116238.0,117548.0,3250.0,3260.5,3239.8,3251.5,43812125,3576.6,2926.4,4322.95,2866.6,3259.2,261,3,3259.1,267,6,3259.0,704,6,3258.9,414,7,3258.8,188,7,3259.3,7,7,3259.9,84,1,3260.0,514,5,3260.1,1,1,3260.2,4,2
11536,2025-12-30 12:40:14+05:30,3259.3,1,3249.56,947293,116704.0,117562.0,3250.0,3260.5,3239.8,3251.5,43812125,3576.6,2926.4,4322.95,2866.6,3259.2,303,4,3259.1,244,5,3259.0,676,5,3258.9,414,7,3258.8,138,6,3259.3,10,10,3259.9,84,1,3260.0,514,5,3260.1,1,1,3260.2,4,2
11536,2025-12-30 12:40:14+05:30,3259.2,4,3249.56,947293,116704.0,117562.0,3250.0,3260.5,3239.8,3251.5,43812125,3576.6,2926.4,4322.95,2866.6,3259.2,303,4,3259.1,244,5,3259.0,676,5,3258.9,414,7,3258.8,138,6,3259.3,10,10,3259.9,84,1,3260.0,514,5,3260.1,1,1,3260.2,4,2
11536,2025-12-30 12:40:15+05:30,3259.3,1,3249.56,947310,116396.0,117559.0,3250.0,3260.5,3239.8,3251.5,43812125,3576.6,2926.4,4322.95,2866.6,3259.2,290,4,3259.1,226,4,3259.0,646,4,3258.9,435,8,3258.8,86,4,3259.3,7,7,3259.9,84,1,3260.0,514,5,3260.1,1,1,3260.2,4,2
11536,2025-12-30 12:40:15+05:30,3259.2,1,3249.56,947310,116396.0,117559.0,3250.0,3260.5,3239.8,3251.5,43812125,3576.6,2926.4,4322.95,2866.6,3259.2,290,4,3259.1,226,4,3259.0,646,4,3258.9,435,8,3258.8,86,4,3259.3,7,7,3259.9,84,1,3260.0,514,5,3260.1,1,1,3260.2,4,2
11536,2025-12-30 12:40:16+05:30,3259.2,1,3249.56,947319,116951.0,117554.0,3250.0,3260.5,3239.8,3251.5,43812125,3576.6,2926.4,4322.95,2866.6,3259.2,281,4,3259.1,226,4,3259.0,646,4,3258.9,326,4,3258.8,122,5,3259.3,9,9,3259.9,84,1,3260.0,514,5,3260.1,1,1,3260.2,4,2
11536,2025-12-30 12:40:16+05:30,3259.3,1,3249.56,947319,116951.0,117554.0,3250.0,3260.5,3239.8,3251.5,43812125,3576.6,2926.4,4322.95,2866.6,3259.2,281,4,3259.1,226,4,3259.0,646,4,3258.9,326,4,3258.8,122,5,3259.3,9,9,3259.9,84,1,3260.0,514,5,3260.1,1,1,3260.2,4,2
11536,2025-12-30 12:40:17+05:30,3259.2,77,3249.56,947403,117068.0,116372.0,3250.0,3260.5,3239.8,3251.5,43812125,3576.6,2926.4,4322.95,2866.6,3259.2,367,6,3259.1,59,2,3259.0,932,7,3258.9,114,4,3258.8,86,4,3259.3,10,10,3259.9,87,2,3260.0,514,5,3260.1,1,1,3260.2,25,3
11536,2025-12-30 12:40:17+05:30,3259.2,1,3249.56,947403,117068.0,116372.0,3250.0,3260.5,3239.8,3251.5,43812125,3576.6,2926.4,4322.95,2866.6,3259.2,367,6,3259.1,59,2,3259.0,932,7,3258.9,114,4,3258.8,86,4,3259.3,10,10,3259.9,87,2,3260.0,514,5,3260.1,1,1,3260.2,25,3
11536,2025-12-30 12:40:18+05:30,3259.2,1,3249.56,947412,115004.0,117496.0,3250.0,3260.5,3239.8,3251.5,43812125,3576.6,2926.4,4322.95,2866.6,3259.2,376,8,3259.1,108,5,3259.0,1010,10,3258.9,41,3,3258.8,182,8,3259.3,11,8,3259.9,87,2,3260.0,514,5,3260.1,1,1,3260.2,4,2
11536,2025-12-30 12:40:18+05:30,3259.2,1,3249.56,947412,115004.0,117496.0,3250.0,3260.5,3239.8,3251.5,43812125,3576.6,2926.4,4322.95,2866.6,3259.2,376,8,3259.1,108,5,3259.0,1010,10,3258.9,41,3,3258.8,182,8,3259.3,11,8,3259.9,87,2,3260.0,514,5,3260.1,1,1,3260.2,4,2
11536,2025-12-30 12:40:19+05:30,3259.2,23,3249.57,947442,114537.0,117552.0,3250.0,3260.5,3239.8,3251.5,43812125,3576.6,2926.4,4322.95,2866.6,3259.2,346,8,3259.1,85,4,3259.0,946,8,3258.9,117,5,3258.8,182,8,3259.3,8,7,3259.9,87,2,3260.0,514,5,3260.1,1,1,3260.2,4,2
11536,2025-12-30 12:40:19+05:30,3259.2,1,3249.57,947442,114537.0,117552.0,3250.0,3260.5,3239.8,3251.5,43812125,3576.6,2926.4,4322.95,2866.6,3259.2,346,8,3259.1,85,4,3259.0,946,8,3258.9,117,5,3258.8,182,8,3259.3,8,7,3259.9,87,2,3260.0,514,5,3260.1,1,1,3260.2,4,2
11536,2025-12-30 12:40:20+05:30,3259.2,1,3249.57,947445,114637.0,117431.0,3250.0,3260.5,3239.8,3251.5,43812125,3576.6,2926.4,4322.95,2866.6,3259.2,344,8,3259.1,59,2,3259.0,946,8,3258.9,117,5,3258.8,140,7,3259.3,23,9,3259.9,87,2,3260.0,514,5,3260.1,1,1,3260.2,4,2
11536,2025-12-30 12:40:20+05:30,3259.3,3,3249.57,947445,114637.0,117431.0,3250.0,3260.5,3239.8,3251.5,43812125,3576.6,2926.4,4322.95,2866.6,3259.2,344,8,3259.1,59,2,3259.0,946,8,3258.9,117,5,3258.8,140,7,3259.3,23,9,3259.9,87,2,3260.0,514,5,3260.1,1,1,3260.2,4,2
11536,2025-12-30 12:40:21+05:30,3259.2,1,3249.57,947495,114981.0,117635.0,3250.0,3260.5,3239.8,3251.5,43812125,3576.6,2926.4,4322.95,2866.6,3259.2,327,8,3259.1,59,2,3259.0,939,8,3258.9,48,2,3258.8,98,5,3259.5,126,3,3259.9,87,2,3260.0,514,5,3260.1,1,1,3260.2,76,4
11536,2025-12-30 12:40:21+05:30,3259.2,1,3249.57,947495,114981.0,117635.0,3250.0,3260.5,3239.8,3251.5,43812125,3576.6,2926.4,4322.95,2866.6,3259.2,327,8,3259.1,59,2,3259.0,939,8,3258.9,48,2,3258.8,98,5,3259.5,126,3,3259.9,87,2,3260.0,514,5,3260.1,1,1,3260.2,76,4
11536,2025-12-30 12:40:22+05:30,3259.2,1,3249.57,947496,116074.0,117017.0,3250.0,3260.5,3239.8,3251.5,43812125,3576.6,2926.4,4322.95,2866.6,3259.2,346,9,3259.1,86,3,3259.0,959,9,3258.9,98,4,3258.8,109,6,3259.5,127,4,3259.9,87,2,3260.0,514,5,3260.1,1,1,3260.2,4,2
11536,2025-12-30 12:40:22+05:30,3259.3,15,3249.57,947496,116074.0,117017.0,3250.0,3260.5,3239.8,3251.5,43812125,3576.6,2926.4,4322.95,2866.6,3259.2,346,9,3259.1,86,3,3259.0,959,9,3258.9,98,4,3258.8,109,6,3259.5,127,4,3259.9,87,2,3260.0,514,5,3260.1,1,1,3260.2,4,2
11536,2025-12-30 12:40:23+05:30,3259.5,3,3249.57,947514,116478.0,116964.0,3250.0,3260.5,3239.8,3251.5,43812125,3576.6,2926.4,4322.95,2866.6,3259.3,143,1,3259.2,167,6,3259.1,317,4,3259.0,707,7,3258.9,84,3,3259.5,123,4,3259.9,87,2,3260.0,514,5,3260.1,1,1,3260.2,4,2
11536,2025-12-30 12:40:23+05:30,3259.3,9,3249.57,947514,116478.0,116964.0,3250.0,3260.5,3239.8,3251.5,43812125,3576.6,2926.4,4322.95,2866.6,3259.3,143,1,3259.2,167,6,3259.1,317,4,3259.0,707,7,3258.9,84,3,3259.5,123,4,3259.9,87,2,3260.0,514,5,3260.1,1,1,3260.2,4,2
11536,2025-12-30 12:40:23+05:30,3259.5,10,3249.57,947544,116198.0,114861.0,3250.0,3260.5,3239.8,3251.5,43812125,3576.6,2926.4,4322.95,2866.6,3259.4,124,1,3259.3,4,1,3259.2,425,8,3259.1,59,2,3259.0,707,7,3259.5,115,7,3259.9,87,2,3260.0,514,5,3260.1,52,2,3260.2,1,1
11536,2025-12-30 12:40:24+05:30,3259.5,4,3249.57,947544,116198.0,114861.0,3250.0,3260.5,3239.8,3251.5,43812125,3576.6,2926.4,4322.95,2866.6,3259.4,124,1,3259.3,4,1,3259.2,425,8,3259.1,59,2,3259.0,707,7,3259.5,115,7,3259.9,87,2,3260.0,514,5,3260.1,52,2,3260.2,1,1
11536,2025-12-30 12:40:25+05:30,3259.6,1,3249.57,947811,117700.0,116304.0,3250.0,3260.5,3239.8,3251.5,43812125,3576.6,2926.4,4322.95,2866.6,3259.5,350,2,3259.4,33,2,3259.3,285,4,3259.2,238,9,3259.1,168,6,3259.6,8,2,3259.9,87,2,3260.0,514,5,3260.1,1,1,3260.2,1,1
11536,2025-12-30 12:40:25+05:30,3259.6,1,3249.57,947811,117700.0,116304.0,3250.0,3260.5,3239.8,3251.5,43812125,3576.6,2926.4,4322.95,2866.6,3259.5,350,2,3259.4,33,2,3259.3,285,4,3259.2,238,9,3259.1,168,6,3259.6,8,2,3259.9,87,2,3260.0,514,5,3260.1,1,1,3260.2,1,1
11536,2025-12-30 12:40:26+05:30,3259.5,3,3249.57,947814,118575.0,116179.0,3250.0,3260.5,3239.8,3251.5,43812125,3576.6,2926.4,4322.95,2866.6,3259.5,364,3,3259.4,33,2,3259.3,262,3,3259.2,239,10,3259.1,187,7,3259.6,15,4,3259.9,87,2,3260.0,514,5,3260.1,1,1,3260.2,1,1
11536,2025-12-30 12:40:26+05:30,3259.5,36,3249.57,947814,118575.0,116179.0,3250.0,3260.5,3239.8,3251.5,43812125,3576.6,2926.4,4322.95,2866.6,3259.5,364,3,3259.4,33,2,3259.3,262,3,3259.2,239,10,3259.1,187,7,3259.6,15,4,3259.9,87,2,3260.0,514,5,3260.1,1,1,3260.2,1,1
11536,2025-12-30 12:40:27+05:30,3259.5,38,3249.57,947966,118369.0,116174.0,3250.0,3260.5,3239.8,3251.5,43812125,3576.6,2926.4,4322.95,2866.6,3259.5,212,3,3259.4,14,1,3259.3,262,3,3259.2,210,9,3259.1,125,4,3259.6,11,6,3259.9,87,2,3260.0,514,5,3260.1,1,1,3260.2,1,1
11536,2025-12-30 12:40:27+05:30,3259.5,38,3249.57,947966,118369.0,116174.0,3250.0,3260.5,3239.8,3251.5,43812125,3576.6,2926.4,4322.95,2866.6,3259.5,212,3,3259.4,14,1,3259.3,262,3,3259.2,210,9,3259.1,125,4,3259.6,11,6,3259.9,87,2,3260.0,514,5,3260.1,1,1,3260.2,1,1
11536,2025-12-30 12:40:28+05:30,3259.6,2,3249.57,948107,117619.0,116287.0,3250.0,3260.5,3239.8,3251.5,43812125,3576.6,2926.4,4322.95,2866.6,3259.6,54,1,3259.5,18,2,3259.4,272,3,3259.3,4,1,3259.2,190,8,3259.7,123,1,3259.9,87,2,3260.0,514,5,3260.1,1,1,3260.2,1,1
11536,2025-12-30 12:40:28+05:30,3259.6,2,3249.57,948107,117619.0,116287.0,3250.0,3260.5,3239.8,3251.5,43812125,3576.6,2926.4,4322.95,2866.6,3259.6,54,1,3259.5,18,2,3259.4,272,3,3259.3,4,1,3259.2,190,8,3259.7,123,1,3259.9,87,2,3260.0,514,5,3260.1,1,1,3260.2,1,1
11536,2025-12-30 12:40:29+05:30,3259.6,2,3249.57,948107,117579.0,117085.0,3250.0,3260.5,3239.8,3251.5,43812125,3576.6,2926.4,4322.95,2866.6,3259.6,126,3,3259.5,18,2,3259.4,330,4,3259.3,4,1,3259.2,195,9,3259.7,133,5,3259.9,87,2,3260.0,514,5,3260.1,1,1,3260.2,1,1
11536,2025-12-30 12:40:30+05:30,3259.7,4,3249.57,948306,118054.0,116595.0,3250.0,3260.5,3239.8,3251.5,43812125,3576.6,2926.4,4322.95,2866.6,3259.7,227,3,3259.6,115,4,3259.5,305,5,3259.4,154,6,3259.3,86,3,3259.9,87,2,3260.0,514,5,3260.1,1,1,3260.2,1,1,3260.6,4,1
11536,2025-12-30 12:40:30+05:30,3259.7,4,3249.57,948306,118054.0,116595.0,3250.0,3260.5,3239.8,3251.5,43812125,3576.6,2926.4,4322.95,2866.6,3259.7,227,3,3259.6,115,4,3259.5,305,5,3259.4,154,6,3259.3,86,3,3259.9,87,2,3260.0,514,5,3260.1,1,1,3260.2,1,1,3260.6,4,1
11536,2025-12-30 12:40:31+05:30,3260.0,1,3249.58,948686,117463.0,115719.0,3250.0,3260.5,3239.8,3251.5,43812125,3576.6,2926.4,4322.95,2866.6,3259.9,18,1,3259.7,22,1,3259.6,72,2,3259.5,50,4,3259.4,422,7,3260.0,503,7,3260.1,1,1,3260.2,1,1,3260.6,4,1,3260.7,55,3
11536,2025-12-30 12:40:31+05:30,3260.0,1,3249.58,948686,117463.0,115719.0,3250.0,3260.5,3239.8,3251.5,43812125,3576.6,2926.4,4322.95,2866.6,3259.9,18,1,3259.7,22,1,3259.6,72,2,3259.5,50,4,3259.4,422,7,3260.0,503,7,3260.1,1,1,3260.2,1,1,3260.6,4,1,3260.7,55,3
11536,2025-12-30 12:40:32+05:30,3260.0,2,3249.58,948688,117847.0,116369.0,3250.0,3260.5,3239.8,3251.5,43812125,3576.6,2926.4,4322.95,2866.6,3259.9,18,1,3259.7,22,1,3259.6,72,2,3259.5,72,4,3259.4,391,6,3260.0,502,8,3260.1,1,1,3260.2,1,1,3260.6,4,1,3260.7,55,3
11536,2025-12-30 12:40:32+05:30,3260.0,2,3249.58,948688,117847.0,116369.0,3250.0,3260.5,3239.8,3251.5,43812125,3576.6,2926.4,4322.95,2866.6,3259.9,18,1,3259.7,22,1,3259.6,72,2,3259.5,72,4,3259.4,391,6,3260.0,502,8,3260.1,1,1,3260.2,1,1,3260.6,4,1,3260.7,55,3
11536,2025-12-30 12:40:33+05:30,3259.9,68,3249.58,948688,117847.0,116369.0,3250.0,3260.5,3239.8,3251.5,43812125,3576.6,2926.4,4322.95,2866.6,3259.9,18,1,3259.7,22,1,3259.6,72,2,3259.5,72,4,3259.4,391,6,3260.0,502,8,3260.1,1,1,3260.2,1,1,3260.6,4,1,3260.7,55,3
11536,2025-12-30 12:40:33+05:30,3259.9,10,3249.58,948787,115615.0,116502.0,3250.0,3260.5,3239.8,3251.5,43812125,3576.6,2926.4,4322.95,2866.6,3259.7,22,1,3259.6,100,3,3259.5,71,3,3259.4,440,8,3259.3,4,1,3259.9,2,1,3260.0,489,9,3260.1,1,1,3260.2,1,1,3260.6,4,1
11536,2025-12-30 12:40:34+05:30,3259.7,76,3249.58,948787,115615.0,116502.0,3250.0,3260.5,3239.8,3251.5,43812125,3576.6,2926.4,4322.95,2866.6,3259.7,22,1,3259.6,100,3,3259.5,71,3,3259.4,440,8,3259.3,4,1,3259.9,2,1,3260.0,489,9,3260.1,1,1,3260.2,1,1,3260.6,4,1
11536,2025-12-30 12:40:34+05:30,3259.7,76,3249.58,948864,118017.0,116611.0,3250.0,3260.5,3239.8,3251.5,43812125,3576.6,2926.4,4322.95,2866.6,3259.7,31,2,3259.6,72,2,3259.5,341,5,3259.4,93,3,3259.3,4,1,3259.9,7,3,3260.0,480,7,3260.1,1,1,3260.2,1,1,3260.6,4,1
11536,2025-12-30 12:40:35+05:30,3259.7,17,3249.58,948864,118017.0,116611.0,3250.0,3260.5,3239.8,3251.5,43812125,3576.6,2926.4,4322.95,2866.6,3259.7,31,2,3259.6,72,2,3259.5,341,5,3259.4,93,3,3259.3,4,1,3259.9,7,3,3260.0,480,7,3260.1,1,1,3260.2,1,1,3260.6,4,1
11536,2025-12-30 12:40:35+05:30,3259.7,27,3249.58,948912,118035.0,116587.0,3250.0,3260.5,3239.8,3251.5,43812125,3576.6,2926.4,4322.95,2866.6,3259.7,22,1,3259.6,72,2,3259.5,339,6,3259.4,121,4,3259.3,18,2,3259.9,8,4,3260.0,479,6,3260.1,1,1,3260.2,1,1,3260.6,4,1
11536,2025-12-30 12:40:36+05:30,3260.0,175,3249.58,948912,118035.0,116587.0,3250.0,3260.5,3239.8,3251.5,43812125,3576.6,2926.4,4322.95,2866.6,3259.7,22,1,3259.6,72,2,3259.5,339,6,3259.4,121,4,3259.3,18,2,3259.9,8,4,3260.0,479,6,3260.1,1,1,3260.2,1,1,3260.6,4,1
11536,2025-12-30 12:40:36+05:30,3260.0,175,3249.58,949175,118462.0,115339.0,3250.0,3260.5,3239.8,3251.5,43812125,3576.6,2926.4,4322.95,2866.6,3259.9,89,1,3259.7,336,6,3259.6,135,4,3259.5,154,5,3259.4,180,6,3260.0,311,6,3260.1,1,1,3260.2,1,1,3260.6,4,1,3260.7,3,2
11536,2025-12-30 12:40:37+05:30,3260.0,7,3249.58,949175,118462.0,115339.0,3250.0,3260.5,3239.8,3251.5,43812125,3576.6,2926.4,4322.95,2866.6,3259.9,89,1,3259.7,336,6,3259.6,135,4,3259.5,154,5,3259.4,180,6,3260.0,311,6,3260.1,1,1,3260.2,1,1,3260.6,4,1,3260.7,3,2
11536,2025-12-30 12:40:37+05:30,3260.0,7,3249.59,949715,118269.0,115187.0,3250.0,3260.5,3239.8,3251.5,43812125,3576.6,2926.4,4322.95,2866.6,3260.0,43,1,3259.9,184,2,3259.7,407,7,3259.6,147,5,3259.5,144,4,3260.1,1,1,3260.2,1,1,3260.6,4,1,3260.7,3,2,3260.8,3,1
11536,2025-12-30 12:40:38+05:30,3260.0,7,3249.59,949715,118163.0,115303.0,3250.0,3260.5,3239.8,3251.5,43812125,3576.6,2926.4,4322.95,2866.6,3260.0,44,2,3259.9,184,2,3259.7,407,7,3259.6,203,7,3259.5,144,4,3260.1,26,3,3260.2,1,1,3260.6,4,1,3260.7,3,2,3260.8,3,1
11536,2025-12-30 12:40:39+05:30,3260.1,11,3249.59,949715,118163.0,115303.0,3250.0,3260.5,3239.8,3251.5,43812125,3576.6,2926.4,4322.95,2866.6,3260.0,44,2,3259.9,184,2,3259.7,407,7,3259.6,203,7,3259.5,144,4,3260.1,26,3,3260.2,1,1,3260.6,4,1,3260.7,3,2,3260.8,3,1
11536,2025-12-30 12:40:39+05:30,3260.1,11,3249.59,949728,118174.0,115350.0,3250.0,3260.5,3239.8,3251.5,43812125,3576.6,2926.4,4322.95,2866.6,3260.0,88,3,3259.9,184,2,3259.7,331,5,3259.6,215,6,3259.5,144,4,3260.1,27,4,3260.2,1,1,3260.6,4,1,3260.7,3,2,3260.8,3,1
11536,2025-12-30 12:40:40+05:30,3261.0,30,3249.59,949728,118174.0,115350.0,3250.0,3260.5,3239.8,3251.5,43812125,3576.6,2926.4,4322.95,2866.6,3260.0,88,3,3259.9,184,2,3259.7,331,5,3259.6,215,6,3259.5,144,4,3260.1,27,4,3260.2,1,1,3260.6,4,1,3260.7,3,2,3260.8,3,1
11536,2025-12-30 12:40:40+05:30,3261.0,30,3249.6,950274,118456.0,114421.0,3250.0,3261.3,3239.8,3251.5,43812125,3576.6,2926.4,4322.95,2866.6,3261.0,70,1,3260.4,21,1,3260.2,119,4,3260.1,86,3,3260.0,1070,8,3261.4,186,15,3261.5,63,4,3261.6,59,3,3261.7,74,5,3261.8,69,3
11536,2025-12-30 12:40:41+05:30,3261.0,30,3249.6,950274,118450.0,114553.0,3250.0,3261.3,3239.8,3251.5,43812125,3576.6,2926.4,4322.95,2866.6,3261.0,70,1,3260.4,21,1,3260.2,79,3,3260.1,86,3,3260.0,1070,8,3261.2,1,1,3261.4,149,12,3261.5,63,4,3261.6,39,2,3261.7,88,4
11536,2025-12-30 12:40:42+05:30,3260.1,15,3249.6,950274,118450.0,114553.0,3250.0,3261.3,3239.8,3251.5,43812125,3576.6,2926.4,4322.95,2866.6,3261.0,70,1,3260.4,21,1,3260.2,79,3,3260.1,86,3,3260.0,1070,8,3261.2,1,1,3261.4,149,12,3261.5,63,4,3261.6,39,2,3261.7,88,4
11536,2025-12-30 12:40:42+05:30,3261.0,4,3249.6,950363,115739.0,114728.0,3250.0,3261.3,3239.8,3251.5,43812125,3576.6,2926.4,4322.95,2866.6,3260.0,742,7,3259.9,28,2,3259.8,428,6,3259.7,44,4,3259.6,480,6,3261.0,21,4,3261.2,23,4,3261.3,60,2,3261.4,119,8,3261.5,29,1
11536,2025-12-30 12:40:43+05:30,3260.0,4,3249.6,950363,115739.0,114728.0,3250.0,3261.3,3239.8,3251.5,43812125,3576.6,2926.4,4322.95,2866.6,3260.0,742,7,3259.9,28,2,3259.8,428,6,3259.7,44,4,3259.6,480,6,3261.0,21,4,3261.2,23,4,3261.3,60,2,3261.4,119,8,3261.5,29,1
11536,2025-12-30 12:40:43+05:30,3260.0,4,3249.6,950489,115651.0,114986.0,3250.0,3261.3,3239.8,3251.5,43812125,3576.6,2926.4,4322.95,2866.6,3260.0,522,3,3259.9,56,3,3259.8,422,5,3259.7,24,2,3259.6,480,6,3261.0,25,9,3261.1,17,1,3261.2,106,7,3261.3,9,1,3261.4,98,5
11536,2025-12-30 12:40:44+05:30,3260.0,14,3249.6,950489,115651.0,114986.0,3250.0,3261.3,3239.8,3251.5,43812125,3576.6,2926.4,4322.95,2866.6,3260.0,522,3,3259.9,56,3,3259.8,422,5,3259.7,24,2,3259.6,480,6,3261.0,25,9,3261.1,17,1,3261.2,106,7,3261.3,9,1,3261.4,98,5
11536,2025-12-30 12:40:44+05:30,3260.0,14,3249.6,950627,114772.0,115065.0,3250.0,3261.3,3239.8,3251.5,43812125,3576.6,2926.4,4322.95,2866.6,3260.0,475,3,3259.9,20,2,3259.8,548,7,3259.7,24,2,3259.6,480,6,3261.0,58,12,3261.1,77,2,3261.2,34,3,3261.3,30,2,3261.4,107,5
11536,2025-12-30 12:40:45+05:30,3260.0,31,3249.6,950627,114772.0,115065.0,3250.0,3261.3,3239.8,3251.5,43812125,3576.6,2926.4,4322.95,2866.6,3260.0,475,3,3259.9,20,2,3259.8,548,7,3259.7,24,2,3259.6,480,6,3261.0,58,12,3261.1,77,2,3261.2,34,3,3261.3,30,2,3261.4,107,5
11536,2025-12-30 12:40:45+05:30,3260.0,31,3249.6,950679,117609.0,115006.0,3250.0,3261.3,3239.8,3251.5,43812125,3576.6,2926.4,4322.95,2866.6,3260.0,426,3,3259.9,20,2,3259.8,512,6,3259.7,57,2,3259.6,480,6,3261.0,41,14,3261.1,51,1,3261.2,33,2,3261.3,31,3,3261.4,107,5
11536,2025-12-30 12:40:46+05:30,3260.0,14,3249.6,950679,117609.0,115006.0,3250.0,3261.3,3239.8,3251.5,43812125,3576.6,2926.4,4322.95,2866.6,3260.0,426,3,3259.9,20,2,3259.8,512,6,3259.7,57,2,3259.6,480,6,3261.0,41,14,3261.1,51,1,3261.2,33,2,3261.3,31,3,3261.4,107,5
11536,2025-12-30 12:40:46+05:30,3260.0,14,3249.6,950753,115131.0,116112.0,3250.0,3261.3,3239.8,3251.5,43812125,3576.6,2926.4,4322.95,2866.6,3260.0,187,2,3259.9,11,1,3259.8,112,2,3259.7,48,2,3259.6,93,3,3260.9,103,7,3261.0,45,11,3261.1,26,1,3261.2,103,4,3261.3,22,2
11536,2025-12-30 12:40:47+05:30,3260.0,4,3249.6,950753,115131.0,116112.0,3250.0,3261.3,3239.8,3251.5,43812125,3576.6,2926.4,4322.95,2866.6,3260.0,187,2,3259.9,11,1,3259.8,112,2,3259.7,48,2,3259.6,93,3,3260.9,103,7,3261.0,45,11,3261.1,26,1,3261.2,103,4,3261.3,22,2
11536,2025-12-30 12:40:47+05:30,3260.0,9,3249.6,950849,115407.0,116169.0,3250.0,3261.3,3239.8,3251.5,43812125,3576.6,2926.4,4322.95,2866.6,3260.0,612,3,3259.9,11,1,3259.8,112,2,3259.7,84,3,3259.6,93,3,3260.9,117,14,3261.0,27,6,3261.1,26,1,3261.2,103,4,3261.3,29,3
11536,2025-12-30 12:40:48+05:30,3260.0,6,3249.6,950849,115407.0,116169.0,3250.0,3261.3,3239.8,3251.5,43812125,3576.6,2926.4,4322.95,2866.6,3260.0,612,3,3259.9,11,1,3259.8,112,2,3259.7,84,3,3259.6,93,3,3260.9,117,14,3261.0,27,6,3261.1,26,1,3261.2,103,4,3261.3,29,3
11536,2025-12-30 12:40:48+05:30,3260.0,7,3249.6,950885,115398.0,116188.0,3250.0,3261.3,3239.8,3251.5,43812125,3576.6,2926.4,4322.95,2866.6,3260.0,603,5,3259.9,11,1,3259.8,148,3,3259.7,48,2,3259.6,93,3,3260.9,114,15,3261.0,22,2,3261.1,43,2,3261.2,103,4,3261.3,29,3
11536,2025-12-30 12:40:49+05:30,3260.0,24,3249.6,950885,115398.0,116188.0,3250.0,3261.3,3239.8,3251.5,43812125,3576.6,2926.4,4322.95,2866.6,3260.0,603,5,3259.9,11,1,3259.8,148,3,3259.7,48,2,3259.6,93,3,3260.9,114,15,3261.0,22,2,3261.1,43,2,3261.2,103,4,3261.3,29,3
11536,2025-12-30 12:40:49+05:30,3260.0,24,3249.6,950927,115326.0,116285.0,3250.0,3261.3,3239.8,3251.5,43812125,3576.6,2926.4,4322.95,2866.6,3260.0,561,5,3259.9,11,1,3259.8,112,2,3259.7,57,2,3259.6,93,3,3260.8,106,8,3260.9,59,12,3261.0,101,4,3261.1,43,2,3261.2,103,4
11536,2025-12-30 12:40:50+05:30,3260.0,2,3249.6,950927,115326.0,116285.0,3250.0,3261.3,3239.8,3251.5,43812125,3576.6,2926.4,4322.95,2866.6,3260.0,561,5,3259.9,11,1,3259.8,112,2,3259.7,57,2,3259.6,93,3,3260.8,106,8,3260.9,59,12,3261.0,101,4,3261.1,43,2,3261.2,103,4
11536,2025-12-30 12:40:50+05:30,3260.0,14,3249.6,950971,115419.0,116279.0,3250.0,3261.3,3239.8,3251.5,43812125,3576.6,2926.4,4322.95,2866.6,3260.0,519,4,3259.9,11,1,3259.8,112,2,3259.7,57,2,3259.6,93,3,3260.8,120,11,3260.9,38,5,3261.0,101,4,3261.1,43,2,3261.2,103,4
11536,2025-12-30 12:40:51+05:30,3260.0,4,3249.6,950971,115419.0,116279.0,3250.0,3261.3,3239.8,3251.5,43812125,3576.6,2926.4,4322.95,2866.6,3260.0,519,4,3259.9,11,1,3259.8,112,2,3259.7,57,2,3259.6,93,3,3260.8,120,11,3260.9,38,5,3261.0,101,4,3261.1,43,2,3261.2,103,4
11536,2025-12-30 12:40:51+05:30,3260.8,3,3249.6,950993,115058.0,116294.0,3250.0,3261.3,3239.8,3251.5,43812125,3576.6,2926.4,4322.95,2866.6,3260.0,500,4,3259.9,11,1,3259.8,112,2,3259.7,57,2,3259.6,93,3,3260.8,118,12,3260.9,46,4,3261.0,101,4,3261.1,43,2,3261.2,103,4
11536,2025-12-30 12:40:52+05:30,3260.0,6,3249.6,950993,115058.0,116294.0,3250.0,3261.3,3239.8,3251.5,43812125,3576.6,2926.4,4322.95,2866.6,3260.0,500,4,3259.9,11,1,3259.8,112,2,3259.7,57,2,3259.6,93,3,3260.8,118,12,3260.9,46,4,3261.0,101,4,3261.1,43,2,3261.2,103,4
11536,2025-12-30 12:40:52+05:30,3260.0,6,3249.6,951006,114157.0,116309.0,3250.0,3261.3,3239.8,3251.5,43812125,3576.6,2926.4,4322.95,2866.6,3260.0,538,5,3259.9,11,1,3259.8,148,3,3259.7,196,2,3259.6,93,3,3260.8,100,11,3260.9,35,2,3261.0,101,4,3261.1,43,2,3261.2,103,4
11536,2025-12-30 12:40:53+05:30,3260.0,3,3249.6,951006,114157.0,116309.0,3250.0,3261.3,3239.8,3251.5,43812125,3576.6,2926.4,4322.95,2866.6,3260.0,538,5,3259.9,11,1,3259.8,148,3,3259.7,196,2,3259.6,93,3,3260.8,100,11,3260.9,35,2,3261.0,101,4,3261.1,43,2,3261.2,103,4
11536,2025-12-30 12:40:53+05:30,3260.0,3,3249.6,951020,115269.0,116404.0,3250.0,3261.3,3239.8,3251.5,43812125,3576.6,2926.4,4322.95,2866.6,3260.0,526,4,3259.9,186,2,3259.8,148,3,3259.7,279,3,3259.6,116,4,3260.8,78,12,3260.9,35,2,3261.0,41,2,3261.1,43,2,3261.2,103,4
11536,2025-12-30 12:40:54+05:30,3260.0,2,3249.6,951020,115269.0,116404.0,3250.0,3261.3,3239.8,3251.5,43812125,3576.6,2926.4,4322.95,2866.6,3260.0,526,4,3259.9,186,2,3259.8,148,3,3259.7,279,3,3259.6,116,4,3260.8,78,12,3260.9,35,2,3261.0,41,2,3261.1,43,2,3261.2,103,4
11536,2025-12-30 12:40:54+05:30,3260.0,2,3249.61,951132,114567.0,116033.0,3250.0,3261.3,3239.8,3251.5,43812125,3576.6,2926.4,4322.95,2866.6,3260.0,414,4,3259.9,222,3,3259.8,112,2,3259.7,279,3,3259.6,93,3,3260.8,148,16,3260.9,37,2,3261.0,66,3,3261.1,2,1,3261.2,41,2
11536,2025-12-30 12:40:55+05:30,3260.0,1,3249.61,951132,114567.0,116033.0,3250.0,3261.3,3239.8,3251.5,43812125,3576.6,2926.4,4322.95,2866.6,3260.0,414,4,3259.9,222,3,3259.8,112,2,3259.7,279,3,3259.6,93,3,3260.8,148,16,3260.9,37,2,3261.0,66,3,3261.1,2,1,3261.2,41,2
11536,2025-12-30 12:40:55+05:30,3260.0,1,3249.61,951157,113594.0,116061.0,3250.0,3261.3,3239.8,3251.5,43812125,3576.6,2926.4,4322.95,2866.6,3260.0,393,4,3259.9,186,2,3259.8,112,2,3259.7,279,3,3259.6,93,3,3260.8,153,18,3260.9,37,2,3261.0,66,3,3261.1,42,2,3261.2,43,3
11536,2025-12-30 12:40:56+05:30,3260.0,30,3249.61,951157,113594.0,116061.0,3250.0,3261.3,3239.8,3251.5,43812125,3576.6,2926.4,4322.95,2866.6,3260.0,393,4,3259.9,186,2,3259.8,112,2,3259.7,279,3,3259.6,93,3,3260.8,153,18,3260.9,37,2,3261.0,66,3,3261.1,42,2,3261.2,43,3
11536,2025-12-30 12:40:56+05:30,3260.0,30,3249.61,951204,114425.0,116160.0,3250.0,3261.3,3239.8,3251.5,43812125,3576.6,2926.4,4322.95,2866.6,3260.0,352,4,3259.9,186,2,3259.8,112,2,3259.7,315,4,3259.6,93,3,3260.8,141,20,3260.9,37,2,3261.0,46,2,3261.1,2,1,3261.2,43,3
11536,2025-12-30 12:40:57+05:30,3260.0,1,3249.61,951204,114425.0,116160.0,3250.0,3261.3,3239.8,3251.5,43812125,3576.6,2926.4,4322.95,2866.6,3260.0,352,4,3259.9,186,2,3259.8,112,2,3259.7,315,4,3259.6,93,3,3260.8,141,20,3260.9,37,2,3261.0,46,2,3261.1,2,1,3261.2,43,3
11536,2025-12-30 12:40:57+05:30,3260.0,1,3249.61,951291,113672.0,116188.0,3250.0,3261.3,3239.8,3251.5,43812125,3576.6,2926.4,4322.95,2866.6,3260.0,265,4,3259.9,186,2,3259.8,148,3,3259.7,279,3,3259.6,93,3,3260.8,130,18,3260.9,37,2,3261.0,46,2,3261.1,19,2,3261.2,43,3
11536,2025-12-30 12:40:58+05:30,3260.0,5,3249.61,951291,113672.0,116188.0,3250.0,3261.3,3239.8,3251.5,43812125,3576.6,2926.4,4322.95,2866.6,3260.0,265,4,3259.9,186,2,3259.8,148,3,3259.7,279,3,3259.6,93,3,3260.8,130,18,3260.9,37,2,3261.0,46,2,3261.1,19,2,3261.2,43,3
11536,2025-12-30 12:40:58+05:30,3260.0,5,3249.61,951321,115033.0,116307.0,3250.0,3261.3,3239.8,3251.5,43812125,3576.6,2926.4,4322.95,2866.6,3260.0,412,6,3259.9,11,1,3259.8,406,5,3259.7,21,1,3259.6,93,3,3260.7,59,5,3260.8,76,11,3260.9,57,3,3261.0,46,2,3261.1,59,3
11536,2025-12-30 12:40:59+05:30,3260.0,1,3249.61,951321,115033.0,116307.0,3250.0,3261.3,3239.8,3251.5,43812125,3576.6,2926.4,4322.95,2866.6,3260.0,412,6,3259.9,11,1,3259.8,406,5,3259.7,21,1,3259.6,93,3,3260.7,59,5,3260.8,76,11,3260.9,57,3,3261.0,46,2,3261.1,59,3
11536,2025-12-30 12:40:59+05:30,3260.0,1,3249.61,951360,114994.0,116275.0,3250.0,3261.3,3239.8,3251.5,43812125,3576.6,2926.4,4322.95,2866.6,3260.0,373,6,3259.9,11,1,3259.8,370,4,3259.7,57,2,3259.6,93,3,3260.7,75,8,3260.8,55,5,3260.9,37,2,3261.0,46,2,3261.1,59,3
11536,2025-12-30 12:41:00+05:30,3260.8,8,3249.61,951360,114994.0,116275.0,3250.0,3261.3,3239.8,3251.5,43812125,3576.6,2926.4,4322.95,2866.6,3260.0,373,6,3259.9,11,1,3259.8,370,4,3259.7,57,2,3259.6,93,3,3260.7,75,8,3260.8,55,5,3260.9,37,2,3261.0,46,2,3261.1,59,3
11536,2025-12-30 12:41:00+05:30,3260.0,13,3249.61,951495,114667.0,115995.0,3250.0,3261.3,3239.8,3251.5,43812125,3576.6,2926.4,4322.95,2866.6,3260.0,354,6,3259.9,11,1,3259.8,406,5,3259.7,21,1,3259.6,93,3,3260.8,96,9,3260.9,38,2,3261.0,33,2,3261.1,50,1,3261.2,43,3
11536,2025-12-30 12:41:01+05:30,3260.8,2,3249.61,951495,114667.0,115995.0,3250.0,3261.3,3239.8,3251.5,43812125,3576.6,2926.4,4322.95,2866.6,3260.0,354,6,3259.9,11,1,3259.8,406,5,3259.7,21,1,3259.6,93,3,3260.8,96,9,3260.9,38,2,3261.0,33,2,3261.1,50,1,3261.2,43,3
11536,2025-12-30 12:41:01+05:30,3260.8,2,3249.61,951498,114384.0,115829.0,3250.0,3261.3,3239.8,3251.5,43812125,3576.6,2926.4,4322.95,2866.6,3260.0,353,6,3259.9,11,1,3259.8,406,5,3259.7,21,1,3259.6,93,3,3260.8,99,14,3260.9,38,2,3261.0,33,2,3261.1,50,1,3261.2,43,3
11536,2025-12-30 12:41:02+05:30,3260.0,37,3249.61,951835,114255.0,116145.0,3250.0,3261.3,3239.8,3251.5,43812125,3576.6,2926.4,4322.95,2866.6,3260.0,543,4,3259.9,63,3,3259.8,370,4,3259.7,35,2,3259.6,93,3,3260.8,112,17,3260.9,87,3,3261.0,40,2,3261.1,2,1,3261.2,43,3
11536,2025-12-30 12:41:02+05:30,3260.0,37,3249.61,951835,114255.0,116145.0,3250.0,3261.3,3239.8,3251.5,43812125,3576.6,2926.4,4322.95,2866.6,3260.0,543,4,3259.9,63,3,3259.8,370,4,3259.7,35,2,3259.6,93,3,3260.8,112,17,3260.9,87,3,3261.0,40,2,3261.1,2,1,3261.2,43,3
11536,2025-12-30 12:41:03+05:30,3260.0,8,3249.61,951861,114221.0,116686.0,3250.0,3261.3,3239.8,3251.5,43812125,3576.6,2926.4,4322.95,2866.6,3260.0,521,3,3259.9,27,2,3259.8,112,2,3259.7,35,2,3259.6,93,3,3260.8,89,15,3260.9,87,3,3261.0,67,3,3261.1,69,3,3261.2,72,4
11536,2025-12-30 12:41:03+05:30,3260.0,8,3249.61,951861,114221.0,116686.0,3250.0,3261.3,3239.8,3251.5,43812125,3576.6,2926.4,4322.95,2866.6,3260.0,521,3,3259.9,27,2,3259.8,112,2,3259.7,35,2,3259.6,93,3,3260.8,89,15,3260.9,87,3,3261.0,67,3,3261.1,69,3,3261.2,72,4
11536,2025-12-30 12:41:04+05:30,3260.0,11,3249.61,951968,114554.0,116919.0,3250.0,3261.3,3239.8,3251.5,43812125,3576.6,2926.4,4322.95,2866.6,3260.0,414,3,3259.9,27,2,3259.8,112,2,3259.7,35,2,3259.6,93,3,3260.7,16,1,3260.8,175,20,3260.9,38,2,3261.0,67,3,3261.1,69,3
11536,2025-12-30 12:41:04+05:30,3260.0,11,3249.61,951968,114554.0,116919.0,3250.0,3261.3,3239.8,3251.5,43812125,3576.6,2926.4,4322.95,2866.6,3260.0,414,3,3259.9,27,2,3259.8,112,2,3259.7,35,2,3259.6,93,3,3260.7,16,1,3260.8,175,20,3260.9,38,2,3261.0,67,3,3261.1,69,3
11536,2025-12-30 12:41:05+05:30,3260.7,1,3249.62,952018,114091.0,116933.0,3250.0,3261.3,3239.8,3251.5,43812125,3576.6,2926.4,4322.95,2866.6,3260.0,367,3,3259.9,27,2,3259.8,112,2,3259.7,35,2,3259.6,93,3,3260.7,38,5,3260.8,155,16,3260.9,38,2,3261.0,67,3,3261.1,69,3
11536,2025-12-30 12:41:05+05:30,3260.0,6,3249.62,952018,114091.0,116933.0,3250.0,3261.3,3239.8,3251.5,43812125,3576.6,2926.4,4322.95,2866.6,3260.0,367,3,3259.9,27,2,3259.8,112,2,3259.7,35,2,3259.6,93,3,3260.7,38,5,3260.8,155,16,3260.9,38,2,3261.0,67,3,3261.1,69,3
11536,2025-12-30 12:41:06+05:30,3260.0,15,3249.62,952047,114250.0,116928.0,3250.0,3261.3,3239.8,3251.5,43812125,3576.6,2926.4,4322.95,2866.6,3260.0,383,4,3259.9,27,2,3259.8,112,2,3259.7,35,2,3259.6,129,4,3260.7,36,8,3260.8,142,10,3260.9,38,2,3261.0,67,3,3261.1,69,3
11536,2025-12-30 12:41:06+05:30,3260.0,30,3249.62,952047,114250.0,116928.0,3250.0,3261.3,3239.8,3251.5,43812125,3576.6,2926.4,4322.95,2866.6,3260.0,383,4,3259.9,27,2,3259.8,112,2,3259.7,35,2,3259.6,129,4,3260.7,36,8,3260.8,142,10,3260.9,38,2,3261.0,67,3,3261.1,69,3
11536,2025-12-30 12:41:07+05:30,3260.0,7,3249.62,952170,114482.0,116929.0,3250.0,3261.3,3239.8,3251.5,43812125,3576.6,2926.4,4322.95,2866.6,3260.0,265,4,3259.9,27,2,3259.8,112,2,3259.7,35,2,3259.6,93,3,3260.7,92,16,3260.8,113,6,3260.9,38,2,3261.0,67,3,3261.1,69,3
11536,2025-12-30 12:41:07+05:30,3260.0,15,3249.62,952170,114482.0,116929.0,3250.0,3261.3,3239.8,3251.5,43812125,3576.6,2926.4,4322.95,2866.6,3260.0,265,4,3259.9,27,2,3259.8,112,2,3259.7,35,2,3259.6,93,3,3260.7,92,16,3260.8,113,6,3260.9,38,2,3261.0,67,3,3261.1,69,3
11536,2025-12-30 12:41:08+05:30,3260.0,3,3249.62,952203,114681.0,116824.0,3250.0,3261.3,3239.8,3251.5,43812125,3576.6,2926.4,4322.95,2866.6,3260.0,233,5,3259.9,27,2,3259.8,112,2,3259.7,35,2,3259.6,93,3,3260.7,139,17,3260.8,51,4,3260.9,38,2,3261.0,67,3,3261.1,69,3
11536,2025-12-30 12:41:08+05:30,3260.0,8,3249.62,952203,114681.0,116824.0,3250.0,3261.3,3239.8,3251.5,43812125,3576.6,2926.4,4322.95,2866.6,3260.0,233,5,3259.9,27,2,3259.8,112,2,3259.7,35,2,3259.6,93,3,3260.7,139,17,3260.8,51,4,3260.9,38,2,3261.0,67,3,3261.1,69,3
11536,2025-12-30 12:41:09+05:30,3260.0,2,3249.62,952203,114681.0,116824.0,3250.0,3261.3,3239.8,3251.5,43812125,3576.6,2926.4,4322.95,2866.6,3260.0,233,5,3259.9,27,2,3259.8,112,2,3259.7,35,2,3259.6,93,3,3260.7,139,17,3260.8,51,4,3260.9,38,2,3261.0,67,3,3261.1,69,3
11536,2025-12-30 12:41:09+05:30,3260.0,5,3249.62,952266,114600.0,115620.0,3250.0,3261.3,3239.8,3251.5,43812125,3576.6,2926.4,4322.95,2866.6,3260.0,173,5,3259.9,27,2,3259.8,112,2,3259.7,35,2,3259.6,93,3,3260.7,148,15,3260.8,63,4,3260.9,38,2,3261.0,67,3,3261.1,69,3
11536,2025-12-30 12:41:10+05:30,3260.0,6,3249.62,952266,114600.0,115620.0,3250.0,3261.3,3239.8,3251.5,43812125,3576.6,2926.4,4322.95,2866.6,3260.0,173,5,3259.9,27,2,3259.8,112,2,3259.7,35,2,3259.6,93,3,3260.7,148,15,3260.8,63,4,3260.9,38,2,3261.0,67,3,3261.1,69,3
11536,2025-12-30 12:41:10+05:30,3260.0,6,3249.62,952296,114906.0,116852.0,3250.0,3261.3,3239.8,3251.5,43812125,3576.6,2926.4,4322.95,2866.6,3260.0,143,5,3259.9,27,2,3259.8,112,2,3259.7,35,2,3259.6,129,4,3260.7,155,17,3260.8,32,2,3260.9,38,2,3261.0,67,3,3261.1,69,3
11536,2025-12-30 12:41:11+05:30,3260.0,29,3249.62,952296,114906.0,116852.0,3250.0,3261.3,3239.8,3251.5,43812125,3576.6,2926.4,4322.95,2866.6,3260.0,143,5,3259.9,27,2,3259.8,112,2,3259.7,35,2,3259.6,129,4,3260.7,155,17,3260.8,32,2,3260.9,38,2,3261.0,67,3,3261.1,69,3
11536,2025-12-30 12:41:11+05:30,3260.4,2,3249.62,952344,113375.0,118313.0,3250.0,3261.3,3239.8,3251.5,43812125,3576.6,2926.4,4322.95,2866.6,3260.0,97,5,3259.9,27,2,3259.8,90,1,3259.7,35,2,3259.6,93,3,3260.4,43,1,3260.5,46,3,3260.6,129,5,3260.7,97,15,3260.8,102,5
11536,2025-12-30 12:41:12+05:30,3260.4,2,3249.62,952344,113375.0,118313.0,3250.0,3261.3,3239.8,3251.5,43812125,3576.6,2926.4,4322.95,2866.6,3260.0,97,5,3259.9,27,2,3259.8,90,1,3259.7,35,2,3259.6,93,3,3260.4,43,1,3260.5,46,3,3260.6,129,5,3260.7,97,15,3260.8,102,5
11536,2025-12-30 12:41:12+05:30,3260.0,4,3249.62,952344,113375.0,118313.0,3250.0,3261.3,3239.8,3251.5,43812125,3576.6,2926.4,4322.95,2866.6,3260.0,97,5,3259.9,27,2,3259.8,90,1,3259.7,35,2,3259.6,93,3,3260.4,43,1,3260.5,46,3,3260.6,129,5,3260.7,97,15,3260.8,102,5
11536,2025-12-30 12:41:12+05:30,3260.0,4,3249.62,952362,114220.0,118184.0,3250.0,3261.3,3239.8,3251.5,43812125,3576.6,2926.4,4322.95,2866.6,3260.0,80,5,3259.9,27,2,3259.8,90,1,3259.7,35,2,3259.6,93,3,3260.4,93,9,3260.5,22,1,3260.6,167,7,3260.7,80,11,3260.8,70,4
11536,2025-12-30 12:41:13+05:30,3260.0,4,3249.62,952362,114220.0,118184.0,3250.0,3261.3,3239.8,3251.5,43812125,3576.6,2926.4,4322.95,2866.6,3260.0,80,5,3259.9,27,2,3259.8,90,1,3259.7,35,2,3259.6,93,3,3260.4,93,9,3260.5,22,1,3260.6,167,7,3260.7,80,11,3260.8,70,4
11536,2025-12-30 12:41:13+05:30,3260.0,1,3249.62,952362,114220.0,118184.0,3250.0,3261.3,3239.8,3251.5,43812125,3576.6,2926.4,4322.95,2866.6,3260.0,80,5,3259.9,27,2,3259.8,90,1,3259.7,35,2,3259.6,93,3,3260.4,93,9,3260.5,22,1,3260.6,167,7,3260.7,80,11,3260.8,70,4
11536,2025-12-30 12:41:13+05:30,3260.0,1,3249.62,952413,114753.0,118146.0,3250.0,3261.3,3239.8,3251.5,43812125,3576.6,2926.4,4322.95,2866.6,3260.0,563,4,3259.9,27,2,3259.8,90,1,3259.7,35,2,3259.6,93,3,3260.4,59,13,3260.5,22,1,3260.6,167,7,3260.7,76,7,3260.8,70,4
11536,2025-12-30 12:41:14+05:30,3260.0,1,3249.62,952413,114753.0,118146.0,3250.0,3261.3,3239.8,3251.5,43812125,3576.6,2926.4,4322.95,2866.6,3260.0,563,4,3259.9,27,2,3259.8,90,1,3259.7,35,2,3259.6,93,3,3260.4,59,13,3260.5,22,1,3260.6,167,7,3260.7,76,7,3260.8,70,4
11536,2025-12-30 12:41:14+05:30,3260.0,1,3249.62,952435,114733.0,118145.0,3250.0,3261.3,3239.8,3251.5,43812125,3576.6,2926.4,4322.95,2866.6,3260.0,545,5,3259.9,27,2,3259.8,90,1,3259.7,35,2,3259.6,93,3,3260.4,60,15,3260.5,22,1,3260.6,167,7,3260.7,74,5,3260.8,70,4
11536,2025-12-30 12:41:14+05:30,3260.0,1,3249.62,952435,114733.0,118145.0,3250.0,3261.3,3239.8,3251.5,43812125,3576.6,2926.4,4322.95,2866.6,3260.0,545,5,3259.9,27,2,3259.8,90,1,3259.7,35,2,3259.6,93,3,3260.4,60,15,3260.5,22,1,3260.6,167,7,3260.7,74,5,3260.8,70,4
11536,2025-12-30 12:41:15+05:30,3260.4,1,3249.62,952435,114733.0,118145.0,3250.0,3261.3,3239.8,3251.5,43812125,3576.6,2926.4,4322.95,2866.6,3260.0,545,5,3259.9,27,2,3259.8,90,1,3259.7,35,2,3259.6,93,3,3260.4,60,15,3260.5,22,1,3260.6,167,7,3260.7,74,5,3260.8,70,4
11536,2025-12-30 12:41:15+05:30,3260.4,1,3249.62,952435,114733.0,118145.0,3250.0,3261.3,3239.8,3251.5,43812125,3576.6,2926.4,4322.95,2866.6,3260.0,545,5,3259.9,27,2,3259.8,90,1,3259.7,35,2,3259.6,93,3,3260.4,60,15,3260.5,22,1,3260.6,167,7,3260.7,74,5,3260.8,70,4
11536,2025-12-30 12:41:15+05:30,3260.4,1,3249.62,952463,114893.0,117821.0,3250.0,3261.3,3239.8,3251.5,43812125,3576.6,2926.4,4322.95,2866.6,3260.0,523,4,3259.9,27,2,3259.8,90,1,3259.7,35,2,3259.6,93,3,3260.4,61,17,3260.5,22,1,3260.6,122,6,3260.7,74,5,3260.8,70,4
11536,2025-12-30 12:41:16+05:30,3260.4,1,3249.62,952463,114893.0,117821.0,3250.0,3261.3,3239.8,3251.5,43812125,3576.6,2926.4,4322.95,2866.6,3260.0,523,4,3259.9,27,2,3259.8,90,1,3259.7,35,2,3259.6,93,3,3260.4,61,17,3260.5,22,1,3260.6,122,6,3260.7,74,5,3260.8,70,4
11536,2025-12-30 12:41:16+05:30,3260.4,1,3249.62,952478,113476.0,118198.0,3250.0,3261.3,3239.8,3251.5,43812125,3576.6,2926.4,4322.95,2866.6,3260.0,594,5,3259.9,81,3,3259.8,90,1,3259.7,35,2,3259.6,93,3,3260.4,31,13,3260.5,8,1,3260.6,89,4,3260.7,85,6,3260.8,39,2
11536,2025-12-30 12:41:16+05:30,3260.4,1,3249.62,952478,113476.0,118198.0,3250.0,3261.3,3239.8,3251.5,43812125,3576.6,2926.4,4322.95,2866.6,3260.0,594,5,3259.9,81,3,3259.8,90,1,3259.7,35,2,3259.6,93,3,3260.4,31,13,3260.5,8,1,3260.6,89,4,3260.7,85,6,3260.8,39,2
11536,2025-12-30 12:41:17+05:30,3260.4,1,3249.62,952478,113476.0,118198.0,3250.0,3261.3,3239.8,3251.5,43812125,3576.6,2926.4,4322.95,2866.6,3260.0,594,5,3259.9,81,3,3259.8,90,1,3259.7,35,2,3259.6,93,3,3260.4,31,13,3260.5,8,1,3260.6,89,4,3260.7,85,6,3260.8,39,2
11536,2025-12-30 12:41:17+05:30,3260.0,2,3249.62,952564,112823.0,118655.0,3250.0,3261.3,3239.8,3251.5,43812125,3576.6,2926.4,4322.95,2866.6,3260.0,508,5,3259.9,81,3,3259.8,90,1,3259.7,35,2,3259.6,93,3,3260.4,40,13,3260.5,8,1,3260.6,89,4,3260.7,85,6,3260.8,235,4
11536,2025-12-30 12:41:17+05:30,3260.0,2,3249.62,952564,112823.0,118655.0,3250.0,3261.3,3239.8,3251.5,43812125,3576.6,2926.4,4322.95,2866.6,3260.0,508,5,3259.9,81,3,3259.8,90,1,3259.7,35,2,3259.6,93,3,3260.4,40,13,3260.5,8,1,3260.6,89,4,3260.7,85,6,3260.8,235,4
11536,2025-12-30 12:41:18+05:30,3260.0,4,3249.62,952579,112520.0,118585.0,3250.0,3261.3,3239.8,3251.5,43812125,3576.6,2926.4,4322.95,2866.6,3260.0,494,6,3259.9,81,3,3259.8,90,1,3259.7,35,2,3259.6,93,3,3260.4,107,15,3260.5,8,1,3260.6,70,3,3260.7,12,2,3260.8,235,4
11536,2025-12-30 12:41:18+05:30,3260.0,4,3249.62,952579,112520.0,118585.0,3250.0,3261.3,3239.8,3251.5,43812125,3576.6,2926.4,4322.95,2866.6,3260.0,494,6,3259.9,81,3,3259.8,90,1,3259.7,35,2,3259.6,93,3,3260.4,107,15,3260.5,8,1,3260.6,70,3,3260.7,12,2,3260.8,235,4
11536,2025-12-30 12:41:18+05:30,3260.0,4,3249.62,952579,112520.0,118585.0,3250.0,3261.3,3239.8,3251.5,43812125,3576.6,2926.4,4322.95,2866.6,3260.0,494,6,3259.9,81,3,3259.8,90,1,3259.7,35,2,3259.6,93,3,3260.4,107,15,3260.5,8,1,3260.6,70,3,3260.7,12,2,3260.8,235,4
11536,2025-12-30 12:41:19+05:30,3260.0,4,3249.62,952579,112520.0,118585.0,3250.0,3261.3,3239.8,3251.5,43812125,3576.6,2926.4,4322.95,2866.6,3260.0,494,6,3259.9,81,3,3259.8,90,1,3259.7,35,2,3259.6,93,3,3260.4,107,15,3260.5,8,1,3260.6,70,3,3260.7,12,2,3260.8,235,4
11536,2025-12-30 12:41:19+05:30,3260.0,1,3249.62,952702,112673.0,117624.0,3250.0,3261.3,3239.8,3251.5,43812125,3576.6,2926.4,4322.95,2866.6,3260.0,468,6,3259.9,81,3,3259.8,90,1,3259.7,35,2,3259.6,93,3,3260.4,34,13,3260.6,70,3,3260.7,12,2,3260.8,79,3,3260.9,54,4
11536,2025-12-30 12:41:19+05:30,3260.0,1,3249.62,952702,112673.0,117624.0,3250.0,3261.3,3239.8,3251.5,43812125,3576.6,2926.4,4322.95,2866.6,3260.0,468,6,3259.9,81,3,3259.8,90,1,3259.7,35,2,3259.6,93,3,3260.4,34,13,3260.6,70,3,3260.7,12,2,3260.8,79,3,3260.9,54,4
11536,2025-12-30 12:41:20+05:30,3260.0,1,3249.62,952702,112673.0,117624.0,3250.0,3261.3,3239.8,3251.5,43812125,3576.6,2926.4,4322.95,2866.6,3260.0,468,6,3259.9,81,3,3259.8,90,1,3259.7,35,2,3259.6,93,3,3260.4,34,13,3260.6,70,3,3260.7,12,2,3260.8,79,3,3260.9,54,4
11536,2025-12-30 12:41:20+05:30,3260.0,11,3249.62,952716,112671.0,117965.0,3250.0,3261.3,3239.8,3251.5,43812125,3576.6,2926.4,4322.95,2866.6,3260.0,454,6,3259.9,81,3,3259.8,90,1,3259.7,35,2,3259.6,93,3,3260.4,32,12,3260.6,70,3,3260.7,12,2,3260.8,79,3,3260.9,54,4
11536,2025-12-30 12:41:20+05:30,3260.0,1,3249.62,952716,112671.0,117965.0,3250.0,3261.3,3239.8,3251.5,43812125,3576.6,2926.4,4322.95,2866.6,3260.0,454,6,3259.9,81,3,3259.8,90,1,3259.7,35,2,3259.6,93,3,3260.4,32,12,3260.6,70,3,3260.7,12,2,3260.8,79,3,3260.9,54,4
11536,2025-12-30 12:41:20+05:30,3260.0,1,3249.62,952716,112671.0,117965.0,3250.0,3261.3,3239.8,3251.5,43812125,3576.6,2926.4,4322.95,2866.6,3260.0,454,6,3259.9,81,3,3259.8,90,1,3259.7,35,2,3259.6,93,3,3260.4,32,12,3260.6,70,3,3260.7,12,2,3260.8,79,3,3260.9,54,4
11536,2025-12-30 12:41:21+05:30,3260.0,1,3249.62,952716,112671.0,117965.0,3250.0,3261.3,3239.8,3251.5,43812125,3576.6,2926.4,4322.95,2866.6,3260.0,454,6,3259.9,81,3,3259.8,90,1,3259.7,35,2,3259.6,93,3,3260.4,32,12,3260.6,70,3,3260.7,12,2,3260.8,79,3,3260.9,54,4
11536,2025-12-30 12:41:21+05:30,3260.0,2,3249.62,952750,112737.0,118031.0,3250.0,3261.3,3239.8,3251.5,43812125,3576.6,2926.4,4322.95,2866.6,3260.0,421,6,3259.9,81,3,3259.8,90,1,3259.7,35,2,3259.6,93,3,3260.4,29,12,3260.6,70,3,3260.7,12,2,3260.8,79,3,3260.9,55,5
11536,2025-12-30 12:41:21+05:30,3260.0,7,3249.62,952750,112737.0,118031.0,3250.0,3261.3,3239.8,3251.5,43812125,3576.6,2926.4,4322.95,2866.6,3260.0,421,6,3259.9,81,3,3259.8,90,1,3259.7,35,2,3259.6,93,3,3260.4,29,12,3260.6,70,3,3260.7,12,2,3260.8,79,3,3260.9,55,5
11536,2025-12-30 12:41:22+05:30,3260.0,15,3249.62,952774,112237.0,118443.0,3250.0,3261.3,3239.8,3251.5,43812125,3576.6,2926.4,4322.95,2866.6,3260.0,397,6,3259.9,81,3,3259.8,90,1,3259.7,35,2,3259.6,72,2,3260.4,47,14,3260.5,23,1,3260.6,70,3,3260.7,12,2,3260.8,39,2
11536,2025-12-30 12:41:22+05:30,3260.0,4,3249.62,952774,112237.0,118443.0,3250.0,3261.3,3239.8,3251.5,43812125,3576.6,2926.4,4322.95,2866.6,3260.0,397,6,3259.9,81,3,3259.8,90,1,3259.7,35,2,3259.6,72,2,3260.4,47,14,3260.5,23,1,3260.6,70,3,3260.7,12,2,3260.8,39,2
11536,2025-12-30 12:41:22+05:30,3260.0,4,3249.62,952774,112237.0,118443.0,3250.0,3261.3,3239.8,3251.5,43812125,3576.6,2926.4,4322.95,2866.6,3260.0,397,6,3259.9,81,3,3259.8,90,1,3259.7,35,2,3259.6,72,2,3260.4,47,14,3260.5,23,1,3260.6,70,3,3260.7,12,2,3260.8,39,2
11536,2025-12-30 12:41:23+05:30,3260.0,1,3249.62,952795,114095.0,118481.0,3250.0,3261.3,3239.8,3251.5,43812125,3576.6,2926.4,4322.95,2866.6,3260.0,378,5,3259.9,81,3,3259.8,90,1,3259.7,35,2,3259.6,72,2,3260.4,45,14,3260.5,23,1,3260.6,70,3,3260.7,12,2,3260.8,39,2
11536,2025-12-30 12:41:23+05:30,3260.0,1,3249.62,952795,114095.0,118481.0,3250.0,3261.3,3239.8,3251.5,43812125,3576.6,2926.4,4322.95,2866.6,3260.0,378,5,3259.9,81,3,3259.8,90,1,3259.7,35,2,3259.6,72,2,3260.4,45,14,3260.5,23,1,3260.6,70,3,3260.7,12,2,3260.8,39,2
11536,2025-12-30 12:41:24+05:30,3260.0,1,3249.62,952795,114095.0,118481.0,3250.0,3261.3,3239.8,3251.5,43812125,3576.6,2926.4,4322.95,2866.6,3260.0,378,5,3259.9,81,3,3259.8,90,1,3259.7,35,2,3259.6,72,2,3260.4,45,14,3260.5,23,1,3260.6,70,3,3260.7,12,2,3260.8,39,2
11536,2025-12-30 12:41:24+05:30,3260.0,5,3249.62,952807,112407.0,116967.0,3250.0,3261.3,3239.8,3251.5,43812125,3576.6,2926.4,4322.95,2866.6,3260.0,366,5,3259.9,81,3,3259.8,90,1,3259.7,35,2,3259.6,72,2,3260.4,30,11,3260.5,43,3,3260.6,46,1,3260.7,33,2,3260.8,37,3
11536,2025-12-30 12:41:24+05:30,3260.0,4,3249.62,952807,112407.0,116967.0,3250.0,3261.3,3239.8,3251.5,43812125,3576.6,2926.4,4322.95,2866.6,3260.0,366,5,3259.9,81,3,3259.8,90,1,3259.7,35,2,3259.6,72,2,3260.4,30,11,3260.5,43,3,3260.6,46,1,3260.7,33,2,3260.8,37,3
11536,2025-12-30 12:41:25+05:30,3260.0,7,3249.62,952824,112784.0,118150.0,3250.0,3261.3,3239.8,3251.5,43812125,3576.6,2926.4,4322.95,2866.6,3260.0,350,5,3259.9,81,3,3259.8,90,1,3259.7,35,2,3259.6,72,2,3260.4,46,16,3260.5,31,2,3260.6,84,3,3260.7,33,2,3260.8,57,4
11536,2025-12-30 12:41:25+05:30,3260.0,4,3249.62,952824,112784.0,118150.0,3250.0,3261.3,3239.8,3251.5,43812125,3576.6,2926.4,4322.95,2866.6,3260.0,350,5,3259.9,81,3,3259.8,90,1,3259.7,35,2,3259.6,72,2,3260.4,46,16,3260.5,31,2,3260.6,84,3,3260.7,33,2,3260.8,57,4
11536,2025-12-30 12:41:25+05:30,3260.0,4,3249.62,952824,112784.0,118150.0,3250.0,3261.3,3239.8,3251.5,43812125,3576.6,2926.4,4322.95,2866.6,3260.0,350,5,3259.9,81,3,3259.8,90,1,3259.7,35,2,3259.6,72,2,3260.4,46,16,3260.5,31,2,3260.6,84,3,3260.7,33,2,3260.8,57,4
11536,2025-12-30 12:41:26+05:30,3260.0,1,3249.62,952833,113191.0,118147.0,3250.0,3261.3,3239.8,3251.5,43812125,3576.6,2926.4,4322.95,2866.6,3260.2,1,1,3260.0,341,5,3259.9,81,3,3259.8,90,1,3259.7,35,2,3260.4,46,16,3260.5,31,2,3260.6,84,3,3260.7,33,2,3260.8,57,4
11536,2025-12-30 12:41:26+05:30,3260.0,3,3249.62,952833,113191.0,118147.0,3250.0,3261.3,3239.8,3251.5,43812125,3576.6,2926.4,4322.95,2866.6,3260.2,1,1,3260.0,341,5,3259.9,81,3,3259.8,90,1,3259.7,35,2,3260.4,46,16,3260.5,31,2,3260.6,84,3,3260.7,33,2,3260.8,57,4
11536,2025-12-30 12:41:27+05:30,3260.0,1,3249.63,952917,112932.0,118431.0,3250.0,3261.3,3239.8,3251.5,43812125,3576.6,2926.4,4322.95,2866.6,3260.0,258,5,3259.9,81,3,3259.8,90,1,3259.7,35,2,3259.6,72,2,3260.1,14,5,3260.2,24,3,3260.3,30,2,3260.4,94,12,3260.5,31,2
11536,2025-12-30 12:41:27+05:30,3260.0,2,3249.63,952917,112932.0,118431.0,3250.0,3261.3,3239.8,3251.5,43812125,3576.6,2926.4,4322.95,2866.6,3260.0,258,5,3259.9,81,3,3259.8,90,1,3259.7,35,2,3259.6,72,2,3260.1,14,5,3260.2,24,3,3260.3,30,2,3260.4,94,12,3260.5,31,2
11536,2025-12-30 12:41:27+05:30,3260.0,2,3249.63,952917,112932.0,118431.0,3250.0,3261.3,3239.8,3251.5,43812125,3576.6,2926.4,4322.95,2866.6,3260.0,258,5,3259.9,81,3,3259.8,90,1,3259.7,35,2,3259.6,72,2,3260.1,14,5,3260.2,24,3,3260.3,30,2,3260.4,94,12,3260.5,31,2
11536,2025-12-30 12:41:28+05:30,3260.0,2,3249.63,952917,112932.0,118431.0,3250.0,3261.3,3239.8,3251.5,43812125,3576.6,2926.4,4322.95,2866.6,3260.0,258,5,3259.9,81,3,3259.8,90,1,3259.7,35,2,3259.6,72,2,3260.1,14,5,3260.2,24,3,3260.3,30,2,3260.4,94,12,3260.5,31,2
11536,2025-12-30 12:41:28+05:30,3260.0,1,3249.63,952950,113072.0,118623.0,3250.0,3261.3,3239.8,3251.5,43812125,3576.6,2926.4,4322.95,2866.6,3260.0,226,6,3259.9,81,3,3259.8,90,1,3259.7,35,2,3259.6,72,2,3260.1,17,8,3260.2,22,1,3260.3,25,1,3260.4,89,7,3260.5,31,2
11536,2025-12-30 12:41:29+05:30,3260.0,1,3249.63,952950,113072.0,118623.0,3250.0,3261.3,3239.8,3251.5,43812125,3576.6,2926.4,4322.95,2866.6,3260.0,226,6,3259.9,81,3,3259.8,90,1,3259.7,35,2,3259.6,72,2,3260.1,17,8,3260.2,22,1,3260.3,25,1,3260.4,89,7,3260.5,31,2
11536,2025-12-30 12:41:29+05:30,3260.0,1,3249.63,952950,113072.0,118623.0,3250.0,3261.3,3239.8,3251.5,43812125,3576.6,2926.4,4322.95,2866.6,3260.0,226,6,3259.9,81,3,3259.8,90,1,3259.7,35,2,3259.6,72,2,3260.1,17,8,3260.2,22,1,3260.3,25,1,3260.4,89,7,3260.5,31,2
11536,2025-12-30 12:41:29+05:30,3260.0,1,3249.63,952979,113053.0,118604.0,3250.0,3261.3,3239.8,3251.5,43812125,3576.6,2926.4,4322.95,2866.6,3260.0,197,6,3259.9,81,3,3259.8,90,1,3259.7,35,2,3259.6,72,2,3260.1,15,8,3260.2,22,1,3260.3,74,3,3260.4,42,4,3260.5,31,2
11536,2025-12-30 12:41:30+05:30,3260.0,20,3249.63,952979,113053.0,118604.0,3250.0,3261.3,3239.8,3251.5,43812125,3576.6,2926.4,4322.95,2866.6,3260.0,197,6,3259.9,81,3,3259.8,90,1,3259.7,35,2,3259.6,72,2,3260.1,15,8,3260.2,22,1,3260.3,74,3,3260.4,42,4,3260.5,31,2
11536,2025-12-30 12:41:30+05:30,3260.0,20,3249.63,952979,113053.0,118604.0,3250.0,3261.3,3239.8,3251.5,43832425,3576.6,2926.4,4322.95,2866.6,3260.0,157,6,3259.9,81,3,3259.8,90,1,3259.7,35,2,3259.6,72,2,3260.1,14,8,3260.3,44,1,3260.4,20,2,3260.5,31,2,3260.6,71,3
11536,2025-12-30 12:41:30+05:30,3260.0,20,3249.63,953019,112987.0,118694.0,3250.0,3261.3,3239.8,3251.5,43832425,3576.6,2926.4,4322.95,2866.6,3260.0,157,6,3259.9,81,3,3259.8,90,1,3259.7,35,2,3259.6,72,2,3260.1,14,8,3260.3,44,1,3260.4,20,2,3260.5,31,2,3260.6,71,3
11536,2025-12-30 12:41:31+05:30,3260.1,1,3249.63,953019,112987.0,118694.0,3250.0,3261.3,3239.8,3251.5,43832425,3576.6,2926.4,4322.95,2866.6,3260.0,157,6,3259.9,81,3,3259.8,90,1,3259.7,35,2,3259.6,72,2,3260.1,14,8,3260.3,44,1,3260.4,20,2,3260.5,31,2,3260.6,71,3
11536,2025-12-30 12:41:31+05:30,3260.1,1,3249.63,953035,112955.0,118701.0,3250.0,3261.3,3239.8,3251.5,43832425,3576.6,2926.4,4322.95,2866.6,3260.0,144,6,3259.9,81,3,3259.8,90,1,3259.7,35,2,3259.6,72,2,3260.1,9,8,3260.2,12,1,3260.3,44,1,3260.4,20,2,3260.5,31,2
11536,2025-12-30 12:41:32+05:30,3260.3,5,3249.63,953035,112955.0,118701.0,3250.0,3261.3,3239.8,3251.5,43832425,3576.6,2926.4,4322.95,2866.6,3260.0,144,6,3259.9,81,3,3259.8,90,1,3259.7,35,2,3259.6,72,2,3260.1,9,8,3260.2,12,1,3260.3,44,1,3260.4,20,2,3260.5,31,2
11536,2025-12-30 12:41:32+05:30,3260.3,5,3249.63,953107,112837.0,118124.0,3250.0,3261.3,3239.8,3251.5,43832425,3576.6,2926.4,4322.95,2866.6,3260.1,343,1,3260.0,135,6,3259.9,81,3,3259.8,90,1,3259.7,75,3,3260.3,39,1,3260.4,32,3,3260.5,31,2,3260.6,71,3,3260.7,35,3
11536,2025-12-30 12:41:32+05:30,3260.3,5,3249.63,953107,112837.0,118124.0,3250.0,3261.3,3239.8,3251.5,43832425,3576.6,2926.4,4322.95,2866.6,3260.1,343,1,3260.0,135,6,3259.9,81,3,3259.8,90,1,3259.7,75,3,3260.3,39,1,3260.4,32,3,3260.5,31,2,3260.6,71,3,3260.7,35,3
11536,2025-12-30 12:41:33+05:30,3260.3,3,3249.63,953107,112837.0,118124.0,3250.0,3261.3,3239.8,3251.5,43832425,3576.6,2926.4,4322.95,2866.6,3260.1,343,1,3260.0,135,6,3259.9,81,3,3259.8,90,1,3259.7,75,3,3260.3,39,1,3260.4,32,3,3260.5,31,2,3260.6,71,3,3260.7,35,3
11536,2025-12-30 12:41:33+05:30,3260.3,3,3249.63,953110,114053.0,118188.0,3250.0,3261.3,3239.8,3251.5,43832425,3576.6,2926.4,4322.95,2866.6,3260.1,343,1,3260.0,134,5,3259.9,81,3,3259.8,90,1,3259.7,75,3,3260.3,47,5,3260.4,1,1,3260.5,31,2,3260.6,71,3,3260.7,35,3
11536,2025-12-30 12:41:34+05:30,3260.1,1,3249.63,953110,114053.0,118188.0,3250.0,3261.3,3239.8,3251.5,43832425,3576.6,2926.4,4322.95,2866.6,3260.1,343,1,3260.0,134,5,3259.9,81,3,3259.8,90,1,3259.7,75,3,3260.3,47,5,3260.4,1,1,3260.5,31,2,3260.6,71,3,3260.7,35,3
11536,2025-12-30 12:41:34+05:30,3260.1,18,3249.63,953130,114362.0,118094.0,3250.0,3261.3,3239.8,3251.5,43832425,3576.6,2926.4,4322.95,2866.6,3260.1,334,2,3260.0,134,5,3259.9,70,2,3259.8,90,1,3259.7,35,2,3260.3,3,3,3260.4,1,1,3260.5,15,1,3260.6,20,1,3260.7,35,3
11536,2025-12-30 12:41:35+05:30,3260.3,1,3249.63,953130,114362.0,118094.0,3250.0,3261.3,3239.8,3251.5,43832425,3576.6,2926.4,4322.95,2866.6,3260.1,334,2,3260.0,134,5,3259.9,70,2,3259.8,90,1,3259.7,35,2,3260.3,3,3,3260.4,1,1,3260.5,15,1,3260.6,20,1,3260.7,35,3
11536,2025-12-30 12:41:35+05:30,3260.1,9,3249.63,953144,114299.0,118149.0,3250.0,3261.3,3239.8,3251.5,43832425,3576.6,2926.4,4322.95,2866.6,3260.1,325,2,3260.0,134,5,3259.9,70,2,3259.8,90,1,3259.7,35,2,3260.3,4,4,3260.4,13,2,3260.6,35,2,3260.7,35,3,3260.8,99,5
11536,2025-12-30 12:41:36+05:30,3260.4,4,3249.63,953144,114299.0,118149.0,3250.0,3261.3,3239.8,3251.5,43832425,3576.6,2926.4,4322.95,2866.6,3260.1,325,2,3260.0,134,5,3259.9,70,2,3259.8,90,1,3259.7,35,2,3260.3,4,4,3260.4,13,2,3260.6,35,2,3260.7,35,3,3260.8,99,5
11536,2025-12-30 12:41:36+05:30,3260.4,4,3249.63,953162,114495.0,116872.0,3250.0,3261.3,3239.8,3251.5,43832425,3576.6,2926.4,4322.95,2866.6,3260.1,325,2,3260.0,134,5,3259.9,70,2,3259.8,130,2,3259.7,93,4,3260.8,46,5,3260.9,12,1,3261.0,41,2,3261.1,29,2,3261.2,90,5
11536,2025-12-30 12:41:37+05:30,3260.1,77,3249.63,953162,114495.0,116872.0,3250.0,3261.3,3239.8,3251.5,43832425,3576.6,2926.4,4322.95,2866.6,3260.1,325,2,3260.0,134,5,3259.9,70,2,3259.8,130,2,3259.7,93,4,3260.8,46,5,3260.9,12,1,3261.0,41,2,3261.1,29,2,3261.2,90,5
11536,2025-12-30 12:41:37+05:30,3260.1,77,3249.63,953239,115017.0,116980.0,3250.0,3261.3,3239.8,3251.5,43832425,3576.6,2926.4,4322.95,2866.6,3260.4,1,1,3260.1,441,3,3260.0,134,5,3259.9,70,2,3259.8,111,2,3260.8,65,9,3260.9,22,2,3261.0,57,3,3261.1,29,2,3261.2,90,5
11536,2025-12-30 12:41:38+05:30,3260.1,7,3249.63,953239,115017.0,116980.0,3250.0,3261.3,3239.8,3251.5,43832425,3576.6,2926.4,4322.95,2866.6,3260.4,1,1,3260.1,441,3,3260.0,134,5,3259.9,70,2,3259.8,111,2,3260.8,65,9,3260.9,22,2,3261.0,57,3,3261.1,29,2,3261.2,90,5
11536,2025-12-30 12:41:38+05:30,3260.1,7,3249.63,953249,114886.0,117173.0,3250.0,3261.3,3239.8,3251.5,43832425,3576.6,2926.4,4322.95,2866.6,3260.1,435,4,3260.0,134,5,3259.9,70,2,3259.8,90,1,3259.7,111,4,3260.4,1,1,3260.7,42,1,3260.8,21,6,3260.9,12,1,3261.0,57,3
11536,2025-12-30 12:41:39+05:30,3260.1,4,3249.63,953249,114886.0,117173.0,3250.0,3261.3,3239.8,3251.5,43832425,3576.6,2926.4,4322.95,2866.6,3260.1,435,4,3260.0,134,5,3259.9,70,2,3259.8,90,1,3259.7,111,4,3260.4,1,1,3260.7,42,1,3260.8,21,6,3260.9,12,1,3261.0,57,3
11536,2025-12-30 12:41:39+05:30,3260.1,2,3249.63,953283,114856.0,117269.0,3250.0,3261.3,3239.8,3251.5,43832425,3576.6,2926.4,4322.95,2866.6,3260.1,401,4,3260.0,134,5,3259.9,70,2,3259.8,90,1,3259.7,71,3,3260.4,11,5,3260.6,19,1,3260.7,42,1,3260.8,24,3,3260.9,12,1
11536,2025-12-30 12:41:40+05:30,3260.1,6,3249.63,953283,114856.0,117269.0,3250.0,3261.3,3239.8,3251.5,43832425,3576.6,2926.4,4322.95,2866.6,3260.1,401,4,3260.0,134,5,3259.9,70,2,3259.8,90,1,3259.7,71,3,3260.4,11,5,3260.6,19,1,3260.7,42,1,3260.8,24,3,3260.9,12,1
11536,2025-12-30 12:41:40+05:30,3260.1,1,3249.63,953320,114636.0,117435.0,3250.0,3261.3,3239.8,3251.5,43832425,3576.6,2926.4,4322.95,2866.6,3260.1,364,4,3260.0,134,5,3259.9,70,2,3259.8,90,1,3259.7,35,2,3260.4,45,10,3260.6,58,4,3260.7,65,2,3260.8,22,2,3260.9,24,2
11536,2025-12-30 12:41:41+05:30,3260.1,3,3249.63,953320,114636.0,117435.0,3250.0,3261.3,3239.8,3251.5,43832425,3576.6,2926.4,4322.95,2866.6,3260.1,364,4,3260.0,134,5,3259.9,70,2,3259.8,90,1,3259.7,35,2,3260.4,45,10,3260.6,58,4,3260.7,65,2,3260.8,22,2,3260.9,24,2
11536,2025-12-30 12:41:41+05:30,3260.1,1,3249.63,953337,113736.0,118092.0,3250.0,3261.3,3239.8,3251.5,43832425,3576.6,2926.4,4322.95,2866.6,3260.1,347,4,3260.0,134,5,3259.9,70,2,3259.8,90,1,3259.7,35,2,3260.4,46,11,3260.6,30,2,3260.7,51,2,3260.8,45,3,3260.9,37,2
11536,2025-12-30 12:41:42+05:30,3260.1,9,3249.63,953337,113736.0,118092.0,3250.0,3261.3,3239.8,3251.5,43832425,3576.6,2926.4,4322.95,2866.6,3260.1,347,4,3260.0,134,5,3259.9,70,2,3259.8,90,1,3259.7,35,2,3260.4,46,11,3260.6,30,2,3260.7,51,2,3260.8,45,3,3260.9,37,2
11536,2025-12-30 12:41:42+05:30,3260.4,2,3249.63,953351,113745.0,117606.0,3250.0,3261.3,3239.8,3251.5,43832425,3576.6,2926.4,4322.95,2866.6,3260.1,336,4,3260.0,134,5,3259.9,70,2,3259.8,90,1,3259.7,71,3,3260.4,39,12,3260.6,17,1,3260.7,42,1,3260.8,33,2,3260.9,12,1
11536,2025-12-30 12:41:43+05:30,3260.1,1,3249.63,953351,113745.0,117606.0,3250.0,3261.3,3239.8,3251.5,43832425,3576.6,2926.4,4322.95,2866.6,3260.1,336,4,3260.0,134,5,3259.9,70,2,3259.8,90,1,3259.7,71,3,3260.4,39,12,3260.6,17,1,3260.7,42,1,3260.8,33,2,3260.9,12,1
11536,2025-12-30 12:41:43+05:30,3260.1,3,3249.63,953367,115171.0,117588.0,3250.0,3261.3,3239.8,3251.5,43832425,3576.6,2926.4,4322.95,2866.6,3260.1,324,3,3260.0,134,5,3259.9,70,2,3259.8,130,2,3259.7,71,3,3260.4,32,10,3260.6,11,1,3260.8,55,2,3260.9,12,1,3261.0,59,4
11536,2025-12-30 12:41:44+05:30,3261.0,4,3249.63,953367,115171.0,117588.0,3250.0,3261.3,3239.8,3251.5,43832425,3576.6,2926.4,4322.95,2866.6,3260.1,324,3,3260.0,134,5,3259.9,70,2,3259.8,130,2,3259.7,71,3,3260.4,32,10,3260.6,11,1,3260.8,55,2,3260.9,12,1,3261.0,59,4
11536,2025-12-30 12:41:44+05:30,3261.0,4,3249.63,953575,113942.0,117545.0,3250.0,3261.3,3239.8,3251.5,43832425,3576.6,2926.4,4322.95,2866.6,3260.1,316,3,3260.0,134,5,3259.9,70,2,3259.8,90,1,3259.7,35,2,3260.3,123,1,3260.8,63,3,3260.9,22,2,3261.0,49,4,3261.1,60,3
11536,2025-12-30 12:41:45+05:30,3260.3,1,3249.63,953575,113942.0,117545.0,3250.0,3261.3,3239.8,3251.5,43832425,3576.6,2926.4,4322.95,2866.6,3260.1,316,3,3260.0,134,5,3259.9,70,2,3259.8,90,1,3259.7,35,2,3260.3,123,1,3260.8,63,3,3260.9,22,2,3261.0,49,4,3261.1,60,3
11536,2025-12-30 12:41:45+05:30,3260.1,1,3249.63,953580,115081.0,118003.0,3250.0,3261.3,3239.8,3251.5,43832425,3576.6,2926.4,4322.95,2866.6,3260.1,315,3,3260.0,134,5,3259.9,70,2,3259.8,90,1,3259.7,35,2,3260.3,283,8,3260.4,15,2,3260.6,18,2,3260.7,41,1,3260.8,11,1
11536,2025-12-30 12:41:46+05:30,3260.3,1,3249.63,953580,115081.0,118003.0,3250.0,3261.3,3239.8,3251.5,43832425,3576.6,2926.4,4322.95,2866.6,3260.1,315,3,3260.0,134,5,3259.9,70,2,3259.8,90,1,3259.7,35,2,3260.3,283,8,3260.4,15,2,3260.6,18,2,3260.7,41,1,3260.8,11,1
11536,2025-12-30 12:41:46+05:30,3260.3,1,3249.63,953581,115420.0,117973.0,3250.0,3261.3,3239.8,3251.5,43832425,3576.6,2926.4,4322.95,2866.6,3260.1,315,3,3260.0,134,5,3259.9,70,2,3259.8,90,1,3259.7,75,3,3260.3,282,8,3260.6,7,1,3260.7,64,3,3260.9,22,2,3261.0,49,4
11536,2025-12-30 12:41:47+05:30,3260.1,1,3249.63,953581,115420.0,117973.0,3250.0,3261.3,3239.8,3251.5,43832425,3576.6,2926.4,4322.95,2866.6,3260.1,315,3,3260.0,134,5,3259.9,70,2,3259.8,90,1,3259.7,75,3,3260.3,282,8,3260.6,7,1,3260.7,64,3,3260.9,22,2,3261.0,49,4
11536,2025-12-30 12:41:47+05:30,3260.1,27,3249.64,953896,115707.0,117616.0,3250.0,3261.3,3239.8,3251.5,43832425,3576.6,2926.4,4322.95,2866.6,3260.1,559,4,3260.0,134,5,3259.9,70,2,3259.8,166,3,3259.7,35,2,3260.3,134,3,3260.8,14,1,3260.9,24,2,3261.0,31,3,3261.1,29,2
11536,2025-12-30 12:41:48+05:30,3260.1,27,3249.64,953896,115707.0,117616.0,3250.0,3261.3,3239.8,3251.5,43832425,3576.6,2926.4,4322.95,2866.6,3260.1,559,4,3260.0,134,5,3259.9,70,2,3259.8,166,3,3259.7,35,2,3260.3,134,3,3260.8,14,1,3260.9,24,2,3261.0,31,3,3261.1,29,2
11536,2025-12-30 12:41:48+05:30,3260.3,1,3249.64,953900,114627.0,117833.0,3250.0,3261.3,3239.8,3251.5,43832425,3576.6,2926.4,4322.95,2866.6,3260.1,557,5,3260.0,134,5,3259.9,70,2,3259.8,130,2,3259.7,71,3,3260.3,147,6,3260.8,41,1,3260.9,24,2,3261.0,31,3,3261.1,47,3
11536,2025-12-30 12:41:49+05:30,3260.1,42,3249.64,953900,114627.0,117833.0,3250.0,3261.3,3239.8,3251.5,43832425,3576.6,2926.4,4322.95,2866.6,3260.1,557,5,3260.0,134,5,3259.9,70,2,3259.8,130,2,3259.7,71,3,3260.3,147,6,3260.8,41,1,3260.9,24,2,3261.0,31,3,3261.1,47,3
11536,2025-12-30 12:41:49+05:30,3260.1,42,3249.64,953947,114794.0,117803.0,3250.0,3261.3,3239.8,3251.5,43832425,3576.6,2926.4,4322.95,2866.6,3260.1,510,5,3260.0,134,5,3259.9,70,2,3259.8,130,2,3259.7,71,3,3260.3,146,8,3260.8,52,2,3260.9,24,2,3261.0,34,3,3261.1,47,3
11536,2025-12-30 12:41:50+05:30,3260.1,21,3249.64,953947,114794.0,117803.0,3250.0,3261.3,3239.8,3251.5,43832425,3576.6,2926.4,4322.95,2866.6,3260.1,510,5,3260.0,134,5,3259.9,70,2,3259.8,130,2,3259.7,71,3,3260.3,146,8,3260.8,52,2,3260.9,24,2,3261.0,34,3,3261.1,47,3
11536,2025-12-30 12:41:50+05:30,3260.1,21,3249.64,954022,115033.0,117808.0,3250.0,3261.3,3239.8,3251.5,43832425,3576.6,2926.4,4322.95,2866.6,3260.1,436,5,3260.0,134,5,3259.9,70,2,3259.8,90,1,3259.7,71,3,3260.3,140,8,3260.5,11,1,3260.8,52,2,3260.9,24,2,3261.0,34,3
11536,2025-12-30 12:41:51+05:30,3260.1,14,3249.64,954022,115033.0,117808.0,3250.0,3261.3,3239.8,3251.5,43832425,3576.6,2926.4,4322.95,2866.6,3260.1,436,5,3260.0,134,5,3259.9,70,2,3259.8,90,1,3259.7,71,3,3260.3,140,8,3260.5,11,1,3260.8,52,2,3260.9,24,2,3261.0,34,3
11536,2025-12-30 12:41:51+05:30,3260.1,1,3249.64,954067,115046.0,117662.0,3250.0,3261.3,3239.8,3251.5,43832425,3576.6,2926.4,4322.95,2866.6,3260.1,394,4,3260.0,134,5,3259.9,70,2,3259.8,90,1,3259.7,71,3,3260.3,136,9,3260.8,52,2,3260.9,24,2,3261.0,34,3,3261.1,47,3
11536,2025-12-30 12:41:52+05:30,3260.1,23,3249.64,954067,115046.0,117662.0,3250.0,3261.3,3239.8,3251.5,43832425,3576.6,2926.4,4322.95,2866.6,3260.1,394,4,3260.0,134,5,3259.9,70,2,3259.8,90,1,3259.7,71,3,3260.3,136,9,3260.8,52,2,3260.9,24,2,3261.0,34,3,3261.1,47,3
11536,2025-12-30 12:41:52+05:30,3260.1,23,3249.64,954091,115273.0,117787.0,3250.0,3261.3,3239.8,3251.5,43832425,3576.6,2926.4,4322.95,2866.6,3260.1,491,5,3260.0,134,5,3259.9,70,2,3259.8,90,1,3259.7,71,3,3260.3,137,12,3260.5,11,1,3260.8,56,2,3260.9,24,2,3261.0,34,3
11536,2025-12-30 12:41:53+05:30,3260.1,8,3249.64,954091,115273.0,117787.0,3250.0,3261.3,3239.8,3251.5,43832425,3576.6,2926.4,4322.95,2866.6,3260.1,491,5,3260.0,134,5,3259.9,70,2,3259.8,90,1,3259.7,71,3,3260.3,137,12,3260.5,11,1,3260.8,56,2,3260.9,24,2,3261.0,34,3
11536,2025-12-30 12:41:53+05:30,3260.1,11,3249.64,954124,114026.0,117707.0,3250.0,3261.3,3239.8,3251.5,43832425,3576.6,2926.4,4322.95,2866.6,3260.1,461,5,3260.0,134,5,3259.9,70,2,3259.8,90,1,3259.7,71,3,3260.3,132,11,3260.7,11,1,3260.8,41,1,3260.9,24,2,3261.0,34,3
11536,2025-12-30 12:41:54+05:30,3260.1,2,3249.64,954124,114026.0,117707.0,3250.0,3261.3,3239.8,3251.5,43832425,3576.6,2926.4,4322.95,2866.6,3260.1,461,5,3260.0,134,5,3259.9,70,2,3259.8,90,1,3259.7,71,3,3260.3,132,11,3260.7,11,1,3260.8,41,1,3260.9,24,2,3261.0,34,3
11536,2025-12-30 12:41:54+05:30,3260.1,7,3249.64,954142,114996.0,117624.0,3250.0,3261.3,3239.8,3251.5,43832425,3576.6,2926.4,4322.95,2866.6,3260.1,444,5,3260.0,134,5,3259.9,70,2,3259.8,130,2,3259.7,71,3,3260.3,130,10,3260.8,41,1,3260.9,24,2,3261.0,34,3,3261.1,47,3
11536,2025-12-30 12:41:55+05:30,3260.1,4,3249.64,954142,114996.0,117624.0,3250.0,3261.3,3239.8,3251.5,43832425,3576.6,2926.4,4322.95,2866.6,3260.1,444,5,3260.0,134,5,3259.9,70,2,3259.8,130,2,3259.7,71,3,3260.3,130,10,3260.8,41,1,3260.9,24,2,3261.0,34,3,3261.1,47,3
11536,2025-12-30 12:41:55+05:30,3260.1,4,3249.64,954161,113990.0,117719.0,3250.0,3261.3,3239.8,3251.5,43832425,3576.6,2926.4,4322.95,2866.6,3260.1,428,5,3260.0,134,5,3259.9,70,2,3259.8,130,2,3259.7,71,3,3260.3,143,13,3260.6,11,1,3260.7,41,1,3260.8,11,1,3260.9,24,2
11536,2025-12-30 12:41:56+05:30,3260.1,3,3249.64,954161,113990.0,117719.0,3250.0,3261.3,3239.8,3251.5,43832425,3576.6,2926.4,4322.95,2866.6,3260.1,428,5,3260.0,134,5,3259.9,70,2,3259.8,130,2,3259.7,71,3,3260.3,143,13,3260.6,11,1,3260.7,41,1,3260.8,11,1,3260.9,24,2
11536,2025-12-30 12:41:56+05:30,3260.1,3,3249.64,954173,114658.0,117730.0,3250.0,3261.3,3239.8,3251.5,43832425,3576.6,2926.4,4322.95,2866.6,3260.1,416,5,3260.0,134,5,3259.9,70,2,3259.8,90,1,3259.7,111,4,3260.3,144,14,3260.6,11,1,3260.7,41,1,3260.8,11,1,3260.9,24,2
11536,2025-12-30 12:41:57+05:30,3260.1,1,3249.64,954173,114658.0,117730.0,3250.0,3261.3,3239.8,3251.5,43832425,3576.6,2926.4,4322.95,2866.6,3260.1,416,5,3260.0,134,5,3259.9,70,2,3259.8,90,1,3259.7,111,4,3260.3,144,14,3260.6,11,1,3260.7,41,1,3260.8,11,1,3260.9,24,2
11536,2025-12-30 12:41:57+05:30,3260.1,1,3249.64,954261,114015.0,117833.0,3250.0,3261.3,3239.8,3251.5,43832425,3576.6,2926.4,4322.95,2866.6,3260.1,333,6,3260.0,134,5,3259.9,70,2,3259.8,90,1,3259.7,35,2,3260.3,146,13,3260.5,11,1,3260.7,41,1,3260.8,11,1,3260.9,24,2
11536,2025-12-30 12:41:58+05:30,3260.1,1,3249.64,954261,114015.0,117833.0,3250.0,3261.3,3239.8,3251.5,43832425,3576.6,2926.4,4322.95,2866.6,3260.1,333,6,3260.0,134,5,3259.9,70,2,3259.8,90,1,3259.7,35,2,3260.3,146,13,3260.5,11,1,3260.7,41,1,3260.8,11,1,3260.9,24,2
11536,2025-12-30 12:41:58+05:30,3260.1,3,3249.64,954276,113995.0,117901.0,3250.0,3261.3,3239.8,3251.5,43832425,3576.6,2926.4,4322.95,2866.6,3260.1,319,7,3260.0,134,5,3259.9,70,2,3259.8,90,1,3259.7,75,3,3260.3,146,13,3260.5,11,1,3260.7,41,1,3260.8,14,1,3260.9,24,2
11536,2025-12-30 12:41:59+05:30,3260.1,1,3249.64,954276,113995.0,117901.0,3250.0,3261.3,3239.8,3251.5,43832425,3576.6,2926.4,4322.95,2866.6,3260.1,319,7,3260.0,134,5,3259.9,70,2,3259.8,90,1,3259.7,75,3,3260.3,146,13,3260.5,11,1,3260.7,41,1,3260.8,14,1,3260.9,24,2
11536,2025-12-30 12:41:59+05:30,3260.1,1,3249.64,954305,115176.0,117909.0,3250.0,3261.3,3239.8,3251.5,43832425,3576.6,2926.4,4322.95,2866.6,3260.1,290,7,3260.0,134,5,3259.9,70,2,3259.8,90,1,3259.7,35,2,3260.3,145,14,3260.7,41,1,3260.9,14,1,3261.0,19,2,3261.1,47,3
11536,2025-12-30 12:42:00+05:30,3260.3,10,3249.64,954305,115176.0,117909.0,3250.0,3261.3,3239.8,3251.5,43832425,3576.6,2926.4,4322.95,2866.6,3260.1,290,7,3260.0,134,5,3259.9,70,2,3259.8,90,1,3259.7,35,2,3260.3,145,14,3260.7,41,1,3260.9,14,1,3261.0,19,2,3261.1,47,3
11536,2025-12-30 12:42:00+05:30,3260.3,10,3249.64,954331,114155.0,117803.0,3250.0,3261.3,3239.8,3251.5,43832425,3576.6,2926.4,4322.95,2866.6,3260.1,274,7,3260.0,135,6,3259.9,70,2,3259.8,128,2,3259.7,99,5,3260.3,134,14,3260.7,41,1,3261.0,16,2,3261.1,2,1,3261.2,16,2
11536,2025-12-30 12:42:01+05:30,3260.3,1,3249.64,954331,114155.0,117803.0,3250.0,3261.3,3239.8,3251.5,43832425,3576.6,2926.4,4322.95,2866.6,3260.1,274,7,3260.0,135,6,3259.9,70,2,3259.8,128,2,3259.7,99,5,3260.3,134,14,3260.7,41,1,3261.0,16,2,3261.1,2,1,3261.2,16,2
11536,2025-12-30 12:42:01+05:30,3260.3,1,3249.64,954344,113125.0,117837.0,3250.0,3261.3,3239.8,3251.5,43832425,3576.6,2926.4,4322.95,2866.6,3260.1,262,7,3260.0,135,6,3259.9,70,2,3259.8,128,2,3259.7,71,3,3260.3,130,11,3260.4,1,1,3260.7,55,2,3261.0,16,2,3261.1,2,1
11536,2025-12-30 12:42:02+05:30,3260.1,5,3249.64,954344,113125.0,117837.0,3250.0,3261.3,3239.8,3251.5,43832425,3576.6,2926.4,4322.95,2866.6,3260.1,262,7,3260.0,135,6,3259.9,70,2,3259.8,128,2,3259.7,71,3,3260.3,130,11,3260.4,1,1,3260.7,55,2,3261.0,16,2,3261.1,2,1
11536,2025-12-30 12:42:02+05:30,3260.1,5,3249.64,954351,113282.0,117973.0,3250.0,3261.3,3239.8,3251.5,43832425,3576.6,2926.4,4322.95,2866.6,3260.1,255,7,3260.0,135,6,3259.9,70,2,3259.8,128,2,3259.7,71,3,3260.3,129,10,3260.4,1,1,3260.6,13,1,3260.8,76,3,3260.9,24,2
11536,2025-12-30 12:42:03+05:30,3260.1,4,3249.64,954366,114699.0,117894.0,3250.0,3261.3,3239.8,3251.5,43832425,3576.6,2926.4,4322.95,2866.6,3260.1,242,6,3260.0,135,6,3259.9,70,2,3259.8,128,2,3259.7,71,3,3260.3,126,10,3260.4,1,1,3260.5,13,1,3260.8,76,3,3260.9,36,3
11536,2025-12-30 12:42:03+05:30,3260.1,4,3249.64,954366,114699.0,117894.0,3250.0,3261.3,3239.8,3251.5,43832425,3576.6,2926.4,4322.95,2866.6,3260.1,242,6,3260.0,135,6,3259.9,70,2,3259.8,128,2,3259.7,71,3,3260.3,126,10,3260.4,1,1,3260.5,13,1,3260.8,76,3,3260.9,36,3
11536,2025-12-30 12:42:04+05:30,3260.1,2,3249.64,954398,115344.0,117036.0,3250.0,3261.3,3239.8,3251.5,43832425,3576.6,2926.4,4322.95,2866.6,3260.1,235,6,3260.0,135,6,3259.9,70,2,3259.8,128,2,3259.7,35,2,3260.3,131,10,3260.4,1,1,3260.9,1,1,3261.0,15,2,3261.1,25,2
11536,2025-12-30 12:42:04+05:30,3260.1,2,3249.64,954398,115344.0,117036.0,3250.0,3261.3,3239.8,3251.5,43832425,3576.6,2926.4,4322.95,2866.6,3260.1,235,6,3260.0,135,6,3259.9,70,2,3259.8,128,2,3259.7,35,2,3260.3,131,10,3260.4,1,1,3260.9,1,1,3261.0,15,2,3261.1,25,2
11536,2025-12-30 12:42:05+05:30,3260.1,1,3249.64,954407,115556.0,116902.0,3250.0,3261.3,3239.8,3251.5,43832425,3576.6,2926.4,4322.95,2866.6,3260.1,229,6,3260.0,135,6,3259.9,70,2,3259.8,164,3,3259.7,35,2,3260.3,128,10,3260.4,1,1,3260.9,1,1,3261.0,2,1,3261.1,25,2
11536,2025-12-30 12:42:05+05:30,3260.1,1,3249.64,954407,115556.0,116902.0,3250.0,3261.3,3239.8,3251.5,43832425,3576.6,2926.4,4322.95,2866.6,3260.1,229,6,3260.0,135,6,3259.9,70,2,3259.8,164,3,3259.7,35,2,3260.3,128,10,3260.4,1,1,3260.9,1,1,3261.0,2,1,3261.1,25,2
11536,2025-12-30 12:42:06+05:30,3260.1,3,3249.64,954438,114879.0,116923.0,3250.0,3261.3,3239.8,3251.5,43832425,3576.6,2926.4,4322.95,2866.6,3260.1,198,6,3260.0,135,6,3259.9,70,2,3259.8,164,3,3259.7,223,4,3260.3,129,11,3260.4,1,1,3260.9,1,1,3261.0,42,2,3261.1,25,2
11536,2025-12-30 12:42:06+05:30,3260.1,8,3249.64,954438,114879.0,116923.0,3250.0,3261.3,3239.8,3251.5,43832425,3576.6,2926.4,4322.95,2866.6,3260.1,198,6,3260.0,135,6,3259.9,70,2,3259.8,164,3,3259.7,223,4,3260.3,129,11,3260.4,1,1,3260.9,1,1,3261.0,42,2,3261.1,25,2
11536,2025-12-30 12:42:07+05:30,3260.1,1,3249.64,954526,115603.0,116941.0,3250.0,3261.3,3239.8,3251.5,43832425,3576.6,2926.4,4322.95,2866.6,3260.1,522,6,3260.0,135,6,3259.9,70,2,3259.8,339,4,3259.7,35,2,3260.3,134,14,3260.4,1,1,3260.8,13,1,3260.9,1,1,3261.0,55,3
11536,2025-12-30 12:42:07+05:30,3260.1,5,3249.64,954526,115603.0,116941.0,3250.0,3261.3,3239.8,3251.5,43832425,3576.6,2926.4,4322.95,2866.6,3260.1,522,6,3260.0,135,6,3259.9,70,2,3259.8,339,4,3259.7,35,2,3260.3,134,14,3260.4,1,1,3260.8,13,1,3260.9,1,1,3261.0,55,3
11536,2025-12-30 12:42:08+05:30,3260.3,1,3249.64,954542,114726.0,117568.0,3250.0,3261.3,3239.8,3251.5,43832425,3576.6,2926.4,4322.95,2866.6,3260.1,508,7,3260.0,135,6,3259.9,70,2,3259.8,339,4,3259.7,35,2,3260.3,135,15,3260.4,1,1,3260.8,53,2,3260.9,1,1,3261.0,15,2
11536,2025-12-30 12:42:08+05:30,3260.1,1,3249.64,954542,114726.0,117568.0,3250.0,3261.3,3239.8,3251.5,43832425,3576.6,2926.4,4322.95,2866.6,3260.1,508,7,3260.0,135,6,3259.9,70,2,3259.8,339,4,3259.7,35,2,3260.3,135,15,3260.4,1,1,3260.8,53,2,3260.9,1,1,3261.0,15,2
11536,2025-12-30 12:42:09+05:30,3260.1,4,3249.64,954552,115929.0,117568.0,3250.0,3261.3,3239.8,3251.5,43832425,3576.6,2926.4,4322.95,2866.6,3260.1,498,7,3260.0,135,6,3259.9,70,2,3259.8,339,4,3259.7,35,2,3260.3,135,15,3260.4,1,1,3260.8,53,2,3260.9,1,1,3261.0,15,2
11536,2025-12-30 12:42:09+05:30,3260.1,1,3249.64,954552,115929.0,117568.0,3250.0,3261.3,3239.8,3251.5,43832425,3576.6,2926.4,4322.95,2866.6,3260.1,498,7,3260.0,135,6,3259.9,70,2,3259.8,339,4,3259.7,35,2,3260.3,135,15,3260.4,1,1,3260.8,53,2,3260.9,1,1,3261.0,15,2
11536,2025-12-30 12:42:10+05:30,3260.3,20,3249.65,954755,116018.0,116117.0,3250.0,3261.3,3239.8,3251.5,43832425,3576.6,2926.4,4322.95,2866.6,3260.1,481,8,3260.0,135,6,3259.9,106,3,3259.8,286,3,3259.7,35,2,3260.3,109,2,3260.4,1,1,3260.8,53,2,3260.9,1,1,3261.0,15,2
11536,2025-12-30 12:42:10+05:30,3260.3,1,3249.65,954755,116018.0,116117.0,3250.0,3261.3,3239.8,3251.5,43832425,3576.6,2926.4,4322.95,2866.6,3260.1,481,8,3260.0,135,6,3259.9,106,3,3259.8,286,3,3259.7,35,2,3260.3,109,2,3260.4,1,1,3260.8,53,2,3260.9,1,1,3261.0,15,2
11536,2025-12-30 12:42:11+05:30,3260.3,1,3249.65,954762,116177.0,115546.0,3250.0,3261.3,3239.8,3251.5,43832425,3576.6,2926.4,4322.95,2866.6,3260.1,475,8,3260.0,135,6,3259.9,70,2,3259.8,322,4,3259.7,35,2,3260.3,113,5,3260.4,1,1,3260.8,53,2,3260.9,1,1,3261.0,15,2
11536,2025-12-30 12:42:11+05:30,3260.1,3,3249.65,954762,116177.0,115546.0,3250.0,3261.3,3239.8,3251.5,43832425,3576.6,2926.4,4322.95,2866.6,3260.1,475,8,3260.0,135,6,3259.9,70,2,3259.8,322,4,3259.7,35,2,3260.3,113,5,3260.4,1,1,3260.8,53,2,3260.9,1,1,3261.0,15,2
11536,2025-12-30 12:42:12+05:30,3260.2,30,3249.65,955106,116623.0,115135.0,3250.0,3261.3,3239.8,3251.5,43832425,3576.6,2926.4,4322.95,2866.6,3260.1,580,13,3260.0,155,7,3259.9,121,5,3259.8,361,6,3259.7,49,3,3260.4,12,2,3260.9,1,1,3261.0,5,1,3261.2,2,1,3261.3,1,1
11536,2025-12-30 12:42:12+05:30,3260.2,30,3249.65,955106,116623.0,115135.0,3250.0,3261.3,3239.8,3251.5,43832425,3576.6,2926.4,4322.95,2866.6,3260.1,580,13,3260.0,155,7,3259.9,121,5,3259.8,361,6,3259.7,49,3,3260.4,12,2,3260.9,1,1,3261.0,5,1,3261.2,2,1,3261.3,1,1
11536,2025-12-30 12:42:13+05:30,3260.1,1,3249.65,955113,116795.0,115249.0,3250.0,3261.3,3239.8,3251.5,43832425,3576.6,2926.4,4322.95,2866.6,3260.1,527,10,3260.0,173,7,3259.9,154,6,3259.8,361,6,3259.7,73,4,3260.4,14,4,3260.9,1,1,3261.0,5,1,3261.2,2,1,3261.3,1,1
11536,2025-12-30 12:42:13+05:30,3260.1,1,3249.65,955113,116795.0,115249.0,3250.0,3261.3,3239.8,3251.5,43832425,3576.6,2926.4,4322.95,2866.6,3260.1,527,10,3260.0,173,7,3259.9,154,6,3259.8,361,6,3259.7,73,4,3260.4,14,4,3260.9,1,1,3261.0,5,1,3261.2,2,1,3261.3,1,1
11536,2025-12-30 12:42:14+05:30,3260.1,51,3249.65,955210,116697.0,115379.0,3250.0,3261.3,3239.8,3251.5,43832425,3576.6,2926.4,4322.95,2866.6,3260.1,417,6,3260.0,186,8,3259.9,121,5,3259.8,393,7,3259.7,73,4,3260.4,8,3,3260.9,1,1,3261.0,5,1,3261.2,2,1,3261.3,1,1
11536,2025-12-30 12:42:14+05:30,3260.1,51,3249.65,955210,116697.0,115379.0,3250.0,3261.3,3239.8,3251.5,43832425,3576.6,2926.4,4322.95,2866.6,3260.1,417,6,3260.0,186,8,3259.9,121,5,3259.8,393,7,3259.7,73,4,3260.4,8,3,3260.9,1,1,3261.0,5,1,3261.2,2,1,3261.3,1,1
11536,2025-12-30 12:42:15+05:30,3260.1,2,3249.65,955214,115242.0,115384.0,3250.0,3261.3,3239.8,3251.5,43832425,3576.6,2926.4,4322.95,2866.6,3260.1,588,9,3260.0,193,8,3259.9,137,5,3259.8,416,8,3259.7,73,4,3260.4,14,7,3260.9,1,1,3261.0,5,1,3261.2,2,1,3261.3,1,1
11536,2025-12-30 12:42:15+05:30,3260.1,50,3249.65,955214,115242.0,115384.0,3250.0,3261.3,3239.8,3251.5,43832425,3576.6,2926.4,4322.95,2866.6,3260.1,588,9,3260.0,193,8,3259.9,137,5,3259.8,416,8,3259.7,73,4,3260.4,14,7,3260.9,1,1,3261.0,5,1,3261.2,2,1,3261.3,1,1
11536,2025-12-30 12:42:16+05:30,3260.1,29,3249.65,955298,118030.0,115717.0,3250.0,3261.3,3239.8,3251.5,43832425,3576.6,2926.4,4322.95,2866.6,3260.1,480,7,3260.0,330,8,3259.9,137,5,3259.8,481,8,3259.7,73,4,3260.4,7,6,3260.9,1,1,3261.0,5,1,3261.2,2,1,3261.3,1,1
11536,2025-12-30 12:42:16+05:30,3260.4,1,3249.65,955298,118030.0,115717.0,3250.0,3261.3,3239.8,3251.5,43832425,3576.6,2926.4,4322.95,2866.6,3260.1,480,7,3260.0,330,8,3259.9,137,5,3259.8,481,8,3259.7,73,4,3260.4,7,6,3260.9,1,1,3261.0,5,1,3261.2,2,1,3261.3,1,1
11536,2025-12-30 12:42:17+05:30,3260.1,30,3249.65,955567,115727.0,116357.0,3250.0,3261.6,3239.8,3251.5,43832425,3576.6,2926.4,4322.95,2866.6,3260.1,332,5,3260.0,310,7,3259.9,84,3,3259.8,430,6,3259.7,62,4,3260.2,59,2,3261.5,11,1,3261.6,49,3,3261.7,39,2,3261.8,184,5
11536,2025-12-30 12:42:17+05:30,3260.1,30,3249.65,955567,115727.0,116357.0,3250.0,3261.6,3239.8,3251.5,43832425,3576.6,2926.4,4322.95,2866.6,3260.1,332,5,3260.0,310,7,3259.9,84,3,3259.8,430,6,3259.7,62,4,3260.2,59,2,3261.5,11,1,3261.6,49,3,3261.7,39,2,3261.8,184,5
11536,2025-12-30 12:42:18+05:30,3260.2,1,3249.66,955740,116752.0,116289.0,3250.0,3261.6,3239.8,3251.5,43832425,3576.6,2926.4,4322.95,2866.6,3260.2,194,2,3260.1,330,7,3260.0,379,10,3259.9,106,4,3259.8,901,10,3260.8,10,2,3261.3,38,1,3261.4,14,1,3261.6,18,2,3261.7,30,1
11536,2025-12-30 12:42:18+05:30,3260.2,1,3249.66,955740,116752.0,116289.0,3250.0,3261.6,3239.8,3251.5,43832425,3576.6,2926.4,4322.95,2866.6,3260.2,194,2,3260.1,330,7,3260.0,379,10,3259.9,106,4,3259.8,901,10,3260.8,10,2,3261.3,38,1,3261.4,14,1,3261.6,18,2,3261.7,30,1
11536,2025-12-30 12:42:19+05:30,3260.2,1,3249.66,955740,114443.0,116608.0,3250.0,3261.6,3239.8,3251.5,43832425,3576.6,2926.4,4322.95,2866.6,3260.2,175,1,3260.1,331,8,3260.0,379,10,3259.9,70,2,3259.8,536,8,3260.8,27,4,3261.0,11,1,3261.1,22,1,3261.2,51,3,3261.3,38,1
11536,2025-12-30 12:42:20+05:30,3260.3,15,3249.66,955740,114443.0,116608.0,3250.0,3261.6,3239.8,3251.5,43832425,3576.6,2926.4,4322.95,2866.6,3260.2,175,1,3260.1,331,8,3260.0,379,10,3259.9,70,2,3259.8,536,8,3260.8,27,4,3261.0,11,1,3261.1,22,1,3261.2,51,3,3261.3,38,1
11536,2025-12-30 12:42:20+05:30,3260.3,15,3249.66,955780,117238.0,116687.0,3250.0,3261.6,3239.8,3251.5,43832425,3576.6,2926.4,4322.95,2866.6,3260.2,323,3,3260.1,334,9,3260.0,372,10,3259.9,108,3,3259.8,478,8,3260.3,9,3,3260.8,17,2,3261.2,14,1,3261.4,14,1,3261.5,39,2
11536,2025-12-30 12:42:21+05:30,3260.3,1,3249.66,955780,117238.0,116687.0,3250.0,3261.6,3239.8,3251.5,43832425,3576.6,2926.4,4322.95,2866.6,3260.2,323,3,3260.1,334,9,3260.0,372,10,3259.9,108,3,3259.8,478,8,3260.3,9,3,3260.8,17,2,3261.2,14,1,3261.4,14,1,3261.5,39,2
11536,2025-12-30 12:42:21+05:30,3260.3,1,3249.66,955841,117907.0,116446.0,3250.0,3261.6,3239.8,3251.5,43832425,3576.6,2926.4,4322.95,2866.6,3260.2,297,3,3260.1,324,8,3260.0,379,10,3259.9,108,3,3259.8,450,7,3260.8,14,1,3261.5,42,3,3261.6,21,2,3261.7,63,2,3261.8,96,5
11536,2025-12-30 12:42:22+05:30,3260.2,50,3249.66,955841,117907.0,116446.0,3250.0,3261.6,3239.8,3251.5,43832425,3576.6,2926.4,4322.95,2866.6,3260.2,297,3,3260.1,324,8,3260.0,379,10,3259.9,108,3,3259.8,450,7,3260.8,14,1,3261.5,42,3,3261.6,21,2,3261.7,63,2,3261.8,96,5
11536,2025-12-30 12:42:22+05:30,3260.2,50,3249.66,955891,115274.0,117050.0,3250.0,3261.6,3239.8,3251.5,43832425,3576.6,2926.4,4322.95,2866.6,3260.2,103,2,3260.1,324,8,3260.0,166,8,3259.9,70,2,3259.8,111,2,3260.8,36,7,3260.9,43,3,3261.0,72,3,3261.2,32,2,3261.4,48,3
11536,2025-12-30 12:42:23+05:30,3260.8,3,3249.66,955891,115274.0,117050.0,3250.0,3261.6,3239.8,3251.5,43832425,3576.6,2926.4,4322.95,2866.6,3260.2,103,2,3260.1,324,8,3260.0,166,8,3259.9,70,2,3259.8,111,2,3260.8,36,7,3260.9,43,3,3261.0,72,3,3261.2,32,2,3261.4,48,3
11536,2025-12-30 12:42:23+05:30,3260.8,3,3249.66,955894,115494.0,117108.0,3250.0,3261.6,3239.8,3251.5,43832425,3576.6,2926.4,4322.95,2866.6,3260.2,103,2,3260.1,323,7,3260.0,167,9,3259.9,70,2,3259.8,111,2,3260.8,52,9,3260.9,43,3,3261.0,72,3,3261.1,24,1,3261.2,70,3
11536,2025-12-30 12:42:24+05:30,3260.2,15,3249.66,955894,115494.0,117108.0,3250.0,3261.6,3239.8,3251.5,43832425,3576.6,2926.4,4322.95,2866.6,3260.2,103,2,3260.1,323,7,3260.0,167,9,3259.9,70,2,3259.8,111,2,3260.8,52,9,3260.9,43,3,3261.0,72,3,3261.1,24,1,3261.2,70,3
11536,2025-12-30 12:42:24+05:30,3260.2,3,3249.66,955930,115463.0,117117.0,3250.0,3261.6,3239.8,3251.5,43832425,3576.6,2926.4,4322.95,2866.6,3260.2,67,2,3260.1,323,7,3260.0,167,9,3259.9,70,2,3259.8,111,2,3260.8,51,10,3260.9,43,3,3261.0,110,4,3261.1,24,1,3261.2,70,3
11536,2025-12-30 12:42:25+05:30,3260.7,8,3249.66,955930,115463.0,117117.0,3250.0,3261.6,3239.8,3251.5,43832425,3576.6,2926.4,4322.95,2866.6,3260.2,67,2,3260.1,323,7,3260.0,167,9,3259.9,70,2,3259.8,111,2,3260.8,51,10,3260.9,43,3,3261.0,110,4,3261.1,24,1,3261.2,70,3
11536,2025-12-30 12:42:25+05:30,3260.2,1,3249.66,955965,115090.0,117078.0,3250.0,3261.6,3239.8,3251.5,43832425,3576.6,2926.4,4322.95,2866.6,3260.2,41,2,3260.1,323,7,3260.0,146,8,3259.9,70,2,3259.8,111,2,3260.7,66,4,3260.8,45,11,3260.9,43,3,3261.0,71,3,3261.1,24,1
11536,2025-12-30 12:42:26+05:30,3260.2,3,3249.66,955965,115090.0,117078.0,3250.0,3261.6,3239.8,3251.5,43832425,3576.6,2926.4,4322.95,2866.6,3260.2,41,2,3260.1,323,7,3260.0,146,8,3259.9,70,2,3259.8,111,2,3260.7,66,4,3260.8,45,11,3260.9,43,3,3261.0,71,3,3261.1,24,1
11536,2025-12-30 12:42:26+05:30,3260.2,3,3249.66,955982,114751.0,117135.0,3250.0,3261.6,3239.8,3251.5,43832425,3576.6,2926.4,4322.95,2866.6,3260.2,24,2,3260.1,323,7,3260.0,146,8,3259.9,70,2,3259.8,111,2,3260.7,111,11,3260.8,33,8,3260.9,43,3,3261.0,33,2,3261.1,24,1
11536,2025-12-30 12:42:27+05:30,3260.2,2,3249.66,955982,114751.0,117135.0,3250.0,3261.6,3239.8,3251.5,43832425,3576.6,2926.4,4322.95,2866.6,3260.2,24,2,3260.1,323,7,3260.0,146,8,3259.9,70,2,3259.8,111,2,3260.7,111,11,3260.8,33,8,3260.9,43,3,3261.0,33,2,3261.1,24,1
11536,2025-12-30 12:42:27+05:30,3260.2,1,3249.66,956030,114369.0,118021.0,3250.0,3261.6,3239.8,3251.5,43832425,3576.6,2926.4,4322.95,2866.6,3260.1,315,7,3260.0,146,8,3259.9,70,2,3259.8,90,1,3259.7,35,2,3260.2,24,7,3260.3,22,1,3260.4,56,4,3260.5,63,2,3260.6,32,2
11536,2025-12-30 12:42:28+05:30,3260.0,3,3249.66,956030,114369.0,118021.0,3250.0,3261.6,3239.8,3251.5,43832425,3576.6,2926.4,4322.95,2866.6,3260.1,315,7,3260.0,146,8,3259.9,70,2,3259.8,90,1,3259.7,35,2,3260.2,24,7,3260.3,22,1,3260.4,56,4,3260.5,63,2,3260.6,32,2
11536,2025-12-30 12:42:28+05:30,3260.0,4,3249.68,957769,113347.0,119867.0,3250.0,3261.6,3239.8,3251.5,43832425,3576.6,2926.4,4322.95,2866.6,3260.0,179,3,3259.9,70,2,3259.8,90,1,3259.7,35,2,3259.6,34,2,3260.1,112,7,3260.2,76,8,3260.3,22,1,3260.4,154,5,3260.5,62,2
11536,2025-12-30 12:42:29+05:30,3259.9,4,3249.68,957769,113347.0,119867.0,3250.0,3261.6,3239.8,3251.5,43832425,3576.6,2926.4,4322.95,2866.6,3260.0,179,3,3259.9,70,2,3259.8,90,1,3259.7,35,2,3259.6,34,2,3260.1,112,7,3260.2,76,8,3260.3,22,1,3260.4,154,5,3260.5,62,2
11536,2025-12-30 12:42:29+05:30,3259.9,3,3249.7,960197,110982.0,121249.0,3250.0,3261.6,3239.8,3251.5,43832425,3576.6,2926.4,4322.95,2866.6,3259.9,16,1,3259.8,90,1,3259.7,35,2,3259.6,13,1,3259.5,62,2,3260.0,93,5,3260.1,152,7,3260.2,45,4,3260.3,1,1,3260.4,150,4
11536,2025-12-30 12:42:30+05:30,3259.7,1,3249.7,960197,110982.0,121249.0,3250.0,3261.6,3239.8,3251.5,43832425,3576.6,2926.4,4322.95,2866.6,3259.9,16,1,3259.8,90,1,3259.7,35,2,3259.6,13,1,3259.5,62,2,3260.0,93,5,3260.1,152,7,3260.2,45,4,3260.3,1,1,3260.4,150,4
11536,2025-12-30 12:42:30+05:30,3259.7,7,3249.71,960387,111289.0,121385.0,3250.0,3261.6,3239.8,3251.5,43832425,3576.6,2926.4,4322.95,2866.6,3259.7,27,2,3259.6,13,1,3259.5,62,2,3259.4,14,1,3259.3,4,1,3259.9,143,8,3260.0,73,6,3260.1,122,6,3260.2,63,4,3260.3,24,2
11536,2025-12-30 12:42:31+05:30,3259.5,31,3249.71,960387,111289.0,121385.0,3250.0,3261.6,3239.8,3251.5,43832425,3576.6,2926.4,4322.95,2866.6,3259.7,27,2,3259.6,13,1,3259.5,62,2,3259.4,14,1,3259.3,4,1,3259.9,143,8,3260.0,73,6,3260.1,122,6,3260.2,63,4,3260.3,24,2
11536,2025-12-30 12:42:31+05:30,3259.5,1,3249.71,960863,111643.0,120614.0,3250.0,3261.6,3239.8,3251.5,43832425,3576.6,2926.4,4322.95,2866.6,3259.5,30,2,3259.4,14,1,3259.3,4,1,3259.2,106,5,3259.1,27,3,3259.7,122,7,3259.8,38,1,3259.9,121,10,3260.0,104,7,3260.1,25,3
11536,2025-12-30 12:42:32+05:30,3259.4,124,3249.71,960863,111643.0,120614.0,3250.0,3261.6,3239.8,3251.5,43832425,3576.6,2926.4,4322.95,2866.6,3259.5,30,2,3259.4,14,1,3259.3,4,1,3259.2,106,5,3259.1,27,3,3259.7,122,7,3259.8,38,1,3259.9,121,10,3260.0,104,7,3260.1,25,3
11536,2025-12-30 12:42:32+05:30,3259.4,124,3249.72,961440,111450.0,120101.0,3250.0,3261.6,3239.8,3251.5,43832425,3576.6,2926.4,4322.95,2866.6,3259.3,4,1,3259.2,106,5,3259.1,27,3,3259.0,532,3,3258.9,8,1,3259.4,37,1,3259.5,17,2,3259.7,82,8,3259.8,17,1,3259.9,6,4
11536,2025-12-30 12:42:33+05:30,3259.2,27,3249.72,961440,111450.0,120101.0,3250.0,3261.6,3239.8,3251.5,43832425,3576.6,2926.4,4322.95,2866.6,3259.3,4,1,3259.2,106,5,3259.1,27,3,3259.0,532,3,3258.9,8,1,3259.4,37,1,3259.5,17,2,3259.7,82,8,3259.8,17,1,3259.9,6,4
11536,2025-12-30 12:42:33+05:30,3259.2,27,3249.72,961502,110339.0,120042.0,3250.0,3261.6,3239.8,3251.5,43832425,3576.6,2926.4,4322.95,2866.6,3259.2,79,5,3259.1,27,3,3259.0,532,3,3258.9,8,1,3258.7,500,1,3259.3,31,4,3259.4,66,5,3259.5,7,2,3259.6,17,1,3259.7,36,7
11536,2025-12-30 12:42:34+05:30,3259.2,55,3249.72,961502,110339.0,120042.0,3250.0,3261.6,3239.8,3251.5,43832425,3576.6,2926.4,4322.95,2866.6,3259.2,79,5,3259.1,27,3,3259.0,532,3,3258.9,8,1,3258.7,500,1,3259.3,31,4,3259.4,66,5,3259.5,7,2,3259.6,17,1,3259.7,36,7
11536,2025-12-30 12:42:34+05:30,3259.2,55,3249.72,962152,110761.0,120361.0,3250.0,3261.6,3239.8,3251.5,43832425,3576.6,2926.4,4322.95,2866.6,3259.2,285,3,3259.1,27,3,3259.0,532,3,3258.9,8,1,3258.7,500,1,3259.3,69,11,3259.4,77,6,3259.5,1,1,3259.6,17,1,3259.7,44,3
11536,2025-12-30 12:42:35+05:30,3259.2,238,3249.72,962152,110761.0,120361.0,3250.0,3261.6,3239.8,3251.5,43832425,3576.6,2926.4,4322.95,2866.6,3259.2,285,3,3259.1,27,3,3259.0,532,3,3258.9,8,1,3258.7,500,1,3259.3,69,11,3259.4,77,6,3259.5,1,1,3259.6,17,1,3259.7,44,3
11536,2025-12-30 12:42:35+05:30,3259.2,238,3249.73,963126,110992.0,120737.0,3250.0,3261.6,3239.8,3251.5,43832425,3576.6,2926.4,4322.95,2866.6,3259.2,168,3,3259.1,27,3,3259.0,532,3,3258.9,8,1,3258.7,500,1,3259.3,99,14,3259.4,9,1,3259.6,17,1,3259.8,40,2,3259.9,70,2
11536,2025-12-30 12:42:36+05:30,3259.3,9,3249.73,963126,110992.0,120737.0,3250.0,3261.6,3239.8,3251.5,43832425,3576.6,2926.4,4322.95,2866.6,3259.2,168,3,3259.1,27,3,3259.0,532,3,3258.9,8,1,3258.7,500,1,3259.3,99,14,3259.4,9,1,3259.6,17,1,3259.8,40,2,3259.9,70,2
11536,2025-12-30 12:42:36+05:30,3259.3,1,3249.74,963664,115525.0,119203.0,3250.0,3261.6,3239.8,3251.5,43832425,3576.6,2926.4,4322.95,2866.6,3259.2,295,5,3259.1,26,3,3259.0,892,8,3258.9,56,3,3258.8,175,1,3259.3,84,10,3260.0,5,1,3260.3,1,1,3260.5,19,2,3260.7,30,1
11536,2025-12-30 12:42:37+05:30,3259.3,8,3249.74,963664,115525.0,119203.0,3250.0,3261.6,3239.8,3251.5,43832425,3576.6,2926.4,4322.95,2866.6,3259.2,295,5,3259.1,26,3,3259.0,892,8,3258.9,56,3,3258.8,175,1,3259.3,84,10,3260.0,5,1,3260.3,1,1,3260.5,19,2,3260.7,30,1
11536,2025-12-30 12:42:37+05:30,3260.0,1,3249.75,964388,114559.0,116796.0,3250.0,3261.6,3239.8,3251.5,43832425,3576.6,2926.4,4322.95,2866.6,3259.5,38,1,3259.4,162,5,3259.3,291,6,3259.2,198,7,3259.1,369,8,3260.0,32,3,3260.3,1,1,3260.7,30,1,3260.9,22,1,3261.1,40,2
11536,2025-12-30 12:42:38+05:30,3260.0,3,3249.75,964388,114559.0,116796.0,3250.0,3261.6,3239.8,3251.5,43832425,3576.6,2926.4,4322.95,2866.6,3259.5,38,1,3259.4,162,5,3259.3,291,6,3259.2,198,7,3259.1,369,8,3260.0,32,3,3260.3,1,1,3260.7,30,1,3260.9,22,1,3261.1,40,2
11536,2025-12-30 12:42:38+05:30,3260.0,1,3249.75,964396,114497.0,116845.0,3250.0,3261.6,3239.8,3251.5,43832425,3576.6,2926.4,4322.95,2866.6,3259.5,184,6,3259.4,101,3,3259.3,83,4,3259.2,373,8,3259.1,452,7,3260.0,27,5,3260.3,1,1,3260.7,30,1,3261.1,17,1,3261.2,36,2
11536,2025-12-30 12:42:39+05:30,3259.6,10,3249.75,964396,114497.0,116845.0,3250.0,3261.6,3239.8,3251.5,43832425,3576.6,2926.4,4322.95,2866.6,3259.5,184,6,3259.4,101,3,3259.3,83,4,3259.2,373,8,3259.1,452,7,3260.0,27,5,3260.3,1,1,3260.7,30,1,3261.1,17,1,3261.2,36,2
11536,2025-12-30 12:42:39+05:30,3259.6,10,3249.75,964556,114896.0,116868.0,3250.0,3261.6,3239.8,3251.5,43832425,3576.6,2926.4,4322.95,2866.6,3259.6,162,5,3259.5,12,1,3259.4,91,3,3259.3,31,3,3259.2,372,8,3260.0,58,6,3260.3,1,1,3261.0,5,1,3261.1,17,1,3261.2,61,3
11536,2025-12-30 12:42:40+05:30,3259.5,27,3249.75,964556,114896.0,116868.0,3250.0,3261.6,3239.8,3251.5,43832425,3576.6,2926.4,4322.95,2866.6,3259.6,162,5,3259.5,12,1,3259.4,91,3,3259.3,31,3,3259.2,372,8,3260.0,58,6,3260.3,1,1,3261.0,5,1,3261.1,17,1,3261.2,61,3
11536,2025-12-30 12:42:40+05:30,3259.5,27,3249.75,964674,114394.0,117613.0,3250.0,3261.6,3239.8,3251.5,43832425,3576.6,2926.4,4322.95,2866.6,3259.6,25,1,3259.5,178,2,3259.4,38,1,3259.3,259,3,3259.2,148,5,3260.0,69,8,3260.3,1,1,3260.8,16,1,3261.0,37,3,3261.2,16,1
11536,2025-12-30 12:42:41+05:30,3259.4,2,3249.75,964674,114394.0,117613.0,3250.0,3261.6,3239.8,3251.5,43832425,3576.6,2926.4,4322.95,2866.6,3259.6,25,1,3259.5,178,2,3259.4,38,1,3259.3,259,3,3259.2,148,5,3260.0,69,8,3260.3,1,1,3260.8,16,1,3261.0,37,3,3261.2,16,1
11536,2025-12-30 12:42:41+05:30,3259.4,2,3249.75,964676,113271.0,117836.0,3250.0,3261.6,3239.8,3251.5,43832425,3576.6,2926.4,4322.95,2866.6,3259.4,23,1,3259.3,1,1,3259.1,56,4,3259.0,556,5,3258.9,78,3,3259.6,1,1,3260.0,74,9,3260.3,1,1,3260.4,16,1,3260.5,35,2
11536,2025-12-30 12:42:42+05:30,3259.8,2,3249.75,964676,113271.0,117836.0,3250.0,3261.6,3239.8,3251.5,43832425,3576.6,2926.4,4322.95,2866.6,3259.4,23,1,3259.3,1,1,3259.1,56,4,3259.0,556,5,3258.9,78,3,3259.6,1,1,3260.0,74,9,3260.3,1,1,3260.4,16,1,3260.5,35,2
11536,2025-12-30 12:42:42+05:30,3260.0,4,3249.75,964764,114049.0,117822.0,3250.0,3261.6,3239.8,3251.5,43832425,3576.6,2926.4,4322.95,2866.6,3259.8,19,1,3259.7,118,1,3259.4,20,1,3259.2,22,1,3259.1,26,3,3260.0,61,8,3260.2,33,1,3260.3,1,1,3260.4,16,1,3260.5,62,3
11536,2025-12-30 12:42:43+05:30,3259.8,1,3249.75,964764,114049.0,117822.0,3250.0,3261.6,3239.8,3251.5,43832425,3576.6,2926.4,4322.95,2866.6,3259.8,19,1,3259.7,118,1,3259.4,20,1,3259.2,22,1,3259.1,26,3,3260.0,61,8,3260.2,33,1,3260.3,1,1,3260.4,16,1,3260.5,62,3
11536,2025-12-30 12:42:43+05:30,3259.8,1,3249.75,964825,112794.0,118627.0,3250.0,3261.6,3239.8,3251.5,43832425,3576.6,2926.4,4322.95,2866.6,3259.8,13,1,3259.7,113,1,3259.4,20,1,3259.2,22,1,3259.1,26,3,3260.0,62,13,3260.3,1,1,3260.4,33,1,3260.5,62,3,3260.6,60,3
11536,2025-12-30 12:42:44+05:30,3259.8,8,3249.75,964825,112794.0,118627.0,3250.0,3261.6,3239.8,3251.5,43832425,3576.6,2926.4,4322.95,2866.6,3259.8,13,1,3259.7,113,1,3259.4,20,1,3259.2,22,1,3259.1,26,3,3260.0,62,13,3260.3,1,1,3260.4,33,1,3260.5,62,3,3260.6,60,3
11536,2025-12-30 12:42:44+05:30,3259.8,8,3249.75,964859,112767.0,118479.0,3250.0,3261.6,3239.8,3251.5,43832425,3576.6,2926.4,4322.95,2866.6,3259.8,7,1,3259.7,110,1,3259.4,20,1,3259.2,22,1,3259.1,26,3,3260.0,61,13,3260.2,43,2,3260.3,1,1,3260.4,54,2,3260.5,24,2
11536,2025-12-30 12:42:45+05:30,3259.8,9,3249.75,964859,112767.0,118479.0,3250.0,3261.6,3239.8,3251.5,43832425,3576.6,2926.4,4322.95,2866.6,3259.8,7,1,3259.7,110,1,3259.4,20,1,3259.2,22,1,3259.1,26,3,3260.0,61,13,3260.2,43,2,3260.3,1,1,3260.4,54,2,3260.5,24,2
11536,2025-12-30 12:42:45+05:30,3259.8,9,3249.75,964891,114195.0,118503.0,3250.0,3261.6,3239.8,3251.5,43832425,3576.6,2926.4,4322.95,2866.6,3259.8,1,1,3259.7,110,1,3259.4,20,1,3259.2,22,1,3259.1,52,5,3260.0,57,11,3260.3,1,1,3260.5,2,1,3260.9,53,3,3261.0,5,1
11536,2025-12-30 12:42:46+05:30,3259.8,10,3249.75,964891,114195.0,118503.0,3250.0,3261.6,3239.8,3251.5,43832425,3576.6,2926.4,4322.95,2866.6,3259.8,1,1,3259.7,110,1,3259.4,20,1,3259.2,22,1,3259.1,52,5,3260.0,57,11,3260.3,1,1,3260.5,2,1,3260.9,53,3,3261.0,5,1
11536,2025-12-30 12:42:46+05:30,3259.8,27,3249.75,965006,115440.0,116925.0,3250.0,3261.6,3239.8,3251.5,43832425,3576.6,2926.4,4322.95,2866.6,3259.8,25,1,3259.7,99,1,3259.5,26,1,3259.4,122,4,3259.3,566,5,3260.0,53,8,3260.3,1,1,3260.9,37,2,3261.0,21,2,3261.1,55,2
11536,2025-12-30 12:42:47+05:30,3259.8,27,3249.75,965006,115440.0,116925.0,3250.0,3261.6,3239.8,3251.5,43832425,3576.6,2926.4,4322.95,2866.6,3259.8,25,1,3259.7,99,1,3259.5,26,1,3259.4,122,4,3259.3,566,5,3260.0,53,8,3260.3,1,1,3260.9,37,2,3261.0,21,2,3261.1,55,2
11536,2025-12-30 12:42:47+05:30,3260.0,1,3249.75,965130,115684.0,115494.0,3250.0,3261.6,3239.8,3251.5,43832425,3576.6,2926.4,4322.95,2866.6,3260.0,25,1,3259.9,169,2,3259.8,51,4,3259.7,421,5,3259.6,424,5,3260.3,1,1,3261.0,5,1,3261.4,19,1,3261.5,25,1,3261.6,4,1
11536,2025-12-30 12:42:48+05:30,3259.9,125,3249.75,965130,115684.0,115494.0,3250.0,3261.6,3239.8,3251.5,43832425,3576.6,2926.4,4322.95,2866.6,3260.0,25,1,3259.9,169,2,3259.8,51,4,3259.7,421,5,3259.6,424,5,3260.3,1,1,3261.0,5,1,3261.4,19,1,3261.5,25,1,3261.6,4,1
11536,2025-12-30 12:42:48+05:30,3260.1,1,3249.76,965398,115302.0,116333.0,3250.0,3261.6,3239.8,3251.5,43832425,3576.6,2926.4,4322.95,2866.6,3260.1,62,3,3260.0,89,3,3259.9,279,3,3259.8,118,6,3259.7,299,3,3260.3,15,5,3261.0,5,1,3261.5,16,1,3261.6,4,1,3261.7,163,4
11536,2025-12-30 12:42:49+05:30,3260.1,1,3249.76,965398,115302.0,116333.0,3250.0,3261.6,3239.8,3251.5,43832425,3576.6,2926.4,4322.95,2866.6,3260.1,62,3,3260.0,89,3,3259.9,279,3,3259.8,118,6,3259.7,299,3,3260.3,15,5,3261.0,5,1,3261.5,16,1,3261.6,4,1,3261.7,163,4
11536,2025-12-30 12:42:49+05:30,3260.3,1,3249.76,965554,115753.0,114986.0,3250.0,3261.6,3239.8,3251.5,43832425,3576.6,2926.4,4322.95,2866.6,3260.3,244,1,3260.2,24,1,3260.0,123,4,3259.9,175,1,3259.8,206,7,3261.0,5,1,3261.3,33,1,3261.4,19,2,3261.5,63,4,3261.6,28,2
11536,2025-12-30 12:42:50+05:30,3261.0,1,3249.76,965554,115753.0,114986.0,3250.0,3261.6,3239.8,3251.5,43832425,3576.6,2926.4,4322.95,2866.6,3260.3,244,1,3260.2,24,1,3260.0,123,4,3259.9,175,1,3259.8,206,7,3261.0,5,1,3261.3,33,1,3261.4,19,2,3261.5,63,4,3261.6,28,2
11536,2025-12-30 12:42:50+05:30,3261.0,1,3249.76,965555,115509.0,116678.0,3250.0,3261.6,3239.8,3251.5,43832425,3576.6,2926.4,4322.95,2866.6,3260.3,244,1,3260.2,24,1,3260.0,60,2,3259.9,175,1,3259.8,126,4,3261.0,51,5,3261.1,31,3,3261.2,53,2,3261.3,14,1,3261.4,51,4
11536,2025-12-30 12:42:51+05:30,3260.3,8,3249.76,965615,116723.0,116872.0,3250.0,3261.6,3239.8,3251.5,43832425,3576.6,2926.4,4322.95,2866.6,3260.3,187,1,3260.2,24,1,3260.0,22,1,3259.9,175,1,3259.8,126,4,3261.0,43,4,3261.1,31,3,3261.2,75,3,3261.3,38,2,3261.4,76,5
11536,2025-12-30 12:42:52+05:30,3260.3,19,3249.76,965615,116723.0,116872.0,3250.0,3261.6,3239.8,3251.5,43832425,3576.6,2926.4,4322.95,2866.6,3260.3,187,1,3260.2,24,1,3260.0,22,1,3259.9,175,1,3259.8,126,4,3261.0,43,4,3261.1,31,3,3261.2,75,3,3261.3,38,2,3261.4,76,5
11536,2025-12-30 12:42:52+05:30,3260.3,19,3249.76,965634,114603.0,117783.0,3250.0,3261.6,3239.8,3251.5,43832425,3576.6,2926.4,4322.95,2866.6,3260.3,168,1,3260.2,24,1,3259.8,21,2,3259.6,119,2,3259.4,20,1,3260.7,68,5,3260.8,63,3,3260.9,56,3,3261.0,62,9,3261.1,33,2
11536,2025-12-30 12:42:53+05:30,3260.3,1,3249.76,965634,114603.0,117783.0,3250.0,3261.6,3239.8,3251.5,43832425,3576.6,2926.4,4322.95,2866.6,3260.3,168,1,3260.2,24,1,3259.8,21,2,3259.6,119,2,3259.4,20,1,3260.7,68,5,3260.8,63,3,3260.9,56,3,3261.0,62,9,3261.1,33,2
11536,2025-12-30 12:42:53+05:30,3260.3,1,3249.76,965663,114299.0,119315.0,3250.0,3261.6,3239.8,3251.5,43832425,3576.6,2926.4,4322.95,2866.6,3260.3,142,1,3260.2,24,1,3259.8,20,1,3259.6,119,2,3259.4,20,1,3260.6,48,8,3260.7,24,4,3260.8,95,5,3260.9,56,3,3261.0,59,8
11536,2025-12-30 12:42:54+05:30,3260.4,2,3249.76,965663,114299.0,119315.0,3250.0,3261.6,3239.8,3251.5,43832425,3576.6,2926.4,4322.95,2866.6,3260.3,142,1,3260.2,24,1,3259.8,20,1,3259.6,119,2,3259.4,20,1,3260.6,48,8,3260.7,24,4,3260.8,95,5,3260.9,56,3,3261.0,59,8
11536,2025-12-30 12:42:54+05:30,3260.4,2,3249.76,965683,113225.0,119272.0,3250.0,3261.6,3239.8,3251.5,43832425,3576.6,2926.4,4322.95,2866.6,3260.4,108,2,3260.3,126,2,3260.2,24,1,3259.8,20,1,3259.6,20,1,3260.6,51,11,3260.7,24,4,3260.8,85,4,3260.9,24,2,3261.0,56,6
11536,2025-12-30 12:42:55+05:30,3260.4,1,3249.76,965683,113225.0,119272.0,3250.0,3261.6,3239.8,3251.5,43832425,3576.6,2926.4,4322.95,2866.6,3260.4,108,2,3260.3,126,2,3260.2,24,1,3259.8,20,1,3259.6,20,1,3260.6,51,11,3260.7,24,4,3260.8,85,4,3260.9,24,2,3261.0,56,6
11536,2025-12-30 12:42:55+05:30,3260.4,1,3249.76,965715,113153.0,119266.0,3250.0,3261.6,3239.8,3251.5,43832425,3576.6,2926.4,4322.95,2866.6,3260.4,78,2,3260.3,126,2,3260.2,24,1,3259.8,20,1,3259.6,20,1,3260.6,48,10,3260.7,23,3,3260.8,85,4,3260.9,24,2,3261.0,54,4
11536,2025-12-30 12:42:56+05:30,3260.4,5,3249.76,965715,113153.0,119266.0,3250.0,3261.6,3239.8,3251.5,43832425,3576.6,2926.4,4322.95,2866.6,3260.4,78,2,3260.3,126,2,3260.2,24,1,3259.8,20,1,3259.6,20,1,3260.6,48,10,3260.7,23,3,3260.8,85,4,3260.9,24,2,3261.0,54,4
11536,2025-12-30 12:42:56+05:30,3260.4,1,3249.76,965731,112975.0,119276.0,3250.0,3261.6,3239.8,3251.5,43832425,3576.6,2926.4,4322.95,2866.6,3260.4,1,1,3260.3,126,2,3260.2,24,1,3259.8,20,1,3259.6,20,1,3260.6,48,10,3260.7,16,1,3260.8,85,4,3260.9,31,3,3261.0,54,4
11536,2025-12-30 12:42:57+05:30,3260.4,6,3249.76,965731,112975.0,119276.0,3250.0,3261.6,3239.8,3251.5,43832425,3576.6,2926.4,4322.95,2866.6,3260.4,1,1,3260.3,126,2,3260.2,24,1,3259.8,20,1,3259.6,20,1,3260.6,48,10,3260.7,16,1,3260.8,85,4,3260.9,31,3,3261.0,54,4
11536,2025-12-30 12:42:57+05:30,3260.3,3,3249.76,965823,113025.0,119185.0,3250.0,3261.6,3239.8,3251.5,43832425,3576.6,2926.4,4322.95,2866.6,3260.3,123,2,3260.2,24,1,3259.9,4,1,3259.8,20,1,3259.6,20,1,3260.4,11,4,3260.5,32,1,3260.6,25,9,3260.7,16,1,3260.8,85,4
11536,2025-12-30 12:42:58+05:30,3260.3,3,3249.76,965823,113025.0,119185.0,3250.0,3261.6,3239.8,3251.5,43832425,3576.6,2926.4,4322.95,2866.6,3260.3,123,2,3260.2,24,1,3259.9,4,1,3259.8,20,1,3259.6,20,1,3260.4,11,4,3260.5,32,1,3260.6,25,9,3260.7,16,1,3260.8,85,4
11536,2025-12-30 12:42:58+05:30,3260.3,5,3249.76,965835,115283.0,119017.0,3250.0,3261.6,3239.8,3251.5,43832425,3576.6,2926.4,4322.95,2866.6,3260.3,112,3,3260.2,24,1,3259.9,4,1,3259.6,20,1,3259.4,20,1,3260.4,14,7,3260.5,32,1,3260.6,30,5,3260.7,53,2,3260.8,48,3
11536,2025-12-30 12:42:59+05:30,3260.3,2,3249.76,965835,115283.0,119017.0,3250.0,3261.6,3239.8,3251.5,43832425,3576.6,2926.4,4322.95,2866.6,3260.3,112,3,3260.2,24,1,3259.9,4,1,3259.6,20,1,3259.4,20,1,3260.4,14,7,3260.5,32,1,3260.6,30,5,3260.7,53,2,3260.8,48,3
11536,2025-12-30 12:42:59+05:30,3260.3,1,3249.76,965869,115033.0,119189.0,3250.0,3261.6,3239.8,3251.5,43832425,3576.6,2926.4,4322.95,2866.6,3260.3,78,3,3260.2,24,1,3259.9,4,1,3259.6,20,1,3259.4,58,2,3260.4,15,8,3260.5,32,1,3260.6,26,3,3260.7,53,2,3260.8,48,3
11536,2025-12-30 12:43:00+05:30,3260.3,14,3249.76,965869,115033.0,119189.0,3250.0,3261.6,3239.8,3251.5,43832425,3576.6,2926.4,4322.95,2866.6,3260.3,78,3,3260.2,24,1,3259.9,4,1,3259.6,20,1,3259.4,58,2,3260.4,15,8,3260.5,32,1,3260.6,26,3,3260.7,53,2,3260.8,48,3
11536,2025-12-30 12:43:00+05:30,3260.4,1,3249.77,966679,113680.0,118919.0,3250.0,3261.6,3239.8,3251.5,43832425,3576.6,2926.4,4322.95,2866.6,3260.3,235,3,3260.2,24,1,3259.9,4,1,3259.6,100,3,3259.4,423,4,3260.4,29,3,3260.8,16,1,3261.0,17,2,3261.1,35,1,3261.2,16,1
11536,2025-12-30 12:43:01+05:30,3260.4,5,3249.77,966679,113680.0,118919.0,3250.0,3261.6,3239.8,3251.5,43832425,3576.6,2926.4,4322.95,2866.6,3260.3,235,3,3260.2,24,1,3259.9,4,1,3259.6,100,3,3259.4,423,4,3260.4,29,3,3260.8,16,1,3261.0,17,2,3261.1,35,1,3261.2,16,1
11536,2025-12-30 12:43:01+05:30,3260.4,5,3249.77,966755,115645.0,118964.0,3250.0,3261.6,3239.8,3251.5,43832425,3576.6,2926.4,4322.95,2866.6,3260.3,202,3,3260.2,24,1,3260.0,500,1,3259.9,4,1,3259.6,205,4,3260.4,34,5,3260.6,10,1,3260.8,16,1,3260.9,35,1,3261.0,17,2
11536,2025-12-30 12:43:02+05:30,3260.3,94,3249.77,966755,115645.0,118964.0,3250.0,3261.6,3239.8,3251.5,43832425,3576.6,2926.4,4322.95,2866.6,3260.3,202,3,3260.2,24,1,3260.0,500,1,3259.9,4,1,3259.6,205,4,3260.4,34,5,3260.6,10,1,3260.8,16,1,3260.9,35,1,3261.0,17,2
11536,2025-12-30 12:43:02+05:30,3260.3,94,3249.77,966849,115647.0,119040.0,3250.0,3261.6,3239.8,3251.5,43832425,3576.6,2926.4,4322.95,2866.6,3260.3,108,3,3260.2,24,1,3260.0,500,1,3259.9,4,1,3259.6,183,3,3260.4,56,8,3260.6,10,1,3260.8,16,1,3260.9,65,3,3261.0,42,3
11536,2025-12-30 12:43:03+05:30,3260.3,49,3249.77,966849,115647.0,119040.0,3250.0,3261.6,3239.8,3251.5,43832425,3576.6,2926.4,4322.95,2866.6,3260.3,108,3,3260.2,24,1,3260.0,500,1,3259.9,4,1,3259.6,183,3,3260.4,56,8,3260.6,10,1,3260.8,16,1,3260.9,65,3,3261.0,42,3
11536,2025-12-30 12:43:03+05:30,3260.3,49,3249.77,966955,115992.0,119128.0,3250.0,3261.6,3239.8,3251.5,43832425,3576.6,2926.4,4322.95,2866.6,3260.3,413,3,3260.2,24,1,3260.1,10,1,3260.0,500,1,3259.9,4,1,3260.4,62,10,3260.5,10,1,3260.8,16,1,3260.9,65,3,3261.0,42,3
11536,2025-12-30 12:43:04+05:30,3260.4,2,3249.77,966955,115992.0,119128.0,3250.0,3261.6,3239.8,3251.5,43832425,3576.6,2926.4,4322.95,2866.6,3260.3,413,3,3260.2,24,1,3260.1,10,1,3260.0,500,1,3259.9,4,1,3260.4,62,10,3260.5,10,1,3260.8,16,1,3260.9,65,3,3261.0,42,3
11536,2025-12-30 12:43:04+05:30,3260.3,1,3249.78,967054,116525.0,118791.0,3250.0,3261.6,3239.8,3251.5,43832425,3576.6,2926.4,4322.95,2866.6,3260.3,388,3,3260.2,24,1,3260.1,10,1,3260.0,500,1,3259.9,4,1,3260.4,19,9,3260.7,10,1,3260.9,22,1,3261.0,34,3,3261.2,64,3
11536,2025-12-30 12:43:05+05:30,3260.4,1,3249.78,967054,116525.0,118791.0,3250.0,3261.6,3239.8,3251.5,43832425,3576.6,2926.4,4322.95,2866.6,3260.3,388,3,3260.2,24,1,3260.1,10,1,3260.0,500,1,3259.9,4,1,3260.4,19,9,3260.7,10,1,3260.9,22,1,3261.0,34,3,3261.2,64,3
11536,2025-12-30 12:43:05+05:30,3260.3,16,3249.78,967118,116502.0,118450.0,3250.0,3261.6,3239.8,3251.5,43832425,3576.6,2926.4,4322.95,2866.6,3260.3,325,3,3260.2,24,1,3260.1,10,1,3260.0,500,1,3259.9,4,1,3260.4,14,9,3260.9,10,1,3261.0,1,1,3261.1,35,1,3261.2,32,2
11536,2025-12-30 12:43:06+05:30,3260.4,1,3249.78,967118,116502.0,118450.0,3250.0,3261.6,3239.8,3251.5,43832425,3576.6,2926.4,4322.95,2866.6,3260.3,325,3,3260.2,24,1,3260.1,10,1,3260.0,500,1,3259.9,4,1,3260.4,14,9,3260.9,10,1,3261.0,1,1,3261.1,35,1,3261.2,32,2
11536,2025-12-30 12:43:06+05:30,3260.3,8,3249.78,967193,116087.0,117564.0,3250.0,3261.6,3239.8,3251.5,43832425,3576.6,2926.4,4322.95,2866.6,3260.3,285,3,3260.2,24,1,3260.1,40,2,3260.0,540,2,3259.9,38,3,3260.4,11,8,3261.0,2,2,3261.3,16,1,3261.4,2,1,3261.6,37,3
11536,2025-12-30 12:43:07+05:30,3260.3,1,3249.78,967193,116087.0,117564.0,3250.0,3261.6,3239.8,3251.5,43832425,3576.6,2926.4,4322.95,2866.6,3260.3,285,3,3260.2,24,1,3260.1,40,2,3260.0,540,2,3259.9,38,3,3260.4,11,8,3261.0,2,2,3261.3,16,1,3261.4,2,1,3261.6,37,3
11536,2025-12-30 12:43:07+05:30,3260.3,2,3249.78,967285,116102.0,117578.0,3250.0,3261.6,3239.8,3251.5,43832425,3576.6,2926.4,4322.95,2866.6,3260.3,194,4,3260.2,24,1,3260.1,10,1,3260.0,540,2,3259.9,4,1,3260.4,12,8,3261.0,3,3,3261.2,16,1,3261.4,18,2,3261.6,46,4
11536,2025-12-30 12:43:08+05:30,3260.3,3,3249.78,967285,116102.0,117578.0,3250.0,3261.6,3239.8,3251.5,43832425,3576.6,2926.4,4322.95,2866.6,3260.3,194,4,3260.2,24,1,3260.1,10,1,3260.0,540,2,3259.9,4,1,3260.4,12,8,3261.0,3,3,3261.2,16,1,3261.4,18,2,3261.6,46,4
11536,2025-12-30 12:43:08+05:30,3260.3,5,3249.78,967320,116715.0,117749.0,3250.0,3261.6,3239.8,3251.5,43832425,3576.6,2926.4,4322.95,2866.6,3260.3,167,4,3260.2,24,1,3260.1,10,1,3260.0,540,2,3259.9,4,1,3260.4,11,9,3261.0,3,3,3261.1,16,1,3261.4,34,3,3261.6,46,4
11536,2025-12-30 12:43:09+05:30,3260.4,1,3249.78,967320,116715.0,117749.0,3250.0,3261.6,3239.8,3251.5,43832425,3576.6,2926.4,4322.95,2866.6,3260.3,167,4,3260.2,24,1,3260.1,10,1,3260.0,540,2,3259.9,4,1,3260.4,11,9,3261.0,3,3,3261.1,16,1,3261.4,34,3,3261.6,46,4
11536,2025-12-30 12:43:09+05:30,3260.3,2,3249.78,967356,115634.0,118251.0,3250.0,3261.6,3239.8,3251.5,43832425,3576.6,2926.4,4322.95,2866.6,3260.3,135,4,3260.2,24,1,3260.1,10,1,3260.0,540,2,3259.9,4,1,3260.4,24,9,3260.9,30,2,3261.0,58,5,3261.2,16,1,3261.4,34,3
11536,2025-12-30 12:43:10+05:30,3260.3,3,3249.78,967356,115634.0,118251.0,3250.0,3261.6,3239.8,3251.5,43832425,3576.6,2926.4,4322.95,2866.6,3260.3,135,4,3260.2,24,1,3260.1,10,1,3260.0,540,2,3259.9,4,1,3260.4,24,9,3260.9,30,2,3261.0,58,5,3261.2,16,1,3261.4,34,3
11536,2025-12-30 12:43:10+05:30,3260.3,1,3249.78,967470,114626.0,118939.0,3250.0,3261.6,3239.8,3251.5,43832425,3576.6,2926.4,4322.95,2866.6,3260.3,118,4,3260.2,24,1,3260.1,10,1,3260.0,500,1,3259.9,4,1,3260.4,22,4,3260.9,26,3,3261.0,38,4,3261.1,11,1,3261.2,52,3
11536,2025-12-30 12:43:11+05:30,3260.3,3,3249.78,967470,114626.0,118939.0,3250.0,3261.6,3239.8,3251.5,43832425,3576.6,2926.4,4322.95,2866.6,3260.3,118,4,3260.2,24,1,3260.1,10,1,3260.0,500,1,3259.9,4,1,3260.4,22,4,3260.9,26,3,3261.0,38,4,3261.1,11,1,3261.2,52,3
11536,2025-12-30 12:43:11+05:30,3260.4,2,3249.78,967565,113805.0,118275.0,3250.0,3261.6,3239.8,3251.5,43832425,3576.6,2926.4,4322.95,2866.6,3260.3,25,4,3260.2,24,1,3260.1,10,1,3260.0,500,1,3259.9,4,1,3260.4,29,9,3260.8,37,1,3260.9,47,4,3261.0,32,4,3261.1,31,1
11536,2025-12-30 12:43:12+05:30,3260.4,1,3249.78,967565,113805.0,118275.0,3250.0,3261.6,3239.8,3251.5,43832425,3576.6,2926.4,4322.95,2866.6,3260.3,25,4,3260.2,24,1,3260.1,10,1,3260.0,500,1,3259.9,4,1,3260.4,29,9,3260.8,37,1,3260.9,47,4,3261.0,32,4,3261.1,31,1
11536,2025-12-30 12:43:12+05:30,3260.4,2,3249.78,967603,113251.0,118107.0,3250.0,3261.6,3239.8,3251.5,43832425,3576.6,2926.4,4322.95,2866.6,3260.3,404,4,3260.2,24,1,3260.1,10,1,3260.0,500,1,3259.9,4,1,3260.4,25,11,3260.8,37,1,3260.9,38,3,3261.0,47,5,3261.1,31,1
11536,2025-12-30 12:43:13+05:30,3260.3,27,3249.78,967603,113251.0,118107.0,3250.0,3261.6,3239.8,3251.5,43832425,3576.6,2926.4,4322.95,2866.6,3260.3,404,4,3260.2,24,1,3260.1,10,1,3260.0,500,1,3259.9,4,1,3260.4,25,11,3260.8,37,1,3260.9,38,3,3261.0,47,5,3261.1,31,1
11536,2025-12-30 12:43:13+05:30,3260.3,2,3249.78,967638,114563.0,119182.0,3250.0,3261.6,3239.8,3251.5,43832425,3576.6,2926.4,4322.95,2866.6,3260.3,421,4,3260.2,24,1,3260.1,10,1,3260.0,500,1,3259.9,4,1,3260.4,19,10,3260.8,37,1,3260.9,22,1,3261.0,47,5,3261.1,31,1
11536,2025-12-30 12:43:14+05:30,3260.3,1,3249.78,967638,114563.0,119182.0,3250.0,3261.6,3239.8,3251.5,43832425,3576.6,2926.4,4322.95,2866.6,3260.3,421,4,3260.2,24,1,3260.1,10,1,3260.0,500,1,3259.9,4,1,3260.4,19,10,3260.8,37,1,3260.9,22,1,3261.0,47,5,3261.1,31,1
11536,2025-12-30 12:43:14+05:30,3260.3,14,3249.78,967681,113407.0,118865.0,3250.0,3261.6,3239.8,3251.5,43832425,3576.6,2926.4,4322.95,2866.6,3260.3,379,4,3260.2,24,1,3260.1,10,1,3260.0,500,1,3259.9,4,1,3260.4,15,10,3260.8,30,1,3261.0,3,3,3261.2,50,3,3261.3,36,1
11536,2025-12-30 12:43:15+05:30,3260.3,1,3249.78,967681,113407.0,118865.0,3250.0,3261.6,3239.8,3251.5,43832425,3576.6,2926.4,4322.95,2866.6,3260.3,379,4,3260.2,24,1,3260.1,10,1,3260.0,500,1,3259.9,4,1,3260.4,15,10,3260.8,30,1,3261.0,3,3,3261.2,50,3,3261.3,36,1
11536,2025-12-30 12:43:15+05:30,3260.3,5,3249.78,967698,114875.0,118904.0,3250.0,3261.6,3239.8,3251.5,43832425,3576.6,2926.4,4322.95,2866.6,3260.3,363,4,3260.2,24,1,3260.1,10,1,3260.0,500,1,3259.9,4,1,3260.4,23,12,3260.8,30,1,3261.0,3,3,3261.2,50,3,3261.3,51,2
11536,2025-12-30 12:43:16+05:30,3260.3,1,3249.78,967698,114875.0,118904.0,3250.0,3261.6,3239.8,3251.5,43832425,3576.6,2926.4,4322.95,2866.6,3260.3,363,4,3260.2,24,1,3260.1,10,1,3260.0,500,1,3259.9,4,1,3260.4,23,12,3260.8,30,1,3261.0,3,3,3261.2,50,3,3261.3,51,2
11536,2025-12-30 12:43:16+05:30,3260.3,1,3249.78,967711,115078.0,119208.0,3250.0,3261.6,3239.8,3251.5,43832425,3576.6,2926.4,4322.95,2866.6,3260.3,351,4,3260.2,24,1,3260.1,10,1,3260.0,500,1,3259.9,44,2,3260.4,23,13,3260.8,30,1,3261.0,3,3,3261.1,37,1,3261.2,28,2
11536,2025-12-30 12:43:17+05:30,3260.3,2,3249.78,967711,115078.0,119208.0,3250.0,3261.6,3239.8,3251.5,43832425,3576.6,2926.4,4322.95,2866.6,3260.3,351,4,3260.2,24,1,3260.1,10,1,3260.0,500,1,3259.9,44,2,3260.4,23,13,3260.8,30,1,3261.0,3,3,3261.1,37,1,3261.2,28,2
11536,2025-12-30 12:43:17+05:30,3260.3,2,3249.78,967859,114010.0,119718.0,3250.0,3261.6,3239.8,3251.5,43832425,3576.6,2926.4,4322.95,2866.6,3260.3,203,4,3260.2,24,1,3260.1,10,1,3260.0,500,1,3259.9,4,1,3260.4,29,13,3260.6,13,2,3260.7,14,1,3260.8,37,2,3260.9,59,2
11536,2025-12-30 12:43:18+05:30,3260.7,2,3249.79,968109,114223.0,119028.0,3250.0,3261.6,3239.8,3251.5,43832425,3576.6,2926.4,4322.95,2866.6,3260.3,204,5,3260.2,24,1,3260.1,10,1,3260.0,500,1,3259.9,4,1,3260.8,91,6,3261.0,17,4,3261.1,27,1,3261.2,64,4,3261.3,61,2
11536,2025-12-30 12:43:18+05:30,3260.7,2,3249.79,968109,114223.0,119028.0,3250.0,3261.6,3239.8,3251.5,43832425,3576.6,2926.4,4322.95,2866.6,3260.3,204,5,3260.2,24,1,3260.1,10,1,3260.0,500,1,3259.9,4,1,3260.8,91,6,3261.0,17,4,3261.1,27,1,3261.2,64,4,3261.3,61,2
11536,2025-12-30 12:43:19+05:30,3260.3,1,3249.79,968109,114223.0,119028.0,3250.0,3261.6,3239.8,3251.5,43832425,3576.6,2926.4,4322.95,2866.6,3260.3,204,5,3260.2,24,1,3260.1,10,1,3260.0,500,1,3259.9,4,1,3260.8,91,6,3261.0,17,4,3261.1,27,1,3261.2,64,4,3261.3,61,2
11536,2025-12-30 12:43:19+05:30,3260.3,1,3249.79,968113,115167.0,118526.0,3250.0,3261.6,3239.8,3251.5,43832425,3576.6,2926.4,4322.95,2866.6,3260.3,229,7,3260.2,24,1,3260.1,18,2,3260.0,550,3,3259.9,80,4,3260.4,1,1,3260.8,44,5,3261.0,3,3,3261.1,27,1,3261.2,22,1
11536,2025-12-30 12:43:20+05:30,3260.3,67,3249.79,968113,115167.0,118526.0,3250.0,3261.6,3239.8,3251.5,43832425,3576.6,2926.4,4322.95,2866.6,3260.3,229,7,3260.2,24,1,3260.1,18,2,3260.0,550,3,3259.9,80,4,3260.4,1,1,3260.8,44,5,3261.0,3,3,3261.1,27,1,3261.2,22,1
11536,2025-12-30 12:43:20+05:30,3260.3,67,3249.79,968227,115492.0,118974.0,3250.0,3261.6,3239.8,3251.5,43832425,3576.6,2926.4,4322.95,2866.6,3260.3,143,6,3260.2,24,1,3260.1,10,1,3260.0,540,2,3259.9,4,1,3260.8,18,6,3261.0,17,4,3261.1,37,1,3261.2,36,2,3261.3,41,2
11536,2025-12-30 12:43:21+05:30,3260.3,31,3249.79,968258,115103.0,118948.0,3250.0,3261.6,3239.8,3251.5,43832425,3576.6,2926.4,4322.95,2866.6,3260.3,112,6,3260.2,24,1,3260.1,10,1,3260.0,540,2,3259.9,4,1,3260.8,14,8,3261.0,17,4,3261.1,37,1,3261.2,36,2,3261.3,41,2
11536,2025-12-30 12:43:21+05:30,3260.3,31,3249.79,968258,115103.0,118948.0,3250.0,3261.6,3239.8,3251.5,43832425,3576.6,2926.4,4322.95,2866.6,3260.3,112,6,3260.2,24,1,3260.1,10,1,3260.0,540,2,3259.9,4,1,3260.8,14,8,3261.0,17,4,3261.1,37,1,3261.2,36,2,3261.3,41,2
11536,2025-12-30 12:43:22+05:30,3260.3,20,3249.79,968293,115242.0,118956.0,3250.0,3261.6,3239.8,3251.5,43832425,3576.6,2926.4,4322.95,2866.6,3260.3,77,6,3260.2,24,1,3260.1,10,1,3260.0,500,1,3259.9,44,2,3260.8,11,7,3260.9,9,1,3261.0,40,4,3261.1,15,1,3261.2,36,2
11536,2025-12-30 12:43:22+05:30,3260.3,5,3249.79,968293,115242.0,118956.0,3250.0,3261.6,3239.8,3251.5,43832425,3576.6,2926.4,4322.95,2866.6,3260.3,77,6,3260.2,24,1,3260.1,10,1,3260.0,500,1,3259.9,44,2,3260.8,11,7,3260.9,9,1,3261.0,40,4,3261.1,15,1,3261.2,36,2
11536,2025-12-30 12:43:23+05:30,3260.3,9,3249.79,968322,113965.0,119052.0,3250.0,3261.6,3239.8,3251.5,43832425,3576.6,2926.4,4322.95,2866.6,3260.3,63,4,3260.2,24,1,3260.1,10,1,3260.0,500,1,3259.9,4,1,3260.8,22,11,3260.9,19,1,3261.0,87,7,3261.1,11,1,3261.2,51,3
11536,2025-12-30 12:43:23+05:30,3260.8,1,3249.79,968322,113965.0,119052.0,3250.0,3261.6,3239.8,3251.5,43832425,3576.6,2926.4,4322.95,2866.6,3260.3,63,4,3260.2,24,1,3260.1,10,1,3260.0,500,1,3259.9,4,1,3260.8,22,11,3260.9,19,1,3261.0,87,7,3261.1,11,1,3261.2,51,3
11536,2025-12-30 12:43:24+05:30,3260.3,18,3249.79,968355,115356.0,119012.0,3250.0,3261.6,3239.8,3251.5,43832425,3576.6,2926.4,4322.95,2866.6,3260.3,41,5,3260.2,24,1,3260.1,10,1,3259.9,4,1,3259.8,20,1,3260.8,10,10,3260.9,37,1,3261.0,3,3,3261.2,37,2,3261.3,25,1
11536,2025-12-30 12:43:24+05:30,3260.3,1,3249.79,968355,115356.0,119012.0,3250.0,3261.6,3239.8,3251.5,43832425,3576.6,2926.4,4322.95,2866.6,3260.3,41,5,3260.2,24,1,3260.1,10,1,3259.9,4,1,3259.8,20,1,3260.8,10,10,3260.9,37,1,3261.0,3,3,3261.2,37,2,3261.3,25,1
11536,2025-12-30 12:43:25+05:30,3260.8,1,3249.79,968381,114961.0,118780.0,3250.0,3261.6,3239.8,3251.5,43832425,3576.6,2926.4,4322.95,2866.6,3260.3,22,3,3260.2,24,1,3260.1,28,2,3259.9,27,2,3259.8,38,2,3260.8,7,7,3261.0,3,3,3261.2,22,1,3261.3,25,1,3261.4,18,2
11536,2025-12-30 12:43:25+05:30,3260.3,4,3249.79,968381,114961.0,118780.0,3250.0,3261.6,3239.8,3251.5,43832425,3576.6,2926.4,4322.95,2866.6,3260.3,22,3,3260.2,24,1,3260.1,28,2,3259.9,27,2,3259.8,38,2,3260.8,7,7,3261.0,3,3,3261.2,22,1,3261.3,25,1,3261.4,18,2
11536,2025-12-30 12:43:26+05:30,3260.3,3,3249.79,968400,116036.0,118853.0,3250.0,3261.6,3239.8,3251.5,43832425,3576.6,2926.4,4322.95,2866.6,3260.3,14,2,3260.2,24,1,3260.1,10,1,3259.9,4,1,3259.8,45,2,3260.8,8,8,3261.0,3,3,3261.1,14,1,3261.2,73,3,3261.3,25,1
11536,2025-12-30 12:43:26+05:30,3260.3,8,3249.79,968400,116036.0,118853.0,3250.0,3261.6,3239.8,3251.5,43832425,3576.6,2926.4,4322.95,2866.6,3260.3,14,2,3260.2,24,1,3260.1,10,1,3259.9,4,1,3259.8,45,2,3260.8,8,8,3261.0,3,3,3261.1,14,1,3261.2,73,3,3261.3,25,1
11536,2025-12-30 12:43:27+05:30,3260.2,8,3249.79,968463,114255.0,119073.0,3250.0,3261.6,3239.8,3251.5,43832425,3576.6,2926.4,4322.95,2866.6,3260.2,16,1,3260.1,10,1,3259.9,4,1,3259.8,20,1,3259.6,358,6,3260.3,11,3,3260.8,6,6,3261.0,12,4,3261.2,88,4,3261.3,25,1
11536,2025-12-30 12:43:27+05:30,3260.2,1,3249.79,968463,114255.0,119073.0,3250.0,3261.6,3239.8,3251.5,43832425,3576.6,2926.4,4322.95,2866.6,3260.2,16,1,3260.1,10,1,3259.9,4,1,3259.8,20,1,3259.6,358,6,3260.3,11,3,3260.8,6,6,3261.0,12,4,3261.2,88,4,3261.3,25,1
11536,2025-12-30 12:43:28+05:30,3260.2,3,3249.79,968463,114255.0,119073.0,3250.0,3261.6,3239.8,3251.5,43832425,3576.6,2926.4,4322.95,2866.6,3260.2,16,1,3260.1,10,1,3259.9,4,1,3259.8,20,1,3259.6,358,6,3260.3,11,3,3260.8,6,6,3261.0,12,4,3261.2,88,4,3261.3,25,1
11536,2025-12-30 12:43:28+05:30,3260.2,3,3249.79,968485,115640.0,119056.0,3250.0,3261.6,3239.8,3251.5,43832425,3576.6,2926.4,4322.95,2866.6,3260.2,22,1,3260.1,10,1,3259.9,4,1,3259.6,300,4,3259.5,3,1,3260.3,61,11,3260.8,57,3,3260.9,32,2,3261.0,12,4,3261.1,12,1
11536,2025-12-30 12:43:29+05:30,3260.2,1,3249.79,968485,115640.0,119056.0,3250.0,3261.6,3239.8,3251.5,43832425,3576.6,2926.4,4322.95,2866.6,3260.2,22,1,3260.1,10,1,3259.9,4,1,3259.6,300,4,3259.5,3,1,3260.3,61,11,3260.8,57,3,3260.9,32,2,3261.0,12,4,3261.1,12,1
11536,2025-12-30 12:43:29+05:30,3260.2,1,3249.79,968537,113021.0,120800.0,3250.0,3261.6,3239.8,3251.5,43832425,3576.6,2926.4,4322.95,2866.6,3260.2,22,1,3260.1,8,1,3259.9,4,1,3259.6,20,1,3259.4,20,1,3260.3,60,12,3260.5,4,1,3260.6,87,4,3260.7,30,2,3260.8,30,2
11536,2025-12-30 12:43:30+05:30,3260.2,23,3249.79,968537,113021.0,120800.0,3250.0,3261.6,3239.8,3251.5,43832425,3576.6,2926.4,4322.95,2866.6,3260.2,22,1,3260.1,8,1,3259.9,4,1,3259.6,20,1,3259.4,20,1,3260.3,60,12,3260.5,4,1,3260.6,87,4,3260.7,30,2,3260.8,30,2
11536,2025-12-30 12:43:30+05:30,3260.2,5,3249.79,968745,112467.0,121080.0,3250.0,3261.6,3239.8,3251.5,43832425,3576.6,2926.4,4322.95,2866.6,3260.0,25,1,3259.9,4,1,3259.4,20,1,3259.2,22,1,3259.1,53,6,3260.2,53,6,3260.3,56,10,3260.4,53,4,3260.5,24,2,3260.6,46,3
11536,2025-12-30 12:43:31+05:30,3260.0,2,3249.79,968745,112467.0,121080.0,3250.0,3261.6,3239.8,3251.5,43832425,3576.6,2926.4,4322.95,2866.6,3260.0,25,1,3259.9,4,1,3259.4,20,1,3259.2,22,1,3259.1,53,6,3260.2,53,6,3260.3,56,10,3260.4,53,4,3260.5,24,2,3260.6,46,3
11536,2025-12-30 12:43:31+05:30,3260.0,1,3249.8,968950,112622.0,121605.0,3250.0,3261.6,3239.8,3251.5,43832425,3576.6,2926.4,4322.95,2866.6,3260.0,24,1,3259.9,4,1,3259.4,20,1,3259.2,22,1,3259.1,53,6,3260.1,20,5,3260.2,63,7,3260.3,33,4,3260.4,33,3,3260.5,24,2
11536,2025-12-30 12:43:32+05:30,3260.0,3,3249.8,968950,112622.0,121605.0,3250.0,3261.6,3239.8,3251.5,43832425,3576.6,2926.4,4322.95,2866.6,3260.0,24,1,3259.9,4,1,3259.4,20,1,3259.2,22,1,3259.1,53,6,3260.1,20,5,3260.2,63,7,3260.3,33,4,3260.4,33,3,3260.5,24,2
11536,2025-12-30 12:43:32+05:30,3260.0,17,3249.8,969257,113193.0,121432.0,3250.0,3261.6,3239.8,3251.5,43832425,3576.6,2926.4,4322.95,2866.6,3260.0,8,1,3259.9,4,1,3259.4,20,1,3259.2,22,1,3259.1,53,6,3260.2,26,7,3260.3,39,2,3260.4,39,3,3260.5,57,2,3260.6,24,2
11536,2025-12-30 12:43:33+05:30,3260.0,7,3249.8,969257,113193.0,121432.0,3250.0,3261.6,3239.8,3251.5,43832425,3576.6,2926.4,4322.95,2866.6,3260.0,8,1,3259.9,4,1,3259.4,20,1,3259.2,22,1,3259.1,53,6,3260.2,26,7,3260.3,39,2,3260.4,39,3,3260.5,57,2,3260.6,24,2
11536,2025-12-30 12:43:33+05:30,3260.0,11,3249.8,969276,112358.0,121525.0,3250.0,3261.6,3239.8,3251.5,43832425,3576.6,2926.4,4322.95,2866.6,3260.0,14,1,3259.9,4,1,3259.4,20,1,3259.2,26,2,3259.1,53,6,3260.2,31,10,3260.3,65,2,3260.4,53,4,3260.5,25,2,3260.6,24,2
11536,2025-12-30 12:43:34+05:30,3260.0,1,3249.8,969276,112358.0,121525.0,3250.0,3261.6,3239.8,3251.5,43832425,3576.6,2926.4,4322.95,2866.6,3260.0,14,1,3259.9,4,1,3259.4,20,1,3259.2,26,2,3259.1,53,6,3260.2,31,10,3260.3,65,2,3260.4,53,4,3260.5,25,2,3260.6,24,2
11536,2025-12-30 12:43:34+05:30,3260.2,1,3249.8,969362,112715.0,121547.0,3250.0,3261.6,3239.8,3251.5,43832425,3576.6,2926.4,4322.95,2866.6,3259.9,4,1,3259.4,20,1,3259.2,26,2,3259.1,53,6,3259.0,603,7,3260.2,23,10,3260.3,65,2,3260.4,33,3,3260.5,25,2,3260.6,46,3
11536,2025-12-30 12:43:35+05:30,3259.1,11,3249.8,969362,112715.0,121547.0,3250.0,3261.6,3239.8,3251.5,43832425,3576.6,2926.4,4322.95,2866.6,3259.9,4,1,3259.4,20,1,3259.2,26,2,3259.1,53,6,3259.0,603,7,3260.2,23,10,3260.3,65,2,3260.4,33,3,3260.5,25,2,3260.6,46,3
11536,2025-12-30 12:43:35+05:30,3259.1,11,3249.8,969409,112103.0,121546.0,3250.0,3261.6,3239.8,3251.5,43832425,3576.6,2926.4,4322.95,2866.6,3259.1,43,6,3259.0,678,9,3258.9,13,2,3258.8,80,3,3258.6,118,4,3259.9,19,6,3260.0,5,1,3260.1,14,1,3260.2,39,9,3260.3,30,1
11536,2025-12-30 12:43:36+05:30,3259.1,1,3249.8,969409,112103.0,121546.0,3250.0,3261.6,3239.8,3251.5,43832425,3576.6,2926.4,4322.95,2866.6,3259.1,43,6,3259.0,678,9,3258.9,13,2,3258.8,80,3,3258.6,118,4,3259.9,19,6,3260.0,5,1,3260.1,14,1,3260.2,39,9,3260.3,30,1
11536,2025-12-30 12:43:36+05:30,3259.1,3,3249.8,969424,112069.0,121718.0,3250.0,3261.6,3239.8,3251.5,43832425,3576.6,2926.4,4322.95,2866.6,3259.1,49,6,3259.0,603,7,3258.9,13,2,3258.8,80,3,3258.6,88,3,3259.9,33,10,3260.0,22,2,3260.1,49,2,3260.2,35,5,3260.3,46,2
11536,2025-12-30 12:43:37+05:30,3259.7,1,3249.8,969424,112069.0,121718.0,3250.0,3261.6,3239.8,3251.5,43832425,3576.6,2926.4,4322.95,2866.6,3259.1,49,6,3259.0,603,7,3258.9,13,2,3258.8,80,3,3258.6,88,3,3259.9,33,10,3260.0,22,2,3260.1,49,2,3260.2,35,5,3260.3,46,2
11536,2025-12-30 12:43:37+05:30,3259.7,4,3249.8,969541,110439.0,121660.0,3250.0,3261.6,3239.8,3251.5,43832425,3576.6,2926.4,4322.95,2866.6,3259.1,27,3,3259.0,582,6,3258.9,13,2,3258.8,22,1,3258.6,88,3,3259.7,60,5,3259.9,38,11,3260.0,51,4,3260.1,14,1,3260.2,31,3
11536,2025-12-30 12:43:38+05:30,3259.7,18,3249.8,969541,110439.0,121660.0,3250.0,3261.6,3239.8,3251.5,43832425,3576.6,2926.4,4322.95,2866.6,3259.1,27,3,3259.0,582,6,3258.9,13,2,3258.8,22,1,3258.6,88,3,3259.7,60,5,3259.9,38,11,3260.0,51,4,3260.1,14,1,3260.2,31,3
11536,2025-12-30 12:43:38+05:30,3259.1,1,3249.8,969589,110765.0,122567.0,3250.0,3261.6,3239.8,3251.5,43832425,3576.6,2926.4,4322.95,2866.6,3259.1,24,3,3259.0,582,6,3258.9,13,2,3258.8,22,1,3258.6,65,3,3259.7,7,7,3259.9,10,6,3260.0,5,1,3260.1,22,1,3260.2,16,2
11536,2025-12-30 12:43:39+05:30,3259.1,2,3249.8,969589,110765.0,122567.0,3250.0,3261.6,3239.8,3251.5,43832425,3576.6,2926.4,4322.95,2866.6,3259.1,24,3,3259.0,582,6,3258.9,13,2,3258.8,22,1,3258.6,65,3,3259.7,7,7,3259.9,10,6,3260.0,5,1,3260.1,22,1,3260.2,16,2
11536,2025-12-30 12:43:39+05:30,3259.1,2,3249.8,969632,109342.0,121693.0,3250.0,3261.6,3239.8,3251.5,43832425,3576.6,2926.4,4322.95,2866.6,3259.1,23,3,3259.0,582,6,3258.9,13,2,3258.8,22,1,3258.6,25,2,3259.7,22,11,3259.8,45,2,3259.9,3,2,3260.0,33,3,3260.1,36,2
11536,2025-12-30 12:43:40+05:30,3259.0,20,3249.8,969632,109342.0,121693.0,3250.0,3261.6,3239.8,3251.5,43832425,3576.6,2926.4,4322.95,2866.6,3259.1,23,3,3259.0,582,6,3258.9,13,2,3258.8,22,1,3258.6,25,2,3259.7,22,11,3259.8,45,2,3259.9,3,2,3260.0,33,3,3260.1,36,2
11536,2025-12-30 12:43:40+05:30,3259.0,6,3249.81,970247,108830.0,122212.0,3250.0,3261.6,3239.8,3251.5,43832425,3576.6,2926.4,4322.95,2866.6,3259.0,527,3,3258.9,13,2,3258.6,19,2,3258.4,58,5,3258.3,40,1,3259.1,11,2,3259.6,52,2,3259.7,6,5,3259.9,1,1,3260.0,34,2
11536,2025-12-30 12:43:41+05:30,3259.0,10,3249.81,970247,108830.0,122212.0,3250.0,3261.6,3239.8,3251.5,43832425,3576.6,2926.4,4322.95,2866.6,3259.0,527,3,3258.9,13,2,3258.6,19,2,3258.4,58,5,3258.3,40,1,3259.1,11,2,3259.6,52,2,3259.7,6,5,3259.9,1,1,3260.0,34,2
11536,2025-12-30 12:43:41+05:30,3259.0,3,3249.81,970370,109154.0,121798.0,3250.0,3261.6,3239.8,3251.5,43832425,3576.6,2926.4,4322.95,2866.6,3259.0,634,4,3258.9,31,3,3258.6,37,3,3258.5,40,1,3258.4,80,6,3259.1,11,5,3259.6,19,1,3259.7,51,4,3259.9,1,1,3260.0,34,2
11536,2025-12-30 12:43:42+05:30,3259.0,183,3249.81,970370,109154.0,121798.0,3250.0,3261.6,3239.8,3251.5,43832425,3576.6,2926.4,4322.95,2866.6,3259.0,634,4,3258.9,31,3,3258.6,37,3,3258.5,40,1,3258.4,80,6,3259.1,11,5,3259.6,19,1,3259.7,51,4,3259.9,1,1,3260.0,34,2
11536,2025-12-30 12:43:43+05:30,3259.0,7,3249.81,970601,109158.0,121516.0,3250.0,3261.6,3239.8,3251.5,43832425,3576.6,2926.4,4322.95,2866.6,3259.0,425,5,3258.9,13,2,3258.6,36,3,3258.4,57,5,3258.3,63,2,3259.1,19,6,3259.7,50,3,3259.8,1,1,3259.9,33,1,3260.0,29,1
11536,2025-12-30 12:43:43+05:30,3259.0,32,3249.81,970601,109158.0,121516.0,3250.0,3261.6,3239.8,3251.5,43832425,3576.6,2926.4,4322.95,2866.6,3259.0,425,5,3258.9,13,2,3258.6,36,3,3258.4,57,5,3258.3,63,2,3259.1,19,6,3259.7,50,3,3259.8,1,1,3259.9,33,1,3260.0,29,1
11536,2025-12-30 12:43:43+05:30,3259.0,2,3249.81,970636,109515.0,120673.0,3250.0,3261.6,3239.8,3251.5,43832425,3576.6,2926.4,4322.95,2866.6,3259.0,390,5,3258.9,13,2,3258.6,19,2,3258.5,40,1,3258.4,40,4,3259.1,16,6,3259.7,50,3,3259.8,1,1,3259.9,33,1,3260.0,29,1
11536,2025-12-30 12:43:44+05:30,3259.0,16,3249.81,970636,109515.0,120673.0,3250.0,3261.6,3239.8,3251.5,43832425,3576.6,2926.4,4322.95,2866.6,3259.0,390,5,3258.9,13,2,3258.6,19,2,3258.5,40,1,3258.4,40,4,3259.1,16,6,3259.7,50,3,3259.8,1,1,3259.9,33,1,3260.0,29,1
11536,2025-12-30 12:43:44+05:30,3259.0,1,3249.81,970709,109249.0,119944.0,3250.0,3261.6,3239.8,3251.5,43832425,3576.6,2926.4,4322.95,2866.6,3259.0,317,5,3258.9,13,2,3258.6,19,2,3258.5,52,2,3258.4,40,4,3259.1,10,6,3259.5,1,1,3259.6,9,1,3259.7,50,3,3259.8,47,2
11536,2025-12-30 12:43:45+05:30,3259.0,30,3249.81,970709,109249.0,119944.0,3250.0,3261.6,3239.8,3251.5,43832425,3576.6,2926.4,4322.95,2866.6,3259.0,317,5,3258.9,13,2,3258.6,19,2,3258.5,52,2,3258.4,40,4,3259.1,10,6,3259.5,1,1,3259.6,9,1,3259.7,50,3,3259.8,47,2
11536,2025-12-30 12:43:45+05:30,3259.1,1,3249.81,970751,109125.0,120425.0,3250.0,3261.6,3239.8,3251.5,43832425,3576.6,2926.4,4322.95,2866.6,3259.0,277,5,3258.9,13,2,3258.6,19,2,3258.5,12,1,3258.4,40,4,3259.1,16,10,3259.5,1,1,3259.6,13,1,3259.7,54,3,3259.8,29,2
11536,2025-12-30 12:43:46+05:30,3259.7,1,3249.81,970751,109125.0,120425.0,3250.0,3261.6,3239.8,3251.5,43832425,3576.6,2926.4,4322.95,2866.6,3259.0,277,5,3258.9,13,2,3258.6,19,2,3258.5,12,1,3258.4,40,4,3259.1,16,10,3259.5,1,1,3259.6,13,1,3259.7,54,3,3259.8,29,2
11536,2025-12-30 12:43:46+05:30,3259.0,76,3249.82,970948,109680.0,121225.0,3250.0,3261.6,3239.8,3251.5,43832425,3576.6,2926.4,4322.95,2866.6,3259.0,231,6,3258.9,30,3,3258.8,40,1,3258.7,21,1,3258.6,106,6,3259.7,50,4,3259.9,15,1,3260.0,33,1,3260.1,2,1,3260.2,17,2
11536,2025-12-30 12:43:47+05:30,3259.0,76,3249.82,970948,109680.0,121225.0,3250.0,3261.6,3239.8,3251.5,43832425,3576.6,2926.4,4322.95,2866.6,3259.0,231,6,3258.9,30,3,3258.8,40,1,3258.7,21,1,3258.6,106,6,3259.7,50,4,3259.9,15,1,3260.0,33,1,3260.1,2,1,3260.2,17,2
11536,2025-12-30 12:43:47+05:30,3259.0,76,3249.82,970948,112849.0,118217.0,3250.0,3261.6,3239.8,3251.5,43832425,3576.6,2926.4,4322.95,2866.6,3259.0,347,12,3258.9,30,3,3258.8,64,4,3258.6,63,4,3258.5,107,4,3259.7,55,6,3260.2,1,1,3260.6,25,1,3260.7,51,2,3260.8,36,2
11536,2025-12-30 12:43:48+05:30,3259.0,36,3249.82,970948,112849.0,118217.0,3250.0,3261.6,3239.8,3251.5,43832425,3576.6,2926.4,4322.95,2866.6,3259.0,347,12,3258.9,30,3,3258.8,64,4,3258.6,63,4,3258.5,107,4,3259.7,55,6,3260.2,1,1,3260.6,25,1,3260.7,51,2,3260.8,36,2
11536,2025-12-30 12:43:48+05:30,3259.1,1,3249.82,970985,113605.0,117865.0,3250.0,3261.6,3239.8,3251.5,43832425,3576.6,2926.4,4322.95,2866.6,3259.1,16,1,3259.0,282,11,3258.9,30,3,3258.8,64,4,3258.7,29,1,3259.7,53,7,3260.2,1,1,3260.6,25,1,3260.7,53,3,3260.8,36,2
11536,2025-12-30 12:43:49+05:30,3259.1,1,3249.82,970985,113605.0,117865.0,3250.0,3261.6,3239.8,3251.5,43832425,3576.6,2926.4,4322.95,2866.6,3259.1,16,1,3259.0,282,11,3258.9,30,3,3258.8,64,4,3258.7,29,1,3259.7,53,7,3260.2,1,1,3260.6,25,1,3260.7,53,3,3260.8,36,2
11536,2025-12-30 12:43:49+05:30,3259.1,1,3249.82,971026,114358.0,119559.0,3250.0,3261.6,3239.8,3251.5,43832425,3576.6,2926.4,4322.95,2866.6,3259.0,731,10,3258.9,30,3,3258.8,147,7,3258.7,10,1,3258.6,409,6,3259.7,52,8,3260.2,1,1,3260.6,25,1,3260.7,53,3,3260.8,90,4
11536,2025-12-30 12:43:50+05:30,3260.6,17,3249.82,971026,114358.0,119559.0,3250.0,3261.6,3239.8,3251.5,43832425,3576.6,2926.4,4322.95,2866.6,3259.0,731,10,3258.9,30,3,3258.8,147,7,3258.7,10,1,3258.6,409,6,3259.7,52,8,3260.2,1,1,3260.6,25,1,3260.7,53,3,3260.8,90,4
11536,2025-12-30 12:43:50+05:30,3259.2,1,3249.82,971136,114717.0,117733.0,3250.0,3261.6,3239.8,3251.5,43832425,3576.6,2926.4,4322.95,2866.6,3259.3,35,2,3259.2,21,1,3259.1,55,3,3259.0,721,9,3258.9,406,6,3260.5,21,3,3260.7,78,4,3260.8,35,2,3260.9,82,3,3261.0,33,5
11536,2025-12-30 12:43:51+05:30,3260.5,3,3249.82,971136,114717.0,117733.0,3250.0,3261.6,3239.8,3251.5,43832425,3576.6,2926.4,4322.95,2866.6,3259.3,35,2,3259.2,21,1,3259.1,55,3,3259.0,721,9,3258.9,406,6,3260.5,21,3,3260.7,78,4,3260.8,35,2,3260.9,82,3,3261.0,33,5
11536,2025-12-30 12:43:51+05:30,3260.5,3,3249.82,971139,113080.0,113787.0,3250.0,3261.6,3239.8,3251.5,43832425,3576.6,2926.4,4322.95,2866.6,3259.5,89,4,3259.4,44,2,3259.3,161,6,3259.2,140,5,3259.1,503,6,3260.5,17,3,3260.7,30,1,3260.9,36,2,3261.0,3,3,3261.1,21,1
11536,2025-12-30 12:43:52+05:30,3259.6,4,3249.82,971139,113080.0,113787.0,3250.0,3261.6,3239.8,3251.5,43832425,3576.6,2926.4,4322.95,2866.6,3259.5,89,4,3259.4,44,2,3259.3,161,6,3259.2,140,5,3259.1,503,6,3260.5,17,3,3260.7,30,1,3260.9,36,2,3261.0,3,3,3261.1,21,1
11536,2025-12-30 12:43:52+05:30,3260.5,3,3249.82,971174,114668.0,113621.0,3250.0,3261.6,3239.8,3251.5,43832425,3576.6,2926.4,4322.95,2866.6,3260.0,1,1,3259.6,71,3,3259.5,430,7,3259.4,83,4,3259.3,144,7,3260.5,14,3,3260.7,30,1,3261.0,3,3,3261.3,21,1,3261.5,72,4
11536,2025-12-30 12:43:53+05:30,3260.5,6,3249.82,971174,114668.0,113621.0,3250.0,3261.6,3239.8,3251.5,43832425,3576.6,2926.4,4322.95,2866.6,3260.0,1,1,3259.6,71,3,3259.5,430,7,3259.4,83,4,3259.3,144,7,3260.5,14,3,3260.7,30,1,3261.0,3,3,3261.3,21,1,3261.5,72,4
11536,2025-12-30 12:43:53+05:30,3260.0,13,3249.82,971197,115383.0,112061.0,3250.0,3261.6,3239.8,3251.5,43832425,3576.6,2926.4,4322.95,2866.6,3260.0,62,4,3259.9,75,3,3259.8,173,7,3259.7,42,2,3259.6,460,5,3260.5,7,6,3260.7,30,1,3261.0,3,3,3261.3,21,1,3261.5,72,4
11536,2025-12-30 12:43:54+05:30,3261.6,7,3249.82,971197,115383.0,112061.0,3250.0,3261.6,3239.8,3251.5,43832425,3576.6,2926.4,4322.95,2866.6,3260.0,62,4,3259.9,75,3,3259.8,173,7,3259.7,42,2,3259.6,460,5,3260.5,7,6,3260.7,30,1,3261.0,3,3,3261.3,21,1,3261.5,72,4
11536,2025-12-30 12:43:54+05:30,3260.2,3,3249.82,971327,115382.0,111621.0,3250.0,3261.6,3239.8,3251.5,43832425,3576.6,2926.4,4322.95,2866.6,3260.2,18,1,3260.1,6,1,3260.0,93,5,3259.9,45,2,3259.8,586,8,3261.3,70,5,3261.4,10,1,3261.5,49,6,3261.6,38,4,3261.7,131,3
11536,2025-12-30 12:43:55+05:30,3261.3,1,3249.82,971327,115382.0,111621.0,3250.0,3261.6,3239.8,3251.5,43832425,3576.6,2926.4,4322.95,2866.6,3260.2,18,1,3260.1,6,1,3260.0,93,5,3259.9,45,2,3259.8,586,8,3261.3,70,5,3261.4,10,1,3261.5,49,6,3261.6,38,4,3261.7,131,3
11536,2025-12-30 12:43:55+05:30,3260.0,1,3249.82,971329,114393.0,114206.0,3250.0,3261.6,3239.8,3251.5,43832425,3576.6,2926.4,4322.95,2866.6,3260.0,5,1,3259.9,71,3,3259.8,103,5,3259.7,35,2,3259.6,98,5,3260.2,2,2,3260.4,50,1,3261.2,14,1,3261.3,70,10,3261.5,173,6
11536,2025-12-30 12:43:56+05:30,3260.0,32,3249.82,971329,114393.0,114206.0,3250.0,3261.6,3239.8,3251.5,43832425,3576.6,2926.4,4322.95,2866.6,3260.0,5,1,3259.9,71,3,3259.8,103,5,3259.7,35,2,3259.6,98,5,3260.2,2,2,3260.4,50,1,3261.2,14,1,3261.3,70,10,3261.5,173,6
11536,2025-12-30 12:43:56+05:30,3260.0,32,3249.82,971366,114426.0,114077.0,3250.0,3261.6,3239.8,3251.5,43832425,3576.6,2926.4,4322.95,2866.6,3260.0,129,5,3259.9,56,3,3259.8,169,8,3259.7,63,3,3259.6,101,5,3260.2,3,3,3260.4,50,1,3261.3,6,5,3261.5,15,2,3261.6,3,1
11536,2025-12-30 12:43:57+05:30,3260.0,1,3249.82,971366,114426.0,114077.0,3250.0,3261.6,3239.8,3251.5,43832425,3576.6,2926.4,4322.95,2866.6,3260.0,129,5,3259.9,56,3,3259.8,169,8,3259.7,63,3,3259.6,101,5,3260.2,3,3,3260.4,50,1,3261.3,6,5,3261.5,15,2,3261.6,3,1
11536,2025-12-30 12:43:57+05:30,3259.8,1,3249.82,971444,114379.0,114626.0,3250.0,3261.6,3239.8,3251.5,43832425,3576.6,2926.4,4322.95,2866.6,3259.8,2,2,3259.6,17,1,3259.5,50,4,3259.4,84,4,3259.3,47,4,3259.9,2,1,3260.0,8,4,3260.2,6,5,3260.4,50,1,3260.6,15,1
11536,2025-12-30 12:43:58+05:30,3259.8,6,3249.82,971444,114379.0,114626.0,3250.0,3261.6,3239.8,3251.5,43832425,3576.6,2926.4,4322.95,2866.6,3259.8,2,2,3259.6,17,1,3259.5,50,4,3259.4,84,4,3259.3,47,4,3259.9,2,1,3260.0,8,4,3260.2,6,5,3260.4,50,1,3260.6,15,1
11536,2025-12-30 12:43:58+05:30,3259.8,4,3249.82,971467,114492.0,115175.0,3250.0,3261.6,3239.8,3251.5,43832425,3576.6,2926.4,4322.95,2866.6,3259.8,21,3,3259.7,45,3,3259.6,73,4,3259.5,72,5,3259.4,84,4,3259.9,5,4,3260.0,8,4,3260.2,3,3,3260.4,50,1,3260.9,17,1
11536,2025-12-30 12:43:59+05:30,3259.8,7,3249.82,971467,114492.0,115175.0,3250.0,3261.6,3239.8,3251.5,43832425,3576.6,2926.4,4322.95,2866.6,3259.8,21,3,3259.7,45,3,3259.6,73,4,3259.5,72,5,3259.4,84,4,3259.9,5,4,3260.0,8,4,3260.2,3,3,3260.4,50,1,3260.9,17,1
11536,2025-12-30 12:43:59+05:30,3259.8,6,3249.82,971510,114463.0,115299.0,3250.0,3261.6,3239.8,3251.5,43832425,3576.6,2926.4,4322.95,2866.6,3259.8,8,1,3259.7,50,4,3259.6,21,1,3259.5,72,5,3259.4,84,4,3259.9,10,8,3260.0,2,1,3260.4,50,1,3260.9,17,1,3261.3,54,2
11536,2025-12-30 12:44:00+05:30,3260.4,48,3249.82,971510,114463.0,115299.0,3250.0,3261.6,3239.8,3251.5,43832425,3576.6,2926.4,4322.95,2866.6,3259.8,8,1,3259.7,50,4,3259.6,21,1,3259.5,72,5,3259.4,84,4,3259.9,10,8,3260.0,2,1,3260.4,50,1,3260.9,17,1,3261.3,54,2
11536,2025-12-30 12:44:00+05:30,3260.4,48,3249.82,971619,114553.0,114609.0,3250.0,3261.6,3239.8,3251.5,43832425,3576.6,2926.4,4322.95,2866.6,3259.9,7,1,3259.8,79,5,3259.7,47,2,3259.6,99,5,3259.5,579,5,3260.4,8,3,3261.5,15,2,3261.6,37,3,3261.7,81,4,3261.8,49,3
11536,2025-12-30 12:44:01+05:30,3260.4,1,3249.82,971619,114553.0,114609.0,3250.0,3261.6,3239.8,3251.5,43832425,3576.6,2926.4,4322.95,2866.6,3259.9,7,1,3259.8,79,5,3259.7,47,2,3259.6,99,5,3259.5,579,5,3260.4,8,3,3261.5,15,2,3261.6,37,3,3261.7,81,4,3261.8,49,3
11536,2025-12-30 12:44:01+05:30,3259.9,1,3249.82,971624,114762.0,113905.0,3250.0,3261.6,3239.8,3251.5,43832425,3576.6,2926.4,4322.95,2866.6,3260.1,28,3,3260.0,574,4,3259.9,120,4,3259.8,143,6,3259.7,101,3,3260.4,5,3,3261.5,15,2,3261.6,16,2,3261.7,79,3,3261.8,49,3
11536,2025-12-30 12:44:02+05:30,3260.0,392,3249.82,971624,114762.0,113905.0,3250.0,3261.6,3239.8,3251.5,43832425,3576.6,2926.4,4322.95,2866.6,3260.1,28,3,3260.0,574,4,3259.9,120,4,3259.8,143,6,3259.7,101,3,3260.4,5,3,3261.5,15,2,3261.6,16,2,3261.7,79,3,3261.8,49,3
11536,2025-12-30 12:44:02+05:30,3260.0,392,3249.83,972054,114997.0,113905.0,3250.0,3261.6,3239.8,3251.5,43832425,3576.6,2926.4,4322.95,2866.6,3260.1,4,1,3260.0,184,5,3259.9,75,2,3259.8,147,6,3259.7,101,3,3260.4,3,2,3261.5,28,3,3261.6,13,1,3261.7,30,1,3261.8,181,5
11536,2025-12-30 12:44:03+05:30,3260.1,17,3249.83,972054,114997.0,113905.0,3250.0,3261.6,3239.8,3251.5,43832425,3576.6,2926.4,4322.95,2866.6,3260.1,4,1,3260.0,184,5,3259.9,75,2,3259.8,147,6,3259.7,101,3,3260.4,3,2,3261.5,28,3,3261.6,13,1,3261.7,30,1,3261.8,181,5
11536,2025-12-30 12:44:03+05:30,3260.1,2,3249.83,972075,114772.0,112727.0,3250.0,3261.6,3239.8,3251.5,43832425,3576.6,2926.4,4322.95,2866.6,3260.1,2,1,3260.0,163,5,3259.9,54,1,3259.8,120,6,3259.7,124,4,3260.4,20,2,3261.3,32,1,3261.4,9,1,3261.5,15,2,3261.6,26,2
11536,2025-12-30 12:44:04+05:30,3260.4,8,3249.83,972075,114772.0,112727.0,3250.0,3261.6,3239.8,3251.5,43832425,3576.6,2926.4,4322.95,2866.6,3260.1,2,1,3260.0,163,5,3259.9,54,1,3259.8,120,6,3259.7,124,4,3260.4,20,2,3261.3,32,1,3261.4,9,1,3261.5,15,2,3261.6,26,2
11536,2025-12-30 12:44:04+05:30,3260.4,8,3249.83,972193,115722.0,113086.0,3250.0,3261.6,3239.8,3251.5,43832425,3576.6,2926.4,4322.95,2866.6,3260.1,40,4,3260.0,379,8,3259.9,102,3,3259.8,455,11,3259.7,442,4,3260.4,18,6,3261.5,6,1,3261.6,26,2,3261.7,30,1,3261.8,89,4
11536,2025-12-30 12:44:05+05:30,3260.4,1,3249.83,972193,115722.0,113086.0,3250.0,3261.6,3239.8,3251.5,43832425,3576.6,2926.4,4322.95,2866.6,3260.1,40,4,3260.0,379,8,3259.9,102,3,3259.8,455,11,3259.7,442,4,3260.4,18,6,3261.5,6,1,3261.6,26,2,3261.7,30,1,3261.8,89,4
11536,2025-12-30 12:44:05+05:30,3260.4,1,3249.83,972284,114596.0,113141.0,3250.0,3261.6,3239.8,3251.5,43832425,3576.6,2926.4,4322.95,2866.6,3260.1,155,6,3260.0,262,7,3259.9,75,2,3259.8,225,8,3259.7,80,2,3260.4,16,6,3261.5,6,1,3261.7,30,1,3261.8,61,2,3261.9,114,3
11536,2025-12-30 12:44:06+05:30,3260.4,1,3249.83,972284,114596.0,113141.0,3250.0,3261.6,3239.8,3251.5,43832425,3576.6,2926.4,4322.95,2866.6,3260.1,155,6,3260.0,262,7,3259.9,75,2,3259.8,225,8,3259.7,80,2,3260.4,16,6,3261.5,6,1,3261.7,30,1,3261.8,61,2,3261.9,114,3
11536,2025-12-30 12:44:06+05:30,3260.1,3,3249.83,972431,115651.0,112611.0,3250.0,3261.6,3239.8,3251.5,43832425,3576.6,2926.4,4322.95,2866.6,3260.1,59,4,3260.0,437,8,3259.9,102,3,3259.8,423,10,3259.7,477,5,3260.4,12,7,3261.5,6,1,3261.7,30,1,3261.8,61,2,3261.9,22,2
11536,2025-12-30 12:44:07+05:30,3260.1,4,3249.83,972431,115651.0,112611.0,3250.0,3261.6,3239.8,3251.5,43832425,3576.6,2926.4,4322.95,2866.6,3260.1,59,4,3260.0,437,8,3259.9,102,3,3259.8,423,10,3259.7,477,5,3260.4,12,7,3261.5,6,1,3261.7,30,1,3261.8,61,2,3261.9,22,2
11536,2025-12-30 12:44:07+05:30,3260.1,1,3249.83,972441,112177.0,113808.0,3250.0,3261.6,3239.8,3251.5,43832425,3576.6,2926.4,4322.95,2866.6,3260.1,1,1,3260.0,204,5,3259.9,54,1,3259.8,66,3,3259.7,94,3,3260.4,18,12,3260.9,15,1,3261.0,32,1,3261.3,11,2,3261.4,23,2
11536,2025-12-30 12:44:08+05:30,3260.0,18,3249.83,972441,112177.0,113808.0,3250.0,3261.6,3239.8,3251.5,43832425,3576.6,2926.4,4322.95,2866.6,3260.1,1,1,3260.0,204,5,3259.9,54,1,3259.8,66,3,3259.7,94,3,3260.4,18,12,3260.9,15,1,3261.0,32,1,3261.3,11,2,3261.4,23,2
11536,2025-12-30 12:44:08+05:30,3260.0,1,3249.83,972502,113977.0,113620.0,3250.0,3261.6,3239.8,3251.5,43832425,3576.6,2926.4,4322.95,2866.6,3260.0,201,6,3259.9,67,2,3259.8,82,4,3259.7,100,3,3259.6,64,3,3260.4,27,11,3260.8,32,1,3261.2,15,1,3261.3,42,2,3261.4,14,1
11536,2025-12-30 12:44:09+05:30,3260.0,50,3249.83,972502,113977.0,113620.0,3250.0,3261.6,3239.8,3251.5,43832425,3576.6,2926.4,4322.95,2866.6,3260.0,201,6,3259.9,67,2,3259.8,82,4,3259.7,100,3,3259.6,64,3,3260.4,27,11,3260.8,32,1,3261.2,15,1,3261.3,42,2,3261.4,14,1
11536,2025-12-30 12:44:09+05:30,3260.0,1,3249.83,972584,112159.0,114359.0,3250.0,3261.6,3239.8,3251.5,43832425,3576.6,2926.4,4322.95,2866.6,3260.0,103,5,3259.9,54,1,3259.8,66,3,3259.7,78,2,3259.6,44,2,3260.4,24,8,3260.8,32,1,3261.2,15,1,3261.3,56,3,3261.4,14,1
11536,2025-12-30 12:44:10+05:30,3260.1,12,3249.83,972584,112159.0,114359.0,3250.0,3261.6,3239.8,3251.5,43832425,3576.6,2926.4,4322.95,2866.6,3260.0,103,5,3259.9,54,1,3259.8,66,3,3259.7,78,2,3259.6,44,2,3260.4,24,8,3260.8,32,1,3261.2,15,1,3261.3,56,3,3261.4,14,1
11536,2025-12-30 12:44:10+05:30,3260.0,1,3249.83,972616,114264.0,113899.0,3250.0,3261.6,3239.8,3251.5,43832425,3576.6,2926.4,4322.95,2866.6,3260.0,592,4,3259.9,70,2,3259.8,66,3,3259.7,88,3,3259.6,60,3,3260.1,1,1,3260.4,25,11,3260.7,15,1,3260.8,32,1,3261.3,42,2
11536,2025-12-30 12:44:11+05:30,3260.4,2,3249.83,972616,114264.0,113899.0,3250.0,3261.6,3239.8,3251.5,43832425,3576.6,2926.4,4322.95,2866.6,3260.0,592,4,3259.9,70,2,3259.8,66,3,3259.7,88,3,3259.6,60,3,3260.1,1,1,3260.4,25,11,3260.7,15,1,3260.8,32,1,3261.3,42,2
11536,2025-12-30 12:44:11+05:30,3260.0,1,3249.83,972659,114089.0,114399.0,3250.0,3261.6,3239.8,3251.5,43832425,3576.6,2926.4,4322.95,2866.6,3260.0,650,5,3259.9,54,1,3259.8,66,3,3259.7,69,2,3259.6,20,1,3260.4,23,12,3260.7,15,1,3260.8,32,1,3261.2,13,1,3261.3,42,2
11536,2025-12-30 12:44:12+05:30,3260.0,11,3249.83,972659,114089.0,114399.0,3250.0,3261.6,3239.8,3251.5,43832425,3576.6,2926.4,4322.95,2866.6,3260.0,650,5,3259.9,54,1,3259.8,66,3,3259.7,69,2,3259.6,20,1,3260.4,23,12,3260.7,15,1,3260.8,32,1,3261.2,13,1,3261.3,42,2
11536,2025-12-30 12:44:12+05:30,3260.0,11,3249.83,972659,114089.0,114399.0,3250.0,3261.6,3239.8,3251.5,43832425,3576.6,2926.4,4322.95,2866.6,3260.0,650,5,3259.9,54,1,3259.8,66,3,3259.7,69,2,3259.6,20,1,3260.4,23,12,3260.7,15,1,3260.8,32,1,3261.2,13,1,3261.3,42,2
11536,2025-12-30 12:44:12+05:30,3260.0,3,3249.83,972693,113976.0,114256.0,3250.0,3261.6,3239.8,3251.5,43832425,3576.6,2926.4,4322.95,2866.6,3260.0,618,5,3259.9,54,1,3259.8,66,3,3259.7,69,2,3259.6,20,1,3260.1,75,1,3260.4,20,12,3260.7,15,1,3260.8,32,1,3261.3,55,3
11536,2025-12-30 12:44:13+05:30,3260.0,2,3249.83,972693,113976.0,114256.0,3250.0,3261.6,3239.8,3251.5,43832425,3576.6,2926.4,4322.95,2866.6,3260.0,618,5,3259.9,54,1,3259.8,66,3,3259.7,69,2,3259.6,20,1,3260.1,75,1,3260.4,20,12,3260.7,15,1,3260.8,32,1,3261.3,55,3
11536,2025-12-30 12:44:13+05:30,3260.0,11,3249.83,972780,112605.0,114348.0,3250.0,3261.6,3239.8,3251.5,43832425,3576.6,2926.4,4322.95,2866.6,3260.0,586,4,3259.9,54,1,3259.8,66,3,3259.7,69,2,3259.6,20,1,3260.1,15,6,3260.4,14,7,3260.7,15,1,3260.8,32,1,3261.0,1,1
11536,2025-12-30 12:44:14+05:30,3260.0,11,3249.83,972780,112605.0,114348.0,3250.0,3261.6,3239.8,3251.5,43832425,3576.6,2926.4,4322.95,2866.6,3260.0,586,4,3259.9,54,1,3259.8,66,3,3259.7,69,2,3259.6,20,1,3260.1,15,6,3260.4,14,7,3260.7,15,1,3260.8,32,1,3261.0,1,1
11536,2025-12-30 12:44:14+05:30,3260.8,5,3249.83,972780,112605.0,114348.0,3250.0,3261.6,3239.8,3251.5,43832425,3576.6,2926.4,4322.95,2866.6,3260.0,586,4,3259.9,54,1,3259.8,66,3,3259.7,69,2,3259.6,20,1,3260.1,15,6,3260.4,14,7,3260.7,15,1,3260.8,32,1,3261.0,1,1
11536,2025-12-30 12:44:14+05:30,3260.8,5,3249.84,972877,113960.0,113842.0,3250.0,3261.6,3239.8,3251.5,43832425,3576.6,2926.4,4322.95,2866.6,3260.0,586,4,3259.9,54,1,3259.8,87,4,3259.7,54,1,3259.6,60,2,3261.0,35,4,3261.1,42,2,3261.2,35,2,3261.3,59,3,3261.4,52,3
11536,2025-12-30 12:44:15+05:30,3260.8,5,3249.84,972877,113960.0,113842.0,3250.0,3261.6,3239.8,3251.5,43832425,3576.6,2926.4,4322.95,2866.6,3260.0,586,4,3259.9,54,1,3259.8,87,4,3259.7,54,1,3259.6,60,2,3261.0,35,4,3261.1,42,2,3261.2,35,2,3261.3,59,3,3261.4,52,3
11536,2025-12-30 12:44:15+05:30,3261.0,1,3249.84,972877,113960.0,113842.0,3250.0,3261.6,3239.8,3251.5,43832425,3576.6,2926.4,4322.95,2866.6,3260.0,586,4,3259.9,54,1,3259.8,87,4,3259.7,54,1,3259.6,60,2,3261.0,35,4,3261.1,42,2,3261.2,35,2,3261.3,59,3,3261.4,52,3
11536,2025-12-30 12:44:15+05:30,3261.0,1,3249.84,972878,114588.0,113839.0,3250.0,3261.6,3239.8,3251.5,43832425,3576.6,2926.4,4322.95,2866.6,3260.0,677,5,3259.9,54,1,3259.8,127,5,3259.7,54,1,3259.6,60,2,3261.0,20,4,3261.1,42,2,3261.2,35,2,3261.3,19,2,3261.4,52,3
11536,2025-12-30 12:44:16+05:30,3261.0,1,3249.84,972878,114588.0,113839.0,3250.0,3261.6,3239.8,3251.5,43832425,3576.6,2926.4,4322.95,2866.6,3260.0,677,5,3259.9,54,1,3259.8,127,5,3259.7,54,1,3259.6,60,2,3261.0,20,4,3261.1,42,2,3261.2,35,2,3261.3,19,2,3261.4,52,3
11536,2025-12-30 12:44:16+05:30,3261.0,1,3249.84,972878,114588.0,113839.0,3250.0,3261.6,3239.8,3251.5,43832425,3576.6,2926.4,4322.95,2866.6,3260.0,677,5,3259.9,54,1,3259.8,127,5,3259.7,54,1,3259.6,60,2,3261.0,20,4,3261.1,42,2,3261.2,35,2,3261.3,19,2,3261.4,52,3
11536,2025-12-30 12:44:16+05:30,3260.0,28,3249.84,972907,115192.0,113853.0,3250.0,3261.6,3239.8,3251.5,43832425,3576.6,2926.4,4322.95,2866.6,3260.0,689,6,3259.9,54,1,3259.8,127,5,3259.7,64,2,3259.6,428,4,3261.0,51,6,3261.1,10,1,3261.2,35,2,3261.3,19,2,3261.4,52,3
11536,2025-12-30 12:44:17+05:30,3260.0,28,3249.84,972907,115192.0,113853.0,3250.0,3261.6,3239.8,3251.5,43832425,3576.6,2926.4,4322.95,2866.6,3260.0,689,6,3259.9,54,1,3259.8,127,5,3259.7,64,2,3259.6,428,4,3261.0,51,6,3261.1,10,1,3261.2,35,2,3261.3,19,2,3261.4,52,3
11536,2025-12-30 12:44:17+05:30,3260.0,10,3249.84,972907,115192.0,113853.0,3250.0,3261.6,3239.8,3251.5,43832425,3576.6,2926.4,4322.95,2866.6,3260.0,689,6,3259.9,54,1,3259.8,127,5,3259.7,64,2,3259.6,428,4,3261.0,51,6,3261.1,10,1,3261.2,35,2,3261.3,19,2,3261.4,52,3
11536,2025-12-30 12:44:17+05:30,3260.0,1,3249.84,972995,112787.0,114200.0,3250.0,3261.6,3239.8,3251.5,43832425,3576.6,2926.4,4322.95,2866.6,3260.0,561,5,3259.9,54,1,3259.8,87,4,3259.7,54,1,3259.6,47,2,3260.8,32,1,3260.9,46,6,3261.0,18,4,3261.1,27,2,3261.2,49,2
11536,2025-12-30 12:44:18+05:30,3260.0,1,3249.84,972995,112787.0,114200.0,3250.0,3261.6,3239.8,3251.5,43832425,3576.6,2926.4,4322.95,2866.6,3260.0,561,5,3259.9,54,1,3259.8,87,4,3259.7,54,1,3259.6,47,2,3260.8,32,1,3260.9,46,6,3261.0,18,4,3261.1,27,2,3261.2,49,2
11536,2025-12-30 12:44:18+05:30,3260.0,15,3249.84,972995,112787.0,114200.0,3250.0,3261.6,3239.8,3251.5,43832425,3576.6,2926.4,4322.95,2866.6,3260.0,561,5,3259.9,54,1,3259.8,87,4,3259.7,54,1,3259.6,47,2,3260.8,32,1,3260.9,46,6,3261.0,18,4,3261.1,27,2,3261.2,49,2
11536,2025-12-30 12:44:18+05:30,3260.1,1,3249.84,973011,111805.0,114086.0,3250.0,3261.6,3239.8,3251.5,43832425,3576.6,2926.4,4322.95,2866.6,3260.0,547,6,3259.9,54,1,3259.8,87,4,3259.7,54,1,3259.6,20,1,3260.8,68,6,3260.9,54,7,3261.0,15,3,3261.1,14,1,3261.2,62,3
11536,2025-12-30 12:44:19+05:30,3260.1,1,3249.84,973011,111805.0,114086.0,3250.0,3261.6,3239.8,3251.5,43832425,3576.6,2926.4,4322.95,2866.6,3260.0,547,6,3259.9,54,1,3259.8,87,4,3259.7,54,1,3259.6,20,1,3260.8,68,6,3260.9,54,7,3261.0,15,3,3261.1,14,1,3261.2,62,3
11536,2025-12-30 12:44:19+05:30,3260.0,26,3249.84,973011,111805.0,114086.0,3250.0,3261.6,3239.8,3251.5,43832425,3576.6,2926.4,4322.95,2866.6,3260.0,547,6,3259.9,54,1,3259.8,87,4,3259.7,54,1,3259.6,20,1,3260.8,68,6,3260.9,54,7,3261.0,15,3,3261.1,14,1,3261.2,62,3
11536,2025-12-30 12:44:19+05:30,3260.0,1,3249.84,973048,111810.0,114269.0,3250.0,3261.6,3239.8,3251.5,43832425,3576.6,2926.4,4322.95,2866.6,3260.0,511,6,3259.9,54,1,3259.8,87,4,3259.7,54,1,3259.6,20,1,3260.8,57,9,3260.9,42,4,3261.0,34,3,3261.1,36,2,3261.2,86,4
11536,2025-12-30 12:44:20+05:30,3260.0,1,3249.84,973048,111810.0,114269.0,3250.0,3261.6,3239.8,3251.5,43832425,3576.6,2926.4,4322.95,2866.6,3260.0,511,6,3259.9,54,1,3259.8,87,4,3259.7,54,1,3259.6,20,1,3260.8,57,9,3260.9,42,4,3261.0,34,3,3261.1,36,2,3261.2,86,4
11536,2025-12-30 12:44:20+05:30,3260.0,1,3249.84,973048,111810.0,114269.0,3250.0,3261.6,3239.8,3251.5,43832425,3576.6,2926.4,4322.95,2866.6,3260.0,511,6,3259.9,54,1,3259.8,87,4,3259.7,54,1,3259.6,20,1,3260.8,57,9,3260.9,42,4,3261.0,34,3,3261.1,36,2,3261.2,86,4
11536,2025-12-30 12:44:20+05:30,3260.0,13,3249.84,973572,113195.0,114334.0,3250.0,3261.6,3239.8,3251.5,43832425,3576.6,2926.4,4322.95,2866.6,3260.0,574,5,3259.9,54,1,3259.8,87,4,3259.7,54,1,3259.6,20,1,3260.7,34,1,3260.8,56,13,3260.9,18,1,3261.0,67,3,3261.1,36,2
11536,2025-12-30 12:44:21+05:30,3260.0,13,3249.84,973572,113195.0,114334.0,3250.0,3261.6,3239.8,3251.5,43832425,3576.6,2926.4,4322.95,2866.6,3260.0,574,5,3259.9,54,1,3259.8,87,4,3259.7,54,1,3259.6,20,1,3260.7,34,1,3260.8,56,13,3260.9,18,1,3261.0,67,3,3261.1,36,2
11536,2025-12-30 12:44:21+05:30,3260.0,3,3249.84,973572,113195.0,114334.0,3250.0,3261.6,3239.8,3251.5,43832425,3576.6,2926.4,4322.95,2866.6,3260.0,574,5,3259.9,54,1,3259.8,87,4,3259.7,54,1,3259.6,20,1,3260.7,34,1,3260.8,56,13,3260.9,18,1,3261.0,67,3,3261.1,36,2
11536,2025-12-30 12:44:21+05:30,3260.0,3,3249.84,973586,113409.0,116009.0,3250.0,3261.6,3239.8,3251.5,43832425,3576.6,2926.4,4322.95,2866.6,3260.0,742,7,3259.9,54,1,3259.8,87,4,3259.7,54,1,3259.6,20,1,3260.6,35,2,3260.7,38,3,3260.8,6,6,3260.9,18,1,3261.0,20,1
11536,2025-12-30 12:44:21+05:30,3260.0,3,3249.84,973586,113409.0,116009.0,3250.0,3261.6,3239.8,3251.5,43832425,3576.6,2926.4,4322.95,2866.6,3260.0,742,7,3259.9,54,1,3259.8,87,4,3259.7,54,1,3259.6,20,1,3260.6,35,2,3260.7,38,3,3260.8,6,6,3260.9,18,1,3261.0,20,1
11536,2025-12-30 12:44:22+05:30,3260.0,3,3249.84,973586,113409.0,116009.0,3250.0,3261.6,3239.8,3251.5,43832425,3576.6,2926.4,4322.95,2866.6,3260.0,742,7,3259.9,54,1,3259.8,87,4,3259.7,54,1,3259.6,20,1,3260.6,35,2,3260.7,38,3,3260.8,6,6,3260.9,18,1,3261.0,20,1
11536,2025-12-30 12:44:22+05:30,3260.0,2,3249.84,973586,113409.0,116009.0,3250.0,3261.6,3239.8,3251.5,43832425,3576.6,2926.4,4322.95,2866.6,3260.0,742,7,3259.9,54,1,3259.8,87,4,3259.7,54,1,3259.6,20,1,3260.6,35,2,3260.7,38,3,3260.8,6,6,3260.9,18,1,3261.0,20,1
11536,2025-12-30 12:44:22+05:30,3260.0,2,3249.84,973597,113913.0,116086.0,3250.0,3261.6,3239.8,3251.5,43832425,3576.6,2926.4,4322.95,2866.6,3260.0,731,7,3259.9,54,1,3259.8,87,4,3259.7,54,1,3259.6,60,2,3260.6,37,4,3260.7,46,4,3260.8,2,2,3260.9,18,1,3261.0,33,2
11536,2025-12-30 12:44:23+05:30,3260.0,1,3249.84,973597,113913.0,116086.0,3250.0,3261.6,3239.8,3251.5,43832425,3576.6,2926.4,4322.95,2866.6,3260.0,731,7,3259.9,54,1,3259.8,87,4,3259.7,54,1,3259.6,60,2,3260.6,37,4,3260.7,46,4,3260.8,2,2,3260.9,18,1,3261.0,33,2
11536,2025-12-30 12:44:23+05:30,3260.0,1,3249.84,973758,114055.0,116304.0,3250.0,3261.6,3239.8,3251.5,43832425,3576.6,2926.4,4322.95,2866.6,3260.0,571,6,3259.9,54,1,3259.8,87,4,3259.7,54,1,3259.6,20,1,3260.6,78,10,3260.7,26,2,3260.8,13,1,3260.9,18,1,3261.0,33,2
11536,2025-12-30 12:44:23+05:30,3260.0,1,3249.84,973758,114055.0,116304.0,3250.0,3261.6,3239.8,3251.5,43832425,3576.6,2926.4,4322.95,2866.6,3260.0,571,6,3259.9,54,1,3259.8,87,4,3259.7,54,1,3259.6,20,1,3260.6,78,10,3260.7,26,2,3260.8,13,1,3260.9,18,1,3261.0,33,2
11536,2025-12-30 12:44:24+05:30,3260.2,4,3249.84,973758,114055.0,116304.0,3250.0,3261.6,3239.8,3251.5,43832425,3576.6,2926.4,4322.95,2866.6,3260.0,571,6,3259.9,54,1,3259.8,87,4,3259.7,54,1,3259.6,20,1,3260.6,78,10,3260.7,26,2,3260.8,13,1,3260.9,18,1,3261.0,33,2
11536,2025-12-30 12:44:24+05:30,3260.2,4,3249.85,973840,113368.0,116986.0,3250.0,3261.6,3239.8,3251.5,43832425,3576.6,2926.4,4322.95,2866.6,3260.2,14,1,3260.0,461,6,3259.9,62,2,3259.8,87,4,3259.7,54,1,3260.6,70,12,3260.8,21,2,3260.9,27,2,3261.0,44,3,3261.1,12,1
11536,2025-12-30 12:44:25+05:30,3260.2,6,3249.85,973840,113368.0,116986.0,3250.0,3261.6,3239.8,3251.5,43832425,3576.6,2926.4,4322.95,2866.6,3260.2,14,1,3260.0,461,6,3259.9,62,2,3259.8,87,4,3259.7,54,1,3260.6,70,12,3260.8,21,2,3260.9,27,2,3261.0,44,3,3261.1,12,1
11536,2025-12-30 12:44:25+05:30,3260.2,6,3249.85,973974,114126.0,116655.0,3250.0,3261.6,3239.8,3251.5,43832425,3576.6,2926.4,4322.95,2866.6,3260.2,61,1,3260.0,365,4,3259.9,62,2,3259.8,127,5,3259.7,54,1,3260.6,11,4,3260.7,8,1,3261.0,13,1,3261.1,47,3,3261.2,47,2
11536,2025-12-30 12:44:25+05:30,3260.2,6,3249.85,973974,114126.0,116655.0,3250.0,3261.6,3239.8,3251.5,43832425,3576.6,2926.4,4322.95,2866.6,3260.2,61,1,3260.0,365,4,3259.9,62,2,3259.8,127,5,3259.7,54,1,3260.6,11,4,3260.7,8,1,3261.0,13,1,3261.1,47,3,3261.2,47,2
11536,2025-12-30 12:44:26+05:30,3260.2,3,3249.85,973974,114126.0,116655.0,3250.0,3261.6,3239.8,3251.5,43832425,3576.6,2926.4,4322.95,2866.6,3260.2,61,1,3260.0,365,4,3259.9,62,2,3259.8,127,5,3259.7,54,1,3260.6,11,4,3260.7,8,1,3261.0,13,1,3261.1,47,3,3261.2,47,2
11536,2025-12-30 12:44:26+05:30,3260.2,3,3249.85,974013,114106.0,116655.0,3250.0,3261.6,3239.8,3251.5,43832425,3576.6,2926.4,4322.95,2866.6,3260.2,22,1,3260.0,365,4,3259.9,62,2,3259.8,127,5,3259.7,54,1,3260.6,10,4,3260.7,8,1,3261.0,13,1,3261.1,81,4,3261.2,13,1
11536,2025-12-30 12:44:27+05:30,3260.2,3,3249.85,974013,114106.0,116655.0,3250.0,3261.6,3239.8,3251.5,43832425,3576.6,2926.4,4322.95,2866.6,3260.2,22,1,3260.0,365,4,3259.9,62,2,3259.8,127,5,3259.7,54,1,3260.6,10,4,3260.7,8,1,3261.0,13,1,3261.1,81,4,3261.2,13,1
11536,2025-12-30 12:44:27+05:30,3260.2,22,3249.85,974013,114106.0,116655.0,3250.0,3261.6,3239.8,3251.5,43832425,3576.6,2926.4,4322.95,2866.6,3260.2,22,1,3260.0,365,4,3259.9,62,2,3259.8,127,5,3259.7,54,1,3260.6,10,4,3260.7,8,1,3261.0,13,1,3261.1,81,4,3261.2,13,1
11536,2025-12-30 12:44:27+05:30,3260.2,22,3249.85,974035,113524.0,116781.0,3250.0,3261.6,3239.8,3251.5,43832425,3576.6,2926.4,4322.95,2866.6,3260.0,365,4,3259.9,62,2,3259.8,66,3,3259.7,54,1,3259.4,21,1,3260.1,4,3,3260.2,12,2,3260.5,13,1,3260.6,5,3,3260.7,34,1
11536,2025-12-30 12:44:28+05:30,3260.6,1,3249.85,974174,112364.0,116800.0,3250.0,3261.6,3239.8,3251.5,43832425,3576.6,2926.4,4322.95,2866.6,3260.0,338,4,3259.9,148,3,3259.8,66,3,3259.7,54,1,3259.6,21,1,3260.6,12,5,3260.7,21,2,3260.8,34,1,3260.9,12,1,3261.0,26,2
11536,2025-12-30 12:44:28+05:30,3260.6,1,3249.85,974174,112364.0,116800.0,3250.0,3261.6,3239.8,3251.5,43832425,3576.6,2926.4,4322.95,2866.6,3260.0,338,4,3259.9,148,3,3259.8,66,3,3259.7,54,1,3259.6,21,1,3260.6,12,5,3260.7,21,2,3260.8,34,1,3260.9,12,1,3261.0,26,2
11536,2025-12-30 12:44:29+05:30,3260.6,1,3249.85,974174,112364.0,116800.0,3250.0,3261.6,3239.8,3251.5,43832425,3576.6,2926.4,4322.95,2866.6,3260.0,338,4,3259.9,148,3,3259.8,66,3,3259.7,54,1,3259.6,21,1,3260.6,12,5,3260.7,21,2,3260.8,34,1,3260.9,12,1,3261.0,26,2
11536,2025-12-30 12:44:29+05:30,3260.0,18,3249.85,974204,113239.0,116614.0,3250.0,3261.6,3239.8,3251.5,43832425,3576.6,2926.4,4322.95,2866.6,3260.0,308,4,3259.9,148,3,3259.8,66,3,3259.7,54,1,3259.6,21,1,3260.6,11,5,3260.7,8,1,3260.8,34,1,3260.9,12,1,3261.0,26,2
11536,2025-12-30 12:44:29+05:30,3260.0,18,3249.85,974204,113239.0,116614.0,3250.0,3261.6,3239.8,3251.5,43832425,3576.6,2926.4,4322.95,2866.6,3260.0,308,4,3259.9,148,3,3259.8,66,3,3259.7,54,1,3259.6,21,1,3260.6,11,5,3260.7,8,1,3260.8,34,1,3260.9,12,1,3261.0,26,2
11536,2025-12-30 12:44:30+05:30,3260.0,42,3249.85,974253,113252.0,116919.0,3250.0,3261.6,3239.8,3251.5,43832425,3576.6,2926.4,4322.95,2866.6,3260.0,259,4,3259.9,148,3,3259.8,66,3,3259.7,54,1,3259.6,21,1,3260.6,7,5,3260.8,34,1,3260.9,45,3,3261.0,36,2,3261.1,22,1
11536,2025-12-30 12:44:30+05:30,3260.0,42,3249.85,974253,113252.0,116919.0,3250.0,3261.6,3239.8,3251.5,43832425,3576.6,2926.4,4322.95,2866.6,3260.0,259,4,3259.9,148,3,3259.8,66,3,3259.7,54,1,3259.6,21,1,3260.6,7,5,3260.8,34,1,3260.9,45,3,3261.0,36,2,3261.1,22,1
11536,2025-12-30 12:44:30+05:30,3260.6,1,3249.85,974253,113252.0,116919.0,3250.0,3261.6,3239.8,3251.5,43832425,3576.6,2926.4,4322.95,2866.6,3260.0,259,4,3259.9,148,3,3259.8,66,3,3259.7,54,1,3259.6,21,1,3260.6,7,5,3260.8,34,1,3260.9,45,3,3261.0,36,2,3261.1,22,1
11536,2025-12-30 12:44:31+05:30,3260.0,9,3249.85,974267,113241.0,116768.0,3250.0,3261.6,3239.8,3251.5,43832425,3576.6,2926.4,4322.95,2866.6,3260.0,247,4,3259.9,148,3,3259.8,66,3,3259.7,54,1,3259.6,21,1,3260.6,9,8,3260.7,34,1,3260.9,24,2,3261.0,53,2,3261.1,22,1
11536,2025-12-30 12:44:31+05:30,3260.6,1,3249.85,974267,113241.0,116768.0,3250.0,3261.6,3239.8,3251.5,43832425,3576.6,2926.4,4322.95,2866.6,3260.0,247,4,3259.9,148,3,3259.8,66,3,3259.7,54,1,3259.6,21,1,3260.6,9,8,3260.7,34,1,3260.9,24,2,3261.0,53,2,3261.1,22,1
11536,2025-12-30 12:44:32+05:30,3260.6,1,3249.85,974267,113241.0,116768.0,3250.0,3261.6,3239.8,3251.5,44155650,3576.6,2926.4,4322.95,2866.6,3260.0,247,4,3259.9,148,3,3259.8,66,3,3259.7,54,1,3259.6,21,1,3260.6,9,8,3260.7,34,1,3260.9,24,2,3261.0,53,2,3261.1,22,1
11536,2025-12-30 12:44:32+05:30,3260.5,1,3249.85,974440,113493.0,116659.0,3250.0,3261.6,3239.8,3251.5,44155650,3576.6,2926.4,4322.95,2866.6,3260.0,223,4,3259.9,148,3,3259.8,66,3,3259.7,54,1,3259.6,50,2,3260.8,34,1,3260.9,16,2,3261.0,9,2,3261.1,49,4,3261.2,26,2
11536,2025-12-30 12:44:32+05:30,3260.5,1,3249.85,974440,113493.0,116659.0,3250.0,3261.6,3239.8,3251.5,44155650,3576.6,2926.4,4322.95,2866.6,3260.0,223,4,3259.9,148,3,3259.8,66,3,3259.7,54,1,3259.6,50,2,3260.8,34,1,3260.9,16,2,3261.0,9,2,3261.1,49,4,3261.2,26,2
11536,2025-12-30 12:44:33+05:30,3260.5,1,3249.85,974440,113457.0,116755.0,3250.0,3261.6,3239.8,3251.5,44155650,3576.6,2926.4,4322.95,2866.6,3260.0,223,4,3259.9,148,3,3259.8,66,3,3259.7,54,1,3259.6,50,2,3260.8,41,3,3260.9,10,1,3261.0,22,3,3261.1,49,4,3261.2,26,2
11536,2025-12-30 12:44:34+05:30,3260.5,1,3249.85,974440,113457.0,116755.0,3250.0,3261.6,3239.8,3251.5,44155650,3576.6,2926.4,4322.95,2866.6,3260.0,223,4,3259.9,148,3,3259.8,66,3,3259.7,54,1,3259.6,50,2,3260.8,41,3,3260.9,10,1,3261.0,22,3,3261.1,49,4,3261.2,26,2
11536,2025-12-30 12:44:34+05:30,3260.0,51,3249.85,974491,113615.0,116980.0,3250.0,3261.6,3239.8,3251.5,44155650,3576.6,2926.4,4322.95,2866.6,3260.0,172,4,3259.9,148,3,3259.8,66,3,3259.7,54,1,3259.6,50,2,3260.8,69,8,3260.9,39,3,3261.0,22,3,3261.1,73,4,3261.2,26,2
11536,2025-12-30 12:44:34+05:30,3260.0,1,3249.85,974491,113615.0,116980.0,3250.0,3261.6,3239.8,3251.5,44155650,3576.6,2926.4,4322.95,2866.6,3260.0,172,4,3259.9,148,3,3259.8,66,3,3259.7,54,1,3259.6,50,2,3260.8,69,8,3260.9,39,3,3261.0,22,3,3261.1,73,4,3261.2,26,2
11536,2025-12-30 12:44:35+05:30,3260.8,1,3249.85,974520,114119.0,116953.0,3250.0,3261.6,3239.8,3251.5,44155650,3576.6,2926.4,4322.95,2866.6,3260.0,144,4,3259.9,148,3,3259.8,66,3,3259.7,54,1,3259.6,50,2,3260.8,61,6,3260.9,39,3,3261.0,19,2,3261.1,43,3,3261.2,26,2
11536,2025-12-30 12:44:35+05:30,3260.8,1,3249.85,974520,114119.0,116953.0,3250.0,3261.6,3239.8,3251.5,44155650,3576.6,2926.4,4322.95,2866.6,3260.0,144,4,3259.9,148,3,3259.8,66,3,3259.7,54,1,3259.6,50,2,3260.8,61,6,3260.9,39,3,3261.0,19,2,3261.1,43,3,3261.2,26,2
11536,2025-12-30 12:44:36+05:30,3260.0,15,3249.85,974536,112690.0,116465.0,3250.0,3261.6,3239.8,3251.5,44155650,3576.6,2926.4,4322.95,2866.6,3260.0,128,4,3259.9,148,3,3259.8,66,3,3259.7,54,1,3259.6,78,3,3260.8,4,4,3261.1,48,3,3261.2,36,2,3261.3,28,2,3261.4,46,2
11536,2025-12-30 12:44:36+05:30,3260.0,15,3249.85,974536,112690.0,116465.0,3250.0,3261.6,3239.8,3251.5,44155650,3576.6,2926.4,4322.95,2866.6,3260.0,128,4,3259.9,148,3,3259.8,66,3,3259.7,54,1,3259.6,78,3,3260.8,4,4,3261.1,48,3,3261.2,36,2,3261.3,28,2,3261.4,46,2
11536,2025-12-30 12:44:37+05:30,3260.0,9,3249.85,974630,114110.0,116362.0,3250.0,3261.6,3239.8,3251.5,44155650,3576.6,2926.4,4322.95,2866.6,3260.0,551,5,3259.9,148,3,3259.8,106,4,3259.7,54,1,3259.6,78,3,3260.8,8,5,3261.2,34,1,3261.3,26,3,3261.4,46,2,3261.5,26,3
11536,2025-12-30 12:44:37+05:30,3260.0,9,3249.85,974630,114110.0,116362.0,3250.0,3261.6,3239.8,3251.5,44155650,3576.6,2926.4,4322.95,2866.6,3260.0,551,5,3259.9,148,3,3259.8,106,4,3259.7,54,1,3259.6,78,3,3260.8,8,5,3261.2,34,1,3261.3,26,3,3261.4,46,2,3261.5,26,3
11536,2025-12-30 12:44:38+05:30,3260.0,4,3249.85,974639,114391.0,116189.0,3250.0,3261.6,3239.8,3251.5,44155650,3576.6,2926.4,4322.95,2866.6,3260.0,701,7,3259.9,98,4,3259.8,106,4,3259.7,54,1,3259.6,78,3,3260.8,10,7,3261.2,34,1,3261.3,26,3,3261.4,46,2,3261.5,26,3
11536,2025-12-30 12:44:38+05:30,3260.0,4,3249.85,974639,114391.0,116189.0,3250.0,3261.6,3239.8,3251.5,44155650,3576.6,2926.4,4322.95,2866.6,3260.0,701,7,3259.9,98,4,3259.8,106,4,3259.7,54,1,3259.6,78,3,3260.8,10,7,3261.2,34,1,3261.3,26,3,3261.4,46,2,3261.5,26,3
11536,2025-12-30 12:44:39+05:30,3260.0,2,3249.85,974666,114569.0,116546.0,3250.0,3261.6,3239.8,3251.5,44155650,3576.6,2926.4,4322.95,2866.6,3260.0,674,6,3259.9,98,4,3259.8,106,4,3259.7,54,1,3259.6,78,3,3260.8,25,11,3261.1,34,1,3261.3,19,2,3261.4,32,1,3261.5,39,4
11536,2025-12-30 12:44:39+05:30,3260.0,3,3249.85,974666,114569.0,116546.0,3250.0,3261.6,3239.8,3251.5,44155650,3576.6,2926.4,4322.95,2866.6,3260.0,674,6,3259.9,98,4,3259.8,106,4,3259.7,54,1,3259.6,78,3,3260.8,25,11,3261.1,34,1,3261.3,19,2,3261.4,32,1,3261.5,39,4
11536,2025-12-30 12:44:40+05:30,3260.0,1,3249.85,974666,114569.0,116546.0,3250.0,3261.6,3239.8,3251.5,44155650,3576.6,2926.4,4322.95,2866.6,3260.0,674,6,3259.9,98,4,3259.8,106,4,3259.7,54,1,3259.6,78,3,3260.8,25,11,3261.1,34,1,3261.3,19,2,3261.4,32,1,3261.5,39,4
11536,2025-12-30 12:44:40+05:30,3260.0,1,3249.85,974695,115054.0,116705.0,3250.0,3261.6,3239.8,3251.5,44155650,3576.6,2926.4,4322.95,2866.6,3260.0,790,7,3259.9,98,4,3259.8,126,5,3259.7,74,2,3259.6,86,4,3260.8,22,9,3261.1,34,1,3261.3,19,2,3261.4,32,1,3261.5,52,5
11536,2025-12-30 12:44:41+05:30,3260.0,1,3249.85,974695,115054.0,116705.0,3250.0,3261.6,3239.8,3251.5,44155650,3576.6,2926.4,4322.95,2866.6,3260.0,790,7,3259.9,98,4,3259.8,126,5,3259.7,74,2,3259.6,86,4,3260.8,22,9,3261.1,34,1,3261.3,19,2,3261.4,32,1,3261.5,52,5
11536,2025-12-30 12:44:41+05:30,3260.0,1,3249.85,974709,114869.0,116736.0,3250.0,3261.6,3239.8,3251.5,44155650,3576.6,2926.4,4322.95,2866.6,3260.0,776,7,3259.9,98,4,3259.8,126,5,3259.7,54,1,3259.6,86,4,3260.8,19,6,3261.1,34,1,3261.2,12,1,3261.3,28,3,3261.4,44,2
11536,2025-12-30 12:44:42+05:30,3260.2,4,3249.85,974709,114869.0,116736.0,3250.0,3261.6,3239.8,3251.5,44155650,3576.6,2926.4,4322.95,2866.6,3260.0,776,7,3259.9,98,4,3259.8,126,5,3259.7,54,1,3259.6,86,4,3260.8,19,6,3261.1,34,1,3261.2,12,1,3261.3,28,3,3261.4,44,2
11536,2025-12-30 12:44:42+05:30,3260.8,4,3249.85,974719,113706.0,116029.0,3250.0,3261.6,3239.8,3251.5,44155650,3576.6,2926.4,4322.95,2866.6,3260.2,75,2,3260.1,18,1,3260.0,716,8,3259.9,98,4,3259.8,492,7,3260.8,15,7,3261.1,34,1,3261.3,19,2,3261.4,12,1,3261.5,26,3
11536,2025-12-30 12:44:43+05:30,3260.2,1,3249.85,974719,113706.0,116029.0,3250.0,3261.6,3239.8,3251.5,44155650,3576.6,2926.4,4322.95,2866.6,3260.2,75,2,3260.1,18,1,3260.0,716,8,3259.9,98,4,3259.8,492,7,3260.8,15,7,3261.1,34,1,3261.3,19,2,3261.4,12,1,3261.5,26,3
11536,2025-12-30 12:44:43+05:30,3260.2,4,3249.86,974740,115023.0,113564.0,3250.0,3261.6,3239.8,3251.5,44155650,3576.6,2926.4,4322.95,2866.6,3260.2,32,2,3260.1,42,1,3260.0,617,5,3259.9,94,4,3259.8,515,8,3260.8,12,8,3261.1,34,1,3261.3,2,1,3261.4,12,1,3261.5,7,2
11536,2025-12-30 12:44:44+05:30,3260.2,4,3249.86,974740,115023.0,113564.0,3250.0,3261.6,3239.8,3251.5,44155650,3576.6,2926.4,4322.95,2866.6,3260.2,32,2,3260.1,42,1,3260.0,617,5,3259.9,94,4,3259.8,515,8,3260.8,12,8,3261.1,34,1,3261.3,2,1,3261.4,12,1,3261.5,7,2
11536,2025-12-30 12:44:44+05:30,3260.2,3,3249.86,974745,113518.0,114904.0,3250.0,3261.6,3239.8,3251.5,44155650,3576.6,2926.4,4322.95,2866.6,3260.2,27,2,3260.0,578,5,3259.9,73,3,3259.8,111,5,3259.7,106,2,3260.8,18,9,3260.9,9,1,3261.0,43,2,3261.1,34,1,3261.2,32,3
11536,2025-12-30 12:44:45+05:30,3260.2,2,3249.86,974745,113518.0,114904.0,3250.0,3261.6,3239.8,3251.5,44155650,3576.6,2926.4,4322.95,2866.6,3260.2,27,2,3260.0,578,5,3259.9,73,3,3259.8,111,5,3259.7,106,2,3260.8,18,9,3260.9,9,1,3261.0,43,2,3261.1,34,1,3261.2,32,3
11536,2025-12-30 12:44:45+05:30,3260.2,1,3249.86,974752,113659.0,116172.0,3250.0,3261.6,3239.8,3251.5,44155650,3576.6,2926.4,4322.95,2866.6,3260.2,21,2,3260.0,578,5,3259.9,73,3,3259.8,111,5,3259.7,54,1,3260.8,23,10,3260.9,53,3,3261.0,55,3,3261.1,61,2,3261.2,55,4
11536,2025-12-30 12:44:46+05:30,3260.8,1,3249.86,974752,113659.0,116172.0,3250.0,3261.6,3239.8,3251.5,44155650,3576.6,2926.4,4322.95,2866.6,3260.2,21,2,3260.0,578,5,3259.9,73,3,3259.8,111,5,3259.7,54,1,3260.8,23,10,3260.9,53,3,3261.0,55,3,3261.1,61,2,3261.2,55,4
11536,2025-12-30 12:44:46+05:30,3260.2,2,3249.86,974761,113182.0,115409.0,3250.0,3261.6,3239.8,3251.5,44155650,3576.6,2926.4,4322.95,2866.6,3260.2,13,2,3260.0,578,5,3259.9,73,3,3259.8,86,4,3259.7,54,1,3260.8,34,9,3260.9,71,4,3261.0,55,3,3261.1,61,2,3261.2,55,4
11536,2025-12-30 12:44:47+05:30,3260.0,1,3249.86,974761,113182.0,115409.0,3250.0,3261.6,3239.8,3251.5,44155650,3576.6,2926.4,4322.95,2866.6,3260.2,13,2,3260.0,578,5,3259.9,73,3,3259.8,86,4,3259.7,54,1,3260.8,34,9,3260.9,71,4,3261.0,55,3,3261.1,61,2,3261.2,55,4
11536,2025-12-30 12:44:47+05:30,3260.0,1,3249.86,974839,112954.0,117308.0,3250.0,3261.6,3239.8,3251.5,44155650,3576.6,2926.4,4322.95,2866.6,3260.0,576,6,3259.9,86,4,3259.8,66,3,3259.7,86,3,3259.4,21,1,3260.2,6,3,3260.7,34,1,3260.8,33,7,3260.9,38,3,3261.0,56,3
11536,2025-12-30 12:44:48+05:30,3260.0,1,3249.86,974839,112954.0,117308.0,3250.0,3261.6,3239.8,3251.5,44155650,3576.6,2926.4,4322.95,2866.6,3260.0,576,6,3259.9,86,4,3259.8,66,3,3259.7,86,3,3259.4,21,1,3260.2,6,3,3260.7,34,1,3260.8,33,7,3260.9,38,3,3261.0,56,3
11536,2025-12-30 12:44:49+05:30,3260.0,1,3249.86,974855,113110.0,117029.0,3250.0,3261.6,3239.8,3251.5,44155650,3576.6,2926.4,4322.95,2866.6,3260.0,674,7,3259.9,86,4,3259.8,66,3,3259.7,86,3,3259.4,34,2,3260.2,7,4,3260.8,4,2,3261.0,31,1,3261.2,32,3,3261.3,77,4
11536,2025-12-30 12:44:49+05:30,3260.2,1,3249.86,974855,113110.0,117029.0,3250.0,3261.6,3239.8,3251.5,44155650,3576.6,2926.4,4322.95,2866.6,3260.0,674,7,3259.9,86,4,3259.8,66,3,3259.7,86,3,3259.4,34,2,3260.2,7,4,3260.8,4,2,3261.0,31,1,3261.2,32,3,3261.3,77,4
11536,2025-12-30 12:44:50+05:30,3260.0,1,3249.86,974874,112771.0,117195.0,3250.0,3261.6,3239.8,3251.5,44155650,3576.6,2926.4,4322.95,2866.6,3260.0,656,7,3259.9,86,4,3259.8,66,3,3259.7,86,3,3259.4,21,1,3260.2,10,8,3260.9,35,1,3261.0,31,1,3261.2,32,3,3261.3,77,4
11536,2025-12-30 12:44:50+05:30,3260.0,8,3249.86,974874,112771.0,117195.0,3250.0,3261.6,3239.8,3251.5,44155650,3576.6,2926.4,4322.95,2866.6,3260.0,656,7,3259.9,86,4,3259.8,66,3,3259.7,86,3,3259.4,21,1,3260.2,10,8,3260.9,35,1,3261.0,31,1,3261.2,32,3,3261.3,77,4
11536,2025-12-30 12:44:51+05:30,3260.0,8,3249.86,974891,113030.0,117190.0,3250.0,3261.6,3239.8,3251.5,44155650,3576.6,2926.4,4322.95,2866.6,3260.0,645,7,3259.9,86,4,3259.8,66,3,3259.7,86,3,3259.4,21,1,3260.2,8,7,3260.9,35,1,3261.0,83,3,3261.2,32,3,3261.3,77,4
11536,2025-12-30 12:44:51+05:30,3260.2,1,3249.86,974891,113030.0,117190.0,3250.0,3261.6,3239.8,3251.5,44155650,3576.6,2926.4,4322.95,2866.6,3260.0,645,7,3259.9,86,4,3259.8,66,3,3259.7,86,3,3259.4,21,1,3260.2,8,7,3260.9,35,1,3261.0,83,3,3261.2,32,3,3261.3,77,4
11536,2025-12-30 12:44:52+05:30,3260.2,1,3249.86,974902,113507.0,116102.0,3250.0,3261.6,3239.8,3251.5,44155650,3576.6,2926.4,4322.95,2866.6,3260.0,640,7,3259.9,86,4,3259.8,66,3,3259.7,86,3,3259.4,56,2,3260.2,7,7,3260.8,20,2,3260.9,43,2,3261.0,71,2,3261.2,32,3
11536,2025-12-30 12:44:52+05:30,3260.0,2,3249.86,974902,113507.0,116102.0,3250.0,3261.6,3239.8,3251.5,44155650,3576.6,2926.4,4322.95,2866.6,3260.0,640,7,3259.9,86,4,3259.8,66,3,3259.7,86,3,3259.4,56,2,3260.2,7,7,3260.8,20,2,3260.9,43,2,3261.0,71,2,3261.2,32,3
11536,2025-12-30 12:44:53+05:30,3260.2,1,3249.86,974915,113686.0,116251.0,3250.0,3261.6,3239.8,3251.5,44155650,3576.6,2926.4,4322.95,2866.6,3260.0,634,6,3259.9,86,4,3259.8,95,4,3259.7,102,4,3259.6,47,2,3260.2,2,2,3261.0,32,2,3261.2,24,2,3261.3,68,3,3261.4,53,3
11536,2025-12-30 12:44:53+05:30,3260.2,1,3249.86,974915,113686.0,116251.0,3250.0,3261.6,3239.8,3251.5,44155650,3576.6,2926.4,4322.95,2866.6,3260.0,634,6,3259.9,86,4,3259.8,95,4,3259.7,102,4,3259.6,47,2,3260.2,2,2,3261.0,32,2,3261.2,24,2,3261.3,68,3,3261.4,53,3
11536,2025-12-30 12:44:54+05:30,3260.2,1,3249.86,974919,114181.0,116176.0,3250.0,3261.6,3239.8,3251.5,44155650,3576.6,2926.4,4322.95,2866.6,3260.0,691,9,3259.9,126,5,3259.8,129,6,3259.7,86,3,3259.6,68,3,3260.2,3,3,3261.0,32,2,3261.3,28,2,3261.4,26,1,3261.5,61,4
11536,2025-12-30 12:44:55+05:30,3260.2,1,3249.86,974927,113820.0,116856.0,3250.0,3261.6,3239.8,3251.5,44155650,3576.6,2926.4,4322.95,2866.6,3260.0,628,6,3259.9,86,4,3259.8,78,4,3259.7,86,3,3259.6,52,2,3260.2,2,2,3261.0,32,2,3261.3,28,2,3261.4,26,1,3261.5,74,6
11536,2025-12-30 12:44:55+05:30,3260.0,1,3249.86,974927,113820.0,116856.0,3250.0,3261.6,3239.8,3251.5,44155650,3576.6,2926.4,4322.95,2866.6,3260.0,628,6,3259.9,86,4,3259.8,78,4,3259.7,86,3,3259.6,52,2,3260.2,2,2,3261.0,32,2,3261.3,28,2,3261.4,26,1,3261.5,74,6
11536,2025-12-30 12:44:56+05:30,3260.0,3,3249.86,974940,113559.0,116890.0,3250.0,3261.6,3239.8,3251.5,44155650,3576.6,2926.4,4322.95,2866.6,3260.0,630,7,3259.9,86,4,3259.8,78,4,3259.7,102,4,3259.6,12,1,3260.2,26,2,3261.0,32,2,3261.3,28,2,3261.4,26,1,3261.5,74,6
11536,2025-12-30 12:44:56+05:30,3260.0,3,3249.86,974940,113559.0,116890.0,3250.0,3261.6,3239.8,3251.5,44155650,3576.6,2926.4,4322.95,2866.6,3260.0,630,7,3259.9,86,4,3259.8,78,4,3259.7,102,4,3259.6,12,1,3260.2,26,2,3261.0,32,2,3261.3,28,2,3261.4,26,1,3261.5,74,6
11536,2025-12-30 12:44:57+05:30,3260.0,78,3249.86,975019,112137.0,115740.0,3250.0,3261.6,3239.8,3251.5,44155650,3576.6,2926.4,4322.95,2866.6,3260.0,540,6,3259.9,86,4,3259.8,66,3,3259.7,86,3,3259.5,40,1,3260.2,64,7,3260.9,35,1,3261.0,44,3,3261.2,24,2,3261.3,77,4
11536,2025-12-30 12:44:57+05:30,3260.0,1,3249.86,975019,112137.0,115740.0,3250.0,3261.6,3239.8,3251.5,44155650,3576.6,2926.4,4322.95,2866.6,3260.0,540,6,3259.9,86,4,3259.8,66,3,3259.7,86,3,3259.5,40,1,3260.2,64,7,3260.9,35,1,3261.0,44,3,3261.2,24,2,3261.3,77,4
11536,2025-12-30 12:44:58+05:30,3260.0,2,3249.86,975525,113992.0,116429.0,3250.0,3261.6,3239.8,3251.5,44155650,3576.6,2926.4,4322.95,2866.6,3260.0,603,8,3259.9,86,4,3259.8,188,5,3259.7,89,4,3259.6,53,3,3260.9,30,3,3261.1,35,1,3261.2,65,3,3261.3,33,4,3261.4,32,3
11536,2025-12-30 12:44:58+05:30,3260.0,2,3249.86,975525,113992.0,116429.0,3250.0,3261.6,3239.8,3251.5,44155650,3576.6,2926.4,4322.95,2866.6,3260.0,603,8,3259.9,86,4,3259.8,188,5,3259.7,89,4,3259.6,53,3,3260.9,30,3,3261.1,35,1,3261.2,65,3,3261.3,33,4,3261.4,32,3
11536,2025-12-30 12:44:59+05:30,3260.2,1,3249.87,975665,113055.0,116346.0,3250.0,3261.6,3239.8,3251.5,44155650,3576.6,2926.4,4322.95,2866.6,3260.2,104,2,3260.1,103,2,3260.0,535,7,3259.9,120,6,3259.8,251,7,3260.9,19,4,3261.3,14,2,3261.4,23,2,3261.5,7,1,3261.7,50,2
11536,2025-12-30 12:44:59+05:30,3260.2,1,3249.87,975665,113055.0,116346.0,3250.0,3261.6,3239.8,3251.5,44155650,3576.6,2926.4,4322.95,2866.6,3260.2,104,2,3260.1,103,2,3260.0,535,7,3259.9,120,6,3259.8,251,7,3260.9,19,4,3261.3,14,2,3261.4,23,2,3261.5,7,1,3261.7,50,2
11536,2025-12-30 12:45:00+05:30,3260.2,25,3249.87,975754,114306.0,116119.0,3250.0,3261.6,3239.8,3251.5,44155650,3576.6,2926.4,4322.95,2866.6,3260.2,15,2,3260.1,103,2,3260.0,483,8,3259.9,120,6,3259.8,251,7,3260.9,18,5,3261.3,5,1,3261.4,23,2,3261.5,7,1,3261.7,50,2
11536,2025-12-30 12:45:00+05:30,3260.2,25,3249.87,975754,114306.0,116119.0,3250.0,3261.6,3239.8,3251.5,44155650,3576.6,2926.4,4322.95,2866.6,3260.2,15,2,3260.1,103,2,3260.0,483,8,3259.9,120,6,3259.8,251,7,3260.9,18,5,3261.3,5,1,3261.4,23,2,3261.5,7,1,3261.7,50,2
11536,2025-12-30 12:45:01+05:30,3260.2,8,3249.87,975754,114306.0,116119.0,3250.0,3261.6,3239.8,3251.5,44155650,3576.6,2926.4,4322.95,2866.6,3260.2,15,2,3260.1,103,2,3260.0,483,8,3259.9,120,6,3259.8,251,7,3260.9,18,5,3261.3,5,1,3261.4,23,2,3261.5,7,1,3261.7,50,2
11536,2025-12-30 12:45:01+05:30,3260.2,8,3249.87,975843,114496.0,114937.0,3250.0,3261.6,3239.8,3251.5,44155650,3576.6,2926.4,4322.95,2866.6,3260.2,23,1,3260.1,103,2,3260.0,491,9,3259.9,86,4,3259.8,228,6,3260.9,12,6,3261.4,52,2,3261.6,13,1,3261.7,50,2,3261.8,27,2
11536,2025-12-30 12:45:02+05:30,3260.2,24,3249.87,975843,114496.0,114937.0,3250.0,3261.6,3239.8,3251.5,44155650,3576.6,2926.4,4322.95,2866.6,3260.2,23,1,3260.1,103,2,3260.0,491,9,3259.9,86,4,3259.8,228,6,3260.9,12,6,3261.4,52,2,3261.6,13,1,3261.7,50,2,3261.8,27,2
11536,2025-12-30 12:45:02+05:30,3260.2,24,3249.87,975890,114488.0,114815.0,3250.0,3261.6,3239.8,3251.5,44155650,3576.6,2926.4,4322.95,2866.6,3260.2,4,1,3260.0,451,8,3259.9,154,5,3259.8,126,5,3259.7,89,4,3260.9,40,10,3261.1,11,1,3261.2,47,2,3261.4,30,2,3261.5,22,2
11536,2025-12-30 12:45:03+05:30,3260.1,3,3249.87,975890,114488.0,114815.0,3250.0,3261.6,3239.8,3251.5,44155650,3576.6,2926.4,4322.95,2866.6,3260.2,4,1,3260.0,451,8,3259.9,154,5,3259.8,126,5,3259.7,89,4,3260.9,40,10,3261.1,11,1,3261.2,47,2,3261.4,30,2,3261.5,22,2
11536,2025-12-30 12:45:03+05:30,3260.1,1,3249.87,975904,114203.0,116349.0,3250.0,3261.6,3239.8,3251.5,44155650,3576.6,2926.4,4322.95,2866.6,3260.1,81,3,3260.0,463,8,3259.9,140,5,3259.8,137,6,3259.7,89,4,3260.2,3,1,3260.9,22,7,3261.2,35,1,3261.4,17,1,3261.5,14,2
11536,2025-12-30 12:45:04+05:30,3260.2,17,3249.87,975904,114203.0,116349.0,3250.0,3261.6,3239.8,3251.5,44155650,3576.6,2926.4,4322.95,2866.6,3260.1,81,3,3260.0,463,8,3259.9,140,5,3259.8,137,6,3259.7,89,4,3260.2,3,1,3260.9,22,7,3261.2,35,1,3261.4,17,1,3261.5,14,2
11536,2025-12-30 12:45:04+05:30,3260.2,2,3249.87,975951,114986.0,116472.0,3250.0,3261.6,3239.8,3251.5,44155650,3576.6,2926.4,4322.95,2866.6,3260.2,53,2,3260.1,120,3,3260.0,490,8,3259.9,95,4,3259.8,250,7,3260.9,21,7,3261.3,35,1,3261.4,8,1,3261.5,11,2,3261.6,12,1
11536,2025-12-30 12:45:05+05:30,3260.2,1,3249.87,975951,114986.0,116472.0,3250.0,3261.6,3239.8,3251.5,44155650,3576.6,2926.4,4322.95,2866.6,3260.2,53,2,3260.1,120,3,3260.0,490,8,3259.9,95,4,3259.8,250,7,3260.9,21,7,3261.3,35,1,3261.4,8,1,3261.5,11,2,3261.6,12,1
11536,2025-12-30 12:45:05+05:30,3260.1,3,3249.87,975976,114545.0,116613.0,3250.0,3261.6,3239.8,3251.5,44155650,3576.6,2926.4,4322.95,2866.6,3260.1,157,4,3260.0,450,7,3259.9,75,3,3259.8,229,6,3259.7,89,4,3260.9,22,10,3261.1,8,1,3261.3,35,1,3261.4,20,2,3261.5,11,2
11536,2025-12-30 12:45:06+05:30,3260.2,1,3249.87,975976,114545.0,116613.0,3250.0,3261.6,3239.8,3251.5,44155650,3576.6,2926.4,4322.95,2866.6,3260.1,157,4,3260.0,450,7,3259.9,75,3,3259.8,229,6,3259.7,89,4,3260.9,22,10,3261.1,8,1,3261.3,35,1,3261.4,20,2,3261.5,11,2
11536,2025-12-30 12:45:06+05:30,3260.2,5,3249.87,976004,114614.0,115818.0,3250.0,3261.6,3239.8,3251.5,44155650,3576.6,2926.4,4322.95,2866.6,3260.2,27,1,3260.1,162,4,3260.0,450,7,3259.9,75,3,3259.8,772,9,3260.9,21,9,3261.3,8,1,3261.5,35,1,3261.6,34,2,3261.7,50,2
11536,2025-12-30 12:45:07+05:30,3260.1,4,3249.87,976004,114614.0,115818.0,3250.0,3261.6,3239.8,3251.5,44155650,3576.6,2926.4,4322.95,2866.6,3260.2,27,1,3260.1,162,4,3260.0,450,7,3259.9,75,3,3259.8,772,9,3260.9,21,9,3261.3,8,1,3261.5,35,1,3261.6,34,2,3261.7,50,2
11536,2025-12-30 12:45:07+05:30,3260.1,3,3249.87,976051,112988.0,116689.0,3250.0,3261.6,3239.8,3251.5,44155650,3576.6,2926.4,4322.95,2866.6,3260.1,111,4,3260.0,450,7,3259.9,75,3,3259.8,66,3,3259.7,86,3,3260.2,12,4,3260.6,8,1,3260.7,20,1,3260.8,28,2,3260.9,64,9
11536,2025-12-30 12:45:08+05:30,3260.1,2,3249.87,976051,112988.0,116689.0,3250.0,3261.6,3239.8,3251.5,44155650,3576.6,2926.4,4322.95,2866.6,3260.1,111,4,3260.0,450,7,3259.9,75,3,3259.8,66,3,3259.7,86,3,3260.2,12,4,3260.6,8,1,3260.7,20,1,3260.8,28,2,3260.9,64,9
11536,2025-12-30 12:45:08+05:30,3260.1,5,3249.87,976097,113059.0,115403.0,3250.0,3261.6,3239.8,3251.5,44155650,3576.6,2926.4,4322.95,2866.6,3260.1,101,4,3260.0,450,7,3259.9,75,3,3259.8,66,3,3259.7,86,3,3260.2,26,6,3260.6,8,1,3260.7,20,1,3260.8,28,2,3260.9,4,4
11536,2025-12-30 12:45:09+05:30,3260.1,1,3249.87,976097,113059.0,115403.0,3250.0,3261.6,3239.8,3251.5,44155650,3576.6,2926.4,4322.95,2866.6,3260.1,101,4,3260.0,450,7,3259.9,75,3,3259.8,66,3,3259.7,86,3,3260.2,26,6,3260.6,8,1,3260.7,20,1,3260.8,28,2,3260.9,4,4
11536,2025-12-30 12:45:09+05:30,3260.1,1,3249.87,976132,112826.0,115602.0,3250.0,3261.6,3239.8,3251.5,44155650,3576.6,2926.4,4322.95,2866.6,3260.1,59,3,3260.0,450,7,3259.9,85,4,3259.8,66,3,3259.7,86,3,3260.2,21,8,3260.7,63,3,3260.8,29,2,3260.9,12,3,3261.0,25,2
11536,2025-12-30 12:45:10+05:30,3260.2,8,3249.87,976132,112826.0,115602.0,3250.0,3261.6,3239.8,3251.5,44155650,3576.6,2926.4,4322.95,2866.6,3260.1,59,3,3260.0,450,7,3259.9,85,4,3259.8,66,3,3259.7,86,3,3260.2,21,8,3260.7,63,3,3260.8,29,2,3260.9,12,3,3261.0,25,2
11536,2025-12-30 12:45:10+05:30,3260.1,2,3249.87,976168,113093.0,116996.0,3250.0,3261.6,3239.8,3251.5,44155650,3576.6,2926.4,4322.95,2866.6,3260.1,42,4,3260.0,450,7,3259.9,75,3,3259.8,66,3,3259.7,86,3,3260.2,14,10,3260.7,43,2,3260.9,31,3,3261.0,13,1,3261.1,36,2
11536,2025-12-30 12:45:11+05:30,3260.2,1,3249.87,976168,113093.0,116996.0,3250.0,3261.6,3239.8,3251.5,44155650,3576.6,2926.4,4322.95,2866.6,3260.1,42,4,3260.0,450,7,3259.9,75,3,3259.8,66,3,3259.7,86,3,3260.2,14,10,3260.7,43,2,3260.9,31,3,3261.0,13,1,3261.1,36,2
11536,2025-12-30 12:45:11+05:30,3260.2,1,3249.87,976192,113468.0,115742.0,3250.0,3261.6,3239.8,3251.5,44155650,3576.6,2926.4,4322.95,2866.6,3260.1,18,3,3260.0,450,7,3259.9,86,4,3259.8,66,3,3259.7,86,3,3260.2,8,8,3260.7,35,1,3260.9,31,3,3261.0,13,1,3261.1,36,2
11536,2025-12-30 12:45:12+05:30,3260.2,1,3249.87,976192,113468.0,115742.0,3250.0,3261.6,3239.8,3251.5,44155650,3576.6,2926.4,4322.95,2866.6,3260.1,18,3,3260.0,450,7,3259.9,86,4,3259.8,66,3,3259.7,86,3,3260.2,8,8,3260.7,35,1,3260.9,31,3,3261.0,13,1,3261.1,36,2
11536,2025-12-30 12:45:12+05:30,3260.2,1,3249.87,976209,113592.0,116514.0,3250.0,3261.6,3239.8,3251.5,44155650,3576.6,2926.4,4322.95,2866.6,3260.1,21,4,3260.0,450,7,3259.9,75,3,3259.8,106,4,3259.7,86,3,3260.2,7,7,3260.9,11,2,3261.0,13,1,3261.1,12,1,3261.2,24,2
11536,2025-12-30 12:45:13+05:30,3260.1,1,3249.87,976209,113592.0,116514.0,3250.0,3261.6,3239.8,3251.5,44155650,3576.6,2926.4,4322.95,2866.6,3260.1,21,4,3260.0,450,7,3259.9,75,3,3259.8,106,4,3259.7,86,3,3260.2,7,7,3260.9,11,2,3261.0,13,1,3261.1,12,1,3261.2,24,2
11536,2025-12-30 12:45:13+05:30,3260.1,1,3249.87,976237,112611.0,116733.0,3250.0,3261.6,3239.8,3251.5,44155650,3576.6,2926.4,4322.95,2866.6,3260.1,16,2,3260.0,450,7,3259.9,87,4,3259.8,106,4,3259.7,86,3,3260.2,7,7,3260.9,36,2,3261.2,12,1,3261.3,39,2,3261.4,28,2
11536,2025-12-30 12:45:14+05:30,3260.1,1,3249.87,976237,112611.0,116733.0,3250.0,3261.6,3239.8,3251.5,44155650,3576.6,2926.4,4322.95,2866.6,3260.1,16,2,3260.0,450,7,3259.9,87,4,3259.8,106,4,3259.7,86,3,3260.2,7,7,3260.9,36,2,3261.2,12,1,3261.3,39,2,3261.4,28,2
11536,2025-12-30 12:45:14+05:30,3260.1,1,3249.87,976243,113011.0,116254.0,3250.0,3261.6,3239.8,3251.5,44155650,3576.6,2926.4,4322.95,2866.6,3260.1,7,1,3260.0,462,8,3259.9,84,4,3259.8,98,5,3259.7,177,6,3260.2,6,6,3260.9,36,2,3261.3,15,1,3261.4,28,2,3261.5,18,2
11536,2025-12-30 12:45:15+05:30,3260.2,1,3249.87,976243,113011.0,116254.0,3250.0,3261.6,3239.8,3251.5,44155650,3576.6,2926.4,4322.95,2866.6,3260.1,7,1,3260.0,462,8,3259.9,84,4,3259.8,98,5,3259.7,177,6,3260.2,6,6,3260.9,36,2,3261.3,15,1,3261.4,28,2,3261.5,18,2
11536,2025-12-30 12:45:15+05:30,3260.2,1,3249.87,976256,114506.0,116755.0,3250.0,3261.6,3239.8,3251.5,44155650,3576.6,2926.4,4322.95,2866.6,3260.1,72,3,3260.0,450,7,3259.9,84,4,3259.8,78,4,3259.7,126,4,3260.2,4,4,3260.8,35,1,3260.9,1,1,3261.3,15,1,3261.4,16,1
11536,2025-12-30 12:45:16+05:30,3260.1,2,3249.87,976256,114506.0,116755.0,3250.0,3261.6,3239.8,3251.5,44155650,3576.6,2926.4,4322.95,2866.6,3260.1,72,3,3260.0,450,7,3259.9,84,4,3259.8,78,4,3259.7,126,4,3260.2,4,4,3260.8,35,1,3260.9,1,1,3261.3,15,1,3261.4,16,1
11536,2025-12-30 12:45:16+05:30,3260.1,2,3249.87,976266,115178.0,116185.0,3250.0,3261.6,3239.8,3251.5,44155650,3576.6,2926.4,4322.95,2866.6,3260.1,67,3,3260.0,450,7,3259.9,86,4,3259.8,78,4,3259.7,141,5,3260.2,4,4,3260.8,35,1,3260.9,1,1,3261.3,15,1,3261.4,16,1
11536,2025-12-30 12:45:17+05:30,3260.2,1,3249.87,976266,115178.0,116185.0,3250.0,3261.6,3239.8,3251.5,44155650,3576.6,2926.4,4322.95,2866.6,3260.1,67,3,3260.0,450,7,3259.9,86,4,3259.8,78,4,3259.7,141,5,3260.2,4,4,3260.8,35,1,3260.9,1,1,3261.3,15,1,3261.4,16,1
11536,2025-12-30 12:45:17+05:30,3260.2,1,3249.87,976348,115824.0,116061.0,3250.0,3261.6,3239.8,3251.5,44155650,3576.6,2926.4,4322.95,2866.6,3260.1,6,1,3260.0,501,9,3259.9,105,5,3259.8,98,5,3259.7,141,5,3260.2,7,4,3260.8,35,1,3260.9,1,1,3261.3,15,1,3261.4,16,1
11536,2025-12-30 12:45:18+05:30,3260.2,1,3249.87,976348,115824.0,116061.0,3250.0,3261.6,3239.8,3251.5,44155650,3576.6,2926.4,4322.95,2866.6,3260.1,6,1,3260.0,501,9,3259.9,105,5,3259.8,98,5,3259.7,141,5,3260.2,7,4,3260.8,35,1,3260.9,1,1,3261.3,15,1,3261.4,16,1
11536,2025-12-30 12:45:18+05:30,3260.2,2,3249.87,976410,114258.0,116342.0,3250.0,3261.6,3239.8,3251.5,44155650,3576.6,2926.4,4322.95,2866.6,3260.1,1,1,3260.0,461,8,3259.9,124,5,3259.8,77,4,3259.7,115,4,3260.2,1,1,3260.8,35,1,3260.9,1,1,3261.5,13,2,3261.7,32,2
11536,2025-12-30 12:45:19+05:30,3260.8,19,3249.87,976410,114258.0,116342.0,3250.0,3261.6,3239.8,3251.5,44155650,3576.6,2926.4,4322.95,2866.6,3260.1,1,1,3260.0,461,8,3259.9,124,5,3259.8,77,4,3259.7,115,4,3260.2,1,1,3260.8,35,1,3260.9,1,1,3261.5,13,2,3261.7,32,2
11536,2025-12-30 12:45:19+05:30,3260.8,19,3249.87,976458,114272.0,115691.0,3250.0,3261.6,3239.8,3251.5,44155650,3576.6,2926.4,4322.95,2866.6,3260.0,373,7,3259.9,124,5,3259.8,190,5,3259.7,86,3,3259.6,110,6,3260.8,16,1,3260.9,1,1,3261.4,11,1,3261.5,39,5,3261.6,38,3
11536,2025-12-30 12:45:20+05:30,3260.0,1,3249.87,976458,114272.0,115691.0,3250.0,3261.6,3239.8,3251.5,44155650,3576.6,2926.4,4322.95,2866.6,3260.0,373,7,3259.9,124,5,3259.8,190,5,3259.7,86,3,3259.6,110,6,3260.8,16,1,3260.9,1,1,3261.4,11,1,3261.5,39,5,3261.6,38,3
11536,2025-12-30 12:45:20+05:30,3260.0,1,3249.87,976459,114121.0,116335.0,3250.0,3261.6,3239.8,3251.5,44155650,3576.6,2926.4,4322.95,2866.6,3260.0,372,7,3259.9,124,5,3259.8,190,5,3259.7,86,3,3259.6,95,5,3260.8,20,4,3260.9,1,1,3261.1,11,1,3261.2,11,1,3261.4,22,2
11536,2025-12-30 12:45:21+05:30,3260.0,2,3249.87,976459,114121.0,116335.0,3250.0,3261.6,3239.8,3251.5,44155650,3576.6,2926.4,4322.95,2866.6,3260.0,372,7,3259.9,124,5,3259.8,190,5,3259.7,86,3,3259.6,95,5,3260.8,20,4,3260.9,1,1,3261.1,11,1,3261.2,11,1,3261.4,22,2
11536,2025-12-30 12:45:21+05:30,3260.0,2,3249.87,976461,114138.0,116693.0,3250.0,3261.6,3239.8,3251.5,44155650,3576.6,2926.4,4322.95,2866.6,3260.0,370,7,3259.9,213,6,3259.8,190,5,3259.7,86,3,3259.6,95,5,3260.8,20,4,3260.9,8,2,3261.2,11,1,3261.4,23,2,3261.5,28,4
11536,2025-12-30 12:45:22+05:30,3261.5,5,3249.87,976461,114138.0,116693.0,3250.0,3261.6,3239.8,3251.5,44155650,3576.6,2926.4,4322.95,2866.6,3260.0,370,7,3259.9,213,6,3259.8,190,5,3259.7,86,3,3259.6,95,5,3260.8,20,4,3260.9,8,2,3261.2,11,1,3261.4,23,2,3261.5,28,4
11536,2025-12-30 12:45:22+05:30,3261.5,5,3249.88,976582,114920.0,116030.0,3250.0,3261.6,3239.8,3251.5,44155650,3576.6,2926.4,4322.95,2866.6,3260.0,447,10,3259.9,176,6,3259.8,237,7,3259.7,438,5,3259.6,156,7,3261.4,49,3,3261.5,36,4,3261.7,51,3,3261.8,25,2,3261.9,1,1
11536,2025-12-30 12:45:23+05:30,3260.1,21,3249.88,976582,114920.0,116030.0,3250.0,3261.6,3239.8,3251.5,44155650,3576.6,2926.4,4322.95,2866.6,3260.0,447,10,3259.9,176,6,3259.8,237,7,3259.7,438,5,3259.6,156,7,3261.4,49,3,3261.5,36,4,3261.7,51,3,3261.8,25,2,3261.9,1,1
11536,2025-12-30 12:45:23+05:30,3260.1,21,3249.88,976603,113979.0,118132.0,3250.0,3261.6,3239.8,3251.5,44155650,3576.6,2926.4,4322.95,2866.6,3260.0,459,9,3259.9,114,5,3259.8,151,6,3259.7,86,3,3259.6,84,5,3260.1,3,3,3261.1,15,1,3261.2,5,1,3261.3,26,1,3261.4,16,2
11536,2025-12-30 12:45:24+05:30,3260.1,1,3249.88,976603,113979.0,118132.0,3250.0,3261.6,3239.8,3251.5,44155650,3576.6,2926.4,4322.95,2866.6,3260.0,459,9,3259.9,114,5,3259.8,151,6,3259.7,86,3,3259.6,84,5,3260.1,3,3,3261.1,15,1,3261.2,5,1,3261.3,26,1,3261.4,16,2
11536,2025-12-30 12:45:24+05:30,3260.1,28,3249.88,976656,115482.0,116244.0,3250.0,3261.6,3239.8,3251.5,44155650,3576.6,2926.4,4322.95,2866.6,3261.0,13,1,3260.1,61,1,3260.0,444,8,3259.9,146,7,3259.8,293,8,3261.3,49,5,3261.5,48,4,3261.6,20,1,3261.7,47,3,3261.8,92,1
11536,2025-12-30 12:45:25+05:30,3260.0,200,3249.88,976656,115482.0,116244.0,3250.0,3261.6,3239.8,3251.5,44155650,3576.6,2926.4,4322.95,2866.6,3261.0,13,1,3260.1,61,1,3260.0,444,8,3259.9,146,7,3259.8,293,8,3261.3,49,5,3261.5,48,4,3261.6,20,1,3261.7,47,3,3261.8,92,1
11536,2025-12-30 12:45:25+05:30,3260.0,200,3249.88,976916,113079.0,118283.0,3250.0,3261.6,3239.8,3251.5,44155650,3576.6,2926.4,4322.95,2866.6,3260.1,1,1,3260.0,49,5,3259.9,30,3,3259.8,34,3,3259.7,32,2,3260.9,20,3,3261.0,43,3,3261.1,13,1,3261.2,38,3,3261.3,173,13
11536,2025-12-30 12:45:26+05:30,3260.0,1,3249.88,976916,113079.0,118283.0,3250.0,3261.6,3239.8,3251.5,44155650,3576.6,2926.4,4322.95,2866.6,3260.1,1,1,3260.0,49,5,3259.9,30,3,3259.8,34,3,3259.7,32,2,3260.9,20,3,3261.0,43,3,3261.1,13,1,3261.2,38,3,3261.3,173,13
11536,2025-12-30 12:45:26+05:30,3260.0,1,3249.88,976919,111914.0,119083.0,3250.0,3261.6,3239.8,3251.5,44155650,3576.6,2926.4,4322.95,2866.6,3260.0,129,6,3259.9,30,3,3259.8,12,2,3259.7,32,2,3259.6,12,2,3260.1,1,1,3260.7,34,2,3260.8,45,2,3260.9,23,4,3261.0,14,3
11536,2025-12-30 12:45:27+05:30,3260.0,15,3249.88,976919,111914.0,119083.0,3250.0,3261.6,3239.8,3251.5,44155650,3576.6,2926.4,4322.95,2866.6,3260.0,129,6,3259.9,30,3,3259.8,12,2,3259.7,32,2,3259.6,12,2,3260.1,1,1,3260.7,34,2,3260.8,45,2,3260.9,23,4,3261.0,14,3
11536,2025-12-30 12:45:27+05:30,3260.0,15,3249.88,977091,112457.0,118570.0,3250.0,3261.6,3239.8,3251.5,44155650,3576.6,2926.4,4322.95,2866.6,3260.0,169,3,3259.9,30,3,3259.8,12,2,3259.7,32,2,3259.6,33,3,3260.7,22,5,3260.8,61,2,3260.9,54,6,3261.0,32,3,3261.1,35,2
11536,2025-12-30 12:45:28+05:30,3260.0,18,3249.88,977091,112457.0,118570.0,3250.0,3261.6,3239.8,3251.5,44155650,3576.6,2926.4,4322.95,2866.6,3260.0,169,3,3259.9,30,3,3259.8,12,2,3259.7,32,2,3259.6,33,3,3260.7,22,5,3260.8,61,2,3260.9,54,6,3261.0,32,3,3261.1,35,2
11536,2025-12-30 12:45:28+05:30,3260.0,18,3249.88,977190,112599.0,118702.0,3250.0,3261.6,3239.8,3251.5,44155650,3576.6,2926.4,4322.95,2866.6,3260.0,147,5,3259.9,30,3,3259.8,12,2,3259.7,32,2,3259.6,33,3,3260.7,57,12,3260.8,78,3,3260.9,46,4,3261.0,32,3,3261.1,127,3
11536,2025-12-30 12:45:29+05:30,3260.0,3,3249.88,977190,112599.0,118702.0,3250.0,3261.6,3239.8,3251.5,44155650,3576.6,2926.4,4322.95,2866.6,3260.0,147,5,3259.9,30,3,3259.8,12,2,3259.7,32,2,3259.6,33,3,3260.7,57,12,3260.8,78,3,3260.9,46,4,3261.0,32,3,3261.1,127,3
11536,2025-12-30 12:45:29+05:30,3260.0,15,3249.88,977283,113151.0,118497.0,3250.0,3261.6,3239.8,3251.5,44155650,3576.6,2926.4,4322.95,2866.6,3260.0,301,5,3259.9,30,3,3259.8,12,2,3259.7,32,2,3259.6,33,3,3260.7,40,16,3260.8,27,1,3260.9,11,1,3261.0,11,1,3261.1,69,3
11536,2025-12-30 12:45:30+05:30,3260.7,1,3249.88,977283,113151.0,118497.0,3250.0,3261.6,3239.8,3251.5,44155650,3576.6,2926.4,4322.95,2866.6,3260.0,301,5,3259.9,30,3,3259.8,12,2,3259.7,32,2,3259.6,33,3,3260.7,40,16,3260.8,27,1,3260.9,11,1,3261.0,11,1,3261.1,69,3
11536,2025-12-30 12:45:30+05:30,3260.0,7,3249.88,977371,113465.0,118283.0,3250.0,3261.6,3239.8,3251.5,44155650,3576.6,2926.4,4322.95,2866.6,3260.0,311,6,3259.9,30,3,3259.8,12,2,3259.7,32,2,3259.6,33,3,3260.7,15,10,3260.8,27,1,3261.1,35,2,3261.3,47,3,3261.4,12,1
11536,2025-12-30 12:45:31+05:30,3260.0,1,3249.88,977371,113465.0,118283.0,3250.0,3261.6,3239.8,3251.5,44155650,3576.6,2926.4,4322.95,2866.6,3260.0,311,6,3259.9,30,3,3259.8,12,2,3259.7,32,2,3259.6,33,3,3260.7,15,10,3260.8,27,1,3261.1,35,2,3261.3,47,3,3261.4,12,1
11536,2025-12-30 12:45:31+05:30,3260.0,2,3249.88,977401,113438.0,117935.0,3250.0,3261.6,3239.8,3251.5,44155650,3576.6,2926.4,4322.95,2866.6,3260.0,362,6,3259.9,30,3,3259.8,12,2,3259.7,32,2,3259.6,33,3,3260.7,13,10,3260.8,27,1,3260.9,11,1,3261.1,35,2,3261.3,59,4
11536,2025-12-30 12:45:32+05:30,3260.0,25,3249.88,977401,113438.0,117935.0,3250.0,3261.6,3239.8,3251.5,44155650,3576.6,2926.4,4322.95,2866.6,3260.0,362,6,3259.9,30,3,3259.8,12,2,3259.7,32,2,3259.6,33,3,3260.7,13,10,3260.8,27,1,3260.9,11,1,3261.1,35,2,3261.3,59,4
11536,2025-12-30 12:45:32+05:30,3260.0,6,3249.88,977436,113554.0,118247.0,3250.0,3261.6,3239.8,3251.5,44155650,3576.6,2926.4,4322.95,2866.6,3260.0,327,6,3259.9,30,3,3259.8,12,2,3259.7,32,2,3259.6,33,3,3260.7,10,9,3260.9,11,1,3261.1,35,2,3261.3,59,4,3261.5,49,3
11536,2025-12-30 12:45:33+05:30,3260.0,1,3249.88,977436,113554.0,118247.0,3250.0,3261.6,3239.8,3251.5,44155650,3576.6,2926.4,4322.95,2866.6,3260.0,327,6,3259.9,30,3,3259.8,12,2,3259.7,32,2,3259.6,33,3,3260.7,10,9,3260.9,11,1,3261.1,35,2,3261.3,59,4,3261.5,49,3
11536,2025-12-30 12:45:33+05:30,3260.0,2,3249.88,977458,113694.0,118015.0,3250.0,3261.6,3239.8,3251.5,44155650,3576.6,2926.4,4322.95,2866.6,3260.0,306,5,3259.9,30,3,3259.8,12,2,3259.7,32,2,3259.6,33,3,3260.7,10,10,3260.9,18,2,3261.0,33,1,3261.1,35,2,3261.2,23,2
11536,2025-12-30 12:45:34+05:30,3260.0,3,3249.88,977458,113694.0,118015.0,3250.0,3261.6,3239.8,3251.5,44155650,3576.6,2926.4,4322.95,2866.6,3260.0,306,5,3259.9,30,3,3259.8,12,2,3259.7,32,2,3259.6,33,3,3260.7,10,10,3260.9,18,2,3261.0,33,1,3261.1,35,2,3261.2,23,2
11536,2025-12-30 12:45:34+05:30,3260.0,3,3249.88,977466,113816.0,118377.0,3250.0,3261.6,3239.8,3251.5,44155650,3576.6,2926.4,4322.95,2866.6,3260.0,298,5,3259.9,105,4,3259.8,12,2,3259.7,32,2,3259.6,33,3,3260.7,11,11,3260.9,11,1,3261.0,44,2,3261.1,35,2,3261.2,23,2
11536,2025-12-30 12:45:35+05:30,3260.0,1,3249.88,977466,113816.0,118377.0,3250.0,3261.6,3239.8,3251.5,44155650,3576.6,2926.4,4322.95,2866.6,3260.0,298,5,3259.9,105,4,3259.8,12,2,3259.7,32,2,3259.6,33,3,3260.7,11,11,3260.9,11,1,3261.0,44,2,3261.1,35,2,3261.2,23,2
11536,2025-12-30 12:45:35+05:30,3260.0,4,3249.88,977487,113646.0,118283.0,3250.0,3261.6,3239.8,3251.5,44155650,3576.6,2926.4,4322.95,2866.6,3260.0,281,5,3259.9,105,4,3259.8,12,2,3259.7,32,2,3259.6,33,3,3260.7,35,13,3260.8,50,2,3260.9,18,2,3261.0,11,1,3261.1,35,2
11536,2025-12-30 12:45:36+05:30,3260.0,1,3249.88,977487,113646.0,118283.0,3250.0,3261.6,3239.8,3251.5,44155650,3576.6,2926.4,4322.95,2866.6,3260.0,281,5,3259.9,105,4,3259.8,12,2,3259.7,32,2,3259.6,33,3,3260.7,35,13,3260.8,50,2,3260.9,18,2,3261.0,11,1,3261.1,35,2
11536,2025-12-30 12:45:36+05:30,3260.0,1,3249.88,977496,112371.0,118296.0,3250.0,3261.6,3239.8,3251.5,44155650,3576.6,2926.4,4322.95,2866.6,3260.0,272,5,3259.9,105,4,3259.8,12,2,3259.7,32,2,3259.6,33,3,3260.7,30,12,3260.8,50,2,3260.9,22,2,3261.1,35,2,3261.2,23,2
11536,2025-12-30 12:45:37+05:30,3260.0,1,3249.88,977496,112371.0,118296.0,3250.0,3261.6,3239.8,3251.5,44155650,3576.6,2926.4,4322.95,2866.6,3260.0,272,5,3259.9,105,4,3259.8,12,2,3259.7,32,2,3259.6,33,3,3260.7,30,12,3260.8,50,2,3260.9,22,2,3261.1,35,2,3261.2,23,2
11536,2025-12-30 12:45:37+05:30,3260.0,1,3249.89,977591,113544.0,119429.0,3250.0,3261.6,3239.8,3251.5,44155650,3576.6,2926.4,4322.95,2866.6,3260.1,27,1,3260.0,186,5,3259.9,105,4,3259.8,12,2,3259.7,32,2,3260.6,34,2,3260.7,32,10,3260.8,17,1,3260.9,11,1,3261.0,24,2
11536,2025-12-30 12:45:38+05:30,3260.2,2,3249.89,977591,113544.0,119429.0,3250.0,3261.6,3239.8,3251.5,44155650,3576.6,2926.4,4322.95,2866.6,3260.1,27,1,3260.0,186,5,3259.9,105,4,3259.8,12,2,3259.7,32,2,3260.6,34,2,3260.7,32,10,3260.8,17,1,3260.9,11,1,3261.0,24,2
11536,2025-12-30 12:45:38+05:30,3260.2,1,3249.89,977601,113469.0,118407.0,3250.0,3261.6,3239.8,3251.5,44155650,3576.6,2926.4,4322.95,2866.6,3260.2,68,1,3260.1,25,1,3260.0,187,6,3259.9,30,3,3259.8,12,2,3260.6,39,6,3260.7,2,2,3260.9,38,3,3261.0,21,1,3261.1,33,2
11536,2025-12-30 12:45:39+05:30,3260.2,27,3249.89,977601,113469.0,118407.0,3250.0,3261.6,3239.8,3251.5,44155650,3576.6,2926.4,4322.95,2866.6,3260.2,68,1,3260.1,25,1,3260.0,187,6,3259.9,30,3,3259.8,12,2,3260.6,39,6,3260.7,2,2,3260.9,38,3,3261.0,21,1,3261.1,33,2
11536,2025-12-30 12:45:39+05:30,3260.2,27,3249.89,977630,113066.0,118562.0,3250.0,3261.6,3239.8,3251.5,44155650,3576.6,2926.4,4322.95,2866.6,3260.2,39,1,3260.1,25,1,3260.0,187,6,3259.9,30,3,3259.8,12,2,3260.6,39,8,3260.8,7,1,3260.9,38,3,3261.0,31,2,3261.1,33,2
11536,2025-12-30 12:45:40+05:30,3260.2,2,3249.89,977630,113066.0,118562.0,3250.0,3261.6,3239.8,3251.5,44155650,3576.6,2926.4,4322.95,2866.6,3260.2,39,1,3260.1,25,1,3260.0,187,6,3259.9,30,3,3259.8,12,2,3260.6,39,8,3260.8,7,1,3260.9,38,3,3261.0,31,2,3261.1,33,2
11536,2025-12-30 12:45:40+05:30,3260.2,2,3249.89,977639,113296.0,118840.0,3250.0,3261.6,3239.8,3251.5,44155650,3576.6,2926.4,4322.95,2866.6,3260.2,30,1,3260.1,25,1,3260.0,187,6,3259.9,30,3,3259.8,12,2,3260.6,40,9,3260.8,7,1,3261.0,7,1,3261.1,33,2,3261.2,11,1
11536,2025-12-30 12:45:41+05:30,3260.2,3,3249.89,977639,113296.0,118840.0,3250.0,3261.6,3239.8,3251.5,44155650,3576.6,2926.4,4322.95,2866.6,3260.2,30,1,3260.1,25,1,3260.0,187,6,3259.9,30,3,3259.8,12,2,3260.6,40,9,3260.8,7,1,3261.0,7,1,3261.1,33,2,3261.2,11,1
11536,2025-12-30 12:45:41+05:30,3260.2,2,3249.89,977668,113471.0,118839.0,3250.0,3261.6,3239.8,3251.5,44155650,3576.6,2926.4,4322.95,2866.6,3260.2,48,2,3260.1,35,2,3260.0,187,6,3259.9,21,2,3259.8,12,2,3260.6,39,9,3260.8,7,1,3261.0,7,1,3261.1,33,2,3261.2,11,1
11536,2025-12-30 12:45:42+05:30,3260.6,3,3249.89,977668,113471.0,118839.0,3250.0,3261.6,3239.8,3251.5,44155650,3576.6,2926.4,4322.95,2866.6,3260.2,48,2,3260.1,35,2,3260.0,187,6,3259.9,21,2,3259.8,12,2,3260.6,39,9,3260.8,7,1,3261.0,7,1,3261.1,33,2,3261.2,11,1
11536,2025-12-30 12:45:42+05:30,3260.2,3,3249.89,977681,113726.0,118836.0,3250.0,3261.6,3239.8,3251.5,44155650,3576.6,2926.4,4322.95,2866.6,3260.2,114,2,3260.1,35,2,3260.0,187,6,3259.9,21,2,3259.8,12,2,3260.6,37,10,3260.8,7,1,3261.0,7,1,3261.1,33,2,3261.2,11,1
11536,2025-12-30 12:45:43+05:30,3261.3,2,3249.89,977681,113726.0,118836.0,3250.0,3261.6,3239.8,3251.5,44155650,3576.6,2926.4,4322.95,2866.6,3260.2,114,2,3260.1,35,2,3260.0,187,6,3259.9,21,2,3259.8,12,2,3260.6,37,10,3260.8,7,1,3261.0,7,1,3261.1,33,2,3261.2,11,1
11536,2025-12-30 12:45:43+05:30,3261.2,1,3249.89,977801,114322.0,117966.0,3250.0,3261.6,3239.8,3251.5,44155650,3576.6,2926.4,4322.95,2866.6,3260.2,113,2,3260.1,35,2,3260.0,207,6,3259.9,21,2,3259.8,195,7,3261.2,30,1,3261.3,20,5,3261.5,37,3,3261.6,45,3,3261.7,132,4
11536,2025-12-30 12:45:44+05:30,3261.2,1,3249.89,977801,114322.0,117966.0,3250.0,3261.6,3239.8,3251.5,44155650,3576.6,2926.4,4322.95,2866.6,3260.2,113,2,3260.1,35,2,3260.0,207,6,3259.9,21,2,3259.8,195,7,3261.2,30,1,3261.3,20,5,3261.5,37,3,3261.6,45,3,3261.7,132,4
11536,2025-12-30 12:45:44+05:30,3261.2,1,3249.89,977801,113924.0,118398.0,3250.0,3261.6,3239.8,3251.5,44155650,3576.6,2926.4,4322.95,2866.6,3260.2,113,2,3260.1,35,2,3260.0,186,5,3259.9,21,2,3259.8,195,7,3260.9,1,1,3261.2,37,2,3261.3,15,4,3261.4,10,1,3261.5,37,3
11536,2025-12-30 12:45:45+05:30,3260.2,36,3249.89,977801,113924.0,118398.0,3250.0,3261.6,3239.8,3251.5,44155650,3576.6,2926.4,4322.95,2866.6,3260.2,113,2,3260.1,35,2,3260.0,186,5,3259.9,21,2,3259.8,195,7,3260.9,1,1,3261.2,37,2,3261.3,15,4,3261.4,10,1,3261.5,37,3
11536,2025-12-30 12:45:45+05:30,3260.2,36,3249.89,977838,113896.0,118413.0,3250.0,3261.6,3239.8,3251.5,44155650,3576.6,2926.4,4322.95,2866.6,3260.2,77,2,3260.1,35,2,3260.0,186,5,3259.9,21,2,3259.8,192,6,3261.2,52,4,3261.3,6,2,3261.4,20,2,3261.5,37,3,3261.6,137,4
11536,2025-12-30 12:45:46+05:30,3261.2,1,3249.89,977838,113896.0,118413.0,3250.0,3261.6,3239.8,3251.5,44155650,3576.6,2926.4,4322.95,2866.6,3260.2,77,2,3260.1,35,2,3260.0,186,5,3259.9,21,2,3259.8,192,6,3261.2,52,4,3261.3,6,2,3261.4,20,2,3261.5,37,3,3261.6,137,4
11536,2025-12-30 12:45:46+05:30,3261.2,1,3249.89,977857,113946.0,118405.0,3250.0,3261.6,3239.8,3251.5,44155650,3576.6,2926.4,4322.95,2866.6,3260.2,112,2,3260.1,35,2,3260.0,186,5,3259.9,21,2,3259.8,192,6,3261.2,54,6,3261.3,4,1,3261.4,20,2,3261.5,29,2,3261.6,137,4
11536,2025-12-30 12:45:47+05:30,3261.1,3,3249.89,977857,113946.0,118405.0,3250.0,3261.6,3239.8,3251.5,44155650,3576.6,2926.4,4322.95,2866.6,3260.2,112,2,3260.1,35,2,3260.0,186,5,3259.9,21,2,3259.8,192,6,3261.2,54,6,3261.3,4,1,3261.4,20,2,3261.5,29,2,3261.6,137,4
11536,2025-12-30 12:45:47+05:30,3261.1,3,3249.89,977937,113551.0,118099.0,3250.0,3261.6,3239.8,3251.5,44155650,3576.6,2926.4,4322.95,2866.6,3260.2,35,1,3260.1,35,2,3260.0,186,5,3259.9,21,2,3259.8,218,7,3261.1,36,2,3261.2,24,6,3261.3,28,2,3261.4,10,1,3261.5,29,2
11536,2025-12-30 12:45:48+05:30,3260.2,1,3249.89,977937,113551.0,118099.0,3250.0,3261.6,3239.8,3251.5,44155650,3576.6,2926.4,4322.95,2866.6,3260.2,35,1,3260.1,35,2,3260.0,186,5,3259.9,21,2,3259.8,218,7,3261.1,36,2,3261.2,24,6,3261.3,28,2,3261.4,10,1,3261.5,29,2
11536,2025-12-30 12:45:48+05:30,3260.2,1,3249.89,977952,113908.0,117674.0,3250.0,3261.6,3239.8,3251.5,44155650,3576.6,2926.4,4322.95,2866.6,3260.2,23,1,3260.1,35,2,3260.0,186,5,3259.9,21,2,3259.8,218,7,3260.9,12,3,3261.1,18,4,3261.2,24,6,3261.3,41,3,3261.4,10,1
11536,2025-12-30 12:45:49+05:30,3260.2,10,3249.89,977952,113908.0,117674.0,3250.0,3261.6,3239.8,3251.5,44155650,3576.6,2926.4,4322.95,2866.6,3260.2,23,1,3260.1,35,2,3260.0,186,5,3259.9,21,2,3259.8,218,7,3260.9,12,3,3261.1,18,4,3261.2,24,6,3261.3,41,3,3261.4,10,1
11536,2025-12-30 12:45:49+05:30,3260.2,10,3249.89,977976,113474.0,117576.0,3250.0,3261.6,3239.8,3251.5,44155650,3576.6,2926.4,4322.95,2866.6,3260.1,35,2,3260.0,186,5,3259.9,21,2,3259.8,52,3,3259.7,32,2,3260.2,5,3,3260.9,26,5,3261.1,13,3,3261.2,13,3,3261.3,23,2
11536,2025-12-30 12:45:50+05:30,3260.1,4,3249.89,977976,113474.0,117576.0,3250.0,3261.6,3239.8,3251.5,44155650,3576.6,2926.4,4322.95,2866.6,3260.1,35,2,3260.0,186,5,3259.9,21,2,3259.8,52,3,3259.7,32,2,3260.2,5,3,3260.9,26,5,3261.1,13,3,3261.2,13,3,3261.3,23,2
11536,2025-12-30 12:45:50+05:30,3260.1,4,3249.89,978002,113559.0,117633.0,3250.0,3261.6,3239.8,3251.5,44155650,3576.6,2926.4,4322.95,2866.6,3260.1,18,1,3260.0,226,6,3259.9,31,3,3259.8,72,4,3259.7,32,2,3260.9,28,7,3261.0,57,2,3261.1,12,2,3261.2,42,3,3261.3,13,1
11536,2025-12-30 12:45:51+05:30,3260.9,3,3249.89,978002,113559.0,117633.0,3250.0,3261.6,3239.8,3251.5,44155650,3576.6,2926.4,4322.95,2866.6,3260.1,18,1,3260.0,226,6,3259.9,31,3,3259.8,72,4,3259.7,32,2,3260.9,28,7,3261.0,57,2,3261.1,12,2,3261.2,42,3,3261.3,13,1
11536,2025-12-30 12:45:51+05:30,3260.9,3,3249.89,978021,114764.0,117548.0,3250.0,3261.6,3239.8,3251.5,44155650,3576.6,2926.4,4322.95,2866.6,3260.6,100,1,3260.1,13,2,3260.0,282,8,3259.9,75,3,3259.8,167,5,3260.9,27,9,3261.0,50,1,3261.2,12,2,3261.3,13,1,3261.4,10,1
11536,2025-12-30 12:45:52+05:30,3260.6,1,3249.89,978021,114764.0,117548.0,3250.0,3261.6,3239.8,3251.5,44155650,3576.6,2926.4,4322.95,2866.6,3260.6,100,1,3260.1,13,2,3260.0,282,8,3259.9,75,3,3259.8,167,5,3260.9,27,9,3261.0,50,1,3261.2,12,2,3261.3,13,1,3261.4,10,1
11536,2025-12-30 12:45:52+05:30,3260.6,1,3249.89,978035,114852.0,117826.0,3250.0,3261.6,3239.8,3251.5,44155650,3576.6,2926.4,4322.95,2866.6,3260.6,88,2,3260.2,21,1,3260.1,2,1,3260.0,166,6,3259.9,85,4,3260.9,72,13,3261.0,50,1,3261.1,6,1,3261.2,53,4,3261.3,13,1
11536,2025-12-30 12:45:53+05:30,3260.6,4,3249.89,978044,114814.0,117967.0,3250.0,3261.6,3239.8,3251.5,44155650,3576.6,2926.4,4322.95,2866.6,3260.6,79,2,3260.2,21,1,3260.1,13,2,3260.0,166,6,3259.9,75,3,3260.9,63,10,3261.0,50,1,3261.1,9,1,3261.2,32,2,3261.3,13,1
11536,2025-12-30 12:45:53+05:30,3260.6,4,3249.89,978044,114814.0,117967.0,3250.0,3261.6,3239.8,3251.5,44155650,3576.6,2926.4,4322.95,2866.6,3260.6,79,2,3260.2,21,1,3260.1,13,2,3260.0,166,6,3259.9,75,3,3260.9,63,10,3261.0,50,1,3261.1,9,1,3261.2,32,2,3261.3,13,1
11536,2025-12-30 12:45:54+05:30,3260.6,3,3249.89,978053,115021.0,116741.0,3250.0,3261.6,3239.8,3251.5,44155650,3576.6,2926.4,4322.95,2866.6,3260.6,70,2,3260.2,21,1,3260.1,13,2,3260.0,166,6,3259.9,75,3,3260.9,62,9,3261.0,50,1,3261.1,9,1,3261.2,32,2,3261.3,13,1
11536,2025-12-30 12:45:54+05:30,3260.6,1,3249.89,978053,115021.0,116741.0,3250.0,3261.6,3239.8,3251.5,44155650,3576.6,2926.4,4322.95,2866.6,3260.6,70,2,3260.2,21,1,3260.1,13,2,3260.0,166,6,3259.9,75,3,3260.9,62,9,3261.0,50,1,3261.1,9,1,3261.2,32,2,3261.3,13,1
11536,2025-12-30 12:45:55+05:30,3260.6,2,3249.89,978065,114967.0,118405.0,3250.0,3261.6,3239.8,3251.5,44155650,3576.6,2926.4,4322.95,2866.6,3260.6,59,2,3260.2,21,1,3260.1,13,2,3260.0,166,6,3259.9,75,3,3260.9,66,10,3261.0,50,1,3261.1,59,4,3261.2,40,4,3261.3,13,1
11536,2025-12-30 12:45:55+05:30,3260.6,2,3249.89,978065,114967.0,118405.0,3250.0,3261.6,3239.8,3251.5,44155650,3576.6,2926.4,4322.95,2866.6,3260.6,59,2,3260.2,21,1,3260.1,13,2,3260.0,166,6,3259.9,75,3,3260.9,66,10,3261.0,50,1,3261.1,59,4,3261.2,40,4,3261.3,13,1
11536,2025-12-30 12:45:56+05:30,3260.6,1,3249.89,978071,114805.0,118457.0,3250.0,3261.6,3239.8,3251.5,44155650,3576.6,2926.4,4322.95,2866.6,3260.6,53,2,3260.2,21,1,3260.1,13,2,3260.0,166,6,3259.9,75,3,3260.9,66,10,3261.0,80,2,3261.1,12,2,3261.2,22,3,3261.3,32,2
11536,2025-12-30 12:45:56+05:30,3260.6,2,3249.89,978071,114805.0,118457.0,3250.0,3261.6,3239.8,3251.5,44155650,3576.6,2926.4,4322.95,2866.6,3260.6,53,2,3260.2,21,1,3260.1,13,2,3260.0,166,6,3259.9,75,3,3260.9,66,10,3261.0,80,2,3261.1,12,2,3261.2,22,3,3261.3,32,2
11536,2025-12-30 12:45:57+05:30,3260.6,1,3249.89,978152,113684.0,118189.0,3250.0,3261.6,3239.8,3251.5,44155650,3576.6,2926.4,4322.95,2866.6,3260.6,20,1,3260.1,13,2,3260.0,110,5,3259.9,21,2,3259.8,127,4,3260.9,67,11,3261.0,80,2,3261.1,22,3,3261.2,11,2,3261.3,32,2
11536,2025-12-30 12:45:57+05:30,3260.6,1,3249.89,978152,113684.0,118189.0,3250.0,3261.6,3239.8,3251.5,44155650,3576.6,2926.4,4322.95,2866.6,3260.6,20,1,3260.1,13,2,3260.0,110,5,3259.9,21,2,3259.8,127,4,3260.9,67,11,3261.0,80,2,3261.1,22,3,3261.2,11,2,3261.3,32,2
11536,2025-12-30 12:45:58+05:30,3260.6,2,3249.89,978159,114468.0,118211.0,3250.0,3261.6,3239.8,3251.5,44155650,3576.6,2926.4,4322.95,2866.6,3260.6,23,3,3260.1,2,1,3260.0,110,5,3259.9,21,2,3259.8,127,4,3260.9,71,12,3261.0,50,1,3261.2,11,2,3261.3,32,2,3261.4,43,3
11536,2025-12-30 12:45:58+05:30,3260.6,1,3249.89,978159,114468.0,118211.0,3250.0,3261.6,3239.8,3251.5,44155650,3576.6,2926.4,4322.95,2866.6,3260.6,23,3,3260.1,2,1,3260.0,110,5,3259.9,21,2,3259.8,127,4,3260.9,71,12,3261.0,50,1,3261.2,11,2,3261.3,32,2,3261.4,43,3
11536,2025-12-30 12:45:59+05:30,3260.6,1,3249.89,978164,114707.0,118211.0,3250.0,3261.6,3239.8,3251.5,44155650,3576.6,2926.4,4322.95,2866.6,3260.6,10,2,3260.1,12,2,3260.0,135,6,3259.9,21,2,3259.8,127,4,3260.9,64,10,3261.0,57,2,3261.2,11,2,3261.3,32,2,3261.4,31,2
11536,2025-12-30 12:45:59+05:30,3260.6,1,3249.89,978164,114707.0,118211.0,3250.0,3261.6,3239.8,3251.5,44155650,3576.6,2926.4,4322.95,2866.6,3260.6,10,2,3260.1,12,2,3260.0,135,6,3259.9,21,2,3259.8,127,4,3260.9,64,10,3261.0,57,2,3261.2,11,2,3261.3,32,2,3261.4,31,2
11536,2025-12-30 12:46:00+05:30,3260.9,1,3249.89,978242,115177.0,117785.0,3250.0,3261.6,3239.8,3251.5,44155650,3576.6,2926.4,4322.95,2866.6,3260.6,6,1,3260.1,2,1,3260.0,134,6,3259.9,21,2,3259.8,215,7,3260.9,63,9,3261.0,57,2,3261.2,11,2,3261.4,9,1,3261.5,34,2
11536,2025-12-30 12:46:00+05:30,3260.6,2,3249.89,978242,115177.0,117785.0,3250.0,3261.6,3239.8,3251.5,44155650,3576.6,2926.4,4322.95,2866.6,3260.6,6,1,3260.1,2,1,3260.0,134,6,3259.9,21,2,3259.8,215,7,3260.9,63,9,3261.0,57,2,3261.2,11,2,3261.4,9,1,3261.5,34,2
11536,2025-12-30 12:46:01+05:30,3260.6,9,3249.89,978271,115172.0,118155.0,3250.0,3261.6,3239.8,3251.5,44155650,3576.6,2926.4,4322.95,2866.6,3260.6,2,2,3260.1,2,1,3260.0,134,6,3259.9,21,2,3259.8,215,7,3260.9,59,7,3261.0,57,2,3261.2,11,2,3261.4,9,1,3261.5,63,3
11536,2025-12-30 12:46:01+05:30,3260.6,3,3249.89,978271,115172.0,118155.0,3250.0,3261.6,3239.8,3251.5,44155650,3576.6,2926.4,4322.95,2866.6,3260.6,2,2,3260.1,2,1,3260.0,134,6,3259.9,21,2,3259.8,215,7,3260.9,59,7,3261.0,57,2,3261.2,11,2,3261.4,9,1,3261.5,63,3
11536,2025-12-30 12:46:02+05:30,3260.6,3,3249.89,978276,114424.0,116596.0,3250.0,3261.6,3239.8,3251.5,44155650,3576.6,2926.4,4322.95,2866.6,3260.1,2,1,3260.0,114,5,3259.9,21,2,3259.8,72,4,3259.7,44,3,3260.6,3,1,3260.9,56,7,3261.0,50,1,3261.2,2,1,3261.4,45,3
11536,2025-12-30 12:46:02+05:30,3260.0,10,3249.89,978276,114424.0,116596.0,3250.0,3261.6,3239.8,3251.5,44155650,3576.6,2926.4,4322.95,2866.6,3260.1,2,1,3260.0,114,5,3259.9,21,2,3259.8,72,4,3259.7,44,3,3260.6,3,1,3260.9,56,7,3261.0,50,1,3261.2,2,1,3261.4,45,3
11536,2025-12-30 12:46:03+05:30,3260.9,18,3249.89,978340,113832.0,118280.0,3250.0,3261.6,3239.8,3251.5,44155650,3576.6,2926.4,4322.95,2866.6,3260.0,104,5,3259.9,21,2,3259.8,52,3,3259.7,32,2,3259.6,112,7,3260.9,25,6,3261.0,50,1,3261.1,22,2,3261.2,2,1,3261.3,24,2
11536,2025-12-30 12:46:03+05:30,3260.0,1,3249.89,978340,113832.0,118280.0,3250.0,3261.6,3239.8,3251.5,44155650,3576.6,2926.4,4322.95,2866.6,3260.0,104,5,3259.9,21,2,3259.8,52,3,3259.7,32,2,3259.6,112,7,3260.9,25,6,3261.0,50,1,3261.1,22,2,3261.2,2,1,3261.3,24,2
11536,2025-12-30 12:46:04+05:30,3260.0,1,3249.89,978350,113822.0,118452.0,3250.0,3261.6,3239.8,3251.5,44155650,3576.6,2926.4,4322.95,2866.6,3260.0,94,5,3259.9,21,2,3259.8,52,3,3259.7,32,2,3259.6,112,7,3260.9,31,8,3261.0,50,1,3261.2,40,3,3261.3,24,2,3261.4,9,1
11536,2025-12-30 12:46:04+05:30,3260.0,4,3249.89,978350,113822.0,118452.0,3250.0,3261.6,3239.8,3251.5,44155650,3576.6,2926.4,4322.95,2866.6,3260.0,94,5,3259.9,21,2,3259.8,52,3,3259.7,32,2,3259.6,112,7,3260.9,31,8,3261.0,50,1,3261.2,40,3,3261.3,24,2,3261.4,9,1
11536,2025-12-30 12:46:05+05:30,3260.6,1,3249.89,978358,113955.0,117991.0,3250.0,3261.6,3239.8,3251.5,44155650,3576.6,2926.4,4322.95,2866.6,3260.0,90,5,3259.9,21,2,3259.8,34,3,3259.7,32,2,3259.6,111,7,3260.6,2,2,3260.9,25,7,3261.0,50,1,3261.1,29,1,3261.2,21,3
11536,2025-12-30 12:46:05+05:30,3260.0,1,3249.89,978358,113955.0,117991.0,3250.0,3261.6,3239.8,3251.5,44155650,3576.6,2926.4,4322.95,2866.6,3260.0,90,5,3259.9,21,2,3259.8,34,3,3259.7,32,2,3259.6,111,7,3260.6,2,2,3260.9,25,7,3261.0,50,1,3261.1,29,1,3261.2,21,3
11536,2025-12-30 12:46:06+05:30,3260.0,10,3249.89,978372,113785.0,118509.0,3250.0,3261.6,3239.8,3251.5,44155650,3576.6,2926.4,4322.95,2866.6,3260.0,76,5,3259.9,21,2,3259.8,34,3,3259.7,32,2,3259.6,111,7,3260.6,5,5,3260.8,7,1,3260.9,22,4,3261.0,88,3,3261.2,21,3
11536,2025-12-30 12:46:06+05:30,3260.0,1,3249.89,978372,113785.0,118509.0,3250.0,3261.6,3239.8,3251.5,44155650,3576.6,2926.4,4322.95,2866.6,3260.0,76,5,3259.9,21,2,3259.8,34,3,3259.7,32,2,3259.6,111,7,3260.6,5,5,3260.8,7,1,3260.9,22,4,3261.0,88,3,3261.2,21,3
11536,2025-12-30 12:46:07+05:30,3260.0,1,3249.9,978467,113465.0,118688.0,3250.0,3261.6,3239.8,3251.5,44155650,3576.6,2926.4,4322.95,2866.6,3260.0,281,4,3259.9,21,2,3259.8,34,3,3259.7,32,2,3259.6,111,7,3260.6,8,6,3260.7,7,1,3260.9,49,3,3261.0,58,2,3261.2,21,3
11536,2025-12-30 12:46:07+05:30,3260.0,1,3249.9,978467,113465.0,118688.0,3250.0,3261.6,3239.8,3251.5,44155650,3576.6,2926.4,4322.95,2866.6,3260.0,281,4,3259.9,21,2,3259.8,34,3,3259.7,32,2,3259.6,111,7,3260.6,8,6,3260.7,7,1,3260.9,49,3,3261.0,58,2,3261.2,21,3
11536,2025-12-30 12:46:08+05:30,3260.0,3,3249.9,978472,113347.0,118331.0,3250.0,3261.6,3239.8,3251.5,44155650,3576.6,2926.4,4322.95,2866.6,3260.0,277,5,3259.9,123,3,3259.8,34,3,3259.7,32,2,3259.6,80,6,3260.6,9,6,3260.8,29,1,3260.9,19,1,3261.0,50,1,3261.2,21,3
11536,2025-12-30 12:46:08+05:30,3260.0,1,3249.9,978472,113347.0,118331.0,3250.0,3261.6,3239.8,3251.5,44155650,3576.6,2926.4,4322.95,2866.6,3260.0,277,5,3259.9,123,3,3259.8,34,3,3259.7,32,2,3259.6,80,6,3260.6,9,6,3260.8,29,1,3260.9,19,1,3261.0,50,1,3261.2,21,3
11536,2025-12-30 12:46:09+05:30,3260.0,1,3249.9,978474,112533.0,118668.0,3250.0,3261.6,3239.8,3251.5,44155650,3576.6,2926.4,4322.95,2866.6,3260.0,364,6,3259.9,123,3,3259.8,34,3,3259.7,32,2,3259.6,89,7,3260.6,10,7,3260.8,29,1,3260.9,19,1,3261.0,50,1,3261.2,11,2
11536,2025-12-30 12:46:09+05:30,3260.0,2,3249.9,978474,112533.0,118668.0,3250.0,3261.6,3239.8,3251.5,44155650,3576.6,2926.4,4322.95,2866.6,3260.0,364,6,3259.9,123,3,3259.8,34,3,3259.7,32,2,3259.6,89,7,3260.6,10,7,3260.8,29,1,3260.9,19,1,3261.0,50,1,3261.2,11,2
11536,2025-12-30 12:46:09+05:30,3260.0,2,3249.9,978556,114093.0,118279.0,3250.0,3261.6,3239.8,3251.5,44155650,3576.6,2926.4,4322.95,2866.6,3260.0,300,7,3259.9,162,5,3259.8,104,6,3259.7,41,3,3259.6,118,8,3260.6,10,6,3260.9,19,1,3261.0,50,1,3261.2,2,1,3261.3,15,1
11536,2025-12-30 12:46:10+05:30,3260.0,6,3249.9,978556,114093.0,118279.0,3250.0,3261.6,3239.8,3251.5,44155650,3576.6,2926.4,4322.95,2866.6,3260.0,300,7,3259.9,162,5,3259.8,104,6,3259.7,41,3,3259.6,118,8,3260.6,10,6,3260.9,19,1,3261.0,50,1,3261.2,2,1,3261.3,15,1
11536,2025-12-30 12:46:10+05:30,3260.0,6,3249.9,978578,114210.0,118278.0,3250.0,3261.6,3239.8,3251.5,44155650,3576.6,2926.4,4322.95,2866.6,3260.0,315,7,3259.9,148,4,3259.8,120,7,3259.7,58,4,3259.6,137,9,3260.6,9,6,3260.9,19,1,3261.0,50,1,3261.2,2,1,3261.3,15,1
11536,2025-12-30 12:46:11+05:30,3260.0,1,3249.9,978578,114210.0,118278.0,3250.0,3261.6,3239.8,3251.5,44155650,3576.6,2926.4,4322.95,2866.6,3260.0,315,7,3259.9,148,4,3259.8,120,7,3259.7,58,4,3259.6,137,9,3260.6,9,6,3260.9,19,1,3261.0,50,1,3261.2,2,1,3261.3,15,1
11536,2025-12-30 12:46:11+05:30,3260.0,1,3249.9,978610,114218.0,118276.0,3250.0,3261.6,3239.8,3251.5,44155650,3576.6,2926.4,4322.95,2866.6,3260.0,300,8,3259.9,171,6,3259.8,120,7,3259.7,49,3,3259.6,146,10,3260.6,7,6,3260.9,19,1,3261.0,50,1,3261.2,2,1,3261.3,15,1
11536,2025-12-30 12:46:12+05:30,3260.0,1,3249.9,978610,114218.0,118276.0,3250.0,3261.6,3239.8,3251.5,44155650,3576.6,2926.4,4322.95,2866.6,3260.0,300,8,3259.9,171,6,3259.8,120,7,3259.7,49,3,3259.6,146,10,3260.6,7,6,3260.9,19,1,3261.0,50,1,3261.2,2,1,3261.3,15,1
11536,2025-12-30 12:46:12+05:30,3260.0,1,3249.9,978628,114046.0,118180.0,3250.0,3261.6,3239.8,3251.5,44155650,3576.6,2926.4,4322.95,2866.6,3260.0,284,8,3259.9,171,6,3259.8,120,7,3259.7,49,3,3259.6,146,10,3260.6,5,5,3260.9,19,1,3261.0,50,1,3261.2,2,1,3261.4,9,1
11536,2025-12-30 12:46:13+05:30,3260.0,1,3249.9,978628,114046.0,118180.0,3250.0,3261.6,3239.8,3251.5,44155650,3576.6,2926.4,4322.95,2866.6,3260.0,284,8,3259.9,171,6,3259.8,120,7,3259.7,49,3,3259.6,146,10,3260.6,5,5,3260.9,19,1,3261.0,50,1,3261.2,2,1,3261.4,9,1
11536,2025-12-30 12:46:13+05:30,3260.0,9,3249.9,978643,114111.0,118195.0,3250.0,3261.6,3239.8,3251.5,44155650,3576.6,2926.4,4322.95,2866.6,3260.0,260,6,3259.9,148,4,3259.8,108,6,3259.7,49,3,3259.6,146,10,3260.6,20,7,3260.9,21,2,3261.0,50,1,3261.3,8,1,3261.4,9,1
11536,2025-12-30 12:46:14+05:30,3260.6,1,3249.9,978643,114111.0,118195.0,3250.0,3261.6,3239.8,3251.5,44155650,3576.6,2926.4,4322.95,2866.6,3260.0,260,6,3259.9,148,4,3259.8,108,6,3259.7,49,3,3259.6,146,10,3260.6,20,7,3260.9,21,2,3261.0,50,1,3261.3,8,1,3261.4,9,1
11536,2025-12-30 12:46:14+05:30,3261.3,24,3249.9,978807,114925.0,116061.0,3250.0,3261.6,3239.8,3251.5,44155650,3576.6,2926.4,4322.95,2866.6,3260.4,21,1,3260.3,55,2,3260.2,85,3,3260.1,89,2,3260.0,333,9,3261.7,53,2,3261.9,10,2,3262.0,51,12,3262.1,1,1,3262.2,41,2
11536,2025-12-30 12:46:15+05:30,3261.7,21,3249.9,978807,114925.0,116061.0,3250.0,3261.6,3239.8,3251.5,44155650,3576.6,2926.4,4322.95,2866.6,3260.4,21,1,3260.3,55,2,3260.2,85,3,3260.1,89,2,3260.0,333,9,3261.7,53,2,3261.9,10,2,3262.0,51,12,3262.1,1,1,3262.2,41,2
11536,2025-12-30 12:46:15+05:30,3260.6,1,3249.9,978856,118819.0,113471.0,3250.0,3261.7,3239.8,3251.5,44155650,3576.6,2926.4,4322.95,2866.6,3260.5,68,3,3260.4,100,3,3260.3,50,3,3260.2,85,3,3260.1,510,7,3261.7,20,5,3261.9,1,1,3262.0,60,13,3262.1,1,1,3262.2,41,2
11536,2025-12-30 12:46:16+05:30,3260.8,1,3249.9,978856,118819.0,113471.0,3250.0,3261.7,3239.8,3251.5,44155650,3576.6,2926.4,4322.95,2866.6,3260.5,68,3,3260.4,100,3,3260.3,50,3,3260.2,85,3,3260.1,510,7,3261.7,20,5,3261.9,1,1,3262.0,60,13,3262.1,1,1,3262.2,41,2
11536,2025-12-30 12:46:16+05:30,3260.8,1,3249.9,978858,117215.0,114097.0,3250.0,3261.7,3239.8,3251.5,44155650,3576.6,2926.4,4322.95,2866.6,3260.8,26,1,3260.7,44,3,3260.6,35,2,3260.5,199,5,3260.4,70,7,3261.7,20,6,3261.9,1,1,3262.0,51,12,3262.1,1,1,3262.2,14,1
11536,2025-12-30 12:46:17+05:30,3260.8,8,3249.9,978858,117215.0,114097.0,3250.0,3261.7,3239.8,3251.5,44155650,3576.6,2926.4,4322.95,2866.6,3260.8,26,1,3260.7,44,3,3260.6,35,2,3260.5,199,5,3260.4,70,7,3261.7,20,6,3261.9,1,1,3262.0,51,12,3262.1,1,1,3262.2,14,1
11536,2025-12-30 12:46:17+05:30,3260.9,1,3249.9,978991,117954.0,114217.0,3250.0,3261.7,3239.8,3251.5,44155650,3576.6,2926.4,4322.95,2866.6,3260.8,85,4,3260.7,104,6,3260.6,398,5,3260.5,206,5,3260.4,72,8,3261.7,19,8,3261.9,1,1,3262.0,51,12,3262.1,1,1,3262.5,8,1
11536,2025-12-30 12:46:18+05:30,3260.8,1,3249.9,978991,117954.0,114217.0,3250.0,3261.7,3239.8,3251.5,44155650,3576.6,2926.4,4322.95,2866.6,3260.8,85,4,3260.7,104,6,3260.6,398,5,3260.5,206,5,3260.4,72,8,3261.7,19,8,3261.9,1,1,3262.0,51,12,3262.1,1,1,3262.5,8,1
11536,2025-12-30 12:46:18+05:30,3260.8,1,3249.9,979031,117653.0,114441.0,3250.0,3261.7,3239.8,3251.5,44155650,3576.6,2926.4,4322.95,2866.6,3260.8,122,7,3260.7,119,4,3260.6,59,4,3260.5,133,6,3260.4,72,8,3261.7,21,10,3261.9,1,1,3262.0,51,12,3262.1,1,1,3262.4,9,1
11536,2025-12-30 12:46:19+05:30,3260.8,1,3249.9,979031,117653.0,114441.0,3250.0,3261.7,3239.8,3251.5,44155650,3576.6,2926.4,4322.95,2866.6,3260.8,122,7,3260.7,119,4,3260.6,59,4,3260.5,133,6,3260.4,72,8,3261.7,21,10,3261.9,1,1,3262.0,51,12,3262.1,1,1,3262.4,9,1
11536,2025-12-30 12:46:19+05:30,3260.8,1,3249.9,979057,117753.0,114745.0,3250.0,3261.7,3239.8,3251.5,44155650,3576.6,2926.4,4322.95,2866.6,3260.8,67,5,3260.7,107,3,3260.6,45,3,3260.5,138,6,3260.4,51,6,3261.7,20,10,3261.9,1,1,3262.0,51,12,3262.1,1,1,3262.3,8,1
11536,2025-12-30 12:46:20+05:30,3260.8,8,3249.9,979095,117869.0,114742.0,3250.0,3261.7,3239.8,3251.5,44155650,3576.6,2926.4,4322.95,2866.6,3260.8,105,5,3260.7,107,3,3260.6,31,2,3260.5,114,5,3260.4,59,7,3261.7,17,9,3261.9,1,1,3262.0,51,12,3262.1,1,1,3262.3,17,2
11536,2025-12-30 12:46:20+05:30,3260.8,8,3249.9,979095,117869.0,114742.0,3250.0,3261.7,3239.8,3251.5,44155650,3576.6,2926.4,4322.95,2866.6,3260.8,105,5,3260.7,107,3,3260.6,31,2,3260.5,114,5,3260.4,59,7,3261.7,17,9,3261.9,1,1,3262.0,51,12,3262.1,1,1,3262.3,17,2
11536,2025-12-30 12:46:21+05:30,3260.8,6,3249.9,979122,117837.0,114829.0,3250.0,3261.7,3239.8,3251.5,44155650,3576.6,2926.4,4322.95,2866.6,3260.8,164,6,3260.7,107,3,3260.6,31,2,3260.5,114,5,3260.4,59,7,3261.7,16,9,3261.9,1,1,3262.0,51,12,3262.1,10,2,3262.3,8,1
11536,2025-12-30 12:46:21+05:30,3260.8,6,3249.9,979122,117837.0,114829.0,3250.0,3261.7,3239.8,3251.5,44155650,3576.6,2926.4,4322.95,2866.6,3260.8,164,6,3260.7,107,3,3260.6,31,2,3260.5,114,5,3260.4,59,7,3261.7,16,9,3261.9,1,1,3262.0,51,12,3262.1,10,2,3262.3,8,1
11536,2025-12-30 12:46:22+05:30,3261.7,1,3249.9,979136,117984.0,114677.0,3250.0,3261.7,3239.8,3251.5,44155650,3576.6,2926.4,4322.95,2866.6,3260.8,118,4,3260.7,194,6,3260.6,31,2,3260.5,114,5,3260.4,54,5,3261.7,17,11,3261.9,1,1,3262.0,51,12,3262.1,10,2,3262.2,60,3
11536,2025-12-30 12:46:22+05:30,3260.8,1,3249.9,979136,117984.0,114677.0,3250.0,3261.7,3239.8,3251.5,44155650,3576.6,2926.4,4322.95,2866.6,3260.8,118,4,3260.7,194,6,3260.6,31,2,3260.5,114,5,3260.4,54,5,3261.7,17,11,3261.9,1,1,3262.0,51,12,3262.1,10,2,3262.2,60,3
11536,2025-12-30 12:46:23+05:30,3261.7,5,3249.9,979154,117693.0,115583.0,3250.0,3261.7,3239.8,3251.5,44155650,3576.6,2926.4,4322.95,2866.6,3260.8,105,3,3260.7,79,2,3260.6,31,2,3260.5,114,5,3260.4,54,5,3261.7,11,11,3261.8,7,1,3261.9,23,1,3262.0,51,12,3262.1,1,1
11536,2025-12-30 12:46:23+05:30,3260.8,2,3249.9,979154,117693.0,115583.0,3250.0,3261.7,3239.8,3251.5,44155650,3576.6,2926.4,4322.95,2866.6,3260.8,105,3,3260.7,79,2,3260.6,31,2,3260.5,114,5,3260.4,54,5,3261.7,11,11,3261.8,7,1,3261.9,23,1,3262.0,51,12,3262.1,1,1
11536,2025-12-30 12:46:24+05:30,3260.8,2,3249.9,979164,114946.0,115015.0,3250.0,3261.7,3239.8,3251.5,44155650,3576.6,2926.4,4322.95,2866.6,3260.8,95,3,3260.7,79,2,3260.6,31,2,3260.5,58,3,3260.4,51,4,3261.7,32,10,3261.8,36,2,3261.9,11,1,3262.0,51,12,3262.1,54,3
11536,2025-12-30 12:46:24+05:30,3260.8,2,3249.9,979164,114946.0,115015.0,3250.0,3261.7,3239.8,3251.5,44155650,3576.6,2926.4,4322.95,2866.6,3260.8,95,3,3260.7,79,2,3260.6,31,2,3260.5,58,3,3260.4,51,4,3261.7,32,10,3261.8,36,2,3261.9,11,1,3262.0,51,12,3262.1,54,3
11536,2025-12-30 12:46:25+05:30,3261.7,1,3249.9,979171,116531.0,115341.0,3250.0,3261.7,3239.8,3251.5,44155650,3576.6,2926.4,4322.95,2866.6,3260.8,92,4,3260.7,79,2,3260.6,31,2,3260.5,58,3,3260.4,51,4,3261.7,62,12,3261.8,10,1,3261.9,21,2,3262.0,51,12,3262.1,54,3
11536,2025-12-30 12:46:25+05:30,3260.8,4,3249.9,979171,116531.0,115341.0,3250.0,3261.7,3239.8,3251.5,44155650,3576.6,2926.4,4322.95,2866.6,3260.8,92,4,3260.7,79,2,3260.6,31,2,3260.5,58,3,3260.4,51,4,3261.7,62,12,3261.8,10,1,3261.9,21,2,3262.0,51,12,3262.1,54,3
11536,2025-12-30 12:46:26+05:30,3260.8,12,3249.9,979197,115115.0,115406.0,3250.0,3261.7,3239.8,3251.5,44155650,3576.6,2926.4,4322.95,2866.6,3260.8,90,4,3260.7,79,2,3260.6,31,2,3260.5,58,3,3260.4,51,4,3261.7,62,12,3261.8,10,1,3261.9,43,3,3262.0,51,12,3262.1,63,4
11536,2025-12-30 12:46:26+05:30,3260.8,3,3249.9,979197,115115.0,115406.0,3250.0,3261.7,3239.8,3251.5,44155650,3576.6,2926.4,4322.95,2866.6,3260.8,90,4,3260.7,79,2,3260.6,31,2,3260.5,58,3,3260.4,51,4,3261.7,62,12,3261.8,10,1,3261.9,43,3,3262.0,51,12,3262.1,63,4
11536,2025-12-30 12:46:27+05:30,3260.8,1,3249.9,979284,116683.0,115402.0,3250.0,3261.7,3239.8,3251.5,44155650,3576.6,2926.4,4322.95,2866.6,3260.8,89,3,3260.7,79,2,3260.6,31,2,3260.5,58,3,3260.4,51,4,3261.6,55,4,3261.7,89,8,3261.8,18,2,3261.9,33,2,3262.0,51,12
11536,2025-12-30 12:46:27+05:30,3260.8,1,3249.9,979284,116683.0,115402.0,3250.0,3261.7,3239.8,3251.5,44155650,3576.6,2926.4,4322.95,2866.6,3260.8,89,3,3260.7,79,2,3260.6,31,2,3260.5,58,3,3260.4,51,4,3261.6,55,4,3261.7,89,8,3261.8,18,2,3261.9,33,2,3262.0,51,12
11536,2025-12-30 12:46:28+05:30,3260.8,3,3249.9,979299,116652.0,115414.0,3250.0,3261.7,3239.8,3251.5,44155650,3576.6,2926.4,4322.95,2866.6,3260.8,75,3,3260.7,79,2,3260.6,31,2,3260.5,58,3,3260.4,51,4,3261.6,60,8,3261.7,85,4,3261.8,18,2,3261.9,44,3,3262.0,51,12
11536,2025-12-30 12:46:28+05:30,3260.8,1,3249.9,979299,116652.0,115414.0,3250.0,3261.7,3239.8,3251.5,44155650,3576.6,2926.4,4322.95,2866.6,3260.8,75,3,3260.7,79,2,3260.6,31,2,3260.5,58,3,3260.4,51,4,3261.6,60,8,3261.7,85,4,3261.8,18,2,3261.9,44,3,3262.0,51,12
11536,2025-12-30 12:46:29+05:30,3260.8,26,3249.9,979328,116365.0,115412.0,3250.0,3261.7,3239.8,3251.5,44155650,3576.6,2926.4,4322.95,2866.6,3260.8,91,4,3260.7,79,2,3260.6,31,2,3260.5,58,3,3260.4,51,4,3261.6,59,9,3261.7,84,3,3261.8,18,2,3261.9,44,3,3262.0,51,12
11536,2025-12-30 12:46:29+05:30,3260.8,2,3249.9,979328,116365.0,115412.0,3250.0,3261.7,3239.8,3251.5,44155650,3576.6,2926.4,4322.95,2866.6,3260.8,91,4,3260.7,79,2,3260.6,31,2,3260.5,58,3,3260.4,51,4,3261.6,59,9,3261.7,84,3,3261.8,18,2,3261.9,44,3,3262.0,51,12
11536,2025-12-30 12:46:30+05:30,3260.8,3,3249.9,979349,114891.0,116237.0,3250.0,3261.7,3239.8,3251.5,44155650,3576.6,2926.4,4322.95,2866.6,3260.8,70,4,3260.7,4,1,3260.6,10,1,3260.5,58,3,3260.4,51,4,3261.4,52,3,3261.5,2,2,3261.6,11,4,3261.7,83,2,3261.8,18,2
11536,2025-12-30 12:46:30+05:30,3260.8,3,3249.9,979349,114891.0,116237.0,3250.0,3261.7,3239.8,3251.5,44155650,3576.6,2926.4,4322.95,2866.6,3260.8,70,4,3260.7,4,1,3260.6,10,1,3260.5,58,3,3260.4,51,4,3261.4,52,3,3261.5,2,2,3261.6,11,4,3261.7,83,2,3261.8,18,2
11536,2025-12-30 12:46:31+05:30,3260.8,2,3249.91,979360,116635.0,115800.0,3250.0,3261.7,3239.8,3251.5,44155650,3576.6,2926.4,4322.95,2866.6,3260.8,60,4,3260.7,50,3,3260.6,46,3,3260.5,112,5,3260.4,95,6,3261.4,2,2,3261.5,2,2,3261.6,1,1,3261.7,73,1,3262.0,51,12
11536,2025-12-30 12:46:31+05:30,3261.4,1,3249.91,979360,116635.0,115800.0,3250.0,3261.7,3239.8,3251.5,44155650,3576.6,2926.4,4322.95,2866.6,3260.8,60,4,3260.7,50,3,3260.6,46,3,3260.5,112,5,3260.4,95,6,3261.4,2,2,3261.5,2,2,3261.6,1,1,3261.7,73,1,3262.0,51,12
11536,2025-12-30 12:46:32+05:30,3260.8,5,3249.91,979419,116350.0,115889.0,3250.0,3261.7,3239.8,3251.5,44155650,3576.6,2926.4,4322.95,2866.6,3260.8,14,3,3260.7,4,1,3260.6,10,1,3260.5,58,3,3260.4,51,4,3261.4,28,7,3261.5,25,1,3261.6,8,1,3261.7,74,2,3261.8,8,1
11536,2025-12-30 12:46:32+05:30,3260.8,3,3249.91,979419,116350.0,115889.0,3250.0,3261.7,3239.8,3251.5,44155650,3576.6,2926.4,4322.95,2866.6,3260.8,14,3,3260.7,4,1,3260.6,10,1,3260.5,58,3,3260.4,51,4,3261.4,28,7,3261.5,25,1,3261.6,8,1,3261.7,74,2,3261.8,8,1
11536,2025-12-30 12:46:33+05:30,3261.4,1,3249.91,979424,116353.0,115918.0,3250.0,3261.7,3239.8,3251.5,44155650,3576.6,2926.4,4322.95,2866.6,3260.8,10,1,3260.7,4,1,3260.6,10,1,3260.5,58,3,3260.4,51,4,3261.4,30,9,3261.5,32,2,3261.7,74,2,3261.8,8,1,3261.9,11,1
11536,2025-12-30 12:46:33+05:30,3260.8,1,3249.91,979424,116353.0,115918.0,3250.0,3261.7,3239.8,3251.5,44155650,3576.6,2926.4,4322.95,2866.6,3260.8,10,1,3260.7,4,1,3260.6,10,1,3260.5,58,3,3260.4,51,4,3261.4,30,9,3261.5,32,2,3261.7,74,2,3261.8,8,1,3261.9,11,1
11536,2025-12-30 12:46:34+05:30,3260.8,3,3249.91,979447,114862.0,115931.0,3250.0,3261.7,3239.8,3251.5,44155650,3576.6,2926.4,4322.95,2866.6,3260.8,7,1,3260.7,4,1,3260.6,10,1,3260.5,58,3,3260.4,51,4,3261.3,23,3,3261.4,4,4,3261.5,25,1,3261.7,74,2,3261.9,50,2
11536,2025-12-30 12:46:34+05:30,3261.8,6,3249.91,979447,114862.0,115931.0,3250.0,3261.7,3239.8,3251.5,44155650,3576.6,2926.4,4322.95,2866.6,3260.8,7,1,3260.7,4,1,3260.6,10,1,3260.5,58,3,3260.4,51,4,3261.3,23,3,3261.4,4,4,3261.5,25,1,3261.7,74,2,3261.9,50,2
11536,2025-12-30 12:46:35+05:30,3261.7,1,3249.91,979549,117083.0,115260.0,3250.0,3261.8,3239.8,3251.5,44155650,3576.6,2926.4,4322.95,2866.6,3260.8,7,1,3260.7,4,1,3260.6,31,2,3260.5,96,4,3260.4,51,4,3261.7,73,5,3261.9,31,3,3262.0,66,14,3262.1,8,2,3262.2,38,3
11536,2025-12-30 12:46:35+05:30,3261.7,1,3249.91,979549,117083.0,115260.0,3250.0,3261.8,3239.8,3251.5,44155650,3576.6,2926.4,4322.95,2866.6,3260.8,7,1,3260.7,4,1,3260.6,31,2,3260.5,96,4,3260.4,51,4,3261.7,73,5,3261.9,31,3,3262.0,66,14,3262.1,8,2,3262.2,38,3
11536,2025-12-30 12:46:36+05:30,3261.7,1,3249.91,979549,117083.0,115227.0,3250.0,3261.8,3239.8,3251.5,44155650,3576.6,2926.4,4322.95,2866.6,3260.8,12,2,3260.7,4,1,3260.6,31,2,3260.5,96,4,3260.4,51,4,3261.7,47,4,3261.9,31,3,3262.0,66,14,3262.1,1,1,3262.2,38,3
11536,2025-12-30 12:46:36+05:30,3260.8,18,3249.91,979549,117083.0,115227.0,3250.0,3261.8,3239.8,3251.5,44155650,3576.6,2926.4,4322.95,2866.6,3260.8,12,2,3260.7,4,1,3260.6,31,2,3260.5,96,4,3260.4,51,4,3261.7,47,4,3261.9,31,3,3262.0,66,14,3262.1,1,1,3262.2,38,3
11536,2025-12-30 12:46:37+05:30,3260.7,28,3249.91,979609,116919.0,113048.0,3250.0,3261.8,3239.8,3251.5,44155650,3576.6,2926.4,4322.95,2866.6,3260.6,11,2,3260.5,58,3,3260.4,8,3,3260.3,61,3,3260.2,67,4,3260.7,10,3,3260.8,7,3,3261.6,17,1,3261.7,26,2,3261.9,36,3
11536,2025-12-30 12:46:37+05:30,3260.6,6,3249.91,979609,116919.0,113048.0,3250.0,3261.8,3239.8,3251.5,44155650,3576.6,2926.4,4322.95,2866.6,3260.6,11,2,3260.5,58,3,3260.4,8,3,3260.3,61,3,3260.2,67,4,3260.7,10,3,3260.8,7,3,3261.6,17,1,3261.7,26,2,3261.9,36,3
11536,2025-12-30 12:46:38+05:30,3260.6,6,3249.91,979626,117105.0,115365.0,3250.0,3261.8,3239.8,3251.5,44155650,3576.6,2926.4,4322.95,2866.6,3260.6,6,3,3260.5,58,3,3260.4,8,3,3260.3,42,2,3260.2,42,2,3260.7,26,6,3260.8,7,3,3261.6,17,1,3261.7,25,1,3261.8,8,1
11536,2025-12-30 12:46:39+05:30,3260.6,2,3249.91,979693,117309.0,115944.0,3250.0,3261.8,3239.8,3251.5,44155650,3576.6,2926.4,4322.95,2866.6,3260.6,8,1,3260.5,58,3,3260.4,8,3,3260.3,42,2,3260.2,42,2,3260.7,20,6,3260.8,6,2,3261.5,17,1,3261.6,8,1,3261.7,25,1
11536,2025-12-30 12:46:39+05:30,3260.6,1,3249.91,979693,117309.0,115944.0,3250.0,3261.8,3239.8,3251.5,44155650,3576.6,2926.4,4322.95,2866.6,3260.6,8,1,3260.5,58,3,3260.4,8,3,3260.3,42,2,3260.2,42,2,3260.7,20,6,3260.8,6,2,3261.5,17,1,3261.6,8,1,3261.7,25,1
11536,2025-12-30 12:46:40+05:30,3260.6,6,3249.91,979739,116695.0,115209.0,3250.0,3261.8,3239.8,3251.5,44155650,3576.6,2926.4,4322.95,2866.6,3260.6,5,1,3260.5,132,7,3260.4,67,6,3260.3,69,4,3260.2,80,5,3260.7,3,3,3260.8,6,2,3261.8,8,1,3261.9,26,1,3262.0,59,13
11536,2025-12-30 12:46:40+05:30,3260.6,5,3249.91,979739,116695.0,115209.0,3250.0,3261.8,3239.8,3251.5,44155650,3576.6,2926.4,4322.95,2866.6,3260.6,5,1,3260.5,132,7,3260.4,67,6,3260.3,69,4,3260.2,80,5,3260.7,3,3,3260.8,6,2,3261.8,8,1,3261.9,26,1,3262.0,59,13
11536,2025-12-30 12:46:41+05:30,3260.6,3,3249.91,979791,119608.0,114441.0,3250.0,3261.8,3239.8,3251.5,44155650,3576.6,2926.4,4322.95,2866.6,3260.6,18,1,3260.5,61,4,3260.4,237,7,3260.3,144,5,3260.2,534,7,3261.7,43,4,3261.8,23,1,3261.9,48,3,3262.0,51,12,3262.1,23,3
11536,2025-12-30 12:46:41+05:30,3260.6,3,3249.91,979791,119608.0,114441.0,3250.0,3261.8,3239.8,3251.5,44155650,3576.6,2926.4,4322.95,2866.6,3260.6,18,1,3260.5,61,4,3260.4,237,7,3260.3,144,5,3260.2,534,7,3261.7,43,4,3261.8,23,1,3261.9,48,3,3262.0,51,12,3262.1,23,3
11536,2025-12-30 12:46:42+05:30,3260.6,3,3249.91,979791,119582.0,114637.0,3250.0,3261.8,3239.8,3251.5,44155650,3576.6,2926.4,4322.95,2866.6,3260.6,19,2,3260.5,61,4,3260.4,222,6,3260.3,67,3,3260.2,504,5,3261.7,44,5,3261.8,29,2,3261.9,48,3,3262.0,51,12,3262.1,15,2
11536,2025-12-30 12:46:42+05:30,3261.7,4,3249.91,979791,119582.0,114637.0,3250.0,3261.8,3239.8,3251.5,44155650,3576.6,2926.4,4322.95,2866.6,3260.6,19,2,3260.5,61,4,3260.4,222,6,3260.3,67,3,3260.2,504,5,3261.7,44,5,3261.8,29,2,3261.9,48,3,3262.0,51,12,3262.1,15,2
11536,2025-12-30 12:46:43+05:30,3260.6,1,3249.91,979809,119647.0,114667.0,3250.0,3261.8,3239.8,3251.5,44155650,3576.6,2926.4,4322.95,2866.6,3260.6,5,2,3260.5,93,5,3260.4,233,7,3260.3,67,3,3260.2,515,6,3261.7,71,7,3261.8,23,1,3261.9,56,4,3262.0,51,12,3262.1,15,2
11536,2025-12-30 12:46:43+05:30,3260.6,1,3249.91,979809,119647.0,114667.0,3250.0,3261.8,3239.8,3251.5,44155650,3576.6,2926.4,4322.95,2866.6,3260.6,5,2,3260.5,93,5,3260.4,233,7,3260.3,67,3,3260.2,515,6,3261.7,71,7,3261.8,23,1,3261.9,56,4,3262.0,51,12,3262.1,15,2
11536,2025-12-30 12:46:44+05:30,3260.6,4,3249.91,979818,119946.0,114750.0,3250.0,3261.8,3239.8,3251.5,44155650,3576.6,2926.4,4322.95,2866.6,3260.6,51,3,3260.5,158,6,3260.4,47,5,3260.3,245,4,3260.2,515,6,3261.7,71,7,3261.8,23,1,3261.9,48,3,3262.0,51,12,3262.1,15,2
11536,2025-12-30 12:46:44+05:30,3260.6,4,3249.91,979818,119946.0,114750.0,3250.0,3261.8,3239.8,3251.5,44155650,3576.6,2926.4,4322.95,2866.6,3260.6,51,3,3260.5,158,6,3260.4,47,5,3260.3,245,4,3260.2,515,6,3261.7,71,7,3261.8,23,1,3261.9,48,3,3262.0,51,12,3262.1,15,2
11536,2025-12-30 12:46:45+05:30,3260.7,5,3249.91,979826,119950.0,114770.0,3250.0,3261.8,3239.8,3251.5,44155650,3576.6,2926.4,4322.95,2866.6,3260.7,29,2,3260.6,172,9,3260.5,170,7,3260.4,68,8,3260.3,593,6,3261.7,37,7,3261.9,26,1,3262.0,51,12,3262.1,1,1,3262.2,8,1
11536,2025-12-30 12:46:45+05:30,3260.7,1,3249.91,979826,119950.0,114770.0,3250.0,3261.8,3239.8,3251.5,44155650,3576.6,2926.4,4322.95,2866.6,3260.7,29,2,3260.6,172,9,3260.5,170,7,3260.4,68,8,3260.3,593,6,3261.7,37,7,3261.9,26,1,3262.0,51,12,3262.1,1,1,3262.2,8,1
11536,2025-12-30 12:46:46+05:30,3261.7,1,3249.91,979831,119525.0,114685.0,3250.0,3261.8,3239.8,3251.5,44155650,3576.6,2926.4,4322.95,2866.6,3260.6,285,14,3260.5,138,6,3260.4,236,9,3260.3,427,6,3260.2,359,8,3261.7,38,9,3261.9,26,1,3262.0,74,13,3262.1,1,1,3262.4,20,1
11536,2025-12-30 12:46:46+05:30,3260.7,2,3249.91,979831,119525.0,114685.0,3250.0,3261.8,3239.8,3251.5,44155650,3576.6,2926.4,4322.95,2866.6,3260.6,285,14,3260.5,138,6,3260.4,236,9,3260.3,427,6,3260.2,359,8,3261.7,38,9,3261.9,26,1,3262.0,74,13,3262.1,1,1,3262.4,20,1
11536,2025-12-30 12:46:47+05:30,3260.7,6,3249.91,979912,119884.0,113740.0,3250.0,3261.8,3239.8,3251.5,44155650,3576.6,2926.4,4322.95,2866.6,3260.6,286,14,3260.5,135,5,3260.4,407,9,3260.3,85,5,3260.2,372,10,3261.7,41,9,3261.9,26,1,3262.0,51,12,3262.1,1,1,3262.2,20,1
11536,2025-12-30 12:46:47+05:30,3260.6,2,3249.91,979912,119884.0,113740.0,3250.0,3261.8,3239.8,3251.5,44155650,3576.6,2926.4,4322.95,2866.6,3260.6,286,14,3260.5,135,5,3260.4,407,9,3260.3,85,5,3260.2,372,10,3261.7,41,9,3261.9,26,1,3262.0,51,12,3262.1,1,1,3262.2,20,1
11536,2025-12-30 12:46:48+05:30,3261.7,1,3249.91,979916,118957.0,114199.0,3250.0,3261.8,3239.8,3251.5,44155650,3576.6,2926.4,4322.95,2866.6,3260.6,250,15,3260.5,135,5,3260.4,66,8,3260.3,102,6,3260.2,208,10,3261.7,41,10,3261.9,26,1,3262.0,51,12,3262.1,1,1,3262.2,20,1
11536,2025-12-30 12:46:48+05:30,3262.1,1,3249.91,979916,118957.0,114199.0,3250.0,3261.8,3239.8,3251.5,44155650,3576.6,2926.4,4322.95,2866.6,3260.6,250,15,3260.5,135,5,3260.4,66,8,3260.3,102,6,3260.2,208,10,3261.7,41,10,3261.9,26,1,3262.0,51,12,3262.1,1,1,3262.2,20,1
11536,2025-12-30 12:46:49+05:30,3261.2,1,3249.95,982929,117076.0,114140.0,3250.0,3263.8,3239.8,3251.5,44155650,3576.6,2926.4,4322.95,2866.6,3261.0,21,1,3260.9,36,3,3260.8,199,5,3260.7,55,3,3260.6,225,9,3261.7,142,4,3262.1,1,1,3262.3,28,2,3262.4,13,1,3262.5,16,1
11536,2025-12-30 12:46:49+05:30,3261.2,1,3249.95,982929,117076.0,114140.0,3250.0,3263.8,3239.8,3251.5,44155650,3576.6,2926.4,4322.95,2866.6,3261.0,21,1,3260.9,36,3,3260.8,199,5,3260.7,55,3,3260.6,225,9,3261.7,142,4,3262.1,1,1,3262.3,28,2,3262.4,13,1,3262.5,16,1
11536,2025-12-30 12:46:50+05:30,3261.2,1,3249.95,982929,116924.0,114382.0,3250.0,3263.8,3239.8,3251.5,44155650,3576.6,2926.4,4322.95,2866.6,3261.1,92,1,3261.0,257,1,3260.9,27,2,3260.8,107,4,3260.7,72,4,3261.7,142,4,3262.3,20,1,3262.4,22,2,3262.5,16,1,3262.7,27,2
11536,2025-12-30 12:46:50+05:30,3261.1,1,3249.95,982929,116924.0,114382.0,3250.0,3263.8,3239.8,3251.5,44155650,3576.6,2926.4,4322.95,2866.6,3261.1,92,1,3261.0,257,1,3260.9,27,2,3260.8,107,4,3260.7,72,4,3261.7,142,4,3262.3,20,1,3262.4,22,2,3262.5,16,1,3262.7,27,2
11536,2025-12-30 12:46:51+05:30,3261.1,92,3249.96,983491,116062.0,115599.0,3250.0,3263.8,3239.8,3251.5,44155650,3576.6,2926.4,4322.95,2866.6,3261.0,11,1,3260.9,25,1,3260.8,28,1,3260.7,26,1,3260.6,229,10,3261.1,117,3,3261.7,49,3,3262.2,20,1,3262.3,11,2,3262.4,33,3
11536,2025-12-30 12:46:51+05:30,3261.1,3,3249.96,983491,116062.0,115599.0,3250.0,3263.8,3239.8,3251.5,44155650,3576.6,2926.4,4322.95,2866.6,3261.0,11,1,3260.9,25,1,3260.8,28,1,3260.7,26,1,3260.6,229,10,3261.1,117,3,3261.7,49,3,3262.2,20,1,3262.3,11,2,3262.4,33,3
11536,2025-12-30 12:46:52+05:30,3261.0,5,3249.96,983515,115621.0,114826.0,3250.0,3263.8,3239.8,3251.5,44155650,3576.6,2926.4,4322.95,2866.6,3260.6,182,9,3260.5,113,4,3260.4,109,7,3260.3,110,6,3260.2,148,6,3260.9,41,1,3261.1,116,5,3261.7,1,1,3262.2,20,1,3262.3,94,2
11536,2025-12-30 12:46:52+05:30,3260.6,7,3249.96,983515,115621.0,114826.0,3250.0,3263.8,3239.8,3251.5,44155650,3576.6,2926.4,4322.95,2866.6,3260.6,182,9,3260.5,113,4,3260.4,109,7,3260.3,110,6,3260.2,148,6,3260.9,41,1,3261.1,116,5,3261.7,1,1,3262.2,20,1,3262.3,94,2
11536,2025-12-30 12:46:53+05:30,3260.6,88,3249.96,983897,114800.0,114916.0,3250.0,3263.8,3239.8,3251.5,44155650,3576.6,2926.4,4322.95,2866.6,3260.5,101,4,3260.4,63,5,3260.3,52,4,3260.2,182,6,3260.1,78,4,3260.6,104,2,3260.9,42,4,3261.1,11,3,3262.2,149,4,3262.3,33,3
11536,2025-12-30 12:46:53+05:30,3260.5,5,3249.96,983897,114800.0,114916.0,3250.0,3263.8,3239.8,3251.5,44155650,3576.6,2926.4,4322.95,2866.6,3260.5,101,4,3260.4,63,5,3260.3,52,4,3260.2,182,6,3260.1,78,4,3260.6,104,2,3260.9,42,4,3261.1,11,3,3262.2,149,4,3262.3,33,3
11536,2025-12-30 12:46:54+05:30,3260.6,2,3249.96,983990,114963.0,114764.0,3250.0,3263.8,3239.8,3251.5,44155650,3576.6,2926.4,4322.95,2866.6,3260.5,11,1,3260.4,83,6,3260.3,52,4,3260.2,144,5,3260.1,90,4,3260.6,114,4,3260.9,42,4,3261.0,100,1,3261.1,1,1,3262.1,100,2
11536,2025-12-30 12:46:54+05:30,3260.6,1,3249.96,983990,114963.0,114764.0,3250.0,3263.8,3239.8,3251.5,44155650,3576.6,2926.4,4322.95,2866.6,3260.5,11,1,3260.4,83,6,3260.3,52,4,3260.2,144,5,3260.1,90,4,3260.6,114,4,3260.9,42,4,3261.0,100,1,3261.1,1,1,3262.1,100,2
11536,2025-12-30 12:46:55+05:30,3260.4,1,3249.97,984335,113985.0,114841.0,3250.0,3263.8,3239.8,3251.5,44155650,3576.6,2926.4,4322.95,2866.6,3260.3,67,5,3260.2,168,6,3260.1,50,3,3260.0,314,11,3259.9,114,7,3260.4,33,3,3260.5,19,3,3260.6,19,4,3260.9,2,1,3261.0,100,1
11536,2025-12-30 12:46:55+05:30,3260.5,1,3249.97,984335,113985.0,114841.0,3250.0,3263.8,3239.8,3251.5,44155650,3576.6,2926.4,4322.95,2866.6,3260.3,67,5,3260.2,168,6,3260.1,50,3,3260.0,314,11,3259.9,114,7,3260.4,33,3,3260.5,19,3,3260.6,19,4,3260.9,2,1,3261.0,100,1
11536,2025-12-30 12:46:56+05:30,3260.5,1,3249.97,984792,115119.0,114799.0,3250.0,3263.8,3239.8,3251.5,44155650,3576.6,2926.4,4322.95,2866.6,3260.4,1,1,3260.3,105,7,3260.2,124,4,3260.1,49,4,3260.0,314,11,3260.5,35,4,3260.6,10,3,3261.0,100,1,3262.0,21,1,3262.2,37,2
11536,2025-12-30 12:46:56+05:30,3260.5,1,3249.97,984792,115119.0,114799.0,3250.0,3263.8,3239.8,3251.5,44155650,3576.6,2926.4,4322.95,2866.6,3260.4,1,1,3260.3,105,7,3260.2,124,4,3260.1,49,4,3260.0,314,11,3260.5,35,4,3260.6,10,3,3261.0,100,1,3262.0,21,1,3262.2,37,2
11536,2025-12-30 12:46:57+05:30,3260.5,9,3249.98,985171,115088.0,114571.0,3250.0,3263.8,3239.8,3251.5,44155650,3576.6,2926.4,4322.95,2866.6,3260.3,39,4,3260.2,154,5,3260.1,40,2,3260.0,296,10,3259.9,64,5,3260.5,15,3,3260.6,14,2,3261.0,105,2,3261.9,111,2,3262.0,21,1
11536,2025-12-30 12:46:57+05:30,3260.5,2,3249.98,985171,115088.0,114571.0,3250.0,3263.8,3239.8,3251.5,44155650,3576.6,2926.4,4322.95,2866.6,3260.3,39,4,3260.2,154,5,3260.1,40,2,3260.0,296,10,3259.9,64,5,3260.5,15,3,3260.6,14,2,3261.0,105,2,3261.9,111,2,3262.0,21,1
11536,2025-12-30 12:46:58+05:30,3260.3,2,3249.98,985207,112454.0,116137.0,3250.0,3263.8,3239.8,3251.5,44155650,3576.6,2926.4,4322.95,2866.6,3260.3,19,2,3260.2,124,4,3260.1,25,1,3260.0,194,6,3259.9,21,2,3260.5,13,6,3260.6,12,1,3260.9,20,1,3261.0,105,2,3261.4,10,1
11536,2025-12-30 12:46:58+05:30,3260.3,46,3249.98,985207,112454.0,116137.0,3250.0,3263.8,3239.8,3251.5,44155650,3576.6,2926.4,4322.95,2866.6,3260.3,19,2,3260.2,124,4,3260.1,25,1,3260.0,194,6,3259.9,21,2,3260.5,13,6,3260.6,12,1,3260.9,20,1,3261.0,105,2,3261.4,10,1
11536,2025-12-30 12:46:59+05:30,3260.2,3,3249.98,985347,112540.0,116167.0,3250.0,3263.8,3239.8,3251.5,44155650,3576.6,2926.4,4322.95,2866.6,3260.2,100,3,3260.1,25,1,3260.0,194,6,3259.9,21,2,3259.8,51,4,3260.3,9,2,3260.5,16,7,3261.0,105,2,3261.2,20,1,3261.3,21,2
11536,2025-12-30 12:46:59+05:30,3260.2,9,3249.98,985347,112540.0,116167.0,3250.0,3263.8,3239.8,3251.5,44155650,3576.6,2926.4,4322.95,2866.6,3260.2,100,3,3260.1,25,1,3260.0,194,6,3259.9,21,2,3259.8,51,4,3260.3,9,2,3260.5,16,7,3261.0,105,2,3261.2,20,1,3261.3,21,2
11536,2025-12-30 12:47:00+05:30,3260.2,51,3249.98,985408,112634.0,116598.0,3250.0,3263.8,3239.8,3251.5,44155650,3576.6,2926.4,4322.95,2866.6,3260.2,39,3,3260.1,25,1,3260.0,194,6,3259.9,21,2,3259.8,12,2,3260.3,13,6,3260.5,38,5,3260.9,20,1,3261.0,129,3,3261.3,21,2
11536,2025-12-30 12:47:00+05:30,3260.2,51,3249.98,985408,112634.0,116598.0,3250.0,3263.8,3239.8,3251.5,44155650,3576.6,2926.4,4322.95,2866.6,3260.2,39,3,3260.1,25,1,3260.0,194,6,3259.9,21,2,3259.8,12,2,3260.3,13,6,3260.5,38,5,3260.9,20,1,3261.0,129,3,3261.3,21,2
11536,2025-12-30 12:47:01+05:30,3260.3,1,3249.98,985481,112635.0,116440.0,3250.0,3263.8,3239.8,3251.5,44155650,3576.6,2926.4,4322.95,2866.6,3260.2,70,3,3260.1,25,1,3260.0,206,7,3259.9,21,2,3259.8,12,2,3260.3,10,7,3260.5,33,3,3261.0,139,4,3261.2,21,1,3261.3,21,2
11536,2025-12-30 12:47:01+05:30,3260.2,1,3249.98,985481,112635.0,116440.0,3250.0,3263.8,3239.8,3251.5,44155650,3576.6,2926.4,4322.95,2866.6,3260.2,70,3,3260.1,25,1,3260.0,206,7,3259.9,21,2,3259.8,12,2,3260.3,10,7,3260.5,33,3,3261.0,139,4,3261.2,21,1,3261.3,21,2
11536,2025-12-30 12:47:02+05:30,3260.5,14,3249.98,985618,114923.0,112492.0,3250.0,3263.8,3239.8,3251.5,44155650,3576.6,2926.4,4322.95,2866.6,3260.2,118,6,3260.1,59,3,3260.0,293,10,3259.9,67,5,3259.8,201,7,3261.0,109,3,3261.9,21,1,3262.0,6,1,3262.1,9,1,3262.2,52,4
11536,2025-12-30 12:47:02+05:30,3260.5,14,3249.98,985618,114923.0,112492.0,3250.0,3263.8,3239.8,3251.5,44155650,3576.6,2926.4,4322.95,2866.6,3260.2,118,6,3260.1,59,3,3260.0,293,10,3259.9,67,5,3259.8,201,7,3261.0,109,3,3261.9,21,1,3262.0,6,1,3262.1,9,1,3262.2,52,4
11536,2025-12-30 12:47:03+05:30,3260.5,14,3249.98,985618,114889.0,112339.0,3250.0,3263.8,3239.8,3251.5,44155650,3576.6,2926.4,4322.95,2866.6,3260.2,71,4,3260.1,37,2,3260.0,285,10,3259.9,67,5,3259.8,181,6,3261.0,111,4,3261.7,45,2,3261.8,6,1,3262.1,111,3,3262.2,62,5
11536,2025-12-30 12:47:04+05:30,3260.2,2,3249.98,985620,114728.0,112514.0,3250.0,3263.8,3239.8,3251.5,44155650,3576.6,2926.4,4322.95,2866.6,3260.2,69,4,3260.1,84,4,3260.0,265,9,3259.9,91,6,3259.8,244,8,3261.0,111,4,3261.6,21,1,3261.7,24,1,3261.8,6,1,3262.1,111,3
11536,2025-12-30 12:47:04+05:30,3260.2,5,3249.98,985620,114728.0,112514.0,3250.0,3263.8,3239.8,3251.5,44155650,3576.6,2926.4,4322.95,2866.6,3260.2,69,4,3260.1,84,4,3260.0,265,9,3259.9,91,6,3259.8,244,8,3261.0,111,4,3261.6,21,1,3261.7,24,1,3261.8,6,1,3262.1,111,3
11536,2025-12-30 12:47:05+05:30,3261.0,1,3249.98,985662,113412.0,112689.0,3250.0,3263.8,3239.8,3251.5,44155650,3576.6,2926.4,4322.95,2866.6,3260.2,20,2,3260.1,37,2,3260.0,280,10,3259.9,40,4,3259.8,244,8,3261.0,108,6,3261.4,21,1,3261.5,24,1,3261.7,9,1,3262.0,92,1
11536,2025-12-30 12:47:05+05:30,3260.2,14,3249.98,985662,113412.0,112689.0,3250.0,3263.8,3239.8,3251.5,44155650,3576.6,2926.4,4322.95,2866.6,3260.2,20,2,3260.1,37,2,3260.0,280,10,3259.9,40,4,3259.8,244,8,3261.0,108,6,3261.4,21,1,3261.5,24,1,3261.7,9,1,3262.0,92,1
11536,2025-12-30 12:47:06+05:30,3260.2,14,3249.98,985779,115269.0,112423.0,3250.0,3263.8,3239.8,3251.5,44155650,3576.6,2926.4,4322.95,2866.6,3260.2,131,7,3260.1,58,3,3260.0,339,11,3259.9,83,5,3259.8,244,8,3261.0,14,7,3261.7,9,1,3262.0,26,2,3262.1,10,1,3262.2,77,5
11536,2025-12-30 12:47:07+05:30,3260.2,13,3249.98,985869,115170.0,112746.0,3250.0,3263.8,3239.8,3251.5,44155650,3576.6,2926.4,4322.95,2866.6,3260.2,70,5,3260.1,37,2,3260.0,339,11,3259.9,131,7,3259.8,244,8,3261.0,16,8,3261.6,21,1,3261.7,18,2,3262.0,5,1,3262.1,102,2
11536,2025-12-30 12:47:07+05:30,3260.2,1,3249.98,985869,115170.0,112746.0,3250.0,3263.8,3239.8,3251.5,44155650,3576.6,2926.4,4322.95,2866.6,3260.2,70,5,3260.1,37,2,3260.0,339,11,3259.9,131,7,3259.8,244,8,3261.0,16,8,3261.6,21,1,3261.7,18,2,3262.0,5,1,3262.1,102,2
11536,2025-12-30 12:47:08+05:30,3260.2,6,3249.98,985912,114600.0,112920.0,3250.0,3263.8,3239.8,3251.5,44155650,3576.6,2926.4,4322.95,2866.6,3260.2,16,4,3260.1,37,2,3260.0,359,12,3259.9,110,6,3259.8,224,7,3261.0,14,8,3261.4,21,1,3261.5,24,1,3261.7,18,2,3262.0,5,1
11536,2025-12-30 12:47:08+05:30,3260.2,6,3249.98,985912,114600.0,112920.0,3250.0,3263.8,3239.8,3251.5,44155650,3576.6,2926.4,4322.95,2866.6,3260.2,16,4,3260.1,37,2,3260.0,359,12,3259.9,110,6,3259.8,224,7,3261.0,14,8,3261.4,21,1,3261.5,24,1,3261.7,18,2,3262.0,5,1
11536,2025-12-30 12:47:09+05:30,3260.2,1,3249.98,985957,114679.0,112920.0,3250.0,3263.8,3239.8,3251.5,44155650,3576.6,2926.4,4322.95,2866.6,3260.2,29,4,3260.1,113,3,3260.0,339,11,3259.9,110,6,3259.8,224,7,3261.0,12,8,3261.4,21,1,3261.5,24,1,3261.7,18,2,3262.0,5,1
11536,2025-12-30 12:47:09+05:30,3260.2,9,3249.98,985957,114679.0,112920.0,3250.0,3263.8,3239.8,3251.5,44155650,3576.6,2926.4,4322.95,2866.6,3260.2,29,4,3260.1,113,3,3260.0,339,11,3259.9,110,6,3259.8,224,7,3261.0,12,8,3261.4,21,1,3261.5,24,1,3261.7,18,2,3262.0,5,1
11536,2025-12-30 12:47:10+05:30,3260.2,2,3249.98,985977,114803.0,112921.0,3250.0,3263.8,3239.8,3251.5,44155650,3576.6,2926.4,4322.95,2866.6,3260.2,37,5,3260.1,194,5,3260.0,339,11,3259.9,110,6,3259.8,244,8,3261.0,13,10,3261.4,21,1,3261.5,24,1,3261.7,18,2,3262.0,5,1
11536,2025-12-30 12:47:10+05:30,3260.2,3,3249.98,985977,114803.0,112921.0,3250.0,3263.8,3239.8,3251.5,44155650,3576.6,2926.4,4322.95,2866.6,3260.2,37,5,3260.1,194,5,3260.0,339,11,3259.9,110,6,3259.8,244,8,3261.0,13,10,3261.4,21,1,3261.5,24,1,3261.7,18,2,3262.0,5,1
11536,2025-12-30 12:47:11+05:30,3262.4,10,3249.99,986206,116755.0,107842.0,3250.0,3263.8,3239.8,3251.5,44155650,3576.6,2926.4,4322.95,2866.6,3261.1,92,1,3261.0,20,1,3260.9,104,2,3260.8,145,5,3260.7,500,5,3262.2,45,2,3262.3,30,2,3262.5,26,1,3262.8,18,2,3262.9,25,2
11536,2025-12-30 12:47:11+05:30,3262.0,2,3249.99,986206,116755.0,107842.0,3250.0,3263.8,3239.8,3251.5,44155650,3576.6,2926.4,4322.95,2866.6,3261.1,92,1,3261.0,20,1,3260.9,104,2,3260.8,145,5,3260.7,500,5,3262.2,45,2,3262.3,30,2,3262.5,26,1,3262.8,18,2,3262.9,25,2
11536,2025-12-30 12:47:12+05:30,3262.0,2,3249.99,986211,117643.0,108520.0,3250.0,3263.8,3239.8,3251.5,44155650,3576.6,2926.4,4322.95,2866.6,3261.1,89,1,3261.0,53,3,3260.9,185,5,3260.8,171,6,3260.7,196,8,3262.0,20,2,3262.1,25,2,3262.2,11,2,3262.3,26,1,3262.5,26,1
11536,2025-12-30 12:47:12+05:30,3262.0,2,3249.99,986211,117643.0,108520.0,3250.0,3263.8,3239.8,3251.5,44155650,3576.6,2926.4,4322.95,2866.6,3261.1,89,1,3261.0,53,3,3260.9,185,5,3260.8,171,6,3260.7,196,8,3262.0,20,2,3262.1,25,2,3262.2,11,2,3262.3,26,1,3262.5,26,1
11536,2025-12-30 12:47:13+05:30,3262.2,2,3249.99,986234,117719.0,109296.0,3250.0,3263.8,3239.8,3251.5,44155650,3576.6,2926.4,4322.95,2866.6,3261.1,95,2,3261.0,36,3,3260.9,171,5,3260.8,174,7,3260.7,202,8,3262.2,31,4,3262.5,26,1,3262.8,18,2,3262.9,36,3,3263.0,2,1
11536,2025-12-30 12:47:13+05:30,3262.2,2,3249.99,986234,117719.0,109296.0,3250.0,3263.8,3239.8,3251.5,44155650,3576.6,2926.4,4322.95,2866.6,3261.1,95,2,3261.0,36,3,3260.9,171,5,3260.8,174,7,3260.7,202,8,3262.2,31,4,3262.5,26,1,3262.8,18,2,3262.9,36,3,3263.0,2,1
11536,2025-12-30 12:47:13+05:30,3261.1,1,3249.99,986234,117719.0,109296.0,3250.0,3263.8,3239.8,3251.5,44155650,3576.6,2926.4,4322.95,2866.6,3261.1,95,2,3261.0,36,3,3260.9,171,5,3260.8,174,7,3260.7,202,8,3262.2,31,4,3262.5,26,1,3262.8,18,2,3262.9,36,3,3263.0,2,1
11536,2025-12-30 12:47:14+05:30,3261.1,1,3249.99,986298,117426.0,108044.0,3250.0,3263.8,3239.8,3251.5,44155650,3576.6,2926.4,4322.95,2866.6,3261.1,31,2,3261.0,36,3,3260.9,110,4,3260.8,98,5,3260.7,141,7,3262.2,30,6,3262.3,6,1,3262.4,7,1,3262.5,26,1,3262.8,18,2
11536,2025-12-30 12:47:14+05:30,3261.1,12,3249.99,986298,117426.0,108044.0,3250.0,3263.8,3239.8,3251.5,44155650,3576.6,2926.4,4322.95,2866.6,3261.1,31,2,3261.0,36,3,3260.9,110,4,3260.8,98,5,3260.7,141,7,3262.2,30,6,3262.3,6,1,3262.4,7,1,3262.5,26,1,3262.8,18,2
11536,2025-12-30 12:47:14+05:30,3261.1,12,3249.99,986298,117426.0,108044.0,3250.0,3263.8,3239.8,3251.5,44155650,3576.6,2926.4,4322.95,2866.6,3261.1,31,2,3261.0,36,3,3260.9,110,4,3260.8,98,5,3260.7,141,7,3262.2,30,6,3262.3,6,1,3262.4,7,1,3262.5,26,1,3262.8,18,2
11536,2025-12-30 12:47:15+05:30,3261.1,5,3249.99,986337,117387.0,108063.0,3250.0,3263.8,3239.8,3251.5,44155650,3576.6,2926.4,4322.95,2866.6,3261.1,14,2,3261.0,32,3,3260.9,94,3,3260.8,98,5,3260.7,139,7,3262.2,47,9,3262.4,24,1,3262.5,35,2,3262.8,9,1,3262.9,119,3
11536,2025-12-30 12:47:15+05:30,3261.1,5,3249.99,986337,117387.0,108063.0,3250.0,3263.8,3239.8,3251.5,44155650,3576.6,2926.4,4322.95,2866.6,3261.1,14,2,3261.0,32,3,3260.9,94,3,3260.8,98,5,3260.7,139,7,3262.2,47,9,3262.4,24,1,3262.5,35,2,3262.8,9,1,3262.9,119,3
11536,2025-12-30 12:47:15+05:30,3261.1,5,3249.99,986337,117387.0,108063.0,3250.0,3263.8,3239.8,3251.5,44155650,3576.6,2926.4,4322.95,2866.6,3261.1,14,2,3261.0,32,3,3260.9,94,3,3260.8,98,5,3260.7,139,7,3262.2,47,9,3262.4,24,1,3262.5,35,2,3262.8,9,1,3262.9,119,3
11536,2025-12-30 12:47:16+05:30,3261.1,5,3249.99,986356,117220.0,110704.0,3250.0,3263.8,3239.8,3251.5,44155650,3576.6,2926.4,4322.95,2866.6,3261.1,5,1,3261.0,23,2,3260.9,258,4,3260.8,98,5,3260.7,139,7,3262.1,57,5,3262.2,52,8,3262.3,9,1,3262.5,26,1,3262.8,9,1
11536,2025-12-30 12:47:16+05:30,3261.1,9,3249.99,986356,117220.0,110704.0,3250.0,3263.8,3239.8,3251.5,44155650,3576.6,2926.4,4322.95,2866.6,3261.1,5,1,3261.0,23,2,3260.9,258,4,3260.8,98,5,3260.7,139,7,3262.1,57,5,3262.2,52,8,3262.3,9,1,3262.5,26,1,3262.8,9,1
11536,2025-12-30 12:47:16+05:30,3261.1,9,3249.99,986356,117220.0,110704.0,3250.0,3263.8,3239.8,3251.5,44155650,3576.6,2926.4,4322.95,2866.6,3261.1,5,1,3261.0,23,2,3260.9,258,4,3260.8,98,5,3260.7,139,7,3262.1,57,5,3262.2,52,8,3262.3,9,1,3262.5,26,1,3262.8,9,1
11536,2025-12-30 12:47:17+05:30,3261.1,5,3249.99,986465,116613.0,110717.0,3250.0,3263.8,3239.8,3251.5,44155650,3576.6,2926.4,4322.95,2866.6,3261.1,2,1,3261.0,23,2,3260.9,149,4,3260.8,247,5,3260.7,133,6,3262.1,54,7,3262.2,30,1,3262.4,9,1,3262.5,35,2,3262.7,9,1
11536,2025-12-30 12:47:17+05:30,3261.0,16,3249.99,986465,116613.0,110717.0,3250.0,3263.8,3239.8,3251.5,44155650,3576.6,2926.4,4322.95,2866.6,3261.1,2,1,3261.0,23,2,3260.9,149,4,3260.8,247,5,3260.7,133,6,3262.1,54,7,3262.2,30,1,3262.4,9,1,3262.5,35,2,3262.7,9,1
11536,2025-12-30 12:47:17+05:30,3261.0,16,3249.99,986465,116613.0,110717.0,3250.0,3263.8,3239.8,3251.5,44155650,3576.6,2926.4,4322.95,2866.6,3261.1,2,1,3261.0,23,2,3260.9,149,4,3260.8,247,5,3260.7,133,6,3262.1,54,7,3262.2,30,1,3262.4,9,1,3262.5,35,2,3262.7,9,1
11536,2025-12-30 12:47:18+05:30,3262.1,1,3249.99,986615,116445.0,110751.0,3250.0,3263.8,3239.8,3251.5,44155650,3576.6,2926.4,4322.95,2866.6,3261.0,114,4,3260.9,174,6,3260.8,49,3,3260.7,185,3,3260.6,106,4,3262.2,60,8,3262.5,35,2,3262.6,5,1,3262.8,11,1,3263.0,100,3
11536,2025-12-30 12:47:18+05:30,3262.1,1,3249.99,986615,116445.0,110751.0,3250.0,3263.8,3239.8,3251.5,44155650,3576.6,2926.4,4322.95,2866.6,3261.0,114,4,3260.9,174,6,3260.8,49,3,3260.7,185,3,3260.6,106,4,3262.2,60,8,3262.5,35,2,3262.6,5,1,3262.8,11,1,3263.0,100,3
11536,2025-12-30 12:47:18+05:30,3261.0,1,3249.99,986615,116445.0,110751.0,3250.0,3263.8,3239.8,3251.5,44155650,3576.6,2926.4,4322.95,2866.6,3261.0,114,4,3260.9,174,6,3260.8,49,3,3260.7,185,3,3260.6,106,4,3262.2,60,8,3262.5,35,2,3262.6,5,1,3262.8,11,1,3263.0,100,3
11536,2025-12-30 12:47:19+05:30,3261.0,1,3249.99,986616,116676.0,111360.0,3250.0,3263.8,3239.8,3251.5,44155650,3576.6,2926.4,4322.95,2866.6,3261.1,26,1,3261.0,286,6,3260.9,183,7,3260.8,52,4,3260.7,60,3,3262.2,62,10,3262.4,11,2,3262.5,26,1,3262.8,11,1,3262.9,92,1
11536,2025-12-30 12:47:19+05:30,3261.0,1,3249.99,986616,116676.0,111360.0,3250.0,3263.8,3239.8,3251.5,44155650,3576.6,2926.4,4322.95,2866.6,3261.1,26,1,3261.0,286,6,3260.9,183,7,3260.8,52,4,3260.7,60,3,3262.2,62,10,3262.4,11,2,3262.5,26,1,3262.8,11,1,3262.9,92,1
11536,2025-12-30 12:47:20+05:30,3261.3,2,3249.99,986679,119127.0,110593.0,3250.0,3263.8,3239.8,3251.5,44155650,3576.6,2926.4,4322.95,2866.6,3261.3,4,1,3261.2,36,2,3261.1,173,5,3261.0,167,5,3260.9,145,5,3262.2,25,6,3262.3,6,1,3262.4,5,1,3262.8,24,1,3263.0,6,1
11536,2025-12-30 12:47:20+05:30,3261.3,2,3249.99,986679,119127.0,110593.0,3250.0,3263.8,3239.8,3251.5,44155650,3576.6,2926.4,4322.95,2866.6,3261.3,4,1,3261.2,36,2,3261.1,173,5,3261.0,167,5,3260.9,145,5,3262.2,25,6,3262.3,6,1,3262.4,5,1,3262.8,24,1,3263.0,6,1
11536,2025-12-30 12:47:20+05:30,3261.3,2,3249.99,986679,119127.0,110593.0,3250.0,3263.8,3239.8,3251.5,44155650,3576.6,2926.4,4322.95,2866.6,3261.3,4,1,3261.2,36,2,3261.1,173,5,3261.0,167,5,3260.9,145,5,3262.2,25,6,3262.3,6,1,3262.4,5,1,3262.8,24,1,3263.0,6,1
11536,2025-12-30 12:47:21+05:30,3261.3,2,3249.99,986679,119127.0,110593.0,3250.0,3263.8,3239.8,3251.5,44155650,3576.6,2926.4,4322.95,2866.6,3261.3,4,1,3261.2,36,2,3261.1,173,5,3261.0,167,5,3260.9,145,5,3262.2,25,6,3262.3,6,1,3262.4,5,1,3262.8,24,1,3263.0,6,1
11536,2025-12-30 12:47:21+05:30,3261.2,1,3249.99,986711,119112.0,111144.0,3250.0,3263.8,3239.8,3251.5,44155650,3576.6,2926.4,4322.95,2866.6,3261.1,102,2,3261.0,187,6,3260.9,176,6,3260.8,87,5,3260.7,450,5,3262.2,23,6,3262.3,6,1,3262.4,5,1,3262.7,24,1,3262.8,9,1
11536,2025-12-30 12:47:21+05:30,3261.2,1,3249.99,986711,119112.0,111144.0,3250.0,3263.8,3239.8,3251.5,44155650,3576.6,2926.4,4322.95,2866.6,3261.1,102,2,3261.0,187,6,3260.9,176,6,3260.8,87,5,3260.7,450,5,3262.2,23,6,3262.3,6,1,3262.4,5,1,3262.7,24,1,3262.8,9,1
11536,2025-12-30 12:47:21+05:30,3261.2,1,3249.99,986711,119112.0,111144.0,3250.0,3263.8,3239.8,3251.5,44155650,3576.6,2926.4,4322.95,2866.6,3261.1,102,2,3261.0,187,6,3260.9,176,6,3260.8,87,5,3260.7,450,5,3262.2,23,6,3262.3,6,1,3262.4,5,1,3262.7,24,1,3262.8,9,1
11536,2025-12-30 12:47:22+05:30,3261.4,5,3249.99,986731,117204.0,108530.0,3250.0,3263.8,3239.8,3251.5,44155650,3576.6,2926.4,4322.95,2866.6,3261.4,77,3,3261.3,61,3,3261.2,59,2,3261.1,126,3,3261.0,187,6,3262.2,25,9,3262.4,5,1,3263.0,9,1,3263.3,2,1,3263.4,40,3
11536,2025-12-30 12:47:22+05:30,3261.4,5,3249.99,986731,117204.0,108530.0,3250.0,3263.8,3239.8,3251.5,44155650,3576.6,2926.4,4322.95,2866.6,3261.4,77,3,3261.3,61,3,3261.2,59,2,3261.1,126,3,3261.0,187,6,3262.2,25,9,3262.4,5,1,3263.0,9,1,3263.3,2,1,3263.4,40,3
11536,2025-12-30 12:47:22+05:30,3261.4,5,3249.99,986731,117204.0,108530.0,3250.0,3263.8,3239.8,3251.5,44155650,3576.6,2926.4,4322.95,2866.6,3261.4,77,3,3261.3,61,3,3261.2,59,2,3261.1,126,3,3261.0,187,6,3262.2,25,9,3262.4,5,1,3263.0,9,1,3263.3,2,1,3263.4,40,3
11536,2025-12-30 12:47:23+05:30,3261.2,9,3249.99,986744,118880.0,109620.0,3250.0,3263.8,3239.8,3251.5,44155650,3576.6,2926.4,4322.95,2866.6,3261.2,65,4,3261.1,107,3,3261.0,197,5,3260.9,146,5,3260.8,40,4,3261.4,2,2,3262.0,10,1,3262.2,23,7,3262.4,5,1,3262.8,27,2
11536,2025-12-30 12:47:23+05:30,3261.4,1,3249.99,986744,118880.0,109620.0,3250.0,3263.8,3239.8,3251.5,44155650,3576.6,2926.4,4322.95,2866.6,3261.2,65,4,3261.1,107,3,3261.0,197,5,3260.9,146,5,3260.8,40,4,3261.4,2,2,3262.0,10,1,3262.2,23,7,3262.4,5,1,3262.8,27,2
11536,2025-12-30 12:47:23+05:30,3261.4,1,3249.99,986744,118880.0,109620.0,3250.0,3263.8,3239.8,3251.5,44155650,3576.6,2926.4,4322.95,2866.6,3261.2,65,4,3261.1,107,3,3261.0,197,5,3260.9,146,5,3260.8,40,4,3261.4,2,2,3262.0,10,1,3262.2,23,7,3262.4,5,1,3262.8,27,2
11536,2025-12-30 12:47:24+05:30,3261.2,6,3249.99,986764,119021.0,109737.0,3250.0,3263.8,3239.8,3251.5,44155650,3576.6,2926.4,4322.95,2866.6,3261.2,118,3,3261.1,32,3,3261.0,218,6,3260.9,170,6,3260.8,58,5,3261.4,7,7,3262.0,10,1,3262.2,19,3,3262.4,5,1,3262.8,27,2
11536,2025-12-30 12:47:24+05:30,3261.2,1,3249.99,986764,119021.0,109737.0,3250.0,3263.8,3239.8,3251.5,44155650,3576.6,2926.4,4322.95,2866.6,3261.2,118,3,3261.1,32,3,3261.0,218,6,3260.9,170,6,3260.8,58,5,3261.4,7,7,3262.0,10,1,3262.2,19,3,3262.4,5,1,3262.8,27,2
11536,2025-12-30 12:47:25+05:30,3261.2,3,3249.99,986780,119129.0,109550.0,3250.0,3263.8,3239.8,3251.5,44155650,3576.6,2926.4,4322.95,2866.6,3261.2,166,4,3261.1,58,4,3261.0,218,6,3260.9,170,6,3260.8,58,5,3261.4,9,9,3262.0,10,1,3262.2,17,1,3262.4,5,1,3262.8,27,2
11536,2025-12-30 12:47:25+05:30,3261.2,3,3249.99,986780,119129.0,109550.0,3250.0,3263.8,3239.8,3251.5,44155650,3576.6,2926.4,4322.95,2866.6,3261.2,166,4,3261.1,58,4,3261.0,218,6,3260.9,170,6,3260.8,58,5,3261.4,9,9,3262.0,10,1,3262.2,17,1,3262.4,5,1,3262.8,27,2
11536,2025-12-30 12:47:25+05:30,3261.2,2,3249.99,986780,119129.0,109550.0,3250.0,3263.8,3239.8,3251.5,44155650,3576.6,2926.4,4322.95,2866.6,3261.2,166,4,3261.1,58,4,3261.0,218,6,3260.9,170,6,3260.8,58,5,3261.4,9,9,3262.0,10,1,3262.2,17,1,3262.4,5,1,3262.8,27,2
11536,2025-12-30 12:47:26+05:30,3261.5,3,3250.0,986877,117585.0,109022.0,3250.0,3263.8,3239.8,3251.5,44155650,3576.6,2926.4,4322.95,2866.6,3261.4,24,2,3261.3,40,2,3261.2,212,6,3261.1,80,4,3261.0,233,5,3262.7,62,5,3262.8,6,1,3262.9,27,1,3263.0,18,2,3263.1,44,3
11536,2025-12-30 12:47:26+05:30,3261.5,3,3250.0,986877,117585.0,109022.0,3250.0,3263.8,3239.8,3251.5,44155650,3576.6,2926.4,4322.95,2866.6,3261.4,24,2,3261.3,40,2,3261.2,212,6,3261.1,80,4,3261.0,233,5,3262.7,62,5,3262.8,6,1,3262.9,27,1,3263.0,18,2,3263.1,44,3
11536,2025-12-30 12:47:26+05:30,3261.5,3,3250.0,986877,117585.0,109022.0,3250.0,3263.8,3239.8,3251.5,44155650,3576.6,2926.4,4322.95,2866.6,3261.4,24,2,3261.3,40,2,3261.2,212,6,3261.1,80,4,3261.0,233,5,3262.7,62,5,3262.8,6,1,3262.9,27,1,3263.0,18,2,3263.1,44,3
11536,2025-12-30 12:47:27+05:30,3261.4,16,3250.0,986915,117748.0,110063.0,3250.0,3263.8,3239.8,3251.5,44155650,3576.6,2926.4,4322.95,2866.6,3261.3,80,1,3261.2,55,2,3261.1,12,1,3261.0,174,3,3260.9,132,5,3261.4,8,1,3262.7,64,7,3262.9,36,2,3263.0,123,3,3263.1,44,3
11536,2025-12-30 12:47:27+05:30,3261.3,15,3250.0,986915,117748.0,110063.0,3250.0,3263.8,3239.8,3251.5,44155650,3576.6,2926.4,4322.95,2866.6,3261.3,80,1,3261.2,55,2,3261.1,12,1,3261.0,174,3,3260.9,132,5,3261.4,8,1,3262.7,64,7,3262.9,36,2,3263.0,123,3,3263.1,44,3
11536,2025-12-30 12:47:28+05:30,3261.3,1,3250.0,986915,117748.0,110063.0,3250.0,3263.8,3239.8,3251.5,44155650,3576.6,2926.4,4322.95,2866.6,3261.3,80,1,3261.2,55,2,3261.1,12,1,3261.0,174,3,3260.9,132,5,3261.4,8,1,3262.7,64,7,3262.9,36,2,3263.0,123,3,3263.1,44,3
11536,2025-12-30 12:47:28+05:30,3261.3,1,3250.0,986978,117259.0,110105.0,3250.0,3263.8,3239.8,3251.5,44155650,3576.6,2926.4,4322.95,2866.6,3261.3,67,4,3261.2,55,2,3261.1,12,1,3261.0,197,4,3260.9,144,6,3261.4,24,8,3262.1,24,1,3262.6,7,1,3262.7,39,4,3262.9,27,1
11536,2025-12-30 12:47:28+05:30,3261.3,1,3250.0,986978,117259.0,110105.0,3250.0,3263.8,3239.8,3251.5,44155650,3576.6,2926.4,4322.95,2866.6,3261.3,67,4,3261.2,55,2,3261.1,12,1,3261.0,197,4,3260.9,144,6,3261.4,24,8,3262.1,24,1,3262.6,7,1,3262.7,39,4,3262.9,27,1
11536,2025-12-30 12:47:29+05:30,3261.3,1,3250.0,986978,117259.0,110105.0,3250.0,3263.8,3239.8,3251.5,44155650,3576.6,2926.4,4322.95,2866.6,3261.3,67,4,3261.2,55,2,3261.1,12,1,3261.0,197,4,3260.9,144,6,3261.4,24,8,3262.1,24,1,3262.6,7,1,3262.7,39,4,3262.9,27,1
11536,2025-12-30 12:47:29+05:30,3261.3,1,3250.0,987035,117678.0,109775.0,3250.0,3263.8,3239.8,3251.5,44155650,3576.6,2926.4,4322.95,2866.6,3261.3,134,5,3261.2,55,2,3261.1,28,2,3261.0,214,5,3260.9,144,6,3261.4,16,8,3262.1,24,1,3262.6,7,1,3262.7,36,2,3262.9,27,1
11536,2025-12-30 12:47:30+05:30,3261.3,1,3250.0,987035,117678.0,109775.0,3250.0,3263.8,3239.8,3251.5,44155650,3576.6,2926.4,4322.95,2866.6,3261.3,134,5,3261.2,55,2,3261.1,28,2,3261.0,214,5,3260.9,144,6,3261.4,16,8,3262.1,24,1,3262.6,7,1,3262.7,36,2,3262.9,27,1
11536,2025-12-30 12:47:30+05:30,3261.3,1,3250.0,987059,118060.0,109528.0,3250.0,3263.8,3239.8,3251.5,44155650,3576.6,2926.4,4322.95,2866.6,3261.3,110,5,3261.2,106,4,3261.1,28,2,3261.0,235,6,3260.9,144,6,3261.4,14,7,3262.1,24,1,3262.6,7,1,3262.7,36,2,3262.9,27,1
11536,2025-12-30 12:47:30+05:30,3261.3,1,3250.0,987059,118060.0,109528.0,3250.0,3263.8,3239.8,3251.5,44155650,3576.6,2926.4,4322.95,2866.6,3261.3,110,5,3261.2,106,4,3261.1,28,2,3261.0,235,6,3260.9,144,6,3261.4,14,7,3262.1,24,1,3262.6,7,1,3262.7,36,2,3262.9,27,1
11536,2025-12-30 12:47:31+05:30,3262.6,2,3250.0,987059,118060.0,109528.0,3250.0,3263.8,3239.8,3251.5,44155650,3576.6,2926.4,4322.95,2866.6,3261.3,110,5,3261.2,106,4,3261.1,28,2,3261.0,235,6,3260.9,144,6,3261.4,14,7,3262.1,24,1,3262.6,7,1,3262.7,36,2,3262.9,27,1
11536,2025-12-30 12:47:31+05:30,3262.6,2,3250.0,987059,118060.0,109528.0,3250.0,3263.8,3239.8,3251.5,44235100,3576.6,2926.4,4322.95,2866.6,3261.3,110,5,3261.2,106,4,3261.1,28,2,3261.0,235,6,3260.9,144,6,3261.4,14,7,3262.1,24,1,3262.6,7,1,3262.7,36,2,3262.9,27,1
11536,2025-12-30 12:47:31+05:30,3262.6,2,3250.0,987117,118464.0,109228.0,3250.0,3263.8,3239.8,3251.5,44235100,3576.6,2926.4,4322.95,2866.6,3261.6,21,1,3261.4,362,7,3261.3,129,7,3261.2,232,7,3261.1,501,6,3262.6,8,2,3262.7,29,3,3262.8,24,1,3262.9,27,1,3263.1,28,2
11536,2025-12-30 12:47:32+05:30,3262.6,2,3250.0,987117,119695.0,107899.0,3250.0,3263.8,3239.8,3251.5,44235100,3576.6,2926.4,4322.95,2866.6,3261.6,32,3,3261.5,100,3,3261.4,362,7,3261.3,142,9,3261.2,613,9,3262.6,5,2,3262.7,3,2,3262.8,24,1,3262.9,36,2,3263.1,17,1
11536,2025-12-30 12:47:33+05:30,3261.6,17,3250.0,987136,120522.0,109753.0,3250.0,3263.8,3239.8,3251.5,44235100,3576.6,2926.4,4322.95,2866.6,3261.6,17,4,3261.5,63,3,3261.4,131,5,3261.3,168,9,3261.2,248,8,3262.0,5,1,3262.6,3,3,3262.7,1,1,3262.9,27,1,3263.0,11,2
11536,2025-12-30 12:47:33+05:30,3261.6,17,3250.0,987136,120522.0,109753.0,3250.0,3263.8,3239.8,3251.5,44235100,3576.6,2926.4,4322.95,2866.6,3261.6,17,4,3261.5,63,3,3261.4,131,5,3261.3,168,9,3261.2,248,8,3262.0,5,1,3262.6,3,3,3262.7,1,1,3262.9,27,1,3263.0,11,2
11536,2025-12-30 12:47:33+05:30,3261.6,17,3250.0,987136,120522.0,109753.0,3250.0,3263.8,3239.8,3251.5,44235100,3576.6,2926.4,4322.95,2866.6,3261.6,17,4,3261.5,63,3,3261.4,131,5,3261.3,168,9,3261.2,248,8,3262.0,5,1,3262.6,3,3,3262.7,1,1,3262.9,27,1,3263.0,11,2
11536,2025-12-30 12:47:34+05:30,3261.6,4,3250.0,987136,120522.0,109753.0,3250.0,3263.8,3239.8,3251.5,44235100,3576.6,2926.4,4322.95,2866.6,3261.6,17,4,3261.5,63,3,3261.4,131,5,3261.3,168,9,3261.2,248,8,3262.0,5,1,3262.6,3,3,3262.7,1,1,3262.9,27,1,3263.0,11,2
11536,2025-12-30 12:47:34+05:30,3261.6,1,3250.0,987146,120196.0,109904.0,3250.0,3263.8,3239.8,3251.5,44235100,3576.6,2926.4,4322.95,2866.6,3261.6,2,2,3261.5,50,2,3261.4,131,5,3261.3,111,5,3261.2,151,5,3262.0,7,3,3262.5,2,1,3262.6,2,2,3262.9,27,1,3263.0,79,2
11536,2025-12-30 12:47:35+05:30,3261.6,1,3250.0,987146,120196.0,109904.0,3250.0,3263.8,3239.8,3251.5,44235100,3576.6,2926.4,4322.95,2866.6,3261.6,2,2,3261.5,50,2,3261.4,131,5,3261.3,111,5,3261.2,151,5,3262.0,7,3,3262.5,2,1,3262.6,2,2,3262.9,27,1,3263.0,79,2
11536,2025-12-30 12:47:35+05:30,3262.0,1,3250.0,987155,119861.0,109839.0,3250.0,3263.8,3239.8,3251.5,44235100,3576.6,2926.4,4322.95,2866.6,3261.6,45,3,3261.5,26,1,3261.4,131,5,3261.3,111,5,3261.2,175,6,3262.0,7,5,3262.8,2,1,3262.9,27,1,3263.0,79,2,3263.1,17,1
11536,2025-12-30 12:47:36+05:30,3261.6,3,3250.0,987155,119861.0,109839.0,3250.0,3263.8,3239.8,3251.5,44235100,3576.6,2926.4,4322.95,2866.6,3261.6,45,3,3261.5,26,1,3261.4,131,5,3261.3,111,5,3261.2,175,6,3262.0,7,5,3262.8,2,1,3262.9,27,1,3263.0,79,2,3263.1,17,1
11536,2025-12-30 12:47:36+05:30,3261.6,3,3250.0,987161,118608.0,110025.0,3250.0,3263.8,3239.8,3251.5,44235100,3576.6,2926.4,4322.95,2866.6,3261.6,39,3,3261.5,26,1,3261.4,131,5,3261.3,111,5,3261.2,151,5,3262.0,9,7,3262.8,2,1,3262.9,27,1,3263.0,79,2,3263.1,17,1
11536,2025-12-30 12:47:37+05:30,3261.6,3,3250.0,987161,118608.0,110025.0,3250.0,3263.8,3239.8,3251.5,44235100,3576.6,2926.4,4322.95,2866.6,3261.6,39,3,3261.5,26,1,3261.4,131,5,3261.3,111,5,3261.2,151,5,3262.0,9,7,3262.8,2,1,3262.9,27,1,3263.0,79,2,3263.1,17,1
11536,2025-12-30 12:47:37+05:30,3261.6,5,3250.0,987220,119253.0,110102.0,3250.0,3263.8,3239.8,3251.5,44235100,3576.6,2926.4,4322.95,2866.6,3261.4,47,4,3261.3,129,6,3261.2,125,4,3261.1,329,3,3261.0,233,7,3261.6,7,4,3262.0,8,6,3262.8,11,2,3262.9,27,1,3263.0,79,2
11536,2025-12-30 12:47:38+05:30,3262.0,1,3250.0,987220,119253.0,110102.0,3250.0,3263.8,3239.8,3251.5,44235100,3576.6,2926.4,4322.95,2866.6,3261.4,47,4,3261.3,129,6,3261.2,125,4,3261.1,329,3,3261.0,233,7,3261.6,7,4,3262.0,8,6,3262.8,11,2,3262.9,27,1,3263.0,79,2
11536,2025-12-30 12:47:38+05:30,3262.0,1,3250.0,987275,119171.0,109121.0,3250.0,3263.8,3239.8,3251.5,44235100,3576.6,2926.4,4322.95,2866.6,3261.8,47,3,3261.7,58,2,3261.6,67,3,3261.5,329,6,3261.4,219,9,3262.9,60,2,3263.0,73,3,3263.3,24,1,3263.6,98,2,3263.7,9,1
11536,2025-12-30 12:47:39+05:30,3262.9,1,3250.0,987275,119171.0,109121.0,3250.0,3263.8,3239.8,3251.5,44235100,3576.6,2926.4,4322.95,2866.6,3261.8,47,3,3261.7,58,2,3261.6,67,3,3261.5,329,6,3261.4,219,9,3262.9,60,2,3263.0,73,3,3263.3,24,1,3263.6,98,2,3263.7,9,1
11536,2025-12-30 12:47:39+05:30,3261.8,2,3250.0,987335,118161.0,108771.0,3250.0,3263.8,3239.8,3251.5,44235100,3576.6,2926.4,4322.95,2866.6,3261.8,9,1,3261.7,42,1,3261.6,240,4,3261.5,171,5,3261.4,559,9,3262.9,45,3,3263.0,73,3,3263.2,9,1,3263.3,24,1,3263.5,17,1
11536,2025-12-30 12:47:40+05:30,3261.8,1,3250.0,987335,118161.0,108771.0,3250.0,3263.8,3239.8,3251.5,44235100,3576.6,2926.4,4322.95,2866.6,3261.8,9,1,3261.7,42,1,3261.6,240,4,3261.5,171,5,3261.4,559,9,3262.9,45,3,3263.0,73,3,3263.2,9,1,3263.3,24,1,3263.5,17,1
11536,2025-12-30 12:47:40+05:30,3261.8,1,3250.0,987346,118511.0,109803.0,3250.0,3263.8,3239.8,3251.5,44235100,3576.6,2926.4,4322.95,2866.6,3261.6,3,1,3261.5,24,2,3261.4,87,6,3261.3,111,6,3261.2,107,4,3261.8,2,1,3262.7,2,1,3262.8,27,4,3262.9,46,4,3263.0,71,2
11536,2025-12-30 12:47:41+05:30,3261.4,1,3250.0,987346,118511.0,109803.0,3250.0,3263.8,3239.8,3251.5,44235100,3576.6,2926.4,4322.95,2866.6,3261.6,3,1,3261.5,24,2,3261.4,87,6,3261.3,111,6,3261.2,107,4,3261.8,2,1,3262.7,2,1,3262.8,27,4,3262.9,46,4,3263.0,71,2
11536,2025-12-30 12:47:41+05:30,3261.4,1,3250.0,987368,118128.0,107668.0,3250.0,3263.8,3239.8,3251.5,44235100,3576.6,2926.4,4322.95,2866.6,3261.4,4,1,3261.3,125,6,3261.2,69,3,3261.1,44,3,3261.0,243,8,3261.5,1,1,3261.6,52,2,3261.8,4,3,3262.0,58,1,3262.5,2,1
11536,2025-12-30 12:47:42+05:30,3261.5,1,3250.0,987368,118128.0,107668.0,3250.0,3263.8,3239.8,3251.5,44235100,3576.6,2926.4,4322.95,2866.6,3261.4,4,1,3261.3,125,6,3261.2,69,3,3261.1,44,3,3261.0,243,8,3261.5,1,1,3261.6,52,2,3261.8,4,3,3262.0,58,1,3262.5,2,1
11536,2025-12-30 12:47:42+05:30,3261.5,1,3250.0,987392,117209.0,111243.0,3250.0,3263.8,3239.8,3251.5,44235100,3576.6,2926.4,4322.95,2866.6,3261.4,5,1,3261.3,101,5,3261.2,50,2,3261.1,44,3,3261.0,237,7,3261.5,3,3,3261.6,52,2,3261.8,2,2,3262.0,61,2,3262.3,25,1
11536,2025-12-30 12:47:43+05:30,3261.4,10,3250.0,987392,117209.0,111243.0,3250.0,3263.8,3239.8,3251.5,44235100,3576.6,2926.4,4322.95,2866.6,3261.4,5,1,3261.3,101,5,3261.2,50,2,3261.1,44,3,3261.0,237,7,3261.5,3,3,3261.6,52,2,3261.8,2,2,3262.0,61,2,3262.3,25,1
11536,2025-12-30 12:47:43+05:30,3261.4,10,3250.0,987415,118325.0,111265.0,3250.0,3263.8,3239.8,3251.5,44235100,3576.6,2926.4,4322.95,2866.6,3261.3,62,3,3261.2,28,1,3261.1,28,2,3261.0,198,5,3260.9,145,6,3261.4,2,1,3261.5,7,7,3261.8,1,1,3261.9,3,1,3262.0,58,1
11536,2025-12-30 12:47:44+05:30,3261.3,3,3250.0,987415,118325.0,111265.0,3250.0,3263.8,3239.8,3251.5,44235100,3576.6,2926.4,4322.95,2866.6,3261.3,62,3,3261.2,28,1,3261.1,28,2,3261.0,198,5,3260.9,145,6,3261.4,2,1,3261.5,7,7,3261.8,1,1,3261.9,3,1,3262.0,58,1
11536,2025-12-30 12:47:44+05:30,3261.3,7,3250.0,987434,118150.0,111149.0,3250.0,3263.8,3239.8,3251.5,44235100,3576.6,2926.4,4322.95,2866.6,3261.3,52,3,3261.2,28,1,3261.1,44,3,3261.0,216,6,3260.9,129,5,3261.4,7,6,3261.5,4,4,3262.0,58,1,3262.7,9,1,3262.8,3,1
11536,2025-12-30 12:47:45+05:30,3261.3,2,3250.0,987434,118150.0,111149.0,3250.0,3263.8,3239.8,3251.5,44235100,3576.6,2926.4,4322.95,2866.6,3261.3,52,3,3261.2,28,1,3261.1,44,3,3261.0,216,6,3260.9,129,5,3261.4,7,6,3261.5,4,4,3262.0,58,1,3262.7,9,1,3262.8,3,1
11536,2025-12-30 12:47:45+05:30,3261.1,4,3250.0,987546,118033.0,111974.0,3250.0,3263.8,3239.8,3251.5,44235100,3576.6,2926.4,4322.95,2866.6,3261.0,191,5,3260.9,93,5,3260.8,83,6,3260.7,91,4,3260.6,95,5,3261.2,1,1,3261.3,8,4,3261.4,7,7,3261.5,1,1,3262.0,58,1
11536,2025-12-30 12:47:46+05:30,3261.4,2,3250.0,987546,118033.0,111974.0,3250.0,3263.8,3239.8,3251.5,44235100,3576.6,2926.4,4322.95,2866.6,3261.0,191,5,3260.9,93,5,3260.8,83,6,3260.7,91,4,3260.6,95,5,3261.2,1,1,3261.3,8,4,3261.4,7,7,3261.5,1,1,3262.0,58,1
11536,2025-12-30 12:47:46+05:30,3261.4,9,3250.0,987713,118963.0,110305.0,3250.0,3263.8,3239.8,3251.5,44235100,3576.6,2926.4,4322.95,2866.6,3261.4,114,6,3261.3,32,3,3261.2,71,3,3261.1,80,6,3261.0,652,10,3261.8,5,1,3262.0,63,3,3262.9,44,2,3263.0,70,1,3263.2,15,1
11536,2025-12-30 12:47:47+05:30,3262.9,24,3250.0,987713,118963.0,110305.0,3250.0,3263.8,3239.8,3251.5,44235100,3576.6,2926.4,4322.95,2866.6,3261.4,114,6,3261.3,32,3,3261.2,71,3,3261.1,80,6,3261.0,652,10,3261.8,5,1,3262.0,63,3,3262.9,44,2,3263.0,70,1,3263.2,15,1
11536,2025-12-30 12:47:47+05:30,3262.9,3,3250.01,987919,117689.0,110121.0,3250.0,3263.8,3239.8,3251.5,44235100,3576.6,2926.4,4322.95,2866.6,3261.5,261,5,3261.4,223,7,3261.3,136,4,3261.2,233,8,3261.1,544,11,3262.8,27,2,3262.9,41,3,3263.0,70,1,3263.2,24,2,3263.4,92,1
11536,2025-12-30 12:47:48+05:30,3262.9,3,3250.01,987919,117689.0,110121.0,3250.0,3263.8,3239.8,3251.5,44235100,3576.6,2926.4,4322.95,2866.6,3261.5,261,5,3261.4,223,7,3261.3,136,4,3261.2,233,8,3261.1,544,11,3262.8,27,2,3262.9,41,3,3263.0,70,1,3263.2,24,2,3263.4,92,1
11536,2025-12-30 12:47:48+05:30,3261.5,1,3250.01,987921,120233.0,110113.0,3250.0,3263.8,3239.8,3251.5,44235100,3576.6,2926.4,4322.95,2866.6,3261.5,98,1,3261.4,119,6,3261.3,166,6,3261.2,57,2,3261.1,471,10,3261.8,1,1,3262.8,33,4,3262.9,41,3,3263.0,70,1,3263.2,15,1
11536,2025-12-30 12:47:49+05:30,3261.5,1,3250.01,987921,120233.0,110113.0,3250.0,3263.8,3239.8,3251.5,44235100,3576.6,2926.4,4322.95,2866.6,3261.5,98,1,3261.4,119,6,3261.3,166,6,3261.2,57,2,3261.1,471,10,3261.8,1,1,3262.8,33,4,3262.9,41,3,3263.0,70,1,3263.2,15,1
11536,2025-12-30 12:47:49+05:30,3261.5,1,3250.01,987921,119596.0,110280.0,3250.0,3263.8,3239.8,3251.5,44235100,3576.6,2926.4,4322.95,2866.6,3261.5,99,2,3261.4,119,6,3261.3,141,5,3261.2,57,2,3261.1,122,8,3261.8,2,2,3262.8,33,4,3262.9,41,3,3263.0,70,1,3263.2,117,3
11536,2025-12-30 12:47:50+05:30,3262.8,1,3250.01,987921,119596.0,110280.0,3250.0,3263.8,3239.8,3251.5,44235100,3576.6,2926.4,4322.95,2866.6,3261.5,99,2,3261.4,119,6,3261.3,141,5,3261.2,57,2,3261.1,122,8,3261.8,2,2,3262.8,33,4,3262.9,41,3,3263.0,70,1,3263.2,117,3
11536,2025-12-30 12:47:50+05:30,3262.8,1,3250.01,987960,118880.0,109790.0,3250.0,3263.8,3239.8,3251.5,44235100,3576.6,2926.4,4322.95,2866.6,3261.6,21,1,3261.5,244,3,3261.4,183,5,3261.3,138,4,3261.2,467,5,3262.8,35,6,3262.9,41,3,3263.0,70,1,3263.1,9,1,3263.2,15,1
11536,2025-12-30 12:47:51+05:30,3262.8,3,3250.01,987960,118880.0,109790.0,3250.0,3263.8,3239.8,3251.5,44235100,3576.6,2926.4,4322.95,2866.6,3261.6,21,1,3261.5,244,3,3261.4,183,5,3261.3,138,4,3261.2,467,5,3262.8,35,6,3262.9,41,3,3263.0,70,1,3263.1,9,1,3263.2,15,1
11536,2025-12-30 12:47:51+05:30,3262.8,1,3250.01,987981,118836.0,109808.0,3250.0,3263.8,3239.8,3251.5,44235100,3576.6,2926.4,4322.95,2866.6,3261.6,4,1,3261.5,251,4,3261.4,183,5,3261.3,138,4,3261.2,467,5,3262.8,68,9,3262.9,26,2,3263.0,70,1,3263.1,9,1,3263.2,15,1
11536,2025-12-30 12:47:52+05:30,3261.6,1,3250.01,987981,118836.0,109808.0,3250.0,3263.8,3239.8,3251.5,44235100,3576.6,2926.4,4322.95,2866.6,3261.6,4,1,3261.5,251,4,3261.4,183,5,3261.3,138,4,3261.2,467,5,3262.8,68,9,3262.9,26,2,3263.0,70,1,3263.1,9,1,3263.2,15,1
11536,2025-12-30 12:47:52+05:30,3261.6,1,3250.01,987994,119230.0,109742.0,3250.0,3263.8,3239.8,3251.5,44235100,3576.6,2926.4,4322.95,2866.6,3261.5,213,3,3261.4,129,3,3261.3,156,4,3261.2,108,4,3261.1,462,9,3262.8,69,11,3262.9,26,2,3263.0,70,1,3263.1,11,2,3263.2,15,1
11536,2025-12-30 12:47:53+05:30,3261.6,5,3250.01,987994,119230.0,109742.0,3250.0,3263.8,3239.8,3251.5,44235100,3576.6,2926.4,4322.95,2866.6,3261.5,213,3,3261.4,129,3,3261.3,156,4,3261.2,108,4,3261.1,462,9,3262.8,69,11,3262.9,26,2,3263.0,70,1,3263.1,11,2,3263.2,15,1
11536,2025-12-30 12:47:53+05:30,3261.6,5,3250.01,988004,118973.0,111033.0,3250.0,3263.8,3239.8,3251.5,44235100,3576.6,2926.4,4322.95,2866.6,3261.6,20,1,3261.5,59,2,3261.4,129,3,3261.3,95,3,3261.2,108,4,3262.7,57,4,3262.8,44,9,3262.9,26,2,3263.0,70,1,3263.1,11,2
11536,2025-12-30 12:47:54+05:30,3261.6,4,3250.01,988004,118973.0,111033.0,3250.0,3263.8,3239.8,3251.5,44235100,3576.6,2926.4,4322.95,2866.6,3261.6,20,1,3261.5,59,2,3261.4,129,3,3261.3,95,3,3261.2,108,4,3262.7,57,4,3262.8,44,9,3262.9,26,2,3263.0,70,1,3263.1,11,2
11536,2025-12-30 12:47:54+05:30,3261.6,4,3250.01,988013,118767.0,110327.0,3250.0,3263.8,3239.8,3251.5,44235100,3576.6,2926.4,4322.95,2866.6,3261.6,37,2,3261.5,59,2,3261.4,154,4,3261.3,131,4,3261.2,408,4,3262.6,3,3,3262.7,14,1,3262.8,43,7,3262.9,26,2,3263.0,70,1
11536,2025-12-30 12:47:55+05:30,3261.6,3,3250.01,988013,118767.0,110327.0,3250.0,3263.8,3239.8,3251.5,44235100,3576.6,2926.4,4322.95,2866.6,3261.6,37,2,3261.5,59,2,3261.4,154,4,3261.3,131,4,3261.2,408,4,3262.6,3,3,3262.7,14,1,3262.8,43,7,3262.9,26,2,3263.0,70,1
11536,2025-12-30 12:47:55+05:30,3261.6,3,3250.01,988024,118598.0,110354.0,3250.0,3263.8,3239.8,3251.5,44235100,3576.6,2926.4,4322.95,2866.6,3261.6,2,1,3261.5,59,2,3261.4,129,3,3261.3,122,3,3261.2,95,4,3262.6,8,7,3262.7,39,2,3262.8,40,5,3262.9,26,2,3263.0,70,1
11536,2025-12-30 12:47:56+05:30,3261.5,1,3250.01,988024,118598.0,110354.0,3250.0,3263.8,3239.8,3251.5,44235100,3576.6,2926.4,4322.95,2866.6,3261.6,2,1,3261.5,59,2,3261.4,129,3,3261.3,122,3,3261.2,95,4,3262.6,8,7,3262.7,39,2,3262.8,40,5,3262.9,26,2,3263.0,70,1
11536,2025-12-30 12:47:56+05:30,3261.6,1,3250.01,988033,120239.0,109089.0,3250.0,3263.8,3239.8,3251.5,44235100,3576.6,2926.4,4322.95,2866.6,3261.5,125,5,3261.4,250,6,3261.3,215,6,3261.2,504,5,3261.1,185,10,3262.6,4,4,3262.7,14,1,3262.8,39,4,3262.9,2,1,3263.0,70,1
11536,2025-12-30 12:47:57+05:30,3261.6,2,3250.01,988033,120239.0,109089.0,3250.0,3263.8,3239.8,3251.5,44235100,3576.6,2926.4,4322.95,2866.6,3261.5,125,5,3261.4,250,6,3261.3,215,6,3261.2,504,5,3261.1,185,10,3262.6,4,4,3262.7,14,1,3262.8,39,4,3262.9,2,1,3263.0,70,1
11536,2025-12-30 12:47:57+05:30,3261.6,2,3250.01,988118,118717.0,111571.0,3250.0,3263.8,3239.8,3251.5,44235100,3576.6,2926.4,4322.95,2866.6,3261.6,17,1,3261.5,125,3,3261.4,128,3,3261.3,122,3,3261.2,64,2,3262.5,52,4,3262.6,26,7,3262.8,38,3,3262.9,26,3,3263.0,70,1
11536,2025-12-30 12:47:58+05:30,3261.6,1,3250.01,988118,118717.0,111571.0,3250.0,3263.8,3239.8,3251.5,44235100,3576.6,2926.4,4322.95,2866.6,3261.6,17,1,3261.5,125,3,3261.4,128,3,3261.3,122,3,3261.2,64,2,3262.5,52,4,3262.6,26,7,3262.8,38,3,3262.9,26,3,3263.0,70,1
11536,2025-12-30 12:47:58+05:30,3261.6,2,3250.01,988124,118859.0,111706.0,3250.0,3263.8,3239.8,3251.5,44235100,3576.6,2926.4,4322.95,2866.6,3261.6,12,2,3261.5,125,3,3261.4,128,3,3261.3,119,2,3261.2,211,3,3262.5,32,5,3262.6,26,5,3262.8,38,3,3262.9,26,3,3263.0,70,1
11536,2025-12-30 12:47:59+05:30,3261.6,3,3250.01,988124,118859.0,111706.0,3250.0,3263.8,3239.8,3251.5,44235100,3576.6,2926.4,4322.95,2866.6,3261.6,12,2,3261.5,125,3,3261.4,128,3,3261.3,119,2,3261.2,211,3,3262.5,32,5,3262.6,26,5,3262.8,38,3,3262.9,26,3,3263.0,70,1
11536,2025-12-30 12:47:59+05:30,3261.6,3,3250.01,988138,118747.0,111564.0,3250.0,3263.8,3239.8,3251.5,44235100,3576.6,2926.4,4322.95,2866.6,3261.5,100,2,3261.4,46,3,3261.3,93,2,3261.2,63,4,3261.1,92,5,3261.6,3,1,3262.5,48,8,3262.6,2,1,3262.8,38,3,3262.9,16,2
11536,2025-12-30 12:48:00+05:30,3261.5,13,3250.01,988138,118747.0,111564.0,3250.0,3263.8,3239.8,3251.5,44235100,3576.6,2926.4,4322.95,2866.6,3261.5,100,2,3261.4,46,3,3261.3,93,2,3261.2,63,4,3261.1,92,5,3261.6,3,1,3262.5,48,8,3262.6,2,1,3262.8,38,3,3262.9,16,2
11536,2025-12-30 12:48:00+05:30,3261.5,13,3250.01,988162,119094.0,111423.0,3250.0,3263.8,3239.8,3251.5,44235100,3576.6,2926.4,4322.95,2866.6,3261.5,135,3,3261.4,46,3,3261.3,93,2,3261.2,97,5,3261.1,76,5,3261.6,6,4,3262.5,46,6,3262.8,47,4,3262.9,2,1,3263.0,170,2
11536,2025-12-30 12:48:01+05:30,3261.5,6,3250.01,988162,119094.0,111423.0,3250.0,3263.8,3239.8,3251.5,44235100,3576.6,2926.4,4322.95,2866.6,3261.5,135,3,3261.4,46,3,3261.3,93,2,3261.2,97,5,3261.1,76,5,3261.6,6,4,3262.5,46,6,3262.8,47,4,3262.9,2,1,3263.0,170,2
11536,2025-12-30 12:48:01+05:30,3261.5,6,3250.01,988173,120362.0,111837.0,3250.0,3263.8,3239.8,3251.5,44235100,3576.6,2926.4,4322.95,2866.6,3261.5,135,4,3261.4,126,7,3261.3,93,2,3261.2,108,5,3261.1,66,5,3261.6,9,9,3262.5,14,1,3262.8,38,3,3262.9,2,1,3263.0,170,2
11536,2025-12-30 12:48:02+05:30,3261.5,2,3250.01,988173,120362.0,111837.0,3250.0,3263.8,3239.8,3251.5,44235100,3576.6,2926.4,4322.95,2866.6,3261.5,135,4,3261.4,126,7,3261.3,93,2,3261.2,108,5,3261.1,66,5,3261.6,9,9,3262.5,14,1,3262.8,38,3,3262.9,2,1,3263.0,170,2
11536,2025-12-30 12:48:02+05:30,3261.5,2,3250.01,988176,120399.0,111976.0,3250.0,3263.8,3239.8,3251.5,44235100,3576.6,2926.4,4322.95,2866.6,3261.5,133,4,3261.4,134,8,3261.3,115,3,3261.2,108,5,3261.1,75,6,3261.6,25,12,3262.8,263,4,3262.9,2,1,3263.0,170,2,3263.1,105,3
11536,2025-12-30 12:48:03+05:30,3261.6,12,3250.01,988176,120399.0,111976.0,3250.0,3263.8,3239.8,3251.5,44235100,3576.6,2926.4,4322.95,2866.6,3261.5,133,4,3261.4,134,8,3261.3,115,3,3261.2,108,5,3261.1,75,6,3261.6,25,12,3262.8,263,4,3262.9,2,1,3263.0,170,2,3263.1,105,3
11536,2025-12-30 12:48:03+05:30,3261.6,12,3250.01,988207,120276.0,111979.0,3250.0,3263.8,3239.8,3251.5,44235100,3576.6,2926.4,4322.95,2866.6,3261.5,120,4,3261.4,84,5,3261.3,115,3,3261.2,118,6,3261.1,75,6,3261.6,65,8,3262.8,226,2,3262.9,2,1,3263.0,170,2,3263.1,13,2
11536,2025-12-30 12:48:04+05:30,3261.6,2,3250.01,988207,120276.0,111979.0,3250.0,3263.8,3239.8,3251.5,44235100,3576.6,2926.4,4322.95,2866.6,3261.5,120,4,3261.4,84,5,3261.3,115,3,3261.2,118,6,3261.1,75,6,3261.6,65,8,3262.8,226,2,3262.9,2,1,3263.0,170,2,3263.1,13,2
11536,2025-12-30 12:48:04+05:30,3261.6,2,3250.01,988290,121289.0,111093.0,3250.0,3263.8,3239.8,3251.5,44235100,3576.6,2926.4,4322.95,2866.6,3261.8,21,1,3261.7,26,3,3261.6,227,6,3261.5,188,8,3261.4,305,10,3262.8,235,5,3262.9,2,1,3263.0,170,2,3263.1,26,1,3263.2,16,1
11536,2025-12-30 12:48:05+05:30,3262.8,3,3250.01,988290,121289.0,111093.0,3250.0,3263.8,3239.8,3251.5,44235100,3576.6,2926.4,4322.95,2866.6,3261.8,21,1,3261.7,26,3,3261.6,227,6,3261.5,188,8,3261.4,305,10,3262.8,235,5,3262.9,2,1,3263.0,170,2,3263.1,26,1,3263.2,16,1
11536,2025-12-30 12:48:05+05:30,3262.8,3,3250.01,988294,120950.0,111351.0,3250.0,3263.8,3239.8,3251.5,44235100,3576.6,2926.4,4322.95,2866.6,3261.8,21,1,3261.7,24,3,3261.6,213,5,3261.5,173,7,3261.4,304,9,3262.8,260,8,3262.9,2,1,3263.0,170,2,3263.2,16,1,3263.4,103,2
11536,2025-12-30 12:48:06+05:30,3262.8,200,3250.01,988294,120950.0,111351.0,3250.0,3263.8,3239.8,3251.5,44235100,3576.6,2926.4,4322.95,2866.6,3261.8,21,1,3261.7,24,3,3261.6,213,5,3261.5,173,7,3261.4,304,9,3262.8,260,8,3262.9,2,1,3263.0,170,2,3263.2,16,1,3263.4,103,2
11536,2025-12-30 12:48:06+05:30,3261.8,3,3250.01,988520,118807.0,111423.0,3250.0,3263.8,3239.8,3251.5,44235100,3576.6,2926.4,4322.95,2866.6,3261.8,28,1,3261.7,29,3,3261.6,101,6,3261.5,166,6,3261.4,280,9,3262.8,40,8,3262.9,2,1,3263.0,196,3,3263.2,16,1,3263.5,16,1
11536,2025-12-30 12:48:07+05:30,3261.7,1,3250.01,988520,118807.0,111423.0,3250.0,3263.8,3239.8,3251.5,44235100,3576.6,2926.4,4322.95,2866.6,3261.8,28,1,3261.7,29,3,3261.6,101,6,3261.5,166,6,3261.4,280,9,3262.8,40,8,3262.9,2,1,3263.0,196,3,3263.2,16,1,3263.5,16,1
11536,2025-12-30 12:48:07+05:30,3261.7,13,3250.02,988540,118793.0,112289.0,3250.0,3263.8,3239.8,3251.5,44235100,3576.6,2926.4,4322.95,2866.6,3261.7,3,1,3261.6,22,1,3261.5,113,4,3261.4,102,5,3261.3,112,4,3261.8,9,4,3262.0,25,1,3262.5,4,1,3262.6,26,1,3262.8,32,6
11536,2025-12-30 12:48:08+05:30,3261.7,3,3250.02,988540,118793.0,112289.0,3250.0,3263.8,3239.8,3251.5,44235100,3576.6,2926.4,4322.95,2866.6,3261.7,3,1,3261.6,22,1,3261.5,113,4,3261.4,102,5,3261.3,112,4,3261.8,9,4,3262.0,25,1,3262.5,4,1,3262.6,26,1,3262.8,32,6
11536,2025-12-30 12:48:08+05:30,3261.7,3,3250.02,988567,118657.0,113941.0,3250.0,3263.8,3239.8,3251.5,44235100,3576.6,2926.4,4322.95,2866.6,3261.5,113,4,3261.4,88,4,3261.3,76,2,3261.2,21,1,3261.1,63,5,3261.7,2,2,3261.8,8,7,3262.0,25,1,3262.5,4,1,3262.8,25,4
11536,2025-12-30 12:48:09+05:30,3261.5,1,3250.02,988567,118657.0,113941.0,3250.0,3263.8,3239.8,3251.5,44235100,3576.6,2926.4,4322.95,2866.6,3261.5,113,4,3261.4,88,4,3261.3,76,2,3261.2,21,1,3261.1,63,5,3261.7,2,2,3261.8,8,7,3262.0,25,1,3262.5,4,1,3262.8,25,4
11536,2025-12-30 12:48:09+05:30,3261.5,1,3250.02,988675,118578.0,114696.0,3250.0,3263.8,3239.8,3251.5,44235100,3576.6,2926.4,4322.95,2866.6,3261.5,6,2,3261.4,88,4,3261.3,76,2,3261.2,21,1,3261.1,43,4,3261.7,9,6,3261.8,4,4,3262.0,25,1,3262.4,26,1,3262.5,4,1
11536,2025-12-30 12:48:10+05:30,3261.5,1,3250.02,988675,118578.0,114696.0,3250.0,3263.8,3239.8,3251.5,44235100,3576.6,2926.4,4322.95,2866.6,3261.5,6,2,3261.4,88,4,3261.3,76,2,3261.2,21,1,3261.1,43,4,3261.7,9,6,3261.8,4,4,3262.0,25,1,3262.4,26,1,3262.5,4,1
11536,2025-12-30 12:48:10+05:30,3261.5,1,3250.02,988752,118534.0,114806.0,3250.0,3263.8,3239.8,3251.5,44235100,3576.6,2926.4,4322.95,2866.6,3261.5,3,1,3261.4,88,4,3261.3,76,2,3261.2,21,1,3261.1,43,4,3261.7,13,8,3261.8,2,2,3262.0,25,1,3262.2,5,1,3262.3,26,1
11536,2025-12-30 12:48:11+05:30,3261.5,1,3250.02,988752,118534.0,114806.0,3250.0,3263.8,3239.8,3251.5,44235100,3576.6,2926.4,4322.95,2866.6,3261.5,3,1,3261.4,88,4,3261.3,76,2,3261.2,21,1,3261.1,43,4,3261.7,13,8,3261.8,2,2,3262.0,25,1,3262.2,5,1,3262.3,26,1
11536,2025-12-30 12:48:11+05:30,3261.5,1,3250.02,988796,118510.0,114807.0,3250.0,3263.8,3239.8,3251.5,44235100,3576.6,2926.4,4322.95,2866.6,3261.5,10,1,3261.4,88,4,3261.3,76,2,3261.2,21,1,3261.1,33,3,3261.7,11,7,3262.0,25,1,3262.1,5,1,3262.2,26,1,3262.6,10,1
11536,2025-12-30 12:48:12+05:30,3261.5,17,3250.02,988796,118510.0,114807.0,3250.0,3263.8,3239.8,3251.5,44235100,3576.6,2926.4,4322.95,2866.6,3261.5,10,1,3261.4,88,4,3261.3,76,2,3261.2,21,1,3261.1,33,3,3261.7,11,7,3262.0,25,1,3262.1,5,1,3262.2,26,1,3262.6,10,1
11536,2025-12-30 12:48:12+05:30,3261.5,17,3250.02,988831,118197.0,114701.0,3250.0,3263.8,3239.8,3251.5,44235100,3576.6,2926.4,4322.95,2866.6,3261.4,67,3,3261.3,76,2,3261.2,21,1,3261.1,33,3,3261.0,206,5,3261.5,1,1,3261.7,7,6,3262.0,25,1,3262.1,5,1,3262.2,26,1
11536,2025-12-30 12:48:13+05:30,3261.4,1,3250.02,988831,118197.0,114701.0,3250.0,3263.8,3239.8,3251.5,44235100,3576.6,2926.4,4322.95,2866.6,3261.4,67,3,3261.3,76,2,3261.2,21,1,3261.1,33,3,3261.0,206,5,3261.5,1,1,3261.7,7,6,3262.0,25,1,3262.1,5,1,3262.2,26,1
11536,2025-12-30 12:48:13+05:30,3261.4,1,3250.02,988845,117993.0,115190.0,3250.0,3263.8,3239.8,3251.5,44235100,3576.6,2926.4,4322.95,2866.6,3261.4,66,3,3261.3,76,2,3261.2,21,1,3261.1,33,3,3261.0,206,5,3261.5,3,3,3261.7,5,4,3262.0,25,1,3262.1,5,1,3262.2,26,1
11536,2025-12-30 12:48:14+05:30,3261.4,5,3250.02,988845,117993.0,115190.0,3250.0,3263.8,3239.8,3251.5,44235100,3576.6,2926.4,4322.95,2866.6,3261.4,66,3,3261.3,76,2,3261.2,21,1,3261.1,33,3,3261.0,206,5,3261.5,3,3,3261.7,5,4,3262.0,25,1,3262.1,5,1,3262.2,26,1
11536,2025-12-30 12:48:14+05:30,3261.4,6,3250.02,988877,117898.0,115129.0,3250.0,3263.8,3239.8,3251.5,44235100,3576.6,2926.4,4322.95,2866.6,3261.4,37,3,3261.3,76,2,3261.2,21,1,3261.1,33,3,3261.0,206,5,3261.5,6,6,3261.9,5,1,3262.0,52,3,3262.2,9,1,3262.3,9,1
11536,2025-12-30 12:48:15+05:30,3261.4,1,3250.02,988877,117898.0,115129.0,3250.0,3263.8,3239.8,3251.5,44235100,3576.6,2926.4,4322.95,2866.6,3261.4,37,3,3261.3,76,2,3261.2,21,1,3261.1,33,3,3261.0,206,5,3261.5,6,6,3261.9,5,1,3262.0,52,3,3262.2,9,1,3262.3,9,1
11536,2025-12-30 12:48:15+05:30,3261.4,5,3250.02,988891,117710.0,115149.0,3250.0,3263.8,3239.8,3251.5,44235100,3576.6,2926.4,4322.95,2866.6,3261.4,25,3,3261.3,76,2,3261.2,21,1,3261.1,33,3,3261.0,206,5,3261.5,8,8,3261.9,5,1,3262.0,52,3,3262.5,28,2,3262.6,12,1
11536,2025-12-30 12:48:16+05:30,3261.4,4,3250.02,988891,117710.0,115149.0,3250.0,3263.8,3239.8,3251.5,44235100,3576.6,2926.4,4322.95,2866.6,3261.4,25,3,3261.3,76,2,3261.2,21,1,3261.1,33,3,3261.0,206,5,3261.5,8,8,3261.9,5,1,3262.0,52,3,3262.5,28,2,3262.6,12,1
11536,2025-12-30 12:48:16+05:30,3261.4,4,3250.02,989003,117533.0,115222.0,3250.0,3263.8,3239.8,3251.5,44235100,3576.6,2926.4,4322.95,2866.6,3261.4,2,1,3261.3,76,2,3261.2,21,1,3261.1,33,3,3261.0,206,5,3261.5,8,8,3261.9,5,1,3262.0,27,2,3262.5,28,2,3262.6,12,1
11536,2025-12-30 12:48:17+05:30,3261.3,1,3250.02,989003,117533.0,115222.0,3250.0,3263.8,3239.8,3251.5,44235100,3576.6,2926.4,4322.95,2866.6,3261.4,2,1,3261.3,76,2,3261.2,21,1,3261.1,33,3,3261.0,206,5,3261.5,8,8,3261.9,5,1,3262.0,27,2,3262.5,28,2,3262.6,12,1
11536,2025-12-30 12:48:17+05:30,3262.7,2,3250.02,989159,114775.0,114452.0,3250.0,3263.8,3239.8,3251.5,44235100,3576.6,2926.4,4322.95,2866.6,3261.4,20,1,3261.3,76,3,3261.2,21,1,3261.1,224,5,3261.0,252,7,3262.2,26,1,3262.3,25,1,3262.4,5,1,3262.5,25,1,3262.7,23,2
11536,2025-12-30 12:48:18+05:30,3262.1,3,3250.02,989159,114775.0,114452.0,3250.0,3263.8,3239.8,3251.5,44235100,3576.6,2926.4,4322.95,2866.6,3261.4,20,1,3261.3,76,3,3261.2,21,1,3261.1,224,5,3261.0,252,7,3262.2,26,1,3262.3,25,1,3262.4,5,1,3262.5,25,1,3262.7,23,2
11536,2025-12-30 12:48:18+05:30,3261.4,1,3250.02,989163,116257.0,114627.0,3250.0,3263.8,3239.8,3251.5,44235100,3576.6,2926.4,4322.95,2866.6,3261.4,19,1,3261.3,140,4,3261.2,21,1,3261.1,33,3,3261.0,252,7,3262.0,27,2,3262.1,1,1,3262.2,8,2,3262.3,25,1,3262.5,25,1
11536,2025-12-30 12:48:19+05:30,3261.4,1,3250.02,989163,116257.0,114627.0,3250.0,3263.8,3239.8,3251.5,44235100,3576.6,2926.4,4322.95,2866.6,3261.4,19,1,3261.3,140,4,3261.2,21,1,3261.1,33,3,3261.0,252,7,3262.0,27,2,3262.1,1,1,3262.2,8,2,3262.3,25,1,3262.5,25,1
11536,2025-12-30 12:48:19+05:30,3261.4,1,3250.02,989163,114665.0,114645.0,3250.0,3263.8,3239.8,3251.5,44235100,3576.6,2926.4,4322.95,2866.6,3261.4,19,1,3261.3,140,4,3261.2,21,1,3261.1,33,3,3261.0,209,6,3262.0,58,4,3262.1,1,1,3262.2,8,2,3262.3,25,1,3262.5,35,2
11536,2025-12-30 12:48:20+05:30,3262.0,6,3250.02,989163,114665.0,114645.0,3250.0,3263.8,3239.8,3251.5,44235100,3576.6,2926.4,4322.95,2866.6,3261.4,19,1,3261.3,140,4,3261.2,21,1,3261.1,33,3,3261.0,209,6,3262.0,58,4,3262.1,1,1,3262.2,8,2,3262.3,25,1,3262.5,35,2
11536,2025-12-30 12:48:20+05:30,3261.3,4,3250.02,989248,117546.0,114514.0,3250.0,3263.8,3239.8,3251.5,44235100,3576.6,2926.4,4322.95,2866.6,3261.3,137,4,3261.2,21,1,3261.1,33,3,3261.0,206,5,3260.9,26,2,3262.0,59,7,3262.3,25,1,3262.5,47,3,3262.7,23,2,3262.8,126,4
11536,2025-12-30 12:48:21+05:30,3261.3,4,3250.02,989248,117546.0,114514.0,3250.0,3263.8,3239.8,3251.5,44235100,3576.6,2926.4,4322.95,2866.6,3261.3,137,4,3261.2,21,1,3261.1,33,3,3261.0,206,5,3260.9,26,2,3262.0,59,7,3262.3,25,1,3262.5,47,3,3262.7,23,2,3262.8,126,4
11536,2025-12-30 12:48:21+05:30,3261.0,42,3250.03,989984,116866.0,115248.0,3250.0,3263.8,3239.8,3251.5,44235100,3576.6,2926.4,4322.95,2866.6,3261.0,133,4,3260.9,26,2,3260.8,50,4,3260.7,45,2,3260.6,90,5,3261.2,1,1,3262.0,56,7,3262.3,25,1,3262.5,47,3,3262.6,92,1
11536,2025-12-30 12:48:22+05:30,3261.0,80,3250.03,989984,116866.0,115248.0,3250.0,3263.8,3239.8,3251.5,44235100,3576.6,2926.4,4322.95,2866.6,3261.0,133,4,3260.9,26,2,3260.8,50,4,3260.7,45,2,3260.6,90,5,3261.2,1,1,3262.0,56,7,3262.3,25,1,3262.5,47,3,3262.6,92,1
11536,2025-12-30 12:48:22+05:30,3261.0,13,3250.04,990556,116496.0,116078.0,3250.0,3263.8,3239.8,3251.5,44235100,3576.6,2926.4,4322.95,2866.6,3261.0,61,3,3260.9,26,2,3260.8,35,3,3260.7,48,3,3260.6,49,3,3261.2,59,5,3262.0,54,6,3262.3,25,1,3262.4,103,3,3262.5,37,2
11536,2025-12-30 12:48:23+05:30,3261.0,7,3250.04,990556,116496.0,116078.0,3250.0,3263.8,3239.8,3251.5,44235100,3576.6,2926.4,4322.95,2866.6,3261.0,61,3,3260.9,26,2,3260.8,35,3,3260.7,48,3,3260.6,49,3,3261.2,59,5,3262.0,54,6,3262.3,25,1,3262.4,103,3,3262.5,37,2
11536,2025-12-30 12:48:23+05:30,3261.0,7,3250.04,990570,116563.0,115994.0,3250.0,3263.8,3239.8,3251.5,44235100,3576.6,2926.4,4322.95,2866.6,3261.0,122,4,3260.9,26,2,3260.8,35,3,3260.7,48,3,3260.6,49,3,3261.2,61,7,3262.0,52,4,3262.3,25,1,3262.4,11,2,3262.5,37,2
11536,2025-12-30 12:48:24+05:30,3261.0,55,3250.04,990570,116563.0,115994.0,3250.0,3263.8,3239.8,3251.5,44235100,3576.6,2926.4,4322.95,2866.6,3261.0,122,4,3260.9,26,2,3260.8,35,3,3260.7,48,3,3260.6,49,3,3261.2,61,7,3262.0,52,4,3262.3,25,1,3262.4,11,2,3262.5,37,2
11536,2025-12-30 12:48:24+05:30,3261.0,3,3250.04,990944,116604.0,115939.0,3250.0,3263.8,3239.8,3251.5,44235100,3576.6,2926.4,4322.95,2866.6,3261.0,163,2,3260.9,26,2,3260.8,35,3,3260.7,48,3,3260.6,49,3,3261.2,36,8,3261.3,15,1,3262.0,51,3,3262.3,25,1,3262.4,11,2
11536,2025-12-30 12:48:25+05:30,3261.0,1,3250.04,990944,116604.0,115939.0,3250.0,3263.8,3239.8,3251.5,44235100,3576.6,2926.4,4322.95,2866.6,3261.0,163,2,3260.9,26,2,3260.8,35,3,3260.7,48,3,3260.6,49,3,3261.2,36,8,3261.3,15,1,3262.0,51,3,3262.3,25,1,3262.4,11,2
11536,2025-12-30 12:48:25+05:30,3261.0,76,3250.04,991116,113512.0,115935.0,3250.0,3263.8,3239.8,3251.5,44235100,3576.6,2926.4,4322.95,2866.6,3261.0,150,1,3260.9,26,2,3260.8,35,3,3260.7,48,3,3260.6,27,2,3261.2,27,9,3261.3,15,1,3261.9,25,1,3262.0,31,2,3262.3,25,1
11536,2025-12-30 12:48:26+05:30,3261.0,1,3250.04,991116,113512.0,115935.0,3250.0,3263.8,3239.8,3251.5,44235100,3576.6,2926.4,4322.95,2866.6,3261.0,150,1,3260.9,26,2,3260.8,35,3,3260.7,48,3,3260.6,27,2,3261.2,27,9,3261.3,15,1,3261.9,25,1,3262.0,31,2,3262.3,25,1
11536,2025-12-30 12:48:27+05:30,3261.0,1,3250.05,991312,116053.0,115917.0,3250.0,3263.8,3239.8,3251.5,44235100,3576.6,2926.4,4322.95,2866.6,3261.0,149,1,3260.9,13,1,3260.8,23,2,3260.7,25,2,3260.6,27,2,3261.2,21,9,3261.3,15,1,3261.9,25,1,3262.0,40,3,3262.3,25,1
11536,2025-12-30 12:48:27+05:30,3261.0,32,3250.05,991312,116053.0,115917.0,3250.0,3263.8,3239.8,3251.5,44235100,3576.6,2926.4,4322.95,2866.6,3261.0,149,1,3260.9,13,1,3260.8,23,2,3260.7,25,2,3260.6,27,2,3261.2,21,9,3261.3,15,1,3261.9,25,1,3262.0,40,3,3262.3,25,1
11536,2025-12-30 12:48:28+05:30,3261.0,3,3250.05,991423,115320.0,116551.0,3250.0,3263.8,3239.8,3251.5,44235100,3576.6,2926.4,4322.95,2866.6,3261.0,42,3,3260.9,13,1,3260.8,23,2,3260.7,25,2,3260.6,27,2,3261.2,17,8,3261.3,15,1,3261.6,33,2,3261.7,17,1,3261.8,17,1
11536,2025-12-30 12:48:28+05:30,3261.0,20,3250.05,991423,115320.0,116551.0,3250.0,3263.8,3239.8,3251.5,44235100,3576.6,2926.4,4322.95,2866.6,3261.0,42,3,3260.9,13,1,3260.8,23,2,3260.7,25,2,3260.6,27,2,3261.2,17,8,3261.3,15,1,3261.6,33,2,3261.7,17,1,3261.8,17,1
11536,2025-12-30 12:48:29+05:30,3261.0,4,3250.05,991469,115528.0,116436.0,3250.0,3263.8,3239.8,3251.5,44235100,3576.6,2926.4,4322.95,2866.6,3261.0,73,3,3260.9,13,1,3260.8,23,2,3260.7,25,2,3260.6,27,2,3261.2,17,9,3261.3,15,1,3261.4,8,1,3261.6,25,1,3261.7,17,1
11536,2025-12-30 12:48:29+05:30,3261.0,14,3250.05,991469,115528.0,116436.0,3250.0,3263.8,3239.8,3251.5,44235100,3576.6,2926.4,4322.95,2866.6,3261.0,73,3,3260.9,13,1,3260.8,23,2,3260.7,25,2,3260.6,27,2,3261.2,17,9,3261.3,15,1,3261.4,8,1,3261.6,25,1,3261.7,17,1
11536,2025-12-30 12:48:29+05:30,3261.0,14,3250.05,991546,115514.0,116528.0,3250.0,3263.8,3239.8,3251.5,44235100,3576.6,2926.4,4322.95,2866.6,3261.0,21,3,3260.9,75,2,3260.8,23,2,3260.7,1,1,3260.6,27,2,3261.2,17,11,3261.3,15,1,3261.6,33,2,3261.7,17,1,3261.9,9,1
11536,2025-12-30 12:48:30+05:30,3261.0,3,3250.05,991546,115514.0,116528.0,3250.0,3263.8,3239.8,3251.5,44235100,3576.6,2926.4,4322.95,2866.6,3261.0,21,3,3260.9,75,2,3260.8,23,2,3260.7,1,1,3260.6,27,2,3261.2,17,11,3261.3,15,1,3261.6,33,2,3261.7,17,1,3261.9,9,1
11536,2025-12-30 12:48:31+05:30,3261.2,1,3250.05,991676,115630.0,113165.0,3250.0,3263.8,3239.8,3251.5,44235100,3576.6,2926.4,4322.95,2866.6,3261.1,225,1,3261.0,353,2,3260.9,75,2,3260.8,24,2,3260.7,24,2,3262.0,31,2,3262.1,24,1,3262.3,25,1,3262.4,15,2,3262.5,1050,4
11536,2025-12-30 12:48:31+05:30,3262.0,2,3250.05,991676,115630.0,113165.0,3250.0,3263.8,3239.8,3251.5,44235100,3576.6,2926.4,4322.95,2866.6,3261.1,225,1,3261.0,353,2,3260.9,75,2,3260.8,24,2,3260.7,24,2,3262.0,31,2,3262.1,24,1,3262.3,25,1,3262.4,15,2,3262.5,1050,4
11536,2025-12-30 12:48:32+05:30,3262.0,2,3250.05,991680,115789.0,113339.0,3250.0,3263.8,3239.8,3251.5,44235100,3576.6,2926.4,4322.95,2866.6,3261.1,349,3,3261.0,428,3,3260.9,15,2,3260.8,56,3,3260.7,33,3,3262.0,33,4,3262.1,24,1,3262.2,8,1,3262.3,25,1,3262.4,15,2
11536,2025-12-30 12:48:32+05:30,3261.1,1,3250.05,991680,115789.0,113339.0,3250.0,3263.8,3239.8,3251.5,44235100,3576.6,2926.4,4322.95,2866.6,3261.1,349,3,3261.0,428,3,3260.9,15,2,3260.8,56,3,3260.7,33,3,3262.0,33,4,3262.1,24,1,3262.2,8,1,3262.3,25,1,3262.4,15,2
11536,2025-12-30 12:48:33+05:30,3261.1,40,3250.05,991721,115669.0,114258.0,3250.0,3263.8,3239.8,3251.5,44235100,3576.6,2926.4,4322.95,2866.6,3261.1,308,3,3261.0,431,4,3260.9,15,2,3260.8,24,2,3260.7,1,1,3261.9,28,2,3262.0,34,5,3262.2,8,1,3262.3,25,1,3262.4,115,4
11536,2025-12-30 12:48:33+05:30,3261.1,1,3250.05,991721,115669.0,114258.0,3250.0,3263.8,3239.8,3251.5,44235100,3576.6,2926.4,4322.95,2866.6,3261.1,308,3,3261.0,431,4,3260.9,15,2,3260.8,24,2,3260.7,1,1,3261.9,28,2,3262.0,34,5,3262.2,8,1,3262.3,25,1,3262.4,115,4
11536,2025-12-30 12:48:34+05:30,3261.1,2,3250.05,991753,115721.0,114269.0,3250.0,3263.8,3239.8,3251.5,44235100,3576.6,2926.4,4322.95,2866.6,3261.1,279,3,3261.0,931,5,3260.9,15,2,3260.8,24,2,3260.7,1,1,3261.8,23,3,3261.9,3,2,3262.0,30,3,3262.2,8,1,3262.3,25,1
11536,2025-12-30 12:48:34+05:30,3261.1,1,3250.05,991753,115721.0,114269.0,3250.0,3263.8,3239.8,3251.5,44235100,3576.6,2926.4,4322.95,2866.6,3261.1,279,3,3261.0,931,5,3260.9,15,2,3260.8,24,2,3260.7,1,1,3261.8,23,3,3261.9,3,2,3262.0,30,3,3262.2,8,1,3262.3,25,1
11536,2025-12-30 12:48:35+05:30,3261.8,1,3250.05,991769,113606.0,114269.0,3250.0,3263.8,3239.8,3251.5,44235100,3576.6,2926.4,4322.95,2866.6,3261.1,264,3,3261.0,931,5,3260.9,15,2,3260.8,24,2,3260.7,1,1,3261.8,25,6,3261.9,3,2,3262.0,27,1,3262.2,9,1,3262.3,25,1
11536,2025-12-30 12:48:35+05:30,3261.1,8,3250.05,991769,113606.0,114269.0,3250.0,3263.8,3239.8,3251.5,44235100,3576.6,2926.4,4322.95,2866.6,3261.1,264,3,3261.0,931,5,3260.9,15,2,3260.8,24,2,3260.7,1,1,3261.8,25,6,3261.9,3,2,3262.0,27,1,3262.2,9,1,3262.3,25,1
11536,2025-12-30 12:48:36+05:30,3261.1,8,3250.05,991789,113585.0,114261.0,3250.0,3263.8,3239.8,3251.5,44235100,3576.6,2926.4,4322.95,2866.6,3261.1,244,3,3261.0,931,5,3260.9,15,2,3260.8,24,2,3260.7,1,1,3261.8,28,9,3261.9,1,1,3262.0,35,2,3262.3,25,1,3262.4,15,2
11536,2025-12-30 12:48:36+05:30,3261.1,5,3250.05,991789,113585.0,114261.0,3250.0,3263.8,3239.8,3251.5,44235100,3576.6,2926.4,4322.95,2866.6,3261.1,244,3,3261.0,931,5,3260.9,15,2,3260.8,24,2,3260.7,1,1,3261.8,28,9,3261.9,1,1,3262.0,35,2,3262.3,25,1,3262.4,15,2
11536,2025-12-30 12:48:37+05:30,3261.1,77,3250.05,991884,113524.0,114271.0,3250.0,3263.8,3239.8,3251.5,44235100,3576.6,2926.4,4322.95,2866.6,3261.1,150,3,3261.0,931,5,3260.9,15,2,3260.8,24,2,3260.7,39,2,3261.8,29,11,3262.0,35,2,3262.3,25,1,3262.4,25,3,3262.5,1142,5
11536,2025-12-30 12:48:37+05:30,3261.1,1,3250.05,991884,113524.0,114271.0,3250.0,3263.8,3239.8,3251.5,44235100,3576.6,2926.4,4322.95,2866.6,3261.1,150,3,3261.0,931,5,3260.9,15,2,3260.8,24,2,3260.7,39,2,3261.8,29,11,3262.0,35,2,3262.3,25,1,3262.4,25,3,3262.5,1142,5
11536,2025-12-30 12:48:38+05:30,3261.1,1,3250.05,991901,115592.0,114275.0,3250.0,3263.8,3239.8,3251.5,44235100,3576.6,2926.4,4322.95,2866.6,3261.1,142,4,3261.0,931,5,3260.9,15,2,3260.8,24,2,3260.7,1,1,3261.8,26,13,3262.0,27,1,3262.3,33,2,3262.4,25,3,3262.5,1133,4
11536,2025-12-30 12:48:38+05:30,3261.1,3,3250.05,991901,115592.0,114275.0,3250.0,3263.8,3239.8,3251.5,44235100,3576.6,2926.4,4322.95,2866.6,3261.1,142,4,3261.0,931,5,3260.9,15,2,3260.8,24,2,3260.7,1,1,3261.8,26,13,3262.0,27,1,3262.3,33,2,3262.4,25,3,3262.5,1133,4
11536,2025-12-30 12:48:39+05:30,3261.8,1,3250.05,991910,115571.0,114303.0,3250.0,3263.8,3239.8,3251.5,44235100,3576.6,2926.4,4322.95,2866.6,3261.1,134,4,3261.0,931,5,3260.9,15,2,3260.8,24,2,3260.7,1,1,3261.8,24,12,3262.0,27,1,3262.3,33,2,3262.4,25,3,3262.5,1041,3
11536,2025-12-30 12:48:39+05:30,3261.1,4,3250.05,991910,115571.0,114303.0,3250.0,3263.8,3239.8,3251.5,44235100,3576.6,2926.4,4322.95,2866.6,3261.1,134,4,3261.0,931,5,3260.9,15,2,3260.8,24,2,3260.7,1,1,3261.8,24,12,3262.0,27,1,3262.3,33,2,3262.4,25,3,3262.5,1041,3
11536,2025-12-30 12:48:40+05:30,3261.1,1,3250.05,991941,114152.0,114145.0,3250.0,3263.8,3239.8,3251.5,44235100,3576.6,2926.4,4322.95,2866.6,3261.1,103,3,3261.0,942,6,3260.9,15,2,3260.8,24,2,3260.7,1,1,3261.8,32,9,3262.0,27,1,3262.3,33,2,3262.4,15,2,3262.5,1133,4
11536,2025-12-30 12:48:40+05:30,3261.1,2,3250.05,991941,114152.0,114145.0,3250.0,3263.8,3239.8,3251.5,44235100,3576.6,2926.4,4322.95,2866.6,3261.1,103,3,3261.0,942,6,3260.9,15,2,3260.8,24,2,3260.7,1,1,3261.8,32,9,3262.0,27,1,3262.3,33,2,3262.4,15,2,3262.5,1133,4
11536,2025-12-30 12:48:41+05:30,3261.1,3,3250.05,991967,115370.0,114300.0,3250.0,3263.8,3239.8,3251.5,44235100,3576.6,2926.4,4322.95,2866.6,3261.1,77,3,3261.0,942,6,3260.9,15,2,3260.8,24,2,3260.7,1,1,3261.8,30,8,3262.0,33,3,3262.3,25,1,3262.4,23,3,3262.5,1146,5
11536,2025-12-30 12:48:41+05:30,3261.1,3,3250.05,991967,115370.0,114300.0,3250.0,3263.8,3239.8,3251.5,44235100,3576.6,2926.4,4322.95,2866.6,3261.1,77,3,3261.0,942,6,3260.9,15,2,3260.8,24,2,3260.7,1,1,3261.8,30,8,3262.0,33,3,3262.3,25,1,3262.4,23,3,3262.5,1146,5
11536,2025-12-30 12:48:42+05:30,3261.1,1,3250.05,991980,115496.0,114185.0,3250.0,3263.8,3239.8,3251.5,44235100,3576.6,2926.4,4322.95,2866.6,3261.1,64,3,3261.0,942,6,3260.9,15,2,3260.8,24,2,3260.7,1,1,3261.6,50,1,3261.8,31,9,3262.0,28,2,3262.3,25,1,3262.4,31,4
11536,2025-12-30 12:48:42+05:30,3262.2,4,3250.05,991980,115496.0,114185.0,3250.0,3263.8,3239.8,3251.5,44235100,3576.6,2926.4,4322.95,2866.6,3261.1,64,3,3261.0,942,6,3260.9,15,2,3260.8,24,2,3260.7,1,1,3261.6,50,1,3261.8,31,9,3262.0,28,2,3262.3,25,1,3262.4,31,4
11536,2025-12-30 12:48:43+05:30,3261.6,4,3250.06,992117,115186.0,113770.0,3250.0,3263.8,3239.8,3251.5,44235100,3576.6,2926.4,4322.95,2866.6,3261.2,27,1,3261.1,63,2,3261.0,942,6,3260.9,15,2,3260.8,24,2,3261.6,11,2,3262.2,30,1,3262.3,29,3,3262.4,2,1,3262.5,1041,3
11536,2025-12-30 12:48:43+05:30,3261.2,1,3250.06,992117,115186.0,113770.0,3250.0,3263.8,3239.8,3251.5,44235100,3576.6,2926.4,4322.95,2866.6,3261.2,27,1,3261.1,63,2,3261.0,942,6,3260.9,15,2,3260.8,24,2,3261.6,11,2,3262.2,30,1,3262.3,29,3,3262.4,2,1,3262.5,1041,3
11536,2025-12-30 12:48:44+05:30,3261.2,1,3250.06,992119,115220.0,114100.0,3250.0,3263.8,3239.8,3251.5,44235100,3576.6,2926.4,4322.95,2866.6,3261.2,28,2,3261.1,66,3,3261.0,942,6,3260.9,15,2,3260.8,24,2,3261.6,58,5,3262.2,30,1,3262.3,37,4,3262.4,2,1,3262.5,1041,3
11536,2025-12-30 12:48:44+05:30,3261.2,13,3250.06,992119,115220.0,114100.0,3250.0,3263.8,3239.8,3251.5,44235100,3576.6,2926.4,4322.95,2866.6,3261.2,28,2,3261.1,66,3,3261.0,942,6,3260.9,15,2,3260.8,24,2,3261.6,58,5,3262.2,30,1,3262.3,37,4,3262.4,2,1,3262.5,1041,3
11536,2025-12-30 12:48:45+05:30,3261.6,1,3250.06,992161,115400.0,114069.0,3250.0,3263.8,3239.8,3251.5,44235100,3576.6,2926.4,4322.95,2866.6,3261.2,3,1,3261.1,66,3,3261.0,942,6,3260.9,15,2,3260.8,24,2,3261.6,57,4,3262.2,30,1,3262.3,25,2,3262.5,1049,4,3262.6,92,1
11536,2025-12-30 12:48:45+05:30,3261.1,8,3250.06,992161,115400.0,114069.0,3250.0,3263.8,3239.8,3251.5,44235100,3576.6,2926.4,4322.95,2866.6,3261.2,3,1,3261.1,66,3,3261.0,942,6,3260.9,15,2,3260.8,24,2,3261.6,57,4,3262.2,30,1,3262.3,25,2,3262.5,1049,4,3262.6,92,1
11536,2025-12-30 12:48:46+05:30,3261.1,2,3250.06,992188,115377.0,113932.0,3250.0,3263.8,3239.8,3251.5,44235100,3576.6,2926.4,4322.95,2866.6,3261.1,56,3,3261.0,942,6,3260.9,15,2,3260.8,24,2,3260.7,1,1,3261.6,55,8,3262.0,1,1,3262.2,38,2,3262.3,23,1,3262.5,1055,4
11536,2025-12-30 12:48:46+05:30,3261.6,1,3250.06,992188,115377.0,113932.0,3250.0,3263.8,3239.8,3251.5,44235100,3576.6,2926.4,4322.95,2866.6,3261.1,56,3,3261.0,942,6,3260.9,15,2,3260.8,24,2,3260.7,1,1,3261.6,55,8,3262.0,1,1,3262.2,38,2,3262.3,23,1,3262.5,1055,4
11536,2025-12-30 12:48:47+05:30,3261.1,1,3250.06,992278,115407.0,113924.0,3250.0,3263.8,3239.8,3251.5,44235100,3576.6,2926.4,4322.95,2866.6,3261.1,49,3,3261.0,950,7,3260.9,44,3,3260.8,31,3,3260.7,1,1,3261.6,56,8,3262.0,1,1,3262.1,38,2,3262.3,23,1,3262.5,1055,4
11536,2025-12-30 12:48:47+05:30,3261.6,1,3250.06,992278,115407.0,113924.0,3250.0,3263.8,3239.8,3251.5,44235100,3576.6,2926.4,4322.95,2866.6,3261.1,49,3,3261.0,950,7,3260.9,44,3,3260.8,31,3,3260.7,1,1,3261.6,56,8,3262.0,1,1,3262.1,38,2,3262.3,23,1,3262.5,1055,4
11536,2025-12-30 12:48:48+05:30,3261.1,2,3250.06,992301,115078.0,114070.0,3250.0,3263.8,3239.8,3251.5,44235100,3576.6,2926.4,4322.95,2866.6,3261.1,34,3,3261.0,950,7,3260.9,44,3,3260.8,31,3,3260.7,1,1,3261.6,48,7,3262.0,31,2,3262.1,8,1,3262.3,23,1,3262.4,2,1
11536,2025-12-30 12:48:48+05:30,3262.5,126,3250.06,992301,115078.0,114070.0,3250.0,3263.8,3239.8,3251.5,44235100,3576.6,2926.4,4322.95,2866.6,3261.1,34,3,3261.0,950,7,3260.9,44,3,3260.8,31,3,3260.7,1,1,3261.6,48,7,3262.0,31,2,3262.1,8,1,3262.3,23,1,3262.4,2,1
11536,2025-12-30 12:48:49+05:30,3262.5,126,3250.06,992632,115460.0,113452.0,3250.0,3263.8,3239.8,3251.5,44235100,3576.6,2926.4,4322.95,2866.6,3261.2,21,1,3261.1,34,3,3261.0,950,7,3260.9,44,3,3260.8,69,4,3262.0,30,1,3262.1,6,2,3262.2,10,1,3262.3,35,3,3262.4,17,2
11536,2025-12-30 12:48:49+05:30,3261.2,1,3250.06,992632,115460.0,113452.0,3250.0,3263.8,3239.8,3251.5,44235100,3576.6,2926.4,4322.95,2866.6,3261.2,21,1,3261.1,34,3,3261.0,950,7,3260.9,44,3,3260.8,69,4,3262.0,30,1,3262.1,6,2,3262.2,10,1,3262.3,35,3,3262.4,17,2
11536,2025-12-30 12:48:50+05:30,3261.2,1,3250.06,992633,115363.0,113623.0,3250.0,3263.8,3239.8,3251.5,44235100,3576.6,2926.4,4322.95,2866.6,3261.2,20,1,3261.1,43,4,3261.0,950,7,3260.9,44,3,3260.8,69,4,3262.0,35,3,3262.1,6,2,3262.2,10,1,3262.3,31,2,3262.4,17,2
11536,2025-12-30 12:48:51+05:30,3261.2,37,3250.06,992701,115375.0,114985.0,3250.0,3263.8,3239.8,3251.5,44235100,3576.6,2926.4,4322.95,2866.6,3261.1,43,4,3261.0,928,6,3260.9,44,3,3260.8,69,4,3260.7,1,1,3261.2,10,1,3261.9,36,1,3262.0,7,3,3262.1,5,1,3262.3,33,3
11536,2025-12-30 12:48:51+05:30,3261.2,3,3250.06,992701,115375.0,114985.0,3250.0,3263.8,3239.8,3251.5,44235100,3576.6,2926.4,4322.95,2866.6,3261.1,43,4,3261.0,928,6,3260.9,44,3,3260.8,69,4,3260.7,1,1,3261.2,10,1,3261.9,36,1,3262.0,7,3,3262.1,5,1,3262.3,33,3
11536,2025-12-30 12:48:52+05:30,3261.1,1,3250.06,992755,115126.0,114914.0,3250.0,3263.8,3239.8,3251.5,44235100,3576.6,2926.4,4322.95,2866.6,3261.1,6,2,3261.0,928,6,3260.9,44,3,3260.8,31,3,3260.7,1,1,3261.2,11,4,3261.7,5,1,3261.9,36,1,3262.0,7,3,3262.2,8,1
11536,2025-12-30 12:48:52+05:30,3261.1,1,3250.06,992755,115126.0,114914.0,3250.0,3263.8,3239.8,3251.5,44235100,3576.6,2926.4,4322.95,2866.6,3261.1,6,2,3261.0,928,6,3260.9,44,3,3260.8,31,3,3260.7,1,1,3261.2,11,4,3261.7,5,1,3261.9,36,1,3262.0,7,3,3262.2,8,1
11536,2025-12-30 12:48:53+05:30,3261.1,2,3250.06,992788,115071.0,114919.0,3250.0,3263.8,3239.8,3251.5,44235100,3576.6,2926.4,4322.95,2866.6,3261.0,928,6,3260.9,44,3,3260.8,31,3,3260.7,1,1,3260.6,27,2,3261.1,2,1,3261.2,7,6,3261.9,36,1,3262.0,5,1,3262.1,13,1
11536,2025-12-30 12:48:53+05:30,3261.0,1,3250.06,992788,115071.0,114919.0,3250.0,3263.8,3239.8,3251.5,44235100,3576.6,2926.4,4322.95,2866.6,3261.0,928,6,3260.9,44,3,3260.8,31,3,3260.7,1,1,3260.6,27,2,3261.1,2,1,3261.2,7,6,3261.9,36,1,3262.0,5,1,3262.1,13,1
11536,2025-12-30 12:48:54+05:30,3261.0,15,3250.06,992814,112027.0,114960.0,3250.0,3263.8,3239.8,3251.5,44235100,3576.6,2926.4,4322.95,2866.6,3261.0,1016,8,3260.9,44,3,3260.8,31,3,3260.7,39,2,3260.6,42,3,3261.1,3,2,3261.2,3,3,3261.9,36,1,3262.0,5,1,3262.1,13,1
11536,2025-12-30 12:48:54+05:30,3261.0,60,3250.06,992814,112027.0,114960.0,3250.0,3263.8,3239.8,3251.5,44235100,3576.6,2926.4,4322.95,2866.6,3261.0,1016,8,3260.9,44,3,3260.8,31,3,3260.7,39,2,3260.6,42,3,3261.1,3,2,3261.2,3,3,3261.9,36,1,3262.0,5,1,3262.1,13,1
11536,2025-12-30 12:48:55+05:30,3261.1,1,3250.06,992911,115031.0,114976.0,3250.0,3263.8,3239.8,3251.5,44235100,3576.6,2926.4,4322.95,2866.6,3261.0,731,8,3260.9,75,5,3260.8,69,5,3260.7,58,3,3260.6,79,5,3261.1,1,1,3261.2,7,4,3261.9,36,1,3262.0,5,1,3262.3,24,2
11536,2025-12-30 12:48:55+05:30,3261.0,6,3250.06,992911,115031.0,114976.0,3250.0,3263.8,3239.8,3251.5,44235100,3576.6,2926.4,4322.95,2866.6,3261.0,731,8,3260.9,75,5,3260.8,69,5,3260.7,58,3,3260.6,79,5,3261.1,1,1,3261.2,7,4,3261.9,36,1,3262.0,5,1,3262.3,24,2
11536,2025-12-30 12:48:56+05:30,3261.0,4,3250.06,992929,115043.0,114887.0,3250.0,3263.8,3239.8,3251.5,44235100,3576.6,2926.4,4322.95,2866.6,3261.0,695,7,3260.9,59,4,3260.8,69,5,3260.7,20,2,3260.6,79,5,3261.1,8,4,3261.2,5,2,3261.9,36,1,3262.3,24,2,3262.5,887,2
11536,2025-12-30 12:48:56+05:30,3261.0,4,3250.06,992929,115043.0,114887.0,3250.0,3263.8,3239.8,3251.5,44235100,3576.6,2926.4,4322.95,2866.6,3261.0,695,7,3260.9,59,4,3260.8,69,5,3260.7,20,2,3260.6,79,5,3261.1,8,4,3261.2,5,2,3261.9,36,1,3262.3,24,2,3262.5,887,2
11536,2025-12-30 12:48:57+05:30,3261.0,6,3250.07,993041,110666.0,117409.0,3250.0,3263.8,3239.8,3251.5,44235100,3576.6,2926.4,4322.95,2866.6,3261.0,586,6,3260.9,49,4,3260.8,10,2,3260.7,1,1,3260.6,59,4,3261.1,14,7,3261.2,2,1,3261.9,36,1,3262.3,24,2,3262.4,118,3
11536,2025-12-30 12:48:57+05:30,3261.2,11,3250.07,993041,110666.0,117409.0,3250.0,3263.8,3239.8,3251.5,44235100,3576.6,2926.4,4322.95,2866.6,3261.0,586,6,3260.9,49,4,3260.8,10,2,3260.7,1,1,3260.6,59,4,3261.1,14,7,3261.2,2,1,3261.9,36,1,3262.3,24,2,3262.4,118,3
11536,2025-12-30 12:48:58+05:30,3261.1,1,3250.07,993170,114196.0,117755.0,3250.0,3263.8,3239.8,3251.5,44235100,3576.6,2926.4,4322.95,2866.6,3261.1,397,1,3261.0,504,6,3260.9,67,5,3260.8,50,4,3260.7,28,3,3261.2,6,3,3261.9,36,1,3262.3,24,2,3262.4,26,2,3262.5,874,1
11536,2025-12-30 12:48:58+05:30,3261.1,1,3250.07,993170,114196.0,117755.0,3250.0,3263.8,3239.8,3251.5,44235100,3576.6,2926.4,4322.95,2866.6,3261.1,397,1,3261.0,504,6,3260.9,67,5,3260.8,50,4,3260.7,28,3,3261.2,6,3,3261.9,36,1,3262.3,24,2,3262.4,26,2,3262.5,874,1
11536,2025-12-30 12:48:59+05:30,3261.2,1,3250.07,993227,114513.0,117133.0,3250.0,3263.8,3239.8,3251.5,44235100,3576.6,2926.4,4322.95,2866.6,3261.2,27,2,3261.1,397,1,3261.0,516,6,3260.9,67,5,3260.8,50,4,3262.2,50,3,3262.3,37,3,3262.4,8,1,3262.5,887,2,3262.6,24,2
11536,2025-12-30 12:48:59+05:30,3261.2,1,3250.07,993227,114513.0,117133.0,3250.0,3263.8,3239.8,3251.5,44235100,3576.6,2926.4,4322.95,2866.6,3261.2,27,2,3261.1,397,1,3261.0,516,6,3260.9,67,5,3260.8,50,4,3262.2,50,3,3262.3,37,3,3262.4,8,1,3262.5,887,2,3262.6,24,2
11536,2025-12-30 12:49:00+05:30,3261.2,1,3250.07,993227,113817.0,116232.0,3250.0,3263.8,3239.8,3251.5,44235100,3576.6,2926.4,4322.95,2866.6,3261.2,28,3,3261.1,397,1,3261.0,641,8,3260.9,67,5,3260.8,69,4,3262.2,3,2,3262.3,46,2,3262.4,14,1,3262.5,882,2,3262.6,92,1
11536,2025-12-30 12:49:00+05:30,3261.2,1,3250.07,993227,113817.0,116232.0,3250.0,3263.8,3239.8,3251.5,44235100,3576.6,2926.4,4322.95,2866.6,3261.2,28,3,3261.1,397,1,3261.0,641,8,3260.9,67,5,3260.8,69,4,3262.2,3,2,3262.3,46,2,3262.4,14,1,3262.5,882,2,3262.6,92,1
11536,2025-12-30 12:49:01+05:30,3262.2,1,3250.07,993233,113870.0,115539.0,3250.0,3263.8,3239.8,3251.5,44235100,3576.6,2926.4,4322.95,2866.6,3261.2,24,3,3261.1,402,2,3261.0,626,7,3260.9,82,6,3260.8,69,4,3262.2,2,2,3262.3,46,2,3262.4,14,1,3262.5,890,3,3262.7,109,2
11536,2025-12-30 12:49:01+05:30,3261.2,14,3250.07,993233,113870.0,115539.0,3250.0,3263.8,3239.8,3251.5,44235100,3576.6,2926.4,4322.95,2866.6,3261.2,24,3,3261.1,402,2,3261.0,626,7,3260.9,82,6,3260.8,69,4,3262.2,2,2,3262.3,46,2,3262.4,14,1,3262.5,890,3,3262.7,109,2
11536,2025-12-30 12:49:02+05:30,3261.2,14,3250.07,993249,114037.0,115543.0,3250.0,3263.8,3239.8,3251.5,44235100,3576.6,2926.4,4322.95,2866.6,3261.2,16,3,3261.1,402,2,3261.0,626,7,3260.9,67,5,3260.8,69,4,3262.2,6,6,3262.3,46,2,3262.4,14,1,3262.5,890,3,3262.6,92,1
11536,2025-12-30 12:49:02+05:30,3261.2,1,3250.07,993249,114037.0,115543.0,3250.0,3263.8,3239.8,3251.5,44235100,3576.6,2926.4,4322.95,2866.6,3261.2,16,3,3261.1,402,2,3261.0,626,7,3260.9,67,5,3260.8,69,4,3262.2,6,6,3262.3,46,2,3262.4,14,1,3262.5,890,3,3262.6,92,1
11536,2025-12-30 12:49:03+05:30,3262.2,1,3250.07,993277,113837.0,115643.0,3250.0,3263.8,3239.8,3251.5,44235100,3576.6,2926.4,4322.95,2866.6,3261.2,9,2,3261.1,402,2,3261.0,626,7,3260.9,67,5,3260.8,69,4,3262.0,47,3,3262.2,4,4,3262.3,46,2,3262.4,31,3,3262.5,882,2
11536,2025-12-30 12:49:03+05:30,3261.2,3,3250.07,993277,113837.0,115643.0,3250.0,3263.8,3239.8,3251.5,44235100,3576.6,2926.4,4322.95,2866.6,3261.2,9,2,3261.1,402,2,3261.0,626,7,3260.9,67,5,3260.8,69,4,3262.0,47,3,3262.2,4,4,3262.3,46,2,3262.4,31,3,3262.5,882,2
11536,2025-12-30 12:49:04+05:30,3262.0,14,3250.07,993295,114013.0,115784.0,3250.0,3263.8,3239.8,3251.5,44235100,3576.6,2926.4,4322.95,2866.6,3261.2,21,2,3261.1,402,2,3261.0,615,6,3260.9,67,5,3260.8,69,4,3262.0,34,4,3262.2,2,2,3262.3,46,2,3262.4,31,3,3262.5,882,2
11536,2025-12-30 12:49:04+05:30,3261.2,1,3250.07,993295,114013.0,115784.0,3250.0,3263.8,3239.8,3251.5,44235100,3576.6,2926.4,4322.95,2866.6,3261.2,21,2,3261.1,402,2,3261.0,615,6,3260.9,67,5,3260.8,69,4,3262.0,34,4,3262.2,2,2,3262.3,46,2,3262.4,31,3,3262.5,882,2
11536,2025-12-30 12:49:05+05:30,3262.4,4,3250.07,993410,115365.0,113445.0,3250.0,3263.8,3239.8,3251.5,44235100,3576.6,2926.4,4322.95,2866.6,3262.0,1,1,3261.6,20,1,3261.4,21,1,3261.2,217,7,3261.1,447,4,3262.4,23,5,3262.5,874,1,3262.6,8,1,3262.7,48,2,3262.8,145,6
11536,2025-12-30 12:49:05+05:30,3262.0,1,3250.07,993410,115365.0,113445.0,3250.0,3263.8,3239.8,3251.5,44235100,3576.6,2926.4,4322.95,2866.6,3262.0,1,1,3261.6,20,1,3261.4,21,1,3261.2,217,7,3261.1,447,4,3262.4,23,5,3262.5,874,1,3262.6,8,1,3262.7,48,2,3262.8,145,6
11536,2025-12-30 12:49:06+05:30,3262.0,1,3250.07,993411,114400.0,116173.0,3250.0,3263.8,3239.8,3251.5,44235100,3576.6,2926.4,4322.95,2866.6,3261.6,20,1,3261.4,21,1,3261.2,142,5,3261.1,429,3,3261.0,510,6,3262.4,7,3,3262.5,889,3,3262.6,48,2,3262.7,8,1,3262.8,165,7
11536,2025-12-30 12:49:06+05:30,3261.4,1,3250.07,993411,114400.0,116173.0,3250.0,3263.8,3239.8,3251.5,44235100,3576.6,2926.4,4322.95,2866.6,3261.6,20,1,3261.4,21,1,3261.2,142,5,3261.1,429,3,3261.0,510,6,3262.4,7,3,3262.5,889,3,3262.6,48,2,3262.7,8,1,3262.8,165,7
11536,2025-12-30 12:49:07+05:30,3261.4,15,3250.07,993448,116412.0,116047.0,3250.0,3263.8,3239.8,3251.5,44235100,3576.6,2926.4,4322.95,2866.6,3261.2,1,1,3261.1,416,3,3261.0,578,8,3260.9,94,5,3260.8,123,6,3261.4,11,2,3262.4,45,4,3262.5,924,3,3262.6,92,1,3262.7,21,2
11536,2025-12-30 12:49:07+05:30,3261.4,15,3250.07,993448,116412.0,116047.0,3250.0,3263.8,3239.8,3251.5,44235100,3576.6,2926.4,4322.95,2866.6,3261.2,1,1,3261.1,416,3,3261.0,578,8,3260.9,94,5,3260.8,123,6,3261.4,11,2,3262.4,45,4,3262.5,924,3,3262.6,92,1,3262.7,21,2
11536,2025-12-30 12:49:08+05:30,3261.1,6,3250.07,993469,115794.0,116596.0,3250.0,3263.8,3239.8,3251.5,44235100,3576.6,2926.4,4322.95,2866.6,3261.2,11,1,3261.1,396,2,3261.0,615,9,3260.9,86,5,3260.8,106,6,3261.4,9,4,3262.0,200,1,3262.4,43,3,3262.5,884,2,3262.6,92,1
11536,2025-12-30 12:49:08+05:30,3261.1,6,3250.07,993469,115794.0,116596.0,3250.0,3263.8,3239.8,3251.5,44235100,3576.6,2926.4,4322.95,2866.6,3261.2,11,1,3261.1,396,2,3261.0,615,9,3260.9,86,5,3260.8,106,6,3261.4,9,4,3262.0,200,1,3262.4,43,3,3262.5,884,2,3262.6,92,1
11536,2025-12-30 12:49:09+05:30,3261.2,1,3250.07,993508,114355.0,117245.0,3250.0,3263.8,3239.8,3251.5,44235100,3576.6,2926.4,4322.95,2866.6,3261.1,396,2,3261.0,491,5,3260.9,66,4,3260.8,91,5,3260.7,56,4,3261.2,5,3,3261.4,4,4,3262.0,200,1,3262.4,43,2,3262.5,884,2
11536,2025-12-30 12:49:09+05:30,3261.1,10,3250.07,993508,114355.0,117245.0,3250.0,3263.8,3239.8,3251.5,44235100,3576.6,2926.4,4322.95,2866.6,3261.1,396,2,3261.0,491,5,3260.9,66,4,3260.8,91,5,3260.7,56,4,3261.2,5,3,3261.4,4,4,3262.0,200,1,3262.4,43,2,3262.5,884,2
11536,2025-12-30 12:49:10+05:30,3261.1,7,3250.07,993528,115843.0,117205.0,3250.0,3263.8,3239.8,3251.5,44235100,3576.6,2926.4,4322.95,2866.6,3261.1,457,3,3261.0,595,6,3260.9,47,3,3260.8,91,5,3260.7,24,3,3261.2,10,8,3261.4,3,3,3262.0,200,1,3262.4,43,2,3262.5,884,2
11536,2025-12-30 12:49:10+05:30,3261.1,7,3250.07,993528,115843.0,117205.0,3250.0,3263.8,3239.8,3251.5,44235100,3576.6,2926.4,4322.95,2866.6,3261.1,457,3,3261.0,595,6,3260.9,47,3,3260.8,91,5,3260.7,24,3,3261.2,10,8,3261.4,3,3,3262.0,200,1,3262.4,43,2,3262.5,884,2
11536,2025-12-30 12:49:11+05:30,3262.0,94,3250.07,993704,113616.0,116244.0,3250.0,3263.8,3239.8,3251.5,44235100,3576.6,2926.4,4322.95,2866.6,3261.2,21,1,3261.1,445,3,3261.0,657,7,3260.9,47,3,3260.8,53,4,3262.0,115,3,3262.1,5,1,3262.3,45,1,3262.4,43,2,3262.5,883,2
11536,2025-12-30 12:49:11+05:30,3261.2,1,3250.07,993704,113616.0,116244.0,3250.0,3263.8,3239.8,3251.5,44235100,3576.6,2926.4,4322.95,2866.6,3261.2,21,1,3261.1,445,3,3261.0,657,7,3260.9,47,3,3260.8,53,4,3262.0,115,3,3262.1,5,1,3262.3,45,1,3262.4,43,2,3262.5,883,2
11536,2025-12-30 12:49:12+05:30,3261.2,1,3250.07,993711,113777.0,116239.0,3250.0,3263.8,3239.8,3251.5,44235100,3576.6,2926.4,4322.95,2866.6,3261.2,16,1,3261.1,505,4,3261.0,596,7,3260.9,47,3,3260.8,53,4,3262.0,115,5,3262.1,5,1,3262.3,45,1,3262.4,52,3,3262.5,883,2
11536,2025-12-30 12:49:12+05:30,3262.0,2,3250.07,993711,113777.0,116239.0,3250.0,3263.8,3239.8,3251.5,44235100,3576.6,2926.4,4322.95,2866.6,3261.2,16,1,3261.1,505,4,3261.0,596,7,3260.9,47,3,3260.8,53,4,3262.0,115,5,3262.1,5,1,3262.3,45,1,3262.4,52,3,3262.5,883,2
11536,2025-12-30 12:49:13+05:30,3261.2,15,3250.07,993729,114172.0,116021.0,3250.0,3263.8,3239.8,3251.5,44235100,3576.6,2926.4,4322.95,2866.6,3261.1,505,4,3261.0,596,7,3260.9,66,4,3260.8,67,5,3260.7,106,5,3261.2,7,2,3262.0,109,6,3262.3,45,1,3262.4,52,3,3262.5,874,1
11536,2025-12-30 12:49:13+05:30,3261.2,1,3250.07,993729,114172.0,116021.0,3250.0,3263.8,3239.8,3251.5,44235100,3576.6,2926.4,4322.95,2866.6,3261.1,505,4,3261.0,596,7,3260.9,66,4,3260.8,67,5,3260.7,106,5,3261.2,7,2,3262.0,109,6,3262.3,45,1,3262.4,52,3,3262.5,874,1
11536,2025-12-30 12:49:14+05:30,3261.5,26,3250.07,993801,114139.0,116223.0,3250.0,3263.8,3239.8,3251.5,44235100,3576.6,2926.4,4322.95,2866.6,3261.5,8,1,3261.1,505,4,3261.0,596,7,3260.9,47,3,3260.8,91,5,3262.0,109,7,3262.1,45,1,3262.2,5,1,3262.4,43,2,3262.5,883,2
11536,2025-12-30 12:49:14+05:30,3261.5,1,3250.07,993801,114139.0,116223.0,3250.0,3263.8,3239.8,3251.5,44235100,3576.6,2926.4,4322.95,2866.6,3261.5,8,1,3261.1,505,4,3261.0,596,7,3260.9,47,3,3260.8,91,5,3262.0,109,7,3262.1,45,1,3262.2,5,1,3262.4,43,2,3262.5,883,2
11536,2025-12-30 12:49:15+05:30,3261.5,1,3250.07,993801,114139.0,116223.0,3250.0,3263.8,3239.8,3251.5,44235100,3576.6,2926.4,4322.95,2866.6,3261.5,8,1,3261.1,505,4,3261.0,596,7,3260.9,47,3,3260.8,91,5,3262.0,109,7,3262.1,45,1,3262.2,5,1,3262.4,43,2,3262.5,883,2
11536,2025-12-30 12:49:15+05:30,3261.5,1,3250.07,993806,113926.0,116113.0,3250.0,3263.8,3239.8,3251.5,44235100,3576.6,2926.4,4322.95,2866.6,3261.5,6,1,3261.4,21,1,3261.2,21,1,3261.1,445,3,3261.0,595,6,3262.0,181,8,3262.1,45,1,3262.2,5,1,3262.4,55,3,3262.5,883,2
11536,2025-12-30 12:49:16+05:30,3261.5,2,3250.07,993806,113926.0,116113.0,3250.0,3263.8,3239.8,3251.5,44235100,3576.6,2926.4,4322.95,2866.6,3261.5,6,1,3261.4,21,1,3261.2,21,1,3261.1,445,3,3261.0,595,6,3262.0,181,8,3262.1,45,1,3262.2,5,1,3262.4,55,3,3262.5,883,2
11536,2025-12-30 12:49:16+05:30,3261.5,2,3250.08,993830,113587.0,116150.0,3250.0,3263.8,3239.8,3251.5,44235100,3576.6,2926.4,4322.95,2866.6,3261.5,52,2,3261.4,21,1,3261.2,21,1,3261.1,445,3,3261.0,595,6,3262.0,243,12,3262.1,45,1,3262.4,14,2,3262.5,883,2,3262.6,92,1
11536,2025-12-30 12:49:17+05:30,3261.2,1,3250.08,993830,113587.0,116150.0,3250.0,3263.8,3239.8,3251.5,44235100,3576.6,2926.4,4322.95,2866.6,3261.5,52,2,3261.4,21,1,3261.2,21,1,3261.1,445,3,3261.0,595,6,3262.0,243,12,3262.1,45,1,3262.4,14,2,3262.5,883,2,3262.6,92,1
11536,2025-12-30 12:49:17+05:30,3261.2,1,3250.08,993905,113813.0,117206.0,3250.0,3263.8,3239.8,3251.5,44235100,3576.6,2926.4,4322.95,2866.6,3261.2,3,2,3261.1,445,3,3261.0,595,6,3260.9,47,3,3260.8,31,3,3261.4,8,5,3261.5,4,1,3262.0,250,10,3262.1,45,1,3262.4,14,2
11536,2025-12-30 12:49:18+05:30,3261.2,2,3250.08,993905,113813.0,117206.0,3250.0,3263.8,3239.8,3251.5,44235100,3576.6,2926.4,4322.95,2866.6,3261.2,3,2,3261.1,445,3,3261.0,595,6,3260.9,47,3,3260.8,31,3,3261.4,8,5,3261.5,4,1,3262.0,250,10,3262.1,45,1,3262.4,14,2
11536,2025-12-30 12:49:18+05:30,3261.2,1,3250.08,993915,115386.0,117110.0,3250.0,3263.8,3239.8,3251.5,44235100,3576.6,2926.4,4322.95,2866.6,3261.2,1,1,3261.1,445,3,3261.0,595,6,3260.9,47,3,3260.8,31,3,3261.4,10,7,3261.5,4,1,3262.0,248,8,3262.1,45,1,3262.4,32,3
11536,2025-12-30 12:49:19+05:30,3261.1,1,3250.08,993915,115386.0,117110.0,3250.0,3263.8,3239.8,3251.5,44235100,3576.6,2926.4,4322.95,2866.6,3261.2,1,1,3261.1,445,3,3261.0,595,6,3260.9,47,3,3260.8,31,3,3261.4,10,7,3261.5,4,1,3262.0,248,8,3262.1,45,1,3262.4,32,3
11536,2025-12-30 12:49:19+05:30,3261.1,3,3250.08,993951,115387.0,117138.0,3250.0,3263.8,3239.8,3251.5,44235100,3576.6,2926.4,4322.95,2866.6,3261.1,416,3,3261.0,595,6,3260.9,47,3,3260.8,31,3,3260.7,4,2,3261.2,3,2,3261.4,9,8,3261.9,45,1,3262.0,238,5,3262.3,9,1
11536,2025-12-30 12:49:20+05:30,3261.4,5,3250.08,993951,115387.0,117138.0,3250.0,3263.8,3239.8,3251.5,44235100,3576.6,2926.4,4322.95,2866.6,3261.1,416,3,3261.0,595,6,3260.9,47,3,3260.8,31,3,3260.7,4,2,3261.2,3,2,3261.4,9,8,3261.9,45,1,3262.0,238,5,3262.3,9,1
11536,2025-12-30 12:49:20+05:30,3261.4,5,3250.08,994014,113879.0,116023.0,3250.0,3263.8,3239.8,3251.5,44235100,3576.6,2926.4,4322.95,2866.6,3261.5,145,1,3261.4,21,1,3261.2,20,1,3261.1,488,5,3261.0,595,6,3262.0,245,9,3262.4,49,1,3262.5,945,4,3262.6,9,1,3262.7,92,1
11536,2025-12-30 12:49:21+05:30,3262.0,1,3250.08,994014,113879.0,116023.0,3250.0,3263.8,3239.8,3251.5,44235100,3576.6,2926.4,4322.95,2866.6,3261.5,145,1,3261.4,21,1,3261.2,20,1,3261.1,488,5,3261.0,595,6,3262.0,245,9,3262.4,49,1,3262.5,945,4,3262.6,9,1,3262.7,92,1
11536,2025-12-30 12:49:21+05:30,3262.0,1,3250.08,994015,113940.0,116090.0,3250.0,3263.8,3239.8,3251.5,44235100,3576.6,2926.4,4322.95,2866.6,3261.5,271,4,3261.4,21,1,3261.2,20,1,3261.1,413,4,3261.0,605,7,3262.0,241,8,3262.2,5,1,3262.4,49,1,3262.5,945,4,3262.6,9,1
11536,2025-12-30 12:49:22+05:30,3261.5,1,3250.08,994015,113940.0,116090.0,3250.0,3263.8,3239.8,3251.5,44235100,3576.6,2926.4,4322.95,2866.6,3261.5,271,4,3261.4,21,1,3261.2,20,1,3261.1,413,4,3261.0,605,7,3262.0,241,8,3262.2,5,1,3262.4,49,1,3262.5,945,4,3262.6,9,1
11536,2025-12-30 12:49:22+05:30,3261.5,1,3250.08,994035,113927.0,116138.0,3250.0,3263.8,3239.8,3251.5,44235100,3576.6,2926.4,4322.95,2866.6,3261.5,251,4,3261.4,21,1,3261.2,20,1,3261.1,413,4,3261.0,605,7,3262.0,239,7,3262.1,5,1,3262.4,49,1,3262.5,945,4,3262.6,31,2
11536,2025-12-30 12:49:23+05:30,3261.5,10,3250.08,994035,113927.0,116138.0,3250.0,3263.8,3239.8,3251.5,44235100,3576.6,2926.4,4322.95,2866.6,3261.5,251,4,3261.4,21,1,3261.2,20,1,3261.1,413,4,3261.0,605,7,3262.0,239,7,3262.1,5,1,3262.4,49,1,3262.5,945,4,3262.6,31,2
11536,2025-12-30 12:49:23+05:30,3261.5,10,3250.08,994046,113911.0,114758.0,3250.0,3263.8,3239.8,3251.5,44235100,3576.6,2926.4,4322.95,2866.6,3261.5,242,5,3261.4,21,1,3261.2,20,1,3261.1,413,4,3261.0,605,7,3262.0,240,9,3262.2,5,1,3262.4,49,1,3262.5,945,4,3262.6,31,2
11536,2025-12-30 12:49:24+05:30,3261.5,5,3250.08,994046,113911.0,114758.0,3250.0,3263.8,3239.8,3251.5,44235100,3576.6,2926.4,4322.95,2866.6,3261.5,242,5,3261.4,21,1,3261.2,20,1,3261.1,413,4,3261.0,605,7,3262.0,240,9,3262.2,5,1,3262.4,49,1,3262.5,945,4,3262.6,31,2
11536,2025-12-30 12:49:24+05:30,3261.5,5,3250.08,994051,113906.0,116165.0,3250.0,3263.8,3239.8,3251.5,44235100,3576.6,2926.4,4322.95,2866.6,3261.5,237,5,3261.4,21,1,3261.2,20,1,3261.1,413,4,3261.0,605,7,3262.0,242,11,3262.4,54,2,3262.5,937,3,3262.6,31,2,3262.8,98,6
11536,2025-12-30 12:49:25+05:30,3261.5,3,3250.08,994051,113906.0,116165.0,3250.0,3263.8,3239.8,3251.5,44235100,3576.6,2926.4,4322.95,2866.6,3261.5,237,5,3261.4,21,1,3261.2,20,1,3261.1,413,4,3261.0,605,7,3262.0,242,11,3262.4,54,2,3262.5,937,3,3262.6,31,2,3262.8,98,6
11536,2025-12-30 12:49:25+05:30,3261.5,3,3250.08,994065,113044.0,116435.0,3250.0,3263.8,3239.8,3251.5,44235100,3576.6,2926.4,4322.95,2866.6,3261.5,224,5,3261.4,21,1,3261.2,20,1,3261.1,410,3,3261.0,605,7,3262.0,259,14,3262.2,67,3,3262.3,9,1,3262.4,8,1,3262.5,937,3
11536,2025-12-30 12:49:26+05:30,3261.5,1,3250.08,994065,113044.0,116435.0,3250.0,3263.8,3239.8,3251.5,44235100,3576.6,2926.4,4322.95,2866.6,3261.5,224,5,3261.4,21,1,3261.2,20,1,3261.1,410,3,3261.0,605,7,3262.0,259,14,3262.2,67,3,3262.3,9,1,3262.4,8,1,3262.5,937,3
11536,2025-12-30 12:49:26+05:30,3261.5,1,3250.08,994070,113654.0,116860.0,3250.0,3263.8,3239.8,3251.5,44235100,3576.6,2926.4,4322.95,2866.6,3261.5,219,5,3261.4,21,1,3261.2,20,1,3261.1,410,3,3261.0,605,7,3262.0,261,16,3262.1,20,1,3262.2,98,5,3262.4,8,1,3262.5,937,3
11536,2025-12-30 12:49:27+05:30,3261.5,3,3250.08,994070,113654.0,116860.0,3250.0,3263.8,3239.8,3251.5,44235100,3576.6,2926.4,4322.95,2866.6,3261.5,219,5,3261.4,21,1,3261.2,20,1,3261.1,410,3,3261.0,605,7,3262.0,261,16,3262.1,20,1,3262.2,98,5,3262.4,8,1,3262.5,937,3
11536,2025-12-30 12:49:27+05:30,3261.5,1,3250.08,994155,113472.0,115450.0,3250.0,3263.8,3239.8,3251.5,44235100,3576.6,2926.4,4322.95,2866.6,3261.5,135,6,3261.4,21,1,3261.2,30,2,3261.1,410,3,3261.0,595,6,3262.0,264,16,3262.1,28,2,3262.2,98,5,3262.4,8,1,3262.5,1029,4
11536,2025-12-30 12:49:28+05:30,3261.5,1,3250.08,994155,113472.0,115450.0,3250.0,3263.8,3239.8,3251.5,44235100,3576.6,2926.4,4322.95,2866.6,3261.5,135,6,3261.4,21,1,3261.2,30,2,3261.1,410,3,3261.0,595,6,3262.0,264,16,3262.1,28,2,3262.2,98,5,3262.4,8,1,3262.5,1029,4
11536,2025-12-30 12:49:28+05:30,3261.5,1,3250.08,994285,112999.0,116133.0,3250.0,3263.8,3239.8,3251.5,44235100,3576.6,2926.4,4322.95,2866.6,3261.5,67,4,3261.4,21,1,3261.2,30,2,3261.1,410,3,3261.0,595,6,3262.0,145,14,3262.1,57,2,3262.2,16,2,3262.3,22,1,3262.4,31,2
11536,2025-12-30 12:49:29+05:30,3261.5,1,3250.08,994285,112999.0,116133.0,3250.0,3263.8,3239.8,3251.5,44235100,3576.6,2926.4,4322.95,2866.6,3261.5,67,4,3261.4,21,1,3261.2,30,2,3261.1,410,3,3261.0,595,6,3262.0,145,14,3262.1,57,2,3262.2,16,2,3262.3,22,1,3262.4,31,2
11536,2025-12-30 12:49:29+05:30,3261.5,1,3250.08,994316,112951.0,117877.0,3250.0,3263.8,3239.8,3251.5,44235100,3576.6,2926.4,4322.95,2866.6,3261.5,54,4,3261.4,21,1,3261.2,30,2,3261.1,410,3,3261.0,595,6,3262.0,137,11,3262.1,57,2,3262.2,16,2,3262.3,22,1,3262.4,31,2
11536,2025-12-30 12:49:30+05:30,3261.5,11,3250.08,994316,112951.0,117877.0,3250.0,3263.8,3239.8,3251.5,44235100,3576.6,2926.4,4322.95,2866.6,3261.5,54,4,3261.4,21,1,3261.2,30,2,3261.1,410,3,3261.0,595,6,3262.0,137,11,3262.1,57,2,3262.2,16,2,3262.3,22,1,3262.4,31,2
11536,2025-12-30 12:49:30+05:30,3261.5,11,3250.08,994366,112589.0,120754.0,3250.0,3263.8,3239.8,3251.5,44235100,3576.6,2926.4,4322.95,2866.6,3261.5,6,3,3261.2,30,2,3261.1,410,3,3261.0,610,7,3260.9,47,3,3262.0,318,13,3262.1,57,2,3262.2,16,2,3262.3,22,1,3262.4,123,3
11536,2025-12-30 12:49:31+05:30,3261.5,7,3250.08,994366,112589.0,120754.0,3250.0,3263.8,3239.8,3251.5,44235100,3576.6,2926.4,4322.95,2866.6,3261.5,6,3,3261.2,30,2,3261.1,410,3,3261.0,610,7,3260.9,47,3,3262.0,318,13,3262.1,57,2,3262.2,16,2,3262.3,22,1,3262.4,123,3
11536,2025-12-30 12:49:31+05:30,3261.5,7,3250.08,994403,112785.0,120601.0,3250.0,3263.8,3239.8,3251.5,44235100,3576.6,2926.4,4322.95,2866.6,3261.5,9,2,3261.2,30,2,3261.1,410,3,3261.0,610,7,3260.9,47,3,3262.0,310,13,3262.1,67,3,3262.2,16,2,3262.3,22,1,3262.4,31,2
11536,2025-12-30 12:49:32+05:30,3261.5,3,3250.08,994403,112785.0,120601.0,3250.0,3263.8,3239.8,3251.5,44235100,3576.6,2926.4,4322.95,2866.6,3261.5,9,2,3261.2,30,2,3261.1,410,3,3261.0,610,7,3260.9,47,3,3262.0,310,13,3262.1,67,3,3262.2,16,2,3262.3,22,1,3262.4,31,2
11536,2025-12-30 12:49:32+05:30,3261.5,3,3250.08,994417,112004.0,119697.0,3250.0,3263.8,3239.8,3251.5,44235100,3576.6,2926.4,4322.95,2866.6,3261.5,13,2,3261.4,6,1,3261.2,31,3,3261.1,417,4,3261.0,610,7,3262.0,306,14,3262.2,5,1,3262.4,34,3,3262.5,1091,5,3262.6,32,2
11536,2025-12-30 12:49:33+05:30,3261.5,3,3250.08,994417,112004.0,119697.0,3250.0,3263.8,3239.8,3251.5,44235100,3576.6,2926.4,4322.95,2866.6,3261.5,13,2,3261.4,6,1,3261.2,31,3,3261.1,417,4,3261.0,610,7,3262.0,306,14,3262.2,5,1,3262.4,34,3,3262.5,1091,5,3262.6,32,2
11536,2025-12-30 12:49:33+05:30,3261.5,3,3250.08,994434,113412.0,119682.0,3250.0,3263.8,3239.8,3251.5,44235100,3576.6,2926.4,4322.95,2866.6,3261.5,13,2,3261.4,6,1,3261.2,31,3,3261.1,417,4,3261.0,610,7,3262.0,310,16,3262.1,8,1,3262.2,5,1,3262.3,53,1,3262.4,34,3
11536,2025-12-30 12:49:34+05:30,3261.7,4,3250.08,994434,113412.0,119682.0,3250.0,3263.8,3239.8,3251.5,44235100,3576.6,2926.4,4322.95,2866.6,3261.5,13,2,3261.4,6,1,3261.2,31,3,3261.1,417,4,3261.0,610,7,3262.0,310,16,3262.1,8,1,3262.2,5,1,3262.3,53,1,3262.4,34,3
11536,2025-12-30 12:49:34+05:30,3261.7,4,3250.08,994450,113403.0,119773.0,3250.0,3263.8,3239.8,3251.5,44235100,3576.6,2926.4,4322.95,2866.6,3261.7,3,1,3261.5,3,2,3261.4,6,1,3261.2,31,3,3261.1,417,4,3262.0,309,16,3262.2,17,3,3262.3,53,1,3262.4,43,4,3262.5,1038,4
11536,2025-12-30 12:49:35+05:30,3261.7,3,3250.08,994450,113403.0,119773.0,3250.0,3263.8,3239.8,3251.5,44235100,3576.6,2926.4,4322.95,2866.6,3261.7,3,1,3261.5,3,2,3261.4,6,1,3261.2,31,3,3261.1,417,4,3262.0,309,16,3262.2,17,3,3262.3,53,1,3262.4,43,4,3262.5,1038,4
11536,2025-12-30 12:49:35+05:30,3261.7,2,3250.08,994462,113141.0,120137.0,3250.0,3263.8,3239.8,3251.5,44235100,3576.6,2926.4,4322.95,2866.6,3261.7,3,1,3261.5,3,2,3261.4,6,1,3261.2,31,3,3261.1,344,4,3262.0,305,15,3262.1,5,1,3262.3,53,1,3262.4,135,5,3262.5,946,3
11536,2025-12-30 12:49:36+05:30,3261.7,4,3250.08,994462,113141.0,120137.0,3250.0,3263.8,3239.8,3251.5,44235100,3576.6,2926.4,4322.95,2866.6,3261.7,3,1,3261.5,3,2,3261.4,6,1,3261.2,31,3,3261.1,344,4,3262.0,305,15,3262.1,5,1,3262.3,53,1,3262.4,135,5,3262.5,946,3
11536,2025-12-30 12:49:36+05:30,3261.7,52,3250.08,994526,112324.0,121091.0,3250.0,3263.8,3239.8,3251.5,44235100,3576.6,2926.4,4322.95,2866.6,3261.5,3,2,3261.4,6,1,3261.2,31,3,3261.1,344,4,3261.0,506,6,3261.7,8,1,3262.0,306,14,3262.1,5,1,3262.2,15,2,3262.3,145,2
11536,2025-12-30 12:49:37+05:30,3261.7,1,3250.08,994526,112324.0,121091.0,3250.0,3263.8,3239.8,3251.5,44235100,3576.6,2926.4,4322.95,2866.6,3261.5,3,2,3261.4,6,1,3261.2,31,3,3261.1,344,4,3261.0,506,6,3261.7,8,1,3262.0,306,14,3262.1,5,1,3262.2,15,2,3262.3,145,2
11536,2025-12-30 12:49:37+05:30,3261.7,4,3250.08,994537,112844.0,120814.0,3250.0,3263.8,3239.8,3251.5,44235100,3576.6,2926.4,4322.95,2866.6,3261.5,13,2,3261.4,6,1,3261.2,31,3,3261.1,344,4,3261.0,541,7,3261.7,20,4,3261.9,58,2,3262.0,294,10,3262.1,5,1,3262.2,15,2
11536,2025-12-30 12:49:38+05:30,3262.0,3,3250.08,994537,112844.0,120814.0,3250.0,3263.8,3239.8,3251.5,44235100,3576.6,2926.4,4322.95,2866.6,3261.5,13,2,3261.4,6,1,3261.2,31,3,3261.1,344,4,3261.0,541,7,3261.7,20,4,3261.9,58,2,3262.0,294,10,3262.1,5,1,3262.2,15,2
11536,2025-12-30 12:49:38+05:30,3261.5,1,3250.09,994708,113038.0,119575.0,3250.0,3263.8,3239.8,3251.5,44235100,3576.6,2926.4,4322.95,2866.6,3261.5,11,2,3261.4,6,1,3261.2,31,3,3261.1,344,4,3261.0,541,7,3262.0,414,10,3262.1,5,1,3262.2,17,2,3262.3,53,1,3262.4,102,3
11536,2025-12-30 12:49:39+05:30,3261.5,1,3250.09,994708,113038.0,119575.0,3250.0,3263.8,3239.8,3251.5,44235100,3576.6,2926.4,4322.95,2866.6,3261.5,11,2,3261.4,6,1,3261.2,31,3,3261.1,344,4,3261.0,541,7,3262.0,414,10,3262.1,5,1,3262.2,17,2,3262.3,53,1,3262.4,102,3
11536,2025-12-30 12:49:40+05:30,3261.5,1,3250.09,994720,113221.0,120397.0,3250.0,3263.8,3239.8,3251.5,44235100,3576.6,2926.4,4322.95,2866.6,3261.5,9,2,3261.4,6,1,3261.2,31,3,3261.1,344,4,3261.0,541,7,3262.0,406,12,3262.1,5,1,3262.2,17,2,3262.4,10,2,3262.5,1016,3
11536,2025-12-30 12:49:40+05:30,3261.5,43,3250.09,994720,113221.0,120397.0,3250.0,3263.8,3239.8,3251.5,44235100,3576.6,2926.4,4322.95,2866.6,3261.5,9,2,3261.4,6,1,3261.2,31,3,3261.1,344,4,3261.0,541,7,3262.0,406,12,3262.1,5,1,3262.2,17,2,3262.4,10,2,3262.5,1016,3
11536,2025-12-30 12:49:41+05:30,3261.5,43,3250.09,994772,113115.0,120546.0,3250.0,3263.8,3239.8,3251.5,44235100,3576.6,2926.4,4322.95,2866.6,3261.5,26,3,3261.4,6,1,3261.2,31,3,3261.1,344,4,3261.0,579,8,3262.0,404,14,3262.1,5,1,3262.2,17,2,3262.3,53,1,3262.4,10,2
11536,2025-12-30 12:49:41+05:30,3261.5,4,3250.09,994772,113115.0,120546.0,3250.0,3263.8,3239.8,3251.5,44235100,3576.6,2926.4,4322.95,2866.6,3261.5,26,3,3261.4,6,1,3261.2,31,3,3261.1,344,4,3261.0,579,8,3262.0,404,14,3262.1,5,1,3262.2,17,2,3262.3,53,1,3262.4,10,2
11536,2025-12-30 12:49:41+05:30,3261.5,4,3250.09,994809,112966.0,120401.0,3250.0,3263.8,3239.8,3251.5,44235100,3576.6,2926.4,4322.95,2866.6,3261.5,1,1,3261.4,6,1,3261.2,31,3,3261.1,344,4,3261.0,541,7,3261.9,7,2,3262.0,398,14,3262.2,10,1,3262.3,22,2,3262.4,53,1
11536,2025-12-30 12:49:42+05:30,3261.4,15,3250.09,994809,112966.0,120401.0,3250.0,3263.8,3239.8,3251.5,44235100,3576.6,2926.4,4322.95,2866.6,3261.5,1,1,3261.4,6,1,3261.2,31,3,3261.1,344,4,3261.0,541,7,3261.9,7,2,3262.0,398,14,3262.2,10,1,3262.3,22,2,3262.4,53,1
11536,2025-12-30 12:49:43+05:30,3261.4,1,3250.09,994829,112096.0,119250.0,3250.0,3263.8,3239.8,3251.5,44235100,3576.6,2926.4,4322.95,2866.6,3261.4,5,1,3261.2,31,3,3261.1,368,5,3261.0,618,9,3260.9,47,3,3261.9,6,6,3262.0,389,11,3262.2,10,1,3262.4,10,1,3262.5,1032,4
11536,2025-12-30 12:49:43+05:30,3261.4,8,3250.09,994829,112096.0,119250.0,3250.0,3263.8,3239.8,3251.5,44235100,3576.6,2926.4,4322.95,2866.6,3261.4,5,1,3261.2,31,3,3261.1,368,5,3261.0,618,9,3260.9,47,3,3261.9,6,6,3262.0,389,11,3262.2,10,1,3262.4,10,1,3262.5,1032,4
11536,2025-12-30 12:49:44+05:30,3261.4,2,3250.09,994843,113269.0,119053.0,3250.0,3263.8,3239.8,3251.5,44235100,3576.6,2926.4,4322.95,2866.6,3261.4,4,1,3261.2,31,3,3261.1,344,4,3261.0,541,7,3260.9,47,3,3261.9,8,8,3262.0,386,8,3262.2,53,1,3262.4,102,2,3262.5,964,4
11536,2025-12-30 12:49:44+05:30,3261.4,1,3250.09,994843,113269.0,119053.0,3250.0,3263.8,3239.8,3251.5,44235100,3576.6,2926.4,4322.95,2866.6,3261.4,4,1,3261.2,31,3,3261.1,344,4,3261.0,541,7,3260.9,47,3,3261.9,8,8,3262.0,386,8,3262.2,53,1,3262.4,102,2,3262.5,964,4
11536,2025-12-30 12:49:45+05:30,3261.4,1,3250.09,994863,113168.0,120946.0,3250.0,3263.8,3239.8,3251.5,44235100,3576.6,2926.4,4322.95,2866.6,3261.4,2,1,3261.2,31,3,3261.1,344,4,3261.0,526,6,3260.9,47,3,3261.9,13,8,3262.0,391,8,3262.2,20,2,3262.4,102,2,3262.5,964,4
11536,2025-12-30 12:49:45+05:30,3261.9,1,3250.09,994863,113168.0,120946.0,3250.0,3263.8,3239.8,3251.5,44235100,3576.6,2926.4,4322.95,2866.6,3261.4,2,1,3261.2,31,3,3261.1,344,4,3261.0,526,6,3260.9,47,3,3261.9,13,8,3262.0,391,8,3262.2,20,2,3262.4,102,2,3262.5,964,4
11536,2025-12-30 12:49:46+05:30,3261.9,2,3250.09,995268,116696.0,120378.0,3250.0,3263.8,3239.8,3251.5,44235100,3576.6,2926.4,4322.95,2866.6,3261.9,397,1,3261.4,22,1,3261.2,32,3,3261.1,344,4,3261.0,564,7,3262.0,404,10,3262.3,6,1,3262.4,53,1,3262.5,924,2,3262.6,10,1
11536,2025-12-30 12:49:46+05:30,3262.0,1,3250.09,995268,116696.0,120378.0,3250.0,3263.8,3239.8,3251.5,44235100,3576.6,2926.4,4322.95,2866.6,3261.9,397,1,3261.4,22,1,3261.2,32,3,3261.1,344,4,3261.0,564,7,3262.0,404,10,3262.3,6,1,3262.4,53,1,3262.5,924,2,3262.6,10,1
11536,2025-12-30 12:49:47+05:30,3261.9,76,3250.09,995345,116974.0,120353.0,3250.0,3263.8,3239.8,3251.5,44235100,3576.6,2926.4,4322.95,2866.6,3261.9,321,1,3261.4,22,1,3261.2,32,3,3261.1,344,4,3261.0,564,7,3262.0,405,12,3262.3,6,1,3262.5,924,2,3262.6,10,1,3262.7,31,1
11536,2025-12-30 12:49:47+05:30,3261.9,1,3250.09,995345,116974.0,120353.0,3250.0,3263.8,3239.8,3251.5,44235100,3576.6,2926.4,4322.95,2866.6,3261.9,321,1,3261.4,22,1,3261.2,32,3,3261.1,344,4,3261.0,564,7,3262.0,405,12,3262.3,6,1,3262.5,924,2,3262.6,10,1,3262.7,31,1
11536,2025-12-30 12:49:48+05:30,3261.9,1,3250.09,995466,115063.0,120125.0,3250.0,3263.8,3239.8,3251.5,44235100,3576.6,2926.4,4322.95,2866.6,3261.9,201,2,3261.4,22,1,3261.2,32,3,3261.1,339,3,3261.0,564,7,3262.0,397,12,3262.1,6,1,3262.4,6,1,3262.5,977,3,3262.6,10,1
11536,2025-12-30 12:49:48+05:30,3262.8,8,3250.09,995466,115063.0,120125.0,3250.0,3263.8,3239.8,3251.5,44235100,3576.6,2926.4,4322.95,2866.6,3261.9,201,2,3261.4,22,1,3261.2,32,3,3261.1,339,3,3261.0,564,7,3262.0,397,12,3262.1,6,1,3262.4,6,1,3262.5,977,3,3262.6,10,1
11536,2025-12-30 12:49:49+05:30,3261.9,1,3250.11,997147,115872.0,116933.0,3250.0,3263.8,3239.8,3251.5,44235100,3576.6,2926.4,4322.95,2866.6,3261.9,200,2,3261.8,21,1,3261.7,19,1,3261.6,161,4,3261.5,10,1,3262.9,66,3,3263.0,202,6,3263.2,81,4,3263.4,264,4,3263.5,16,1
11536,2025-12-30 12:49:49+05:30,3261.9,1,3250.11,997147,115872.0,116933.0,3250.0,3263.8,3239.8,3251.5,44235100,3576.6,2926.4,4322.95,2866.6,3261.9,200,2,3261.8,21,1,3261.7,19,1,3261.6,161,4,3261.5,10,1,3262.9,66,3,3263.0,202,6,3263.2,81,4,3263.4,264,4,3263.5,16,1
11536,2025-12-30 12:49:50+05:30,3262.9,1,3250.11,997158,116056.0,117053.0,3250.0,3263.8,3239.8,3251.5,44235100,3576.6,2926.4,4322.95,2866.6,3261.9,335,3,3261.8,63,3,3261.7,111,2,3261.6,59,2,3261.4,185,5,3262.9,81,6,3263.0,202,6,3263.1,63,2,3263.2,10,1,3263.4,172,3
11536,2025-12-30 12:49:50+05:30,3261.9,131,3250.11,997158,116056.0,117053.0,3250.0,3263.8,3239.8,3251.5,44235100,3576.6,2926.4,4322.95,2866.6,3261.9,335,3,3261.8,63,3,3261.7,111,2,3261.6,59,2,3261.4,185,5,3262.9,81,6,3263.0,202,6,3263.1,63,2,3263.2,10,1,3263.4,172,3
11536,2025-12-30 12:49:51+05:30,3261.9,131,3250.12,997762,115134.0,116544.0,3250.0,3263.8,3239.8,3251.5,44235100,3576.6,2926.4,4322.95,2866.6,3261.9,424,4,3261.8,114,2,3261.7,55,1,3261.6,21,1,3261.5,45,1,3262.9,58,8,3263.0,102,5,3263.2,20,2,3263.4,21,2,3263.5,108,2
11536,2025-12-30 12:49:51+05:30,3261.9,1,3250.12,997762,115134.0,116544.0,3250.0,3263.8,3239.8,3251.5,44235100,3576.6,2926.4,4322.95,2866.6,3261.9,424,4,3261.8,114,2,3261.7,55,1,3261.6,21,1,3261.5,45,1,3262.9,58,8,3263.0,102,5,3263.2,20,2,3263.4,21,2,3263.5,108,2
11536,2025-12-30 12:49:52+05:30,3261.9,1,3250.12,997769,115478.0,116845.0,3250.0,3263.8,3239.8,3251.5,44235100,3576.6,2926.4,4322.95,2866.6,3261.9,544,6,3261.8,168,3,3261.7,118,3,3261.6,59,2,3261.4,182,5,3262.9,125,11,3263.0,96,4,3263.1,55,1,3263.2,30,3,3263.4,21,2
11536,2025-12-30 12:49:52+05:30,3263.2,6,3250.12,997769,115478.0,116845.0,3250.0,3263.8,3239.8,3251.5,44235100,3576.6,2926.4,4322.95,2866.6,3261.9,544,6,3261.8,168,3,3261.7,118,3,3261.6,59,2,3261.4,182,5,3262.9,125,11,3263.0,96,4,3263.1,55,1,3263.2,30,3,3263.4,21,2
11536,2025-12-30 12:49:53+05:30,3264.0,1,3250.23,1005621,118485.0,111629.0,3250.0,3265.1,3239.8,3251.5,44235100,3576.6,2926.4,4322.95,2866.6,3263.2,9,1,3263.0,55,1,3262.9,9,1,3262.8,174,3,3262.7,61,1,3264.0,124,3,3264.2,5,1,3264.3,11,1,3264.4,265,4,3264.5,22,2
11536,2025-12-30 12:49:53+05:30,3264.0,28,3250.23,1005621,118485.0,111629.0,3250.0,3265.1,3239.8,3251.5,44235100,3576.6,2926.4,4322.95,2866.6,3263.2,9,1,3263.0,55,1,3262.9,9,1,3262.8,174,3,3262.7,61,1,3264.0,124,3,3264.2,5,1,3264.3,11,1,3264.4,265,4,3264.5,22,2
11536,2025-12-30 12:49:54+05:30,3264.0,28,3250.25,1006493,119333.0,113108.0,3250.0,3265.1,3239.8,3251.5,44235100,3576.6,2926.4,4322.95,2866.6,3263.2,10,2,3263.0,30,2,3262.9,3,1,3262.8,21,1,3262.7,130,3,3264.0,141,7,3264.1,10,1,3264.2,12,2,3264.3,55,1,3264.4,234,1
11536,2025-12-30 12:49:54+05:30,3263.2,246,3250.25,1006493,119333.0,113108.0,3250.0,3265.1,3239.8,3251.5,44235100,3576.6,2926.4,4322.95,2866.6,3263.2,10,2,3263.0,30,2,3262.9,3,1,3262.8,21,1,3262.7,130,3,3264.0,141,7,3264.1,10,1,3264.2,12,2,3264.3,55,1,3264.4,234,1
11536,2025-12-30 12:49:55+05:30,3264.0,1,3250.28,1008839,118894.0,113251.0,3250.0,3265.1,3239.8,3251.5,44235100,3576.6,2926.4,4322.95,2866.6,3263.4,60,2,3263.3,54,2,3263.2,3,1,3263.1,40,2,3263.0,54,3,3264.0,203,6,3264.3,6,1,3264.6,52,3,3264.7,175,1,3264.8,209,4
11536,2025-12-30 12:49:55+05:30,3263.4,7,3250.28,1008839,118894.0,113251.0,3250.0,3265.1,3239.8,3251.5,44235100,3576.6,2926.4,4322.95,2866.6,3263.4,60,2,3263.3,54,2,3263.2,3,1,3263.1,40,2,3263.0,54,3,3264.0,203,6,3264.3,6,1,3264.6,52,3,3264.7,175,1,3264.8,209,4
11536,2025-12-30 12:49:55+05:30,3263.3,23,3250.29,1009533,118140.0,113965.0,3250.0,3265.1,3239.8,3251.5,44235100,3576.6,2926.4,4322.95,2866.6,3263.2,12,2,3263.1,54,2,3263.0,27,1,3262.9,27,1,3262.8,27,1,3263.3,87,1,3264.0,145,7,3264.3,10,1,3264.4,10,1,3264.6,33,3
11536,2025-12-30 12:49:56+05:30,3263.2,1,3250.29,1009533,118140.0,113965.0,3250.0,3265.1,3239.8,3251.5,44235100,3576.6,2926.4,4322.95,2866.6,3263.2,12,2,3263.1,54,2,3263.0,27,1,3262.9,27,1,3262.8,27,1,3263.3,87,1,3264.0,145,7,3264.3,10,1,3264.4,10,1,3264.6,33,3
11536,2025-12-30 12:49:57+05:30,3264.0,8,3250.3,1010999,119475.0,113392.0,3250.0,3265.1,3239.8,3251.5,44235100,3576.6,2926.4,4322.95,2866.6,3263.3,5,1,3263.2,13,2,3263.1,24,1,3263.0,128,5,3262.9,121,2,3264.0,79,5,3264.3,6,1,3264.5,6,1,3264.6,31,2,3264.7,175,1
11536,2025-12-30 12:49:57+05:30,3263.3,5,3250.3,1010999,119475.0,113392.0,3250.0,3265.1,3239.8,3251.5,44235100,3576.6,2926.4,4322.95,2866.6,3263.3,5,1,3263.2,13,2,3263.1,24,1,3263.0,128,5,3262.9,121,2,3264.0,79,5,3264.3,6,1,3264.5,6,1,3264.6,31,2,3264.7,175,1
11536,2025-12-30 12:49:58+05:30,3263.2,1,3250.3,1011012,117889.0,114341.0,3250.0,3265.1,3239.8,3251.5,44235100,3576.6,2926.4,4322.95,2866.6,3263.2,7,2,3263.1,27,2,3263.0,46,3,3262.9,68,3,3262.8,48,2,3263.3,10,3,3264.0,99,5,3264.4,45,1,3264.6,179,3,3264.7,331,2
11536,2025-12-30 12:49:58+05:30,3263.2,10,3250.3,1011012,117889.0,114341.0,3250.0,3265.1,3239.8,3251.5,44235100,3576.6,2926.4,4322.95,2866.6,3263.2,7,2,3263.1,27,2,3263.0,46,3,3262.9,68,3,3262.8,48,2,3263.3,10,3,3264.0,99,5,3264.4,45,1,3264.6,179,3,3264.7,331,2
11536,2025-12-30 12:49:59+05:30,3264.0,1,3250.31,1011484,119743.0,113773.0,3250.0,3265.1,3239.8,3251.5,44235100,3576.6,2926.4,4322.95,2866.6,3263.3,15,2,3263.2,76,2,3263.1,34,4,3263.0,151,4,3262.9,31,3,3264.0,52,5,3264.2,6,1,3264.4,45,1,3264.5,6,1,3264.6,10,1
11536,2025-12-30 12:49:59+05:30,3263.3,5,3250.31,1011484,119743.0,113773.0,3250.0,3265.1,3239.8,3251.5,44235100,3576.6,2926.4,4322.95,2866.6,3263.3,15,2,3263.2,76,2,3263.1,34,4,3263.0,151,4,3262.9,31,3,3264.0,52,5,3264.2,6,1,3264.4,45,1,3264.5,6,1,3264.6,10,1
11536,2025-12-30 12:50:00+05:30,3263.3,5,3250.31,1011499,119588.0,114028.0,3250.0,3265.1,3239.8,3251.5,44235100,3576.6,2926.4,4322.95,2866.6,3263.2,76,2,3263.1,14,2,3263.0,13,1,3262.9,4,2,3262.8,46,2,3263.3,3,3,3264.0,43,6,3264.1,13,1,3264.4,73,3,3264.5,61,2
11536,2025-12-30 12:50:00+05:30,3263.1,3,3250.31,1011499,119588.0,114028.0,3250.0,3265.1,3239.8,3251.5,44235100,3576.6,2926.4,4322.95,2866.6,3263.2,76,2,3263.1,14,2,3263.0,13,1,3262.9,4,2,3262.8,46,2,3263.3,3,3,3264.0,43,6,3264.1,13,1,3264.4,73,3,3264.5,61,2
11536,2025-12-30 12:50:01+05:30,3263.1,44,3250.31,1011721,116590.0,114519.0,3250.0,3265.1,3239.8,3251.5,44235100,3576.6,2926.4,4322.95,2866.6,3263.1,11,1,3263.0,53,2,3262.9,4,2,3262.7,105,2,3262.6,21,1,3263.2,16,3,3263.3,3,3,3263.8,43,1,3263.9,52,1,3264.0,9,3
11536,2025-12-30 12:50:01+05:30,3263.1,2,3250.31,1011721,116590.0,114519.0,3250.0,3265.1,3239.8,3251.5,44235100,3576.6,2926.4,4322.95,2866.6,3263.1,11,1,3263.0,53,2,3262.9,4,2,3262.7,105,2,3262.6,21,1,3263.2,16,3,3263.3,3,3,3263.8,43,1,3263.9,52,1,3264.0,9,3
11536,2025-12-30 12:50:02+05:30,3263.0,5,3250.31,1011792,116318.0,115048.0,3250.0,3265.1,3239.8,3251.5,44235100,3576.6,2926.4,4322.95,2866.6,3263.0,8,1,3262.9,4,2,3262.6,21,1,3262.4,39,2,3262.3,92,1,3263.1,20,4,3263.2,21,7,3263.3,1,1,3263.8,95,2,3264.0,25,2
11536,2025-12-30 12:50:02+05:30,3262.9,1,3250.31,1011792,116318.0,115048.0,3250.0,3265.1,3239.8,3251.5,44235100,3576.6,2926.4,4322.95,2866.6,3263.0,8,1,3262.9,4,2,3262.6,21,1,3262.4,39,2,3262.3,92,1,3263.1,20,4,3263.2,21,7,3263.3,1,1,3263.8,95,2,3264.0,25,2
11536,2025-12-30 12:50:03+05:30,3262.9,2,3250.32,1011902,116935.0,114854.0,3250.0,3265.1,3239.8,3251.5,44235100,3576.6,2926.4,4322.95,2866.6,3262.6,92,1,3262.5,34,1,3262.4,92,4,3262.3,24,1,3262.2,325,6,3262.9,5,2,3263.0,10,3,3263.1,22,6,3263.2,8,5,3263.3,44,2
11536,2025-12-30 12:50:03+05:30,3262.9,1,3250.32,1011902,116935.0,114854.0,3250.0,3265.1,3239.8,3251.5,44235100,3576.6,2926.4,4322.95,2866.6,3262.6,92,1,3262.5,34,1,3262.4,92,4,3262.3,24,1,3262.2,325,6,3262.9,5,2,3263.0,10,3,3263.1,22,6,3263.2,8,5,3263.3,44,2
11536,2025-12-30 12:50:04+05:30,3262.6,21,3250.32,1012075,116716.0,114511.0,3250.0,3265.1,3239.8,3251.5,44235100,3576.6,2926.4,4322.95,2866.6,3262.6,151,2,3262.5,50,2,3262.4,92,4,3262.2,76,3,3262.1,139,5,3262.9,15,6,3263.0,10,3,3263.1,3,3,3263.2,2,2,3263.4,43,1
11536,2025-12-30 12:50:04+05:30,3262.2,70,3250.32,1012075,116716.0,114511.0,3250.0,3265.1,3239.8,3251.5,44235100,3576.6,2926.4,4322.95,2866.6,3262.6,151,2,3262.5,50,2,3262.4,92,4,3262.2,76,3,3262.1,139,5,3262.9,15,6,3263.0,10,3,3263.1,3,3,3263.2,2,2,3263.4,43,1
11536,2025-12-30 12:50:05+05:30,3262.5,1,3250.32,1012293,115780.0,115992.0,3250.0,3265.1,3239.8,3251.5,44235100,3576.6,2926.4,4322.95,2866.6,3262.1,30,1,3262.0,60,2,3261.9,49,4,3261.8,88,3,3261.7,42,3,3262.5,8,3,3262.6,3,1,3262.9,127,10,3263.0,2,1,3263.6,10,1
11536,2025-12-30 12:50:05+05:30,3262.1,3,3250.32,1012293,115780.0,115992.0,3250.0,3265.1,3239.8,3251.5,44235100,3576.6,2926.4,4322.95,2866.6,3262.1,30,1,3262.0,60,2,3261.9,49,4,3261.8,88,3,3261.7,42,3,3262.5,8,3,3262.6,3,1,3262.9,127,10,3263.0,2,1,3263.6,10,1
11536,2025-12-30 12:50:06+05:30,3262.2,15,3250.32,1012358,116276.0,115886.0,3250.0,3265.1,3239.8,3251.5,44235100,3576.6,2926.4,4322.95,2866.6,3262.2,3,1,3262.1,29,2,3262.0,77,3,3261.9,80,5,3261.8,88,3,3262.5,13,6,3262.6,3,1,3262.9,121,8,3263.9,2,1,3264.0,153,5
11536,2025-12-30 12:50:06+05:30,3262.2,2,3250.32,1012358,116276.0,115886.0,3250.0,3265.1,3239.8,3251.5,44235100,3576.6,2926.4,4322.95,2866.6,3262.2,3,1,3262.1,29,2,3262.0,77,3,3261.9,80,5,3261.8,88,3,3262.5,13,6,3262.6,3,1,3262.9,121,8,3263.9,2,1,3264.0,153,5
11536,2025-12-30 12:50:07+05:30,3262.1,4,3250.32,1012617,117432.0,115650.0,3250.0,3265.1,3239.8,3251.5,44235100,3576.6,2926.4,4322.95,2866.6,3262.1,4,1,3261.9,27,3,3261.8,64,2,3261.7,49,2,3261.6,245,3,3262.8,95,2,3262.9,125,6,3263.0,10,1,3263.4,10,1,3263.5,10,1
11536,2025-12-30 12:50:07+05:30,3262.1,1,3250.32,1012617,117432.0,115650.0,3250.0,3265.1,3239.8,3251.5,44235100,3576.6,2926.4,4322.95,2866.6,3262.1,4,1,3261.9,27,3,3261.8,64,2,3261.7,49,2,3261.6,245,3,3262.8,95,2,3262.9,125,6,3263.0,10,1,3263.4,10,1,3263.5,10,1
11536,2025-12-30 12:50:08+05:30,3262.1,1,3250.32,1012637,115698.0,116197.0,3250.0,3265.1,3239.8,3251.5,44235100,3576.6,2926.4,4322.95,2866.6,3262.1,42,2,3261.9,78,4,3261.8,55,2,3261.7,14,2,3261.6,64,2,3262.6,44,2,3262.7,52,1,3262.8,4,1,3262.9,122,3,3263.0,10,1
11536,2025-12-30 12:50:08+05:30,3262.1,1,3250.32,1012637,115698.0,116197.0,3250.0,3265.1,3239.8,3251.5,44235100,3576.6,2926.4,4322.95,2866.6,3262.1,42,2,3261.9,78,4,3261.8,55,2,3261.7,14,2,3261.6,64,2,3262.6,44,2,3262.7,52,1,3262.8,4,1,3262.9,122,3,3263.0,10,1
11536,2025-12-30 12:50:09+05:30,3261.9,1,3250.33,1012683,115267.0,114898.0,3250.0,3265.1,3239.8,3251.5,44235100,3576.6,2926.4,4322.95,2866.6,3261.9,117,6,3261.8,82,4,3261.7,30,2,3261.6,110,4,3261.5,104,4,3262.1,4,1,3262.6,2,2,3262.8,4,1,3262.9,114,2,3263.0,43,1
11536,2025-12-30 12:50:09+05:30,3261.9,1,3250.33,1012683,115267.0,114898.0,3250.0,3265.1,3239.8,3251.5,44235100,3576.6,2926.4,4322.95,2866.6,3261.9,117,6,3261.8,82,4,3261.7,30,2,3261.6,110,4,3261.5,104,4,3262.1,4,1,3262.6,2,2,3262.8,4,1,3262.9,114,2,3263.0,43,1
11536,2025-12-30 12:50:10+05:30,3261.9,4,3250.33,1012697,115209.0,116810.0,3250.0,3265.1,3239.8,3251.5,44235100,3576.6,2926.4,4322.95,2866.6,3261.9,94,5,3261.8,43,2,3261.7,30,2,3261.6,77,3,3261.5,161,6,3262.1,9,4,3262.6,1,1,3262.7,43,1,3262.8,4,1,3262.9,114,2
11536,2025-12-30 12:50:10+05:30,3261.9,20,3250.33,1012697,115209.0,116810.0,3250.0,3265.1,3239.8,3251.5,44235100,3576.6,2926.4,4322.95,2866.6,3261.9,94,5,3261.8,43,2,3261.7,30,2,3261.6,77,3,3261.5,161,6,3262.1,9,4,3262.6,1,1,3262.7,43,1,3262.8,4,1,3262.9,114,2
11536,2025-12-30 12:50:11+05:30,3262.1,1,3250.33,1012808,116012.0,116370.0,3250.0,3265.1,3239.8,3251.5,44235100,3576.6,2926.4,4322.95,2866.6,3262.5,33,1,3261.9,429,4,3261.8,22,1,3261.7,58,3,3261.6,106,4,3262.6,1,1,3262.9,114,2,3263.7,88,2,3263.8,92,1,3263.9,22,2
11536,2025-12-30 12:50:11+05:30,3262.5,1,3250.33,1012808,116012.0,116370.0,3250.0,3265.1,3239.8,3251.5,44235100,3576.6,2926.4,4322.95,2866.6,3262.5,33,1,3261.9,429,4,3261.8,22,1,3261.7,58,3,3261.6,106,4,3262.6,1,1,3262.9,114,2,3263.7,88,2,3263.8,92,1,3263.9,22,2
11536,2025-12-30 12:50:12+05:30,3262.5,1,3250.33,1012817,116332.0,116462.0,3250.0,3265.1,3239.8,3251.5,44235100,3576.6,2926.4,4322.95,2866.6,3262.5,28,2,3262.0,20,1,3261.9,416,3,3261.8,22,1,3261.7,49,2,3262.6,19,5,3262.8,40,1,3262.9,114,2,3263.1,48,1,3263.3,32,2
11536,2025-12-30 12:50:12+05:30,3262.6,1,3250.33,1012817,116332.0,116462.0,3250.0,3265.1,3239.8,3251.5,44235100,3576.6,2926.4,4322.95,2866.6,3262.5,28,2,3262.0,20,1,3261.9,416,3,3261.8,22,1,3261.7,49,2,3262.6,19,5,3262.8,40,1,3262.9,114,2,3263.1,48,1,3263.3,32,2
11536,2025-12-30 12:50:13+05:30,3262.5,7,3250.33,1012853,116056.0,116580.0,3250.0,3265.1,3239.8,3251.5,44235100,3576.6,2926.4,4322.95,2866.6,3261.9,416,3,3261.8,53,2,3261.7,81,3,3261.6,151,5,3261.5,130,5,3262.5,3,2,3262.6,22,9,3262.8,40,1,3262.9,114,2,3263.0,48,1
11536,2025-12-30 12:50:13+05:30,3261.9,1,3250.33,1012853,116056.0,116580.0,3250.0,3265.1,3239.8,3251.5,44235100,3576.6,2926.4,4322.95,2866.6,3261.9,416,3,3261.8,53,2,3261.7,81,3,3261.6,151,5,3261.5,130,5,3262.5,3,2,3262.6,22,9,3262.8,40,1,3262.9,114,2,3263.0,48,1
11536,2025-12-30 12:50:14+05:30,3261.9,8,3250.33,1012869,116121.0,116555.0,3250.0,3265.1,3239.8,3251.5,44235100,3576.6,2926.4,4322.95,2866.6,3261.9,519,6,3261.8,116,4,3261.7,6,1,3261.6,183,6,3261.5,178,6,3262.5,18,5,3262.6,6,6,3262.8,40,1,3262.9,114,2,3263.0,48,1
11536,2025-12-30 12:50:14+05:30,3261.9,8,3250.33,1012869,116121.0,116555.0,3250.0,3265.1,3239.8,3251.5,44235100,3576.6,2926.4,4322.95,2866.6,3261.9,519,6,3261.8,116,4,3261.7,6,1,3261.6,183,6,3261.5,178,6,3262.5,18,5,3262.6,6,6,3262.8,40,1,3262.9,114,2,3263.0,48,1
11536,2025-12-30 12:50:14+05:30,3261.9,1,3250.33,1012869,116121.0,116555.0,3250.0,3265.1,3239.8,3251.5,44235100,3576.6,2926.4,4322.95,2866.6,3261.9,519,6,3261.8,116,4,3261.7,6,1,3261.6,183,6,3261.5,178,6,3262.5,18,5,3262.6,6,6,3262.8,40,1,3262.9,114,2,3263.0,48,1
11536,2025-12-30 12:50:15+05:30,3262.5,1,3250.33,1012881,116490.0,116405.0,3250.0,3265.1,3239.8,3251.5,44235100,3576.6,2926.4,4322.95,2866.6,3261.9,508,6,3261.8,116,4,3261.7,6,1,3261.6,183,6,3261.5,178,6,3262.5,20,7,3262.6,2,2,3262.8,40,1,3262.9,114,2,3263.0,48,1
11536,2025-12-30 12:50:15+05:30,3262.5,1,3250.33,1012881,116490.0,116405.0,3250.0,3265.1,3239.8,3251.5,44235100,3576.6,2926.4,4322.95,2866.6,3261.9,508,6,3261.8,116,4,3261.7,6,1,3261.6,183,6,3261.5,178,6,3262.5,20,7,3262.6,2,2,3262.8,40,1,3262.9,114,2,3263.0,48,1
11536,2025-12-30 12:50:15+05:30,3261.9,1,3250.33,1012881,116490.0,116405.0,3250.0,3265.1,3239.8,3251.5,44235100,3576.6,2926.4,4322.95,2866.6,3261.9,508,6,3261.8,116,4,3261.7,6,1,3261.6,183,6,3261.5,178,6,3262.5,20,7,3262.6,2,2,3262.8,40,1,3262.9,114,2,3263.0,48,1
11536,2025-12-30 12:50:16+05:30,3261.9,3,3250.33,1012890,116357.0,115993.0,3250.0,3265.1,3239.8,3251.5,44235100,3576.6,2926.4,4322.95,2866.6,3261.9,543,8,3261.8,85,3,3261.7,6,1,3261.6,223,7,3261.5,549,9,3262.5,21,8,3262.9,114,2,3263.0,48,1,3263.5,40,1,3263.6,10,1
11536,2025-12-30 12:50:16+05:30,3262.5,1,3250.33,1012890,116357.0,115993.0,3250.0,3265.1,3239.8,3251.5,44235100,3576.6,2926.4,4322.95,2866.6,3261.9,543,8,3261.8,85,3,3261.7,6,1,3261.6,223,7,3261.5,549,9,3262.5,21,8,3262.9,114,2,3263.0,48,1,3263.5,40,1,3263.6,10,1
11536,2025-12-30 12:50:16+05:30,3262.5,1,3250.33,1012890,116357.0,115993.0,3250.0,3265.1,3239.8,3251.5,44235100,3576.6,2926.4,4322.95,2866.6,3261.9,543,8,3261.8,85,3,3261.7,6,1,3261.6,223,7,3261.5,549,9,3262.5,21,8,3262.9,114,2,3263.0,48,1,3263.5,40,1,3263.6,10,1
11536,2025-12-30 12:50:17+05:30,3262.5,1,3250.33,1013034,117277.0,116019.0,3250.0,3265.1,3239.8,3251.5,44235100,3576.6,2926.4,4322.95,2866.6,3262.0,181,7,3261.9,482,6,3261.8,150,5,3261.7,75,4,3261.6,212,8,3262.5,7,3,3262.9,114,2,3263.8,82,2,3263.9,22,2,3264.0,41,4
11536,2025-12-30 12:50:17+05:30,3262.5,1,3250.33,1013034,117277.0,116019.0,3250.0,3265.1,3239.8,3251.5,44235100,3576.6,2926.4,4322.95,2866.6,3262.0,181,7,3261.9,482,6,3261.8,150,5,3261.7,75,4,3261.6,212,8,3262.5,7,3,3262.9,114,2,3263.8,82,2,3263.9,22,2,3264.0,41,4
11536,2025-12-30 12:50:17+05:30,3262.5,3,3250.33,1013034,117277.0,116019.0,3250.0,3265.1,3239.8,3251.5,44235100,3576.6,2926.4,4322.95,2866.6,3262.0,181,7,3261.9,482,6,3261.8,150,5,3261.7,75,4,3261.6,212,8,3262.5,7,3,3262.9,114,2,3263.8,82,2,3263.9,22,2,3264.0,41,4
11536,2025-12-30 12:50:18+05:30,3262.5,3,3250.33,1013164,117658.0,115896.0,3250.0,3265.1,3239.8,3251.5,44235100,3576.6,2926.4,4322.95,2866.6,3262.1,164,7,3262.0,249,8,3261.9,626,8,3261.8,209,8,3261.7,416,5,3262.5,11,4,3262.9,30,1,3263.0,50,1,3263.9,64,3,3264.0,41,4
11536,2025-12-30 12:50:18+05:30,3262.5,3,3250.33,1013164,117658.0,115896.0,3250.0,3265.1,3239.8,3251.5,44235100,3576.6,2926.4,4322.95,2866.6,3262.1,164,7,3262.0,249,8,3261.9,626,8,3261.8,209,8,3261.7,416,5,3262.5,11,4,3262.9,30,1,3263.0,50,1,3263.9,64,3,3264.0,41,4
11536,2025-12-30 12:50:18+05:30,3262.5,3,3250.33,1013164,117658.0,115896.0,3250.0,3265.1,3239.8,3251.5,44235100,3576.6,2926.4,4322.95,2866.6,3262.1,164,7,3262.0,249,8,3261.9,626,8,3261.8,209,8,3261.7,416,5,3262.5,11,4,3262.9,30,1,3263.0,50,1,3263.9,64,3,3264.0,41,4
11536,2025-12-30 12:50:19+05:30,3262.1,27,3250.33,1013201,117556.0,115897.0,3250.0,3265.1,3239.8,3251.5,44235100,3576.6,2926.4,4322.95,2866.6,3262.1,194,7,3262.0,186,8,3261.9,557,8,3261.8,209,8,3261.7,75,4,3262.5,12,7,3262.9,30,1,3263.0,50,1,3263.9,64,3,3264.0,41,4
11536,2025-12-30 12:50:19+05:30,3262.1,27,3250.33,1013201,117556.0,115897.0,3250.0,3265.1,3239.8,3251.5,44235100,3576.6,2926.4,4322.95,2866.6,3262.1,194,7,3262.0,186,8,3261.9,557,8,3261.8,209,8,3261.7,75,4,3262.5,12,7,3262.9,30,1,3263.0,50,1,3263.9,64,3,3264.0,41,4
11536,2025-12-30 12:50:19+05:30,3262.1,1,3250.33,1013201,117556.0,115897.0,3250.0,3265.1,3239.8,3251.5,44235100,3576.6,2926.4,4322.95,2866.6,3262.1,194,7,3262.0,186,8,3261.9,557,8,3261.8,209,8,3261.7,75,4,3262.5,12,7,3262.9,30,1,3263.0,50,1,3263.9,64,3,3264.0,41,4
11536,2025-12-30 12:50:20+05:30,3262.1,35,3250.33,1013238,117522.0,115898.0,3250.0,3265.1,3239.8,3251.5,44235100,3576.6,2926.4,4322.95,2866.6,3262.1,145,6,3262.0,211,8,3261.9,557,8,3261.8,209,8,3261.7,75,4,3262.5,13,10,3262.9,30,1,3263.0,50,1,3263.9,64,3,3264.0,133,5
11536,2025-12-30 12:50:20+05:30,3262.1,35,3250.33,1013238,117522.0,115898.0,3250.0,3265.1,3239.8,3251.5,44235100,3576.6,2926.4,4322.95,2866.6,3262.1,145,6,3262.0,211,8,3261.9,557,8,3261.8,209,8,3261.7,75,4,3262.5,13,10,3262.9,30,1,3263.0,50,1,3263.9,64,3,3264.0,133,5
11536,2025-12-30 12:50:20+05:30,3262.1,2,3250.33,1013238,117522.0,115898.0,3250.0,3265.1,3239.8,3251.5,44235100,3576.6,2926.4,4322.95,2866.6,3262.1,145,6,3262.0,211,8,3261.9,557,8,3261.8,209,8,3261.7,75,4,3262.5,13,10,3262.9,30,1,3263.0,50,1,3263.9,64,3,3264.0,133,5
11536,2025-12-30 12:50:21+05:30,3262.1,10,3250.33,1013280,117522.0,115904.0,3250.0,3265.1,3239.8,3251.5,44235100,3576.6,2926.4,4322.95,2866.6,3262.1,127,5,3262.0,171,7,3261.9,557,8,3261.8,248,9,3261.7,122,5,3262.5,11,10,3262.9,30,1,3263.0,50,1,3263.9,64,3,3264.0,133,5
11536,2025-12-30 12:50:21+05:30,3262.1,10,3250.33,1013280,117522.0,115904.0,3250.0,3265.1,3239.8,3251.5,44235100,3576.6,2926.4,4322.95,2866.6,3262.1,127,5,3262.0,171,7,3261.9,557,8,3261.8,248,9,3261.7,122,5,3262.5,11,10,3262.9,30,1,3263.0,50,1,3263.9,64,3,3264.0,133,5
11536,2025-12-30 12:50:21+05:30,3262.1,2,3250.33,1013280,117522.0,115904.0,3250.0,3265.1,3239.8,3251.5,44235100,3576.6,2926.4,4322.95,2866.6,3262.1,127,5,3262.0,171,7,3261.9,557,8,3261.8,248,9,3261.7,122,5,3262.5,11,10,3262.9,30,1,3263.0,50,1,3263.9,64,3,3264.0,133,5
11536,2025-12-30 12:50:22+05:30,3262.1,8,3250.33,1013317,115973.0,115299.0,3250.0,3265.1,3239.8,3251.5,44235100,3576.6,2926.4,4322.95,2866.6,3262.1,273,7,3262.0,171,7,3261.9,560,9,3261.8,209,8,3261.7,416,5,3262.5,8,7,3262.9,30,1,3263.0,50,1,3263.9,2,1,3264.0,41,4
11536,2025-12-30 12:50:22+05:30,3262.1,8,3250.33,1013317,115973.0,115299.0,3250.0,3265.1,3239.8,3251.5,44235100,3576.6,2926.4,4322.95,2866.6,3262.1,273,7,3262.0,171,7,3261.9,560,9,3261.8,209,8,3261.7,416,5,3262.5,8,7,3262.9,30,1,3263.0,50,1,3263.9,2,1,3264.0,41,4
11536,2025-12-30 12:50:22+05:30,3262.5,45,3250.33,1013317,115973.0,115299.0,3250.0,3265.1,3239.8,3251.5,44235100,3576.6,2926.4,4322.95,2866.6,3262.1,273,7,3262.0,171,7,3261.9,560,9,3261.8,209,8,3261.7,416,5,3262.5,8,7,3262.9,30,1,3263.0,50,1,3263.9,2,1,3264.0,41,4
11536,2025-12-30 12:50:22+05:30,3262.5,45,3250.33,1013317,115973.0,115299.0,3250.0,3265.1,3239.8,3251.5,44235100,3576.6,2926.4,4322.95,2866.6,3262.1,273,7,3262.0,171,7,3261.9,560,9,3261.8,209,8,3261.7,416,5,3262.5,8,7,3262.9,30,1,3263.0,50,1,3263.9,2,1,3264.0,41,4
11536,2025-12-30 12:50:23+05:30,3262.5,45,3250.33,1013390,117411.0,115326.0,3250.0,3265.1,3239.8,3251.5,44235100,3576.6,2926.4,4322.95,2866.6,3262.2,47,3,3262.1,177,4,3262.0,239,8,3261.9,607,10,3261.8,550,9,3262.5,58,9,3262.9,30,1,3263.0,50,1,3263.9,2,1,3264.0,83,5
11536,2025-12-30 12:50:23+05:30,3262.5,45,3250.33,1013390,117411.0,115326.0,3250.0,3265.1,3239.8,3251.5,44235100,3576.6,2926.4,4322.95,2866.6,3262.2,47,3,3262.1,177,4,3262.0,239,8,3261.9,607,10,3261.8,550,9,3262.5,58,9,3262.9,30,1,3263.0,50,1,3263.9,2,1,3264.0,83,5
11536,2025-12-30 12:50:23+05:30,3262.5,1,3250.33,1013390,117411.0,115326.0,3250.0,3265.1,3239.8,3251.5,44235100,3576.6,2926.4,4322.95,2866.6,3262.2,47,3,3262.1,177,4,3262.0,239,8,3261.9,607,10,3261.8,550,9,3262.5,58,9,3262.9,30,1,3263.0,50,1,3263.9,2,1,3264.0,83,5
11536,2025-12-30 12:50:24+05:30,3262.2,4,3250.33,1013531,117333.0,115630.0,3250.0,3265.1,3239.8,3251.5,44235100,3576.6,2926.4,4322.95,2866.6,3262.2,92,4,3262.1,142,3,3262.0,215,7,3261.9,646,11,3261.8,209,8,3262.5,59,8,3262.9,30,1,3263.0,50,1,3263.9,24,2,3264.0,175,6
11536,2025-12-30 12:50:24+05:30,3262.2,22,3250.33,1013531,117333.0,115630.0,3250.0,3265.1,3239.8,3251.5,44235100,3576.6,2926.4,4322.95,2866.6,3262.2,92,4,3262.1,142,3,3262.0,215,7,3261.9,646,11,3261.8,209,8,3262.5,59,8,3262.9,30,1,3263.0,50,1,3263.9,24,2,3264.0,175,6
11536,2025-12-30 12:50:24+05:30,3262.2,22,3250.33,1013531,117333.0,115630.0,3250.0,3265.1,3239.8,3251.5,44235100,3576.6,2926.4,4322.95,2866.6,3262.2,92,4,3262.1,142,3,3262.0,215,7,3261.9,646,11,3261.8,209,8,3262.5,59,8,3262.9,30,1,3263.0,50,1,3263.9,24,2,3264.0,175,6
11536,2025-12-30 12:50:25+05:30,3262.5,1,3250.34,1013557,119129.0,115618.0,3250.0,3265.1,3239.8,3251.5,44235100,3576.6,2926.4,4322.95,2866.6,3262.2,90,5,3262.1,203,5,3262.0,286,9,3261.9,595,10,3261.8,209,8,3262.5,54,6,3262.9,30,1,3263.0,50,1,3263.9,24,2,3264.0,175,6
11536,2025-12-30 12:50:25+05:30,3262.2,1,3250.34,1013557,119129.0,115618.0,3250.0,3265.1,3239.8,3251.5,44235100,3576.6,2926.4,4322.95,2866.6,3262.2,90,5,3262.1,203,5,3262.0,286,9,3261.9,595,10,3261.8,209,8,3262.5,54,6,3262.9,30,1,3263.0,50,1,3263.9,24,2,3264.0,175,6
11536,2025-12-30 12:50:26+05:30,3262.2,2,3250.34,1013612,119009.0,115613.0,3250.0,3265.1,3239.8,3251.5,44235100,3576.6,2926.4,4322.95,2866.6,3262.2,38,3,3262.1,213,6,3262.0,286,9,3261.9,595,10,3261.8,209,8,3262.5,49,5,3262.9,30,1,3263.0,50,1,3263.9,24,2,3264.0,175,6
11536,2025-12-30 12:50:26+05:30,3262.2,2,3250.34,1013612,119009.0,115613.0,3250.0,3265.1,3239.8,3251.5,44235100,3576.6,2926.4,4322.95,2866.6,3262.2,38,3,3262.1,213,6,3262.0,286,9,3261.9,595,10,3261.8,209,8,3262.5,49,5,3262.9,30,1,3263.0,50,1,3263.9,24,2,3264.0,175,6
11536,2025-12-30 12:50:26+05:30,3262.2,11,3250.34,1013612,119009.0,115613.0,3250.0,3265.1,3239.8,3251.5,44235100,3576.6,2926.4,4322.95,2866.6,3262.2,38,3,3262.1,213,6,3262.0,286,9,3261.9,595,10,3261.8,209,8,3262.5,49,5,3262.9,30,1,3263.0,50,1,3263.9,24,2,3264.0,175,6
11536,2025-12-30 12:50:27+05:30,3262.1,8,3250.34,1013721,119823.0,115669.0,3250.0,3265.1,3239.8,3251.5,44235100,3576.6,2926.4,4322.95,2866.6,3262.1,218,7,3262.0,1130,6,3261.9,550,8,3261.8,209,8,3261.7,92,4,3262.5,54,7,3262.9,30,1,3263.0,50,1,3263.7,42,1,3263.8,20,1
11536,2025-12-30 12:50:27+05:30,3262.1,8,3250.34,1013721,119823.0,115669.0,3250.0,3265.1,3239.8,3251.5,44235100,3576.6,2926.4,4322.95,2866.6,3262.1,218,7,3262.0,1130,6,3261.9,550,8,3261.8,209,8,3261.7,92,4,3262.5,54,7,3262.9,30,1,3263.0,50,1,3263.7,42,1,3263.8,20,1
11536,2025-12-30 12:50:28+05:30,3262.1,8,3250.34,1013721,119823.0,115669.0,3250.0,3265.1,3239.8,3251.5,44235100,3576.6,2926.4,4322.95,2866.6,3262.1,218,7,3262.0,1130,6,3261.9,550,8,3261.8,209,8,3261.7,92,4,3262.5,54,7,3262.9,30,1,3263.0,50,1,3263.7,42,1,3263.8,20,1
11536,2025-12-30 12:50:28+05:30,3262.9,15,3250.34,1014361,119167.0,113574.0,3250.0,3265.1,3239.8,3251.5,44235100,3576.6,2926.4,4322.95,2866.6,3262.6,51,3,3262.5,150,8,3262.4,160,6,3262.3,118,4,3262.2,527,8,3262.9,15,1,3263.0,50,1,3263.9,22,1,3264.0,2,2,3264.1,6,1
11536,2025-12-30 12:50:28+05:30,3262.9,15,3250.34,1014361,119167.0,113574.0,3250.0,3265.1,3239.8,3251.5,44235100,3576.6,2926.4,4322.95,2866.6,3262.6,51,3,3262.5,150,8,3262.4,160,6,3262.3,118,4,3262.2,527,8,3262.9,15,1,3263.0,50,1,3263.9,22,1,3264.0,2,2,3264.1,6,1
11536,2025-12-30 12:50:29+05:30,3262.9,15,3250.34,1014361,119400.0,115144.0,3250.0,3265.1,3239.8,3251.5,44235100,3576.6,2926.4,4322.95,2866.6,3262.6,5,1,3262.5,67,5,3262.4,146,5,3262.3,96,3,3262.2,118,5,3262.9,33,5,3263.0,50,1,3263.8,39,1,3263.9,45,2,3264.0,22,3
11536,2025-12-30 12:50:29+05:30,3262.9,1,3250.34,1014361,119400.0,115144.0,3250.0,3265.1,3239.8,3251.5,44235100,3576.6,2926.4,4322.95,2866.6,3262.6,5,1,3262.5,67,5,3262.4,146,5,3262.3,96,3,3262.2,118,5,3262.9,33,5,3263.0,50,1,3263.8,39,1,3263.9,45,2,3264.0,22,3
11536,2025-12-30 12:50:29+05:30,3262.9,1,3250.34,1014361,119400.0,115144.0,3250.0,3265.1,3239.8,3251.5,44235100,3576.6,2926.4,4322.95,2866.6,3262.6,5,1,3262.5,67,5,3262.4,146,5,3262.3,96,3,3262.2,118,5,3262.9,33,5,3263.0,50,1,3263.8,39,1,3263.9,45,2,3264.0,22,3
11536,2025-12-30 12:50:30+05:30,3262.6,5,3250.34,1014367,119218.0,115256.0,3250.0,3265.1,3239.8,3251.5,44235100,3576.6,2926.4,4322.95,2866.6,3262.5,1,1,3262.4,86,3,3262.3,88,3,3262.2,103,4,3262.1,151,8,3262.6,9,1,3262.9,19,5,3263.0,50,1,3263.8,39,1,3263.9,107,4
11536,2025-12-30 12:50:30+05:30,3262.4,1,3250.34,1014367,119218.0,115256.0,3250.0,3265.1,3239.8,3251.5,44235100,3576.6,2926.4,4322.95,2866.6,3262.5,1,1,3262.4,86,3,3262.3,88,3,3262.2,103,4,3262.1,151,8,3262.6,9,1,3262.9,19,5,3263.0,50,1,3263.8,39,1,3263.9,107,4
11536,2025-12-30 12:50:31+05:30,3262.4,1,3250.34,1014367,119218.0,115256.0,3250.0,3265.1,3239.8,3251.5,44235100,3576.6,2926.4,4322.95,2866.6,3262.5,1,1,3262.4,86,3,3262.3,88,3,3262.2,103,4,3262.1,151,8,3262.6,9,1,3262.9,19,5,3263.0,50,1,3263.8,39,1,3263.9,107,4
11536,2025-12-30 12:50:31+05:30,3262.5,1,3250.35,1014385,118740.0,115584.0,3250.0,3265.1,3239.8,3251.5,44235100,3576.6,2926.4,4322.95,2866.6,3262.4,7,1,3262.2,63,2,3262.1,148,7,3262.0,1123,5,3261.9,534,6,3262.5,5,3,3262.6,11,3,3262.9,12,3,3263.0,50,1,3263.3,39,1
11536,2025-12-30 12:50:31+05:30,3262.4,41,3250.35,1014385,118740.0,115584.0,3250.0,3265.1,3239.8,3251.5,44235100,3576.6,2926.4,4322.95,2866.6,3262.4,7,1,3262.2,63,2,3262.1,148,7,3262.0,1123,5,3261.9,534,6,3262.5,5,3,3262.6,11,3,3262.9,12,3,3263.0,50,1,3263.3,39,1
11536,2025-12-30 12:50:32+05:30,3262.4,15,3250.35,1014505,119016.0,114236.0,3250.0,3265.1,3239.8,3251.5,44235100,3576.6,2926.4,4322.95,2866.6,3262.4,16,1,3262.1,105,6,3262.0,1127,5,3261.9,518,5,3261.8,467,6,3262.5,10,7,3262.6,2,2,3263.0,50,1,3263.4,20,1,3263.6,81,3
11536,2025-12-30 12:50:32+05:30,3262.4,15,3250.35,1014505,119016.0,114236.0,3250.0,3265.1,3239.8,3251.5,44235100,3576.6,2926.4,4322.95,2866.6,3262.4,16,1,3262.1,105,6,3262.0,1127,5,3261.9,518,5,3261.8,467,6,3262.5,10,7,3262.6,2,2,3263.0,50,1,3263.4,20,1,3263.6,81,3
11536,2025-12-30 12:50:32+05:30,3262.4,15,3250.35,1014505,119016.0,114236.0,3250.0,3265.1,3239.8,3251.5,44479225,3576.6,2926.4,4322.95,2866.6,3262.4,16,1,3262.1,105,6,3262.0,1127,5,3261.9,518,5,3261.8,467,6,3262.5,10,7,3262.6,2,2,3263.0,50,1,3263.4,20,1,3263.6,81,3
11536,2025-12-30 12:50:33+05:30,3262.1,4,3250.35,1014532,118977.0,114842.0,3250.0,3265.1,3239.8,3251.5,44479225,3576.6,2926.4,4322.95,2866.6,3262.1,116,6,3262.0,1194,7,3261.9,541,6,3261.8,144,6,3261.7,639,7,3262.4,7,4,3262.5,10,6,3262.6,1,1,3263.0,50,1,3263.4,20,1
11536,2025-12-30 12:50:33+05:30,3262.1,1,3250.35,1014532,118977.0,114842.0,3250.0,3265.1,3239.8,3251.5,44479225,3576.6,2926.4,4322.95,2866.6,3262.1,116,6,3262.0,1194,7,3261.9,541,6,3261.8,144,6,3261.7,639,7,3262.4,7,4,3262.5,10,6,3262.6,1,1,3263.0,50,1,3263.4,20,1
11536,2025-12-30 12:50:34+05:30,3262.5,1,3250.35,1014710,118468.0,115689.0,3250.0,3265.1,3239.8,3251.5,44479225,3576.6,2926.4,4322.95,2866.6,3262.5,6,2,3262.2,34,2,3262.1,460,5,3262.0,1194,6,3261.9,588,7,3263.0,59,3,3263.5,39,1,3263.6,46,1,3263.8,27,3,3263.9,73,3
11536,2025-12-30 12:50:34+05:30,3262.4,24,3250.35,1014710,118468.0,115689.0,3250.0,3265.1,3239.8,3251.5,44479225,3576.6,2926.4,4322.95,2866.6,3262.5,6,2,3262.2,34,2,3262.1,460,5,3262.0,1194,6,3261.9,588,7,3263.0,59,3,3263.5,39,1,3263.6,46,1,3263.8,27,3,3263.9,73,3
11536,2025-12-30 12:50:35+05:30,3262.4,24,3250.35,1014710,118468.0,115689.0,3250.0,3265.1,3239.8,3251.5,44479225,3576.6,2926.4,4322.95,2866.6,3262.5,6,2,3262.2,34,2,3262.1,460,5,3262.0,1194,6,3261.9,588,7,3263.0,59,3,3263.5,39,1,3263.6,46,1,3263.8,27,3,3263.9,73,3
11536,2025-12-30 12:50:35+05:30,3263.0,1,3250.35,1014741,118479.0,115535.0,3250.0,3265.1,3239.8,3251.5,44479225,3576.6,2926.4,4322.95,2866.6,3262.5,37,1,3262.2,63,2,3262.1,147,6,3262.0,1536,8,3261.9,597,8,3263.0,74,6,3263.3,39,1,3263.4,46,1,3263.6,9,1,3263.8,29,2
11536,2025-12-30 12:50:35+05:30,3263.0,1,3250.35,1014741,118479.0,115535.0,3250.0,3265.1,3239.8,3251.5,44479225,3576.6,2926.4,4322.95,2866.6,3262.5,37,1,3262.2,63,2,3262.1,147,6,3262.0,1536,8,3261.9,597,8,3263.0,74,6,3263.3,39,1,3263.4,46,1,3263.6,9,1,3263.8,29,2
11536,2025-12-30 12:50:36+05:30,3262.5,53,3250.35,1014794,118673.0,115085.0,3250.0,3265.1,3239.8,3251.5,44479225,3576.6,2926.4,4322.95,2866.6,3262.5,44,1,3262.2,238,3,3262.1,147,6,3262.0,1536,8,3261.9,597,8,3263.0,68,5,3263.3,39,1,3263.4,46,1,3263.6,9,1,3263.8,29,2
11536,2025-12-30 12:50:36+05:30,3262.5,1,3250.35,1014794,118673.0,115085.0,3250.0,3265.1,3239.8,3251.5,44479225,3576.6,2926.4,4322.95,2866.6,3262.5,44,1,3262.2,238,3,3262.1,147,6,3262.0,1536,8,3261.9,597,8,3263.0,68,5,3263.3,39,1,3263.4,46,1,3263.6,9,1,3263.8,29,2
11536,2025-12-30 12:50:37+05:30,3262.1,27,3250.35,1014875,118719.0,115834.0,3250.0,3265.1,3239.8,3251.5,44479225,3576.6,2926.4,4322.95,2866.6,3262.1,113,7,3262.0,1220,8,3261.9,589,8,3261.8,180,7,3261.7,234,5,3262.5,12,4,3263.0,67,5,3263.5,1,1,3263.6,9,1,3263.8,29,2
11536,2025-12-30 12:50:37+05:30,3262.1,27,3250.35,1014875,118719.0,115834.0,3250.0,3265.1,3239.8,3251.5,44479225,3576.6,2926.4,4322.95,2866.6,3262.1,113,7,3262.0,1220,8,3261.9,589,8,3261.8,180,7,3261.7,234,5,3262.5,12,4,3263.0,67,5,3263.5,1,1,3263.6,9,1,3263.8,29,2
11536,2025-12-30 12:50:38+05:30,3262.1,11,3250.35,1014911,117250.0,116376.0,3250.0,3265.1,3239.8,3251.5,44479225,3576.6,2926.4,4322.95,2866.6,3262.1,21,3,3262.0,1067,3,3261.9,518,5,3261.8,38,3,3261.7,3,1,3262.5,16,9,3262.9,45,2,3263.0,64,3,3263.2,9,1,3263.3,46,1
11536,2025-12-30 12:50:38+05:30,3262.5,3,3250.35,1014911,117250.0,116376.0,3250.0,3265.1,3239.8,3251.5,44479225,3576.6,2926.4,4322.95,2866.6,3262.1,21,3,3262.0,1067,3,3261.9,518,5,3261.8,38,3,3261.7,3,1,3262.5,16,9,3262.9,45,2,3263.0,64,3,3263.2,9,1,3263.3,46,1
11536,2025-12-30 12:50:39+05:30,3262.0,8,3250.35,1015117,117955.0,116089.0,3250.0,3265.1,3239.8,3251.5,44479225,3576.6,2926.4,4322.95,2866.6,3262.0,1058,3,3261.9,518,5,3261.8,38,3,3261.7,3,1,3261.6,462,6,3263.0,30,1,3263.1,39,1,3263.2,9,1,3263.4,47,2,3263.5,1,1
11536,2025-12-30 12:50:39+05:30,3262.0,2,3250.35,1015117,117955.0,116089.0,3250.0,3265.1,3239.8,3251.5,44479225,3576.6,2926.4,4322.95,2866.6,3262.0,1058,3,3261.9,518,5,3261.8,38,3,3261.7,3,1,3261.6,462,6,3263.0,30,1,3263.1,39,1,3263.2,9,1,3263.4,47,2,3263.5,1,1
11536,2025-12-30 12:50:40+05:30,3262.0,2,3250.35,1015119,118925.0,115533.0,3250.0,3265.1,3239.8,3251.5,44479225,3576.6,2926.4,4322.95,2866.6,3262.3,55,2,3262.2,20,1,3262.1,70,3,3262.0,1197,8,3261.9,552,6,3263.0,41,5,3263.5,1,1,3263.8,39,2,3263.9,65,2,3264.0,70,4
11536,2025-12-30 12:50:41+05:30,3262.4,1,3250.35,1015119,118925.0,115533.0,3250.0,3265.1,3239.8,3251.5,44479225,3576.6,2926.4,4322.95,2866.6,3262.3,55,2,3262.2,20,1,3262.1,70,3,3262.0,1197,8,3261.9,552,6,3263.0,41,5,3263.5,1,1,3263.8,39,2,3263.9,65,2,3264.0,70,4
11536,2025-12-30 12:50:41+05:30,3262.4,1,3250.36,1015211,118891.0,115456.0,3250.0,3265.1,3239.8,3251.5,44479225,3576.6,2926.4,4322.95,2866.6,3262.4,52,3,3262.3,101,4,3262.2,23,2,3262.1,70,3,3262.0,1173,7,3263.0,6,3,3263.5,1,1,3263.8,9,1,3263.9,18,2,3264.0,92,4
11536,2025-12-30 12:50:42+05:30,3262.9,4,3250.36,1015242,118674.0,116071.0,3250.0,3265.1,3239.8,3251.5,44479225,3576.6,2926.4,4322.95,2866.6,3262.3,46,2,3262.2,23,2,3262.1,112,4,3262.0,1121,5,3261.9,561,6,3262.9,16,1,3263.0,6,4,3263.5,1,1,3263.6,9,1,3263.8,9,1
11536,2025-12-30 12:50:42+05:30,3262.9,4,3250.36,1015242,118674.0,116071.0,3250.0,3265.1,3239.8,3251.5,44479225,3576.6,2926.4,4322.95,2866.6,3262.3,46,2,3262.2,23,2,3262.1,112,4,3262.0,1121,5,3261.9,561,6,3262.9,16,1,3263.0,6,4,3263.5,1,1,3263.6,9,1,3263.8,9,1
11536,2025-12-30 12:50:43+05:30,3262.3,15,3250.36,1015258,118848.0,116073.0,3250.0,3265.1,3239.8,3251.5,44479225,3576.6,2926.4,4322.95,2866.6,3262.3,53,1,3262.2,23,2,3262.1,38,1,3262.0,1131,5,3261.9,586,7,3262.9,20,5,3263.0,4,3,3263.5,1,1,3263.6,9,1,3263.8,51,2
11536,2025-12-30 12:50:43+05:30,3262.3,15,3250.36,1015258,118848.0,116073.0,3250.0,3265.1,3239.8,3251.5,44479225,3576.6,2926.4,4322.95,2866.6,3262.3,53,1,3262.2,23,2,3262.1,38,1,3262.0,1131,5,3261.9,586,7,3262.9,20,5,3263.0,4,3,3263.5,1,1,3263.6,9,1,3263.8,51,2
11536,2025-12-30 12:50:44+05:30,3262.6,1,3250.36,1015272,119298.0,115769.0,3250.0,3265.1,3239.8,3251.5,44479225,3576.6,2926.4,4322.95,2866.6,3262.3,40,1,3262.2,75,4,3262.1,21,1,3262.0,1264,8,3261.9,619,8,3262.5,1,1,3262.9,22,7,3263.0,1,1,3263.5,1,1,3263.8,53,3
11536,2025-12-30 12:50:44+05:30,3262.3,9,3250.36,1015272,119298.0,115769.0,3250.0,3265.1,3239.8,3251.5,44479225,3576.6,2926.4,4322.95,2866.6,3262.3,40,1,3262.2,75,4,3262.1,21,1,3262.0,1264,8,3261.9,619,8,3262.5,1,1,3262.9,22,7,3263.0,1,1,3263.5,1,1,3263.8,53,3
11536,2025-12-30 12:50:45+05:30,3262.3,5,3250.36,1015293,117988.0,115941.0,3250.0,3265.1,3239.8,3251.5,44479225,3576.6,2926.4,4322.95,2866.6,3262.3,20,1,3262.2,98,5,3262.1,89,3,3262.0,1222,7,3261.9,619,8,3262.5,4,4,3262.9,20,5,3263.0,1,1,3263.5,1,1,3263.8,20,3
11536,2025-12-30 12:50:45+05:30,3262.3,5,3250.36,1015293,117988.0,115941.0,3250.0,3265.1,3239.8,3251.5,44479225,3576.6,2926.4,4322.95,2866.6,3262.3,20,1,3262.2,98,5,3262.1,89,3,3262.0,1222,7,3261.9,619,8,3262.5,4,4,3262.9,20,5,3263.0,1,1,3263.5,1,1,3263.8,20,3
11536,2025-12-30 12:50:46+05:30,3263.0,1,3250.36,1015348,119829.0,115959.0,3250.0,3265.1,3239.8,3251.5,44479225,3576.6,2926.4,4322.95,2866.6,3262.4,32,1,3262.3,88,3,3262.2,174,5,3262.1,231,5,3262.0,1693,10,3263.0,499,1,3263.5,2,2,3264.0,73,3,3264.2,92,1,3264.3,83,4
11536,2025-12-30 12:50:46+05:30,3263.0,1,3250.36,1015348,119829.0,115959.0,3250.0,3265.1,3239.8,3251.5,44479225,3576.6,2926.4,4322.95,2866.6,3262.4,32,1,3262.3,88,3,3262.2,174,5,3262.1,231,5,3262.0,1693,10,3263.0,499,1,3263.5,2,2,3264.0,73,3,3264.2,92,1,3264.3,83,4
11536,2025-12-30 12:50:47+05:30,3262.4,5,3250.36,1015385,120408.0,116516.0,3250.0,3265.1,3239.8,3251.5,44479225,3576.6,2926.4,4322.95,2866.6,3262.3,68,4,3262.2,19,1,3262.1,270,5,3262.0,1376,9,3261.9,618,8,3262.4,5,2,3263.0,501,3,3263.5,2,2,3263.9,42,1,3264.0,92,4
11536,2025-12-30 12:50:47+05:30,3262.3,1,3250.36,1015385,120408.0,116516.0,3250.0,3265.1,3239.8,3251.5,44479225,3576.6,2926.4,4322.95,2866.6,3262.3,68,4,3262.2,19,1,3262.1,270,5,3262.0,1376,9,3261.9,618,8,3262.4,5,2,3263.0,501,3,3263.5,2,2,3263.9,42,1,3264.0,92,4
11536,2025-12-30 12:50:48+05:30,3262.3,10,3250.36,1015414,118693.0,116407.0,3250.0,3265.1,3239.8,3251.5,44479225,3576.6,2926.4,4322.95,2866.6,3262.3,27,4,3262.2,19,1,3262.1,270,5,3262.0,307,6,3261.9,660,9,3262.4,12,4,3263.0,501,3,3263.5,1,1,3263.9,42,1,3264.0,92,4
11536,2025-12-30 12:50:48+05:30,3262.3,3,3250.36,1015414,118693.0,116407.0,3250.0,3265.1,3239.8,3251.5,44479225,3576.6,2926.4,4322.95,2866.6,3262.3,27,4,3262.2,19,1,3262.1,270,5,3262.0,307,6,3261.9,660,9,3262.4,12,4,3263.0,501,3,3263.5,1,1,3263.9,42,1,3264.0,92,4
11536,2025-12-30 12:50:49+05:30,3262.3,3,3250.36,1015443,119558.0,116343.0,3250.0,3265.1,3239.8,3251.5,44479225,3576.6,2926.4,4322.95,2866.6,3262.1,261,7,3262.0,314,6,3261.9,639,9,3261.8,195,8,3261.7,423,4,3262.3,6,3,3262.4,4,4,3263.0,500,2,3263.5,1,1,3263.9,134,2
11536,2025-12-30 12:50:49+05:30,3262.1,5,3250.36,1015443,119558.0,116343.0,3250.0,3265.1,3239.8,3251.5,44479225,3576.6,2926.4,4322.95,2866.6,3262.1,261,7,3262.0,314,6,3261.9,639,9,3261.8,195,8,3261.7,423,4,3262.3,6,3,3262.4,4,4,3263.0,500,2,3263.5,1,1,3263.9,134,2
11536,2025-12-30 12:50:50+05:30,3262.3,1,3250.36,1015455,119799.0,116337.0,3250.0,3265.1,3239.8,3251.5,44479225,3576.6,2926.4,4322.95,2866.6,3262.2,169,1,3262.1,261,7,3262.0,205,7,3261.9,639,9,3261.8,320,8,3262.3,9,7,3262.4,3,3,3263.0,499,1,3263.5,1,1,3263.9,42,1
11536,2025-12-30 12:50:50+05:30,3262.2,3,3250.36,1015455,119799.0,116337.0,3250.0,3265.1,3239.8,3251.5,44479225,3576.6,2926.4,4322.95,2866.6,3262.2,169,1,3262.1,261,7,3262.0,205,7,3261.9,639,9,3261.8,320,8,3262.3,9,7,3262.4,3,3,3263.0,499,1,3263.5,1,1,3263.9,42,1
11536,2025-12-30 12:50:51+05:30,3262.3,1,3250.36,1015517,119996.0,116334.0,3250.0,3265.1,3239.8,3251.5,44479225,3576.6,2926.4,4322.95,2866.6,3262.2,269,6,3262.1,371,8,3262.0,174,7,3261.9,675,10,3261.8,320,8,3262.3,6,5,3262.4,1,1,3263.0,499,1,3263.5,1,1,3263.9,42,1
11536,2025-12-30 12:50:51+05:30,3262.2,4,3250.36,1015517,119996.0,116334.0,3250.0,3265.1,3239.8,3251.5,44479225,3576.6,2926.4,4322.95,2866.6,3262.2,269,6,3262.1,371,8,3262.0,174,7,3261.9,675,10,3261.8,320,8,3262.3,6,5,3262.4,1,1,3263.0,499,1,3263.5,1,1,3263.9,42,1
11536,2025-12-30 12:50:52+05:30,3262.3,2,3250.36,1015550,117472.0,116267.0,3250.0,3265.1,3239.8,3251.5,44479225,3576.6,2926.4,4322.95,2866.6,3262.3,371,1,3262.2,315,6,3262.1,437,8,3262.0,159,7,3261.9,994,11,3263.0,501,3,3263.5,1,1,3263.9,42,1,3264.0,73,3,3264.2,6,1
11536,2025-12-30 12:50:52+05:30,3262.3,2,3250.36,1015550,117472.0,116267.0,3250.0,3265.1,3239.8,3251.5,44479225,3576.6,2926.4,4322.95,2866.6,3262.3,371,1,3262.2,315,6,3262.1,437,8,3262.0,159,7,3261.9,994,11,3263.0,501,3,3263.5,1,1,3263.9,42,1,3264.0,73,3,3264.2,6,1
11536,2025-12-30 12:50:53+05:30,3263.0,1,3250.37,1016051,119440.0,116067.0,3250.0,3265.1,3239.8,3251.5,44479225,3576.6,2926.4,4322.95,2866.6,3262.3,598,7,3262.2,277,5,3262.1,384,7,3262.0,500,8,3261.9,622,9,3263.0,526,5,3263.5,1,1,3264.0,82,4,3264.2,25,2,3264.3,157,3
11536,2025-12-30 12:50:53+05:30,3262.3,1,3250.37,1016051,119440.0,116067.0,3250.0,3265.1,3239.8,3251.5,44479225,3576.6,2926.4,4322.95,2866.6,3262.3,598,7,3262.2,277,5,3262.1,384,7,3262.0,500,8,3261.9,622,9,3263.0,526,5,3263.5,1,1,3264.0,82,4,3264.2,25,2,3264.3,157,3
11536,2025-12-30 12:50:54+05:30,3262.3,9,3250.37,1016062,118336.0,116240.0,3250.0,3265.1,3239.8,3251.5,44479225,3576.6,2926.4,4322.95,2866.6,3262.3,562,6,3262.2,308,6,3262.1,384,7,3262.0,190,8,3261.9,963,10,3263.0,524,4,3263.5,1,1,3264.0,82,4,3264.2,117,3,3264.3,65,2
11536,2025-12-30 12:50:54+05:30,3262.3,9,3250.37,1016062,118336.0,116240.0,3250.0,3265.1,3239.8,3251.5,44479225,3576.6,2926.4,4322.95,2866.6,3262.3,562,6,3262.2,308,6,3262.1,384,7,3262.0,190,8,3261.9,963,10,3263.0,524,4,3263.5,1,1,3264.0,82,4,3264.2,117,3,3264.3,65,2
11536,2025-12-30 12:50:55+05:30,3262.3,4,3250.37,1016219,119553.0,116243.0,3250.0,3265.1,3239.8,3251.5,44479225,3576.6,2926.4,4322.95,2866.6,3262.3,433,7,3262.2,308,6,3262.1,384,7,3262.0,190,8,3261.9,963,10,3263.0,512,5,3263.5,1,1,3264.0,82,4,3264.2,117,3,3264.3,65,2
11536,2025-12-30 12:50:55+05:30,3262.3,4,3250.37,1016219,119553.0,116243.0,3250.0,3265.1,3239.8,3251.5,44479225,3576.6,2926.4,4322.95,2866.6,3262.3,433,7,3262.2,308,6,3262.1,384,7,3262.0,190,8,3261.9,963,10,3263.0,512,5,3263.5,1,1,3264.0,82,4,3264.2,117,3,3264.3,65,2
11536,2025-12-30 12:50:56+05:30,3262.3,75,3250.37,1016297,117291.0,116929.0,3250.0,3265.1,3239.8,3251.5,44479225,3576.6,2926.4,4322.95,2866.6,3262.3,193,2,3262.2,110,3,3262.1,161,3,3262.0,105,5,3261.9,561,6,3263.0,511,7,3263.1,92,3,3263.2,5,1,3263.3,53,1,3263.4,48,2
11536,2025-12-30 12:50:56+05:30,3262.3,1,3250.37,1016297,117291.0,116929.0,3250.0,3265.1,3239.8,3251.5,44479225,3576.6,2926.4,4322.95,2866.6,3262.3,193,2,3262.2,110,3,3262.1,161,3,3262.0,105,5,3261.9,561,6,3263.0,511,7,3263.1,92,3,3263.2,5,1,3263.3,53,1,3263.4,48,2
11536,2025-12-30 12:50:57+05:30,3262.3,46,3250.37,1016425,117680.0,116984.0,3250.0,3265.1,3239.8,3251.5,44479225,3576.6,2926.4,4322.95,2866.6,3262.3,550,3,3262.2,67,2,3262.1,161,3,3262.0,105,5,3261.9,561,6,3262.9,47,2,3263.0,509,8,3263.1,95,2,3263.4,42,1,3263.5,1,1
11536,2025-12-30 12:50:57+05:30,3262.3,2,3250.37,1016425,117680.0,116984.0,3250.0,3265.1,3239.8,3251.5,44479225,3576.6,2926.4,4322.95,2866.6,3262.3,550,3,3262.2,67,2,3262.1,161,3,3262.0,105,5,3261.9,561,6,3262.9,47,2,3263.0,509,8,3263.1,95,2,3263.4,42,1,3263.5,1,1
11536,2025-12-30 12:50:58+05:30,3262.3,23,3250.37,1016456,117773.0,117062.0,3250.0,3265.1,3239.8,3251.5,44479225,3576.6,2926.4,4322.95,2866.6,3262.3,521,4,3262.2,134,3,3262.1,76,2,3262.0,105,5,3261.9,613,8,3262.9,23,7,3263.0,504,5,3263.1,95,2,3263.3,44,1,3263.4,42,1
11536,2025-12-30 12:50:58+05:30,3262.3,1,3250.37,1016456,117773.0,117062.0,3250.0,3265.1,3239.8,3251.5,44479225,3576.6,2926.4,4322.95,2866.6,3262.3,521,4,3262.2,134,3,3262.1,76,2,3262.0,105,5,3261.9,613,8,3262.9,23,7,3263.0,504,5,3263.1,95,2,3263.3,44,1,3263.4,42,1
11536,2025-12-30 12:50:59+05:30,3262.3,11,3250.37,1016533,118072.0,117067.0,3250.0,3265.1,3239.8,3251.5,44479225,3576.6,2926.4,4322.95,2866.6,3262.3,508,4,3262.2,134,3,3262.1,107,3,3262.0,105,5,3261.9,613,8,3262.9,25,11,3263.0,498,2,3263.1,53,1,3263.3,44,1,3263.4,42,1
11536,2025-12-30 12:50:59+05:30,3262.3,1,3250.37,1016533,118072.0,117067.0,3250.0,3265.1,3239.8,3251.5,44479225,3576.6,2926.4,4322.95,2866.6,3262.3,508,4,3262.2,134,3,3262.1,107,3,3262.0,105,5,3261.9,613,8,3262.9,25,11,3263.0,498,2,3263.1,53,1,3263.3,44,1,3263.4,42,1
11536,2025-12-30 12:51:00+05:30,3262.3,1,3250.37,1016562,118114.0,117023.0,3250.0,3265.1,3239.8,3251.5,44479225,3576.6,2926.4,4322.95,2866.6,3262.3,479,4,3262.2,134,3,3262.1,76,2,3262.0,62,4,3261.9,588,7,3262.7,17,1,3262.9,24,11,3263.0,542,2,3263.1,53,1,3263.3,9,1
11536,2025-12-30 12:51:00+05:30,3262.3,1,3250.37,1016562,118114.0,117023.0,3250.0,3265.1,3239.8,3251.5,44479225,3576.6,2926.4,4322.95,2866.6,3262.3,479,4,3262.2,134,3,3262.1,76,2,3262.0,62,4,3261.9,588,7,3262.7,17,1,3262.9,24,11,3263.0,542,2,3263.1,53,1,3263.3,9,1
11536,2025-12-30 12:51:01+05:30,3262.3,4,3250.37,1016585,118191.0,116928.0,3250.0,3265.1,3239.8,3251.5,44479225,3576.6,2926.4,4322.95,2866.6,3262.3,457,4,3262.2,134,3,3262.1,116,3,3262.0,62,4,3261.9,531,6,3262.7,4,4,3262.9,19,6,3263.0,497,1,3263.2,40,1,3263.4,42,1
11536,2025-12-30 12:51:01+05:30,3262.7,1,3250.37,1016585,118191.0,116928.0,3250.0,3265.1,3239.8,3251.5,44479225,3576.6,2926.4,4322.95,2866.6,3262.3,457,4,3262.2,134,3,3262.1,116,3,3262.0,62,4,3261.9,531,6,3262.7,4,4,3262.9,19,6,3263.0,497,1,3263.2,40,1,3263.4,42,1
11536,2025-12-30 12:51:02+05:30,3262.3,8,3250.37,1016605,117993.0,116946.0,3250.0,3265.1,3239.8,3251.5,44479225,3576.6,2926.4,4322.95,2866.6,3262.3,467,5,3262.2,134,3,3262.1,141,4,3262.0,97,6,3261.9,586,7,3262.6,17,1,3262.7,22,9,3262.9,2,2,3263.0,497,1,3263.2,40,1
11536,2025-12-30 12:51:02+05:30,3262.3,7,3250.37,1016605,117993.0,116946.0,3250.0,3265.1,3239.8,3251.5,44479225,3576.6,2926.4,4322.95,2866.6,3262.3,467,5,3262.2,134,3,3262.1,141,4,3262.0,97,6,3261.9,586,7,3262.6,17,1,3262.7,22,9,3262.9,2,2,3263.0,497,1,3263.2,40,1
11536,2025-12-30 12:51:03+05:30,3263.0,83,3250.37,1016768,117157.0,116568.0,3250.0,3265.1,3239.8,3251.5,44479225,3576.6,2926.4,4322.95,2866.6,3262.3,467,6,3262.2,134,3,3262.1,71,2,3262.0,113,6,3261.9,1052,11,3263.0,414,1,3263.4,42,1,3263.5,10,2,3263.6,11,2,3263.7,42,1
11536,2025-12-30 12:51:03+05:30,3263.0,83,3250.37,1016768,117157.0,116568.0,3250.0,3265.1,3239.8,3251.5,44479225,3576.6,2926.4,4322.95,2866.6,3262.3,467,6,3262.2,134,3,3262.1,71,2,3262.0,113,6,3261.9,1052,11,3263.0,414,1,3263.4,42,1,3263.5,10,2,3263.6,11,2,3263.7,42,1
11536,2025-12-30 12:51:04+05:30,3263.0,128,3250.38,1016911,117202.0,115826.0,3250.0,3265.1,3239.8,3251.5,44479225,3576.6,2926.4,4322.95,2866.6,3262.4,11,3,3262.3,653,10,3262.2,321,6,3262.1,338,8,3262.0,503,9,3263.0,295,5,3263.5,1,1,3264.0,71,3,3264.1,9,1,3264.2,15,2
11536,2025-12-30 12:51:04+05:30,3263.0,128,3250.38,1016911,117202.0,115826.0,3250.0,3265.1,3239.8,3251.5,44479225,3576.6,2926.4,4322.95,2866.6,3262.4,11,3,3262.3,653,10,3262.2,321,6,3262.1,338,8,3262.0,503,9,3263.0,295,5,3263.5,1,1,3264.0,71,3,3264.1,9,1,3264.2,15,2
11536,2025-12-30 12:51:05+05:30,3263.0,1,3250.38,1016912,118612.0,115956.0,3250.0,3265.1,3239.8,3251.5,44479225,3576.6,2926.4,4322.95,2866.6,3262.4,232,8,3262.3,655,11,3262.2,288,7,3262.1,338,8,3262.0,545,9,3263.0,300,7,3263.5,1,1,3264.0,71,3,3264.1,9,1,3264.2,15,2
11536,2025-12-30 12:51:05+05:30,3262.4,20,3250.38,1016912,118612.0,115956.0,3250.0,3265.1,3239.8,3251.5,44479225,3576.6,2926.4,4322.95,2866.6,3262.4,232,8,3262.3,655,11,3262.2,288,7,3262.1,338,8,3262.0,545,9,3263.0,300,7,3263.5,1,1,3264.0,71,3,3264.1,9,1,3264.2,15,2
11536,2025-12-30 12:51:06+05:30,3262.4,4,3250.38,1016955,118480.0,115981.0,3250.0,3265.1,3239.8,3251.5,44479225,3576.6,2926.4,4322.95,2866.6,3262.4,192,4,3262.3,574,9,3262.2,310,7,3262.1,277,6,3262.0,204,8,3262.7,17,1,3262.8,1,1,3263.0,298,7,3263.5,1,1,3264.0,71,3
11536,2025-12-30 12:51:06+05:30,3262.4,3,3250.38,1016955,118480.0,115981.0,3250.0,3265.1,3239.8,3251.5,44479225,3576.6,2926.4,4322.95,2866.6,3262.4,192,4,3262.3,574,9,3262.2,310,7,3262.1,277,6,3262.0,204,8,3262.7,17,1,3262.8,1,1,3263.0,298,7,3263.5,1,1,3264.0,71,3
11536,2025-12-30 12:51:07+05:30,3262.4,17,3250.38,1016955,118480.0,115981.0,3250.0,3265.1,3239.8,3251.5,44479225,3576.6,2926.4,4322.95,2866.6,3262.4,192,4,3262.3,574,9,3262.2,310,7,3262.1,277,6,3262.0,204,8,3262.7,17,1,3262.8,1,1,3263.0,298,7,3263.5,1,1,3264.0,71,3
11536,2025-12-30 12:51:07+05:30,3262.4,17,3250.38,1017252,120145.0,116053.0,3250.0,3265.1,3239.8,3251.5,44479225,3576.6,2926.4,4322.95,2866.6,3262.4,188,5,3262.3,558,8,3262.2,278,6,3262.1,333,7,3262.0,215,8,3262.7,21,2,3262.8,9,1,3263.0,253,5,3263.5,1,1,3263.8,59,2
11536,2025-12-30 12:51:08+05:30,3262.8,46,3250.38,1017252,120145.0,116053.0,3250.0,3265.1,3239.8,3251.5,44479225,3576.6,2926.4,4322.95,2866.6,3262.4,188,5,3262.3,558,8,3262.2,278,6,3262.1,333,7,3262.0,215,8,3262.7,21,2,3262.8,9,1,3263.0,253,5,3263.5,1,1,3263.8,59,2
11536,2025-12-30 12:51:08+05:30,3262.8,46,3250.38,1017399,118635.0,115892.0,3250.0,3265.1,3239.8,3251.5,44479225,3576.6,2926.4,4322.95,2866.6,3262.4,157,5,3262.3,645,8,3262.2,286,5,3262.1,158,6,3262.0,168,7,3262.8,9,1,3262.9,1,1,3263.0,251,4,3263.5,1,1,3263.8,78,3
11536,2025-12-30 12:51:09+05:30,3262.4,2,3250.38,1017399,118635.0,115892.0,3250.0,3265.1,3239.8,3251.5,44479225,3576.6,2926.4,4322.95,2866.6,3262.4,157,5,3262.3,645,8,3262.2,286,5,3262.1,158,6,3262.0,168,7,3262.8,9,1,3262.9,1,1,3263.0,251,4,3263.5,1,1,3263.8,78,3
11536,2025-12-30 12:51:09+05:30,3262.4,2,3250.38,1017444,119650.0,115991.0,3250.0,3265.1,3239.8,3251.5,44479225,3576.6,2926.4,4322.95,2866.6,3262.4,112,5,3262.3,645,8,3262.2,317,6,3262.1,158,6,3262.0,239,9,3262.8,10,5,3262.9,1,1,3263.0,249,2,3263.4,100,2,3263.5,1,1
11536,2025-12-30 12:51:10+05:30,3262.4,1,3250.38,1017444,119650.0,115991.0,3250.0,3265.1,3239.8,3251.5,44479225,3576.6,2926.4,4322.95,2866.6,3262.4,112,5,3262.3,645,8,3262.2,317,6,3262.1,158,6,3262.0,239,9,3262.8,10,5,3262.9,1,1,3263.0,249,2,3263.4,100,2,3263.5,1,1
11536,2025-12-30 12:51:10+05:30,3262.4,1,3250.38,1017497,118456.0,115665.0,3250.0,3265.1,3239.8,3251.5,44479225,3576.6,2926.4,4322.95,2866.6,3262.4,111,5,3262.3,603,7,3262.2,285,6,3262.1,150,5,3262.0,440,7,3262.8,13,7,3262.9,1,1,3263.0,249,2,3263.5,1,1,3263.9,42,2
11536,2025-12-30 12:51:11+05:30,3262.8,1,3250.38,1017497,118456.0,115665.0,3250.0,3265.1,3239.8,3251.5,44479225,3576.6,2926.4,4322.95,2866.6,3262.4,111,5,3262.3,603,7,3262.2,285,6,3262.1,150,5,3262.0,440,7,3262.8,13,7,3262.9,1,1,3263.0,249,2,3263.5,1,1,3263.9,42,2
11536,2025-12-30 12:51:11+05:30,3262.8,1,3250.38,1017564,119318.0,115658.0,3250.0,3265.1,3239.8,3251.5,44479225,3576.6,2926.4,4322.95,2866.6,3262.4,76,5,3262.3,603,7,3262.2,314,7,3262.1,190,6,3262.0,142,7,3262.8,9,7,3262.9,1,1,3263.0,249,2,3263.5,1,1,3263.9,42,2
11536,2025-12-30 12:51:12+05:30,3262.8,1,3250.38,1017564,119318.0,115658.0,3250.0,3265.1,3239.8,3251.5,44479225,3576.6,2926.4,4322.95,2866.6,3262.4,76,5,3262.3,603,7,3262.2,314,7,3262.1,190,6,3262.0,142,7,3262.8,9,7,3262.9,1,1,3263.0,249,2,3263.5,1,1,3263.9,42,2
11536,2025-12-30 12:51:12+05:30,3262.8,1,3250.38,1017594,119640.0,115660.0,3250.0,3265.1,3239.8,3251.5,44479225,3576.6,2926.4,4322.95,2866.6,3262.4,48,5,3262.3,603,7,3262.2,285,6,3262.1,150,5,3262.0,182,8,3262.8,10,9,3262.9,1,1,3263.0,249,2,3263.5,1,1,3263.9,42,2
11536,2025-12-30 12:51:13+05:30,3262.8,1,3250.38,1017614,117811.0,116172.0,3250.0,3265.1,3239.8,3251.5,44479225,3576.6,2926.4,4322.95,2866.6,3262.4,35,4,3262.3,188,5,3262.2,69,3,3262.1,55,1,3262.0,113,6,3262.8,12,11,3262.9,1,1,3263.0,249,2,3263.1,56,2,3263.2,19,1
11536,2025-12-30 12:51:13+05:30,3262.8,1,3250.38,1017614,117811.0,116172.0,3250.0,3265.1,3239.8,3251.5,44479225,3576.6,2926.4,4322.95,2866.6,3262.4,35,4,3262.3,188,5,3262.2,69,3,3262.1,55,1,3262.0,113,6,3262.8,12,11,3262.9,1,1,3263.0,249,2,3263.1,56,2,3263.2,19,1
11536,2025-12-30 12:51:14+05:30,3262.4,2,3250.38,1017628,116083.0,116431.0,3250.0,3265.1,3239.8,3251.5,44479225,3576.6,2926.4,4322.95,2866.6,3262.4,17,1,3262.3,188,5,3262.2,69,3,3262.1,55,1,3262.0,70,5,3262.8,17,13,3262.9,47,2,3263.0,260,3,3263.1,55,1,3263.2,78,3
11536,2025-12-30 12:51:14+05:30,3262.4,2,3250.38,1017628,116083.0,116431.0,3250.0,3265.1,3239.8,3251.5,44479225,3576.6,2926.4,4322.95,2866.6,3262.4,17,1,3262.3,188,5,3262.2,69,3,3262.1,55,1,3262.0,70,5,3262.8,17,13,3262.9,47,2,3263.0,260,3,3263.1,55,1,3263.2,78,3
11536,2025-12-30 12:51:15+05:30,3262.4,1,3250.38,1017643,115193.0,116428.0,3250.0,3265.1,3239.8,3251.5,44479225,3576.6,2926.4,4322.95,2866.6,3262.4,6,2,3262.3,187,5,3262.2,69,3,3262.1,55,1,3262.0,70,5,3262.8,14,10,3262.9,1,1,3263.0,300,4,3263.1,46,1,3263.2,78,3
11536,2025-12-30 12:51:15+05:30,3262.4,1,3250.38,1017643,115193.0,116428.0,3250.0,3265.1,3239.8,3251.5,44479225,3576.6,2926.4,4322.95,2866.6,3262.4,6,2,3262.3,187,5,3262.2,69,3,3262.1,55,1,3262.0,70,5,3262.8,14,10,3262.9,1,1,3263.0,300,4,3263.1,46,1,3263.2,78,3
11536,2025-12-30 12:51:16+05:30,3262.4,2,3250.38,1017654,116884.0,116481.0,3250.0,3265.1,3239.8,3251.5,44479225,3576.6,2926.4,4322.95,2866.6,3262.4,20,2,3262.3,187,5,3262.2,69,3,3262.1,55,1,3262.0,70,5,3262.8,8,8,3262.9,1,1,3263.0,289,3,3263.1,46,1,3263.2,59,2
11536,2025-12-30 12:51:16+05:30,3262.4,1,3250.38,1017654,116884.0,116481.0,3250.0,3265.1,3239.8,3251.5,44479225,3576.6,2926.4,4322.95,2866.6,3262.4,20,2,3262.3,187,5,3262.2,69,3,3262.1,55,1,3262.0,70,5,3262.8,8,8,3262.9,1,1,3263.0,289,3,3263.1,46,1,3263.2,59,2
11536,2025-12-30 12:51:17+05:30,3262.4,4,3250.39,1017737,116003.0,116543.0,3250.0,3265.1,3239.8,3251.5,44479225,3576.6,2926.4,4322.95,2866.6,3262.4,9,2,3262.3,187,5,3262.2,73,4,3262.1,55,1,3262.0,70,5,3262.8,15,8,3262.9,1,1,3263.0,300,4,3263.1,46,1,3263.2,114,3
11536,2025-12-30 12:51:17+05:30,3262.4,1,3250.39,1017737,116003.0,116543.0,3250.0,3265.1,3239.8,3251.5,44479225,3576.6,2926.4,4322.95,2866.6,3262.4,9,2,3262.3,187,5,3262.2,73,4,3262.1,55,1,3262.0,70,5,3262.8,15,8,3262.9,1,1,3263.0,300,4,3263.1,46,1,3263.2,114,3
11536,2025-12-30 12:51:18+05:30,3262.4,1,3250.39,1017739,117007.0,116206.0,3250.0,3265.1,3239.8,3251.5,44479225,3576.6,2926.4,4322.95,2866.6,3262.4,56,4,3262.3,187,5,3262.2,73,4,3262.1,55,1,3262.0,70,5,3262.8,12,9,3262.9,1,1,3263.0,249,2,3263.1,101,2,3263.2,59,2
11536,2025-12-30 12:51:18+05:30,3262.4,1,3250.39,1017739,117007.0,116206.0,3250.0,3265.1,3239.8,3251.5,44479225,3576.6,2926.4,4322.95,2866.6,3262.4,56,4,3262.3,187,5,3262.2,73,4,3262.1,55,1,3262.0,70,5,3262.8,12,9,3262.9,1,1,3263.0,249,2,3263.1,101,2,3263.2,59,2
11536,2025-12-30 12:51:19+05:30,3262.4,20,3250.39,1017767,116157.0,116309.0,3250.0,3265.1,3239.8,3251.5,44479225,3576.6,2926.4,4322.95,2866.6,3262.4,53,4,3262.3,187,5,3262.2,119,5,3262.1,55,1,3262.0,67,4,3262.6,17,1,3262.8,9,8,3262.9,1,1,3263.0,249,2,3263.2,40,1
11536,2025-12-30 12:51:19+05:30,3262.4,1,3250.39,1017767,116157.0,116309.0,3250.0,3265.1,3239.8,3251.5,44479225,3576.6,2926.4,4322.95,2866.6,3262.4,53,4,3262.3,187,5,3262.2,119,5,3262.1,55,1,3262.0,67,4,3262.6,17,1,3262.8,9,8,3262.9,1,1,3263.0,249,2,3263.2,40,1
11536,2025-12-30 12:51:20+05:30,3262.4,1,3250.39,1017792,118359.0,116455.0,3250.0,3265.1,3239.8,3251.5,44479225,3576.6,2926.4,4322.95,2866.6,3262.4,43,6,3262.3,187,5,3262.2,73,4,3262.1,55,1,3262.0,288,7,3262.6,19,6,3262.8,19,3,3262.9,1,1,3263.0,249,2,3263.1,19,1
11536,2025-12-30 12:51:20+05:30,3262.4,1,3250.39,1017792,118359.0,116455.0,3250.0,3265.1,3239.8,3251.5,44479225,3576.6,2926.4,4322.95,2866.6,3262.4,43,6,3262.3,187,5,3262.2,73,4,3262.1,55,1,3262.0,288,7,3262.6,19,6,3262.8,19,3,3262.9,1,1,3263.0,249,2,3263.1,19,1
11536,2025-12-30 12:51:21+05:30,3262.4,7,3250.39,1017803,118048.0,116307.0,3250.0,3265.1,3239.8,3251.5,44479225,3576.6,2926.4,4322.95,2866.6,3262.4,32,5,3262.3,187,5,3262.2,215,5,3262.1,230,2,3262.0,146,6,3262.6,38,9,3262.8,1,1,3262.9,1,1,3263.0,249,2,3263.4,84,3
11536,2025-12-30 12:51:21+05:30,3262.4,7,3250.39,1017803,118048.0,116307.0,3250.0,3265.1,3239.8,3251.5,44479225,3576.6,2926.4,4322.95,2866.6,3262.4,32,5,3262.3,187,5,3262.2,215,5,3262.1,230,2,3262.0,146,6,3262.6,38,9,3262.8,1,1,3262.9,1,1,3263.0,249,2,3263.4,84,3
11536,2025-12-30 12:51:22+05:30,3262.8,1,3250.39,1017855,117872.0,116236.0,3250.0,3265.1,3239.8,3251.5,44479225,3576.6,2926.4,4322.95,2866.6,3262.4,30,5,3262.3,187,5,3262.2,73,4,3262.1,99,2,3262.0,105,6,3262.9,4,3,3263.0,249,2,3263.4,51,2,3263.5,1,1,3263.6,19,1
11536,2025-12-30 12:51:22+05:30,3262.8,1,3250.39,1017855,117872.0,116236.0,3250.0,3265.1,3239.8,3251.5,44479225,3576.6,2926.4,4322.95,2866.6,3262.4,30,5,3262.3,187,5,3262.2,73,4,3262.1,99,2,3262.0,105,6,3262.9,4,3,3263.0,249,2,3263.4,51,2,3263.5,1,1,3263.6,19,1
11536,2025-12-30 12:51:23+05:30,3262.4,2,3250.39,1017859,117591.0,116338.0,3250.0,3265.1,3239.8,3251.5,44479225,3576.6,2926.4,4322.95,2866.6,3262.4,47,5,3262.3,187,5,3262.2,73,4,3262.1,99,2,3262.0,157,7,3262.9,3,3,3263.0,249,2,3263.4,40,1,3263.5,11,2,3263.6,25,1
11536,2025-12-30 12:51:23+05:30,3262.4,2,3250.39,1017859,117591.0,116338.0,3250.0,3265.1,3239.8,3251.5,44479225,3576.6,2926.4,4322.95,2866.6,3262.4,47,5,3262.3,187,5,3262.2,73,4,3262.1,99,2,3262.0,157,7,3262.9,3,3,3263.0,249,2,3263.4,40,1,3263.5,11,2,3263.6,25,1
11536,2025-12-30 12:51:24+05:30,3262.4,4,3250.39,1017882,117591.0,116314.0,3250.0,3265.1,3239.8,3251.5,44479225,3576.6,2926.4,4322.95,2866.6,3262.4,46,5,3262.3,188,6,3262.2,73,4,3262.1,99,2,3262.0,157,7,3262.9,2,2,3263.0,249,2,3263.4,40,1,3263.5,21,3,3263.6,25,1
11536,2025-12-30 12:51:24+05:30,3262.4,4,3250.39,1017882,117591.0,116314.0,3250.0,3265.1,3239.8,3251.5,44479225,3576.6,2926.4,4322.95,2866.6,3262.4,46,5,3262.3,188,6,3262.2,73,4,3262.1,99,2,3262.0,157,7,3262.9,2,2,3263.0,249,2,3263.4,40,1,3263.5,21,3,3263.6,25,1
11536,2025-12-30 12:51:25+05:30,3262.9,1,3250.39,1017889,116539.0,116525.0,3250.0,3265.1,3239.8,3251.5,44479225,3576.6,2926.4,4322.95,2866.6,3262.4,43,5,3262.3,188,6,3262.2,73,4,3262.1,99,2,3262.0,157,7,3262.9,5,5,3263.0,249,2,3263.4,40,1,3263.5,21,3,3263.6,25,1
11536,2025-12-30 12:51:25+05:30,3262.9,1,3250.39,1017889,116539.0,116525.0,3250.0,3265.1,3239.8,3251.5,44479225,3576.6,2926.4,4322.95,2866.6,3262.4,43,5,3262.3,188,6,3262.2,73,4,3262.1,99,2,3262.0,157,7,3262.9,5,5,3263.0,249,2,3263.4,40,1,3263.5,21,3,3263.6,25,1
11536,2025-12-30 12:51:26+05:30,3262.3,4,3250.39,1017936,118835.0,116458.0,3250.0,3265.1,3239.8,3251.5,44479225,3576.6,2926.4,4322.95,2866.6,3262.3,189,7,3262.2,53,3,3262.1,55,1,3262.0,102,5,3261.9,118,3,3262.4,78,5,3262.9,4,4,3263.0,259,3,3263.3,10,1,3263.4,40,1
11536,2025-12-30 12:51:26+05:30,3262.3,1,3250.39,1017936,118835.0,116458.0,3250.0,3265.1,3239.8,3251.5,44479225,3576.6,2926.4,4322.95,2866.6,3262.3,189,7,3262.2,53,3,3262.1,55,1,3262.0,102,5,3261.9,118,3,3262.4,78,5,3262.9,4,4,3263.0,259,3,3263.3,10,1,3263.4,40,1
11536,2025-12-30 12:51:27+05:30,3262.3,2,3250.39,1018020,119115.0,116692.0,3250.0,3265.1,3239.8,3251.5,44479225,3576.6,2926.4,4322.95,2866.6,3262.3,106,6,3262.2,63,4,3262.1,55,1,3262.0,81,4,3261.9,118,3,3262.4,115,10,3262.9,2,2,3263.0,303,4,3263.1,92,2,3263.3,10,1
11536,2025-12-30 12:51:27+05:30,3262.3,3,3250.39,1018020,119115.0,116692.0,3250.0,3265.1,3239.8,3251.5,44479225,3576.6,2926.4,4322.95,2866.6,3262.3,106,6,3262.2,63,4,3262.1,55,1,3262.0,81,4,3261.9,118,3,3262.4,115,10,3262.9,2,2,3263.0,303,4,3263.1,92,2,3263.3,10,1
11536,2025-12-30 12:51:28+05:30,3262.3,13,3250.39,1018040,119095.0,116676.0,3250.0,3265.1,3239.8,3251.5,44479225,3576.6,2926.4,4322.95,2866.6,3262.3,87,7,3262.2,63,4,3262.1,55,1,3262.0,81,4,3261.9,118,3,3262.4,116,12,3262.9,41,2,3263.0,366,6,3263.1,40,1,3263.2,19,1
11536,2025-12-30 12:51:28+05:30,3262.3,1,3250.39,1018040,119095.0,116676.0,3250.0,3265.1,3239.8,3251.5,44479225,3576.6,2926.4,4322.95,2866.6,3262.3,87,7,3262.2,63,4,3262.1,55,1,3262.0,81,4,3261.9,118,3,3262.4,116,12,3262.9,41,2,3263.0,366,6,3263.1,40,1,3263.2,19,1
11536,2025-12-30 12:51:29+05:30,3262.3,2,3250.39,1018070,119062.0,116669.0,3250.0,3265.1,3239.8,3251.5,44479225,3576.6,2926.4,4322.95,2866.6,3262.3,57,7,3262.2,63,4,3262.1,55,1,3262.0,81,4,3261.9,118,3,3262.4,114,12,3262.8,6,1,3262.9,40,1,3263.0,366,6,3263.1,40,1
11536,2025-12-30 12:51:29+05:30,3262.3,7,3250.39,1018070,119062.0,116669.0,3250.0,3265.1,3239.8,3251.5,44479225,3576.6,2926.4,4322.95,2866.6,3262.3,57,7,3262.2,63,4,3262.1,55,1,3262.0,81,4,3261.9,118,3,3262.4,114,12,3262.8,6,1,3262.9,40,1,3263.0,366,6,3263.1,40,1
11536,2025-12-30 12:51:30+05:30,3262.3,1,3250.39,1018083,119051.0,116669.0,3250.0,3265.1,3239.8,3251.5,44479225,3576.6,2926.4,4322.95,2866.6,3262.3,44,6,3262.2,65,5,3262.1,55,1,3262.0,81,4,3261.9,118,3,3262.4,114,12,3262.8,6,1,3262.9,40,1,3263.0,366,6,3263.1,40,1
11536,2025-12-30 12:51:30+05:30,3262.3,9,3250.39,1018083,119051.0,116669.0,3250.0,3265.1,3239.8,3251.5,44479225,3576.6,2926.4,4322.95,2866.6,3262.3,44,6,3262.2,65,5,3262.1,55,1,3262.0,81,4,3261.9,118,3,3262.4,114,12,3262.8,6,1,3262.9,40,1,3263.0,366,6,3263.1,40,1
11536,2025-12-30 12:51:31+05:30,3262.3,1,3250.39,1018119,119037.0,116686.0,3250.0,3265.1,3239.8,3251.5,44479225,3576.6,2926.4,4322.95,2866.6,3262.3,44,6,3262.2,65,5,3262.1,55,1,3262.0,81,4,3261.9,118,3,3262.4,112,13,3262.9,40,1,3263.0,366,6,3263.1,40,1,3263.2,19,1
11536,2025-12-30 12:51:31+05:30,3262.3,1,3250.39,1018119,119037.0,116686.0,3250.0,3265.1,3239.8,3251.5,44479225,3576.6,2926.4,4322.95,2866.6,3262.3,44,6,3262.2,65,5,3262.1,55,1,3262.0,81,4,3261.9,118,3,3262.4,112,13,3262.9,40,1,3263.0,366,6,3263.1,40,1,3263.2,19,1
11536,2025-12-30 12:51:32+05:30,3262.3,1,3250.39,1018134,119104.0,116653.0,3250.0,3265.1,3239.8,3251.5,44479225,3576.6,2926.4,4322.95,2866.6,3262.3,37,4,3262.2,71,7,3262.1,55,1,3262.0,81,4,3261.9,118,3,3262.4,108,12,3262.9,40,1,3263.0,366,6,3263.1,40,1,3263.2,19,1
11536,2025-12-30 12:51:32+05:30,3262.3,1,3250.39,1018134,119104.0,116653.0,3250.0,3265.1,3239.8,3251.5,44479225,3576.6,2926.4,4322.95,2866.6,3262.3,37,4,3262.2,71,7,3262.1,55,1,3262.0,81,4,3261.9,118,3,3262.4,108,12,3262.9,40,1,3263.0,366,6,3263.1,40,1,3263.2,19,1
11536,2025-12-30 12:51:33+05:30,3262.3,4,3250.39,1018150,119178.0,116657.0,3250.0,3265.1,3239.8,3251.5,44479225,3576.6,2926.4,4322.95,2866.6,3262.3,22,3,3262.2,131,8,3262.1,55,1,3262.0,81,4,3261.9,118,3,3262.4,105,11,3262.9,40,1,3263.0,366,6,3263.1,40,1,3263.2,19,1
11536,2025-12-30 12:51:33+05:30,3262.3,2,3250.39,1018150,119178.0,116657.0,3250.0,3265.1,3239.8,3251.5,44479225,3576.6,2926.4,4322.95,2866.6,3262.3,22,3,3262.2,131,8,3262.1,55,1,3262.0,81,4,3261.9,118,3,3262.4,105,11,3262.9,40,1,3263.0,366,6,3263.1,40,1,3263.2,19,1
11536,2025-12-30 12:51:34+05:30,3262.3,3,3250.39,1018159,119179.0,116679.0,3250.0,3265.1,3239.8,3251.5,44479225,3576.6,2926.4,4322.95,2866.6,3262.3,13,3,3262.2,131,8,3262.1,55,1,3262.0,81,4,3261.9,118,3,3262.4,106,12,3262.9,46,2,3263.0,355,5,3263.1,40,1,3263.2,19,1
11536,2025-12-30 12:51:34+05:30,3262.3,2,3250.39,1018159,119179.0,116679.0,3250.0,3265.1,3239.8,3251.5,44479225,3576.6,2926.4,4322.95,2866.6,3262.3,13,3,3262.2,131,8,3262.1,55,1,3262.0,81,4,3261.9,118,3,3262.4,106,12,3262.9,46,2,3263.0,355,5,3263.1,40,1,3263.2,19,1
11536,2025-12-30 12:51:35+05:30,3262.0,1,3250.4,1019269,118332.0,116963.0,3250.0,3265.1,3239.8,3251.5,44479225,3576.6,2926.4,4322.95,2866.6,3262.1,2,1,3261.8,26,3,3261.7,9,2,3261.6,51,3,3261.5,4,1,3262.4,40,10,3263.0,355,5,3263.2,40,1,3263.4,151,3,3263.5,1,1
11536,2025-12-30 12:51:35+05:30,3262.3,1,3250.4,1019269,118332.0,116963.0,3250.0,3265.1,3239.8,3251.5,44479225,3576.6,2926.4,4322.95,2866.6,3262.1,2,1,3261.8,26,3,3261.7,9,2,3261.6,51,3,3261.5,4,1,3262.4,40,10,3263.0,355,5,3263.2,40,1,3263.4,151,3,3263.5,1,1
11536,2025-12-30 12:51:36+05:30,3262.0,62,3250.41,1019455,116741.0,117701.0,3250.0,3265.1,3239.8,3251.5,44479225,3576.6,2926.4,4322.95,2866.6,3261.8,13,3,3261.7,9,2,3261.5,4,1,3261.4,65,2,3261.3,46,2,3262.2,50,1,3262.3,1,1,3262.4,89,10,3262.6,40,1,3262.7,42,1
11536,2025-12-30 12:51:36+05:30,3261.8,1,3250.41,1019455,116741.0,117701.0,3250.0,3265.1,3239.8,3251.5,44479225,3576.6,2926.4,4322.95,2866.6,3261.8,13,3,3261.7,9,2,3261.5,4,1,3261.4,65,2,3261.3,46,2,3262.2,50,1,3262.3,1,1,3262.4,89,10,3262.6,40,1,3262.7,42,1
11536,2025-12-30 12:51:37+05:30,3261.8,2,3250.41,1019577,117727.0,117695.0,3250.0,3265.1,3239.8,3251.5,44479225,3576.6,2926.4,4322.95,2866.6,3261.7,9,2,3261.5,4,1,3261.4,90,4,3261.3,16,2,3261.2,282,7,3261.8,32,1,3262.2,63,5,3262.3,1,1,3262.4,94,7,3262.6,40,1
11536,2025-12-30 12:51:37+05:30,3261.7,1,3250.41,1019577,117727.0,117695.0,3250.0,3265.1,3239.8,3251.5,44479225,3576.6,2926.4,4322.95,2866.6,3261.7,9,2,3261.5,4,1,3261.4,90,4,3261.3,16,2,3261.2,282,7,3261.8,32,1,3262.2,63,5,3262.3,1,1,3262.4,94,7,3262.6,40,1
11536,2025-12-30 12:51:38+05:30,3261.7,3,3250.41,1019670,116629.0,118148.0,3250.0,3265.1,3239.8,3251.5,44479225,3576.6,2926.4,4322.95,2866.6,3261.5,4,1,3261.4,57,2,3261.3,47,3,3261.2,266,7,3261.1,492,10,3261.6,20,2,3261.8,21,6,3262.2,63,5,3262.3,42,1,3262.4,33,3
11536,2025-12-30 12:51:38+05:30,3261.4,1,3250.41,1019670,116629.0,118148.0,3250.0,3265.1,3239.8,3251.5,44479225,3576.6,2926.4,4322.95,2866.6,3261.5,4,1,3261.4,57,2,3261.3,47,3,3261.2,266,7,3261.1,492,10,3261.6,20,2,3261.8,21,6,3262.2,63,5,3262.3,42,1,3262.4,33,3
11536,2025-12-30 12:51:39+05:30,3261.5,6,3250.41,1019682,116671.0,118437.0,3250.0,3265.1,3239.8,3251.5,44479225,3576.6,2926.4,4322.95,2866.6,3261.3,75,6,3261.2,264,6,3261.1,503,9,3261.0,671,10,3260.9,193,6,3261.5,8,3,3261.6,22,3,3261.8,21,6,3262.2,8,3,3262.4,32,2
11536,2025-12-30 12:51:39+05:30,3261.3,19,3250.41,1019682,116671.0,118437.0,3250.0,3265.1,3239.8,3251.5,44479225,3576.6,2926.4,4322.95,2866.6,3261.3,75,6,3261.2,264,6,3261.1,503,9,3261.0,671,10,3260.9,193,6,3261.5,8,3,3261.6,22,3,3261.8,21,6,3262.2,8,3,3262.4,32,2
11536,2025-12-30 12:51:40+05:30,3261.3,1,3250.41,1020111,116527.0,118068.0,3250.0,3265.1,3239.8,3251.5,44479225,3576.6,2926.4,4322.95,2866.6,3261.3,24,3,3261.2,163,5,3261.1,283,10,3261.0,723,12,3260.9,87,3,3261.5,76,8,3261.6,22,3,3261.8,2,2,3262.2,2,1,3262.4,1,1
11536,2025-12-30 12:51:40+05:30,3261.3,44,3250.41,1020111,116527.0,118068.0,3250.0,3265.1,3239.8,3251.5,44479225,3576.6,2926.4,4322.95,2866.6,3261.3,24,3,3261.2,163,5,3261.1,283,10,3261.0,723,12,3260.9,87,3,3261.5,76,8,3261.6,22,3,3261.8,2,2,3262.2,2,1,3262.4,1,1
11536,2025-12-30 12:51:41+05:30,3261.3,3,3250.41,1020202,116467.0,118019.0,3250.0,3265.1,3239.8,3251.5,44479225,3576.6,2926.4,4322.95,2866.6,3261.3,58,5,3261.2,131,4,3261.1,296,10,3261.0,759,13,3260.9,103,4,3261.5,77,11,3261.6,19,2,3262.4,1,1,3262.6,40,1,3262.9,81,4
11536,2025-12-30 12:51:41+05:30,3261.3,3,3250.41,1020202,116467.0,118019.0,3250.0,3265.1,3239.8,3251.5,44479225,3576.6,2926.4,4322.95,2866.6,3261.3,58,5,3261.2,131,4,3261.1,296,10,3261.0,759,13,3260.9,103,4,3261.5,77,11,3261.6,19,2,3262.4,1,1,3262.6,40,1,3262.9,81,4
11536,2025-12-30 12:51:42+05:30,3261.3,1,3250.42,1020356,116546.0,117960.0,3250.0,3265.1,3239.8,3251.5,44479225,3576.6,2926.4,4322.95,2866.6,3261.3,81,5,3261.2,164,6,3261.1,257,9,3261.0,756,12,3260.9,149,5,3261.5,81,15,3262.4,1,1,3262.6,40,1,3262.9,81,4,3263.0,260,4
11536,2025-12-30 12:51:42+05:30,3261.3,3,3250.42,1020356,116546.0,117960.0,3250.0,3265.1,3239.8,3251.5,44479225,3576.6,2926.4,4322.95,2866.6,3261.3,81,5,3261.2,164,6,3261.1,257,9,3261.0,756,12,3260.9,149,5,3261.5,81,15,3262.4,1,1,3262.6,40,1,3262.9,81,4,3263.0,260,4
11536,2025-12-30 12:51:43+05:30,3261.3,52,3250.42,1020454,116546.0,118053.0,3250.0,3265.1,3239.8,3251.5,44479225,3576.6,2926.4,4322.95,2866.6,3261.3,49,6,3261.2,212,8,3261.1,257,9,3261.0,756,12,3260.9,122,5,3261.5,68,13,3262.4,1,1,3262.6,40,1,3262.9,81,4,3263.0,260,4
11536,2025-12-30 12:51:43+05:30,3261.3,18,3250.42,1020454,116546.0,118053.0,3250.0,3265.1,3239.8,3251.5,44479225,3576.6,2926.4,4322.95,2866.6,3261.3,49,6,3261.2,212,8,3261.1,257,9,3261.0,756,12,3260.9,122,5,3261.5,68,13,3262.4,1,1,3262.6,40,1,3262.9,81,4,3263.0,260,4
11536,2025-12-30 12:51:44+05:30,3261.3,1,3250.42,1020503,116651.0,117666.0,3250.0,3265.1,3239.8,3251.5,44479225,3576.6,2926.4,4322.95,2866.6,3261.3,117,7,3261.2,212,8,3261.1,257,9,3261.0,756,12,3260.9,187,7,3261.5,81,13,3262.4,1,1,3262.6,40,1,3262.9,81,4,3263.0,260,4
11536,2025-12-30 12:51:44+05:30,3261.3,1,3250.42,1020503,116651.0,117666.0,3250.0,3265.1,3239.8,3251.5,44479225,3576.6,2926.4,4322.95,2866.6,3261.3,117,7,3261.2,212,8,3261.1,257,9,3261.0,756,12,3260.9,187,7,3261.5,81,13,3262.4,1,1,3262.6,40,1,3262.9,81,4,3263.0,260,4
11536,2025-12-30 12:51:45+05:30,3261.3,3,3250.42,1020578,116576.0,117683.0,3250.0,3265.1,3239.8,3251.5,44479225,3576.6,2926.4,4322.95,2866.6,3261.3,34,4,3261.2,173,7,3261.1,257,9,3261.0,795,13,3260.9,141,6,3261.5,79,13,3262.4,1,1,3262.6,40,1,3262.9,81,4,3263.0,278,5
11536,2025-12-30 12:51:45+05:30,3261.3,5,3250.42,1020578,116576.0,117683.0,3250.0,3265.1,3239.8,3251.5,44479225,3576.6,2926.4,4322.95,2866.6,3261.3,34,4,3261.2,173,7,3261.1,257,9,3261.0,795,13,3260.9,141,6,3261.5,79,13,3262.4,1,1,3262.6,40,1,3262.9,81,4,3263.0,278,5
11536,2025-12-30 12:51:45+05:30,3261.3,2,3250.42,1020623,116647.0,117686.0,3250.0,3265.1,3239.8,3251.5,44479225,3576.6,2926.4,4322.95,2866.6,3261.3,22,4,3261.2,125,5,3261.1,257,9,3261.0,750,12,3260.9,141,6,3261.5,77,13,3262.4,1,1,3262.6,40,1,3262.9,81,4,3263.0,278,5
11536,2025-12-30 12:51:46+05:30,3261.3,4,3250.42,1020623,116647.0,117686.0,3250.0,3265.1,3239.8,3251.5,44479225,3576.6,2926.4,4322.95,2866.6,3261.3,22,4,3261.2,125,5,3261.1,257,9,3261.0,750,12,3260.9,141,6,3261.5,77,13,3262.4,1,1,3262.6,40,1,3262.9,81,4,3263.0,278,5
11536,2025-12-30 12:51:46+05:30,3261.3,39,3250.42,1020729,116750.0,117690.0,3250.0,3265.1,3239.8,3251.5,44479225,3576.6,2926.4,4322.95,2866.6,3261.3,29,3,3261.2,156,6,3261.1,257,9,3261.0,925,13,3260.9,181,7,3261.5,75,14,3262.4,1,1,3262.6,40,1,3262.9,81,4,3263.0,278,5
11536,2025-12-30 12:51:47+05:30,3261.2,2,3250.42,1020729,116750.0,117690.0,3250.0,3265.1,3239.8,3251.5,44479225,3576.6,2926.4,4322.95,2866.6,3261.3,29,3,3261.2,156,6,3261.1,257,9,3261.0,925,13,3260.9,181,7,3261.5,75,14,3262.4,1,1,3262.6,40,1,3262.9,81,4,3263.0,278,5
11536,2025-12-30 12:51:47+05:30,3261.2,2,3250.42,1020761,116344.0,118877.0,3250.0,3265.1,3239.8,3251.5,44479225,3576.6,2926.4,4322.95,2866.6,3261.2,135,7,3261.1,202,6,3261.0,653,9,3260.9,141,6,3260.8,123,6,3261.5,77,14,3262.3,46,1,3262.4,41,2,3262.6,40,1,3262.7,18,1
11536,2025-12-30 12:51:48+05:30,3261.5,1,3250.42,1020761,116344.0,118877.0,3250.0,3265.1,3239.8,3251.5,44479225,3576.6,2926.4,4322.95,2866.6,3261.2,135,7,3261.1,202,6,3261.0,653,9,3260.9,141,6,3260.8,123,6,3261.5,77,14,3262.3,46,1,3262.4,41,2,3262.6,40,1,3262.7,18,1
11536,2025-12-30 12:51:48+05:30,3261.5,1,3250.42,1020786,116315.0,118875.0,3250.0,3265.1,3239.8,3251.5,44479225,3576.6,2926.4,4322.95,2866.6,3261.2,88,6,3261.1,233,7,3261.0,658,10,3260.9,141,6,3260.8,154,7,3261.5,75,13,3262.3,46,1,3262.4,41,2,3262.6,40,1,3262.7,18,1
11536,2025-12-30 12:51:49+05:30,3261.3,1,3250.42,1020786,116315.0,118875.0,3250.0,3265.1,3239.8,3251.5,44479225,3576.6,2926.4,4322.95,2866.6,3261.2,88,6,3261.1,233,7,3261.0,658,10,3260.9,141,6,3260.8,154,7,3261.5,75,13,3262.3,46,1,3262.4,41,2,3262.6,40,1,3262.7,18,1
11536,2025-12-30 12:51:49+05:30,3261.3,1,3250.42,1020939,115390.0,117675.0,3250.0,3265.1,3239.8,3251.5,44479225,3576.6,2926.4,4322.95,2866.6,3261.2,83,7,3261.1,27,5,3261.0,626,10,3260.9,154,6,3260.8,519,8,3262.3,76,2,3262.4,41,2,3262.5,10,1,3262.6,65,2,3262.7,10,1
11536,2025-12-30 12:51:50+05:30,3261.3,1,3250.42,1020939,115615.0,117681.0,3250.0,3265.1,3239.8,3251.5,44479225,3576.6,2926.4,4322.95,2866.6,3261.2,83,7,3261.1,27,5,3261.0,649,11,3260.9,154,6,3260.8,550,9,3262.3,82,4,3262.4,41,2,3262.5,10,1,3262.6,65,2,3262.7,10,1
11536,2025-12-30 12:51:51+05:30,3261.2,2,3250.42,1020939,115615.0,117681.0,3250.0,3265.1,3239.8,3251.5,44479225,3576.6,2926.4,4322.95,2866.6,3261.2,83,7,3261.1,27,5,3261.0,649,11,3260.9,154,6,3260.8,550,9,3262.3,82,4,3262.4,41,2,3262.5,10,1,3262.6,65,2,3262.7,10,1
11536,2025-12-30 12:51:51+05:30,3261.2,2,3250.42,1020945,115618.0,117471.0,3250.0,3265.1,3239.8,3251.5,44479225,3576.6,2926.4,4322.95,2866.6,3261.3,5,1,3261.2,81,7,3261.1,50,6,3261.0,626,10,3260.9,201,8,3262.2,36,3,3262.3,43,3,3262.4,1,1,3262.5,10,1,3262.6,65,2
11536,2025-12-30 12:51:52+05:30,3261.3,33,3250.42,1020945,115618.0,117471.0,3250.0,3265.1,3239.8,3251.5,44479225,3576.6,2926.4,4322.95,2866.6,3261.3,5,1,3261.2,81,7,3261.1,50,6,3261.0,626,10,3260.9,201,8,3262.2,36,3,3262.3,43,3,3262.4,1,1,3262.5,10,1,3262.6,65,2
11536,2025-12-30 12:51:52+05:30,3261.3,33,3250.42,1020983,115419.0,117707.0,3250.0,3265.1,3239.8,3251.5,44479225,3576.6,2926.4,4322.95,2866.6,3261.5,6,2,3261.2,77,7,3261.1,32,6,3261.0,696,12,3260.9,560,9,3262.2,30,5,3262.3,39,2,3262.4,1,1,3262.6,40,1,3262.7,18,1
11536,2025-12-30 12:51:53+05:30,3261.2,10,3250.42,1020983,115419.0,117707.0,3250.0,3265.1,3239.8,3251.5,44479225,3576.6,2926.4,4322.95,2866.6,3261.5,6,2,3261.2,77,7,3261.1,32,6,3261.0,696,12,3260.9,560,9,3262.2,30,5,3262.3,39,2,3262.4,1,1,3262.6,40,1,3262.7,18,1
11536,2025-12-30 12:51:53+05:30,3261.2,10,3250.42,1021002,115550.0,117330.0,3250.0,3265.1,3239.8,3251.5,44479225,3576.6,2926.4,4322.95,2866.6,3261.2,67,7,3261.1,27,5,3261.0,653,11,3260.9,196,7,3260.8,216,10,3261.4,4,3,3262.2,3,3,3262.3,37,1,3262.4,1,1,3262.5,38,1
11536,2025-12-30 12:51:54+05:30,3261.2,50,3250.42,1021002,115550.0,117330.0,3250.0,3265.1,3239.8,3251.5,44479225,3576.6,2926.4,4322.95,2866.6,3261.2,67,7,3261.1,27,5,3261.0,653,11,3260.9,196,7,3260.8,216,10,3261.4,4,3,3262.2,3,3,3262.3,37,1,3262.4,1,1,3262.5,38,1
11536,2025-12-30 12:51:54+05:30,3261.2,50,3250.43,1021314,113593.0,119747.0,3250.0,3265.1,3239.8,3251.5,44479225,3576.6,2926.4,4322.95,2866.6,3261.1,32,6,3261.0,603,8,3260.9,43,3,3260.8,38,2,3260.7,26,2,3261.2,77,3,3261.4,4,3,3261.9,25,1,3262.0,83,2,3262.1,38,2
11536,2025-12-30 12:51:55+05:30,3261.0,1,3250.45,1023937,113243.0,120951.0,3250.0,3265.1,3239.8,3251.5,44479225,3576.6,2926.4,4322.95,2866.6,3261.0,267,4,3260.9,43,3,3260.8,38,2,3260.6,22,1,3260.4,53,5,3261.2,237,12,3261.4,48,3,3261.5,108,2,3261.8,18,1,3261.9,83,3
11536,2025-12-30 12:51:55+05:30,3261.2,5,3250.45,1023937,113243.0,120951.0,3250.0,3265.1,3239.8,3251.5,44479225,3576.6,2926.4,4322.95,2866.6,3261.0,267,4,3260.9,43,3,3260.8,38,2,3260.6,22,1,3260.4,53,5,3261.2,237,12,3261.4,48,3,3261.5,108,2,3261.8,18,1,3261.9,83,3
11536,2025-12-30 12:51:56+05:30,3261.0,3,3250.46,1024370,113901.0,118539.0,3250.0,3265.1,3239.8,3251.5,44479225,3576.6,2926.4,4322.95,2866.6,3261.0,196,4,3260.9,43,3,3260.8,38,2,3260.4,53,5,3260.2,122,6,3261.2,265,11,3261.4,6,1,3261.6,55,2,3261.7,40,1,3261.9,58,2
11536,2025-12-30 12:51:56+05:30,3261.0,3,3250.46,1024370,113901.0,118539.0,3250.0,3265.1,3239.8,3251.5,44479225,3576.6,2926.4,4322.95,2866.6,3261.0,196,4,3260.9,43,3,3260.8,38,2,3260.4,53,5,3260.2,122,6,3261.2,265,11,3261.4,6,1,3261.6,55,2,3261.7,40,1,3261.9,58,2
11536,2025-12-30 12:51:57+05:30,3261.2,1,3250.47,1025301,113776.0,120401.0,3250.0,3265.1,3239.8,3251.5,44479225,3576.6,2926.4,4322.95,2866.6,3261.0,464,3,3260.9,43,3,3260.8,38,2,3260.4,53,5,3260.2,91,5,3261.2,174,11,3261.5,51,2,3261.7,40,1,3261.8,4,1,3261.9,58,2
11536,2025-12-30 12:51:57+05:30,3261.2,4,3250.47,1025301,113776.0,120401.0,3250.0,3265.1,3239.8,3251.5,44479225,3576.6,2926.4,4322.95,2866.6,3261.0,464,3,3260.9,43,3,3260.8,38,2,3260.4,53,5,3260.2,91,5,3261.2,174,11,3261.5,51,2,3261.7,40,1,3261.8,4,1,3261.9,58,2
11536,2025-12-30 12:51:58+05:30,3261.0,4,3250.47,1025839,113555.0,121136.0,3250.0,3265.1,3239.8,3251.5,44479225,3576.6,2926.4,4322.95,2866.6,3261.0,80,4,3260.9,43,3,3260.8,38,2,3260.4,68,5,3260.2,124,6,3261.2,202,11,3261.7,40,1,3261.8,4,1,3261.9,58,2,3262.0,18,1
11536,2025-12-30 12:51:58+05:30,3261.0,14,3250.47,1025839,113555.0,121136.0,3250.0,3265.1,3239.8,3251.5,44479225,3576.6,2926.4,4322.95,2866.6,3261.0,80,4,3260.9,43,3,3260.8,38,2,3260.4,68,5,3260.2,124,6,3261.2,202,11,3261.7,40,1,3261.8,4,1,3261.9,58,2,3262.0,18,1
11536,2025-12-30 12:51:59+05:30,3261.0,51,3250.47,1025979,113860.0,120507.0,3250.0,3265.1,3239.8,3251.5,44479225,3576.6,2926.4,4322.95,2866.6,3261.0,450,3,3260.9,43,3,3260.8,38,2,3260.4,35,4,3260.2,91,5,3261.2,213,14,3261.4,10,1,3261.5,45,1,3261.6,10,1,3261.7,40,1
11536,2025-12-30 12:51:59+05:30,3261.0,196,3250.47,1025979,113860.0,120507.0,3250.0,3265.1,3239.8,3251.5,44479225,3576.6,2926.4,4322.95,2866.6,3261.0,450,3,3260.9,43,3,3260.8,38,2,3260.4,35,4,3260.2,91,5,3261.2,213,14,3261.4,10,1,3261.5,45,1,3261.6,10,1,3261.7,40,1
11536,2025-12-30 12:52:00+05:30,3261.0,37,3250.48,1026266,113570.0,120904.0,3250.0,3265.1,3239.8,3251.5,44479225,3576.6,2926.4,4322.95,2866.6,3261.0,237,4,3260.9,43,3,3260.8,38,2,3260.4,35,4,3260.2,91,5,3261.2,195,14,3261.4,49,2,3261.5,65,2,3261.6,38,2,3261.7,58,2
11536,2025-12-30 12:52:00+05:30,3261.0,3,3250.48,1026266,113570.0,120904.0,3250.0,3265.1,3239.8,3251.5,44479225,3576.6,2926.4,4322.95,2866.6,3261.0,237,4,3260.9,43,3,3260.8,38,2,3260.4,35,4,3260.2,91,5,3261.2,195,14,3261.4,49,2,3261.5,65,2,3261.6,38,2,3261.7,58,2
11536,2025-12-30 12:52:01+05:30,3261.2,1,3250.48,1026534,113785.0,121198.0,3250.0,3265.1,3239.8,3251.5,44479225,3576.6,2926.4,4322.95,2866.6,3261.0,546,3,3260.9,43,3,3260.8,38,2,3260.4,35,4,3260.2,91,5,3261.2,184,14,3261.4,53,2,3261.5,65,2,3261.6,38,2,3261.7,58,2
11536,2025-12-30 12:52:01+05:30,3261.0,56,3250.48,1026534,113785.0,121198.0,3250.0,3265.1,3239.8,3251.5,44479225,3576.6,2926.4,4322.95,2866.6,3261.0,546,3,3260.9,43,3,3260.8,38,2,3260.4,35,4,3260.2,91,5,3261.2,184,14,3261.4,53,2,3261.5,65,2,3261.6,38,2,3261.7,58,2
11536,2025-12-30 12:52:02+05:30,3260.8,19,3250.49,1027967,107870.0,121257.0,3250.0,3265.1,3239.8,3251.5,44479225,3576.6,2926.4,4322.95,2866.6,3260.8,38,2,3260.4,14,3,3260.2,26,3,3260.1,43,1,3260.0,374,16,3260.9,48,4,3261.0,26,2,3261.1,47,3,3261.2,201,15,3261.3,65,2
11536,2025-12-30 12:52:02+05:30,3260.8,14,3250.49,1027967,107870.0,121257.0,3250.0,3265.1,3239.8,3251.5,44479225,3576.6,2926.4,4322.95,2866.6,3260.8,38,2,3260.4,14,3,3260.2,26,3,3260.1,43,1,3260.0,374,16,3260.9,48,4,3261.0,26,2,3261.1,47,3,3261.2,201,15,3261.3,65,2
11536,2025-12-30 12:52:03+05:30,3260.0,11,3250.51,1029197,109644.0,121415.0,3250.0,3265.1,3239.8,3251.5,44479225,3576.6,2926.4,4322.95,2866.6,3260.0,56,1,3259.9,67,2,3259.8,168,4,3259.7,334,6,3259.6,135,5,3260.9,140,7,3261.0,3,1,3261.2,48,9,3261.4,10,1,3261.5,40,1
11536,2025-12-30 12:52:03+05:30,3260.0,5,3250.51,1029197,109644.0,121415.0,3250.0,3265.1,3239.8,3251.5,44479225,3576.6,2926.4,4322.95,2866.6,3260.0,56,1,3259.9,67,2,3259.8,168,4,3259.7,334,6,3259.6,135,5,3260.9,140,7,3261.0,3,1,3261.2,48,9,3261.4,10,1,3261.5,40,1
11536,2025-12-30 12:52:04+05:30,3260.2,36,3250.51,1029315,108743.0,121393.0,3250.0,3265.1,3239.8,3251.5,44479225,3576.6,2926.4,4322.95,2866.6,3260.2,126,1,3259.8,138,3,3259.7,338,6,3259.6,264,4,3259.5,426,3,3260.9,148,12,3261.2,36,4,3261.4,10,1,3261.5,65,3,3261.6,10,1
11536,2025-12-30 12:52:04+05:30,3260.2,2,3250.51,1029315,108743.0,121393.0,3250.0,3265.1,3239.8,3251.5,44479225,3576.6,2926.4,4322.95,2866.6,3260.2,126,1,3259.8,138,3,3259.7,338,6,3259.6,264,4,3259.5,426,3,3260.9,148,12,3261.2,36,4,3261.4,10,1,3261.5,65,3,3261.6,10,1
11536,2025-12-30 12:52:05+05:30,3260.2,11,3250.51,1029629,108064.0,123399.0,3250.0,3265.1,3239.8,3251.5,44479225,3576.6,2926.4,4322.95,2866.6,3259.8,15,1,3259.7,94,3,3259.6,16,1,3259.4,147,5,3259.3,100,4,3260.2,7,1,3260.9,130,13,3261.0,65,2,3261.1,25,1,3261.2,105,5
11536,2025-12-30 12:52:05+05:30,3260.2,42,3250.51,1029629,108064.0,123399.0,3250.0,3265.1,3239.8,3251.5,44479225,3576.6,2926.4,4322.95,2866.6,3259.8,15,1,3259.7,94,3,3259.6,16,1,3259.4,147,5,3259.3,100,4,3260.2,7,1,3260.9,130,13,3261.0,65,2,3261.1,25,1,3261.2,105,5
11536,2025-12-30 12:52:06+05:30,3260.9,4,3250.51,1030089,110590.0,121276.0,3250.0,3265.1,3239.8,3251.5,44479225,3576.6,2926.4,4322.95,2866.6,3260.7,15,1,3260.2,45,2,3260.1,43,1,3260.0,216,4,3259.9,390,4,3260.9,24,6,3261.2,24,1,3261.3,43,1,3261.4,10,1,3261.5,10,1
11536,2025-12-30 12:52:06+05:30,3260.9,4,3250.51,1030089,110590.0,121276.0,3250.0,3265.1,3239.8,3251.5,44479225,3576.6,2926.4,4322.95,2866.6,3260.7,15,1,3260.2,45,2,3260.1,43,1,3260.0,216,4,3259.9,390,4,3260.9,24,6,3261.2,24,1,3261.3,43,1,3261.4,10,1,3261.5,10,1
11536,2025-12-30 12:52:07+05:30,3260.7,4,3250.52,1030450,114033.0,120684.0,3250.0,3265.1,3239.8,3251.5,44479225,3576.6,2926.4,4322.95,2866.6,3260.7,73,1,3260.4,145,4,3260.3,62,3,3260.2,107,4,3260.1,86,3,3260.9,28,5,3261.2,24,1,3261.4,1,1,3261.8,60,2,3261.9,6,1
11536,2025-12-30 12:52:07+05:30,3260.7,4,3250.52,1030450,114033.0,120684.0,3250.0,3265.1,3239.8,3251.5,44479225,3576.6,2926.4,4322.95,2866.6,3260.7,73,1,3260.4,145,4,3260.3,62,3,3260.2,107,4,3260.1,86,3,3260.9,28,5,3261.2,24,1,3261.4,1,1,3261.8,60,2,3261.9,6,1
11536,2025-12-30 12:52:08+05:30,3260.7,26,3250.52,1030515,114024.0,120845.0,3250.0,3265.1,3239.8,3251.5,44479225,3576.6,2926.4,4322.95,2866.6,3260.7,13,3,3260.4,85,2,3260.3,2,1,3260.2,45,2,3260.1,76,4,3260.9,38,6,3261.2,24,1,3261.4,1,1,3261.6,10,1,3261.8,70,3
11536,2025-12-30 12:52:08+05:30,3260.7,23,3250.52,1030515,114024.0,120845.0,3250.0,3265.1,3239.8,3251.5,44479225,3576.6,2926.4,4322.95,2866.6,3260.7,13,3,3260.4,85,2,3260.3,2,1,3260.2,45,2,3260.1,76,4,3260.9,38,6,3261.2,24,1,3261.4,1,1,3261.6,10,1,3261.8,70,3
11536,2025-12-30 12:52:09+05:30,3260.4,17,3250.52,1030580,113801.0,120956.0,3250.0,3265.1,3239.8,3251.5,44479225,3576.6,2926.4,4322.95,2866.6,3260.4,68,2,3260.3,2,1,3260.2,45,2,3260.1,97,4,3260.0,75,3,3260.9,32,8,3261.2,24,1,3261.4,1,1,3261.5,36,2,3261.6,42,1
11536,2025-12-30 12:52:09+05:30,3260.4,2,3250.52,1030580,113801.0,120956.0,3250.0,3265.1,3239.8,3251.5,44479225,3576.6,2926.4,4322.95,2866.6,3260.4,68,2,3260.3,2,1,3260.2,45,2,3260.1,97,4,3260.0,75,3,3260.9,32,8,3261.2,24,1,3261.4,1,1,3261.5,36,2,3261.6,42,1
11536,2025-12-30 12:52:10+05:30,3260.4,2,3250.52,1030651,112387.0,121214.0,3250.0,3265.1,3239.8,3251.5,44479225,3576.6,2926.4,4322.95,2866.6,3260.4,64,1,3260.3,2,1,3260.2,3,1,3260.1,60,3,3260.0,75,3,3260.9,72,12,3261.4,44,2,3261.5,18,1,3261.6,42,1,3261.8,70,3
11536,2025-12-30 12:52:10+05:30,3260.4,26,3250.52,1030651,112387.0,121214.0,3250.0,3265.1,3239.8,3251.5,44479225,3576.6,2926.4,4322.95,2866.6,3260.4,64,1,3260.3,2,1,3260.2,3,1,3260.1,60,3,3260.0,75,3,3260.9,72,12,3261.4,44,2,3261.5,18,1,3261.6,42,1,3261.8,70,3
11536,2025-12-30 12:52:11+05:30,3260.4,2,3250.52,1030715,109778.0,121576.0,3250.0,3265.1,3239.8,3251.5,44479225,3576.6,2926.4,4322.95,2866.6,3260.4,1,1,3260.3,2,1,3260.1,60,3,3260.0,33,2,3259.9,14,2,3260.9,68,12,3261.0,10,2,3261.2,6,1,3261.3,41,1,3261.4,53,3
11536,2025-12-30 12:52:11+05:30,3260.4,1,3250.52,1030715,109778.0,121576.0,3250.0,3265.1,3239.8,3251.5,44479225,3576.6,2926.4,4322.95,2866.6,3260.4,1,1,3260.3,2,1,3260.1,60,3,3260.0,33,2,3259.9,14,2,3260.9,68,12,3261.0,10,2,3261.2,6,1,3261.3,41,1,3261.4,53,3
11536,2025-12-30 12:52:12+05:30,3260.4,24,3250.52,1030785,111438.0,122929.0,3250.0,3265.1,3239.8,3251.5,44479225,3576.6,2926.4,4322.95,2866.6,3260.3,2,1,3260.1,18,2,3260.0,11,1,3259.9,11,1,3259.8,37,2,3260.4,376,1,3260.9,65,13,3261.0,4,1,3261.1,83,2,3261.3,92,1
11536,2025-12-30 12:52:12+05:30,3260.3,14,3250.52,1030785,111438.0,122929.0,3250.0,3265.1,3239.8,3251.5,44479225,3576.6,2926.4,4322.95,2866.6,3260.3,2,1,3260.1,18,2,3260.0,11,1,3259.9,11,1,3259.8,37,2,3260.4,376,1,3260.9,65,13,3261.0,4,1,3261.1,83,2,3261.3,92,1
11536,2025-12-30 12:52:13+05:30,3260.1,4,3250.52,1030809,111631.0,122877.0,3250.0,3265.1,3239.8,3251.5,44479225,3576.6,2926.4,4322.95,2866.6,3260.1,13,2,3260.0,11,1,3259.9,11,1,3259.8,15,1,3259.7,59,3,3260.2,5,4,3260.3,1,1,3260.4,387,4,3260.8,1,1,3260.9,48,8
11536,2025-12-30 12:52:13+05:30,3260.1,7,3250.52,1030809,111631.0,122877.0,3250.0,3265.1,3239.8,3251.5,44479225,3576.6,2926.4,4322.95,2866.6,3260.1,13,2,3260.0,11,1,3259.9,11,1,3259.8,15,1,3259.7,59,3,3260.2,5,4,3260.3,1,1,3260.4,387,4,3260.8,1,1,3260.9,48,8
11536,2025-12-30 12:52:14+05:30,3260.1,5,3250.52,1030848,108699.0,123093.0,3250.0,3265.1,3239.8,3251.5,44479225,3576.6,2926.4,4322.95,2866.6,3260.1,13,2,3260.0,11,1,3259.9,11,1,3259.8,15,1,3259.7,91,4,3260.2,6,6,3260.3,1,1,3260.4,386,3,3260.9,87,7,3261.0,4,1
11536,2025-12-30 12:52:14+05:30,3260.1,1,3250.52,1030848,108699.0,123093.0,3250.0,3265.1,3239.8,3251.5,44479225,3576.6,2926.4,4322.95,2866.6,3260.1,13,2,3260.0,11,1,3259.9,11,1,3259.8,15,1,3259.7,91,4,3260.2,6,6,3260.3,1,1,3260.4,386,3,3260.9,87,7,3261.0,4,1
11536,2025-12-30 12:52:15+05:30,3260.1,4,3250.52,1030967,110419.0,124036.0,3250.0,3265.1,3239.8,3251.5,44479225,3576.6,2926.4,4322.95,2866.6,3260.0,11,1,3259.9,11,1,3259.8,47,2,3259.7,56,2,3259.6,62,2,3260.1,292,1,3260.2,11,10,3260.4,386,3,3260.8,1,1,3260.9,218,6
11536,2025-12-30 12:52:15+05:30,3260.1,53,3250.52,1030967,110419.0,124036.0,3250.0,3265.1,3239.8,3251.5,44479225,3576.6,2926.4,4322.95,2866.6,3260.0,11,1,3259.9,11,1,3259.8,47,2,3259.7,56,2,3259.6,62,2,3260.1,292,1,3260.2,11,10,3260.4,386,3,3260.8,1,1,3260.9,218,6
11536,2025-12-30 12:52:16+05:30,3260.1,1,3250.52,1031041,110418.0,123991.0,3250.0,3265.1,3239.8,3251.5,44479225,3576.6,2926.4,4322.95,2866.6,3260.0,4,1,3259.9,43,2,3259.8,15,1,3259.7,56,2,3259.6,76,3,3260.1,260,7,3260.2,8,8,3260.4,374,1,3260.7,1,1,3260.8,41,1
11536,2025-12-30 12:52:16+05:30,3260.1,1,3250.52,1031041,110418.0,123991.0,3250.0,3265.1,3239.8,3251.5,44479225,3576.6,2926.4,4322.95,2866.6,3260.0,4,1,3259.9,43,2,3259.8,15,1,3259.7,56,2,3259.6,76,3,3260.1,260,7,3260.2,8,8,3260.4,374,1,3260.7,1,1,3260.8,41,1
11536,2025-12-30 12:52:17+05:30,3259.9,1,3250.52,1031147,107690.0,123984.0,3250.0,3265.1,3239.8,3251.5,44479225,3576.6,2926.4,4322.95,2866.6,3259.9,8,1,3259.8,15,1,3259.7,56,2,3259.6,44,2,3259.5,84,3,3260.0,14,3,3260.1,235,8,3260.2,3,3,3260.4,374,1,3260.7,84,3
11536,2025-12-30 12:52:17+05:30,3259.9,1,3250.52,1031147,107690.0,123984.0,3250.0,3265.1,3239.8,3251.5,44479225,3576.6,2926.4,4322.95,2866.6,3259.9,8,1,3259.8,15,1,3259.7,56,2,3259.6,44,2,3259.5,84,3,3260.0,14,3,3260.1,235,8,3260.2,3,3,3260.4,374,1,3260.7,84,3
11536,2025-12-30 12:52:18+05:30,3259.9,1,3250.53,1031209,107818.0,123958.0,3250.0,3265.1,3239.8,3251.5,44479225,3576.6,2926.4,4322.95,2866.6,3259.9,11,2,3259.8,15,1,3259.7,58,3,3259.6,36,2,3259.5,34,2,3260.0,18,6,3260.1,228,5,3260.4,374,1,3260.7,84,3,3260.9,177,5
11536,2025-12-30 12:52:18+05:30,3259.9,3,3250.53,1031209,107818.0,123958.0,3250.0,3265.1,3239.8,3251.5,44479225,3576.6,2926.4,4322.95,2866.6,3259.9,11,2,3259.8,15,1,3259.7,58,3,3259.6,36,2,3259.5,34,2,3260.0,18,6,3260.1,228,5,3260.4,374,1,3260.7,84,3,3260.9,177,5
11536,2025-12-30 12:52:19+05:30,3259.8,11,3250.53,1031250,110971.0,124263.0,3250.0,3265.1,3239.8,3251.5,44479225,3576.6,2926.4,4322.95,2866.6,3259.8,11,2,3259.7,30,3,3259.6,36,2,3259.5,34,2,3259.4,73,4,3259.9,2,1,3260.0,22,10,3260.1,212,1,3260.4,374,1,3260.6,41,1
11536,2025-12-30 12:52:19+05:30,3260.0,2,3250.53,1031250,110971.0,124263.0,3250.0,3265.1,3239.8,3251.5,44479225,3576.6,2926.4,4322.95,2866.6,3259.8,11,2,3259.7,30,3,3259.6,36,2,3259.5,34,2,3259.4,73,4,3259.9,2,1,3260.0,22,10,3260.1,212,1,3260.4,374,1,3260.6,41,1
11536,2025-12-30 12:52:20+05:30,3259.8,8,3250.53,1031331,110655.0,124193.0,3250.0,3265.1,3239.8,3251.5,44479225,3576.6,2926.4,4322.95,2866.6,3259.8,15,3,3259.7,30,3,3259.6,36,2,3259.5,62,3,3259.4,73,4,3260.0,10,9,3260.1,212,1,3260.4,374,1,3260.5,42,2,3260.7,42,1
11536,2025-12-30 12:52:20+05:30,3260.0,1,3250.53,1031331,110655.0,124193.0,3250.0,3265.1,3239.8,3251.5,44479225,3576.6,2926.4,4322.95,2866.6,3259.8,15,3,3259.7,30,3,3259.6,36,2,3259.5,62,3,3259.4,73,4,3260.0,10,9,3260.1,212,1,3260.4,374,1,3260.5,42,2,3260.7,42,1
11536,2025-12-30 12:52:21+05:30,3259.8,2,3250.53,1031349,109775.0,124194.0,3250.0,3265.1,3239.8,3251.5,44479225,3576.6,2926.4,4322.95,2866.6,3259.8,21,3,3259.7,61,4,3259.6,36,2,3259.5,34,2,3259.4,101,5,3260.0,11,10,3260.1,212,1,3260.4,374,1,3260.5,42,2,3260.7,42,1
11536,2025-12-30 12:52:21+05:30,3259.8,1,3250.53,1031349,109775.0,124194.0,3250.0,3265.1,3239.8,3251.5,44479225,3576.6,2926.4,4322.95,2866.6,3259.8,21,3,3259.7,61,4,3259.6,36,2,3259.5,34,2,3259.4,101,5,3260.0,11,10,3260.1,212,1,3260.4,374,1,3260.5,42,2,3260.7,42,1
11536,2025-12-30 12:52:22+05:30,3259.8,2,3250.53,1031374,109949.0,124144.0,3250.0,3265.1,3239.8,3251.5,44479225,3576.6,2926.4,4322.95,2866.6,3259.8,19,3,3259.7,30,3,3259.6,36,2,3259.5,34,2,3259.4,97,5,3260.0,9,9,3260.1,212,1,3260.4,374,1,3260.5,42,2,3260.9,85,4
11536,2025-12-30 12:52:22+05:30,3259.8,4,3250.53,1031374,109949.0,124144.0,3250.0,3265.1,3239.8,3251.5,44479225,3576.6,2926.4,4322.95,2866.6,3259.8,19,3,3259.7,30,3,3259.6,36,2,3259.5,34,2,3259.4,97,5,3260.0,9,9,3260.1,212,1,3260.4,374,1,3260.5,42,2,3260.9,85,4
11536,2025-12-30 12:52:23+05:30,3259.8,3,3250.53,1031392,109737.0,124125.0,3250.0,3265.1,3239.8,3251.5,44479225,3576.6,2926.4,4322.95,2866.6,3259.8,22,3,3259.7,30,3,3259.6,36,2,3259.5,34,2,3259.4,109,5,3260.0,75,12,3260.1,212,1,3260.4,375,2,3260.5,41,1,3260.8,109,2
11536,2025-12-30 12:52:23+05:30,3259.8,1,3250.53,1031392,109737.0,124125.0,3250.0,3265.1,3239.8,3251.5,44479225,3576.6,2926.4,4322.95,2866.6,3259.8,22,3,3259.7,30,3,3259.6,36,2,3259.5,34,2,3259.4,109,5,3260.0,75,12,3260.1,212,1,3260.4,375,2,3260.5,41,1,3260.8,109,2
11536,2025-12-30 12:52:24+05:30,3259.8,7,3250.53,1031405,110785.0,124434.0,3250.0,3265.1,3239.8,3251.5,44479225,3576.6,2926.4,4322.95,2866.6,3259.8,10,3,3259.7,30,3,3259.6,36,2,3259.5,34,2,3259.4,111,6,3260.0,72,9,3260.1,212,1,3260.4,375,2,3260.5,41,1,3260.8,109,2
11536,2025-12-30 12:52:24+05:30,3259.8,20,3250.53,1031405,110785.0,124434.0,3250.0,3265.1,3239.8,3251.5,44479225,3576.6,2926.4,4322.95,2866.6,3259.8,10,3,3259.7,30,3,3259.6,36,2,3259.5,34,2,3259.4,111,6,3260.0,72,9,3260.1,212,1,3260.4,375,2,3260.5,41,1,3260.8,109,2
11536,2025-12-30 12:52:25+05:30,3259.8,1,3250.53,1031465,110167.0,123190.0,3250.0,3265.1,3239.8,3251.5,44479225,3576.6,2926.4,4322.95,2866.6,3259.7,4,2,3259.6,5,1,3259.5,34,2,3259.4,69,4,3259.3,21,1,3259.8,62,3,3260.0,73,10,3260.1,212,1,3260.2,1,1,3260.4,374,1
11536,2025-12-30 12:52:25+05:30,3259.7,3,3250.53,1031465,110167.0,123190.0,3250.0,3265.1,3239.8,3251.5,44479225,3576.6,2926.4,4322.95,2866.6,3259.7,4,2,3259.6,5,1,3259.5,34,2,3259.4,69,4,3259.3,21,1,3259.8,62,3,3260.0,73,10,3260.1,212,1,3260.2,1,1,3260.4,374,1
11536,2025-12-30 12:52:26+05:30,3259.7,3,3250.53,1031740,109753.0,124118.0,3250.0,3265.1,3239.8,3251.5,44479225,3576.6,2926.4,4322.95,2866.6,3259.4,19,3,3259.3,52,2,3259.2,35,1,3259.1,31,4,3259.0,85,5,3259.6,15,3,3259.8,117,5,3260.0,70,7,3260.1,212,1,3260.3,1,1
11536,2025-12-30 12:52:26+05:30,3259.4,4,3250.53,1031740,109753.0,124118.0,3250.0,3265.1,3239.8,3251.5,44479225,3576.6,2926.4,4322.95,2866.6,3259.4,19,3,3259.3,52,2,3259.2,35,1,3259.1,31,4,3259.0,85,5,3259.6,15,3,3259.8,117,5,3260.0,70,7,3260.1,212,1,3260.3,1,1
11536,2025-12-30 12:52:26+05:30,3259.4,7,3250.53,1031928,109882.0,124019.0,3250.0,3265.1,3239.8,3251.5,44479225,3576.6,2926.4,4322.95,2866.6,3259.4,7,2,3259.3,47,2,3259.2,35,1,3259.1,55,5,3259.0,111,6,3259.6,16,5,3259.7,1,1,3259.8,114,3,3260.0,68,5,3260.1,254,2
11536,2025-12-30 12:52:27+05:30,3259.4,2,3250.53,1031928,109882.0,124019.0,3250.0,3265.1,3239.8,3251.5,44479225,3576.6,2926.4,4322.95,2866.6,3259.4,7,2,3259.3,47,2,3259.2,35,1,3259.1,55,5,3259.0,111,6,3259.6,16,5,3259.7,1,1,3259.8,114,3,3260.0,68,5,3260.1,254,2
11536,2025-12-30 12:52:27+05:30,3259.4,2,3250.53,1031942,110554.0,124029.0,3250.0,3265.1,3239.8,3251.5,44479225,3576.6,2926.4,4322.95,2866.6,3259.4,6,2,3259.3,21,1,3259.2,70,2,3259.1,29,3,3259.0,120,7,3259.6,21,10,3259.7,1,1,3259.8,113,2,3260.0,66,3,3260.1,254,2
11536,2025-12-30 12:52:28+05:30,3259.6,1,3250.53,1031942,110554.0,124029.0,3250.0,3265.1,3239.8,3251.5,44479225,3576.6,2926.4,4322.95,2866.6,3259.4,6,2,3259.3,21,1,3259.2,70,2,3259.1,29,3,3259.0,120,7,3259.6,21,10,3259.7,1,1,3259.8,113,2,3260.0,66,3,3260.1,254,2
11536,2025-12-30 12:52:28+05:30,3259.1,6,3250.53,1032051,109487.0,124138.0,3250.0,3265.1,3239.8,3251.5,44479225,3576.6,2926.4,4322.95,2866.6,3259.1,33,5,3259.0,60,5,3258.9,82,2,3258.8,254,10,3258.7,77,4,3259.6,14,10,3259.7,1,1,3259.8,112,1,3260.0,66,3,3260.1,212,1
11536,2025-12-30 12:52:29+05:30,3259.1,4,3250.53,1032051,109487.0,124138.0,3250.0,3265.1,3239.8,3251.5,44479225,3576.6,2926.4,4322.95,2866.6,3259.1,33,5,3259.0,60,5,3258.9,82,2,3258.8,254,10,3258.7,77,4,3259.6,14,10,3259.7,1,1,3259.8,112,1,3260.0,66,3,3260.1,212,1
11536,2025-12-30 12:52:29+05:30,3259.1,3,3250.53,1032087,110977.0,124000.0,3250.0,3265.1,3239.8,3251.5,44479225,3576.6,2926.4,4322.95,2866.6,3259.1,51,6,3259.0,132,6,3258.9,82,2,3258.8,429,11,3258.7,294,6,3259.6,11,9,3259.8,112,1,3260.0,66,3,3260.1,212,1,3260.4,416,2
11536,2025-12-30 12:52:30+05:30,3259.1,11,3250.53,1032087,110977.0,124000.0,3250.0,3265.1,3239.8,3251.5,44479225,3576.6,2926.4,4322.95,2866.6,3259.1,51,6,3259.0,132,6,3258.9,82,2,3258.8,429,11,3258.7,294,6,3259.6,11,9,3259.8,112,1,3260.0,66,3,3260.1,212,1,3260.4,416,2
11536,2025-12-30 12:52:30+05:30,3259.1,1,3250.53,1032115,110969.0,124133.0,3250.0,3265.1,3239.8,3251.5,44479225,3576.6,2926.4,4322.95,2866.6,3259.1,44,5,3259.0,132,6,3258.9,82,2,3258.8,254,10,3258.7,77,4,3259.6,10,9,3259.8,112,1,3260.0,66,3,3260.1,212,1,3260.4,416,2
11536,2025-12-30 12:52:31+05:30,3259.1,5,3250.53,1032115,110969.0,124133.0,3250.0,3265.1,3239.8,3251.5,44479225,3576.6,2926.4,4322.95,2866.6,3259.1,44,5,3259.0,132,6,3258.9,82,2,3258.8,254,10,3258.7,77,4,3259.6,10,9,3259.8,112,1,3260.0,66,3,3260.1,212,1,3260.4,416,2
11536,2025-12-30 12:52:31+05:30,3259.6,1,3250.53,1032139,110945.0,124134.0,3250.0,3265.1,3239.8,3251.5,44479225,3576.6,2926.4,4322.95,2866.6,3259.1,106,6,3259.0,50,5,3258.9,75,2,3258.8,254,10,3258.7,119,5,3259.6,10,10,3259.8,112,1,3260.0,66,3,3260.1,212,1,3260.4,416,2
11536,2025-12-30 12:52:32+05:30,3259.1,1,3250.53,1032139,110945.0,124134.0,3250.0,3265.1,3239.8,3251.5,44479225,3576.6,2926.4,4322.95,2866.6,3259.1,106,6,3259.0,50,5,3258.9,75,2,3258.8,254,10,3258.7,119,5,3259.6,10,10,3259.8,112,1,3260.0,66,3,3260.1,212,1,3260.4,416,2
11536,2025-12-30 12:52:32+05:30,3258.8,19,3250.54,1032638,109790.0,122437.0,3250.0,3265.1,3239.8,3251.5,44479225,3576.6,2926.4,4322.95,2866.6,3258.9,65,5,3258.8,217,9,3258.7,76,4,3258.6,107,4,3258.5,205,7,3259.6,9,9,3259.8,112,1,3260.1,212,1,3260.4,416,2,3260.5,92,1
11536,2025-12-30 12:52:33+05:30,3259.6,3,3250.54,1032638,109790.0,122437.0,3250.0,3265.1,3239.8,3251.5,44479225,3576.6,2926.4,4322.95,2866.6,3258.9,65,5,3258.8,217,9,3258.7,76,4,3258.6,107,4,3258.5,205,7,3259.6,9,9,3259.8,112,1,3260.1,212,1,3260.4,416,2,3260.5,92,1
11536,2025-12-30 12:52:33+05:30,3259.6,5,3250.55,1033909,111278.0,122829.0,3250.0,3265.1,3239.8,3251.5,44479225,3576.6,2926.4,4322.95,2866.6,3259.2,152,7,3259.1,73,5,3259.0,160,7,3258.9,102,3,3258.8,240,6,3259.6,12,2,3260.1,212,1,3260.4,374,1,3260.8,92,1,3260.9,43,2
11536,2025-12-30 12:52:34+05:30,3259.3,1,3250.55,1033909,111278.0,122829.0,3250.0,3265.1,3239.8,3251.5,44479225,3576.6,2926.4,4322.95,2866.6,3259.2,152,7,3259.1,73,5,3259.0,160,7,3258.9,102,3,3258.8,240,6,3259.6,12,2,3260.1,212,1,3260.4,374,1,3260.8,92,1,3260.9,43,2
11536,2025-12-30 12:52:34+05:30,3259.3,1,3250.55,1034504,111620.0,122939.0,3250.0,3265.1,3239.8,3251.5,44479225,3576.6,2926.4,4322.95,2866.6,3259.3,146,8,3259.2,57,4,3259.1,243,5,3259.0,326,8,3258.9,443,4,3260.1,239,3,3260.4,374,1,3260.9,43,2,3261.0,4,1,3261.1,92,1
11536,2025-12-30 12:52:35+05:30,3260.1,1,3250.55,1034504,111620.0,122939.0,3250.0,3265.1,3239.8,3251.5,44479225,3576.6,2926.4,4322.95,2866.6,3259.3,146,8,3259.2,57,4,3259.1,243,5,3259.0,326,8,3258.9,443,4,3260.1,239,3,3260.4,374,1,3260.9,43,2,3261.0,4,1,3261.1,92,1
11536,2025-12-30 12:52:35+05:30,3260.1,1,3250.55,1034505,112570.0,122562.0,3250.0,3265.1,3239.8,3251.5,44479225,3576.6,2926.4,4322.95,2866.6,3259.4,144,7,3259.3,51,4,3259.2,258,8,3259.1,34,2,3259.0,164,9,3260.1,239,4,3260.4,374,1,3260.9,135,3,3261.0,4,1,3261.1,17,1
11536,2025-12-30 12:52:36+05:30,3259.4,3,3250.55,1034505,112570.0,122562.0,3250.0,3265.1,3239.8,3251.5,44479225,3576.6,2926.4,4322.95,2866.6,3259.4,144,7,3259.3,51,4,3259.2,258,8,3259.1,34,2,3259.0,164,9,3260.1,239,4,3260.4,374,1,3260.9,135,3,3261.0,4,1,3261.1,17,1
11536,2025-12-30 12:52:36+05:30,3259.4,6,3250.55,1034763,111905.0,121928.0,3250.0,3265.1,3239.8,3251.5,44479225,3576.6,2926.4,4322.95,2866.6,3259.3,144,6,3259.2,57,3,3259.1,34,2,3259.0,145,8,3258.9,462,7,3260.1,320,7,3260.4,374,1,3260.9,93,2,3261.0,56,3,3261.2,99,4
11536,2025-12-30 12:52:37+05:30,3259.3,10,3250.55,1034763,111905.0,121928.0,3250.0,3265.1,3239.8,3251.5,44479225,3576.6,2926.4,4322.95,2866.6,3259.3,144,6,3259.2,57,3,3259.1,34,2,3259.0,145,8,3258.9,462,7,3260.1,320,7,3260.4,374,1,3260.9,93,2,3261.0,56,3,3261.2,99,4
11536,2025-12-30 12:52:37+05:30,3259.3,10,3250.56,1034864,109961.0,121878.0,3250.0,3265.1,3239.8,3251.5,44479225,3576.6,2926.4,4322.95,2866.6,3259.3,101,5,3259.2,22,1,3259.1,34,2,3259.0,87,6,3258.9,172,7,3260.1,323,12,3260.3,33,1,3260.4,374,1,3260.6,39,1,3260.7,92,1
11536,2025-12-30 12:52:38+05:30,3259.3,53,3250.56,1034864,109961.0,121878.0,3250.0,3265.1,3239.8,3251.5,44479225,3576.6,2926.4,4322.95,2866.6,3259.3,101,5,3259.2,22,1,3259.1,34,2,3259.0,87,6,3258.9,172,7,3260.1,323,12,3260.3,33,1,3260.4,374,1,3260.6,39,1,3260.7,92,1
11536,2025-12-30 12:52:38+05:30,3259.3,1,3250.56,1034918,110503.0,123885.0,3250.0,3265.1,3239.8,3251.5,44479225,3576.6,2926.4,4322.95,2866.6,3259.3,66,4,3259.0,44,4,3258.9,150,6,3258.8,325,7,3258.7,256,3,3260.1,319,12,3260.2,33,1,3260.3,39,1,3260.4,374,1,3260.5,42,1
11536,2025-12-30 12:52:39+05:30,3259.3,3,3250.56,1034918,110503.0,123885.0,3250.0,3265.1,3239.8,3251.5,44479225,3576.6,2926.4,4322.95,2866.6,3259.3,66,4,3259.0,44,4,3258.9,150,6,3258.8,325,7,3258.7,256,3,3260.1,319,12,3260.2,33,1,3260.3,39,1,3260.4,374,1,3260.5,42,1
11536,2025-12-30 12:52:39+05:30,3259.2,8,3250.56,1035000,110303.0,123644.0,3250.0,3265.1,3239.8,3251.5,44479225,3576.6,2926.4,4322.95,2866.6,3259.0,100,5,3258.9,220,3,3258.8,282,6,3258.7,43,1,3258.6,194,8,3260.1,311,9,3260.3,39,1,3260.4,374,1,3260.5,94,4,3260.7,116,2
11536,2025-12-30 12:52:40+05:30,3259.2,15,3250.56,1035000,110303.0,123644.0,3250.0,3265.1,3239.8,3251.5,44479225,3576.6,2926.4,4322.95,2866.6,3259.0,100,5,3258.9,220,3,3258.8,282,6,3258.7,43,1,3258.6,194,8,3260.1,311,9,3260.3,39,1,3260.4,374,1,3260.5,94,4,3260.7,116,2
11536,2025-12-30 12:52:40+05:30,3259.2,1,3250.56,1035045,111548.0,123631.0,3250.0,3265.1,3239.8,3251.5,44479225,3576.6,2926.4,4322.95,2866.6,3259.2,36,3,3259.1,180,2,3259.0,311,6,3258.9,6,1,3258.8,186,8,3260.1,308,9,3260.3,39,1,3260.4,374,1,3260.7,24,1,3260.8,134,2
11536,2025-12-30 12:52:41+05:30,3259.2,3,3250.56,1035045,111548.0,123631.0,3250.0,3265.1,3239.8,3251.5,44479225,3576.6,2926.4,4322.95,2866.6,3259.2,36,3,3259.1,180,2,3259.0,311,6,3258.9,6,1,3258.8,186,8,3260.1,308,9,3260.3,39,1,3260.4,374,1,3260.7,24,1,3260.8,134,2
11536,2025-12-30 12:52:41+05:30,3259.2,3,3250.56,1035068,111764.0,123914.0,3250.0,3265.1,3239.8,3251.5,44479225,3576.6,2926.4,4322.95,2866.6,3259.2,31,3,3259.1,33,3,3259.0,175,6,3258.9,6,1,3258.8,183,8,3259.3,3,3,3260.1,307,9,3260.3,39,1,3260.4,374,1,3260.6,126,2
11536,2025-12-30 12:52:42+05:30,3259.3,1,3250.56,1035068,111764.0,123914.0,3250.0,3265.1,3239.8,3251.5,44479225,3576.6,2926.4,4322.95,2866.6,3259.2,31,3,3259.1,33,3,3259.0,175,6,3258.9,6,1,3258.8,183,8,3259.3,3,3,3260.1,307,9,3260.3,39,1,3260.4,374,1,3260.6,126,2
11536,2025-12-30 12:52:42+05:30,3260.1,79,3250.56,1035202,112186.0,123901.0,3250.0,3265.1,3239.8,3251.5,44479225,3576.6,2926.4,4322.95,2866.6,3259.2,28,4,3259.1,62,3,3259.0,161,6,3258.9,246,4,3258.8,318,8,3260.1,225,6,3260.4,374,1,3260.7,43,2,3260.8,61,2,3260.9,134,4
11536,2025-12-30 12:52:43+05:30,3259.2,2,3250.56,1035202,112186.0,123901.0,3250.0,3265.1,3239.8,3251.5,44479225,3576.6,2926.4,4322.95,2866.6,3259.2,28,4,3259.1,62,3,3259.0,161,6,3258.9,246,4,3258.8,318,8,3260.1,225,6,3260.4,374,1,3260.7,43,2,3260.8,61,2,3260.9,134,4
11536,2025-12-30 12:52:43+05:30,3259.2,2,3250.56,1035264,111604.0,124434.0,3250.0,3265.1,3239.8,3251.5,44479225,3576.6,2926.4,4322.95,2866.6,3259.2,15,2,3259.1,23,1,3259.0,161,6,3258.9,31,2,3258.8,170,8,3260.0,1,1,3260.1,186,7,3260.2,34,1,3260.3,40,1,3260.4,374,1
11536,2025-12-30 12:52:44+05:30,3259.2,5,3250.56,1035264,111604.0,124434.0,3250.0,3265.1,3239.8,3251.5,44479225,3576.6,2926.4,4322.95,2866.6,3259.2,15,2,3259.1,23,1,3259.0,161,6,3258.9,31,2,3258.8,170,8,3260.0,1,1,3260.1,186,7,3260.2,34,1,3260.3,40,1,3260.4,374,1
11536,2025-12-30 12:52:44+05:30,3259.2,5,3250.56,1035269,109664.0,124268.0,3250.0,3265.1,3239.8,3251.5,44479225,3576.6,2926.4,4322.95,2866.6,3259.1,5,1,3259.0,84,5,3258.9,181,2,3258.8,321,8,3258.7,43,1,3260.0,13,4,3260.1,185,6,3260.3,40,1,3260.4,374,1,3260.5,61,2
11536,2025-12-30 12:52:45+05:30,3259.1,2,3250.56,1035269,109664.0,124268.0,3250.0,3265.1,3239.8,3251.5,44479225,3576.6,2926.4,4322.95,2866.6,3259.1,5,1,3259.0,84,5,3258.9,181,2,3258.8,321,8,3258.7,43,1,3260.0,13,4,3260.1,185,6,3260.3,40,1,3260.4,374,1,3260.5,61,2
11536,2025-12-30 12:52:45+05:30,3259.1,2,3250.56,1035370,110093.0,124419.0,3250.0,3265.1,3239.8,3251.5,44479225,3576.6,2926.4,4322.95,2866.6,3259.1,5,2,3259.0,86,4,3258.9,243,3,3258.8,284,7,3258.7,72,3,3260.0,43,7,3260.1,179,4,3260.3,40,1,3260.4,374,1,3260.7,24,1
11536,2025-12-30 12:52:46+05:30,3259.1,1,3250.56,1035370,110093.0,124419.0,3250.0,3265.1,3239.8,3251.5,44479225,3576.6,2926.4,4322.95,2866.6,3259.1,5,2,3259.0,86,4,3258.9,243,3,3258.8,284,7,3258.7,72,3,3260.0,43,7,3260.1,179,4,3260.3,40,1,3260.4,374,1,3260.7,24,1
11536,2025-12-30 12:52:46+05:30,3259.1,1,3250.56,1035401,109528.0,124065.0,3250.0,3265.1,3239.8,3251.5,44479225,3576.6,2926.4,4322.95,2866.6,3259.1,26,3,3259.0,5,1,3258.9,220,3,3258.8,309,8,3258.7,111,6,3260.0,46,9,3260.1,176,2,3260.3,40,1,3260.4,374,1,3260.5,42,1
11536,2025-12-30 12:52:47+05:30,3259.1,9,3250.56,1035401,109528.0,124065.0,3250.0,3265.1,3239.8,3251.5,44479225,3576.6,2926.4,4322.95,2866.6,3259.1,26,3,3259.0,5,1,3258.9,220,3,3258.8,309,8,3258.7,111,6,3260.0,46,9,3260.1,176,2,3260.3,40,1,3260.4,374,1,3260.5,42,1
11536,2025-12-30 12:52:47+05:30,3259.1,9,3250.56,1035507,112213.0,123159.0,3250.0,3265.1,3239.8,3251.5,44479225,3576.6,2926.4,4322.95,2866.6,3259.2,50,4,3259.1,323,8,3259.0,346,6,3258.9,81,5,3258.8,503,9,3260.0,14,8,3260.1,176,2,3260.4,374,1,3260.6,34,1,3260.8,42,1
11536,2025-12-30 12:52:48+05:30,3259.2,12,3250.56,1035507,112213.0,123159.0,3250.0,3265.1,3239.8,3251.5,44479225,3576.6,2926.4,4322.95,2866.6,3259.2,50,4,3259.1,323,8,3259.0,346,6,3258.9,81,5,3258.8,503,9,3260.0,14,8,3260.1,176,2,3260.4,374,1,3260.6,34,1,3260.8,42,1
11536,2025-12-30 12:52:48+05:30,3259.2,12,3250.56,1035529,108891.0,123516.0,3250.0,3265.1,3239.8,3251.5,44479225,3576.6,2926.4,4322.95,2866.6,3259.2,16,3,3259.1,78,4,3259.0,91,3,3258.9,226,4,3258.8,174,10,3260.0,124,10,3260.1,87,1,3260.2,34,1,3260.3,40,1,3260.4,374,1
11536,2025-12-30 12:52:49+05:30,3259.1,4,3250.56,1035529,108891.0,123516.0,3250.0,3265.1,3239.8,3251.5,44479225,3576.6,2926.4,4322.95,2866.6,3259.2,16,3,3259.1,78,4,3259.0,91,3,3258.9,226,4,3258.8,174,10,3260.0,124,10,3260.1,87,1,3260.2,34,1,3260.3,40,1,3260.4,374,1
11536,2025-12-30 12:52:49+05:30,3259.1,4,3250.56,1035591,111325.0,124189.0,3250.0,3265.1,3239.8,3251.5,44479225,3576.6,2926.4,4322.95,2866.6,3259.1,80,5,3259.0,21,1,3258.9,226,4,3258.8,174,10,3258.7,115,4,3260.0,169,12,3260.1,87,1,3260.2,34,1,3260.3,40,1,3260.4,374,1
11536,2025-12-30 12:52:50+05:30,3259.1,14,3250.56,1035591,111325.0,124189.0,3250.0,3265.1,3239.8,3251.5,44479225,3576.6,2926.4,4322.95,2866.6,3259.1,80,5,3259.0,21,1,3258.9,226,4,3258.8,174,10,3258.7,115,4,3260.0,169,12,3260.1,87,1,3260.2,34,1,3260.3,40,1,3260.4,374,1
11536,2025-12-30 12:52:50+05:30,3259.1,4,3250.56,1035613,111277.0,124226.0,3250.0,3265.1,3239.8,3251.5,44479225,3576.6,2926.4,4322.95,2866.6,3259.1,40,4,3259.0,21,1,3258.9,184,3,3258.8,174,10,3258.7,73,3,3260.0,202,12,3260.1,87,1,3260.3,40,1,3260.4,374,1,3260.6,19,1
11536,2025-12-30 12:52:51+05:30,3259.1,1,3250.56,1035613,111277.0,124226.0,3250.0,3265.1,3239.8,3251.5,44479225,3576.6,2926.4,4322.95,2866.6,3259.1,40,4,3259.0,21,1,3258.9,184,3,3258.8,174,10,3258.7,73,3,3260.0,202,12,3260.1,87,1,3260.3,40,1,3260.4,374,1,3260.6,19,1
11536,2025-12-30 12:52:51+05:30,3259.1,1,3250.56,1035637,111302.0,124373.0,3250.0,3265.1,3239.8,3251.5,44479225,3576.6,2926.4,4322.95,2866.6,3259.1,65,3,3259.0,21,1,3258.9,184,3,3258.8,349,11,3258.7,290,5,3260.0,198,11,3260.1,87,1,3260.3,40,1,3260.4,374,1,3260.5,61,2
11536,2025-12-30 12:52:52+05:30,3259.1,7,3250.56,1035637,111302.0,124373.0,3250.0,3265.1,3239.8,3251.5,44479225,3576.6,2926.4,4322.95,2866.6,3259.1,65,3,3259.0,21,1,3258.9,184,3,3258.8,349,11,3258.7,290,5,3260.0,198,11,3260.1,87,1,3260.3,40,1,3260.4,374,1,3260.5,61,2
11536,2025-12-30 12:52:52+05:30,3260.0,1,3250.56,1035649,111307.0,124631.0,3250.0,3265.1,3239.8,3251.5,44479225,3576.6,2926.4,4322.95,2866.6,3259.1,57,3,3259.0,45,2,3258.9,401,5,3258.8,346,11,3258.7,133,6,3260.0,199,13,3260.1,127,2,3260.3,40,1,3260.4,374,1,3260.5,61,2
11536,2025-12-30 12:52:53+05:30,3260.0,1,3250.56,1035649,111307.0,124631.0,3250.0,3265.1,3239.8,3251.5,44479225,3576.6,2926.4,4322.95,2866.6,3259.1,57,3,3259.0,45,2,3258.9,401,5,3258.8,346,11,3258.7,133,6,3260.0,199,13,3260.1,127,2,3260.3,40,1,3260.4,374,1,3260.5,61,2
11536,2025-12-30 12:52:53+05:30,3260.0,1,3250.56,1035664,111321.0,124631.0,3250.0,3265.1,3239.8,3251.5,44479225,3576.6,2926.4,4322.95,2866.6,3259.1,59,4,3259.0,52,2,3258.9,401,5,3258.8,346,11,3258.7,133,6,3260.0,199,14,3260.1,127,2,3260.3,40,1,3260.4,374,1,3260.5,61,2
11536,2025-12-30 12:52:54+05:30,3259.1,1,3250.56,1035790,110032.0,124627.0,3250.0,3265.1,3239.8,3251.5,44479225,3576.6,2926.4,4322.95,2866.6,3259.0,5,2,3258.9,260,2,3258.8,230,4,3258.7,10,1,3258.6,99,5,3259.1,120,3,3259.9,23,1,3260.0,163,12,3260.1,153,3,3260.3,21,2
11536,2025-12-30 12:52:54+05:30,3259.1,1,3250.56,1035790,110032.0,124627.0,3250.0,3265.1,3239.8,3251.5,44479225,3576.6,2926.4,4322.95,2866.6,3259.0,5,2,3258.9,260,2,3258.8,230,4,3258.7,10,1,3258.6,99,5,3259.1,120,3,3259.9,23,1,3260.0,163,12,3260.1,153,3,3260.3,21,2
11536,2025-12-30 12:52:55+05:30,3259.0,1,3250.56,1035839,110128.0,125084.0,3250.0,3265.1,3239.8,3251.5,44479225,3576.6,2926.4,4322.95,2866.6,3258.9,260,2,3258.8,195,3,3258.7,34,2,3258.6,33,3,3258.5,74,3,3259.0,2,2,3259.1,84,7,3260.0,202,10,3260.1,127,2,3260.2,61,2
11536,2025-12-30 12:52:55+05:30,3259.1,11,3250.56,1035839,110128.0,125084.0,3250.0,3265.1,3239.8,3251.5,44479225,3576.6,2926.4,4322.95,2866.6,3258.9,260,2,3258.8,195,3,3258.7,34,2,3258.6,33,3,3258.5,74,3,3259.0,2,2,3259.1,84,7,3260.0,202,10,3260.1,127,2,3260.2,61,2
11536,2025-12-30 12:52:56+05:30,3258.9,36,3250.56,1035895,109464.0,125203.0,3250.0,3265.1,3239.8,3251.5,44479225,3576.6,2926.4,4322.95,2866.6,3258.9,219,2,3258.8,254,3,3258.7,10,1,3258.6,61,3,3258.5,78,3,3259.0,3,2,3259.1,71,8,3259.9,41,1,3260.0,198,6,3260.1,140,3
11536,2025-12-30 12:52:56+05:30,3258.9,1,3250.56,1035895,109464.0,125203.0,3250.0,3265.1,3239.8,3251.5,44479225,3576.6,2926.4,4322.95,2866.6,3258.9,219,2,3258.8,254,3,3258.7,10,1,3258.6,61,3,3258.5,78,3,3259.0,3,2,3259.1,71,8,3259.9,41,1,3260.0,198,6,3260.1,140,3
11536,2025-12-30 12:52:57+05:30,3259.0,1,3250.57,1035998,109759.0,125419.0,3250.0,3265.1,3239.8,3251.5,44479225,3576.6,2926.4,4322.95,2866.6,3258.9,126,2,3258.8,254,3,3258.7,10,1,3258.6,9,1,3258.5,52,1,3259.0,5,3,3259.1,68,6,3259.6,76,2,3259.7,13,1,3259.9,14,1
11536,2025-12-30 12:52:57+05:30,3258.9,4,3250.57,1035998,109759.0,125419.0,3250.0,3265.1,3239.8,3251.5,44479225,3576.6,2926.4,4322.95,2866.6,3258.9,126,2,3258.8,254,3,3258.7,10,1,3258.6,9,1,3258.5,52,1,3259.0,5,3,3259.1,68,6,3259.6,76,2,3259.7,13,1,3259.9,14,1
11536,2025-12-30 12:52:58+05:30,3258.9,21,3250.57,1036095,109011.0,125849.0,3250.0,3265.1,3239.8,3251.5,44479225,3576.6,2926.4,4322.95,2866.6,3258.9,65,2,3258.8,59,2,3258.7,10,1,3258.6,9,1,3258.5,74,2,3259.0,10,5,3259.1,64,3,3259.6,41,1,3259.7,35,1,3259.8,12,1
11536,2025-12-30 12:52:58+05:30,3258.9,2,3250.57,1036095,109011.0,125849.0,3250.0,3265.1,3239.8,3251.5,44479225,3576.6,2926.4,4322.95,2866.6,3258.9,65,2,3258.8,59,2,3258.7,10,1,3258.6,9,1,3258.5,74,2,3259.0,10,5,3259.1,64,3,3259.6,41,1,3259.7,35,1,3259.8,12,1
11536,2025-12-30 12:52:59+05:30,3258.9,15,3250.57,1036112,109166.0,125876.0,3250.0,3265.1,3239.8,3251.5,44479225,3576.6,2926.4,4322.95,2866.6,3258.9,48,2,3258.8,59,2,3258.7,10,1,3258.6,9,1,3258.5,52,1,3259.0,134,10,3259.1,63,2,3259.5,77,2,3259.6,41,1,3259.7,42,1
11536,2025-12-30 12:52:59+05:30,3258.9,3,3250.57,1036112,109166.0,125876.0,3250.0,3265.1,3239.8,3251.5,44479225,3576.6,2926.4,4322.95,2866.6,3258.9,48,2,3258.8,59,2,3258.7,10,1,3258.6,9,1,3258.5,52,1,3259.0,134,10,3259.1,63,2,3259.5,77,2,3259.6,41,1,3259.7,42,1
11536,2025-12-30 12:53:00+05:30,3258.9,20,3250.57,1036135,109736.0,126505.0,3250.0,3265.1,3239.8,3251.5,44479225,3576.6,2926.4,4322.95,2866.6,3258.9,25,2,3258.8,59,2,3258.7,10,1,3258.6,9,1,3258.5,52,1,3259.0,132,9,3259.1,62,1,3259.5,77,2,3259.6,41,1,3259.7,42,1
11536,2025-12-30 12:53:00+05:30,3259.7,25,3250.57,1036135,109736.0,126505.0,3250.0,3265.1,3239.8,3251.5,44479225,3576.6,2926.4,4322.95,2866.6,3258.9,25,2,3258.8,59,2,3258.7,10,1,3258.6,9,1,3258.5,52,1,3259.0,132,9,3259.1,62,1,3259.5,77,2,3259.6,41,1,3259.7,42,1
11536,2025-12-30 12:53:01+05:30,3259.9,2,3250.58,1037449,107709.0,123705.0,3250.0,3265.1,3239.8,3251.5,44479225,3576.6,2926.4,4322.95,2866.6,3258.9,176,4,3258.8,111,4,3258.7,40,2,3258.6,157,6,3258.5,477,5,3259.9,92,3,3260.0,121,4,3260.1,127,2,3260.3,5,1,3260.4,393,2
11536,2025-12-30 12:53:01+05:30,3259.9,2,3250.58,1037449,107709.0,123705.0,3250.0,3265.1,3239.8,3251.5,44479225,3576.6,2926.4,4322.95,2866.6,3258.9,176,4,3258.8,111,4,3258.7,40,2,3258.6,157,6,3258.5,477,5,3259.9,92,3,3260.0,121,4,3260.1,127,2,3260.3,5,1,3260.4,393,2
11536,2025-12-30 12:53:02+05:30,3259.9,16,3250.58,1037910,108446.0,123608.0,3250.0,3265.1,3239.8,3251.5,44479225,3576.6,2926.4,4322.95,2866.6,3259.0,66,3,3258.9,78,4,3258.8,105,4,3258.7,212,4,3258.6,148,6,3259.9,44,2,3260.0,81,3,3260.1,127,2,3260.3,5,1,3260.4,374,1
11536,2025-12-30 12:53:02+05:30,3259.9,22,3250.58,1037910,108446.0,123608.0,3250.0,3265.1,3239.8,3251.5,44479225,3576.6,2926.4,4322.95,2866.6,3259.0,66,3,3258.9,78,4,3258.8,105,4,3258.7,212,4,3258.6,148,6,3259.9,44,2,3260.0,81,3,3260.1,127,2,3260.3,5,1,3260.4,374,1
11536,2025-12-30 12:53:03+05:30,3259.0,15,3250.58,1038023,109724.0,124762.0,3250.0,3265.1,3239.8,3251.5,44479225,3576.6,2926.4,4322.95,2866.6,3258.9,7,1,3258.8,110,4,3258.7,18,2,3258.6,79,4,3258.5,19,2,3259.0,40,1,3259.9,50,6,3260.0,81,3,3260.1,127,2,3260.2,40,1
11536,2025-12-30 12:53:03+05:30,3258.9,1,3250.58,1038023,109724.0,124762.0,3250.0,3265.1,3239.8,3251.5,44479225,3576.6,2926.4,4322.95,2866.6,3258.9,7,1,3258.8,110,4,3258.7,18,2,3258.6,79,4,3258.5,19,2,3259.0,40,1,3259.9,50,6,3260.0,81,3,3260.1,127,2,3260.2,40,1
11536,2025-12-30 12:53:04+05:30,3258.8,17,3250.58,1038110,109629.0,125650.0,3250.0,3265.1,3239.8,3251.5,44479225,3576.6,2926.4,4322.95,2866.6,3258.8,64,4,3258.7,10,1,3258.6,59,3,3258.5,19,2,3258.4,99,6,3259.0,19,6,3259.9,30,5,3260.0,81,3,3260.1,169,3,3260.2,40,1
11536,2025-12-30 12:53:04+05:30,3259.0,1,3250.58,1038110,109629.0,125650.0,3250.0,3265.1,3239.8,3251.5,44479225,3576.6,2926.4,4322.95,2866.6,3258.8,64,4,3258.7,10,1,3258.6,59,3,3258.5,19,2,3258.4,99,6,3259.0,19,6,3259.9,30,5,3260.0,81,3,3260.1,169,3,3260.2,40,1
11536,2025-12-30 12:53:05+05:30,3258.8,14,3250.58,1038273,109820.0,125572.0,3250.0,3265.1,3239.8,3251.5,44479225,3576.6,2926.4,4322.95,2866.6,3258.8,14,1,3258.7,67,3,3258.6,3,1,3258.5,6,1,3258.4,130,7,3259.0,20,10,3259.8,8,1,3259.9,50,3,3260.0,81,3,3260.1,127,2
11536,2025-12-30 12:53:05+05:30,3258.7,31,3250.58,1038273,109820.0,125572.0,3250.0,3265.1,3239.8,3251.5,44479225,3576.6,2926.4,4322.95,2866.6,3258.8,14,1,3258.7,67,3,3258.6,3,1,3258.5,6,1,3258.4,130,7,3259.0,20,10,3259.8,8,1,3259.9,50,3,3260.0,81,3,3260.1,127,2
11536,2025-12-30 12:53:06+05:30,3258.5,17,3250.59,1038379,107843.0,126029.0,3250.0,3265.1,3239.8,3251.5,44479225,3576.6,2926.4,4322.95,2866.6,3258.5,35,2,3258.4,9,2,3258.3,42,2,3258.2,136,6,3258.1,65,3,3258.6,2,2,3258.7,7,3,3258.8,3,1,3259.0,16,9,3259.8,8,1
11536,2025-12-30 12:53:06+05:30,3258.8,8,3250.59,1038379,107843.0,126029.0,3250.0,3265.1,3239.8,3251.5,44479225,3576.6,2926.4,4322.95,2866.6,3258.5,35,2,3258.4,9,2,3258.3,42,2,3258.2,136,6,3258.1,65,3,3258.6,2,2,3258.7,7,3,3258.8,3,1,3259.0,16,9,3259.8,8,1
11536,2025-12-30 12:53:07+05:30,3258.4,5,3250.59,1038602,109217.0,125869.0,3250.0,3265.1,3239.8,3251.5,44479225,3576.6,2926.4,4322.95,2866.6,3258.4,15,2,3258.3,70,3,3258.2,136,6,3258.1,102,3,3258.0,313,9,3259.0,15,7,3259.4,8,1,3259.5,40,1,3259.8,9,1,3259.9,43,2
11536,2025-12-30 12:53:07+05:30,3258.4,4,3250.59,1038602,109217.0,125869.0,3250.0,3265.1,3239.8,3251.5,44479225,3576.6,2926.4,4322.95,2866.6,3258.4,15,2,3258.3,70,3,3258.2,136,6,3258.1,102,3,3258.0,313,9,3259.0,15,7,3259.4,8,1,3259.5,40,1,3259.8,9,1,3259.9,43,2
11536,2025-12-30 12:53:08+05:30,3258.3,5,3250.59,1038627,108971.0,124194.0,3250.0,3265.1,3239.8,3251.5,44479225,3576.6,2926.4,4322.95,2866.6,3258.4,4,2,3258.3,21,2,3258.2,121,6,3258.1,47,2,3258.0,148,9,3258.9,31,2,3259.0,16,9,3259.2,8,1,3259.3,40,1,3259.8,9,1
11536,2025-12-30 12:53:08+05:30,3258.4,2,3250.59,1038627,108971.0,124194.0,3250.0,3265.1,3239.8,3251.5,44479225,3576.6,2926.4,4322.95,2866.6,3258.4,4,2,3258.3,21,2,3258.2,121,6,3258.1,47,2,3258.0,148,9,3258.9,31,2,3259.0,16,9,3259.2,8,1,3259.3,40,1,3259.8,9,1
11536,2025-12-30 12:53:09+05:30,3258.4,5,3250.59,1038684,108491.0,126601.0,3250.0,3265.1,3239.8,3251.5,44479225,3576.6,2926.4,4322.95,2866.6,3258.3,24,3,3258.2,35,3,3258.1,41,2,3258.0,103,7,3257.9,241,5,3258.4,6,3,3258.9,32,4,3259.0,7,5,3259.1,9,2,3259.3,40,1
11536,2025-12-30 12:53:09+05:30,3258.3,4,3250.59,1038684,108491.0,126601.0,3250.0,3265.1,3239.8,3251.5,44479225,3576.6,2926.4,4322.95,2866.6,3258.3,24,3,3258.2,35,3,3258.1,41,2,3258.0,103,7,3257.9,241,5,3258.4,6,3,3258.9,32,4,3259.0,7,5,3259.1,9,2,3259.3,40,1
11536,2025-12-30 12:53:10+05:30,3258.9,1,3250.59,1038786,109090.0,126600.0,3250.0,3265.1,3239.8,3251.5,44479225,3576.6,2926.4,4322.95,2866.6,3258.3,7,1,3258.2,40,3,3258.1,220,3,3258.0,269,9,3257.9,303,6,3259.0,31,6,3259.1,1,1,3259.6,46,3,3259.7,42,1,3259.8,70,4
11536,2025-12-30 12:53:10+05:30,3258.3,1,3250.59,1038786,109090.0,126600.0,3250.0,3265.1,3239.8,3251.5,44479225,3576.6,2926.4,4322.95,2866.6,3258.3,7,1,3258.2,40,3,3258.1,220,3,3258.0,269,9,3257.9,303,6,3259.0,31,6,3259.1,1,1,3259.6,46,3,3259.7,42,1,3259.8,70,4
11536,2025-12-30 12:53:11+05:30,3258.3,3,3250.59,1038835,108811.0,126565.0,3250.0,3265.1,3239.8,3251.5,44479225,3576.6,2926.4,4322.95,2866.6,3258.3,4,1,3258.2,65,4,3258.1,220,3,3258.0,294,10,3257.9,241,4,3259.0,23,5,3259.1,1,1,3259.5,7,1,3259.6,27,2,3259.7,42,1
11536,2025-12-30 12:53:11+05:30,3259.0,2,3250.59,1038835,108811.0,126565.0,3250.0,3265.1,3239.8,3251.5,44479225,3576.6,2926.4,4322.95,2866.6,3258.3,4,1,3258.2,65,4,3258.1,220,3,3258.0,294,10,3257.9,241,4,3259.0,23,5,3259.1,1,1,3259.5,7,1,3259.6,27,2,3259.7,42,1
11536,2025-12-30 12:53:12+05:30,3258.3,6,3250.59,1038843,108332.0,126406.0,3250.0,3265.1,3239.8,3251.5,44479225,3576.6,2926.4,4322.95,2866.6,3258.2,47,4,3258.1,36,3,3258.0,362,12,3257.9,181,3,3257.8,139,7,3258.3,4,1,3259.0,28,9,3259.1,1,1,3259.6,2,1,3259.7,60,2
11536,2025-12-30 12:53:12+05:30,3258.3,3,3250.59,1038843,108332.0,126406.0,3250.0,3265.1,3239.8,3251.5,44479225,3576.6,2926.4,4322.95,2866.6,3258.2,47,4,3258.1,36,3,3258.0,362,12,3257.9,181,3,3257.8,139,7,3258.3,4,1,3259.0,28,9,3259.1,1,1,3259.6,2,1,3259.7,60,2
11536,2025-12-30 12:53:13+05:30,3258.2,1,3250.59,1038932,108642.0,126382.0,3250.0,3265.1,3239.8,3251.5,44479225,3576.6,2926.4,4322.95,2866.6,3258.2,5,1,3258.1,60,4,3258.0,383,12,3257.9,207,4,3257.8,166,8,3259.0,18,10,3259.1,1,1,3259.2,39,1,3259.7,42,1,3259.8,1,1
11536,2025-12-30 12:53:13+05:30,3258.2,7,3250.59,1038932,108642.0,126382.0,3250.0,3265.1,3239.8,3251.5,44479225,3576.6,2926.4,4322.95,2866.6,3258.2,5,1,3258.1,60,4,3258.0,383,12,3257.9,207,4,3257.8,166,8,3259.0,18,10,3259.1,1,1,3259.2,39,1,3259.7,42,1,3259.8,1,1
11536,2025-12-30 12:53:14+05:30,3258.2,3,3250.59,1038973,108469.0,126647.0,3250.0,3265.1,3239.8,3251.5,44479225,3576.6,2926.4,4322.95,2866.6,3258.2,18,2,3258.1,15,2,3258.0,392,12,3257.9,207,4,3257.8,139,7,3259.0,14,8,3259.1,1,1,3259.2,39,1,3259.7,42,1,3259.8,1,1
11536,2025-12-30 12:53:14+05:30,3258.2,1,3250.59,1038973,108469.0,126647.0,3250.0,3265.1,3239.8,3251.5,44479225,3576.6,2926.4,4322.95,2866.6,3258.2,18,2,3258.1,15,2,3258.0,392,12,3257.9,207,4,3257.8,139,7,3259.0,14,8,3259.1,1,1,3259.2,39,1,3259.7,42,1,3259.8,1,1
11536,2025-12-30 12:53:15+05:30,3258.2,5,3250.59,1039002,108376.0,126662.0,3250.0,3265.1,3239.8,3251.5,44479225,3576.6,2926.4,4322.95,2866.6,3258.2,21,3,3258.1,15,2,3258.0,392,12,3257.9,181,3,3257.8,139,7,3259.0,14,10,3259.1,1,1,3259.2,39,1,3259.7,42,1,3259.8,1,1
11536,2025-12-30 12:53:15+05:30,3258.2,5,3250.59,1039002,108376.0,126662.0,3250.0,3265.1,3239.8,3251.5,44479225,3576.6,2926.4,4322.95,2866.6,3258.2,21,3,3258.1,15,2,3258.0,392,12,3257.9,181,3,3257.8,139,7,3259.0,14,10,3259.1,1,1,3259.2,39,1,3259.7,42,1,3259.8,1,1
11536,2025-12-30 12:53:15+05:30,3258.2,5,3250.59,1039002,108376.0,126662.0,3250.0,3265.1,3239.8,3251.5,44479225,3576.6,2926.4,4322.95,2866.6,3258.2,21,3,3258.1,15,2,3258.0,392,12,3257.9,181,3,3257.8,139,7,3259.0,14,10,3259.1,1,1,3259.2,39,1,3259.7,42,1,3259.8,1,1
11536,2025-12-30 12:53:16+05:30,3258.2,1,3250.59,1039026,108392.0,126660.0,3250.0,3265.1,3239.8,3251.5,44479225,3576.6,2926.4,4322.95,2866.6,3258.2,37,4,3258.1,15,2,3258.0,392,12,3257.9,181,3,3257.8,139,7,3259.0,12,10,3259.1,1,1,3259.2,39,1,3259.7,42,1,3259.8,1,1
11536,2025-12-30 12:53:16+05:30,3258.2,1,3250.59,1039026,108392.0,126660.0,3250.0,3265.1,3239.8,3251.5,44479225,3576.6,2926.4,4322.95,2866.6,3258.2,37,4,3258.1,15,2,3258.0,392,12,3257.9,181,3,3257.8,139,7,3259.0,12,10,3259.1,1,1,3259.2,39,1,3259.7,42,1,3259.8,1,1
11536,2025-12-30 12:53:16+05:30,3258.2,1,3250.59,1039026,108392.0,126660.0,3250.0,3265.1,3239.8,3251.5,44479225,3576.6,2926.4,4322.95,2866.6,3258.2,37,4,3258.1,15,2,3258.0,392,12,3257.9,181,3,3257.8,139,7,3259.0,12,10,3259.1,1,1,3259.2,39,1,3259.7,42,1,3259.8,1,1
11536,2025-12-30 12:53:17+05:30,3258.1,2,3250.59,1039088,106166.0,125703.0,3250.0,3265.1,3239.8,3251.5,44479225,3576.6,2926.4,4322.95,2866.6,3258.1,45,5,3258.0,317,10,3257.9,202,3,3257.8,165,8,3257.7,21,2,3258.2,10,2,3259.0,8,8,3259.1,1,1,3259.2,39,1,3259.5,2,1
11536,2025-12-30 12:53:17+05:30,3258.1,2,3250.59,1039088,106166.0,125703.0,3250.0,3265.1,3239.8,3251.5,44479225,3576.6,2926.4,4322.95,2866.6,3258.1,45,5,3258.0,317,10,3257.9,202,3,3257.8,165,8,3257.7,21,2,3258.2,10,2,3259.0,8,8,3259.1,1,1,3259.2,39,1,3259.5,2,1
11536,2025-12-30 12:53:17+05:30,3258.0,80,3250.59,1039088,106166.0,125703.0,3250.0,3265.1,3239.8,3251.5,44479225,3576.6,2926.4,4322.95,2866.6,3258.1,45,5,3258.0,317,10,3257.9,202,3,3257.8,165,8,3257.7,21,2,3258.2,10,2,3259.0,8,8,3259.1,1,1,3259.2,39,1,3259.5,2,1
11536,2025-12-30 12:53:18+05:30,3258.0,2,3250.6,1039739,108157.0,126278.0,3250.0,3265.1,3239.8,3251.5,44479225,3576.6,2926.4,4322.95,2866.6,3258.0,118,8,3257.9,202,3,3257.8,162,8,3257.7,21,2,3257.6,109,5,3258.9,27,2,3259.0,33,5,3259.1,1,1,3259.2,39,1,3259.5,42,1
11536,2025-12-30 12:53:18+05:30,3258.0,2,3250.6,1039739,108157.0,126278.0,3250.0,3265.1,3239.8,3251.5,44479225,3576.6,2926.4,4322.95,2866.6,3258.0,118,8,3257.9,202,3,3257.8,162,8,3257.7,21,2,3257.6,109,5,3258.9,27,2,3259.0,33,5,3259.1,1,1,3259.2,39,1,3259.5,42,1
11536,2025-12-30 12:53:18+05:30,3257.2,8,3250.6,1039739,108157.0,126278.0,3250.0,3265.1,3239.8,3251.5,44479225,3576.6,2926.4,4322.95,2866.6,3258.0,118,8,3257.9,202,3,3257.8,162,8,3257.7,21,2,3257.6,109,5,3258.9,27,2,3259.0,33,5,3259.1,1,1,3259.2,39,1,3259.5,42,1
11536,2025-12-30 12:53:19+05:30,3257.7,25,3250.61,1041345,106063.0,125420.0,3250.0,3265.1,3239.8,3251.5,44479225,3576.6,2926.4,4322.95,2866.6,3257.7,11,1,3257.2,217,2,3257.1,335,3,3256.8,82,3,3256.7,77,3,3257.8,82,3,3258.0,191,1,3258.6,39,1,3258.7,23,3,3258.8,21,2
11536,2025-12-30 12:53:19+05:30,3257.7,25,3250.61,1041345,106063.0,125420.0,3250.0,3265.1,3239.8,3251.5,44479225,3576.6,2926.4,4322.95,2866.6,3257.7,11,1,3257.2,217,2,3257.1,335,3,3256.8,82,3,3256.7,77,3,3257.8,82,3,3258.0,191,1,3258.6,39,1,3258.7,23,3,3258.8,21,2
11536,2025-12-30 12:53:19+05:30,3257.7,2,3250.61,1041345,106063.0,125420.0,3250.0,3265.1,3239.8,3251.5,44479225,3576.6,2926.4,4322.95,2866.6,3257.7,11,1,3257.2,217,2,3257.1,335,3,3256.8,82,3,3256.7,77,3,3257.8,82,3,3258.0,191,1,3258.6,39,1,3258.7,23,3,3258.8,21,2
11536,2025-12-30 12:53:20+05:30,3257.8,17,3250.61,1041788,107880.0,126589.0,3250.0,3265.1,3239.8,3251.5,44479225,3576.6,2926.4,4322.95,2866.6,3257.4,175,1,3257.3,203,2,3257.2,42,1,3257.1,307,5,3257.0,20,1,3257.6,21,2,3257.7,25,1,3257.8,58,5,3258.0,191,1,3258.3,39,1
11536,2025-12-30 12:53:20+05:30,3257.8,17,3250.61,1041788,107880.0,126589.0,3250.0,3265.1,3239.8,3251.5,44479225,3576.6,2926.4,4322.95,2866.6,3257.4,175,1,3257.3,203,2,3257.2,42,1,3257.1,307,5,3257.0,20,1,3257.6,21,2,3257.7,25,1,3257.8,58,5,3258.0,191,1,3258.3,39,1
11536,2025-12-30 12:53:20+05:30,3257.4,11,3250.61,1041788,107880.0,126589.0,3250.0,3265.1,3239.8,3251.5,44479225,3576.6,2926.4,4322.95,2866.6,3257.4,175,1,3257.3,203,2,3257.2,42,1,3257.1,307,5,3257.0,20,1,3257.6,21,2,3257.7,25,1,3257.8,58,5,3258.0,191,1,3258.3,39,1
11536,2025-12-30 12:53:21+05:30,3257.4,135,3250.61,1042194,105598.0,127501.0,3250.0,3265.1,3239.8,3251.5,44479225,3576.6,2926.4,4322.95,2866.6,3257.1,160,2,3256.9,28,1,3256.8,230,4,3256.7,132,5,3256.6,332,8,3257.3,26,2,3257.4,49,2,3257.5,14,2,3257.6,17,2,3257.8,26,3
11536,2025-12-30 12:53:21+05:30,3257.4,135,3250.61,1042194,105598.0,127501.0,3250.0,3265.1,3239.8,3251.5,44479225,3576.6,2926.4,4322.95,2866.6,3257.1,160,2,3256.9,28,1,3256.8,230,4,3256.7,132,5,3256.6,332,8,3257.3,26,2,3257.4,49,2,3257.5,14,2,3257.6,17,2,3257.8,26,3
11536,2025-12-30 12:53:21+05:30,3257.1,5,3250.61,1042194,105598.0,127501.0,3250.0,3265.1,3239.8,3251.5,44479225,3576.6,2926.4,4322.95,2866.6,3257.1,160,2,3256.9,28,1,3256.8,230,4,3256.7,132,5,3256.6,332,8,3257.3,26,2,3257.4,49,2,3257.5,14,2,3257.6,17,2,3257.8,26,3
11536,2025-12-30 12:53:22+05:30,3257.1,5,3250.61,1042194,105598.0,127501.0,3250.0,3265.1,3239.8,3251.5,44479225,3576.6,2926.4,4322.95,2866.6,3257.1,160,2,3256.9,28,1,3256.8,230,4,3256.7,132,5,3256.6,332,8,3257.3,26,2,3257.4,49,2,3257.5,14,2,3257.6,17,2,3257.8,26,3
11536,2025-12-30 12:53:22+05:30,3257.1,2,3250.61,1042601,106683.0,127244.0,3250.0,3265.1,3239.8,3251.5,44479225,3576.6,2926.4,4322.95,2866.6,3257.1,8,1,3257.0,31,1,3256.8,313,5,3256.7,178,2,3256.6,146,7,3257.3,33,3,3257.4,7,3,3257.5,14,2,3257.6,3,1,3258.0,191,1
11536,2025-12-30 12:53:22+05:30,3257.3,20,3250.61,1042601,106683.0,127244.0,3250.0,3265.1,3239.8,3251.5,44479225,3576.6,2926.4,4322.95,2866.6,3257.1,8,1,3257.0,31,1,3256.8,313,5,3256.7,178,2,3256.6,146,7,3257.3,33,3,3257.4,7,3,3257.5,14,2,3257.6,3,1,3258.0,191,1
11536,2025-12-30 12:53:22+05:30,3257.3,20,3250.61,1042601,106683.0,127244.0,3250.0,3265.1,3239.8,3251.5,44479225,3576.6,2926.4,4322.95,2866.6,3257.1,8,1,3257.0,31,1,3256.8,313,5,3256.7,178,2,3256.6,146,7,3257.3,33,3,3257.4,7,3,3257.5,14,2,3257.6,3,1,3258.0,191,1
11536,2025-12-30 12:53:23+05:30,3257.4,25,3250.62,1043444,106846.0,126324.0,3250.0,3265.1,3239.8,3251.5,44479225,3576.6,2926.4,4322.95,2866.6,3257.4,43,1,3257.1,62,2,3257.0,171,2,3256.9,56,2,3256.8,136,7,3257.5,5,1,3258.0,191,1,3258.6,18,1,3258.7,5,2,3258.8,40,3
11536,2025-12-30 12:53:23+05:30,3257.4,25,3250.62,1043444,106846.0,126324.0,3250.0,3265.1,3239.8,3251.5,44479225,3576.6,2926.4,4322.95,2866.6,3257.4,43,1,3257.1,62,2,3257.0,171,2,3256.9,56,2,3256.8,136,7,3257.5,5,1,3258.0,191,1,3258.6,18,1,3258.7,5,2,3258.8,40,3
11536,2025-12-30 12:53:23+05:30,3257.4,25,3250.62,1043444,106846.0,126324.0,3250.0,3265.1,3239.8,3251.5,44479225,3576.6,2926.4,4322.95,2866.6,3257.4,43,1,3257.1,62,2,3257.0,171,2,3256.9,56,2,3256.8,136,7,3257.5,5,1,3258.0,191,1,3258.6,18,1,3258.7,5,2,3258.8,40,3
11536,2025-12-30 12:53:24+05:30,3257.4,25,3250.62,1043444,106846.0,126324.0,3250.0,3265.1,3239.8,3251.5,44479225,3576.6,2926.4,4322.95,2866.6,3257.4,43,1,3257.1,62,2,3257.0,171,2,3256.9,56,2,3256.8,136,7,3257.5,5,1,3258.0,191,1,3258.6,18,1,3258.7,5,2,3258.8,40,3
11536,2025-12-30 12:53:24+05:30,3257.0,2,3250.62,1043812,106996.0,127455.0,3250.0,3265.1,3239.8,3251.5,44479225,3576.6,2926.4,4322.95,2866.6,3257.0,65,1,3256.9,31,1,3256.8,15,1,3256.7,15,1,3256.6,213,7,3257.5,31,4,3258.0,229,2,3258.3,24,1,3258.5,36,1,3258.6,110,2
11536,2025-12-30 12:53:24+05:30,3257.4,12,3250.62,1043812,106996.0,127455.0,3250.0,3265.1,3239.8,3251.5,44479225,3576.6,2926.4,4322.95,2866.6,3257.0,65,1,3256.9,31,1,3256.8,15,1,3256.7,15,1,3256.6,213,7,3257.5,31,4,3258.0,229,2,3258.3,24,1,3258.5,36,1,3258.6,110,2
11536,2025-12-30 12:53:25+05:30,3257.5,6,3250.62,1044223,107807.0,127522.0,3250.0,3265.1,3239.8,3251.5,44479225,3576.6,2926.4,4322.95,2866.6,3257.0,154,6,3256.9,13,1,3256.8,160,6,3256.7,98,4,3256.6,415,9,3257.5,6,2,3258.0,191,1,3258.7,14,3,3258.8,25,2,3258.9,167,3
11536,2025-12-30 12:53:25+05:30,3257.5,6,3250.62,1044223,107807.0,127522.0,3250.0,3265.1,3239.8,3251.5,44479225,3576.6,2926.4,4322.95,2866.6,3257.0,154,6,3256.9,13,1,3256.8,160,6,3256.7,98,4,3256.6,415,9,3257.5,6,2,3258.0,191,1,3258.7,14,3,3258.8,25,2,3258.9,167,3
11536,2025-12-30 12:53:25+05:30,3257.0,1,3250.62,1044223,107807.0,127522.0,3250.0,3265.1,3239.8,3251.5,44479225,3576.6,2926.4,4322.95,2866.6,3257.0,154,6,3256.9,13,1,3256.8,160,6,3256.7,98,4,3256.6,415,9,3257.5,6,2,3258.0,191,1,3258.7,14,3,3258.8,25,2,3258.9,167,3
11536,2025-12-30 12:53:26+05:30,3257.0,3,3250.62,1044252,107327.0,127756.0,3250.0,3265.1,3239.8,3251.5,44479225,3576.6,2926.4,4322.95,2866.6,3257.0,40,2,3256.8,238,5,3256.7,51,3,3256.6,235,7,3256.5,75,3,3257.4,27,3,3257.5,36,5,3258.0,191,1,3258.4,17,1,3258.5,36,2
11536,2025-12-30 12:53:26+05:30,3257.0,26,3250.62,1044252,107327.0,127756.0,3250.0,3265.1,3239.8,3251.5,44479225,3576.6,2926.4,4322.95,2866.6,3257.0,40,2,3256.8,238,5,3256.7,51,3,3256.6,235,7,3256.5,75,3,3257.4,27,3,3257.5,36,5,3258.0,191,1,3258.4,17,1,3258.5,36,2
11536,2025-12-30 12:53:27+05:30,3257.0,26,3250.62,1044252,107327.0,127756.0,3250.0,3265.1,3239.8,3251.5,44479225,3576.6,2926.4,4322.95,2866.6,3257.0,40,2,3256.8,238,5,3256.7,51,3,3256.6,235,7,3256.5,75,3,3257.4,27,3,3257.5,36,5,3258.0,191,1,3258.4,17,1,3258.5,36,2
11536,2025-12-30 12:53:27+05:30,3256.8,10,3250.63,1044406,107504.0,127714.0,3250.0,3265.1,3239.8,3251.5,44479225,3576.6,2926.4,4322.95,2866.6,3256.8,89,5,3256.7,73,3,3256.6,286,7,3256.5,145,5,3256.4,181,9,3257.4,33,6,3257.5,34,4,3258.0,191,1,3258.4,17,1,3258.5,36,2
11536,2025-12-30 12:53:27+05:30,3256.8,7,3250.63,1044406,107504.0,127714.0,3250.0,3265.1,3239.8,3251.5,44479225,3576.6,2926.4,4322.95,2866.6,3256.8,89,5,3256.7,73,3,3256.6,286,7,3256.5,145,5,3256.4,181,9,3257.4,33,6,3257.5,34,4,3258.0,191,1,3258.4,17,1,3258.5,36,2
11536,2025-12-30 12:53:28+05:30,3256.8,5,3250.63,1044582,107579.0,127712.0,3250.0,3265.1,3239.8,3251.5,44479225,3576.6,2926.4,4322.95,2866.6,3256.8,53,6,3256.7,137,4,3256.6,347,8,3256.5,33,2,3256.4,254,11,3257.4,56,11,3258.0,191,1,3258.4,17,1,3258.5,36,2,3258.6,98,2
11536,2025-12-30 12:53:28+05:30,3256.8,5,3250.63,1044582,107579.0,127712.0,3250.0,3265.1,3239.8,3251.5,44479225,3576.6,2926.4,4322.95,2866.6,3256.8,53,6,3256.7,137,4,3256.6,347,8,3256.5,33,2,3256.4,254,11,3257.4,56,11,3258.0,191,1,3258.4,17,1,3258.5,36,2,3258.6,98,2
11536,2025-12-30 12:53:28+05:30,3256.8,5,3250.63,1044582,107579.0,127712.0,3250.0,3265.1,3239.8,3251.5,44479225,3576.6,2926.4,4322.95,2866.6,3256.8,53,6,3256.7,137,4,3256.6,347,8,3256.5,33,2,3256.4,254,11,3257.4,56,11,3258.0,191,1,3258.4,17,1,3258.5,36,2,3258.6,98,2
11536,2025-12-30 12:53:29+05:30,3256.8,13,3250.63,1044634,107685.0,127722.0,3250.0,3265.1,3239.8,3251.5,44479225,3576.6,2926.4,4322.95,2866.6,3256.8,162,7,3256.7,292,5,3256.6,252,9,3256.5,33,2,3256.4,254,11,3257.4,53,11,3258.0,191,1,3258.4,17,1,3258.5,18,1,3258.6,6,1
11536,2025-12-30 12:53:29+05:30,3256.8,13,3250.63,1044634,107685.0,127722.0,3250.0,3265.1,3239.8,3251.5,44479225,3576.6,2926.4,4322.95,2866.6,3256.8,162,7,3256.7,292,5,3256.6,252,9,3256.5,33,2,3256.4,254,11,3257.4,53,11,3258.0,191,1,3258.4,17,1,3258.5,18,1,3258.6,6,1
11536,2025-12-30 12:53:30+05:30,3256.8,13,3250.63,1044634,107685.0,127722.0,3250.0,3265.1,3239.8,3251.5,44479225,3576.6,2926.4,4322.95,2866.6,3256.8,162,7,3256.7,292,5,3256.6,252,9,3256.5,33,2,3256.4,254,11,3257.4,53,11,3258.0,191,1,3258.4,17,1,3258.5,18,1,3258.6,6,1
11536,2025-12-30 12:53:30+05:30,3256.8,3,3250.63,1044634,107685.0,127722.0,3250.0,3265.1,3239.8,3251.5,44479225,3576.6,2926.4,4322.95,2866.6,3256.8,162,7,3256.7,292,5,3256.6,252,9,3256.5,33,2,3256.4,254,11,3257.4,53,11,3258.0,191,1,3258.4,17,1,3258.5,18,1,3258.6,6,1
11536,2025-12-30 12:53:30+05:30,3256.8,3,3250.63,1044732,107101.0,127724.0,3250.0,3265.1,3239.8,3251.5,44479225,3576.6,2926.4,4322.95,2866.6,3256.8,132,9,3256.7,85,3,3256.6,262,9,3256.5,208,3,3256.4,236,10,3257.4,46,9,3258.0,191,1,3258.4,17,1,3258.5,18,1,3258.6,98,2
11536,2025-12-30 12:53:31+05:30,3256.9,6,3250.63,1044732,107101.0,127724.0,3250.0,3265.1,3239.8,3251.5,44479225,3576.6,2926.4,4322.95,2866.6,3256.8,132,9,3256.7,85,3,3256.6,262,9,3256.5,208,3,3256.4,236,10,3257.4,46,9,3258.0,191,1,3258.4,17,1,3258.5,18,1,3258.6,98,2
11536,2025-12-30 12:53:31+05:30,3257.4,1,3250.63,1044851,107314.0,127119.0,3250.0,3265.1,3239.8,3251.5,44479225,3576.6,2926.4,4322.95,2866.6,3256.9,57,5,3256.8,132,6,3256.7,110,4,3256.6,175,7,3256.5,33,2,3257.4,106,12,3258.0,191,1,3258.4,17,1,3258.5,18,1,3258.6,116,3
11536,2025-12-30 12:53:32+05:30,3257.4,1,3250.63,1044851,107314.0,127119.0,3250.0,3265.1,3239.8,3251.5,44479225,3576.6,2926.4,4322.95,2866.6,3256.9,57,5,3256.8,132,6,3256.7,110,4,3256.6,175,7,3256.5,33,2,3257.4,106,12,3258.0,191,1,3258.4,17,1,3258.5,18,1,3258.6,116,3
11536,2025-12-30 12:53:32+05:30,3256.9,2,3250.63,1044851,107314.0,127119.0,3250.0,3265.1,3239.8,3251.5,44479225,3576.6,2926.4,4322.95,2866.6,3256.9,57,5,3256.8,132,6,3256.7,110,4,3256.6,175,7,3256.5,33,2,3257.4,106,12,3258.0,191,1,3258.4,17,1,3258.5,18,1,3258.6,116,3
11536,2025-12-30 12:53:33+05:30,3257.3,1,3250.63,1045005,107779.0,126899.0,3250.0,3265.1,3239.8,3251.5,44479225,3576.6,2926.4,4322.95,2866.6,3257.0,138,7,3256.9,101,5,3256.8,356,8,3256.7,106,5,3256.6,274,8,3257.3,3,2,3257.4,71,9,3258.0,191,1,3258.6,24,2,3258.7,5,2
11536,2025-12-30 12:53:33+05:30,3257.3,1,3250.63,1045005,107779.0,126899.0,3250.0,3265.1,3239.8,3251.5,44601200,3576.6,2926.4,4322.95,2866.6,3257.0,138,7,3256.9,101,5,3256.8,356,8,3256.7,106,5,3256.6,274,8,3257.3,3,2,3257.4,71,9,3258.0,191,1,3258.6,24,2,3258.7,5,2
11536,2025-12-30 12:53:33+05:30,3257.2,25,3250.63,1045005,107779.0,126899.0,3250.0,3265.1,3239.8,3251.5,44601200,3576.6,2926.4,4322.95,2866.6,3257.0,138,7,3256.9,101,5,3256.8,356,8,3256.7,106,5,3256.6,274,8,3257.3,3,2,3257.4,71,9,3258.0,191,1,3258.6,24,2,3258.7,5,2
11536,2025-12-30 12:53:34+05:30,3257.2,5,3250.63,1045199,108194.0,126260.0,3250.0,3265.1,3239.8,3251.5,44601200,3576.6,2926.4,4322.95,2866.6,3257.1,5,1,3257.0,118,3,3256.9,59,3,3256.8,340,11,3256.7,322,8,3257.2,3,1,3257.3,28,3,3257.4,7,2,3258.0,191,1,3258.6,6,1
11536,2025-12-30 12:53:34+05:30,3257.1,5,3250.63,1045199,108194.0,126260.0,3250.0,3265.1,3239.8,3251.5,44601200,3576.6,2926.4,4322.95,2866.6,3257.1,5,1,3257.0,118,3,3256.9,59,3,3256.8,340,11,3256.7,322,8,3257.2,3,1,3257.3,28,3,3257.4,7,2,3258.0,191,1,3258.6,6,1
11536,2025-12-30 12:53:35+05:30,3257.1,2,3250.63,1045365,107719.0,126417.0,3250.0,3265.1,3239.8,3251.5,44601200,3576.6,2926.4,4322.95,2866.6,3257.0,50,2,3256.8,209,6,3256.7,63,4,3256.6,154,7,3256.5,166,5,3257.1,17,2,3257.2,90,1,3257.4,6,2,3258.0,191,1,3258.1,24,1
11536,2025-12-30 12:53:35+05:30,3257.1,2,3250.63,1045365,107719.0,126417.0,3250.0,3265.1,3239.8,3251.5,44601200,3576.6,2926.4,4322.95,2866.6,3257.0,50,2,3256.8,209,6,3256.7,63,4,3256.6,154,7,3256.5,166,5,3257.1,17,2,3257.2,90,1,3257.4,6,2,3258.0,191,1,3258.1,24,1
11536,2025-12-30 12:53:35+05:30,3257.0,5,3250.63,1045365,107719.0,126417.0,3250.0,3265.1,3239.8,3251.5,44601200,3576.6,2926.4,4322.95,2866.6,3257.0,50,2,3256.8,209,6,3256.7,63,4,3256.6,154,7,3256.5,166,5,3257.1,17,2,3257.2,90,1,3257.4,6,2,3258.0,191,1,3258.1,24,1
11536,2025-12-30 12:53:36+05:30,3257.0,5,3250.63,1045627,107681.0,126556.0,3250.0,3265.1,3239.8,3251.5,44601200,3576.6,2926.4,4322.95,2866.6,3256.9,5,1,3256.8,295,8,3256.7,206,4,3256.6,118,5,3256.5,87,4,3257.1,17,7,3257.2,90,1,3257.4,6,2,3258.0,191,1,3258.3,18,1
11536,2025-12-30 12:53:36+05:30,3256.8,2,3250.63,1045627,107681.0,126556.0,3250.0,3265.1,3239.8,3251.5,44601200,3576.6,2926.4,4322.95,2866.6,3256.9,5,1,3256.8,295,8,3256.7,206,4,3256.6,118,5,3256.5,87,4,3257.1,17,7,3257.2,90,1,3257.4,6,2,3258.0,191,1,3258.3,18,1
11536,2025-12-30 12:53:37+05:30,3256.8,15,3250.63,1045860,106456.0,126615.0,3250.0,3265.1,3239.8,3251.5,44601200,3576.6,2926.4,4322.95,2866.6,3256.8,51,5,3256.7,21,2,3256.6,91,3,3256.4,160,7,3256.3,213,3,3256.9,22,5,3257.1,13,6,3257.2,90,1,3257.4,2,1,3257.9,16,1
11536,2025-12-30 12:53:37+05:30,3256.8,8,3250.63,1045860,106456.0,126615.0,3250.0,3265.1,3239.8,3251.5,44601200,3576.6,2926.4,4322.95,2866.6,3256.8,51,5,3256.7,21,2,3256.6,91,3,3256.4,160,7,3256.3,213,3,3256.9,22,5,3257.1,13,6,3257.2,90,1,3257.4,2,1,3257.9,16,1
11536,2025-12-30 12:53:38+05:30,3256.7,25,3250.64,1046154,106570.0,126243.0,3250.0,3265.1,3239.8,3251.5,44601200,3576.6,2926.4,4322.95,2866.6,3256.7,52,4,3256.6,122,4,3256.5,32,1,3256.4,152,7,3256.3,55,2,3256.8,11,2,3256.9,25,7,3257.1,58,5,3257.2,90,1,3257.9,2,1
11536,2025-12-30 12:53:38+05:30,3256.7,3,3250.64,1046154,106570.0,126243.0,3250.0,3265.1,3239.8,3251.5,44601200,3576.6,2926.4,4322.95,2866.6,3256.7,52,4,3256.6,122,4,3256.5,32,1,3256.4,152,7,3256.3,55,2,3256.8,11,2,3256.9,25,7,3257.1,58,5,3257.2,90,1,3257.9,2,1
11536,2025-12-30 12:53:39+05:30,3257.1,50,3250.64,1047066,107131.0,126363.0,3250.0,3265.1,3239.8,3251.5,44601200,3576.6,2926.4,4322.95,2866.6,3257.1,25,3,3257.0,63,2,3256.9,10,1,3256.8,105,4,3256.7,23,2,3257.2,90,1,3258.0,191,1,3258.6,66,4,3258.7,25,2,3258.8,171,6
11536,2025-12-30 12:53:39+05:30,3257.1,25,3250.64,1047066,107131.0,126363.0,3250.0,3265.1,3239.8,3251.5,44601200,3576.6,2926.4,4322.95,2866.6,3257.1,25,3,3257.0,63,2,3256.9,10,1,3256.8,105,4,3256.7,23,2,3257.2,90,1,3258.0,191,1,3258.6,66,4,3258.7,25,2,3258.8,171,6
11536,2025-12-30 12:53:40+05:30,3257.1,4,3250.64,1047272,107021.0,126465.0,3250.0,3265.1,3239.8,3251.5,44601200,3576.6,2926.4,4322.95,2866.6,3257.0,4,1,3256.9,10,1,3256.8,42,2,3256.7,20,2,3256.6,223,4,3257.1,21,1,3257.2,123,5,3257.9,31,1,3258.0,191,1,3258.2,19,1
11536,2025-12-30 12:53:40+05:30,3257.2,46,3250.64,1047272,107021.0,126465.0,3250.0,3265.1,3239.8,3251.5,44601200,3576.6,2926.4,4322.95,2866.6,3257.0,4,1,3256.9,10,1,3256.8,42,2,3256.7,20,2,3256.6,223,4,3257.1,21,1,3257.2,123,5,3257.9,31,1,3258.0,191,1,3258.2,19,1
11536,2025-12-30 12:53:41+05:30,3257.2,46,3250.64,1047341,107185.0,126449.0,3250.0,3265.1,3239.8,3251.5,44601200,3576.6,2926.4,4322.95,2866.6,3257.0,4,1,3256.7,113,5,3256.6,175,1,3256.5,124,5,3256.4,317,9,3257.1,4,2,3257.2,77,5,3258.0,191,1,3258.2,38,2,3258.3,31,1
11536,2025-12-30 12:53:41+05:30,3257.0,7,3250.64,1047341,107185.0,126449.0,3250.0,3265.1,3239.8,3251.5,44601200,3576.6,2926.4,4322.95,2866.6,3257.0,4,1,3256.7,113,5,3256.6,175,1,3256.5,124,5,3256.4,317,9,3257.1,4,2,3257.2,77,5,3258.0,191,1,3258.2,38,2,3258.3,31,1
11536,2025-12-30 12:53:42+05:30,3256.7,232,3250.65,1048363,105917.0,127115.0,3250.0,3265.1,3239.8,3251.5,44601200,3576.6,2926.4,4322.95,2866.6,3256.6,289,6,3256.5,8,2,3256.4,114,5,3256.3,27,2,3256.2,159,6,3256.7,116,1,3257.0,7,1,3257.1,4,2,3257.2,57,3,3258.0,191,1
11536,2025-12-30 12:53:42+05:30,3256.7,3,3250.65,1048363,105917.0,127115.0,3250.0,3265.1,3239.8,3251.5,44601200,3576.6,2926.4,4322.95,2866.6,3256.6,289,6,3256.5,8,2,3256.4,114,5,3256.3,27,2,3256.2,159,6,3256.7,116,1,3257.0,7,1,3257.1,4,2,3257.2,57,3,3258.0,191,1
11536,2025-12-30 12:53:43+05:30,3256.7,1,3250.66,1049430,106947.0,127074.0,3250.0,3265.1,3239.8,3251.5,44601200,3576.6,2926.4,4322.95,2866.6,3256.7,203,6,3256.6,63,3,3256.5,146,5,3256.4,115,5,3256.3,247,5,3257.0,7,1,3257.1,1,1,3257.2,44,1,3258.0,191,1,3258.4,63,2
11536,2025-12-30 12:53:43+05:30,3256.7,86,3250.66,1049430,106947.0,127074.0,3250.0,3265.1,3239.8,3251.5,44601200,3576.6,2926.4,4322.95,2866.6,3256.7,203,6,3256.6,63,3,3256.5,146,5,3256.4,115,5,3256.3,247,5,3257.0,7,1,3257.1,1,1,3257.2,44,1,3258.0,191,1,3258.4,63,2
11536,2025-12-30 12:53:44+05:30,3256.7,3,3250.66,1049526,105624.0,127094.0,3250.0,3265.1,3239.8,3251.5,44601200,3576.6,2926.4,4322.95,2866.6,3256.7,348,8,3256.6,83,4,3256.5,129,4,3256.4,111,5,3256.3,247,5,3257.0,35,5,3257.2,44,1,3258.0,191,1,3258.3,16,2,3258.4,42,1
11536,2025-12-30 12:53:44+05:30,3256.7,3,3250.66,1049526,105624.0,127094.0,3250.0,3265.1,3239.8,3251.5,44601200,3576.6,2926.4,4322.95,2866.6,3256.7,348,8,3256.6,83,4,3256.5,129,4,3256.4,111,5,3256.3,247,5,3257.0,35,5,3257.2,44,1,3258.0,191,1,3258.3,16,2,3258.4,42,1
11536,2025-12-30 12:53:45+05:30,3257.0,1,3250.66,1049534,107458.0,127090.0,3250.0,3265.1,3239.8,3251.5,44601200,3576.6,2926.4,4322.95,2866.6,3256.7,348,8,3256.6,83,4,3256.5,304,5,3256.4,286,6,3256.3,72,4,3257.0,31,9,3257.2,44,1,3258.0,191,1,3258.3,16,2,3258.4,42,1
11536,2025-12-30 12:53:45+05:30,3256.7,14,3250.66,1049534,107458.0,127090.0,3250.0,3265.1,3239.8,3251.5,44601200,3576.6,2926.4,4322.95,2866.6,3256.7,348,8,3256.6,83,4,3256.5,304,5,3256.4,286,6,3256.3,72,4,3257.0,31,9,3257.2,44,1,3258.0,191,1,3258.3,16,2,3258.4,42,1
11536,2025-12-30 12:53:46+05:30,3257.2,1,3250.66,1049914,107925.0,126490.0,3250.0,3265.1,3239.8,3251.5,44601200,3576.6,2926.4,4322.95,2866.6,3257.1,38,3,3257.0,31,1,3256.8,52,2,3256.7,37,3,3256.6,244,5,3257.2,55,3,3258.0,191,1,3258.4,42,1,3258.5,18,1,3258.6,52,3
11536,2025-12-30 12:53:46+05:30,3257.2,6,3250.66,1049914,107925.0,126490.0,3250.0,3265.1,3239.8,3251.5,44601200,3576.6,2926.4,4322.95,2866.6,3257.1,38,3,3257.0,31,1,3256.8,52,2,3256.7,37,3,3256.6,244,5,3257.2,55,3,3258.0,191,1,3258.4,42,1,3258.5,18,1,3258.6,52,3
11536,2025-12-30 12:53:47+05:30,3257.1,2,3250.66,1050098,107845.0,126375.0,3250.0,3265.1,3239.8,3251.5,44601200,3576.6,2926.4,4322.95,2866.6,3257.0,5,1,3256.8,52,2,3256.6,319,5,3256.5,256,5,3256.4,204,8,3257.1,11,3,3257.2,16,3,3258.0,191,1,3258.4,42,1,3258.5,38,2
11536,2025-12-30 12:53:47+05:30,3257.1,1,3250.66,1050098,107845.0,126375.0,3250.0,3265.1,3239.8,3251.5,44601200,3576.6,2926.4,4322.95,2866.6,3257.0,5,1,3256.8,52,2,3256.6,319,5,3256.5,256,5,3256.4,204,8,3257.1,11,3,3257.2,16,3,3258.0,191,1,3258.4,42,1,3258.5,38,2
11536,2025-12-30 12:53:48+05:30,3257.1,5,3250.66,1050292,105794.0,126027.0,3250.0,3265.1,3239.8,3251.5,44601200,3576.6,2926.4,4322.95,2866.6,3257.0,5,1,3256.8,61,2,3256.7,3,1,3256.6,141,4,3256.5,115,4,3257.1,25,1,3258.0,195,4,3258.1,37,1,3258.2,57,2,3258.4,61,2
11536,2025-12-30 12:53:48+05:30,3257.0,3,3250.66,1050292,105794.0,126027.0,3250.0,3265.1,3239.8,3251.5,44601200,3576.6,2926.4,4322.95,2866.6,3257.0,5,1,3256.8,61,2,3256.7,3,1,3256.6,141,4,3256.5,115,4,3257.1,25,1,3258.0,195,4,3258.1,37,1,3258.2,57,2,3258.4,61,2
11536,2025-12-30 12:53:49+05:30,3258.0,58,3250.66,1050419,107697.0,124940.0,3250.0,3265.1,3239.8,3251.5,44601200,3576.6,2926.4,4322.95,2866.6,3257.1,5,2,3257.0,25,3,3256.9,160,1,3256.8,418,4,3256.7,50,2,3258.0,114,6,3258.1,37,1,3258.2,15,1,3258.4,19,1,3258.5,19,1
11536,2025-12-30 12:53:49+05:30,3258.0,42,3250.66,1050419,107697.0,124940.0,3250.0,3265.1,3239.8,3251.5,44601200,3576.6,2926.4,4322.95,2866.6,3257.1,5,2,3257.0,25,3,3256.9,160,1,3256.8,418,4,3256.7,50,2,3258.0,114,6,3258.1,37,1,3258.2,15,1,3258.4,19,1,3258.5,19,1
11536,2025-12-30 12:53:50+05:30,3257.1,1,3250.66,1050467,107313.0,126040.0,3250.0,3265.1,3239.8,3251.5,44601200,3576.6,2926.4,4322.95,2866.6,3257.0,4,2,3256.9,61,2,3256.8,43,2,3256.7,25,1,3256.6,88,4,3257.1,3,1,3258.0,57,9,3258.1,37,1,3258.3,31,1,3258.4,19,1
11536,2025-12-30 12:53:50+05:30,3257.1,11,3250.66,1050467,107313.0,126040.0,3250.0,3265.1,3239.8,3251.5,44601200,3576.6,2926.4,4322.95,2866.6,3257.0,4,2,3256.9,61,2,3256.8,43,2,3256.7,25,1,3256.6,88,4,3257.1,3,1,3258.0,57,9,3258.1,37,1,3258.3,31,1,3258.4,19,1
11536,2025-12-30 12:53:51+05:30,3257.0,3,3250.66,1050487,106951.0,126737.0,3250.0,3265.1,3239.8,3251.5,44601200,3576.6,2926.4,4322.95,2866.6,3256.8,7,2,3256.6,97,3,3256.5,42,1,3256.4,188,9,3256.3,301,7,3256.9,3,1,3257.0,3,1,3257.1,6,3,3258.0,51,7,3258.1,37,1
11536,2025-12-30 12:53:51+05:30,3256.8,4,3250.66,1050487,106951.0,126737.0,3250.0,3265.1,3239.8,3251.5,44601200,3576.6,2926.4,4322.95,2866.6,3256.8,7,2,3256.6,97,3,3256.5,42,1,3256.4,188,9,3256.3,301,7,3256.9,3,1,3257.0,3,1,3257.1,6,3,3258.0,51,7,3258.1,37,1
11536,2025-12-30 12:53:52+05:30,3256.7,5,3250.66,1050530,106299.0,126966.0,3250.0,3265.1,3239.8,3251.5,44601200,3576.6,2926.4,4322.95,2866.6,3256.6,55,3,3256.5,42,1,3256.4,118,5,3256.3,298,6,3256.2,294,6,3256.7,1,1,3256.8,6,2,3256.9,5,3,3257.0,3,1,3257.1,2,2
11536,2025-12-30 12:53:52+05:30,3256.8,2,3250.66,1050530,106299.0,126966.0,3250.0,3265.1,3239.8,3251.5,44601200,3576.6,2926.4,4322.95,2866.6,3256.6,55,3,3256.5,42,1,3256.4,118,5,3256.3,298,6,3256.2,294,6,3256.7,1,1,3256.8,6,2,3256.9,5,3,3257.0,3,1,3257.1,2,2
11536,2025-12-30 12:53:53+05:30,3257.9,17,3250.66,1050802,107510.0,126376.0,3250.0,3265.1,3239.8,3251.5,44601200,3576.6,2926.4,4322.95,2866.6,3257.1,179,2,3257.0,230,4,3256.9,42,1,3256.8,166,6,3256.7,258,5,3258.0,363,1,3258.2,32,1,3258.5,21,2,3258.6,14,1,3258.7,25,2
11536,2025-12-30 12:53:53+05:30,3257.1,1,3250.66,1050802,107510.0,126376.0,3250.0,3265.1,3239.8,3251.5,44601200,3576.6,2926.4,4322.95,2866.6,3257.1,179,2,3257.0,230,4,3256.9,42,1,3256.8,166,6,3256.7,258,5,3258.0,363,1,3258.2,32,1,3258.5,21,2,3258.6,14,1,3258.7,25,2
11536,2025-12-30 12:53:54+05:30,3257.1,1,3250.66,1050804,107951.0,126671.0,3250.0,3265.1,3239.8,3251.5,44601200,3576.6,2926.4,4322.95,2866.6,3257.1,79,3,3257.0,55,3,3256.9,42,1,3256.8,113,5,3256.7,251,4,3258.0,408,6,3258.1,10,1,3258.3,37,1,3258.4,14,1,3258.5,48,2
11536,2025-12-30 12:53:55+05:30,3258.0,1,3250.66,1050810,108171.0,126642.0,3250.0,3265.1,3239.8,3251.5,44601200,3576.6,2926.4,4322.95,2866.6,3257.1,79,3,3257.0,55,3,3256.9,42,1,3256.8,247,5,3256.7,220,3,3258.0,412,9,3258.1,37,1,3258.2,15,1,3258.3,15,1,3258.4,14,1
11536,2025-12-30 12:53:55+05:30,3257.1,1,3250.66,1050810,108171.0,126642.0,3250.0,3265.1,3239.8,3251.5,44601200,3576.6,2926.4,4322.95,2866.6,3257.1,79,3,3257.0,55,3,3256.9,42,1,3256.8,247,5,3256.7,220,3,3258.0,412,9,3258.1,37,1,3258.2,15,1,3258.3,15,1,3258.4,14,1
11536,2025-12-30 12:53:56+05:30,3257.1,1,3250.66,1050886,107970.0,126528.0,3250.0,3265.1,3239.8,3251.5,44601200,3576.6,2926.4,4322.95,2866.6,3257.1,6,3,3257.0,35,2,3256.9,42,1,3256.8,247,5,3256.7,245,4,3258.0,408,9,3258.1,37,1,3258.2,15,1,3258.3,55,2,3258.4,14,1
11536,2025-12-30 12:53:56+05:30,3257.1,3,3250.66,1050886,107970.0,126528.0,3250.0,3265.1,3239.8,3251.5,44601200,3576.6,2926.4,4322.95,2866.6,3257.1,6,3,3257.0,35,2,3256.9,42,1,3256.8,247,5,3256.7,245,4,3258.0,408,9,3258.1,37,1,3258.2,15,1,3258.3,55,2,3258.4,14,1
11536,2025-12-30 12:53:57+05:30,3257.0,1,3250.67,1050973,107099.0,127328.0,3250.0,3265.1,3239.8,3251.5,44601200,3576.6,2926.4,4322.95,2866.6,3257.0,3,2,3256.8,10,1,3256.7,206,2,3256.6,58,2,3256.5,92,3,3257.1,8,3,3258.0,396,6,3258.1,37,1,3258.2,16,2,3258.3,57,2
11536,2025-12-30 12:53:57+05:30,3257.0,21,3250.67,1050973,107099.0,127328.0,3250.0,3265.1,3239.8,3251.5,44601200,3576.6,2926.4,4322.95,2866.6,3257.0,3,2,3256.8,10,1,3256.7,206,2,3256.6,58,2,3256.5,92,3,3257.1,8,3,3258.0,396,6,3258.1,37,1,3258.2,16,2,3258.3,57,2
11536,2025-12-30 12:53:58+05:30,3257.0,1,3250.67,1051062,107221.0,126290.0,3250.0,3265.1,3239.8,3251.5,44601200,3576.6,2926.4,4322.95,2866.6,3257.0,12,3,3256.8,81,3,3256.7,216,4,3256.6,263,4,3256.5,470,9,3258.0,514,8,3258.1,10,1,3258.2,2,1,3258.3,71,3,3258.5,179,5
11536,2025-12-30 12:53:58+05:30,3257.0,1,3250.67,1051062,107221.0,126290.0,3250.0,3265.1,3239.8,3251.5,44601200,3576.6,2926.4,4322.95,2866.6,3257.0,12,3,3256.8,81,3,3256.7,216,4,3256.6,263,4,3256.5,470,9,3258.0,514,8,3258.1,10,1,3258.2,2,1,3258.3,71,3,3258.5,179,5
11536,2025-12-30 12:53:59+05:30,3256.8,1,3250.67,1051115,107227.0,126213.0,3250.0,3265.1,3239.8,3251.5,44601200,3576.6,2926.4,4322.95,2866.6,3256.8,113,4,3256.7,205,4,3256.6,181,4,3256.5,408,9,3256.4,669,10,3258.0,482,8,3258.3,32,1,3258.4,10,1,3258.5,63,3,3258.6,130,3
11536,2025-12-30 12:53:59+05:30,3256.8,1,3250.67,1051115,107227.0,126213.0,3250.0,3265.1,3239.8,3251.5,44601200,3576.6,2926.4,4322.95,2866.6,3256.8,113,4,3256.7,205,4,3256.6,181,4,3256.5,408,9,3256.4,669,10,3258.0,482,8,3258.3,32,1,3258.4,10,1,3258.5,63,3,3258.6,130,3
11536,2025-12-30 12:54:00+05:30,3257.0,1,3250.67,1051144,107590.0,126484.0,3250.0,3265.1,3239.8,3251.5,44601200,3576.6,2926.4,4322.95,2866.6,3257.0,57,3,3256.9,48,3,3256.8,161,6,3256.7,293,6,3256.6,389,7,3258.0,443,8,3258.5,80,3,3258.6,38,2,3258.7,3,1,3258.8,210,6
11536,2025-12-30 12:54:00+05:30,3258.0,1,3250.67,1051144,107590.0,126484.0,3250.0,3265.1,3239.8,3251.5,44601200,3576.6,2926.4,4322.95,2866.6,3257.0,57,3,3256.9,48,3,3256.8,161,6,3256.7,293,6,3256.6,389,7,3258.0,443,8,3258.5,80,3,3258.6,38,2,3258.7,3,1,3258.8,210,6
11536,2025-12-30 12:54:01+05:30,3257.0,3,3250.67,1051175,107733.0,126522.0,3250.0,3265.1,3239.8,3251.5,44601200,3576.6,2926.4,4322.95,2866.6,3257.0,41,4,3256.9,4,1,3256.8,163,6,3256.7,293,6,3256.6,389,7,3258.0,440,9,3258.4,32,1,3258.5,42,1,3258.6,38,2,3258.7,95,2
11536,2025-12-30 12:54:01+05:30,3257.0,3,3250.67,1051175,107733.0,126522.0,3250.0,3265.1,3239.8,3251.5,44601200,3576.6,2926.4,4322.95,2866.6,3257.0,41,4,3256.9,4,1,3256.8,163,6,3256.7,293,6,3256.6,389,7,3258.0,440,9,3258.4,32,1,3258.5,42,1,3258.6,38,2,3258.7,95,2
11536,2025-12-30 12:54:02+05:30,3257.0,9,3250.67,1051202,107509.0,126461.0,3250.0,3265.1,3239.8,3251.5,44601200,3576.6,2926.4,4322.95,2866.6,3257.0,19,3,3256.9,42,2,3256.8,168,6,3256.7,293,6,3256.6,426,7,3258.0,439,8,3258.4,32,1,3258.5,42,1,3258.6,130,3,3258.7,3,1
11536,2025-12-30 12:54:02+05:30,3257.1,1,3250.67,1051202,107509.0,126461.0,3250.0,3265.1,3239.8,3251.5,44601200,3576.6,2926.4,4322.95,2866.6,3257.0,19,3,3256.9,42,2,3256.8,168,6,3256.7,293,6,3256.6,426,7,3258.0,439,8,3258.4,32,1,3258.5,42,1,3258.6,130,3,3258.7,3,1
11536,2025-12-30 12:54:03+05:30,3256.9,2,3250.67,1051421,106565.0,126321.0,3250.0,3265.1,3239.8,3251.5,44601200,3576.6,2926.4,4322.95,2866.6,3256.9,1,1,3256.8,120,4,3256.7,189,5,3256.6,259,8,3256.5,386,8,3258.0,306,10,3258.1,38,1,3258.3,15,1,3258.5,14,1,3258.6,176,4
11536,2025-12-30 12:54:03+05:30,3256.9,2,3250.67,1051421,106565.0,126321.0,3250.0,3265.1,3239.8,3251.5,44601200,3576.6,2926.4,4322.95,2866.6,3256.9,1,1,3256.8,120,4,3256.7,189,5,3256.6,259,8,3256.5,386,8,3258.0,306,10,3258.1,38,1,3258.3,15,1,3258.5,14,1,3258.6,176,4
11536,2025-12-30 12:54:04+05:30,3256.9,3,3250.67,1051434,107093.0,126332.0,3250.0,3265.1,3239.8,3251.5,44601200,3576.6,2926.4,4322.95,2866.6,3257.0,24,2,3256.9,7,2,3256.8,120,4,3256.7,161,5,3256.6,259,8,3258.0,306,10,3258.1,38,1,3258.5,14,1,3258.6,176,4,3258.7,3,1
11536,2025-12-30 12:54:04+05:30,3256.9,3,3250.67,1051434,107093.0,126332.0,3250.0,3265.1,3239.8,3251.5,44601200,3576.6,2926.4,4322.95,2866.6,3257.0,24,2,3256.9,7,2,3256.8,120,4,3256.7,161,5,3256.6,259,8,3258.0,306,10,3258.1,38,1,3258.5,14,1,3258.6,176,4,3258.7,3,1
11536,2025-12-30 12:54:05+05:30,3257.0,1,3250.67,1051506,106239.0,126326.0,3250.0,3265.1,3239.8,3251.5,44601200,3576.6,2926.4,4322.95,2866.6,3257.0,22,2,3256.9,172,3,3256.8,120,4,3256.7,86,5,3256.6,259,8,3258.0,299,9,3258.1,38,1,3258.5,29,2,3258.6,162,3,3258.7,3,1
11536,2025-12-30 12:54:05+05:30,3257.0,37,3250.67,1051506,106239.0,126326.0,3250.0,3265.1,3239.8,3251.5,44601200,3576.6,2926.4,4322.95,2866.6,3257.0,22,2,3256.9,172,3,3256.8,120,4,3256.7,86,5,3256.6,259,8,3258.0,299,9,3258.1,38,1,3258.5,29,2,3258.6,162,3,3258.7,3,1
11536,2025-12-30 12:54:06+05:30,3257.0,3,3250.67,1052045,106333.0,125525.0,3250.0,3265.1,3239.8,3251.5,44601200,3576.6,2926.4,4322.95,2866.6,3256.9,89,6,3256.8,44,2,3256.7,254,5,3256.6,616,8,3256.5,374,8,3258.0,288,10,3258.1,70,2,3258.6,46,1,3258.7,95,2,3258.8,66,3
11536,2025-12-30 12:54:06+05:30,3256.9,1,3250.67,1052045,106333.0,125525.0,3250.0,3265.1,3239.8,3251.5,44601200,3576.6,2926.4,4322.95,2866.6,3256.9,89,6,3256.8,44,2,3256.7,254,5,3256.6,616,8,3256.5,374,8,3258.0,288,10,3258.1,70,2,3258.6,46,1,3258.7,95,2,3258.8,66,3
11536,2025-12-30 12:54:07+05:30,3256.9,1,3250.67,1052045,106333.0,125525.0,3250.0,3265.1,3239.8,3251.5,44601200,3576.6,2926.4,4322.95,2866.6,3256.9,89,6,3256.8,44,2,3256.7,254,5,3256.6,616,8,3256.5,374,8,3258.0,288,10,3258.1,70,2,3258.6,46,1,3258.7,95,2,3258.8,66,3
11536,2025-12-30 12:54:07+05:30,3256.9,1,3250.67,1052183,105402.0,126341.0,3250.0,3265.1,3239.8,3251.5,44601200,3576.6,2926.4,4322.95,2866.6,3256.9,5,2,3256.7,15,2,3256.6,267,3,3256.5,206,7,3256.4,638,8,3257.9,74,5,3258.0,305,9,3258.1,24,1,3258.2,14,1,3258.3,66,3
11536,2025-12-30 12:54:08+05:30,3256.7,3,3250.67,1052183,105402.0,126341.0,3250.0,3265.1,3239.8,3251.5,44601200,3576.6,2926.4,4322.95,2866.6,3256.9,5,2,3256.7,15,2,3256.6,267,3,3256.5,206,7,3256.4,638,8,3257.9,74,5,3258.0,305,9,3258.1,24,1,3258.2,14,1,3258.3,66,3
11536,2025-12-30 12:54:08+05:30,3256.7,3,3250.67,1052405,106103.0,127220.0,3250.0,3265.1,3239.8,3251.5,44601200,3576.6,2926.4,4322.95,2866.6,3256.7,56,4,3256.5,157,6,3256.4,288,6,3256.3,316,7,3256.2,110,5,3256.8,29,5,3257.9,78,7,3258.0,286,5,3258.1,46,1,3258.3,112,2
11536,2025-12-30 12:54:09+05:30,3256.6,6,3250.67,1052405,106103.0,127220.0,3250.0,3265.1,3239.8,3251.5,44601200,3576.6,2926.4,4322.95,2866.6,3256.7,56,4,3256.5,157,6,3256.4,288,6,3256.3,316,7,3256.2,110,5,3256.8,29,5,3257.9,78,7,3258.0,286,5,3258.1,46,1,3258.3,112,2
11536,2025-12-30 12:54:09+05:30,3256.6,14,3250.67,1052530,105670.0,127407.0,3250.0,3265.1,3239.8,3251.5,44601200,3576.6,2926.4,4322.95,2866.6,3256.6,43,2,3256.5,109,5,3256.4,326,7,3256.3,287,6,3256.2,137,7,3256.7,1,1,3256.8,27,9,3257.9,72,4,3258.0,277,3,3258.1,46,1
11536,2025-12-30 12:54:10+05:30,3256.6,3,3250.67,1052530,105670.0,127407.0,3250.0,3265.1,3239.8,3251.5,44601200,3576.6,2926.4,4322.95,2866.6,3256.6,43,2,3256.5,109,5,3256.4,326,7,3256.3,287,6,3256.2,137,7,3256.7,1,1,3256.8,27,9,3257.9,72,4,3258.0,277,3,3258.1,46,1
11536,2025-12-30 12:54:10+05:30,3256.6,10,3250.67,1052616,103469.0,127429.0,3250.0,3265.1,3239.8,3251.5,44601200,3576.6,2926.4,4322.95,2866.6,3256.6,10,1,3256.5,87,4,3256.4,295,6,3256.3,226,4,3256.2,111,6,3256.7,7,6,3256.8,19,7,3257.9,83,3,3258.0,277,3,3258.1,48,2
11536,2025-12-30 12:54:11+05:30,3256.4,25,3250.67,1052616,103469.0,127429.0,3250.0,3265.1,3239.8,3251.5,44601200,3576.6,2926.4,4322.95,2866.6,3256.6,10,1,3256.5,87,4,3256.4,295,6,3256.3,226,4,3256.2,111,6,3256.7,7,6,3256.8,19,7,3257.9,83,3,3258.0,277,3,3258.1,48,2
11536,2025-12-30 12:54:11+05:30,3256.4,25,3250.68,1053007,104689.0,129020.0,3250.0,3265.1,3239.8,3251.5,44601200,3576.6,2926.4,4322.95,2866.6,3256.4,78,3,3256.3,199,3,3256.2,27,2,3256.1,31,1,3256.0,208,4,3256.5,12,3,3256.6,393,3,3256.7,9,7,3256.8,3,2,3256.9,33,1
11536,2025-12-30 12:54:12+05:30,3256.4,19,3250.68,1053007,104689.0,129020.0,3250.0,3265.1,3239.8,3251.5,44601200,3576.6,2926.4,4322.95,2866.6,3256.4,78,3,3256.3,199,3,3256.2,27,2,3256.1,31,1,3256.0,208,4,3256.5,12,3,3256.6,393,3,3256.7,9,7,3256.8,3,2,3256.9,33,1
11536,2025-12-30 12:54:12+05:30,3256.6,4,3250.68,1054031,104670.0,128355.0,3250.0,3265.1,3239.8,3251.5,44601200,3576.6,2926.4,4322.95,2866.6,3256.4,175,1,3256.3,33,2,3256.2,27,2,3256.1,20,1,3256.0,334,5,3256.5,25,1,3256.6,368,4,3256.7,5,4,3257.0,33,1,3257.1,39,1
11536,2025-12-30 12:54:13+05:30,3256.4,25,3250.68,1054031,104670.0,128355.0,3250.0,3265.1,3239.8,3251.5,44601200,3576.6,2926.4,4322.95,2866.6,3256.4,175,1,3256.3,33,2,3256.2,27,2,3256.1,20,1,3256.0,334,5,3256.5,25,1,3256.6,368,4,3256.7,5,4,3257.0,33,1,3257.1,39,1
11536,2025-12-30 12:54:13+05:30,3256.4,9,3250.69,1054820,104609.0,128082.0,3250.0,3265.1,3239.8,3251.5,44601200,3576.6,2926.4,4322.95,2866.6,3256.3,2,1,3256.2,113,5,3256.1,175,1,3256.0,89,4,3255.9,76,4,3256.4,25,1,3256.5,46,4,3256.6,42,4,3256.7,2,1,3257.6,2,1
11536,2025-12-30 12:54:14+05:30,3256.4,20,3250.69,1054820,104609.0,128082.0,3250.0,3265.1,3239.8,3251.5,44601200,3576.6,2926.4,4322.95,2866.6,3256.3,2,1,3256.2,113,5,3256.1,175,1,3256.0,89,4,3255.9,76,4,3256.4,25,1,3256.5,46,4,3256.6,42,4,3256.7,2,1,3257.6,2,1
11536,2025-12-30 12:54:14+05:30,3256.4,4,3250.69,1055431,104643.0,128530.0,3250.0,3265.1,3239.8,3251.5,44601200,3576.6,2926.4,4322.95,2866.6,3256.3,175,1,3256.2,39,3,3256.1,59,2,3256.0,39,2,3255.9,114,6,3256.4,15,1,3256.6,313,4,3257.7,14,1,3257.8,5,2,3257.9,93,3
11536,2025-12-30 12:54:15+05:30,3256.5,25,3250.69,1055431,104643.0,128530.0,3250.0,3265.1,3239.8,3251.5,44601200,3576.6,2926.4,4322.95,2866.6,3256.3,175,1,3256.2,39,3,3256.1,59,2,3256.0,39,2,3255.9,114,6,3256.4,15,1,3256.6,313,4,3257.7,14,1,3257.8,5,2,3257.9,93,3
11536,2025-12-30 12:54:15+05:30,3256.2,11,3250.69,1056208,104689.0,129363.0,3250.0,3265.1,3239.8,3251.5,44601200,3576.6,2926.4,4322.95,2866.6,3256.2,16,2,3256.0,216,3,3255.9,175,1,3255.8,54,4,3255.7,54,5,3256.3,22,2,3256.6,179,4,3257.1,13,1,3257.2,18,1,3257.3,49,2
11536,2025-12-30 12:54:16+05:30,3256.0,1,3250.7,1056696,104680.0,130296.0,3250.0,3265.1,3239.8,3251.5,44601200,3576.6,2926.4,4322.95,2866.6,3256.0,9,1,3255.8,205,3,3255.7,226,6,3255.6,70,4,3255.5,73,2,3256.2,5,1,3256.3,17,4,3256.6,198,4,3257.2,33,1,3257.3,20,2
11536,2025-12-30 12:54:16+05:30,3256.0,10,3250.7,1056696,104680.0,130296.0,3250.0,3265.1,3239.8,3251.5,44601200,3576.6,2926.4,4322.95,2866.6,3256.0,9,1,3255.8,205,3,3255.7,226,6,3255.6,70,4,3255.5,73,2,3256.2,5,1,3256.3,17,4,3256.6,198,4,3257.2,33,1,3257.3,20,2
11536,2025-12-30 12:54:17+05:30,3256.1,18,3250.7,1057421,104583.0,130319.0,3250.0,3265.1,3239.8,3251.5,44601200,3576.6,2926.4,4322.95,2866.6,3256.0,54,2,3255.8,1,1,3255.7,45,3,3255.6,245,5,3255.5,178,2,3256.1,7,1,3256.2,13,3,3256.3,17,4,3256.5,33,1,3256.6,186,2
11536,2025-12-30 12:54:17+05:30,3256.1,5,3250.7,1057421,104583.0,130319.0,3250.0,3265.1,3239.8,3251.5,44601200,3576.6,2926.4,4322.95,2866.6,3256.0,54,2,3255.8,1,1,3255.7,45,3,3255.6,245,5,3255.5,178,2,3256.1,7,1,3256.2,13,3,3256.3,17,4,3256.5,33,1,3256.6,186,2
11536,2025-12-30 12:54:18+05:30,3256.1,23,3250.7,1057954,104799.0,130273.0,3250.0,3265.1,3239.8,3251.5,44601200,3576.6,2926.4,4322.95,2866.6,3256.0,50,1,3255.9,4,2,3255.8,16,3,3255.7,96,6,3255.6,208,3,3256.1,26,3,3256.2,13,3,3256.3,11,1,3256.6,186,2,3256.7,33,1
11536,2025-12-30 12:54:18+05:30,3256.1,8,3250.7,1057954,104799.0,130273.0,3250.0,3265.1,3239.8,3251.5,44601200,3576.6,2926.4,4322.95,2866.6,3256.0,50,1,3255.9,4,2,3255.8,16,3,3255.7,96,6,3255.6,208,3,3256.1,26,3,3256.2,13,3,3256.3,11,1,3256.6,186,2,3256.7,33,1
11536,2025-12-30 12:54:19+05:30,3255.9,19,3250.71,1058430,104725.0,129788.0,3250.0,3265.1,3239.8,3251.5,44601200,3576.6,2926.4,4322.95,2866.6,3255.9,129,1,3255.8,175,1,3255.7,81,6,3255.6,186,2,3255.5,257,5,3256.1,39,4,3256.2,7,1,3256.6,186,2,3257.1,24,1,3257.2,64,2
11536,2025-12-30 12:54:19+05:30,3256.0,17,3250.71,1058430,104725.0,129788.0,3250.0,3265.1,3239.8,3251.5,44601200,3576.6,2926.4,4322.95,2866.6,3255.9,129,1,3255.8,175,1,3255.7,81,6,3255.6,186,2,3255.5,257,5,3256.1,39,4,3256.2,7,1,3256.6,186,2,3257.1,24,1,3257.2,64,2
11536,2025-12-30 12:54:20+05:30,3256.2,33,3250.71,1058859,106129.0,128372.0,3250.0,3265.1,3239.8,3251.5,44601200,3576.6,2926.4,4322.95,2866.6,3256.2,33,2,3256.1,41,2,3256.0,42,1,3255.9,276,2,3255.8,495,8,3256.5,45,3,3256.6,160,2,3257.4,39,1,3257.5,33,1,3257.6,84,3
11536,2025-12-30 12:54:20+05:30,3256.2,33,3250.71,1058859,106129.0,128372.0,3250.0,3265.1,3239.8,3251.5,44601200,3576.6,2926.4,4322.95,2866.6,3256.2,33,2,3256.1,41,2,3256.0,42,1,3255.9,276,2,3255.8,495,8,3256.5,45,3,3256.6,160,2,3257.4,39,1,3257.5,33,1,3257.6,84,3
11536,2025-12-30 12:54:21+05:30,3256.2,33,3250.71,1058859,106617.0,128268.0,3250.0,3265.1,3239.8,3251.5,44601200,3576.6,2926.4,4322.95,2866.6,3256.2,129,4,3256.1,248,3,3256.0,249,3,3255.9,125,2,3255.8,450,11,3256.5,45,3,3256.6,160,2,3257.3,33,1,3257.4,85,2,3257.6,84,3
11536,2025-12-30 12:54:22+05:30,3256.2,1,3250.71,1058989,106509.0,128184.0,3250.0,3265.1,3239.8,3251.5,44601200,3576.6,2926.4,4322.95,2866.6,3256.2,79,2,3256.1,280,4,3256.0,250,3,3255.9,98,4,3255.8,378,9,3256.5,32,2,3256.6,160,2,3257.4,85,2,3257.6,117,4,3257.7,40,1
11536,2025-12-30 12:54:22+05:30,3256.2,1,3250.71,1058989,106509.0,128184.0,3250.0,3265.1,3239.8,3251.5,44601200,3576.6,2926.4,4322.95,2866.6,3256.2,79,2,3256.1,280,4,3256.0,250,3,3255.9,98,4,3255.8,378,9,3256.5,32,2,3256.6,160,2,3257.4,85,2,3257.6,117,4,3257.7,40,1
11536,2025-12-30 12:54:23+05:30,3256.2,64,3250.71,1059071,106445.0,128480.0,3250.0,3265.1,3239.8,3251.5,44601200,3576.6,2926.4,4322.95,2866.6,3256.2,15,2,3256.1,105,3,3256.0,217,2,3255.9,98,4,3255.8,332,8,3256.5,14,4,3256.6,160,2,3257.4,85,2,3257.6,117,4,3257.7,40,1
11536,2025-12-30 12:54:23+05:30,3256.2,64,3250.71,1059071,106445.0,128480.0,3250.0,3265.1,3239.8,3251.5,44601200,3576.6,2926.4,4322.95,2866.6,3256.2,15,2,3256.1,105,3,3256.0,217,2,3255.9,98,4,3255.8,332,8,3256.5,14,4,3256.6,160,2,3257.4,85,2,3257.6,117,4,3257.7,40,1
11536,2025-12-30 12:54:24+05:30,3256.2,3,3250.71,1059143,106204.0,129122.0,3250.0,3265.1,3239.8,3251.5,44601200,3576.6,2926.4,4322.95,2866.6,3256.2,3,1,3256.1,42,1,3256.0,42,1,3255.9,35,2,3255.8,304,7,3256.4,9,1,3256.5,13,6,3256.6,160,2,3257.2,79,2,3257.3,39,1
11536,2025-12-30 12:54:24+05:30,3256.2,3,3250.71,1059143,106204.0,129122.0,3250.0,3265.1,3239.8,3251.5,44601200,3576.6,2926.4,4322.95,2866.6,3256.2,3,1,3256.1,42,1,3256.0,42,1,3255.9,35,2,3255.8,304,7,3256.4,9,1,3256.5,13,6,3256.6,160,2,3257.2,79,2,3257.3,39,1
11536,2025-12-30 12:54:25+05:30,3256.1,1,3250.71,1059153,105918.0,129227.0,3250.0,3265.1,3239.8,3251.5,44601200,3576.6,2926.4,4322.95,2866.6,3255.9,23,2,3255.8,250,4,3255.7,240,6,3255.6,325,7,3255.5,76,3,3256.1,4,3,3256.2,1,1,3256.4,3,2,3256.5,9,5,3256.6,160,2
11536,2025-12-30 12:54:25+05:30,3255.9,16,3250.71,1059153,105918.0,129227.0,3250.0,3265.1,3239.8,3251.5,44601200,3576.6,2926.4,4322.95,2866.6,3255.9,23,2,3255.8,250,4,3255.7,240,6,3255.6,325,7,3255.5,76,3,3256.1,4,3,3256.2,1,1,3256.4,3,2,3256.5,9,5,3256.6,160,2
11536,2025-12-30 12:54:26+05:30,3256.2,25,3250.71,1059370,106524.0,128517.0,3250.0,3265.1,3239.8,3251.5,44601200,3576.6,2926.4,4322.95,2866.6,3256.2,88,1,3256.1,60,3,3256.0,274,4,3255.9,45,2,3255.8,513,9,3256.3,25,1,3256.4,3,2,3256.5,3,2,3256.6,160,2,3257.6,78,3
11536,2025-12-30 12:54:26+05:30,3256.2,3,3250.71,1059370,106524.0,128517.0,3250.0,3265.1,3239.8,3251.5,44601200,3576.6,2926.4,4322.95,2866.6,3256.2,88,1,3256.1,60,3,3256.0,274,4,3255.9,45,2,3255.8,513,9,3256.3,25,1,3256.4,3,2,3256.5,3,2,3256.6,160,2,3257.6,78,3
11536,2025-12-30 12:54:27+05:30,3255.9,1,3250.71,1059522,104683.0,129438.0,3250.0,3265.1,3239.8,3251.5,44601200,3576.6,2926.4,4322.95,2866.6,3255.9,2,1,3255.8,375,5,3255.7,268,7,3255.6,133,7,3255.5,109,4,3256.1,31,3,3256.2,6,1,3256.3,7,3,3256.4,1,1,3256.6,160,2
11536,2025-12-30 12:54:27+05:30,3255.9,1,3250.71,1059522,104683.0,129438.0,3250.0,3265.1,3239.8,3251.5,44601200,3576.6,2926.4,4322.95,2866.6,3255.9,2,1,3255.8,375,5,3255.7,268,7,3255.6,133,7,3255.5,109,4,3256.1,31,3,3256.2,6,1,3256.3,7,3,3256.4,1,1,3256.6,160,2
11536,2025-12-30 12:54:28+05:30,3256.3,25,3250.71,1059761,106313.0,129303.0,3250.0,3265.1,3239.8,3251.5,44601200,3576.6,2926.4,4322.95,2866.6,3256.3,76,1,3255.9,177,3,3255.8,373,4,3255.7,65,5,3255.6,60,4,3256.5,37,3,3256.6,160,2,3257.0,33,1,3257.1,85,2,3257.3,60,2
11536,2025-12-30 12:54:28+05:30,3256.3,25,3250.71,1059761,106313.0,129303.0,3250.0,3265.1,3239.8,3251.5,44601200,3576.6,2926.4,4322.95,2866.6,3256.3,76,1,3255.9,177,3,3255.8,373,4,3255.7,65,5,3255.6,60,4,3256.5,37,3,3256.6,160,2,3257.0,33,1,3257.1,85,2,3257.3,60,2
11536,2025-12-30 12:54:29+05:30,3256.5,1,3250.71,1059938,106058.0,129551.0,3250.0,3265.1,3239.8,3251.5,44601200,3576.6,2926.4,4322.95,2866.6,3256.3,138,3,3256.0,5,1,3255.9,138,2,3255.8,198,3,3255.7,107,7,3256.5,32,3,3256.6,118,2,3257.0,33,1,3257.1,46,1,3257.3,60,2
11536,2025-12-30 12:54:29+05:30,3256.5,1,3250.71,1059938,106058.0,129551.0,3250.0,3265.1,3239.8,3251.5,44601200,3576.6,2926.4,4322.95,2866.6,3256.3,138,3,3256.0,5,1,3255.9,138,2,3255.8,198,3,3255.7,107,7,3256.5,32,3,3256.6,118,2,3257.0,33,1,3257.1,46,1,3257.3,60,2
11536,2025-12-30 12:54:30+05:30,3256.5,3,3250.71,1059997,105543.0,129531.0,3250.0,3265.1,3239.8,3251.5,44601200,3576.6,2926.4,4322.95,2866.6,3256.3,138,3,3256.0,5,1,3255.9,1,1,3255.8,23,2,3255.7,206,8,3256.4,28,3,3256.5,9,2,3256.6,118,2,3257.0,33,1,3257.1,46,1
11536,2025-12-30 12:54:30+05:30,3256.3,25,3250.71,1059997,105543.0,129531.0,3250.0,3265.1,3239.8,3251.5,44601200,3576.6,2926.4,4322.95,2866.6,3256.3,138,3,3256.0,5,1,3255.9,1,1,3255.8,23,2,3255.7,206,8,3256.4,28,3,3256.5,9,2,3256.6,118,2,3257.0,33,1,3257.1,46,1
11536,2025-12-30 12:54:31+05:30,3257.8,2,3250.72,1061487,109614.0,126138.0,3250.0,3265.1,3239.8,3251.5,44601200,3576.6,2926.4,4322.95,2866.6,3256.9,43,2,3256.8,90,1,3256.6,21,1,3256.5,141,4,3256.4,267,8,3257.8,91,3,3258.0,277,3,3258.2,32,2,3258.4,38,2,3258.5,75,3
11536,2025-12-30 12:54:31+05:30,3258.0,277,3250.72,1061487,109614.0,126138.0,3250.0,3265.1,3239.8,3251.5,44601200,3576.6,2926.4,4322.95,2866.6,3256.9,43,2,3256.8,90,1,3256.6,21,1,3256.5,141,4,3256.4,267,8,3257.8,91,3,3258.0,277,3,3258.2,32,2,3258.4,38,2,3258.5,75,3
11536,2025-12-30 12:54:32+05:30,3258.0,277,3250.73,1062933,109811.0,125155.0,3250.0,3265.1,3239.8,3251.5,44601200,3576.6,2926.4,4322.95,2866.6,3257.3,89,3,3257.1,17,1,3257.0,98,3,3256.9,177,7,3256.8,213,5,3257.9,91,3,3258.0,369,1,3258.7,3,1,3258.8,49,2,3258.9,20,2
11536,2025-12-30 12:54:32+05:30,3259.8,34,3250.73,1062933,109811.0,125155.0,3250.0,3265.1,3239.8,3251.5,44601200,3576.6,2926.4,4322.95,2866.6,3257.3,89,3,3257.1,17,1,3257.0,98,3,3256.9,177,7,3256.8,213,5,3257.9,91,3,3258.0,369,1,3258.7,3,1,3258.8,49,2,3258.9,20,2
11536,2025-12-30 12:54:33+05:30,3258.3,2,3250.74,1064490,112861.0,123092.0,3250.0,3265.1,3239.8,3251.5,44601200,3576.6,2926.4,4322.95,2866.6,3258.3,169,4,3258.1,17,1,3258.0,74,3,3257.9,59,3,3257.8,169,6,3259.3,25,1,3259.4,35,4,3259.5,104,3,3259.6,41,3,3259.7,90,4
11536,2025-12-30 12:54:33+05:30,3259.5,39,3250.74,1064490,112861.0,123092.0,3250.0,3265.1,3239.8,3251.5,44601200,3576.6,2926.4,4322.95,2866.6,3258.3,169,4,3258.1,17,1,3258.0,74,3,3257.9,59,3,3257.8,169,6,3259.3,25,1,3259.4,35,4,3259.5,104,3,3259.6,41,3,3259.7,90,4
11536,2025-12-30 12:54:34+05:30,3259.4,1,3250.74,1064490,112861.0,123092.0,3250.0,3265.1,3239.8,3251.5,44601200,3576.6,2926.4,4322.95,2866.6,3258.3,169,4,3258.1,17,1,3258.0,74,3,3257.9,59,3,3257.8,169,6,3259.3,25,1,3259.4,35,4,3259.5,104,3,3259.6,41,3,3259.7,90,4
11536,2025-12-30 12:54:34+05:30,3259.4,1,3250.75,1064790,113707.0,122384.0,3250.0,3265.1,3239.8,3251.5,44601200,3576.6,2926.4,4322.95,2866.6,3258.5,12,2,3258.4,122,2,3258.3,331,3,3258.2,40,1,3258.1,45,2,3259.4,65,8,3259.5,42,3,3259.6,30,2,3259.7,24,1,3259.8,32,2
11536,2025-12-30 12:54:35+05:30,3258.5,1,3250.75,1064790,113707.0,122384.0,3250.0,3265.1,3239.8,3251.5,44601200,3576.6,2926.4,4322.95,2866.6,3258.5,12,2,3258.4,122,2,3258.3,331,3,3258.2,40,1,3258.1,45,2,3259.4,65,8,3259.5,42,3,3259.6,30,2,3259.7,24,1,3259.8,32,2
11536,2025-12-30 12:54:35+05:30,3258.5,1,3250.75,1065417,113751.0,122535.0,3250.0,3265.1,3239.8,3251.5,44601200,3576.6,2926.4,4322.95,2866.6,3259.0,90,1,3258.6,14,2,3258.5,56,3,3258.4,40,1,3258.3,80,2,3259.4,67,6,3259.5,24,1,3259.6,14,1,3259.7,16,1,3259.8,18,1
11536,2025-12-30 12:54:36+05:30,3259.0,162,3250.75,1065417,113751.0,122535.0,3250.0,3265.1,3239.8,3251.5,44601200,3576.6,2926.4,4322.95,2866.6,3259.0,90,1,3258.6,14,2,3258.5,56,3,3258.4,40,1,3258.3,80,2,3259.4,67,6,3259.5,24,1,3259.6,14,1,3259.7,16,1,3259.8,18,1
11536,2025-12-30 12:54:36+05:30,3259.0,162,3250.75,1065718,113499.0,122502.0,3250.0,3265.1,3239.8,3251.5,44601200,3576.6,2926.4,4322.95,2866.6,3259.0,99,2,3258.6,14,2,3258.5,56,3,3258.4,33,1,3258.3,126,3,3259.3,54,6,3259.4,29,3,3259.6,14,1,3259.7,10,1,3259.8,63,3
11536,2025-12-30 12:54:37+05:30,3259.0,42,3250.75,1065718,113499.0,122502.0,3250.0,3265.1,3239.8,3251.5,44601200,3576.6,2926.4,4322.95,2866.6,3259.0,99,2,3258.6,14,2,3258.5,56,3,3258.4,33,1,3258.3,126,3,3259.3,54,6,3259.4,29,3,3259.6,14,1,3259.7,10,1,3259.8,63,3
11536,2025-12-30 12:54:37+05:30,3259.2,3,3250.76,1066099,113181.0,122382.0,3250.0,3265.1,3239.8,3251.5,44601200,3576.6,2926.4,4322.95,2866.6,3259.0,144,5,3258.6,14,2,3258.5,56,3,3258.3,159,4,3258.2,23,2,3259.2,4,2,3259.3,38,5,3259.4,24,2,3259.5,24,1,3259.6,68,4
11536,2025-12-30 12:54:38+05:30,3259.0,1,3250.76,1066099,113181.0,122382.0,3250.0,3265.1,3239.8,3251.5,44601200,3576.6,2926.4,4322.95,2866.6,3259.0,144,5,3258.6,14,2,3258.5,56,3,3258.3,159,4,3258.2,23,2,3259.2,4,2,3259.3,38,5,3259.4,24,2,3259.5,24,1,3259.6,68,4
11536,2025-12-30 12:54:38+05:30,3259.0,1,3250.76,1066385,113697.0,122191.0,3250.0,3265.1,3239.8,3251.5,44601200,3576.6,2926.4,4322.95,2866.6,3259.0,143,5,3258.6,14,2,3258.5,105,5,3258.4,52,3,3258.3,166,4,3259.2,5,1,3259.4,14,2,3259.6,14,1,3259.7,33,1,3259.8,28,2
11536,2025-12-30 12:54:39+05:30,3259.4,1,3250.76,1066385,113697.0,122191.0,3250.0,3265.1,3239.8,3251.5,44601200,3576.6,2926.4,4322.95,2866.6,3259.0,143,5,3258.6,14,2,3258.5,105,5,3258.4,52,3,3258.3,166,4,3259.2,5,1,3259.4,14,2,3259.6,14,1,3259.7,33,1,3259.8,28,2
11536,2025-12-30 12:54:40+05:30,3259.4,1,3250.76,1066517,113823.0,122330.0,3250.0,3265.1,3239.8,3251.5,44601200,3576.6,2926.4,4322.95,2866.6,3259.0,202,6,3258.7,73,2,3258.6,14,2,3258.5,129,6,3258.4,52,3,3259.4,19,4,3259.8,14,1,3259.9,1,1,3260.0,829,8,3260.1,40,1
11536,2025-12-30 12:54:40+05:30,3260.1,21,3250.76,1066517,113823.0,122330.0,3250.0,3265.1,3239.8,3251.5,44601200,3576.6,2926.4,4322.95,2866.6,3259.0,202,6,3258.7,73,2,3258.6,14,2,3258.5,129,6,3258.4,52,3,3259.4,19,4,3259.8,14,1,3259.9,1,1,3260.0,829,8,3260.1,40,1
11536,2025-12-30 12:54:40+05:30,3260.1,21,3250.77,1067524,115025.0,120462.0,3250.0,3265.1,3239.8,3251.5,44601200,3576.6,2926.4,4322.95,2866.6,3259.5,87,1,3259.2,3,1,3259.1,25,1,3259.0,201,6,3258.9,147,3,3260.1,73,4,3260.3,33,1,3260.4,25,2,3260.5,17,1,3260.6,19,1
11536,2025-12-30 12:54:41+05:30,3260.1,23,3250.77,1067524,115025.0,120462.0,3250.0,3265.1,3239.8,3251.5,44601200,3576.6,2926.4,4322.95,2866.6,3259.5,87,1,3259.2,3,1,3259.1,25,1,3259.0,201,6,3258.9,147,3,3260.1,73,4,3260.3,33,1,3260.4,25,2,3260.5,17,1,3260.6,19,1
11536,2025-12-30 12:54:41+05:30,3260.1,23,3250.77,1067860,115433.0,121131.0,3250.0,3265.1,3239.8,3251.5,44601200,3576.6,2926.4,4322.95,2866.6,3259.5,87,1,3259.3,85,2,3259.2,3,1,3259.1,25,1,3259.0,135,5,3260.0,1,1,3260.1,59,6,3260.3,12,1,3260.4,30,2,3260.5,16,1
11536,2025-12-30 12:54:42+05:30,3260.1,2,3250.77,1067860,115433.0,121131.0,3250.0,3265.1,3239.8,3251.5,44601200,3576.6,2926.4,4322.95,2866.6,3259.5,87,1,3259.3,85,2,3259.2,3,1,3259.1,25,1,3259.0,135,5,3260.0,1,1,3260.1,59,6,3260.3,12,1,3260.4,30,2,3260.5,16,1
11536,2025-12-30 12:54:42+05:30,3260.1,5,3250.77,1068204,115323.0,120698.0,3250.0,3265.1,3239.8,3251.5,44601200,3576.6,2926.4,4322.95,2866.6,3259.5,30,1,3259.2,42,2,3259.1,33,1,3259.0,161,5,3258.9,108,2,3260.1,25,5,3260.3,9,1,3260.4,13,1,3260.6,17,1,3260.7,45,2
11536,2025-12-30 12:54:43+05:30,3259.5,1,3250.77,1068204,115323.0,120698.0,3250.0,3265.1,3239.8,3251.5,44601200,3576.6,2926.4,4322.95,2866.6,3259.5,30,1,3259.2,42,2,3259.1,33,1,3259.0,161,5,3258.9,108,2,3260.1,25,5,3260.3,9,1,3260.4,13,1,3260.6,17,1,3260.7,45,2
11536,2025-12-30 12:54:43+05:30,3259.5,1,3250.77,1068320,113912.0,120469.0,3250.0,3265.1,3239.8,3251.5,44601200,3576.6,2926.4,4322.95,2866.6,3259.5,49,2,3259.3,39,1,3259.2,3,1,3259.0,174,5,3258.9,108,2,3260.0,7,2,3260.1,20,6,3260.2,13,1,3260.4,13,1,3260.6,17,1
11536,2025-12-30 12:54:44+05:30,3259.5,1,3250.77,1068320,113912.0,120469.0,3250.0,3265.1,3239.8,3251.5,44601200,3576.6,2926.4,4322.95,2866.6,3259.5,49,2,3259.3,39,1,3259.2,3,1,3259.0,174,5,3258.9,108,2,3260.0,7,2,3260.1,20,6,3260.2,13,1,3260.4,13,1,3260.6,17,1
11536,2025-12-30 12:54:44+05:30,3260.0,5,3250.78,1068333,114509.0,121688.0,3250.0,3265.1,3239.8,3251.5,44601200,3576.6,2926.4,4322.95,2866.6,3259.5,48,2,3259.2,3,1,3259.0,141,4,3258.9,16,1,3258.8,111,3,3260.0,23,6,3260.1,13,5,3260.2,59,3,3260.3,12,1,3260.4,50,3
11536,2025-12-30 12:54:45+05:30,3260.1,1,3250.78,1068333,114509.0,121688.0,3250.0,3265.1,3239.8,3251.5,44601200,3576.6,2926.4,4322.95,2866.6,3259.5,48,2,3259.2,3,1,3259.0,141,4,3258.9,16,1,3258.8,111,3,3260.0,23,6,3260.1,13,5,3260.2,59,3,3260.3,12,1,3260.4,50,3
11536,2025-12-30 12:54:45+05:30,3260.1,1,3250.78,1068495,115524.0,121025.0,3250.0,3265.1,3239.8,3251.5,44601200,3576.6,2926.4,4322.95,2866.6,3260.0,142,3,3259.5,105,4,3259.4,33,1,3259.2,116,2,3259.1,96,3,3260.1,13,4,3260.6,9,1,3260.8,239,3,3260.9,58,4,3261.0,81,5
11536,2025-12-30 12:54:46+05:30,3260.1,1,3250.78,1068495,115524.0,121025.0,3250.0,3265.1,3239.8,3251.5,44601200,3576.6,2926.4,4322.95,2866.6,3260.0,142,3,3259.5,105,4,3259.4,33,1,3259.2,116,2,3259.1,96,3,3260.1,13,4,3260.6,9,1,3260.8,239,3,3260.9,58,4,3261.0,81,5
11536,2025-12-30 12:54:46+05:30,3260.1,1,3250.78,1068550,115765.0,118677.0,3250.0,3265.1,3239.8,3251.5,44601200,3576.6,2926.4,4322.95,2866.6,3260.0,142,3,3259.6,85,2,3259.5,99,4,3259.4,46,1,3259.3,92,1,3260.1,9,4,3260.6,9,1,3260.8,226,2,3260.9,46,4,3261.0,29,3
11536,2025-12-30 12:54:47+05:30,3260.0,1,3250.78,1068550,115765.0,118677.0,3250.0,3265.1,3239.8,3251.5,44601200,3576.6,2926.4,4322.95,2866.6,3260.0,142,3,3259.6,85,2,3259.5,99,4,3259.4,46,1,3259.3,92,1,3260.1,9,4,3260.6,9,1,3260.8,226,2,3260.9,46,4,3261.0,29,3
11536,2025-12-30 12:54:47+05:30,3260.0,1,3250.78,1068711,115792.0,119628.0,3250.0,3265.1,3239.8,3251.5,44601200,3576.6,2926.4,4322.95,2866.6,3260.0,90,2,3259.5,63,2,3259.1,46,1,3259.0,118,5,3258.9,158,4,3260.1,24,8,3260.4,32,3,3260.5,33,1,3260.6,36,3,3260.7,79,3
11536,2025-12-30 12:54:48+05:30,3260.0,8,3250.78,1068711,115792.0,119628.0,3250.0,3265.1,3239.8,3251.5,44601200,3576.6,2926.4,4322.95,2866.6,3260.0,90,2,3259.5,63,2,3259.1,46,1,3259.0,118,5,3258.9,158,4,3260.1,24,8,3260.4,32,3,3260.5,33,1,3260.6,36,3,3260.7,79,3
11536,2025-12-30 12:54:48+05:30,3260.0,8,3250.78,1068734,115215.0,119788.0,3250.0,3265.1,3239.8,3251.5,44601200,3576.6,2926.4,4322.95,2866.6,3260.0,75,3,3259.5,63,2,3259.4,4,1,3259.0,118,5,3258.9,59,2,3260.1,26,10,3260.4,32,3,3260.5,41,2,3260.6,36,3,3260.7,79,3
11536,2025-12-30 12:54:49+05:30,3260.0,1,3250.78,1068734,115215.0,119788.0,3250.0,3265.1,3239.8,3251.5,44601200,3576.6,2926.4,4322.95,2866.6,3260.0,75,3,3259.5,63,2,3259.4,4,1,3259.0,118,5,3258.9,59,2,3260.1,26,10,3260.4,32,3,3260.5,41,2,3260.6,36,3,3260.7,79,3
11536,2025-12-30 12:54:49+05:30,3260.0,1,3250.78,1068775,115655.0,120977.0,3250.0,3265.1,3239.8,3251.5,44601200,3576.6,2926.4,4322.95,2866.6,3260.0,34,3,3259.5,63,2,3259.4,4,1,3259.0,118,5,3258.9,216,3,3260.1,18,10,3260.2,9,1,3260.3,33,1,3260.4,32,3,3260.5,47,2
11536,2025-12-30 12:54:50+05:30,3260.0,1,3250.78,1068775,115655.0,120977.0,3250.0,3265.1,3239.8,3251.5,44601200,3576.6,2926.4,4322.95,2866.6,3260.0,34,3,3259.5,63,2,3259.4,4,1,3259.0,118,5,3258.9,216,3,3260.1,18,10,3260.2,9,1,3260.3,33,1,3260.4,32,3,3260.5,47,2
11536,2025-12-30 12:54:50+05:30,3260.0,1,3250.78,1068813,115659.0,120626.0,3250.0,3265.1,3239.8,3251.5,44601200,3576.6,2926.4,4322.95,2866.6,3260.0,168,5,3259.5,63,2,3259.4,4,1,3259.0,59,4,3258.9,151,3,3260.1,17,11,3260.2,9,1,3260.3,33,1,3260.4,32,3,3260.5,47,2
11536,2025-12-30 12:54:51+05:30,3260.0,2,3250.78,1068813,115659.0,120626.0,3250.0,3265.1,3239.8,3251.5,44601200,3576.6,2926.4,4322.95,2866.6,3260.0,168,5,3259.5,63,2,3259.4,4,1,3259.0,59,4,3258.9,151,3,3260.1,17,11,3260.2,9,1,3260.3,33,1,3260.4,32,3,3260.5,47,2
11536,2025-12-30 12:54:51+05:30,3260.0,3,3250.78,1068852,115689.0,120469.0,3250.0,3265.1,3239.8,3251.5,44601200,3576.6,2926.4,4322.95,2866.6,3260.0,216,6,3259.5,63,2,3259.4,4,1,3259.0,151,5,3258.9,59,2,3260.1,16,10,3260.2,9,1,3260.3,33,1,3260.4,32,3,3260.5,3,1
11536,2025-12-30 12:54:52+05:30,3260.0,3,3250.78,1068852,115689.0,120469.0,3250.0,3265.1,3239.8,3251.5,44601200,3576.6,2926.4,4322.95,2866.6,3260.0,216,6,3259.5,63,2,3259.4,4,1,3259.0,151,5,3258.9,59,2,3260.1,16,10,3260.2,9,1,3260.3,33,1,3260.4,32,3,3260.5,3,1
11536,2025-12-30 12:54:52+05:30,3260.0,6,3250.78,1068870,115506.0,120857.0,3250.0,3265.1,3239.8,3251.5,44601200,3576.6,2926.4,4322.95,2866.6,3260.0,199,5,3259.5,63,2,3259.4,4,1,3259.0,151,5,3258.9,59,2,3260.1,9,9,3260.2,18,2,3260.3,33,1,3260.4,32,3,3260.5,40,2
11536,2025-12-30 12:54:53+05:30,3260.0,1,3250.78,1068870,115506.0,120857.0,3250.0,3265.1,3239.8,3251.5,44601200,3576.6,2926.4,4322.95,2866.6,3260.0,199,5,3259.5,63,2,3259.4,4,1,3259.0,151,5,3258.9,59,2,3260.1,9,9,3260.2,18,2,3260.3,33,1,3260.4,32,3,3260.5,40,2
11536,2025-12-30 12:54:53+05:30,3260.0,2,3250.78,1068874,115681.0,118452.0,3250.0,3265.1,3239.8,3251.5,44601200,3576.6,2926.4,4322.95,2866.6,3260.0,195,5,3259.5,63,2,3259.4,15,2,3259.2,2,1,3259.0,151,5,3260.1,15,9,3260.2,9,1,3260.3,57,2,3260.4,56,4,3260.5,40,2
11536,2025-12-30 12:54:54+05:30,3260.0,1,3250.78,1068874,115681.0,118452.0,3250.0,3265.1,3239.8,3251.5,44601200,3576.6,2926.4,4322.95,2866.6,3260.0,195,5,3259.5,63,2,3259.4,15,2,3259.2,2,1,3259.0,151,5,3260.1,15,9,3260.2,9,1,3260.3,57,2,3260.4,56,4,3260.5,40,2
11536,2025-12-30 12:54:54+05:30,3260.0,3,3250.78,1068888,115652.0,120903.0,3250.0,3265.1,3239.8,3251.5,44601200,3576.6,2926.4,4322.95,2866.6,3260.0,181,5,3259.5,63,2,3259.4,15,2,3259.2,2,1,3259.0,151,5,3260.1,15,9,3260.2,9,1,3260.3,57,2,3260.4,56,4,3260.5,40,2
11536,2025-12-30 12:54:55+05:30,3260.1,1,3250.78,1068888,115652.0,120903.0,3250.0,3265.1,3239.8,3251.5,44601200,3576.6,2926.4,4322.95,2866.6,3260.0,181,5,3259.5,63,2,3259.4,15,2,3259.2,2,1,3259.0,151,5,3260.1,15,9,3260.2,9,1,3260.3,57,2,3260.4,56,4,3260.5,40,2
11536,2025-12-30 12:54:55+05:30,3260.0,1,3250.78,1068898,115486.0,121161.0,3250.0,3265.1,3239.8,3251.5,44601200,3576.6,2926.4,4322.95,2866.6,3260.0,172,4,3259.5,63,2,3259.4,15,2,3259.2,2,1,3259.0,151,5,3260.1,22,10,3260.3,57,2,3260.4,56,4,3260.5,40,2,3260.6,36,3
11536,2025-12-30 12:54:56+05:30,3260.1,1,3250.78,1068898,115486.0,121161.0,3250.0,3265.1,3239.8,3251.5,44601200,3576.6,2926.4,4322.95,2866.6,3260.0,172,4,3259.5,63,2,3259.4,15,2,3259.2,2,1,3259.0,151,5,3260.1,22,10,3260.3,57,2,3260.4,56,4,3260.5,40,2,3260.6,36,3
11536,2025-12-30 12:54:56+05:30,3260.1,1,3250.78,1068906,115086.0,122264.0,3250.0,3265.1,3239.8,3251.5,44601200,3576.6,2926.4,4322.95,2866.6,3260.0,165,3,3259.5,63,2,3259.4,15,2,3259.2,2,1,3259.0,105,5,3260.1,23,12,3260.2,3,1,3260.3,57,2,3260.4,56,4,3260.5,24,1
11536,2025-12-30 12:54:57+05:30,3259.9,2,3250.78,1068906,115086.0,122264.0,3250.0,3265.1,3239.8,3251.5,44601200,3576.6,2926.4,4322.95,2866.6,3260.0,165,3,3259.5,63,2,3259.4,15,2,3259.2,2,1,3259.0,105,5,3260.1,23,12,3260.2,3,1,3260.3,57,2,3260.4,56,4,3260.5,24,1
11536,2025-12-30 12:54:57+05:30,3259.9,2,3250.78,1069055,113419.0,122925.0,3250.0,3265.1,3239.8,3251.5,44601200,3576.6,2926.4,4322.95,2866.6,3259.5,63,2,3259.4,15,2,3259.2,2,1,3259.0,35,2,3258.8,40,2,3259.9,47,4,3260.1,83,11,3260.2,47,4,3260.3,70,2,3260.4,58,5
11536,2025-12-30 12:54:58+05:30,3259.5,1,3250.78,1069055,113419.0,122925.0,3250.0,3265.1,3239.8,3251.5,44601200,3576.6,2926.4,4322.95,2866.6,3259.5,63,2,3259.4,15,2,3259.2,2,1,3259.0,35,2,3258.8,40,2,3259.9,47,4,3260.1,83,11,3260.2,47,4,3260.3,70,2,3260.4,58,5
11536,2025-12-30 12:54:58+05:30,3259.5,1,3250.78,1069167,114401.0,121909.0,3250.0,3265.1,3239.8,3251.5,44601200,3576.6,2926.4,4322.95,2866.6,3259.5,58,1,3259.4,15,2,3259.2,2,1,3259.0,35,2,3258.8,86,3,3260.1,50,8,3260.4,32,3,3260.5,32,1,3260.6,58,3,3260.7,11,1
11536,2025-12-30 12:54:59+05:30,3259.5,1,3250.78,1069167,114401.0,121909.0,3250.0,3265.1,3239.8,3251.5,44601200,3576.6,2926.4,4322.95,2866.6,3259.5,58,1,3259.4,15,2,3259.2,2,1,3259.0,35,2,3258.8,86,3,3260.1,50,8,3260.4,32,3,3260.5,32,1,3260.6,58,3,3260.7,11,1
11536,2025-12-30 12:54:59+05:30,3259.5,1,3250.78,1069189,112466.0,122508.0,3250.0,3265.1,3239.8,3251.5,44601200,3576.6,2926.4,4322.95,2866.6,3259.5,36,1,3259.4,15,2,3259.2,2,1,3259.0,35,2,3258.8,86,3,3260.1,89,10,3260.2,37,1,3260.3,20,1,3260.4,52,4,3260.5,16,1
11536,2025-12-30 12:55:00+05:30,3259.4,7,3250.78,1069189,112466.0,122508.0,3250.0,3265.1,3239.8,3251.5,44601200,3576.6,2926.4,4322.95,2866.6,3259.5,36,1,3259.4,15,2,3259.2,2,1,3259.0,35,2,3258.8,86,3,3260.1,89,10,3260.2,37,1,3260.3,20,1,3260.4,52,4,3260.5,16,1
11536,2025-12-30 12:55:00+05:30,3259.4,7,3250.78,1069236,113739.0,121850.0,3250.0,3265.1,3239.8,3251.5,44601200,3576.6,2926.4,4322.95,2866.6,3259.4,8,2,3259.2,2,1,3259.0,9,1,3258.8,48,1,3258.6,34,3,3259.5,10,3,3259.8,9,1,3259.9,30,1,3260.0,32,2,3260.1,38,6
11536,2025-12-30 12:55:01+05:30,3259.4,1,3250.78,1069236,113739.0,121850.0,3250.0,3265.1,3239.8,3251.5,44601200,3576.6,2926.4,4322.95,2866.6,3259.4,8,2,3259.2,2,1,3259.0,9,1,3258.8,48,1,3258.6,34,3,3259.5,10,3,3259.8,9,1,3259.9,30,1,3260.0,32,2,3260.1,38,6
11536,2025-12-30 12:55:01+05:30,3259.4,1,3250.78,1069385,113986.0,122255.0,3250.0,3265.1,3239.8,3251.5,44601200,3576.6,2926.4,4322.95,2866.6,3259.4,12,2,3259.2,2,1,3259.0,9,1,3258.9,26,1,3258.8,83,2,3259.5,14,1,3260.1,58,5,3260.2,10,1,3260.4,32,3,3260.5,51,2
11536,2025-12-30 12:55:02+05:30,3259.4,4,3250.78,1069404,112771.0,122011.0,3250.0,3265.1,3239.8,3251.5,44601200,3576.6,2926.4,4322.95,2866.6,3259.4,11,2,3259.3,9,1,3259.2,4,2,3259.0,9,1,3258.9,27,2,3259.5,9,3,3259.6,9,1,3259.8,9,1,3259.9,30,1,3260.0,13,1
11536,2025-12-30 12:55:02+05:30,3259.5,5,3250.78,1069404,112771.0,122011.0,3250.0,3265.1,3239.8,3251.5,44601200,3576.6,2926.4,4322.95,2866.6,3259.4,11,2,3259.3,9,1,3259.2,4,2,3259.0,9,1,3258.9,27,2,3259.5,9,3,3259.6,9,1,3259.8,9,1,3259.9,30,1,3260.0,13,1
11536,2025-12-30 12:55:03+05:30,3259.5,5,3250.78,1069474,114237.0,121789.0,3250.0,3265.1,3239.8,3251.5,44601200,3576.6,2926.4,4322.95,2866.6,3259.4,11,2,3259.3,9,1,3259.2,4,2,3259.0,49,2,3258.9,27,2,3259.5,20,5,3259.8,13,1,3259.9,30,1,3260.0,13,1,3260.1,36,2
11536,2025-12-30 12:55:03+05:30,3259.8,23,3250.78,1069474,114237.0,121789.0,3250.0,3265.1,3239.8,3251.5,44601200,3576.6,2926.4,4322.95,2866.6,3259.4,11,2,3259.3,9,1,3259.2,4,2,3259.0,49,2,3258.9,27,2,3259.5,20,5,3259.8,13,1,3259.9,30,1,3260.0,13,1,3260.1,36,2
11536,2025-12-30 12:55:04+05:30,3259.9,23,3250.79,1069573,114386.0,121554.0,3250.0,3265.1,3239.8,3251.5,44601200,3576.6,2926.4,4322.95,2866.6,3259.4,11,2,3259.3,9,1,3259.2,4,2,3259.0,49,2,3258.9,30,3,3259.9,5,2,3260.1,28,2,3260.3,30,1,3260.4,32,3,3260.5,16,1
11536,2025-12-30 12:55:04+05:30,3259.9,2,3250.79,1069573,114386.0,121554.0,3250.0,3265.1,3239.8,3251.5,44601200,3576.6,2926.4,4322.95,2866.6,3259.4,11,2,3259.3,9,1,3259.2,4,2,3259.0,49,2,3258.9,30,3,3259.9,5,2,3260.1,28,2,3260.3,30,1,3260.4,32,3,3260.5,16,1
11536,2025-12-30 12:55:05+05:30,3259.4,1,3250.79,1069613,114492.0,121523.0,3250.0,3265.1,3239.8,3251.5,44601200,3576.6,2926.4,4322.95,2866.6,3259.4,10,2,3259.3,27,2,3259.2,4,2,3259.1,35,1,3259.0,76,3,3259.9,6,4,3260.1,19,1,3260.3,13,1,3260.6,12,2,3260.7,13,2
11536,2025-12-30 12:55:05+05:30,3259.9,1,3250.79,1069613,114492.0,121523.0,3250.0,3265.1,3239.8,3251.5,44601200,3576.6,2926.4,4322.95,2866.6,3259.4,10,2,3259.3,27,2,3259.2,4,2,3259.1,35,1,3259.0,76,3,3259.9,6,4,3260.1,19,1,3260.3,13,1,3260.6,12,2,3260.7,13,2
11536,2025-12-30 12:55:06+05:30,3260.7,1,3250.79,1069749,115137.0,119510.0,3250.0,3265.1,3239.8,3251.5,44601200,3576.6,2926.4,4322.95,2866.6,3259.4,70,5,3259.3,229,6,3259.2,78,5,3259.1,103,2,3259.0,71,3,3260.7,53,4,3260.8,226,2,3260.9,14,1,3261.0,91,4,3261.2,127,6
11536,2025-12-30 12:55:06+05:30,3260.7,1,3250.79,1069749,115137.0,119510.0,3250.0,3265.1,3239.8,3251.5,44601200,3576.6,2926.4,4322.95,2866.6,3259.4,70,5,3259.3,229,6,3259.2,78,5,3259.1,103,2,3259.0,71,3,3260.7,53,4,3260.8,226,2,3260.9,14,1,3261.0,91,4,3261.2,127,6
11536,2025-12-30 12:55:07+05:30,3259.4,1,3250.79,1069828,115245.0,116867.0,3250.0,3265.1,3239.8,3251.5,44601200,3576.6,2926.4,4322.95,2866.6,3259.4,63,4,3259.3,314,7,3259.2,43,4,3259.1,34,2,3259.0,141,5,3260.7,25,7,3260.8,258,4,3260.9,17,1,3261.0,38,3,3261.2,52,2
11536,2025-12-30 12:55:07+05:30,3259.4,1,3250.79,1069828,115245.0,116867.0,3250.0,3265.1,3239.8,3251.5,44601200,3576.6,2926.4,4322.95,2866.6,3259.4,63,4,3259.3,314,7,3259.2,43,4,3259.1,34,2,3259.0,141,5,3260.7,25,7,3260.8,258,4,3260.9,17,1,3261.0,38,3,3261.2,52,2
11536,2025-12-30 12:55:08+05:30,3259.4,1,3250.79,1069828,115505.0,119157.0,3250.0,3265.1,3239.8,3251.5,44601200,3576.6,2926.4,4322.95,2866.6,3259.4,64,5,3259.3,285,7,3259.2,156,6,3259.1,34,2,3259.0,141,5,3260.7,56,9,3260.8,258,4,3260.9,17,1,3261.0,38,3,3261.2,52,2
11536,2025-12-30 12:55:08+05:30,3259.4,10,3250.79,1069828,115505.0,119157.0,3250.0,3265.1,3239.8,3251.5,44601200,3576.6,2926.4,4322.95,2866.6,3259.4,64,5,3259.3,285,7,3259.2,156,6,3259.1,34,2,3259.0,141,5,3260.7,56,9,3260.8,258,4,3260.9,17,1,3261.0,38,3,3261.2,52,2
11536,2025-12-30 12:55:09+05:30,3259.5,1,3250.79,1069889,115798.0,119455.0,3250.0,3265.1,3239.8,3251.5,44601200,3576.6,2926.4,4322.95,2866.6,3259.5,35,3,3259.4,148,6,3259.3,376,8,3259.2,64,5,3259.1,60,3,3260.7,53,9,3260.8,258,4,3260.9,17,1,3261.0,38,3,3261.2,94,4
11536,2025-12-30 12:55:09+05:30,3259.5,2,3250.79,1069889,115798.0,119455.0,3250.0,3265.1,3239.8,3251.5,44601200,3576.6,2926.4,4322.95,2866.6,3259.5,35,3,3259.4,148,6,3259.3,376,8,3259.2,64,5,3259.1,60,3,3260.7,53,9,3260.8,258,4,3260.9,17,1,3261.0,38,3,3261.2,94,4
11536,2025-12-30 12:55:10+05:30,3259.5,11,3250.79,1069921,115625.0,120064.0,3250.0,3265.1,3239.8,3251.5,44601200,3576.6,2926.4,4322.95,2866.6,3259.5,4,1,3259.4,184,6,3259.3,203,5,3259.2,43,4,3259.1,129,3,3260.6,99,6,3260.7,8,7,3260.8,293,6,3260.9,39,2,3261.0,78,4
11536,2025-12-30 12:55:10+05:30,3259.5,1,3250.79,1069921,115625.0,120064.0,3250.0,3265.1,3239.8,3251.5,44601200,3576.6,2926.4,4322.95,2866.6,3259.5,4,1,3259.4,184,6,3259.3,203,5,3259.2,43,4,3259.1,129,3,3260.6,99,6,3260.7,8,7,3260.8,293,6,3260.9,39,2,3261.0,78,4
11536,2025-12-30 12:55:11+05:30,3260.0,2,3250.79,1069945,114911.0,123227.0,3250.0,3265.1,3239.8,3251.5,44601200,3576.6,2926.4,4322.95,2866.6,3259.5,1,1,3259.4,123,5,3259.3,69,2,3259.2,4,2,3259.1,26,1,3260.0,1039,4,3260.2,26,2,3260.3,33,1,3260.4,48,3,3260.5,92,1
11536,2025-12-30 12:55:11+05:30,3260.0,56,3250.79,1069945,114911.0,123227.0,3250.0,3265.1,3239.8,3251.5,44601200,3576.6,2926.4,4322.95,2866.6,3259.5,1,1,3259.4,123,5,3259.3,69,2,3259.2,4,2,3259.1,26,1,3260.0,1039,4,3260.2,26,2,3260.3,33,1,3260.4,48,3,3260.5,92,1
11536,2025-12-30 12:55:12+05:30,3259.5,2,3250.79,1070590,114879.0,121812.0,3250.0,3265.1,3239.8,3251.5,44601200,3576.6,2926.4,4322.95,2866.6,3259.4,72,5,3259.3,69,2,3259.2,7,3,3259.0,57,2,3258.9,1,1,3259.5,1,1,3260.0,401,5,3260.1,9,1,3260.3,42,2,3260.4,13,1
11536,2025-12-30 12:55:12+05:30,3260.0,205,3250.79,1070590,114879.0,121812.0,3250.0,3265.1,3239.8,3251.5,44601200,3576.6,2926.4,4322.95,2866.6,3259.4,72,5,3259.3,69,2,3259.2,7,3,3259.0,57,2,3258.9,1,1,3259.5,1,1,3260.0,401,5,3260.1,9,1,3260.3,42,2,3260.4,13,1
11536,2025-12-30 12:55:13+05:30,3259.4,2,3250.8,1070810,114804.0,121818.0,3250.0,3265.1,3239.8,3251.5,44601200,3576.6,2926.4,4322.95,2866.6,3259.4,69,4,3259.3,69,2,3259.2,4,2,3259.0,57,2,3258.9,1,1,3259.5,7,4,3259.8,28,1,3260.0,236,7,3260.4,30,2,3260.5,17,1
11536,2025-12-30 12:55:13+05:30,3259.4,20,3250.8,1070810,114804.0,121818.0,3250.0,3265.1,3239.8,3251.5,44601200,3576.6,2926.4,4322.95,2866.6,3259.4,69,4,3259.3,69,2,3259.2,4,2,3259.0,57,2,3258.9,1,1,3259.5,7,4,3259.8,28,1,3260.0,236,7,3260.4,30,2,3260.5,17,1
11536,2025-12-30 12:55:14+05:30,3259.4,8,3250.8,1070939,114616.0,122230.0,3250.0,3265.1,3239.8,3251.5,44601200,3576.6,2926.4,4322.95,2866.6,3259.3,69,2,3259.2,4,2,3259.0,9,1,3258.9,1,1,3258.6,34,3,3259.4,17,4,3259.5,8,5,3259.8,28,1,3259.9,33,1,3260.0,203,5
11536,2025-12-30 12:55:14+05:30,3259.3,29,3250.8,1070939,114616.0,122230.0,3250.0,3265.1,3239.8,3251.5,44601200,3576.6,2926.4,4322.95,2866.6,3259.3,69,2,3259.2,4,2,3259.0,9,1,3258.9,1,1,3258.6,34,3,3259.4,17,4,3259.5,8,5,3259.8,28,1,3259.9,33,1,3260.0,203,5
11536,2025-12-30 12:55:15+05:30,3259.0,31,3250.8,1071171,113913.0,122070.0,3250.0,3265.1,3239.8,3251.5,44601200,3576.6,2926.4,4322.95,2866.6,3259.0,9,1,3258.9,1,1,3258.7,33,2,3258.6,42,3,3258.5,235,4,3259.2,1,1,3259.4,33,7,3259.5,6,3,3259.8,28,1,3259.9,33,1
11536,2025-12-30 12:55:15+05:30,3259.0,38,3250.8,1071171,113913.0,122070.0,3250.0,3265.1,3239.8,3251.5,44601200,3576.6,2926.4,4322.95,2866.6,3259.0,9,1,3258.9,1,1,3258.7,33,2,3258.6,42,3,3258.5,235,4,3259.2,1,1,3259.4,33,7,3259.5,6,3,3259.8,28,1,3259.9,33,1
11536,2025-12-30 12:55:16+05:30,3258.9,33,3250.8,1071278,114947.0,122714.0,3250.0,3265.1,3239.8,3251.5,44601200,3576.6,2926.4,4322.95,2866.6,3258.9,54,1,3258.7,3,1,3258.6,64,4,3258.5,124,6,3258.4,182,5,3259.0,18,4,3259.2,4,3,3259.4,10,4,3259.5,1,1,3259.6,28,1
11536,2025-12-30 12:55:16+05:30,3258.9,33,3250.8,1071278,114947.0,122714.0,3250.0,3265.1,3239.8,3251.5,44601200,3576.6,2926.4,4322.95,2866.6,3258.9,54,1,3258.7,3,1,3258.6,64,4,3258.5,124,6,3258.4,182,5,3259.0,18,4,3259.2,4,3,3259.4,10,4,3259.5,1,1,3259.6,28,1
11536,2025-12-30 12:55:17+05:30,3258.6,1,3250.8,1071399,114137.0,123219.0,3250.0,3265.1,3239.8,3251.5,44601200,3576.6,2926.4,4322.95,2866.6,3258.6,9,2,3258.5,45,3,3258.4,18,1,3258.3,38,2,3258.2,67,3,3258.7,6,3,3258.9,10,2,3259.0,21,6,3259.2,31,3,3259.4,3,1
11536,2025-12-30 12:55:17+05:30,3258.6,6,3250.8,1071399,114137.0,123219.0,3250.0,3265.1,3239.8,3251.5,44601200,3576.6,2926.4,4322.95,2866.6,3258.6,9,2,3258.5,45,3,3258.4,18,1,3258.3,38,2,3258.2,67,3,3258.7,6,3,3258.9,10,2,3259.0,21,6,3259.2,31,3,3259.4,3,1
11536,2025-12-30 12:55:18+05:30,3258.7,1,3250.8,1071478,113905.0,122077.0,3250.0,3265.1,3239.8,3251.5,44601200,3576.6,2926.4,4322.95,2866.6,3258.5,7,2,3258.3,67,3,3258.2,5,1,3258.1,146,3,3258.0,276,11,3258.7,13,10,3258.9,10,2,3259.0,4,3,3259.2,29,2,3259.4,33,1
11536,2025-12-30 12:55:18+05:30,3258.6,1,3250.8,1071478,113905.0,122077.0,3250.0,3265.1,3239.8,3251.5,44601200,3576.6,2926.4,4322.95,2866.6,3258.5,7,2,3258.3,67,3,3258.2,5,1,3258.1,146,3,3258.0,276,11,3258.7,13,10,3258.9,10,2,3259.0,4,3,3259.2,29,2,3259.4,33,1
11536,2025-12-30 12:55:19+05:30,3258.6,1,3250.8,1071583,114225.0,122930.0,3250.0,3265.1,3239.8,3251.5,44601200,3576.6,2926.4,4322.95,2866.6,3258.5,11,1,3258.3,73,3,3258.2,243,4,3258.1,82,3,3258.0,273,10,3258.6,6,4,3258.7,12,9,3259.0,1,1,3259.6,28,1,3259.9,2,1
11536,2025-12-30 12:55:19+05:30,3258.6,1,3250.8,1071583,114225.0,122930.0,3250.0,3265.1,3239.8,3251.5,44601200,3576.6,2926.4,4322.95,2866.6,3258.5,11,1,3258.3,73,3,3258.2,243,4,3258.1,82,3,3258.0,273,10,3258.6,6,4,3258.7,12,9,3259.0,1,1,3259.6,28,1,3259.9,2,1
11536,2025-12-30 12:55:20+05:30,3258.5,5,3250.8,1071674,114291.0,122808.0,3250.0,3265.1,3239.8,3251.5,44601200,3576.6,2926.4,4322.95,2866.6,3258.5,61,6,3258.4,171,4,3258.3,29,2,3258.2,266,8,3258.1,66,3,3258.7,6,5,3260.0,185,2,3260.2,40,2,3260.3,76,2,3260.4,82,4
11536,2025-12-30 12:55:20+05:30,3258.5,5,3250.8,1071674,114291.0,122808.0,3250.0,3265.1,3239.8,3251.5,44601200,3576.6,2926.4,4322.95,2866.6,3258.5,61,6,3258.4,171,4,3258.3,29,2,3258.2,266,8,3258.1,66,3,3258.7,6,5,3260.0,185,2,3260.2,40,2,3260.3,76,2,3260.4,82,4
11536,2025-12-30 12:55:21+05:30,3258.5,5,3250.8,1071690,114281.0,123334.0,3250.0,3265.1,3239.8,3251.5,44601200,3576.6,2926.4,4322.95,2866.6,3258.5,56,5,3258.4,159,4,3258.3,29,2,3258.2,266,8,3258.1,66,3,3258.7,7,6,3260.0,185,2,3260.2,40,2,3260.3,76,2,3260.4,82,4
11536,2025-12-30 12:55:21+05:30,3258.5,5,3250.8,1071690,114281.0,123334.0,3250.0,3265.1,3239.8,3251.5,44601200,3576.6,2926.4,4322.95,2866.6,3258.5,56,5,3258.4,159,4,3258.3,29,2,3258.2,266,8,3258.1,66,3,3258.7,7,6,3260.0,185,2,3260.2,40,2,3260.3,76,2,3260.4,82,4
11536,2025-12-30 12:55:22+05:30,3258.5,7,3250.8,1071709,114300.0,123336.0,3250.0,3265.1,3239.8,3251.5,44601200,3576.6,2926.4,4322.95,2866.6,3258.5,57,5,3258.4,99,2,3258.3,29,2,3258.2,293,9,3258.1,98,4,3258.7,9,9,3260.0,185,2,3260.2,40,2,3260.3,76,2,3260.4,82,4
11536,2025-12-30 12:55:22+05:30,3258.5,2,3250.8,1071709,114300.0,123336.0,3250.0,3265.1,3239.8,3251.5,44601200,3576.6,2926.4,4322.95,2866.6,3258.5,57,5,3258.4,99,2,3258.3,29,2,3258.2,293,9,3258.1,98,4,3258.7,9,9,3260.0,185,2,3260.2,40,2,3260.3,76,2,3260.4,82,4
11536,2025-12-30 12:55:23+05:30,3258.7,1,3250.8,1071752,114468.0,123087.0,3250.0,3265.1,3239.8,3251.5,44601200,3576.6,2926.4,4322.95,2866.6,3258.4,129,3,3258.3,37,2,3258.2,368,9,3258.1,94,5,3258.0,273,10,3258.7,6,5,3260.0,185,2,3260.1,13,1,3260.2,40,2,3260.3,79,3
11536,2025-12-30 12:55:23+05:30,3258.7,8,3250.8,1071752,114468.0,123087.0,3250.0,3265.1,3239.8,3251.5,44601200,3576.6,2926.4,4322.95,2866.6,3258.4,129,3,3258.3,37,2,3258.2,368,9,3258.1,94,5,3258.0,273,10,3258.7,6,5,3260.0,185,2,3260.1,13,1,3260.2,40,2,3260.3,79,3
11536,2025-12-30 12:55:24+05:30,3258.7,1,3250.8,1071803,114941.0,121976.0,3250.0,3265.1,3239.8,3251.5,44601200,3576.6,2926.4,4322.95,2866.6,3258.7,122,2,3258.6,21,1,3258.5,106,2,3258.4,185,10,3258.3,413,4,3259.8,65,3,3259.9,17,1,3260.0,178,2,3260.2,17,1,3260.3,72,3
11536,2025-12-30 12:55:24+05:30,3258.7,2,3250.8,1071803,114941.0,121976.0,3250.0,3265.1,3239.8,3251.5,44601200,3576.6,2926.4,4322.95,2866.6,3258.7,122,2,3258.6,21,1,3258.5,106,2,3258.4,185,10,3258.3,413,4,3259.8,65,3,3259.9,17,1,3260.0,178,2,3260.2,17,1,3260.3,72,3
11536,2025-12-30 12:55:25+05:30,3259.8,1,3250.8,1071806,115177.0,122150.0,3250.0,3265.1,3239.8,3251.5,44601200,3576.6,2926.4,4322.95,2866.6,3258.6,237,6,3258.5,21,2,3258.4,161,8,3258.3,174,5,3258.2,613,9,3259.8,68,7,3259.9,17,1,3260.0,178,2,3260.2,17,1,3260.3,72,3
11536,2025-12-30 12:55:25+05:30,3259.8,1,3250.8,1071806,115177.0,122150.0,3250.0,3265.1,3239.8,3251.5,44601200,3576.6,2926.4,4322.95,2866.6,3258.6,237,6,3258.5,21,2,3258.4,161,8,3258.3,174,5,3258.2,613,9,3259.8,68,7,3259.9,17,1,3260.0,178,2,3260.2,17,1,3260.3,72,3
11536,2025-12-30 12:55:26+05:30,3258.6,3,3250.8,1071810,115142.0,121993.0,3250.0,3265.1,3239.8,3251.5,44601200,3576.6,2926.4,4322.95,2866.6,3258.6,61,2,3258.5,67,1,3258.4,116,6,3258.3,29,2,3258.2,285,9,3259.0,101,2,3259.7,27,1,3259.8,40,6,3259.9,30,2,3260.0,226,3
11536,2025-12-30 12:55:26+05:30,3258.6,10,3250.8,1071810,115142.0,121993.0,3250.0,3265.1,3239.8,3251.5,44601200,3576.6,2926.4,4322.95,2866.6,3258.6,61,2,3258.5,67,1,3258.4,116,6,3258.3,29,2,3258.2,285,9,3259.0,101,2,3259.7,27,1,3259.8,40,6,3259.9,30,2,3260.0,226,3
11536,2025-12-30 12:55:27+05:30,3258.6,27,3250.8,1071898,114934.0,123489.0,3250.0,3265.1,3239.8,3251.5,44601200,3576.6,2926.4,4322.95,2866.6,3258.6,19,1,3258.5,67,1,3258.4,72,4,3258.3,10,1,3258.2,187,8,3259.0,107,5,3259.5,27,1,3259.6,32,1,3259.8,8,3,3259.9,30,2
11536,2025-12-30 12:55:27+05:30,3258.6,2,3250.8,1071898,114934.0,123489.0,3250.0,3265.1,3239.8,3251.5,44601200,3576.6,2926.4,4322.95,2866.6,3258.6,19,1,3258.5,67,1,3258.4,72,4,3258.3,10,1,3258.2,187,8,3259.0,107,5,3259.5,27,1,3259.6,32,1,3259.8,8,3,3259.9,30,2
11536,2025-12-30 12:55:28+05:30,3258.6,1,3250.8,1071910,114929.0,123402.0,3250.0,3265.1,3239.8,3251.5,44601200,3576.6,2926.4,4322.95,2866.6,3258.6,8,2,3258.5,67,1,3258.4,24,3,3258.3,10,1,3258.2,73,4,3259.0,108,6,3259.3,27,1,3259.4,32,1,3259.6,17,1,3259.8,54,2
11536,2025-12-30 12:55:28+05:30,3258.5,3,3250.8,1071910,114929.0,123402.0,3250.0,3265.1,3239.8,3251.5,44601200,3576.6,2926.4,4322.95,2866.6,3258.6,8,2,3258.5,67,1,3258.4,24,3,3258.3,10,1,3258.2,73,4,3259.0,108,6,3259.3,27,1,3259.4,32,1,3259.6,17,1,3259.8,54,2
11536,2025-12-30 12:55:29+05:30,3258.5,24,3250.81,1072063,114175.0,123525.0,3250.0,3265.1,3239.8,3251.5,44601200,3576.6,2926.4,4322.95,2866.6,3258.5,44,2,3258.4,4,2,3258.3,10,1,3258.2,5,1,3258.1,73,4,3258.6,298,4,3258.9,27,1,3259.0,88,5,3259.2,32,1,3259.6,17,1
11536,2025-12-30 12:55:29+05:30,3258.5,2,3250.81,1072063,114175.0,123525.0,3250.0,3265.1,3239.8,3251.5,44601200,3576.6,2926.4,4322.95,2866.6,3258.5,44,2,3258.4,4,2,3258.3,10,1,3258.2,5,1,3258.1,73,4,3258.6,298,4,3258.9,27,1,3259.0,88,5,3259.2,32,1,3259.6,17,1
11536,2025-12-30 12:55:30+05:30,3258.4,7,3250.81,1072097,114143.0,123451.0,3250.0,3265.1,3239.8,3251.5,44601200,3576.6,2926.4,4322.95,2866.6,3258.4,3,1,3258.3,10,1,3258.2,34,2,3258.1,73,4,3258.0,156,6,3258.6,284,8,3258.9,27,1,3259.0,85,3,3259.2,32,1,3259.6,17,1
11536,2025-12-30 12:55:30+05:30,3258.4,14,3250.81,1072097,114143.0,123451.0,3250.0,3265.1,3239.8,3251.5,44601200,3576.6,2926.4,4322.95,2866.6,3258.4,3,1,3258.3,10,1,3258.2,34,2,3258.1,73,4,3258.0,156,6,3258.6,284,8,3258.9,27,1,3259.0,85,3,3259.2,32,1,3259.6,17,1
11536,2025-12-30 12:55:31+05:30,3258.3,2,3250.81,1072120,113913.0,123049.0,3250.0,3265.1,3239.8,3251.5,44601200,3576.6,2926.4,4322.95,2866.6,3258.3,12,2,3258.2,5,1,3258.1,45,3,3258.0,54,5,3257.9,10,1,3258.4,5,2,3258.6,281,8,3258.9,27,1,3259.0,83,1,3259.1,32,1
11536,2025-12-30 12:55:31+05:30,3258.3,1,3250.81,1072120,113913.0,123049.0,3250.0,3265.1,3239.8,3251.5,44601200,3576.6,2926.4,4322.95,2866.6,3258.3,12,2,3258.2,5,1,3258.1,45,3,3258.0,54,5,3257.9,10,1,3258.4,5,2,3258.6,281,8,3258.9,27,1,3259.0,83,1,3259.1,32,1
11536,2025-12-30 12:55:32+05:30,3258.3,5,3250.81,1072172,114099.0,123232.0,3250.0,3265.1,3239.8,3251.5,44601200,3576.6,2926.4,4322.95,2866.6,3258.3,21,3,3258.2,17,2,3258.1,76,4,3258.0,54,5,3257.9,38,2,3258.4,7,5,3258.6,276,4,3259.0,115,2,3259.4,27,1,3259.5,48,1
11536,2025-12-30 12:55:32+05:30,3258.3,3,3250.81,1072172,114099.0,123232.0,3250.0,3265.1,3239.8,3251.5,44601200,3576.6,2926.4,4322.95,2866.6,3258.3,21,3,3258.2,17,2,3258.1,76,4,3258.0,54,5,3257.9,38,2,3258.4,7,5,3258.6,276,4,3259.0,115,2,3259.4,27,1,3259.5,48,1
11536,2025-12-30 12:55:33+05:30,3258.4,1,3250.81,1072204,114309.0,122798.0,3250.0,3265.1,3239.8,3251.5,44601200,3576.6,2926.4,4322.95,2866.6,3258.3,31,4,3258.2,115,3,3258.1,82,5,3258.0,83,6,3257.9,37,2,3258.4,4,4,3258.6,274,2,3259.0,83,1,3259.4,17,1,3259.5,75,2
11536,2025-12-30 12:55:33+05:30,3258.3,2,3250.81,1072204,114309.0,122798.0,3250.0,3265.1,3239.8,3251.5,44601200,3576.6,2926.4,4322.95,2866.6,3258.3,31,4,3258.2,115,3,3258.1,82,5,3258.0,83,6,3257.9,37,2,3258.4,4,4,3258.6,274,2,3259.0,83,1,3259.4,17,1,3259.5,75,2
11536,2025-12-30 12:55:34+05:30,3258.3,2,3250.81,1072220,114206.0,122974.0,3250.0,3265.1,3239.8,3251.5,44601200,3576.6,2926.4,4322.95,2866.6,3258.3,15,3,3258.2,146,4,3258.1,82,5,3258.0,83,6,3257.9,22,2,3258.4,4,4,3258.6,273,1,3259.0,83,1,3259.4,17,1,3259.5,75,2
11536,2025-12-30 12:55:34+05:30,3258.3,3,3250.81,1072220,114206.0,122974.0,3250.0,3265.1,3239.8,3251.5,44601200,3576.6,2926.4,4322.95,2866.6,3258.3,15,3,3258.2,146,4,3258.1,82,5,3258.0,83,6,3257.9,22,2,3258.4,4,4,3258.6,273,1,3259.0,83,1,3259.4,17,1,3259.5,75,2
11536,2025-12-30 12:55:35+05:30,3258.4,1,3250.81,1072225,114226.0,122914.0,3250.0,3265.1,3239.8,3251.5,44601200,3576.6,2926.4,4322.95,2866.6,3258.3,23,3,3258.2,146,4,3258.1,82,5,3258.0,83,6,3257.9,22,2,3258.4,6,6,3258.6,273,1,3259.0,83,1,3259.5,75,2,3259.6,43,3
11536,2025-12-30 12:55:35+05:30,3258.3,1,3250.81,1072225,114226.0,122914.0,3250.0,3265.1,3239.8,3251.5,44601200,3576.6,2926.4,4322.95,2866.6,3258.3,23,3,3258.2,146,4,3258.1,82,5,3258.0,83,6,3257.9,22,2,3258.4,6,6,3258.6,273,1,3259.0,83,1,3259.5,75,2,3259.6,43,3
11536,2025-12-30 12:55:36+05:30,3258.3,1,3250.81,1072246,113883.0,123258.0,3250.0,3265.1,3239.8,3251.5,44601200,3576.6,2926.4,4322.95,2866.6,3258.3,18,4,3258.2,48,3,3258.1,82,5,3258.0,83,6,3257.9,22,2,3258.4,5,5,3258.6,273,1,3259.0,83,1,3259.5,75,2,3259.6,43,3
11536,2025-12-30 12:55:36+05:30,3258.3,3,3250.81,1072246,113883.0,123258.0,3250.0,3265.1,3239.8,3251.5,44601200,3576.6,2926.4,4322.95,2866.6,3258.3,18,4,3258.2,48,3,3258.1,82,5,3258.0,83,6,3257.9,22,2,3258.4,5,5,3258.6,273,1,3259.0,83,1,3259.5,75,2,3259.6,43,3
11536,2025-12-30 12:55:37+05:30,3258.3,5,3250.81,1072332,113703.0,123120.0,3250.0,3265.1,3239.8,3251.5,44601200,3576.6,2926.4,4322.95,2866.6,3258.3,11,2,3258.2,48,3,3258.1,82,5,3258.0,62,4,3257.9,10,1,3258.4,10,7,3258.6,273,1,3258.9,27,1,3259.0,115,2,3259.5,48,1
11536,2025-12-30 12:55:37+05:30,3258.3,2,3250.81,1072332,113703.0,123120.0,3250.0,3265.1,3239.8,3251.5,44601200,3576.6,2926.4,4322.95,2866.6,3258.3,11,2,3258.2,48,3,3258.1,82,5,3258.0,62,4,3257.9,10,1,3258.4,10,7,3258.6,273,1,3258.9,27,1,3259.0,115,2,3259.5,48,1
11536,2025-12-30 12:55:38+05:30,3258.3,2,3250.81,1072335,113499.0,123124.0,3250.0,3265.1,3239.8,3251.5,44601200,3576.6,2926.4,4322.95,2866.6,3258.3,9,3,3258.2,17,2,3258.1,55,4,3258.0,40,3,3257.9,36,2,3258.4,9,6,3258.6,273,1,3258.9,27,1,3259.0,115,2,3259.4,20,1
11536,2025-12-30 12:55:38+05:30,3258.3,2,3250.81,1072335,113499.0,123124.0,3250.0,3265.1,3239.8,3251.5,44601200,3576.6,2926.4,4322.95,2866.6,3258.3,9,3,3258.2,17,2,3258.1,55,4,3258.0,40,3,3257.9,36,2,3258.4,9,6,3258.6,273,1,3258.9,27,1,3259.0,115,2,3259.4,20,1
11536,2025-12-30 12:55:39+05:30,3258.3,6,3250.81,1072365,113555.0,123282.0,3250.0,3265.1,3239.8,3251.5,44601200,3576.6,2926.4,4322.95,2866.6,3258.3,11,3,3258.2,48,3,3258.1,81,5,3258.0,40,3,3257.9,10,1,3258.4,9,8,3258.6,273,1,3259.0,115,2,3259.2,27,1,3259.3,48,1
11536,2025-12-30 12:55:39+05:30,3258.3,4,3250.81,1072365,113555.0,123282.0,3250.0,3265.1,3239.8,3251.5,44601200,3576.6,2926.4,4322.95,2866.6,3258.3,11,3,3258.2,48,3,3258.1,81,5,3258.0,40,3,3257.9,10,1,3258.4,9,8,3258.6,273,1,3259.0,115,2,3259.2,27,1,3259.3,48,1
11536,2025-12-30 12:55:40+05:30,3258.3,1,3250.81,1072383,113322.0,123283.0,3250.0,3265.1,3239.8,3251.5,44601200,3576.6,2926.4,4322.95,2866.6,3258.2,52,4,3258.1,81,5,3258.0,40,3,3257.9,10,1,3257.8,108,4,3258.4,9,9,3258.6,273,1,3258.9,27,1,3259.0,115,2,3259.3,48,1
11536,2025-12-30 12:55:40+05:30,3258.3,9,3250.81,1072383,113322.0,123283.0,3250.0,3265.1,3239.8,3251.5,44601200,3576.6,2926.4,4322.95,2866.6,3258.2,52,4,3258.1,81,5,3258.0,40,3,3257.9,10,1,3257.8,108,4,3258.4,9,9,3258.6,273,1,3258.9,27,1,3259.0,115,2,3259.3,48,1
11536,2025-12-30 12:55:41+05:30,3258.4,1,3250.81,1072395,113904.0,122570.0,3250.0,3265.1,3239.8,3251.5,44601200,3576.6,2926.4,4322.95,2866.6,3258.3,29,4,3258.2,35,4,3258.1,116,6,3258.0,105,5,3257.9,72,4,3258.4,9,9,3258.6,273,1,3259.0,83,1,3259.6,29,2,3259.7,22,1
11536,2025-12-30 12:55:41+05:30,3258.3,1,3250.81,1072395,113904.0,122570.0,3250.0,3265.1,3239.8,3251.5,44601200,3576.6,2926.4,4322.95,2866.6,3258.3,29,4,3258.2,35,4,3258.1,116,6,3258.0,105,5,3257.9,72,4,3258.4,9,9,3258.6,273,1,3259.0,83,1,3259.6,29,2,3259.7,22,1
11536,2025-12-30 12:55:42+05:30,3258.3,1,3250.81,1072433,113947.0,122565.0,3250.0,3265.1,3239.8,3251.5,44601200,3576.6,2926.4,4322.95,2866.6,3258.3,28,5,3258.2,60,5,3258.1,109,5,3258.0,132,6,3257.9,45,3,3258.4,8,8,3258.6,273,1,3259.0,83,1,3259.6,29,2,3259.7,22,1
11536,2025-12-30 12:55:42+05:30,3258.4,1,3250.81,1072433,113947.0,122565.0,3250.0,3265.1,3239.8,3251.5,44601200,3576.6,2926.4,4322.95,2866.6,3258.3,28,5,3258.2,60,5,3258.1,109,5,3258.0,132,6,3257.9,45,3,3258.4,8,8,3258.6,273,1,3259.0,83,1,3259.6,29,2,3259.7,22,1
11536,2025-12-30 12:55:43+05:30,3258.4,1,3250.81,1072467,114140.0,121828.0,3250.0,3265.1,3239.8,3251.5,44601200,3576.6,2926.4,4322.95,2866.6,3258.3,93,11,3258.2,151,6,3258.1,137,7,3258.0,146,7,3257.9,137,4,3258.6,273,1,3259.0,83,1,3259.8,54,2,3259.9,40,2,3260.0,248,4
11536,2025-12-30 12:55:43+05:30,3258.6,1,3250.81,1072467,114140.0,121828.0,3250.0,3265.1,3239.8,3251.5,44601200,3576.6,2926.4,4322.95,2866.6,3258.3,93,11,3258.2,151,6,3258.1,137,7,3258.0,146,7,3257.9,137,4,3258.6,273,1,3259.0,83,1,3259.8,54,2,3259.9,40,2,3260.0,248,4
11536,2025-12-30 12:55:44+05:30,3258.6,1,3250.82,1073547,114796.0,122359.0,3250.0,3265.1,3239.8,3251.5,44601200,3576.6,2926.4,4322.95,2866.6,3258.5,4,1,3258.4,47,4,3258.3,69,2,3258.2,278,8,3258.1,161,7,3258.6,402,3,3259.0,83,1,3259.8,6,1,3259.9,40,2,3260.0,318,4
11536,2025-12-30 12:55:44+05:30,3258.6,9,3250.82,1073547,114796.0,122359.0,3250.0,3265.1,3239.8,3251.5,44601200,3576.6,2926.4,4322.95,2866.6,3258.5,4,1,3258.4,47,4,3258.3,69,2,3258.2,278,8,3258.1,161,7,3258.6,402,3,3259.0,83,1,3259.8,6,1,3259.9,40,2,3260.0,318,4
11536,2025-12-30 12:55:45+05:30,3258.6,9,3250.83,1074840,115055.0,121677.0,3250.0,3265.1,3239.8,3251.5,44601200,3576.6,2926.4,4322.95,2866.6,3258.6,17,3,3258.5,43,3,3258.4,206,7,3258.3,124,5,3258.2,303,10,3259.0,142,3,3260.0,165,1,3260.2,38,2,3260.4,58,3,3260.5,126,3
11536,2025-12-30 12:55:45+05:30,3258.6,2,3250.83,1074840,115055.0,121677.0,3250.0,3265.1,3239.8,3251.5,44601200,3576.6,2926.4,4322.95,2866.6,3258.6,17,3,3258.5,43,3,3258.4,206,7,3258.3,124,5,3258.2,303,10,3259.0,142,3,3260.0,165,1,3260.2,38,2,3260.4,58,3,3260.5,126,3
11536,2025-12-30 12:55:45+05:30,3258.6,2,3250.83,1074843,115323.0,121758.0,3250.0,3265.1,3239.8,3251.5,44601200,3576.6,2926.4,4322.95,2866.6,3258.6,224,3,3258.5,34,2,3258.4,206,7,3258.3,155,6,3258.2,214,10,3259.0,156,5,3260.0,165,1,3260.2,38,2,3260.4,106,4,3260.5,126,3
11536,2025-12-30 12:55:46+05:30,3258.6,1,3250.83,1074843,115323.0,121758.0,3250.0,3265.1,3239.8,3251.5,44601200,3576.6,2926.4,4322.95,2866.6,3258.6,224,3,3258.5,34,2,3258.4,206,7,3258.3,155,6,3258.2,214,10,3259.0,156,5,3260.0,165,1,3260.2,38,2,3260.4,106,4,3260.5,126,3
11536,2025-12-30 12:55:46+05:30,3258.6,4,3250.83,1075301,114739.0,121524.0,3250.0,3265.1,3239.8,3251.5,44601200,3576.6,2926.4,4322.95,2866.6,3258.5,4,1,3258.4,124,6,3258.3,117,4,3258.2,214,10,3258.1,261,8,3258.6,4,1,3259.0,112,7,3259.9,28,2,3260.0,165,1,3260.2,38,2
11536,2025-12-30 12:55:47+05:30,3258.4,18,3250.83,1075649,114686.0,121777.0,3250.0,3265.1,3239.8,3251.5,44601200,3576.6,2926.4,4322.95,2866.6,3258.4,24,4,3258.3,81,5,3258.2,312,10,3258.1,126,6,3258.0,168,8,3258.6,27,4,3259.0,107,5,3259.9,14,1,3260.0,165,1,3260.2,59,3
11536,2025-12-30 12:55:47+05:30,3258.4,18,3250.83,1075649,114686.0,121777.0,3250.0,3265.1,3239.8,3251.5,44601200,3576.6,2926.4,4322.95,2866.6,3258.4,24,4,3258.3,81,5,3258.2,312,10,3258.1,126,6,3258.0,168,8,3258.6,27,4,3259.0,107,5,3259.9,14,1,3260.0,165,1,3260.2,59,3
11536,2025-12-30 12:55:48+05:30,3258.4,2,3250.83,1075651,114023.0,121777.0,3250.0,3265.1,3239.8,3251.5,44601200,3576.6,2926.4,4322.95,2866.6,3258.4,87,6,3258.3,33,2,3258.2,211,8,3258.1,230,8,3258.0,168,8,3258.6,40,7,3259.0,106,4,3259.9,14,1,3260.0,165,1,3260.2,85,4
11536,2025-12-30 12:55:48+05:30,3258.4,2,3250.83,1075651,114023.0,121777.0,3250.0,3265.1,3239.8,3251.5,44601200,3576.6,2926.4,4322.95,2866.6,3258.4,87,6,3258.3,33,2,3258.2,211,8,3258.1,230,8,3258.0,168,8,3258.6,40,7,3259.0,106,4,3259.9,14,1,3260.0,165,1,3260.2,85,4
11536,2025-12-30 12:55:49+05:30,3258.4,10,3250.83,1075651,114023.0,121777.0,3250.0,3265.1,3239.8,3251.5,44601200,3576.6,2926.4,4322.95,2866.6,3258.4,87,6,3258.3,33,2,3258.2,211,8,3258.1,230,8,3258.0,168,8,3258.6,40,7,3259.0,106,4,3259.9,14,1,3260.0,165,1,3260.2,85,4
11536,2025-12-30 12:55:49+05:30,3258.4,10,3250.83,1075808,114363.0,121928.0,3250.0,3265.1,3239.8,3251.5,44601200,3576.6,2926.4,4322.95,2866.6,3258.4,37,1,3258.3,63,3,3258.2,69,5,3258.1,219,8,3258.0,147,7,3258.6,40,8,3259.0,104,2,3259.8,14,1,3260.0,200,3,3260.2,85,4
11536,2025-12-30 12:55:50+05:30,3258.3,16,3250.83,1075808,114363.0,121928.0,3250.0,3265.1,3239.8,3251.5,44601200,3576.6,2926.4,4322.95,2866.6,3258.3,60,3,3258.2,48,4,3258.1,91,6,3258.0,78,5,3257.9,25,3,3258.4,10,4,3258.6,30,7,3259.0,104,2,3259.7,27,1,3259.8,90,3
11536,2025-12-30 12:55:50+05:30,3258.3,16,3250.83,1075870,113941.0,122532.0,3250.0,3265.1,3239.8,3251.5,44601200,3576.6,2926.4,4322.95,2866.6,3258.3,60,3,3258.2,48,4,3258.1,91,6,3258.0,78,5,3257.9,25,3,3258.4,10,4,3258.6,30,7,3259.0,104,2,3259.7,27,1,3259.8,90,3
11536,2025-12-30 12:55:51+05:30,3259.0,3,3250.83,1075870,113941.0,122532.0,3250.0,3265.1,3239.8,3251.5,44601200,3576.6,2926.4,4322.95,2866.6,3258.3,60,3,3258.2,48,4,3258.1,91,6,3258.0,78,5,3257.9,25,3,3258.4,10,4,3258.6,30,7,3259.0,104,2,3259.7,27,1,3259.8,90,3
11536,2025-12-30 12:55:51+05:30,3259.0,3,3250.83,1076092,114786.0,120139.0,3250.0,3265.1,3239.8,3251.5,44601200,3576.6,2926.4,4322.95,2866.6,3258.6,127,2,3258.5,112,2,3258.4,144,4,3258.3,150,4,3258.2,105,6,3259.0,109,4,3259.7,27,1,3260.0,182,2,3260.1,48,1,3260.2,41,2
11536,2025-12-30 12:55:52+05:30,3258.6,1,3250.83,1076092,114786.0,120139.0,3250.0,3265.1,3239.8,3251.5,44601200,3576.6,2926.4,4322.95,2866.6,3258.6,127,2,3258.5,112,2,3258.4,144,4,3258.3,150,4,3258.2,105,6,3259.0,109,4,3259.7,27,1,3260.0,182,2,3260.1,48,1,3260.2,41,2
11536,2025-12-30 12:55:52+05:30,3258.6,1,3250.84,1076168,115034.0,119937.0,3250.0,3265.1,3239.8,3251.5,44601200,3576.6,2926.4,4322.95,2866.6,3258.6,127,3,3258.5,112,2,3258.4,256,6,3258.3,110,5,3258.2,140,8,3259.0,41,7,3259.7,27,1,3260.0,182,2,3260.2,89,3,3260.4,113,4
11536,2025-12-30 12:55:53+05:30,3259.0,1,3250.84,1076297,115600.0,120126.0,3250.0,3265.1,3239.8,3251.5,44601200,3576.6,2926.4,4322.95,2866.6,3259.0,80,1,3258.8,20,1,3258.7,183,3,3258.6,113,4,3258.5,247,4,3259.9,86,4,3260.0,176,2,3260.2,108,4,3260.3,20,1,3260.4,113,4
11536,2025-12-30 12:55:53+05:30,3259.0,1,3250.84,1076297,115600.0,120126.0,3250.0,3265.1,3239.8,3251.5,44601200,3576.6,2926.4,4322.95,2866.6,3259.0,80,1,3258.8,20,1,3258.7,183,3,3258.6,113,4,3258.5,247,4,3259.9,86,4,3260.0,176,2,3260.2,108,4,3260.3,20,1,3260.4,113,4
11536,2025-12-30 12:55:54+05:30,3259.0,3,3250.84,1076347,115615.0,120083.0,3250.0,3265.1,3239.8,3251.5,44601200,3576.6,2926.4,4322.95,2866.6,3259.0,90,3,3258.8,20,1,3258.7,183,3,3258.6,235,7,3258.5,155,3,3259.9,43,4,3260.0,176,2,3260.2,108,4,3260.3,20,1,3260.4,113,4
11536,2025-12-30 12:55:54+05:30,3259.0,3,3250.84,1076347,115615.0,120083.0,3250.0,3265.1,3239.8,3251.5,44601200,3576.6,2926.4,4322.95,2866.6,3259.0,90,3,3258.8,20,1,3258.7,183,3,3258.6,235,7,3258.5,155,3,3259.9,43,4,3260.0,176,2,3260.2,108,4,3260.3,20,1,3260.4,113,4
11536,2025-12-30 12:55:55+05:30,3259.9,1,3250.84,1076348,115748.0,120178.0,3250.0,3265.1,3239.8,3251.5,44601200,3576.6,2926.4,4322.95,2866.6,3259.0,90,3,3258.8,20,1,3258.7,183,3,3258.6,139,5,3258.5,247,4,3259.9,66,7,3260.0,176,2,3260.2,108,4,3260.3,20,1,3260.4,113,4
11536,2025-12-30 12:55:55+05:30,3259.0,39,3250.84,1076348,115748.0,120178.0,3250.0,3265.1,3239.8,3251.5,44601200,3576.6,2926.4,4322.95,2866.6,3259.0,90,3,3258.8,20,1,3258.7,183,3,3258.6,139,5,3258.5,247,4,3259.9,66,7,3260.0,176,2,3260.2,108,4,3260.3,20,1,3260.4,113,4
11536,2025-12-30 12:55:56+05:30,3259.0,3,3250.84,1076390,115698.0,120178.0,3250.0,3265.1,3239.8,3251.5,44601200,3576.6,2926.4,4322.95,2866.6,3259.0,48,3,3258.8,20,1,3258.7,183,3,3258.6,131,4,3258.5,247,4,3259.9,66,9,3260.0,176,2,3260.2,108,4,3260.3,20,1,3260.4,113,4
11536,2025-12-30 12:55:56+05:30,3259.0,15,3250.84,1076390,115698.0,120178.0,3250.0,3265.1,3239.8,3251.5,44601200,3576.6,2926.4,4322.95,2866.6,3259.0,48,3,3258.8,20,1,3258.7,183,3,3258.6,131,4,3258.5,247,4,3259.9,66,9,3260.0,176,2,3260.2,108,4,3260.3,20,1,3260.4,113,4
11536,2025-12-30 12:55:57+05:30,3259.0,1,3250.84,1076503,115589.0,119903.0,3250.0,3265.1,3239.8,3251.5,44601200,3576.6,2926.4,4322.95,2866.6,3259.0,8,2,3258.8,20,1,3258.7,183,3,3258.6,110,3,3258.5,43,1,3259.8,61,4,3259.9,9,8,3260.0,190,3,3260.1,20,1,3260.2,128,5
11536,2025-12-30 12:55:57+05:30,3260.0,75,3250.84,1076503,115589.0,119903.0,3250.0,3265.1,3239.8,3251.5,44601200,3576.6,2926.4,4322.95,2866.6,3259.0,8,2,3258.8,20,1,3258.7,183,3,3258.6,110,3,3258.5,43,1,3259.8,61,4,3259.9,9,8,3260.0,190,3,3260.1,20,1,3260.2,128,5
11536,2025-12-30 12:55:58+05:30,3259.8,1,3250.84,1076824,114667.0,120578.0,3250.0,3265.1,3239.8,3251.5,44601200,3576.6,2926.4,4322.95,2866.6,3259.0,51,3,3258.8,34,2,3258.7,45,3,3258.6,153,4,3258.5,54,2,3259.8,28,1,3260.0,103,3,3260.2,54,2,3260.3,54,2,3260.4,82,3
11536,2025-12-30 12:55:58+05:30,3259.8,1,3250.84,1076824,114667.0,120578.0,3250.0,3265.1,3239.8,3251.5,44601200,3576.6,2926.4,4322.95,2866.6,3259.0,51,3,3258.8,34,2,3258.7,45,3,3258.6,153,4,3258.5,54,2,3259.8,28,1,3260.0,103,3,3260.2,54,2,3260.3,54,2,3260.4,82,3
11536,2025-12-30 12:55:59+05:30,3259.8,1,3250.84,1076937,114256.0,120952.0,3250.0,3265.1,3239.8,3251.5,44601200,3576.6,2926.4,4322.95,2866.6,3259.0,51,3,3258.8,20,1,3258.7,24,3,3258.6,153,4,3258.5,135,2,3259.8,16,4,3260.0,111,3,3260.1,14,1,3260.2,58,2,3260.4,86,3
11536,2025-12-30 12:55:59+05:30,3259.8,1,3250.84,1076937,114256.0,120952.0,3250.0,3265.1,3239.8,3251.5,44601200,3576.6,2926.4,4322.95,2866.6,3259.0,51,3,3258.8,20,1,3258.7,24,3,3258.6,153,4,3258.5,135,2,3259.8,16,4,3260.0,111,3,3260.1,14,1,3260.2,58,2,3260.4,86,3
11536,2025-12-30 12:56:00+05:30,3259.0,10,3250.84,1077050,114420.0,120838.0,3250.0,3265.1,3239.8,3251.5,44601200,3576.6,2926.4,4322.95,2866.6,3259.0,28,1,3258.8,200,5,3258.7,24,3,3258.6,153,4,3258.5,135,2,3259.8,24,7,3259.9,14,1,3260.0,115,3,3260.1,17,1,3260.2,58,2
11536,2025-12-30 12:56:00+05:30,3259.0,10,3250.84,1077050,114420.0,120838.0,3250.0,3265.1,3239.8,3251.5,44601200,3576.6,2926.4,4322.95,2866.6,3259.0,28,1,3258.8,200,5,3258.7,24,3,3258.6,153,4,3258.5,135,2,3259.8,24,7,3259.9,14,1,3260.0,115,3,3260.1,17,1,3260.2,58,2
11536,2025-12-30 12:56:01+05:30,3259.0,8,3250.84,1077152,114444.0,120951.0,3250.0,3265.1,3239.8,3251.5,44601200,3576.6,2926.4,4322.95,2866.6,3259.0,208,6,3258.9,59,2,3258.8,41,2,3258.7,116,4,3258.6,88,4,3260.0,108,6,3260.2,65,3,3260.4,79,3,3260.5,29,2,3260.6,89,3
11536,2025-12-30 12:56:01+05:30,3259.0,8,3250.84,1077152,114444.0,120951.0,3250.0,3265.1,3239.8,3251.5,44601200,3576.6,2926.4,4322.95,2866.6,3259.0,208,6,3258.9,59,2,3258.8,41,2,3258.7,116,4,3258.6,88,4,3260.0,108,6,3260.2,65,3,3260.4,79,3,3260.5,29,2,3260.6,89,3
11536,2025-12-30 12:56:02+05:30,3259.9,1,3250.84,1077160,114344.0,118691.0,3250.0,3265.1,3239.8,3251.5,44601200,3576.6,2926.4,4322.95,2866.6,3259.0,89,4,3258.8,142,3,3258.7,29,4,3258.6,69,4,3258.5,67,3,3259.9,26,5,3260.0,97,5,3260.1,32,1,3260.2,81,4,3260.4,79,3
11536,2025-12-30 12:56:02+05:30,3259.9,3,3250.84,1077160,114344.0,118691.0,3250.0,3265.1,3239.8,3251.5,44601200,3576.6,2926.4,4322.95,2866.6,3259.0,89,4,3258.8,142,3,3258.7,29,4,3258.6,69,4,3258.5,67,3,3259.9,26,5,3260.0,97,5,3260.1,32,1,3260.2,81,4,3260.4,79,3
11536,2025-12-30 12:56:03+05:30,3259.0,1,3250.84,1077196,114220.0,121646.0,3250.0,3265.1,3239.8,3251.5,44601200,3576.6,2926.4,4322.95,2866.6,3259.0,29,2,3258.8,142,3,3258.7,26,3,3258.6,69,4,3258.5,44,2,3259.9,45,9,3260.0,112,5,3260.1,32,1,3260.2,81,4,3260.3,20,1
11536,2025-12-30 12:56:03+05:30,3259.0,2,3250.84,1077196,114220.0,121646.0,3250.0,3265.1,3239.8,3251.5,44601200,3576.6,2926.4,4322.95,2866.6,3259.0,29,2,3258.8,142,3,3258.7,26,3,3258.6,69,4,3258.5,44,2,3259.9,45,9,3260.0,112,5,3260.1,32,1,3260.2,81,4,3260.3,20,1
11536,2025-12-30 12:56:04+05:30,3259.0,3,3250.84,1077217,113905.0,121864.0,3250.0,3265.1,3239.8,3251.5,44601200,3576.6,2926.4,4322.95,2866.6,3259.0,17,3,3258.8,20,1,3258.7,26,3,3258.6,26,3,3258.5,1,1,3259.8,32,1,3259.9,34,10,3260.0,91,2,3260.1,21,1,3260.2,102,5
11536,2025-12-30 12:56:04+05:30,3259.0,1,3250.84,1077217,113905.0,121864.0,3250.0,3265.1,3239.8,3251.5,44601200,3576.6,2926.4,4322.95,2866.6,3259.0,17,3,3258.8,20,1,3258.7,26,3,3258.6,26,3,3258.5,1,1,3259.8,32,1,3259.9,34,10,3260.0,91,2,3260.1,21,1,3260.2,102,5
11536,2025-12-30 12:56:05+05:30,3259.0,1,3250.84,1077220,113875.0,122079.0,3250.0,3265.1,3239.8,3251.5,44601200,3576.6,2926.4,4322.95,2866.6,3259.0,15,3,3258.8,20,1,3258.7,26,3,3258.6,26,3,3258.5,1,1,3259.8,46,6,3259.9,24,7,3260.0,118,3,3260.1,21,1,3260.2,102,5
11536,2025-12-30 12:56:05+05:30,3259.0,5,3250.84,1077220,113875.0,122079.0,3250.0,3265.1,3239.8,3251.5,44601200,3576.6,2926.4,4322.95,2866.6,3259.0,15,3,3258.8,20,1,3258.7,26,3,3258.6,26,3,3258.5,1,1,3259.8,46,6,3259.9,24,7,3260.0,118,3,3260.1,21,1,3260.2,102,5
11536,2025-12-30 12:56:06+05:30,3259.0,1,3250.84,1077233,113899.0,122233.0,3250.0,3265.1,3239.8,3251.5,44601200,3576.6,2926.4,4322.95,2866.6,3259.0,41,3,3258.8,20,1,3258.7,26,3,3258.6,26,3,3258.5,1,1,3259.8,48,8,3259.9,20,3,3260.0,118,3,3260.1,21,1,3260.2,102,5
11536,2025-12-30 12:56:06+05:30,3260.0,22,3250.84,1077233,113899.0,122233.0,3250.0,3265.1,3239.8,3251.5,44601200,3576.6,2926.4,4322.95,2866.6,3259.0,41,3,3258.8,20,1,3258.7,26,3,3258.6,26,3,3258.5,1,1,3259.8,48,8,3259.9,20,3,3260.0,118,3,3260.1,21,1,3260.2,102,5
11536,2025-12-30 12:56:07+05:30,3259.0,4,3250.85,1077463,114047.0,121733.0,3250.0,3265.1,3239.8,3251.5,44601200,3576.6,2926.4,4322.95,2866.6,3259.0,13,2,3258.8,203,4,3258.7,26,3,3258.6,26,3,3258.5,1,1,3259.9,57,6,3260.0,124,3,3260.2,81,4,3260.3,9,1,3260.4,105,4
11536,2025-12-30 12:56:07+05:30,3259.0,4,3250.85,1077463,114047.0,121733.0,3250.0,3265.1,3239.8,3251.5,44601200,3576.6,2926.4,4322.95,2866.6,3259.0,13,2,3258.8,203,4,3258.7,26,3,3258.6,26,3,3258.5,1,1,3259.9,57,6,3260.0,124,3,3260.2,81,4,3260.3,9,1,3260.4,105,4
11536,2025-12-30 12:56:08+05:30,3259.0,4,3250.85,1077463,113938.0,119276.0,3250.0,3265.1,3239.8,3251.5,44601200,3576.6,2926.4,4322.95,2866.6,3259.0,14,3,3258.8,203,4,3258.7,26,3,3258.6,26,3,3258.5,93,2,3259.9,76,9,3260.0,124,3,3260.2,81,4,3260.3,9,1,3260.4,105,4
11536,2025-12-30 12:56:08+05:30,3259.0,7,3250.85,1077463,113938.0,119276.0,3250.0,3265.1,3239.8,3251.5,44601200,3576.6,2926.4,4322.95,2866.6,3259.0,14,3,3258.8,203,4,3258.7,26,3,3258.6,26,3,3258.5,93,2,3259.9,76,9,3260.0,124,3,3260.2,81,4,3260.3,9,1,3260.4,105,4
11536,2025-12-30 12:56:09+05:30,3259.0,7,3250.85,1077508,112512.0,121160.0,3250.0,3265.1,3239.8,3251.5,44601200,3576.6,2926.4,4322.95,2866.6,3259.0,3,2,3258.8,203,4,3258.7,26,3,3258.6,26,3,3258.5,93,2,3259.9,73,9,3260.0,68,1,3260.2,37,3,3260.3,9,1,3260.4,105,4
11536,2025-12-30 12:56:09+05:30,3258.7,1,3250.85,1077508,112512.0,121160.0,3250.0,3265.1,3239.8,3251.5,44601200,3576.6,2926.4,4322.95,2866.6,3259.0,3,2,3258.8,203,4,3258.7,26,3,3258.6,26,3,3258.5,93,2,3259.9,73,9,3260.0,68,1,3260.2,37,3,3260.3,9,1,3260.4,105,4
11536,2025-12-30 12:56:10+05:30,3258.7,1,3250.85,1077515,114399.0,122132.0,3250.0,3265.1,3239.8,3251.5,44601200,3576.6,2926.4,4322.95,2866.6,3258.7,25,3,3258.6,5,2,3258.5,1,1,3258.4,21,1,3258.3,5,1,3258.9,5,3,3259.0,3,1,3259.2,8,1,3259.4,51,3,3259.5,36,3
11536,2025-12-30 12:56:10+05:30,3258.7,2,3250.85,1077515,114399.0,122132.0,3250.0,3265.1,3239.8,3251.5,44601200,3576.6,2926.4,4322.95,2866.6,3258.7,25,3,3258.6,5,2,3258.5,1,1,3258.4,21,1,3258.3,5,1,3258.9,5,3,3259.0,3,1,3259.2,8,1,3259.4,51,3,3259.5,36,3
11536,2025-12-30 12:56:11+05:30,3258.7,4,3250.85,1077684,114580.0,122988.0,3250.0,3265.1,3239.8,3251.5,44601200,3576.6,2926.4,4322.95,2866.6,3258.7,22,3,3258.6,5,2,3258.5,1,1,3258.4,21,1,3258.3,172,2,3259.5,27,6,3259.6,49,2,3259.7,15,1,3259.8,82,3,3259.9,52,6
11536,2025-12-30 12:56:11+05:30,3259.5,10,3250.85,1077684,114580.0,122988.0,3250.0,3265.1,3239.8,3251.5,44601200,3576.6,2926.4,4322.95,2866.6,3258.7,22,3,3258.6,5,2,3258.5,1,1,3258.4,21,1,3258.3,172,2,3259.5,27,6,3259.6,49,2,3259.7,15,1,3259.8,82,3,3259.9,52,6
11536,2025-12-30 12:56:12+05:30,3259.5,10,3250.85,1077710,114599.0,122757.0,3250.0,3265.1,3239.8,3251.5,44601200,3576.6,2926.4,4322.95,2866.6,3258.7,16,2,3258.6,56,3,3258.5,1,1,3258.4,21,1,3258.3,8,2,3259.0,2,2,3259.3,9,1,3259.5,25,6,3259.6,43,2,3259.7,15,1
11536,2025-12-30 12:56:12+05:30,3258.7,3,3250.85,1077710,114599.0,122757.0,3250.0,3265.1,3239.8,3251.5,44601200,3576.6,2926.4,4322.95,2866.6,3258.7,16,2,3258.6,56,3,3258.5,1,1,3258.4,21,1,3258.3,8,2,3259.0,2,2,3259.3,9,1,3259.5,25,6,3259.6,43,2,3259.7,15,1
11536,2025-12-30 12:56:13+05:30,3259.0,2,3250.85,1077802,114708.0,121700.0,3250.0,3265.1,3239.8,3251.5,44601200,3576.6,2926.4,4322.95,2866.6,3258.7,50,5,3258.6,56,3,3258.5,66,4,3258.4,159,4,3258.3,102,5,3259.0,1,1,3259.5,18,3,3259.8,21,1,3259.9,5,1,3260.0,88,2
11536,2025-12-30 12:56:13+05:30,3258.8,7,3250.85,1077802,114708.0,121700.0,3250.0,3265.1,3239.8,3251.5,44601200,3576.6,2926.4,4322.95,2866.6,3258.7,50,5,3258.6,56,3,3258.5,66,4,3258.4,159,4,3258.3,102,5,3259.0,1,1,3259.5,18,3,3259.8,21,1,3259.9,5,1,3260.0,88,2
11536,2025-12-30 12:56:14+05:30,3258.8,18,3250.85,1077869,115310.0,120934.0,3250.0,3265.1,3239.8,3251.5,44601200,3576.6,2926.4,4322.95,2866.6,3258.8,22,2,3258.7,37,4,3258.6,171,6,3258.5,124,7,3258.4,41,2,3259.5,3,2,3260.0,68,1,3260.2,26,2,3260.4,47,2,3260.5,57,3
11536,2025-12-30 12:56:14+05:30,3259.5,1,3250.85,1077869,115310.0,120934.0,3250.0,3265.1,3239.8,3251.5,44601200,3576.6,2926.4,4322.95,2866.6,3258.8,22,2,3258.7,37,4,3258.6,171,6,3258.5,124,7,3258.4,41,2,3259.5,3,2,3260.0,68,1,3260.2,26,2,3260.4,47,2,3260.5,57,3
11536,2025-12-30 12:56:15+05:30,3259.5,1,3250.85,1077880,115319.0,121269.0,3250.0,3265.1,3239.8,3251.5,44601200,3576.6,2926.4,4322.95,2866.6,3258.8,66,3,3258.7,37,4,3258.6,201,7,3258.5,68,5,3258.4,65,3,3259.5,7,6,3260.0,77,2,3260.2,10,1,3260.4,47,2,3260.5,28,1
11536,2025-12-30 12:56:15+05:30,3259.5,1,3250.85,1077880,115319.0,121269.0,3250.0,3265.1,3239.8,3251.5,44601200,3576.6,2926.4,4322.95,2866.6,3258.8,66,3,3258.7,37,4,3258.6,201,7,3258.5,68,5,3258.4,65,3,3259.5,7,6,3260.0,77,2,3260.2,10,1,3260.4,47,2,3260.5,28,1
11536,2025-12-30 12:56:16+05:30,3259.5,1,3250.85,1077880,115319.0,121269.0,3250.0,3265.1,3239.8,3251.5,44601200,3576.6,2926.4,4322.95,2866.6,3258.8,66,3,3258.7,37,4,3258.6,201,7,3258.5,68,5,3258.4,65,3,3259.5,7,6,3260.0,77,2,3260.2,10,1,3260.4,47,2,3260.5,28,1
11536,2025-12-30 12:56:16+05:30,3259.5,1,3250.85,1077891,117212.0,120780.0,3250.0,3265.1,3239.8,3251.5,44601200,3576.6,2926.4,4322.95,2866.6,3259.0,42,4,3258.9,67,3,3258.8,192,6,3258.7,68,5,3258.6,73,5,3259.5,6,6,3260.0,68,1,3260.2,10,1,3260.4,21,1,3260.5,28,1
11536,2025-12-30 12:56:16+05:30,3259.0,1,3250.85,1077891,117212.0,120780.0,3250.0,3265.1,3239.8,3251.5,44601200,3576.6,2926.4,4322.95,2866.6,3259.0,42,4,3258.9,67,3,3258.8,192,6,3258.7,68,5,3258.6,73,5,3259.5,6,6,3260.0,68,1,3260.2,10,1,3260.4,21,1,3260.5,28,1
11536,2025-12-30 12:56:17+05:30,3259.0,1,3250.85,1077891,117212.0,120780.0,3250.0,3265.1,3239.8,3251.5,44601200,3576.6,2926.4,4322.95,2866.6,3259.0,42,4,3258.9,67,3,3258.8,192,6,3258.7,68,5,3258.6,73,5,3259.5,6,6,3260.0,68,1,3260.2,10,1,3260.4,21,1,3260.5,28,1
11536,2025-12-30 12:56:17+05:30,3258.9,1,3250.85,1077983,115137.0,121137.0,3250.0,3265.1,3239.8,3251.5,44601200,3576.6,2926.4,4322.95,2866.6,3258.8,67,4,3258.7,8,2,3258.6,46,4,3258.5,135,5,3258.4,117,6,3259.5,6,6,3259.9,13,1,3260.0,68,1,3260.2,38,2,3260.4,21,1
11536,2025-12-30 12:56:17+05:30,3258.8,1,3250.85,1077983,115137.0,121137.0,3250.0,3265.1,3239.8,3251.5,44601200,3576.6,2926.4,4322.95,2866.6,3258.8,67,4,3258.7,8,2,3258.6,46,4,3258.5,135,5,3258.4,117,6,3259.5,6,6,3259.9,13,1,3260.0,68,1,3260.2,38,2,3260.4,21,1
11536,2025-12-30 12:56:18+05:30,3258.8,1,3250.85,1077984,115431.0,121209.0,3250.0,3265.1,3239.8,3251.5,44601200,3576.6,2926.4,4322.95,2866.6,3258.9,1,1,3258.8,45,1,3258.7,8,2,3258.6,46,4,3258.5,43,4,3259.5,10,7,3259.9,39,2,3260.0,68,1,3260.2,86,3,3260.4,21,1
11536,2025-12-30 12:56:18+05:30,3258.8,1,3250.85,1077984,115431.0,121209.0,3250.0,3265.1,3239.8,3251.5,44601200,3576.6,2926.4,4322.95,2866.6,3258.9,1,1,3258.8,45,1,3258.7,8,2,3258.6,46,4,3258.5,43,4,3259.5,10,7,3259.9,39,2,3260.0,68,1,3260.2,86,3,3260.4,21,1
11536,2025-12-30 12:56:18+05:30,3258.9,1,3250.85,1077984,115431.0,121209.0,3250.0,3265.1,3239.8,3251.5,44601200,3576.6,2926.4,4322.95,2866.6,3258.9,1,1,3258.8,45,1,3258.7,8,2,3258.6,46,4,3258.5,43,4,3259.5,10,7,3259.9,39,2,3260.0,68,1,3260.2,86,3,3260.4,21,1
11536,2025-12-30 12:56:19+05:30,3258.9,1,3250.85,1077984,115431.0,121209.0,3250.0,3265.1,3239.8,3251.5,44601200,3576.6,2926.4,4322.95,2866.6,3258.9,1,1,3258.8,45,1,3258.7,8,2,3258.6,46,4,3258.5,43,4,3259.5,10,7,3259.9,39,2,3260.0,68,1,3260.2,86,3,3260.4,21,1
11536,2025-12-30 12:56:19+05:30,3258.9,1,3250.85,1077990,115482.0,121770.0,3250.0,3265.1,3239.8,3251.5,44601200,3576.6,2926.4,4322.95,2866.6,3258.9,43,1,3258.8,45,1,3258.7,19,3,3258.6,46,4,3258.5,115,4,3259.5,10,7,3259.8,30,1,3259.9,9,1,3260.0,116,2,3260.2,86,3
11536,2025-12-30 12:56:19+05:30,3258.9,1,3250.85,1077990,115482.0,121770.0,3250.0,3265.1,3239.8,3251.5,44601200,3576.6,2926.4,4322.95,2866.6,3258.9,43,1,3258.8,45,1,3258.7,19,3,3258.6,46,4,3258.5,115,4,3259.5,10,7,3259.8,30,1,3259.9,9,1,3260.0,116,2,3260.2,86,3
11536,2025-12-30 12:56:20+05:30,3258.9,1,3250.85,1077990,115482.0,121770.0,3250.0,3265.1,3239.8,3251.5,44601200,3576.6,2926.4,4322.95,2866.6,3258.9,43,1,3258.8,45,1,3258.7,19,3,3258.6,46,4,3258.5,115,4,3259.5,10,7,3259.8,30,1,3259.9,9,1,3260.0,116,2,3260.2,86,3
11536,2025-12-30 12:56:20+05:30,3258.9,1,3250.85,1078016,115631.0,121722.0,3250.0,3265.1,3239.8,3251.5,44601200,3576.6,2926.4,4322.95,2866.6,3258.9,17,1,3258.8,45,1,3258.7,19,3,3258.6,46,4,3258.5,115,4,3259.5,7,6,3259.8,30,1,3259.9,9,1,3260.0,116,2,3260.2,86,3
11536,2025-12-30 12:56:20+05:30,3258.9,1,3250.85,1078016,115631.0,121722.0,3250.0,3265.1,3239.8,3251.5,44601200,3576.6,2926.4,4322.95,2866.6,3258.9,17,1,3258.8,45,1,3258.7,19,3,3258.6,46,4,3258.5,115,4,3259.5,7,6,3259.8,30,1,3259.9,9,1,3260.0,116,2,3260.2,86,3
11536,2025-12-30 12:56:21+05:30,3258.9,1,3250.85,1078016,115631.0,121722.0,3250.0,3265.1,3239.8,3251.5,44601200,3576.6,2926.4,4322.95,2866.6,3258.9,17,1,3258.8,45,1,3258.7,19,3,3258.6,46,4,3258.5,115,4,3259.5,7,6,3259.8,30,1,3259.9,9,1,3260.0,116,2,3260.2,86,3
11536,2025-12-30 12:56:21+05:30,3258.9,1,3250.85,1078032,115615.0,121719.0,3250.0,3265.1,3239.8,3251.5,44601200,3576.6,2926.4,4322.95,2866.6,3258.9,1,1,3258.8,45,1,3258.7,19,3,3258.6,46,4,3258.5,23,3,3259.5,5,5,3259.6,9,1,3259.8,39,2,3260.0,132,3,3260.2,86,3
11536,2025-12-30 12:56:21+05:30,3258.9,2,3250.85,1078032,115615.0,121719.0,3250.0,3265.1,3239.8,3251.5,44601200,3576.6,2926.4,4322.95,2866.6,3258.9,1,1,3258.8,45,1,3258.7,19,3,3258.6,46,4,3258.5,23,3,3259.5,5,5,3259.6,9,1,3259.8,39,2,3260.0,132,3,3260.2,86,3
11536,2025-12-30 12:56:22+05:30,3258.9,2,3250.85,1078032,115615.0,121719.0,3250.0,3265.1,3239.8,3251.5,44601200,3576.6,2926.4,4322.95,2866.6,3258.9,1,1,3258.8,45,1,3258.7,19,3,3258.6,46,4,3258.5,23,3,3259.5,5,5,3259.6,9,1,3259.8,39,2,3260.0,132,3,3260.2,86,3
11536,2025-12-30 12:56:22+05:30,3258.8,1,3250.85,1078043,115372.0,122007.0,3250.0,3265.1,3239.8,3251.5,44601200,3576.6,2926.4,4322.95,2866.6,3258.8,44,1,3258.7,19,3,3258.6,26,3,3258.5,4,2,3258.4,23,2,3259.5,5,5,3259.8,38,2,3259.9,17,1,3260.0,129,3,3260.1,22,2
11536,2025-12-30 12:56:22+05:30,3258.8,5,3250.85,1078043,115372.0,122007.0,3250.0,3265.1,3239.8,3251.5,44601200,3576.6,2926.4,4322.95,2866.6,3258.8,44,1,3258.7,19,3,3258.6,26,3,3258.5,4,2,3258.4,23,2,3259.5,5,5,3259.8,38,2,3259.9,17,1,3260.0,129,3,3260.1,22,2
11536,2025-12-30 12:56:22+05:30,3258.8,5,3250.85,1078043,115372.0,122007.0,3250.0,3265.1,3239.8,3251.5,44601200,3576.6,2926.4,4322.95,2866.6,3258.8,44,1,3258.7,19,3,3258.6,26,3,3258.5,4,2,3258.4,23,2,3259.5,5,5,3259.8,38,2,3259.9,17,1,3260.0,129,3,3260.1,22,2
11536,2025-12-30 12:56:23+05:30,3258.8,4,3250.85,1078052,115484.0,122084.0,3250.0,3265.1,3239.8,3251.5,44601200,3576.6,2926.4,4322.95,2866.6,3258.8,35,1,3258.7,71,4,3258.6,5,2,3258.5,4,2,3258.4,23,2,3258.9,3,2,3259.5,4,4,3259.7,29,1,3259.9,36,2,3260.0,129,3
11536,2025-12-30 12:56:23+05:30,3258.8,4,3250.85,1078052,115484.0,122084.0,3250.0,3265.1,3239.8,3251.5,44601200,3576.6,2926.4,4322.95,2866.6,3258.8,35,1,3258.7,71,4,3258.6,5,2,3258.5,4,2,3258.4,23,2,3258.9,3,2,3259.5,4,4,3259.7,29,1,3259.9,36,2,3260.0,129,3
11536,2025-12-30 12:56:23+05:30,3259.9,5,3250.85,1078052,115484.0,122084.0,3250.0,3265.1,3239.8,3251.5,44601200,3576.6,2926.4,4322.95,2866.6,3258.8,35,1,3258.7,71,4,3258.6,5,2,3258.5,4,2,3258.4,23,2,3258.9,3,2,3259.5,4,4,3259.7,29,1,3259.9,36,2,3260.0,129,3
11536,2025-12-30 12:56:24+05:30,3259.9,5,3250.85,1078052,115484.0,122084.0,3250.0,3265.1,3239.8,3251.5,44601200,3576.6,2926.4,4322.95,2866.6,3258.8,35,1,3258.7,71,4,3258.6,5,2,3258.5,4,2,3258.4,23,2,3258.9,3,2,3259.5,4,4,3259.7,29,1,3259.9,36,2,3260.0,129,3
11536,2025-12-30 12:56:24+05:30,3259.9,5,3250.85,1078099,116002.0,121409.0,3250.0,3265.1,3239.8,3251.5,44601200,3576.6,2926.4,4322.95,2866.6,3258.8,239,5,3258.7,44,4,3258.6,27,3,3258.5,96,3,3258.4,66,3,3259.8,37,4,3259.9,5,1,3260.0,129,3,3260.1,33,2,3260.2,67,2
11536,2025-12-30 12:56:24+05:30,3259.9,5,3250.85,1078099,116002.0,121409.0,3250.0,3265.1,3239.8,3251.5,44601200,3576.6,2926.4,4322.95,2866.6,3258.8,239,5,3258.7,44,4,3258.6,27,3,3258.5,96,3,3258.4,66,3,3259.8,37,4,3259.9,5,1,3260.0,129,3,3260.1,33,2,3260.2,67,2
11536,2025-12-30 12:56:24+05:30,3259.8,16,3250.85,1078099,116002.0,121409.0,3250.0,3265.1,3239.8,3251.5,44601200,3576.6,2926.4,4322.95,2866.6,3258.8,239,5,3258.7,44,4,3258.6,27,3,3258.5,96,3,3258.4,66,3,3259.8,37,4,3259.9,5,1,3260.0,129,3,3260.1,33,2,3260.2,67,2
11536,2025-12-30 12:56:25+05:30,3259.8,1,3250.85,1078116,116010.0,121596.0,3250.0,3265.1,3239.8,3251.5,44601200,3576.6,2926.4,4322.95,2866.6,3258.8,239,5,3258.7,44,4,3258.6,119,4,3258.5,36,3,3258.4,118,5,3259.8,17,5,3260.0,68,1,3260.1,33,2,3260.4,64,3,3260.5,78,3
11536,2025-12-30 12:56:25+05:30,3259.8,1,3250.85,1078116,116010.0,121596.0,3250.0,3265.1,3239.8,3251.5,44601200,3576.6,2926.4,4322.95,2866.6,3258.8,239,5,3258.7,44,4,3258.6,119,4,3258.5,36,3,3258.4,118,5,3259.8,17,5,3260.0,68,1,3260.1,33,2,3260.4,64,3,3260.5,78,3
11536,2025-12-30 12:56:26+05:30,3259.8,1,3250.85,1078116,116010.0,121596.0,3250.0,3265.1,3239.8,3251.5,44601200,3576.6,2926.4,4322.95,2866.6,3258.8,239,5,3258.7,44,4,3258.6,119,4,3258.5,36,3,3258.4,118,5,3259.8,17,5,3260.0,68,1,3260.1,33,2,3260.4,64,3,3260.5,78,3
11536,2025-12-30 12:56:26+05:30,3259.8,6,3250.85,1078137,116121.0,121636.0,3250.0,3265.1,3239.8,3251.5,44601200,3576.6,2926.4,4322.95,2866.6,3258.9,60,4,3258.8,268,7,3258.7,139,6,3258.6,56,4,3258.5,49,4,3259.8,10,6,3260.0,68,1,3260.4,64,3,3260.5,54,2,3260.6,65,3
11536,2025-12-30 12:56:26+05:30,3258.9,5,3250.85,1078137,116121.0,121636.0,3250.0,3265.1,3239.8,3251.5,44601200,3576.6,2926.4,4322.95,2866.6,3258.9,60,4,3258.8,268,7,3258.7,139,6,3258.6,56,4,3258.5,49,4,3259.8,10,6,3260.0,68,1,3260.4,64,3,3260.5,54,2,3260.6,65,3
11536,2025-12-30 12:56:27+05:30,3258.8,6,3250.85,1078236,116287.0,121166.0,3250.0,3265.1,3239.8,3251.5,44601200,3576.6,2926.4,4322.95,2866.6,3258.8,160,4,3258.7,145,7,3258.6,119,4,3258.5,89,5,3258.4,90,4,3259.8,10,8,3260.0,68,1,3260.1,13,1,3260.2,44,1,3260.4,50,3
11536,2025-12-30 12:56:27+05:30,3258.8,1,3250.85,1078236,116287.0,121166.0,3250.0,3265.1,3239.8,3251.5,44601200,3576.6,2926.4,4322.95,2866.6,3258.8,160,4,3258.7,145,7,3258.6,119,4,3258.5,89,5,3258.4,90,4,3259.8,10,8,3260.0,68,1,3260.1,13,1,3260.2,44,1,3260.4,50,3
11536,2025-12-30 12:56:27+05:30,3258.8,1,3250.85,1078236,116287.0,121166.0,3250.0,3265.1,3239.8,3251.5,44601200,3576.6,2926.4,4322.95,2866.6,3258.8,160,4,3258.7,145,7,3258.6,119,4,3258.5,89,5,3258.4,90,4,3259.8,10,8,3260.0,68,1,3260.1,13,1,3260.2,44,1,3260.4,50,3
11536,2025-12-30 12:56:28+05:30,3258.8,1,3250.85,1078254,116209.0,121207.0,3250.0,3265.1,3239.8,3251.5,44601200,3576.6,2926.4,4322.95,2866.6,3258.8,144,5,3258.7,145,7,3258.6,27,3,3258.5,152,5,3258.4,90,4,3259.8,21,10,3259.9,46,2,3260.0,81,2,3260.1,16,1,3260.2,60,2
11536,2025-12-30 12:56:28+05:30,3258.8,3,3250.85,1078254,116209.0,121207.0,3250.0,3265.1,3239.8,3251.5,44601200,3576.6,2926.4,4322.95,2866.6,3258.8,144,5,3258.7,145,7,3258.6,27,3,3258.5,152,5,3258.4,90,4,3259.8,21,10,3259.9,46,2,3260.0,81,2,3260.1,16,1,3260.2,60,2
11536,2025-12-30 12:56:29+05:30,3258.8,3,3250.85,1078287,116167.0,121262.0,3250.0,3265.1,3239.8,3251.5,44601200,3576.6,2926.4,4322.95,2866.6,3258.8,111,4,3258.7,145,7,3258.6,27,3,3258.5,28,3,3258.4,182,5,3259.8,62,12,3259.9,17,1,3260.0,129,3,3260.1,16,1,3260.2,60,2
11536,2025-12-30 12:56:29+05:30,3258.8,3,3250.85,1078287,116167.0,121262.0,3250.0,3265.1,3239.8,3251.5,44601200,3576.6,2926.4,4322.95,2866.6,3258.8,111,4,3258.7,145,7,3258.6,27,3,3258.5,28,3,3258.4,182,5,3259.8,62,12,3259.9,17,1,3260.0,129,3,3260.1,16,1,3260.2,60,2
11536,2025-12-30 12:56:29+05:30,3259.8,2,3250.85,1078287,116167.0,121262.0,3250.0,3265.1,3239.8,3251.5,44601200,3576.6,2926.4,4322.95,2866.6,3258.8,111,4,3258.7,145,7,3258.6,27,3,3258.5,28,3,3258.4,182,5,3259.8,62,12,3259.9,17,1,3260.0,129,3,3260.1,16,1,3260.2,60,2
11536,2025-12-30 12:56:30+05:30,3258.9,1,3250.85,1078314,116204.0,121240.0,3250.0,3265.1,3239.8,3251.5,44601200,3576.6,2926.4,4322.95,2866.6,3258.9,14,1,3258.8,103,4,3258.7,142,6,3258.6,5,2,3258.5,126,5,3259.8,50,9,3259.9,9,1,3260.0,71,2,3260.1,46,2,3260.2,76,3
11536,2025-12-30 12:56:30+05:30,3258.9,3,3250.85,1078314,116204.0,121240.0,3250.0,3265.1,3239.8,3251.5,44601200,3576.6,2926.4,4322.95,2866.6,3258.9,14,1,3258.8,103,4,3258.7,142,6,3258.6,5,2,3258.5,126,5,3259.8,50,9,3259.9,9,1,3260.0,71,2,3260.1,46,2,3260.2,76,3
11536,2025-12-30 12:56:31+05:30,3258.9,1,3250.85,1078329,116347.0,121771.0,3250.0,3265.1,3239.8,3251.5,44601200,3576.6,2926.4,4322.95,2866.6,3258.8,103,4,3258.7,142,6,3258.6,26,3,3258.5,34,4,3258.4,182,5,3259.8,51,10,3260.0,232,5,3260.1,46,2,3260.2,76,3,3260.4,43,2
11536,2025-12-30 12:56:31+05:30,3258.9,1,3250.85,1078329,116347.0,121771.0,3250.0,3265.1,3239.8,3251.5,44601200,3576.6,2926.4,4322.95,2866.6,3258.8,103,4,3258.7,142,6,3258.6,26,3,3258.5,34,4,3258.4,182,5,3259.8,51,10,3260.0,232,5,3260.1,46,2,3260.2,76,3,3260.4,43,2
11536,2025-12-30 12:56:31+05:30,3258.8,1,3250.85,1078329,116347.0,121771.0,3250.0,3265.1,3239.8,3251.5,44601200,3576.6,2926.4,4322.95,2866.6,3258.8,103,4,3258.7,142,6,3258.6,26,3,3258.5,34,4,3258.4,182,5,3259.8,51,10,3260.0,232,5,3260.1,46,2,3260.2,76,3,3260.4,43,2
11536,2025-12-30 12:56:32+05:30,3258.9,5,3250.85,1078342,116321.0,121905.0,3250.0,3265.1,3239.8,3251.5,44601200,3576.6,2926.4,4322.95,2866.6,3258.9,6,1,3258.8,40,3,3258.7,142,6,3258.6,26,3,3258.5,34,4,3259.8,54,12,3260.0,232,5,3260.1,46,2,3260.2,76,3,3260.4,62,3
11536,2025-12-30 12:56:32+05:30,3259.8,3,3250.85,1078342,116321.0,121905.0,3250.0,3265.1,3239.8,3251.5,44601200,3576.6,2926.4,4322.95,2866.6,3258.9,6,1,3258.8,40,3,3258.7,142,6,3258.6,26,3,3258.5,34,4,3259.8,54,12,3260.0,232,5,3260.1,46,2,3260.2,76,3,3260.4,62,3
11536,2025-12-30 12:56:33+05:30,3259.8,3,3250.85,1078342,116321.0,121905.0,3250.0,3265.1,3239.8,3251.5,44601200,3576.6,2926.4,4322.95,2866.6,3258.9,6,1,3258.8,40,3,3258.7,142,6,3258.6,26,3,3258.5,34,4,3259.8,54,12,3260.0,232,5,3260.1,46,2,3260.2,76,3,3260.4,62,3
11536,2025-12-30 12:56:33+05:30,3258.8,2,3250.85,1078353,116366.0,122077.0,3250.0,3265.1,3239.8,3251.5,44601200,3576.6,2926.4,4322.95,2866.6,3258.8,23,1,3258.7,203,7,3258.6,26,3,3258.5,34,4,3258.4,182,5,3259.8,47,12,3260.0,232,5,3260.1,46,2,3260.2,76,3,3260.4,62,3
11536,2025-12-30 12:56:33+05:30,3258.8,3,3250.85,1078353,116366.0,122077.0,3250.0,3265.1,3239.8,3251.5,44601200,3576.6,2926.4,4322.95,2866.6,3258.8,23,1,3258.7,203,7,3258.6,26,3,3258.5,34,4,3258.4,182,5,3259.8,47,12,3260.0,232,5,3260.1,46,2,3260.2,76,3,3260.4,62,3
11536,2025-12-30 12:56:34+05:30,3258.9,1,3250.85,1078361,116379.0,122134.0,3250.0,3265.1,3239.8,3251.5,44601200,3576.6,2926.4,4322.95,2866.6,3258.9,13,1,3258.8,30,2,3258.7,203,7,3258.6,26,3,3258.5,34,4,3259.8,52,13,3260.0,232,5,3260.1,46,2,3260.2,76,3,3260.4,62,3
11536,2025-12-30 12:56:34+05:30,3258.9,1,3250.85,1078361,116379.0,122134.0,3250.0,3265.1,3239.8,3251.5,44625000,3576.6,2926.4,4322.95,2866.6,3258.9,13,1,3258.8,30,2,3258.7,203,7,3258.6,26,3,3258.5,34,4,3259.8,52,13,3260.0,232,5,3260.1,46,2,3260.2,76,3,3260.4,62,3
11536,2025-12-30 12:56:34+05:30,3258.9,2,3250.85,1078361,116379.0,122134.0,3250.0,3265.1,3239.8,3251.5,44625000,3576.6,2926.4,4322.95,2866.6,3258.9,13,1,3258.8,30,2,3258.7,203,7,3258.6,26,3,3258.5,34,4,3259.8,52,13,3260.0,232,5,3260.1,46,2,3260.2,76,3,3260.4,62,3
11536,2025-12-30 12:56:35+05:30,3258.8,6,3250.85,1078411,116275.0,122150.0,3250.0,3265.1,3239.8,3251.5,44625000,3576.6,2926.4,4322.95,2866.6,3258.8,43,1,3258.7,203,7,3258.6,26,3,3258.5,34,4,3258.4,182,5,3259.8,45,11,3260.0,232,5,3260.1,46,2,3260.2,76,3,3260.4,62,3
11536,2025-12-30 12:56:35+05:30,3258.8,1,3250.85,1078411,116275.0,122150.0,3250.0,3265.1,3239.8,3251.5,44625000,3576.6,2926.4,4322.95,2866.6,3258.8,43,1,3258.7,203,7,3258.6,26,3,3258.5,34,4,3258.4,182,5,3259.8,45,11,3260.0,232,5,3260.1,46,2,3260.2,76,3,3260.4,62,3
11536,2025-12-30 12:56:36+05:30,3260.0,37,3250.85,1078514,116318.0,121923.0,3250.0,3265.1,3239.8,3251.5,44625000,3576.6,2926.4,4322.95,2866.6,3258.9,14,1,3258.8,87,4,3258.7,203,7,3258.6,26,3,3258.5,169,6,3259.9,9,1,3260.0,182,4,3260.1,46,2,3260.2,76,3,3260.4,62,3
11536,2025-12-30 12:56:36+05:30,3260.0,37,3250.85,1078514,116318.0,121923.0,3250.0,3265.1,3239.8,3251.5,44625000,3576.6,2926.4,4322.95,2866.6,3258.9,14,1,3258.8,87,4,3258.7,203,7,3258.6,26,3,3258.5,169,6,3259.9,9,1,3260.0,182,4,3260.1,46,2,3260.2,76,3,3260.4,62,3
11536,2025-12-30 12:56:36+05:30,3260.0,21,3250.85,1078514,116318.0,121923.0,3250.0,3265.1,3239.8,3251.5,44625000,3576.6,2926.4,4322.95,2866.6,3258.9,14,1,3258.8,87,4,3258.7,203,7,3258.6,26,3,3258.5,169,6,3259.9,9,1,3260.0,182,4,3260.1,46,2,3260.2,76,3,3260.4,62,3
11536,2025-12-30 12:56:37+05:30,3259.2,3,3250.86,1078820,118211.0,120132.0,3250.0,3265.1,3239.8,3251.5,44625000,3576.6,2926.4,4322.95,2866.6,3259.9,1,1,3259.2,66,3,3259.1,23,1,3259.0,77,3,3258.9,317,3,3260.1,54,5,3260.3,23,1,3260.4,41,3,3260.5,69,2,3260.6,44,2
11536,2025-12-30 12:56:37+05:30,3259.9,1,3250.86,1078820,118211.0,120132.0,3250.0,3265.1,3239.8,3251.5,44625000,3576.6,2926.4,4322.95,2866.6,3259.9,1,1,3259.2,66,3,3259.1,23,1,3259.0,77,3,3258.9,317,3,3260.1,54,5,3260.3,23,1,3260.4,41,3,3260.5,69,2,3260.6,44,2
11536,2025-12-30 12:56:38+05:30,3260.1,9,3250.86,1078830,118670.0,121069.0,3250.0,3265.1,3239.8,3251.5,44625000,3576.6,2926.4,4322.95,2866.6,3259.9,1,1,3259.2,23,2,3259.1,23,1,3259.0,77,3,3258.9,43,1,3260.1,39,4,3260.2,10,1,3260.4,22,2,3260.5,71,2,3260.6,35,2
11536,2025-12-30 12:56:38+05:30,3260.1,3,3250.86,1078830,118670.0,121069.0,3250.0,3265.1,3239.8,3251.5,44625000,3576.6,2926.4,4322.95,2866.6,3259.9,1,1,3259.2,23,2,3259.1,23,1,3259.0,77,3,3258.9,43,1,3260.1,39,4,3260.2,10,1,3260.4,22,2,3260.5,71,2,3260.6,35,2
11536,2025-12-30 12:56:39+05:30,3259.9,4,3250.86,1078837,118666.0,120830.0,3250.0,3265.1,3239.8,3251.5,44625000,3576.6,2926.4,4322.95,2866.6,3259.2,17,2,3259.1,23,1,3259.0,86,4,3258.8,232,7,3258.7,94,6,3259.9,8,3,3260.1,24,5,3260.4,9,1,3260.5,71,2,3260.6,54,3
11536,2025-12-30 12:56:39+05:30,3259.2,2,3250.86,1078837,118666.0,120830.0,3250.0,3265.1,3239.8,3251.5,44625000,3576.6,2926.4,4322.95,2866.6,3259.2,17,2,3259.1,23,1,3259.0,86,4,3258.8,232,7,3258.7,94,6,3259.9,8,3,3260.1,24,5,3260.4,9,1,3260.5,71,2,3260.6,54,3
11536,2025-12-30 12:56:40+05:30,3259.2,45,3250.86,1078887,118787.0,120847.0,3250.0,3265.1,3239.8,3251.5,44625000,3576.6,2926.4,4322.95,2866.6,3259.2,8,2,3259.1,23,1,3259.0,86,4,3258.8,140,6,3258.7,212,8,3259.9,7,4,3260.1,49,5,3260.2,13,1,3260.4,9,1,3260.5,71,2
11536,2025-12-30 12:56:40+05:30,3259.2,3,3250.86,1078887,118787.0,120847.0,3250.0,3265.1,3239.8,3251.5,44625000,3576.6,2926.4,4322.95,2866.6,3259.2,8,2,3259.1,23,1,3259.0,86,4,3258.8,140,6,3258.7,212,8,3259.9,7,4,3260.1,49,5,3260.2,13,1,3260.4,9,1,3260.5,71,2
11536,2025-12-30 12:56:41+05:30,3259.3,1,3250.86,1078978,118329.0,120875.0,3250.0,3265.1,3239.8,3251.5,44625000,3576.6,2926.4,4322.95,2866.6,3259.3,13,1,3259.2,51,3,3259.1,34,2,3259.0,38,3,3258.9,41,2,3259.9,12,9,3260.1,47,3,3260.3,12,1,3260.5,60,2,3260.6,15,1
11536,2025-12-30 12:56:41+05:30,3259.3,2,3250.86,1078978,118329.0,120875.0,3250.0,3265.1,3239.8,3251.5,44625000,3576.6,2926.4,4322.95,2866.6,3259.3,13,1,3259.2,51,3,3259.1,34,2,3259.0,38,3,3258.9,41,2,3259.9,12,9,3260.1,47,3,3260.3,12,1,3260.5,60,2,3260.6,15,1
11536,2025-12-30 12:56:42+05:30,3259.3,1,3250.86,1078985,118613.0,120776.0,3250.0,3265.1,3239.8,3251.5,44625000,3576.6,2926.4,4322.95,2866.6,3259.3,6,1,3259.2,74,4,3259.1,23,1,3259.0,35,2,3258.9,119,2,3259.9,14,10,3260.1,55,3,3260.4,15,1,3260.5,60,2,3260.7,66,2
11536,2025-12-30 12:56:42+05:30,3259.3,2,3250.86,1078985,118613.0,120776.0,3250.0,3265.1,3239.8,3251.5,44625000,3576.6,2926.4,4322.95,2866.6,3259.3,6,1,3259.2,74,4,3259.1,23,1,3259.0,35,2,3258.9,119,2,3259.9,14,10,3260.1,55,3,3260.4,15,1,3260.5,60,2,3260.7,66,2
11536,2025-12-30 12:56:43+05:30,3259.3,2,3250.86,1079036,118676.0,120365.0,3250.0,3265.1,3239.8,3251.5,44625000,3576.6,2926.4,4322.95,2866.6,3259.3,16,2,3259.2,38,2,3259.1,61,4,3259.0,78,3,3258.9,92,1,3259.9,9,8,3260.1,46,2,3260.2,12,1,3260.5,12,1,3260.7,33,2
11536,2025-12-30 12:56:43+05:30,3259.3,2,3250.86,1079036,118676.0,120365.0,3250.0,3265.1,3239.8,3251.5,44625000,3576.6,2926.4,4322.95,2866.6,3259.3,16,2,3259.2,38,2,3259.1,61,4,3259.0,78,3,3258.9,92,1,3259.9,9,8,3260.1,46,2,3260.2,12,1,3260.5,12,1,3260.7,33,2
11536,2025-12-30 12:56:44+05:30,3259.2,8,3250.86,1079060,118567.0,117850.0,3250.0,3265.1,3239.8,3251.5,44625000,3576.6,2926.4,4322.95,2866.6,3259.2,6,1,3259.1,47,3,3259.0,25,2,3258.9,178,2,3258.8,183,4,3259.9,14,10,3260.1,46,2,3260.2,12,1,3260.4,30,2,3260.7,33,2
11536,2025-12-30 12:56:44+05:30,3259.2,6,3250.86,1079060,118567.0,117850.0,3250.0,3265.1,3239.8,3251.5,44625000,3576.6,2926.4,4322.95,2866.6,3259.2,6,1,3259.1,47,3,3259.0,25,2,3258.9,178,2,3258.8,183,4,3259.9,14,10,3260.1,46,2,3260.2,12,1,3260.4,30,2,3260.7,33,2
11536,2025-12-30 12:56:45+05:30,3259.9,1,3250.86,1079072,118673.0,120605.0,3250.0,3265.1,3239.8,3251.5,44625000,3576.6,2926.4,4322.95,2866.6,3259.3,14,1,3259.2,25,2,3259.1,71,2,3259.0,49,3,3258.8,118,4,3259.9,9,9,3260.1,46,2,3260.2,12,1,3260.3,27,1,3260.4,15,1
11536,2025-12-30 12:56:45+05:30,3259.3,3,3250.86,1079072,118673.0,120605.0,3250.0,3265.1,3239.8,3251.5,44625000,3576.6,2926.4,4322.95,2866.6,3259.3,14,1,3259.2,25,2,3259.1,71,2,3259.0,49,3,3258.8,118,4,3259.9,9,9,3260.1,46,2,3260.2,12,1,3260.3,27,1,3260.4,15,1
11536,2025-12-30 12:56:46+05:30,3259.9,1,3250.86,1079088,118725.0,120371.0,3250.0,3265.1,3239.8,3251.5,44625000,3576.6,2926.4,4322.95,2866.6,3259.3,3,1,3259.2,25,2,3259.1,41,3,3259.0,61,3,3258.9,92,1,3259.9,9,9,3260.1,46,2,3260.3,27,1,3260.5,15,1,3260.7,33,2
11536,2025-12-30 12:56:46+05:30,3259.9,1,3250.86,1079088,118725.0,120371.0,3250.0,3265.1,3239.8,3251.5,44625000,3576.6,2926.4,4322.95,2866.6,3259.3,3,1,3259.2,25,2,3259.1,41,3,3259.0,61,3,3258.9,92,1,3259.9,9,9,3260.1,46,2,3260.3,27,1,3260.5,15,1,3260.7,33,2
11536,2025-12-30 12:56:47+05:30,3259.3,2,3250.86,1079177,118736.0,119833.0,3250.0,3265.1,3239.8,3251.5,44625000,3576.6,2926.4,4322.95,2866.6,3259.3,8,1,3259.2,25,2,3259.1,136,4,3259.0,102,5,3258.9,71,4,3259.9,9,6,3260.1,46,2,3260.7,48,3,3260.8,1,1,3260.9,41,2
11536,2025-12-30 12:56:47+05:30,3259.3,1,3250.86,1079177,118736.0,119833.0,3250.0,3265.1,3239.8,3251.5,44625000,3576.6,2926.4,4322.95,2866.6,3259.3,8,1,3259.2,25,2,3259.1,136,4,3259.0,102,5,3258.9,71,4,3259.9,9,6,3260.1,46,2,3260.7,48,3,3260.8,1,1,3260.9,41,2
11536,2025-12-30 12:56:48+05:30,3259.4,2,3250.86,1079186,118697.0,120123.0,3250.0,3265.1,3239.8,3251.5,44625000,3576.6,2926.4,4322.95,2866.6,3259.4,14,2,3259.3,2,2,3259.2,25,2,3259.1,41,3,3259.0,152,4,3259.9,9,6,3260.1,46,2,3260.7,48,3,3260.8,49,2,3260.9,41,2
11536,2025-12-30 12:56:48+05:30,3259.4,3,3250.86,1079186,118697.0,120123.0,3250.0,3265.1,3239.8,3251.5,44625000,3576.6,2926.4,4322.95,2866.6,3259.4,14,2,3259.3,2,2,3259.2,25,2,3259.1,41,3,3259.0,152,4,3259.9,9,6,3260.1,46,2,3260.7,48,3,3260.8,49,2,3260.9,41,2
11536,2025-12-30 12:56:49+05:30,3259.4,1,3250.86,1079214,118737.0,120133.0,3250.0,3265.1,3239.8,3251.5,44625000,3576.6,2926.4,4322.95,2866.6,3259.4,14,1,3259.3,16,3,3259.2,25,2,3259.1,27,2,3259.0,24,2,3259.9,7,6,3260.0,1,1,3260.1,46,2,3260.6,18,1,3260.7,30,2
11536,2025-12-30 12:56:49+05:30,3259.4,1,3250.86,1079214,118737.0,120133.0,3250.0,3265.1,3239.8,3251.5,44625000,3576.6,2926.4,4322.95,2866.6,3259.4,14,1,3259.3,16,3,3259.2,25,2,3259.1,27,2,3259.0,24,2,3259.9,7,6,3260.0,1,1,3260.1,46,2,3260.6,18,1,3260.7,30,2
11536,2025-12-30 12:56:50+05:30,3259.3,1,3250.86,1079230,118564.0,120228.0,3250.0,3265.1,3239.8,3251.5,44625000,3576.6,2926.4,4322.95,2866.6,3259.3,16,3,3259.2,25,2,3259.1,3,1,3259.0,24,2,3258.9,146,1,3259.9,58,10,3260.0,1,1,3260.1,51,3,3260.2,26,1,3260.4,18,1
11536,2025-12-30 12:56:50+05:30,3259.3,1,3250.86,1079230,118564.0,120228.0,3250.0,3265.1,3239.8,3251.5,44625000,3576.6,2926.4,4322.95,2866.6,3259.3,16,3,3259.2,25,2,3259.1,3,1,3259.0,24,2,3258.9,146,1,3259.9,58,10,3260.0,1,1,3260.1,51,3,3260.2,26,1,3260.4,18,1
11536,2025-12-30 12:56:51+05:30,3259.3,3,3250.86,1079246,118591.0,119112.0,3250.0,3265.1,3239.8,3251.5,44625000,3576.6,2926.4,4322.95,2866.6,3259.3,16,5,3259.2,25,2,3259.1,3,1,3259.0,24,2,3258.8,66,3,3259.9,55,8,3260.0,1,1,3260.1,39,2,3260.2,41,2,3260.4,18,1
11536,2025-12-30 12:56:51+05:30,3259.3,3,3250.86,1079246,118591.0,119112.0,3250.0,3265.1,3239.8,3251.5,44625000,3576.6,2926.4,4322.95,2866.6,3259.3,16,5,3259.2,25,2,3259.1,3,1,3259.0,24,2,3258.8,66,3,3259.9,55,8,3260.0,1,1,3260.1,39,2,3260.2,41,2,3260.4,18,1
11536,2025-12-30 12:56:52+05:30,3259.4,5,3250.86,1079253,118676.0,120693.0,3250.0,3265.1,3239.8,3251.5,44625000,3576.6,2926.4,4322.95,2866.6,3259.4,9,1,3259.3,16,5,3259.2,25,2,3259.1,3,1,3259.0,24,2,3259.9,61,10,3260.0,1,1,3260.1,16,1,3260.2,64,3,3260.4,18,1
11536,2025-12-30 12:56:52+05:30,3259.9,1,3250.86,1079253,118676.0,120693.0,3250.0,3265.1,3239.8,3251.5,44625000,3576.6,2926.4,4322.95,2866.6,3259.4,9,1,3259.3,16,5,3259.2,25,2,3259.1,3,1,3259.0,24,2,3259.9,61,10,3260.0,1,1,3260.1,16,1,3260.2,64,3,3260.4,18,1
11536,2025-12-30 12:56:53+05:30,3259.4,2,3250.86,1079275,118878.0,120340.0,3250.0,3265.1,3239.8,3251.5,44625000,3576.6,2926.4,4322.95,2866.6,3259.4,11,1,3259.3,15,2,3259.2,73,3,3259.1,26,2,3259.0,58,3,3259.9,38,8,3260.0,1,1,3260.1,16,1,3260.4,41,2,3260.6,66,2
11536,2025-12-30 12:56:53+05:30,3259.4,3,3250.86,1079275,118878.0,120340.0,3250.0,3265.1,3239.8,3251.5,44625000,3576.6,2926.4,4322.95,2866.6,3259.4,11,1,3259.3,15,2,3259.2,73,3,3259.1,26,2,3259.0,58,3,3259.9,38,8,3260.0,1,1,3260.1,16,1,3260.4,41,2,3260.6,66,2
11536,2025-12-30 12:56:54+05:30,3259.4,3,3250.86,1079282,118918.0,120345.0,3250.0,3265.1,3239.8,3251.5,44625000,3576.6,2926.4,4322.95,2866.6,3259.4,53,2,3259.3,15,2,3259.2,73,3,3259.1,26,2,3259.0,58,3,3259.9,37,7,3260.0,1,1,3260.1,16,1,3260.4,41,2,3260.6,66,2
11536,2025-12-30 12:56:54+05:30,3259.4,2,3250.86,1079282,118918.0,120345.0,3250.0,3265.1,3239.8,3251.5,44625000,3576.6,2926.4,4322.95,2866.6,3259.4,53,2,3259.3,15,2,3259.2,73,3,3259.1,26,2,3259.0,58,3,3259.9,37,7,3260.0,1,1,3260.1,16,1,3260.4,41,2,3260.6,66,2
11536,2025-12-30 12:56:55+05:30,3259.4,6,3250.86,1079291,118745.0,120953.0,3250.0,3265.1,3239.8,3251.5,44625000,3576.6,2926.4,4322.95,2866.6,3259.4,43,1,3259.3,15,2,3259.2,73,3,3259.1,3,1,3259.0,24,2,3259.9,43,10,3260.0,1,1,3260.1,16,1,3260.2,64,3,3260.3,48,1
11536,2025-12-30 12:56:55+05:30,3259.4,1,3250.86,1079291,118745.0,120953.0,3250.0,3265.1,3239.8,3251.5,44625000,3576.6,2926.4,4322.95,2866.6,3259.4,43,1,3259.3,15,2,3259.2,73,3,3259.1,3,1,3259.0,24,2,3259.9,43,10,3260.0,1,1,3260.1,16,1,3260.2,64,3,3260.3,48,1
11536,2025-12-30 12:56:56+05:30,3259.9,17,3250.86,1079389,117363.0,121775.0,3250.0,3265.1,3239.8,3251.5,44625000,3576.6,2926.4,4322.95,2866.6,3259.4,40,1,3259.3,1,1,3259.2,59,2,3259.1,3,1,3259.0,21,1,3259.9,12,3,3260.0,36,3,3260.1,16,1,3260.2,30,2,3260.3,61,2
11536,2025-12-30 12:56:56+05:30,3259.4,1,3250.86,1079389,117363.0,121775.0,3250.0,3265.1,3239.8,3251.5,44625000,3576.6,2926.4,4322.95,2866.6,3259.4,40,1,3259.3,1,1,3259.2,59,2,3259.1,3,1,3259.0,21,1,3259.9,12,3,3260.0,36,3,3260.1,16,1,3260.2,30,2,3260.3,61,2
11536,2025-12-30 12:56:57+05:30,3259.3,1,3250.86,1079463,116457.0,121795.0,3250.0,3265.1,3239.8,3251.5,44625000,3576.6,2926.4,4322.95,2866.6,3259.2,11,1,3259.1,3,1,3258.8,23,2,3258.7,8,2,3258.6,26,3,3259.3,1,1,3259.4,12,3,3259.9,19,4,3260.0,27,2,3260.1,64,2
11536,2025-12-30 12:56:57+05:30,3259.4,1,3250.86,1079463,116457.0,121795.0,3250.0,3265.1,3239.8,3251.5,44625000,3576.6,2926.4,4322.95,2866.6,3259.2,11,1,3259.1,3,1,3258.8,23,2,3258.7,8,2,3258.6,26,3,3259.3,1,1,3259.4,12,3,3259.9,19,4,3260.0,27,2,3260.1,64,2
11536,2025-12-30 12:56:58+05:30,3259.4,1,3250.86,1079491,116411.0,121794.0,3250.0,3265.1,3239.8,3251.5,44625000,3576.6,2926.4,4322.95,2866.6,3259.3,1,1,3259.2,11,1,3259.1,3,1,3258.8,23,2,3258.7,8,2,3259.4,15,6,3259.7,9,1,3259.8,26,1,3259.9,7,3,3260.0,16,2
11536,2025-12-30 12:56:58+05:30,3259.3,9,3250.86,1079491,116411.0,121794.0,3250.0,3265.1,3239.8,3251.5,44625000,3576.6,2926.4,4322.95,2866.6,3259.3,1,1,3259.2,11,1,3259.1,3,1,3258.8,23,2,3258.7,8,2,3259.4,15,6,3259.7,9,1,3259.8,26,1,3259.9,7,3,3260.0,16,2
11536,2025-12-30 12:56:59+05:30,3259.3,1,3250.86,1079543,116448.0,121941.0,3250.0,3265.1,3239.8,3251.5,44625000,3576.6,2926.4,4322.95,2866.6,3259.1,16,3,3258.8,23,2,3258.7,8,2,3258.6,31,5,3258.5,99,4,3259.3,5,4,3259.4,5,4,3259.5,1,1,3259.7,26,1,3259.8,9,1
11536,2025-12-30 12:56:59+05:30,3260.2,2,3250.86,1079543,116448.0,121941.0,3250.0,3265.1,3239.8,3251.5,44625000,3576.6,2926.4,4322.95,2866.6,3259.1,16,3,3258.8,23,2,3258.7,8,2,3258.6,31,5,3258.5,99,4,3259.3,5,4,3259.4,5,4,3259.5,1,1,3259.7,26,1,3259.8,9,1
11536,2025-12-30 12:57:00+05:30,3259.2,1,3250.86,1079698,117978.0,121611.0,3250.0,3265.1,3239.8,3251.5,44625000,3576.6,2926.4,4322.95,2866.6,3259.2,3,1,3259.1,26,4,3259.0,21,1,3258.9,10,1,3258.8,44,4,3260.1,26,1,3260.2,24,4,3260.4,72,3,3260.5,2,1,3260.6,85,3
11536,2025-12-30 12:57:00+05:30,3259.2,1,3250.86,1079698,117978.0,121611.0,3250.0,3265.1,3239.8,3251.5,44625000,3576.6,2926.4,4322.95,2866.6,3259.2,3,1,3259.1,26,4,3259.0,21,1,3258.9,10,1,3258.8,44,4,3260.1,26,1,3260.2,24,4,3260.4,72,3,3260.5,2,1,3260.6,85,3
11536,2025-12-30 12:57:01+05:30,3259.4,1,3250.86,1079699,117827.0,121439.0,3250.0,3265.1,3239.8,3251.5,44625000,3576.6,2926.4,4322.95,2866.6,3259.2,4,2,3259.1,26,4,3258.8,46,4,3258.7,39,4,3258.6,31,5,3259.4,1,1,3260.1,33,2,3260.2,17,3,3260.4,72,3,3260.5,2,1
11536,2025-12-30 12:57:01+05:30,3259.4,1,3250.86,1079699,117827.0,121439.0,3250.0,3265.1,3239.8,3251.5,44625000,3576.6,2926.4,4322.95,2866.6,3259.2,4,2,3259.1,26,4,3258.8,46,4,3258.7,39,4,3258.6,31,5,3259.4,1,1,3260.1,33,2,3260.2,17,3,3260.4,72,3,3260.5,2,1
11536,2025-12-30 12:57:02+05:30,3259.2,1,3250.86,1079703,117029.0,120863.0,3250.0,3265.1,3239.8,3251.5,44625000,3576.6,2926.4,4322.95,2866.6,3259.1,7,2,3258.8,4,2,3258.7,48,5,3258.6,31,5,3258.5,120,4,3259.2,2,2,3259.4,2,2,3259.9,12,1,3260.1,48,3,3260.2,12,2
11536,2025-12-30 12:57:02+05:30,3259.9,8,3250.86,1079703,117029.0,120863.0,3250.0,3265.1,3239.8,3251.5,44625000,3576.6,2926.4,4322.95,2866.6,3259.1,7,2,3258.8,4,2,3258.7,48,5,3258.6,31,5,3258.5,120,4,3259.2,2,2,3259.4,2,2,3259.9,12,1,3260.1,48,3,3260.2,12,2
11536,2025-12-30 12:57:03+05:30,3259.0,6,3250.86,1079779,116423.0,121890.0,3250.0,3265.1,3239.8,3251.5,44625000,3576.6,2926.4,4322.95,2866.6,3259.0,4,1,3258.8,299,7,3258.7,20,4,3258.6,93,7,3258.5,120,4,3259.9,38,4,3260.0,2,1,3260.2,12,1,3260.4,12,1,3260.6,38,2
11536,2025-12-30 12:57:03+05:30,3259.0,6,3250.86,1079779,116423.0,121890.0,3250.0,3265.1,3239.8,3251.5,44625000,3576.6,2926.4,4322.95,2866.6,3259.0,4,1,3258.8,299,7,3258.7,20,4,3258.6,93,7,3258.5,120,4,3259.9,38,4,3260.0,2,1,3260.2,12,1,3260.4,12,1,3260.6,38,2
11536,2025-12-30 12:57:04+05:30,3259.0,6,3250.86,1079779,116423.0,121839.0,3250.0,3265.1,3239.8,3251.5,44625000,3576.6,2926.4,4322.95,2866.6,3259.0,4,1,3258.8,207,6,3258.7,112,5,3258.6,93,7,3258.5,120,4,3259.9,43,5,3260.0,2,1,3260.1,16,1,3260.3,19,1,3260.4,27,2
11536,2025-12-30 12:57:05+05:30,3258.9,1,3250.86,1079804,116592.0,121160.0,3250.0,3265.1,3239.8,3251.5,44625000,3576.6,2926.4,4322.95,2866.6,3258.9,17,2,3258.8,41,5,3258.7,341,10,3258.6,30,5,3258.5,142,4,3259.9,3,3,3260.1,16,1,3260.2,12,1,3260.3,19,1,3260.5,52,2
11536,2025-12-30 12:57:05+05:30,3258.9,1,3250.86,1079804,116592.0,121160.0,3250.0,3265.1,3239.8,3251.5,44625000,3576.6,2926.4,4322.95,2866.6,3258.9,17,2,3258.8,41,5,3258.7,341,10,3258.6,30,5,3258.5,142,4,3259.9,3,3,3260.1,16,1,3260.2,12,1,3260.3,19,1,3260.5,52,2
11536,2025-12-30 12:57:06+05:30,3258.8,11,3250.86,1079815,116417.0,121386.0,3250.0,3265.1,3239.8,3251.5,44625000,3576.6,2926.4,4322.95,2866.6,3258.8,29,4,3258.7,249,9,3258.6,122,6,3258.5,142,4,3258.4,128,6,3259.9,4,4,3260.0,9,1,3260.1,16,1,3260.3,74,3,3260.4,17,1
11536,2025-12-30 12:57:06+05:30,3258.8,3,3250.86,1079815,116417.0,121386.0,3250.0,3265.1,3239.8,3251.5,44625000,3576.6,2926.4,4322.95,2866.6,3258.8,29,4,3258.7,249,9,3258.6,122,6,3258.5,142,4,3258.4,128,6,3259.9,4,4,3260.0,9,1,3260.1,16,1,3260.3,74,3,3260.4,17,1
11536,2025-12-30 12:57:07+05:30,3258.8,5,3250.86,1079899,115401.0,122136.0,3250.0,3265.1,3239.8,3251.5,44625000,3576.6,2926.4,4322.95,2866.6,3258.8,24,2,3258.7,222,7,3258.6,10,4,3258.5,44,2,3258.4,29,2,3259.9,53,12,3260.0,30,2,3260.2,32,2,3260.3,76,2,3260.4,81,3
11536,2025-12-30 12:57:07+05:30,3258.8,3,3250.86,1079899,115401.0,122136.0,3250.0,3265.1,3239.8,3251.5,44625000,3576.6,2926.4,4322.95,2866.6,3258.8,24,2,3258.7,222,7,3258.6,10,4,3258.5,44,2,3258.4,29,2,3259.9,53,12,3260.0,30,2,3260.2,32,2,3260.3,76,2,3260.4,81,3
11536,2025-12-30 12:57:08+05:30,3258.8,2,3250.86,1079904,113301.0,122137.0,3250.0,3265.1,3239.8,3251.5,44625000,3576.6,2926.4,4322.95,2866.6,3258.8,20,3,3258.7,278,8,3258.6,31,5,3258.5,44,2,3258.4,141,4,3259.8,25,1,3259.9,29,12,3260.0,30,2,3260.2,32,2,3260.3,76,2
11536,2025-12-30 12:57:08+05:30,3258.8,1,3250.86,1079904,113301.0,122137.0,3250.0,3265.1,3239.8,3251.5,44625000,3576.6,2926.4,4322.95,2866.6,3258.8,20,3,3258.7,278,8,3258.6,31,5,3258.5,44,2,3258.4,141,4,3259.8,25,1,3259.9,29,12,3260.0,30,2,3260.2,32,2,3260.3,76,2
11536,2025-12-30 12:57:09+05:30,3258.8,2,3250.86,1079932,113972.0,121491.0,3250.0,3265.1,3239.8,3251.5,44625000,3576.6,2926.4,4322.95,2866.6,3258.8,51,1,3258.7,154,6,3258.6,306,9,3258.5,75,4,3258.4,39,3,3259.8,28,4,3259.9,6,5,3260.2,74,3,3260.3,32,1,3260.4,119,4
11536,2025-12-30 12:57:09+05:30,3258.8,1,3250.86,1079932,113972.0,121491.0,3250.0,3265.1,3239.8,3251.5,44625000,3576.6,2926.4,4322.95,2866.6,3258.8,51,1,3258.7,154,6,3258.6,306,9,3258.5,75,4,3258.4,39,3,3259.8,28,4,3259.9,6,5,3260.2,74,3,3260.3,32,1,3260.4,119,4
11536,2025-12-30 12:57:10+05:30,3259.8,1,3250.86,1079949,113813.0,121557.0,3250.0,3265.1,3239.8,3251.5,44625000,3576.6,2926.4,4322.95,2866.6,3258.8,55,2,3258.7,154,6,3258.6,306,9,3258.5,75,4,3258.4,39,3,3259.8,30,7,3259.9,1,1,3260.1,12,1,3260.2,74,3,3260.3,32,1
11536,2025-12-30 12:57:10+05:30,3258.8,1,3250.86,1079949,113813.0,121557.0,3250.0,3265.1,3239.8,3251.5,44625000,3576.6,2926.4,4322.95,2866.6,3258.8,55,2,3258.7,154,6,3258.6,306,9,3258.5,75,4,3258.4,39,3,3259.8,30,7,3259.9,1,1,3260.1,12,1,3260.2,74,3,3260.3,32,1
11536,2025-12-30 12:57:11+05:30,3259.8,6,3250.86,1079961,113725.0,121551.0,3250.0,3265.1,3239.8,3251.5,44625000,3576.6,2926.4,4322.95,2866.6,3258.8,63,3,3258.7,132,5,3258.6,306,9,3258.5,4,2,3258.4,383,5,3259.8,45,11,3260.1,11,1,3260.2,74,3,3260.3,32,1,3260.4,119,4
11536,2025-12-30 12:57:11+05:30,3258.8,1,3250.86,1079961,113725.0,121551.0,3250.0,3265.1,3239.8,3251.5,44625000,3576.6,2926.4,4322.95,2866.6,3258.8,63,3,3258.7,132,5,3258.6,306,9,3258.5,4,2,3258.4,383,5,3259.8,45,11,3260.1,11,1,3260.2,74,3,3260.3,32,1,3260.4,119,4
11536,2025-12-30 12:57:12+05:30,3258.9,1,3250.87,1079973,115370.0,121492.0,3250.0,3265.1,3239.8,3251.5,44625000,3576.6,2926.4,4322.95,2866.6,3258.9,13,1,3258.8,54,3,3258.7,132,5,3258.6,123,6,3258.5,46,3,3259.8,39,11,3260.0,8,1,3260.2,59,2,3260.4,38,2,3260.5,75,3
11536,2025-12-30 12:57:12+05:30,3258.9,1,3250.87,1079973,115370.0,121492.0,3250.0,3265.1,3239.8,3251.5,44625000,3576.6,2926.4,4322.95,2866.6,3258.9,13,1,3258.8,54,3,3258.7,132,5,3258.6,123,6,3258.5,46,3,3259.8,39,11,3260.0,8,1,3260.2,59,2,3260.4,38,2,3260.5,75,3
11536,2025-12-30 12:57:13+05:30,3258.9,1,3250.87,1079989,115428.0,121076.0,3250.0,3265.1,3239.8,3251.5,44625000,3576.6,2926.4,4322.95,2866.6,3258.9,48,1,3258.8,45,3,3258.7,132,5,3258.6,124,6,3258.5,36,3,3259.8,39,13,3260.1,11,1,3260.2,59,2,3260.4,49,3,3260.5,77,4
11536,2025-12-30 12:57:13+05:30,3258.9,1,3250.87,1079989,115428.0,121076.0,3250.0,3265.1,3239.8,3251.5,44625000,3576.6,2926.4,4322.95,2866.6,3258.9,48,1,3258.8,45,3,3258.7,132,5,3258.6,124,6,3258.5,36,3,3259.8,39,13,3260.1,11,1,3260.2,59,2,3260.4,49,3,3260.5,77,4
11536,2025-12-30 12:57:14+05:30,3258.9,1,3250.87,1079998,115570.0,121057.0,3250.0,3265.1,3239.8,3251.5,44625000,3576.6,2926.4,4322.95,2866.6,3258.9,39,1,3258.8,45,3,3258.7,132,5,3258.6,32,5,3258.5,96,3,3259.8,38,12,3260.1,28,3,3260.2,59,2,3260.4,49,3,3260.5,77,4
11536,2025-12-30 12:57:14+05:30,3258.9,2,3250.87,1079998,115570.0,121057.0,3250.0,3265.1,3239.8,3251.5,44625000,3576.6,2926.4,4322.95,2866.6,3258.9,39,1,3258.8,45,3,3258.7,132,5,3258.6,32,5,3258.5,96,3,3259.8,38,12,3260.1,28,3,3260.2,59,2,3260.4,49,3,3260.5,77,4
11536,2025-12-30 12:57:15+05:30,3259.8,1,3250.87,1080006,115563.0,121361.0,3250.0,3265.1,3239.8,3251.5,44625000,3576.6,2926.4,4322.95,2866.6,3258.9,32,1,3258.8,45,3,3258.7,132,5,3258.6,32,5,3258.5,96,3,3259.8,36,11,3260.1,28,3,3260.2,59,2,3260.4,49,3,3260.5,77,4
11536,2025-12-30 12:57:15+05:30,3258.9,2,3250.87,1080006,115563.0,121361.0,3250.0,3265.1,3239.8,3251.5,44625000,3576.6,2926.4,4322.95,2866.6,3258.9,32,1,3258.8,45,3,3258.7,132,5,3258.6,32,5,3258.5,96,3,3259.8,36,11,3260.1,28,3,3260.2,59,2,3260.4,49,3,3260.5,77,4
11536,2025-12-30 12:57:16+05:30,3259.8,3,3250.87,1080017,115401.0,121338.0,3250.0,3265.1,3239.8,3251.5,44625000,3576.6,2926.4,4322.95,2866.6,3258.9,25,1,3258.8,45,3,3258.7,132,5,3258.6,124,6,3258.5,4,2,3259.8,32,11,3260.1,19,2,3260.2,59,2,3260.4,49,3,3260.5,77,4
11536,2025-12-30 12:57:16+05:30,3258.9,1,3250.87,1080017,115401.0,121338.0,3250.0,3265.1,3239.8,3251.5,44625000,3576.6,2926.4,4322.95,2866.6,3258.9,25,1,3258.8,45,3,3258.7,132,5,3258.6,124,6,3258.5,4,2,3259.8,32,11,3260.1,19,2,3260.2,59,2,3260.4,49,3,3260.5,77,4
11536,2025-12-30 12:57:17+05:30,3258.8,2,3250.87,1080046,115177.0,122543.0,3250.0,3265.1,3239.8,3251.5,44625000,3576.6,2926.4,4322.95,2866.6,3258.8,19,3,3258.7,132,5,3258.6,32,5,3258.5,4,2,3258.4,22,2,3258.9,10,3,3259.7,8,1,3259.8,70,8,3260.0,46,1,3260.1,29,2
11536,2025-12-30 12:57:17+05:30,3258.8,1,3250.87,1080046,115177.0,122543.0,3250.0,3265.1,3239.8,3251.5,44625000,3576.6,2926.4,4322.95,2866.6,3258.8,19,3,3258.7,132,5,3258.6,32,5,3258.5,4,2,3258.4,22,2,3258.9,10,3,3259.7,8,1,3259.8,70,8,3260.0,46,1,3260.1,29,2
11536,2025-12-30 12:57:18+05:30,3258.8,2,3250.87,1080063,115181.0,122535.0,3250.0,3265.1,3239.8,3251.5,44625000,3576.6,2926.4,4322.95,2866.6,3258.8,16,4,3258.7,132,5,3258.6,32,5,3258.5,4,2,3258.4,43,3,3258.9,12,6,3259.8,78,6,3260.0,46,1,3260.1,29,2,3260.2,59,2
11536,2025-12-30 12:57:18+05:30,3258.8,2,3250.87,1080063,115181.0,122535.0,3250.0,3265.1,3239.8,3251.5,44625000,3576.6,2926.4,4322.95,2866.6,3258.8,16,4,3258.7,132,5,3258.6,32,5,3258.5,4,2,3258.4,43,3,3258.9,12,6,3259.8,78,6,3260.0,46,1,3260.1,29,2,3260.2,59,2
11536,2025-12-30 12:57:19+05:30,3258.7,1,3250.87,1080085,114171.0,123793.0,3250.0,3265.1,3239.8,3251.5,44625000,3576.6,2926.4,4322.95,2866.6,3258.7,131,5,3258.6,10,4,3258.5,1,1,3258.4,22,2,3258.3,5,1,3258.8,8,2,3258.9,20,7,3259.2,11,1,3259.4,24,1,3259.5,60,2
11536,2025-12-30 12:57:19+05:30,3258.7,2,3250.87,1080085,114171.0,123793.0,3250.0,3265.1,3239.8,3251.5,44625000,3576.6,2926.4,4322.95,2866.6,3258.7,131,5,3258.6,10,4,3258.5,1,1,3258.4,22,2,3258.3,5,1,3258.8,8,2,3258.9,20,7,3259.2,11,1,3259.4,24,1,3259.5,60,2
11536,2025-12-30 12:57:20+05:30,3258.7,1,3250.87,1080099,114151.0,123726.0,3250.0,3265.1,3239.8,3251.5,44625000,3576.6,2926.4,4322.95,2866.6,3258.7,82,5,3258.6,10,4,3258.5,1,1,3258.4,22,2,3258.3,5,1,3258.8,7,7,3258.9,17,4,3259.1,11,1,3259.3,24,1,3259.5,60,2
11536,2025-12-30 12:57:20+05:30,3258.7,1,3250.87,1080099,114151.0,123726.0,3250.0,3265.1,3239.8,3251.5,44625000,3576.6,2926.4,4322.95,2866.6,3258.7,82,5,3258.6,10,4,3258.5,1,1,3258.4,22,2,3258.3,5,1,3258.8,7,7,3258.9,17,4,3259.1,11,1,3259.3,24,1,3259.5,60,2
11536,2025-12-30 12:57:21+05:30,3258.7,6,3250.87,1080129,114455.0,123671.0,3250.0,3265.1,3239.8,3251.5,44625000,3576.6,2926.4,4322.95,2866.6,3258.7,50,4,3258.6,10,4,3258.5,11,2,3258.4,2,1,3258.3,5,1,3258.8,7,7,3258.9,15,2,3259.3,24,1,3259.5,14,1,3259.6,13,1
11536,2025-12-30 12:57:21+05:30,3258.7,1,3250.87,1080129,114455.0,123671.0,3250.0,3265.1,3239.8,3251.5,44625000,3576.6,2926.4,4322.95,2866.6,3258.7,50,4,3258.6,10,4,3258.5,11,2,3258.4,2,1,3258.3,5,1,3258.8,7,7,3258.9,15,2,3259.3,24,1,3259.5,14,1,3259.6,13,1
11536,2025-12-30 12:57:22+05:30,3258.7,1,3250.87,1080140,113011.0,123764.0,3250.0,3265.1,3239.8,3251.5,44625000,3576.6,2926.4,4322.95,2866.6,3258.7,50,5,3258.6,10,4,3258.5,1,1,3258.4,2,1,3258.3,5,1,3258.8,22,9,3259.1,8,1,3259.3,24,1,3259.4,14,1,3259.6,28,2
11536,2025-12-30 12:57:22+05:30,3258.7,1,3250.87,1080140,113011.0,123764.0,3250.0,3265.1,3239.8,3251.5,44625000,3576.6,2926.4,4322.95,2866.6,3258.7,50,5,3258.6,10,4,3258.5,1,1,3258.4,2,1,3258.3,5,1,3258.8,22,9,3259.1,8,1,3259.3,24,1,3259.4,14,1,3259.6,28,2
11536,2025-12-30 12:57:23+05:30,3258.7,1,3250.87,1080145,114452.0,123814.0,3250.0,3265.1,3239.8,3251.5,44625000,3576.6,2926.4,4322.95,2866.6,3258.7,35,4,3258.6,10,4,3258.5,11,2,3258.4,2,1,3258.3,5,1,3258.8,22,9,3259.3,24,1,3259.4,14,1,3259.6,28,2,3259.8,77,3
11536,2025-12-30 12:57:23+05:30,3258.7,2,3250.87,1080145,114452.0,123814.0,3250.0,3265.1,3239.8,3251.5,44625000,3576.6,2926.4,4322.95,2866.6,3258.7,35,4,3258.6,10,4,3258.5,11,2,3258.4,2,1,3258.3,5,1,3258.8,22,9,3259.3,24,1,3259.4,14,1,3259.6,28,2,3259.8,77,3
11536,2025-12-30 12:57:24+05:30,3258.7,1,3250.87,1080158,114426.0,123806.0,3250.0,3265.1,3239.8,3251.5,44625000,3576.6,2926.4,4322.95,2866.6,3258.7,31,5,3258.6,10,4,3258.5,1,1,3258.4,2,1,3258.3,5,1,3258.8,22,9,3259.3,32,2,3259.6,28,2,3259.8,77,3,3259.9,17,1
11536,2025-12-30 12:57:24+05:30,3258.7,1,3250.87,1080158,114426.0,123806.0,3250.0,3265.1,3239.8,3251.5,44625000,3576.6,2926.4,4322.95,2866.6,3258.7,31,5,3258.6,10,4,3258.5,1,1,3258.4,2,1,3258.3,5,1,3258.8,22,9,3259.3,32,2,3259.6,28,2,3259.8,77,3,3259.9,17,1
11536,2025-12-30 12:57:25+05:30,3258.8,1,3250.87,1080171,114497.0,123606.0,3250.0,3265.1,3239.8,3251.5,44625000,3576.6,2926.4,4322.95,2866.6,3258.7,19,4,3258.6,10,4,3258.5,1,1,3258.4,2,1,3258.3,5,1,3258.8,22,10,3259.3,32,2,3259.6,28,2,3259.8,77,3,3259.9,17,1
11536,2025-12-30 12:57:25+05:30,3258.7,1,3250.87,1080171,114497.0,123606.0,3250.0,3265.1,3239.8,3251.5,44625000,3576.6,2926.4,4322.95,2866.6,3258.7,19,4,3258.6,10,4,3258.5,1,1,3258.4,2,1,3258.3,5,1,3258.8,22,10,3259.3,32,2,3259.6,28,2,3259.8,77,3,3259.9,17,1
11536,2025-12-30 12:57:26+05:30,3258.7,1,3250.87,1080179,114493.0,123605.0,3250.0,3265.1,3239.8,3251.5,44625000,3576.6,2926.4,4322.95,2866.6,3258.7,6,1,3258.6,10,4,3258.5,10,2,3258.4,2,1,3258.3,5,1,3258.8,19,11,3259.3,24,1,3259.6,28,2,3259.8,77,3,3259.9,17,1
11536,2025-12-30 12:57:26+05:30,3258.7,1,3250.87,1080179,114493.0,123605.0,3250.0,3265.1,3239.8,3251.5,44625000,3576.6,2926.4,4322.95,2866.6,3258.7,6,1,3258.6,10,4,3258.5,10,2,3258.4,2,1,3258.3,5,1,3258.8,19,11,3259.3,24,1,3259.6,28,2,3259.8,77,3,3259.9,17,1
11536,2025-12-30 12:57:27+05:30,3258.6,1,3250.87,1080266,113920.0,123963.0,3250.0,3265.1,3239.8,3251.5,44625000,3576.6,2926.4,4322.95,2866.6,3258.5,11,2,3258.4,2,1,3258.3,5,1,3258.2,25,3,3258.1,45,3,3258.6,1,1,3258.8,21,10,3259.1,31,2,3259.4,11,1,3259.5,57,2
11536,2025-12-30 12:57:27+05:30,3258.8,1,3250.87,1080266,113920.0,123963.0,3250.0,3265.1,3239.8,3251.5,44625000,3576.6,2926.4,4322.95,2866.6,3258.5,11,2,3258.4,2,1,3258.3,5,1,3258.2,25,3,3258.1,45,3,3258.6,1,1,3258.8,21,10,3259.1,31,2,3259.4,11,1,3259.5,57,2
11536,2025-12-30 12:57:28+05:30,3258.5,2,3250.87,1080312,112323.0,123739.0,3250.0,3265.1,3239.8,3251.5,44625000,3576.6,2926.4,4322.95,2866.6,3258.5,9,2,3258.4,2,1,3258.3,5,1,3258.2,25,3,3258.1,45,3,3258.8,7,5,3259.1,23,1,3259.4,11,1,3259.5,46,1,3259.6,27,2
11536,2025-12-30 12:57:28+05:30,3258.5,1,3250.87,1080312,112323.0,123739.0,3250.0,3265.1,3239.8,3251.5,44625000,3576.6,2926.4,4322.95,2866.6,3258.5,9,2,3258.4,2,1,3258.3,5,1,3258.2,25,3,3258.1,45,3,3258.8,7,5,3259.1,23,1,3259.4,11,1,3259.5,46,1,3259.6,27,2
11536,2025-12-30 12:57:29+05:30,3258.5,6,3250.87,1080319,112874.0,123728.0,3250.0,3265.1,3239.8,3251.5,44625000,3576.6,2926.4,4322.95,2866.6,3258.4,10,2,3258.3,5,1,3258.2,25,3,3258.1,137,4,3258.0,508,5,3258.5,2,1,3258.8,10,7,3259.1,23,1,3259.5,17,1,3259.6,13,1
11536,2025-12-30 12:57:29+05:30,3258.8,2,3250.87,1080319,112874.0,123728.0,3250.0,3265.1,3239.8,3251.5,44625000,3576.6,2926.4,4322.95,2866.6,3258.4,10,2,3258.3,5,1,3258.2,25,3,3258.1,137,4,3258.0,508,5,3258.5,2,1,3258.8,10,7,3259.1,23,1,3259.5,17,1,3259.6,13,1
11536,2025-12-30 12:57:30+05:30,3258.4,1,3250.87,1080375,114319.0,123657.0,3250.0,3265.1,3239.8,3251.5,44625000,3576.6,2926.4,4322.95,2866.6,3258.4,10,2,3258.3,7,2,3258.2,133,6,3258.1,108,6,3258.0,527,6,3258.8,7,5,3259.1,23,1,3259.6,24,2,3259.8,62,3,3259.9,17,1
11536,2025-12-30 12:57:30+05:30,3258.4,1,3250.87,1080375,114319.0,123657.0,3250.0,3265.1,3239.8,3251.5,44625000,3576.6,2926.4,4322.95,2866.6,3258.4,10,2,3258.3,7,2,3258.2,133,6,3258.1,108,6,3258.0,527,6,3258.8,7,5,3259.1,23,1,3259.6,24,2,3259.8,62,3,3259.9,17,1
11536,2025-12-30 12:57:31+05:30,3258.8,1,3250.87,1080407,115338.0,122248.0,3250.0,3265.1,3239.8,3251.5,44625000,3576.6,2926.4,4322.95,2866.6,3258.8,18,2,3258.7,4,1,3258.6,310,6,3258.5,373,2,3258.4,30,3,3259.8,31,3,3259.9,9,1,3260.0,157,3,3260.1,14,1,3260.2,73,3
11536,2025-12-30 12:57:31+05:30,3259.8,2,3250.87,1080407,115338.0,122248.0,3250.0,3265.1,3239.8,3251.5,44625000,3576.6,2926.4,4322.95,2866.6,3258.8,18,2,3258.7,4,1,3258.6,310,6,3258.5,373,2,3258.4,30,3,3259.8,31,3,3259.9,9,1,3260.0,157,3,3260.1,14,1,3260.2,73,3
11536,2025-12-30 12:57:32+05:30,3259.8,2,3250.87,1080411,115344.0,122475.0,3250.0,3265.1,3239.8,3251.5,44625000,3576.6,2926.4,4322.95,2866.6,3258.8,4,1,3258.7,4,1,3258.6,218,5,3258.5,465,3,3258.4,30,3,3259.8,33,6,3259.9,31,2,3260.0,157,3,3260.1,21,2,3260.2,73,3
11536,2025-12-30 12:57:32+05:30,3258.8,1,3250.87,1080411,115344.0,122475.0,3250.0,3265.1,3239.8,3251.5,44625000,3576.6,2926.4,4322.95,2866.6,3258.8,4,1,3258.7,4,1,3258.6,218,5,3258.5,465,3,3258.4,30,3,3259.8,33,6,3259.9,31,2,3260.0,157,3,3260.1,21,2,3260.2,73,3
11536,2025-12-30 12:57:33+05:30,3259.6,1,3250.87,1080414,114757.0,123024.0,3250.0,3265.1,3239.8,3251.5,44625000,3576.6,2926.4,4322.95,2866.6,3258.8,3,1,3258.7,4,1,3258.6,21,1,3258.5,370,1,3258.4,30,3,3259.6,40,4,3259.8,83,10,3259.9,32,2,3260.0,173,5,3260.1,25,2
11536,2025-12-30 12:57:33+05:30,3258.6,2,3250.87,1080414,114757.0,123024.0,3250.0,3265.1,3239.8,3251.5,44625000,3576.6,2926.4,4322.95,2866.6,3258.8,3,1,3258.7,4,1,3258.6,21,1,3258.5,370,1,3258.4,30,3,3259.6,40,4,3259.8,83,10,3259.9,32,2,3260.0,173,5,3260.1,25,2
11536,2025-12-30 12:57:34+05:30,3258.6,2,3250.87,1080421,114765.0,122608.0,3250.0,3265.1,3239.8,3251.5,44625000,3576.6,2926.4,4322.95,2866.6,3258.7,130,1,3258.6,11,1,3258.5,484,3,3258.4,30,3,3258.3,24,3,3258.8,2,2,3259.6,6,3,3259.8,26,4,3260.0,159,3,3260.1,17,1
11536,2025-12-30 12:57:34+05:30,3258.7,1,3250.87,1080421,114765.0,122608.0,3250.0,3265.1,3239.8,3251.5,44625000,3576.6,2926.4,4322.95,2866.6,3258.7,130,1,3258.6,11,1,3258.5,484,3,3258.4,30,3,3258.3,24,3,3258.8,2,2,3259.6,6,3,3259.8,26,4,3260.0,159,3,3260.1,17,1
11536,2025-12-30 12:57:35+05:30,3258.8,1,3250.87,1080429,114839.0,121244.0,3250.0,3265.1,3239.8,3251.5,44625000,3576.6,2926.4,4322.95,2866.6,3258.7,124,1,3258.6,11,1,3258.5,576,4,3258.4,21,2,3258.3,24,3,3258.8,5,5,3259.6,6,3,3259.8,24,2,3260.0,159,3,3260.1,17,1
11536,2025-12-30 12:57:35+05:30,3258.8,1,3250.87,1080429,114839.0,121244.0,3250.0,3265.1,3239.8,3251.5,44625000,3576.6,2926.4,4322.95,2866.6,3258.7,124,1,3258.6,11,1,3258.5,576,4,3258.4,21,2,3258.3,24,3,3258.8,5,5,3259.6,6,3,3259.8,24,2,3260.0,159,3,3260.1,17,1
11536,2025-12-30 12:57:36+05:30,3258.7,5,3250.87,1080445,114757.0,122094.0,3250.0,3265.1,3239.8,3251.5,44625000,3576.6,2926.4,4322.95,2866.6,3258.7,113,1,3258.6,11,1,3258.5,579,5,3258.4,42,3,3258.3,66,5,3258.8,19,3,3259.6,2,2,3260.0,111,2,3260.1,14,1,3260.2,53,2
11536,2025-12-30 12:57:36+05:30,3258.7,1,3250.87,1080445,114757.0,122094.0,3250.0,3265.1,3239.8,3251.5,44625000,3576.6,2926.4,4322.95,2866.6,3258.7,113,1,3258.6,11,1,3258.5,579,5,3258.4,42,3,3258.3,66,5,3258.8,19,3,3259.6,2,2,3260.0,111,2,3260.1,14,1,3260.2,53,2
11536,2025-12-30 12:57:36+05:30,3258.7,77,3250.87,1080523,115137.0,122727.0,3250.0,3265.1,3239.8,3251.5,44625000,3576.6,2926.4,4322.95,2866.6,3258.7,45,2,3258.6,11,1,3258.5,476,3,3258.4,22,2,3258.3,49,4,3258.8,24,5,3259.6,1,1,3259.8,11,1,3260.0,156,3,3260.1,27,2
11536,2025-12-30 12:57:37+05:30,3258.7,3,3250.87,1080523,115137.0,122727.0,3250.0,3265.1,3239.8,3251.5,44625000,3576.6,2926.4,4322.95,2866.6,3258.7,45,2,3258.6,11,1,3258.5,476,3,3258.4,22,2,3258.3,49,4,3258.8,24,5,3259.6,1,1,3259.8,11,1,3260.0,156,3,3260.1,27,2
11536,2025-12-30 12:57:37+05:30,3258.7,3,3250.87,1080526,115038.0,122884.0,3250.0,3265.1,3239.8,3251.5,44625000,3576.6,2926.4,4322.95,2866.6,3258.7,33,2,3258.5,487,4,3258.4,22,2,3258.3,7,2,3258.2,186,7,3258.8,26,7,3259.8,11,1,3260.0,156,3,3260.1,27,2,3260.2,40,1
11536,2025-12-30 12:57:38+05:30,3260.0,61,3250.87,1080526,115038.0,122884.0,3250.0,3265.1,3239.8,3251.5,44625000,3576.6,2926.4,4322.95,2866.6,3258.7,33,2,3258.5,487,4,3258.4,22,2,3258.3,7,2,3258.2,186,7,3258.8,26,7,3259.8,11,1,3260.0,156,3,3260.1,27,2,3260.2,40,1
11536,2025-12-30 12:57:38+05:30,3260.0,61,3250.87,1080658,112687.0,121948.0,3250.0,3265.1,3239.8,3251.5,44625000,3576.6,2926.4,4322.95,2866.6,3258.7,43,3,3258.6,112,2,3258.5,591,6,3258.4,22,2,3258.3,50,3,3259.8,28,3,3259.9,27,2,3260.0,39,1,3260.1,24,2,3260.4,32,3
11536,2025-12-30 12:57:39+05:30,3258.8,1,3250.87,1080658,112687.0,121948.0,3250.0,3265.1,3239.8,3251.5,44625000,3576.6,2926.4,4322.95,2866.6,3258.7,43,3,3258.6,112,2,3258.5,591,6,3258.4,22,2,3258.3,50,3,3259.8,28,3,3259.9,27,2,3260.0,39,1,3260.1,24,2,3260.4,32,3
11536,2025-12-30 12:57:39+05:30,3258.8,1,3250.87,1080711,116284.0,121597.0,3250.0,3265.1,3239.8,3251.5,44625000,3576.6,2926.4,4322.95,2866.6,3258.9,44,2,3258.8,54,3,3258.7,172,6,3258.6,20,1,3258.5,564,6,3259.8,9,4,3260.0,39,1,3260.2,21,1,3260.4,13,1,3260.5,29,2
11536,2025-12-30 12:57:40+05:30,3258.9,20,3250.87,1080711,116284.0,121597.0,3250.0,3265.1,3239.8,3251.5,44625000,3576.6,2926.4,4322.95,2866.6,3258.9,44,2,3258.8,54,3,3258.7,172,6,3258.6,20,1,3258.5,564,6,3259.8,9,4,3260.0,39,1,3260.2,21,1,3260.4,13,1,3260.5,29,2
11536,2025-12-30 12:57:40+05:30,3258.9,20,3250.87,1080731,116126.0,121588.0,3250.0,3265.1,3239.8,3251.5,44625000,3576.6,2926.4,4322.95,2866.6,3259.0,14,1,3258.9,38,3,3258.8,54,3,3258.7,182,7,3258.6,26,2,3259.8,7,5,3260.0,39,1,3260.2,21,1,3260.4,13,1,3260.5,29,2
11536,2025-12-30 12:57:41+05:30,3258.9,9,3250.87,1080731,116126.0,121588.0,3250.0,3265.1,3239.8,3251.5,44625000,3576.6,2926.4,4322.95,2866.6,3259.0,14,1,3258.9,38,3,3258.8,54,3,3258.7,182,7,3258.6,26,2,3259.8,7,5,3260.0,39,1,3260.2,21,1,3260.4,13,1,3260.5,29,2
11536,2025-12-30 12:57:41+05:30,3258.9,9,3250.87,1080754,115673.0,121782.0,3250.0,3265.1,3239.8,3251.5,44625000,3576.6,2926.4,4322.95,2866.6,3258.9,5,1,3258.8,13,1,3258.7,60,5,3258.6,118,3,3258.5,543,4,3259.0,2,1,3259.8,5,5,3260.0,39,1,3260.1,38,2,3260.2,21,1
11536,2025-12-30 12:57:42+05:30,3259.0,1,3250.87,1080754,115673.0,121782.0,3250.0,3265.1,3239.8,3251.5,44625000,3576.6,2926.4,4322.95,2866.6,3258.9,5,1,3258.8,13,1,3258.7,60,5,3258.6,118,3,3258.5,543,4,3259.0,2,1,3259.8,5,5,3260.0,39,1,3260.1,38,2,3260.2,21,1
11536,2025-12-30 12:57:42+05:30,3259.0,1,3250.87,1080774,115741.0,122756.0,3250.0,3265.1,3239.8,3251.5,44625000,3576.6,2926.4,4322.95,2866.6,3258.8,14,1,3258.7,56,3,3258.6,105,2,3258.5,532,4,3258.4,55,4,3259.0,4,3,3259.8,3,3,3260.0,39,1,3260.1,14,1,3260.2,21,1
11536,2025-12-30 12:57:43+05:30,3258.7,1,3250.87,1080774,115741.0,122756.0,3250.0,3265.1,3239.8,3251.5,44625000,3576.6,2926.4,4322.95,2866.6,3258.8,14,1,3258.7,56,3,3258.6,105,2,3258.5,532,4,3258.4,55,4,3259.0,4,3,3259.8,3,3,3260.0,39,1,3260.1,14,1,3260.2,21,1
11536,2025-12-30 12:57:43+05:30,3258.7,1,3250.87,1080787,115784.0,122711.0,3250.0,3265.1,3239.8,3251.5,44625000,3576.6,2926.4,4322.95,2866.6,3258.7,51,3,3258.6,92,1,3258.5,564,5,3258.4,55,4,3258.3,38,4,3259.0,6,6,3259.8,1,1,3260.0,39,1,3260.1,14,1,3260.2,21,1
11536,2025-12-30 12:57:44+05:30,3259.0,1,3250.87,1080787,115784.0,122711.0,3250.0,3265.1,3239.8,3251.5,44625000,3576.6,2926.4,4322.95,2866.6,3258.7,51,3,3258.6,92,1,3258.5,564,5,3258.4,55,4,3258.3,38,4,3259.0,6,6,3259.8,1,1,3260.0,39,1,3260.1,14,1,3260.2,21,1
11536,2025-12-30 12:57:44+05:30,3259.0,1,3250.87,1080794,115780.0,121313.0,3250.0,3265.1,3239.8,3251.5,44625000,3576.6,2926.4,4322.95,2866.6,3258.7,84,3,3258.6,118,3,3258.5,563,6,3258.4,87,5,3258.3,51,5,3259.0,9,9,3260.0,39,1,3260.1,14,1,3260.2,21,1,3260.3,16,1
11536,2025-12-30 12:57:45+05:30,3258.7,1,3250.87,1080794,115780.0,121313.0,3250.0,3265.1,3239.8,3251.5,44625000,3576.6,2926.4,4322.95,2866.6,3258.7,84,3,3258.6,118,3,3258.5,563,6,3258.4,87,5,3258.3,51,5,3259.0,9,9,3260.0,39,1,3260.1,14,1,3260.2,21,1,3260.3,16,1
11536,2025-12-30 12:57:46+05:30,3258.7,1,3250.87,1080803,115773.0,122363.0,3250.0,3265.1,3239.8,3251.5,44625000,3576.6,2926.4,4322.95,2866.6,3258.7,88,4,3258.6,118,3,3258.5,573,6,3258.4,66,4,3258.3,51,5,3259.0,8,8,3260.0,39,1,3260.1,14,1,3260.2,21,1,3260.3,16,1
11536,2025-12-30 12:57:46+05:30,3259.0,1,3250.87,1080803,115773.0,122363.0,3250.0,3265.1,3239.8,3251.5,44625000,3576.6,2926.4,4322.95,2866.6,3258.7,88,4,3258.6,118,3,3258.5,573,6,3258.4,66,4,3258.3,51,5,3259.0,8,8,3260.0,39,1,3260.1,14,1,3260.2,21,1,3260.3,16,1
11536,2025-12-30 12:57:47+05:30,3258.8,14,3250.87,1080823,114394.0,122408.0,3250.0,3265.1,3239.8,3251.5,44625000,3576.6,2926.4,4322.95,2866.6,3258.7,74,3,3258.6,139,4,3258.5,563,6,3258.4,66,4,3258.3,54,6,3258.8,8,1,3259.0,5,5,3260.0,39,1,3260.1,14,1,3260.2,21,1
11536,2025-12-30 12:57:47+05:30,3260.0,3,3250.87,1080823,114394.0,122408.0,3250.0,3265.1,3239.8,3251.5,44625000,3576.6,2926.4,4322.95,2866.6,3258.7,74,3,3258.6,139,4,3258.5,563,6,3258.4,66,4,3258.3,54,6,3258.8,8,1,3259.0,5,5,3260.0,39,1,3260.1,14,1,3260.2,21,1
11536,2025-12-30 12:57:47+05:30,3260.0,3,3250.87,1080902,116598.0,121224.0,3250.0,3265.1,3239.8,3251.5,44625000,3576.6,2926.4,4322.95,2866.6,3259.0,6,1,3258.8,315,9,3258.7,125,6,3258.6,65,3,3258.5,944,7,3260.0,44,4,3260.1,24,1,3260.4,59,2,3260.5,43,3,3260.6,58,2
11536,2025-12-30 12:57:48+05:30,3260.0,26,3250.87,1080902,116598.0,121224.0,3250.0,3265.1,3239.8,3251.5,44625000,3576.6,2926.4,4322.95,2866.6,3259.0,6,1,3258.8,315,9,3258.7,125,6,3258.6,65,3,3258.5,944,7,3260.0,44,4,3260.1,24,1,3260.4,59,2,3260.5,43,3,3260.6,58,2
11536,2025-12-30 12:57:48+05:30,3260.0,26,3250.87,1080928,116786.0,121014.0,3250.0,3265.1,3239.8,3251.5,44625000,3576.6,2926.4,4322.95,2866.6,3259.0,53,1,3258.9,14,2,3258.8,426,10,3258.7,89,5,3258.6,90,4,3260.0,17,6,3260.1,24,1,3260.4,13,1,3260.5,43,3,3260.6,58,2
11536,2025-12-30 12:57:49+05:30,3259.0,23,3250.87,1080928,116786.0,121014.0,3250.0,3265.1,3239.8,3251.5,44625000,3576.6,2926.4,4322.95,2866.6,3259.0,53,1,3258.9,14,2,3258.8,426,10,3258.7,89,5,3258.6,90,4,3260.0,17,6,3260.1,24,1,3260.4,13,1,3260.5,43,3,3260.6,58,2
11536,2025-12-30 12:57:49+05:30,3259.0,23,3250.87,1080960,116426.0,121123.0,3250.0,3265.1,3239.8,3251.5,44625000,3576.6,2926.4,4322.95,2866.6,3259.0,98,3,3258.9,14,2,3258.8,267,8,3258.7,89,5,3258.6,90,4,3260.0,8,7,3260.1,24,1,3260.2,11,1,3260.5,43,3,3260.6,58,2
11536,2025-12-30 12:57:50+05:30,3259.0,12,3250.87,1080982,116221.0,121236.0,3250.0,3265.1,3239.8,3251.5,44625000,3576.6,2926.4,4322.95,2866.6,3259.0,30,2,3258.9,14,2,3258.8,147,6,3258.7,181,6,3258.6,90,4,3260.0,11,8,3260.1,24,1,3260.2,11,1,3260.4,65,3,3260.5,29,2
11536,2025-12-30 12:57:50+05:30,3259.0,12,3250.87,1080982,116221.0,121236.0,3250.0,3265.1,3239.8,3251.5,44625000,3576.6,2926.4,4322.95,2866.6,3259.0,30,2,3258.9,14,2,3258.8,147,6,3258.7,181,6,3258.6,90,4,3260.0,11,8,3260.1,24,1,3260.2,11,1,3260.4,65,3,3260.5,29,2
11536,2025-12-30 12:57:51+05:30,3258.8,12,3250.87,1081049,116130.0,121335.0,3250.0,3265.1,3239.8,3251.5,44625000,3576.6,2926.4,4322.95,2866.6,3258.8,79,3,3258.7,355,8,3258.6,90,4,3258.5,578,5,3258.4,85,4,3260.0,10,8,3260.1,24,1,3260.2,11,1,3260.4,65,3,3260.5,29,2
11536,2025-12-30 12:57:51+05:30,3258.8,12,3250.87,1081049,116130.0,121335.0,3250.0,3265.1,3239.8,3251.5,44625000,3576.6,2926.4,4322.95,2866.6,3258.8,79,3,3258.7,355,8,3258.6,90,4,3258.5,578,5,3258.4,85,4,3260.0,10,8,3260.1,24,1,3260.2,11,1,3260.4,65,3,3260.5,29,2
11536,2025-12-30 12:57:52+05:30,3258.9,4,3250.87,1081056,114122.0,119953.0,3250.0,3265.1,3239.8,3251.5,44625000,3576.6,2926.4,4322.95,2866.6,3258.8,92,4,3258.7,404,9,3258.6,90,4,3258.5,578,5,3258.4,85,4,3260.0,10,7,3260.1,24,1,3260.2,11,1,3260.4,65,3,3260.5,29,2
11536,2025-12-30 12:57:52+05:30,3258.8,4,3250.87,1081056,114122.0,119953.0,3250.0,3265.1,3239.8,3251.5,44625000,3576.6,2926.4,4322.95,2866.6,3258.8,92,4,3258.7,404,9,3258.6,90,4,3258.5,578,5,3258.4,85,4,3260.0,10,7,3260.1,24,1,3260.2,11,1,3260.4,65,3,3260.5,29,2
11536,2025-12-30 12:57:53+05:30,3259.9,1,3250.87,1081063,114193.0,120470.0,3250.0,3265.1,3239.8,3251.5,44625000,3576.6,2926.4,4322.95,2866.6,3258.9,14,1,3258.8,83,3,3258.7,129,5,3258.6,118,3,3258.5,578,5,3259.9,31,3,3260.0,6,5,3260.2,19,1,3260.3,14,1,3260.4,54,2
11536,2025-12-30 12:57:53+05:30,3258.9,5,3250.87,1081063,114193.0,120470.0,3250.0,3265.1,3239.8,3251.5,44625000,3576.6,2926.4,4322.95,2866.6,3258.9,14,1,3258.8,83,3,3258.7,129,5,3258.6,118,3,3258.5,578,5,3259.9,31,3,3260.0,6,5,3260.2,19,1,3260.3,14,1,3260.4,54,2
11536,2025-12-30 12:57:54+05:30,3259.9,13,3250.87,1081099,115995.0,120345.0,3250.0,3265.1,3239.8,3251.5,44625000,3576.6,2926.4,4322.95,2866.6,3258.9,14,1,3258.8,187,6,3258.7,186,6,3258.6,63,4,3258.5,578,5,3259.9,16,4,3260.0,11,4,3260.2,19,1,3260.4,54,2,3260.5,29,2
11536,2025-12-30 12:57:54+05:30,3258.9,2,3250.87,1081099,115995.0,120345.0,3250.0,3265.1,3239.8,3251.5,44625000,3576.6,2926.4,4322.95,2866.6,3258.9,14,1,3258.8,187,6,3258.7,186,6,3258.6,63,4,3258.5,578,5,3259.9,16,4,3260.0,11,4,3260.2,19,1,3260.4,54,2,3260.5,29,2
11536,2025-12-30 12:57:55+05:30,3259.9,4,3250.87,1081145,116037.0,120464.0,3250.0,3265.1,3239.8,3251.5,44625000,3576.6,2926.4,4322.95,2866.6,3258.9,2,1,3258.8,217,8,3258.7,186,6,3258.6,63,4,3258.5,578,5,3259.9,10,6,3260.0,1,1,3260.1,26,1,3260.2,19,1,3260.3,15,1
11536,2025-12-30 12:57:55+05:30,3259.0,1,3250.87,1081145,116037.0,120464.0,3250.0,3265.1,3239.8,3251.5,44625000,3576.6,2926.4,4322.95,2866.6,3258.9,2,1,3258.8,217,8,3258.7,186,6,3258.6,63,4,3258.5,578,5,3259.9,10,6,3260.0,1,1,3260.1,26,1,3260.2,19,1,3260.3,15,1
11536,2025-12-30 12:57:56+05:30,3260.4,17,3250.87,1081220,115245.0,121037.0,3250.0,3265.1,3239.8,3251.5,44625000,3576.6,2926.4,4322.95,2866.6,3259.0,203,4,3258.9,94,2,3258.8,171,7,3258.7,137,6,3258.6,106,5,3260.3,66,5,3260.4,4,1,3260.5,23,1,3260.6,20,2,3260.7,68,4
11536,2025-12-30 12:57:56+05:30,3260.4,17,3250.87,1081220,115245.0,121037.0,3250.0,3265.1,3239.8,3251.5,44625000,3576.6,2926.4,4322.95,2866.6,3259.0,203,4,3258.9,94,2,3258.8,171,7,3258.7,137,6,3258.6,106,5,3260.3,66,5,3260.4,4,1,3260.5,23,1,3260.6,20,2,3260.7,68,4
11536,2025-12-30 12:57:57+05:30,3259.0,58,3250.88,1081298,113522.0,121313.0,3250.0,3265.1,3239.8,3251.5,44625000,3576.6,2926.4,4322.95,2866.6,3259.0,61,1,3258.9,41,2,3258.8,224,7,3258.7,123,5,3258.6,89,4,3260.3,74,9,3260.4,4,1,3260.5,69,2,3260.6,20,2,3260.7,68,4
11536,2025-12-30 12:57:57+05:30,3259.0,58,3250.88,1081298,113522.0,121313.0,3250.0,3265.1,3239.8,3251.5,44625000,3576.6,2926.4,4322.95,2866.6,3259.0,61,1,3258.9,41,2,3258.8,224,7,3258.7,123,5,3258.6,89,4,3260.3,74,9,3260.4,4,1,3260.5,69,2,3260.6,20,2,3260.7,68,4
11536,2025-12-30 12:57:58+05:30,3259.0,2,3250.88,1081300,114591.0,121920.0,3250.0,3265.1,3239.8,3251.5,44625000,3576.6,2926.4,4322.95,2866.6,3259.0,82,4,3258.9,163,4,3258.8,132,6,3258.7,123,5,3258.6,181,5,3260.3,107,13,3260.4,23,2,3260.5,86,3,3260.6,20,2,3260.7,68,4
11536,2025-12-30 12:57:58+05:30,3259.0,14,3250.88,1081300,114591.0,121920.0,3250.0,3265.1,3239.8,3251.5,44625000,3576.6,2926.4,4322.95,2866.6,3259.0,82,4,3258.9,163,4,3258.8,132,6,3258.7,123,5,3258.6,181,5,3260.3,107,13,3260.4,23,2,3260.5,86,3,3260.6,20,2,3260.7,68,4
11536,2025-12-30 12:57:59+05:30,3259.1,1,3250.88,1081340,114576.0,122103.0,3250.0,3265.1,3239.8,3251.5,44625000,3576.6,2926.4,4322.95,2866.6,3259.1,13,1,3259.0,58,3,3258.9,41,2,3258.8,132,6,3258.7,123,5,3260.0,26,1,3260.1,36,6,3260.2,19,2,3260.3,62,8,3260.4,28,2
11536,2025-12-30 12:57:59+05:30,3260.0,13,3250.88,1081340,114576.0,122103.0,3250.0,3265.1,3239.8,3251.5,44625000,3576.6,2926.4,4322.95,2866.6,3259.1,13,1,3259.0,58,3,3258.9,41,2,3258.8,132,6,3258.7,123,5,3260.0,26,1,3260.1,36,6,3260.2,19,2,3260.3,62,8,3260.4,28,2
11536,2025-12-30 12:58:00+05:30,3259.1,3,3250.88,1081378,114383.0,121362.0,3250.0,3265.1,3239.8,3251.5,44625000,3576.6,2926.4,4322.95,2866.6,3259.1,14,1,3259.0,51,3,3258.9,41,2,3258.8,193,5,3258.7,106,5,3260.0,13,3,3260.1,3,3,3260.3,37,2,3260.4,25,2,3260.5,69,2
11536,2025-12-30 12:58:00+05:30,3259.1,3,3250.88,1081378,114383.0,121362.0,3250.0,3265.1,3239.8,3251.5,44625000,3576.6,2926.4,4322.95,2866.6,3259.1,14,1,3259.0,51,3,3258.9,41,2,3258.8,193,5,3258.7,106,5,3260.0,13,3,3260.1,3,3,3260.3,37,2,3260.4,25,2,3260.5,69,2
11536,2025-12-30 12:58:01+05:30,3259.0,1,3250.88,1081404,114401.0,120152.0,3250.0,3265.1,3239.8,3251.5,44625000,3576.6,2926.4,4322.95,2866.6,3259.0,26,3,3258.9,41,2,3258.8,215,6,3258.7,80,4,3258.6,64,3,3260.0,20,8,3260.1,1,1,3260.3,54,3,3260.4,11,1,3260.5,69,2
11536,2025-12-30 12:58:01+05:30,3259.0,1,3250.88,1081404,114401.0,120152.0,3250.0,3265.1,3239.8,3251.5,44625000,3576.6,2926.4,4322.95,2866.6,3259.0,26,3,3258.9,41,2,3258.8,215,6,3258.7,80,4,3258.6,64,3,3260.0,20,8,3260.1,1,1,3260.3,54,3,3260.4,11,1,3260.5,69,2
11536,2025-12-30 12:58:02+05:30,3259.1,1,3250.88,1081419,114450.0,121511.0,3250.0,3265.1,3239.8,3251.5,44625000,3576.6,2926.4,4322.95,2866.6,3259.1,13,1,3259.0,32,4,3258.9,52,3,3258.8,222,7,3258.7,80,4,3260.0,17,8,3260.1,8,1,3260.3,47,2,3260.4,11,1,3260.5,69,2
11536,2025-12-30 12:58:02+05:30,3260.0,2,3250.88,1081419,114450.0,121511.0,3250.0,3265.1,3239.8,3251.5,44625000,3576.6,2926.4,4322.95,2866.6,3259.1,13,1,3259.0,32,4,3258.9,52,3,3258.8,222,7,3258.7,80,4,3260.0,17,8,3260.1,8,1,3260.3,47,2,3260.4,11,1,3260.5,69,2
11536,2025-12-30 12:58:03+05:30,3259.1,3,3250.88,1081436,116368.0,121302.0,3250.0,3265.1,3239.8,3251.5,44625000,3576.6,2926.4,4322.95,2866.6,3259.0,53,4,3258.9,198,7,3258.8,111,5,3258.7,91,5,3258.6,57,4,3259.1,1,1,3260.0,9,9,3260.5,69,2,3260.6,21,2,3260.7,67,4
11536,2025-12-30 12:58:03+05:30,3260.5,3,3250.88,1081436,116368.0,121302.0,3250.0,3265.1,3239.8,3251.5,44625000,3576.6,2926.4,4322.95,2866.6,3259.0,53,4,3258.9,198,7,3258.8,111,5,3258.7,91,5,3258.6,57,4,3259.1,1,1,3260.0,9,9,3260.5,69,2,3260.6,21,2,3260.7,67,4
11536,2025-12-30 12:58:04+05:30,3259.4,3,3250.88,1081621,117394.0,120548.0,3250.0,3265.1,3239.8,3251.5,44625000,3576.6,2926.4,4322.95,2866.6,3259.4,25,3,3259.2,21,1,3259.1,146,3,3259.0,122,5,3258.9,142,7,3260.4,35,3,3260.5,18,5,3260.7,29,2,3260.8,31,3,3260.9,40,4
11536,2025-12-30 12:58:04+05:30,3259.4,3,3250.88,1081621,117394.0,120548.0,3250.0,3265.1,3239.8,3251.5,44625000,3576.6,2926.4,4322.95,2866.6,3259.4,25,3,3259.2,21,1,3259.1,146,3,3259.0,122,5,3258.9,142,7,3260.4,35,3,3260.5,18,5,3260.7,29,2,3260.8,31,3,3260.9,40,4
11536,2025-12-30 12:58:05+05:30,3260.4,1,3250.88,1081622,117292.0,120774.0,3250.0,3265.1,3239.8,3251.5,44625000,3576.6,2926.4,4322.95,2866.6,3259.4,6,2,3259.2,21,1,3259.1,63,3,3259.0,204,5,3258.9,103,6,3260.4,63,7,3260.5,14,4,3260.6,28,2,3260.7,48,3,3260.8,31,3
11536,2025-12-30 12:58:05+05:30,3260.4,1,3250.88,1081622,117292.0,120774.0,3250.0,3265.1,3239.8,3251.5,44625000,3576.6,2926.4,4322.95,2866.6,3259.4,6,2,3259.2,21,1,3259.1,63,3,3259.0,204,5,3258.9,103,6,3260.4,63,7,3260.5,14,4,3260.6,28,2,3260.7,48,3,3260.8,31,3
11536,2025-12-30 12:58:06+05:30,3259.4,35,3250.88,1081679,117121.0,120894.0,3250.0,3265.1,3239.8,3251.5,44625000,3576.6,2926.4,4322.95,2866.6,3259.4,17,2,3259.2,9,1,3259.0,25,2,3258.9,87,4,3258.8,91,4,3260.0,499,1,3260.3,18,2,3260.4,54,6,3260.5,2,2,3260.6,121,4
11536,2025-12-30 12:58:06+05:30,3259.4,35,3250.88,1081679,117121.0,120894.0,3250.0,3265.1,3239.8,3251.5,44625000,3576.6,2926.4,4322.95,2866.6,3259.4,17,2,3259.2,9,1,3259.0,25,2,3258.9,87,4,3258.8,91,4,3260.0,499,1,3260.3,18,2,3260.4,54,6,3260.5,2,2,3260.6,121,4
11536,2025-12-30 12:58:07+05:30,3259.4,1,3250.88,1081763,116283.0,122550.0,3250.0,3265.1,3239.8,3251.5,44625000,3576.6,2926.4,4322.95,2866.6,3259.4,21,2,3259.2,9,1,3259.0,25,2,3258.9,44,3,3258.8,91,4,3260.0,509,5,3260.1,8,1,3260.2,26,1,3260.3,46,2,3260.4,28,5
11536,2025-12-30 12:58:07+05:30,3259.4,3,3250.88,1081763,116283.0,122550.0,3250.0,3265.1,3239.8,3251.5,44625000,3576.6,2926.4,4322.95,2866.6,3259.4,21,2,3259.2,9,1,3259.0,25,2,3258.9,44,3,3258.8,91,4,3260.0,509,5,3260.1,8,1,3260.2,26,1,3260.3,46,2,3260.4,28,5
11536,2025-12-30 12:58:08+05:30,3259.4,1,3250.88,1081801,115996.0,122635.0,3250.0,3265.1,3239.8,3251.5,44625000,3576.6,2926.4,4322.95,2866.6,3259.4,3,2,3259.2,9,1,3259.0,25,2,3258.9,38,2,3258.8,48,3,3259.9,10,5,3260.0,554,7,3260.1,35,3,3260.2,19,1,3260.3,36,1
11536,2025-12-30 12:58:08+05:30,3259.4,3,3250.88,1081801,115996.0,122635.0,3250.0,3265.1,3239.8,3251.5,44625000,3576.6,2926.4,4322.95,2866.6,3259.4,3,2,3259.2,9,1,3259.0,25,2,3258.9,38,2,3258.8,48,3,3259.9,10,5,3260.0,554,7,3260.1,35,3,3260.2,19,1,3260.3,36,1
11536,2025-12-30 12:58:09+05:30,3259.2,26,3250.88,1081850,114231.0,122403.0,3250.0,3265.1,3239.8,3251.5,44625000,3576.6,2926.4,4322.95,2866.6,3259.0,5,1,3258.9,11,1,3258.8,48,3,3258.7,47,3,3258.6,185,3,3259.9,10,7,3260.0,549,5,3260.1,10,1,3260.4,100,4,3260.5,44,1
11536,2025-12-30 12:58:09+05:30,3259.0,9,3250.88,1081850,114231.0,122403.0,3250.0,3265.1,3239.8,3251.5,44625000,3576.6,2926.4,4322.95,2866.6,3259.0,5,1,3258.9,11,1,3258.8,48,3,3258.7,47,3,3258.6,185,3,3259.9,10,7,3260.0,549,5,3260.1,10,1,3260.4,100,4,3260.5,44,1
11536,2025-12-30 12:58:10+05:30,3259.2,1,3250.88,1081870,115766.0,122179.0,3250.0,3265.1,3239.8,3251.5,44625000,3576.6,2926.4,4322.95,2866.6,3259.0,6,1,3258.9,11,1,3258.8,48,3,3258.7,47,3,3258.6,46,4,3259.2,3,3,3259.9,4,4,3260.0,548,4,3260.1,26,2,3260.4,192,5
11536,2025-12-30 12:58:10+05:30,3260.0,1,3250.88,1081870,115766.0,122179.0,3250.0,3265.1,3239.8,3251.5,44625000,3576.6,2926.4,4322.95,2866.6,3259.0,6,1,3258.9,11,1,3258.8,48,3,3258.7,47,3,3258.6,46,4,3259.2,3,3,3259.9,4,4,3260.0,548,4,3260.1,26,2,3260.4,192,5
11536,2025-12-30 12:58:11+05:30,3259.0,3,3250.88,1081922,114411.0,121471.0,3250.0,3265.1,3239.8,3251.5,44625000,3576.6,2926.4,4322.95,2866.6,3259.0,24,2,3258.9,25,2,3258.8,65,4,3258.7,47,3,3258.6,24,3,3259.9,26,1,3260.0,521,4,3260.1,15,1,3260.2,11,1,3260.4,89,3
11536,2025-12-30 12:58:11+05:30,3259.0,1,3250.88,1081922,114411.0,121471.0,3250.0,3265.1,3239.8,3251.5,44625000,3576.6,2926.4,4322.95,2866.6,3259.0,24,2,3258.9,25,2,3258.8,65,4,3258.7,47,3,3258.6,24,3,3259.9,26,1,3260.0,521,4,3260.1,15,1,3260.2,11,1,3260.4,89,3
11536,2025-12-30 12:58:12+05:30,3259.0,1,3250.88,1081925,113019.0,121471.0,3250.0,3265.1,3239.8,3251.5,44625000,3576.6,2926.4,4322.95,2866.6,3259.0,23,2,3258.9,25,2,3258.8,65,4,3258.7,47,3,3258.6,24,3,3259.9,26,3,3260.0,521,4,3260.1,15,1,3260.2,11,1,3260.4,89,3
11536,2025-12-30 12:58:12+05:30,3259.0,1,3250.88,1081925,113019.0,121471.0,3250.0,3265.1,3239.8,3251.5,44625000,3576.6,2926.4,4322.95,2866.6,3259.0,23,2,3258.9,25,2,3258.8,65,4,3258.7,47,3,3258.6,24,3,3259.9,26,3,3260.0,521,4,3260.1,15,1,3260.2,11,1,3260.4,89,3
11536,2025-12-30 12:58:13+05:30,3259.0,15,3250.88,1081944,114438.0,121743.0,3250.0,3265.1,3239.8,3251.5,44625000,3576.6,2926.4,4322.95,2866.6,3259.0,12,2,3258.9,11,1,3258.8,48,3,3258.7,66,4,3258.6,24,3,3259.9,26,5,3260.0,520,4,3260.1,15,1,3260.2,11,1,3260.4,89,3
11536,2025-12-30 12:58:13+05:30,3259.0,1,3250.88,1081944,114438.0,121743.0,3250.0,3265.1,3239.8,3251.5,44625000,3576.6,2926.4,4322.95,2866.6,3259.0,12,2,3258.9,11,1,3258.8,48,3,3258.7,66,4,3258.6,24,3,3259.9,26,5,3260.0,520,4,3260.1,15,1,3260.2,11,1,3260.4,89,3
11536,2025-12-30 12:58:14+05:30,3259.0,4,3250.88,1081954,114584.0,121754.0,3250.0,3265.1,3239.8,3251.5,44625000,3576.6,2926.4,4322.95,2866.6,3259.0,2,1,3258.9,11,1,3258.8,48,3,3258.7,66,4,3258.6,24,3,3259.9,28,7,3260.0,519,3,3260.1,16,2,3260.2,47,2,3260.4,181,4
11536,2025-12-30 12:58:14+05:30,3259.0,4,3250.88,1081954,114584.0,121754.0,3250.0,3265.1,3239.8,3251.5,44625000,3576.6,2926.4,4322.95,2866.6,3259.0,2,1,3258.9,11,1,3258.8,48,3,3258.7,66,4,3258.6,24,3,3259.9,28,7,3260.0,519,3,3260.1,16,2,3260.2,47,2,3260.4,181,4
11536,2025-12-30 12:58:15+05:30,3259.0,5,3250.88,1081962,114613.0,122269.0,3250.0,3265.1,3239.8,3251.5,44625000,3576.6,2926.4,4322.95,2866.6,3259.0,1,1,3258.9,11,1,3258.8,48,3,3258.7,47,3,3258.6,21,2,3259.7,41,3,3259.8,10,2,3259.9,4,4,3260.0,573,5,3260.1,30,3
11536,2025-12-30 12:58:15+05:30,3259.0,5,3250.88,1081962,114613.0,122269.0,3250.0,3265.1,3239.8,3251.5,44625000,3576.6,2926.4,4322.95,2866.6,3259.0,1,1,3258.9,11,1,3258.8,48,3,3258.7,47,3,3258.6,21,2,3259.7,41,3,3259.8,10,2,3259.9,4,4,3260.0,573,5,3260.1,30,3
11536,2025-12-30 12:58:16+05:30,3259.0,3,3250.88,1081966,116201.0,121589.0,3250.0,3265.1,3239.8,3251.5,44625000,3576.6,2926.4,4322.95,2866.6,3259.0,1,1,3258.9,11,1,3258.8,48,3,3258.7,47,3,3258.6,21,2,3259.7,36,4,3259.8,17,3,3259.9,3,3,3260.0,573,5,3260.1,26,3
11536,2025-12-30 12:58:16+05:30,3258.9,1,3250.88,1081966,116201.0,121589.0,3250.0,3265.1,3239.8,3251.5,44625000,3576.6,2926.4,4322.95,2866.6,3259.0,1,1,3258.9,11,1,3258.8,48,3,3258.7,47,3,3258.6,21,2,3259.7,36,4,3259.8,17,3,3259.9,3,3,3260.0,573,5,3260.1,26,3
11536,2025-12-30 12:58:17+05:30,3259.0,52,3250.88,1082045,115768.0,121748.0,3250.0,3265.1,3239.8,3251.5,44625000,3576.6,2926.4,4322.95,2866.6,3258.9,8,1,3258.8,27,2,3258.7,20,2,3258.6,74,4,3258.5,396,2,3259.0,2,1,3259.7,38,6,3259.9,1,1,3260.0,519,3,3260.1,18,2
11536,2025-12-30 12:58:17+05:30,3259.0,3,3250.88,1082045,115768.0,121748.0,3250.0,3265.1,3239.8,3251.5,44625000,3576.6,2926.4,4322.95,2866.6,3258.9,8,1,3258.8,27,2,3258.7,20,2,3258.6,74,4,3258.5,396,2,3259.0,2,1,3259.7,38,6,3259.9,1,1,3260.0,519,3,3260.1,18,2
11536,2025-12-30 12:58:18+05:30,3259.0,3,3250.88,1082109,116069.0,122046.0,3250.0,3265.1,3239.8,3251.5,44625000,3576.6,2926.4,4322.95,2866.6,3258.9,6,1,3258.8,27,2,3258.7,23,3,3258.6,21,2,3258.5,395,3,3259.0,13,3,3259.7,16,5,3260.0,519,3,3260.1,28,3,3260.3,46,2
11536,2025-12-30 12:58:18+05:30,3258.9,3,3250.88,1082109,116069.0,122046.0,3250.0,3265.1,3239.8,3251.5,44625000,3576.6,2926.4,4322.95,2866.6,3258.9,6,1,3258.8,27,2,3258.7,23,3,3258.6,21,2,3258.5,395,3,3259.0,13,3,3259.7,16,5,3260.0,519,3,3260.1,28,3,3260.3,46,2
11536,2025-12-30 12:58:19+05:30,3258.9,3,3250.88,1082166,116294.0,122278.0,3250.0,3265.1,3239.8,3251.5,44625000,3576.6,2926.4,4322.95,2866.6,3258.9,11,1,3258.8,47,3,3258.7,23,3,3258.6,21,2,3258.5,395,2,3259.7,4,3,3259.9,26,1,3260.0,519,3,3260.1,28,3,3260.4,191,5
11536,2025-12-30 12:58:19+05:30,3258.9,1,3250.88,1082166,116294.0,122278.0,3250.0,3265.1,3239.8,3251.5,44625000,3576.6,2926.4,4322.95,2866.6,3258.9,11,1,3258.8,47,3,3258.7,23,3,3258.6,21,2,3258.5,395,2,3259.7,4,3,3259.9,26,1,3260.0,519,3,3260.1,28,3,3260.4,191,5
11536,2025-12-30 12:58:20+05:30,3260.4,30,3250.89,1082819,115538.0,120712.0,3250.0,3265.1,3239.8,3251.5,44625000,3576.6,2926.4,4322.95,2866.6,3259.2,23,2,3259.1,92,1,3259.0,51,3,3258.9,480,5,3258.8,105,5,3260.4,40,2,3260.5,16,2,3260.6,1,1,3260.7,29,2,3260.8,33,2
11536,2025-12-30 12:58:20+05:30,3259.1,4,3250.89,1082819,115538.0,120712.0,3250.0,3265.1,3239.8,3251.5,44625000,3576.6,2926.4,4322.95,2866.6,3259.2,23,2,3259.1,92,1,3259.0,51,3,3258.9,480,5,3258.8,105,5,3260.4,40,2,3260.5,16,2,3260.6,1,1,3260.7,29,2,3260.8,33,2
11536,2025-12-30 12:58:21+05:30,3260.3,9,3250.89,1082965,115452.0,119737.0,3250.0,3265.1,3239.8,3251.5,44625000,3576.6,2926.4,4322.95,2866.6,3259.1,9,1,3259.0,98,4,3258.9,210,5,3258.8,108,6,3258.7,422,5,3260.3,19,4,3260.4,90,5,3260.5,7,1,3260.6,1,1,3260.7,36,2
11536,2025-12-30 12:58:21+05:30,3260.3,9,3250.89,1082965,115452.0,119737.0,3250.0,3265.1,3239.8,3251.5,44625000,3576.6,2926.4,4322.95,2866.6,3259.1,9,1,3259.0,98,4,3258.9,210,5,3258.8,108,6,3258.7,422,5,3260.3,19,4,3260.4,90,5,3260.5,7,1,3260.6,1,1,3260.7,36,2
11536,2025-12-30 12:58:22+05:30,3260.3,9,3250.89,1082965,115088.0,120974.0,3250.0,3265.1,3239.8,3251.5,44625000,3576.6,2926.4,4322.95,2866.6,3259.1,9,1,3259.0,98,4,3258.9,210,5,3258.8,108,6,3258.7,422,5,3260.3,31,5,3260.4,90,5,3260.5,7,1,3260.6,1,1,3260.7,36,2
11536,2025-12-30 12:58:22+05:30,3259.1,9,3250.89,1082965,115088.0,120974.0,3250.0,3265.1,3239.8,3251.5,44625000,3576.6,2926.4,4322.95,2866.6,3259.1,9,1,3259.0,98,4,3258.9,210,5,3258.8,108,6,3258.7,422,5,3260.3,31,5,3260.4,90,5,3260.5,7,1,3260.6,1,1,3260.7,36,2
11536,2025-12-30 12:58:23+05:30,3259.0,20,3250.89,1082994,115310.0,122377.0,3250.0,3265.1,3239.8,3251.5,44625000,3576.6,2926.4,4322.95,2866.6,3258.9,9,1,3258.8,27,2,3258.7,20,2,3258.6,40,3,3258.5,483,4,3259.0,3,1,3259.1,13,3,3260.2,12,1,3260.3,10,2,3260.4,102,4
11536,2025-12-30 12:58:23+05:30,3258.8,13,3250.89,1082994,115310.0,122377.0,3250.0,3265.1,3239.8,3251.5,44625000,3576.6,2926.4,4322.95,2866.6,3258.9,9,1,3258.8,27,2,3258.7,20,2,3258.6,40,3,3258.5,483,4,3259.0,3,1,3259.1,13,3,3260.2,12,1,3260.3,10,2,3260.4,102,4
11536,2025-12-30 12:58:24+05:30,3258.8,15,3250.89,1083121,115335.0,122524.0,3250.0,3265.1,3239.8,3251.5,44625000,3576.6,2926.4,4322.95,2866.6,3258.8,7,1,3258.7,20,2,3258.6,21,2,3258.5,461,3,3258.4,44,3,3259.0,9,5,3259.1,13,3,3260.1,13,1,3260.3,7,1,3260.4,105,4
11536,2025-12-30 12:58:24+05:30,3258.7,1,3250.89,1083121,115335.0,122524.0,3250.0,3265.1,3239.8,3251.5,44625000,3576.6,2926.4,4322.95,2866.6,3258.8,7,1,3258.7,20,2,3258.6,21,2,3258.5,461,3,3258.4,44,3,3259.0,9,5,3259.1,13,3,3260.1,13,1,3260.3,7,1,3260.4,105,4
11536,2025-12-30 12:58:25+05:30,3258.7,7,3250.89,1083208,114552.0,122204.0,3250.0,3265.1,3239.8,3251.5,44625000,3576.6,2926.4,4322.95,2866.6,3258.7,13,2,3258.6,1,1,3258.5,458,2,3258.4,54,4,3258.3,35,4,3258.8,6,4,3259.0,10,6,3259.1,1,1,3259.9,13,1,3260.0,17,1
11536,2025-12-30 12:58:25+05:30,3258.7,22,3250.89,1083208,114552.0,122204.0,3250.0,3265.1,3239.8,3251.5,44625000,3576.6,2926.4,4322.95,2866.6,3258.7,13,2,3258.6,1,1,3258.5,458,2,3258.4,54,4,3258.3,35,4,3258.8,6,4,3259.0,10,6,3259.1,1,1,3259.9,13,1,3260.0,17,1
11536,2025-12-30 12:58:26+05:30,3258.7,2,3250.89,1083290,114882.0,122205.0,3250.0,3265.1,3239.8,3251.5,44625000,3576.6,2926.4,4322.95,2866.6,3258.7,35,2,3258.6,1,1,3258.5,565,4,3258.4,60,3,3258.3,52,5,3258.8,22,9,3259.0,5,4,3259.9,13,1,3260.0,17,1,3260.1,20,1
11536,2025-12-30 12:58:26+05:30,3258.6,8,3250.89,1083290,114882.0,122205.0,3250.0,3265.1,3239.8,3251.5,44625000,3576.6,2926.4,4322.95,2866.6,3258.7,35,2,3258.6,1,1,3258.5,565,4,3258.4,60,3,3258.3,52,5,3258.8,22,9,3259.0,5,4,3259.9,13,1,3260.0,17,1,3260.1,20,1
11536,2025-12-30 12:58:27+05:30,3258.5,5,3250.89,1083428,114831.0,122312.0,3250.0,3265.1,3239.8,3251.5,44625000,3576.6,2926.4,4322.95,2866.6,3258.5,458,2,3258.4,140,4,3258.3,52,5,3258.2,170,7,3258.1,126,6,3258.6,2,2,3258.7,8,1,3258.8,15,10,3259.0,1,1,3259.5,1,1
11536,2025-12-30 12:58:27+05:30,3258.5,4,3250.89,1083428,114831.0,122312.0,3250.0,3265.1,3239.8,3251.5,44625000,3576.6,2926.4,4322.95,2866.6,3258.5,458,2,3258.4,140,4,3258.3,52,5,3258.2,170,7,3258.1,126,6,3258.6,2,2,3258.7,8,1,3258.8,15,10,3259.0,1,1,3259.5,1,1
11536,2025-12-30 12:58:28+05:30,3258.5,1,3250.89,1083530,114949.0,122277.0,3250.0,3265.1,3239.8,3251.5,44625000,3576.6,2926.4,4322.95,2866.6,3258.6,13,1,3258.5,607,6,3258.4,67,4,3258.3,52,5,3258.2,178,8,3258.7,14,6,3258.8,8,4,3259.5,1,1,3259.9,13,1,3260.0,17,1
11536,2025-12-30 12:58:28+05:30,3258.7,1,3250.89,1083530,114949.0,122277.0,3250.0,3265.1,3239.8,3251.5,44625000,3576.6,2926.4,4322.95,2866.6,3258.6,13,1,3258.5,607,6,3258.4,67,4,3258.3,52,5,3258.2,178,8,3258.7,14,6,3258.8,8,4,3259.5,1,1,3259.9,13,1,3260.0,17,1
11536,2025-12-30 12:58:29+05:30,3258.5,5,3250.89,1083574,114245.0,121680.0,3250.0,3265.1,3239.8,3251.5,44625000,3576.6,2926.4,4322.95,2866.6,3258.5,496,4,3258.4,1,1,3258.3,13,3,3258.2,48,5,3258.1,79,4,3258.6,10,3,3258.7,6,5,3258.8,2,1,3259.4,28,1,3259.5,1,1
11536,2025-12-30 12:58:29+05:30,3258.5,16,3250.89,1083574,114245.0,121680.0,3250.0,3265.1,3239.8,3251.5,44625000,3576.6,2926.4,4322.95,2866.6,3258.5,496,4,3258.4,1,1,3258.3,13,3,3258.2,48,5,3258.1,79,4,3258.6,10,3,3258.7,6,5,3258.8,2,1,3259.4,28,1,3259.5,1,1
11536,2025-12-30 12:58:30+05:30,3258.5,6,3250.89,1083621,113969.0,121880.0,3250.0,3265.1,3239.8,3251.5,44625000,3576.6,2926.4,4322.95,2866.6,3258.5,449,4,3258.4,1,1,3258.3,13,3,3258.2,48,5,3258.1,45,3,3258.6,15,8,3258.7,2,2,3259.3,72,2,3259.4,13,1,3259.5,45,2
11536,2025-12-30 12:58:30+05:30,3258.5,37,3250.89,1083621,113969.0,121880.0,3250.0,3265.1,3239.8,3251.5,44625000,3576.6,2926.4,4322.95,2866.6,3258.5,449,4,3258.4,1,1,3258.3,13,3,3258.2,48,5,3258.1,45,3,3258.6,15,8,3258.7,2,2,3259.3,72,2,3259.4,13,1,3259.5,45,2
11536,2025-12-30 12:58:31+05:30,3258.5,5,3250.89,1083686,111749.0,123110.0,3250.0,3265.1,3239.8,3251.5,44625000,3576.6,2926.4,4322.95,2866.6,3258.5,395,5,3258.4,1,1,3258.3,13,3,3258.2,48,5,3258.1,45,3,3258.6,13,12,3259.0,29,1,3259.1,13,1,3259.2,10,1,3259.3,44,1
11536,2025-12-30 12:58:31+05:30,3258.6,1,3250.89,1083686,111749.0,123110.0,3250.0,3265.1,3239.8,3251.5,44625000,3576.6,2926.4,4322.95,2866.6,3258.5,395,5,3258.4,1,1,3258.3,13,3,3258.2,48,5,3258.1,45,3,3258.6,13,12,3259.0,29,1,3259.1,13,1,3259.2,10,1,3259.3,44,1
11536,2025-12-30 12:58:32+05:30,3258.5,5,3250.89,1083706,112868.0,124009.0,3250.0,3265.1,3239.8,3251.5,44625000,3576.6,2926.4,4322.95,2866.6,3258.5,377,5,3258.4,1,1,3258.3,13,3,3258.2,26,4,3258.1,45,3,3258.6,12,11,3258.9,7,1,3259.0,29,1,3259.2,12,1,3259.3,44,1
11536,2025-12-30 12:58:32+05:30,3258.5,2,3250.89,1083706,112868.0,124009.0,3250.0,3265.1,3239.8,3251.5,44625000,3576.6,2926.4,4322.95,2866.6,3258.5,377,5,3258.4,1,1,3258.3,13,3,3258.2,26,4,3258.1,45,3,3258.6,12,11,3258.9,7,1,3259.0,29,1,3259.2,12,1,3259.3,44,1
11536,2025-12-30 12:58:33+05:30,3258.6,1,3250.89,1083736,113405.0,124099.0,3250.0,3265.1,3239.8,3251.5,44625000,3576.6,2926.4,4322.95,2866.6,3258.5,354,5,3258.4,1,1,3258.3,13,3,3258.2,26,4,3258.1,45,3,3258.6,9,9,3259.0,29,1,3259.1,63,2,3259.2,43,3,3259.3,67,2
11536,2025-12-30 12:58:33+05:30,3259.3,27,3250.89,1083736,113405.0,124099.0,3250.0,3265.1,3239.8,3251.5,44625000,3576.6,2926.4,4322.95,2866.6,3258.5,354,5,3258.4,1,1,3258.3,13,3,3258.2,26,4,3258.1,45,3,3258.6,9,9,3259.0,29,1,3259.1,63,2,3259.2,43,3,3259.3,67,2
11536,2025-12-30 12:58:34+05:30,3258.5,10,3250.9,1083896,113793.0,124166.0,3250.0,3265.1,3239.8,3251.5,44625000,3576.6,2926.4,4322.95,2866.6,3258.5,344,5,3258.4,1,1,3258.3,13,3,3258.2,47,5,3258.1,45,3,3259.3,41,4,3259.4,18,2,3259.5,39,3,3259.6,14,1,3259.8,99,4
11536,2025-12-30 12:58:34+05:30,3258.5,10,3250.9,1083896,113793.0,124166.0,3250.0,3265.1,3239.8,3251.5,44625000,3576.6,2926.4,4322.95,2866.6,3258.5,344,5,3258.4,1,1,3258.3,13,3,3258.2,47,5,3258.1,45,3,3259.3,41,4,3259.4,18,2,3259.5,39,3,3259.6,14,1,3259.8,99,4
11536,2025-12-30 12:58:35+05:30,3258.7,1,3250.9,1083897,114106.0,123527.0,3250.0,3265.1,3239.8,3251.5,44625000,3576.6,2926.4,4322.95,2866.6,3258.5,344,5,3258.4,45,2,3258.3,13,3,3258.2,135,6,3258.1,45,3,3259.3,43,6,3259.4,14,1,3259.5,29,3,3259.8,98,4,3259.9,48,3
11536,2025-12-30 12:58:35+05:30,3258.5,45,3250.9,1083897,114106.0,123527.0,3250.0,3265.1,3239.8,3251.5,44625000,3576.6,2926.4,4322.95,2866.6,3258.5,344,5,3258.4,45,2,3258.3,13,3,3258.2,135,6,3258.1,45,3,3259.3,43,6,3259.4,14,1,3259.5,29,3,3259.8,98,4,3259.9,48,3
11536,2025-12-30 12:58:36+05:30,3258.5,45,3250.9,1083943,114246.0,124146.0,3250.0,3265.1,3239.8,3251.5,44625000,3576.6,2926.4,4322.95,2866.6,3258.5,298,5,3258.4,45,2,3258.3,13,3,3258.2,135,6,3258.1,45,3,3259.3,41,7,3259.4,14,1,3259.5,29,3,3259.8,98,4,3259.9,27,2
11536,2025-12-30 12:58:36+05:30,3258.5,77,3250.9,1083943,114246.0,124146.0,3250.0,3265.1,3239.8,3251.5,44625000,3576.6,2926.4,4322.95,2866.6,3258.5,298,5,3258.4,45,2,3258.3,13,3,3258.2,135,6,3258.1,45,3,3259.3,41,7,3259.4,14,1,3259.5,29,3,3259.8,98,4,3259.9,27,2
11536,2025-12-30 12:58:37+05:30,3258.5,77,3250.9,1084048,114192.0,123995.0,3250.0,3265.1,3239.8,3251.5,44625000,3576.6,2926.4,4322.95,2866.6,3258.5,244,7,3258.4,45,2,3258.3,13,3,3258.2,135,6,3258.1,45,3,3259.3,44,9,3259.4,14,1,3259.5,29,3,3259.8,98,4,3259.9,27,2
11536,2025-12-30 12:58:37+05:30,3258.5,13,3250.9,1084048,114192.0,123995.0,3250.0,3265.1,3239.8,3251.5,44625000,3576.6,2926.4,4322.95,2866.6,3258.5,244,7,3258.4,45,2,3258.3,13,3,3258.2,135,6,3258.1,45,3,3259.3,44,9,3259.4,14,1,3259.5,29,3,3259.8,98,4,3259.9,27,2
11536,2025-12-30 12:58:38+05:30,3258.5,13,3250.9,1084065,114503.0,122860.0,3250.0,3265.1,3239.8,3251.5,44625000,3576.6,2926.4,4322.95,2866.6,3258.5,228,7,3258.4,45,2,3258.3,13,3,3258.2,179,7,3258.1,45,3,3259.3,10,7,3259.5,10,3,3259.7,29,1,3259.8,73,4,3259.9,71,3
11536,2025-12-30 12:58:38+05:30,3258.5,8,3250.9,1084065,114503.0,122860.0,3250.0,3265.1,3239.8,3251.5,44625000,3576.6,2926.4,4322.95,2866.6,3258.5,228,7,3258.4,45,2,3258.3,13,3,3258.2,179,7,3258.1,45,3,3259.3,10,7,3259.5,10,3,3259.7,29,1,3259.8,73,4,3259.9,71,3
11536,2025-12-30 12:58:39+05:30,3258.5,23,3250.9,1084096,114639.0,123077.0,3250.0,3265.1,3239.8,3251.5,44625000,3576.6,2926.4,4322.95,2866.6,3258.5,197,7,3258.4,65,3,3258.3,145,5,3258.2,47,5,3258.1,45,3,3259.3,8,7,3259.4,7,1,3259.5,3,2,3259.8,58,3,3259.9,27,2
11536,2025-12-30 12:58:39+05:30,3258.5,1,3250.9,1084096,114639.0,123077.0,3250.0,3265.1,3239.8,3251.5,44625000,3576.6,2926.4,4322.95,2866.6,3258.5,197,7,3258.4,65,3,3258.3,145,5,3258.2,47,5,3258.1,45,3,3259.3,8,7,3259.4,7,1,3259.5,3,2,3259.8,58,3,3259.9,27,2
11536,2025-12-30 12:58:40+05:30,3258.5,15,3250.9,1084124,114642.0,123076.0,3250.0,3265.1,3239.8,3251.5,44625000,3576.6,2926.4,4322.95,2866.6,3258.5,170,7,3258.4,65,3,3258.3,145,5,3258.2,47,5,3258.1,72,4,3259.3,7,7,3259.4,7,1,3259.5,3,2,3259.8,58,3,3259.9,27,2
11536,2025-12-30 12:58:40+05:30,3258.5,15,3250.9,1084124,114642.0,123076.0,3250.0,3265.1,3239.8,3251.5,44625000,3576.6,2926.4,4322.95,2866.6,3258.5,170,7,3258.4,65,3,3258.3,145,5,3258.2,47,5,3258.1,72,4,3259.3,7,7,3259.4,7,1,3259.5,3,2,3259.8,58,3,3259.9,27,2
11536,2025-12-30 12:58:41+05:30,3258.5,10,3250.9,1084139,114404.0,122495.0,3250.0,3265.1,3239.8,3251.5,44625000,3576.6,2926.4,4322.95,2866.6,3258.5,155,7,3258.4,45,2,3258.3,13,3,3258.2,47,5,3258.1,72,4,3259.0,200,1,3259.3,25,9,3259.5,3,2,3259.6,28,1,3259.7,61,2
11536,2025-12-30 12:58:41+05:30,3258.5,2,3250.9,1084139,114404.0,122495.0,3250.0,3265.1,3239.8,3251.5,44625000,3576.6,2926.4,4322.95,2866.6,3258.5,155,7,3258.4,45,2,3258.3,13,3,3258.2,47,5,3258.1,72,4,3259.0,200,1,3259.3,25,9,3259.5,3,2,3259.6,28,1,3259.7,61,2
11536,2025-12-30 12:58:42+05:30,3258.5,1,3250.9,1084183,114353.0,123889.0,3250.0,3265.1,3239.8,3251.5,44625000,3576.6,2926.4,4322.95,2866.6,3258.5,43,3,3258.4,45,2,3258.3,13,3,3258.2,47,5,3258.1,72,4,3259.0,218,6,3259.1,7,1,3259.3,15,5,3259.4,28,1,3259.5,15,3
11536,2025-12-30 12:58:42+05:30,3259.0,4,3250.9,1084183,114353.0,123889.0,3250.0,3265.1,3239.8,3251.5,44625000,3576.6,2926.4,4322.95,2866.6,3258.5,43,3,3258.4,45,2,3258.3,13,3,3258.2,47,5,3258.1,72,4,3259.0,218,6,3259.1,7,1,3259.3,15,5,3259.4,28,1,3259.5,15,3
11536,2025-12-30 12:58:43+05:30,3258.5,1,3250.9,1084203,112405.0,123977.0,3250.0,3265.1,3239.8,3251.5,44625000,3576.6,2926.4,4322.95,2866.6,3258.5,30,2,3258.4,45,2,3258.3,13,3,3258.2,47,5,3258.1,72,4,3259.0,216,11,3259.3,8,2,3259.4,28,1,3259.5,17,3,3259.7,61,2
11536,2025-12-30 12:58:43+05:30,3258.5,3,3250.9,1084203,112405.0,123977.0,3250.0,3265.1,3239.8,3251.5,44625000,3576.6,2926.4,4322.95,2866.6,3258.5,30,2,3258.4,45,2,3258.3,13,3,3258.2,47,5,3258.1,72,4,3259.0,216,11,3259.3,8,2,3259.4,28,1,3259.5,17,3,3259.7,61,2
11536,2025-12-30 12:58:44+05:30,3258.5,3,3250.9,1084213,112402.0,123844.0,3250.0,3265.1,3239.8,3251.5,44625000,3576.6,2926.4,4322.95,2866.6,3258.5,20,2,3258.4,45,2,3258.3,13,3,3258.2,47,5,3258.1,72,4,3259.0,223,15,3259.4,28,1,3259.5,29,4,3259.7,61,2,3259.8,88,4
11536,2025-12-30 12:58:44+05:30,3258.5,1,3250.9,1084213,112402.0,123844.0,3250.0,3265.1,3239.8,3251.5,44625000,3576.6,2926.4,4322.95,2866.6,3258.5,20,2,3258.4,45,2,3258.3,13,3,3258.2,47,5,3258.1,72,4,3259.0,223,15,3259.4,28,1,3259.5,29,4,3259.7,61,2,3259.8,88,4
11536,2025-12-30 12:58:45+05:30,3259.0,1,3250.9,1084234,113965.0,124064.0,3250.0,3265.1,3239.8,3251.5,44625000,3576.6,2926.4,4322.95,2866.6,3258.5,10,1,3258.4,45,2,3258.3,13,3,3258.2,47,5,3258.1,222,4,3259.0,215,12,3259.4,28,1,3259.5,29,4,3259.7,61,2,3259.8,88,4
11536,2025-12-30 12:58:45+05:30,3258.5,1,3250.9,1084234,113965.0,124064.0,3250.0,3265.1,3239.8,3251.5,44625000,3576.6,2926.4,4322.95,2866.6,3258.5,10,1,3258.4,45,2,3258.3,13,3,3258.2,47,5,3258.1,222,4,3259.0,215,12,3259.4,28,1,3259.5,29,4,3259.7,61,2,3259.8,88,4
11536,2025-12-30 12:58:46+05:30,3259.0,1,3250.9,1084255,114017.0,124002.0,3250.0,3265.1,3239.8,3251.5,44625000,3576.6,2926.4,4322.95,2866.6,3258.5,7,1,3258.4,45,2,3258.3,13,3,3258.2,47,5,3258.1,222,4,3259.0,207,12,3259.4,28,1,3259.5,29,4,3259.7,61,2,3259.8,88,4
11536,2025-12-30 12:58:46+05:30,3258.5,56,3250.9,1084255,114017.0,124002.0,3250.0,3265.1,3239.8,3251.5,44625000,3576.6,2926.4,4322.95,2866.6,3258.5,7,1,3258.4,45,2,3258.3,13,3,3258.2,47,5,3258.1,222,4,3259.0,207,12,3259.4,28,1,3259.5,29,4,3259.7,61,2,3259.8,88,4
11536,2025-12-30 12:58:47+05:30,3258.5,56,3250.9,1084325,113491.0,124127.0,3250.0,3265.1,3239.8,3251.5,44625000,3576.6,2926.4,4322.95,2866.6,3258.4,45,2,3258.3,13,3,3258.2,26,4,3258.1,45,3,3258.0,32,4,3258.5,11,3,3259.0,228,11,3259.3,28,1,3259.4,11,1,3259.5,17,3
11536,2025-12-30 12:58:47+05:30,3258.4,1,3250.9,1084325,113491.0,124127.0,3250.0,3265.1,3239.8,3251.5,44625000,3576.6,2926.4,4322.95,2866.6,3258.4,45,2,3258.3,13,3,3258.2,26,4,3258.1,45,3,3258.0,32,4,3258.5,11,3,3259.0,228,11,3259.3,28,1,3259.4,11,1,3259.5,17,3
11536,2025-12-30 12:58:48+05:30,3258.4,1,3250.9,1084358,113333.0,124467.0,3250.0,3265.1,3239.8,3251.5,44625000,3576.6,2926.4,4322.95,2866.6,3258.4,1,1,3258.3,13,3,3258.2,26,4,3258.1,45,3,3258.0,12,3,3258.5,24,7,3259.0,210,6,3259.1,11,1,3259.3,72,2,3259.4,11,1
11536,2025-12-30 12:58:48+05:30,3258.3,2,3250.9,1084358,113333.0,124467.0,3250.0,3265.1,3239.8,3251.5,44625000,3576.6,2926.4,4322.95,2866.6,3258.4,1,1,3258.3,13,3,3258.2,26,4,3258.1,45,3,3258.0,12,3,3258.5,24,7,3259.0,210,6,3259.1,11,1,3259.3,72,2,3259.4,11,1
11536,2025-12-30 12:58:49+05:30,3258.3,1,3250.9,1084384,113333.0,124279.0,3250.0,3265.1,3239.8,3251.5,44625000,3576.6,2926.4,4322.95,2866.6,3258.3,7,2,3258.2,26,4,3258.1,45,3,3258.0,12,3,3257.9,16,2,3258.5,21,8,3259.0,206,2,3259.4,11,1,3259.5,17,3,3259.6,56,2
11536,2025-12-30 12:58:49+05:30,3258.3,2,3250.9,1084384,113333.0,124279.0,3250.0,3265.1,3239.8,3251.5,44625000,3576.6,2926.4,4322.95,2866.6,3258.3,7,2,3258.2,26,4,3258.1,45,3,3258.0,12,3,3257.9,16,2,3258.5,21,8,3259.0,206,2,3259.4,11,1,3259.5,17,3,3259.6,56,2
11536,2025-12-30 12:58:50+05:30,3258.1,5,3250.9,1084822,111798.0,125422.0,3250.0,3265.1,3239.8,3251.5,44625000,3576.6,2926.4,4322.95,2866.6,3258.1,23,2,3258.0,3,2,3257.9,15,1,3257.8,21,1,3257.7,3,1,3258.5,22,9,3259.0,206,2,3259.1,71,2,3259.4,55,2,3259.5,17,3
11536,2025-12-30 12:58:50+05:30,3258.1,1,3250.9,1084822,111798.0,125422.0,3250.0,3265.1,3239.8,3251.5,44625000,3576.6,2926.4,4322.95,2866.6,3258.1,23,2,3258.0,3,2,3257.9,15,1,3257.8,21,1,3257.7,3,1,3258.5,22,9,3259.0,206,2,3259.1,71,2,3259.4,55,2,3259.5,17,3
11536,2025-12-30 12:58:51+05:30,3258.1,4,3250.9,1084836,111910.0,125198.0,3250.0,3265.1,3239.8,3251.5,44625000,3576.6,2926.4,4322.95,2866.6,3258.1,111,3,3258.0,3,2,3257.8,21,1,3257.7,20,2,3257.6,112,3,3258.5,38,8,3258.9,27,1,3259.0,206,2,3259.1,12,1,3259.4,55,2
11536,2025-12-30 12:58:51+05:30,3258.5,3,3250.9,1084836,111910.0,125198.0,3250.0,3265.1,3239.8,3251.5,44625000,3576.6,2926.4,4322.95,2866.6,3258.1,111,3,3258.0,3,2,3257.8,21,1,3257.7,20,2,3257.6,112,3,3258.5,38,8,3258.9,27,1,3259.0,206,2,3259.1,12,1,3259.4,55,2
11536,2025-12-30 12:58:52+05:30,3258.1,14,3250.9,1084974,111795.0,124803.0,3250.0,3265.1,3239.8,3251.5,44625000,3576.6,2926.4,4322.95,2866.6,3258.1,82,2,3258.0,3,2,3257.8,53,3,3257.7,165,1,3257.6,129,4,3258.5,22,7,3258.9,27,1,3259.0,206,2,3259.2,12,1,3259.4,12,1
11536,2025-12-30 12:58:52+05:30,3258.1,1,3250.9,1084974,111795.0,124803.0,3250.0,3265.1,3239.8,3251.5,44625000,3576.6,2926.4,4322.95,2866.6,3258.1,82,2,3258.0,3,2,3257.8,53,3,3257.7,165,1,3257.6,129,4,3258.5,22,7,3258.9,27,1,3259.0,206,2,3259.2,12,1,3259.4,12,1
11536,2025-12-30 12:58:53+05:30,3258.1,3,3250.9,1085045,112041.0,125024.0,3250.0,3265.1,3239.8,3251.5,44625000,3576.6,2926.4,4322.95,2866.6,3258.1,11,2,3258.0,3,2,3257.8,64,4,3257.6,70,5,3257.5,176,7,3258.5,24,8,3258.9,27,1,3259.0,206,2,3259.2,12,1,3259.4,56,2
11536,2025-12-30 12:58:53+05:30,3258.1,1,3250.9,1085045,112041.0,125024.0,3250.0,3265.1,3239.8,3251.5,44625000,3576.6,2926.4,4322.95,2866.6,3258.1,11,2,3258.0,3,2,3257.8,64,4,3257.6,70,5,3257.5,176,7,3258.5,24,8,3258.9,27,1,3259.0,206,2,3259.2,12,1,3259.4,56,2
11536,2025-12-30 12:58:54+05:30,3258.1,8,3250.9,1085058,112119.0,124309.0,3250.0,3265.1,3239.8,3251.5,44625000,3576.6,2926.4,4322.95,2866.6,3258.0,3,2,3257.8,28,2,3257.6,47,3,3257.5,219,8,3257.4,144,6,3258.1,6,2,3258.5,17,7,3258.9,27,1,3259.0,206,2,3259.2,12,1
11536,2025-12-30 12:58:54+05:30,3258.1,4,3250.9,1085058,112119.0,124309.0,3250.0,3265.1,3239.8,3251.5,44625000,3576.6,2926.4,4322.95,2866.6,3258.0,3,2,3257.8,28,2,3257.6,47,3,3257.5,219,8,3257.4,144,6,3258.1,6,2,3258.5,17,7,3258.9,27,1,3259.0,206,2,3259.2,12,1
11536,2025-12-30 12:58:55+05:30,3258.0,1,3250.9,1085068,111206.0,124401.0,3250.0,3265.1,3239.8,3251.5,44625000,3576.6,2926.4,4322.95,2866.6,3257.8,11,1,3257.6,38,3,3257.5,73,4,3257.4,156,7,3257.3,78,5,3257.9,4,3,3258.0,2,1,3258.1,14,7,3258.5,3,3,3258.8,1,1
11536,2025-12-30 12:58:55+05:30,3257.9,1,3250.9,1085068,111206.0,124401.0,3250.0,3265.1,3239.8,3251.5,44625000,3576.6,2926.4,4322.95,2866.6,3257.8,11,1,3257.6,38,3,3257.5,73,4,3257.4,156,7,3257.3,78,5,3257.9,4,3,3258.0,2,1,3258.1,14,7,3258.5,3,3,3258.8,1,1
11536,2025-12-30 12:58:56+05:30,3257.8,2,3250.9,1085114,111219.0,124327.0,3250.0,3265.1,3239.8,3251.5,44625000,3576.6,2926.4,4322.95,2866.6,3257.8,9,1,3257.6,38,3,3257.5,73,4,3257.4,156,7,3257.3,180,6,3257.9,5,3,3258.0,2,1,3258.1,9,6,3258.5,1,1,3258.8,1,1
11536,2025-12-30 12:58:56+05:30,3257.8,55,3250.9,1085114,111219.0,124327.0,3250.0,3265.1,3239.8,3251.5,44625000,3576.6,2926.4,4322.95,2866.6,3257.8,9,1,3257.6,38,3,3257.5,73,4,3257.4,156,7,3257.3,180,6,3257.9,5,3,3258.0,2,1,3258.1,9,6,3258.5,1,1,3258.8,1,1
11536,2025-12-30 12:58:57+05:30,3257.6,1,3250.9,1085207,110929.0,126300.0,3250.0,3265.1,3239.8,3251.5,44625000,3576.6,2926.4,4322.95,2866.6,3257.6,8,1,3257.5,58,5,3257.4,54,3,3257.3,114,4,3257.2,161,10,3257.8,7,4,3257.9,9,5,3258.1,3,3,3259.0,206,2,3259.1,2,1
11536,2025-12-30 12:58:57+05:30,3257.8,7,3250.9,1085207,110929.0,126300.0,3250.0,3265.1,3239.8,3251.5,44625000,3576.6,2926.4,4322.95,2866.6,3257.6,8,1,3257.5,58,5,3257.4,54,3,3257.3,114,4,3257.2,161,10,3257.8,7,4,3257.9,9,5,3258.1,3,3,3259.0,206,2,3259.1,2,1
11536,2025-12-30 12:58:58+05:30,3257.6,7,3250.9,1085258,109495.0,126355.0,3250.0,3265.1,3239.8,3251.5,44625000,3576.6,2926.4,4322.95,2866.6,3257.6,2,1,3257.5,21,2,3257.4,32,2,3257.3,26,3,3257.2,106,6,3257.8,12,9,3257.9,4,2,3258.1,2,2,3259.0,188,2,3259.1,2,1
11536,2025-12-30 12:58:58+05:30,3257.6,7,3250.9,1085258,109495.0,126355.0,3250.0,3265.1,3239.8,3251.5,44625000,3576.6,2926.4,4322.95,2866.6,3257.6,2,1,3257.5,21,2,3257.4,32,2,3257.3,26,3,3257.2,106,6,3257.8,12,9,3257.9,4,2,3258.1,2,2,3259.0,188,2,3259.1,2,1
11536,2025-12-30 12:58:59+05:30,3258.9,13,3250.91,1085391,111692.0,126337.0,3250.0,3265.1,3239.8,3251.5,44625000,3576.6,2926.4,4322.95,2866.6,3257.5,15,1,3257.4,82,2,3257.3,176,6,3257.2,142,7,3257.1,188,4,3258.5,32,3,3258.6,14,1,3258.8,14,1,3258.9,32,2,3259.0,188,2
11536,2025-12-30 12:58:59+05:30,3258.5,1,3250.91,1085391,111692.0,126337.0,3250.0,3265.1,3239.8,3251.5,44625000,3576.6,2926.4,4322.95,2866.6,3257.5,15,1,3257.4,82,2,3257.3,176,6,3257.2,142,7,3257.1,188,4,3258.5,32,3,3258.6,14,1,3258.8,14,1,3258.9,32,2,3259.0,188,2
11536,2025-12-30 12:59:00+05:30,3258.5,1,3250.91,1085452,112140.0,123989.0,3250.0,3265.1,3239.8,3251.5,44625000,3576.6,2926.4,4322.95,2866.6,3257.6,163,7,3257.5,77,3,3257.4,257,7,3257.3,75,4,3257.2,261,12,3258.5,8,4,3258.9,23,1,3259.0,176,1,3259.1,2,1,3259.2,80,3
11536,2025-12-30 12:59:01+05:30,3257.6,16,3250.91,1085495,111910.0,124473.0,3250.0,3265.1,3239.8,3251.5,44625000,3576.6,2926.4,4322.95,2866.6,3257.6,78,4,3257.5,80,3,3257.4,93,4,3257.3,102,4,3257.2,205,11,3258.5,28,6,3258.8,26,1,3258.9,23,1,3259.0,176,1,3259.1,2,1
11536,2025-12-30 12:59:01+05:30,3257.6,16,3250.91,1085495,111910.0,124473.0,3250.0,3265.1,3239.8,3251.5,44625000,3576.6,2926.4,4322.95,2866.6,3257.6,78,4,3257.5,80,3,3257.4,93,4,3257.3,102,4,3257.2,205,11,3258.5,28,6,3258.8,26,1,3258.9,23,1,3259.0,176,1,3259.1,2,1
11536,2025-12-30 12:59:02+05:30,3257.6,16,3250.91,1085532,112005.0,126883.0,3250.0,3265.1,3239.8,3251.5,44625000,3576.6,2926.4,4322.95,2866.6,3257.6,51,3,3257.5,66,2,3257.4,110,5,3257.3,147,6,3257.2,225,12,3258.5,10,9,3258.8,26,1,3258.9,23,1,3259.0,177,2,3259.1,2,1
11536,2025-12-30 12:59:02+05:30,3257.6,8,3250.91,1085532,112005.0,126883.0,3250.0,3265.1,3239.8,3251.5,44625000,3576.6,2926.4,4322.95,2866.6,3257.6,51,3,3257.5,66,2,3257.4,110,5,3257.3,147,6,3257.2,225,12,3258.5,10,9,3258.8,26,1,3258.9,23,1,3259.0,177,2,3259.1,2,1
11536,2025-12-30 12:59:03+05:30,3257.6,6,3250.91,1085570,111981.0,127038.0,3250.0,3265.1,3239.8,3251.5,44625000,3576.6,2926.4,4322.95,2866.6,3257.6,27,2,3257.5,66,2,3257.4,110,5,3257.3,147,6,3257.2,225,12,3258.5,9,9,3258.8,26,1,3258.9,23,1,3259.0,177,2,3259.1,2,1
11536,2025-12-30 12:59:03+05:30,3257.6,3,3250.91,1085570,111981.0,127038.0,3250.0,3265.1,3239.8,3251.5,44625000,3576.6,2926.4,4322.95,2866.6,3257.6,27,2,3257.5,66,2,3257.4,110,5,3257.3,147,6,3257.2,225,12,3258.5,9,9,3258.8,26,1,3258.9,23,1,3259.0,177,2,3259.1,2,1
11536,2025-12-30 12:59:04+05:30,3257.6,4,3250.91,1085585,108772.0,126932.0,3250.0,3265.1,3239.8,3251.5,44625000,3576.6,2926.4,4322.95,2866.6,3257.6,14,1,3257.5,80,3,3257.4,84,4,3257.3,124,6,3257.2,179,11,3258.5,9,9,3258.8,26,1,3258.9,23,1,3259.0,177,2,3259.1,2,1
11536,2025-12-30 12:59:04+05:30,3257.6,4,3250.91,1085585,108772.0,126932.0,3250.0,3265.1,3239.8,3251.5,44625000,3576.6,2926.4,4322.95,2866.6,3257.6,14,1,3257.5,80,3,3257.4,84,4,3257.3,124,6,3257.2,179,11,3258.5,9,9,3258.8,26,1,3258.9,23,1,3259.0,177,2,3259.1,2,1
11536,2025-12-30 12:59:05+05:30,3257.5,9,3250.91,1085598,108587.0,125735.0,3250.0,3265.1,3239.8,3251.5,44625000,3576.6,2926.4,4322.95,2866.6,3257.5,54,2,3257.4,21,1,3257.3,17,4,3257.2,281,10,3257.1,229,6,3258.5,23,10,3258.8,26,1,3258.9,23,1,3259.0,245,5,3259.1,2,1
11536,2025-12-30 12:59:05+05:30,3257.1,7,3250.91,1085598,108587.0,125735.0,3250.0,3265.1,3239.8,3251.5,44625000,3576.6,2926.4,4322.95,2866.6,3257.5,54,2,3257.4,21,1,3257.3,17,4,3257.2,281,10,3257.1,229,6,3258.5,23,10,3258.8,26,1,3258.9,23,1,3259.0,245,5,3259.1,2,1
11536,2025-12-30 12:59:06+05:30,3257.4,1,3250.91,1086281,110119.0,128187.0,3250.0,3265.1,3239.8,3251.5,44625000,3576.6,2926.4,4322.95,2866.6,3257.4,40,1,3257.1,37,2,3257.0,167,7,3256.9,141,6,3256.8,132,8,3258.2,12,2,3258.3,58,3,3258.4,26,2,3258.5,28,11,3258.7,59,2
11536,2025-12-30 12:59:06+05:30,3257.4,3,3250.91,1086281,110119.0,128187.0,3250.0,3265.1,3239.8,3251.5,44625000,3576.6,2926.4,4322.95,2866.6,3257.4,40,1,3257.1,37,2,3257.0,167,7,3256.9,141,6,3256.8,132,8,3258.2,12,2,3258.3,58,3,3258.4,26,2,3258.5,28,11,3258.7,59,2
11536,2025-12-30 12:59:07+05:30,3257.3,1,3250.91,1086366,109506.0,128523.0,3250.0,3265.1,3239.8,3251.5,44625000,3576.6,2926.4,4322.95,2866.6,3257.0,98,6,3256.9,75,3,3256.8,42,4,3256.7,24,2,3256.6,130,6,3257.4,1,1,3258.1,27,1,3258.2,6,3,3258.3,58,3,3258.4,16,1
11536,2025-12-30 12:59:07+05:30,3257.1,3,3250.91,1086366,109506.0,128523.0,3250.0,3265.1,3239.8,3251.5,44625000,3576.6,2926.4,4322.95,2866.6,3257.0,98,6,3256.9,75,3,3256.8,42,4,3256.7,24,2,3256.6,130,6,3257.4,1,1,3258.1,27,1,3258.2,6,3,3258.3,58,3,3258.4,16,1
11536,2025-12-30 12:59:08+05:30,3257.1,1,3250.91,1086578,109971.0,127724.0,3250.0,3265.1,3239.8,3251.5,44625000,3576.6,2926.4,4322.95,2866.6,3257.1,3,1,3257.0,71,5,3256.9,118,5,3256.8,48,5,3256.7,30,3,3257.4,14,1,3258.2,14,5,3258.3,37,2,3258.4,16,1,3258.5,6,2
11536,2025-12-30 12:59:08+05:30,3257.1,1,3250.91,1086578,109971.0,127724.0,3250.0,3265.1,3239.8,3251.5,44625000,3576.6,2926.4,4322.95,2866.6,3257.1,3,1,3257.0,71,5,3256.9,118,5,3256.8,48,5,3256.7,30,3,3257.4,14,1,3258.2,14,5,3258.3,37,2,3258.4,16,1,3258.5,6,2
11536,2025-12-30 12:59:09+05:30,3256.9,1,3250.91,1086644,109610.0,125271.0,3250.0,3265.1,3239.8,3251.5,44625000,3576.6,2926.4,4322.95,2866.6,3256.9,61,6,3256.8,30,4,3256.7,50,4,3256.6,105,4,3256.5,132,5,3257.0,14,3,3257.4,18,3,3258.1,26,1,3258.2,11,4,3258.4,16,1
11536,2025-12-30 12:59:09+05:30,3256.9,1,3250.91,1086644,109610.0,125271.0,3250.0,3265.1,3239.8,3251.5,44625000,3576.6,2926.4,4322.95,2866.6,3256.9,61,6,3256.8,30,4,3256.7,50,4,3256.6,105,4,3256.5,132,5,3257.0,14,3,3257.4,18,3,3258.1,26,1,3258.2,11,4,3258.4,16,1
11536,2025-12-30 12:59:10+05:30,3256.9,7,3250.91,1086831,106373.0,127403.0,3250.0,3265.1,3239.8,3251.5,44625000,3576.6,2926.4,4322.95,2866.6,3256.8,69,8,3256.7,50,4,3256.6,63,3,3256.5,152,5,3256.4,315,6,3256.9,7,1,3257.1,13,3,3257.4,18,3,3258.1,26,1,3258.2,1,1
11536,2025-12-30 12:59:10+05:30,3257.1,1,3250.91,1086831,106373.0,127403.0,3250.0,3265.1,3239.8,3251.5,44625000,3576.6,2926.4,4322.95,2866.6,3256.8,69,8,3256.7,50,4,3256.6,63,3,3256.5,152,5,3256.4,315,6,3256.9,7,1,3257.1,13,3,3257.4,18,3,3258.1,26,1,3258.2,1,1
11536,2025-12-30 12:59:11+05:30,3256.9,2,3250.91,1086918,107608.0,127636.0,3250.0,3265.1,3239.8,3251.5,44625000,3576.6,2926.4,4322.95,2866.6,3256.8,61,8,3256.7,50,4,3256.6,63,3,3256.5,152,5,3256.4,318,7,3256.9,4,3,3257.1,15,4,3257.4,4,2,3258.1,26,1,3258.4,16,1
11536,2025-12-30 12:59:11+05:30,3256.8,1,3250.91,1086918,107608.0,127636.0,3250.0,3265.1,3239.8,3251.5,44625000,3576.6,2926.4,4322.95,2866.6,3256.8,61,8,3256.7,50,4,3256.6,63,3,3256.5,152,5,3256.4,318,7,3256.9,4,3,3257.1,15,4,3257.4,4,2,3258.1,26,1,3258.4,16,1
11536,2025-12-30 12:59:12+05:30,3256.8,1,3250.92,1087014,109078.0,127767.0,3250.0,3265.1,3239.8,3251.5,44625000,3576.6,2926.4,4322.95,2866.6,3256.8,126,10,3256.7,50,4,3256.6,63,3,3256.5,168,7,3256.4,344,8,3257.1,11,5,3258.1,26,1,3258.4,16,1,3258.6,108,5,3258.7,122,2
11536,2025-12-30 12:59:12+05:30,3256.8,11,3250.92,1087014,109078.0,127767.0,3250.0,3265.1,3239.8,3251.5,44625000,3576.6,2926.4,4322.95,2866.6,3256.8,126,10,3256.7,50,4,3256.6,63,3,3256.5,168,7,3256.4,344,8,3257.1,11,5,3258.1,26,1,3258.4,16,1,3258.6,108,5,3258.7,122,2
11536,2025-12-30 12:59:13+05:30,3256.8,9,3250.92,1087067,109105.0,124526.0,3250.0,3265.1,3239.8,3251.5,44625000,3576.6,2926.4,4322.95,2866.6,3256.8,132,11,3256.7,102,5,3256.6,89,4,3256.5,146,6,3256.4,318,7,3257.1,14,7,3258.1,26,1,3258.4,16,1,3258.6,86,4,3258.7,30,1
11536,2025-12-30 12:59:13+05:30,3256.8,16,3250.92,1087067,109105.0,124526.0,3250.0,3265.1,3239.8,3251.5,44625000,3576.6,2926.4,4322.95,2866.6,3256.8,132,11,3256.7,102,5,3256.6,89,4,3256.5,146,6,3256.4,318,7,3257.1,14,7,3258.1,26,1,3258.4,16,1,3258.6,86,4,3258.7,30,1
11536,2025-12-30 12:59:14+05:30,3257.1,1,3250.92,1087156,111392.0,124518.0,3250.0,3265.1,3239.8,3251.5,44625000,3576.6,2926.4,4322.95,2866.6,3257.5,5,2,3257.4,25,2,3257.3,2,1,3257.2,216,5,3257.1,280,4,3258.4,44,2,3258.5,16,1,3258.6,18,1,3258.8,66,4,3258.9,23,1
11536,2025-12-30 12:59:14+05:30,3257.1,1,3250.92,1087156,111392.0,124518.0,3250.0,3265.1,3239.8,3251.5,44625000,3576.6,2926.4,4322.95,2866.6,3257.5,5,2,3257.4,25,2,3257.3,2,1,3257.2,216,5,3257.1,280,4,3258.4,44,2,3258.5,16,1,3258.6,18,1,3258.8,66,4,3258.9,23,1
11536,2025-12-30 12:59:15+05:30,3257.5,1,3250.92,1087181,111161.0,126436.0,3250.0,3265.1,3239.8,3251.5,44625000,3576.6,2926.4,4322.95,2866.6,3257.5,1,1,3257.4,25,2,3257.3,2,1,3257.2,208,5,3257.1,177,2,3258.4,27,6,3258.5,16,1,3258.6,18,1,3258.8,67,4,3258.9,23,1
11536,2025-12-30 12:59:15+05:30,3257.5,1,3250.92,1087181,111161.0,126436.0,3250.0,3265.1,3239.8,3251.5,44625000,3576.6,2926.4,4322.95,2866.6,3257.5,1,1,3257.4,25,2,3257.3,2,1,3257.2,208,5,3257.1,177,2,3258.4,27,6,3258.5,16,1,3258.6,18,1,3258.8,67,4,3258.9,23,1
11536,2025-12-30 12:59:16+05:30,3258.4,1,3250.92,1087182,108869.0,126775.0,3250.0,3265.1,3239.8,3251.5,44625000,3576.6,2926.4,4322.95,2866.6,3257.5,1,1,3257.4,25,2,3257.3,2,1,3257.2,181,3,3257.1,177,2,3258.4,47,9,3258.5,14,1,3258.6,35,2,3258.7,14,1,3258.8,54,3
11536,2025-12-30 12:59:16+05:30,3257.1,77,3250.92,1087182,108869.0,126775.0,3250.0,3265.1,3239.8,3251.5,44625000,3576.6,2926.4,4322.95,2866.6,3257.5,1,1,3257.4,25,2,3257.3,2,1,3257.2,181,3,3257.1,177,2,3258.4,47,9,3258.5,14,1,3258.6,35,2,3258.7,14,1,3258.8,54,3
11536,2025-12-30 12:59:17+05:30,3257.1,77,3250.92,1087182,108869.0,126775.0,3250.0,3265.1,3239.8,3251.5,44625000,3576.6,2926.4,4322.95,2866.6,3257.5,1,1,3257.4,25,2,3257.3,2,1,3257.2,181,3,3257.1,177,2,3258.4,47,9,3258.5,14,1,3258.6,35,2,3258.7,14,1,3258.8,54,3
11536,2025-12-30 12:59:17+05:30,3257.5,2,3250.92,1087290,109880.0,127547.0,3250.0,3265.1,3239.8,3251.5,44625000,3576.6,2926.4,4322.95,2866.6,3257.1,97,1,3257.0,83,4,3256.9,30,2,3256.8,130,8,3256.7,69,5,3257.5,4,3,3258.3,16,1,3258.4,22,4,3258.6,60,2,3258.7,3,2
11536,2025-12-30 12:59:17+05:30,3257.2,11,3250.92,1087290,109880.0,127547.0,3250.0,3265.1,3239.8,3251.5,44625000,3576.6,2926.4,4322.95,2866.6,3257.1,97,1,3257.0,83,4,3256.9,30,2,3256.8,130,8,3256.7,69,5,3257.5,4,3,3258.3,16,1,3258.4,22,4,3258.6,60,2,3258.7,3,2
11536,2025-12-30 12:59:18+05:30,3257.2,11,3250.92,1087290,109880.0,127547.0,3250.0,3265.1,3239.8,3251.5,44625000,3576.6,2926.4,4322.95,2866.6,3257.1,97,1,3257.0,83,4,3256.9,30,2,3256.8,130,8,3256.7,69,5,3257.5,4,3,3258.3,16,1,3258.4,22,4,3258.6,60,2,3258.7,3,2
11536,2025-12-30 12:59:18+05:30,3257.2,11,3250.92,1087353,109746.0,126934.0,3250.0,3265.1,3239.8,3251.5,44625000,3576.6,2926.4,4322.95,2866.6,3257.2,4,2,3257.1,97,1,3257.0,27,2,3256.9,159,1,3256.8,139,8,3258.2,37,3,3258.3,2,1,3258.4,7,2,3258.5,46,1,3258.6,60,2
11536,2025-12-30 12:59:18+05:30,3257.2,1,3250.92,1087353,109746.0,126934.0,3250.0,3265.1,3239.8,3251.5,44625000,3576.6,2926.4,4322.95,2866.6,3257.2,4,2,3257.1,97,1,3257.0,27,2,3256.9,159,1,3256.8,139,8,3258.2,37,3,3258.3,2,1,3258.4,7,2,3258.5,46,1,3258.6,60,2
11536,2025-12-30 12:59:19+05:30,3257.2,1,3250.92,1087353,109746.0,126934.0,3250.0,3265.1,3239.8,3251.5,44625000,3576.6,2926.4,4322.95,2866.6,3257.2,4,2,3257.1,97,1,3257.0,27,2,3256.9,159,1,3256.8,139,8,3258.2,37,3,3258.3,2,1,3258.4,7,2,3258.5,46,1,3258.6,60,2
11536,2025-12-30 12:59:19+05:30,3257.1,19,3250.92,1087403,108370.0,127605.0,3250.0,3265.1,3239.8,3251.5,44625000,3576.6,2926.4,4322.95,2866.6,3257.1,55,1,3257.0,27,2,3256.9,159,1,3256.8,97,7,3256.7,48,4,3258.2,48,7,3258.3,20,2,3258.5,65,2,3258.6,73,3,3258.7,18,3
11536,2025-12-30 12:59:19+05:30,3257.1,19,3250.92,1087403,108370.0,127605.0,3250.0,3265.1,3239.8,3251.5,44625000,3576.6,2926.4,4322.95,2866.6,3257.1,55,1,3257.0,27,2,3256.9,159,1,3256.8,97,7,3256.7,48,4,3258.2,48,7,3258.3,20,2,3258.5,65,2,3258.6,73,3,3258.7,18,3
11536,2025-12-30 12:59:20+05:30,3257.1,19,3250.92,1087403,108370.0,127605.0,3250.0,3265.1,3239.8,3251.5,44625000,3576.6,2926.4,4322.95,2866.6,3257.1,55,1,3257.0,27,2,3256.9,159,1,3256.8,97,7,3256.7,48,4,3258.2,48,7,3258.3,20,2,3258.5,65,2,3258.6,73,3,3258.7,18,3
11536,2025-12-30 12:59:20+05:30,3257.1,19,3250.92,1087403,108599.0,127761.0,3250.0,3265.1,3239.8,3251.5,44625000,3576.6,2926.4,4322.95,2866.6,3257.1,55,1,3257.0,64,2,3256.9,159,1,3256.8,97,7,3256.7,30,3,3258.2,54,10,3258.3,14,1,3258.5,65,2,3258.6,73,3,3258.7,18,3
11536,2025-12-30 12:59:20+05:30,3257.1,10,3250.92,1087403,108599.0,127761.0,3250.0,3265.1,3239.8,3251.5,44625000,3576.6,2926.4,4322.95,2866.6,3257.1,55,1,3257.0,64,2,3256.9,159,1,3256.8,97,7,3256.7,30,3,3258.2,54,10,3258.3,14,1,3258.5,65,2,3258.6,73,3,3258.7,18,3
11536,2025-12-30 12:59:21+05:30,3257.1,10,3250.92,1087403,108599.0,127761.0,3250.0,3265.1,3239.8,3251.5,44625000,3576.6,2926.4,4322.95,2866.6,3257.1,55,1,3257.0,64,2,3256.9,159,1,3256.8,97,7,3256.7,30,3,3258.2,54,10,3258.3,14,1,3258.5,65,2,3258.6,73,3,3258.7,18,3
11536,2025-12-30 12:59:21+05:30,3257.1,2,3250.92,1087435,108274.0,127784.0,3250.0,3265.1,3239.8,3251.5,44625000,3576.6,2926.4,4322.95,2866.6,3257.1,77,2,3257.0,64,2,3256.8,91,6,3256.7,30,3,3256.6,246,5,3258.0,32,4,3258.1,13,3,3258.2,27,6,3258.3,74,4,3258.5,65,2
11536,2025-12-30 12:59:21+05:30,3257.1,5,3250.92,1087435,108274.0,127784.0,3250.0,3265.1,3239.8,3251.5,44625000,3576.6,2926.4,4322.95,2866.6,3257.1,77,2,3257.0,64,2,3256.8,91,6,3256.7,30,3,3256.6,246,5,3258.0,32,4,3258.1,13,3,3258.2,27,6,3258.3,74,4,3258.5,65,2
11536,2025-12-30 12:59:22+05:30,3257.1,5,3250.92,1087435,108274.0,127784.0,3250.0,3265.1,3239.8,3251.5,44625000,3576.6,2926.4,4322.95,2866.6,3257.1,77,2,3257.0,64,2,3256.8,91,6,3256.7,30,3,3256.6,246,5,3258.0,32,4,3258.1,13,3,3258.2,27,6,3258.3,74,4,3258.5,65,2
11536,2025-12-30 12:59:22+05:30,3257.1,4,3250.92,1087454,110071.0,128519.0,3250.0,3265.1,3239.8,3251.5,44625000,3576.6,2926.4,4322.95,2866.6,3257.1,58,2,3257.0,64,2,3256.8,91,6,3256.7,30,3,3256.6,96,4,3258.0,35,7,3258.1,13,3,3258.2,25,4,3258.3,74,4,3258.4,22,2
11536,2025-12-30 12:59:22+05:30,3257.1,3,3250.92,1087454,110071.0,128519.0,3250.0,3265.1,3239.8,3251.5,44625000,3576.6,2926.4,4322.95,2866.6,3257.1,58,2,3257.0,64,2,3256.8,91,6,3256.7,30,3,3256.6,96,4,3258.0,35,7,3258.1,13,3,3258.2,25,4,3258.3,74,4,3258.4,22,2
11536,2025-12-30 12:59:23+05:30,3257.1,3,3250.92,1087454,110071.0,128519.0,3250.0,3265.1,3239.8,3251.5,44625000,3576.6,2926.4,4322.95,2866.6,3257.1,58,2,3257.0,64,2,3256.8,91,6,3256.7,30,3,3256.6,96,4,3258.0,35,7,3258.1,13,3,3258.2,25,4,3258.3,74,4,3258.4,22,2
11536,2025-12-30 12:59:23+05:30,3257.1,6,3250.92,1087467,109214.0,128639.0,3250.0,3265.1,3239.8,3251.5,44625000,3576.6,2926.4,4322.95,2866.6,3257.1,45,1,3257.0,64,2,3256.8,63,5,3256.7,30,3,3256.6,96,4,3257.8,41,4,3257.9,11,2,3258.0,5,5,3258.1,26,3,3258.2,10,1
11536,2025-12-30 12:59:23+05:30,3257.8,1,3250.92,1087467,109214.0,128639.0,3250.0,3265.1,3239.8,3251.5,44625000,3576.6,2926.4,4322.95,2866.6,3257.1,45,1,3257.0,64,2,3256.8,63,5,3256.7,30,3,3256.6,96,4,3257.8,41,4,3257.9,11,2,3258.0,5,5,3258.1,26,3,3258.2,10,1
11536,2025-12-30 12:59:23+05:30,3257.8,1,3250.92,1087467,109214.0,128639.0,3250.0,3265.1,3239.8,3251.5,44625000,3576.6,2926.4,4322.95,2866.6,3257.1,45,1,3257.0,64,2,3256.8,63,5,3256.7,30,3,3256.6,96,4,3257.8,41,4,3257.9,11,2,3258.0,5,5,3258.1,26,3,3258.2,10,1
11536,2025-12-30 12:59:24+05:30,3257.8,1,3250.92,1087467,109214.0,128639.0,3250.0,3265.1,3239.8,3251.5,44625000,3576.6,2926.4,4322.95,2866.6,3257.1,45,1,3257.0,64,2,3256.8,63,5,3256.7,30,3,3256.6,96,4,3257.8,41,4,3257.9,11,2,3258.0,5,5,3258.1,26,3,3258.2,10,1
11536,2025-12-30 12:59:24+05:30,3257.8,1,3250.92,1087475,106841.0,128634.0,3250.0,3265.1,3239.8,3251.5,44625000,3576.6,2926.4,4322.95,2866.6,3257.1,39,1,3257.0,64,2,3256.8,63,5,3256.7,30,3,3256.6,96,4,3257.8,41,6,3257.9,11,2,3258.0,4,4,3258.1,11,1,3258.2,10,1
11536,2025-12-30 12:59:24+05:30,3257.1,2,3250.92,1087475,106841.0,128634.0,3250.0,3265.1,3239.8,3251.5,44625000,3576.6,2926.4,4322.95,2866.6,3257.1,39,1,3257.0,64,2,3256.8,63,5,3256.7,30,3,3256.6,96,4,3257.8,41,6,3257.9,11,2,3258.0,4,4,3258.1,11,1,3258.2,10,1
11536,2025-12-30 12:59:25+05:30,3257.1,2,3250.92,1087475,106841.0,128634.0,3250.0,3265.1,3239.8,3251.5,44625000,3576.6,2926.4,4322.95,2866.6,3257.1,39,1,3257.0,64,2,3256.8,63,5,3256.7,30,3,3256.6,96,4,3257.8,41,6,3257.9,11,2,3258.0,4,4,3258.1,11,1,3258.2,10,1
11536,2025-12-30 12:59:25+05:30,3257.1,1,3250.92,1087488,108905.0,128650.0,3250.0,3265.1,3239.8,3251.5,44625000,3576.6,2926.4,4322.95,2866.6,3257.1,30,1,3257.0,64,2,3256.8,63,5,3256.7,30,3,3256.6,96,4,3257.8,41,10,3258.0,1,1,3258.1,11,1,3258.2,10,1,3258.3,66,3
11536,2025-12-30 12:59:25+05:30,3257.1,1,3250.92,1087488,108905.0,128650.0,3250.0,3265.1,3239.8,3251.5,44625000,3576.6,2926.4,4322.95,2866.6,3257.1,30,1,3257.0,64,2,3256.8,63,5,3256.7,30,3,3256.6,96,4,3257.8,41,10,3258.0,1,1,3258.1,11,1,3258.2,10,1,3258.3,66,3
11536,2025-12-30 12:59:25+05:30,3257.1,2,3250.92,1087488,108905.0,128650.0,3250.0,3265.1,3239.8,3251.5,44625000,3576.6,2926.4,4322.95,2866.6,3257.1,30,1,3257.0,64,2,3256.8,63,5,3256.7,30,3,3256.6,96,4,3257.8,41,10,3258.0,1,1,3258.1,11,1,3258.2,10,1,3258.3,66,3
11536,2025-12-30 12:59:26+05:30,3257.1,1,3250.92,1087495,109227.0,128622.0,3250.0,3265.1,3239.8,3251.5,44625000,3576.6,2926.4,4322.95,2866.6,3257.1,23,1,3257.0,564,3,3256.8,63,5,3256.7,30,3,3256.6,96,4,3257.8,43,12,3258.1,11,1,3258.2,10,1,3258.3,80,4,3258.4,3,1
11536,2025-12-30 12:59:26+05:30,3257.1,18,3250.92,1087495,109227.0,128622.0,3250.0,3265.1,3239.8,3251.5,44625000,3576.6,2926.4,4322.95,2866.6,3257.1,23,1,3257.0,564,3,3256.8,63,5,3256.7,30,3,3256.6,96,4,3257.8,43,12,3258.1,11,1,3258.2,10,1,3258.3,80,4,3258.4,3,1
11536,2025-12-30 12:59:27+05:30,3257.1,18,3250.92,1087495,109227.0,128622.0,3250.0,3265.1,3239.8,3251.5,44625000,3576.6,2926.4,4322.95,2866.6,3257.1,23,1,3257.0,564,3,3256.8,63,5,3256.7,30,3,3256.6,96,4,3257.8,43,12,3258.1,11,1,3258.2,10,1,3258.3,80,4,3258.4,3,1
11536,2025-12-30 12:59:27+05:30,3257.0,2,3250.92,1087520,108415.0,128213.0,3250.0,3265.1,3239.8,3251.5,44625000,3576.6,2926.4,4322.95,2866.6,3257.0,649,4,3256.8,41,4,3256.7,30,3,3256.6,50,2,3256.5,169,6,3257.1,9,2,3257.7,10,1,3257.8,29,10,3258.1,11,1,3258.2,24,2
11536,2025-12-30 12:59:27+05:30,3257.0,1,3250.92,1087520,108415.0,128213.0,3250.0,3265.1,3239.8,3251.5,44625000,3576.6,2926.4,4322.95,2866.6,3257.0,649,4,3256.8,41,4,3256.7,30,3,3256.6,50,2,3256.5,169,6,3257.1,9,2,3257.7,10,1,3257.8,29,10,3258.1,11,1,3258.2,24,2
11536,2025-12-30 12:59:28+05:30,3257.1,4,3250.92,1087563,108966.0,127979.0,3250.0,3265.1,3239.8,3251.5,44625000,3576.6,2926.4,4322.95,2866.6,3257.0,699,6,3256.8,41,4,3256.7,68,5,3256.6,50,2,3256.5,172,7,3257.1,5,2,3257.8,5,5,3258.0,10,1,3258.1,11,1,3258.2,10,1
11536,2025-12-30 12:59:28+05:30,3257.1,4,3250.92,1087563,108966.0,127979.0,3250.0,3265.1,3239.8,3251.5,44625000,3576.6,2926.4,4322.95,2866.6,3257.0,699,6,3256.8,41,4,3256.7,68,5,3256.6,50,2,3256.5,172,7,3257.1,5,2,3257.8,5,5,3258.0,10,1,3258.1,11,1,3258.2,10,1
11536,2025-12-30 12:59:28+05:30,3257.0,21,3250.92,1087563,108966.0,127979.0,3250.0,3265.1,3239.8,3251.5,44625000,3576.6,2926.4,4322.95,2866.6,3257.0,699,6,3256.8,41,4,3256.7,68,5,3256.6,50,2,3256.5,172,7,3257.1,5,2,3257.8,5,5,3258.0,10,1,3258.1,11,1,3258.2,10,1
11536,2025-12-30 12:59:29+05:30,3257.0,2,3250.92,1087603,109004.0,126732.0,3250.0,3265.1,3239.8,3251.5,44625000,3576.6,2926.4,4322.95,2866.6,3257.0,673,6,3256.8,61,6,3256.7,47,4,3256.6,102,5,3256.5,172,7,3257.1,7,5,3257.8,2,2,3258.0,10,1,3258.3,16,1,3258.4,3,1
11536,2025-12-30 12:59:29+05:30,3257.0,1,3250.92,1087603,109004.0,126732.0,3250.0,3265.1,3239.8,3251.5,44625000,3576.6,2926.4,4322.95,2866.6,3257.0,673,6,3256.8,61,6,3256.7,47,4,3256.6,102,5,3256.5,172,7,3257.1,7,5,3257.8,2,2,3258.0,10,1,3258.3,16,1,3258.4,3,1
11536,2025-12-30 12:59:30+05:30,3257.0,1,3250.92,1087603,109004.0,126732.0,3250.0,3265.1,3239.8,3251.5,44625000,3576.6,2926.4,4322.95,2866.6,3257.0,673,6,3256.8,61,6,3256.7,47,4,3256.6,102,5,3256.5,172,7,3257.1,7,5,3257.8,2,2,3258.0,10,1,3258.3,16,1,3258.4,3,1
11536,2025-12-30 12:59:30+05:30,3257.0,1,3250.92,1087605,106868.0,128113.0,3250.0,3265.1,3239.8,3251.5,44625000,3576.6,2926.4,4322.95,2866.6,3257.0,671,6,3256.8,62,7,3256.7,47,4,3256.6,91,4,3256.5,172,7,3257.1,8,6,3258.0,10,1,3258.3,16,1,3258.4,3,1,3258.5,66,3
11536,2025-12-30 12:59:30+05:30,3257.0,3,3250.92,1087605,106868.0,128113.0,3250.0,3265.1,3239.8,3251.5,44625000,3576.6,2926.4,4322.95,2866.6,3257.0,671,6,3256.8,62,7,3256.7,47,4,3256.6,91,4,3256.5,172,7,3257.1,8,6,3258.0,10,1,3258.3,16,1,3258.4,3,1,3258.5,66,3
11536,2025-12-30 12:59:31+05:30,3257.1,1,3250.92,1087634,106840.0,128197.0,3250.0,3265.1,3239.8,3251.5,44625000,3576.6,2926.4,4322.95,2866.6,3257.0,689,6,3256.8,42,5,3256.7,30,3,3256.6,69,3,3256.5,172,7,3257.1,19,6,3257.7,10,1,3257.8,26,1,3257.9,11,1,3258.3,58,2
11536,2025-12-30 12:59:31+05:30,3257.1,10,3250.92,1087634,106840.0,128197.0,3250.0,3265.1,3239.8,3251.5,44625000,3576.6,2926.4,4322.95,2866.6,3257.0,689,6,3256.8,42,5,3256.7,30,3,3256.6,69,3,3256.5,172,7,3257.1,19,6,3257.7,10,1,3257.8,26,1,3257.9,11,1,3258.3,58,2
11536,2025-12-30 12:59:32+05:30,3257.1,10,3250.92,1087634,106840.0,128197.0,3250.0,3265.1,3239.8,3251.5,44625000,3576.6,2926.4,4322.95,2866.6,3257.0,689,6,3256.8,42,5,3256.7,30,3,3256.6,69,3,3256.5,172,7,3257.1,19,6,3257.7,10,1,3257.8,26,1,3257.9,11,1,3258.3,58,2
11536,2025-12-30 12:59:32+05:30,3257.0,1,3250.92,1087654,108986.0,128441.0,3250.0,3265.1,3239.8,3251.5,44625000,3576.6,2926.4,4322.95,2866.6,3257.0,685,7,3256.8,63,6,3256.7,38,4,3256.6,69,3,3256.5,194,8,3257.1,10,7,3257.8,26,1,3258.1,11,1,3258.2,10,1,3258.4,3,1
11536,2025-12-30 12:59:32+05:30,3257.1,3,3250.92,1087654,108986.0,128441.0,3250.0,3265.1,3239.8,3251.5,44625000,3576.6,2926.4,4322.95,2866.6,3257.0,685,7,3256.8,63,6,3256.7,38,4,3256.6,69,3,3256.5,194,8,3257.1,10,7,3257.8,26,1,3258.1,11,1,3258.2,10,1,3258.4,3,1
11536,2025-12-30 12:59:33+05:30,3257.1,3,3250.92,1087654,108986.0,128441.0,3250.0,3265.1,3239.8,3251.5,44625000,3576.6,2926.4,4322.95,2866.6,3257.0,685,7,3256.8,63,6,3256.7,38,4,3256.6,69,3,3256.5,194,8,3257.1,10,7,3257.8,26,1,3258.1,11,1,3258.2,10,1,3258.4,3,1
11536,2025-12-30 12:59:33+05:30,3257.1,1,3250.92,1087685,106734.0,127617.0,3250.0,3265.1,3239.8,3251.5,44625000,3576.6,2926.4,4322.95,2866.6,3257.0,696,7,3256.9,3,1,3256.8,88,8,3256.7,38,4,3256.6,391,3,3258.1,36,2,3258.2,24,2,3258.4,15,2,3258.5,46,1,3258.6,90,4
11536,2025-12-30 12:59:33+05:30,3257.1,1,3250.92,1087685,106734.0,127617.0,3250.0,3265.1,3239.8,3251.5,44625000,3576.6,2926.4,4322.95,2866.6,3257.0,696,7,3256.9,3,1,3256.8,88,8,3256.7,38,4,3256.6,391,3,3258.1,36,2,3258.2,24,2,3258.4,15,2,3258.5,46,1,3258.6,90,4
11536,2025-12-30 12:59:34+05:30,3257.0,1,3250.92,1087686,109700.0,127670.0,3250.0,3265.1,3239.8,3251.5,44625000,3576.6,2926.4,4322.95,2866.6,3257.0,695,7,3256.9,3,1,3256.8,88,8,3256.7,38,4,3256.6,50,2,3258.0,87,4,3258.1,2,2,3258.2,24,2,3258.4,15,2,3258.5,46,1
11536,2025-12-30 12:59:34+05:30,3257.0,1,3250.92,1087686,109700.0,127670.0,3250.0,3265.1,3239.8,3251.5,44625000,3576.6,2926.4,4322.95,2866.6,3257.0,695,7,3256.9,3,1,3256.8,88,8,3256.7,38,4,3256.6,50,2,3258.0,87,4,3258.1,2,2,3258.2,24,2,3258.4,15,2,3258.5,46,1
11536,2025-12-30 12:59:35+05:30,3257.0,1,3250.92,1087686,109700.0,127670.0,3250.0,3265.1,3239.8,3251.5,44670675,3576.6,2926.4,4322.95,2866.6,3257.0,695,7,3256.9,3,1,3256.8,88,8,3256.7,38,4,3256.6,50,2,3258.0,87,4,3258.1,2,2,3258.2,24,2,3258.4,15,2,3258.5,46,1
11536,2025-12-30 12:59:35+05:30,3258.0,1,3250.92,1087687,110433.0,127669.0,3250.0,3265.1,3239.8,3251.5,44670675,3576.6,2926.4,4322.95,2866.6,3257.0,748,9,3256.9,17,2,3256.8,88,8,3256.7,47,5,3256.6,91,4,3258.0,86,4,3258.1,2,2,3258.2,4,1,3258.4,3,1,3258.5,46,1
11536,2025-12-30 12:59:35+05:30,3257.9,1,3250.92,1087687,110433.0,127669.0,3250.0,3265.1,3239.8,3251.5,44670675,3576.6,2926.4,4322.95,2866.6,3257.0,748,9,3256.9,17,2,3256.8,88,8,3256.7,47,5,3256.6,91,4,3258.0,86,4,3258.1,2,2,3258.2,4,1,3258.4,3,1,3258.5,46,1
11536,2025-12-30 12:59:36+05:30,3257.9,1,3250.92,1087694,110473.0,128288.0,3250.0,3265.1,3239.8,3251.5,44670675,3576.6,2926.4,4322.95,2866.6,3257.0,742,9,3256.9,61,3,3256.8,88,8,3256.7,38,4,3256.6,91,4,3257.9,11,3,3258.0,77,4,3258.1,1,1,3258.2,4,1,3258.4,3,1
11536,2025-12-30 12:59:36+05:30,3257.0,77,3250.92,1087694,110473.0,128288.0,3250.0,3265.1,3239.8,3251.5,44670675,3576.6,2926.4,4322.95,2866.6,3257.0,742,9,3256.9,61,3,3256.8,88,8,3256.7,38,4,3256.6,91,4,3257.9,11,3,3258.0,77,4,3258.1,1,1,3258.2,4,1,3258.4,3,1
11536,2025-12-30 12:59:37+05:30,3257.0,77,3250.92,1087694,110473.0,128288.0,3250.0,3265.1,3239.8,3251.5,44670675,3576.6,2926.4,4322.95,2866.6,3257.0,742,9,3256.9,61,3,3256.8,88,8,3256.7,38,4,3256.6,91,4,3257.9,11,3,3258.0,77,4,3258.1,1,1,3258.2,4,1,3258.4,3,1
11536,2025-12-30 12:59:37+05:30,3257.0,1,3250.92,1087790,110429.0,127057.0,3250.0,3265.1,3239.8,3251.5,44670675,3576.6,2926.4,4322.95,2866.6,3257.0,596,7,3256.9,47,2,3256.8,106,9,3256.7,57,5,3256.6,113,5,3257.9,16,8,3258.0,75,2,3258.2,4,1,3258.4,3,1,3258.5,46,1
11536,2025-12-30 12:59:37+05:30,3257.0,2,3250.92,1087790,110429.0,127057.0,3250.0,3265.1,3239.8,3251.5,44670675,3576.6,2926.4,4322.95,2866.6,3257.0,596,7,3256.9,47,2,3256.8,106,9,3256.7,57,5,3256.6,113,5,3257.9,16,8,3258.0,75,2,3258.2,4,1,3258.4,3,1,3258.5,46,1
11536,2025-12-30 12:59:38+05:30,3257.0,1,3250.92,1087793,110260.0,127645.0,3250.0,3265.1,3239.8,3251.5,44670675,3576.6,2926.4,4322.95,2866.6,3257.0,594,8,3256.9,47,2,3256.8,106,9,3256.7,57,5,3256.6,113,5,3257.9,17,9,3258.0,75,2,3258.2,4,1,3258.4,3,1,3258.5,46,1
11536,2025-12-30 12:59:38+05:30,3257.0,1,3250.92,1087793,110260.0,127645.0,3250.0,3265.1,3239.8,3251.5,44670675,3576.6,2926.4,4322.95,2866.6,3257.0,594,8,3256.9,47,2,3256.8,106,9,3256.7,57,5,3256.6,113,5,3257.9,17,9,3258.0,75,2,3258.2,4,1,3258.4,3,1,3258.5,46,1
11536,2025-12-30 12:59:39+05:30,3257.0,1,3250.92,1087796,110432.0,127600.0,3250.0,3265.1,3239.8,3251.5,44670675,3576.6,2926.4,4322.95,2866.6,3257.0,591,8,3256.9,47,2,3256.8,106,9,3256.7,57,5,3256.6,113,5,3257.9,15,7,3258.0,75,2,3258.2,4,1,3258.4,3,1,3258.5,46,1
11536,2025-12-30 12:59:39+05:30,3257.0,1,3250.92,1087796,110432.0,127600.0,3250.0,3265.1,3239.8,3251.5,44670675,3576.6,2926.4,4322.95,2866.6,3257.0,591,8,3256.9,47,2,3256.8,106,9,3256.7,57,5,3256.6,113,5,3257.9,15,7,3258.0,75,2,3258.2,4,1,3258.4,3,1,3258.5,46,1
11536,2025-12-30 12:59:40+05:30,3257.0,10,3250.93,1089867,105928.0,129007.0,3250.0,3265.1,3239.8,3251.5,44670675,3576.6,2926.4,4322.95,2866.6,3257.0,52,1,3256.1,338,6,3256.0,284,5,3255.9,65,2,3255.8,111,4,3257.3,7,1,3257.4,44,3,3257.6,6,1,3257.7,20,1,3257.8,15,2
11536,2025-12-30 12:59:40+05:30,3256.0,1,3250.93,1089867,105928.0,129007.0,3250.0,3265.1,3239.8,3251.5,44670675,3576.6,2926.4,4322.95,2866.6,3257.0,52,1,3256.1,338,6,3256.0,284,5,3255.9,65,2,3255.8,111,4,3257.3,7,1,3257.4,44,3,3257.6,6,1,3257.7,20,1,3257.8,15,2
11536,2025-12-30 12:59:41+05:30,3255.6,10,3250.94,1091886,106786.0,131312.0,3250.0,3265.1,3239.8,3251.5,44670675,3576.6,2926.4,4322.95,2866.6,3255.4,203,5,3255.3,175,1,3255.2,44,2,3255.1,69,3,3255.0,296,19,3255.9,10,1,3256.0,34,3,3256.7,12,1,3256.8,30,2,3256.9,68,3
11536,2025-12-30 12:59:41+05:30,3255.0,5,3250.94,1091886,106786.0,131312.0,3250.0,3265.1,3239.8,3251.5,44670675,3576.6,2926.4,4322.95,2866.6,3255.4,203,5,3255.3,175,1,3255.2,44,2,3255.1,69,3,3255.0,296,19,3255.9,10,1,3256.0,34,3,3256.7,12,1,3256.8,30,2,3256.9,68,3
11536,2025-12-30 12:59:42+05:30,3255.6,19,3250.95,1093826,108606.0,128383.0,3250.0,3265.1,3239.8,3251.5,44670675,3576.6,2926.4,4322.95,2866.6,3256.4,1,1,3255.8,23,2,3255.7,155,1,3255.6,137,6,3255.5,93,3,3256.9,33,2,3257.0,1,1,3257.1,4,1,3257.2,47,2,3257.3,43,3
11536,2025-12-30 12:59:42+05:30,3255.1,69,3250.95,1093826,108606.0,128383.0,3250.0,3265.1,3239.8,3251.5,44670675,3576.6,2926.4,4322.95,2866.6,3256.4,1,1,3255.8,23,2,3255.7,155,1,3255.6,137,6,3255.5,93,3,3256.9,33,2,3257.0,1,1,3257.1,4,1,3257.2,47,2,3257.3,43,3
11536,2025-12-30 12:59:43+05:30,3255.0,4,3250.95,1093826,108606.0,128383.0,3250.0,3265.1,3239.8,3251.5,44670675,3576.6,2926.4,4322.95,2866.6,3256.4,1,1,3255.8,23,2,3255.7,155,1,3255.6,137,6,3255.5,93,3,3256.9,33,2,3257.0,1,1,3257.1,4,1,3257.2,47,2,3257.3,43,3
11536,2025-12-30 12:59:43+05:30,3255.0,4,3250.96,1096623,104887.0,130097.0,3250.0,3265.1,3239.8,3251.5,44670675,3576.6,2926.4,4322.95,2866.6,3254.9,63,5,3254.8,220,4,3254.7,201,3,3254.6,25,2,3254.5,55,2,3255.6,10,2,3256.1,10,1,3256.2,11,1,3256.3,95,3,3256.4,73,4
11536,2025-12-30 12:59:44+05:30,3255.7,17,3250.98,1100657,105843.0,127053.0,3250.0,3265.1,3239.8,3251.5,44670675,3576.6,2926.4,4322.95,2866.6,3255.6,47,2,3255.5,45,2,3255.4,85,3,3255.3,36,3,3255.2,113,5,3256.9,13,1,3257.0,57,4,3257.1,61,2,3257.2,30,2,3257.3,6,1
11536,2025-12-30 12:59:44+05:30,3255.0,33,3250.98,1100657,105843.0,127053.0,3250.0,3265.1,3239.8,3251.5,44670675,3576.6,2926.4,4322.95,2866.6,3255.6,47,2,3255.5,45,2,3255.4,85,3,3255.3,36,3,3255.2,113,5,3256.9,13,1,3257.0,57,4,3257.1,61,2,3257.2,30,2,3257.3,6,1
11536,2025-12-30 12:59:45+05:30,3256.6,1,3250.98,1101699,105509.0,129680.0,3250.0,3265.1,3239.8,3251.5,44670675,3576.6,2926.4,4322.95,2866.6,3254.9,163,6,3254.8,275,7,3254.7,26,2,3254.6,81,3,3254.5,174,5,3256.4,73,5,3256.5,49,4,3256.6,137,8,3256.7,23,3,3256.8,192,8
11536,2025-12-30 12:59:45+05:30,3256.7,7,3250.98,1101699,105509.0,129680.0,3250.0,3265.1,3239.8,3251.5,44670675,3576.6,2926.4,4322.95,2866.6,3254.9,163,6,3254.8,275,7,3254.7,26,2,3254.6,81,3,3254.5,174,5,3256.4,73,5,3256.5,49,4,3256.6,137,8,3256.7,23,3,3256.8,192,8
11536,2025-12-30 12:59:46+05:30,3255.8,20,3250.99,1103582,107857.0,128215.0,3250.0,3265.1,3239.8,3251.5,44670675,3576.6,2926.4,4322.95,2866.6,3255.7,17,2,3255.6,20,1,3255.5,175,1,3255.4,25,2,3255.3,94,2,3257.0,62,3,3257.1,81,3,3257.2,86,3,3257.3,200,6,3257.4,119,3
11536,2025-12-30 12:59:46+05:30,3257.0,49,3250.99,1103582,107857.0,128215.0,3250.0,3265.1,3239.8,3251.5,44670675,3576.6,2926.4,4322.95,2866.6,3255.7,17,2,3255.6,20,1,3255.5,175,1,3255.4,25,2,3255.3,94,2,3257.0,62,3,3257.1,81,3,3257.2,86,3,3257.3,200,6,3257.4,119,3
11536,2025-12-30 12:59:47+05:30,3255.0,3,3251.0,1104830,105532.0,130244.0,3250.0,3265.1,3239.8,3251.5,44670675,3576.6,2926.4,4322.95,2866.6,3254.9,104,5,3254.8,84,4,3254.7,83,4,3254.6,28,3,3254.5,111,4,3256.3,46,3,3256.4,108,6,3256.5,25,1,3256.6,195,4,3256.7,154,5
11536,2025-12-30 12:59:47+05:30,3255.0,3,3251.0,1104830,105532.0,130244.0,3250.0,3265.1,3239.8,3251.5,44670675,3576.6,2926.4,4322.95,2866.6,3254.9,104,5,3254.8,84,4,3254.7,83,4,3254.6,28,3,3254.5,111,4,3256.3,46,3,3256.4,108,6,3256.5,25,1,3256.6,195,4,3256.7,154,5
11536,2025-12-30 12:59:48+05:30,3255.2,3,3251.0,1105357,106381.0,130233.0,3250.0,3265.1,3239.8,3251.5,44670675,3576.6,2926.4,4322.95,2866.6,3255.2,80,5,3255.1,25,2,3255.0,29,2,3254.9,265,4,3254.8,88,4,3256.3,5,1,3256.4,23,2,3256.5,25,1,3256.6,22,1,3256.7,50,2
11536,2025-12-30 12:59:48+05:30,3255.2,49,3251.0,1105357,106381.0,130233.0,3250.0,3265.1,3239.8,3251.5,44670675,3576.6,2926.4,4322.95,2866.6,3255.2,80,5,3255.1,25,2,3255.0,29,2,3254.9,265,4,3254.8,88,4,3256.3,5,1,3256.4,23,2,3256.5,25,1,3256.6,22,1,3256.7,50,2
11536,2025-12-30 12:59:49+05:30,3254.9,21,3251.0,1106189,105647.0,130408.0,3250.0,3265.1,3239.8,3251.5,44670675,3576.6,2926.4,4322.95,2866.6,3255.1,63,3,3255.0,21,1,3254.9,29,3,3254.8,49,4,3254.7,83,4,3256.3,17,2,3256.4,123,5,3256.5,125,3,3256.6,205,4,3256.7,32,1
11536,2025-12-30 12:59:49+05:30,3255.0,3,3251.0,1106189,105647.0,130408.0,3250.0,3265.1,3239.8,3251.5,44670675,3576.6,2926.4,4322.95,2866.6,3255.1,63,3,3255.0,21,1,3254.9,29,3,3254.8,49,4,3254.7,83,4,3256.3,17,2,3256.4,123,5,3256.5,125,3,3256.6,205,4,3256.7,32,1
11536,2025-12-30 12:59:50+05:30,3254.8,4,3251.0,1106772,105677.0,129623.0,3250.0,3265.1,3239.8,3251.5,44670675,3576.6,2926.4,4322.95,2866.6,3255.0,12,1,3254.9,11,1,3254.8,37,4,3254.7,78,4,3254.6,47,3,3256.2,17,2,3256.3,46,4,3256.4,23,1,3256.5,90,3,3256.6,29,2
11536,2025-12-30 12:59:50+05:30,3255.2,12,3251.0,1106772,105677.0,129623.0,3250.0,3265.1,3239.8,3251.5,44670675,3576.6,2926.4,4322.95,2866.6,3255.0,12,1,3254.9,11,1,3254.8,37,4,3254.7,78,4,3254.6,47,3,3256.2,17,2,3256.3,46,4,3256.4,23,1,3256.5,90,3,3256.6,29,2
11536,2025-12-30 12:59:51+05:30,3256.1,3,3251.01,1107177,105690.0,129707.0,3250.0,3265.1,3239.8,3251.5,44670675,3576.6,2926.4,4322.95,2866.6,3254.8,107,8,3254.7,123,5,3254.6,34,3,3254.5,73,2,3254.4,342,6,3256.1,29,2,3256.2,35,2,3256.3,17,4,3256.4,52,2,3256.5,44,2
11536,2025-12-30 12:59:51+05:30,3256.3,2,3251.01,1107177,105690.0,129707.0,3250.0,3265.1,3239.8,3251.5,44670675,3576.6,2926.4,4322.95,2866.6,3254.8,107,8,3254.7,123,5,3254.6,34,3,3254.5,73,2,3254.4,342,6,3256.1,29,2,3256.2,35,2,3256.3,17,4,3256.4,52,2,3256.5,44,2
11536,2025-12-30 12:59:52+05:30,3255.3,8,3251.01,1107794,106061.0,129193.0,3250.0,3265.1,3239.8,3251.5,44670675,3576.6,2926.4,4322.95,2866.6,3255.1,56,3,3255.0,21,1,3254.9,12,1,3254.8,228,5,3254.7,350,9,3256.3,8,3,3256.8,71,3,3257.0,67,3,3257.1,186,3,3257.2,223,6
11536,2025-12-30 12:59:52+05:30,3255.1,32,3251.01,1107794,106061.0,129193.0,3250.0,3265.1,3239.8,3251.5,44670675,3576.6,2926.4,4322.95,2866.6,3255.1,56,3,3255.0,21,1,3254.9,12,1,3254.8,228,5,3254.7,350,9,3256.3,8,3,3256.8,71,3,3257.0,67,3,3257.1,186,3,3257.2,223,6
11536,2025-12-30 12:59:53+05:30,3255.0,21,3251.01,1108308,106363.0,130336.0,3250.0,3265.1,3239.8,3251.5,44670675,3576.6,2926.4,4322.95,2866.6,3254.8,220,5,3254.7,90,5,3254.6,59,4,3254.5,101,3,3254.4,197,6,3256.0,35,2,3256.1,5,1,3256.3,13,3,3256.5,23,1,3256.6,89,3
11536,2025-12-30 12:59:53+05:30,3256.1,12,3251.01,1108308,106363.0,130336.0,3250.0,3265.1,3239.8,3251.5,44670675,3576.6,2926.4,4322.95,2866.6,3254.8,220,5,3254.7,90,5,3254.6,59,4,3254.5,101,3,3254.4,197,6,3256.0,35,2,3256.1,5,1,3256.3,13,3,3256.5,23,1,3256.6,89,3
11536,2025-12-30 12:59:54+05:30,3255.0,27,3251.01,1108548,105851.0,129419.0,3250.0,3265.1,3239.8,3251.5,44670675,3576.6,2926.4,4322.95,2866.6,3255.2,21,1,3255.1,21,1,3255.0,20,1,3254.9,16,1,3254.8,236,6,3256.1,34,3,3256.2,10,1,3256.3,10,2,3256.5,23,1,3256.6,4,2
11536,2025-12-30 12:59:54+05:30,3254.9,1,3251.01,1108548,105851.0,129419.0,3250.0,3265.1,3239.8,3251.5,44670675,3576.6,2926.4,4322.95,2866.6,3255.2,21,1,3255.1,21,1,3255.0,20,1,3254.9,16,1,3254.8,236,6,3256.1,34,3,3256.2,10,1,3256.3,10,2,3256.5,23,1,3256.6,4,2
11536,2025-12-30 12:59:55+05:30,3255.0,3,3251.01,1108725,106103.0,130091.0,3250.0,3265.1,3239.8,3251.5,44670675,3576.6,2926.4,4322.95,2866.6,3254.9,37,3,3254.8,213,4,3254.7,83,4,3254.6,28,2,3254.5,77,3,3256.0,27,1,3256.1,25,5,3256.3,18,2,3256.5,90,3,3256.6,4,2
11536,2025-12-30 12:59:55+05:30,3255.0,10,3251.01,1108725,106103.0,130091.0,3250.0,3265.1,3239.8,3251.5,44670675,3576.6,2926.4,4322.95,2866.6,3254.9,37,3,3254.8,213,4,3254.7,83,4,3254.6,28,2,3254.5,77,3,3256.0,27,1,3256.1,25,5,3256.3,18,2,3256.5,90,3,3256.6,4,2
11536,2025-12-30 12:59:56+05:30,3255.2,2,3251.01,1109030,105838.0,129386.0,3250.0,3265.1,3239.8,3251.5,44670675,3576.6,2926.4,4322.95,2866.6,3255.2,46,4,3255.1,21,1,3255.0,36,2,3254.9,201,3,3254.8,27,2,3256.1,23,5,3256.8,103,5,3256.9,176,1,3257.0,110,4,3257.1,153,3
11536,2025-12-30 12:59:56+05:30,3256.1,1,3251.01,1109030,105838.0,129386.0,3250.0,3265.1,3239.8,3251.5,44670675,3576.6,2926.4,4322.95,2866.6,3255.2,46,4,3255.1,21,1,3255.0,36,2,3254.9,201,3,3254.8,27,2,3256.1,23,5,3256.8,103,5,3256.9,176,1,3257.0,110,4,3257.1,153,3
11536,2025-12-30 12:59:57+05:30,3255.0,60,3251.02,1109988,106149.0,130930.0,3250.0,3265.1,3239.8,3251.5,44670675,3576.6,2926.4,4322.95,2866.6,3255.2,17,1,3255.0,31,2,3254.9,24,2,3254.8,205,4,3254.7,243,6,3256.0,24,1,3256.1,9,4,3256.2,50,2,3256.5,61,1,3256.6,44,2
11536,2025-12-30 12:59:57+05:30,3255.0,16,3251.02,1109988,106149.0,130930.0,3250.0,3265.1,3239.8,3251.5,44670675,3576.6,2926.4,4322.95,2866.6,3255.2,17,1,3255.0,31,2,3254.9,24,2,3254.8,205,4,3254.7,243,6,3256.0,24,1,3256.1,9,4,3256.2,50,2,3256.5,61,1,3256.6,44,2
11536,2025-12-30 12:59:58+05:30,3255.0,96,3251.02,1110887,106585.0,129446.0,3250.0,3265.1,3239.8,3251.5,44670675,3576.6,2926.4,4322.95,2866.6,3255.4,25,2,3255.2,21,1,3255.1,16,2,3255.0,21,1,3254.9,177,2,3256.3,27,1,3256.4,23,1,3256.5,108,5,3256.7,61,1,3256.8,92,4
11536,2025-12-30 12:59:58+05:30,3255.0,119,3251.02,1110887,106585.0,129446.0,3250.0,3265.1,3239.8,3251.5,44670675,3576.6,2926.4,4322.95,2866.6,3255.4,25,2,3255.2,21,1,3255.1,16,2,3255.0,21,1,3254.9,177,2,3256.3,27,1,3256.4,23,1,3256.5,108,5,3256.7,61,1,3256.8,92,4
11536,2025-12-30 12:59:59+05:30,3255.1,11,3251.02,1111512,106495.0,127482.0,3250.0,3265.1,3239.8,3251.5,44670675,3576.6,2926.4,4322.95,2866.6,3255.2,24,2,3255.0,67,4,3254.9,26,3,3254.8,86,4,3254.7,233,5,3256.2,33,2,3256.3,24,3,3256.5,89,3,3256.6,105,3,3256.7,28,1
11536,2025-12-30 12:59:59+05:30,3255.1,14,3251.02,1111512,106495.0,127482.0,3250.0,3265.1,3239.8,3251.5,44670675,3576.6,2926.4,4322.95,2866.6,3255.2,24,2,3255.0,67,4,3254.9,26,3,3254.8,86,4,3254.7,233,5,3256.2,33,2,3256.3,24,3,3256.5,89,3,3256.6,105,3,3256.7,28,1
11536,2025-12-30 13:00:00+05:30,3255.1,3,3251.03,1112147,106557.0,130117.0,3250.0,3265.1,3239.8,3251.5,44670675,3576.6,2926.4,4322.95,2866.6,3255.1,73,7,3255.0,4,2,3254.9,32,4,3254.8,96,5,3254.7,281,6,3256.1,28,1,3256.2,8,1,3256.3,24,3,3256.4,61,1,3256.5,50,3
11536,2025-12-30 13:00:00+05:30,3255.1,71,3251.03,1112147,106557.0,130117.0,3250.0,3265.1,3239.8,3251.5,44670675,3576.6,2926.4,4322.95,2866.6,3255.1,73,7,3255.0,4,2,3254.9,32,4,3254.8,96,5,3254.7,281,6,3256.1,28,1,3256.2,8,1,3256.3,24,3,3256.4,61,1,3256.5,50,3
11536,2025-12-30 13:00:01+05:30,3255.0,14,3251.03,1112533,106393.0,130812.0,3250.0,3265.1,3239.8,3251.5,44670675,3576.6,2926.4,4322.95,2866.6,3255.1,11,2,3255.0,27,2,3254.9,77,4,3254.8,205,4,3254.7,233,5,3255.9,28,1,3256.0,23,1,3256.1,8,2,3256.2,18,2,3256.3,14,2
11536,2025-12-30 13:00:01+05:30,3255.7,5,3251.03,1112533,106393.0,130812.0,3250.0,3265.1,3239.8,3251.5,44670675,3576.6,2926.4,4322.95,2866.6,3255.1,11,2,3255.0,27,2,3254.9,77,4,3254.8,205,4,3254.7,233,5,3255.9,28,1,3256.0,23,1,3256.1,8,2,3256.2,18,2,3256.3,14,2
11536,2025-12-30 13:00:02+05:30,3256.5,2,3251.03,1114025,108451.0,129258.0,3250.0,3265.1,3239.8,3251.5,44670675,3576.6,2926.4,4322.95,2866.6,3255.6,20,1,3255.4,31,2,3255.3,11,1,3255.2,96,5,3255.1,193,3,3256.5,26,1,3256.6,23,1,3256.8,23,1,3256.9,61,1,3257.0,167,6
11536,2025-12-30 13:00:02+05:30,3255.4,59,3251.03,1114025,108451.0,129258.0,3250.0,3265.1,3239.8,3251.5,44670675,3576.6,2926.4,4322.95,2866.6,3255.6,20,1,3255.4,31,2,3255.3,11,1,3255.2,96,5,3255.1,193,3,3256.5,26,1,3256.6,23,1,3256.8,23,1,3256.9,61,1,3257.0,167,6
11536,2025-12-30 13:00:03+05:30,3255.0,30,3251.04,1115968,106601.0,130409.0,3250.0,3265.1,3239.8,3251.5,44670675,3576.6,2926.4,4322.95,2866.6,3255.0,56,4,3254.9,238,3,3254.8,39,4,3254.7,236,5,3254.6,83,5,3256.4,29,2,3256.5,47,4,3256.6,49,2,3256.7,180,4,3256.8,131,5
11536,2025-12-30 13:00:03+05:30,3256.5,17,3251.04,1115968,106601.0,130409.0,3250.0,3265.1,3239.8,3251.5,44670675,3576.6,2926.4,4322.95,2866.6,3255.0,56,4,3254.9,238,3,3254.8,39,4,3254.7,236,5,3254.6,83,5,3256.4,29,2,3256.5,47,4,3256.6,49,2,3256.7,180,4,3256.8,131,5
11536,2025-12-30 13:00:04+05:30,3255.0,17,3251.05,1117887,106948.0,130305.0,3250.0,3265.1,3239.8,3251.5,44670675,3576.6,2926.4,4322.95,2866.6,3255.1,7,1,3255.0,25,2,3254.9,3,1,3254.8,239,6,3254.7,236,5,3256.2,28,1,3256.3,23,1,3256.4,160,4,3256.5,7,2,3256.6,150,3
11536,2025-12-30 13:00:04+05:30,3255.2,10,3251.05,1117887,106948.0,130305.0,3250.0,3265.1,3239.8,3251.5,44670675,3576.6,2926.4,4322.95,2866.6,3255.1,7,1,3255.0,25,2,3254.9,3,1,3254.8,239,6,3254.7,236,5,3256.2,28,1,3256.3,23,1,3256.4,160,4,3256.5,7,2,3256.6,150,3
11536,2025-12-30 13:00:05+05:30,3255.0,10,3251.06,1119559,104627.0,130804.0,3250.0,3265.1,3239.8,3251.5,44670675,3576.6,2926.4,4322.95,2866.6,3254.9,29,2,3254.8,50,3,3254.7,48,3,3254.6,206,3,3254.5,64,3,3255.9,1,1,3256.3,9,1,3256.4,167,5,3256.5,90,5,3256.6,49,3
11536,2025-12-30 13:00:05+05:30,3255.3,17,3251.06,1119559,104627.0,130804.0,3250.0,3265.1,3239.8,3251.5,44670675,3576.6,2926.4,4322.95,2866.6,3254.9,29,2,3254.8,50,3,3254.7,48,3,3254.6,206,3,3254.5,64,3,3255.9,1,1,3256.3,9,1,3256.4,167,5,3256.5,90,5,3256.6,49,3
11536,2025-12-30 13:00:06+05:30,3255.0,57,3251.06,1121272,106244.0,130416.0,3250.0,3265.1,3239.8,3251.5,44670675,3576.6,2926.4,4322.95,2866.6,3254.9,75,2,3254.8,51,4,3254.7,29,3,3254.6,25,2,3254.5,71,4,3256.4,92,4,3256.5,361,5,3256.6,68,6,3256.7,39,4,3256.8,109,6
11536,2025-12-30 13:00:06+05:30,3255.2,3,3251.06,1121272,106244.0,130416.0,3250.0,3265.1,3239.8,3251.5,44670675,3576.6,2926.4,4322.95,2866.6,3254.9,75,2,3254.8,51,4,3254.7,29,3,3254.6,25,2,3254.5,71,4,3256.4,92,4,3256.5,361,5,3256.6,68,6,3256.7,39,4,3256.8,109,6
11536,2025-12-30 13:00:07+05:30,3255.3,24,3251.07,1122123,106847.0,129991.0,3250.0,3265.1,3239.8,3251.5,44670675,3576.6,2926.4,4322.95,2866.6,3254.9,74,4,3254.8,38,3,3254.7,29,3,3254.6,39,2,3254.5,277,5,3255.3,8,1,3256.4,75,1,3256.5,140,2,3256.6,56,3,3256.7,203,5
11536,2025-12-30 13:00:07+05:30,3255.6,4,3251.07,1122123,106847.0,129991.0,3250.0,3265.1,3239.8,3251.5,44670675,3576.6,2926.4,4322.95,2866.6,3254.9,74,4,3254.8,38,3,3254.7,29,3,3254.6,39,2,3254.5,277,5,3255.3,8,1,3256.4,75,1,3256.5,140,2,3256.6,56,3,3256.7,203,5
11536,2025-12-30 13:00:08+05:30,3255.4,68,3251.07,1123485,109047.0,128791.0,3250.0,3265.1,3239.8,3251.5,44670675,3576.6,2926.4,4322.95,2866.6,3255.4,40,3,3255.2,23,1,3255.1,12,2,3255.0,331,5,3254.9,235,4,3256.5,10,1,3256.6,4,1,3256.7,4,1,3256.8,62,2,3257.0,156,3
11536,2025-12-30 13:00:08+05:30,3255.2,24,3251.07,1123485,109047.0,128791.0,3250.0,3265.1,3239.8,3251.5,44670675,3576.6,2926.4,4322.95,2866.6,3255.4,40,3,3255.2,23,1,3255.1,12,2,3255.0,331,5,3254.9,235,4,3256.5,10,1,3256.6,4,1,3256.7,4,1,3256.8,62,2,3257.0,156,3
11536,2025-12-30 13:00:09+05:30,3255.4,1,3251.08,1124654,106516.0,129934.0,3250.0,3265.1,3239.8,3251.5,44670675,3576.6,2926.4,4322.95,2866.6,3255.4,1,1,3255.1,23,1,3255.0,13,1,3254.9,187,2,3254.8,202,3,3256.4,36,2,3256.5,71,4,3256.6,4,1,3256.7,3,1,3256.8,68,3
11536,2025-12-30 13:00:09+05:30,3256.4,17,3251.08,1124654,106516.0,129934.0,3250.0,3265.1,3239.8,3251.5,44670675,3576.6,2926.4,4322.95,2866.6,3255.4,1,1,3255.1,23,1,3255.0,13,1,3254.9,187,2,3254.8,202,3,3256.4,36,2,3256.5,71,4,3256.6,4,1,3256.7,3,1,3256.8,68,3
11536,2025-12-30 13:00:10+05:30,3256.5,1,3251.08,1124866,111291.0,127741.0,3250.0,3265.1,3239.8,3251.5,44670675,3576.6,2926.4,4322.95,2866.6,3256.5,9,1,3256.4,10,1,3256.1,23,1,3256.0,28,1,3255.9,32,1,3257.4,33,3,3257.5,10,1,3257.6,184,6,3257.7,39,3,3257.8,190,3
11536,2025-12-30 13:00:10+05:30,3255.9,21,3251.08,1124866,111291.0,127741.0,3250.0,3265.1,3239.8,3251.5,44670675,3576.6,2926.4,4322.95,2866.6,3256.5,9,1,3256.4,10,1,3256.1,23,1,3256.0,28,1,3255.9,32,1,3257.4,33,3,3257.5,10,1,3257.6,184,6,3257.7,39,3,3257.8,190,3
11536,2025-12-30 13:00:11+05:30,3257.6,3,3251.08,1125325,117719.0,125468.0,3250.0,3265.1,3239.8,3251.5,44670675,3576.6,2926.4,4322.95,2866.6,3257.6,6,1,3257.5,3949,1,3257.0,92,1,3256.9,28,1,3256.7,25,2,3258.0,61,3,3258.3,19,1,3258.4,21,1,3258.5,207,2,3258.6,41,2
11536,2025-12-30 13:00:11+05:30,3257.6,1,3251.08,1125325,117719.0,125468.0,3250.0,3265.1,3239.8,3251.5,44670675,3576.6,2926.4,4322.95,2866.6,3257.6,6,1,3257.5,3949,1,3257.0,92,1,3256.9,28,1,3256.7,25,2,3258.0,61,3,3258.3,19,1,3258.4,21,1,3258.5,207,2,3258.6,41,2
11536,2025-12-30 13:00:12+05:30,3257.6,1,3251.08,1125421,118105.0,125334.0,3250.0,3265.1,3239.8,3251.5,44670675,3576.6,2926.4,4322.95,2866.6,3257.5,3949,1,3257.4,92,1,3257.3,24,1,3257.1,28,1,3256.8,34,3,3258.0,7,2,3258.4,174,1,3258.5,55,2,3258.6,53,3,3258.7,55,2
11536,2025-12-30 13:00:12+05:30,3258.0,1,3251.08,1125421,118105.0,125334.0,3250.0,3265.1,3239.8,3251.5,44670675,3576.6,2926.4,4322.95,2866.6,3257.5,3949,1,3257.4,92,1,3257.3,24,1,3257.1,28,1,3256.8,34,3,3258.0,7,2,3258.4,174,1,3258.5,55,2,3258.6,53,3,3258.7,55,2
11536,2025-12-30 13:00:13+05:30,3257.5,1,3251.08,1125461,118285.0,125641.0,3250.0,3265.1,3239.8,3251.5,44670675,3576.6,2926.4,4322.95,2866.6,3257.5,4129,4,3257.4,190,1,3257.3,24,1,3257.2,92,1,3257.1,28,1,3258.0,9,3,3258.2,14,2,3258.4,9,1,3258.5,55,2,3258.6,217,3
11536,2025-12-30 13:00:13+05:30,3258.0,6,3251.08,1125461,118285.0,125641.0,3250.0,3265.1,3239.8,3251.5,44670675,3576.6,2926.4,4322.95,2866.6,3257.5,4129,4,3257.4,190,1,3257.3,24,1,3257.2,92,1,3257.1,28,1,3258.0,9,3,3258.2,14,2,3258.4,9,1,3258.5,55,2,3258.6,217,3
11536,2025-12-30 13:00:14+05:30,3257.5,4,3251.08,1125490,118428.0,125253.0,3250.0,3265.1,3239.8,3251.5,44670675,3576.6,2926.4,4322.95,2866.6,3257.5,4149,5,3257.4,190,1,3257.3,92,1,3257.2,28,1,3257.0,69,2,3258.0,4,3,3258.2,14,2,3258.4,161,1,3258.5,46,1,3258.6,41,2
11536,2025-12-30 13:00:14+05:30,3258.0,1,3251.08,1125490,118428.0,125253.0,3250.0,3265.1,3239.8,3251.5,44670675,3576.6,2926.4,4322.95,2866.6,3257.5,4149,5,3257.4,190,1,3257.3,92,1,3257.2,28,1,3257.0,69,2,3258.0,4,3,3258.2,14,2,3258.4,161,1,3258.5,46,1,3258.6,41,2
11536,2025-12-30 13:00:15+05:30,3258.0,1,3251.08,1125560,118225.0,126359.0,3250.0,3265.1,3239.8,3251.5,44670675,3576.6,2926.4,4322.95,2866.6,3257.5,4246,4,3257.4,218,2,3257.3,92,1,3257.2,24,1,3257.0,21,1,3258.0,3,3,3258.2,7,1,3258.3,12,1,3258.5,46,1,3258.6,182,2
11536,2025-12-30 13:00:15+05:30,3258.2,2,3251.08,1125560,118225.0,126359.0,3250.0,3265.1,3239.8,3251.5,44670675,3576.6,2926.4,4322.95,2866.6,3257.5,4246,4,3257.4,218,2,3257.3,92,1,3257.2,24,1,3257.0,21,1,3258.0,3,3,3258.2,7,1,3258.3,12,1,3258.5,46,1,3258.6,182,2
11536,2025-12-30 13:00:16+05:30,3258.2,2,3251.08,1125592,118950.0,125494.0,3250.0,3265.1,3239.8,3251.5,44670675,3576.6,2926.4,4322.95,2866.6,3257.6,92,1,3257.5,4274,5,3257.4,245,4,3257.2,31,2,3257.0,21,1,3258.5,57,4,3258.7,220,3,3258.8,48,1,3258.9,105,5,3259.0,333,3
11536,2025-12-30 13:00:16+05:30,3258.2,3,3251.08,1125592,118950.0,125494.0,3250.0,3265.1,3239.8,3251.5,44670675,3576.6,2926.4,4322.95,2866.6,3257.6,92,1,3257.5,4274,5,3257.4,245,4,3257.2,31,2,3257.0,21,1,3258.5,57,4,3258.7,220,3,3258.8,48,1,3258.9,105,5,3259.0,333,3
11536,2025-12-30 13:00:17+05:30,3258.2,3,3251.08,1125596,119076.0,125285.0,3250.0,3265.1,3239.8,3251.5,44670675,3576.6,2926.4,4322.95,2866.6,3257.6,92,1,3257.5,4303,7,3257.4,222,3,3257.2,69,2,3257.0,21,1,3258.2,5,1,3258.5,64,6,3258.7,66,2,3258.8,65,2,3258.9,53,3
11536,2025-12-30 13:00:17+05:30,3258.2,3,3251.08,1125596,119076.0,125285.0,3250.0,3265.1,3239.8,3251.5,44670675,3576.6,2926.4,4322.95,2866.6,3257.6,92,1,3257.5,4303,7,3257.4,222,3,3257.2,69,2,3257.0,21,1,3258.2,5,1,3258.5,64,6,3258.7,66,2,3258.8,65,2,3258.9,53,3
11536,2025-12-30 13:00:18+05:30,3258.2,3,3251.08,1125626,119150.0,125743.0,3250.0,3265.1,3239.8,3251.5,44670675,3576.6,2926.4,4322.95,2866.6,3257.6,39,2,3257.5,4342,6,3257.4,252,5,3257.3,60,1,3257.2,21,1,3258.2,25,4,3258.3,7,1,3258.5,47,3,3258.6,184,2,3258.7,66,2
11536,2025-12-30 13:00:18+05:30,3257.6,8,3251.08,1125626,119150.0,125743.0,3250.0,3265.1,3239.8,3251.5,44670675,3576.6,2926.4,4322.95,2866.6,3257.6,39,2,3257.5,4342,6,3257.4,252,5,3257.3,60,1,3257.2,21,1,3258.2,25,4,3258.3,7,1,3258.5,47,3,3258.6,184,2,3258.7,66,2
11536,2025-12-30 13:00:19+05:30,3257.6,8,3251.08,1125698,117279.0,125400.0,3250.0,3265.1,3239.8,3251.5,44670675,3576.6,2926.4,4322.95,2866.6,3257.6,104,3,3257.5,4275,6,3257.4,228,4,3257.3,139,3,3257.2,21,1,3258.2,3,2,3258.5,60,4,3258.7,66,2,3258.8,20,2,3258.9,75,3
11536,2025-12-30 13:00:19+05:30,3258.2,1,3251.08,1125698,117279.0,125400.0,3250.0,3265.1,3239.8,3251.5,44670675,3576.6,2926.4,4322.95,2866.6,3257.6,104,3,3257.5,4275,6,3257.4,228,4,3257.3,139,3,3257.2,21,1,3258.2,3,2,3258.5,60,4,3258.7,66,2,3258.8,20,2,3258.9,75,3
11536,2025-12-30 13:00:20+05:30,3258.2,1,3251.08,1125700,117410.0,125389.0,3250.0,3265.1,3239.8,3251.5,44670675,3576.6,2926.4,4322.95,2866.6,3257.6,103,3,3257.5,4275,6,3257.4,207,3,3257.3,139,3,3257.1,60,1,3258.2,2,1,3258.5,71,4,3258.7,66,2,3258.8,20,2,3258.9,75,3
11536,2025-12-30 13:00:20+05:30,3258.2,1,3251.08,1125700,117410.0,125389.0,3250.0,3265.1,3239.8,3251.5,44670675,3576.6,2926.4,4322.95,2866.6,3257.6,103,3,3257.5,4275,6,3257.4,207,3,3257.3,139,3,3257.1,60,1,3258.2,2,1,3258.5,71,4,3258.7,66,2,3258.8,20,2,3258.9,75,3
11536,2025-12-30 13:00:21+05:30,3258.2,1,3251.08,1125702,119329.0,125204.0,3250.0,3265.1,3239.8,3251.5,44670675,3576.6,2926.4,4322.95,2866.6,3257.6,251,6,3257.5,4251,5,3257.4,207,3,3257.3,111,2,3257.1,60,1,3258.2,2,1,3258.5,57,2,3258.8,150,3,3258.9,57,2,3259.0,255,6
11536,2025-12-30 13:00:21+05:30,3258.0,1,3251.08,1125702,119329.0,125204.0,3250.0,3265.1,3239.8,3251.5,44670675,3576.6,2926.4,4322.95,2866.6,3257.6,251,6,3257.5,4251,5,3257.4,207,3,3257.3,111,2,3257.1,60,1,3258.2,2,1,3258.5,57,2,3258.8,150,3,3258.9,57,2,3259.0,255,6
11536,2025-12-30 13:00:22+05:30,3257.6,6,3251.08,1125712,119320.0,125205.0,3250.0,3265.1,3239.8,3251.5,44670675,3576.6,2926.4,4322.95,2866.6,3257.6,254,6,3257.5,4251,5,3257.4,207,3,3257.3,111,2,3257.1,60,1,3258.2,3,2,3258.5,57,2,3258.6,12,1,3258.8,158,3,3258.9,71,3
11536,2025-12-30 13:00:22+05:30,3257.6,6,3251.08,1125712,119320.0,125205.0,3250.0,3265.1,3239.8,3251.5,44670675,3576.6,2926.4,4322.95,2866.6,3257.6,254,6,3257.5,4251,5,3257.4,207,3,3257.3,111,2,3257.1,60,1,3258.2,3,2,3258.5,57,2,3258.6,12,1,3258.8,158,3,3258.9,71,3
11536,2025-12-30 13:00:23+05:30,3258.5,12,3251.08,1125776,121576.0,124264.0,3250.0,3265.1,3239.8,3251.5,44670675,3576.6,2926.4,4322.95,2866.6,3258.5,10,1,3257.9,91,1,3257.8,61,1,3257.7,133,5,3257.6,232,7,3259.0,177,2,3259.2,21,1,3259.3,24,1,3259.4,92,3,3259.5,34,3
11536,2025-12-30 13:00:23+05:30,3258.5,1,3251.08,1125776,121576.0,124264.0,3250.0,3265.1,3239.8,3251.5,44670675,3576.6,2926.4,4322.95,2866.6,3258.5,10,1,3257.9,91,1,3257.8,61,1,3257.7,133,5,3257.6,232,7,3259.0,177,2,3259.2,21,1,3259.3,24,1,3259.4,92,3,3259.5,34,3
11536,2025-12-30 13:00:24+05:30,3258.5,1,3251.08,1125796,120442.0,124101.0,3250.0,3265.1,3239.8,3251.5,44670675,3576.6,2926.4,4322.95,2866.6,3258.0,97,2,3257.8,95,2,3257.7,32,2,3257.6,127,5,3257.5,4112,6,3258.9,7,1,3259.0,173,6,3259.2,21,1,3259.3,27,2,3259.4,48,1
11536,2025-12-30 13:00:24+05:30,3258.0,3,3251.08,1125796,120442.0,124101.0,3250.0,3265.1,3239.8,3251.5,44670675,3576.6,2926.4,4322.95,2866.6,3258.0,97,2,3257.8,95,2,3257.7,32,2,3257.6,127,5,3257.5,4112,6,3258.9,7,1,3259.0,173,6,3259.2,21,1,3259.3,27,2,3259.4,48,1
11536,2025-12-30 13:00:25+05:30,3258.9,1,3251.08,1125801,115734.0,124663.0,3250.0,3265.1,3239.8,3251.5,44670675,3576.6,2926.4,4322.95,2866.6,3257.6,88,3,3257.5,209,3,3257.4,114,4,3257.3,111,2,3257.2,73,3,3258.9,68,7,3259.0,273,7,3259.1,146,2,3259.2,93,4,3259.3,30,3
11536,2025-12-30 13:00:25+05:30,3258.8,1,3251.08,1125801,115734.0,124663.0,3250.0,3265.1,3239.8,3251.5,44670675,3576.6,2926.4,4322.95,2866.6,3257.6,88,3,3257.5,209,3,3257.4,114,4,3257.3,111,2,3257.2,73,3,3258.9,68,7,3259.0,273,7,3259.1,146,2,3259.2,93,4,3259.3,30,3
11536,2025-12-30 13:00:26+05:30,3258.0,2,3251.08,1125808,115721.0,122873.0,3250.0,3265.1,3239.8,3251.5,44670675,3576.6,2926.4,4322.95,2866.6,3257.7,126,3,3257.6,92,4,3257.5,300,4,3257.4,17,2,3257.3,138,3,3258.8,12,3,3258.9,21,3,3259.0,182,5,3259.2,93,4,3259.3,27,2
11536,2025-12-30 13:00:26+05:30,3257.7,35,3251.08,1125808,115721.0,122873.0,3250.0,3265.1,3239.8,3251.5,44670675,3576.6,2926.4,4322.95,2866.6,3257.7,126,3,3257.6,92,4,3257.5,300,4,3257.4,17,2,3257.3,138,3,3258.8,12,3,3258.9,21,3,3259.0,182,5,3259.2,93,4,3259.3,27,2
11536,2025-12-30 13:00:27+05:30,3257.7,35,3251.08,1125897,115605.0,125071.0,3250.0,3265.1,3239.8,3251.5,44670675,3576.6,2926.4,4322.95,2866.6,3257.6,99,4,3257.5,209,3,3257.4,17,2,3257.3,138,3,3257.2,47,2,3258.7,75,5,3258.8,76,5,3258.9,89,5,3259.0,320,5,3259.1,24,1
11536,2025-12-30 13:00:27+05:30,3258.7,3,3251.08,1125897,115605.0,125071.0,3250.0,3265.1,3239.8,3251.5,44670675,3576.6,2926.4,4322.95,2866.6,3257.6,99,4,3257.5,209,3,3257.4,17,2,3257.3,138,3,3257.2,47,2,3258.7,75,5,3258.8,76,5,3258.9,89,5,3259.0,320,5,3259.1,24,1
11536,2025-12-30 13:00:28+05:30,3257.6,3,3251.08,1125930,115593.0,123957.0,3250.0,3265.1,3239.8,3251.5,44670675,3576.6,2926.4,4322.95,2866.6,3257.6,89,4,3257.5,218,4,3257.4,17,2,3257.3,138,3,3257.2,138,3,3258.7,82,7,3258.8,65,5,3258.9,28,3,3259.0,320,5,3259.1,24,1
11536,2025-12-30 13:00:28+05:30,3258.7,2,3251.08,1125930,115593.0,123957.0,3250.0,3265.1,3239.8,3251.5,44670675,3576.6,2926.4,4322.95,2866.6,3257.6,89,4,3257.5,218,4,3257.4,17,2,3257.3,138,3,3257.2,138,3,3258.7,82,7,3258.8,65,5,3258.9,28,3,3259.0,320,5,3259.1,24,1
11536,2025-12-30 13:00:29+05:30,3257.7,30,3251.08,1126161,115920.0,123788.0,3250.0,3265.1,3239.8,3251.5,44670675,3576.6,2926.4,4322.95,2866.6,3257.7,97,2,3257.6,76,4,3257.5,209,3,3257.4,17,2,3257.3,111,2,3258.2,30,1,3258.8,28,4,3258.9,127,3,3259.0,320,5,3259.1,24,1
11536,2025-12-30 13:00:29+05:30,3258.1,30,3251.08,1126161,115920.0,123788.0,3250.0,3265.1,3239.8,3251.5,44670675,3576.6,2926.4,4322.95,2866.6,3257.7,97,2,3257.6,76,4,3257.5,209,3,3257.4,17,2,3257.3,111,2,3258.2,30,1,3258.8,28,4,3258.9,127,3,3259.0,320,5,3259.1,24,1
11536,2025-12-30 13:00:30+05:30,3258.1,30,3251.08,1126258,117649.0,124780.0,3250.0,3265.1,3239.8,3251.5,44670675,3576.6,2926.4,4322.95,2866.6,3258.1,10,1,3257.9,43,1,3257.8,54,1,3257.7,10,1,3257.6,75,3,3258.4,32,2,3258.8,10,2,3258.9,3,1,3259.0,159,2,3259.2,121,5
11536,2025-12-30 13:00:30+05:30,3257.9,28,3251.08,1126258,117649.0,124780.0,3250.0,3265.1,3239.8,3251.5,44670675,3576.6,2926.4,4322.95,2866.6,3258.1,10,1,3257.9,43,1,3257.8,54,1,3257.7,10,1,3257.6,75,3,3258.4,32,2,3258.8,10,2,3258.9,3,1,3259.0,159,2,3259.2,121,5
11536,2025-12-30 13:00:31+05:30,3258.4,1,3251.08,1126296,113856.0,125438.0,3250.0,3265.1,3239.8,3251.5,44670675,3576.6,2926.4,4322.95,2866.6,3257.7,50,1,3257.6,67,3,3257.5,271,4,3257.4,17,2,3257.3,123,3,3258.4,6,3,3258.6,7,1,3258.7,64,1,3258.8,161,2,3258.9,106,5
11536,2025-12-30 13:00:31+05:30,3258.1,2,3251.08,1126296,113856.0,125438.0,3250.0,3265.1,3239.8,3251.5,44670675,3576.6,2926.4,4322.95,2866.6,3257.7,50,1,3257.6,67,3,3257.5,271,4,3257.4,17,2,3257.3,123,3,3258.4,6,3,3258.6,7,1,3258.7,64,1,3258.8,161,2,3258.9,106,5
11536,2025-12-30 13:00:32+05:30,3258.1,2,3251.11,1130169,115217.0,124740.0,3250.0,3265.1,3239.8,3251.5,44670675,3576.6,2926.4,4322.95,2866.6,3258.1,60,1,3258.0,50,1,3257.9,30,1,3257.7,171,4,3257.6,127,5,3259.3,203,5,3259.4,158,7,3259.5,32,2,3259.6,105,5,3259.7,36,2
11536,2025-12-30 13:00:32+05:30,3259.8,10,3251.11,1130169,115217.0,124740.0,3250.0,3265.1,3239.8,3251.5,44670675,3576.6,2926.4,4322.95,2866.6,3258.1,60,1,3258.0,50,1,3257.9,30,1,3257.7,171,4,3257.6,127,5,3259.3,203,5,3259.4,158,7,3259.5,32,2,3259.6,105,5,3259.7,36,2
11536,2025-12-30 13:00:33+05:30,3259.8,10,3251.12,1131285,116802.0,122965.0,3250.0,3265.1,3239.8,3251.5,44670675,3576.6,2926.4,4322.95,2866.6,3258.5,62,1,3258.4,30,1,3258.3,109,2,3258.2,90,3,3258.1,164,4,3259.3,18,2,3259.8,25,3,3259.9,19,2,3260.0,22,1,3260.1,146,4
11536,2025-12-30 13:00:33+05:30,3258.6,1,3251.12,1131285,116802.0,122965.0,3250.0,3265.1,3239.8,3251.5,44670675,3576.6,2926.4,4322.95,2866.6,3258.5,62,1,3258.4,30,1,3258.3,109,2,3258.2,90,3,3258.1,164,4,3259.3,18,2,3259.8,25,3,3259.9,19,2,3260.0,22,1,3260.1,146,4
11536,2025-12-30 13:00:34+05:30,3258.6,1,3251.12,1131659,118348.0,121561.0,3250.0,3265.1,3239.8,3251.5,44670675,3576.6,2926.4,4322.95,2866.6,3258.6,1,1,3258.4,40,2,3258.3,48,1,3258.2,122,2,3258.1,102,5,3259.8,180,7,3259.9,34,4,3260.0,3,1,3260.1,59,2,3260.2,92,4
11536,2025-12-30 13:00:34+05:30,3258.6,30,3251.12,1131659,118348.0,121561.0,3250.0,3265.1,3239.8,3251.5,44670675,3576.6,2926.4,4322.95,2866.6,3258.6,1,1,3258.4,40,2,3258.3,48,1,3258.2,122,2,3258.1,102,5,3259.8,180,7,3259.9,34,4,3260.0,3,1,3260.1,59,2,3260.2,92,4
11536,2025-12-30 13:00:35+05:30,3258.6,30,3251.12,1131690,113972.0,123513.0,3250.0,3265.1,3239.8,3251.5,44670675,3576.6,2926.4,4322.95,2866.6,3258.5,3,1,3258.1,12,2,3258.0,10,1,3257.9,122,2,3257.8,122,4,3259.4,177,7,3259.5,20,1,3259.6,3,1,3259.7,25,3,3259.8,59,3
11536,2025-12-30 13:00:35+05:30,3259.4,1,3251.12,1131690,113972.0,123513.0,3250.0,3265.1,3239.8,3251.5,44670675,3576.6,2926.4,4322.95,2866.6,3258.5,3,1,3258.1,12,2,3258.0,10,1,3257.9,122,2,3257.8,122,4,3259.4,177,7,3259.5,20,1,3259.6,3,1,3259.7,25,3,3259.8,59,3
11536,2025-12-30 13:00:36+05:30,3259.4,1,3251.12,1131692,116037.0,125063.0,3250.0,3265.1,3239.8,3251.5,44670675,3576.6,2926.4,4322.95,2866.6,3258.5,3,1,3258.1,12,2,3258.0,150,3,3257.9,30,1,3257.8,122,4,3259.4,82,6,3259.5,95,4,3259.6,3,1,3259.7,3,1,3259.8,59,3
11536,2025-12-30 13:00:36+05:30,3258.5,12,3251.12,1131692,116037.0,125063.0,3250.0,3265.1,3239.8,3251.5,44670675,3576.6,2926.4,4322.95,2866.6,3258.5,3,1,3258.1,12,2,3258.0,150,3,3257.9,30,1,3257.8,122,4,3259.4,82,6,3259.5,95,4,3259.6,3,1,3259.7,3,1,3259.8,59,3
11536,2025-12-30 13:00:37+05:30,3258.5,12,3251.13,1131770,117154.0,124742.0,3250.0,3265.1,3239.8,3251.5,44670675,3576.6,2926.4,4322.95,2866.6,3258.1,18,2,3258.0,72,2,3257.9,30,1,3257.8,27,1,3257.7,196,4,3258.5,8,1,3259.3,155,2,3259.4,88,5,3259.5,33,3,3259.6,41,3
11536,2025-12-30 13:00:37+05:30,3258.5,1,3251.13,1131770,117154.0,124742.0,3250.0,3265.1,3239.8,3251.5,44670675,3576.6,2926.4,4322.95,2866.6,3258.1,18,2,3258.0,72,2,3257.9,30,1,3257.8,27,1,3257.7,196,4,3258.5,8,1,3259.3,155,2,3259.4,88,5,3259.5,33,3,3259.6,41,3
11536,2025-12-30 13:00:38+05:30,3258.5,1,3251.13,1131847,117979.0,124074.0,3250.0,3265.1,3239.8,3251.5,44670675,3576.6,2926.4,4322.95,2866.6,3258.5,1,1,3258.3,144,3,3258.1,137,4,3258.0,32,2,3257.9,234,4,3259.4,14,4,3259.5,13,2,3259.6,40,3,3259.7,76,3,3259.8,3,1
11536,2025-12-30 13:00:38+05:30,3258.4,1,3251.13,1131847,117979.0,124074.0,3250.0,3265.1,3239.8,3251.5,44670675,3576.6,2926.4,4322.95,2866.6,3258.5,1,1,3258.3,144,3,3258.1,137,4,3258.0,32,2,3257.9,234,4,3259.4,14,4,3259.5,13,2,3259.6,40,3,3259.7,76,3,3259.8,3,1
11536,2025-12-30 13:00:39+05:30,3258.4,1,3251.13,1131852,118301.0,123712.0,3250.0,3265.1,3239.8,3251.5,44670675,3576.6,2926.4,4322.95,2866.6,3258.3,163,4,3258.1,180,6,3258.0,10,1,3257.9,59,3,3257.8,278,5,3259.4,9,2,3259.5,16,3,3259.6,40,3,3259.7,26,2,3259.8,18,2
11536,2025-12-30 13:00:40+05:30,3259.4,1,3251.13,1131853,118445.0,123894.0,3250.0,3265.1,3239.8,3251.5,44670675,3576.6,2926.4,4322.95,2866.6,3258.4,140,3,3258.3,51,2,3258.2,70,2,3258.1,170,5,3258.0,31,2,3259.4,8,2,3259.5,6,2,3259.6,19,2,3259.7,3,1,3259.8,18,2
11536,2025-12-30 13:00:40+05:30,3258.6,1,3251.13,1131866,117208.0,122641.0,3250.0,3265.1,3239.8,3251.5,44670675,3576.6,2926.4,4322.95,2866.6,3258.5,58,1,3258.4,28,1,3258.3,172,5,3258.1,198,7,3258.0,31,2,3259.4,14,1,3259.6,146,1,3259.7,128,7,3259.8,3,1,3259.9,48,4
11536,2025-12-30 13:00:40+05:30,3258.6,1,3251.13,1131866,117208.0,122641.0,3250.0,3265.1,3239.8,3251.5,44670675,3576.6,2926.4,4322.95,2866.6,3258.5,58,1,3258.4,28,1,3258.3,172,5,3258.1,198,7,3258.0,31,2,3259.4,14,1,3259.6,146,1,3259.7,128,7,3259.8,3,1,3259.9,48,4
11536,2025-12-30 13:00:41+05:30,3258.5,3,3251.13,1131869,117324.0,122874.0,3250.0,3265.1,3239.8,3251.5,44670675,3576.6,2926.4,4322.95,2866.6,3258.5,112,3,3258.4,56,2,3258.3,109,5,3258.1,106,6,3258.0,123,3,3259.4,15,2,3259.6,153,2,3259.7,123,6,3259.8,3,1,3259.9,48,4
11536,2025-12-30 13:00:41+05:30,3258.5,3,3251.13,1131869,117324.0,122874.0,3250.0,3265.1,3239.8,3251.5,44670675,3576.6,2926.4,4322.95,2866.6,3258.5,112,3,3258.4,56,2,3258.3,109,5,3258.1,106,6,3258.0,123,3,3259.4,15,2,3259.6,153,2,3259.7,123,6,3259.8,3,1,3259.9,48,4
11536,2025-12-30 13:00:42+05:30,3259.6,8,3251.13,1132041,119534.0,121873.0,3250.0,3265.1,3239.8,3251.5,44670675,3576.6,2926.4,4322.95,2866.6,3259.4,1,1,3258.9,47,1,3258.8,58,1,3258.7,64,1,3258.6,123,3,3259.7,1,1,3260.1,28,2,3260.2,24,1,3260.3,26,1,3260.4,88,4
11536,2025-12-30 13:00:42+05:30,3259.6,8,3251.13,1132041,119534.0,121873.0,3250.0,3265.1,3239.8,3251.5,44670675,3576.6,2926.4,4322.95,2866.6,3259.4,1,1,3258.9,47,1,3258.8,58,1,3258.7,64,1,3258.6,123,3,3259.7,1,1,3260.1,28,2,3260.2,24,1,3260.3,26,1,3260.4,88,4
11536,2025-12-30 13:00:43+05:30,3258.8,2,3251.13,1132044,118383.0,122874.0,3250.0,3265.1,3239.8,3251.5,44670675,3576.6,2926.4,4322.95,2866.6,3258.8,101,3,3258.7,68,2,3258.6,29,2,3258.5,105,3,3258.4,145,4,3259.7,12,4,3259.8,13,1,3260.0,37,1,3260.1,59,4,3260.2,24,1
11536,2025-12-30 13:00:43+05:30,3258.8,2,3251.13,1132044,118383.0,122874.0,3250.0,3265.1,3239.8,3251.5,44670675,3576.6,2926.4,4322.95,2866.6,3258.8,101,3,3258.7,68,2,3258.6,29,2,3258.5,105,3,3258.4,145,4,3259.7,12,4,3259.8,13,1,3260.0,37,1,3260.1,59,4,3260.2,24,1
11536,2025-12-30 13:00:45+05:30,3258.8,2,3251.13,1132044,118092.0,123715.0,3250.0,3265.1,3239.8,3251.5,44670675,3576.6,2926.4,4322.95,2866.6,3258.8,63,1,3258.6,29,2,3258.5,105,3,3258.4,63,4,3258.3,61,5,3259.7,12,4,3259.8,23,2,3259.9,47,1,3260.0,95,2,3260.1,59,4
11536,2025-12-30 13:00:45+05:30,3258.7,10,3251.13,1132044,118092.0,123715.0,3250.0,3265.1,3239.8,3251.5,44670675,3576.6,2926.4,4322.95,2866.6,3258.8,63,1,3258.6,29,2,3258.5,105,3,3258.4,63,4,3258.3,61,5,3259.7,12,4,3259.8,23,2,3259.9,47,1,3260.0,95,2,3260.1,59,4
11536,2025-12-30 13:00:46+05:30,3258.7,10,3251.13,1132072,116174.0,124110.0,3250.0,3265.1,3239.8,3251.5,44670675,3576.6,2926.4,4322.95,2866.6,3258.5,84,3,3258.4,85,4,3258.3,51,3,3258.1,98,5,3258.0,132,4,3259.7,27,5,3259.8,42,3,3259.9,148,1,3260.0,694,2,3260.1,59,4
11536,2025-12-30 13:00:46+05:30,3258.5,5,3251.13,1132072,116174.0,124110.0,3250.0,3265.1,3239.8,3251.5,44670675,3576.6,2926.4,4322.95,2866.6,3258.5,84,3,3258.4,85,4,3258.3,51,3,3258.1,98,5,3258.0,132,4,3259.7,27,5,3259.8,42,3,3259.9,148,1,3260.0,694,2,3260.1,59,4
11536,2025-12-30 13:00:47+05:30,3258.5,5,3251.13,1132152,117147.0,124401.0,3250.0,3265.1,3239.8,3251.5,44670675,3576.6,2926.4,4322.95,2866.6,3258.5,12,2,3258.4,17,2,3258.3,4,2,3258.1,42,3,3258.0,40,3,3259.6,67,4,3259.7,104,5,3259.8,32,2,3259.9,162,1,3260.0,694,2
11536,2025-12-30 13:00:48+05:30,3258.5,5,3251.13,1132152,117573.0,124358.0,3250.0,3265.1,3239.8,3251.5,44670675,3576.6,2926.4,4322.95,2866.6,3258.5,8,2,3258.4,20,3,3258.3,15,3,3258.1,49,4,3258.0,92,5,3259.5,64,4,3259.6,71,3,3259.7,106,4,3259.8,119,5,3259.9,61,1
11536,2025-12-30 13:00:49+05:30,3258.5,5,3251.13,1132152,117696.0,124659.0,3250.0,3265.1,3239.8,3251.5,44670675,3576.6,2926.4,4322.95,2866.6,3258.5,18,3,3258.4,10,2,3258.3,47,4,3258.2,58,1,3258.1,59,5,3259.5,17,3,3259.6,13,2,3259.7,177,3,3259.8,58,4,3259.9,47,1
11536,2025-12-30 13:00:50+05:30,3258.5,5,3251.13,1132152,117502.0,124815.0,3250.0,3265.1,3239.8,3251.5,44670675,3576.6,2926.4,4322.95,2866.6,3258.5,18,3,3258.4,10,2,3258.3,47,4,3258.2,58,1,3258.1,49,4,3259.5,17,3,3259.6,13,2,3259.7,177,3,3259.8,58,4,3259.9,47,1
11536,2025-12-30 13:00:50+05:30,3259.5,1,3251.13,1132152,117502.0,124815.0,3250.0,3265.1,3239.8,3251.5,44670675,3576.6,2926.4,4322.95,2866.6,3258.5,18,3,3258.4,10,2,3258.3,47,4,3258.2,58,1,3258.1,49,4,3259.5,17,3,3259.6,13,2,3259.7,177,3,3259.8,58,4,3259.9,47,1
11536,2025-12-30 13:00:51+05:30,3259.5,1,3251.13,1132154,117709.0,121275.0,3250.0,3265.1,3239.8,3251.5,44670675,3576.6,2926.4,4322.95,2866.6,3258.5,18,3,3258.4,10,2,3258.3,47,4,3258.2,58,1,3258.1,49,4,3259.5,10,2,3259.6,13,2,3259.7,177,3,3259.8,58,4,3259.9,47,1
11536,2025-12-30 13:00:51+05:30,3259.5,1,3251.13,1132154,117709.0,121275.0,3250.0,3265.1,3239.8,3251.5,44670675,3576.6,2926.4,4322.95,2866.6,3258.5,18,3,3258.4,10,2,3258.3,47,4,3258.2,58,1,3258.1,49,4,3259.5,10,2,3259.6,13,2,3259.7,177,3,3259.8,58,4,3259.9,47,1
11536,2025-12-30 13:00:52+05:30,3259.5,1,3251.13,1132161,117414.0,124882.0,3250.0,3265.1,3239.8,3251.5,44670675,3576.6,2926.4,4322.95,2866.6,3258.5,5,2,3258.4,20,3,3258.3,47,4,3258.1,49,4,3258.0,74,5,3259.5,57,5,3259.6,68,3,3259.7,18,2,3259.8,58,4,3259.9,110,1
11536,2025-12-30 13:00:52+05:30,3259.5,3,3251.13,1132161,117414.0,124882.0,3250.0,3265.1,3239.8,3251.5,44670675,3576.6,2926.4,4322.95,2866.6,3258.5,5,2,3258.4,20,3,3258.3,47,4,3258.1,49,4,3258.0,74,5,3259.5,57,5,3259.6,68,3,3259.7,18,2,3259.8,58,4,3259.9,110,1
11536,2025-12-30 13:00:53+05:30,3259.5,3,3251.13,1132166,117621.0,124982.0,3250.0,3265.1,3239.8,3251.5,44670675,3576.6,2926.4,4322.95,2866.6,3258.5,4,1,3258.4,20,3,3258.3,15,3,3258.1,49,4,3258.0,91,5,3259.5,53,6,3259.6,68,3,3259.7,180,3,3259.8,66,5,3260.0,792,4
11536,2025-12-30 13:00:53+05:30,3259.5,1,3251.13,1132166,117621.0,124982.0,3250.0,3265.1,3239.8,3251.5,44670675,3576.6,2926.4,4322.95,2866.6,3258.5,4,1,3258.4,20,3,3258.3,15,3,3258.1,49,4,3258.0,91,5,3259.5,53,6,3259.6,68,3,3259.7,180,3,3259.8,66,5,3260.0,792,4
11536,2025-12-30 13:00:54+05:30,3259.5,1,3251.13,1132170,117552.0,124872.0,3250.0,3265.1,3239.8,3251.5,44670675,3576.6,2926.4,4322.95,2866.6,3258.5,14,2,3258.4,20,3,3258.3,15,3,3258.2,103,2,3258.1,77,5,3259.5,56,6,3259.6,65,3,3259.7,18,2,3259.8,53,4,3260.0,792,4
11536,2025-12-30 13:00:54+05:30,3258.5,1,3251.13,1132170,117552.0,124872.0,3250.0,3265.1,3239.8,3251.5,44670675,3576.6,2926.4,4322.95,2866.6,3258.5,14,2,3258.4,20,3,3258.3,15,3,3258.2,103,2,3258.1,77,5,3259.5,56,6,3259.6,65,3,3259.7,18,2,3259.8,53,4,3260.0,792,4
11536,2025-12-30 13:00:55+05:30,3259.5,1,3251.13,1132173,117527.0,124769.0,3250.0,3265.1,3239.8,3251.5,44670675,3576.6,2926.4,4322.95,2866.6,3258.5,13,2,3258.4,20,3,3258.3,45,4,3258.2,55,1,3258.1,87,6,3259.5,8,2,3259.6,65,3,3259.7,18,2,3259.8,128,4,3259.9,45,1
11536,2025-12-30 13:00:55+05:30,3259.5,1,3251.13,1132173,117527.0,124769.0,3250.0,3265.1,3239.8,3251.5,44670675,3576.6,2926.4,4322.95,2866.6,3258.5,13,2,3258.4,20,3,3258.3,45,4,3258.2,55,1,3258.1,87,6,3259.5,8,2,3259.6,65,3,3259.7,18,2,3259.8,128,4,3259.9,45,1
11536,2025-12-30 13:00:56+05:30,3259.5,1,3251.13,1132177,117651.0,124675.0,3250.0,3265.1,3239.8,3251.5,44670675,3576.6,2926.4,4322.95,2866.6,3258.5,26,3,3258.4,10,2,3258.3,45,4,3258.1,87,6,3258.0,156,5,3259.5,116,7,3259.6,3,1,3259.7,18,2,3259.8,58,4,3260.0,744,3
11536,2025-12-30 13:00:56+05:30,3258.5,1,3251.13,1132177,117651.0,124675.0,3250.0,3265.1,3239.8,3251.5,44670675,3576.6,2926.4,4322.95,2866.6,3258.5,26,3,3258.4,10,2,3258.3,45,4,3258.1,87,6,3258.0,156,5,3259.5,116,7,3259.6,3,1,3259.7,18,2,3259.8,58,4,3260.0,744,3
11536,2025-12-30 13:00:57+05:30,3258.4,1,3251.13,1132262,117054.0,124015.0,3250.0,3265.1,3239.8,3251.5,44670675,3576.6,2926.4,4322.95,2866.6,3258.4,187,7,3258.3,25,4,3258.1,91,5,3258.0,133,5,3257.9,40,2,3259.5,8,4,3259.6,158,3,3259.7,18,2,3259.8,45,3,3259.9,45,1
11536,2025-12-30 13:00:57+05:30,3258.4,1,3251.13,1132262,117054.0,124015.0,3250.0,3265.1,3239.8,3251.5,44670675,3576.6,2926.4,4322.95,2866.6,3258.4,187,7,3258.3,25,4,3258.1,91,5,3258.0,133,5,3257.9,40,2,3259.5,8,4,3259.6,158,3,3259.7,18,2,3259.8,45,3,3259.9,45,1
11536,2025-12-30 13:00:58+05:30,3258.4,2,3251.13,1132265,117601.0,124081.0,3250.0,3265.1,3239.8,3251.5,44670675,3576.6,2926.4,4322.95,2866.6,3258.4,113,6,3258.3,79,4,3258.1,91,5,3258.0,41,4,3257.9,122,2,3259.5,99,7,3259.6,20,3,3259.7,18,2,3259.8,45,3,3259.9,158,1
11536,2025-12-30 13:00:58+05:30,3258.4,2,3251.13,1132265,117601.0,124081.0,3250.0,3265.1,3239.8,3251.5,44670675,3576.6,2926.4,4322.95,2866.6,3258.4,113,6,3258.3,79,4,3258.1,91,5,3258.0,41,4,3257.9,122,2,3259.5,99,7,3259.6,20,3,3259.7,18,2,3259.8,45,3,3259.9,158,1
11536,2025-12-30 13:00:59+05:30,3258.5,1,3251.13,1132266,117238.0,124262.0,3250.0,3265.1,3239.8,3251.5,44670675,3576.6,2926.4,4322.95,2866.6,3258.5,6,1,3258.4,113,6,3258.3,79,4,3258.2,55,1,3258.1,84,4,3259.5,118,7,3259.6,13,2,3259.7,18,2,3259.8,58,4,3259.9,158,1
11536,2025-12-30 13:00:59+05:30,3258.5,1,3251.13,1132266,117238.0,124262.0,3250.0,3265.1,3239.8,3251.5,44670675,3576.6,2926.4,4322.95,2866.6,3258.5,6,1,3258.4,113,6,3258.3,79,4,3258.2,55,1,3258.1,84,4,3259.5,118,7,3259.6,13,2,3259.7,18,2,3259.8,58,4,3259.9,158,1
11536,2025-12-30 13:01:00+05:30,3258.4,3,3251.13,1132278,116989.0,124641.0,3250.0,3265.1,3239.8,3251.5,44670675,3576.6,2926.4,4322.95,2866.6,3258.4,117,6,3258.3,79,4,3258.1,84,4,3258.0,16,3,3257.9,150,3,3259.4,45,1,3259.5,67,4,3259.6,13,2,3259.7,18,2,3259.8,58,4
11536,2025-12-30 13:01:00+05:30,3258.4,3,3251.13,1132278,116989.0,124641.0,3250.0,3265.1,3239.8,3251.5,44670675,3576.6,2926.4,4322.95,2866.6,3258.4,117,6,3258.3,79,4,3258.1,84,4,3258.0,16,3,3257.9,150,3,3259.4,45,1,3259.5,67,4,3259.6,13,2,3259.7,18,2,3259.8,58,4
11536,2025-12-30 13:01:01+05:30,3258.4,3,3251.13,1132282,117546.0,124609.0,3250.0,3265.1,3239.8,3251.5,44670675,3576.6,2926.4,4322.95,2866.6,3258.4,113,6,3258.3,79,4,3258.1,84,4,3258.0,16,3,3257.9,150,3,3259.4,51,3,3259.5,73,4,3259.6,13,2,3259.7,18,2,3259.8,59,4
11536,2025-12-30 13:01:01+05:30,3259.4,1,3251.13,1132282,117546.0,124609.0,3250.0,3265.1,3239.8,3251.5,44670675,3576.6,2926.4,4322.95,2866.6,3258.4,113,6,3258.3,79,4,3258.1,84,4,3258.0,16,3,3257.9,150,3,3259.4,51,3,3259.5,73,4,3259.6,13,2,3259.7,18,2,3259.8,59,4
11536,2025-12-30 13:01:02+05:30,3259.4,1,3251.13,1132283,117514.0,124946.0,3250.0,3265.1,3239.8,3251.5,44670675,3576.6,2926.4,4322.95,2866.6,3258.4,113,6,3258.3,79,4,3258.1,84,4,3258.0,16,3,3257.9,150,3,3259.4,102,5,3259.5,28,3,3259.6,13,2,3259.7,18,2,3259.8,59,4
11536,2025-12-30 13:01:02+05:30,3259.4,3,3251.13,1132283,117514.0,124946.0,3250.0,3265.1,3239.8,3251.5,44670675,3576.6,2926.4,4322.95,2866.6,3258.4,113,6,3258.3,79,4,3258.1,84,4,3258.0,16,3,3257.9,150,3,3259.4,102,5,3259.5,28,3,3259.6,13,2,3259.7,18,2,3259.8,59,4
11536,2025-12-30 13:01:03+05:30,3259.4,3,3251.13,1132297,117061.0,124429.0,3250.0,3265.1,3239.8,3251.5,44670675,3576.6,2926.4,4322.95,2866.6,3258.4,68,4,3258.3,79,4,3258.1,84,4,3258.0,16,3,3257.9,152,4,3259.4,85,5,3259.5,38,4,3259.6,101,3,3259.7,18,2,3259.8,45,3
11536,2025-12-30 13:01:03+05:30,3258.4,2,3251.13,1132297,117061.0,124429.0,3250.0,3265.1,3239.8,3251.5,44670675,3576.6,2926.4,4322.95,2866.6,3258.4,68,4,3258.3,79,4,3258.1,84,4,3258.0,16,3,3257.9,152,4,3259.4,85,5,3259.5,38,4,3259.6,101,3,3259.7,18,2,3259.8,45,3
11536,2025-12-30 13:01:04+05:30,3258.4,2,3251.13,1132299,117258.0,125057.0,3250.0,3265.1,3239.8,3251.5,44670675,3576.6,2926.4,4322.95,2866.6,3258.4,56,3,3258.3,79,4,3258.1,20,3,3258.0,16,3,3257.9,60,3,3259.3,108,4,3259.4,22,5,3259.5,21,2,3259.6,90,2,3259.7,18,2
11536,2025-12-30 13:01:04+05:30,3258.4,1,3251.13,1132299,117258.0,125057.0,3250.0,3265.1,3239.8,3251.5,44670675,3576.6,2926.4,4322.95,2866.6,3258.4,56,3,3258.3,79,4,3258.1,20,3,3258.0,16,3,3257.9,60,3,3259.3,108,4,3259.4,22,5,3259.5,21,2,3259.6,90,2,3259.7,18,2
11536,2025-12-30 13:01:05+05:30,3259.3,1,3251.13,1132306,117261.0,125897.0,3250.0,3265.1,3239.8,3251.5,44670675,3576.6,2926.4,4322.95,2866.6,3258.4,65,4,3258.3,79,4,3258.1,10,2,3258.0,16,3,3257.9,60,3,3259.3,93,4,3259.4,31,5,3259.5,21,2,3259.6,3,1,3259.7,115,3
11536,2025-12-30 13:01:05+05:30,3259.7,1,3251.13,1132306,117261.0,125897.0,3250.0,3265.1,3239.8,3251.5,44670675,3576.6,2926.4,4322.95,2866.6,3258.4,65,4,3258.3,79,4,3258.1,10,2,3258.0,16,3,3257.9,60,3,3259.3,93,4,3259.4,31,5,3259.5,21,2,3259.6,3,1,3259.7,115,3
11536,2025-12-30 13:01:06+05:30,3259.7,1,3251.13,1132465,117498.0,124654.0,3250.0,3265.1,3239.8,3251.5,44670675,3576.6,2926.4,4322.95,2866.6,3258.4,105,4,3258.3,98,5,3258.1,20,3,3258.0,30,4,3257.9,124,3,3259.5,69,5,3259.6,162,4,3259.7,31,2,3259.8,39,3,3260.0,774,5
11536,2025-12-30 13:01:06+05:30,3258.4,22,3251.13,1132465,117498.0,124654.0,3250.0,3265.1,3239.8,3251.5,44670675,3576.6,2926.4,4322.95,2866.6,3258.4,105,4,3258.3,98,5,3258.1,20,3,3258.0,30,4,3257.9,124,3,3259.5,69,5,3259.6,162,4,3259.7,31,2,3259.8,39,3,3260.0,774,5
11536,2025-12-30 13:01:07+05:30,3258.4,22,3251.13,1132594,117368.0,125041.0,3250.0,3265.1,3239.8,3251.5,44670675,3576.6,2926.4,4322.95,2866.6,3258.4,19,3,3258.3,79,4,3258.1,10,2,3258.0,16,3,3257.9,59,3,3259.3,47,2,3259.4,66,3,3259.5,27,4,3259.6,115,3,3259.7,31,2
11536,2025-12-30 13:01:08+05:30,3258.4,22,3251.13,1132594,116979.0,125973.0,3250.0,3265.1,3239.8,3251.5,44670675,3576.6,2926.4,4322.95,2866.6,3258.4,11,3,3258.3,79,4,3258.1,20,3,3258.0,66,4,3257.9,59,3,3259.2,59,4,3259.3,51,1,3259.4,10,1,3259.5,53,6,3259.6,117,3
11536,2025-12-30 13:01:08+05:30,3258.4,1,3251.13,1132594,116979.0,125973.0,3250.0,3265.1,3239.8,3251.5,44670675,3576.6,2926.4,4322.95,2866.6,3258.4,11,3,3258.3,79,4,3258.1,20,3,3258.0,66,4,3257.9,59,3,3259.2,59,4,3259.3,51,1,3259.4,10,1,3259.5,53,6,3259.6,117,3
11536,2025-12-30 13:01:09+05:30,3258.4,4,3251.13,1132620,117035.0,125936.0,3250.0,3265.1,3239.8,3251.5,44670675,3576.6,2926.4,4322.95,2866.6,3258.4,17,4,3258.3,79,4,3258.1,10,2,3258.0,66,4,3257.9,59,3,3259.2,53,3,3259.3,51,1,3259.4,10,1,3259.5,53,6,3259.6,114,2
11536,2025-12-30 13:01:09+05:30,3258.4,4,3251.13,1132620,117035.0,125936.0,3250.0,3265.1,3239.8,3251.5,44670675,3576.6,2926.4,4322.95,2866.6,3258.4,17,4,3258.3,79,4,3258.1,10,2,3258.0,66,4,3257.9,59,3,3259.2,53,3,3259.3,51,1,3259.4,10,1,3259.5,53,6,3259.6,114,2
11536,2025-12-30 13:01:10+05:30,3258.4,4,3251.13,1132642,116557.0,125982.0,3250.0,3265.1,3239.8,3251.5,44670675,3576.6,2926.4,4322.95,2866.6,3258.4,7,3,3258.3,80,5,3258.1,20,3,3258.0,66,4,3257.9,59,3,3259.2,42,2,3259.3,58,2,3259.4,10,1,3259.5,38,4,3259.6,114,2
11536,2025-12-30 13:01:11+05:30,3258.4,4,3251.13,1132642,116341.0,125794.0,3250.0,3265.1,3239.8,3251.5,44670675,3576.6,2926.4,4322.95,2866.6,3258.4,17,4,3258.3,80,5,3258.1,10,2,3258.0,66,4,3257.9,59,3,3259.2,56,6,3259.4,57,2,3259.5,51,5,3259.6,19,1,3259.7,151,2
11536,2025-12-30 13:01:11+05:30,3259.2,2,3251.13,1132642,116341.0,125794.0,3250.0,3265.1,3239.8,3251.5,44670675,3576.6,2926.4,4322.95,2866.6,3258.4,17,4,3258.3,80,5,3258.1,10,2,3258.0,66,4,3257.9,59,3,3259.2,56,6,3259.4,57,2,3259.5,51,5,3259.6,19,1,3259.7,151,2
11536,2025-12-30 13:01:12+05:30,3259.2,2,3251.13,1132647,116335.0,126123.0,3250.0,3265.1,3239.8,3251.5,44670675,3576.6,2926.4,4322.95,2866.6,3258.4,11,3,3258.3,80,5,3258.1,10,2,3258.0,66,4,3257.9,59,3,3259.2,54,6,3259.4,57,2,3259.5,51,5,3259.6,19,1,3259.7,151,2
11536,2025-12-30 13:01:12+05:30,3259.2,1,3251.13,1132647,116335.0,126123.0,3250.0,3265.1,3239.8,3251.5,44670675,3576.6,2926.4,4322.95,2866.6,3258.4,11,3,3258.3,80,5,3258.1,10,2,3258.0,66,4,3257.9,59,3,3259.2,54,6,3259.4,57,2,3259.5,51,5,3259.6,19,1,3259.7,151,2
11536,2025-12-30 13:01:13+05:30,3258.4,1,3251.13,1132657,116453.0,126150.0,3250.0,3265.1,3239.8,3251.5,44670675,3576.6,2926.4,4322.95,2866.6,3258.4,59,3,3258.3,80,5,3258.1,20,3,3258.0,66,4,3257.9,59,3,3259.2,42,5,3259.4,47,1,3259.5,51,5,3259.6,19,1,3259.7,165,2
11536,2025-12-30 13:01:13+05:30,3258.4,1,3251.13,1132657,116453.0,126150.0,3250.0,3265.1,3239.8,3251.5,44670675,3576.6,2926.4,4322.95,2866.6,3258.4,59,3,3258.3,80,5,3258.1,20,3,3258.0,66,4,3257.9,59,3,3259.2,42,5,3259.4,47,1,3259.5,51,5,3259.6,19,1,3259.7,165,2
11536,2025-12-30 13:01:13+05:30,3258.4,1,3251.13,1132663,116424.0,126149.0,3250.0,3265.1,3239.8,3251.5,44670675,3576.6,2926.4,4322.95,2866.6,3258.4,69,4,3258.3,80,5,3258.1,10,2,3258.0,66,4,3257.9,59,3,3259.2,41,4,3259.4,47,1,3259.5,51,5,3259.6,19,1,3259.7,165,2
11536,2025-12-30 13:01:14+05:30,3258.4,1,3251.13,1132663,116496.0,126124.0,3250.0,3265.1,3239.8,3251.5,44670675,3576.6,2926.4,4322.95,2866.6,3258.4,60,3,3258.3,80,5,3258.1,20,3,3258.0,66,4,3257.9,59,3,3259.2,47,5,3259.4,47,1,3259.5,51,5,3259.6,19,1,3259.7,165,2
11536,2025-12-30 13:01:15+05:30,3258.4,1,3251.13,1132665,116504.0,126122.0,3250.0,3265.1,3239.8,3251.5,44670675,3576.6,2926.4,4322.95,2866.6,3258.4,59,3,3258.3,79,4,3258.1,20,3,3258.0,66,4,3257.9,59,3,3259.2,45,4,3259.4,47,1,3259.5,51,5,3259.6,19,1,3259.7,165,2
11536,2025-12-30 13:01:15+05:30,3258.4,1,3251.13,1132665,116504.0,126122.0,3250.0,3265.1,3239.8,3251.5,44670675,3576.6,2926.4,4322.95,2866.6,3258.4,59,3,3258.3,79,4,3258.1,20,3,3258.0,66,4,3257.9,59,3,3259.2,45,4,3259.4,47,1,3259.5,51,5,3259.6,19,1,3259.7,165,2
11536,2025-12-30 13:01:16+05:30,3259.2,1,3251.13,1132669,116473.0,124735.0,3250.0,3265.1,3239.8,3251.5,44670675,3576.6,2926.4,4322.95,2866.6,3258.4,68,4,3258.3,79,4,3258.1,10,2,3258.0,66,4,3257.9,59,3,3259.2,43,4,3259.4,47,1,3259.5,51,5,3259.6,19,1,3259.7,165,2
11536,2025-12-30 13:01:16+05:30,3258.4,6,3251.13,1132669,116473.0,124735.0,3250.0,3265.1,3239.8,3251.5,44670675,3576.6,2926.4,4322.95,2866.6,3258.4,68,4,3258.3,79,4,3258.1,10,2,3258.0,66,4,3257.9,59,3,3259.2,43,4,3259.4,47,1,3259.5,51,5,3259.6,19,1,3259.7,165,2
11536,2025-12-30 13:01:17+05:30,3258.4,6,3251.13,1132746,116407.0,126137.0,3250.0,3265.1,3239.8,3251.5,44670675,3576.6,2926.4,4322.95,2866.6,3258.4,2,1,3258.3,79,4,3258.1,20,3,3258.0,66,4,3257.9,59,3,3259.2,45,5,3259.4,47,1,3259.5,51,5,3259.6,19,1,3259.7,165,2
11536,2025-12-30 13:01:17+05:30,3259.2,1,3251.13,1132746,116407.0,126137.0,3250.0,3265.1,3239.8,3251.5,44670675,3576.6,2926.4,4322.95,2866.6,3258.4,2,1,3258.3,79,4,3258.1,20,3,3258.0,66,4,3257.9,59,3,3259.2,45,5,3259.4,47,1,3259.5,51,5,3259.6,19,1,3259.7,165,2
11536,2025-12-30 13:01:18+05:30,3258.4,1,3251.13,1132750,116748.0,126174.0,3250.0,3265.1,3239.8,3251.5,44670675,3576.6,2926.4,4322.95,2866.6,3258.4,1,1,3258.3,79,4,3258.1,20,3,3258.0,66,4,3257.9,59,3,3259.2,81,7,3259.3,10,1,3259.4,47,1,3259.5,51,5,3259.6,19,1
11536,2025-12-30 13:01:18+05:30,3258.4,1,3251.13,1132750,116748.0,126174.0,3250.0,3265.1,3239.8,3251.5,44670675,3576.6,2926.4,4322.95,2866.6,3258.4,1,1,3258.3,79,4,3258.1,20,3,3258.0,66,4,3257.9,59,3,3259.2,81,7,3259.3,10,1,3259.4,47,1,3259.5,51,5,3259.6,19,1
11536,2025-12-30 13:01:19+05:30,3258.4,1,3251.13,1132817,116753.0,126157.0,3250.0,3265.1,3239.8,3251.5,44670675,3576.6,2926.4,4322.95,2866.6,3258.4,10,1,3258.3,79,4,3258.1,10,2,3258.0,66,4,3257.9,59,3,3259.2,59,7,3259.3,10,1,3259.4,47,1,3259.5,51,5,3259.6,19,1
11536,2025-12-30 13:01:19+05:30,3258.4,3,3251.13,1132817,116753.0,126157.0,3250.0,3265.1,3239.8,3251.5,44670675,3576.6,2926.4,4322.95,2866.6,3258.4,10,1,3258.3,79,4,3258.1,10,2,3258.0,66,4,3257.9,59,3,3259.2,59,7,3259.3,10,1,3259.4,47,1,3259.5,51,5,3259.6,19,1
11536,2025-12-30 13:01:20+05:30,3258.4,3,3251.13,1132825,116403.0,126181.0,3250.0,3265.1,3239.8,3251.5,44670675,3576.6,2926.4,4322.95,2866.6,3258.3,79,4,3258.1,12,3,3258.0,66,4,3257.9,59,3,3257.8,78,3,3259.2,99,9,3259.3,10,1,3259.5,51,5,3259.6,19,1,3259.7,177,2
11536,2025-12-30 13:01:20+05:30,3258.3,6,3251.13,1132825,116403.0,126181.0,3250.0,3265.1,3239.8,3251.5,44670675,3576.6,2926.4,4322.95,2866.6,3258.3,79,4,3258.1,12,3,3258.0,66,4,3257.9,59,3,3257.8,78,3,3259.2,99,9,3259.3,10,1,3259.5,51,5,3259.6,19,1,3259.7,177,2
11536,2025-12-30 13:01:21+05:30,3258.3,6,3251.13,1132835,116345.0,126187.0,3250.0,3265.1,3239.8,3251.5,44670675,3576.6,2926.4,4322.95,2866.6,3258.3,22,4,3258.1,12,3,3258.0,66,4,3257.9,59,3,3257.8,78,3,3259.2,98,9,3259.3,10,1,3259.5,51,5,3259.6,26,2,3259.7,177,2
11536,2025-12-30 13:01:22+05:30,3258.4,8,3251.13,1132843,115395.0,126192.0,3250.0,3265.1,3239.8,3251.5,44670675,3576.6,2926.4,4322.95,2866.6,3258.4,57,1,3258.3,67,5,3258.1,12,3,3258.0,66,4,3257.9,59,3,3259.2,91,8,3259.5,51,5,3259.6,19,1,3259.7,177,2,3259.8,66,4
11536,2025-12-30 13:01:22+05:30,3258.4,3,3251.13,1132843,115395.0,126192.0,3250.0,3265.1,3239.8,3251.5,44670675,3576.6,2926.4,4322.95,2866.6,3258.4,57,1,3258.3,67,5,3258.1,12,3,3258.0,66,4,3257.9,59,3,3259.2,91,8,3259.5,51,5,3259.6,19,1,3259.7,177,2,3259.8,66,4
11536,2025-12-30 13:01:23+05:30,3258.4,1,3251.13,1132847,115876.0,126433.0,3250.0,3265.1,3239.8,3251.5,44670675,3576.6,2926.4,4322.95,2866.6,3258.4,53,1,3258.3,67,5,3258.1,12,3,3258.0,16,3,3257.9,2,1,3259.2,41,5,3259.3,12,1,3259.5,10,1,3259.6,143,4,3259.7,90,3
11536,2025-12-30 13:01:23+05:30,3258.4,1,3251.13,1132847,115876.0,126433.0,3250.0,3265.1,3239.8,3251.5,44670675,3576.6,2926.4,4322.95,2866.6,3258.4,53,1,3258.3,67,5,3258.1,12,3,3258.0,16,3,3257.9,2,1,3259.2,41,5,3259.3,12,1,3259.5,10,1,3259.6,143,4,3259.7,90,3
11536,2025-12-30 13:01:24+05:30,3258.4,1,3251.13,1132848,115986.0,126590.0,3250.0,3265.1,3239.8,3251.5,44670675,3576.6,2926.4,4322.95,2866.6,3258.4,52,1,3258.3,67,5,3258.1,12,3,3258.0,66,4,3257.9,2,1,3259.2,41,5,3259.3,38,4,3259.4,44,1,3259.5,188,2,3259.6,99,3
11536,2025-12-30 13:01:24+05:30,3258.4,1,3251.13,1132848,115986.0,126590.0,3250.0,3265.1,3239.8,3251.5,44670675,3576.6,2926.4,4322.95,2866.6,3258.4,52,1,3258.3,67,5,3258.1,12,3,3258.0,66,4,3257.9,2,1,3259.2,41,5,3259.3,38,4,3259.4,44,1,3259.5,188,2,3259.6,99,3
11536,2025-12-30 13:01:25+05:30,3258.4,2,3251.13,1132851,116177.0,126440.0,3250.0,3265.1,3239.8,3251.5,44670675,3576.6,2926.4,4322.95,2866.6,3258.4,50,1,3258.3,70,6,3258.1,12,3,3258.0,16,3,3257.9,2,1,3259.2,57,6,3259.3,48,4,3259.4,44,1,3259.5,201,3,3259.6,99,3
11536,2025-12-30 13:01:25+05:30,3258.4,1,3251.13,1132851,116177.0,126440.0,3250.0,3265.1,3239.8,3251.5,44670675,3576.6,2926.4,4322.95,2866.6,3258.4,50,1,3258.3,70,6,3258.1,12,3,3258.0,16,3,3257.9,2,1,3259.2,57,6,3259.3,48,4,3259.4,44,1,3259.5,201,3,3259.6,99,3
11536,2025-12-30 13:01:26+05:30,3258.4,3,3251.13,1132856,116393.0,126870.0,3250.0,3265.1,3239.8,3251.5,44670675,3576.6,2926.4,4322.95,2866.6,3258.4,104,3,3258.3,70,6,3258.1,10,2,3258.0,16,3,3257.9,2,1,3259.2,44,4,3259.3,18,2,3259.4,44,1,3259.5,222,4,3259.6,122,4
11536,2025-12-30 13:01:26+05:30,3258.5,77,3251.13,1132856,116393.0,126870.0,3250.0,3265.1,3239.8,3251.5,44670675,3576.6,2926.4,4322.95,2866.6,3258.4,104,3,3258.3,70,6,3258.1,10,2,3258.0,16,3,3257.9,2,1,3259.2,44,4,3259.3,18,2,3259.4,44,1,3259.5,222,4,3259.6,122,4
11536,2025-12-30 13:01:27+05:30,3258.5,1,3251.13,1132935,116526.0,125441.0,3250.0,3265.1,3239.8,3251.5,44670675,3576.6,2926.4,4322.95,2866.6,3258.5,172,1,3258.4,92,2,3258.3,70,6,3258.1,20,3,3258.0,66,4,3259.2,51,5,3259.3,8,1,3259.4,44,1,3259.5,222,4,3259.6,100,3
11536,2025-12-30 13:01:27+05:30,3259.2,2,3251.13,1132935,116526.0,125441.0,3250.0,3265.1,3239.8,3251.5,44670675,3576.6,2926.4,4322.95,2866.6,3258.5,172,1,3258.4,92,2,3258.3,70,6,3258.1,20,3,3258.0,66,4,3259.2,51,5,3259.3,8,1,3259.4,44,1,3259.5,222,4,3259.6,100,3
11536,2025-12-30 13:01:28+05:30,3258.5,3,3251.13,1132944,116645.0,125286.0,3250.0,3265.1,3239.8,3251.5,44670675,3576.6,2926.4,4322.95,2866.6,3258.9,10,1,3258.5,167,1,3258.4,179,4,3258.3,70,6,3258.1,10,2,3259.2,60,6,3259.3,8,1,3259.4,44,1,3259.5,34,2,3259.6,39,2
11536,2025-12-30 13:01:28+05:30,3258.5,3,3251.13,1132944,116645.0,125286.0,3250.0,3265.1,3239.8,3251.5,44670675,3576.6,2926.4,4322.95,2866.6,3258.9,10,1,3258.5,167,1,3258.4,179,4,3258.3,70,6,3258.1,10,2,3259.2,60,6,3259.3,8,1,3259.4,44,1,3259.5,34,2,3259.6,39,2
11536,2025-12-30 13:01:29+05:30,3259.0,41,3251.13,1132985,117100.0,124564.0,3250.0,3265.1,3239.8,3251.5,44670675,3576.6,2926.4,4322.95,2866.6,3258.9,10,1,3258.5,167,1,3258.4,92,2,3258.3,107,6,3258.1,33,5,3259.2,24,6,3259.5,21,2,3259.6,53,2,3259.7,189,3,3259.8,65,4
11536,2025-12-30 13:01:29+05:30,3258.9,1,3251.13,1132985,117100.0,124564.0,3250.0,3265.1,3239.8,3251.5,44670675,3576.6,2926.4,4322.95,2866.6,3258.9,10,1,3258.5,167,1,3258.4,92,2,3258.3,107,6,3258.1,33,5,3259.2,24,6,3259.5,21,2,3259.6,53,2,3259.7,189,3,3259.8,65,4
11536,2025-12-30 13:01:30+05:30,3259.2,3,3251.13,1133024,119147.0,124779.0,3250.0,3265.1,3239.8,3251.5,44670675,3576.6,2926.4,4322.95,2866.6,3259.2,3,1,3258.9,45,1,3258.8,41,1,3258.7,35,1,3258.5,180,3,3259.8,32,2,3259.9,29,1,3260.0,837,5,3260.1,64,4,3260.2,98,3
11536,2025-12-30 13:01:30+05:30,3259.2,1,3251.13,1133024,119147.0,124779.0,3250.0,3265.1,3239.8,3251.5,44670675,3576.6,2926.4,4322.95,2866.6,3259.2,3,1,3258.9,45,1,3258.8,41,1,3258.7,35,1,3258.5,180,3,3259.8,32,2,3259.9,29,1,3260.0,837,5,3260.1,64,4,3260.2,98,3
11536,2025-12-30 13:01:31+05:30,3259.8,2,3251.13,1133032,119505.0,124770.0,3250.0,3265.1,3239.8,3251.5,44670675,3576.6,2926.4,4322.95,2866.6,3258.9,45,1,3258.5,177,2,3258.4,92,2,3258.3,62,5,3258.2,83,3,3259.8,84,7,3259.9,70,2,3260.0,837,5,3260.1,64,4,3260.2,56,3
11536,2025-12-30 13:01:31+05:30,3259.8,10,3251.13,1133032,119505.0,124770.0,3250.0,3265.1,3239.8,3251.5,44670675,3576.6,2926.4,4322.95,2866.6,3258.9,45,1,3258.5,177,2,3258.4,92,2,3258.3,62,5,3258.2,83,3,3259.8,84,7,3259.9,70,2,3260.0,837,5,3260.1,64,4,3260.2,56,3
11536,2025-12-30 13:01:32+05:30,3259.9,3,3251.14,1133173,119467.0,124410.0,3250.0,3265.1,3239.8,3251.5,44670675,3576.6,2926.4,4322.95,2866.6,3258.9,45,1,3258.8,50,1,3258.5,177,2,3258.4,135,4,3258.3,157,7,3259.9,66,6,3260.0,814,5,3260.1,68,3,3260.2,21,1,3260.4,57,3
11536,2025-12-30 13:01:32+05:30,3259.9,31,3251.14,1133173,119467.0,124410.0,3250.0,3265.1,3239.8,3251.5,44670675,3576.6,2926.4,4322.95,2866.6,3258.9,45,1,3258.8,50,1,3258.5,177,2,3258.4,135,4,3258.3,157,7,3259.9,66,6,3260.0,814,5,3260.1,68,3,3260.2,21,1,3260.4,57,3
11536,2025-12-30 13:01:33+05:30,3259.9,31,3251.14,1133220,119439.0,123646.0,3250.0,3265.1,3239.8,3251.5,44670675,3576.6,2926.4,4322.95,2866.6,3258.9,55,2,3258.8,50,1,3258.7,41,1,3258.5,177,2,3258.4,135,4,3259.9,11,4,3260.0,802,4,3260.1,47,2,3260.2,45,3,3260.4,80,4
11536,2025-12-30 13:01:33+05:30,3259.9,1,3251.14,1133220,119439.0,123646.0,3250.0,3265.1,3239.8,3251.5,44670675,3576.6,2926.4,4322.95,2866.6,3258.9,55,2,3258.8,50,1,3258.7,41,1,3258.5,177,2,3258.4,135,4,3259.9,11,4,3260.0,802,4,3260.1,47,2,3260.2,45,3,3260.4,80,4
11536,2025-12-30 13:01:34+05:30,3259.9,1,3251.14,1133236,117997.0,124147.0,3250.0,3265.1,3239.8,3251.5,44670675,3576.6,2926.4,4322.95,2866.6,3259.0,41,1,3258.9,45,1,3258.8,50,1,3258.7,10,1,3258.6,71,2,3259.9,11,5,3260.0,802,4,3260.3,42,2,3260.4,80,4,3260.5,92,3
11536,2025-12-30 13:01:34+05:30,3259.9,1,3251.14,1133236,117997.0,124147.0,3250.0,3265.1,3239.8,3251.5,44670675,3576.6,2926.4,4322.95,2866.6,3259.0,41,1,3258.9,45,1,3258.8,50,1,3258.7,10,1,3258.6,71,2,3259.9,11,5,3260.0,802,4,3260.3,42,2,3260.4,80,4,3260.5,92,3
11536,2025-12-30 13:01:35+05:30,3259.9,1,3251.14,1133256,117880.0,121964.0,3250.0,3265.1,3239.8,3251.5,44670675,3576.6,2926.4,4322.95,2866.6,3259.0,80,2,3258.9,45,1,3258.8,50,1,3258.7,10,1,3258.5,167,1,3259.9,10,5,3260.0,827,5,3260.1,35,1,3260.2,41,1,3260.4,52,3
11536,2025-12-30 13:01:35+05:30,3259.9,2,3251.14,1133256,117880.0,121964.0,3250.0,3265.1,3239.8,3251.5,44670675,3576.6,2926.4,4322.95,2866.6,3259.0,80,2,3258.9,45,1,3258.8,50,1,3258.7,10,1,3258.5,167,1,3259.9,10,5,3260.0,827,5,3260.1,35,1,3260.2,41,1,3260.4,52,3
11536,2025-12-30 13:01:36+05:30,3259.0,3,3251.14,1133267,117763.0,123946.0,3250.0,3265.1,3239.8,3251.5,44670675,3576.6,2926.4,4322.95,2866.6,3259.0,77,2,3258.9,45,1,3258.8,85,2,3258.7,10,1,3258.5,167,1,3259.9,7,5,3260.0,835,6,3260.2,92,3,3260.3,9,1,3260.4,52,3
11536,2025-12-30 13:01:36+05:30,3259.0,4,3251.14,1133267,117763.0,123946.0,3250.0,3265.1,3239.8,3251.5,44670675,3576.6,2926.4,4322.95,2866.6,3259.0,77,2,3258.9,45,1,3258.8,85,2,3258.7,10,1,3258.5,167,1,3259.9,7,5,3260.0,835,6,3260.2,92,3,3260.3,9,1,3260.4,52,3
11536,2025-12-30 13:01:37+05:30,3258.9,1,3251.14,1133349,117385.0,123656.0,3250.0,3265.1,3239.8,3251.5,44670675,3576.6,2926.4,4322.95,2866.6,3258.9,44,1,3258.8,50,1,3258.7,10,1,3258.5,167,1,3258.4,67,2,3259.8,98,5,3259.9,10,4,3260.0,830,6,3260.1,25,2,3260.2,47,3
11536,2025-12-30 13:01:37+05:30,3258.9,1,3251.14,1133349,117385.0,123656.0,3250.0,3265.1,3239.8,3251.5,44670675,3576.6,2926.4,4322.95,2866.6,3258.9,44,1,3258.8,50,1,3258.7,10,1,3258.5,167,1,3258.4,67,2,3259.8,98,5,3259.9,10,4,3260.0,830,6,3260.1,25,2,3260.2,47,3
11536,2025-12-30 13:01:38+05:30,3258.9,2,3251.14,1133351,117035.0,123539.0,3250.0,3265.1,3239.8,3251.5,44670675,3576.6,2926.4,4322.95,2866.6,3258.9,43,2,3258.8,50,1,3258.7,10,1,3258.5,167,1,3258.4,67,2,3259.8,100,6,3259.9,9,3,3260.0,830,6,3260.1,25,2,3260.2,47,3
11536,2025-12-30 13:01:38+05:30,3258.9,1,3251.14,1133351,117035.0,123539.0,3250.0,3265.1,3239.8,3251.5,44670675,3576.6,2926.4,4322.95,2866.6,3258.9,43,2,3258.8,50,1,3258.7,10,1,3258.5,167,1,3258.4,67,2,3259.8,100,6,3259.9,9,3,3260.0,830,6,3260.1,25,2,3260.2,47,3
11536,2025-12-30 13:01:39+05:30,3258.9,1,3251.14,1133354,117591.0,123538.0,3250.0,3265.1,3239.8,3251.5,44670675,3576.6,2926.4,4322.95,2866.6,3258.9,41,2,3258.8,50,1,3258.7,10,1,3258.5,167,1,3258.4,69,3,3259.8,100,7,3259.9,8,2,3260.0,830,6,3260.1,25,2,3260.2,47,3
11536,2025-12-30 13:01:39+05:30,3258.9,1,3251.14,1133354,117591.0,123538.0,3250.0,3265.1,3239.8,3251.5,44670675,3576.6,2926.4,4322.95,2866.6,3258.9,41,2,3258.8,50,1,3258.7,10,1,3258.5,167,1,3258.4,69,3,3259.8,100,7,3259.9,8,2,3260.0,830,6,3260.1,25,2,3260.2,47,3
11536,2025-12-30 13:01:40+05:30,3258.9,1,3251.14,1133355,117591.0,123537.0,3250.0,3265.1,3239.8,3251.5,44670675,3576.6,2926.4,4322.95,2866.6,3258.9,40,2,3258.8,50,1,3258.7,10,1,3258.5,167,1,3258.4,79,4,3259.8,100,7,3259.9,7,1,3260.0,830,6,3260.1,25,2,3260.2,47,3
11536,2025-12-30 13:01:40+05:30,3258.9,12,3251.14,1133355,117591.0,123537.0,3250.0,3265.1,3239.8,3251.5,44670675,3576.6,2926.4,4322.95,2866.6,3258.9,40,2,3258.8,50,1,3258.7,10,1,3258.5,167,1,3258.4,79,4,3259.8,100,7,3259.9,7,1,3260.0,830,6,3260.1,25,2,3260.2,47,3
11536,2025-12-30 13:01:41+05:30,3258.9,12,3251.14,1133367,117423.0,124041.0,3250.0,3265.1,3239.8,3251.5,44670675,3576.6,2926.4,4322.95,2866.6,3258.9,28,2,3258.8,50,1,3258.7,10,1,3258.5,167,1,3258.4,79,4,3259.8,99,7,3259.9,7,1,3260.0,830,6,3260.1,25,2,3260.2,47,3
11536,2025-12-30 13:01:41+05:30,3258.9,3,3251.14,1133367,117423.0,124041.0,3250.0,3265.1,3239.8,3251.5,44670675,3576.6,2926.4,4322.95,2866.6,3258.9,28,2,3258.8,50,1,3258.7,10,1,3258.5,167,1,3258.4,79,4,3259.8,99,7,3259.9,7,1,3260.0,830,6,3260.1,25,2,3260.2,47,3
11536,2025-12-30 13:01:42+05:30,3258.9,3,3251.14,1133370,117420.0,124041.0,3250.0,3265.1,3239.8,3251.5,44670675,3576.6,2926.4,4322.95,2866.6,3258.9,25,2,3258.8,50,1,3258.7,10,1,3258.5,167,1,3258.4,79,4,3259.8,99,7,3259.9,7,1,3260.0,830,6,3260.1,25,2,3260.2,47,3
11536,2025-12-30 13:01:42+05:30,3259.8,5,3251.14,1133370,117420.0,124041.0,3250.0,3265.1,3239.8,3251.5,44670675,3576.6,2926.4,4322.95,2866.6,3258.9,25,2,3258.8,50,1,3258.7,10,1,3258.5,167,1,3258.4,79,4,3259.8,99,7,3259.9,7,1,3260.0,830,6,3260.1,25,2,3260.2,47,3
11536,2025-12-30 13:01:43+05:30,3258.9,1,3251.14,1133381,117567.0,124033.0,3250.0,3265.1,3239.8,3251.5,44670675,3576.6,2926.4,4322.95,2866.6,3258.9,21,1,3258.8,50,1,3258.7,10,1,3258.5,167,1,3258.4,79,4,3259.8,91,7,3259.9,7,1,3260.0,830,6,3260.1,25,2,3260.2,47,3
11536,2025-12-30 13:01:43+05:30,3258.9,1,3251.14,1133381,117567.0,124033.0,3250.0,3265.1,3239.8,3251.5,44670675,3576.6,2926.4,4322.95,2866.6,3258.9,21,1,3258.8,50,1,3258.7,10,1,3258.5,167,1,3258.4,79,4,3259.8,91,7,3259.9,7,1,3260.0,830,6,3260.1,25,2,3260.2,47,3
11536,2025-12-30 13:01:44+05:30,3258.9,2,3251.14,1133383,117611.0,124121.0,3250.0,3265.1,3239.8,3251.5,44670675,3576.6,2926.4,4322.95,2866.6,3258.9,19,1,3258.8,50,1,3258.7,10,1,3258.5,167,1,3258.4,79,4,3259.8,91,7,3259.9,25,2,3260.0,849,7,3260.1,47,3,3260.2,71,4
11536,2025-12-30 13:01:44+05:30,3258.9,2,3251.14,1133383,117611.0,124121.0,3250.0,3265.1,3239.8,3251.5,44670675,3576.6,2926.4,4322.95,2866.6,3258.9,19,1,3258.8,50,1,3258.7,10,1,3258.5,167,1,3258.4,79,4,3259.8,91,7,3259.9,25,2,3260.0,849,7,3260.1,47,3,3260.2,71,4
11536,2025-12-30 13:01:45+05:30,3259.7,1,3251.14,1133384,117377.0,123848.0,3250.0,3265.1,3239.8,3251.5,44670675,3576.6,2926.4,4322.95,2866.6,3258.9,19,1,3258.8,50,1,3258.7,10,1,3258.5,167,1,3258.4,46,2,3259.7,86,3,3259.8,18,4,3259.9,86,3,3260.0,849,7,3260.1,47,3
11536,2025-12-30 13:01:45+05:30,3258.9,2,3251.14,1133384,117377.0,123848.0,3250.0,3265.1,3239.8,3251.5,44670675,3576.6,2926.4,4322.95,2866.6,3258.9,19,1,3258.8,50,1,3258.7,10,1,3258.5,167,1,3258.4,46,2,3259.7,86,3,3259.8,18,4,3259.9,86,3,3260.0,849,7,3260.1,47,3
11536,2025-12-30 13:01:46+05:30,3258.9,1,3251.14,1133387,117366.0,123694.0,3250.0,3265.1,3239.8,3251.5,44670675,3576.6,2926.4,4322.95,2866.6,3258.9,16,1,3258.8,50,1,3258.7,10,1,3258.5,167,1,3258.4,46,2,3259.7,92,4,3259.8,33,3,3259.9,86,3,3260.0,849,7,3260.1,47,3
11536,2025-12-30 13:01:46+05:30,3258.9,21,3251.14,1133387,117366.0,123694.0,3250.0,3265.1,3239.8,3251.5,44670675,3576.6,2926.4,4322.95,2866.6,3258.9,16,1,3258.8,50,1,3258.7,10,1,3258.5,167,1,3258.4,46,2,3259.7,92,4,3259.8,33,3,3259.9,86,3,3260.0,849,7,3260.1,47,3
11536,2025-12-30 13:01:47+05:30,3258.9,21,3251.14,1133465,118625.0,123348.0,3250.0,3265.1,3239.8,3251.5,44670675,3576.6,2926.4,4322.95,2866.6,3258.8,50,1,3258.7,10,1,3258.5,167,1,3258.4,46,2,3258.3,99,6,3259.6,72,2,3259.7,9,2,3259.8,83,2,3259.9,86,3,3260.0,849,7
11536,2025-12-30 13:01:47+05:30,3258.9,1,3251.14,1133465,118625.0,123348.0,3250.0,3265.1,3239.8,3251.5,44670675,3576.6,2926.4,4322.95,2866.6,3258.8,50,1,3258.7,10,1,3258.5,167,1,3258.4,46,2,3258.3,99,6,3259.6,72,2,3259.7,9,2,3259.8,83,2,3259.9,86,3,3260.0,849,7
11536,2025-12-30 13:01:48+05:30,3258.9,1,3251.14,1133466,118586.0,123501.0,3250.0,3265.1,3239.8,3251.5,44670675,3576.6,2926.4,4322.95,2866.6,3258.9,2,2,3258.8,56,2,3258.7,10,1,3258.6,2,1,3258.5,170,2,3259.6,55,4,3259.7,53,3,3259.8,83,2,3259.9,86,3,3260.0,849,7
11536,2025-12-30 13:01:48+05:30,3258.5,231,3251.14,1133466,118586.0,123501.0,3250.0,3265.1,3239.8,3251.5,44670675,3576.6,2926.4,4322.95,2866.6,3258.9,2,2,3258.8,56,2,3258.7,10,1,3258.6,2,1,3258.5,170,2,3259.6,55,4,3259.7,53,3,3259.8,83,2,3259.9,86,3,3260.0,849,7
11536,2025-12-30 13:01:49+05:30,3258.5,231,3251.15,1135086,117695.0,124658.0,3250.0,3265.1,3239.8,3251.5,44670675,3576.6,2926.4,4322.95,2866.6,3258.4,46,2,3258.3,12,4,3258.1,10,2,3258.0,16,3,3257.9,2,1,3258.5,9,1,3259.4,109,5,3259.5,144,3,3259.6,100,4,3259.7,112,3
11536,2025-12-30 13:01:49+05:30,3258.5,1,3251.15,1135086,117695.0,124658.0,3250.0,3265.1,3239.8,3251.5,44670675,3576.6,2926.4,4322.95,2866.6,3258.4,46,2,3258.3,12,4,3258.1,10,2,3258.0,16,3,3257.9,2,1,3258.5,9,1,3259.4,109,5,3259.5,144,3,3259.6,100,4,3259.7,112,3
11536,2025-12-30 13:01:50+05:30,3258.5,1,3251.15,1135628,115586.0,125622.0,3250.0,3265.1,3239.8,3251.5,44670675,3576.6,2926.4,4322.95,2866.6,3258.4,92,3,3258.3,12,4,3258.1,10,2,3258.0,16,3,3257.9,2,1,3258.5,227,3,3259.2,9,1,3259.4,30,2,3259.5,151,4,3259.6,93,5
11536,2025-12-30 13:01:50+05:30,3258.4,11,3251.15,1135628,115586.0,125622.0,3250.0,3265.1,3239.8,3251.5,44670675,3576.6,2926.4,4322.95,2866.6,3258.4,92,3,3258.3,12,4,3258.1,10,2,3258.0,16,3,3257.9,2,1,3258.5,227,3,3259.2,9,1,3259.4,30,2,3259.5,151,4,3259.6,93,5
11536,2025-12-30 13:01:51+05:30,3258.4,11,3251.15,1135820,116006.0,124941.0,3250.0,3265.1,3239.8,3251.5,44670675,3576.6,2926.4,4322.95,2866.6,3258.4,81,3,3258.3,12,4,3258.1,10,2,3258.0,54,4,3257.9,47,2,3258.5,63,5,3259.2,9,1,3259.4,31,2,3259.5,101,3,3259.6,91,4
11536,2025-12-30 13:01:51+05:30,3258.5,3,3251.15,1135820,116006.0,124941.0,3250.0,3265.1,3239.8,3251.5,44670675,3576.6,2926.4,4322.95,2866.6,3258.4,81,3,3258.3,12,4,3258.1,10,2,3258.0,54,4,3257.9,47,2,3258.5,63,5,3259.2,9,1,3259.4,31,2,3259.5,101,3,3259.6,91,4
11536,2025-12-30 13:01:52+05:30,3258.5,3,3251.15,1135828,115967.0,124914.0,3250.0,3265.1,3239.8,3251.5,44670675,3576.6,2926.4,4322.95,2866.6,3258.4,81,3,3258.3,12,4,3258.1,10,2,3258.0,54,4,3257.9,47,2,3258.5,56,6,3259.2,9,1,3259.4,31,2,3259.5,101,3,3259.6,91,4
11536,2025-12-30 13:01:52+05:30,3258.4,73,3251.15,1135828,115967.0,124914.0,3250.0,3265.1,3239.8,3251.5,44670675,3576.6,2926.4,4322.95,2866.6,3258.4,81,3,3258.3,12,4,3258.1,10,2,3258.0,54,4,3257.9,47,2,3258.5,56,6,3259.2,9,1,3259.4,31,2,3259.5,101,3,3259.6,91,4
11536,2025-12-30 13:01:53+05:30,3258.4,73,3251.15,1136119,117348.0,125197.0,3250.0,3265.1,3239.8,3251.5,44670675,3576.6,2926.4,4322.95,2866.6,3258.1,10,2,3258.0,16,3,3257.9,2,1,3257.8,27,1,3257.7,69,3,3258.3,14,2,3258.5,22,4,3259.3,138,3,3259.4,149,4,3259.5,101,3
11536,2025-12-30 13:01:53+05:30,3258.1,1,3251.15,1136119,117348.0,125197.0,3250.0,3265.1,3239.8,3251.5,44670675,3576.6,2926.4,4322.95,2866.6,3258.1,10,2,3258.0,16,3,3257.9,2,1,3257.8,27,1,3257.7,69,3,3258.3,14,2,3258.5,22,4,3259.3,138,3,3259.4,149,4,3259.5,101,3
11536,2025-12-30 13:01:54+05:30,3258.1,1,3251.16,1136247,117394.0,125905.0,3250.0,3265.1,3239.8,3251.5,44670675,3576.6,2926.4,4322.95,2866.6,3258.1,7,2,3258.0,16,3,3257.9,2,1,3257.8,49,2,3257.7,31,2,3258.5,675,3,3259.2,38,1,3259.3,3,1,3259.4,221,3,3259.5,82,2
11536,2025-12-30 13:01:54+05:30,3258.1,3,3251.16,1136247,117394.0,125905.0,3250.0,3265.1,3239.8,3251.5,44670675,3576.6,2926.4,4322.95,2866.6,3258.1,7,2,3258.0,16,3,3257.9,2,1,3257.8,49,2,3257.7,31,2,3258.5,675,3,3259.2,38,1,3259.3,3,1,3259.4,221,3,3259.5,82,2
11536,2025-12-30 13:01:55+05:30,3258.1,1,3251.16,1136253,117422.0,126089.0,3250.0,3265.1,3239.8,3251.5,44670675,3576.6,2926.4,4322.95,2866.6,3258.1,10,2,3258.0,16,3,3257.9,2,1,3257.8,27,1,3257.7,31,2,3258.5,672,2,3259.1,83,2,3259.2,50,1,3259.3,3,1,3259.4,238,4
11536,2025-12-30 13:01:55+05:30,3258.5,1,3251.16,1136253,117422.0,126089.0,3250.0,3265.1,3239.8,3251.5,44670675,3576.6,2926.4,4322.95,2866.6,3258.1,10,2,3258.0,16,3,3257.9,2,1,3257.8,27,1,3257.7,31,2,3258.5,672,2,3259.1,83,2,3259.2,50,1,3259.3,3,1,3259.4,238,4
11536,2025-12-30 13:01:56+05:30,3258.5,1,3251.16,1136254,117420.0,125922.0,3250.0,3265.1,3239.8,3251.5,44670675,3576.6,2926.4,4322.95,2866.6,3258.1,10,2,3258.0,16,3,3257.9,2,1,3257.8,27,1,3257.7,31,2,3258.5,672,3,3259.1,83,2,3259.2,50,1,3259.3,3,1,3259.4,238,4
11536,2025-12-30 13:01:56+05:30,3258.1,4,3251.16,1136254,117420.0,125922.0,3250.0,3265.1,3239.8,3251.5,44670675,3576.6,2926.4,4322.95,2866.6,3258.1,10,2,3258.0,16,3,3257.9,2,1,3257.8,27,1,3257.7,31,2,3258.5,672,3,3259.1,83,2,3259.2,50,1,3259.3,3,1,3259.4,238,4
11536,2025-12-30 13:01:57+05:30,3258.1,4,3251.16,1136335,115809.0,126010.0,3250.0,3265.1,3239.8,3251.5,44670675,3576.6,2926.4,4322.95,2866.6,3258.0,6,2,3257.9,2,1,3257.8,27,1,3257.7,31,2,3257.6,75,3,3258.1,4,1,3258.5,670,2,3258.9,11,1,3259.0,83,2,3259.2,102,4
11536,2025-12-30 13:01:57+05:30,3258.5,3,3251.16,1136335,115809.0,126010.0,3250.0,3265.1,3239.8,3251.5,44670675,3576.6,2926.4,4322.95,2866.6,3258.0,6,2,3257.9,2,1,3257.8,27,1,3257.7,31,2,3257.6,75,3,3258.1,4,1,3258.5,670,2,3258.9,11,1,3259.0,83,2,3259.2,102,4
11536,2025-12-30 13:01:58+05:30,3258.5,3,3251.16,1136443,113703.0,126000.0,3250.0,3265.1,3239.8,3251.5,44670675,3576.6,2926.4,4322.95,2866.6,3258.1,5,1,3258.0,6,2,3257.9,2,1,3257.8,27,1,3257.7,31,2,3258.5,597,3,3258.6,38,1,3258.7,45,1,3258.9,11,1,3259.2,71,2
11536,2025-12-30 13:01:58+05:30,3258.5,2,3251.16,1136443,113703.0,126000.0,3250.0,3265.1,3239.8,3251.5,44670675,3576.6,2926.4,4322.95,2866.6,3258.1,5,1,3258.0,6,2,3257.9,2,1,3257.8,27,1,3257.7,31,2,3258.5,597,3,3258.6,38,1,3258.7,45,1,3258.9,11,1,3259.2,71,2
11536,2025-12-30 13:01:59+05:30,3258.5,2,3251.16,1136485,114487.0,125893.0,3250.0,3265.1,3239.8,3251.5,44670675,3576.6,2926.4,4322.95,2866.6,3258.1,2,1,3258.0,6,2,3257.9,2,1,3257.8,27,1,3257.7,31,2,3258.5,559,4,3258.6,46,2,3258.7,45,1,3258.9,28,2,3259.0,67,2
11536,2025-12-30 13:01:59+05:30,3257.5,1,3251.16,1136485,114487.0,125893.0,3250.0,3265.1,3239.8,3251.5,44670675,3576.6,2926.4,4322.95,2866.6,3258.1,2,1,3258.0,6,2,3257.9,2,1,3257.8,27,1,3257.7,31,2,3258.5,559,4,3258.6,46,2,3258.7,45,1,3258.9,28,2,3259.0,67,2
11536,2025-12-30 13:02:00+05:30,3257.5,1,3251.16,1137000,112500.0,125618.0,3250.0,3265.1,3239.8,3251.5,44670675,3576.6,2926.4,4322.95,2866.6,3257.5,98,4,3257.4,12,2,3257.3,3,1,3257.2,29,3,3257.1,28,1,3258.5,545,4,3258.9,49,2,3259.1,16,1,3259.2,116,5,3259.3,46,3
11536,2025-12-30 13:02:00+05:30,3257.5,15,3251.16,1137000,112500.0,125618.0,3250.0,3265.1,3239.8,3251.5,44670675,3576.6,2926.4,4322.95,2866.6,3257.5,98,4,3257.4,12,2,3257.3,3,1,3257.2,29,3,3257.1,28,1,3258.5,545,4,3258.9,49,2,3259.1,16,1,3259.2,116,5,3259.3,46,3
11536,2025-12-30 13:02:01+05:30,3257.5,15,3251.16,1137015,113825.0,125715.0,3250.0,3265.1,3239.8,3251.5,44670675,3576.6,2926.4,4322.95,2866.6,3257.5,170,4,3257.4,12,2,3257.2,23,2,3257.1,28,1,3257.0,275,8,3258.5,560,6,3258.6,38,1,3258.7,35,2,3258.8,46,1,3258.9,95,4
11536,2025-12-30 13:02:01+05:30,3258.5,1,3251.16,1137015,113825.0,125715.0,3250.0,3265.1,3239.8,3251.5,44670675,3576.6,2926.4,4322.95,2866.6,3257.5,170,4,3257.4,12,2,3257.2,23,2,3257.1,28,1,3257.0,275,8,3258.5,560,6,3258.6,38,1,3258.7,35,2,3258.8,46,1,3258.9,95,4
11536,2025-12-30 13:02:02+05:30,3258.5,1,3251.16,1137026,113797.0,126108.0,3250.0,3265.1,3239.8,3251.5,44670675,3576.6,2926.4,4322.95,2866.6,3257.5,163,4,3257.4,12,2,3257.2,23,2,3257.1,120,2,3257.0,167,7,3258.5,547,4,3258.6,48,2,3258.7,65,2,3258.9,114,5,3259.0,17,1
11536,2025-12-30 13:02:02+05:30,3258.5,4,3251.16,1137026,113797.0,126108.0,3250.0,3265.1,3239.8,3251.5,44670675,3576.6,2926.4,4322.95,2866.6,3257.5,163,4,3257.4,12,2,3257.2,23,2,3257.1,120,2,3257.0,167,7,3258.5,547,4,3258.6,48,2,3258.7,65,2,3258.9,114,5,3259.0,17,1
11536,2025-12-30 13:02:03+05:30,3258.5,4,3251.16,1137030,113734.0,125753.0,3250.0,3265.1,3239.8,3251.5,44670675,3576.6,2926.4,4322.95,2866.6,3257.5,61,3,3257.4,12,2,3257.2,43,3,3257.1,30,2,3257.0,255,8,3258.5,544,5,3258.6,38,1,3258.7,65,2,3258.9,114,5,3259.0,17,1
11536,2025-12-30 13:02:03+05:30,3258.1,1,3251.16,1137030,113734.0,125753.0,3250.0,3265.1,3239.8,3251.5,44670675,3576.6,2926.4,4322.95,2866.6,3257.5,61,3,3257.4,12,2,3257.2,43,3,3257.1,30,2,3257.0,255,8,3258.5,544,5,3258.6,38,1,3258.7,65,2,3258.9,114,5,3259.0,17,1
11536,2025-12-30 13:02:04+05:30,3258.1,1,3251.16,1137109,113271.0,126031.0,3250.0,3265.1,3239.8,3251.5,44670675,3576.6,2926.4,4322.95,2866.6,3257.5,6,1,3257.4,12,2,3257.2,37,2,3257.1,35,3,3257.0,163,7,3258.0,1,1,3258.1,1,1,3258.5,580,6,3258.6,46,1,3258.7,19,1
11536,2025-12-30 13:02:04+05:30,3257.5,1,3251.16,1137109,113271.0,126031.0,3250.0,3265.1,3239.8,3251.5,44670675,3576.6,2926.4,4322.95,2866.6,3257.5,6,1,3257.4,12,2,3257.2,37,2,3257.1,35,3,3257.0,163,7,3258.0,1,1,3258.1,1,1,3258.5,580,6,3258.6,46,1,3258.7,19,1
11536,2025-12-30 13:02:05+05:30,3257.5,1,3251.16,1137137,113613.0,125745.0,3250.0,3265.1,3239.8,3251.5,44670675,3576.6,2926.4,4322.95,2866.6,3257.5,4,1,3257.4,12,2,3257.2,3,1,3257.1,35,3,3257.0,163,7,3258.5,558,6,3258.6,56,2,3258.7,19,1,3258.8,19,1,3258.9,93,5
11536,2025-12-30 13:02:05+05:30,3257.5,1,3251.16,1137139,113615.0,126268.0,3250.0,3265.1,3239.8,3251.5,44670675,3576.6,2926.4,4322.95,2866.6,3257.5,4,2,3257.4,12,2,3257.2,3,1,3257.1,35,3,3257.0,163,7,3258.5,556,5,3258.6,64,3,3258.7,19,1,3258.8,19,1,3258.9,93,5
11536,2025-12-30 13:02:05+05:30,3257.5,1,3251.16,1137139,113615.0,126268.0,3250.0,3265.1,3239.8,3251.5,44670675,3576.6,2926.4,4322.95,2866.6,3257.5,4,2,3257.4,12,2,3257.2,3,1,3257.1,35,3,3257.0,163,7,3258.5,556,5,3258.6,64,3,3258.7,19,1,3258.8,19,1,3258.9,93,5
11536,2025-12-30 13:02:06+05:30,3257.5,54,3251.16,1137139,113615.0,126268.0,3250.0,3265.1,3239.8,3251.5,44670675,3576.6,2926.4,4322.95,2866.6,3257.5,4,2,3257.4,12,2,3257.2,3,1,3257.1,35,3,3257.0,163,7,3258.5,556,5,3258.6,64,3,3258.7,19,1,3258.8,19,1,3258.9,93,5
11536,2025-12-30 13:02:07+05:30,3257.5,54,3251.16,1137228,115131.0,125604.0,3250.0,3265.1,3239.8,3251.5,44670675,3576.6,2926.4,4322.95,2866.6,3257.4,22,3,3257.2,46,1,3257.1,7,2,3257.0,177,4,3256.9,103,4,3258.5,524,5,3258.7,19,1,3258.8,19,1,3258.9,49,4,3259.0,21,1
11536,2025-12-30 13:02:07+05:30,3258.5,20,3251.16,1137228,115131.0,125604.0,3250.0,3265.1,3239.8,3251.5,44670675,3576.6,2926.4,4322.95,2866.6,3257.4,22,3,3257.2,46,1,3257.1,7,2,3257.0,177,4,3256.9,103,4,3258.5,524,5,3258.7,19,1,3258.8,19,1,3258.9,49,4,3259.0,21,1
11536,2025-12-30 13:02:08+05:30,3257.4,3,3251.16,1137255,115209.0,125804.0,3250.0,3265.1,3239.8,3251.5,44670675,3576.6,2926.4,4322.95,2866.6,3257.4,22,4,3257.1,16,3,3257.0,249,6,3256.9,106,5,3256.8,27,3,3258.5,499,4,3258.6,94,3,3258.7,19,1,3258.8,19,1,3258.9,49,4
11536,2025-12-30 13:02:08+05:30,3257.4,3,3251.16,1137255,115640.0,126339.0,3250.0,3265.1,3239.8,3251.5,44670675,3576.6,2926.4,4322.95,2866.6,3257.5,22,2,3257.4,24,4,3257.2,43,2,3257.1,176,5,3257.0,249,6,3258.5,491,3,3258.6,38,1,3258.7,73,3,3258.9,33,3,3259.0,50,1
11536,2025-12-30 13:02:08+05:30,3257.4,3,3251.16,1137255,115640.0,126339.0,3250.0,3265.1,3239.8,3251.5,44670675,3576.6,2926.4,4322.95,2866.6,3257.5,22,2,3257.4,24,4,3257.2,43,2,3257.1,176,5,3257.0,249,6,3258.5,491,3,3258.6,38,1,3258.7,73,3,3258.9,33,3,3259.0,50,1
11536,2025-12-30 13:02:09+05:30,3257.4,3,3251.16,1137255,113640.0,126441.0,3250.0,3265.1,3239.8,3251.5,44670675,3576.6,2926.4,4322.95,2866.6,3257.4,12,3,3257.1,171,5,3257.0,157,5,3256.9,172,5,3256.8,64,5,3258.5,554,7,3258.6,73,3,3258.7,19,1,3258.9,49,4,3259.1,73,3
11536,2025-12-30 13:02:10+05:30,3257.4,1,3251.16,1137270,112512.0,126394.0,3250.0,3265.1,3239.8,3251.5,44670675,3576.6,2926.4,4322.95,2866.6,3257.5,22,2,3257.4,27,4,3257.3,45,1,3257.1,29,5,3257.0,249,6,3258.5,490,3,3258.6,46,1,3258.7,19,1,3258.8,38,1,3258.9,55,4
11536,2025-12-30 13:02:10+05:30,3257.4,1,3251.16,1137270,112512.0,126394.0,3250.0,3265.1,3239.8,3251.5,44670675,3576.6,2926.4,4322.95,2866.6,3257.5,22,2,3257.4,27,4,3257.3,45,1,3257.1,29,5,3257.0,249,6,3258.5,490,3,3258.6,46,1,3258.7,19,1,3258.8,38,1,3258.9,55,4
11536,2025-12-30 13:02:11+05:30,3258.5,10,3251.16,1137290,115152.0,126130.0,3250.0,3265.1,3239.8,3251.5,44670675,3576.6,2926.4,4322.95,2866.6,3257.7,58,2,3257.6,12,1,3257.5,35,2,3257.4,75,5,3257.3,79,3,3258.5,478,3,3258.8,28,1,3258.9,17,2,3259.0,71,3,3259.1,86,4
11536,2025-12-30 13:02:11+05:30,3258.5,10,3251.16,1137290,115152.0,126130.0,3250.0,3265.1,3239.8,3251.5,44670675,3576.6,2926.4,4322.95,2866.6,3257.7,58,2,3257.6,12,1,3257.5,35,2,3257.4,75,5,3257.3,79,3,3258.5,478,3,3258.8,28,1,3258.9,17,2,3259.0,71,3,3259.1,86,4
11536,2025-12-30 13:02:12+05:30,3258.5,3,3251.16,1137307,114271.0,125966.0,3250.0,3265.1,3239.8,3251.5,44670675,3576.6,2926.4,4322.95,2866.6,3257.5,106,4,3257.4,26,3,3257.2,25,2,3257.1,39,4,3257.0,248,6,3258.5,465,4,3258.8,47,2,3258.9,35,3,3259.0,53,2,3259.1,8,3
11536,2025-12-30 13:02:12+05:30,3258.5,3,3251.16,1137307,114271.0,125966.0,3250.0,3265.1,3239.8,3251.5,44670675,3576.6,2926.4,4322.95,2866.6,3257.5,106,4,3257.4,26,3,3257.2,25,2,3257.1,39,4,3257.0,248,6,3258.5,465,4,3258.8,47,2,3258.9,35,3,3259.0,53,2,3259.1,8,3
11536,2025-12-30 13:02:13+05:30,3257.5,2,3251.16,1137851,113873.0,124059.0,3250.0,3265.1,3239.8,3251.5,44670675,3576.6,2926.4,4322.95,2866.6,3257.5,34,1,3257.4,58,3,3257.3,12,1,3257.2,9,1,3257.1,16,3,3258.5,468,5,3258.6,18,1,3258.7,36,2,3258.8,46,2,3258.9,17,2
11536,2025-12-30 13:02:13+05:30,3257.5,2,3251.16,1137851,113873.0,124059.0,3250.0,3265.1,3239.8,3251.5,44670675,3576.6,2926.4,4322.95,2866.6,3257.5,34,1,3257.4,58,3,3257.3,12,1,3257.2,9,1,3257.1,16,3,3258.5,468,5,3258.6,18,1,3258.7,36,2,3258.8,46,2,3258.9,17,2
11536,2025-12-30 13:02:14+05:30,3257.5,3,3251.16,1137854,114482.0,124302.0,3250.0,3265.1,3239.8,3251.5,44670675,3576.6,2926.4,4322.95,2866.6,3257.5,165,3,3257.4,10,1,3257.2,64,3,3257.1,16,3,3257.0,248,6,3258.5,467,4,3258.8,46,2,3258.9,58,4,3259.0,53,2,3259.1,39,4
11536,2025-12-30 13:02:14+05:30,3257.5,3,3251.16,1137854,114482.0,124302.0,3250.0,3265.1,3239.8,3251.5,44670675,3576.6,2926.4,4322.95,2866.6,3257.5,165,3,3257.4,10,1,3257.2,64,3,3257.1,16,3,3257.0,248,6,3258.5,467,4,3258.8,46,2,3258.9,58,4,3259.0,53,2,3259.1,39,4
11536,2025-12-30 13:02:15+05:30,3257.5,2,3251.16,1137857,114501.0,125869.0,3250.0,3265.1,3239.8,3251.5,44670675,3576.6,2926.4,4322.95,2866.6,3257.5,163,3,3257.4,10,1,3257.2,40,3,3257.1,16,3,3257.0,248,6,3258.5,466,4,3258.7,12,1,3258.8,46,2,3258.9,39,3,3259.0,53,2
11536,2025-12-30 13:02:15+05:30,3257.5,2,3251.16,1137857,114501.0,125869.0,3250.0,3265.1,3239.8,3251.5,44670675,3576.6,2926.4,4322.95,2866.6,3257.5,163,3,3257.4,10,1,3257.2,40,3,3257.1,16,3,3257.0,248,6,3258.5,466,4,3258.7,12,1,3258.8,46,2,3258.9,39,3,3259.0,53,2
11536,2025-12-30 13:02:16+05:30,3257.5,54,3251.17,1137941,113813.0,126168.0,3250.0,3265.1,3239.8,3251.5,44670675,3576.6,2926.4,4322.95,2866.6,3257.5,4,1,3257.4,38,1,3257.3,10,1,3257.2,31,2,3257.1,7,2,3258.5,469,3,3258.7,12,1,3258.8,28,1,3258.9,61,5,3259.0,53,2
11536,2025-12-30 13:02:16+05:30,3257.5,57,3251.17,1137941,113813.0,126168.0,3250.0,3265.1,3239.8,3251.5,44670675,3576.6,2926.4,4322.95,2866.6,3257.5,4,1,3257.4,38,1,3257.3,10,1,3257.2,31,2,3257.1,7,2,3258.5,469,3,3258.7,12,1,3258.8,28,1,3258.9,61,5,3259.0,53,2
11536,2025-12-30 13:02:17+05:30,3257.5,57,3251.17,1138018,113499.0,125246.0,3250.0,3265.1,3239.8,3251.5,44670675,3576.6,2926.4,4322.95,2866.6,3257.3,64,4,3257.2,46,1,3257.1,45,3,3257.0,155,5,3256.9,179,5,3258.5,484,6,3258.6,38,1,3258.7,58,2,3258.8,28,1,3258.9,60,5
11536,2025-12-30 13:02:17+05:30,3257.5,57,3251.17,1138018,113499.0,125246.0,3250.0,3265.1,3239.8,3251.5,44670675,3576.6,2926.4,4322.95,2866.6,3257.3,64,4,3257.2,46,1,3257.1,45,3,3257.0,155,5,3256.9,179,5,3258.5,484,6,3258.6,38,1,3258.7,58,2,3258.8,28,1,3258.9,60,5
11536,2025-12-30 13:02:17+05:30,3257.5,1,3251.17,1138018,113499.0,125246.0,3250.0,3265.1,3239.8,3251.5,44670675,3576.6,2926.4,4322.95,2866.6,3257.3,64,4,3257.2,46,1,3257.1,45,3,3257.0,155,5,3256.9,179,5,3258.5,484,6,3258.6,38,1,3258.7,58,2,3258.8,28,1,3258.9,60,5
11536,2025-12-30 13:02:18+05:30,3257.5,1,3251.17,1138019,113591.0,126274.0,3250.0,3265.1,3239.8,3251.5,44670675,3576.6,2926.4,4322.95,2866.6,3257.5,1,1,3257.3,110,5,3257.2,46,1,3257.1,45,3,3257.0,247,6,3258.5,483,5,3258.6,38,1,3258.7,58,2,3258.8,28,1,3258.9,60,5
11536,2025-12-30 13:02:19+05:30,3257.5,1,3251.17,1138019,113591.0,126274.0,3250.0,3265.1,3239.8,3251.5,44670675,3576.6,2926.4,4322.95,2866.6,3257.5,1,1,3257.3,110,5,3257.2,46,1,3257.1,45,3,3257.0,247,6,3258.5,483,5,3258.6,38,1,3258.7,58,2,3258.8,28,1,3258.9,60,5
11536,2025-12-30 13:02:19+05:30,3257.5,1,3251.17,1138019,113601.0,125239.0,3250.0,3265.1,3239.8,3251.5,44670675,3576.6,2926.4,4322.95,2866.6,3257.5,13,2,3257.3,110,5,3257.2,46,1,3257.1,45,3,3257.0,247,6,3258.5,483,5,3258.6,38,1,3258.7,58,2,3258.8,28,1,3258.9,60,5
11536,2025-12-30 13:02:19+05:30,3257.5,12,3251.17,1138019,113601.0,125239.0,3250.0,3265.1,3239.8,3251.5,44670675,3576.6,2926.4,4322.95,2866.6,3257.5,13,2,3257.3,110,5,3257.2,46,1,3257.1,45,3,3257.0,247,6,3258.5,483,5,3258.6,38,1,3258.7,58,2,3258.8,28,1,3258.9,60,5
11536,2025-12-30 13:02:20+05:30,3257.5,12,3251.17,1138019,113601.0,125239.0,3250.0,3265.1,3239.8,3251.5,44670675,3576.6,2926.4,4322.95,2866.6,3257.5,13,2,3257.3,110,5,3257.2,46,1,3257.1,45,3,3257.0,247,6,3258.5,483,5,3258.6,38,1,3258.7,58,2,3258.8,28,1,3258.9,60,5
11536,2025-12-30 13:02:20+05:30,3257.4,10,3251.17,1138043,113502.0,126244.0,3250.0,3265.1,3239.8,3251.5,44670675,3576.6,2926.4,4322.95,2866.6,3257.5,12,1,3257.4,67,4,3257.3,125,4,3257.2,63,2,3257.1,7,2,3258.5,480,4,3258.6,46,1,3258.7,12,1,3258.8,28,1,3258.9,98,6
11536,2025-12-30 13:02:20+05:30,3257.4,10,3251.17,1138043,113502.0,126244.0,3250.0,3265.1,3239.8,3251.5,44670675,3576.6,2926.4,4322.95,2866.6,3257.5,12,1,3257.4,67,4,3257.3,125,4,3257.2,63,2,3257.1,7,2,3258.5,480,4,3258.6,46,1,3258.7,12,1,3258.8,28,1,3258.9,98,6
11536,2025-12-30 13:02:21+05:30,3257.4,10,3251.17,1138043,113502.0,126244.0,3250.0,3265.1,3239.8,3251.5,44670675,3576.6,2926.4,4322.95,2866.6,3257.5,12,1,3257.4,67,4,3257.3,125,4,3257.2,63,2,3257.1,7,2,3258.5,480,4,3258.6,46,1,3258.7,12,1,3258.8,28,1,3258.9,98,6
11536,2025-12-30 13:02:21+05:30,3257.5,1,3251.17,1138045,113693.0,126166.0,3250.0,3265.1,3239.8,3251.5,44670675,3576.6,2926.4,4322.95,2866.6,3257.5,11,1,3257.4,67,4,3257.3,125,4,3257.2,21,1,3257.1,7,2,3258.5,480,5,3258.6,46,1,3258.7,12,1,3258.8,28,1,3258.9,98,6
11536,2025-12-30 13:02:21+05:30,3257.5,2,3251.17,1138045,113693.0,126166.0,3250.0,3265.1,3239.8,3251.5,44670675,3576.6,2926.4,4322.95,2866.6,3257.5,11,1,3257.4,67,4,3257.3,125,4,3257.2,21,1,3257.1,7,2,3258.5,480,5,3258.6,46,1,3258.7,12,1,3258.8,28,1,3258.9,98,6
11536,2025-12-30 13:02:22+05:30,3257.5,2,3251.17,1138045,113693.0,126166.0,3250.0,3265.1,3239.8,3251.5,44670675,3576.6,2926.4,4322.95,2866.6,3257.5,11,1,3257.4,67,4,3257.3,125,4,3257.2,21,1,3257.1,7,2,3258.5,480,5,3258.6,46,1,3258.7,12,1,3258.8,28,1,3258.9,98,6
11536,2025-12-30 13:02:22+05:30,3258.5,1,3251.17,1138048,113500.0,126368.0,3250.0,3265.1,3239.8,3251.5,44670675,3576.6,2926.4,4322.95,2866.6,3257.5,9,1,3257.4,67,4,3257.3,125,4,3257.2,63,2,3257.1,7,2,3258.5,480,6,3258.6,84,2,3258.7,12,1,3258.8,28,1,3258.9,60,5
11536,2025-12-30 13:02:22+05:30,3257.5,2,3251.17,1138048,113500.0,126368.0,3250.0,3265.1,3239.8,3251.5,44670675,3576.6,2926.4,4322.95,2866.6,3257.5,9,1,3257.4,67,4,3257.3,125,4,3257.2,63,2,3257.1,7,2,3258.5,480,6,3258.6,84,2,3258.7,12,1,3258.8,28,1,3258.9,60,5
11536,2025-12-30 13:02:23+05:30,3257.5,2,3251.17,1138048,113500.0,126368.0,3250.0,3265.1,3239.8,3251.5,44670675,3576.6,2926.4,4322.95,2866.6,3257.5,9,1,3257.4,67,4,3257.3,125,4,3257.2,63,2,3257.1,7,2,3258.5,480,6,3258.6,84,2,3258.7,12,1,3258.8,28,1,3258.9,60,5
11536,2025-12-30 13:02:23+05:30,3258.5,1,3251.17,1138052,113711.0,126194.0,3250.0,3265.1,3239.8,3251.5,44670675,3576.6,2926.4,4322.95,2866.6,3257.5,17,2,3257.4,102,4,3257.3,130,4,3257.2,21,1,3257.1,7,2,3258.5,477,5,3258.6,46,1,3258.7,12,1,3258.8,28,1,3258.9,98,6
11536,2025-12-30 13:02:23+05:30,3257.5,2,3251.17,1138052,113711.0,126194.0,3250.0,3265.1,3239.8,3251.5,44670675,3576.6,2926.4,4322.95,2866.6,3257.5,17,2,3257.4,102,4,3257.3,130,4,3257.2,21,1,3257.1,7,2,3258.5,477,5,3258.6,46,1,3258.7,12,1,3258.8,28,1,3258.9,98,6
11536,2025-12-30 13:02:24+05:30,3257.5,2,3251.17,1138052,113711.0,126194.0,3250.0,3265.1,3239.8,3251.5,44670675,3576.6,2926.4,4322.95,2866.6,3257.5,17,2,3257.4,102,4,3257.3,130,4,3257.2,21,1,3257.1,7,2,3258.5,477,5,3258.6,46,1,3258.7,12,1,3258.8,28,1,3258.9,98,6
11536,2025-12-30 13:02:24+05:30,3257.5,2,3251.17,1138054,113752.0,126165.0,3250.0,3265.1,3239.8,3251.5,44670675,3576.6,2926.4,4322.95,2866.6,3257.5,145,5,3257.4,19,2,3257.3,130,4,3257.2,21,1,3257.1,7,2,3258.5,466,4,3258.7,12,1,3258.8,28,1,3258.9,98,6,3259.0,53,2
11536,2025-12-30 13:02:24+05:30,3257.5,1,3251.17,1138054,113752.0,126165.0,3250.0,3265.1,3239.8,3251.5,44670675,3576.6,2926.4,4322.95,2866.6,3257.5,145,5,3257.4,19,2,3257.3,130,4,3257.2,21,1,3257.1,7,2,3258.5,466,4,3258.7,12,1,3258.8,28,1,3258.9,98,6,3259.0,53,2
11536,2025-12-30 13:02:25+05:30,3257.5,1,3251.17,1138054,113752.0,126165.0,3250.0,3265.1,3239.8,3251.5,44670675,3576.6,2926.4,4322.95,2866.6,3257.5,145,5,3257.4,19,2,3257.3,130,4,3257.2,21,1,3257.1,7,2,3258.5,466,4,3258.7,12,1,3258.8,28,1,3258.9,98,6,3259.0,53,2
11536,2025-12-30 13:02:25+05:30,3258.5,1,3251.17,1138057,113760.0,126205.0,3250.0,3265.1,3239.8,3251.5,44670675,3576.6,2926.4,4322.95,2866.6,3257.5,144,5,3257.4,19,2,3257.3,130,4,3257.2,21,1,3257.1,7,2,3258.5,504,5,3258.7,12,1,3258.8,37,2,3258.9,98,6,3259.0,53,2
11536,2025-12-30 13:02:25+05:30,3258.5,1,3251.17,1138057,113760.0,126205.0,3250.0,3265.1,3239.8,3251.5,44670675,3576.6,2926.4,4322.95,2866.6,3257.5,144,5,3257.4,19,2,3257.3,130,4,3257.2,21,1,3257.1,7,2,3258.5,504,5,3258.7,12,1,3258.8,37,2,3258.9,98,6,3259.0,53,2
11536,2025-12-30 13:02:25+05:30,3258.5,1,3251.17,1138057,113760.0,126205.0,3250.0,3265.1,3239.8,3251.5,44670675,3576.6,2926.4,4322.95,2866.6,3257.5,144,5,3257.4,19,2,3257.3,130,4,3257.2,21,1,3257.1,7,2,3258.5,504,5,3258.7,12,1,3258.8,37,2,3258.9,98,6,3259.0,53,2
11536,2025-12-30 13:02:26+05:30,3258.5,1,3251.17,1138057,113760.0,126205.0,3250.0,3265.1,3239.8,3251.5,44670675,3576.6,2926.4,4322.95,2866.6,3257.5,144,5,3257.4,19,2,3257.3,130,4,3257.2,21,1,3257.1,7,2,3258.5,504,5,3258.7,12,1,3258.8,37,2,3258.9,98,6,3259.0,53,2
11536,2025-12-30 13:02:26+05:30,3257.5,3,3251.17,1138061,113748.0,126188.0,3250.0,3265.1,3239.8,3251.5,44670675,3576.6,2926.4,4322.95,2866.6,3257.5,141,5,3257.4,19,2,3257.3,130,4,3257.2,21,1,3257.1,7,2,3258.5,503,5,3258.7,12,1,3258.8,28,1,3258.9,98,6,3259.0,53,2
11536,2025-12-30 13:02:26+05:30,3257.5,28,3251.17,1138061,113748.0,126188.0,3250.0,3265.1,3239.8,3251.5,44670675,3576.6,2926.4,4322.95,2866.6,3257.5,141,5,3257.4,19,2,3257.3,130,4,3257.2,21,1,3257.1,7,2,3258.5,503,5,3258.7,12,1,3258.8,28,1,3258.9,98,6,3259.0,53,2
11536,2025-12-30 13:02:27+05:30,3257.5,28,3251.17,1138061,113748.0,126188.0,3250.0,3265.1,3239.8,3251.5,44670675,3576.6,2926.4,4322.95,2866.6,3257.5,141,5,3257.4,19,2,3257.3,130,4,3257.2,21,1,3257.1,7,2,3258.5,503,5,3258.7,12,1,3258.8,28,1,3258.9,98,6,3259.0,53,2
11536,2025-12-30 13:02:27+05:30,3257.5,1,3251.17,1138139,113676.0,126260.0,3250.0,3265.1,3239.8,3251.5,44670675,3576.6,2926.4,4322.95,2866.6,3257.5,63,2,3257.4,19,2,3257.3,130,4,3257.2,21,1,3257.1,7,2,3258.5,505,6,3258.6,48,2,3258.7,57,2,3258.8,28,1,3258.9,60,5
11536,2025-12-30 13:02:27+05:30,3257.5,1,3251.17,1138139,113676.0,126260.0,3250.0,3265.1,3239.8,3251.5,44670675,3576.6,2926.4,4322.95,2866.6,3257.5,63,2,3257.4,19,2,3257.3,130,4,3257.2,21,1,3257.1,7,2,3258.5,505,6,3258.6,48,2,3258.7,57,2,3258.8,28,1,3258.9,60,5
11536,2025-12-30 13:02:28+05:30,3257.5,1,3251.17,1138139,113676.0,126260.0,3250.0,3265.1,3239.8,3251.5,44670675,3576.6,2926.4,4322.95,2866.6,3257.5,63,2,3257.4,19,2,3257.3,130,4,3257.2,21,1,3257.1,7,2,3258.5,505,6,3258.6,48,2,3258.7,57,2,3258.8,28,1,3258.9,60,5
11536,2025-12-30 13:02:28+05:30,3258.5,2,3251.17,1138145,112909.0,126002.0,3250.0,3265.1,3239.8,3251.5,44670675,3576.6,2926.4,4322.95,2866.6,3257.5,18,2,3257.4,19,2,3257.3,58,2,3257.2,20,1,3257.1,7,2,3258.5,542,8,3258.6,22,2,3258.7,45,1,3258.8,196,2,3258.9,100,7
11536,2025-12-30 13:02:28+05:30,3258.5,2,3251.17,1138145,112909.0,126002.0,3250.0,3265.1,3239.8,3251.5,44670675,3576.6,2926.4,4322.95,2866.6,3257.5,18,2,3257.4,19,2,3257.3,58,2,3257.2,20,1,3257.1,7,2,3258.5,542,8,3258.6,22,2,3258.7,45,1,3258.8,196,2,3258.9,100,7
11536,2025-12-30 13:02:29+05:30,3258.5,1,3251.17,1138149,113636.0,125694.0,3250.0,3265.1,3239.8,3251.5,44670675,3576.6,2926.4,4322.95,2866.6,3257.6,21,2,3257.5,68,4,3257.4,64,3,3257.3,56,2,3257.2,67,3,3258.5,501,7,3258.8,28,1,3258.9,57,5,3259.0,53,2,3259.1,168,3
11536,2025-12-30 13:02:29+05:30,3258.5,1,3251.17,1138149,113636.0,125694.0,3250.0,3265.1,3239.8,3251.5,44670675,3576.6,2926.4,4322.95,2866.6,3257.6,21,2,3257.5,68,4,3257.4,64,3,3257.3,56,2,3257.2,67,3,3258.5,501,7,3258.8,28,1,3258.9,57,5,3259.0,53,2,3259.1,168,3
11536,2025-12-30 13:02:30+05:30,3258.5,1,3251.17,1138149,113636.0,125694.0,3250.0,3265.1,3239.8,3251.5,44670675,3576.6,2926.4,4322.95,2866.6,3257.6,21,2,3257.5,68,4,3257.4,64,3,3257.3,56,2,3257.2,67,3,3258.5,501,7,3258.8,28,1,3258.9,57,5,3259.0,53,2,3259.1,168,3
11536,2025-12-30 13:02:30+05:30,3257.7,3,3251.17,1138174,113972.0,125632.0,3250.0,3265.1,3239.8,3251.5,44670675,3576.6,2926.4,4322.95,2866.6,3257.7,100,4,3257.6,53,2,3257.5,30,3,3257.4,40,3,3257.3,106,3,3258.5,478,6,3258.6,12,1,3258.9,57,5,3259.0,3,1,3259.1,6,2
11536,2025-12-30 13:02:30+05:30,3258.5,1,3251.17,1138174,113972.0,125632.0,3250.0,3265.1,3239.8,3251.5,44670675,3576.6,2926.4,4322.95,2866.6,3257.7,100,4,3257.6,53,2,3257.5,30,3,3257.4,40,3,3257.3,106,3,3258.5,478,6,3258.6,12,1,3258.9,57,5,3259.0,3,1,3259.1,6,2
11536,2025-12-30 13:02:31+05:30,3258.5,1,3251.17,1138174,113972.0,125632.0,3250.0,3265.1,3239.8,3251.5,44670675,3576.6,2926.4,4322.95,2866.6,3257.7,100,4,3257.6,53,2,3257.5,30,3,3257.4,40,3,3257.3,106,3,3258.5,478,6,3258.6,12,1,3258.9,57,5,3259.0,3,1,3259.1,6,2
11536,2025-12-30 13:02:31+05:30,3258.5,2,3251.17,1138179,113995.0,125654.0,3250.0,3265.1,3239.8,3251.5,44670675,3576.6,2926.4,4322.95,2866.6,3257.7,99,4,3257.6,53,2,3257.5,30,3,3257.4,28,2,3257.3,106,3,3258.5,484,6,3258.9,57,5,3259.0,3,1,3259.1,6,2,3259.2,71,4
11536,2025-12-30 13:02:31+05:30,3257.7,1,3251.17,1138179,113995.0,125654.0,3250.0,3265.1,3239.8,3251.5,44670675,3576.6,2926.4,4322.95,2866.6,3257.7,99,4,3257.6,53,2,3257.5,30,3,3257.4,28,2,3257.3,106,3,3258.5,484,6,3258.9,57,5,3259.0,3,1,3259.1,6,2,3259.2,71,4
11536,2025-12-30 13:02:32+05:30,3258.5,2,3251.17,1138187,113979.0,125694.0,3250.0,3265.1,3239.8,3251.5,44670675,3576.6,2926.4,4322.95,2866.6,3257.7,57,3,3257.6,53,2,3257.5,30,3,3257.4,44,2,3257.3,106,3,3258.5,481,6,3258.9,57,5,3259.0,3,1,3259.1,187,3,3259.2,68,4
11536,2025-12-30 13:02:32+05:30,3258.5,3,3251.17,1138187,113979.0,125694.0,3250.0,3265.1,3239.8,3251.5,44670675,3576.6,2926.4,4322.95,2866.6,3257.7,57,3,3257.6,53,2,3257.5,30,3,3257.4,44,2,3257.3,106,3,3258.5,481,6,3258.9,57,5,3259.0,3,1,3259.1,187,3,3259.2,68,4
11536,2025-12-30 13:02:33+05:30,3258.5,3,3251.17,1138187,113979.0,125694.0,3250.0,3265.1,3239.8,3251.5,44670675,3576.6,2926.4,4322.95,2866.6,3257.7,57,3,3257.6,53,2,3257.5,30,3,3257.4,44,2,3257.3,106,3,3258.5,481,6,3258.9,57,5,3259.0,3,1,3259.1,187,3,3259.2,68,4
11536,2025-12-30 13:02:33+05:30,3258.5,3,3251.17,1138190,113879.0,125805.0,3250.0,3265.1,3239.8,3251.5,44670675,3576.6,2926.4,4322.95,2866.6,3257.6,52,1,3257.5,17,1,3257.4,18,2,3257.3,96,2,3257.2,23,2,3258.5,516,8,3258.6,12,1,3258.7,44,1,3258.9,57,5,3259.0,3,1
11536,2025-12-30 13:02:33+05:30,3257.6,1,3251.17,1138190,113879.0,125805.0,3250.0,3265.1,3239.8,3251.5,44670675,3576.6,2926.4,4322.95,2866.6,3257.6,52,1,3257.5,17,1,3257.4,18,2,3257.3,96,2,3257.2,23,2,3258.5,516,8,3258.6,12,1,3258.7,44,1,3258.9,57,5,3259.0,3,1
11536,2025-12-30 13:02:34+05:30,3257.6,1,3251.17,1138190,113879.0,125805.0,3250.0,3265.1,3239.8,3251.5,44670675,3576.6,2926.4,4322.95,2866.6,3257.6,52,1,3257.5,17,1,3257.4,18,2,3257.3,96,2,3257.2,23,2,3258.5,516,8,3258.6,12,1,3258.7,44,1,3258.9,57,5,3259.0,3,1
11536,2025-12-30 13:02:34+05:30,3258.5,1,3251.17,1138199,113821.0,125823.0,3250.0,3265.1,3239.8,3251.5,44670675,3576.6,2926.4,4322.95,2866.6,3257.6,47,1,3257.5,17,1,3257.4,18,2,3257.3,96,2,3257.2,23,2,3258.5,523,9,3258.6,28,2,3258.7,62,2,3258.9,57,5,3259.0,28,2
11536,2025-12-30 13:02:34+05:30,3258.5,3,3251.17,1138199,113821.0,125823.0,3250.0,3265.1,3239.8,3251.5,44670675,3576.6,2926.4,4322.95,2866.6,3257.6,47,1,3257.5,17,1,3257.4,18,2,3257.3,96,2,3257.2,23,2,3258.5,523,9,3258.6,28,2,3258.7,62,2,3258.9,57,5,3259.0,28,2
11536,2025-12-30 13:02:35+05:30,3257.6,1,3251.17,1138204,113645.0,125836.0,3250.0,3265.1,3239.8,3251.5,44670675,3576.6,2926.4,4322.95,2866.6,3257.6,46,1,3257.5,17,1,3257.4,18,2,3257.3,96,2,3257.2,23,2,3258.5,482,8,3258.6,55,2,3258.7,62,2,3258.9,57,5,3259.0,28,2
11536,2025-12-30 13:02:35+05:30,3257.6,1,3251.17,1138204,113645.0,125836.0,3250.0,3265.1,3239.8,3251.5,44670675,3576.6,2926.4,4322.95,2866.6,3257.6,46,1,3257.5,17,1,3257.4,18,2,3257.3,96,2,3257.2,23,2,3258.5,482,8,3258.6,55,2,3258.7,62,2,3258.9,57,5,3259.0,28,2
11536,2025-12-30 13:02:36+05:30,3257.6,1,3251.17,1138204,113645.0,125836.0,3250.0,3265.1,3239.8,3251.5,44729825,3576.6,2926.4,4322.95,2866.6,3257.6,46,1,3257.5,17,1,3257.4,18,2,3257.3,96,2,3257.2,23,2,3258.5,482,8,3258.6,55,2,3258.7,62,2,3258.9,57,5,3259.0,28,2
11536,2025-12-30 13:02:36+05:30,3257.6,1,3251.17,1138205,113819.0,125838.0,3250.0,3265.1,3239.8,3251.5,44729825,3576.6,2926.4,4322.95,2866.6,3257.6,45,1,3257.5,17,1,3257.4,18,2,3257.3,96,2,3257.2,23,2,3258.5,481,7,3258.6,55,2,3258.7,62,2,3258.9,57,5,3259.0,31,3
11536,2025-12-30 13:02:36+05:30,3257.6,8,3251.17,1138205,113819.0,125838.0,3250.0,3265.1,3239.8,3251.5,44729825,3576.6,2926.4,4322.95,2866.6,3257.6,45,1,3257.5,17,1,3257.4,18,2,3257.3,96,2,3257.2,23,2,3258.5,481,7,3258.6,55,2,3258.7,62,2,3258.9,57,5,3259.0,31,3
11536,2025-12-30 13:02:37+05:30,3257.5,1,3251.17,1138283,113294.0,126181.0,3250.0,3265.1,3239.8,3251.5,44729825,3576.6,2926.4,4322.95,2866.6,3257.5,16,1,3257.4,18,2,3257.3,46,1,3257.1,7,2,3257.0,155,5,3258.5,533,9,3258.6,28,2,3258.7,62,2,3258.8,24,2,3258.9,101,6
11536,2025-12-30 13:02:37+05:30,3257.5,1,3251.17,1138283,113294.0,126181.0,3250.0,3265.1,3239.8,3251.5,44729825,3576.6,2926.4,4322.95,2866.6,3257.5,16,1,3257.4,18,2,3257.3,46,1,3257.1,7,2,3257.0,155,5,3258.5,533,9,3258.6,28,2,3258.7,62,2,3258.8,24,2,3258.9,101,6
11536,2025-12-30 13:02:38+05:30,3257.5,1,3251.17,1138283,113294.0,126181.0,3250.0,3265.1,3239.8,3251.5,44729825,3576.6,2926.4,4322.95,2866.6,3257.5,16,1,3257.4,18,2,3257.3,46,1,3257.1,7,2,3257.0,155,5,3258.5,533,9,3258.6,28,2,3258.7,62,2,3258.8,24,2,3258.9,101,6
11536,2025-12-30 13:02:38+05:30,3257.5,1,3251.17,1138285,113263.0,126346.0,3250.0,3265.1,3239.8,3251.5,44729825,3576.6,2926.4,4322.95,2866.6,3257.5,15,2,3257.4,18,2,3257.3,46,1,3257.1,7,2,3257.0,155,5,3258.5,532,8,3258.6,72,3,3258.7,18,1,3258.8,34,3,3258.9,101,6
11536,2025-12-30 13:02:38+05:30,3257.5,1,3251.17,1138285,113263.0,126346.0,3250.0,3265.1,3239.8,3251.5,44729825,3576.6,2926.4,4322.95,2866.6,3257.5,15,2,3257.4,18,2,3257.3,46,1,3257.1,7,2,3257.0,155,5,3258.5,532,8,3258.6,72,3,3258.7,18,1,3258.8,34,3,3258.9,101,6
11536,2025-12-30 13:02:39+05:30,3257.5,2,3251.17,1138287,113060.0,126472.0,3250.0,3265.1,3239.8,3251.5,44729825,3576.6,2926.4,4322.95,2866.6,3257.5,17,3,3257.4,18,2,3257.3,46,1,3257.1,7,2,3257.0,155,5,3258.5,533,9,3258.6,72,3,3258.7,18,1,3258.8,34,3,3258.9,101,6
11536,2025-12-30 13:02:39+05:30,3257.5,2,3251.17,1138287,113060.0,126472.0,3250.0,3265.1,3239.8,3251.5,44729825,3576.6,2926.4,4322.95,2866.6,3257.5,17,3,3257.4,18,2,3257.3,46,1,3257.1,7,2,3257.0,155,5,3258.5,533,9,3258.6,72,3,3258.7,18,1,3258.8,34,3,3258.9,101,6
11536,2025-12-30 13:02:40+05:30,3257.5,12,3251.17,1138299,113050.0,126471.0,3250.0,3265.1,3239.8,3251.5,44729825,3576.6,2926.4,4322.95,2866.6,3257.5,5,2,3257.4,18,2,3257.3,46,1,3257.1,7,2,3257.0,155,5,3258.5,576,10,3258.6,28,2,3258.7,18,1,3258.8,34,3,3258.9,101,6
11536,2025-12-30 13:02:40+05:30,3257.5,12,3251.17,1138299,113050.0,126471.0,3250.0,3265.1,3239.8,3251.5,44729825,3576.6,2926.4,4322.95,2866.6,3257.5,5,2,3257.4,18,2,3257.3,46,1,3257.1,7,2,3257.0,155,5,3258.5,576,10,3258.6,28,2,3258.7,18,1,3258.8,34,3,3258.9,101,6
11536,2025-12-30 13:02:41+05:30,3257.5,2,3251.17,1138302,113143.0,126658.0,3250.0,3265.1,3239.8,3251.5,44729825,3576.6,2926.4,4322.95,2866.6,3257.5,3,2,3257.4,18,2,3257.3,46,1,3257.1,7,2,3257.0,155,5,3258.5,577,11,3258.6,28,2,3258.7,21,2,3258.8,34,3,3258.9,128,7
11536,2025-12-30 13:02:41+05:30,3257.4,6,3251.17,1138302,113143.0,126658.0,3250.0,3265.1,3239.8,3251.5,44729825,3576.6,2926.4,4322.95,2866.6,3257.5,3,2,3257.4,18,2,3257.3,46,1,3257.1,7,2,3257.0,155,5,3258.5,577,11,3258.6,28,2,3258.7,21,2,3258.8,34,3,3258.9,128,7
11536,2025-12-30 13:02:42+05:30,3257.4,1,3251.17,1138318,112800.0,126535.0,3250.0,3265.1,3239.8,3251.5,44729825,3576.6,2926.4,4322.95,2866.6,3257.4,30,3,3257.3,46,1,3257.1,2,1,3257.0,155,5,3256.9,95,2,3258.4,133,7,3258.5,476,7,3258.6,20,2,3258.7,21,2,3258.8,53,4
11536,2025-12-30 13:02:42+05:30,3257.4,1,3251.17,1138318,112800.0,126535.0,3250.0,3265.1,3239.8,3251.5,44729825,3576.6,2926.4,4322.95,2866.6,3257.4,30,3,3257.3,46,1,3257.1,2,1,3257.0,155,5,3256.9,95,2,3258.4,133,7,3258.5,476,7,3258.6,20,2,3258.7,21,2,3258.8,53,4
11536,2025-12-30 13:02:43+05:30,3258.4,15,3251.17,1138335,113154.0,125445.0,3250.0,3265.1,3239.8,3251.5,44729825,3576.6,2926.4,4322.95,2866.6,3257.4,38,4,3257.3,107,3,3257.2,37,1,3257.1,12,2,3257.0,247,6,3258.4,30,3,3258.5,461,5,3258.6,18,1,3258.7,58,3,3258.8,51,3
11536,2025-12-30 13:02:43+05:30,3257.9,10,3251.17,1138335,113154.0,125445.0,3250.0,3265.1,3239.8,3251.5,44729825,3576.6,2926.4,4322.95,2866.6,3257.4,38,4,3257.3,107,3,3257.2,37,1,3257.1,12,2,3257.0,247,6,3258.4,30,3,3258.5,461,5,3258.6,18,1,3258.7,58,3,3258.8,51,3
11536,2025-12-30 13:02:44+05:30,3258.5,6,3251.17,1138585,116035.0,121406.0,3250.0,3265.1,3239.8,3251.5,44729825,3576.6,2926.4,4322.95,2866.6,3257.7,11,1,3257.6,105,4,3257.5,68,3,3257.4,62,5,3257.3,119,3,3258.5,304,4,3258.7,20,1,3258.8,16,1,3258.9,20,1,3259.0,47,3
11536,2025-12-30 13:02:44+05:30,3258.5,83,3251.17,1138585,116035.0,121406.0,3250.0,3265.1,3239.8,3251.5,44729825,3576.6,2926.4,4322.95,2866.6,3257.7,11,1,3257.6,105,4,3257.5,68,3,3257.4,62,5,3257.3,119,3,3258.5,304,4,3258.7,20,1,3258.8,16,1,3258.9,20,1,3259.0,47,3
11536,2025-12-30 13:02:45+05:30,3258.5,4,3251.17,1139390,118209.0,120495.0,3250.0,3265.1,3239.8,3251.5,44729825,3576.6,2926.4,4322.95,2866.6,3258.3,103,3,3258.2,48,3,3258.1,42,2,3257.9,262,3,3257.8,209,4,3259.0,28,2,3259.5,50,1,3259.7,45,2,3259.8,719,3,3259.9,162,5
11536,2025-12-30 13:02:45+05:30,3259.0,42,3251.17,1139390,118209.0,120495.0,3250.0,3265.1,3239.8,3251.5,44729825,3576.6,2926.4,4322.95,2866.6,3258.3,103,3,3258.2,48,3,3258.1,42,2,3257.9,262,3,3257.8,209,4,3259.0,28,2,3259.5,50,1,3259.7,45,2,3259.8,719,3,3259.9,162,5
11536,2025-12-30 13:02:46+05:30,3259.5,1,3251.18,1139552,117458.0,119253.0,3250.0,3265.1,3239.8,3251.5,44729825,3576.6,2926.4,4322.95,2866.6,3258.5,12,1,3258.4,65,3,3258.3,250,5,3258.2,124,2,3258.1,232,6,3259.5,43,4,3259.6,37,1,3259.7,15,1,3259.8,722,4,3259.9,130,4
11536,2025-12-30 13:02:46+05:30,3258.5,11,3251.18,1139552,117458.0,119253.0,3250.0,3265.1,3239.8,3251.5,44729825,3576.6,2926.4,4322.95,2866.6,3258.5,12,1,3258.4,65,3,3258.3,250,5,3258.2,124,2,3258.1,232,6,3259.5,43,4,3259.6,37,1,3259.7,15,1,3259.8,722,4,3259.9,130,4
11536,2025-12-30 13:02:47+05:30,3258.5,1,3251.18,1139683,117418.0,120961.0,3250.0,3265.1,3239.8,3251.5,44729825,3576.6,2926.4,4322.95,2866.6,3258.5,102,5,3258.4,83,4,3258.3,119,5,3258.2,124,2,3258.1,232,6,3259.5,7,4,3259.8,710,3,3259.9,86,3,3260.0,8,2,3260.1,54,3
11536,2025-12-30 13:02:47+05:30,3258.5,1,3251.18,1139683,117418.0,120961.0,3250.0,3265.1,3239.8,3251.5,44729825,3576.6,2926.4,4322.95,2866.6,3258.5,102,5,3258.4,83,4,3258.3,119,5,3258.2,124,2,3258.1,232,6,3259.5,7,4,3259.8,710,3,3259.9,86,3,3260.0,8,2,3260.1,54,3
11536,2025-12-30 13:02:48+05:30,3259.5,1,3251.18,1139687,117446.0,120018.0,3250.0,3265.1,3239.8,3251.5,44729825,3576.6,2926.4,4322.95,2866.6,3258.7,94,5,3258.6,12,2,3258.5,13,2,3258.4,59,3,3258.3,111,5,3259.5,7,4,3259.7,14,1,3259.8,696,2,3259.9,86,3,3260.0,8,2
11536,2025-12-30 13:02:48+05:30,3259.5,1,3251.18,1139687,117446.0,120018.0,3250.0,3265.1,3239.8,3251.5,44729825,3576.6,2926.4,4322.95,2866.6,3258.7,94,5,3258.6,12,2,3258.5,13,2,3258.4,59,3,3258.3,111,5,3259.5,7,4,3259.7,14,1,3259.8,696,2,3259.9,86,3,3260.0,8,2
11536,2025-12-30 13:02:49+05:30,3258.7,1,3251.18,1139703,117456.0,120321.0,3250.0,3265.1,3239.8,3251.5,44729825,3576.6,2926.4,4322.95,2866.6,3258.7,85,3,3258.6,2,1,3258.5,13,2,3258.4,59,3,3258.3,111,5,3259.5,18,4,3259.7,151,1,3259.8,731,4,3259.9,86,3,3260.0,17,3
11536,2025-12-30 13:02:49+05:30,3258.7,20,3251.18,1139703,117456.0,120321.0,3250.0,3265.1,3239.8,3251.5,44729825,3576.6,2926.4,4322.95,2866.6,3258.7,85,3,3258.6,2,1,3258.5,13,2,3258.4,59,3,3258.3,111,5,3259.5,18,4,3259.7,151,1,3259.8,731,4,3259.9,86,3,3260.0,17,3
11536,2025-12-30 13:02:50+05:30,3258.7,21,3251.18,1139744,117336.0,120199.0,3250.0,3265.1,3239.8,3251.5,44729825,3576.6,2926.4,4322.95,2866.6,3258.7,23,1,3258.6,2,1,3258.5,13,2,3258.4,96,4,3258.3,111,5,3259.5,17,4,3259.7,151,1,3259.8,768,5,3259.9,129,4,3260.0,17,3
11536,2025-12-30 13:02:50+05:30,3258.7,21,3251.18,1139744,117336.0,120199.0,3250.0,3265.1,3239.8,3251.5,44729825,3576.6,2926.4,4322.95,2866.6,3258.7,23,1,3258.6,2,1,3258.5,13,2,3258.4,96,4,3258.3,111,5,3259.5,17,4,3259.7,151,1,3259.8,768,5,3259.9,129,4,3260.0,17,3
11536,2025-12-30 13:02:51+05:30,3259.5,2,3251.18,1139747,117455.0,120596.0,3250.0,3265.1,3239.8,3251.5,44729825,3576.6,2926.4,4322.95,2866.6,3258.6,14,2,3258.5,50,3,3258.4,109,4,3258.3,101,4,3258.2,38,2,3259.5,15,4,3259.7,151,1,3259.8,731,4,3259.9,85,2,3260.0,34,3
11536,2025-12-30 13:02:51+05:30,3259.5,1,3251.18,1139747,117455.0,120596.0,3250.0,3265.1,3239.8,3251.5,44729825,3576.6,2926.4,4322.95,2866.6,3258.6,14,2,3258.5,50,3,3258.4,109,4,3258.3,101,4,3258.2,38,2,3259.5,15,4,3259.7,151,1,3259.8,731,4,3259.9,85,2,3260.0,34,3
11536,2025-12-30 13:02:52+05:30,3259.5,1,3251.18,1139753,117558.0,120119.0,3250.0,3265.1,3239.8,3251.5,44729825,3576.6,2926.4,4322.95,2866.6,3258.7,102,5,3258.6,66,3,3258.5,22,2,3258.4,66,3,3258.3,104,5,3259.5,2,2,3259.8,696,2,3259.9,108,4,3260.0,8,2,3260.1,3,1
11536,2025-12-30 13:02:52+05:30,3259.5,1,3251.18,1139753,117558.0,120119.0,3250.0,3265.1,3239.8,3251.5,44729825,3576.6,2926.4,4322.95,2866.6,3258.7,102,5,3258.6,66,3,3258.5,22,2,3258.4,66,3,3258.3,104,5,3259.5,2,2,3259.8,696,2,3259.9,108,4,3260.0,8,2,3260.1,3,1
11536,2025-12-30 13:02:53+05:30,3258.6,1,3251.18,1139756,117737.0,120998.0,3250.0,3265.1,3239.8,3251.5,44729825,3576.6,2926.4,4322.95,2866.6,3258.6,65,3,3258.5,69,4,3258.4,99,3,3258.3,104,5,3258.2,241,4,3259.5,3,3,3259.8,759,4,3259.9,108,4,3260.0,8,2,3260.1,81,4
11536,2025-12-30 13:02:53+05:30,3258.6,1,3251.18,1139756,117737.0,120998.0,3250.0,3265.1,3239.8,3251.5,44729825,3576.6,2926.4,4322.95,2866.6,3258.6,65,3,3258.5,69,4,3258.4,99,3,3258.3,104,5,3258.2,241,4,3259.5,3,3,3259.8,759,4,3259.9,108,4,3260.0,8,2,3260.1,81,4
11536,2025-12-30 13:02:54+05:30,3258.6,1,3251.18,1139757,117738.0,121009.0,3250.0,3265.1,3239.8,3251.5,44729825,3576.6,2926.4,4322.95,2866.6,3258.6,66,3,3258.5,69,4,3258.4,99,3,3258.3,104,5,3258.2,241,4,3259.5,15,3,3259.8,759,4,3259.9,108,4,3260.0,8,2,3260.1,81,4
11536,2025-12-30 13:02:55+05:30,3258.6,1,3251.18,1139759,117745.0,121031.0,3250.0,3265.1,3239.8,3251.5,44729825,3576.6,2926.4,4322.95,2866.6,3258.6,65,3,3258.5,69,4,3258.4,99,3,3258.3,104,5,3258.2,241,4,3259.5,14,2,3259.7,180,1,3259.8,759,4,3259.9,108,4,3260.0,8,2
11536,2025-12-30 13:02:55+05:30,3258.6,6,3251.18,1139759,117745.0,121031.0,3250.0,3265.1,3239.8,3251.5,44729825,3576.6,2926.4,4322.95,2866.6,3258.6,65,3,3258.5,69,4,3258.4,99,3,3258.3,104,5,3258.2,241,4,3259.5,14,2,3259.7,180,1,3259.8,759,4,3259.9,108,4,3260.0,8,2
11536,2025-12-30 13:02:56+05:30,3258.6,3,3251.18,1139768,117570.0,120991.0,3250.0,3265.1,3239.8,3251.5,44729825,3576.6,2926.4,4322.95,2866.6,3258.6,66,5,3258.5,22,2,3258.4,56,2,3258.3,104,5,3258.2,60,3,3259.7,137,7,3259.8,696,2,3259.9,117,5,3260.0,48,4,3260.1,70,4
11536,2025-12-30 13:02:56+05:30,3258.6,3,3251.18,1139768,117570.0,120991.0,3250.0,3265.1,3239.8,3251.5,44729825,3576.6,2926.4,4322.95,2866.6,3258.6,66,5,3258.5,22,2,3258.4,56,2,3258.3,104,5,3258.2,60,3,3259.7,137,7,3259.8,696,2,3259.9,117,5,3260.0,48,4,3260.1,70,4
11536,2025-12-30 13:02:57+05:30,3259.6,1,3251.18,1139847,118832.0,120037.0,3250.0,3265.1,3239.8,3251.5,44729825,3576.6,2926.4,4322.95,2866.6,3258.6,60,2,3258.5,34,3,3258.4,6,1,3258.3,110,3,3258.2,16,1,3259.6,51,3,3259.7,232,5,3259.8,696,2,3259.9,115,5,3260.0,48,4
11536,2025-12-30 13:02:57+05:30,3258.6,2,3251.18,1139847,118832.0,120037.0,3250.0,3265.1,3239.8,3251.5,44729825,3576.6,2926.4,4322.95,2866.6,3258.6,60,2,3258.5,34,3,3258.4,6,1,3258.3,110,3,3258.2,16,1,3259.6,51,3,3259.7,232,5,3259.8,696,2,3259.9,115,5,3260.0,48,4
11536,2025-12-30 13:02:58+05:30,3259.6,1,3251.18,1139878,117075.0,121427.0,3250.0,3265.1,3239.8,3251.5,44729825,3576.6,2926.4,4322.95,2866.6,3258.6,47,2,3258.5,22,2,3258.4,6,1,3258.3,60,2,3258.2,16,1,3259.6,130,7,3259.7,170,4,3259.8,696,2,3259.9,115,5,3260.0,94,5
11536,2025-12-30 13:02:58+05:30,3258.6,1,3251.18,1139878,117075.0,121427.0,3250.0,3265.1,3239.8,3251.5,44729825,3576.6,2926.4,4322.95,2866.6,3258.6,47,2,3258.5,22,2,3258.4,6,1,3258.3,60,2,3258.2,16,1,3259.6,130,7,3259.7,170,4,3259.8,696,2,3259.9,115,5,3260.0,94,5
11536,2025-12-30 13:02:59+05:30,3258.6,1,3251.18,1139889,117198.0,121457.0,3250.0,3265.1,3239.8,3251.5,44729825,3576.6,2926.4,4322.95,2866.6,3258.6,46,2,3258.5,22,2,3258.4,6,1,3258.3,60,2,3258.2,19,2,3259.6,83,7,3259.7,115,4,3259.8,734,4,3259.9,108,4,3260.0,94,5
11536,2025-12-30 13:02:59+05:30,3258.6,1,3251.18,1139889,117198.0,121457.0,3250.0,3265.1,3239.8,3251.5,44729825,3576.6,2926.4,4322.95,2866.6,3258.6,46,2,3258.5,22,2,3258.4,6,1,3258.3,60,2,3258.2,19,2,3259.6,83,7,3259.7,115,4,3259.8,734,4,3259.9,108,4,3260.0,94,5
11536,2025-12-30 13:03:00+05:30,3258.6,1,3251.18,1139890,116739.0,122272.0,3250.0,3265.1,3239.8,3251.5,44729825,3576.6,2926.4,4322.95,2866.6,3258.6,45,2,3258.5,22,2,3258.4,6,1,3258.3,60,2,3258.2,16,1,3259.0,192,1,3259.4,51,2,3259.5,13,1,3259.6,131,6,3259.7,71,2
11536,2025-12-30 13:03:00+05:30,3259.0,1,3251.18,1139890,116739.0,122272.0,3250.0,3265.1,3239.8,3251.5,44729825,3576.6,2926.4,4322.95,2866.6,3258.6,45,2,3258.5,22,2,3258.4,6,1,3258.3,60,2,3258.2,16,1,3259.0,192,1,3259.4,51,2,3259.5,13,1,3259.6,131,6,3259.7,71,2
11536,2025-12-30 13:03:01+05:30,3258.6,1,3251.18,1139906,117086.0,122068.0,3250.0,3265.1,3239.8,3251.5,44729825,3576.6,2926.4,4322.95,2866.6,3258.6,31,2,3258.5,22,2,3258.4,6,1,3258.3,60,2,3258.2,16,1,3259.0,191,2,3259.3,14,1,3259.4,37,1,3259.5,13,1,3259.6,67,3
11536,2025-12-30 13:03:01+05:30,3259.0,1,3251.18,1139906,117086.0,122068.0,3250.0,3265.1,3239.8,3251.5,44729825,3576.6,2926.4,4322.95,2866.6,3258.6,31,2,3258.5,22,2,3258.4,6,1,3258.3,60,2,3258.2,16,1,3259.0,191,2,3259.3,14,1,3259.4,37,1,3259.5,13,1,3259.6,67,3
11536,2025-12-30 13:03:02+05:30,3258.7,2,3251.18,1140101,117577.0,120283.0,3250.0,3265.1,3239.8,3251.5,44729825,3576.6,2926.4,4322.95,2866.6,3258.7,101,4,3258.6,43,3,3258.5,22,2,3258.4,62,3,3258.3,105,5,3259.6,3,1,3259.8,696,2,3259.9,88,3,3260.0,18,3,3260.1,25,2
11536,2025-12-30 13:03:02+05:30,3259.6,3,3251.18,1140101,117577.0,120283.0,3250.0,3265.1,3239.8,3251.5,44729825,3576.6,2926.4,4322.95,2866.6,3258.7,101,4,3258.6,43,3,3258.5,22,2,3258.4,62,3,3258.3,105,5,3259.6,3,1,3259.8,696,2,3259.9,88,3,3260.0,18,3,3260.1,25,2
11536,2025-12-30 13:03:03+05:30,3258.7,1,3251.18,1140105,117644.0,120280.0,3250.0,3265.1,3239.8,3251.5,44729825,3576.6,2926.4,4322.95,2866.6,3258.7,100,4,3258.6,149,4,3258.5,22,2,3258.4,62,3,3258.3,105,5,3259.6,4,2,3259.8,696,2,3259.9,88,3,3260.0,18,3,3260.1,25,2
11536,2025-12-30 13:03:03+05:30,3258.7,1,3251.18,1140105,117644.0,120280.0,3250.0,3265.1,3239.8,3251.5,44729825,3576.6,2926.4,4322.95,2866.6,3258.7,100,4,3258.6,149,4,3258.5,22,2,3258.4,62,3,3258.3,105,5,3259.6,4,2,3259.8,696,2,3259.9,88,3,3260.0,18,3,3260.1,25,2
11536,2025-12-30 13:03:04+05:30,3259.6,1,3251.18,1140106,117628.0,120280.0,3250.0,3265.1,3239.8,3251.5,44729825,3576.6,2926.4,4322.95,2866.6,3258.7,103,5,3258.6,149,4,3258.5,22,2,3258.4,62,3,3258.3,105,5,3259.6,4,2,3259.8,696,2,3259.9,88,3,3260.0,18,3,3260.1,25,2
11536,2025-12-30 13:03:04+05:30,3259.6,1,3251.18,1140106,117628.0,120280.0,3250.0,3265.1,3239.8,3251.5,44729825,3576.6,2926.4,4322.95,2866.6,3258.7,103,5,3258.6,149,4,3258.5,22,2,3258.4,62,3,3258.3,105,5,3259.6,4,2,3259.8,696,2,3259.9,88,3,3260.0,18,3,3260.1,25,2
11536,2025-12-30 13:03:05+05:30,3258.7,5,3251.18,1140131,117913.0,120306.0,3250.0,3265.1,3239.8,3251.5,44729825,3576.6,2926.4,4322.95,2866.6,3258.8,93,3,3258.7,55,2,3258.6,101,3,3258.5,22,2,3258.4,62,3,3259.6,1,1,3259.8,696,2,3259.9,88,3,3260.0,18,3,3260.1,25,2
11536,2025-12-30 13:03:05+05:30,3259.0,1,3251.18,1140131,117913.0,120306.0,3250.0,3265.1,3239.8,3251.5,44729825,3576.6,2926.4,4322.95,2866.6,3258.8,93,3,3258.7,55,2,3258.6,101,3,3258.5,22,2,3258.4,62,3,3259.6,1,1,3259.8,696,2,3259.9,88,3,3260.0,18,3,3260.1,25,2
11536,2025-12-30 13:03:06+05:30,3259.0,1,3251.18,1140136,119088.0,119668.0,3250.0,3265.1,3239.8,3251.5,44729825,3576.6,2926.4,4322.95,2866.6,3259.0,93,4,3258.8,17,2,3258.7,62,2,3258.6,48,4,3258.5,33,2,3259.8,697,3,3259.9,85,2,3260.0,15,2,3260.1,25,2,3260.2,27,2
11536,2025-12-30 13:03:06+05:30,3259.0,26,3251.18,1140136,119088.0,119668.0,3250.0,3265.1,3239.8,3251.5,44729825,3576.6,2926.4,4322.95,2866.6,3259.0,93,4,3258.8,17,2,3258.7,62,2,3258.6,48,4,3258.5,33,2,3259.8,697,3,3259.9,85,2,3260.0,15,2,3260.1,25,2,3260.2,27,2
11536,2025-12-30 13:03:07+05:30,3259.0,26,3251.18,1140217,118085.0,120779.0,3250.0,3265.1,3239.8,3251.5,44729825,3576.6,2926.4,4322.95,2866.6,3259.0,49,1,3258.8,12,1,3258.7,62,2,3258.6,32,2,3258.5,12,1,3259.8,713,5,3259.9,140,4,3260.0,99,5,3260.1,44,3,3260.2,46,3
11536,2025-12-30 13:03:08+05:30,3259.8,1,3251.18,1140219,119329.0,120064.0,3250.0,3265.1,3239.8,3251.5,44729825,3576.6,2926.4,4322.95,2866.6,3259.5,2,1,3259.0,50,2,3258.7,66,3,3258.6,53,3,3258.5,12,1,3259.8,712,6,3259.9,99,3,3260.0,59,3,3260.1,46,2,3260.2,4,1
11536,2025-12-30 13:03:08+05:30,3260.6,1,3251.18,1140219,119329.0,120064.0,3250.0,3265.1,3239.8,3251.5,44729825,3576.6,2926.4,4322.95,2866.6,3259.5,2,1,3259.0,50,2,3258.7,66,3,3258.6,53,3,3258.5,12,1,3259.8,712,6,3259.9,99,3,3260.0,59,3,3260.1,46,2,3260.2,4,1
11536,2025-12-30 13:03:09+05:30,3260.9,2,3251.19,1141046,120734.0,117007.0,3250.0,3265.1,3239.8,3251.5,44729825,3576.6,2926.4,4322.95,2866.6,3259.9,10,2,3259.8,81,2,3259.7,19,1,3259.5,71,6,3259.4,133,3,3260.9,25,2,3261.0,130,3,3261.1,16,3,3261.2,33,3,3261.3,10,1
11536,2025-12-30 13:03:09+05:30,3260.9,2,3251.19,1141046,120734.0,117007.0,3250.0,3265.1,3239.8,3251.5,44729825,3576.6,2926.4,4322.95,2866.6,3259.9,10,2,3259.8,81,2,3259.7,19,1,3259.5,71,6,3259.4,133,3,3260.9,25,2,3261.0,130,3,3261.1,16,3,3261.2,33,3,3261.3,10,1
11536,2025-12-30 13:03:10+05:30,3260.9,2,3251.19,1141046,119489.0,117003.0,3250.0,3265.1,3239.8,3251.5,44729825,3576.6,2926.4,4322.95,2866.6,3260.2,93,1,3259.9,1,1,3259.8,44,1,3259.7,19,1,3259.5,156,8,3260.9,45,4,3261.0,87,1,3261.1,52,4,3261.2,23,2,3261.3,32,3
11536,2025-12-30 13:03:10+05:30,3260.2,100,3251.19,1141046,119489.0,117003.0,3250.0,3265.1,3239.8,3251.5,44729825,3576.6,2926.4,4322.95,2866.6,3260.2,93,1,3259.9,1,1,3259.8,44,1,3259.7,19,1,3259.5,156,8,3260.9,45,4,3261.0,87,1,3261.1,52,4,3261.2,23,2,3261.3,32,3
11536,2025-12-30 13:03:11+05:30,3260.9,2,3251.19,1141151,119638.0,116917.0,3250.0,3265.1,3239.8,3251.5,44729825,3576.6,2926.4,4322.95,2866.6,3260.2,82,1,3259.9,1,1,3259.7,19,1,3259.5,101,6,3259.4,113,2,3260.9,45,5,3261.0,124,2,3261.1,80,5,3261.2,44,3,3261.3,32,3
11536,2025-12-30 13:03:11+05:30,3260.9,2,3251.19,1141151,119638.0,116917.0,3250.0,3265.1,3239.8,3251.5,44729825,3576.6,2926.4,4322.95,2866.6,3260.2,82,1,3259.9,1,1,3259.7,19,1,3259.5,101,6,3259.4,113,2,3260.9,45,5,3261.0,124,2,3261.1,80,5,3261.2,44,3,3261.3,32,3
11536,2025-12-30 13:03:12+05:30,3260.8,4,3251.19,1141292,117968.0,117182.0,3250.0,3265.1,3239.8,3251.5,44729825,3576.6,2926.4,4322.95,2866.6,3259.9,1,1,3259.7,19,1,3259.5,45,3,3259.3,150,3,3259.2,197,3,3260.8,71,4,3260.9,63,5,3261.0,97,2,3261.1,16,4,3261.2,31,3
11536,2025-12-30 13:03:12+05:30,3260.8,4,3251.19,1141292,117968.0,117182.0,3250.0,3265.1,3239.8,3251.5,44729825,3576.6,2926.4,4322.95,2866.6,3259.9,1,1,3259.7,19,1,3259.5,45,3,3259.3,150,3,3259.2,197,3,3260.8,71,4,3260.9,63,5,3261.0,97,2,3261.1,16,4,3261.2,31,3
11536,2025-12-30 13:03:13+05:30,3259.9,1,3251.19,1141293,118494.0,118475.0,3250.0,3265.1,3239.8,3251.5,44729825,3576.6,2926.4,4322.95,2866.6,3259.9,1,1,3259.5,12,2,3259.1,266,3,3259.0,295,6,3258.9,47,2,3260.6,75,4,3260.7,45,1,3260.8,37,4,3260.9,31,5,3261.0,176,5
11536,2025-12-30 13:03:13+05:30,3259.9,1,3251.19,1141293,118494.0,118475.0,3250.0,3265.1,3239.8,3251.5,44729825,3576.6,2926.4,4322.95,2866.6,3259.9,1,1,3259.5,12,2,3259.1,266,3,3259.0,295,6,3258.9,47,2,3260.6,75,4,3260.7,45,1,3260.8,37,4,3260.9,31,5,3261.0,176,5
11536,2025-12-30 13:03:14+05:30,3259.8,7,3251.19,1141308,120117.0,118424.0,3250.0,3265.1,3239.8,3251.5,44729825,3576.6,2926.4,4322.95,2866.6,3259.5,15,2,3259.4,24,1,3259.3,112,3,3259.2,92,1,3259.1,195,3,3260.8,126,6,3260.9,12,3,3261.0,111,3,3261.1,16,4,3261.2,45,3
11536,2025-12-30 13:03:14+05:30,3259.9,1,3251.19,1141308,120117.0,118424.0,3250.0,3265.1,3239.8,3251.5,44729825,3576.6,2926.4,4322.95,2866.6,3259.5,15,2,3259.4,24,1,3259.3,112,3,3259.2,92,1,3259.1,195,3,3260.8,126,6,3260.9,12,3,3261.0,111,3,3261.1,16,4,3261.2,45,3
11536,2025-12-30 13:03:15+05:30,3260.8,1,3251.19,1141311,120207.0,118568.0,3250.0,3265.1,3239.8,3251.5,44729825,3576.6,2926.4,4322.95,2866.6,3259.5,28,4,3259.4,24,1,3259.3,112,3,3259.2,92,1,3259.1,198,4,3260.8,126,7,3260.9,10,1,3261.0,112,3,3261.1,16,4,3261.2,45,3
11536,2025-12-30 13:03:15+05:30,3259.5,4,3251.19,1141311,120207.0,118568.0,3250.0,3265.1,3239.8,3251.5,44729825,3576.6,2926.4,4322.95,2866.6,3259.5,28,4,3259.4,24,1,3259.3,112,3,3259.2,92,1,3259.1,198,4,3260.8,126,7,3260.9,10,1,3261.0,112,3,3261.1,16,4,3261.2,45,3
11536,2025-12-30 13:03:16+05:30,3259.9,1,3251.19,1141332,119966.0,119304.0,3250.0,3265.1,3239.8,3251.5,44729825,3576.6,2926.4,4322.95,2866.6,3259.5,98,4,3259.4,41,2,3259.3,68,2,3259.1,116,3,3259.0,75,3,3259.9,1,1,3260.8,94,5,3261.0,132,4,3261.1,81,7,3261.2,45,3
11536,2025-12-30 13:03:16+05:30,3259.6,8,3251.19,1141332,119966.0,119304.0,3250.0,3265.1,3239.8,3251.5,44729825,3576.6,2926.4,4322.95,2866.6,3259.5,98,4,3259.4,41,2,3259.3,68,2,3259.1,116,3,3259.0,75,3,3259.9,1,1,3260.8,94,5,3261.0,132,4,3261.1,81,7,3261.2,45,3
11536,2025-12-30 13:03:17+05:30,3259.6,8,3251.19,1141413,118998.0,118985.0,3250.0,3265.1,3239.8,3251.5,44729825,3576.6,2926.4,4322.95,2866.6,3259.5,60,2,3259.4,24,1,3259.3,48,1,3259.2,57,3,3259.1,116,3,3260.8,159,9,3260.9,133,2,3261.0,90,2,3261.1,44,6,3261.2,45,3
11536,2025-12-30 13:03:17+05:30,3260.8,20,3251.19,1141413,118998.0,118985.0,3250.0,3265.1,3239.8,3251.5,44729825,3576.6,2926.4,4322.95,2866.6,3259.5,60,2,3259.4,24,1,3259.3,48,1,3259.2,57,3,3259.1,116,3,3260.8,159,9,3260.9,133,2,3261.0,90,2,3261.1,44,6,3261.2,45,3
11536,2025-12-30 13:03:18+05:30,3259.7,1,3251.19,1141579,119459.0,118824.0,3250.0,3265.1,3239.8,3251.5,44729825,3576.6,2926.4,4322.95,2866.6,3259.7,93,3,3259.6,87,4,3259.5,71,3,3259.4,116,2,3259.3,94,3,3260.8,24,4,3260.9,69,3,3261.0,110,3,3261.1,89,7,3261.2,150,3
11536,2025-12-30 13:03:18+05:30,3259.7,1,3251.19,1141579,119459.0,118824.0,3250.0,3265.1,3239.8,3251.5,44729825,3576.6,2926.4,4322.95,2866.6,3259.7,93,3,3259.6,87,4,3259.5,71,3,3259.4,116,2,3259.3,94,3,3260.8,24,4,3260.9,69,3,3261.0,110,3,3261.1,89,7,3261.2,150,3
11536,2025-12-30 13:03:19+05:30,3260.8,1,3251.19,1141580,119503.0,118823.0,3250.0,3265.1,3239.8,3251.5,44729825,3576.6,2926.4,4322.95,2866.6,3259.7,81,2,3259.6,187,6,3259.5,71,3,3259.4,116,2,3259.3,94,3,3260.8,23,4,3260.9,69,3,3261.0,110,3,3261.1,89,7,3261.2,150,3
11536,2025-12-30 13:03:19+05:30,3260.8,1,3251.19,1141580,119503.0,118823.0,3250.0,3265.1,3239.8,3251.5,44729825,3576.6,2926.4,4322.95,2866.6,3259.7,81,2,3259.6,187,6,3259.5,71,3,3259.4,116,2,3259.3,94,3,3260.8,23,4,3260.9,69,3,3261.0,110,3,3261.1,89,7,3261.2,150,3
11536,2025-12-30 13:03:20+05:30,3261.0,3,3251.19,1141633,119733.0,118504.0,3250.0,3265.1,3239.8,3251.5,44729825,3576.6,2926.4,4322.95,2866.6,3259.8,24,1,3259.7,61,2,3259.6,130,7,3259.5,64,3,3259.4,152,3,3261.0,133,4,3261.1,19,5,3261.2,3,1,3261.3,177,4,3261.4,63,4
11536,2025-12-30 13:03:20+05:30,3261.0,3,3251.19,1141633,119733.0,118504.0,3250.0,3265.1,3239.8,3251.5,44729825,3576.6,2926.4,4322.95,2866.6,3259.8,24,1,3259.7,61,2,3259.6,130,7,3259.5,64,3,3259.4,152,3,3261.0,133,4,3261.1,19,5,3261.2,3,1,3261.3,177,4,3261.4,63,4
11536,2025-12-30 13:03:21+05:30,3260.8,1,3251.19,1141634,120040.0,118490.0,3250.0,3265.1,3239.8,3251.5,44729825,3576.6,2926.4,4322.95,2866.6,3259.9,78,2,3259.8,126,3,3259.7,122,3,3259.6,203,7,3259.5,166,5,3260.8,4,1,3260.9,14,1,3261.0,83,3,3261.1,19,5,3261.2,3,1
11536,2025-12-30 13:03:21+05:30,3260.8,1,3251.19,1141634,120040.0,118490.0,3250.0,3265.1,3239.8,3251.5,44729825,3576.6,2926.4,4322.95,2866.6,3259.9,78,2,3259.8,126,3,3259.7,122,3,3259.6,203,7,3259.5,166,5,3260.8,4,1,3260.9,14,1,3261.0,83,3,3261.1,19,5,3261.2,3,1
11536,2025-12-30 13:03:22+05:30,3260.8,1,3251.19,1141634,120070.0,119104.0,3250.0,3265.1,3239.8,3251.5,44729825,3576.6,2926.4,4322.95,2866.6,3259.9,87,3,3259.8,126,3,3259.7,131,4,3259.6,203,7,3259.5,155,4,3260.8,5,2,3260.9,14,1,3261.0,83,3,3261.1,37,6,3261.2,3,1
11536,2025-12-30 13:03:22+05:30,3260.8,3,3251.19,1141634,120070.0,119104.0,3250.0,3265.1,3239.8,3251.5,44729825,3576.6,2926.4,4322.95,2866.6,3259.9,87,3,3259.8,126,3,3259.7,131,4,3259.6,203,7,3259.5,155,4,3260.8,5,2,3260.9,14,1,3261.0,83,3,3261.1,37,6,3261.2,3,1
11536,2025-12-30 13:03:23+05:30,3260.8,1,3251.19,1141638,120090.0,119105.0,3250.0,3265.1,3239.8,3251.5,44729825,3576.6,2926.4,4322.95,2866.6,3259.9,87,3,3259.8,126,3,3259.7,131,4,3259.6,202,6,3259.5,155,4,3260.8,6,2,3260.9,14,1,3261.0,83,3,3261.1,37,6,3261.2,3,1
11536,2025-12-30 13:03:23+05:30,3259.9,8,3251.19,1141638,120090.0,119105.0,3250.0,3265.1,3239.8,3251.5,44729825,3576.6,2926.4,4322.95,2866.6,3259.9,87,3,3259.8,126,3,3259.7,131,4,3259.6,202,6,3259.5,155,4,3260.8,6,2,3260.9,14,1,3261.0,83,3,3261.1,37,6,3261.2,3,1
11536,2025-12-30 13:03:24+05:30,3259.9,8,3251.19,1141692,119965.0,119238.0,3250.0,3265.1,3239.8,3251.5,44729825,3576.6,2926.4,4322.95,2866.6,3259.9,9,1,3259.8,102,2,3259.7,131,4,3259.6,202,6,3259.5,155,4,3260.8,44,7,3260.9,46,2,3261.0,124,3,3261.1,19,5,3261.2,3,1
11536,2025-12-30 13:03:24+05:30,3259.9,4,3251.19,1141692,119965.0,119238.0,3250.0,3265.1,3239.8,3251.5,44729825,3576.6,2926.4,4322.95,2866.6,3259.9,9,1,3259.8,102,2,3259.7,131,4,3259.6,202,6,3259.5,155,4,3260.8,44,7,3260.9,46,2,3261.0,124,3,3261.1,19,5,3261.2,3,1
11536,2025-12-30 13:03:25+05:30,3259.9,1,3251.19,1141699,119859.0,119247.0,3250.0,3265.1,3239.8,3251.5,44729825,3576.6,2926.4,4322.95,2866.6,3259.9,52,2,3259.8,54,1,3259.7,131,4,3259.6,135,4,3259.5,63,3,3260.8,43,7,3260.9,10,1,3261.0,124,3,3261.1,55,6,3261.2,5,2
11536,2025-12-30 13:03:25+05:30,3259.9,1,3251.19,1141699,119859.0,119247.0,3250.0,3265.1,3239.8,3251.5,44729825,3576.6,2926.4,4322.95,2866.6,3259.9,52,2,3259.8,54,1,3259.7,131,4,3259.6,135,4,3259.5,63,3,3260.8,43,7,3260.9,10,1,3261.0,124,3,3261.1,55,6,3261.2,5,2
11536,2025-12-30 13:03:26+05:30,3260.8,1,3251.19,1141703,119940.0,119229.0,3250.0,3265.1,3239.8,3251.5,44729825,3576.6,2926.4,4322.95,2866.6,3259.9,58,2,3259.8,54,1,3259.7,132,4,3259.6,183,5,3259.5,155,4,3260.8,42,7,3260.9,10,1,3261.0,82,2,3261.1,55,6,3261.2,5,2
11536,2025-12-30 13:03:26+05:30,3259.9,8,3251.19,1141703,119940.0,119229.0,3250.0,3265.1,3239.8,3251.5,44729825,3576.6,2926.4,4322.95,2866.6,3259.9,58,2,3259.8,54,1,3259.7,132,4,3259.6,183,5,3259.5,155,4,3260.8,42,7,3260.9,10,1,3261.0,82,2,3261.1,55,6,3261.2,5,2
11536,2025-12-30 13:03:27+05:30,3259.9,8,3251.19,1141789,119826.0,118012.0,3250.0,3265.1,3239.8,3251.5,44729825,3576.6,2926.4,4322.95,2866.6,3259.9,1,1,3259.8,54,1,3259.7,132,4,3259.6,135,4,3259.5,63,3,3260.8,41,6,3260.9,10,1,3261.0,82,2,3261.1,55,6,3261.2,14,3
11536,2025-12-30 13:03:27+05:30,3259.9,1,3251.19,1141789,119826.0,118012.0,3250.0,3265.1,3239.8,3251.5,44729825,3576.6,2926.4,4322.95,2866.6,3259.9,1,1,3259.8,54,1,3259.7,132,4,3259.6,135,4,3259.5,63,3,3260.8,41,6,3260.9,10,1,3261.0,82,2,3261.1,55,6,3261.2,14,3
11536,2025-12-30 13:03:28+05:30,3259.9,3,3251.19,1141794,119856.0,118078.0,3250.0,3265.1,3239.8,3251.5,44729825,3576.6,2926.4,4322.95,2866.6,3259.9,10,2,3259.8,54,1,3259.7,128,4,3259.6,135,4,3259.5,63,3,3260.8,42,6,3260.9,46,2,3261.0,82,2,3261.1,61,6,3261.2,14,3
11536,2025-12-30 13:03:28+05:30,3259.9,3,3251.19,1141794,119856.0,118078.0,3250.0,3265.1,3239.8,3251.5,44729825,3576.6,2926.4,4322.95,2866.6,3259.9,10,2,3259.8,54,1,3259.7,128,4,3259.6,135,4,3259.5,63,3,3260.8,42,6,3260.9,46,2,3261.0,82,2,3261.1,61,6,3261.2,14,3
11536,2025-12-30 13:03:29+05:30,3259.9,3,3251.19,1141794,119454.0,119258.0,3250.0,3265.1,3239.8,3251.5,44729825,3576.6,2926.4,4322.95,2866.6,3259.9,21,3,3259.8,54,1,3259.7,164,4,3259.6,183,5,3259.5,155,4,3260.8,28,5,3260.9,10,1,3261.0,102,3,3261.1,19,5,3261.2,41,3
11536,2025-12-30 13:03:29+05:30,3259.9,1,3251.19,1141794,119454.0,119258.0,3250.0,3265.1,3239.8,3251.5,44729825,3576.6,2926.4,4322.95,2866.6,3259.9,21,3,3259.8,54,1,3259.7,164,4,3259.6,183,5,3259.5,155,4,3260.8,28,5,3260.9,10,1,3261.0,102,3,3261.1,19,5,3261.2,41,3
11536,2025-12-30 13:03:30+05:30,3259.9,1,3251.19,1141918,119588.0,117335.0,3250.0,3265.1,3239.8,3251.5,44729825,3576.6,2926.4,4322.95,2866.6,3259.9,9,2,3259.8,112,3,3259.7,133,4,3259.6,205,6,3259.5,155,4,3261.0,156,7,3261.1,19,5,3261.2,12,2,3261.3,195,5,3261.4,25,3
11536,2025-12-30 13:03:30+05:30,3261.0,1,3251.19,1141918,119588.0,117335.0,3250.0,3265.1,3239.8,3251.5,44729825,3576.6,2926.4,4322.95,2866.6,3259.9,9,2,3259.8,112,3,3259.7,133,4,3259.6,205,6,3259.5,155,4,3261.0,156,7,3261.1,19,5,3261.2,12,2,3261.3,195,5,3261.4,25,3
11536,2025-12-30 13:03:31+05:30,3261.0,2,3251.19,1141921,119665.0,118557.0,3250.0,3265.1,3239.8,3251.5,44729825,3576.6,2926.4,4322.95,2866.6,3259.9,81,4,3259.8,112,3,3259.7,122,3,3259.6,205,6,3259.5,155,4,3261.0,153,7,3261.1,19,5,3261.2,12,2,3261.3,195,5,3261.4,25,3
11536,2025-12-30 13:03:31+05:30,3259.9,22,3251.19,1141921,119665.0,118557.0,3250.0,3265.1,3239.8,3251.5,44729825,3576.6,2926.4,4322.95,2866.6,3259.9,81,4,3259.8,112,3,3259.7,122,3,3259.6,205,6,3259.5,155,4,3261.0,153,7,3261.1,19,5,3261.2,12,2,3261.3,195,5,3261.4,25,3
11536,2025-12-30 13:03:32+05:30,3259.9,22,3251.19,1142025,119544.0,118821.0,3250.0,3265.1,3239.8,3251.5,44729825,3576.6,2926.4,4322.95,2866.6,3259.9,49,3,3259.8,66,3,3259.7,176,5,3259.6,157,5,3259.5,97,3,3261.0,183,9,3261.1,19,5,3261.2,75,4,3261.3,195,5,3261.4,51,4
11536,2025-12-30 13:03:32+05:30,3261.0,1,3251.19,1142025,119544.0,118821.0,3250.0,3265.1,3239.8,3251.5,44729825,3576.6,2926.4,4322.95,2866.6,3259.9,49,3,3259.8,66,3,3259.7,176,5,3259.6,157,5,3259.5,97,3,3261.0,183,9,3261.1,19,5,3261.2,75,4,3261.3,195,5,3261.4,51,4
11536,2025-12-30 13:03:33+05:30,3259.9,19,3251.19,1142045,119462.0,118767.0,3250.0,3265.1,3239.8,3251.5,44729825,3576.6,2926.4,4322.95,2866.6,3259.9,39,3,3259.8,66,3,3259.7,119,3,3259.6,101,4,3259.5,97,3,3261.0,180,8,3261.1,19,5,3261.2,14,3,3261.3,195,5,3261.4,51,4
11536,2025-12-30 13:03:33+05:30,3259.9,2,3251.19,1142045,119462.0,118767.0,3250.0,3265.1,3239.8,3251.5,44729825,3576.6,2926.4,4322.95,2866.6,3259.9,39,3,3259.8,66,3,3259.7,119,3,3259.6,101,4,3259.5,97,3,3261.0,180,8,3261.1,19,5,3261.2,14,3,3261.3,195,5,3261.4,51,4
11536,2025-12-30 13:03:34+05:30,3259.9,2,3251.19,1142047,119294.0,118782.0,3250.0,3265.1,3239.8,3251.5,44729825,3576.6,2926.4,4322.95,2866.6,3259.9,27,2,3259.8,66,3,3259.7,129,4,3259.6,101,4,3259.5,97,3,3261.0,195,10,3261.1,19,5,3261.2,14,3,3261.3,195,5,3261.4,51,4
11536,2025-12-30 13:03:35+05:30,3261.0,1,3251.19,1142064,119335.0,118545.0,3250.0,3265.1,3239.8,3251.5,44729825,3576.6,2926.4,4322.95,2866.6,3259.9,70,5,3259.8,106,4,3259.7,167,4,3259.6,101,4,3259.5,193,4,3261.0,114,7,3261.1,19,5,3261.2,5,2,3261.3,229,6,3261.4,51,4
11536,2025-12-30 13:03:35+05:30,3261.0,2,3251.19,1142064,119335.0,118545.0,3250.0,3265.1,3239.8,3251.5,44729825,3576.6,2926.4,4322.95,2866.6,3259.9,70,5,3259.8,106,4,3259.7,167,4,3259.6,101,4,3259.5,193,4,3261.0,114,7,3261.1,19,5,3261.2,5,2,3261.3,229,6,3261.4,51,4
11536,2025-12-30 13:03:36+05:30,3261.0,2,3251.19,1142067,119336.0,118652.0,3250.0,3265.1,3239.8,3251.5,44729825,3576.6,2926.4,4322.95,2866.6,3259.9,59,4,3259.8,106,4,3259.7,177,5,3259.6,101,4,3259.5,193,4,3261.0,113,8,3261.1,53,6,3261.2,14,3,3261.3,195,5,3261.4,25,3
11536,2025-12-30 13:03:36+05:30,3259.9,2,3251.19,1142067,119336.0,118652.0,3250.0,3265.1,3239.8,3251.5,44729825,3576.6,2926.4,4322.95,2866.6,3259.9,59,4,3259.8,106,4,3259.7,177,5,3259.6,101,4,3259.5,193,4,3261.0,113,8,3261.1,53,6,3261.2,14,3,3261.3,195,5,3261.4,25,3
11536,2025-12-30 13:03:37+05:30,3259.9,2,3251.19,1142147,119068.0,119409.0,3250.0,3265.1,3239.8,3251.5,44729825,3576.6,2926.4,4322.95,2866.6,3259.9,5,1,3259.8,66,3,3259.7,130,4,3259.6,101,4,3259.5,101,3,3261.0,187,10,3261.1,19,5,3261.2,14,3,3261.3,195,5,3261.4,25,3
11536,2025-12-30 13:03:38+05:30,3261.0,1,3251.19,1142149,117920.0,119229.0,3250.0,3265.1,3239.8,3251.5,44729825,3576.6,2926.4,4322.95,2866.6,3259.9,15,3,3259.8,66,3,3259.7,138,4,3259.6,101,4,3259.5,123,4,3261.0,173,10,3261.1,19,5,3261.2,14,3,3261.3,177,4,3261.4,25,3
11536,2025-12-30 13:03:38+05:30,3261.0,28,3251.19,1142149,117920.0,119229.0,3250.0,3265.1,3239.8,3251.5,44729825,3576.6,2926.4,4322.95,2866.6,3259.9,15,3,3259.8,66,3,3259.7,138,4,3259.6,101,4,3259.5,123,4,3261.0,173,10,3261.1,19,5,3261.2,14,3,3261.3,177,4,3261.4,25,3
11536,2025-12-30 13:03:39+05:30,3261.0,28,3251.2,1142275,119606.0,117842.0,3250.0,3265.1,3239.8,3251.5,44729825,3576.6,2926.4,4322.95,2866.6,3259.9,44,4,3259.8,113,4,3259.7,207,7,3259.6,101,4,3259.5,249,6,3261.0,106,5,3261.1,18,4,3261.2,49,2,3261.3,23,2,3261.4,41,2
11536,2025-12-30 13:03:39+05:30,3260.2,1,3251.2,1142275,119606.0,117842.0,3250.0,3265.1,3239.8,3251.5,44729825,3576.6,2926.4,4322.95,2866.6,3259.9,44,4,3259.8,113,4,3259.7,207,7,3259.6,101,4,3259.5,249,6,3261.0,106,5,3261.1,18,4,3261.2,49,2,3261.3,23,2,3261.4,41,2
11536,2025-12-30 13:03:40+05:30,3260.2,1,3251.2,1142277,119806.0,117071.0,3250.0,3265.1,3239.8,3251.5,44729825,3576.6,2926.4,4322.95,2866.6,3260.2,2,1,3259.9,128,7,3259.8,73,3,3259.7,196,6,3259.6,220,6,3261.0,120,6,3261.1,3,3,3261.2,49,2,3261.3,41,3,3261.4,41,2
11536,2025-12-30 13:03:40+05:30,3260.2,1,3251.2,1142277,119806.0,117071.0,3250.0,3265.1,3239.8,3251.5,44729825,3576.6,2926.4,4322.95,2866.6,3260.2,2,1,3259.9,128,7,3259.8,73,3,3259.7,196,6,3259.6,220,6,3261.0,120,6,3261.1,3,3,3261.2,49,2,3261.3,41,3,3261.4,41,2
11536,2025-12-30 13:03:41+05:30,3260.2,1,3251.2,1142289,119755.0,118289.0,3250.0,3265.1,3239.8,3251.5,44729825,3576.6,2926.4,4322.95,2866.6,3260.2,2,1,3259.9,116,7,3259.8,56,2,3259.7,121,4,3259.6,220,6,3261.0,119,6,3261.1,3,3,3261.2,49,2,3261.3,79,4,3261.4,3,2
11536,2025-12-30 13:03:41+05:30,3261.0,1,3251.2,1142289,119755.0,118289.0,3250.0,3265.1,3239.8,3251.5,44729825,3576.6,2926.4,4322.95,2866.6,3260.2,2,1,3259.9,116,7,3259.8,56,2,3259.7,121,4,3259.6,220,6,3261.0,119,6,3261.1,3,3,3261.2,49,2,3261.3,79,4,3261.4,3,2
11536,2025-12-30 13:03:42+05:30,3260.1,4,3251.2,1142311,121685.0,116159.0,3250.0,3265.1,3239.8,3251.5,44729825,3576.6,2926.4,4322.95,2866.6,3260.2,12,1,3260.1,81,3,3260.0,12,1,3259.9,42,5,3259.8,134,6,3261.0,116,4,3261.1,3,3,3261.3,41,3,3261.4,1,1,3261.5,71,2
11536,2025-12-30 13:03:42+05:30,3261.1,1,3251.2,1142311,121685.0,116159.0,3250.0,3265.1,3239.8,3251.5,44729825,3576.6,2926.4,4322.95,2866.6,3260.2,12,1,3260.1,81,3,3260.0,12,1,3259.9,42,5,3259.8,134,6,3261.0,116,4,3261.1,3,3,3261.3,41,3,3261.4,1,1,3261.5,71,2
11536,2025-12-30 13:03:43+05:30,3261.1,1,3251.2,1142447,123317.0,117262.0,3250.0,3265.1,3239.8,3251.5,44729825,3576.6,2926.4,4322.95,2866.6,3261.1,1,1,3260.2,258,5,3260.1,200,5,3260.0,266,5,3259.9,158,8,3261.6,85,5,3261.7,55,2,3261.8,244,2,3261.9,115,4,3262.0,106,2
11536,2025-12-30 13:03:43+05:30,3261.1,1,3251.2,1142447,123317.0,117262.0,3250.0,3265.1,3239.8,3251.5,44729825,3576.6,2926.4,4322.95,2866.6,3261.1,1,1,3260.2,258,5,3260.1,200,5,3260.0,266,5,3259.9,158,8,3261.6,85,5,3261.7,55,2,3261.8,244,2,3261.9,115,4,3262.0,106,2
11536,2025-12-30 13:03:44+05:30,3261.1,1,3251.2,1142447,123392.0,117924.0,3250.0,3265.1,3239.8,3251.5,44729825,3576.6,2926.4,4322.95,2866.6,3261.1,1,1,3260.4,20,1,3260.2,273,5,3260.1,200,5,3260.0,266,5,3261.6,85,5,3261.7,55,2,3261.8,244,2,3261.9,115,4,3262.0,106,2
11536,2025-12-30 13:03:45+05:30,3261.6,1,3251.2,1142448,123386.0,117933.0,3250.0,3265.1,3239.8,3251.5,44729825,3576.6,2926.4,4322.95,2866.6,3261.1,1,1,3260.4,20,1,3260.3,109,2,3260.2,115,5,3260.1,190,4,3261.6,30,3,3261.7,43,2,3261.8,225,1,3261.9,133,6,3262.0,166,4
11536,2025-12-30 13:03:45+05:30,3261.1,1,3251.2,1142448,123386.0,117933.0,3250.0,3265.1,3239.8,3251.5,44729825,3576.6,2926.4,4322.95,2866.6,3261.1,1,1,3260.4,20,1,3260.3,109,2,3260.2,115,5,3260.1,190,4,3261.6,30,3,3261.7,43,2,3261.8,225,1,3261.9,133,6,3262.0,166,4
11536,2025-12-30 13:03:46+05:30,3261.0,1,3251.2,1142450,122505.0,117456.0,3250.0,3265.1,3239.8,3251.5,44729825,3576.6,2926.4,4322.95,2866.6,3260.5,83,3,3260.2,31,2,3260.1,27,1,3260.0,183,5,3259.9,109,9,3261.0,2,1,3261.7,174,1,3261.8,240,2,3261.9,61,4,3262.0,150,4
11536,2025-12-30 13:03:46+05:30,3260.5,27,3251.2,1142450,122505.0,117456.0,3250.0,3265.1,3239.8,3251.5,44729825,3576.6,2926.4,4322.95,2866.6,3260.5,83,3,3260.2,31,2,3260.1,27,1,3260.0,183,5,3259.9,109,9,3261.0,2,1,3261.7,174,1,3261.8,240,2,3261.9,61,4,3262.0,150,4
11536,2025-12-30 13:03:47+05:30,3260.3,1,3251.2,1142528,120554.0,119280.0,3250.0,3265.1,3239.8,3251.5,44729825,3576.6,2926.4,4322.95,2866.6,3260.5,4,1,3260.3,70,2,3260.2,31,2,3260.1,38,2,3260.0,69,3,3261.0,2,1,3261.2,29,2,3261.3,42,1,3261.4,73,3,3261.5,42,1
11536,2025-12-30 13:03:47+05:30,3260.3,1,3251.2,1142528,120554.0,119280.0,3250.0,3265.1,3239.8,3251.5,44729825,3576.6,2926.4,4322.95,2866.6,3260.5,4,1,3260.3,70,2,3260.2,31,2,3260.1,38,2,3260.0,69,3,3261.0,2,1,3261.2,29,2,3261.3,42,1,3261.4,73,3,3261.5,42,1
11536,2025-12-30 13:03:48+05:30,3260.3,1,3251.2,1142528,118963.0,119487.0,3250.0,3265.1,3239.8,3251.5,44729825,3576.6,2926.4,4322.95,2866.6,3260.5,4,1,3260.3,1,1,3260.2,11,2,3260.1,12,2,3260.0,71,4,3260.9,6,1,3261.0,32,4,3261.2,14,1,3261.3,79,3,3261.4,58,2
11536,2025-12-30 13:03:48+05:30,3260.5,18,3251.2,1142528,118963.0,119487.0,3250.0,3265.1,3239.8,3251.5,44729825,3576.6,2926.4,4322.95,2866.6,3260.5,4,1,3260.3,1,1,3260.2,11,2,3260.1,12,2,3260.0,71,4,3260.9,6,1,3261.0,32,4,3261.2,14,1,3261.3,79,3,3261.4,58,2
11536,2025-12-30 13:03:49+05:30,3260.5,18,3251.2,1142560,120159.0,119622.0,3250.0,3265.1,3239.8,3251.5,44729825,3576.6,2926.4,4322.95,2866.6,3260.5,2,1,3260.3,1,1,3260.2,11,2,3260.1,12,2,3260.0,47,3,3260.9,20,3,3261.0,2,1,3261.2,127,4,3261.3,99,3,3261.4,58,2
11536,2025-12-30 13:03:50+05:30,3260.4,4,3251.2,1142572,119503.0,118719.0,3250.0,3265.1,3239.8,3251.5,44729825,3576.6,2926.4,4322.95,2866.6,3260.3,1,1,3260.2,11,2,3260.1,12,2,3260.0,2,1,3259.9,113,8,3260.9,1,1,3261.1,26,2,3261.2,33,2,3261.3,80,3,3261.4,58,2
11536,2025-12-30 13:03:50+05:30,3260.4,4,3251.2,1142572,119503.0,118719.0,3250.0,3265.1,3239.8,3251.5,44729825,3576.6,2926.4,4322.95,2866.6,3260.3,1,1,3260.2,11,2,3260.1,12,2,3260.0,2,1,3259.9,113,8,3260.9,1,1,3261.1,26,2,3261.2,33,2,3261.3,80,3,3261.4,58,2
11536,2025-12-30 13:03:51+05:30,3260.4,4,3251.2,1142572,119578.0,118790.0,3250.0,3265.1,3239.8,3251.5,44729825,3576.6,2926.4,4322.95,2866.6,3260.3,1,1,3260.2,67,3,3260.1,12,2,3260.0,2,1,3259.9,43,6,3260.9,14,3,3261.1,11,1,3261.2,33,2,3261.3,130,5,3261.4,96,3
11536,2025-12-30 13:03:51+05:30,3260.9,2,3251.2,1142572,119578.0,118790.0,3250.0,3265.1,3239.8,3251.5,44729825,3576.6,2926.4,4322.95,2866.6,3260.3,1,1,3260.2,67,3,3260.1,12,2,3260.0,2,1,3259.9,43,6,3260.9,14,3,3261.1,11,1,3261.2,33,2,3261.3,130,5,3261.4,96,3
11536,2025-12-30 13:03:52+05:30,3260.9,2,3251.2,1142594,120470.0,118369.0,3250.0,3265.1,3239.8,3251.5,44729825,3576.6,2926.4,4322.95,2866.6,3260.9,1,1,3260.3,52,2,3260.2,87,4,3260.1,12,2,3260.0,24,2,3261.3,37,3,3261.4,48,2,3261.5,37,2,3261.6,57,3,3261.7,62,2
11536,2025-12-30 13:03:52+05:30,3261.3,1,3251.2,1142594,120470.0,118369.0,3250.0,3265.1,3239.8,3251.5,44729825,3576.6,2926.4,4322.95,2866.6,3260.9,1,1,3260.3,52,2,3260.2,87,4,3260.1,12,2,3260.0,24,2,3261.3,37,3,3261.4,48,2,3261.5,37,2,3261.6,57,3,3261.7,62,2
11536,2025-12-30 13:03:53+05:30,3260.3,1,3251.2,1142602,120491.0,118175.0,3250.0,3265.1,3239.8,3251.5,44729825,3576.6,2926.4,4322.95,2866.6,3260.3,50,1,3260.2,67,3,3260.1,12,2,3260.0,24,2,3259.9,157,6,3261.3,52,4,3261.4,26,2,3261.5,36,2,3261.6,49,3,3261.7,136,1
11536,2025-12-30 13:03:53+05:30,3260.3,1,3251.2,1142602,120491.0,118175.0,3250.0,3265.1,3239.8,3251.5,44729825,3576.6,2926.4,4322.95,2866.6,3260.3,50,1,3260.2,67,3,3260.1,12,2,3260.0,24,2,3259.9,157,6,3261.3,52,4,3261.4,26,2,3261.5,36,2,3261.6,49,3,3261.7,136,1
11536,2025-12-30 13:03:54+05:30,3260.3,1,3251.2,1142602,119844.0,118847.0,3250.0,3265.1,3239.8,3251.5,44729825,3576.6,2926.4,4322.95,2866.6,3260.3,50,1,3260.2,67,3,3260.1,12,2,3260.0,24,2,3259.9,65,5,3261.3,67,6,3261.4,64,3,3261.5,17,1,3261.6,128,5,3261.7,136,1
11536,2025-12-30 13:03:54+05:30,3260.3,3,3251.2,1142602,119844.0,118847.0,3250.0,3265.1,3239.8,3251.5,44729825,3576.6,2926.4,4322.95,2866.6,3260.3,50,1,3260.2,67,3,3260.1,12,2,3260.0,24,2,3259.9,65,5,3261.3,67,6,3261.4,64,3,3261.5,17,1,3261.6,128,5,3261.7,136,1
11536,2025-12-30 13:03:55+05:30,3261.3,1,3251.2,1142606,119909.0,118321.0,3250.0,3265.1,3239.8,3251.5,44729825,3576.6,2926.4,4322.95,2866.6,3260.3,47,1,3260.2,63,2,3260.1,12,2,3260.0,83,4,3259.9,157,6,3261.3,33,4,3261.4,64,3,3261.5,49,2,3261.6,67,4,3261.7,136,1
11536,2025-12-30 13:03:55+05:30,3261.3,1,3251.2,1142606,119909.0,118321.0,3250.0,3265.1,3239.8,3251.5,44729825,3576.6,2926.4,4322.95,2866.6,3260.3,47,1,3260.2,63,2,3260.1,12,2,3260.0,83,4,3259.9,157,6,3261.3,33,4,3261.4,64,3,3261.5,49,2,3261.6,67,4,3261.7,136,1
11536,2025-12-30 13:03:56+05:30,3261.3,1,3251.2,1142625,120695.0,118367.0,3250.0,3265.1,3239.8,3251.5,44729825,3576.6,2926.4,4322.95,2866.6,3260.4,44,2,3260.3,59,2,3260.2,101,3,3260.1,12,2,3260.0,175,5,3261.3,7,1,3261.4,16,1,3261.5,17,1,3261.6,39,2,3261.7,136,1
11536,2025-12-30 13:03:56+05:30,3260.5,25,3251.2,1142625,120695.0,118367.0,3250.0,3265.1,3239.8,3251.5,44729825,3576.6,2926.4,4322.95,2866.6,3260.4,44,2,3260.3,59,2,3260.2,101,3,3260.1,12,2,3260.0,175,5,3261.3,7,1,3261.4,16,1,3261.5,17,1,3261.6,39,2,3261.7,136,1
11536,2025-12-30 13:03:57+05:30,3260.5,25,3251.2,1142710,120575.0,117963.0,3250.0,3265.1,3239.8,3251.5,44729825,3576.6,2926.4,4322.95,2866.6,3260.4,77,2,3260.3,57,2,3260.2,63,2,3260.1,12,2,3260.0,175,5,3261.3,1,1,3261.6,31,2,3261.7,42,1,3261.8,225,1,3261.9,92,5
11536,2025-12-30 13:03:57+05:30,3260.4,1,3251.2,1142710,120575.0,117963.0,3250.0,3265.1,3239.8,3251.5,44729825,3576.6,2926.4,4322.95,2866.6,3260.4,77,2,3260.3,57,2,3260.2,63,2,3260.1,12,2,3260.0,175,5,3261.3,1,1,3261.6,31,2,3261.7,42,1,3261.8,225,1,3261.9,92,5
11536,2025-12-30 13:03:58+05:30,3260.5,2,3251.2,1142713,120797.0,118016.0,3250.0,3265.1,3239.8,3251.5,44729825,3576.6,2926.4,4322.95,2866.6,3260.5,42,2,3260.4,83,3,3260.3,57,2,3260.2,111,3,3260.1,104,3,3261.3,4,3,3261.6,46,3,3261.7,42,1,3261.8,225,1,3261.9,92,5
11536,2025-12-30 13:03:58+05:30,3260.5,2,3251.2,1142713,120797.0,118016.0,3250.0,3265.1,3239.8,3251.5,44729825,3576.6,2926.4,4322.95,2866.6,3260.5,42,2,3260.4,83,3,3260.3,57,2,3260.2,111,3,3260.1,104,3,3261.3,4,3,3261.6,46,3,3261.7,42,1,3261.8,225,1,3261.9,92,5
11536,2025-12-30 13:03:59+05:30,3260.5,2,3251.2,1142713,120800.0,118161.0,3250.0,3265.1,3239.8,3251.5,44729825,3576.6,2926.4,4322.95,2866.6,3260.5,92,3,3260.4,95,5,3260.3,57,2,3260.2,8,2,3260.1,93,2,3261.3,4,3,3261.6,50,3,3261.7,42,1,3261.8,235,2,3261.9,67,4
11536,2025-12-30 13:03:59+05:30,3260.5,3,3251.2,1142713,120800.0,118161.0,3250.0,3265.1,3239.8,3251.5,44729825,3576.6,2926.4,4322.95,2866.6,3260.5,92,3,3260.4,95,5,3260.3,57,2,3260.2,8,2,3260.1,93,2,3261.3,4,3,3261.6,50,3,3261.7,42,1,3261.8,235,2,3261.9,67,4
11536,2025-12-30 13:04:00+05:30,3261.3,2,3251.2,1142735,120828.0,117917.0,3250.0,3265.1,3239.8,3251.5,44729825,3576.6,2926.4,4322.95,2866.6,3260.5,140,5,3260.4,95,5,3260.3,105,3,3260.2,8,2,3260.1,93,2,3261.3,2,1,3261.6,35,2,3261.7,42,1,3261.8,225,1,3261.9,49,3
11536,2025-12-30 13:04:00+05:30,3260.6,3,3251.2,1142735,120828.0,117917.0,3250.0,3265.1,3239.8,3251.5,44729825,3576.6,2926.4,4322.95,2866.6,3260.5,140,5,3260.4,95,5,3260.3,105,3,3260.2,8,2,3260.1,93,2,3261.3,2,1,3261.6,35,2,3261.7,42,1,3261.8,225,1,3261.9,49,3
11536,2025-12-30 13:04:01+05:30,3261.3,1,3251.2,1142749,120886.0,117896.0,3250.0,3265.1,3239.8,3251.5,44729825,3576.6,2926.4,4322.95,2866.6,3260.6,40,2,3260.5,111,3,3260.4,95,5,3260.3,105,3,3260.2,18,3,3261.3,2,2,3261.6,16,1,3261.8,225,1,3261.9,67,4,3262.0,106,2
11536,2025-12-30 13:04:01+05:30,3261.3,1,3251.2,1142749,120886.0,117896.0,3250.0,3265.1,3239.8,3251.5,44729825,3576.6,2926.4,4322.95,2866.6,3260.6,40,2,3260.5,111,3,3260.4,95,5,3260.3,105,3,3260.2,18,3,3261.3,2,2,3261.6,16,1,3261.8,225,1,3261.9,67,4,3262.0,106,2
11536,2025-12-30 13:04:02+05:30,3261.3,1,3251.2,1142749,121147.0,117927.0,3250.0,3265.1,3239.8,3251.5,44729825,3576.6,2926.4,4322.95,2866.6,3260.8,7,1,3260.6,134,7,3260.5,157,4,3260.4,57,4,3260.3,105,3,3261.3,2,2,3261.6,16,1,3261.8,225,1,3261.9,67,4,3262.0,106,2
11536,2025-12-30 13:04:02+05:30,3261.3,1,3251.2,1142749,121147.0,117927.0,3250.0,3265.1,3239.8,3251.5,44729825,3576.6,2926.4,4322.95,2866.6,3260.8,7,1,3260.6,134,7,3260.5,157,4,3260.4,57,4,3260.3,105,3,3261.3,2,2,3261.6,16,1,3261.8,225,1,3261.9,67,4,3262.0,106,2
11536,2025-12-30 13:04:03+05:30,3260.8,20,3251.2,1142779,120954.0,117594.0,3250.0,3265.1,3239.8,3251.5,44729825,3576.6,2926.4,4322.95,2866.6,3260.6,87,5,3260.5,62,2,3260.4,91,4,3260.3,95,2,3260.2,11,3,3261.3,1,1,3261.4,15,1,3261.6,33,2,3261.8,225,1,3261.9,74,5
11536,2025-12-30 13:04:03+05:30,3260.6,1,3251.2,1142779,120954.0,117594.0,3250.0,3265.1,3239.8,3251.5,44729825,3576.6,2926.4,4322.95,2866.6,3260.6,87,5,3260.5,62,2,3260.4,91,4,3260.3,95,2,3260.2,11,3,3261.3,1,1,3261.4,15,1,3261.6,33,2,3261.8,225,1,3261.9,74,5
11536,2025-12-30 13:04:04+05:30,3261.3,1,3251.2,1142782,120999.0,117592.0,3250.0,3265.1,3239.8,3251.5,44729825,3576.6,2926.4,4322.95,2866.6,3260.6,97,6,3260.5,62,2,3260.4,81,3,3260.3,95,2,3260.2,11,3,3261.3,1,1,3261.4,30,2,3261.6,16,1,3261.8,225,1,3261.9,74,5
11536,2025-12-30 13:04:04+05:30,3261.3,1,3251.2,1142782,120999.0,117592.0,3250.0,3265.1,3239.8,3251.5,44729825,3576.6,2926.4,4322.95,2866.6,3260.6,97,6,3260.5,62,2,3260.4,81,3,3260.3,95,2,3260.2,11,3,3261.3,1,1,3261.4,30,2,3261.6,16,1,3261.8,225,1,3261.9,74,5
11536,2025-12-30 13:04:05+05:30,3261.3,1,3251.2,1142783,121170.0,116995.0,3250.0,3265.1,3239.8,3251.5,44729825,3576.6,2926.4,4322.95,2866.6,3260.6,156,7,3260.5,62,2,3260.4,81,3,3260.3,114,3,3260.2,11,3,3261.3,1,1,3261.4,15,1,3261.6,16,1,3261.8,225,1,3261.9,75,6
11536,2025-12-30 13:04:05+05:30,3261.3,1,3251.2,1142783,121170.0,116995.0,3250.0,3265.1,3239.8,3251.5,44729825,3576.6,2926.4,4322.95,2866.6,3260.6,156,7,3260.5,62,2,3260.4,81,3,3260.3,114,3,3260.2,11,3,3261.3,1,1,3261.4,15,1,3261.6,16,1,3261.8,225,1,3261.9,75,6
11536,2025-12-30 13:04:06+05:30,3261.3,1,3251.2,1142783,121192.0,116988.0,3250.0,3265.1,3239.8,3251.5,44729825,3576.6,2926.4,4322.95,2866.6,3260.6,156,7,3260.5,62,2,3260.4,81,3,3260.3,114,3,3260.2,11,3,3261.3,1,1,3261.4,15,1,3261.6,16,1,3261.8,225,1,3261.9,68,5
11536,2025-12-30 13:04:06+05:30,3260.6,25,3251.2,1142783,121192.0,116988.0,3250.0,3265.1,3239.8,3251.5,44729825,3576.6,2926.4,4322.95,2866.6,3260.6,156,7,3260.5,62,2,3260.4,81,3,3260.3,114,3,3260.2,11,3,3261.3,1,1,3261.4,15,1,3261.6,16,1,3261.8,225,1,3261.9,68,5
11536,2025-12-30 13:04:07+05:30,3260.6,25,3251.2,1142881,121176.0,117052.0,3250.0,3265.1,3239.8,3251.5,44729825,3576.6,2926.4,4322.95,2866.6,3260.6,126,6,3260.5,62,2,3260.4,81,3,3260.3,78,2,3260.2,11,3,3261.5,17,2,3261.6,35,2,3261.7,31,1,3261.8,261,2,3261.9,67,5
11536,2025-12-30 13:04:08+05:30,3260.6,25,3251.2,1142881,121141.0,117057.0,3250.0,3265.1,3239.8,3251.5,44729825,3576.6,2926.4,4322.95,2866.6,3260.6,127,7,3260.5,62,2,3260.4,45,2,3260.3,78,2,3260.2,11,3,3261.5,31,3,3261.6,26,2,3261.7,31,1,3261.8,261,2,3261.9,67,5
11536,2025-12-30 13:04:08+05:30,3260.6,1,3251.2,1142881,121141.0,117057.0,3250.0,3265.1,3239.8,3251.5,44729825,3576.6,2926.4,4322.95,2866.6,3260.6,127,7,3260.5,62,2,3260.4,45,2,3260.3,78,2,3260.2,11,3,3261.5,31,3,3261.6,26,2,3261.7,31,1,3261.8,261,2,3261.9,67,5
11536,2025-12-30 13:04:09+05:30,3260.6,1,3251.2,1142882,121128.0,117057.0,3250.0,3265.1,3239.8,3251.5,44729825,3576.6,2926.4,4322.95,2866.6,3260.6,127,7,3260.5,62,2,3260.4,45,2,3260.3,78,2,3260.2,11,3,3261.5,31,3,3261.6,26,2,3261.7,31,1,3261.8,261,2,3261.9,67,5
11536,2025-12-30 13:04:09+05:30,3260.6,2,3251.2,1142882,121128.0,117057.0,3250.0,3265.1,3239.8,3251.5,44729825,3576.6,2926.4,4322.95,2866.6,3260.6,127,7,3260.5,62,2,3260.4,45,2,3260.3,78,2,3260.2,11,3,3261.5,31,3,3261.6,26,2,3261.7,31,1,3261.8,261,2,3261.9,67,5
11536,2025-12-30 13:04:10+05:30,3260.6,14,3251.2,1142898,121019.0,117146.0,3250.0,3265.1,3239.8,3251.5,44729825,3576.6,2926.4,4322.95,2866.6,3260.6,111,7,3260.5,62,2,3260.4,45,2,3260.3,47,1,3260.2,8,2,3261.5,74,5,3261.6,42,3,3261.7,36,1,3261.8,225,1,3261.9,67,5
11536,2025-12-30 13:04:10+05:30,3261.5,4,3251.2,1142898,121019.0,117146.0,3250.0,3265.1,3239.8,3251.5,44729825,3576.6,2926.4,4322.95,2866.6,3260.6,111,7,3260.5,62,2,3260.4,45,2,3260.3,47,1,3260.2,8,2,3261.5,74,5,3261.6,42,3,3261.7,36,1,3261.8,225,1,3261.9,67,5
11536,2025-12-30 13:04:11+05:30,3261.5,4,3251.2,1142917,121000.0,117034.0,3250.0,3265.1,3239.8,3251.5,44729825,3576.6,2926.4,4322.95,2866.6,3260.6,111,7,3260.5,62,2,3260.4,45,2,3260.3,47,1,3260.2,8,2,3261.5,94,7,3261.6,42,3,3261.8,225,1,3261.9,67,5,3262.0,152,3
11536,2025-12-30 13:04:11+05:30,3260.6,1,3251.2,1142917,121000.0,117034.0,3250.0,3265.1,3239.8,3251.5,44729825,3576.6,2926.4,4322.95,2866.6,3260.6,111,7,3260.5,62,2,3260.4,45,2,3260.3,47,1,3260.2,8,2,3261.5,94,7,3261.6,42,3,3261.8,225,1,3261.9,67,5,3262.0,152,3
11536,2025-12-30 13:04:12+05:30,3260.6,1,3251.2,1142923,120978.0,116866.0,3250.0,3265.1,3239.8,3251.5,44729825,3576.6,2926.4,4322.95,2866.6,3260.6,107,7,3260.5,62,2,3260.4,45,2,3260.3,47,1,3260.2,8,2,3261.5,109,7,3261.6,41,3,3261.8,225,1,3261.9,67,5,3262.0,174,4
11536,2025-12-30 13:04:13+05:30,3261.5,4,3251.2,1142923,120978.0,116866.0,3250.0,3265.1,3239.8,3251.5,44729825,3576.6,2926.4,4322.95,2866.6,3260.6,107,7,3260.5,62,2,3260.4,45,2,3260.3,47,1,3260.2,8,2,3261.5,109,7,3261.6,41,3,3261.8,225,1,3261.9,67,5,3262.0,174,4
11536,2025-12-30 13:04:13+05:30,3260.6,1,3251.2,1142930,120923.0,117035.0,3250.0,3265.1,3239.8,3251.5,44729825,3576.6,2926.4,4322.95,2866.6,3260.6,105,6,3260.5,62,2,3260.4,45,2,3260.3,47,1,3260.2,8,2,3261.5,90,7,3261.6,41,3,3261.8,225,1,3261.9,67,5,3262.0,174,4
11536,2025-12-30 13:04:14+05:30,3260.6,1,3251.2,1142930,120923.0,117035.0,3250.0,3265.1,3239.8,3251.5,44729825,3576.6,2926.4,4322.95,2866.6,3260.6,105,6,3260.5,62,2,3260.4,45,2,3260.3,47,1,3260.2,8,2,3261.5,90,7,3261.6,41,3,3261.8,225,1,3261.9,67,5,3262.0,174,4
11536,2025-12-30 13:04:14+05:30,3261.8,3,3251.2,1142955,121430.0,117789.0,3250.0,3265.1,3239.8,3251.5,44729825,3576.6,2926.4,4322.95,2866.6,3260.7,22,2,3260.6,184,7,3260.5,108,3,3260.4,81,3,3260.3,93,2,3261.8,222,1,3261.9,51,4,3262.0,106,2,3262.1,28,2,3262.2,146,5
11536,2025-12-30 13:04:15+05:30,3260.6,1,3251.2,1142955,121430.0,117789.0,3250.0,3265.1,3239.8,3251.5,44729825,3576.6,2926.4,4322.95,2866.6,3260.7,22,2,3260.6,184,7,3260.5,108,3,3260.4,81,3,3260.3,93,2,3261.8,222,1,3261.9,51,4,3262.0,106,2,3262.1,28,2,3262.2,146,5
11536,2025-12-30 13:04:15+05:30,3261.8,1,3251.2,1142959,121957.0,116911.0,3250.0,3265.1,3239.8,3251.5,44729825,3576.6,2926.4,4322.95,2866.6,3260.8,67,2,3260.7,74,3,3260.6,183,7,3260.5,62,2,3260.4,213,6,3261.8,220,2,3261.9,17,2,3262.0,153,4,3262.1,28,2,3262.2,38,2
11536,2025-12-30 13:04:16+05:30,3261.8,1,3251.2,1142959,121957.0,116911.0,3250.0,3265.1,3239.8,3251.5,44729825,3576.6,2926.4,4322.95,2866.6,3260.8,67,2,3260.7,74,3,3260.6,183,7,3260.5,62,2,3260.4,213,6,3261.8,220,2,3261.9,17,2,3262.0,153,4,3262.1,28,2,3262.2,38,2
11536,2025-12-30 13:04:16+05:30,3261.8,1,3251.2,1142965,121811.0,117013.0,3250.0,3265.1,3239.8,3251.5,44729825,3576.6,2926.4,4322.95,2866.6,3260.9,48,4,3260.8,48,2,3260.7,117,6,3260.6,185,8,3260.5,157,4,3261.8,220,4,3261.9,31,3,3262.0,106,2,3262.1,20,2,3262.2,54,3
11536,2025-12-30 13:04:17+05:30,3260.9,13,3251.2,1142965,121811.0,117013.0,3250.0,3265.1,3239.8,3251.5,44729825,3576.6,2926.4,4322.95,2866.6,3260.9,48,4,3260.8,48,2,3260.7,117,6,3260.6,185,8,3260.5,157,4,3261.8,220,4,3261.9,31,3,3262.0,106,2,3262.1,20,2,3262.2,54,3
11536,2025-12-30 13:04:17+05:30,3260.9,13,3251.2,1143042,121558.0,117369.0,3250.0,3265.1,3239.8,3251.5,44729825,3576.6,2926.4,4322.95,2866.6,3260.9,5,1,3260.7,61,3,3260.6,185,8,3260.5,65,3,3260.4,117,4,3261.8,267,7,3261.9,17,2,3262.0,142,3,3262.1,38,3,3262.2,36,2
11536,2025-12-30 13:04:18+05:30,3260.9,3,3251.2,1143042,121558.0,117369.0,3250.0,3265.1,3239.8,3251.5,44729825,3576.6,2926.4,4322.95,2866.6,3260.9,5,1,3260.7,61,3,3260.6,185,8,3260.5,65,3,3260.4,117,4,3261.8,267,7,3261.9,17,2,3262.0,142,3,3262.1,38,3,3262.2,36,2
11536,2025-12-30 13:04:18+05:30,3260.9,1,3251.2,1143046,121750.0,117683.0,3250.0,3265.1,3239.8,3251.5,44729825,3576.6,2926.4,4322.95,2866.6,3260.9,2,2,3260.7,61,3,3260.6,185,8,3260.5,65,3,3260.4,117,4,3261.8,280,7,3261.9,53,3,3262.0,106,2,3262.1,20,2,3262.2,62,4
11536,2025-12-30 13:04:19+05:30,3261.8,134,3251.2,1143046,121750.0,117683.0,3250.0,3265.1,3239.8,3251.5,44729825,3576.6,2926.4,4322.95,2866.6,3260.9,2,2,3260.7,61,3,3260.6,185,8,3260.5,65,3,3260.4,117,4,3261.8,280,7,3261.9,53,3,3262.0,106,2,3262.1,20,2,3262.2,62,4
11536,2025-12-30 13:04:19+05:30,3261.8,134,3251.2,1143183,120586.0,117325.0,3250.0,3265.1,3239.8,3251.5,44729825,3576.6,2926.4,4322.95,2866.6,3260.9,15,3,3260.7,97,4,3260.6,208,10,3260.5,157,4,3260.4,118,4,3261.8,117,7,3261.9,17,2,3262.0,106,2,3262.1,32,2,3262.2,54,3
11536,2025-12-30 13:04:20+05:30,3261.8,1,3251.2,1143183,120586.0,117325.0,3250.0,3265.1,3239.8,3251.5,44729825,3576.6,2926.4,4322.95,2866.6,3260.9,15,3,3260.7,97,4,3260.6,208,10,3260.5,157,4,3260.4,118,4,3261.8,117,7,3261.9,17,2,3262.0,106,2,3262.1,32,2,3262.2,54,3
11536,2025-12-30 13:04:20+05:30,3260.9,1,3251.2,1143196,122021.0,116533.0,3250.0,3265.1,3239.8,3251.5,44729825,3576.6,2926.4,4322.95,2866.6,3260.9,4,1,3260.7,97,4,3260.6,208,10,3260.5,65,3,3260.4,210,5,3261.8,145,7,3261.9,17,2,3262.0,142,3,3262.1,1,1,3262.2,62,4
11536,2025-12-30 13:04:21+05:30,3260.9,1,3251.2,1143196,122021.0,116533.0,3250.0,3265.1,3239.8,3251.5,44729825,3576.6,2926.4,4322.95,2866.6,3260.9,4,1,3260.7,97,4,3260.6,208,10,3260.5,65,3,3260.4,210,5,3261.8,145,7,3261.9,17,2,3262.0,142,3,3262.1,1,1,3262.2,62,4
11536,2025-12-30 13:04:21+05:30,3260.9,1,3251.2,1143198,122068.0,117759.0,3250.0,3265.1,3239.8,3251.5,44729825,3576.6,2926.4,4322.95,2866.6,3260.9,64,2,3260.7,97,4,3260.6,254,11,3260.5,65,3,3260.4,231,6,3261.8,146,8,3261.9,17,2,3262.0,142,3,3262.1,1,1,3262.2,62,4
11536,2025-12-30 13:04:22+05:30,3261.8,1,3251.2,1143198,122068.0,117759.0,3250.0,3265.1,3239.8,3251.5,44729825,3576.6,2926.4,4322.95,2866.6,3260.9,64,2,3260.7,97,4,3260.6,254,11,3260.5,65,3,3260.4,231,6,3261.8,146,8,3261.9,17,2,3262.0,142,3,3262.1,1,1,3262.2,62,4
11536,2025-12-30 13:04:22+05:30,3261.8,3,3251.2,1143222,121878.0,117579.0,3250.0,3265.1,3239.8,3251.5,44729825,3576.6,2926.4,4322.95,2866.6,3260.9,59,3,3260.7,97,4,3260.6,198,9,3260.5,65,3,3260.4,231,6,3261.8,141,8,3261.9,17,2,3262.0,142,3,3262.1,1,1,3262.2,62,4
11536,2025-12-30 13:04:23+05:30,3260.9,1,3251.2,1143222,121878.0,117579.0,3250.0,3265.1,3239.8,3251.5,44729825,3576.6,2926.4,4322.95,2866.6,3260.9,59,3,3260.7,97,4,3260.6,198,9,3260.5,65,3,3260.4,231,6,3261.8,141,8,3261.9,17,2,3262.0,142,3,3262.1,1,1,3262.2,62,4
11536,2025-12-30 13:04:23+05:30,3260.9,1,3251.2,1143223,122026.0,117763.0,3250.0,3265.1,3239.8,3251.5,44729825,3576.6,2926.4,4322.95,2866.6,3260.9,48,2,3260.8,52,1,3260.7,61,3,3260.6,235,11,3260.5,65,3,3261.8,110,7,3261.9,57,4,3262.0,142,3,3262.1,1,1,3262.2,62,4
11536,2025-12-30 13:04:24+05:30,3260.9,1,3251.2,1143223,122026.0,117763.0,3250.0,3265.1,3239.8,3251.5,44729825,3576.6,2926.4,4322.95,2866.6,3260.9,48,2,3260.8,52,1,3260.7,61,3,3260.6,235,11,3260.5,65,3,3261.8,110,7,3261.9,57,4,3262.0,142,3,3262.1,1,1,3262.2,62,4
11536,2025-12-30 13:04:24+05:30,3260.9,1,3251.2,1143225,122078.0,117733.0,3250.0,3265.1,3239.8,3251.5,44729825,3576.6,2926.4,4322.95,2866.6,3260.9,49,3,3260.8,52,1,3260.7,96,4,3260.6,235,11,3260.5,65,3,3261.8,108,5,3261.9,27,3,3262.0,106,2,3262.1,31,2,3262.2,62,4
11536,2025-12-30 13:04:25+05:30,3260.9,6,3251.2,1143225,122078.0,117733.0,3250.0,3265.1,3239.8,3251.5,44729825,3576.6,2926.4,4322.95,2866.6,3260.9,49,3,3260.8,52,1,3260.7,96,4,3260.6,235,11,3260.5,65,3,3261.8,108,5,3261.9,27,3,3262.0,106,2,3262.1,31,2,3262.2,62,4
11536,2025-12-30 13:04:25+05:30,3261.8,1,3251.2,1143232,122070.0,117712.0,3250.0,3265.1,3239.8,3251.5,44729825,3576.6,2926.4,4322.95,2866.6,3260.9,55,4,3260.8,52,1,3260.7,96,4,3260.6,269,11,3260.5,157,4,3261.8,106,4,3261.9,17,2,3262.0,106,2,3262.1,31,2,3262.2,54,3
11536,2025-12-30 13:04:26+05:30,3260.9,1,3251.2,1143232,122070.0,117712.0,3250.0,3265.1,3239.8,3251.5,44729825,3576.6,2926.4,4322.95,2866.6,3260.9,55,4,3260.8,52,1,3260.7,96,4,3260.6,269,11,3260.5,157,4,3261.8,106,4,3261.9,17,2,3262.0,106,2,3262.1,31,2,3262.2,54,3
11536,2025-12-30 13:04:26+05:30,3260.9,1,3251.2,1143237,122178.0,117236.0,3250.0,3265.1,3239.8,3251.5,44729825,3576.6,2926.4,4322.95,2866.6,3260.9,170,7,3260.8,87,2,3260.7,107,5,3260.6,327,12,3260.5,65,3,3261.8,119,6,3261.9,1,1,3262.0,106,2,3262.1,1,1,3262.2,35,2
11536,2025-12-30 13:04:27+05:30,3261.8,1,3251.2,1143237,122178.0,117236.0,3250.0,3265.1,3239.8,3251.5,44729825,3576.6,2926.4,4322.95,2866.6,3260.9,170,7,3260.8,87,2,3260.7,107,5,3260.6,327,12,3260.5,65,3,3261.8,119,6,3261.9,1,1,3262.0,106,2,3262.1,1,1,3262.2,35,2
11536,2025-12-30 13:04:27+05:30,3261.8,1,3251.21,1143376,123957.0,115988.0,3250.0,3265.1,3239.8,3251.5,44729825,3576.6,2926.4,4322.95,2866.6,3261.1,11,2,3260.9,149,7,3260.8,62,2,3260.7,107,5,3260.6,315,11,3261.8,94,5,3261.9,1,1,3262.0,136,3,3262.1,16,2,3262.2,20,1
11536,2025-12-30 13:04:28+05:30,3261.8,3,3251.21,1143376,123957.0,115988.0,3250.0,3265.1,3239.8,3251.5,44729825,3576.6,2926.4,4322.95,2866.6,3261.1,11,2,3260.9,149,7,3260.8,62,2,3260.7,107,5,3260.6,315,11,3261.8,94,5,3261.9,1,1,3262.0,136,3,3262.1,16,2,3262.2,20,1
11536,2025-12-30 13:04:28+05:30,3261.1,1,3251.21,1143385,123819.0,116728.0,3250.0,3265.1,3239.8,3251.5,44729825,3576.6,2926.4,4322.95,2866.6,3261.1,62,4,3260.9,117,6,3260.8,40,2,3260.7,189,5,3260.6,166,9,3261.8,91,5,3261.9,1,1,3262.0,121,3,3262.1,1,1,3262.2,20,1
11536,2025-12-30 13:04:29+05:30,3261.1,1,3251.21,1143385,123819.0,116728.0,3250.0,3265.1,3239.8,3251.5,44729825,3576.6,2926.4,4322.95,2866.6,3261.1,62,4,3260.9,117,6,3260.8,40,2,3260.7,189,5,3260.6,166,9,3261.8,91,5,3261.9,1,1,3262.0,121,3,3262.1,1,1,3262.2,20,1
11536,2025-12-30 13:04:29+05:30,3261.1,1,3251.21,1143386,123782.0,117260.0,3250.0,3265.1,3239.8,3251.5,44729825,3576.6,2926.4,4322.95,2866.6,3261.1,61,4,3260.9,117,6,3260.8,40,2,3260.7,107,5,3260.6,258,10,3261.8,114,6,3261.9,1,1,3262.0,106,2,3262.1,1,1,3262.2,118,5
11536,2025-12-30 13:04:30+05:30,3261.1,1,3251.21,1143386,123782.0,117260.0,3250.0,3265.1,3239.8,3251.5,44729825,3576.6,2926.4,4322.95,2866.6,3261.1,61,4,3260.9,117,6,3260.8,40,2,3260.7,107,5,3260.6,258,10,3261.8,114,6,3261.9,1,1,3262.0,106,2,3262.1,1,1,3262.2,118,5
11536,2025-12-30 13:04:30+05:30,3261.1,17,3251.21,1143407,123763.0,117153.0,3250.0,3265.1,3239.8,3251.5,44729825,3576.6,2926.4,4322.95,2866.6,3261.1,119,5,3261.0,11,1,3260.9,117,6,3260.8,40,2,3260.7,107,5,3261.8,97,4,3261.9,15,2,3262.0,121,3,3262.1,1,1,3262.2,103,4
11536,2025-12-30 13:04:31+05:30,3261.1,17,3251.21,1143407,123763.0,117153.0,3250.0,3265.1,3239.8,3251.5,44729825,3576.6,2926.4,4322.95,2866.6,3261.1,119,5,3261.0,11,1,3260.9,117,6,3260.8,40,2,3260.7,107,5,3261.8,97,4,3261.9,15,2,3262.0,121,3,3262.1,1,1,3262.2,103,4
11536,2025-12-30 13:04:31+05:30,3261.8,2,3251.21,1143411,121878.0,117738.0,3250.0,3265.1,3239.8,3251.5,44729825,3576.6,2926.4,4322.95,2866.6,3261.1,109,4,3261.0,11,1,3260.9,35,3,3260.8,5,1,3260.7,105,4,3261.8,108,5,3261.9,31,3,3262.0,123,3,3262.1,35,2,3262.2,82,4
11536,2025-12-30 13:04:32+05:30,3261.1,1,3251.21,1143411,121878.0,117738.0,3250.0,3265.1,3239.8,3251.5,44729825,3576.6,2926.4,4322.95,2866.6,3261.1,109,4,3261.0,11,1,3260.9,35,3,3260.8,5,1,3260.7,105,4,3261.8,108,5,3261.9,31,3,3262.0,123,3,3262.1,35,2,3262.2,82,4
11536,2025-12-30 13:04:32+05:30,3261.1,1,3251.21,1143412,121937.0,117789.0,3250.0,3265.1,3239.8,3251.5,44729825,3576.6,2926.4,4322.95,2866.6,3261.1,114,5,3261.0,11,1,3260.9,35,3,3260.8,9,2,3260.7,71,4,3261.8,108,5,3261.9,31,3,3262.0,123,3,3262.1,35,2,3262.2,82,4
11536,2025-12-30 13:04:33+05:30,3261.0,60,3251.21,1143412,121937.0,117789.0,3250.0,3265.1,3239.8,3251.5,44729825,3576.6,2926.4,4322.95,2866.6,3261.1,114,5,3261.0,11,1,3260.9,35,3,3260.8,9,2,3260.7,71,4,3261.8,108,5,3261.9,31,3,3262.0,123,3,3262.1,35,2,3262.2,82,4
11536,2025-12-30 13:04:33+05:30,3261.0,60,3251.21,1143697,121697.0,117956.0,3250.0,3265.1,3239.8,3251.5,44729825,3576.6,2926.4,4322.95,2866.6,3261.1,12,1,3261.0,16,3,3260.9,35,3,3260.8,9,2,3260.7,71,4,3261.8,115,6,3261.9,94,5,3262.0,123,3,3262.1,1,1,3262.2,53,3
11536,2025-12-30 13:04:34+05:30,3261.1,4,3251.21,1143697,121697.0,117956.0,3250.0,3265.1,3239.8,3251.5,44729825,3576.6,2926.4,4322.95,2866.6,3261.1,12,1,3261.0,16,3,3260.9,35,3,3260.8,9,2,3260.7,71,4,3261.8,115,6,3261.9,94,5,3262.0,123,3,3262.1,1,1,3262.2,53,3
11536,2025-12-30 13:04:34+05:30,3261.1,4,3251.21,1143701,121657.0,118003.0,3250.0,3265.1,3239.8,3251.5,44729825,3576.6,2926.4,4322.95,2866.6,3261.1,55,2,3261.0,16,3,3260.9,35,3,3260.8,9,2,3260.7,71,4,3261.8,103,5,3261.9,80,4,3262.0,123,3,3262.1,1,1,3262.2,53,3
11536,2025-12-30 13:04:35+05:30,3261.8,1,3251.21,1143702,121439.0,115021.0,3250.0,3265.1,3239.8,3251.5,44729825,3576.6,2926.4,4322.95,2866.6,3261.1,55,2,3261.0,16,3,3260.9,35,3,3260.8,9,2,3260.7,71,4,3261.8,112,6,3261.9,1,1,3262.0,106,2,3262.1,20,2,3262.2,103,5
11536,2025-12-30 13:04:36+05:30,3261.8,8,3251.21,1143702,121439.0,115021.0,3250.0,3265.1,3239.8,3251.5,44729825,3576.6,2926.4,4322.95,2866.6,3261.1,55,2,3261.0,16,3,3260.9,35,3,3260.8,9,2,3260.7,71,4,3261.8,112,6,3261.9,1,1,3262.0,106,2,3262.1,20,2,3262.2,103,5
11536,2025-12-30 13:04:36+05:30,3261.1,35,3251.21,1143753,119971.0,117131.0,3250.0,3265.1,3239.8,3251.5,44729825,3576.6,2926.4,4322.95,2866.6,3261.1,24,2,3261.0,16,3,3260.9,35,3,3260.8,9,2,3260.7,71,4,3261.8,100,6,3261.9,15,2,3262.0,135,3,3262.1,20,2,3262.2,108,5
11536,2025-12-30 13:04:37+05:30,3261.1,68,3251.21,1143753,119971.0,117131.0,3250.0,3265.1,3239.8,3251.5,44729825,3576.6,2926.4,4322.95,2866.6,3261.1,24,2,3261.0,16,3,3260.9,35,3,3260.8,9,2,3260.7,71,4,3261.8,100,6,3261.9,15,2,3262.0,135,3,3262.1,20,2,3262.2,108,5
11536,2025-12-30 13:04:37+05:30,3261.1,1,3251.21,1143929,121460.0,117754.0,3250.0,3265.1,3239.8,3251.5,44729825,3576.6,2926.4,4322.95,2866.6,3261.1,11,1,3261.0,16,3,3260.9,35,3,3260.8,9,2,3260.7,71,4,3261.8,40,5,3261.9,15,2,3262.0,140,3,3262.1,20,2,3262.2,74,4
11536,2025-12-30 13:04:38+05:30,3261.1,1,3251.21,1143929,121460.0,117754.0,3250.0,3265.1,3239.8,3251.5,44729825,3576.6,2926.4,4322.95,2866.6,3261.1,11,1,3261.0,16,3,3260.9,35,3,3260.8,9,2,3260.7,71,4,3261.8,40,5,3261.9,15,2,3262.0,140,3,3262.1,20,2,3262.2,74,4
11536,2025-12-30 13:04:38+05:30,3261.1,1,3251.21,1143929,121664.0,118454.0,3250.0,3265.1,3239.8,3251.5,44729825,3576.6,2926.4,4322.95,2866.6,3261.1,12,2,3261.0,16,3,3260.9,35,3,3260.8,9,2,3260.7,71,4,3261.8,40,5,3261.9,15,2,3262.0,140,3,3262.1,20,2,3262.2,74,4
11536,2025-12-30 13:04:39+05:30,3261.1,6,3251.21,1143935,121595.0,118261.0,3250.0,3265.1,3239.8,3251.5,44729825,3576.6,2926.4,4322.95,2866.6,3261.1,6,2,3261.0,16,3,3260.9,35,3,3260.8,9,2,3260.7,71,4,3261.8,4,2,3261.9,15,2,3262.0,106,2,3262.1,20,2,3262.2,103,5
11536,2025-12-30 13:04:40+05:30,3261.1,6,3251.21,1143935,121595.0,118261.0,3250.0,3265.1,3239.8,3251.5,44729825,3576.6,2926.4,4322.95,2866.6,3261.1,6,2,3261.0,16,3,3260.9,35,3,3260.8,9,2,3260.7,71,4,3261.8,4,2,3261.9,15,2,3262.0,106,2,3262.1,20,2,3262.2,103,5
11536,2025-12-30 13:04:40+05:30,3261.8,19,3251.21,1143982,121653.0,118372.0,3250.0,3265.1,3239.8,3251.5,44729825,3576.6,2926.4,4322.95,2866.6,3261.0,14,3,3260.9,35,3,3260.8,9,2,3260.7,71,4,3260.6,153,8,3261.8,13,3,3261.9,56,4,3262.0,138,3,3262.1,20,2,3262.2,74,4
11536,2025-12-30 13:04:41+05:30,3261.8,19,3251.21,1143982,121653.0,118372.0,3250.0,3265.1,3239.8,3251.5,44729825,3576.6,2926.4,4322.95,2866.6,3261.0,14,3,3260.9,35,3,3260.8,9,2,3260.7,71,4,3260.6,153,8,3261.8,13,3,3261.9,56,4,3262.0,138,3,3262.1,20,2,3262.2,74,4
11536,2025-12-30 13:04:41+05:30,3261.0,2,3251.21,1143984,121651.0,118400.0,3250.0,3265.1,3239.8,3251.5,44729825,3576.6,2926.4,4322.95,2866.6,3261.0,12,3,3260.9,35,3,3260.8,9,2,3260.7,71,4,3260.6,153,8,3261.8,54,6,3261.9,15,2,3262.0,156,4,3262.1,20,2,3262.2,74,4
11536,2025-12-30 13:04:42+05:30,3261.0,2,3251.21,1143984,121651.0,118400.0,3250.0,3265.1,3239.8,3251.5,44729825,3576.6,2926.4,4322.95,2866.6,3261.0,12,3,3260.9,35,3,3260.8,9,2,3260.7,71,4,3260.6,153,8,3261.8,54,6,3261.9,15,2,3262.0,156,4,3262.1,20,2,3262.2,74,4
11536,2025-12-30 13:04:42+05:30,3261.0,1,3251.21,1144036,121469.0,118225.0,3250.0,3265.1,3239.8,3251.5,44729825,3576.6,2926.4,4322.95,2866.6,3261.0,11,3,3260.9,35,3,3260.8,9,2,3260.7,71,4,3260.6,153,8,3261.8,19,5,3261.9,15,2,3262.0,156,4,3262.1,20,2,3262.2,74,4
11536,2025-12-30 13:04:43+05:30,3261.0,1,3251.21,1144036,121469.0,118225.0,3250.0,3265.1,3239.8,3251.5,44729825,3576.6,2926.4,4322.95,2866.6,3261.0,11,3,3260.9,35,3,3260.8,9,2,3260.7,71,4,3260.6,153,8,3261.8,19,5,3261.9,15,2,3262.0,156,4,3262.1,20,2,3262.2,74,4
11536,2025-12-30 13:04:43+05:30,3261.0,2,3251.21,1144042,121444.0,118254.0,3250.0,3265.1,3239.8,3251.5,44729825,3576.6,2926.4,4322.95,2866.6,3261.0,16,3,3260.9,35,3,3260.8,9,2,3260.7,71,4,3260.6,153,8,3261.8,37,5,3261.9,29,2,3262.0,174,5,3262.1,20,2,3262.2,56,3
11536,2025-12-30 13:04:44+05:30,3261.0,2,3251.21,1144042,121444.0,118254.0,3250.0,3265.1,3239.8,3251.5,44729825,3576.6,2926.4,4322.95,2866.6,3261.0,16,3,3260.9,35,3,3260.8,9,2,3260.7,71,4,3260.6,153,8,3261.8,37,5,3261.9,29,2,3262.0,174,5,3262.1,20,2,3262.2,56,3
11536,2025-12-30 13:04:44+05:30,3261.0,2,3251.21,1144042,121446.0,118496.0,3250.0,3265.1,3239.8,3251.5,44729825,3576.6,2926.4,4322.95,2866.6,3261.1,2,1,3261.0,16,3,3260.9,35,3,3260.8,9,2,3260.7,71,4,3261.8,66,7,3261.9,1,1,3262.0,174,5,3262.1,20,2,3262.2,56,3
11536,2025-12-30 13:04:45+05:30,3261.1,1,3251.21,1144052,121527.0,116235.0,3250.0,3265.1,3239.8,3251.5,44729825,3576.6,2926.4,4322.95,2866.6,3261.0,28,4,3260.9,35,3,3260.8,9,2,3260.7,109,6,3260.6,323,11,3261.8,2,2,3261.9,1,1,3262.0,106,2,3262.1,20,2,3262.2,41,2
11536,2025-12-30 13:04:46+05:30,3261.0,1,3251.21,1144052,121527.0,116235.0,3250.0,3265.1,3239.8,3251.5,44729825,3576.6,2926.4,4322.95,2866.6,3261.0,28,4,3260.9,35,3,3260.8,9,2,3260.7,109,6,3260.6,323,11,3261.8,2,2,3261.9,1,1,3262.0,106,2,3262.1,20,2,3262.2,41,2
11536,2025-12-30 13:04:46+05:30,3261.8,1,3251.21,1144054,121466.0,117921.0,3250.0,3265.1,3239.8,3251.5,44729825,3576.6,2926.4,4322.95,2866.6,3261.0,27,4,3260.9,35,3,3260.8,37,3,3260.7,99,5,3260.6,199,9,3261.8,29,4,3261.9,14,2,3262.0,150,4,3262.1,52,3,3262.2,73,4
11536,2025-12-30 13:04:47+05:30,3261.0,16,3251.21,1144054,121466.0,117921.0,3250.0,3265.1,3239.8,3251.5,44729825,3576.6,2926.4,4322.95,2866.6,3261.0,27,4,3260.9,35,3,3260.8,37,3,3260.7,99,5,3260.6,199,9,3261.8,29,4,3261.9,14,2,3262.0,150,4,3262.1,52,3,3262.2,73,4
11536,2025-12-30 13:04:47+05:30,3261.0,16,3251.21,1144177,121499.0,118287.0,3250.0,3265.1,3239.8,3251.5,44729825,3576.6,2926.4,4322.95,2866.6,3260.9,47,4,3260.8,9,2,3260.7,71,4,3260.6,153,8,3260.5,6,1,3261.9,60,5,3262.0,138,3,3262.1,23,3,3262.2,73,4,3262.3,25,1
11536,2025-12-30 13:04:48+05:30,3261.9,1,3251.21,1144181,121656.0,118402.0,3250.0,3265.1,3239.8,3251.5,44729825,3576.6,2926.4,4322.95,2866.6,3260.9,47,4,3260.8,9,2,3260.7,71,4,3260.6,153,8,3260.5,6,1,3261.9,60,6,3262.0,138,3,3262.1,23,3,3262.2,73,4,3262.3,25,1
11536,2025-12-30 13:04:49+05:30,3261.9,1,3251.21,1144181,121656.0,118402.0,3250.0,3265.1,3239.8,3251.5,44729825,3576.6,2926.4,4322.95,2866.6,3260.9,47,4,3260.8,9,2,3260.7,71,4,3260.6,153,8,3260.5,6,1,3261.9,60,6,3262.0,138,3,3262.1,23,3,3262.2,73,4,3262.3,25,1
11536,2025-12-30 13:04:49+05:30,3261.9,1,3251.21,1144181,121803.0,117022.0,3250.0,3265.1,3239.8,3251.5,44729825,3576.6,2926.4,4322.95,2866.6,3260.9,35,3,3260.8,9,2,3260.7,71,4,3260.6,153,8,3260.5,6,1,3261.9,60,6,3262.0,138,3,3262.1,23,3,3262.2,73,4,3262.3,25,1
11536,2025-12-30 13:04:50+05:30,3260.9,18,3251.21,1144181,121803.0,117022.0,3250.0,3265.1,3239.8,3251.5,44729825,3576.6,2926.4,4322.95,2866.6,3260.9,35,3,3260.8,9,2,3260.7,71,4,3260.6,153,8,3260.5,6,1,3261.9,60,6,3262.0,138,3,3262.1,23,3,3262.2,73,4,3262.3,25,1
11536,2025-12-30 13:04:50+05:30,3261.9,1,3251.21,1144201,121784.0,118322.0,3250.0,3265.1,3239.8,3251.5,44729825,3576.6,2926.4,4322.95,2866.6,3260.9,17,3,3260.8,9,2,3260.7,71,4,3260.6,153,8,3260.5,6,1,3261.9,29,5,3262.0,164,4,3262.1,23,3,3262.2,73,4,3262.3,76,2
11536,2025-12-30 13:04:51+05:30,3261.9,1,3251.21,1144201,121784.0,118322.0,3250.0,3265.1,3239.8,3251.5,44729825,3576.6,2926.4,4322.95,2866.6,3260.9,17,3,3260.8,9,2,3260.7,71,4,3260.6,153,8,3260.5,6,1,3261.9,29,5,3262.0,164,4,3262.1,23,3,3262.2,73,4,3262.3,76,2
11536,2025-12-30 13:04:51+05:30,3262.0,3,3251.21,1144314,122099.0,117185.0,3250.0,3265.1,3239.8,3251.5,44729825,3576.6,2926.4,4322.95,2866.6,3261.1,38,2,3261.0,30,1,3260.9,63,7,3260.8,9,2,3260.7,209,6,3262.0,27,2,3262.1,1,1,3262.2,52,3,3262.4,48,3,3262.5,65,2
11536,2025-12-30 13:04:52+05:30,3262.0,3,3251.21,1144314,122099.0,117185.0,3250.0,3265.1,3239.8,3251.5,44729825,3576.6,2926.4,4322.95,2866.6,3261.1,38,2,3261.0,30,1,3260.9,63,7,3260.8,9,2,3260.7,209,6,3262.0,27,2,3262.1,1,1,3262.2,52,3,3262.4,48,3,3262.5,65,2
11536,2025-12-30 13:04:53+05:30,3262.0,1,3251.21,1144314,122099.0,117185.0,3250.0,3265.1,3239.8,3251.5,44729825,3576.6,2926.4,4322.95,2866.6,3261.1,38,2,3261.0,30,1,3260.9,63,7,3260.8,9,2,3260.7,209,6,3262.0,27,2,3262.1,1,1,3262.2,52,3,3262.4,48,3,3262.5,65,2
11536,2025-12-30 13:04:53+05:30,3262.0,1,3251.21,1144316,122032.0,117011.0,3250.0,3265.1,3239.8,3251.5,44729825,3576.6,2926.4,4322.95,2866.6,3261.1,68,3,3261.0,50,2,3260.9,63,7,3260.8,19,3,3260.7,212,7,3262.0,40,4,3262.1,1,1,3262.4,30,2,3262.5,65,2,3262.6,43,2
11536,2025-12-30 13:04:54+05:30,3262.0,1,3251.21,1144316,122032.0,117011.0,3250.0,3265.1,3239.8,3251.5,44729825,3576.6,2926.4,4322.95,2866.6,3261.1,117,4,3261.0,50,2,3260.9,63,7,3260.8,125,5,3260.7,120,6,3262.0,38,4,3262.1,1,1,3262.4,30,2,3262.5,15,1,3262.6,43,2
11536,2025-12-30 13:04:54+05:30,3262.0,1,3251.21,1144318,122251.0,117134.0,3250.0,3265.1,3239.8,3251.5,44729825,3576.6,2926.4,4322.95,2866.6,3261.1,117,4,3261.0,50,2,3260.9,63,7,3260.8,125,5,3260.7,120,6,3262.0,38,4,3262.1,1,1,3262.4,30,2,3262.5,15,1,3262.6,43,2
11536,2025-12-30 13:04:55+05:30,3261.6,3,3251.21,1144318,122251.0,117134.0,3250.0,3265.1,3239.8,3251.5,44729825,3576.6,2926.4,4322.95,2866.6,3261.1,117,4,3261.0,50,2,3260.9,63,7,3260.8,125,5,3260.7,120,6,3262.0,38,4,3262.1,1,1,3262.4,30,2,3262.5,15,1,3262.6,43,2
11536,2025-12-30 13:04:55+05:30,3262.7,46,3251.21,1144430,122498.0,114850.0,3250.0,3265.1,3239.8,3251.5,44729825,3576.6,2926.4,4322.95,2866.6,3261.7,56,2,3261.6,27,3,3261.5,40,2,3261.4,180,7,3261.3,42,2,3262.7,8,2,3262.9,22,2,3263.0,95,4,3263.1,53,2,3263.2,70,3
11536,2025-12-30 13:04:56+05:30,3262.7,46,3251.21,1144430,122498.0,114850.0,3250.0,3265.1,3239.8,3251.5,44729825,3576.6,2926.4,4322.95,2866.6,3261.7,56,2,3261.6,27,3,3261.5,40,2,3261.4,180,7,3261.3,42,2,3262.7,8,2,3262.9,22,2,3263.0,95,4,3263.1,53,2,3263.2,70,3
11536,2025-12-30 13:04:56+05:30,3262.7,46,3251.21,1144430,122624.0,115585.0,3250.0,3265.1,3239.8,3251.5,44729825,3576.6,2926.4,4322.95,2866.6,3261.9,56,2,3261.8,12,1,3261.7,10,1,3261.6,21,2,3261.5,120,2,3262.7,2,1,3262.9,14,2,3263.0,51,2,3263.1,15,2,3263.2,49,2
11536,2025-12-30 13:04:57+05:30,3261.9,5,3251.21,1144430,122624.0,115585.0,3250.0,3265.1,3239.8,3251.5,44729825,3576.6,2926.4,4322.95,2866.6,3261.9,56,2,3261.8,12,1,3261.7,10,1,3261.6,21,2,3261.5,120,2,3262.7,2,1,3262.9,14,2,3263.0,51,2,3263.1,15,2,3263.2,49,2
11536,2025-12-30 13:04:57+05:30,3261.9,5,3251.22,1144515,122410.0,115309.0,3250.0,3265.1,3239.8,3251.5,44729825,3576.6,2926.4,4322.95,2866.6,3261.8,34,2,3261.6,56,2,3261.5,132,4,3261.4,40,2,3261.3,217,3,3262.7,3,2,3262.9,28,3,3263.0,51,2,3263.1,1,1,3263.2,84,4
11536,2025-12-30 13:04:58+05:30,3261.8,2,3251.22,1144534,121689.0,116211.0,3250.0,3265.1,3239.8,3251.5,44729825,3576.6,2926.4,4322.95,2866.6,3261.8,28,2,3261.7,33,2,3261.6,4,1,3261.5,50,4,3261.4,24,2,3262.7,26,4,3262.9,15,2,3263.0,51,2,3263.1,33,3,3263.2,30,1
11536,2025-12-30 13:04:59+05:30,3261.8,2,3251.22,1144534,121689.0,116211.0,3250.0,3265.1,3239.8,3251.5,44729825,3576.6,2926.4,4322.95,2866.6,3261.8,28,2,3261.7,33,2,3261.6,4,1,3261.5,50,4,3261.4,24,2,3262.7,26,4,3262.9,15,2,3263.0,51,2,3263.1,33,3,3263.2,30,1
11536,2025-12-30 13:04:59+05:30,3261.8,2,3251.22,1144534,121598.0,116223.0,3250.0,3265.1,3239.8,3251.5,44729825,3576.6,2926.4,4322.95,2866.6,3261.8,73,3,3261.7,33,2,3261.6,4,1,3261.5,50,4,3261.4,29,3,3262.7,16,4,3262.9,1,1,3263.0,51,2,3263.1,33,3,3263.2,30,1
11536,2025-12-30 13:05:00+05:30,3263.0,26,3251.22,1144534,121598.0,116223.0,3250.0,3265.1,3239.8,3251.5,44729825,3576.6,2926.4,4322.95,2866.6,3261.8,73,3,3261.7,33,2,3261.6,4,1,3261.5,50,4,3261.4,29,3,3262.7,16,4,3262.9,1,1,3263.0,51,2,3263.1,33,3,3263.2,30,1
11536,2025-12-30 13:05:00+05:30,3263.0,26,3251.22,1144605,120628.0,115862.0,3250.0,3265.1,3239.8,3251.5,44729825,3576.6,2926.4,4322.95,2866.6,3262.7,1,1,3261.8,49,2,3261.7,73,3,3261.6,186,5,3261.5,213,5,3263.0,60,4,3263.1,1,1,3263.2,43,2,3263.3,38,3,3263.4,62,3
11536,2025-12-30 13:05:01+05:30,3262.7,1,3251.22,1144606,120203.0,114215.0,3250.0,3265.1,3239.8,3251.5,44729825,3576.6,2926.4,4322.95,2866.6,3261.8,147,5,3261.7,12,2,3261.6,103,3,3261.5,61,5,3261.4,152,5,3263.0,61,5,3263.1,16,2,3263.2,17,1,3263.3,38,3,3263.4,82,4
11536,2025-12-30 13:05:02+05:30,3262.0,2,3251.22,1144606,120203.0,114215.0,3250.0,3265.1,3239.8,3251.5,44729825,3576.6,2926.4,4322.95,2866.6,3261.8,147,5,3261.7,12,2,3261.6,103,3,3261.5,61,5,3261.4,152,5,3263.0,61,5,3263.1,16,2,3263.2,17,1,3263.3,38,3,3263.4,82,4
11536,2025-12-30 13:05:02+05:30,3262.0,2,3251.22,1144610,119869.0,115961.0,3250.0,3265.1,3239.8,3251.5,44729825,3576.6,2926.4,4322.95,2866.6,3261.9,54,2,3261.8,144,4,3261.7,12,2,3261.6,21,3,3261.5,153,6,3263.0,51,6,3263.1,1,1,3263.2,8,1,3263.3,21,2,3263.4,62,3
11536,2025-12-30 13:05:03+05:30,3262.8,1,3251.22,1144610,119869.0,115961.0,3250.0,3265.1,3239.8,3251.5,44729825,3576.6,2926.4,4322.95,2866.6,3261.9,54,2,3261.8,144,4,3261.7,12,2,3261.6,21,3,3261.5,153,6,3263.0,51,6,3263.1,1,1,3263.2,8,1,3263.3,21,2,3263.4,62,3
11536,2025-12-30 13:05:03+05:30,3262.8,1,3251.22,1144611,119135.0,115897.0,3250.0,3265.1,3239.8,3251.5,44729825,3576.6,2926.4,4322.95,2866.6,3261.8,100,3,3261.7,12,2,3261.6,20,3,3261.5,30,3,3261.4,29,3,3262.8,102,5,3262.9,85,3,3263.0,37,6,3263.1,56,5,3263.2,258,4
11536,2025-12-30 13:05:04+05:30,3261.8,2,3251.22,1144611,119135.0,115897.0,3250.0,3265.1,3239.8,3251.5,44729825,3576.6,2926.4,4322.95,2866.6,3261.8,100,3,3261.7,12,2,3261.6,20,3,3261.5,30,3,3261.4,29,3,3262.8,102,5,3262.9,85,3,3263.0,37,6,3263.1,56,5,3263.2,258,4
11536,2025-12-30 13:05:04+05:30,3261.8,1,3251.22,1144624,119258.0,116901.0,3250.0,3265.1,3239.8,3251.5,44729825,3576.6,2926.4,4322.95,2866.6,3261.8,92,4,3261.7,22,3,3261.6,11,2,3261.5,30,3,3261.4,29,3,3262.8,78,5,3262.9,42,1,3263.0,24,3,3263.1,41,4,3263.2,127,4
11536,2025-12-30 13:05:05+05:30,3261.8,1,3251.22,1144624,119258.0,116901.0,3250.0,3265.1,3239.8,3251.5,44729825,3576.6,2926.4,4322.95,2866.6,3261.8,92,4,3261.7,22,3,3261.6,11,2,3261.5,30,3,3261.4,29,3,3262.8,78,5,3262.9,42,1,3263.0,24,3,3263.1,41,4,3263.2,127,4
11536,2025-12-30 13:05:05+05:30,3262.7,1,3251.22,1144626,119270.0,116921.0,3250.0,3265.1,3239.8,3251.5,44729825,3576.6,2926.4,4322.95,2866.6,3261.8,91,4,3261.7,22,3,3261.6,11,2,3261.5,30,3,3261.4,29,3,3262.7,59,4,3262.8,57,3,3262.9,42,1,3263.0,23,2,3263.1,99,5
11536,2025-12-30 13:05:06+05:30,3261.8,1,3251.22,1144626,119270.0,116921.0,3250.0,3265.1,3239.8,3251.5,44729825,3576.6,2926.4,4322.95,2866.6,3261.8,91,4,3261.7,22,3,3261.6,11,2,3261.5,30,3,3261.4,29,3,3262.7,59,4,3262.8,57,3,3262.9,42,1,3263.0,23,2,3263.1,99,5
11536,2025-12-30 13:05:06+05:30,3261.8,1,3251.22,1144631,119427.0,117126.0,3250.0,3265.1,3239.8,3251.5,44729825,3576.6,2926.4,4322.95,2866.6,3261.8,86,4,3261.7,22,3,3261.6,11,2,3261.5,30,3,3261.4,29,3,3262.7,61,6,3262.8,86,4,3262.9,42,1,3263.0,22,1,3263.1,99,5
11536,2025-12-30 13:05:07+05:30,3261.8,46,3251.22,1144631,119427.0,117126.0,3250.0,3265.1,3239.8,3251.5,44729825,3576.6,2926.4,4322.95,2866.6,3261.8,86,4,3261.7,22,3,3261.6,11,2,3261.5,30,3,3261.4,29,3,3262.7,61,6,3262.8,86,4,3262.9,42,1,3263.0,22,1,3263.1,99,5
11536,2025-12-30 13:05:07+05:30,3261.8,2,3251.22,1144714,118815.0,118162.0,3250.0,3265.1,3239.8,3251.5,44729825,3576.6,2926.4,4322.95,2866.6,3261.8,8,3,3261.7,13,2,3261.6,4,1,3261.5,10,1,3261.4,6,2,3262.6,110,6,3262.7,18,4,3262.8,73,3,3262.9,103,2,3263.0,96,3
11536,2025-12-30 13:05:08+05:30,3261.8,2,3251.22,1144714,118815.0,118162.0,3250.0,3265.1,3239.8,3251.5,44729825,3576.6,2926.4,4322.95,2866.6,3261.8,8,3,3261.7,13,2,3261.6,4,1,3261.5,10,1,3261.4,6,2,3262.6,110,6,3262.7,18,4,3262.8,73,3,3262.9,103,2,3263.0,96,3
11536,2025-12-30 13:05:08+05:30,3261.8,2,3251.22,1144714,118711.0,116480.0,3250.0,3265.1,3239.8,3251.5,44729825,3576.6,2926.4,4322.95,2866.6,3261.8,9,4,3261.7,13,2,3261.6,4,1,3261.5,10,1,3261.4,6,2,3262.6,91,6,3262.7,18,4,3262.8,73,3,3262.9,103,2,3263.0,96,3
11536,2025-12-30 13:05:09+05:30,3261.8,1,3251.22,1144714,118711.0,116480.0,3250.0,3265.1,3239.8,3251.5,44729825,3576.6,2926.4,4322.95,2866.6,3261.8,9,4,3261.7,13,2,3261.6,4,1,3261.5,10,1,3261.4,6,2,3262.6,91,6,3262.7,18,4,3262.8,73,3,3262.9,103,2,3263.0,96,3
11536,2025-12-30 13:05:09+05:30,3261.8,1,3251.22,1144716,118709.0,117938.0,3250.0,3265.1,3239.8,3251.5,44729825,3576.6,2926.4,4322.95,2866.6,3261.8,7,4,3261.7,13,2,3261.6,4,1,3261.5,10,1,3261.4,6,2,3262.6,133,8,3262.7,16,2,3262.8,73,3,3262.9,121,3,3263.0,96,3
11536,2025-12-30 13:05:10+05:30,3261.8,1,3251.22,1144716,118709.0,117938.0,3250.0,3265.1,3239.8,3251.5,44729825,3576.6,2926.4,4322.95,2866.6,3261.8,7,4,3261.7,13,2,3261.6,4,1,3261.5,10,1,3261.4,6,2,3262.6,133,8,3262.7,16,2,3262.8,73,3,3262.9,121,3,3263.0,96,3
11536,2025-12-30 13:05:10+05:30,3261.8,1,3251.22,1144730,118717.0,116636.0,3250.0,3265.1,3239.8,3251.5,44729825,3576.6,2926.4,4322.95,2866.6,3261.8,99,5,3261.7,13,2,3261.6,4,1,3261.5,10,1,3261.4,6,2,3262.6,120,6,3262.8,56,2,3262.9,121,3,3263.0,116,4,3263.1,179,7
11536,2025-12-30 13:05:11+05:30,3261.8,1,3251.22,1144730,118717.0,116636.0,3250.0,3265.1,3239.8,3251.5,44729825,3576.6,2926.4,4322.95,2866.6,3261.8,99,5,3261.7,13,2,3261.6,4,1,3261.5,10,1,3261.4,6,2,3262.6,120,6,3262.8,56,2,3262.9,121,3,3263.0,116,4,3263.1,179,7
11536,2025-12-30 13:05:11+05:30,3261.8,3,3251.22,1144734,118420.0,118783.0,3250.0,3265.1,3239.8,3251.5,44729825,3576.6,2926.4,4322.95,2866.6,3261.8,96,5,3261.7,13,2,3261.6,4,1,3261.5,10,1,3261.4,6,2,3261.9,1,1,3262.4,51,2,3262.5,79,3,3262.6,62,4,3262.7,61,1
11536,2025-12-30 13:05:12+05:30,3262.4,1,3251.22,1144734,118420.0,118783.0,3250.0,3265.1,3239.8,3251.5,44729825,3576.6,2926.4,4322.95,2866.6,3261.8,96,5,3261.7,13,2,3261.6,4,1,3261.5,10,1,3261.4,6,2,3261.9,1,1,3262.4,51,2,3262.5,79,3,3262.6,62,4,3262.7,61,1
11536,2025-12-30 13:05:12+05:30,3262.4,1,3251.22,1144736,118471.0,118536.0,3250.0,3265.1,3239.8,3251.5,44729825,3576.6,2926.4,4322.95,2866.6,3261.8,96,5,3261.7,13,2,3261.6,4,1,3261.5,10,1,3261.4,6,2,3262.5,102,5,3262.6,62,4,3262.8,87,4,3262.9,60,2,3263.0,116,4
11536,2025-12-30 13:05:13+05:30,3262.5,3,3251.22,1144736,118471.0,118536.0,3250.0,3265.1,3239.8,3251.5,44729825,3576.6,2926.4,4322.95,2866.6,3261.8,96,5,3261.7,13,2,3261.6,4,1,3261.5,10,1,3261.4,6,2,3262.5,102,5,3262.6,62,4,3262.8,87,4,3262.9,60,2,3263.0,116,4
11536,2025-12-30 13:05:13+05:30,3261.8,6,3251.22,1144751,118277.0,118487.0,3250.0,3265.1,3239.8,3251.5,44729825,3576.6,2926.4,4322.95,2866.6,3261.8,85,4,3261.7,13,2,3261.6,4,1,3261.5,10,1,3261.4,6,2,3262.5,98,6,3262.6,62,4,3262.8,87,4,3262.9,60,2,3263.0,116,4
11536,2025-12-30 13:05:14+05:30,3261.8,2,3251.22,1144751,118277.0,118487.0,3250.0,3265.1,3239.8,3251.5,44729825,3576.6,2926.4,4322.95,2866.6,3261.8,85,4,3261.7,13,2,3261.6,4,1,3261.5,10,1,3261.4,6,2,3262.5,98,6,3262.6,62,4,3262.8,87,4,3262.9,60,2,3263.0,116,4
11536,2025-12-30 13:05:14+05:30,3261.8,1,3251.22,1144754,117221.0,118487.0,3250.0,3265.1,3239.8,3251.5,44729825,3576.6,2926.4,4322.95,2866.6,3261.8,82,4,3261.7,13,2,3261.6,4,1,3261.5,10,1,3261.4,6,2,3262.5,99,7,3262.6,60,2,3262.8,87,4,3262.9,60,2,3263.0,117,5
11536,2025-12-30 13:05:15+05:30,3261.8,1,3251.22,1144754,117221.0,118487.0,3250.0,3265.1,3239.8,3251.5,44729825,3576.6,2926.4,4322.95,2866.6,3261.8,82,4,3261.7,13,2,3261.6,4,1,3261.5,10,1,3261.4,6,2,3262.5,99,7,3262.6,60,2,3262.8,87,4,3262.9,60,2,3263.0,117,5
11536,2025-12-30 13:05:15+05:30,3262.5,1,3251.22,1144859,119150.0,117671.0,3250.0,3265.1,3239.8,3251.5,44729825,3576.6,2926.4,4322.95,2866.6,3262.5,296,1,3261.9,1,1,3261.8,82,4,3261.7,13,2,3261.6,4,1,3262.6,31,1,3262.8,35,3,3263.0,53,3,3263.1,85,4,3263.2,221,4
11536,2025-12-30 13:05:16+05:30,3262.5,1,3251.22,1144859,119150.0,117671.0,3250.0,3265.1,3239.8,3251.5,44729825,3576.6,2926.4,4322.95,2866.6,3262.5,296,1,3261.9,1,1,3261.8,82,4,3261.7,13,2,3261.6,4,1,3262.6,31,1,3262.8,35,3,3263.0,53,3,3263.1,85,4,3263.2,221,4
11536,2025-12-30 13:05:16+05:30,3262.5,1,3251.22,1144861,119164.0,117522.0,3250.0,3265.1,3239.8,3251.5,44729825,3576.6,2926.4,4322.95,2866.6,3262.5,391,2,3261.8,19,3,3261.7,16,3,3261.6,22,2,3261.5,229,3,3262.6,32,2,3262.8,26,2,3263.0,47,3,3263.1,85,4,3263.2,6,1
11536,2025-12-30 13:05:17+05:30,3262.5,78,3251.22,1144861,119164.0,117522.0,3250.0,3265.1,3239.8,3251.5,44729825,3576.6,2926.4,4322.95,2866.6,3262.5,391,2,3261.8,19,3,3261.7,16,3,3261.6,22,2,3261.5,229,3,3262.6,32,2,3262.8,26,2,3263.0,47,3,3263.1,85,4,3263.2,6,1
11536,2025-12-30 13:05:17+05:30,3262.6,1,3251.22,1144940,119317.0,117637.0,3250.0,3265.1,3239.8,3251.5,44729825,3576.6,2926.4,4322.95,2866.6,3262.5,313,2,3261.8,19,3,3261.7,16,3,3261.6,22,2,3261.5,54,2,3262.6,47,4,3262.8,13,1,3262.9,24,1,3263.0,23,2,3263.1,67,3
11536,2025-12-30 13:05:18+05:30,3262.5,1,3251.22,1144940,119317.0,117637.0,3250.0,3265.1,3239.8,3251.5,44729825,3576.6,2926.4,4322.95,2866.6,3262.5,313,2,3261.8,19,3,3261.7,16,3,3261.6,22,2,3261.5,54,2,3262.6,47,4,3262.8,13,1,3262.9,24,1,3263.0,23,2,3263.1,67,3
11536,2025-12-30 13:05:18+05:30,3262.5,16,3251.22,1144960,119504.0,117187.0,3250.0,3265.1,3239.8,3251.5,44729825,3576.6,2926.4,4322.95,2866.6,3262.5,296,2,3262.0,50,1,3261.8,19,3,3261.7,60,4,3261.6,40,3,3262.6,43,4,3262.8,17,1,3263.0,101,5,3263.1,53,2,3263.2,19,2
11536,2025-12-30 13:05:18+05:30,3262.5,16,3251.22,1144960,119504.0,117187.0,3250.0,3265.1,3239.8,3251.5,44729825,3576.6,2926.4,4322.95,2866.6,3262.5,296,2,3262.0,50,1,3261.8,19,3,3261.7,60,4,3261.6,40,3,3262.6,43,4,3262.8,17,1,3263.0,101,5,3263.1,53,2,3263.2,19,2
11536,2025-12-30 13:05:19+05:30,3262.5,16,3251.22,1144960,119504.0,117187.0,3250.0,3265.1,3239.8,3251.5,44729825,3576.6,2926.4,4322.95,2866.6,3262.5,296,2,3262.0,50,1,3261.8,19,3,3261.7,60,4,3261.6,40,3,3262.6,43,4,3262.8,17,1,3263.0,101,5,3263.1,53,2,3263.2,19,2
11536,2025-12-30 13:05:19+05:30,3262.6,15,3251.22,1144975,119474.0,117308.0,3250.0,3265.1,3239.8,3251.5,44729825,3576.6,2926.4,4322.95,2866.6,3262.5,306,3,3262.0,50,1,3261.8,19,3,3261.7,60,4,3261.6,40,3,3262.6,42,6,3262.8,30,2,3262.9,24,1,3263.0,77,4,3263.1,66,3
11536,2025-12-30 13:05:19+05:30,3262.6,15,3251.22,1144975,119474.0,117308.0,3250.0,3265.1,3239.8,3251.5,44729825,3576.6,2926.4,4322.95,2866.6,3262.5,306,3,3262.0,50,1,3261.8,19,3,3261.7,60,4,3261.6,40,3,3262.6,42,6,3262.8,30,2,3262.9,24,1,3263.0,77,4,3263.1,66,3
11536,2025-12-30 13:05:20+05:30,3262.6,15,3251.22,1144975,119474.0,117308.0,3250.0,3265.1,3239.8,3251.5,44729825,3576.6,2926.4,4322.95,2866.6,3262.5,306,3,3262.0,50,1,3261.8,19,3,3261.7,60,4,3261.6,40,3,3262.6,42,6,3262.8,30,2,3262.9,24,1,3263.0,77,4,3263.1,66,3
11536,2025-12-30 13:05:20+05:30,3262.5,12,3251.22,1144987,119287.0,117355.0,3250.0,3265.1,3239.8,3251.5,44729825,3576.6,2926.4,4322.95,2866.6,3262.5,294,3,3262.0,50,1,3261.8,19,3,3261.7,16,3,3261.6,40,3,3262.6,41,6,3262.8,17,1,3262.9,24,1,3263.0,77,4,3263.1,66,3
11536,2025-12-30 13:05:21+05:30,3262.6,1,3251.22,1144987,119287.0,117355.0,3250.0,3265.1,3239.8,3251.5,44729825,3576.6,2926.4,4322.95,2866.6,3262.5,294,3,3262.0,50,1,3261.8,19,3,3261.7,16,3,3261.6,40,3,3262.6,41,6,3262.8,17,1,3262.9,24,1,3263.0,77,4,3263.1,66,3
11536,2025-12-30 13:05:21+05:30,3262.6,1,3251.22,1144987,119287.0,117355.0,3250.0,3265.1,3239.8,3251.5,44729825,3576.6,2926.4,4322.95,2866.6,3262.5,294,3,3262.0,50,1,3261.8,19,3,3261.7,16,3,3261.6,40,3,3262.6,41,6,3262.8,17,1,3262.9,24,1,3263.0,77,4,3263.1,66,3
11536,2025-12-30 13:05:21+05:30,3262.5,2,3251.22,1144993,119397.0,117366.0,3250.0,3265.1,3239.8,3251.5,44729825,3576.6,2926.4,4322.95,2866.6,3262.5,289,3,3262.0,50,1,3261.8,5,2,3261.7,16,3,3261.6,22,2,3262.6,39,5,3262.8,41,2,3262.9,6,1,3263.0,105,5,3263.1,66,3
11536,2025-12-30 13:05:22+05:30,3262.5,2,3251.22,1144993,119397.0,117366.0,3250.0,3265.1,3239.8,3251.5,44729825,3576.6,2926.4,4322.95,2866.6,3262.5,289,3,3262.0,50,1,3261.8,5,2,3261.7,16,3,3261.6,22,2,3262.6,39,5,3262.8,41,2,3262.9,6,1,3263.0,105,5,3263.1,66,3
11536,2025-12-30 13:05:22+05:30,3262.5,2,3251.22,1144993,119397.0,117366.0,3250.0,3265.1,3239.8,3251.5,44729825,3576.6,2926.4,4322.95,2866.6,3262.5,289,3,3262.0,50,1,3261.8,5,2,3261.7,16,3,3261.6,22,2,3262.6,39,5,3262.8,41,2,3262.9,6,1,3263.0,105,5,3263.1,66,3
11536,2025-12-30 13:05:22+05:30,3262.5,2,3251.22,1144997,119397.0,117418.0,3250.0,3265.1,3239.8,3251.5,44729825,3576.6,2926.4,4322.95,2866.6,3262.5,286,3,3262.4,9,1,3262.0,50,1,3261.8,5,2,3261.7,3,1,3262.6,50,6,3262.8,41,2,3262.9,7,2,3263.0,105,5,3263.1,66,3
11536,2025-12-30 13:05:23+05:30,3262.5,2,3251.22,1144997,119397.0,117418.0,3250.0,3265.1,3239.8,3251.5,44729825,3576.6,2926.4,4322.95,2866.6,3262.5,286,3,3262.4,9,1,3262.0,50,1,3261.8,5,2,3261.7,3,1,3262.6,50,6,3262.8,41,2,3262.9,7,2,3263.0,105,5,3263.1,66,3
11536,2025-12-30 13:05:23+05:30,3262.5,2,3251.22,1144997,119397.0,117418.0,3250.0,3265.1,3239.8,3251.5,44729825,3576.6,2926.4,4322.95,2866.6,3262.5,286,3,3262.4,9,1,3262.0,50,1,3261.8,5,2,3261.7,3,1,3262.6,50,6,3262.8,41,2,3262.9,7,2,3263.0,105,5,3263.1,66,3
11536,2025-12-30 13:05:23+05:30,3263.0,1,3251.22,1145163,120080.0,116483.0,3250.0,3265.1,3239.8,3251.5,44729825,3576.6,2926.4,4322.95,2866.6,3262.5,287,4,3262.4,9,1,3262.0,50,1,3261.8,5,2,3261.7,145,4,3263.1,1,1,3263.2,37,3,3263.3,21,2,3263.4,177,2,3263.5,37,3
11536,2025-12-30 13:05:23+05:30,3263.0,1,3251.22,1145163,120080.0,116483.0,3250.0,3265.1,3239.8,3251.5,44729825,3576.6,2926.4,4322.95,2866.6,3262.5,287,4,3262.4,9,1,3262.0,50,1,3261.8,5,2,3261.7,145,4,3263.1,1,1,3263.2,37,3,3263.3,21,2,3263.4,177,2,3263.5,37,3
11536,2025-12-30 13:05:24+05:30,3263.0,1,3251.22,1145163,120080.0,116483.0,3250.0,3265.1,3239.8,3251.5,44729825,3576.6,2926.4,4322.95,2866.6,3262.5,287,4,3262.4,9,1,3262.0,50,1,3261.8,5,2,3261.7,145,4,3263.1,1,1,3263.2,37,3,3263.3,21,2,3263.4,177,2,3263.5,37,3
11536,2025-12-30 13:05:24+05:30,3263.0,1,3251.22,1145163,120169.0,116690.0,3250.0,3265.1,3239.8,3251.5,44729825,3576.6,2926.4,4322.95,2866.6,3262.5,287,4,3262.4,9,1,3262.0,50,1,3261.8,49,3,3261.7,145,4,3263.1,26,4,3263.2,6,1,3263.3,73,4,3263.4,191,3,3263.5,37,3
11536,2025-12-30 13:05:25+05:30,3263.0,1,3251.22,1145163,120169.0,116690.0,3250.0,3265.1,3239.8,3251.5,44729825,3576.6,2926.4,4322.95,2866.6,3262.5,287,4,3262.4,9,1,3262.0,50,1,3261.8,49,3,3261.7,145,4,3263.1,26,4,3263.2,6,1,3263.3,73,4,3263.4,191,3,3263.5,37,3
11536,2025-12-30 13:05:25+05:30,3263.1,4,3251.22,1145171,120076.0,116701.0,3250.0,3265.1,3239.8,3251.5,44729825,3576.6,2926.4,4322.95,2866.6,3262.5,287,4,3262.4,9,1,3262.0,50,1,3261.8,49,3,3261.7,121,3,3263.1,22,4,3263.2,6,1,3263.3,45,3,3263.4,191,3,3263.5,65,4
11536,2025-12-30 13:05:26+05:30,3263.1,4,3251.22,1145171,120076.0,116701.0,3250.0,3265.1,3239.8,3251.5,44729825,3576.6,2926.4,4322.95,2866.6,3262.5,287,4,3262.4,9,1,3262.0,50,1,3261.8,49,3,3261.7,121,3,3263.1,22,4,3263.2,6,1,3263.3,45,3,3263.4,191,3,3263.5,65,4
11536,2025-12-30 13:05:26+05:30,3263.1,4,3251.22,1145171,120076.0,116701.0,3250.0,3265.1,3239.8,3251.5,44729825,3576.6,2926.4,4322.95,2866.6,3262.5,287,4,3262.4,9,1,3262.0,50,1,3261.8,49,3,3261.7,121,3,3263.1,22,4,3263.2,6,1,3263.3,45,3,3263.4,191,3,3263.5,65,4
11536,2025-12-30 13:05:26+05:30,3263.1,4,3251.22,1145171,120076.0,116701.0,3250.0,3265.1,3239.8,3251.5,44729825,3576.6,2926.4,4322.95,2866.6,3262.5,287,4,3262.4,9,1,3262.0,50,1,3261.8,49,3,3261.7,121,3,3263.1,22,4,3263.2,6,1,3263.3,45,3,3263.4,191,3,3263.5,65,4
11536,2025-12-30 13:05:27+05:30,3262.5,77,3251.22,1145171,120076.0,116701.0,3250.0,3265.1,3239.8,3251.5,44729825,3576.6,2926.4,4322.95,2866.6,3262.5,287,4,3262.4,9,1,3262.0,50,1,3261.8,49,3,3261.7,121,3,3263.1,22,4,3263.2,6,1,3263.3,45,3,3263.4,191,3,3263.5,65,4
11536,2025-12-30 13:05:27+05:30,3262.5,77,3251.22,1145273,120186.0,116413.0,3250.0,3265.1,3239.8,3251.5,44729825,3576.6,2926.4,4322.95,2866.6,3262.5,185,4,3262.4,9,1,3262.0,50,1,3261.8,5,2,3261.7,29,2,3263.1,54,5,3263.2,58,4,3263.3,21,2,3263.4,191,3,3263.5,37,3
11536,2025-12-30 13:05:27+05:30,3262.5,77,3251.22,1145273,120186.0,116413.0,3250.0,3265.1,3239.8,3251.5,44729825,3576.6,2926.4,4322.95,2866.6,3262.5,185,4,3262.4,9,1,3262.0,50,1,3261.8,5,2,3261.7,29,2,3263.1,54,5,3263.2,58,4,3263.3,21,2,3263.4,191,3,3263.5,37,3
11536,2025-12-30 13:05:27+05:30,3263.1,3,3251.22,1145324,120152.0,116733.0,3250.0,3265.1,3239.8,3251.5,44729825,3576.6,2926.4,4322.95,2866.6,3262.5,184,4,3262.4,9,1,3262.0,50,1,3261.8,5,2,3261.7,29,2,3263.1,58,5,3263.2,30,3,3263.3,21,2,3263.4,259,5,3263.5,37,3
11536,2025-12-30 13:05:28+05:30,3263.1,3,3251.22,1145324,120152.0,116733.0,3250.0,3265.1,3239.8,3251.5,44729825,3576.6,2926.4,4322.95,2866.6,3262.5,184,4,3262.4,9,1,3262.0,50,1,3261.8,5,2,3261.7,29,2,3263.1,58,5,3263.2,30,3,3263.3,21,2,3263.4,259,5,3263.5,37,3
11536,2025-12-30 13:05:28+05:30,3263.1,3,3251.22,1145324,120152.0,116733.0,3250.0,3265.1,3239.8,3251.5,44729825,3576.6,2926.4,4322.95,2866.6,3262.5,184,4,3262.4,9,1,3262.0,50,1,3261.8,5,2,3261.7,29,2,3263.1,58,5,3263.2,30,3,3263.3,21,2,3263.4,259,5,3263.5,37,3
11536,2025-12-30 13:05:29+05:30,3262.5,3,3251.22,1145324,120152.0,116733.0,3250.0,3265.1,3239.8,3251.5,44729825,3576.6,2926.4,4322.95,2866.6,3262.5,184,4,3262.4,9,1,3262.0,50,1,3261.8,5,2,3261.7,29,2,3263.1,58,5,3263.2,30,3,3263.3,21,2,3263.4,259,5,3263.5,37,3
11536,2025-12-30 13:05:29+05:30,3262.5,3,3251.22,1145327,120333.0,116571.0,3250.0,3265.1,3239.8,3251.5,44729825,3576.6,2926.4,4322.95,2866.6,3263.0,100,1,3262.5,183,5,3262.4,9,1,3262.0,50,1,3261.8,143,5,3263.1,59,6,3263.2,34,2,3263.3,37,3,3263.4,50,3,3263.5,37,3
11536,2025-12-30 13:05:29+05:30,3262.5,3,3251.22,1145327,120333.0,116571.0,3250.0,3265.1,3239.8,3251.5,44729825,3576.6,2926.4,4322.95,2866.6,3263.0,100,1,3262.5,183,5,3262.4,9,1,3262.0,50,1,3261.8,143,5,3263.1,59,6,3263.2,34,2,3263.3,37,3,3263.4,50,3,3263.5,37,3
11536,2025-12-30 13:05:30+05:30,3263.0,15,3251.22,1145342,120262.0,116544.0,3250.0,3265.1,3239.8,3251.5,44729825,3576.6,2926.4,4322.95,2866.6,3263.0,85,1,3262.5,183,5,3262.4,9,1,3262.0,50,1,3261.8,143,5,3263.1,57,5,3263.2,10,1,3263.3,21,2,3263.4,50,3,3263.5,61,4
11536,2025-12-30 13:05:31+05:30,3263.0,1,3251.22,1145342,120262.0,116544.0,3250.0,3265.1,3239.8,3251.5,44729825,3576.6,2926.4,4322.95,2866.6,3263.0,85,1,3262.5,183,5,3262.4,9,1,3262.0,50,1,3261.8,143,5,3263.1,57,5,3263.2,10,1,3263.3,21,2,3263.4,50,3,3263.5,61,4
11536,2025-12-30 13:05:31+05:30,3263.0,1,3251.22,1145342,120262.0,116544.0,3250.0,3265.1,3239.8,3251.5,44729825,3576.6,2926.4,4322.95,2866.6,3263.0,85,1,3262.5,183,5,3262.4,9,1,3262.0,50,1,3261.8,143,5,3263.1,57,5,3263.2,10,1,3263.3,21,2,3263.4,50,3,3263.5,61,4
11536,2025-12-30 13:05:31+05:30,3263.0,1,3251.22,1145353,120073.0,116365.0,3250.0,3265.1,3239.8,3251.5,44729825,3576.6,2926.4,4322.95,2866.6,3263.0,74,1,3262.5,183,5,3262.4,9,1,3262.0,75,2,3261.8,143,5,3263.1,57,5,3263.2,10,1,3263.3,37,3,3263.4,74,4,3263.5,37,3
11536,2025-12-30 13:05:32+05:30,3263.1,2,3251.22,1145353,120073.0,116365.0,3250.0,3265.1,3239.8,3251.5,44729825,3576.6,2926.4,4322.95,2866.6,3263.0,74,1,3262.5,183,5,3262.4,9,1,3262.0,75,2,3261.8,143,5,3263.1,57,5,3263.2,10,1,3263.3,37,3,3263.4,74,4,3263.5,37,3
11536,2025-12-30 13:05:32+05:30,3263.1,2,3251.22,1145356,120305.0,116189.0,3250.0,3265.1,3239.8,3251.5,44729825,3576.6,2926.4,4322.95,2866.6,3263.0,186,2,3262.5,183,5,3262.4,9,1,3262.0,93,3,3261.9,116,2,3263.1,53,5,3263.2,10,1,3263.3,21,2,3263.4,32,2,3263.5,37,3
11536,2025-12-30 13:05:32+05:30,3263.1,2,3251.22,1145356,120305.0,116189.0,3250.0,3265.1,3239.8,3251.5,44729825,3576.6,2926.4,4322.95,2866.6,3263.0,186,2,3262.5,183,5,3262.4,9,1,3262.0,93,3,3261.9,116,2,3263.1,53,5,3263.2,10,1,3263.3,21,2,3263.4,32,2,3263.5,37,3
11536,2025-12-30 13:05:33+05:30,3263.1,2,3251.22,1145356,120305.0,116189.0,3250.0,3265.1,3239.8,3251.5,44729825,3576.6,2926.4,4322.95,2866.6,3263.0,186,2,3262.5,183,5,3262.4,9,1,3262.0,93,3,3261.9,116,2,3263.1,53,5,3263.2,10,1,3263.3,21,2,3263.4,32,2,3263.5,37,3
11536,2025-12-30 13:05:33+05:30,3263.1,2,3251.22,1145358,120352.0,116882.0,3250.0,3265.1,3239.8,3251.5,44729825,3576.6,2926.4,4322.95,2866.6,3263.0,205,4,3262.5,183,5,3262.4,15,2,3262.0,140,5,3261.9,124,3,3263.1,52,6,3263.2,10,1,3263.3,21,2,3263.4,32,2,3263.5,61,4
11536,2025-12-30 13:05:34+05:30,3263.0,1,3251.22,1145358,120352.0,116882.0,3250.0,3265.1,3239.8,3251.5,44729825,3576.6,2926.4,4322.95,2866.6,3263.0,205,4,3262.5,183,5,3262.4,15,2,3262.0,140,5,3261.9,124,3,3263.1,52,6,3263.2,10,1,3263.3,21,2,3263.4,32,2,3263.5,61,4
11536,2025-12-30 13:05:34+05:30,3263.0,2,3251.22,1145364,120350.0,116898.0,3250.0,3265.1,3239.8,3251.5,44729825,3576.6,2926.4,4322.95,2866.6,3263.0,200,4,3262.5,183,5,3262.4,15,2,3262.0,140,5,3261.9,124,3,3263.1,24,2,3263.2,35,3,3263.3,21,2,3263.4,32,2,3263.5,37,3
11536,2025-12-30 13:05:34+05:30,3263.0,2,3251.22,1145364,120350.0,116898.0,3250.0,3265.1,3239.8,3251.5,44729825,3576.6,2926.4,4322.95,2866.6,3263.0,200,4,3262.5,183,5,3262.4,15,2,3262.0,140,5,3261.9,124,3,3263.1,24,2,3263.2,35,3,3263.3,21,2,3263.4,32,2,3263.5,37,3
11536,2025-12-30 13:05:35+05:30,3263.1,1,3251.22,1145364,120350.0,116898.0,3250.0,3265.1,3239.8,3251.5,44729825,3576.6,2926.4,4322.95,2866.6,3263.0,200,4,3262.5,183,5,3262.4,15,2,3262.0,140,5,3261.9,124,3,3263.1,24,2,3263.2,35,3,3263.3,21,2,3263.4,32,2,3263.5,37,3
11536,2025-12-30 13:05:35+05:30,3263.1,1,3251.22,1145366,120005.0,116873.0,3250.0,3265.1,3239.8,3251.5,44729825,3576.6,2926.4,4322.95,2866.6,3263.0,200,4,3262.8,10,1,3262.5,183,5,3262.4,6,1,3262.3,20,1,3263.1,36,4,3263.2,10,1,3263.3,21,2,3263.4,30,2,3263.5,4,2
11536,2025-12-30 13:05:35+05:30,3263.1,1,3251.22,1145366,120005.0,116873.0,3250.0,3265.1,3239.8,3251.5,44729825,3576.6,2926.4,4322.95,2866.6,3263.0,200,4,3262.8,10,1,3262.5,183,5,3262.4,6,1,3262.3,20,1,3263.1,36,4,3263.2,10,1,3263.3,21,2,3263.4,30,2,3263.5,4,2
11536,2025-12-30 13:05:36+05:30,3263.0,1,3251.22,1145366,120005.0,116873.0,3250.0,3265.1,3239.8,3251.5,44729825,3576.6,2926.4,4322.95,2866.6,3263.0,200,4,3262.8,10,1,3262.5,183,5,3262.4,6,1,3262.3,20,1,3263.1,36,4,3263.2,10,1,3263.3,21,2,3263.4,30,2,3263.5,4,2
11536,2025-12-30 13:05:36+05:30,3263.0,1,3251.22,1145368,120004.0,116902.0,3250.0,3265.1,3239.8,3251.5,44729825,3576.6,2926.4,4322.95,2866.6,3263.0,199,4,3262.8,10,1,3262.5,183,5,3262.4,6,1,3262.3,20,1,3263.1,21,2,3263.2,23,2,3263.3,12,1,3263.4,30,2,3263.5,1,1
11536,2025-12-30 13:05:37+05:30,3263.0,14,3251.22,1145368,120004.0,116902.0,3250.0,3265.1,3239.8,3251.5,44729825,3576.6,2926.4,4322.95,2866.6,3263.0,199,4,3262.8,10,1,3262.5,183,5,3262.4,6,1,3262.3,20,1,3263.1,21,2,3263.2,23,2,3263.3,12,1,3263.4,30,2,3263.5,1,1
11536,2025-12-30 13:05:37+05:30,3263.0,1,3251.22,1145451,120162.0,117073.0,3250.0,3265.1,3239.8,3251.5,44729825,3576.6,2926.4,4322.95,2866.6,3263.0,116,3,3262.8,10,1,3262.5,183,5,3262.4,6,1,3262.0,140,5,3263.1,33,3,3263.2,23,2,3263.3,16,2,3263.4,30,2,3263.5,25,2
11536,2025-12-30 13:05:37+05:30,3263.0,1,3251.22,1145451,120162.0,117073.0,3250.0,3265.1,3239.8,3251.5,44788275,3576.6,2926.4,4322.95,2866.6,3263.0,116,3,3262.8,10,1,3262.5,183,5,3262.4,6,1,3262.0,140,5,3263.1,33,3,3263.2,23,2,3263.3,16,2,3263.4,30,2,3263.5,25,2
11536,2025-12-30 13:05:38+05:30,3263.0,1,3251.22,1145451,120162.0,117073.0,3250.0,3265.1,3239.8,3251.5,44788275,3576.6,2926.4,4322.95,2866.6,3263.0,116,3,3262.8,10,1,3262.5,183,5,3262.4,6,1,3262.0,140,5,3263.1,33,3,3263.2,23,2,3263.3,16,2,3263.4,30,2,3263.5,25,2
11536,2025-12-30 13:05:38+05:30,3263.0,1,3251.22,1145451,120124.0,117240.0,3250.0,3265.1,3239.8,3251.5,44788275,3576.6,2926.4,4322.95,2866.6,3263.0,117,4,3262.8,10,1,3262.5,183,5,3262.4,6,1,3262.1,17,1,3263.1,23,3,3263.2,10,1,3263.3,12,1,3263.5,1,1,3263.6,16,1
11536,2025-12-30 13:05:39+05:30,3263.0,1,3251.22,1145451,120124.0,117240.0,3250.0,3265.1,3239.8,3251.5,44788275,3576.6,2926.4,4322.95,2866.6,3263.0,117,4,3262.8,10,1,3262.5,183,5,3262.4,6,1,3262.1,17,1,3263.1,23,3,3263.2,10,1,3263.3,12,1,3263.5,1,1,3263.6,16,1
11536,2025-12-30 13:05:39+05:30,3263.0,1,3251.23,1145568,119711.0,117874.0,3250.0,3265.1,3239.8,3251.5,44788275,3576.6,2926.4,4322.95,2866.6,3263.0,20,3,3262.8,10,1,3262.5,183,5,3262.4,6,1,3262.0,96,4,3263.1,51,7,3263.2,34,2,3263.3,12,1,3263.4,81,5,3263.5,21,2
11536,2025-12-30 13:05:39+05:30,3263.0,1,3251.23,1145568,119711.0,117874.0,3250.0,3265.1,3239.8,3251.5,44788275,3576.6,2926.4,4322.95,2866.6,3263.0,20,3,3262.8,10,1,3262.5,183,5,3262.4,6,1,3262.0,96,4,3263.1,51,7,3263.2,34,2,3263.3,12,1,3263.4,81,5,3263.5,21,2
11536,2025-12-30 13:05:40+05:30,3263.0,2,3251.23,1145568,119711.0,117874.0,3250.0,3265.1,3239.8,3251.5,44788275,3576.6,2926.4,4322.95,2866.6,3263.0,20,3,3262.8,10,1,3262.5,183,5,3262.4,6,1,3262.0,96,4,3263.1,51,7,3263.2,34,2,3263.3,12,1,3263.4,81,5,3263.5,21,2
11536,2025-12-30 13:05:40+05:30,3263.0,2,3251.23,1145573,119572.0,117721.0,3250.0,3265.1,3239.8,3251.5,44788275,3576.6,2926.4,4322.95,2866.6,3263.0,15,3,3262.8,10,1,3262.5,183,5,3262.4,6,1,3262.0,96,4,3263.1,49,5,3263.2,10,1,3263.3,12,1,3263.4,53,4,3263.5,52,4
11536,2025-12-30 13:05:41+05:30,3263.3,12,3251.23,1145573,119572.0,117721.0,3250.0,3265.1,3239.8,3251.5,44788275,3576.6,2926.4,4322.95,2866.6,3263.0,15,3,3262.8,10,1,3262.5,183,5,3262.4,6,1,3262.0,96,4,3263.1,49,5,3263.2,10,1,3263.3,12,1,3263.4,53,4,3263.5,52,4
11536,2025-12-30 13:05:41+05:30,3263.0,1,3251.23,1145676,119842.0,117442.0,3250.0,3265.1,3239.8,3251.5,44788275,3576.6,2926.4,4322.95,2866.6,3263.0,20,3,3262.8,10,1,3262.5,183,5,3262.4,6,1,3262.0,162,6,3263.1,40,4,3263.2,3,1,3263.4,29,2,3263.5,8,2,3263.6,28,2
11536,2025-12-30 13:05:42+05:30,3263.0,1,3251.23,1145676,119842.0,117442.0,3250.0,3265.1,3239.8,3251.5,44788275,3576.6,2926.4,4322.95,2866.6,3263.0,20,3,3262.8,10,1,3262.5,183,5,3262.4,6,1,3262.0,162,6,3263.1,40,4,3263.2,3,1,3263.4,29,2,3263.5,8,2,3263.6,28,2
11536,2025-12-30 13:05:42+05:30,3263.0,1,3251.23,1145676,119828.0,117870.0,3250.0,3265.1,3239.8,3251.5,44788275,3576.6,2926.4,4322.95,2866.6,3263.0,64,4,3262.8,10,1,3262.5,183,5,3262.4,6,1,3262.0,140,5,3263.1,40,4,3263.4,29,2,3263.5,32,3,3263.6,28,2,3263.7,236,3
11536,2025-12-30 13:05:43+05:30,3263.1,2,3251.23,1145676,119828.0,117870.0,3250.0,3265.1,3239.8,3251.5,44788275,3576.6,2926.4,4322.95,2866.6,3263.0,64,4,3262.8,10,1,3262.5,183,5,3262.4,6,1,3262.0,140,5,3263.1,40,4,3263.4,29,2,3263.5,32,3,3263.6,28,2,3263.7,236,3
11536,2025-12-30 13:05:43+05:30,3263.0,1,3251.23,1145682,119862.0,117847.0,3250.0,3265.1,3239.8,3251.5,44788275,3576.6,2926.4,4322.95,2866.6,3263.0,62,3,3262.8,10,1,3262.5,183,5,3262.4,6,1,3262.0,140,5,3263.1,36,5,3263.2,3,1,3263.4,29,2,3263.5,32,3,3263.6,56,3
11536,2025-12-30 13:05:44+05:30,3263.0,1,3251.23,1145682,119862.0,117847.0,3250.0,3265.1,3239.8,3251.5,44788275,3576.6,2926.4,4322.95,2866.6,3263.0,62,3,3262.8,10,1,3262.5,183,5,3262.4,6,1,3262.0,140,5,3263.1,36,5,3263.2,3,1,3263.4,29,2,3263.5,32,3,3263.6,56,3
11536,2025-12-30 13:05:44+05:30,3263.0,7,3251.23,1145697,119731.0,117670.0,3250.0,3265.1,3239.8,3251.5,44788275,3576.6,2926.4,4322.95,2866.6,3263.0,62,4,3262.8,10,1,3262.5,183,5,3262.4,6,1,3262.0,96,4,3263.1,34,4,3263.2,3,1,3263.4,29,2,3263.5,32,3,3263.6,56,3
11536,2025-12-30 13:05:45+05:30,3263.1,1,3251.23,1145697,119731.0,117670.0,3250.0,3265.1,3239.8,3251.5,44788275,3576.6,2926.4,4322.95,2866.6,3263.0,62,4,3262.8,10,1,3262.5,183,5,3262.4,6,1,3262.0,96,4,3263.1,34,4,3263.2,3,1,3263.4,29,2,3263.5,32,3,3263.6,56,3
11536,2025-12-30 13:05:45+05:30,3263.1,1,3251.23,1145700,119841.0,117816.0,3250.0,3265.1,3239.8,3251.5,44788275,3576.6,2926.4,4322.95,2866.6,3263.0,61,4,3262.8,10,1,3262.5,183,5,3262.4,6,1,3262.0,96,4,3263.1,33,5,3263.2,3,1,3263.4,29,2,3263.5,32,3,3263.6,28,2
11536,2025-12-30 13:05:46+05:30,3263.0,1,3251.23,1145700,119841.0,117816.0,3250.0,3265.1,3239.8,3251.5,44788275,3576.6,2926.4,4322.95,2866.6,3263.0,61,4,3262.8,10,1,3262.5,183,5,3262.4,6,1,3262.0,96,4,3263.1,33,5,3263.2,3,1,3263.4,29,2,3263.5,32,3,3263.6,28,2
11536,2025-12-30 13:05:46+05:30,3263.1,1,3251.23,1145703,118707.0,117454.0,3250.0,3265.1,3239.8,3251.5,44788275,3576.6,2926.4,4322.95,2866.6,3263.0,69,4,3262.8,10,1,3262.5,183,5,3262.4,6,1,3262.0,140,5,3263.1,8,3,3263.2,24,2,3263.4,29,2,3263.5,9,3,3263.6,31,3
11536,2025-12-30 13:05:47+05:30,3263.0,7,3251.23,1145703,118707.0,117454.0,3250.0,3265.1,3239.8,3251.5,44788275,3576.6,2926.4,4322.95,2866.6,3263.0,69,4,3262.8,10,1,3262.5,183,5,3262.4,6,1,3262.0,140,5,3263.1,8,3,3263.2,24,2,3263.4,29,2,3263.5,9,3,3263.6,31,3
11536,2025-12-30 13:05:47+05:30,3263.1,10,3251.23,1145797,120251.0,117716.0,3250.0,3265.1,3239.8,3251.5,44788275,3576.6,2926.4,4322.95,2866.6,3263.0,12,2,3262.8,10,1,3262.5,183,5,3262.4,14,2,3262.1,23,2,3263.1,3,2,3263.3,24,2,3263.4,6,1,3263.5,9,3,3263.6,28,2
11536,2025-12-30 13:05:48+05:30,3263.1,3,3251.23,1145797,120251.0,117716.0,3250.0,3265.1,3239.8,3251.5,44788275,3576.6,2926.4,4322.95,2866.6,3263.0,12,2,3262.8,10,1,3262.5,183,5,3262.4,14,2,3262.1,23,2,3263.1,3,2,3263.3,24,2,3263.4,6,1,3263.5,9,3,3263.6,28,2
11536,2025-12-30 13:05:48+05:30,3263.1,3,3251.23,1145801,120333.0,117716.0,3250.0,3265.1,3239.8,3251.5,44788275,3576.6,2926.4,4322.95,2866.6,3263.0,59,3,3262.8,10,1,3262.5,207,6,3262.4,14,2,3262.2,28,1,3263.1,3,2,3263.3,12,1,3263.4,6,1,3263.5,9,3,3263.6,16,1
11536,2025-12-30 13:05:49+05:30,3263.0,2,3251.23,1145801,120333.0,117716.0,3250.0,3265.1,3239.8,3251.5,44788275,3576.6,2926.4,4322.95,2866.6,3263.0,59,3,3262.8,10,1,3262.5,207,6,3262.4,14,2,3262.2,28,1,3263.1,3,2,3263.3,12,1,3263.4,6,1,3263.5,9,3,3263.6,16,1
11536,2025-12-30 13:05:49+05:30,3263.7,2,3251.23,1145844,120426.0,116254.0,3250.0,3265.1,3239.8,3251.5,44788275,3576.6,2926.4,4322.95,2866.6,3263.0,114,4,3262.8,10,1,3262.5,183,5,3262.4,32,3,3262.3,47,2,3263.8,87,1,3263.9,40,4,3264.0,197,3,3264.1,26,2,3264.2,253,7
11536,2025-12-30 13:05:50+05:30,3263.7,2,3251.23,1145844,120426.0,116254.0,3250.0,3265.1,3239.8,3251.5,44788275,3576.6,2926.4,4322.95,2866.6,3263.0,114,4,3262.8,10,1,3262.5,183,5,3262.4,32,3,3262.3,47,2,3263.8,87,1,3263.9,40,4,3264.0,197,3,3264.1,26,2,3264.2,253,7
11536,2025-12-30 13:05:50+05:30,3263.0,2,3251.23,1145846,119792.0,116723.0,3250.0,3265.1,3239.8,3251.5,44788275,3576.6,2926.4,4322.95,2866.6,3263.0,112,4,3262.8,10,1,3262.5,183,5,3262.4,32,3,3262.3,44,1,3263.1,35,1,3263.7,136,3,3263.8,88,2,3263.9,56,4,3264.0,278,6
11536,2025-12-30 13:05:51+05:30,3263.0,1,3251.23,1145846,119792.0,116723.0,3250.0,3265.1,3239.8,3251.5,44788275,3576.6,2926.4,4322.95,2866.6,3263.0,112,4,3262.8,10,1,3262.5,183,5,3262.4,32,3,3262.3,44,1,3263.1,35,1,3263.7,136,3,3263.8,88,2,3263.9,56,4,3264.0,278,6
11536,2025-12-30 13:05:51+05:30,3263.1,22,3251.23,1145872,119830.0,117741.0,3250.0,3265.1,3239.8,3251.5,44788275,3576.6,2926.4,4322.95,2866.6,3263.0,111,4,3262.8,10,1,3262.5,183,5,3262.4,32,3,3262.1,49,3,3263.1,74,5,3263.3,24,1,3263.4,16,1,3263.5,35,2,3263.6,24,2
11536,2025-12-30 13:05:52+05:30,3263.1,22,3251.23,1145872,119830.0,117741.0,3250.0,3265.1,3239.8,3251.5,44788275,3576.6,2926.4,4322.95,2866.6,3263.0,111,4,3262.8,10,1,3262.5,183,5,3262.4,32,3,3262.1,49,3,3263.1,74,5,3263.3,24,1,3263.4,16,1,3263.5,35,2,3263.6,24,2
11536,2025-12-30 13:05:52+05:30,3263.1,22,3251.23,1145872,119920.0,117874.0,3250.0,3265.1,3239.8,3251.5,44788275,3576.6,2926.4,4322.95,2866.6,3263.0,111,4,3262.8,10,1,3262.5,183,5,3262.4,32,3,3262.1,49,3,3263.1,63,5,3263.4,16,1,3263.5,7,1,3263.6,36,2,3263.7,100,1
11536,2025-12-30 13:05:53+05:30,3263.0,1,3251.23,1145872,119920.0,117874.0,3250.0,3265.1,3239.8,3251.5,44788275,3576.6,2926.4,4322.95,2866.6,3263.0,111,4,3262.8,10,1,3262.5,183,5,3262.4,32,3,3262.1,49,3,3263.1,63,5,3263.4,16,1,3263.5,7,1,3263.6,36,2,3263.7,100,1
11536,2025-12-30 13:05:53+05:30,3263.0,1,3251.23,1145878,119943.0,117886.0,3250.0,3265.1,3239.8,3251.5,44788275,3576.6,2926.4,4322.95,2866.6,3263.0,115,4,3262.8,10,1,3262.5,183,5,3262.4,32,3,3262.1,57,4,3263.1,63,5,3263.2,12,1,3263.4,16,1,3263.5,7,1,3263.6,36,2
11536,2025-12-30 13:05:54+05:30,3263.0,1,3251.23,1145878,119943.0,117886.0,3250.0,3265.1,3239.8,3251.5,44788275,3576.6,2926.4,4322.95,2866.6,3263.0,115,4,3262.8,10,1,3262.5,183,5,3262.4,32,3,3262.1,57,4,3263.1,63,5,3263.2,12,1,3263.4,16,1,3263.5,7,1,3263.6,36,2
11536,2025-12-30 13:05:54+05:30,3263.0,6,3251.23,1145885,119907.0,118064.0,3250.0,3265.1,3239.8,3251.5,44788275,3576.6,2926.4,4322.95,2866.6,3263.0,133,5,3262.8,10,1,3262.5,183,5,3262.4,32,3,3262.1,54,3,3263.1,61,3,3263.2,24,2,3263.4,52,3,3263.5,7,1,3263.6,52,3
11536,2025-12-30 13:05:55+05:30,3263.0,5,3251.23,1145885,119907.0,118064.0,3250.0,3265.1,3239.8,3251.5,44788275,3576.6,2926.4,4322.95,2866.6,3263.0,133,5,3262.8,10,1,3262.5,183,5,3262.4,32,3,3262.1,54,3,3263.1,61,3,3263.2,24,2,3263.4,52,3,3263.5,7,1,3263.6,52,3
11536,2025-12-30 13:05:55+05:30,3263.1,1,3251.23,1145895,119371.0,117952.0,3250.0,3265.1,3239.8,3251.5,44788275,3576.6,2926.4,4322.95,2866.6,3263.0,124,5,3262.8,10,1,3262.5,183,5,3262.4,32,3,3262.1,34,2,3263.1,84,6,3263.2,3,1,3263.3,2,1,3263.4,51,3,3263.5,25,2
11536,2025-12-30 13:05:56+05:30,3263.1,1,3251.23,1145895,119371.0,117952.0,3250.0,3265.1,3239.8,3251.5,44788275,3576.6,2926.4,4322.95,2866.6,3263.0,124,5,3262.8,10,1,3262.5,183,5,3262.4,32,3,3262.1,34,2,3263.1,84,6,3263.2,3,1,3263.3,2,1,3263.4,51,3,3263.5,25,2
11536,2025-12-30 13:05:56+05:30,3263.0,3,3251.23,1145899,119368.0,118218.0,3250.0,3265.1,3239.8,3251.5,44788275,3576.6,2926.4,4322.95,2866.6,3263.0,121,5,3262.8,10,1,3262.5,183,5,3262.4,32,3,3262.1,34,2,3263.1,84,7,3263.2,3,1,3263.3,2,1,3263.4,51,3,3263.5,25,2
11536,2025-12-30 13:05:57+05:30,3263.0,2,3251.23,1145899,119368.0,118218.0,3250.0,3265.1,3239.8,3251.5,44788275,3576.6,2926.4,4322.95,2866.6,3263.0,121,5,3262.8,10,1,3262.5,183,5,3262.4,32,3,3262.1,34,2,3263.1,84,7,3263.2,3,1,3263.3,2,1,3263.4,51,3,3263.5,25,2
11536,2025-12-30 13:05:57+05:30,3263.0,2,3251.23,1145980,119627.0,118013.0,3250.0,3265.1,3239.8,3251.5,44788275,3576.6,2926.4,4322.95,2866.6,3263.0,91,4,3262.8,10,1,3262.5,183,5,3262.4,32,3,3262.1,34,2,3263.1,73,7,3263.2,14,2,3263.3,2,1,3263.4,51,3,3263.5,25,2
11536,2025-12-30 13:05:58+05:30,3263.0,2,3251.23,1145980,119627.0,118013.0,3250.0,3265.1,3239.8,3251.5,44788275,3576.6,2926.4,4322.95,2866.6,3263.0,91,4,3262.8,10,1,3262.5,183,5,3262.4,32,3,3262.1,34,2,3263.1,73,7,3263.2,14,2,3263.3,2,1,3263.4,51,3,3263.5,25,2
11536,2025-12-30 13:05:58+05:30,3263.0,2,3251.23,1145987,119632.0,116963.0,3250.0,3265.1,3239.8,3251.5,44788275,3576.6,2926.4,4322.95,2866.6,3263.0,94,5,3262.8,10,1,3262.5,183,5,3262.4,32,3,3262.1,34,2,3263.1,82,6,3263.2,3,1,3263.3,2,1,3263.4,51,3,3263.5,25,2
11536,2025-12-30 13:05:59+05:30,3263.0,2,3251.23,1145987,119632.0,116963.0,3250.0,3265.1,3239.8,3251.5,44788275,3576.6,2926.4,4322.95,2866.6,3263.0,94,5,3262.8,10,1,3262.5,183,5,3262.4,32,3,3262.1,34,2,3263.1,82,6,3263.2,3,1,3263.3,2,1,3263.4,51,3,3263.5,25,2
11536,2025-12-30 13:05:59+05:30,3263.0,1,3251.23,1145989,119610.0,117122.0,3250.0,3265.1,3239.8,3251.5,44788275,3576.6,2926.4,4322.95,2866.6,3263.0,141,6,3262.8,10,1,3262.5,183,5,3262.4,32,3,3262.1,8,1,3263.1,71,5,3263.2,3,1,3263.3,13,2,3263.4,40,2,3263.5,25,2
11536,2025-12-30 13:06:00+05:30,3263.0,1,3251.23,1145989,119610.0,117122.0,3250.0,3265.1,3239.8,3251.5,44788275,3576.6,2926.4,4322.95,2866.6,3263.0,141,6,3262.8,10,1,3262.5,183,5,3262.4,32,3,3262.1,8,1,3263.1,71,5,3263.2,3,1,3263.3,13,2,3263.4,40,2,3263.5,25,2
11536,2025-12-30 13:06:00+05:30,3263.0,4,3251.23,1146001,119607.0,117106.0,3250.0,3265.1,3239.8,3251.5,44788275,3576.6,2926.4,4322.95,2866.6,3263.0,139,6,3262.8,10,1,3262.5,183,5,3262.4,32,3,3262.1,8,1,3263.1,57,3,3263.2,12,1,3263.3,2,1,3263.4,27,2,3263.5,25,2
11536,2025-12-30 13:06:01+05:30,3263.0,4,3251.23,1146001,119607.0,117106.0,3250.0,3265.1,3239.8,3251.5,44788275,3576.6,2926.4,4322.95,2866.6,3263.0,139,6,3262.8,10,1,3262.5,183,5,3262.4,32,3,3262.1,8,1,3263.1,57,3,3263.2,12,1,3263.3,2,1,3263.4,27,2,3263.5,25,2
11536,2025-12-30 13:06:01+05:30,3263.1,1,3251.23,1146002,119326.0,118022.0,3250.0,3265.1,3239.8,3251.5,44788275,3576.6,2926.4,4322.95,2866.6,3263.0,139,6,3262.8,10,1,3262.5,183,5,3262.4,32,3,3262.1,8,1,3263.1,69,5,3263.3,2,1,3263.4,27,2,3263.5,49,3,3263.6,46,4
11536,2025-12-30 13:06:02+05:30,3263.0,1,3251.23,1146002,119326.0,118022.0,3250.0,3265.1,3239.8,3251.5,44788275,3576.6,2926.4,4322.95,2866.6,3263.0,139,6,3262.8,10,1,3262.5,183,5,3262.4,32,3,3262.1,8,1,3263.1,69,5,3263.3,2,1,3263.4,27,2,3263.5,49,3,3263.6,46,4
11536,2025-12-30 13:06:02+05:30,3263.0,1,3251.23,1146004,117971.0,118113.0,3250.0,3265.1,3239.8,3251.5,44788275,3576.6,2926.4,4322.95,2866.6,3263.0,137,6,3262.8,14,2,3262.5,183,5,3262.4,32,3,3262.1,8,1,3263.1,67,4,3263.2,12,1,3263.3,2,1,3263.4,27,2,3263.5,7,1
11536,2025-12-30 13:06:03+05:30,3263.1,3,3251.23,1146004,117971.0,118113.0,3250.0,3265.1,3239.8,3251.5,44788275,3576.6,2926.4,4322.95,2866.6,3263.0,137,6,3262.8,14,2,3262.5,183,5,3262.4,32,3,3262.1,8,1,3263.1,67,4,3263.2,12,1,3263.3,2,1,3263.4,27,2,3263.5,7,1
11536,2025-12-30 13:06:03+05:30,3263.0,2,3251.23,1146018,117956.0,118266.0,3250.0,3265.1,3239.8,3251.5,44788275,3576.6,2926.4,4322.95,2866.6,3263.0,134,5,3262.8,14,2,3262.5,183,5,3262.4,32,3,3262.1,11,2,3263.1,56,4,3263.2,12,1,3263.3,2,1,3263.4,27,2,3263.5,7,1
11536,2025-12-30 13:06:04+05:30,3263.0,1,3251.23,1146018,117956.0,118266.0,3250.0,3265.1,3239.8,3251.5,44788275,3576.6,2926.4,4322.95,2866.6,3263.0,134,5,3262.8,14,2,3262.5,183,5,3262.4,32,3,3262.1,11,2,3263.1,56,4,3263.2,12,1,3263.3,2,1,3263.4,27,2,3263.5,7,1
11536,2025-12-30 13:06:04+05:30,3263.0,1,3251.23,1146019,118079.0,117858.0,3250.0,3265.1,3239.8,3251.5,44788275,3576.6,2926.4,4322.95,2866.6,3263.0,133,5,3262.8,14,2,3262.5,183,5,3262.4,32,3,3262.1,11,2,3263.1,56,4,3263.3,14,2,3263.4,17,2,3263.6,47,3,3263.7,127,2
11536,2025-12-30 13:06:05+05:30,3263.1,1,3251.23,1146020,119522.0,117864.0,3250.0,3265.1,3239.8,3251.5,44788275,3576.6,2926.4,4322.95,2866.6,3263.0,133,5,3262.8,14,2,3262.5,183,5,3262.4,32,3,3262.1,11,2,3263.1,82,7,3263.3,2,1,3263.4,31,3,3263.5,24,1,3263.6,23,2
11536,2025-12-30 13:06:06+05:30,3263.0,2,3251.23,1146020,119522.0,117864.0,3250.0,3265.1,3239.8,3251.5,44788275,3576.6,2926.4,4322.95,2866.6,3263.0,133,5,3262.8,14,2,3262.5,183,5,3262.4,32,3,3262.1,11,2,3263.1,82,7,3263.3,2,1,3263.4,31,3,3263.5,24,1,3263.6,23,2
11536,2025-12-30 13:06:06+05:30,3263.0,1,3251.23,1146023,119675.0,117909.0,3250.0,3265.1,3239.8,3251.5,44788275,3576.6,2926.4,4322.95,2866.6,3263.0,170,6,3262.8,14,2,3262.5,183,5,3262.4,32,3,3262.1,11,2,3263.1,57,3,3263.3,13,2,3263.4,6,1,3263.6,11,1,3263.7,173,1
11536,2025-12-30 13:06:07+05:30,3263.1,1,3251.23,1146023,119675.0,117909.0,3250.0,3265.1,3239.8,3251.5,44788275,3576.6,2926.4,4322.95,2866.6,3263.0,170,6,3262.8,14,2,3262.5,183,5,3262.4,32,3,3262.1,11,2,3263.1,57,3,3263.3,13,2,3263.4,6,1,3263.6,11,1,3263.7,173,1
11536,2025-12-30 13:06:07+05:30,3263.1,1,3251.23,1146104,119305.0,116532.0,3250.0,3265.1,3239.8,3251.5,44788275,3576.6,2926.4,4322.95,2866.6,3263.0,99,4,3262.8,14,2,3262.5,183,5,3262.4,32,3,3262.1,11,2,3263.1,69,5,3263.2,12,1,3263.3,26,2,3263.4,47,4,3263.5,45,2
11536,2025-12-30 13:06:08+05:30,3263.0,8,3251.23,1146104,119305.0,116532.0,3250.0,3265.1,3239.8,3251.5,44788275,3576.6,2926.4,4322.95,2866.6,3263.0,99,4,3262.8,14,2,3262.5,183,5,3262.4,32,3,3262.1,11,2,3263.1,69,5,3263.2,12,1,3263.3,26,2,3263.4,47,4,3263.5,45,2
11536,2025-12-30 13:06:08+05:30,3263.0,8,3251.23,1146113,117845.0,118519.0,3250.0,3265.1,3239.8,3251.5,44788275,3576.6,2926.4,4322.95,2866.6,3263.0,91,5,3262.8,14,2,3262.5,183,5,3262.4,32,3,3262.1,11,2,3263.1,114,8,3263.3,26,2,3263.4,74,5,3263.5,18,1,3263.6,109,4
11536,2025-12-30 13:06:09+05:30,3263.0,8,3251.23,1146113,118001.0,118519.0,3250.0,3265.1,3239.8,3251.5,44788275,3576.6,2926.4,4322.95,2866.6,3263.0,91,5,3262.8,14,2,3262.5,183,5,3262.4,32,3,3262.1,11,2,3263.1,114,8,3263.3,26,2,3263.4,74,5,3263.5,18,1,3263.6,109,4
11536,2025-12-30 13:06:10+05:30,3263.0,15,3251.23,1146113,118001.0,118519.0,3250.0,3265.1,3239.8,3251.5,44788275,3576.6,2926.4,4322.95,2866.6,3263.0,91,5,3262.8,14,2,3262.5,183,5,3262.4,32,3,3262.1,11,2,3263.1,114,8,3263.3,26,2,3263.4,74,5,3263.5,18,1,3263.6,109,4
11536,2025-12-30 13:06:10+05:30,3263.0,2,3251.23,1146226,118389.0,119387.0,3250.0,3265.1,3239.8,3251.5,44788275,3576.6,2926.4,4322.95,2866.6,3262.8,14,2,3262.5,183,5,3262.4,32,3,3262.1,8,1,3262.0,74,4,3262.9,30,1,3263.1,148,9,3263.2,50,3,3263.3,41,3,3263.4,49,5
11536,2025-12-30 13:06:11+05:30,3262.9,2,3251.23,1146226,118389.0,119387.0,3250.0,3265.1,3239.8,3251.5,44788275,3576.6,2926.4,4322.95,2866.6,3262.8,14,2,3262.5,183,5,3262.4,32,3,3262.1,8,1,3262.0,74,4,3262.9,30,1,3263.1,148,9,3263.2,50,3,3263.3,41,3,3263.4,49,5
11536,2025-12-30 13:06:11+05:30,3262.8,2,3251.23,1146244,119049.0,119575.0,3250.0,3265.1,3239.8,3251.5,44788275,3576.6,2926.4,4322.95,2866.6,3262.8,4,1,3262.5,183,5,3262.4,43,4,3262.1,8,1,3262.0,74,4,3262.9,68,6,3263.0,23,1,3263.1,114,5,3263.2,50,4,3263.3,41,3
11536,2025-12-30 13:06:12+05:30,3262.8,23,3251.23,1146244,119049.0,119575.0,3250.0,3265.1,3239.8,3251.5,44788275,3576.6,2926.4,4322.95,2866.6,3262.8,4,1,3262.5,183,5,3262.4,43,4,3262.1,8,1,3262.0,74,4,3262.9,68,6,3263.0,23,1,3263.1,114,5,3263.2,50,4,3263.3,41,3
11536,2025-12-30 13:06:12+05:30,3262.8,23,3251.23,1146273,118359.0,119745.0,3250.0,3265.1,3239.8,3251.5,44788275,3576.6,2926.4,4322.95,2866.6,3262.5,183,5,3262.4,25,3,3262.1,8,1,3262.0,74,4,3261.9,9,2,3262.7,31,4,3262.8,4,1,3262.9,41,5,3263.0,90,4,3263.1,87,4
11536,2025-12-30 13:06:13+05:30,3262.7,1,3251.23,1146273,118359.0,119745.0,3250.0,3265.1,3239.8,3251.5,44788275,3576.6,2926.4,4322.95,2866.6,3262.5,183,5,3262.4,25,3,3262.1,8,1,3262.0,74,4,3261.9,9,2,3262.7,31,4,3262.8,4,1,3262.9,41,5,3263.0,90,4,3263.1,87,4
11536,2025-12-30 13:06:13+05:30,3262.5,1,3251.23,1146305,117243.0,119675.0,3250.0,3265.1,3239.8,3251.5,44788275,3576.6,2926.4,4322.95,2866.6,3262.5,163,5,3262.4,25,3,3262.1,8,1,3262.0,74,4,3261.9,9,2,3262.7,23,4,3262.8,4,1,3262.9,37,4,3263.0,74,3,3263.1,87,4
11536,2025-12-30 13:06:14+05:30,3262.7,5,3251.23,1146305,117243.0,119675.0,3250.0,3265.1,3239.8,3251.5,44788275,3576.6,2926.4,4322.95,2866.6,3262.5,163,5,3262.4,25,3,3262.1,8,1,3262.0,74,4,3261.9,9,2,3262.7,23,4,3262.8,4,1,3262.9,37,4,3263.0,74,3,3263.1,87,4
11536,2025-12-30 13:06:14+05:30,3262.5,3,3251.23,1146315,118245.0,119794.0,3250.0,3265.1,3239.8,3251.5,44788275,3576.6,2926.4,4322.95,2866.6,3262.5,158,5,3262.4,25,3,3262.1,8,1,3262.0,74,4,3261.9,9,2,3262.7,20,6,3262.9,35,2,3263.0,74,3,3263.1,87,4,3263.2,50,4
11536,2025-12-30 13:06:15+05:30,3262.5,3,3251.23,1146315,118245.0,119794.0,3250.0,3265.1,3239.8,3251.5,44788275,3576.6,2926.4,4322.95,2866.6,3262.5,158,5,3262.4,25,3,3262.1,8,1,3262.0,74,4,3261.9,9,2,3262.7,20,6,3262.9,35,2,3263.0,74,3,3263.1,87,4,3263.2,50,4
11536,2025-12-30 13:06:15+05:30,3262.7,1,3251.23,1146319,118667.0,119480.0,3250.0,3265.1,3239.8,3251.5,44788275,3576.6,2926.4,4322.95,2866.6,3262.5,155,5,3262.4,25,3,3262.1,8,1,3262.0,74,4,3261.9,9,2,3262.7,17,5,3262.9,22,2,3263.0,36,1,3263.1,87,4,3263.2,73,5
11536,2025-12-30 13:06:16+05:30,3262.5,2,3251.23,1146319,118667.0,119480.0,3250.0,3265.1,3239.8,3251.5,44788275,3576.6,2926.4,4322.95,2866.6,3262.5,155,5,3262.4,25,3,3262.1,8,1,3262.0,74,4,3261.9,9,2,3262.7,17,5,3262.9,22,2,3263.0,36,1,3263.1,87,4,3263.2,73,5
11536,2025-12-30 13:06:16+05:30,3263.1,6,3251.24,1146509,119043.0,118124.0,3250.0,3265.1,3239.8,3251.5,44788275,3576.6,2926.4,4322.95,2866.6,3262.5,211,6,3262.4,25,3,3262.2,50,2,3262.1,25,2,3262.0,94,5,3262.6,30,1,3262.7,46,1,3263.2,16,1,3263.3,2,1,3263.4,31,3
11536,2025-12-30 13:06:17+05:30,3262.5,38,3251.24,1146509,119043.0,118124.0,3250.0,3265.1,3239.8,3251.5,44788275,3576.6,2926.4,4322.95,2866.6,3262.5,211,6,3262.4,25,3,3262.2,50,2,3262.1,25,2,3262.0,94,5,3262.6,30,1,3262.7,46,1,3263.2,16,1,3263.3,2,1,3263.4,31,3
11536,2025-12-30 13:06:17+05:30,3262.5,38,3251.24,1146586,119294.0,118162.0,3250.0,3265.1,3239.8,3251.5,44788275,3576.6,2926.4,4322.95,2866.6,3262.5,535,7,3262.4,25,3,3262.2,12,1,3262.1,42,2,3262.0,74,4,3262.6,35,3,3262.7,46,1,3263.2,23,1,3263.3,29,2,3263.4,36,2
11536,2025-12-30 13:06:18+05:30,3262.5,35,3251.24,1146586,119294.0,118162.0,3250.0,3265.1,3239.8,3251.5,44788275,3576.6,2926.4,4322.95,2866.6,3262.5,535,7,3262.4,25,3,3262.2,12,1,3262.1,42,2,3262.0,74,4,3262.6,35,3,3262.7,46,1,3263.2,23,1,3263.3,29,2,3263.4,36,2
11536,2025-12-30 13:06:18+05:30,3262.5,1,3251.24,1146639,119264.0,118319.0,3250.0,3265.1,3239.8,3251.5,44788275,3576.6,2926.4,4322.95,2866.6,3262.5,499,7,3262.4,25,3,3262.2,12,1,3262.1,8,1,3262.0,116,5,3262.6,19,4,3262.7,46,1,3263.3,2,1,3263.4,36,2,3263.5,76,3
11536,2025-12-30 13:06:19+05:30,3262.5,1,3251.24,1146639,119264.0,118319.0,3250.0,3265.1,3239.8,3251.5,44788275,3576.6,2926.4,4322.95,2866.6,3262.5,499,7,3262.4,25,3,3262.2,12,1,3262.1,8,1,3262.0,116,5,3262.6,19,4,3262.7,46,1,3263.3,2,1,3263.4,36,2,3263.5,76,3
11536,2025-12-30 13:06:19+05:30,3262.5,8,3251.24,1146682,119393.0,118437.0,3250.0,3265.1,3239.8,3251.5,44788275,3576.6,2926.4,4322.95,2866.6,3262.5,459,5,3262.4,25,3,3262.2,12,1,3262.1,8,1,3262.0,116,5,3262.6,17,4,3262.7,46,1,3263.2,23,1,3263.3,29,2,3263.4,36,2
11536,2025-12-30 13:06:20+05:30,3262.5,32,3251.24,1146682,119393.0,118437.0,3250.0,3265.1,3239.8,3251.5,44788275,3576.6,2926.4,4322.95,2866.6,3262.5,459,5,3262.4,25,3,3262.2,12,1,3262.1,8,1,3262.0,116,5,3262.6,17,4,3262.7,46,1,3263.2,23,1,3263.3,29,2,3263.4,36,2
11536,2025-12-30 13:06:20+05:30,3262.5,4,3251.24,1146741,119427.0,118443.0,3250.0,3265.1,3239.8,3251.5,44788275,3576.6,2926.4,4322.95,2866.6,3262.5,510,6,3262.4,25,3,3262.2,12,1,3262.1,8,1,3262.0,116,5,3262.6,16,4,3262.7,46,1,3263.2,23,1,3263.3,40,3,3263.4,36,2
11536,2025-12-30 13:06:21+05:30,3262.5,4,3251.24,1146741,119427.0,118443.0,3250.0,3265.1,3239.8,3251.5,44788275,3576.6,2926.4,4322.95,2866.6,3262.5,510,6,3262.4,25,3,3262.2,12,1,3262.1,8,1,3262.0,116,5,3262.6,16,4,3262.7,46,1,3263.2,23,1,3263.3,40,3,3263.4,36,2
11536,2025-12-30 13:06:22+05:30,3262.5,8,3251.24,1146751,119443.0,118440.0,3250.0,3265.1,3239.8,3251.5,44788275,3576.6,2926.4,4322.95,2866.6,3262.5,502,6,3262.4,25,3,3262.2,12,1,3262.1,8,1,3262.0,116,5,3262.6,13,3,3262.7,46,1,3263.2,23,1,3263.3,40,3,3263.4,36,2
11536,2025-12-30 13:06:22+05:30,3262.5,8,3251.24,1146751,119443.0,118440.0,3250.0,3265.1,3239.8,3251.5,44788275,3576.6,2926.4,4322.95,2866.6,3262.5,502,6,3262.4,25,3,3262.2,12,1,3262.1,8,1,3262.0,116,5,3262.6,13,3,3262.7,46,1,3263.2,23,1,3263.3,40,3,3263.4,36,2
11536,2025-12-30 13:06:22+05:30,3262.6,1,3251.24,1146762,119462.0,118585.0,3250.0,3265.1,3239.8,3251.5,44788275,3576.6,2926.4,4322.95,2866.6,3262.5,494,5,3262.4,74,4,3262.2,12,1,3262.1,8,1,3262.0,116,5,3262.6,9,3,3262.7,46,1,3263.2,23,1,3263.3,54,4,3263.4,36,2
11536,2025-12-30 13:06:23+05:30,3262.6,1,3251.24,1146762,119462.0,118585.0,3250.0,3265.1,3239.8,3251.5,44788275,3576.6,2926.4,4322.95,2866.6,3262.5,494,5,3262.4,74,4,3262.2,12,1,3262.1,8,1,3262.0,116,5,3262.6,9,3,3262.7,46,1,3263.2,23,1,3263.3,54,4,3263.4,36,2
11536,2025-12-30 13:06:23+05:30,3262.5,9,3251.24,1146771,119141.0,118608.0,3250.0,3265.1,3239.8,3251.5,44788275,3576.6,2926.4,4322.95,2866.6,3262.5,485,5,3262.4,74,4,3262.2,12,1,3262.1,8,1,3262.0,116,5,3262.6,9,3,3262.7,46,1,3263.0,15,2,3263.2,48,3,3263.3,29,2
11536,2025-12-30 13:06:24+05:30,3262.5,9,3251.24,1146771,119141.0,118608.0,3250.0,3265.1,3239.8,3251.5,44788275,3576.6,2926.4,4322.95,2866.6,3262.5,485,5,3262.4,74,4,3262.2,12,1,3262.1,8,1,3262.0,116,5,3262.6,9,3,3262.7,46,1,3263.0,15,2,3263.2,48,3,3263.3,29,2
11536,2025-12-30 13:06:24+05:30,3262.5,3,3251.24,1146775,119126.0,118541.0,3250.0,3265.1,3239.8,3251.5,44788275,3576.6,2926.4,4322.95,2866.6,3262.5,481,5,3262.4,74,4,3262.2,12,1,3262.1,8,1,3262.0,116,5,3262.6,10,4,3262.7,46,1,3263.0,1,1,3263.3,2,1,3263.4,47,3
11536,2025-12-30 13:06:25+05:30,3262.5,1,3251.24,1146775,119126.0,118541.0,3250.0,3265.1,3239.8,3251.5,44788275,3576.6,2926.4,4322.95,2866.6,3262.5,481,5,3262.4,74,4,3262.2,12,1,3262.1,8,1,3262.0,116,5,3262.6,10,4,3262.7,46,1,3263.0,1,1,3263.3,2,1,3263.4,47,3
11536,2025-12-30 13:06:25+05:30,3262.6,1,3251.24,1146779,119124.0,118530.0,3250.0,3265.1,3239.8,3251.5,44788275,3576.6,2926.4,4322.95,2866.6,3262.5,480,5,3262.4,74,4,3262.2,12,1,3262.1,8,1,3262.0,116,5,3262.6,7,4,3262.7,46,1,3263.0,1,1,3263.2,23,1,3263.3,16,2
11536,2025-12-30 13:06:26+05:30,3262.5,2,3251.24,1146779,119124.0,118530.0,3250.0,3265.1,3239.8,3251.5,44788275,3576.6,2926.4,4322.95,2866.6,3262.5,480,5,3262.4,74,4,3262.2,12,1,3262.1,8,1,3262.0,116,5,3262.6,7,4,3262.7,46,1,3263.0,1,1,3263.2,23,1,3263.3,16,2
11536,2025-12-30 13:06:27+05:30,3262.5,1,3251.24,1146862,119199.0,118555.0,3250.0,3265.1,3239.8,3251.5,44788275,3576.6,2926.4,4322.95,2866.6,3262.5,447,6,3262.4,74,4,3262.2,12,1,3262.1,8,1,3262.0,66,4,3262.6,8,4,3262.7,46,1,3263.0,1,1,3263.2,59,3,3263.3,16,2
11536,2025-12-30 13:06:27+05:30,3262.5,1,3251.24,1146862,119199.0,118555.0,3250.0,3265.1,3239.8,3251.5,44788275,3576.6,2926.4,4322.95,2866.6,3262.5,447,6,3262.4,74,4,3262.2,12,1,3262.1,8,1,3262.0,66,4,3262.6,8,4,3262.7,46,1,3263.0,1,1,3263.2,59,3,3263.3,16,2
11536,2025-12-30 13:06:28+05:30,3262.5,3,3251.24,1146862,119199.0,118555.0,3250.0,3265.1,3239.8,3251.5,44788275,3576.6,2926.4,4322.95,2866.6,3262.5,447,6,3262.4,74,4,3262.2,12,1,3262.1,8,1,3262.0,66,4,3262.6,8,4,3262.7,46,1,3263.0,1,1,3263.2,59,3,3263.3,16,2
11536,2025-12-30 13:06:29+05:30,3262.6,1,3251.24,1146868,118948.0,118505.0,3250.0,3265.1,3239.8,3251.5,44788275,3576.6,2926.4,4322.95,2866.6,3262.5,490,8,3262.4,74,4,3262.2,12,1,3262.1,8,1,3262.0,66,4,3262.6,39,3,3263.0,1,1,3263.2,33,2,3263.3,16,2,3263.4,46,3
11536,2025-12-30 13:06:31+05:30,3262.5,12,3251.24,1146868,118948.0,118505.0,3250.0,3265.1,3239.8,3251.5,44788275,3576.6,2926.4,4322.95,2866.6,3262.5,490,8,3262.4,74,4,3262.2,12,1,3262.1,8,1,3262.0,66,4,3262.6,39,3,3263.0,1,1,3263.2,33,2,3263.3,16,2,3263.4,46,3
11536,2025-12-30 13:06:33+05:30,3262.6,3,3251.24,1146868,118948.0,118505.0,3250.0,3265.1,3239.8,3251.5,44788275,3576.6,2926.4,4322.95,2866.6,3262.5,490,8,3262.4,74,4,3262.2,12,1,3262.1,8,1,3262.0,66,4,3262.6,39,3,3263.0,1,1,3263.2,33,2,3263.3,16,2,3263.4,46,3
11536,2025-12-30 13:06:33+05:30,3262.5,2,3251.24,1146907,118802.0,118334.0,3250.0,3265.1,3239.8,3251.5,44788275,3576.6,2926.4,4322.95,2866.6,3262.5,462,7,3262.4,74,4,3262.2,27,2,3262.1,8,1,3262.0,66,4,3262.6,41,4,3262.8,12,1,3262.9,6,1,3263.0,25,3,3263.1,8,1
11536,2025-12-30 13:06:37+05:30,3262.5,77,3251.24,1146907,118802.0,118334.0,3250.0,3265.1,3239.8,3251.5,44788275,3576.6,2926.4,4322.95,2866.6,3262.5,462,7,3262.4,74,4,3262.2,27,2,3262.1,8,1,3262.0,66,4,3262.6,41,4,3262.8,12,1,3262.9,6,1,3263.0,25,3,3263.1,8,1
11536,2025-12-30 13:06:37+05:30,3262.5,77,3251.24,1147042,119024.0,118128.0,3250.0,3265.1,3239.8,3251.5,44788275,3576.6,2926.4,4322.95,2866.6,3262.5,333,9,3262.4,74,4,3262.2,27,2,3262.1,8,1,3262.0,66,4,3262.6,41,4,3262.7,9,1,3262.9,6,1,3263.0,11,2,3263.1,8,1
11536,2025-12-30 13:06:40+05:30,3262.5,19,3251.24,1147042,119024.0,118128.0,3250.0,3265.1,3239.8,3251.5,44788275,3576.6,2926.4,4322.95,2866.6,3262.5,333,9,3262.4,74,4,3262.2,27,2,3262.1,8,1,3262.0,66,4,3262.6,41,4,3262.7,9,1,3262.9,6,1,3263.0,11,2,3263.1,8,1
11536,2025-12-30 13:06:42+05:30,3262.5,16,3251.24,1147105,119119.0,118093.0,3250.0,3265.1,3239.8,3251.5,44788275,3576.6,2926.4,4322.95,2866.6,3262.5,291,9,3262.4,74,4,3262.2,27,2,3262.1,8,1,3262.0,66,4,3262.6,28,5,3262.7,3,1,3262.8,9,1,3262.9,6,1,3263.0,85,5
11536,2025-12-30 13:06:43+05:30,3262.5,1,3251.24,1147105,119119.0,118093.0,3250.0,3265.1,3239.8,3251.5,44788275,3576.6,2926.4,4322.95,2866.6,3262.5,291,9,3262.4,74,4,3262.2,27,2,3262.1,8,1,3262.0,66,4,3262.6,28,5,3262.7,3,1,3262.8,9,1,3262.9,6,1,3263.0,85,5
11536,2025-12-30 13:06:45+05:30,3262.5,3,3251.24,1147105,119119.0,118093.0,3250.0,3265.1,3239.8,3251.5,44788275,3576.6,2926.4,4322.95,2866.6,3262.5,291,9,3262.4,74,4,3262.2,27,2,3262.1,8,1,3262.0,66,4,3262.6,28,5,3262.7,3,1,3262.8,9,1,3262.9,6,1,3263.0,85,5
11536,2025-12-30 13:06:46+05:30,3262.6,1,3251.24,1147130,119241.0,116634.0,3250.0,3265.1,3239.8,3251.5,44788275,3576.6,2926.4,4322.95,2866.6,3262.5,271,7,3262.4,74,4,3262.2,27,2,3262.1,8,1,3262.0,66,4,3262.6,9,3,3263.0,79,4,3263.1,9,1,3263.2,34,2,3263.4,46,3
11536,2025-12-30 13:06:49+05:30,3262.5,1,3251.24,1147130,119241.0,116634.0,3250.0,3265.1,3239.8,3251.5,44788275,3576.6,2926.4,4322.95,2866.6,3262.5,271,7,3262.4,74,4,3262.2,27,2,3262.1,8,1,3262.0,66,4,3262.6,9,3,3263.0,79,4,3263.1,9,1,3263.2,34,2,3263.4,46,3
11536,2025-12-30 13:06:50+05:30,3262.5,12,3251.24,1147221,119338.0,118034.0,3250.0,3265.1,3239.8,3251.5,44788275,3576.6,2926.4,4322.95,2866.6,3262.5,584,8,3262.4,74,4,3262.2,27,2,3262.1,8,1,3262.0,24,3,3262.6,39,2,3262.9,19,3,3263.0,51,3,3263.1,23,1,3263.2,19,2
11536,2025-12-30 13:06:52+05:30,3262.6,1,3251.24,1147221,119338.0,118034.0,3250.0,3265.1,3239.8,3251.5,44788275,3576.6,2926.4,4322.95,2866.6,3262.5,584,8,3262.4,74,4,3262.2,27,2,3262.1,8,1,3262.0,24,3,3262.6,39,2,3262.9,19,3,3263.0,51,3,3263.1,23,1,3263.2,19,2
11536,2025-12-30 13:06:55+05:30,3262.6,2,3251.24,1147221,119338.0,118034.0,3250.0,3265.1,3239.8,3251.5,44788275,3576.6,2926.4,4322.95,2866.6,3262.5,584,8,3262.4,74,4,3262.2,27,2,3262.1,8,1,3262.0,24,3,3262.6,39,2,3262.9,19,3,3263.0,51,3,3263.1,23,1,3263.2,19,2
11536,2025-12-30 13:06:55+05:30,3262.6,2,3251.24,1147280,119317.0,118354.0,3250.0,3265.1,3239.8,3251.5,44788275,3576.6,2926.4,4322.95,2866.6,3262.5,576,7,3262.4,74,4,3262.2,27,2,3262.1,8,1,3262.0,24,3,3262.6,22,4,3262.7,9,1,3262.8,4,1,3262.9,28,2,3263.0,120,5
11536,2025-12-30 13:06:58+05:30,3262.5,2,3251.24,1147280,119317.0,118354.0,3250.0,3265.1,3239.8,3251.5,44788275,3576.6,2926.4,4322.95,2866.6,3262.5,576,7,3262.4,74,4,3262.2,27,2,3262.1,8,1,3262.0,24,3,3262.6,22,4,3262.7,9,1,3262.8,4,1,3262.9,28,2,3263.0,120,5
11536,2025-12-30 13:06:59+05:30,3262.5,1,3251.24,1147382,119483.0,117941.0,3250.0,3265.1,3239.8,3251.5,44788275,3576.6,2926.4,4322.95,2866.6,3262.5,655,7,3262.4,74,4,3262.2,27,2,3262.1,8,1,3262.0,24,3,3262.6,27,5,3262.8,13,2,3262.9,28,2,3263.0,120,5,3263.1,58,3
11536,2025-12-30 13:07:01+05:30,3262.5,3,3251.24,1147382,119483.0,117941.0,3250.0,3265.1,3239.8,3251.5,44788275,3576.6,2926.4,4322.95,2866.6,3262.5,655,7,3262.4,74,4,3262.2,27,2,3262.1,8,1,3262.0,24,3,3262.6,27,5,3262.8,13,2,3262.9,28,2,3263.0,120,5,3263.1,58,3
11536,2025-12-30 13:07:03+05:30,3262.5,1,3251.26,1148669,119093.0,116892.0,3250.0,3265.1,3239.8,3251.5,44788275,3576.6,2926.4,4322.95,2866.6,3262.5,46,2,3262.4,74,4,3262.2,27,2,3262.1,24,2,3262.0,24,3,3262.7,34,3,3262.9,36,3,3263.0,27,2,3263.1,44,2,3263.2,24,3
11536,2025-12-30 13:07:04+05:30,3262.5,1,3251.26,1148669,119093.0,116892.0,3250.0,3265.1,3239.8,3251.5,44788275,3576.6,2926.4,4322.95,2866.6,3262.5,46,2,3262.4,74,4,3262.2,27,2,3262.1,24,2,3262.0,24,3,3262.7,34,3,3262.9,36,3,3263.0,27,2,3263.1,44,2,3263.2,24,3
11536,2025-12-30 13:07:07+05:30,3262.5,190,3251.26,1148669,119093.0,116892.0,3250.0,3265.1,3239.8,3251.5,44788275,3576.6,2926.4,4322.95,2866.6,3262.5,46,2,3262.4,74,4,3262.2,27,2,3262.1,24,2,3262.0,24,3,3262.7,34,3,3262.9,36,3,3263.0,27,2,3263.1,44,2,3263.2,24,3
11536,2025-12-30 13:07:08+05:30,3262.7,1,3251.26,1149041,119270.0,117794.0,3250.0,3265.1,3239.8,3251.5,44788275,3576.6,2926.4,4322.95,2866.6,3262.5,224,4,3262.4,74,4,3262.2,27,2,3262.1,24,2,3262.0,24,3,3262.7,49,5,3262.8,24,1,3262.9,12,2,3263.0,56,3,3263.1,15,1
11536,2025-12-30 13:07:10+05:30,3262.5,2,3251.26,1149041,119270.0,117794.0,3250.0,3265.1,3239.8,3251.5,44788275,3576.6,2926.4,4322.95,2866.6,3262.5,224,4,3262.4,74,4,3262.2,27,2,3262.1,24,2,3262.0,24,3,3262.7,49,5,3262.8,24,1,3262.9,12,2,3263.0,56,3,3263.1,15,1
11536,2025-12-30 13:07:12+05:30,3262.7,4,3251.26,1149098,119219.0,118002.0,3250.0,3265.1,3239.8,3251.5,44788275,3576.6,2926.4,4322.95,2866.6,3262.5,174,3,3262.4,74,4,3262.2,27,2,3262.1,24,2,3262.0,24,3,3262.7,26,3,3262.8,11,1,3262.9,12,2,3263.0,37,2,3263.1,29,1
11536,2025-12-30 13:07:13+05:30,3262.5,1,3251.26,1149098,119219.0,118002.0,3250.0,3265.1,3239.8,3251.5,44788275,3576.6,2926.4,4322.95,2866.6,3262.5,174,3,3262.4,74,4,3262.2,27,2,3262.1,24,2,3262.0,24,3,3262.7,26,3,3262.8,11,1,3262.9,12,2,3263.0,37,2,3263.1,29,1
11536,2025-12-30 13:07:15+05:30,3262.5,1,3251.26,1149098,119219.0,118002.0,3250.0,3265.1,3239.8,3251.5,44788275,3576.6,2926.4,4322.95,2866.6,3262.5,174,3,3262.4,74,4,3262.2,27,2,3262.1,24,2,3262.0,24,3,3262.7,26,3,3262.8,11,1,3262.9,12,2,3263.0,37,2,3263.1,29,1
11536,2025-12-30 13:07:16+05:30,3262.8,1,3251.26,1149136,119650.0,117373.0,3250.0,3265.1,3239.8,3251.5,44788275,3576.6,2926.4,4322.95,2866.6,3262.5,165,3,3262.4,98,5,3262.3,29,1,3262.2,30,3,3262.1,86,4,3262.8,7,1,3263.7,206,3,3263.8,132,6,3263.9,88,5,3264.0,72,6
11536,2025-12-30 13:07:19+05:30,3262.5,3,3251.26,1149136,119650.0,117373.0,3250.0,3265.1,3239.8,3251.5,44788275,3576.6,2926.4,4322.95,2866.6,3262.5,165,3,3262.4,98,5,3262.3,29,1,3262.2,30,3,3262.1,86,4,3262.8,7,1,3263.7,206,3,3263.8,132,6,3263.9,88,5,3264.0,72,6
11536,2025-12-30 13:07:20+05:30,3262.4,1,3251.27,1149507,118941.0,119200.0,3250.0,3265.1,3239.8,3251.5,44788275,3576.6,2926.4,4322.95,2866.6,3262.4,62,3,3262.2,39,3,3262.1,54,3,3262.0,30,3,3261.9,31,3,3262.5,279,2,3262.6,3,1,3262.8,5,1,3263.0,3,1,3263.2,26,2
11536,2025-12-30 13:07:22+05:30,3262.4,8,3251.27,1149507,118941.0,119200.0,3250.0,3265.1,3239.8,3251.5,44788275,3576.6,2926.4,4322.95,2866.6,3262.4,62,3,3262.2,39,3,3262.1,54,3,3262.0,30,3,3261.9,31,3,3262.5,279,2,3262.6,3,1,3262.8,5,1,3263.0,3,1,3263.2,26,2
11536,2025-12-30 13:07:24+05:30,3262.4,1,3251.27,1149568,118889.0,119056.0,3250.0,3265.1,3239.8,3251.5,44788275,3576.6,2926.4,4322.95,2866.6,3262.4,27,4,3262.2,27,2,3262.1,54,3,3262.0,30,3,3261.9,31,3,3262.5,291,4,3262.8,5,1,3262.9,7,1,3263.1,45,3,3263.2,83,3
11536,2025-12-30 13:07:25+05:30,3262.4,3,3251.27,1149568,118889.0,119056.0,3250.0,3265.1,3239.8,3251.5,44788275,3576.6,2926.4,4322.95,2866.6,3262.4,27,4,3262.2,27,2,3262.1,54,3,3262.0,30,3,3261.9,31,3,3262.5,291,4,3262.8,5,1,3262.9,7,1,3263.1,45,3,3263.2,83,3
11536,2025-12-30 13:07:28+05:30,3262.2,1,3251.27,1149568,118889.0,119056.0,3250.0,3265.1,3239.8,3251.5,44788275,3576.6,2926.4,4322.95,2866.6,3262.4,27,4,3262.2,27,2,3262.1,54,3,3262.0,30,3,3261.9,31,3,3262.5,291,4,3262.8,5,1,3262.9,7,1,3263.1,45,3,3263.2,83,3
11536,2025-12-30 13:07:29+05:30,3262.1,10,3251.27,1150127,116412.0,121918.0,3250.0,3265.1,3239.8,3251.5,44788275,3576.6,2926.4,4322.95,2866.6,3262.1,14,2,3262.0,6,2,3261.9,9,2,3261.8,5,2,3261.7,3,1,3262.4,389,12,3262.5,388,7,3262.6,165,6,3262.7,63,3,3262.8,70,5
11536,2025-12-30 13:07:31+05:30,3262.1,8,3251.27,1150127,116412.0,121918.0,3250.0,3265.1,3239.8,3251.5,44788275,3576.6,2926.4,4322.95,2866.6,3262.1,14,2,3262.0,6,2,3261.9,9,2,3261.8,5,2,3261.7,3,1,3262.4,389,12,3262.5,388,7,3262.6,165,6,3262.7,63,3,3262.8,70,5
11536,2025-12-30 13:07:33+05:30,3262.1,4,3251.27,1150344,116829.0,121751.0,3250.0,3265.1,3239.8,3251.5,44788275,3576.6,2926.4,4322.95,2866.6,3262.1,4,2,3262.0,6,2,3261.9,9,2,3261.8,5,2,3261.7,6,2,3262.4,425,13,3262.5,351,6,3262.6,165,6,3262.7,35,2,3262.8,70,5
11536,2025-12-30 13:07:34+05:30,3262.1,10,3251.27,1150344,116829.0,121751.0,3250.0,3265.1,3239.8,3251.5,44788275,3576.6,2926.4,4322.95,2866.6,3262.1,4,2,3262.0,6,2,3261.9,9,2,3261.8,5,2,3261.7,6,2,3262.4,425,13,3262.5,351,6,3262.6,165,6,3262.7,35,2,3262.8,70,5
11536,2025-12-30 13:07:37+05:30,3262.0,5,3251.27,1150344,116829.0,121751.0,3250.0,3265.1,3239.8,3251.5,44788275,3576.6,2926.4,4322.95,2866.6,3262.1,4,2,3262.0,6,2,3261.9,9,2,3261.8,5,2,3261.7,6,2,3262.4,425,13,3262.5,351,6,3262.6,165,6,3262.7,35,2,3262.8,70,5
11536,2025-12-30 13:07:38+05:30,3262.0,4,3251.28,1150619,115902.0,121807.0,3250.0,3265.1,3239.8,3251.5,44788275,3576.6,2926.4,4322.95,2866.6,3261.6,8,2,3261.5,23,2,3261.4,30,3,3261.3,15,2,3261.2,46,2,3262.0,5,2,3262.2,11,1,3262.3,17,2,3262.4,270,12,3262.5,315,5
11536,2025-12-30 13:07:40+05:30,3261.5,2,3251.28,1150619,115902.0,121807.0,3250.0,3265.1,3239.8,3251.5,44788275,3576.6,2926.4,4322.95,2866.6,3261.6,8,2,3261.5,23,2,3261.4,30,3,3261.3,15,2,3261.2,46,2,3262.0,5,2,3262.2,11,1,3262.3,17,2,3262.4,270,12,3262.5,315,5
11536,2025-12-30 13:07:42+05:30,3261.0,3,3251.28,1151664,114584.0,122689.0,3250.0,3265.1,3239.8,3251.5,44788275,3576.6,2926.4,4322.95,2866.6,3260.9,7,3,3260.8,10,1,3260.7,4,1,3260.6,87,4,3260.4,19,2,3261.0,289,4,3261.4,3,1,3261.5,1,1,3261.6,66,4,3261.7,66,3
11536,2025-12-30 13:07:43+05:30,3260.9,1,3251.28,1151664,114584.0,122689.0,3250.0,3265.1,3239.8,3251.5,44788275,3576.6,2926.4,4322.95,2866.6,3260.9,7,3,3260.8,10,1,3260.7,4,1,3260.6,87,4,3260.4,19,2,3261.0,289,4,3261.4,3,1,3261.5,1,1,3261.6,66,4,3261.7,66,3
11536,2025-12-30 13:07:46+05:30,3260.2,2,3251.28,1151664,114584.0,122689.0,3250.0,3265.1,3239.8,3251.5,44788275,3576.6,2926.4,4322.95,2866.6,3260.9,7,3,3260.8,10,1,3260.7,4,1,3260.6,87,4,3260.4,19,2,3261.0,289,4,3261.4,3,1,3261.5,1,1,3261.6,66,4,3261.7,66,3
11536,2025-12-30 13:07:46+05:30,3260.2,8,3251.29,1152254,111927.0,122774.0,3250.0,3265.1,3239.8,3251.5,44788275,3576.6,2926.4,4322.95,2866.6,3260.1,37,2,3260.0,165,7,3259.9,11,3,3259.8,131,4,3259.7,25,2,3260.2,8,1,3260.8,8,3,3261.0,78,4,3261.5,56,3,3261.6,20,1
11536,2025-12-30 13:07:49+05:30,3260.0,11,3251.29,1152254,111927.0,122774.0,3250.0,3265.1,3239.8,3251.5,44788275,3576.6,2926.4,4322.95,2866.6,3260.1,37,2,3260.0,165,7,3259.9,11,3,3259.8,131,4,3259.7,25,2,3260.2,8,1,3260.8,8,3,3261.0,78,4,3261.5,56,3,3261.6,20,1
11536,2025-12-30 13:07:51+05:30,3261.0,1,3251.29,1152254,111927.0,122774.0,3250.0,3265.1,3239.8,3251.5,44788275,3576.6,2926.4,4322.95,2866.6,3260.1,37,2,3260.0,165,7,3259.9,11,3,3259.8,131,4,3259.7,25,2,3260.2,8,1,3260.8,8,3,3261.0,78,4,3261.5,56,3,3261.6,20,1
11536,2025-12-30 13:07:51+05:30,3261.0,1,3251.31,1154161,112603.0,123369.0,3250.0,3265.1,3239.8,3251.5,44788275,3576.6,2926.4,4322.95,2866.6,3260.1,4,1,3260.0,124,8,3259.9,16,5,3259.8,232,3,3259.7,1,1,3261.0,524,4,3261.1,37,2,3261.2,13,1,3261.3,14,1,3261.4,67,3
11536,2025-12-30 13:07:55+05:30,3261.0,1,3251.31,1154161,112603.0,123369.0,3250.0,3265.1,3239.8,3251.5,44788275,3576.6,2926.4,4322.95,2866.6,3260.1,4,1,3260.0,124,8,3259.9,16,5,3259.8,232,3,3259.7,1,1,3261.0,524,4,3261.1,37,2,3261.2,13,1,3261.3,14,1,3261.4,67,3
11536,2025-12-30 13:07:55+05:30,3261.0,100,3251.31,1154904,112886.0,121887.0,3250.0,3265.1,3239.8,3251.5,44788275,3576.6,2926.4,4322.95,2866.6,3260.1,77,4,3260.0,155,7,3259.9,16,5,3259.8,126,6,3259.7,381,6,3261.0,38,4,3261.4,26,1,3261.5,18,1,3261.7,47,2,3261.8,21,1
11536,2025-12-30 13:07:58+05:30,3260.1,2,3251.31,1154904,112886.0,121887.0,3250.0,3265.1,3239.8,3251.5,44788275,3576.6,2926.4,4322.95,2866.6,3260.1,77,4,3260.0,155,7,3259.9,16,5,3259.8,126,6,3259.7,381,6,3261.0,38,4,3261.4,26,1,3261.5,18,1,3261.7,47,2,3261.8,21,1
11536,2025-12-30 13:07:59+05:30,3261.0,1,3251.31,1155065,112592.0,123146.0,3250.0,3265.1,3239.8,3251.5,44788275,3576.6,2926.4,4322.95,2866.6,3260.1,105,6,3260.0,26,5,3259.9,16,5,3259.8,164,4,3259.7,10,2,3261.0,32,5,3261.2,24,2,3261.3,31,2,3261.4,14,1,3261.5,101,4
11536,2025-12-30 13:08:01+05:30,3260.1,1,3251.31,1155065,112592.0,123146.0,3250.0,3265.1,3239.8,3251.5,44788275,3576.6,2926.4,4322.95,2866.6,3260.1,105,6,3260.0,26,5,3259.9,16,5,3259.8,164,4,3259.7,10,2,3261.0,32,5,3261.2,24,2,3261.3,31,2,3261.4,14,1,3261.5,101,4
11536,2025-12-30 13:08:04+05:30,3261.0,1,3251.31,1155065,112592.0,123146.0,3250.0,3265.1,3239.8,3251.5,44788275,3576.6,2926.4,4322.95,2866.6,3260.1,105,6,3260.0,26,5,3259.9,16,5,3259.8,164,4,3259.7,10,2,3261.0,32,5,3261.2,24,2,3261.3,31,2,3261.4,14,1,3261.5,101,4
11536,2025-12-30 13:08:04+05:30,3261.0,1,3251.31,1155101,112864.0,123473.0,3250.0,3265.1,3239.8,3251.5,44788275,3576.6,2926.4,4322.95,2866.6,3260.1,78,3,3260.0,124,6,3259.9,44,6,3259.8,164,4,3259.7,11,2,3261.0,24,4,3261.2,24,2,3261.3,31,2,3261.4,39,2,3261.5,36,2
11536,2025-12-30 13:08:07+05:30,3260.1,19,3251.31,1155101,112864.0,123473.0,3250.0,3265.1,3239.8,3251.5,44788275,3576.6,2926.4,4322.95,2866.6,3260.1,78,3,3260.0,124,6,3259.9,44,6,3259.8,164,4,3259.7,11,2,3261.0,24,4,3261.2,24,2,3261.3,31,2,3261.4,39,2,3261.5,36,2
11536,2025-12-30 13:08:08+05:30,3260.1,1,3251.31,1155185,112526.0,123838.0,3250.0,3265.1,3239.8,3251.5,44788275,3576.6,2926.4,4322.95,2866.6,3260.1,17,4,3260.0,88,5,3259.9,16,5,3259.8,12,1,3259.7,1,1,3260.9,34,2,3261.0,91,7,3261.1,23,2,3261.2,50,3,3261.3,31,2
11536,2025-12-30 13:08:10+05:30,3260.1,6,3251.31,1155185,112526.0,123838.0,3250.0,3265.1,3239.8,3251.5,44788275,3576.6,2926.4,4322.95,2866.6,3260.1,17,4,3260.0,88,5,3259.9,16,5,3259.8,12,1,3259.7,1,1,3260.9,34,2,3261.0,91,7,3261.1,23,2,3261.2,50,3,3261.3,31,2
11536,2025-12-30 13:08:13+05:30,3260.1,1,3251.31,1155185,112526.0,123838.0,3250.0,3265.1,3239.8,3251.5,44788275,3576.6,2926.4,4322.95,2866.6,3260.1,17,4,3260.0,88,5,3259.9,16,5,3259.8,12,1,3259.7,1,1,3260.9,34,2,3261.0,91,7,3261.1,23,2,3261.2,50,3,3261.3,31,2
11536,2025-12-30 13:08:13+05:30,3260.1,1,3251.31,1155214,112120.0,124755.0,3250.0,3265.1,3239.8,3251.5,44788275,3576.6,2926.4,4322.95,2866.6,3260.1,60,4,3260.0,88,5,3259.9,16,5,3259.8,52,2,3259.7,102,3,3260.9,3,3,3261.0,60,4,3261.1,1,1,3261.2,50,3,3261.3,40,2
11536,2025-12-30 13:08:16+05:30,3260.1,29,3251.31,1155214,112120.0,124755.0,3250.0,3265.1,3239.8,3251.5,44788275,3576.6,2926.4,4322.95,2866.6,3260.1,60,4,3260.0,88,5,3259.9,16,5,3259.8,52,2,3259.7,102,3,3260.9,3,3,3261.0,60,4,3261.1,1,1,3261.2,50,3,3261.3,40,2
11536,2025-12-30 13:08:17+05:30,3260.9,3,3251.31,1155358,112384.0,120950.0,3250.0,3265.1,3239.8,3251.5,44788275,3576.6,2926.4,4322.95,2866.6,3260.3,44,2,3260.2,3,1,3260.1,100,5,3260.0,124,5,3259.9,19,6,3260.9,10,3,3261.0,434,2,3261.1,1,1,3261.3,14,1,3261.6,87,4
11536,2025-12-30 13:08:19+05:30,3260.3,47,3251.31,1155358,112384.0,120950.0,3250.0,3265.1,3239.8,3251.5,44788275,3576.6,2926.4,4322.95,2866.6,3260.3,44,2,3260.2,3,1,3260.1,100,5,3260.0,124,5,3259.9,19,6,3260.9,10,3,3261.0,434,2,3261.1,1,1,3261.3,14,1,3261.6,87,4
11536,2025-12-30 13:08:19+05:30,3260.3,47,3251.31,1155358,112384.0,120950.0,3250.0,3265.1,3239.8,3251.5,44788275,3576.6,2926.4,4322.95,2866.6,3260.3,44,2,3260.2,3,1,3260.1,100,5,3260.0,124,5,3259.9,19,6,3260.9,10,3,3261.0,434,2,3261.1,1,1,3261.3,14,1,3261.6,87,4
11536,2025-12-30 13:08:21+05:30,3260.3,47,3251.31,1155358,112384.0,120950.0,3250.0,3265.1,3239.8,3251.5,44788275,3576.6,2926.4,4322.95,2866.6,3260.3,44,2,3260.2,3,1,3260.1,100,5,3260.0,124,5,3259.9,19,6,3260.9,10,3,3261.0,434,2,3261.1,1,1,3261.3,14,1,3261.6,87,4
11536,2025-12-30 13:08:22+05:30,3260.3,3,3251.31,1155358,112384.0,120950.0,3250.0,3265.1,3239.8,3251.5,44788275,3576.6,2926.4,4322.95,2866.6,3260.3,44,2,3260.2,3,1,3260.1,100,5,3260.0,124,5,3259.9,19,6,3260.9,10,3,3261.0,434,2,3261.1,1,1,3261.3,14,1,3261.6,87,4
11536,2025-12-30 13:08:22+05:30,3260.3,3,3251.31,1155358,112384.0,120950.0,3250.0,3265.1,3239.8,3251.5,44788275,3576.6,2926.4,4322.95,2866.6,3260.3,44,2,3260.2,3,1,3260.1,100,5,3260.0,124,5,3259.9,19,6,3260.9,10,3,3261.0,434,2,3261.1,1,1,3261.3,14,1,3261.6,87,4
11536,2025-12-30 13:08:22+05:30,3260.3,1,3251.32,1155471,112149.0,124144.0,3250.0,3265.1,3239.8,3251.5,44788275,3576.6,2926.4,4322.95,2866.6,3260.3,60,3,3260.2,25,2,3260.1,31,4,3260.0,4,3,3259.9,19,6,3260.9,12,4,3261.0,443,2,3261.1,11,2,3261.2,52,3,3261.3,43,3
11536,2025-12-30 13:08:23+05:30,3260.3,1,3251.32,1155471,112149.0,124144.0,3250.0,3265.1,3239.8,3251.5,44788275,3576.6,2926.4,4322.95,2866.6,3260.3,60,3,3260.2,25,2,3260.1,31,4,3260.0,4,3,3259.9,19,6,3260.9,12,4,3261.0,443,2,3261.1,11,2,3261.2,52,3,3261.3,43,3
11536,2025-12-30 13:08:24+05:30,3260.3,1,3251.32,1155471,112149.0,124144.0,3250.0,3265.1,3239.8,3251.5,44788275,3576.6,2926.4,4322.95,2866.6,3260.3,60,3,3260.2,25,2,3260.1,31,4,3260.0,4,3,3259.9,19,6,3260.9,12,4,3261.0,443,2,3261.1,11,2,3261.2,52,3,3261.3,43,3
11536,2025-12-30 13:08:25+05:30,3260.9,1,3251.32,1155471,112149.0,124144.0,3250.0,3265.1,3239.8,3251.5,44788275,3576.6,2926.4,4322.95,2866.6,3260.3,60,3,3260.2,25,2,3260.1,31,4,3260.0,4,3,3259.9,19,6,3260.9,12,4,3261.0,443,2,3261.1,11,2,3261.2,52,3,3261.3,43,3
11536,2025-12-30 13:08:26+05:30,3260.9,1,3251.32,1155471,112149.0,124144.0,3250.0,3265.1,3239.8,3251.5,44788275,3576.6,2926.4,4322.95,2866.6,3260.3,60,3,3260.2,25,2,3260.1,31,4,3260.0,4,3,3259.9,19,6,3260.9,12,4,3261.0,443,2,3261.1,11,2,3261.2,52,3,3261.3,43,3
11536,2025-12-30 13:08:26+05:30,3260.3,43,3251.32,1155580,112690.0,124004.0,3250.0,3265.1,3239.8,3251.5,44788275,3576.6,2926.4,4322.95,2866.6,3260.3,31,3,3260.2,25,2,3260.1,31,4,3260.0,4,3,3259.9,16,5,3260.9,44,4,3261.0,10,1,3261.1,33,3,3261.2,42,3,3261.3,42,2
11536,2025-12-30 13:08:27+05:30,3260.3,43,3251.32,1155580,112690.0,124004.0,3250.0,3265.1,3239.8,3251.5,44788275,3576.6,2926.4,4322.95,2866.6,3260.3,31,3,3260.2,25,2,3260.1,31,4,3260.0,4,3,3259.9,16,5,3260.9,44,4,3261.0,10,1,3261.1,33,3,3261.2,42,3,3261.3,42,2
11536,2025-12-30 13:08:27+05:30,3260.3,43,3251.32,1155580,112690.0,124004.0,3250.0,3265.1,3239.8,3251.5,44788275,3576.6,2926.4,4322.95,2866.6,3260.3,31,3,3260.2,25,2,3260.1,31,4,3260.0,4,3,3259.9,16,5,3260.9,44,4,3261.0,10,1,3261.1,33,3,3261.2,42,3,3261.3,42,2
11536,2025-12-30 13:08:28+05:30,3260.3,43,3251.32,1155580,112690.0,124004.0,3250.0,3265.1,3239.8,3251.5,44788275,3576.6,2926.4,4322.95,2866.6,3260.3,31,3,3260.2,25,2,3260.1,31,4,3260.0,4,3,3259.9,16,5,3260.9,44,4,3261.0,10,1,3261.1,33,3,3261.2,42,3,3261.3,42,2
11536,2025-12-30 13:08:28+05:30,3260.3,1,3251.32,1155584,112253.0,124418.0,3250.0,3265.1,3239.8,3251.5,44788275,3576.6,2926.4,4322.95,2866.6,3260.3,28,4,3260.2,25,2,3260.1,31,4,3260.0,4,3,3259.9,188,6,3260.9,52,7,3261.0,175,1,3261.1,11,2,3261.2,29,2,3261.3,31,2
11536,2025-12-30 13:08:29+05:30,3260.3,2,3251.32,1155584,112253.0,124418.0,3250.0,3265.1,3239.8,3251.5,44788275,3576.6,2926.4,4322.95,2866.6,3260.3,28,4,3260.2,25,2,3260.1,31,4,3260.0,4,3,3259.9,188,6,3260.9,52,7,3261.0,175,1,3261.1,11,2,3261.2,29,2,3261.3,31,2
11536,2025-12-30 13:08:29+05:30,3260.3,2,3251.32,1155586,112255.0,124092.0,3250.0,3265.1,3239.8,3251.5,44788275,3576.6,2926.4,4322.95,2866.6,3260.3,26,4,3260.2,25,2,3260.1,31,4,3260.0,4,3,3259.9,188,6,3260.9,51,6,3261.0,175,1,3261.1,11,2,3261.2,29,2,3261.3,31,2
11536,2025-12-30 13:08:30+05:30,3260.3,2,3251.32,1155586,112255.0,124092.0,3250.0,3265.1,3239.8,3251.5,44788275,3576.6,2926.4,4322.95,2866.6,3260.3,26,4,3260.2,25,2,3260.1,31,4,3260.0,4,3,3259.9,188,6,3260.9,51,6,3261.0,175,1,3261.1,11,2,3261.2,29,2,3261.3,31,2
11536,2025-12-30 13:08:30+05:30,3260.3,12,3251.32,1155586,112255.0,124092.0,3250.0,3265.1,3239.8,3251.5,44788275,3576.6,2926.4,4322.95,2866.6,3260.3,26,4,3260.2,25,2,3260.1,31,4,3260.0,4,3,3259.9,188,6,3260.9,51,6,3261.0,175,1,3261.1,11,2,3261.2,29,2,3261.3,31,2
11536,2025-12-30 13:08:30+05:30,3260.3,3,3251.32,1155601,112239.0,124460.0,3250.0,3265.1,3239.8,3251.5,44788275,3576.6,2926.4,4322.95,2866.6,3260.3,11,4,3260.2,25,2,3260.1,31,4,3260.0,4,3,3259.9,188,6,3260.9,50,6,3261.0,175,1,3261.1,33,3,3261.2,29,2,3261.3,57,3
11536,2025-12-30 13:08:31+05:30,3260.3,3,3251.32,1155601,112239.0,124460.0,3250.0,3265.1,3239.8,3251.5,44788275,3576.6,2926.4,4322.95,2866.6,3260.3,11,4,3260.2,25,2,3260.1,31,4,3260.0,4,3,3259.9,188,6,3260.9,50,6,3261.0,175,1,3261.1,33,3,3261.2,29,2,3261.3,57,3
11536,2025-12-30 13:08:31+05:30,3260.3,3,3251.32,1155601,112239.0,124460.0,3250.0,3265.1,3239.8,3251.5,44788275,3576.6,2926.4,4322.95,2866.6,3260.3,11,4,3260.2,25,2,3260.1,31,4,3260.0,4,3,3259.9,188,6,3260.9,50,6,3261.0,175,1,3261.1,33,3,3261.2,29,2,3261.3,57,3
11536,2025-12-30 13:08:31+05:30,3260.3,1,3251.32,1155605,112318.0,124424.0,3250.0,3265.1,3239.8,3251.5,44788275,3576.6,2926.4,4322.95,2866.6,3260.3,60,5,3260.2,25,2,3260.1,31,4,3260.0,4,3,3259.9,188,6,3260.9,47,5,3261.0,175,1,3261.1,24,3,3261.2,29,2,3261.3,16,1
11536,2025-12-30 13:08:32+05:30,3260.3,1,3251.32,1155605,112318.0,124424.0,3250.0,3265.1,3239.8,3251.5,44788275,3576.6,2926.4,4322.95,2866.6,3260.3,60,5,3260.2,25,2,3260.1,31,4,3260.0,4,3,3259.9,188,6,3260.9,47,5,3261.0,175,1,3261.1,24,3,3261.2,29,2,3261.3,16,1
11536,2025-12-30 13:08:32+05:30,3260.9,3,3251.32,1155609,112342.0,124256.0,3250.0,3265.1,3239.8,3251.5,44788275,3576.6,2926.4,4322.95,2866.6,3260.3,59,4,3260.2,25,2,3260.1,31,4,3260.0,4,3,3259.9,214,7,3260.9,33,4,3261.0,175,1,3261.1,1,1,3261.2,29,2,3261.3,16,1
11536,2025-12-30 13:08:33+05:30,3260.9,3,3251.32,1155609,112342.0,124256.0,3250.0,3265.1,3239.8,3251.5,44788275,3576.6,2926.4,4322.95,2866.6,3260.3,59,4,3260.2,25,2,3260.1,31,4,3260.0,4,3,3259.9,214,7,3260.9,33,4,3261.0,175,1,3261.1,1,1,3261.2,29,2,3261.3,16,1
11536,2025-12-30 13:08:33+05:30,3260.9,3,3251.32,1155609,112342.0,124256.0,3250.0,3265.1,3239.8,3251.5,44788275,3576.6,2926.4,4322.95,2866.6,3260.3,59,4,3260.2,25,2,3260.1,31,4,3260.0,4,3,3259.9,214,7,3260.9,33,4,3261.0,175,1,3261.1,1,1,3261.2,29,2,3261.3,16,1
11536,2025-12-30 13:08:33+05:30,3260.3,1,3251.32,1155612,113158.0,124116.0,3250.0,3265.1,3239.8,3251.5,44788275,3576.6,2926.4,4322.95,2866.6,3260.3,56,4,3260.2,25,2,3260.1,31,4,3260.0,4,3,3259.9,188,6,3260.9,33,4,3261.0,185,2,3261.1,1,1,3261.2,13,1,3261.3,22,1
11536,2025-12-30 13:08:34+05:30,3260.3,1,3251.32,1155612,113158.0,124116.0,3250.0,3265.1,3239.8,3251.5,44788275,3576.6,2926.4,4322.95,2866.6,3260.3,56,4,3260.2,25,2,3260.1,31,4,3260.0,4,3,3259.9,188,6,3260.9,33,4,3261.0,185,2,3261.1,1,1,3261.2,13,1,3261.3,22,1
11536,2025-12-30 13:08:34+05:30,3260.3,1,3251.32,1155614,113109.0,124185.0,3250.0,3265.1,3239.8,3251.5,44788275,3576.6,2926.4,4322.95,2866.6,3260.3,54,3,3260.2,25,2,3260.1,31,4,3260.0,4,3,3259.9,188,6,3260.9,43,5,3261.0,175,1,3261.1,1,1,3261.2,35,2,3261.4,72,4
11536,2025-12-30 13:08:34+05:30,3260.3,1,3251.32,1155614,113109.0,124185.0,3250.0,3265.1,3239.8,3251.5,44788275,3576.6,2926.4,4322.95,2866.6,3260.3,54,3,3260.2,25,2,3260.1,31,4,3260.0,4,3,3259.9,188,6,3260.9,43,5,3261.0,175,1,3261.1,1,1,3261.2,35,2,3261.4,72,4
11536,2025-12-30 13:08:35+05:30,3260.9,1,3251.32,1155614,113109.0,124185.0,3250.0,3265.1,3239.8,3251.5,44788275,3576.6,2926.4,4322.95,2866.6,3260.3,54,3,3260.2,25,2,3260.1,31,4,3260.0,4,3,3259.9,188,6,3260.9,43,5,3261.0,175,1,3261.1,1,1,3261.2,35,2,3261.4,72,4
11536,2025-12-30 13:08:35+05:30,3260.9,1,3251.32,1155615,113099.0,124232.0,3250.0,3265.1,3239.8,3251.5,44788275,3576.6,2926.4,4322.95,2866.6,3260.3,54,3,3260.2,25,2,3260.1,31,4,3260.0,4,3,3259.9,188,6,3260.9,42,5,3261.0,175,1,3261.1,29,3,3261.2,29,2,3261.4,46,3
11536,2025-12-30 13:08:36+05:30,3260.3,1,3251.32,1155615,113099.0,124232.0,3250.0,3265.1,3239.8,3251.5,44788275,3576.6,2926.4,4322.95,2866.6,3260.3,54,3,3260.2,25,2,3260.1,31,4,3260.0,4,3,3259.9,188,6,3260.9,42,5,3261.0,175,1,3261.1,29,3,3261.2,29,2,3261.4,46,3
11536,2025-12-30 13:08:36+05:30,3260.3,1,3251.32,1155615,113099.0,124232.0,3250.0,3265.1,3239.8,3251.5,44788275,3576.6,2926.4,4322.95,2866.6,3260.3,54,3,3260.2,25,2,3260.1,31,4,3260.0,4,3,3259.9,188,6,3260.9,42,5,3261.0,175,1,3261.1,29,3,3261.2,29,2,3261.4,46,3
11536,2025-12-30 13:08:36+05:30,3261.0,106,3251.32,1155811,112995.0,123865.0,3250.0,3265.1,3239.8,3251.5,44788275,3576.6,2926.4,4322.95,2866.6,3260.3,76,5,3260.2,51,3,3260.1,31,4,3260.0,4,3,3259.9,108,6,3261.0,69,1,3261.1,11,2,3261.4,48,3,3261.6,105,4,3261.7,178,4
11536,2025-12-30 13:08:37+05:30,3260.3,22,3251.32,1155811,112995.0,123865.0,3250.0,3265.1,3239.8,3251.5,44788275,3576.6,2926.4,4322.95,2866.6,3260.3,76,5,3260.2,51,3,3260.1,31,4,3260.0,4,3,3259.9,108,6,3261.0,69,1,3261.1,11,2,3261.4,48,3,3261.6,105,4,3261.7,178,4
11536,2025-12-30 13:08:37+05:30,3260.3,1,3251.32,1155888,115346.0,123549.0,3250.0,3265.1,3239.8,3251.5,44788275,3576.6,2926.4,4322.95,2866.6,3260.9,11,2,3260.3,1,1,3260.2,25,2,3260.1,31,4,3260.0,85,5,3261.0,84,4,3261.1,1,1,3261.2,41,3,3261.3,38,2,3261.4,39,3
11536,2025-12-30 13:08:37+05:30,3260.3,1,3251.32,1155888,115346.0,123549.0,3250.0,3265.1,3239.8,3251.5,44829050,3576.6,2926.4,4322.95,2866.6,3260.9,11,2,3260.3,1,1,3260.2,25,2,3260.1,31,4,3260.0,85,5,3261.0,84,4,3261.1,1,1,3261.2,41,3,3261.3,38,2,3261.4,39,3
11536,2025-12-30 13:08:38+05:30,3260.3,1,3251.32,1155888,115346.0,123549.0,3250.0,3265.1,3239.8,3251.5,44829050,3576.6,2926.4,4322.95,2866.6,3260.9,11,2,3260.3,1,1,3260.2,25,2,3260.1,31,4,3260.0,85,5,3261.0,84,4,3261.1,1,1,3261.2,41,3,3261.3,38,2,3261.4,39,3
11536,2025-12-30 13:08:38+05:30,3260.9,3,3251.32,1155898,115475.0,123724.0,3250.0,3265.1,3239.8,3251.5,44829050,3576.6,2926.4,4322.95,2866.6,3260.9,4,2,3260.3,1,1,3260.2,25,2,3260.1,31,4,3260.0,85,5,3261.0,85,5,3261.1,1,1,3261.2,26,2,3261.3,22,1,3261.4,39,3
11536,2025-12-30 13:08:39+05:30,3260.9,3,3251.32,1155898,115475.0,123724.0,3250.0,3265.1,3239.8,3251.5,44829050,3576.6,2926.4,4322.95,2866.6,3260.9,4,2,3260.3,1,1,3260.2,25,2,3260.1,31,4,3260.0,85,5,3261.0,85,5,3261.1,1,1,3261.2,26,2,3261.3,22,1,3261.4,39,3
11536,2025-12-30 13:08:39+05:30,3261.0,14,3251.32,1155918,114810.0,123992.0,3250.0,3265.1,3239.8,3251.5,44829050,3576.6,2926.4,4322.95,2866.6,3260.4,9,2,3260.3,5,2,3260.2,42,2,3260.1,57,5,3260.0,4,3,3261.0,61,4,3261.1,1,1,3261.2,14,1,3261.3,15,1,3261.4,39,3
11536,2025-12-30 13:08:40+05:30,3260.3,4,3251.32,1155918,114810.0,123992.0,3250.0,3265.1,3239.8,3251.5,44829050,3576.6,2926.4,4322.95,2866.6,3260.4,9,2,3260.3,5,2,3260.2,42,2,3260.1,57,5,3260.0,4,3,3261.0,61,4,3261.1,1,1,3261.2,14,1,3261.3,15,1,3261.4,39,3
11536,2025-12-30 13:08:40+05:30,3260.3,4,3251.32,1155918,114810.0,123992.0,3250.0,3265.1,3239.8,3251.5,44829050,3576.6,2926.4,4322.95,2866.6,3260.4,9,2,3260.3,5,2,3260.2,42,2,3260.1,57,5,3260.0,4,3,3261.0,61,4,3261.1,1,1,3261.2,14,1,3261.3,15,1,3261.4,39,3
11536,2025-12-30 13:08:40+05:30,3260.2,11,3251.32,1155947,113908.0,124522.0,3250.0,3265.1,3239.8,3251.5,44829050,3576.6,2926.4,4322.95,2866.6,3260.2,13,2,3260.1,31,4,3260.0,4,3,3259.9,37,6,3259.8,70,4,3260.3,4,2,3261.0,57,3,3261.1,1,1,3261.4,91,3,3261.5,22,1
11536,2025-12-30 13:08:41+05:30,3260.2,11,3251.32,1155947,113908.0,124522.0,3250.0,3265.1,3239.8,3251.5,44829050,3576.6,2926.4,4322.95,2866.6,3260.2,13,2,3260.1,31,4,3260.0,4,3,3259.9,37,6,3259.8,70,4,3260.3,4,2,3261.0,57,3,3261.1,1,1,3261.4,91,3,3261.5,22,1
11536,2025-12-30 13:08:42+05:30,3260.3,1,3251.32,1155950,113906.0,124552.0,3250.0,3265.1,3239.8,3251.5,44829050,3576.6,2926.4,4322.95,2866.6,3260.2,11,2,3260.1,31,4,3260.0,4,3,3259.9,37,6,3259.8,70,4,3260.3,4,3,3261.0,56,2,3261.1,1,1,3261.4,91,3,3261.5,22,1
11536,2025-12-30 13:08:42+05:30,3260.3,1,3251.32,1155950,113906.0,124552.0,3250.0,3265.1,3239.8,3251.5,44829050,3576.6,2926.4,4322.95,2866.6,3260.2,11,2,3260.1,31,4,3260.0,4,3,3259.9,37,6,3259.8,70,4,3260.3,4,3,3261.0,56,2,3261.1,1,1,3261.4,91,3,3261.5,22,1
11536,2025-12-30 13:08:42+05:30,3260.2,3,3251.32,1155965,113776.0,123174.0,3250.0,3265.1,3239.8,3251.5,44829050,3576.6,2926.4,4322.95,2866.6,3260.2,1,1,3260.1,31,4,3260.0,4,3,3259.9,52,7,3259.8,55,3,3260.3,2,2,3261.0,55,1,3261.1,1,1,3261.4,91,3,3261.5,36,2
11536,2025-12-30 13:08:43+05:30,3260.2,1,3251.32,1155965,113776.0,123174.0,3250.0,3265.1,3239.8,3251.5,44829050,3576.6,2926.4,4322.95,2866.6,3260.2,1,1,3260.1,31,4,3260.0,4,3,3259.9,52,7,3259.8,55,3,3260.3,2,2,3261.0,55,1,3261.1,1,1,3261.4,91,3,3261.5,36,2
11536,2025-12-30 13:08:44+05:30,3260.3,1,3251.32,1155969,113915.0,124413.0,3250.0,3265.1,3239.8,3251.5,44829050,3576.6,2926.4,4322.95,2866.6,3260.2,4,3,3260.1,31,4,3260.0,25,4,3259.9,41,6,3259.8,55,3,3260.3,2,2,3261.0,55,1,3261.1,1,1,3261.4,104,4,3261.5,22,1
11536,2025-12-30 13:08:44+05:30,3260.3,1,3251.32,1155969,113915.0,124413.0,3250.0,3265.1,3239.8,3251.5,44829050,3576.6,2926.4,4322.95,2866.6,3260.2,4,3,3260.1,31,4,3260.0,25,4,3259.9,41,6,3259.8,55,3,3260.3,2,2,3261.0,55,1,3261.1,1,1,3261.4,104,4,3261.5,22,1
11536,2025-12-30 13:08:45+05:30,3260.3,1,3251.32,1155969,113915.0,124414.0,3250.0,3265.1,3239.8,3251.5,44829050,3576.6,2926.4,4322.95,2866.6,3260.2,4,3,3260.1,31,4,3260.0,25,4,3259.9,41,6,3259.8,55,3,3260.3,2,2,3261.0,55,1,3261.1,1,1,3261.4,104,4,3261.5,22,1
11536,2025-12-30 13:08:45+05:30,3260.3,1,3251.32,1155969,113915.0,124414.0,3250.0,3265.1,3239.8,3251.5,44829050,3576.6,2926.4,4322.95,2866.6,3260.2,4,3,3260.1,31,4,3260.0,25,4,3259.9,41,6,3259.8,55,3,3260.3,2,2,3261.0,55,1,3261.1,1,1,3261.4,104,4,3261.5,22,1
11536,2025-12-30 13:08:46+05:30,3260.2,1,3251.32,1155969,113915.0,124414.0,3250.0,3265.1,3239.8,3251.5,44829050,3576.6,2926.4,4322.95,2866.6,3260.2,4,3,3260.1,31,4,3260.0,25,4,3259.9,41,6,3259.8,55,3,3260.3,2,2,3261.0,55,1,3261.1,1,1,3261.4,104,4,3261.5,22,1
11536,2025-12-30 13:08:46+05:30,3260.2,1,3251.32,1155975,113705.0,124713.0,3250.0,3265.1,3239.8,3251.5,44829050,3576.6,2926.4,4322.95,2866.6,3260.2,4,3,3260.1,31,4,3260.0,25,4,3259.9,16,5,3259.8,15,2,3260.3,45,3,3260.8,10,1,3260.9,9,1,3261.0,77,3,3261.1,13,2
11536,2025-12-30 13:08:47+05:30,3260.2,51,3251.32,1156031,113561.0,124792.0,3250.0,3265.1,3239.8,3251.5,44829050,3576.6,2926.4,4322.95,2866.6,3260.1,35,5,3260.0,25,4,3259.9,16,5,3259.8,40,3,3259.7,4,2,3260.2,8,1,3260.3,44,3,3261.0,67,2,3261.1,13,2,3261.2,26,2
11536,2025-12-30 13:08:47+05:30,3260.2,6,3251.32,1156031,113561.0,124792.0,3250.0,3265.1,3239.8,3251.5,44829050,3576.6,2926.4,4322.95,2866.6,3260.1,35,5,3260.0,25,4,3259.9,16,5,3259.8,40,3,3259.7,4,2,3260.2,8,1,3260.3,44,3,3261.0,67,2,3261.1,13,2,3261.2,26,2
11536,2025-12-30 13:08:48+05:30,3260.2,3,3251.32,1156031,113561.0,124792.0,3250.0,3265.1,3239.8,3251.5,44829050,3576.6,2926.4,4322.95,2866.6,3260.1,35,5,3260.0,25,4,3259.9,16,5,3259.8,40,3,3259.7,4,2,3260.2,8,1,3260.3,44,3,3261.0,67,2,3261.1,13,2,3261.2,26,2
11536,2025-12-30 13:08:48+05:30,3260.2,3,3251.32,1156104,113606.0,122232.0,3250.0,3265.1,3239.8,3251.5,44829050,3576.6,2926.4,4322.95,2866.6,3260.2,3,1,3260.1,31,4,3260.0,4,3,3259.9,164,6,3259.8,75,5,3261.0,65,3,3261.1,1,1,3261.2,12,1,3261.3,21,1,3261.4,63,4
11536,2025-12-30 13:08:49+05:30,3260.2,3,3251.32,1156104,113606.0,122232.0,3250.0,3265.1,3239.8,3251.5,44829050,3576.6,2926.4,4322.95,2866.6,3260.2,3,1,3260.1,31,4,3260.0,4,3,3259.9,164,6,3259.8,75,5,3261.0,65,3,3261.1,1,1,3261.2,12,1,3261.3,21,1,3261.4,63,4
11536,2025-12-30 13:08:49+05:30,3260.2,3,3251.32,1156107,115181.0,124192.0,3250.0,3265.1,3239.8,3251.5,44829050,3576.6,2926.4,4322.95,2866.6,3260.9,5,1,3260.1,31,4,3260.0,86,5,3259.9,336,8,3259.8,382,8,3261.0,57,3,3261.1,1,1,3261.2,12,1,3261.4,12,1,3261.5,27,2
11536,2025-12-30 13:08:50+05:30,3260.9,5,3251.32,1156107,115181.0,124192.0,3250.0,3265.1,3239.8,3251.5,44829050,3576.6,2926.4,4322.95,2866.6,3260.9,5,1,3260.1,31,4,3260.0,86,5,3259.9,336,8,3259.8,382,8,3261.0,57,3,3261.1,1,1,3261.2,12,1,3261.4,12,1,3261.5,27,2
11536,2025-12-30 13:08:50+05:30,3260.9,5,3251.32,1156112,113422.0,124161.0,3250.0,3265.1,3239.8,3251.5,44829050,3576.6,2926.4,4322.95,2866.6,3260.1,31,4,3260.0,4,3,3259.9,37,6,3259.8,93,6,3259.7,4,2,3260.3,20,1,3261.0,57,3,3261.1,1,1,3261.2,12,1,3261.3,21,1
11536,2025-12-30 13:08:51+05:30,3260.1,9,3251.32,1156112,113422.0,124161.0,3250.0,3265.1,3239.8,3251.5,44829050,3576.6,2926.4,4322.95,2866.6,3260.1,31,4,3260.0,4,3,3259.9,37,6,3259.8,93,6,3259.7,4,2,3260.3,20,1,3261.0,57,3,3261.1,1,1,3261.2,12,1,3261.3,21,1
11536,2025-12-30 13:08:51+05:30,3260.1,9,3251.32,1156121,113391.0,124557.0,3250.0,3265.1,3239.8,3251.5,44829050,3576.6,2926.4,4322.95,2866.6,3260.1,22,4,3260.0,4,3,3259.9,37,6,3259.8,78,5,3259.7,4,2,3260.3,21,2,3261.0,56,2,3261.1,1,1,3261.2,12,1,3261.3,61,1
11536,2025-12-30 13:08:52+05:30,3260.1,1,3251.32,1156121,113391.0,124557.0,3250.0,3265.1,3239.8,3251.5,44829050,3576.6,2926.4,4322.95,2866.6,3260.1,22,4,3260.0,4,3,3259.9,37,6,3259.8,78,5,3259.7,4,2,3260.3,21,2,3261.0,56,2,3261.1,1,1,3261.2,12,1,3261.3,61,1
11536,2025-12-30 13:08:52+05:30,3260.1,1,3251.32,1156141,113403.0,124512.0,3250.0,3265.1,3239.8,3251.5,44829050,3576.6,2926.4,4322.95,2866.6,3260.1,19,4,3260.0,4,3,3259.9,37,6,3259.8,93,6,3259.7,4,2,3260.3,7,5,3261.0,55,1,3261.1,1,1,3261.2,12,1,3261.3,61,1
11536,2025-12-30 13:08:53+05:30,3260.1,1,3251.32,1156142,113393.0,124722.0,3250.0,3265.1,3239.8,3251.5,44829050,3576.6,2926.4,4322.95,2866.6,3260.1,18,4,3260.0,9,4,3259.9,37,6,3259.8,93,6,3259.7,4,2,3260.3,6,4,3261.0,55,1,3261.1,1,1,3261.2,12,1,3261.3,61,1
11536,2025-12-30 13:08:54+05:30,3260.3,1,3251.32,1156142,113393.0,124722.0,3250.0,3265.1,3239.8,3251.5,44829050,3576.6,2926.4,4322.95,2866.6,3260.1,18,4,3260.0,9,4,3259.9,37,6,3259.8,93,6,3259.7,4,2,3260.3,6,4,3261.0,55,1,3261.1,1,1,3261.2,12,1,3261.3,61,1
11536,2025-12-30 13:08:54+05:30,3260.3,1,3251.32,1156150,114239.0,123008.0,3250.0,3265.1,3239.8,3251.5,44829050,3576.6,2926.4,4322.95,2866.6,3260.2,20,1,3260.1,55,6,3260.0,29,5,3259.9,19,6,3259.8,176,6,3261.0,56,2,3261.1,1,1,3261.2,12,1,3261.4,26,2,3261.6,154,6
11536,2025-12-30 13:08:55+05:30,3261.0,1,3251.32,1156150,114239.0,123008.0,3250.0,3265.1,3239.8,3251.5,44829050,3576.6,2926.4,4322.95,2866.6,3260.2,20,1,3260.1,55,6,3260.0,29,5,3259.9,19,6,3259.8,176,6,3261.0,56,2,3261.1,1,1,3261.2,12,1,3261.4,26,2,3261.6,154,6
11536,2025-12-30 13:08:55+05:30,3261.0,1,3251.32,1156152,114239.0,123578.0,3250.0,3265.1,3239.8,3251.5,44829050,3576.6,2926.4,4322.95,2866.6,3260.2,20,1,3260.1,55,6,3260.0,29,5,3259.9,19,6,3259.8,176,6,3261.0,54,2,3261.1,11,2,3261.4,26,2,3261.6,133,5,3261.7,6,2
11536,2025-12-30 13:08:56+05:30,3261.0,1,3251.32,1156152,113973.0,123456.0,3250.0,3265.1,3239.8,3251.5,44829050,3576.6,2926.4,4322.95,2866.6,3260.2,20,1,3260.1,42,5,3260.0,24,5,3259.9,16,5,3259.8,32,4,3260.3,1,1,3261.0,54,2,3261.1,23,3,3261.3,14,1,3261.4,13,1
11536,2025-12-30 13:08:57+05:30,3260.2,2,3251.32,1156152,113973.0,123456.0,3250.0,3265.1,3239.8,3251.5,44829050,3576.6,2926.4,4322.95,2866.6,3260.2,20,1,3260.1,42,5,3260.0,24,5,3259.9,16,5,3259.8,32,4,3260.3,1,1,3261.0,54,2,3261.1,23,3,3261.3,14,1,3261.4,13,1
11536,2025-12-30 13:08:57+05:30,3260.2,2,3251.32,1156174,113777.0,124493.0,3250.0,3265.1,3239.8,3251.5,44829050,3576.6,2926.4,4322.95,2866.6,3260.1,42,5,3260.0,24,5,3259.9,16,5,3259.8,85,5,3259.7,4,2,3260.2,7,2,3260.3,1,1,3261.0,53,1,3261.1,13,2,3261.3,75,2
11536,2025-12-30 13:08:58+05:30,3260.1,2,3251.32,1156174,113777.0,124493.0,3250.0,3265.1,3239.8,3251.5,44829050,3576.6,2926.4,4322.95,2866.6,3260.1,42,5,3260.0,24,5,3259.9,16,5,3259.8,85,5,3259.7,4,2,3260.2,7,2,3260.3,1,1,3261.0,53,1,3261.1,13,2,3261.3,75,2
11536,2025-12-30 13:08:58+05:30,3260.1,2,3251.32,1156249,113727.0,125025.0,3250.0,3265.1,3239.8,3251.5,44829050,3576.6,2926.4,4322.95,2866.6,3260.1,7,3,3260.0,23,5,3259.9,16,5,3259.8,29,3,3259.7,4,2,3260.3,3,2,3261.0,53,1,3261.1,13,2,3261.3,115,3,3261.4,34,2
11536,2025-12-30 13:08:59+05:30,3260.3,1,3251.32,1156250,113755.0,124844.0,3250.0,3265.1,3239.8,3251.5,44829050,3576.6,2926.4,4322.95,2866.6,3260.1,7,3,3260.0,23,5,3259.9,16,5,3259.8,29,3,3259.7,40,3,3260.3,2,1,3261.0,53,1,3261.1,13,2,3261.3,115,3,3261.4,34,2
11536,2025-12-30 13:09:00+05:30,3260.3,1,3251.32,1156250,113755.0,124844.0,3250.0,3265.1,3239.8,3251.5,44829050,3576.6,2926.4,4322.95,2866.6,3260.1,7,3,3260.0,23,5,3259.9,16,5,3259.8,29,3,3259.7,40,3,3260.3,2,1,3261.0,53,1,3261.1,13,2,3261.3,115,3,3261.4,34,2
11536,2025-12-30 13:09:00+05:30,3260.3,1,3251.32,1156250,113828.0,124999.0,3250.0,3265.1,3239.8,3251.5,44829050,3576.6,2926.4,4322.95,2866.6,3260.1,56,4,3260.0,23,5,3259.9,36,6,3259.8,53,4,3259.7,40,3,3260.3,2,1,3261.0,53,1,3261.1,13,2,3261.3,115,3,3261.4,13,1
11536,2025-12-30 13:09:01+05:30,3260.1,4,3251.32,1156262,113859.0,124342.0,3250.0,3265.1,3239.8,3251.5,44829050,3576.6,2926.4,4322.95,2866.6,3260.1,59,3,3260.0,9,4,3259.9,36,6,3259.8,39,3,3259.7,4,2,3261.0,53,1,3261.1,45,5,3261.2,15,1,3261.3,115,3,3261.4,26,2
11536,2025-12-30 13:09:02+05:30,3260.1,4,3251.32,1156262,113859.0,124342.0,3250.0,3265.1,3239.8,3251.5,44829050,3576.6,2926.4,4322.95,2866.6,3260.1,59,3,3260.0,9,4,3259.9,36,6,3259.8,39,3,3259.7,4,2,3261.0,53,1,3261.1,45,5,3261.2,15,1,3261.3,115,3,3261.4,26,2
11536,2025-12-30 13:09:02+05:30,3260.1,1,3251.32,1156263,113909.0,124697.0,3250.0,3265.1,3239.8,3251.5,44829050,3576.6,2926.4,4322.95,2866.6,3260.1,58,3,3260.0,9,4,3259.9,76,8,3259.8,44,4,3259.7,142,6,3261.0,54,2,3261.1,1,1,3261.3,33,2,3261.4,53,3,3261.6,182,7
11536,2025-12-30 13:09:03+05:30,3260.1,1,3251.32,1156263,113909.0,124697.0,3250.0,3265.1,3239.8,3251.5,44829050,3576.6,2926.4,4322.95,2866.6,3260.1,58,3,3260.0,9,4,3259.9,76,8,3259.8,44,4,3259.7,142,6,3261.0,54,2,3261.1,1,1,3261.3,33,2,3261.4,53,3,3261.6,182,7
11536,2025-12-30 13:09:03+05:30,3260.1,1,3251.32,1156263,113973.0,124668.0,3250.0,3265.1,3239.8,3251.5,44829050,3576.6,2926.4,4322.95,2866.6,3260.1,128,5,3260.0,31,5,3259.9,34,6,3259.8,58,5,3259.7,142,6,3261.0,54,2,3261.1,1,1,3261.3,26,2,3261.4,31,2,3261.5,178,1
11536,2025-12-30 13:09:04+05:30,3260.1,2,3251.32,1156265,114657.0,124410.0,3250.0,3265.1,3239.8,3251.5,44829050,3576.6,2926.4,4322.95,2866.6,3260.1,149,7,3260.0,86,6,3259.9,34,6,3259.8,142,5,3259.7,51,5,3261.0,83,2,3261.1,1,1,3261.3,26,2,3261.5,178,1,3261.6,147,5
11536,2025-12-30 13:09:05+05:30,3261.0,1,3251.32,1156265,114657.0,124410.0,3250.0,3265.1,3239.8,3251.5,44829050,3576.6,2926.4,4322.95,2866.6,3260.1,149,7,3260.0,86,6,3259.9,34,6,3259.8,142,5,3259.7,51,5,3261.0,83,2,3261.1,1,1,3261.3,26,2,3261.5,178,1,3261.6,147,5
11536,2025-12-30 13:09:05+05:30,3261.0,1,3251.32,1156266,114714.0,124388.0,3250.0,3265.1,3239.8,3251.5,44829050,3576.6,2926.4,4322.95,2866.6,3260.1,149,7,3260.0,86,6,3259.9,34,6,3259.8,142,5,3259.7,51,5,3261.0,82,2,3261.1,1,1,3261.3,14,1,3261.4,13,1,3261.5,178,1
11536,2025-12-30 13:09:06+05:30,3261.0,1,3251.32,1156266,114714.0,124388.0,3250.0,3265.1,3239.8,3251.5,44829050,3576.6,2926.4,4322.95,2866.6,3260.1,149,7,3260.0,86,6,3259.9,34,6,3259.8,142,5,3259.7,51,5,3261.0,82,2,3261.1,1,1,3261.3,14,1,3261.4,13,1,3261.5,178,1
11536,2025-12-30 13:09:06+05:30,3261.0,1,3251.32,1156267,114864.0,124370.0,3250.0,3265.1,3239.8,3251.5,44829050,3576.6,2926.4,4322.95,2866.6,3260.2,13,1,3260.1,176,9,3260.0,72,5,3259.9,42,7,3259.8,142,5,3261.0,82,3,3261.1,1,1,3261.4,13,1,3261.5,178,1,3261.6,134,5
11536,2025-12-30 13:09:07+05:30,3260.2,58,3251.32,1156267,114864.0,124370.0,3250.0,3265.1,3239.8,3251.5,44829050,3576.6,2926.4,4322.95,2866.6,3260.2,13,1,3260.1,176,9,3260.0,72,5,3259.9,42,7,3259.8,142,5,3261.0,82,3,3261.1,1,1,3261.4,13,1,3261.5,178,1,3261.6,134,5
11536,2025-12-30 13:09:07+05:30,3260.5,1,3251.32,1156512,116370.0,122247.0,3250.0,3265.1,3239.8,3251.5,44829050,3576.6,2926.4,4322.95,2866.6,3260.5,22,1,3260.4,35,2,3260.3,80,5,3260.2,364,7,3260.1,108,5,3261.6,32,3,3261.7,15,1,3261.8,60,3,3261.9,212,4,3262.0,45,2
11536,2025-12-30 13:09:08+05:30,3261.6,11,3251.32,1156512,116370.0,122247.0,3250.0,3265.1,3239.8,3251.5,44829050,3576.6,2926.4,4322.95,2866.6,3260.5,22,1,3260.4,35,2,3260.3,80,5,3260.2,364,7,3260.1,108,5,3261.6,32,3,3261.7,15,1,3261.8,60,3,3261.9,212,4,3262.0,45,2
11536,2025-12-30 13:09:08+05:30,3261.6,11,3251.32,1156527,116972.0,121206.0,3250.0,3265.1,3239.8,3251.5,44829050,3576.6,2926.4,4322.95,2866.6,3260.8,19,1,3260.7,22,1,3260.6,20,2,3260.5,95,4,3260.4,157,4,3261.6,6,3,3261.9,164,3,3262.0,5,1,3262.1,17,2,3262.3,33,2
11536,2025-12-30 13:09:09+05:30,3261.6,11,3251.32,1156527,115228.0,122045.0,3250.0,3265.1,3239.8,3251.5,44829050,3576.6,2926.4,4322.95,2866.6,3260.7,41,2,3260.6,20,2,3260.5,95,4,3260.4,143,3,3260.3,229,4,3261.6,6,3,3261.9,176,4,3262.0,5,1,3262.1,17,2,3262.2,47,3
11536,2025-12-30 13:09:10+05:30,3260.7,10,3251.32,1156559,114982.0,121310.0,3250.0,3265.1,3239.8,3251.5,44829050,3576.6,2926.4,4322.95,2866.6,3260.7,9,1,3260.6,20,2,3260.5,95,4,3260.4,143,3,3260.3,229,4,3261.6,2,2,3261.9,186,5,3262.0,5,1,3262.1,17,2,3262.2,28,2
11536,2025-12-30 13:09:11+05:30,3260.7,1,3251.32,1156559,114982.0,121310.0,3250.0,3265.1,3239.8,3251.5,44829050,3576.6,2926.4,4322.95,2866.6,3260.7,9,1,3260.6,20,2,3260.5,95,4,3260.4,143,3,3260.3,229,4,3261.6,2,2,3261.9,186,5,3262.0,5,1,3262.1,17,2,3262.2,28,2
11536,2025-12-30 13:09:11+05:30,3261.6,2,3251.32,1156564,114800.0,122350.0,3250.0,3265.1,3239.8,3251.5,44829050,3576.6,2926.4,4322.95,2866.6,3260.6,24,2,3260.5,114,4,3260.4,43,2,3260.3,186,3,3260.2,361,6,3261.6,1,1,3261.8,34,3,3261.9,196,5,3262.0,47,4,3262.1,17,2
11536,2025-12-30 13:09:12+05:30,3261.6,2,3251.32,1156564,114800.0,122350.0,3250.0,3265.1,3239.8,3251.5,44829050,3576.6,2926.4,4322.95,2866.6,3260.6,24,2,3260.5,114,4,3260.4,43,2,3260.3,186,3,3260.2,361,6,3261.6,1,1,3261.8,34,3,3261.9,196,5,3262.0,47,4,3262.1,17,2
11536,2025-12-30 13:09:12+05:30,3261.6,2,3251.32,1156566,114943.0,122359.0,3250.0,3265.1,3239.8,3251.5,44829050,3576.6,2926.4,4322.95,2866.6,3260.7,41,2,3260.6,88,3,3260.5,92,3,3260.4,149,4,3260.3,186,3,3261.6,1,1,3261.9,196,5,3262.0,5,1,3262.1,17,2,3262.2,16,2
11536,2025-12-30 13:09:13+05:30,3260.7,1,3251.32,1156566,114943.0,122359.0,3250.0,3265.1,3239.8,3251.5,44829050,3576.6,2926.4,4322.95,2866.6,3260.7,41,2,3260.6,88,3,3260.5,92,3,3260.4,149,4,3260.3,186,3,3261.6,1,1,3261.9,196,5,3262.0,5,1,3262.1,17,2,3262.2,16,2
11536,2025-12-30 13:09:13+05:30,3260.6,1,3251.32,1156584,114763.0,123613.0,3250.0,3265.1,3239.8,3251.5,44829050,3576.6,2926.4,4322.95,2866.6,3260.6,78,2,3260.5,51,1,3260.4,43,2,3260.3,26,2,3260.2,83,4,3261.7,42,4,3261.8,177,2,3261.9,225,7,3262.0,33,3,3262.1,87,5
11536,2025-12-30 13:09:14+05:30,3260.6,1,3251.32,1156584,114763.0,123613.0,3250.0,3265.1,3239.8,3251.5,44829050,3576.6,2926.4,4322.95,2866.6,3260.6,78,2,3260.5,51,1,3260.4,43,2,3260.3,26,2,3260.2,83,4,3261.7,42,4,3261.8,177,2,3261.9,225,7,3262.0,33,3,3262.1,87,5
11536,2025-12-30 13:09:14+05:30,3260.6,1,3251.32,1156584,114780.0,123614.0,3250.0,3265.1,3239.8,3251.5,44829050,3576.6,2926.4,4322.95,2866.6,3260.6,68,1,3260.5,51,1,3260.4,94,4,3260.3,26,2,3260.2,83,4,3261.7,31,3,3261.8,177,2,3261.9,218,6,3262.0,33,3,3262.1,87,5
11536,2025-12-30 13:09:15+05:30,3261.7,1,3251.32,1156584,114780.0,123614.0,3250.0,3265.1,3239.8,3251.5,44829050,3576.6,2926.4,4322.95,2866.6,3260.6,68,1,3260.5,51,1,3260.4,94,4,3260.3,26,2,3260.2,83,4,3261.7,31,3,3261.8,177,2,3261.9,218,6,3262.0,33,3,3262.1,87,5
11536,2025-12-30 13:09:15+05:30,3261.7,1,3251.32,1156585,114791.0,122567.0,3250.0,3265.1,3239.8,3251.5,44829050,3576.6,2926.4,4322.95,2866.6,3260.6,68,1,3260.5,51,1,3260.4,94,4,3260.3,121,4,3260.2,83,4,3261.7,30,3,3261.8,10,1,3261.9,218,6,3262.0,33,3,3262.1,87,5
11536,2025-12-30 13:09:16+05:30,3260.6,2,3251.32,1156585,114791.0,122567.0,3250.0,3265.1,3239.8,3251.5,44829050,3576.6,2926.4,4322.95,2866.6,3260.6,68,1,3260.5,51,1,3260.4,94,4,3260.3,121,4,3260.2,83,4,3261.7,30,3,3261.8,10,1,3261.9,218,6,3262.0,33,3,3262.1,87,5
11536,2025-12-30 13:09:16+05:30,3261.7,1,3251.32,1156588,115465.0,121717.0,3250.0,3265.1,3239.8,3251.5,44829050,3576.6,2926.4,4322.95,2866.6,3260.9,35,2,3260.8,19,1,3260.7,142,5,3260.6,95,3,3260.5,223,4,3261.7,2,2,3261.9,162,3,3262.0,17,2,3262.1,31,3,3262.2,15,2
11536,2025-12-30 13:09:17+05:30,3261.7,1,3251.32,1156588,115465.0,121717.0,3250.0,3265.1,3239.8,3251.5,44829050,3576.6,2926.4,4322.95,2866.6,3260.9,35,2,3260.8,19,1,3260.7,142,5,3260.6,95,3,3260.5,223,4,3261.7,2,2,3261.9,162,3,3262.0,17,2,3262.1,31,3,3262.2,15,2
11536,2025-12-30 13:09:17+05:30,3261.7,1,3251.32,1156590,115347.0,121856.0,3250.0,3265.1,3239.8,3251.5,44829050,3576.6,2926.4,4322.95,2866.6,3260.9,39,4,3260.8,19,1,3260.7,129,4,3260.6,190,5,3260.5,134,4,3261.9,152,2,3262.0,5,1,3262.1,46,4,3262.2,15,2,3262.3,39,3
11536,2025-12-30 13:09:18+05:30,3261.7,1,3251.32,1156590,114664.0,121185.0,3250.0,3265.1,3239.8,3251.5,44829050,3576.6,2926.4,4322.95,2866.6,3261.7,2,2,3261.0,21,1,3260.9,102,2,3260.8,24,2,3260.7,203,6,3261.9,162,4,3262.0,16,2,3262.1,16,2,3262.2,43,3,3262.3,23,1
11536,2025-12-30 13:09:19+05:30,3261.7,1,3251.32,1156592,115393.0,121675.0,3250.0,3265.1,3239.8,3251.5,44829050,3576.6,2926.4,4322.95,2866.6,3261.7,2,2,3261.0,21,1,3260.9,102,2,3260.8,24,2,3260.7,201,5,3261.9,171,6,3262.0,5,1,3262.1,1,1,3262.2,27,2,3262.3,50,3
11536,2025-12-30 13:09:20+05:30,3261.7,1,3251.32,1156592,115393.0,121675.0,3250.0,3265.1,3239.8,3251.5,44829050,3576.6,2926.4,4322.95,2866.6,3261.7,2,2,3261.0,21,1,3260.9,102,2,3260.8,24,2,3260.7,201,5,3261.9,171,6,3262.0,5,1,3262.1,1,1,3262.2,27,2,3262.3,50,3
11536,2025-12-30 13:09:20+05:30,3261.7,1,3251.32,1156592,115576.0,121633.0,3250.0,3265.1,3239.8,3251.5,44829050,3576.6,2926.4,4322.95,2866.6,3261.7,2,2,3261.0,21,1,3260.9,102,2,3260.8,201,3,3260.7,241,6,3261.9,172,7,3262.0,5,1,3262.1,1,1,3262.2,27,2,3262.3,50,3
11536,2025-12-30 13:09:21+05:30,3261.7,2,3251.32,1156592,115576.0,121633.0,3250.0,3265.1,3239.8,3251.5,44829050,3576.6,2926.4,4322.95,2866.6,3261.7,2,2,3261.0,21,1,3260.9,102,2,3260.8,201,3,3260.7,241,6,3261.9,172,7,3262.0,5,1,3262.1,1,1,3262.2,27,2,3262.3,50,3
11536,2025-12-30 13:09:21+05:30,3261.7,2,3251.32,1156595,115303.0,121503.0,3250.0,3265.1,3239.8,3251.5,44829050,3576.6,2926.4,4322.95,2866.6,3261.0,61,5,3260.9,102,2,3260.8,19,2,3260.7,225,5,3260.6,127,5,3261.6,1,1,3261.9,153,4,3262.0,5,1,3262.1,1,1,3262.2,28,1
11536,2025-12-30 13:09:22+05:30,3261.0,1,3251.32,1156596,115309.0,120277.0,3250.0,3265.1,3239.8,3251.5,44829050,3576.6,2926.4,4322.95,2866.6,3261.0,60,5,3260.9,102,2,3260.8,19,2,3260.7,225,5,3260.6,127,5,3261.6,1,1,3261.9,152,3,3262.0,5,1,3262.1,1,1,3262.2,28,1
11536,2025-12-30 13:09:23+05:30,3261.0,1,3251.32,1156596,115309.0,120277.0,3250.0,3265.1,3239.8,3251.5,44829050,3576.6,2926.4,4322.95,2866.6,3261.0,60,5,3260.9,102,2,3260.8,19,2,3260.7,225,5,3260.6,127,5,3261.6,1,1,3261.9,152,3,3262.0,5,1,3262.1,1,1,3262.2,28,1
11536,2025-12-30 13:09:23+05:30,3261.0,2,3251.32,1156599,115443.0,121327.0,3250.0,3265.1,3239.8,3251.5,44829050,3576.6,2926.4,4322.95,2866.6,3261.0,58,5,3260.9,142,3,3260.8,3,1,3260.7,208,4,3260.6,145,6,3261.6,2,2,3261.9,151,2,3262.0,5,1,3262.1,1,1,3262.2,28,1
11536,2025-12-30 13:09:24+05:30,3261.0,2,3251.32,1156599,115443.0,121327.0,3250.0,3265.1,3239.8,3251.5,44829050,3576.6,2926.4,4322.95,2866.6,3261.0,58,5,3260.9,142,3,3260.8,3,1,3260.7,208,4,3260.6,145,6,3261.6,2,2,3261.9,151,2,3262.0,5,1,3262.1,1,1,3262.2,28,1
11536,2025-12-30 13:09:24+05:30,3261.0,1,3251.32,1156602,114461.0,121335.0,3250.0,3265.1,3239.8,3251.5,44829050,3576.6,2926.4,4322.95,2866.6,3261.0,191,5,3260.9,142,3,3260.8,3,1,3260.7,208,4,3260.6,145,6,3261.6,1,1,3261.9,151,2,3262.0,5,1,3262.1,1,1,3262.2,28,1
11536,2025-12-30 13:09:25+05:30,3261.6,1,3251.32,1156602,114461.0,121335.0,3250.0,3265.1,3239.8,3251.5,44829050,3576.6,2926.4,4322.95,2866.6,3261.0,191,5,3260.9,142,3,3260.8,3,1,3260.7,208,4,3260.6,145,6,3261.6,1,1,3261.9,151,2,3262.0,5,1,3262.1,1,1,3262.2,28,1
11536,2025-12-30 13:09:25+05:30,3261.0,1,3251.32,1156608,115618.0,122028.0,3250.0,3265.1,3239.8,3251.5,44829050,3576.6,2926.4,4322.95,2866.6,3261.0,146,3,3260.9,102,2,3260.8,3,1,3260.7,15,1,3260.6,97,4,3261.9,172,5,3262.0,25,2,3262.1,51,4,3262.2,41,2,3262.3,33,3
11536,2025-12-30 13:09:26+05:30,3261.0,1,3251.32,1156608,115618.0,122028.0,3250.0,3265.1,3239.8,3251.5,44829050,3576.6,2926.4,4322.95,2866.6,3261.0,146,3,3260.9,102,2,3260.8,3,1,3260.7,15,1,3260.6,97,4,3261.9,172,5,3262.0,25,2,3262.1,51,4,3262.2,41,2,3262.3,33,3
11536,2025-12-30 13:09:26+05:30,3261.0,1,3251.32,1156608,116065.0,121062.0,3250.0,3265.1,3239.8,3251.5,44829050,3576.6,2926.4,4322.95,2866.6,3261.0,146,3,3260.9,162,4,3260.8,132,4,3260.7,40,1,3260.6,152,8,3261.9,188,4,3262.0,5,1,3262.1,1,1,3262.2,28,1,3262.4,18,3
11536,2025-12-30 13:09:27+05:30,3261.0,1,3251.32,1156608,116067.0,121059.0,3250.0,3265.1,3239.8,3251.5,44829050,3576.6,2926.4,4322.95,2866.6,3261.0,170,5,3260.9,166,4,3260.8,108,3,3260.7,40,1,3260.6,152,8,3261.9,188,4,3262.0,5,1,3262.1,1,1,3262.2,28,1,3262.4,16,2
11536,2025-12-30 13:09:28+05:30,3261.0,3,3251.32,1156608,116067.0,121059.0,3250.0,3265.1,3239.8,3251.5,44829050,3576.6,2926.4,4322.95,2866.6,3261.0,170,5,3260.9,166,4,3260.8,108,3,3260.7,40,1,3260.6,152,8,3261.9,188,4,3262.0,5,1,3262.1,1,1,3262.2,28,1,3262.4,16,2
11536,2025-12-30 13:09:28+05:30,3261.1,1,3251.32,1156613,115910.0,121023.0,3250.0,3265.1,3239.8,3251.5,44829050,3576.6,2926.4,4322.95,2866.6,3261.1,36,3,3261.0,148,5,3260.9,166,4,3260.8,108,3,3260.7,40,1,3261.9,187,4,3262.0,5,1,3262.1,1,1,3262.4,16,2,3262.5,36,5
11536,2025-12-30 13:09:29+05:30,3261.1,1,3251.32,1156613,115910.0,121023.0,3250.0,3265.1,3239.8,3251.5,44829050,3576.6,2926.4,4322.95,2866.6,3261.1,36,3,3261.0,148,5,3260.9,166,4,3260.8,108,3,3260.7,40,1,3261.9,187,4,3262.0,5,1,3262.1,1,1,3262.4,16,2,3262.5,36,5
11536,2025-12-30 13:09:29+05:30,3261.9,258,3251.34,1158166,117313.0,118737.0,3250.0,3265.1,3239.8,3251.5,44829050,3576.6,2926.4,4322.95,2866.6,3261.5,71,5,3261.4,25,2,3261.3,137,5,3261.2,42,3,3261.1,332,2,3262.0,5,1,3262.1,1,1,3262.4,3,1,3262.5,6,2,3262.9,83,2
11536,2025-12-30 13:09:30+05:30,3262.0,24,3251.34,1158166,117313.0,118737.0,3250.0,3265.1,3239.8,3251.5,44829050,3576.6,2926.4,4322.95,2866.6,3261.5,71,5,3261.4,25,2,3261.3,137,5,3261.2,42,3,3261.1,332,2,3262.0,5,1,3262.1,1,1,3262.4,3,1,3262.5,6,2,3262.9,83,2
11536,2025-12-30 13:09:30+05:30,3262.9,1,3251.34,1158439,120898.0,116520.0,3250.0,3265.1,3239.8,3251.5,44829050,3576.6,2926.4,4322.95,2866.6,3262.9,4,1,3262.6,25,1,3262.5,6,1,3262.4,3,1,3262.3,21,1,3263.1,1,1,3263.7,43,2,3263.8,98,3,3263.9,171,5,3264.0,141,9
11536,2025-12-30 13:09:31+05:30,3263.1,18,3251.34,1158439,120898.0,116520.0,3250.0,3265.1,3239.8,3251.5,44829050,3576.6,2926.4,4322.95,2866.6,3262.9,4,1,3262.6,25,1,3262.5,6,1,3262.4,3,1,3262.3,21,1,3263.1,1,1,3263.7,43,2,3263.8,98,3,3263.9,171,5,3264.0,141,9
11536,2025-12-30 13:09:31+05:30,3263.1,2,3251.34,1158466,117921.0,117842.0,3250.0,3265.1,3239.8,3251.5,44829050,3576.6,2926.4,4322.95,2866.6,3262.1,25,1,3262.0,45,3,3261.9,29,2,3261.8,171,6,3261.7,160,3,3263.1,171,2,3263.4,13,1,3263.6,34,2,3263.7,181,6,3263.8,134,4
11536,2025-12-30 13:09:32+05:30,3263.1,2,3251.34,1158466,117921.0,117842.0,3250.0,3265.1,3239.8,3251.5,44829050,3576.6,2926.4,4322.95,2866.6,3262.1,25,1,3262.0,45,3,3261.9,29,2,3261.8,171,6,3261.7,160,3,3263.1,171,2,3263.4,13,1,3263.6,34,2,3263.7,181,6,3263.8,134,4
11536,2025-12-30 13:09:32+05:30,3263.1,13,3251.34,1158479,117923.0,118184.0,3250.0,3265.1,3239.8,3251.5,44829050,3576.6,2926.4,4322.95,2866.6,3262.2,21,1,3262.1,84,2,3262.0,62,4,3261.9,29,2,3261.8,79,5,3263.1,159,3,3263.4,24,2,3263.6,25,2,3263.7,156,3,3263.8,134,4
11536,2025-12-30 13:09:33+05:30,3263.1,3,3251.34,1158479,117923.0,118184.0,3250.0,3265.1,3239.8,3251.5,44829050,3576.6,2926.4,4322.95,2866.6,3262.2,21,1,3262.1,84,2,3262.0,62,4,3261.9,29,2,3261.8,79,5,3263.1,159,3,3263.4,24,2,3263.6,25,2,3263.7,156,3,3263.8,134,4
11536,2025-12-30 13:09:33+05:30,3262.2,2,3251.34,1158484,117607.0,118631.0,3250.0,3265.1,3239.8,3251.5,44829050,3576.6,2926.4,4322.95,2866.6,3262.2,8,1,3262.1,74,2,3262.0,26,2,3261.9,52,4,3261.8,68,5,3263.1,166,5,3263.3,42,3,3263.4,49,3,3263.6,50,3,3263.7,170,4
11536,2025-12-30 13:09:34+05:30,3262.1,3,3251.34,1158484,117607.0,118631.0,3250.0,3265.1,3239.8,3251.5,44829050,3576.6,2926.4,4322.95,2866.6,3262.2,8,1,3262.1,74,2,3262.0,26,2,3261.9,52,4,3261.8,68,5,3263.1,166,5,3263.3,42,3,3263.4,49,3,3263.6,50,3,3263.7,170,4
11536,2025-12-30 13:09:34+05:30,3262.1,1,3251.34,1158488,117225.0,118852.0,3250.0,3265.1,3239.8,3251.5,44829050,3576.6,2926.4,4322.95,2866.6,3262.2,180,1,3262.1,70,2,3262.0,10,1,3261.9,14,2,3261.8,56,3,3263.1,220,7,3263.2,10,1,3263.4,156,4,3263.5,129,3,3263.6,100,4
11536,2025-12-30 13:09:35+05:30,3263.0,2,3251.34,1158488,117225.0,118852.0,3250.0,3265.1,3239.8,3251.5,44829050,3576.6,2926.4,4322.95,2866.6,3262.2,180,1,3262.1,70,2,3262.0,10,1,3261.9,14,2,3261.8,56,3,3263.1,220,7,3263.2,10,1,3263.4,156,4,3263.5,129,3,3263.6,100,4
11536,2025-12-30 13:09:35+05:30,3262.2,2,3251.34,1158501,117073.0,118502.0,3250.0,3265.1,3239.8,3251.5,44829050,3576.6,2926.4,4322.95,2866.6,3262.2,181,2,3262.1,70,2,3262.0,10,1,3261.9,14,2,3261.8,56,3,3263.1,173,6,3263.3,46,2,3263.4,140,3,3263.5,68,2,3263.6,26,2
11536,2025-12-30 13:09:36+05:30,3263.1,2,3251.34,1158501,117073.0,118502.0,3250.0,3265.1,3239.8,3251.5,44829050,3576.6,2926.4,4322.95,2866.6,3262.2,181,2,3262.1,70,2,3262.0,10,1,3261.9,14,2,3261.8,56,3,3263.1,173,6,3263.3,46,2,3263.4,140,3,3263.5,68,2,3263.6,26,2
11536,2025-12-30 13:09:36+05:30,3262.2,1,3251.34,1158505,117076.0,118445.0,3250.0,3265.1,3239.8,3251.5,44829050,3576.6,2926.4,4322.95,2866.6,3262.2,179,2,3262.1,70,2,3262.0,10,1,3261.9,14,2,3261.8,56,3,3263.1,171,6,3263.2,23,2,3263.3,62,3,3263.4,159,4,3263.5,76,3
11536,2025-12-30 13:09:37+05:30,3262.2,1,3251.34,1158505,117076.0,118445.0,3250.0,3265.1,3239.8,3251.5,44829050,3576.6,2926.4,4322.95,2866.6,3262.2,179,2,3262.1,70,2,3262.0,10,1,3261.9,14,2,3261.8,56,3,3263.1,171,6,3263.2,23,2,3263.3,62,3,3263.4,159,4,3263.5,76,3
11536,2025-12-30 13:09:37+05:30,3262.2,1,3251.34,1158506,117216.0,118601.0,3250.0,3265.1,3239.8,3251.5,44829050,3576.6,2926.4,4322.95,2866.6,3262.2,190,5,3262.1,70,2,3261.9,14,2,3261.8,56,3,3261.7,104,3,3263.1,220,8,3263.2,23,2,3263.3,37,2,3263.4,159,4,3263.5,48,2
11536,2025-12-30 13:09:38+05:30,3262.2,1,3251.34,1158506,117216.0,118601.0,3250.0,3265.1,3239.8,3251.5,44829050,3576.6,2926.4,4322.95,2866.6,3262.2,190,5,3262.1,70,2,3261.9,14,2,3261.8,56,3,3261.7,104,3,3263.1,220,8,3263.2,23,2,3263.3,37,2,3263.4,159,4,3263.5,48,2
11536,2025-12-30 13:09:38+05:30,3262.2,1,3251.34,1158513,117209.0,117159.0,3250.0,3265.1,3239.8,3251.5,44829050,3576.6,2926.4,4322.95,2866.6,3262.2,183,5,3262.1,70,2,3261.9,14,2,3261.8,16,2,3261.7,104,3,3263.1,218,6,3263.2,44,3,3263.3,16,1,3263.4,159,4,3263.5,48,2
11536,2025-12-30 13:09:39+05:30,3262.2,1,3251.34,1158513,117209.0,117159.0,3250.0,3265.1,3239.8,3251.5,44829050,3576.6,2926.4,4322.95,2866.6,3262.2,183,5,3262.1,70,2,3261.9,14,2,3261.8,16,2,3261.7,104,3,3263.1,218,6,3263.2,44,3,3263.3,16,1,3263.4,159,4,3263.5,48,2
11536,2025-12-30 13:09:39+05:30,3263.1,10,3251.34,1158524,117254.0,117811.0,3250.0,3265.1,3239.8,3251.5,44829050,3576.6,2926.4,4322.95,2866.6,3262.2,240,6,3262.1,70,2,3261.9,67,4,3261.8,139,6,3261.7,52,3,3263.1,172,5,3263.4,59,4,3263.5,25,1,3263.6,66,4,3263.7,62,3
11536,2025-12-30 13:09:40+05:30,3263.0,5,3251.34,1158524,117254.0,117811.0,3250.0,3265.1,3239.8,3251.5,44829050,3576.6,2926.4,4322.95,2866.6,3262.2,240,6,3262.1,70,2,3261.9,67,4,3261.8,139,6,3261.7,52,3,3263.1,172,5,3263.4,59,4,3263.5,25,1,3263.6,66,4,3263.7,62,3
11536,2025-12-30 13:09:41+05:30,3263.0,5,3251.34,1158529,117116.0,119465.0,3250.0,3265.1,3239.8,3251.5,44829050,3576.6,2926.4,4322.95,2866.6,3262.2,240,6,3262.1,70,2,3261.9,2,1,3261.8,3,1,3261.7,12,2,3262.8,5,1,3263.0,19,3,3263.1,198,7,3263.2,49,4,3263.3,25,1
11536,2025-12-30 13:09:42+05:30,3262.2,1,3251.34,1158529,117116.0,119465.0,3250.0,3265.1,3239.8,3251.5,44829050,3576.6,2926.4,4322.95,2866.6,3262.2,240,6,3262.1,70,2,3261.9,2,1,3261.8,3,1,3261.7,12,2,3262.8,5,1,3263.0,19,3,3263.1,198,7,3263.2,49,4,3263.3,25,1
11536,2025-12-30 13:09:42+05:30,3262.2,1,3251.34,1158531,117119.0,119690.0,3250.0,3265.1,3239.8,3251.5,44829050,3576.6,2926.4,4322.95,2866.6,3262.2,238,6,3262.1,70,2,3261.9,2,1,3261.8,3,1,3261.7,12,2,3262.8,5,1,3263.0,60,3,3263.1,223,7,3263.2,36,3,3263.4,78,4
11536,2025-12-30 13:09:43+05:30,3262.2,2,3251.34,1158531,117119.0,119690.0,3250.0,3265.1,3239.8,3251.5,44829050,3576.6,2926.4,4322.95,2866.6,3262.2,238,6,3262.1,70,2,3261.9,2,1,3261.8,3,1,3261.7,12,2,3262.8,5,1,3263.0,60,3,3263.1,223,7,3263.2,36,3,3263.4,78,4
11536,2025-12-30 13:09:43+05:30,3262.2,2,3251.34,1158543,117393.0,118216.0,3250.0,3265.1,3239.8,3251.5,44829050,3576.6,2926.4,4322.95,2866.6,3262.2,232,5,3262.1,70,2,3262.0,22,1,3261.9,120,3,3261.8,61,3,3262.8,13,2,3263.0,51,2,3263.1,139,1,3263.5,14,1,3263.6,22,1
11536,2025-12-30 13:09:44+05:30,3262.2,139,3251.34,1158543,117393.0,118216.0,3250.0,3265.1,3239.8,3251.5,44829050,3576.6,2926.4,4322.95,2866.6,3262.2,232,5,3262.1,70,2,3262.0,22,1,3261.9,120,3,3261.8,61,3,3262.8,13,2,3263.0,51,2,3263.1,139,1,3263.5,14,1,3263.6,22,1
11536,2025-12-30 13:09:44+05:30,3262.2,139,3251.34,1158686,116937.0,118627.0,3250.0,3265.1,3239.8,3251.5,44829050,3576.6,2926.4,4322.95,2866.6,3262.2,92,5,3262.1,70,2,3261.9,2,1,3261.8,65,3,3261.7,257,3,3262.8,20,4,3263.0,61,2,3263.1,41,3,3263.2,31,2,3263.3,26,1
11536,2025-12-30 13:09:45+05:30,3262.8,1,3251.34,1158686,116937.0,118627.0,3250.0,3265.1,3239.8,3251.5,44829050,3576.6,2926.4,4322.95,2866.6,3262.2,92,5,3262.1,70,2,3261.9,2,1,3261.8,65,3,3261.7,257,3,3262.8,20,4,3263.0,61,2,3263.1,41,3,3263.2,31,2,3263.3,26,1
11536,2025-12-30 13:09:45+05:30,3262.8,1,3251.34,1158687,116532.0,118670.0,3250.0,3265.1,3239.8,3251.5,44829050,3576.6,2926.4,4322.95,2866.6,3262.2,82,4,3262.1,70,2,3262.0,10,1,3261.9,2,1,3261.8,43,2,3262.8,64,7,3263.0,72,3,3263.1,28,2,3263.2,53,3,3263.3,2,1
11536,2025-12-30 13:09:46+05:30,3262.8,5,3251.34,1158687,116532.0,118670.0,3250.0,3265.1,3239.8,3251.5,44829050,3576.6,2926.4,4322.95,2866.6,3262.2,82,4,3262.1,70,2,3262.0,10,1,3261.9,2,1,3261.8,43,2,3262.8,64,7,3263.0,72,3,3263.1,28,2,3263.2,53,3,3263.3,2,1
11536,2025-12-30 13:09:46+05:30,3262.8,1,3251.34,1158695,116569.0,118705.0,3250.0,3265.1,3239.8,3251.5,44829050,3576.6,2926.4,4322.95,2866.6,3262.2,85,5,3262.1,70,2,3262.0,12,2,3261.9,2,1,3261.8,43,2,3262.8,48,6,3263.0,72,3,3263.1,28,2,3263.2,53,3,3263.3,28,2
11536,2025-12-30 13:09:47+05:30,3262.8,1,3251.34,1158695,116569.0,118705.0,3250.0,3265.1,3239.8,3251.5,44829050,3576.6,2926.4,4322.95,2866.6,3262.2,85,5,3262.1,70,2,3262.0,12,2,3261.9,2,1,3261.8,43,2,3262.8,48,6,3263.0,72,3,3263.1,28,2,3263.2,53,3,3263.3,28,2
11536,2025-12-30 13:09:47+05:30,3262.2,2,3251.34,1158716,116391.0,118821.0,3250.0,3265.1,3239.8,3251.5,44829050,3576.6,2926.4,4322.95,2866.6,3262.2,75,5,3262.1,70,2,3262.0,1,1,3261.9,2,1,3261.8,3,1,3262.8,64,8,3262.9,10,1,3263.0,98,4,3263.1,28,2,3263.2,69,5
11536,2025-12-30 13:09:48+05:30,3262.2,1,3251.34,1158716,116391.0,118821.0,3250.0,3265.1,3239.8,3251.5,44829050,3576.6,2926.4,4322.95,2866.6,3262.2,75,5,3262.1,70,2,3262.0,1,1,3261.9,2,1,3261.8,3,1,3262.8,64,8,3262.9,10,1,3263.0,98,4,3263.1,28,2,3263.2,69,5
11536,2025-12-30 13:09:48+05:30,3262.2,1,3251.34,1158719,116552.0,119005.0,3250.0,3265.1,3239.8,3251.5,44829050,3576.6,2926.4,4322.95,2866.6,3262.2,65,4,3262.1,70,2,3262.0,12,2,3261.9,2,1,3261.8,3,1,3262.8,54,7,3262.9,10,1,3263.0,98,4,3263.1,50,3,3263.2,47,4
11536,2025-12-30 13:09:49+05:30,3262.2,1,3251.34,1158719,116552.0,119005.0,3250.0,3265.1,3239.8,3251.5,44829050,3576.6,2926.4,4322.95,2866.6,3262.2,65,4,3262.1,70,2,3262.0,12,2,3261.9,2,1,3261.8,3,1,3262.8,54,7,3262.9,10,1,3263.0,98,4,3263.1,50,3,3263.2,47,4
11536,2025-12-30 13:09:49+05:30,3262.2,1,3251.34,1158722,116549.0,118828.0,3250.0,3265.1,3239.8,3251.5,44829050,3576.6,2926.4,4322.95,2866.6,3262.2,73,5,3262.1,70,2,3262.0,1,1,3261.9,2,1,3261.8,3,1,3262.8,52,5,3262.9,10,1,3263.0,98,4,3263.1,50,3,3263.2,47,4
11536,2025-12-30 13:09:50+05:30,3262.2,1,3251.34,1158722,116549.0,118828.0,3250.0,3265.1,3239.8,3251.5,44829050,3576.6,2926.4,4322.95,2866.6,3262.2,73,5,3262.1,70,2,3262.0,1,1,3261.9,2,1,3261.8,3,1,3262.8,52,5,3262.9,10,1,3263.0,98,4,3263.1,50,3,3263.2,47,4
11536,2025-12-30 13:09:50+05:30,3262.2,3,3251.34,1158726,116610.0,119191.0,3250.0,3265.1,3239.8,3251.5,44829050,3576.6,2926.4,4322.95,2866.6,3262.2,59,4,3262.1,70,2,3262.0,12,2,3261.9,2,1,3261.8,3,1,3262.8,61,6,3262.9,10,1,3263.0,121,6,3263.1,28,2,3263.2,47,4
11536,2025-12-30 13:09:51+05:30,3262.2,3,3251.34,1158726,116610.0,119191.0,3250.0,3265.1,3239.8,3251.5,44829050,3576.6,2926.4,4322.95,2866.6,3262.2,59,4,3262.1,70,2,3262.0,12,2,3261.9,2,1,3261.8,3,1,3262.8,61,6,3262.9,10,1,3263.0,121,6,3263.1,28,2,3263.2,47,4
11536,2025-12-30 13:09:51+05:30,3262.2,2,3251.34,1158731,116684.0,118627.0,3250.0,3265.1,3239.8,3251.5,44829050,3576.6,2926.4,4322.95,2866.6,3262.2,68,5,3262.1,70,2,3262.0,1,1,3261.9,24,2,3261.8,3,1,3262.8,49,4,3262.9,11,1,3263.0,64,3,3263.1,12,1,3263.2,51,4
11536,2025-12-30 13:09:52+05:30,3262.2,2,3251.34,1158731,116684.0,118627.0,3250.0,3265.1,3239.8,3251.5,44829050,3576.6,2926.4,4322.95,2866.6,3262.2,68,5,3262.1,70,2,3262.0,1,1,3261.9,24,2,3261.8,3,1,3262.8,49,4,3262.9,11,1,3263.0,64,3,3263.1,12,1,3263.2,51,4
11536,2025-12-30 13:09:53+05:30,3262.8,10,3251.34,1158745,116617.0,118815.0,3250.0,3265.1,3239.8,3251.5,44829050,3576.6,2926.4,4322.95,2866.6,3262.2,170,5,3262.1,124,3,3262.0,6,2,3261.9,34,2,3261.8,3,1,3262.8,18,2,3263.0,97,5,3263.1,12,1,3263.2,36,2,3263.3,28,2
11536,2025-12-30 13:09:53+05:30,3262.8,10,3251.34,1158745,116617.0,118815.0,3250.0,3265.1,3239.8,3251.5,44829050,3576.6,2926.4,4322.95,2866.6,3262.2,170,5,3262.1,124,3,3262.0,6,2,3261.9,34,2,3261.8,3,1,3262.8,18,2,3263.0,97,5,3263.1,12,1,3263.2,36,2,3263.3,28,2
11536,2025-12-30 13:09:54+05:30,3262.2,1,3251.34,1158747,116625.0,118813.0,3250.0,3265.1,3239.8,3251.5,44829050,3576.6,2926.4,4322.95,2866.6,3262.2,169,5,3262.1,124,3,3262.0,6,2,3261.9,2,1,3261.8,3,1,3262.8,18,3,3263.0,97,5,3263.1,12,1,3263.2,36,2,3263.3,28,2
11536,2025-12-30 13:09:54+05:30,3262.2,1,3251.34,1158747,116625.0,118813.0,3250.0,3265.1,3239.8,3251.5,44829050,3576.6,2926.4,4322.95,2866.6,3262.2,169,5,3262.1,124,3,3262.0,6,2,3261.9,2,1,3261.8,3,1,3262.8,18,3,3263.0,97,5,3263.1,12,1,3263.2,36,2,3263.3,28,2
11536,2025-12-30 13:09:55+05:30,3262.8,1,3251.34,1158749,116625.0,118789.0,3250.0,3265.1,3239.8,3251.5,44829050,3576.6,2926.4,4322.95,2866.6,3262.2,168,5,3262.1,124,3,3262.0,6,2,3261.9,2,1,3261.8,3,1,3262.8,16,2,3263.0,97,5,3263.1,12,1,3263.2,36,2,3263.3,28,2
11536,2025-12-30 13:09:55+05:30,3262.8,1,3251.34,1158749,116625.0,118789.0,3250.0,3265.1,3239.8,3251.5,44829050,3576.6,2926.4,4322.95,2866.6,3262.2,168,5,3262.1,124,3,3262.0,6,2,3261.9,2,1,3261.8,3,1,3262.8,16,2,3263.0,97,5,3263.1,12,1,3263.2,36,2,3263.3,28,2
11536,2025-12-30 13:09:55+05:30,3262.8,1,3251.34,1158750,116747.0,118945.0,3250.0,3265.1,3239.8,3251.5,44829050,3576.6,2926.4,4322.95,2866.6,3262.2,168,5,3262.1,124,3,3262.0,6,2,3261.9,34,2,3261.8,11,2,3262.8,16,3,3263.0,97,5,3263.1,12,1,3263.2,36,2,3263.3,28,2
11536,2025-12-30 13:09:56+05:30,3262.2,2,3251.34,1158750,116747.0,118945.0,3250.0,3265.1,3239.8,3251.5,44829050,3576.6,2926.4,4322.95,2866.6,3262.2,168,5,3262.1,124,3,3262.0,6,2,3261.9,34,2,3261.8,11,2,3262.8,16,3,3263.0,97,5,3263.1,12,1,3263.2,36,2,3263.3,28,2
11536,2025-12-30 13:09:57+05:30,3262.8,1,3251.34,1158754,116753.0,118914.0,3250.0,3265.1,3239.8,3251.5,44829050,3576.6,2926.4,4322.95,2866.6,3262.2,166,5,3262.1,124,3,3262.0,6,2,3261.9,34,2,3261.8,11,2,3262.8,13,2,3262.9,11,1,3263.0,84,4,3263.1,12,1,3263.2,36,2
11536,2025-12-30 13:09:57+05:30,3262.8,1,3251.34,1158754,116753.0,118914.0,3250.0,3265.1,3239.8,3251.5,44829050,3576.6,2926.4,4322.95,2866.6,3262.2,166,5,3262.1,124,3,3262.0,6,2,3261.9,34,2,3261.8,11,2,3262.8,13,2,3262.9,11,1,3263.0,84,4,3263.1,12,1,3263.2,36,2
11536,2025-12-30 13:09:58+05:30,3262.8,3,3251.34,1158757,116777.0,118778.0,3250.0,3265.1,3239.8,3251.5,44829050,3576.6,2926.4,4322.95,2866.6,3262.2,166,5,3262.1,124,3,3262.0,6,2,3261.9,34,2,3261.8,11,2,3262.8,20,4,3263.0,97,5,3263.1,12,1,3263.2,36,2,3263.3,28,2
11536,2025-12-30 13:09:58+05:30,3262.2,2,3251.34,1158757,116777.0,118778.0,3250.0,3265.1,3239.8,3251.5,44829050,3576.6,2926.4,4322.95,2866.6,3262.2,166,5,3262.1,124,3,3262.0,6,2,3261.9,34,2,3261.8,11,2,3262.8,20,4,3263.0,97,5,3263.1,12,1,3263.2,36,2,3263.3,28,2
11536,2025-12-30 13:09:58+05:30,3262.2,1,3251.34,1158761,116773.0,118446.0,3250.0,3265.1,3239.8,3251.5,44829050,3576.6,2926.4,4322.95,2866.6,3262.2,162,5,3262.1,124,3,3262.0,6,2,3261.9,2,1,3261.8,11,2,3262.8,37,6,3262.9,12,1,3263.0,109,6,3263.1,34,2,3263.2,53,3
11536,2025-12-30 13:09:59+05:30,3262.2,1,3251.34,1158761,116773.0,118446.0,3250.0,3265.1,3239.8,3251.5,44829050,3576.6,2926.4,4322.95,2866.6,3262.2,162,5,3262.1,124,3,3262.0,6,2,3261.9,2,1,3261.8,11,2,3262.8,37,6,3262.9,12,1,3263.0,109,6,3263.1,34,2,3263.2,53,3
11536,2025-12-30 13:10:00+05:30,3262.2,1,3251.34,1158761,116767.0,118925.0,3250.0,3265.1,3239.8,3251.5,44829050,3576.6,2926.4,4322.95,2866.6,3262.2,162,5,3262.1,124,3,3262.0,6,2,3261.9,2,1,3261.8,3,1,3262.8,37,6,3262.9,12,1,3263.0,109,6,3263.1,34,2,3263.2,53,3
11536,2025-12-30 13:10:01+05:30,3262.2,1,3251.34,1158761,116767.0,118925.0,3250.0,3265.1,3239.8,3251.5,44829050,3576.6,2926.4,4322.95,2866.6,3262.2,162,5,3262.1,124,3,3262.0,6,2,3261.9,2,1,3261.8,3,1,3262.8,37,6,3262.9,12,1,3263.0,109,6,3263.1,34,2,3263.2,53,3
11536,2025-12-30 13:10:01+05:30,3262.2,35,3251.35,1158805,117907.0,118980.0,3250.0,3265.1,3239.8,3251.5,44829050,3576.6,2926.4,4322.95,2866.6,3262.2,190,7,3262.1,124,3,3262.0,6,2,3261.9,2,1,3261.8,3,1,3262.8,32,6,3262.9,12,1,3263.0,130,7,3263.1,12,1,3263.2,53,3
11536,2025-12-30 13:10:02+05:30,3262.2,1,3251.35,1158805,117907.0,118980.0,3250.0,3265.1,3239.8,3251.5,44829050,3576.6,2926.4,4322.95,2866.6,3262.2,190,7,3262.1,124,3,3262.0,6,2,3261.9,2,1,3261.8,3,1,3262.8,32,6,3262.9,12,1,3263.0,130,7,3263.1,12,1,3263.2,53,3
11536,2025-12-30 13:10:02+05:30,3262.2,1,3251.35,1158807,117983.0,119053.0,3250.0,3265.1,3239.8,3251.5,44829050,3576.6,2926.4,4322.95,2866.6,3262.2,189,7,3262.1,124,3,3262.0,185,4,3261.9,2,1,3261.8,3,1,3262.8,45,7,3262.9,33,2,3263.0,134,7,3263.1,12,1,3263.2,27,2
11536,2025-12-30 13:10:03+05:30,3262.8,4,3251.35,1158807,117983.0,119053.0,3250.0,3265.1,3239.8,3251.5,44829050,3576.6,2926.4,4322.95,2866.6,3262.2,189,7,3262.1,124,3,3262.0,185,4,3261.9,2,1,3261.8,3,1,3262.8,45,7,3262.9,33,2,3263.0,134,7,3263.1,12,1,3263.2,27,2
11536,2025-12-30 13:10:03+05:30,3262.8,4,3251.35,1158830,118050.0,115844.0,3250.0,3265.1,3239.8,3251.5,44829050,3576.6,2926.4,4322.95,2866.6,3262.2,189,7,3262.1,124,3,3262.0,187,5,3261.9,2,1,3261.8,49,3,3263.0,101,7,3263.1,12,1,3263.2,72,5,3263.3,19,2,3263.4,27,2
11536,2025-12-30 13:10:04+05:30,3262.2,42,3251.35,1158830,118050.0,115844.0,3250.0,3265.1,3239.8,3251.5,44829050,3576.6,2926.4,4322.95,2866.6,3262.2,189,7,3262.1,124,3,3262.0,187,5,3261.9,2,1,3261.8,49,3,3263.0,101,7,3263.1,12,1,3263.2,72,5,3263.3,19,2,3263.4,27,2
11536,2025-12-30 13:10:04+05:30,3262.2,1,3251.35,1159006,117708.0,117484.0,3250.0,3265.1,3239.8,3251.5,44829050,3576.6,2926.4,4322.95,2866.6,3262.2,17,3,3262.1,124,3,3262.0,198,6,3261.9,2,1,3261.8,3,1,3262.8,127,7,3263.0,51,6,3263.1,12,1,3263.2,89,5,3263.3,19,2
11536,2025-12-30 13:10:05+05:30,3262.7,1,3251.35,1159006,117708.0,117484.0,3250.0,3265.1,3239.8,3251.5,44829050,3576.6,2926.4,4322.95,2866.6,3262.2,17,3,3262.1,124,3,3262.0,198,6,3261.9,2,1,3261.8,3,1,3262.8,127,7,3263.0,51,6,3263.1,12,1,3263.2,89,5,3263.3,19,2
11536,2025-12-30 13:10:05+05:30,3262.7,1,3251.35,1159007,117652.0,117212.0,3250.0,3265.1,3239.8,3251.5,44829050,3576.6,2926.4,4322.95,2866.6,3262.2,28,4,3262.1,69,2,3262.0,187,5,3261.9,2,1,3261.8,3,1,3262.7,64,4,3262.8,83,5,3262.9,15,1,3263.0,51,6,3263.1,12,1
11536,2025-12-30 13:10:06+05:30,3262.2,4,3251.35,1159011,117664.0,117170.0,3250.0,3265.1,3239.8,3251.5,44829050,3576.6,2926.4,4322.95,2866.6,3262.2,13,3,3262.1,69,2,3262.0,198,6,3261.9,2,1,3261.8,3,1,3262.7,64,4,3262.8,83,5,3262.9,15,1,3263.0,50,5,3263.1,12,1
11536,2025-12-30 13:10:07+05:30,3263.2,4,3251.35,1159011,117664.0,117170.0,3250.0,3265.1,3239.8,3251.5,44829050,3576.6,2926.4,4322.95,2866.6,3262.2,13,3,3262.1,69,2,3262.0,198,6,3261.9,2,1,3261.8,3,1,3262.7,64,4,3262.8,83,5,3262.9,15,1,3263.0,50,5,3263.1,12,1
11536,2025-12-30 13:10:07+05:30,3263.2,4,3251.35,1159301,117804.0,116560.0,3250.0,3265.1,3239.8,3251.5,44829050,3576.6,2926.4,4322.95,2866.6,3262.2,13,3,3262.1,69,2,3262.0,204,6,3261.9,2,1,3261.8,3,1,3263.1,25,1,3263.2,61,4,3263.3,34,4,3263.4,86,5,3263.5,41,3
11536,2025-12-30 13:10:08+05:30,3263.1,4,3251.35,1159301,117804.0,116560.0,3250.0,3265.1,3239.8,3251.5,44829050,3576.6,2926.4,4322.95,2866.6,3262.2,13,3,3262.1,69,2,3262.0,204,6,3261.9,2,1,3261.8,3,1,3263.1,25,1,3263.2,61,4,3263.3,34,4,3263.4,86,5,3263.5,41,3
11536,2025-12-30 13:10:08+05:30,3263.1,4,3251.35,1159305,118018.0,116546.0,3250.0,3265.1,3239.8,3251.5,44829050,3576.6,2926.4,4322.95,2866.6,3262.2,87,4,3262.1,129,3,3262.0,215,7,3261.9,2,1,3261.8,3,1,3263.1,62,4,3263.3,13,2,3263.4,86,5,3263.5,41,3,3263.6,120,6
11536,2025-12-30 13:10:09+05:30,3262.2,38,3251.35,1159305,118018.0,116546.0,3250.0,3265.1,3239.8,3251.5,44829050,3576.6,2926.4,4322.95,2866.6,3262.2,87,4,3262.1,129,3,3262.0,215,7,3261.9,2,1,3261.8,3,1,3263.1,62,4,3263.3,13,2,3263.4,86,5,3263.5,41,3,3263.6,120,6
11536,2025-12-30 13:10:09+05:30,3262.2,1,3251.35,1159357,117970.0,116547.0,3250.0,3265.1,3239.8,3251.5,44829050,3576.6,2926.4,4322.95,2866.6,3262.2,39,3,3262.1,129,3,3262.0,215,7,3261.9,2,1,3261.8,3,1,3263.1,63,5,3263.3,13,2,3263.4,86,5,3263.5,41,3,3263.6,120,6
11536,2025-12-30 13:10:10+05:30,3262.2,7,3251.35,1159357,117970.0,116547.0,3250.0,3265.1,3239.8,3251.5,44829050,3576.6,2926.4,4322.95,2866.6,3262.2,39,3,3262.1,129,3,3262.0,215,7,3261.9,2,1,3261.8,3,1,3263.1,63,5,3263.3,13,2,3263.4,86,5,3263.5,41,3,3263.6,120,6
11536,2025-12-30 13:10:10+05:30,3262.2,7,3251.35,1159403,117891.0,117377.0,3250.0,3265.1,3239.8,3251.5,44829050,3576.6,2926.4,4322.95,2866.6,3262.2,4,2,3262.1,129,3,3262.0,198,6,3261.9,2,1,3261.8,3,1,3262.9,41,4,3263.0,20,2,3263.1,34,3,3263.2,26,2,3263.3,109,2
11536,2025-12-30 13:10:11+05:30,3262.2,1,3251.35,1159406,117708.0,117367.0,3250.0,3265.1,3239.8,3251.5,44829050,3576.6,2926.4,4322.95,2866.6,3262.2,3,2,3262.1,129,3,3262.0,203,7,3261.9,2,1,3261.8,3,1,3262.9,39,4,3263.0,20,2,3263.1,34,3,3263.2,56,3,3263.3,109,2
11536,2025-12-30 13:10:12+05:30,3262.2,1,3251.35,1159406,117708.0,117367.0,3250.0,3265.1,3239.8,3251.5,44829050,3576.6,2926.4,4322.95,2866.6,3262.2,3,2,3262.1,129,3,3262.0,203,7,3261.9,2,1,3261.8,3,1,3262.9,39,4,3263.0,20,2,3263.1,34,3,3263.2,56,3,3263.3,109,2
11536,2025-12-30 13:10:12+05:30,3262.9,2,3251.35,1159422,116374.0,117227.0,3250.0,3265.1,3239.8,3251.5,44829050,3576.6,2926.4,4322.95,2866.6,3262.1,129,3,3262.0,192,6,3261.9,2,1,3261.8,3,1,3261.7,3,1,3262.9,91,8,3263.0,9,1,3263.1,12,1,3263.2,73,4,3263.3,109,2
11536,2025-12-30 13:10:13+05:30,3262.2,1,3251.35,1159422,116374.0,117227.0,3250.0,3265.1,3239.8,3251.5,44829050,3576.6,2926.4,4322.95,2866.6,3262.1,129,3,3262.0,192,6,3261.9,2,1,3261.8,3,1,3261.7,3,1,3262.9,91,8,3263.0,9,1,3263.1,12,1,3263.2,73,4,3263.3,109,2
11536,2025-12-30 13:10:13+05:30,3262.1,7,3251.35,1159431,116371.0,117358.0,3250.0,3265.1,3239.8,3251.5,44829050,3576.6,2926.4,4322.95,2866.6,3262.1,122,3,3262.0,203,7,3261.9,2,1,3261.8,3,1,3261.7,3,1,3262.9,81,7,3263.1,12,1,3263.2,73,4,3263.3,127,3,3263.4,134,8
11536,2025-12-30 13:10:14+05:30,3262.1,7,3251.35,1159431,116371.0,117358.0,3250.0,3265.1,3239.8,3251.5,44829050,3576.6,2926.4,4322.95,2866.6,3262.1,122,3,3262.0,203,7,3261.9,2,1,3261.8,3,1,3261.7,3,1,3262.9,81,7,3263.1,12,1,3263.2,73,4,3263.3,127,3,3263.4,134,8
11536,2025-12-30 13:10:14+05:30,3262.1,1,3251.35,1159432,117458.0,117683.0,3250.0,3265.1,3239.8,3251.5,44829050,3576.6,2926.4,4322.95,2866.6,3262.1,121,3,3262.0,203,7,3261.9,2,1,3261.8,3,1,3261.6,127,5,3262.9,78,7,3263.1,12,1,3263.2,73,4,3263.3,129,4,3263.4,151,9
11536,2025-12-30 13:10:15+05:30,3262.9,1,3251.35,1159432,117458.0,117683.0,3250.0,3265.1,3239.8,3251.5,44829050,3576.6,2926.4,4322.95,2866.6,3262.1,121,3,3262.0,203,7,3261.9,2,1,3261.8,3,1,3261.6,127,5,3262.9,78,7,3263.1,12,1,3263.2,73,4,3263.3,129,4,3263.4,151,9
11536,2025-12-30 13:10:15+05:30,3262.1,1,3251.35,1159434,117845.0,117429.0,3250.0,3265.1,3239.8,3251.5,44829050,3576.6,2926.4,4322.95,2866.6,3262.1,120,3,3262.0,203,7,3261.9,2,1,3261.8,3,1,3261.6,127,5,3262.9,67,6,3263.1,12,1,3263.2,43,3,3263.3,129,4,3263.4,151,9
11536,2025-12-30 13:10:16+05:30,3262.1,3,3251.35,1159434,117845.0,117429.0,3250.0,3265.1,3239.8,3251.5,44829050,3576.6,2926.4,4322.95,2866.6,3262.1,120,3,3262.0,203,7,3261.9,2,1,3261.8,3,1,3261.6,127,5,3262.9,67,6,3263.1,12,1,3263.2,43,3,3263.3,129,4,3263.4,151,9
11536,2025-12-30 13:10:16+05:30,3262.9,1,3251.35,1159438,117835.0,115348.0,3250.0,3265.1,3239.8,3251.5,44829050,3576.6,2926.4,4322.95,2866.6,3262.1,117,3,3262.0,203,7,3261.9,2,1,3261.8,3,1,3261.6,127,5,3262.9,76,7,3263.1,12,1,3263.2,43,3,3263.3,129,4,3263.4,151,9
11536,2025-12-30 13:10:17+05:30,3262.1,1,3251.35,1159438,117835.0,115348.0,3250.0,3265.1,3239.8,3251.5,44829050,3576.6,2926.4,4322.95,2866.6,3262.1,117,3,3262.0,203,7,3261.9,2,1,3261.8,3,1,3261.6,127,5,3262.9,76,7,3263.1,12,1,3263.2,43,3,3263.3,129,4,3263.4,151,9
11536,2025-12-30 13:10:17+05:30,3262.1,1,3251.35,1159439,117835.0,117981.0,3250.0,3265.1,3239.8,3251.5,44829050,3576.6,2926.4,4322.95,2866.6,3262.1,116,3,3262.0,204,8,3261.9,2,1,3261.8,3,1,3261.6,127,5,3262.9,75,6,3263.1,12,1,3263.2,43,3,3263.3,129,4,3263.4,151,9
11536,2025-12-30 13:10:18+05:30,3262.1,1,3251.35,1159442,117852.0,117443.0,3250.0,3265.1,3239.8,3251.5,44829050,3576.6,2926.4,4322.95,2866.6,3262.1,129,4,3262.0,204,8,3261.9,2,1,3261.8,3,1,3261.7,92,1,3262.9,36,3,3263.1,33,2,3263.2,30,2,3263.3,142,5,3263.4,136,8
11536,2025-12-30 13:10:19+05:30,3262.1,1,3251.35,1159442,117852.0,117443.0,3250.0,3265.1,3239.8,3251.5,44829050,3576.6,2926.4,4322.95,2866.6,3262.1,129,4,3262.0,204,8,3261.9,2,1,3261.8,3,1,3261.7,92,1,3262.9,36,3,3263.1,33,2,3263.2,30,2,3263.3,142,5,3263.4,136,8
11536,2025-12-30 13:10:19+05:30,3262.9,1,3251.35,1159444,117744.0,117446.0,3250.0,3265.1,3239.8,3251.5,44829050,3576.6,2926.4,4322.95,2866.6,3262.1,128,4,3262.0,79,7,3261.9,2,1,3261.8,33,2,3261.6,145,6,3262.9,45,4,3263.0,21,1,3263.1,12,1,3263.2,43,3,3263.3,129,4
11536,2025-12-30 13:10:20+05:30,3262.9,1,3251.35,1159444,117744.0,117446.0,3250.0,3265.1,3239.8,3251.5,44829050,3576.6,2926.4,4322.95,2866.6,3262.1,128,4,3262.0,79,7,3261.9,2,1,3261.8,33,2,3261.6,145,6,3262.9,45,4,3263.0,21,1,3263.1,12,1,3263.2,43,3,3263.3,129,4
11536,2025-12-30 13:10:21+05:30,3262.9,1,3251.35,1159445,117837.0,118364.0,3250.0,3265.1,3239.8,3251.5,44829050,3576.6,2926.4,4322.95,2866.6,3262.1,128,4,3262.0,79,7,3261.9,2,1,3261.8,3,1,3261.6,127,5,3262.9,44,4,3263.0,21,1,3263.1,12,1,3263.2,43,3,3263.3,193,4
11536,2025-12-30 13:10:21+05:30,3262.9,1,3251.35,1159445,117837.0,118364.0,3250.0,3265.1,3239.8,3251.5,44829050,3576.6,2926.4,4322.95,2866.6,3262.1,128,4,3262.0,79,7,3261.9,2,1,3261.8,3,1,3261.6,127,5,3262.9,44,4,3263.0,21,1,3263.1,12,1,3263.2,43,3,3263.3,193,4
11536,2025-12-30 13:10:22+05:30,3262.1,1,3251.35,1159445,117837.0,118364.0,3250.0,3265.1,3239.8,3251.5,44829050,3576.6,2926.4,4322.95,2866.6,3262.1,128,4,3262.0,79,7,3261.9,2,1,3261.8,3,1,3261.6,127,5,3262.9,44,4,3263.0,21,1,3263.1,12,1,3263.2,43,3,3263.3,193,4
11536,2025-12-30 13:10:22+05:30,3262.1,1,3251.35,1159448,118049.0,116799.0,3250.0,3265.1,3239.8,3251.5,44829050,3576.6,2926.4,4322.95,2866.6,3262.1,126,4,3262.0,79,7,3261.9,2,1,3261.8,11,2,3261.7,21,1,3262.9,19,2,3263.1,12,1,3263.2,64,4,3263.3,199,4,3263.4,148,8
11536,2025-12-30 13:10:23+05:30,3262.8,3,3251.35,1159448,118049.0,116799.0,3250.0,3265.1,3239.8,3251.5,44829050,3576.6,2926.4,4322.95,2866.6,3262.1,126,4,3262.0,79,7,3261.9,2,1,3261.8,11,2,3261.7,21,1,3262.9,19,2,3263.1,12,1,3263.2,64,4,3263.3,199,4,3263.4,148,8
11536,2025-12-30 13:10:23+05:30,3262.8,3,3251.35,1159451,117169.0,118412.0,3250.0,3265.1,3239.8,3251.5,44829050,3576.6,2926.4,4322.95,2866.6,3262.1,125,3,3262.0,79,7,3261.9,2,1,3261.8,3,1,3261.6,35,4,3262.8,73,5,3262.9,1,1,3263.0,26,2,3263.1,177,2,3263.2,62,3
11536,2025-12-30 13:10:24+05:30,3262.8,1,3251.35,1159451,117169.0,118412.0,3250.0,3265.1,3239.8,3251.5,44829050,3576.6,2926.4,4322.95,2866.6,3262.1,125,3,3262.0,79,7,3261.9,2,1,3261.8,3,1,3261.6,35,4,3262.8,73,5,3262.9,1,1,3263.0,26,2,3263.1,177,2,3263.2,62,3
11536,2025-12-30 13:10:24+05:30,3262.8,1,3251.35,1159627,117176.0,118795.0,3250.0,3265.1,3239.8,3251.5,44829050,3576.6,2926.4,4322.95,2866.6,3262.1,25,2,3262.0,79,7,3261.9,2,1,3261.8,3,1,3261.6,35,4,3262.8,84,7,3262.9,55,3,3263.0,182,6,3263.1,12,1,3263.2,123,4
11536,2025-12-30 13:10:25+05:30,3262.8,1,3251.35,1159643,117177.0,118766.0,3250.0,3265.1,3239.8,3251.5,44829050,3576.6,2926.4,4322.95,2866.6,3262.1,35,3,3262.0,79,7,3261.9,2,1,3261.8,3,1,3261.6,35,4,3262.8,82,8,3262.9,55,3,3263.0,121,5,3263.1,12,1,3263.2,123,4
11536,2025-12-30 13:10:25+05:30,3262.8,1,3251.35,1159643,117177.0,118766.0,3250.0,3265.1,3239.8,3251.5,44829050,3576.6,2926.4,4322.95,2866.6,3262.1,35,3,3262.0,79,7,3261.9,2,1,3261.8,3,1,3261.6,35,4,3262.8,82,8,3262.9,55,3,3263.0,121,5,3263.1,12,1,3263.2,123,4
11536,2025-12-30 13:10:26+05:30,3262.1,1,3251.35,1159644,117242.0,118853.0,3250.0,3265.1,3239.8,3251.5,44829050,3576.6,2926.4,4322.95,2866.6,3262.1,86,5,3262.0,79,7,3261.9,2,1,3261.8,3,1,3261.6,35,4,3262.8,73,8,3262.9,43,2,3263.0,106,4,3263.1,12,1,3263.2,62,3
11536,2025-12-30 13:10:26+05:30,3262.1,1,3251.35,1159644,117242.0,118853.0,3250.0,3265.1,3239.8,3251.5,44829050,3576.6,2926.4,4322.95,2866.6,3262.1,86,5,3262.0,79,7,3261.9,2,1,3261.8,3,1,3261.6,35,4,3262.8,73,8,3262.9,43,2,3263.0,106,4,3263.1,12,1,3263.2,62,3
11536,2025-12-30 13:10:27+05:30,3262.1,3,3251.35,1159671,117168.0,118897.0,3250.0,3265.1,3239.8,3251.5,44829050,3576.6,2926.4,4322.95,2866.6,3262.1,74,4,3262.0,79,7,3261.9,2,1,3261.8,3,1,3261.6,35,4,3262.8,44,5,3262.9,43,2,3263.0,106,4,3263.1,12,1,3263.2,62,3
11536,2025-12-30 13:10:27+05:30,3262.1,3,3251.35,1159671,117168.0,118897.0,3250.0,3265.1,3239.8,3251.5,44829050,3576.6,2926.4,4322.95,2866.6,3262.1,74,4,3262.0,79,7,3261.9,2,1,3261.8,3,1,3261.6,35,4,3262.8,44,5,3262.9,43,2,3263.0,106,4,3263.1,12,1,3263.2,62,3
11536,2025-12-30 13:10:28+05:30,3262.1,1,3251.35,1159678,117198.0,116977.0,3250.0,3265.1,3239.8,3251.5,44829050,3576.6,2926.4,4322.95,2866.6,3262.1,69,5,3262.0,79,7,3261.9,2,1,3261.8,3,1,3261.6,35,4,3262.8,65,7,3262.9,43,2,3263.0,131,5,3263.1,12,1,3263.2,62,3
11536,2025-12-30 13:10:28+05:30,3262.1,2,3251.35,1159678,117198.0,116977.0,3250.0,3265.1,3239.8,3251.5,44829050,3576.6,2926.4,4322.95,2866.6,3262.1,69,5,3262.0,79,7,3261.9,2,1,3261.8,3,1,3261.6,35,4,3262.8,65,7,3262.9,43,2,3263.0,131,5,3263.1,12,1,3263.2,62,3
11536,2025-12-30 13:10:29+05:30,3262.1,2,3251.35,1159681,117219.0,119778.0,3250.0,3265.1,3239.8,3251.5,44829050,3576.6,2926.4,4322.95,2866.6,3262.1,66,4,3262.0,79,7,3261.9,2,1,3261.8,3,1,3261.6,35,4,3262.8,66,8,3262.9,43,2,3263.0,131,5,3263.1,12,1,3263.2,62,3
11536,2025-12-30 13:10:30+05:30,3262.1,4,3251.35,1159681,117219.0,119778.0,3250.0,3265.1,3239.8,3251.5,44829050,3576.6,2926.4,4322.95,2866.6,3262.1,66,4,3262.0,79,7,3261.9,2,1,3261.8,3,1,3261.6,35,4,3262.8,66,8,3262.9,43,2,3263.0,131,5,3263.1,12,1,3263.2,62,3
11536,2025-12-30 13:10:30+05:30,3262.1,4,3251.35,1159685,117273.0,119630.0,3250.0,3265.1,3239.8,3251.5,44829050,3576.6,2926.4,4322.95,2866.6,3262.1,62,4,3262.0,79,7,3261.9,2,1,3261.8,3,1,3261.6,35,4,3262.8,55,6,3262.9,43,2,3263.0,131,5,3263.1,12,1,3263.2,62,3
11536,2025-12-30 13:10:31+05:30,3262.1,1,3251.35,1159685,117273.0,119630.0,3250.0,3265.1,3239.8,3251.5,44829050,3576.6,2926.4,4322.95,2866.6,3262.1,62,4,3262.0,79,7,3261.9,2,1,3261.8,3,1,3261.6,35,4,3262.8,55,6,3262.9,43,2,3263.0,131,5,3263.1,12,1,3263.2,62,3
11536,2025-12-30 13:10:31+05:30,3262.8,1,3251.35,1159688,117275.0,119640.0,3250.0,3265.1,3239.8,3251.5,44829050,3576.6,2926.4,4322.95,2866.6,3262.1,64,5,3262.0,79,7,3261.9,2,1,3261.8,3,1,3261.6,35,4,3262.8,66,7,3262.9,67,3,3263.0,106,4,3263.1,12,1,3263.2,62,3
11536,2025-12-30 13:10:32+05:30,3262.8,2,3251.35,1159688,117275.0,119640.0,3250.0,3265.1,3239.8,3251.5,44829050,3576.6,2926.4,4322.95,2866.6,3262.1,64,5,3262.0,79,7,3261.9,2,1,3261.8,3,1,3261.6,35,4,3262.8,66,7,3262.9,67,3,3263.0,106,4,3263.1,12,1,3263.2,62,3
11536,2025-12-30 13:10:32+05:30,3262.8,2,3251.35,1159691,117222.0,119465.0,3250.0,3265.1,3239.8,3251.5,44829050,3576.6,2926.4,4322.95,2866.6,3262.1,64,6,3262.0,79,7,3261.9,2,1,3261.8,3,1,3261.6,8,3,3262.8,65,8,3262.9,68,4,3263.0,106,4,3263.1,12,1,3263.2,62,3
11536,2025-12-30 13:10:33+05:30,3262.8,3,3251.35,1159691,117222.0,119465.0,3250.0,3265.1,3239.8,3251.5,44829050,3576.6,2926.4,4322.95,2866.6,3262.1,64,6,3262.0,79,7,3261.9,2,1,3261.8,3,1,3261.6,8,3,3262.8,65,8,3262.9,68,4,3263.0,106,4,3263.1,12,1,3263.2,62,3
11536,2025-12-30 13:10:33+05:30,3262.8,3,3251.35,1159697,116944.0,121802.0,3250.0,3265.1,3239.8,3251.5,44829050,3576.6,2926.4,4322.95,2866.6,3262.1,62,5,3262.0,79,7,3261.9,2,1,3261.8,3,1,3261.6,8,3,3262.8,136,12,3262.9,204,5,3263.0,106,4,3263.1,187,2,3263.2,62,3
11536,2025-12-30 13:10:34+05:30,3262.1,30,3251.35,1159697,116944.0,121802.0,3250.0,3265.1,3239.8,3251.5,44829050,3576.6,2926.4,4322.95,2866.6,3262.1,62,5,3262.0,79,7,3261.9,2,1,3261.8,3,1,3261.6,8,3,3262.8,136,12,3262.9,204,5,3263.0,106,4,3263.1,187,2,3263.2,62,3
11536,2025-12-30 13:10:34+05:30,3262.1,1,3251.35,1159728,116932.0,121833.0,3250.0,3265.1,3239.8,3251.5,44829050,3576.6,2926.4,4322.95,2866.6,3262.1,31,5,3262.0,79,7,3261.9,2,1,3261.8,3,1,3261.6,8,3,3262.8,132,10,3262.9,56,4,3263.0,106,4,3263.1,187,2,3263.2,62,3
11536,2025-12-30 13:10:35+05:30,3262.7,1,3251.35,1159728,116932.0,121833.0,3250.0,3265.1,3239.8,3251.5,44829050,3576.6,2926.4,4322.95,2866.6,3262.1,31,5,3262.0,79,7,3261.9,2,1,3261.8,3,1,3261.6,8,3,3262.8,132,10,3262.9,56,4,3263.0,106,4,3263.1,187,2,3263.2,62,3
11536,2025-12-30 13:10:35+05:30,3262.0,2,3251.36,1159907,115741.0,123224.0,3250.0,3265.1,3239.8,3251.5,44829050,3576.6,2926.4,4322.95,2866.6,3262.0,12,4,3261.9,2,1,3261.8,3,1,3261.7,13,1,3261.6,8,3,3262.5,88,7,3262.6,55,3,3262.7,92,4,3262.8,102,8,3262.9,236,5
11536,2025-12-30 13:10:36+05:30,3262.0,1,3251.36,1159907,115741.0,123224.0,3250.0,3265.1,3239.8,3251.5,44829050,3576.6,2926.4,4322.95,2866.6,3262.0,12,4,3261.9,2,1,3261.8,3,1,3261.7,13,1,3261.6,8,3,3262.5,88,7,3262.6,55,3,3262.7,92,4,3262.8,102,8,3262.9,236,5
11536,2025-12-30 13:10:36+05:30,3262.0,3,3251.36,1159911,114809.0,123927.0,3250.0,3265.1,3239.8,3251.5,44829050,3576.6,2926.4,4322.95,2866.6,3262.0,21,4,3261.9,2,1,3261.8,3,1,3261.6,8,3,3261.0,31,5,3262.3,49,4,3262.4,27,2,3262.5,65,6,3262.6,80,5,3262.7,92,4
11536,2025-12-30 13:10:37+05:30,3262.0,3,3251.36,1159911,114809.0,123927.0,3250.0,3265.1,3239.8,3251.5,44829050,3576.6,2926.4,4322.95,2866.6,3262.0,21,4,3261.9,2,1,3261.8,3,1,3261.6,8,3,3261.0,31,5,3262.3,49,4,3262.4,27,2,3262.5,65,6,3262.6,80,5,3262.7,92,4
11536,2025-12-30 13:10:37+05:30,3262.0,2,3251.36,1159915,114693.0,123423.0,3250.0,3265.1,3239.8,3251.5,44829050,3576.6,2926.4,4322.95,2866.6,3262.0,7,4,3261.9,99,2,3261.8,3,1,3261.7,13,1,3261.6,8,3,3262.3,50,5,3262.4,27,2,3262.5,86,6,3262.6,80,5,3262.7,92,4
11536,2025-12-30 13:10:38+05:30,3262.0,2,3251.36,1159915,114693.0,123423.0,3250.0,3265.1,3239.8,3251.5,44829050,3576.6,2926.4,4322.95,2866.6,3262.0,7,4,3261.9,99,2,3261.8,3,1,3261.7,13,1,3261.6,8,3,3262.3,50,5,3262.4,27,2,3262.5,86,6,3262.6,80,5,3262.7,92,4
11536,2025-12-30 13:10:38+05:30,3262.0,5,3251.36,1159943,115494.0,123518.0,3250.0,3265.1,3239.8,3251.5,44829050,3576.6,2926.4,4322.95,2866.6,3262.0,11,3,3261.9,99,2,3261.8,3,1,3261.6,8,3,3261.0,31,5,3262.3,55,5,3262.5,63,3,3262.6,80,5,3262.7,92,4,3262.8,86,5
11536,2025-12-30 13:10:39+05:30,3262.0,5,3251.36,1159943,115494.0,123518.0,3250.0,3265.1,3239.8,3251.5,44829050,3576.6,2926.4,4322.95,2866.6,3262.0,11,3,3261.9,99,2,3261.8,3,1,3261.6,8,3,3261.0,31,5,3262.3,55,5,3262.5,63,3,3262.6,80,5,3262.7,92,4,3262.8,86,5
11536,2025-12-30 13:10:39+05:30,3262.0,5,3251.36,1159943,115506.0,123562.0,3250.0,3265.1,3239.8,3251.5,44829050,3576.6,2926.4,4322.95,2866.6,3262.0,15,3,3261.9,99,2,3261.8,3,1,3261.6,8,3,3261.0,31,5,3262.3,69,8,3262.4,12,1,3262.5,101,4,3262.6,80,5,3262.7,92,4
11536,2025-12-30 13:10:40+05:30,3262.0,1,3251.36,1159943,115506.0,123562.0,3250.0,3265.1,3239.8,3251.5,44829050,3576.6,2926.4,4322.95,2866.6,3262.0,15,3,3261.9,99,2,3261.8,3,1,3261.6,8,3,3261.0,31,5,3262.3,69,8,3262.4,12,1,3262.5,101,4,3262.6,80,5,3262.7,92,4
11536,2025-12-30 13:10:40+05:30,3262.4,6,3251.36,1160123,115585.0,121977.0,3250.0,3265.1,3239.8,3251.5,44829050,3576.6,2926.4,4322.95,2866.6,3262.0,14,3,3261.9,99,2,3261.8,3,1,3261.6,8,3,3261.0,225,7,3262.4,50,5,3262.5,50,4,3262.6,80,5,3262.7,89,3,3262.8,89,6
11536,2025-12-30 13:10:41+05:30,3262.4,6,3251.36,1160123,115585.0,121977.0,3250.0,3265.1,3239.8,3251.5,44829050,3576.6,2926.4,4322.95,2866.6,3262.0,14,3,3261.9,99,2,3261.8,3,1,3261.6,8,3,3261.0,225,7,3262.4,50,5,3262.5,50,4,3262.6,80,5,3262.7,89,3,3262.8,89,6
11536,2025-12-30 13:10:41+05:30,3262.4,6,3251.36,1160123,115523.0,122160.0,3250.0,3265.1,3239.8,3251.5,44829050,3576.6,2926.4,4322.95,2866.6,3262.0,2,2,3261.9,99,2,3261.8,3,1,3261.7,12,1,3261.6,8,3,3262.4,53,6,3262.5,50,4,3262.6,80,5,3262.7,89,3,3262.8,89,6
11536,2025-12-30 13:10:42+05:30,3261.9,13,3251.36,1160123,115523.0,122160.0,3250.0,3265.1,3239.8,3251.5,44829050,3576.6,2926.4,4322.95,2866.6,3262.0,2,2,3261.9,99,2,3261.8,3,1,3261.7,12,1,3261.6,8,3,3262.4,53,6,3262.5,50,4,3262.6,80,5,3262.7,89,3,3262.8,89,6
11536,2025-12-30 13:10:42+05:30,3262.3,4,3251.36,1160304,114115.0,124118.0,3250.0,3265.1,3239.8,3251.5,44829050,3576.6,2926.4,4322.95,2866.6,3261.9,86,2,3261.8,3,1,3261.7,12,1,3261.6,8,3,3261.0,31,5,3262.3,41,4,3262.4,38,3,3262.5,24,2,3262.6,80,5,3262.7,89,3
11536,2025-12-30 13:10:43+05:30,3261.9,1,3251.36,1160304,114115.0,124118.0,3250.0,3265.1,3239.8,3251.5,44829050,3576.6,2926.4,4322.95,2866.6,3261.9,86,2,3261.8,3,1,3261.7,12,1,3261.6,8,3,3261.0,31,5,3262.3,41,4,3262.4,38,3,3262.5,24,2,3262.6,80,5,3262.7,89,3
11536,2025-12-30 13:10:43+05:30,3261.9,1,3251.36,1160306,114391.0,123824.0,3250.0,3265.1,3239.8,3251.5,44829050,3576.6,2926.4,4322.95,2866.6,3261.9,84,2,3261.8,3,1,3261.7,12,1,3261.6,8,3,3261.0,31,5,3262.3,44,5,3262.4,38,3,3262.5,32,3,3262.6,80,5,3262.7,89,3
11536,2025-12-30 13:10:44+05:30,3261.9,27,3251.36,1160306,114391.0,123824.0,3250.0,3265.1,3239.8,3251.5,44829050,3576.6,2926.4,4322.95,2866.6,3261.9,84,2,3261.8,3,1,3261.7,12,1,3261.6,8,3,3261.0,31,5,3262.3,44,5,3262.4,38,3,3262.5,32,3,3262.6,80,5,3262.7,89,3
11536,2025-12-30 13:10:44+05:30,3261.9,27,3251.36,1160333,114402.0,123821.0,3250.0,3265.1,3239.8,3251.5,44829050,3576.6,2926.4,4322.95,2866.6,3261.9,57,2,3261.8,3,1,3261.7,12,1,3261.6,8,3,3261.0,31,5,3262.3,44,5,3262.4,35,2,3262.5,32,3,3262.6,80,5,3262.7,89,3
11536,2025-12-30 13:10:45+05:30,3262.3,1,3251.36,1160333,114402.0,123821.0,3250.0,3265.1,3239.8,3251.5,44829050,3576.6,2926.4,4322.95,2866.6,3261.9,57,2,3261.8,3,1,3261.7,12,1,3261.6,8,3,3261.0,31,5,3262.3,44,5,3262.4,35,2,3262.5,32,3,3262.6,80,5,3262.7,89,3
11536,2025-12-30 13:10:45+05:30,3261.9,2,3251.36,1160336,115050.0,123652.0,3250.0,3265.1,3239.8,3251.5,44829050,3576.6,2926.4,4322.95,2866.6,3261.9,55,2,3261.8,3,1,3261.7,12,1,3261.6,8,3,3261.0,31,5,3262.3,44,6,3262.4,35,2,3262.5,24,2,3262.6,80,5,3262.7,89,3
11536,2025-12-30 13:10:46+05:30,3261.9,27,3251.36,1160336,115050.0,123652.0,3250.0,3265.1,3239.8,3251.5,44829050,3576.6,2926.4,4322.95,2866.6,3261.9,55,2,3261.8,3,1,3261.7,12,1,3261.6,8,3,3261.0,31,5,3262.3,44,6,3262.4,35,2,3262.5,24,2,3262.6,80,5,3262.7,89,3
11536,2025-12-30 13:10:46+05:30,3262.3,1,3251.36,1160365,115100.0,123801.0,3250.0,3265.1,3239.8,3251.5,44829050,3576.6,2926.4,4322.95,2866.6,3261.9,72,3,3261.8,3,1,3261.7,12,1,3261.6,8,3,3261.2,17,1,3262.3,32,6,3262.4,23,1,3262.5,9,1,3262.6,70,4,3262.7,89,3
11536,2025-12-30 13:10:47+05:30,3262.3,1,3251.36,1160365,115100.0,123801.0,3250.0,3265.1,3239.8,3251.5,44829050,3576.6,2926.4,4322.95,2866.6,3261.9,72,3,3261.8,3,1,3261.7,12,1,3261.6,8,3,3261.2,17,1,3262.3,32,6,3262.4,23,1,3262.5,9,1,3262.6,70,4,3262.7,89,3
11536,2025-12-30 13:10:47+05:30,3262.3,1,3251.36,1160365,115123.0,123948.0,3250.0,3265.1,3239.8,3251.5,44829050,3576.6,2926.4,4322.95,2866.6,3261.9,72,3,3261.8,3,1,3261.7,12,1,3261.6,8,3,3261.0,31,5,3262.3,32,6,3262.4,23,1,3262.5,9,1,3262.6,70,4,3262.7,89,3
11536,2025-12-30 13:10:48+05:30,3261.8,3,3251.36,1160365,115123.0,123948.0,3250.0,3265.1,3239.8,3251.5,44829050,3576.6,2926.4,4322.95,2866.6,3261.9,72,3,3261.8,3,1,3261.7,12,1,3261.6,8,3,3261.0,31,5,3262.3,32,6,3262.4,23,1,3262.5,9,1,3262.6,70,4,3262.7,89,3
11536,2025-12-30 13:10:48+05:30,3261.8,1,3251.36,1160454,113468.0,124813.0,3250.0,3265.1,3239.8,3251.5,44829050,3576.6,2926.4,4322.95,2866.6,3261.8,2,1,3261.7,12,1,3261.6,8,3,3261.0,10,4,3260.9,5,2,3261.9,14,3,3262.0,11,1,3262.1,32,2,3262.2,68,6,3262.3,24,3
11536,2025-12-30 13:10:49+05:30,3261.8,1,3251.36,1160454,113468.0,124813.0,3250.0,3265.1,3239.8,3251.5,44829050,3576.6,2926.4,4322.95,2866.6,3261.8,2,1,3261.7,12,1,3261.6,8,3,3261.0,10,4,3260.9,5,2,3261.9,14,3,3262.0,11,1,3262.1,32,2,3262.2,68,6,3262.3,24,3
11536,2025-12-30 13:10:49+05:30,3261.8,1,3251.36,1160460,113598.0,124107.0,3250.0,3265.1,3239.8,3251.5,44829050,3576.6,2926.4,4322.95,2866.6,3261.8,2,1,3261.7,12,1,3261.6,8,3,3261.0,10,4,3260.9,5,2,3261.9,22,4,3262.1,32,2,3262.2,53,4,3262.3,23,2,3262.4,76,5
11536,2025-12-30 13:10:50+05:30,3261.8,1,3251.36,1160460,113598.0,124107.0,3250.0,3265.1,3239.8,3251.5,44829050,3576.6,2926.4,4322.95,2866.6,3261.8,2,1,3261.7,12,1,3261.6,8,3,3261.0,10,4,3260.9,5,2,3261.9,22,4,3262.1,32,2,3262.2,53,4,3262.3,23,2,3262.4,76,5
11536,2025-12-30 13:10:50+05:30,3261.9,1,3251.36,1160461,113575.0,124088.0,3250.0,3265.1,3239.8,3251.5,44829050,3576.6,2926.4,4322.95,2866.6,3261.8,2,1,3261.7,12,1,3261.6,8,3,3261.0,10,4,3260.9,5,2,3261.9,22,5,3262.1,36,3,3262.2,53,4,3262.3,23,2,3262.4,76,5
11536,2025-12-30 13:10:51+05:30,3261.9,1,3251.36,1160461,113575.0,124088.0,3250.0,3265.1,3239.8,3251.5,44829050,3576.6,2926.4,4322.95,2866.6,3261.8,2,1,3261.7,12,1,3261.6,8,3,3261.0,10,4,3260.9,5,2,3261.9,22,5,3262.1,36,3,3262.2,53,4,3262.3,23,2,3262.4,76,5
11536,2025-12-30 13:10:51+05:30,3261.9,1,3251.36,1160477,113602.0,124250.0,3250.0,3265.1,3239.8,3251.5,44829050,3576.6,2926.4,4322.95,2866.6,3261.7,6,1,3261.6,8,3,3261.0,10,4,3260.9,5,2,3260.8,19,3,3262.0,22,2,3262.1,37,3,3262.2,53,4,3262.3,31,3,3262.4,70,4
11536,2025-12-30 13:10:52+05:30,3261.9,1,3251.36,1160477,113602.0,124250.0,3250.0,3265.1,3239.8,3251.5,44829050,3576.6,2926.4,4322.95,2866.6,3261.7,6,1,3261.6,8,3,3261.0,10,4,3260.9,5,2,3260.8,19,3,3262.0,22,2,3262.1,37,3,3262.2,53,4,3262.3,31,3,3262.4,70,4
11536,2025-12-30 13:10:52+05:30,3262.0,1,3251.36,1160478,113610.0,124516.0,3250.0,3265.1,3239.8,3251.5,44829050,3576.6,2926.4,4322.95,2866.6,3261.7,6,1,3261.6,8,3,3261.0,10,4,3260.9,5,2,3260.8,19,3,3262.0,55,5,3262.1,32,2,3262.2,53,4,3262.3,9,1,3262.4,70,4
11536,2025-12-30 13:10:53+05:30,3262.0,1,3251.36,1160478,113610.0,124516.0,3250.0,3265.1,3239.8,3251.5,44829050,3576.6,2926.4,4322.95,2866.6,3261.7,6,1,3261.6,8,3,3261.0,10,4,3260.9,5,2,3260.8,19,3,3262.0,55,5,3262.1,32,2,3262.2,53,4,3262.3,9,1,3262.4,70,4
11536,2025-12-30 13:10:53+05:30,3262.0,1,3251.36,1160478,113618.0,124451.0,3250.0,3265.1,3239.8,3251.5,44829050,3576.6,2926.4,4322.95,2866.6,3261.6,8,3,3261.0,22,5,3260.9,5,2,3260.8,19,3,3260.7,8,2,3262.0,45,4,3262.1,43,3,3262.2,30,3,3262.3,9,1,3262.4,70,4
11536,2025-12-30 13:10:54+05:30,3261.6,3,3251.36,1160494,113603.0,124170.0,3250.0,3265.1,3239.8,3251.5,44829050,3576.6,2926.4,4322.95,2866.6,3261.6,8,3,3261.0,22,5,3260.9,5,2,3260.8,19,3,3260.7,35,3,3262.0,44,5,3262.1,23,1,3262.2,26,2,3262.3,9,1,3262.4,38,3
11536,2025-12-30 13:10:55+05:30,3262.0,1,3251.36,1160494,113603.0,124170.0,3250.0,3265.1,3239.8,3251.5,44829050,3576.6,2926.4,4322.95,2866.6,3261.6,8,3,3261.0,22,5,3260.9,5,2,3260.8,19,3,3260.7,35,3,3262.0,44,5,3262.1,23,1,3262.2,26,2,3262.3,9,1,3262.4,38,3
11536,2025-12-30 13:10:55+05:30,3261.6,1,3251.36,1160496,114921.0,123573.0,3250.0,3265.1,3239.8,3251.5,44829050,3576.6,2926.4,4322.95,2866.6,3261.6,7,3,3261.2,12,1,3261.1,28,2,3261.0,48,5,3260.9,126,5,3262.0,14,2,3262.5,41,2,3262.6,81,3,3262.7,23,3,3262.8,104,5
11536,2025-12-30 13:10:56+05:30,3261.6,1,3251.36,1160496,114921.0,123573.0,3250.0,3265.1,3239.8,3251.5,44829050,3576.6,2926.4,4322.95,2866.6,3261.6,7,3,3261.2,12,1,3261.1,28,2,3261.0,48,5,3260.9,126,5,3262.0,14,2,3262.5,41,2,3262.6,81,3,3262.7,23,3,3262.8,104,5
11536,2025-12-30 13:10:56+05:30,3261.6,1,3251.36,1160496,115092.0,123506.0,3250.0,3265.1,3239.8,3251.5,44829050,3576.6,2926.4,4322.95,2866.6,3261.6,7,3,3261.2,46,3,3261.1,14,1,3261.0,51,6,3260.9,114,4,3262.0,15,3,3262.3,11,1,3262.4,12,1,3262.6,92,4,3262.7,72,3
11536,2025-12-30 13:10:57+05:30,3262.0,1,3251.36,1160498,114016.0,123479.0,3250.0,3265.1,3239.8,3251.5,44829050,3576.6,2926.4,4322.95,2866.6,3261.6,57,4,3261.2,12,1,3261.1,36,2,3261.0,51,6,3260.9,97,3,3262.0,13,3,3262.3,11,1,3262.5,19,1,3262.6,83,3,3262.7,72,3
11536,2025-12-30 13:10:58+05:30,3261.6,2,3251.36,1160498,114016.0,123479.0,3250.0,3265.1,3239.8,3251.5,44829050,3576.6,2926.4,4322.95,2866.6,3261.6,57,4,3261.2,12,1,3261.1,36,2,3261.0,51,6,3260.9,97,3,3262.0,13,3,3262.3,11,1,3262.5,19,1,3262.6,83,3,3262.7,72,3
11536,2025-12-30 13:10:58+05:30,3261.6,2,3251.36,1160505,115548.0,122199.0,3250.0,3265.1,3239.8,3251.5,44829050,3576.6,2926.4,4322.95,2866.6,3261.6,70,5,3261.5,38,1,3261.4,31,2,3261.3,19,1,3261.2,54,2,3262.0,10,3,3262.6,11,1,3262.7,14,2,3262.8,66,4,3262.9,32,3
11536,2025-12-30 13:10:59+05:30,3261.6,1,3251.36,1160505,115548.0,122199.0,3250.0,3265.1,3239.8,3251.5,44829050,3576.6,2926.4,4322.95,2866.6,3261.6,70,5,3261.5,38,1,3261.4,31,2,3261.3,19,1,3261.2,54,2,3262.0,10,3,3262.6,11,1,3262.7,14,2,3262.8,66,4,3262.9,32,3
11536,2025-12-30 13:10:59+05:30,3262.0,1,3251.36,1160507,115538.0,122234.0,3250.0,3265.1,3239.8,3251.5,44829050,3576.6,2926.4,4322.95,2866.6,3261.6,69,5,3261.5,38,1,3261.4,22,1,3261.3,19,1,3261.2,54,2,3262.0,8,2,3262.5,11,1,3262.6,11,1,3262.7,2,1,3262.8,78,5
11536,2025-12-30 13:11:00+05:30,3262.0,1,3251.36,1160507,115538.0,122234.0,3250.0,3265.1,3239.8,3251.5,44829050,3576.6,2926.4,4322.95,2866.6,3261.6,69,5,3261.5,38,1,3261.4,22,1,3261.3,19,1,3261.2,54,2,3262.0,8,2,3262.5,11,1,3262.6,11,1,3262.7,2,1,3262.8,78,5
11536,2025-12-30 13:11:00+05:30,3261.0,1,3251.36,1160736,111613.0,123946.0,3250.0,3265.1,3239.8,3251.5,44829050,3576.6,2926.4,4322.95,2866.6,3261.1,8,1,3261.0,35,6,3260.9,16,3,3260.8,33,4,3260.7,22,3,3261.6,122,1,3262.0,8,2,3262.4,31,2,3262.5,61,1,3262.6,39,4
11536,2025-12-30 13:11:01+05:30,3262.6,14,3251.36,1160736,111613.0,123946.0,3250.0,3265.1,3239.8,3251.5,44829050,3576.6,2926.4,4322.95,2866.6,3261.1,8,1,3261.0,35,6,3260.9,16,3,3260.8,33,4,3260.7,22,3,3261.6,122,1,3262.0,8,2,3262.4,31,2,3262.5,61,1,3262.6,39,4
11536,2025-12-30 13:11:01+05:30,3261.6,2,3251.36,1160948,114770.0,122560.0,3250.0,3265.1,3239.8,3251.5,44829050,3576.6,2926.4,4322.95,2866.6,3261.4,56,4,3261.3,39,2,3261.2,30,2,3261.1,197,4,3261.0,120,8,3261.6,5,1,3262.6,13,2,3262.7,22,3,3262.8,46,3,3262.9,2,2
11536,2025-12-30 13:11:02+05:30,3262.8,4,3251.36,1160948,114770.0,122560.0,3250.0,3265.1,3239.8,3251.5,44829050,3576.6,2926.4,4322.95,2866.6,3261.4,56,4,3261.3,39,2,3261.2,30,2,3261.1,197,4,3261.0,120,8,3261.6,5,1,3262.6,13,2,3262.7,22,3,3262.8,46,3,3262.9,2,2
11536,2025-12-30 13:11:02+05:30,3262.8,4,3251.37,1161071,117291.0,121516.0,3250.0,3265.1,3239.8,3251.5,44829050,3576.6,2926.4,4322.95,2866.6,3261.8,21,1,3261.7,34,2,3261.6,42,2,3261.5,32,3,3261.4,131,3,3262.9,10,3,3263.0,25,3,3263.1,12,1,3263.2,52,3,3263.3,52,3
11536,2025-12-30 13:11:03+05:30,3261.8,2,3251.37,1161073,117197.0,121531.0,3250.0,3265.1,3239.8,3251.5,44829050,3576.6,2926.4,4322.95,2866.6,3261.8,19,1,3261.7,16,1,3261.6,42,2,3261.5,32,3,3261.4,149,4,3262.9,21,5,3263.0,14,2,3263.1,12,1,3263.2,52,3,3263.3,52,3
11536,2025-12-30 13:11:04+05:30,3260.5,2,3251.37,1161073,117197.0,121531.0,3250.0,3265.1,3239.8,3251.5,44829050,3576.6,2926.4,4322.95,2866.6,3261.8,19,1,3261.7,16,1,3261.6,42,2,3261.5,32,3,3261.4,149,4,3262.9,21,5,3263.0,14,2,3263.1,12,1,3263.2,52,3,3263.3,52,3
11536,2025-12-30 13:11:04+05:30,3260.5,2,3251.37,1161352,110346.0,124763.0,3250.0,3265.1,3239.8,3251.5,44829050,3576.6,2926.4,4322.95,2866.6,3260.6,14,1,3260.5,19,3,3260.3,28,1,3260.2,212,2,3260.1,203,7,3261.6,43,3,3261.7,80,3,3261.8,385,5,3261.9,41,3,3262.0,16,2
11536,2025-12-30 13:11:05+05:30,3261.6,1,3251.37,1161352,110346.0,124763.0,3250.0,3265.1,3239.8,3251.5,44829050,3576.6,2926.4,4322.95,2866.6,3260.6,14,1,3260.5,19,3,3260.3,28,1,3260.2,212,2,3260.1,203,7,3261.6,43,3,3261.7,80,3,3261.8,385,5,3261.9,41,3,3262.0,16,2
11536,2025-12-30 13:11:05+05:30,3261.6,1,3251.37,1161361,110523.0,124582.0,3250.0,3265.1,3239.8,3251.5,44829050,3576.6,2926.4,4322.95,2866.6,3260.6,94,3,3260.5,19,3,3260.4,35,3,3260.3,46,2,3260.2,160,4,3261.6,35,2,3261.7,5,1,3261.8,371,4,3261.9,24,2,3262.0,16,2
11536,2025-12-30 13:11:06+05:30,3260.6,5,3251.37,1161361,110523.0,124582.0,3250.0,3265.1,3239.8,3251.5,44829050,3576.6,2926.4,4322.95,2866.6,3260.6,94,3,3260.5,19,3,3260.4,35,3,3260.3,46,2,3260.2,160,4,3261.6,35,2,3261.7,5,1,3261.8,371,4,3261.9,24,2,3262.0,16,2
11536,2025-12-30 13:11:06+05:30,3260.7,1,3251.37,1161381,110752.0,124741.0,3250.0,3265.1,3239.8,3251.5,44829050,3576.6,2926.4,4322.95,2866.6,3260.7,13,1,3260.6,89,3,3260.5,19,3,3260.4,14,1,3260.3,59,3,3261.6,36,3,3261.7,44,3,3261.8,353,3,3261.9,3,1,3262.0,16,2
11536,2025-12-30 13:11:07+05:30,3261.6,6,3251.37,1161381,110752.0,124741.0,3250.0,3265.1,3239.8,3251.5,44829050,3576.6,2926.4,4322.95,2866.6,3260.7,13,1,3260.6,89,3,3260.5,19,3,3260.4,14,1,3260.3,59,3,3261.6,36,3,3261.7,44,3,3261.8,353,3,3261.9,3,1,3262.0,16,2
11536,2025-12-30 13:11:07+05:30,3260.7,42,3251.37,1161429,110755.0,124145.0,3250.0,3265.1,3239.8,3251.5,44829050,3576.6,2926.4,4322.95,2866.6,3260.7,22,1,3260.6,30,3,3260.5,19,3,3260.4,14,1,3260.3,213,4,3261.6,49,5,3261.7,21,1,3261.8,353,3,3261.9,3,1,3262.0,16,2
11536,2025-12-30 13:11:08+05:30,3260.7,42,3251.37,1161429,110755.0,124145.0,3250.0,3265.1,3239.8,3251.5,44829050,3576.6,2926.4,4322.95,2866.6,3260.7,22,1,3260.6,30,3,3260.5,19,3,3260.4,14,1,3260.3,213,4,3261.6,49,5,3261.7,21,1,3261.8,353,3,3261.9,3,1,3262.0,16,2
11536,2025-12-30 13:11:08+05:30,3260.7,2,3251.37,1161431,110794.0,125163.0,3250.0,3265.1,3239.8,3251.5,44829050,3576.6,2926.4,4322.95,2866.6,3260.7,69,3,3260.6,1,1,3260.5,19,3,3260.4,32,2,3260.3,52,3,3261.6,31,4,3261.7,31,2,3261.8,384,5,3261.9,16,2,3262.0,52,3
11536,2025-12-30 13:11:09+05:30,3261.6,1,3251.37,1161431,110794.0,125163.0,3250.0,3265.1,3239.8,3251.5,44829050,3576.6,2926.4,4322.95,2866.6,3260.7,69,3,3260.6,1,1,3260.5,19,3,3260.4,32,2,3260.3,52,3,3261.6,31,4,3261.7,31,2,3261.8,384,5,3261.9,16,2,3262.0,52,3
11536,2025-12-30 13:11:09+05:30,3260.7,3,3251.37,1161435,108243.0,125015.0,3250.0,3265.1,3239.8,3251.5,44829050,3576.6,2926.4,4322.95,2866.6,3260.7,66,3,3260.6,1,1,3260.5,5,2,3260.4,14,1,3260.3,22,2,3261.4,84,6,3261.5,13,2,3261.6,92,6,3261.7,221,3,3261.8,591,7
11536,2025-12-30 13:11:10+05:30,3260.7,3,3251.37,1161435,108243.0,125015.0,3250.0,3265.1,3239.8,3251.5,44829050,3576.6,2926.4,4322.95,2866.6,3260.7,66,3,3260.6,1,1,3260.5,5,2,3260.4,14,1,3260.3,22,2,3261.4,84,6,3261.5,13,2,3261.6,92,6,3261.7,221,3,3261.8,591,7
11536,2025-12-30 13:11:10+05:30,3260.7,1,3251.37,1161436,110027.0,125714.0,3250.0,3265.1,3239.8,3251.5,44829050,3576.6,2926.4,4322.95,2866.6,3260.7,65,3,3260.6,1,1,3260.5,5,2,3260.4,14,1,3260.3,22,2,3261.4,79,8,3261.5,3,1,3261.6,91,5,3261.7,201,3,3261.8,402,5
11536,2025-12-30 13:11:11+05:30,3260.7,6,3251.37,1161436,110027.0,125714.0,3250.0,3265.1,3239.8,3251.5,44829050,3576.6,2926.4,4322.95,2866.6,3260.7,65,3,3260.6,1,1,3260.5,5,2,3260.4,14,1,3260.3,22,2,3261.4,79,8,3261.5,3,1,3261.6,91,5,3261.7,201,3,3261.8,402,5
11536,2025-12-30 13:11:11+05:30,3260.7,6,3251.37,1161442,109795.0,125823.0,3250.0,3265.1,3239.8,3251.5,44829050,3576.6,2926.4,4322.95,2866.6,3260.7,59,3,3260.6,1,1,3260.5,5,2,3260.4,14,1,3260.3,22,2,3261.3,104,8,3261.4,13,4,3261.5,56,3,3261.6,115,6,3261.7,289,4
11536,2025-12-30 13:11:12+05:30,3261.3,2,3251.37,1161442,109795.0,125823.0,3250.0,3265.1,3239.8,3251.5,44829050,3576.6,2926.4,4322.95,2866.6,3260.7,59,3,3260.6,1,1,3260.5,5,2,3260.4,14,1,3260.3,22,2,3261.3,104,8,3261.4,13,4,3261.5,56,3,3261.6,115,6,3261.7,289,4
11536,2025-12-30 13:11:12+05:30,3261.3,2,3251.37,1161490,109102.0,126062.0,3250.0,3265.1,3239.8,3251.5,44829050,3576.6,2926.4,4322.95,2866.6,3260.7,80,3,3260.6,1,1,3260.5,7,3,3260.4,14,1,3260.3,22,2,3261.3,101,9,3261.4,55,5,3261.5,56,3,3261.6,290,7,3261.7,114,3
11536,2025-12-30 13:11:13+05:30,3260.7,1,3251.37,1161490,109102.0,126062.0,3250.0,3265.1,3239.8,3251.5,44829050,3576.6,2926.4,4322.95,2866.6,3260.7,80,3,3260.6,1,1,3260.5,7,3,3260.4,14,1,3260.3,22,2,3261.3,101,9,3261.4,55,5,3261.5,56,3,3261.6,290,7,3261.7,114,3
11536,2025-12-30 13:11:13+05:30,3260.7,15,3251.37,1161528,108814.0,126368.0,3250.0,3265.1,3239.8,3251.5,44829050,3576.6,2926.4,4322.95,2866.6,3260.7,44,1,3260.6,1,1,3260.5,7,3,3260.4,14,1,3260.3,22,2,3261.2,60,5,3261.3,44,7,3261.4,64,4,3261.5,56,3,3261.6,290,7
11536,2025-12-30 13:11:14+05:30,3260.7,1,3251.37,1161528,108814.0,126368.0,3250.0,3265.1,3239.8,3251.5,44829050,3576.6,2926.4,4322.95,2866.6,3260.7,44,1,3260.6,1,1,3260.5,7,3,3260.4,14,1,3260.3,22,2,3261.2,60,5,3261.3,44,7,3261.4,64,4,3261.5,56,3,3261.6,290,7
11536,2025-12-30 13:11:14+05:30,3260.7,1,3251.37,1161529,108766.0,125600.0,3250.0,3265.1,3239.8,3251.5,44829050,3576.6,2926.4,4322.95,2866.6,3260.8,8,1,3260.7,43,1,3260.6,1,1,3260.5,7,3,3260.4,14,1,3261.2,74,6,3261.3,30,6,3261.4,63,3,3261.5,56,3,3261.6,115,6
11536,2025-12-30 13:11:15+05:30,3261.2,5,3251.37,1161529,108766.0,125600.0,3250.0,3265.1,3239.8,3251.5,44829050,3576.6,2926.4,4322.95,2866.6,3260.8,8,1,3260.7,43,1,3260.6,1,1,3260.5,7,3,3260.4,14,1,3261.2,74,6,3261.3,30,6,3261.4,63,3,3261.5,56,3,3261.6,115,6
11536,2025-12-30 13:11:15+05:30,3261.2,5,3251.37,1161567,108820.0,124664.0,3250.0,3265.1,3239.8,3251.5,44829050,3576.6,2926.4,4322.95,2866.6,3260.8,7,1,3260.7,43,1,3260.6,1,1,3260.5,7,3,3260.4,14,1,3261.2,97,9,3261.3,9,3,3261.4,54,2,3261.5,56,3,3261.6,263,6
11536,2025-12-30 13:11:16+05:30,3260.4,30,3251.37,1161567,108820.0,124664.0,3250.0,3265.1,3239.8,3251.5,44829050,3576.6,2926.4,4322.95,2866.6,3260.8,7,1,3260.7,43,1,3260.6,1,1,3260.5,7,3,3260.4,14,1,3261.2,97,9,3261.3,9,3,3261.4,54,2,3261.5,56,3,3261.6,263,6
11536,2025-12-30 13:11:16+05:30,3260.4,29,3251.37,1161964,109179.0,121238.0,3250.0,3265.1,3239.8,3251.5,44829050,3576.6,2926.4,4322.95,2866.6,3260.3,22,2,3260.2,57,1,3260.1,51,4,3260.0,656,6,3259.9,29,2,3261.2,65,6,3261.5,3,1,3261.6,74,2,3261.7,263,4,3261.8,202,4
11536,2025-12-30 13:11:17+05:30,3260.3,5,3251.37,1161964,109179.0,121238.0,3250.0,3265.1,3239.8,3251.5,44829050,3576.6,2926.4,4322.95,2866.6,3260.3,22,2,3260.2,57,1,3260.1,51,4,3260.0,656,6,3259.9,29,2,3261.2,65,6,3261.5,3,1,3261.6,74,2,3261.7,263,4,3261.8,202,4
11536,2025-12-30 13:11:17+05:30,3260.3,5,3251.37,1161970,108813.0,122672.0,3250.0,3265.1,3239.8,3251.5,44829050,3576.6,2926.4,4322.95,2866.6,3260.3,17,2,3260.2,57,1,3260.1,47,3,3260.0,545,4,3259.9,3,1,3261.2,96,9,3261.3,10,1,3261.4,34,2,3261.5,100,3,3261.6,87,3
11536,2025-12-30 13:11:18+05:30,3260.3,1,3251.37,1161970,108813.0,122672.0,3250.0,3265.1,3239.8,3251.5,44829050,3576.6,2926.4,4322.95,2866.6,3260.3,17,2,3260.2,57,1,3260.1,47,3,3260.0,545,4,3259.9,3,1,3261.2,96,9,3261.3,10,1,3261.4,34,2,3261.5,100,3,3261.6,87,3
11536,2025-12-30 13:11:18+05:30,3260.3,6,3251.37,1161977,108617.0,122991.0,3250.0,3265.1,3239.8,3251.5,44829050,3576.6,2926.4,4322.95,2866.6,3260.3,11,3,3260.2,57,1,3260.1,47,3,3260.0,557,5,3259.9,15,2,3261.2,95,8,3261.3,10,1,3261.4,95,2,3261.5,122,4,3261.6,87,3
11536,2025-12-30 13:11:19+05:30,3260.3,5,3251.37,1161977,108617.0,122991.0,3250.0,3265.1,3239.8,3251.5,44829050,3576.6,2926.4,4322.95,2866.6,3260.3,11,3,3260.2,57,1,3260.1,47,3,3260.0,557,5,3259.9,15,2,3261.2,95,8,3261.3,10,1,3261.4,95,2,3261.5,122,4,3261.6,87,3
11536,2025-12-30 13:11:19+05:30,3260.3,10,3251.37,1162171,107522.0,124471.0,3250.0,3265.1,3239.8,3251.5,44829050,3576.6,2926.4,4322.95,2866.6,3260.2,57,1,3260.1,47,3,3260.0,557,5,3259.9,15,2,3259.6,1,1,3260.3,161,1,3260.9,62,3,3261.0,83,3,3261.1,23,3,3261.2,105,9
11536,2025-12-30 13:11:20+05:30,3260.3,1,3251.37,1162171,107522.0,124471.0,3250.0,3265.1,3239.8,3251.5,44829050,3576.6,2926.4,4322.95,2866.6,3260.2,57,1,3260.1,47,3,3260.0,557,5,3259.9,15,2,3259.6,1,1,3260.3,161,1,3260.9,62,3,3261.0,83,3,3261.1,23,3,3261.2,105,9
11536,2025-12-30 13:11:20+05:30,3260.2,1,3251.38,1162199,107362.0,123447.0,3250.0,3265.1,3239.8,3251.5,44829050,3576.6,2926.4,4322.95,2866.6,3260.2,77,2,3260.1,47,3,3260.0,687,7,3259.9,21,3,3259.6,1,1,3260.3,176,4,3260.4,1,1,3260.9,66,3,3261.0,42,1,3261.1,19,2
11536,2025-12-30 13:11:20+05:30,3260.2,1,3251.38,1162199,107362.0,123447.0,3250.0,3265.1,3239.8,3251.5,44829050,3576.6,2926.4,4322.95,2866.6,3260.2,77,2,3260.1,47,3,3260.0,687,7,3259.9,21,3,3259.6,1,1,3260.3,176,4,3260.4,1,1,3260.9,66,3,3261.0,42,1,3261.1,19,2
11536,2025-12-30 13:11:21+05:30,3260.2,1,3251.38,1162199,107362.0,123447.0,3250.0,3265.1,3239.8,3251.5,44829050,3576.6,2926.4,4322.95,2866.6,3260.2,77,2,3260.1,47,3,3260.0,687,7,3259.9,21,3,3259.6,1,1,3260.3,176,4,3260.4,1,1,3260.9,66,3,3261.0,42,1,3261.1,19,2
11536,2025-12-30 13:11:21+05:30,3260.2,1,3251.38,1162199,106642.0,124616.0,3250.0,3265.1,3239.8,3251.5,44829050,3576.6,2926.4,4322.95,2866.6,3260.2,77,2,3260.1,47,3,3260.0,687,7,3259.9,21,3,3259.6,1,1,3260.3,176,4,3260.4,1,1,3260.7,12,1,3260.8,42,1,3260.9,111,4
11536,2025-12-30 13:11:22+05:30,3260.2,26,3251.38,1162199,106642.0,124616.0,3250.0,3265.1,3239.8,3251.5,44829050,3576.6,2926.4,4322.95,2866.6,3260.2,77,2,3260.1,47,3,3260.0,687,7,3259.9,21,3,3259.6,1,1,3260.3,176,4,3260.4,1,1,3260.7,12,1,3260.8,42,1,3260.9,111,4
11536,2025-12-30 13:11:22+05:30,3260.0,9,3251.38,1162427,105952.0,125803.0,3250.0,3265.1,3239.8,3251.5,44829050,3576.6,2926.4,4322.95,2866.6,3260.0,675,5,3259.9,15,2,3259.6,1,1,3259.4,10,2,3259.2,129,3,3260.3,177,5,3260.4,11,2,3260.5,12,1,3260.6,12,1,3260.7,38,2
11536,2025-12-30 13:11:22+05:30,3260.0,9,3251.38,1162427,105952.0,125803.0,3250.0,3265.1,3239.8,3251.5,44829050,3576.6,2926.4,4322.95,2866.6,3260.0,675,5,3259.9,15,2,3259.6,1,1,3259.4,10,2,3259.2,129,3,3260.3,177,5,3260.4,11,2,3260.5,12,1,3260.6,12,1,3260.7,38,2
11536,2025-12-30 13:11:23+05:30,3260.0,4,3251.38,1162427,105952.0,125803.0,3250.0,3265.1,3239.8,3251.5,44829050,3576.6,2926.4,4322.95,2866.6,3260.0,675,5,3259.9,15,2,3259.6,1,1,3259.4,10,2,3259.2,129,3,3260.3,177,5,3260.4,11,2,3260.5,12,1,3260.6,12,1,3260.7,38,2
11536,2025-12-30 13:11:23+05:30,3260.0,4,3251.38,1162609,106051.0,124911.0,3250.0,3265.1,3239.8,3251.5,44829050,3576.6,2926.4,4322.95,2866.6,3260.0,643,6,3259.9,15,2,3259.7,9,1,3259.6,37,3,3259.4,10,2,3260.3,179,4,3260.4,11,2,3260.5,12,1,3260.6,32,2,3260.7,23,1
11536,2025-12-30 13:11:23+05:30,3260.0,4,3251.38,1162609,106051.0,124911.0,3250.0,3265.1,3239.8,3251.5,44829050,3576.6,2926.4,4322.95,2866.6,3260.0,643,6,3259.9,15,2,3259.7,9,1,3259.6,37,3,3259.4,10,2,3260.3,179,4,3260.4,11,2,3260.5,12,1,3260.6,32,2,3260.7,23,1
11536,2025-12-30 13:11:24+05:30,3260.0,1,3251.38,1162609,106051.0,124911.0,3250.0,3265.1,3239.8,3251.5,44829050,3576.6,2926.4,4322.95,2866.6,3260.0,643,6,3259.9,15,2,3259.7,9,1,3259.6,37,3,3259.4,10,2,3260.3,179,4,3260.4,11,2,3260.5,12,1,3260.6,32,2,3260.7,23,1
11536,2025-12-30 13:11:24+05:30,3260.0,175,3251.38,1162960,104186.0,126066.0,3250.0,3265.1,3239.8,3251.5,44829050,3576.6,2926.4,4322.95,2866.6,3260.0,292,4,3259.9,15,2,3259.6,37,3,3259.4,10,2,3259.2,37,2,3260.3,226,9,3260.4,15,2,3260.5,23,1,3260.6,61,3,3260.7,18,1
11536,2025-12-30 13:11:24+05:30,3260.0,175,3251.38,1162960,104186.0,126066.0,3250.0,3265.1,3239.8,3251.5,44829050,3576.6,2926.4,4322.95,2866.6,3260.0,292,4,3259.9,15,2,3259.6,37,3,3259.4,10,2,3259.2,37,2,3260.3,226,9,3260.4,15,2,3260.5,23,1,3260.6,61,3,3260.7,18,1
11536,2025-12-30 13:11:25+05:30,3260.3,1,3251.38,1162960,104186.0,126066.0,3250.0,3265.1,3239.8,3251.5,44829050,3576.6,2926.4,4322.95,2866.6,3260.0,292,4,3259.9,15,2,3259.6,37,3,3259.4,10,2,3259.2,37,2,3260.3,226,9,3260.4,15,2,3260.5,23,1,3260.6,61,3,3260.7,18,1
11536,2025-12-30 13:11:25+05:30,3260.0,34,3251.38,1163176,105524.0,125993.0,3250.0,3265.1,3239.8,3251.5,44829050,3576.6,2926.4,4322.95,2866.6,3260.0,106,3,3259.9,15,2,3259.6,37,3,3259.4,10,2,3259.2,37,2,3260.3,270,11,3260.4,1,1,3260.5,38,2,3260.6,42,3,3260.7,54,2
11536,2025-12-30 13:11:25+05:30,3260.0,34,3251.38,1163176,105524.0,125993.0,3250.0,3265.1,3239.8,3251.5,44829050,3576.6,2926.4,4322.95,2866.6,3260.0,106,3,3259.9,15,2,3259.6,37,3,3259.4,10,2,3259.2,37,2,3260.3,270,11,3260.4,1,1,3260.5,38,2,3260.6,42,3,3260.7,54,2
11536,2025-12-30 13:11:26+05:30,3260.0,34,3251.38,1163176,105524.0,125993.0,3250.0,3265.1,3239.8,3251.5,44829050,3576.6,2926.4,4322.95,2866.6,3260.0,106,3,3259.9,15,2,3259.6,37,3,3259.4,10,2,3259.2,37,2,3260.3,270,11,3260.4,1,1,3260.5,38,2,3260.6,42,3,3260.7,54,2
11536,2025-12-30 13:11:26+05:30,3260.0,34,3251.38,1163176,105524.0,125993.0,3250.0,3265.1,3239.8,3251.5,44829050,3576.6,2926.4,4322.95,2866.6,3260.0,106,3,3259.9,15,2,3259.6,37,3,3259.4,10,2,3259.2,37,2,3260.3,270,11,3260.4,1,1,3260.5,38,2,3260.6,42,3,3260.7,54,2
11536,2025-12-30 13:11:26+05:30,3260.0,27,3251.38,1163203,105615.0,125652.0,3250.0,3265.1,3239.8,3251.5,44829050,3576.6,2926.4,4322.95,2866.6,3260.0,33,3,3259.9,15,2,3259.6,37,3,3259.4,10,2,3259.2,37,2,3260.3,259,10,3260.4,1,1,3260.5,35,2,3260.6,13,1,3260.7,36,1
11536,2025-12-30 13:11:27+05:30,3260.0,27,3251.38,1163203,105615.0,125652.0,3250.0,3265.1,3239.8,3251.5,44829050,3576.6,2926.4,4322.95,2866.6,3260.0,33,3,3259.9,15,2,3259.6,37,3,3259.4,10,2,3259.2,37,2,3260.3,259,10,3260.4,1,1,3260.5,35,2,3260.6,13,1,3260.7,36,1
11536,2025-12-30 13:11:27+05:30,3260.0,27,3251.38,1163203,105615.0,125652.0,3250.0,3265.1,3239.8,3251.5,44829050,3576.6,2926.4,4322.95,2866.6,3260.0,33,3,3259.9,15,2,3259.6,37,3,3259.4,10,2,3259.2,37,2,3260.3,259,10,3260.4,1,1,3260.5,35,2,3260.6,13,1,3260.7,36,1
11536,2025-12-30 13:11:27+05:30,3260.0,20,3251.38,1163256,105558.0,126241.0,3250.0,3265.1,3239.8,3251.5,44829050,3576.6,2926.4,4322.95,2866.6,3260.0,40,3,3259.9,15,2,3259.6,37,3,3259.4,10,2,3259.2,21,1,3260.3,254,10,3260.4,13,2,3260.5,50,3,3260.6,13,1,3260.7,36,1
11536,2025-12-30 13:11:28+05:30,3260.0,3,3251.38,1163256,105558.0,126241.0,3250.0,3265.1,3239.8,3251.5,44829050,3576.6,2926.4,4322.95,2866.6,3260.0,40,3,3259.9,15,2,3259.6,37,3,3259.4,10,2,3259.2,21,1,3260.3,254,10,3260.4,13,2,3260.5,50,3,3260.6,13,1,3260.7,36,1
11536,2025-12-30 13:11:28+05:30,3260.0,3,3251.38,1163256,105558.0,126241.0,3250.0,3265.1,3239.8,3251.5,44829050,3576.6,2926.4,4322.95,2866.6,3260.0,40,3,3259.9,15,2,3259.6,37,3,3259.4,10,2,3259.2,21,1,3260.3,254,10,3260.4,13,2,3260.5,50,3,3260.6,13,1,3260.7,36,1
11536,2025-12-30 13:11:28+05:30,3260.1,1,3251.4,1165679,107347.0,122543.0,3250.0,3265.1,3239.8,3251.5,44829050,3576.6,2926.4,4322.95,2866.6,3260.1,37,2,3260.0,75,6,3259.9,71,6,3259.8,314,5,3259.7,284,6,3261.4,164,2,3261.5,79,2,3261.6,216,4,3261.8,242,6,3261.9,58,4
11536,2025-12-30 13:11:28+05:30,3260.1,1,3251.4,1165679,107347.0,122543.0,3250.0,3265.1,3239.8,3251.5,44829050,3576.6,2926.4,4322.95,2866.6,3260.1,37,2,3260.0,75,6,3259.9,71,6,3259.8,314,5,3259.7,284,6,3261.4,164,2,3261.5,79,2,3261.6,216,4,3261.8,242,6,3261.9,58,4
11536,2025-12-30 13:11:29+05:30,3260.1,1,3251.4,1165679,107347.0,122543.0,3250.0,3265.1,3239.8,3251.5,44829050,3576.6,2926.4,4322.95,2866.6,3260.1,37,2,3260.0,75,6,3259.9,71,6,3259.8,314,5,3259.7,284,6,3261.4,164,2,3261.5,79,2,3261.6,216,4,3261.8,242,6,3261.9,58,4
11536,2025-12-30 13:11:29+05:30,3260.1,1,3251.4,1165679,107347.0,122543.0,3250.0,3265.1,3239.8,3251.5,44829050,3576.6,2926.4,4322.95,2866.6,3260.1,37,2,3260.0,75,6,3259.9,71,6,3259.8,314,5,3259.7,284,6,3261.4,164,2,3261.5,79,2,3261.6,216,4,3261.8,242,6,3261.9,58,4
11536,2025-12-30 13:11:29+05:30,3260.1,1,3251.4,1165679,108762.0,122563.0,3250.0,3265.1,3239.8,3251.5,44829050,3576.6,2926.4,4322.95,2866.6,3260.2,280,2,3260.1,168,3,3260.0,75,6,3259.9,163,7,3259.8,233,5,3261.4,184,2,3261.5,79,2,3261.6,180,3,3261.8,242,6,3261.9,58,4
11536,2025-12-30 13:11:30+05:30,3260.1,1,3251.4,1165679,108762.0,122563.0,3250.0,3265.1,3239.8,3251.5,44829050,3576.6,2926.4,4322.95,2866.6,3260.2,280,2,3260.1,168,3,3260.0,75,6,3259.9,163,7,3259.8,233,5,3261.4,184,2,3261.5,79,2,3261.6,180,3,3261.8,242,6,3261.9,58,4
11536,2025-12-30 13:11:30+05:30,3260.4,3,3251.4,1165682,110318.0,122096.0,3250.0,3265.1,3239.8,3251.5,44829050,3576.6,2926.4,4322.95,2866.6,3260.6,25,1,3260.5,19,1,3260.4,33,2,3260.3,315,4,3260.2,487,5,3261.4,38,2,3261.8,3,1,3261.9,36,3,3262.0,80,5,3262.1,45,2
11536,2025-12-30 13:11:31+05:30,3261.4,1,3251.4,1165682,110318.0,122096.0,3250.0,3265.1,3239.8,3251.5,44829050,3576.6,2926.4,4322.95,2866.6,3260.6,25,1,3260.5,19,1,3260.4,33,2,3260.3,315,4,3260.2,487,5,3261.4,38,2,3261.8,3,1,3261.9,36,3,3262.0,80,5,3262.1,45,2
11536,2025-12-30 13:11:31+05:30,3261.4,1,3251.4,1165682,110318.0,122096.0,3250.0,3265.1,3239.8,3251.5,44829050,3576.6,2926.4,4322.95,2866.6,3260.6,25,1,3260.5,19,1,3260.4,33,2,3260.3,315,4,3260.2,487,5,3261.4,38,2,3261.8,3,1,3261.9,36,3,3262.0,80,5,3262.1,45,2
11536,2025-12-30 13:11:32+05:30,3260.5,11,3251.4,1165823,110326.0,121728.0,3250.0,3265.1,3239.8,3251.5,44829050,3576.6,2926.4,4322.95,2866.6,3260.4,12,1,3260.3,106,5,3260.2,398,5,3260.1,19,1,3260.0,82,6,3260.5,5,1,3261.4,1,1,3261.6,10,1,3261.8,21,1,3261.9,97,4
11536,2025-12-30 13:11:32+05:30,3260.5,11,3251.4,1165823,110326.0,121728.0,3250.0,3265.1,3239.8,3251.5,44829050,3576.6,2926.4,4322.95,2866.6,3260.4,12,1,3260.3,106,5,3260.2,398,5,3260.1,19,1,3260.0,82,6,3260.5,5,1,3261.4,1,1,3261.6,10,1,3261.8,21,1,3261.9,97,4
11536,2025-12-30 13:11:33+05:30,3260.5,3,3251.4,1165851,110430.0,121934.0,3250.0,3265.1,3239.8,3251.5,44829050,3576.6,2926.4,4322.95,2866.6,3260.4,12,1,3260.3,85,4,3260.2,310,5,3260.1,132,3,3260.0,81,5,3260.5,21,3,3261.4,1,1,3261.6,22,1,3261.8,34,2,3261.9,97,4
11536,2025-12-30 13:11:33+05:30,3260.5,3,3251.4,1165851,110430.0,121934.0,3250.0,3265.1,3239.8,3251.5,44829050,3576.6,2926.4,4322.95,2866.6,3260.4,12,1,3260.3,85,4,3260.2,310,5,3260.1,132,3,3260.0,81,5,3260.5,21,3,3261.4,1,1,3261.6,22,1,3261.8,34,2,3261.9,97,4
11536,2025-12-30 13:11:33+05:30,3260.5,3,3251.4,1165851,110430.0,121934.0,3250.0,3265.1,3239.8,3251.5,44829050,3576.6,2926.4,4322.95,2866.6,3260.4,12,1,3260.3,85,4,3260.2,310,5,3260.1,132,3,3260.0,81,5,3260.5,21,3,3261.4,1,1,3261.6,22,1,3261.8,34,2,3261.9,97,4
11536,2025-12-30 13:11:34+05:30,3260.7,1,3251.4,1165851,110430.0,121934.0,3250.0,3265.1,3239.8,3251.5,44829050,3576.6,2926.4,4322.95,2866.6,3260.4,12,1,3260.3,85,4,3260.2,310,5,3260.1,132,3,3260.0,81,5,3260.5,21,3,3261.4,1,1,3261.6,22,1,3261.8,34,2,3261.9,97,4
11536,2025-12-30 13:11:34+05:30,3260.7,1,3251.41,1166071,112895.0,122190.0,3250.0,3265.1,3239.8,3251.5,44829050,3576.6,2926.4,4322.95,2866.6,3260.7,39,2,3260.6,15,1,3260.4,184,2,3260.3,168,5,3260.2,492,7,3261.4,4,1,3261.9,102,2,3262.0,80,5,3262.1,18,1,3262.2,51,2
11536,2025-12-30 13:11:34+05:30,3260.7,1,3251.41,1166071,112895.0,122190.0,3250.0,3265.1,3239.8,3251.5,44829050,3576.6,2926.4,4322.95,2866.6,3260.7,39,2,3260.6,15,1,3260.4,184,2,3260.3,168,5,3260.2,492,7,3261.4,4,1,3261.9,102,2,3262.0,80,5,3262.1,18,1,3262.2,51,2
11536,2025-12-30 13:11:35+05:30,3261.4,1,3251.41,1166071,112895.0,122190.0,3250.0,3265.1,3239.8,3251.5,44829050,3576.6,2926.4,4322.95,2866.6,3260.7,39,2,3260.6,15,1,3260.4,184,2,3260.3,168,5,3260.2,492,7,3261.4,4,1,3261.9,102,2,3262.0,80,5,3262.1,18,1,3262.2,51,2
11536,2025-12-30 13:11:35+05:30,3261.4,1,3251.41,1166078,112643.0,122811.0,3250.0,3265.1,3239.8,3251.5,44829050,3576.6,2926.4,4322.95,2866.6,3260.7,41,3,3260.6,15,1,3260.5,57,2,3260.4,3,1,3260.3,228,5,3261.4,3,1,3261.9,122,4,3262.0,255,6,3262.1,18,1,3262.2,119,5
11536,2025-12-30 13:11:36+05:30,3261.4,1,3251.41,1166078,112597.0,123422.0,3250.0,3265.1,3239.8,3251.5,44829050,3576.6,2926.4,4322.95,2866.6,3260.7,3,1,3260.4,3,1,3260.3,228,5,3260.2,285,4,3260.0,252,6,3261.4,34,5,3261.5,21,1,3261.6,10,1,3261.7,86,2,3261.8,73,2
11536,2025-12-30 13:11:36+05:30,3261.4,1,3251.41,1166078,112597.0,123422.0,3250.0,3265.1,3239.8,3251.5,44829050,3576.6,2926.4,4322.95,2866.6,3260.7,3,1,3260.4,3,1,3260.3,228,5,3260.2,285,4,3260.0,252,6,3261.4,34,5,3261.5,21,1,3261.6,10,1,3261.7,86,2,3261.8,73,2
11536,2025-12-30 13:11:37+05:30,3260.7,25,3251.41,1166078,112597.0,123422.0,3250.0,3265.1,3239.8,3251.5,44829050,3576.6,2926.4,4322.95,2866.6,3260.7,3,1,3260.4,3,1,3260.3,228,5,3260.2,285,4,3260.0,252,6,3261.4,34,5,3261.5,21,1,3261.6,10,1,3261.7,86,2,3261.8,73,2
11536,2025-12-30 13:11:37+05:30,3260.7,25,3251.41,1166103,111636.0,123346.0,3250.0,3265.1,3239.8,3251.5,44829050,3576.6,2926.4,4322.95,2866.6,3260.2,320,6,3260.1,39,2,3260.0,63,4,3259.9,15,2,3259.8,118,4,3260.6,3,2,3260.9,1,1,3261.4,15,2,3261.6,183,2,3261.7,77,2
11536,2025-12-30 13:11:37+05:30,3260.7,25,3251.41,1166103,111636.0,123346.0,3250.0,3265.1,3239.8,3251.5,44829050,3576.6,2926.4,4322.95,2866.6,3260.2,320,6,3260.1,39,2,3260.0,63,4,3259.9,15,2,3259.8,118,4,3260.6,3,2,3260.9,1,1,3261.4,15,2,3261.6,183,2,3261.7,77,2
11536,2025-12-30 13:11:38+05:30,3260.6,2,3251.41,1166103,111636.0,123346.0,3250.0,3265.1,3239.8,3251.5,44829050,3576.6,2926.4,4322.95,2866.6,3260.2,320,6,3260.1,39,2,3260.0,63,4,3259.9,15,2,3259.8,118,4,3260.6,3,2,3260.9,1,1,3261.4,15,2,3261.6,183,2,3261.7,77,2
11536,2025-12-30 13:11:38+05:30,3260.2,1,3251.41,1166108,111734.0,123984.0,3250.0,3265.1,3239.8,3251.5,44829050,3576.6,2926.4,4322.95,2866.6,3260.2,284,4,3260.1,226,3,3260.0,46,3,3259.9,33,3,3259.8,32,3,3260.6,2,2,3260.9,1,1,3261.3,15,1,3261.4,14,1,3261.6,228,5
11536,2025-12-30 13:11:39+05:30,3260.2,1,3251.41,1166108,111734.0,123984.0,3250.0,3265.1,3239.8,3251.5,44829050,3576.6,2926.4,4322.95,2866.6,3260.2,284,4,3260.1,226,3,3260.0,46,3,3259.9,33,3,3259.8,32,3,3260.6,2,2,3260.9,1,1,3261.3,15,1,3261.4,14,1,3261.6,228,5
11536,2025-12-30 13:11:39+05:30,3260.2,1,3251.41,1166108,111734.0,123984.0,3250.0,3265.1,3239.8,3251.5,44939125,3576.6,2926.4,4322.95,2866.6,3260.2,284,4,3260.1,226,3,3260.0,46,3,3259.9,33,3,3259.8,32,3,3260.6,2,2,3260.9,1,1,3261.3,15,1,3261.4,14,1,3261.6,228,5
11536,2025-12-30 13:11:39+05:30,3260.2,1,3251.41,1166109,111677.0,122853.0,3250.0,3265.1,3239.8,3251.5,44939125,3576.6,2926.4,4322.95,2866.6,3260.2,283,4,3260.1,226,3,3260.0,46,3,3259.9,33,3,3259.8,32,3,3260.6,16,3,3260.7,5,1,3260.9,1,1,3261.3,190,2,3261.5,61,1
11536,2025-12-30 13:11:40+05:30,3260.2,2,3251.41,1166109,111677.0,122853.0,3250.0,3265.1,3239.8,3251.5,44939125,3576.6,2926.4,4322.95,2866.6,3260.2,283,4,3260.1,226,3,3260.0,46,3,3259.9,33,3,3259.8,32,3,3260.6,16,3,3260.7,5,1,3260.9,1,1,3261.3,190,2,3261.5,61,1
11536,2025-12-30 13:11:40+05:30,3260.2,2,3251.41,1166113,111513.0,122852.0,3250.0,3265.1,3239.8,3251.5,44939125,3576.6,2926.4,4322.95,2866.6,3260.2,279,4,3260.1,226,3,3260.0,46,3,3259.9,48,4,3259.8,32,3,3260.6,15,2,3260.7,5,1,3260.9,1,1,3261.3,190,2,3261.5,61,1
11536,2025-12-30 13:11:41+05:30,3260.2,1,3251.41,1166113,111513.0,122852.0,3250.0,3265.1,3239.8,3251.5,44939125,3576.6,2926.4,4322.95,2866.6,3260.2,279,4,3260.1,226,3,3260.0,46,3,3259.9,48,4,3259.8,32,3,3260.6,15,2,3260.7,5,1,3260.9,1,1,3261.3,190,2,3261.5,61,1
11536,2025-12-30 13:11:41+05:30,3260.2,1,3251.41,1166115,110352.0,124941.0,3250.0,3265.1,3239.8,3251.5,44939125,3576.6,2926.4,4322.95,2866.6,3260.2,295,5,3260.1,180,1,3260.0,25,3,3259.9,83,5,3259.8,36,2,3260.6,15,2,3260.7,5,1,3260.9,1,1,3261.0,200,1,3261.2,175,1
11536,2025-12-30 13:11:41+05:30,3260.2,1,3251.41,1166115,110352.0,124941.0,3250.0,3265.1,3239.8,3251.5,44939125,3576.6,2926.4,4322.95,2866.6,3260.2,295,5,3260.1,180,1,3260.0,25,3,3259.9,83,5,3259.8,36,2,3260.6,15,2,3260.7,5,1,3260.9,1,1,3261.0,200,1,3261.2,175,1
11536,2025-12-30 13:11:42+05:30,3260.6,1,3251.41,1166116,110468.0,125116.0,3250.0,3265.1,3239.8,3251.5,44939125,3576.6,2926.4,4322.95,2866.6,3260.2,277,4,3260.1,180,1,3260.0,25,3,3259.9,56,4,3259.8,20,1,3260.6,14,2,3260.7,5,1,3260.9,1,1,3261.0,200,1,3261.2,175,1
11536,2025-12-30 13:11:43+05:30,3260.2,1,3251.41,1166116,110468.0,125116.0,3250.0,3265.1,3239.8,3251.5,44939125,3576.6,2926.4,4322.95,2866.6,3260.2,277,4,3260.1,180,1,3260.0,25,3,3259.9,56,4,3259.8,20,1,3260.6,14,2,3260.7,5,1,3260.9,1,1,3261.0,200,1,3261.2,175,1
11536,2025-12-30 13:11:43+05:30,3260.2,1,3251.41,1166248,110670.0,124384.0,3250.0,3265.1,3239.8,3251.5,44939125,3576.6,2926.4,4322.95,2866.6,3260.2,276,4,3260.1,180,1,3260.0,25,3,3259.9,88,5,3259.8,115,3,3261.0,91,2,3261.2,175,1,3261.4,50,2,3261.5,13,2,3261.6,57,3
11536,2025-12-30 13:11:44+05:30,3260.2,1,3251.41,1166248,110670.0,123159.0,3250.0,3265.1,3239.8,3251.5,44939125,3576.6,2926.4,4322.95,2866.6,3260.2,276,4,3260.1,180,1,3260.0,25,3,3259.9,88,5,3259.8,115,3,3261.0,91,2,3261.2,175,1,3261.4,50,2,3261.5,13,2,3261.6,57,3
11536,2025-12-30 13:11:45+05:30,3261.0,1,3251.41,1166248,110670.0,123159.0,3250.0,3265.1,3239.8,3251.5,44939125,3576.6,2926.4,4322.95,2866.6,3260.2,276,4,3260.1,180,1,3260.0,25,3,3259.9,88,5,3259.8,115,3,3261.0,91,2,3261.2,175,1,3261.4,50,2,3261.5,13,2,3261.6,57,3
11536,2025-12-30 13:11:45+05:30,3260.2,55,3251.41,1166309,110366.0,124536.0,3250.0,3265.1,3239.8,3251.5,44939125,3576.6,2926.4,4322.95,2866.6,3260.2,277,7,3260.1,217,3,3260.0,60,5,3259.9,66,4,3259.8,111,3,3261.0,86,3,3261.4,11,1,3261.5,175,1,3261.6,40,2,3261.7,148,1
11536,2025-12-30 13:11:46+05:30,3261.0,1,3251.41,1166309,110366.0,124536.0,3250.0,3265.1,3239.8,3251.5,44939125,3576.6,2926.4,4322.95,2866.6,3260.2,277,7,3260.1,217,3,3260.0,60,5,3259.9,66,4,3259.8,111,3,3261.0,86,3,3261.4,11,1,3261.5,175,1,3261.6,40,2,3261.7,148,1
11536,2025-12-30 13:11:46+05:30,3260.2,20,3251.41,1166332,110768.0,125713.0,3250.0,3265.1,3239.8,3251.5,44939125,3576.6,2926.4,4322.95,2866.6,3260.2,238,6,3260.1,223,4,3260.0,42,4,3259.9,66,4,3259.8,134,4,3261.0,83,3,3261.3,23,1,3261.5,175,1,3261.6,40,2,3261.7,148,1
11536,2025-12-30 13:11:47+05:30,3260.2,20,3251.41,1166332,110768.0,125713.0,3250.0,3265.1,3239.8,3251.5,44939125,3576.6,2926.4,4322.95,2866.6,3260.2,238,6,3260.1,223,4,3260.0,42,4,3259.9,66,4,3259.8,134,4,3261.0,83,3,3261.3,23,1,3261.5,175,1,3261.6,40,2,3261.7,148,1
11536,2025-12-30 13:11:47+05:30,3260.2,20,3251.41,1166332,110613.0,125716.0,3250.0,3265.1,3239.8,3251.5,44939125,3576.6,2926.4,4322.95,2866.6,3260.2,256,7,3260.1,207,4,3260.0,60,5,3259.9,66,4,3259.8,134,4,3261.0,84,4,3261.3,23,1,3261.5,175,1,3261.6,40,2,3261.7,148,1
11536,2025-12-30 13:11:48+05:30,3261.0,1,3251.41,1166332,110613.0,125716.0,3250.0,3265.1,3239.8,3251.5,44939125,3576.6,2926.4,4322.95,2866.6,3260.2,256,7,3260.1,207,4,3260.0,60,5,3259.9,66,4,3259.8,134,4,3261.0,84,4,3261.3,23,1,3261.5,175,1,3261.6,40,2,3261.7,148,1
11536,2025-12-30 13:11:48+05:30,3260.2,8,3251.41,1166342,110605.0,125743.0,3250.0,3265.1,3239.8,3251.5,44939125,3576.6,2926.4,4322.95,2866.6,3260.2,248,8,3260.1,207,4,3260.0,60,5,3259.9,66,4,3259.8,134,4,3261.0,111,3,3261.3,23,1,3261.5,175,1,3261.6,40,2,3261.7,148,1
11536,2025-12-30 13:11:49+05:30,3260.2,1,3251.41,1166342,110605.0,125743.0,3250.0,3265.1,3239.8,3251.5,44939125,3576.6,2926.4,4322.95,2866.6,3260.2,248,8,3260.1,207,4,3260.0,60,5,3259.9,66,4,3259.8,134,4,3261.0,111,3,3261.3,23,1,3261.5,175,1,3261.6,40,2,3261.7,148,1
11536,2025-12-30 13:11:49+05:30,3260.2,4,3251.41,1166350,110790.0,125890.0,3250.0,3265.1,3239.8,3251.5,44939125,3576.6,2926.4,4322.95,2866.6,3260.2,223,7,3260.1,207,4,3260.0,42,4,3259.9,66,4,3259.8,154,5,3261.0,112,4,3261.3,23,1,3261.5,197,3,3261.6,40,2,3261.7,148,1
11536,2025-12-30 13:11:50+05:30,3260.2,4,3251.41,1166350,110790.0,125890.0,3250.0,3265.1,3239.8,3251.5,44939125,3576.6,2926.4,4322.95,2866.6,3260.2,223,7,3260.1,207,4,3260.0,42,4,3259.9,66,4,3259.8,154,5,3261.0,112,4,3261.3,23,1,3261.5,197,3,3261.6,40,2,3261.7,148,1
11536,2025-12-30 13:11:50+05:30,3260.2,4,3251.41,1166350,110627.0,125988.0,3250.0,3265.1,3239.8,3251.5,44939125,3576.6,2926.4,4322.95,2866.6,3260.2,223,7,3260.1,207,4,3260.0,42,4,3259.9,66,4,3259.8,154,5,3261.0,112,4,3261.3,23,1,3261.5,197,3,3261.6,40,2,3261.7,148,1
11536,2025-12-30 13:11:51+05:30,3260.2,1,3251.41,1166355,110818.0,125960.0,3250.0,3265.1,3239.8,3251.5,44939125,3576.6,2926.4,4322.95,2866.6,3260.2,271,8,3260.1,193,3,3260.0,68,5,3259.9,47,3,3259.8,131,4,3261.0,108,3,3261.3,23,1,3261.5,197,3,3261.6,40,2,3261.7,148,1
11536,2025-12-30 13:11:52+05:30,3260.2,1,3251.41,1166355,110818.0,125960.0,3250.0,3265.1,3239.8,3251.5,44939125,3576.6,2926.4,4322.95,2866.6,3260.2,271,8,3260.1,193,3,3260.0,68,5,3259.9,47,3,3259.8,131,4,3261.0,108,3,3261.3,23,1,3261.5,197,3,3261.6,40,2,3261.7,148,1
11536,2025-12-30 13:11:52+05:30,3261.0,3,3251.41,1166359,110822.0,125980.0,3250.0,3265.1,3239.8,3251.5,44939125,3576.6,2926.4,4322.95,2866.6,3260.2,269,7,3260.1,193,3,3260.0,25,3,3259.9,47,3,3259.8,23,2,3261.0,105,3,3261.3,23,1,3261.4,186,2,3261.5,11,1,3261.6,57,3
11536,2025-12-30 13:11:53+05:30,3261.0,3,3251.41,1166359,110822.0,125980.0,3250.0,3265.1,3239.8,3251.5,44939125,3576.6,2926.4,4322.95,2866.6,3260.2,269,7,3260.1,193,3,3260.0,25,3,3259.9,47,3,3259.8,23,2,3261.0,105,3,3261.3,23,1,3261.4,186,2,3261.5,11,1,3261.6,57,3
11536,2025-12-30 13:11:53+05:30,3261.0,1,3251.41,1166360,110770.0,125851.0,3250.0,3265.1,3239.8,3251.5,44939125,3576.6,2926.4,4322.95,2866.6,3260.2,242,6,3260.1,193,3,3260.0,25,3,3259.9,47,3,3259.8,23,2,3261.0,105,4,3261.1,25,1,3261.2,10,1,3261.3,44,2,3261.4,189,2
11536,2025-12-30 13:11:54+05:30,3261.0,1,3251.41,1166360,110770.0,125851.0,3250.0,3265.1,3239.8,3251.5,44939125,3576.6,2926.4,4322.95,2866.6,3260.2,242,6,3260.1,193,3,3260.0,25,3,3259.9,47,3,3259.8,23,2,3261.0,105,4,3261.1,25,1,3261.2,10,1,3261.3,44,2,3261.4,189,2
11536,2025-12-30 13:11:54+05:30,3261.0,5,3251.41,1166366,110770.0,126017.0,3250.0,3265.1,3239.8,3251.5,44939125,3576.6,2926.4,4322.95,2866.6,3260.2,241,6,3260.1,193,3,3260.0,25,3,3259.9,15,2,3259.8,23,2,3261.0,99,3,3261.1,30,1,3261.2,10,1,3261.3,25,1,3261.4,206,3
11536,2025-12-30 13:11:55+05:30,3261.0,1,3251.41,1166366,110770.0,126017.0,3250.0,3265.1,3239.8,3251.5,44939125,3576.6,2926.4,4322.95,2866.6,3260.2,241,6,3260.1,193,3,3260.0,25,3,3259.9,15,2,3259.8,23,2,3261.0,99,3,3261.1,30,1,3261.2,10,1,3261.3,25,1,3261.4,206,3
11536,2025-12-30 13:11:55+05:30,3261.0,1,3251.41,1166367,110843.0,125385.0,3250.0,3265.1,3239.8,3251.5,44939125,3576.6,2926.4,4322.95,2866.6,3260.2,229,5,3260.1,193,3,3260.0,25,3,3259.9,45,3,3259.8,23,2,3261.0,99,4,3261.4,217,3,3261.5,36,1,3261.6,57,3,3261.7,165,2
11536,2025-12-30 13:11:56+05:30,3260.2,1,3251.41,1166367,110843.0,125385.0,3250.0,3265.1,3239.8,3251.5,44939125,3576.6,2926.4,4322.95,2866.6,3260.2,229,5,3260.1,193,3,3260.0,25,3,3259.9,45,3,3259.8,23,2,3261.0,99,4,3261.4,217,3,3261.5,36,1,3261.6,57,3,3261.7,165,2
11536,2025-12-30 13:11:56+05:30,3260.2,1,3251.41,1166368,110846.0,125391.0,3250.0,3265.1,3239.8,3251.5,44939125,3576.6,2926.4,4322.95,2866.6,3260.2,228,5,3260.1,193,3,3260.0,25,3,3259.9,45,3,3259.8,39,3,3261.0,98,3,3261.4,227,4,3261.5,36,1,3261.6,71,4,3261.7,148,1
11536,2025-12-30 13:11:57+05:30,3260.2,2,3251.41,1166371,110856.0,125489.0,3250.0,3265.1,3239.8,3251.5,44939125,3576.6,2926.4,4322.95,2866.6,3260.2,241,7,3260.1,193,3,3260.0,55,4,3259.9,15,2,3259.8,39,3,3261.0,98,3,3261.4,227,4,3261.5,36,1,3261.6,71,4,3261.7,148,1
11536,2025-12-30 13:11:58+05:30,3260.2,2,3251.41,1166371,110856.0,125489.0,3250.0,3265.1,3239.8,3251.5,44939125,3576.6,2926.4,4322.95,2866.6,3260.2,241,7,3260.1,193,3,3260.0,55,4,3259.9,15,2,3259.8,39,3,3261.0,98,3,3261.4,227,4,3261.5,36,1,3261.6,71,4,3261.7,148,1
11536,2025-12-30 13:11:59+05:30,3260.2,2,3251.41,1166374,110860.0,125521.0,3250.0,3265.1,3239.8,3251.5,44939125,3576.6,2926.4,4322.95,2866.6,3260.2,238,7,3260.1,193,3,3260.0,73,5,3259.9,15,2,3259.8,39,3,3261.0,98,3,3261.3,25,1,3261.4,232,4,3261.5,36,1,3261.6,71,4
11536,2025-12-30 13:12:00+05:30,3260.2,15,3251.41,1166389,110873.0,125529.0,3250.0,3265.1,3239.8,3251.5,44939125,3576.6,2926.4,4322.95,2866.6,3260.2,223,7,3260.1,193,3,3260.0,55,4,3259.9,15,2,3259.8,23,2,3261.0,98,3,3261.3,25,1,3261.4,232,4,3261.5,36,1,3261.6,71,4
11536,2025-12-30 13:12:00+05:30,3261.0,1,3251.41,1166389,110873.0,125529.0,3250.0,3265.1,3239.8,3251.5,44939125,3576.6,2926.4,4322.95,2866.6,3260.2,223,7,3260.1,193,3,3260.0,55,4,3259.9,15,2,3259.8,23,2,3261.0,98,3,3261.3,25,1,3261.4,232,4,3261.5,36,1,3261.6,71,4
11536,2025-12-30 13:12:01+05:30,3261.0,1,3251.41,1166391,110832.0,125387.0,3250.0,3265.1,3239.8,3251.5,44939125,3576.6,2926.4,4322.95,2866.6,3260.2,223,7,3260.1,193,3,3260.0,25,3,3259.9,15,2,3259.8,23,2,3261.0,111,5,3261.1,25,1,3261.2,31,1,3261.4,202,3,3261.5,44,2
11536,2025-12-30 13:12:01+05:30,3261.0,1,3251.41,1166391,110832.0,125387.0,3250.0,3265.1,3239.8,3251.5,44939125,3576.6,2926.4,4322.95,2866.6,3260.2,223,7,3260.1,193,3,3260.0,25,3,3259.9,15,2,3259.8,23,2,3261.0,111,5,3261.1,25,1,3261.2,31,1,3261.4,202,3,3261.5,44,2
11536,2025-12-30 13:12:01+05:30,3261.0,13,3251.41,1166501,111003.0,125415.0,3250.0,3265.1,3239.8,3251.5,44939125,3576.6,2926.4,4322.95,2866.6,3260.2,286,8,3260.1,70,3,3260.0,56,4,3259.9,190,3,3259.8,115,3,3261.0,203,4,3261.4,211,3,3261.5,53,2,3261.6,54,3,3261.8,80,4
11536,2025-12-30 13:12:02+05:30,3261.0,13,3251.41,1166501,111003.0,125415.0,3250.0,3265.1,3239.8,3251.5,44939125,3576.6,2926.4,4322.95,2866.6,3260.2,286,8,3260.1,70,3,3260.0,56,4,3259.9,190,3,3259.8,115,3,3261.0,203,4,3261.4,211,3,3261.5,53,2,3261.6,54,3,3261.8,80,4
11536,2025-12-30 13:12:02+05:30,3261.0,1,3251.41,1166505,111027.0,125414.0,3250.0,3265.1,3239.8,3251.5,44939125,3576.6,2926.4,4322.95,2866.6,3260.2,284,7,3260.1,70,3,3260.0,56,4,3259.9,15,2,3259.8,39,3,3261.0,202,3,3261.4,211,3,3261.5,53,2,3261.6,54,3,3261.8,80,4
11536,2025-12-30 13:12:03+05:30,3260.2,1,3251.41,1166505,111027.0,125414.0,3250.0,3265.1,3239.8,3251.5,44939125,3576.6,2926.4,4322.95,2866.6,3260.2,284,7,3260.1,70,3,3260.0,56,4,3259.9,15,2,3259.8,39,3,3261.0,202,3,3261.4,211,3,3261.5,53,2,3261.6,54,3,3261.8,80,4
11536,2025-12-30 13:12:03+05:30,3260.2,1,3251.41,1166506,111150.0,125648.0,3250.0,3265.1,3239.8,3251.5,44939125,3576.6,2926.4,4322.95,2866.6,3260.2,301,8,3260.1,127,5,3260.0,43,4,3259.9,15,2,3259.8,134,5,3261.0,202,3,3261.5,211,2,3261.6,40,2,3261.7,26,1,3261.8,80,4
11536,2025-12-30 13:12:04+05:30,3261.0,2,3251.41,1166556,111161.0,125583.0,3250.0,3265.1,3239.8,3251.5,44939125,3576.6,2926.4,4322.95,2866.6,3260.2,301,8,3260.1,127,5,3260.0,43,4,3259.9,49,3,3259.8,134,5,3261.0,152,3,3261.5,211,2,3261.6,40,2,3261.7,40,2,3261.8,80,4
11536,2025-12-30 13:12:05+05:30,3261.0,1,3251.41,1166556,111161.0,125583.0,3250.0,3265.1,3239.8,3251.5,44939125,3576.6,2926.4,4322.95,2866.6,3260.2,301,8,3260.1,127,5,3260.0,43,4,3259.9,49,3,3259.8,134,5,3261.0,152,3,3261.5,211,2,3261.6,40,2,3261.7,40,2,3261.8,80,4
11536,2025-12-30 13:12:05+05:30,3260.2,3,3251.41,1167093,109539.0,127326.0,3250.0,3265.1,3239.8,3251.5,44939125,3576.6,2926.4,4322.95,2866.6,3260.2,110,4,3260.1,70,3,3260.0,25,3,3259.9,15,2,3259.8,3,1,3260.9,66,3,3261.0,150,3,3261.2,14,1,3261.3,65,3,3261.4,243,5
11536,2025-12-30 13:12:06+05:30,3260.2,3,3251.41,1167093,109539.0,127326.0,3250.0,3265.1,3239.8,3251.5,44939125,3576.6,2926.4,4322.95,2866.6,3260.2,110,4,3260.1,70,3,3260.0,25,3,3259.9,15,2,3259.8,3,1,3260.9,66,3,3261.0,150,3,3261.2,14,1,3261.3,65,3,3261.4,243,5
11536,2025-12-30 13:12:06+05:30,3260.9,12,3251.41,1167144,109545.0,127299.0,3250.0,3265.1,3239.8,3251.5,44939125,3576.6,2926.4,4322.95,2866.6,3260.2,106,4,3260.1,70,3,3260.0,25,3,3259.9,15,2,3259.6,57,4,3260.9,55,4,3261.0,159,3,3261.2,84,4,3261.3,240,4,3261.4,70,5
11536,2025-12-30 13:12:07+05:30,3260.9,12,3251.41,1167144,109545.0,127299.0,3250.0,3265.1,3239.8,3251.5,44939125,3576.6,2926.4,4322.95,2866.6,3260.2,106,4,3260.1,70,3,3260.0,25,3,3259.9,15,2,3259.6,57,4,3260.9,55,4,3261.0,159,3,3261.2,84,4,3261.3,240,4,3261.4,70,5
11536,2025-12-30 13:12:08+05:30,3260.2,7,3251.41,1167155,109702.0,127518.0,3250.0,3265.1,3239.8,3251.5,44939125,3576.6,2926.4,4322.95,2866.6,3260.2,99,4,3260.1,70,3,3260.0,25,3,3259.9,15,2,3259.6,57,4,3260.9,69,6,3261.0,148,1,3261.1,29,1,3261.2,84,4,3261.3,50,2
11536,2025-12-30 13:12:08+05:30,3260.2,7,3251.41,1167155,109702.0,127518.0,3250.0,3265.1,3239.8,3251.5,44939125,3576.6,2926.4,4322.95,2866.6,3260.2,99,4,3260.1,70,3,3260.0,25,3,3259.9,15,2,3259.6,57,4,3260.9,69,6,3261.0,148,1,3261.1,29,1,3261.2,84,4,3261.3,50,2
11536,2025-12-30 13:12:09+05:30,3260.2,38,3251.41,1167155,109702.0,127518.0,3250.0,3265.1,3239.8,3251.5,44939125,3576.6,2926.4,4322.95,2866.6,3260.2,99,4,3260.1,70,3,3260.0,25,3,3259.9,15,2,3259.6,57,4,3260.9,69,6,3261.0,148,1,3261.1,29,1,3261.2,84,4,3261.3,50,2
11536,2025-12-30 13:12:09+05:30,3260.2,38,3251.42,1167238,109665.0,127297.0,3250.0,3265.1,3239.8,3251.5,44939125,3576.6,2926.4,4322.95,2866.6,3260.2,33,3,3260.1,70,3,3260.0,28,4,3259.9,15,2,3259.6,57,4,3260.9,43,6,3261.0,184,2,3261.1,40,2,3261.2,75,4,3261.3,50,2
11536,2025-12-30 13:12:10+05:30,3260.2,7,3251.42,1167483,108743.0,126843.0,3250.0,3265.1,3239.8,3251.5,44939125,3576.6,2926.4,4322.95,2866.6,3260.2,5,1,3260.1,6,3,3260.0,28,4,3259.9,15,2,3259.6,37,3,3260.7,30,2,3260.8,63,4,3260.9,133,9,3261.0,257,7,3261.1,87,4
11536,2025-12-30 13:12:10+05:30,3260.2,7,3251.42,1167483,108743.0,126843.0,3250.0,3265.1,3239.8,3251.5,44939125,3576.6,2926.4,4322.95,2866.6,3260.2,5,1,3260.1,6,3,3260.0,28,4,3259.9,15,2,3259.6,37,3,3260.7,30,2,3260.8,63,4,3260.9,133,9,3261.0,257,7,3261.1,87,4
11536,2025-12-30 13:12:11+05:30,3260.2,2,3251.42,1167483,108743.0,126843.0,3250.0,3265.1,3239.8,3251.5,44939125,3576.6,2926.4,4322.95,2866.6,3260.2,5,1,3260.1,6,3,3260.0,28,4,3259.9,15,2,3259.6,37,3,3260.7,30,2,3260.8,63,4,3260.9,133,9,3261.0,257,7,3261.1,87,4
11536,2025-12-30 13:12:11+05:30,3260.2,2,3251.42,1167485,109004.0,128399.0,3250.0,3265.1,3239.8,3251.5,44939125,3576.6,2926.4,4322.95,2866.6,3260.2,3,1,3260.1,69,4,3260.0,28,4,3259.9,15,2,3259.6,37,3,3260.6,26,1,3260.7,25,5,3260.8,84,4,3260.9,90,6,3261.0,272,8
11536,2025-12-30 13:12:12+05:30,3260.6,1,3251.42,1167485,109004.0,128399.0,3250.0,3265.1,3239.8,3251.5,44939125,3576.6,2926.4,4322.95,2866.6,3260.2,3,1,3260.1,69,4,3260.0,28,4,3259.9,15,2,3259.6,37,3,3260.6,26,1,3260.7,25,5,3260.8,84,4,3260.9,90,6,3261.0,272,8
11536,2025-12-30 13:12:12+05:30,3260.2,8,3251.42,1167498,109404.0,127858.0,3250.0,3265.1,3239.8,3251.5,44939125,3576.6,2926.4,4322.95,2866.6,3260.2,54,2,3260.1,69,4,3260.0,28,4,3259.9,15,2,3259.6,37,3,3260.7,6,3,3260.8,29,2,3260.9,18,1,3261.0,224,4,3261.1,41,2
11536,2025-12-30 13:12:13+05:30,3260.2,1,3251.42,1167498,109404.0,127858.0,3250.0,3265.1,3239.8,3251.5,44939125,3576.6,2926.4,4322.95,2866.6,3260.2,54,2,3260.1,69,4,3260.0,28,4,3259.9,15,2,3259.6,37,3,3260.7,6,3,3260.8,29,2,3260.9,18,1,3261.0,224,4,3261.1,41,2
11536,2025-12-30 13:12:13+05:30,3260.2,1,3251.42,1167537,109437.0,127536.0,3250.0,3265.1,3239.8,3251.5,44939125,3576.6,2926.4,4322.95,2866.6,3260.2,17,2,3260.1,69,4,3260.0,29,5,3259.9,15,2,3259.6,55,4,3260.7,2,2,3260.8,55,3,3260.9,18,1,3261.0,224,4,3261.1,72,3
11536,2025-12-30 13:12:14+05:30,3260.2,94,3251.42,1167537,109437.0,127536.0,3250.0,3265.1,3239.8,3251.5,44939125,3576.6,2926.4,4322.95,2866.6,3260.2,17,2,3260.1,69,4,3260.0,29,5,3259.9,15,2,3259.6,55,4,3260.7,2,2,3260.8,55,3,3260.9,18,1,3261.0,224,4,3261.1,72,3
11536,2025-12-30 13:12:14+05:30,3260.2,94,3251.42,1167637,108631.0,129134.0,3250.0,3265.1,3239.8,3251.5,44939125,3576.6,2926.4,4322.95,2866.6,3260.1,69,4,3260.0,29,5,3259.9,15,2,3259.6,37,3,3259.4,10,2,3260.2,79,3,3260.4,14,2,3260.6,26,1,3260.7,40,4,3260.8,99,5
11536,2025-12-30 13:12:15+05:30,3260.7,1,3251.42,1167732,108743.0,128040.0,3250.0,3265.1,3239.8,3251.5,44939125,3576.6,2926.4,4322.95,2866.6,3260.1,15,3,3260.0,29,5,3259.9,15,2,3259.6,37,3,3259.4,10,2,3260.7,59,7,3260.9,26,1,3261.0,422,6,3261.1,12,1,3261.2,115,5
11536,2025-12-30 13:12:15+05:30,3260.7,1,3251.42,1167732,108743.0,128040.0,3250.0,3265.1,3239.8,3251.5,44939125,3576.6,2926.4,4322.95,2866.6,3260.1,15,3,3260.0,29,5,3259.9,15,2,3259.6,37,3,3259.4,10,2,3260.7,59,7,3260.9,26,1,3261.0,422,6,3261.1,12,1,3261.2,115,5
11536,2025-12-30 13:12:16+05:30,3260.7,1,3251.42,1167736,109499.0,124914.0,3250.0,3265.1,3239.8,3251.5,44939125,3576.6,2926.4,4322.95,2866.6,3260.1,15,3,3260.0,29,5,3259.9,15,2,3259.6,37,3,3259.4,46,3,3260.7,32,4,3260.8,10,1,3261.0,198,3,3261.1,27,2,3261.2,122,5
11536,2025-12-30 13:12:16+05:30,3260.1,3,3251.42,1167736,109499.0,124914.0,3250.0,3265.1,3239.8,3251.5,44939125,3576.6,2926.4,4322.95,2866.6,3260.1,15,3,3260.0,29,5,3259.9,15,2,3259.6,37,3,3259.4,46,3,3260.7,32,4,3260.8,10,1,3261.0,198,3,3261.1,27,2,3261.2,122,5
11536,2025-12-30 13:12:17+05:30,3260.7,1,3251.42,1167736,109499.0,124914.0,3250.0,3265.1,3239.8,3251.5,44939125,3576.6,2926.4,4322.95,2866.6,3260.1,15,3,3260.0,29,5,3259.9,15,2,3259.6,37,3,3259.4,46,3,3260.7,32,4,3260.8,10,1,3261.0,198,3,3261.1,27,2,3261.2,122,5
11536,2025-12-30 13:12:17+05:30,3260.7,1,3251.42,1167742,109759.0,127412.0,3250.0,3265.1,3239.8,3251.5,44939125,3576.6,2926.4,4322.95,2866.6,3260.1,12,3,3260.0,29,5,3259.9,15,2,3259.6,68,5,3259.5,159,1,3260.7,27,1,3261.0,148,1,3261.1,26,1,3261.2,96,4,3261.3,22,1
11536,2025-12-30 13:12:18+05:30,3260.7,3,3251.42,1167742,109759.0,127412.0,3250.0,3265.1,3239.8,3251.5,44939125,3576.6,2926.4,4322.95,2866.6,3260.1,12,3,3260.0,29,5,3259.9,15,2,3259.6,68,5,3259.5,159,1,3260.7,27,1,3261.0,148,1,3261.1,26,1,3261.2,96,4,3261.3,22,1
11536,2025-12-30 13:12:18+05:30,3260.7,3,3251.42,1167746,109826.0,127646.0,3250.0,3265.1,3239.8,3251.5,44939125,3576.6,2926.4,4322.95,2866.6,3260.1,12,3,3260.0,29,5,3259.9,15,2,3259.6,52,4,3259.5,173,1,3260.7,23,1,3261.0,36,2,3261.1,177,2,3261.2,96,4,3261.3,197,2
11536,2025-12-30 13:12:19+05:30,3260.7,3,3251.42,1167746,110116.0,127120.0,3250.0,3265.1,3239.8,3251.5,44939125,3576.6,2926.4,4322.95,2866.6,3260.1,12,3,3260.0,29,5,3259.9,15,2,3259.8,26,1,3259.7,31,1,3260.7,23,1,3261.1,149,1,3261.2,79,4,3261.3,213,3,3261.4,108,5
11536,2025-12-30 13:12:20+05:30,3260.1,1,3251.42,1167747,110312.0,125814.0,3250.0,3265.1,3239.8,3251.5,44939125,3576.6,2926.4,4322.95,2866.6,3260.1,11,3,3260.0,29,5,3259.9,15,2,3259.8,57,2,3259.6,37,3,3260.7,23,1,3260.9,1,1,3261.0,1,1,3261.1,41,2,3261.2,215,3
11536,2025-12-30 13:12:20+05:30,3260.1,1,3251.42,1167747,110312.0,125814.0,3250.0,3265.1,3239.8,3251.5,44939125,3576.6,2926.4,4322.95,2866.6,3260.1,11,3,3260.0,29,5,3259.9,15,2,3259.8,57,2,3259.6,37,3,3260.7,23,1,3260.9,1,1,3261.0,1,1,3261.1,41,2,3261.2,215,3
11536,2025-12-30 13:12:21+05:30,3260.7,2,3251.42,1167749,110265.0,127067.0,3250.0,3265.1,3239.8,3251.5,44939125,3576.6,2926.4,4322.95,2866.6,3260.1,11,3,3260.0,29,5,3259.9,15,2,3259.8,57,2,3259.6,37,3,3260.7,21,1,3260.9,21,3,3261.0,1,1,3261.1,26,1,3261.2,232,4
11536,2025-12-30 13:12:21+05:30,3260.7,2,3251.42,1167749,110265.0,127067.0,3250.0,3265.1,3239.8,3251.5,44939125,3576.6,2926.4,4322.95,2866.6,3260.1,11,3,3260.0,29,5,3259.9,15,2,3259.8,57,2,3259.6,37,3,3260.7,21,1,3260.9,21,3,3261.0,1,1,3261.1,26,1,3261.2,232,4
11536,2025-12-30 13:12:22+05:30,3260.1,1,3251.42,1167750,111957.0,124458.0,3250.0,3265.1,3239.8,3251.5,44939125,3576.6,2926.4,4322.95,2866.6,3260.2,5,1,3260.1,94,6,3260.0,93,8,3259.9,27,3,3259.8,15,1,3260.7,22,2,3260.9,1,1,3261.0,1,1,3261.2,175,1,3261.5,1,1
11536,2025-12-30 13:12:22+05:30,3260.1,1,3251.42,1167750,111957.0,124458.0,3250.0,3265.1,3239.8,3251.5,44939125,3576.6,2926.4,4322.95,2866.6,3260.2,5,1,3260.1,94,6,3260.0,93,8,3259.9,27,3,3259.8,15,1,3260.7,22,2,3260.9,1,1,3261.0,1,1,3261.2,175,1,3261.5,1,1
11536,2025-12-30 13:12:23+05:30,3260.1,1,3251.42,1167750,112365.0,125660.0,3250.0,3265.1,3239.8,3251.5,44939125,3576.6,2926.4,4322.95,2866.6,3260.3,70,3,3260.2,78,5,3260.1,69,5,3260.0,87,8,3259.9,119,4,3260.7,22,2,3260.9,1,1,3261.0,1,1,3261.5,176,2,3261.6,21,1
11536,2025-12-30 13:12:23+05:30,3260.7,7,3251.42,1167750,112365.0,125660.0,3250.0,3265.1,3239.8,3251.5,44939125,3576.6,2926.4,4322.95,2866.6,3260.3,70,3,3260.2,78,5,3260.1,69,5,3260.0,87,8,3259.9,119,4,3260.7,22,2,3260.9,1,1,3261.0,1,1,3261.5,176,2,3261.6,21,1
11536,2025-12-30 13:12:24+05:30,3260.7,7,3251.42,1167757,112320.0,125724.0,3250.0,3265.1,3239.8,3251.5,44939125,3576.6,2926.4,4322.95,2866.6,3260.3,85,4,3260.2,41,4,3260.1,69,5,3260.0,87,8,3259.9,119,4,3260.7,16,3,3260.9,1,1,3261.0,1,1,3261.5,176,2,3261.6,21,1
11536,2025-12-30 13:12:24+05:30,3260.3,1,3251.42,1167757,112320.0,125724.0,3250.0,3265.1,3239.8,3251.5,44939125,3576.6,2926.4,4322.95,2866.6,3260.3,85,4,3260.2,41,4,3260.1,69,5,3260.0,87,8,3259.9,119,4,3260.7,16,3,3260.9,1,1,3261.0,1,1,3261.5,176,2,3261.6,21,1
11536,2025-12-30 13:12:25+05:30,3260.7,1,3251.42,1167766,112310.0,125724.0,3250.0,3265.1,3239.8,3251.5,44939125,3576.6,2926.4,4322.95,2866.6,3260.3,66,3,3260.2,59,4,3260.1,85,6,3260.0,71,7,3259.9,140,5,3260.7,25,4,3260.9,1,1,3261.0,1,1,3261.5,176,2,3261.6,21,1
11536,2025-12-30 13:12:25+05:30,3260.7,1,3251.42,1167766,112310.0,125724.0,3250.0,3265.1,3239.8,3251.5,44939125,3576.6,2926.4,4322.95,2866.6,3260.3,66,3,3260.2,59,4,3260.1,85,6,3260.0,71,7,3259.9,140,5,3260.7,25,4,3260.9,1,1,3261.0,1,1,3261.5,176,2,3261.6,21,1
11536,2025-12-30 13:12:26+05:30,3260.3,1,3251.42,1167767,110727.0,126555.0,3250.0,3265.1,3239.8,3251.5,44939125,3576.6,2926.4,4322.95,2866.6,3260.2,5,1,3260.1,54,4,3260.0,54,6,3259.9,15,2,3259.8,48,2,3260.7,34,5,3260.9,1,1,3261.0,12,2,3261.2,15,1,3261.4,172,1
11536,2025-12-30 13:12:26+05:30,3260.3,1,3251.42,1167767,110727.0,126555.0,3250.0,3265.1,3239.8,3251.5,44939125,3576.6,2926.4,4322.95,2866.6,3260.2,5,1,3260.1,54,4,3260.0,54,6,3259.9,15,2,3259.8,48,2,3260.7,34,5,3260.9,1,1,3261.0,12,2,3261.2,15,1,3261.4,172,1
11536,2025-12-30 13:12:27+05:30,3260.7,1,3251.42,1167769,110881.0,126389.0,3250.0,3265.1,3239.8,3251.5,44939125,3576.6,2926.4,4322.95,2866.6,3260.2,4,1,3260.1,79,5,3260.0,29,5,3259.9,75,4,3259.8,110,2,3260.7,23,3,3260.9,1,1,3261.0,1,1,3261.5,191,3,3261.6,75,3
11536,2025-12-30 13:12:27+05:30,3260.7,1,3251.42,1167769,110881.0,126389.0,3250.0,3265.1,3239.8,3251.5,44939125,3576.6,2926.4,4322.95,2866.6,3260.2,4,1,3260.1,79,5,3260.0,29,5,3259.9,75,4,3259.8,110,2,3260.7,23,3,3260.9,1,1,3261.0,1,1,3261.5,191,3,3261.6,75,3
11536,2025-12-30 13:12:28+05:30,3260.2,1,3251.42,1167769,110881.0,126389.0,3250.0,3265.1,3239.8,3251.5,44939125,3576.6,2926.4,4322.95,2866.6,3260.2,4,1,3260.1,79,5,3260.0,29,5,3259.9,75,4,3259.8,110,2,3260.7,23,3,3260.9,1,1,3261.0,1,1,3261.5,191,3,3261.6,75,3
11536,2025-12-30 13:12:28+05:30,3260.2,1,3251.42,1167777,111043.0,125117.0,3250.0,3265.1,3239.8,3251.5,44939125,3576.6,2926.4,4322.95,2866.6,3260.2,83,3,3260.1,99,6,3260.0,63,7,3259.9,137,4,3259.8,33,2,3260.7,20,3,3260.9,1,1,3261.0,1,1,3261.5,176,2,3261.6,39,2
11536,2025-12-30 13:12:29+05:30,3260.2,1,3251.42,1167777,111039.0,126176.0,3250.0,3265.1,3239.8,3251.5,44939125,3576.6,2926.4,4322.95,2866.6,3260.2,70,2,3260.1,99,6,3260.0,63,7,3259.9,137,4,3259.8,33,2,3260.7,21,4,3260.9,1,1,3261.0,1,1,3261.5,176,2,3261.6,39,2
11536,2025-12-30 13:12:30+05:30,3260.2,1,3251.42,1167777,111039.0,126176.0,3250.0,3265.1,3239.8,3251.5,44939125,3576.6,2926.4,4322.95,2866.6,3260.2,70,2,3260.1,99,6,3260.0,63,7,3259.9,137,4,3259.8,33,2,3260.7,21,4,3260.9,1,1,3261.0,1,1,3261.5,176,2,3261.6,39,2
11536,2025-12-30 13:12:30+05:30,3260.2,1,3251.42,1167779,111044.0,125131.0,3250.0,3265.1,3239.8,3251.5,44939125,3576.6,2926.4,4322.95,2866.6,3260.2,68,2,3260.1,99,6,3260.0,63,7,3259.9,45,3,3259.8,125,3,3260.7,21,4,3260.9,1,1,3261.0,1,1,3261.4,177,1,3261.5,176,2
11536,2025-12-30 13:12:31+05:30,3261.4,123,3251.42,1167779,111044.0,125131.0,3250.0,3265.1,3239.8,3251.5,44939125,3576.6,2926.4,4322.95,2866.6,3260.2,68,2,3260.1,99,6,3260.0,63,7,3259.9,45,3,3259.8,125,3,3260.7,21,4,3260.9,1,1,3261.0,1,1,3261.4,177,1,3261.5,176,2
11536,2025-12-30 13:12:31+05:30,3261.5,1,3251.42,1167927,111542.0,125464.0,3250.0,3265.1,3239.8,3251.5,44939125,3576.6,2926.4,4322.95,2866.6,3260.2,58,3,3260.1,69,5,3260.0,179,10,3259.9,82,5,3259.8,317,4,3261.5,239,5,3261.6,18,1,3261.8,134,3,3261.9,75,3,3262.0,132,8
11536,2025-12-30 13:12:32+05:30,3260.7,1,3251.42,1167927,111542.0,125464.0,3250.0,3265.1,3239.8,3251.5,44939125,3576.6,2926.4,4322.95,2866.6,3260.2,58,3,3260.1,69,5,3260.0,179,10,3259.9,82,5,3259.8,317,4,3261.5,239,5,3261.6,18,1,3261.8,134,3,3261.9,75,3,3262.0,132,8
11536,2025-12-30 13:12:32+05:30,3260.7,1,3251.42,1167931,114549.0,120740.0,3250.0,3265.1,3239.8,3251.5,44939125,3576.6,2926.4,4322.95,2866.6,3260.9,53,2,3260.8,38,3,3260.7,107,2,3260.6,25,2,3260.5,130,4,3261.5,2,2,3261.9,1,1,3262.0,27,2,3262.4,142,2,3262.5,174,1
11536,2025-12-30 13:12:33+05:30,3260.7,1,3251.42,1167931,114549.0,120740.0,3250.0,3265.1,3239.8,3251.5,44939125,3576.6,2926.4,4322.95,2866.6,3260.9,53,2,3260.8,38,3,3260.7,107,2,3260.6,25,2,3260.5,130,4,3261.5,2,2,3261.9,1,1,3262.0,27,2,3262.4,142,2,3262.5,174,1
11536,2025-12-30 13:12:33+05:30,3260.7,1,3251.42,1167931,114600.0,123574.0,3250.0,3265.1,3239.8,3251.5,44939125,3576.6,2926.4,4322.95,2866.6,3260.9,100,3,3260.8,40,2,3260.7,9,1,3260.5,218,5,3260.4,224,6,3261.5,2,2,3261.9,11,2,3262.0,27,2,3262.1,15,1,3262.2,15,1
11536,2025-12-30 13:12:34+05:30,3260.9,24,3251.42,1167931,114600.0,123574.0,3250.0,3265.1,3239.8,3251.5,44939125,3576.6,2926.4,4322.95,2866.6,3260.9,100,3,3260.8,40,2,3260.7,9,1,3260.5,218,5,3260.4,224,6,3261.5,2,2,3261.9,11,2,3262.0,27,2,3262.1,15,1,3262.2,15,1
11536,2025-12-30 13:12:34+05:30,3260.9,24,3251.42,1167962,114381.0,122952.0,3250.0,3265.1,3239.8,3251.5,44939125,3576.6,2926.4,4322.95,2866.6,3260.9,74,3,3260.8,24,1,3260.7,9,1,3260.6,260,3,3260.5,126,4,3261.9,11,2,3262.0,27,2,3262.1,31,2,3262.2,15,1,3262.4,53,3
11536,2025-12-30 13:12:35+05:30,3261.8,1,3251.42,1167962,114381.0,122952.0,3250.0,3265.1,3239.8,3251.5,44939125,3576.6,2926.4,4322.95,2866.6,3260.9,74,3,3260.8,24,1,3260.7,9,1,3260.6,260,3,3260.5,126,4,3261.9,11,2,3262.0,27,2,3262.1,31,2,3262.2,15,1,3262.4,53,3
11536,2025-12-30 13:12:35+05:30,3261.8,1,3251.42,1167970,113715.0,123566.0,3250.0,3265.1,3239.8,3251.5,44939125,3576.6,2926.4,4322.95,2866.6,3260.9,67,2,3260.7,9,1,3260.5,11,1,3260.4,175,5,3260.3,294,3,3261.8,41,3,3261.9,32,4,3262.0,49,4,3262.1,16,1,3262.2,84,4
11536,2025-12-30 13:12:36+05:30,3261.8,1,3251.42,1167970,113722.0,123574.0,3250.0,3265.1,3239.8,3251.5,44939125,3576.6,2926.4,4322.95,2866.6,3260.9,67,2,3260.7,9,1,3260.5,11,1,3260.4,175,5,3260.3,202,2,3261.8,41,3,3261.9,32,4,3262.0,49,4,3262.1,16,1,3262.2,92,5
11536,2025-12-30 13:12:37+05:30,3260.9,1,3251.42,1167970,113722.0,123574.0,3250.0,3265.1,3239.8,3251.5,44939125,3576.6,2926.4,4322.95,2866.6,3260.9,67,2,3260.7,9,1,3260.5,11,1,3260.4,175,5,3260.3,202,2,3261.8,41,3,3261.9,32,4,3262.0,49,4,3262.1,16,1,3262.2,92,5
11536,2025-12-30 13:12:37+05:30,3260.9,1,3251.42,1167971,113753.0,123294.0,3250.0,3265.1,3239.8,3251.5,44939125,3576.6,2926.4,4322.95,2866.6,3260.9,66,2,3260.7,11,2,3260.5,11,1,3260.4,175,5,3260.3,294,3,3261.8,41,3,3261.9,32,4,3262.0,49,4,3262.1,16,1,3262.2,92,5
11536,2025-12-30 13:12:38+05:30,3260.9,2,3251.42,1167971,113753.0,123294.0,3250.0,3265.1,3239.8,3251.5,44939125,3576.6,2926.4,4322.95,2866.6,3260.9,66,2,3260.7,11,2,3260.5,11,1,3260.4,175,5,3260.3,294,3,3261.8,41,3,3261.9,32,4,3262.0,49,4,3262.1,16,1,3262.2,92,5
11536,2025-12-30 13:12:38+05:30,3260.9,20,3251.42,1167999,113635.0,123232.0,3250.0,3265.1,3239.8,3251.5,44939125,3576.6,2926.4,4322.95,2866.6,3260.9,40,3,3260.7,11,2,3260.5,72,2,3260.4,121,5,3260.3,218,2,3261.8,25,2,3261.9,40,3,3262.0,38,3,3262.1,16,1,3262.2,84,4
11536,2025-12-30 13:12:39+05:30,3260.9,20,3251.42,1167999,113635.0,123232.0,3250.0,3265.1,3239.8,3251.5,44939125,3576.6,2926.4,4322.95,2866.6,3260.9,40,3,3260.7,11,2,3260.5,72,2,3260.4,121,5,3260.3,218,2,3261.8,25,2,3261.9,40,3,3262.0,38,3,3262.1,16,1,3262.2,84,4
11536,2025-12-30 13:12:39+05:30,3260.9,20,3251.42,1167999,113381.0,123895.0,3250.0,3265.1,3239.8,3251.5,44939125,3576.6,2926.4,4322.95,2866.6,3260.9,40,3,3260.7,20,3,3260.5,182,2,3260.4,157,6,3260.3,203,2,3261.8,26,3,3261.9,40,3,3262.0,38,3,3262.1,16,1,3262.2,84,4
11536,2025-12-30 13:12:40+05:30,3260.9,10,3251.42,1167999,113381.0,123895.0,3250.0,3265.1,3239.8,3251.5,44939125,3576.6,2926.4,4322.95,2866.6,3260.9,40,3,3260.7,20,3,3260.5,182,2,3260.4,157,6,3260.3,203,2,3261.8,26,3,3261.9,40,3,3262.0,38,3,3262.1,16,1,3262.2,84,4
11536,2025-12-30 13:12:40+05:30,3260.9,10,3251.42,1168009,113548.0,123757.0,3250.0,3265.1,3239.8,3251.5,44939125,3576.6,2926.4,4322.95,2866.6,3260.9,30,3,3260.7,11,2,3260.5,274,3,3260.4,65,5,3260.3,203,2,3261.8,36,5,3261.9,40,3,3262.0,38,3,3262.1,16,1,3262.2,92,5
11536,2025-12-30 13:12:41+05:30,3260.9,2,3251.42,1168012,113553.0,123613.0,3250.0,3265.1,3239.8,3251.5,44939125,3576.6,2926.4,4322.95,2866.6,3260.9,28,3,3260.7,11,2,3260.5,182,2,3260.4,157,6,3260.3,203,2,3261.8,67,5,3261.9,40,3,3262.0,38,3,3262.1,16,1,3262.2,92,5
11536,2025-12-30 13:12:42+05:30,3261.8,1,3251.42,1168012,113553.0,123613.0,3250.0,3265.1,3239.8,3251.5,44939125,3576.6,2926.4,4322.95,2866.6,3260.9,28,3,3260.7,11,2,3260.5,182,2,3260.4,157,6,3260.3,203,2,3261.8,67,5,3261.9,40,3,3262.0,38,3,3262.1,16,1,3262.2,92,5
11536,2025-12-30 13:12:42+05:30,3261.8,1,3251.42,1168017,113493.0,123311.0,3250.0,3265.1,3239.8,3251.5,44939125,3576.6,2926.4,4322.95,2866.6,3260.9,24,3,3260.7,20,3,3260.5,273,3,3260.4,211,5,3260.3,3,1,3261.7,26,2,3261.8,34,2,3261.9,31,2,3262.0,27,2,3262.1,16,1
11536,2025-12-30 13:12:43+05:30,3260.9,2,3251.42,1168017,113493.0,123311.0,3250.0,3265.1,3239.8,3251.5,44939125,3576.6,2926.4,4322.95,2866.6,3260.9,24,3,3260.7,20,3,3260.5,273,3,3260.4,211,5,3260.3,3,1,3261.7,26,2,3261.8,34,2,3261.9,31,2,3262.0,27,2,3262.1,16,1
11536,2025-12-30 13:12:43+05:30,3260.9,2,3251.42,1168032,113534.0,123373.0,3250.0,3265.1,3239.8,3251.5,44939125,3576.6,2926.4,4322.95,2866.6,3260.9,16,2,3260.7,20,3,3260.5,309,4,3260.4,36,4,3260.3,189,3,3261.7,19,3,3261.8,33,1,3261.9,31,2,3262.0,27,2,3262.1,16,1
11536,2025-12-30 13:12:44+05:30,3260.9,2,3251.42,1168032,113534.0,123373.0,3250.0,3265.1,3239.8,3251.5,44939125,3576.6,2926.4,4322.95,2866.6,3260.9,16,2,3260.7,20,3,3260.5,309,4,3260.4,36,4,3260.3,189,3,3261.7,19,3,3261.8,33,1,3261.9,31,2,3262.0,27,2,3262.1,16,1
11536,2025-12-30 13:12:44+05:30,3260.9,1,3251.42,1168035,113531.0,123373.0,3250.0,3265.1,3239.8,3251.5,44939125,3576.6,2926.4,4322.95,2866.6,3260.9,13,2,3260.7,20,3,3260.5,309,4,3260.4,36,4,3260.3,189,3,3261.7,19,3,3261.8,33,1,3261.9,31,2,3262.0,27,2,3262.1,16,1
11536,2025-12-30 13:12:45+05:30,3261.7,1,3251.42,1168035,113531.0,123373.0,3250.0,3265.1,3239.8,3251.5,44939125,3576.6,2926.4,4322.95,2866.6,3260.9,13,2,3260.7,20,3,3260.5,309,4,3260.4,36,4,3260.3,189,3,3261.7,19,3,3261.8,33,1,3261.9,31,2,3262.0,27,2,3262.1,16,1
11536,2025-12-30 13:12:45+05:30,3261.7,1,3251.42,1168042,113878.0,122245.0,3250.0,3265.1,3239.8,3251.5,44939125,3576.6,2926.4,4322.95,2866.6,3260.9,12,2,3260.8,81,3,3260.7,226,5,3260.6,172,4,3260.5,238,4,3261.7,2,2,3261.8,33,1,3261.9,1,1,3262.0,27,2,3262.1,16,1
11536,2025-12-30 13:12:46+05:30,3260.9,2,3251.42,1168042,113878.0,122245.0,3250.0,3265.1,3239.8,3251.5,44939125,3576.6,2926.4,4322.95,2866.6,3260.9,12,2,3260.8,81,3,3260.7,226,5,3260.6,172,4,3260.5,238,4,3261.7,2,2,3261.8,33,1,3261.9,1,1,3262.0,27,2,3262.1,16,1
11536,2025-12-30 13:12:46+05:30,3261.7,1,3251.42,1168045,113899.0,123433.0,3250.0,3265.1,3239.8,3251.5,44939125,3576.6,2926.4,4322.95,2866.6,3260.9,10,1,3260.8,81,3,3260.7,242,6,3260.6,172,4,3260.5,222,3,3261.7,1,1,3261.8,33,1,3261.9,1,1,3262.0,27,2,3262.1,16,1
11536,2025-12-30 13:12:47+05:30,3261.7,1,3251.42,1168045,113899.0,123433.0,3250.0,3265.1,3239.8,3251.5,44939125,3576.6,2926.4,4322.95,2866.6,3260.9,10,1,3260.8,81,3,3260.7,242,6,3260.6,172,4,3260.5,222,3,3261.7,1,1,3261.8,33,1,3261.9,1,1,3262.0,27,2,3262.1,16,1
11536,2025-12-30 13:12:47+05:30,3261.7,1,3251.42,1168046,113846.0,124341.0,3250.0,3265.1,3239.8,3251.5,44939125,3576.6,2926.4,4322.95,2866.6,3260.9,21,2,3260.7,11,2,3260.6,18,1,3260.5,223,4,3260.4,225,7,3261.7,1,1,3261.8,55,3,3261.9,37,3,3262.0,41,3,3262.1,46,2
11536,2025-12-30 13:12:48+05:30,3261.7,2,3251.42,1168046,113846.0,124341.0,3250.0,3265.1,3239.8,3251.5,44939125,3576.6,2926.4,4322.95,2866.6,3260.9,21,2,3260.7,11,2,3260.6,18,1,3260.5,223,4,3260.4,225,7,3261.7,1,1,3261.8,55,3,3261.9,37,3,3262.0,41,3,3262.1,46,2
11536,2025-12-30 13:12:48+05:30,3261.7,2,3251.42,1168050,113267.0,124177.0,3250.0,3265.1,3239.8,3251.5,44939125,3576.6,2926.4,4322.95,2866.6,3261.0,3,1,3260.9,71,2,3260.7,11,2,3260.6,10,1,3260.5,187,3,3261.7,13,2,3261.8,33,1,3261.9,37,3,3262.0,57,3,3262.1,5,1
11536,2025-12-30 13:12:49+05:30,3261.7,2,3251.42,1168050,113301.0,123297.0,3250.0,3265.1,3239.8,3251.5,44939125,3576.6,2926.4,4322.95,2866.6,3261.0,3,1,3260.9,82,3,3260.7,11,2,3260.5,187,3,3260.4,67,6,3261.7,15,3,3261.8,58,2,3261.9,42,3,3262.0,27,2,3262.1,5,1
11536,2025-12-30 13:12:50+05:30,3261.0,3,3251.42,1168050,113301.0,123297.0,3250.0,3265.1,3239.8,3251.5,44939125,3576.6,2926.4,4322.95,2866.6,3261.0,3,1,3260.9,82,3,3260.7,11,2,3260.5,187,3,3260.4,67,6,3261.7,15,3,3261.8,58,2,3261.9,42,3,3262.0,27,2,3262.1,5,1
11536,2025-12-30 13:12:50+05:30,3261.0,3,3251.42,1168069,111362.0,124943.0,3250.0,3265.1,3239.8,3251.5,44939125,3576.6,2926.4,4322.95,2866.6,3260.9,80,3,3260.7,11,2,3260.5,12,2,3260.4,19,3,3260.3,18,1,3261.0,173,2,3261.6,25,1,3261.7,43,3,3261.8,43,2,3261.9,1,1
11536,2025-12-30 13:12:51+05:30,3261.0,1,3251.42,1168069,111362.0,124943.0,3250.0,3265.1,3239.8,3251.5,44939125,3576.6,2926.4,4322.95,2866.6,3260.9,80,3,3260.7,11,2,3260.5,12,2,3260.4,19,3,3260.3,18,1,3261.0,173,2,3261.6,25,1,3261.7,43,3,3261.8,43,2,3261.9,1,1
11536,2025-12-30 13:12:51+05:30,3261.0,1,3251.42,1168070,111448.0,125273.0,3250.0,3265.1,3239.8,3251.5,44939125,3576.6,2926.4,4322.95,2866.6,3260.9,80,3,3260.7,56,4,3260.5,12,2,3260.4,19,3,3260.3,18,1,3261.0,172,2,3261.6,25,1,3261.7,43,3,3261.8,43,2,3261.9,1,1
11536,2025-12-30 13:12:52+05:30,3260.9,2,3251.42,1168070,111448.0,125273.0,3250.0,3265.1,3239.8,3251.5,44939125,3576.6,2926.4,4322.95,2866.6,3260.9,80,3,3260.7,56,4,3260.5,12,2,3260.4,19,3,3260.3,18,1,3261.0,172,2,3261.6,25,1,3261.7,43,3,3261.8,43,2,3261.9,1,1
11536,2025-12-30 13:12:52+05:30,3260.9,2,3251.42,1168084,111422.0,125241.0,3250.0,3265.1,3239.8,3251.5,44939125,3576.6,2926.4,4322.95,2866.6,3260.9,70,2,3260.7,41,3,3260.6,9,1,3260.5,27,3,3260.4,4,2,3261.0,170,3,3261.6,25,1,3261.7,41,2,3261.8,43,2,3261.9,1,1
11536,2025-12-30 13:12:53+05:30,3260.9,4,3251.42,1168084,111422.0,125241.0,3250.0,3265.1,3239.8,3251.5,44939125,3576.6,2926.4,4322.95,2866.6,3260.9,70,2,3260.7,41,3,3260.6,9,1,3260.5,27,3,3260.4,4,2,3261.0,170,3,3261.6,25,1,3261.7,41,2,3261.8,43,2,3261.9,1,1
11536,2025-12-30 13:12:53+05:30,3260.9,4,3251.42,1168088,111420.0,125081.0,3250.0,3265.1,3239.8,3251.5,44939125,3576.6,2926.4,4322.95,2866.6,3260.9,77,3,3260.7,41,3,3260.5,12,2,3260.4,19,3,3260.3,18,1,3261.0,218,5,3261.5,25,1,3261.6,30,1,3261.7,11,1,3261.8,10,1
11536,2025-12-30 13:12:54+05:30,3260.9,1,3251.42,1168088,111420.0,125081.0,3250.0,3265.1,3239.8,3251.5,44939125,3576.6,2926.4,4322.95,2866.6,3260.9,77,3,3260.7,41,3,3260.5,12,2,3260.4,19,3,3260.3,18,1,3261.0,218,5,3261.5,25,1,3261.6,30,1,3261.7,11,1,3261.8,10,1
11536,2025-12-30 13:12:54+05:30,3260.9,1,3251.42,1168089,111425.0,125272.0,3250.0,3265.1,3239.8,3251.5,44939125,3576.6,2926.4,4322.95,2866.6,3260.9,65,2,3260.7,41,3,3260.6,10,1,3260.5,12,2,3260.4,19,3,3261.0,219,6,3261.5,25,1,3261.6,30,1,3261.7,47,2,3261.8,10,1
11536,2025-12-30 13:12:55+05:30,3261.0,1,3251.42,1168089,111425.0,125272.0,3250.0,3265.1,3239.8,3251.5,44939125,3576.6,2926.4,4322.95,2866.6,3260.9,65,2,3260.7,41,3,3260.6,10,1,3260.5,12,2,3260.4,19,3,3261.0,219,6,3261.5,25,1,3261.6,30,1,3261.7,47,2,3261.8,10,1
11536,2025-12-30 13:12:55+05:30,3261.0,125,3251.42,1168221,111456.0,124583.0,3250.0,3265.1,3239.8,3251.5,44939125,3576.6,2926.4,4322.95,2866.6,3260.9,75,3,3260.8,14,1,3260.7,41,3,3260.6,14,1,3260.5,12,2,3261.0,87,5,3261.8,35,2,3261.9,16,2,3262.0,69,6,3262.1,62,2
11536,2025-12-30 13:12:56+05:30,3260.9,2,3251.42,1168221,111456.0,124583.0,3250.0,3265.1,3239.8,3251.5,44939125,3576.6,2926.4,4322.95,2866.6,3260.9,75,3,3260.8,14,1,3260.7,41,3,3260.6,14,1,3260.5,12,2,3261.0,87,5,3261.8,35,2,3261.9,16,2,3262.0,69,6,3262.1,62,2
11536,2025-12-30 13:12:56+05:30,3260.9,2,3251.42,1168223,111045.0,125042.0,3250.0,3265.1,3239.8,3251.5,44939125,3576.6,2926.4,4322.95,2866.6,3260.9,62,2,3260.8,56,1,3260.7,41,3,3260.6,9,1,3260.5,12,2,3261.0,89,5,3261.6,25,1,3261.7,40,2,3261.8,14,1,3261.9,83,2
11536,2025-12-30 13:12:57+05:30,3260.9,1,3251.42,1168223,111045.0,125042.0,3250.0,3265.1,3239.8,3251.5,44939125,3576.6,2926.4,4322.95,2866.6,3260.9,62,2,3260.8,56,1,3260.7,41,3,3260.6,9,1,3260.5,12,2,3261.0,89,5,3261.6,25,1,3261.7,40,2,3261.8,14,1,3261.9,83,2
11536,2025-12-30 13:12:57+05:30,3260.9,1,3251.42,1168224,111287.0,124836.0,3250.0,3265.1,3239.8,3251.5,44939125,3576.6,2926.4,4322.95,2866.6,3260.9,71,3,3260.8,71,2,3260.7,41,3,3260.6,15,1,3260.5,12,2,3261.0,88,4,3261.4,25,1,3261.5,30,1,3261.7,10,1,3261.8,48,2
11536,2025-12-30 13:12:58+05:30,3260.9,2,3251.42,1168226,111264.0,124917.0,3250.0,3265.1,3239.8,3251.5,44939125,3576.6,2926.4,4322.95,2866.6,3260.9,60,3,3260.8,56,1,3260.7,41,3,3260.6,11,1,3260.5,12,2,3261.0,88,4,3261.5,30,1,3261.6,25,1,3261.7,1,1,3261.9,83,2
11536,2025-12-30 13:12:58+05:30,3260.9,2,3251.42,1168226,111264.0,124917.0,3250.0,3265.1,3239.8,3251.5,44939125,3576.6,2926.4,4322.95,2866.6,3260.9,60,3,3260.8,56,1,3260.7,41,3,3260.6,11,1,3260.5,12,2,3261.0,88,4,3261.5,30,1,3261.6,25,1,3261.7,1,1,3261.9,83,2
11536,2025-12-30 13:12:59+05:30,3260.9,27,3251.42,1168253,111287.0,124523.0,3250.0,3265.1,3239.8,3251.5,44939125,3576.6,2926.4,4322.95,2866.6,3260.9,43,4,3260.8,71,2,3260.7,41,3,3260.6,15,1,3260.5,12,2,3261.0,87,5,3261.5,30,1,3261.6,25,1,3261.7,1,1,3261.9,83,2
11536,2025-12-30 13:12:59+05:30,3260.9,27,3251.42,1168253,111287.0,124523.0,3250.0,3265.1,3239.8,3251.5,44939125,3576.6,2926.4,4322.95,2866.6,3260.9,43,4,3260.8,71,2,3260.7,41,3,3260.6,15,1,3260.5,12,2,3261.0,87,5,3261.5,30,1,3261.6,25,1,3261.7,1,1,3261.9,83,2
11536,2025-12-30 13:13:00+05:30,3260.9,1,3251.42,1168254,111320.0,124622.0,3250.0,3265.1,3239.8,3251.5,44939125,3576.6,2926.4,4322.95,2866.6,3260.9,32,3,3260.8,56,1,3260.7,41,3,3260.6,24,2,3260.5,12,2,3261.0,87,5,3261.5,30,1,3261.6,25,1,3261.7,1,1,3261.9,1,1
11536,2025-12-30 13:13:00+05:30,3260.9,1,3251.42,1168254,111320.0,124622.0,3250.0,3265.1,3239.8,3251.5,44939125,3576.6,2926.4,4322.95,2866.6,3260.9,32,3,3260.8,56,1,3260.7,41,3,3260.6,24,2,3260.5,12,2,3261.0,87,5,3261.5,30,1,3261.6,25,1,3261.7,1,1,3261.9,1,1
11536,2025-12-30 13:13:01+05:30,3260.9,3,3251.42,1168268,111333.0,124798.0,3250.0,3265.1,3239.8,3251.5,44939125,3576.6,2926.4,4322.95,2866.6,3260.9,40,5,3260.8,56,1,3260.7,41,3,3260.6,14,1,3260.5,12,2,3261.0,87,6,3261.5,30,1,3261.6,25,1,3261.7,1,1,3261.9,1,1
11536,2025-12-30 13:13:01+05:30,3260.9,1,3251.42,1168268,111333.0,124798.0,3250.0,3265.1,3239.8,3251.5,44939125,3576.6,2926.4,4322.95,2866.6,3260.9,40,5,3260.8,56,1,3260.7,41,3,3260.6,14,1,3260.5,12,2,3261.0,87,6,3261.5,30,1,3261.6,25,1,3261.7,1,1,3261.9,1,1
11536,2025-12-30 13:13:02+05:30,3260.8,5,3251.43,1168495,110451.0,125679.0,3250.0,3265.1,3239.8,3251.5,44939125,3576.6,2926.4,4322.95,2866.6,3260.9,72,1,3260.8,26,1,3260.7,41,3,3260.5,27,3,3260.4,4,2,3261.0,54,4,3261.4,25,1,3261.5,30,1,3261.6,44,2,3261.7,83,3
11536,2025-12-30 13:13:02+05:30,3260.8,5,3251.43,1168495,110451.0,125679.0,3250.0,3265.1,3239.8,3251.5,44939125,3576.6,2926.4,4322.95,2866.6,3260.9,72,1,3260.8,26,1,3260.7,41,3,3260.5,27,3,3260.4,4,2,3261.0,54,4,3261.4,25,1,3261.5,30,1,3261.6,44,2,3261.7,83,3
11536,2025-12-30 13:13:03+05:30,3261.0,14,3251.43,1168509,110939.0,124930.0,3250.0,3265.1,3239.8,3251.5,44939125,3576.6,2926.4,4322.95,2866.6,3260.9,91,3,3260.8,26,1,3260.7,41,3,3260.6,15,1,3260.5,12,2,3261.0,41,5,3261.5,30,1,3261.6,28,1,3261.7,47,3,3261.8,41,2
11536,2025-12-30 13:13:03+05:30,3261.0,14,3251.43,1168509,110939.0,124930.0,3250.0,3265.1,3239.8,3251.5,44939125,3576.6,2926.4,4322.95,2866.6,3260.9,91,3,3260.8,26,1,3260.7,41,3,3260.6,15,1,3260.5,12,2,3261.0,41,5,3261.5,30,1,3261.6,28,1,3261.7,47,3,3261.8,41,2
11536,2025-12-30 13:13:04+05:30,3260.9,3,3251.43,1168513,111160.0,124956.0,3250.0,3265.1,3239.8,3251.5,44939125,3576.6,2926.4,4322.95,2866.6,3260.9,72,2,3260.8,26,1,3260.7,41,3,3260.6,15,1,3260.5,12,2,3261.0,41,5,3261.5,30,1,3261.6,53,2,3261.7,22,2,3261.8,41,2
11536,2025-12-30 13:13:04+05:30,3260.9,3,3251.43,1168513,111160.0,124956.0,3250.0,3265.1,3239.8,3251.5,44939125,3576.6,2926.4,4322.95,2866.6,3260.9,72,2,3260.8,26,1,3260.7,41,3,3260.6,15,1,3260.5,12,2,3261.0,41,5,3261.5,30,1,3261.6,53,2,3261.7,22,2,3261.8,41,2
11536,2025-12-30 13:13:05+05:30,3261.0,4,3251.43,1168563,111273.0,124767.0,3250.0,3265.1,3239.8,3251.5,44939125,3576.6,2926.4,4322.95,2866.6,3260.9,27,2,3260.8,26,1,3260.7,41,3,3260.5,12,2,3260.4,4,2,3261.0,32,4,3261.5,55,2,3261.6,28,1,3261.7,36,3,3261.8,41,2
11536,2025-12-30 13:13:05+05:30,3260.9,1,3251.43,1168563,111273.0,124767.0,3250.0,3265.1,3239.8,3251.5,44939125,3576.6,2926.4,4322.95,2866.6,3260.9,27,2,3260.8,26,1,3260.7,41,3,3260.5,12,2,3260.4,4,2,3261.0,32,4,3261.5,55,2,3261.6,28,1,3261.7,36,3,3261.8,41,2
11536,2025-12-30 13:13:06+05:30,3260.9,1,3251.43,1168565,111482.0,122149.0,3250.0,3265.1,3239.8,3251.5,44939125,3576.6,2926.4,4322.95,2866.6,3260.9,26,2,3260.8,26,1,3260.7,41,3,3260.5,12,2,3260.4,4,2,3261.0,31,4,3261.5,55,2,3261.6,28,1,3261.7,36,3,3261.8,41,2
11536,2025-12-30 13:13:06+05:30,3260.9,3,3251.43,1168565,111482.0,122149.0,3250.0,3265.1,3239.8,3251.5,44939125,3576.6,2926.4,4322.95,2866.6,3260.9,26,2,3260.8,26,1,3260.7,41,3,3260.5,12,2,3260.4,4,2,3261.0,31,4,3261.5,55,2,3261.6,28,1,3261.7,36,3,3261.8,41,2
11536,2025-12-30 13:13:07+05:30,3260.9,3,3251.43,1168568,111449.0,124093.0,3250.0,3265.1,3239.8,3251.5,44939125,3576.6,2926.4,4322.95,2866.6,3260.9,23,2,3260.8,26,1,3260.7,41,3,3260.5,12,2,3260.4,4,2,3261.0,31,4,3261.5,55,2,3261.6,28,1,3261.7,22,2,3261.8,55,3
11536,2025-12-30 13:13:07+05:30,3260.9,1,3251.43,1168568,111449.0,124093.0,3250.0,3265.1,3239.8,3251.5,44939125,3576.6,2926.4,4322.95,2866.6,3260.9,23,2,3260.8,26,1,3260.7,41,3,3260.5,12,2,3260.4,4,2,3261.0,31,4,3261.5,55,2,3261.6,28,1,3261.7,22,2,3261.8,55,3
11536,2025-12-30 13:13:08+05:30,3260.9,1,3251.43,1168569,111082.0,124442.0,3250.0,3265.1,3239.8,3251.5,44939125,3576.6,2926.4,4322.95,2866.6,3260.9,23,3,3260.8,26,1,3260.7,41,3,3260.5,12,2,3260.4,4,2,3261.0,30,3,3261.5,55,2,3261.6,28,1,3261.7,22,2,3261.8,55,3
11536,2025-12-30 13:13:08+05:30,3260.9,10,3251.43,1168569,111082.0,124442.0,3250.0,3265.1,3239.8,3251.5,44939125,3576.6,2926.4,4322.95,2866.6,3260.9,23,3,3260.8,26,1,3260.7,41,3,3260.5,12,2,3260.4,4,2,3261.0,30,3,3261.5,55,2,3261.6,28,1,3261.7,22,2,3261.8,55,3
11536,2025-12-30 13:13:09+05:30,3260.9,10,3251.43,1168579,111052.0,124676.0,3250.0,3265.1,3239.8,3251.5,44939125,3576.6,2926.4,4322.95,2866.6,3260.9,13,3,3260.8,26,1,3260.7,41,3,3260.5,12,2,3260.4,4,2,3261.0,30,3,3261.4,25,1,3261.5,30,1,3261.6,28,1,3261.7,22,2
11536,2025-12-30 13:13:10+05:30,3260.9,2,3251.43,1168582,111824.0,124870.0,3250.0,3265.1,3239.8,3251.5,44939125,3576.6,2926.4,4322.95,2866.6,3260.9,10,3,3260.8,26,1,3260.7,41,3,3260.5,12,2,3260.4,4,2,3261.0,30,3,3261.4,25,1,3261.5,30,1,3261.6,28,1,3261.7,22,2
11536,2025-12-30 13:13:10+05:30,3260.9,2,3251.43,1168582,111824.0,124870.0,3250.0,3265.1,3239.8,3251.5,44939125,3576.6,2926.4,4322.95,2866.6,3260.9,10,3,3260.8,26,1,3260.7,41,3,3260.5,12,2,3260.4,4,2,3261.0,30,3,3261.4,25,1,3261.5,30,1,3261.6,28,1,3261.7,22,2
11536,2025-12-30 13:13:10+05:30,3260.9,1,3251.43,1168613,111579.0,124786.0,3250.0,3265.1,3239.8,3251.5,44939125,3576.6,2926.4,4322.95,2866.6,3260.9,9,3,3260.8,26,1,3260.7,11,2,3260.5,12,2,3260.4,18,3,3261.0,2,2,3261.4,25,1,3261.5,31,2,3261.6,28,1,3261.7,22,2
11536,2025-12-30 13:13:11+05:30,3260.9,1,3251.43,1168613,111579.0,124786.0,3250.0,3265.1,3239.8,3251.5,44939125,3576.6,2926.4,4322.95,2866.6,3260.9,9,3,3260.8,26,1,3260.7,11,2,3260.5,12,2,3260.4,18,3,3261.0,2,2,3261.4,25,1,3261.5,31,2,3261.6,28,1,3261.7,22,2
11536,2025-12-30 13:13:11+05:30,3261.0,1,3251.43,1168617,111841.0,124448.0,3250.0,3265.1,3239.8,3251.5,44939125,3576.6,2926.4,4322.95,2866.6,3260.9,9,4,3260.8,26,1,3260.7,11,2,3260.5,12,2,3260.4,4,2,3261.0,14,3,3261.1,3,1,3261.5,1,1,3261.6,23,1,3261.7,50,3
11536,2025-12-30 13:13:12+05:30,3261.0,1,3251.43,1168617,111841.0,124448.0,3250.0,3265.1,3239.8,3251.5,44939125,3576.6,2926.4,4322.95,2866.6,3260.9,9,4,3260.8,26,1,3260.7,11,2,3260.5,12,2,3260.4,4,2,3261.0,14,3,3261.1,3,1,3261.5,1,1,3261.6,23,1,3261.7,50,3
11536,2025-12-30 13:13:12+05:30,3261.0,4,3251.43,1168623,111875.0,123945.0,3250.0,3265.1,3239.8,3251.5,44939125,3576.6,2926.4,4322.95,2866.6,3260.9,16,4,3260.8,26,1,3260.7,11,2,3260.6,14,1,3260.5,12,2,3261.0,8,3,3261.1,3,1,3261.5,1,1,3261.7,22,2,3261.8,24,1
11536,2025-12-30 13:13:13+05:30,3261.1,3,3251.43,1168623,111875.0,123945.0,3250.0,3265.1,3239.8,3251.5,44939125,3576.6,2926.4,4322.95,2866.6,3260.9,16,4,3260.8,26,1,3260.7,11,2,3260.6,14,1,3260.5,12,2,3261.0,8,3,3261.1,3,1,3261.5,1,1,3261.7,22,2,3261.8,24,1
11536,2025-12-30 13:13:13+05:30,3261.1,3,3251.43,1168640,112895.0,124147.0,3250.0,3265.1,3239.8,3251.5,44939125,3576.6,2926.4,4322.95,2866.6,3260.9,7,3,3260.8,26,1,3260.7,27,3,3260.6,17,1,3260.5,44,3,3261.5,2,2,3261.7,1,1,3261.8,23,1,3261.9,14,1,3262.0,60,4
11536,2025-12-30 13:13:14+05:30,3261.7,1,3251.43,1168645,113941.0,122942.0,3250.0,3265.1,3239.8,3251.5,44939125,3576.6,2926.4,4322.95,2866.6,3261.5,1,1,3261.0,3,2,3260.9,64,5,3260.8,27,2,3260.7,11,2,3262.0,83,5,3262.1,18,2,3262.2,16,1,3262.3,38,2,3262.4,40,3
11536,2025-12-30 13:13:15+05:30,3262.0,1,3251.43,1168645,113941.0,122942.0,3250.0,3265.1,3239.8,3251.5,44939125,3576.6,2926.4,4322.95,2866.6,3261.5,1,1,3261.0,3,2,3260.9,64,5,3260.8,27,2,3260.7,11,2,3262.0,83,5,3262.1,18,2,3262.2,16,1,3262.3,38,2,3262.4,40,3
11536,2025-12-30 13:13:15+05:30,3262.2,13,3251.43,1168743,114762.0,121458.0,3250.0,3265.1,3239.8,3251.5,44939125,3576.6,2926.4,4322.95,2866.6,3261.5,1,1,3261.1,11,2,3261.0,46,3,3260.9,11,5,3260.8,177,6,3262.4,28,3,3262.5,37,3,3262.6,30,2,3262.7,28,1,3262.8,137,6
11536,2025-12-30 13:13:16+05:30,3262.2,13,3251.43,1168743,114762.0,121458.0,3250.0,3265.1,3239.8,3251.5,44939125,3576.6,2926.4,4322.95,2866.6,3261.5,1,1,3261.1,11,2,3261.0,46,3,3260.9,11,5,3260.8,177,6,3262.4,28,3,3262.5,37,3,3262.6,30,2,3262.7,28,1,3262.8,137,6
11536,2025-12-30 13:13:16+05:30,3261.5,1,3251.43,1168745,114621.0,121856.0,3250.0,3265.1,3239.8,3251.5,44939125,3576.6,2926.4,4322.95,2866.6,3261.1,34,3,3261.0,48,5,3260.9,20,6,3260.8,80,5,3260.7,14,3,3262.4,59,5,3262.5,24,3,3262.6,50,3,3262.7,164,1,3262.8,311,7
11536,2025-12-30 13:13:17+05:30,3261.5,1,3251.43,1168745,114621.0,121856.0,3250.0,3265.1,3239.8,3251.5,44939125,3576.6,2926.4,4322.95,2866.6,3261.1,34,3,3261.0,48,5,3260.9,20,6,3260.8,80,5,3260.7,14,3,3262.4,59,5,3262.5,24,3,3262.6,50,3,3262.7,164,1,3262.8,311,7
11536,2025-12-30 13:13:17+05:30,3261.5,1,3251.43,1168745,114795.0,121868.0,3250.0,3265.1,3239.8,3251.5,44939125,3576.6,2926.4,4322.95,2866.6,3261.5,1,1,3261.1,99,4,3261.0,48,5,3260.9,20,6,3260.8,111,7,3262.4,59,5,3262.5,47,4,3262.6,58,3,3262.7,164,1,3262.8,137,6
11536,2025-12-30 13:13:18+05:30,3261.5,3,3251.43,1168748,114667.0,121266.0,3250.0,3265.1,3239.8,3251.5,44939125,3576.6,2926.4,4322.95,2866.6,3261.1,10,2,3261.0,12,3,3260.9,20,6,3260.8,78,6,3260.7,14,3,3262.1,32,3,3262.2,28,1,3262.3,22,3,3262.4,51,4,3262.5,14,2
11536,2025-12-30 13:13:19+05:30,3261.0,4,3251.43,1168748,114667.0,121266.0,3250.0,3265.1,3239.8,3251.5,44939125,3576.6,2926.4,4322.95,2866.6,3261.1,10,2,3261.0,12,3,3260.9,20,6,3260.8,78,6,3260.7,14,3,3262.1,32,3,3262.2,28,1,3262.3,22,3,3262.4,51,4,3262.5,14,2
11536,2025-12-30 13:13:19+05:30,3261.0,4,3251.43,1168767,114787.0,122671.0,3250.0,3265.1,3239.8,3251.5,44939125,3576.6,2926.4,4322.95,2866.6,3261.1,155,2,3260.9,20,6,3260.8,181,7,3260.7,14,3,3260.6,230,5,3262.1,26,4,3262.2,28,1,3262.3,10,1,3262.4,52,3,3262.5,14,2
11536,2025-12-30 13:13:20+05:30,3261.1,1,3251.43,1168767,114787.0,122671.0,3250.0,3265.1,3239.8,3251.5,44939125,3576.6,2926.4,4322.95,2866.6,3261.1,155,2,3260.9,20,6,3260.8,181,7,3260.7,14,3,3260.6,230,5,3262.1,26,4,3262.2,28,1,3262.3,10,1,3262.4,52,3,3262.5,14,2
11536,2025-12-30 13:13:20+05:30,3261.1,38,3251.43,1168868,114671.0,122370.0,3250.0,3265.1,3239.8,3251.5,44939125,3576.6,2926.4,4322.95,2866.6,3261.1,116,2,3260.9,11,5,3260.8,161,6,3260.7,189,4,3260.6,43,2,3262.1,28,5,3262.2,38,2,3262.3,10,1,3262.4,65,4,3262.5,14,2
11536,2025-12-30 13:13:21+05:30,3261.1,38,3251.43,1168868,114671.0,122370.0,3250.0,3265.1,3239.8,3251.5,44939125,3576.6,2926.4,4322.95,2866.6,3261.1,116,2,3260.9,11,5,3260.8,161,6,3260.7,189,4,3260.6,43,2,3262.1,28,5,3262.2,38,2,3262.3,10,1,3262.4,65,4,3262.5,14,2
11536,2025-12-30 13:13:22+05:30,3261.1,1,3251.43,1168871,114388.0,122830.0,3250.0,3265.1,3239.8,3251.5,44939125,3576.6,2926.4,4322.95,2866.6,3261.1,122,3,3261.0,12,1,3260.9,11,5,3260.8,79,6,3260.7,14,3,3262.1,10,4,3262.2,50,2,3262.3,10,1,3262.4,52,3,3262.5,14,2
11536,2025-12-30 13:13:22+05:30,3261.1,1,3251.43,1168871,114388.0,122830.0,3250.0,3265.1,3239.8,3251.5,44939125,3576.6,2926.4,4322.95,2866.6,3261.1,122,3,3261.0,12,1,3260.9,11,5,3260.8,79,6,3260.7,14,3,3262.1,10,4,3262.2,50,2,3262.3,10,1,3262.4,52,3,3262.5,14,2
11536,2025-12-30 13:13:23+05:30,3262.1,1,3251.43,1168879,114204.0,123204.0,3250.0,3265.1,3239.8,3251.5,44939125,3576.6,2926.4,4322.95,2866.6,3261.1,106,2,3260.9,11,5,3260.8,34,4,3260.7,14,3,3260.6,66,3,3262.1,35,5,3262.2,38,2,3262.3,182,2,3262.4,88,4,3262.5,215,4
11536,2025-12-30 13:13:23+05:30,3262.1,1,3251.43,1168879,114204.0,123204.0,3250.0,3265.1,3239.8,3251.5,44939125,3576.6,2926.4,4322.95,2866.6,3261.1,106,2,3260.9,11,5,3260.8,34,4,3260.7,14,3,3260.6,66,3,3262.1,35,5,3262.2,38,2,3262.3,182,2,3262.4,88,4,3262.5,215,4
11536,2025-12-30 13:13:24+05:30,3261.1,19,3251.43,1168898,114183.0,123212.0,3250.0,3265.1,3239.8,3251.5,44939125,3576.6,2926.4,4322.95,2866.6,3261.1,87,2,3260.9,8,4,3260.8,34,4,3260.7,14,3,3260.6,66,3,3262.1,61,6,3262.2,10,1,3262.3,182,2,3262.4,98,5,3262.5,215,4
11536,2025-12-30 13:13:24+05:30,3261.1,19,3251.43,1168898,114183.0,123212.0,3250.0,3265.1,3239.8,3251.5,44939125,3576.6,2926.4,4322.95,2866.6,3261.1,87,2,3260.9,8,4,3260.8,34,4,3260.7,14,3,3260.6,66,3,3262.1,61,6,3262.2,10,1,3262.3,182,2,3262.4,98,5,3262.5,215,4
11536,2025-12-30 13:13:25+05:30,3261.6,1,3251.47,1173905,110278.0,122564.0,3250.0,3265.1,3239.8,3251.5,44939125,3576.6,2926.4,4322.95,2866.6,3260.4,15,1,3260.3,25,2,3260.2,67,4,3260.1,28,2,3260.0,194,3,3261.6,56,3,3261.7,9,1,3261.8,13,1,3261.9,29,2,3262.0,84,3
11536,2025-12-30 13:13:25+05:30,3260.4,1,3251.47,1173905,110278.0,122564.0,3250.0,3265.1,3239.8,3251.5,44939125,3576.6,2926.4,4322.95,2866.6,3260.4,15,1,3260.3,25,2,3260.2,67,4,3260.1,28,2,3260.0,194,3,3261.6,56,3,3261.7,9,1,3261.8,13,1,3261.9,29,2,3262.0,84,3
11536,2025-12-30 13:13:26+05:30,3260.4,1,3251.47,1173906,110270.0,124114.0,3250.0,3265.1,3239.8,3251.5,44939125,3576.6,2926.4,4322.95,2866.6,3260.4,1,1,3260.2,39,3,3260.1,12,1,3260.0,3,1,3259.9,43,5,3261.5,48,2,3261.6,101,1,3261.8,13,1,3261.9,105,4,3262.0,64,3
11536,2025-12-30 13:13:26+05:30,3261.6,484,3251.47,1173906,110270.0,124114.0,3250.0,3265.1,3239.8,3251.5,44939125,3576.6,2926.4,4322.95,2866.6,3260.4,1,1,3260.2,39,3,3260.1,12,1,3260.0,3,1,3259.9,43,5,3261.5,48,2,3261.6,101,1,3261.8,13,1,3261.9,105,4,3262.0,64,3
11536,2025-12-30 13:13:27+05:30,3261.6,484,3251.47,1174586,111486.0,123970.0,3250.0,3265.1,3239.8,3251.5,44939125,3576.6,2926.4,4322.95,2866.6,3260.5,10,1,3260.4,16,2,3260.3,26,1,3260.2,10,1,3260.1,18,2,3261.6,120,3,3261.7,22,1,3261.8,57,2,3262.0,110,4,3262.1,37,2
11536,2025-12-30 13:13:27+05:30,3260.5,4,3251.47,1174586,111486.0,123970.0,3250.0,3265.1,3239.8,3251.5,44939125,3576.6,2926.4,4322.95,2866.6,3260.5,10,1,3260.4,16,2,3260.3,26,1,3260.2,10,1,3260.1,18,2,3261.6,120,3,3261.7,22,1,3261.8,57,2,3262.0,110,4,3262.1,37,2
11536,2025-12-30 13:13:27+05:30,3260.5,2,3251.47,1174593,110785.0,123245.0,3250.0,3265.1,3239.8,3251.5,44939125,3576.6,2926.4,4322.95,2866.6,3260.5,1,1,3260.4,16,2,3260.3,6,1,3260.2,8,1,3260.1,33,3,3261.5,23,2,3261.6,168,5,3261.7,36,2,3261.8,36,1,3261.9,20,1
11536,2025-12-30 13:13:28+05:30,3260.4,1,3251.47,1174593,110785.0,123245.0,3250.0,3265.1,3239.8,3251.5,44939125,3576.6,2926.4,4322.95,2866.6,3260.5,1,1,3260.4,16,2,3260.3,6,1,3260.2,8,1,3260.1,33,3,3261.5,23,2,3261.6,168,5,3261.7,36,2,3261.8,36,1,3261.9,20,1
11536,2025-12-30 13:13:28+05:30,3260.4,12,3251.47,1174656,109481.0,124768.0,3250.0,3265.1,3239.8,3251.5,44939125,3576.6,2926.4,4322.95,2866.6,3259.9,52,5,3259.8,65,4,3259.7,74,3,3259.6,87,6,3259.5,97,4,3260.4,47,3,3260.5,1,1,3261.2,22,1,3261.3,3,1,3261.4,66,3
11536,2025-12-30 13:13:29+05:30,3260.4,12,3251.47,1174656,109481.0,124768.0,3250.0,3265.1,3239.8,3251.5,44939125,3576.6,2926.4,4322.95,2866.6,3259.9,52,5,3259.8,65,4,3259.7,74,3,3259.6,87,6,3259.5,97,4,3260.4,47,3,3260.5,1,1,3261.2,22,1,3261.3,3,1,3261.4,66,3
11536,2025-12-30 13:13:29+05:30,3259.9,3,3251.47,1174662,109294.0,125573.0,3250.0,3265.1,3239.8,3251.5,44939125,3576.6,2926.4,4322.95,2866.6,3259.9,46,4,3259.8,65,4,3259.7,52,2,3259.6,74,5,3259.5,93,4,3260.4,94,6,3260.5,1,1,3261.2,22,1,3261.3,3,1,3261.4,92,4
11536,2025-12-30 13:13:30+05:30,3259.9,90,3251.47,1174662,109294.0,125573.0,3250.0,3265.1,3239.8,3251.5,44939125,3576.6,2926.4,4322.95,2866.6,3259.9,46,4,3259.8,65,4,3259.7,52,2,3259.6,74,5,3259.5,93,4,3260.4,94,6,3260.5,1,1,3261.2,22,1,3261.3,3,1,3261.4,92,4
11536,2025-12-30 13:13:31+05:30,3260.4,4,3251.47,1174803,108976.0,125018.0,3250.0,3265.1,3239.8,3251.5,44939125,3576.6,2926.4,4322.95,2866.6,3259.9,28,4,3259.8,31,1,3259.7,29,1,3259.6,91,6,3259.5,71,3,3260.4,93,7,3260.5,1,1,3261.3,3,1,3261.4,92,4,3261.5,65,2
11536,2025-12-30 13:13:31+05:30,3259.8,155,3251.47,1174803,108976.0,125018.0,3250.0,3265.1,3239.8,3251.5,44939125,3576.6,2926.4,4322.95,2866.6,3259.9,28,4,3259.8,31,1,3259.7,29,1,3259.6,91,6,3259.5,71,3,3260.4,93,7,3260.5,1,1,3261.3,3,1,3261.4,92,4,3261.5,65,2
11536,2025-12-30 13:13:31+05:30,3259.7,4,3251.48,1175170,108842.0,125677.0,3250.0,3265.1,3239.8,3251.5,44939125,3576.6,2926.4,4322.95,2866.6,3259.7,24,2,3259.6,13,2,3259.5,74,3,3259.4,101,7,3259.3,76,3,3260.4,67,8,3260.5,1,1,3261.2,61,1,3261.3,60,2,3261.4,131,4
11536,2025-12-30 13:13:32+05:30,3259.7,4,3251.48,1175170,108842.0,125677.0,3250.0,3265.1,3239.8,3251.5,44939125,3576.6,2926.4,4322.95,2866.6,3259.7,24,2,3259.6,13,2,3259.5,74,3,3259.4,101,7,3259.3,76,3,3260.4,67,8,3260.5,1,1,3261.2,61,1,3261.3,60,2,3261.4,131,4
11536,2025-12-30 13:13:33+05:30,3259.7,2,3251.48,1175173,108946.0,123797.0,3250.0,3265.1,3239.8,3251.5,44939125,3576.6,2926.4,4322.95,2866.6,3259.7,55,5,3259.6,16,3,3259.5,83,4,3259.4,111,8,3259.3,85,4,3260.4,81,9,3261.2,61,1,3261.3,60,2,3261.4,131,4,3261.5,19,1
11536,2025-12-30 13:13:33+05:30,3259.7,2,3251.48,1175173,108946.0,123797.0,3250.0,3265.1,3239.8,3251.5,44939125,3576.6,2926.4,4322.95,2866.6,3259.7,55,5,3259.6,16,3,3259.5,83,4,3259.4,111,8,3259.3,85,4,3260.4,81,9,3261.2,61,1,3261.3,60,2,3261.4,131,4,3261.5,19,1
11536,2025-12-30 13:13:34+05:30,3260.4,1,3251.48,1175173,108946.0,123797.0,3250.0,3265.1,3239.8,3251.5,44939125,3576.6,2926.4,4322.95,2866.6,3259.7,55,5,3259.6,16,3,3259.5,83,4,3259.4,111,8,3259.3,85,4,3260.4,81,9,3261.2,61,1,3261.3,60,2,3261.4,131,4,3261.5,19,1
11536,2025-12-30 13:13:34+05:30,3260.4,1,3251.48,1175325,109050.0,123912.0,3250.0,3265.1,3239.8,3251.5,44939125,3576.6,2926.4,4322.95,2866.6,3259.9,56,4,3259.8,49,5,3259.7,91,4,3259.6,32,4,3259.5,72,4,3260.4,9,2,3261.2,36,2,3261.4,57,2,3261.5,65,2,3261.6,85,4
11536,2025-12-30 13:13:35+05:30,3260.4,1,3251.48,1175325,109050.0,123912.0,3250.0,3265.1,3239.8,3251.5,44939125,3576.6,2926.4,4322.95,2866.6,3259.9,56,4,3259.8,49,5,3259.7,91,4,3259.6,32,4,3259.5,72,4,3260.4,9,2,3261.2,36,2,3261.4,57,2,3261.5,65,2,3261.6,85,4
11536,2025-12-30 13:13:35+05:30,3260.4,1,3251.48,1175370,108876.0,125146.0,3250.0,3265.1,3239.8,3251.5,44939125,3576.6,2926.4,4322.95,2866.6,3259.9,2,1,3259.7,71,3,3259.6,32,4,3259.5,79,4,3259.4,132,9,3260.4,7,3,3261.2,36,2,3261.3,70,2,3261.4,103,3,3261.5,19,1
11536,2025-12-30 13:13:36+05:30,3260.4,1,3251.48,1175370,108913.0,125929.0,3250.0,3265.1,3239.8,3251.5,44939125,3576.6,2926.4,4322.95,2866.6,3259.9,2,1,3259.7,81,4,3259.6,54,5,3259.5,57,3,3259.4,158,10,3260.4,7,3,3261.2,36,2,3261.3,70,2,3261.4,57,2,3261.5,65,2
11536,2025-12-30 13:13:37+05:30,3260.2,3,3251.49,1176398,110459.0,123098.0,3250.0,3265.1,3239.8,3251.5,44939125,3576.6,2926.4,4322.95,2866.6,3260.5,1,1,3260.2,9,1,3260.1,180,1,3260.0,32,3,3259.9,80,3,3261.4,88,4,3261.5,20,2,3261.6,54,3,3261.7,26,2,3261.8,31,2
11536,2025-12-30 13:13:37+05:30,3260.2,3,3251.49,1176398,110459.0,123098.0,3250.0,3265.1,3239.8,3251.5,44939125,3576.6,2926.4,4322.95,2866.6,3260.5,1,1,3260.2,9,1,3260.1,180,1,3260.0,32,3,3259.9,80,3,3261.4,88,4,3261.5,20,2,3261.6,54,3,3261.7,26,2,3261.8,31,2
11536,2025-12-30 13:13:38+05:30,3260.2,9,3251.49,1176408,110898.0,123708.0,3250.0,3265.1,3239.8,3251.5,44939125,3576.6,2926.4,4322.95,2866.6,3260.5,1,1,3260.2,186,3,3260.0,36,4,3259.9,49,3,3259.8,100,6,3261.4,70,4,3261.5,30,2,3261.6,54,3,3261.7,26,2,3261.8,31,2
11536,2025-12-30 13:13:38+05:30,3260.2,9,3251.49,1176408,110898.0,123708.0,3250.0,3265.1,3239.8,3251.5,44939125,3576.6,2926.4,4322.95,2866.6,3260.5,1,1,3260.2,186,3,3260.0,36,4,3259.9,49,3,3259.8,100,6,3261.4,70,4,3261.5,30,2,3261.6,54,3,3261.7,26,2,3261.8,31,2
11536,2025-12-30 13:13:39+05:30,3260.5,1,3251.49,1176409,111779.0,122909.0,3250.0,3265.1,3239.8,3251.5,44939125,3576.6,2926.4,4322.95,2866.6,3260.5,52,1,3260.2,186,3,3260.0,82,5,3259.9,16,3,3259.8,127,8,3261.4,70,4,3261.5,30,2,3261.6,28,2,3261.7,18,1,3261.8,31,2
11536,2025-12-30 13:13:39+05:30,3260.5,1,3251.49,1176409,111779.0,122909.0,3250.0,3265.1,3239.8,3251.5,44939125,3576.6,2926.4,4322.95,2866.6,3260.5,52,1,3260.2,186,3,3260.0,82,5,3259.9,16,3,3259.8,127,8,3261.4,70,4,3261.5,30,2,3261.6,28,2,3261.7,18,1,3261.8,31,2
11536,2025-12-30 13:13:40+05:30,3261.7,1,3251.49,1176621,113494.0,121923.0,3250.0,3265.1,3239.8,3251.5,44939125,3576.6,2926.4,4322.95,2866.6,3261.4,2,1,3260.8,16,1,3260.6,164,2,3260.5,76,2,3260.4,172,6,3262.0,146,3,3262.1,3,1,3262.2,76,3,3262.3,17,1,3262.5,123,6
11536,2025-12-30 13:13:40+05:30,3261.7,1,3251.49,1176621,113494.0,121923.0,3250.0,3265.1,3239.8,3251.5,44939125,3576.6,2926.4,4322.95,2866.6,3261.4,2,1,3260.8,16,1,3260.6,164,2,3260.5,76,2,3260.4,172,6,3262.0,146,3,3262.1,3,1,3262.2,76,3,3262.3,17,1,3262.5,123,6
11536,2025-12-30 13:13:41+05:30,3261.7,1,3251.49,1176621,113089.0,121845.0,3250.0,3265.1,3239.8,3251.5,44939125,3576.6,2926.4,4322.95,2866.6,3260.6,15,1,3260.4,43,4,3260.3,107,3,3260.2,227,6,3260.1,113,4,3261.9,50,3,3262.0,141,3,3262.1,9,1,3262.2,72,3,3262.3,17,1
11536,2025-12-30 13:13:42+05:30,3261.7,1,3251.49,1176621,113072.0,122393.0,3250.0,3265.1,3239.8,3251.5,44939125,3576.6,2926.4,4322.95,2866.6,3260.6,74,3,3260.4,43,4,3260.3,107,3,3260.2,309,8,3260.1,67,3,3261.9,51,4,3262.0,151,4,3262.1,9,1,3262.2,72,3,3262.3,90,3
11536,2025-12-30 13:13:43+05:30,3260.0,52,3251.5,1178128,109667.0,123112.0,3250.0,3265.1,3239.8,3251.5,44939125,3576.6,2926.4,4322.95,2866.6,3260.0,68,4,3259.9,34,5,3259.8,52,4,3259.7,17,3,3259.6,37,5,3260.6,1,1,3261.4,124,3,3261.5,42,1,3261.6,135,4,3261.7,80,4
11536,2025-12-30 13:13:43+05:30,3259.9,13,3251.5,1178128,109667.0,123112.0,3250.0,3265.1,3239.8,3251.5,44939125,3576.6,2926.4,4322.95,2866.6,3260.0,68,4,3259.9,34,5,3259.8,52,4,3259.7,17,3,3259.6,37,5,3260.6,1,1,3261.4,124,3,3261.5,42,1,3261.6,135,4,3261.7,80,4
11536,2025-12-30 13:13:44+05:30,3259.9,13,3251.5,1178170,110321.0,124059.0,3250.0,3265.1,3239.8,3251.5,44939125,3576.6,2926.4,4322.95,2866.6,3260.2,110,1,3260.0,166,2,3259.9,18,4,3259.8,13,2,3259.7,17,3,3260.6,33,3,3261.2,22,1,3261.3,82,2,3261.4,124,3,3261.5,81,3
11536,2025-12-30 13:13:45+05:30,3260.6,1,3251.5,1178178,110404.0,125230.0,3250.0,3265.1,3239.8,3251.5,44939125,3576.6,2926.4,4322.95,2866.6,3260.2,176,3,3259.9,18,4,3259.8,29,3,3259.7,17,3,3259.6,194,5,3260.6,28,3,3261.2,22,1,3261.4,82,2,3261.5,39,2,3261.6,94,3
11536,2025-12-30 13:13:45+05:30,3260.6,1,3251.5,1178178,110404.0,125230.0,3250.0,3265.1,3239.8,3251.5,44939125,3576.6,2926.4,4322.95,2866.6,3260.2,176,3,3259.9,18,4,3259.8,29,3,3259.7,17,3,3259.6,194,5,3260.6,28,3,3261.2,22,1,3261.4,82,2,3261.5,39,2,3261.6,94,3
11536,2025-12-30 13:13:46+05:30,3260.2,2,3251.5,1178181,110402.0,124837.0,3250.0,3265.1,3239.8,3251.5,44939125,3576.6,2926.4,4322.95,2866.6,3260.2,174,3,3259.9,18,4,3259.8,29,3,3259.7,17,3,3259.6,194,5,3260.6,28,4,3261.2,22,1,3261.4,82,2,3261.5,39,2,3261.6,94,3
11536,2025-12-30 13:13:46+05:30,3260.1,12,3251.5,1178181,110402.0,124837.0,3250.0,3265.1,3239.8,3251.5,44939125,3576.6,2926.4,4322.95,2866.6,3260.2,174,3,3259.9,18,4,3259.8,29,3,3259.7,17,3,3259.6,194,5,3260.6,28,4,3261.2,22,1,3261.4,82,2,3261.5,39,2,3261.6,94,3
11536,2025-12-30 13:13:47+05:30,3260.6,1,3251.5,1178487,110773.0,124224.0,3250.0,3265.1,3239.8,3251.5,44939125,3576.6,2926.4,4322.95,2866.6,3260.1,2,1,3259.9,18,4,3259.8,13,2,3259.7,32,3,3259.6,187,5,3261.2,68,3,3261.3,22,2,3261.4,44,3,3261.5,61,2,3261.6,67,2
11536,2025-12-30 13:13:47+05:30,3260.6,1,3251.5,1178487,110773.0,124224.0,3250.0,3265.1,3239.8,3251.5,44939125,3576.6,2926.4,4322.95,2866.6,3260.1,2,1,3259.9,18,4,3259.8,13,2,3259.7,32,3,3259.6,187,5,3261.2,68,3,3261.3,22,2,3261.4,44,3,3261.5,61,2,3261.6,67,2
11536,2025-12-30 13:13:48+05:30,3260.6,1,3251.5,1178487,111007.0,124460.0,3250.0,3265.1,3239.8,3251.5,44939125,3576.6,2926.4,4322.95,2866.6,3260.6,1,1,3260.2,16,1,3260.1,10,1,3259.9,18,4,3259.8,13,2,3261.2,68,3,3261.3,22,2,3261.4,37,2,3261.5,61,2,3261.6,53,3
11536,2025-12-30 13:13:49+05:30,3260.6,1,3251.5,1178488,111681.0,124609.0,3250.0,3265.1,3239.8,3251.5,44939125,3576.6,2926.4,4322.95,2866.6,3260.6,2,2,3260.2,16,1,3260.1,10,1,3259.9,18,4,3259.8,13,2,3261.2,83,3,3261.3,10,1,3261.4,21,1,3261.5,78,3,3261.6,56,3
11536,2025-12-30 13:13:49+05:30,3260.6,1,3251.5,1178488,111681.0,124609.0,3250.0,3265.1,3239.8,3251.5,44939125,3576.6,2926.4,4322.95,2866.6,3260.6,2,2,3260.2,16,1,3260.1,10,1,3259.9,18,4,3259.8,13,2,3261.2,83,3,3261.3,10,1,3261.4,21,1,3261.5,78,3,3261.6,56,3
11536,2025-12-30 13:13:50+05:30,3260.6,1,3251.5,1178488,111692.0,124671.0,3250.0,3265.1,3239.8,3251.5,44939125,3576.6,2926.4,4322.95,2866.6,3260.6,2,2,3260.2,16,1,3260.1,10,1,3259.9,34,5,3259.8,34,3,3261.2,83,3,3261.3,10,1,3261.4,21,1,3261.5,53,2,3261.6,19,1
11536,2025-12-30 13:13:51+05:30,3260.6,1,3251.5,1178488,111692.0,124671.0,3250.0,3265.1,3239.8,3251.5,44939125,3576.6,2926.4,4322.95,2866.6,3260.6,2,2,3260.2,16,1,3260.1,10,1,3259.9,34,5,3259.8,34,3,3261.2,83,3,3261.3,10,1,3261.4,21,1,3261.5,53,2,3261.6,19,1
11536,2025-12-30 13:13:51+05:30,3260.6,1,3251.5,1178489,112321.0,124671.0,3250.0,3265.1,3239.8,3251.5,44939125,3576.6,2926.4,4322.95,2866.6,3260.6,1,1,3260.2,16,1,3260.1,28,2,3259.9,18,4,3259.8,50,4,3261.2,83,3,3261.3,10,1,3261.4,21,1,3261.5,53,2,3261.6,19,1
11536,2025-12-30 13:13:52+05:30,3261.2,3,3251.5,1178489,112321.0,124671.0,3250.0,3265.1,3239.8,3251.5,44939125,3576.6,2926.4,4322.95,2866.6,3260.6,1,1,3260.2,16,1,3260.1,28,2,3259.9,18,4,3259.8,50,4,3261.2,83,3,3261.3,10,1,3261.4,21,1,3261.5,53,2,3261.6,19,1
11536,2025-12-30 13:13:52+05:30,3261.2,3,3251.5,1178492,112087.0,125002.0,3250.0,3265.1,3239.8,3251.5,44939125,3576.6,2926.4,4322.95,2866.6,3260.6,1,1,3260.2,16,1,3260.1,10,1,3259.9,23,5,3259.8,50,4,3261.2,80,3,3261.3,10,1,3261.4,21,1,3261.5,53,2,3261.6,35,2
11536,2025-12-30 13:13:53+05:30,3260.2,81,3251.5,1178492,112087.0,125002.0,3250.0,3265.1,3239.8,3251.5,44939125,3576.6,2926.4,4322.95,2866.6,3260.6,1,1,3260.2,16,1,3260.1,10,1,3259.9,23,5,3259.8,50,4,3261.2,80,3,3261.3,10,1,3261.4,21,1,3261.5,53,2,3261.6,35,2
11536,2025-12-30 13:13:53+05:30,3260.2,81,3251.5,1178575,110653.0,125060.0,3250.0,3265.1,3239.8,3251.5,44939125,3576.6,2926.4,4322.95,2866.6,3260.2,16,1,3260.1,10,1,3259.9,20,4,3259.8,18,3,3259.7,159,3,3261.0,47,2,3261.1,20,1,3261.2,46,2,3261.3,11,1,3261.4,37,2
11536,2025-12-30 13:13:54+05:30,3260.2,81,3251.5,1178575,110619.0,125370.0,3250.0,3265.1,3239.8,3251.5,44939125,3576.6,2926.4,4322.95,2866.6,3260.2,63,2,3260.1,73,2,3259.9,20,4,3259.8,18,3,3259.7,175,4,3261.0,47,2,3261.2,46,2,3261.3,11,1,3261.4,37,2,3261.5,264,4
11536,2025-12-30 13:13:55+05:30,3261.0,1,3251.5,1178575,110619.0,125370.0,3250.0,3265.1,3239.8,3251.5,44939125,3576.6,2926.4,4322.95,2866.6,3260.2,63,2,3260.1,73,2,3259.9,20,4,3259.8,18,3,3259.7,175,4,3261.0,47,2,3261.2,46,2,3261.3,11,1,3261.4,37,2,3261.5,264,4
11536,2025-12-30 13:13:55+05:30,3261.0,1,3251.5,1178626,110585.0,124910.0,3250.0,3265.1,3239.8,3251.5,44939125,3576.6,2926.4,4322.95,2866.6,3260.2,60,2,3260.1,73,2,3259.9,23,5,3259.8,34,4,3259.7,168,4,3261.0,13,1,3261.2,20,1,3261.3,83,3,3261.4,51,4,3261.5,99,3
11536,2025-12-30 13:13:56+05:30,3260.2,1,3251.5,1178626,110585.0,124910.0,3250.0,3265.1,3239.8,3251.5,44939125,3576.6,2926.4,4322.95,2866.6,3260.2,60,2,3260.1,73,2,3259.9,23,5,3259.8,34,4,3259.7,168,4,3261.0,13,1,3261.2,20,1,3261.3,83,3,3261.4,51,4,3261.5,99,3
11536,2025-12-30 13:13:56+05:30,3261.2,2,3251.5,1178674,110407.0,125511.0,3250.0,3265.1,3239.8,3251.5,44939125,3576.6,2926.4,4322.95,2866.6,3260.2,59,2,3260.1,73,2,3259.9,41,6,3259.8,18,3,3259.7,159,3,3261.2,10,1,3261.3,83,3,3261.4,32,2,3261.5,99,3,3261.6,40,2
11536,2025-12-30 13:13:57+05:30,3261.3,36,3251.5,1178674,110407.0,125511.0,3250.0,3265.1,3239.8,3251.5,44939125,3576.6,2926.4,4322.95,2866.6,3260.2,59,2,3260.1,73,2,3259.9,41,6,3259.8,18,3,3259.7,159,3,3261.2,10,1,3261.3,83,3,3261.4,32,2,3261.5,99,3,3261.6,40,2
11536,2025-12-30 13:13:57+05:30,3261.3,36,3251.5,1178736,110247.0,125716.0,3250.0,3265.1,3239.8,3251.5,44939125,3576.6,2926.4,4322.95,2866.6,3260.2,71,3,3260.1,85,4,3259.9,48,6,3259.8,34,4,3259.7,15,3,3261.3,89,4,3261.4,67,2,3261.5,100,4,3261.6,110,3,3261.7,43,2
11536,2025-12-30 13:13:58+05:30,3261.9,10,3251.5,1178736,110247.0,125716.0,3250.0,3265.1,3239.8,3251.5,44939125,3576.6,2926.4,4322.95,2866.6,3260.2,71,3,3260.1,85,4,3259.9,48,6,3259.8,34,4,3259.7,15,3,3261.3,89,4,3261.4,67,2,3261.5,100,4,3261.6,110,3,3261.7,43,2
11536,2025-12-30 13:13:58+05:30,3260.5,9,3251.51,1178925,112189.0,123235.0,3250.0,3265.1,3239.8,3251.5,44939125,3576.6,2926.4,4322.95,2866.6,3260.4,40,2,3260.3,1,1,3260.2,174,5,3260.1,102,5,3260.0,22,1,3261.8,108,7,3261.9,97,4,3262.0,136,2,3262.1,26,2,3262.2,224,5
11536,2025-12-30 13:13:59+05:30,3260.5,9,3251.51,1178925,112189.0,123235.0,3250.0,3265.1,3239.8,3251.5,44939125,3576.6,2926.4,4322.95,2866.6,3260.4,40,2,3260.3,1,1,3260.2,174,5,3260.1,102,5,3260.0,22,1,3261.8,108,7,3261.9,97,4,3262.0,136,2,3262.1,26,2,3262.2,224,5
11536,2025-12-30 13:13:59+05:30,3260.5,9,3251.51,1178925,112602.0,123440.0,3250.0,3265.1,3239.8,3251.5,44939125,3576.6,2926.4,4322.95,2866.6,3260.5,15,1,3260.4,174,4,3260.3,1,1,3260.2,86,3,3260.1,22,3,3261.6,22,1,3261.7,35,2,3261.8,67,4,3261.9,26,2,3262.0,182,3
11536,2025-12-30 13:14:00+05:30,3260.5,9,3251.51,1178925,112642.0,124228.0,3250.0,3265.1,3239.8,3251.5,44939125,3576.6,2926.4,4322.95,2866.6,3260.5,80,2,3260.4,107,3,3260.3,1,1,3260.2,86,3,3260.1,22,3,3261.7,35,2,3261.8,78,5,3261.9,84,3,3262.0,158,3,3262.1,26,2
11536,2025-12-30 13:14:01+05:30,3261.8,8,3251.51,1178925,112642.0,124228.0,3250.0,3265.1,3239.8,3251.5,44939125,3576.6,2926.4,4322.95,2866.6,3260.5,80,2,3260.4,107,3,3260.3,1,1,3260.2,86,3,3260.1,22,3,3261.7,35,2,3261.8,78,5,3261.9,84,3,3262.0,158,3,3262.1,26,2
11536,2025-12-30 13:14:01+05:30,3261.8,8,3251.51,1178990,114107.0,122426.0,3250.0,3265.1,3239.8,3251.5,44939125,3576.6,2926.4,4322.95,2866.6,3261.8,1,1,3260.9,46,2,3260.8,63,4,3260.7,30,3,3260.6,204,3,3262.0,100,1,3262.1,22,2,3262.3,51,2,3262.4,59,3,3262.5,256,6
11536,2025-12-30 13:14:02+05:30,3261.8,1,3251.51,1178990,114107.0,122426.0,3250.0,3265.1,3239.8,3251.5,44939125,3576.6,2926.4,4322.95,2866.6,3261.8,1,1,3260.9,46,2,3260.8,63,4,3260.7,30,3,3260.6,204,3,3262.0,100,1,3262.1,22,2,3262.3,51,2,3262.4,59,3,3262.5,256,6
11536,2025-12-30 13:14:02+05:30,3261.8,1,3251.51,1178991,113206.0,122271.0,3250.0,3265.1,3239.8,3251.5,44939125,3576.6,2926.4,4322.95,2866.6,3261.8,1,1,3261.1,25,1,3261.0,21,1,3260.8,63,4,3260.7,27,2,3262.0,100,1,3262.3,73,4,3262.4,32,2,3262.5,5,2,3262.6,103,3
11536,2025-12-30 13:14:03+05:30,3261.8,1,3251.51,1178991,114753.0,122271.0,3250.0,3265.1,3239.8,3251.5,44939125,3576.6,2926.4,4322.95,2866.6,3261.8,1,1,3261.1,25,1,3261.0,21,1,3260.9,61,1,3260.8,63,4,3262.0,100,1,3262.3,73,4,3262.4,32,2,3262.5,5,2,3262.6,57,2
11536,2025-12-30 13:14:04+05:30,3261.8,1,3251.51,1178991,114753.0,122271.0,3250.0,3265.1,3239.8,3251.5,44939125,3576.6,2926.4,4322.95,2866.6,3261.8,1,1,3261.1,25,1,3261.0,21,1,3260.9,61,1,3260.8,63,4,3262.0,100,1,3262.3,73,4,3262.4,32,2,3262.5,5,2,3262.6,57,2
11536,2025-12-30 13:14:04+05:30,3261.8,1,3251.51,1178993,114943.0,121124.0,3250.0,3265.1,3239.8,3251.5,44939125,3576.6,2926.4,4322.95,2866.6,3261.2,49,3,3261.1,23,1,3261.0,4,2,3260.9,228,2,3260.8,101,5,3262.5,52,6,3262.6,57,2,3262.7,153,2,3262.8,182,7,3262.9,100,5
11536,2025-12-30 13:14:05+05:30,3262.5,1,3251.51,1178993,114943.0,121124.0,3250.0,3265.1,3239.8,3251.5,44939125,3576.6,2926.4,4322.95,2866.6,3261.2,49,3,3261.1,23,1,3261.0,4,2,3260.9,228,2,3260.8,101,5,3262.5,52,6,3262.6,57,2,3262.7,153,2,3262.8,182,7,3262.9,100,5
11536,2025-12-30 13:14:05+05:30,3262.5,1,3251.51,1178994,114576.0,121432.0,3250.0,3265.1,3239.8,3251.5,44939125,3576.6,2926.4,4322.95,2866.6,3261.2,141,4,3261.1,23,1,3261.0,4,2,3260.9,61,1,3260.8,101,5,3262.4,48,4,3262.5,71,6,3262.6,103,3,3262.7,327,3,3262.8,163,7
11536,2025-12-30 13:14:06+05:30,3262.5,1,3251.51,1178994,114393.0,121459.0,3250.0,3265.1,3239.8,3251.5,44939125,3576.6,2926.4,4322.95,2866.6,3261.2,141,4,3261.1,23,1,3261.0,4,2,3260.9,61,1,3260.8,101,5,3262.4,59,5,3262.5,60,5,3262.6,103,3,3262.7,327,3,3262.8,163,7
11536,2025-12-30 13:14:07+05:30,3261.2,1,3251.51,1178994,114393.0,121459.0,3250.0,3265.1,3239.8,3251.5,44939125,3576.6,2926.4,4322.95,2866.6,3261.2,141,4,3261.1,23,1,3261.0,4,2,3260.9,61,1,3260.8,101,5,3262.4,59,5,3262.5,60,5,3262.6,103,3,3262.7,327,3,3262.8,163,7
11536,2025-12-30 13:14:07+05:30,3261.2,1,3251.51,1178995,114708.0,121654.0,3250.0,3265.1,3239.8,3251.5,44939125,3576.6,2926.4,4322.95,2866.6,3261.2,119,3,3261.1,23,1,3261.0,1,1,3260.9,82,2,3260.8,63,4,3262.3,76,6,3262.4,34,2,3262.5,26,3,3262.6,103,3,3262.7,354,4
11536,2025-12-30 13:14:08+05:30,3262.3,4,3251.51,1178995,114708.0,121654.0,3250.0,3265.1,3239.8,3251.5,44939125,3576.6,2926.4,4322.95,2866.6,3261.2,119,3,3261.1,23,1,3261.0,1,1,3260.9,82,2,3260.8,63,4,3262.3,76,6,3262.4,34,2,3262.5,26,3,3262.6,103,3,3262.7,354,4
11536,2025-12-30 13:14:08+05:30,3262.3,4,3251.51,1179000,114412.0,121637.0,3250.0,3265.1,3239.8,3251.5,44939125,3576.6,2926.4,4322.95,2866.6,3261.2,119,3,3261.1,26,2,3261.0,1,1,3260.9,88,3,3260.8,63,4,3262.3,59,5,3262.4,34,2,3262.5,26,3,3262.6,103,3,3262.7,354,4
11536,2025-12-30 13:14:09+05:30,3262.3,4,3251.51,1179000,114800.0,121643.0,3250.0,3265.1,3239.8,3251.5,44939125,3576.6,2926.4,4322.95,2866.6,3261.2,119,3,3261.1,101,4,3261.0,1,1,3260.9,67,2,3260.8,63,4,3262.3,38,4,3262.4,34,2,3262.5,26,3,3262.6,124,4,3262.7,354,4
11536,2025-12-30 13:14:10+05:30,3261.7,174,3251.51,1179000,114800.0,121643.0,3250.0,3265.1,3239.8,3251.5,44939125,3576.6,2926.4,4322.95,2866.6,3261.2,119,3,3261.1,101,4,3261.0,1,1,3260.9,67,2,3260.8,63,4,3262.3,38,4,3262.4,34,2,3262.5,26,3,3262.6,124,4,3262.7,354,4
11536,2025-12-30 13:14:10+05:30,3260.1,211,3251.52,1180675,113336.0,121427.0,3250.0,3265.1,3239.8,3251.5,44939125,3576.6,2926.4,4322.95,2866.6,3261.1,15,1,3261.0,30,2,3260.9,15,1,3260.8,59,4,3260.6,79,5,3262.3,45,2,3262.4,110,5,3262.5,51,4,3262.6,73,5,3262.7,206,3
11536,2025-12-30 13:14:11+05:30,3260.1,211,3251.52,1180675,113336.0,121427.0,3250.0,3265.1,3239.8,3251.5,44939125,3576.6,2926.4,4322.95,2866.6,3261.1,15,1,3261.0,30,2,3260.9,15,1,3260.8,59,4,3260.6,79,5,3262.3,45,2,3262.4,110,5,3262.5,51,4,3262.6,73,5,3262.7,206,3
11536,2025-12-30 13:14:11+05:30,3260.1,211,3251.52,1180675,113737.0,121447.0,3250.0,3265.1,3239.8,3251.5,44939125,3576.6,2926.4,4322.95,2866.6,3261.1,15,1,3261.0,30,2,3260.9,15,1,3260.8,74,5,3260.6,117,6,3262.3,32,2,3262.4,46,2,3262.5,85,4,3262.6,73,5,3262.7,206,3
11536,2025-12-30 13:14:12+05:30,3262.3,1,3251.52,1180675,113737.0,121447.0,3250.0,3265.1,3239.8,3251.5,44939125,3576.6,2926.4,4322.95,2866.6,3261.1,15,1,3261.0,30,2,3260.9,15,1,3260.8,74,5,3260.6,117,6,3262.3,32,2,3262.4,46,2,3262.5,85,4,3262.6,73,5,3262.7,206,3
11536,2025-12-30 13:14:12+05:30,3262.3,1,3251.52,1180676,117053.0,121198.0,3250.0,3265.1,3239.8,3251.5,44939125,3576.6,2926.4,4322.95,2866.6,3262.3,1,1,3261.3,15,1,3261.2,60,3,3261.1,23,1,3261.0,107,3,3262.5,32,2,3262.6,36,1,3262.7,40,2,3262.8,52,2,3262.9,81,5
11536,2025-12-30 13:14:13+05:30,3262.3,1,3251.52,1180676,117053.0,121198.0,3250.0,3265.1,3239.8,3251.5,44939125,3576.6,2926.4,4322.95,2866.6,3262.3,1,1,3261.3,15,1,3261.2,60,3,3261.1,23,1,3261.0,107,3,3262.5,32,2,3262.6,36,1,3262.7,40,2,3262.8,52,2,3262.9,81,5
11536,2025-12-30 13:14:13+05:30,3262.3,1,3251.52,1180679,115638.0,121558.0,3250.0,3265.1,3239.8,3251.5,44939125,3576.6,2926.4,4322.95,2866.6,3261.3,63,3,3261.2,18,2,3261.1,23,1,3261.0,61,1,3260.9,38,2,3262.3,2,2,3262.5,151,1,3262.6,242,4,3262.7,62,2,3262.8,49,2
11536,2025-12-30 13:14:14+05:30,3262.3,1,3251.52,1180679,115629.0,121728.0,3250.0,3265.1,3239.8,3251.5,44939125,3576.6,2926.4,4322.95,2866.6,3261.3,63,3,3261.2,3,1,3261.1,23,1,3261.0,61,1,3260.9,38,2,3262.3,2,2,3262.4,10,1,3262.5,151,1,3262.6,241,4,3262.7,62,2
11536,2025-12-30 13:14:15+05:30,3262.3,1,3251.52,1180679,115629.0,121728.0,3250.0,3265.1,3239.8,3251.5,44939125,3576.6,2926.4,4322.95,2866.6,3261.3,63,3,3261.2,3,1,3261.1,23,1,3261.0,61,1,3260.9,38,2,3262.3,2,2,3262.4,10,1,3262.5,151,1,3262.6,241,4,3262.7,62,2
11536,2025-12-30 13:14:15+05:30,3262.3,1,3251.52,1180680,115684.0,121951.0,3250.0,3265.1,3239.8,3251.5,44939125,3576.6,2926.4,4322.95,2866.6,3261.3,41,2,3261.1,23,1,3261.0,83,2,3260.9,28,1,3260.8,47,4,3262.3,19,4,3262.5,60,3,3262.6,241,4,3262.7,62,2,3262.8,88,5
11536,2025-12-30 13:14:16+05:30,3262.6,50,3251.52,1180680,115684.0,121951.0,3250.0,3265.1,3239.8,3251.5,44939125,3576.6,2926.4,4322.95,2866.6,3261.3,41,2,3261.1,23,1,3261.0,83,2,3260.9,28,1,3260.8,47,4,3262.3,19,4,3262.5,60,3,3262.6,241,4,3262.7,62,2,3262.8,88,5
11536,2025-12-30 13:14:16+05:30,3262.6,50,3251.52,1180776,117280.0,121403.0,3250.0,3265.1,3239.8,3251.5,44939125,3576.6,2926.4,4322.95,2866.6,3262.4,1,1,3261.5,76,2,3261.4,48,2,3261.3,25,2,3261.2,61,1,3262.6,145,3,3262.7,16,1,3262.8,45,2,3262.9,113,5,3263.0,344,6
11536,2025-12-30 13:14:17+05:30,3262.4,1,3251.52,1180776,117280.0,121403.0,3250.0,3265.1,3239.8,3251.5,44939125,3576.6,2926.4,4322.95,2866.6,3262.4,1,1,3261.5,76,2,3261.4,48,2,3261.3,25,2,3261.2,61,1,3262.6,145,3,3262.7,16,1,3262.8,45,2,3262.9,113,5,3263.0,344,6
11536,2025-12-30 13:14:17+05:30,3262.4,1,3251.52,1180777,115761.0,121533.0,3250.0,3265.1,3239.8,3251.5,44939125,3576.6,2926.4,4322.95,2866.6,3262.4,1,1,3261.2,61,1,3261.1,89,3,3261.0,147,6,3260.9,72,3,3262.6,167,4,3262.7,26,2,3262.8,71,3,3262.9,111,4,3263.0,344,6
11536,2025-12-30 13:14:18+05:30,3262.4,1,3251.52,1180777,117135.0,121460.0,3250.0,3265.1,3239.8,3251.5,44939125,3576.6,2926.4,4322.95,2866.6,3262.4,3,3,3261.5,9,1,3261.4,3,1,3261.3,1,1,3261.2,64,2,3262.6,148,3,3262.7,62,3,3262.8,86,5,3262.9,56,3,3263.0,361,5
11536,2025-12-30 13:14:19+05:30,3262.6,1,3251.52,1180777,117135.0,121460.0,3250.0,3265.1,3239.8,3251.5,44939125,3576.6,2926.4,4322.95,2866.6,3262.4,3,3,3261.5,9,1,3261.4,3,1,3261.3,1,1,3261.2,64,2,3262.6,148,3,3262.7,62,3,3262.8,86,5,3262.9,56,3,3263.0,361,5
11536,2025-12-30 13:14:19+05:30,3261.5,6,3251.52,1180789,115573.0,121622.0,3250.0,3265.1,3239.8,3251.5,44939125,3576.6,2926.4,4322.95,2866.6,3261.5,18,2,3261.4,3,1,3261.3,27,2,3261.2,3,1,3261.1,12,1,3262.6,177,6,3262.7,38,2,3262.8,124,6,3262.9,226,5,3263.0,338,6
11536,2025-12-30 13:14:20+05:30,3261.5,6,3251.52,1180789,115573.0,121622.0,3250.0,3265.1,3239.8,3251.5,44939125,3576.6,2926.4,4322.95,2866.6,3261.5,18,2,3261.4,3,1,3261.3,27,2,3261.2,3,1,3261.1,12,1,3262.6,177,6,3262.7,38,2,3262.8,124,6,3262.9,226,5,3263.0,338,6
11536,2025-12-30 13:14:20+05:30,3261.5,6,3251.52,1180789,115270.0,121362.0,3250.0,3265.1,3239.8,3251.5,44939125,3576.6,2926.4,4322.95,2866.6,3261.5,18,2,3261.4,53,3,3261.3,1,1,3261.2,3,1,3261.1,15,2,3262.6,136,2,3262.7,36,2,3262.8,49,2,3262.9,273,5,3263.0,180,6
11536,2025-12-30 13:14:21+05:30,3262.6,34,3251.52,1180789,115270.0,121362.0,3250.0,3265.1,3239.8,3251.5,44939125,3576.6,2926.4,4322.95,2866.6,3261.5,18,2,3261.4,53,3,3261.3,1,1,3261.2,3,1,3261.1,15,2,3262.6,136,2,3262.7,36,2,3262.8,49,2,3262.9,273,5,3263.0,180,6
11536,2025-12-30 13:14:21+05:30,3262.6,34,3251.52,1180789,115270.0,121362.0,3250.0,3265.1,3239.8,3251.5,44939125,3576.6,2926.4,4322.95,2866.6,3261.5,18,2,3261.4,53,3,3261.3,1,1,3261.2,3,1,3261.1,15,2,3262.6,136,2,3262.7,36,2,3262.8,49,2,3262.9,273,5,3263.0,180,6
11536,2025-12-30 13:14:21+05:30,3262.6,34,3251.52,1180823,114455.0,121553.0,3250.0,3265.1,3239.8,3251.5,44939125,3576.6,2926.4,4322.95,2866.6,3261.5,18,2,3261.4,30,2,3261.3,1,1,3261.2,3,1,3261.1,38,3,3262.5,111,2,3262.6,36,3,3262.7,67,3,3262.8,216,4,3262.9,214,3
11536,2025-12-30 13:14:22+05:30,3261.5,2,3251.52,1180823,114455.0,121553.0,3250.0,3265.1,3239.8,3251.5,44939125,3576.6,2926.4,4322.95,2866.6,3261.5,18,2,3261.4,30,2,3261.3,1,1,3261.2,3,1,3261.1,38,3,3262.5,111,2,3262.6,36,3,3262.7,67,3,3262.8,216,4,3262.9,214,3
11536,2025-12-30 13:14:22+05:30,3261.5,2,3251.52,1180825,115603.0,121668.0,3250.0,3265.1,3239.8,3251.5,44939125,3576.6,2926.4,4322.95,2866.6,3261.5,16,2,3261.4,3,1,3261.3,1,1,3261.2,3,1,3261.1,15,2,3262.4,42,3,3262.5,171,6,3262.6,74,4,3262.7,72,2,3262.8,263,6
11536,2025-12-30 13:14:22+05:30,3261.5,2,3251.52,1180825,115603.0,121668.0,3250.0,3265.1,3239.8,3251.5,44939125,3576.6,2926.4,4322.95,2866.6,3261.5,16,2,3261.4,3,1,3261.3,1,1,3261.2,3,1,3261.1,15,2,3262.4,42,3,3262.5,171,6,3262.6,74,4,3262.7,72,2,3262.8,263,6
11536,2025-12-30 13:14:23+05:30,3261.5,1,3251.52,1180826,115150.0,121501.0,3250.0,3265.1,3239.8,3251.5,44939125,3576.6,2926.4,4322.95,2866.6,3261.5,71,3,3261.4,3,1,3261.3,1,1,3261.1,15,2,3261.0,66,3,3262.4,74,4,3262.5,159,5,3262.6,74,4,3262.7,72,2,3262.8,220,5
11536,2025-12-30 13:14:24+05:30,3261.5,1,3251.52,1180826,115150.0,121501.0,3250.0,3265.1,3239.8,3251.5,44939125,3576.6,2926.4,4322.95,2866.6,3261.5,71,3,3261.4,3,1,3261.3,1,1,3261.1,15,2,3261.0,66,3,3262.4,74,4,3262.5,159,5,3262.6,74,4,3262.7,72,2,3262.8,220,5
11536,2025-12-30 13:14:24+05:30,3261.5,1,3251.52,1180826,115150.0,121501.0,3250.0,3265.1,3239.8,3251.5,44939125,3576.6,2926.4,4322.95,2866.6,3261.5,71,3,3261.4,3,1,3261.3,1,1,3261.1,15,2,3261.0,66,3,3262.4,74,4,3262.5,159,5,3262.6,74,4,3262.7,72,2,3262.8,220,5
11536,2025-12-30 13:14:24+05:30,3262.4,3,3251.52,1180829,115319.0,120236.0,3250.0,3265.1,3239.8,3251.5,44939125,3576.6,2926.4,4322.95,2866.6,3261.5,71,3,3261.4,3,1,3261.3,1,1,3261.1,12,1,3261.0,66,3,3262.4,46,2,3262.5,126,2,3262.6,48,3,3262.7,223,3,3262.8,79,4
11536,2025-12-30 13:14:25+05:30,3262.4,3,3251.52,1180829,115319.0,120236.0,3250.0,3265.1,3239.8,3251.5,44939125,3576.6,2926.4,4322.95,2866.6,3261.5,71,3,3261.4,3,1,3261.3,1,1,3261.1,12,1,3261.0,66,3,3262.4,46,2,3262.5,126,2,3262.6,48,3,3262.7,223,3,3262.8,79,4
11536,2025-12-30 13:14:25+05:30,3262.4,1,3251.52,1180829,115319.0,120236.0,3250.0,3265.1,3239.8,3251.5,44939125,3576.6,2926.4,4322.95,2866.6,3261.5,71,3,3261.4,3,1,3261.3,1,1,3261.1,12,1,3261.0,66,3,3262.4,46,2,3262.5,126,2,3262.6,48,3,3262.7,223,3,3262.8,79,4
11536,2025-12-30 13:14:25+05:30,3262.4,1,3251.52,1180831,115508.0,121005.0,3250.0,3265.1,3239.8,3251.5,44939125,3576.6,2926.4,4322.95,2866.6,3261.5,56,2,3261.4,3,1,3261.3,1,1,3261.1,12,1,3261.0,66,3,3262.4,55,3,3262.5,48,2,3262.6,45,2,3262.7,42,2,3262.8,263,5
11536,2025-12-30 13:14:26+05:30,3262.4,1,3251.52,1180831,115508.0,121005.0,3250.0,3265.1,3239.8,3251.5,44939125,3576.6,2926.4,4322.95,2866.6,3261.5,56,2,3261.4,3,1,3261.3,1,1,3261.1,12,1,3261.0,66,3,3262.4,55,3,3262.5,48,2,3262.6,45,2,3262.7,42,2,3262.8,263,5
11536,2025-12-30 13:14:26+05:30,3262.4,1,3251.52,1180832,115367.0,121401.0,3250.0,3265.1,3239.8,3251.5,44939125,3576.6,2926.4,4322.95,2866.6,3261.5,56,2,3261.4,3,1,3261.3,1,1,3261.1,12,1,3261.0,66,3,3262.4,65,4,3262.5,60,3,3262.6,45,2,3262.7,42,2,3262.8,287,7
11536,2025-12-30 13:14:26+05:30,3262.4,1,3251.52,1180832,115367.0,121401.0,3250.0,3265.1,3239.8,3251.5,44939125,3576.6,2926.4,4322.95,2866.6,3261.5,56,2,3261.4,3,1,3261.3,1,1,3261.1,12,1,3261.0,66,3,3262.4,65,4,3262.5,60,3,3262.6,45,2,3262.7,42,2,3262.8,287,7
11536,2025-12-30 13:14:27+05:30,3262.4,1,3251.52,1180832,115367.0,121401.0,3250.0,3265.1,3239.8,3251.5,44939125,3576.6,2926.4,4322.95,2866.6,3261.5,56,2,3261.4,3,1,3261.3,1,1,3261.1,12,1,3261.0,66,3,3262.4,65,4,3262.5,60,3,3262.6,45,2,3262.7,42,2,3262.8,287,7
11536,2025-12-30 13:14:27+05:30,3262.4,1,3251.52,1180832,115920.0,121364.0,3250.0,3265.1,3239.8,3251.5,44939125,3576.6,2926.4,4322.95,2866.6,3261.5,56,2,3261.4,53,3,3261.3,1,1,3261.1,73,2,3261.0,222,4,3262.4,43,2,3262.6,34,2,3262.7,16,1,3262.8,66,3,3262.9,236,5
11536,2025-12-30 13:14:27+05:30,3262.4,1,3251.52,1180832,115920.0,121364.0,3250.0,3265.1,3239.8,3251.5,44939125,3576.6,2926.4,4322.95,2866.6,3261.5,56,2,3261.4,53,3,3261.3,1,1,3261.1,73,2,3261.0,222,4,3262.4,43,2,3262.6,34,2,3262.7,16,1,3262.8,66,3,3262.9,236,5
11536,2025-12-30 13:14:28+05:30,3261.5,3,3251.52,1180832,115920.0,121364.0,3250.0,3265.1,3239.8,3251.5,44939125,3576.6,2926.4,4322.95,2866.6,3261.5,56,2,3261.4,53,3,3261.3,1,1,3261.1,73,2,3261.0,222,4,3262.4,43,2,3262.6,34,2,3262.7,16,1,3262.8,66,3,3262.9,236,5
11536,2025-12-30 13:14:28+05:30,3261.5,3,3251.52,1180839,115513.0,121445.0,3250.0,3265.1,3239.8,3251.5,44939125,3576.6,2926.4,4322.95,2866.6,3261.5,53,2,3261.4,3,1,3261.3,1,1,3261.1,73,2,3261.0,66,3,3262.4,61,4,3262.5,45,3,3262.6,49,2,3262.7,54,2,3262.8,129,5
11536,2025-12-30 13:14:28+05:30,3261.5,3,3251.52,1180839,115513.0,121445.0,3250.0,3265.1,3239.8,3251.5,44939125,3576.6,2926.4,4322.95,2866.6,3261.5,53,2,3261.4,3,1,3261.3,1,1,3261.1,73,2,3261.0,66,3,3262.4,61,4,3262.5,45,3,3262.6,49,2,3262.7,54,2,3262.8,129,5
11536,2025-12-30 13:14:29+05:30,3261.5,3,3251.52,1180839,115513.0,121445.0,3250.0,3265.1,3239.8,3251.5,44939125,3576.6,2926.4,4322.95,2866.6,3261.5,53,2,3261.4,3,1,3261.3,1,1,3261.1,73,2,3261.0,66,3,3262.4,61,4,3262.5,45,3,3262.6,49,2,3262.7,54,2,3262.8,129,5
11536,2025-12-30 13:14:29+05:30,3261.5,1,3251.52,1180840,115542.0,121446.0,3250.0,3265.1,3239.8,3251.5,44939125,3576.6,2926.4,4322.95,2866.6,3261.5,52,2,3261.4,3,1,3261.3,1,1,3261.1,73,2,3261.0,66,3,3262.4,61,4,3262.5,45,3,3262.6,49,2,3262.7,54,2,3262.8,129,5
11536,2025-12-30 13:14:30+05:30,3261.5,1,3251.52,1180840,115542.0,121446.0,3250.0,3265.1,3239.8,3251.5,44939125,3576.6,2926.4,4322.95,2866.6,3261.5,52,2,3261.4,3,1,3261.3,1,1,3261.1,73,2,3261.0,66,3,3262.4,61,4,3262.5,45,3,3262.6,49,2,3262.7,54,2,3262.8,129,5
11536,2025-12-30 13:14:30+05:30,3262.4,1,3251.52,1180840,115542.0,121446.0,3250.0,3265.1,3239.8,3251.5,44939125,3576.6,2926.4,4322.95,2866.6,3261.5,52,2,3261.4,3,1,3261.3,1,1,3261.1,73,2,3261.0,66,3,3262.4,61,4,3262.5,45,3,3262.6,49,2,3262.7,54,2,3262.8,129,5
11536,2025-12-30 13:14:30+05:30,3262.4,1,3251.52,1180840,115542.0,121446.0,3250.0,3265.1,3239.8,3251.5,44939125,3576.6,2926.4,4322.95,2866.6,3261.5,52,2,3261.4,3,1,3261.3,1,1,3261.1,73,2,3261.0,66,3,3262.4,61,4,3262.5,45,3,3262.6,49,2,3262.7,54,2,3262.8,129,5
11536,2025-12-30 13:14:30+05:30,3261.5,3,3251.52,1180854,114101.0,121577.0,3250.0,3265.1,3239.8,3251.5,44939125,3576.6,2926.4,4322.95,2866.6,3261.5,51,3,3261.4,3,1,3261.3,1,1,3261.2,28,1,3261.1,73,2,3262.4,50,4,3262.5,10,1,3262.6,49,2,3262.7,100,3,3262.8,106,5
11536,2025-12-30 13:14:31+05:30,3261.5,3,3251.52,1180854,114101.0,121577.0,3250.0,3265.1,3239.8,3251.5,44939125,3576.6,2926.4,4322.95,2866.6,3261.5,51,3,3261.4,3,1,3261.3,1,1,3261.2,28,1,3261.1,73,2,3262.4,50,4,3262.5,10,1,3262.6,49,2,3262.7,100,3,3262.8,106,5
11536,2025-12-30 13:14:31+05:30,3262.4,2,3251.52,1180857,115132.0,121545.0,3250.0,3265.1,3239.8,3251.5,44939125,3576.6,2926.4,4322.95,2866.6,3261.5,51,3,3261.4,3,1,3261.3,1,1,3261.1,73,2,3261.0,5,2,3262.4,45,4,3262.5,79,4,3262.6,49,2,3262.7,100,3,3262.8,83,4
11536,2025-12-30 13:14:31+05:30,3262.4,2,3251.52,1180857,115132.0,121545.0,3250.0,3265.1,3239.8,3251.5,44939125,3576.6,2926.4,4322.95,2866.6,3261.5,51,3,3261.4,3,1,3261.3,1,1,3261.1,73,2,3261.0,5,2,3262.4,45,4,3262.5,79,4,3262.6,49,2,3262.7,100,3,3262.8,83,4
11536,2025-12-30 13:14:32+05:30,3262.4,2,3251.52,1180857,115132.0,121545.0,3250.0,3265.1,3239.8,3251.5,44939125,3576.6,2926.4,4322.95,2866.6,3261.5,51,3,3261.4,3,1,3261.3,1,1,3261.1,73,2,3261.0,5,2,3262.4,45,4,3262.5,79,4,3262.6,49,2,3262.7,100,3,3262.8,83,4
11536,2025-12-30 13:14:32+05:30,3262.4,1,3251.52,1180858,115102.0,121744.0,3250.0,3265.1,3239.8,3251.5,44939125,3576.6,2926.4,4322.95,2866.6,3261.5,51,3,3261.4,3,1,3261.3,1,1,3261.1,73,2,3261.0,5,2,3262.4,35,3,3262.5,79,4,3262.6,63,3,3262.7,100,3,3262.8,66,3
11536,2025-12-30 13:14:33+05:30,3262.4,1,3251.52,1180858,115102.0,121744.0,3250.0,3265.1,3239.8,3251.5,44939125,3576.6,2926.4,4322.95,2866.6,3261.5,51,3,3261.4,3,1,3261.3,1,1,3261.1,73,2,3261.0,5,2,3262.4,35,3,3262.5,79,4,3262.6,63,3,3262.7,100,3,3262.8,66,3
11536,2025-12-30 13:14:33+05:30,3262.4,1,3251.52,1180858,115102.0,121744.0,3250.0,3265.1,3239.8,3251.5,44939125,3576.6,2926.4,4322.95,2866.6,3261.5,51,3,3261.4,3,1,3261.3,1,1,3261.1,73,2,3261.0,5,2,3262.4,35,3,3262.5,79,4,3262.6,63,3,3262.7,100,3,3262.8,66,3
11536,2025-12-30 13:14:33+05:30,3262.4,1,3251.52,1180858,115333.0,121741.0,3250.0,3265.1,3239.8,3251.5,44939125,3576.6,2926.4,4322.95,2866.6,3261.5,51,3,3261.4,3,1,3261.3,1,1,3261.1,73,2,3261.0,5,2,3262.4,24,2,3262.5,79,4,3262.6,49,2,3262.7,100,3,3262.8,66,3
11536,2025-12-30 13:14:34+05:30,3262.4,1,3251.52,1180858,115333.0,121741.0,3250.0,3265.1,3239.8,3251.5,44939125,3576.6,2926.4,4322.95,2866.6,3261.5,51,3,3261.4,3,1,3261.3,1,1,3261.1,73,2,3261.0,5,2,3262.4,24,2,3262.5,79,4,3262.6,49,2,3262.7,100,3,3262.8,66,3
11536,2025-12-30 13:14:35+05:30,3262.4,1,3251.52,1180859,115375.0,121767.0,3250.0,3265.1,3239.8,3251.5,44939125,3576.6,2926.4,4322.95,2866.6,3261.5,51,3,3261.4,3,1,3261.3,1,1,3261.1,73,2,3261.0,5,2,3262.4,23,2,3262.5,79,4,3262.6,49,2,3262.7,100,3,3262.8,92,5
11536,2025-12-30 13:14:35+05:30,3262.4,1,3251.52,1180859,115375.0,121767.0,3250.0,3265.1,3239.8,3251.5,44939125,3576.6,2926.4,4322.95,2866.6,3261.5,51,3,3261.4,3,1,3261.3,1,1,3261.1,73,2,3261.0,5,2,3262.4,23,2,3262.5,79,4,3262.6,49,2,3262.7,100,3,3262.8,92,5
11536,2025-12-30 13:14:36+05:30,3261.5,1,3251.52,1180860,115418.0,121596.0,3250.0,3265.1,3239.8,3251.5,44939125,3576.6,2926.4,4322.95,2866.6,3261.5,65,4,3261.4,3,1,3261.3,1,1,3261.1,73,2,3261.0,152,3,3262.4,39,4,3262.5,56,3,3262.6,49,2,3262.7,54,2,3262.8,152,6
11536,2025-12-30 13:14:36+05:30,3261.5,1,3251.52,1180860,115418.0,121596.0,3250.0,3265.1,3239.8,3251.5,44939125,3576.6,2926.4,4322.95,2866.6,3261.5,65,4,3261.4,3,1,3261.3,1,1,3261.1,73,2,3261.0,152,3,3262.4,39,4,3262.5,56,3,3262.6,49,2,3262.7,54,2,3262.8,152,6
11536,2025-12-30 13:14:36+05:30,3261.5,1,3251.52,1180860,115418.0,121596.0,3250.0,3265.1,3239.8,3251.5,44939125,3576.6,2926.4,4322.95,2866.6,3261.5,65,4,3261.4,3,1,3261.3,1,1,3261.1,73,2,3261.0,152,3,3262.4,39,4,3262.5,56,3,3262.6,49,2,3262.7,54,2,3262.8,152,6
11536,2025-12-30 13:14:37+05:30,3262.4,1,3251.52,1180860,115418.0,121596.0,3250.0,3265.1,3239.8,3251.5,44939125,3576.6,2926.4,4322.95,2866.6,3261.5,65,4,3261.4,3,1,3261.3,1,1,3261.1,73,2,3261.0,152,3,3262.4,39,4,3262.5,56,3,3262.6,49,2,3262.7,54,2,3262.8,152,6
11536,2025-12-30 13:14:37+05:30,3262.4,1,3251.52,1180861,116092.0,121514.0,3250.0,3265.1,3239.8,3251.5,44939125,3576.6,2926.4,4322.95,2866.6,3261.6,15,1,3261.5,73,4,3261.4,41,3,3261.3,1,1,3261.2,9,1,3262.4,29,3,3262.5,34,1,3262.6,22,1,3262.7,54,2,3262.8,83,4
11536,2025-12-30 13:14:38+05:30,3262.4,1,3251.52,1180861,116092.0,121514.0,3250.0,3265.1,3239.8,3251.5,44939125,3576.6,2926.4,4322.95,2866.6,3261.6,15,1,3261.5,73,4,3261.4,41,3,3261.3,1,1,3261.2,9,1,3262.4,29,3,3262.5,34,1,3262.6,22,1,3262.7,54,2,3262.8,83,4
11536,2025-12-30 13:14:38+05:30,3262.4,4,3251.52,1180861,116092.0,121514.0,3250.0,3265.1,3239.8,3251.5,44939125,3576.6,2926.4,4322.95,2866.6,3261.6,15,1,3261.5,73,4,3261.4,41,3,3261.3,1,1,3261.2,9,1,3262.4,29,3,3262.5,34,1,3262.6,22,1,3262.7,54,2,3262.8,83,4
11536,2025-12-30 13:14:38+05:30,3262.4,4,3251.52,1180865,115583.0,121504.0,3250.0,3265.1,3239.8,3251.5,44939125,3576.6,2926.4,4322.95,2866.6,3261.6,17,2,3261.5,91,6,3261.4,41,3,3261.3,1,1,3261.2,9,1,3262.4,25,3,3262.5,12,1,3262.7,54,2,3262.8,83,4,3262.9,238,5
11536,2025-12-30 13:14:39+05:30,3262.4,4,3251.52,1180865,115342.0,121608.0,3250.0,3265.1,3239.8,3251.5,44939125,3576.6,2926.4,4322.95,2866.6,3261.6,2,1,3261.5,53,4,3261.4,3,1,3261.3,1,1,3261.2,9,1,3262.4,56,5,3262.5,12,1,3262.6,28,1,3262.7,100,3,3262.8,101,5
11536,2025-12-30 13:14:39+05:30,3262.4,4,3251.52,1180865,115342.0,121608.0,3250.0,3265.1,3239.8,3251.5,44927225,3576.6,2926.4,4322.95,2866.6,3261.6,2,1,3261.5,53,4,3261.4,3,1,3261.3,1,1,3261.2,9,1,3262.4,56,5,3262.5,12,1,3262.6,28,1,3262.7,100,3,3262.8,101,5
11536,2025-12-30 13:14:40+05:30,3261.6,9,3251.52,1180865,115342.0,121608.0,3250.0,3265.1,3239.8,3251.5,44927225,3576.6,2926.4,4322.95,2866.6,3261.6,2,1,3261.5,53,4,3261.4,3,1,3261.3,1,1,3261.2,9,1,3262.4,56,5,3262.5,12,1,3262.6,28,1,3262.7,100,3,3262.8,101,5
11536,2025-12-30 13:14:40+05:30,3261.6,9,3251.52,1180878,115452.0,121465.0,3250.0,3265.1,3239.8,3251.5,44927225,3576.6,2926.4,4322.95,2866.6,3261.6,64,2,3261.5,73,5,3261.4,3,1,3261.3,1,1,3261.2,32,2,3262.4,21,3,3262.6,27,1,3262.7,104,4,3262.8,149,7,3262.9,219,5
11536,2025-12-30 13:14:41+05:30,3262.4,1,3251.52,1180878,115452.0,121465.0,3250.0,3265.1,3239.8,3251.5,44927225,3576.6,2926.4,4322.95,2866.6,3261.6,64,2,3261.5,73,5,3261.4,3,1,3261.3,1,1,3261.2,32,2,3262.4,21,3,3262.6,27,1,3262.7,104,4,3262.8,149,7,3262.9,219,5
11536,2025-12-30 13:14:41+05:30,3262.4,1,3251.52,1180880,115430.0,121702.0,3250.0,3265.1,3239.8,3251.5,44927225,3576.6,2926.4,4322.95,2866.6,3261.6,63,2,3261.5,73,5,3261.4,3,1,3261.3,1,1,3261.2,9,1,3262.4,20,3,3262.6,88,4,3262.7,79,3,3262.8,132,6,3262.9,238,6
11536,2025-12-30 13:14:41+05:30,3262.4,1,3251.52,1180880,115430.0,121702.0,3250.0,3265.1,3239.8,3251.5,44927225,3576.6,2926.4,4322.95,2866.6,3261.6,63,2,3261.5,73,5,3261.4,3,1,3261.3,1,1,3261.2,9,1,3262.4,20,3,3262.6,88,4,3262.7,79,3,3262.8,132,6,3262.9,238,6
11536,2025-12-30 13:14:42+05:30,3262.4,1,3251.52,1180880,115878.0,121665.0,3250.0,3265.1,3239.8,3251.5,44927225,3576.6,2926.4,4322.95,2866.6,3261.6,63,2,3261.5,73,5,3261.4,3,1,3261.3,1,1,3261.2,9,1,3262.4,20,3,3262.5,11,1,3262.6,77,3,3262.7,125,4,3262.8,84,5
11536,2025-12-30 13:14:43+05:30,3261.6,1,3251.52,1180880,115878.0,121665.0,3250.0,3265.1,3239.8,3251.5,44927225,3576.6,2926.4,4322.95,2866.6,3261.6,63,2,3261.5,73,5,3261.4,3,1,3261.3,1,1,3261.2,9,1,3262.4,20,3,3262.5,11,1,3262.6,77,3,3262.7,125,4,3262.8,84,5
11536,2025-12-30 13:14:43+05:30,3261.6,1,3251.52,1180885,115902.0,121521.0,3250.0,3265.1,3239.8,3251.5,44927225,3576.6,2926.4,4322.95,2866.6,3261.6,62,2,3261.5,73,5,3261.4,3,1,3261.3,1,1,3261.2,9,1,3262.4,16,2,3262.5,44,3,3262.6,54,2,3262.7,79,3,3262.8,148,7
11536,2025-12-30 13:14:44+05:30,3261.6,1,3251.52,1180885,115894.0,121514.0,3250.0,3265.1,3239.8,3251.5,44927225,3576.6,2926.4,4322.95,2866.6,3261.6,62,2,3261.5,73,5,3261.4,3,1,3261.3,1,1,3261.1,12,1,3262.4,23,3,3262.5,44,3,3262.6,54,2,3262.7,79,3,3262.8,148,7
11536,2025-12-30 13:14:45+05:30,3262.4,1,3251.52,1180885,115894.0,121514.0,3250.0,3265.1,3239.8,3251.5,44927225,3576.6,2926.4,4322.95,2866.6,3261.6,62,2,3261.5,73,5,3261.4,3,1,3261.3,1,1,3261.1,12,1,3262.4,23,3,3262.5,44,3,3262.6,54,2,3262.7,79,3,3262.8,148,7
11536,2025-12-30 13:14:45+05:30,3262.4,1,3251.52,1180887,115913.0,121512.0,3250.0,3265.1,3239.8,3251.5,44927225,3576.6,2926.4,4322.95,2866.6,3261.6,73,3,3261.5,73,5,3261.4,3,1,3261.3,1,1,3261.1,12,1,3262.4,21,3,3262.5,44,3,3262.6,54,2,3262.7,79,3,3262.8,148,7
11536,2025-12-30 13:14:46+05:30,3262.4,1,3251.52,1180887,115913.0,121512.0,3250.0,3265.1,3239.8,3251.5,44927225,3576.6,2926.4,4322.95,2866.6,3261.6,73,3,3261.5,73,5,3261.4,3,1,3261.3,1,1,3261.1,12,1,3262.4,21,3,3262.5,44,3,3262.6,54,2,3262.7,79,3,3262.8,148,7
11536,2025-12-30 13:14:46+05:30,3261.6,1,3251.52,1180889,116087.0,121584.0,3250.0,3265.1,3239.8,3251.5,44927225,3576.6,2926.4,4322.95,2866.6,3261.6,62,3,3261.5,73,5,3261.4,3,1,3261.3,1,1,3261.2,37,2,3262.4,20,3,3262.5,21,2,3262.6,54,2,3262.7,79,3,3262.8,171,8
11536,2025-12-30 13:14:47+05:30,3261.6,1,3251.52,1180889,116087.0,121584.0,3250.0,3265.1,3239.8,3251.5,44927225,3576.6,2926.4,4322.95,2866.6,3261.6,62,3,3261.5,73,5,3261.4,3,1,3261.3,1,1,3261.2,37,2,3262.4,20,3,3262.5,21,2,3262.6,54,2,3262.7,79,3,3262.8,171,8
11536,2025-12-30 13:14:47+05:30,3262.4,3,3251.52,1180895,115745.0,121579.0,3250.0,3265.1,3239.8,3251.5,44927225,3576.6,2926.4,4322.95,2866.6,3261.6,71,4,3261.5,73,5,3261.4,3,1,3261.3,1,1,3261.2,27,1,3262.4,15,3,3262.5,21,2,3262.6,54,2,3262.7,79,3,3262.8,171,8
11536,2025-12-30 13:14:48+05:30,3262.4,3,3251.52,1180895,115745.0,121579.0,3250.0,3265.1,3239.8,3251.5,44927225,3576.6,2926.4,4322.95,2866.6,3261.6,71,4,3261.5,73,5,3261.4,3,1,3261.3,1,1,3261.2,27,1,3262.4,15,3,3262.5,21,2,3262.6,54,2,3262.7,79,3,3262.8,171,8
11536,2025-12-30 13:14:48+05:30,3261.7,3,3251.52,1181013,115706.0,120773.0,3250.0,3265.1,3239.8,3251.5,44927225,3576.6,2926.4,4322.95,2866.6,3261.7,98,7,3261.6,120,7,3261.5,85,6,3261.4,3,1,3261.3,1,1,3262.8,62,3,3262.9,2,2,3263.0,61,3,3263.1,139,5,3263.2,287,5
11536,2025-12-30 13:14:49+05:30,3262.4,31,3251.52,1181013,115706.0,120773.0,3250.0,3265.1,3239.8,3251.5,44927225,3576.6,2926.4,4322.95,2866.6,3261.7,98,7,3261.6,120,7,3261.5,85,6,3261.4,3,1,3261.3,1,1,3262.8,62,3,3262.9,2,2,3263.0,61,3,3263.1,139,5,3263.2,287,5
11536,2025-12-30 13:14:50+05:30,3262.4,31,3251.52,1181044,118044.0,120454.0,3250.0,3265.1,3239.8,3251.5,44927225,3576.6,2926.4,4322.95,2866.6,3262.4,18,1,3261.9,23,1,3261.8,27,1,3261.7,8,2,3261.6,92,6,3262.8,29,1,3262.9,24,4,3263.0,40,2,3263.1,14,2,3263.2,147,3
11536,2025-12-30 13:14:51+05:30,3262.4,31,3251.52,1181044,118194.0,120077.0,3250.0,3265.1,3239.8,3251.5,44927225,3576.6,2926.4,4322.95,2866.6,3262.4,109,2,3261.9,23,1,3261.8,27,1,3261.7,8,2,3261.6,34,5,3262.8,29,1,3262.9,24,4,3263.0,40,2,3263.1,3,1,3263.2,158,4
11536,2025-12-30 13:14:52+05:30,3262.8,3,3251.52,1181047,117841.0,120179.0,3250.0,3265.1,3239.8,3251.5,44927225,3576.6,2926.4,4322.95,2866.6,3262.4,104,1,3261.9,23,1,3261.8,27,1,3261.7,8,2,3261.6,34,5,3262.8,26,1,3262.9,24,4,3263.0,40,2,3263.1,91,2,3263.2,70,3
11536,2025-12-30 13:14:52+05:30,3262.8,3,3251.52,1181047,117841.0,120179.0,3250.0,3265.1,3239.8,3251.5,44927225,3576.6,2926.4,4322.95,2866.6,3262.4,104,1,3261.9,23,1,3261.8,27,1,3261.7,8,2,3261.6,34,5,3262.8,26,1,3262.9,24,4,3263.0,40,2,3263.1,91,2,3263.2,70,3
11536,2025-12-30 13:14:53+05:30,3262.8,20,3251.52,1181069,118138.0,120419.0,3250.0,3265.1,3239.8,3251.5,44927225,3576.6,2926.4,4322.95,2866.6,3262.4,108,2,3261.9,23,1,3261.7,8,2,3261.6,34,5,3261.5,14,3,3262.8,5,1,3262.9,24,4,3263.0,40,2,3263.1,108,3,3263.2,134,5
11536,2025-12-30 13:14:53+05:30,3262.8,20,3251.52,1181069,118138.0,120419.0,3250.0,3265.1,3239.8,3251.5,44927225,3576.6,2926.4,4322.95,2866.6,3262.4,108,2,3261.9,23,1,3261.7,8,2,3261.6,34,5,3261.5,14,3,3262.8,5,1,3262.9,24,4,3263.0,40,2,3263.1,108,3,3263.2,134,5
11536,2025-12-30 13:14:54+05:30,3262.8,1,3251.52,1181069,118138.0,120419.0,3250.0,3265.1,3239.8,3251.5,44927225,3576.6,2926.4,4322.95,2866.6,3262.4,108,2,3261.9,23,1,3261.7,8,2,3261.6,34,5,3261.5,14,3,3262.8,5,1,3262.9,24,4,3263.0,40,2,3263.1,108,3,3263.2,134,5
11536,2025-12-30 13:14:54+05:30,3262.8,1,3251.52,1181070,118109.0,120136.0,3250.0,3265.1,3239.8,3251.5,44927225,3576.6,2926.4,4322.95,2866.6,3262.4,108,2,3261.9,23,1,3261.7,14,2,3261.6,24,4,3261.5,14,3,3262.8,4,1,3262.9,24,4,3263.0,40,2,3263.1,108,3,3263.2,88,4
11536,2025-12-30 13:14:55+05:30,3262.8,2,3251.52,1181070,118109.0,120136.0,3250.0,3265.1,3239.8,3251.5,44927225,3576.6,2926.4,4322.95,2866.6,3262.4,108,2,3261.9,23,1,3261.7,14,2,3261.6,24,4,3261.5,14,3,3262.8,4,1,3262.9,24,4,3263.0,40,2,3263.1,108,3,3263.2,88,4
11536,2025-12-30 13:14:55+05:30,3262.8,2,3251.52,1181075,118288.0,120189.0,3250.0,3265.1,3239.8,3251.5,44927225,3576.6,2926.4,4322.95,2866.6,3262.4,107,2,3261.9,23,1,3261.7,17,3,3261.6,24,4,3261.5,12,2,3262.9,2,2,3263.0,40,2,3263.1,104,3,3263.2,49,2,3263.3,6,1
11536,2025-12-30 13:14:56+05:30,3263.0,3,3251.52,1181075,118288.0,120189.0,3250.0,3265.1,3239.8,3251.5,44927225,3576.6,2926.4,4322.95,2866.6,3262.4,107,2,3261.9,23,1,3261.7,17,3,3261.6,24,4,3261.5,12,2,3262.9,2,2,3263.0,40,2,3263.1,104,3,3263.2,49,2,3263.3,6,1
11536,2025-12-30 13:14:56+05:30,3263.0,3,3251.52,1181080,117703.0,119994.0,3250.0,3265.1,3239.8,3251.5,44927225,3576.6,2926.4,4322.95,2866.6,3262.4,117,3,3261.9,23,1,3261.7,6,2,3261.6,24,4,3261.5,12,2,3263.0,56,4,3263.1,13,2,3263.2,137,3,3263.3,54,3,3263.4,126,5
11536,2025-12-30 13:14:57+05:30,3263.0,3,3251.52,1181080,117696.0,120181.0,3250.0,3265.1,3239.8,3251.5,44927225,3576.6,2926.4,4322.95,2866.6,3262.4,117,3,3261.9,23,1,3261.7,6,2,3261.6,24,4,3261.5,12,2,3263.0,56,4,3263.1,13,2,3263.2,137,3,3263.3,100,4,3263.4,80,4
11536,2025-12-30 13:14:58+05:30,3262.4,2,3251.52,1181080,117696.0,120181.0,3250.0,3265.1,3239.8,3251.5,44927225,3576.6,2926.4,4322.95,2866.6,3262.4,117,3,3261.9,23,1,3261.7,6,2,3261.6,24,4,3261.5,12,2,3263.0,56,4,3263.1,13,2,3263.2,137,3,3263.3,100,4,3263.4,80,4
11536,2025-12-30 13:14:58+05:30,3262.4,2,3251.52,1181083,118273.0,119647.0,3250.0,3265.1,3239.8,3251.5,44927225,3576.6,2926.4,4322.95,2866.6,3262.4,115,4,3261.9,23,1,3261.7,6,2,3261.6,24,4,3261.5,12,2,3263.0,56,4,3263.1,101,3,3263.2,49,2,3263.3,54,3,3263.4,126,5
11536,2025-12-30 13:14:59+05:30,3262.4,2,3251.52,1181083,118546.0,120096.0,3250.0,3265.1,3239.8,3251.5,44927225,3576.6,2926.4,4322.95,2866.6,3262.4,115,4,3262.1,22,1,3262.0,26,1,3261.7,6,2,3261.6,27,5,3263.0,37,2,3263.1,13,2,3263.2,137,3,3263.3,6,1,3263.4,80,4
11536,2025-12-30 13:15:00+05:30,3263.2,29,3251.52,1181295,119127.0,120238.0,3250.0,3265.1,3239.8,3251.5,44927225,3576.6,2926.4,4322.95,2866.6,3262.4,158,7,3262.2,36,2,3262.1,22,1,3261.8,3,1,3261.7,29,2,3263.3,6,1,3263.4,40,2,3263.5,16,2,3263.6,191,2,3263.7,80,4
11536,2025-12-30 13:15:01+05:30,3263.2,29,3251.52,1181295,119127.0,120238.0,3250.0,3265.1,3239.8,3251.5,44927225,3576.6,2926.4,4322.95,2866.6,3262.4,158,7,3262.2,36,2,3262.1,22,1,3261.8,3,1,3261.7,29,2,3263.3,6,1,3263.4,40,2,3263.5,16,2,3263.6,191,2,3263.7,80,4
11536,2025-12-30 13:15:01+05:30,3262.8,15,3251.52,1181311,119259.0,119174.0,3250.0,3265.1,3239.8,3251.5,44927225,3576.6,2926.4,4322.95,2866.6,3262.6,37,2,3262.5,12,2,3262.4,163,8,3262.3,61,1,3262.2,10,1,3263.4,39,2,3263.5,16,2,3263.7,244,4,3263.8,216,6,3263.9,225,4
11536,2025-12-30 13:15:02+05:30,3262.8,15,3251.52,1181311,119259.0,119174.0,3250.0,3265.1,3239.8,3251.5,44927225,3576.6,2926.4,4322.95,2866.6,3262.6,37,2,3262.5,12,2,3262.4,163,8,3262.3,61,1,3262.2,10,1,3263.4,39,2,3263.5,16,2,3263.7,244,4,3263.8,216,6,3263.9,225,4
11536,2025-12-30 13:15:02+05:30,3263.4,3,3251.52,1181315,118208.0,120071.0,3250.0,3265.1,3239.8,3251.5,44927225,3576.6,2926.4,4322.95,2866.6,3262.6,37,3,3262.5,12,2,3262.4,162,7,3262.3,61,1,3262.2,10,1,3263.5,1,1,3263.6,22,2,3263.7,158,1,3263.8,170,5,3263.9,271,5
11536,2025-12-30 13:15:03+05:30,3263.4,3,3251.52,1181315,118208.0,120071.0,3250.0,3265.1,3239.8,3251.5,44927225,3576.6,2926.4,4322.95,2866.6,3262.6,37,3,3262.5,12,2,3262.4,162,7,3262.3,61,1,3262.2,10,1,3263.5,1,1,3263.6,22,2,3263.7,158,1,3263.8,170,5,3263.9,271,5
11536,2025-12-30 13:15:04+05:30,3262.6,1,3251.52,1181317,119569.0,120081.0,3250.0,3265.1,3239.8,3251.5,44927225,3576.6,2926.4,4322.95,2866.6,3262.6,19,3,3262.5,12,2,3262.4,164,8,3262.3,83,2,3262.2,10,1,3263.5,21,2,3263.6,11,1,3263.7,158,1,3263.8,216,6,3263.9,225,4
11536,2025-12-30 13:15:04+05:30,3262.6,5,3251.52,1181317,119569.0,120081.0,3250.0,3265.1,3239.8,3251.5,44927225,3576.6,2926.4,4322.95,2866.6,3262.6,19,3,3262.5,12,2,3262.4,164,8,3262.3,83,2,3262.2,10,1,3263.5,21,2,3263.6,11,1,3263.7,158,1,3263.8,216,6,3263.9,225,4
11536,2025-12-30 13:15:05+05:30,3263.5,1,3251.52,1181323,119095.0,119564.0,3250.0,3265.1,3239.8,3251.5,44927225,3576.6,2926.4,4322.95,2866.6,3262.6,43,5,3262.5,12,2,3262.4,164,8,3262.3,61,1,3262.2,10,1,3263.5,13,1,3263.6,21,2,3263.7,202,3,3263.8,147,4,3263.9,77,3
11536,2025-12-30 13:15:05+05:30,3263.5,1,3251.52,1181323,119095.0,119564.0,3250.0,3265.1,3239.8,3251.5,44927225,3576.6,2926.4,4322.95,2866.6,3262.6,43,5,3262.5,12,2,3262.4,164,8,3262.3,61,1,3262.2,10,1,3263.5,13,1,3263.6,21,2,3263.7,202,3,3263.8,147,4,3263.9,77,3
11536,2025-12-30 13:15:06+05:30,3263.5,1,3251.52,1181323,119159.0,119443.0,3250.0,3265.1,3239.8,3251.5,44927225,3576.6,2926.4,4322.95,2866.6,3263.2,1,1,3262.6,6,2,3262.5,12,2,3262.4,177,9,3262.3,64,2,3263.5,13,1,3263.6,32,3,3263.8,125,3,3263.9,99,4,3264.0,222,8
11536,2025-12-30 13:15:07+05:30,3263.5,1,3251.52,1181323,119812.0,119802.0,3250.0,3265.1,3239.8,3251.5,44927225,3576.6,2926.4,4322.95,2866.6,3263.2,1,1,3262.6,6,2,3262.5,12,2,3262.4,154,8,3262.3,18,3,3263.5,13,1,3263.6,32,3,3263.7,7,1,3263.8,125,3,3263.9,99,4
11536,2025-12-30 13:15:08+05:30,3262.7,174,3251.52,1181323,119812.0,119802.0,3250.0,3265.1,3239.8,3251.5,44927225,3576.6,2926.4,4322.95,2866.6,3263.2,1,1,3262.6,6,2,3262.5,12,2,3262.4,154,8,3262.3,18,3,3263.5,13,1,3263.6,32,3,3263.7,7,1,3263.8,125,3,3263.9,99,4
11536,2025-12-30 13:15:08+05:30,3262.7,174,3251.53,1181511,120607.0,119401.0,3250.0,3265.1,3239.8,3251.5,44927225,3576.6,2926.4,4322.95,2866.6,3263.5,1,1,3263.2,178,1,3262.8,22,1,3262.7,26,1,3262.6,9,3,3263.8,108,3,3263.9,11,2,3264.0,155,5,3264.1,38,1,3264.2,24,2
11536,2025-12-30 13:15:09+05:30,3263.5,3,3251.53,1181511,120607.0,119401.0,3250.0,3265.1,3239.8,3251.5,44927225,3576.6,2926.4,4322.95,2866.6,3263.5,1,1,3263.2,178,1,3262.8,22,1,3262.7,26,1,3262.6,9,3,3263.8,108,3,3263.9,11,2,3264.0,155,5,3264.1,38,1,3264.2,24,2
11536,2025-12-30 13:15:09+05:30,3263.5,3,3251.53,1181520,119163.0,120289.0,3250.0,3265.1,3239.8,3251.5,44927225,3576.6,2926.4,4322.95,2866.6,3263.2,178,1,3262.7,22,1,3262.6,15,3,3262.5,2,1,3262.4,69,7,3263.3,166,1,3263.8,152,5,3263.9,214,3,3264.0,180,7,3264.1,46,2
11536,2025-12-30 13:15:10+05:30,3263.3,98,3251.53,1181520,119163.0,120289.0,3250.0,3265.1,3239.8,3251.5,44927225,3576.6,2926.4,4322.95,2866.6,3263.2,178,1,3262.7,22,1,3262.6,15,3,3262.5,2,1,3262.4,69,7,3263.3,166,1,3263.8,152,5,3263.9,214,3,3264.0,180,7,3264.1,46,2
11536,2025-12-30 13:15:10+05:30,3263.3,98,3251.53,1181619,120012.0,119980.0,3250.0,3265.1,3239.8,3251.5,44927225,3576.6,2926.4,4322.95,2866.6,3263.2,177,1,3262.7,22,1,3262.6,41,4,3262.5,2,1,3262.4,73,7,3263.3,68,1,3263.8,105,3,3263.9,1,1,3264.0,180,7,3264.1,72,3
11536,2025-12-30 13:15:11+05:30,3263.3,98,3251.53,1181619,119975.0,120104.0,3250.0,3265.1,3239.8,3251.5,44927225,3576.6,2926.4,4322.95,2866.6,3263.2,177,1,3262.6,41,4,3262.5,2,1,3262.4,70,7,3262.3,51,3,3263.3,68,1,3263.5,31,3,3263.8,94,2,3263.9,23,2,3264.0,298,12
11536,2025-12-30 13:15:12+05:30,3263.2,17,3251.53,1181619,119975.0,120104.0,3250.0,3265.1,3239.8,3251.5,44927225,3576.6,2926.4,4322.95,2866.6,3263.2,177,1,3262.6,41,4,3262.5,2,1,3262.4,70,7,3262.3,51,3,3263.3,68,1,3263.5,31,3,3263.8,94,2,3263.9,23,2,3264.0,298,12
11536,2025-12-30 13:15:12+05:30,3263.3,2,3251.53,1181640,119740.0,120271.0,3250.0,3265.1,3239.8,3251.5,44927225,3576.6,2926.4,4322.95,2866.6,3263.2,160,1,3263.1,10,1,3262.6,6,2,3262.5,2,1,3262.4,69,7,3263.3,128,2,3263.4,13,1,3263.5,18,2,3263.7,15,1,3263.8,94,2
11536,2025-12-30 13:15:13+05:30,3263.2,1,3251.53,1181640,119740.0,120271.0,3250.0,3265.1,3239.8,3251.5,44927225,3576.6,2926.4,4322.95,2866.6,3263.2,160,1,3263.1,10,1,3262.6,6,2,3262.5,2,1,3262.4,69,7,3263.3,128,2,3263.4,13,1,3263.5,18,2,3263.7,15,1,3263.8,94,2
11536,2025-12-30 13:15:13+05:30,3263.2,1,3251.53,1181641,119605.0,120357.0,3250.0,3265.1,3239.8,3251.5,44927225,3576.6,2926.4,4322.95,2866.6,3263.2,159,1,3263.1,10,1,3262.6,6,2,3262.5,2,1,3262.4,42,5,3263.3,128,2,3263.4,13,1,3263.5,22,3,3263.7,37,2,3263.8,140,3
11536,2025-12-30 13:15:14+05:30,3263.3,1,3251.53,1181693,119597.0,120128.0,3250.0,3265.1,3239.8,3251.5,44927225,3576.6,2926.4,4322.95,2866.6,3263.2,158,1,3263.1,10,1,3262.6,6,2,3262.5,2,1,3262.4,42,5,3263.3,99,4,3263.5,9,2,3263.7,89,4,3263.8,140,3,3263.9,28,2
11536,2025-12-30 13:15:15+05:30,3263.3,1,3251.53,1181693,119597.0,120128.0,3250.0,3265.1,3239.8,3251.5,44927225,3576.6,2926.4,4322.95,2866.6,3263.2,158,1,3263.1,10,1,3262.6,6,2,3262.5,2,1,3262.4,42,5,3263.3,99,4,3263.5,9,2,3263.7,89,4,3263.8,140,3,3263.9,28,2
11536,2025-12-30 13:15:15+05:30,3263.3,1,3251.53,1181741,120083.0,120175.0,3250.0,3265.1,3239.8,3251.5,44927225,3576.6,2926.4,4322.95,2866.6,3263.2,158,1,3263.1,10,1,3262.6,6,2,3262.5,29,2,3262.4,48,6,3263.3,29,1,3263.4,13,1,3263.5,5,1,3263.7,32,2,3263.8,94,2
11536,2025-12-30 13:15:16+05:30,3263.3,1,3251.53,1181741,120083.0,120175.0,3250.0,3265.1,3239.8,3251.5,44927225,3576.6,2926.4,4322.95,2866.6,3263.2,158,1,3263.1,10,1,3262.6,6,2,3262.5,29,2,3262.4,48,6,3263.3,29,1,3263.4,13,1,3263.5,5,1,3263.7,32,2,3263.8,94,2
11536,2025-12-30 13:15:16+05:30,3263.2,15,3251.53,1181857,120171.0,120170.0,3250.0,3265.1,3239.8,3251.5,44927225,3576.6,2926.4,4322.95,2866.6,3263.2,43,1,3263.1,67,2,3262.6,6,2,3262.5,29,2,3262.4,71,7,3263.3,28,1,3263.5,5,1,3263.6,22,2,3263.7,16,1,3263.8,86,1
11536,2025-12-30 13:15:17+05:30,3263.3,11,3251.53,1181857,120171.0,120170.0,3250.0,3265.1,3239.8,3251.5,44927225,3576.6,2926.4,4322.95,2866.6,3263.2,43,1,3263.1,67,2,3262.6,6,2,3262.5,29,2,3262.4,71,7,3263.3,28,1,3263.5,5,1,3263.6,22,2,3263.7,16,1,3263.8,86,1
11536,2025-12-30 13:15:17+05:30,3263.3,11,3251.53,1181868,120197.0,120220.0,3250.0,3265.1,3239.8,3251.5,44927225,3576.6,2926.4,4322.95,2866.6,3263.2,50,2,3263.1,67,2,3262.6,6,2,3262.5,2,1,3262.4,42,5,3263.3,17,1,3263.5,18,2,3263.6,6,1,3263.7,16,1,3263.8,135,3
11536,2025-12-30 13:15:18+05:30,3263.3,3,3251.53,1181868,120197.0,120220.0,3250.0,3265.1,3239.8,3251.5,44927225,3576.6,2926.4,4322.95,2866.6,3263.2,50,2,3263.1,67,2,3262.6,6,2,3262.5,2,1,3262.4,42,5,3263.3,17,1,3263.5,18,2,3263.6,6,1,3263.7,16,1,3263.8,135,3
11536,2025-12-30 13:15:18+05:30,3263.2,2,3251.53,1181873,120200.0,120168.0,3250.0,3265.1,3239.8,3251.5,44927225,3576.6,2926.4,4322.95,2866.6,3263.2,48,2,3263.1,67,2,3262.6,6,2,3262.5,2,1,3262.4,47,6,3263.3,14,1,3263.5,18,2,3263.6,6,1,3263.7,16,1,3263.8,86,1
11536,2025-12-30 13:15:19+05:30,3263.2,2,3251.53,1181873,120200.0,120168.0,3250.0,3265.1,3239.8,3251.5,44927225,3576.6,2926.4,4322.95,2866.6,3263.2,48,2,3263.1,67,2,3262.6,6,2,3262.5,2,1,3262.4,47,6,3263.3,14,1,3263.5,18,2,3263.6,6,1,3263.7,16,1,3263.8,86,1
11536,2025-12-30 13:15:19+05:30,3263.2,2,3251.53,1181873,120231.0,120159.0,3250.0,3265.1,3239.8,3251.5,44927225,3576.6,2926.4,4322.95,2866.6,3263.2,48,2,3263.1,67,2,3262.6,6,2,3262.5,2,1,3262.4,47,6,3263.3,14,1,3263.5,18,2,3263.6,6,1,3263.7,16,1,3263.8,86,1
11536,2025-12-30 13:15:20+05:30,3263.2,1,3251.53,1181874,120265.0,120160.0,3250.0,3265.1,3239.8,3251.5,44927225,3576.6,2926.4,4322.95,2866.6,3263.2,47,2,3263.1,67,2,3262.6,28,3,3262.5,2,1,3262.4,69,7,3263.3,14,1,3263.5,19,3,3263.6,6,1,3263.7,16,1,3263.8,86,1
11536,2025-12-30 13:15:21+05:30,3263.2,1,3251.53,1181874,120265.0,120160.0,3250.0,3265.1,3239.8,3251.5,44927225,3576.6,2926.4,4322.95,2866.6,3263.2,47,2,3263.1,67,2,3262.6,28,3,3262.5,2,1,3262.4,69,7,3263.3,14,1,3263.5,19,3,3263.6,6,1,3263.7,16,1,3263.8,86,1
11536,2025-12-30 13:15:21+05:30,3263.2,1,3251.53,1181874,120174.0,120169.0,3250.0,3265.1,3239.8,3251.5,44927225,3576.6,2926.4,4322.95,2866.6,3263.2,47,2,3263.1,67,2,3262.6,28,3,3262.5,2,1,3262.4,69,7,3263.3,14,1,3263.5,19,3,3263.6,6,1,3263.7,16,1,3263.8,86,1
11536,2025-12-30 13:15:22+05:30,3263.6,6,3251.53,1181921,121021.0,119731.0,3250.0,3265.1,3239.8,3251.5,44927225,3576.6,2926.4,4322.95,2866.6,3263.2,47,2,3263.1,67,2,3262.6,6,2,3262.5,2,1,3262.4,69,7,3263.8,118,4,3263.9,48,4,3264.0,403,11,3264.1,54,2,3264.2,238,6
11536,2025-12-30 13:15:23+05:30,3263.6,6,3251.53,1181921,121021.0,119731.0,3250.0,3265.1,3239.8,3251.5,44927225,3576.6,2926.4,4322.95,2866.6,3263.2,47,2,3263.1,67,2,3262.6,6,2,3262.5,2,1,3262.4,69,7,3263.8,118,4,3263.9,48,4,3264.0,403,11,3264.1,54,2,3264.2,238,6
11536,2025-12-30 13:15:23+05:30,3263.1,1,3251.53,1182096,119166.0,120173.0,3250.0,3265.1,3239.8,3251.5,44927225,3576.6,2926.4,4322.95,2866.6,3263.1,65,2,3262.6,6,2,3262.5,2,1,3262.4,47,6,3262.3,15,2,3263.6,223,4,3263.7,72,3,3263.8,199,5,3263.9,68,4,3264.0,449,13
11536,2025-12-30 13:15:24+05:30,3263.1,1,3251.53,1182096,119166.0,120173.0,3250.0,3265.1,3239.8,3251.5,44927225,3576.6,2926.4,4322.95,2866.6,3263.1,65,2,3262.6,6,2,3262.5,2,1,3262.4,47,6,3262.3,15,2,3263.6,223,4,3263.7,72,3,3263.8,199,5,3263.9,68,4,3264.0,449,13
11536,2025-12-30 13:15:24+05:30,3263.6,85,3251.53,1182229,120778.0,119439.0,3250.0,3265.1,3239.8,3251.5,44927225,3576.6,2926.4,4322.95,2866.6,3263.1,65,2,3262.6,6,2,3262.5,63,2,3262.4,86,8,3262.3,82,6,3263.7,30,2,3263.8,121,3,3263.9,1,1,3264.0,221,9,3264.1,11,2
11536,2025-12-30 13:15:25+05:30,3263.7,1,3251.53,1182229,120778.0,119439.0,3250.0,3265.1,3239.8,3251.5,44927225,3576.6,2926.4,4322.95,2866.6,3263.1,65,2,3262.6,6,2,3262.5,63,2,3262.4,86,8,3262.3,82,6,3263.7,30,2,3263.8,121,3,3263.9,1,1,3264.0,221,9,3264.1,11,2
11536,2025-12-30 13:15:26+05:30,3263.1,1,3251.53,1182231,120571.0,117966.0,3250.0,3265.1,3239.8,3251.5,44927225,3576.6,2926.4,4322.95,2866.6,3263.7,1,1,3263.1,64,2,3262.6,9,3,3262.5,36,3,3262.4,262,9,3263.8,132,4,3263.9,38,3,3264.0,481,10,3264.1,8,1,3264.2,103,4
11536,2025-12-30 13:15:26+05:30,3263.7,1,3251.53,1182231,120571.0,117966.0,3250.0,3265.1,3239.8,3251.5,44927225,3576.6,2926.4,4322.95,2866.6,3263.7,1,1,3263.1,64,2,3262.6,9,3,3262.5,36,3,3262.4,262,9,3263.8,132,4,3263.9,38,3,3264.0,481,10,3264.1,8,1,3264.2,103,4
11536,2025-12-30 13:15:27+05:30,3263.6,1,3251.53,1182233,120584.0,119431.0,3250.0,3265.1,3239.8,3251.5,44927225,3576.6,2926.4,4322.95,2866.6,3263.2,6,2,3263.1,10,1,3262.6,9,3,3262.5,18,2,3262.4,47,6,3263.5,89,1,3263.6,35,2,3263.7,33,3,3263.8,113,2,3263.9,202,4
11536,2025-12-30 13:15:27+05:30,3263.6,1,3251.53,1182233,120584.0,119431.0,3250.0,3265.1,3239.8,3251.5,44927225,3576.6,2926.4,4322.95,2866.6,3263.2,6,2,3263.1,10,1,3262.6,9,3,3262.5,18,2,3262.4,47,6,3263.5,89,1,3263.6,35,2,3263.7,33,3,3263.8,113,2,3263.9,202,4
11536,2025-12-30 13:15:28+05:30,3263.2,2,3251.53,1182233,120584.0,119431.0,3250.0,3265.1,3239.8,3251.5,44927225,3576.6,2926.4,4322.95,2866.6,3263.2,6,2,3263.1,10,1,3262.6,9,3,3262.5,18,2,3262.4,47,6,3263.5,89,1,3263.6,35,2,3263.7,33,3,3263.8,113,2,3263.9,202,4
11536,2025-12-30 13:15:28+05:30,3263.2,2,3251.53,1182242,120654.0,119196.0,3250.0,3265.1,3239.8,3251.5,44927225,3576.6,2926.4,4322.95,2866.6,3263.2,114,4,3262.6,9,3,3262.5,18,2,3262.4,79,8,3262.3,28,4,3263.5,101,2,3263.6,13,1,3263.7,20,2,3263.8,86,1,3263.9,224,5
11536,2025-12-30 13:15:29+05:30,3263.2,10,3251.53,1182242,120654.0,119196.0,3250.0,3265.1,3239.8,3251.5,44927225,3576.6,2926.4,4322.95,2866.6,3263.2,114,4,3262.6,9,3,3262.5,18,2,3262.4,79,8,3262.3,28,4,3263.5,101,2,3263.6,13,1,3263.7,20,2,3263.8,86,1,3263.9,224,5
11536,2025-12-30 13:15:29+05:30,3263.2,10,3251.53,1182252,120684.0,119297.0,3250.0,3265.1,3239.8,3251.5,44927225,3576.6,2926.4,4322.95,2866.6,3263.2,104,4,3262.6,9,3,3262.5,18,2,3262.4,79,8,3262.3,28,4,3263.5,101,2,3263.6,13,1,3263.7,20,2,3263.8,86,1,3263.9,224,5
11536,2025-12-30 13:15:30+05:30,3263.2,10,3251.53,1182252,120581.0,119297.0,3250.0,3265.1,3239.8,3251.5,44927225,3576.6,2926.4,4322.95,2866.6,3263.2,104,4,3263.1,9,1,3262.6,36,4,3262.5,18,2,3262.4,68,7,3263.5,13,1,3263.6,13,1,3263.7,13,1,3263.8,86,1,3263.9,33,3
11536,2025-12-30 13:15:31+05:30,3263.1,41,3251.53,1182252,120581.0,119297.0,3250.0,3265.1,3239.8,3251.5,44927225,3576.6,2926.4,4322.95,2866.6,3263.2,104,4,3263.1,9,1,3262.6,36,4,3262.5,18,2,3262.4,68,7,3263.5,13,1,3263.6,13,1,3263.7,13,1,3263.8,86,1,3263.9,33,3
11536,2025-12-30 13:15:31+05:30,3263.5,2,3251.54,1182429,117570.0,119673.0,3250.0,3265.1,3239.8,3251.5,44927225,3576.6,2926.4,4322.95,2866.6,3263.1,9,1,3262.6,6,2,3262.5,18,2,3262.4,68,7,3262.3,18,3,3263.5,42,3,3263.6,49,3,3263.7,49,2,3263.8,86,1,3263.9,83,3
11536,2025-12-30 13:15:32+05:30,3263.1,1,3251.54,1182429,117570.0,119673.0,3250.0,3265.1,3239.8,3251.5,44927225,3576.6,2926.4,4322.95,2866.6,3263.1,9,1,3262.6,6,2,3262.5,18,2,3262.4,68,7,3262.3,18,3,3263.5,42,3,3263.6,49,3,3263.7,49,2,3263.8,86,1,3263.9,83,3
11536,2025-12-30 13:15:32+05:30,3263.1,1,3251.54,1182432,119094.0,118653.0,3250.0,3265.1,3239.8,3251.5,44927225,3576.6,2926.4,4322.95,2866.6,3263.1,57,2,3263.0,69,1,3262.6,6,2,3262.5,18,2,3262.4,68,7,3263.5,40,3,3263.6,49,3,3263.7,49,2,3263.8,86,1,3263.9,83,3
11536,2025-12-30 13:15:33+05:30,3263.5,1,3251.54,1182432,119094.0,118653.0,3250.0,3265.1,3239.8,3251.5,44927225,3576.6,2926.4,4322.95,2866.6,3263.1,57,2,3263.0,69,1,3262.6,6,2,3262.5,18,2,3262.4,68,7,3263.5,40,3,3263.6,49,3,3263.7,49,2,3263.8,86,1,3263.9,83,3
11536,2025-12-30 13:15:33+05:30,3263.1,4,3251.54,1182546,118874.0,120473.0,3250.0,3265.1,3239.8,3251.5,44927225,3576.6,2926.4,4322.95,2866.6,3263.0,75,2,3262.6,6,2,3262.5,18,2,3262.4,52,7,3262.3,15,2,3263.1,71,1,3263.3,35,2,3263.4,19,2,3263.5,26,1,3263.6,27,2
11536,2025-12-30 13:15:34+05:30,3263.0,1,3251.54,1182546,118874.0,120473.0,3250.0,3265.1,3239.8,3251.5,44927225,3576.6,2926.4,4322.95,2866.6,3263.0,75,2,3262.6,6,2,3262.5,18,2,3262.4,52,7,3262.3,15,2,3263.1,71,1,3263.3,35,2,3263.4,19,2,3263.5,26,1,3263.6,27,2
11536,2025-12-30 13:15:34+05:30,3263.0,1,3251.54,1182547,118862.0,120343.0,3250.0,3265.1,3239.8,3251.5,44927225,3576.6,2926.4,4322.95,2866.6,3263.0,74,2,3262.6,6,2,3262.5,2,1,3262.4,74,8,3262.3,15,2,3263.1,71,1,3263.4,41,3,3263.6,137,4,3263.7,149,5,3263.8,124,3
11536,2025-12-30 13:15:35+05:30,3263.1,1,3251.54,1182547,118862.0,120343.0,3250.0,3265.1,3239.8,3251.5,44927225,3576.6,2926.4,4322.95,2866.6,3263.0,74,2,3262.6,6,2,3262.5,2,1,3262.4,74,8,3262.3,15,2,3263.1,71,1,3263.4,41,3,3263.6,137,4,3263.7,149,5,3263.8,124,3
11536,2025-12-30 13:15:35+05:30,3263.1,1,3251.54,1182548,119056.0,120342.0,3250.0,3265.1,3239.8,3251.5,44927225,3576.6,2926.4,4322.95,2866.6,3263.0,74,2,3262.6,6,2,3262.5,2,1,3262.4,74,8,3262.3,15,2,3263.1,70,1,3263.4,41,3,3263.6,137,4,3263.7,103,4,3263.8,170,4
11536,2025-12-30 13:15:36+05:30,3263.1,1,3251.54,1182548,118983.0,121234.0,3250.0,3265.1,3239.8,3251.5,44927225,3576.6,2926.4,4322.95,2866.6,3263.0,74,2,3262.6,6,2,3262.5,2,1,3262.4,45,6,3262.3,15,2,3263.1,70,1,3263.5,42,3,3263.6,49,3,3263.7,42,1,3263.8,269,6
11536,2025-12-30 13:15:37+05:30,3263.1,1,3251.54,1182548,118983.0,121234.0,3250.0,3265.1,3239.8,3251.5,44927225,3576.6,2926.4,4322.95,2866.6,3263.0,74,2,3262.6,6,2,3262.5,2,1,3262.4,45,6,3262.3,15,2,3263.1,70,1,3263.5,42,3,3263.6,49,3,3263.7,42,1,3263.8,269,6
11536,2025-12-30 13:15:37+05:30,3263.1,1,3251.54,1182549,118625.0,120952.0,3250.0,3265.1,3239.8,3251.5,44927225,3576.6,2926.4,4322.95,2866.6,3263.0,121,3,3262.6,6,2,3262.5,2,1,3262.4,51,7,3262.3,15,2,3263.1,69,1,3263.5,55,4,3263.6,46,2,3263.7,88,2,3263.8,223,5
11536,2025-12-30 13:15:38+05:30,3263.1,5,3251.54,1182549,118625.0,120952.0,3250.0,3265.1,3239.8,3251.5,44927225,3576.6,2926.4,4322.95,2866.6,3263.0,121,3,3262.6,6,2,3262.5,2,1,3262.4,51,7,3262.3,15,2,3263.1,69,1,3263.5,55,4,3263.6,46,2,3263.7,88,2,3263.8,223,5
11536,2025-12-30 13:15:38+05:30,3263.1,5,3251.54,1182555,118409.0,121116.0,3250.0,3265.1,3239.8,3251.5,44927225,3576.6,2926.4,4322.95,2866.6,3263.0,121,4,3262.6,6,2,3262.5,2,1,3262.4,48,6,3262.3,15,2,3263.1,94,2,3263.3,88,1,3263.4,74,3,3263.5,7,1,3263.6,92,3
11536,2025-12-30 13:15:39+05:30,3263.0,20,3251.54,1182792,118198.0,121573.0,3250.0,3265.1,3239.8,3251.5,44927225,3576.6,2926.4,4322.95,2866.6,3262.6,6,2,3262.5,2,1,3262.4,89,6,3262.3,15,2,3261.9,10,3,3263.0,26,1,3263.1,94,2,3263.3,32,2,3263.5,102,4,3263.6,76,3
11536,2025-12-30 13:15:40+05:30,3262.9,26,3251.54,1182792,118198.0,121573.0,3250.0,3265.1,3239.8,3251.5,44927225,3576.6,2926.4,4322.95,2866.6,3262.6,6,2,3262.5,2,1,3262.4,89,6,3262.3,15,2,3261.9,10,3,3263.0,26,1,3263.1,94,2,3263.3,32,2,3263.5,102,4,3263.6,76,3
11536,2025-12-30 13:15:40+05:30,3262.9,26,3251.54,1182818,118446.0,120392.0,3250.0,3265.1,3239.8,3251.5,44927225,3576.6,2926.4,4322.95,2866.6,3263.0,7,1,3262.6,6,2,3262.5,2,1,3262.4,111,7,3262.3,15,2,3263.1,94,2,3263.2,22,1,3263.3,26,1,3263.4,65,3,3263.5,60,2
11536,2025-12-30 13:15:41+05:30,3263.1,50,3251.54,1182818,118446.0,120392.0,3250.0,3265.1,3239.8,3251.5,44927225,3576.6,2926.4,4322.95,2866.6,3263.0,7,1,3262.6,6,2,3262.5,2,1,3262.4,111,7,3262.3,15,2,3263.1,94,2,3263.2,22,1,3263.3,26,1,3263.4,65,3,3263.5,60,2
11536,2025-12-30 13:15:41+05:30,3263.1,50,3251.54,1182868,117893.0,121400.0,3250.0,3265.1,3239.8,3251.5,44927225,3576.6,2926.4,4322.95,2866.6,3263.0,7,1,3262.6,6,2,3262.5,2,1,3262.4,126,8,3262.3,15,2,3263.1,44,2,3263.2,22,1,3263.3,42,2,3263.4,48,2,3263.5,60,2
11536,2025-12-30 13:15:42+05:30,3263.0,1,3251.54,1182872,118699.0,121354.0,3250.0,3265.1,3239.8,3251.5,44927225,3576.6,2926.4,4322.95,2866.6,3263.0,6,1,3262.6,6,2,3262.5,2,1,3262.4,127,9,3262.3,15,2,3263.1,41,2,3263.4,42,1,3263.5,42,1,3263.6,87,4,3263.7,48,3
11536,2025-12-30 13:15:43+05:30,3263.0,1,3251.54,1182872,118699.0,121354.0,3250.0,3265.1,3239.8,3251.5,44927225,3576.6,2926.4,4322.95,2866.6,3263.0,6,1,3262.6,6,2,3262.5,2,1,3262.4,127,9,3262.3,15,2,3263.1,41,2,3263.4,42,1,3263.5,42,1,3263.6,87,4,3263.7,48,3
11536,2025-12-30 13:15:43+05:30,3263.1,7,3251.54,1182914,119161.0,119779.0,3250.0,3265.1,3239.8,3251.5,44927225,3576.6,2926.4,4322.95,2866.6,3263.0,5,1,3262.6,6,2,3262.5,2,1,3262.4,105,8,3262.3,42,3,3263.8,142,5,3263.9,51,4,3264.0,194,8,3264.1,101,4,3264.2,121,5
11536,2025-12-30 13:15:44+05:30,3263.1,7,3251.54,1182914,119161.0,119779.0,3250.0,3265.1,3239.8,3251.5,44927225,3576.6,2926.4,4322.95,2866.6,3263.0,5,1,3262.6,6,2,3262.5,2,1,3262.4,105,8,3262.3,42,3,3263.8,142,5,3263.9,51,4,3264.0,194,8,3264.1,101,4,3264.2,121,5
11536,2025-12-30 13:15:45+05:30,3263.8,1,3251.54,1182915,120223.0,119969.0,3250.0,3265.1,3239.8,3251.5,44927225,3576.6,2926.4,4322.95,2866.6,3263.0,5,1,3262.6,6,2,3262.5,2,1,3262.4,105,8,3262.3,42,3,3263.8,141,5,3263.9,77,5,3264.0,240,9,3264.1,55,3,3264.2,60,4
11536,2025-12-30 13:15:45+05:30,3263.8,1,3251.54,1182915,120223.0,119969.0,3250.0,3265.1,3239.8,3251.5,44927225,3576.6,2926.4,4322.95,2866.6,3263.0,5,1,3262.6,6,2,3262.5,2,1,3262.4,105,8,3262.3,42,3,3263.8,141,5,3263.9,77,5,3264.0,240,9,3264.1,55,3,3264.2,60,4
11536,2025-12-30 13:15:46+05:30,3263.0,25,3251.54,1182945,118027.0,120040.0,3250.0,3265.1,3239.8,3251.5,44927225,3576.6,2926.4,4322.95,2866.6,3263.0,3,1,3262.6,6,2,3262.5,2,1,3262.4,105,8,3262.3,42,3,3263.8,149,6,3263.9,252,6,3264.0,240,9,3264.1,55,3,3264.2,60,4
11536,2025-12-30 13:15:46+05:30,3263.0,25,3251.54,1182945,118027.0,120040.0,3250.0,3265.1,3239.8,3251.5,44927225,3576.6,2926.4,4322.95,2866.6,3263.0,3,1,3262.6,6,2,3262.5,2,1,3262.4,105,8,3262.3,42,3,3263.8,149,6,3263.9,252,6,3264.0,240,9,3264.1,55,3,3264.2,60,4
11536,2025-12-30 13:15:47+05:30,3263.8,1,3251.54,1182946,119435.0,120048.0,3250.0,3265.1,3239.8,3251.5,44927225,3576.6,2926.4,4322.95,2866.6,3263.0,3,1,3262.6,6,2,3262.5,2,1,3262.4,105,8,3262.3,42,3,3263.8,148,6,3263.9,252,6,3264.0,241,10,3264.1,55,3,3264.2,60,4
11536,2025-12-30 13:15:47+05:30,3263.8,1,3251.54,1182946,119435.0,120048.0,3250.0,3265.1,3239.8,3251.5,44927225,3576.6,2926.4,4322.95,2866.6,3263.0,3,1,3262.6,6,2,3262.5,2,1,3262.4,105,8,3262.3,42,3,3263.8,148,6,3263.9,252,6,3264.0,241,10,3264.1,55,3,3264.2,60,4
11536,2025-12-30 13:15:48+05:30,3263.6,1,3251.54,1182946,119435.0,120048.0,3250.0,3265.1,3239.8,3251.5,44927225,3576.6,2926.4,4322.95,2866.6,3263.0,3,1,3262.6,6,2,3262.5,2,1,3262.4,105,8,3262.3,42,3,3263.8,148,6,3263.9,252,6,3264.0,241,10,3264.1,55,3,3264.2,60,4
11536,2025-12-30 13:15:48+05:30,3263.6,1,3251.54,1182951,119336.0,119065.0,3250.0,3265.1,3239.8,3251.5,44927225,3576.6,2926.4,4322.95,2866.6,3263.0,2,1,3262.6,6,2,3262.5,2,1,3262.4,105,8,3262.3,42,3,3263.6,48,4,3263.7,221,3,3263.8,180,5,3263.9,51,4,3264.0,234,11
11536,2025-12-30 13:15:49+05:30,3263.0,1,3251.54,1182952,119200.0,120146.0,3250.0,3265.1,3239.8,3251.5,44927225,3576.6,2926.4,4322.95,2866.6,3263.0,54,2,3262.6,6,2,3262.5,2,1,3262.4,105,8,3262.3,42,3,3263.5,209,4,3263.6,40,3,3263.7,22,1,3263.8,329,5,3263.9,77,5
11536,2025-12-30 13:15:49+05:30,3263.0,1,3251.54,1182952,119200.0,120146.0,3250.0,3265.1,3239.8,3251.5,44927225,3576.6,2926.4,4322.95,2866.6,3263.0,54,2,3262.6,6,2,3262.5,2,1,3262.4,105,8,3262.3,42,3,3263.5,209,4,3263.6,40,3,3263.7,22,1,3263.8,329,5,3263.9,77,5
11536,2025-12-30 13:15:50+05:30,3263.0,6,3251.54,1182952,119200.0,120146.0,3250.0,3265.1,3239.8,3251.5,44927225,3576.6,2926.4,4322.95,2866.6,3263.0,54,2,3262.6,6,2,3262.5,2,1,3262.4,105,8,3262.3,42,3,3263.5,209,4,3263.6,40,3,3263.7,22,1,3263.8,329,5,3263.9,77,5
11536,2025-12-30 13:15:50+05:30,3263.0,6,3251.54,1182959,119067.0,120146.0,3250.0,3265.1,3239.8,3251.5,44927225,3576.6,2926.4,4322.95,2866.6,3263.0,47,1,3262.6,6,2,3262.5,2,1,3262.4,126,9,3262.3,42,3,3263.4,175,1,3263.5,34,3,3263.6,40,3,3263.7,22,1,3263.8,329,5
11536,2025-12-30 13:15:51+05:30,3263.0,6,3251.54,1182959,119194.0,120161.0,3250.0,3265.1,3239.8,3251.5,44927225,3576.6,2926.4,4322.95,2866.6,3263.0,48,2,3262.6,6,2,3262.5,2,1,3262.4,126,9,3262.3,42,3,3263.4,201,3,3263.5,44,3,3263.6,8,1,3263.7,39,2,3263.8,355,6
11536,2025-12-30 13:15:52+05:30,3263.2,15,3251.54,1182959,119194.0,120161.0,3250.0,3265.1,3239.8,3251.5,44927225,3576.6,2926.4,4322.95,2866.6,3263.0,48,2,3262.6,6,2,3262.5,2,1,3262.4,126,9,3262.3,42,3,3263.4,201,3,3263.5,44,3,3263.6,8,1,3263.7,39,2,3263.8,355,6
11536,2025-12-30 13:15:52+05:30,3263.2,15,3251.54,1183149,117837.0,120397.0,3250.0,3265.1,3239.8,3251.5,44927225,3576.6,2926.4,4322.95,2866.6,3262.6,6,2,3262.5,2,1,3262.4,105,8,3262.3,15,2,3262.1,17,1,3263.3,42,1,3263.4,221,4,3263.5,22,1,3263.6,164,7,3263.7,39,2
11536,2025-12-30 13:15:53+05:30,3263.2,15,3251.54,1183149,118034.0,120687.0,3250.0,3265.1,3239.8,3251.5,44927225,3576.6,2926.4,4322.95,2866.6,3262.6,6,2,3262.5,2,1,3262.4,105,8,3262.3,15,2,3262.1,17,1,3263.3,99,5,3263.4,191,2,3263.5,26,1,3263.6,92,5,3263.7,85,3
11536,2025-12-30 13:15:54+05:30,3263.3,10,3251.54,1183149,118034.0,120687.0,3250.0,3265.1,3239.8,3251.5,44927225,3576.6,2926.4,4322.95,2866.6,3262.6,6,2,3262.5,2,1,3262.4,105,8,3262.3,15,2,3262.1,17,1,3263.3,99,5,3263.4,191,2,3263.5,26,1,3263.6,92,5,3263.7,85,3
11536,2025-12-30 13:15:54+05:30,3262.6,1,3251.54,1183160,118519.0,121260.0,3250.0,3265.1,3239.8,3251.5,44927225,3576.6,2926.4,4322.95,2866.6,3262.6,5,1,3262.5,2,1,3262.4,128,9,3262.3,15,2,3262.0,3,1,3263.0,3,2,3263.1,13,1,3263.3,78,4,3263.4,192,2,3263.5,26,1
11536,2025-12-30 13:15:55+05:30,3263.0,1,3251.54,1183160,118519.0,121260.0,3250.0,3265.1,3239.8,3251.5,44927225,3576.6,2926.4,4322.95,2866.6,3262.6,5,1,3262.5,2,1,3262.4,128,9,3262.3,15,2,3262.0,3,1,3263.0,3,2,3263.1,13,1,3263.3,78,4,3263.4,192,2,3263.5,26,1
11536,2025-12-30 13:15:55+05:30,3263.0,1,3251.54,1183161,118528.0,121259.0,3250.0,3265.1,3239.8,3251.5,44927225,3576.6,2926.4,4322.95,2866.6,3262.6,5,1,3262.5,2,1,3262.4,128,9,3262.3,15,2,3262.0,3,1,3263.0,2,2,3263.1,13,1,3263.3,78,4,3263.4,192,2,3263.5,26,1
11536,2025-12-30 13:15:56+05:30,3262.6,30,3251.54,1183161,118528.0,121259.0,3250.0,3265.1,3239.8,3251.5,44927225,3576.6,2926.4,4322.95,2866.6,3262.6,5,1,3262.5,2,1,3262.4,128,9,3262.3,15,2,3262.0,3,1,3263.0,2,2,3263.1,13,1,3263.3,78,4,3263.4,192,2,3263.5,26,1
11536,2025-12-30 13:15:56+05:30,3262.6,30,3251.54,1183191,117156.0,121239.0,3250.0,3265.1,3239.8,3251.5,44927225,3576.6,2926.4,4322.95,2866.6,3262.6,5,1,3262.5,2,1,3262.4,128,9,3262.3,15,2,3262.0,3,1,3263.0,22,4,3263.3,90,4,3263.4,192,2,3263.5,18,1,3263.6,74,4
11536,2025-12-30 13:15:57+05:30,3263.3,28,3251.54,1183191,117156.0,121239.0,3250.0,3265.1,3239.8,3251.5,44927225,3576.6,2926.4,4322.95,2866.6,3262.6,5,1,3262.5,2,1,3262.4,128,9,3262.3,15,2,3262.0,3,1,3263.0,22,4,3263.3,90,4,3263.4,192,2,3263.5,18,1,3263.6,74,4
11536,2025-12-30 13:15:57+05:30,3263.3,28,3251.54,1183241,118634.0,121270.0,3250.0,3265.1,3239.8,3251.5,44927225,3576.6,2926.4,4322.95,2866.6,3262.6,56,2,3262.5,2,1,3262.4,128,9,3262.3,15,2,3262.0,3,1,3263.3,74,5,3263.4,175,1,3263.5,33,2,3263.6,90,5,3263.7,56,3
11536,2025-12-30 13:15:58+05:30,3262.6,2,3251.54,1183241,118634.0,121270.0,3250.0,3265.1,3239.8,3251.5,44927225,3576.6,2926.4,4322.95,2866.6,3262.6,56,2,3262.5,2,1,3262.4,128,9,3262.3,15,2,3262.0,3,1,3263.3,74,5,3263.4,175,1,3263.5,33,2,3263.6,90,5,3263.7,56,3
11536,2025-12-30 13:15:58+05:30,3262.6,2,3251.54,1183246,118656.0,120478.0,3250.0,3265.1,3239.8,3251.5,44927225,3576.6,2926.4,4322.95,2866.6,3262.6,54,2,3262.5,2,1,3262.4,128,9,3262.3,15,2,3262.0,3,1,3263.3,71,5,3263.4,175,1,3263.5,31,2,3263.6,90,5,3263.7,102,4
11536,2025-12-30 13:15:59+05:30,3262.6,1,3251.54,1183248,118615.0,120753.0,3250.0,3265.1,3239.8,3251.5,44927225,3576.6,2926.4,4322.95,2866.6,3262.6,60,3,3262.5,14,2,3262.4,105,8,3262.3,15,2,3262.0,3,1,3263.3,60,3,3263.4,175,1,3263.5,31,2,3263.6,90,5,3263.7,102,4
11536,2025-12-30 13:16:00+05:30,3262.3,4,3251.54,1183248,118615.0,120753.0,3250.0,3265.1,3239.8,3251.5,44927225,3576.6,2926.4,4322.95,2866.6,3262.6,60,3,3262.5,14,2,3262.4,105,8,3262.3,15,2,3262.0,3,1,3263.3,60,3,3263.4,175,1,3263.5,31,2,3263.6,90,5,3263.7,102,4
11536,2025-12-30 13:16:00+05:30,3262.3,4,3251.55,1183491,114256.0,122394.0,3250.0,3265.1,3239.8,3251.5,44927225,3576.6,2926.4,4322.95,2866.6,3262.3,11,2,3261.9,1,1,3261.7,34,1,3261.6,64,4,3261.5,44,4,3262.6,107,1,3262.8,10,1,3262.9,183,2,3263.1,58,2,3263.2,21,1
11536,2025-12-30 13:16:01+05:30,3262.6,17,3251.55,1183491,114256.0,122394.0,3250.0,3265.1,3239.8,3251.5,44927225,3576.6,2926.4,4322.95,2866.6,3262.3,11,2,3261.9,1,1,3261.7,34,1,3261.6,64,4,3261.5,44,4,3262.6,107,1,3262.8,10,1,3262.9,183,2,3263.1,58,2,3263.2,21,1
11536,2025-12-30 13:16:01+05:30,3262.6,1,3251.55,1183509,115420.0,122263.0,3250.0,3265.1,3239.8,3251.5,44927225,3576.6,2926.4,4322.95,2866.6,3262.3,11,2,3262.2,51,1,3262.0,19,1,3261.9,1,1,3261.6,34,4,3262.6,89,1,3262.9,175,1,3263.0,22,1,3263.1,62,2,3263.2,21,1
11536,2025-12-30 13:16:02+05:30,3262.6,1,3251.55,1183509,115420.0,122263.0,3250.0,3265.1,3239.8,3251.5,44927225,3576.6,2926.4,4322.95,2866.6,3262.3,11,2,3262.2,51,1,3262.0,19,1,3261.9,1,1,3261.6,34,4,3262.6,89,1,3262.9,175,1,3263.0,22,1,3263.1,62,2,3263.2,21,1
11536,2025-12-30 13:16:02+05:30,3262.6,1,3251.55,1183510,115614.0,122249.0,3250.0,3265.1,3239.8,3251.5,44927225,3576.6,2926.4,4322.95,2866.6,3262.3,11,2,3262.2,59,2,3262.0,19,1,3261.9,1,1,3261.6,34,4,3262.6,88,1,3262.9,175,1,3263.0,22,1,3263.1,62,2,3263.2,21,1
11536,2025-12-30 13:16:03+05:30,3262.3,1,3251.55,1183511,115817.0,122424.0,3250.0,3265.1,3239.8,3251.5,44927225,3576.6,2926.4,4322.95,2866.6,3262.3,10,2,3262.2,59,2,3262.0,19,1,3261.9,1,1,3261.6,34,4,3262.6,88,1,3262.9,175,1,3263.0,22,1,3263.1,62,2,3263.2,21,1
11536,2025-12-30 13:16:04+05:30,3262.6,87,3251.55,1183511,115817.0,122424.0,3250.0,3265.1,3239.8,3251.5,44927225,3576.6,2926.4,4322.95,2866.6,3262.3,10,2,3262.2,59,2,3262.0,19,1,3261.9,1,1,3261.6,34,4,3262.6,88,1,3262.9,175,1,3263.0,22,1,3263.1,62,2,3263.2,21,1
11536,2025-12-30 13:16:04+05:30,3262.6,30,3251.55,1183629,116698.0,119275.0,3250.0,3265.1,3239.8,3251.5,44927225,3576.6,2926.4,4322.95,2866.6,3262.4,11,2,3262.3,10,2,3262.2,59,2,3261.9,37,2,3261.7,254,5,3263.4,27,3,3263.5,21,2,3263.6,131,7,3263.7,17,1,3263.8,171,5
11536,2025-12-30 13:16:05+05:30,3263.4,1,3251.55,1183629,116698.0,119275.0,3250.0,3265.1,3239.8,3251.5,44927225,3576.6,2926.4,4322.95,2866.6,3262.4,11,2,3262.3,10,2,3262.2,59,2,3261.9,37,2,3261.7,254,5,3263.4,27,3,3263.5,21,2,3263.6,131,7,3263.7,17,1,3263.8,171,5
11536,2025-12-30 13:16:05+05:30,3262.4,1,3251.55,1183631,116698.0,120195.0,3250.0,3265.1,3239.8,3251.5,44927225,3576.6,2926.4,4322.95,2866.6,3262.4,10,2,3262.3,10,2,3262.2,59,2,3261.9,37,2,3261.8,37,3,3263.4,60,5,3263.5,196,3,3263.6,135,7,3263.7,25,2,3263.8,171,5
11536,2025-12-30 13:16:06+05:30,3262.4,1,3251.55,1183631,116698.0,120195.0,3250.0,3265.1,3239.8,3251.5,44927225,3576.6,2926.4,4322.95,2866.6,3262.4,10,2,3262.3,10,2,3262.2,59,2,3261.9,37,2,3261.8,37,3,3263.4,60,5,3263.5,196,3,3263.6,135,7,3263.7,25,2,3263.8,171,5
11536,2025-12-30 13:16:06+05:30,3262.4,1,3251.55,1183631,116719.0,119898.0,3250.0,3265.1,3239.8,3251.5,44927225,3576.6,2926.4,4322.95,2866.6,3262.4,31,3,3262.3,10,2,3262.2,59,2,3261.9,37,2,3261.8,37,3,3263.4,32,2,3263.5,211,3,3263.6,96,5,3263.7,32,2,3263.8,154,4
11536,2025-12-30 13:16:07+05:30,3262.4,1,3251.55,1183631,116952.0,119887.0,3250.0,3265.1,3239.8,3251.5,44927225,3576.6,2926.4,4322.95,2866.6,3262.4,82,4,3262.3,10,2,3262.2,59,2,3261.9,37,2,3261.8,37,3,3263.4,41,3,3263.5,211,3,3263.6,112,6,3263.7,32,2,3263.8,154,4
11536,2025-12-30 13:16:08+05:30,3263.4,1,3251.55,1183631,116952.0,119887.0,3250.0,3265.1,3239.8,3251.5,44927225,3576.6,2926.4,4322.95,2866.6,3262.4,82,4,3262.3,10,2,3262.2,59,2,3261.9,37,2,3261.8,37,3,3263.4,41,3,3263.5,211,3,3263.6,112,6,3263.7,32,2,3263.8,154,4
11536,2025-12-30 13:16:08+05:30,3263.4,1,3251.55,1183632,117213.0,120176.0,3250.0,3265.1,3239.8,3251.5,44927225,3576.6,2926.4,4322.95,2866.6,3262.5,25,2,3262.4,120,7,3262.3,10,2,3262.2,59,2,3261.9,67,5,3263.5,175,1,3263.6,96,5,3263.7,32,2,3263.8,147,5,3263.9,319,8
11536,2025-12-30 13:16:09+05:30,3263.4,1,3251.55,1183632,117313.0,118779.0,3250.0,3265.1,3239.8,3251.5,44927225,3576.6,2926.4,4322.95,2866.6,3262.5,26,3,3262.4,120,7,3262.3,56,3,3262.2,12,2,3261.9,67,5,3263.5,175,1,3263.6,109,6,3263.7,32,2,3263.8,147,5,3263.9,319,8
11536,2025-12-30 13:16:10+05:30,3263.6,1,3251.55,1183633,117197.0,119623.0,3250.0,3265.1,3239.8,3251.5,44927225,3576.6,2926.4,4322.95,2866.6,3262.5,16,2,3262.4,99,6,3262.3,56,3,3262.2,38,3,3262.1,25,2,3263.6,69,4,3263.7,36,2,3263.8,122,3,3263.9,519,8,3264.0,224,10
11536,2025-12-30 13:16:11+05:30,3263.6,1,3251.55,1183633,117197.0,119623.0,3250.0,3265.1,3239.8,3251.5,44927225,3576.6,2926.4,4322.95,2866.6,3262.5,16,2,3262.4,99,6,3262.3,56,3,3262.2,38,3,3262.1,25,2,3263.6,69,4,3263.7,36,2,3263.8,122,3,3263.9,519,8,3264.0,224,10
11536,2025-12-30 13:16:11+05:30,3262.5,1,3251.55,1183637,117373.0,118608.0,3250.0,3265.1,3239.8,3251.5,44927225,3576.6,2926.4,4322.95,2866.6,3262.5,60,3,3262.4,123,7,3262.3,56,3,3262.2,12,2,3262.1,3,1,3263.6,67,4,3263.7,36,2,3263.8,122,3,3263.9,344,7,3264.0,224,10
11536,2025-12-30 13:16:12+05:30,3262.5,1,3251.55,1183637,117373.0,118608.0,3250.0,3265.1,3239.8,3251.5,44927225,3576.6,2926.4,4322.95,2866.6,3262.5,60,3,3262.4,123,7,3262.3,56,3,3262.2,12,2,3262.1,3,1,3263.6,67,4,3263.7,36,2,3263.8,122,3,3263.9,344,7,3264.0,224,10
11536,2025-12-30 13:16:12+05:30,3263.6,4,3251.55,1183654,117424.0,119476.0,3250.0,3265.1,3239.8,3251.5,44927225,3576.6,2926.4,4322.95,2866.6,3262.5,62,5,3262.4,172,7,3262.3,56,3,3262.2,12,2,3262.1,3,1,3263.6,38,3,3263.7,36,2,3263.8,297,4,3263.9,366,8,3264.0,224,10
11536,2025-12-30 13:16:13+05:30,3262.5,10,3251.55,1183654,117424.0,119476.0,3250.0,3265.1,3239.8,3251.5,44927225,3576.6,2926.4,4322.95,2866.6,3262.5,62,5,3262.4,172,7,3262.3,56,3,3262.2,12,2,3262.1,3,1,3263.6,38,3,3263.7,36,2,3263.8,297,4,3263.9,366,8,3264.0,224,10
11536,2025-12-30 13:16:13+05:30,3262.5,10,3251.55,1183668,117446.0,117370.0,3250.0,3265.1,3239.8,3251.5,44927225,3576.6,2926.4,4322.95,2866.6,3262.6,15,1,3262.5,49,4,3262.4,172,7,3262.3,56,3,3262.2,12,2,3263.6,65,5,3263.7,58,3,3263.8,297,4,3263.9,353,8,3264.0,224,10
11536,2025-12-30 13:16:14+05:30,3262.5,10,3251.55,1183668,117520.0,118226.0,3250.0,3265.1,3239.8,3251.5,44927225,3576.6,2926.4,4322.95,2866.6,3262.6,17,2,3262.5,53,5,3262.4,172,7,3262.3,56,3,3262.2,8,1,3263.6,77,5,3263.7,36,2,3263.8,122,3,3263.9,344,7,3264.0,224,10
11536,2025-12-30 13:16:15+05:30,3263.6,1,3251.55,1183668,117520.0,118226.0,3250.0,3265.1,3239.8,3251.5,44927225,3576.6,2926.4,4322.95,2866.6,3262.6,17,2,3262.5,53,5,3262.4,172,7,3262.3,56,3,3262.2,8,1,3263.6,77,5,3263.7,36,2,3263.8,122,3,3263.9,344,7,3264.0,224,10
11536,2025-12-30 13:16:15+05:30,3263.6,1,3251.55,1183669,117631.0,119966.0,3250.0,3265.1,3239.8,3251.5,44927225,3576.6,2926.4,4322.95,2866.6,3262.6,67,3,3262.5,78,6,3262.4,172,7,3262.3,82,4,3262.2,8,1,3263.6,54,4,3263.7,36,2,3263.8,297,4,3263.9,366,8,3264.0,224,10
11536,2025-12-30 13:16:16+05:30,3263.6,1,3251.55,1183672,117631.0,118966.0,3250.0,3265.1,3239.8,3251.5,44927225,3576.6,2926.4,4322.95,2866.6,3262.6,67,4,3262.5,78,6,3262.4,172,7,3262.3,82,4,3262.2,8,1,3263.6,52,4,3263.7,36,2,3263.8,297,4,3263.9,367,9,3264.0,224,10
11536,2025-12-30 13:16:17+05:30,3263.6,1,3251.55,1183672,117631.0,118966.0,3250.0,3265.1,3239.8,3251.5,44927225,3576.6,2926.4,4322.95,2866.6,3262.6,67,4,3262.5,78,6,3262.4,172,7,3262.3,82,4,3262.2,8,1,3263.6,52,4,3263.7,36,2,3263.8,297,4,3263.9,367,9,3264.0,224,10
11536,2025-12-30 13:16:17+05:30,3263.6,3,3251.55,1183675,117621.0,120072.0,3250.0,3265.1,3239.8,3251.5,44927225,3576.6,2926.4,4322.95,2866.6,3262.6,67,4,3262.5,78,6,3262.4,172,7,3262.3,82,4,3262.2,8,1,3263.6,49,4,3263.7,36,2,3263.8,297,4,3263.9,367,9,3264.0,224,10
11536,2025-12-30 13:16:18+05:30,3263.6,3,3251.55,1183675,117621.0,120072.0,3250.0,3265.1,3239.8,3251.5,44927225,3576.6,2926.4,4322.95,2866.6,3262.6,67,4,3262.5,78,6,3262.4,172,7,3262.3,82,4,3262.2,8,1,3263.6,49,4,3263.7,36,2,3263.8,297,4,3263.9,367,9,3264.0,224,10
11536,2025-12-30 13:16:18+05:30,3263.6,3,3251.55,1183675,117630.0,119031.0,3250.0,3265.1,3239.8,3251.5,44927225,3576.6,2926.4,4322.95,2866.6,3262.6,67,4,3262.5,78,6,3262.4,172,7,3262.3,82,4,3262.2,8,1,3263.6,49,4,3263.7,36,2,3263.8,297,4,3263.9,376,10,3264.0,224,10
11536,2025-12-30 13:16:19+05:30,3263.1,123,3251.55,1183921,117857.0,119619.0,3250.0,3265.1,3239.8,3251.5,44927225,3576.6,2926.4,4322.95,2866.6,3262.8,63,3,3262.7,31,2,3262.6,83,5,3262.5,66,4,3262.4,152,6,3263.5,30,2,3263.6,14,1,3263.8,316,5,3263.9,243,5,3264.0,224,10
11536,2025-12-30 13:16:20+05:30,3263.1,123,3251.55,1183921,117857.0,119619.0,3250.0,3265.1,3239.8,3251.5,44927225,3576.6,2926.4,4322.95,2866.6,3262.8,63,3,3262.7,31,2,3262.6,83,5,3262.5,66,4,3262.4,152,6,3263.5,30,2,3263.6,14,1,3263.8,316,5,3263.9,243,5,3264.0,224,10
11536,2025-12-30 13:16:20+05:30,3263.2,123,3251.55,1184044,120047.0,120675.0,3250.0,3265.1,3239.8,3251.5,44927225,3576.6,2926.4,4322.95,2866.6,3263.1,38,2,3263.0,200,1,3262.9,27,1,3262.8,6,1,3262.6,70,3,3263.3,51,1,3263.5,14,1,3263.8,101,2,3263.9,415,5,3264.0,224,10
11536,2025-12-30 13:16:21+05:30,3263.3,51,3251.55,1184044,120047.0,120675.0,3250.0,3265.1,3239.8,3251.5,44927225,3576.6,2926.4,4322.95,2866.6,3263.1,38,2,3263.0,200,1,3262.9,27,1,3262.8,6,1,3262.6,70,3,3263.3,51,1,3263.5,14,1,3263.8,101,2,3263.9,415,5,3264.0,224,10
11536,2025-12-30 13:16:21+05:30,3263.5,1,3251.55,1184096,120031.0,120492.0,3250.0,3265.1,3239.8,3251.5,44927225,3576.6,2926.4,4322.95,2866.6,3263.1,131,5,3263.0,200,1,3262.9,27,1,3262.8,6,1,3262.6,70,3,3263.5,13,1,3263.8,114,3,3263.9,402,4,3264.0,205,9,3264.1,17,2
11536,2025-12-30 13:16:22+05:30,3263.5,1,3251.55,1184096,120031.0,120492.0,3250.0,3265.1,3239.8,3251.5,44927225,3576.6,2926.4,4322.95,2866.6,3263.1,131,5,3263.0,200,1,3262.9,27,1,3262.8,6,1,3262.6,70,3,3263.5,13,1,3263.8,114,3,3263.9,402,4,3264.0,205,9,3264.1,17,2
11536,2025-12-30 13:16:22+05:30,3263.1,1,3251.55,1184097,120020.0,120150.0,3250.0,3265.1,3239.8,3251.5,44927225,3576.6,2926.4,4322.95,2866.6,3263.1,107,4,3263.0,200,1,3262.9,27,1,3262.8,6,1,3262.7,23,1,3263.5,13,1,3263.8,114,3,3263.9,402,4,3264.0,205,9,3264.1,17,2
11536,2025-12-30 13:16:23+05:30,3263.1,10,3251.55,1184097,120020.0,120150.0,3250.0,3265.1,3239.8,3251.5,44927225,3576.6,2926.4,4322.95,2866.6,3263.1,107,4,3263.0,200,1,3262.9,27,1,3262.8,6,1,3262.7,23,1,3263.5,13,1,3263.8,114,3,3263.9,402,4,3264.0,205,9,3264.1,17,2
11536,2025-12-30 13:16:23+05:30,3263.5,1,3251.55,1184108,120084.0,120549.0,3250.0,3265.1,3239.8,3251.5,44927225,3576.6,2926.4,4322.95,2866.6,3263.1,97,4,3263.0,218,2,3262.9,61,3,3262.8,6,1,3262.6,52,2,3263.5,12,1,3263.6,40,3,3263.8,117,3,3263.9,402,4,3264.0,224,10
11536,2025-12-30 13:16:24+05:30,3263.5,1,3251.55,1184108,120084.0,120549.0,3250.0,3265.1,3239.8,3251.5,44927225,3576.6,2926.4,4322.95,2866.6,3263.1,97,4,3263.0,218,2,3262.9,61,3,3262.8,6,1,3262.6,52,2,3263.5,12,1,3263.6,40,3,3263.8,117,3,3263.9,402,4,3264.0,224,10
11536,2025-12-30 13:16:24+05:30,3263.5,1,3251.55,1184108,119916.0,118923.0,3250.0,3265.1,3239.8,3251.5,44927225,3576.6,2926.4,4322.95,2866.6,3263.1,108,5,3263.0,241,3,3262.9,38,2,3262.8,6,1,3262.6,52,2,3263.5,12,1,3263.6,25,2,3263.8,118,3,3263.9,227,3,3264.0,206,9
11536,2025-12-30 13:16:25+05:30,3263.5,1,3251.55,1184108,119916.0,118923.0,3250.0,3265.1,3239.8,3251.5,44927225,3576.6,2926.4,4322.95,2866.6,3263.1,108,5,3263.0,241,3,3262.9,38,2,3262.8,6,1,3262.6,52,2,3263.5,12,1,3263.6,25,2,3263.8,118,3,3263.9,227,3,3264.0,206,9
11536,2025-12-30 13:16:25+05:30,3263.5,1,3251.55,1184109,119885.0,120587.0,3250.0,3265.1,3239.8,3251.5,44927225,3576.6,2926.4,4322.95,2866.6,3263.1,93,3,3263.0,264,3,3262.9,11,1,3262.8,6,1,3262.6,52,2,3263.5,11,1,3263.6,55,4,3263.8,303,5,3263.9,227,3,3264.0,206,9
11536,2025-12-30 13:16:26+05:30,3263.5,1,3251.55,1184109,119989.0,120587.0,3250.0,3265.1,3239.8,3251.5,44927225,3576.6,2926.4,4322.95,2866.6,3263.1,120,5,3263.0,278,4,3262.9,11,1,3262.8,6,1,3262.6,75,3,3263.5,11,1,3263.6,55,4,3263.8,303,5,3263.9,227,3,3264.0,206,9
11536,2025-12-30 13:16:27+05:30,3263.5,3,3251.55,1184112,120007.0,120592.0,3250.0,3265.1,3239.8,3251.5,44927225,3576.6,2926.4,4322.95,2866.6,3263.1,120,5,3263.0,278,4,3262.9,11,1,3262.8,6,1,3262.6,75,3,3263.5,8,1,3263.6,55,4,3263.8,303,5,3263.9,227,3,3264.0,206,9
11536,2025-12-30 13:16:28+05:30,3263.1,3,3251.55,1184112,120007.0,120592.0,3250.0,3265.1,3239.8,3251.5,44927225,3576.6,2926.4,4322.95,2866.6,3263.1,120,5,3263.0,278,4,3262.9,11,1,3262.8,6,1,3262.6,75,3,3263.5,8,1,3263.6,55,4,3263.8,303,5,3263.9,227,3,3264.0,206,9
11536,2025-12-30 13:16:28+05:30,3263.1,1,3251.55,1184116,119609.0,120592.0,3250.0,3265.1,3239.8,3251.5,44927225,3576.6,2926.4,4322.95,2866.6,3263.1,116,5,3263.0,278,4,3262.9,11,1,3262.8,6,1,3262.6,75,3,3263.5,8,1,3263.6,55,4,3263.8,303,5,3263.9,227,3,3264.0,206,9
11536,2025-12-30 13:16:29+05:30,3263.1,1,3251.55,1184116,119609.0,120592.0,3250.0,3265.1,3239.8,3251.5,44927225,3576.6,2926.4,4322.95,2866.6,3263.1,116,5,3263.0,278,4,3262.9,11,1,3262.8,6,1,3262.6,75,3,3263.5,8,1,3263.6,55,4,3263.8,303,5,3263.9,227,3,3264.0,206,9
11536,2025-12-30 13:16:30+05:30,3263.1,1,3251.55,1184116,120350.0,119458.0,3250.0,3265.1,3239.8,3251.5,44927225,3576.6,2926.4,4322.95,2866.6,3263.1,116,5,3263.0,278,4,3262.9,11,1,3262.8,6,1,3262.6,52,2,3263.5,49,4,3263.6,25,2,3263.8,151,5,3263.9,445,6,3264.0,243,11
11536,2025-12-30 13:16:31+05:30,3263.5,17,3251.55,1184141,118808.0,120819.0,3250.0,3265.1,3239.8,3251.5,44927225,3576.6,2926.4,4322.95,2866.6,3263.1,116,5,3263.0,278,4,3262.9,11,1,3262.8,6,1,3262.6,52,2,3263.5,14,2,3263.6,40,3,3263.7,175,1,3263.8,152,5,3263.9,270,5
11536,2025-12-30 13:16:31+05:30,3263.5,17,3251.55,1184141,118808.0,120819.0,3250.0,3265.1,3239.8,3251.5,44927225,3576.6,2926.4,4322.95,2866.6,3263.1,116,5,3263.0,278,4,3262.9,11,1,3262.8,6,1,3262.6,52,2,3263.5,14,2,3263.6,40,3,3263.7,175,1,3263.8,152,5,3263.9,270,5
11536,2025-12-30 13:16:32+05:30,3263.2,2,3251.55,1184144,119009.0,120786.0,3250.0,3265.1,3239.8,3251.5,44927225,3576.6,2926.4,4322.95,2866.6,3263.1,116,5,3263.0,278,4,3262.9,11,1,3262.8,6,1,3262.6,77,3,3263.2,28,1,3263.5,59,4,3263.6,25,2,3263.7,175,1,3263.8,130,4
11536,2025-12-30 13:16:32+05:30,3263.2,2,3251.55,1184144,119009.0,120786.0,3250.0,3265.1,3239.8,3251.5,44927225,3576.6,2926.4,4322.95,2866.6,3263.1,116,5,3263.0,278,4,3262.9,11,1,3262.8,6,1,3262.6,77,3,3263.2,28,1,3263.5,59,4,3263.6,25,2,3263.7,175,1,3263.8,130,4
11536,2025-12-30 13:16:33+05:30,3263.2,1,3251.55,1184145,118319.0,120790.0,3250.0,3265.1,3239.8,3251.5,44927225,3576.6,2926.4,4322.95,2866.6,3263.1,123,6,3263.0,278,4,3262.9,11,1,3262.8,6,1,3262.6,52,2,3263.2,27,1,3263.5,65,5,3263.6,25,2,3263.7,175,1,3263.8,130,4
11536,2025-12-30 13:16:33+05:30,3263.2,1,3251.55,1184145,118319.0,120790.0,3250.0,3265.1,3239.8,3251.5,44927225,3576.6,2926.4,4322.95,2866.6,3263.1,123,6,3263.0,278,4,3262.9,11,1,3262.8,6,1,3262.6,52,2,3263.2,27,1,3263.5,65,5,3263.6,25,2,3263.7,175,1,3263.8,130,4
11536,2025-12-30 13:16:34+05:30,3263.1,1,3251.55,1184146,118307.0,120790.0,3250.0,3265.1,3239.8,3251.5,44927225,3576.6,2926.4,4322.95,2866.6,3263.1,122,6,3263.0,278,4,3262.9,11,1,3262.8,6,1,3262.6,52,2,3263.2,27,1,3263.5,65,5,3263.6,25,2,3263.7,175,1,3263.8,130,4
11536,2025-12-30 13:16:34+05:30,3263.1,1,3251.55,1184146,118307.0,120790.0,3250.0,3265.1,3239.8,3251.5,44927225,3576.6,2926.4,4322.95,2866.6,3263.1,122,6,3263.0,278,4,3262.9,11,1,3262.8,6,1,3262.6,52,2,3263.2,27,1,3263.5,65,5,3263.6,25,2,3263.7,175,1,3263.8,130,4
11536,2025-12-30 13:16:35+05:30,3263.2,1,3251.55,1184146,118307.0,120790.0,3250.0,3265.1,3239.8,3251.5,44927225,3576.6,2926.4,4322.95,2866.6,3263.1,122,6,3263.0,278,4,3262.9,11,1,3262.8,6,1,3262.6,52,2,3263.2,27,1,3263.5,65,5,3263.6,25,2,3263.7,175,1,3263.8,130,4
11536,2025-12-30 13:16:35+05:30,3263.2,1,3251.55,1184148,119852.0,120794.0,3250.0,3265.1,3239.8,3251.5,44927225,3576.6,2926.4,4322.95,2866.6,3263.1,122,6,3263.0,278,4,3262.9,11,1,3262.8,6,1,3262.7,25,1,3263.2,25,1,3263.5,51,5,3263.6,25,2,3263.7,175,1,3263.8,130,4
11536,2025-12-30 13:16:36+05:30,3263.1,1,3251.55,1184148,119852.0,120794.0,3250.0,3265.1,3239.8,3251.5,44927225,3576.6,2926.4,4322.95,2866.6,3263.1,122,6,3263.0,278,4,3262.9,11,1,3262.8,6,1,3262.7,25,1,3263.2,25,1,3263.5,51,5,3263.6,25,2,3263.7,175,1,3263.8,130,4
11536,2025-12-30 13:16:36+05:30,3263.1,1,3251.55,1184353,118614.0,121006.0,3250.0,3265.1,3239.8,3251.5,44927225,3576.6,2926.4,4322.95,2866.6,3263.1,13,3,3263.0,278,4,3262.9,11,1,3262.8,6,1,3262.6,52,2,3263.2,27,1,3263.3,15,1,3263.4,21,2,3263.5,36,4,3263.6,232,5
11536,2025-12-30 13:16:37+05:30,3263.1,112,3251.55,1184353,118614.0,121006.0,3250.0,3265.1,3239.8,3251.5,44927225,3576.6,2926.4,4322.95,2866.6,3263.1,13,3,3263.0,278,4,3262.9,11,1,3262.8,6,1,3262.6,52,2,3263.2,27,1,3263.3,15,1,3263.4,21,2,3263.5,36,4,3263.6,232,5
11536,2025-12-30 13:16:37+05:30,3263.1,112,3251.56,1184536,118392.0,121045.0,3250.0,3265.1,3239.8,3251.5,44927225,3576.6,2926.4,4322.95,2866.6,3263.0,253,6,3262.9,11,1,3262.8,6,1,3262.6,52,2,3262.5,5,2,3263.1,22,1,3263.2,41,2,3263.3,34,2,3263.4,23,2,3263.5,97,6
11536,2025-12-30 13:16:38+05:30,3263.0,2,3251.56,1184536,118392.0,121045.0,3250.0,3265.1,3239.8,3251.5,44927225,3576.6,2926.4,4322.95,2866.6,3263.0,253,6,3262.9,11,1,3262.8,6,1,3262.6,52,2,3262.5,5,2,3263.1,22,1,3263.2,41,2,3263.3,34,2,3263.4,23,2,3263.5,97,6
11536,2025-12-30 13:16:38+05:30,3263.2,7,3251.56,1184594,118712.0,121031.0,3250.0,3265.1,3239.8,3251.5,44927225,3576.6,2926.4,4322.95,2866.6,3263.0,294,8,3262.9,11,1,3262.8,6,1,3262.6,77,3,3262.5,5,2,3263.1,30,1,3263.2,7,1,3263.3,34,2,3263.4,6,1,3263.5,78,5
11536,2025-12-30 13:16:39+05:30,3263.2,7,3251.56,1184594,118712.0,121031.0,3250.0,3265.1,3239.8,3251.5,44927225,3576.6,2926.4,4322.95,2866.6,3263.0,294,8,3262.9,11,1,3262.8,6,1,3262.6,77,3,3262.5,5,2,3263.1,30,1,3263.2,7,1,3263.3,34,2,3263.4,6,1,3263.5,78,5
11536,2025-12-30 13:16:39+05:30,3263.2,7,3251.56,1184594,118761.0,121266.0,3250.0,3265.1,3239.8,3251.5,44927225,3576.6,2926.4,4322.95,2866.6,3263.0,294,8,3262.9,11,1,3262.8,6,1,3262.6,52,2,3262.5,5,2,3263.1,42,3,3263.4,6,1,3263.5,78,5,3263.6,44,3,3263.8,242,8
11536,2025-12-30 13:16:40+05:30,3263.0,1,3251.56,1184594,118761.0,121266.0,3250.0,3265.1,3239.8,3251.5,44927225,3576.6,2926.4,4322.95,2866.6,3263.0,294,8,3262.9,11,1,3262.8,6,1,3262.6,52,2,3262.5,5,2,3263.1,42,3,3263.4,6,1,3263.5,78,5,3263.6,44,3,3263.8,242,8
11536,2025-12-30 13:16:40+05:30,3263.0,1,3251.56,1184596,119432.0,121227.0,3250.0,3265.1,3239.8,3251.5,44927225,3576.6,2926.4,4322.95,2866.6,3263.0,293,8,3262.9,11,1,3262.8,6,1,3262.6,52,2,3262.5,5,2,3263.1,41,3,3263.5,43,5,3263.6,61,4,3263.8,381,8,3263.9,246,5
11536,2025-12-30 13:16:41+05:30,3263.0,1,3251.56,1184596,119454.0,121227.0,3250.0,3265.1,3239.8,3251.5,44927225,3576.6,2926.4,4322.95,2866.6,3263.0,293,8,3262.9,11,1,3262.8,6,1,3262.6,52,2,3262.5,5,2,3263.1,41,3,3263.5,43,5,3263.6,61,4,3263.8,206,7,3263.9,421,6
11536,2025-12-30 13:16:42+05:30,3263.1,1,3251.56,1184596,119454.0,121227.0,3250.0,3265.1,3239.8,3251.5,44927225,3576.6,2926.4,4322.95,2866.6,3263.0,293,8,3262.9,11,1,3262.8,6,1,3262.6,52,2,3262.5,5,2,3263.1,41,3,3263.5,43,5,3263.6,61,4,3263.8,206,7,3263.9,421,6
11536,2025-12-30 13:16:42+05:30,3263.1,4,3251.56,1184601,119535.0,121260.0,3250.0,3265.1,3239.8,3251.5,44927225,3576.6,2926.4,4322.95,2866.6,3263.0,293,8,3262.9,11,1,3262.8,6,1,3262.6,52,2,3262.5,5,2,3263.1,78,5,3263.5,5,3,3263.6,44,3,3263.7,25,1,3263.8,181,6
11536,2025-12-30 13:16:43+05:30,3263.0,1,3251.56,1184601,119535.0,121260.0,3250.0,3265.1,3239.8,3251.5,44927225,3576.6,2926.4,4322.95,2866.6,3263.0,293,8,3262.9,11,1,3262.8,6,1,3262.6,52,2,3262.5,5,2,3263.1,78,5,3263.5,5,3,3263.6,44,3,3263.7,25,1,3263.8,181,6
11536,2025-12-30 13:16:43+05:30,3263.0,1,3251.56,1184606,119213.0,121182.0,3250.0,3265.1,3239.8,3251.5,44927225,3576.6,2926.4,4322.95,2866.6,3263.0,291,7,3262.9,11,1,3262.8,6,1,3262.6,52,2,3262.5,5,2,3263.1,74,5,3263.4,14,1,3263.5,19,4,3263.6,39,3,3263.8,160,5
11536,2025-12-30 13:16:44+05:30,3263.1,1,3251.56,1184606,119213.0,121182.0,3250.0,3265.1,3239.8,3251.5,44927225,3576.6,2926.4,4322.95,2866.6,3263.0,291,7,3262.9,11,1,3262.8,6,1,3262.6,52,2,3262.5,5,2,3263.1,74,5,3263.4,14,1,3263.5,19,4,3263.6,39,3,3263.8,160,5
11536,2025-12-30 13:16:44+05:30,3263.1,1,3251.56,1184607,119638.0,121176.0,3250.0,3265.1,3239.8,3251.5,44927225,3576.6,2926.4,4322.95,2866.6,3263.0,291,7,3262.9,11,1,3262.8,6,1,3262.6,52,2,3262.5,5,2,3263.1,73,5,3263.5,5,3,3263.6,25,2,3263.7,18,1,3263.8,134,4
11536,2025-12-30 13:16:45+05:30,3263.0,109,3251.56,1184607,119638.0,121176.0,3250.0,3265.1,3239.8,3251.5,44927225,3576.6,2926.4,4322.95,2866.6,3263.0,291,7,3262.9,11,1,3262.8,6,1,3262.6,52,2,3262.5,5,2,3263.1,73,5,3263.5,5,3,3263.6,25,2,3263.7,18,1,3263.8,134,4
11536,2025-12-30 13:16:45+05:30,3263.0,109,3251.56,1184894,121207.0,120210.0,3250.0,3265.1,3239.8,3251.5,44927225,3576.6,2926.4,4322.95,2866.6,3263.1,15,1,3263.0,182,7,3262.9,65,2,3262.8,85,3,3262.7,33,2,3263.6,25,2,3263.8,110,3,3263.9,239,4,3264.0,201,9,3264.1,69,3
11536,2025-12-30 13:16:46+05:30,3263.8,4,3251.56,1184894,121207.0,120210.0,3250.0,3265.1,3239.8,3251.5,44927225,3576.6,2926.4,4322.95,2866.6,3263.1,15,1,3263.0,182,7,3262.9,65,2,3262.8,85,3,3262.7,33,2,3263.6,25,2,3263.8,110,3,3263.9,239,4,3264.0,201,9,3264.1,69,3
11536,2025-12-30 13:16:46+05:30,3263.9,1,3251.56,1185074,121554.0,120173.0,3250.0,3265.1,3239.8,3251.5,44927225,3576.6,2926.4,4322.95,2866.6,3263.5,15,1,3263.4,25,2,3263.2,25,1,3263.1,44,2,3263.0,182,7,3263.9,240,3,3264.0,179,8,3264.2,220,4,3264.3,100,1,3264.4,93,7
11536,2025-12-30 13:16:47+05:30,3263.9,1,3251.56,1185074,121554.0,120173.0,3250.0,3265.1,3239.8,3251.5,44927225,3576.6,2926.4,4322.95,2866.6,3263.5,15,1,3263.4,25,2,3263.2,25,1,3263.1,44,2,3263.0,182,7,3263.9,240,3,3264.0,179,8,3264.2,220,4,3264.3,100,1,3264.4,93,7
11536,2025-12-30 13:16:47+05:30,3263.5,5,3251.56,1185094,121680.0,120799.0,3250.0,3265.1,3239.8,3251.5,44927225,3576.6,2926.4,4322.95,2866.6,3263.5,1,1,3263.4,15,1,3263.2,25,1,3263.1,30,1,3263.0,136,5,3263.9,226,2,3264.0,165,7,3264.1,32,2,3264.2,187,2,3264.3,100,1
11536,2025-12-30 13:16:48+05:30,3264.0,24,3251.56,1185094,121680.0,120799.0,3250.0,3265.1,3239.8,3251.5,44927225,3576.6,2926.4,4322.95,2866.6,3263.5,1,1,3263.4,15,1,3263.2,25,1,3263.1,30,1,3263.0,136,5,3263.9,226,2,3264.0,165,7,3264.1,32,2,3264.2,187,2,3264.3,100,1
11536,2025-12-30 13:16:48+05:30,3263.6,5,3251.57,1186110,120613.0,115852.0,3250.0,3265.1,3239.8,3251.5,44927225,3576.6,2926.4,4322.95,2866.6,3263.8,70,3,3263.7,15,1,3263.6,15,1,3263.5,4,3,3263.4,2,1,3264.4,175,1,3264.5,129,4,3264.7,13,1,3264.8,291,6,3264.9,90,7
11536,2025-12-30 13:16:49+05:30,3263.6,5,3251.57,1186110,120613.0,115852.0,3250.0,3265.1,3239.8,3251.5,44927225,3576.6,2926.4,4322.95,2866.6,3263.8,70,3,3263.7,15,1,3263.6,15,1,3263.5,4,3,3263.4,2,1,3264.4,175,1,3264.5,129,4,3264.7,13,1,3264.8,291,6,3264.9,90,7
11536,2025-12-30 13:16:49+05:30,3263.6,5,3251.57,1186110,120563.0,117348.0,3250.0,3265.1,3239.8,3251.5,44927225,3576.6,2926.4,4322.95,2866.6,3263.8,70,3,3263.7,15,1,3263.6,15,1,3263.5,4,3,3263.4,2,1,3264.4,175,1,3264.5,115,3,3264.7,13,1,3264.8,262,5,3264.9,136,8
11536,2025-12-30 13:16:50+05:30,3263.8,30,3251.57,1186110,120563.0,117348.0,3250.0,3265.1,3239.8,3251.5,44927225,3576.6,2926.4,4322.95,2866.6,3263.8,70,3,3263.7,15,1,3263.6,15,1,3263.5,4,3,3263.4,2,1,3264.4,175,1,3264.5,115,3,3264.7,13,1,3264.8,262,5,3264.9,136,8
11536,2025-12-30 13:16:50+05:30,3263.5,1,3251.57,1186181,119724.0,119077.0,3250.0,3265.1,3239.8,3251.5,44927225,3576.6,2926.4,4322.95,2866.6,3263.5,4,3,3263.4,2,1,3263.3,57,2,3263.2,7,2,3263.1,3,1,3263.8,105,1,3264.4,388,5,3264.5,147,3,3264.6,76,3,3264.7,16,2
11536,2025-12-30 13:16:51+05:30,3263.5,1,3251.57,1186181,119724.0,119077.0,3250.0,3265.1,3239.8,3251.5,44927225,3576.6,2926.4,4322.95,2866.6,3263.5,4,3,3263.4,2,1,3263.3,57,2,3263.2,7,2,3263.1,3,1,3263.8,105,1,3264.4,388,5,3264.5,147,3,3264.6,76,3,3264.7,16,2
11536,2025-12-30 13:16:51+05:30,3263.8,105,3251.57,1186286,120531.0,114394.0,3250.0,3265.1,3239.8,3251.5,44927225,3576.6,2926.4,4322.95,2866.6,3263.8,1,1,3263.6,72,3,3263.5,214,6,3263.4,2,1,3263.2,7,2,3264.5,115,3,3264.6,220,4,3264.7,16,1,3264.8,71,4,3264.9,71,5
11536,2025-12-30 13:16:52+05:30,3264.5,15,3251.57,1186286,120531.0,114394.0,3250.0,3265.1,3239.8,3251.5,44927225,3576.6,2926.4,4322.95,2866.6,3263.8,1,1,3263.6,72,3,3263.5,214,6,3263.4,2,1,3263.2,7,2,3264.5,115,3,3264.6,220,4,3264.7,16,1,3264.8,71,4,3264.9,71,5
11536,2025-12-30 13:16:52+05:30,3263.7,157,3251.58,1186582,119848.0,117367.0,3250.0,3265.1,3239.8,3251.5,44927225,3576.6,2926.4,4322.95,2866.6,3263.6,41,2,3263.5,230,7,3263.4,2,1,3263.2,7,2,3263.1,4,2,3264.6,213,4,3264.7,10,1,3264.8,104,5,3264.9,232,6,3265.0,746,26
11536,2025-12-30 13:16:53+05:30,3264.6,3,3251.58,1186582,119848.0,117367.0,3250.0,3265.1,3239.8,3251.5,44927225,3576.6,2926.4,4322.95,2866.6,3263.6,41,2,3263.5,230,7,3263.4,2,1,3263.2,7,2,3263.1,4,2,3264.6,213,4,3264.7,10,1,3264.8,104,5,3264.9,232,6,3265.0,746,26
11536,2025-12-30 13:16:53+05:30,3264.5,1,3251.58,1186586,120296.0,117173.0,3250.0,3265.1,3239.8,3251.5,44927225,3576.6,2926.4,4322.95,2866.6,3263.9,1,1,3263.5,198,4,3263.4,2,1,3263.3,36,2,3263.2,7,2,3264.5,174,1,3264.6,46,4,3264.7,24,2,3264.8,109,5,3264.9,297,8
11536,2025-12-30 13:16:54+05:30,3263.5,1,3251.58,1186586,120296.0,117173.0,3250.0,3265.1,3239.8,3251.5,44927225,3576.6,2926.4,4322.95,2866.6,3263.9,1,1,3263.5,198,4,3263.4,2,1,3263.3,36,2,3263.2,7,2,3264.5,174,1,3264.6,46,4,3264.7,24,2,3264.8,109,5,3264.9,297,8
11536,2025-12-30 13:16:54+05:30,3263.5,1,3251.58,1186588,120161.0,116945.0,3250.0,3265.1,3239.8,3251.5,44927225,3576.6,2926.4,4322.95,2866.6,3263.6,41,2,3263.5,166,4,3263.4,33,2,3263.3,10,1,3263.2,7,2,3264.5,202,3,3264.6,7,1,3264.8,58,4,3264.9,313,9,3265.0,571,25
11536,2025-12-30 13:16:55+05:30,3264.5,1,3251.58,1186588,120161.0,116945.0,3250.0,3265.1,3239.8,3251.5,44927225,3576.6,2926.4,4322.95,2866.6,3263.6,41,2,3263.5,166,4,3263.4,33,2,3263.3,10,1,3263.2,7,2,3264.5,202,3,3264.6,7,1,3264.8,58,4,3264.9,313,9,3265.0,571,25
11536,2025-12-30 13:16:55+05:30,3264.5,1,3251.58,1186590,120623.0,116635.0,3250.0,3265.1,3239.8,3251.5,44927225,3576.6,2926.4,4322.95,2866.6,3263.6,297,5,3263.5,166,4,3263.4,2,1,3263.3,42,2,3263.2,16,3,3264.5,172,1,3264.8,39,2,3264.9,286,9,3265.0,571,25,3265.1,153,7
11536,2025-12-30 13:16:56+05:30,3264.5,1,3251.58,1186590,120623.0,116635.0,3250.0,3265.1,3239.8,3251.5,44927225,3576.6,2926.4,4322.95,2866.6,3263.6,297,5,3263.5,166,4,3263.4,2,1,3263.3,42,2,3263.2,16,3,3264.5,172,1,3264.8,39,2,3264.9,286,9,3265.0,571,25,3265.1,153,7
11536,2025-12-30 13:16:56+05:30,3263.6,1,3251.58,1186591,120651.0,117381.0,3250.0,3265.1,3239.8,3251.5,44927225,3576.6,2926.4,4322.95,2866.6,3263.6,296,5,3263.5,166,4,3263.4,2,1,3263.3,42,2,3263.2,7,2,3264.5,172,1,3264.8,67,4,3264.9,250,7,3265.0,371,24,3265.1,127,6
11536,2025-12-30 13:16:57+05:30,3263.6,1,3251.58,1186591,120651.0,117381.0,3250.0,3265.1,3239.8,3251.5,44927225,3576.6,2926.4,4322.95,2866.6,3263.6,296,5,3263.5,166,4,3263.4,2,1,3263.3,42,2,3263.2,7,2,3264.5,172,1,3264.8,67,4,3264.9,250,7,3265.0,371,24,3265.1,127,6
11536,2025-12-30 13:16:57+05:30,3264.5,5,3251.58,1186596,120577.0,117248.0,3250.0,3265.1,3239.8,3251.5,44927225,3576.6,2926.4,4322.95,2866.6,3263.8,15,1,3263.7,36,2,3263.6,316,5,3263.5,177,5,3263.4,2,1,3264.5,167,1,3264.8,67,4,3264.9,250,7,3265.0,371,24,3265.1,81,5
11536,2025-12-30 13:16:58+05:30,3263.8,2,3251.58,1186596,120577.0,117248.0,3250.0,3265.1,3239.8,3251.5,44927225,3576.6,2926.4,4322.95,2866.6,3263.8,15,1,3263.7,36,2,3263.6,316,5,3263.5,177,5,3263.4,2,1,3264.5,167,1,3264.8,67,4,3264.9,250,7,3265.0,371,24,3265.1,81,5
11536,2025-12-30 13:16:58+05:30,3263.8,2,3251.58,1186601,120631.0,117272.0,3250.0,3265.1,3239.8,3251.5,44927225,3576.6,2926.4,4322.95,2866.6,3263.8,49,5,3263.7,66,4,3263.6,303,6,3263.5,162,4,3263.4,29,3,3264.5,164,1,3264.8,32,2,3264.9,218,6,3265.0,353,23,3265.1,127,6
11536,2025-12-30 13:16:59+05:30,3264.1,32,3251.58,1186601,120631.0,117272.0,3250.0,3265.1,3239.8,3251.5,44927225,3576.6,2926.4,4322.95,2866.6,3263.8,49,5,3263.7,66,4,3263.6,303,6,3263.5,162,4,3263.4,29,3,3264.5,164,1,3264.8,32,2,3264.9,218,6,3265.0,353,23,3265.1,127,6
11536,2025-12-30 13:16:59+05:30,3264.1,32,3251.58,1187115,119907.0,117687.0,3250.0,3265.1,3239.8,3251.5,44927225,3576.6,2926.4,4322.95,2866.6,3264.1,57,2,3264.0,59,3,3263.9,15,1,3263.8,26,4,3263.7,10,1,3264.9,5,3,3265.0,332,22,3265.1,42,3,3265.2,40,3,3265.3,178,2
11536,2025-12-30 13:17:00+05:30,3264.2,16,3251.58,1187172,119398.0,117905.0,3250.0,3265.1,3239.8,3251.5,44927225,3576.6,2926.4,4322.95,2866.6,3264.1,215,4,3264.0,15,1,3263.9,26,1,3263.8,11,3,3263.7,10,1,3264.2,118,1,3264.7,175,1,3264.9,30,5,3265.0,373,25,3265.1,266,6
11536,2025-12-30 13:17:01+05:30,3264.2,16,3251.58,1187172,119398.0,117905.0,3250.0,3265.1,3239.8,3251.5,44927225,3576.6,2926.4,4322.95,2866.6,3264.1,215,4,3264.0,15,1,3263.9,26,1,3263.8,11,3,3263.7,10,1,3264.2,118,1,3264.7,175,1,3264.9,30,5,3265.0,373,25,3265.1,266,6
11536,2025-12-30 13:17:01+05:30,3264.2,134,3251.59,1187480,119627.0,117693.0,3250.0,3265.1,3239.8,3251.5,44927225,3576.6,2926.4,4322.95,2866.6,3264.3,15,1,3264.2,15,1,3264.1,214,4,3264.0,15,1,3263.9,26,1,3264.9,5,3,3265.0,332,22,3265.1,58,4,3265.2,10,1,3265.3,197,3
11536,2025-12-30 13:17:02+05:30,3264.2,134,3251.59,1187480,119627.0,117693.0,3250.0,3265.1,3239.8,3251.5,44927225,3576.6,2926.4,4322.95,2866.6,3264.3,15,1,3264.2,15,1,3264.1,214,4,3264.0,15,1,3263.9,26,1,3264.9,5,3,3265.0,332,22,3265.1,58,4,3265.2,10,1,3265.3,197,3
11536,2025-12-30 13:17:02+05:30,3264.2,134,3251.59,1187480,120635.0,118244.0,3250.0,3265.1,3239.8,3251.5,44927225,3576.6,2926.4,4322.95,2866.6,3264.3,17,2,3264.2,15,1,3264.1,241,6,3264.0,31,1,3263.8,11,3,3264.9,28,6,3265.0,332,22,3265.1,229,5,3265.2,46,3,3265.3,3,1
11536,2025-12-30 13:17:03+05:30,3264.2,134,3251.59,1187480,120404.0,118218.0,3250.0,3265.1,3239.8,3251.5,44927225,3576.6,2926.4,4322.95,2866.6,3264.3,17,2,3264.2,18,2,3264.1,241,6,3264.0,31,1,3263.8,11,3,3264.9,28,6,3265.0,332,22,3265.1,54,4,3265.2,221,4,3265.3,3,1
11536,2025-12-30 13:17:05+05:30,3264.9,1,3251.59,1187481,120832.0,115999.0,3250.0,3265.1,3239.8,3251.5,44927225,3576.6,2926.4,4322.95,2866.6,3264.3,17,2,3264.2,69,4,3264.1,215,5,3263.9,26,1,3263.8,11,3,3264.9,4,2,3265.0,334,23,3265.1,42,3,3265.2,28,2,3265.3,178,2
11536,2025-12-30 13:17:05+05:30,3264.9,1,3251.59,1187481,120832.0,115999.0,3250.0,3265.1,3239.8,3251.5,44927225,3576.6,2926.4,4322.95,2866.6,3264.3,17,2,3264.2,69,4,3264.1,215,5,3263.9,26,1,3263.8,11,3,3264.9,4,2,3265.0,334,23,3265.1,42,3,3265.2,28,2,3265.3,178,2
11536,2025-12-30 13:17:06+05:30,3264.9,3,3251.59,1187484,121375.0,116210.0,3250.0,3265.1,3239.8,3251.5,44927225,3576.6,2926.4,4322.95,2866.6,3264.3,213,4,3264.2,69,4,3264.1,215,5,3263.9,26,1,3263.8,11,3,3264.9,1,1,3265.0,334,23,3265.1,42,3,3265.2,28,2,3265.3,178,2
11536,2025-12-30 13:17:06+05:30,3264.9,3,3251.59,1187484,121375.0,116210.0,3250.0,3265.1,3239.8,3251.5,44927225,3576.6,2926.4,4322.95,2866.6,3264.3,213,4,3264.2,69,4,3264.1,215,5,3263.9,26,1,3263.8,11,3,3264.9,1,1,3265.0,334,23,3265.1,42,3,3265.2,28,2,3265.3,178,2
11536,2025-12-30 13:17:07+05:30,3264.3,1,3251.59,1187486,120885.0,116506.0,3250.0,3265.1,3239.8,3251.5,44927225,3576.6,2926.4,4322.95,2866.6,3264.3,213,5,3264.2,69,4,3264.1,241,6,3264.0,10,1,3263.9,34,1,3265.0,344,24,3265.1,42,3,3265.2,10,1,3265.3,175,1,3265.4,24,2
11536,2025-12-30 13:17:07+05:30,3264.3,1,3251.59,1187486,120885.0,116506.0,3250.0,3265.1,3239.8,3251.5,44927225,3576.6,2926.4,4322.95,2866.6,3264.3,213,5,3264.2,69,4,3264.1,241,6,3264.0,10,1,3263.9,34,1,3265.0,344,24,3265.1,42,3,3265.2,10,1,3265.3,175,1,3265.4,24,2
11536,2025-12-30 13:17:08+05:30,3264.3,1,3251.59,1187487,120333.0,116570.0,3250.0,3265.1,3239.8,3251.5,44927225,3576.6,2926.4,4322.95,2866.6,3264.3,214,7,3264.2,104,6,3264.1,215,5,3263.8,11,3,3263.7,37,2,3265.0,344,24,3265.1,68,5,3265.2,185,2,3265.3,33,2,3265.4,43,3
11536,2025-12-30 13:17:08+05:30,3264.3,1,3251.59,1187487,120333.0,116570.0,3250.0,3265.1,3239.8,3251.5,44927225,3576.6,2926.4,4322.95,2866.6,3264.3,214,7,3264.2,104,6,3264.1,215,5,3263.8,11,3,3263.7,37,2,3265.0,344,24,3265.1,68,5,3265.2,185,2,3265.3,33,2,3265.4,43,3
11536,2025-12-30 13:17:09+05:30,3264.3,1,3251.59,1187487,119308.0,116660.0,3250.0,3265.1,3239.8,3251.5,44927225,3576.6,2926.4,4322.95,2866.6,3264.3,212,5,3264.2,47,4,3264.1,215,5,3263.8,11,3,3263.7,3,1,3265.0,402,27,3265.1,229,5,3265.2,68,4,3265.3,46,2,3265.4,89,4
11536,2025-12-30 13:17:10+05:30,3265.0,98,3251.59,1187487,119308.0,116660.0,3250.0,3265.1,3239.8,3251.5,44927225,3576.6,2926.4,4322.95,2866.6,3264.3,212,5,3264.2,47,4,3264.1,215,5,3263.8,11,3,3263.7,3,1,3265.0,402,27,3265.1,229,5,3265.2,68,4,3265.3,46,2,3265.4,89,4
11536,2025-12-30 13:17:10+05:30,3265.0,6,3251.59,1187686,120148.0,116395.0,3250.0,3265.1,3239.8,3251.5,44927225,3576.6,2926.4,4322.95,2866.6,3264.3,212,5,3264.2,47,4,3264.1,215,5,3263.8,11,3,3263.7,37,2,3265.0,189,14,3265.1,217,4,3265.2,26,2,3265.3,33,2,3265.4,77,4
11536,2025-12-30 13:17:11+05:30,3265.0,1,3251.59,1187686,120148.0,116395.0,3250.0,3265.1,3239.8,3251.5,44927225,3576.6,2926.4,4322.95,2866.6,3264.3,212,5,3264.2,47,4,3264.1,215,5,3263.8,11,3,3263.7,37,2,3265.0,189,14,3265.1,217,4,3265.2,26,2,3265.3,33,2,3265.4,77,4
11536,2025-12-30 13:17:11+05:30,3265.0,1,3251.59,1187687,120158.0,116394.0,3250.0,3265.1,3239.8,3251.5,44927225,3576.6,2926.4,4322.95,2866.6,3264.3,212,5,3264.2,47,4,3264.1,215,5,3263.8,11,3,3263.7,37,2,3265.0,188,14,3265.1,217,4,3265.2,26,2,3265.3,33,2,3265.4,77,4
11536,2025-12-30 13:17:12+05:30,3265.0,10,3251.59,1187687,120158.0,116394.0,3250.0,3265.1,3239.8,3251.5,44927225,3576.6,2926.4,4322.95,2866.6,3264.3,212,5,3264.2,47,4,3264.1,215,5,3263.8,11,3,3263.7,37,2,3265.0,188,14,3265.1,217,4,3265.2,26,2,3265.3,33,2,3265.4,77,4
11536,2025-12-30 13:17:12+05:30,3265.0,10,3251.59,1187699,120184.0,116382.0,3250.0,3265.1,3239.8,3251.5,44927225,3576.6,2926.4,4322.95,2866.6,3264.3,212,5,3264.2,47,4,3264.1,215,5,3263.8,11,3,3263.7,37,2,3265.0,176,14,3265.1,217,4,3265.2,26,2,3265.3,33,2,3265.4,77,4
11536,2025-12-30 13:17:13+05:30,3264.5,1,3251.59,1187699,120184.0,116382.0,3250.0,3265.1,3239.8,3251.5,44927225,3576.6,2926.4,4322.95,2866.6,3264.3,212,5,3264.2,47,4,3264.1,215,5,3263.8,11,3,3263.7,37,2,3265.0,176,14,3265.1,217,4,3265.2,26,2,3265.3,33,2,3265.4,77,4
11536,2025-12-30 13:17:13+05:30,3264.5,1,3251.59,1187881,120382.0,115546.0,3250.0,3265.1,3239.8,3251.5,44927225,3576.6,2926.4,4322.95,2866.6,3264.5,18,3,3264.4,56,3,3264.3,211,4,3264.2,57,4,3264.1,200,4,3265.0,156,13,3265.1,42,3,3265.2,26,2,3265.3,12,1,3265.5,18,2
11536,2025-12-30 13:17:14+05:30,3264.6,5,3251.59,1188062,121148.0,116318.0,3250.0,3265.1,3239.8,3251.5,44927225,3576.6,2926.4,4322.95,2866.6,3264.6,11,1,3264.5,248,3,3264.4,40,2,3264.3,144,4,3264.2,62,4,3265.0,156,13,3265.1,42,3,3265.2,10,1,3265.3,175,1,3265.4,18,1
11536,2025-12-30 13:17:14+05:30,3265.0,2,3251.59,1188062,121148.0,116318.0,3250.0,3265.1,3239.8,3251.5,44927225,3576.6,2926.4,4322.95,2866.6,3264.6,11,1,3264.5,248,3,3264.4,40,2,3264.3,144,4,3264.2,62,4,3265.0,156,13,3265.1,42,3,3265.2,10,1,3265.3,175,1,3265.4,18,1
11536,2025-12-30 13:17:15+05:30,3265.0,1,3251.6,1188248,120751.0,116129.0,3250.0,3265.1,3239.8,3251.5,44927225,3576.6,2926.4,4322.95,2866.6,3264.5,130,4,3264.4,15,1,3264.3,175,5,3264.2,9,1,3264.1,200,4,3265.0,145,10,3265.1,42,3,3265.2,10,1,3265.5,36,3,3265.6,44,3
11536,2025-12-30 13:17:15+05:30,3265.0,1,3251.6,1188248,120751.0,116129.0,3250.0,3265.1,3239.8,3251.5,44927225,3576.6,2926.4,4322.95,2866.6,3264.5,130,4,3264.4,15,1,3264.3,175,5,3264.2,9,1,3264.1,200,4,3265.0,145,10,3265.1,42,3,3265.2,10,1,3265.5,36,3,3265.6,44,3
11536,2025-12-30 13:17:16+05:30,3264.6,10,3251.6,1188248,120751.0,116129.0,3250.0,3265.1,3239.8,3251.5,44927225,3576.6,2926.4,4322.95,2866.6,3264.5,130,4,3264.4,15,1,3264.3,175,5,3264.2,9,1,3264.1,200,4,3265.0,145,10,3265.1,42,3,3265.2,10,1,3265.5,36,3,3265.6,44,3
11536,2025-12-30 13:17:16+05:30,3265.0,1,3251.6,1188290,120806.0,116404.0,3250.0,3265.1,3239.8,3251.5,44927225,3576.6,2926.4,4322.95,2866.6,3264.6,7,2,3264.5,128,4,3264.4,15,1,3264.3,145,4,3264.2,34,2,3265.0,119,11,3265.1,42,3,3265.2,185,2,3265.4,175,1,3265.5,3,1
11536,2025-12-30 13:17:17+05:30,3264.5,126,3251.6,1188290,120806.0,116404.0,3250.0,3265.1,3239.8,3251.5,44927225,3576.6,2926.4,4322.95,2866.6,3264.6,7,2,3264.5,128,4,3264.4,15,1,3264.3,145,4,3264.2,34,2,3265.0,119,11,3265.1,42,3,3265.2,185,2,3265.4,175,1,3265.5,3,1
11536,2025-12-30 13:17:17+05:30,3264.5,15,3251.6,1188636,117634.0,117102.0,3250.0,3265.1,3239.8,3251.5,44927225,3576.6,2926.4,4322.95,2866.6,3264.4,16,2,3264.3,161,5,3264.2,9,1,3264.1,225,5,3264.0,30,1,3264.5,4,1,3265.0,119,11,3265.1,234,5,3265.2,49,3,3265.3,229,4
11536,2025-12-30 13:17:18+05:30,3264.5,3,3251.6,1188636,117634.0,117102.0,3250.0,3265.1,3239.8,3251.5,44927225,3576.6,2926.4,4322.95,2866.6,3264.4,16,2,3264.3,161,5,3264.2,9,1,3264.1,225,5,3264.0,30,1,3264.5,4,1,3265.0,119,11,3265.1,234,5,3265.2,49,3,3265.3,229,4
11536,2025-12-30 13:17:18+05:30,3265.0,11,3251.6,1188651,120308.0,116736.0,3250.0,3265.1,3239.8,3251.5,44927225,3576.6,2926.4,4322.95,2866.6,3264.4,16,2,3264.3,161,5,3264.2,34,2,3264.1,200,4,3263.9,64,2,3265.0,108,11,3265.1,42,3,3265.2,185,2,3265.3,18,1,3265.4,21,1
11536,2025-12-30 13:17:19+05:30,3265.0,1,3251.6,1188651,120308.0,116736.0,3250.0,3265.1,3239.8,3251.5,44927225,3576.6,2926.4,4322.95,2866.6,3264.4,16,2,3264.3,161,5,3264.2,34,2,3264.1,200,4,3263.9,64,2,3265.0,108,11,3265.1,42,3,3265.2,185,2,3265.3,18,1,3265.4,21,1
11536,2025-12-30 13:17:19+05:30,3265.0,1,3251.6,1188708,118967.0,116897.0,3250.0,3265.1,3239.8,3251.5,44927225,3576.6,2926.4,4322.95,2866.6,3264.4,16,1,3264.3,121,5,3264.2,9,1,3264.1,200,4,3263.8,36,4,3264.6,175,1,3264.7,190,2,3264.9,7,1,3265.0,123,12,3265.1,227,5
11536,2025-12-30 13:17:20+05:30,3264.4,1,3251.6,1188708,118967.0,116897.0,3250.0,3265.1,3239.8,3251.5,44927225,3576.6,2926.4,4322.95,2866.6,3264.4,16,1,3264.3,121,5,3264.2,9,1,3264.1,200,4,3263.8,36,4,3264.6,175,1,3264.7,190,2,3264.9,7,1,3265.0,123,12,3265.1,227,5
11536,2025-12-30 13:17:20+05:30,3264.4,1,3251.6,1188709,118597.0,116578.0,3250.0,3265.1,3239.8,3251.5,44927225,3576.6,2926.4,4322.95,2866.6,3264.3,105,4,3264.2,9,1,3264.1,200,4,3263.8,11,3,3263.7,26,1,3264.6,175,1,3264.7,196,3,3264.9,7,1,3265.0,141,13,3265.1,252,6
11536,2025-12-30 13:17:21+05:30,3264.5,164,3251.6,1188709,118597.0,116578.0,3250.0,3265.1,3239.8,3251.5,44927225,3576.6,2926.4,4322.95,2866.6,3264.3,105,4,3264.2,9,1,3264.1,200,4,3263.8,11,3,3263.7,26,1,3264.6,175,1,3264.7,196,3,3264.9,7,1,3265.0,141,13,3265.1,252,6
11536,2025-12-30 13:17:21+05:30,3264.5,164,3251.6,1189050,118761.0,116973.0,3250.0,3265.1,3239.8,3251.5,44927225,3576.6,2926.4,4322.95,2866.6,3264.4,16,1,3264.3,28,3,3264.2,66,2,3264.1,200,4,3263.9,34,1,3264.5,9,1,3264.6,42,2,3265.0,77,10,3265.1,42,3,3265.2,10,1
11536,2025-12-30 13:17:22+05:30,3264.5,164,3251.6,1189050,118761.0,116973.0,3250.0,3265.1,3239.8,3251.5,44927225,3576.6,2926.4,4322.95,2866.6,3264.4,16,1,3264.3,28,3,3264.2,66,2,3264.1,200,4,3263.9,34,1,3264.5,9,1,3264.6,42,2,3265.0,77,10,3265.1,42,3,3265.2,10,1
11536,2025-12-30 13:17:22+05:30,3264.5,164,3251.6,1189050,119037.0,117094.0,3250.0,3265.1,3239.8,3251.5,44927225,3576.6,2926.4,4322.95,2866.6,3264.4,16,1,3264.3,28,3,3264.2,66,2,3264.1,200,4,3263.9,34,1,3264.5,9,1,3264.6,42,2,3264.9,16,1,3265.0,77,10,3265.1,60,4
11536,2025-12-30 13:17:23+05:30,3264.5,164,3251.6,1189050,119084.0,117092.0,3250.0,3265.1,3239.8,3251.5,44927225,3576.6,2926.4,4322.95,2866.6,3264.4,72,2,3264.3,28,3,3264.2,66,2,3264.1,200,4,3263.9,34,1,3264.5,23,2,3264.6,42,2,3264.9,16,1,3265.0,77,10,3265.1,96,6
11536,2025-12-30 13:17:23+05:30,3264.5,164,3251.6,1189050,119084.0,117092.0,3250.0,3265.1,3239.8,3251.5,44927225,3576.6,2926.4,4322.95,2866.6,3264.4,72,2,3264.3,28,3,3264.2,66,2,3264.1,200,4,3263.9,34,1,3264.5,23,2,3264.6,42,2,3264.9,16,1,3265.0,77,10,3265.1,96,6
11536,2025-12-30 13:17:24+05:30,3264.5,5,3251.6,1189050,119084.0,117092.0,3250.0,3265.1,3239.8,3251.5,44927225,3576.6,2926.4,4322.95,2866.6,3264.4,72,2,3264.3,28,3,3264.2,66,2,3264.1,200,4,3263.9,34,1,3264.5,23,2,3264.6,42,2,3264.9,16,1,3265.0,77,10,3265.1,96,6
11536,2025-12-30 13:17:24+05:30,3264.5,5,3251.6,1189064,118748.0,117056.0,3250.0,3265.1,3239.8,3251.5,44927225,3576.6,2926.4,4322.95,2866.6,3264.4,56,1,3264.3,28,3,3264.2,21,2,3264.1,200,4,3263.8,11,3,3264.5,9,1,3264.6,42,2,3264.8,16,1,3264.9,33,2,3265.0,270,12
11536,2025-12-30 13:17:24+05:30,3264.5,5,3251.6,1189064,118748.0,117056.0,3250.0,3265.1,3239.8,3251.5,44927225,3576.6,2926.4,4322.95,2866.6,3264.4,56,1,3264.3,28,3,3264.2,21,2,3264.1,200,4,3263.8,11,3,3264.5,9,1,3264.6,42,2,3264.8,16,1,3264.9,33,2,3265.0,270,12
11536,2025-12-30 13:17:25+05:30,3264.5,1,3251.6,1189064,118748.0,117056.0,3250.0,3265.1,3239.8,3251.5,44927225,3576.6,2926.4,4322.95,2866.6,3264.4,56,1,3264.3,28,3,3264.2,21,2,3264.1,200,4,3263.8,11,3,3264.5,9,1,3264.6,42,2,3264.8,16,1,3264.9,33,2,3265.0,270,12
11536,2025-12-30 13:17:25+05:30,3264.5,1,3251.6,1189066,118620.0,117318.0,3250.0,3265.1,3239.8,3251.5,44927225,3576.6,2926.4,4322.95,2866.6,3264.4,55,1,3264.3,12,2,3264.2,21,2,3264.1,200,4,3263.8,11,3,3264.5,8,1,3264.6,42,2,3264.7,16,1,3264.8,175,1,3264.9,52,3
11536,2025-12-30 13:17:25+05:30,3264.5,1,3251.6,1189066,118620.0,117318.0,3250.0,3265.1,3239.8,3251.5,44927225,3576.6,2926.4,4322.95,2866.6,3264.4,55,1,3264.3,12,2,3264.2,21,2,3264.1,200,4,3263.8,11,3,3264.5,8,1,3264.6,42,2,3264.7,16,1,3264.8,175,1,3264.9,52,3
11536,2025-12-30 13:17:26+05:30,3264.5,1,3251.6,1189066,118684.0,117503.0,3250.0,3265.1,3239.8,3251.5,44927225,3576.6,2926.4,4322.95,2866.6,3264.4,55,1,3264.3,12,2,3264.2,21,2,3264.1,200,4,3263.8,11,3,3264.5,8,1,3264.6,42,2,3264.7,16,1,3264.9,52,3,3265.0,270,12
11536,2025-12-30 13:17:26+05:30,3264.5,1,3251.6,1189066,118684.0,117503.0,3250.0,3265.1,3239.8,3251.5,44927225,3576.6,2926.4,4322.95,2866.6,3264.4,55,1,3264.3,12,2,3264.2,21,2,3264.1,200,4,3263.8,11,3,3264.5,8,1,3264.6,42,2,3264.7,16,1,3264.9,52,3,3265.0,270,12
11536,2025-12-30 13:17:27+05:30,3264.5,1,3251.6,1189066,118684.0,117503.0,3250.0,3265.1,3239.8,3251.5,44927225,3576.6,2926.4,4322.95,2866.6,3264.4,55,1,3264.3,12,2,3264.2,21,2,3264.1,200,4,3263.8,11,3,3264.5,8,1,3264.6,42,2,3264.7,16,1,3264.9,52,3,3265.0,270,12
11536,2025-12-30 13:17:27+05:30,3264.5,1,3251.6,1189067,118650.0,116091.0,3250.0,3265.1,3239.8,3251.5,44927225,3576.6,2926.4,4322.95,2866.6,3264.4,55,1,3264.3,12,2,3264.2,21,2,3264.1,200,4,3263.8,11,3,3264.5,7,1,3264.6,42,2,3264.7,16,1,3264.9,33,2,3265.0,270,12
11536,2025-12-30 13:17:27+05:30,3264.5,1,3251.6,1189067,118650.0,116091.0,3250.0,3265.1,3239.8,3251.5,44927225,3576.6,2926.4,4322.95,2866.6,3264.4,55,1,3264.3,12,2,3264.2,21,2,3264.1,200,4,3263.8,11,3,3264.5,7,1,3264.6,42,2,3264.7,16,1,3264.9,33,2,3265.0,270,12
11536,2025-12-30 13:17:28+05:30,3264.4,3,3251.6,1189067,118650.0,116091.0,3250.0,3265.1,3239.8,3251.5,44927225,3576.6,2926.4,4322.95,2866.6,3264.4,55,1,3264.3,12,2,3264.2,21,2,3264.1,200,4,3263.8,11,3,3264.5,7,1,3264.6,42,2,3264.7,16,1,3264.9,33,2,3265.0,270,12
11536,2025-12-30 13:17:28+05:30,3264.4,3,3251.6,1189074,118805.0,117709.0,3250.0,3265.1,3239.8,3251.5,44927225,3576.6,2926.4,4322.95,2866.6,3264.4,52,1,3264.3,12,2,3264.2,21,2,3264.1,200,4,3263.8,11,3,3264.5,3,1,3264.6,42,2,3264.9,16,1,3265.0,252,11,3265.1,52,4
11536,2025-12-30 13:17:28+05:30,3264.4,3,3251.6,1189074,118805.0,117709.0,3250.0,3265.1,3239.8,3251.5,44927225,3576.6,2926.4,4322.95,2866.6,3264.4,52,1,3264.3,12,2,3264.2,21,2,3264.1,200,4,3263.8,11,3,3264.5,3,1,3264.6,42,2,3264.9,16,1,3265.0,252,11,3265.1,52,4
11536,2025-12-30 13:17:29+05:30,3264.5,1,3251.6,1189074,118805.0,117709.0,3250.0,3265.1,3239.8,3251.5,44927225,3576.6,2926.4,4322.95,2866.6,3264.4,52,1,3264.3,12,2,3264.2,21,2,3264.1,200,4,3263.8,11,3,3264.5,3,1,3264.6,42,2,3264.9,16,1,3265.0,252,11,3265.1,52,4
11536,2025-12-30 13:17:29+05:30,3264.5,1,3251.6,1189075,118813.0,117711.0,3250.0,3265.1,3239.8,3251.5,44927225,3576.6,2926.4,4322.95,2866.6,3264.4,52,1,3264.3,12,2,3264.2,21,2,3264.1,200,4,3263.8,11,3,3264.5,2,1,3264.6,42,2,3264.9,198,3,3265.0,277,11,3265.1,52,4
11536,2025-12-30 13:17:29+05:30,3264.5,1,3251.6,1189075,118813.0,117711.0,3250.0,3265.1,3239.8,3251.5,44927225,3576.6,2926.4,4322.95,2866.6,3264.4,52,1,3264.3,12,2,3264.2,21,2,3264.1,200,4,3263.8,11,3,3264.5,2,1,3264.6,42,2,3264.9,198,3,3265.0,277,11,3265.1,52,4
11536,2025-12-30 13:17:30+05:30,3264.5,1,3251.6,1189075,118813.0,117711.0,3250.0,3265.1,3239.8,3251.5,44927225,3576.6,2926.4,4322.95,2866.6,3264.4,52,1,3264.3,12,2,3264.2,21,2,3264.1,200,4,3263.8,11,3,3264.5,2,1,3264.6,42,2,3264.9,198,3,3265.0,277,11,3265.1,52,4
11536,2025-12-30 13:17:30+05:30,3264.4,1,3251.6,1189080,118665.0,117906.0,3250.0,3265.1,3239.8,3251.5,44927225,3576.6,2926.4,4322.95,2866.6,3264.4,47,1,3264.3,12,2,3264.2,21,2,3264.1,200,4,3263.8,11,3,3264.5,2,1,3264.6,42,2,3264.8,16,1,3264.9,175,1,3265.0,293,11
11536,2025-12-30 13:17:30+05:30,3264.4,1,3251.6,1189080,118665.0,117906.0,3250.0,3265.1,3239.8,3251.5,44927225,3576.6,2926.4,4322.95,2866.6,3264.4,47,1,3264.3,12,2,3264.2,21,2,3264.1,200,4,3263.8,11,3,3264.5,2,1,3264.6,42,2,3264.8,16,1,3264.9,175,1,3265.0,293,11
11536,2025-12-30 13:17:31+05:30,3264.5,1,3251.6,1189080,118665.0,117906.0,3250.0,3265.1,3239.8,3251.5,44927225,3576.6,2926.4,4322.95,2866.6,3264.4,47,1,3264.3,12,2,3264.2,21,2,3264.1,200,4,3263.8,11,3,3264.5,2,1,3264.6,42,2,3264.8,16,1,3264.9,175,1,3265.0,293,11
11536,2025-12-30 13:17:31+05:30,3264.5,1,3251.6,1189080,118665.0,117906.0,3250.0,3265.1,3239.8,3251.5,44927225,3576.6,2926.4,4322.95,2866.6,3264.4,47,1,3264.3,12,2,3264.2,21,2,3264.1,200,4,3263.8,11,3,3264.5,2,1,3264.6,42,2,3264.8,16,1,3264.9,175,1,3265.0,293,11
11536,2025-12-30 13:17:31+05:30,3264.5,1,3251.6,1189083,118639.0,117971.0,3250.0,3265.1,3239.8,3251.5,44927225,3576.6,2926.4,4322.95,2866.6,3264.4,47,1,3264.3,12,2,3264.2,21,2,3264.1,200,4,3263.8,11,3,3264.5,52,3,3264.9,207,3,3265.0,293,11,3265.1,82,5,3265.2,271,5
11536,2025-12-30 13:17:32+05:30,3264.5,1,3251.6,1189083,118639.0,117971.0,3250.0,3265.1,3239.8,3251.5,44927225,3576.6,2926.4,4322.95,2866.6,3264.4,47,1,3264.3,12,2,3264.2,21,2,3264.1,200,4,3263.8,11,3,3264.5,52,3,3264.9,207,3,3265.0,293,11,3265.1,82,5,3265.2,271,5
11536,2025-12-30 13:17:32+05:30,3264.5,1,3251.6,1189083,118632.0,117773.0,3250.0,3265.1,3239.8,3251.5,44927225,3576.6,2926.4,4322.95,2866.6,3264.4,47,1,3264.3,12,2,3264.2,21,2,3264.1,200,4,3264.0,4,1,3264.5,52,3,3264.7,4,1,3264.8,15,1,3264.9,207,3,3265.0,298,12
11536,2025-12-30 13:17:32+05:30,3264.5,1,3251.6,1189083,118632.0,117773.0,3250.0,3265.1,3239.8,3251.5,44927225,3576.6,2926.4,4322.95,2866.6,3264.4,47,1,3264.3,12,2,3264.2,21,2,3264.1,200,4,3264.0,4,1,3264.5,52,3,3264.7,4,1,3264.8,15,1,3264.9,207,3,3265.0,298,12
11536,2025-12-30 13:17:33+05:30,3264.5,1,3251.6,1189083,118637.0,117937.0,3250.0,3265.1,3239.8,3251.5,44927225,3576.6,2926.4,4322.95,2866.6,3264.4,47,1,3264.3,12,2,3264.2,21,2,3264.1,200,4,3264.0,8,2,3264.5,52,3,3264.7,4,1,3264.8,15,1,3264.9,207,3,3265.0,298,12
11536,2025-12-30 13:17:34+05:30,3264.4,20,3251.6,1189083,118637.0,117937.0,3250.0,3265.1,3239.8,3251.5,44927225,3576.6,2926.4,4322.95,2866.6,3264.4,47,1,3264.3,12,2,3264.2,21,2,3264.1,200,4,3264.0,8,2,3264.5,52,3,3264.7,4,1,3264.8,15,1,3264.9,207,3,3265.0,298,12
11536,2025-12-30 13:17:34+05:30,3264.4,20,3251.6,1189083,118637.0,117937.0,3250.0,3265.1,3239.8,3251.5,44927225,3576.6,2926.4,4322.95,2866.6,3264.4,47,1,3264.3,12,2,3264.2,21,2,3264.1,200,4,3264.0,8,2,3264.5,52,3,3264.7,4,1,3264.8,15,1,3264.9,207,3,3265.0,298,12
11536,2025-12-30 13:17:34+05:30,3264.4,20,3251.6,1189103,118617.0,117971.0,3250.0,3265.1,3239.8,3251.5,44927225,3576.6,2926.4,4322.95,2866.6,3264.4,27,1,3264.3,12,2,3264.2,21,2,3264.1,200,4,3264.0,8,2,3264.5,58,5,3264.7,19,2,3264.9,207,3,3265.0,293,11,3265.1,257,6
11536,2025-12-30 13:17:35+05:30,3264.5,2,3251.6,1189103,118617.0,117971.0,3250.0,3265.1,3239.8,3251.5,44927225,3576.6,2926.4,4322.95,2866.6,3264.4,27,1,3264.3,12,2,3264.2,21,2,3264.1,200,4,3264.0,8,2,3264.5,58,5,3264.7,19,2,3264.9,207,3,3265.0,293,11,3265.1,257,6
11536,2025-12-30 13:17:35+05:30,3264.5,2,3251.6,1189107,118631.0,119761.0,3250.0,3265.1,3239.8,3251.5,44927225,3576.6,2926.4,4322.95,2866.6,3264.4,27,1,3264.3,12,2,3264.2,21,2,3264.1,200,4,3264.0,8,2,3264.5,53,4,3264.6,15,1,3264.7,4,1,3264.8,41,2,3264.9,189,3
11536,2025-12-30 13:17:35+05:30,3264.5,2,3251.6,1189107,118631.0,119761.0,3250.0,3265.1,3239.8,3251.5,44927225,3576.6,2926.4,4322.95,2866.6,3264.4,27,1,3264.3,12,2,3264.2,21,2,3264.1,200,4,3264.0,8,2,3264.5,53,4,3264.6,15,1,3264.7,4,1,3264.8,41,2,3264.9,189,3
11536,2025-12-30 13:17:36+05:30,3264.4,1,3251.6,1189107,118631.0,119761.0,3250.0,3265.1,3239.8,3251.5,44927225,3576.6,2926.4,4322.95,2866.6,3264.4,27,1,3264.3,12,2,3264.2,21,2,3264.1,200,4,3264.0,8,2,3264.5,53,4,3264.6,15,1,3264.7,4,1,3264.8,41,2,3264.9,189,3
11536,2025-12-30 13:17:36+05:30,3264.4,1,3251.6,1189108,118630.0,119761.0,3250.0,3265.1,3239.8,3251.5,44927225,3576.6,2926.4,4322.95,2866.6,3264.4,26,1,3264.3,12,2,3264.2,21,2,3264.1,200,4,3264.0,8,2,3264.5,53,4,3264.6,15,1,3264.7,4,1,3264.8,41,2,3264.9,189,3
11536,2025-12-30 13:17:37+05:30,3264.4,1,3251.6,1189108,118630.0,119761.0,3250.0,3265.1,3239.8,3251.5,44927225,3576.6,2926.4,4322.95,2866.6,3264.4,26,1,3264.3,12,2,3264.2,21,2,3264.1,200,4,3264.0,8,2,3264.5,53,4,3264.6,15,1,3264.7,4,1,3264.8,41,2,3264.9,189,3
11536,2025-12-30 13:17:37+05:30,3264.4,1,3251.6,1189109,118620.0,119780.0,3250.0,3265.1,3239.8,3251.5,44927225,3576.6,2926.4,4322.95,2866.6,3264.4,25,1,3264.3,12,2,3264.2,21,2,3264.1,200,4,3264.0,8,2,3264.5,53,4,3264.6,15,1,3264.8,41,2,3264.9,189,3,3265.0,343,12
11536,2025-12-30 13:17:37+05:30,3264.4,1,3251.6,1189109,118620.0,119780.0,3250.0,3265.1,3239.8,3251.5,44927225,3576.6,2926.4,4322.95,2866.6,3264.4,25,1,3264.3,12,2,3264.2,21,2,3264.1,200,4,3264.0,8,2,3264.5,53,4,3264.6,15,1,3264.8,41,2,3264.9,189,3,3265.0,343,12
11536,2025-12-30 13:17:38+05:30,3264.4,1,3251.6,1189109,117590.0,119597.0,3250.0,3265.1,3239.8,3251.5,44927225,3576.6,2926.4,4322.95,2866.6,3264.4,26,2,3264.3,12,2,3264.2,21,2,3264.1,200,4,3264.0,8,2,3264.5,53,4,3264.8,16,1,3264.9,207,4,3265.0,343,12,3265.1,263,5
11536,2025-12-30 13:17:39+05:30,3264.4,1,3251.6,1189109,117590.0,119597.0,3250.0,3265.1,3239.8,3251.5,44927225,3576.6,2926.4,4322.95,2866.6,3264.4,26,2,3264.3,12,2,3264.2,21,2,3264.1,200,4,3264.0,8,2,3264.5,53,4,3264.8,16,1,3264.9,207,4,3265.0,343,12,3265.1,263,5
11536,2025-12-30 13:17:39+05:30,3264.4,5,3251.6,1189109,117590.0,119597.0,3250.0,3265.1,3239.8,3251.5,44927225,3576.6,2926.4,4322.95,2866.6,3264.4,26,2,3264.3,12,2,3264.2,21,2,3264.1,200,4,3264.0,8,2,3264.5,53,4,3264.8,16,1,3264.9,207,4,3265.0,343,12,3265.1,263,5
11536,2025-12-30 13:17:39+05:30,3264.4,5,3251.6,1189114,117585.0,119809.0,3250.0,3265.1,3239.8,3251.5,44927225,3576.6,2926.4,4322.95,2866.6,3264.4,21,2,3264.3,12,2,3264.2,21,2,3264.1,200,4,3264.0,8,2,3264.5,66,5,3264.6,3,1,3264.8,18,1,3264.9,206,4,3265.0,361,13
11536,2025-12-30 13:17:40+05:30,3264.5,1,3251.6,1189114,117585.0,119809.0,3250.0,3265.1,3239.8,3251.5,44927225,3576.6,2926.4,4322.95,2866.6,3264.4,21,2,3264.3,12,2,3264.2,21,2,3264.1,200,4,3264.0,8,2,3264.5,66,5,3264.6,3,1,3264.8,18,1,3264.9,206,4,3265.0,361,13
11536,2025-12-30 13:17:40+05:30,3264.5,1,3251.6,1189115,118009.0,119404.0,3250.0,3265.1,3239.8,3251.5,44927225,3576.6,2926.4,4322.95,2866.6,3264.4,21,2,3264.3,12,2,3264.2,21,2,3264.1,200,4,3264.0,8,2,3264.5,52,4,3264.6,15,1,3264.8,18,1,3264.9,31,3,3265.0,536,14
11536,2025-12-30 13:17:40+05:30,3264.5,1,3251.6,1189115,118009.0,119404.0,3250.0,3265.1,3239.8,3251.5,44999500,3576.6,2926.4,4322.95,2866.6,3264.4,21,2,3264.3,12,2,3264.2,21,2,3264.1,200,4,3264.0,8,2,3264.5,52,4,3264.6,15,1,3264.8,18,1,3264.9,31,3,3265.0,536,14
11536,2025-12-30 13:17:41+05:30,3264.4,50,3251.6,1189115,118009.0,119404.0,3250.0,3265.1,3239.8,3251.5,44999500,3576.6,2926.4,4322.95,2866.6,3264.4,21,2,3264.3,12,2,3264.2,21,2,3264.1,200,4,3264.0,8,2,3264.5,52,4,3264.6,15,1,3264.8,18,1,3264.9,31,3,3265.0,536,14
11536,2025-12-30 13:17:41+05:30,3264.4,50,3251.61,1189186,119002.0,117996.0,3250.0,3265.1,3239.8,3251.5,44999500,3576.6,2926.4,4322.95,2866.6,3264.4,7,2,3264.3,12,2,3264.2,21,2,3264.1,200,4,3264.0,8,2,3264.5,52,4,3264.8,14,1,3265.0,515,13,3265.1,69,5,3265.2,258,6
11536,2025-12-30 13:17:42+05:30,3264.4,1,3251.61,1189186,119002.0,117996.0,3250.0,3265.1,3239.8,3251.5,44999500,3576.6,2926.4,4322.95,2866.6,3264.4,7,2,3264.3,12,2,3264.2,21,2,3264.1,200,4,3264.0,8,2,3264.5,52,4,3264.8,14,1,3265.0,515,13,3265.1,69,5,3265.2,258,6
11536,2025-12-30 13:17:42+05:30,3264.4,1,3251.61,1189187,118683.0,118886.0,3250.0,3265.1,3239.8,3251.5,44999500,3576.6,2926.4,4322.95,2866.6,3264.4,1,1,3264.3,12,2,3264.2,21,2,3264.1,200,4,3264.0,8,2,3264.5,52,4,3264.9,23,2,3265.0,400,12,3265.1,69,5,3265.2,262,6
11536,2025-12-30 13:17:42+05:30,3264.4,1,3251.61,1189187,118683.0,118886.0,3250.0,3265.1,3239.8,3251.5,44999500,3576.6,2926.4,4322.95,2866.6,3264.4,1,1,3264.3,12,2,3264.2,21,2,3264.1,200,4,3264.0,8,2,3264.5,52,4,3264.9,23,2,3265.0,400,12,3265.1,69,5,3265.2,262,6
11536,2025-12-30 13:17:43+05:30,3264.5,2,3251.61,1189187,118683.0,118886.0,3250.0,3265.1,3239.8,3251.5,44999500,3576.6,2926.4,4322.95,2866.6,3264.4,1,1,3264.3,12,2,3264.2,21,2,3264.1,200,4,3264.0,8,2,3264.5,52,4,3264.9,23,2,3265.0,400,12,3265.1,69,5,3265.2,262,6
11536,2025-12-30 13:17:43+05:30,3264.5,2,3251.61,1189192,118295.0,120207.0,3250.0,3265.1,3239.8,3251.5,44999500,3576.6,2926.4,4322.95,2866.6,3264.3,15,3,3264.2,21,2,3264.1,200,4,3264.0,8,2,3263.8,11,3,3264.4,1,1,3264.5,47,3,3264.6,14,1,3264.7,175,1,3264.8,40,2
11536,2025-12-30 13:17:44+05:30,3264.7,46,3251.61,1189192,118295.0,120207.0,3250.0,3265.1,3239.8,3251.5,44999500,3576.6,2926.4,4322.95,2866.6,3264.3,15,3,3264.2,21,2,3264.1,200,4,3264.0,8,2,3263.8,11,3,3264.4,1,1,3264.5,47,3,3264.6,14,1,3264.7,175,1,3264.8,40,2
11536,2025-12-30 13:17:44+05:30,3264.7,46,3251.61,1189308,118626.0,119664.0,3250.0,3265.1,3239.8,3251.5,44999500,3576.6,2926.4,4322.95,2866.6,3264.3,67,4,3264.2,21,2,3264.1,200,4,3264.0,8,2,3263.8,11,3,3264.8,144,2,3264.9,14,1,3265.0,415,13,3265.1,94,6,3265.2,66,4
11536,2025-12-30 13:17:45+05:30,3264.7,1,3251.61,1189308,118626.0,119664.0,3250.0,3265.1,3239.8,3251.5,44999500,3576.6,2926.4,4322.95,2866.6,3264.3,67,4,3264.2,21,2,3264.1,200,4,3264.0,8,2,3263.8,11,3,3264.8,144,2,3264.9,14,1,3265.0,415,13,3265.1,94,6,3265.2,66,4
11536,2025-12-30 13:17:45+05:30,3264.2,1,3251.61,1189484,117984.0,120368.0,3250.0,3265.1,3239.8,3251.5,44999500,3576.6,2926.4,4322.95,2866.6,3264.2,24,3,3264.1,200,4,3264.0,8,2,3263.8,11,3,3263.6,21,3,3264.7,128,1,3264.8,169,4,3264.9,212,3,3265.0,257,13,3265.1,149,7
11536,2025-12-30 13:17:46+05:30,3264.7,1,3251.61,1189484,117984.0,120368.0,3250.0,3265.1,3239.8,3251.5,44999500,3576.6,2926.4,4322.95,2866.6,3264.2,24,3,3264.1,200,4,3264.0,8,2,3263.8,11,3,3263.6,21,3,3264.7,128,1,3264.8,169,4,3264.9,212,3,3265.0,257,13,3265.1,149,7
11536,2025-12-30 13:17:46+05:30,3264.7,1,3251.61,1189485,118191.0,120421.0,3250.0,3265.1,3239.8,3251.5,44999500,3576.6,2926.4,4322.95,2866.6,3264.2,34,3,3264.1,200,4,3264.0,8,2,3263.8,11,3,3263.6,21,3,3264.7,205,6,3264.8,140,2,3264.9,217,3,3265.0,257,13,3265.1,149,7
11536,2025-12-30 13:17:47+05:30,3264.7,1,3251.61,1189485,118211.0,120421.0,3250.0,3265.1,3239.8,3251.5,44999500,3576.6,2926.4,4322.95,2866.6,3264.2,39,4,3264.1,200,4,3264.0,8,2,3263.9,8,1,3263.8,11,3,3264.7,205,6,3264.8,140,2,3264.9,217,3,3265.0,257,13,3265.1,149,7
11536,2025-12-30 13:17:48+05:30,3264.2,1,3251.61,1189485,118211.0,120421.0,3250.0,3265.1,3239.8,3251.5,44999500,3576.6,2926.4,4322.95,2866.6,3264.2,39,4,3264.1,200,4,3264.0,8,2,3263.9,8,1,3263.8,11,3,3264.7,205,6,3264.8,140,2,3264.9,217,3,3265.0,257,13,3265.1,149,7
11536,2025-12-30 13:17:48+05:30,3264.2,1,3251.61,1189486,118265.0,120419.0,3250.0,3265.1,3239.8,3251.5,44999500,3576.6,2926.4,4322.95,2866.6,3264.2,102,7,3264.1,200,4,3264.0,8,2,3263.9,8,1,3263.8,8,2,3264.3,40,1,3264.7,178,4,3264.8,219,5,3264.9,187,2,3265.0,257,13
11536,2025-12-30 13:17:49+05:30,3264.2,1,3251.61,1189486,118423.0,120314.0,3250.0,3265.1,3239.8,3251.5,44999500,3576.6,2926.4,4322.95,2866.6,3264.2,91,6,3264.1,246,5,3264.0,19,4,3263.9,8,1,3263.8,8,2,3264.3,54,2,3264.7,152,2,3264.8,174,3,3264.9,235,4,3265.0,276,14
11536,2025-12-30 13:17:50+05:30,3264.2,1,3251.61,1189486,118428.0,120517.0,3250.0,3265.1,3239.8,3251.5,44999500,3576.6,2926.4,4322.95,2866.6,3264.2,104,8,3264.1,246,5,3264.0,9,3,3263.9,8,1,3263.8,8,2,3264.3,54,2,3264.7,152,2,3264.8,174,3,3264.9,235,4,3265.0,276,14
11536,2025-12-30 13:17:51+05:30,3264.3,1,3251.61,1189486,118428.0,120517.0,3250.0,3265.1,3239.8,3251.5,44999500,3576.6,2926.4,4322.95,2866.6,3264.2,104,8,3264.1,246,5,3264.0,9,3,3263.9,8,1,3263.8,8,2,3264.3,54,2,3264.7,152,2,3264.8,174,3,3264.9,235,4,3265.0,276,14
11536,2025-12-30 13:17:51+05:30,3264.3,3,3251.61,1189490,118394.0,120504.0,3250.0,3265.1,3239.8,3251.5,44999500,3576.6,2926.4,4322.95,2866.6,3264.2,104,8,3264.1,246,5,3264.0,9,3,3263.9,8,1,3263.8,8,2,3264.3,50,2,3264.6,14,1,3264.7,152,2,3264.8,204,5,3264.9,235,4
11536,2025-12-30 13:17:52+05:30,3264.3,3,3251.61,1189490,118394.0,120504.0,3250.0,3265.1,3239.8,3251.5,44999500,3576.6,2926.4,4322.95,2866.6,3264.2,104,8,3264.1,246,5,3264.0,9,3,3263.9,8,1,3263.8,8,2,3264.3,50,2,3264.6,14,1,3264.7,152,2,3264.8,204,5,3264.9,235,4
11536,2025-12-30 13:17:52+05:30,3264.2,1,3251.61,1189491,118432.0,120139.0,3250.0,3265.1,3239.8,3251.5,44999500,3576.6,2926.4,4322.95,2866.6,3264.2,103,8,3264.1,246,5,3264.0,9,3,3263.9,8,1,3263.8,8,2,3264.3,50,2,3264.5,14,1,3264.7,152,2,3264.8,189,4,3264.9,235,4
11536,2025-12-30 13:17:53+05:30,3264.3,3,3251.61,1189491,118432.0,120139.0,3250.0,3265.1,3239.8,3251.5,44999500,3576.6,2926.4,4322.95,2866.6,3264.2,103,8,3264.1,246,5,3264.0,9,3,3263.9,8,1,3263.8,8,2,3264.3,50,2,3264.5,14,1,3264.7,152,2,3264.8,189,4,3264.9,235,4
11536,2025-12-30 13:17:53+05:30,3264.3,3,3251.61,1189494,118624.0,119072.0,3250.0,3265.1,3239.8,3251.5,44999500,3576.6,2926.4,4322.95,2866.6,3264.2,102,7,3264.1,246,5,3264.0,9,3,3263.9,8,1,3263.8,8,2,3264.3,47,2,3264.7,127,1,3264.8,174,3,3264.9,205,3,3265.0,302,15
11536,2025-12-30 13:17:54+05:30,3264.3,1,3251.61,1189495,118625.0,120424.0,3250.0,3265.1,3239.8,3251.5,44999500,3576.6,2926.4,4322.95,2866.6,3264.2,102,7,3264.1,246,5,3264.0,9,3,3263.9,8,1,3263.8,8,2,3264.3,46,2,3264.4,14,1,3264.6,14,1,3264.7,127,1,3264.8,215,5
11536,2025-12-30 13:17:55+05:30,3264.3,1,3251.61,1189495,118625.0,120424.0,3250.0,3265.1,3239.8,3251.5,44999500,3576.6,2926.4,4322.95,2866.6,3264.2,102,7,3264.1,246,5,3264.0,9,3,3263.9,8,1,3263.8,8,2,3264.3,46,2,3264.4,14,1,3264.6,14,1,3264.7,127,1,3264.8,215,5
11536,2025-12-30 13:17:55+05:30,3264.3,1,3251.61,1189496,118584.0,120345.0,3250.0,3265.1,3239.8,3251.5,44999500,3576.6,2926.4,4322.95,2866.6,3264.2,102,7,3264.1,246,5,3264.0,9,3,3263.9,8,1,3263.8,8,2,3264.3,45,2,3264.4,14,1,3264.6,14,1,3264.7,127,1,3264.8,117,4
11536,2025-12-30 13:17:56+05:30,3264.2,5,3251.61,1189496,118584.0,120345.0,3250.0,3265.1,3239.8,3251.5,44999500,3576.6,2926.4,4322.95,2866.6,3264.2,102,7,3264.1,246,5,3264.0,9,3,3263.9,8,1,3263.8,8,2,3264.3,45,2,3264.4,14,1,3264.6,14,1,3264.7,127,1,3264.8,117,4
11536,2025-12-30 13:17:56+05:30,3264.2,5,3251.61,1189501,118486.0,120345.0,3250.0,3265.1,3239.8,3251.5,44999500,3576.6,2926.4,4322.95,2866.6,3264.2,97,7,3264.1,246,5,3264.0,9,3,3263.9,8,1,3263.8,8,2,3264.3,45,2,3264.4,14,1,3264.6,14,1,3264.7,127,1,3264.8,110,4
11536,2025-12-30 13:17:57+05:30,3264.2,5,3251.61,1189501,118132.0,120595.0,3250.0,3265.1,3239.8,3251.5,44999500,3576.6,2926.4,4322.95,2866.6,3264.2,97,7,3264.1,246,5,3264.0,9,3,3263.9,8,1,3263.8,8,2,3264.3,90,4,3264.6,20,2,3264.7,153,2,3264.8,91,3,3264.9,265,6
11536,2025-12-30 13:17:58+05:30,3264.2,2,3251.61,1189501,118132.0,120595.0,3250.0,3265.1,3239.8,3251.5,44999500,3576.6,2926.4,4322.95,2866.6,3264.2,97,7,3264.1,246,5,3264.0,9,3,3263.9,8,1,3263.8,8,2,3264.3,90,4,3264.6,20,2,3264.7,153,2,3264.8,91,3,3264.9,265,6
11536,2025-12-30 13:17:58+05:30,3264.2,1,3251.61,1189504,118100.0,120435.0,3250.0,3265.1,3239.8,3251.5,44999500,3576.6,2926.4,4322.95,2866.6,3264.2,95,8,3264.1,246,5,3264.0,9,3,3263.9,8,1,3263.8,8,2,3264.3,111,5,3264.6,14,1,3264.7,153,2,3264.8,91,3,3264.9,234,5
11536,2025-12-30 13:17:59+05:30,3264.2,1,3251.61,1189504,118100.0,120435.0,3250.0,3265.1,3239.8,3251.5,44999500,3576.6,2926.4,4322.95,2866.6,3264.2,95,8,3264.1,246,5,3264.0,9,3,3263.9,8,1,3263.8,8,2,3264.3,111,5,3264.6,14,1,3264.7,153,2,3264.8,91,3,3264.9,234,5
11536,2025-12-30 13:17:59+05:30,3264.3,1,3251.61,1189505,118150.0,120597.0,3250.0,3265.1,3239.8,3251.5,44999500,3576.6,2926.4,4322.95,2866.6,3264.2,105,8,3264.1,246,5,3264.0,9,3,3263.9,8,1,3263.8,8,2,3264.3,94,4,3264.4,14,1,3264.6,35,3,3264.7,153,2,3264.8,110,4
11536,2025-12-30 13:18:00+05:30,3264.3,1,3251.61,1189505,118150.0,120597.0,3250.0,3265.1,3239.8,3251.5,44999500,3576.6,2926.4,4322.95,2866.6,3264.2,105,8,3264.1,246,5,3264.0,9,3,3263.9,8,1,3263.8,8,2,3264.3,94,4,3264.4,14,1,3264.6,35,3,3264.7,153,2,3264.8,110,4
11536,2025-12-30 13:18:00+05:30,3264.3,1,3251.61,1189505,118171.0,120432.0,3250.0,3265.1,3239.8,3251.5,44999500,3576.6,2926.4,4322.95,2866.6,3264.2,116,9,3264.1,246,5,3264.0,9,3,3263.9,8,1,3263.8,8,2,3264.3,94,4,3264.4,14,1,3264.6,35,3,3264.7,153,2,3264.8,110,4
11536,2025-12-30 13:18:01+05:30,3264.3,1,3251.61,1189505,118171.0,120432.0,3250.0,3265.1,3239.8,3251.5,44999500,3576.6,2926.4,4322.95,2866.6,3264.2,116,9,3264.1,246,5,3264.0,9,3,3263.9,8,1,3263.8,8,2,3264.3,94,4,3264.4,14,1,3264.6,35,3,3264.7,153,2,3264.8,110,4
11536,2025-12-30 13:18:01+05:30,3264.3,1,3251.61,1189506,118166.0,120446.0,3250.0,3265.1,3239.8,3251.5,44999500,3576.6,2926.4,4322.95,2866.6,3264.2,116,9,3264.1,246,5,3264.0,9,3,3263.9,8,1,3263.8,8,2,3264.3,93,4,3264.4,14,1,3264.6,14,1,3264.7,160,3,3264.8,91,3
11536,2025-12-30 13:18:02+05:30,3264.3,3,3251.61,1189510,118168.0,120073.0,3250.0,3265.1,3239.8,3251.5,44999500,3576.6,2926.4,4322.95,2866.6,3264.2,117,9,3264.1,246,5,3264.0,9,3,3263.9,8,1,3263.8,8,2,3264.3,89,4,3264.6,14,1,3264.8,184,3,3264.9,222,4,3265.0,263,13
11536,2025-12-30 13:18:03+05:30,3264.3,3,3251.61,1189510,118168.0,120073.0,3250.0,3265.1,3239.8,3251.5,44999500,3576.6,2926.4,4322.95,2866.6,3264.2,117,9,3264.1,246,5,3264.0,9,3,3263.9,8,1,3263.8,8,2,3264.3,89,4,3264.6,14,1,3264.8,184,3,3264.9,222,4,3265.0,263,13
11536,2025-12-30 13:18:03+05:30,3264.2,18,3251.61,1189540,118048.0,120818.0,3250.0,3265.1,3239.8,3251.5,44999500,3576.6,2926.4,4322.95,2866.6,3264.2,126,9,3264.1,246,5,3264.0,9,3,3263.9,8,1,3263.8,8,2,3264.3,83,4,3264.7,141,2,3264.8,56,2,3264.9,209,2,3265.0,261,13
11536,2025-12-30 13:18:04+05:30,3264.2,18,3251.61,1189540,118048.0,120818.0,3250.0,3265.1,3239.8,3251.5,44999500,3576.6,2926.4,4322.95,2866.6,3264.2,126,9,3264.1,246,5,3264.0,9,3,3263.9,8,1,3263.8,8,2,3264.3,83,4,3264.7,141,2,3264.8,56,2,3264.9,209,2,3265.0,261,13
11536,2025-12-30 13:18:04+05:30,3264.2,18,3251.61,1189540,117991.0,120632.0,3250.0,3265.1,3239.8,3251.5,44999500,3576.6,2926.4,4322.95,2866.6,3264.2,126,9,3264.1,246,5,3264.0,9,3,3263.9,8,1,3263.8,8,2,3264.3,83,4,3264.5,14,1,3264.6,14,1,3264.7,127,1,3264.8,71,3
11536,2025-12-30 13:18:05+05:30,3264.3,1,3251.61,1189540,117991.0,120632.0,3250.0,3265.1,3239.8,3251.5,44999500,3576.6,2926.4,4322.95,2866.6,3264.2,126,9,3264.1,246,5,3264.0,9,3,3263.9,8,1,3263.8,8,2,3264.3,83,4,3264.5,14,1,3264.6,14,1,3264.7,127,1,3264.8,71,3
11536,2025-12-30 13:18:05+05:30,3264.3,1,3251.61,1189541,118481.0,120365.0,3250.0,3265.1,3239.8,3251.5,44999500,3576.6,2926.4,4322.95,2866.6,3264.2,126,9,3264.1,246,5,3264.0,34,4,3263.9,8,1,3263.8,8,2,3264.3,82,4,3264.6,14,1,3264.7,127,1,3264.8,15,1,3265.0,244,12
11536,2025-12-30 13:18:06+05:30,3264.2,7,3251.61,1189541,118481.0,120365.0,3250.0,3265.1,3239.8,3251.5,44999500,3576.6,2926.4,4322.95,2866.6,3264.2,126,9,3264.1,246,5,3264.0,34,4,3263.9,8,1,3263.8,8,2,3264.3,82,4,3264.6,14,1,3264.7,127,1,3264.8,15,1,3265.0,244,12
11536,2025-12-30 13:18:06+05:30,3264.3,1,3251.61,1189829,119368.0,119915.0,3250.0,3265.1,3239.8,3251.5,44999500,3576.6,2926.4,4322.95,2866.6,3264.3,16,2,3264.2,36,6,3264.1,246,5,3264.0,34,4,3263.9,8,1,3264.4,2,1,3264.8,131,2,3264.9,175,1,3265.0,242,12,3265.1,42,3
11536,2025-12-30 13:18:07+05:30,3264.3,1,3251.61,1189829,119368.0,119915.0,3250.0,3265.1,3239.8,3251.5,44999500,3576.6,2926.4,4322.95,2866.6,3264.3,16,2,3264.2,36,6,3264.1,246,5,3264.0,34,4,3263.9,8,1,3264.4,2,1,3264.8,131,2,3264.9,175,1,3265.0,242,12,3265.1,42,3
11536,2025-12-30 13:18:07+05:30,3264.3,1,3251.61,1189829,119183.0,119927.0,3250.0,3265.1,3239.8,3251.5,44999500,3576.6,2926.4,4322.95,2866.6,3264.3,17,3,3264.2,36,6,3264.1,246,5,3264.0,34,4,3263.9,8,1,3264.4,2,1,3264.7,131,2,3264.8,15,1,3264.9,175,1,3265.0,261,13
11536,2025-12-30 13:18:08+05:30,3264.3,1,3251.61,1189829,119465.0,120259.0,3250.0,3265.1,3239.8,3251.5,44999500,3576.6,2926.4,4322.95,2866.6,3264.3,2,2,3264.2,18,4,3264.1,246,5,3264.0,44,5,3263.9,34,2,3264.4,2,1,3264.7,117,1,3264.9,190,2,3265.0,225,11,3265.1,76,4
11536,2025-12-30 13:18:09+05:30,3264.4,14,3251.61,1189829,119465.0,120259.0,3250.0,3265.1,3239.8,3251.5,44999500,3576.6,2926.4,4322.95,2866.6,3264.3,2,2,3264.2,18,4,3264.1,246,5,3264.0,44,5,3263.9,34,2,3264.4,2,1,3264.7,117,1,3264.9,190,2,3265.0,225,11,3265.1,76,4
11536,2025-12-30 13:18:09+05:30,3264.3,1,3251.61,1190021,118453.0,116309.0,3250.0,3265.1,3239.8,3251.5,44999500,3576.6,2926.4,4322.95,2866.6,3264.3,15,1,3264.2,24,4,3264.1,246,5,3264.0,34,4,3263.9,34,2,3264.7,117,1,3264.8,112,2,3264.9,175,1,3265.0,256,13,3265.1,76,4
11536,2025-12-30 13:18:10+05:30,3264.3,1,3251.61,1190021,118453.0,116309.0,3250.0,3265.1,3239.8,3251.5,44999500,3576.6,2926.4,4322.95,2866.6,3264.3,15,1,3264.2,24,4,3264.1,246,5,3264.0,34,4,3263.9,34,2,3264.7,117,1,3264.8,112,2,3264.9,175,1,3265.0,256,13,3265.1,76,4
11536,2025-12-30 13:18:10+05:30,3264.3,1,3251.61,1190021,118460.0,119990.0,3250.0,3265.1,3239.8,3251.5,44999500,3576.6,2926.4,4322.95,2866.6,3264.3,15,1,3264.2,24,4,3264.1,246,5,3264.0,34,4,3263.9,8,1,3264.7,117,1,3264.8,116,2,3264.9,175,1,3265.0,257,13,3265.1,76,4
11536,2025-12-30 13:18:11+05:30,3264.3,1,3251.61,1190024,118451.0,119997.0,3250.0,3265.1,3239.8,3251.5,44999500,3576.6,2926.4,4322.95,2866.6,3264.3,14,1,3264.2,24,4,3264.1,246,5,3264.0,34,4,3263.9,8,1,3264.7,115,1,3264.8,98,1,3264.9,175,1,3265.0,240,13,3265.1,96,5
11536,2025-12-30 13:18:12+05:30,3264.3,1,3251.61,1190024,118451.0,119997.0,3250.0,3265.1,3239.8,3251.5,44999500,3576.6,2926.4,4322.95,2866.6,3264.3,14,1,3264.2,24,4,3264.1,246,5,3264.0,34,4,3263.9,8,1,3264.7,115,1,3264.8,98,1,3264.9,175,1,3265.0,240,13,3265.1,96,5
11536,2025-12-30 13:18:12+05:30,3264.7,2,3251.61,1190026,118468.0,120356.0,3250.0,3265.1,3239.8,3251.5,44999500,3576.6,2926.4,4322.95,2866.6,3264.3,14,1,3264.2,24,4,3264.1,246,5,3264.0,34,4,3263.9,8,1,3264.7,113,1,3264.8,98,1,3264.9,196,2,3265.0,240,13,3265.1,76,4
11536,2025-12-30 13:18:13+05:30,3264.3,1,3251.61,1190026,118468.0,120356.0,3250.0,3265.1,3239.8,3251.5,44999500,3576.6,2926.4,4322.95,2866.6,3264.3,14,1,3264.2,24,4,3264.1,246,5,3264.0,34,4,3263.9,8,1,3264.7,113,1,3264.8,98,1,3264.9,196,2,3265.0,240,13,3265.1,76,4
11536,2025-12-30 13:18:13+05:30,3264.7,3,3251.61,1190032,118735.0,120208.0,3250.0,3265.1,3239.8,3251.5,44999500,3576.6,2926.4,4322.95,2866.6,3264.3,60,3,3264.2,50,5,3264.1,246,5,3264.0,65,5,3263.9,8,1,3264.8,206,2,3265.0,441,14,3265.1,76,4,3265.2,42,3,3265.3,93,3
11536,2025-12-30 13:18:14+05:30,3264.8,1,3251.61,1190032,118735.0,120208.0,3250.0,3265.1,3239.8,3251.5,44999500,3576.6,2926.4,4322.95,2866.6,3264.3,60,3,3264.2,50,5,3264.1,246,5,3264.0,65,5,3263.9,8,1,3264.8,206,2,3265.0,441,14,3265.1,76,4,3265.2,42,3,3265.3,93,3
11536,2025-12-30 13:18:14+05:30,3264.8,1,3251.61,1190033,118744.0,120234.0,3250.0,3265.1,3239.8,3251.5,44999500,3576.6,2926.4,4322.95,2866.6,3264.3,60,3,3264.2,24,4,3264.1,246,5,3264.0,65,5,3263.9,34,2,3264.8,205,2,3265.0,441,14,3265.1,97,5,3265.2,42,3,3265.3,47,2
11536,2025-12-30 13:18:15+05:30,3264.3,2,3251.61,1190033,118744.0,120234.0,3250.0,3265.1,3239.8,3251.5,44999500,3576.6,2926.4,4322.95,2866.6,3264.3,60,3,3264.2,24,4,3264.1,246,5,3264.0,65,5,3263.9,34,2,3264.8,205,2,3265.0,441,14,3265.1,97,5,3265.2,42,3,3265.3,47,2
11536,2025-12-30 13:18:15+05:30,3264.8,1,3251.61,1190049,119135.0,120182.0,3250.0,3265.1,3239.8,3251.5,44999500,3576.6,2926.4,4322.95,2866.6,3264.3,42,1,3264.2,8,3,3264.1,246,5,3264.0,34,4,3263.9,8,1,3264.9,108,1,3265.0,482,16,3265.1,102,5,3265.2,80,5,3265.3,143,5
11536,2025-12-30 13:18:16+05:30,3264.8,1,3251.61,1190049,119135.0,120182.0,3250.0,3265.1,3239.8,3251.5,44999500,3576.6,2926.4,4322.95,2866.6,3264.3,42,1,3264.2,8,3,3264.1,246,5,3264.0,34,4,3263.9,8,1,3264.9,108,1,3265.0,482,16,3265.1,102,5,3265.2,80,5,3265.3,143,5
11536,2025-12-30 13:18:16+05:30,3264.1,32,3251.62,1190225,117400.0,120180.0,3250.0,3265.1,3239.8,3251.5,44999500,3576.6,2926.4,4322.95,2866.6,3264.1,214,5,3264.0,65,5,3263.9,8,1,3263.8,8,2,3263.7,26,1,3264.7,108,1,3264.8,113,3,3264.9,203,3,3265.0,284,14,3265.1,95,5
11536,2025-12-30 13:18:17+05:30,3264.1,32,3251.62,1190225,117400.0,120180.0,3250.0,3265.1,3239.8,3251.5,44999500,3576.6,2926.4,4322.95,2866.6,3264.1,214,5,3264.0,65,5,3263.9,8,1,3263.8,8,2,3263.7,26,1,3264.7,108,1,3264.8,113,3,3264.9,203,3,3265.0,284,14,3265.1,95,5
11536,2025-12-30 13:18:17+05:30,3264.1,32,3251.62,1190225,117640.0,120433.0,3250.0,3265.1,3239.8,3251.5,44999500,3576.6,2926.4,4322.95,2866.6,3264.1,215,6,3264.0,34,4,3263.9,8,1,3263.8,8,2,3263.7,26,1,3264.3,5,1,3264.7,108,1,3264.8,102,2,3264.9,203,3,3265.0,284,14
11536,2025-12-30 13:18:18+05:30,3264.1,32,3251.62,1190225,117714.0,120600.0,3250.0,3265.1,3239.8,3251.5,44999500,3576.6,2926.4,4322.95,2866.6,3264.1,215,6,3264.0,34,4,3263.9,8,1,3263.8,8,2,3263.7,26,1,3264.3,7,2,3264.7,108,1,3264.8,102,2,3264.9,203,3,3265.0,284,14
11536,2025-12-30 13:18:19+05:30,3264.1,32,3251.62,1190225,117381.0,120593.0,3250.0,3265.1,3239.8,3251.5,44999500,3576.6,2926.4,4322.95,2866.6,3264.1,215,6,3264.0,34,4,3263.9,8,1,3263.8,8,2,3263.6,18,2,3264.3,7,2,3264.7,108,1,3264.8,102,2,3264.9,239,4,3265.0,266,13
11536,2025-12-30 13:18:20+05:30,3264.1,21,3251.62,1190225,117381.0,120593.0,3250.0,3265.1,3239.8,3251.5,44999500,3576.6,2926.4,4322.95,2866.6,3264.1,215,6,3264.0,34,4,3263.9,8,1,3263.8,8,2,3263.6,18,2,3264.3,7,2,3264.7,108,1,3264.8,102,2,3264.9,239,4,3265.0,266,13
11536,2025-12-30 13:18:20+05:30,3264.1,1,3251.62,1190247,117445.0,120994.0,3250.0,3265.1,3239.8,3251.5,44999500,3576.6,2926.4,4322.95,2866.6,3264.1,193,6,3264.0,34,4,3263.9,8,1,3263.8,8,2,3263.6,18,2,3264.2,21,1,3264.3,7,2,3264.7,108,1,3264.8,120,3,3264.9,175,1
11536,2025-12-30 13:18:21+05:30,3264.1,21,3251.62,1190247,117445.0,120994.0,3250.0,3265.1,3239.8,3251.5,44999500,3576.6,2926.4,4322.95,2866.6,3264.1,193,6,3264.0,34,4,3263.9,8,1,3263.8,8,2,3263.6,18,2,3264.2,21,1,3264.3,7,2,3264.7,108,1,3264.8,120,3,3264.9,175,1
11536,2025-12-30 13:18:21+05:30,3264.1,21,3251.62,1190268,117833.0,120965.0,3250.0,3265.1,3239.8,3251.5,44999500,3576.6,2926.4,4322.95,2866.6,3264.1,172,6,3264.0,34,4,3263.9,8,1,3263.8,8,2,3263.7,26,1,3264.3,11,3,3264.7,108,1,3264.8,98,1,3264.9,175,1,3265.0,322,15
11536,2025-12-30 13:18:22+05:30,3264.1,21,3251.62,1190268,117718.0,120993.0,3250.0,3265.1,3239.8,3251.5,44999500,3576.6,2926.4,4322.95,2866.6,3264.1,172,6,3264.0,34,4,3263.9,8,1,3263.8,8,2,3263.7,26,1,3264.3,11,3,3264.7,108,1,3264.8,98,1,3264.9,176,2,3265.0,362,17
11536,2025-12-30 13:18:23+05:30,3264.3,3,3251.62,1190268,117718.0,120993.0,3250.0,3265.1,3239.8,3251.5,44999500,3576.6,2926.4,4322.95,2866.6,3264.1,172,6,3264.0,34,4,3263.9,8,1,3263.8,8,2,3263.7,26,1,3264.3,11,3,3264.7,108,1,3264.8,98,1,3264.9,176,2,3265.0,362,17
11536,2025-12-30 13:18:23+05:30,3264.3,3,3251.62,1190271,118120.0,120853.0,3250.0,3265.1,3239.8,3251.5,44999500,3576.6,2926.4,4322.95,2866.6,3264.1,171,5,3264.0,34,4,3263.9,8,1,3263.8,8,2,3263.7,73,3,3264.3,8,3,3264.8,206,2,3264.9,1,1,3265.0,517,17,3265.1,42,3
11536,2025-12-30 13:18:24+05:30,3264.3,1,3251.62,1190272,117804.0,120786.0,3250.0,3265.1,3239.8,3251.5,44999500,3576.6,2926.4,4322.95,2866.6,3264.1,171,5,3264.0,34,4,3263.9,8,1,3263.8,8,2,3263.7,57,2,3264.3,7,3,3264.8,108,1,3264.9,1,1,3265.0,535,18,3265.1,42,3
11536,2025-12-30 13:18:25+05:30,3264.3,1,3251.62,1190272,117804.0,120786.0,3250.0,3265.1,3239.8,3251.5,44999500,3576.6,2926.4,4322.95,2866.6,3264.1,171,5,3264.0,34,4,3263.9,8,1,3263.8,8,2,3263.7,57,2,3264.3,7,3,3264.8,108,1,3264.9,1,1,3265.0,535,18,3265.1,42,3
11536,2025-12-30 13:18:25+05:30,3264.1,50,3251.62,1190373,117760.0,120555.0,3250.0,3265.1,3239.8,3251.5,44999500,3576.6,2926.4,4322.95,2866.6,3264.1,76,5,3264.0,34,4,3263.9,8,1,3263.8,8,2,3263.7,57,2,3264.3,6,2,3264.7,108,1,3264.9,176,2,3265.0,300,14,3265.1,42,3
11536,2025-12-30 13:18:26+05:30,3264.1,50,3251.62,1190373,117760.0,120555.0,3250.0,3265.1,3239.8,3251.5,44999500,3576.6,2926.4,4322.95,2866.6,3264.1,76,5,3264.0,34,4,3263.9,8,1,3263.8,8,2,3263.7,57,2,3264.3,6,2,3264.7,108,1,3264.9,176,2,3265.0,300,14,3265.1,42,3
11536,2025-12-30 13:18:26+05:30,3264.1,1,3251.62,1190374,117612.0,120509.0,3250.0,3265.1,3239.8,3251.5,44999500,3576.6,2926.4,4322.95,2866.6,3264.1,75,5,3264.0,34,4,3263.9,8,1,3263.8,8,2,3263.7,57,2,3264.3,6,2,3264.8,108,1,3264.9,19,2,3265.0,477,16,3265.1,76,4
11536,2025-12-30 13:18:27+05:30,3264.3,32,3251.62,1190374,117612.0,120509.0,3250.0,3265.1,3239.8,3251.5,44999500,3576.6,2926.4,4322.95,2866.6,3264.1,75,5,3264.0,34,4,3263.9,8,1,3263.8,8,2,3263.7,57,2,3264.3,6,2,3264.8,108,1,3264.9,19,2,3265.0,477,16,3265.1,76,4
11536,2025-12-30 13:18:27+05:30,3264.3,32,3251.62,1190412,117822.0,120552.0,3250.0,3265.1,3239.8,3251.5,44999500,3576.6,2926.4,4322.95,2866.6,3264.1,75,5,3264.0,34,4,3263.9,8,1,3263.8,8,2,3263.6,44,3,3264.3,5,1,3264.8,108,1,3264.9,1,1,3265.0,441,14,3265.1,76,4
11536,2025-12-30 13:18:31+05:30,3264.3,2,3251.62,1190412,117822.0,120552.0,3250.0,3265.1,3239.8,3251.5,44999500,3576.6,2926.4,4322.95,2866.6,3264.1,75,5,3264.0,34,4,3263.9,8,1,3263.8,8,2,3263.6,44,3,3264.3,5,1,3264.8,108,1,3264.9,1,1,3265.0,441,14,3265.1,76,4
11536,2025-12-30 13:18:31+05:30,3264.3,2,3251.62,1190421,117366.0,120596.0,3250.0,3265.1,3239.8,3251.5,44999500,3576.6,2926.4,4322.95,2866.6,3264.1,71,5,3264.0,34,4,3263.9,8,1,3263.8,8,2,3263.6,18,2,3264.3,5,1,3264.7,117,2,3264.9,400,5,3265.0,351,16,3265.1,76,4
11536,2025-12-30 13:18:34+05:30,3264.1,1,3251.62,1190421,117366.0,120596.0,3250.0,3265.1,3239.8,3251.5,44999500,3576.6,2926.4,4322.95,2866.6,3264.1,71,5,3264.0,34,4,3263.9,8,1,3263.8,8,2,3263.6,18,2,3264.3,5,1,3264.7,117,2,3264.9,400,5,3265.0,351,16,3265.1,76,4
11536,2025-12-30 13:18:35+05:30,3264.3,1,3251.62,1190425,117389.0,120799.0,3250.0,3265.1,3239.8,3251.5,44999500,3576.6,2926.4,4322.95,2866.6,3264.1,70,5,3264.0,34,4,3263.9,8,1,3263.8,8,2,3263.7,16,1,3264.3,16,2,3264.7,108,1,3264.9,400,5,3265.0,351,16,3265.1,76,4
11536,2025-12-30 13:18:36+05:30,3264.3,1,3251.62,1190425,117389.0,120799.0,3250.0,3265.1,3239.8,3251.5,44999500,3576.6,2926.4,4322.95,2866.6,3264.1,70,5,3264.0,34,4,3263.9,8,1,3263.8,8,2,3263.7,16,1,3264.3,16,2,3264.7,108,1,3264.9,400,5,3265.0,351,16,3265.1,76,4
11536,2025-12-30 13:18:39+05:30,3265.0,45,3251.65,1193000,119645.0,117698.0,3250.0,3265.8,3239.8,3251.5,44999500,3576.6,2926.4,4322.95,2866.6,3264.3,48,3,3264.2,3,1,3264.1,137,9,3264.0,127,9,3263.9,188,8,3265.5,130,1,3265.6,26,1,3265.7,67,1,3265.8,78,4,3265.9,59,4
11536,2025-12-30 13:18:40+05:30,3265.0,45,3251.65,1193000,119645.0,117698.0,3250.0,3265.8,3239.8,3251.5,44999500,3576.6,2926.4,4322.95,2866.6,3264.3,48,3,3264.2,3,1,3264.1,137,9,3264.0,127,9,3263.9,188,8,3265.5,130,1,3265.6,26,1,3265.7,67,1,3265.8,78,4,3265.9,59,4
11536,2025-12-30 13:18:42+05:30,3264.8,1,3251.65,1193000,119645.0,117698.0,3250.0,3265.8,3239.8,3251.5,44999500,3576.6,2926.4,4322.95,2866.6,3264.3,48,3,3264.2,3,1,3264.1,137,9,3264.0,127,9,3263.9,188,8,3265.5,130,1,3265.6,26,1,3265.7,67,1,3265.8,78,4,3265.9,59,4
11536,2025-12-30 13:18:44+05:30,3264.8,1,3251.65,1193199,119469.0,118451.0,3250.0,3265.8,3239.8,3251.5,44999500,3576.6,2926.4,4322.95,2866.6,3264.8,1,1,3264.7,19,2,3264.3,135,2,3264.2,34,2,3264.1,48,6,3265.5,114,1,3265.7,80,4,3265.8,175,1,3265.9,59,4,3266.0,410,16
11536,2025-12-30 13:18:45+05:30,3265.5,1,3251.65,1193199,119469.0,118451.0,3250.0,3265.8,3239.8,3251.5,44999500,3576.6,2926.4,4322.95,2866.6,3264.8,1,1,3264.7,19,2,3264.3,135,2,3264.2,34,2,3264.1,48,6,3265.5,114,1,3265.7,80,4,3265.8,175,1,3265.9,59,4,3266.0,410,16
11536,2025-12-30 13:18:48+05:30,3265.5,3,3251.65,1193227,120186.0,118569.0,3250.0,3265.8,3239.8,3251.5,44999500,3576.6,2926.4,4322.95,2866.6,3264.8,76,3,3264.7,21,3,3264.6,31,1,3264.5,28,2,3264.4,35,2,3265.5,86,1,3265.7,54,3,3265.8,201,2,3265.9,21,3,3266.0,457,17
11536,2025-12-30 13:18:49+05:30,3265.5,1,3251.65,1193227,120186.0,118569.0,3250.0,3265.8,3239.8,3251.5,44999500,3576.6,2926.4,4322.95,2866.6,3264.8,76,3,3264.7,21,3,3264.6,31,1,3264.5,28,2,3264.4,35,2,3265.5,86,1,3265.7,54,3,3265.8,201,2,3265.9,21,3,3266.0,457,17
11536,2025-12-30 13:18:51+05:30,3264.8,1,3251.65,1193227,120186.0,118569.0,3250.0,3265.8,3239.8,3251.5,44999500,3576.6,2926.4,4322.95,2866.6,3264.8,76,3,3264.7,21,3,3264.6,31,1,3264.5,28,2,3264.4,35,2,3265.5,86,1,3265.7,54,3,3265.8,201,2,3265.9,21,3,3266.0,457,17
11536,2025-12-30 13:18:53+05:30,3265.2,1,3251.65,1193408,117656.0,119281.0,3250.0,3265.8,3239.8,3251.5,44999500,3576.6,2926.4,4322.95,2866.6,3264.8,6,1,3264.7,5,2,3264.5,2,1,3264.4,4,2,3264.2,3,1,3265.2,81,1,3265.3,56,3,3265.4,42,1,3265.5,256,5,3265.6,96,4
11536,2025-12-30 13:18:55+05:30,3265.2,2,3251.65,1193408,117656.0,119281.0,3250.0,3265.8,3239.8,3251.5,44999500,3576.6,2926.4,4322.95,2866.6,3264.8,6,1,3264.7,5,2,3264.5,2,1,3264.4,4,2,3264.2,3,1,3265.2,81,1,3265.3,56,3,3265.4,42,1,3265.5,256,5,3265.6,96,4
11536,2025-12-30 13:18:57+05:30,3264.8,49,3251.65,1193408,117656.0,119281.0,3250.0,3265.8,3239.8,3251.5,44999500,3576.6,2926.4,4322.95,2866.6,3264.8,6,1,3264.7,5,2,3264.5,2,1,3264.4,4,2,3264.2,3,1,3265.2,81,1,3265.3,56,3,3265.4,42,1,3265.5,256,5,3265.6,96,4
11536,2025-12-30 13:18:57+05:30,3264.8,49,3251.65,1193460,119280.0,120451.0,3250.0,3265.8,3239.8,3251.5,44999500,3576.6,2926.4,4322.95,2866.6,3264.8,2,1,3264.7,5,2,3264.5,2,1,3264.4,4,2,3264.2,3,1,3265.1,79,1,3265.2,54,2,3265.3,57,3,3265.4,62,2,3265.5,217,3
11536,2025-12-30 13:19:00+05:30,3265.0,1,3251.65,1193460,119280.0,120451.0,3250.0,3265.8,3239.8,3251.5,44999500,3576.6,2926.4,4322.95,2866.6,3264.8,2,1,3264.7,5,2,3264.5,2,1,3264.4,4,2,3264.2,3,1,3265.1,79,1,3265.2,54,2,3265.3,57,3,3265.4,62,2,3265.5,217,3
11536,2025-12-30 13:19:01+05:30,3264.7,1,3251.65,1193595,119696.0,116913.0,3250.0,3265.8,3239.8,3251.5,44999500,3576.6,2926.4,4322.95,2866.6,3264.7,4,2,3264.5,33,2,3264.4,4,2,3264.2,47,3,3264.1,47,6,3265.1,174,1,3265.2,14,1,3265.5,198,2,3265.6,20,1,3265.7,46,1
11536,2025-12-30 13:19:02+05:30,3264.7,1,3251.65,1193595,119696.0,116913.0,3250.0,3265.8,3239.8,3251.5,44999500,3576.6,2926.4,4322.95,2866.6,3264.7,4,2,3264.5,33,2,3264.4,4,2,3264.2,47,3,3264.1,47,6,3265.1,174,1,3265.2,14,1,3265.5,198,2,3265.6,20,1,3265.7,46,1
11536,2025-12-30 13:19:06+05:30,3264.7,163,3251.66,1193772,119664.0,119920.0,3250.0,3265.8,3239.8,3251.5,44999500,3576.6,2926.4,4322.95,2866.6,3264.6,6,2,3264.5,2,1,3264.4,4,2,3264.2,3,1,3264.1,24,4,3265.3,173,1,3265.6,197,2,3265.8,86,3,3265.9,239,8,3266.0,592,16
11536,2025-12-30 13:19:06+05:30,3264.7,163,3251.66,1193772,119664.0,119920.0,3250.0,3265.8,3239.8,3251.5,44999500,3576.6,2926.4,4322.95,2866.6,3264.6,6,2,3264.5,2,1,3264.4,4,2,3264.2,3,1,3264.1,24,4,3265.3,173,1,3265.6,197,2,3265.8,86,3,3265.9,239,8,3266.0,592,16
11536,2025-12-30 13:19:09+05:30,3265.2,130,3251.66,1193772,119664.0,119920.0,3250.0,3265.8,3239.8,3251.5,44999500,3576.6,2926.4,4322.95,2866.6,3264.6,6,2,3264.5,2,1,3264.4,4,2,3264.2,3,1,3264.1,24,4,3265.3,173,1,3265.6,197,2,3265.8,86,3,3265.9,239,8,3266.0,592,16
11536,2025-12-30 13:19:10+05:30,3265.2,1,3251.68,1195905,119509.0,120084.0,3250.0,3265.8,3239.8,3251.5,44999500,3576.6,2926.4,4322.95,2866.6,3264.6,56,3,3264.5,11,2,3264.4,4,2,3264.2,31,1,3264.1,6,3,3265.2,43,1,3265.3,120,2,3265.4,12,1,3265.5,21,2,3265.6,237,4
11536,2025-12-30 13:19:12+05:30,3264.6,1,3251.68,1195905,119509.0,120084.0,3250.0,3265.8,3239.8,3251.5,44999500,3576.6,2926.4,4322.95,2866.6,3264.6,56,3,3264.5,11,2,3264.4,4,2,3264.2,31,1,3264.1,6,3,3265.2,43,1,3265.3,120,2,3265.4,12,1,3265.5,21,2,3265.6,237,4
11536,2025-12-30 13:19:14+05:30,3265.2,2,3251.68,1195961,120229.0,119586.0,3250.0,3265.8,3239.8,3251.5,44999500,3576.6,2926.4,4322.95,2866.6,3264.6,70,4,3264.5,2,1,3264.4,36,3,3264.3,18,1,3264.2,52,2,3265.2,21,1,3265.3,98,1,3265.4,175,1,3265.5,1,1,3265.7,22,1
11536,2025-12-30 13:19:15+05:30,3265.2,1,3251.68,1195961,120229.0,119586.0,3250.0,3265.8,3239.8,3251.5,44999500,3576.6,2926.4,4322.95,2866.6,3264.6,70,4,3264.5,2,1,3264.4,36,3,3264.3,18,1,3264.2,52,2,3265.2,21,1,3265.3,98,1,3265.4,175,1,3265.5,1,1,3265.7,22,1
11536,2025-12-30 13:19:17+05:30,3265.2,1,3251.68,1195961,120229.0,119586.0,3250.0,3265.8,3239.8,3251.5,44999500,3576.6,2926.4,4322.95,2866.6,3264.6,70,4,3264.5,2,1,3264.4,36,3,3264.3,18,1,3264.2,52,2,3265.2,21,1,3265.3,98,1,3265.4,175,1,3265.5,1,1,3265.7,22,1
11536,2025-12-30 13:19:19+05:30,3264.6,1,3251.69,1196475,120155.0,120153.0,3250.0,3265.8,3239.8,3251.5,44999500,3576.6,2926.4,4322.95,2866.6,3264.6,70,6,3264.5,2,1,3264.4,4,2,3264.2,37,2,3264.1,6,3,3265.2,202,2,3265.3,24,1,3265.4,13,1,3265.5,50,2,3265.6,88,5
11536,2025-12-30 13:19:20+05:30,3264.6,1,3251.69,1196475,120155.0,120153.0,3250.0,3265.8,3239.8,3251.5,44999500,3576.6,2926.4,4322.95,2866.6,3264.6,70,6,3264.5,2,1,3264.4,4,2,3264.2,37,2,3264.1,6,3,3265.2,202,2,3265.3,24,1,3265.4,13,1,3265.5,50,2,3265.6,88,5
11536,2025-12-30 13:19:24+05:30,3265.0,5,3251.69,1196661,120466.0,117771.0,3250.0,3265.8,3239.8,3251.5,44999500,3576.6,2926.4,4322.95,2866.6,3264.6,82,4,3264.5,2,1,3264.4,4,2,3264.1,13,4,3264.0,37,5,3265.1,169,1,3265.2,14,1,3265.3,3,1,3265.4,82,3,3265.5,104,4
11536,2025-12-30 13:19:24+05:30,3265.0,5,3251.69,1196661,120466.0,117771.0,3250.0,3265.8,3239.8,3251.5,44999500,3576.6,2926.4,4322.95,2866.6,3264.6,82,4,3264.5,2,1,3264.4,4,2,3264.1,13,4,3264.0,37,5,3265.1,169,1,3265.2,14,1,3265.3,3,1,3265.4,82,3,3265.5,104,4
11536,2025-12-30 13:19:27+05:30,3265.0,126,3251.69,1196661,120466.0,117771.0,3250.0,3265.8,3239.8,3251.5,44999500,3576.6,2926.4,4322.95,2866.6,3264.6,82,4,3264.5,2,1,3264.4,4,2,3264.1,13,4,3264.0,37,5,3265.1,169,1,3265.2,14,1,3265.3,3,1,3265.4,82,3,3265.5,104,4
11536,2025-12-30 13:19:28+05:30,3264.4,39,3251.69,1196661,120466.0,117771.0,3250.0,3265.8,3239.8,3251.5,44999500,3576.6,2926.4,4322.95,2866.6,3264.6,82,4,3264.5,2,1,3264.4,4,2,3264.1,13,4,3264.0,37,5,3265.1,169,1,3265.2,14,1,3265.3,3,1,3265.4,82,3,3265.5,104,4
11536,2025-12-30 13:19:28+05:30,3264.1,6,3251.69,1197030,118777.0,120530.0,3250.0,3265.8,3239.8,3251.5,44999500,3576.6,2926.4,4322.95,2866.6,3264.1,6,3,3264.0,86,6,3263.9,42,2,3263.8,54,3,3263.7,247,4,3265.0,175,1,3265.1,60,4,3265.2,10,1,3265.3,3,1,3265.4,99,4
11536,2025-12-30 13:19:29+05:30,3265.0,1,3251.69,1197030,118777.0,120530.0,3250.0,3265.8,3239.8,3251.5,44999500,3576.6,2926.4,4322.95,2866.6,3264.1,6,3,3264.0,86,6,3263.9,42,2,3263.8,54,3,3263.7,247,4,3265.0,175,1,3265.1,60,4,3265.2,10,1,3265.3,3,1,3265.4,99,4
11536,2025-12-30 13:19:29+05:30,3265.0,1,3251.69,1197032,118738.0,120838.0,3250.0,3265.8,3239.8,3251.5,44999500,3576.6,2926.4,4322.95,2866.6,3264.1,5,2,3264.0,59,5,3263.9,8,1,3263.8,88,4,3263.7,94,4,3265.0,178,2,3265.1,32,2,3265.2,37,2,3265.3,35,2,3265.4,121,5
11536,2025-12-30 13:19:30+05:30,3265.0,1,3251.69,1197032,119609.0,120426.0,3250.0,3265.8,3239.8,3251.5,44999500,3576.6,2926.4,4322.95,2866.6,3264.6,20,1,3264.1,5,2,3264.0,59,5,3263.9,8,1,3263.8,88,4,3264.9,174,1,3265.0,54,3,3265.1,8,1,3265.2,62,3,3265.3,3,1
11536,2025-12-30 13:19:31+05:30,3264.8,1,3251.69,1197032,119609.0,120426.0,3250.0,3265.8,3239.8,3251.5,44999500,3576.6,2926.4,4322.95,2866.6,3264.6,20,1,3264.1,5,2,3264.0,59,5,3263.9,8,1,3263.8,88,4,3264.9,174,1,3265.0,54,3,3265.1,8,1,3265.2,62,3,3265.3,3,1
11536,2025-12-30 13:19:31+05:30,3264.8,2,3251.69,1197035,119613.0,120525.0,3250.0,3265.8,3239.8,3251.5,44999500,3576.6,2926.4,4322.95,2866.6,3264.6,21,2,3264.1,6,3,3264.0,59,5,3263.9,8,1,3263.8,88,4,3264.8,171,1,3264.9,9,2,3265.0,50,2,3265.1,8,1,3265.2,49,3
11536,2025-12-30 13:19:32+05:30,3264.8,47,3251.69,1197035,119613.0,120525.0,3250.0,3265.8,3239.8,3251.5,44999500,3576.6,2926.4,4322.95,2866.6,3264.6,21,2,3264.1,6,3,3264.0,59,5,3263.9,8,1,3263.8,88,4,3264.8,171,1,3264.9,9,2,3265.0,50,2,3265.1,8,1,3265.2,49,3
11536,2025-12-30 13:19:32+05:30,3264.8,47,3251.69,1197083,120343.0,120287.0,3250.0,3265.8,3239.8,3251.5,44999500,3576.6,2926.4,4322.95,2866.6,3264.6,72,4,3264.2,57,2,3264.1,6,3,3264.0,59,5,3263.9,8,1,3264.8,123,1,3264.9,5,2,3265.0,100,1,3265.1,8,1,3265.2,10,1
11536,2025-12-30 13:19:33+05:30,3264.8,47,3251.69,1197083,120367.0,119306.0,3250.0,3265.8,3239.8,3251.5,44999500,3576.6,2926.4,4322.95,2866.6,3264.6,72,4,3264.2,57,2,3264.1,6,3,3264.0,59,5,3263.9,8,1,3264.8,127,2,3264.9,1,1,3265.0,100,1,3265.2,10,1,3265.3,24,2
11536,2025-12-30 13:19:34+05:30,3264.6,1,3251.69,1197104,120659.0,120693.0,3250.0,3265.8,3239.8,3251.5,44999500,3576.6,2926.4,4322.95,2866.6,3264.6,52,3,3264.3,14,1,3264.2,71,3,3264.1,6,3,3264.0,68,5,3264.8,127,2,3264.9,1,1,3265.0,100,1,3265.4,13,1,3265.5,197,2
11536,2025-12-30 13:19:35+05:30,3264.8,1,3251.69,1197104,120659.0,120693.0,3250.0,3265.8,3239.8,3251.5,44999500,3576.6,2926.4,4322.95,2866.6,3264.6,52,3,3264.3,14,1,3264.2,71,3,3264.1,6,3,3264.0,68,5,3264.8,127,2,3264.9,1,1,3265.0,100,1,3265.4,13,1,3265.5,197,2
11536,2025-12-30 13:19:35+05:30,3264.8,1,3251.69,1197105,120783.0,120698.0,3250.0,3265.8,3239.8,3251.5,44999500,3576.6,2926.4,4322.95,2866.6,3264.6,52,3,3264.2,57,2,3264.1,24,4,3264.0,88,6,3263.9,32,2,3264.8,126,2,3264.9,1,1,3265.0,100,1,3265.4,13,1,3265.5,197,2
11536,2025-12-30 13:19:36+05:30,3264.1,122,3251.69,1197105,120783.0,120698.0,3250.0,3265.8,3239.8,3251.5,44999500,3576.6,2926.4,4322.95,2866.6,3264.6,52,3,3264.2,57,2,3264.1,24,4,3264.0,88,6,3263.9,32,2,3264.8,126,2,3264.9,1,1,3265.0,100,1,3265.4,13,1,3265.5,197,2
11536,2025-12-30 13:19:36+05:30,3264.1,122,3251.7,1197515,116732.0,120495.0,3250.0,3265.8,3239.8,3251.5,44999500,3576.6,2926.4,4322.95,2866.6,3264.0,34,4,3263.9,8,1,3263.8,8,2,3263.6,48,3,3263.5,75,5,3264.6,66,1,3264.9,9,2,3265.0,453,4,3265.1,11,1,3265.2,60,3
11536,2025-12-30 13:19:37+05:30,3264.6,10,3251.7,1197515,116732.0,120495.0,3250.0,3265.8,3239.8,3251.5,44999500,3576.6,2926.4,4322.95,2866.6,3264.0,34,4,3263.9,8,1,3263.8,8,2,3263.6,48,3,3263.5,75,5,3264.6,66,1,3264.9,9,2,3265.0,453,4,3265.1,11,1,3265.2,60,3
11536,2025-12-30 13:19:37+05:30,3264.0,16,3251.7,1197575,117374.0,119214.0,3250.0,3265.8,3239.8,3251.5,44999500,3576.6,2926.4,4322.95,2866.6,3264.0,38,3,3263.9,8,1,3263.8,8,2,3263.7,44,2,3263.6,114,6,3264.6,56,1,3264.9,166,2,3265.0,278,3,3265.1,45,2,3265.2,64,3
11536,2025-12-30 13:19:38+05:30,3264.6,175,3251.7,1197575,117374.0,119214.0,3250.0,3265.8,3239.8,3251.5,44999500,3576.6,2926.4,4322.95,2866.6,3264.0,38,3,3263.9,8,1,3263.8,8,2,3263.7,44,2,3263.6,114,6,3264.6,56,1,3264.9,166,2,3265.0,278,3,3265.1,45,2,3265.2,64,3
11536,2025-12-30 13:19:38+05:30,3264.6,175,3251.7,1197981,120120.0,120661.0,3250.0,3265.8,3239.8,3251.5,44999500,3576.6,2926.4,4322.95,2866.6,3264.6,426,2,3264.1,7,1,3264.0,39,4,3263.9,45,3,3263.8,8,2,3264.9,1,1,3265.0,275,2,3265.2,26,1,3265.3,21,1,3265.5,24,1
11536,2025-12-30 13:19:39+05:30,3264.8,1,3251.7,1197982,120806.0,119206.0,3250.0,3265.8,3239.8,3251.5,44999500,3576.6,2926.4,4322.95,2866.6,3264.6,426,2,3264.1,7,1,3264.0,39,4,3263.9,45,3,3263.8,29,3,3264.9,1,1,3265.0,299,3,3265.2,67,3,3265.3,70,3,3265.4,22,1
11536,2025-12-30 13:19:40+05:30,3264.8,1,3251.7,1197982,120806.0,119206.0,3250.0,3265.8,3239.8,3251.5,44999500,3576.6,2926.4,4322.95,2866.6,3264.6,426,2,3264.1,7,1,3264.0,39,4,3263.9,45,3,3263.8,29,3,3264.9,1,1,3265.0,299,3,3265.2,67,3,3265.3,70,3,3265.4,22,1
11536,2025-12-30 13:19:40+05:30,3264.8,1,3251.7,1197982,119675.0,121522.0,3250.0,3265.8,3239.8,3251.5,44999500,3576.6,2926.4,4322.95,2866.6,3264.6,456,3,3264.1,7,1,3264.0,39,4,3263.9,45,3,3263.8,8,2,3264.8,1000,1,3264.9,28,2,3265.0,275,2,3265.1,34,2,3265.2,47,2
11536,2025-12-30 13:19:41+05:30,3264.8,1,3251.7,1197982,119669.0,121548.0,3250.0,3265.8,3239.8,3251.5,44999500,3576.6,2926.4,4322.95,2866.6,3264.6,456,3,3264.1,7,1,3264.0,39,4,3263.9,45,3,3263.8,8,2,3264.8,1046,3,3264.9,6,2,3265.0,327,4,3265.1,8,1,3265.2,79,3
11536,2025-12-30 13:19:42+05:30,3264.8,1,3251.7,1197983,120078.0,121756.0,3250.0,3265.8,3239.8,3251.5,44999500,3576.6,2926.4,4322.95,2866.6,3264.6,586,4,3264.1,41,2,3264.0,9,3,3263.9,45,3,3263.8,8,2,3264.8,1030,2,3264.9,1,1,3265.0,303,4,3265.1,8,1,3265.2,24,1
11536,2025-12-30 13:19:43+05:30,3264.6,1,3251.7,1197983,120078.0,121756.0,3250.0,3265.8,3239.8,3251.5,44999500,3576.6,2926.4,4322.95,2866.6,3264.6,586,4,3264.1,41,2,3264.0,9,3,3263.9,45,3,3263.8,8,2,3264.8,1030,2,3264.9,1,1,3265.0,303,4,3265.1,8,1,3265.2,24,1
11536,2025-12-30 13:19:43+05:30,3264.6,1,3251.7,1197993,120720.0,121740.0,3250.0,3265.8,3239.8,3251.5,44999500,3576.6,2926.4,4322.95,2866.6,3264.6,585,4,3264.1,7,1,3264.0,40,3,3263.9,45,3,3263.8,8,2,3264.8,1021,2,3264.9,1,1,3265.0,303,4,3265.2,24,1,3265.3,21,1
11536,2025-12-30 13:19:44+05:30,3264.6,5,3251.7,1197993,120720.0,121740.0,3250.0,3265.8,3239.8,3251.5,44999500,3576.6,2926.4,4322.95,2866.6,3264.6,585,4,3264.1,7,1,3264.0,40,3,3263.9,45,3,3263.8,8,2,3264.8,1021,2,3264.9,1,1,3265.0,303,4,3265.2,24,1,3265.3,21,1
11536,2025-12-30 13:19:44+05:30,3264.6,175,3251.71,1198873,118016.0,121326.0,3250.0,3265.8,3239.8,3251.5,44999500,3576.6,2926.4,4322.95,2866.6,3264.6,131,2,3264.1,7,1,3264.0,8,2,3263.9,8,1,3263.8,27,3,3264.8,1222,4,3264.9,33,3,3265.0,176,4,3265.1,3,1,3265.2,69,2
11536,2025-12-30 13:19:45+05:30,3264.8,1,3251.71,1198873,118016.0,121326.0,3250.0,3265.8,3239.8,3251.5,44999500,3576.6,2926.4,4322.95,2866.6,3264.6,131,2,3264.1,7,1,3264.0,8,2,3263.9,8,1,3263.8,27,3,3264.8,1222,4,3264.9,33,3,3265.0,176,4,3265.1,3,1,3265.2,69,2
11536,2025-12-30 13:19:45+05:30,3264.8,1,3251.71,1198875,118453.0,121901.0,3250.0,3265.8,3239.8,3251.5,44999500,3576.6,2926.4,4322.95,2866.6,3264.6,131,2,3264.1,7,1,3264.0,8,2,3263.9,8,1,3263.8,27,3,3264.8,1235,5,3264.9,6,2,3265.0,160,4,3265.1,25,2,3265.2,23,1
11536,2025-12-30 13:19:46+05:30,3264.8,1,3251.71,1198875,118453.0,121901.0,3250.0,3265.8,3239.8,3251.5,44999500,3576.6,2926.4,4322.95,2866.6,3264.6,131,2,3264.1,7,1,3264.0,8,2,3263.9,8,1,3263.8,27,3,3264.8,1235,5,3264.9,6,2,3265.0,160,4,3265.1,25,2,3265.2,23,1
11536,2025-12-30 13:19:46+05:30,3264.8,1,3251.71,1198879,119296.0,121907.0,3250.0,3265.8,3239.8,3251.5,44999500,3576.6,2926.4,4322.95,2866.6,3264.6,128,2,3264.1,7,1,3264.0,8,2,3263.9,8,1,3263.8,27,3,3264.8,1234,5,3264.9,6,2,3265.0,160,4,3265.1,25,2,3265.2,23,1
11536,2025-12-30 13:19:47+05:30,3264.8,96,3251.71,1198879,119296.0,121907.0,3250.0,3265.8,3239.8,3251.5,44999500,3576.6,2926.4,4322.95,2866.6,3264.6,128,2,3264.1,7,1,3264.0,8,2,3263.9,8,1,3263.8,27,3,3264.8,1234,5,3264.9,6,2,3265.0,160,4,3265.1,25,2,3265.2,23,1
11536,2025-12-30 13:19:47+05:30,3264.8,96,3251.71,1198975,119632.0,121103.0,3250.0,3265.8,3239.8,3251.5,44999500,3576.6,2926.4,4322.95,2866.6,3264.6,130,3,3264.1,7,1,3264.0,42,3,3263.9,8,1,3263.8,27,3,3264.8,922,2,3264.9,1,1,3265.0,277,3,3265.1,26,1,3265.3,44,2
11536,2025-12-30 13:19:48+05:30,3264.8,3,3251.71,1198975,119632.0,121103.0,3250.0,3265.8,3239.8,3251.5,44999500,3576.6,2926.4,4322.95,2866.6,3264.6,130,3,3264.1,7,1,3264.0,42,3,3263.9,8,1,3263.8,27,3,3264.8,922,2,3264.9,1,1,3265.0,277,3,3265.1,26,1,3265.3,44,2
11536,2025-12-30 13:19:48+05:30,3264.8,3,3251.71,1198978,119632.0,121143.0,3250.0,3265.8,3239.8,3251.5,44999500,3576.6,2926.4,4322.95,2866.6,3264.6,130,3,3264.1,7,1,3264.0,42,3,3263.9,8,1,3263.8,27,3,3264.8,933,3,3264.9,28,2,3265.0,277,3,3265.1,26,1,3265.2,55,2
11536,2025-12-30 13:19:49+05:30,3264.6,1,3251.71,1198978,119632.0,121143.0,3250.0,3265.8,3239.8,3251.5,44999500,3576.6,2926.4,4322.95,2866.6,3264.6,130,3,3264.1,7,1,3264.0,42,3,3263.9,8,1,3263.8,27,3,3264.8,933,3,3264.9,28,2,3265.0,277,3,3265.1,26,1,3265.2,55,2
11536,2025-12-30 13:19:49+05:30,3264.6,1,3251.71,1198979,119641.0,121153.0,3250.0,3265.8,3239.8,3251.5,44999500,3576.6,2926.4,4322.95,2866.6,3264.6,129,3,3264.1,7,1,3264.0,42,3,3263.9,8,1,3263.8,27,3,3264.8,933,3,3264.9,28,2,3265.0,277,3,3265.1,26,1,3265.2,55,2
11536,2025-12-30 13:19:50+05:30,3264.6,1,3251.71,1198979,119783.0,121193.0,3250.0,3265.8,3239.8,3251.5,44999500,3576.6,2926.4,4322.95,2866.6,3264.6,129,3,3264.1,7,1,3264.0,8,2,3263.9,8,1,3263.8,27,3,3264.8,948,4,3264.9,176,2,3265.0,130,4,3265.1,26,1,3265.2,62,2
11536,2025-12-30 13:19:51+05:30,3264.6,20,3251.71,1198979,119783.0,121193.0,3250.0,3265.8,3239.8,3251.5,44999500,3576.6,2926.4,4322.95,2866.6,3264.6,129,3,3264.1,7,1,3264.0,8,2,3263.9,8,1,3263.8,27,3,3264.8,948,4,3264.9,176,2,3265.0,130,4,3265.1,26,1,3265.2,62,2
11536,2025-12-30 13:19:51+05:30,3264.6,1,3251.72,1199185,119964.0,121269.0,3250.0,3265.8,3239.8,3251.5,44999500,3576.6,2926.4,4322.95,2866.6,3264.6,108,3,3264.1,7,1,3264.0,47,3,3263.9,42,2,3263.8,27,3,3264.8,748,3,3264.9,176,2,3265.0,104,3,3265.3,21,1,3265.4,79,3
11536,2025-12-30 13:19:52+05:30,3264.6,1,3251.72,1199185,119964.0,121269.0,3250.0,3265.8,3239.8,3251.5,44999500,3576.6,2926.4,4322.95,2866.6,3264.6,108,3,3264.1,7,1,3264.0,47,3,3263.9,42,2,3263.8,27,3,3264.8,748,3,3264.9,176,2,3265.0,104,3,3265.3,21,1,3265.4,79,3
11536,2025-12-30 13:19:52+05:30,3264.9,1,3251.72,1199934,121000.0,119091.0,3250.0,3265.8,3239.8,3251.5,44999500,3576.6,2926.4,4322.95,2866.6,3264.6,180,5,3264.5,10,1,3264.4,3,1,3264.2,43,3,3264.1,214,4,3265.0,104,3,3265.2,175,1,3265.5,1,1,3265.7,23,1,3265.8,196,2
11536,2025-12-30 13:19:53+05:30,3264.9,1,3251.72,1199934,121000.0,119091.0,3250.0,3265.8,3239.8,3251.5,44999500,3576.6,2926.4,4322.95,2866.6,3264.6,180,5,3264.5,10,1,3264.4,3,1,3264.2,43,3,3264.1,214,4,3265.0,104,3,3265.2,175,1,3265.5,1,1,3265.7,23,1,3265.8,196,2
11536,2025-12-30 13:19:53+05:30,3264.9,1,3251.72,1199934,121022.0,119971.0,3250.0,3265.8,3239.8,3251.5,44999500,3576.6,2926.4,4322.95,2866.6,3264.6,180,5,3264.5,10,1,3264.4,3,1,3264.2,53,3,3264.1,214,4,3265.0,104,3,3265.2,175,1,3265.5,1,1,3265.7,23,1,3265.8,219,3
11536,2025-12-30 13:19:54+05:30,3265.0,1,3251.72,1199934,121022.0,119971.0,3250.0,3265.8,3239.8,3251.5,44999500,3576.6,2926.4,4322.95,2866.6,3264.6,180,5,3264.5,10,1,3264.4,3,1,3264.2,53,3,3264.1,214,4,3265.0,104,3,3265.2,175,1,3265.5,1,1,3265.7,23,1,3265.8,219,3
11536,2025-12-30 13:19:54+05:30,3264.6,53,3251.73,1200135,120958.0,119977.0,3250.0,3265.8,3239.8,3251.5,44999500,3576.6,2926.4,4322.95,2866.6,3264.6,375,3,3264.5,10,1,3264.1,7,1,3264.0,62,5,3263.9,42,2,3265.0,103,3,3265.1,175,1,3265.4,35,2,3265.5,56,3,3265.6,97,4
11536,2025-12-30 13:19:55+05:30,3265.1,20,3251.73,1200135,120958.0,119977.0,3250.0,3265.8,3239.8,3251.5,44999500,3576.6,2926.4,4322.95,2866.6,3264.6,375,3,3264.5,10,1,3264.1,7,1,3264.0,62,5,3263.9,42,2,3265.0,103,3,3265.1,175,1,3265.4,35,2,3265.5,56,3,3265.6,97,4
11536,2025-12-30 13:19:55+05:30,3265.1,20,3251.73,1200258,121171.0,119423.0,3250.0,3265.8,3239.8,3251.5,44999500,3576.6,2926.4,4322.95,2866.6,3265.0,1,1,3264.6,375,3,3264.3,33,1,3264.2,73,2,3264.1,7,1,3265.4,155,1,3265.5,55,3,3265.6,17,1,3265.7,198,2,3265.8,126,5
11536,2025-12-30 13:19:56+05:30,3265.0,1,3251.73,1200259,121179.0,119415.0,3250.0,3265.8,3239.8,3251.5,44999500,3576.6,2926.4,4322.95,2866.6,3264.6,375,3,3264.3,33,1,3264.2,73,2,3264.1,7,1,3264.0,51,5,3265.4,155,1,3265.5,55,3,3265.6,17,1,3265.7,198,2,3265.8,126,5
11536,2025-12-30 13:19:57+05:30,3265.0,1,3251.73,1200259,121179.0,119415.0,3250.0,3265.8,3239.8,3251.5,44999500,3576.6,2926.4,4322.95,2866.6,3264.6,375,3,3264.3,33,1,3264.2,73,2,3264.1,7,1,3264.0,51,5,3265.4,155,1,3265.5,55,3,3265.6,17,1,3265.7,198,2,3265.8,126,5
11536,2025-12-30 13:19:57+05:30,3265.0,1,3251.73,1200259,121163.0,119525.0,3250.0,3265.8,3239.8,3251.5,44999500,3576.6,2926.4,4322.95,2866.6,3264.6,375,3,3264.3,33,1,3264.2,73,2,3264.1,7,1,3264.0,51,5,3265.4,155,1,3265.5,28,2,3265.6,17,1,3265.7,237,3,3265.8,126,5
11536,2025-12-30 13:19:58+05:30,3265.0,1,3251.73,1200259,121163.0,119525.0,3250.0,3265.8,3239.8,3251.5,44999500,3576.6,2926.4,4322.95,2866.6,3264.6,375,3,3264.3,33,1,3264.2,73,2,3264.1,7,1,3264.0,51,5,3265.4,155,1,3265.5,28,2,3265.6,17,1,3265.7,237,3,3265.8,126,5
11536,2025-12-30 13:19:58+05:30,3264.6,2,3251.73,1200264,121071.0,119573.0,3250.0,3265.8,3239.8,3251.5,44999500,3576.6,2926.4,4322.95,2866.6,3265.0,1,1,3264.6,373,3,3264.3,17,1,3264.1,10,2,3264.0,51,5,3265.4,155,1,3265.5,36,3,3265.6,33,1,3265.7,23,1,3265.8,284,5
11536,2025-12-30 13:19:59+05:30,3264.6,2,3251.73,1200264,121071.0,119573.0,3250.0,3265.8,3239.8,3251.5,44999500,3576.6,2926.4,4322.95,2866.6,3265.0,1,1,3264.6,373,3,3264.3,17,1,3264.1,10,2,3264.0,51,5,3265.4,155,1,3265.5,36,3,3265.6,33,1,3265.7,23,1,3265.8,284,5
11536,2025-12-30 13:19:59+05:30,3264.6,2,3251.73,1200264,121102.0,119623.0,3250.0,3265.8,3239.8,3251.5,44999500,3576.6,2926.4,4322.95,2866.6,3265.0,1,1,3264.6,373,3,3264.3,17,1,3264.1,10,2,3264.0,51,5,3265.4,155,1,3265.5,36,3,3265.6,59,2,3265.7,23,1,3265.8,307,6
11536,2025-12-30 13:20:00+05:30,3265.0,1,3251.73,1200264,121102.0,119623.0,3250.0,3265.8,3239.8,3251.5,44999500,3576.6,2926.4,4322.95,2866.6,3265.0,1,1,3264.6,373,3,3264.3,17,1,3264.1,10,2,3264.0,51,5,3265.4,155,1,3265.5,36,3,3265.6,59,2,3265.7,23,1,3265.8,307,6
11536,2025-12-30 13:20:00+05:30,3265.0,1,3251.73,1200265,121176.0,120304.0,3250.0,3265.8,3239.8,3251.5,44999500,3576.6,2926.4,4322.95,2866.6,3264.6,373,3,3264.3,17,1,3264.2,109,3,3264.1,10,2,3264.0,29,4,3265.0,50,1,3265.4,170,2,3265.5,9,2,3265.6,52,2,3265.7,198,2
11536,2025-12-30 13:20:01+05:30,3265.0,50,3251.73,1200265,121176.0,120304.0,3250.0,3265.8,3239.8,3251.5,44999500,3576.6,2926.4,4322.95,2866.6,3264.6,373,3,3264.3,17,1,3264.2,109,3,3264.1,10,2,3264.0,29,4,3265.0,50,1,3265.4,170,2,3265.5,9,2,3265.6,52,2,3265.7,198,2
11536,2025-12-30 13:20:01+05:30,3265.0,50,3251.73,1200315,121013.0,119440.0,3250.0,3265.8,3239.8,3251.5,44999500,3576.6,2926.4,4322.95,2866.6,3265.1,1,1,3264.6,374,4,3264.5,75,2,3264.4,34,1,3264.3,17,1,3265.4,155,1,3265.5,28,2,3265.7,18,1,3265.8,219,3,3265.9,143,7
11536,2025-12-30 13:20:02+05:30,3265.0,48,3251.73,1200315,121013.0,119440.0,3250.0,3265.8,3239.8,3251.5,44999500,3576.6,2926.4,4322.95,2866.6,3265.1,1,1,3264.6,374,4,3264.5,75,2,3264.4,34,1,3264.3,17,1,3265.4,155,1,3265.5,28,2,3265.7,18,1,3265.8,219,3,3265.9,143,7
11536,2025-12-30 13:20:02+05:30,3264.6,1,3251.73,1200366,120942.0,120150.0,3250.0,3265.8,3239.8,3251.5,44999500,3576.6,2926.4,4322.95,2866.6,3264.6,373,4,3264.5,75,2,3264.4,34,1,3264.3,17,1,3264.2,38,3,3265.0,132,2,3265.4,155,1,3265.5,28,2,3265.7,18,1,3265.8,239,4
11536,2025-12-30 13:20:03+05:30,3264.6,1,3251.73,1200366,120942.0,120150.0,3250.0,3265.8,3239.8,3251.5,44999500,3576.6,2926.4,4322.95,2866.6,3264.6,373,4,3264.5,75,2,3264.4,34,1,3264.3,17,1,3264.2,38,3,3265.0,132,2,3265.4,155,1,3265.5,28,2,3265.7,18,1,3265.8,239,4
11536,2025-12-30 13:20:03+05:30,3264.6,1,3251.73,1200366,121759.0,120174.0,3250.0,3265.8,3239.8,3251.5,44999500,3576.6,2926.4,4322.95,2866.6,3264.6,383,5,3264.5,86,3,3264.4,34,1,3264.3,35,2,3264.2,38,3,3265.0,132,2,3265.2,155,1,3265.5,1,1,3265.7,18,1,3265.8,239,4
11536,2025-12-30 13:20:04+05:30,3265.0,100,3251.73,1200366,121759.0,120174.0,3250.0,3265.8,3239.8,3251.5,44999500,3576.6,2926.4,4322.95,2866.6,3264.6,383,5,3264.5,86,3,3264.4,34,1,3264.3,35,2,3264.2,38,3,3265.0,132,2,3265.2,155,1,3265.5,1,1,3265.7,18,1,3265.8,239,4
11536,2025-12-30 13:20:04+05:30,3265.0,100,3251.73,1200498,122062.0,119355.0,3250.0,3265.8,3239.8,3251.5,44999500,3576.6,2926.4,4322.95,2866.6,3264.7,41,1,3264.6,430,7,3264.5,61,4,3264.4,53,2,3264.3,48,3,3265.4,155,1,3265.5,1,1,3265.8,197,2,3265.9,68,5,3266.0,616,18
11536,2025-12-30 13:20:05+05:30,3265.8,3,3251.73,1200498,122062.0,119355.0,3250.0,3265.8,3239.8,3251.5,44999500,3576.6,2926.4,4322.95,2866.6,3264.7,41,1,3264.6,430,7,3264.5,61,4,3264.4,53,2,3264.3,48,3,3265.4,155,1,3265.5,1,1,3265.8,197,2,3265.9,68,5,3266.0,616,18
11536,2025-12-30 13:20:05+05:30,3265.0,100,3251.74,1201128,121766.0,118600.0,3250.0,3265.8,3239.8,3251.5,44999500,3576.6,2926.4,4322.95,2866.6,3265.0,44,2,3264.9,41,1,3264.8,19,1,3264.7,180,3,3264.6,383,5,3265.8,151,1,3265.9,67,5,3266.0,550,15,3266.1,59,3,3266.2,44,2
11536,2025-12-30 13:20:06+05:30,3265.0,100,3251.74,1201128,121766.0,118600.0,3250.0,3265.8,3239.8,3251.5,44999500,3576.6,2926.4,4322.95,2866.6,3265.0,44,2,3264.9,41,1,3264.8,19,1,3264.7,180,3,3264.6,383,5,3265.8,151,1,3265.9,67,5,3266.0,550,15,3266.1,59,3,3266.2,44,2
11536,2025-12-30 13:20:06+05:30,3265.8,10,3251.74,1201138,121884.0,118604.0,3250.0,3265.8,3239.8,3251.5,44999500,3576.6,2926.4,4322.95,2866.6,3265.1,25,1,3265.0,38,2,3264.9,41,1,3264.7,214,4,3264.6,383,5,3265.8,141,1,3265.9,67,5,3266.0,550,15,3266.1,40,2,3266.2,44,2
11536,2025-12-30 13:20:07+05:30,3265.8,10,3251.74,1201138,121884.0,118604.0,3250.0,3265.8,3239.8,3251.5,44999500,3576.6,2926.4,4322.95,2866.6,3265.1,25,1,3265.0,38,2,3264.9,41,1,3264.7,214,4,3264.6,383,5,3265.8,141,1,3265.9,67,5,3266.0,550,15,3266.1,40,2,3266.2,44,2
11536,2025-12-30 13:20:07+05:30,3265.8,4,3251.74,1201142,122088.0,118417.0,3250.0,3265.8,3239.8,3251.5,44999500,3576.6,2926.4,4322.95,2866.6,3265.1,28,2,3265.0,38,2,3264.9,41,1,3264.7,201,3,3264.6,383,5,3265.8,137,1,3265.9,47,4,3266.0,550,15,3266.1,40,2,3266.2,44,2
11536,2025-12-30 13:20:08+05:30,3265.1,129,3251.74,1201142,122088.0,118417.0,3250.0,3265.8,3239.8,3251.5,44999500,3576.6,2926.4,4322.95,2866.6,3265.1,28,2,3265.0,38,2,3264.9,41,1,3264.7,201,3,3264.6,383,5,3265.8,137,1,3265.9,47,4,3266.0,550,15,3266.1,40,2,3266.2,44,2
11536,2025-12-30 13:20:08+05:30,3265.1,1,3251.74,1201318,121769.0,117983.0,3250.0,3265.8,3239.8,3251.5,44999500,3576.6,2926.4,4322.95,2866.6,3265.1,24,1,3265.0,4,1,3264.9,45,2,3264.8,34,1,3264.7,188,3,3265.8,137,1,3265.9,21,3,3266.0,550,15,3266.1,18,1,3266.2,44,2
11536,2025-12-30 13:20:09+05:30,3265.8,7,3251.74,1201318,121769.0,117983.0,3250.0,3265.8,3239.8,3251.5,44999500,3576.6,2926.4,4322.95,2866.6,3265.1,24,1,3265.0,4,1,3264.9,45,2,3264.8,34,1,3264.7,188,3,3265.8,137,1,3265.9,21,3,3266.0,550,15,3266.1,18,1,3266.2,44,2
11536,2025-12-30 13:20:09+05:30,3265.8,7,3251.74,1201325,121769.0,118352.0,3250.0,3265.8,3239.8,3251.5,44999500,3576.6,2926.4,4322.95,2866.6,3265.1,24,1,3265.0,4,1,3264.9,45,2,3264.8,34,1,3264.7,222,4,3265.8,130,1,3265.9,21,3,3266.0,350,14,3266.1,18,1,3266.2,67,3
11536,2025-12-30 13:20:10+05:30,3264.9,30,3251.74,1201500,121908.0,118443.0,3250.0,3265.8,3239.8,3251.5,44999500,3576.6,2926.4,4322.95,2866.6,3265.0,25,1,3264.9,4,1,3264.7,172,2,3264.6,383,5,3264.5,56,3,3265.8,130,1,3265.9,65,5,3266.0,407,16,3266.1,80,3,3266.2,65,3
11536,2025-12-30 13:20:11+05:30,3264.9,30,3251.74,1201500,121908.0,118443.0,3250.0,3265.8,3239.8,3251.5,44999500,3576.6,2926.4,4322.95,2866.6,3265.0,25,1,3264.9,4,1,3264.7,172,2,3264.6,383,5,3264.5,56,3,3265.8,130,1,3265.9,65,5,3266.0,407,16,3266.1,80,3,3266.2,65,3
11536,2025-12-30 13:20:11+05:30,3265.2,1,3251.74,1201503,121991.0,118455.0,3250.0,3265.8,3239.8,3251.5,44999500,3576.6,2926.4,4322.95,2866.6,3265.2,24,1,3265.1,6,1,3265.0,3,1,3264.9,4,1,3264.7,206,3,3265.8,128,1,3265.9,21,3,3266.0,385,15,3266.1,80,3,3266.2,87,4
11536,2025-12-30 13:20:12+05:30,3265.2,1,3251.74,1201503,121991.0,118455.0,3250.0,3265.8,3239.8,3251.5,44999500,3576.6,2926.4,4322.95,2866.6,3265.2,24,1,3265.1,6,1,3265.0,3,1,3264.9,4,1,3264.7,206,3,3265.8,128,1,3265.9,21,3,3266.0,385,15,3266.1,80,3,3266.2,87,4
11536,2025-12-30 13:20:12+05:30,3265.8,2,3251.74,1201505,121983.0,118573.0,3250.0,3265.8,3239.8,3251.5,44999500,3576.6,2926.4,4322.95,2866.6,3265.2,24,1,3265.1,6,1,3265.0,3,1,3264.9,4,1,3264.7,172,2,3265.8,126,1,3265.9,21,3,3266.0,411,16,3266.1,80,3,3266.2,66,3
11536,2025-12-30 13:20:13+05:30,3265.2,1,3251.74,1201505,121983.0,118573.0,3250.0,3265.8,3239.8,3251.5,44999500,3576.6,2926.4,4322.95,2866.6,3265.2,24,1,3265.1,6,1,3265.0,3,1,3264.9,4,1,3264.7,172,2,3265.8,126,1,3265.9,21,3,3266.0,411,16,3266.1,80,3,3266.2,66,3
11536,2025-12-30 13:20:13+05:30,3265.2,153,3251.74,1201682,121716.0,118264.0,3250.0,3265.8,3239.8,3251.5,44999500,3576.6,2926.4,4322.95,2866.6,3265.2,25,1,3265.1,6,1,3265.0,3,1,3264.9,4,1,3264.7,148,2,3265.8,167,3,3265.9,21,3,3266.0,372,15,3266.1,40,3,3266.2,66,3
11536,2025-12-30 13:20:14+05:30,3265.2,153,3251.74,1201682,121716.0,118264.0,3250.0,3265.8,3239.8,3251.5,44999500,3576.6,2926.4,4322.95,2866.6,3265.2,25,1,3265.1,6,1,3265.0,3,1,3264.9,4,1,3264.7,148,2,3265.8,167,3,3265.9,21,3,3266.0,372,15,3266.1,40,3,3266.2,66,3
11536,2025-12-30 13:20:14+05:30,3265.2,153,3251.74,1201682,121759.0,118613.0,3250.0,3265.8,3239.8,3251.5,44999500,3576.6,2926.4,4322.95,2866.6,3265.2,25,1,3265.1,6,1,3265.0,3,1,3264.9,4,1,3264.7,148,2,3265.8,167,3,3265.9,21,3,3266.0,398,16,3266.1,75,4,3266.2,131,5
11536,2025-12-30 13:20:15+05:30,3265.8,2,3251.74,1201682,121759.0,118613.0,3250.0,3265.8,3239.8,3251.5,44999500,3576.6,2926.4,4322.95,2866.6,3265.2,25,1,3265.1,6,1,3265.0,3,1,3264.9,4,1,3264.7,148,2,3265.8,167,3,3265.9,21,3,3266.0,398,16,3266.1,75,4,3266.2,131,5
11536,2025-12-30 13:20:15+05:30,3265.8,2,3251.74,1201684,121759.0,118617.0,3250.0,3265.8,3239.8,3251.5,44999500,3576.6,2926.4,4322.95,2866.6,3265.2,25,1,3265.1,6,1,3265.0,3,1,3264.9,4,1,3264.7,148,2,3265.8,165,3,3265.9,21,3,3266.0,398,16,3266.1,75,4,3266.2,131,5
11536,2025-12-30 13:20:16+05:30,3265.8,1,3251.74,1201684,121759.0,118617.0,3250.0,3265.8,3239.8,3251.5,44999500,3576.6,2926.4,4322.95,2866.6,3265.2,25,1,3265.1,6,1,3265.0,3,1,3264.9,4,1,3264.7,148,2,3265.8,165,3,3265.9,21,3,3266.0,398,16,3266.1,75,4,3266.2,131,5
11536,2025-12-30 13:20:16+05:30,3265.8,1,3251.75,1201986,121564.0,118229.0,3250.0,3265.8,3239.8,3251.5,44999500,3576.6,2926.4,4322.95,2866.6,3265.0,35,2,3264.9,24,2,3264.8,43,1,3264.7,215,3,3264.6,384,6,3265.8,10,1,3265.9,174,5,3266.0,350,14,3266.1,37,2,3266.2,88,4
11536,2025-12-30 13:20:17+05:30,3265.8,1,3251.75,1201986,121564.0,118229.0,3250.0,3265.8,3239.8,3251.5,44999500,3576.6,2926.4,4322.95,2866.6,3265.0,35,2,3264.9,24,2,3264.8,43,1,3264.7,215,3,3264.6,384,6,3265.8,10,1,3265.9,174,5,3266.0,350,14,3266.1,37,2,3266.2,88,4
11536,2025-12-30 13:20:17+05:30,3265.8,61,3251.79,1205729,121235.0,118207.0,3250.0,3266.2,3239.8,3251.5,44999500,3576.6,2926.4,4322.95,2866.6,3265.2,78,2,3265.1,79,4,3265.0,21,1,3264.9,23,2,3264.7,265,7,3265.8,89,1,3266.1,175,1,3266.3,105,2,3266.4,37,3,3266.5,13,1
11536,2025-12-30 13:20:18+05:30,3265.8,3,3251.79,1205729,121235.0,118207.0,3250.0,3266.2,3239.8,3251.5,44999500,3576.6,2926.4,4322.95,2866.6,3265.2,78,2,3265.1,79,4,3265.0,21,1,3264.9,23,2,3264.7,265,7,3265.8,89,1,3266.1,175,1,3266.3,105,2,3266.4,37,3,3266.5,13,1
11536,2025-12-30 13:20:18+05:30,3265.8,3,3251.79,1205732,121366.0,118243.0,3250.0,3266.2,3239.8,3251.5,44999500,3576.6,2926.4,4322.95,2866.6,3265.3,78,3,3265.2,35,1,3264.9,23,2,3264.8,22,1,3264.7,234,7,3265.8,261,2,3266.3,132,3,3266.4,71,4,3266.5,13,1,3266.6,101,6
11536,2025-12-30 13:20:19+05:30,3265.3,1,3251.79,1205733,121428.0,118669.0,3250.0,3266.2,3239.8,3251.5,44999500,3576.6,2926.4,4322.95,2866.6,3265.3,34,2,3265.0,39,2,3264.9,4,1,3264.7,17,4,3264.6,455,8,3265.8,87,2,3265.9,202,2,3266.2,48,2,3266.3,105,2,3266.4,96,6
11536,2025-12-30 13:20:20+05:30,3265.3,1,3251.79,1205733,121428.0,118669.0,3250.0,3266.2,3239.8,3251.5,44999500,3576.6,2926.4,4322.95,2866.6,3265.3,34,2,3265.0,39,2,3264.9,4,1,3264.7,17,4,3264.6,455,8,3265.8,87,2,3265.9,202,2,3266.2,48,2,3266.3,105,2,3266.4,96,6
11536,2025-12-30 13:20:20+05:30,3265.3,1,3251.79,1205733,122805.0,118172.0,3250.0,3266.2,3239.8,3251.5,44999500,3576.6,2926.4,4322.95,2866.6,3265.3,69,3,3265.1,42,1,3265.0,23,2,3264.9,23,2,3264.8,44,2,3265.8,87,2,3266.0,175,1,3266.3,105,2,3266.4,49,3,3266.5,35,2
11536,2025-12-30 13:20:21+05:30,3265.1,72,3251.79,1205733,122805.0,118172.0,3250.0,3266.2,3239.8,3251.5,44999500,3576.6,2926.4,4322.95,2866.6,3265.3,69,3,3265.1,42,1,3265.0,23,2,3264.9,23,2,3264.8,44,2,3265.8,87,2,3266.0,175,1,3266.3,105,2,3266.4,49,3,3266.5,35,2
11536,2025-12-30 13:20:21+05:30,3265.5,93,3251.83,1208970,121030.0,118825.0,3250.0,3266.2,3239.8,3251.5,44999500,3576.6,2926.4,4322.95,2866.6,3265.5,60,2,3265.4,42,1,3265.3,47,1,3265.1,22,2,3265.0,14,2,3266.3,280,3,3266.4,5,1,3266.5,13,1,3266.6,23,2,3266.8,71,3
11536,2025-12-30 13:20:22+05:30,3265.5,93,3251.83,1208970,121030.0,118825.0,3250.0,3266.2,3239.8,3251.5,44999500,3576.6,2926.4,4322.95,2866.6,3265.5,60,2,3265.4,42,1,3265.3,47,1,3265.1,22,2,3265.0,14,2,3266.3,280,3,3266.4,5,1,3266.5,13,1,3266.6,23,2,3266.8,71,3
11536,2025-12-30 13:20:22+05:30,3266.3,1,3251.83,1208972,120899.0,119258.0,3250.0,3266.3,3239.8,3251.5,44999500,3576.6,2926.4,4322.95,2866.6,3265.5,25,1,3265.4,42,1,3265.3,47,1,3265.2,35,1,3265.1,3,1,3266.2,175,1,3266.3,130,3,3266.4,5,1,3266.5,13,1,3266.6,67,4
11536,2025-12-30 13:20:23+05:30,3266.3,1,3251.83,1208972,120899.0,119258.0,3250.0,3266.3,3239.8,3251.5,44999500,3576.6,2926.4,4322.95,2866.6,3265.5,25,1,3265.4,42,1,3265.3,47,1,3265.2,35,1,3265.1,3,1,3266.2,175,1,3266.3,130,3,3266.4,5,1,3266.5,13,1,3266.6,67,4
11536,2025-12-30 13:20:23+05:30,3266.2,3,3251.83,1208972,120899.0,119258.0,3250.0,3266.3,3239.8,3251.5,44999500,3576.6,2926.4,4322.95,2866.6,3265.5,25,1,3265.4,42,1,3265.3,47,1,3265.2,35,1,3265.1,3,1,3266.2,175,1,3266.3,130,3,3266.4,5,1,3266.5,13,1,3266.6,67,4
11536,2025-12-30 13:20:24+05:30,3266.2,3,3251.83,1208975,121021.0,119262.0,3250.0,3266.3,3239.8,3251.5,44999500,3576.6,2926.4,4322.95,2866.6,3265.5,28,2,3265.4,80,3,3265.3,47,1,3265.1,3,1,3265.0,14,2,3266.2,172,1,3266.3,130,3,3266.4,5,1,3266.5,13,1,3266.6,67,4
11536,2025-12-30 13:20:24+05:30,3266.2,3,3251.83,1208975,121021.0,119262.0,3250.0,3266.3,3239.8,3251.5,44999500,3576.6,2926.4,4322.95,2866.6,3265.5,28,2,3265.4,80,3,3265.3,47,1,3265.1,3,1,3265.0,14,2,3266.2,172,1,3266.3,130,3,3266.4,5,1,3266.5,13,1,3266.6,67,4
11536,2025-12-30 13:20:24+05:30,3266.2,3,3251.83,1208975,121170.0,119284.0,3250.0,3266.3,3239.8,3251.5,44999500,3576.6,2926.4,4322.95,2866.6,3265.5,105,4,3265.4,3,1,3265.3,47,1,3265.1,3,1,3265.0,14,2,3266.2,172,1,3266.3,103,2,3266.4,5,1,3266.5,13,1,3266.6,23,2
11536,2025-12-30 13:20:25+05:30,3266.2,1,3251.83,1208975,121170.0,119284.0,3250.0,3266.3,3239.8,3251.5,44999500,3576.6,2926.4,4322.95,2866.6,3265.5,105,4,3265.4,3,1,3265.3,47,1,3265.1,3,1,3265.0,14,2,3266.2,172,1,3266.3,103,2,3266.4,5,1,3266.5,13,1,3266.6,23,2
11536,2025-12-30 13:20:25+05:30,3266.2,1,3251.83,1208975,121170.0,119284.0,3250.0,3266.3,3239.8,3251.5,44999500,3576.6,2926.4,4322.95,2866.6,3265.5,105,4,3265.4,3,1,3265.3,47,1,3265.1,3,1,3265.0,14,2,3266.2,172,1,3266.3,103,2,3266.4,5,1,3266.5,13,1,3266.6,23,2
11536,2025-12-30 13:20:25+05:30,3265.4,1,3251.84,1209794,119617.0,119566.0,3250.0,3266.3,3239.8,3251.5,44999500,3576.6,2926.4,4322.95,2866.6,3265.4,25,1,3265.3,47,1,3265.1,3,1,3265.0,4,1,3264.9,46,2,3265.5,158,1,3265.7,71,1,3265.9,27,2,3266.0,21,1,3266.1,12,1
11536,2025-12-30 13:20:26+05:30,3265.4,1,3251.84,1209794,119617.0,119566.0,3250.0,3266.3,3239.8,3251.5,44999500,3576.6,2926.4,4322.95,2866.6,3265.4,25,1,3265.3,47,1,3265.1,3,1,3265.0,4,1,3264.9,46,2,3265.5,158,1,3265.7,71,1,3265.9,27,2,3266.0,21,1,3266.1,12,1
11536,2025-12-30 13:20:26+05:30,3265.4,1,3251.84,1209794,119617.0,119566.0,3250.0,3266.3,3239.8,3251.5,44999500,3576.6,2926.4,4322.95,2866.6,3265.4,25,1,3265.3,47,1,3265.1,3,1,3265.0,4,1,3264.9,46,2,3265.5,158,1,3265.7,71,1,3265.9,27,2,3266.0,21,1,3266.1,12,1
11536,2025-12-30 13:20:27+05:30,3265.4,1,3251.84,1209794,119790.0,119649.0,3250.0,3266.3,3239.8,3251.5,44999500,3576.6,2926.4,4322.95,2866.6,3265.4,76,2,3265.3,47,1,3265.1,3,1,3265.0,4,1,3264.9,81,3,3265.5,158,1,3265.7,71,1,3265.9,8,1,3266.1,31,2,3266.2,61,2
11536,2025-12-30 13:20:27+05:30,3265.4,1,3251.84,1209794,119790.0,119649.0,3250.0,3266.3,3239.8,3251.5,44999500,3576.6,2926.4,4322.95,2866.6,3265.4,76,2,3265.3,47,1,3265.1,3,1,3265.0,4,1,3264.9,81,3,3265.5,158,1,3265.7,71,1,3265.9,8,1,3266.1,31,2,3266.2,61,2
11536,2025-12-30 13:20:28+05:30,3265.4,3,3251.84,1209794,119790.0,119649.0,3250.0,3266.3,3239.8,3251.5,44999500,3576.6,2926.4,4322.95,2866.6,3265.4,76,2,3265.3,47,1,3265.1,3,1,3265.0,4,1,3264.9,81,3,3265.5,158,1,3265.7,71,1,3265.9,8,1,3266.1,31,2,3266.2,61,2
11536,2025-12-30 13:20:28+05:30,3265.4,3,3251.84,1209801,119977.0,118235.0,3250.0,3266.3,3239.8,3251.5,44999500,3576.6,2926.4,4322.95,2866.6,3265.4,73,2,3265.3,47,1,3265.1,3,1,3265.0,39,2,3264.9,46,2,3265.5,154,1,3265.9,35,2,3266.1,102,3,3266.2,49,2,3266.3,196,6
11536,2025-12-30 13:20:28+05:30,3265.4,3,3251.84,1209801,119977.0,118235.0,3250.0,3266.3,3239.8,3251.5,44999500,3576.6,2926.4,4322.95,2866.6,3265.4,73,2,3265.3,47,1,3265.1,3,1,3265.0,39,2,3264.9,46,2,3265.5,154,1,3265.9,35,2,3266.1,102,3,3266.2,49,2,3266.3,196,6
11536,2025-12-30 13:20:29+05:30,3265.4,3,3251.84,1209801,120003.0,119633.0,3250.0,3266.3,3239.8,3251.5,44999500,3576.6,2926.4,4322.95,2866.6,3265.4,73,2,3265.3,47,1,3265.1,3,1,3265.0,4,1,3264.9,39,2,3265.5,154,1,3265.8,98,2,3265.9,35,2,3266.0,22,1,3266.1,31,2
11536,2025-12-30 13:20:29+05:30,3265.4,3,3251.84,1209801,120003.0,119633.0,3250.0,3266.3,3239.8,3251.5,44999500,3576.6,2926.4,4322.95,2866.6,3265.4,73,2,3265.3,47,1,3265.1,3,1,3265.0,4,1,3264.9,39,2,3265.5,154,1,3265.8,98,2,3265.9,35,2,3266.0,22,1,3266.1,31,2
11536,2025-12-30 13:20:30+05:30,3265.4,3,3251.84,1209801,119650.0,119699.0,3250.0,3266.3,3239.8,3251.5,44999500,3576.6,2926.4,4322.95,2866.6,3265.4,73,2,3265.3,47,1,3265.1,3,1,3265.0,4,1,3264.9,39,2,3265.5,154,1,3265.8,98,2,3265.9,183,2,3266.0,22,1,3266.1,31,2
11536,2025-12-30 13:20:30+05:30,3265.4,3,3251.84,1209801,119650.0,119699.0,3250.0,3266.3,3239.8,3251.5,44999500,3576.6,2926.4,4322.95,2866.6,3265.4,73,2,3265.3,47,1,3265.1,3,1,3265.0,4,1,3264.9,39,2,3265.5,154,1,3265.8,98,2,3265.9,183,2,3266.0,22,1,3266.1,31,2
11536,2025-12-30 13:20:31+05:30,3265.5,1,3251.84,1209801,119650.0,119699.0,3250.0,3266.3,3239.8,3251.5,44999500,3576.6,2926.4,4322.95,2866.6,3265.4,73,2,3265.3,47,1,3265.1,3,1,3265.0,4,1,3264.9,39,2,3265.5,154,1,3265.8,98,2,3265.9,183,2,3266.0,22,1,3266.1,31,2
11536,2025-12-30 13:20:31+05:30,3265.5,1,3251.84,1209801,119650.0,119699.0,3250.0,3266.3,3239.8,3251.5,44999500,3576.6,2926.4,4322.95,2866.6,3265.4,73,2,3265.3,47,1,3265.1,3,1,3265.0,4,1,3264.9,39,2,3265.5,154,1,3265.8,98,2,3265.9,183,2,3266.0,22,1,3266.1,31,2
11536,2025-12-30 13:20:31+05:30,3265.5,1,3251.84,1210049,120243.0,119522.0,3250.0,3266.3,3239.8,3251.5,44999500,3576.6,2926.4,4322.95,2866.6,3265.4,25,1,3265.3,47,1,3265.2,35,1,3265.1,45,2,3265.0,4,1,3265.5,153,1,3266.1,175,1,3266.3,130,3,3266.4,25,2,3266.5,13,1
11536,2025-12-30 13:20:32+05:30,3265.5,1,3251.84,1210049,120243.0,119522.0,3250.0,3266.3,3239.8,3251.5,44999500,3576.6,2926.4,4322.95,2866.6,3265.4,25,1,3265.3,47,1,3265.2,35,1,3265.1,45,2,3265.0,4,1,3265.5,153,1,3266.1,175,1,3266.3,130,3,3266.4,25,2,3266.5,13,1
11536,2025-12-30 13:20:32+05:30,3265.5,4,3251.84,1210049,120243.0,119522.0,3250.0,3266.3,3239.8,3251.5,44999500,3576.6,2926.4,4322.95,2866.6,3265.4,25,1,3265.3,47,1,3265.2,35,1,3265.1,45,2,3265.0,4,1,3265.5,153,1,3266.1,175,1,3266.3,130,3,3266.4,25,2,3266.5,13,1
11536,2025-12-30 13:20:32+05:30,3265.5,4,3251.84,1210055,120639.0,118012.0,3250.0,3266.3,3239.8,3251.5,44999500,3576.6,2926.4,4322.95,2866.6,3265.4,25,1,3265.3,49,2,3265.2,4,1,3265.1,3,1,3265.0,81,3,3265.5,147,1,3266.0,27,1,3266.1,175,1,3266.2,26,1,3266.3,103,2
11536,2025-12-30 13:20:32+05:30,3265.5,4,3251.84,1210055,120639.0,118012.0,3250.0,3266.3,3239.8,3251.5,44999500,3576.6,2926.4,4322.95,2866.6,3265.4,25,1,3265.3,49,2,3265.2,4,1,3265.1,3,1,3265.0,81,3,3265.5,147,1,3266.0,27,1,3266.1,175,1,3266.2,26,1,3266.3,103,2
11536,2025-12-30 13:20:33+05:30,3265.5,4,3251.84,1210055,120170.0,119644.0,3250.0,3266.3,3239.8,3251.5,44999500,3576.6,2926.4,4322.95,2866.6,3265.4,77,2,3265.3,49,2,3265.2,39,2,3265.1,45,2,3265.0,4,1,3265.5,147,1,3265.9,35,2,3266.0,27,1,3266.2,236,4,3266.3,103,2
11536,2025-12-30 13:20:33+05:30,3265.5,4,3251.84,1210055,120170.0,119644.0,3250.0,3266.3,3239.8,3251.5,44999500,3576.6,2926.4,4322.95,2866.6,3265.4,77,2,3265.3,49,2,3265.2,39,2,3265.1,45,2,3265.0,4,1,3265.5,147,1,3265.9,35,2,3266.0,27,1,3266.2,236,4,3266.3,103,2
11536,2025-12-30 13:20:34+05:30,3265.5,23,3251.84,1210055,120170.0,119644.0,3250.0,3266.3,3239.8,3251.5,44999500,3576.6,2926.4,4322.95,2866.6,3265.4,77,2,3265.3,49,2,3265.2,39,2,3265.1,45,2,3265.0,4,1,3265.5,147,1,3265.9,35,2,3266.0,27,1,3266.2,236,4,3266.3,103,2
11536,2025-12-30 13:20:34+05:30,3265.5,23,3251.84,1210435,120908.0,119518.0,3250.0,3266.3,3239.8,3251.5,44999500,3576.6,2926.4,4322.95,2866.6,3265.5,2,1,3265.4,119,3,3265.3,49,2,3265.2,4,1,3265.1,38,2,3266.2,245,5,3266.3,123,3,3266.4,63,4,3266.5,48,2,3266.6,68,4
11536,2025-12-30 13:20:35+05:30,3265.5,154,3251.84,1210435,120908.0,119518.0,3250.0,3266.3,3239.8,3251.5,44999500,3576.6,2926.4,4322.95,2866.6,3265.5,2,1,3265.4,119,3,3265.3,49,2,3265.2,4,1,3265.1,38,2,3266.2,245,5,3266.3,123,3,3266.4,63,4,3266.5,48,2,3266.6,68,4
11536,2025-12-30 13:20:35+05:30,3265.5,154,3251.85,1210631,118960.0,119521.0,3250.0,3266.3,3239.8,3251.5,44999500,3576.6,2926.4,4322.95,2866.6,3265.5,25,1,3265.4,119,3,3265.3,49,2,3265.2,39,2,3265.1,3,1,3266.2,175,1,3266.3,135,4,3266.4,20,2,3266.5,13,1,3266.6,68,4
11536,2025-12-30 13:20:35+05:30,3265.5,154,3251.85,1210631,118960.0,119521.0,3250.0,3266.3,3239.8,3251.5,44999500,3576.6,2926.4,4322.95,2866.6,3265.5,25,1,3265.4,119,3,3265.3,49,2,3265.2,39,2,3265.1,3,1,3266.2,175,1,3266.3,135,4,3266.4,20,2,3266.5,13,1,3266.6,68,4
11536,2025-12-30 13:20:36+05:30,3265.3,31,3251.85,1210631,118960.0,119521.0,3250.0,3266.3,3239.8,3251.5,44999500,3576.6,2926.4,4322.95,2866.6,3265.5,25,1,3265.4,119,3,3265.3,49,2,3265.2,39,2,3265.1,3,1,3266.2,175,1,3266.3,135,4,3266.4,20,2,3266.5,13,1,3266.6,68,4
11536,2025-12-30 13:20:36+05:30,3265.3,31,3251.85,1210806,120444.0,119348.0,3250.0,3266.3,3239.8,3251.5,44999500,3576.6,2926.4,4322.95,2866.6,3265.4,25,1,3265.3,18,2,3265.2,4,1,3265.1,3,1,3265.0,39,3,3266.3,135,4,3266.4,55,3,3266.5,32,2,3266.6,110,5,3266.7,46,2
11536,2025-12-30 13:20:37+05:30,3265.3,31,3251.85,1210806,120444.0,119348.0,3250.0,3266.3,3239.8,3251.5,44999500,3576.6,2926.4,4322.95,2866.6,3265.4,25,1,3265.3,18,2,3265.2,4,1,3265.1,3,1,3265.0,39,3,3266.3,135,4,3266.4,55,3,3266.5,32,2,3266.6,110,5,3266.7,46,2
11536,2025-12-30 13:20:37+05:30,3265.4,1,3251.85,1210806,120444.0,119348.0,3250.0,3266.3,3239.8,3251.5,44999500,3576.6,2926.4,4322.95,2866.6,3265.4,25,1,3265.3,18,2,3265.2,4,1,3265.1,3,1,3265.0,39,3,3266.3,135,4,3266.4,55,3,3266.5,32,2,3266.6,110,5,3266.7,46,2
11536,2025-12-30 13:20:37+05:30,3265.4,1,3251.85,1210807,120485.0,119578.0,3250.0,3266.3,3239.8,3251.5,44999500,3576.6,2926.4,4322.95,2866.6,3265.4,24,1,3265.3,18,2,3265.2,4,1,3265.0,39,3,3264.9,7,2,3266.2,21,2,3266.3,138,3,3266.4,72,4,3266.5,74,3,3266.6,68,4
11536,2025-12-30 13:20:38+05:30,3265.4,1,3251.85,1210807,120530.0,119338.0,3250.0,3266.3,3239.8,3251.5,44999500,3576.6,2926.4,4322.95,2866.6,3265.4,25,2,3265.3,18,2,3265.2,4,1,3265.0,69,4,3264.9,7,2,3266.2,21,2,3266.3,138,3,3266.4,46,3,3266.5,33,3,3266.6,68,4
11536,2025-12-30 13:20:38+05:30,3265.4,1,3251.85,1210807,120530.0,119338.0,3250.0,3266.3,3239.8,3251.5,44999500,3576.6,2926.4,4322.95,2866.6,3265.4,25,2,3265.3,18,2,3265.2,4,1,3265.0,69,4,3264.9,7,2,3266.2,21,2,3266.3,138,3,3266.4,46,3,3266.5,33,3,3266.6,68,4
11536,2025-12-30 13:20:39+05:30,3266.2,1,3251.85,1210807,120530.0,119338.0,3250.0,3266.3,3239.8,3251.5,44999500,3576.6,2926.4,4322.95,2866.6,3265.4,25,2,3265.3,18,2,3265.2,4,1,3265.0,69,4,3264.9,7,2,3266.2,21,2,3266.3,138,3,3266.4,46,3,3266.5,33,3,3266.6,68,4
11536,2025-12-30 13:20:39+05:30,3266.2,1,3251.85,1210808,120530.0,119509.0,3250.0,3266.3,3239.8,3251.5,44999500,3576.6,2926.4,4322.95,2866.6,3265.4,25,2,3265.3,18,2,3265.2,4,1,3265.0,69,4,3264.9,7,2,3266.2,34,3,3266.3,138,3,3266.4,46,3,3266.5,75,4,3266.6,68,4
11536,2025-12-30 13:20:40+05:30,3266.2,1,3251.85,1210808,120530.0,119509.0,3250.0,3266.3,3239.8,3251.5,44999500,3576.6,2926.4,4322.95,2866.6,3265.4,25,2,3265.3,18,2,3265.2,4,1,3265.0,69,4,3264.9,7,2,3266.2,34,3,3266.3,138,3,3266.4,46,3,3266.5,75,4,3266.6,68,4
11536,2025-12-30 13:20:40+05:30,3266.2,1,3251.85,1210808,120416.0,119357.0,3250.0,3266.3,3239.8,3251.5,44999500,3576.6,2926.4,4322.95,2866.6,3265.4,27,3,3265.3,18,2,3265.2,4,1,3265.0,35,3,3264.9,7,2,3266.2,45,4,3266.3,138,3,3266.4,71,4,3266.5,250,5,3266.6,102,5
11536,2025-12-30 13:20:41+05:30,3266.2,1,3251.85,1210808,120266.0,119181.0,3250.0,3266.3,3239.8,3251.5,44999500,3576.6,2926.4,4322.95,2866.6,3265.4,27,3,3265.3,18,2,3265.2,4,1,3265.1,41,1,3265.0,5,2,3266.2,221,5,3266.3,103,2,3266.4,71,4,3266.5,33,3,3266.6,124,6
11536,2025-12-30 13:20:41+05:30,3266.2,1,3251.85,1210808,120266.0,119181.0,3250.0,3266.3,3239.8,3251.5,45122525,3576.6,2926.4,4322.95,2866.6,3265.4,27,3,3265.3,18,2,3265.2,4,1,3265.1,41,1,3265.0,5,2,3266.2,221,5,3266.3,103,2,3266.4,71,4,3266.5,33,3,3266.6,124,6
11536,2025-12-30 13:20:42+05:30,3265.4,1,3251.85,1210808,120266.0,119181.0,3250.0,3266.3,3239.8,3251.5,45122525,3576.6,2926.4,4322.95,2866.6,3265.4,27,3,3265.3,18,2,3265.2,4,1,3265.1,41,1,3265.0,5,2,3266.2,221,5,3266.3,103,2,3266.4,71,4,3266.5,33,3,3266.6,124,6
11536,2025-12-30 13:20:42+05:30,3265.4,1,3251.85,1210809,120073.0,118282.0,3250.0,3266.3,3239.8,3251.5,45122525,3576.6,2926.4,4322.95,2866.6,3265.4,26,3,3265.3,18,2,3265.2,4,1,3265.1,41,1,3265.0,5,2,3266.2,69,5,3266.3,278,3,3266.4,46,3,3266.5,33,3,3266.6,276,6
11536,2025-12-30 13:20:43+05:30,3265.4,1,3251.85,1210809,120073.0,118282.0,3250.0,3266.3,3239.8,3251.5,45122525,3576.6,2926.4,4322.95,2866.6,3265.4,26,3,3265.3,18,2,3265.2,4,1,3265.1,41,1,3265.0,5,2,3266.2,69,5,3266.3,278,3,3266.4,46,3,3266.5,33,3,3266.6,276,6
11536,2025-12-30 13:20:43+05:30,3265.4,1,3251.85,1210818,118853.0,119674.0,3250.0,3266.3,3239.8,3251.5,45122525,3576.6,2926.4,4322.95,2866.6,3265.4,24,2,3265.3,18,2,3265.2,4,1,3265.1,41,1,3265.0,5,2,3266.2,49,4,3266.3,278,3,3266.4,46,3,3266.5,33,3,3266.6,101,5
11536,2025-12-30 13:20:44+05:30,3265.4,1,3251.85,1210818,118853.0,119674.0,3250.0,3266.3,3239.8,3251.5,45122525,3576.6,2926.4,4322.95,2866.6,3265.4,24,2,3265.3,18,2,3265.2,4,1,3265.1,41,1,3265.0,5,2,3266.2,49,4,3266.3,278,3,3266.4,46,3,3266.5,33,3,3266.6,101,5
11536,2025-12-30 13:20:44+05:30,3266.2,3,3251.85,1210818,118853.0,119674.0,3250.0,3266.3,3239.8,3251.5,45122525,3576.6,2926.4,4322.95,2866.6,3265.4,24,2,3265.3,18,2,3265.2,4,1,3265.1,41,1,3265.0,5,2,3266.2,49,4,3266.3,278,3,3266.4,46,3,3266.5,33,3,3266.6,101,5
11536,2025-12-30 13:20:44+05:30,3265.4,5,3251.85,1210827,120165.0,118034.0,3250.0,3266.3,3239.8,3251.5,45122525,3576.6,2926.4,4322.95,2866.6,3265.4,19,2,3265.3,52,3,3265.2,4,1,3265.1,41,1,3265.0,5,2,3266.2,45,4,3266.3,129,4,3266.4,71,4,3266.5,33,3,3266.6,276,6
11536,2025-12-30 13:20:45+05:30,3266.2,1,3251.85,1210827,120165.0,118034.0,3250.0,3266.3,3239.8,3251.5,45122525,3576.6,2926.4,4322.95,2866.6,3265.4,19,2,3265.3,52,3,3265.2,4,1,3265.1,41,1,3265.0,5,2,3266.2,45,4,3266.3,129,4,3266.4,71,4,3266.5,33,3,3266.6,276,6
11536,2025-12-30 13:20:45+05:30,3266.2,1,3251.85,1210828,119586.0,116840.0,3250.0,3266.3,3239.8,3251.5,45122525,3576.6,2926.4,4322.95,2866.6,3265.4,19,2,3265.3,53,4,3265.2,4,1,3265.1,41,1,3265.0,5,2,3266.2,33,3,3266.3,129,4,3266.4,71,4,3266.5,33,3,3266.6,242,5
11536,2025-12-30 13:20:46+05:30,3266.2,1,3251.85,1210828,119586.0,116840.0,3250.0,3266.3,3239.8,3251.5,45122525,3576.6,2926.4,4322.95,2866.6,3265.4,19,2,3265.3,53,4,3265.2,4,1,3265.1,41,1,3265.0,5,2,3266.2,33,3,3266.3,129,4,3266.4,71,4,3266.5,33,3,3266.6,242,5
11536,2025-12-30 13:20:46+05:30,3266.2,1,3251.85,1210829,119993.0,116717.0,3250.0,3266.3,3239.8,3251.5,45122525,3576.6,2926.4,4322.95,2866.6,3265.4,19,2,3265.3,53,4,3265.2,4,1,3265.1,41,1,3265.0,5,2,3266.2,20,2,3266.3,113,3,3266.4,90,5,3266.5,33,3,3266.6,298,7
11536,2025-12-30 13:20:47+05:30,3265.4,1,3251.85,1210830,119967.0,119510.0,3250.0,3266.3,3239.8,3251.5,45122525,3576.6,2926.4,4322.95,2866.6,3265.4,18,2,3265.3,54,5,3265.2,4,1,3265.1,41,1,3265.0,5,2,3266.2,27,3,3266.3,113,3,3266.4,90,5,3266.5,33,3,3266.6,298,7
11536,2025-12-30 13:20:48+05:30,3265.4,1,3251.85,1210830,119967.0,119510.0,3250.0,3266.3,3239.8,3251.5,45122525,3576.6,2926.4,4322.95,2866.6,3265.4,18,2,3265.3,54,5,3265.2,4,1,3265.1,41,1,3265.0,5,2,3266.2,27,3,3266.3,113,3,3266.4,90,5,3266.5,33,3,3266.6,298,7
11536,2025-12-30 13:20:48+05:30,3265.3,1,3251.85,1211005,119733.0,119425.0,3250.0,3266.3,3239.8,3251.5,45122525,3576.6,2926.4,4322.95,2866.6,3265.4,25,1,3265.3,2,1,3265.2,4,1,3265.0,5,2,3264.9,41,3,3266.2,39,4,3266.3,119,3,3266.4,274,6,3266.5,55,4,3266.6,101,5
11536,2025-12-30 13:20:49+05:30,3265.3,1,3251.85,1211005,119733.0,119425.0,3250.0,3266.3,3239.8,3251.5,45122525,3576.6,2926.4,4322.95,2866.6,3265.4,25,1,3265.3,2,1,3265.2,4,1,3265.0,5,2,3264.9,41,3,3266.2,39,4,3266.3,119,3,3266.4,274,6,3266.5,55,4,3266.6,101,5
11536,2025-12-30 13:20:49+05:30,3265.4,100,3251.85,1211180,119666.0,118919.0,3250.0,3266.3,3239.8,3251.5,45122525,3576.6,2926.4,4322.95,2866.6,3265.4,25,1,3265.3,77,3,3265.2,4,1,3265.0,5,2,3264.9,7,2,3266.2,14,1,3266.3,129,3,3266.4,20,2,3266.5,14,2,3266.6,242,5
11536,2025-12-30 13:20:50+05:30,3266.2,1,3251.85,1211180,119666.0,118919.0,3250.0,3266.3,3239.8,3251.5,45122525,3576.6,2926.4,4322.95,2866.6,3265.4,25,1,3265.3,77,3,3265.2,4,1,3265.0,5,2,3264.9,7,2,3266.2,14,1,3266.3,129,3,3266.4,20,2,3266.5,14,2,3266.6,242,5
11536,2025-12-30 13:20:50+05:30,3266.2,1,3251.85,1211181,120039.0,118659.0,3250.0,3266.3,3239.8,3251.5,45122525,3576.6,2926.4,4322.95,2866.6,3265.4,25,1,3265.3,77,3,3265.2,4,1,3265.0,39,3,3264.9,56,4,3266.2,13,1,3266.3,129,3,3266.4,40,3,3266.5,35,3,3266.6,222,4
11536,2025-12-30 13:20:51+05:30,3265.4,150,3251.85,1211181,120039.0,118659.0,3250.0,3266.3,3239.8,3251.5,45122525,3576.6,2926.4,4322.95,2866.6,3265.4,25,1,3265.3,77,3,3265.2,4,1,3265.0,39,3,3264.9,56,4,3266.2,13,1,3266.3,129,3,3266.4,40,3,3266.5,35,3,3266.6,222,4
11536,2025-12-30 13:20:51+05:30,3266.2,3,3251.86,1211359,119859.0,118645.0,3250.0,3266.3,3239.8,3251.5,45122525,3576.6,2926.4,4322.95,2866.6,3265.4,27,2,3265.3,2,1,3265.2,4,1,3265.0,39,3,3264.9,215,4,3266.2,36,2,3266.3,103,2,3266.4,62,4,3266.5,243,5,3266.6,68,4
11536,2025-12-30 13:20:52+05:30,3266.2,3,3251.86,1211359,119859.0,118645.0,3250.0,3266.3,3239.8,3251.5,45122525,3576.6,2926.4,4322.95,2866.6,3265.4,27,2,3265.3,2,1,3265.2,4,1,3265.0,39,3,3264.9,215,4,3266.2,36,2,3266.3,103,2,3266.4,62,4,3266.5,243,5,3266.6,68,4
11536,2025-12-30 13:20:52+05:30,3266.2,3,3251.86,1211359,119873.0,119169.0,3250.0,3266.3,3239.8,3251.5,45122525,3576.6,2926.4,4322.95,2866.6,3265.4,27,2,3265.3,2,1,3265.2,4,1,3265.0,39,3,3264.9,215,4,3266.2,36,2,3266.3,103,2,3266.4,95,5,3266.5,210,4,3266.6,86,4
11536,2025-12-30 13:20:53+05:30,3265.4,1,3251.86,1211359,119873.0,119169.0,3250.0,3266.3,3239.8,3251.5,45122525,3576.6,2926.4,4322.95,2866.6,3265.4,27,2,3265.3,2,1,3265.2,4,1,3265.0,39,3,3264.9,215,4,3266.2,36,2,3266.3,103,2,3266.4,95,5,3266.5,210,4,3266.6,86,4
11536,2025-12-30 13:20:53+05:30,3265.4,1,3251.86,1211361,118948.0,119291.0,3250.0,3266.3,3239.8,3251.5,45122525,3576.6,2926.4,4322.95,2866.6,3265.4,25,2,3265.3,2,1,3265.2,4,1,3265.0,39,3,3264.9,7,2,3266.2,46,3,3266.3,103,2,3266.4,276,6,3266.5,68,4,3266.6,47,3
11536,2025-12-30 13:20:54+05:30,3265.4,1,3251.86,1211361,118948.0,119291.0,3250.0,3266.3,3239.8,3251.5,45122525,3576.6,2926.4,4322.95,2866.6,3265.4,25,2,3265.3,2,1,3265.2,4,1,3265.0,39,3,3264.9,7,2,3266.2,46,3,3266.3,103,2,3266.4,276,6,3266.5,68,4,3266.6,47,3
11536,2025-12-30 13:20:54+05:30,3265.4,1,3251.86,1211362,119378.0,119289.0,3250.0,3266.3,3239.8,3251.5,45122525,3576.6,2926.4,4322.95,2866.6,3265.4,24,2,3265.3,2,1,3265.2,4,1,3265.0,39,3,3264.9,7,2,3266.2,46,3,3266.3,103,2,3266.4,309,7,3266.5,35,3,3266.6,47,3
11536,2025-12-30 13:20:55+05:30,3266.1,1,3251.86,1211362,119378.0,119289.0,3250.0,3266.3,3239.8,3251.5,45122525,3576.6,2926.4,4322.95,2866.6,3265.4,24,2,3265.3,2,1,3265.2,4,1,3265.0,39,3,3264.9,7,2,3266.2,46,3,3266.3,103,2,3266.4,309,7,3266.5,35,3,3266.6,47,3
11536,2025-12-30 13:20:55+05:30,3266.1,1,3251.86,1211418,119674.0,119331.0,3250.0,3266.3,3239.8,3251.5,45122525,3576.6,2926.4,4322.95,2866.6,3265.4,24,2,3265.3,2,1,3265.2,4,1,3265.0,39,3,3264.9,7,2,3266.1,165,1,3266.2,7,1,3266.3,103,2,3266.4,95,5,3266.5,35,3
11536,2025-12-30 13:20:56+05:30,3265.4,15,3251.86,1211418,119674.0,119331.0,3250.0,3266.3,3239.8,3251.5,45122525,3576.6,2926.4,4322.95,2866.6,3265.4,24,2,3265.3,2,1,3265.2,4,1,3265.0,39,3,3264.9,7,2,3266.1,165,1,3266.2,7,1,3266.3,103,2,3266.4,95,5,3266.5,35,3
11536,2025-12-30 13:20:56+05:30,3265.4,1,3251.86,1211434,119668.0,119343.0,3250.0,3266.3,3239.8,3251.5,45122525,3576.6,2926.4,4322.95,2866.6,3265.4,8,2,3265.3,2,1,3265.2,4,1,3265.0,39,3,3264.9,7,2,3266.1,165,1,3266.2,7,1,3266.3,103,2,3266.4,95,5,3266.5,35,3
11536,2025-12-30 13:20:57+05:30,3265.4,18,3251.86,1211434,119668.0,119343.0,3250.0,3266.3,3239.8,3251.5,45122525,3576.6,2926.4,4322.95,2866.6,3265.4,8,2,3265.3,2,1,3265.2,4,1,3265.0,39,3,3264.9,7,2,3266.1,165,1,3266.2,7,1,3266.3,103,2,3266.4,95,5,3266.5,35,3
11536,2025-12-30 13:20:57+05:30,3265.3,55,3251.86,1212070,119669.0,119479.0,3250.0,3266.3,3239.8,3251.5,45122525,3576.6,2926.4,4322.95,2866.6,3265.3,35,2,3265.2,23,2,3265.0,5,2,3264.9,200,6,3264.8,137,4,3266.2,54,1,3266.3,3,1,3266.4,5,1,3266.5,14,2,3266.6,280,3
11536,2025-12-30 13:20:58+05:30,3265.3,2,3251.86,1212070,119669.0,119479.0,3250.0,3266.3,3239.8,3251.5,45122525,3576.6,2926.4,4322.95,2866.6,3265.3,35,2,3265.2,23,2,3265.0,5,2,3264.9,200,6,3264.8,137,4,3266.2,54,1,3266.3,3,1,3266.4,5,1,3266.5,14,2,3266.6,280,3
11536,2025-12-30 13:20:58+05:30,3265.3,2,3251.86,1212072,119752.0,119475.0,3250.0,3266.3,3239.8,3251.5,45122525,3576.6,2926.4,4322.95,2866.6,3265.3,100,5,3265.2,4,1,3265.0,39,3,3264.9,254,8,3264.8,97,4,3266.2,54,1,3266.3,3,1,3266.4,5,1,3266.5,189,3,3266.6,105,2
11536,2025-12-30 13:20:59+05:30,3265.3,1,3251.86,1212072,119752.0,119475.0,3250.0,3266.3,3239.8,3251.5,45122525,3576.6,2926.4,4322.95,2866.6,3265.3,100,5,3265.2,4,1,3265.0,39,3,3264.9,254,8,3264.8,97,4,3266.2,54,1,3266.3,3,1,3266.4,5,1,3266.5,189,3,3266.6,105,2
11536,2025-12-30 13:20:59+05:30,3265.3,1,3251.86,1212073,118926.0,119527.0,3250.0,3266.3,3239.8,3251.5,45122525,3576.6,2926.4,4322.95,2866.6,3265.3,125,5,3265.2,4,1,3265.0,39,3,3264.9,247,7,3264.8,127,5,3266.2,54,1,3266.3,3,1,3266.4,30,2,3266.5,189,3,3266.6,105,2
11536,2025-12-30 13:21:00+05:30,3266.2,1,3251.86,1212074,120194.0,119503.0,3250.0,3266.3,3239.8,3251.5,45122525,3576.6,2926.4,4322.95,2866.6,3265.3,125,5,3265.2,4,1,3265.1,11,1,3265.0,39,3,3264.9,247,7,3266.2,53,1,3266.3,3,1,3266.4,5,1,3266.5,189,3,3266.6,105,2
11536,2025-12-30 13:21:01+05:30,3266.2,1,3251.86,1212074,120194.0,119503.0,3250.0,3266.3,3239.8,3251.5,45122525,3576.6,2926.4,4322.95,2866.6,3265.3,125,5,3265.2,4,1,3265.1,11,1,3265.0,39,3,3264.9,247,7,3266.2,53,1,3266.3,3,1,3266.4,5,1,3266.5,189,3,3266.6,105,2
11536,2025-12-30 13:21:01+05:30,3266.2,1,3251.86,1212076,120082.0,119518.0,3250.0,3266.3,3239.8,3251.5,45122525,3576.6,2926.4,4322.95,2866.6,3265.4,70,2,3265.3,72,4,3265.2,14,2,3265.1,11,1,3265.0,39,3,3266.2,51,1,3266.3,3,1,3266.4,5,1,3266.5,189,3,3266.6,105,2
11536,2025-12-30 13:21:02+05:30,3266.2,1,3251.86,1212076,120435.0,119148.0,3250.0,3266.3,3239.8,3251.5,45122525,3576.6,2926.4,4322.95,2866.6,3265.4,85,4,3265.3,123,6,3265.2,16,3,3265.1,11,1,3265.0,39,3,3266.2,51,1,3266.3,3,1,3266.4,5,1,3266.5,14,2,3266.6,105,2
11536,2025-12-30 13:21:03+05:30,3265.4,3,3251.86,1212076,120435.0,119148.0,3250.0,3266.3,3239.8,3251.5,45122525,3576.6,2926.4,4322.95,2866.6,3265.4,85,4,3265.3,123,6,3265.2,16,3,3265.1,11,1,3265.0,39,3,3266.2,51,1,3266.3,3,1,3266.4,5,1,3266.5,14,2,3266.6,105,2
11536,2025-12-30 13:21:03+05:30,3265.4,3,3251.86,1212082,120300.0,119718.0,3250.0,3266.3,3239.8,3251.5,45122525,3576.6,2926.4,4322.95,2866.6,3265.4,38,2,3265.3,52,2,3265.2,6,2,3265.1,43,2,3265.0,39,3,3266.2,93,3,3266.3,18,2,3266.4,24,2,3266.5,261,6,3266.6,165,4
11536,2025-12-30 13:21:04+05:30,3265.4,1,3251.86,1212130,118957.0,119240.0,3250.0,3266.3,3239.8,3251.5,45122525,3576.6,2926.4,4322.95,2866.6,3265.4,89,3,3265.3,58,3,3265.2,38,3,3265.1,11,1,3265.0,39,3,3266.2,46,3,3266.3,18,2,3266.4,5,1,3266.5,207,4,3266.6,127,3
11536,2025-12-30 13:21:05+05:30,3266.2,1,3251.86,1212130,118957.0,119240.0,3250.0,3266.3,3239.8,3251.5,45122525,3576.6,2926.4,4322.95,2866.6,3265.4,89,3,3265.3,58,3,3265.2,38,3,3265.1,11,1,3265.0,39,3,3266.2,46,3,3266.3,18,2,3266.4,5,1,3266.5,207,4,3266.6,127,3
11536,2025-12-30 13:21:05+05:30,3266.2,1,3251.86,1212132,120366.0,119649.0,3250.0,3266.3,3239.8,3251.5,45122525,3576.6,2926.4,4322.95,2866.6,3265.4,89,3,3265.3,90,4,3265.2,6,2,3265.1,11,1,3265.0,39,3,3266.2,43,2,3266.3,18,2,3266.4,30,2,3266.5,207,4,3266.6,149,4
11536,2025-12-30 13:21:06+05:30,3266.5,61,3251.86,1212132,120366.0,119649.0,3250.0,3266.3,3239.8,3251.5,45122525,3576.6,2926.4,4322.95,2866.6,3265.4,89,3,3265.3,90,4,3265.2,6,2,3265.1,11,1,3265.0,39,3,3266.2,43,2,3266.3,18,2,3266.4,30,2,3266.5,207,4,3266.6,149,4
11536,2025-12-30 13:21:06+05:30,3266.5,61,3251.87,1212333,120180.0,119633.0,3250.0,3266.5,3239.8,3251.5,45122525,3576.6,2926.4,4322.95,2866.6,3265.4,89,3,3265.3,90,4,3265.2,30,3,3265.1,11,1,3265.0,39,3,3266.5,154,4,3266.6,163,4,3266.7,67,3,3266.8,167,7,3266.9,323,8
11536,2025-12-30 13:21:07+05:30,3265.4,1,3251.87,1212333,120180.0,119633.0,3250.0,3266.5,3239.8,3251.5,45122525,3576.6,2926.4,4322.95,2866.6,3265.4,89,3,3265.3,90,4,3265.2,30,3,3265.1,11,1,3265.0,39,3,3266.5,154,4,3266.6,163,4,3266.7,67,3,3266.8,167,7,3266.9,323,8
11536,2025-12-30 13:21:07+05:30,3265.4,1,3251.87,1212334,120378.0,119659.0,3250.0,3266.5,3239.8,3251.5,45122525,3576.6,2926.4,4322.95,2866.6,3265.4,98,4,3265.3,90,4,3265.2,6,2,3265.0,39,3,3264.9,196,6,3266.5,154,4,3266.6,163,4,3266.7,67,3,3266.8,167,7,3266.9,323,8
11536,2025-12-30 13:21:08+05:30,3265.2,10,3251.87,1212334,120378.0,119659.0,3250.0,3266.5,3239.8,3251.5,45122525,3576.6,2926.4,4322.95,2866.6,3265.4,98,4,3265.3,90,4,3265.2,6,2,3265.0,39,3,3264.9,196,6,3266.5,154,4,3266.6,163,4,3266.7,67,3,3266.8,167,7,3266.9,323,8
11536,2025-12-30 13:21:08+05:30,3264.7,100,3251.87,1212859,117466.0,119093.0,3250.0,3266.5,3239.8,3251.5,45122525,3576.6,2926.4,4322.95,2866.6,3265.4,1,1,3264.6,384,6,3264.5,11,1,3264.4,56,2,3264.3,248,4,3265.8,58,4,3265.9,46,2,3266.0,139,2,3266.1,92,3,3266.2,38,1
11536,2025-12-30 13:21:09+05:30,3264.7,100,3251.87,1212859,117466.0,119093.0,3250.0,3266.5,3239.8,3251.5,45122525,3576.6,2926.4,4322.95,2866.6,3265.4,1,1,3264.6,384,6,3264.5,11,1,3264.4,56,2,3264.3,248,4,3265.8,58,4,3265.9,46,2,3266.0,139,2,3266.1,92,3,3266.2,38,1
11536,2025-12-30 13:21:09+05:30,3264.7,100,3251.87,1212859,117932.0,119590.0,3250.0,3266.5,3239.8,3251.5,45122525,3576.6,2926.4,4322.95,2866.6,3265.4,1,1,3264.6,384,6,3264.5,11,1,3264.4,56,2,3264.3,17,1,3265.6,175,1,3265.7,47,2,3265.8,18,2,3265.9,160,3,3266.0,25,1
11536,2025-12-30 13:21:10+05:30,3265.6,134,3251.87,1212859,117932.0,119590.0,3250.0,3266.5,3239.8,3251.5,45122525,3576.6,2926.4,4322.95,2866.6,3265.4,1,1,3264.6,384,6,3264.5,11,1,3264.4,56,2,3264.3,17,1,3265.6,175,1,3265.7,47,2,3265.8,18,2,3265.9,160,3,3266.0,25,1
11536,2025-12-30 13:21:10+05:30,3265.4,1,3251.87,1212995,118628.0,119067.0,3250.0,3266.5,3239.8,3251.5,45122525,3576.6,2926.4,4322.95,2866.6,3265.4,1,1,3264.8,3,1,3264.7,171,3,3264.6,384,6,3264.5,11,1,3265.6,40,1,3265.8,10,1,3265.9,152,2,3266.0,32,1,3266.1,50,3
11536,2025-12-30 13:21:11+05:30,3265.4,1,3251.87,1212995,118628.0,119067.0,3250.0,3266.5,3239.8,3251.5,45122525,3576.6,2926.4,4322.95,2866.6,3265.4,1,1,3264.8,3,1,3264.7,171,3,3264.6,384,6,3264.5,11,1,3265.6,40,1,3265.8,10,1,3265.9,152,2,3266.0,32,1,3266.1,50,3
11536,2025-12-30 13:21:11+05:30,3265.6,1,3251.87,1212998,118484.0,119279.0,3250.0,3266.5,3239.8,3251.5,45122525,3576.6,2926.4,4322.95,2866.6,3265.4,1,1,3264.8,3,1,3264.7,171,3,3264.6,384,6,3264.5,11,1,3265.6,37,1,3265.8,67,3,3265.9,152,2,3266.1,50,3,3266.3,232,4
11536,2025-12-30 13:21:12+05:30,3264.6,31,3251.87,1212998,118484.0,119279.0,3250.0,3266.5,3239.8,3251.5,45122525,3576.6,2926.4,4322.95,2866.6,3265.4,1,1,3264.8,3,1,3264.7,171,3,3264.6,384,6,3264.5,11,1,3265.6,37,1,3265.8,67,3,3265.9,152,2,3266.1,50,3,3266.3,232,4
11536,2025-12-30 13:21:12+05:30,3265.0,2,3251.87,1213072,117857.0,120992.0,3250.0,3266.5,3239.8,3251.5,45122525,3576.6,2926.4,4322.95,2866.6,3264.6,353,6,3264.5,11,1,3264.4,72,2,3264.3,67,2,3264.2,97,5,3265.0,13,1,3265.1,175,1,3265.5,10,1,3265.6,17,1,3265.7,175,2
11536,2025-12-30 13:21:13+05:30,3264.6,1,3251.87,1213072,117857.0,120992.0,3250.0,3266.5,3239.8,3251.5,45122525,3576.6,2926.4,4322.95,2866.6,3264.6,353,6,3264.5,11,1,3264.4,72,2,3264.3,67,2,3264.2,97,5,3265.0,13,1,3265.1,175,1,3265.5,10,1,3265.6,17,1,3265.7,175,2
11536,2025-12-30 13:21:13+05:30,3265.0,1,3251.87,1213074,118243.0,120442.0,3250.0,3266.5,3239.8,3251.5,45122525,3576.6,2926.4,4322.95,2866.6,3264.6,418,8,3264.5,11,1,3264.4,72,2,3264.3,118,4,3264.2,134,6,3265.0,12,1,3265.1,175,1,3265.4,21,1,3265.7,114,1,3265.9,91,4
11536,2025-12-30 13:21:14+05:30,3265.0,1,3251.87,1213074,118243.0,120442.0,3250.0,3266.5,3239.8,3251.5,45122525,3576.6,2926.4,4322.95,2866.6,3264.6,418,8,3264.5,11,1,3264.4,72,2,3264.3,118,4,3264.2,134,6,3265.0,12,1,3265.1,175,1,3265.4,21,1,3265.7,114,1,3265.9,91,4
11536,2025-12-30 13:21:14+05:30,3265.0,1,3251.87,1213074,118396.0,119307.0,3250.0,3266.5,3239.8,3251.5,45122525,3576.6,2926.4,4322.95,2866.6,3264.6,418,8,3264.5,11,1,3264.4,72,2,3264.3,118,4,3264.2,198,8,3265.0,12,1,3265.1,175,1,3265.4,26,2,3265.7,114,1,3265.9,69,3
11536,2025-12-30 13:21:15+05:30,3265.0,1,3251.87,1213074,118396.0,119307.0,3250.0,3266.5,3239.8,3251.5,45122525,3576.6,2926.4,4322.95,2866.6,3264.6,418,8,3264.5,11,1,3264.4,72,2,3264.3,118,4,3264.2,198,8,3265.0,12,1,3265.1,175,1,3265.4,26,2,3265.7,114,1,3265.9,69,3
11536,2025-12-30 13:21:15+05:30,3264.6,1,3251.87,1213076,118395.0,119306.0,3250.0,3266.5,3239.8,3251.5,45122525,3576.6,2926.4,4322.95,2866.6,3264.6,417,8,3264.5,11,1,3264.4,72,2,3264.3,118,4,3264.2,152,7,3265.0,11,1,3265.1,175,1,3265.4,26,2,3265.7,114,1,3265.9,69,3
11536,2025-12-30 13:21:16+05:30,3265.0,1,3251.87,1213076,118395.0,119306.0,3250.0,3266.5,3239.8,3251.5,45122525,3576.6,2926.4,4322.95,2866.6,3264.6,417,8,3264.5,11,1,3264.4,72,2,3264.3,118,4,3264.2,152,7,3265.0,11,1,3265.1,175,1,3265.4,26,2,3265.7,114,1,3265.9,69,3
11536,2025-12-30 13:21:16+05:30,3265.0,1,3251.87,1213078,118481.0,119172.0,3250.0,3266.5,3239.8,3251.5,45122525,3576.6,2926.4,4322.95,2866.6,3264.7,61,1,3264.6,417,8,3264.5,58,3,3264.4,91,3,3264.3,123,4,3265.0,9,1,3265.1,175,1,3265.4,26,2,3265.9,73,3,3266.0,131,3
11536,2025-12-30 13:21:17+05:30,3265.0,3,3251.87,1213081,118557.0,119171.0,3250.0,3266.5,3239.8,3251.5,45122525,3576.6,2926.4,4322.95,2866.6,3264.7,61,1,3264.6,417,8,3264.5,43,2,3264.4,72,2,3264.3,142,5,3265.0,6,1,3265.1,175,1,3265.4,26,2,3265.9,73,3,3266.0,141,4
11536,2025-12-30 13:21:18+05:30,3265.0,3,3251.87,1213081,118557.0,119171.0,3250.0,3266.5,3239.8,3251.5,45122525,3576.6,2926.4,4322.95,2866.6,3264.7,61,1,3264.6,417,8,3264.5,43,2,3264.4,72,2,3264.3,142,5,3265.0,6,1,3265.1,175,1,3265.4,26,2,3265.9,73,3,3266.0,141,4
11536,2025-12-30 13:21:18+05:30,3265.0,1,3251.87,1213082,118467.0,119196.0,3250.0,3266.5,3239.8,3251.5,45122525,3576.6,2926.4,4322.95,2866.6,3264.7,114,2,3264.6,417,8,3264.5,43,2,3264.4,109,3,3264.3,105,4,3265.0,5,1,3265.1,175,1,3265.4,26,2,3265.6,13,1,3265.9,73,3
11536,2025-12-30 13:21:19+05:30,3265.0,1,3251.87,1213082,118467.0,119196.0,3250.0,3266.5,3239.8,3251.5,45122525,3576.6,2926.4,4322.95,2866.6,3264.7,114,2,3264.6,417,8,3264.5,43,2,3264.4,109,3,3264.3,105,4,3265.0,5,1,3265.1,175,1,3265.4,26,2,3265.6,13,1,3265.9,73,3
11536,2025-12-30 13:21:19+05:30,3264.6,65,3251.88,1213287,118523.0,118696.0,3250.0,3266.5,3239.8,3251.5,45122525,3576.6,2926.4,4322.95,2866.6,3264.6,336,7,3264.5,43,2,3264.4,91,3,3264.3,86,3,3264.2,122,6,3265.0,5,1,3265.1,175,1,3265.4,26,2,3265.6,13,1,3265.8,23,2
11536,2025-12-30 13:21:20+05:30,3264.6,65,3251.88,1213287,118523.0,118696.0,3250.0,3266.5,3239.8,3251.5,45122525,3576.6,2926.4,4322.95,2866.6,3264.6,336,7,3264.5,43,2,3264.4,91,3,3264.3,86,3,3264.2,122,6,3265.0,5,1,3265.1,175,1,3265.4,26,2,3265.6,13,1,3265.8,23,2
11536,2025-12-30 13:21:20+05:30,3264.6,65,3251.88,1213287,118414.0,118851.0,3250.0,3266.5,3239.8,3251.5,45122525,3576.6,2926.4,4322.95,2866.6,3264.6,336,7,3264.5,43,2,3264.4,91,3,3264.3,86,3,3264.2,84,5,3265.0,5,1,3265.1,175,1,3265.4,6,2,3265.6,13,1,3265.8,23,2
11536,2025-12-30 13:21:21+05:30,3264.6,1,3251.88,1213303,118465.0,118942.0,3250.0,3266.5,3239.8,3251.5,45122525,3576.6,2926.4,4322.95,2866.6,3264.6,335,7,3264.5,30,2,3264.4,108,3,3264.3,86,3,3264.2,84,5,3265.3,160,1,3265.4,6,2,3265.6,13,1,3265.7,175,1,3265.8,3,1
11536,2025-12-30 13:21:22+05:30,3264.6,1,3251.88,1213303,118465.0,118942.0,3250.0,3266.5,3239.8,3251.5,45122525,3576.6,2926.4,4322.95,2866.6,3264.6,335,7,3264.5,30,2,3264.4,108,3,3264.3,86,3,3264.2,84,5,3265.3,160,1,3265.4,6,2,3265.6,13,1,3265.7,175,1,3265.8,3,1
11536,2025-12-30 13:21:22+05:30,3264.6,1,3251.88,1213303,118473.0,118088.0,3250.0,3266.5,3239.8,3251.5,45122525,3576.6,2926.4,4322.95,2866.6,3264.6,351,8,3264.5,44,2,3264.4,75,2,3264.3,105,4,3264.2,84,5,3265.0,351,2,3265.1,160,1,3265.4,6,2,3265.6,13,1,3265.7,175,1
11536,2025-12-30 13:21:23+05:30,3264.6,21,3251.88,1213303,118473.0,118088.0,3250.0,3266.5,3239.8,3251.5,45122525,3576.6,2926.4,4322.95,2866.6,3264.6,351,8,3264.5,44,2,3264.4,75,2,3264.3,105,4,3264.2,84,5,3265.0,351,2,3265.1,160,1,3265.4,6,2,3265.6,13,1,3265.7,175,1
11536,2025-12-30 13:21:23+05:30,3264.6,21,3251.88,1213660,117988.0,119748.0,3250.0,3266.5,3239.8,3251.5,45122525,3576.6,2926.4,4322.95,2866.6,3264.6,412,5,3264.5,11,1,3264.3,17,1,3264.2,34,2,3264.1,10,2,3265.0,350,1,3265.1,175,1,3265.4,6,2,3265.5,72,2,3265.6,30,2
11536,2025-12-30 13:21:24+05:30,3264.6,21,3251.88,1213660,117988.0,119748.0,3250.0,3266.5,3239.8,3251.5,45122525,3576.6,2926.4,4322.95,2866.6,3264.6,412,5,3264.5,11,1,3264.3,17,1,3264.2,34,2,3264.1,10,2,3265.0,350,1,3265.1,175,1,3265.4,6,2,3265.5,72,2,3265.6,30,2
11536,2025-12-30 13:21:24+05:30,3264.6,3,3251.88,1213663,118141.0,119676.0,3250.0,3266.5,3239.8,3251.5,45122525,3576.6,2926.4,4322.95,2866.6,3264.6,461,6,3264.5,11,1,3264.3,66,3,3264.2,1,1,3264.1,49,3,3265.0,350,1,3265.1,175,1,3265.4,6,2,3265.6,30,2,3265.7,175,1
11536,2025-12-30 13:21:25+05:30,3265.0,1,3251.88,1213663,118141.0,119676.0,3250.0,3266.5,3239.8,3251.5,45122525,3576.6,2926.4,4322.95,2866.6,3264.6,461,6,3264.5,11,1,3264.3,66,3,3264.2,1,1,3264.1,49,3,3265.0,350,1,3265.1,175,1,3265.4,6,2,3265.6,30,2,3265.7,175,1
11536,2025-12-30 13:21:25+05:30,3265.0,1,3251.88,1213664,118314.0,119508.0,3250.0,3266.5,3239.8,3251.5,45122525,3576.6,2926.4,4322.95,2866.6,3264.6,461,6,3264.5,11,1,3264.3,66,3,3264.2,1,1,3264.1,49,3,3265.0,349,1,3265.1,175,1,3265.4,6,2,3265.6,30,2,3265.7,175,1
11536,2025-12-30 13:21:26+05:30,3265.0,1,3251.88,1213664,118320.0,118430.0,3250.0,3266.5,3239.8,3251.5,45122525,3576.6,2926.4,4322.95,2866.6,3264.6,461,6,3264.5,11,1,3264.3,66,3,3264.2,1,1,3264.1,49,3,3265.0,349,1,3265.1,175,1,3265.4,6,2,3265.6,30,2,3265.7,175,1
11536,2025-12-30 13:21:27+05:30,3264.6,1,3251.88,1213665,118372.0,119830.0,3250.0,3266.5,3239.8,3251.5,45122525,3576.6,2926.4,4322.95,2866.6,3264.6,461,7,3264.5,11,1,3264.3,50,2,3264.2,1,1,3264.1,49,3,3265.0,349,1,3265.1,175,1,3265.4,6,2,3265.6,30,2,3265.7,175,1
11536,2025-12-30 13:21:28+05:30,3264.6,3,3251.88,1213665,118372.0,119830.0,3250.0,3266.5,3239.8,3251.5,45122525,3576.6,2926.4,4322.95,2866.6,3264.6,461,7,3264.5,11,1,3264.3,50,2,3264.2,1,1,3264.1,49,3,3265.0,349,1,3265.1,175,1,3265.4,6,2,3265.6,30,2,3265.7,175,1
11536,2025-12-30 13:21:28+05:30,3264.6,3,3251.88,1213668,118369.0,119836.0,3250.0,3266.5,3239.8,3251.5,45122525,3576.6,2926.4,4322.95,2866.6,3264.6,458,7,3264.5,11,1,3264.3,50,2,3264.2,1,1,3264.1,49,3,3265.0,349,1,3265.1,175,1,3265.4,12,4,3265.6,30,2,3265.7,175,1
11536,2025-12-30 13:21:29+05:30,3264.6,3,3251.88,1213668,118369.0,119836.0,3250.0,3266.5,3239.8,3251.5,45122525,3576.6,2926.4,4322.95,2866.6,3264.6,458,7,3264.5,11,1,3264.3,50,2,3264.2,1,1,3264.1,49,3,3265.0,349,1,3265.1,175,1,3265.4,12,4,3265.6,30,2,3265.7,175,1
11536,2025-12-30 13:21:30+05:30,3265.0,5,3251.88,1213668,118369.0,119836.0,3250.0,3266.5,3239.8,3251.5,45122525,3576.6,2926.4,4322.95,2866.6,3264.6,458,7,3264.5,11,1,3264.3,50,2,3264.2,1,1,3264.1,49,3,3265.0,349,1,3265.1,175,1,3265.4,12,4,3265.6,30,2,3265.7,175,1
11536,2025-12-30 13:21:30+05:30,3264.6,3,3251.88,1213676,118362.0,119786.0,3250.0,3266.5,3239.8,3251.5,45122525,3576.6,2926.4,4322.95,2866.6,3264.6,456,8,3264.5,11,1,3264.3,50,2,3264.2,1,1,3264.1,49,3,3265.0,544,2,3265.1,175,1,3265.4,12,4,3265.5,35,1,3265.6,72,3
11536,2025-12-30 13:21:31+05:30,3265.0,2,3251.88,1213676,118362.0,119786.0,3250.0,3266.5,3239.8,3251.5,45122525,3576.6,2926.4,4322.95,2866.6,3264.6,456,8,3264.5,11,1,3264.3,50,2,3264.2,1,1,3264.1,49,3,3265.0,544,2,3265.1,175,1,3265.4,12,4,3265.5,35,1,3265.6,72,3
11536,2025-12-30 13:21:31+05:30,3265.0,2,3251.88,1213680,118333.0,120059.0,3250.0,3266.5,3239.8,3251.5,45122525,3576.6,2926.4,4322.95,2866.6,3264.6,457,9,3264.5,11,1,3264.3,17,1,3264.2,1,1,3264.1,52,3,3265.0,554,3,3265.1,175,1,3265.4,12,4,3265.5,77,2,3265.6,52,3
11536,2025-12-30 13:21:32+05:30,3265.0,2,3251.88,1213680,118333.0,120059.0,3250.0,3266.5,3239.8,3251.5,45122525,3576.6,2926.4,4322.95,2866.6,3264.6,457,9,3264.5,11,1,3264.3,17,1,3264.2,1,1,3264.1,52,3,3265.0,554,3,3265.1,175,1,3265.4,12,4,3265.5,77,2,3265.6,52,3
11536,2025-12-30 13:21:32+05:30,3264.6,1,3251.88,1213681,118339.0,120014.0,3250.0,3266.5,3239.8,3251.5,45122525,3576.6,2926.4,4322.95,2866.6,3264.6,456,9,3264.5,11,1,3264.3,17,1,3264.2,36,2,3264.1,70,4,3265.0,569,4,3265.1,175,1,3265.4,12,4,3265.6,52,3,3265.7,175,1
11536,2025-12-30 13:21:33+05:30,3264.6,1,3251.88,1213681,118339.0,120014.0,3250.0,3266.5,3239.8,3251.5,45122525,3576.6,2926.4,4322.95,2866.6,3264.6,456,9,3264.5,11,1,3264.3,17,1,3264.2,36,2,3264.1,70,4,3265.0,569,4,3265.1,175,1,3265.4,12,4,3265.6,52,3,3265.7,175,1
11536,2025-12-30 13:21:33+05:30,3264.6,175,3251.88,1213861,117906.0,119278.0,3250.0,3266.5,3239.8,3251.5,45122525,3576.6,2926.4,4322.95,2866.6,3264.6,278,8,3264.5,11,1,3264.3,17,1,3264.2,1,1,3264.1,10,2,3265.0,741,5,3265.3,16,1,3265.4,54,6,3265.5,35,1,3265.6,210,3
11536,2025-12-30 13:21:34+05:30,3264.6,175,3251.88,1213861,117906.0,119278.0,3250.0,3266.5,3239.8,3251.5,45122525,3576.6,2926.4,4322.95,2866.6,3264.6,278,8,3264.5,11,1,3264.3,17,1,3264.2,1,1,3264.1,10,2,3265.0,741,5,3265.3,16,1,3265.4,54,6,3265.5,35,1,3265.6,210,3
11536,2025-12-30 13:21:34+05:30,3265.0,18,3251.88,1213880,117852.0,119992.0,3250.0,3266.5,3239.8,3251.5,45122525,3576.6,2926.4,4322.95,2866.6,3264.6,278,8,3264.5,11,1,3264.3,17,1,3264.2,1,1,3264.1,10,2,3265.0,722,5,3265.4,47,5,3265.5,19,1,3265.6,210,3,3265.7,71,2
11536,2025-12-30 13:21:35+05:30,3265.0,1,3251.88,1213880,117852.0,119992.0,3250.0,3266.5,3239.8,3251.5,45122525,3576.6,2926.4,4322.95,2866.6,3264.6,278,8,3264.5,11,1,3264.3,17,1,3264.2,1,1,3264.1,10,2,3265.0,722,5,3265.4,47,5,3265.5,19,1,3265.6,210,3,3265.7,71,2
11536,2025-12-30 13:21:35+05:30,3265.0,1,3251.88,1213881,117838.0,119464.0,3250.0,3266.5,3239.8,3251.5,45122525,3576.6,2926.4,4322.95,2866.6,3264.6,278,8,3264.5,11,1,3264.3,17,1,3264.2,1,1,3264.1,10,2,3265.0,721,5,3265.4,47,5,3265.5,19,1,3265.6,210,3,3265.7,71,2
11536,2025-12-30 13:21:36+05:30,3265.0,1,3251.88,1213881,117838.0,119464.0,3250.0,3266.5,3239.8,3251.5,45122525,3576.6,2926.4,4322.95,2866.6,3264.6,278,8,3264.5,11,1,3264.3,17,1,3264.2,1,1,3264.1,10,2,3265.0,721,5,3265.4,47,5,3265.5,19,1,3265.6,210,3,3265.7,71,2
11536,2025-12-30 13:21:36+05:30,3265.0,20,3251.88,1213902,117817.0,119291.0,3250.0,3266.5,3239.8,3251.5,45122525,3576.6,2926.4,4322.95,2866.6,3264.6,278,8,3264.5,11,1,3264.3,17,1,3264.2,1,1,3264.1,28,3,3265.0,700,5,3265.4,47,5,3265.5,19,1,3265.6,210,3,3265.7,71,2
11536,2025-12-30 13:21:37+05:30,3264.6,5,3251.88,1213902,117817.0,119291.0,3250.0,3266.5,3239.8,3251.5,45122525,3576.6,2926.4,4322.95,2866.6,3264.6,278,8,3264.5,11,1,3264.3,17,1,3264.2,1,1,3264.1,28,3,3265.0,700,5,3265.4,47,5,3265.5,19,1,3265.6,210,3,3265.7,71,2
11536,2025-12-30 13:21:37+05:30,3265.0,4,3251.88,1213912,117822.0,119360.0,3250.0,3266.5,3239.8,3251.5,45122525,3576.6,2926.4,4322.95,2866.6,3264.6,273,8,3264.5,11,1,3264.3,17,1,3264.2,1,1,3264.1,28,3,3265.0,727,6,3265.4,47,5,3265.5,61,2,3265.6,210,3,3265.7,71,2
11536,2025-12-30 13:21:38+05:30,3265.0,4,3251.88,1213912,117822.0,119360.0,3250.0,3266.5,3239.8,3251.5,45122525,3576.6,2926.4,4322.95,2866.6,3264.6,273,8,3264.5,11,1,3264.3,17,1,3264.2,1,1,3264.1,28,3,3265.0,727,6,3265.4,47,5,3265.5,61,2,3265.6,210,3,3265.7,71,2
11536,2025-12-30 13:21:38+05:30,3264.6,1,3251.88,1213913,118130.0,119503.0,3250.0,3266.5,3239.8,3251.5,45122525,3576.6,2926.4,4322.95,2866.6,3264.6,272,8,3264.5,11,1,3264.3,33,2,3264.2,1,1,3264.1,10,2,3265.0,727,6,3265.4,47,5,3265.5,42,1,3265.6,188,2,3265.8,131,5
11536,2025-12-30 13:21:39+05:30,3265.2,23,3251.88,1213913,118130.0,119503.0,3250.0,3266.5,3239.8,3251.5,45122525,3576.6,2926.4,4322.95,2866.6,3264.6,272,8,3264.5,11,1,3264.3,33,2,3264.2,1,1,3264.1,10,2,3265.0,727,6,3265.4,47,5,3265.5,42,1,3265.6,188,2,3265.8,131,5
11536,2025-12-30 13:21:39+05:30,3265.1,10,3251.92,1217322,118411.0,118603.0,3250.0,3266.9,3239.8,3251.5,45122525,3576.6,2926.4,4322.95,2866.6,3265.1,32,1,3265.0,38,2,3264.7,70,3,3264.6,377,10,3264.5,14,2,3265.6,175,1,3266.3,175,1,3266.6,29,2,3266.7,23,1,3266.8,46,3
11536,2025-12-30 13:21:40+05:30,3265.1,10,3251.92,1217322,118411.0,118603.0,3250.0,3266.9,3239.8,3251.5,45122525,3576.6,2926.4,4322.95,2866.6,3265.1,32,1,3265.0,38,2,3264.7,70,3,3264.6,377,10,3264.5,14,2,3265.6,175,1,3266.3,175,1,3266.6,29,2,3266.7,23,1,3266.8,46,3
11536,2025-12-30 13:21:40+05:30,3265.1,10,3251.92,1217322,118421.0,117389.0,3250.0,3266.9,3239.8,3251.5,45122525,3576.6,2926.4,4322.95,2866.6,3265.1,32,1,3265.0,38,2,3264.7,24,2,3264.6,423,11,3264.5,14,2,3265.6,175,1,3266.3,175,1,3266.4,51,2,3266.6,71,4,3266.8,66,4
11536,2025-12-30 13:21:41+05:30,3265.1,10,3251.92,1217322,118421.0,117319.0,3250.0,3266.9,3239.8,3251.5,45122525,3576.6,2926.4,4322.95,2866.6,3265.1,32,1,3265.0,38,2,3264.7,24,2,3264.6,423,11,3264.5,14,2,3265.6,175,1,3266.3,175,1,3266.4,51,2,3266.6,71,4,3266.8,66,4
11536,2025-12-30 13:21:42+05:30,3265.6,88,3251.92,1217413,119774.0,116263.0,3250.0,3266.9,3239.8,3251.5,45122525,3576.6,2926.4,4322.95,2866.6,3265.1,32,1,3265.0,59,3,3264.9,53,2,3264.8,168,2,3264.7,242,4,3266.1,84,1,3266.2,21,1,3266.6,21,1,3266.7,187,2,3266.8,70,4
11536,2025-12-30 13:21:43+05:30,3265.1,1,3251.92,1217413,119774.0,116263.0,3250.0,3266.9,3239.8,3251.5,45122525,3576.6,2926.4,4322.95,2866.6,3265.1,32,1,3265.0,59,3,3264.9,53,2,3264.8,168,2,3264.7,242,4,3266.1,84,1,3266.2,21,1,3266.6,21,1,3266.7,187,2,3266.8,70,4
11536,2025-12-30 13:21:43+05:30,3265.1,1,3251.92,1217414,119825.0,118920.0,3250.0,3266.9,3239.8,3251.5,45122525,3576.6,2926.4,4322.95,2866.6,3265.3,44,1,3265.2,37,1,3265.1,10,1,3264.9,87,3,3264.8,33,2,3266.0,84,1,3266.6,205,2,3266.7,175,1,3266.8,36,2,3266.9,97,4
11536,2025-12-30 13:21:44+05:30,3264.8,1,3251.92,1217415,119422.0,119210.0,3250.0,3266.9,3239.8,3251.5,45122525,3576.6,2926.4,4322.95,2866.6,3264.8,46,2,3264.7,20,2,3264.6,275,9,3264.5,11,1,3264.4,204,8,3265.5,134,2,3266.2,30,1,3266.3,30,1,3266.4,195,2,3266.5,204,3
11536,2025-12-30 13:21:45+05:30,3265.5,1,3251.92,1217415,119422.0,119210.0,3250.0,3266.9,3239.8,3251.5,45122525,3576.6,2926.4,4322.95,2866.6,3264.8,46,2,3264.7,20,2,3264.6,275,9,3264.5,11,1,3264.4,204,8,3265.5,134,2,3266.2,30,1,3266.3,30,1,3266.4,195,2,3266.5,204,3
11536,2025-12-30 13:21:45+05:30,3264.8,1,3251.92,1217417,119548.0,119164.0,3250.0,3266.9,3239.8,3251.5,45122525,3576.6,2926.4,4322.95,2866.6,3264.8,130,3,3264.7,64,3,3264.6,275,9,3264.5,76,3,3264.4,120,5,3265.5,133,2,3266.2,30,1,3266.3,30,1,3266.4,195,2,3266.5,204,3
11536,2025-12-30 13:21:46+05:30,3265.5,1,3251.92,1217417,119548.0,119164.0,3250.0,3266.9,3239.8,3251.5,45122525,3576.6,2926.4,4322.95,2866.6,3264.8,130,3,3264.7,64,3,3264.6,275,9,3264.5,76,3,3264.4,120,5,3265.5,133,2,3266.2,30,1,3266.3,30,1,3266.4,195,2,3266.5,204,3
11536,2025-12-30 13:21:46+05:30,3264.8,20,3251.92,1217439,119528.0,119164.0,3250.0,3266.9,3239.8,3251.5,45122525,3576.6,2926.4,4322.95,2866.6,3264.8,110,3,3264.7,64,3,3264.6,275,9,3264.5,76,3,3264.4,120,5,3265.5,131,2,3266.2,30,1,3266.3,30,1,3266.4,195,2,3266.5,204,3
11536,2025-12-30 13:21:47+05:30,3264.8,20,3251.92,1217439,119528.0,119164.0,3250.0,3266.9,3239.8,3251.5,45122525,3576.6,2926.4,4322.95,2866.6,3264.8,110,3,3264.7,64,3,3264.6,275,9,3264.5,76,3,3264.4,120,5,3265.5,131,2,3266.2,30,1,3266.3,30,1,3266.4,195,2,3266.5,204,3
11536,2025-12-30 13:21:47+05:30,3264.8,20,3251.92,1217439,119380.0,115951.0,3250.0,3266.9,3239.8,3251.5,45122525,3576.6,2926.4,4322.95,2866.6,3264.8,111,4,3264.7,64,3,3264.6,272,8,3264.5,11,1,3264.4,90,4,3265.4,84,1,3265.5,47,1,3265.8,34,1,3265.9,100,1,3266.1,18,1
11536,2025-12-30 13:21:48+05:30,3264.8,1,3251.92,1217440,119389.0,118857.0,3250.0,3266.9,3239.8,3251.5,45122525,3576.6,2926.4,4322.95,2866.6,3264.8,110,4,3264.7,64,3,3264.6,272,8,3264.5,11,1,3264.4,90,4,3265.4,84,1,3265.5,47,1,3265.8,34,1,3265.9,100,1,3266.0,175,1
11536,2025-12-30 13:21:49+05:30,3264.8,1,3251.92,1217440,119389.0,118857.0,3250.0,3266.9,3239.8,3251.5,45122525,3576.6,2926.4,4322.95,2866.6,3264.8,110,4,3264.7,64,3,3264.6,272,8,3264.5,11,1,3264.4,90,4,3265.4,84,1,3265.5,47,1,3265.8,34,1,3265.9,100,1,3266.0,175,1
11536,2025-12-30 13:21:49+05:30,3264.8,1,3251.92,1217441,119387.0,118952.0,3250.0,3266.9,3239.8,3251.5,45122525,3576.6,2926.4,4322.95,2866.6,3264.8,109,4,3264.7,64,3,3264.6,272,8,3264.5,11,1,3264.4,90,4,3265.4,84,1,3265.5,47,1,3265.8,34,1,3265.9,119,2,3266.0,175,1
11536,2025-12-30 13:21:50+05:30,3264.8,1,3251.92,1217441,119387.0,118952.0,3250.0,3266.9,3239.8,3251.5,45122525,3576.6,2926.4,4322.95,2866.6,3264.8,109,4,3264.7,64,3,3264.6,272,8,3264.5,11,1,3264.4,90,4,3265.4,84,1,3265.5,47,1,3265.8,34,1,3265.9,119,2,3266.0,175,1
11536,2025-12-30 13:21:50+05:30,3265.4,2,3251.92,1217443,119367.0,118967.0,3250.0,3266.9,3239.8,3251.5,45122525,3576.6,2926.4,4322.95,2866.6,3264.8,110,5,3264.7,64,3,3264.6,272,8,3264.5,30,2,3264.4,90,4,3265.4,82,1,3265.5,47,1,3265.8,34,1,3265.9,119,2,3266.0,175,1
11536,2025-12-30 13:21:51+05:30,3264.8,3,3251.92,1217443,119367.0,118967.0,3250.0,3266.9,3239.8,3251.5,45122525,3576.6,2926.4,4322.95,2866.6,3264.8,110,5,3264.7,64,3,3264.6,272,8,3264.5,30,2,3264.4,90,4,3265.4,82,1,3265.5,47,1,3265.8,34,1,3265.9,119,2,3266.0,175,1
11536,2025-12-30 13:21:51+05:30,3265.4,3,3251.92,1217449,118389.0,119020.0,3250.0,3266.9,3239.8,3251.5,45122525,3576.6,2926.4,4322.95,2866.6,3264.8,107,5,3264.7,64,3,3264.6,288,9,3264.5,11,1,3264.4,136,5,3265.4,79,1,3265.5,47,1,3265.9,100,1,3266.0,225,2,3266.1,18,1
11536,2025-12-30 13:21:52+05:30,3265.5,41,3251.92,1217449,118389.0,119020.0,3250.0,3266.9,3239.8,3251.5,45122525,3576.6,2926.4,4322.95,2866.6,3264.8,107,5,3264.7,64,3,3264.6,288,9,3264.5,11,1,3264.4,136,5,3265.4,79,1,3265.5,47,1,3265.9,100,1,3266.0,225,2,3266.1,18,1
11536,2025-12-30 13:21:52+05:30,3265.5,41,3251.93,1217569,118565.0,119023.0,3250.0,3266.9,3239.8,3251.5,45122525,3576.6,2926.4,4322.95,2866.6,3264.9,96,4,3264.8,102,4,3264.7,20,2,3264.6,318,9,3264.5,14,2,3265.5,6,1,3265.9,100,1,3266.0,225,2,3266.2,46,2,3266.3,30,1
11536,2025-12-30 13:21:53+05:30,3264.8,46,3251.93,1217569,118565.0,119023.0,3250.0,3266.9,3239.8,3251.5,45122525,3576.6,2926.4,4322.95,2866.6,3264.9,96,4,3264.8,102,4,3264.7,20,2,3264.6,318,9,3264.5,14,2,3265.5,6,1,3265.9,100,1,3266.0,225,2,3266.2,46,2,3266.3,30,1
11536,2025-12-30 13:21:53+05:30,3264.8,46,3251.93,1217747,118328.0,120987.0,3250.0,3266.9,3239.8,3251.5,45122525,3576.6,2926.4,4322.95,2866.6,3264.8,40,2,3264.7,10,1,3264.6,272,8,3264.5,11,1,3264.4,56,2,3264.9,250,1,3265.5,178,2,3265.9,100,1,3266.0,247,3,3266.1,23,1
11536,2025-12-30 13:21:54+05:30,3264.8,3,3251.93,1217747,118328.0,120987.0,3250.0,3266.9,3239.8,3251.5,45122525,3576.6,2926.4,4322.95,2866.6,3264.8,40,2,3264.7,10,1,3264.6,272,8,3264.5,11,1,3264.4,56,2,3264.9,250,1,3265.5,178,2,3265.9,100,1,3266.0,247,3,3266.1,23,1
11536,2025-12-30 13:21:54+05:30,3264.8,3,3251.93,1217790,117762.0,121849.0,3250.0,3266.9,3239.8,3251.5,45122525,3576.6,2926.4,4322.95,2866.6,3264.6,272,8,3264.5,11,1,3264.3,54,2,3264.2,1,1,3264.1,33,3,3264.7,250,1,3264.8,207,1,3264.9,250,1,3265.2,11,1,3265.4,33,2
11536,2025-12-30 13:21:55+05:30,3264.5,35,3251.93,1217790,117762.0,121849.0,3250.0,3266.9,3239.8,3251.5,45122525,3576.6,2926.4,4322.95,2866.6,3264.6,272,8,3264.5,11,1,3264.3,54,2,3264.2,1,1,3264.1,33,3,3264.7,250,1,3264.8,207,1,3264.9,250,1,3265.2,11,1,3265.4,33,2
11536,2025-12-30 13:21:55+05:30,3264.3,1,3251.93,1218409,114488.0,120980.0,3250.0,3266.9,3239.8,3251.5,45122525,3576.6,2926.4,4322.95,2866.6,3264.3,16,1,3264.2,1,1,3264.1,46,3,3264.0,22,3,3263.9,16,4,3264.4,133,1,3264.7,249,1,3264.8,207,1,3264.9,250,1,3265.1,175,1
11536,2025-12-30 13:21:56+05:30,3264.4,1,3251.93,1218409,114488.0,120980.0,3250.0,3266.9,3239.8,3251.5,45122525,3576.6,2926.4,4322.95,2866.6,3264.3,16,1,3264.2,1,1,3264.1,46,3,3264.0,22,3,3263.9,16,4,3264.4,133,1,3264.7,249,1,3264.8,207,1,3264.9,250,1,3265.1,175,1
11536,2025-12-30 13:21:56+05:30,3264.4,1,3251.93,1218435,114555.0,122001.0,3250.0,3266.9,3239.8,3251.5,45122525,3576.6,2926.4,4322.95,2866.6,3264.3,16,1,3264.2,1,1,3264.1,30,2,3264.0,22,3,3263.9,16,4,3264.4,871,5,3264.7,249,1,3264.8,226,2,3264.9,272,2,3265.1,256,3
11536,2025-12-30 13:21:57+05:30,3264.3,147,3251.93,1218435,114555.0,122001.0,3250.0,3266.9,3239.8,3251.5,45122525,3576.6,2926.4,4322.95,2866.6,3264.3,16,1,3264.2,1,1,3264.1,30,2,3264.0,22,3,3263.9,16,4,3264.4,871,5,3264.7,249,1,3264.8,226,2,3264.9,272,2,3265.1,256,3
11536,2025-12-30 13:21:57+05:30,3264.2,9,3251.94,1218592,114359.0,122042.0,3250.0,3266.9,3239.8,3251.5,45122525,3576.6,2926.4,4322.95,2866.6,3264.1,7,1,3264.0,5,2,3263.9,13,3,3263.7,3,1,3263.6,68,4,3264.2,241,1,3264.3,103,1,3264.4,870,5,3264.7,249,1,3264.8,226,2
11536,2025-12-30 13:21:58+05:30,3264.0,1,3251.94,1218592,114359.0,122042.0,3250.0,3266.9,3239.8,3251.5,45122525,3576.6,2926.4,4322.95,2866.6,3264.1,7,1,3264.0,5,2,3263.9,13,3,3263.7,3,1,3263.6,68,4,3264.2,241,1,3264.3,103,1,3264.4,870,5,3264.7,249,1,3264.8,226,2
11536,2025-12-30 13:21:58+05:30,3263.9,3,3251.94,1218813,113460.0,124081.0,3250.0,3266.9,3239.8,3251.5,45122525,3576.6,2926.4,4322.95,2866.6,3263.6,31,3,3263.5,9,1,3263.4,47,3,3263.3,37,1,3263.2,245,6,3263.9,136,1,3264.0,203,1,3264.1,195,2,3264.2,252,2,3264.3,103,1
11536,2025-12-30 13:21:59+05:30,3263.9,85,3251.94,1218813,113460.0,124081.0,3250.0,3266.9,3239.8,3251.5,45122525,3576.6,2926.4,4322.95,2866.6,3263.6,31,3,3263.5,9,1,3263.4,47,3,3263.3,37,1,3263.2,245,6,3263.9,136,1,3264.0,203,1,3264.1,195,2,3264.2,252,2,3264.3,103,1
11536,2025-12-30 13:21:59+05:30,3263.9,85,3251.94,1218898,113534.0,123996.0,3250.0,3266.9,3239.8,3251.5,45122525,3576.6,2926.4,4322.95,2866.6,3263.6,31,3,3263.5,9,1,3263.4,47,3,3263.3,37,1,3263.2,245,6,3263.9,51,1,3264.0,203,1,3264.1,195,2,3264.2,252,2,3264.3,103,1
11536,2025-12-30 13:22:00+05:30,3264.4,1,3251.94,1218898,113534.0,123996.0,3250.0,3266.9,3239.8,3251.5,45122525,3576.6,2926.4,4322.95,2866.6,3263.6,31,3,3263.5,9,1,3263.4,47,3,3263.3,37,1,3263.2,245,6,3263.9,51,1,3264.0,203,1,3264.1,195,2,3264.2,252,2,3264.3,103,1
11536,2025-12-30 13:22:00+05:30,3264.4,1,3251.96,1220560,116498.0,120548.0,3250.0,3266.9,3239.8,3251.5,45122525,3576.6,2926.4,4322.95,2866.6,3264.4,116,4,3264.3,10,1,3264.2,79,6,3264.1,35,3,3263.8,272,8,3264.7,249,1,3264.8,207,1,3264.9,250,1,3265.5,178,2,3265.8,21,1
11536,2025-12-30 13:22:01+05:30,3264.7,1,3251.96,1220560,116498.0,120548.0,3250.0,3266.9,3239.8,3251.5,45122525,3576.6,2926.4,4322.95,2866.6,3264.4,116,4,3264.3,10,1,3264.2,79,6,3264.1,35,3,3263.8,272,8,3264.7,249,1,3264.8,207,1,3264.9,250,1,3265.5,178,2,3265.8,21,1
11536,2025-12-30 13:22:01+05:30,3264.7,1,3251.96,1220561,116548.0,122129.0,3250.0,3266.9,3239.8,3251.5,45122525,3576.6,2926.4,4322.95,2866.6,3264.4,101,3,3264.2,69,5,3264.1,35,3,3263.8,97,7,3263.7,297,7,3264.7,248,1,3264.8,207,1,3264.9,250,1,3265.4,175,1,3265.5,3,1
11536,2025-12-30 13:22:02+05:30,3264.7,1,3251.96,1220561,116556.0,122318.0,3250.0,3266.9,3239.8,3251.5,45122525,3576.6,2926.4,4322.95,2866.6,3264.4,101,3,3264.2,53,4,3264.1,35,3,3263.8,116,8,3263.7,122,6,3264.7,248,1,3264.8,207,1,3264.9,250,1,3265.4,175,1,3265.5,3,1
11536,2025-12-30 13:22:03+05:30,3264.7,1,3251.96,1220561,116602.0,122195.0,3250.0,3266.9,3239.8,3251.5,45122525,3576.6,2926.4,4322.95,2866.6,3264.4,86,2,3264.2,46,3,3264.1,35,3,3263.8,116,8,3263.7,122,6,3264.7,248,1,3264.8,207,1,3264.9,250,1,3265.4,175,1,3265.5,3,1
11536,2025-12-30 13:22:04+05:30,3264.4,1,3251.96,1220561,116602.0,122195.0,3250.0,3266.9,3239.8,3251.5,45122525,3576.6,2926.4,4322.95,2866.6,3264.4,86,2,3264.2,46,3,3264.1,35,3,3263.8,116,8,3263.7,122,6,3264.7,248,1,3264.8,207,1,3264.9,250,1,3265.4,175,1,3265.5,3,1
11536,2025-12-30 13:22:04+05:30,3264.4,1,3251.96,1220562,115930.0,122237.0,3250.0,3266.9,3239.8,3251.5,45122525,3576.6,2926.4,4322.95,2866.6,3264.2,26,2,3264.1,3,1,3264.0,39,1,3263.9,105,3,3263.8,116,8,3264.7,248,1,3264.8,210,2,3264.9,250,1,3265.4,175,1,3265.5,3,1
11536,2025-12-30 13:22:05+05:30,3264.7,1,3251.96,1220562,115930.0,122237.0,3250.0,3266.9,3239.8,3251.5,45122525,3576.6,2926.4,4322.95,2866.6,3264.2,26,2,3264.1,3,1,3264.0,39,1,3263.9,105,3,3263.8,116,8,3264.7,248,1,3264.8,210,2,3264.9,250,1,3265.4,175,1,3265.5,3,1
11536,2025-12-30 13:22:05+05:30,3264.7,1,3251.96,1220563,115810.0,122245.0,3250.0,3266.9,3239.8,3251.5,45122525,3576.6,2926.4,4322.95,2866.6,3264.2,74,3,3264.1,3,1,3264.0,39,1,3263.9,105,3,3263.8,116,8,3264.7,247,1,3264.8,210,2,3264.9,250,1,3265.4,175,1,3265.5,3,1
11536,2025-12-30 13:22:06+05:30,3264.2,1,3251.96,1220564,115183.0,122078.0,3250.0,3266.9,3239.8,3251.5,45122525,3576.6,2926.4,4322.95,2866.6,3264.2,73,3,3264.1,3,1,3264.0,39,1,3263.9,105,3,3263.8,95,7,3264.7,247,1,3264.8,210,2,3264.9,250,1,3265.4,175,1,3265.5,3,1
11536,2025-12-30 13:22:07+05:30,3264.2,1,3251.96,1220564,115183.0,122078.0,3250.0,3266.9,3239.8,3251.5,45122525,3576.6,2926.4,4322.95,2866.6,3264.2,73,3,3264.1,3,1,3264.0,39,1,3263.9,105,3,3263.8,95,7,3264.7,247,1,3264.8,210,2,3264.9,250,1,3265.4,175,1,3265.5,3,1
11536,2025-12-30 13:22:07+05:30,3264.2,1,3251.96,1220564,115094.0,121720.0,3250.0,3266.9,3239.8,3251.5,45122525,3576.6,2926.4,4322.95,2866.6,3264.2,57,2,3264.1,3,1,3264.0,55,2,3263.9,58,2,3263.8,98,7,3264.7,247,1,3264.8,210,2,3264.9,250,1,3265.4,175,1,3265.5,3,1
11536,2025-12-30 13:22:08+05:30,3264.7,1,3251.96,1220564,115094.0,121720.0,3250.0,3266.9,3239.8,3251.5,45122525,3576.6,2926.4,4322.95,2866.6,3264.2,57,2,3264.1,3,1,3264.0,55,2,3263.9,58,2,3263.8,98,7,3264.7,247,1,3264.8,210,2,3264.9,250,1,3265.4,175,1,3265.5,3,1
11536,2025-12-30 13:22:08+05:30,3264.7,1,3251.96,1220565,115142.0,121719.0,3250.0,3266.9,3239.8,3251.5,45122525,3576.6,2926.4,4322.95,2866.6,3264.2,58,3,3264.1,3,1,3264.0,55,2,3263.9,58,2,3263.8,145,8,3264.7,246,1,3264.8,210,2,3264.9,250,1,3265.4,175,1,3265.5,3,1
11536,2025-12-30 13:22:09+05:30,3264.7,123,3251.96,1220565,115142.0,121719.0,3250.0,3266.9,3239.8,3251.5,45122525,3576.6,2926.4,4322.95,2866.6,3264.2,58,3,3264.1,3,1,3264.0,55,2,3263.9,58,2,3263.8,145,8,3264.7,246,1,3264.8,210,2,3264.9,250,1,3265.4,175,1,3265.5,3,1
11536,2025-12-30 13:22:09+05:30,3264.7,123,3251.96,1220688,115630.0,121928.0,3250.0,3266.9,3239.8,3251.5,45122525,3576.6,2926.4,4322.95,2866.6,3264.2,110,5,3264.1,3,1,3264.0,63,2,3263.9,58,2,3263.8,98,7,3264.7,123,1,3264.8,210,2,3264.9,250,1,3265.4,175,1,3265.5,3,1
11536,2025-12-30 13:22:10+05:30,3264.2,31,3251.96,1220688,115630.0,121928.0,3250.0,3266.9,3239.8,3251.5,45122525,3576.6,2926.4,4322.95,2866.6,3264.2,110,5,3264.1,3,1,3264.0,63,2,3263.9,58,2,3263.8,98,7,3264.7,123,1,3264.8,210,2,3264.9,250,1,3265.4,175,1,3265.5,3,1
11536,2025-12-30 13:22:10+05:30,3264.2,31,3251.96,1220738,115615.0,121604.0,3250.0,3266.9,3239.8,3251.5,45122525,3576.6,2926.4,4322.95,2866.6,3264.2,57,3,3264.1,3,1,3264.0,63,2,3263.9,58,2,3263.8,98,7,3264.7,144,2,3264.8,210,2,3264.9,250,1,3265.4,175,1,3265.5,3,1
11536,2025-12-30 13:22:11+05:30,3264.0,1,3251.96,1220801,114756.0,122331.0,3250.0,3266.9,3239.8,3251.5,45122525,3576.6,2926.4,4322.95,2866.6,3264.1,2,1,3264.0,64,3,3263.9,43,2,3263.8,43,3,3263.7,40,4,3264.2,138,1,3264.7,144,2,3264.8,210,2,3264.9,250,1,3265.4,226,3
11536,2025-12-30 13:22:12+05:30,3264.2,5,3251.96,1220801,114756.0,122331.0,3250.0,3266.9,3239.8,3251.5,45122525,3576.6,2926.4,4322.95,2866.6,3264.1,2,1,3264.0,64,3,3263.9,43,2,3263.8,43,3,3263.7,40,4,3264.2,138,1,3264.7,144,2,3264.8,210,2,3264.9,250,1,3265.4,226,3
11536,2025-12-30 13:22:12+05:30,3264.1,1,3251.96,1220809,114887.0,122499.0,3250.0,3266.9,3239.8,3251.5,45122525,3576.6,2926.4,4322.95,2866.6,3264.1,14,3,3264.0,110,5,3263.9,12,2,3263.8,43,3,3263.7,42,5,3264.2,131,1,3264.7,144,2,3264.8,210,2,3264.9,350,2,3265.4,226,3
11536,2025-12-30 13:22:13+05:30,3264.1,1,3251.96,1220809,114887.0,122499.0,3250.0,3266.9,3239.8,3251.5,45122525,3576.6,2926.4,4322.95,2866.6,3264.1,14,3,3264.0,110,5,3263.9,12,2,3263.8,43,3,3263.7,42,5,3264.2,131,1,3264.7,144,2,3264.8,210,2,3264.9,350,2,3265.4,226,3
11536,2025-12-30 13:22:13+05:30,3264.1,1,3251.96,1220810,114985.0,122648.0,3250.0,3266.9,3239.8,3251.5,45122525,3576.6,2926.4,4322.95,2866.6,3264.1,7,2,3264.0,110,5,3263.9,12,2,3263.8,24,2,3263.7,42,5,3264.2,131,1,3264.7,144,2,3264.8,210,2,3264.9,350,2,3265.3,175,1
11536,2025-12-30 13:22:14+05:30,3264.1,1,3251.96,1220810,114985.0,122863.0,3250.0,3266.9,3239.8,3251.5,45122525,3576.6,2926.4,4322.95,2866.6,3264.1,7,2,3264.0,110,5,3263.9,12,2,3263.8,24,2,3263.7,42,5,3264.2,131,1,3264.7,144,2,3264.8,210,2,3264.9,350,2,3265.3,175,1
11536,2025-12-30 13:22:15+05:30,3264.2,1,3251.96,1220810,114985.0,122863.0,3250.0,3266.9,3239.8,3251.5,45122525,3576.6,2926.4,4322.95,2866.6,3264.1,7,2,3264.0,110,5,3263.9,12,2,3263.8,24,2,3263.7,42,5,3264.2,131,1,3264.7,144,2,3264.8,210,2,3264.9,350,2,3265.3,175,1
11536,2025-12-30 13:22:15+05:30,3264.2,1,3251.96,1220811,115137.0,122871.0,3250.0,3266.9,3239.8,3251.5,45122525,3576.6,2926.4,4322.95,2866.6,3264.1,56,3,3264.0,22,3,3263.9,12,2,3263.8,24,2,3263.7,84,6,3264.2,132,2,3264.7,144,2,3264.8,210,2,3264.9,350,2,3265.3,175,1
11536,2025-12-30 13:22:16+05:30,3264.2,1,3251.96,1220811,115137.0,122871.0,3250.0,3266.9,3239.8,3251.5,45122525,3576.6,2926.4,4322.95,2866.6,3264.1,56,3,3264.0,22,3,3263.9,12,2,3263.8,24,2,3263.7,84,6,3264.2,132,2,3264.7,144,2,3264.8,210,2,3264.9,350,2,3265.3,175,1
11536,2025-12-30 13:22:16+05:30,3264.2,1,3251.96,1220812,115137.0,122870.0,3250.0,3266.9,3239.8,3251.5,45122525,3576.6,2926.4,4322.95,2866.6,3264.1,56,3,3264.0,22,3,3263.9,12,2,3263.8,24,2,3263.7,84,6,3264.2,131,2,3264.7,144,2,3264.8,210,2,3264.9,350,2,3265.3,175,1
11536,2025-12-30 13:22:17+05:30,3264.1,1,3251.96,1220813,114835.0,122695.0,3250.0,3266.9,3239.8,3251.5,45122525,3576.6,2926.4,4322.95,2866.6,3264.1,55,3,3264.0,22,3,3263.9,16,3,3263.8,24,2,3263.7,84,6,3264.2,131,2,3264.7,144,2,3264.8,210,2,3264.9,350,2,3265.3,175,1
11536,2025-12-30 13:22:18+05:30,3264.2,1,3251.96,1220813,114835.0,122695.0,3250.0,3266.9,3239.8,3251.5,45122525,3576.6,2926.4,4322.95,2866.6,3264.1,55,3,3264.0,22,3,3263.9,16,3,3263.8,24,2,3263.7,84,6,3264.2,131,2,3264.7,144,2,3264.8,210,2,3264.9,350,2,3265.3,175,1
11536,2025-12-30 13:22:18+05:30,3264.2,1,3251.96,1220814,114836.0,122902.0,3250.0,3266.9,3239.8,3251.5,45122525,3576.6,2926.4,4322.95,2866.6,3264.1,56,4,3264.0,22,3,3263.9,16,3,3263.8,65,3,3263.7,43,5,3264.2,146,4,3264.7,144,2,3264.8,210,2,3264.9,350,2,3265.3,175,1
11536,2025-12-30 13:22:19+05:30,3264.2,1,3251.96,1220814,114836.0,122902.0,3250.0,3266.9,3239.8,3251.5,45122525,3576.6,2926.4,4322.95,2866.6,3264.1,56,4,3264.0,22,3,3263.9,16,3,3263.8,65,3,3263.7,43,5,3264.2,146,4,3264.7,144,2,3264.8,210,2,3264.9,350,2,3265.3,175,1
11536,2025-12-30 13:22:19+05:30,3264.2,1,3251.96,1220816,114870.0,122905.0,3250.0,3266.9,3239.8,3251.5,45122525,3576.6,2926.4,4322.95,2866.6,3264.1,56,4,3264.0,22,3,3263.9,16,3,3263.8,65,3,3263.7,43,5,3264.2,144,4,3264.7,144,2,3264.8,210,2,3264.9,350,2,3265.3,175,1
11536,2025-12-30 13:22:20+05:30,3264.2,1,3251.96,1220816,114870.0,122905.0,3250.0,3266.9,3239.8,3251.5,45122525,3576.6,2926.4,4322.95,2866.6,3264.1,56,4,3264.0,22,3,3263.9,16,3,3263.8,65,3,3263.7,43,5,3264.2,144,4,3264.7,144,2,3264.8,210,2,3264.9,350,2,3265.3,175,1
11536,2025-12-30 13:22:20+05:30,3264.2,1,3251.96,1220816,114747.0,122755.0,3250.0,3266.9,3239.8,3251.5,45122525,3576.6,2926.4,4322.95,2866.6,3264.1,57,5,3264.0,23,4,3263.9,12,2,3263.8,24,2,3263.7,25,4,3264.2,158,5,3264.7,144,2,3264.8,210,2,3264.9,350,2,3265.4,226,3
11536,2025-12-30 13:22:21+05:30,3264.1,5,3251.96,1220827,114765.0,122756.0,3250.0,3266.9,3239.8,3251.5,45122525,3576.6,2926.4,4322.95,2866.6,3264.1,53,5,3264.0,23,4,3263.9,16,3,3263.8,24,2,3263.7,63,5,3264.2,190,6,3264.7,113,1,3264.8,210,2,3264.9,350,2,3265.4,226,3
11536,2025-12-30 13:22:22+05:30,3264.1,5,3251.96,1220827,114765.0,122756.0,3250.0,3266.9,3239.8,3251.5,45122525,3576.6,2926.4,4322.95,2866.6,3264.1,53,5,3264.0,23,4,3263.9,16,3,3263.8,24,2,3263.7,63,5,3264.2,190,6,3264.7,113,1,3264.8,210,2,3264.9,350,2,3265.4,226,3
11536,2025-12-30 13:22:22+05:30,3264.1,5,3251.96,1220827,114765.0,121553.0,3250.0,3266.9,3239.8,3251.5,45122525,3576.6,2926.4,4322.95,2866.6,3264.1,53,5,3264.0,23,4,3263.9,16,3,3263.8,24,2,3263.7,63,5,3264.2,190,6,3264.7,113,1,3264.8,210,2,3264.9,350,2,3265.4,226,3
11536,2025-12-30 13:22:23+05:30,3264.2,31,3251.96,1220827,114765.0,121553.0,3250.0,3266.9,3239.8,3251.5,45122525,3576.6,2926.4,4322.95,2866.6,3264.1,53,5,3264.0,23,4,3263.9,16,3,3263.8,24,2,3263.7,63,5,3264.2,190,6,3264.7,113,1,3264.8,210,2,3264.9,350,2,3265.4,226,3
11536,2025-12-30 13:22:23+05:30,3264.2,31,3251.96,1221017,114998.0,122355.0,3250.0,3266.9,3239.8,3251.5,45122525,3576.6,2926.4,4322.95,2866.6,3264.2,6,2,3264.1,118,6,3264.0,7,4,3263.9,58,4,3263.8,49,3,3264.7,113,1,3264.8,210,2,3264.9,350,2,3265.4,205,2,3265.5,5,2
11536,2025-12-30 13:22:24+05:30,3264.2,1,3251.96,1221017,114998.0,122355.0,3250.0,3266.9,3239.8,3251.5,45122525,3576.6,2926.4,4322.95,2866.6,3264.2,6,2,3264.1,118,6,3264.0,7,4,3263.9,58,4,3263.8,49,3,3264.7,113,1,3264.8,210,2,3264.9,350,2,3265.4,205,2,3265.5,5,2
11536,2025-12-30 13:22:24+05:30,3264.2,1,3251.96,1221018,115913.0,122654.0,3250.0,3266.9,3239.8,3251.5,45122525,3576.6,2926.4,4322.95,2866.6,3264.2,60,3,3264.1,118,6,3264.0,77,6,3263.9,58,4,3263.8,67,4,3264.7,113,1,3264.8,210,2,3264.9,350,2,3265.4,205,2,3265.5,5,2
11536,2025-12-30 13:22:25+05:30,3264.2,14,3251.96,1221018,115913.0,122654.0,3250.0,3266.9,3239.8,3251.5,45122525,3576.6,2926.4,4322.95,2866.6,3264.2,60,3,3264.1,118,6,3264.0,77,6,3263.9,58,4,3263.8,67,4,3264.7,113,1,3264.8,210,2,3264.9,350,2,3265.4,205,2,3265.5,5,2
11536,2025-12-30 13:22:25+05:30,3264.2,14,3251.96,1221039,116342.0,121991.0,3250.0,3266.9,3239.8,3251.5,45122525,3576.6,2926.4,4322.95,2866.6,3264.2,41,2,3264.1,128,8,3264.0,119,7,3263.9,70,5,3263.8,67,4,3264.7,112,1,3264.8,210,2,3264.9,350,2,3265.4,205,2,3265.5,5,2
11536,2025-12-30 13:22:26+05:30,3264.2,14,3251.96,1221039,116348.0,122182.0,3250.0,3266.9,3239.8,3251.5,45122525,3576.6,2926.4,4322.95,2866.6,3264.2,41,2,3264.1,119,7,3264.0,103,6,3263.9,70,5,3263.8,49,3,3264.7,112,1,3264.8,210,2,3264.9,350,2,3265.4,205,2,3265.5,5,2
11536,2025-12-30 13:22:27+05:30,3264.2,14,3251.96,1221039,116369.0,122177.0,3250.0,3266.9,3239.8,3251.5,45122525,3576.6,2926.4,4322.95,2866.6,3264.2,41,2,3264.1,103,6,3264.0,100,5,3263.9,32,3,3263.8,48,3,3264.7,112,1,3264.8,210,2,3264.9,350,2,3265.4,205,2,3265.5,5,2
11536,2025-12-30 13:22:28+05:30,3264.2,3,3251.96,1221039,116369.0,122177.0,3250.0,3266.9,3239.8,3251.5,45122525,3576.6,2926.4,4322.95,2866.6,3264.2,41,2,3264.1,103,6,3264.0,100,5,3263.9,32,3,3263.8,48,3,3264.7,112,1,3264.8,210,2,3264.9,350,2,3265.4,205,2,3265.5,5,2
11536,2025-12-30 13:22:28+05:30,3264.2,3,3251.96,1221043,116397.0,122176.0,3250.0,3266.9,3239.8,3251.5,45122525,3576.6,2926.4,4322.95,2866.6,3264.2,38,2,3264.1,103,6,3264.0,100,5,3263.9,32,3,3263.8,48,3,3264.7,111,1,3264.8,210,2,3264.9,350,2,3265.4,205,2,3265.5,5,2
11536,2025-12-30 13:22:29+05:30,3264.2,1,3251.96,1221044,116405.0,122184.0,3250.0,3266.9,3239.8,3251.5,45122525,3576.6,2926.4,4322.95,2866.6,3264.2,37,2,3264.1,103,6,3264.0,101,6,3263.9,32,3,3263.8,48,3,3264.7,111,1,3264.8,210,2,3264.9,350,2,3265.4,205,2,3265.5,5,2
11536,2025-12-30 13:22:30+05:30,3264.7,30,3251.96,1221044,116405.0,122184.0,3250.0,3266.9,3239.8,3251.5,45122525,3576.6,2926.4,4322.95,2866.6,3264.2,37,2,3264.1,103,6,3264.0,101,6,3263.9,32,3,3263.8,48,3,3264.7,111,1,3264.8,210,2,3264.9,350,2,3265.4,205,2,3265.5,5,2
11536,2025-12-30 13:22:30+05:30,3264.7,1,3251.96,1221075,116382.0,122153.0,3250.0,3266.9,3239.8,3251.5,45122525,3576.6,2926.4,4322.95,2866.6,3264.2,37,2,3264.1,122,7,3264.0,101,6,3263.9,32,3,3263.8,48,3,3264.7,80,1,3264.8,210,2,3264.9,350,2,3265.4,205,2,3265.5,5,2
11536,2025-12-30 13:22:31+05:30,3264.7,1,3251.96,1221075,116382.0,122153.0,3250.0,3266.9,3239.8,3251.5,45122525,3576.6,2926.4,4322.95,2866.6,3264.2,37,2,3264.1,122,7,3264.0,101,6,3263.9,32,3,3263.8,48,3,3264.7,80,1,3264.8,210,2,3264.9,350,2,3265.4,205,2,3265.5,5,2
11536,2025-12-30 13:22:31+05:30,3264.2,1,3251.96,1221079,116321.0,123150.0,3250.0,3266.9,3239.8,3251.5,45122525,3576.6,2926.4,4322.95,2866.6,3264.2,36,2,3264.1,103,6,3264.0,117,7,3263.9,32,3,3263.8,48,3,3264.7,77,1,3264.8,210,2,3264.9,350,2,3265.3,175,1,3265.4,30,1
11536,2025-12-30 13:22:32+05:30,3264.2,1,3251.96,1221079,116321.0,123150.0,3250.0,3266.9,3239.8,3251.5,45122525,3576.6,2926.4,4322.95,2866.6,3264.2,36,2,3264.1,103,6,3264.0,117,7,3263.9,32,3,3263.8,48,3,3264.7,77,1,3264.8,210,2,3264.9,350,2,3265.3,175,1,3265.4,30,1
11536,2025-12-30 13:22:32+05:30,3264.7,3,3251.96,1221082,116343.0,123497.0,3250.0,3266.9,3239.8,3251.5,45122525,3576.6,2926.4,4322.95,2866.6,3264.2,35,1,3264.1,103,6,3264.0,101,6,3263.9,32,3,3263.8,48,3,3264.7,74,1,3264.8,210,2,3264.9,350,2,3265.3,175,1,3265.4,30,1
11536,2025-12-30 13:22:33+05:30,3264.7,3,3251.96,1221082,116343.0,123497.0,3250.0,3266.9,3239.8,3251.5,45122525,3576.6,2926.4,4322.95,2866.6,3264.2,35,1,3264.1,103,6,3264.0,101,6,3263.9,32,3,3263.8,48,3,3264.7,74,1,3264.8,210,2,3264.9,350,2,3265.3,175,1,3265.4,30,1
11536,2025-12-30 13:22:33+05:30,3264.2,35,3251.96,1221117,115040.0,123810.0,3250.0,3266.9,3239.8,3251.5,45122525,3576.6,2926.4,4322.95,2866.6,3264.1,103,6,3264.0,59,5,3263.9,12,2,3263.8,24,2,3263.7,111,7,3264.2,130,1,3264.7,74,1,3264.8,210,2,3264.9,350,2,3265.3,175,1
11536,2025-12-30 13:22:34+05:30,3264.2,35,3251.96,1221117,115040.0,123810.0,3250.0,3266.9,3239.8,3251.5,45122525,3576.6,2926.4,4322.95,2866.6,3264.1,103,6,3264.0,59,5,3263.9,12,2,3263.8,24,2,3263.7,111,7,3264.2,130,1,3264.7,74,1,3264.8,210,2,3264.9,350,2,3265.3,175,1
11536,2025-12-30 13:22:34+05:30,3264.1,1,3251.96,1221118,115121.0,123968.0,3250.0,3266.9,3239.8,3251.5,45122525,3576.6,2926.4,4322.95,2866.6,3264.1,102,6,3264.0,59,5,3263.9,12,2,3263.8,24,2,3263.7,92,5,3264.2,130,1,3264.7,74,1,3264.8,210,2,3264.9,350,2,3265.3,175,1
11536,2025-12-30 13:22:35+05:30,3264.2,2,3251.96,1221118,115121.0,123968.0,3250.0,3266.9,3239.8,3251.5,45122525,3576.6,2926.4,4322.95,2866.6,3264.1,102,6,3264.0,59,5,3263.9,12,2,3263.8,24,2,3263.7,92,5,3264.2,130,1,3264.7,74,1,3264.8,210,2,3264.9,350,2,3265.3,175,1
11536,2025-12-30 13:22:35+05:30,3264.2,2,3251.96,1221121,115021.0,123965.0,3250.0,3266.9,3239.8,3251.5,45122525,3576.6,2926.4,4322.95,2866.6,3264.1,102,6,3264.0,59,5,3263.9,12,2,3263.8,24,2,3263.7,92,5,3264.2,127,1,3264.7,74,1,3264.8,210,2,3264.9,350,2,3265.3,175,1
11536,2025-12-30 13:22:36+05:30,3264.1,10,3251.96,1221121,115021.0,123965.0,3250.0,3266.9,3239.8,3251.5,45122525,3576.6,2926.4,4322.95,2866.6,3264.1,102,6,3264.0,59,5,3263.9,12,2,3263.8,24,2,3263.7,92,5,3264.2,127,1,3264.7,74,1,3264.8,210,2,3264.9,350,2,3265.3,175,1
11536,2025-12-30 13:22:36+05:30,3264.1,10,3251.96,1221131,114990.0,123965.0,3250.0,3266.9,3239.8,3251.5,45122525,3576.6,2926.4,4322.95,2866.6,3264.1,92,6,3264.0,59,5,3263.9,12,2,3263.8,24,2,3263.7,92,5,3264.2,127,1,3264.7,74,1,3264.8,210,2,3264.9,350,2,3265.3,175,1
11536,2025-12-30 13:22:37+05:30,3264.1,10,3251.96,1221131,114715.0,124315.0,3250.0,3266.9,3239.8,3251.5,45122525,3576.6,2926.4,4322.95,2866.6,3264.1,92,6,3264.0,59,5,3263.9,12,2,3263.8,6,1,3263.7,65,4,3264.2,127,1,3264.7,74,1,3264.8,210,2,3264.9,350,2,3265.1,33,2
11536,2025-12-30 13:22:38+05:30,3264.1,10,3251.96,1221131,114645.0,124315.0,3250.0,3266.9,3239.8,3251.5,45122525,3576.6,2926.4,4322.95,2866.6,3264.1,43,6,3264.0,59,5,3263.9,12,2,3263.8,6,1,3263.7,24,3,3264.2,127,1,3264.7,74,1,3264.8,210,2,3264.9,350,2,3265.1,33,2
11536,2025-12-30 13:22:40+05:30,3264.1,10,3251.96,1221131,114645.0,124315.0,3250.0,3266.9,3239.8,3251.5,45122525,3576.6,2926.4,4322.95,2866.6,3264.1,43,6,3264.0,59,5,3263.9,12,2,3263.8,6,1,3263.7,24,3,3264.2,127,1,3264.7,74,1,3264.8,210,2,3264.9,350,2,3265.1,33,2
11536,2025-12-30 13:22:41+05:30,3264.1,1,3251.96,1221134,114659.0,124357.0,3250.0,3266.9,3239.8,3251.5,45122525,3576.6,2926.4,4322.95,2866.6,3264.1,42,6,3264.0,59,5,3263.9,12,2,3263.8,6,1,3263.7,41,4,3264.2,125,1,3264.7,74,1,3264.8,210,2,3264.9,371,3,3265.1,56,3
11536,2025-12-30 13:22:41+05:30,3264.1,1,3251.96,1221134,114659.0,124357.0,3250.0,3266.9,3239.8,3251.5,45122525,3576.6,2926.4,4322.95,2866.6,3264.1,42,6,3264.0,59,5,3263.9,12,2,3263.8,6,1,3263.7,41,4,3264.2,125,1,3264.7,74,1,3264.8,210,2,3264.9,371,3,3265.1,56,3
11536,2025-12-30 13:22:42+05:30,3264.2,1,3251.96,1221136,114674.0,124429.0,3250.0,3266.9,3239.8,3251.5,45122525,3576.6,2926.4,4322.95,2866.6,3264.1,41,6,3264.0,59,5,3263.9,27,3,3263.8,6,1,3263.7,24,3,3264.2,124,1,3264.7,74,1,3264.8,210,2,3264.9,350,2,3265.1,33,2
11536,2025-12-30 13:22:42+05:30,3264.2,1,3251.96,1221136,114674.0,124429.0,3250.0,3266.9,3239.8,3251.5,45122525,3576.6,2926.4,4322.95,2866.6,3264.1,41,6,3264.0,59,5,3263.9,27,3,3263.8,6,1,3263.7,24,3,3264.2,124,1,3264.7,74,1,3264.8,210,2,3264.9,350,2,3265.1,33,2
11536,2025-12-30 13:22:43+05:30,3264.2,1,3251.96,1221384,114994.0,124423.0,3250.0,3266.9,3239.8,3251.5,45122525,3576.6,2926.4,4322.95,2866.6,3264.2,106,4,3264.1,71,7,3264.0,92,7,3263.9,37,4,3263.8,110,7,3264.4,87,1,3264.7,74,1,3264.8,210,2,3264.9,850,3,3265.4,175,1
11536,2025-12-30 13:22:43+05:30,3264.2,1,3251.96,1221384,114994.0,124423.0,3250.0,3266.9,3239.8,3251.5,45122525,3576.6,2926.4,4322.95,2866.6,3264.2,106,4,3264.1,71,7,3264.0,92,7,3263.9,37,4,3263.8,110,7,3264.4,87,1,3264.7,74,1,3264.8,210,2,3264.9,850,3,3265.4,175,1
11536,2025-12-30 13:22:44+05:30,3264.2,1,3251.96,1221384,114987.0,124508.0,3250.0,3266.9,3239.8,3251.5,45122525,3576.6,2926.4,4322.95,2866.6,3264.2,106,4,3264.1,40,5,3264.0,74,6,3263.9,37,4,3263.8,94,6,3264.4,87,1,3264.7,74,1,3264.8,210,2,3264.9,850,3,3265.4,175,1
11536,2025-12-30 13:22:45+05:30,3264.4,1,3251.96,1221385,115100.0,124521.0,3250.0,3266.9,3239.8,3251.5,45122525,3576.6,2926.4,4322.95,2866.6,3264.2,219,5,3264.1,40,5,3264.0,74,6,3263.9,37,4,3263.8,94,6,3264.4,100,2,3264.7,74,1,3264.8,210,2,3264.9,850,3,3265.4,175,1
11536,2025-12-30 13:22:45+05:30,3264.4,1,3251.96,1221385,115100.0,124521.0,3250.0,3266.9,3239.8,3251.5,45122525,3576.6,2926.4,4322.95,2866.6,3264.2,219,5,3264.1,40,5,3264.0,74,6,3263.9,37,4,3263.8,94,6,3264.4,100,2,3264.7,74,1,3264.8,210,2,3264.9,850,3,3265.4,175,1
11536,2025-12-30 13:22:46+05:30,3264.7,37,3251.97,1221522,116802.0,124543.0,3250.0,3266.9,3239.8,3251.5,45122525,3576.6,2926.4,4322.95,2866.6,3264.3,42,4,3264.2,114,2,3264.1,40,5,3264.0,74,6,3263.9,37,4,3264.7,37,1,3264.8,210,2,3264.9,850,3,3265.4,175,1,3265.5,3,1
11536,2025-12-30 13:22:46+05:30,3264.7,1,3251.97,1221522,116802.0,124543.0,3250.0,3266.9,3239.8,3251.5,45122525,3576.6,2926.4,4322.95,2866.6,3264.3,42,4,3264.2,114,2,3264.1,40,5,3264.0,74,6,3263.9,37,4,3264.7,37,1,3264.8,210,2,3264.9,850,3,3265.4,175,1,3265.5,3,1
11536,2025-12-30 13:22:47+05:30,3264.3,1,3251.97,1221529,116803.0,124367.0,3250.0,3266.9,3239.8,3251.5,45122525,3576.6,2926.4,4322.95,2866.6,3264.3,36,3,3264.2,114,2,3264.1,40,5,3264.0,74,6,3263.9,37,4,3264.7,36,1,3264.8,210,2,3264.9,850,3,3265.4,175,1,3265.5,3,1
11536,2025-12-30 13:22:47+05:30,3264.3,1,3251.97,1221529,116803.0,124367.0,3250.0,3266.9,3239.8,3251.5,45122525,3576.6,2926.4,4322.95,2866.6,3264.3,36,3,3264.2,114,2,3264.1,40,5,3264.0,74,6,3263.9,37,4,3264.7,36,1,3264.8,210,2,3264.9,850,3,3265.4,175,1,3265.5,3,1
11536,2025-12-30 13:22:48+05:30,3264.7,5,3251.97,1221534,116811.0,124431.0,3250.0,3266.9,3239.8,3251.5,45122525,3576.6,2926.4,4322.95,2866.6,3264.3,37,4,3264.2,113,1,3264.1,40,5,3264.0,89,7,3263.9,37,4,3264.7,31,1,3264.8,210,2,3264.9,850,3,3265.4,175,1,3265.5,3,1
11536,2025-12-30 13:22:48+05:30,3264.3,1,3251.97,1221534,116811.0,124431.0,3250.0,3266.9,3239.8,3251.5,45122525,3576.6,2926.4,4322.95,2866.6,3264.3,37,4,3264.2,113,1,3264.1,40,5,3264.0,89,7,3263.9,37,4,3264.7,31,1,3264.8,210,2,3264.9,850,3,3265.4,175,1,3265.5,3,1
11536,2025-12-30 13:22:49+05:30,3264.3,5,3251.97,1221540,117337.0,124424.0,3250.0,3266.9,3239.8,3251.5,45122525,3576.6,2926.4,4322.95,2866.6,3264.3,31,4,3264.2,113,1,3264.1,40,5,3264.0,89,7,3263.9,37,4,3264.7,31,1,3264.8,210,2,3264.9,850,3,3265.0,100,1,3265.4,175,1
11536,2025-12-30 13:22:49+05:30,3264.3,5,3251.97,1221540,117337.0,124424.0,3250.0,3266.9,3239.8,3251.5,45122525,3576.6,2926.4,4322.95,2866.6,3264.3,31,4,3264.2,113,1,3264.1,40,5,3264.0,89,7,3263.9,37,4,3264.7,31,1,3264.8,210,2,3264.9,850,3,3265.0,100,1,3265.4,175,1
11536,2025-12-30 13:22:50+05:30,3264.8,16,3251.97,1221587,117532.0,124344.0,3250.0,3266.9,3239.8,3251.5,45122525,3576.6,2926.4,4322.95,2866.6,3264.3,31,4,3264.2,113,1,3264.1,40,5,3264.0,98,8,3263.9,37,4,3264.8,194,2,3264.9,850,3,3265.0,100,1,3265.4,175,1,3265.5,3,1
11536,2025-12-30 13:22:50+05:30,3264.8,16,3251.97,1221587,117532.0,124344.0,3250.0,3266.9,3239.8,3251.5,45122525,3576.6,2926.4,4322.95,2866.6,3264.3,31,4,3264.2,113,1,3264.1,40,5,3264.0,98,8,3263.9,37,4,3264.8,194,2,3264.9,850,3,3265.0,100,1,3265.4,175,1,3265.5,3,1
11536,2025-12-30 13:22:51+05:30,3264.3,1,3251.97,1221588,117661.0,124374.0,3250.0,3266.9,3239.8,3251.5,45122525,3576.6,2926.4,4322.95,2866.6,3264.3,159,5,3264.2,123,2,3264.1,40,5,3264.0,89,7,3263.9,37,4,3264.8,224,3,3264.9,850,3,3265.0,100,1,3265.4,175,1,3265.5,3,1
11536,2025-12-30 13:22:51+05:30,3264.3,1,3251.97,1221588,117661.0,124374.0,3250.0,3266.9,3239.8,3251.5,45122525,3576.6,2926.4,4322.95,2866.6,3264.3,159,5,3264.2,123,2,3264.1,40,5,3264.0,89,7,3263.9,37,4,3264.8,224,3,3264.9,850,3,3265.0,100,1,3265.4,175,1,3265.5,3,1
11536,2025-12-30 13:22:51+05:30,3264.8,1,3251.97,1221593,117660.0,124388.0,3250.0,3266.9,3239.8,3251.5,45122525,3576.6,2926.4,4322.95,2866.6,3264.3,158,5,3264.2,123,2,3264.1,40,5,3264.0,89,7,3263.9,37,4,3264.8,220,3,3264.9,850,3,3265.0,100,1,3265.4,175,1,3265.5,3,1
11536,2025-12-30 13:22:52+05:30,3264.8,1,3251.97,1221593,117660.0,124388.0,3250.0,3266.9,3239.8,3251.5,45122525,3576.6,2926.4,4322.95,2866.6,3264.3,158,5,3264.2,123,2,3264.1,40,5,3264.0,89,7,3263.9,37,4,3264.8,220,3,3264.9,850,3,3265.0,100,1,3265.4,175,1,3265.5,3,1
11536,2025-12-30 13:22:52+05:30,3264.8,1,3251.97,1221599,117657.0,123798.0,3250.0,3266.9,3239.8,3251.5,45122525,3576.6,2926.4,4322.95,2866.6,3264.3,155,4,3264.2,123,2,3264.1,40,5,3264.0,89,7,3263.9,37,4,3264.8,216,3,3264.9,350,2,3265.0,100,1,3265.4,175,1,3265.5,3,1
11536,2025-12-30 13:22:53+05:30,3265.0,100,3251.97,1221599,117657.0,123798.0,3250.0,3266.9,3239.8,3251.5,45122525,3576.6,2926.4,4322.95,2866.6,3264.3,155,4,3264.2,123,2,3264.1,40,5,3264.0,89,7,3263.9,37,4,3264.8,216,3,3264.9,350,2,3265.0,100,1,3265.4,175,1,3265.5,3,1
11536,2025-12-30 13:22:53+05:30,3265.0,100,3251.97,1222265,119500.0,121562.0,3250.0,3266.9,3239.8,3251.5,45122525,3576.6,2926.4,4322.95,2866.6,3265.1,51,1,3265.0,10,1,3264.9,10,1,3264.7,42,1,3264.5,64,2,3265.5,3,1,3265.8,39,2,3265.9,206,2,3266.0,218,5,3266.2,64,2
11536,2025-12-30 13:22:55+05:30,3265.5,2,3251.97,1222267,119320.0,120388.0,3250.0,3266.9,3239.8,3251.5,45122525,3576.6,2926.4,4322.95,2866.6,3265.1,53,2,3264.7,42,1,3264.5,73,3,3264.4,145,6,3264.3,221,4,3265.5,1,1,3265.8,214,3,3265.9,52,2,3266.0,241,6,3266.2,64,2
11536,2025-12-30 13:22:55+05:30,3265.5,2,3251.97,1222267,119320.0,120388.0,3250.0,3266.9,3239.8,3251.5,45122525,3576.6,2926.4,4322.95,2866.6,3265.1,53,2,3264.7,42,1,3264.5,73,3,3264.4,145,6,3264.3,221,4,3265.5,1,1,3265.8,214,3,3265.9,52,2,3266.0,241,6,3266.2,64,2
11536,2025-12-30 13:22:55+05:30,3265.5,2,3251.97,1222267,119280.0,120388.0,3250.0,3266.9,3239.8,3251.5,45122525,3576.6,2926.4,4322.95,2866.6,3265.1,53,2,3264.7,42,1,3264.5,73,3,3264.4,145,6,3264.3,221,4,3265.5,1,1,3265.8,214,3,3265.9,52,2,3266.0,241,6,3266.2,64,2
11536,2025-12-30 13:22:56+05:30,3265.5,2,3251.97,1222267,119114.0,121500.0,3250.0,3266.9,3239.8,3251.5,45122525,3576.6,2926.4,4322.95,2866.6,3265.1,220,3,3264.7,42,1,3264.5,73,3,3264.4,191,7,3264.3,46,2,3265.5,1,1,3265.8,176,2,3265.9,31,1,3266.0,180,4,3266.2,85,3
11536,2025-12-30 13:22:57+05:30,3265.1,1,3251.97,1222268,119094.0,121569.0,3250.0,3266.9,3239.8,3251.5,45122525,3576.6,2926.4,4322.95,2866.6,3265.1,229,5,3264.8,42,1,3264.5,110,3,3264.4,145,6,3264.3,56,3,3265.5,1,1,3265.8,176,2,3266.0,180,4,3266.2,85,3,3266.4,168,7
11536,2025-12-30 13:22:58+05:30,3265.1,2,3251.97,1222268,119094.0,121569.0,3250.0,3266.9,3239.8,3251.5,45122525,3576.6,2926.4,4322.95,2866.6,3265.1,229,5,3264.8,42,1,3264.5,110,3,3264.4,145,6,3264.3,56,3,3265.5,1,1,3265.8,176,2,3266.0,180,4,3266.2,85,3,3266.4,168,7
11536,2025-12-30 13:22:58+05:30,3265.1,2,3251.97,1222270,119594.0,121608.0,3250.0,3266.9,3239.8,3251.5,45122525,3576.6,2926.4,4322.95,2866.6,3265.1,231,6,3264.8,42,1,3264.7,39,2,3264.6,76,2,3264.5,68,3,3265.5,1,1,3265.8,176,2,3266.0,180,4,3266.2,33,1,3266.4,110,5
11536,2025-12-30 13:22:59+05:30,3265.1,2,3251.97,1222270,119585.0,121746.0,3250.0,3266.9,3239.8,3251.5,45122525,3576.6,2926.4,4322.95,2866.6,3265.1,231,6,3264.8,42,1,3264.7,1,1,3264.6,30,1,3264.5,123,5,3265.5,1,1,3265.8,176,2,3265.9,38,1,3266.0,211,5,3266.2,66,2
11536,2025-12-30 13:23:00+05:30,3265.1,125,3251.97,1222270,119585.0,121746.0,3250.0,3266.9,3239.8,3251.5,45122525,3576.6,2926.4,4322.95,2866.6,3265.1,231,6,3264.8,42,1,3264.7,1,1,3264.6,30,1,3264.5,123,5,3265.5,1,1,3265.8,176,2,3265.9,38,1,3266.0,211,5,3266.2,66,2
11536,2025-12-30 13:23:00+05:30,3265.1,1,3251.98,1222446,118853.0,122806.0,3250.0,3266.9,3239.8,3251.5,45122525,3576.6,2926.4,4322.95,2866.6,3265.1,57,5,3264.7,1,1,3264.5,55,3,3264.4,159,7,3264.3,46,2,3265.5,1,1,3265.7,317,6,3265.8,22,2,3265.9,111,3,3266.0,249,6
11536,2025-12-30 13:23:01+05:30,3265.7,1,3251.98,1222446,118853.0,122806.0,3250.0,3266.9,3239.8,3251.5,45122525,3576.6,2926.4,4322.95,2866.6,3265.1,57,5,3264.7,1,1,3264.5,55,3,3264.4,159,7,3264.3,46,2,3265.5,1,1,3265.7,317,6,3265.8,22,2,3265.9,111,3,3266.0,249,6
11536,2025-12-30 13:23:01+05:30,3265.7,1,3251.98,1222448,119059.0,122189.0,3250.0,3266.9,3239.8,3251.5,45122525,3576.6,2926.4,4322.95,2866.6,3265.1,67,6,3264.7,1,1,3264.6,81,2,3264.5,46,2,3264.4,159,7,3265.8,212,4,3265.9,63,2,3266.0,783,8,3266.1,97,3,3266.2,95,4
11536,2025-12-30 13:23:02+05:30,3265.8,2,3251.98,1222451,117677.0,122185.0,3250.0,3266.9,3239.8,3251.5,45122525,3576.6,2926.4,4322.95,2866.6,3265.1,56,4,3264.7,20,2,3264.6,91,3,3264.5,46,2,3264.4,159,7,3265.8,209,3,3265.9,63,2,3266.0,783,8,3266.1,97,3,3266.2,95,4
11536,2025-12-30 13:23:03+05:30,3265.8,2,3251.98,1222451,117677.0,122185.0,3250.0,3266.9,3239.8,3251.5,45122525,3576.6,2926.4,4322.95,2866.6,3265.1,56,4,3264.7,20,2,3264.6,91,3,3264.5,46,2,3264.4,159,7,3265.8,209,3,3265.9,63,2,3266.0,783,8,3266.1,97,3,3266.2,95,4
11536,2025-12-30 13:23:04+05:30,3265.1,1,3251.98,1222453,119075.0,122015.0,3250.0,3266.9,3239.8,3251.5,45122525,3576.6,2926.4,4322.95,2866.6,3265.1,54,4,3264.7,20,2,3264.6,91,3,3264.5,46,2,3264.4,159,7,3265.8,209,3,3265.9,63,2,3266.0,783,8,3266.1,97,3,3266.2,95,4
11536,2025-12-30 13:23:04+05:30,3265.8,1,3251.98,1222453,119075.0,122015.0,3250.0,3266.9,3239.8,3251.5,45122525,3576.6,2926.4,4322.95,2866.6,3265.1,54,4,3264.7,20,2,3264.6,91,3,3264.5,46,2,3264.4,159,7,3265.8,209,3,3265.9,63,2,3266.0,783,8,3266.1,97,3,3266.2,95,4
11536,2025-12-30 13:23:05+05:30,3265.8,7,3251.98,1222461,119068.0,121769.0,3250.0,3266.9,3239.8,3251.5,45122525,3576.6,2926.4,4322.95,2866.6,3265.1,54,4,3264.7,20,2,3264.6,91,3,3264.5,46,2,3264.4,159,7,3265.8,183,2,3265.9,21,1,3266.0,783,8,3266.1,46,2,3266.2,137,5
11536,2025-12-30 13:23:05+05:30,3265.8,1,3251.98,1222461,119068.0,121769.0,3250.0,3266.9,3239.8,3251.5,45122525,3576.6,2926.4,4322.95,2866.6,3265.1,54,4,3264.7,20,2,3264.6,91,3,3264.5,46,2,3264.4,159,7,3265.8,183,2,3265.9,21,1,3266.0,783,8,3266.1,46,2,3266.2,137,5
11536,2025-12-30 13:23:06+05:30,3265.8,1,3251.98,1222462,119039.0,122079.0,3250.0,3266.9,3239.8,3251.5,45122525,3576.6,2926.4,4322.95,2866.6,3265.1,65,5,3264.7,20,2,3264.6,81,2,3264.5,46,2,3264.4,123,6,3265.7,164,1,3265.8,36,2,3265.9,39,2,3266.0,825,9,3266.1,46,2
11536,2025-12-30 13:23:07+05:30,3265.8,1,3251.98,1222462,118897.0,122079.0,3250.0,3266.9,3239.8,3251.5,45122525,3576.6,2926.4,4322.95,2866.6,3265.1,65,5,3264.7,20,2,3264.6,51,1,3264.5,46,2,3264.4,123,6,3265.7,164,1,3265.8,36,2,3265.9,39,2,3266.0,825,9,3266.1,46,2
11536,2025-12-30 13:23:08+05:30,3265.7,4,3251.98,1222466,118582.0,123318.0,3250.0,3266.9,3239.8,3251.5,45122525,3576.6,2926.4,4322.95,2866.6,3265.1,65,5,3264.7,20,2,3264.5,4,1,3264.4,73,4,3264.3,3,1,3265.3,30,1,3265.5,205,3,3265.6,10,1,3265.7,73,3,3265.8,35,1
11536,2025-12-30 13:23:08+05:30,3265.1,7,3251.98,1222466,118582.0,123318.0,3250.0,3266.9,3239.8,3251.5,45122525,3576.6,2926.4,4322.95,2866.6,3265.1,65,5,3264.7,20,2,3264.5,4,1,3264.4,73,4,3264.3,3,1,3265.3,30,1,3265.5,205,3,3265.6,10,1,3265.7,73,3,3265.8,35,1
11536,2025-12-30 13:23:09+05:30,3265.1,1,3251.98,1222474,118574.0,123638.0,3250.0,3266.9,3239.8,3251.5,45122525,3576.6,2926.4,4322.95,2866.6,3265.1,57,5,3264.7,20,2,3264.5,4,1,3264.4,19,2,3264.3,3,1,3265.3,57,3,3265.5,219,3,3265.6,35,2,3265.7,73,3,3265.8,86,2
11536,2025-12-30 13:23:09+05:30,3265.1,1,3251.98,1222474,118574.0,123638.0,3250.0,3266.9,3239.8,3251.5,45122525,3576.6,2926.4,4322.95,2866.6,3265.1,57,5,3264.7,20,2,3264.5,4,1,3264.4,19,2,3264.3,3,1,3265.3,57,3,3265.5,219,3,3265.6,35,2,3265.7,73,3,3265.8,86,2
11536,2025-12-30 13:23:10+05:30,3265.3,1,3251.98,1222476,118566.0,122412.0,3250.0,3266.9,3239.8,3251.5,45122525,3576.6,2926.4,4322.95,2866.6,3265.1,57,5,3264.7,20,2,3264.5,4,1,3264.4,19,2,3264.3,3,1,3265.3,55,3,3265.5,219,3,3265.6,35,2,3265.7,73,3,3265.8,86,2
11536,2025-12-30 13:23:10+05:30,3265.3,1,3251.98,1222476,118566.0,122412.0,3250.0,3266.9,3239.8,3251.5,45122525,3576.6,2926.4,4322.95,2866.6,3265.1,57,5,3264.7,20,2,3264.5,4,1,3264.4,19,2,3264.3,3,1,3265.3,55,3,3265.5,219,3,3265.6,35,2,3265.7,73,3,3265.8,86,2
11536,2025-12-30 13:23:11+05:30,3265.3,1,3251.98,1222476,118566.0,122398.0,3250.0,3266.9,3239.8,3251.5,45122525,3576.6,2926.4,4322.95,2866.6,3265.1,57,5,3264.7,20,2,3264.5,4,1,3264.4,19,2,3264.3,3,1,3265.3,55,3,3265.5,219,3,3265.6,35,2,3265.7,73,3,3265.8,86,2
11536,2025-12-30 13:23:12+05:30,3265.3,2,3251.98,1222478,118574.0,122402.0,3250.0,3266.9,3239.8,3251.5,45122525,3576.6,2926.4,4322.95,2866.6,3265.1,57,5,3264.7,20,2,3264.5,4,1,3264.4,19,2,3264.3,3,1,3265.3,53,3,3265.5,219,3,3265.6,35,2,3265.7,73,3,3265.8,261,3
11536,2025-12-30 13:23:12+05:30,3265.3,2,3251.98,1222478,118574.0,122402.0,3250.0,3266.9,3239.8,3251.5,45122525,3576.6,2926.4,4322.95,2866.6,3265.1,57,5,3264.7,20,2,3264.5,4,1,3264.4,19,2,3264.3,3,1,3265.3,53,3,3265.5,219,3,3265.6,35,2,3265.7,73,3,3265.8,261,3
11536,2025-12-30 13:23:12+05:30,3265.3,2,3251.98,1222480,117130.0,122033.0,3250.0,3266.9,3239.8,3251.5,45122525,3576.6,2926.4,4322.95,2866.6,3265.1,57,5,3264.7,20,2,3264.5,4,1,3264.4,19,2,3264.3,3,1,3265.3,50,3,3265.5,210,2,3265.6,36,3,3265.7,13,1,3265.8,210,2
11536,2025-12-30 13:23:13+05:30,3265.1,1,3251.98,1222480,117130.0,122033.0,3250.0,3266.9,3239.8,3251.5,45122525,3576.6,2926.4,4322.95,2866.6,3265.1,57,5,3264.7,20,2,3264.5,4,1,3264.4,19,2,3264.3,3,1,3265.3,50,3,3265.5,210,2,3265.6,36,3,3265.7,13,1,3265.8,210,2
11536,2025-12-30 13:23:13+05:30,3265.3,12,3251.98,1222531,118565.0,122297.0,3250.0,3266.9,3239.8,3251.5,45122525,3576.6,2926.4,4322.95,2866.6,3265.1,56,5,3264.7,20,2,3264.5,4,1,3264.4,19,2,3264.3,39,2,3265.2,30,1,3265.4,42,2,3265.5,210,2,3265.6,36,3,3265.7,44,2
11536,2025-12-30 13:23:14+05:30,3265.3,12,3251.98,1222531,118565.0,122297.0,3250.0,3266.9,3239.8,3251.5,45122525,3576.6,2926.4,4322.95,2866.6,3265.1,56,5,3264.7,20,2,3264.5,4,1,3264.4,19,2,3264.3,39,2,3265.2,30,1,3265.4,42,2,3265.5,210,2,3265.6,36,3,3265.7,44,2
11536,2025-12-30 13:23:14+05:30,3265.1,1,3251.98,1222532,118275.0,123869.0,3250.0,3266.9,3239.8,3251.5,45122525,3576.6,2926.4,4322.95,2866.6,3265.1,55,5,3264.7,20,2,3264.5,4,1,3264.4,19,2,3264.3,39,2,3265.2,30,1,3265.4,42,2,3265.5,210,2,3265.6,36,3,3265.7,13,1
11536,2025-12-30 13:23:15+05:30,3265.2,1,3251.98,1222532,118275.0,123869.0,3250.0,3266.9,3239.8,3251.5,45122525,3576.6,2926.4,4322.95,2866.6,3265.1,55,5,3264.7,20,2,3264.5,4,1,3264.4,19,2,3264.3,39,2,3265.2,30,1,3265.4,42,2,3265.5,210,2,3265.6,36,3,3265.7,13,1
11536,2025-12-30 13:23:15+05:30,3265.2,1,3251.98,1222534,118450.0,123754.0,3250.0,3266.9,3239.8,3251.5,45122525,3576.6,2926.4,4322.95,2866.6,3265.1,55,5,3264.7,20,2,3264.5,4,1,3264.4,19,2,3264.3,39,2,3265.2,28,1,3265.4,42,2,3265.5,210,2,3265.6,36,3,3265.7,13,1
11536,2025-12-30 13:23:16+05:30,3265.2,1,3251.98,1222534,118450.0,123754.0,3250.0,3266.9,3239.8,3251.5,45122525,3576.6,2926.4,4322.95,2866.6,3265.1,55,5,3264.7,20,2,3264.5,4,1,3264.4,19,2,3264.3,39,2,3265.2,28,1,3265.4,42,2,3265.5,210,2,3265.6,36,3,3265.7,13,1
11536,2025-12-30 13:23:16+05:30,3265.2,1,3251.98,1222535,117761.0,122749.0,3250.0,3266.9,3239.8,3251.5,45122525,3576.6,2926.4,4322.95,2866.6,3265.1,55,5,3264.8,41,1,3264.7,20,2,3264.6,85,2,3264.5,4,1,3265.2,27,1,3265.5,50,1,3265.6,1,1,3265.8,335,2,3265.9,70,3
11536,2025-12-30 13:23:17+05:30,3265.2,3,3251.98,1222538,119172.0,122797.0,3250.0,3266.9,3239.8,3251.5,45122525,3576.6,2926.4,4322.95,2866.6,3265.1,55,5,3264.7,20,2,3264.6,49,1,3264.5,45,2,3264.4,40,3,3265.2,24,1,3265.5,50,1,3265.6,35,2,3265.8,369,3,3265.9,67,3
11536,2025-12-30 13:23:18+05:30,3265.2,3,3251.98,1222538,119172.0,122797.0,3250.0,3266.9,3239.8,3251.5,45122525,3576.6,2926.4,4322.95,2866.6,3265.1,55,5,3264.7,20,2,3264.6,49,1,3264.5,45,2,3264.4,40,3,3265.2,24,1,3265.5,50,1,3265.6,35,2,3265.8,369,3,3265.9,67,3
11536,2025-12-30 13:23:19+05:30,3265.2,1,3251.98,1222539,118781.0,123452.0,3250.0,3266.9,3239.8,3251.5,45122525,3576.6,2926.4,4322.95,2866.6,3265.1,55,5,3264.7,61,3,3264.6,49,1,3264.5,4,1,3264.4,37,2,3265.2,23,1,3265.5,84,2,3265.6,1,1,3265.8,369,3,3265.9,36,2
11536,2025-12-30 13:23:19+05:30,3265.2,1,3251.98,1222539,118781.0,123452.0,3250.0,3266.9,3239.8,3251.5,45122525,3576.6,2926.4,4322.95,2866.6,3265.1,55,5,3264.7,61,3,3264.6,49,1,3264.5,4,1,3264.4,37,2,3265.2,23,1,3265.5,84,2,3265.6,1,1,3265.8,369,3,3265.9,36,2
11536,2025-12-30 13:23:20+05:30,3265.1,1,3251.98,1222540,117450.0,123510.0,3250.0,3266.9,3239.8,3251.5,45122525,3576.6,2926.4,4322.95,2866.6,3265.1,54,5,3264.7,61,3,3264.6,49,1,3264.5,4,1,3264.4,16,1,3265.2,23,1,3265.5,84,2,3265.6,161,2,3265.7,44,2,3265.8,209,2
11536,2025-12-30 13:23:20+05:30,3265.2,5,3251.98,1222540,117450.0,123510.0,3250.0,3266.9,3239.8,3251.5,45122525,3576.6,2926.4,4322.95,2866.6,3265.1,54,5,3264.7,61,3,3264.6,49,1,3264.5,4,1,3264.4,16,1,3265.2,23,1,3265.5,84,2,3265.6,161,2,3265.7,44,2,3265.8,209,2
11536,2025-12-30 13:23:21+05:30,3265.2,1,3251.98,1222546,117368.0,123413.0,3250.0,3266.9,3239.8,3251.5,45122525,3576.6,2926.4,4322.95,2866.6,3265.1,54,5,3264.7,20,2,3264.5,4,1,3264.4,16,1,3264.3,42,3,3265.2,62,3,3265.4,64,3,3265.5,50,1,3265.6,232,4,3265.7,13,1
11536,2025-12-30 13:23:21+05:30,3265.2,1,3251.98,1222546,117368.0,123413.0,3250.0,3266.9,3239.8,3251.5,45122525,3576.6,2926.4,4322.95,2866.6,3265.1,54,5,3264.7,20,2,3264.5,4,1,3264.4,16,1,3264.3,42,3,3265.2,62,3,3265.4,64,3,3265.5,50,1,3265.6,232,4,3265.7,13,1
11536,2025-12-30 13:23:21+05:30,3265.2,1,3251.98,1222546,118597.0,122165.0,3250.0,3266.9,3239.8,3251.5,45122525,3576.6,2926.4,4322.95,2866.6,3265.1,54,5,3264.7,20,2,3264.5,4,1,3264.4,16,1,3264.3,39,2,3265.2,62,3,3265.4,64,3,3265.5,50,1,3265.6,232,4,3265.7,13,1
11536,2025-12-30 13:23:23+05:30,3265.2,1,3251.98,1222546,117177.0,124335.0,3250.0,3266.9,3239.8,3251.5,45122525,3576.6,2926.4,4322.95,2866.6,3265.1,54,5,3264.7,20,2,3264.5,4,1,3264.4,16,1,3264.3,3,1,3265.2,62,3,3265.4,77,3,3265.5,59,2,3265.6,286,6,3265.7,84,3
11536,2025-12-30 13:23:24+05:30,3265.2,1,3251.98,1222546,118770.0,121517.0,3250.0,3266.9,3239.8,3251.5,45122525,3576.6,2926.4,4322.95,2866.6,3265.1,54,5,3264.7,20,2,3264.5,4,1,3264.4,16,1,3264.3,3,1,3265.2,61,3,3265.4,77,3,3265.5,52,2,3265.6,286,6,3265.7,84,3
11536,2025-12-30 13:23:24+05:30,3265.2,1,3251.98,1222546,118770.0,121517.0,3250.0,3266.9,3239.8,3251.5,45122525,3576.6,2926.4,4322.95,2866.6,3265.1,54,5,3264.7,20,2,3264.5,4,1,3264.4,16,1,3264.3,3,1,3265.2,61,3,3265.4,77,3,3265.5,52,2,3265.6,286,6,3265.7,84,3
11536,2025-12-30 13:23:25+05:30,3265.6,24,3251.98,1222773,118868.0,122927.0,3250.0,3266.9,3239.8,3251.5,45122525,3576.6,2926.4,4322.95,2866.6,3265.1,54,5,3264.7,20,2,3264.6,87,2,3264.5,4,1,3264.4,16,1,3265.4,30,1,3265.6,194,2,3265.8,240,3,3265.9,18,1,3266.0,568,6
11536,2025-12-30 13:23:25+05:30,3265.6,24,3251.98,1222773,118868.0,122927.0,3250.0,3266.9,3239.8,3251.5,45122525,3576.6,2926.4,4322.95,2866.6,3265.1,54,5,3264.7,20,2,3264.6,87,2,3264.5,4,1,3264.4,16,1,3265.4,30,1,3265.6,194,2,3265.8,240,3,3265.9,18,1,3266.0,568,6
11536,2025-12-30 13:23:25+05:30,3265.4,1,3251.98,1222773,118868.0,122927.0,3250.0,3266.9,3239.8,3251.5,45122525,3576.6,2926.4,4322.95,2866.6,3265.1,54,5,3264.7,20,2,3264.6,87,2,3264.5,4,1,3264.4,16,1,3265.4,30,1,3265.6,194,2,3265.8,240,3,3265.9,18,1,3266.0,568,6
11536,2025-12-30 13:23:26+05:30,3265.1,1,3251.98,1222775,118502.0,122926.0,3250.0,3266.9,3239.8,3251.5,45122525,3576.6,2926.4,4322.95,2866.6,3265.1,53,5,3264.7,20,2,3264.6,47,1,3264.5,4,1,3264.4,52,2,3265.4,29,1,3265.6,194,2,3265.8,240,3,3265.9,18,1,3266.0,568,6
11536,2025-12-30 13:23:26+05:30,3265.1,1,3251.98,1222775,118502.0,122926.0,3250.0,3266.9,3239.8,3251.5,45122525,3576.6,2926.4,4322.95,2866.6,3265.1,53,5,3264.7,20,2,3264.6,47,1,3264.5,4,1,3264.4,52,2,3265.4,29,1,3265.6,194,2,3265.8,240,3,3265.9,18,1,3266.0,568,6
11536,2025-12-30 13:23:26+05:30,3265.1,1,3251.98,1222775,118502.0,122926.0,3250.0,3266.9,3239.8,3251.5,45122525,3576.6,2926.4,4322.95,2866.6,3265.1,53,5,3264.7,20,2,3264.6,47,1,3264.5,4,1,3264.4,52,2,3265.4,29,1,3265.6,194,2,3265.8,240,3,3265.9,18,1,3266.0,568,6
11536,2025-12-30 13:23:27+05:30,3265.4,1,3251.98,1222776,117405.0,122925.0,3250.0,3266.9,3239.8,3251.5,45122525,3576.6,2926.4,4322.95,2866.6,3265.1,53,5,3264.7,20,2,3264.5,4,1,3264.4,52,2,3264.3,43,2,3265.4,28,1,3265.6,194,2,3265.8,240,3,3265.9,18,1,3266.0,568,6
11536,2025-12-30 13:23:27+05:30,3265.4,1,3251.98,1222776,117405.0,122925.0,3250.0,3266.9,3239.8,3251.5,45122525,3576.6,2926.4,4322.95,2866.6,3265.1,53,5,3264.7,20,2,3264.5,4,1,3264.4,52,2,3264.3,43,2,3265.4,28,1,3265.6,194,2,3265.8,240,3,3265.9,18,1,3266.0,568,6
11536,2025-12-30 13:23:27+05:30,3265.4,1,3251.98,1222776,117405.0,122925.0,3250.0,3266.9,3239.8,3251.5,45122525,3576.6,2926.4,4322.95,2866.6,3265.1,53,5,3264.7,20,2,3264.5,4,1,3264.4,52,2,3264.3,43,2,3265.4,28,1,3265.6,194,2,3265.8,240,3,3265.9,18,1,3266.0,568,6
11536,2025-12-30 13:23:28+05:30,3265.4,1,3251.98,1222776,117405.0,122925.0,3250.0,3266.9,3239.8,3251.5,45122525,3576.6,2926.4,4322.95,2866.6,3265.1,53,5,3264.7,20,2,3264.5,4,1,3264.4,52,2,3264.3,43,2,3265.4,28,1,3265.6,194,2,3265.8,240,3,3265.9,18,1,3266.0,568,6
11536,2025-12-30 13:23:29+05:30,3265.4,1,3251.98,1222776,117405.0,122925.0,3250.0,3266.9,3239.8,3251.5,45122525,3576.6,2926.4,4322.95,2866.6,3265.1,53,5,3264.7,20,2,3264.5,4,1,3264.4,52,2,3264.3,43,2,3265.4,28,1,3265.6,194,2,3265.8,240,3,3265.9,18,1,3266.0,568,6
11536,2025-12-30 13:23:30+05:30,3265.0,16,3251.98,1222776,117405.0,122925.0,3250.0,3266.9,3239.8,3251.5,45122525,3576.6,2926.4,4322.95,2866.6,3265.1,53,5,3264.7,20,2,3264.5,4,1,3264.4,52,2,3264.3,43,2,3265.4,28,1,3265.6,194,2,3265.8,240,3,3265.9,18,1,3266.0,568,6
11536,2025-12-30 13:23:30+05:30,3265.0,16,3251.98,1222776,117405.0,122925.0,3250.0,3266.9,3239.8,3251.5,45122525,3576.6,2926.4,4322.95,2866.6,3265.1,53,5,3264.7,20,2,3264.5,4,1,3264.4,52,2,3264.3,43,2,3265.4,28,1,3265.6,194,2,3265.8,240,3,3265.9,18,1,3266.0,568,6
11536,2025-12-30 13:23:31+05:30,3265.0,16,3251.98,1222776,117405.0,122925.0,3250.0,3266.9,3239.8,3251.5,45122525,3576.6,2926.4,4322.95,2866.6,3265.1,53,5,3264.7,20,2,3264.5,4,1,3264.4,52,2,3264.3,43,2,3265.4,28,1,3265.6,194,2,3265.8,240,3,3265.9,18,1,3266.0,568,6
11536,2025-12-30 13:23:31+05:30,3265.1,1,3251.98,1223198,118711.0,124300.0,3250.0,3266.9,3239.8,3251.5,45122525,3576.6,2926.4,4322.95,2866.6,3265.1,143,1,3265.0,314,2,3264.7,16,2,3264.5,44,2,3264.4,63,2,3265.2,77,1,3265.4,5,1,3265.5,169,2,3265.7,25,2,3265.8,234,3
11536,2025-12-30 13:23:32+05:30,3265.1,1,3251.98,1223198,118711.0,124300.0,3250.0,3266.9,3239.8,3251.5,45122525,3576.6,2926.4,4322.95,2866.6,3265.1,143,1,3265.0,314,2,3264.7,16,2,3264.5,44,2,3264.4,63,2,3265.2,77,1,3265.4,5,1,3265.5,169,2,3265.7,25,2,3265.8,234,3
11536,2025-12-30 13:23:33+05:30,3265.1,1,3251.98,1223198,118711.0,124300.0,3250.0,3266.9,3239.8,3251.5,45122525,3576.6,2926.4,4322.95,2866.6,3265.1,143,1,3265.0,314,2,3264.7,16,2,3264.5,44,2,3264.4,63,2,3265.2,77,1,3265.4,5,1,3265.5,169,2,3265.7,25,2,3265.8,234,3
11536,2025-12-30 13:23:33+05:30,3265.1,1,3251.98,1223198,118711.0,124300.0,3250.0,3266.9,3239.8,3251.5,45122525,3576.6,2926.4,4322.95,2866.6,3265.1,143,1,3265.0,314,2,3264.7,16,2,3264.5,44,2,3264.4,63,2,3265.2,77,1,3265.4,5,1,3265.5,169,2,3265.7,25,2,3265.8,234,3
11536,2025-12-30 13:23:33+05:30,3265.1,1,3251.98,1223198,118711.0,124300.0,3250.0,3266.9,3239.8,3251.5,45122525,3576.6,2926.4,4322.95,2866.6,3265.1,143,1,3265.0,314,2,3264.7,16,2,3264.5,44,2,3264.4,63,2,3265.2,77,1,3265.4,5,1,3265.5,169,2,3265.7,25,2,3265.8,234,3
11536,2025-12-30 13:23:35+05:30,3265.1,1,3251.98,1223198,118711.0,124300.0,3250.0,3266.9,3239.8,3251.5,45122525,3576.6,2926.4,4322.95,2866.6,3265.1,143,1,3265.0,314,2,3264.7,16,2,3264.5,44,2,3264.4,63,2,3265.2,77,1,3265.4,5,1,3265.5,169,2,3265.7,25,2,3265.8,234,3
11536,2025-12-30 13:23:35+05:30,3265.2,1,3251.99,1223374,118350.0,123557.0,3250.0,3266.9,3239.8,3251.5,45122525,3576.6,2926.4,4322.95,2866.6,3265.1,10,1,3265.0,314,2,3264.7,16,2,3264.5,4,1,3264.4,16,1,3265.2,108,3,3265.3,4,1,3265.4,55,3,3265.5,30,2,3265.6,233,3
11536,2025-12-30 13:23:36+05:30,3265.2,1,3251.99,1223374,118350.0,123557.0,3250.0,3266.9,3239.8,3251.5,45122525,3576.6,2926.4,4322.95,2866.6,3265.1,10,1,3265.0,314,2,3264.7,16,2,3264.5,4,1,3264.4,16,1,3265.2,108,3,3265.3,4,1,3265.4,55,3,3265.5,30,2,3265.6,233,3
11536,2025-12-30 13:23:36+05:30,3265.2,1,3251.99,1223374,118350.0,123557.0,3250.0,3266.9,3239.8,3251.5,45122525,3576.6,2926.4,4322.95,2866.6,3265.1,10,1,3265.0,314,2,3264.7,16,2,3264.5,4,1,3264.4,16,1,3265.2,108,3,3265.3,4,1,3265.4,55,3,3265.5,30,2,3265.6,233,3
11536,2025-12-30 13:23:38+05:30,3265.2,1,3251.99,1223374,118350.0,123557.0,3250.0,3266.9,3239.8,3251.5,45122525,3576.6,2926.4,4322.95,2866.6,3265.1,10,1,3265.0,314,2,3264.7,16,2,3264.5,4,1,3264.4,16,1,3265.2,108,3,3265.3,4,1,3265.4,55,3,3265.5,30,2,3265.6,233,3
11536,2025-12-30 13:23:39+05:30,3265.2,6,3251.99,1223374,118350.0,123557.0,3250.0,3266.9,3239.8,3251.5,45122525,3576.6,2926.4,4322.95,2866.6,3265.1,10,1,3265.0,314,2,3264.7,16,2,3264.5,4,1,3264.4,16,1,3265.2,108,3,3265.3,4,1,3265.4,55,3,3265.5,30,2,3265.6,233,3
11536,2025-12-30 13:23:39+05:30,3265.2,6,3251.99,1223386,118810.0,123133.0,3250.0,3266.9,3239.8,3251.5,45122525,3576.6,2926.4,4322.95,2866.6,3265.1,58,2,3265.0,381,3,3264.7,16,2,3264.5,4,1,3264.4,52,2,3265.2,79,2,3265.4,5,1,3265.6,160,1,3265.7,99,5,3265.8,201,2
11536,2025-12-30 13:23:39+05:30,3265.2,6,3251.99,1223386,118810.0,123133.0,3250.0,3266.9,3239.8,3251.5,45122525,3576.6,2926.4,4322.95,2866.6,3265.1,58,2,3265.0,381,3,3264.7,16,2,3264.5,4,1,3264.4,52,2,3265.2,79,2,3265.4,5,1,3265.6,160,1,3265.7,99,5,3265.8,201,2
11536,2025-12-30 13:23:41+05:30,3265.2,6,3251.99,1223386,118810.0,123133.0,3250.0,3266.9,3239.8,3251.5,45122525,3576.6,2926.4,4322.95,2866.6,3265.1,58,2,3265.0,381,3,3264.7,16,2,3264.5,4,1,3264.4,52,2,3265.2,79,2,3265.4,5,1,3265.6,160,1,3265.7,99,5,3265.8,201,2
11536,2025-12-30 13:23:42+05:30,3264.7,4,3251.99,1223386,118810.0,123133.0,3250.0,3266.9,3239.8,3251.5,45122525,3576.6,2926.4,4322.95,2866.6,3265.1,58,2,3265.0,381,3,3264.7,16,2,3264.5,4,1,3264.4,52,2,3265.2,79,2,3265.4,5,1,3265.6,160,1,3265.7,99,5,3265.8,201,2
11536,2025-12-30 13:23:42+05:30,3264.7,4,3251.99,1223386,118810.0,123133.0,3250.0,3266.9,3239.8,3251.5,45208975,3576.6,2926.4,4322.95,2866.6,3265.1,58,2,3265.0,381,3,3264.7,16,2,3264.5,4,1,3264.4,52,2,3265.2,79,2,3265.4,5,1,3265.6,160,1,3265.7,99,5,3265.8,201,2
11536,2025-12-30 13:23:44+05:30,3264.7,1,3251.99,1223962,118310.0,122494.0,3250.0,3266.9,3239.8,3251.5,45208975,3576.6,2926.4,4322.95,2866.6,3264.7,11,2,3264.5,4,1,3264.4,64,2,3264.3,40,1,3264.2,16,1,3265.0,77,1,3265.1,2,2,3265.2,14,1,3265.4,165,2,3265.7,5,2
11536,2025-12-30 13:23:45+05:30,3264.7,1,3251.99,1223962,118310.0,122494.0,3250.0,3266.9,3239.8,3251.5,45208975,3576.6,2926.4,4322.95,2866.6,3264.7,11,2,3264.5,4,1,3264.4,64,2,3264.3,40,1,3264.2,16,1,3265.0,77,1,3265.1,2,2,3265.2,14,1,3265.4,165,2,3265.7,5,2
11536,2025-12-30 13:23:45+05:30,3265.0,1,3251.99,1223962,118310.0,122494.0,3250.0,3266.9,3239.8,3251.5,45208975,3576.6,2926.4,4322.95,2866.6,3264.7,11,2,3264.5,4,1,3264.4,64,2,3264.3,40,1,3264.2,16,1,3265.0,77,1,3265.1,2,2,3265.2,14,1,3265.4,165,2,3265.7,5,2
11536,2025-12-30 13:23:48+05:30,3265.0,7,3251.99,1223962,118310.0,122494.0,3250.0,3266.9,3239.8,3251.5,45208975,3576.6,2926.4,4322.95,2866.6,3264.7,11,2,3264.5,4,1,3264.4,64,2,3264.3,40,1,3264.2,16,1,3265.0,77,1,3265.1,2,2,3265.2,14,1,3265.4,165,2,3265.7,5,2
11536,2025-12-30 13:23:48+05:30,3265.0,7,3251.99,1223978,118497.0,123732.0,3250.0,3266.9,3239.8,3251.5,45208975,3576.6,2926.4,4322.95,2866.6,3264.7,10,2,3264.6,48,1,3264.5,43,3,3264.4,79,3,3264.2,54,2,3265.0,81,3,3265.1,1,1,3265.5,160,1,3265.7,2,1,3265.8,206,2
11536,2025-12-30 13:23:50+05:30,3264.7,7,3251.99,1223978,118497.0,123732.0,3250.0,3266.9,3239.8,3251.5,45208975,3576.6,2926.4,4322.95,2866.6,3264.7,10,2,3264.6,48,1,3264.5,43,3,3264.4,79,3,3264.2,54,2,3265.0,81,3,3265.1,1,1,3265.5,160,1,3265.7,2,1,3265.8,206,2
11536,2025-12-30 13:23:52+05:30,3265.0,12,3251.99,1224003,117768.0,123710.0,3250.0,3266.9,3239.8,3251.5,45208975,3576.6,2926.4,4322.95,2866.6,3264.7,20,2,3264.5,4,1,3264.4,16,1,3264.2,18,1,3264.1,11,4,3265.0,97,4,3265.1,1,1,3265.2,160,1,3265.6,88,2,3265.7,2,1
11536,2025-12-30 13:23:54+05:30,3264.7,1,3251.99,1224003,117768.0,123710.0,3250.0,3266.9,3239.8,3251.5,45208975,3576.6,2926.4,4322.95,2866.6,3264.7,20,2,3264.5,4,1,3264.4,16,1,3264.2,18,1,3264.1,11,4,3265.0,97,4,3265.1,1,1,3265.2,160,1,3265.6,88,2,3265.7,2,1
11536,2025-12-30 13:23:56+05:30,3264.9,1,3251.99,1224006,117315.0,124277.0,3250.0,3266.9,3239.8,3251.5,45208975,3576.6,2926.4,4322.95,2866.6,3264.7,20,2,3264.5,4,1,3264.4,37,2,3264.3,42,2,3264.2,40,1,3264.9,159,1,3265.0,96,4,3265.1,1,1,3265.6,20,1,3265.7,182,2
11536,2025-12-30 13:23:57+05:30,3264.7,11,3251.99,1224006,117315.0,124277.0,3250.0,3266.9,3239.8,3251.5,45208975,3576.6,2926.4,4322.95,2866.6,3264.7,20,2,3264.5,4,1,3264.4,37,2,3264.3,42,2,3264.2,40,1,3264.9,159,1,3265.0,96,4,3265.1,1,1,3265.6,20,1,3265.7,182,2
11536,2025-12-30 13:24:00+05:30,3264.8,1,3251.99,1224006,117315.0,124277.0,3250.0,3266.9,3239.8,3251.5,45208975,3576.6,2926.4,4322.95,2866.6,3264.7,20,2,3264.5,4,1,3264.4,37,2,3264.3,42,2,3264.2,40,1,3264.9,159,1,3265.0,96,4,3265.1,1,1,3265.6,20,1,3265.7,182,2
11536,2025-12-30 13:24:01+05:30,3264.8,1,3251.99,1224046,117326.0,124207.0,3250.0,3266.9,3239.8,3251.5,45208975,3576.6,2926.4,4322.95,2866.6,3264.7,2,2,3264.5,4,1,3264.4,16,1,3264.1,48,5,3264.0,51,6,3264.8,158,1,3264.9,3,1,3265.0,82,3,3265.1,1,1,3265.4,40,1
11536,2025-12-30 13:24:03+05:30,3264.8,2,3251.99,1224046,117326.0,124207.0,3250.0,3266.9,3239.8,3251.5,45208975,3576.6,2926.4,4322.95,2866.6,3264.7,2,2,3264.5,4,1,3264.4,16,1,3264.1,48,5,3264.0,51,6,3264.8,158,1,3264.9,3,1,3265.0,82,3,3265.1,1,1,3265.4,40,1
11536,2025-12-30 13:24:05+05:30,3264.8,1,3251.99,1224051,116932.0,124429.0,3250.0,3266.9,3239.8,3251.5,45208975,3576.6,2926.4,4322.95,2866.6,3264.7,19,1,3264.5,4,1,3264.4,16,1,3264.3,19,1,3264.1,75,6,3264.8,53,3,3265.0,50,2,3265.1,1,1,3265.4,158,1,3265.6,3,1
11536,2025-12-30 13:24:06+05:30,3264.8,3,3251.99,1224051,116932.0,124429.0,3250.0,3266.9,3239.8,3251.5,45208975,3576.6,2926.4,4322.95,2866.6,3264.7,19,1,3264.5,4,1,3264.4,16,1,3264.3,19,1,3264.1,75,6,3264.8,53,3,3265.0,50,2,3265.1,1,1,3265.4,158,1,3265.6,3,1
11536,2025-12-30 13:24:09+05:30,3264.7,1,3251.99,1224051,116932.0,124429.0,3250.0,3266.9,3239.8,3251.5,45208975,3576.6,2926.4,4322.95,2866.6,3264.7,19,1,3264.5,4,1,3264.4,16,1,3264.3,19,1,3264.1,75,6,3264.8,53,3,3265.0,50,2,3265.1,1,1,3265.4,158,1,3265.6,3,1
11536,2025-12-30 13:24:09+05:30,3265.0,1,3252.0,1224510,117887.0,122824.0,3250.0,3266.9,3239.8,3251.5,45208975,3576.6,2926.4,4322.95,2866.6,3264.7,19,2,3264.5,4,1,3264.4,16,1,3264.1,11,4,3264.0,45,7,3265.0,5,2,3265.1,1,1,3265.2,158,1,3265.3,30,1,3265.4,54,2
11536,2025-12-30 13:24:12+05:30,3265.0,1,3252.0,1224510,117887.0,122824.0,3250.0,3266.9,3239.8,3251.5,45208975,3576.6,2926.4,4322.95,2866.6,3264.7,19,2,3264.5,4,1,3264.4,16,1,3264.1,11,4,3264.0,45,7,3265.0,5,2,3265.1,1,1,3265.2,158,1,3265.3,30,1,3265.4,54,2
11536,2025-12-30 13:24:14+05:30,3264.7,40,3252.0,1224568,117658.0,123604.0,3250.0,3266.9,3239.8,3251.5,45208975,3576.6,2926.4,4322.95,2866.6,3264.5,4,1,3264.4,16,1,3264.1,8,3,3264.0,38,6,3263.9,32,4,3264.7,356,1,3265.1,1,1,3265.2,158,1,3265.3,28,1,3265.4,38,1
11536,2025-12-30 13:24:15+05:30,3264.7,1,3252.0,1224568,117658.0,123604.0,3250.0,3266.9,3239.8,3251.5,45208975,3576.6,2926.4,4322.95,2866.6,3264.5,4,1,3264.4,16,1,3264.1,8,3,3264.0,38,6,3263.9,32,4,3264.7,356,1,3265.1,1,1,3265.2,158,1,3265.3,28,1,3265.4,38,1
11536,2025-12-30 13:24:18+05:30,3264.5,1,3252.0,1224571,118017.0,124473.0,3250.0,3266.9,3239.8,3251.5,45208975,3576.6,2926.4,4322.95,2866.6,3264.5,56,4,3264.4,16,1,3264.1,44,4,3264.0,81,7,3263.9,60,5,3264.7,354,1,3265.1,1,1,3265.2,158,1,3265.5,3,1,3265.6,21,1
11536,2025-12-30 13:24:18+05:30,3264.5,1,3252.0,1224571,118017.0,124473.0,3250.0,3266.9,3239.8,3251.5,45208975,3576.6,2926.4,4322.95,2866.6,3264.5,56,4,3264.4,16,1,3264.1,44,4,3264.0,81,7,3263.9,60,5,3264.7,354,1,3265.1,1,1,3265.2,158,1,3265.5,3,1,3265.6,21,1
11536,2025-12-30 13:24:22+05:30,3264.7,1,3252.0,1224572,117092.0,125165.0,3250.0,3266.9,3239.8,3251.5,45208975,3576.6,2926.4,4322.95,2866.6,3264.5,56,4,3264.4,16,1,3264.1,8,3,3264.0,22,5,3263.9,28,3,3264.7,353,1,3265.1,159,2,3265.2,21,1,3265.3,23,1,3265.4,90,3
11536,2025-12-30 13:24:24+05:30,3264.5,1,3252.0,1224572,117092.0,125165.0,3250.0,3266.9,3239.8,3251.5,45208975,3576.6,2926.4,4322.95,2866.6,3264.5,56,4,3264.4,16,1,3264.1,8,3,3264.0,22,5,3263.9,28,3,3264.7,353,1,3265.1,159,2,3265.2,21,1,3265.3,23,1,3265.4,90,3
11536,2025-12-30 13:24:26+05:30,3264.5,24,3252.0,1224604,117006.0,124441.0,3250.0,3266.9,3239.8,3251.5,45208975,3576.6,2926.4,4322.95,2866.6,3264.5,32,3,3264.4,16,1,3264.1,8,3,3264.0,22,5,3263.9,28,3,3264.7,364,3,3265.1,194,3,3265.2,62,2,3265.3,23,1,3265.4,55,2
11536,2025-12-30 13:24:27+05:30,3264.5,24,3252.0,1224604,117006.0,124441.0,3250.0,3266.9,3239.8,3251.5,45208975,3576.6,2926.4,4322.95,2866.6,3264.5,32,3,3264.4,16,1,3264.1,8,3,3264.0,22,5,3263.9,28,3,3264.7,364,3,3265.1,194,3,3265.2,62,2,3265.3,23,1,3265.4,55,2
11536,2025-12-30 13:24:28+05:30,3264.5,3,3252.0,1224612,117137.0,124445.0,3250.0,3266.9,3239.8,3251.5,45208975,3576.6,2926.4,4322.95,2866.6,3264.5,25,4,3264.4,16,1,3264.1,8,3,3264.0,22,5,3263.9,12,2,3264.7,364,3,3265.0,4,1,3265.1,194,3,3265.2,62,2,3265.3,23,1
11536,2025-12-30 13:24:28+05:30,3264.5,3,3252.0,1224612,117137.0,124445.0,3250.0,3266.9,3239.8,3251.5,45208975,3576.6,2926.4,4322.95,2866.6,3264.5,25,4,3264.4,16,1,3264.1,8,3,3264.0,22,5,3263.9,12,2,3264.7,364,3,3265.0,4,1,3265.1,194,3,3265.2,62,2,3265.3,23,1
11536,2025-12-30 13:24:29+05:30,3264.7,1,3252.0,1224612,117137.0,124445.0,3250.0,3266.9,3239.8,3251.5,45208975,3576.6,2926.4,4322.95,2866.6,3264.5,25,4,3264.4,16,1,3264.1,8,3,3264.0,22,5,3263.9,12,2,3264.7,364,3,3265.0,4,1,3265.1,194,3,3265.2,62,2,3265.3,23,1
11536,2025-12-30 13:24:29+05:30,3264.7,1,3252.0,1224613,117172.0,124608.0,3250.0,3266.9,3239.8,3251.5,45208975,3576.6,2926.4,4322.95,2866.6,3264.5,25,4,3264.4,16,1,3264.1,8,3,3264.0,22,5,3263.9,12,2,3264.7,363,3,3265.0,4,1,3265.1,194,3,3265.2,62,2,3265.3,23,1
11536,2025-12-30 13:24:30+05:30,3264.7,1,3252.0,1224613,117172.0,124783.0,3250.0,3266.9,3239.8,3251.5,45208975,3576.6,2926.4,4322.95,2866.6,3264.5,25,4,3264.4,16,1,3264.1,8,3,3264.0,22,5,3263.9,12,2,3264.7,363,3,3265.0,4,1,3265.1,194,3,3265.2,62,2,3265.3,23,1
11536,2025-12-30 13:24:31+05:30,3264.7,2,3252.0,1224613,117172.0,124783.0,3250.0,3266.9,3239.8,3251.5,45208975,3576.6,2926.4,4322.95,2866.6,3264.5,25,4,3264.4,16,1,3264.1,8,3,3264.0,22,5,3263.9,12,2,3264.7,363,3,3265.0,4,1,3265.1,194,3,3265.2,62,2,3265.3,23,1
11536,2025-12-30 13:24:31+05:30,3264.7,2,3252.0,1224620,117158.0,124761.0,3250.0,3266.9,3239.8,3251.5,45208975,3576.6,2926.4,4322.95,2866.6,3264.5,20,4,3264.4,16,1,3264.1,8,3,3264.0,22,5,3263.9,12,2,3264.7,361,3,3265.0,4,1,3265.1,194,3,3265.2,62,2,3265.3,41,2
11536,2025-12-30 13:24:32+05:30,3264.7,123,3252.0,1224620,117158.0,124761.0,3250.0,3266.9,3239.8,3251.5,45208975,3576.6,2926.4,4322.95,2866.6,3264.5,20,4,3264.4,16,1,3264.1,8,3,3264.0,22,5,3263.9,12,2,3264.7,361,3,3265.0,4,1,3265.1,194,3,3265.2,62,2,3265.3,41,2
11536,2025-12-30 13:24:32+05:30,3264.7,123,3252.0,1224747,117828.0,124518.0,3250.0,3266.9,3239.8,3251.5,45208975,3576.6,2926.4,4322.95,2866.6,3264.5,18,4,3264.4,16,1,3264.1,25,4,3264.0,58,6,3263.9,28,3,3264.7,236,3,3265.0,4,1,3265.1,194,3,3265.2,21,1,3265.3,23,1
11536,2025-12-30 13:24:33+05:30,3264.7,3,3252.0,1224747,117828.0,124518.0,3250.0,3266.9,3239.8,3251.5,45208975,3576.6,2926.4,4322.95,2866.6,3264.5,18,4,3264.4,16,1,3264.1,25,4,3264.0,58,6,3263.9,28,3,3264.7,236,3,3265.0,4,1,3265.1,194,3,3265.2,21,1,3265.3,23,1
11536,2025-12-30 13:24:33+05:30,3264.7,1,3252.0,1224751,117846.0,123666.0,3250.0,3266.9,3239.8,3251.5,45208975,3576.6,2926.4,4322.95,2866.6,3264.5,17,3,3264.4,16,1,3264.1,8,3,3264.0,58,6,3263.9,28,3,3264.7,264,4,3265.0,4,1,3265.1,159,2,3265.3,76,2,3265.4,26,1
11536,2025-12-30 13:24:34+05:30,3264.5,1,3252.0,1224751,117846.0,123666.0,3250.0,3266.9,3239.8,3251.5,45208975,3576.6,2926.4,4322.95,2866.6,3264.5,17,3,3264.4,16,1,3264.1,8,3,3264.0,58,6,3263.9,28,3,3264.7,264,4,3265.0,4,1,3265.1,159,2,3265.3,76,2,3265.4,26,1
11536,2025-12-30 13:24:34+05:30,3264.5,1,3252.0,1224752,117837.0,123240.0,3250.0,3266.9,3239.8,3251.5,45208975,3576.6,2926.4,4322.95,2866.6,3264.5,16,3,3264.4,16,1,3264.1,25,4,3264.0,58,6,3263.9,28,3,3264.7,264,4,3265.0,9,2,3265.1,159,2,3265.4,26,1,3265.5,3,1
11536,2025-12-30 13:24:35+05:30,3264.7,32,3252.0,1224752,117837.0,123240.0,3250.0,3266.9,3239.8,3251.5,45208975,3576.6,2926.4,4322.95,2866.6,3264.5,16,3,3264.4,16,1,3264.1,25,4,3264.0,58,6,3263.9,28,3,3264.7,264,4,3265.0,9,2,3265.1,159,2,3265.4,26,1,3265.5,3,1
11536,2025-12-30 13:24:35+05:30,3264.7,32,3252.0,1225018,117506.0,123289.0,3250.0,3266.9,3239.8,3251.5,45208975,3576.6,2926.4,4322.95,2866.6,3264.5,14,3,3264.4,16,1,3264.1,8,3,3264.0,78,8,3263.9,53,3,3264.7,400,1,3265.0,9,2,3265.1,1,1,3265.2,26,1,3265.4,26,1
11536,2025-12-30 13:24:36+05:30,3264.7,32,3252.0,1225018,117641.0,125100.0,3250.0,3266.9,3239.8,3251.5,45208975,3576.6,2926.4,4322.95,2866.6,3264.5,14,3,3264.4,16,1,3264.1,8,3,3264.0,78,8,3263.9,69,4,3264.7,400,1,3265.0,9,2,3265.1,1,1,3265.3,26,1,3265.4,31,1
11536,2025-12-30 13:24:37+05:30,3264.7,2,3252.0,1225018,117641.0,125100.0,3250.0,3266.9,3239.8,3251.5,45208975,3576.6,2926.4,4322.95,2866.6,3264.5,14,3,3264.4,16,1,3264.1,8,3,3264.0,78,8,3263.9,69,4,3264.7,400,1,3265.0,9,2,3265.1,1,1,3265.3,26,1,3265.4,31,1
11536,2025-12-30 13:24:37+05:30,3264.7,2,3252.0,1225020,117658.0,125079.0,3250.0,3266.9,3239.8,3251.5,45208975,3576.6,2926.4,4322.95,2866.6,3264.5,14,3,3264.4,16,1,3264.1,8,3,3264.0,96,9,3263.9,53,3,3264.7,398,1,3265.0,9,2,3265.1,1,1,3265.3,26,1,3265.4,31,1
11536,2025-12-30 13:24:38+05:30,3264.7,4,3252.0,1225020,117658.0,125079.0,3250.0,3266.9,3239.8,3251.5,45208975,3576.6,2926.4,4322.95,2866.6,3264.5,14,3,3264.4,16,1,3264.1,8,3,3264.0,96,9,3263.9,53,3,3264.7,398,1,3265.0,9,2,3265.1,1,1,3265.3,26,1,3265.4,31,1
11536,2025-12-30 13:24:38+05:30,3264.5,1,3252.0,1225025,117588.0,124568.0,3250.0,3266.9,3239.8,3251.5,45208975,3576.6,2926.4,4322.95,2866.6,3264.5,13,3,3264.4,16,1,3264.1,8,3,3264.0,43,7,3263.9,12,2,3264.7,394,1,3265.0,9,2,3265.1,1,1,3265.3,26,1,3265.4,31,1
11536,2025-12-30 13:24:39+05:30,3264.5,1,3252.0,1225025,117588.0,124568.0,3250.0,3266.9,3239.8,3251.5,45208975,3576.6,2926.4,4322.95,2866.6,3264.5,13,3,3264.4,16,1,3264.1,8,3,3264.0,43,7,3263.9,12,2,3264.7,394,1,3265.0,9,2,3265.1,1,1,3265.3,26,1,3265.4,31,1
11536,2025-12-30 13:24:39+05:30,3264.5,1,3252.0,1225025,117588.0,123876.0,3250.0,3266.9,3239.8,3251.5,45208975,3576.6,2926.4,4322.95,2866.6,3264.5,13,3,3264.4,16,1,3264.1,8,3,3264.0,43,7,3263.9,12,2,3264.7,394,1,3265.0,9,2,3265.1,1,1,3265.3,26,1,3265.4,31,1
11536,2025-12-30 13:24:40+05:30,3264.5,5,3252.0,1225025,117588.0,123876.0,3250.0,3266.9,3239.8,3251.5,45208975,3576.6,2926.4,4322.95,2866.6,3264.5,13,3,3264.4,16,1,3264.1,8,3,3264.0,43,7,3263.9,12,2,3264.7,394,1,3265.0,9,2,3265.1,1,1,3265.3,26,1,3265.4,31,1
11536,2025-12-30 13:24:40+05:30,3264.5,5,3252.0,1225030,117589.0,124932.0,3250.0,3266.9,3239.8,3251.5,45208975,3576.6,2926.4,4322.95,2866.6,3264.5,8,3,3264.4,16,1,3264.1,8,3,3264.0,59,8,3263.9,12,2,3264.7,394,1,3265.0,9,2,3265.1,1,1,3265.3,26,1,3265.5,3,1
11536,2025-12-30 13:24:41+05:30,3264.5,27,3252.0,1225061,116782.0,125147.0,3250.0,3266.9,3239.8,3251.5,45208975,3576.6,2926.4,4322.95,2866.6,3264.4,16,1,3264.1,8,3,3264.0,56,7,3263.9,12,2,3263.8,105,5,3264.5,26,1,3264.7,394,1,3265.0,9,2,3265.1,1,1,3265.3,26,1
11536,2025-12-30 13:24:42+05:30,3264.5,27,3252.0,1225061,116782.0,125147.0,3250.0,3266.9,3239.8,3251.5,45208975,3576.6,2926.4,4322.95,2866.6,3264.4,16,1,3264.1,8,3,3264.0,56,7,3263.9,12,2,3263.8,105,5,3264.5,26,1,3264.7,394,1,3265.0,9,2,3265.1,1,1,3265.3,26,1
11536,2025-12-30 13:24:42+05:30,3264.1,1,3252.0,1225234,115889.0,125044.0,3250.0,3266.9,3239.8,3251.5,45208975,3576.6,2926.4,4322.95,2866.6,3264.1,7,3,3264.0,5,4,3263.9,27,3,3263.8,9,2,3263.7,61,5,3264.4,28,1,3264.5,1,1,3264.7,394,1,3264.9,19,1,3265.0,9,2
11536,2025-12-30 13:24:43+05:30,3264.1,1,3252.0,1225234,115889.0,125044.0,3250.0,3266.9,3239.8,3251.5,45208975,3576.6,2926.4,4322.95,2866.6,3264.1,7,3,3264.0,5,4,3263.9,27,3,3263.8,9,2,3263.7,61,5,3264.4,28,1,3264.5,1,1,3264.7,394,1,3264.9,19,1,3265.0,9,2
11536,2025-12-30 13:24:43+05:30,3264.1,1,3252.0,1225235,115756.0,125220.0,3250.0,3266.9,3239.8,3251.5,45208975,3576.6,2926.4,4322.95,2866.6,3264.1,6,3,3264.0,5,4,3263.9,27,3,3263.8,6,1,3263.7,61,5,3264.4,28,1,3264.5,1,1,3264.7,394,1,3264.9,19,1,3265.0,9,2
11536,2025-12-30 13:24:44+05:30,3266.2,10,3252.0,1225235,115756.0,125220.0,3250.0,3266.9,3239.8,3251.5,45208975,3576.6,2926.4,4322.95,2866.6,3264.1,6,3,3264.0,5,4,3263.9,27,3,3263.8,6,1,3263.7,61,5,3264.4,28,1,3264.5,1,1,3264.7,394,1,3264.9,19,1,3265.0,9,2
11536,2025-12-30 13:24:44+05:30,3265.7,1,3252.03,1228003,116728.0,123043.0,3250.0,3266.9,3239.8,3251.5,45208975,3576.6,2926.4,4322.95,2866.6,3264.3,393,6,3264.2,110,3,3264.1,83,8,3264.0,339,11,3263.9,126,6,3265.7,17,1,3265.8,112,4,3265.9,228,3,3266.0,91,3,3266.1,34,1
11536,2025-12-30 13:24:45+05:30,3265.7,1,3252.03,1228003,116728.0,123043.0,3250.0,3266.9,3239.8,3251.5,45208975,3576.6,2926.4,4322.95,2866.6,3264.3,393,6,3264.2,110,3,3264.1,83,8,3264.0,339,11,3263.9,126,6,3265.7,17,1,3265.8,112,4,3265.9,228,3,3266.0,91,3,3266.1,34,1
11536,2025-12-30 13:24:45+05:30,3265.7,1,3252.03,1228004,115982.0,122948.0,3250.0,3266.9,3239.8,3251.5,45208975,3576.6,2926.4,4322.95,2866.6,3264.2,39,1,3264.1,292,11,3264.0,60,8,3263.9,126,6,3263.8,262,7,3265.5,50,3,3265.6,18,1,3265.7,175,1,3265.8,186,6,3265.9,53,2
11536,2025-12-30 13:24:46+05:30,3265.5,1,3252.03,1228004,115982.0,122948.0,3250.0,3266.9,3239.8,3251.5,45208975,3576.6,2926.4,4322.95,2866.6,3264.2,39,1,3264.1,292,11,3264.0,60,8,3263.9,126,6,3263.8,262,7,3265.5,50,3,3265.6,18,1,3265.7,175,1,3265.8,186,6,3265.9,53,2
11536,2025-12-30 13:24:46+05:30,3265.5,1,3252.03,1228005,116686.0,123148.0,3250.0,3266.9,3239.8,3251.5,45208975,3576.6,2926.4,4322.95,2866.6,3264.2,432,8,3264.1,192,11,3264.0,235,9,3263.9,126,6,3263.8,282,8,3265.5,28,2,3265.6,18,1,3265.7,175,1,3265.8,152,5,3265.9,38,1
11536,2025-12-30 13:24:47+05:30,3265.5,1,3252.03,1228005,115343.0,123015.0,3250.0,3266.9,3239.8,3251.5,45208975,3576.6,2926.4,4322.95,2866.6,3264.2,353,6,3264.1,159,11,3264.0,41,8,3263.9,83,5,3263.8,316,9,3265.5,31,1,3265.6,51,2,3265.7,175,1,3265.8,192,7,3265.9,38,1
11536,2025-12-30 13:24:48+05:30,3265.5,3,3252.03,1228005,115343.0,123015.0,3250.0,3266.9,3239.8,3251.5,45208975,3576.6,2926.4,4322.95,2866.6,3264.2,353,6,3264.1,159,11,3264.0,41,8,3263.9,83,5,3263.8,316,9,3265.5,31,1,3265.6,51,2,3265.7,175,1,3265.8,192,7,3265.9,38,1
11536,2025-12-30 13:24:48+05:30,3265.5,3,3252.03,1228008,115916.0,123199.0,3250.0,3266.9,3239.8,3251.5,45208975,3576.6,2926.4,4322.95,2866.6,3264.2,353,6,3264.1,159,11,3264.0,41,8,3263.9,83,5,3263.8,171,9,3265.5,28,1,3265.6,51,2,3265.7,175,1,3265.8,186,6,3265.9,38,1
11536,2025-12-30 13:24:49+05:30,3265.5,3,3252.03,1228008,118231.0,123257.0,3250.0,3266.9,3239.8,3251.5,45208975,3576.6,2926.4,4322.95,2866.6,3264.3,74,3,3264.2,314,3,3264.1,121,10,3264.0,92,10,3263.9,165,7,3265.5,14,1,3265.6,18,1,3265.7,175,1,3265.8,114,4,3265.9,38,1
11536,2025-12-30 13:24:50+05:30,3264.3,1,3252.03,1228009,118239.0,123299.0,3250.0,3266.9,3239.8,3251.5,45208975,3576.6,2926.4,4322.95,2866.6,3264.3,109,4,3264.2,323,4,3264.1,121,10,3264.0,92,10,3263.9,165,7,3265.5,14,1,3265.6,18,1,3265.7,206,2,3265.8,114,4,3265.9,38,1
11536,2025-12-30 13:24:51+05:30,3264.3,1,3252.03,1228009,118239.0,123299.0,3250.0,3266.9,3239.8,3251.5,45208975,3576.6,2926.4,4322.95,2866.6,3264.3,109,4,3264.2,323,4,3264.1,121,10,3264.0,92,10,3263.9,165,7,3265.5,14,1,3265.6,18,1,3265.7,206,2,3265.8,114,4,3265.9,38,1
11536,2025-12-30 13:24:51+05:30,3265.5,3,3252.03,1228012,116975.0,123234.0,3250.0,3266.9,3239.8,3251.5,45208975,3576.6,2926.4,4322.95,2866.6,3264.3,135,2,3264.2,129,2,3264.1,175,11,3264.0,47,8,3263.9,255,6,3265.5,54,3,3265.6,120,4,3265.7,175,1,3265.8,151,6,3265.9,59,2
11536,2025-12-30 13:24:52+05:30,3265.5,3,3252.03,1228012,116975.0,123234.0,3250.0,3266.9,3239.8,3251.5,45208975,3576.6,2926.4,4322.95,2866.6,3264.3,135,2,3264.2,129,2,3264.1,175,11,3264.0,47,8,3263.9,255,6,3265.5,54,3,3265.6,120,4,3265.7,175,1,3265.8,151,6,3265.9,59,2
11536,2025-12-30 13:24:52+05:30,3265.5,3,3252.03,1228012,117002.0,120761.0,3250.0,3266.9,3239.8,3251.5,45208975,3576.6,2926.4,4322.95,2866.6,3264.3,134,1,3264.2,96,1,3264.1,99,9,3264.0,93,9,3263.9,94,5,3265.4,138,5,3265.5,186,2,3265.6,101,4,3265.8,151,6,3265.9,59,2
11536,2025-12-30 13:24:53+05:30,3264.3,134,3252.03,1228012,117002.0,120761.0,3250.0,3266.9,3239.8,3251.5,45208975,3576.6,2926.4,4322.95,2866.6,3264.3,134,1,3264.2,96,1,3264.1,99,9,3264.0,93,9,3263.9,94,5,3265.4,138,5,3265.5,186,2,3265.6,101,4,3265.8,151,6,3265.9,59,2
11536,2025-12-30 13:24:53+05:30,3264.3,134,3252.04,1228146,116103.0,122957.0,3250.0,3266.9,3239.8,3251.5,45208975,3576.6,2926.4,4322.95,2866.6,3264.2,97,2,3264.1,72,6,3264.0,5,4,3263.9,28,3,3263.8,64,4,3264.3,266,1,3265.3,2,1,3265.4,130,5,3265.5,35,2,3265.6,286,5
11536,2025-12-30 13:24:54+05:30,3264.3,2,3252.04,1228146,116103.0,122957.0,3250.0,3266.9,3239.8,3251.5,45208975,3576.6,2926.4,4322.95,2866.6,3264.2,97,2,3264.1,72,6,3264.0,5,4,3263.9,28,3,3263.8,64,4,3264.3,266,1,3265.3,2,1,3265.4,130,5,3265.5,35,2,3265.6,286,5
11536,2025-12-30 13:24:54+05:30,3264.2,2,3252.04,1228150,116322.0,121780.0,3250.0,3266.9,3239.8,3251.5,45208975,3576.6,2926.4,4322.95,2866.6,3264.2,95,2,3264.1,90,7,3264.0,5,4,3263.9,45,3,3263.8,61,5,3264.3,264,1,3265.3,2,1,3265.4,130,5,3265.5,35,2,3265.6,111,4
11536,2025-12-30 13:24:55+05:30,3264.3,1,3252.04,1228150,116322.0,121780.0,3250.0,3266.9,3239.8,3251.5,45208975,3576.6,2926.4,4322.95,2866.6,3264.2,95,2,3264.1,90,7,3264.0,5,4,3263.9,45,3,3263.8,61,5,3264.3,264,1,3265.3,2,1,3265.4,130,5,3265.5,35,2,3265.6,111,4
11536,2025-12-30 13:24:55+05:30,3264.2,1,3252.04,1228155,116326.0,123404.0,3250.0,3266.9,3239.8,3251.5,45208975,3576.6,2926.4,4322.95,2866.6,3264.2,94,2,3264.1,90,7,3264.0,5,4,3263.9,45,3,3263.8,61,5,3264.3,271,2,3265.3,2,1,3265.4,119,4,3265.5,210,3,3265.6,111,4
11536,2025-12-30 13:24:56+05:30,3264.3,2,3252.04,1228155,116326.0,123404.0,3250.0,3266.9,3239.8,3251.5,45208975,3576.6,2926.4,4322.95,2866.6,3264.2,94,2,3264.1,90,7,3264.0,5,4,3263.9,45,3,3263.8,61,5,3264.3,271,2,3265.3,2,1,3265.4,119,4,3265.5,210,3,3265.6,111,4
11536,2025-12-30 13:24:56+05:30,3264.3,2,3252.04,1228158,116326.0,122184.0,3250.0,3266.9,3239.8,3251.5,45208975,3576.6,2926.4,4322.95,2866.6,3264.2,94,2,3264.1,90,7,3264.0,5,4,3263.9,45,3,3263.8,61,5,3264.3,268,2,3265.3,2,1,3265.4,119,4,3265.5,35,2,3265.6,286,5
11536,2025-12-30 13:24:57+05:30,3264.3,3,3252.04,1228161,116345.0,123223.0,3250.0,3266.9,3239.8,3251.5,45208975,3576.6,2926.4,4322.95,2866.6,3264.2,103,3,3264.1,90,7,3264.0,15,5,3263.9,45,3,3263.8,99,6,3264.3,265,2,3265.3,2,1,3265.4,119,4,3265.5,35,2,3265.6,286,5
11536,2025-12-30 13:24:58+05:30,3264.2,2,3252.04,1228161,116345.0,123223.0,3250.0,3266.9,3239.8,3251.5,45208975,3576.6,2926.4,4322.95,2866.6,3264.2,103,3,3264.1,90,7,3264.0,15,5,3263.9,45,3,3263.8,99,6,3264.3,265,2,3265.3,2,1,3265.4,119,4,3265.5,35,2,3265.6,286,5
11536,2025-12-30 13:24:58+05:30,3264.2,2,3252.04,1228163,116343.0,123223.0,3250.0,3266.9,3239.8,3251.5,45208975,3576.6,2926.4,4322.95,2866.6,3264.2,101,3,3264.1,90,7,3264.0,15,5,3263.9,45,3,3263.8,99,6,3264.3,265,2,3265.3,2,1,3265.4,119,4,3265.5,35,2,3265.6,286,5
11536,2025-12-30 13:24:59+05:30,3264.3,10,3252.04,1228163,116343.0,123223.0,3250.0,3266.9,3239.8,3251.5,45208975,3576.6,2926.4,4322.95,2866.6,3264.2,101,3,3264.1,90,7,3264.0,15,5,3263.9,45,3,3263.8,99,6,3264.3,265,2,3265.3,2,1,3265.4,119,4,3265.5,35,2,3265.6,286,5
11536,2025-12-30 13:24:59+05:30,3264.3,10,3252.04,1228173,116305.0,123663.0,3250.0,3266.9,3239.8,3251.5,45208975,3576.6,2926.4,4322.95,2866.6,3264.2,101,3,3264.1,90,7,3264.0,15,5,3263.9,45,3,3263.8,61,5,3264.3,255,2,3265.3,177,2,3265.4,119,4,3265.5,35,2,3265.6,111,4
11536,2025-12-30 13:25:00+05:30,3264.3,128,3252.04,1228301,116230.0,123975.0,3250.0,3266.9,3239.8,3251.5,45208975,3576.6,2926.4,4322.95,2866.6,3264.2,113,4,3264.1,72,6,3264.0,30,6,3263.9,50,4,3263.8,145,7,3264.3,127,2,3265.3,2,1,3265.4,31,1,3265.5,210,3,3265.6,111,4
11536,2025-12-30 13:25:01+05:30,3264.3,1,3252.04,1228301,116230.0,123975.0,3250.0,3266.9,3239.8,3251.5,45208975,3576.6,2926.4,4322.95,2866.6,3264.2,113,4,3264.1,72,6,3264.0,30,6,3263.9,50,4,3263.8,145,7,3264.3,127,2,3265.3,2,1,3265.4,31,1,3265.5,210,3,3265.6,111,4
11536,2025-12-30 13:25:01+05:30,3264.2,1,3252.04,1228303,116533.0,124130.0,3250.0,3266.9,3239.8,3251.5,45208975,3576.6,2926.4,4322.95,2866.6,3264.2,100,3,3264.1,122,8,3264.0,15,5,3263.9,122,6,3263.8,69,5,3264.3,126,2,3265.4,31,1,3265.5,35,2,3265.6,286,5,3265.8,145,6
11536,2025-12-30 13:25:02+05:30,3264.2,20,3252.04,1228303,116533.0,124130.0,3250.0,3266.9,3239.8,3251.5,45208975,3576.6,2926.4,4322.95,2866.6,3264.2,100,3,3264.1,122,8,3264.0,15,5,3263.9,122,6,3263.8,69,5,3264.3,126,2,3265.4,31,1,3265.5,35,2,3265.6,286,5,3265.8,145,6
11536,2025-12-30 13:25:02+05:30,3264.2,3,3252.04,1228326,116397.0,123963.0,3250.0,3266.9,3239.8,3251.5,45208975,3576.6,2926.4,4322.95,2866.6,3264.2,77,3,3264.1,122,8,3264.0,15,5,3263.9,122,6,3263.8,69,5,3264.3,126,2,3264.7,1,1,3265.4,31,1,3265.5,35,2,3265.6,286,5
11536,2025-12-30 13:25:03+05:30,3264.2,3,3252.04,1228326,116397.0,123963.0,3250.0,3266.9,3239.8,3251.5,45208975,3576.6,2926.4,4322.95,2866.6,3264.2,77,3,3264.1,122,8,3264.0,15,5,3263.9,122,6,3263.8,69,5,3264.3,126,2,3264.7,1,1,3265.4,31,1,3265.5,35,2,3265.6,286,5
11536,2025-12-30 13:25:03+05:30,3264.2,3,3252.04,1228326,116428.0,123965.0,3250.0,3266.9,3239.8,3251.5,45208975,3576.6,2926.4,4322.95,2866.6,3264.2,77,3,3264.1,104,7,3264.0,15,5,3263.9,50,3,3263.8,77,4,3264.3,126,2,3264.7,1,1,3265.3,1,1,3265.4,62,2,3265.5,35,2
11536,2025-12-30 13:25:04+05:30,3264.2,3,3252.04,1228326,116428.0,123979.0,3250.0,3266.9,3239.8,3251.5,45208975,3576.6,2926.4,4322.95,2866.6,3264.2,77,3,3264.1,104,7,3264.0,15,5,3263.9,50,3,3263.8,77,4,3264.3,126,2,3264.7,1,1,3265.3,1,1,3265.4,62,2,3265.5,35,2
11536,2025-12-30 13:25:05+05:30,3264.3,1,3252.04,1228326,116428.0,123979.0,3250.0,3266.9,3239.8,3251.5,45208975,3576.6,2926.4,4322.95,2866.6,3264.2,77,3,3264.1,104,7,3264.0,15,5,3263.9,50,3,3263.8,77,4,3264.3,126,2,3264.7,1,1,3265.3,1,1,3265.4,62,2,3265.5,35,2
11536,2025-12-30 13:25:05+05:30,3264.3,1,3252.04,1228327,116465.0,122755.0,3250.0,3266.9,3239.8,3251.5,45208975,3576.6,2926.4,4322.95,2866.6,3264.2,77,3,3264.1,72,6,3264.0,15,5,3263.9,66,4,3263.8,109,5,3264.3,125,2,3264.7,1,1,3265.3,1,1,3265.4,62,2,3265.5,210,3
11536,2025-12-30 13:25:06+05:30,3264.3,1,3252.04,1228327,116464.0,123989.0,3250.0,3266.9,3239.8,3251.5,45208975,3576.6,2926.4,4322.95,2866.6,3264.2,77,3,3264.1,72,6,3264.0,21,6,3263.9,66,4,3263.8,109,5,3264.3,125,2,3264.7,1,1,3265.3,1,1,3265.4,62,2,3265.5,210,3
11536,2025-12-30 13:25:07+05:30,3264.3,1,3252.04,1228327,116464.0,123989.0,3250.0,3266.9,3239.8,3251.5,45208975,3576.6,2926.4,4322.95,2866.6,3264.2,77,3,3264.1,72,6,3264.0,21,6,3263.9,66,4,3263.8,109,5,3264.3,125,2,3264.7,1,1,3265.3,1,1,3265.4,62,2,3265.5,210,3
11536,2025-12-30 13:25:07+05:30,3264.2,1,3252.04,1228329,116432.0,123988.0,3250.0,3266.9,3239.8,3251.5,45208975,3576.6,2926.4,4322.95,2866.6,3264.2,76,3,3264.1,72,6,3264.0,21,6,3263.9,28,3,3263.8,63,4,3264.3,124,2,3264.7,1,1,3265.3,1,1,3265.4,62,2,3265.5,210,3
11536,2025-12-30 13:25:08+05:30,3264.2,1,3252.04,1228329,116432.0,123988.0,3250.0,3266.9,3239.8,3251.5,45208975,3576.6,2926.4,4322.95,2866.6,3264.2,76,3,3264.1,72,6,3264.0,21,6,3263.9,28,3,3263.8,63,4,3264.3,124,2,3264.7,1,1,3265.3,1,1,3265.4,62,2,3265.5,210,3
11536,2025-12-30 13:25:08+05:30,3264.2,1,3252.04,1228329,116471.0,123988.0,3250.0,3266.9,3239.8,3251.5,45208975,3576.6,2926.4,4322.95,2866.6,3264.2,77,4,3264.1,72,6,3264.0,21,6,3263.9,60,4,3263.8,115,5,3264.3,124,2,3264.7,1,1,3265.3,1,1,3265.4,62,2,3265.5,210,3
11536,2025-12-30 13:25:09+05:30,3264.2,49,3252.04,1228329,116471.0,123988.0,3250.0,3266.9,3239.8,3251.5,45208975,3576.6,2926.4,4322.95,2866.6,3264.2,77,4,3264.1,72,6,3264.0,21,6,3263.9,60,4,3263.8,115,5,3264.3,124,2,3264.7,1,1,3265.3,1,1,3265.4,62,2,3265.5,210,3
11536,2025-12-30 13:25:09+05:30,3264.2,49,3252.04,1228485,115908.0,124236.0,3250.0,3266.9,3239.8,3251.5,45208975,3576.6,2926.4,4322.95,2866.6,3264.1,69,5,3264.0,39,7,3263.9,12,2,3263.8,23,3,3263.7,24,3,3264.2,19,1,3264.3,124,2,3264.7,1,1,3265.1,2,1,3265.2,55,2
11536,2025-12-30 13:25:10+05:30,3264.2,49,3252.04,1228485,115617.0,124218.0,3250.0,3266.9,3239.8,3251.5,45208975,3576.6,2926.4,4322.95,2866.6,3264.1,69,5,3264.0,21,6,3263.9,12,2,3263.8,22,3,3263.7,21,2,3264.2,30,2,3264.3,113,1,3264.7,1,1,3264.9,175,1,3265.0,10,1
11536,2025-12-30 13:25:11+05:30,3264.2,49,3252.04,1228485,114776.0,124670.0,3250.0,3266.9,3239.8,3251.5,45208975,3576.6,2926.4,4322.95,2866.6,3264.1,69,5,3264.0,21,6,3263.9,12,2,3263.8,7,2,3263.7,21,2,3264.2,30,2,3264.3,113,1,3264.5,175,1,3264.6,42,1,3264.7,1,1
11536,2025-12-30 13:25:12+05:30,3264.2,2,3252.04,1228485,114776.0,124670.0,3250.0,3266.9,3239.8,3251.5,45208975,3576.6,2926.4,4322.95,2866.6,3264.1,69,5,3264.0,21,6,3263.9,12,2,3263.8,7,2,3263.7,21,2,3264.2,30,2,3264.3,113,1,3264.5,175,1,3264.6,42,1,3264.7,1,1
11536,2025-12-30 13:25:12+05:30,3264.2,2,3252.04,1228487,115331.0,124919.0,3250.0,3266.9,3239.8,3251.5,45208975,3576.6,2926.4,4322.95,2866.6,3264.1,69,5,3264.0,21,6,3263.9,12,2,3263.8,7,2,3263.7,28,3,3264.2,28,2,3264.3,113,1,3264.7,1,1,3265.0,10,1,3265.1,2,1
11536,2025-12-30 13:25:13+05:30,3264.1,1,3252.04,1228487,115331.0,124919.0,3250.0,3266.9,3239.8,3251.5,45208975,3576.6,2926.4,4322.95,2866.6,3264.1,69,5,3264.0,21,6,3263.9,12,2,3263.8,7,2,3263.7,28,3,3264.2,28,2,3264.3,113,1,3264.7,1,1,3265.0,10,1,3265.1,2,1
11536,2025-12-30 13:25:13+05:30,3264.1,1,3252.04,1228491,115303.0,125122.0,3250.0,3266.9,3239.8,3251.5,45208975,3576.6,2926.4,4322.95,2866.6,3264.1,67,5,3264.0,21,6,3263.9,12,2,3263.8,7,2,3263.7,21,2,3264.2,26,2,3264.3,113,1,3264.7,1,1,3264.9,31,1,3265.0,10,1
11536,2025-12-30 13:25:14+05:30,3264.1,3,3252.04,1228491,115303.0,125122.0,3250.0,3266.9,3239.8,3251.5,45208975,3576.6,2926.4,4322.95,2866.6,3264.1,67,5,3264.0,21,6,3263.9,12,2,3263.8,7,2,3263.7,21,2,3264.2,26,2,3264.3,113,1,3264.7,1,1,3264.9,31,1,3265.0,10,1
11536,2025-12-30 13:25:14+05:30,3264.1,3,3252.04,1228499,115305.0,124689.0,3250.0,3266.9,3239.8,3251.5,45208975,3576.6,2926.4,4322.95,2866.6,3264.1,68,5,3264.0,21,6,3263.9,12,2,3263.8,7,2,3263.7,21,2,3264.2,26,2,3264.3,113,1,3264.7,1,1,3264.9,30,1,3265.0,10,1
11536,2025-12-30 13:25:15+05:30,3264.2,1,3252.04,1228499,115305.0,124689.0,3250.0,3266.9,3239.8,3251.5,45208975,3576.6,2926.4,4322.95,2866.6,3264.1,68,5,3264.0,21,6,3263.9,12,2,3263.8,7,2,3263.7,21,2,3264.2,26,2,3264.3,113,1,3264.7,1,1,3264.9,30,1,3265.0,10,1
11536,2025-12-30 13:25:15+05:30,3264.2,1,3252.04,1228501,115305.0,124041.0,3250.0,3266.9,3239.8,3251.5,45208975,3576.6,2926.4,4322.95,2866.6,3264.1,68,5,3264.0,21,6,3263.9,12,2,3263.8,7,2,3263.7,21,2,3264.2,30,3,3264.3,113,1,3264.7,30,2,3264.9,24,1,3265.0,97,3
11536,2025-12-30 13:25:16+05:30,3264.2,1,3252.04,1228501,115305.0,124041.0,3250.0,3266.9,3239.8,3251.5,45208975,3576.6,2926.4,4322.95,2866.6,3264.1,68,5,3264.0,21,6,3263.9,12,2,3263.8,7,2,3263.7,21,2,3264.2,30,3,3264.3,113,1,3264.7,30,2,3264.9,24,1,3265.0,97,3
11536,2025-12-30 13:25:16+05:30,3264.2,1,3252.04,1228502,115312.0,125258.0,3250.0,3266.9,3239.8,3251.5,45208975,3576.6,2926.4,4322.95,2866.6,3264.1,68,5,3264.0,21,6,3263.9,12,2,3263.8,7,2,3263.7,21,2,3264.2,29,3,3264.3,113,1,3264.7,1,1,3264.9,24,1,3265.0,97,3
11536,2025-12-30 13:25:17+05:30,3264.2,1,3252.04,1228502,115305.0,124054.0,3250.0,3266.9,3239.8,3251.5,45208975,3576.6,2926.4,4322.95,2866.6,3264.1,68,5,3264.0,21,6,3263.9,12,2,3263.8,7,2,3263.7,21,2,3264.2,29,3,3264.3,113,1,3264.7,1,1,3264.9,228,3,3265.0,68,2
11536,2025-12-30 13:25:18+05:30,3264.2,1,3252.04,1228502,115305.0,124054.0,3250.0,3266.9,3239.8,3251.5,45208975,3576.6,2926.4,4322.95,2866.6,3264.1,68,5,3264.0,21,6,3263.9,12,2,3263.8,7,2,3263.7,21,2,3264.2,29,3,3264.3,113,1,3264.7,1,1,3264.9,228,3,3265.0,68,2
11536,2025-12-30 13:25:18+05:30,3264.2,1,3252.04,1228506,115447.0,125470.0,3250.0,3266.9,3239.8,3251.5,45208975,3576.6,2926.4,4322.95,2866.6,3264.1,68,5,3264.0,21,6,3263.9,12,2,3263.8,7,2,3263.7,21,2,3264.2,25,3,3264.3,113,1,3264.7,1,1,3264.9,53,2,3265.0,68,2
11536,2025-12-30 13:25:19+05:30,3264.3,475,3252.04,1229007,115283.0,125704.0,3250.0,3266.9,3239.8,3251.5,45208975,3576.6,2926.4,4322.95,2866.6,3264.1,67,5,3264.0,21,6,3263.9,12,2,3263.8,7,2,3263.7,21,2,3264.3,400,1,3264.7,16,2,3264.8,18,1,3264.9,24,1,3265.0,97,3
11536,2025-12-30 13:25:19+05:30,3264.3,475,3252.04,1229007,115283.0,125704.0,3250.0,3266.9,3239.8,3251.5,45208975,3576.6,2926.4,4322.95,2866.6,3264.1,67,5,3264.0,21,6,3263.9,12,2,3263.8,7,2,3263.7,21,2,3264.3,400,1,3264.7,16,2,3264.8,18,1,3264.9,24,1,3265.0,97,3
11536,2025-12-30 13:25:20+05:30,3264.3,475,3252.04,1229007,115264.0,126329.0,3250.0,3266.9,3239.8,3251.5,45208975,3576.6,2926.4,4322.95,2866.6,3264.1,67,5,3264.0,21,6,3263.9,12,2,3263.8,7,2,3263.7,21,2,3264.3,400,1,3264.7,1,1,3264.9,44,2,3265.0,98,3,3265.1,101,4
11536,2025-12-30 13:25:21+05:30,3264.3,475,3252.04,1229007,115192.0,126461.0,3250.0,3266.9,3239.8,3251.5,45208975,3576.6,2926.4,4322.95,2866.6,3264.1,67,5,3264.0,21,6,3263.9,12,2,3263.8,7,2,3263.7,21,2,3264.3,400,1,3264.7,62,3,3264.8,29,1,3264.9,44,2,3265.0,131,5
11536,2025-12-30 13:25:22+05:30,3264.3,475,3252.04,1229007,115228.0,126833.0,3250.0,3266.9,3239.8,3251.5,45208975,3576.6,2926.4,4322.95,2866.6,3264.1,67,5,3264.0,21,6,3263.9,12,2,3263.8,7,2,3263.7,21,2,3264.3,400,1,3264.7,32,2,3264.8,29,1,3264.9,44,2,3265.0,131,5
11536,2025-12-30 13:25:23+05:30,3264.3,475,3252.04,1229007,115264.0,125428.0,3250.0,3266.9,3239.8,3251.5,45208975,3576.6,2926.4,4322.95,2866.6,3264.1,67,5,3264.0,21,6,3263.9,12,2,3263.8,7,2,3263.7,21,2,3264.3,430,2,3264.7,1,1,3264.8,46,2,3264.9,128,5,3265.0,101,4
11536,2025-12-30 13:25:23+05:30,3264.1,12,3252.04,1229007,115264.0,125428.0,3250.0,3266.9,3239.8,3251.5,45208975,3576.6,2926.4,4322.95,2866.6,3264.1,67,5,3264.0,21,6,3263.9,12,2,3263.8,7,2,3263.7,21,2,3264.3,430,2,3264.7,1,1,3264.8,46,2,3264.9,128,5,3265.0,101,4
11536,2025-12-30 13:25:24+05:30,3264.0,5,3252.05,1229103,115201.0,127061.0,3250.0,3266.9,3239.8,3251.5,45208975,3576.6,2926.4,4322.95,2866.6,3264.0,15,5,3263.9,12,2,3263.8,7,2,3263.7,21,2,3263.6,8,3,3264.1,314,1,3264.3,430,2,3264.6,29,1,3264.7,31,2,3264.8,36,2
11536,2025-12-30 13:25:24+05:30,3264.0,5,3252.05,1229103,115201.0,127061.0,3250.0,3266.9,3239.8,3251.5,45208975,3576.6,2926.4,4322.95,2866.6,3264.0,15,5,3263.9,12,2,3263.8,7,2,3263.7,21,2,3263.6,8,3,3264.1,314,1,3264.3,430,2,3264.6,29,1,3264.7,31,2,3264.8,36,2
11536,2025-12-30 13:25:25+05:30,3264.1,1,3252.05,1229105,115185.0,127090.0,3250.0,3266.9,3239.8,3251.5,45208975,3576.6,2926.4,4322.95,2866.6,3264.0,14,5,3263.9,12,2,3263.8,7,2,3263.7,21,2,3263.6,8,3,3264.1,313,1,3264.3,430,2,3264.5,30,1,3264.6,29,1,3264.7,1,1
11536,2025-12-30 13:25:25+05:30,3264.1,1,3252.05,1229105,115185.0,127090.0,3250.0,3266.9,3239.8,3251.5,45208975,3576.6,2926.4,4322.95,2866.6,3264.0,14,5,3263.9,12,2,3263.8,7,2,3263.7,21,2,3263.6,8,3,3264.1,313,1,3264.3,430,2,3264.5,30,1,3264.6,29,1,3264.7,1,1
11536,2025-12-30 13:25:27+05:30,3264.1,1,3252.05,1229105,115185.0,127090.0,3250.0,3266.9,3239.8,3251.5,45208975,3576.6,2926.4,4322.95,2866.6,3264.0,14,5,3263.9,12,2,3263.8,7,2,3263.7,21,2,3263.6,8,3,3264.1,313,1,3264.3,430,2,3264.6,29,1,3264.7,1,1,3264.8,66,3
11536,2025-12-30 13:25:27+05:30,3264.0,6,3252.05,1229105,115185.0,127090.0,3250.0,3266.9,3239.8,3251.5,45208975,3576.6,2926.4,4322.95,2866.6,3264.0,14,5,3263.9,12,2,3263.8,7,2,3263.7,21,2,3263.6,8,3,3264.1,313,1,3264.3,430,2,3264.6,29,1,3264.7,1,1,3264.8,66,3
11536,2025-12-30 13:25:28+05:30,3264.0,1,3252.05,1229118,115170.0,127090.0,3250.0,3266.9,3239.8,3251.5,45208975,3576.6,2926.4,4322.95,2866.6,3264.0,5,4,3263.9,12,2,3263.8,7,2,3263.7,21,2,3263.6,8,3,3264.1,313,1,3264.3,430,2,3264.7,31,2,3264.8,36,2,3264.9,75,4
11536,2025-12-30 13:25:28+05:30,3264.0,1,3252.05,1229118,115170.0,127090.0,3250.0,3266.9,3239.8,3251.5,45208975,3576.6,2926.4,4322.95,2866.6,3264.0,5,4,3263.9,12,2,3263.8,7,2,3263.7,21,2,3263.6,8,3,3264.1,313,1,3264.3,430,2,3264.7,31,2,3264.8,36,2,3264.9,75,4
11536,2025-12-30 13:25:28+05:30,3264.0,1,3252.05,1229118,115177.0,126916.0,3250.0,3266.9,3239.8,3251.5,45208975,3576.6,2926.4,4322.95,2866.6,3264.0,5,4,3263.9,12,2,3263.8,7,2,3263.7,21,2,3263.6,8,3,3264.1,313,1,3264.3,430,2,3264.7,31,2,3264.8,36,2,3264.9,75,4
11536,2025-12-30 13:25:29+05:30,3264.1,1,3252.05,1229118,115177.0,126916.0,3250.0,3266.9,3239.8,3251.5,45208975,3576.6,2926.4,4322.95,2866.6,3264.0,5,4,3263.9,12,2,3263.8,7,2,3263.7,21,2,3263.6,8,3,3264.1,313,1,3264.3,430,2,3264.7,31,2,3264.8,36,2,3264.9,75,4
11536,2025-12-30 13:25:29+05:30,3264.0,1,3252.05,1229125,115151.0,125820.0,3250.0,3266.9,3239.8,3251.5,45208975,3576.6,2926.4,4322.95,2866.6,3264.0,5,4,3263.9,12,2,3263.8,7,2,3263.7,21,2,3263.6,8,3,3264.1,307,1,3264.3,430,2,3264.7,1,1,3264.8,36,2,3264.9,75,4
11536,2025-12-30 13:25:30+05:30,3264.0,1,3252.05,1229125,115151.0,125820.0,3250.0,3266.9,3239.8,3251.5,45208975,3576.6,2926.4,4322.95,2866.6,3264.0,5,4,3263.9,12,2,3263.8,7,2,3263.7,21,2,3263.6,8,3,3264.1,307,1,3264.3,430,2,3264.7,1,1,3264.8,36,2,3264.9,75,4
11536,2025-12-30 13:25:30+05:30,3264.0,1,3252.05,1229125,115144.0,127045.0,3250.0,3266.9,3239.8,3251.5,45208975,3576.6,2926.4,4322.95,2866.6,3264.0,5,4,3263.9,12,2,3263.8,7,2,3263.7,21,2,3263.6,8,3,3264.1,307,1,3264.3,430,2,3264.7,1,1,3264.8,36,2,3264.9,75,4
11536,2025-12-30 13:25:31+05:30,3264.1,1,3252.05,1229125,115144.0,127045.0,3250.0,3266.9,3239.8,3251.5,45208975,3576.6,2926.4,4322.95,2866.6,3264.0,5,4,3263.9,12,2,3263.8,7,2,3263.7,21,2,3263.6,8,3,3264.1,307,1,3264.3,430,2,3264.7,1,1,3264.8,36,2,3264.9,75,4
11536,2025-12-30 13:25:31+05:30,3264.1,1,3252.05,1229129,115193.0,127032.0,3250.0,3266.9,3239.8,3251.5,45208975,3576.6,2926.4,4322.95,2866.6,3264.0,5,4,3263.9,12,2,3263.8,7,2,3263.7,21,2,3263.6,8,3,3264.1,303,1,3264.3,430,2,3264.7,1,1,3264.8,36,2,3264.9,75,4
11536,2025-12-30 13:25:32+05:30,3264.1,1,3252.05,1229129,115193.0,127032.0,3250.0,3266.9,3239.8,3251.5,45208975,3576.6,2926.4,4322.95,2866.6,3264.0,5,4,3263.9,12,2,3263.8,7,2,3263.7,21,2,3263.6,8,3,3264.1,303,1,3264.3,430,2,3264.7,1,1,3264.8,36,2,3264.9,75,4
11536,2025-12-30 13:25:32+05:30,3264.1,3,3252.05,1229132,115023.0,127030.0,3250.0,3266.9,3239.8,3251.5,45208975,3576.6,2926.4,4322.95,2866.6,3264.0,4,3,3263.9,12,2,3263.8,7,2,3263.7,21,2,3263.6,8,3,3264.1,339,3,3264.3,400,1,3264.6,65,2,3264.7,1,1,3264.8,2,1
11536,2025-12-30 13:25:33+05:30,3264.1,3,3252.05,1229132,115023.0,127030.0,3250.0,3266.9,3239.8,3251.5,45208975,3576.6,2926.4,4322.95,2866.6,3264.0,4,3,3263.9,12,2,3263.8,7,2,3263.7,21,2,3263.6,8,3,3264.1,339,3,3264.3,400,1,3264.6,65,2,3264.7,1,1,3264.8,2,1
11536,2025-12-30 13:25:33+05:30,3264.1,3,3252.05,1229132,115066.0,124580.0,3250.0,3266.9,3239.8,3251.5,45208975,3576.6,2926.4,4322.95,2866.6,3264.0,51,4,3263.9,12,2,3263.8,7,2,3263.7,21,2,3263.6,22,4,3264.1,339,3,3264.3,400,1,3264.6,65,2,3264.7,1,1,3264.8,2,1
11536,2025-12-30 13:25:34+05:30,3264.1,3,3252.05,1229132,115250.0,127048.0,3250.0,3266.9,3239.8,3251.5,45208975,3576.6,2926.4,4322.95,2866.6,3264.0,51,4,3263.9,12,2,3263.8,21,3,3263.7,21,2,3263.6,22,4,3264.1,339,3,3264.3,400,1,3264.6,65,2,3264.7,1,1,3264.8,2,1
11536,2025-12-30 13:25:35+05:30,3264.1,2,3252.05,1229132,115250.0,127048.0,3250.0,3266.9,3239.8,3251.5,45208975,3576.6,2926.4,4322.95,2866.6,3264.0,51,4,3263.9,12,2,3263.8,21,3,3263.7,21,2,3263.6,22,4,3264.1,339,3,3264.3,400,1,3264.6,65,2,3264.7,1,1,3264.8,2,1
11536,2025-12-30 13:25:35+05:30,3264.0,1,3252.05,1229135,115649.0,125715.0,3250.0,3266.9,3239.8,3251.5,45208975,3576.6,2926.4,4322.95,2866.6,3264.0,50,4,3263.9,59,4,3263.8,42,3,3263.7,21,2,3263.6,73,7,3264.1,337,3,3264.3,400,1,3264.7,1,1,3264.9,2,1,3265.0,18,2
11536,2025-12-30 13:25:36+05:30,3264.0,1,3252.05,1229135,115649.0,125715.0,3250.0,3266.9,3239.8,3251.5,45208975,3576.6,2926.4,4322.95,2866.6,3264.0,50,4,3263.9,59,4,3263.8,42,3,3263.7,21,2,3263.6,73,7,3264.1,337,3,3264.3,400,1,3264.7,1,1,3264.9,2,1,3265.0,18,2
11536,2025-12-30 13:25:36+05:30,3264.0,1,3252.05,1229135,115584.0,126835.0,3250.0,3266.9,3239.8,3251.5,45208975,3576.6,2926.4,4322.95,2866.6,3264.0,50,4,3263.9,59,4,3263.8,42,3,3263.7,21,2,3263.6,59,6,3264.1,337,3,3264.3,400,1,3264.7,1,1,3264.9,2,1,3265.0,49,3
11536,2025-12-30 13:25:37+05:30,3264.0,29,3252.05,1229135,115584.0,126835.0,3250.0,3266.9,3239.8,3251.5,45208975,3576.6,2926.4,4322.95,2866.6,3264.0,50,4,3263.9,59,4,3263.8,42,3,3263.7,21,2,3263.6,59,6,3264.1,337,3,3264.3,400,1,3264.7,1,1,3264.9,2,1,3265.0,49,3
11536,2025-12-30 13:25:37+05:30,3264.0,29,3252.05,1229172,115260.0,127229.0,3250.0,3266.9,3239.8,3251.5,45208975,3576.6,2926.4,4322.95,2866.6,3264.0,23,5,3263.9,12,2,3263.8,7,2,3263.7,21,2,3263.6,8,3,3264.1,332,3,3264.3,400,1,3264.4,175,1,3264.6,20,1,3264.7,22,2
11536,2025-12-30 13:25:38+05:30,3264.1,1,3252.05,1229172,115260.0,127229.0,3250.0,3266.9,3239.8,3251.5,45208975,3576.6,2926.4,4322.95,2866.6,3264.0,23,5,3263.9,12,2,3263.8,7,2,3263.7,21,2,3263.6,8,3,3264.1,332,3,3264.3,400,1,3264.4,175,1,3264.6,20,1,3264.7,22,2
11536,2025-12-30 13:25:38+05:30,3264.1,1,3252.05,1229175,115315.0,127425.0,3250.0,3266.9,3239.8,3251.5,45208975,3576.6,2926.4,4322.95,2866.6,3264.0,25,6,3263.9,12,2,3263.8,7,2,3263.7,21,2,3263.6,8,3,3264.1,329,3,3264.3,400,1,3264.4,175,1,3264.6,20,1,3264.7,22,2
11536,2025-12-30 13:25:39+05:30,3264.1,1,3252.05,1229175,115315.0,127425.0,3250.0,3266.9,3239.8,3251.5,45208975,3576.6,2926.4,4322.95,2866.6,3264.0,25,6,3263.9,12,2,3263.8,7,2,3263.7,21,2,3263.6,8,3,3264.1,329,3,3264.3,400,1,3264.4,175,1,3264.6,20,1,3264.7,22,2
11536,2025-12-30 13:25:39+05:30,3264.1,1,3252.05,1229175,115380.0,126093.0,3250.0,3266.9,3239.8,3251.5,45208975,3576.6,2926.4,4322.95,2866.6,3264.0,25,6,3263.9,12,2,3263.8,7,2,3263.7,36,3,3263.6,8,3,3264.1,329,3,3264.3,400,1,3264.4,175,1,3264.7,22,2,3264.8,20,1
11536,2025-12-30 13:25:40+05:30,3264.1,1,3252.05,1229176,115380.0,127653.0,3250.0,3266.9,3239.8,3251.5,45208975,3576.6,2926.4,4322.95,2866.6,3264.0,25,6,3263.9,12,2,3263.8,7,2,3263.7,36,3,3263.6,8,3,3264.1,328,3,3264.3,400,1,3264.4,175,1,3264.7,22,2,3264.8,20,1
11536,2025-12-30 13:25:41+05:30,3264.1,1,3252.05,1229176,115380.0,127653.0,3250.0,3266.9,3239.8,3251.5,45208975,3576.6,2926.4,4322.95,2866.6,3264.0,25,6,3263.9,12,2,3263.8,7,2,3263.7,36,3,3263.6,8,3,3264.1,328,3,3264.3,400,1,3264.4,175,1,3264.7,22,2,3264.8,20,1
11536,2025-12-30 13:25:41+05:30,3264.0,1,3252.05,1229177,115386.0,127276.0,3250.0,3266.9,3239.8,3251.5,45208975,3576.6,2926.4,4322.95,2866.6,3264.0,24,6,3263.9,12,2,3263.8,20,3,3263.7,21,2,3263.6,21,4,3264.1,342,4,3264.4,175,1,3264.7,22,2,3264.8,20,1,3264.9,2,1
11536,2025-12-30 13:25:42+05:30,3264.0,1,3252.05,1229177,115386.0,127276.0,3250.0,3266.9,3239.8,3251.5,45208975,3576.6,2926.4,4322.95,2866.6,3264.0,24,6,3263.9,12,2,3263.8,20,3,3263.7,21,2,3263.6,21,4,3264.1,342,4,3264.4,175,1,3264.7,22,2,3264.8,20,1,3264.9,2,1
11536,2025-12-30 13:25:42+05:30,3264.1,3,3252.05,1229180,115386.0,127275.0,3250.0,3266.9,3239.8,3251.5,45208975,3576.6,2926.4,4322.95,2866.6,3264.0,24,6,3263.9,12,2,3263.8,20,3,3263.7,21,2,3263.6,21,4,3264.1,339,4,3264.4,175,1,3264.7,22,2,3264.8,20,1,3264.9,2,1
11536,2025-12-30 13:25:43+05:30,3264.0,1,3252.05,1229180,115386.0,127275.0,3250.0,3266.9,3239.8,3251.5,45208975,3576.6,2926.4,4322.95,2866.6,3264.0,24,6,3263.9,12,2,3263.8,20,3,3263.7,21,2,3263.6,21,4,3264.1,339,4,3264.4,175,1,3264.7,22,2,3264.8,20,1,3264.9,2,1
11536,2025-12-30 13:25:43+05:30,3264.0,1,3252.05,1229185,115358.0,126309.0,3250.0,3266.9,3239.8,3251.5,45208975,3576.6,2926.4,4322.95,2866.6,3264.0,22,5,3263.9,12,2,3263.8,7,2,3263.7,21,2,3263.6,8,3,3264.1,335,4,3264.4,175,1,3264.7,22,2,3264.8,20,1,3264.9,2,1
11536,2025-12-30 13:25:44+05:30,3264.0,1,3252.05,1229185,115372.0,126508.0,3250.0,3266.9,3239.8,3251.5,45208975,3576.6,2926.4,4322.95,2866.6,3264.0,22,5,3263.9,12,2,3263.8,7,2,3263.7,21,2,3263.6,21,4,3264.1,335,4,3264.4,175,1,3264.7,22,2,3264.9,2,1,3265.0,49,3
11536,2025-12-30 13:25:45+05:30,3264.1,1,3252.05,1229185,115372.0,126508.0,3250.0,3266.9,3239.8,3251.5,45208975,3576.6,2926.4,4322.95,2866.6,3264.0,22,5,3263.9,12,2,3263.8,7,2,3263.7,21,2,3263.6,21,4,3264.1,335,4,3264.4,175,1,3264.7,22,2,3264.9,2,1,3265.0,49,3
11536,2025-12-30 13:25:45+05:30,3264.1,1,3252.05,1229186,115372.0,126507.0,3250.0,3266.9,3239.8,3251.5,45208975,3576.6,2926.4,4322.95,2866.6,3264.0,22,5,3263.9,12,2,3263.8,7,2,3263.7,21,2,3263.6,21,4,3264.1,334,4,3264.4,175,1,3264.7,22,2,3264.9,2,1,3265.0,49,3
11536,2025-12-30 13:25:46+05:30,3264.1,1,3252.05,1229186,115372.0,126507.0,3250.0,3266.9,3239.8,3251.5,45208975,3576.6,2926.4,4322.95,2866.6,3264.0,22,5,3263.9,12,2,3263.8,7,2,3263.7,21,2,3263.6,21,4,3264.1,334,4,3264.4,175,1,3264.7,22,2,3264.9,2,1,3265.0,49,3
11536,2025-12-30 13:25:46+05:30,3263.9,1,3252.05,1229238,115059.0,126576.0,3250.0,3266.9,3239.8,3251.5,45208975,3576.6,2926.4,4322.95,2866.6,3263.9,12,2,3263.8,7,2,3263.7,21,2,3263.6,8,3,3263.5,31,1,3264.1,333,4,3264.4,175,1,3264.7,1,1,3264.8,29,2,3264.9,2,1
11536,2025-12-30 13:25:47+05:30,3263.9,1,3252.05,1229238,115059.0,126576.0,3250.0,3266.9,3239.8,3251.5,45208975,3576.6,2926.4,4322.95,2866.6,3263.9,12,2,3263.8,7,2,3263.7,21,2,3263.6,8,3,3263.5,31,1,3264.1,333,4,3264.4,175,1,3264.7,1,1,3264.8,29,2,3264.9,2,1
11536,2025-12-30 13:25:47+05:30,3263.9,1,3252.05,1229238,115075.0,126444.0,3250.0,3266.9,3239.8,3251.5,45208975,3576.6,2926.4,4322.95,2866.6,3264.0,3,1,3263.9,13,3,3263.8,7,2,3263.7,21,2,3263.6,8,3,3264.1,333,4,3264.5,175,1,3264.7,1,1,3264.8,28,2,3264.9,2,1
11536,2025-12-30 13:25:48+05:30,3263.9,1,3252.05,1229238,115179.0,125997.0,3250.0,3266.9,3239.8,3251.5,45208975,3576.6,2926.4,4322.95,2866.6,3264.0,3,1,3263.9,14,4,3263.8,7,2,3263.7,21,2,3263.6,8,3,3264.1,333,4,3264.5,175,1,3264.7,1,1,3264.8,28,2,3264.9,2,1
11536,2025-12-30 13:25:49+05:30,3264.1,178,3252.05,1229238,115179.0,125997.0,3250.0,3266.9,3239.8,3251.5,45208975,3576.6,2926.4,4322.95,2866.6,3264.0,3,1,3263.9,14,4,3263.8,7,2,3263.7,21,2,3263.6,8,3,3264.1,333,4,3264.5,175,1,3264.7,1,1,3264.8,28,2,3264.9,2,1
11536,2025-12-30 13:25:49+05:30,3264.1,178,3252.05,1229416,115435.0,125830.0,3250.0,3266.9,3239.8,3251.5,45208975,3576.6,2926.4,4322.95,2866.6,3264.0,55,2,3263.9,61,6,3263.8,7,2,3263.7,63,4,3263.6,48,6,3264.1,155,4,3264.5,175,1,3264.7,1,1,3265.0,76,4,3265.2,287,5
11536,2025-12-30 13:25:50+05:30,3264.0,1,3252.05,1229416,115435.0,125830.0,3250.0,3266.9,3239.8,3251.5,45208975,3576.6,2926.4,4322.95,2866.6,3264.0,55,2,3263.9,61,6,3263.8,7,2,3263.7,63,4,3263.6,48,6,3264.1,155,4,3264.5,175,1,3264.7,1,1,3265.0,76,4,3265.2,287,5
11536,2025-12-30 13:25:50+05:30,3264.0,1,3252.05,1229417,115429.0,125878.0,3250.0,3266.9,3239.8,3251.5,45208975,3576.6,2926.4,4322.95,2866.6,3264.0,54,2,3263.9,14,4,3263.8,7,2,3263.7,94,4,3263.6,79,7,3264.1,155,4,3264.5,175,1,3264.7,1,1,3265.0,76,4,3265.2,287,5
11536,2025-12-30 13:25:51+05:30,3264.1,4,3252.05,1229417,115429.0,125878.0,3250.0,3266.9,3239.8,3251.5,45208975,3576.6,2926.4,4322.95,2866.6,3264.0,54,2,3263.9,14,4,3263.8,7,2,3263.7,94,4,3263.6,79,7,3264.1,155,4,3264.5,175,1,3264.7,1,1,3265.0,76,4,3265.2,287,5
11536,2025-12-30 13:25:51+05:30,3264.1,3,3252.05,1229424,115474.0,126421.0,3250.0,3266.9,3239.8,3251.5,45208975,3576.6,2926.4,4322.95,2866.6,3264.0,54,2,3263.9,14,4,3263.8,7,2,3263.7,72,4,3263.6,96,6,3264.1,148,4,3264.5,175,1,3264.7,1,1,3265.0,76,4,3265.2,267,4
11536,2025-12-30 13:25:52+05:30,3264.1,1,3252.05,1229424,115474.0,126421.0,3250.0,3266.9,3239.8,3251.5,45208975,3576.6,2926.4,4322.95,2866.6,3264.0,54,2,3263.9,14,4,3263.8,7,2,3263.7,72,4,3263.6,96,6,3264.1,148,4,3264.5,175,1,3264.7,1,1,3265.0,76,4,3265.2,267,4
11536,2025-12-30 13:25:52+05:30,3264.1,1,3252.05,1229425,115424.0,126415.0,3250.0,3266.9,3239.8,3251.5,45208975,3576.6,2926.4,4322.95,2866.6,3264.0,54,2,3263.9,14,4,3263.8,7,2,3263.7,72,4,3263.6,60,5,3264.1,147,4,3264.5,175,1,3264.7,1,1,3265.0,76,4,3265.2,267,4
11536,2025-12-30 13:25:53+05:30,3264.1,2,3252.05,1229425,115424.0,126415.0,3250.0,3266.9,3239.8,3251.5,45208975,3576.6,2926.4,4322.95,2866.6,3264.0,54,2,3263.9,14,4,3263.8,7,2,3263.7,72,4,3263.6,60,5,3264.1,147,4,3264.5,175,1,3264.7,1,1,3265.0,76,4,3265.2,267,4
11536,2025-12-30 13:25:53+05:30,3264.1,2,3252.05,1229435,115375.0,126394.0,3250.0,3266.9,3239.8,3251.5,45208975,3576.6,2926.4,4322.95,2866.6,3264.0,52,2,3263.9,13,3,3263.8,7,2,3263.7,21,2,3263.6,29,4,3264.1,142,4,3264.5,175,1,3264.7,1,1,3264.9,26,1,3265.0,49,3
11536,2025-12-30 13:25:54+05:30,3264.1,2,3252.05,1229435,115453.0,126392.0,3250.0,3266.9,3239.8,3251.5,45208975,3576.6,2926.4,4322.95,2866.6,3264.0,52,2,3263.9,13,3,3263.8,7,2,3263.7,21,2,3263.6,8,3,3264.1,142,4,3264.5,175,1,3264.7,1,1,3264.9,26,1,3265.0,49,3
11536,2025-12-30 13:25:55+05:30,3264.1,1,3252.05,1229435,115453.0,126392.0,3250.0,3266.9,3239.8,3251.5,45208975,3576.6,2926.4,4322.95,2866.6,3264.0,52,2,3263.9,13,3,3263.8,7,2,3263.7,21,2,3263.6,8,3,3264.1,142,4,3264.5,175,1,3264.7,1,1,3264.9,26,1,3265.0,49,3
11536,2025-12-30 13:25:55+05:30,3264.1,1,3252.05,1229438,115453.0,126391.0,3250.0,3266.9,3239.8,3251.5,45208975,3576.6,2926.4,4322.95,2866.6,3264.0,52,2,3263.9,13,3,3263.8,7,2,3263.7,21,2,3263.6,44,4,3264.1,139,4,3264.5,175,1,3264.7,1,1,3264.9,26,1,3265.0,49,3
11536,2025-12-30 13:25:56+05:30,3264.1,1,3252.05,1229438,115306.0,126215.0,3250.0,3266.9,3239.8,3251.5,45208975,3576.6,2926.4,4322.95,2866.6,3264.0,52,2,3263.9,13,3,3263.8,7,2,3263.7,21,2,3263.6,39,4,3264.1,139,4,3264.4,175,1,3264.7,1,1,3264.9,26,1,3265.0,49,3
11536,2025-12-30 13:25:57+05:30,3264.1,1,3252.05,1229438,115306.0,126215.0,3250.0,3266.9,3239.8,3251.5,45208975,3576.6,2926.4,4322.95,2866.6,3264.0,52,2,3263.9,13,3,3263.8,7,2,3263.7,21,2,3263.6,39,4,3264.1,139,4,3264.4,175,1,3264.7,1,1,3264.9,26,1,3265.0,49,3
11536,2025-12-30 13:25:57+05:30,3264.1,1,3252.05,1229440,115288.0,126285.0,3250.0,3266.9,3239.8,3251.5,45208975,3576.6,2926.4,4322.95,2866.6,3264.0,52,2,3263.9,13,3,3263.8,7,2,3263.7,21,2,3263.6,39,4,3264.1,137,4,3264.3,175,1,3264.7,1,1,3264.9,26,1,3265.0,224,4
11536,2025-12-30 13:25:58+05:30,3263.8,2,3252.05,1229440,115288.0,126285.0,3250.0,3266.9,3239.8,3251.5,45208975,3576.6,2926.4,4322.95,2866.6,3264.0,52,2,3263.9,13,3,3263.8,7,2,3263.7,21,2,3263.6,39,4,3264.1,137,4,3264.3,175,1,3264.7,1,1,3264.9,26,1,3265.0,224,4
11536,2025-12-30 13:25:58+05:30,3263.8,2,3252.05,1229618,114701.0,127134.0,3250.0,3266.9,3239.8,3251.5,45208975,3576.6,2926.4,4322.95,2866.6,3263.8,6,3,3263.7,21,2,3263.6,8,3,3263.4,31,1,3263.3,36,1,3264.0,175,1,3264.1,137,4,3264.5,3,1,3264.6,25,1,3264.7,176,2
11536,2025-12-30 13:25:59+05:30,3263.8,2,3252.05,1229618,114607.0,127148.0,3250.0,3266.9,3239.8,3251.5,45208975,3576.6,2926.4,4322.95,2866.6,3263.8,59,4,3263.7,21,2,3263.6,8,3,3263.4,45,2,3263.2,148,8,3264.0,189,2,3264.1,123,3,3264.5,3,1,3264.7,176,2,3264.8,79,4
11536,2025-12-30 13:26:00+05:30,3263.8,1,3252.05,1229618,114607.0,127148.0,3250.0,3266.9,3239.8,3251.5,45208975,3576.6,2926.4,4322.95,2866.6,3263.8,59,4,3263.7,21,2,3263.6,8,3,3263.4,45,2,3263.2,148,8,3264.0,189,2,3264.1,123,3,3264.5,3,1,3264.7,176,2,3264.8,79,4
11536,2025-12-30 13:26:00+05:30,3263.8,1,3252.05,1229619,114640.0,127386.0,3250.0,3266.9,3239.8,3251.5,45208975,3576.6,2926.4,4322.95,2866.6,3263.8,58,4,3263.7,21,2,3263.6,8,3,3263.4,45,2,3263.2,182,9,3264.0,189,2,3264.1,123,3,3264.5,3,1,3264.7,176,2,3264.8,77,3
11536,2025-12-30 13:26:01+05:30,3264.0,2,3252.05,1229619,114640.0,127386.0,3250.0,3266.9,3239.8,3251.5,45208975,3576.6,2926.4,4322.95,2866.6,3263.8,58,4,3263.7,21,2,3263.6,8,3,3263.4,45,2,3263.2,182,9,3264.0,189,2,3264.1,123,3,3264.5,3,1,3264.7,176,2,3264.8,77,3
11536,2025-12-30 13:26:01+05:30,3264.0,2,3252.05,1229621,114842.0,127163.0,3250.0,3266.9,3239.8,3251.5,45208975,3576.6,2926.4,4322.95,2866.6,3263.8,58,4,3263.7,21,2,3263.6,8,3,3263.4,59,3,3263.3,151,1,3264.0,187,2,3264.1,123,3,3264.5,3,1,3264.7,176,2,3264.8,79,4
11536,2025-12-30 13:26:02+05:30,3264.0,123,3252.05,1229621,114842.0,127163.0,3250.0,3266.9,3239.8,3251.5,45208975,3576.6,2926.4,4322.95,2866.6,3263.8,58,4,3263.7,21,2,3263.6,8,3,3263.4,59,3,3263.3,151,1,3264.0,187,2,3264.1,123,3,3264.5,3,1,3264.7,176,2,3264.8,79,4
11536,2025-12-30 13:26:02+05:30,3264.0,1,3252.05,1229746,114826.0,127049.0,3250.0,3266.9,3239.8,3251.5,45208975,3576.6,2926.4,4322.95,2866.6,3263.8,57,4,3263.7,21,2,3263.6,21,4,3263.4,93,4,3263.3,160,2,3264.0,63,2,3264.1,123,3,3264.5,3,1,3264.7,176,2,3264.8,77,3
11536,2025-12-30 13:26:03+05:30,3264.0,1,3252.05,1229746,114826.0,127049.0,3250.0,3266.9,3239.8,3251.5,45208975,3576.6,2926.4,4322.95,2866.6,3263.8,57,4,3263.7,21,2,3263.6,21,4,3263.4,93,4,3263.3,160,2,3264.0,63,2,3264.1,123,3,3264.5,3,1,3264.7,176,2,3264.8,77,3
11536,2025-12-30 13:26:03+05:30,3263.8,1,3252.05,1229747,114660.0,127056.0,3250.0,3266.9,3239.8,3251.5,45208975,3576.6,2926.4,4322.95,2866.6,3263.8,56,4,3263.7,21,2,3263.6,21,4,3263.4,79,3,3263.3,9,1,3264.0,63,2,3264.1,123,3,3264.5,3,1,3264.7,176,2,3264.8,77,3
11536,2025-12-30 13:26:04+05:30,3263.8,1,3252.05,1229747,114660.0,127056.0,3250.0,3266.9,3239.8,3251.5,45208975,3576.6,2926.4,4322.95,2866.6,3263.8,56,4,3263.7,21,2,3263.6,21,4,3263.4,79,3,3263.3,9,1,3264.0,63,2,3264.1,123,3,3264.5,3,1,3264.7,176,2,3264.8,77,3
11536,2025-12-30 13:26:04+05:30,3263.8,1,3252.05,1229751,114678.0,127116.0,3250.0,3266.9,3239.8,3251.5,45208975,3576.6,2926.4,4322.95,2866.6,3263.8,60,4,3263.7,21,2,3263.6,21,4,3263.4,79,3,3263.3,9,1,3264.0,63,2,3264.1,123,3,3264.5,3,1,3264.6,67,2,3264.7,176,2
11536,2025-12-30 13:26:05+05:30,3263.9,1,3252.05,1229751,114678.0,127116.0,3250.0,3266.9,3239.8,3251.5,45208975,3576.6,2926.4,4322.95,2866.6,3263.8,60,4,3263.7,21,2,3263.6,21,4,3263.4,79,3,3263.3,9,1,3264.0,63,2,3264.1,123,3,3264.5,3,1,3264.6,67,2,3264.7,176,2
11536,2025-12-30 13:26:05+05:30,3263.9,1,3252.05,1229927,114118.0,126916.0,3250.0,3266.9,3239.8,3251.5,45208975,3576.6,2926.4,4322.95,2866.6,3263.7,3,2,3263.6,8,3,3263.5,3,2,3263.4,19,1,3263.3,45,3,3264.0,62,2,3264.1,123,3,3264.5,6,2,3264.6,25,1,3264.7,176,2
11536,2025-12-30 13:26:06+05:30,3263.9,1,3252.05,1229927,114336.0,126160.0,3250.0,3266.9,3239.8,3251.5,45208975,3576.6,2926.4,4322.95,2866.6,3263.7,3,2,3263.6,8,3,3263.5,3,2,3263.3,49,3,3263.2,83,6,3264.0,62,2,3264.1,39,2,3264.5,6,2,3264.7,176,2,3264.8,54,3
11536,2025-12-30 13:26:07+05:30,3263.7,8,3252.05,1229927,114336.0,126160.0,3250.0,3266.9,3239.8,3251.5,45208975,3576.6,2926.4,4322.95,2866.6,3263.7,3,2,3263.6,8,3,3263.5,3,2,3263.3,49,3,3263.2,83,6,3264.0,62,2,3264.1,39,2,3264.5,6,2,3264.7,176,2,3264.8,54,3
11536,2025-12-30 13:26:07+05:30,3263.7,8,3252.05,1229938,114213.0,125289.0,3250.0,3266.9,3239.8,3251.5,45208975,3576.6,2926.4,4322.95,2866.6,3263.7,14,3,3263.6,8,3,3263.5,3,2,3263.2,91,6,3263.1,220,4,3264.0,137,6,3264.3,31,1,3264.5,6,2,3264.6,25,1,3264.7,176,2
11536,2025-12-30 13:26:08+05:30,3263.7,8,3252.05,1229938,114420.0,126339.0,3250.0,3266.9,3239.8,3251.5,45208975,3576.6,2926.4,4322.95,2866.6,3263.7,14,3,3263.6,8,3,3263.5,3,2,3263.2,105,7,3263.1,272,5,3264.0,137,6,3264.3,31,1,3264.5,6,2,3264.6,25,1,3264.7,176,2
11536,2025-12-30 13:26:09+05:30,3263.7,1,3252.05,1229939,114457.0,126531.0,3250.0,3266.9,3239.8,3251.5,45208975,3576.6,2926.4,4322.95,2866.6,3263.7,62,4,3263.6,24,4,3263.5,3,2,3263.4,14,1,3263.3,23,2,3264.0,137,6,3264.3,31,1,3264.5,42,3,3264.7,176,2,3264.8,79,4
11536,2025-12-30 13:26:10+05:30,3263.7,1,3252.05,1229939,114457.0,126531.0,3250.0,3266.9,3239.8,3251.5,45208975,3576.6,2926.4,4322.95,2866.6,3263.7,62,4,3263.6,24,4,3263.5,3,2,3263.4,14,1,3263.3,23,2,3264.0,137,6,3264.3,31,1,3264.5,42,3,3264.7,176,2,3264.8,79,4
11536,2025-12-30 13:26:10+05:30,3263.2,2,3252.06,1230163,113513.0,126407.0,3250.0,3266.9,3239.8,3251.5,45208975,3576.6,2926.4,4322.95,2866.6,3263.2,30,4,3263.1,30,1,3263.0,203,8,3262.9,213,2,3262.8,294,8,3264.0,94,6,3264.4,35,1,3264.5,6,2,3264.6,30,2,3264.7,58,4
11536,2025-12-30 13:26:11+05:30,3264.4,6,3252.06,1230163,113513.0,126407.0,3250.0,3266.9,3239.8,3251.5,45208975,3576.6,2926.4,4322.95,2866.6,3263.2,30,4,3263.1,30,1,3263.0,203,8,3262.9,213,2,3262.8,294,8,3264.0,94,6,3264.4,35,1,3264.5,6,2,3264.6,30,2,3264.7,58,4
11536,2025-12-30 13:26:11+05:30,3264.0,1,3252.06,1230264,114416.0,124906.0,3250.0,3266.9,3239.8,3251.5,45208975,3576.6,2926.4,4322.95,2866.6,3264.0,1,1,3263.4,112,4,3263.3,299,5,3263.2,190,9,3263.1,98,4,3264.4,6,1,3264.5,6,2,3264.6,30,2,3264.7,32,2,3264.8,76,2
11536,2025-12-30 13:26:12+05:30,3264.0,1,3252.06,1230264,114416.0,124906.0,3250.0,3266.9,3239.8,3251.5,45208975,3576.6,2926.4,4322.95,2866.6,3264.0,1,1,3263.4,112,4,3263.3,299,5,3263.2,190,9,3263.1,98,4,3264.4,6,1,3264.5,6,2,3264.6,30,2,3264.7,32,2,3264.8,76,2
11536,2025-12-30 13:26:12+05:30,3264.4,2,3252.06,1230267,114408.0,124716.0,3250.0,3266.9,3239.8,3251.5,45208975,3576.6,2926.4,4322.95,2866.6,3264.0,1,1,3263.7,7,1,3263.4,63,2,3263.3,299,5,3263.2,190,9,3264.4,4,1,3264.5,31,3,3264.6,4,1,3264.7,62,3,3264.8,111,3
11536,2025-12-30 13:26:13+05:30,3264.0,1,3252.06,1230267,114408.0,124716.0,3250.0,3266.9,3239.8,3251.5,45208975,3576.6,2926.4,4322.95,2866.6,3264.0,1,1,3263.7,7,1,3263.4,63,2,3263.3,299,5,3263.2,190,9,3264.4,4,1,3264.5,31,3,3264.6,4,1,3264.7,62,3,3264.8,111,3
11536,2025-12-30 13:26:13+05:30,3264.0,1,3252.06,1230268,114204.0,125080.0,3250.0,3266.9,3239.8,3251.5,45208975,3576.6,2926.4,4322.95,2866.6,3264.0,51,1,3263.7,7,1,3263.4,63,2,3263.3,299,5,3263.2,216,9,3264.4,4,1,3264.5,31,3,3264.6,4,1,3264.7,62,3,3264.8,111,3
11536,2025-12-30 13:26:14+05:30,3264.4,1,3252.06,1230268,114204.0,125080.0,3250.0,3266.9,3239.8,3251.5,45208975,3576.6,2926.4,4322.95,2866.6,3264.0,51,1,3263.7,7,1,3263.4,63,2,3263.3,299,5,3263.2,216,9,3264.4,4,1,3264.5,31,3,3264.6,4,1,3264.7,62,3,3264.8,111,3
11536,2025-12-30 13:26:14+05:30,3264.0,1,3252.06,1230270,114389.0,124989.0,3250.0,3266.9,3239.8,3251.5,45208975,3576.6,2926.4,4322.95,2866.6,3264.0,50,1,3263.7,7,1,3263.4,97,3,3263.3,299,5,3263.2,372,10,3264.4,3,1,3264.5,6,2,3264.6,4,1,3264.7,1,1,3264.8,76,2
11536,2025-12-30 13:26:15+05:30,3264.4,1,3252.06,1230270,114389.0,124989.0,3250.0,3266.9,3239.8,3251.5,45208975,3576.6,2926.4,4322.95,2866.6,3264.0,50,1,3263.7,7,1,3263.4,97,3,3263.3,299,5,3263.2,372,10,3264.4,3,1,3264.5,6,2,3264.6,4,1,3264.7,1,1,3264.8,76,2
11536,2025-12-30 13:26:15+05:30,3264.4,1,3252.06,1230302,114461.0,125100.0,3250.0,3266.9,3239.8,3251.5,45208975,3576.6,2926.4,4322.95,2866.6,3264.0,19,1,3263.7,7,1,3263.4,93,3,3263.3,253,4,3263.2,338,9,3264.3,175,1,3264.4,2,1,3264.5,6,2,3264.6,4,1,3264.7,47,3
11536,2025-12-30 13:26:16+05:30,3264.0,5,3252.06,1230302,114461.0,125100.0,3250.0,3266.9,3239.8,3251.5,45208975,3576.6,2926.4,4322.95,2866.6,3264.0,19,1,3263.7,7,1,3263.4,93,3,3263.3,253,4,3263.2,338,9,3264.3,175,1,3264.4,2,1,3264.5,6,2,3264.6,4,1,3264.7,47,3
11536,2025-12-30 13:26:16+05:30,3264.0,5,3252.06,1230319,114527.0,124112.0,3250.0,3266.9,3239.8,3251.5,45208975,3576.6,2926.4,4322.95,2866.6,3264.0,17,2,3263.7,7,1,3263.4,93,3,3263.3,253,4,3263.2,418,11,3264.3,163,1,3264.4,2,1,3264.5,6,2,3264.6,29,2,3264.7,1,1
11536,2025-12-30 13:26:17+05:30,3263.7,31,3252.06,1230319,114527.0,124112.0,3250.0,3266.9,3239.8,3251.5,45208975,3576.6,2926.4,4322.95,2866.6,3264.0,17,2,3263.7,7,1,3263.4,93,3,3263.3,253,4,3263.2,418,11,3264.3,163,1,3264.4,2,1,3264.5,6,2,3264.6,29,2,3264.7,1,1
11536,2025-12-30 13:26:17+05:30,3263.7,31,3252.06,1230412,114035.0,125423.0,3250.0,3266.9,3239.8,3251.5,45208975,3576.6,2926.4,4322.95,2866.6,3264.0,51,1,3263.7,2,1,3263.2,117,6,3263.1,195,2,3263.0,491,11,3264.3,193,2,3264.4,137,3,3264.5,6,2,3264.6,28,2,3264.7,32,2
11536,2025-12-30 13:26:18+05:30,3263.7,31,3252.06,1230412,114407.0,125730.0,3250.0,3266.9,3239.8,3251.5,45208975,3576.6,2926.4,4322.95,2866.6,3264.0,54,2,3263.7,3,2,3263.6,3,1,3263.3,179,1,3263.2,275,8,3264.3,163,1,3264.4,161,4,3264.5,6,2,3264.6,58,3,3264.7,32,2
11536,2025-12-30 13:26:19+05:30,3263.7,31,3252.06,1230412,114414.0,125730.0,3250.0,3266.9,3239.8,3251.5,45208975,3576.6,2926.4,4322.95,2866.6,3264.0,54,2,3263.7,3,2,3263.6,3,1,3263.3,179,1,3263.2,278,9,3264.3,163,1,3264.4,161,4,3264.5,6,2,3264.6,58,3,3264.7,32,2
11536,2025-12-30 13:26:20+05:30,3264.0,1,3252.06,1230413,114413.0,125730.0,3250.0,3266.9,3239.8,3251.5,45208975,3576.6,2926.4,4322.95,2866.6,3264.0,53,2,3263.7,3,2,3263.6,3,1,3263.3,179,1,3263.2,278,9,3264.3,163,1,3264.4,161,4,3264.5,6,2,3264.6,58,3,3264.7,32,2
11536,2025-12-30 13:26:21+05:30,3264.0,1,3252.06,1230413,114413.0,125730.0,3250.0,3266.9,3239.8,3251.5,45208975,3576.6,2926.4,4322.95,2866.6,3264.0,53,2,3263.7,3,2,3263.6,3,1,3263.3,179,1,3263.2,278,9,3264.3,163,1,3264.4,161,4,3264.5,6,2,3264.6,58,3,3264.7,32,2
11536,2025-12-30 13:26:22+05:30,3264.0,20,3252.06,1230625,114217.0,126422.0,3250.0,3266.9,3239.8,3251.5,45208975,3576.6,2926.4,4322.95,2866.6,3263.7,9,3,3263.6,3,1,3263.4,13,1,3263.3,54,3,3263.2,268,9,3264.0,226,2,3264.4,277,3,3264.5,3,1,3264.7,1,1,3264.8,63,3
11536,2025-12-30 13:26:22+05:30,3264.0,20,3252.06,1230625,114217.0,126422.0,3250.0,3266.9,3239.8,3251.5,45208975,3576.6,2926.4,4322.95,2866.6,3263.7,9,3,3263.6,3,1,3263.4,13,1,3263.3,54,3,3263.2,268,9,3264.0,226,2,3264.4,277,3,3264.5,3,1,3264.7,1,1,3264.8,63,3
11536,2025-12-30 13:26:23+05:30,3263.2,2,3252.06,1230803,113197.0,125975.0,3250.0,3266.9,3239.8,3251.5,45208975,3576.6,2926.4,4322.95,2866.6,3263.2,34,5,3263.1,6,1,3263.0,130,6,3262.9,64,2,3262.8,245,6,3264.0,262,5,3264.2,45,2,3264.3,226,2,3264.4,104,3,3264.5,37,2
11536,2025-12-30 13:26:23+05:30,3263.2,2,3252.06,1230803,113197.0,125975.0,3250.0,3266.9,3239.8,3251.5,45208975,3576.6,2926.4,4322.95,2866.6,3263.2,34,5,3263.1,6,1,3263.0,130,6,3262.9,64,2,3262.8,245,6,3264.0,262,5,3264.2,45,2,3264.3,226,2,3264.4,104,3,3264.5,37,2
11536,2025-12-30 13:26:24+05:30,3263.2,2,3252.06,1230803,112595.0,126990.0,3250.0,3266.9,3239.8,3251.5,45208975,3576.6,2926.4,4322.95,2866.6,3263.7,1,1,3263.4,2,1,3263.3,3,1,3263.2,34,5,3263.0,130,6,3264.0,256,5,3264.2,220,3,3264.3,81,2,3264.4,104,3,3264.5,3,1
11536,2025-12-30 13:26:24+05:30,3263.2,2,3252.06,1230803,112595.0,126990.0,3250.0,3266.9,3239.8,3251.5,45208975,3576.6,2926.4,4322.95,2866.6,3263.7,1,1,3263.4,2,1,3263.3,3,1,3263.2,34,5,3263.0,130,6,3264.0,256,5,3264.2,220,3,3264.3,81,2,3264.4,104,3,3264.5,3,1
11536,2025-12-30 13:26:25+05:30,3264.0,1,3252.06,1230804,114484.0,126190.0,3250.0,3266.9,3239.8,3251.5,45208975,3576.6,2926.4,4322.95,2866.6,3263.7,1,1,3263.4,17,2,3263.3,3,1,3263.2,230,8,3263.1,72,2,3264.0,255,5,3264.3,51,1,3264.4,277,3,3264.5,3,1,3264.6,10,2
11536,2025-12-30 13:26:25+05:30,3264.0,1,3252.06,1230804,114484.0,126190.0,3250.0,3266.9,3239.8,3251.5,45208975,3576.6,2926.4,4322.95,2866.6,3263.7,1,1,3263.4,17,2,3263.3,3,1,3263.2,230,8,3263.1,72,2,3264.0,255,5,3264.3,51,1,3264.4,277,3,3264.5,3,1,3264.6,10,2
11536,2025-12-30 13:26:26+05:30,3264.0,1,3252.06,1230804,114484.0,126190.0,3250.0,3266.9,3239.8,3251.5,45208975,3576.6,2926.4,4322.95,2866.6,3263.7,1,1,3263.4,17,2,3263.3,3,1,3263.2,230,8,3263.1,72,2,3264.0,255,5,3264.3,51,1,3264.4,277,3,3264.5,3,1,3264.6,10,2
11536,2025-12-30 13:26:26+05:30,3264.0,1,3252.06,1230806,114577.0,126508.0,3250.0,3266.9,3239.8,3251.5,45208975,3576.6,2926.4,4322.95,2866.6,3263.7,1,1,3263.4,32,3,3263.3,33,2,3263.2,243,9,3263.1,107,3,3264.0,253,5,3264.3,51,1,3264.4,277,3,3264.5,3,1,3264.6,10,2
11536,2025-12-30 13:26:27+05:30,3263.7,1,3252.06,1230807,114549.0,125098.0,3250.0,3266.9,3239.8,3251.5,45208975,3576.6,2926.4,4322.95,2866.6,3263.7,1,1,3263.4,17,2,3263.3,33,2,3263.2,230,8,3263.1,107,3,3264.0,253,5,3264.3,51,1,3264.4,277,3,3264.5,3,1,3264.6,10,2
11536,2025-12-30 13:26:27+05:30,3263.7,1,3252.06,1230807,114549.0,125098.0,3250.0,3266.9,3239.8,3251.5,45208975,3576.6,2926.4,4322.95,2866.6,3263.7,1,1,3263.4,17,2,3263.3,33,2,3263.2,230,8,3263.1,107,3,3264.0,253,5,3264.3,51,1,3264.4,277,3,3264.5,3,1,3264.6,10,2
11536,2025-12-30 13:26:27+05:30,3263.7,1,3252.06,1230807,114549.0,125098.0,3250.0,3266.9,3239.8,3251.5,45208975,3576.6,2926.4,4322.95,2866.6,3263.7,1,1,3263.4,17,2,3263.3,33,2,3263.2,230,8,3263.1,107,3,3264.0,253,5,3264.3,51,1,3264.4,277,3,3264.5,3,1,3264.6,10,2
11536,2025-12-30 13:26:28+05:30,3263.7,1,3252.06,1230807,114549.0,125098.0,3250.0,3266.9,3239.8,3251.5,45208975,3576.6,2926.4,4322.95,2866.6,3263.7,1,1,3263.4,17,2,3263.3,33,2,3263.2,230,8,3263.1,107,3,3264.0,253,5,3264.3,51,1,3264.4,277,3,3264.5,3,1,3264.6,10,2
11536,2025-12-30 13:26:28+05:30,3263.7,1,3252.06,1230810,114601.0,125098.0,3250.0,3266.9,3239.8,3251.5,45208975,3576.6,2926.4,4322.95,2866.6,3263.7,53,2,3263.4,17,2,3263.3,33,2,3263.2,230,8,3263.1,107,3,3264.0,253,5,3264.3,51,1,3264.4,277,3,3264.5,3,1,3264.6,10,2
11536,2025-12-30 13:26:28+05:30,3263.7,1,3252.06,1230810,114601.0,125098.0,3250.0,3266.9,3239.8,3251.5,45208975,3576.6,2926.4,4322.95,2866.6,3263.7,53,2,3263.4,17,2,3263.3,33,2,3263.2,230,8,3263.1,107,3,3264.0,253,5,3264.3,51,1,3264.4,277,3,3264.5,3,1,3264.6,10,2
11536,2025-12-30 13:26:29+05:30,3263.7,1,3252.06,1230810,114601.0,125098.0,3250.0,3266.9,3239.8,3251.5,45208975,3576.6,2926.4,4322.95,2866.6,3263.7,53,2,3263.4,17,2,3263.3,33,2,3263.2,230,8,3263.1,107,3,3264.0,253,5,3264.3,51,1,3264.4,277,3,3264.5,3,1,3264.6,10,2
11536,2025-12-30 13:26:29+05:30,3264.0,3,3252.06,1230813,114601.0,125201.0,3250.0,3266.9,3239.8,3251.5,45208975,3576.6,2926.4,4322.95,2866.6,3263.7,53,2,3263.4,17,2,3263.3,33,2,3263.2,230,8,3263.1,107,3,3264.0,250,5,3264.3,51,1,3264.4,277,3,3264.5,3,1,3264.6,10,2
11536,2025-12-30 13:26:29+05:30,3264.0,3,3252.06,1230813,114601.0,125201.0,3250.0,3266.9,3239.8,3251.5,45208975,3576.6,2926.4,4322.95,2866.6,3263.7,53,2,3263.4,17,2,3263.3,33,2,3263.2,230,8,3263.1,107,3,3264.0,250,5,3264.3,51,1,3264.4,277,3,3264.5,3,1,3264.6,10,2
11536,2025-12-30 13:26:29+05:30,3264.0,3,3252.06,1230813,114601.0,125201.0,3250.0,3266.9,3239.8,3251.5,45208975,3576.6,2926.4,4322.95,2866.6,3263.7,53,2,3263.4,17,2,3263.3,33,2,3263.2,230,8,3263.1,107,3,3264.0,250,5,3264.3,51,1,3264.4,277,3,3264.5,3,1,3264.6,10,2
11536,2025-12-30 13:26:30+05:30,3264.0,47,3252.06,1230863,114799.0,126210.0,3250.0,3266.9,3239.8,3251.5,45208975,3576.6,2926.4,4322.95,2866.6,3263.7,51,2,3263.4,17,2,3263.3,33,2,3263.2,241,8,3263.1,61,1,3264.0,203,5,3264.3,51,1,3264.4,277,3,3264.5,3,1,3264.6,10,2
11536,2025-12-30 13:26:30+05:30,3264.0,47,3252.06,1230863,114799.0,126210.0,3250.0,3266.9,3239.8,3251.5,45208975,3576.6,2926.4,4322.95,2866.6,3263.7,51,2,3263.4,17,2,3263.3,33,2,3263.2,241,8,3263.1,61,1,3264.0,203,5,3264.3,51,1,3264.4,277,3,3264.5,3,1,3264.6,10,2
11536,2025-12-30 13:26:31+05:30,3264.0,47,3252.06,1230863,114799.0,126210.0,3250.0,3266.9,3239.8,3251.5,45208975,3576.6,2926.4,4322.95,2866.6,3263.7,51,2,3263.4,17,2,3263.3,33,2,3263.2,241,8,3263.1,61,1,3264.0,203,5,3264.3,51,1,3264.4,277,3,3264.5,3,1,3264.6,10,2
11536,2025-12-30 13:26:31+05:30,3264.0,47,3252.06,1230863,114813.0,125314.0,3250.0,3266.9,3239.8,3251.5,45208975,3576.6,2926.4,4322.95,2866.6,3263.7,51,2,3263.4,17,2,3263.3,33,2,3263.2,85,7,3263.1,231,2,3264.0,203,5,3264.3,51,1,3264.4,277,3,3264.5,3,1,3264.6,10,2
11536,2025-12-30 13:26:31+05:30,3264.0,1,3252.06,1230863,114813.0,125314.0,3250.0,3266.9,3239.8,3251.5,45208975,3576.6,2926.4,4322.95,2866.6,3263.7,51,2,3263.4,17,2,3263.3,33,2,3263.2,85,7,3263.1,231,2,3264.0,203,5,3264.3,51,1,3264.4,277,3,3264.5,3,1,3264.6,10,2
11536,2025-12-30 13:26:32+05:30,3264.0,1,3252.06,1230863,114813.0,125314.0,3250.0,3266.9,3239.8,3251.5,45208975,3576.6,2926.4,4322.95,2866.6,3263.7,51,2,3263.4,17,2,3263.3,33,2,3263.2,85,7,3263.1,231,2,3264.0,203,5,3264.3,51,1,3264.4,277,3,3264.5,3,1,3264.6,10,2
11536,2025-12-30 13:26:32+05:30,3263.7,1,3252.06,1230867,114880.0,126375.0,3250.0,3266.9,3239.8,3251.5,45208975,3576.6,2926.4,4322.95,2866.6,3263.7,53,3,3263.4,32,3,3263.3,33,2,3263.2,98,8,3263.1,267,3,3264.0,214,6,3264.3,51,1,3264.4,277,3,3264.5,3,1,3264.6,10,2
11536,2025-12-30 13:26:32+05:30,3263.7,1,3252.06,1230867,114880.0,126375.0,3250.0,3266.9,3239.8,3251.5,45208975,3576.6,2926.4,4322.95,2866.6,3263.7,53,3,3263.4,32,3,3263.3,33,2,3263.2,98,8,3263.1,267,3,3264.0,214,6,3264.3,51,1,3264.4,277,3,3264.5,3,1,3264.6,10,2
11536,2025-12-30 13:26:32+05:30,3263.7,1,3252.06,1230867,114880.0,126375.0,3250.0,3266.9,3239.8,3251.5,45208975,3576.6,2926.4,4322.95,2866.6,3263.7,53,3,3263.4,32,3,3263.3,33,2,3263.2,98,8,3263.1,267,3,3264.0,214,6,3264.3,51,1,3264.4,277,3,3264.5,3,1,3264.6,10,2
11536,2025-12-30 13:26:33+05:30,3264.0,1,3252.06,1230868,114851.0,126724.0,3250.0,3266.9,3239.8,3251.5,45208975,3576.6,2926.4,4322.95,2866.6,3263.7,52,2,3263.4,17,2,3263.3,33,2,3263.2,85,7,3263.1,267,3,3264.0,213,6,3264.3,51,1,3264.4,277,3,3264.5,3,1,3264.6,10,2
11536,2025-12-30 13:26:33+05:30,3264.0,1,3252.06,1230868,114851.0,126724.0,3250.0,3266.9,3239.8,3251.5,45208975,3576.6,2926.4,4322.95,2866.6,3263.7,52,2,3263.4,17,2,3263.3,33,2,3263.2,85,7,3263.1,267,3,3264.0,213,6,3264.3,51,1,3264.4,277,3,3264.5,3,1,3264.6,10,2
11536,2025-12-30 13:26:33+05:30,3264.0,1,3252.06,1230868,114851.0,126724.0,3250.0,3266.9,3239.8,3251.5,45208975,3576.6,2926.4,4322.95,2866.6,3263.7,52,2,3263.4,17,2,3263.3,33,2,3263.2,85,7,3263.1,267,3,3264.0,213,6,3264.3,51,1,3264.4,277,3,3264.5,3,1,3264.6,10,2
11536,2025-12-30 13:26:34+05:30,3264.0,1,3252.06,1230868,114851.0,126724.0,3250.0,3266.9,3239.8,3251.5,45208975,3576.6,2926.4,4322.95,2866.6,3263.7,52,2,3263.4,17,2,3263.3,33,2,3263.2,85,7,3263.1,267,3,3264.0,213,6,3264.3,51,1,3264.4,277,3,3264.5,3,1,3264.6,10,2
11536,2025-12-30 13:26:34+05:30,3263.7,16,3252.06,1230934,114246.0,126412.0,3250.0,3266.9,3239.8,3251.5,45208975,3576.6,2926.4,4322.95,2866.6,3263.7,3,1,3263.4,2,1,3263.3,3,1,3263.2,90,7,3263.0,331,10,3264.0,147,5,3264.1,175,1,3264.3,51,1,3264.4,132,3,3264.5,39,2
11536,2025-12-30 13:26:34+05:30,3263.7,16,3252.06,1230934,114246.0,126412.0,3250.0,3266.9,3239.8,3251.5,45208975,3576.6,2926.4,4322.95,2866.6,3263.7,3,1,3263.4,2,1,3263.3,3,1,3263.2,90,7,3263.0,331,10,3264.0,147,5,3264.1,175,1,3264.3,51,1,3264.4,132,3,3264.5,39,2
11536,2025-12-30 13:26:35+05:30,3263.7,16,3252.06,1230934,114246.0,126412.0,3250.0,3266.9,3239.8,3251.5,45208975,3576.6,2926.4,4322.95,2866.6,3263.7,3,1,3263.4,2,1,3263.3,3,1,3263.2,90,7,3263.0,331,10,3264.0,147,5,3264.1,175,1,3264.3,51,1,3264.4,132,3,3264.5,39,2
11536,2025-12-30 13:26:35+05:30,3264.0,1,3252.06,1230935,114467.0,126669.0,3250.0,3266.9,3239.8,3251.5,45208975,3576.6,2926.4,4322.95,2866.6,3263.7,49,2,3263.4,17,2,3263.3,3,1,3263.2,120,8,3263.1,258,3,3264.0,124,4,3264.1,175,1,3264.3,51,1,3264.4,102,2,3264.5,3,1
11536,2025-12-30 13:26:35+05:30,3264.0,1,3252.06,1230935,114467.0,126669.0,3250.0,3266.9,3239.8,3251.5,45208975,3576.6,2926.4,4322.95,2866.6,3263.7,49,2,3263.4,17,2,3263.3,3,1,3263.2,120,8,3263.1,258,3,3264.0,124,4,3264.1,175,1,3264.3,51,1,3264.4,102,2,3264.5,3,1
11536,2025-12-30 13:26:36+05:30,3264.0,1,3252.06,1230936,114632.0,126529.0,3250.0,3266.9,3239.8,3251.5,45208975,3576.6,2926.4,4322.95,2866.6,3263.7,49,2,3263.4,17,2,3263.3,3,1,3263.2,120,8,3263.1,258,3,3264.0,123,4,3264.1,175,1,3264.3,51,1,3264.4,102,2,3264.5,3,1
11536,2025-12-30 13:26:36+05:30,3264.0,1,3252.06,1230936,114632.0,126529.0,3250.0,3266.9,3239.8,3251.5,45208975,3576.6,2926.4,4322.95,2866.6,3263.7,49,2,3263.4,17,2,3263.3,3,1,3263.2,120,8,3263.1,258,3,3264.0,123,4,3264.1,175,1,3264.3,51,1,3264.4,102,2,3264.5,3,1
11536,2025-12-30 13:26:37+05:30,3264.0,1,3252.06,1230936,114632.0,126529.0,3250.0,3266.9,3239.8,3251.5,45208975,3576.6,2926.4,4322.95,2866.6,3263.7,49,2,3263.4,17,2,3263.3,3,1,3263.2,120,8,3263.1,258,3,3264.0,123,4,3264.1,175,1,3264.3,51,1,3264.4,102,2,3264.5,3,1
11536,2025-12-30 13:26:37+05:30,3263.7,1,3252.06,1230937,114605.0,126505.0,3250.0,3266.9,3239.8,3251.5,45208975,3576.6,2926.4,4322.95,2866.6,3263.7,48,2,3263.4,17,2,3263.3,3,1,3263.2,120,8,3263.1,222,2,3264.0,123,4,3264.1,175,1,3264.3,51,1,3264.4,102,2,3264.5,3,1
11536,2025-12-30 13:26:37+05:30,3263.7,1,3252.06,1230937,114605.0,126505.0,3250.0,3266.9,3239.8,3251.5,45208975,3576.6,2926.4,4322.95,2866.6,3263.7,48,2,3263.4,17,2,3263.3,3,1,3263.2,120,8,3263.1,222,2,3264.0,123,4,3264.1,175,1,3264.3,51,1,3264.4,102,2,3264.5,3,1
11536,2025-12-30 13:26:38+05:30,3263.7,1,3252.06,1230938,114481.0,126526.0,3250.0,3266.9,3239.8,3251.5,45208975,3576.6,2926.4,4322.95,2866.6,3263.7,48,3,3263.4,17,2,3263.3,3,1,3263.2,120,8,3263.1,97,2,3264.0,123,4,3264.1,175,1,3264.3,51,1,3264.4,102,2,3264.5,3,1
11536,2025-12-30 13:26:38+05:30,3263.7,1,3252.06,1230938,114481.0,126526.0,3250.0,3266.9,3239.8,3251.5,45208975,3576.6,2926.4,4322.95,2866.6,3263.7,48,3,3263.4,17,2,3263.3,3,1,3263.2,120,8,3263.1,97,2,3264.0,123,4,3264.1,175,1,3264.3,51,1,3264.4,102,2,3264.5,3,1
11536,2025-12-30 13:26:38+05:30,3263.7,1,3252.06,1230938,114481.0,126526.0,3250.0,3266.9,3239.8,3251.5,45208975,3576.6,2926.4,4322.95,2866.6,3263.7,48,3,3263.4,17,2,3263.3,3,1,3263.2,120,8,3263.1,97,2,3264.0,123,4,3264.1,175,1,3264.3,51,1,3264.4,102,2,3264.5,3,1
11536,2025-12-30 13:26:39+05:30,3263.7,1,3252.06,1230938,112852.0,126614.0,3250.0,3266.9,3239.8,3251.5,45208975,3576.6,2926.4,4322.95,2866.6,3263.7,48,3,3263.4,2,1,3263.3,3,1,3263.2,77,6,3263.0,334,10,3264.0,153,5,3264.1,175,1,3264.3,81,2,3264.4,138,3,3264.5,3,1
11536,2025-12-30 13:26:40+05:30,3263.7,1,3252.06,1230938,114261.0,126606.0,3250.0,3266.9,3239.8,3251.5,45208975,3576.6,2926.4,4322.95,2866.6,3263.7,48,3,3263.4,2,1,3263.3,3,1,3263.2,77,6,3263.0,334,10,3264.0,153,5,3264.1,175,1,3264.3,81,2,3264.4,138,3,3264.5,3,1
11536,2025-12-30 13:26:40+05:30,3263.7,1,3252.06,1230938,114261.0,126606.0,3250.0,3266.9,3239.8,3251.5,45208975,3576.6,2926.4,4322.95,2866.6,3263.7,48,3,3263.4,2,1,3263.3,3,1,3263.2,77,6,3263.0,334,10,3264.0,153,5,3264.1,175,1,3264.3,81,2,3264.4,138,3,3264.5,3,1
11536,2025-12-30 13:26:41+05:30,3264.0,47,3252.07,1231160,113678.0,127001.0,3250.0,3266.9,3239.8,3251.5,45208975,3576.6,2926.4,4322.95,2866.6,3263.2,30,5,3263.0,99,5,3262.9,212,2,3262.8,285,7,3262.7,83,3,3264.0,305,7,3264.1,10,1,3264.2,36,1,3264.3,82,2,3264.4,104,3
11536,2025-12-30 13:26:41+05:30,3263.2,4,3252.07,1231160,113678.0,127001.0,3250.0,3266.9,3239.8,3251.5,45208975,3576.6,2926.4,4322.95,2866.6,3263.2,30,5,3263.0,99,5,3262.9,212,2,3262.8,285,7,3262.7,83,3,3264.0,305,7,3264.1,10,1,3264.2,36,1,3264.3,82,2,3264.4,104,3
11536,2025-12-30 13:26:41+05:30,3263.2,4,3252.07,1231160,113678.0,127001.0,3250.0,3266.9,3239.8,3251.5,45208975,3576.6,2926.4,4322.95,2866.6,3263.2,30,5,3263.0,99,5,3262.9,212,2,3262.8,285,7,3262.7,83,3,3264.0,305,7,3264.1,10,1,3264.2,36,1,3264.3,82,2,3264.4,104,3
11536,2025-12-30 13:26:42+05:30,3263.2,4,3252.07,1231177,113834.0,126979.0,3250.0,3266.9,3239.8,3251.5,45208975,3576.6,2926.4,4322.95,2866.6,3263.2,32,5,3263.1,65,3,3263.0,111,6,3262.9,248,3,3262.8,378,10,3264.0,281,6,3264.2,36,1,3264.3,51,1,3264.4,104,3,3264.5,3,1
11536,2025-12-30 13:26:43+05:30,3263.2,1,3252.07,1231193,113725.0,127092.0,3250.0,3266.9,3239.8,3251.5,45208975,3576.6,2926.4,4322.95,2866.6,3263.2,62,6,3263.1,34,2,3263.0,181,8,3262.9,20,2,3262.8,392,11,3263.7,10,1,3264.0,281,6,3264.3,51,1,3264.4,104,3,3264.5,29,2
11536,2025-12-30 13:26:43+05:30,3263.2,1,3252.07,1231193,113725.0,127092.0,3250.0,3266.9,3239.8,3251.5,45298400,3576.6,2926.4,4322.95,2866.6,3263.2,62,6,3263.1,34,2,3263.0,181,8,3262.9,20,2,3262.8,392,11,3263.7,10,1,3264.0,281,6,3264.3,51,1,3264.4,104,3,3264.5,29,2
11536,2025-12-30 13:26:43+05:30,3263.2,1,3252.07,1231193,113725.0,127092.0,3250.0,3266.9,3239.8,3251.5,45298400,3576.6,2926.4,4322.95,2866.6,3263.2,62,6,3263.1,34,2,3263.0,181,8,3262.9,20,2,3262.8,392,11,3263.7,10,1,3264.0,281,6,3264.3,51,1,3264.4,104,3,3264.5,29,2
11536,2025-12-30 13:26:44+05:30,3263.2,1,3252.07,1231194,113997.0,126268.0,3250.0,3266.9,3239.8,3251.5,45298400,3576.6,2926.4,4322.95,2866.6,3263.2,67,6,3263.1,93,5,3263.0,350,10,3262.9,66,3,3262.8,357,11,3263.7,10,1,3264.0,134,6,3264.1,175,1,3264.3,51,1,3264.4,102,2
11536,2025-12-30 13:26:44+05:30,3263.2,1,3252.07,1231194,113997.0,126268.0,3250.0,3266.9,3239.8,3251.5,45298400,3576.6,2926.4,4322.95,2866.6,3263.2,67,6,3263.1,93,5,3263.0,350,10,3262.9,66,3,3262.8,357,11,3263.7,10,1,3264.0,134,6,3264.1,175,1,3264.3,51,1,3264.4,102,2
11536,2025-12-30 13:26:45+05:30,3263.7,1,3252.07,1231200,114146.0,125208.0,3250.0,3266.9,3239.8,3251.5,45298400,3576.6,2926.4,4322.95,2866.6,3263.2,106,6,3263.1,93,5,3263.0,424,11,3262.9,66,3,3262.8,357,11,3263.7,18,2,3264.0,120,5,3264.1,175,1,3264.3,51,1,3264.4,102,2
11536,2025-12-30 13:26:45+05:30,3263.7,1,3252.07,1231200,114146.0,125208.0,3250.0,3266.9,3239.8,3251.5,45298400,3576.6,2926.4,4322.95,2866.6,3263.2,106,6,3263.1,93,5,3263.0,424,11,3262.9,66,3,3262.8,357,11,3263.7,18,2,3264.0,120,5,3264.1,175,1,3264.3,51,1,3264.4,102,2
11536,2025-12-30 13:26:45+05:30,3263.7,1,3252.07,1231200,114146.0,125208.0,3250.0,3266.9,3239.8,3251.5,45298400,3576.6,2926.4,4322.95,2866.6,3263.2,106,6,3263.1,93,5,3263.0,424,11,3262.9,66,3,3262.8,357,11,3263.7,18,2,3264.0,120,5,3264.1,175,1,3264.3,51,1,3264.4,102,2
11536,2025-12-30 13:26:46+05:30,3263.7,1,3252.07,1231202,114152.0,126358.0,3250.0,3266.9,3239.8,3251.5,45298400,3576.6,2926.4,4322.95,2866.6,3263.2,115,7,3263.1,93,5,3263.0,424,11,3262.9,66,3,3262.8,357,11,3263.7,16,2,3264.0,120,5,3264.1,175,1,3264.3,51,1,3264.4,102,2
11536,2025-12-30 13:26:46+05:30,3263.7,1,3252.07,1231202,114152.0,126358.0,3250.0,3266.9,3239.8,3251.5,45298400,3576.6,2926.4,4322.95,2866.6,3263.2,115,7,3263.1,93,5,3263.0,424,11,3262.9,66,3,3262.8,357,11,3263.7,16,2,3264.0,120,5,3264.1,175,1,3264.3,51,1,3264.4,102,2
11536,2025-12-30 13:26:47+05:30,3263.7,1,3252.07,1231202,114152.0,126442.0,3250.0,3266.9,3239.8,3251.5,45298400,3576.6,2926.4,4322.95,2866.6,3263.2,115,7,3263.1,93,5,3263.0,424,11,3262.9,66,3,3262.8,357,11,3263.7,16,2,3264.0,120,5,3264.1,175,1,3264.3,51,1,3264.4,102,2
11536,2025-12-30 13:26:48+05:30,3263.7,2,3252.07,1231206,114278.0,126442.0,3250.0,3266.9,3239.8,3251.5,45298400,3576.6,2926.4,4322.95,2866.6,3263.2,115,7,3263.1,91,5,3263.0,393,9,3262.9,88,5,3262.8,396,13,3263.7,12,1,3264.0,120,5,3264.1,175,1,3264.3,51,1,3264.4,102,2
11536,2025-12-30 13:26:48+05:30,3263.7,2,3252.07,1231206,114278.0,126442.0,3250.0,3266.9,3239.8,3251.5,45298400,3576.6,2926.4,4322.95,2866.6,3263.2,115,7,3263.1,91,5,3263.0,393,9,3262.9,88,5,3262.8,396,13,3263.7,12,1,3264.0,120,5,3264.1,175,1,3264.3,51,1,3264.4,102,2
11536,2025-12-30 13:26:49+05:30,3263.2,1,3252.07,1231207,115104.0,127152.0,3250.0,3266.9,3239.8,3251.5,45298400,3576.6,2926.4,4322.95,2866.6,3263.2,75,5,3263.1,34,2,3263.0,183,6,3262.9,45,4,3262.8,329,10,3263.7,52,3,3264.0,90,4,3264.1,175,1,3264.3,51,1,3264.4,102,2
11536,2025-12-30 13:26:49+05:30,3263.2,1,3252.07,1231207,115104.0,127152.0,3250.0,3266.9,3239.8,3251.5,45298400,3576.6,2926.4,4322.95,2866.6,3263.2,75,5,3263.1,34,2,3263.0,183,6,3262.9,45,4,3262.8,329,10,3263.7,52,3,3264.0,90,4,3264.1,175,1,3264.3,51,1,3264.4,102,2
11536,2025-12-30 13:26:50+05:30,3263.2,1,3252.07,1231207,115132.0,127150.0,3250.0,3266.9,3239.8,3251.5,45298400,3576.6,2926.4,4322.95,2866.6,3263.2,75,5,3263.1,48,3,3263.0,170,5,3262.9,32,3,3262.8,329,10,3263.7,52,3,3264.0,90,4,3264.1,175,1,3264.3,51,1,3264.4,102,2
11536,2025-12-30 13:26:50+05:30,3263.7,1,3252.07,1231207,115132.0,127150.0,3250.0,3266.9,3239.8,3251.5,45298400,3576.6,2926.4,4322.95,2866.6,3263.2,75,5,3263.1,48,3,3263.0,170,5,3262.9,32,3,3262.8,329,10,3263.7,52,3,3264.0,90,4,3264.1,175,1,3264.3,51,1,3264.4,102,2
11536,2025-12-30 13:26:51+05:30,3263.7,1,3252.07,1231208,115089.0,127142.0,3250.0,3266.9,3239.8,3251.5,45298400,3576.6,2926.4,4322.95,2866.6,3263.2,75,5,3263.1,48,3,3263.0,139,4,3262.9,32,3,3262.8,232,11,3263.7,51,3,3264.0,90,4,3264.2,175,1,3264.3,51,1,3264.4,102,2
11536,2025-12-30 13:26:52+05:30,3263.7,3,3252.07,1231211,114941.0,127154.0,3250.0,3266.9,3239.8,3251.5,45298400,3576.6,2926.4,4322.95,2866.6,3263.2,75,5,3263.1,48,3,3263.0,139,4,3262.9,32,3,3262.8,232,11,3263.7,48,3,3264.0,90,4,3264.2,175,1,3264.3,51,1,3264.4,102,2
11536,2025-12-30 13:26:52+05:30,3263.7,3,3252.07,1231211,114941.0,127154.0,3250.0,3266.9,3239.8,3251.5,45298400,3576.6,2926.4,4322.95,2866.6,3263.2,75,5,3263.1,48,3,3263.0,139,4,3262.9,32,3,3262.8,232,11,3263.7,48,3,3264.0,90,4,3264.2,175,1,3264.3,51,1,3264.4,102,2
11536,2025-12-30 13:26:52+05:30,3263.2,3,3252.07,1231311,114784.0,127159.0,3250.0,3266.9,3239.8,3251.5,45298400,3576.6,2926.4,4322.95,2866.6,3263.2,12,3,3263.1,34,2,3263.0,151,5,3262.9,36,4,3262.8,186,10,3263.7,48,3,3264.0,90,4,3264.1,242,3,3264.3,51,1,3264.4,131,3
11536,2025-12-30 13:26:53+05:30,3263.2,3,3252.07,1231311,114784.0,127159.0,3250.0,3266.9,3239.8,3251.5,45298400,3576.6,2926.4,4322.95,2866.6,3263.2,12,3,3263.1,34,2,3263.0,151,5,3262.9,36,4,3262.8,186,10,3263.7,48,3,3264.0,90,4,3264.1,242,3,3264.3,51,1,3264.4,131,3
11536,2025-12-30 13:26:53+05:30,3263.2,3,3252.07,1231311,114784.0,127159.0,3250.0,3266.9,3239.8,3251.5,45298400,3576.6,2926.4,4322.95,2866.6,3263.2,12,3,3263.1,34,2,3263.0,153,6,3262.9,36,4,3262.8,186,10,3263.7,48,3,3264.0,90,4,3264.1,242,3,3264.3,51,1,3264.4,131,3
11536,2025-12-30 13:26:54+05:30,3263.2,3,3252.07,1231311,114784.0,127159.0,3250.0,3266.9,3239.8,3251.5,45298400,3576.6,2926.4,4322.95,2866.6,3263.2,12,3,3263.1,34,2,3263.0,153,6,3262.9,36,4,3262.8,186,10,3263.7,48,3,3264.0,90,4,3264.1,242,3,3264.3,51,1,3264.4,131,3
11536,2025-12-30 13:26:54+05:30,3263.7,5,3252.07,1231322,114768.0,127185.0,3250.0,3266.9,3239.8,3251.5,45298400,3576.6,2926.4,4322.95,2866.6,3263.2,66,4,3263.1,34,2,3263.0,141,5,3262.9,24,3,3262.8,136,7,3263.7,52,4,3264.0,126,5,3264.1,175,1,3264.2,31,1,3264.3,51,1
11536,2025-12-30 13:26:55+05:30,3263.7,1,3252.07,1231322,114768.0,127185.0,3250.0,3266.9,3239.8,3251.5,45298400,3576.6,2926.4,4322.95,2866.6,3263.2,66,4,3263.1,34,2,3263.0,141,5,3262.9,24,3,3262.8,136,7,3263.7,52,4,3264.0,126,5,3264.1,175,1,3264.2,31,1,3264.3,51,1
11536,2025-12-30 13:26:55+05:30,3263.7,10,3252.07,1231374,115524.0,124193.0,3250.0,3266.9,3239.8,3251.5,45298400,3576.6,2926.4,4322.95,2866.6,3263.3,102,5,3263.2,161,8,3263.1,57,4,3263.0,426,12,3262.9,208,4,3264.0,63,4,3264.4,102,2,3264.5,178,2,3264.7,1,1,3264.9,42,2
11536,2025-12-30 13:26:56+05:30,3263.7,10,3252.07,1231374,115524.0,124193.0,3250.0,3266.9,3239.8,3251.5,45298400,3576.6,2926.4,4322.95,2866.6,3263.3,102,5,3263.2,161,8,3263.1,57,4,3263.0,426,12,3262.9,208,4,3264.0,63,4,3264.4,102,2,3264.5,178,2,3264.7,1,1,3264.9,42,2
11536,2025-12-30 13:26:56+05:30,3263.7,10,3252.07,1231374,116302.0,125767.0,3250.0,3266.9,3239.8,3251.5,45298400,3576.6,2926.4,4322.95,2866.6,3263.7,2,1,3263.4,47,2,3263.3,73,4,3263.2,189,10,3263.1,74,6,3264.0,63,4,3264.4,102,2,3264.5,178,2,3264.7,1,1,3264.9,66,3
11536,2025-12-30 13:26:58+05:30,3263.7,2,3252.07,1231376,116270.0,125949.0,3250.0,3266.9,3239.8,3251.5,45298400,3576.6,2926.4,4322.95,2866.6,3263.7,2,2,3263.4,2,1,3263.3,12,1,3263.2,143,9,3263.1,74,6,3264.0,87,5,3264.4,308,4,3264.5,39,2,3264.6,21,1,3264.7,22,2
11536,2025-12-30 13:26:58+05:30,3263.7,2,3252.07,1231376,116270.0,125949.0,3250.0,3266.9,3239.8,3251.5,45298400,3576.6,2926.4,4322.95,2866.6,3263.7,2,2,3263.4,2,1,3263.3,12,1,3263.2,143,9,3263.1,74,6,3264.0,87,5,3264.4,308,4,3264.5,39,2,3264.6,21,1,3264.7,22,2
11536,2025-12-30 13:26:59+05:30,3264.0,1,3252.07,1231377,116165.0,125990.0,3250.0,3266.9,3239.8,3251.5,45298400,3576.6,2926.4,4322.95,2866.6,3263.7,81,3,3263.4,2,1,3263.3,12,1,3263.2,117,7,3263.1,47,4,3264.0,86,5,3264.3,175,1,3264.4,133,3,3264.5,39,2,3264.6,21,1
11536,2025-12-30 13:26:59+05:30,3264.0,1,3252.07,1231377,116165.0,125990.0,3250.0,3266.9,3239.8,3251.5,45298400,3576.6,2926.4,4322.95,2866.6,3263.7,81,3,3263.4,2,1,3263.3,12,1,3263.2,117,7,3263.1,47,4,3264.0,86,5,3264.3,175,1,3264.4,133,3,3264.5,39,2,3264.6,21,1
11536,2025-12-30 13:27:00+05:30,3264.0,1,3252.07,1231377,116172.0,125990.0,3250.0,3266.9,3239.8,3251.5,45298400,3576.6,2926.4,4322.95,2866.6,3263.7,81,3,3263.4,2,1,3263.3,21,2,3263.2,117,7,3263.1,38,3,3264.0,86,5,3264.3,175,1,3264.4,133,3,3264.5,39,2,3264.6,21,1
11536,2025-12-30 13:27:01+05:30,3264.0,1,3252.07,1231379,116168.0,125988.0,3250.0,3266.9,3239.8,3251.5,45298400,3576.6,2926.4,4322.95,2866.6,3263.7,81,3,3263.4,2,1,3263.3,21,2,3263.2,117,7,3263.1,38,3,3264.0,85,5,3264.3,175,1,3264.4,102,2,3264.5,39,2,3264.6,21,1
11536,2025-12-30 13:27:01+05:30,3264.0,1,3252.07,1231379,116168.0,125988.0,3250.0,3266.9,3239.8,3251.5,45298400,3576.6,2926.4,4322.95,2866.6,3263.7,81,3,3263.4,2,1,3263.3,21,2,3263.2,117,7,3263.1,38,3,3264.0,85,5,3264.3,175,1,3264.4,102,2,3264.5,39,2,3264.6,21,1
11536,2025-12-30 13:27:02+05:30,3263.7,12,3252.07,1231379,116168.0,125988.0,3250.0,3266.9,3239.8,3251.5,45298400,3576.6,2926.4,4322.95,2866.6,3263.7,81,3,3263.4,2,1,3263.3,21,2,3263.2,117,7,3263.1,38,3,3264.0,85,5,3264.3,175,1,3264.4,102,2,3264.5,39,2,3264.6,21,1
11536,2025-12-30 13:27:02+05:30,3263.7,12,3252.07,1231392,116222.0,125988.0,3250.0,3266.9,3239.8,3251.5,45298400,3576.6,2926.4,4322.95,2866.6,3263.7,69,3,3263.4,2,1,3263.3,21,2,3263.2,147,8,3263.1,74,4,3264.0,86,6,3264.3,175,1,3264.4,102,2,3264.5,39,2,3264.6,21,1
11536,2025-12-30 13:27:03+05:30,3264.0,2,3252.07,1231392,116222.0,125988.0,3250.0,3266.9,3239.8,3251.5,45298400,3576.6,2926.4,4322.95,2866.6,3263.7,69,3,3263.4,2,1,3263.3,21,2,3263.2,147,8,3263.1,74,4,3264.0,86,6,3264.3,175,1,3264.4,102,2,3264.5,39,2,3264.6,21,1
11536,2025-12-30 13:27:03+05:30,3263.3,11,3252.07,1231569,114921.0,126343.0,3250.0,3266.9,3239.8,3251.5,45298400,3576.6,2926.4,4322.95,2866.6,3263.3,16,3,3263.2,71,6,3263.1,47,3,3263.0,309,9,3262.9,60,4,3264.0,84,6,3264.1,38,2,3264.2,66,2,3264.3,175,1,3264.4,159,4
11536,2025-12-30 13:27:04+05:30,3263.3,11,3252.07,1231569,114921.0,126343.0,3250.0,3266.9,3239.8,3251.5,45298400,3576.6,2926.4,4322.95,2866.6,3263.3,16,3,3263.2,71,6,3263.1,47,3,3263.0,309,9,3262.9,60,4,3264.0,84,6,3264.1,38,2,3264.2,66,2,3264.3,175,1,3264.4,159,4
11536,2025-12-30 13:27:04+05:30,3263.3,11,3252.07,1231569,115839.0,126446.0,3250.0,3266.9,3239.8,3251.5,45298400,3576.6,2926.4,4322.95,2866.6,3263.7,44,1,3263.3,1,1,3263.2,227,7,3263.1,28,2,3263.0,333,9,3264.0,84,6,3264.1,10,1,3264.3,175,1,3264.4,130,3,3264.5,33,2
11536,2025-12-30 13:27:05+05:30,3264.0,1,3252.07,1231569,115839.0,126446.0,3250.0,3266.9,3239.8,3251.5,45298400,3576.6,2926.4,4322.95,2866.6,3263.7,44,1,3263.3,1,1,3263.2,227,7,3263.1,28,2,3263.0,333,9,3264.0,84,6,3264.1,10,1,3264.3,175,1,3264.4,130,3,3264.5,33,2
11536,2025-12-30 13:27:05+05:30,3263.7,1,3252.07,1231576,116045.0,126437.0,3250.0,3266.9,3239.8,3251.5,45298400,3576.6,2926.4,4322.95,2866.6,3263.7,43,1,3263.3,1,1,3263.2,227,7,3263.1,41,3,3263.0,274,7,3264.0,78,6,3264.1,10,1,3264.3,175,1,3264.4,102,2,3264.5,33,2
11536,2025-12-30 13:27:06+05:30,3263.7,1,3252.07,1231576,116045.0,126437.0,3250.0,3266.9,3239.8,3251.5,45298400,3576.6,2926.4,4322.95,2866.6,3263.7,43,1,3263.3,1,1,3263.2,227,7,3263.1,41,3,3263.0,274,7,3264.0,78,6,3264.1,10,1,3264.3,175,1,3264.4,102,2,3264.5,33,2
11536,2025-12-30 13:27:06+05:30,3263.7,1,3252.07,1231576,116082.0,126085.0,3250.0,3266.9,3239.8,3251.5,45298400,3576.6,2926.4,4322.95,2866.6,3263.7,44,2,3263.3,1,1,3263.2,227,7,3263.1,77,4,3263.0,320,8,3264.0,78,6,3264.3,175,1,3264.4,102,2,3264.5,33,2,3264.6,28,1
11536,2025-12-30 13:27:07+05:30,3264.0,1,3252.07,1231577,116063.0,125008.0,3250.0,3266.9,3239.8,3251.5,45298400,3576.6,2926.4,4322.95,2866.6,3263.7,44,2,3263.3,1,1,3263.2,227,7,3263.1,77,4,3263.0,320,8,3264.0,77,6,3264.3,175,1,3264.4,102,2,3264.5,33,2,3264.6,28,1
11536,2025-12-30 13:27:08+05:30,3264.0,4,3252.07,1231577,116063.0,125008.0,3250.0,3266.9,3239.8,3251.5,45298400,3576.6,2926.4,4322.95,2866.6,3263.7,44,2,3263.3,1,1,3263.2,227,7,3263.1,77,4,3263.0,320,8,3264.0,77,6,3264.3,175,1,3264.4,102,2,3264.5,33,2,3264.6,28,1
11536,2025-12-30 13:27:08+05:30,3264.0,4,3252.07,1231581,116488.0,126076.0,3250.0,3266.9,3239.8,3251.5,45298400,3576.6,2926.4,4322.95,2866.6,3263.7,44,2,3263.3,15,2,3263.2,323,10,3263.1,87,4,3263.0,287,8,3264.0,73,6,3264.3,175,1,3264.4,102,2,3264.5,3,1,3264.7,62,3
11536,2025-12-30 13:27:09+05:30,3263.7,2,3252.07,1231581,116488.0,126076.0,3250.0,3266.9,3239.8,3251.5,45298400,3576.6,2926.4,4322.95,2866.6,3263.7,44,2,3263.3,15,2,3263.2,323,10,3263.1,87,4,3263.0,287,8,3264.0,73,6,3264.3,175,1,3264.4,102,2,3264.5,3,1,3264.7,62,3
11536,2025-12-30 13:27:09+05:30,3263.7,2,3252.07,1231627,115827.0,126343.0,3250.0,3266.9,3239.8,3251.5,45298400,3576.6,2926.4,4322.95,2866.6,3263.3,15,2,3263.2,103,8,3263.1,28,2,3263.0,287,8,3262.9,27,4,3263.7,58,1,3264.0,72,6,3264.2,176,2,3264.4,102,2,3264.5,3,1
11536,2025-12-30 13:27:10+05:30,3264.2,5,3252.07,1231627,115827.0,126343.0,3250.0,3266.9,3239.8,3251.5,45298400,3576.6,2926.4,4322.95,2866.6,3263.3,15,2,3263.2,103,8,3263.1,28,2,3263.0,287,8,3262.9,27,4,3263.7,58,1,3264.0,72,6,3264.2,176,2,3264.4,102,2,3264.5,3,1
11536,2025-12-30 13:27:10+05:30,3264.2,5,3252.07,1231763,116575.0,125425.0,3250.0,3266.9,3239.8,3251.5,45298400,3576.6,2926.4,4322.95,2866.6,3263.7,2,2,3263.3,1,1,3263.2,125,9,3263.1,196,3,3263.0,352,9,3264.2,170,1,3264.3,30,1,3264.4,102,2,3264.5,38,2,3264.7,24,3
11536,2025-12-30 13:27:11+05:30,3263.7,1,3252.07,1231766,116552.0,125423.0,3250.0,3266.9,3239.8,3251.5,45298400,3576.6,2926.4,4322.95,2866.6,3263.7,1,1,3263.3,1,1,3263.2,125,9,3263.1,28,2,3263.0,352,9,3264.2,168,1,3264.3,30,1,3264.4,102,2,3264.5,38,2,3264.7,24,3
11536,2025-12-30 13:27:12+05:30,3263.7,1,3252.07,1231766,116552.0,125423.0,3250.0,3266.9,3239.8,3251.5,45298400,3576.6,2926.4,4322.95,2866.6,3263.7,1,1,3263.3,1,1,3263.2,125,9,3263.1,28,2,3263.0,352,9,3264.2,168,1,3264.3,30,1,3264.4,102,2,3264.5,38,2,3264.7,24,3
11536,2025-12-30 13:27:12+05:30,3263.7,1,3252.07,1231766,116569.0,125394.0,3250.0,3266.9,3239.8,3251.5,45298400,3576.6,2926.4,4322.95,2866.6,3263.7,2,2,3263.3,1,1,3263.2,281,10,3263.1,74,3,3263.0,448,10,3264.3,168,1,3264.4,132,3,3264.5,38,2,3264.7,24,3,3264.8,28,1
11536,2025-12-30 13:27:13+05:30,3263.7,1,3252.07,1231766,116569.0,125394.0,3250.0,3266.9,3239.8,3251.5,45298400,3576.6,2926.4,4322.95,2866.6,3263.7,2,2,3263.3,1,1,3263.2,281,10,3263.1,74,3,3263.0,448,10,3264.3,168,1,3264.4,132,3,3264.5,38,2,3264.7,24,3,3264.8,28,1
11536,2025-12-30 13:27:13+05:30,3263.7,1,3252.07,1231769,116443.0,124709.0,3250.0,3266.9,3239.8,3251.5,45298400,3576.6,2926.4,4322.95,2866.6,3263.7,1,1,3263.3,1,1,3263.2,354,14,3263.1,28,2,3263.0,474,12,3264.3,166,1,3264.4,100,1,3264.5,3,1,3264.7,33,3,3264.9,223,3
11536,2025-12-30 13:27:14+05:30,3264.3,3,3252.07,1231769,116443.0,124709.0,3250.0,3266.9,3239.8,3251.5,45298400,3576.6,2926.4,4322.95,2866.6,3263.7,1,1,3263.3,1,1,3263.2,354,14,3263.1,28,2,3263.0,474,12,3264.3,166,1,3264.4,100,1,3264.5,3,1,3264.7,33,3,3264.9,223,3
11536,2025-12-30 13:27:14+05:30,3264.3,3,3252.07,1231772,116548.0,125080.0,3250.0,3266.9,3239.8,3251.5,45298400,3576.6,2926.4,4322.95,2866.6,3263.7,1,1,3263.3,30,3,3263.2,362,14,3263.1,28,2,3263.0,481,13,3264.3,163,1,3264.4,100,1,3264.5,3,1,3264.7,33,3,3264.9,191,2
11536,2025-12-30 13:27:15+05:30,3264.3,1,3252.07,1231772,116548.0,125080.0,3250.0,3266.9,3239.8,3251.5,45298400,3576.6,2926.4,4322.95,2866.6,3263.7,1,1,3263.3,30,3,3263.2,362,14,3263.1,28,2,3263.0,481,13,3264.3,163,1,3264.4,100,1,3264.5,3,1,3264.7,33,3,3264.9,191,2
11536,2025-12-30 13:27:15+05:30,3264.3,1,3252.07,1231778,116815.0,125029.0,3250.0,3266.9,3239.8,3251.5,45298400,3576.6,2926.4,4322.95,2866.6,3263.7,48,2,3263.6,13,1,3263.5,40,2,3263.4,78,3,3263.3,108,5,3264.3,157,1,3264.4,100,1,3264.5,3,1,3264.7,1,1,3264.9,191,2
11536,2025-12-30 13:27:16+05:30,3264.3,1,3252.07,1231778,116815.0,125029.0,3250.0,3266.9,3239.8,3251.5,45298400,3576.6,2926.4,4322.95,2866.6,3263.7,48,2,3263.6,13,1,3263.5,40,2,3263.4,78,3,3263.3,108,5,3264.3,157,1,3264.4,100,1,3264.5,3,1,3264.7,1,1,3264.9,191,2
11536,2025-12-30 13:27:16+05:30,3264.3,1,3252.07,1231779,116829.0,124769.0,3250.0,3266.9,3239.8,3251.5,45298400,3576.6,2926.4,4322.95,2866.6,3263.7,48,2,3263.6,13,1,3263.5,40,2,3263.4,99,4,3263.3,108,5,3264.3,156,1,3264.4,100,1,3264.5,3,1,3264.7,1,1,3264.9,191,2
11536,2025-12-30 13:27:17+05:30,3263.7,1,3252.07,1231779,116829.0,124769.0,3250.0,3266.9,3239.8,3251.5,45298400,3576.6,2926.4,4322.95,2866.6,3263.7,48,2,3263.6,13,1,3263.5,40,2,3263.4,99,4,3263.3,108,5,3264.3,156,1,3264.4,100,1,3264.5,3,1,3264.7,1,1,3264.9,191,2
11536,2025-12-30 13:27:17+05:30,3263.7,1,3252.07,1231780,116825.0,124769.0,3250.0,3266.9,3239.8,3251.5,45298400,3576.6,2926.4,4322.95,2866.6,3263.7,48,2,3263.6,13,1,3263.5,40,2,3263.4,69,3,3263.3,108,5,3264.3,156,1,3264.4,100,1,3264.5,3,1,3264.7,1,1,3264.9,191,2
11536,2025-12-30 13:27:18+05:30,3264.3,1,3252.07,1231780,116825.0,124769.0,3250.0,3266.9,3239.8,3251.5,45298400,3576.6,2926.4,4322.95,2866.6,3263.7,48,2,3263.6,13,1,3263.5,40,2,3263.4,69,3,3263.3,108,5,3264.3,156,1,3264.4,100,1,3264.5,3,1,3264.7,1,1,3264.9,191,2
11536,2025-12-30 13:27:18+05:30,3264.3,1,3252.07,1231781,116583.0,125319.0,3250.0,3266.9,3239.8,3251.5,45298400,3576.6,2926.4,4322.95,2866.6,3263.7,50,4,3263.4,21,1,3263.3,55,4,3263.2,162,12,3263.1,133,6,3264.3,155,1,3264.4,100,1,3264.5,3,1,3264.6,30,1,3264.7,28,2
11536,2025-12-30 13:27:19+05:30,3263.7,1,3252.07,1231781,116583.0,125319.0,3250.0,3266.9,3239.8,3251.5,45298400,3576.6,2926.4,4322.95,2866.6,3263.7,50,4,3263.4,21,1,3263.3,55,4,3263.2,162,12,3263.1,133,6,3264.3,155,1,3264.4,100,1,3264.5,3,1,3264.6,30,1,3264.7,28,2
11536,2025-12-30 13:27:19+05:30,3263.7,1,3252.07,1231782,116188.0,125585.0,3250.0,3266.9,3239.8,3251.5,45298400,3576.6,2926.4,4322.95,2866.6,3263.7,49,4,3263.4,21,1,3263.3,7,2,3263.2,98,9,3263.1,72,4,3264.2,155,1,3264.3,14,1,3264.4,130,2,3264.5,3,1,3264.6,35,1
11536,2025-12-30 13:27:20+05:30,3263.7,1,3252.07,1231782,116191.0,125490.0,3250.0,3266.9,3239.8,3251.5,45298400,3576.6,2926.4,4322.95,2866.6,3263.7,49,4,3263.6,7,1,3263.5,1,1,3263.4,2,1,3263.3,20,3,3264.2,155,1,3264.3,14,1,3264.4,130,2,3264.5,3,1,3264.6,35,1
11536,2025-12-30 13:27:21+05:30,3264.2,1,3252.07,1231783,116191.0,125600.0,3250.0,3266.9,3239.8,3251.5,45298400,3576.6,2926.4,4322.95,2866.6,3263.7,49,4,3263.6,7,1,3263.5,1,1,3263.4,2,1,3263.3,20,3,3264.2,154,1,3264.3,14,1,3264.4,130,2,3264.5,3,1,3264.6,35,1
11536,2025-12-30 13:27:21+05:30,3264.2,1,3252.07,1231783,116191.0,125600.0,3250.0,3266.9,3239.8,3251.5,45298400,3576.6,2926.4,4322.95,2866.6,3263.7,49,4,3263.6,7,1,3263.5,1,1,3263.4,2,1,3263.3,20,3,3264.2,154,1,3264.3,14,1,3264.4,130,2,3264.5,3,1,3264.6,35,1
11536,2025-12-30 13:27:22+05:30,3264.2,1,3252.07,1231783,116192.0,124221.0,3250.0,3266.9,3239.8,3251.5,45298400,3576.6,2926.4,4322.95,2866.6,3263.7,49,4,3263.6,7,1,3263.5,1,1,3263.4,2,1,3263.3,7,2,3264.2,168,2,3264.4,100,1,3264.5,39,2,3264.6,30,1,3264.7,28,2
11536,2025-12-30 13:27:23+05:30,3263.2,1,3252.07,1232134,115391.0,125753.0,3250.0,3266.9,3239.8,3251.5,45298400,3576.6,2926.4,4322.95,2866.6,3263.2,43,7,3263.1,26,2,3263.0,306,9,3262.9,66,4,3262.8,347,9,3264.1,226,4,3264.2,57,3,3264.4,100,1,3264.5,44,3,3264.6,52,1
11536,2025-12-30 13:27:23+05:30,3263.2,1,3252.07,1232134,115391.0,125753.0,3250.0,3266.9,3239.8,3251.5,45298400,3576.6,2926.4,4322.95,2866.6,3263.2,43,7,3263.1,26,2,3263.0,306,9,3262.9,66,4,3262.8,347,9,3264.1,226,4,3264.2,57,3,3264.4,100,1,3264.5,44,3,3264.6,52,1
11536,2025-12-30 13:27:24+05:30,3263.2,1,3252.07,1232134,114885.0,126007.0,3250.0,3266.9,3239.8,3251.5,45298400,3576.6,2926.4,4322.95,2866.6,3263.2,22,6,3263.1,26,2,3263.0,318,10,3262.9,132,5,3262.8,314,9,3264.1,210,4,3264.2,43,2,3264.4,130,2,3264.5,23,2,3264.6,52,1
11536,2025-12-30 13:27:25+05:30,3264.1,1,3252.07,1232135,115149.0,126123.0,3250.0,3266.9,3239.8,3251.5,45298400,3576.6,2926.4,4322.95,2866.6,3263.2,22,6,3263.1,50,4,3263.0,306,9,3262.9,144,6,3262.8,323,10,3264.1,209,4,3264.2,33,1,3264.4,130,2,3264.5,23,2,3264.6,52,1
11536,2025-12-30 13:27:25+05:30,3263.2,8,3252.07,1232135,115149.0,126123.0,3250.0,3266.9,3239.8,3251.5,45298400,3576.6,2926.4,4322.95,2866.6,3263.2,22,6,3263.1,50,4,3263.0,306,9,3262.9,144,6,3262.8,323,10,3264.1,209,4,3264.2,33,1,3264.4,130,2,3264.5,23,2,3264.6,52,1
11536,2025-12-30 13:27:26+05:30,3263.2,8,3252.07,1232165,115287.0,126143.0,3250.0,3266.9,3239.8,3251.5,45298400,3576.6,2926.4,4322.95,2866.6,3263.2,14,6,3263.1,37,3,3263.0,306,9,3262.9,132,5,3262.8,327,10,3264.1,239,5,3264.2,33,1,3264.4,120,2,3264.5,3,1,3264.6,72,2
11536,2025-12-30 13:27:27+05:30,3263.2,8,3252.07,1232165,115348.0,126138.0,3250.0,3266.9,3239.8,3251.5,45298400,3576.6,2926.4,4322.95,2866.6,3263.2,14,6,3263.1,37,3,3263.0,364,10,3262.9,98,5,3262.8,369,11,3264.1,239,5,3264.2,33,1,3264.4,120,2,3264.5,3,1,3264.6,72,2
11536,2025-12-30 13:27:29+05:30,3263.2,1,3252.07,1232169,115196.0,126104.0,3250.0,3266.9,3239.8,3251.5,45298400,3576.6,2926.4,4322.95,2866.6,3263.2,22,7,3263.1,37,3,3263.0,208,9,3262.9,86,4,3262.8,363,11,3264.0,1,1,3264.1,174,3,3264.2,63,2,3264.3,36,1,3264.4,100,1
11536,2025-12-30 13:27:29+05:30,3264.0,1,3252.07,1232169,115196.0,126104.0,3250.0,3266.9,3239.8,3251.5,45298400,3576.6,2926.4,4322.95,2866.6,3263.2,22,7,3263.1,37,3,3263.0,208,9,3262.9,86,4,3262.8,363,11,3264.0,1,1,3264.1,174,3,3264.2,63,2,3264.3,36,1,3264.4,100,1
11536,2025-12-30 13:27:32+05:30,3264.1,1,3252.07,1232169,115196.0,126104.0,3250.0,3266.9,3239.8,3251.5,45298400,3576.6,2926.4,4322.95,2866.6,3263.2,22,7,3263.1,37,3,3263.0,208,9,3262.9,86,4,3262.8,363,11,3264.0,1,1,3264.1,174,3,3264.2,63,2,3264.3,36,1,3264.4,100,1
11536,2025-12-30 13:27:33+05:30,3264.1,3,3252.07,1232178,114014.0,126209.0,3250.0,3266.9,3239.8,3251.5,45298400,3576.6,2926.4,4322.95,2866.6,3263.2,76,8,3263.1,37,3,3263.0,202,10,3262.9,124,5,3262.8,337,12,3264.1,166,3,3264.2,33,1,3264.4,100,1,3264.5,3,1,3264.6,82,2
11536,2025-12-30 13:27:35+05:30,3264.0,1,3252.07,1232178,114014.0,126209.0,3250.0,3266.9,3239.8,3251.5,45298400,3576.6,2926.4,4322.95,2866.6,3263.2,76,8,3263.1,37,3,3263.0,202,10,3262.9,124,5,3262.8,337,12,3264.1,166,3,3264.2,33,1,3264.4,100,1,3264.5,3,1,3264.6,82,2
11536,2025-12-30 13:27:37+05:30,3263.1,14,3252.08,1232500,115765.0,124382.0,3250.0,3266.9,3239.8,3251.5,45298400,3576.6,2926.4,4322.95,2866.6,3263.3,86,4,3263.2,27,3,3263.1,60,5,3263.0,235,12,3262.9,118,5,3264.0,5,1,3264.1,63,4,3264.3,4,1,3264.4,275,2,3264.5,28,2
11536,2025-12-30 13:27:38+05:30,3263.3,1,3252.08,1232500,115765.0,124382.0,3250.0,3266.9,3239.8,3251.5,45298400,3576.6,2926.4,4322.95,2866.6,3263.3,86,4,3263.2,27,3,3263.1,60,5,3263.0,235,12,3262.9,118,5,3264.0,5,1,3264.1,63,4,3264.3,4,1,3264.4,275,2,3264.5,28,2
11536,2025-12-30 13:27:41+05:30,3263.6,1,3252.08,1232500,115765.0,124382.0,3250.0,3266.9,3239.8,3251.5,45298400,3576.6,2926.4,4322.95,2866.6,3263.3,86,4,3263.2,27,3,3263.1,60,5,3263.0,235,12,3262.9,118,5,3264.0,5,1,3264.1,63,4,3264.3,4,1,3264.4,275,2,3264.5,28,2
11536,2025-12-30 13:27:42+05:30,3263.6,1,3252.08,1232505,116471.0,124178.0,3250.0,3266.9,3239.8,3251.5,45298400,3576.6,2926.4,4322.95,2866.6,3263.6,45,3,3263.5,63,4,3263.4,101,6,3263.3,53,2,3263.2,245,7,3264.1,55,3,3264.3,4,1,3264.4,275,2,3264.5,3,1,3264.6,52,1
11536,2025-12-30 13:27:43+05:30,3263.6,2,3252.08,1232505,116471.0,124178.0,3250.0,3266.9,3239.8,3251.5,45298400,3576.6,2926.4,4322.95,2866.6,3263.6,45,3,3263.5,63,4,3263.4,101,6,3263.3,53,2,3263.2,245,7,3264.1,55,3,3264.3,4,1,3264.4,275,2,3264.5,3,1,3264.6,52,1
11536,2025-12-30 13:27:46+05:30,3264.4,1,3252.08,1232577,116926.0,122975.0,3250.0,3266.9,3239.8,3251.5,45298400,3576.6,2926.4,4322.95,2866.6,3263.7,81,4,3263.6,79,3,3263.5,34,3,3263.4,119,6,3263.3,101,3,3264.4,274,2,3264.5,3,1,3264.7,1,1,3264.9,1,1,3265.0,98,3
11536,2025-12-30 13:27:47+05:30,3264.4,1,3252.08,1232577,116926.0,122975.0,3250.0,3266.9,3239.8,3251.5,45298400,3576.6,2926.4,4322.95,2866.6,3263.7,81,4,3263.6,79,3,3263.5,34,3,3263.4,119,6,3263.3,101,3,3264.4,274,2,3264.5,3,1,3264.7,1,1,3264.9,1,1,3265.0,98,3
11536,2025-12-30 13:27:50+05:30,3264.1,31,3252.08,1232577,116926.0,122975.0,3250.0,3266.9,3239.8,3251.5,45298400,3576.6,2926.4,4322.95,2866.6,3263.7,81,4,3263.6,79,3,3263.5,34,3,3263.4,119,6,3263.3,101,3,3264.4,274,2,3264.5,3,1,3264.7,1,1,3264.9,1,1,3265.0,98,3
11536,2025-12-30 13:27:51+05:30,3265.1,1,3252.11,1235672,117666.0,122994.0,3250.0,3266.9,3239.8,3251.5,45298400,3576.6,2926.4,4322.95,2866.6,3264.0,57,5,3263.9,101,4,3263.8,228,3,3263.7,138,5,3263.6,195,8,3265.1,174,1,3265.2,213,3,3265.3,31,1,3265.4,28,1,3265.5,82,3
11536,2025-12-30 13:27:51+05:30,3265.1,1,3252.11,1235672,117666.0,122994.0,3250.0,3266.9,3239.8,3251.5,45298400,3576.6,2926.4,4322.95,2866.6,3264.0,57,5,3263.9,101,4,3263.8,228,3,3263.7,138,5,3263.6,195,8,3265.1,174,1,3265.2,213,3,3265.3,31,1,3265.4,28,1,3265.5,82,3
11536,2025-12-30 13:27:53+05:30,3265.1,4,3252.11,1235672,117666.0,122994.0,3250.0,3266.9,3239.8,3251.5,45298400,3576.6,2926.4,4322.95,2866.6,3264.0,57,5,3263.9,101,4,3263.8,228,3,3263.7,138,5,3263.6,195,8,3265.1,174,1,3265.2,213,3,3265.3,31,1,3265.4,28,1,3265.5,82,3
11536,2025-12-30 13:27:55+05:30,3265.0,9,3252.12,1236059,117418.0,122288.0,3250.0,3266.9,3239.8,3251.5,45298400,3576.6,2926.4,4322.95,2866.6,3264.1,2,1,3264.0,106,6,3263.9,8,2,3263.8,72,3,3263.7,60,3,3265.1,209,2,3265.2,58,3,3265.4,27,1,3265.5,31,1,3265.6,62,2
11536,2025-12-30 13:27:57+05:30,3264.1,1,3252.12,1236059,117418.0,122288.0,3250.0,3266.9,3239.8,3251.5,45298400,3576.6,2926.4,4322.95,2866.6,3264.1,2,1,3264.0,106,6,3263.9,8,2,3263.8,72,3,3263.7,60,3,3265.1,209,2,3265.2,58,3,3265.4,27,1,3265.5,31,1,3265.6,62,2
11536,2025-12-30 13:27:59+05:30,3265.1,1,3252.12,1236240,117864.0,123645.0,3250.0,3266.9,3239.8,3251.5,45298400,3576.6,2926.4,4322.95,2866.6,3264.1,203,6,3264.0,106,6,3263.9,5,1,3263.8,102,4,3263.7,135,5,3265.1,208,2,3265.2,68,3,3265.3,29,1,3265.4,60,3,3265.6,95,4
11536,2025-12-30 13:28:00+05:30,3265.1,1,3252.12,1236240,117864.0,123645.0,3250.0,3266.9,3239.8,3251.5,45298400,3576.6,2926.4,4322.95,2866.6,3264.1,203,6,3264.0,106,6,3263.9,5,1,3263.8,102,4,3263.7,135,5,3265.1,208,2,3265.2,68,3,3265.3,29,1,3265.4,60,3,3265.6,95,4
11536,2025-12-30 13:28:02+05:30,3265.0,1,3252.12,1236240,117864.0,123645.0,3250.0,3266.9,3239.8,3251.5,45298400,3576.6,2926.4,4322.95,2866.6,3264.1,203,6,3264.0,106,6,3263.9,5,1,3263.8,102,4,3263.7,135,5,3265.1,208,2,3265.2,68,3,3265.3,29,1,3265.4,60,3,3265.6,95,4
11536,2025-12-30 13:28:03+05:30,3264.2,7,3252.12,1236253,118932.0,122955.0,3250.0,3266.9,3239.8,3251.5,45298400,3576.6,2926.4,4322.95,2866.6,3264.2,80,4,3264.1,214,7,3264.0,129,8,3263.9,118,6,3263.8,93,6,3265.0,4,1,3265.1,171,1,3265.2,19,1,3265.3,174,1,3265.5,8,1
11536,2025-12-30 13:28:06+05:30,3264.2,10,3252.12,1236253,118932.0,122955.0,3250.0,3266.9,3239.8,3251.5,45298400,3576.6,2926.4,4322.95,2866.6,3264.2,80,4,3264.1,214,7,3264.0,129,8,3263.9,118,6,3263.8,93,6,3265.0,4,1,3265.1,171,1,3265.2,19,1,3265.3,174,1,3265.5,8,1
11536,2025-12-30 13:28:07+05:30,3264.4,1,3252.12,1236390,119443.0,121761.0,3250.0,3266.9,3239.8,3251.5,45298400,3576.6,2926.4,4322.95,2866.6,3264.4,1,1,3264.2,169,3,3264.1,232,8,3264.0,98,6,3263.9,80,4,3265.2,24,3,3265.3,30,1,3265.4,248,5,3265.5,20,1,3265.6,285,5
11536,2025-12-30 13:28:09+05:30,3264.4,1,3252.12,1236390,119443.0,121761.0,3250.0,3266.9,3239.8,3251.5,45298400,3576.6,2926.4,4322.95,2866.6,3264.4,1,1,3264.2,169,3,3264.1,232,8,3264.0,98,6,3263.9,80,4,3265.2,24,3,3265.3,30,1,3265.4,248,5,3265.5,20,1,3265.6,285,5
11536,2025-12-30 13:28:12+05:30,3264.4,1,3252.12,1236571,119800.0,121866.0,3250.0,3266.9,3239.8,3251.5,45298400,3576.6,2926.4,4322.95,2866.6,3264.4,45,1,3264.1,193,6,3264.0,339,10,3263.9,100,5,3263.8,278,7,3265.2,14,2,3265.3,52,1,3265.4,45,1,3265.5,208,4,3265.6,41,1
11536,2025-12-30 13:28:12+05:30,3264.4,1,3252.12,1236571,119800.0,121866.0,3250.0,3266.9,3239.8,3251.5,45298400,3576.6,2926.4,4322.95,2866.6,3264.4,45,1,3264.1,193,6,3264.0,339,10,3263.9,100,5,3263.8,278,7,3265.2,14,2,3265.3,52,1,3265.4,45,1,3265.5,208,4,3265.6,41,1
11536,2025-12-30 13:28:15+05:30,3265.2,2,3252.12,1236571,119800.0,121866.0,3250.0,3266.9,3239.8,3251.5,45298400,3576.6,2926.4,4322.95,2866.6,3264.4,45,1,3264.1,193,6,3264.0,339,10,3263.9,100,5,3263.8,278,7,3265.2,14,2,3265.3,52,1,3265.4,45,1,3265.5,208,4,3265.6,41,1
11536,2025-12-30 13:28:15+05:30,3265.2,2,3252.12,1236632,118849.0,123361.0,3250.0,3266.9,3239.8,3251.5,45298400,3576.6,2926.4,4322.95,2866.6,3264.4,44,1,3264.1,188,6,3264.0,135,7,3263.9,98,5,3263.8,33,4,3265.2,5,2,3265.3,82,2,3265.4,222,4,3265.5,33,2,3265.6,215,2
11536,2025-12-30 13:28:18+05:30,3264.4,4,3252.12,1236632,118849.0,123361.0,3250.0,3266.9,3239.8,3251.5,45298400,3576.6,2926.4,4322.95,2866.6,3264.4,44,1,3264.1,188,6,3264.0,135,7,3263.9,98,5,3263.8,33,4,3265.2,5,2,3265.3,82,2,3265.4,222,4,3265.5,33,2,3265.6,215,2
11536,2025-12-30 13:28:20+05:30,3264.4,1,3252.12,1236641,119662.0,122987.0,3250.0,3266.9,3239.8,3251.5,45298400,3576.6,2926.4,4322.95,2866.6,3264.4,38,2,3264.2,30,1,3264.1,223,7,3264.0,184,9,3263.9,43,3,3265.2,3,1,3265.4,162,2,3265.5,2,1,3265.6,229,3,3265.7,34,1
11536,2025-12-30 13:28:21+05:30,3264.4,1,3252.12,1236641,119662.0,122987.0,3250.0,3266.9,3239.8,3251.5,45298400,3576.6,2926.4,4322.95,2866.6,3264.4,38,2,3264.2,30,1,3264.1,223,7,3264.0,184,9,3263.9,43,3,3265.2,3,1,3265.4,162,2,3265.5,2,1,3265.6,229,3,3265.7,34,1
11536,2025-12-30 13:28:24+05:30,3265.4,63,3252.12,1236752,120039.0,121869.0,3250.0,3266.9,3239.8,3251.5,45298400,3576.6,2926.4,4322.95,2866.6,3264.4,107,5,3264.3,147,5,3264.2,73,4,3264.1,212,9,3264.0,379,12,3265.7,54,1,3265.8,174,1,3265.9,82,3,3266.0,37,2,3266.1,97,2
11536,2025-12-30 13:28:24+05:30,3265.4,63,3252.12,1236752,120039.0,121869.0,3250.0,3266.9,3239.8,3251.5,45298400,3576.6,2926.4,4322.95,2866.6,3264.4,107,5,3264.3,147,5,3264.2,73,4,3264.1,212,9,3264.0,379,12,3265.7,54,1,3265.8,174,1,3265.9,82,3,3266.0,37,2,3266.1,97,2
11536,2025-12-30 13:28:27+05:30,3265.2,47,3252.12,1236752,120039.0,121869.0,3250.0,3266.9,3239.8,3251.5,45298400,3576.6,2926.4,4322.95,2866.6,3264.4,107,5,3264.3,147,5,3264.2,73,4,3264.1,212,9,3264.0,379,12,3265.7,54,1,3265.8,174,1,3265.9,82,3,3266.0,37,2,3266.1,97,2
11536,2025-12-30 13:28:27+05:30,3265.2,3,3252.12,1236810,120634.0,120392.0,3250.0,3266.9,3239.8,3251.5,45298400,3576.6,2926.4,4322.95,2866.6,3264.5,120,6,3264.4,536,2,3264.3,46,1,3264.2,107,5,3264.1,191,7,3265.2,50,1,3265.5,47,1,3265.7,174,1,3265.8,31,1,3265.9,28,1
11536,2025-12-30 13:28:28+05:30,3265.2,1,3252.12,1236810,120634.0,120392.0,3250.0,3266.9,3239.8,3251.5,45298400,3576.6,2926.4,4322.95,2866.6,3264.5,120,6,3264.4,536,2,3264.3,46,1,3264.2,107,5,3264.1,191,7,3265.2,50,1,3265.5,47,1,3265.7,174,1,3265.8,31,1,3265.9,28,1
11536,2025-12-30 13:28:29+05:30,3265.2,1,3252.12,1236814,120599.0,122500.0,3250.0,3266.9,3239.8,3251.5,45298400,3576.6,2926.4,4322.95,2866.6,3264.5,117,6,3264.4,536,2,3264.3,46,1,3264.2,107,5,3264.1,191,7,3265.2,49,1,3265.5,47,1,3265.7,174,1,3265.8,31,1,3265.9,28,1
11536,2025-12-30 13:28:30+05:30,3265.7,34,3252.13,1236944,120707.0,121393.0,3250.0,3266.9,3239.8,3251.5,45298400,3576.6,2926.4,4322.95,2866.6,3264.5,121,6,3264.4,641,7,3264.3,3,1,3264.2,85,3,3264.1,253,9,3265.6,175,1,3265.7,10,1,3265.8,140,1,3265.9,28,1,3266.0,24,1
11536,2025-12-30 13:28:30+05:30,3265.7,34,3252.13,1236944,120707.0,121393.0,3250.0,3266.9,3239.8,3251.5,45298400,3576.6,2926.4,4322.95,2866.6,3264.5,121,6,3264.4,641,7,3264.3,3,1,3264.2,85,3,3264.1,253,9,3265.6,175,1,3265.7,10,1,3265.8,140,1,3265.9,28,1,3266.0,24,1
11536,2025-12-30 13:28:31+05:30,3264.5,1,3252.13,1237020,120428.0,120831.0,3250.0,3266.9,3239.8,3251.5,45298400,3576.6,2926.4,4322.95,2866.6,3264.5,14,2,3264.4,536,2,3264.3,49,2,3264.2,85,3,3264.1,234,8,3265.5,78,3,3265.6,227,4,3265.7,18,1,3265.8,164,2,3265.9,28,1
11536,2025-12-30 13:28:31+05:30,3265.5,1,3252.13,1237020,120428.0,120831.0,3250.0,3266.9,3239.8,3251.5,45298400,3576.6,2926.4,4322.95,2866.6,3264.5,14,2,3264.4,536,2,3264.3,49,2,3264.2,85,3,3264.1,234,8,3265.5,78,3,3265.6,227,4,3265.7,18,1,3265.8,164,2,3265.9,28,1
11536,2025-12-30 13:28:31+05:30,3265.5,2,3252.13,1237032,120550.0,122252.0,3250.0,3266.9,3239.8,3251.5,45298400,3576.6,2926.4,4322.95,2866.6,3264.5,88,2,3264.4,570,3,3264.3,49,2,3264.2,132,5,3264.1,234,8,3265.5,209,2,3265.6,24,2,3265.7,140,1,3265.8,31,1,3265.9,49,2
11536,2025-12-30 13:28:32+05:30,3265.5,2,3252.13,1237032,120550.0,122252.0,3250.0,3266.9,3239.8,3251.5,45298400,3576.6,2926.4,4322.95,2866.6,3264.5,88,2,3264.4,570,3,3264.3,49,2,3264.2,132,5,3264.1,234,8,3265.5,209,2,3265.6,24,2,3265.7,140,1,3265.8,31,1,3265.9,49,2
11536,2025-12-30 13:28:32+05:30,3265.5,2,3252.13,1237032,120595.0,122258.0,3250.0,3266.9,3239.8,3251.5,45298400,3576.6,2926.4,4322.95,2866.6,3264.5,100,4,3264.4,590,4,3264.3,69,3,3264.2,125,5,3264.1,234,8,3265.5,223,3,3265.6,41,2,3265.7,163,2,3265.8,31,1,3265.9,49,2
11536,2025-12-30 13:28:33+05:30,3265.5,19,3252.13,1237051,121186.0,122797.0,3250.0,3266.9,3239.8,3251.5,45298400,3576.6,2926.4,4322.95,2866.6,3265.2,6,2,3264.6,3,1,3264.5,102,5,3264.4,623,5,3264.3,63,2,3265.5,189,2,3265.6,10,1,3265.7,140,1,3265.8,54,2,3265.9,49,2
11536,2025-12-30 13:28:34+05:30,3265.5,19,3252.13,1237051,121186.0,122797.0,3250.0,3266.9,3239.8,3251.5,45298400,3576.6,2926.4,4322.95,2866.6,3265.2,6,2,3264.6,3,1,3264.5,102,5,3264.4,623,5,3264.3,63,2,3265.5,189,2,3265.6,10,1,3265.7,140,1,3265.8,54,2,3265.9,49,2
11536,2025-12-30 13:28:34+05:30,3265.5,5,3252.13,1237056,121293.0,123187.0,3250.0,3266.9,3239.8,3251.5,45298400,3576.6,2926.4,4322.95,2866.6,3265.2,6,2,3264.6,3,1,3264.5,102,5,3264.4,623,5,3264.3,63,2,3265.5,184,2,3265.6,64,3,3265.7,171,2,3265.8,23,1,3265.9,86,3
11536,2025-12-30 13:28:35+05:30,3265.5,1,3252.13,1237056,121293.0,123187.0,3250.0,3266.9,3239.8,3251.5,45298400,3576.6,2926.4,4322.95,2866.6,3265.2,6,2,3264.6,3,1,3264.5,102,5,3264.4,623,5,3264.3,63,2,3265.5,184,2,3265.6,64,3,3265.7,171,2,3265.8,23,1,3265.9,86,3
11536,2025-12-30 13:28:35+05:30,3265.2,4,3252.13,1237177,120516.0,123000.0,3250.0,3266.9,3239.8,3251.5,45298400,3576.6,2926.4,4322.95,2866.6,3264.6,3,1,3264.5,17,4,3264.4,520,2,3264.3,20,1,3264.2,54,3,3265.2,56,1,3265.5,183,2,3265.6,64,3,3265.7,171,2,3265.8,23,1
11536,2025-12-30 13:28:36+05:30,3265.2,4,3252.13,1237177,120516.0,123000.0,3250.0,3266.9,3239.8,3251.5,45298400,3576.6,2926.4,4322.95,2866.6,3264.6,3,1,3264.5,17,4,3264.4,520,2,3264.3,20,1,3264.2,54,3,3265.2,56,1,3265.5,183,2,3265.6,64,3,3265.7,171,2,3265.8,23,1
11536,2025-12-30 13:28:36+05:30,3265.2,1,3252.13,1237179,120533.0,123347.0,3250.0,3266.9,3239.8,3251.5,45298400,3576.6,2926.4,4322.95,2866.6,3264.6,13,2,3264.5,7,3,3264.4,520,2,3264.3,20,1,3264.2,134,5,3265.2,68,2,3265.5,200,2,3265.6,70,3,3265.7,171,2,3265.8,23,1
11536,2025-12-30 13:28:37+05:30,3265.2,1,3252.13,1237179,120533.0,123347.0,3250.0,3266.9,3239.8,3251.5,45298400,3576.6,2926.4,4322.95,2866.6,3264.6,13,2,3264.5,7,3,3264.4,520,2,3264.3,20,1,3264.2,134,5,3265.2,68,2,3265.5,200,2,3265.6,70,3,3265.7,171,2,3265.8,23,1
11536,2025-12-30 13:28:37+05:30,3265.2,4,3252.13,1237183,120622.0,120809.0,3250.0,3266.9,3239.8,3251.5,45298400,3576.6,2926.4,4322.95,2866.6,3265.1,50,1,3264.6,3,1,3264.5,7,3,3264.4,520,2,3264.3,20,1,3265.2,64,2,3265.4,31,1,3265.5,206,2,3265.6,33,2,3265.7,171,2
11536,2025-12-30 13:28:38+05:30,3265.2,4,3252.13,1237183,120622.0,120809.0,3250.0,3266.9,3239.8,3251.5,45298400,3576.6,2926.4,4322.95,2866.6,3265.1,50,1,3264.6,3,1,3264.5,7,3,3264.4,520,2,3264.3,20,1,3265.2,64,2,3265.4,31,1,3265.5,206,2,3265.6,33,2,3265.7,171,2
11536,2025-12-30 13:28:38+05:30,3265.2,4,3252.13,1237183,120849.0,123630.0,3250.0,3266.9,3239.8,3251.5,45298400,3576.6,2926.4,4322.95,2866.6,3265.1,56,2,3264.6,12,2,3264.5,7,3,3264.4,535,3,3264.3,20,1,3265.2,64,2,3265.4,200,2,3265.5,23,1,3265.6,150,2,3265.7,68,2
11536,2025-12-30 13:28:39+05:30,3265.2,1,3252.13,1237183,120849.0,123630.0,3250.0,3266.9,3239.8,3251.5,45298400,3576.6,2926.4,4322.95,2866.6,3265.1,56,2,3264.6,12,2,3264.5,7,3,3264.4,535,3,3264.3,20,1,3265.2,64,2,3265.4,200,2,3265.5,23,1,3265.6,150,2,3265.7,68,2
11536,2025-12-30 13:28:39+05:30,3265.1,6,3252.13,1237191,120848.0,123630.0,3250.0,3266.9,3239.8,3251.5,45298400,3576.6,2926.4,4322.95,2866.6,3265.1,50,2,3264.6,9,1,3264.5,7,3,3264.4,535,3,3264.3,20,1,3265.2,92,3,3265.3,54,2,3265.4,169,1,3265.6,210,4,3265.7,31,1
11536,2025-12-30 13:28:40+05:30,3265.1,6,3252.13,1237191,120848.0,123630.0,3250.0,3266.9,3239.8,3251.5,45298400,3576.6,2926.4,4322.95,2866.6,3265.1,50,2,3264.6,9,1,3264.5,7,3,3264.4,535,3,3264.3,20,1,3265.2,92,3,3265.3,54,2,3265.4,169,1,3265.6,210,4,3265.7,31,1
11536,2025-12-30 13:28:40+05:30,3265.1,30,3252.13,1237221,120819.0,123630.0,3250.0,3266.9,3239.8,3251.5,45298400,3576.6,2926.4,4322.95,2866.6,3265.1,20,2,3264.6,9,1,3264.5,7,3,3264.4,535,3,3264.3,20,1,3265.2,92,3,3265.3,54,2,3265.4,169,1,3265.6,210,4,3265.7,31,1
11536,2025-12-30 13:28:41+05:30,3265.1,30,3252.13,1237221,120819.0,123630.0,3250.0,3266.9,3239.8,3251.5,45298400,3576.6,2926.4,4322.95,2866.6,3265.1,20,2,3264.6,9,1,3264.5,7,3,3264.4,535,3,3264.3,20,1,3265.2,92,3,3265.3,54,2,3265.4,169,1,3265.6,210,4,3265.7,31,1
11536,2025-12-30 13:28:42+05:30,3265.1,1,3252.13,1237222,120861.0,124346.0,3250.0,3266.9,3239.8,3251.5,45298400,3576.6,2926.4,4322.95,2866.6,3265.1,70,3,3264.6,10,1,3264.5,7,3,3264.4,535,3,3264.3,20,1,3265.2,792,4,3265.3,54,2,3265.4,199,2,3265.6,240,5,3265.8,41,2
11536,2025-12-30 13:28:42+05:30,3265.2,6,3252.13,1237222,120861.0,124346.0,3250.0,3266.9,3239.8,3251.5,45298400,3576.6,2926.4,4322.95,2866.6,3265.1,70,3,3264.6,10,1,3264.5,7,3,3264.4,535,3,3264.3,20,1,3265.2,792,4,3265.3,54,2,3265.4,199,2,3265.6,240,5,3265.8,41,2
11536,2025-12-30 13:28:43+05:30,3265.1,1,3252.13,1237233,119460.0,124336.0,3250.0,3266.9,3239.8,3251.5,45298400,3576.6,2926.4,4322.95,2866.6,3265.1,69,3,3264.6,10,1,3264.5,7,3,3264.4,535,3,3264.3,20,1,3265.2,782,4,3265.3,54,2,3265.4,199,2,3265.6,240,5,3265.8,41,2
11536,2025-12-30 13:28:43+05:30,3265.1,1,3252.13,1237233,119460.0,124336.0,3250.0,3266.9,3239.8,3251.5,45298400,3576.6,2926.4,4322.95,2866.6,3265.1,69,3,3264.6,10,1,3264.5,7,3,3264.4,535,3,3264.3,20,1,3265.2,782,4,3265.3,54,2,3265.4,199,2,3265.6,240,5,3265.8,41,2
11536,2025-12-30 13:28:44+05:30,3265.1,1,3252.13,1237233,120860.0,124376.0,3250.0,3266.9,3239.8,3251.5,45298400,3576.6,2926.4,4322.95,2866.6,3265.1,79,4,3264.5,7,3,3264.4,535,3,3264.3,20,1,3264.2,54,3,3265.2,782,4,3265.3,54,2,3265.4,199,2,3265.5,22,1,3265.6,264,6
11536,2025-12-30 13:28:44+05:30,3265.2,1,3252.13,1237233,120860.0,124376.0,3250.0,3266.9,3239.8,3251.5,45298400,3576.6,2926.4,4322.95,2866.6,3265.1,79,4,3264.5,7,3,3264.4,535,3,3264.3,20,1,3264.2,54,3,3265.2,782,4,3265.3,54,2,3265.4,199,2,3265.5,22,1,3265.6,264,6
11536,2025-12-30 13:28:45+05:30,3265.2,1,3252.13,1237240,119460.0,124432.0,3250.0,3266.9,3239.8,3251.5,45298400,3576.6,2926.4,4322.95,2866.6,3265.1,69,3,3264.5,17,4,3264.4,535,3,3264.3,20,1,3264.2,54,3,3265.2,775,4,3265.3,54,2,3265.4,199,2,3265.5,10,1,3265.6,240,5
11536,2025-12-30 13:28:45+05:30,3265.2,1,3252.13,1237240,119460.0,124432.0,3250.0,3266.9,3239.8,3251.5,45298400,3576.6,2926.4,4322.95,2866.6,3265.1,69,3,3264.5,17,4,3264.4,535,3,3264.3,20,1,3264.2,54,3,3265.2,775,4,3265.3,54,2,3265.4,199,2,3265.5,10,1,3265.6,240,5
11536,2025-12-30 13:28:46+05:30,3265.2,469,3252.13,1237784,120715.0,123897.0,3250.0,3266.9,3239.8,3251.5,45298400,3576.6,2926.4,4322.95,2866.6,3265.1,69,3,3264.5,17,4,3264.4,535,3,3264.3,20,1,3264.2,134,5,3265.2,231,1,3265.4,199,2,3265.6,214,4,3265.7,22,1,3265.8,69,3
11536,2025-12-30 13:28:46+05:30,3265.2,1,3252.13,1237784,120715.0,123897.0,3250.0,3266.9,3239.8,3251.5,45298400,3576.6,2926.4,4322.95,2866.6,3265.1,69,3,3264.5,17,4,3264.4,535,3,3264.3,20,1,3264.2,134,5,3265.2,231,1,3265.4,199,2,3265.6,214,4,3265.7,22,1,3265.8,69,3
11536,2025-12-30 13:28:47+05:30,3265.2,1,3252.13,1237785,119351.0,123625.0,3250.0,3266.9,3239.8,3251.5,45298400,3576.6,2926.4,4322.95,2866.6,3265.1,79,4,3264.5,7,3,3264.4,575,4,3264.3,20,1,3264.2,134,5,3265.2,230,1,3265.4,222,3,3265.6,203,4,3265.8,41,2,3265.9,83,3
11536,2025-12-30 13:28:47+05:30,3265.2,3,3252.13,1237789,120585.0,123631.0,3250.0,3266.9,3239.8,3251.5,45298400,3576.6,2926.4,4322.95,2866.6,3265.1,78,4,3264.6,1,1,3264.5,7,3,3264.4,575,4,3264.3,20,1,3265.2,227,1,3265.4,222,3,3265.6,203,4,3265.8,41,2,3265.9,83,3
11536,2025-12-30 13:28:48+05:30,3265.2,3,3252.13,1237789,120585.0,123631.0,3250.0,3266.9,3239.8,3251.5,45298400,3576.6,2926.4,4322.95,2866.6,3265.1,78,4,3264.6,1,1,3264.5,7,3,3264.4,575,4,3264.3,20,1,3265.2,227,1,3265.4,222,3,3265.6,203,4,3265.8,41,2,3265.9,83,3
11536,2025-12-30 13:28:48+05:30,3265.2,3,3252.13,1237789,119359.0,123631.0,3250.0,3266.9,3239.8,3251.5,45298400,3576.6,2926.4,4322.95,2866.6,3265.1,77,4,3264.6,1,1,3264.5,7,3,3264.4,575,4,3264.3,20,1,3265.2,227,1,3265.4,222,3,3265.6,203,4,3265.8,41,2,3265.9,83,3
11536,2025-12-30 13:28:49+05:30,3265.1,5,3252.13,1237789,119359.0,123631.0,3250.0,3266.9,3239.8,3251.5,45298400,3576.6,2926.4,4322.95,2866.6,3265.1,77,4,3264.6,1,1,3264.5,7,3,3264.4,575,4,3264.3,20,1,3265.2,227,1,3265.4,222,3,3265.6,203,4,3265.8,41,2,3265.9,83,3
11536,2025-12-30 13:28:49+05:30,3265.1,5,3252.14,1237924,120394.0,123477.0,3250.0,3266.9,3239.8,3251.5,45298400,3576.6,2926.4,4322.95,2866.6,3265.1,72,4,3264.6,1,1,3264.5,7,3,3264.4,609,5,3264.3,66,2,3265.2,97,1,3265.4,222,3,3265.6,193,3,3265.8,41,2,3265.9,49,2
11536,2025-12-30 13:28:50+05:30,3265.2,1,3252.14,1237924,120394.0,123477.0,3250.0,3266.9,3239.8,3251.5,45298400,3576.6,2926.4,4322.95,2866.6,3265.1,72,4,3264.6,1,1,3264.5,7,3,3264.4,609,5,3264.3,66,2,3265.2,97,1,3265.4,222,3,3265.6,193,3,3265.8,41,2,3265.9,49,2
11536,2025-12-30 13:28:50+05:30,3265.2,1,3252.14,1237926,120385.0,123477.0,3250.0,3266.9,3239.8,3251.5,45298400,3576.6,2926.4,4322.95,2866.6,3265.1,63,3,3264.6,1,1,3264.5,7,3,3264.4,575,4,3264.3,20,1,3265.2,95,1,3265.4,222,3,3265.6,193,3,3265.8,41,2,3265.9,49,2
11536,2025-12-30 13:28:51+05:30,3264.4,40,3252.14,1237926,120385.0,123477.0,3250.0,3266.9,3239.8,3251.5,45298400,3576.6,2926.4,4322.95,2866.6,3265.1,63,3,3264.6,1,1,3264.5,7,3,3264.4,575,4,3264.3,20,1,3265.2,95,1,3265.4,222,3,3265.6,193,3,3265.8,41,2,3265.9,49,2
11536,2025-12-30 13:28:51+05:30,3265.1,83,3252.14,1238219,119333.0,123255.0,3250.0,3266.9,3239.8,3251.5,45298400,3576.6,2926.4,4322.95,2866.6,3264.4,495,3,3264.3,20,1,3264.2,3,1,3264.1,130,6,3264.0,45,5,3265.1,271,3,3265.2,95,1,3265.3,221,3,3265.4,28,2,3265.5,25,2
11536,2025-12-30 13:28:52+05:30,3265.1,83,3252.14,1238219,119333.0,123255.0,3250.0,3266.9,3239.8,3251.5,45298400,3576.6,2926.4,4322.95,2866.6,3264.4,495,3,3264.3,20,1,3264.2,3,1,3264.1,130,6,3264.0,45,5,3265.1,271,3,3265.2,95,1,3265.3,221,3,3265.4,28,2,3265.5,25,2
11536,2025-12-30 13:28:52+05:30,3264.4,1,3252.14,1238220,119508.0,122971.0,3250.0,3266.9,3239.8,3251.5,45298400,3576.6,2926.4,4322.95,2866.6,3264.4,494,3,3264.3,20,1,3264.2,3,1,3264.1,130,6,3264.0,45,5,3265.1,360,7,3265.2,464,3,3265.3,171,2,3265.4,28,2,3265.5,48,3
11536,2025-12-30 13:28:53+05:30,3264.4,1,3252.14,1238220,119508.0,122971.0,3250.0,3266.9,3239.8,3251.5,45298400,3576.6,2926.4,4322.95,2866.6,3264.4,494,3,3264.3,20,1,3264.2,3,1,3264.1,130,6,3264.0,45,5,3265.1,360,7,3265.2,464,3,3265.3,171,2,3265.4,28,2,3265.5,48,3
11536,2025-12-30 13:28:53+05:30,3264.4,1,3252.14,1238220,119335.0,123702.0,3250.0,3266.9,3239.8,3251.5,45298400,3576.6,2926.4,4322.95,2866.6,3264.4,494,3,3264.3,20,1,3264.2,3,1,3264.1,130,6,3264.0,41,5,3265.0,86,1,3265.1,256,5,3265.2,604,4,3265.4,28,2,3265.5,48,3
11536,2025-12-30 13:28:54+05:30,3265.0,5,3252.14,1238225,119519.0,123452.0,3250.0,3266.9,3239.8,3251.5,45298400,3576.6,2926.4,4322.95,2866.6,3264.4,658,4,3264.3,20,1,3264.2,15,2,3264.1,130,6,3264.0,41,5,3265.0,95,2,3265.1,205,3,3265.2,604,4,3265.4,65,3,3265.5,25,2
11536,2025-12-30 13:28:55+05:30,3264.4,40,3252.14,1238225,119519.0,123452.0,3250.0,3266.9,3239.8,3251.5,45298400,3576.6,2926.4,4322.95,2866.6,3264.4,658,4,3264.3,20,1,3264.2,15,2,3264.1,130,6,3264.0,41,5,3265.0,95,2,3265.1,205,3,3265.2,604,4,3265.4,65,3,3265.5,25,2
11536,2025-12-30 13:28:55+05:30,3264.4,40,3252.14,1238266,119525.0,123484.0,3250.0,3266.9,3239.8,3251.5,45298400,3576.6,2926.4,4322.95,2866.6,3264.4,618,4,3264.3,20,1,3264.2,3,1,3264.1,130,6,3264.0,24,4,3265.0,94,2,3265.1,205,3,3265.2,604,4,3265.4,88,4,3265.5,25,2
11536,2025-12-30 13:28:56+05:30,3264.4,40,3252.14,1238266,119525.0,123286.0,3250.0,3266.9,3239.8,3251.5,45298400,3576.6,2926.4,4322.95,2866.6,3264.4,618,4,3264.3,20,1,3264.2,3,1,3264.1,130,6,3264.0,24,4,3265.0,94,2,3265.1,205,3,3265.2,604,4,3265.4,65,3,3265.5,25,2
11536,2025-12-30 13:28:57+05:30,3264.4,40,3252.14,1238266,119525.0,123571.0,3250.0,3266.9,3239.8,3251.5,45298400,3576.6,2926.4,4322.95,2866.6,3264.4,619,5,3264.3,20,1,3264.2,3,1,3264.1,130,6,3264.0,24,4,3265.0,94,2,3265.1,205,3,3265.2,604,4,3265.3,37,1,3265.4,26,1
11536,2025-12-30 13:28:58+05:30,3264.4,2,3252.14,1238266,119525.0,123571.0,3250.0,3266.9,3239.8,3251.5,45298400,3576.6,2926.4,4322.95,2866.6,3264.4,619,5,3264.3,20,1,3264.2,3,1,3264.1,130,6,3264.0,24,4,3265.0,94,2,3265.1,205,3,3265.2,604,4,3265.3,37,1,3265.4,26,1
11536,2025-12-30 13:28:58+05:30,3264.4,1,3252.14,1238269,119513.0,123769.0,3250.0,3266.9,3239.8,3251.5,45298400,3576.6,2926.4,4322.95,2866.6,3264.4,616,5,3264.3,20,1,3264.2,3,1,3264.1,130,6,3264.0,24,4,3265.0,94,2,3265.1,205,3,3265.2,604,4,3265.3,37,1,3265.4,49,2
11536,2025-12-30 13:28:59+05:30,3264.4,1,3252.14,1238269,119513.0,123769.0,3250.0,3266.9,3239.8,3251.5,45298400,3576.6,2926.4,4322.95,2866.6,3264.4,616,5,3264.3,20,1,3264.2,3,1,3264.1,130,6,3264.0,24,4,3265.0,94,2,3265.1,205,3,3265.2,604,4,3265.3,37,1,3265.4,49,2
11536,2025-12-30 13:28:59+05:30,3264.4,1,3252.14,1238269,119521.0,123839.0,3250.0,3266.9,3239.8,3251.5,45298400,3576.6,2926.4,4322.95,2866.6,3264.4,617,6,3264.3,20,1,3264.2,3,1,3264.1,130,6,3264.0,24,4,3265.0,94,2,3265.1,205,3,3265.2,604,4,3265.3,37,1,3265.4,49,2
11536,2025-12-30 13:29:01+05:30,3265.0,2,3252.14,1238271,119523.0,123853.0,3250.0,3266.9,3239.8,3251.5,45298400,3576.6,2926.4,4322.95,2866.6,3264.4,617,6,3264.3,20,1,3264.2,3,1,3264.1,130,6,3264.0,24,4,3265.0,92,2,3265.1,205,3,3265.2,604,4,3265.3,37,1,3265.4,23,1
11536,2025-12-30 13:29:01+05:30,3265.0,2,3252.14,1238271,119523.0,123853.0,3250.0,3266.9,3239.8,3251.5,45298400,3576.6,2926.4,4322.95,2866.6,3264.4,617,6,3264.3,20,1,3264.2,3,1,3264.1,130,6,3264.0,24,4,3265.0,92,2,3265.1,205,3,3265.2,604,4,3265.3,37,1,3265.4,23,1
11536,2025-12-30 13:29:01+05:30,3265.0,1,3252.14,1238274,119528.0,123736.0,3250.0,3266.9,3239.8,3251.5,45298400,3576.6,2926.4,4322.95,2866.6,3264.4,617,6,3264.3,20,1,3264.2,3,1,3264.1,162,7,3264.0,24,4,3265.0,89,2,3265.1,205,3,3265.2,604,4,3265.3,37,1,3265.5,25,2
11536,2025-12-30 13:29:02+05:30,3265.0,1,3252.14,1238274,119528.0,123736.0,3250.0,3266.9,3239.8,3251.5,45298400,3576.6,2926.4,4322.95,2866.6,3264.4,617,6,3264.3,20,1,3264.2,3,1,3264.1,162,7,3264.0,24,4,3265.0,89,2,3265.1,205,3,3265.2,604,4,3265.3,37,1,3265.5,25,2
11536,2025-12-30 13:29:03+05:30,3265.0,3,3252.14,1238277,119521.0,123733.0,3250.0,3266.9,3239.8,3251.5,45298400,3576.6,2926.4,4322.95,2866.6,3264.4,616,5,3264.3,20,1,3264.2,3,1,3264.1,147,7,3264.0,24,4,3265.0,86,2,3265.1,205,3,3265.2,604,4,3265.3,37,1,3265.5,25,2
11536,2025-12-30 13:29:03+05:30,3264.4,175,3252.14,1238277,119521.0,123733.0,3250.0,3266.9,3239.8,3251.5,45298400,3576.6,2926.4,4322.95,2866.6,3264.4,616,5,3264.3,20,1,3264.2,3,1,3264.1,147,7,3264.0,24,4,3265.0,86,2,3265.1,205,3,3265.2,604,4,3265.3,37,1,3265.5,25,2
11536,2025-12-30 13:29:04+05:30,3264.4,175,3252.14,1238452,119298.0,123547.0,3250.0,3266.9,3239.8,3251.5,45298400,3576.6,2926.4,4322.95,2866.6,3264.4,441,5,3264.3,20,1,3264.2,3,1,3264.1,130,6,3264.0,24,4,3265.0,86,2,3265.1,30,2,3265.2,604,4,3265.3,37,1,3265.4,22,1
11536,2025-12-30 13:29:04+05:30,3265.0,19,3252.14,1238452,119298.0,123547.0,3250.0,3266.9,3239.8,3251.5,45298400,3576.6,2926.4,4322.95,2866.6,3264.4,441,5,3264.3,20,1,3264.2,3,1,3264.1,130,6,3264.0,24,4,3265.0,86,2,3265.1,30,2,3265.2,604,4,3265.3,37,1,3265.4,22,1
11536,2025-12-30 13:29:05+05:30,3265.0,5,3252.14,1238572,119169.0,123470.0,3250.0,3266.9,3239.8,3251.5,45298400,3576.6,2926.4,4322.95,2866.6,3264.4,345,5,3264.3,20,1,3264.2,3,1,3264.1,130,6,3264.0,24,4,3265.0,96,4,3265.1,135,5,3265.2,492,3,3265.5,25,2,3265.6,103,5
11536,2025-12-30 13:29:05+05:30,3265.0,1,3252.14,1238572,119169.0,123470.0,3250.0,3266.9,3239.8,3251.5,45298400,3576.6,2926.4,4322.95,2866.6,3264.4,345,5,3264.3,20,1,3264.2,3,1,3264.1,130,6,3264.0,24,4,3265.0,96,4,3265.1,135,5,3265.2,492,3,3265.5,25,2,3265.6,103,5
11536,2025-12-30 13:29:06+05:30,3265.0,1,3252.14,1238573,119177.0,123506.0,3250.0,3266.9,3239.8,3251.5,45298400,3576.6,2926.4,4322.95,2866.6,3264.4,345,5,3264.3,20,1,3264.2,3,1,3264.1,130,6,3264.0,24,4,3265.0,61,2,3265.1,116,4,3265.2,465,2,3265.3,24,1,3265.4,24,1
11536,2025-12-30 13:29:08+05:30,3264.4,19,3252.14,1238620,119237.0,123680.0,3250.0,3266.9,3239.8,3251.5,45298400,3576.6,2926.4,4322.95,2866.6,3264.4,326,5,3264.3,20,1,3264.2,3,1,3264.1,130,6,3264.0,24,4,3265.0,189,2,3265.1,138,5,3265.2,465,2,3265.3,24,1,3265.4,46,2
11536,2025-12-30 13:29:08+05:30,3264.4,19,3252.14,1238620,119237.0,123680.0,3250.0,3266.9,3239.8,3251.5,45298400,3576.6,2926.4,4322.95,2866.6,3264.4,326,5,3264.3,20,1,3264.2,3,1,3264.1,130,6,3264.0,24,4,3265.0,189,2,3265.1,138,5,3265.2,465,2,3265.3,24,1,3265.4,46,2
11536,2025-12-30 13:29:09+05:30,3264.4,19,3252.14,1238620,119233.0,123834.0,3250.0,3266.9,3239.8,3251.5,45298400,3576.6,2926.4,4322.95,2866.6,3264.4,326,5,3264.3,20,1,3264.2,3,1,3264.1,130,6,3264.0,24,4,3265.0,310,6,3265.1,52,3,3265.2,487,3,3265.3,54,2,3265.4,46,2
11536,2025-12-30 13:29:10+05:30,3264.4,1,3252.14,1238621,119232.0,123847.0,3250.0,3266.9,3239.8,3251.5,45298400,3576.6,2926.4,4322.95,2866.6,3264.4,325,5,3264.3,20,1,3264.2,3,1,3264.1,130,6,3264.0,24,4,3265.0,332,7,3265.1,30,2,3265.2,509,4,3265.3,54,2,3265.4,48,3
11536,2025-12-30 13:29:10+05:30,3264.4,1,3252.14,1238621,119232.0,123847.0,3250.0,3266.9,3239.8,3251.5,45298400,3576.6,2926.4,4322.95,2866.6,3264.4,325,5,3264.3,20,1,3264.2,3,1,3264.1,130,6,3264.0,24,4,3265.0,332,7,3265.1,30,2,3265.2,509,4,3265.3,54,2,3265.4,48,3
11536,2025-12-30 13:29:11+05:30,3264.4,1,3252.14,1238621,119405.0,123847.0,3250.0,3266.9,3239.8,3251.5,45298400,3576.6,2926.4,4322.95,2866.6,3264.4,325,5,3264.3,20,1,3264.2,3,1,3264.1,130,6,3264.0,24,4,3265.0,332,7,3265.1,30,2,3265.2,509,4,3265.3,54,2,3265.4,48,3
11536,2025-12-30 13:29:12+05:30,3264.7,2,3252.14,1238623,117238.0,124120.0,3250.0,3266.9,3239.8,3251.5,45298400,3576.6,2926.4,4322.95,2866.6,3264.4,325,5,3264.3,20,1,3264.2,3,1,3264.1,130,6,3264.0,7,3,3264.7,173,1,3264.8,140,1,3264.9,63,2,3265.0,96,4,3265.1,42,3
11536,2025-12-30 13:29:12+05:30,3264.7,2,3252.14,1238623,117238.0,124120.0,3250.0,3266.9,3239.8,3251.5,45298400,3576.6,2926.4,4322.95,2866.6,3264.4,325,5,3264.3,20,1,3264.2,3,1,3264.1,130,6,3264.0,7,3,3264.7,173,1,3264.8,140,1,3264.9,63,2,3265.0,96,4,3265.1,42,3
11536,2025-12-30 13:29:13+05:30,3264.6,1,3252.14,1238626,117624.0,123777.0,3250.0,3266.9,3239.8,3251.5,45298400,3576.6,2926.4,4322.95,2866.6,3264.4,325,5,3264.3,20,1,3264.2,3,1,3264.1,115,5,3264.0,7,3,3264.6,170,1,3264.7,14,1,3264.8,140,1,3264.9,41,1,3265.0,35,2
11536,2025-12-30 13:29:13+05:30,3264.4,1,3252.14,1238626,117624.0,123777.0,3250.0,3266.9,3239.8,3251.5,45298400,3576.6,2926.4,4322.95,2866.6,3264.4,325,5,3264.3,20,1,3264.2,3,1,3264.1,115,5,3264.0,7,3,3264.6,170,1,3264.7,14,1,3264.8,140,1,3264.9,41,1,3265.0,35,2
11536,2025-12-30 13:29:14+05:30,3264.4,1,3252.14,1238627,117449.0,123826.0,3250.0,3266.9,3239.8,3251.5,45298400,3576.6,2926.4,4322.95,2866.6,3264.4,324,5,3264.3,20,1,3264.2,3,1,3264.1,115,5,3264.0,17,4,3264.6,170,1,3264.7,19,2,3264.8,140,1,3264.9,41,1,3265.0,30,1
11536,2025-12-30 13:29:15+05:30,3264.6,1,3252.14,1238647,117461.0,122534.0,3250.0,3266.9,3239.8,3251.5,45298400,3576.6,2926.4,4322.95,2866.6,3264.4,326,6,3264.3,20,1,3264.2,3,1,3264.1,115,5,3264.0,17,4,3264.6,164,2,3264.7,5,1,3264.8,140,1,3264.9,41,1,3265.0,30,1
11536,2025-12-30 13:29:15+05:30,3264.6,1,3252.14,1238647,117461.0,122534.0,3250.0,3266.9,3239.8,3251.5,45298400,3576.6,2926.4,4322.95,2866.6,3264.4,326,6,3264.3,20,1,3264.2,3,1,3264.1,115,5,3264.0,17,4,3264.6,164,2,3264.7,5,1,3264.8,140,1,3264.9,41,1,3265.0,30,1
11536,2025-12-30 13:29:16+05:30,3264.4,1,3252.14,1238649,117625.0,122484.0,3250.0,3266.9,3239.8,3251.5,45298400,3576.6,2926.4,4322.95,2866.6,3264.4,325,6,3264.3,20,1,3264.2,3,1,3264.1,115,5,3264.0,17,4,3264.5,149,1,3264.6,14,1,3264.7,145,2,3265.0,30,1,3265.1,42,3
11536,2025-12-30 13:29:16+05:30,3264.4,11,3252.14,1238649,117625.0,122484.0,3250.0,3266.9,3239.8,3251.5,45298400,3576.6,2926.4,4322.95,2866.6,3264.4,325,6,3264.3,20,1,3264.2,3,1,3264.1,115,5,3264.0,17,4,3264.5,149,1,3264.6,14,1,3264.7,145,2,3265.0,30,1,3265.1,42,3
11536,2025-12-30 13:29:17+05:30,3264.4,11,3252.14,1238661,117456.0,123892.0,3250.0,3266.9,3239.8,3251.5,45298400,3576.6,2926.4,4322.95,2866.6,3264.4,314,6,3264.3,20,1,3264.2,3,1,3264.1,115,5,3264.0,17,4,3264.5,151,2,3264.7,145,2,3264.9,41,1,3265.0,77,2,3265.1,42,3
11536,2025-12-30 13:29:18+05:30,3264.5,3,3252.14,1238714,116181.0,123904.0,3250.0,3266.9,3239.8,3251.5,45298400,3576.6,2926.4,4322.95,2866.6,3264.4,265,7,3264.3,20,1,3264.2,3,1,3264.1,115,5,3264.0,17,4,3264.5,162,2,3264.7,145,2,3264.8,21,1,3264.9,41,1,3265.0,98,3
11536,2025-12-30 13:29:18+05:30,3264.5,19,3252.14,1238714,116181.0,123904.0,3250.0,3266.9,3239.8,3251.5,45298400,3576.6,2926.4,4322.95,2866.6,3264.4,265,7,3264.3,20,1,3264.2,3,1,3264.1,115,5,3264.0,17,4,3264.5,162,2,3264.7,145,2,3264.8,21,1,3264.9,41,1,3265.0,98,3
11536,2025-12-30 13:29:19+05:30,3264.5,19,3252.14,1238733,117581.0,123878.0,3250.0,3266.9,3239.8,3251.5,45298400,3576.6,2926.4,4322.95,2866.6,3264.4,265,7,3264.3,20,1,3264.2,3,1,3264.1,115,5,3264.0,17,4,3264.5,143,2,3264.7,145,2,3264.8,21,1,3264.9,41,1,3265.0,98,3
11536,2025-12-30 13:29:19+05:30,3264.4,1,3252.14,1238733,117581.0,123878.0,3250.0,3266.9,3239.8,3251.5,45298400,3576.6,2926.4,4322.95,2866.6,3264.4,265,7,3264.3,20,1,3264.2,3,1,3264.1,115,5,3264.0,17,4,3264.5,143,2,3264.7,145,2,3264.8,21,1,3264.9,41,1,3265.0,98,3
11536,2025-12-30 13:29:20+05:30,3264.5,1,3252.14,1238735,117588.0,123887.0,3250.0,3266.9,3239.8,3251.5,45298400,3576.6,2926.4,4322.95,2866.6,3264.4,264,7,3264.3,20,1,3264.2,3,1,3264.1,115,5,3264.0,17,4,3264.5,142,2,3264.7,145,2,3264.9,41,1,3265.0,77,2,3265.1,32,2
11536,2025-12-30 13:29:20+05:30,3264.5,1,3252.14,1238735,117588.0,123887.0,3250.0,3266.9,3239.8,3251.5,45298400,3576.6,2926.4,4322.95,2866.6,3264.4,264,7,3264.3,20,1,3264.2,3,1,3264.1,115,5,3264.0,17,4,3264.5,142,2,3264.7,145,2,3264.9,41,1,3265.0,77,2,3265.1,32,2
11536,2025-12-30 13:29:21+05:30,3264.5,1,3252.14,1238735,116188.0,123887.0,3250.0,3266.9,3239.8,3251.5,45298400,3576.6,2926.4,4322.95,2866.6,3264.4,264,7,3264.3,20,1,3264.2,3,1,3264.1,115,5,3264.0,17,4,3264.5,142,2,3264.7,145,2,3264.9,41,1,3265.0,77,2,3265.1,32,2
11536,2025-12-30 13:29:22+05:30,3264.4,1,3252.14,1238736,116187.0,123866.0,3250.0,3266.9,3239.8,3251.5,45298400,3576.6,2926.4,4322.95,2866.6,3264.4,263,7,3264.3,20,1,3264.2,3,1,3264.1,115,5,3264.0,17,4,3264.5,182,4,3264.7,145,2,3264.9,41,1,3265.0,47,1,3265.1,32,2
11536,2025-12-30 13:29:22+05:30,3264.4,1,3252.14,1238736,116187.0,123866.0,3250.0,3266.9,3239.8,3251.5,45298400,3576.6,2926.4,4322.95,2866.6,3264.4,263,7,3264.3,20,1,3264.2,3,1,3264.1,115,5,3264.0,17,4,3264.5,182,4,3264.7,145,2,3264.9,41,1,3265.0,47,1,3265.1,32,2
11536,2025-12-30 13:29:23+05:30,3264.4,2,3252.15,1239296,116560.0,124220.0,3250.0,3266.9,3239.8,3251.5,45298400,3576.6,2926.4,4322.95,2866.6,3264.3,20,1,3264.2,3,1,3264.1,115,5,3264.0,17,4,3263.9,9,2,3264.4,93,1,3264.5,54,3,3264.6,140,1,3264.7,27,2,3264.8,23,1
11536,2025-12-30 13:29:23+05:30,3264.4,2,3252.15,1239296,116560.0,124220.0,3250.0,3266.9,3239.8,3251.5,45298400,3576.6,2926.4,4322.95,2866.6,3264.3,20,1,3264.2,3,1,3264.1,115,5,3264.0,17,4,3263.9,9,2,3264.4,93,1,3264.5,54,3,3264.6,140,1,3264.7,27,2,3264.8,23,1
11536,2025-12-30 13:29:24+05:30,3264.4,1,3252.15,1239297,116569.0,124484.0,3250.0,3266.9,3239.8,3251.5,45298400,3576.6,2926.4,4322.95,2866.6,3264.3,22,2,3264.2,3,1,3264.1,115,5,3264.0,17,4,3263.9,9,2,3264.4,111,3,3264.5,40,2,3264.6,140,1,3264.7,40,1,3264.8,48,1
11536,2025-12-30 13:29:24+05:30,3264.4,1,3252.15,1239297,116569.0,124484.0,3250.0,3266.9,3239.8,3251.5,45298400,3576.6,2926.4,4322.95,2866.6,3264.3,22,2,3264.2,3,1,3264.1,115,5,3264.0,17,4,3263.9,9,2,3264.4,111,3,3264.5,40,2,3264.6,140,1,3264.7,40,1,3264.8,48,1
11536,2025-12-30 13:29:25+05:30,3264.4,1,3252.15,1239298,117131.0,123887.0,3250.0,3266.9,3239.8,3251.5,45298400,3576.6,2926.4,4322.95,2866.6,3264.3,69,3,3264.2,3,1,3264.1,115,5,3264.0,17,4,3263.9,9,2,3264.4,18,2,3264.5,132,3,3264.7,140,1,3265.1,54,2,3265.2,349,3
11536,2025-12-30 13:29:25+05:30,3264.4,1,3252.15,1239298,117131.0,123887.0,3250.0,3266.9,3239.8,3251.5,45298400,3576.6,2926.4,4322.95,2866.6,3264.3,69,3,3264.2,3,1,3264.1,115,5,3264.0,17,4,3263.9,9,2,3264.4,18,2,3264.5,132,3,3264.7,140,1,3265.1,54,2,3265.2,349,3
11536,2025-12-30 13:29:25+05:30,3264.4,1,3252.15,1239298,117131.0,123887.0,3250.0,3266.9,3239.8,3251.5,45298400,3576.6,2926.4,4322.95,2866.6,3264.3,69,3,3264.2,3,1,3264.1,115,5,3264.0,17,4,3263.9,9,2,3264.4,18,2,3264.5,132,3,3264.7,140,1,3265.1,54,2,3265.2,349,3
11536,2025-12-30 13:29:26+05:30,3264.4,1,3252.15,1239298,117119.0,124062.0,3250.0,3266.9,3239.8,3251.5,45298400,3576.6,2926.4,4322.95,2866.6,3264.3,69,3,3264.2,3,1,3264.1,115,5,3264.0,17,4,3263.9,9,2,3264.4,18,2,3264.5,132,3,3264.7,140,1,3265.1,54,2,3265.2,349,3
11536,2025-12-30 13:29:27+05:30,3264.4,1,3252.15,1239298,117119.0,124062.0,3250.0,3266.9,3239.8,3251.5,45298400,3576.6,2926.4,4322.95,2866.6,3264.3,69,3,3264.2,3,1,3264.1,115,5,3264.0,17,4,3263.9,9,2,3264.4,18,2,3264.5,132,3,3264.7,140,1,3265.1,54,2,3265.2,349,3
11536,2025-12-30 13:29:27+05:30,3264.3,1,3252.15,1239298,117119.0,124062.0,3250.0,3266.9,3239.8,3251.5,45298400,3576.6,2926.4,4322.95,2866.6,3264.3,69,3,3264.2,3,1,3264.1,115,5,3264.0,17,4,3263.9,9,2,3264.4,18,2,3264.5,132,3,3264.7,140,1,3265.1,54,2,3265.2,349,3
11536,2025-12-30 13:29:27+05:30,3264.3,1,3252.15,1239299,117118.0,124062.0,3250.0,3266.9,3239.8,3251.5,45298400,3576.6,2926.4,4322.95,2866.6,3264.3,68,3,3264.2,3,1,3264.1,115,5,3264.0,17,4,3263.9,9,2,3264.4,18,2,3264.5,132,3,3264.7,140,1,3265.1,54,2,3265.2,349,3
11536,2025-12-30 13:29:28+05:30,3264.3,1,3252.15,1239299,117118.0,124062.0,3250.0,3266.9,3239.8,3251.5,45298400,3576.6,2926.4,4322.95,2866.6,3264.3,68,3,3264.2,3,1,3264.1,115,5,3264.0,17,4,3263.9,9,2,3264.4,18,2,3264.5,132,3,3264.7,140,1,3265.1,54,2,3265.2,349,3
11536,2025-12-30 13:29:29+05:30,3264.3,1,3252.15,1239299,117118.0,124062.0,3250.0,3266.9,3239.8,3251.5,45298400,3576.6,2926.4,4322.95,2866.6,3264.3,68,3,3264.2,3,1,3264.1,115,5,3264.0,17,4,3263.9,9,2,3264.4,18,2,3264.5,132,3,3264.7,140,1,3265.1,54,2,3265.2,349,3
11536,2025-12-30 13:29:30+05:30,3264.3,1,3252.15,1239299,117118.0,124062.0,3250.0,3266.9,3239.8,3251.5,45298400,3576.6,2926.4,4322.95,2866.6,3264.3,68,3,3264.2,3,1,3264.1,115,5,3264.0,17,4,3263.9,9,2,3264.4,18,2,3264.5,132,3,3264.7,140,1,3265.1,54,2,3265.2,349,3
11536,2025-12-30 13:29:30+05:30,3264.3,5,3252.15,1239299,117118.0,124062.0,3250.0,3266.9,3239.8,3251.5,45298400,3576.6,2926.4,4322.95,2866.6,3264.3,68,3,3264.2,3,1,3264.1,115,5,3264.0,17,4,3263.9,9,2,3264.4,18,2,3264.5,132,3,3264.7,140,1,3265.1,54,2,3265.2,349,3
11536,2025-12-30 13:29:30+05:30,3264.3,5,3252.15,1239299,117118.0,124062.0,3250.0,3266.9,3239.8,3251.5,45298400,3576.6,2926.4,4322.95,2866.6,3264.3,68,3,3264.2,3,1,3264.1,115,5,3264.0,17,4,3263.9,9,2,3264.4,18,2,3264.5,132,3,3264.7,140,1,3265.1,54,2,3265.2,349,3
11536,2025-12-30 13:29:32+05:30,3264.3,5,3252.15,1239299,117118.0,124062.0,3250.0,3266.9,3239.8,3251.5,45298400,3576.6,2926.4,4322.95,2866.6,3264.3,68,3,3264.2,3,1,3264.1,115,5,3264.0,17,4,3263.9,9,2,3264.4,18,2,3264.5,132,3,3264.7,140,1,3265.1,54,2,3265.2,349,3
11536,2025-12-30 13:29:32+05:30,3264.3,1,3252.15,1239341,117089.0,123830.0,3250.0,3266.9,3239.8,3251.5,45298400,3576.6,2926.4,4322.95,2866.6,3264.3,52,4,3264.2,3,1,3264.1,133,7,3264.0,17,4,3263.9,56,5,3264.4,65,5,3264.5,92,1,3264.7,187,2,3265.0,39,1,3265.1,54,2
11536,2025-12-30 13:29:32+05:30,3264.3,1,3252.15,1239341,117089.0,123830.0,3250.0,3266.9,3239.8,3251.5,45298400,3576.6,2926.4,4322.95,2866.6,3264.3,52,4,3264.2,3,1,3264.1,133,7,3264.0,17,4,3263.9,56,5,3264.4,65,5,3264.5,92,1,3264.7,187,2,3265.0,39,1,3265.1,54,2
11536,2025-12-30 13:29:33+05:30,3264.4,1,3252.15,1239341,117089.0,123830.0,3250.0,3266.9,3239.8,3251.5,45298400,3576.6,2926.4,4322.95,2866.6,3264.3,52,4,3264.2,3,1,3264.1,133,7,3264.0,17,4,3263.9,56,5,3264.4,65,5,3264.5,92,1,3264.7,187,2,3265.0,39,1,3265.1,54,2
11536,2025-12-30 13:29:33+05:30,3264.4,1,3252.15,1239341,117089.0,123830.0,3250.0,3266.9,3239.8,3251.5,45298400,3576.6,2926.4,4322.95,2866.6,3264.3,52,4,3264.2,3,1,3264.1,133,7,3264.0,17,4,3263.9,56,5,3264.4,65,5,3264.5,92,1,3264.7,187,2,3265.0,39,1,3265.1,54,2
11536,2025-12-30 13:29:34+05:30,3264.4,1,3252.15,1239341,117089.0,123830.0,3250.0,3266.9,3239.8,3251.5,45298400,3576.6,2926.4,4322.95,2866.6,3264.3,52,4,3264.2,3,1,3264.1,133,7,3264.0,17,4,3263.9,56,5,3264.4,65,5,3264.5,92,1,3264.7,187,2,3265.0,39,1,3265.1,54,2
11536,2025-12-30 13:29:35+05:30,3264.4,1,3252.15,1239341,117089.0,123830.0,3250.0,3266.9,3239.8,3251.5,45298400,3576.6,2926.4,4322.95,2866.6,3264.3,52,4,3264.2,3,1,3264.1,133,7,3264.0,17,4,3263.9,56,5,3264.4,65,5,3264.5,92,1,3264.7,187,2,3265.0,39,1,3265.1,54,2
11536,2025-12-30 13:29:36+05:30,3264.4,1,3252.15,1239341,117089.0,123830.0,3250.0,3266.9,3239.8,3251.5,45298400,3576.6,2926.4,4322.95,2866.6,3264.3,52,4,3264.2,3,1,3264.1,133,7,3264.0,17,4,3263.9,56,5,3264.4,65,5,3264.5,92,1,3264.7,187,2,3265.0,39,1,3265.1,54,2
11536,2025-12-30 13:29:36+05:30,3264.3,4,3252.15,1239341,117089.0,123830.0,3250.0,3266.9,3239.8,3251.5,45298400,3576.6,2926.4,4322.95,2866.6,3264.3,52,4,3264.2,3,1,3264.1,133,7,3264.0,17,4,3263.9,56,5,3264.4,65,5,3264.5,92,1,3264.7,187,2,3265.0,39,1,3265.1,54,2
11536,2025-12-30 13:29:36+05:30,3264.3,4,3252.15,1239351,117109.0,123761.0,3250.0,3266.9,3239.8,3251.5,45298400,3576.6,2926.4,4322.95,2866.6,3264.3,47,3,3264.2,3,1,3264.1,115,5,3264.0,17,4,3263.9,38,4,3264.4,60,6,3264.5,92,1,3264.7,187,2,3265.0,39,1,3265.1,54,2
11536,2025-12-30 13:29:38+05:30,3264.3,4,3252.15,1239351,117109.0,123761.0,3250.0,3266.9,3239.8,3251.5,45298400,3576.6,2926.4,4322.95,2866.6,3264.3,47,3,3264.2,3,1,3264.1,115,5,3264.0,17,4,3263.9,38,4,3264.4,60,6,3264.5,92,1,3264.7,187,2,3265.0,39,1,3265.1,54,2
11536,2025-12-30 13:29:39+05:30,3264.3,4,3252.15,1239351,117109.0,123761.0,3250.0,3266.9,3239.8,3251.5,45298400,3576.6,2926.4,4322.95,2866.6,3264.3,47,3,3264.2,3,1,3264.1,115,5,3264.0,17,4,3263.9,38,4,3264.4,60,6,3264.5,92,1,3264.7,187,2,3265.0,39,1,3265.1,54,2
11536,2025-12-30 13:29:39+05:30,3264.3,1,3252.15,1239351,117109.0,123761.0,3250.0,3266.9,3239.8,3251.5,45298400,3576.6,2926.4,4322.95,2866.6,3264.3,47,3,3264.2,3,1,3264.1,115,5,3264.0,17,4,3263.9,38,4,3264.4,60,6,3264.5,92,1,3264.7,187,2,3265.0,39,1,3265.1,54,2
11536,2025-12-30 13:29:40+05:30,3264.4,4,3252.15,1239356,117224.0,122539.0,3250.0,3266.9,3239.8,3251.5,45298400,3576.6,2926.4,4322.95,2866.6,3264.3,47,4,3264.2,3,1,3264.1,115,5,3264.0,17,4,3263.9,9,2,3264.4,56,5,3264.5,92,1,3264.7,187,2,3265.0,89,2,3265.1,54,2
11536,2025-12-30 13:29:41+05:30,3264.4,4,3252.15,1239356,117224.0,122539.0,3250.0,3266.9,3239.8,3251.5,45298400,3576.6,2926.4,4322.95,2866.6,3264.3,47,4,3264.2,3,1,3264.1,115,5,3264.0,17,4,3263.9,9,2,3264.4,56,5,3264.5,92,1,3264.7,187,2,3265.0,89,2,3265.1,54,2
11536,2025-12-30 13:29:42+05:30,3264.3,5,3252.15,1239356,117224.0,122539.0,3250.0,3266.9,3239.8,3251.5,45298400,3576.6,2926.4,4322.95,2866.6,3264.3,47,4,3264.2,3,1,3264.1,115,5,3264.0,17,4,3263.9,9,2,3264.4,56,5,3264.5,92,1,3264.7,187,2,3265.0,89,2,3265.1,54,2
11536,2025-12-30 13:29:42+05:30,3264.3,5,3252.15,1239356,117224.0,122539.0,3250.0,3266.9,3239.8,3251.5,45298400,3576.6,2926.4,4322.95,2866.6,3264.3,47,4,3264.2,3,1,3264.1,115,5,3264.0,17,4,3263.9,9,2,3264.4,56,5,3264.5,92,1,3264.7,187,2,3265.0,89,2,3265.1,54,2
11536,2025-12-30 13:29:44+05:30,3264.3,5,3252.15,1239356,117224.0,122539.0,3250.0,3266.9,3239.8,3251.5,45520125,3576.6,2926.4,4322.95,2866.6,3264.3,47,4,3264.2,3,1,3264.1,115,5,3264.0,17,4,3263.9,9,2,3264.4,56,5,3264.5,92,1,3264.7,187,2,3265.0,89,2,3265.1,54,2
11536,2025-12-30 13:29:44+05:30,3264.4,1,3252.15,1239588,117467.0,120552.0,3250.0,3266.9,3239.8,3251.5,45520125,3576.6,2926.4,4322.95,2866.6,3264.3,51,4,3264.2,3,1,3264.1,140,7,3264.0,55,6,3263.9,53,4,3264.4,9,1,3264.5,175,1,3264.7,113,1,3265.0,50,1,3265.2,325,1
11536,2025-12-30 13:29:45+05:30,3264.5,1,3252.15,1239588,117467.0,120552.0,3250.0,3266.9,3239.8,3251.5,45520125,3576.6,2926.4,4322.95,2866.6,3264.3,51,4,3264.2,3,1,3264.1,140,7,3264.0,55,6,3263.9,53,4,3264.4,9,1,3264.5,175,1,3264.7,113,1,3265.0,50,1,3265.2,325,1
11536,2025-12-30 13:29:46+05:30,3264.5,1,3252.15,1239588,117467.0,120552.0,3250.0,3266.9,3239.8,3251.5,45520125,3576.6,2926.4,4322.95,2866.6,3264.3,51,4,3264.2,3,1,3264.1,140,7,3264.0,55,6,3263.9,53,4,3264.4,9,1,3264.5,175,1,3264.7,113,1,3265.0,50,1,3265.2,325,1
11536,2025-12-30 13:29:48+05:30,3264.5,1,3252.15,1239598,119413.0,122679.0,3250.0,3266.9,3239.8,3251.5,45520125,3576.6,2926.4,4322.95,2866.6,3264.6,1,1,3264.5,3,3,3264.3,60,5,3264.2,41,3,3264.1,122,7,3265.0,55,2,3265.2,325,1,3265.3,174,1,3265.4,37,1,3265.5,138,2
11536,2025-12-30 13:29:50+05:30,3265.0,1,3252.15,1239598,119413.0,122679.0,3250.0,3266.9,3239.8,3251.5,45520125,3576.6,2926.4,4322.95,2866.6,3264.6,1,1,3264.5,3,3,3264.3,60,5,3264.2,41,3,3264.1,122,7,3265.0,55,2,3265.2,325,1,3265.3,174,1,3265.4,37,1,3265.5,138,2
11536,2025-12-30 13:29:52+05:30,3265.2,3,3252.15,1239660,120089.0,121916.0,3250.0,3266.9,3239.8,3251.5,45520125,3576.6,2926.4,4322.95,2866.6,3265.0,44,1,3264.6,125,1,3264.5,1,1,3264.4,35,2,3264.3,56,5,3265.2,320,1,3265.4,174,1,3265.6,113,1,3265.7,27,1,3265.8,37,1
11536,2025-12-30 13:29:54+05:30,3265.2,3,3252.15,1239660,120089.0,121916.0,3250.0,3266.9,3239.8,3251.5,45520125,3576.6,2926.4,4322.95,2866.6,3265.0,44,1,3264.6,125,1,3264.5,1,1,3264.4,35,2,3264.3,56,5,3265.2,320,1,3265.4,174,1,3265.6,113,1,3265.7,27,1,3265.8,37,1
11536,2025-12-30 13:29:56+05:30,3265.0,132,3252.15,1239840,120537.0,121513.0,3250.0,3266.9,3239.8,3251.5,45520125,3576.6,2926.4,4322.95,2866.6,3265.0,29,1,3264.6,125,1,3264.4,3,1,3264.3,38,4,3264.2,63,4,3265.2,490,2,3265.4,160,3,3265.6,70,2,3265.7,41,1,3265.8,73,3
11536,2025-12-30 13:29:57+05:30,3265.2,1,3252.15,1239840,120537.0,121513.0,3250.0,3266.9,3239.8,3251.5,45520125,3576.6,2926.4,4322.95,2866.6,3265.0,29,1,3264.6,125,1,3264.4,3,1,3264.3,38,4,3264.2,63,4,3265.2,490,2,3265.4,160,3,3265.6,70,2,3265.7,41,1,3265.8,73,3
11536,2025-12-30 13:30:00+05:30,3265.2,96,3252.15,1239840,120537.0,121513.0,3250.0,3266.9,3239.8,3251.5,45520125,3576.6,2926.4,4322.95,2866.6,3265.0,29,1,3264.6,125,1,3264.4,3,1,3264.3,38,4,3264.2,63,4,3265.2,490,2,3265.4,160,3,3265.6,70,2,3265.7,41,1,3265.8,73,3
11536,2025-12-30 13:30:00+05:30,3265.2,96,3252.16,1239944,120971.0,121989.0,3250.0,3266.9,3239.8,3251.5,45520125,3576.6,2926.4,4322.95,2866.6,3265.0,27,1,3264.9,11,1,3264.6,125,1,3264.4,3,1,3264.3,99,6,3265.1,170,1,3265.2,214,1,3265.4,174,1,3265.6,113,1,3265.8,20,1
11536,2025-12-30 13:30:03+05:30,3265.1,1,3252.16,1239944,120971.0,121989.0,3250.0,3266.9,3239.8,3251.5,45520125,3576.6,2926.4,4322.95,2866.6,3265.0,27,1,3264.9,11,1,3264.6,125,1,3264.4,3,1,3264.3,99,6,3265.1,170,1,3265.2,214,1,3265.4,174,1,3265.6,113,1,3265.8,20,1
11536,2025-12-30 13:30:04+05:30,3265.1,1,3252.16,1239947,120865.0,121803.0,3250.0,3266.9,3239.8,3251.5,45520125,3576.6,2926.4,4322.95,2866.6,3265.0,29,2,3264.9,28,3,3264.7,39,1,3264.6,140,3,3264.5,45,1,3265.1,168,1,3265.2,214,1,3265.4,174,1,3265.6,113,1,3265.9,44,2
11536,2025-12-30 13:30:07+05:30,3264.7,22,3252.16,1239947,120865.0,121803.0,3250.0,3266.9,3239.8,3251.5,45520125,3576.6,2926.4,4322.95,2866.6,3265.0,29,2,3264.9,28,3,3264.7,39,1,3264.6,140,3,3264.5,45,1,3265.1,168,1,3265.2,214,1,3265.4,174,1,3265.6,113,1,3265.9,44,2
11536,2025-12-30 13:30:09+05:30,3264.7,1,3252.17,1240981,118256.0,122869.0,3250.0,3266.9,3239.8,3251.5,45520125,3576.6,2926.4,4322.95,2866.6,3264.6,126,2,3264.3,38,4,3264.2,3,1,3264.1,32,5,3264.0,55,6,3264.7,493,1,3265.1,330,2,3265.2,214,1,3265.3,197,3,3265.4,41,1
11536,2025-12-30 13:30:11+05:30,3264.7,1,3252.17,1240981,118256.0,122869.0,3250.0,3266.9,3239.8,3251.5,45520125,3576.6,2926.4,4322.95,2866.6,3264.6,126,2,3264.3,38,4,3264.2,3,1,3264.1,32,5,3264.0,55,6,3264.7,493,1,3265.1,330,2,3265.2,214,1,3265.3,197,3,3265.4,41,1
11536,2025-12-30 13:30:13+05:30,3264.6,1,3252.17,1240988,119568.0,122895.0,3250.0,3266.9,3239.8,3251.5,45520125,3576.6,2926.4,4322.95,2866.6,3264.6,123,2,3264.3,38,4,3264.2,3,1,3264.1,15,4,3264.0,55,6,3264.7,503,2,3265.0,174,1,3265.1,216,3,3265.2,372,3,3265.4,64,3
11536,2025-12-30 13:30:13+05:30,3264.6,1,3252.17,1240988,119568.0,122895.0,3250.0,3266.9,3239.8,3251.5,45520125,3576.6,2926.4,4322.95,2866.6,3264.6,123,2,3264.3,38,4,3264.2,3,1,3264.1,15,4,3264.0,55,6,3264.7,503,2,3265.0,174,1,3265.1,216,3,3265.2,372,3,3265.4,64,3
11536,2025-12-30 13:30:17+05:30,3264.6,10,3252.17,1240988,119568.0,122895.0,3250.0,3266.9,3239.8,3251.5,45520125,3576.6,2926.4,4322.95,2866.6,3264.6,123,2,3264.3,38,4,3264.2,3,1,3264.1,15,4,3264.0,55,6,3264.7,503,2,3265.0,174,1,3265.1,216,3,3265.2,372,3,3265.4,64,3
11536,2025-12-30 13:30:17+05:30,3264.6,10,3252.17,1241002,118976.0,122778.0,3250.0,3266.9,3239.8,3251.5,45520125,3576.6,2926.4,4322.95,2866.6,3264.6,114,3,3264.3,38,4,3264.2,3,1,3264.1,15,4,3264.0,55,6,3264.7,499,2,3265.0,174,1,3265.1,195,2,3265.2,372,3,3265.4,62,2
11536,2025-12-30 13:30:19+05:30,3264.6,1,3252.17,1241002,118976.0,122778.0,3250.0,3266.9,3239.8,3251.5,45520125,3576.6,2926.4,4322.95,2866.6,3264.6,114,3,3264.3,38,4,3264.2,3,1,3264.1,15,4,3264.0,55,6,3264.7,499,2,3265.0,174,1,3265.1,195,2,3265.2,372,3,3265.4,62,2
11536,2025-12-30 13:30:21+05:30,3264.7,1,3252.17,1241004,119680.0,123137.0,3250.0,3266.9,3239.8,3251.5,45520125,3576.6,2926.4,4322.95,2866.6,3264.6,114,4,3264.3,38,4,3264.2,3,1,3264.1,15,4,3264.0,55,6,3264.7,529,3,3265.0,174,1,3265.1,176,2,3265.2,327,2,3265.4,61,2
11536,2025-12-30 13:30:23+05:30,3264.7,3,3252.17,1241004,119680.0,123137.0,3250.0,3266.9,3239.8,3251.5,45520125,3576.6,2926.4,4322.95,2866.6,3264.6,114,4,3264.3,38,4,3264.2,3,1,3264.1,15,4,3264.0,55,6,3264.7,529,3,3265.0,174,1,3265.1,176,2,3265.2,327,2,3265.4,61,2
11536,2025-12-30 13:30:25+05:30,3264.7,1,3252.17,1241141,119688.0,123136.0,3250.0,3266.9,3239.8,3251.5,45520125,3576.6,2926.4,4322.95,2866.6,3264.6,112,3,3264.3,38,4,3264.2,3,1,3264.1,40,6,3264.0,87,7,3264.7,393,3,3265.0,174,1,3265.1,156,1,3265.2,327,2,3265.3,38,1
11536,2025-12-30 13:30:26+05:30,3264.6,46,3252.17,1241141,119688.0,123136.0,3250.0,3266.9,3239.8,3251.5,45520125,3576.6,2926.4,4322.95,2866.6,3264.6,112,3,3264.3,38,4,3264.2,3,1,3264.1,40,6,3264.0,87,7,3264.7,393,3,3265.0,174,1,3265.1,156,1,3265.2,327,2,3265.3,38,1
11536,2025-12-30 13:30:29+05:30,3264.3,1,3252.17,1241141,119688.0,123136.0,3250.0,3266.9,3239.8,3251.5,45520125,3576.6,2926.4,4322.95,2866.6,3264.6,112,3,3264.3,38,4,3264.2,3,1,3264.1,40,6,3264.0,87,7,3264.7,393,3,3265.0,174,1,3265.1,156,1,3265.2,327,2,3265.3,38,1
11536,2025-12-30 13:30:29+05:30,3264.3,1,3252.17,1241381,118486.0,122162.0,3250.0,3266.9,3239.8,3251.5,45520125,3576.6,2926.4,4322.95,2866.6,3264.5,2,1,3264.3,20,3,3264.2,3,1,3264.1,15,4,3264.0,39,6,3264.6,174,1,3264.7,378,3,3264.8,113,1,3264.9,38,1,3265.0,43,1
11536,2025-12-30 13:30:31+05:30,3264.6,2,3252.17,1241381,118486.0,122162.0,3250.0,3266.9,3239.8,3251.5,45520125,3576.6,2926.4,4322.95,2866.6,3264.5,2,1,3264.3,20,3,3264.2,3,1,3264.1,15,4,3264.0,39,6,3264.6,174,1,3264.7,378,3,3264.8,113,1,3264.9,38,1,3265.0,43,1
11536,2025-12-30 13:30:34+05:30,3264.6,2,3252.17,1241395,118924.0,123475.0,3250.0,3266.9,3239.8,3251.5,45520125,3576.6,2926.4,4322.95,2866.6,3264.5,70,1,3264.3,20,3,3264.2,18,2,3264.1,15,4,3264.0,54,7,3264.6,52,3,3264.7,502,3,3264.9,113,1,3265.1,156,1,3265.2,216,2
11536,2025-12-30 13:30:35+05:30,3264.5,10,3252.17,1241395,118924.0,123475.0,3250.0,3266.9,3239.8,3251.5,45520125,3576.6,2926.4,4322.95,2866.6,3264.5,70,1,3264.3,20,3,3264.2,18,2,3264.1,15,4,3264.0,54,7,3264.6,52,3,3264.7,502,3,3264.9,113,1,3265.1,156,1,3265.2,216,2
11536,2025-12-30 13:30:37+05:30,3264.6,1,3252.17,1241395,118924.0,123475.0,3250.0,3266.9,3239.8,3251.5,45520125,3576.6,2926.4,4322.95,2866.6,3264.5,70,1,3264.3,20,3,3264.2,18,2,3264.1,15,4,3264.0,54,7,3264.6,52,3,3264.7,502,3,3264.9,113,1,3265.1,156,1,3265.2,216,2
11536,2025-12-30 13:30:38+05:30,3264.6,4,3252.17,1241415,119706.0,123363.0,3250.0,3266.9,3239.8,3251.5,45520125,3576.6,2926.4,4322.95,2866.6,3264.5,56,1,3264.3,36,4,3264.2,3,1,3264.1,15,4,3264.0,39,7,3264.6,50,4,3264.7,335,2,3265.0,24,1,3265.1,344,3,3265.2,214,1
11536,2025-12-30 13:30:41+05:30,3264.5,73,3252.17,1241415,119706.0,123363.0,3250.0,3266.9,3239.8,3251.5,45520125,3576.6,2926.4,4322.95,2866.6,3264.5,56,1,3264.3,36,4,3264.2,3,1,3264.1,15,4,3264.0,39,7,3264.6,50,4,3264.7,335,2,3265.0,24,1,3265.1,344,3,3265.2,214,1
11536,2025-12-30 13:30:42+05:30,3264.5,73,3252.17,1241666,117298.0,123934.0,3250.0,3266.9,3239.8,3251.5,45520125,3576.6,2926.4,4322.95,2866.6,3264.1,14,4,3264.0,23,6,3263.9,9,2,3263.8,25,3,3263.7,42,3,3264.5,102,1,3264.6,50,4,3264.7,333,1,3264.8,20,1,3264.9,192,2
11536,2025-12-30 13:30:43+05:30,3264.1,1,3252.17,1241666,117298.0,123934.0,3250.0,3266.9,3239.8,3251.5,45520125,3576.6,2926.4,4322.95,2866.6,3264.1,14,4,3264.0,23,6,3263.9,9,2,3263.8,25,3,3263.7,42,3,3264.5,102,1,3264.6,50,4,3264.7,333,1,3264.8,20,1,3264.9,192,2
11536,2025-12-30 13:30:46+05:30,3264.5,1,3252.18,1241851,115523.0,124795.0,3250.0,3266.9,3239.8,3251.5,45520125,3576.6,2926.4,4322.95,2866.6,3264.0,14,4,3263.9,9,2,3263.8,21,3,3263.7,27,2,3263.6,60,5,3264.5,153,5,3264.6,219,3,3264.7,393,3,3264.8,133,2,3264.9,67,2
11536,2025-12-30 13:30:47+05:30,3264.5,1,3252.18,1241851,115523.0,124795.0,3250.0,3266.9,3239.8,3251.5,45520125,3576.6,2926.4,4322.95,2866.6,3264.0,14,4,3263.9,9,2,3263.8,21,3,3263.7,27,2,3263.6,60,5,3264.5,153,5,3264.6,219,3,3264.7,393,3,3264.8,133,2,3264.9,67,2
11536,2025-12-30 13:30:49+05:30,3264.5,3,3252.18,1241851,115523.0,124795.0,3250.0,3266.9,3239.8,3251.5,45520125,3576.6,2926.4,4322.95,2866.6,3264.0,14,4,3263.9,9,2,3263.8,21,3,3263.7,27,2,3263.6,60,5,3264.5,153,5,3264.6,219,3,3264.7,393,3,3264.8,133,2,3264.9,67,2
11536,2025-12-30 13:30:50+05:30,3264.5,3,3252.18,1241854,116312.0,124749.0,3250.0,3266.9,3239.8,3251.5,45520125,3576.6,2926.4,4322.95,2866.6,3264.0,14,4,3263.9,9,2,3263.8,21,3,3263.7,27,2,3263.6,33,3,3264.5,150,5,3264.6,219,3,3264.7,358,2,3264.8,133,2,3264.9,67,2
11536,2025-12-30 13:30:53+05:30,3264.5,1,3252.18,1241854,116312.0,124749.0,3250.0,3266.9,3239.8,3251.5,45520125,3576.6,2926.4,4322.95,2866.6,3264.0,14,4,3263.9,9,2,3263.8,21,3,3263.7,27,2,3263.6,33,3,3264.5,150,5,3264.6,219,3,3264.7,358,2,3264.8,133,2,3264.9,67,2
11536,2025-12-30 13:30:54+05:30,3264.5,1,3252.21,1244933,116933.0,123234.0,3250.0,3266.9,3239.8,3251.5,45520125,3576.6,2926.4,4322.95,2866.6,3264.6,1,1,3264.5,2,2,3264.3,5,1,3264.1,5,2,3264.0,9,4,3264.7,994,2,3264.9,10,1,3265.0,39,2,3265.1,331,2,3265.2,257,3
11536,2025-12-30 13:30:56+05:30,3264.7,1,3252.21,1244933,116933.0,123234.0,3250.0,3266.9,3239.8,3251.5,45520125,3576.6,2926.4,4322.95,2866.6,3264.6,1,1,3264.5,2,2,3264.3,5,1,3264.1,5,2,3264.0,9,4,3264.7,994,2,3264.9,10,1,3265.0,39,2,3265.1,331,2,3265.2,257,3
11536,2025-12-30 13:30:58+05:30,3264.6,2,3252.21,1244950,118437.0,123902.0,3250.0,3266.9,3239.8,3251.5,45520125,3576.6,2926.4,4322.95,2866.6,3264.6,47,1,3264.5,1,1,3264.3,5,1,3264.2,34,1,3264.1,5,2,3264.7,983,2,3265.0,5,1,3265.1,331,2,3265.2,214,1,3265.3,113,1
11536,2025-12-30 13:30:59+05:30,3264.6,2,3252.21,1244950,118437.0,123902.0,3250.0,3266.9,3239.8,3251.5,45520125,3576.6,2926.4,4322.95,2866.6,3264.6,47,1,3264.5,1,1,3264.3,5,1,3264.2,34,1,3264.1,5,2,3264.7,983,2,3265.0,5,1,3265.1,331,2,3265.2,214,1,3265.3,113,1
11536,2025-12-30 13:31:02+05:30,3264.7,1,3252.21,1244950,118437.0,123902.0,3250.0,3266.9,3239.8,3251.5,45520125,3576.6,2926.4,4322.95,2866.6,3264.6,47,1,3264.5,1,1,3264.3,5,1,3264.2,34,1,3264.1,5,2,3264.7,983,2,3265.0,5,1,3265.1,331,2,3265.2,214,1,3265.3,113,1
11536,2025-12-30 13:31:02+05:30,3264.7,10,3252.21,1244968,119102.0,124331.0,3250.0,3266.9,3239.8,3251.5,45520125,3576.6,2926.4,4322.95,2866.6,3264.6,41,1,3264.4,10,1,3264.3,5,1,3264.2,15,1,3264.1,68,5,3264.7,985,3,3265.0,180,2,3265.1,156,1,3265.2,327,2,3265.4,23,1
11536,2025-12-30 13:31:05+05:30,3264.7,1,3252.21,1244968,119102.0,124331.0,3250.0,3266.9,3239.8,3251.5,45520125,3576.6,2926.4,4322.95,2866.6,3264.6,41,1,3264.4,10,1,3264.3,5,1,3264.2,15,1,3264.1,68,5,3264.7,985,3,3265.0,180,2,3265.1,156,1,3265.2,327,2,3265.4,23,1
11536,2025-12-30 13:31:07+05:30,3264.6,1,3252.21,1244973,118755.0,124629.0,3250.0,3266.9,3239.8,3251.5,45520125,3576.6,2926.4,4322.95,2866.6,3264.6,39,1,3264.3,5,1,3264.1,5,2,3264.0,47,6,3263.9,43,4,3264.7,973,2,3265.0,180,2,3265.1,156,1,3265.2,327,2,3265.5,26,1
11536,2025-12-30 13:31:08+05:30,3264.6,1,3252.21,1244973,118755.0,124629.0,3250.0,3266.9,3239.8,3251.5,45520125,3576.6,2926.4,4322.95,2866.6,3264.6,39,1,3264.3,5,1,3264.1,5,2,3264.0,47,6,3263.9,43,4,3264.7,973,2,3265.0,180,2,3265.1,156,1,3265.2,327,2,3265.5,26,1
11536,2025-12-30 13:31:11+05:30,3264.0,1,3252.21,1244973,118755.0,124629.0,3250.0,3266.9,3239.8,3251.5,45520125,3576.6,2926.4,4322.95,2866.6,3264.6,39,1,3264.3,5,1,3264.1,5,2,3264.0,47,6,3263.9,43,4,3264.7,973,2,3265.0,180,2,3265.1,156,1,3265.2,327,2,3265.5,26,1
11536,2025-12-30 13:31:11+05:30,3264.7,2,3252.21,1245455,116234.0,123970.0,3250.0,3266.9,3239.8,3251.5,45520125,3576.6,2926.4,4322.95,2866.6,3264.6,113,1,3264.0,87,7,3263.9,72,4,3263.8,55,6,3263.7,59,3,3264.7,842,2,3265.0,229,3,3265.1,156,1,3265.2,327,2,3265.4,31,1
11536,2025-12-30 13:31:14+05:30,3264.6,1,3252.21,1245455,116234.0,123970.0,3250.0,3266.9,3239.8,3251.5,45520125,3576.6,2926.4,4322.95,2866.6,3264.6,113,1,3264.0,87,7,3263.9,72,4,3263.8,55,6,3263.7,59,3,3264.7,842,2,3265.0,229,3,3265.1,156,1,3265.2,327,2,3265.4,31,1
11536,2025-12-30 13:31:15+05:30,3264.7,5,3252.21,1245627,117813.0,124029.0,3250.0,3266.9,3239.8,3251.5,45520125,3576.6,2926.4,4322.95,2866.6,3264.6,111,1,3264.0,93,7,3263.9,72,4,3263.8,117,8,3263.7,29,3,3264.7,672,2,3265.0,229,3,3265.1,156,1,3265.2,327,2,3265.4,31,1
11536,2025-12-30 13:31:17+05:30,3264.7,1,3252.21,1245627,117813.0,124029.0,3250.0,3266.9,3239.8,3251.5,45520125,3576.6,2926.4,4322.95,2866.6,3264.6,111,1,3264.0,93,7,3263.9,72,4,3263.8,117,8,3263.7,29,3,3264.7,672,2,3265.0,229,3,3265.1,156,1,3265.2,327,2,3265.4,31,1
11536,2025-12-30 13:31:19+05:30,3264.6,1,3252.21,1245640,116420.0,122534.0,3250.0,3266.9,3239.8,3251.5,45520125,3576.6,2926.4,4322.95,2866.6,3264.6,111,2,3264.0,27,4,3263.9,9,2,3263.8,43,5,3263.7,61,4,3264.7,670,3,3264.9,175,1,3265.0,54,2,3265.1,269,2,3265.2,214,1
11536,2025-12-30 13:31:20+05:30,3264.6,1,3252.21,1245640,116420.0,122534.0,3250.0,3266.9,3239.8,3251.5,45520125,3576.6,2926.4,4322.95,2866.6,3264.6,111,2,3264.0,27,4,3263.9,9,2,3263.8,43,5,3263.7,61,4,3264.7,670,3,3264.9,175,1,3265.0,54,2,3265.1,269,2,3265.2,214,1
11536,2025-12-30 13:31:24+05:30,3264.6,1,3252.21,1245640,118629.0,123137.0,3250.0,3266.9,3239.8,3251.5,45520125,3576.6,2926.4,4322.95,2866.6,3264.6,111,2,3264.4,13,1,3264.3,31,1,3264.2,81,4,3264.1,24,1,3264.7,670,3,3265.0,229,3,3265.1,156,1,3265.2,327,2,3265.6,44,2
11536,2025-12-30 13:31:27+05:30,3264.7,1,3252.21,1245640,118629.0,123137.0,3250.0,3266.9,3239.8,3251.5,45520125,3576.6,2926.4,4322.95,2866.6,3264.6,111,2,3264.4,13,1,3264.3,31,1,3264.2,81,4,3264.1,24,1,3264.7,670,3,3265.0,229,3,3265.1,156,1,3265.2,327,2,3265.6,44,2
11536,2025-12-30 13:31:28+05:30,3264.6,3,3252.22,1246070,116133.0,123385.0,3250.0,3266.9,3239.8,3251.5,45520125,3576.6,2926.4,4322.95,2866.6,3263.8,82,7,3263.7,102,6,3263.6,101,7,3263.5,87,5,3263.4,222,4,3264.6,69,2,3264.7,600,5,3264.8,40,1,3264.9,175,1,3265.0,54,2
11536,2025-12-30 13:31:30+05:30,3264.6,3,3252.22,1246070,116133.0,123385.0,3250.0,3266.9,3239.8,3251.5,45520125,3576.6,2926.4,4322.95,2866.6,3263.8,82,7,3263.7,102,6,3263.6,101,7,3263.5,87,5,3263.4,222,4,3264.6,69,2,3264.7,600,5,3264.8,40,1,3264.9,175,1,3265.0,54,2
11536,2025-12-30 13:31:33+05:30,3264.0,3,3252.22,1246079,116192.0,123849.0,3250.0,3266.9,3239.8,3251.5,45520125,3576.6,2926.4,4322.95,2866.6,3264.0,2,1,3263.8,251,7,3263.7,102,6,3263.6,72,5,3263.5,102,6,3264.6,111,3,3264.7,583,3,3264.8,40,1,3264.9,175,1,3265.0,54,2
11536,2025-12-30 13:31:33+05:30,3264.0,3,3252.22,1246079,116192.0,123849.0,3250.0,3266.9,3239.8,3251.5,45520125,3576.6,2926.4,4322.95,2866.6,3264.0,2,1,3263.8,251,7,3263.7,102,6,3263.6,72,5,3263.5,102,6,3264.6,111,3,3264.7,583,3,3264.8,40,1,3264.9,175,1,3265.0,54,2
11536,2025-12-30 13:31:36+05:30,3264.6,1,3252.22,1246079,116192.0,123849.0,3250.0,3266.9,3239.8,3251.5,45520125,3576.6,2926.4,4322.95,2866.6,3264.0,2,1,3263.8,251,7,3263.7,102,6,3263.6,72,5,3263.5,102,6,3264.6,111,3,3264.7,583,3,3264.8,40,1,3264.9,175,1,3265.0,54,2
11536,2025-12-30 13:31:37+05:30,3264.6,1,3252.22,1246082,116695.0,123919.0,3250.0,3266.9,3239.8,3251.5,45520125,3576.6,2926.4,4322.95,2866.6,3264.1,7,1,3264.0,209,3,3263.8,241,7,3263.7,63,5,3263.6,326,9,3264.6,108,3,3264.7,583,3,3264.8,40,1,3264.9,205,2,3265.0,54,2
11536,2025-12-30 13:31:39+05:30,3264.6,1,3252.22,1246082,116695.0,123919.0,3250.0,3266.9,3239.8,3251.5,45520125,3576.6,2926.4,4322.95,2866.6,3264.1,7,1,3264.0,209,3,3263.8,241,7,3263.7,63,5,3263.6,326,9,3264.6,108,3,3264.7,583,3,3264.8,40,1,3264.9,205,2,3265.0,54,2
11536,2025-12-30 13:31:42+05:30,3264.0,54,3252.22,1246143,116876.0,123859.0,3250.0,3266.9,3239.8,3251.5,45520125,3576.6,2926.4,4322.95,2866.6,3264.1,226,3,3264.0,149,2,3263.8,308,9,3263.7,63,5,3263.6,258,7,3264.6,48,2,3264.7,583,3,3264.8,40,1,3264.9,175,1,3265.0,54,2
11536,2025-12-30 13:31:42+05:30,3264.0,54,3252.22,1246143,116876.0,123859.0,3250.0,3266.9,3239.8,3251.5,45520125,3576.6,2926.4,4322.95,2866.6,3264.1,226,3,3264.0,149,2,3263.8,308,9,3263.7,63,5,3263.6,258,7,3264.6,48,2,3264.7,583,3,3264.8,40,1,3264.9,175,1,3265.0,54,2
11536,2025-12-30 13:31:45+05:30,3264.6,1,3252.22,1246143,116876.0,123859.0,3250.0,3266.9,3239.8,3251.5,45520125,3576.6,2926.4,4322.95,2866.6,3264.1,226,3,3264.0,149,2,3263.8,308,9,3263.7,63,5,3263.6,258,7,3264.6,48,2,3264.7,583,3,3264.8,40,1,3264.9,175,1,3265.0,54,2
11536,2025-12-30 13:31:46+05:30,3264.6,1,3252.22,1246151,116938.0,123846.0,3250.0,3266.9,3239.8,3251.5,45520125,3576.6,2926.4,4322.95,2866.6,3264.1,224,3,3264.0,149,2,3263.9,29,1,3263.8,282,8,3263.7,63,5,3264.6,42,2,3264.7,583,3,3264.8,40,1,3264.9,176,2,3265.0,54,2
11536,2025-12-30 13:31:48+05:30,3264.2,3,3252.22,1246151,116938.0,123846.0,3250.0,3266.9,3239.8,3251.5,45520125,3576.6,2926.4,4322.95,2866.6,3264.1,224,3,3264.0,149,2,3263.9,29,1,3263.8,282,8,3263.7,63,5,3264.6,42,2,3264.7,583,3,3264.8,40,1,3264.9,176,2,3265.0,54,2
11536,2025-12-30 13:31:50+05:30,3264.7,1,3252.22,1246151,116938.0,123846.0,3250.0,3266.9,3239.8,3251.5,45520125,3576.6,2926.4,4322.95,2866.6,3264.1,224,3,3264.0,149,2,3263.9,29,1,3263.8,282,8,3263.7,63,5,3264.6,42,2,3264.7,583,3,3264.8,40,1,3264.9,176,2,3265.0,54,2
11536,2025-12-30 13:31:51+05:30,3264.7,1,3252.22,1246327,117100.0,123849.0,3250.0,3266.9,3239.8,3251.5,45520125,3576.6,2926.4,4322.95,2866.6,3264.2,37,3,3264.1,259,6,3264.0,168,4,3263.8,245,7,3263.7,63,5,3264.7,455,3,3264.8,40,1,3264.9,176,2,3265.0,106,3,3265.1,269,2
11536,2025-12-30 13:31:54+05:30,3264.2,13,3252.22,1246327,117100.0,123849.0,3250.0,3266.9,3239.8,3251.5,45520125,3576.6,2926.4,4322.95,2866.6,3264.2,37,3,3264.1,259,6,3264.0,168,4,3263.8,245,7,3263.7,63,5,3264.7,455,3,3264.8,40,1,3264.9,176,2,3265.0,106,3,3265.1,269,2
11536,2025-12-30 13:31:55+05:30,3264.7,1,3252.22,1246352,117232.0,123525.0,3250.0,3266.9,3239.8,3251.5,45520125,3576.6,2926.4,4322.95,2866.6,3264.2,24,3,3264.1,230,5,3264.0,177,3,3263.9,36,2,3263.8,278,8,3264.7,462,4,3264.8,40,1,3264.9,1,1,3265.0,281,4,3265.1,156,1
11536,2025-12-30 13:31:56+05:30,3264.2,1,3252.22,1246352,117232.0,123525.0,3250.0,3266.9,3239.8,3251.5,45520125,3576.6,2926.4,4322.95,2866.6,3264.2,24,3,3264.1,230,5,3264.0,177,3,3263.9,36,2,3263.8,278,8,3264.7,462,4,3264.8,40,1,3264.9,1,1,3265.0,281,4,3265.1,156,1
11536,2025-12-30 13:31:59+05:30,3264.7,47,3252.22,1246352,117232.0,123525.0,3250.0,3266.9,3239.8,3251.5,45520125,3576.6,2926.4,4322.95,2866.6,3264.2,24,3,3264.1,230,5,3264.0,177,3,3263.9,36,2,3263.8,278,8,3264.7,462,4,3264.8,40,1,3264.9,1,1,3265.0,281,4,3265.1,156,1
11536,2025-12-30 13:31:59+05:30,3264.7,47,3252.22,1246438,117482.0,123435.0,3250.0,3266.9,3239.8,3251.5,45520125,3576.6,2926.4,4322.95,2866.6,3264.2,230,6,3264.1,248,6,3264.0,190,4,3263.9,73,3,3263.8,308,9,3264.7,415,4,3264.8,40,1,3264.9,1,1,3265.0,281,4,3265.1,156,1
11536,2025-12-30 13:32:00+05:30,3264.7,3,3252.22,1246438,117482.0,123435.0,3250.0,3266.9,3239.8,3251.5,45520125,3576.6,2926.4,4322.95,2866.6,3264.2,230,6,3264.1,248,6,3264.0,190,4,3263.9,73,3,3263.8,308,9,3264.7,415,4,3264.8,40,1,3264.9,1,1,3265.0,281,4,3265.1,156,1
11536,2025-12-30 13:32:02+05:30,3264.9,5,3252.22,1246438,117482.0,123435.0,3250.0,3266.9,3239.8,3251.5,45520125,3576.6,2926.4,4322.95,2866.6,3264.2,230,6,3264.1,248,6,3264.0,190,4,3263.9,73,3,3263.8,308,9,3264.7,415,4,3264.8,40,1,3264.9,1,1,3265.0,281,4,3265.1,156,1
11536,2025-12-30 13:32:03+05:30,3264.9,2,3252.24,1248058,121288.0,120797.0,3250.0,3266.9,3239.8,3251.5,45520125,3576.6,2926.4,4322.95,2866.6,3264.9,30,4,3264.8,70,4,3264.7,66,5,3264.6,74,5,3264.5,113,4,3265.4,170,1,3265.5,113,1,3265.9,16,1,3266.0,15,2,3266.2,29,2
11536,2025-12-30 13:32:06+05:30,3265.4,1,3252.24,1248058,121288.0,120797.0,3250.0,3266.9,3239.8,3251.5,45520125,3576.6,2926.4,4322.95,2866.6,3264.9,30,4,3264.8,70,4,3264.7,66,5,3264.6,74,5,3264.5,113,4,3265.4,170,1,3265.5,113,1,3265.9,16,1,3266.0,15,2,3266.2,29,2
11536,2025-12-30 13:32:08+05:30,3264.9,118,3252.24,1248198,120492.0,121746.0,3250.0,3266.9,3239.8,3251.5,45520125,3576.6,2926.4,4322.95,2866.6,3264.9,92,4,3264.8,219,3,3264.7,8,1,3264.6,25,2,3264.5,30,1,3265.4,167,1,3265.5,113,1,3265.8,63,2,3265.9,16,1,3266.0,41,3
11536,2025-12-30 13:32:09+05:30,3264.9,118,3252.24,1248198,120492.0,121746.0,3250.0,3266.9,3239.8,3251.5,45520125,3576.6,2926.4,4322.95,2866.6,3264.9,92,4,3264.8,219,3,3264.7,8,1,3264.6,25,2,3264.5,30,1,3265.4,167,1,3265.5,113,1,3265.8,63,2,3265.9,16,1,3266.0,41,3
11536,2025-12-30 13:32:12+05:30,3265.4,1,3252.24,1248198,120492.0,121746.0,3250.0,3266.9,3239.8,3251.5,45520125,3576.6,2926.4,4322.95,2866.6,3264.9,92,4,3264.8,219,3,3264.7,8,1,3264.6,25,2,3264.5,30,1,3265.4,167,1,3265.5,113,1,3265.8,63,2,3265.9,16,1,3266.0,41,3
11536,2025-12-30 13:32:13+05:30,3264.9,1,3252.24,1248611,120459.0,123253.0,3250.0,3266.9,3239.8,3251.5,45520125,3576.6,2926.4,4322.95,2866.6,3264.9,88,3,3264.8,198,2,3264.7,3,1,3264.6,22,1,3264.4,209,8,3265.5,166,1,3265.6,175,1,3265.7,62,2,3265.8,26,1,3265.9,36,1
11536,2025-12-30 13:32:15+05:30,3265.4,1,3252.24,1248611,120459.0,123253.0,3250.0,3266.9,3239.8,3251.5,45520125,3576.6,2926.4,4322.95,2866.6,3264.9,88,3,3264.8,198,2,3264.7,3,1,3264.6,22,1,3264.4,209,8,3265.5,166,1,3265.6,175,1,3265.7,62,2,3265.8,26,1,3265.9,36,1
11536,2025-12-30 13:32:17+05:30,3265.4,1,3252.24,1248780,120666.0,122518.0,3250.0,3266.9,3239.8,3251.5,45520125,3576.6,2926.4,4322.95,2866.6,3264.9,64,3,3264.8,202,3,3264.7,3,1,3264.6,22,1,3264.5,75,4,3265.4,173,1,3265.5,44,2,3265.6,175,1,3265.8,26,1,3265.9,36,1
11536,2025-12-30 13:32:18+05:30,3265.4,3,3252.24,1248780,120666.0,122518.0,3250.0,3266.9,3239.8,3251.5,45520125,3576.6,2926.4,4322.95,2866.6,3264.9,64,3,3264.8,202,3,3264.7,3,1,3264.6,22,1,3264.5,75,4,3265.4,173,1,3265.5,44,2,3265.6,175,1,3265.8,26,1,3265.9,36,1
11536,2025-12-30 13:32:21+05:30,3264.9,1,3252.24,1248784,120023.0,122598.0,3250.0,3266.9,3239.8,3251.5,45520125,3576.6,2926.4,4322.95,2866.6,3264.9,55,3,3264.8,202,3,3264.7,3,1,3264.6,59,3,3264.5,88,4,3265.4,184,2,3265.5,30,1,3265.6,175,1,3266.0,57,2,3266.2,152,7
11536,2025-12-30 13:32:24+05:30,3264.9,1,3252.24,1248784,120023.0,122598.0,3250.0,3266.9,3239.8,3251.5,45520125,3576.6,2926.4,4322.95,2866.6,3264.9,55,3,3264.8,202,3,3264.7,3,1,3264.6,59,3,3264.5,88,4,3265.4,184,2,3265.5,30,1,3265.6,175,1,3266.0,57,2,3266.2,152,7
11536,2025-12-30 13:32:25+05:30,3265.4,1,3252.25,1248792,119987.0,122663.0,3250.0,3266.9,3239.8,3251.5,45520125,3576.6,2926.4,4322.95,2866.6,3264.9,61,4,3264.8,202,3,3264.7,3,1,3264.6,48,2,3264.5,59,2,3265.4,180,2,3265.5,30,1,3265.6,175,1,3265.9,85,3,3266.0,31,1
11536,2025-12-30 13:32:26+05:30,3264.9,20,3252.25,1248792,119987.0,122663.0,3250.0,3266.9,3239.8,3251.5,45520125,3576.6,2926.4,4322.95,2866.6,3264.9,61,4,3264.8,202,3,3264.7,3,1,3264.6,48,2,3264.5,59,2,3265.4,180,2,3265.5,30,1,3265.6,175,1,3265.9,85,3,3266.0,31,1
11536,2025-12-30 13:32:26+05:30,3264.9,20,3252.25,1248792,119987.0,122663.0,3250.0,3266.9,3239.8,3251.5,45520125,3576.6,2926.4,4322.95,2866.6,3264.9,61,4,3264.8,202,3,3264.7,3,1,3264.6,48,2,3264.5,59,2,3265.4,180,2,3265.5,30,1,3265.6,175,1,3265.9,85,3,3266.0,31,1
11536,2025-12-30 13:32:27+05:30,3264.9,20,3252.25,1248792,119987.0,122663.0,3250.0,3266.9,3239.8,3251.5,45520125,3576.6,2926.4,4322.95,2866.6,3264.9,61,4,3264.8,202,3,3264.7,3,1,3264.6,48,2,3264.5,59,2,3265.4,180,2,3265.5,30,1,3265.6,175,1,3265.9,85,3,3266.0,31,1
11536,2025-12-30 13:32:29+05:30,3264.9,20,3252.25,1248792,119987.0,122663.0,3250.0,3266.9,3239.8,3251.5,45520125,3576.6,2926.4,4322.95,2866.6,3264.9,61,4,3264.8,202,3,3264.7,3,1,3264.6,48,2,3264.5,59,2,3265.4,180,2,3265.5,30,1,3265.6,175,1,3265.9,85,3,3266.0,31,1
11536,2025-12-30 13:32:29+05:30,3264.9,3,3252.25,1248816,120014.0,122574.0,3250.0,3266.9,3239.8,3251.5,45520125,3576.6,2926.4,4322.95,2866.6,3264.9,28,4,3264.8,202,3,3264.7,3,1,3264.6,87,4,3264.5,59,2,3265.4,51,3,3265.5,166,1,3265.6,60,2,3265.7,175,1,3265.9,24,1
11536,2025-12-30 13:32:30+05:30,3264.9,3,3252.25,1248816,120014.0,122574.0,3250.0,3266.9,3239.8,3251.5,45520125,3576.6,2926.4,4322.95,2866.6,3264.9,28,4,3264.8,202,3,3264.7,3,1,3264.6,87,4,3264.5,59,2,3265.4,51,3,3265.5,166,1,3265.6,60,2,3265.7,175,1,3265.9,24,1
11536,2025-12-30 13:32:30+05:30,3264.9,3,3252.25,1248816,120014.0,122574.0,3250.0,3266.9,3239.8,3251.5,45520125,3576.6,2926.4,4322.95,2866.6,3264.9,28,4,3264.8,202,3,3264.7,3,1,3264.6,87,4,3264.5,59,2,3265.4,51,3,3265.5,166,1,3265.6,60,2,3265.7,175,1,3265.9,24,1
11536,2025-12-30 13:32:31+05:30,3264.9,3,3252.25,1248816,120014.0,122574.0,3250.0,3266.9,3239.8,3251.5,45520125,3576.6,2926.4,4322.95,2866.6,3264.9,28,4,3264.8,202,3,3264.7,3,1,3264.6,87,4,3264.5,59,2,3265.4,51,3,3265.5,166,1,3265.6,60,2,3265.7,175,1,3265.9,24,1
11536,2025-12-30 13:32:32+05:30,3264.9,3,3252.25,1248816,120014.0,122574.0,3250.0,3266.9,3239.8,3251.5,45520125,3576.6,2926.4,4322.95,2866.6,3264.9,28,4,3264.8,202,3,3264.7,3,1,3264.6,87,4,3264.5,59,2,3265.4,51,3,3265.5,166,1,3265.6,60,2,3265.7,175,1,3265.9,24,1
11536,2025-12-30 13:32:33+05:30,3264.9,3,3252.25,1248816,120014.0,122574.0,3250.0,3266.9,3239.8,3251.5,45520125,3576.6,2926.4,4322.95,2866.6,3264.9,28,4,3264.8,202,3,3264.7,3,1,3264.6,87,4,3264.5,59,2,3265.4,51,3,3265.5,166,1,3265.6,60,2,3265.7,175,1,3265.9,24,1
11536,2025-12-30 13:32:33+05:30,3265.4,3,3252.25,1248816,120014.0,122574.0,3250.0,3266.9,3239.8,3251.5,45520125,3576.6,2926.4,4322.95,2866.6,3264.9,28,4,3264.8,202,3,3264.7,3,1,3264.6,87,4,3264.5,59,2,3265.4,51,3,3265.5,166,1,3265.6,60,2,3265.7,175,1,3265.9,24,1
11536,2025-12-30 13:32:33+05:30,3265.4,3,3252.25,1248816,120014.0,122574.0,3250.0,3266.9,3239.8,3251.5,45520125,3576.6,2926.4,4322.95,2866.6,3264.9,28,4,3264.8,202,3,3264.7,3,1,3264.6,87,4,3264.5,59,2,3265.4,51,3,3265.5,166,1,3265.6,60,2,3265.7,175,1,3265.9,24,1
11536,2025-12-30 13:32:34+05:30,3265.4,1,3252.25,1248825,120032.0,122402.0,3250.0,3266.9,3239.8,3251.5,45520125,3576.6,2926.4,4322.95,2866.6,3264.9,35,4,3264.8,243,5,3264.7,45,4,3264.6,60,4,3264.5,151,6,3265.4,44,3,3265.5,166,1,3265.7,175,1,3266.0,25,1,3266.1,11,1
11536,2025-12-30 13:32:34+05:30,3265.4,1,3252.25,1248825,120032.0,122402.0,3250.0,3266.9,3239.8,3251.5,45520125,3576.6,2926.4,4322.95,2866.6,3264.9,35,4,3264.8,243,5,3264.7,45,4,3264.6,60,4,3264.5,151,6,3265.4,44,3,3265.5,166,1,3265.7,175,1,3266.0,25,1,3266.1,11,1
11536,2025-12-30 13:32:35+05:30,3265.4,1,3252.25,1248825,120032.0,122402.0,3250.0,3266.9,3239.8,3251.5,45520125,3576.6,2926.4,4322.95,2866.6,3264.9,35,4,3264.8,243,5,3264.7,45,4,3264.6,60,4,3264.5,151,6,3265.4,44,3,3265.5,166,1,3265.7,175,1,3266.0,25,1,3266.1,11,1
11536,2025-12-30 13:32:36+05:30,3265.4,1,3252.25,1248825,120032.0,122402.0,3250.0,3266.9,3239.8,3251.5,45520125,3576.6,2926.4,4322.95,2866.6,3264.9,35,4,3264.8,243,5,3264.7,45,4,3264.6,60,4,3264.5,151,6,3265.4,44,3,3265.5,166,1,3265.7,175,1,3266.0,25,1,3266.1,11,1
11536,2025-12-30 13:32:36+05:30,3264.9,3,3252.25,1248825,120032.0,122402.0,3250.0,3266.9,3239.8,3251.5,45520125,3576.6,2926.4,4322.95,2866.6,3264.9,35,4,3264.8,243,5,3264.7,45,4,3264.6,60,4,3264.5,151,6,3265.4,44,3,3265.5,166,1,3265.7,175,1,3266.0,25,1,3266.1,11,1
11536,2025-12-30 13:32:37+05:30,3264.9,3,3252.25,1248825,120032.0,122402.0,3250.0,3266.9,3239.8,3251.5,45520125,3576.6,2926.4,4322.95,2866.6,3264.9,35,4,3264.8,243,5,3264.7,45,4,3264.6,60,4,3264.5,151,6,3265.4,44,3,3265.5,166,1,3265.7,175,1,3266.0,25,1,3266.1,11,1
11536,2025-12-30 13:32:38+05:30,3265.4,4,3252.25,1248846,120145.0,122454.0,3250.0,3266.9,3239.8,3251.5,45520125,3576.6,2926.4,4322.95,2866.6,3264.9,17,4,3264.8,202,3,3264.7,8,2,3264.6,80,5,3264.5,45,3,3265.4,209,4,3265.6,199,2,3265.8,34,1,3265.9,18,2,3266.1,34,2
11536,2025-12-30 13:32:38+05:30,3265.4,4,3252.25,1248846,120145.0,122454.0,3250.0,3266.9,3239.8,3251.5,45520125,3576.6,2926.4,4322.95,2866.6,3264.9,17,4,3264.8,202,3,3264.7,8,2,3264.6,80,5,3264.5,45,3,3265.4,209,4,3265.6,199,2,3265.8,34,1,3265.9,18,2,3266.1,34,2
11536,2025-12-30 13:32:39+05:30,3265.4,4,3252.25,1248846,120145.0,122454.0,3250.0,3266.9,3239.8,3251.5,45520125,3576.6,2926.4,4322.95,2866.6,3264.9,17,4,3264.8,202,3,3264.7,8,2,3264.6,80,5,3264.5,45,3,3265.4,209,4,3265.6,199,2,3265.8,34,1,3265.9,18,2,3266.1,34,2
11536,2025-12-30 13:32:40+05:30,3265.4,4,3252.25,1248846,120145.0,122454.0,3250.0,3266.9,3239.8,3251.5,45520125,3576.6,2926.4,4322.95,2866.6,3264.9,17,4,3264.8,202,3,3264.7,8,2,3264.6,80,5,3264.5,45,3,3265.4,209,4,3265.6,199,2,3265.8,34,1,3265.9,18,2,3266.1,34,2
11536,2025-12-30 13:32:42+05:30,3265.4,4,3252.25,1248846,120145.0,122454.0,3250.0,3266.9,3239.8,3251.5,45520125,3576.6,2926.4,4322.95,2866.6,3264.9,17,4,3264.8,202,3,3264.7,8,2,3264.6,80,5,3264.5,45,3,3265.4,209,4,3265.6,199,2,3265.8,34,1,3265.9,18,2,3266.1,34,2
11536,2025-12-30 13:32:42+05:30,3264.9,1,3252.25,1248846,120145.0,122454.0,3250.0,3266.9,3239.8,3251.5,45520125,3576.6,2926.4,4322.95,2866.6,3264.9,17,4,3264.8,202,3,3264.7,8,2,3264.6,80,5,3264.5,45,3,3265.4,209,4,3265.6,199,2,3265.8,34,1,3265.9,18,2,3266.1,34,2
11536,2025-12-30 13:32:42+05:30,3265.4,4,3252.25,1248855,120280.0,122437.0,3250.0,3266.9,3239.8,3251.5,45520125,3576.6,2926.4,4322.95,2866.6,3264.9,26,4,3264.8,202,3,3264.7,23,3,3264.6,54,3,3264.5,45,3,3265.4,201,3,3265.6,175,1,3265.8,34,1,3265.9,18,2,3266.0,23,1
11536,2025-12-30 13:32:43+05:30,3265.4,4,3252.25,1248855,120280.0,122437.0,3250.0,3266.9,3239.8,3251.5,45520125,3576.6,2926.4,4322.95,2866.6,3264.9,26,4,3264.8,202,3,3264.7,23,3,3264.6,54,3,3264.5,45,3,3265.4,201,3,3265.6,175,1,3265.8,34,1,3265.9,18,2,3266.0,23,1
11536,2025-12-30 13:32:45+05:30,3265.4,4,3252.25,1248855,120280.0,122437.0,3250.0,3266.9,3239.8,3251.5,45732575,3576.6,2926.4,4322.95,2866.6,3264.9,26,4,3264.8,202,3,3264.7,23,3,3264.6,54,3,3264.5,45,3,3265.4,201,3,3265.6,175,1,3265.8,34,1,3265.9,18,2,3266.0,23,1
11536,2025-12-30 13:32:45+05:30,3265.4,1,3252.25,1248855,120280.0,122437.0,3250.0,3266.9,3239.8,3251.5,45732575,3576.6,2926.4,4322.95,2866.6,3264.9,26,4,3264.8,202,3,3264.7,23,3,3264.6,54,3,3264.5,45,3,3265.4,201,3,3265.6,175,1,3265.8,34,1,3265.9,18,2,3266.0,23,1
11536,2025-12-30 13:32:46+05:30,3265.4,1,3252.25,1248861,120204.0,122476.0,3250.0,3266.9,3239.8,3251.5,45732575,3576.6,2926.4,4322.95,2866.6,3264.9,13,3,3264.8,202,3,3264.7,8,2,3264.6,80,5,3264.5,61,4,3265.4,197,3,3265.6,175,1,3265.7,23,1,3265.8,34,1,3265.9,18,2
11536,2025-12-30 13:32:47+05:30,3265.4,1,3252.25,1248861,120204.0,122476.0,3250.0,3266.9,3239.8,3251.5,45732575,3576.6,2926.4,4322.95,2866.6,3264.9,13,3,3264.8,202,3,3264.7,8,2,3264.6,80,5,3264.5,61,4,3265.4,197,3,3265.6,175,1,3265.7,23,1,3265.8,34,1,3265.9,18,2
11536,2025-12-30 13:32:48+05:30,3264.9,1,3252.25,1248861,120204.0,122476.0,3250.0,3266.9,3239.8,3251.5,45732575,3576.6,2926.4,4322.95,2866.6,3264.9,13,3,3264.8,202,3,3264.7,8,2,3264.6,80,5,3264.5,61,4,3265.4,197,3,3265.6,175,1,3265.7,23,1,3265.8,34,1,3265.9,18,2
11536,2025-12-30 13:32:50+05:30,3264.9,1,3252.25,1248861,120204.0,122476.0,3250.0,3266.9,3239.8,3251.5,45732575,3576.6,2926.4,4322.95,2866.6,3264.9,13,3,3264.8,202,3,3264.7,8,2,3264.6,80,5,3264.5,61,4,3265.4,197,3,3265.6,175,1,3265.7,23,1,3265.8,34,1,3265.9,18,2
11536,2025-12-30 13:32:50+05:30,3264.9,1,3252.25,1248863,120278.0,122481.0,3250.0,3266.9,3239.8,3251.5,45732575,3576.6,2926.4,4322.95,2866.6,3264.9,23,5,3264.8,219,4,3264.7,8,2,3264.6,70,4,3264.5,68,4,3265.4,197,3,3265.6,175,1,3265.7,23,1,3265.8,34,1,3265.9,18,2
11536,2025-12-30 13:32:54+05:30,3265.4,3,3252.25,1248863,120278.0,122481.0,3250.0,3266.9,3239.8,3251.5,45732575,3576.6,2926.4,4322.95,2866.6,3264.9,23,5,3264.8,219,4,3264.7,8,2,3264.6,70,4,3264.5,68,4,3265.4,197,3,3265.6,175,1,3265.7,23,1,3265.8,34,1,3265.9,18,2
11536,2025-12-30 13:32:54+05:30,3265.4,3,3252.25,1248869,120120.0,122391.0,3250.0,3266.9,3239.8,3251.5,45732575,3576.6,2926.4,4322.95,2866.6,3264.9,38,5,3264.8,224,4,3264.7,8,2,3264.6,59,4,3264.5,67,4,3265.3,166,1,3265.4,25,2,3265.5,175,1,3265.8,2,1,3265.9,48,3
11536,2025-12-30 13:32:57+05:30,3265.4,165,3252.25,1248869,120120.0,122391.0,3250.0,3266.9,3239.8,3251.5,45732575,3576.6,2926.4,4322.95,2866.6,3264.9,38,5,3264.8,224,4,3264.7,8,2,3264.6,59,4,3264.5,67,4,3265.3,166,1,3265.4,25,2,3265.5,175,1,3265.8,2,1,3265.9,48,3
11536,2025-12-30 13:32:58+05:30,3265.4,2,3252.25,1249071,121653.0,122603.0,3250.0,3266.9,3239.8,3251.5,45732575,3576.6,2926.4,4322.95,2866.6,3265.4,1,1,3265.0,10,1,3264.9,207,4,3264.8,439,7,3264.7,76,4,3265.6,175,1,3265.7,175,1,3265.9,18,2,3266.1,33,2,3266.2,34,2
11536,2025-12-30 13:33:00+05:30,3265.4,1,3252.25,1249071,121653.0,122603.0,3250.0,3266.9,3239.8,3251.5,45732575,3576.6,2926.4,4322.95,2866.6,3265.4,1,1,3265.0,10,1,3264.9,207,4,3264.8,439,7,3264.7,76,4,3265.6,175,1,3265.7,175,1,3265.9,18,2,3266.1,33,2,3266.2,34,2
11536,2025-12-30 13:33:03+05:30,3265.6,1,3252.25,1249482,121126.0,122811.0,3250.0,3266.9,3239.8,3251.5,45732575,3576.6,2926.4,4322.95,2866.6,3265.4,13,2,3265.0,10,1,3264.9,207,4,3264.8,29,3,3264.7,30,3,3265.6,173,1,3265.7,333,2,3265.9,1,1,3266.0,22,1,3266.1,83,4
11536,2025-12-30 13:33:03+05:30,3265.6,1,3252.25,1249482,121126.0,122811.0,3250.0,3266.9,3239.8,3251.5,45732575,3576.6,2926.4,4322.95,2866.6,3265.4,13,2,3265.0,10,1,3264.9,207,4,3264.8,29,3,3264.7,30,3,3265.6,173,1,3265.7,333,2,3265.9,1,1,3266.0,22,1,3266.1,83,4
11536,2025-12-30 13:33:06+05:30,3265.6,2,3252.25,1249482,121126.0,122811.0,3250.0,3266.9,3239.8,3251.5,45732575,3576.6,2926.4,4322.95,2866.6,3265.4,13,2,3265.0,10,1,3264.9,207,4,3264.8,29,3,3264.7,30,3,3265.6,173,1,3265.7,333,2,3265.9,1,1,3266.0,22,1,3266.1,83,4
11536,2025-12-30 13:33:07+05:30,3265.5,4,3252.25,1249500,121278.0,122873.0,3250.0,3266.9,3239.8,3251.5,45732575,3576.6,2926.4,4322.95,2866.6,3265.4,12,2,3265.0,206,2,3264.9,207,4,3264.8,29,3,3264.7,8,2,3265.5,156,1,3265.6,60,1,3265.7,333,2,3265.9,1,1,3266.0,57,3
11536,2025-12-30 13:33:09+05:30,3265.0,91,3252.25,1249500,121278.0,122873.0,3250.0,3266.9,3239.8,3251.5,45732575,3576.6,2926.4,4322.95,2866.6,3265.4,12,2,3265.0,206,2,3264.9,207,4,3264.8,29,3,3264.7,8,2,3265.5,156,1,3265.6,60,1,3265.7,333,2,3265.9,1,1,3266.0,57,3
11536,2025-12-30 13:33:12+05:30,3265.4,2,3252.26,1250032,120616.0,124185.0,3250.0,3266.9,3239.8,3251.5,45732575,3576.6,2926.4,4322.95,2866.6,3265.0,115,2,3264.9,196,3,3264.8,8,2,3264.7,8,2,3264.6,232,6,3265.4,30,1,3265.5,186,2,3265.6,60,1,3265.7,334,3,3265.8,126,5
11536,2025-12-30 13:33:12+05:30,3265.4,2,3252.26,1250032,120616.0,124185.0,3250.0,3266.9,3239.8,3251.5,45732575,3576.6,2926.4,4322.95,2866.6,3265.0,115,2,3264.9,196,3,3264.8,8,2,3264.7,8,2,3264.6,232,6,3265.4,30,1,3265.5,186,2,3265.6,60,1,3265.7,334,3,3265.8,126,5
11536,2025-12-30 13:33:15+05:30,3265.4,1,3252.26,1250032,120616.0,124185.0,3250.0,3266.9,3239.8,3251.5,45732575,3576.6,2926.4,4322.95,2866.6,3265.0,115,2,3264.9,196,3,3264.8,8,2,3264.7,8,2,3264.6,232,6,3265.4,30,1,3265.5,186,2,3265.6,60,1,3265.7,334,3,3265.8,126,5
11536,2025-12-30 13:33:16+05:30,3265.4,1,3252.26,1250038,120603.0,124155.0,3250.0,3266.9,3239.8,3251.5,45732575,3576.6,2926.4,4322.95,2866.6,3265.0,113,2,3264.9,196,3,3264.8,8,2,3264.7,8,2,3264.6,229,5,3265.4,26,1,3265.5,186,2,3265.6,60,1,3265.7,334,3,3265.8,94,4
11536,2025-12-30 13:33:18+05:30,3265.4,3,3252.26,1250038,120603.0,124155.0,3250.0,3266.9,3239.8,3251.5,45732575,3576.6,2926.4,4322.95,2866.6,3265.0,113,2,3264.9,196,3,3264.8,8,2,3264.7,8,2,3264.6,229,5,3265.4,26,1,3265.5,186,2,3265.6,60,1,3265.7,334,3,3265.8,94,4
11536,2025-12-30 13:33:20+05:30,3265.4,1,3252.26,1250068,120397.0,124130.0,3250.0,3266.9,3239.8,3251.5,45732575,3576.6,2926.4,4322.95,2866.6,3265.0,114,3,3264.9,196,3,3264.8,8,2,3264.7,8,2,3264.6,46,4,3265.4,7,1,3265.5,186,2,3265.6,60,1,3265.7,355,4,3265.8,51,2
11536,2025-12-30 13:33:21+05:30,3265.4,1,3252.26,1250068,120397.0,124130.0,3250.0,3266.9,3239.8,3251.5,45732575,3576.6,2926.4,4322.95,2866.6,3265.0,114,3,3264.9,196,3,3264.8,8,2,3264.7,8,2,3264.6,46,4,3265.4,7,1,3265.5,186,2,3265.6,60,1,3265.7,355,4,3265.8,51,2
11536,2025-12-30 13:33:24+05:30,3265.0,1,3252.26,1250068,120397.0,124130.0,3250.0,3266.9,3239.8,3251.5,45732575,3576.6,2926.4,4322.95,2866.6,3265.0,114,3,3264.9,196,3,3264.8,8,2,3264.7,8,2,3264.6,46,4,3265.4,7,1,3265.5,186,2,3265.6,60,1,3265.7,355,4,3265.8,51,2
11536,2025-12-30 13:33:24+05:30,3265.0,1,3252.26,1250069,120442.0,124212.0,3250.0,3266.9,3239.8,3251.5,45732575,3576.6,2926.4,4322.95,2866.6,3265.0,113,3,3264.9,196,3,3264.8,10,3,3264.7,8,2,3264.6,63,5,3265.4,58,4,3265.5,156,1,3265.6,60,1,3265.7,355,4,3265.8,51,2
11536,2025-12-30 13:33:27+05:30,3265.4,1,3252.26,1250069,120442.0,124212.0,3250.0,3266.9,3239.8,3251.5,45732575,3576.6,2926.4,4322.95,2866.6,3265.0,113,3,3264.9,196,3,3264.8,10,3,3264.7,8,2,3264.6,63,5,3265.4,58,4,3265.5,156,1,3265.6,60,1,3265.7,355,4,3265.8,51,2
11536,2025-12-30 13:33:28+05:30,3265.0,3,3252.26,1250076,120743.0,124054.0,3250.0,3266.9,3239.8,3251.5,45732575,3576.6,2926.4,4322.95,2866.6,3265.0,110,3,3264.9,196,3,3264.8,10,3,3264.7,35,4,3264.6,83,6,3265.4,54,4,3265.5,156,1,3265.6,60,1,3265.7,334,3,3265.8,25,1
11536,2025-12-30 13:33:30+05:30,3265.4,1,3252.26,1250076,120743.0,124054.0,3250.0,3266.9,3239.8,3251.5,45732575,3576.6,2926.4,4322.95,2866.6,3265.0,110,3,3264.9,196,3,3264.8,10,3,3264.7,35,4,3264.6,83,6,3265.4,54,4,3265.5,156,1,3265.6,60,1,3265.7,334,3,3265.8,25,1
11536,2025-12-30 13:33:32+05:30,3265.5,118,3252.26,1250249,121494.0,123502.0,3250.0,3266.9,3239.8,3251.5,45732575,3576.6,2926.4,4322.95,2866.6,3265.4,1,1,3265.0,109,3,3264.9,215,4,3264.8,61,5,3264.7,18,3,3265.5,38,1,3265.6,60,1,3265.7,334,3,3265.9,1,1,3266.0,5,2
11536,2025-12-30 13:33:32+05:30,3265.5,118,3252.26,1250249,121494.0,123502.0,3250.0,3266.9,3239.8,3251.5,45732575,3576.6,2926.4,4322.95,2866.6,3265.4,1,1,3265.0,109,3,3264.9,215,4,3264.8,61,5,3264.7,18,3,3265.5,38,1,3265.6,60,1,3265.7,334,3,3265.9,1,1,3266.0,5,2
11536,2025-12-30 13:33:34+05:30,3265.4,8,3252.26,1250249,121494.0,123502.0,3250.0,3266.9,3239.8,3251.5,45732575,3576.6,2926.4,4322.95,2866.6,3265.4,1,1,3265.0,109,3,3264.9,215,4,3264.8,61,5,3264.7,18,3,3265.5,38,1,3265.6,60,1,3265.7,334,3,3265.9,1,1,3266.0,5,2
11536,2025-12-30 13:33:36+05:30,3265.0,3,3252.26,1250249,121494.0,123502.0,3250.0,3266.9,3239.8,3251.5,45732575,3576.6,2926.4,4322.95,2866.6,3265.4,1,1,3265.0,109,3,3264.9,215,4,3264.8,61,5,3264.7,18,3,3265.5,38,1,3265.6,60,1,3265.7,334,3,3265.9,1,1,3266.0,5,2
11536,2025-12-30 13:33:36+05:30,3265.0,3,3252.26,1250437,121014.0,123640.0,3250.0,3266.9,3239.8,3251.5,45732575,3576.6,2926.4,4322.95,2866.6,3265.0,160,4,3264.9,218,4,3264.8,53,5,3264.7,54,4,3264.6,326,10,3265.4,36,1,3265.5,333,2,3265.6,60,1,3265.7,1,1,3265.9,21,2
11536,2025-12-30 13:33:41+05:30,3265.4,1,3252.26,1250439,120794.0,123368.0,3250.0,3266.9,3239.8,3251.5,45732575,3576.6,2926.4,4322.95,2866.6,3265.0,157,5,3264.9,196,3,3264.8,63,6,3264.7,35,3,3264.6,110,7,3265.4,35,1,3265.5,333,2,3265.6,60,1,3265.7,1,1,3265.9,21,2
11536,2025-12-30 13:33:43+05:30,3265.0,1,3252.26,1250439,120794.0,123368.0,3250.0,3266.9,3239.8,3251.5,45732575,3576.6,2926.4,4322.95,2866.6,3265.0,157,5,3264.9,196,3,3264.8,63,6,3264.7,35,3,3264.6,110,7,3265.4,35,1,3265.5,333,2,3265.6,60,1,3265.7,1,1,3265.9,21,2
11536,2025-12-30 13:33:45+05:30,3265.0,1,3252.26,1250573,120948.0,123037.0,3250.0,3266.9,3239.8,3251.5,45732575,3576.6,2926.4,4322.95,2866.6,3265.4,1,1,3265.0,115,3,3264.9,206,4,3264.8,30,4,3264.7,8,2,3265.6,137,1,3265.7,1,1,3265.8,353,3,3265.9,74,4,3266.0,52,4
11536,2025-12-30 13:33:46+05:30,3265.6,1,3252.26,1250573,120948.0,123037.0,3250.0,3266.9,3239.8,3251.5,45732575,3576.6,2926.4,4322.95,2866.6,3265.4,1,1,3265.0,115,3,3264.9,206,4,3264.8,30,4,3264.7,8,2,3265.6,137,1,3265.7,1,1,3265.8,353,3,3265.9,74,4,3266.0,52,4
11536,2025-12-30 13:33:49+05:30,3265.4,3,3252.26,1250573,120948.0,123037.0,3250.0,3266.9,3239.8,3251.5,45732575,3576.6,2926.4,4322.95,2866.6,3265.4,1,1,3265.0,115,3,3264.9,206,4,3264.8,30,4,3264.7,8,2,3265.6,137,1,3265.7,1,1,3265.8,353,3,3265.9,74,4,3266.0,52,4
11536,2025-12-30 13:33:49+05:30,3265.4,3,3252.27,1251053,120170.0,123588.0,3250.0,3266.9,3239.8,3251.5,45732575,3576.6,2926.4,4322.95,2866.6,3265.0,16,2,3264.9,206,4,3264.8,10,3,3264.7,8,2,3264.6,43,3,3265.4,157,2,3265.5,36,1,3265.6,99,5,3265.7,360,5,3265.8,77,3
11536,2025-12-30 13:33:52+05:30,3265.4,1,3252.27,1251053,120170.0,123588.0,3250.0,3266.9,3239.8,3251.5,45732575,3576.6,2926.4,4322.95,2866.6,3265.0,16,2,3264.9,206,4,3264.8,10,3,3264.7,8,2,3264.6,43,3,3265.4,157,2,3265.5,36,1,3265.6,99,5,3265.7,360,5,3265.8,77,3
11536,2025-12-30 13:33:53+05:30,3265.4,1,3252.27,1251058,120316.0,123319.0,3250.0,3266.9,3239.8,3251.5,45732575,3576.6,2926.4,4322.95,2866.6,3265.0,15,2,3264.9,206,4,3264.8,10,3,3264.7,8,2,3264.6,73,4,3265.4,178,3,3265.6,114,6,3265.7,2,2,3265.8,388,5,3265.9,56,3
11536,2025-12-30 13:33:55+05:30,3265.4,1,3252.27,1251058,120316.0,123319.0,3250.0,3266.9,3239.8,3251.5,45732575,3576.6,2926.4,4322.95,2866.6,3265.0,15,2,3264.9,206,4,3264.8,10,3,3264.7,8,2,3264.6,73,4,3265.4,178,3,3265.6,114,6,3265.7,2,2,3265.8,388,5,3265.9,56,3
11536,2025-12-30 13:33:58+05:30,3265.0,2,3252.31,1254501,118243.0,121843.0,3250.0,3267.5,3239.8,3251.5,45732575,3576.6,2926.4,4322.95,2866.6,3265.0,1,1,3264.9,206,4,3264.8,51,6,3264.7,94,4,3264.6,229,5,3265.8,123,1,3265.9,350,2,3266.0,30,1,3266.2,61,2,3266.3,50,2
11536,2025-12-30 13:33:58+05:30,3265.0,2,3252.31,1254501,118243.0,121843.0,3250.0,3267.5,3239.8,3251.5,45732575,3576.6,2926.4,4322.95,2866.6,3265.0,1,1,3264.9,206,4,3264.8,51,6,3264.7,94,4,3264.6,229,5,3265.8,123,1,3265.9,350,2,3266.0,30,1,3266.2,61,2,3266.3,50,2
11536,2025-12-30 13:34:01+05:30,3265.8,1,3252.31,1254501,118243.0,121843.0,3250.0,3267.5,3239.8,3251.5,45732575,3576.6,2926.4,4322.95,2866.6,3265.0,1,1,3264.9,206,4,3264.8,51,6,3264.7,94,4,3264.6,229,5,3265.8,123,1,3265.9,350,2,3266.0,30,1,3266.2,61,2,3266.3,50,2
11536,2025-12-30 13:34:02+05:30,3265.8,1,3252.31,1254504,118471.0,121801.0,3250.0,3267.5,3239.8,3251.5,45732575,3576.6,2926.4,4322.95,2866.6,3265.0,5,2,3264.9,206,4,3264.8,220,7,3264.7,117,5,3264.6,275,6,3265.8,120,1,3265.9,350,2,3266.0,3,1,3266.2,60,2,3266.3,43,1
11536,2025-12-30 13:34:04+05:30,3265.0,1,3252.31,1254504,118471.0,121801.0,3250.0,3267.5,3239.8,3251.5,45732575,3576.6,2926.4,4322.95,2866.6,3265.0,5,2,3264.9,206,4,3264.8,220,7,3264.7,117,5,3264.6,275,6,3265.8,120,1,3265.9,350,2,3266.0,3,1,3266.2,60,2,3266.3,43,1
11536,2025-12-30 13:34:06+05:30,3265.0,1,3252.31,1254512,118100.0,122415.0,3250.0,3267.5,3239.8,3251.5,45732575,3576.6,2926.4,4322.95,2866.6,3265.0,12,1,3264.9,206,4,3264.8,13,4,3264.7,117,5,3264.6,43,3,3265.4,1,1,3265.7,119,1,3265.9,350,2,3266.0,3,1,3266.1,83,3
11536,2025-12-30 13:34:07+05:30,3265.0,1,3252.31,1254512,118100.0,122415.0,3250.0,3267.5,3239.8,3251.5,45732575,3576.6,2926.4,4322.95,2866.6,3265.0,12,1,3264.9,206,4,3264.8,13,4,3264.7,117,5,3264.6,43,3,3265.4,1,1,3265.7,119,1,3265.9,350,2,3266.0,3,1,3266.1,83,3
11536,2025-12-30 13:34:10+05:30,3264.9,6,3252.31,1254512,118100.0,122415.0,3250.0,3267.5,3239.8,3251.5,45732575,3576.6,2926.4,4322.95,2866.6,3265.0,12,1,3264.9,206,4,3264.8,13,4,3264.7,117,5,3264.6,43,3,3265.4,1,1,3265.7,119,1,3265.9,350,2,3266.0,3,1,3266.1,83,3
11536,2025-12-30 13:34:11+05:30,3264.9,6,3252.31,1254863,117594.0,124604.0,3250.0,3267.5,3239.8,3251.5,45732575,3576.6,2926.4,4322.95,2866.6,3264.9,17,3,3264.8,10,3,3264.7,8,2,3264.6,22,2,3264.5,5,1,3265.2,119,1,3265.3,52,2,3265.4,356,4,3265.5,41,2,3265.6,68,3
11536,2025-12-30 13:34:12+05:30,3265.2,2,3252.31,1254863,117594.0,124604.0,3250.0,3267.5,3239.8,3251.5,45732575,3576.6,2926.4,4322.95,2866.6,3264.9,17,3,3264.8,10,3,3264.7,8,2,3264.6,22,2,3264.5,5,1,3265.2,119,1,3265.3,52,2,3265.4,356,4,3265.5,41,2,3265.6,68,3
11536,2025-12-30 13:34:15+05:30,3265.2,20,3252.31,1254897,117653.0,124728.0,3250.0,3267.5,3239.8,3251.5,45732575,3576.6,2926.4,4322.95,2866.6,3264.9,11,3,3264.8,10,3,3264.7,8,2,3264.6,22,2,3264.5,5,1,3265.2,123,2,3265.4,386,5,3265.5,22,1,3265.6,37,2,3265.7,35,2
11536,2025-12-30 13:34:16+05:30,3265.3,1,3252.31,1254897,117653.0,124728.0,3250.0,3267.5,3239.8,3251.5,45732575,3576.6,2926.4,4322.95,2866.6,3264.9,11,3,3264.8,10,3,3264.7,8,2,3264.6,22,2,3264.5,5,1,3265.2,123,2,3265.4,386,5,3265.5,22,1,3265.6,37,2,3265.7,35,2
11536,2025-12-30 13:34:19+05:30,3265.0,1,3252.31,1254897,117653.0,124728.0,3250.0,3267.5,3239.8,3251.5,45732575,3576.6,2926.4,4322.95,2866.6,3264.9,11,3,3264.8,10,3,3264.7,8,2,3264.6,22,2,3264.5,5,1,3265.2,123,2,3265.4,386,5,3265.5,22,1,3265.6,37,2,3265.7,35,2
11536,2025-12-30 13:34:19+05:30,3265.0,1,3252.31,1255128,117982.0,123635.0,3250.0,3267.5,3239.8,3251.5,45732575,3576.6,2926.4,4322.95,2866.6,3264.9,10,3,3264.8,10,3,3264.7,8,2,3264.6,22,2,3264.5,5,1,3265.0,28,1,3265.2,185,2,3265.4,255,3,3265.6,5,1,3265.7,4,1
11536,2025-12-30 13:34:22+05:30,3264.9,1,3252.31,1255128,117982.0,123635.0,3250.0,3267.5,3239.8,3251.5,45732575,3576.6,2926.4,4322.95,2866.6,3264.9,10,3,3264.8,10,3,3264.7,8,2,3264.6,22,2,3264.5,5,1,3265.0,28,1,3265.2,185,2,3265.4,255,3,3265.6,5,1,3265.7,4,1
11536,2025-12-30 13:34:23+05:30,3265.0,1,3252.31,1255130,117840.0,123658.0,3250.0,3267.5,3239.8,3251.5,45732575,3576.6,2926.4,4322.95,2866.6,3264.9,9,3,3264.8,10,3,3264.7,8,2,3264.6,22,2,3264.5,5,1,3265.0,43,3,3265.2,198,2,3265.4,250,2,3265.6,5,1,3265.7,4,1
11536,2025-12-30 13:34:25+05:30,3264.9,1,3252.31,1255130,117840.0,123658.0,3250.0,3267.5,3239.8,3251.5,45732575,3576.6,2926.4,4322.95,2866.6,3264.9,9,3,3264.8,10,3,3264.7,8,2,3264.6,22,2,3264.5,5,1,3265.0,43,3,3265.2,198,2,3265.4,250,2,3265.6,5,1,3265.7,4,1
11536,2025-12-30 13:34:28+05:30,3264.9,3,3252.31,1255173,117885.0,123945.0,3250.0,3267.5,3239.8,3251.5,45732575,3576.6,2926.4,4322.95,2866.6,3264.9,11,2,3264.8,29,4,3264.7,8,2,3264.6,43,4,3264.5,45,3,3265.0,14,2,3265.2,198,2,3265.4,250,2,3265.6,5,1,3265.7,4,1
11536,2025-12-30 13:34:28+05:30,3264.9,3,3252.31,1255173,117885.0,123945.0,3250.0,3267.5,3239.8,3251.5,45732575,3576.6,2926.4,4322.95,2866.6,3264.9,11,2,3264.8,29,4,3264.7,8,2,3264.6,43,4,3264.5,45,3,3265.0,14,2,3265.2,198,2,3265.4,250,2,3265.6,5,1,3265.7,4,1
11536,2025-12-30 13:34:31+05:30,3264.9,1,3252.31,1255173,117885.0,123945.0,3250.0,3267.5,3239.8,3251.5,45732575,3576.6,2926.4,4322.95,2866.6,3264.9,11,2,3264.8,29,4,3264.7,8,2,3264.6,43,4,3264.5,45,3,3265.0,14,2,3265.2,198,2,3265.4,250,2,3265.6,5,1,3265.7,4,1
11536,2025-12-30 13:34:33+05:30,3265.2,36,3252.32,1255269,118219.0,122951.0,3250.0,3267.5,3239.8,3251.5,45732575,3576.6,2926.4,4322.95,2866.6,3264.9,10,2,3264.8,10,3,3264.7,8,2,3264.6,22,2,3264.5,61,4,3265.2,162,2,3265.4,250,2,3265.8,3,1,3265.9,23,2,3266.0,74,4
11536,2025-12-30 13:34:34+05:30,3265.2,36,3252.32,1255269,118219.0,122951.0,3250.0,3267.5,3239.8,3251.5,45732575,3576.6,2926.4,4322.95,2866.6,3264.9,10,2,3264.8,10,3,3264.7,8,2,3264.6,22,2,3264.5,61,4,3265.2,162,2,3265.4,250,2,3265.8,3,1,3265.9,23,2,3266.0,74,4
11536,2025-12-30 13:34:37+05:30,3264.9,1,3252.32,1255269,118219.0,122951.0,3250.0,3267.5,3239.8,3251.5,45732575,3576.6,2926.4,4322.95,2866.6,3264.9,10,2,3264.8,10,3,3264.7,8,2,3264.6,22,2,3264.5,61,4,3265.2,162,2,3265.4,250,2,3265.8,3,1,3265.9,23,2,3266.0,74,4
11536,2025-12-30 13:34:38+05:30,3264.9,1,3252.32,1255342,118454.0,124065.0,3250.0,3267.5,3239.8,3251.5,45732575,3576.6,2926.4,4322.95,2866.6,3264.9,11,4,3264.8,29,4,3264.7,8,2,3264.6,61,4,3264.5,60,3,3265.2,93,2,3265.4,250,2,3265.9,23,2,3266.0,42,3,3266.1,2,1
11536,2025-12-30 13:34:40+05:30,3264.9,1,3252.32,1255342,118454.0,124065.0,3250.0,3267.5,3239.8,3251.5,45732575,3576.6,2926.4,4322.95,2866.6,3264.9,11,4,3264.8,29,4,3264.7,8,2,3264.6,61,4,3264.5,60,3,3265.2,93,2,3265.4,250,2,3265.9,23,2,3266.0,42,3,3266.1,2,1
11536,2025-12-30 13:34:42+05:30,3264.9,1,3252.32,1255342,118454.0,124065.0,3250.0,3267.5,3239.8,3251.5,45732575,3576.6,2926.4,4322.95,2866.6,3264.9,11,4,3264.8,29,4,3264.7,8,2,3264.6,61,4,3264.5,60,3,3265.2,93,2,3265.4,250,2,3265.9,23,2,3266.0,42,3,3266.1,2,1
11536,2025-12-30 13:34:42+05:30,3264.9,1,3252.32,1255348,118459.0,124087.0,3250.0,3267.5,3239.8,3251.5,45732575,3576.6,2926.4,4322.95,2866.6,3264.9,17,5,3264.8,10,3,3264.7,37,4,3264.6,82,5,3264.5,75,3,3265.2,20,1,3265.8,69,1,3265.9,1,1,3266.0,263,4,3266.1,2,1
11536,2025-12-30 13:34:46+05:30,3265.2,1,3252.32,1255348,118459.0,124087.0,3250.0,3267.5,3239.8,3251.5,45732575,3576.6,2926.4,4322.95,2866.6,3264.9,17,5,3264.8,10,3,3264.7,37,4,3264.6,82,5,3264.5,75,3,3265.2,20,1,3265.8,69,1,3265.9,1,1,3266.0,263,4,3266.1,2,1
11536,2025-12-30 13:34:46+05:30,3265.2,1,3252.32,1255355,118576.0,124215.0,3250.0,3267.5,3239.8,3251.5,45732575,3576.6,2926.4,4322.95,2866.6,3264.9,32,4,3264.8,50,5,3264.7,45,4,3264.6,59,4,3264.5,90,4,3265.2,28,2,3265.8,69,1,3265.9,1,1,3266.0,263,4,3266.1,2,1
11536,2025-12-30 13:34:49+05:30,3264.9,1,3252.32,1255355,118576.0,124215.0,3250.0,3267.5,3239.8,3251.5,45732575,3576.6,2926.4,4322.95,2866.6,3264.9,32,4,3264.8,50,5,3264.7,45,4,3264.6,59,4,3264.5,90,4,3265.2,28,2,3265.8,69,1,3265.9,1,1,3266.0,263,4,3266.1,2,1
11536,2025-12-30 13:34:51+05:30,3264.9,1,3252.32,1255360,118623.0,123502.0,3250.0,3267.5,3239.8,3251.5,45732575,3576.6,2926.4,4322.95,2866.6,3264.9,41,5,3264.8,10,3,3264.7,15,3,3264.6,111,6,3264.5,44,3,3265.2,24,2,3265.7,69,1,3265.9,251,3,3266.0,13,2,3266.1,34,2
11536,2025-12-30 13:34:52+05:30,3265.8,8,3252.32,1255360,118623.0,123502.0,3250.0,3267.5,3239.8,3251.5,45732575,3576.6,2926.4,4322.95,2866.6,3264.9,41,5,3264.8,10,3,3264.7,15,3,3264.6,111,6,3264.5,44,3,3265.2,24,2,3265.7,69,1,3265.9,251,3,3266.0,13,2,3266.1,34,2
11536,2025-12-30 13:34:55+05:30,3264.6,64,3252.32,1255894,118706.0,124700.0,3250.0,3267.5,3239.8,3251.5,45732575,3576.6,2926.4,4322.95,2866.6,3265.2,1,1,3264.8,24,2,3264.7,118,5,3264.6,153,7,3264.5,86,5,3265.8,60,1,3265.9,1,1,3266.0,313,5,3266.4,63,2,3266.6,116,4
11536,2025-12-30 13:34:55+05:30,3264.6,64,3252.32,1255894,118706.0,124700.0,3250.0,3267.5,3239.8,3251.5,45732575,3576.6,2926.4,4322.95,2866.6,3265.2,1,1,3264.8,24,2,3264.7,118,5,3264.6,153,7,3264.5,86,5,3265.8,60,1,3265.9,1,1,3266.0,313,5,3266.4,63,2,3266.6,116,4
11536,2025-12-30 13:34:58+05:30,3265.9,38,3252.32,1255894,118706.0,124700.0,3250.0,3267.5,3239.8,3251.5,45732575,3576.6,2926.4,4322.95,2866.6,3265.2,1,1,3264.8,24,2,3264.7,118,5,3264.6,153,7,3264.5,86,5,3265.8,60,1,3265.9,1,1,3266.0,313,5,3266.4,63,2,3266.6,116,4
11536,2025-12-30 13:34:59+05:30,3265.1,7,3252.32,1256055,119334.0,124665.0,3250.0,3267.5,3239.8,3251.5,45732575,3576.6,2926.4,4322.95,2866.6,3265.1,14,1,3265.0,48,2,3264.9,66,3,3264.8,96,6,3264.7,213,3,3265.9,175,1,3266.0,275,5,3266.5,24,1,3266.6,93,3,3266.7,85,2
11536,2025-12-30 13:35:01+05:30,3265.9,2,3252.32,1256055,119334.0,124665.0,3250.0,3267.5,3239.8,3251.5,45732575,3576.6,2926.4,4322.95,2866.6,3265.1,14,1,3265.0,48,2,3264.9,66,3,3264.8,96,6,3264.7,213,3,3265.9,175,1,3266.0,275,5,3266.5,24,1,3266.6,93,3,3266.7,85,2
11536,2025-12-30 13:35:03+05:30,3265.9,2,3252.32,1256065,119608.0,124930.0,3250.0,3267.5,3239.8,3251.5,45732575,3576.6,2926.4,4322.95,2866.6,3265.4,20,1,3265.0,30,1,3264.9,66,2,3264.8,35,4,3264.7,282,4,3265.9,171,1,3266.0,275,5,3266.2,34,1,3266.3,39,1,3266.6,93,3
11536,2025-12-30 13:35:04+05:30,3265.4,1,3252.32,1256065,119608.0,124930.0,3250.0,3267.5,3239.8,3251.5,45732575,3576.6,2926.4,4322.95,2866.6,3265.4,20,1,3265.0,30,1,3264.9,66,2,3264.8,35,4,3264.7,282,4,3265.9,171,1,3266.0,275,5,3266.2,34,1,3266.3,39,1,3266.6,93,3
11536,2025-12-30 13:35:07+05:30,3265.8,100,3252.32,1256065,119608.0,124930.0,3250.0,3267.5,3239.8,3251.5,45732575,3576.6,2926.4,4322.95,2866.6,3265.4,20,1,3265.0,30,1,3264.9,66,2,3264.8,35,4,3264.7,282,4,3265.9,171,1,3266.0,275,5,3266.2,34,1,3266.3,39,1,3266.6,93,3
11536,2025-12-30 13:35:08+05:30,3265.9,14,3252.33,1256253,119733.0,124663.0,3250.0,3267.5,3239.8,3251.5,45732575,3576.6,2926.4,4322.95,2866.6,3265.4,17,1,3265.1,52,2,3265.0,48,2,3264.9,76,3,3264.8,236,7,3265.8,175,1,3265.9,228,3,3266.0,63,3,3266.4,31,1,3266.5,34,1
11536,2025-12-30 13:35:10+05:30,3265.4,1,3252.33,1256253,119733.0,124663.0,3250.0,3267.5,3239.8,3251.5,45732575,3576.6,2926.4,4322.95,2866.6,3265.4,17,1,3265.1,52,2,3265.0,48,2,3264.9,76,3,3264.8,236,7,3265.8,175,1,3265.9,228,3,3266.0,63,3,3266.4,31,1,3266.5,34,1
11536,2025-12-30 13:35:12+05:30,3265.7,2,3252.33,1256380,120035.0,125282.0,3250.0,3267.5,3239.8,3251.5,45732575,3576.6,2926.4,4322.95,2866.6,3265.4,16,1,3265.1,35,1,3265.0,48,2,3264.9,76,3,3264.8,223,5,3265.7,49,1,3265.8,14,1,3265.9,228,3,3266.0,63,3,3266.4,61,2
11536,2025-12-30 13:35:13+05:30,3264.9,2,3252.33,1256380,120035.0,125282.0,3250.0,3267.5,3239.8,3251.5,45732575,3576.6,2926.4,4322.95,2866.6,3265.4,16,1,3265.1,35,1,3265.0,48,2,3264.9,76,3,3264.8,223,5,3265.7,49,1,3265.8,14,1,3265.9,228,3,3266.0,63,3,3266.4,61,2
11536,2025-12-30 13:35:16+05:30,3265.7,1,3252.33,1256507,119352.0,125363.0,3250.0,3267.5,3239.8,3251.5,45732575,3576.6,2926.4,4322.95,2866.6,3265.1,20,1,3264.9,59,3,3264.8,85,4,3264.7,60,4,3264.6,432,10,3265.7,102,4,3265.9,198,2,3266.0,63,3,3266.4,61,2,3266.5,49,2
11536,2025-12-30 13:35:16+05:30,3265.1,1,3252.33,1256507,119352.0,125363.0,3250.0,3267.5,3239.8,3251.5,45732575,3576.6,2926.4,4322.95,2866.6,3265.1,20,1,3264.9,59,3,3264.8,85,4,3264.7,60,4,3264.6,432,10,3265.7,102,4,3265.9,198,2,3266.0,63,3,3266.4,61,2,3266.5,49,2
11536,2025-12-30 13:35:20+05:30,3265.1,1,3252.33,1256509,119493.0,125327.0,3250.0,3267.5,3239.8,3251.5,45732575,3576.6,2926.4,4322.95,2866.6,3265.1,81,5,3265.0,59,2,3264.9,40,3,3264.8,88,6,3264.7,256,5,3265.7,53,3,3265.8,49,1,3266.0,261,5,3266.4,31,1,3266.5,27,1
11536,2025-12-30 13:35:22+05:30,3265.1,1,3252.33,1256509,119493.0,125327.0,3250.0,3267.5,3239.8,3251.5,45732575,3576.6,2926.4,4322.95,2866.6,3265.1,81,5,3265.0,59,2,3264.9,40,3,3264.8,88,6,3264.7,256,5,3265.7,53,3,3265.8,49,1,3266.0,261,5,3266.4,31,1,3266.5,27,1
11536,2025-12-30 13:35:25+05:30,3265.7,1,3252.33,1256562,119685.0,125299.0,3250.0,3267.5,3239.8,3251.5,45732575,3576.6,2926.4,4322.95,2866.6,3265.1,125,6,3265.0,68,3,3264.9,35,3,3264.8,204,10,3264.7,36,3,3265.7,1,1,3265.8,49,1,3266.0,261,5,3266.5,27,1,3266.6,91,3
11536,2025-12-30 13:35:25+05:30,3265.7,1,3252.33,1256562,119685.0,125299.0,3250.0,3267.5,3239.8,3251.5,45732575,3576.6,2926.4,4322.95,2866.6,3265.1,125,6,3265.0,68,3,3264.9,35,3,3264.8,204,10,3264.7,36,3,3265.7,1,1,3265.8,49,1,3266.0,261,5,3266.5,27,1,3266.6,91,3
11536,2025-12-30 13:35:27+05:30,3265.7,1,3252.33,1256562,119685.0,125299.0,3250.0,3267.5,3239.8,3251.5,45732575,3576.6,2926.4,4322.95,2866.6,3265.1,125,6,3265.0,68,3,3264.9,35,3,3264.8,204,10,3264.7,36,3,3265.7,1,1,3265.8,49,1,3266.0,261,5,3266.5,27,1,3266.6,91,3
11536,2025-12-30 13:35:28+05:30,3265.8,5,3252.33,1256562,119685.0,125299.0,3250.0,3267.5,3239.8,3251.5,45732575,3576.6,2926.4,4322.95,2866.6,3265.1,125,6,3265.0,68,3,3264.9,35,3,3264.8,204,10,3264.7,36,3,3265.7,1,1,3265.8,49,1,3266.0,261,5,3266.5,27,1,3266.6,91,3
11536,2025-12-30 13:35:28+05:30,3265.8,5,3252.33,1256562,119685.0,125299.0,3250.0,3267.5,3239.8,3251.5,45732575,3576.6,2926.4,4322.95,2866.6,3265.1,125,6,3265.0,68,3,3264.9,35,3,3264.8,204,10,3264.7,36,3,3265.7,1,1,3265.8,49,1,3266.0,261,5,3266.5,27,1,3266.6,91,3
11536,2025-12-30 13:35:29+05:30,3265.1,2,3252.34,1257166,119491.0,125450.0,3250.0,3267.5,3239.8,3251.5,45732575,3576.6,2926.4,4322.95,2866.6,3265.0,1,1,3264.9,88,5,3264.8,116,6,3264.7,36,3,3264.6,350,10,3265.1,1,1,3265.7,124,1,3265.9,198,2,3266.0,63,3,3266.6,139,5
11536,2025-12-30 13:35:30+05:30,3265.1,2,3252.34,1257166,119491.0,125450.0,3250.0,3267.5,3239.8,3251.5,45732575,3576.6,2926.4,4322.95,2866.6,3265.0,1,1,3264.9,88,5,3264.8,116,6,3264.7,36,3,3264.6,350,10,3265.1,1,1,3265.7,124,1,3265.9,198,2,3266.0,63,3,3266.6,139,5
11536,2025-12-30 13:35:31+05:30,3265.1,2,3252.34,1257166,119491.0,125450.0,3250.0,3267.5,3239.8,3251.5,45732575,3576.6,2926.4,4322.95,2866.6,3265.0,1,1,3264.9,88,5,3264.8,116,6,3264.7,36,3,3264.6,350,10,3265.1,1,1,3265.7,124,1,3265.9,198,2,3266.0,63,3,3266.6,139,5
11536,2025-12-30 13:35:31+05:30,3265.9,1,3252.34,1257166,119491.0,125450.0,3250.0,3267.5,3239.8,3251.5,45732575,3576.6,2926.4,4322.95,2866.6,3265.0,1,1,3264.9,88,5,3264.8,116,6,3264.7,36,3,3264.6,350,10,3265.1,1,1,3265.7,124,1,3265.9,198,2,3266.0,63,3,3266.6,139,5
11536,2025-12-30 13:35:32+05:30,3265.9,1,3252.34,1257166,119491.0,125450.0,3250.0,3267.5,3239.8,3251.5,45732575,3576.6,2926.4,4322.95,2866.6,3265.0,1,1,3264.9,88,5,3264.8,116,6,3264.7,36,3,3264.6,350,10,3265.1,1,1,3265.7,124,1,3265.9,198,2,3266.0,63,3,3266.6,139,5
11536,2025-12-30 13:35:33+05:30,3265.0,1,3252.34,1257268,119611.0,124815.0,3250.0,3267.5,3239.8,3251.5,45732575,3576.6,2926.4,4322.95,2866.6,3265.0,69,3,3264.9,66,6,3264.8,152,8,3264.7,82,4,3264.6,308,10,3265.8,70,1,3265.9,2,1,3266.0,261,5,3266.4,34,1,3266.5,30,1
11536,2025-12-30 13:35:34+05:30,3265.0,1,3252.34,1257268,119611.0,124815.0,3250.0,3267.5,3239.8,3251.5,45732575,3576.6,2926.4,4322.95,2866.6,3265.0,69,3,3264.9,66,6,3264.8,152,8,3264.7,82,4,3264.6,308,10,3265.8,70,1,3265.9,2,1,3266.0,261,5,3266.4,34,1,3266.5,30,1
11536,2025-12-30 13:35:34+05:30,3265.0,1,3252.34,1257268,119611.0,124815.0,3250.0,3267.5,3239.8,3251.5,45732575,3576.6,2926.4,4322.95,2866.6,3265.0,69,3,3264.9,66,6,3264.8,152,8,3264.7,82,4,3264.6,308,10,3265.8,70,1,3265.9,2,1,3266.0,261,5,3266.4,34,1,3266.5,30,1
11536,2025-12-30 13:35:34+05:30,3265.0,1,3252.34,1257268,119611.0,124815.0,3250.0,3267.5,3239.8,3251.5,45732575,3576.6,2926.4,4322.95,2866.6,3265.0,69,3,3264.9,66,6,3264.8,152,8,3264.7,82,4,3264.6,308,10,3265.8,70,1,3265.9,2,1,3266.0,261,5,3266.4,34,1,3266.5,30,1
11536,2025-12-30 13:35:35+05:30,3265.0,1,3252.34,1257268,119611.0,124815.0,3250.0,3267.5,3239.8,3251.5,45732575,3576.6,2926.4,4322.95,2866.6,3265.0,69,3,3264.9,66,6,3264.8,152,8,3264.7,82,4,3264.6,308,10,3265.8,70,1,3265.9,2,1,3266.0,261,5,3266.4,34,1,3266.5,30,1
11536,2025-12-30 13:35:36+05:30,3265.0,1,3252.34,1257268,119611.0,124815.0,3250.0,3267.5,3239.8,3251.5,45732575,3576.6,2926.4,4322.95,2866.6,3265.0,69,3,3264.9,66,6,3264.8,152,8,3264.7,82,4,3264.6,308,10,3265.8,70,1,3265.9,2,1,3266.0,261,5,3266.4,34,1,3266.5,30,1
11536,2025-12-30 13:35:37+05:30,3265.0,1,3252.34,1257268,119611.0,124815.0,3250.0,3267.5,3239.8,3251.5,45732575,3576.6,2926.4,4322.95,2866.6,3265.0,69,3,3264.9,66,6,3264.8,152,8,3264.7,82,4,3264.6,308,10,3265.8,70,1,3265.9,2,1,3266.0,261,5,3266.4,34,1,3266.5,30,1
11536,2025-12-30 13:35:37+05:30,3265.1,15,3252.34,1257268,119611.0,124815.0,3250.0,3267.5,3239.8,3251.5,45732575,3576.6,2926.4,4322.95,2866.6,3265.0,69,3,3264.9,66,6,3264.8,152,8,3264.7,82,4,3264.6,308,10,3265.8,70,1,3265.9,2,1,3266.0,261,5,3266.4,34,1,3266.5,30,1
11536,2025-12-30 13:35:38+05:30,3265.1,15,3252.34,1257478,120076.0,125183.0,3250.0,3267.5,3239.8,3251.5,45732575,3576.6,2926.4,4322.95,2866.6,3265.1,1,1,3265.0,133,4,3264.9,201,5,3264.8,340,10,3264.7,36,3,3266.0,175,1,3266.1,34,1,3266.2,137,1,3266.4,39,1,3266.5,55,2
11536,2025-12-30 13:35:38+05:30,3265.1,15,3252.34,1257478,120076.0,125183.0,3250.0,3267.5,3239.8,3251.5,45732575,3576.6,2926.4,4322.95,2866.6,3265.1,1,1,3265.0,133,4,3264.9,201,5,3264.8,340,10,3264.7,36,3,3266.0,175,1,3266.1,34,1,3266.2,137,1,3266.4,39,1,3266.5,55,2
11536,2025-12-30 13:35:40+05:30,3265.1,15,3252.34,1257478,120076.0,125183.0,3250.0,3267.5,3239.8,3251.5,45732575,3576.6,2926.4,4322.95,2866.6,3265.1,1,1,3265.0,133,4,3264.9,201,5,3264.8,340,10,3264.7,36,3,3266.0,175,1,3266.1,34,1,3266.2,137,1,3266.4,39,1,3266.5,55,2
11536,2025-12-30 13:35:40+05:30,3265.1,1,3252.34,1257478,120076.0,125183.0,3250.0,3267.5,3239.8,3251.5,45732575,3576.6,2926.4,4322.95,2866.6,3265.1,1,1,3265.0,133,4,3264.9,201,5,3264.8,340,10,3264.7,36,3,3266.0,175,1,3266.1,34,1,3266.2,137,1,3266.4,39,1,3266.5,55,2
11536,2025-12-30 13:35:41+05:30,3265.1,1,3252.34,1257478,120076.0,125183.0,3250.0,3267.5,3239.8,3251.5,45732575,3576.6,2926.4,4322.95,2866.6,3265.1,1,1,3265.0,133,4,3264.9,201,5,3264.8,340,10,3264.7,36,3,3266.0,175,1,3266.1,34,1,3266.2,137,1,3266.4,39,1,3266.5,55,2
11536,2025-12-30 13:35:42+05:30,3266.0,1,3252.34,1257562,120266.0,125342.0,3250.0,3267.5,3239.8,3251.5,45732575,3576.6,2926.4,4322.95,2866.6,3265.2,74,3,3265.1,74,3,3265.0,154,5,3264.9,88,6,3264.8,297,10,3266.0,32,1,3266.1,173,1,3266.3,312,2,3266.6,30,1,3266.7,22,1
11536,2025-12-30 13:35:43+05:30,3265.2,1,3252.34,1257562,120266.0,125342.0,3250.0,3267.5,3239.8,3251.5,45732575,3576.6,2926.4,4322.95,2866.6,3265.2,74,3,3265.1,74,3,3265.0,154,5,3264.9,88,6,3264.8,297,10,3266.0,32,1,3266.1,173,1,3266.3,312,2,3266.6,30,1,3266.7,22,1
11536,2025-12-30 13:35:43+05:30,3265.2,1,3252.34,1257562,120266.0,125342.0,3250.0,3267.5,3239.8,3251.5,45732575,3576.6,2926.4,4322.95,2866.6,3265.2,74,3,3265.1,74,3,3265.0,154,5,3264.9,88,6,3264.8,297,10,3266.0,32,1,3266.1,173,1,3266.3,312,2,3266.6,30,1,3266.7,22,1
11536,2025-12-30 13:35:45+05:30,3265.2,1,3252.34,1257562,120266.0,125342.0,3250.0,3267.5,3239.8,3251.5,45732575,3576.6,2926.4,4322.95,2866.6,3265.2,74,3,3265.1,74,3,3265.0,154,5,3264.9,88,6,3264.8,297,10,3266.0,32,1,3266.1,173,1,3266.3,312,2,3266.6,30,1,3266.7,22,1
11536,2025-12-30 13:35:46+05:30,3266.0,1,3252.34,1257562,120266.0,125342.0,3250.0,3267.5,3239.8,3251.5,45732575,3576.6,2926.4,4322.95,2866.6,3265.2,74,3,3265.1,74,3,3265.0,154,5,3264.9,88,6,3264.8,297,10,3266.0,32,1,3266.1,173,1,3266.3,312,2,3266.6,30,1,3266.7,22,1
11536,2025-12-30 13:35:46+05:30,3266.0,1,3252.34,1257562,120266.0,125342.0,3250.0,3267.5,3239.8,3251.5,45748150,3576.6,2926.4,4322.95,2866.6,3265.2,74,3,3265.1,74,3,3265.0,154,5,3264.9,88,6,3264.8,297,10,3266.0,32,1,3266.1,173,1,3266.3,312,2,3266.6,30,1,3266.7,22,1
11536,2025-12-30 13:35:46+05:30,3266.0,105,3252.34,1257701,120477.0,125176.0,3250.0,3267.5,3239.8,3251.5,45748150,3576.6,2926.4,4322.95,2866.6,3265.2,89,3,3265.1,106,3,3265.0,154,5,3264.9,72,5,3264.8,314,11,3266.1,68,1,3266.2,312,2,3266.5,29,1,3266.6,30,1,3266.7,22,1
11536,2025-12-30 13:35:48+05:30,3266.0,105,3252.34,1257701,120477.0,125176.0,3250.0,3267.5,3239.8,3251.5,45748150,3576.6,2926.4,4322.95,2866.6,3265.2,89,3,3265.1,106,3,3265.0,154,5,3264.9,72,5,3264.8,314,11,3266.1,68,1,3266.2,312,2,3266.5,29,1,3266.6,30,1,3266.7,22,1
11536,2025-12-30 13:35:49+05:30,3266.0,1,3252.34,1257701,120477.0,125176.0,3250.0,3267.5,3239.8,3251.5,45748150,3576.6,2926.4,4322.95,2866.6,3265.2,89,3,3265.1,106,3,3265.0,154,5,3264.9,72,5,3264.8,314,11,3266.1,68,1,3266.2,312,2,3266.5,29,1,3266.6,30,1,3266.7,22,1
11536,2025-12-30 13:35:51+05:30,3265.2,1,3252.34,1257706,120036.0,125230.0,3250.0,3267.5,3239.8,3251.5,45748150,3576.6,2926.4,4322.95,2866.6,3265.2,57,3,3265.1,73,2,3265.0,154,5,3264.9,65,5,3264.8,314,11,3266.1,64,1,3266.2,312,2,3266.3,33,1,3266.4,39,1,3266.5,29,1
11536,2025-12-30 13:35:52+05:30,3266.1,20,3252.34,1257706,120036.0,125230.0,3250.0,3267.5,3239.8,3251.5,45748150,3576.6,2926.4,4322.95,2866.6,3265.2,57,3,3265.1,73,2,3265.0,154,5,3264.9,65,5,3264.8,314,11,3266.1,64,1,3266.2,312,2,3266.3,33,1,3266.4,39,1,3266.5,29,1
11536,2025-12-30 13:35:55+05:30,3266.0,1,3252.34,1257736,119988.0,125098.0,3250.0,3267.5,3239.8,3251.5,45748150,3576.6,2926.4,4322.95,2866.6,3265.2,105,5,3265.1,93,2,3265.0,148,6,3264.9,53,4,3264.8,314,11,3266.0,43,2,3266.2,312,2,3266.5,29,1,3266.6,30,1,3266.7,22,1
11536,2025-12-30 13:35:55+05:30,3266.0,1,3252.34,1257736,119988.0,125098.0,3250.0,3267.5,3239.8,3251.5,45748150,3576.6,2926.4,4322.95,2866.6,3265.2,105,5,3265.1,93,2,3265.0,148,6,3264.9,53,4,3264.8,314,11,3266.0,43,2,3266.2,312,2,3266.5,29,1,3266.6,30,1,3266.7,22,1
11536,2025-12-30 13:35:58+05:30,3265.2,2,3252.34,1257736,119988.0,125098.0,3250.0,3267.5,3239.8,3251.5,45748150,3576.6,2926.4,4322.95,2866.6,3265.2,105,5,3265.1,93,2,3265.0,148,6,3264.9,53,4,3264.8,314,11,3266.0,43,2,3266.2,312,2,3266.5,29,1,3266.6,30,1,3266.7,22,1
11536,2025-12-30 13:35:59+05:30,3265.2,2,3252.34,1257741,120123.0,125229.0,3250.0,3267.5,3239.8,3251.5,45748150,3576.6,2926.4,4322.95,2866.6,3265.2,96,5,3265.1,107,3,3265.0,190,8,3264.9,79,5,3264.8,297,10,3266.0,56,3,3266.2,312,2,3266.6,30,1,3266.7,53,2,3266.8,59,3
11536,2025-12-30 13:36:01+05:30,3265.3,1,3252.34,1257741,120123.0,125229.0,3250.0,3267.5,3239.8,3251.5,45748150,3576.6,2926.4,4322.95,2866.6,3265.2,96,5,3265.1,107,3,3265.0,190,8,3264.9,79,5,3264.8,297,10,3266.0,56,3,3266.2,312,2,3266.6,30,1,3266.7,53,2,3266.8,59,3
11536,2025-12-30 13:36:03+05:30,3266.3,87,3252.34,1257919,120583.0,124592.0,3250.0,3267.5,3239.8,3251.5,45748150,3576.6,2926.4,4322.95,2866.6,3265.3,73,3,3265.2,58,5,3265.1,120,6,3265.0,291,13,3264.9,251,6,3266.2,175,1,3266.3,225,2,3266.6,30,1,3266.7,47,2,3266.8,55,2
11536,2025-12-30 13:36:04+05:30,3265.3,1,3252.34,1257919,120583.0,124592.0,3250.0,3267.5,3239.8,3251.5,45748150,3576.6,2926.4,4322.95,2866.6,3265.3,73,3,3265.2,58,5,3265.1,120,6,3265.0,291,13,3264.9,251,6,3266.2,175,1,3266.3,225,2,3266.6,30,1,3266.7,47,2,3266.8,55,2
11536,2025-12-30 13:36:07+05:30,3266.2,1,3252.34,1257919,120583.0,124592.0,3250.0,3267.5,3239.8,3251.5,45748150,3576.6,2926.4,4322.95,2866.6,3265.3,73,3,3265.2,58,5,3265.1,120,6,3265.0,291,13,3264.9,251,6,3266.2,175,1,3266.3,225,2,3266.6,30,1,3266.7,47,2,3266.8,55,2
11536,2025-12-30 13:36:08+05:30,3266.2,1,3252.34,1257925,122486.0,124398.0,3250.0,3267.5,3239.8,3251.5,45748150,3576.6,2926.4,4322.95,2866.6,3266.2,2,2,3265.4,21,1,3265.3,172,3,3265.2,631,10,3265.1,359,8,3266.4,252,4,3266.5,39,1,3266.6,272,4,3266.7,36,2,3266.8,105,4
11536,2025-12-30 13:36:10+05:30,3265.3,16,3252.34,1257925,122486.0,124398.0,3250.0,3267.5,3239.8,3251.5,45748150,3576.6,2926.4,4322.95,2866.6,3266.2,2,2,3265.4,21,1,3265.3,172,3,3265.2,631,10,3265.1,359,8,3266.4,252,4,3266.5,39,1,3266.6,272,4,3266.7,36,2,3266.8,105,4
11536,2025-12-30 13:36:12+05:30,3265.3,1,3252.35,1258106,120086.0,125570.0,3250.0,3267.5,3239.8,3251.5,45748150,3576.6,2926.4,4322.95,2866.6,3265.3,3,1,3265.2,353,7,3265.1,87,4,3265.0,156,8,3264.9,24,4,3266.0,167,1,3266.1,31,1,3266.2,603,4,3266.3,32,1,3266.4,26,1
11536,2025-12-30 13:36:13+05:30,3265.3,1,3252.35,1258106,120086.0,125570.0,3250.0,3267.5,3239.8,3251.5,45748150,3576.6,2926.4,4322.95,2866.6,3265.3,3,1,3265.2,353,7,3265.1,87,4,3265.0,156,8,3264.9,24,4,3266.0,167,1,3266.1,31,1,3266.2,603,4,3266.3,32,1,3266.4,26,1
11536,2025-12-30 13:36:16+05:30,3266.2,1,3252.35,1258106,120086.0,125570.0,3250.0,3267.5,3239.8,3251.5,45748150,3576.6,2926.4,4322.95,2866.6,3265.3,3,1,3265.2,353,7,3265.1,87,4,3265.0,156,8,3264.9,24,4,3266.0,167,1,3266.1,31,1,3266.2,603,4,3266.3,32,1,3266.4,26,1
11536,2025-12-30 13:36:17+05:30,3266.2,1,3252.35,1258114,122352.0,125337.0,3250.0,3267.5,3239.8,3251.5,45748150,3576.6,2926.4,4322.95,2866.6,3266.0,1,1,3265.3,238,5,3265.2,614,10,3265.1,101,6,3265.0,421,12,3266.2,350,2,3266.3,199,2,3266.4,26,1,3266.5,287,4,3266.6,33,1
11536,2025-12-30 13:36:19+05:30,3265.4,10,3252.35,1258114,122352.0,125337.0,3250.0,3267.5,3239.8,3251.5,45748150,3576.6,2926.4,4322.95,2866.6,3266.0,1,1,3265.3,238,5,3265.2,614,10,3265.1,101,6,3265.0,421,12,3266.2,350,2,3266.3,199,2,3266.4,26,1,3266.5,287,4,3266.6,33,1
11536,2025-12-30 13:36:22+05:30,3266.2,111,3252.35,1258257,121865.0,124318.0,3250.0,3267.5,3239.8,3251.5,45748150,3576.6,2926.4,4322.95,2866.6,3266.0,49,1,3265.5,97,3,3265.4,23,2,3265.3,194,5,3265.2,605,11,3266.2,247,3,3266.4,167,1,3266.5,15,1,3266.6,225,2,3266.8,30,1
11536,2025-12-30 13:36:22+05:30,3266.2,111,3252.35,1258257,121865.0,124318.0,3250.0,3267.5,3239.8,3251.5,45748150,3576.6,2926.4,4322.95,2866.6,3266.0,49,1,3265.5,97,3,3265.4,23,2,3265.3,194,5,3265.2,605,11,3266.2,247,3,3266.4,167,1,3266.5,15,1,3266.6,225,2,3266.8,30,1
11536,2025-12-30 13:36:25+05:30,3266.2,1,3252.35,1258257,121865.0,124318.0,3250.0,3267.5,3239.8,3251.5,45748150,3576.6,2926.4,4322.95,2866.6,3266.0,49,1,3265.5,97,3,3265.4,23,2,3265.3,194,5,3265.2,605,11,3266.2,247,3,3266.4,167,1,3266.5,15,1,3266.6,225,2,3266.8,30,1
11536,2025-12-30 13:36:27+05:30,3266.2,1,3252.35,1258283,121713.0,124548.0,3250.0,3267.5,3239.8,3251.5,45748150,3576.6,2926.4,4322.95,2866.6,3266.0,29,1,3265.4,23,2,3265.3,46,4,3265.2,541,9,3265.1,160,7,3266.2,273,4,3266.4,167,1,3266.5,70,3,3266.6,225,2,3266.7,42,1
11536,2025-12-30 13:36:28+05:30,3266.0,3,3252.35,1258283,121713.0,124548.0,3250.0,3267.5,3239.8,3251.5,45748150,3576.6,2926.4,4322.95,2866.6,3266.0,29,1,3265.4,23,2,3265.3,46,4,3265.2,541,9,3265.1,160,7,3266.2,273,4,3266.4,167,1,3266.5,70,3,3266.6,225,2,3266.7,42,1
11536,2025-12-30 13:36:30+05:30,3266.0,20,3252.35,1258283,121713.0,124548.0,3250.0,3267.5,3239.8,3251.5,45748150,3576.6,2926.4,4322.95,2866.6,3266.0,29,1,3265.4,23,2,3265.3,46,4,3265.2,541,9,3265.1,160,7,3266.2,273,4,3266.4,167,1,3266.5,70,3,3266.6,225,2,3266.7,42,1
11536,2025-12-30 13:36:31+05:30,3266.2,1,3252.35,1258535,121020.0,124046.0,3250.0,3267.5,3239.8,3251.5,45748150,3576.6,2926.4,4322.95,2866.6,3265.6,151,4,3265.5,61,1,3265.4,203,3,3265.3,43,2,3265.2,375,10,3266.2,45,2,3266.4,167,1,3266.5,15,1,3266.6,225,2,3266.8,30,1
11536,2025-12-30 13:36:34+05:30,3265.6,11,3252.35,1258535,121020.0,124046.0,3250.0,3267.5,3239.8,3251.5,45748150,3576.6,2926.4,4322.95,2866.6,3265.6,151,4,3265.5,61,1,3265.4,203,3,3265.3,43,2,3265.2,375,10,3266.2,45,2,3266.4,167,1,3266.5,15,1,3266.6,225,2,3266.8,30,1
11536,2025-12-30 13:36:35+05:30,3266.0,3,3252.35,1258767,121778.0,123501.0,3250.0,3267.5,3239.8,3251.5,45748150,3576.6,2926.4,4322.95,2866.6,3265.6,88,2,3265.5,37,1,3265.4,29,2,3265.3,120,4,3265.2,543,10,3266.5,15,1,3266.6,177,2,3266.8,225,2,3266.9,27,2,3267.0,31,2
11536,2025-12-30 13:36:37+05:30,3266.5,17,3252.35,1258767,121778.0,123501.0,3250.0,3267.5,3239.8,3251.5,45748150,3576.6,2926.4,4322.95,2866.6,3265.6,88,2,3265.5,37,1,3265.4,29,2,3265.3,120,4,3265.2,543,10,3266.5,15,1,3266.6,177,2,3266.8,225,2,3266.9,27,2,3267.0,31,2
11536,2025-12-30 13:36:40+05:30,3266.5,5,3252.35,1258921,122598.0,122884.0,3250.0,3267.5,3239.8,3251.5,45748150,3576.6,2926.4,4322.95,2866.6,3266.2,20,1,3265.7,3,1,3265.6,375,8,3265.5,131,3,3265.4,282,6,3266.6,103,1,3266.7,225,2,3266.9,1,1,3267.0,83,4,3267.1,132,4
11536,2025-12-30 13:36:40+05:30,3266.5,5,3252.35,1258921,122598.0,122884.0,3250.0,3267.5,3239.8,3251.5,45748150,3576.6,2926.4,4322.95,2866.6,3266.2,20,1,3265.7,3,1,3265.6,375,8,3265.5,131,3,3265.4,282,6,3266.6,103,1,3266.7,225,2,3266.9,1,1,3267.0,83,4,3267.1,132,4
11536,2025-12-30 13:36:43+05:30,3265.6,2,3252.35,1258921,122598.0,122884.0,3250.0,3267.5,3239.8,3251.5,45748150,3576.6,2926.4,4322.95,2866.6,3266.2,20,1,3265.7,3,1,3265.6,375,8,3265.5,131,3,3265.4,282,6,3266.6,103,1,3266.7,225,2,3266.9,1,1,3267.0,83,4,3267.1,132,4
11536,2025-12-30 13:36:44+05:30,3266.2,1,3252.36,1259208,119984.0,123763.0,3250.0,3267.5,3239.8,3251.5,45748150,3576.6,2926.4,4322.95,2866.6,3265.6,127,2,3265.3,62,3,3265.2,498,8,3265.1,27,3,3265.0,386,13,3266.2,345,2,3266.4,25,1,3266.5,185,2,3266.6,53,3,3266.7,233,3
11536,2025-12-30 13:36:46+05:30,3265.6,1,3252.36,1259208,119984.0,123763.0,3250.0,3267.5,3239.8,3251.5,45748150,3576.6,2926.4,4322.95,2866.6,3265.6,127,2,3265.3,62,3,3265.2,498,8,3265.1,27,3,3265.0,386,13,3266.2,345,2,3266.4,25,1,3266.5,185,2,3266.6,53,3,3266.7,233,3
11536,2025-12-30 13:36:49+05:30,3266.2,10,3252.36,1259262,120308.0,123823.0,3250.0,3267.5,3239.8,3251.5,45748150,3576.6,2926.4,4322.95,2866.6,3265.6,166,4,3265.5,34,2,3265.4,50,2,3265.3,47,2,3265.2,489,9,3266.2,352,3,3266.4,25,1,3266.5,190,3,3266.6,29,1,3266.7,233,3
11536,2025-12-30 13:36:49+05:30,3266.2,10,3252.36,1259262,120308.0,123823.0,3250.0,3267.5,3239.8,3251.5,45748150,3576.6,2926.4,4322.95,2866.6,3265.6,166,4,3265.5,34,2,3265.4,50,2,3265.3,47,2,3265.2,489,9,3266.2,352,3,3266.4,25,1,3266.5,190,3,3266.6,29,1,3266.7,233,3
11536,2025-12-30 13:36:51+05:30,3266.2,3,3252.36,1259262,120308.0,123823.0,3250.0,3267.5,3239.8,3251.5,45748150,3576.6,2926.4,4322.95,2866.6,3265.6,166,4,3265.5,34,2,3265.4,50,2,3265.3,47,2,3265.2,489,9,3266.2,352,3,3266.4,25,1,3266.5,190,3,3266.6,29,1,3266.7,233,3
11536,2025-12-30 13:36:52+05:30,3266.2,1,3252.36,1259280,120335.0,124167.0,3250.0,3267.5,3239.8,3251.5,45748150,3576.6,2926.4,4322.95,2866.6,3265.6,68,3,3265.5,53,3,3265.4,38,2,3265.3,72,3,3265.2,459,8,3266.2,347,3,3266.4,25,1,3266.5,190,3,3266.6,29,1,3266.7,233,3
11536,2025-12-30 13:36:55+05:30,3266.2,6,3252.36,1259280,120335.0,124167.0,3250.0,3267.5,3239.8,3251.5,45748150,3576.6,2926.4,4322.95,2866.6,3265.6,68,3,3265.5,53,3,3265.4,38,2,3265.3,72,3,3265.2,459,8,3266.2,347,3,3266.4,25,1,3266.5,190,3,3266.6,29,1,3266.7,233,3
11536,2025-12-30 13:36:56+05:30,3266.2,6,3252.36,1259312,120134.0,124254.0,3250.0,3267.5,3239.8,3251.5,45748150,3576.6,2926.4,4322.95,2866.6,3265.6,48,3,3265.5,53,3,3265.4,12,1,3265.3,5,1,3265.2,476,9,3266.2,335,3,3266.4,65,2,3266.5,231,4,3266.6,64,2,3266.7,233,3
11536,2025-12-30 13:36:58+05:30,3265.6,1,3252.36,1259312,120134.0,124254.0,3250.0,3267.5,3239.8,3251.5,45748150,3576.6,2926.4,4322.95,2866.6,3265.6,48,3,3265.5,53,3,3265.4,12,1,3265.3,5,1,3265.2,476,9,3266.2,335,3,3266.4,65,2,3266.5,231,4,3266.6,64,2,3266.7,233,3
11536,2025-12-30 13:37:00+05:30,3266.2,3,3252.36,1259323,120788.0,124156.0,3250.0,3267.5,3239.8,3251.5,45748150,3576.6,2926.4,4322.95,2866.6,3265.6,44,3,3265.5,53,3,3265.4,29,2,3265.3,24,2,3265.2,507,11,3266.2,328,3,3266.4,65,2,3266.5,190,3,3266.6,29,1,3266.7,233,3
11536,2025-12-30 13:37:01+05:30,3266.2,1,3252.36,1259323,120788.0,124156.0,3250.0,3267.5,3239.8,3251.5,45748150,3576.6,2926.4,4322.95,2866.6,3265.6,44,3,3265.5,53,3,3265.4,29,2,3265.3,24,2,3265.2,507,11,3266.2,328,3,3266.4,65,2,3266.5,190,3,3266.6,29,1,3266.7,233,3
11536,2025-12-30 13:37:04+05:30,3265.5,11,3252.36,1259323,120788.0,124156.0,3250.0,3267.5,3239.8,3251.5,45748150,3576.6,2926.4,4322.95,2866.6,3265.6,44,3,3265.5,53,3,3265.4,29,2,3265.3,24,2,3265.2,507,11,3266.2,328,3,3266.4,65,2,3266.5,190,3,3266.6,29,1,3266.7,233,3
11536,2025-12-30 13:37:04+05:30,3266.2,4,3252.36,1259623,119722.0,123978.0,3250.0,3267.5,3239.8,3251.5,45748150,3576.6,2926.4,4322.95,2866.6,3265.5,12,2,3265.4,12,1,3265.3,5,1,3265.2,488,10,3265.1,44,4,3266.2,43,3,3266.4,106,3,3266.5,190,3,3266.6,29,1,3266.7,233,3
11536,2025-12-30 13:37:07+05:30,3266.5,1,3252.36,1259623,119722.0,123978.0,3250.0,3267.5,3239.8,3251.5,45748150,3576.6,2926.4,4322.95,2866.6,3265.5,12,2,3265.4,12,1,3265.3,5,1,3265.2,488,10,3265.1,44,4,3266.2,43,3,3266.4,106,3,3266.5,190,3,3266.6,29,1,3266.7,233,3
11536,2025-12-30 13:37:09+05:30,3266.2,10,3252.36,1259810,121359.0,123420.0,3250.0,3267.5,3239.8,3251.5,45748150,3576.6,2926.4,4322.95,2866.6,3265.6,120,5,3265.5,86,4,3265.4,100,6,3265.3,32,2,3265.2,510,10,3266.2,21,1,3266.5,127,1,3266.7,225,2,3266.9,1,1,3267.0,52,3
11536,2025-12-30 13:37:10+05:30,3265.6,1,3252.36,1259810,121359.0,123420.0,3250.0,3267.5,3239.8,3251.5,45748150,3576.6,2926.4,4322.95,2866.6,3265.6,120,5,3265.5,86,4,3265.4,100,6,3265.3,32,2,3265.2,510,10,3266.2,21,1,3266.5,127,1,3266.7,225,2,3266.9,1,1,3267.0,52,3
11536,2025-12-30 13:37:13+05:30,3265.6,1,3252.37,1259943,121501.0,123881.0,3250.0,3267.5,3239.8,3251.5,45748150,3576.6,2926.4,4322.95,2866.6,3265.6,81,4,3265.5,124,6,3265.4,78,5,3265.3,121,5,3265.2,518,10,3266.2,94,2,3266.5,173,1,3266.6,10,1,3266.7,225,2,3266.9,1,1
11536,2025-12-30 13:37:13+05:30,3266.2,1,3252.37,1259943,121501.0,123881.0,3250.0,3267.5,3239.8,3251.5,45748150,3576.6,2926.4,4322.95,2866.6,3265.6,81,4,3265.5,124,6,3265.4,78,5,3265.3,121,5,3265.2,518,10,3266.2,94,2,3266.5,173,1,3266.6,10,1,3266.7,225,2,3266.9,1,1
11536,2025-12-30 13:37:16+05:30,3265.6,11,3252.37,1259943,121501.0,123881.0,3250.0,3267.5,3239.8,3251.5,45748150,3576.6,2926.4,4322.95,2866.6,3265.6,81,4,3265.5,124,6,3265.4,78,5,3265.3,121,5,3265.2,518,10,3266.2,94,2,3266.5,173,1,3266.6,10,1,3266.7,225,2,3266.9,1,1
11536,2025-12-30 13:37:17+05:30,3265.6,11,3252.37,1260016,121355.0,123675.0,3250.0,3267.5,3239.8,3251.5,45748150,3576.6,2926.4,4322.95,2866.6,3265.6,133,4,3265.5,124,6,3265.4,118,6,3265.3,121,5,3265.2,478,9,3266.2,82,2,3266.5,173,1,3266.6,10,1,3266.7,225,2,3266.9,1,1
11536,2025-12-30 13:37:18+05:30,3266.6,2,3252.37,1260016,121355.0,123675.0,3250.0,3267.5,3239.8,3251.5,45748150,3576.6,2926.4,4322.95,2866.6,3265.6,133,4,3265.5,124,6,3265.4,118,6,3265.3,121,5,3265.2,478,9,3266.2,82,2,3266.5,173,1,3266.6,10,1,3266.7,225,2,3266.9,1,1
11536,2025-12-30 13:37:21+05:30,3265.8,1,3252.37,1260459,121364.0,123009.0,3250.0,3267.5,3239.8,3251.5,45748150,3576.6,2926.4,4322.95,2866.6,3265.8,19,2,3265.7,3,1,3265.6,100,4,3265.5,225,9,3265.4,365,9,3266.6,173,2,3266.7,5,1,3266.8,266,3,3266.9,2,2,3267.0,2,1
11536,2025-12-30 13:37:22+05:30,3265.8,1,3252.37,1260459,121364.0,123009.0,3250.0,3267.5,3239.8,3251.5,45748150,3576.6,2926.4,4322.95,2866.6,3265.8,19,2,3265.7,3,1,3265.6,100,4,3265.5,225,9,3265.4,365,9,3266.6,173,2,3266.7,5,1,3266.8,266,3,3266.9,2,2,3267.0,2,1
11536,2025-12-30 13:37:24+05:30,3266.5,1,3252.37,1260459,121364.0,123009.0,3250.0,3267.5,3239.8,3251.5,45748150,3576.6,2926.4,4322.95,2866.6,3265.8,19,2,3265.7,3,1,3265.6,100,4,3265.5,225,9,3265.4,365,9,3266.6,173,2,3266.7,5,1,3266.8,266,3,3266.9,2,2,3267.0,2,1
11536,2025-12-30 13:37:25+05:30,3266.0,3,3252.37,1260472,121248.0,123017.0,3250.0,3267.5,3239.8,3251.5,45748150,3576.6,2926.4,4322.95,2866.6,3265.8,19,2,3265.7,12,2,3265.6,91,2,3265.5,120,5,3265.4,255,5,3266.0,7,1,3266.5,158,1,3266.6,6,2,3266.7,230,3,3266.8,41,1
11536,2025-12-30 13:37:28+05:30,3266.0,14,3252.37,1260472,121248.0,123017.0,3250.0,3267.5,3239.8,3251.5,45748150,3576.6,2926.4,4322.95,2866.6,3265.8,19,2,3265.7,12,2,3265.6,91,2,3265.5,120,5,3265.4,255,5,3266.0,7,1,3266.5,158,1,3266.6,6,2,3266.7,230,3,3266.8,41,1
11536,2025-12-30 13:37:29+05:30,3266.0,14,3252.37,1260507,121420.0,123301.0,3250.0,3267.5,3239.8,3251.5,45748150,3576.6,2926.4,4322.95,2866.6,3266.0,10,1,3265.8,132,3,3265.7,3,1,3265.6,91,2,3265.5,62,3,3266.5,158,1,3266.6,6,2,3266.7,225,2,3266.8,39,1,3266.9,41,3
11536,2025-12-30 13:37:31+05:30,3266.0,1,3252.37,1260507,121420.0,123301.0,3250.0,3267.5,3239.8,3251.5,45748150,3576.6,2926.4,4322.95,2866.6,3266.0,10,1,3265.8,132,3,3265.7,3,1,3265.6,91,2,3265.5,62,3,3266.5,158,1,3266.6,6,2,3266.7,225,2,3266.8,39,1,3266.9,41,3
11536,2025-12-30 13:37:33+05:30,3266.0,1,3252.37,1260718,121264.0,123418.0,3250.0,3267.5,3239.8,3251.5,45748150,3576.6,2926.4,4322.95,2866.6,3266.0,69,1,3265.8,149,4,3265.7,3,1,3265.6,121,3,3265.5,108,4,3266.5,204,2,3266.6,6,2,3266.7,225,2,3266.8,37,1,3266.9,40,3
11536,2025-12-30 13:37:37+05:30,3266.4,1,3252.37,1260732,121271.0,123343.0,3250.0,3267.5,3239.8,3251.5,45748150,3576.6,2926.4,4322.95,2866.6,3266.0,69,1,3265.9,16,1,3265.8,133,3,3265.7,3,1,3265.6,119,3,3266.4,159,1,3266.5,31,1,3266.6,231,4,3266.8,37,1,3266.9,2,2
11536,2025-12-30 13:37:37+05:30,3266.0,1,3252.37,1260732,121271.0,123343.0,3250.0,3267.5,3239.8,3251.5,45748150,3576.6,2926.4,4322.95,2866.6,3266.0,69,1,3265.9,16,1,3265.8,133,3,3265.7,3,1,3265.6,119,3,3266.4,159,1,3266.5,31,1,3266.6,231,4,3266.8,37,1,3266.9,2,2
11536,2025-12-30 13:37:40+05:30,3266.4,1,3252.37,1260732,121271.0,123343.0,3250.0,3267.5,3239.8,3251.5,45748150,3576.6,2926.4,4322.95,2866.6,3266.0,69,1,3265.9,16,1,3265.8,133,3,3265.7,3,1,3265.6,119,3,3266.4,159,1,3266.5,31,1,3266.6,231,4,3266.8,37,1,3266.9,2,2
11536,2025-12-30 13:37:42+05:30,3266.5,4,3252.38,1260913,119665.0,122668.0,3250.0,3267.5,3239.8,3251.5,45748150,3576.6,2926.4,4322.95,2866.6,3266.0,58,1,3265.8,121,2,3265.7,3,1,3265.6,259,3,3265.5,136,5,3266.5,27,1,3266.6,164,2,3266.8,241,3,3266.9,30,4,3267.0,132,4
11536,2025-12-30 13:37:43+05:30,3266.0,1,3252.38,1260913,119665.0,122668.0,3250.0,3267.5,3239.8,3251.5,45748150,3576.6,2926.4,4322.95,2866.6,3266.0,58,1,3265.8,121,2,3265.7,3,1,3265.6,259,3,3265.5,136,5,3266.5,27,1,3266.6,164,2,3266.8,241,3,3266.9,30,4,3267.0,132,4
11536,2025-12-30 13:37:46+05:30,3266.5,1,3252.38,1260979,120663.0,122189.0,3250.0,3267.5,3239.8,3251.5,45748150,3576.6,2926.4,4322.95,2866.6,3266.0,32,2,3265.8,121,2,3265.6,73,1,3265.5,62,3,3265.4,242,5,3266.5,166,2,3266.6,67,4,3266.7,225,2,3266.8,16,1,3266.9,63,5
11536,2025-12-30 13:37:46+05:30,3266.5,1,3252.38,1260979,120663.0,122189.0,3250.0,3267.5,3239.8,3251.5,45748150,3576.6,2926.4,4322.95,2866.6,3266.0,32,2,3265.8,121,2,3265.6,73,1,3265.5,62,3,3265.4,242,5,3266.5,166,2,3266.6,67,4,3266.7,225,2,3266.8,16,1,3266.9,63,5
11536,2025-12-30 13:37:49+05:30,3266.5,22,3252.38,1260979,120663.0,122189.0,3250.0,3267.5,3239.8,3251.5,45748150,3576.6,2926.4,4322.95,2866.6,3266.0,32,2,3265.8,121,2,3265.6,73,1,3265.5,62,3,3265.4,242,5,3266.5,166,2,3266.6,67,4,3266.7,225,2,3266.8,16,1,3266.9,63,5
11536,2025-12-30 13:37:50+05:30,3266.5,22,3252.38,1261039,121035.0,122584.0,3250.0,3267.5,3239.8,3251.5,45748150,3576.6,2926.4,4322.95,2866.6,3266.0,5,2,3265.9,2,2,3265.8,126,3,3265.7,1,1,3265.6,229,2,3266.5,175,2,3266.6,15,2,3266.7,225,2,3266.8,36,1,3266.9,34,4
11536,2025-12-30 13:37:52+05:30,3266.5,4,3252.38,1261039,121035.0,122584.0,3250.0,3267.5,3239.8,3251.5,45748150,3576.6,2926.4,4322.95,2866.6,3266.0,5,2,3265.9,2,2,3265.8,126,3,3265.7,1,1,3265.6,229,2,3266.5,175,2,3266.6,15,2,3266.7,225,2,3266.8,36,1,3266.9,34,4
11536,2025-12-30 13:37:55+05:30,3266.5,1,3252.38,1261162,121200.0,122042.0,3250.0,3267.5,3239.8,3251.5,45748150,3576.6,2926.4,4322.95,2866.6,3266.0,57,2,3265.9,2,2,3265.8,126,3,3265.7,1,1,3265.6,306,6,3266.5,25,1,3266.6,88,1,3266.8,225,2,3266.9,2,2,3267.0,23,2
11536,2025-12-30 13:37:55+05:30,3266.5,1,3252.38,1261162,121200.0,122042.0,3250.0,3267.5,3239.8,3251.5,45748150,3576.6,2926.4,4322.95,2866.6,3266.0,57,2,3265.9,2,2,3265.8,126,3,3265.7,1,1,3265.6,306,6,3266.5,25,1,3266.6,88,1,3266.8,225,2,3266.9,2,2,3267.0,23,2
11536,2025-12-30 13:37:58+05:30,3266.5,1,3252.38,1261162,121200.0,122042.0,3250.0,3267.5,3239.8,3251.5,45748150,3576.6,2926.4,4322.95,2866.6,3266.0,57,2,3265.9,2,2,3265.8,126,3,3265.7,1,1,3265.6,306,6,3266.5,25,1,3266.6,88,1,3266.8,225,2,3266.9,2,2,3267.0,23,2
11536,2025-12-30 13:37:59+05:30,3266.5,1,3252.38,1261169,121141.0,122173.0,3250.0,3267.5,3239.8,3251.5,45748150,3576.6,2926.4,4322.95,2866.6,3266.0,54,2,3265.9,2,2,3265.8,126,3,3265.7,1,1,3265.6,262,4,3266.5,61,2,3266.6,88,1,3266.8,225,2,3266.9,40,3,3267.0,39,3
11536,2025-12-30 13:38:01+05:30,3266.5,2,3252.38,1261169,121141.0,122173.0,3250.0,3267.5,3239.8,3251.5,45748150,3576.6,2926.4,4322.95,2866.6,3266.0,54,2,3265.9,2,2,3265.8,126,3,3265.7,1,1,3265.6,262,4,3266.5,61,2,3266.6,88,1,3266.8,225,2,3266.9,40,3,3267.0,39,3
11536,2025-12-30 13:38:03+05:30,3266.5,2,3252.38,1261172,119476.0,123949.0,3250.0,3267.5,3239.8,3251.5,45748150,3576.6,2926.4,4322.95,2866.6,3266.0,58,3,3265.9,2,2,3265.8,126,3,3265.7,1,1,3265.6,229,2,3266.4,145,3,3266.5,125,4,3266.6,287,5,3266.7,50,2,3266.8,36,2
11536,2025-12-30 13:38:07+05:30,3265.3,15,3252.38,1261172,119476.0,123949.0,3250.0,3267.5,3239.8,3251.5,45748150,3576.6,2926.4,4322.95,2866.6,3266.0,58,3,3265.9,2,2,3265.8,126,3,3265.7,1,1,3265.6,229,2,3266.4,145,3,3266.5,125,4,3266.6,287,5,3266.7,50,2,3266.8,36,2
11536,2025-12-30 13:38:08+05:30,3265.3,15,3252.39,1261888,115235.0,129907.0,3250.0,3267.5,3239.8,3251.5,45748150,3576.6,2926.4,4322.95,2866.6,3265.3,6,2,3265.2,254,5,3265.1,11,2,3265.0,54,5,3264.9,7,3,3265.4,175,1,3265.5,265,4,3265.6,5,1,3265.8,389,3,3265.9,112,4
11536,2025-12-30 13:38:10+05:30,3265.3,7,3252.39,1261888,115235.0,129907.0,3250.0,3267.5,3239.8,3251.5,45748150,3576.6,2926.4,4322.95,2866.6,3265.3,6,2,3265.2,254,5,3265.1,11,2,3265.0,54,5,3264.9,7,3,3265.4,175,1,3265.5,265,4,3265.6,5,1,3265.8,389,3,3265.9,112,4
11536,2025-12-30 13:38:12+05:30,3265.1,2,3252.39,1262661,114363.0,130867.0,3250.0,3267.5,3239.8,3251.5,45748150,3576.6,2926.4,4322.95,2866.6,3265.0,9,2,3264.9,7,3,3264.8,12,2,3264.7,8,1,3264.6,28,4,3265.1,112,1,3265.2,18,1,3265.3,225,2,3265.4,84,3,3265.5,45,2
11536,2025-12-30 13:38:13+05:30,3264.8,2,3252.39,1262661,114363.0,130867.0,3250.0,3267.5,3239.8,3251.5,45748150,3576.6,2926.4,4322.95,2866.6,3265.0,9,2,3264.9,7,3,3264.8,12,2,3264.7,8,1,3264.6,28,4,3265.1,112,1,3265.2,18,1,3265.3,225,2,3265.4,84,3,3265.5,45,2
11536,2025-12-30 13:38:16+05:30,3266.1,151,3252.39,1262661,114363.0,130867.0,3250.0,3267.5,3239.8,3251.5,45748150,3576.6,2926.4,4322.95,2866.6,3265.0,9,2,3264.9,7,3,3264.8,12,2,3264.7,8,1,3264.6,28,4,3265.1,112,1,3265.2,18,1,3265.3,225,2,3265.4,84,3,3265.5,45,2
11536,2025-12-30 13:38:16+05:30,3266.1,151,3252.42,1265073,116375.0,125440.0,3250.0,3267.5,3239.8,3251.5,45748150,3576.6,2926.4,4322.95,2866.6,3265.0,1,1,3264.7,8,1,3264.6,28,4,3264.4,395,5,3264.3,272,6,3265.7,175,1,3265.8,241,4,3265.9,35,1,3266.0,84,3,3266.1,2,1
11536,2025-12-30 13:38:19+05:30,3265.4,114,3252.42,1265073,116375.0,125440.0,3250.0,3267.5,3239.8,3251.5,45748150,3576.6,2926.4,4322.95,2866.6,3265.0,1,1,3264.7,8,1,3264.6,28,4,3264.4,395,5,3264.3,272,6,3265.7,175,1,3265.8,241,4,3265.9,35,1,3266.0,84,3,3266.1,2,1
11536,2025-12-30 13:38:20+05:30,3265.7,1,3252.42,1265073,116375.0,125440.0,3250.0,3267.5,3239.8,3251.5,45748150,3576.6,2926.4,4322.95,2866.6,3265.0,1,1,3264.7,8,1,3264.6,28,4,3264.4,395,5,3264.3,272,6,3265.7,175,1,3265.8,241,4,3265.9,35,1,3266.0,84,3,3266.1,2,1
11536,2025-12-30 13:38:21+05:30,3265.7,1,3252.42,1265192,117325.0,124672.0,3250.0,3267.5,3239.8,3251.5,45748150,3576.6,2926.4,4322.95,2866.6,3265.4,1,1,3264.9,42,1,3264.8,90,4,3264.7,263,6,3264.6,450,10,3265.7,13,1,3266.0,53,2,3266.1,92,2,3266.2,25,1,3266.3,176,2
11536,2025-12-30 13:38:23+05:30,3264.8,1,3252.42,1265192,117325.0,124672.0,3250.0,3267.5,3239.8,3251.5,45748150,3576.6,2926.4,4322.95,2866.6,3265.4,1,1,3264.9,42,1,3264.8,90,4,3264.7,263,6,3264.6,450,10,3265.7,13,1,3266.0,53,2,3266.1,92,2,3266.2,25,1,3266.3,176,2
11536,2025-12-30 13:38:25+05:30,3265.4,1,3252.42,1265200,116845.0,126285.0,3250.0,3267.5,3239.8,3251.5,45748150,3576.6,2926.4,4322.95,2866.6,3264.8,3,1,3264.7,9,2,3264.6,99,7,3264.5,50,3,3264.4,293,7,3265.4,44,1,3265.7,70,2,3265.8,10,1,3265.9,350,2,3266.0,44,2
11536,2025-12-30 13:38:26+05:30,3265.4,1,3252.42,1265200,116845.0,126285.0,3250.0,3267.5,3239.8,3251.5,45748150,3576.6,2926.4,4322.95,2866.6,3264.8,3,1,3264.7,9,2,3264.6,99,7,3264.5,50,3,3264.4,293,7,3265.4,44,1,3265.7,70,2,3265.8,10,1,3265.9,350,2,3266.0,44,2
11536,2025-12-30 13:38:28+05:30,3264.8,3,3252.42,1265206,116793.0,126240.0,3250.0,3267.5,3239.8,3251.5,45748150,3576.6,2926.4,4322.95,2866.6,3264.8,3,1,3264.7,20,3,3264.6,65,6,3264.5,64,4,3264.4,263,7,3265.4,53,2,3265.7,58,1,3265.9,350,2,3266.0,44,2,3266.2,76,3
11536,2025-12-30 13:38:28+05:30,3264.8,3,3252.42,1265206,116793.0,126240.0,3250.0,3267.5,3239.8,3251.5,45748150,3576.6,2926.4,4322.95,2866.6,3264.8,3,1,3264.7,20,3,3264.6,65,6,3264.5,64,4,3264.4,263,7,3265.4,53,2,3265.7,58,1,3265.9,350,2,3266.0,44,2,3266.2,76,3
11536,2025-12-30 13:38:28+05:30,3264.8,1,3252.42,1265206,116793.0,126240.0,3250.0,3267.5,3239.8,3251.5,45748150,3576.6,2926.4,4322.95,2866.6,3264.8,3,1,3264.7,20,3,3264.6,65,6,3264.5,64,4,3264.4,263,7,3265.4,53,2,3265.7,58,1,3265.9,350,2,3266.0,44,2,3266.2,76,3
11536,2025-12-30 13:38:29+05:30,3264.8,1,3252.42,1265207,116707.0,128791.0,3250.0,3267.5,3239.8,3251.5,45748150,3576.6,2926.4,4322.95,2866.6,3264.8,2,1,3264.7,20,3,3264.6,29,5,3264.5,84,5,3264.4,197,5,3265.4,53,2,3265.6,58,1,3265.8,350,2,3266.0,44,2,3266.2,76,3
11536,2025-12-30 13:38:29+05:30,3264.8,1,3252.42,1265207,116707.0,128791.0,3250.0,3267.5,3239.8,3251.5,45748150,3576.6,2926.4,4322.95,2866.6,3264.8,2,1,3264.7,20,3,3264.6,29,5,3264.5,84,5,3264.4,197,5,3265.4,53,2,3265.6,58,1,3265.8,350,2,3266.0,44,2,3266.2,76,3
11536,2025-12-30 13:38:30+05:30,3264.8,1,3252.42,1265207,116562.0,128816.0,3250.0,3267.5,3239.8,3251.5,45748150,3576.6,2926.4,4322.95,2866.6,3264.9,10,1,3264.8,2,1,3264.7,9,2,3264.6,29,5,3264.5,64,4,3265.4,53,2,3265.6,58,1,3265.8,381,3,3266.0,75,3,3266.2,76,3
11536,2025-12-30 13:38:31+05:30,3264.8,1,3252.42,1265207,116562.0,128816.0,3250.0,3267.5,3239.8,3251.5,45748150,3576.6,2926.4,4322.95,2866.6,3264.9,10,1,3264.8,2,1,3264.7,9,2,3264.6,29,5,3264.5,64,4,3265.4,53,2,3265.6,58,1,3265.8,381,3,3266.0,75,3,3266.2,76,3
11536,2025-12-30 13:38:31+05:30,3265.4,1,3252.42,1265208,116692.0,128923.0,3250.0,3267.5,3239.8,3251.5,45748150,3576.6,2926.4,4322.95,2866.6,3264.9,10,1,3264.8,11,2,3264.7,9,2,3264.6,29,5,3264.5,64,4,3265.4,52,2,3265.6,58,1,3265.8,350,2,3266.0,20,1,3266.2,45,2
11536,2025-12-30 13:38:31+05:30,3265.4,2,3252.42,1265208,116692.0,128923.0,3250.0,3267.5,3239.8,3251.5,45748150,3576.6,2926.4,4322.95,2866.6,3264.9,10,1,3264.8,11,2,3264.7,9,2,3264.6,29,5,3264.5,64,4,3265.4,52,2,3265.6,58,1,3265.8,350,2,3266.0,20,1,3266.2,45,2
11536,2025-12-30 13:38:31+05:30,3265.4,2,3252.42,1265208,116692.0,128923.0,3250.0,3267.5,3239.8,3251.5,45748150,3576.6,2926.4,4322.95,2866.6,3264.9,10,1,3264.8,11,2,3264.7,9,2,3264.6,29,5,3264.5,64,4,3265.4,52,2,3265.6,58,1,3265.8,350,2,3266.0,20,1,3266.2,45,2
11536,2025-12-30 13:38:32+05:30,3265.4,1,3252.42,1265211,116705.0,128920.0,3250.0,3267.5,3239.8,3251.5,45748150,3576.6,2926.4,4322.95,2866.6,3264.9,10,1,3264.8,11,2,3264.7,9,2,3264.6,62,6,3264.5,100,5,3265.4,49,2,3265.6,58,1,3265.8,350,2,3266.0,20,1,3266.2,76,3
11536,2025-12-30 13:38:32+05:30,3265.4,1,3252.42,1265211,116705.0,128920.0,3250.0,3267.5,3239.8,3251.5,45748150,3576.6,2926.4,4322.95,2866.6,3264.9,10,1,3264.8,11,2,3264.7,9,2,3264.6,62,6,3264.5,100,5,3265.4,49,2,3265.6,58,1,3265.8,350,2,3266.0,20,1,3266.2,76,3
11536,2025-12-30 13:38:32+05:30,3265.4,1,3252.42,1265211,116705.0,128920.0,3250.0,3267.5,3239.8,3251.5,45748150,3576.6,2926.4,4322.95,2866.6,3264.9,10,1,3264.8,11,2,3264.7,9,2,3264.6,62,6,3264.5,100,5,3265.4,49,2,3265.6,58,1,3265.8,350,2,3266.0,20,1,3266.2,76,3
11536,2025-12-30 13:38:33+05:30,3265.4,1,3252.42,1265211,116702.0,128929.0,3250.0,3267.5,3239.8,3251.5,45748150,3576.6,2926.4,4322.95,2866.6,3264.9,10,1,3264.8,11,2,3264.7,9,2,3264.6,62,6,3264.5,120,6,3265.4,49,2,3265.6,58,1,3265.8,350,2,3266.0,20,1,3266.2,76,3
11536,2025-12-30 13:38:33+05:30,3265.4,1,3252.42,1265211,116702.0,128929.0,3250.0,3267.5,3239.8,3251.5,45748150,3576.6,2926.4,4322.95,2866.6,3264.9,10,1,3264.8,11,2,3264.7,9,2,3264.6,62,6,3264.5,120,6,3265.4,49,2,3265.6,58,1,3265.8,350,2,3266.0,20,1,3266.2,76,3
11536,2025-12-30 13:38:34+05:30,3264.9,5,3252.42,1265217,116688.0,128921.0,3250.0,3267.5,3239.8,3251.5,45748150,3576.6,2926.4,4322.95,2866.6,3264.9,5,1,3264.8,11,2,3264.7,30,3,3264.6,62,6,3264.5,100,5,3265.4,48,2,3265.6,58,1,3265.8,350,2,3266.0,20,1,3266.2,76,3
11536,2025-12-30 13:38:34+05:30,3264.9,1,3252.42,1265217,116688.0,128921.0,3250.0,3267.5,3239.8,3251.5,45748150,3576.6,2926.4,4322.95,2866.6,3264.9,5,1,3264.8,11,2,3264.7,30,3,3264.6,62,6,3264.5,100,5,3265.4,48,2,3265.6,58,1,3265.8,350,2,3266.0,20,1,3266.2,76,3
11536,2025-12-30 13:38:34+05:30,3264.9,1,3252.42,1265217,116688.0,128921.0,3250.0,3267.5,3239.8,3251.5,45748150,3576.6,2926.4,4322.95,2866.6,3264.9,5,1,3264.8,11,2,3264.7,30,3,3264.6,62,6,3264.5,100,5,3265.4,48,2,3265.6,58,1,3265.8,350,2,3266.0,20,1,3266.2,76,3
11536,2025-12-30 13:38:35+05:30,3265.4,1,3252.42,1265225,116694.0,128923.0,3250.0,3267.5,3239.8,3251.5,45748150,3576.6,2926.4,4322.95,2866.6,3264.9,4,1,3264.8,33,3,3264.7,9,2,3264.6,82,7,3264.5,100,5,3265.4,41,2,3265.6,58,1,3265.8,350,2,3266.0,20,1,3266.2,76,3
11536,2025-12-30 13:38:35+05:30,3265.4,1,3252.42,1265225,116694.0,128923.0,3250.0,3267.5,3239.8,3251.5,45748150,3576.6,2926.4,4322.95,2866.6,3264.9,4,1,3264.8,33,3,3264.7,9,2,3264.6,82,7,3264.5,100,5,3265.4,41,2,3265.6,58,1,3265.8,350,2,3266.0,20,1,3266.2,76,3
11536,2025-12-30 13:38:35+05:30,3265.4,1,3252.42,1265225,116694.0,128923.0,3250.0,3267.5,3239.8,3251.5,45748150,3576.6,2926.4,4322.95,2866.6,3264.9,4,1,3264.8,33,3,3264.7,9,2,3264.6,82,7,3264.5,100,5,3265.4,41,2,3265.6,58,1,3265.8,350,2,3266.0,20,1,3266.2,76,3
11536,2025-12-30 13:38:36+05:30,3265.4,1,3252.42,1265225,116694.0,128923.0,3250.0,3267.5,3239.8,3251.5,45748150,3576.6,2926.4,4322.95,2866.6,3264.9,4,1,3264.8,33,3,3264.7,9,2,3264.6,82,7,3264.5,100,5,3265.4,41,2,3265.6,58,1,3265.8,350,2,3266.0,20,1,3266.2,76,3
11536,2025-12-30 13:38:36+05:30,3265.4,1,3252.42,1265225,116694.0,128924.0,3250.0,3267.5,3239.8,3251.5,45748150,3576.6,2926.4,4322.95,2866.6,3264.9,4,1,3264.8,33,3,3264.7,9,2,3264.6,82,7,3264.5,100,5,3265.4,41,2,3265.6,58,1,3265.8,350,2,3266.0,20,1,3266.2,76,3
11536,2025-12-30 13:38:37+05:30,3265.4,1,3252.42,1265225,116694.0,128924.0,3250.0,3267.5,3239.8,3251.5,45748150,3576.6,2926.4,4322.95,2866.6,3264.9,4,1,3264.8,33,3,3264.7,9,2,3264.6,82,7,3264.5,100,5,3265.4,41,2,3265.6,58,1,3265.8,350,2,3266.0,20,1,3266.2,76,3
11536,2025-12-30 13:38:37+05:30,3265.4,1,3252.42,1265225,116604.0,129772.0,3250.0,3267.5,3239.8,3251.5,45748150,3576.6,2926.4,4322.95,2866.6,3264.9,4,1,3264.8,2,1,3264.7,30,3,3264.6,29,5,3264.5,64,4,3265.2,58,1,3265.3,350,2,3265.4,41,2,3265.9,15,1,3266.0,20,1
11536,2025-12-30 13:38:37+05:30,3265.4,1,3252.42,1265225,116604.0,129772.0,3250.0,3267.5,3239.8,3251.5,45748150,3576.6,2926.4,4322.95,2866.6,3264.9,4,1,3264.8,2,1,3264.7,30,3,3264.6,29,5,3264.5,64,4,3265.2,58,1,3265.3,350,2,3265.4,41,2,3265.9,15,1,3266.0,20,1
11536,2025-12-30 13:38:37+05:30,3265.1,19,3252.42,1265225,116604.0,129772.0,3250.0,3267.5,3239.8,3251.5,45748150,3576.6,2926.4,4322.95,2866.6,3264.9,4,1,3264.8,2,1,3264.7,30,3,3264.6,29,5,3264.5,64,4,3265.2,58,1,3265.3,350,2,3265.4,41,2,3265.9,15,1,3266.0,20,1
11536,2025-12-30 13:38:38+05:30,3265.1,4,3252.42,1265248,116713.0,129729.0,3250.0,3267.5,3239.8,3251.5,45748150,3576.6,2926.4,4322.95,2866.6,3264.9,4,1,3264.8,29,3,3264.7,9,2,3264.6,49,6,3264.5,64,4,3265.1,35,1,3265.2,44,2,3265.3,350,2,3265.4,29,1,3265.9,15,1
11536,2025-12-30 13:38:38+05:30,3265.1,4,3252.42,1265248,116713.0,129729.0,3250.0,3267.5,3239.8,3251.5,45748150,3576.6,2926.4,4322.95,2866.6,3264.9,4,1,3264.8,29,3,3264.7,9,2,3264.6,49,6,3264.5,64,4,3265.1,35,1,3265.2,44,2,3265.3,350,2,3265.4,29,1,3265.9,15,1
11536,2025-12-30 13:38:38+05:30,3265.1,4,3252.42,1265248,116713.0,129729.0,3250.0,3267.5,3239.8,3251.5,45748150,3576.6,2926.4,4322.95,2866.6,3264.9,4,1,3264.8,29,3,3264.7,9,2,3264.6,49,6,3264.5,64,4,3265.1,35,1,3265.2,44,2,3265.3,350,2,3265.4,29,1,3265.9,15,1
11536,2025-12-30 13:38:39+05:30,3265.1,4,3252.42,1265248,116676.0,129647.0,3250.0,3267.5,3239.8,3251.5,45748150,3576.6,2926.4,4322.95,2866.6,3264.9,4,1,3264.8,2,1,3264.7,15,3,3264.6,29,5,3264.5,64,4,3265.1,35,1,3265.2,44,2,3265.3,350,2,3265.4,29,1,3265.9,45,2
11536,2025-12-30 13:38:39+05:30,3264.9,1,3252.42,1265248,116676.0,129647.0,3250.0,3267.5,3239.8,3251.5,45748150,3576.6,2926.4,4322.95,2866.6,3264.9,4,1,3264.8,2,1,3264.7,15,3,3264.6,29,5,3264.5,64,4,3265.1,35,1,3265.2,44,2,3265.3,350,2,3265.4,29,1,3265.9,45,2
11536,2025-12-30 13:38:40+05:30,3264.9,1,3252.42,1265248,116676.0,129647.0,3250.0,3267.5,3239.8,3251.5,45748150,3576.6,2926.4,4322.95,2866.6,3264.9,4,1,3264.8,2,1,3264.7,15,3,3264.6,29,5,3264.5,64,4,3265.1,35,1,3265.2,44,2,3265.3,350,2,3265.4,29,1,3265.9,45,2
11536,2025-12-30 13:38:40+05:30,3264.8,1,3252.42,1265259,115591.0,129929.0,3250.0,3267.5,3239.8,3251.5,45748150,3576.6,2926.4,4322.95,2866.6,3264.8,2,1,3264.7,9,2,3264.6,29,5,3264.5,56,4,3264.4,38,3,3265.1,35,1,3265.2,44,2,3265.3,350,2,3265.4,29,1,3265.8,67,2
11536,2025-12-30 13:38:40+05:30,3264.8,1,3252.42,1265259,115591.0,129929.0,3250.0,3267.5,3239.8,3251.5,45748150,3576.6,2926.4,4322.95,2866.6,3264.8,2,1,3264.7,9,2,3264.6,29,5,3264.5,56,4,3264.4,38,3,3265.1,35,1,3265.2,44,2,3265.3,350,2,3265.4,29,1,3265.8,67,2
11536,2025-12-30 13:38:41+05:30,3264.8,1,3252.42,1265259,115809.0,129794.0,3250.0,3267.5,3239.8,3251.5,45748150,3576.6,2926.4,4322.95,2866.6,3264.8,2,1,3264.7,9,2,3264.6,29,5,3264.5,36,3,3264.4,38,3,3265.1,40,2,3265.2,32,1,3265.3,350,2,3265.4,29,1,3265.8,67,2
11536,2025-12-30 13:38:42+05:30,3264.8,1,3252.42,1265259,115809.0,129794.0,3250.0,3267.5,3239.8,3251.5,45748150,3576.6,2926.4,4322.95,2866.6,3264.8,2,1,3264.7,9,2,3264.6,29,5,3264.5,36,3,3264.4,38,3,3265.1,40,2,3265.2,32,1,3265.3,350,2,3265.4,29,1,3265.8,67,2
11536,2025-12-30 13:38:42+05:30,3265.1,4,3252.42,1265315,115561.0,130045.0,3250.0,3267.5,3239.8,3251.5,45748150,3576.6,2926.4,4322.95,2866.6,3264.7,2,2,3264.6,29,5,3264.5,22,2,3264.4,38,3,3264.3,31,4,3265.1,48,3,3265.2,32,1,3265.3,350,2,3265.4,29,1,3265.5,22,1
11536,2025-12-30 13:38:42+05:30,3265.1,4,3252.42,1265315,115561.0,130045.0,3250.0,3267.5,3239.8,3251.5,45748150,3576.6,2926.4,4322.95,2866.6,3264.7,2,2,3264.6,29,5,3264.5,22,2,3264.4,38,3,3264.3,31,4,3265.1,48,3,3265.2,32,1,3265.3,350,2,3265.4,29,1,3265.5,22,1
11536,2025-12-30 13:38:43+05:30,3264.7,8,3252.42,1265346,115802.0,130345.0,3250.0,3267.5,3239.8,3251.5,45748150,3576.6,2926.4,4322.95,2866.6,3264.6,29,5,3264.5,22,2,3264.4,38,3,3264.3,109,7,3264.2,156,1,3264.7,1,1,3265.1,17,2,3265.2,32,1,3265.4,31,2,3265.6,226,3
11536,2025-12-30 13:38:43+05:30,3264.7,8,3252.42,1265346,115802.0,130345.0,3250.0,3267.5,3239.8,3251.5,45748150,3576.6,2926.4,4322.95,2866.6,3264.6,29,5,3264.5,22,2,3264.4,38,3,3264.3,109,7,3264.2,156,1,3264.7,1,1,3265.1,17,2,3265.2,32,1,3265.4,31,2,3265.6,226,3
11536,2025-12-30 13:38:44+05:30,3264.7,8,3252.42,1265346,115802.0,130345.0,3250.0,3267.5,3239.8,3251.5,45748150,3576.6,2926.4,4322.95,2866.6,3264.6,29,5,3264.5,22,2,3264.4,38,3,3264.3,109,7,3264.2,156,1,3264.7,1,1,3265.1,17,2,3265.2,32,1,3265.4,31,2,3265.6,226,3
11536,2025-12-30 13:38:44+05:30,3264.7,8,3252.42,1265346,115534.0,130546.0,3250.0,3267.5,3239.8,3251.5,45748150,3576.6,2926.4,4322.95,2866.6,3264.6,29,5,3264.5,22,2,3264.4,21,2,3264.3,59,5,3264.2,175,2,3264.7,18,2,3265.2,32,1,3265.3,23,1,3265.4,206,3,3265.6,401,4
11536,2025-12-30 13:38:45+05:30,3264.7,8,3252.42,1265346,115534.0,130546.0,3250.0,3267.5,3239.8,3251.5,45748150,3576.6,2926.4,4322.95,2866.6,3264.6,29,5,3264.5,22,2,3264.4,21,2,3264.3,59,5,3264.2,175,2,3264.7,18,2,3265.2,32,1,3265.3,23,1,3265.4,206,3,3265.6,401,4
11536,2025-12-30 13:38:45+05:30,3264.6,1,3252.42,1265346,115534.0,130546.0,3250.0,3267.5,3239.8,3251.5,45748150,3576.6,2926.4,4322.95,2866.6,3264.6,29,5,3264.5,22,2,3264.4,21,2,3264.3,59,5,3264.2,175,2,3264.7,18,2,3265.2,32,1,3265.3,23,1,3265.4,206,3,3265.6,401,4
11536,2025-12-30 13:38:45+05:30,3264.6,1,3252.42,1265353,115547.0,130527.0,3250.0,3267.5,3239.8,3251.5,45748150,3576.6,2926.4,4322.95,2866.6,3264.6,28,5,3264.5,22,2,3264.4,21,2,3264.3,49,5,3264.1,89,6,3264.7,12,1,3265.2,32,1,3265.3,23,1,3265.4,206,3,3265.5,35,1
11536,2025-12-30 13:38:46+05:30,3264.7,1,3252.42,1265353,115547.0,130527.0,3250.0,3267.5,3239.8,3251.5,45748150,3576.6,2926.4,4322.95,2866.6,3264.6,28,5,3264.5,22,2,3264.4,21,2,3264.3,49,5,3264.1,89,6,3264.7,12,1,3265.2,32,1,3265.3,23,1,3265.4,206,3,3265.5,35,1
11536,2025-12-30 13:38:46+05:30,3264.7,1,3252.42,1265354,114128.0,130478.0,3250.0,3267.5,3239.8,3251.5,45748150,3576.6,2926.4,4322.95,2866.6,3264.6,28,5,3264.5,22,2,3264.4,21,2,3264.3,49,5,3264.2,19,1,3264.7,11,1,3265.2,32,1,3265.3,23,1,3265.4,206,3,3265.5,35,1
11536,2025-12-30 13:38:47+05:30,3264.7,1,3252.42,1265354,114128.0,130478.0,3250.0,3267.5,3239.8,3251.5,45797675,3576.6,2926.4,4322.95,2866.6,3264.6,28,5,3264.5,22,2,3264.4,21,2,3264.3,49,5,3264.2,19,1,3264.7,11,1,3265.2,32,1,3265.3,23,1,3265.4,206,3,3265.5,35,1
11536,2025-12-30 13:38:47+05:30,3264.7,3,3252.42,1265357,114133.0,130475.0,3250.0,3267.5,3239.8,3251.5,45797675,3576.6,2926.4,4322.95,2866.6,3264.6,28,5,3264.5,22,2,3264.4,21,2,3264.3,49,5,3264.2,19,1,3264.7,8,1,3265.2,32,1,3265.3,23,1,3265.4,206,3,3265.5,35,1
11536,2025-12-30 13:38:48+05:30,3264.7,3,3252.42,1265357,114133.0,130475.0,3250.0,3267.5,3239.8,3251.5,45797675,3576.6,2926.4,4322.95,2866.6,3264.6,28,5,3264.5,22,2,3264.4,21,2,3264.3,49,5,3264.2,19,1,3264.7,8,1,3265.2,32,1,3265.3,23,1,3265.4,206,3,3265.5,35,1
11536,2025-12-30 13:38:48+05:30,3264.6,1,3252.42,1265359,115259.0,129935.0,3250.0,3267.5,3239.8,3251.5,45797675,3576.6,2926.4,4322.95,2866.6,3264.6,26,5,3264.5,22,2,3264.4,21,2,3264.3,49,5,3264.1,37,4,3264.7,8,1,3265.2,32,1,3265.3,23,1,3265.4,31,2,3265.5,35,1
11536,2025-12-30 13:38:49+05:30,3264.6,1,3252.42,1265359,115259.0,129935.0,3250.0,3267.5,3239.8,3251.5,45797675,3576.6,2926.4,4322.95,2866.6,3264.6,26,5,3264.5,22,2,3264.4,21,2,3264.3,49,5,3264.1,37,4,3264.7,8,1,3265.2,32,1,3265.3,23,1,3265.4,31,2,3265.5,35,1
11536,2025-12-30 13:38:49+05:30,3264.7,1,3252.42,1265359,115259.0,129935.0,3250.0,3267.5,3239.8,3251.5,45797675,3576.6,2926.4,4322.95,2866.6,3264.6,26,5,3264.5,22,2,3264.4,21,2,3264.3,49,5,3264.1,37,4,3264.7,8,1,3265.2,32,1,3265.3,23,1,3265.4,31,2,3265.5,35,1
11536,2025-12-30 13:38:49+05:30,3264.7,1,3252.42,1265360,113950.0,130151.0,3250.0,3267.5,3239.8,3251.5,45797675,3576.6,2926.4,4322.95,2866.6,3264.6,26,5,3264.5,22,2,3264.4,21,2,3264.3,49,5,3264.1,37,4,3264.7,54,3,3265.2,32,1,3265.3,58,2,3265.4,31,2,3265.5,175,1
11536,2025-12-30 13:38:50+05:30,3264.6,1,3252.42,1265360,113950.0,130151.0,3250.0,3267.5,3239.8,3251.5,45797675,3576.6,2926.4,4322.95,2866.6,3264.6,26,5,3264.5,22,2,3264.4,21,2,3264.3,49,5,3264.1,37,4,3264.7,54,3,3265.2,32,1,3265.3,58,2,3265.4,31,2,3265.5,175,1
11536,2025-12-30 13:38:50+05:30,3264.6,1,3252.42,1265361,115486.0,130520.0,3250.0,3267.5,3239.8,3251.5,45797675,3576.6,2926.4,4322.95,2866.6,3264.6,37,7,3264.5,22,2,3264.4,40,3,3264.3,76,6,3264.2,47,2,3264.7,54,3,3265.3,58,2,3265.4,31,2,3265.5,206,2,3265.7,383,4
11536,2025-12-30 13:38:51+05:30,3265.4,3,3252.42,1265361,115486.0,130520.0,3250.0,3267.5,3239.8,3251.5,45797675,3576.6,2926.4,4322.95,2866.6,3264.6,37,7,3264.5,22,2,3264.4,40,3,3264.3,76,6,3264.2,47,2,3264.7,54,3,3265.3,58,2,3265.4,31,2,3265.5,206,2,3265.7,383,4
11536,2025-12-30 13:38:52+05:30,3265.4,3,3252.42,1265418,116170.0,128786.0,3250.0,3267.5,3239.8,3251.5,45797675,3576.6,2926.4,4322.95,2866.6,3264.6,84,9,3264.5,99,5,3264.4,196,4,3264.3,76,6,3264.2,279,5,3265.4,26,1,3265.7,175,1,3265.9,371,3,3266.0,21,2,3266.2,97,4
11536,2025-12-30 13:38:53+05:30,3265.4,3,3252.42,1265418,115999.0,128757.0,3250.0,3267.5,3239.8,3251.5,45797675,3576.6,2926.4,4322.95,2866.6,3264.6,84,9,3264.5,99,5,3264.4,196,4,3264.3,76,6,3264.2,233,4,3265.4,26,1,3265.7,175,1,3265.9,371,3,3266.0,21,2,3266.2,97,4
11536,2025-12-30 13:38:54+05:30,3265.4,1,3252.42,1265419,116025.0,128773.0,3250.0,3267.5,3239.8,3251.5,45797675,3576.6,2926.4,4322.95,2866.6,3264.6,129,10,3264.5,99,5,3264.4,196,4,3264.3,76,6,3264.2,233,4,3265.4,25,1,3265.7,175,1,3265.9,371,3,3266.0,21,2,3266.2,97,4
11536,2025-12-30 13:38:54+05:30,3265.4,1,3252.42,1265419,116025.0,128773.0,3250.0,3267.5,3239.8,3251.5,45797675,3576.6,2926.4,4322.95,2866.6,3264.6,129,10,3264.5,99,5,3264.4,196,4,3264.3,76,6,3264.2,233,4,3265.4,25,1,3265.7,175,1,3265.9,371,3,3266.0,21,2,3266.2,97,4
11536,2025-12-30 13:38:55+05:30,3265.4,2,3252.42,1265426,115972.0,128826.0,3250.0,3267.5,3239.8,3251.5,45797675,3576.6,2926.4,4322.95,2866.6,3264.6,164,11,3264.5,64,4,3264.4,196,4,3264.3,76,6,3264.2,203,3,3265.4,18,1,3265.7,10,1,3265.8,175,1,3265.9,49,2,3266.0,196,3
11536,2025-12-30 13:38:55+05:30,3265.4,2,3252.42,1265426,115972.0,128826.0,3250.0,3267.5,3239.8,3251.5,45797675,3576.6,2926.4,4322.95,2866.6,3264.6,164,11,3264.5,64,4,3264.4,196,4,3264.3,76,6,3264.2,203,3,3265.4,18,1,3265.7,10,1,3265.8,175,1,3265.9,49,2,3266.0,196,3
11536,2025-12-30 13:38:56+05:30,3265.4,2,3252.42,1265426,115983.0,128737.0,3250.0,3267.5,3239.8,3251.5,45797675,3576.6,2926.4,4322.95,2866.6,3264.6,174,12,3264.5,64,4,3264.4,196,4,3264.3,76,6,3264.2,203,3,3265.4,18,1,3265.7,10,1,3265.8,175,1,3265.9,49,2,3266.0,371,4
11536,2025-12-30 13:38:56+05:30,3264.6,1,3252.42,1265426,115983.0,128737.0,3250.0,3267.5,3239.8,3251.5,45797675,3576.6,2926.4,4322.95,2866.6,3264.6,174,12,3264.5,64,4,3264.4,196,4,3264.3,76,6,3264.2,203,3,3265.4,18,1,3265.7,10,1,3265.8,175,1,3265.9,49,2,3266.0,371,4
11536,2025-12-30 13:38:57+05:30,3264.6,1,3252.42,1265427,115934.0,128729.0,3250.0,3267.5,3239.8,3251.5,45797675,3576.6,2926.4,4322.95,2866.6,3264.6,173,12,3264.5,118,5,3264.4,94,4,3264.3,76,6,3264.2,203,3,3265.4,18,1,3265.7,10,1,3265.8,175,1,3265.9,49,2,3266.0,371,4
11536,2025-12-30 13:38:58+05:30,3264.6,1,3252.42,1265429,115939.0,128729.0,3250.0,3267.5,3239.8,3251.5,45797675,3576.6,2926.4,4322.95,2866.6,3264.6,178,13,3264.5,118,5,3264.4,94,4,3264.3,76,6,3264.2,203,3,3265.4,18,1,3265.7,10,1,3265.8,175,1,3265.9,49,2,3266.0,371,4
11536,2025-12-30 13:38:58+05:30,3264.6,1,3252.42,1265429,115939.0,128729.0,3250.0,3267.5,3239.8,3251.5,45797675,3576.6,2926.4,4322.95,2866.6,3264.6,178,13,3264.5,118,5,3264.4,94,4,3264.3,76,6,3264.2,203,3,3265.4,18,1,3265.7,10,1,3265.8,175,1,3265.9,49,2,3266.0,371,4
11536,2025-12-30 13:38:59+05:30,3264.6,1,3252.42,1265429,116145.0,125971.0,3250.0,3267.5,3239.8,3251.5,45797675,3576.6,2926.4,4322.95,2866.6,3264.6,102,10,3264.5,118,5,3264.4,308,7,3264.3,76,6,3264.2,446,6,3265.4,18,1,3265.8,29,2,3265.9,196,2,3266.0,1,1,3266.1,377,3
11536,2025-12-30 13:38:59+05:30,3265.4,1,3252.42,1265429,116145.0,125971.0,3250.0,3267.5,3239.8,3251.5,45797675,3576.6,2926.4,4322.95,2866.6,3264.6,102,10,3264.5,118,5,3264.4,308,7,3264.3,76,6,3264.2,446,6,3265.4,18,1,3265.8,29,2,3265.9,196,2,3266.0,1,1,3266.1,377,3
11536,2025-12-30 13:39:00+05:30,3265.4,1,3252.42,1265430,114915.0,127348.0,3250.0,3267.5,3239.8,3251.5,45797675,3576.6,2926.4,4322.95,2866.6,3264.6,80,8,3264.5,76,3,3264.4,75,3,3264.3,49,5,3264.2,22,1,3265.4,17,1,3265.6,77,3,3265.7,219,3,3265.8,241,4,3265.9,196,2
11536,2025-12-30 13:39:01+05:30,3265.4,1,3252.42,1265431,115338.0,126229.0,3250.0,3267.5,3239.8,3251.5,45797675,3576.6,2926.4,4322.95,2866.6,3264.6,92,9,3264.5,76,3,3264.4,75,3,3264.3,79,6,3264.2,56,2,3265.4,16,1,3265.5,10,1,3265.6,47,2,3265.7,209,2,3265.8,66,3
11536,2025-12-30 13:39:01+05:30,3265.4,1,3252.42,1265431,115338.0,126229.0,3250.0,3267.5,3239.8,3251.5,45797675,3576.6,2926.4,4322.95,2866.6,3264.6,92,9,3264.5,76,3,3264.4,75,3,3264.3,79,6,3264.2,56,2,3265.4,16,1,3265.5,10,1,3265.6,47,2,3265.7,209,2,3265.8,66,3
11536,2025-12-30 13:39:02+05:30,3265.4,1,3252.42,1265431,115327.0,126202.0,3250.0,3267.5,3239.8,3251.5,45797675,3576.6,2926.4,4322.95,2866.6,3264.6,93,10,3264.5,76,3,3264.4,75,3,3264.3,79,6,3264.2,22,1,3265.4,16,1,3265.5,37,2,3265.7,195,2,3265.8,46,2,3265.9,371,3
11536,2025-12-30 13:39:02+05:30,3264.6,1,3252.42,1265431,115327.0,126202.0,3250.0,3267.5,3239.8,3251.5,45797675,3576.6,2926.4,4322.95,2866.6,3264.6,93,10,3264.5,76,3,3264.4,75,3,3264.3,79,6,3264.2,22,1,3265.4,16,1,3265.5,37,2,3265.7,195,2,3265.8,46,2,3265.9,371,3
11536,2025-12-30 13:39:03+05:30,3265.4,3,3252.42,1265445,115330.0,126204.0,3250.0,3267.5,3239.8,3251.5,45797675,3576.6,2926.4,4322.95,2866.6,3264.6,81,8,3264.5,76,3,3264.4,75,3,3264.3,79,6,3264.2,22,1,3265.4,13,1,3265.5,57,3,3265.6,30,1,3265.7,175,1,3265.8,66,3
11536,2025-12-30 13:39:03+05:30,3265.4,3,3252.42,1265445,115330.0,126204.0,3250.0,3267.5,3239.8,3251.5,45797675,3576.6,2926.4,4322.95,2866.6,3264.6,81,8,3264.5,76,3,3264.4,75,3,3264.3,79,6,3264.2,22,1,3265.4,13,1,3265.5,57,3,3265.6,30,1,3265.7,175,1,3265.8,66,3
11536,2025-12-30 13:39:04+05:30,3265.4,3,3252.42,1265445,116052.0,125668.0,3250.0,3267.5,3239.8,3251.5,45797675,3576.6,2926.4,4322.95,2866.6,3264.7,64,2,3264.6,81,8,3264.5,86,4,3264.4,258,5,3264.3,80,6,3265.4,13,1,3265.8,222,4,3265.9,48,2,3266.0,371,4,3266.1,25,1
11536,2025-12-30 13:39:05+05:30,3265.4,1,3252.42,1265452,116093.0,125698.0,3250.0,3267.5,3239.8,3251.5,45797675,3576.6,2926.4,4322.95,2866.6,3264.7,128,4,3264.6,81,8,3264.5,90,4,3264.4,258,5,3264.3,80,6,3265.4,20,2,3265.8,222,4,3265.9,48,2,3266.0,371,4,3266.2,96,4
11536,2025-12-30 13:39:05+05:30,3265.4,1,3252.42,1265452,116093.0,125698.0,3250.0,3267.5,3239.8,3251.5,45797675,3576.6,2926.4,4322.95,2866.6,3264.7,128,4,3264.6,81,8,3264.5,90,4,3264.4,258,5,3264.3,80,6,3265.4,20,2,3265.8,222,4,3265.9,48,2,3266.0,371,4,3266.2,96,4
11536,2025-12-30 13:39:06+05:30,3265.4,1,3252.42,1265452,116245.0,126186.0,3250.0,3267.5,3239.8,3251.5,45797675,3576.6,2926.4,4322.95,2866.6,3264.8,74,3,3264.7,53,1,3264.6,101,9,3264.5,145,6,3264.4,280,7,3265.4,20,2,3265.9,20,1,3266.0,46,3,3266.1,184,2,3266.2,74,3
11536,2025-12-30 13:39:07+05:30,3266.1,68,3252.42,1265595,116281.0,126021.0,3250.0,3267.5,3239.8,3251.5,45797675,3576.6,2926.4,4322.95,2866.6,3264.7,66,3,3264.6,96,9,3264.5,124,6,3264.4,334,8,3264.3,96,7,3266.0,91,5,3266.1,171,3,3266.2,75,3,3266.3,351,3,3266.4,68,3
11536,2025-12-30 13:39:07+05:30,3264.7,1,3252.42,1265595,116281.0,126021.0,3250.0,3267.5,3239.8,3251.5,45797675,3576.6,2926.4,4322.95,2866.6,3264.7,66,3,3264.6,96,9,3264.5,124,6,3264.4,334,8,3264.3,96,7,3266.0,91,5,3266.1,171,3,3266.2,75,3,3266.3,351,3,3266.4,68,3
11536,2025-12-30 13:39:08+05:30,3264.7,1,3252.42,1265596,116299.0,126273.0,3250.0,3267.5,3239.8,3251.5,45797675,3576.6,2926.4,4322.95,2866.6,3264.7,66,4,3264.6,81,8,3264.5,124,6,3264.4,341,8,3264.3,130,8,3265.4,6,1,3265.9,64,2,3266.0,151,4,3266.2,446,6,3266.3,3,2
11536,2025-12-30 13:39:09+05:30,3264.8,2,3252.42,1265598,116116.0,124415.0,3250.0,3267.5,3239.8,3251.5,45797675,3576.6,2926.4,4322.95,2866.6,3264.8,25,2,3264.7,56,3,3264.6,136,11,3264.5,137,6,3264.4,201,8,3265.4,6,1,3266.1,19,1,3266.2,134,4,3266.3,108,2,3266.4,48,2
11536,2025-12-30 13:39:09+05:30,3264.8,2,3252.42,1265598,116116.0,124415.0,3250.0,3267.5,3239.8,3251.5,45797675,3576.6,2926.4,4322.95,2866.6,3264.8,25,2,3264.7,56,3,3264.6,136,11,3264.5,137,6,3264.4,201,8,3265.4,6,1,3266.1,19,1,3266.2,134,4,3266.3,108,2,3266.4,48,2
11536,2025-12-30 13:39:10+05:30,3266.2,6,3252.43,1265702,116185.0,124803.0,3250.0,3267.5,3239.8,3251.5,45797675,3576.6,2926.4,4322.95,2866.6,3264.8,52,1,3264.7,56,3,3264.6,96,9,3264.5,110,5,3264.4,339,8,3266.0,104,4,3266.1,60,3,3266.2,180,4,3266.3,1,1,3266.4,417,5
11536,2025-12-30 13:39:10+05:30,3266.0,16,3252.43,1265702,116185.0,124803.0,3250.0,3267.5,3239.8,3251.5,45797675,3576.6,2926.4,4322.95,2866.6,3264.8,52,1,3264.7,56,3,3264.6,96,9,3264.5,110,5,3264.4,339,8,3266.0,104,4,3266.1,60,3,3266.2,180,4,3266.3,1,1,3266.4,417,5
11536,2025-12-30 13:39:11+05:30,3266.0,16,3252.43,1265718,116215.0,124787.0,3250.0,3267.5,3239.8,3251.5,45797675,3576.6,2926.4,4322.95,2866.6,3264.8,52,1,3264.7,56,3,3264.6,96,9,3264.5,110,5,3264.4,339,8,3266.0,88,4,3266.1,167,4,3266.2,73,3,3266.3,351,3,3266.4,67,3
11536,2025-12-30 13:39:11+05:30,3266.0,2,3252.43,1265718,116215.0,124787.0,3250.0,3267.5,3239.8,3251.5,45797675,3576.6,2926.4,4322.95,2866.6,3264.8,52,1,3264.7,56,3,3264.6,96,9,3264.5,110,5,3264.4,339,8,3266.0,88,4,3266.1,167,4,3266.2,73,3,3266.3,351,3,3266.4,67,3
11536,2025-12-30 13:39:12+05:30,3266.0,2,3252.43,1265720,116206.0,124785.0,3250.0,3267.5,3239.8,3251.5,45797675,3576.6,2926.4,4322.95,2866.6,3264.8,52,1,3264.7,56,3,3264.6,96,9,3264.5,110,5,3264.4,339,8,3266.0,193,5,3266.1,69,4,3266.2,423,5,3266.3,1,1,3266.4,67,3
11536,2025-12-30 13:39:12+05:30,3266.0,2,3252.43,1265720,116206.0,124785.0,3250.0,3267.5,3239.8,3251.5,45797675,3576.6,2926.4,4322.95,2866.6,3264.8,52,1,3264.7,56,3,3264.6,96,9,3264.5,110,5,3264.4,339,8,3266.0,193,5,3266.1,69,4,3266.2,423,5,3266.3,1,1,3266.4,67,3
11536,2025-12-30 13:39:13+05:30,3264.7,52,3252.43,1265830,116158.0,125004.0,3250.0,3267.5,3239.8,3251.5,45797675,3576.6,2926.4,4322.95,2866.6,3264.7,30,1,3264.6,96,9,3264.5,100,5,3264.4,339,8,3264.3,129,7,3265.9,112,4,3266.0,150,3,3266.1,16,1,3266.2,403,4,3266.3,21,2
11536,2025-12-30 13:39:13+05:30,3264.7,1,3252.43,1265830,116158.0,125004.0,3250.0,3267.5,3239.8,3251.5,45797675,3576.6,2926.4,4322.95,2866.6,3264.7,30,1,3264.6,96,9,3264.5,100,5,3264.4,339,8,3264.3,129,7,3265.9,112,4,3266.0,150,3,3266.1,16,1,3266.2,403,4,3266.3,21,2
11536,2025-12-30 13:39:14+05:30,3264.7,1,3252.43,1265831,115816.0,124367.0,3250.0,3267.5,3239.8,3251.5,45797675,3576.6,2926.4,4322.95,2866.6,3264.7,31,2,3264.6,96,9,3264.5,97,4,3264.4,140,6,3264.3,129,7,3265.8,91,4,3266.0,142,4,3266.1,168,2,3266.2,262,3,3266.3,176,2
11536,2025-12-30 13:39:15+05:30,3265.8,15,3252.43,1265879,116049.0,125148.0,3250.0,3267.5,3239.8,3251.5,45797675,3576.6,2926.4,4322.95,2866.6,3264.7,68,3,3264.6,96,9,3264.5,125,5,3264.4,140,6,3264.3,129,7,3265.8,24,2,3266.0,230,4,3266.1,80,2,3266.2,437,4,3266.3,1,1
11536,2025-12-30 13:39:15+05:30,3265.8,15,3252.43,1265879,116049.0,125148.0,3250.0,3267.5,3239.8,3251.5,45797675,3576.6,2926.4,4322.95,2866.6,3264.7,68,3,3264.6,96,9,3264.5,125,5,3264.4,140,6,3264.3,129,7,3265.8,24,2,3266.0,230,4,3266.1,80,2,3266.2,437,4,3266.3,1,1
11536,2025-12-30 13:39:16+05:30,3265.8,1,3252.43,1265879,116049.0,125148.0,3250.0,3267.5,3239.8,3251.5,45797675,3576.6,2926.4,4322.95,2866.6,3264.7,68,3,3264.6,96,9,3264.5,125,5,3264.4,140,6,3264.3,129,7,3265.8,24,2,3266.0,230,4,3266.1,80,2,3266.2,437,4,3266.3,1,1
11536,2025-12-30 13:39:16+05:30,3265.8,1,3252.43,1265882,115919.0,124972.0,3250.0,3267.5,3239.8,3251.5,45797675,3576.6,2926.4,4322.95,2866.6,3264.7,40,3,3264.6,81,8,3264.5,136,6,3264.4,214,8,3264.3,116,7,3264.8,8,1,3265.9,61,1,3266.0,221,4,3266.1,90,2,3266.2,432,4
11536,2025-12-30 13:39:17+05:30,3264.8,3,3252.43,1265885,115925.0,124968.0,3250.0,3267.5,3239.8,3251.5,45797675,3576.6,2926.4,4322.95,2866.6,3264.7,42,4,3264.6,81,8,3264.5,136,6,3264.4,185,7,3264.3,145,8,3264.8,5,1,3265.9,61,1,3266.0,221,4,3266.1,90,2,3266.2,432,4
11536,2025-12-30 13:39:18+05:30,3264.8,3,3252.43,1265885,115925.0,124968.0,3250.0,3267.5,3239.8,3251.5,45797675,3576.6,2926.4,4322.95,2866.6,3264.7,42,4,3264.6,81,8,3264.5,136,6,3264.4,185,7,3264.3,145,8,3264.8,5,1,3265.9,61,1,3266.0,221,4,3266.1,90,2,3266.2,432,4
11536,2025-12-30 13:39:18+05:30,3264.8,3,3252.43,1265885,115925.0,124872.0,3250.0,3267.5,3239.8,3251.5,45797675,3576.6,2926.4,4322.95,2866.6,3264.7,42,4,3264.6,81,8,3264.5,136,6,3264.4,185,7,3264.3,145,8,3264.8,5,1,3265.9,61,1,3266.0,221,4,3266.1,90,2,3266.2,432,4
11536,2025-12-30 13:39:19+05:30,3264.7,1,3252.43,1265885,115925.0,124872.0,3250.0,3267.5,3239.8,3251.5,45797675,3576.6,2926.4,4322.95,2866.6,3264.7,42,4,3264.6,81,8,3264.5,136,6,3264.4,185,7,3264.3,145,8,3264.8,5,1,3265.9,61,1,3266.0,221,4,3266.1,90,2,3266.2,432,4
11536,2025-12-30 13:39:19+05:30,3264.7,1,3252.43,1265886,115778.0,124824.0,3250.0,3267.5,3239.8,3251.5,45797675,3576.6,2926.4,4322.95,2866.6,3264.7,41,4,3264.6,81,8,3264.5,136,6,3264.4,185,7,3264.3,145,8,3264.8,5,1,3265.9,61,1,3266.0,221,4,3266.1,90,2,3266.2,432,4
11536,2025-12-30 13:39:20+05:30,3264.8,5,3252.43,1265886,115778.0,124824.0,3250.0,3267.5,3239.8,3251.5,45797675,3576.6,2926.4,4322.95,2866.6,3264.7,41,4,3264.6,81,8,3264.5,136,6,3264.4,185,7,3264.3,145,8,3264.8,5,1,3265.9,61,1,3266.0,221,4,3266.1,90,2,3266.2,432,4
11536,2025-12-30 13:39:20+05:30,3264.8,5,3252.43,1265891,116054.0,123827.0,3250.0,3267.5,3239.8,3251.5,45797675,3576.6,2926.4,4322.95,2866.6,3264.7,72,4,3264.6,116,9,3264.5,131,5,3264.4,189,7,3264.3,272,7,3265.9,23,1,3266.0,184,4,3266.2,394,4,3266.3,27,2,3266.4,47,2
11536,2025-12-30 13:39:21+05:30,3264.8,5,3252.43,1265891,115987.0,123933.0,3250.0,3267.5,3239.8,3251.5,45797675,3576.6,2926.4,4322.95,2866.6,3264.7,39,3,3264.6,81,8,3264.5,131,5,3264.4,189,7,3264.3,97,6,3265.9,101,4,3266.0,200,4,3266.2,394,4,3266.3,27,2,3266.4,66,3
11536,2025-12-30 13:39:22+05:30,3264.8,5,3252.43,1265891,116009.0,123953.0,3250.0,3267.5,3239.8,3251.5,45797675,3576.6,2926.4,4322.95,2866.6,3264.7,39,3,3264.6,81,8,3264.5,131,5,3264.4,189,7,3264.3,97,6,3265.8,96,4,3265.9,39,1,3266.0,186,5,3266.2,394,4,3266.3,27,2
11536,2025-12-30 13:39:23+05:30,3264.8,5,3252.43,1265891,116560.0,125246.0,3250.0,3267.5,3239.8,3251.5,45797675,3576.6,2926.4,4322.95,2866.6,3264.7,29,2,3264.6,81,8,3264.5,104,4,3264.4,159,6,3264.3,97,6,3265.7,68,2,3265.8,74,4,3265.9,39,1,3266.0,161,5,3266.2,394,4
11536,2025-12-30 13:39:24+05:30,3264.7,1,3252.43,1265892,116565.0,125885.0,3250.0,3267.5,3239.8,3251.5,45797675,3576.6,2926.4,4322.95,2866.6,3264.7,28,2,3264.6,81,8,3264.5,104,4,3264.4,159,6,3264.3,97,6,3265.6,68,2,3265.7,19,1,3265.8,46,2,3265.9,39,1,3266.0,153,4
11536,2025-12-30 13:39:24+05:30,3264.7,1,3252.43,1265892,116565.0,125885.0,3250.0,3267.5,3239.8,3251.5,45797675,3576.6,2926.4,4322.95,2866.6,3264.7,28,2,3264.6,81,8,3264.5,104,4,3264.4,159,6,3264.3,97,6,3265.6,68,2,3265.7,19,1,3265.8,46,2,3265.9,39,1,3266.0,153,4
11536,2025-12-30 13:39:25+05:30,3265.6,1,3252.43,1265892,116565.0,125885.0,3250.0,3267.5,3239.8,3251.5,45797675,3576.6,2926.4,4322.95,2866.6,3264.7,28,2,3264.6,81,8,3264.5,104,4,3264.4,159,6,3264.3,97,6,3265.6,68,2,3265.7,19,1,3265.8,46,2,3265.9,39,1,3266.0,153,4
11536,2025-12-30 13:39:25+05:30,3265.6,1,3252.43,1265910,116728.0,125849.0,3250.0,3267.5,3239.8,3251.5,45797675,3576.6,2926.4,4322.95,2866.6,3264.7,11,2,3264.6,81,8,3264.5,76,3,3264.4,159,6,3264.3,275,7,3265.6,86,3,3265.8,65,3,3265.9,146,2,3266.0,30,3,3266.1,224,2
11536,2025-12-30 13:39:26+05:30,3265.6,4,3252.43,1265910,116728.0,125849.0,3250.0,3267.5,3239.8,3251.5,45797675,3576.6,2926.4,4322.95,2866.6,3264.7,11,2,3264.6,81,8,3264.5,76,3,3264.4,159,6,3264.3,275,7,3265.6,86,3,3265.8,65,3,3265.9,146,2,3266.0,30,3,3266.1,224,2
11536,2025-12-30 13:39:26+05:30,3265.6,4,3252.43,1265915,116709.0,125848.0,3250.0,3267.5,3239.8,3251.5,45797675,3576.6,2926.4,4322.95,2866.6,3264.7,10,2,3264.6,81,8,3264.5,104,4,3264.4,159,6,3264.3,97,6,3265.6,63,2,3265.8,65,3,3265.9,146,2,3266.0,21,2,3266.1,350,2
11536,2025-12-30 13:39:27+05:30,3265.6,1,3252.43,1265942,116684.0,125846.0,3250.0,3267.5,3239.8,3251.5,45797675,3576.6,2926.4,4322.95,2866.6,3264.6,71,7,3264.5,76,3,3264.4,159,6,3264.3,261,7,3264.2,231,3,3265.6,79,3,3265.7,10,1,3265.8,64,3,3265.9,171,3,3266.0,21,2
11536,2025-12-30 13:39:27+05:30,3265.6,1,3252.43,1265942,116684.0,125846.0,3250.0,3267.5,3239.8,3251.5,45797675,3576.6,2926.4,4322.95,2866.6,3264.6,71,7,3264.5,76,3,3264.4,159,6,3264.3,261,7,3264.2,231,3,3265.6,79,3,3265.7,10,1,3265.8,64,3,3265.9,171,3,3266.0,21,2
11536,2025-12-30 13:39:28+05:30,3264.6,3,3252.43,1265942,116684.0,125846.0,3250.0,3267.5,3239.8,3251.5,45797675,3576.6,2926.4,4322.95,2866.6,3264.6,71,7,3264.5,76,3,3264.4,159,6,3264.3,261,7,3264.2,231,3,3265.6,79,3,3265.7,10,1,3265.8,64,3,3265.9,171,3,3266.0,21,2
11536,2025-12-30 13:39:28+05:30,3264.6,3,3252.43,1265948,116495.0,127939.0,3250.0,3267.5,3239.8,3251.5,45797675,3576.6,2926.4,4322.95,2866.6,3264.6,68,7,3264.5,76,3,3264.4,137,5,3264.3,97,6,3264.2,231,3,3265.6,90,4,3265.7,10,1,3265.8,64,3,3265.9,171,3,3266.0,21,2
11536,2025-12-30 13:39:29+05:30,3264.6,3,3252.43,1265948,116512.0,127928.0,3250.0,3267.5,3239.8,3251.5,45797675,3576.6,2926.4,4322.95,2866.6,3264.6,68,7,3264.5,76,3,3264.4,137,5,3264.3,97,6,3264.2,231,3,3265.6,72,3,3265.7,10,1,3265.8,64,3,3265.9,171,3,3266.0,21,2
11536,2025-12-30 13:39:30+05:30,3264.6,1,3252.43,1265948,116512.0,127928.0,3250.0,3267.5,3239.8,3251.5,45797675,3576.6,2926.4,4322.95,2866.6,3264.6,68,7,3264.5,76,3,3264.4,137,5,3264.3,97,6,3264.2,231,3,3265.6,72,3,3265.7,10,1,3265.8,64,3,3265.9,171,3,3266.0,21,2
11536,2025-12-30 13:39:30+05:30,3264.6,1,3252.43,1265950,116518.0,127866.0,3250.0,3267.5,3239.8,3251.5,45797675,3576.6,2926.4,4322.95,2866.6,3264.6,67,7,3264.5,76,3,3264.4,137,5,3264.3,97,6,3264.2,231,3,3265.6,71,3,3265.7,10,1,3265.8,64,3,3265.9,132,2,3266.0,19,2
11536,2025-12-30 13:39:31+05:30,3265.6,2,3252.43,1265950,116518.0,127866.0,3250.0,3267.5,3239.8,3251.5,45797675,3576.6,2926.4,4322.95,2866.6,3264.6,67,7,3264.5,76,3,3264.4,137,5,3264.3,97,6,3264.2,231,3,3265.6,71,3,3265.7,10,1,3265.8,64,3,3265.9,132,2,3266.0,19,2
11536,2025-12-30 13:39:32+05:30,3265.6,2,3252.43,1265954,116536.0,127862.0,3250.0,3267.5,3239.8,3251.5,45797675,3576.6,2926.4,4322.95,2866.6,3264.6,67,7,3264.5,104,4,3264.4,137,5,3264.3,115,7,3264.2,231,3,3265.6,67,3,3265.7,10,1,3265.8,46,2,3265.9,132,2,3266.0,19,2
11536,2025-12-30 13:39:33+05:30,3265.6,2,3252.43,1265954,116532.0,128036.0,3250.0,3267.5,3239.8,3251.5,45797675,3576.6,2926.4,4322.95,2866.6,3264.6,67,7,3264.5,76,3,3264.4,137,5,3264.3,97,6,3264.2,231,3,3265.5,107,1,3265.6,105,5,3265.7,212,3,3265.8,123,5,3265.9,24,2
11536,2025-12-30 13:39:34+05:30,3265.6,2,3252.43,1265954,116495.0,128109.0,3250.0,3267.5,3239.8,3251.5,45797675,3576.6,2926.4,4322.95,2866.6,3264.6,67,7,3264.5,76,3,3264.4,137,5,3264.3,97,6,3264.2,231,3,3265.4,107,1,3265.5,157,8,3265.6,380,4,3265.7,27,1,3265.8,77,3
11536,2025-12-30 13:39:35+05:30,3265.4,1,3252.43,1265955,116354.0,128931.0,3250.0,3267.5,3239.8,3251.5,45797675,3576.6,2926.4,4322.95,2866.6,3264.6,67,7,3264.5,76,3,3264.4,134,4,3264.3,69,5,3264.2,82,2,3265.4,106,1,3265.5,157,8,3265.6,380,4,3265.7,27,1,3265.8,77,3
11536,2025-12-30 13:39:35+05:30,3265.4,1,3252.43,1265955,116354.0,128931.0,3250.0,3267.5,3239.8,3251.5,45797675,3576.6,2926.4,4322.95,2866.6,3264.6,67,7,3264.5,76,3,3264.4,134,4,3264.3,69,5,3264.2,82,2,3265.4,106,1,3265.5,157,8,3265.6,380,4,3265.7,27,1,3265.8,77,3
11536,2025-12-30 13:39:36+05:30,3265.4,1,3252.43,1265955,116012.0,129182.0,3250.0,3267.5,3239.8,3251.5,45797675,3576.6,2926.4,4322.95,2866.6,3264.6,67,7,3264.5,76,3,3264.4,134,4,3264.3,61,4,3264.2,54,1,3265.4,162,4,3265.5,101,5,3265.6,422,6,3265.7,27,1,3265.8,77,3
11536,2025-12-30 13:39:36+05:30,3265.4,1,3252.43,1265955,116012.0,129182.0,3250.0,3267.5,3239.8,3251.5,45797675,3576.6,2926.4,4322.95,2866.6,3264.6,67,7,3264.5,76,3,3264.4,134,4,3264.3,61,4,3264.2,54,1,3265.4,162,4,3265.5,101,5,3265.6,422,6,3265.7,27,1,3265.8,77,3
11536,2025-12-30 13:39:37+05:30,3265.4,1,3252.43,1265963,116200.0,129142.0,3250.0,3267.5,3239.8,3251.5,45797675,3576.6,2926.4,4322.95,2866.6,3264.6,66,7,3264.5,76,3,3264.4,134,4,3264.3,61,4,3264.2,54,1,3265.4,155,4,3265.5,101,5,3265.6,457,7,3265.7,27,1,3265.8,77,3
11536,2025-12-30 13:39:38+05:30,3265.4,1,3252.43,1265968,116072.0,129119.0,3250.0,3267.5,3239.8,3251.5,45797675,3576.6,2926.4,4322.95,2866.6,3264.6,66,7,3264.5,76,3,3264.4,134,4,3264.3,61,4,3264.2,54,1,3265.4,150,4,3265.5,101,5,3265.6,447,6,3265.7,27,1,3265.8,77,3
11536,2025-12-30 13:39:38+05:30,3265.4,1,3252.43,1265968,116072.0,129119.0,3250.0,3267.5,3239.8,3251.5,45797675,3576.6,2926.4,4322.95,2866.6,3264.6,66,7,3264.5,76,3,3264.4,134,4,3264.3,61,4,3264.2,54,1,3265.4,150,4,3265.5,101,5,3265.6,447,6,3265.7,27,1,3265.8,77,3
11536,2025-12-30 13:39:39+05:30,3264.6,4,3252.43,1266049,116174.0,129297.0,3250.0,3267.5,3239.8,3251.5,45797675,3576.6,2926.4,4322.95,2866.6,3264.6,29,5,3264.5,76,3,3264.4,134,4,3264.3,61,4,3264.2,54,1,3265.4,172,5,3265.5,101,5,3265.6,447,6,3265.7,27,1,3265.8,77,3
11536,2025-12-30 13:39:39+05:30,3264.6,3,3252.43,1266049,116174.0,129297.0,3250.0,3267.5,3239.8,3251.5,45797675,3576.6,2926.4,4322.95,2866.6,3264.6,29,5,3264.5,76,3,3264.4,134,4,3264.3,61,4,3264.2,54,1,3265.4,172,5,3265.5,101,5,3265.6,447,6,3265.7,27,1,3265.8,77,3
11536,2025-12-30 13:39:40+05:30,3264.6,3,3252.43,1266071,115901.0,130528.0,3250.0,3267.5,3239.8,3251.5,45797675,3576.6,2926.4,4322.95,2866.6,3264.6,31,6,3264.5,76,3,3264.4,134,4,3264.3,61,4,3264.2,54,1,3265.2,93,1,3265.3,390,4,3265.4,71,3,3265.5,103,5,3265.6,42,2
11536,2025-12-30 13:39:41+05:30,3264.6,3,3252.43,1266071,115961.0,130593.0,3250.0,3267.5,3239.8,3251.5,45797675,3576.6,2926.4,4322.95,2866.6,3264.6,83,7,3264.5,76,3,3264.4,134,4,3264.3,61,4,3264.2,54,1,3265.1,93,1,3265.2,59,4,3265.3,435,5,3265.4,77,3,3265.5,62,3
11536,2025-12-30 13:39:41+05:30,3265.1,1,3252.43,1266071,115961.0,130593.0,3250.0,3267.5,3239.8,3251.5,45797675,3576.6,2926.4,4322.95,2866.6,3264.6,83,7,3264.5,76,3,3264.4,134,4,3264.3,61,4,3264.2,54,1,3265.1,93,1,3265.2,59,4,3265.3,435,5,3265.4,77,3,3265.5,62,3
11536,2025-12-30 13:39:42+05:30,3265.1,1,3252.43,1266073,115963.0,130543.0,3250.0,3267.5,3239.8,3251.5,45797675,3576.6,2926.4,4322.95,2866.6,3264.6,82,7,3264.5,76,3,3264.4,134,4,3264.3,61,4,3264.2,54,1,3265.1,92,1,3265.2,59,4,3265.3,435,5,3265.4,77,3,3265.5,62,3
11536,2025-12-30 13:39:42+05:30,3265.1,3,3252.43,1266073,115963.0,130543.0,3250.0,3267.5,3239.8,3251.5,45797675,3576.6,2926.4,4322.95,2866.6,3264.6,82,7,3264.5,76,3,3264.4,134,4,3264.3,61,4,3264.2,54,1,3265.1,92,1,3265.2,59,4,3265.3,435,5,3265.4,77,3,3265.5,62,3
11536,2025-12-30 13:39:43+05:30,3264.6,1,3252.43,1266077,115953.0,130524.0,3250.0,3267.5,3239.8,3251.5,45797675,3576.6,2926.4,4322.95,2866.6,3264.6,81,7,3264.5,76,3,3264.4,134,4,3264.3,61,4,3264.2,54,1,3265.1,120,3,3265.2,28,2,3265.3,435,5,3265.4,77,3,3265.5,62,3
11536,2025-12-30 13:39:43+05:30,3264.6,1,3252.43,1266077,115953.0,130524.0,3250.0,3267.5,3239.8,3251.5,45797675,3576.6,2926.4,4322.95,2866.6,3264.6,81,7,3264.5,76,3,3264.4,134,4,3264.3,61,4,3264.2,54,1,3265.1,120,3,3265.2,28,2,3265.3,435,5,3265.4,77,3,3265.5,62,3
11536,2025-12-30 13:39:44+05:30,3264.6,2,3252.43,1266114,115976.0,130500.0,3250.0,3267.5,3239.8,3251.5,45797675,3576.6,2926.4,4322.95,2866.6,3264.6,79,7,3264.5,76,3,3264.4,134,4,3264.3,61,4,3264.2,54,1,3265.1,143,6,3265.2,45,3,3265.3,435,5,3265.4,77,3,3265.6,42,2
11536,2025-12-30 13:39:44+05:30,3264.6,2,3252.43,1266114,115976.0,130500.0,3250.0,3267.5,3239.8,3251.5,45797675,3576.6,2926.4,4322.95,2866.6,3264.6,79,7,3264.5,76,3,3264.4,134,4,3264.3,61,4,3264.2,54,1,3265.1,143,6,3265.2,45,3,3265.3,435,5,3265.4,77,3,3265.6,42,2
11536,2025-12-30 13:39:45+05:30,3265.1,1,3252.43,1266115,115968.0,130553.0,3250.0,3267.5,3239.8,3251.5,45797675,3576.6,2926.4,4322.95,2866.6,3264.6,79,7,3264.5,76,3,3264.4,134,4,3264.3,61,4,3264.2,54,1,3265.1,159,7,3265.2,5,1,3265.3,408,4,3265.4,104,4,3265.5,33,1
11536,2025-12-30 13:39:45+05:30,3265.1,1,3252.43,1266115,115968.0,130553.0,3250.0,3267.5,3239.8,3251.5,45797675,3576.6,2926.4,4322.95,2866.6,3264.6,79,7,3264.5,76,3,3264.4,134,4,3264.3,61,4,3264.2,54,1,3265.1,159,7,3265.2,5,1,3265.3,408,4,3265.4,104,4,3265.5,33,1
11536,2025-12-30 13:39:46+05:30,3265.1,1,3252.43,1266116,115966.0,130586.0,3250.0,3267.5,3239.8,3251.5,45797675,3576.6,2926.4,4322.95,2866.6,3264.6,79,7,3264.5,76,3,3264.4,134,4,3264.3,61,4,3264.2,54,1,3265.1,158,7,3265.2,5,1,3265.3,408,4,3265.4,104,4,3265.5,33,1
11536,2025-12-30 13:39:46+05:30,3265.1,1,3252.43,1266116,115966.0,130586.0,3250.0,3267.5,3239.8,3251.5,45797675,3576.6,2926.4,4322.95,2866.6,3264.6,79,7,3264.5,76,3,3264.4,134,4,3264.3,61,4,3264.2,54,1,3265.1,158,7,3265.2,5,1,3265.3,408,4,3265.4,104,4,3265.5,33,1
11536,2025-12-30 13:39:47+05:30,3264.6,1,3252.43,1266116,115966.0,130586.0,3250.0,3267.5,3239.8,3251.5,45797675,3576.6,2926.4,4322.95,2866.6,3264.6,79,7,3264.5,76,3,3264.4,134,4,3264.3,61,4,3264.2,54,1,3265.1,158,7,3265.2,5,1,3265.3,408,4,3265.4,104,4,3265.5,33,1
11536,2025-12-30 13:39:48+05:30,3264.6,1,3252.43,1266117,115966.0,130593.0,3250.0,3267.5,3239.8,3251.5,45797675,3576.6,2926.4,4322.95,2866.6,3264.6,79,8,3264.5,76,3,3264.4,134,4,3264.3,61,4,3264.2,54,1,3265.1,158,7,3265.2,5,1,3265.3,408,4,3265.4,104,4,3265.5,33,1
11536,2025-12-30 13:39:50+05:30,3265.1,1,3252.43,1266118,114234.0,130848.0,3250.0,3267.5,3239.8,3251.5,45797675,3576.6,2926.4,4322.95,2866.6,3264.6,79,8,3264.5,76,3,3264.4,134,4,3264.3,61,4,3264.2,54,1,3265.0,115,5,3265.1,140,6,3265.2,51,3,3265.3,374,3,3265.4,89,4
11536,2025-12-30 13:39:50+05:30,3265.0,6,3252.43,1266118,114234.0,130848.0,3250.0,3267.5,3239.8,3251.5,45797675,3576.6,2926.4,4322.95,2866.6,3264.6,79,8,3264.5,76,3,3264.4,134,4,3264.3,61,4,3264.2,54,1,3265.0,115,5,3265.1,140,6,3265.2,51,3,3265.3,374,3,3265.4,89,4
11536,2025-12-30 13:39:51+05:30,3264.6,2,3252.43,1266138,114262.0,130832.0,3250.0,3267.5,3239.8,3251.5,45797675,3576.6,2926.4,4322.95,2866.6,3264.6,85,8,3264.5,76,3,3264.4,134,4,3264.3,61,4,3264.2,54,1,3265.0,113,5,3265.1,126,5,3265.2,51,3,3265.3,374,3,3265.4,89,4
11536,2025-12-30 13:39:51+05:30,3265.0,1,3252.43,1266138,114262.0,130832.0,3250.0,3267.5,3239.8,3251.5,45797675,3576.6,2926.4,4322.95,2866.6,3264.6,85,8,3264.5,76,3,3264.4,134,4,3264.3,61,4,3264.2,54,1,3265.0,113,5,3265.1,126,5,3265.2,51,3,3265.3,374,3,3265.4,89,4
11536,2025-12-30 13:39:52+05:30,3265.0,1,3252.43,1266154,114879.0,131509.0,3250.0,3267.5,3239.8,3251.5,45797675,3576.6,2926.4,4322.95,2866.6,3264.6,80,8,3264.5,76,3,3264.4,75,3,3264.3,15,3,3264.0,47,7,3265.0,111,6,3265.1,126,5,3265.2,137,5,3265.3,454,5,3265.4,89,4
11536,2025-12-30 13:39:53+05:30,3265.0,4,3252.43,1266158,114853.0,131536.0,3250.0,3267.5,3239.8,3251.5,45797675,3576.6,2926.4,4322.95,2866.6,3264.6,79,7,3264.5,76,3,3264.4,75,3,3264.3,15,3,3264.0,47,7,3265.0,116,6,3265.1,126,5,3265.2,137,5,3265.3,454,5,3265.4,89,4
11536,2025-12-30 13:39:53+05:30,3264.6,1,3252.43,1266158,114853.0,131536.0,3250.0,3267.5,3239.8,3251.5,45797675,3576.6,2926.4,4322.95,2866.6,3264.6,79,7,3264.5,76,3,3264.4,75,3,3264.3,15,3,3264.0,47,7,3265.0,116,6,3265.1,126,5,3265.2,137,5,3265.3,454,5,3265.4,89,4
11536,2025-12-30 13:39:54+05:30,3265.0,1,3252.43,1266161,114914.0,131536.0,3250.0,3267.5,3239.8,3251.5,45797675,3576.6,2926.4,4322.95,2866.6,3264.6,78,7,3264.5,76,3,3264.4,75,3,3264.3,15,3,3264.0,47,7,3265.0,130,6,3265.1,126,5,3265.2,137,5,3265.3,454,5,3265.4,89,4
11536,2025-12-30 13:39:54+05:30,3265.0,1,3252.43,1266161,114914.0,131536.0,3250.0,3267.5,3239.8,3251.5,45797675,3576.6,2926.4,4322.95,2866.6,3264.6,78,7,3264.5,76,3,3264.4,75,3,3264.3,15,3,3264.0,47,7,3265.0,130,6,3265.1,126,5,3265.2,137,5,3265.3,454,5,3265.4,89,4
11536,2025-12-30 13:39:55+05:30,3265.0,1,3252.43,1266337,114248.0,131938.0,3250.0,3267.5,3239.8,3251.5,45797675,3576.6,2926.4,4322.95,2866.6,3264.6,26,4,3264.5,76,3,3264.4,75,3,3264.3,15,3,3264.0,47,7,3265.0,203,11,3265.1,97,3,3265.2,110,4,3265.3,422,4,3265.4,89,4
11536,2025-12-30 13:39:55+05:30,3265.0,1,3252.43,1266337,114248.0,131938.0,3250.0,3267.5,3239.8,3251.5,45797675,3576.6,2926.4,4322.95,2866.6,3264.6,26,4,3264.5,76,3,3264.4,75,3,3264.3,15,3,3264.0,47,7,3265.0,203,11,3265.1,97,3,3265.2,110,4,3265.3,422,4,3265.4,89,4
11536,2025-12-30 13:39:56+05:30,3265.0,1,3252.43,1266337,114504.0,131992.0,3250.0,3267.5,3239.8,3251.5,45797675,3576.6,2926.4,4322.95,2866.6,3264.6,75,5,3264.5,76,3,3264.4,75,3,3264.3,15,3,3264.0,47,7,3265.0,203,11,3265.1,97,3,3265.2,110,4,3265.3,398,3,3265.4,89,4
11536,2025-12-30 13:39:57+05:30,3265.0,1,3252.43,1266337,114523.0,131932.0,3250.0,3267.5,3239.8,3251.5,45797675,3576.6,2926.4,4322.95,2866.6,3264.6,75,5,3264.5,76,3,3264.4,75,3,3264.3,15,3,3264.0,47,7,3265.0,165,9,3265.1,97,3,3265.2,110,4,3265.3,398,3,3265.4,89,4
11536,2025-12-30 13:39:58+05:30,3264.6,2,3252.43,1266342,114930.0,131984.0,3250.0,3267.5,3239.8,3251.5,45797675,3576.6,2926.4,4322.95,2866.6,3264.6,73,5,3264.5,76,3,3264.4,75,3,3264.3,15,3,3264.0,47,7,3265.0,178,10,3265.1,46,2,3265.2,161,5,3265.3,48,1,3265.4,498,7
11536,2025-12-30 13:39:58+05:30,3264.6,1,3252.43,1266342,114930.0,131984.0,3250.0,3267.5,3239.8,3251.5,45797675,3576.6,2926.4,4322.95,2866.6,3264.6,73,5,3264.5,76,3,3264.4,75,3,3264.3,15,3,3264.0,47,7,3265.0,178,10,3265.1,46,2,3265.2,161,5,3265.3,48,1,3265.4,498,7
11536,2025-12-30 13:39:59+05:30,3264.6,1,3252.43,1266343,114936.0,131968.0,3250.0,3267.5,3239.8,3251.5,45797675,3576.6,2926.4,4322.95,2866.6,3264.6,72,5,3264.5,76,3,3264.4,75,3,3264.3,15,3,3264.0,47,7,3265.0,162,9,3265.1,46,2,3265.2,161,5,3265.3,48,1,3265.4,498,7
11536,2025-12-30 13:40:00+05:30,3265.2,44,3252.43,1266645,114986.0,131929.0,3250.0,3267.5,3239.8,3251.5,45797675,3576.6,2926.4,4322.95,2866.6,3264.6,72,5,3264.5,76,3,3264.4,75,3,3264.3,15,3,3264.0,47,7,3265.2,142,6,3265.3,84,2,3265.4,498,7,3265.5,76,2,3265.6,127,4
11536,2025-12-30 13:40:00+05:30,3265.2,5,3252.43,1266645,114986.0,131929.0,3250.0,3267.5,3239.8,3251.5,45797675,3576.6,2926.4,4322.95,2866.6,3264.6,72,5,3264.5,76,3,3264.4,75,3,3264.3,15,3,3264.0,47,7,3265.2,142,6,3265.3,84,2,3265.4,498,7,3265.5,76,2,3265.6,127,4
11536,2025-12-30 13:40:01+05:30,3265.2,1,3252.43,1266652,115010.0,131932.0,3250.0,3267.5,3239.8,3251.5,45797675,3576.6,2926.4,4322.95,2866.6,3264.6,72,5,3264.5,76,3,3264.4,75,3,3264.3,15,3,3264.0,47,7,3265.2,135,6,3265.3,84,2,3265.4,498,7,3265.5,76,2,3265.6,127,4
11536,2025-12-30 13:40:01+05:30,3265.2,1,3252.43,1266652,115010.0,131932.0,3250.0,3267.5,3239.8,3251.5,45797675,3576.6,2926.4,4322.95,2866.6,3264.6,72,5,3264.5,76,3,3264.4,75,3,3264.3,15,3,3264.0,47,7,3265.2,135,6,3265.3,84,2,3265.4,498,7,3265.5,76,2,3265.6,127,4
11536,2025-12-30 13:40:02+05:30,3265.2,1,3252.43,1266652,115011.0,131969.0,3250.0,3267.5,3239.8,3251.5,45797675,3576.6,2926.4,4322.95,2866.6,3264.6,72,5,3264.5,76,3,3264.4,75,3,3264.3,15,3,3264.0,47,7,3265.1,101,3,3265.2,71,4,3265.3,398,3,3265.4,148,5,3265.5,76,2
11536,2025-12-30 13:40:03+05:30,3264.4,8,3252.43,1266652,115011.0,131969.0,3250.0,3267.5,3239.8,3251.5,45797675,3576.6,2926.4,4322.95,2866.6,3264.6,72,5,3264.5,76,3,3264.4,75,3,3264.3,15,3,3264.0,47,7,3265.1,101,3,3265.2,71,4,3265.3,398,3,3265.4,148,5,3265.5,76,2
11536,2025-12-30 13:40:03+05:30,3264.8,33,3252.44,1267301,113668.0,132068.0,3250.0,3267.5,3239.8,3251.5,45797675,3576.6,2926.4,4322.95,2866.6,3264.4,67,3,3264.3,15,3,3264.1,69,2,3264.0,30,6,3263.9,3,1,3264.8,175,1,3265.0,192,2,3265.1,42,1,3265.2,172,4,3265.3,112,3
11536,2025-12-30 13:40:04+05:30,3264.4,1,3252.44,1267302,114899.0,131988.0,3250.0,3267.5,3239.8,3251.5,45797675,3576.6,2926.4,4322.95,2866.6,3264.4,66,3,3264.3,15,3,3264.0,30,6,3263.9,36,2,3263.8,31,2,3264.6,5,1,3265.1,18,1,3265.2,188,3,3265.3,88,2,3265.4,438,6
11536,2025-12-30 13:40:04+05:30,3264.4,1,3252.44,1267302,114899.0,131988.0,3250.0,3267.5,3239.8,3251.5,45797675,3576.6,2926.4,4322.95,2866.6,3264.4,66,3,3264.3,15,3,3264.0,30,6,3263.9,36,2,3263.8,31,2,3264.6,5,1,3265.1,18,1,3265.2,188,3,3265.3,88,2,3265.4,438,6
11536,2025-12-30 13:40:05+05:30,3264.6,1,3252.44,1267302,114899.0,131988.0,3250.0,3267.5,3239.8,3251.5,45797675,3576.6,2926.4,4322.95,2866.6,3264.4,66,3,3264.3,15,3,3264.0,30,6,3263.9,36,2,3263.8,31,2,3264.6,5,1,3265.1,18,1,3265.2,188,3,3265.3,88,2,3265.4,438,6
11536,2025-12-30 13:40:05+05:30,3264.6,1,3252.44,1267303,114891.0,131933.0,3250.0,3267.5,3239.8,3251.5,45797675,3576.6,2926.4,4322.95,2866.6,3264.4,66,3,3264.3,15,3,3264.0,30,6,3263.9,36,2,3263.8,31,2,3264.6,4,1,3264.8,5,1,3265.0,18,1,3265.1,175,1,3265.2,26,2
11536,2025-12-30 13:40:06+05:30,3264.6,1,3252.44,1267303,114288.0,131992.0,3250.0,3267.5,3239.8,3251.5,45797675,3576.6,2926.4,4322.95,2866.6,3264.4,66,3,3264.3,15,3,3264.0,30,6,3263.9,36,2,3263.8,31,2,3264.6,4,1,3264.8,23,2,3265.0,18,1,3265.1,208,2,3265.2,62,3
11536,2025-12-30 13:40:07+05:30,3264.6,1,3252.44,1267303,113669.0,131988.0,3250.0,3267.5,3239.8,3251.5,45797675,3576.6,2926.4,4322.95,2866.6,3264.4,66,3,3264.3,15,3,3264.0,30,6,3263.9,36,2,3263.8,31,2,3264.6,4,1,3264.8,23,2,3265.0,18,1,3265.1,232,3,3265.2,62,3
11536,2025-12-30 13:40:08+05:30,3264.6,4,3252.44,1267303,113669.0,131988.0,3250.0,3267.5,3239.8,3251.5,45797675,3576.6,2926.4,4322.95,2866.6,3264.4,66,3,3264.3,15,3,3264.0,30,6,3263.9,36,2,3263.8,31,2,3264.6,4,1,3264.8,23,2,3265.0,18,1,3265.1,232,3,3265.2,62,3
11536,2025-12-30 13:40:08+05:30,3264.6,4,3252.44,1267307,113679.0,132165.0,3250.0,3267.5,3239.8,3251.5,45797675,3576.6,2926.4,4322.95,2866.6,3264.4,66,3,3264.3,15,3,3264.0,30,6,3263.9,3,1,3263.8,31,2,3264.8,23,2,3265.0,18,1,3265.1,232,3,3265.2,62,3,3265.3,405,4
11536,2025-12-30 13:40:09+05:30,3264.4,1,3252.44,1267308,113695.0,132165.0,3250.0,3267.5,3239.8,3251.5,45797675,3576.6,2926.4,4322.95,2866.6,3264.4,75,3,3264.3,15,3,3264.0,30,6,3263.9,3,1,3263.8,31,2,3264.8,23,2,3265.0,18,1,3265.1,232,3,3265.2,62,3,3265.3,405,4
11536,2025-12-30 13:40:09+05:30,3264.4,1,3252.44,1267308,113695.0,132165.0,3250.0,3267.5,3239.8,3251.5,45797675,3576.6,2926.4,4322.95,2866.6,3264.4,75,3,3264.3,15,3,3264.0,30,6,3263.9,3,1,3263.8,31,2,3264.8,23,2,3265.0,18,1,3265.1,232,3,3265.2,62,3,3265.3,405,4
11536,2025-12-30 13:40:11+05:30,3264.4,1,3252.44,1267311,113692.0,132163.0,3250.0,3267.5,3239.8,3251.5,45797675,3576.6,2926.4,4322.95,2866.6,3264.4,74,3,3264.3,15,3,3264.0,30,6,3263.9,3,1,3263.8,31,2,3264.8,21,2,3265.0,18,1,3265.1,232,3,3265.2,62,3,3265.3,405,4
11536,2025-12-30 13:40:11+05:30,3264.4,1,3252.44,1267311,113692.0,132163.0,3250.0,3267.5,3239.8,3251.5,45797675,3576.6,2926.4,4322.95,2866.6,3264.4,74,3,3264.3,15,3,3264.0,30,6,3263.9,3,1,3263.8,31,2,3264.8,21,2,3265.0,18,1,3265.1,232,3,3265.2,62,3,3265.3,405,4
11536,2025-12-30 13:40:12+05:30,3264.8,2,3252.44,1267314,113799.0,132181.0,3250.0,3267.5,3239.8,3251.5,45797675,3576.6,2926.4,4322.95,2866.6,3264.4,74,3,3264.3,15,3,3264.0,30,6,3263.9,3,1,3263.8,31,2,3264.8,23,2,3265.0,18,1,3265.1,232,3,3265.2,78,4,3265.3,405,4
11536,2025-12-30 13:40:12+05:30,3264.8,2,3252.44,1267314,113799.0,132181.0,3250.0,3267.5,3239.8,3251.5,45797675,3576.6,2926.4,4322.95,2866.6,3264.4,74,3,3264.3,15,3,3264.0,30,6,3263.9,3,1,3263.8,31,2,3264.8,23,2,3265.0,18,1,3265.1,232,3,3265.2,78,4,3265.3,405,4
11536,2025-12-30 13:40:13+05:30,3264.4,1,3252.44,1267315,113798.0,132181.0,3250.0,3267.5,3239.8,3251.5,45797675,3576.6,2926.4,4322.95,2866.6,3264.4,73,3,3264.3,15,3,3264.0,30,6,3263.9,3,1,3263.8,31,2,3264.8,23,2,3265.0,18,1,3265.1,232,3,3265.2,78,4,3265.3,405,4
11536,2025-12-30 13:40:13+05:30,3264.4,1,3252.44,1267315,113798.0,132181.0,3250.0,3267.5,3239.8,3251.5,45797675,3576.6,2926.4,4322.95,2866.6,3264.4,73,3,3264.3,15,3,3264.0,30,6,3263.9,3,1,3263.8,31,2,3264.8,23,2,3265.0,18,1,3265.1,232,3,3265.2,78,4,3265.3,405,4
11536,2025-12-30 13:40:14+05:30,3264.8,8,3252.44,1267323,113729.0,132190.0,3250.0,3267.5,3239.8,3251.5,45797675,3576.6,2926.4,4322.95,2866.6,3264.4,74,4,3264.3,15,3,3264.0,30,6,3263.9,3,1,3263.8,31,2,3264.8,29,3,3265.0,50,2,3265.1,237,3,3265.2,42,3,3265.3,405,4
11536,2025-12-30 13:40:14+05:30,3264.8,8,3252.44,1267323,113729.0,132190.0,3250.0,3267.5,3239.8,3251.5,45797675,3576.6,2926.4,4322.95,2866.6,3264.4,74,4,3264.3,15,3,3264.0,30,6,3263.9,3,1,3263.8,31,2,3264.8,29,3,3265.0,50,2,3265.1,237,3,3265.2,42,3,3265.3,405,4
11536,2025-12-30 13:40:15+05:30,3264.4,1,3252.44,1267325,113720.0,132220.0,3250.0,3267.5,3239.8,3251.5,45797675,3576.6,2926.4,4322.95,2866.6,3264.4,73,4,3264.3,15,3,3264.0,30,6,3263.9,3,1,3263.8,31,2,3264.8,59,4,3265.0,50,2,3265.1,237,3,3265.2,42,3,3265.3,405,4
11536,2025-12-30 13:40:15+05:30,3264.4,1,3252.44,1267325,113720.0,132220.0,3250.0,3267.5,3239.8,3251.5,45797675,3576.6,2926.4,4322.95,2866.6,3264.4,73,4,3264.3,15,3,3264.0,30,6,3263.9,3,1,3263.8,31,2,3264.8,59,4,3265.0,50,2,3265.1,237,3,3265.2,42,3,3265.3,405,4
11536,2025-12-30 13:40:16+05:30,3264.8,1,3252.44,1267366,113720.0,132233.0,3250.0,3267.5,3239.8,3251.5,45797675,3576.6,2926.4,4322.95,2866.6,3264.4,73,4,3264.3,15,3,3264.0,30,6,3263.9,3,1,3263.8,31,2,3264.8,37,3,3265.0,85,3,3265.1,237,3,3265.2,42,3,3265.3,405,4
11536,2025-12-30 13:40:16+05:30,3264.8,1,3252.44,1267366,113720.0,132233.0,3250.0,3267.5,3239.8,3251.5,45797675,3576.6,2926.4,4322.95,2866.6,3264.4,73,4,3264.3,15,3,3264.0,30,6,3263.9,3,1,3263.8,31,2,3264.8,37,3,3265.0,85,3,3265.1,237,3,3265.2,42,3,3265.3,405,4
11536,2025-12-30 13:40:17+05:30,3264.8,1,3252.44,1267366,113720.0,132233.0,3250.0,3267.5,3239.8,3251.5,45797675,3576.6,2926.4,4322.95,2866.6,3264.4,73,4,3264.3,15,3,3264.0,30,6,3263.9,3,1,3263.8,31,2,3264.8,37,3,3265.0,260,4,3265.1,62,2,3265.2,359,5,3265.3,88,2
11536,2025-12-30 13:40:17+05:30,3264.8,4,3252.44,1267366,113720.0,132233.0,3250.0,3267.5,3239.8,3251.5,45797675,3576.6,2926.4,4322.95,2866.6,3264.4,73,4,3264.3,15,3,3264.0,30,6,3263.9,3,1,3263.8,31,2,3264.8,37,3,3265.0,260,4,3265.1,62,2,3265.2,359,5,3265.3,88,2
11536,2025-12-30 13:40:18+05:30,3264.4,6,3252.44,1267523,113617.0,132166.0,3250.0,3267.5,3239.8,3251.5,45797675,3576.6,2926.4,4322.95,2866.6,3264.4,15,2,3264.3,15,3,3264.0,30,6,3263.9,3,1,3263.8,3,1,3264.8,5,1,3265.0,283,5,3265.1,38,1,3265.2,382,6,3265.3,88,2
11536,2025-12-30 13:40:18+05:30,3264.4,6,3252.44,1267523,113617.0,132166.0,3250.0,3267.5,3239.8,3251.5,45797675,3576.6,2926.4,4322.95,2866.6,3264.4,15,2,3264.3,15,3,3264.0,30,6,3263.9,3,1,3263.8,3,1,3264.8,5,1,3265.0,283,5,3265.1,38,1,3265.2,382,6,3265.3,88,2
11536,2025-12-30 13:40:19+05:30,3263.2,61,3252.45,1267916,111859.0,132838.0,3250.0,3267.5,3239.8,3251.5,45797675,3576.6,2926.4,4322.95,2866.6,3263.2,199,8,3263.1,53,3,3263.0,309,9,3262.9,72,3,3262.8,322,7,3264.0,43,3,3264.1,29,2,3264.3,391,4,3264.4,175,1,3264.8,169,4
11536,2025-12-30 13:40:19+05:30,3263.2,61,3252.45,1267916,111859.0,132838.0,3250.0,3267.5,3239.8,3251.5,45797675,3576.6,2926.4,4322.95,2866.6,3263.2,199,8,3263.1,53,3,3263.0,309,9,3262.9,72,3,3262.8,322,7,3264.0,43,3,3264.1,29,2,3264.3,391,4,3264.4,175,1,3264.8,169,4
11536,2025-12-30 13:40:20+05:30,3263.2,61,3252.45,1267916,112030.0,133249.0,3250.0,3267.5,3239.8,3251.5,45797675,3576.6,2926.4,4322.95,2866.6,3263.2,88,6,3263.1,59,3,3263.0,380,11,3262.9,99,4,3262.8,339,8,3264.0,43,3,3264.1,29,2,3264.3,391,4,3264.4,175,1,3264.7,132,1
11536,2025-12-30 13:40:21+05:30,3263.2,61,3252.45,1267916,112038.0,133054.0,3250.0,3267.5,3239.8,3251.5,45797675,3576.6,2926.4,4322.95,2866.6,3263.2,88,6,3263.1,59,3,3263.0,380,11,3262.9,99,4,3262.8,339,8,3264.0,43,3,3264.1,29,2,3264.3,391,4,3264.4,175,1,3264.7,132,1
11536,2025-12-30 13:40:21+05:30,3263.2,1,3252.45,1267916,112038.0,133054.0,3250.0,3267.5,3239.8,3251.5,45797675,3576.6,2926.4,4322.95,2866.6,3263.2,88,6,3263.1,59,3,3263.0,380,11,3262.9,99,4,3262.8,339,8,3264.0,43,3,3264.1,29,2,3264.3,391,4,3264.4,175,1,3264.7,132,1
11536,2025-12-30 13:40:22+05:30,3263.2,1,3252.45,1267917,111826.0,132922.0,3250.0,3267.5,3239.8,3251.5,45797675,3576.6,2926.4,4322.95,2866.6,3263.2,70,5,3263.1,31,2,3263.0,194,9,3262.9,99,4,3262.8,293,7,3264.0,43,3,3264.1,29,2,3264.3,381,3,3264.4,175,1,3264.5,132,1
11536,2025-12-30 13:40:23+05:30,3264.0,1,3252.45,1267918,113236.0,133117.0,3250.0,3267.5,3239.8,3251.5,45797675,3576.6,2926.4,4322.95,2866.6,3263.2,38,4,3263.1,32,1,3263.0,336,10,3262.9,107,5,3262.8,290,7,3264.0,44,4,3264.1,29,2,3264.3,381,3,3264.4,201,2,3264.5,132,1
11536,2025-12-30 13:40:23+05:30,3264.0,1,3252.45,1267918,113236.0,133117.0,3250.0,3267.5,3239.8,3251.5,45797675,3576.6,2926.4,4322.95,2866.6,3263.2,38,4,3263.1,32,1,3263.0,336,10,3262.9,107,5,3262.8,290,7,3264.0,44,4,3264.1,29,2,3264.3,381,3,3264.4,201,2,3264.5,132,1
11536,2025-12-30 13:40:24+05:30,3263.2,2,3252.45,1267920,113066.0,133273.0,3250.0,3267.5,3239.8,3251.5,45797675,3576.6,2926.4,4322.95,2866.6,3263.2,36,4,3263.1,32,1,3263.0,150,8,3262.9,107,5,3262.8,307,8,3264.0,44,4,3264.1,29,2,3264.3,381,3,3264.4,201,2,3264.5,132,1
11536,2025-12-30 13:40:24+05:30,3263.2,2,3252.45,1267920,113066.0,133273.0,3250.0,3267.5,3239.8,3251.5,45797675,3576.6,2926.4,4322.95,2866.6,3263.2,36,4,3263.1,32,1,3263.0,150,8,3262.9,107,5,3262.8,307,8,3264.0,44,4,3264.1,29,2,3264.3,381,3,3264.4,201,2,3264.5,132,1
11536,2025-12-30 13:40:25+05:30,3264.0,1,3252.45,1267921,113058.0,133280.0,3250.0,3267.5,3239.8,3251.5,45797675,3576.6,2926.4,4322.95,2866.6,3263.2,36,4,3263.1,32,1,3263.0,150,8,3262.9,107,5,3262.8,307,8,3264.0,43,4,3264.1,29,2,3264.3,381,3,3264.4,201,2,3264.5,132,1
11536,2025-12-30 13:40:25+05:30,3264.0,1,3252.45,1267921,113058.0,133280.0,3250.0,3267.5,3239.8,3251.5,45797675,3576.6,2926.4,4322.95,2866.6,3263.2,36,4,3263.1,32,1,3263.0,150,8,3262.9,107,5,3262.8,307,8,3264.0,43,4,3264.1,29,2,3264.3,381,3,3264.4,201,2,3264.5,132,1
11536,2025-12-30 13:40:26+05:30,3263.2,1,3252.45,1267923,113136.0,133326.0,3250.0,3267.5,3239.8,3251.5,45797675,3576.6,2926.4,4322.95,2866.6,3263.2,21,3,3263.1,32,1,3263.0,133,7,3262.9,145,6,3262.8,276,8,3264.0,174,5,3264.1,29,2,3264.2,175,1,3264.3,381,3,3264.4,201,2
11536,2025-12-30 13:40:26+05:30,3263.2,1,3252.45,1267923,113136.0,133326.0,3250.0,3267.5,3239.8,3251.5,45797675,3576.6,2926.4,4322.95,2866.6,3263.2,21,3,3263.1,32,1,3263.0,133,7,3262.9,145,6,3262.8,276,8,3264.0,174,5,3264.1,29,2,3264.2,175,1,3264.3,381,3,3264.4,201,2
11536,2025-12-30 13:40:27+05:30,3263.2,1,3252.45,1267923,113132.0,133413.0,3250.0,3267.5,3239.8,3251.5,45797675,3576.6,2926.4,4322.95,2866.6,3263.2,22,4,3263.0,133,7,3262.9,117,5,3262.8,275,8,3262.7,79,2,3264.0,184,6,3264.1,30,3,3264.2,387,4,3264.3,381,3,3264.4,201,2
11536,2025-12-30 13:40:29+05:30,3264.0,1,3252.45,1267923,113132.0,133413.0,3250.0,3267.5,3239.8,3251.5,45797675,3576.6,2926.4,4322.95,2866.6,3263.2,22,4,3263.0,133,7,3262.9,117,5,3262.8,275,8,3262.7,79,2,3264.0,184,6,3264.1,30,3,3264.2,387,4,3264.3,381,3,3264.4,201,2
11536,2025-12-30 13:40:31+05:30,3263.7,2,3252.45,1267923,113132.0,133413.0,3250.0,3267.5,3239.8,3251.5,45797675,3576.6,2926.4,4322.95,2866.6,3263.2,22,4,3263.0,133,7,3262.9,117,5,3262.8,275,8,3262.7,79,2,3264.0,184,6,3264.1,30,3,3264.2,387,4,3264.3,381,3,3264.4,201,2
11536,2025-12-30 13:40:32+05:30,3263.7,2,3252.45,1268107,112737.0,132329.0,3250.0,3267.5,3239.8,3251.5,45797675,3576.6,2926.4,4322.95,2866.6,3263.2,18,2,3263.1,10,1,3263.0,150,8,3262.9,24,2,3262.8,94,6,3264.0,172,5,3264.1,30,3,3264.2,317,2,3264.3,381,3,3264.4,26,1
11536,2025-12-30 13:40:35+05:30,3263.7,1,3252.45,1268107,112737.0,132329.0,3250.0,3267.5,3239.8,3251.5,45797675,3576.6,2926.4,4322.95,2866.6,3263.2,18,2,3263.1,10,1,3263.0,150,8,3262.9,24,2,3262.8,94,6,3264.0,172,5,3264.1,30,3,3264.2,317,2,3264.3,381,3,3264.4,26,1
11536,2025-12-30 13:40:36+05:30,3263.7,40,3252.45,1268193,111922.0,131693.0,3250.0,3267.5,3239.8,3251.5,45797675,3576.6,2926.4,4322.95,2866.6,3263.2,48,1,3263.0,132,7,3262.9,8,1,3262.8,50,4,3262.6,22,3,3263.7,91,1,3263.8,350,3,3263.9,39,1,3264.0,43,4,3264.1,30,3
11536,2025-12-30 13:40:38+05:30,3263.2,1,3252.45,1268193,111922.0,131693.0,3250.0,3267.5,3239.8,3251.5,45797675,3576.6,2926.4,4322.95,2866.6,3263.2,48,1,3263.0,132,7,3262.9,8,1,3262.8,50,4,3262.6,22,3,3263.7,91,1,3263.8,350,3,3263.9,39,1,3264.0,43,4,3264.1,30,3
11536,2025-12-30 13:40:41+05:30,3263.8,67,3252.46,1268862,111368.0,129373.0,3250.0,3267.5,3239.8,3251.5,45797675,3576.6,2926.4,4322.95,2866.6,3262.9,41,2,3262.8,73,4,3262.7,32,3,3262.6,202,6,3262.5,124,6,3263.8,175,1,3263.9,283,2,3264.0,237,4,3264.1,7,2,3264.2,44,1
11536,2025-12-30 13:40:41+05:30,3263.8,67,3252.46,1268862,111368.0,129373.0,3250.0,3267.5,3239.8,3251.5,45797675,3576.6,2926.4,4322.95,2866.6,3262.9,41,2,3262.8,73,4,3262.7,32,3,3262.6,202,6,3262.5,124,6,3263.8,175,1,3263.9,283,2,3264.0,237,4,3264.1,7,2,3264.2,44,1
11536,2025-12-30 13:40:44+05:30,3263.1,1,3252.46,1268862,111368.0,129373.0,3250.0,3267.5,3239.8,3251.5,45797675,3576.6,2926.4,4322.95,2866.6,3262.9,41,2,3262.8,73,4,3262.7,32,3,3262.6,202,6,3262.5,124,6,3263.8,175,1,3263.9,283,2,3264.0,237,4,3264.1,7,2,3264.2,44,1
11536,2025-12-30 13:40:45+05:30,3263.7,1,3252.46,1268872,113213.0,130823.0,3250.0,3267.5,3239.8,3251.5,45797675,3576.6,2926.4,4322.95,2866.6,3263.1,7,1,3263.0,63,3,3262.9,30,2,3262.8,164,9,3262.7,6,2,3263.7,170,1,3263.8,46,2,3263.9,283,2,3264.0,292,2,3264.1,1,1
11536,2025-12-30 13:40:47+05:30,3263.1,3,3252.46,1268872,113213.0,130823.0,3250.0,3267.5,3239.8,3251.5,45797675,3576.6,2926.4,4322.95,2866.6,3263.1,7,1,3263.0,63,3,3262.9,30,2,3262.8,164,9,3262.7,6,2,3263.7,170,1,3263.8,46,2,3263.9,283,2,3264.0,292,2,3264.1,1,1
11536,2025-12-30 13:40:49+05:30,3263.1,1,3252.46,1268886,113386.0,129803.0,3250.0,3267.5,3239.8,3251.5,45797675,3576.6,2926.4,4322.95,2866.6,3263.1,52,4,3263.0,66,3,3262.9,8,1,3262.8,134,9,3262.7,36,3,3263.7,182,2,3263.8,32,1,3263.9,283,2,3264.0,492,3,3264.6,72,3
11536,2025-12-30 13:40:50+05:30,3262.8,31,3252.46,1268886,113386.0,129803.0,3250.0,3267.5,3239.8,3251.5,45797675,3576.6,2926.4,4322.95,2866.6,3263.1,52,4,3263.0,66,3,3262.9,8,1,3262.8,134,9,3262.7,36,3,3263.7,182,2,3263.8,32,1,3263.9,283,2,3264.0,492,3,3264.6,72,3
11536,2025-12-30 13:40:53+05:30,3263.7,3,3252.46,1269066,111252.0,131303.0,3250.0,3267.5,3239.8,3251.5,45797675,3576.6,2926.4,4322.95,2866.6,3262.8,54,5,3262.7,3,1,3262.6,193,5,3262.5,59,5,3262.4,265,7,3263.5,163,1,3263.6,283,2,3263.7,58,3,3263.8,10,1,3264.0,507,4
11536,2025-12-30 13:40:53+05:30,3263.7,3,3252.46,1269066,111252.0,131303.0,3250.0,3267.5,3239.8,3251.5,45797675,3576.6,2926.4,4322.95,2866.6,3262.8,54,5,3262.7,3,1,3262.6,193,5,3262.5,59,5,3262.4,265,7,3263.5,163,1,3263.6,283,2,3263.7,58,3,3263.8,10,1,3264.0,507,4
11536,2025-12-30 13:40:56+05:30,3262.8,1,3252.46,1269066,111252.0,131303.0,3250.0,3267.5,3239.8,3251.5,45797675,3576.6,2926.4,4322.95,2866.6,3262.8,54,5,3262.7,3,1,3262.6,193,5,3262.5,59,5,3262.4,265,7,3263.5,163,1,3263.6,283,2,3263.7,58,3,3263.8,10,1,3264.0,507,4
11536,2025-12-30 13:40:58+05:30,3262.8,2,3252.46,1269307,111396.0,131237.0,3250.0,3267.5,3239.8,3251.5,45797675,3576.6,2926.4,4322.95,2866.6,3262.8,45,6,3262.7,13,2,3262.6,37,4,3262.5,85,6,3262.4,298,9,3263.3,173,1,3263.4,274,2,3263.7,44,2,3263.9,23,1,3264.0,537,6
11536,2025-12-30 13:40:59+05:30,3262.8,2,3252.46,1269307,111396.0,131237.0,3250.0,3267.5,3239.8,3251.5,45797675,3576.6,2926.4,4322.95,2866.6,3262.8,45,6,3262.7,13,2,3262.6,37,4,3262.5,85,6,3262.4,298,9,3263.3,173,1,3263.4,274,2,3263.7,44,2,3263.9,23,1,3264.0,537,6
11536,2025-12-30 13:41:02+05:30,3262.6,3,3252.46,1269668,110138.0,131564.0,3250.0,3267.5,3239.8,3251.5,45797675,3576.6,2926.4,4322.95,2866.6,3262.6,18,3,3262.5,5,2,3262.4,39,2,3262.3,35,1,3262.2,262,5,3263.2,171,1,3263.3,113,5,3263.4,274,2,3263.7,35,1,3263.9,48,2
11536,2025-12-30 13:41:02+05:30,3263.2,1,3252.46,1269668,110138.0,131564.0,3250.0,3267.5,3239.8,3251.5,45797675,3576.6,2926.4,4322.95,2866.6,3262.6,18,3,3262.5,5,2,3262.4,39,2,3262.3,35,1,3262.2,262,5,3263.2,171,1,3263.3,113,5,3263.4,274,2,3263.7,35,1,3263.9,48,2
11536,2025-12-30 13:41:05+05:30,3263.2,1,3252.46,1269668,110138.0,131564.0,3250.0,3267.5,3239.8,3251.5,45797675,3576.6,2926.4,4322.95,2866.6,3262.6,18,3,3262.5,5,2,3262.4,39,2,3262.3,35,1,3262.2,262,5,3263.2,171,1,3263.3,113,5,3263.4,274,2,3263.7,35,1,3263.9,48,2
11536,2025-12-30 13:41:06+05:30,3263.3,5,3252.46,1269701,111647.0,130735.0,3250.0,3267.5,3239.8,3251.5,45797675,3576.6,2926.4,4322.95,2866.6,3262.6,190,10,3262.5,48,4,3262.4,311,7,3262.3,41,2,3262.2,305,9,3263.3,39,2,3263.6,170,1,3263.8,274,2,3263.9,19,1,3264.0,545,7
11536,2025-12-30 13:41:08+05:30,3263.3,1,3252.46,1269701,111647.0,130735.0,3250.0,3267.5,3239.8,3251.5,45797675,3576.6,2926.4,4322.95,2866.6,3262.6,190,10,3262.5,48,4,3262.4,311,7,3262.3,41,2,3262.2,305,9,3263.3,39,2,3263.6,170,1,3263.8,274,2,3263.9,19,1,3264.0,545,7
11536,2025-12-30 13:41:11+05:30,3262.6,3,3252.46,1269763,111457.0,131590.0,3250.0,3267.5,3239.8,3251.5,45797675,3576.6,2926.4,4322.95,2866.6,3262.6,86,7,3262.5,28,3,3262.4,284,6,3262.3,165,7,3262.2,279,8,3263.5,192,1,3263.6,152,1,3263.8,274,2,3263.9,26,2,3264.0,381,7
11536,2025-12-30 13:41:11+05:30,3263.5,2,3252.46,1269763,111457.0,131590.0,3250.0,3267.5,3239.8,3251.5,45797675,3576.6,2926.4,4322.95,2866.6,3262.6,86,7,3262.5,28,3,3262.4,284,6,3262.3,165,7,3262.2,279,8,3263.5,192,1,3263.6,152,1,3263.8,274,2,3263.9,26,2,3264.0,381,7
11536,2025-12-30 13:41:14+05:30,3262.6,1,3252.46,1269763,111457.0,131590.0,3250.0,3267.5,3239.8,3251.5,45797675,3576.6,2926.4,4322.95,2866.6,3262.6,86,7,3262.5,28,3,3262.4,284,6,3262.3,165,7,3262.2,279,8,3263.5,192,1,3263.6,152,1,3263.8,274,2,3263.9,26,2,3264.0,381,7
11536,2025-12-30 13:41:15+05:30,3263.5,1,3252.46,1269788,111665.0,131295.0,3250.0,3267.5,3239.8,3251.5,45797675,3576.6,2926.4,4322.95,2866.6,3262.6,141,8,3262.5,152,6,3262.4,372,8,3262.3,103,5,3262.2,279,8,3263.5,181,1,3263.6,152,1,3263.8,274,2,3263.9,19,1,3264.0,381,7
11536,2025-12-30 13:41:17+05:30,3262.6,1,3252.46,1269788,111665.0,131295.0,3250.0,3267.5,3239.8,3251.5,45797675,3576.6,2926.4,4322.95,2866.6,3262.6,141,8,3262.5,152,6,3262.4,372,8,3262.3,103,5,3262.2,279,8,3263.5,181,1,3263.6,152,1,3263.8,274,2,3263.9,19,1,3264.0,381,7
11536,2025-12-30 13:41:19+05:30,3262.6,1,3252.46,1269800,111689.0,131226.0,3250.0,3267.5,3239.8,3251.5,45797675,3576.6,2926.4,4322.95,2866.6,3262.6,134,10,3262.5,158,7,3262.4,374,9,3262.3,103,5,3262.2,288,9,3263.5,180,1,3263.6,152,1,3263.8,274,2,3263.9,19,1,3264.0,381,7
11536,2025-12-30 13:41:20+05:30,3263.5,1,3252.46,1269800,111689.0,131226.0,3250.0,3267.5,3239.8,3251.5,45797675,3576.6,2926.4,4322.95,2866.6,3262.6,134,10,3262.5,158,7,3262.4,374,9,3262.3,103,5,3262.2,288,9,3263.5,180,1,3263.6,152,1,3263.8,274,2,3263.9,19,1,3264.0,381,7
11536,2025-12-30 13:41:23+05:30,3264.0,3,3252.46,1270012,114036.0,130527.0,3250.0,3267.5,3239.8,3251.5,45797675,3576.6,2926.4,4322.95,2866.6,3263.1,102,5,3263.0,27,1,3262.9,57,3,3262.8,321,11,3262.7,27,1,3264.0,227,3,3264.2,152,1,3264.4,274,2,3264.6,75,3,3264.8,72,3
11536,2025-12-30 13:41:23+05:30,3263.1,1,3252.46,1270012,114036.0,130527.0,3250.0,3267.5,3239.8,3251.5,45797675,3576.6,2926.4,4322.95,2866.6,3263.1,102,5,3263.0,27,1,3262.9,57,3,3262.8,321,11,3262.7,27,1,3264.0,227,3,3264.2,152,1,3264.4,274,2,3264.6,75,3,3264.8,72,3
11536,2025-12-30 13:41:26+05:30,3265.6,11,3252.46,1270012,114036.0,130527.0,3250.0,3267.5,3239.8,3251.5,45797675,3576.6,2926.4,4322.95,2866.6,3263.1,102,5,3263.0,27,1,3262.9,57,3,3262.8,321,11,3262.7,27,1,3264.0,227,3,3264.2,152,1,3264.4,274,2,3264.6,75,3,3264.8,72,3
11536,2025-12-30 13:41:28+05:30,3263.6,3,3252.48,1271615,115201.0,129647.0,3250.0,3267.5,3239.8,3251.5,45797675,3576.6,2926.4,4322.95,2866.6,3263.6,4,1,3263.3,1,1,3263.2,335,7,3263.1,175,6,3263.0,659,9,3264.5,36,1,3264.6,226,3,3264.7,43,1,3264.8,401,4,3264.9,45,1
11536,2025-12-30 13:41:29+05:30,3263.6,3,3252.48,1271615,115201.0,129647.0,3250.0,3267.5,3239.8,3251.5,45797675,3576.6,2926.4,4322.95,2866.6,3263.6,4,1,3263.3,1,1,3263.2,335,7,3263.1,175,6,3263.0,659,9,3264.5,36,1,3264.6,226,3,3264.7,43,1,3264.8,401,4,3264.9,45,1
11536,2025-12-30 13:41:29+05:30,3264.5,19,3252.48,1271615,115201.0,129647.0,3250.0,3267.5,3239.8,3251.5,45797675,3576.6,2926.4,4322.95,2866.6,3263.6,4,1,3263.3,1,1,3263.2,335,7,3263.1,175,6,3263.0,659,9,3264.5,36,1,3264.6,226,3,3264.7,43,1,3264.8,401,4,3264.9,45,1
11536,2025-12-30 13:41:30+05:30,3264.5,19,3252.48,1271615,115201.0,129647.0,3250.0,3267.5,3239.8,3251.5,45797675,3576.6,2926.4,4322.95,2866.6,3263.6,4,1,3263.3,1,1,3263.2,335,7,3263.1,175,6,3263.0,659,9,3264.5,36,1,3264.6,226,3,3264.7,43,1,3264.8,401,4,3264.9,45,1
11536,2025-12-30 13:41:31+05:30,3264.5,19,3252.48,1271615,115201.0,129647.0,3250.0,3267.5,3239.8,3251.5,45797675,3576.6,2926.4,4322.95,2866.6,3263.6,4,1,3263.3,1,1,3263.2,335,7,3263.1,175,6,3263.0,659,9,3264.5,36,1,3264.6,226,3,3264.7,43,1,3264.8,401,4,3264.9,45,1
11536,2025-12-30 13:41:32+05:30,3264.5,2,3252.48,1271639,114913.0,129771.0,3250.0,3267.5,3239.8,3251.5,45797675,3576.6,2926.4,4322.95,2866.6,3263.6,109,2,3263.4,29,2,3263.3,126,6,3263.2,347,7,3263.1,195,7,3264.5,13,1,3264.6,175,1,3264.7,43,1,3264.8,350,2,3265.0,52,2
11536,2025-12-30 13:41:32+05:30,3264.5,2,3252.48,1271639,114913.0,129771.0,3250.0,3267.5,3239.8,3251.5,45797675,3576.6,2926.4,4322.95,2866.6,3263.6,109,2,3263.4,29,2,3263.3,126,6,3263.2,347,7,3263.1,195,7,3264.5,13,1,3264.6,175,1,3264.7,43,1,3264.8,350,2,3265.0,52,2
11536,2025-12-30 13:41:32+05:30,3264.5,2,3252.48,1271639,114913.0,129771.0,3250.0,3267.5,3239.8,3251.5,45797675,3576.6,2926.4,4322.95,2866.6,3263.6,109,2,3263.4,29,2,3263.3,126,6,3263.2,347,7,3263.1,195,7,3264.5,13,1,3264.6,175,1,3264.7,43,1,3264.8,350,2,3265.0,52,2
11536,2025-12-30 13:41:33+05:30,3264.5,2,3252.48,1271639,114913.0,129771.0,3250.0,3267.5,3239.8,3251.5,45797675,3576.6,2926.4,4322.95,2866.6,3263.6,109,2,3263.4,29,2,3263.3,126,6,3263.2,347,7,3263.1,195,7,3264.5,13,1,3264.6,175,1,3264.7,43,1,3264.8,350,2,3265.0,52,2
11536,2025-12-30 13:41:35+05:30,3264.5,2,3252.48,1271639,114913.0,129771.0,3250.0,3267.5,3239.8,3251.5,45797675,3576.6,2926.4,4322.95,2866.6,3263.6,109,2,3263.4,29,2,3263.3,126,6,3263.2,347,7,3263.1,195,7,3264.5,13,1,3264.6,175,1,3264.7,43,1,3264.8,350,2,3265.0,52,2
11536,2025-12-30 13:41:35+05:30,3264.7,47,3252.48,1271639,114913.0,129771.0,3250.0,3267.5,3239.8,3251.5,45797675,3576.6,2926.4,4322.95,2866.6,3263.6,109,2,3263.4,29,2,3263.3,126,6,3263.2,347,7,3263.1,195,7,3264.5,13,1,3264.6,175,1,3264.7,43,1,3264.8,350,2,3265.0,52,2
11536,2025-12-30 13:41:36+05:30,3264.7,47,3252.48,1271710,115203.0,129352.0,3250.0,3267.5,3239.8,3251.5,45797675,3576.6,2926.4,4322.95,2866.6,3263.6,112,3,3263.5,66,2,3263.4,311,7,3263.3,80,5,3263.2,472,9,3264.5,105,1,3264.6,350,2,3264.9,38,1,3265.0,31,1,3265.2,71,3
11536,2025-12-30 13:41:36+05:30,3264.7,47,3252.48,1271710,115203.0,129352.0,3250.0,3267.5,3239.8,3251.5,45797675,3576.6,2926.4,4322.95,2866.6,3263.6,112,3,3263.5,66,2,3263.4,311,7,3263.3,80,5,3263.2,472,9,3264.5,105,1,3264.6,350,2,3264.9,38,1,3265.0,31,1,3265.2,71,3
11536,2025-12-30 13:41:37+05:30,3264.7,47,3252.48,1271710,115203.0,129352.0,3250.0,3267.5,3239.8,3251.5,45797675,3576.6,2926.4,4322.95,2866.6,3263.6,112,3,3263.5,66,2,3263.4,311,7,3263.3,80,5,3263.2,472,9,3264.5,105,1,3264.6,350,2,3264.9,38,1,3265.0,31,1,3265.2,71,3
11536,2025-12-30 13:41:38+05:30,3264.7,47,3252.48,1271710,115203.0,129352.0,3250.0,3267.5,3239.8,3251.5,45797675,3576.6,2926.4,4322.95,2866.6,3263.6,112,3,3263.5,66,2,3263.4,311,7,3263.3,80,5,3263.2,472,9,3264.5,105,1,3264.6,350,2,3264.9,38,1,3265.0,31,1,3265.2,71,3
11536,2025-12-30 13:41:38+05:30,3264.5,19,3252.48,1271710,115203.0,129352.0,3250.0,3267.5,3239.8,3251.5,45797675,3576.6,2926.4,4322.95,2866.6,3263.6,112,3,3263.5,66,2,3263.4,311,7,3263.3,80,5,3263.2,472,9,3264.5,105,1,3264.6,350,2,3264.9,38,1,3265.0,31,1,3265.2,71,3
11536,2025-12-30 13:41:39+05:30,3264.5,19,3252.48,1271710,115203.0,129352.0,3250.0,3267.5,3239.8,3251.5,45797675,3576.6,2926.4,4322.95,2866.6,3263.6,112,3,3263.5,66,2,3263.4,311,7,3263.3,80,5,3263.2,472,9,3264.5,105,1,3264.6,350,2,3264.9,38,1,3265.0,31,1,3265.2,71,3
11536,2025-12-30 13:41:40+05:30,3264.5,19,3252.48,1271710,115203.0,129352.0,3250.0,3267.5,3239.8,3251.5,45797675,3576.6,2926.4,4322.95,2866.6,3263.6,112,3,3263.5,66,2,3263.4,311,7,3263.3,80,5,3263.2,472,9,3264.5,105,1,3264.6,350,2,3264.9,38,1,3265.0,31,1,3265.2,71,3
11536,2025-12-30 13:41:40+05:30,3263.6,2,3252.48,1272120,115239.0,129548.0,3250.0,3267.5,3239.8,3251.5,45797675,3576.6,2926.4,4322.95,2866.6,3263.6,163,5,3263.5,75,2,3263.4,266,6,3263.3,94,5,3263.2,503,10,3264.6,47,1,3264.8,28,1,3264.9,196,2,3265.0,28,1,3265.1,175,1
11536,2025-12-30 13:41:41+05:30,3264.8,8,3252.48,1272120,115239.0,129548.0,3250.0,3267.5,3239.8,3251.5,45797675,3576.6,2926.4,4322.95,2866.6,3263.6,163,5,3263.5,75,2,3263.4,266,6,3263.3,94,5,3263.2,503,10,3264.6,47,1,3264.8,28,1,3264.9,196,2,3265.0,28,1,3265.1,175,1
11536,2025-12-30 13:41:42+05:30,3264.8,8,3252.48,1272120,115239.0,129548.0,3250.0,3267.5,3239.8,3251.5,45797675,3576.6,2926.4,4322.95,2866.6,3263.6,163,5,3263.5,75,2,3263.4,266,6,3263.3,94,5,3263.2,503,10,3264.6,47,1,3264.8,28,1,3264.9,196,2,3265.0,28,1,3265.1,175,1
11536,2025-12-30 13:41:43+05:30,3264.8,8,3252.48,1272120,115239.0,129548.0,3250.0,3267.5,3239.8,3251.5,45797675,3576.6,2926.4,4322.95,2866.6,3263.6,163,5,3263.5,75,2,3263.4,266,6,3263.3,94,5,3263.2,503,10,3264.6,47,1,3264.8,28,1,3264.9,196,2,3265.0,28,1,3265.1,175,1
11536,2025-12-30 13:41:44+05:30,3263.7,1,3252.48,1272120,115239.0,129548.0,3250.0,3267.5,3239.8,3251.5,45797675,3576.6,2926.4,4322.95,2866.6,3263.6,163,5,3263.5,75,2,3263.4,266,6,3263.3,94,5,3263.2,503,10,3264.6,47,1,3264.8,28,1,3264.9,196,2,3265.0,28,1,3265.1,175,1
11536,2025-12-30 13:41:44+05:30,3263.7,1,3252.49,1272268,115423.0,129412.0,3250.0,3267.5,3239.8,3251.5,45797675,3576.6,2926.4,4322.95,2866.6,3263.7,12,2,3263.6,221,6,3263.5,206,7,3263.4,372,8,3263.3,112,5,3264.6,10,2,3264.7,156,1,3264.9,204,2,3265.0,175,1,3265.2,50,2
11536,2025-12-30 13:41:45+05:30,3263.7,1,3252.49,1272268,115423.0,129412.0,3250.0,3267.5,3239.8,3251.5,45797675,3576.6,2926.4,4322.95,2866.6,3263.7,12,2,3263.6,221,6,3263.5,206,7,3263.4,372,8,3263.3,112,5,3264.6,10,2,3264.7,156,1,3264.9,204,2,3265.0,175,1,3265.2,50,2
11536,2025-12-30 13:41:47+05:30,3263.7,1,3252.49,1272268,115423.0,129412.0,3250.0,3267.5,3239.8,3251.5,45797675,3576.6,2926.4,4322.95,2866.6,3263.7,12,2,3263.6,221,6,3263.5,206,7,3263.4,372,8,3263.3,112,5,3264.6,10,2,3264.7,156,1,3264.9,204,2,3265.0,175,1,3265.2,50,2
11536,2025-12-30 13:41:47+05:30,3264.4,1,3252.49,1272268,115423.0,129412.0,3250.0,3267.5,3239.8,3251.5,45797675,3576.6,2926.4,4322.95,2866.6,3263.7,12,2,3263.6,221,6,3263.5,206,7,3263.4,372,8,3263.3,112,5,3264.6,10,2,3264.7,156,1,3264.9,204,2,3265.0,175,1,3265.2,50,2
11536,2025-12-30 13:41:48+05:30,3264.4,1,3252.49,1272268,115423.0,129412.0,3250.0,3267.5,3239.8,3251.5,45824275,3576.6,2926.4,4322.95,2866.6,3263.7,12,2,3263.6,221,6,3263.5,206,7,3263.4,372,8,3263.3,112,5,3264.6,10,2,3264.7,156,1,3264.9,204,2,3265.0,175,1,3265.2,50,2
11536,2025-12-30 13:41:49+05:30,3263.7,1,3252.49,1272280,115403.0,130265.0,3250.0,3267.5,3239.8,3251.5,45824275,3576.6,2926.4,4322.95,2866.6,3263.7,173,3,3263.6,195,5,3263.5,127,5,3263.4,337,7,3263.3,61,3,3264.4,152,1,3264.5,350,2,3264.6,3,1,3264.9,47,2,3265.0,20,1
11536,2025-12-30 13:41:50+05:30,3263.7,1,3252.49,1272280,115403.0,130265.0,3250.0,3267.5,3239.8,3251.5,45824275,3576.6,2926.4,4322.95,2866.6,3263.7,173,3,3263.6,195,5,3263.5,127,5,3263.4,337,7,3263.3,61,3,3264.4,152,1,3264.5,350,2,3264.6,3,1,3264.9,47,2,3265.0,20,1
11536,2025-12-30 13:41:50+05:30,3263.7,1,3252.49,1272280,115403.0,130265.0,3250.0,3267.5,3239.8,3251.5,45824275,3576.6,2926.4,4322.95,2866.6,3263.7,173,3,3263.6,195,5,3263.5,127,5,3263.4,337,7,3263.3,61,3,3264.4,152,1,3264.5,350,2,3264.6,3,1,3264.9,47,2,3265.0,20,1
11536,2025-12-30 13:41:53+05:30,3263.7,1,3252.49,1272284,115764.0,130551.0,3250.0,3267.5,3239.8,3251.5,45824275,3576.6,2926.4,4322.95,2866.6,3264.3,1,1,3263.7,172,3,3263.6,156,4,3263.5,126,5,3263.4,329,7,3264.4,34,2,3264.6,47,2,3264.7,189,2,3264.8,47,2,3264.9,418,4
11536,2025-12-30 13:41:53+05:30,3263.7,1,3252.49,1272284,115764.0,130551.0,3250.0,3267.5,3239.8,3251.5,45824275,3576.6,2926.4,4322.95,2866.6,3264.3,1,1,3263.7,172,3,3263.6,156,4,3263.5,126,5,3263.4,329,7,3264.4,34,2,3264.6,47,2,3264.7,189,2,3264.8,47,2,3264.9,418,4
11536,2025-12-30 13:41:56+05:30,3264.4,1,3252.49,1272284,115764.0,130551.0,3250.0,3267.5,3239.8,3251.5,45824275,3576.6,2926.4,4322.95,2866.6,3264.3,1,1,3263.7,172,3,3263.6,156,4,3263.5,126,5,3263.4,329,7,3264.4,34,2,3264.6,47,2,3264.7,189,2,3264.8,47,2,3264.9,418,4
11536,2025-12-30 13:41:57+05:30,3264.3,1,3252.49,1272288,116234.0,130343.0,3250.0,3267.5,3239.8,3251.5,45824275,3576.6,2926.4,4322.95,2866.6,3264.3,189,1,3263.9,40,1,3263.8,119,4,3263.7,37,3,3263.6,260,6,3264.4,31,1,3264.7,149,1,3264.9,351,3,3265.2,29,1,3265.4,52,3
11536,2025-12-30 13:41:59+05:30,3264.3,2,3252.49,1272288,116234.0,130343.0,3250.0,3267.5,3239.8,3251.5,45824275,3576.6,2926.4,4322.95,2866.6,3264.3,189,1,3263.9,40,1,3263.8,119,4,3263.7,37,3,3263.6,260,6,3264.4,31,1,3264.7,149,1,3264.9,351,3,3265.2,29,1,3265.4,52,3
11536,2025-12-30 13:42:02+05:30,3264.4,1,3252.49,1272291,117403.0,130250.0,3250.0,3267.5,3239.8,3251.5,45824275,3576.6,2926.4,4322.95,2866.6,3264.3,190,4,3263.9,75,2,3263.8,259,7,3263.7,124,5,3263.6,277,7,3264.4,30,1,3264.7,149,1,3264.9,351,3,3265.2,29,1,3265.4,50,2
11536,2025-12-30 13:42:02+05:30,3264.3,1,3252.49,1272291,117403.0,130250.0,3250.0,3267.5,3239.8,3251.5,45824275,3576.6,2926.4,4322.95,2866.6,3264.3,190,4,3263.9,75,2,3263.8,259,7,3263.7,124,5,3263.6,277,7,3264.4,30,1,3264.7,149,1,3264.9,351,3,3265.2,29,1,3265.4,50,2
11536,2025-12-30 13:42:05+05:30,3264.4,1,3252.49,1272291,117403.0,130250.0,3250.0,3267.5,3239.8,3251.5,45824275,3576.6,2926.4,4322.95,2866.6,3264.3,190,4,3263.9,75,2,3263.8,259,7,3263.7,124,5,3263.6,277,7,3264.4,30,1,3264.7,149,1,3264.9,351,3,3265.2,29,1,3265.4,50,2
11536,2025-12-30 13:42:06+05:30,3264.4,1,3252.49,1272485,115956.0,129086.0,3250.0,3267.5,3239.8,3251.5,45824275,3576.6,2926.4,4322.95,2866.6,3264.3,108,2,3264.0,20,2,3263.8,2,2,3263.7,12,3,3263.6,168,4,3264.4,39,2,3264.6,41,1,3264.7,136,1,3264.8,49,1,3264.9,351,3
11536,2025-12-30 13:42:08+05:30,3264.3,1,3252.49,1272485,115956.0,129086.0,3250.0,3267.5,3239.8,3251.5,45824275,3576.6,2926.4,4322.95,2866.6,3264.3,108,2,3264.0,20,2,3263.8,2,2,3263.7,12,3,3263.6,168,4,3264.4,39,2,3264.6,41,1,3264.7,136,1,3264.8,49,1,3264.9,351,3
11536,2025-12-30 13:42:10+05:30,3264.3,1,3252.49,1272533,115925.0,129065.0,3250.0,3267.5,3239.8,3251.5,45824275,3576.6,2926.4,4322.95,2866.6,3264.3,80,3,3264.0,20,2,3263.8,2,2,3263.7,12,3,3263.6,168,4,3264.4,39,2,3264.7,136,1,3264.8,49,1,3264.9,417,4,3265.2,29,1
11536,2025-12-30 13:42:11+05:30,3264.4,7,3252.49,1272533,115925.0,129065.0,3250.0,3267.5,3239.8,3251.5,45824275,3576.6,2926.4,4322.95,2866.6,3264.3,80,3,3264.0,20,2,3263.8,2,2,3263.7,12,3,3263.6,168,4,3264.4,39,2,3264.7,136,1,3264.8,49,1,3264.9,417,4,3265.2,29,1
11536,2025-12-30 13:42:13+05:30,3264.3,1,3252.49,1272533,115925.0,129065.0,3250.0,3267.5,3239.8,3251.5,45824275,3576.6,2926.4,4322.95,2866.6,3264.3,80,3,3264.0,20,2,3263.8,2,2,3263.7,12,3,3263.6,168,4,3264.4,39,2,3264.7,136,1,3264.8,49,1,3264.9,417,4,3265.2,29,1
11536,2025-12-30 13:42:15+05:30,3264.3,1,3252.49,1272562,116041.0,128986.0,3250.0,3267.5,3239.8,3251.5,45824275,3576.6,2926.4,4322.95,2866.6,3264.3,65,2,3264.0,20,2,3263.8,2,2,3263.7,103,5,3263.6,244,6,3264.4,24,2,3264.9,41,1,3265.0,136,1,3265.2,379,3,3265.4,69,3
11536,2025-12-30 13:42:17+05:30,3265.0,7,3252.49,1272562,116041.0,128986.0,3250.0,3267.5,3239.8,3251.5,45824275,3576.6,2926.4,4322.95,2866.6,3264.3,65,2,3264.0,20,2,3263.8,2,2,3263.7,103,5,3263.6,244,6,3264.4,24,2,3264.9,41,1,3265.0,136,1,3265.2,379,3,3265.4,69,3
11536,2025-12-30 13:42:19+05:30,3264.3,20,3252.49,1272796,115794.0,128828.0,3250.0,3267.5,3239.8,3251.5,45824275,3576.6,2926.4,4322.95,2866.6,3264.3,44,2,3264.0,20,2,3263.8,2,2,3263.7,139,6,3263.6,366,11,3264.9,216,2,3265.0,75,2,3265.1,374,3,3265.2,43,2,3265.3,80,2
11536,2025-12-30 13:42:20+05:30,3264.3,40,3252.49,1272796,115794.0,128828.0,3250.0,3267.5,3239.8,3251.5,45824275,3576.6,2926.4,4322.95,2866.6,3264.3,44,2,3264.0,20,2,3263.8,2,2,3263.7,139,6,3263.6,366,11,3264.9,216,2,3265.0,75,2,3265.1,374,3,3265.2,43,2,3265.3,80,2
11536,2025-12-30 13:42:23+05:30,3264.3,40,3252.49,1272861,116376.0,128858.0,3250.0,3267.5,3239.8,3251.5,45824275,3576.6,2926.4,4322.95,2866.6,3264.3,19,1,3264.0,20,2,3263.8,2,2,3263.7,137,5,3263.6,329,9,3264.9,216,2,3265.0,50,1,3265.1,402,4,3265.2,29,1,3265.3,80,2
11536,2025-12-30 13:42:26+05:30,3264.9,1,3252.49,1272861,116376.0,128858.0,3250.0,3267.5,3239.8,3251.5,45824275,3576.6,2926.4,4322.95,2866.6,3264.3,19,1,3264.0,20,2,3263.8,2,2,3263.7,137,5,3263.6,329,9,3264.9,216,2,3265.0,50,1,3265.1,402,4,3265.2,29,1,3265.3,80,2
11536,2025-12-30 13:42:27+05:30,3264.9,3,3252.49,1272868,117443.0,128905.0,3250.0,3267.5,3239.8,3251.5,45824275,3576.6,2926.4,4322.95,2866.6,3264.3,68,2,3264.0,20,2,3263.9,76,2,3263.8,2,2,3263.7,222,9,3264.9,184,2,3265.0,50,1,3265.1,374,3,3265.3,90,2,3265.4,25,1
11536,2025-12-30 13:42:29+05:30,3264.3,16,3252.49,1272868,117443.0,128905.0,3250.0,3267.5,3239.8,3251.5,45824275,3576.6,2926.4,4322.95,2866.6,3264.3,68,2,3264.0,20,2,3263.9,76,2,3263.8,2,2,3263.7,222,9,3264.9,184,2,3265.0,50,1,3265.1,374,3,3265.3,90,2,3265.4,25,1
11536,2025-12-30 13:42:32+05:30,3264.3,1,3252.49,1272906,116264.0,129023.0,3250.0,3267.5,3239.8,3251.5,45824275,3576.6,2926.4,4322.95,2866.6,3264.4,225,1,3264.3,53,2,3264.0,20,2,3263.8,2,2,3263.7,69,4,3264.7,166,1,3264.8,350,2,3264.9,41,2,3265.0,138,4,3265.1,24,1
11536,2025-12-30 13:42:32+05:30,3264.3,1,3252.49,1272906,116264.0,129023.0,3250.0,3267.5,3239.8,3251.5,45824275,3576.6,2926.4,4322.95,2866.6,3264.4,225,1,3264.3,53,2,3264.0,20,2,3263.8,2,2,3263.7,69,4,3264.7,166,1,3264.8,350,2,3264.9,41,2,3265.0,138,4,3265.1,24,1
11536,2025-12-30 13:42:35+05:30,3264.3,5,3252.49,1272906,116264.0,129023.0,3250.0,3267.5,3239.8,3251.5,45824275,3576.6,2926.4,4322.95,2866.6,3264.4,225,1,3264.3,53,2,3264.0,20,2,3263.8,2,2,3263.7,69,4,3264.7,166,1,3264.8,350,2,3264.9,41,2,3265.0,138,4,3265.1,24,1
11536,2025-12-30 13:42:36+05:30,3264.3,5,3252.5,1273369,115034.0,130804.0,3250.0,3267.5,3239.8,3251.5,45824275,3576.6,2926.4,4322.95,2866.6,3264.0,18,2,3263.8,2,2,3263.7,10,2,3263.6,12,3,3263.5,31,2,3264.1,166,1,3264.2,350,2,3264.3,37,1,3264.5,41,1,3264.6,74,2
11536,2025-12-30 13:42:38+05:30,3264.5,13,3252.5,1273369,115034.0,130804.0,3250.0,3267.5,3239.8,3251.5,45824275,3576.6,2926.4,4322.95,2866.6,3264.0,18,2,3263.8,2,2,3263.7,10,2,3263.6,12,3,3263.5,31,2,3264.1,166,1,3264.2,350,2,3264.3,37,1,3264.5,41,1,3264.6,74,2
11536,2025-12-30 13:42:40+05:30,3264.7,141,3252.5,1273953,116632.0,129478.0,3250.0,3267.5,3239.8,3251.5,45824275,3576.6,2926.4,4322.95,2866.6,3264.0,14,2,3263.9,24,1,3263.8,52,4,3263.7,71,5,3263.6,499,12,3264.7,34,1,3264.9,49,1,3265.0,50,1,3265.1,175,1,3265.2,41,1
11536,2025-12-30 13:42:41+05:30,3264.7,1,3252.5,1273953,116632.0,129478.0,3250.0,3267.5,3239.8,3251.5,45824275,3576.6,2926.4,4322.95,2866.6,3264.0,14,2,3263.9,24,1,3263.8,52,4,3263.7,71,5,3263.6,499,12,3264.7,34,1,3264.9,49,1,3265.0,50,1,3265.1,175,1,3265.2,41,1
11536,2025-12-30 13:42:43+05:30,3264.0,1,3252.5,1273953,116632.0,129478.0,3250.0,3267.5,3239.8,3251.5,45824275,3576.6,2926.4,4322.95,2866.6,3264.0,14,2,3263.9,24,1,3263.8,52,4,3263.7,71,5,3263.6,499,12,3264.7,34,1,3264.9,49,1,3265.0,50,1,3265.1,175,1,3265.2,41,1
11536,2025-12-30 13:42:45+05:30,3264.7,1,3252.5,1273967,118244.0,128777.0,3250.0,3267.5,3239.8,3251.5,45824275,3576.6,2926.4,4322.95,2866.6,3264.3,22,1,3264.0,64,5,3263.9,90,2,3263.8,282,10,3263.7,215,5,3264.7,103,3,3265.6,238,3,3265.7,47,2,3265.8,400,5,3265.9,319,6
11536,2025-12-30 13:42:47+05:30,3264.7,1,3252.5,1273967,118244.0,128777.0,3250.0,3267.5,3239.8,3251.5,45824275,3576.6,2926.4,4322.95,2866.6,3264.3,22,1,3264.0,64,5,3263.9,90,2,3263.8,282,10,3263.7,215,5,3264.7,103,3,3265.6,238,3,3265.7,47,2,3265.8,400,5,3265.9,319,6
11536,2025-12-30 13:42:49+05:30,3264.3,14,3252.5,1273992,116127.0,129287.0,3250.0,3267.5,3239.8,3251.5,45824275,3576.6,2926.4,4322.95,2866.6,3264.3,5,1,3264.0,21,4,3263.8,233,7,3263.7,52,6,3263.6,354,11,3264.7,95,3,3264.8,10,1,3264.9,41,1,3265.0,49,1,3265.2,25,1
11536,2025-12-30 13:42:50+05:30,3264.3,14,3252.5,1273992,116127.0,129287.0,3250.0,3267.5,3239.8,3251.5,45824275,3576.6,2926.4,4322.95,2866.6,3264.3,5,1,3264.0,21,4,3263.8,233,7,3263.7,52,6,3263.6,354,11,3264.7,95,3,3264.8,10,1,3264.9,41,1,3265.0,49,1,3265.2,25,1
11536,2025-12-30 13:42:53+05:30,3264.6,15,3252.5,1273992,116127.0,129287.0,3250.0,3267.5,3239.8,3251.5,45824275,3576.6,2926.4,4322.95,2866.6,3264.3,5,1,3264.0,21,4,3263.8,233,7,3263.7,52,6,3263.6,354,11,3264.7,95,3,3264.8,10,1,3264.9,41,1,3265.0,49,1,3265.2,25,1
11536,2025-12-30 13:42:54+05:30,3264.6,15,3252.5,1274011,115671.0,130359.0,3250.0,3267.5,3239.8,3251.5,45824275,3576.6,2926.4,4322.95,2866.6,3264.3,4,1,3264.2,9,1,3264.0,82,4,3263.8,2,2,3263.7,10,2,3264.6,157,1,3264.7,95,3,3264.8,425,5,3264.9,18,1,3265.0,73,2
11536,2025-12-30 13:42:56+05:30,3264.6,1,3252.5,1274011,115671.0,130359.0,3250.0,3267.5,3239.8,3251.5,45824275,3576.6,2926.4,4322.95,2866.6,3264.3,4,1,3264.2,9,1,3264.0,82,4,3263.8,2,2,3263.7,10,2,3264.6,157,1,3264.7,95,3,3264.8,425,5,3264.9,18,1,3265.0,73,2
11536,2025-12-30 13:42:58+05:30,3264.3,2,3252.5,1274017,115777.0,130280.0,3250.0,3267.5,3239.8,3251.5,45824275,3576.6,2926.4,4322.95,2866.6,3264.3,51,2,3264.2,9,1,3264.0,82,4,3263.8,2,2,3263.7,10,2,3264.5,47,1,3264.6,170,2,3264.7,31,1,3264.8,400,4,3264.9,69,2
11536,2025-12-30 13:42:59+05:30,3264.3,1,3252.5,1274017,115777.0,130280.0,3250.0,3267.5,3239.8,3251.5,45824275,3576.6,2926.4,4322.95,2866.6,3264.3,51,2,3264.2,9,1,3264.0,82,4,3263.8,2,2,3263.7,10,2,3264.5,47,1,3264.6,170,2,3264.7,31,1,3264.8,400,4,3264.9,69,2
11536,2025-12-30 13:43:02+05:30,3264.3,12,3252.5,1274045,118016.0,129195.0,3250.0,3267.5,3239.8,3251.5,45824275,3576.6,2926.4,4322.95,2866.6,3264.3,50,3,3264.2,25,2,3264.1,79,4,3264.0,190,8,3263.9,26,1,3264.5,47,2,3264.7,31,1,3265.0,156,1,3265.2,350,2,3265.4,8,2
11536,2025-12-30 13:43:02+05:30,3264.3,12,3252.5,1274045,118016.0,129195.0,3250.0,3267.5,3239.8,3251.5,45824275,3576.6,2926.4,4322.95,2866.6,3264.3,50,3,3264.2,25,2,3264.1,79,4,3264.0,190,8,3263.9,26,1,3264.5,47,2,3264.7,31,1,3265.0,156,1,3265.2,350,2,3265.4,8,2
11536,2025-12-30 13:43:05+05:30,3264.5,1,3252.5,1274045,118016.0,129195.0,3250.0,3267.5,3239.8,3251.5,45824275,3576.6,2926.4,4322.95,2866.6,3264.3,50,3,3264.2,25,2,3264.1,79,4,3264.0,190,8,3263.9,26,1,3264.5,47,2,3264.7,31,1,3265.0,156,1,3265.2,350,2,3265.4,8,2
11536,2025-12-30 13:43:07+05:30,3265.7,17,3252.5,1274235,118633.0,126601.0,3250.0,3267.5,3239.8,3251.5,45824275,3576.6,2926.4,4322.95,2866.6,3265.7,1,1,3264.8,42,1,3264.7,210,3,3264.6,158,3,3264.5,78,4,3265.9,23,3,3266.0,397,5,3266.1,27,1,3266.2,395,4,3266.3,24,2
11536,2025-12-30 13:43:08+05:30,3265.5,52,3252.5,1274235,118633.0,126601.0,3250.0,3267.5,3239.8,3251.5,45824275,3576.6,2926.4,4322.95,2866.6,3265.7,1,1,3264.8,42,1,3264.7,210,3,3264.6,158,3,3264.5,78,4,3265.9,23,3,3266.0,397,5,3266.1,27,1,3266.2,395,4,3266.3,24,2
11536,2025-12-30 13:43:11+05:30,3265.8,2,3252.5,1274235,118633.0,126601.0,3250.0,3267.5,3239.8,3251.5,45824275,3576.6,2926.4,4322.95,2866.6,3265.7,1,1,3264.8,42,1,3264.7,210,3,3264.6,158,3,3264.5,78,4,3265.9,23,3,3266.0,397,5,3266.1,27,1,3266.2,395,4,3266.3,24,2
11536,2025-12-30 13:43:13+05:30,3264.7,1,3252.51,1274455,119128.0,127386.0,3250.0,3267.5,3239.8,3251.5,45824275,3576.6,2926.4,4322.95,2866.6,3264.7,70,3,3264.6,6,1,3264.5,57,4,3264.4,123,5,3264.3,62,5,3265.6,105,1,3265.7,48,3,3265.8,254,3,3265.9,232,3,3266.0,94,4
11536,2025-12-30 13:43:14+05:30,3264.7,15,3252.51,1274455,119128.0,127386.0,3250.0,3267.5,3239.8,3251.5,45824275,3576.6,2926.4,4322.95,2866.6,3264.7,70,3,3264.6,6,1,3264.5,57,4,3264.4,123,5,3264.3,62,5,3265.6,105,1,3265.7,48,3,3265.8,254,3,3265.9,232,3,3266.0,94,4
11536,2025-12-30 13:43:17+05:30,3264.7,1,3252.51,1274455,119128.0,127386.0,3250.0,3267.5,3239.8,3251.5,45824275,3576.6,2926.4,4322.95,2866.6,3264.7,70,3,3264.6,6,1,3264.5,57,4,3264.4,123,5,3264.3,62,5,3265.6,105,1,3265.7,48,3,3265.8,254,3,3265.9,232,3,3266.0,94,4
11536,2025-12-30 13:43:18+05:30,3264.7,1,3252.51,1274574,118739.0,127617.0,3250.0,3267.5,3239.8,3251.5,45824275,3576.6,2926.4,4322.95,2866.6,3264.7,59,3,3264.6,17,2,3264.5,3,1,3264.4,109,5,3264.3,30,3,3265.5,40,1,3265.6,233,3,3265.7,23,1,3265.8,367,3,3265.9,57,2
11536,2025-12-30 13:43:22+05:30,3265.5,1,3252.51,1274576,118870.0,127798.0,3250.0,3267.5,3239.8,3251.5,45824275,3576.6,2926.4,4322.95,2866.6,3264.7,58,3,3264.6,11,1,3264.5,5,2,3264.4,2,2,3264.3,57,6,3265.5,80,4,3265.6,48,1,3265.7,192,2,3265.8,28,1,3265.9,393,3
11536,2025-12-30 13:43:23+05:30,3265.5,3,3252.51,1274576,118870.0,127798.0,3250.0,3267.5,3239.8,3251.5,45824275,3576.6,2926.4,4322.95,2866.6,3264.7,58,3,3264.6,11,1,3264.5,5,2,3264.4,2,2,3264.3,57,6,3265.5,80,4,3265.6,48,1,3265.7,192,2,3265.8,28,1,3265.9,393,3
11536,2025-12-30 13:43:26+05:30,3265.5,1,3252.51,1274583,118799.0,127822.0,3250.0,3267.5,3239.8,3251.5,45824275,3576.6,2926.4,4322.95,2866.6,3264.7,56,2,3264.6,11,1,3264.5,5,2,3264.4,2,2,3264.3,57,6,3265.5,111,6,3265.6,223,2,3265.7,35,1,3265.8,422,5,3265.9,77,2
11536,2025-12-30 13:43:26+05:30,3265.5,1,3252.51,1274583,118799.0,127822.0,3250.0,3267.5,3239.8,3251.5,45824275,3576.6,2926.4,4322.95,2866.6,3264.7,56,2,3264.6,11,1,3264.5,5,2,3264.4,2,2,3264.3,57,6,3265.5,111,6,3265.6,223,2,3265.7,35,1,3265.8,422,5,3265.9,77,2
11536,2025-12-30 13:43:29+05:30,3265.3,1,3252.51,1274583,118799.0,127822.0,3250.0,3267.5,3239.8,3251.5,45824275,3576.6,2926.4,4322.95,2866.6,3264.7,56,2,3264.6,11,1,3264.5,5,2,3264.4,2,2,3264.3,57,6,3265.5,111,6,3265.6,223,2,3265.7,35,1,3265.8,422,5,3265.9,77,2
11536,2025-12-30 13:43:31+05:30,3265.3,137,3252.51,1274769,118138.0,127827.0,3250.0,3267.5,3239.8,3251.5,45824275,3576.6,2926.4,4322.95,2866.6,3264.7,50,4,3264.6,11,1,3264.5,5,2,3264.4,41,3,3264.3,77,6,3265.3,35,1,3265.4,350,2,3265.5,50,2,3265.6,22,1,3265.8,38,2
11536,2025-12-30 13:43:31+05:30,3265.3,3,3252.51,1274769,118138.0,127827.0,3250.0,3267.5,3239.8,3251.5,45824275,3576.6,2926.4,4322.95,2866.6,3264.7,50,4,3264.6,11,1,3264.5,5,2,3264.4,41,3,3264.3,77,6,3265.3,35,1,3265.4,350,2,3265.5,50,2,3265.6,22,1,3265.8,38,2
11536,2025-12-30 13:43:35+05:30,3265.0,1,3252.51,1274857,117777.0,127666.0,3250.0,3267.5,3239.8,3251.5,45824275,3576.6,2926.4,4322.95,2866.6,3264.7,64,3,3264.6,11,1,3264.5,5,2,3264.4,2,2,3264.3,57,6,3265.0,77,1,3265.3,14,1,3265.4,213,2,3265.5,76,2,3265.6,350,2
11536,2025-12-30 13:43:35+05:30,3265.0,1,3252.51,1274857,117777.0,127666.0,3250.0,3267.5,3239.8,3251.5,45824275,3576.6,2926.4,4322.95,2866.6,3264.7,64,3,3264.6,11,1,3264.5,5,2,3264.4,2,2,3264.3,57,6,3265.0,77,1,3265.3,14,1,3265.4,213,2,3265.5,76,2,3265.6,350,2
11536,2025-12-30 13:43:38+05:30,3265.3,4,3252.51,1274857,117777.0,127666.0,3250.0,3267.5,3239.8,3251.5,45824275,3576.6,2926.4,4322.95,2866.6,3264.7,64,3,3264.6,11,1,3264.5,5,2,3264.4,2,2,3264.3,57,6,3265.0,77,1,3265.3,14,1,3265.4,213,2,3265.5,76,2,3265.6,350,2
11536,2025-12-30 13:43:40+05:30,3265.0,30,3252.52,1275926,117811.0,127120.0,3250.0,3267.5,3239.8,3251.5,45824275,3576.6,2926.4,4322.95,2866.6,3265.0,199,5,3264.7,64,3,3264.6,11,1,3264.5,31,3,3264.4,2,2,3265.3,39,1,3265.4,192,2,3265.5,46,1,3265.6,401,4,3265.7,56,2
11536,2025-12-30 13:43:41+05:30,3265.0,30,3252.52,1275926,117811.0,127120.0,3250.0,3267.5,3239.8,3251.5,45824275,3576.6,2926.4,4322.95,2866.6,3265.0,199,5,3264.7,64,3,3264.6,11,1,3264.5,31,3,3264.4,2,2,3265.3,39,1,3265.4,192,2,3265.5,46,1,3265.6,401,4,3265.7,56,2
11536,2025-12-30 13:43:44+05:30,3265.3,1,3252.52,1275926,117811.0,127120.0,3250.0,3267.5,3239.8,3251.5,45824275,3576.6,2926.4,4322.95,2866.6,3265.0,199,5,3264.7,64,3,3264.6,11,1,3264.5,31,3,3264.4,2,2,3265.3,39,1,3265.4,192,2,3265.5,46,1,3265.6,401,4,3265.7,56,2
11536,2025-12-30 13:43:44+05:30,3265.3,1,3252.52,1276110,118089.0,127317.0,3250.0,3267.5,3239.8,3251.5,45824275,3576.6,2926.4,4322.95,2866.6,3265.0,142,6,3264.9,11,1,3264.7,64,3,3264.6,17,1,3264.5,22,3,3265.2,123,1,3265.5,221,2,3265.6,72,2,3265.7,206,2,3265.8,33,1
11536,2025-12-30 13:43:47+05:30,3265.0,4,3252.52,1276110,118089.0,127317.0,3250.0,3267.5,3239.8,3251.5,45824275,3576.6,2926.4,4322.95,2866.6,3265.0,142,6,3264.9,11,1,3264.7,64,3,3264.6,17,1,3264.5,22,3,3265.2,123,1,3265.5,221,2,3265.6,72,2,3265.7,206,2,3265.8,33,1
11536,2025-12-30 13:43:49+05:30,3265.0,1,3252.52,1276124,118447.0,127462.0,3250.0,3267.5,3239.8,3251.5,45824275,3576.6,2926.4,4322.95,2866.6,3265.0,532,7,3264.9,11,1,3264.7,64,3,3264.5,5,2,3264.4,28,3,3265.2,120,1,3265.5,85,2,3265.6,33,1,3265.7,206,2,3265.8,33,1
11536,2025-12-30 13:43:50+05:30,3265.0,46,3252.52,1276124,118447.0,127462.0,3250.0,3267.5,3239.8,3251.5,45824275,3576.6,2926.4,4322.95,2866.6,3265.0,532,7,3264.9,11,1,3264.7,64,3,3264.5,5,2,3264.4,28,3,3265.2,120,1,3265.5,85,2,3265.6,33,1,3265.7,206,2,3265.8,33,1
11536,2025-12-30 13:43:53+05:30,3265.2,1,3252.52,1276124,118447.0,127462.0,3250.0,3267.5,3239.8,3251.5,45824275,3576.6,2926.4,4322.95,2866.6,3265.0,532,7,3264.9,11,1,3264.7,64,3,3264.5,5,2,3264.4,28,3,3265.2,120,1,3265.5,85,2,3265.6,33,1,3265.7,206,2,3265.8,33,1
11536,2025-12-30 13:43:53+05:30,3265.2,1,3252.53,1276409,118132.0,127698.0,3250.0,3267.5,3239.8,3251.5,45824275,3576.6,2926.4,4322.95,2866.6,3265.0,380,5,3264.9,11,1,3264.7,64,3,3264.5,32,3,3264.4,59,4,3265.2,112,1,3265.4,174,1,3265.6,248,3,3265.7,249,4,3265.8,33,1
11536,2025-12-30 13:43:56+05:30,3265.1,1,3252.53,1276409,118132.0,127698.0,3250.0,3267.5,3239.8,3251.5,45824275,3576.6,2926.4,4322.95,2866.6,3265.0,380,5,3264.9,11,1,3264.7,64,3,3264.5,32,3,3264.4,59,4,3265.2,112,1,3265.4,174,1,3265.6,248,3,3265.7,249,4,3265.8,33,1
11536,2025-12-30 13:43:58+05:30,3265.0,2,3252.53,1276570,119102.0,127153.0,3250.0,3267.5,3239.8,3251.5,45824275,3576.6,2926.4,4322.95,2866.6,3265.0,347,5,3264.9,11,1,3264.7,91,4,3264.6,69,2,3264.5,14,3,3265.1,118,1,3265.2,14,1,3265.6,163,1,3265.8,350,2,3266.0,51,2
11536,2025-12-30 13:43:59+05:30,3265.8,10,3252.53,1276570,119102.0,127153.0,3250.0,3267.5,3239.8,3251.5,45824275,3576.6,2926.4,4322.95,2866.6,3265.0,347,5,3264.9,11,1,3264.7,91,4,3264.6,69,2,3264.5,14,3,3265.1,118,1,3265.2,14,1,3265.6,163,1,3265.8,350,2,3266.0,51,2
11536,2025-12-30 13:44:02+05:30,3265.5,4,3252.57,1280414,118325.0,127035.0,3250.0,3267.5,3239.8,3251.5,45824275,3576.6,2926.4,4322.95,2866.6,3265.5,1,1,3265.1,230,4,3265.0,347,5,3264.8,17,1,3264.7,64,3,3265.6,166,1,3265.7,378,3,3265.9,51,2,3266.0,477,5,3266.1,31,1
11536,2025-12-30 13:44:02+05:30,3265.5,4,3252.57,1280414,118325.0,127035.0,3250.0,3267.5,3239.8,3251.5,45824275,3576.6,2926.4,4322.95,2866.6,3265.5,1,1,3265.1,230,4,3265.0,347,5,3264.8,17,1,3264.7,64,3,3265.6,166,1,3265.7,378,3,3265.9,51,2,3266.0,477,5,3266.1,31,1
11536,2025-12-30 13:44:05+05:30,3265.2,58,3252.57,1280414,118325.0,127035.0,3250.0,3267.5,3239.8,3251.5,45824275,3576.6,2926.4,4322.95,2866.6,3265.5,1,1,3265.1,230,4,3265.0,347,5,3264.8,17,1,3264.7,64,3,3265.6,166,1,3265.7,378,3,3265.9,51,2,3266.0,477,5,3266.1,31,1
11536,2025-12-30 13:44:06+05:30,3265.1,1,3252.57,1280562,117722.0,127879.0,3250.0,3267.5,3239.8,3251.5,45824275,3576.6,2926.4,4322.95,2866.6,3265.1,218,3,3265.0,347,5,3264.9,4,2,3264.7,40,3,3264.6,27,1,3265.2,48,1,3265.4,166,1,3265.6,390,4,3265.8,27,1,3266.0,316,5
11536,2025-12-30 13:44:08+05:30,3265.2,4,3252.57,1280562,117722.0,127879.0,3250.0,3267.5,3239.8,3251.5,45824275,3576.6,2926.4,4322.95,2866.6,3265.1,218,3,3265.0,347,5,3264.9,4,2,3264.7,40,3,3264.6,27,1,3265.2,48,1,3265.4,166,1,3265.6,390,4,3265.8,27,1,3266.0,316,5
11536,2025-12-30 13:44:11+05:30,3265.2,4,3252.57,1280568,117670.0,128129.0,3250.0,3267.5,3239.8,3251.5,45824275,3576.6,2926.4,4322.95,2866.6,3265.1,287,4,3265.0,347,5,3264.9,4,2,3264.7,12,2,3264.5,5,2,3265.2,42,1,3265.3,193,2,3265.4,31,1,3265.5,350,2,3265.6,263,4
11536,2025-12-30 13:44:11+05:30,3265.1,1,3252.57,1280568,117670.0,128129.0,3250.0,3267.5,3239.8,3251.5,45824275,3576.6,2926.4,4322.95,2866.6,3265.1,287,4,3265.0,347,5,3264.9,4,2,3264.7,12,2,3264.5,5,2,3265.2,42,1,3265.3,193,2,3265.4,31,1,3265.5,350,2,3265.6,263,4
11536,2025-12-30 13:44:14+05:30,3265.1,1,3252.57,1280568,117670.0,128129.0,3250.0,3267.5,3239.8,3251.5,45824275,3576.6,2926.4,4322.95,2866.6,3265.1,287,4,3265.0,347,5,3264.9,4,2,3264.7,12,2,3264.5,5,2,3265.2,42,1,3265.3,193,2,3265.4,31,1,3265.5,350,2,3265.6,263,4
11536,2025-12-30 13:44:16+05:30,3265.2,2,3252.58,1281039,117302.0,128491.0,3250.0,3267.5,3239.8,3251.5,45824275,3576.6,2926.4,4322.95,2866.6,3265.1,289,5,3265.0,348,6,3264.9,4,2,3264.7,12,2,3264.5,5,2,3265.2,98,4,3265.3,27,1,3265.4,217,2,3265.5,393,3,3265.6,202,2
11536,2025-12-30 13:44:17+05:30,3265.1,65,3252.58,1281039,117302.0,128491.0,3250.0,3267.5,3239.8,3251.5,45824275,3576.6,2926.4,4322.95,2866.6,3265.1,289,5,3265.0,348,6,3264.9,4,2,3264.7,12,2,3264.5,5,2,3265.2,98,4,3265.3,27,1,3265.4,217,2,3265.5,393,3,3265.6,202,2
11536,2025-12-30 13:44:19+05:30,3265.1,2,3252.58,1281039,117302.0,128491.0,3250.0,3267.5,3239.8,3251.5,45824275,3576.6,2926.4,4322.95,2866.6,3265.1,289,5,3265.0,348,6,3264.9,4,2,3264.7,12,2,3264.5,5,2,3265.2,98,4,3265.3,27,1,3265.4,217,2,3265.5,393,3,3265.6,202,2
11536,2025-12-30 13:44:20+05:30,3265.2,1,3252.58,1281574,117263.0,128422.0,3250.0,3267.5,3239.8,3251.5,45824275,3576.6,2926.4,4322.95,2866.6,3265.1,220,5,3265.0,348,6,3264.9,4,2,3264.7,12,2,3264.5,5,2,3265.2,109,5,3265.4,51,1,3265.5,350,2,3265.6,35,1,3265.7,123,3
11536,2025-12-30 13:44:22+05:30,3265.2,3,3252.58,1281574,117263.0,128422.0,3250.0,3267.5,3239.8,3251.5,45824275,3576.6,2926.4,4322.95,2866.6,3265.1,220,5,3265.0,348,6,3264.9,4,2,3264.7,12,2,3264.5,5,2,3265.2,109,5,3265.4,51,1,3265.5,350,2,3265.6,35,1,3265.7,123,3
11536,2025-12-30 13:44:25+05:30,3265.6,15,3252.58,1281730,117188.0,127062.0,3250.0,3267.5,3239.8,3251.5,45824275,3576.6,2926.4,4322.95,2866.6,3265.1,73,4,3265.0,128,5,3264.9,4,2,3264.7,12,2,3264.6,31,2,3265.7,21,1,3265.8,136,5,3265.9,83,2,3266.0,409,4,3266.2,59,2
11536,2025-12-30 13:44:25+05:30,3265.7,1,3252.58,1281730,117188.0,127062.0,3250.0,3267.5,3239.8,3251.5,45824275,3576.6,2926.4,4322.95,2866.6,3265.1,73,4,3265.0,128,5,3264.9,4,2,3264.7,12,2,3264.6,31,2,3265.7,21,1,3265.8,136,5,3265.9,83,2,3266.0,409,4,3266.2,59,2
11536,2025-12-30 13:44:27+05:30,3266.1,3,3252.58,1281730,117188.0,127062.0,3250.0,3267.5,3239.8,3251.5,45824275,3576.6,2926.4,4322.95,2866.6,3265.1,73,4,3265.0,128,5,3264.9,4,2,3264.7,12,2,3264.6,31,2,3265.7,21,1,3265.8,136,5,3265.9,83,2,3266.0,409,4,3266.2,59,2
11536,2025-12-30 13:44:28+05:30,3265.2,3,3252.61,1284081,118013.0,123948.0,3250.0,3267.5,3239.8,3251.5,45824275,3576.6,2926.4,4322.95,2866.6,3265.2,116,3,3265.1,73,4,3265.0,128,5,3264.9,23,3,3264.8,71,2,3266.2,379,4,3266.3,45,1,3266.4,99,3,3266.6,99,3,3266.8,320,6
11536,2025-12-30 13:44:28+05:30,3265.2,3,3252.61,1284081,118013.0,123948.0,3250.0,3267.5,3239.8,3251.5,45824275,3576.6,2926.4,4322.95,2866.6,3265.2,116,3,3265.1,73,4,3265.0,128,5,3264.9,23,3,3264.8,71,2,3266.2,379,4,3266.3,45,1,3266.4,99,3,3266.6,99,3,3266.8,320,6
11536,2025-12-30 13:44:29+05:30,3266.2,47,3252.61,1284128,117961.0,125300.0,3250.0,3267.5,3239.8,3251.5,45824275,3576.6,2926.4,4322.95,2866.6,3265.2,56,2,3265.1,134,5,3265.0,128,5,3264.9,4,2,3264.8,25,1,3265.9,239,3,3266.1,193,4,3266.2,77,2,3266.4,99,3,3266.6,86,3
11536,2025-12-30 13:44:29+05:30,3265.3,1,3252.61,1284128,117961.0,125300.0,3250.0,3267.5,3239.8,3251.5,45824275,3576.6,2926.4,4322.95,2866.6,3265.2,56,2,3265.1,134,5,3265.0,128,5,3264.9,4,2,3264.8,25,1,3265.9,239,3,3266.1,193,4,3266.2,77,2,3266.4,99,3,3266.6,86,3
11536,2025-12-30 13:44:30+05:30,3265.9,17,3252.61,1284148,118275.0,125324.0,3250.0,3267.5,3239.8,3251.5,45824275,3576.6,2926.4,4322.95,2866.6,3265.3,59,1,3265.2,56,2,3265.1,73,4,3265.0,128,5,3264.9,4,2,3265.9,221,3,3266.0,128,1,3266.1,143,4,3266.2,43,1,3266.4,99,3
11536,2025-12-30 13:44:30+05:30,3265.9,17,3252.61,1284148,118275.0,125324.0,3250.0,3267.5,3239.8,3251.5,45824275,3576.6,2926.4,4322.95,2866.6,3265.3,59,1,3265.2,56,2,3265.1,73,4,3265.0,128,5,3264.9,4,2,3265.9,221,3,3266.0,128,1,3266.1,143,4,3266.2,43,1,3266.4,99,3
11536,2025-12-30 13:44:30+05:30,3265.3,16,3252.61,1284148,118275.0,125324.0,3250.0,3267.5,3239.8,3251.5,45824275,3576.6,2926.4,4322.95,2866.6,3265.3,59,1,3265.2,56,2,3265.1,73,4,3265.0,128,5,3264.9,4,2,3265.9,221,3,3266.0,128,1,3266.1,143,4,3266.2,43,1,3266.4,99,3
11536,2025-12-30 13:44:31+05:30,3265.3,16,3252.61,1284282,118367.0,126203.0,3250.0,3267.5,3239.8,3251.5,45824275,3576.6,2926.4,4322.95,2866.6,3265.2,61,3,3265.1,73,4,3265.0,128,5,3264.9,4,2,3264.8,25,1,3265.3,266,1,3265.8,44,1,3265.9,157,1,3266.0,128,1,3266.1,88,2
11536,2025-12-30 13:44:31+05:30,3265.3,16,3252.61,1284282,118367.0,126203.0,3250.0,3267.5,3239.8,3251.5,45824275,3576.6,2926.4,4322.95,2866.6,3265.2,61,3,3265.1,73,4,3265.0,128,5,3264.9,4,2,3264.8,25,1,3265.3,266,1,3265.8,44,1,3265.9,157,1,3266.0,128,1,3266.1,88,2
11536,2025-12-30 13:44:31+05:30,3265.3,17,3252.61,1284282,118367.0,126203.0,3250.0,3267.5,3239.8,3251.5,45824275,3576.6,2926.4,4322.95,2866.6,3265.2,61,3,3265.1,73,4,3265.0,128,5,3264.9,4,2,3264.8,25,1,3265.3,266,1,3265.8,44,1,3265.9,157,1,3266.0,128,1,3266.1,88,2
11536,2025-12-30 13:44:32+05:30,3265.3,17,3252.61,1284337,118689.0,126148.0,3250.0,3267.5,3239.8,3251.5,45824275,3576.6,2926.4,4322.95,2866.6,3265.2,61,3,3265.1,73,4,3265.0,128,5,3264.9,4,2,3264.8,25,1,3265.3,211,1,3265.8,44,1,3265.9,157,1,3266.0,128,1,3266.1,88,2
11536,2025-12-30 13:44:32+05:30,3265.3,17,3252.61,1284337,118689.0,126148.0,3250.0,3267.5,3239.8,3251.5,45824275,3576.6,2926.4,4322.95,2866.6,3265.2,61,3,3265.1,73,4,3265.0,128,5,3264.9,4,2,3264.8,25,1,3265.3,211,1,3265.8,44,1,3265.9,157,1,3266.0,128,1,3266.1,88,2
11536,2025-12-30 13:44:33+05:30,3265.3,17,3252.61,1284337,118689.0,126148.0,3250.0,3267.5,3239.8,3251.5,45824275,3576.6,2926.4,4322.95,2866.6,3265.2,61,3,3265.1,73,4,3265.0,128,5,3264.9,4,2,3264.8,25,1,3265.3,211,1,3265.8,44,1,3265.9,157,1,3266.0,128,1,3266.1,88,2
11536,2025-12-30 13:44:33+05:30,3265.3,17,3252.61,1284404,118674.0,125951.0,3250.0,3267.5,3239.8,3251.5,45824275,3576.6,2926.4,4322.95,2866.6,3265.2,61,3,3265.1,94,5,3265.0,128,5,3264.9,4,2,3264.8,89,3,3265.3,144,1,3266.0,285,2,3266.1,34,1,3266.2,22,1,3266.4,119,4
11536,2025-12-30 13:44:33+05:30,3265.3,17,3252.61,1284404,118674.0,125951.0,3250.0,3267.5,3239.8,3251.5,45824275,3576.6,2926.4,4322.95,2866.6,3265.2,61,3,3265.1,94,5,3265.0,128,5,3264.9,4,2,3264.8,89,3,3265.3,144,1,3266.0,285,2,3266.1,34,1,3266.2,22,1,3266.4,119,4
11536,2025-12-30 13:44:34+05:30,3265.3,50,3252.61,1284454,118752.0,125866.0,3250.0,3267.5,3239.8,3251.5,45824275,3576.6,2926.4,4322.95,2866.6,3265.2,77,4,3265.1,73,4,3265.0,147,6,3264.9,32,3,3264.8,89,3,3265.3,94,1,3266.0,285,2,3266.1,34,1,3266.2,22,1,3266.4,119,4
11536,2025-12-30 13:44:34+05:30,3265.3,17,3252.61,1284454,118752.0,125866.0,3250.0,3267.5,3239.8,3251.5,45824275,3576.6,2926.4,4322.95,2866.6,3265.2,77,4,3265.1,73,4,3265.0,147,6,3264.9,32,3,3264.8,89,3,3265.3,94,1,3266.0,285,2,3266.1,34,1,3266.2,22,1,3266.4,119,4
11536,2025-12-30 13:44:34+05:30,3265.3,17,3252.61,1284454,118752.0,125866.0,3250.0,3267.5,3239.8,3251.5,45824275,3576.6,2926.4,4322.95,2866.6,3265.2,77,4,3265.1,73,4,3265.0,147,6,3264.9,32,3,3264.8,89,3,3265.3,94,1,3266.0,285,2,3266.1,34,1,3266.2,22,1,3266.4,119,4
11536,2025-12-30 13:44:35+05:30,3265.3,1,3252.61,1284472,118716.0,125728.0,3250.0,3267.5,3239.8,3251.5,45824275,3576.6,2926.4,4322.95,2866.6,3265.2,77,4,3265.1,73,4,3265.0,147,6,3264.9,32,3,3264.8,89,3,3265.3,76,1,3266.0,285,2,3266.2,22,1,3266.4,85,3,3266.6,86,3
11536,2025-12-30 13:44:35+05:30,3265.2,1,3252.61,1284472,118716.0,125728.0,3250.0,3267.5,3239.8,3251.5,45824275,3576.6,2926.4,4322.95,2866.6,3265.2,77,4,3265.1,73,4,3265.0,147,6,3264.9,32,3,3264.8,89,3,3265.3,76,1,3266.0,285,2,3266.2,22,1,3266.4,85,3,3266.6,86,3
11536,2025-12-30 13:44:35+05:30,3265.2,1,3252.61,1284472,118716.0,125728.0,3250.0,3267.5,3239.8,3251.5,45824275,3576.6,2926.4,4322.95,2866.6,3265.2,77,4,3265.1,73,4,3265.0,147,6,3264.9,32,3,3264.8,89,3,3265.3,76,1,3266.0,285,2,3266.2,22,1,3266.4,85,3,3266.6,86,3
11536,2025-12-30 13:44:36+05:30,3265.2,1,3252.61,1284592,118736.0,126010.0,3250.0,3267.5,3239.8,3251.5,45824275,3576.6,2926.4,4322.95,2866.6,3265.2,76,4,3265.1,73,4,3265.0,147,6,3264.9,48,3,3264.8,45,2,3265.3,358,1,3266.0,307,3,3266.1,27,1,3266.2,53,2,3266.4,85,3
11536,2025-12-30 13:44:36+05:30,3265.3,16,3252.61,1284592,118736.0,126010.0,3250.0,3267.5,3239.8,3251.5,45824275,3576.6,2926.4,4322.95,2866.6,3265.2,76,4,3265.1,73,4,3265.0,147,6,3264.9,48,3,3264.8,45,2,3265.3,358,1,3266.0,307,3,3266.1,27,1,3266.2,53,2,3266.4,85,3
11536,2025-12-30 13:44:36+05:30,3265.3,16,3252.61,1284592,118736.0,126010.0,3250.0,3267.5,3239.8,3251.5,45824275,3576.6,2926.4,4322.95,2866.6,3265.2,76,4,3265.1,73,4,3265.0,147,6,3264.9,48,3,3264.8,45,2,3265.3,358,1,3266.0,307,3,3266.1,27,1,3266.2,53,2,3266.4,85,3
11536,2025-12-30 13:44:37+05:30,3265.3,16,3252.61,1284608,118728.0,125994.0,3250.0,3267.5,3239.8,3251.5,45824275,3576.6,2926.4,4322.95,2866.6,3265.2,76,4,3265.1,73,4,3265.0,147,6,3264.9,54,4,3264.8,45,2,3265.3,342,1,3266.0,307,3,3266.1,27,1,3266.2,53,2,3266.4,85,3
11536,2025-12-30 13:44:37+05:30,3265.3,4,3252.61,1284608,118728.0,125994.0,3250.0,3267.5,3239.8,3251.5,45824275,3576.6,2926.4,4322.95,2866.6,3265.2,76,4,3265.1,73,4,3265.0,147,6,3264.9,54,4,3264.8,45,2,3265.3,342,1,3266.0,307,3,3266.1,27,1,3266.2,53,2,3266.4,85,3
11536,2025-12-30 13:44:37+05:30,3265.3,4,3252.61,1284608,118728.0,125994.0,3250.0,3267.5,3239.8,3251.5,45824275,3576.6,2926.4,4322.95,2866.6,3265.2,76,4,3265.1,73,4,3265.0,147,6,3264.9,54,4,3264.8,45,2,3265.3,342,1,3266.0,307,3,3266.1,27,1,3266.2,53,2,3266.4,85,3
11536,2025-12-30 13:44:38+05:30,3265.3,4,3252.61,1284613,118686.0,126003.0,3250.0,3267.5,3239.8,3251.5,45824275,3576.6,2926.4,4322.95,2866.6,3265.2,60,3,3265.1,73,4,3265.0,147,6,3264.9,48,3,3264.8,45,2,3265.3,351,2,3266.0,307,3,3266.1,27,1,3266.2,53,2,3266.4,85,3
11536,2025-12-30 13:44:38+05:30,3265.3,4,3252.61,1284613,118686.0,126003.0,3250.0,3267.5,3239.8,3251.5,45824275,3576.6,2926.4,4322.95,2866.6,3265.2,60,3,3265.1,73,4,3265.0,147,6,3264.9,48,3,3264.8,45,2,3265.3,351,2,3266.0,307,3,3266.1,27,1,3266.2,53,2,3266.4,85,3
11536,2025-12-30 13:44:39+05:30,3265.3,4,3252.61,1284613,118780.0,126004.0,3250.0,3267.5,3239.8,3251.5,45824275,3576.6,2926.4,4322.95,2866.6,3265.2,76,4,3265.1,73,4,3265.0,147,6,3264.9,48,3,3264.8,98,3,3265.3,351,2,3266.0,307,3,3266.1,27,1,3266.2,53,2,3266.4,85,3
11536,2025-12-30 13:44:39+05:30,3265.3,4,3252.61,1284613,118780.0,126004.0,3250.0,3267.5,3239.8,3251.5,45824275,3576.6,2926.4,4322.95,2866.6,3265.2,76,4,3265.1,73,4,3265.0,147,6,3264.9,48,3,3264.8,98,3,3265.3,351,2,3266.0,307,3,3266.1,27,1,3266.2,53,2,3266.4,85,3
11536,2025-12-30 13:44:39+05:30,3265.3,17,3252.61,1284613,118780.0,126004.0,3250.0,3267.5,3239.8,3251.5,45824275,3576.6,2926.4,4322.95,2866.6,3265.2,76,4,3265.1,73,4,3265.0,147,6,3264.9,48,3,3264.8,98,3,3265.3,351,2,3266.0,307,3,3266.1,27,1,3266.2,53,2,3266.4,85,3
11536,2025-12-30 13:44:40+05:30,3265.3,17,3252.61,1284613,118780.0,126004.0,3250.0,3267.5,3239.8,3251.5,45824275,3576.6,2926.4,4322.95,2866.6,3265.2,76,4,3265.1,73,4,3265.0,147,6,3264.9,48,3,3264.8,98,3,3265.3,351,2,3266.0,307,3,3266.1,27,1,3266.2,53,2,3266.4,85,3
11536,2025-12-30 13:44:40+05:30,3265.3,17,3252.61,1284753,118727.0,125868.0,3250.0,3267.5,3239.8,3251.5,45824275,3576.6,2926.4,4322.95,2866.6,3265.2,76,4,3265.1,73,4,3265.0,147,6,3264.9,48,3,3264.8,45,2,3265.3,242,3,3266.0,307,3,3266.1,27,1,3266.2,53,2,3266.4,85,3
11536,2025-12-30 13:44:40+05:30,3265.3,3,3252.61,1284753,118727.0,125868.0,3250.0,3267.5,3239.8,3251.5,45824275,3576.6,2926.4,4322.95,2866.6,3265.2,76,4,3265.1,73,4,3265.0,147,6,3264.9,48,3,3264.8,45,2,3265.3,242,3,3266.0,307,3,3266.1,27,1,3266.2,53,2,3266.4,85,3
11536,2025-12-30 13:44:41+05:30,3265.3,7,3252.61,1284782,118726.0,125838.0,3250.0,3267.5,3239.8,3251.5,45824275,3576.6,2926.4,4322.95,2866.6,3265.2,75,4,3265.1,73,4,3265.0,147,6,3264.9,48,3,3264.8,45,2,3265.3,214,3,3266.0,307,3,3266.1,27,1,3266.2,53,2,3266.4,85,3
11536,2025-12-30 13:44:41+05:30,3265.3,7,3252.61,1284782,118726.0,125838.0,3250.0,3267.5,3239.8,3251.5,45824275,3576.6,2926.4,4322.95,2866.6,3265.2,75,4,3265.1,73,4,3265.0,147,6,3264.9,48,3,3264.8,45,2,3265.3,214,3,3266.0,307,3,3266.1,27,1,3266.2,53,2,3266.4,85,3
11536,2025-12-30 13:44:41+05:30,3265.3,7,3252.61,1284782,118726.0,125838.0,3250.0,3267.5,3239.8,3251.5,45824275,3576.6,2926.4,4322.95,2866.6,3265.2,75,4,3265.1,73,4,3265.0,147,6,3264.9,48,3,3264.8,45,2,3265.3,214,3,3266.0,307,3,3266.1,27,1,3266.2,53,2,3266.4,85,3
11536,2025-12-30 13:44:42+05:30,3265.3,7,3252.61,1284782,118726.0,125838.0,3250.0,3267.5,3239.8,3251.5,45824275,3576.6,2926.4,4322.95,2866.6,3265.2,75,4,3265.1,73,4,3265.0,147,6,3264.9,48,3,3264.8,45,2,3265.3,214,3,3266.0,307,3,3266.1,27,1,3266.2,53,2,3266.4,85,3
11536,2025-12-30 13:44:42+05:30,3265.3,4,3252.61,1284782,118726.0,125838.0,3250.0,3267.5,3239.8,3251.5,45824275,3576.6,2926.4,4322.95,2866.6,3265.2,75,4,3265.1,73,4,3265.0,147,6,3264.9,48,3,3264.8,45,2,3265.3,214,3,3266.0,307,3,3266.1,27,1,3266.2,53,2,3266.4,85,3
11536,2025-12-30 13:44:43+05:30,3265.3,4,3252.61,1284782,118726.0,125838.0,3250.0,3267.5,3239.8,3251.5,45824275,3576.6,2926.4,4322.95,2866.6,3265.2,75,4,3265.1,73,4,3265.0,147,6,3264.9,48,3,3264.8,45,2,3265.3,214,3,3266.0,307,3,3266.1,27,1,3266.2,53,2,3266.4,85,3
11536,2025-12-30 13:44:43+05:30,3265.2,1,3252.61,1284787,118710.0,125848.0,3250.0,3267.5,3239.8,3251.5,45824275,3576.6,2926.4,4322.95,2866.6,3265.2,58,3,3265.1,93,5,3265.0,128,5,3264.9,48,3,3264.8,45,2,3265.3,210,3,3265.9,13,1,3266.0,338,4,3266.1,27,1,3266.2,53,2
11536,2025-12-30 13:44:43+05:30,3265.2,1,3252.61,1284787,118710.0,125848.0,3250.0,3267.5,3239.8,3251.5,45824275,3576.6,2926.4,4322.95,2866.6,3265.2,58,3,3265.1,93,5,3265.0,128,5,3264.9,48,3,3264.8,45,2,3265.3,210,3,3265.9,13,1,3266.0,338,4,3266.1,27,1,3266.2,53,2
11536,2025-12-30 13:44:44+05:30,3265.2,1,3252.61,1284787,118554.0,125848.0,3250.0,3267.5,3239.8,3251.5,45824275,3576.6,2926.4,4322.95,2866.6,3265.2,58,3,3265.1,93,5,3265.0,128,5,3264.9,48,3,3264.8,45,2,3265.3,210,3,3265.9,13,1,3266.0,338,4,3266.1,27,1,3266.2,53,2
11536,2025-12-30 13:44:44+05:30,3265.2,1,3252.61,1284787,118554.0,125848.0,3250.0,3267.5,3239.8,3251.5,45824275,3576.6,2926.4,4322.95,2866.6,3265.2,58,3,3265.1,93,5,3265.0,128,5,3264.9,48,3,3264.8,45,2,3265.3,210,3,3265.9,13,1,3266.0,338,4,3266.1,27,1,3266.2,53,2
11536,2025-12-30 13:44:45+05:30,3265.3,7,3252.61,1284794,118554.0,125882.0,3250.0,3267.5,3239.8,3251.5,45824275,3576.6,2926.4,4322.95,2866.6,3265.2,58,3,3265.1,93,5,3265.0,128,5,3264.9,48,3,3264.8,45,2,3265.3,203,3,3265.9,13,1,3266.0,338,4,3266.1,27,1,3266.2,53,2
11536,2025-12-30 13:44:45+05:30,3265.3,1,3252.61,1284794,118554.0,125882.0,3250.0,3267.5,3239.8,3251.5,45824275,3576.6,2926.4,4322.95,2866.6,3265.2,58,3,3265.1,93,5,3265.0,128,5,3264.9,48,3,3264.8,45,2,3265.3,203,3,3265.9,13,1,3266.0,338,4,3266.1,27,1,3266.2,53,2
11536,2025-12-30 13:44:46+05:30,3265.3,1,3252.61,1284795,118587.0,125987.0,3250.0,3267.5,3239.8,3251.5,45824275,3576.6,2926.4,4322.95,2866.6,3265.2,73,4,3265.1,73,4,3265.0,147,6,3264.9,48,3,3264.8,45,2,3265.3,202,3,3265.9,13,1,3266.0,338,4,3266.1,27,1,3266.2,53,2
11536,2025-12-30 13:44:46+05:30,3265.3,1,3252.61,1284795,118587.0,125987.0,3250.0,3267.5,3239.8,3251.5,45824275,3576.6,2926.4,4322.95,2866.6,3265.2,73,4,3265.1,73,4,3265.0,147,6,3264.9,48,3,3264.8,45,2,3265.3,202,3,3265.9,13,1,3266.0,338,4,3266.1,27,1,3266.2,53,2
11536,2025-12-30 13:44:46+05:30,3265.2,1,3252.61,1284795,118587.0,125987.0,3250.0,3267.5,3239.8,3251.5,45824275,3576.6,2926.4,4322.95,2866.6,3265.2,73,4,3265.1,73,4,3265.0,147,6,3264.9,48,3,3264.8,45,2,3265.3,202,3,3265.9,13,1,3266.0,338,4,3266.1,27,1,3266.2,53,2
11536,2025-12-30 13:44:46+05:30,3265.2,1,3252.61,1284797,118494.0,125986.0,3250.0,3267.5,3239.8,3251.5,45824275,3576.6,2926.4,4322.95,2866.6,3265.2,76,4,3265.1,73,4,3265.0,147,6,3264.9,4,2,3264.8,45,2,3265.3,201,3,3265.9,13,1,3266.0,338,4,3266.1,27,1,3266.2,53,2
11536,2025-12-30 13:44:47+05:30,3265.2,5,3252.61,1284797,118494.0,125986.0,3250.0,3267.5,3239.8,3251.5,45824275,3576.6,2926.4,4322.95,2866.6,3265.2,76,4,3265.1,73,4,3265.0,147,6,3264.9,4,2,3264.8,45,2,3265.3,201,3,3265.9,13,1,3266.0,338,4,3266.1,27,1,3266.2,53,2
11536,2025-12-30 13:44:47+05:30,3265.2,5,3252.61,1284802,118583.0,125986.0,3250.0,3267.5,3239.8,3251.5,45824275,3576.6,2926.4,4322.95,2866.6,3265.2,57,4,3265.1,73,4,3265.0,147,6,3264.9,4,2,3264.8,45,2,3265.3,201,3,3265.9,13,1,3266.0,338,4,3266.1,27,1,3266.2,53,2
11536,2025-12-30 13:44:47+05:30,3265.2,5,3252.61,1284802,118583.0,125986.0,3250.0,3267.5,3239.8,3251.5,45824275,3576.6,2926.4,4322.95,2866.6,3265.2,57,4,3265.1,73,4,3265.0,147,6,3264.9,4,2,3264.8,45,2,3265.3,201,3,3265.9,13,1,3266.0,338,4,3266.1,27,1,3266.2,53,2
11536,2025-12-30 13:44:48+05:30,3265.2,5,3252.61,1284802,118244.0,126142.0,3250.0,3267.5,3239.8,3251.5,45824275,3576.6,2926.4,4322.95,2866.6,3265.2,57,4,3265.1,73,4,3265.0,128,5,3264.9,4,2,3264.8,25,1,3265.3,201,3,3265.9,141,2,3266.0,210,3,3266.1,27,1,3266.2,53,2
11536,2025-12-30 13:44:49+05:30,3265.2,5,3252.61,1284802,118244.0,126142.0,3250.0,3267.5,3239.8,3251.5,45897950,3576.6,2926.4,4322.95,2866.6,3265.2,57,4,3265.1,73,4,3265.0,128,5,3264.9,4,2,3264.8,25,1,3265.3,201,3,3265.9,141,2,3266.0,210,3,3266.1,27,1,3266.2,53,2
11536,2025-12-30 13:44:49+05:30,3265.3,128,3252.61,1284802,118244.0,126142.0,3250.0,3267.5,3239.8,3251.5,45897950,3576.6,2926.4,4322.95,2866.6,3265.2,57,4,3265.1,73,4,3265.0,128,5,3264.9,4,2,3264.8,25,1,3265.3,201,3,3265.9,141,2,3266.0,210,3,3266.1,27,1,3266.2,53,2
11536,2025-12-30 13:44:49+05:30,3265.3,128,3252.62,1284930,118214.0,125993.0,3250.0,3267.5,3239.8,3251.5,45897950,3576.6,2926.4,4322.95,2866.6,3265.2,75,5,3265.1,73,4,3265.0,128,5,3264.9,22,3,3264.8,25,1,3265.3,74,4,3265.7,31,1,3265.9,13,1,3266.0,338,4,3266.1,27,1
11536,2025-12-30 13:44:50+05:30,3265.3,128,3252.62,1284930,118286.0,126076.0,3250.0,3267.5,3239.8,3251.5,45897950,3576.6,2926.4,4322.95,2866.6,3265.2,75,5,3265.1,93,5,3265.0,128,5,3264.9,4,2,3264.8,44,2,3265.3,74,4,3265.7,31,1,3265.9,13,1,3266.0,338,4,3266.1,27,1
11536,2025-12-30 13:44:51+05:30,3265.3,1,3252.62,1284930,118286.0,126076.0,3250.0,3267.5,3239.8,3251.5,45897950,3576.6,2926.4,4322.95,2866.6,3265.2,75,5,3265.1,93,5,3265.0,128,5,3264.9,4,2,3264.8,44,2,3265.3,74,4,3265.7,31,1,3265.9,13,1,3266.0,338,4,3266.1,27,1
11536,2025-12-30 13:44:52+05:30,3265.3,1,3252.62,1284934,118301.0,126116.0,3250.0,3267.5,3239.8,3251.5,45897950,3576.6,2926.4,4322.95,2866.6,3265.2,92,6,3265.1,73,4,3265.0,147,6,3264.9,4,2,3264.8,44,2,3265.3,71,5,3265.9,13,1,3266.0,338,4,3266.1,27,1,3266.2,53,2
11536,2025-12-30 13:44:52+05:30,3265.3,1,3252.62,1284934,118301.0,126116.0,3250.0,3267.5,3239.8,3251.5,45897950,3576.6,2926.4,4322.95,2866.6,3265.2,92,6,3265.1,73,4,3265.0,147,6,3264.9,4,2,3264.8,44,2,3265.3,71,5,3265.9,13,1,3266.0,338,4,3266.1,27,1,3266.2,53,2
11536,2025-12-30 13:44:52+05:30,3265.3,3,3252.62,1284934,118301.0,126116.0,3250.0,3267.5,3239.8,3251.5,45897950,3576.6,2926.4,4322.95,2866.6,3265.2,92,6,3265.1,73,4,3265.0,147,6,3264.9,4,2,3264.8,44,2,3265.3,71,5,3265.9,13,1,3266.0,338,4,3266.1,27,1,3266.2,53,2
11536,2025-12-30 13:44:53+05:30,3265.3,3,3252.62,1284938,118283.0,126153.0,3250.0,3267.5,3239.8,3251.5,45897950,3576.6,2926.4,4322.95,2866.6,3265.2,73,4,3265.1,93,5,3265.0,128,5,3264.9,4,2,3264.8,44,2,3265.3,68,5,3265.9,13,1,3266.0,338,4,3266.1,27,1,3266.2,53,2
11536,2025-12-30 13:44:54+05:30,3265.2,1,3252.62,1284939,118184.0,126153.0,3250.0,3267.5,3239.8,3251.5,45897950,3576.6,2926.4,4322.95,2866.6,3265.2,72,4,3265.1,93,5,3265.0,128,5,3264.9,4,2,3264.8,44,2,3265.3,68,5,3265.9,13,1,3266.0,338,4,3266.1,27,1,3266.2,53,2
11536,2025-12-30 13:44:54+05:30,3265.2,1,3252.62,1284939,118184.0,126153.0,3250.0,3267.5,3239.8,3251.5,45897950,3576.6,2926.4,4322.95,2866.6,3265.2,72,4,3265.1,93,5,3265.0,128,5,3264.9,4,2,3264.8,44,2,3265.3,68,5,3265.9,13,1,3266.0,338,4,3266.1,27,1,3266.2,53,2
11536,2025-12-30 13:44:55+05:30,3265.3,1,3252.62,1284940,117959.0,126588.0,3250.0,3267.5,3239.8,3251.5,45897950,3576.6,2926.4,4322.95,2866.6,3265.2,72,4,3265.1,73,4,3265.0,128,5,3264.9,4,2,3264.8,25,1,3265.3,67,5,3265.7,31,1,3265.8,42,1,3265.9,141,2,3266.0,53,2
11536,2025-12-30 13:44:55+05:30,3265.3,1,3252.62,1284940,117959.0,126588.0,3250.0,3267.5,3239.8,3251.5,45897950,3576.6,2926.4,4322.95,2866.6,3265.2,72,4,3265.1,73,4,3265.0,128,5,3264.9,4,2,3264.8,25,1,3265.3,67,5,3265.7,31,1,3265.8,42,1,3265.9,141,2,3266.0,53,2
11536,2025-12-30 13:44:56+05:30,3265.3,1,3252.62,1284941,117739.0,126583.0,3250.0,3267.5,3239.8,3251.5,45897950,3576.6,2926.4,4322.95,2866.6,3265.2,88,5,3265.1,73,4,3265.0,128,5,3264.9,4,2,3264.8,25,1,3265.3,66,5,3265.7,31,1,3265.9,141,2,3266.0,53,2,3266.1,226,3
11536,2025-12-30 13:44:56+05:30,3265.2,13,3252.62,1284941,117739.0,126583.0,3250.0,3267.5,3239.8,3251.5,45897950,3576.6,2926.4,4322.95,2866.6,3265.2,88,5,3265.1,73,4,3265.0,128,5,3264.9,4,2,3264.8,25,1,3265.3,66,5,3265.7,31,1,3265.9,141,2,3266.0,53,2,3266.1,226,3
11536,2025-12-30 13:44:57+05:30,3265.2,51,3252.62,1285138,117686.0,125810.0,3250.0,3267.5,3239.8,3251.5,45897950,3576.6,2926.4,4322.95,2866.6,3265.1,126,6,3265.0,128,5,3264.9,4,2,3264.8,43,2,3264.7,17,3,3265.2,203,1,3265.3,66,5,3265.9,13,1,3266.0,74,3,3266.1,393,6
11536,2025-12-30 13:44:57+05:30,3265.1,1,3252.62,1285138,117686.0,125810.0,3250.0,3267.5,3239.8,3251.5,45897950,3576.6,2926.4,4322.95,2866.6,3265.1,126,6,3265.0,128,5,3264.9,4,2,3264.8,43,2,3264.7,17,3,3265.2,203,1,3265.3,66,5,3265.9,13,1,3266.0,74,3,3266.1,393,6
11536,2025-12-30 13:44:58+05:30,3265.1,2,3252.62,1285192,117832.0,125856.0,3250.0,3267.5,3239.8,3251.5,45897950,3576.6,2926.4,4322.95,2866.6,3265.1,105,6,3265.0,128,5,3264.9,4,2,3264.8,25,1,3264.7,17,3,3265.2,166,2,3265.3,52,4,3265.9,298,3,3266.0,43,2,3266.1,108,4
11536,2025-12-30 13:44:58+05:30,3265.1,2,3252.62,1285192,117832.0,125856.0,3250.0,3267.5,3239.8,3251.5,45897950,3576.6,2926.4,4322.95,2866.6,3265.1,105,6,3265.0,128,5,3264.9,4,2,3264.8,25,1,3264.7,17,3,3265.2,166,2,3265.3,52,4,3265.9,298,3,3266.0,43,2,3266.1,108,4
11536,2025-12-30 13:44:59+05:30,3265.1,2,3252.62,1285203,117718.0,125872.0,3250.0,3267.5,3239.8,3251.5,45897950,3576.6,2926.4,4322.95,2866.6,3265.1,71,4,3265.0,128,5,3264.9,4,2,3264.7,17,3,3264.6,22,2,3265.2,169,3,3265.3,52,4,3265.8,55,1,3265.9,298,3,3266.0,43,2
11536,2025-12-30 13:44:59+05:30,3265.1,6,3252.62,1285203,117718.0,125872.0,3250.0,3267.5,3239.8,3251.5,45897950,3576.6,2926.4,4322.95,2866.6,3265.1,71,4,3265.0,128,5,3264.9,4,2,3264.7,17,3,3264.6,22,2,3265.2,169,3,3265.3,52,4,3265.8,55,1,3265.9,298,3,3266.0,43,2
11536,2025-12-30 13:45:00+05:30,3265.1,6,3252.62,1285303,117664.0,125740.0,3250.0,3267.5,3239.8,3251.5,45897950,3576.6,2926.4,4322.95,2866.6,3265.1,51,4,3265.0,128,5,3264.9,4,2,3264.7,17,3,3264.6,3,1,3265.2,169,3,3265.3,52,4,3265.8,55,1,3265.9,298,3,3266.0,43,2
11536,2025-12-30 13:45:01+05:30,3265.1,5,3252.62,1285309,117699.0,125902.0,3250.0,3267.5,3239.8,3251.5,45897950,3576.6,2926.4,4322.95,2866.6,3265.1,72,5,3265.0,128,5,3264.9,4,2,3264.8,18,1,3264.7,17,3,3265.2,168,3,3265.3,52,4,3265.8,55,1,3265.9,13,1,3266.0,328,4
11536,2025-12-30 13:45:01+05:30,3265.2,16,3252.62,1285309,117699.0,125902.0,3250.0,3267.5,3239.8,3251.5,45897950,3576.6,2926.4,4322.95,2866.6,3265.1,72,5,3265.0,128,5,3264.9,4,2,3264.8,18,1,3264.7,17,3,3265.2,168,3,3265.3,52,4,3265.8,55,1,3265.9,13,1,3266.0,328,4
11536,2025-12-30 13:45:02+05:30,3265.2,16,3252.62,1285325,117668.0,126078.0,3250.0,3267.5,3239.8,3251.5,45897950,3576.6,2926.4,4322.95,2866.6,3265.1,72,5,3265.0,128,5,3264.9,4,2,3264.8,20,2,3264.7,17,3,3265.2,152,3,3265.3,180,5,3265.9,13,1,3266.0,200,3,3266.1,29,2
11536,2025-12-30 13:45:02+05:30,3265.2,1,3252.62,1285325,117668.0,126078.0,3250.0,3267.5,3239.8,3251.5,45897950,3576.6,2926.4,4322.95,2866.6,3265.1,72,5,3265.0,128,5,3264.9,4,2,3264.8,20,2,3264.7,17,3,3265.2,152,3,3265.3,180,5,3265.9,13,1,3266.0,200,3,3266.1,29,2
11536,2025-12-30 13:45:03+05:30,3265.2,1,3252.62,1285328,117703.0,126085.0,3250.0,3267.5,3239.8,3251.5,45897950,3576.6,2926.4,4322.95,2866.6,3265.1,107,4,3265.0,128,5,3264.9,4,2,3264.8,20,2,3264.7,17,3,3265.2,224,5,3265.3,306,5,3265.9,13,1,3266.0,43,2,3266.1,29,2
11536,2025-12-30 13:45:03+05:30,3265.1,1,3252.62,1285328,117703.0,126085.0,3250.0,3267.5,3239.8,3251.5,45897950,3576.6,2926.4,4322.95,2866.6,3265.1,107,4,3265.0,128,5,3264.9,4,2,3264.8,20,2,3264.7,17,3,3265.2,224,5,3265.3,306,5,3265.9,13,1,3266.0,43,2,3266.1,29,2
11536,2025-12-30 13:45:04+05:30,3265.1,1,3252.62,1285346,117882.0,126072.0,3250.0,3267.5,3239.8,3251.5,45897950,3576.6,2926.4,4322.95,2866.6,3265.1,112,5,3265.0,128,5,3264.9,4,2,3264.8,20,2,3264.7,17,3,3265.2,207,5,3265.3,306,5,3265.9,13,1,3266.0,43,2,3266.1,29,2
11536,2025-12-30 13:45:05+05:30,3265.1,6,3252.62,1285489,117634.0,126297.0,3250.0,3267.5,3239.8,3251.5,45897950,3576.6,2926.4,4322.95,2866.6,3265.1,18,3,3265.0,128,5,3264.9,4,2,3264.8,2,1,3264.7,17,3,3265.2,206,5,3265.3,306,5,3265.9,13,1,3266.0,43,2,3266.1,70,3
11536,2025-12-30 13:45:05+05:30,3265.1,1,3252.62,1285489,117634.0,126297.0,3250.0,3267.5,3239.8,3251.5,45897950,3576.6,2926.4,4322.95,2866.6,3265.1,18,3,3265.0,128,5,3264.9,4,2,3264.8,2,1,3264.7,17,3,3265.2,206,5,3265.3,306,5,3265.9,13,1,3266.0,43,2,3266.1,70,3
11536,2025-12-30 13:45:06+05:30,3265.1,1,3252.62,1285490,117666.0,126327.0,3250.0,3267.5,3239.8,3251.5,45897950,3576.6,2926.4,4322.95,2866.6,3265.1,17,3,3265.0,128,5,3264.9,4,2,3264.8,2,1,3264.7,17,3,3265.2,206,5,3265.3,306,5,3265.9,13,1,3266.0,43,2,3266.1,70,3
11536,2025-12-30 13:45:07+05:30,3265.2,15,3252.62,1285505,117647.0,126345.0,3250.0,3267.5,3239.8,3251.5,45897950,3576.6,2926.4,4322.95,2866.6,3265.1,17,3,3265.0,128,5,3264.9,4,2,3264.8,2,1,3264.7,17,3,3265.2,191,5,3265.3,306,5,3265.9,13,1,3266.0,74,3,3266.1,70,3
11536,2025-12-30 13:45:07+05:30,3265.2,4,3252.62,1285505,117647.0,126345.0,3250.0,3267.5,3239.8,3251.5,45897950,3576.6,2926.4,4322.95,2866.6,3265.1,17,3,3265.0,128,5,3264.9,4,2,3264.8,2,1,3264.7,17,3,3265.2,191,5,3265.3,306,5,3265.9,13,1,3266.0,74,3,3266.1,70,3
11536,2025-12-30 13:45:08+05:30,3265.2,4,3252.62,1285509,117730.0,126341.0,3250.0,3267.5,3239.8,3251.5,45897950,3576.6,2926.4,4322.95,2866.6,3265.1,17,3,3265.0,128,5,3264.9,4,2,3264.8,2,1,3264.7,36,4,3265.2,187,5,3265.3,306,5,3265.9,13,1,3266.0,74,3,3266.1,70,3
11536,2025-12-30 13:45:09+05:30,3265.1,1,3252.62,1285510,117710.0,126343.0,3250.0,3267.5,3239.8,3251.5,45897950,3576.6,2926.4,4322.95,2866.6,3265.1,16,3,3265.0,128,5,3264.9,4,2,3264.8,2,1,3264.7,17,3,3265.2,187,5,3265.3,306,5,3265.9,13,1,3266.0,76,4,3266.1,70,3
11536,2025-12-30 13:45:09+05:30,3265.1,1,3252.62,1285510,117710.0,126343.0,3250.0,3267.5,3239.8,3251.5,45897950,3576.6,2926.4,4322.95,2866.6,3265.1,16,3,3265.0,128,5,3264.9,4,2,3264.8,2,1,3264.7,17,3,3265.2,187,5,3265.3,306,5,3265.9,13,1,3266.0,76,4,3266.1,70,3
11536,2025-12-30 13:45:10+05:30,3265.1,2,3252.62,1285626,117597.0,126215.0,3250.0,3267.5,3239.8,3251.5,45897950,3576.6,2926.4,4322.95,2866.6,3265.0,128,5,3264.9,4,2,3264.8,2,1,3264.7,17,3,3264.6,6,2,3265.1,59,1,3265.2,187,5,3265.3,21,3,3265.8,48,1,3265.9,316,3
11536,2025-12-30 13:45:10+05:30,3265.1,2,3252.62,1285626,117597.0,126215.0,3250.0,3267.5,3239.8,3251.5,45897950,3576.6,2926.4,4322.95,2866.6,3265.0,128,5,3264.9,4,2,3264.8,2,1,3264.7,17,3,3264.6,6,2,3265.1,59,1,3265.2,187,5,3265.3,21,3,3265.8,48,1,3265.9,316,3
11536,2025-12-30 13:45:11+05:30,3265.1,2,3252.62,1285628,117757.0,126214.0,3250.0,3267.5,3239.8,3251.5,45897950,3576.6,2926.4,4322.95,2866.6,3265.0,128,5,3264.9,4,2,3264.8,2,1,3264.7,17,3,3264.6,6,2,3265.1,74,2,3265.2,170,3,3265.3,21,3,3265.8,48,1,3265.9,316,3
11536,2025-12-30 13:45:11+05:30,3265.1,2,3252.62,1285628,117757.0,126214.0,3250.0,3267.5,3239.8,3251.5,45897950,3576.6,2926.4,4322.95,2866.6,3265.0,128,5,3264.9,4,2,3264.8,2,1,3264.7,17,3,3264.6,6,2,3265.1,74,2,3265.2,170,3,3265.3,21,3,3265.8,48,1,3265.9,316,3
11536,2025-12-30 13:45:12+05:30,3265.1,2,3252.62,1285630,117954.0,126212.0,3250.0,3267.5,3239.8,3251.5,45897950,3576.6,2926.4,4322.95,2866.6,3265.0,128,5,3264.9,4,2,3264.8,2,1,3264.7,17,3,3264.6,6,2,3265.1,72,2,3265.2,170,3,3265.3,21,3,3265.8,48,1,3265.9,316,3
11536,2025-12-30 13:45:12+05:30,3265.1,2,3252.62,1285630,117954.0,126212.0,3250.0,3267.5,3239.8,3251.5,45897950,3576.6,2926.4,4322.95,2866.6,3265.0,128,5,3264.9,4,2,3264.8,2,1,3264.7,17,3,3264.6,6,2,3265.1,72,2,3265.2,170,3,3265.3,21,3,3265.8,48,1,3265.9,316,3
11536,2025-12-30 13:45:13+05:30,3265.0,1,3252.62,1285630,117954.0,126212.0,3250.0,3267.5,3239.8,3251.5,45897950,3576.6,2926.4,4322.95,2866.6,3265.0,128,5,3264.9,4,2,3264.8,2,1,3264.7,17,3,3264.6,6,2,3265.1,72,2,3265.2,170,3,3265.3,21,3,3265.8,48,1,3265.9,316,3
11536,2025-12-30 13:45:13+05:30,3265.0,1,3252.62,1285711,117863.0,126297.0,3250.0,3267.5,3239.8,3251.5,45897950,3576.6,2926.4,4322.95,2866.6,3265.0,56,4,3264.9,4,2,3264.8,2,1,3264.7,17,3,3264.6,6,2,3265.1,72,2,3265.2,170,3,3265.3,21,3,3265.7,85,2,3265.8,48,1
11536,2025-12-30 13:45:14+05:30,3265.0,1,3252.62,1285711,117863.0,126297.0,3250.0,3267.5,3239.8,3251.5,45897950,3576.6,2926.4,4322.95,2866.6,3265.0,56,4,3264.9,4,2,3264.8,2,1,3264.7,17,3,3264.6,6,2,3265.1,72,2,3265.2,170,3,3265.3,21,3,3265.7,85,2,3265.8,48,1
11536,2025-12-30 13:45:14+05:30,3265.0,1,3252.62,1285713,117862.0,126296.0,3250.0,3267.5,3239.8,3251.5,45897950,3576.6,2926.4,4322.95,2866.6,3265.0,55,4,3264.9,4,2,3264.8,2,1,3264.7,17,3,3264.6,6,2,3265.1,71,2,3265.2,170,3,3265.3,21,3,3265.7,85,2,3265.8,48,1
11536,2025-12-30 13:45:15+05:30,3265.1,1,3252.62,1285713,117862.0,126296.0,3250.0,3267.5,3239.8,3251.5,45897950,3576.6,2926.4,4322.95,2866.6,3265.0,55,4,3264.9,4,2,3264.8,2,1,3264.7,17,3,3264.6,6,2,3265.1,71,2,3265.2,170,3,3265.3,21,3,3265.7,85,2,3265.8,48,1
11536,2025-12-30 13:45:15+05:30,3265.1,1,3252.62,1285714,118088.0,126204.0,3250.0,3267.5,3239.8,3251.5,45897950,3576.6,2926.4,4322.95,2866.6,3265.0,55,4,3264.9,4,2,3264.8,2,1,3264.7,17,3,3264.6,6,2,3265.1,158,5,3265.2,95,1,3265.3,21,3,3265.5,85,2,3265.8,74,2
11536,2025-12-30 13:45:16+05:30,3265.0,1,3252.62,1285714,118088.0,126204.0,3250.0,3267.5,3239.8,3251.5,45897950,3576.6,2926.4,4322.95,2866.6,3265.0,55,4,3264.9,4,2,3264.8,2,1,3264.7,17,3,3264.6,6,2,3265.1,158,5,3265.2,95,1,3265.3,21,3,3265.5,85,2,3265.8,74,2
11536,2025-12-30 13:45:16+05:30,3265.0,1,3252.62,1285722,118099.0,126197.0,3250.0,3267.5,3239.8,3251.5,45897950,3576.6,2926.4,4322.95,2866.6,3265.0,54,4,3264.9,4,2,3264.8,2,1,3264.7,17,3,3264.6,3,1,3265.1,151,5,3265.2,95,1,3265.3,21,3,3265.5,85,2,3265.8,74,2
11536,2025-12-30 13:45:17+05:30,3265.0,1,3252.62,1285722,118085.0,126247.0,3250.0,3267.5,3239.8,3251.5,45897950,3576.6,2926.4,4322.95,2866.6,3265.0,55,5,3264.9,4,2,3264.8,2,1,3264.7,17,3,3264.6,3,1,3265.1,151,5,3265.2,95,1,3265.3,21,3,3265.5,85,2,3265.8,202,3
11536,2025-12-30 13:45:18+05:30,3265.0,20,3252.62,1285722,118085.0,126247.0,3250.0,3267.5,3239.8,3251.5,45897950,3576.6,2926.4,4322.95,2866.6,3265.0,55,5,3264.9,4,2,3264.8,2,1,3264.7,17,3,3264.6,3,1,3265.1,151,5,3265.2,95,1,3265.3,21,3,3265.5,85,2,3265.8,202,3
11536,2025-12-30 13:45:18+05:30,3265.0,20,3252.62,1285761,118182.0,126035.0,3250.0,3267.5,3239.8,3251.5,45897950,3576.6,2926.4,4322.95,2866.6,3265.0,100,6,3264.9,4,2,3264.8,20,2,3264.7,17,3,3264.6,21,2,3265.1,134,5,3265.2,95,1,3265.3,21,3,3265.8,176,2,3265.9,45,1
11536,2025-12-30 13:45:19+05:30,3265.1,17,3252.62,1285778,118133.0,126035.0,3250.0,3267.5,3239.8,3251.5,45897950,3576.6,2926.4,4322.95,2866.6,3265.0,51,6,3264.9,4,2,3264.8,20,2,3264.7,17,3,3264.6,21,2,3265.1,117,5,3265.2,95,1,3265.3,21,3,3265.4,128,1,3265.6,157,1
11536,2025-12-30 13:45:19+05:30,3265.1,17,3252.62,1285778,118133.0,126035.0,3250.0,3267.5,3239.8,3251.5,45897950,3576.6,2926.4,4322.95,2866.6,3265.0,51,6,3264.9,4,2,3264.8,20,2,3264.7,17,3,3264.6,21,2,3265.1,117,5,3265.2,95,1,3265.3,21,3,3265.4,128,1,3265.6,157,1
11536,2025-12-30 13:45:20+05:30,3265.0,1,3252.62,1285779,118136.0,126035.0,3250.0,3267.5,3239.8,3251.5,45897950,3576.6,2926.4,4322.95,2866.6,3265.0,44,6,3264.9,4,2,3264.8,20,2,3264.7,17,3,3264.6,21,2,3265.1,117,5,3265.2,95,1,3265.3,21,3,3265.4,128,1,3265.6,157,1
11536,2025-12-30 13:45:20+05:30,3265.0,1,3252.62,1285779,118136.0,126035.0,3250.0,3267.5,3239.8,3251.5,45897950,3576.6,2926.4,4322.95,2866.6,3265.0,44,6,3264.9,4,2,3264.8,20,2,3264.7,17,3,3264.6,21,2,3265.1,117,5,3265.2,95,1,3265.3,21,3,3265.4,128,1,3265.6,157,1
11536,2025-12-30 13:45:21+05:30,3265.0,14,3252.62,1285793,117965.0,126037.0,3250.0,3267.5,3239.8,3251.5,45897950,3576.6,2926.4,4322.95,2866.6,3265.0,30,6,3264.9,4,2,3264.8,20,2,3264.7,17,3,3264.6,21,2,3265.1,117,5,3265.2,95,1,3265.3,21,3,3265.4,128,1,3265.6,157,1
11536,2025-12-30 13:45:21+05:30,3265.0,14,3252.62,1285793,117965.0,126037.0,3250.0,3267.5,3239.8,3251.5,45897950,3576.6,2926.4,4322.95,2866.6,3265.0,30,6,3264.9,4,2,3264.8,20,2,3264.7,17,3,3264.6,21,2,3265.1,117,5,3265.2,95,1,3265.3,21,3,3265.4,128,1,3265.6,157,1
11536,2025-12-30 13:45:22+05:30,3265.0,14,3252.62,1285793,117978.0,126037.0,3250.0,3267.5,3239.8,3251.5,45897950,3576.6,2926.4,4322.95,2866.6,3265.0,18,5,3264.9,23,3,3264.8,2,1,3264.7,17,3,3264.6,21,2,3265.1,117,5,3265.2,95,1,3265.3,21,3,3265.4,128,1,3265.6,157,1
11536,2025-12-30 13:45:22+05:30,3265.1,3,3252.62,1285793,117978.0,126037.0,3250.0,3267.5,3239.8,3251.5,45897950,3576.6,2926.4,4322.95,2866.6,3265.0,18,5,3264.9,23,3,3264.8,2,1,3264.7,17,3,3264.6,21,2,3265.1,117,5,3265.2,95,1,3265.3,21,3,3265.4,128,1,3265.6,157,1
11536,2025-12-30 13:45:23+05:30,3265.1,3,3252.62,1285796,117992.0,126036.0,3250.0,3267.5,3239.8,3251.5,45897950,3576.6,2926.4,4322.95,2866.6,3265.0,27,5,3264.9,4,2,3264.8,20,2,3264.7,17,3,3264.6,21,2,3265.1,114,5,3265.2,95,1,3265.3,21,3,3265.4,128,1,3265.6,157,1
11536,2025-12-30 13:45:23+05:30,3265.0,13,3252.62,1285796,117992.0,126036.0,3250.0,3267.5,3239.8,3251.5,45897950,3576.6,2926.4,4322.95,2866.6,3265.0,27,5,3264.9,4,2,3264.8,20,2,3264.7,17,3,3264.6,21,2,3265.1,114,5,3265.2,95,1,3265.3,21,3,3265.4,128,1,3265.6,157,1
11536,2025-12-30 13:45:24+05:30,3265.0,13,3252.62,1285862,117635.0,126428.0,3250.0,3267.5,3239.8,3251.5,45897950,3576.6,2926.4,4322.95,2866.6,3264.9,4,2,3264.8,20,2,3264.7,17,3,3264.6,21,2,3264.5,5,2,3265.0,334,1,3265.1,114,5,3265.2,95,1,3265.3,21,3,3265.4,128,1
11536,2025-12-30 13:45:25+05:30,3265.0,1,3252.62,1285864,117661.0,126517.0,3250.0,3267.5,3239.8,3251.5,45897950,3576.6,2926.4,4322.95,2866.6,3264.9,4,2,3264.8,2,1,3264.7,17,3,3264.6,20,2,3264.5,5,2,3265.0,449,7,3265.1,9,1,3265.2,95,1,3265.3,57,3,3265.4,128,1
11536,2025-12-30 13:45:25+05:30,3264.9,1,3252.62,1285864,117661.0,126517.0,3250.0,3267.5,3239.8,3251.5,45897950,3576.6,2926.4,4322.95,2866.6,3264.9,4,2,3264.8,2,1,3264.7,17,3,3264.6,20,2,3264.5,5,2,3265.0,449,7,3265.1,9,1,3265.2,95,1,3265.3,57,3,3265.4,128,1
11536,2025-12-30 13:45:26+05:30,3264.9,1,3252.62,1285865,117539.0,126664.0,3250.0,3267.5,3239.8,3251.5,45897950,3576.6,2926.4,4322.95,2866.6,3264.9,86,4,3264.8,2,1,3264.7,17,3,3264.6,20,2,3264.5,5,2,3265.0,449,7,3265.1,9,1,3265.2,95,1,3265.3,57,3,3265.4,128,1
11536,2025-12-30 13:45:26+05:30,3265.0,19,3252.62,1285865,117539.0,126664.0,3250.0,3267.5,3239.8,3251.5,45897950,3576.6,2926.4,4322.95,2866.6,3264.9,86,4,3264.8,2,1,3264.7,17,3,3264.6,20,2,3264.5,5,2,3265.0,449,7,3265.1,9,1,3265.2,95,1,3265.3,57,3,3265.4,128,1
11536,2025-12-30 13:45:27+05:30,3265.0,1,3252.63,1285885,117531.0,126575.0,3250.0,3267.5,3239.8,3251.5,45897950,3576.6,2926.4,4322.95,2866.6,3264.9,3,2,3264.8,21,2,3264.7,17,3,3264.6,20,2,3264.5,5,2,3265.0,429,7,3265.1,9,1,3265.2,95,1,3265.3,20,2,3265.4,128,1
11536,2025-12-30 13:45:27+05:30,3265.0,3,3252.63,1285885,117531.0,126575.0,3250.0,3267.5,3239.8,3251.5,45897950,3576.6,2926.4,4322.95,2866.6,3264.9,3,2,3264.8,21,2,3264.7,17,3,3264.6,20,2,3264.5,5,2,3265.0,429,7,3265.1,9,1,3265.2,95,1,3265.3,20,2,3265.4,128,1
11536,2025-12-30 13:45:28+05:30,3264.9,2,3252.63,1285891,117662.0,126596.0,3250.0,3267.5,3239.8,3251.5,45897950,3576.6,2926.4,4322.95,2866.6,3264.9,4,2,3264.8,21,2,3264.7,17,3,3264.6,20,2,3264.5,5,2,3265.0,426,7,3265.1,137,2,3265.2,95,1,3265.3,177,3,3265.4,37,1
11536,2025-12-30 13:45:28+05:30,3265.0,1,3252.63,1285891,117662.0,126596.0,3250.0,3267.5,3239.8,3251.5,45897950,3576.6,2926.4,4322.95,2866.6,3264.9,4,2,3264.8,21,2,3264.7,17,3,3264.6,20,2,3264.5,5,2,3265.0,426,7,3265.1,137,2,3265.2,95,1,3265.3,177,3,3265.4,37,1
11536,2025-12-30 13:45:29+05:30,3265.0,16,3252.63,1285891,117662.0,126596.0,3250.0,3267.5,3239.8,3251.5,45897950,3576.6,2926.4,4322.95,2866.6,3264.9,4,2,3264.8,21,2,3264.7,17,3,3264.6,20,2,3264.5,5,2,3265.0,426,7,3265.1,137,2,3265.2,95,1,3265.3,177,3,3265.4,37,1
11536,2025-12-30 13:45:30+05:30,3265.0,16,3252.63,1285977,117780.0,126415.0,3250.0,3267.5,3239.8,3251.5,45897950,3576.6,2926.4,4322.95,2866.6,3264.9,46,4,3264.8,185,4,3264.7,17,3,3264.6,26,3,3264.5,5,2,3265.0,390,7,3265.1,137,2,3265.2,95,1,3265.3,177,3,3265.9,53,2
11536,2025-12-30 13:45:32+05:30,3265.0,17,3252.63,1285977,117780.0,126415.0,3250.0,3267.5,3239.8,3251.5,45897950,3576.6,2926.4,4322.95,2866.6,3264.9,46,4,3264.8,185,4,3264.7,17,3,3264.6,26,3,3264.5,5,2,3265.0,390,7,3265.1,137,2,3265.2,95,1,3265.3,177,3,3265.9,53,2
11536,2025-12-30 13:45:35+05:30,3265.0,1,3252.63,1286351,117573.0,126401.0,3250.0,3267.5,3239.8,3251.5,45897950,3576.6,2926.4,4322.95,2866.6,3264.9,24,3,3264.8,21,2,3264.7,17,3,3264.6,20,2,3264.5,5,2,3265.0,431,5,3265.1,128,1,3265.2,95,1,3265.3,177,3,3265.7,25,1
11536,2025-12-30 13:45:35+05:30,3265.0,1,3252.63,1286351,117573.0,126401.0,3250.0,3267.5,3239.8,3251.5,45897950,3576.6,2926.4,4322.95,2866.6,3264.9,24,3,3264.8,21,2,3264.7,17,3,3264.6,20,2,3264.5,5,2,3265.0,431,5,3265.1,128,1,3265.2,95,1,3265.3,177,3,3265.7,25,1
11536,2025-12-30 13:45:38+05:30,3265.0,17,3252.63,1286351,117573.0,126401.0,3250.0,3267.5,3239.8,3251.5,45897950,3576.6,2926.4,4322.95,2866.6,3264.9,24,3,3264.8,21,2,3264.7,17,3,3264.6,20,2,3264.5,5,2,3265.0,431,5,3265.1,128,1,3265.2,95,1,3265.3,177,3,3265.7,25,1
11536,2025-12-30 13:45:40+05:30,3265.0,13,3252.63,1286716,117604.0,125258.0,3250.0,3267.5,3239.8,3251.5,45897950,3576.6,2926.4,4322.95,2866.6,3264.9,69,5,3264.8,100,2,3264.7,22,4,3264.6,59,4,3264.5,76,4,3265.0,67,2,3265.1,128,1,3265.2,95,1,3265.3,177,3,3265.9,22,1
11536,2025-12-30 13:45:42+05:30,3265.0,4,3252.63,1286716,117604.0,125258.0,3250.0,3267.5,3239.8,3251.5,45897950,3576.6,2926.4,4322.95,2866.6,3264.9,69,5,3264.8,100,2,3264.7,22,4,3264.6,59,4,3264.5,76,4,3265.0,67,2,3265.1,128,1,3265.2,95,1,3265.3,177,3,3265.9,22,1
11536,2025-12-30 13:45:45+05:30,3265.0,1,3252.63,1286779,116928.0,124724.0,3250.0,3267.5,3239.8,3251.5,45897950,3576.6,2926.4,4322.95,2866.6,3264.9,118,5,3264.8,103,3,3264.7,17,3,3264.6,89,5,3264.5,5,2,3265.0,20,3,3265.1,128,1,3265.2,95,1,3265.3,177,3,3265.9,22,1
11536,2025-12-30 13:45:46+05:30,3265.0,1,3252.63,1286779,116928.0,124724.0,3250.0,3267.5,3239.8,3251.5,45897950,3576.6,2926.4,4322.95,2866.6,3264.9,118,5,3264.8,103,3,3264.7,17,3,3264.6,89,5,3264.5,5,2,3265.0,20,3,3265.1,128,1,3265.2,95,1,3265.3,177,3,3265.9,22,1
11536,2025-12-30 13:45:49+05:30,3264.9,1,3252.63,1286779,116928.0,124724.0,3250.0,3267.5,3239.8,3251.5,45897950,3576.6,2926.4,4322.95,2866.6,3264.9,118,5,3264.8,103,3,3264.7,17,3,3264.6,89,5,3264.5,5,2,3265.0,20,3,3265.1,128,1,3265.2,95,1,3265.3,177,3,3265.9,22,1
11536,2025-12-30 13:45:50+05:30,3264.9,1,3252.63,1286785,118046.0,125231.0,3250.0,3267.5,3239.8,3251.5,45897950,3576.6,2926.4,4322.95,2866.6,3264.9,65,4,3264.8,2,1,3264.7,17,3,3264.6,20,2,3264.5,5,2,3265.0,465,4,3265.1,128,1,3265.2,95,1,3265.3,177,3,3265.9,52,2
11536,2025-12-30 13:45:52+05:30,3264.9,1,3252.63,1286785,118046.0,125231.0,3250.0,3267.5,3239.8,3251.5,45897950,3576.6,2926.4,4322.95,2866.6,3264.9,65,4,3264.8,2,1,3264.7,17,3,3264.6,20,2,3264.5,5,2,3265.0,465,4,3265.1,128,1,3265.2,95,1,3265.3,177,3,3265.9,52,2
11536,2025-12-30 13:45:55+05:30,3265.0,3,3252.64,1287086,118590.0,125412.0,3250.0,3267.5,3239.8,3251.5,45897950,3576.6,2926.4,4322.95,2866.6,3264.9,64,4,3264.8,2,1,3264.7,17,3,3264.6,21,2,3264.5,5,2,3265.0,372,2,3265.1,128,1,3265.2,95,1,3265.3,177,3,3265.8,27,1
11536,2025-12-30 13:45:55+05:30,3265.0,1,3252.64,1287086,118590.0,125412.0,3250.0,3267.5,3239.8,3251.5,45897950,3576.6,2926.4,4322.95,2866.6,3264.9,64,4,3264.8,2,1,3264.7,17,3,3264.6,21,2,3264.5,5,2,3265.0,372,2,3265.1,128,1,3265.2,95,1,3265.3,177,3,3265.8,27,1
11536,2025-12-30 13:45:58+05:30,3265.0,1,3252.64,1287086,118590.0,125412.0,3250.0,3267.5,3239.8,3251.5,45897950,3576.6,2926.4,4322.95,2866.6,3264.9,64,4,3264.8,2,1,3264.7,17,3,3264.6,21,2,3264.5,5,2,3265.0,372,2,3265.1,128,1,3265.2,95,1,3265.3,177,3,3265.8,27,1
11536,2025-12-30 13:45:59+05:30,3265.0,1,3252.64,1287132,118624.0,125579.0,3250.0,3267.5,3239.8,3251.5,45897950,3576.6,2926.4,4322.95,2866.6,3264.9,62,4,3264.8,2,1,3264.7,71,4,3264.6,21,2,3264.5,5,2,3265.0,328,2,3265.1,128,1,3265.2,95,1,3265.3,177,3,3265.7,29,1
11536,2025-12-30 13:46:01+05:30,3265.0,1,3252.64,1287132,118624.0,125579.0,3250.0,3267.5,3239.8,3251.5,45897950,3576.6,2926.4,4322.95,2866.6,3264.9,62,4,3264.8,2,1,3264.7,71,4,3264.6,21,2,3264.5,5,2,3265.0,328,2,3265.1,128,1,3265.2,95,1,3265.3,177,3,3265.7,29,1
11536,2025-12-30 13:46:04+05:30,3265.0,1,3252.64,1287281,118746.0,127049.0,3250.0,3267.5,3239.8,3251.5,45897950,3576.6,2926.4,4322.95,2866.6,3264.9,56,4,3264.8,2,1,3264.7,71,4,3264.6,21,2,3264.5,5,2,3265.0,360,3,3265.1,128,1,3265.2,95,1,3265.3,177,3,3265.6,37,1
11536,2025-12-30 13:46:07+05:30,3264.9,1,3252.64,1287281,118746.0,127049.0,3250.0,3267.5,3239.8,3251.5,45897950,3576.6,2926.4,4322.95,2866.6,3264.9,56,4,3264.8,2,1,3264.7,71,4,3264.6,21,2,3264.5,5,2,3265.0,360,3,3265.1,128,1,3265.2,95,1,3265.3,177,3,3265.6,37,1
11536,2025-12-30 13:46:08+05:30,3265.0,70,3252.64,1287353,118470.0,127090.0,3250.0,3267.5,3239.8,3251.5,45897950,3576.6,2926.4,4322.95,2866.6,3264.9,56,5,3264.8,2,1,3264.7,71,4,3264.6,21,2,3264.5,5,2,3265.0,303,4,3265.1,128,1,3265.2,95,1,3265.3,177,3,3265.4,37,1
11536,2025-12-30 13:46:10+05:30,3265.0,1,3252.64,1287353,118470.0,127090.0,3250.0,3267.5,3239.8,3251.5,45897950,3576.6,2926.4,4322.95,2866.6,3264.9,56,5,3264.8,2,1,3264.7,71,4,3264.6,21,2,3264.5,5,2,3265.0,303,4,3265.1,128,1,3265.2,95,1,3265.3,177,3,3265.4,37,1
11536,2025-12-30 13:46:13+05:30,3264.9,1,3252.64,1287401,118413.0,127077.0,3250.0,3267.5,3239.8,3251.5,45897950,3576.6,2926.4,4322.95,2866.6,3264.9,6,2,3264.8,21,2,3264.7,71,4,3264.6,21,2,3264.5,5,2,3265.0,293,4,3265.1,128,1,3265.2,95,1,3265.3,177,3,3265.4,37,1
11536,2025-12-30 13:46:13+05:30,3264.8,6,3252.64,1287401,118413.0,127077.0,3250.0,3267.5,3239.8,3251.5,45897950,3576.6,2926.4,4322.95,2866.6,3264.9,6,2,3264.8,21,2,3264.7,71,4,3264.6,21,2,3264.5,5,2,3265.0,293,4,3265.1,128,1,3265.2,95,1,3265.3,177,3,3265.4,37,1
11536,2025-12-30 13:46:16+05:30,3264.6,1,3252.64,1287401,118413.0,127077.0,3250.0,3267.5,3239.8,3251.5,45897950,3576.6,2926.4,4322.95,2866.6,3264.9,6,2,3264.8,21,2,3264.7,71,4,3264.6,21,2,3264.5,5,2,3265.0,293,4,3265.1,128,1,3265.2,95,1,3265.3,177,3,3265.4,37,1
11536,2025-12-30 13:46:17+05:30,3264.6,1,3252.64,1287637,116669.0,127193.0,3250.0,3267.5,3239.8,3251.5,45897950,3576.6,2926.4,4322.95,2866.6,3264.6,3,2,3264.5,5,2,3264.4,22,4,3264.3,43,4,3264.0,46,5,3264.7,242,1,3264.8,98,1,3264.9,128,1,3265.0,156,4,3265.1,157,1
11536,2025-12-30 13:46:19+05:30,3264.7,47,3252.64,1287637,116669.0,127193.0,3250.0,3267.5,3239.8,3251.5,45897950,3576.6,2926.4,4322.95,2866.6,3264.6,3,2,3264.5,5,2,3264.4,22,4,3264.3,43,4,3264.0,46,5,3264.7,242,1,3264.8,98,1,3264.9,128,1,3265.0,156,4,3265.1,157,1
11536,2025-12-30 13:46:22+05:30,3264.7,1,3252.64,1287689,117481.0,127081.0,3250.0,3267.5,3239.8,3251.5,45897950,3576.6,2926.4,4322.95,2866.6,3264.6,3,2,3264.5,5,2,3264.4,39,5,3264.3,27,3,3264.2,17,1,3264.7,204,2,3264.8,98,1,3264.9,128,1,3265.0,104,2,3265.1,222,3
11536,2025-12-30 13:46:22+05:30,3264.7,3,3252.64,1287689,117481.0,127081.0,3250.0,3267.5,3239.8,3251.5,45897950,3576.6,2926.4,4322.95,2866.6,3264.6,3,2,3264.5,5,2,3264.4,39,5,3264.3,27,3,3264.2,17,1,3264.7,204,2,3264.8,98,1,3264.9,128,1,3265.0,104,2,3265.1,222,3
11536,2025-12-30 13:46:25+05:30,3264.7,1,3252.64,1287689,117481.0,127081.0,3250.0,3267.5,3239.8,3251.5,45897950,3576.6,2926.4,4322.95,2866.6,3264.6,3,2,3264.5,5,2,3264.4,39,5,3264.3,27,3,3264.2,17,1,3264.7,204,2,3264.8,98,1,3264.9,128,1,3265.0,104,2,3265.1,222,3
11536,2025-12-30 13:46:27+05:30,3264.6,17,3252.65,1287993,118051.0,127059.0,3250.0,3267.5,3239.8,3251.5,45897950,3576.6,2926.4,4322.95,2866.6,3264.5,21,3,3264.4,22,4,3264.3,27,3,3264.2,17,1,3264.1,9,1,3264.6,44,1,3264.7,145,4,3264.8,98,1,3264.9,128,1,3265.0,73,1
11536,2025-12-30 13:46:28+05:30,3264.5,1,3252.65,1287993,118051.0,127059.0,3250.0,3267.5,3239.8,3251.5,45897950,3576.6,2926.4,4322.95,2866.6,3264.5,21,3,3264.4,22,4,3264.3,27,3,3264.2,17,1,3264.1,9,1,3264.6,44,1,3264.7,145,4,3264.8,98,1,3264.9,128,1,3265.0,73,1
11536,2025-12-30 13:46:31+05:30,3264.7,11,3252.65,1287993,118051.0,127059.0,3250.0,3267.5,3239.8,3251.5,45897950,3576.6,2926.4,4322.95,2866.6,3264.5,21,3,3264.4,22,4,3264.3,27,3,3264.2,17,1,3264.1,9,1,3264.6,44,1,3264.7,145,4,3264.8,98,1,3264.9,128,1,3265.0,73,1
11536,2025-12-30 13:46:32+05:30,3264.7,11,3252.7,1294205,119098.0,124520.0,3250.0,3267.5,3239.8,3251.5,45897950,3576.6,2926.4,4322.95,2866.6,3264.9,61,1,3264.8,61,1,3264.7,11,1,3264.5,14,3,3264.4,208,6,3265.5,122,4,3265.6,35,3,3265.7,84,2,3265.8,125,3,3265.9,90,3
11536,2025-12-30 13:46:34+05:30,3264.7,24,3252.7,1294205,119098.0,124520.0,3250.0,3267.5,3239.8,3251.5,45897950,3576.6,2926.4,4322.95,2866.6,3264.9,61,1,3264.8,61,1,3264.7,11,1,3264.5,14,3,3264.4,208,6,3265.5,122,4,3265.6,35,3,3265.7,84,2,3265.8,125,3,3265.9,90,3
11536,2025-12-30 13:46:37+05:30,3265.2,1,3252.71,1294303,118688.0,125595.0,3250.0,3267.5,3239.8,3251.5,45897950,3576.6,2926.4,4322.95,2866.6,3264.9,46,1,3264.7,11,1,3264.5,29,3,3264.4,178,5,3264.3,68,6,3265.0,3,1,3265.2,174,1,3265.3,38,1,3265.4,44,1,3265.5,189,2
11536,2025-12-30 13:46:37+05:30,3265.2,1,3252.71,1294303,118688.0,125595.0,3250.0,3267.5,3239.8,3251.5,45897950,3576.6,2926.4,4322.95,2866.6,3264.9,46,1,3264.7,11,1,3264.5,29,3,3264.4,178,5,3264.3,68,6,3265.0,3,1,3265.2,174,1,3265.3,38,1,3265.4,44,1,3265.5,189,2
11536,2025-12-30 13:46:40+05:30,3264.5,1,3252.71,1294303,118688.0,125595.0,3250.0,3267.5,3239.8,3251.5,45897950,3576.6,2926.4,4322.95,2866.6,3264.9,46,1,3264.7,11,1,3264.5,29,3,3264.4,178,5,3264.3,68,6,3265.0,3,1,3265.2,174,1,3265.3,38,1,3265.4,44,1,3265.5,189,2
11536,2025-12-30 13:46:42+05:30,3264.5,1,3252.71,1294881,115673.0,128471.0,3250.0,3267.5,3239.8,3251.5,45897950,3576.6,2926.4,4322.95,2866.6,3264.0,4,2,3263.8,28,2,3263.7,20,2,3263.6,234,5,3263.4,267,5,3264.4,91,1,3264.5,6,1,3264.6,178,2,3264.7,175,1,3264.8,1,1
11536,2025-12-30 13:46:43+05:30,3264.0,8,3252.71,1294881,115673.0,128471.0,3250.0,3267.5,3239.8,3251.5,45897950,3576.6,2926.4,4322.95,2866.6,3264.0,4,2,3263.8,28,2,3263.7,20,2,3263.6,234,5,3263.4,267,5,3264.4,91,1,3264.5,6,1,3264.6,178,2,3264.7,175,1,3264.8,1,1
11536,2025-12-30 13:46:46+05:30,3264.4,1,3252.71,1294881,115673.0,128471.0,3250.0,3267.5,3239.8,3251.5,45897950,3576.6,2926.4,4322.95,2866.6,3264.0,4,2,3263.8,28,2,3263.7,20,2,3263.6,234,5,3263.4,267,5,3264.4,91,1,3264.5,6,1,3264.6,178,2,3264.7,175,1,3264.8,1,1
11536,2025-12-30 13:46:47+05:30,3264.4,1,3252.71,1294909,115706.0,128320.0,3250.0,3267.5,3239.8,3251.5,45897950,3576.6,2926.4,4322.95,2866.6,3264.0,3,1,3263.9,31,2,3263.8,29,3,3263.7,3,2,3263.6,264,7,3264.4,108,4,3264.5,6,1,3264.6,178,2,3264.7,175,1,3264.8,1,1
11536,2025-12-30 13:46:49+05:30,3264.0,11,3252.71,1294909,115706.0,128320.0,3250.0,3267.5,3239.8,3251.5,45897950,3576.6,2926.4,4322.95,2866.6,3264.0,3,1,3263.9,31,2,3263.8,29,3,3263.7,3,2,3263.6,264,7,3264.4,108,4,3264.5,6,1,3264.6,178,2,3264.7,175,1,3264.8,1,1
11536,2025-12-30 13:46:52+05:30,3264.0,49,3252.71,1295063,115246.0,129874.0,3250.0,3267.5,3239.8,3251.5,45897950,3576.6,2926.4,4322.95,2866.6,3263.9,12,1,3263.8,1,1,3263.7,22,3,3263.6,12,1,3263.4,222,4,3264.0,342,1,3264.2,6,1,3264.3,5,1,3264.4,63,6,3264.5,179,2
11536,2025-12-30 13:46:52+05:30,3264.0,49,3252.71,1295063,115246.0,129874.0,3250.0,3267.5,3239.8,3251.5,45897950,3576.6,2926.4,4322.95,2866.6,3263.9,12,1,3263.8,1,1,3263.7,22,3,3263.6,12,1,3263.4,222,4,3264.0,342,1,3264.2,6,1,3264.3,5,1,3264.4,63,6,3264.5,179,2
11536,2025-12-30 13:46:55+05:30,3264.0,2,3252.71,1295063,115246.0,129874.0,3250.0,3267.5,3239.8,3251.5,45897950,3576.6,2926.4,4322.95,2866.6,3263.9,12,1,3263.8,1,1,3263.7,22,3,3263.6,12,1,3263.4,222,4,3264.0,342,1,3264.2,6,1,3264.3,5,1,3264.4,63,6,3264.5,179,2
11536,2025-12-30 13:46:57+05:30,3263.9,7,3252.71,1295327,115231.0,129762.0,3250.0,3267.5,3239.8,3251.5,45897950,3576.6,2926.4,4322.95,2866.6,3263.9,216,10,3263.8,11,2,3263.7,3,2,3263.6,54,4,3263.5,3,1,3264.0,270,6,3264.2,6,1,3264.3,5,1,3264.4,214,4,3264.5,181,2
11536,2025-12-30 13:46:58+05:30,3263.9,2,3252.71,1295327,115231.0,129762.0,3250.0,3267.5,3239.8,3251.5,45897950,3576.6,2926.4,4322.95,2866.6,3263.9,216,10,3263.8,11,2,3263.7,3,2,3263.6,54,4,3263.5,3,1,3264.0,270,6,3264.2,6,1,3264.3,5,1,3264.4,214,4,3264.5,181,2
11536,2025-12-30 13:47:01+05:30,3263.8,1,3252.71,1295327,115231.0,129762.0,3250.0,3267.5,3239.8,3251.5,45897950,3576.6,2926.4,4322.95,2866.6,3263.9,216,10,3263.8,11,2,3263.7,3,2,3263.6,54,4,3263.5,3,1,3264.0,270,6,3264.2,6,1,3264.3,5,1,3264.4,214,4,3264.5,181,2
11536,2025-12-30 13:47:02+05:30,3264.0,63,3252.72,1296174,116005.0,128472.0,3250.0,3267.5,3239.8,3251.5,45897950,3576.6,2926.4,4322.95,2866.6,3263.9,242,9,3263.8,1,1,3263.7,8,3,3263.6,234,5,3263.5,89,3,3264.0,341,4,3264.4,209,3,3264.5,175,1,3264.7,175,1,3264.8,1,1
11536,2025-12-30 13:47:04+05:30,3263.9,1,3252.72,1296174,116005.0,128472.0,3250.0,3267.5,3239.8,3251.5,45897950,3576.6,2926.4,4322.95,2866.6,3263.9,242,9,3263.8,1,1,3263.7,8,3,3263.6,234,5,3263.5,89,3,3264.0,341,4,3264.4,209,3,3264.5,175,1,3264.7,175,1,3264.8,1,1
11536,2025-12-30 13:47:07+05:30,3263.9,3,3252.73,1296571,114707.0,129343.0,3250.0,3267.5,3239.8,3251.5,45897950,3576.6,2926.4,4322.95,2866.6,3263.9,211,5,3263.8,57,6,3263.7,3,2,3263.6,30,2,3263.5,8,1,3264.0,547,6,3264.4,181,2,3264.5,212,2,3264.6,1,1,3264.7,175,1
11536,2025-12-30 13:47:07+05:30,3263.9,1,3252.73,1296571,114707.0,129343.0,3250.0,3267.5,3239.8,3251.5,45897950,3576.6,2926.4,4322.95,2866.6,3263.9,211,5,3263.8,57,6,3263.7,3,2,3263.6,30,2,3263.5,8,1,3264.0,547,6,3264.4,181,2,3264.5,212,2,3264.6,1,1,3264.7,175,1
11536,2025-12-30 13:47:10+05:30,3263.8,50,3252.73,1296571,114707.0,129343.0,3250.0,3267.5,3239.8,3251.5,45897950,3576.6,2926.4,4322.95,2866.6,3263.9,211,5,3263.8,57,6,3263.7,3,2,3263.6,30,2,3263.5,8,1,3264.0,547,6,3264.4,181,2,3264.5,212,2,3264.6,1,1,3264.7,175,1
11536,2025-12-30 13:47:11+05:30,3264.0,2,3252.73,1297299,113936.0,129939.0,3250.0,3267.5,3239.8,3251.5,45897950,3576.6,2926.4,4322.95,2866.6,3263.9,101,3,3263.8,76,2,3263.7,1,1,3263.6,30,2,3263.4,19,1,3264.0,596,7,3264.1,26,2,3264.2,175,1,3264.3,38,1,3264.4,6,1
11536,2025-12-30 13:47:13+05:30,3263.9,1,3252.73,1297299,113936.0,129939.0,3250.0,3267.5,3239.8,3251.5,45897950,3576.6,2926.4,4322.95,2866.6,3263.9,101,3,3263.8,76,2,3263.7,1,1,3263.6,30,2,3263.4,19,1,3264.0,596,7,3264.1,26,2,3264.2,175,1,3264.3,38,1,3264.4,6,1
11536,2025-12-30 13:47:16+05:30,3264.0,63,3252.74,1298613,114369.0,128470.0,3250.0,3267.5,3239.8,3251.5,45897950,3576.6,2926.4,4322.95,2866.6,3263.9,163,6,3263.8,28,2,3263.7,1,1,3263.6,30,2,3263.5,8,1,3264.0,140,5,3264.4,175,1,3264.8,38,1,3264.9,78,5,3265.0,1,1
11536,2025-12-30 13:47:16+05:30,3264.0,63,3252.74,1298613,114369.0,128470.0,3250.0,3267.5,3239.8,3251.5,45897950,3576.6,2926.4,4322.95,2866.6,3263.9,163,6,3263.8,28,2,3263.7,1,1,3263.6,30,2,3263.5,8,1,3264.0,140,5,3264.4,175,1,3264.8,38,1,3264.9,78,5,3265.0,1,1
11536,2025-12-30 13:47:19+05:30,3264.3,26,3252.74,1298613,114369.0,128470.0,3250.0,3267.5,3239.8,3251.5,45897950,3576.6,2926.4,4322.95,2866.6,3263.9,163,6,3263.8,28,2,3263.7,1,1,3263.6,30,2,3263.5,8,1,3264.0,140,5,3264.4,175,1,3264.8,38,1,3264.9,78,5,3265.0,1,1
11536,2025-12-30 13:47:21+05:30,3263.8,25,3252.75,1299310,112610.0,130071.0,3250.0,3267.5,3239.8,3251.5,45897950,3576.6,2926.4,4322.95,2866.6,3263.3,61,3,3263.2,50,2,3263.1,12,1,3263.0,199,5,3262.9,44,4,3263.8,126,3,3263.9,131,1,3264.0,77,4,3264.1,135,3,3264.2,275,4
11536,2025-12-30 13:47:22+05:30,3263.8,25,3252.75,1299310,112610.0,130071.0,3250.0,3267.5,3239.8,3251.5,45897950,3576.6,2926.4,4322.95,2866.6,3263.3,61,3,3263.2,50,2,3263.1,12,1,3263.0,199,5,3262.9,44,4,3263.8,126,3,3263.9,131,1,3264.0,77,4,3264.1,135,3,3264.2,275,4
11536,2025-12-30 13:47:25+05:30,3264.1,12,3252.75,1299310,112610.0,130071.0,3250.0,3267.5,3239.8,3251.5,45897950,3576.6,2926.4,4322.95,2866.6,3263.3,61,3,3263.2,50,2,3263.1,12,1,3263.0,199,5,3262.9,44,4,3263.8,126,3,3263.9,131,1,3264.0,77,4,3264.1,135,3,3264.2,275,4
11536,2025-12-30 13:47:25+05:30,3264.1,12,3252.75,1299713,114639.0,128581.0,3250.0,3267.5,3239.8,3251.5,45897950,3576.6,2926.4,4322.95,2866.6,3264.0,54,2,3263.7,50,1,3263.4,177,2,3263.3,45,3,3263.2,271,9,3264.2,267,4,3264.3,7,1,3264.4,18,1,3264.5,43,1,3264.6,88,2
11536,2025-12-30 13:47:28+05:30,3264.2,1,3252.76,1300087,114942.0,128234.0,3250.0,3267.5,3239.8,3251.5,45897950,3576.6,2926.4,4322.95,2866.6,3264.1,150,6,3264.0,25,1,3263.7,26,2,3263.6,30,1,3263.5,11,1,3264.2,189,3,3264.7,44,1,3264.9,61,3,3265.0,1,1,3265.1,175,5
11536,2025-12-30 13:47:28+05:30,3264.2,1,3252.76,1300087,114942.0,128234.0,3250.0,3267.5,3239.8,3251.5,45897950,3576.6,2926.4,4322.95,2866.6,3264.1,150,6,3264.0,25,1,3263.7,26,2,3263.6,30,1,3263.5,11,1,3264.2,189,3,3264.7,44,1,3264.9,61,3,3265.0,1,1,3265.1,175,5
11536,2025-12-30 13:47:29+05:30,3264.7,12,3252.76,1300328,114724.0,128368.0,3250.0,3267.5,3239.8,3251.5,45897950,3576.6,2926.4,4322.95,2866.6,3264.1,83,2,3263.8,156,1,3263.7,26,2,3263.6,237,4,3263.5,62,2,3264.7,115,4,3264.8,64,2,3264.9,76,4,3265.0,67,2,3265.1,82,2
11536,2025-12-30 13:47:29+05:30,3264.7,12,3252.76,1300328,114724.0,128368.0,3250.0,3267.5,3239.8,3251.5,45897950,3576.6,2926.4,4322.95,2866.6,3264.1,83,2,3263.8,156,1,3263.7,26,2,3263.6,237,4,3263.5,62,2,3264.7,115,4,3264.8,64,2,3264.9,76,4,3265.0,67,2,3265.1,82,2
11536,2025-12-30 13:47:30+05:30,3264.1,1,3252.76,1300569,114879.0,128141.0,3250.0,3267.5,3239.8,3251.5,45897950,3576.6,2926.4,4322.95,2866.6,3264.1,82,2,3264.0,13,1,3263.9,13,1,3263.8,156,1,3263.7,124,3,3264.8,49,2,3264.9,61,2,3265.0,45,2,3265.1,148,3,3265.2,110,4
11536,2025-12-30 13:47:30+05:30,3265.9,118,3252.76,1300569,114879.0,128141.0,3250.0,3267.5,3239.8,3251.5,45897950,3576.6,2926.4,4322.95,2866.6,3264.1,82,2,3264.0,13,1,3263.9,13,1,3263.8,156,1,3263.7,124,3,3264.8,49,2,3264.9,61,2,3265.0,45,2,3265.1,148,3,3265.2,110,4
11536,2025-12-30 13:47:31+05:30,3265.9,118,3252.76,1300569,114879.0,128141.0,3250.0,3267.5,3239.8,3251.5,45897950,3576.6,2926.4,4322.95,2866.6,3264.1,82,2,3264.0,13,1,3263.9,13,1,3263.8,156,1,3263.7,124,3,3264.8,49,2,3264.9,61,2,3265.0,45,2,3265.1,148,3,3265.2,110,4
11536,2025-12-30 13:47:31+05:30,3264.3,2,3252.78,1302387,117513.0,126516.0,3250.0,3267.5,3239.8,3251.5,45897950,3576.6,2926.4,4322.95,2866.6,3264.2,68,2,3264.1,38,3,3264.0,174,2,3263.9,286,5,3263.8,135,5,3264.3,58,2,3264.5,137,1,3265.5,81,2,3265.6,175,1,3265.8,105,3
11536,2025-12-30 13:47:31+05:30,3264.3,2,3252.78,1302387,117513.0,126516.0,3250.0,3267.5,3239.8,3251.5,45897950,3576.6,2926.4,4322.95,2866.6,3264.2,68,2,3264.1,38,3,3264.0,174,2,3263.9,286,5,3263.8,135,5,3264.3,58,2,3264.5,137,1,3265.5,81,2,3265.6,175,1,3265.8,105,3
11536,2025-12-30 13:47:32+05:30,3264.3,2,3252.78,1302387,117513.0,126516.0,3250.0,3267.5,3239.8,3251.5,45897950,3576.6,2926.4,4322.95,2866.6,3264.2,68,2,3264.1,38,3,3264.0,174,2,3263.9,286,5,3263.8,135,5,3264.3,58,2,3264.5,137,1,3265.5,81,2,3265.6,175,1,3265.8,105,3
11536,2025-12-30 13:47:32+05:30,3264.3,2,3252.78,1302387,117135.0,126902.0,3250.0,3267.5,3239.8,3251.5,45897950,3576.6,2926.4,4322.95,2866.6,3264.2,177,7,3264.1,57,4,3264.0,195,3,3263.9,111,4,3263.8,301,6,3264.3,58,2,3264.5,137,1,3265.4,175,1,3265.5,81,2,3265.6,196,2
11536,2025-12-30 13:47:33+05:30,3264.3,2,3252.78,1302387,117010.0,127056.0,3250.0,3267.5,3239.8,3251.5,45897950,3576.6,2926.4,4322.95,2866.6,3264.2,164,6,3264.1,35,2,3263.9,56,1,3263.8,239,4,3263.7,78,4,3264.3,89,3,3264.5,137,1,3265.4,31,1,3265.5,296,4,3265.6,52,2
11536,2025-12-30 13:47:33+05:30,3264.3,10,3252.78,1302387,117010.0,127056.0,3250.0,3267.5,3239.8,3251.5,45897950,3576.6,2926.4,4322.95,2866.6,3264.2,164,6,3264.1,35,2,3263.9,56,1,3263.8,239,4,3263.7,78,4,3264.3,89,3,3264.5,137,1,3265.4,31,1,3265.5,296,4,3265.6,52,2
11536,2025-12-30 13:47:33+05:30,3264.3,10,3252.78,1302387,117010.0,127056.0,3250.0,3267.5,3239.8,3251.5,45897950,3576.6,2926.4,4322.95,2866.6,3264.2,164,6,3264.1,35,2,3263.9,56,1,3263.8,239,4,3263.7,78,4,3264.3,89,3,3264.5,137,1,3265.4,31,1,3265.5,296,4,3265.6,52,2
11536,2025-12-30 13:47:34+05:30,3264.1,20,3252.78,1302644,115358.0,127722.0,3250.0,3267.5,3239.8,3251.5,45897950,3576.6,2926.4,4322.95,2866.6,3264.1,68,3,3263.8,46,2,3263.7,47,2,3263.6,17,1,3263.4,397,5,3264.2,164,2,3264.5,137,1,3264.7,37,1,3264.8,44,1,3264.9,24,1
11536,2025-12-30 13:47:34+05:30,3264.1,20,3252.78,1302644,115358.0,127722.0,3250.0,3267.5,3239.8,3251.5,45897950,3576.6,2926.4,4322.95,2866.6,3264.1,68,3,3263.8,46,2,3263.7,47,2,3263.6,17,1,3263.4,397,5,3264.2,164,2,3264.5,137,1,3264.7,37,1,3264.8,44,1,3264.9,24,1
11536,2025-12-30 13:47:34+05:30,3264.1,20,3252.78,1302644,115358.0,127722.0,3250.0,3267.5,3239.8,3251.5,45897950,3576.6,2926.4,4322.95,2866.6,3264.1,68,3,3263.8,46,2,3263.7,47,2,3263.6,17,1,3263.4,397,5,3264.2,164,2,3264.5,137,1,3264.7,37,1,3264.8,44,1,3264.9,24,1
11536,2025-12-30 13:47:35+05:30,3264.1,1,3252.78,1302722,115815.0,127896.0,3250.0,3267.5,3239.8,3251.5,45897950,3576.6,2926.4,4322.95,2866.6,3264.1,186,9,3263.9,18,1,3263.8,156,7,3263.7,164,5,3263.6,209,4,3264.2,131,3,3264.5,137,1,3265.2,175,1,3265.3,37,1,3265.4,226,3
11536,2025-12-30 13:47:35+05:30,3264.1,1,3252.78,1302722,115815.0,127896.0,3250.0,3267.5,3239.8,3251.5,45897950,3576.6,2926.4,4322.95,2866.6,3264.1,186,9,3263.9,18,1,3263.8,156,7,3263.7,164,5,3263.6,209,4,3264.2,131,3,3264.5,137,1,3265.2,175,1,3265.3,37,1,3265.4,226,3
11536,2025-12-30 13:47:35+05:30,3264.1,1,3252.78,1302722,115815.0,127896.0,3250.0,3267.5,3239.8,3251.5,45897950,3576.6,2926.4,4322.95,2866.6,3264.1,186,9,3263.9,18,1,3263.8,156,7,3263.7,164,5,3263.6,209,4,3264.2,131,3,3264.5,137,1,3265.2,175,1,3265.3,37,1,3265.4,226,3
11536,2025-12-30 13:47:36+05:30,3264.1,1,3252.78,1302722,115815.0,127896.0,3250.0,3267.5,3239.8,3251.5,45897950,3576.6,2926.4,4322.95,2866.6,3264.1,186,9,3263.9,18,1,3263.8,156,7,3263.7,164,5,3263.6,209,4,3264.2,131,3,3264.5,137,1,3265.2,175,1,3265.3,37,1,3265.4,226,3
11536,2025-12-30 13:47:36+05:30,3264.1,1,3252.78,1302722,115812.0,127818.0,3250.0,3267.5,3239.8,3251.5,45897950,3576.6,2926.4,4322.95,2866.6,3264.1,173,8,3263.9,36,2,3263.8,140,6,3263.7,164,5,3263.6,209,4,3264.2,131,3,3264.5,137,1,3265.2,175,1,3265.3,37,1,3265.4,226,3
11536,2025-12-30 13:47:37+05:30,3264.2,57,3252.78,1302910,115737.0,127634.0,3250.0,3267.5,3239.8,3251.5,45897950,3576.6,2926.4,4322.95,2866.6,3264.1,146,8,3263.9,5,1,3263.8,170,7,3263.7,164,5,3263.6,210,4,3264.3,42,2,3264.5,137,1,3265.2,175,1,3265.3,37,1,3265.4,265,4
11536,2025-12-30 13:47:37+05:30,3264.2,57,3252.78,1302910,115737.0,127634.0,3250.0,3267.5,3239.8,3251.5,45897950,3576.6,2926.4,4322.95,2866.6,3264.1,146,8,3263.9,5,1,3263.8,170,7,3263.7,164,5,3263.6,210,4,3264.3,42,2,3264.5,137,1,3265.2,175,1,3265.3,37,1,3265.4,265,4
11536,2025-12-30 13:47:37+05:30,3264.2,25,3252.78,1302910,115737.0,127634.0,3250.0,3267.5,3239.8,3251.5,45897950,3576.6,2926.4,4322.95,2866.6,3264.1,146,8,3263.9,5,1,3263.8,170,7,3263.7,164,5,3263.6,210,4,3264.3,42,2,3264.5,137,1,3265.2,175,1,3265.3,37,1,3265.4,265,4
11536,2025-12-30 13:47:38+05:30,3264.2,25,3252.78,1302910,115737.0,127634.0,3250.0,3267.5,3239.8,3251.5,45897950,3576.6,2926.4,4322.95,2866.6,3264.1,146,8,3263.9,5,1,3263.8,170,7,3263.7,164,5,3263.6,210,4,3264.3,42,2,3264.5,137,1,3265.2,175,1,3265.3,37,1,3265.4,265,4
11536,2025-12-30 13:47:38+05:30,3264.2,5,3252.78,1303045,116181.0,127539.0,3250.0,3267.5,3239.8,3251.5,45897950,3576.6,2926.4,4322.95,2866.6,3264.2,41,4,3264.1,160,5,3264.0,34,3,3263.9,125,5,3263.8,161,6,3264.6,1,1,3264.8,175,1,3265.2,147,1,3265.3,37,1,3265.4,175,1
11536,2025-12-30 13:47:38+05:30,3264.2,5,3252.78,1303045,116181.0,127539.0,3250.0,3267.5,3239.8,3251.5,45897950,3576.6,2926.4,4322.95,2866.6,3264.2,41,4,3264.1,160,5,3264.0,34,3,3263.9,125,5,3263.8,161,6,3264.6,1,1,3264.8,175,1,3265.2,147,1,3265.3,37,1,3265.4,175,1
11536,2025-12-30 13:47:39+05:30,3264.2,5,3252.78,1303045,116181.0,127539.0,3250.0,3267.5,3239.8,3251.5,45897950,3576.6,2926.4,4322.95,2866.6,3264.2,41,4,3264.1,160,5,3264.0,34,3,3263.9,125,5,3263.8,161,6,3264.6,1,1,3264.8,175,1,3265.2,147,1,3265.3,37,1,3265.4,175,1
11536,2025-12-30 13:47:39+05:30,3264.2,1,3252.78,1303156,115845.0,128751.0,3250.0,3267.5,3239.8,3251.5,45897950,3576.6,2926.4,4322.95,2866.6,3264.1,157,5,3263.8,3,1,3263.7,18,1,3263.6,57,3,3263.5,76,2,3264.2,92,2,3264.9,35,1,3265.0,34,1,3265.1,318,6,3265.2,206,3
11536,2025-12-30 13:47:39+05:30,3264.3,58,3252.78,1303156,115845.0,128751.0,3250.0,3267.5,3239.8,3251.5,45897950,3576.6,2926.4,4322.95,2866.6,3264.1,157,5,3263.8,3,1,3263.7,18,1,3263.6,57,3,3263.5,76,2,3264.2,92,2,3264.9,35,1,3265.0,34,1,3265.1,318,6,3265.2,206,3
11536,2025-12-30 13:47:40+05:30,3264.3,58,3252.78,1303156,115845.0,128751.0,3250.0,3267.5,3239.8,3251.5,45897950,3576.6,2926.4,4322.95,2866.6,3264.1,157,5,3263.8,3,1,3263.7,18,1,3263.6,57,3,3263.5,76,2,3264.2,92,2,3264.9,35,1,3265.0,34,1,3265.1,318,6,3265.2,206,3
11536,2025-12-30 13:47:40+05:30,3264.6,1,3252.79,1303307,116158.0,128070.0,3250.0,3267.5,3239.8,3251.5,45897950,3576.6,2926.4,4322.95,2866.6,3264.4,142,6,3264.1,51,1,3264.0,25,1,3263.8,28,2,3263.7,19,1,3264.6,196,2,3264.8,44,1,3265.0,68,2,3265.1,336,6,3265.2,213,3
11536,2025-12-30 13:47:40+05:30,3264.6,1,3252.79,1303307,116158.0,128070.0,3250.0,3267.5,3239.8,3251.5,45897950,3576.6,2926.4,4322.95,2866.6,3264.4,142,6,3264.1,51,1,3264.0,25,1,3263.8,28,2,3263.7,19,1,3264.6,196,2,3264.8,44,1,3265.0,68,2,3265.1,336,6,3265.2,213,3
11536,2025-12-30 13:47:41+05:30,3264.5,37,3252.79,1303307,116158.0,128070.0,3250.0,3267.5,3239.8,3251.5,45897950,3576.6,2926.4,4322.95,2866.6,3264.4,142,6,3264.1,51,1,3264.0,25,1,3263.8,28,2,3263.7,19,1,3264.6,196,2,3264.8,44,1,3265.0,68,2,3265.1,336,6,3265.2,213,3
11536,2025-12-30 13:47:41+05:30,3264.5,37,3252.79,1303307,116158.0,128070.0,3250.0,3267.5,3239.8,3251.5,45897950,3576.6,2926.4,4322.95,2866.6,3264.4,142,6,3264.1,51,1,3264.0,25,1,3263.8,28,2,3263.7,19,1,3264.6,196,2,3264.8,44,1,3265.0,68,2,3265.1,336,6,3265.2,213,3
11536,2025-12-30 13:47:41+05:30,3264.4,82,3252.79,1303741,115344.0,128370.0,3250.0,3267.5,3239.8,3251.5,45897950,3576.6,2926.4,4322.95,2866.6,3264.1,54,2,3263.8,208,4,3263.7,19,1,3263.6,268,5,3263.5,106,3,3264.4,83,2,3264.5,10,1,3264.9,38,1,3265.0,30,1,3265.1,220,2
11536,2025-12-30 13:47:42+05:30,3264.4,3,3252.79,1303741,115344.0,128370.0,3250.0,3267.5,3239.8,3251.5,45897950,3576.6,2926.4,4322.95,2866.6,3264.1,54,2,3263.8,208,4,3263.7,19,1,3263.6,268,5,3263.5,106,3,3264.4,83,2,3264.5,10,1,3264.9,38,1,3265.0,30,1,3265.1,220,2
11536,2025-12-30 13:47:43+05:30,3264.1,1,3252.79,1303745,114277.0,128276.0,3250.0,3267.5,3239.8,3251.5,45897950,3576.6,2926.4,4322.95,2866.6,3264.1,66,3,3264.0,39,3,3263.8,22,2,3263.7,19,1,3263.6,290,6,3264.4,80,2,3264.9,38,1,3265.0,30,1,3265.1,220,2,3265.2,76,3
11536,2025-12-30 13:47:43+05:30,3264.1,1,3252.79,1303745,114277.0,128276.0,3250.0,3267.5,3239.8,3251.5,45897950,3576.6,2926.4,4322.95,2866.6,3264.1,66,3,3264.0,39,3,3263.8,22,2,3263.7,19,1,3263.6,290,6,3264.4,80,2,3264.9,38,1,3265.0,30,1,3265.1,220,2,3265.2,76,3
11536,2025-12-30 13:47:43+05:30,3264.1,1,3252.79,1303745,114277.0,128276.0,3250.0,3267.5,3239.8,3251.5,45897950,3576.6,2926.4,4322.95,2866.6,3264.1,66,3,3264.0,39,3,3263.8,22,2,3263.7,19,1,3263.6,290,6,3264.4,80,2,3264.9,38,1,3265.0,30,1,3265.1,220,2,3265.2,76,3
11536,2025-12-30 13:47:43+05:30,3264.1,1,3252.79,1303745,115529.0,128301.0,3250.0,3267.5,3239.8,3251.5,45897950,3576.6,2926.4,4322.95,2866.6,3264.1,118,6,3263.8,22,2,3263.6,290,6,3263.5,106,3,3263.4,519,9,3264.4,80,2,3264.9,38,1,3265.0,30,1,3265.1,220,2,3265.2,76,3
11536,2025-12-30 13:47:45+05:30,3264.1,1,3252.79,1303745,115529.0,128301.0,3250.0,3267.5,3239.8,3251.5,45897950,3576.6,2926.4,4322.95,2866.6,3264.1,118,6,3263.8,22,2,3263.6,290,6,3263.5,106,3,3263.4,519,9,3264.4,80,2,3264.9,38,1,3265.0,30,1,3265.1,220,2,3265.2,76,3
11536,2025-12-30 13:47:45+05:30,3264.4,1,3252.79,1303746,116400.0,128266.0,3250.0,3267.5,3239.8,3251.5,45897950,3576.6,2926.4,4322.95,2866.6,3264.3,152,4,3264.2,41,2,3264.1,124,5,3263.9,8,1,3263.8,238,5,3264.4,79,2,3265.0,30,1,3265.1,45,1,3265.2,83,3,3265.3,42,1
11536,2025-12-30 13:47:45+05:30,3264.4,1,3252.79,1303746,116400.0,128266.0,3250.0,3267.5,3239.8,3251.5,45897950,3576.6,2926.4,4322.95,2866.6,3264.3,152,4,3264.2,41,2,3264.1,124,5,3263.9,8,1,3263.8,238,5,3264.4,79,2,3265.0,30,1,3265.1,45,1,3265.2,83,3,3265.3,42,1
11536,2025-12-30 13:47:46+05:30,3264.6,88,3252.79,1304062,117419.0,128068.0,3250.0,3267.5,3239.8,3251.5,45897950,3576.6,2926.4,4322.95,2866.6,3264.4,153,4,3264.3,37,1,3264.2,15,1,3264.1,53,2,3264.0,30,1,3264.8,57,2,3265.0,38,1,3265.1,45,1,3265.2,81,2,3265.3,42,1
11536,2025-12-30 13:47:46+05:30,3264.4,1,3252.79,1304062,117419.0,128068.0,3250.0,3267.5,3239.8,3251.5,45897950,3576.6,2926.4,4322.95,2866.6,3264.4,153,4,3264.3,37,1,3264.2,15,1,3264.1,53,2,3264.0,30,1,3264.8,57,2,3265.0,38,1,3265.1,45,1,3265.2,81,2,3265.3,42,1
11536,2025-12-30 13:47:46+05:30,3264.4,1,3252.79,1304062,117419.0,128068.0,3250.0,3267.5,3239.8,3251.5,45897950,3576.6,2926.4,4322.95,2866.6,3264.4,153,4,3264.3,37,1,3264.2,15,1,3264.1,53,2,3264.0,30,1,3264.8,57,2,3265.0,38,1,3265.1,45,1,3265.2,81,2,3265.3,42,1
11536,2025-12-30 13:47:47+05:30,3264.8,2,3252.79,1304066,117610.0,128053.0,3250.0,3267.5,3239.8,3251.5,45897950,3576.6,2926.4,4322.95,2866.6,3264.4,152,4,3264.3,50,2,3264.2,18,2,3264.1,53,2,3263.8,286,6,3264.8,54,2,3265.0,38,1,3265.1,83,2,3265.2,43,1,3265.3,42,1
11536,2025-12-30 13:47:47+05:30,3264.4,1,3252.79,1304066,117610.0,128053.0,3250.0,3267.5,3239.8,3251.5,45897950,3576.6,2926.4,4322.95,2866.6,3264.4,152,4,3264.3,50,2,3264.2,18,2,3264.1,53,2,3263.8,286,6,3264.8,54,2,3265.0,38,1,3265.1,83,2,3265.2,43,1,3265.3,42,1
11536,2025-12-30 13:47:48+05:30,3264.4,1,3252.79,1304067,118060.0,128010.0,3250.0,3267.5,3239.8,3251.5,45897950,3576.6,2926.4,4322.95,2866.6,3264.7,127,4,3264.4,142,5,3264.3,50,2,3264.2,18,2,3264.1,53,2,3264.8,54,2,3265.1,45,1,3265.2,81,2,3265.3,80,2,3265.5,183,2
11536,2025-12-30 13:47:48+05:30,3264.4,1,3252.79,1304067,118060.0,128010.0,3250.0,3267.5,3239.8,3251.5,45897950,3576.6,2926.4,4322.95,2866.6,3264.7,127,4,3264.4,142,5,3264.3,50,2,3264.2,18,2,3264.1,53,2,3264.8,54,2,3265.1,45,1,3265.2,81,2,3265.3,80,2,3265.5,183,2
11536,2025-12-30 13:47:48+05:30,3264.8,35,3252.79,1304067,118060.0,128010.0,3250.0,3267.5,3239.8,3251.5,45897950,3576.6,2926.4,4322.95,2866.6,3264.7,127,4,3264.4,142,5,3264.3,50,2,3264.2,18,2,3264.1,53,2,3264.8,54,2,3265.1,45,1,3265.2,81,2,3265.3,80,2,3265.5,183,2
11536,2025-12-30 13:47:49+05:30,3264.8,35,3252.8,1304370,117744.0,128120.0,3250.0,3267.5,3239.8,3251.5,45897950,3576.6,2926.4,4322.95,2866.6,3264.5,3,1,3264.4,70,7,3264.3,53,3,3264.2,18,2,3264.1,75,3,3264.7,172,2,3264.9,38,1,3265.1,45,1,3265.2,43,1,3265.3,217,2
11536,2025-12-30 13:47:49+05:30,3264.8,35,3252.8,1304370,117744.0,128120.0,3250.0,3267.5,3239.8,3251.5,45920875,3576.6,2926.4,4322.95,2866.6,3264.5,3,1,3264.4,70,7,3264.3,53,3,3264.2,18,2,3264.1,75,3,3264.7,172,2,3264.9,38,1,3265.1,45,1,3265.2,43,1,3265.3,217,2
11536,2025-12-30 13:47:49+05:30,3264.7,1,3252.8,1304370,117744.0,128120.0,3250.0,3267.5,3239.8,3251.5,45920875,3576.6,2926.4,4322.95,2866.6,3264.5,3,1,3264.4,70,7,3264.3,53,3,3264.2,18,2,3264.1,75,3,3264.7,172,2,3264.9,38,1,3265.1,45,1,3265.2,43,1,3265.3,217,2
11536,2025-12-30 13:47:50+05:30,3264.7,1,3252.8,1304371,117749.0,128042.0,3250.0,3267.5,3239.8,3251.5,45920875,3576.6,2926.4,4322.95,2866.6,3264.6,50,2,3264.5,66,2,3264.4,44,5,3264.3,16,2,3264.2,18,2,3264.7,171,2,3265.0,38,1,3265.1,45,1,3265.2,43,1,3265.3,42,1
11536,2025-12-30 13:47:50+05:30,3264.7,1,3252.8,1304371,117749.0,128042.0,3250.0,3267.5,3239.8,3251.5,45920875,3576.6,2926.4,4322.95,2866.6,3264.6,50,2,3264.5,66,2,3264.4,44,5,3264.3,16,2,3264.2,18,2,3264.7,171,2,3265.0,38,1,3265.1,45,1,3265.2,43,1,3265.3,42,1
11536,2025-12-30 13:47:51+05:30,3264.9,38,3252.8,1304536,118710.0,128060.0,3250.0,3267.5,3239.8,3251.5,45920875,3576.6,2926.4,4322.95,2866.6,3264.8,3,1,3264.6,214,6,3264.5,3,1,3264.4,174,4,3264.3,16,2,3264.9,143,2,3265.3,66,2,3265.4,359,3,3265.5,81,2,3265.6,245,3
11536,2025-12-30 13:47:51+05:30,3264.9,15,3252.8,1304536,118710.0,128060.0,3250.0,3267.5,3239.8,3251.5,45920875,3576.6,2926.4,4322.95,2866.6,3264.8,3,1,3264.6,214,6,3264.5,3,1,3264.4,174,4,3264.3,16,2,3264.9,143,2,3265.3,66,2,3265.4,359,3,3265.5,81,2,3265.6,245,3
11536,2025-12-30 13:47:52+05:30,3264.9,15,3252.8,1304536,118710.0,128060.0,3250.0,3267.5,3239.8,3251.5,45920875,3576.6,2926.4,4322.95,2866.6,3264.8,3,1,3264.6,214,6,3264.5,3,1,3264.4,174,4,3264.3,16,2,3264.9,143,2,3265.3,66,2,3265.4,359,3,3265.5,81,2,3265.6,245,3
11536,2025-12-30 13:47:52+05:30,3264.6,20,3252.8,1304679,118438.0,128192.0,3250.0,3267.5,3239.8,3251.5,45920875,3576.6,2926.4,4322.95,2866.6,3264.6,113,5,3264.5,111,4,3264.4,18,3,3264.3,16,2,3264.2,18,2,3265.0,216,2,3265.2,38,1,3265.3,28,1,3265.4,322,2,3265.5,81,2
11536,2025-12-30 13:47:52+05:30,3265.0,3,3252.8,1304679,118438.0,128192.0,3250.0,3267.5,3239.8,3251.5,45920875,3576.6,2926.4,4322.95,2866.6,3264.6,113,5,3264.5,111,4,3264.4,18,3,3264.3,16,2,3264.2,18,2,3265.0,216,2,3265.2,38,1,3265.3,28,1,3265.4,322,2,3265.5,81,2
11536,2025-12-30 13:47:53+05:30,3265.0,3,3252.8,1304683,118527.0,128144.0,3250.0,3267.5,3239.8,3251.5,45920875,3576.6,2926.4,4322.95,2866.6,3264.6,112,5,3264.5,137,6,3264.4,17,2,3264.3,16,2,3264.2,18,2,3265.0,213,2,3265.2,38,1,3265.3,28,1,3265.4,322,2,3265.5,36,1
11536,2025-12-30 13:47:53+05:30,3265.0,5,3252.8,1304683,118527.0,128144.0,3250.0,3267.5,3239.8,3251.5,45920875,3576.6,2926.4,4322.95,2866.6,3264.6,112,5,3264.5,137,6,3264.4,17,2,3264.3,16,2,3264.2,18,2,3265.0,213,2,3265.2,38,1,3265.3,28,1,3265.4,322,2,3265.5,36,1
11536,2025-12-30 13:47:54+05:30,3264.9,49,3252.8,1304739,118625.0,128312.0,3250.0,3267.5,3239.8,3251.5,45920875,3576.6,2926.4,4322.95,2866.6,3264.9,102,3,3264.8,9,1,3264.6,88,3,3264.5,111,4,3264.4,17,2,3265.0,207,2,3265.3,66,2,3265.4,147,1,3265.5,81,2,3265.6,273,5
11536,2025-12-30 13:47:54+05:30,3265.4,22,3252.8,1304739,118625.0,128312.0,3250.0,3267.5,3239.8,3251.5,45920875,3576.6,2926.4,4322.95,2866.6,3264.9,102,3,3264.8,9,1,3264.6,88,3,3264.5,111,4,3264.4,17,2,3265.0,207,2,3265.3,66,2,3265.4,147,1,3265.5,81,2,3265.6,273,5
11536,2025-12-30 13:47:55+05:30,3265.4,22,3252.8,1305035,119277.0,127008.0,3250.0,3267.5,3239.8,3251.5,45920875,3576.6,2926.4,4322.95,2866.6,3265.2,38,1,3265.1,2,1,3265.0,126,3,3264.9,98,1,3264.8,9,1,3265.4,64,1,3265.7,300,2,3265.8,38,1,3265.9,390,4,3266.0,83,2
11536,2025-12-30 13:47:56+05:30,3265.4,63,3252.8,1305098,118703.0,126071.0,3250.0,3267.5,3239.8,3251.5,45920875,3576.6,2926.4,4322.95,2866.6,3265.3,26,2,3265.2,30,2,3265.1,2,1,3265.0,126,3,3264.9,98,1,3265.7,301,3,3265.9,390,4,3266.1,38,1,3266.2,45,1,3266.3,5,1
11536,2025-12-30 13:47:56+05:30,3265.3,13,3252.8,1305098,118703.0,126071.0,3250.0,3267.5,3239.8,3251.5,45920875,3576.6,2926.4,4322.95,2866.6,3265.3,26,2,3265.2,30,2,3265.1,2,1,3265.0,126,3,3264.9,98,1,3265.7,301,3,3265.9,390,4,3266.1,38,1,3266.2,45,1,3266.3,5,1
11536,2025-12-30 13:47:57+05:30,3265.3,13,3252.81,1305430,119387.0,126998.0,3250.0,3267.5,3239.8,3251.5,45920875,3576.6,2926.4,4322.95,2866.6,3265.2,5,1,3265.1,27,2,3265.0,1,1,3264.9,98,1,3264.8,9,1,3265.3,325,2,3265.6,339,6,3265.7,38,1,3265.8,228,3,3265.9,422,7
11536,2025-12-30 13:47:57+05:30,3265.3,3,3252.81,1305430,119387.0,126998.0,3250.0,3267.5,3239.8,3251.5,45920875,3576.6,2926.4,4322.95,2866.6,3265.2,5,1,3265.1,27,2,3265.0,1,1,3264.9,98,1,3264.8,9,1,3265.3,325,2,3265.6,339,6,3265.7,38,1,3265.8,228,3,3265.9,422,7
11536,2025-12-30 13:47:58+05:30,3265.1,26,3252.81,1305596,118872.0,127915.0,3250.0,3267.5,3239.8,3251.5,45920875,3576.6,2926.4,4322.95,2866.6,3265.1,27,2,3264.9,102,2,3264.8,9,1,3264.6,64,2,3264.5,5,2,3265.3,578,7,3265.4,64,3,3265.5,29,2,3265.6,402,8,3265.7,42,2
11536,2025-12-30 13:47:58+05:30,3265.1,1,3252.81,1305596,118872.0,127915.0,3250.0,3267.5,3239.8,3251.5,45920875,3576.6,2926.4,4322.95,2866.6,3265.1,27,2,3264.9,102,2,3264.8,9,1,3264.6,64,2,3264.5,5,2,3265.3,578,7,3265.4,64,3,3265.5,29,2,3265.6,402,8,3265.7,42,2
11536,2025-12-30 13:47:59+05:30,3265.1,1,3252.81,1305597,118946.0,128059.0,3250.0,3267.5,3239.8,3251.5,45920875,3576.6,2926.4,4322.95,2866.6,3265.1,106,1,3265.0,26,1,3264.9,102,2,3264.8,9,1,3264.6,64,2,3265.3,495,4,3265.4,135,2,3265.5,38,1,3265.6,305,5,3265.7,117,3
11536,2025-12-30 13:48:00+05:30,3265.1,1,3252.81,1305597,119016.0,128146.0,3250.0,3267.5,3239.8,3251.5,45920875,3576.6,2926.4,4322.95,2866.6,3265.2,126,4,3265.1,106,1,3264.9,102,2,3264.8,9,1,3264.6,64,2,3265.3,450,3,3265.4,161,2,3265.6,350,6,3265.7,132,3,3265.8,136,4
11536,2025-12-30 13:48:00+05:30,3265.2,51,3252.81,1305597,119016.0,128146.0,3250.0,3267.5,3239.8,3251.5,45920875,3576.6,2926.4,4322.95,2866.6,3265.2,126,4,3265.1,106,1,3264.9,102,2,3264.8,9,1,3264.6,64,2,3265.3,450,3,3265.4,161,2,3265.6,350,6,3265.7,132,3,3265.8,136,4
11536,2025-12-30 13:48:01+05:30,3265.2,1,3252.81,1306034,117667.0,128360.0,3250.0,3267.5,3239.8,3251.5,45920875,3576.6,2926.4,4322.95,2866.6,3264.9,102,2,3264.8,9,1,3264.6,64,2,3264.5,5,2,3264.4,17,2,3265.2,210,5,3265.3,438,5,3265.4,182,5,3265.5,196,2,3265.6,253,7
11536,2025-12-30 13:48:01+05:30,3265.2,1,3252.81,1306034,117667.0,128360.0,3250.0,3267.5,3239.8,3251.5,45920875,3576.6,2926.4,4322.95,2866.6,3264.9,102,2,3264.8,9,1,3264.6,64,2,3264.5,5,2,3264.4,17,2,3265.2,210,5,3265.3,438,5,3265.4,182,5,3265.5,196,2,3265.6,253,7
11536,2025-12-30 13:48:02+05:30,3265.2,7,3252.81,1306042,117751.0,128165.0,3250.0,3267.5,3239.8,3251.5,45920875,3576.6,2926.4,4322.95,2866.6,3265.0,74,4,3264.9,102,2,3264.8,9,1,3264.6,64,2,3264.5,5,2,3265.2,335,4,3265.3,394,2,3265.4,75,2,3265.5,21,1,3265.6,464,9
11536,2025-12-30 13:48:02+05:30,3265.1,25,3252.81,1306042,117751.0,128165.0,3250.0,3267.5,3239.8,3251.5,45920875,3576.6,2926.4,4322.95,2866.6,3265.0,74,4,3264.9,102,2,3264.8,9,1,3264.6,64,2,3264.5,5,2,3265.2,335,4,3265.3,394,2,3265.4,75,2,3265.5,21,1,3265.6,464,9
11536,2025-12-30 13:48:03+05:30,3265.1,25,3252.81,1306242,117754.0,128175.0,3250.0,3267.5,3239.8,3251.5,45920875,3576.6,2926.4,4322.95,2866.6,3264.9,102,2,3264.8,9,1,3264.6,64,2,3264.5,5,2,3264.4,17,2,3265.0,178,2,3265.2,122,2,3265.3,469,4,3265.4,18,1,3265.5,175,1
11536,2025-12-30 13:48:03+05:30,3264.9,1,3252.81,1306242,117754.0,128175.0,3250.0,3267.5,3239.8,3251.5,45920875,3576.6,2926.4,4322.95,2866.6,3264.9,102,2,3264.8,9,1,3264.6,64,2,3264.5,5,2,3264.4,17,2,3265.0,178,2,3265.2,122,2,3265.3,469,4,3265.4,18,1,3265.5,175,1
11536,2025-12-30 13:48:04+05:30,3264.8,41,3252.81,1306409,117920.0,128204.0,3250.0,3267.5,3239.8,3251.5,45920875,3576.6,2926.4,4322.95,2866.6,3264.9,126,4,3264.8,9,1,3264.6,64,2,3264.5,5,2,3264.4,17,2,3265.0,53,2,3265.1,75,1,3265.2,22,1,3265.3,464,4,3265.4,18,1
11536,2025-12-30 13:48:04+05:30,3265.0,3,3252.81,1306409,117920.0,128204.0,3250.0,3267.5,3239.8,3251.5,45920875,3576.6,2926.4,4322.95,2866.6,3264.9,126,4,3264.8,9,1,3264.6,64,2,3264.5,5,2,3264.4,17,2,3265.0,53,2,3265.1,75,1,3265.2,22,1,3265.3,464,4,3265.4,18,1
11536,2025-12-30 13:48:05+05:30,3265.1,38,3252.82,1306500,117953.0,128391.0,3250.0,3267.5,3239.8,3251.5,45920875,3576.6,2926.4,4322.95,2866.6,3265.1,185,5,3265.0,1,1,3264.8,12,2,3264.6,64,2,3264.5,5,2,3265.2,97,2,3265.3,269,1,3265.4,160,2,3265.5,39,1,3265.6,370,7
11536,2025-12-30 13:48:05+05:30,3265.1,38,3252.82,1306500,117953.0,128391.0,3250.0,3267.5,3239.8,3251.5,45920875,3576.6,2926.4,4322.95,2866.6,3265.1,185,5,3265.0,1,1,3264.8,12,2,3264.6,64,2,3264.5,5,2,3265.2,97,2,3265.3,269,1,3265.4,160,2,3265.5,39,1,3265.6,370,7
11536,2025-12-30 13:48:06+05:30,3265.2,28,3252.82,1306550,118262.0,128362.0,3250.0,3267.5,3239.8,3251.5,45920875,3576.6,2926.4,4322.95,2866.6,3265.1,210,6,3265.0,1,1,3264.8,12,2,3264.6,64,2,3264.5,5,2,3265.3,269,1,3265.4,207,3,3265.6,292,5,3265.8,75,2,3265.9,219,2
11536,2025-12-30 13:48:06+05:30,3265.2,28,3252.82,1306550,118262.0,128362.0,3250.0,3267.5,3239.8,3251.5,45920875,3576.6,2926.4,4322.95,2866.6,3265.1,210,6,3265.0,1,1,3264.8,12,2,3264.6,64,2,3264.5,5,2,3265.3,269,1,3265.4,207,3,3265.6,292,5,3265.8,75,2,3265.9,219,2
11536,2025-12-30 13:48:07+05:30,3265.2,3,3252.82,1307126,118692.0,126231.0,3250.0,3267.5,3239.8,3251.5,45920875,3576.6,2926.4,4322.95,2866.6,3265.1,50,1,3265.0,20,2,3264.8,31,3,3264.7,24,1,3264.6,93,3,3265.2,279,2,3265.4,2,1,3265.6,75,1,3265.9,175,1,3266.4,51,2
11536,2025-12-30 13:48:07+05:30,3265.2,4,3252.82,1307126,118692.0,126231.0,3250.0,3267.5,3239.8,3251.5,45920875,3576.6,2926.4,4322.95,2866.6,3265.1,50,1,3265.0,20,2,3264.8,31,3,3264.7,24,1,3264.6,93,3,3265.2,279,2,3265.4,2,1,3265.6,75,1,3265.9,175,1,3266.4,51,2
11536,2025-12-30 13:48:08+05:30,3265.1,26,3252.82,1307223,118710.0,127160.0,3250.0,3267.5,3239.8,3251.5,45920875,3576.6,2926.4,4322.95,2866.6,3264.8,38,3,3264.6,64,2,3264.5,5,2,3264.4,206,5,3264.3,13,1,3265.2,258,2,3265.3,2,1,3265.4,86,2,3265.5,175,1,3265.6,75,1
11536,2025-12-30 13:48:08+05:30,3264.8,11,3252.82,1307223,118710.0,127160.0,3250.0,3267.5,3239.8,3251.5,45920875,3576.6,2926.4,4322.95,2866.6,3264.8,38,3,3264.6,64,2,3264.5,5,2,3264.4,206,5,3264.3,13,1,3265.2,258,2,3265.3,2,1,3265.4,86,2,3265.5,175,1,3265.6,75,1
11536,2025-12-30 13:48:09+05:30,3264.8,11,3252.82,1307298,118463.0,127219.0,3250.0,3267.5,3239.8,3251.5,45920875,3576.6,2926.4,4322.95,2866.6,3264.8,87,3,3264.6,64,2,3264.5,5,2,3264.4,20,3,3264.3,32,2,3265.2,258,2,3265.3,12,2,3265.4,48,2,3265.5,31,1,3265.6,175,1
11536,2025-12-30 13:48:09+05:30,3264.8,1,3252.82,1307298,118463.0,127219.0,3250.0,3267.5,3239.8,3251.5,45920875,3576.6,2926.4,4322.95,2866.6,3264.8,87,3,3264.6,64,2,3264.5,5,2,3264.4,20,3,3264.3,32,2,3265.2,258,2,3265.3,12,2,3265.4,48,2,3265.5,31,1,3265.6,175,1
11536,2025-12-30 13:48:10+05:30,3264.8,1,3252.82,1307299,118453.0,127123.0,3250.0,3267.5,3239.8,3251.5,45920875,3576.6,2926.4,4322.95,2866.6,3264.8,86,3,3264.6,64,2,3264.5,5,2,3264.4,20,3,3264.3,32,2,3265.2,258,2,3265.3,12,2,3265.4,48,2,3265.5,67,2,3265.6,175,1
11536,2025-12-30 13:48:11+05:30,3265.2,5,3252.82,1307304,118546.0,126983.0,3250.0,3267.5,3239.8,3251.5,45920875,3576.6,2926.4,4322.95,2866.6,3264.9,114,4,3264.8,72,2,3264.6,82,3,3264.5,5,2,3264.4,38,4,3265.2,253,2,3265.4,50,3,3265.6,175,1,3265.7,39,1,3265.8,267,4
11536,2025-12-30 13:48:11+05:30,3265.2,1,3252.82,1307304,118546.0,126983.0,3250.0,3267.5,3239.8,3251.5,45920875,3576.6,2926.4,4322.95,2866.6,3264.9,114,4,3264.8,72,2,3264.6,82,3,3264.5,5,2,3264.4,38,4,3265.2,253,2,3265.4,50,3,3265.6,175,1,3265.7,39,1,3265.8,267,4
11536,2025-12-30 13:48:12+05:30,3265.2,1,3252.82,1307432,119031.0,127055.0,3250.0,3267.5,3239.8,3251.5,45920875,3576.6,2926.4,4322.95,2866.6,3265.2,1,1,3265.1,75,2,3264.9,100,3,3264.8,9,1,3264.7,50,1,3265.4,129,3,3265.6,175,1,3265.8,216,2,3265.9,48,1,3266.0,31,1
11536,2025-12-30 13:48:12+05:30,3265.6,2,3252.82,1307432,119031.0,127055.0,3250.0,3267.5,3239.8,3251.5,45920875,3576.6,2926.4,4322.95,2866.6,3265.2,1,1,3265.1,75,2,3264.9,100,3,3264.8,9,1,3264.7,50,1,3265.4,129,3,3265.6,175,1,3265.8,216,2,3265.9,48,1,3266.0,31,1
11536,2025-12-30 13:48:13+05:30,3265.1,28,3252.83,1307639,118812.0,126775.0,3250.0,3267.5,3239.8,3251.5,45920875,3576.6,2926.4,4322.95,2866.6,3265.1,22,1,3264.9,50,1,3264.8,9,1,3264.7,50,1,3264.6,64,2,3265.2,29,2,3265.5,89,2,3265.6,207,3,3265.8,190,2,3265.9,53,2
11536,2025-12-30 13:48:13+05:30,3265.5,48,3252.83,1307639,118812.0,126775.0,3250.0,3267.5,3239.8,3251.5,45920875,3576.6,2926.4,4322.95,2866.6,3265.1,22,1,3264.9,50,1,3264.8,9,1,3264.7,50,1,3264.6,64,2,3265.2,29,2,3265.5,89,2,3265.6,207,3,3265.8,190,2,3265.9,53,2
11536,2025-12-30 13:48:14+05:30,3265.5,48,3252.83,1307849,118337.0,127481.0,3250.0,3267.5,3239.8,3251.5,45920875,3576.6,2926.4,4322.95,2866.6,3264.8,9,1,3264.6,64,2,3264.5,5,2,3264.4,74,5,3264.3,19,2,3265.3,76,1,3265.4,216,2,3265.5,525,3,3265.7,239,3,3265.8,35,1
11536,2025-12-30 13:48:15+05:30,3265.3,1,3252.83,1307850,118754.0,127549.0,3250.0,3267.5,3239.8,3251.5,45920875,3576.6,2926.4,4322.95,2866.6,3265.2,100,4,3264.8,9,1,3264.6,64,2,3264.5,46,4,3264.4,122,8,3265.4,298,2,3265.5,302,1,3265.6,175,1,3265.8,210,2,3265.9,59,2
11536,2025-12-30 13:48:15+05:30,3265.3,1,3252.83,1307850,118754.0,127549.0,3250.0,3267.5,3239.8,3251.5,45920875,3576.6,2926.4,4322.95,2866.6,3265.2,100,4,3264.8,9,1,3264.6,64,2,3264.5,46,4,3264.4,122,8,3265.4,298,2,3265.5,302,1,3265.6,175,1,3265.8,210,2,3265.9,59,2
11536,2025-12-30 13:48:16+05:30,3265.4,38,3252.83,1308003,119129.0,127069.0,3250.0,3267.5,3239.8,3251.5,45920875,3576.6,2926.4,4322.95,2866.6,3265.3,66,2,3265.2,50,2,3265.1,21,1,3265.0,21,1,3264.8,9,1,3265.4,146,2,3265.5,302,1,3265.6,11,1,3265.7,175,1,3265.9,210,2
11536,2025-12-30 13:48:16+05:30,3265.4,1,3252.83,1308003,119129.0,127069.0,3250.0,3267.5,3239.8,3251.5,45920875,3576.6,2926.4,4322.95,2866.6,3265.3,66,2,3265.2,50,2,3265.1,21,1,3265.0,21,1,3264.8,9,1,3265.4,146,2,3265.5,302,1,3265.6,11,1,3265.7,175,1,3265.9,210,2
11536,2025-12-30 13:48:17+05:30,3265.4,1,3252.83,1308005,119159.0,127031.0,3250.0,3267.5,3239.8,3251.5,45920875,3576.6,2926.4,4322.95,2866.6,3265.3,90,4,3265.2,50,2,3265.1,21,1,3265.0,21,1,3264.8,17,2,3265.4,144,2,3265.5,302,1,3265.6,11,1,3265.7,175,1,3265.9,175,1
11536,2025-12-30 13:48:17+05:30,3265.4,3,3252.83,1308005,119159.0,127031.0,3250.0,3267.5,3239.8,3251.5,45920875,3576.6,2926.4,4322.95,2866.6,3265.3,90,4,3265.2,50,2,3265.1,21,1,3265.0,21,1,3264.8,17,2,3265.4,144,2,3265.5,302,1,3265.6,11,1,3265.7,175,1,3265.9,175,1
11536,2025-12-30 13:48:18+05:30,3265.0,13,3252.83,1308281,118433.0,127434.0,3250.0,3267.5,3239.8,3251.5,45920875,3576.6,2926.4,4322.95,2866.6,3264.8,17,2,3264.7,19,1,3264.6,73,3,3264.5,5,2,3264.4,58,5,3265.0,240,2,3265.4,18,1,3265.5,302,1,3265.6,175,1,3265.7,31,1
11536,2025-12-30 13:48:18+05:30,3265.0,1,3252.83,1308281,118433.0,127434.0,3250.0,3267.5,3239.8,3251.5,45920875,3576.6,2926.4,4322.95,2866.6,3264.8,17,2,3264.7,19,1,3264.6,73,3,3264.5,5,2,3264.4,58,5,3265.0,240,2,3265.4,18,1,3265.5,302,1,3265.6,175,1,3265.7,31,1
11536,2025-12-30 13:48:19+05:30,3264.6,5,3252.84,1308621,118704.0,127214.0,3250.0,3267.5,3239.8,3251.5,45920875,3576.6,2926.4,4322.95,2866.6,3264.6,64,4,3264.5,5,2,3264.4,140,8,3264.3,114,6,3264.2,330,8,3265.4,40,2,3265.5,302,1,3265.7,175,1,3265.9,175,1,3266.0,31,1
11536,2025-12-30 13:48:19+05:30,3264.6,5,3252.84,1308621,118704.0,127214.0,3250.0,3267.5,3239.8,3251.5,45920875,3576.6,2926.4,4322.95,2866.6,3264.6,64,4,3264.5,5,2,3264.4,140,8,3264.3,114,6,3264.2,330,8,3265.4,40,2,3265.5,302,1,3265.7,175,1,3265.9,175,1,3266.0,31,1
11536,2025-12-30 13:48:20+05:30,3264.6,5,3252.84,1308621,119319.0,127229.0,3250.0,3267.5,3239.8,3251.5,45920875,3576.6,2926.4,4322.95,2866.6,3265.2,150,6,3265.1,50,2,3264.7,18,1,3264.6,10,2,3264.5,5,2,3265.3,1,1,3265.4,18,1,3265.5,302,1,3265.7,175,1,3265.8,89,2
11536,2025-12-30 13:48:20+05:30,3265.2,1,3252.84,1308621,119319.0,127229.0,3250.0,3267.5,3239.8,3251.5,45920875,3576.6,2926.4,4322.95,2866.6,3265.2,150,6,3265.1,50,2,3264.7,18,1,3264.6,10,2,3264.5,5,2,3265.3,1,1,3265.4,18,1,3265.5,302,1,3265.7,175,1,3265.8,89,2
11536,2025-12-30 13:48:20+05:30,3265.2,1,3252.84,1308622,120349.0,125615.0,3250.0,3267.5,3239.8,3251.5,45920875,3576.6,2926.4,4322.95,2866.6,3265.2,163,7,3265.1,50,2,3265.0,36,2,3264.8,18,1,3264.7,51,2,3265.3,15,2,3265.5,302,1,3265.7,175,1,3265.9,175,1,3266.1,18,1
11536,2025-12-30 13:48:21+05:30,3265.5,75,3252.84,1308622,120349.0,125615.0,3250.0,3267.5,3239.8,3251.5,45920875,3576.6,2926.4,4322.95,2866.6,3265.2,163,7,3265.1,50,2,3265.0,36,2,3264.8,18,1,3264.7,51,2,3265.3,15,2,3265.5,302,1,3265.7,175,1,3265.9,175,1,3266.1,18,1
11536,2025-12-30 13:48:21+05:30,3265.5,75,3252.84,1308895,118582.0,126389.0,3250.0,3267.5,3239.8,3251.5,45920875,3576.6,2926.4,4322.95,2866.6,3265.4,152,6,3265.2,19,1,3264.9,9,1,3264.7,46,2,3264.6,52,5,3265.5,126,1,3265.6,23,1,3265.7,175,1,3265.9,175,1,3266.4,32,2
11536,2025-12-30 13:48:22+05:30,3265.4,31,3252.84,1309160,116915.0,127415.0,3250.0,3267.5,3239.8,3251.5,45920875,3576.6,2926.4,4322.95,2866.6,3264.6,44,5,3264.5,5,2,3264.4,157,8,3264.3,104,4,3264.2,265,7,3265.3,232,3,3265.5,101,1,3265.6,203,3,3265.7,175,1,3265.9,175,1
11536,2025-12-30 13:48:22+05:30,3265.4,31,3252.84,1309160,116915.0,127415.0,3250.0,3267.5,3239.8,3251.5,45920875,3576.6,2926.4,4322.95,2866.6,3264.6,44,5,3264.5,5,2,3264.4,157,8,3264.3,104,4,3264.2,265,7,3265.3,232,3,3265.5,101,1,3265.6,203,3,3265.7,175,1,3265.9,175,1
11536,2025-12-30 13:48:23+05:30,3264.6,1,3252.84,1309161,118276.0,127222.0,3250.0,3267.5,3239.8,3251.5,45920875,3576.6,2926.4,4322.95,2866.6,3264.7,13,1,3264.6,57,6,3264.5,5,2,3264.4,77,6,3264.3,62,3,3265.3,122,2,3265.4,110,1,3265.5,101,1,3265.6,28,2,3265.7,350,2
11536,2025-12-30 13:48:23+05:30,3264.6,1,3252.84,1309161,118276.0,127222.0,3250.0,3267.5,3239.8,3251.5,45920875,3576.6,2926.4,4322.95,2866.6,3264.7,13,1,3264.6,57,6,3264.5,5,2,3264.4,77,6,3264.3,62,3,3265.3,122,2,3265.4,110,1,3265.5,101,1,3265.6,28,2,3265.7,350,2
11536,2025-12-30 13:48:24+05:30,3265.3,10,3252.84,1309237,119411.0,126897.0,3250.0,3267.5,3239.8,3251.5,45920875,3576.6,2926.4,4322.95,2866.6,3265.2,152,8,3264.6,13,3,3264.5,57,4,3264.4,338,10,3264.3,276,5,3265.4,110,1,3265.5,101,1,3265.6,77,3,3265.7,350,2,3265.8,42,1
11536,2025-12-30 13:48:24+05:30,3265.3,10,3252.84,1309237,119411.0,126897.0,3250.0,3267.5,3239.8,3251.5,45920875,3576.6,2926.4,4322.95,2866.6,3265.2,152,8,3264.6,13,3,3264.5,57,4,3264.4,338,10,3264.3,276,5,3265.4,110,1,3265.5,101,1,3265.6,77,3,3265.7,350,2,3265.8,42,1
11536,2025-12-30 13:48:25+05:30,3265.4,1,3252.84,1309238,118878.0,126585.0,3250.0,3267.5,3239.8,3251.5,45920875,3576.6,2926.4,4322.95,2866.6,3265.3,48,4,3265.2,104,4,3264.7,18,1,3264.6,13,3,3264.5,23,3,3265.4,198,2,3265.5,101,1,3265.6,27,2,3265.7,350,2,3265.8,42,1
11536,2025-12-30 13:48:25+05:30,3265.4,1,3252.84,1309238,118878.0,126585.0,3250.0,3267.5,3239.8,3251.5,45920875,3576.6,2926.4,4322.95,2866.6,3265.3,48,4,3265.2,104,4,3264.7,18,1,3264.6,13,3,3264.5,23,3,3265.4,198,2,3265.5,101,1,3265.6,27,2,3265.7,350,2,3265.8,42,1
11536,2025-12-30 13:48:26+05:30,3265.4,1,3252.84,1309441,118834.0,126375.0,3250.0,3267.5,3239.8,3251.5,45920875,3576.6,2926.4,4322.95,2866.6,3265.4,35,3,3265.3,104,3,3265.0,18,1,3264.8,29,2,3264.7,40,2,3265.5,97,2,3265.6,27,2,3265.7,350,2,3265.8,2,1,3265.9,175,1
11536,2025-12-30 13:48:26+05:30,3265.4,1,3252.84,1309441,118834.0,126375.0,3250.0,3267.5,3239.8,3251.5,45920875,3576.6,2926.4,4322.95,2866.6,3265.4,35,3,3265.3,104,3,3265.0,18,1,3264.8,29,2,3264.7,40,2,3265.5,97,2,3265.6,27,2,3265.7,350,2,3265.8,2,1,3265.9,175,1
11536,2025-12-30 13:48:27+05:30,3265.4,1,3252.84,1309441,117541.0,125679.0,3250.0,3267.5,3239.8,3251.5,45920875,3576.6,2926.4,4322.95,2866.6,3265.4,52,5,3265.3,123,4,3265.0,36,2,3264.8,47,3,3264.7,22,1,3265.5,97,2,3265.6,5,1,3265.7,350,2,3265.8,2,1,3265.9,175,1
11536,2025-12-30 13:48:28+05:30,3265.6,14,3252.85,1309797,118512.0,125932.0,3250.0,3267.5,3239.8,3251.5,45920875,3576.6,2926.4,4322.95,2866.6,3265.4,2,1,3265.3,2,1,3264.7,40,2,3264.6,68,6,3264.5,66,4,3265.6,55,3,3265.7,292,4,3265.9,217,2,3266.1,53,2,3266.3,3,1
11536,2025-12-30 13:48:28+05:30,3265.6,14,3252.85,1309797,118512.0,125932.0,3250.0,3267.5,3239.8,3251.5,45920875,3576.6,2926.4,4322.95,2866.6,3265.4,2,1,3265.3,2,1,3264.7,40,2,3264.6,68,6,3264.5,66,4,3265.6,55,3,3265.7,292,4,3265.9,217,2,3266.1,53,2,3266.3,3,1
11536,2025-12-30 13:48:29+05:30,3265.6,14,3252.85,1309797,119070.0,125738.0,3250.0,3267.5,3239.8,3251.5,45920875,3576.6,2926.4,4322.95,2866.6,3265.4,59,6,3265.3,2,1,3265.0,18,1,3264.8,18,1,3264.7,72,2,3265.6,55,3,3265.7,29,2,3265.8,263,2,3265.9,175,1,3266.1,3,1
11536,2025-12-30 13:48:30+05:30,3265.5,93,3252.85,1310115,118462.0,126351.0,3250.0,3267.5,3239.8,3251.5,45920875,3576.6,2926.4,4322.95,2866.6,3264.6,31,4,3264.5,5,2,3264.4,147,8,3264.3,90,4,3264.2,429,11,3265.5,276,4,3265.6,24,2,3265.7,292,4,3265.9,175,1,3266.1,34,2
11536,2025-12-30 13:48:30+05:30,3265.5,93,3252.85,1310115,118462.0,126351.0,3250.0,3267.5,3239.8,3251.5,45920875,3576.6,2926.4,4322.95,2866.6,3264.6,31,4,3264.5,5,2,3264.4,147,8,3264.3,90,4,3264.2,429,11,3265.5,276,4,3265.6,24,2,3265.7,292,4,3265.9,175,1,3266.1,34,2
11536,2025-12-30 13:48:31+05:30,3265.5,2,3252.85,1310119,119356.0,126060.0,3250.0,3267.5,3239.8,3251.5,45920875,3576.6,2926.4,4322.95,2866.6,3265.4,52,4,3265.1,19,1,3264.8,9,1,3264.6,43,5,3264.5,82,4,3265.5,272,4,3265.6,24,2,3265.7,29,2,3265.8,263,2,3266.0,175,1
11536,2025-12-30 13:48:31+05:30,3265.5,2,3252.85,1310119,119356.0,126060.0,3250.0,3267.5,3239.8,3251.5,45920875,3576.6,2926.4,4322.95,2866.6,3265.4,52,4,3265.1,19,1,3264.8,9,1,3264.6,43,5,3264.5,82,4,3265.5,272,4,3265.6,24,2,3265.7,29,2,3265.8,263,2,3266.0,175,1
11536,2025-12-30 13:48:32+05:30,3265.4,1,3252.85,1310145,119600.0,125986.0,3250.0,3267.5,3239.8,3251.5,45920875,3576.6,2926.4,4322.95,2866.6,3265.4,238,7,3265.3,19,1,3265.0,14,1,3264.9,69,3,3264.8,9,1,3265.5,220,3,3265.6,6,1,3265.7,29,2,3265.8,263,2,3266.0,175,1
11536,2025-12-30 13:48:32+05:30,3265.4,1,3252.85,1310145,119600.0,125986.0,3250.0,3267.5,3239.8,3251.5,45920875,3576.6,2926.4,4322.95,2866.6,3265.4,238,7,3265.3,19,1,3265.0,14,1,3264.9,69,3,3264.8,9,1,3265.5,220,3,3265.6,6,1,3265.7,29,2,3265.8,263,2,3266.0,175,1
11536,2025-12-30 13:48:33+05:30,3265.5,38,3252.85,1310258,119941.0,125695.0,3250.0,3267.5,3239.8,3251.5,45920875,3576.6,2926.4,4322.95,2866.6,3265.4,226,6,3265.3,32,2,3265.1,6,1,3265.0,14,1,3264.9,92,4,3265.6,113,2,3265.7,5,1,3265.8,263,2,3266.0,175,1,3266.1,3,1
11536,2025-12-30 13:48:33+05:30,3265.5,38,3252.85,1310258,119941.0,125695.0,3250.0,3267.5,3239.8,3251.5,45920875,3576.6,2926.4,4322.95,2866.6,3265.4,226,6,3265.3,32,2,3265.1,6,1,3265.0,14,1,3264.9,92,4,3265.6,113,2,3265.7,5,1,3265.8,263,2,3266.0,175,1,3266.1,3,1
11536,2025-12-30 13:48:34+05:30,3265.3,10,3252.85,1310641,118177.0,127379.0,3250.0,3267.5,3239.8,3251.5,45920875,3576.6,2926.4,4322.95,2866.6,3264.6,30,4,3264.5,47,3,3264.4,72,5,3264.3,162,6,3264.2,255,7,3265.3,60,2,3265.4,56,2,3265.5,26,1,3265.6,208,4,3265.7,291,4
11536,2025-12-30 13:48:34+05:30,3265.3,10,3252.85,1310641,118177.0,127379.0,3250.0,3267.5,3239.8,3251.5,45920875,3576.6,2926.4,4322.95,2866.6,3264.6,30,4,3264.5,47,3,3264.4,72,5,3264.3,162,6,3264.2,255,7,3265.3,60,2,3265.4,56,2,3265.5,26,1,3265.6,208,4,3265.7,291,4
11536,2025-12-30 13:48:35+05:30,3265.3,1,3252.86,1310643,119356.0,127383.0,3250.0,3267.5,3239.8,3251.5,45920875,3576.6,2926.4,4322.95,2866.6,3265.2,100,4,3264.9,19,1,3264.8,7,1,3264.7,42,1,3264.6,110,6,3265.3,58,2,3265.4,56,2,3265.5,26,1,3265.6,198,3,3265.7,116,3
11536,2025-12-30 13:48:35+05:30,3265.2,25,3252.86,1310643,119356.0,127383.0,3250.0,3267.5,3239.8,3251.5,45920875,3576.6,2926.4,4322.95,2866.6,3265.2,100,4,3264.9,19,1,3264.8,7,1,3264.7,42,1,3264.6,110,6,3265.3,58,2,3265.4,56,2,3265.5,26,1,3265.6,198,3,3265.7,116,3
11536,2025-12-30 13:48:36+05:30,3264.6,33,3252.86,1311039,115790.0,129459.0,3250.0,3267.5,3239.8,3251.5,45920875,3576.6,2926.4,4322.95,2866.6,3264.5,12,3,3264.4,17,2,3264.3,23,2,3264.2,36,3,3264.1,18,1,3264.6,95,2,3265.0,175,1,3265.1,378,3,3265.2,42,1,3265.3,2,1
11536,2025-12-30 13:48:36+05:30,3264.6,33,3252.86,1311039,115790.0,129459.0,3250.0,3267.5,3239.8,3251.5,45920875,3576.6,2926.4,4322.95,2866.6,3264.5,12,3,3264.4,17,2,3264.3,23,2,3264.2,36,3,3264.1,18,1,3264.6,95,2,3265.0,175,1,3265.1,378,3,3265.2,42,1,3265.3,2,1
11536,2025-12-30 13:48:37+05:30,3264.6,4,3252.86,1311044,115730.0,129311.0,3250.0,3267.5,3239.8,3251.5,45920875,3576.6,2926.4,4322.95,2866.6,3264.5,78,6,3264.4,17,2,3264.3,23,2,3264.2,36,3,3264.0,19,1,3264.6,91,2,3265.0,175,1,3265.1,378,3,3265.3,2,1,3265.4,56,2
11536,2025-12-30 13:48:37+05:30,3264.6,4,3252.86,1311044,115730.0,129311.0,3250.0,3267.5,3239.8,3251.5,45920875,3576.6,2926.4,4322.95,2866.6,3264.5,78,6,3264.4,17,2,3264.3,23,2,3264.2,36,3,3264.0,19,1,3264.6,91,2,3265.0,175,1,3265.1,378,3,3265.3,2,1,3265.4,56,2
11536,2025-12-30 13:48:38+05:30,3264.6,1,3252.86,1311069,117131.0,127869.0,3250.0,3267.5,3239.8,3251.5,45920875,3576.6,2926.4,4322.95,2866.6,3264.5,196,11,3264.4,17,2,3264.3,28,3,3264.2,54,4,3264.1,50,2,3264.6,98,2,3265.0,175,1,3265.1,328,2,3265.3,2,1,3265.4,56,2
11536,2025-12-30 13:48:38+05:30,3264.6,1,3252.86,1311069,117131.0,127869.0,3250.0,3267.5,3239.8,3251.5,45920875,3576.6,2926.4,4322.95,2866.6,3264.5,196,11,3264.4,17,2,3264.3,28,3,3264.2,54,4,3264.1,50,2,3264.6,98,2,3265.0,175,1,3265.1,328,2,3265.3,2,1,3265.4,56,2
11536,2025-12-30 13:48:39+05:30,3264.9,28,3252.86,1311195,117815.0,128033.0,3250.0,3267.5,3239.8,3251.5,45920875,3576.6,2926.4,4322.95,2866.6,3264.9,75,4,3264.6,19,1,3264.5,172,8,3264.4,53,4,3264.3,115,4,3265.0,207,3,3265.1,300,1,3265.3,2,1,3265.4,56,2,3265.5,203,3
11536,2025-12-30 13:48:39+05:30,3265.0,38,3252.86,1311195,117815.0,128033.0,3250.0,3267.5,3239.8,3251.5,45920875,3576.6,2926.4,4322.95,2866.6,3264.9,75,4,3264.6,19,1,3264.5,172,8,3264.4,53,4,3264.3,115,4,3265.0,207,3,3265.1,300,1,3265.3,2,1,3265.4,56,2,3265.5,203,3
11536,2025-12-30 13:48:40+05:30,3265.0,1,3252.86,1311195,117815.0,128033.0,3250.0,3267.5,3239.8,3251.5,45920875,3576.6,2926.4,4322.95,2866.6,3264.9,75,4,3264.6,19,1,3264.5,172,8,3264.4,53,4,3264.3,115,4,3265.0,207,3,3265.1,300,1,3265.3,2,1,3265.4,56,2,3265.5,203,3
11536,2025-12-30 13:48:40+05:30,3265.0,1,3252.86,1311244,118252.0,127626.0,3250.0,3267.5,3239.8,3251.5,45920875,3576.6,2926.4,4322.95,2866.6,3264.9,218,8,3264.6,19,1,3264.5,94,5,3264.4,94,5,3264.3,72,3,3265.0,170,2,3265.1,300,1,3265.3,2,1,3265.4,56,2,3265.5,201,2
11536,2025-12-30 13:48:42+05:30,3265.0,1,3252.86,1311244,118343.0,127534.0,3250.0,3267.5,3239.8,3251.5,45920875,3576.6,2926.4,4322.95,2866.6,3264.9,218,8,3264.6,19,1,3264.5,83,5,3264.4,72,4,3264.3,86,3,3265.0,170,2,3265.1,300,1,3265.3,2,1,3265.4,56,2,3265.5,376,3
11536,2025-12-30 13:48:42+05:30,3265.0,28,3252.86,1311244,118343.0,127534.0,3250.0,3267.5,3239.8,3251.5,45920875,3576.6,2926.4,4322.95,2866.6,3264.9,218,8,3264.6,19,1,3264.5,83,5,3264.4,72,4,3264.3,86,3,3265.0,170,2,3265.1,300,1,3265.3,2,1,3265.4,56,2,3265.5,376,3
11536,2025-12-30 13:48:43+05:30,3264.6,1,3252.87,1312338,115428.0,127664.0,3250.0,3267.5,3239.8,3251.5,45920875,3576.6,2926.4,4322.95,2866.6,3264.6,49,1,3264.5,39,4,3264.4,42,3,3264.3,57,3,3264.2,18,2,3264.9,148,4,3265.0,14,1,3265.1,440,3,3265.2,77,3,3265.3,27,2
11536,2025-12-30 13:48:43+05:30,3264.7,1,3252.87,1312338,115428.0,127664.0,3250.0,3267.5,3239.8,3251.5,45920875,3576.6,2926.4,4322.95,2866.6,3264.6,49,1,3264.5,39,4,3264.4,42,3,3264.3,57,3,3264.2,18,2,3264.9,148,4,3265.0,14,1,3265.1,440,3,3265.2,77,3,3265.3,27,2
11536,2025-12-30 13:48:44+05:30,3264.5,14,3252.87,1312606,116239.0,127960.0,3250.0,3267.5,3239.8,3251.5,45920875,3576.6,2926.4,4322.95,2866.6,3264.5,62,6,3264.4,42,3,3264.3,16,2,3264.2,37,3,3264.0,35,2,3264.9,52,3,3265.0,36,2,3265.1,422,2,3265.2,209,2,3265.4,137,4
11536,2025-12-30 13:48:44+05:30,3264.5,14,3252.87,1312606,116239.0,127960.0,3250.0,3267.5,3239.8,3251.5,45920875,3576.6,2926.4,4322.95,2866.6,3264.5,62,6,3264.4,42,3,3264.3,16,2,3264.2,37,3,3264.0,35,2,3264.9,52,3,3265.0,36,2,3265.1,422,2,3265.2,209,2,3265.4,137,4
11536,2025-12-30 13:48:45+05:30,3264.9,1,3252.87,1312608,116541.0,127108.0,3250.0,3267.5,3239.8,3251.5,45920875,3576.6,2926.4,4322.95,2866.6,3264.5,76,6,3264.4,103,4,3264.3,16,2,3264.2,137,6,3264.0,35,2,3264.9,45,4,3265.0,22,1,3265.1,422,2,3265.4,35,1,3265.5,22,1
11536,2025-12-30 13:48:45+05:30,3264.9,1,3252.87,1312608,116541.0,127108.0,3250.0,3267.5,3239.8,3251.5,45920875,3576.6,2926.4,4322.95,2866.6,3264.5,76,6,3264.4,103,4,3264.3,16,2,3264.2,137,6,3264.0,35,2,3264.9,45,4,3265.0,22,1,3265.1,422,2,3265.4,35,1,3265.5,22,1
11536,2025-12-30 13:48:46+05:30,3265.0,1,3252.87,1312759,117204.0,128007.0,3250.0,3267.5,3239.8,3251.5,45920875,3576.6,2926.4,4322.95,2866.6,3264.5,39,4,3264.4,103,4,3264.3,16,2,3264.2,43,3,3264.0,38,2,3265.0,51,3,3265.1,463,3,3265.2,42,1,3265.3,49,1,3265.4,78,2
11536,2025-12-30 13:48:46+05:30,3264.9,1,3252.87,1312759,117204.0,128007.0,3250.0,3267.5,3239.8,3251.5,45920875,3576.6,2926.4,4322.95,2866.6,3264.5,39,4,3264.4,103,4,3264.3,16,2,3264.2,43,3,3264.0,38,2,3265.0,51,3,3265.1,463,3,3265.2,42,1,3265.3,49,1,3265.4,78,2
11536,2025-12-30 13:48:47+05:30,3265.0,31,3252.88,1312874,117449.0,126620.0,3250.0,3267.5,3239.8,3251.5,45920875,3576.6,2926.4,4322.95,2866.6,3265.0,46,3,3264.9,125,2,3264.8,2,1,3264.5,14,3,3264.4,17,2,3265.1,506,4,3265.2,49,1,3265.4,78,2,3265.5,75,2,3265.6,238,4
11536,2025-12-30 13:48:47+05:30,3265.0,3,3252.88,1312874,117449.0,126620.0,3250.0,3267.5,3239.8,3251.5,45920875,3576.6,2926.4,4322.95,2866.6,3265.0,46,3,3264.9,125,2,3264.8,2,1,3264.5,14,3,3264.4,17,2,3265.1,506,4,3265.2,49,1,3265.4,78,2,3265.5,75,2,3265.6,238,4
11536,2025-12-30 13:48:48+05:30,3265.0,3,3252.88,1313052,117605.0,127450.0,3250.0,3267.5,3239.8,3251.5,45920875,3576.6,2926.4,4322.95,2866.6,3264.8,106,5,3264.5,14,3,3264.4,17,2,3264.3,54,2,3264.2,18,2,3265.0,96,3,3265.1,422,2,3265.2,10,1,3265.4,35,1,3265.5,68,2
11536,2025-12-30 13:48:48+05:30,3264.9,1,3252.88,1313052,117605.0,127450.0,3250.0,3267.5,3239.8,3251.5,45920875,3576.6,2926.4,4322.95,2866.6,3264.8,106,5,3264.5,14,3,3264.4,17,2,3264.3,54,2,3264.2,18,2,3265.0,96,3,3265.1,422,2,3265.2,10,1,3265.4,35,1,3265.5,68,2
11536,2025-12-30 13:48:49+05:30,3264.9,1,3252.88,1313063,117997.0,127567.0,3250.0,3267.5,3239.8,3251.5,45920875,3576.6,2926.4,4322.95,2866.6,3264.9,212,8,3264.8,49,2,3264.5,32,4,3264.4,17,2,3264.3,54,2,3265.0,75,3,3265.1,400,1,3265.2,10,1,3265.4,35,1,3265.5,34,1
11536,2025-12-30 13:48:49+05:30,3265.0,7,3252.88,1313063,117997.0,127567.0,3250.0,3267.5,3239.8,3251.5,45920875,3576.6,2926.4,4322.95,2866.6,3264.9,212,8,3264.8,49,2,3264.5,32,4,3264.4,17,2,3264.3,54,2,3265.0,75,3,3265.1,400,1,3265.2,10,1,3265.4,35,1,3265.5,34,1
11536,2025-12-30 13:48:50+05:30,3265.0,35,3252.88,1313128,117501.0,127897.0,3250.0,3267.5,3239.8,3251.5,45920875,3576.6,2926.4,4322.95,2866.6,3264.9,171,6,3264.8,49,2,3264.5,14,3,3264.4,17,2,3264.3,13,1,3265.0,130,2,3265.1,400,1,3265.2,10,1,3265.4,84,2,3265.5,284,4
11536,2025-12-30 13:48:50+05:30,3264.9,23,3252.88,1313128,117501.0,127897.0,3250.0,3267.5,3239.8,3251.5,45920875,3576.6,2926.4,4322.95,2866.6,3264.9,171,6,3264.8,49,2,3264.5,14,3,3264.4,17,2,3264.3,13,1,3265.0,130,2,3265.1,400,1,3265.2,10,1,3265.4,84,2,3265.5,284,4
11536,2025-12-30 13:48:51+05:30,3264.7,3,3252.88,1313656,116210.0,127136.0,3250.0,3267.5,3239.8,3251.5,45920875,3576.6,2926.4,4322.95,2866.6,3264.4,53,6,3264.3,13,1,3264.2,18,2,3264.0,35,2,3263.9,41,1,3264.7,125,3,3264.8,34,2,3264.9,220,3,3265.0,10,1,3265.1,400,1
11536,2025-12-30 13:48:51+05:30,3264.7,3,3252.88,1313656,116210.0,127136.0,3250.0,3267.5,3239.8,3251.5,45920875,3576.6,2926.4,4322.95,2866.6,3264.4,53,6,3264.3,13,1,3264.2,18,2,3264.0,35,2,3263.9,41,1,3264.7,125,3,3264.8,34,2,3264.9,220,3,3265.0,10,1,3265.1,400,1
11536,2025-12-30 13:48:52+05:30,3264.7,3,3252.88,1313656,115541.0,127347.0,3250.0,3267.5,3239.8,3251.5,45920875,3576.6,2926.4,4322.95,2866.6,3264.4,68,7,3264.3,31,2,3264.2,18,2,3264.1,41,1,3264.0,35,2,3264.7,125,3,3264.8,24,1,3264.9,220,3,3265.0,10,1,3265.1,400,1
11536,2025-12-30 13:48:53+05:30,3264.7,5,3252.88,1313772,117936.0,128414.0,3250.0,3267.5,3239.8,3251.5,45920875,3576.6,2926.4,4322.95,2866.6,3264.7,101,3,3264.6,51,1,3264.5,26,1,3264.4,20,3,3264.3,31,3,3264.8,85,2,3264.9,198,2,3265.1,400,1,3265.4,35,1,3265.5,384,3
11536,2025-12-30 13:48:53+05:30,3264.7,5,3252.88,1313772,117936.0,128414.0,3250.0,3267.5,3239.8,3251.5,45920875,3576.6,2926.4,4322.95,2866.6,3264.7,101,3,3264.6,51,1,3264.5,26,1,3264.4,20,3,3264.3,31,3,3264.8,85,2,3264.9,198,2,3265.1,400,1,3265.4,35,1,3265.5,384,3
11536,2025-12-30 13:48:54+05:30,3264.2,2,3252.89,1314236,115408.0,128299.0,3250.0,3267.5,3239.8,3251.5,45920875,3576.6,2926.4,4322.95,2866.6,3264.2,24,3,3264.1,41,1,3264.0,54,3,3263.9,61,2,3263.8,58,3,3264.8,116,3,3264.9,191,2,3265.1,400,1,3265.3,23,1,3265.4,212,3
11536,2025-12-30 13:48:54+05:30,3264.2,1,3252.89,1314236,115408.0,128299.0,3250.0,3267.5,3239.8,3251.5,45920875,3576.6,2926.4,4322.95,2866.6,3264.2,24,3,3264.1,41,1,3264.0,54,3,3263.9,61,2,3263.8,58,3,3264.8,116,3,3264.9,191,2,3265.1,400,1,3265.3,23,1,3265.4,212,3
11536,2025-12-30 13:48:55+05:30,3264.6,1,3252.89,1314239,115804.0,128204.0,3250.0,3267.5,3239.8,3251.5,45920875,3576.6,2926.4,4322.95,2866.6,3264.7,49,4,3264.6,51,1,3264.5,50,2,3264.4,43,2,3264.2,64,3,3264.8,116,4,3264.9,191,2,3265.1,400,1,3265.3,57,2,3265.4,37,2
11536,2025-12-30 13:48:55+05:30,3264.6,1,3252.89,1314239,115804.0,128204.0,3250.0,3267.5,3239.8,3251.5,45920875,3576.6,2926.4,4322.95,2866.6,3264.7,49,4,3264.6,51,1,3264.5,50,2,3264.4,43,2,3264.2,64,3,3264.8,116,4,3264.9,191,2,3265.1,400,1,3265.3,57,2,3265.4,37,2
11536,2025-12-30 13:48:56+05:30,3264.4,7,3252.89,1314414,115842.0,128273.0,3250.0,3267.5,3239.8,3251.5,45920875,3576.6,2926.4,4322.95,2866.6,3264.5,50,4,3264.4,18,1,3264.2,23,2,3264.1,41,1,3264.0,36,2,3264.8,116,4,3264.9,191,2,3265.1,400,1,3265.2,49,1,3265.3,34,1
11536,2025-12-30 13:48:56+05:30,3264.4,7,3252.89,1314414,115842.0,128273.0,3250.0,3267.5,3239.8,3251.5,45920875,3576.6,2926.4,4322.95,2866.6,3264.5,50,4,3264.4,18,1,3264.2,23,2,3264.1,41,1,3264.0,36,2,3264.8,116,4,3264.9,191,2,3265.1,400,1,3265.2,49,1,3265.3,34,1
11536,2025-12-30 13:48:57+05:30,3264.8,1,3252.89,1314590,114789.0,128401.0,3250.0,3267.5,3239.8,3251.5,45920875,3576.6,2926.4,4322.95,2866.6,3264.2,31,3,3264.1,10,1,3264.0,54,3,3263.9,54,2,3263.8,58,3,3264.8,122,6,3264.9,191,2,3265.1,400,1,3265.2,41,1,3265.3,34,1
11536,2025-12-30 13:48:57+05:30,3264.8,3,3252.89,1314590,114789.0,128401.0,3250.0,3267.5,3239.8,3251.5,45920875,3576.6,2926.4,4322.95,2866.6,3264.2,31,3,3264.1,10,1,3264.0,54,3,3263.9,54,2,3263.8,58,3,3264.8,122,6,3264.9,191,2,3265.1,400,1,3265.2,41,1,3265.3,34,1
11536,2025-12-30 13:48:58+05:30,3264.8,2,3252.89,1314597,114067.0,128493.0,3250.0,3267.5,3239.8,3251.5,45920875,3576.6,2926.4,4322.95,2866.6,3264.3,26,1,3264.2,29,3,3264.0,39,3,3263.9,13,1,3263.8,39,2,3264.8,120,7,3264.9,201,3,3265.0,124,3,3265.1,400,1,3265.3,34,1
11536,2025-12-30 13:48:58+05:30,3264.8,2,3252.89,1314597,114067.0,128493.0,3250.0,3267.5,3239.8,3251.5,45920875,3576.6,2926.4,4322.95,2866.6,3264.3,26,1,3264.2,29,3,3264.0,39,3,3263.9,13,1,3263.8,39,2,3264.8,120,7,3264.9,201,3,3265.0,124,3,3265.1,400,1,3265.3,34,1
11536,2025-12-30 13:48:59+05:30,3264.6,1,3252.89,1314774,116131.0,128574.0,3250.0,3267.5,3239.8,3251.5,45920875,3576.6,2926.4,4322.95,2866.6,3264.6,74,2,3264.5,101,5,3264.2,4,2,3264.1,17,1,3264.0,29,3,3264.8,121,8,3264.9,250,4,3265.0,34,1,3265.1,441,2,3265.3,34,1
11536,2025-12-30 13:48:59+05:30,3264.6,1,3252.89,1314774,116131.0,128574.0,3250.0,3267.5,3239.8,3251.5,45920875,3576.6,2926.4,4322.95,2866.6,3264.6,74,2,3264.5,101,5,3264.2,4,2,3264.1,17,1,3264.0,29,3,3264.8,121,8,3264.9,250,4,3265.0,34,1,3265.1,441,2,3265.3,34,1
11536,2025-12-30 13:49:00+05:30,3264.5,1,3252.89,1314774,116131.0,128574.0,3250.0,3267.5,3239.8,3251.5,45920875,3576.6,2926.4,4322.95,2866.6,3264.6,74,2,3264.5,101,5,3264.2,4,2,3264.1,17,1,3264.0,29,3,3264.8,121,8,3264.9,250,4,3265.0,34,1,3265.1,441,2,3265.3,34,1
11536,2025-12-30 13:49:00+05:30,3264.5,1,3252.89,1314910,116132.0,128442.0,3250.0,3267.5,3239.8,3251.5,45920875,3576.6,2926.4,4322.95,2866.6,3264.5,39,2,3264.4,26,2,3264.2,4,2,3264.0,46,4,3263.9,17,1,3264.8,137,9,3264.9,250,4,3265.0,42,1,3265.1,400,1,3265.3,34,1
11536,2025-12-30 13:49:01+05:30,3264.2,6,3252.89,1314910,116132.0,128442.0,3250.0,3267.5,3239.8,3251.5,45920875,3576.6,2926.4,4322.95,2866.6,3264.5,39,2,3264.4,26,2,3264.2,4,2,3264.0,46,4,3263.9,17,1,3264.8,137,9,3264.9,250,4,3265.0,42,1,3265.1,400,1,3265.3,34,1
11536,2025-12-30 13:49:02+05:30,3264.2,6,3252.9,1315136,114265.0,128982.0,3250.0,3267.5,3239.8,3251.5,45920875,3576.6,2926.4,4322.95,2866.6,3264.2,16,2,3264.0,30,3,3263.9,17,1,3263.8,19,1,3263.6,81,5,3264.8,101,2,3264.9,228,3,3265.0,42,1,3265.1,400,1,3265.3,34,1
11536,2025-12-30 13:49:03+05:30,3264.2,6,3252.9,1315136,114403.0,128855.0,3250.0,3267.5,3239.8,3251.5,45920875,3576.6,2926.4,4322.95,2866.6,3264.6,76,4,3264.2,16,2,3264.1,18,1,3264.0,54,3,3263.9,17,1,3264.8,101,2,3264.9,228,3,3265.0,36,1,3265.1,400,1,3265.3,34,1
11536,2025-12-30 13:49:03+05:30,3264.0,22,3252.9,1315136,114403.0,128855.0,3250.0,3267.5,3239.8,3251.5,45920875,3576.6,2926.4,4322.95,2866.6,3264.6,76,4,3264.2,16,2,3264.1,18,1,3264.0,54,3,3263.9,17,1,3264.8,101,2,3264.9,228,3,3265.0,36,1,3265.1,400,1,3265.3,34,1
11536,2025-12-30 13:49:04+05:30,3264.0,22,3252.9,1315305,114729.0,128891.0,3250.0,3267.5,3239.8,3251.5,45920875,3576.6,2926.4,4322.95,2866.6,3264.0,44,4,3263.9,59,2,3263.8,44,2,3263.7,13,1,3263.6,196,9,3264.8,101,2,3264.9,49,1,3265.0,36,1,3265.1,400,1,3265.3,76,2
11536,2025-12-30 13:49:05+05:30,3264.0,68,3252.9,1315481,114318.0,129078.0,3250.0,3267.5,3239.8,3251.5,45920875,3576.6,2926.4,4322.95,2866.6,3264.0,2,1,3263.9,35,2,3263.8,26,1,3263.6,138,8,3263.5,229,3,3264.8,127,4,3264.9,101,3,3265.0,36,1,3265.1,400,1,3265.3,34,1
11536,2025-12-30 13:49:05+05:30,3264.3,13,3252.9,1315481,114318.0,129078.0,3250.0,3267.5,3239.8,3251.5,45920875,3576.6,2926.4,4322.95,2866.6,3264.0,2,1,3263.9,35,2,3263.8,26,1,3263.6,138,8,3263.5,229,3,3264.8,127,4,3264.9,101,3,3265.0,36,1,3265.1,400,1,3265.3,34,1
11536,2025-12-30 13:49:06+05:30,3264.3,13,3252.9,1315494,114674.0,129038.0,3250.0,3267.5,3239.8,3251.5,45920875,3576.6,2926.4,4322.95,2866.6,3264.3,51,2,3264.2,166,4,3264.1,18,1,3264.0,47,2,3263.9,85,4,3264.8,140,4,3264.9,49,1,3265.0,36,1,3265.1,400,1,3265.2,42,1
11536,2025-12-30 13:49:06+05:30,3264.3,1,3252.9,1315494,114674.0,129038.0,3250.0,3267.5,3239.8,3251.5,45920875,3576.6,2926.4,4322.95,2866.6,3264.3,51,2,3264.2,166,4,3264.1,18,1,3264.0,47,2,3263.9,85,4,3264.8,140,4,3264.9,49,1,3265.0,36,1,3265.1,400,1,3265.2,42,1
11536,2025-12-30 13:49:06+05:30,3264.3,1,3252.9,1315633,114579.0,129606.0,3250.0,3267.5,3239.8,3251.5,45920875,3576.6,2926.4,4322.95,2866.6,3264.3,36,2,3264.2,67,2,3264.0,47,2,3263.9,102,5,3263.6,86,6,3264.5,94,2,3264.8,14,1,3264.9,49,1,3265.1,400,1,3265.3,34,1
11536,2025-12-30 13:49:07+05:30,3263.8,11,3252.9,1315633,114579.0,129606.0,3250.0,3267.5,3239.8,3251.5,45920875,3576.6,2926.4,4322.95,2866.6,3264.3,36,2,3264.2,67,2,3264.0,47,2,3263.9,102,5,3263.6,86,6,3264.5,94,2,3264.8,14,1,3264.9,49,1,3265.1,400,1,3265.3,34,1
11536,2025-12-30 13:49:07+05:30,3263.8,11,3252.9,1315870,114230.0,128347.0,3250.0,3267.5,3239.8,3251.5,45920875,3576.6,2926.4,4322.95,2866.6,3263.8,46,6,3263.7,14,1,3263.6,138,6,3263.5,18,1,3263.4,258,6,3264.5,68,2,3264.7,22,1,3264.9,350,2,3265.0,36,1,3265.1,575,2
11536,2025-12-30 13:49:08+05:30,3264.5,1,3252.9,1315870,114230.0,128347.0,3250.0,3267.5,3239.8,3251.5,45920875,3576.6,2926.4,4322.95,2866.6,3263.8,46,6,3263.7,14,1,3263.6,138,6,3263.5,18,1,3263.4,258,6,3264.5,68,2,3264.7,22,1,3264.9,350,2,3265.0,36,1,3265.1,575,2
11536,2025-12-30 13:49:08+05:30,3264.5,1,3252.9,1315871,114462.0,128347.0,3250.0,3267.5,3239.8,3251.5,45920875,3576.6,2926.4,4322.95,2866.6,3264.0,1,1,3263.8,47,7,3263.7,14,1,3263.6,138,6,3263.5,18,1,3264.5,67,2,3264.7,22,1,3264.9,350,2,3265.0,36,1,3265.1,575,2
11536,2025-12-30 13:49:09+05:30,3264.5,7,3252.9,1315871,114462.0,128347.0,3250.0,3267.5,3239.8,3251.5,45920875,3576.6,2926.4,4322.95,2866.6,3264.0,1,1,3263.8,47,7,3263.7,14,1,3263.6,138,6,3263.5,18,1,3264.5,67,2,3264.7,22,1,3264.9,350,2,3265.0,36,1,3265.1,575,2
11536,2025-12-30 13:49:09+05:30,3264.5,7,3252.9,1315947,115226.0,128184.0,3250.0,3267.5,3239.8,3251.5,45920875,3576.6,2926.4,4322.95,2866.6,3264.7,50,2,3264.0,4,2,3263.9,3,1,3263.8,25,4,3263.7,14,1,3264.8,44,2,3264.9,350,2,3265.0,42,1,3265.1,661,4,3265.3,34,1
11536,2025-12-30 13:49:10+05:30,3264.8,19,3252.9,1315947,115226.0,128184.0,3250.0,3267.5,3239.8,3251.5,45920875,3576.6,2926.4,4322.95,2866.6,3264.7,50,2,3264.0,4,2,3263.9,3,1,3263.8,25,4,3263.7,14,1,3264.8,44,2,3264.9,350,2,3265.0,42,1,3265.1,661,4,3265.3,34,1
11536,2025-12-30 13:49:10+05:30,3264.8,19,3252.91,1316217,114854.0,128238.0,3250.0,3267.5,3239.8,3251.5,45920875,3576.6,2926.4,4322.95,2866.6,3264.4,4,1,3264.2,6,1,3263.9,45,2,3263.8,64,2,3263.7,76,2,3264.8,38,3,3264.9,350,2,3265.1,646,4,3265.2,51,1,3265.3,34,1
11536,2025-12-30 13:49:11+05:30,3264.2,1,3252.91,1316395,114990.0,128211.0,3250.0,3267.5,3239.8,3251.5,45920875,3576.6,2926.4,4322.95,2866.6,3264.6,24,1,3264.0,42,1,3263.9,3,1,3263.8,38,2,3263.7,130,3,3264.8,38,4,3264.9,350,2,3265.1,662,4,3265.3,34,1,3265.4,39,3
11536,2025-12-30 13:49:11+05:30,3264.2,1,3252.91,1316395,114990.0,128211.0,3250.0,3267.5,3239.8,3251.5,45920875,3576.6,2926.4,4322.95,2866.6,3264.6,24,1,3264.0,42,1,3263.9,3,1,3263.8,38,2,3263.7,130,3,3264.8,38,4,3264.9,350,2,3265.1,662,4,3265.3,34,1,3265.4,39,3
11536,2025-12-30 13:49:12+05:30,3264.5,2,3252.91,1316785,114483.0,128305.0,3250.0,3267.5,3239.8,3251.5,45920875,3576.6,2926.4,4322.95,2866.6,3263.6,140,6,3263.5,10,1,3263.4,255,6,3263.2,302,9,3263.1,305,6,3264.4,54,2,3264.5,30,2,3264.9,360,3,3265.1,611,3,3265.3,62,2
11536,2025-12-30 13:49:12+05:30,3264.5,2,3252.91,1316785,114483.0,128305.0,3250.0,3267.5,3239.8,3251.5,45920875,3576.6,2926.4,4322.95,2866.6,3263.6,140,6,3263.5,10,1,3263.4,255,6,3263.2,302,9,3263.1,305,6,3264.4,54,2,3264.5,30,2,3264.9,360,3,3265.1,611,3,3265.3,62,2
11536,2025-12-30 13:49:13+05:30,3263.7,1,3252.91,1316787,113980.0,128797.0,3250.0,3267.5,3239.8,3251.5,45920875,3576.6,2926.4,4322.95,2866.6,3264.3,104,4,3263.8,42,1,3263.7,8,2,3263.6,56,2,3263.4,53,3,3264.4,32,1,3264.5,22,1,3264.9,350,2,3265.0,35,1,3265.1,673,5
11536,2025-12-30 13:49:13+05:30,3263.7,1,3252.91,1316787,113980.0,128797.0,3250.0,3267.5,3239.8,3251.5,45920875,3576.6,2926.4,4322.95,2866.6,3264.3,104,4,3263.8,42,1,3263.7,8,2,3263.6,56,2,3263.4,53,3,3264.4,32,1,3264.5,22,1,3264.9,350,2,3265.0,35,1,3265.1,673,5
11536,2025-12-30 13:49:14+05:30,3264.9,5,3252.91,1316882,114441.0,129317.0,3250.0,3267.5,3239.8,3251.5,45920875,3576.6,2926.4,4322.95,2866.6,3264.4,138,5,3264.3,7,1,3263.9,42,1,3263.8,22,1,3263.7,62,4,3264.9,133,2,3265.0,86,2,3265.1,436,2,3265.2,35,1,3265.3,72,2
11536,2025-12-30 13:49:14+05:30,3264.9,5,3252.91,1316882,114441.0,129317.0,3250.0,3267.5,3239.8,3251.5,45920875,3576.6,2926.4,4322.95,2866.6,3264.4,138,5,3264.3,7,1,3263.9,42,1,3263.8,22,1,3263.7,62,4,3264.9,133,2,3265.0,86,2,3265.1,436,2,3265.2,35,1,3265.3,72,2
11536,2025-12-30 13:49:15+05:30,3264.4,92,3252.91,1317233,114583.0,129380.0,3250.0,3267.5,3239.8,3251.5,45920875,3576.6,2926.4,4322.95,2866.6,3264.4,18,1,3264.3,7,1,3263.8,22,1,3263.7,8,2,3263.6,64,4,3264.9,138,4,3265.0,45,2,3265.1,442,2,3265.2,86,2,3265.3,65,2
11536,2025-12-30 13:49:15+05:30,3264.4,92,3252.91,1317233,114583.0,129380.0,3250.0,3267.5,3239.8,3251.5,45920875,3576.6,2926.4,4322.95,2866.6,3264.4,18,1,3264.3,7,1,3263.8,22,1,3263.7,8,2,3263.6,64,4,3264.9,138,4,3265.0,45,2,3265.1,442,2,3265.2,86,2,3265.3,65,2
11536,2025-12-30 13:49:16+05:30,3264.9,1,3252.92,1317350,114020.0,129426.0,3250.0,3267.5,3239.8,3251.5,45920875,3576.6,2926.4,4322.95,2866.6,3264.3,57,2,3264.2,25,1,3264.1,25,1,3263.9,25,1,3263.7,8,2,3264.9,92,6,3265.0,61,2,3265.1,436,2,3265.2,35,1,3265.3,145,4
11536,2025-12-30 13:49:16+05:30,3264.9,1,3252.92,1317350,114020.0,129426.0,3250.0,3267.5,3239.8,3251.5,45920875,3576.6,2926.4,4322.95,2866.6,3264.3,57,2,3264.2,25,1,3264.1,25,1,3263.9,25,1,3263.7,8,2,3264.9,92,6,3265.0,61,2,3265.1,436,2,3265.2,35,1,3265.3,145,4
11536,2025-12-30 13:49:17+05:30,3264.9,3,3252.92,1317354,116060.0,129277.0,3250.0,3267.5,3239.8,3251.5,45920875,3576.6,2926.4,4322.95,2866.6,3264.7,100,4,3264.4,15,1,3264.3,57,2,3264.2,25,1,3264.1,67,2,3264.9,63,6,3265.1,435,2,3265.3,72,2,3265.4,123,4,3265.5,280,4
11536,2025-12-30 13:49:17+05:30,3264.9,3,3252.92,1317354,116060.0,129277.0,3250.0,3267.5,3239.8,3251.5,45920875,3576.6,2926.4,4322.95,2866.6,3264.7,100,4,3264.4,15,1,3264.3,57,2,3264.2,25,1,3264.1,67,2,3264.9,63,6,3265.1,435,2,3265.3,72,2,3265.4,123,4,3265.5,280,4
11536,2025-12-30 13:49:18+05:30,3263.7,6,3252.92,1317920,114068.0,129835.0,3250.0,3267.5,3239.8,3251.5,45920875,3576.6,2926.4,4322.95,2866.6,3263.7,4,2,3263.6,78,4,3263.5,64,2,3263.4,90,5,3263.3,185,2,3264.7,165,4,3265.0,153,6,3265.1,493,3,3265.2,2,1,3265.3,80,3
11536,2025-12-30 13:49:18+05:30,3263.7,6,3252.92,1317920,114068.0,129835.0,3250.0,3267.5,3239.8,3251.5,45920875,3576.6,2926.4,4322.95,2866.6,3263.7,4,2,3263.6,78,4,3263.5,64,2,3263.4,90,5,3263.3,185,2,3264.7,165,4,3265.0,153,6,3265.1,493,3,3265.2,2,1,3265.3,80,3
11536,2025-12-30 13:49:19+05:30,3263.7,6,3252.92,1317920,114435.0,129263.0,3250.0,3267.5,3239.8,3251.5,45920875,3576.6,2926.4,4322.95,2866.6,3264.6,75,3,3264.5,13,1,3263.7,47,3,3263.6,95,4,3263.5,421,7,3264.7,133,2,3265.0,126,5,3265.1,400,1,3265.2,78,2,3265.3,34,1
11536,2025-12-30 13:49:20+05:30,3263.6,28,3252.92,1317920,114435.0,129263.0,3250.0,3267.5,3239.8,3251.5,45920875,3576.6,2926.4,4322.95,2866.6,3264.6,75,3,3264.5,13,1,3263.7,47,3,3263.6,95,4,3263.5,421,7,3264.7,133,2,3265.0,126,5,3265.1,400,1,3265.2,78,2,3265.3,34,1
11536,2025-12-30 13:49:20+05:30,3263.6,28,3252.92,1318372,114098.0,129218.0,3250.0,3267.5,3239.8,3251.5,45920875,3576.6,2926.4,4322.95,2866.6,3263.7,35,1,3263.6,38,3,3263.5,26,1,3263.4,37,2,3263.3,259,4,3264.7,68,3,3264.8,16,2,3264.9,28,2,3265.0,44,3,3265.1,400,1
11536,2025-12-30 13:49:21+05:30,3264.8,3,3252.92,1318372,114098.0,129218.0,3250.0,3267.5,3239.8,3251.5,45920875,3576.6,2926.4,4322.95,2866.6,3263.7,35,1,3263.6,38,3,3263.5,26,1,3263.4,37,2,3263.3,259,4,3264.7,68,3,3264.8,16,2,3264.9,28,2,3265.0,44,3,3265.1,400,1
11536,2025-12-30 13:49:22+05:30,3264.8,3,3252.92,1318485,116289.0,128962.0,3250.0,3267.5,3239.8,3251.5,45920875,3576.6,2926.4,4322.95,2866.6,3264.7,50,4,3264.1,43,1,3264.0,52,1,3263.9,3,1,3263.8,22,2,3264.9,78,3,3265.0,8,2,3265.1,400,1,3265.3,73,2,3265.4,89,3
11536,2025-12-30 13:49:22+05:30,3263.6,1,3252.92,1318485,116289.0,128962.0,3250.0,3267.5,3239.8,3251.5,45920875,3576.6,2926.4,4322.95,2866.6,3264.7,50,4,3264.1,43,1,3264.0,52,1,3263.9,3,1,3263.8,22,2,3264.9,78,3,3265.0,8,2,3265.1,400,1,3265.3,73,2,3265.4,89,3
11536,2025-12-30 13:49:23+05:30,3263.6,1,3252.93,1318838,114656.0,128959.0,3250.0,3267.5,3239.8,3251.5,45920875,3576.6,2926.4,4322.95,2866.6,3264.3,52,2,3263.7,43,1,3263.6,131,6,3263.4,47,2,3263.3,142,4,3264.7,76,5,3264.8,22,2,3264.9,29,3,3265.0,82,5,3265.1,483,3
11536,2025-12-30 13:49:24+05:30,3263.6,1,3252.93,1318838,115244.0,129706.0,3250.0,3267.5,3239.8,3251.5,45920875,3576.6,2926.4,4322.95,2866.6,3264.6,78,4,3263.8,43,1,3263.7,52,1,3263.6,76,4,3263.4,314,6,3264.7,83,4,3264.8,22,2,3264.9,29,3,3265.0,82,5,3265.1,452,2
11536,2025-12-30 13:49:24+05:30,3263.6,86,3252.93,1318838,115244.0,129706.0,3250.0,3267.5,3239.8,3251.5,45920875,3576.6,2926.4,4322.95,2866.6,3264.6,78,4,3263.8,43,1,3263.7,52,1,3263.6,76,4,3263.4,314,6,3264.7,83,4,3264.8,22,2,3264.9,29,3,3265.0,82,5,3265.1,452,2
11536,2025-12-30 13:49:25+05:30,3264.6,21,3252.93,1319399,115542.0,127897.0,3250.0,3267.5,3239.8,3251.5,45920875,3576.6,2926.4,4322.95,2866.6,3264.6,32,2,3264.3,2,1,3264.1,2,1,3264.0,4,1,3263.6,211,3,3264.9,21,1,3265.0,25,2,3265.1,474,3,3265.2,446,5,3265.3,62,3
11536,2025-12-30 13:49:25+05:30,3264.6,21,3252.93,1319399,115542.0,127897.0,3250.0,3267.5,3239.8,3251.5,45920875,3576.6,2926.4,4322.95,2866.6,3264.6,32,2,3264.3,2,1,3264.1,2,1,3264.0,4,1,3263.6,211,3,3264.9,21,1,3265.0,25,2,3265.1,474,3,3265.2,446,5,3265.3,62,3
11536,2025-12-30 13:49:26+05:30,3264.6,21,3252.93,1319399,115881.0,127859.0,3250.0,3267.5,3239.8,3251.5,45920875,3576.6,2926.4,4322.95,2866.6,3264.6,108,6,3264.3,2,1,3264.1,45,2,3264.0,4,1,3263.9,52,1,3264.9,21,1,3265.0,25,2,3265.1,786,4,3265.2,1,1,3265.3,37,2
11536,2025-12-30 13:49:26+05:30,3264.6,25,3252.93,1319399,115881.0,127859.0,3250.0,3267.5,3239.8,3251.5,45920875,3576.6,2926.4,4322.95,2866.6,3264.6,108,6,3264.3,2,1,3264.1,45,2,3264.0,4,1,3263.9,52,1,3264.9,21,1,3265.0,25,2,3265.1,786,4,3265.2,1,1,3265.3,37,2
11536,2025-12-30 13:49:27+05:30,3264.8,1,3252.94,1319750,115486.0,127494.0,3250.0,3267.5,3239.8,3251.5,45920875,3576.6,2926.4,4322.95,2866.6,3264.6,75,5,3264.1,2,1,3264.0,5,2,3263.6,45,3,3263.5,101,3,3264.8,84,2,3264.9,412,4,3265.0,29,2,3265.1,575,2,3265.2,82,3
11536,2025-12-30 13:49:27+05:30,3264.8,3,3252.94,1319750,115486.0,127494.0,3250.0,3267.5,3239.8,3251.5,45920875,3576.6,2926.4,4322.95,2866.6,3264.6,75,5,3264.1,2,1,3264.0,5,2,3263.6,45,3,3263.5,101,3,3264.8,84,2,3264.9,412,4,3265.0,29,2,3265.1,575,2,3265.2,82,3
11536,2025-12-30 13:49:28+05:30,3263.8,14,3252.94,1319941,115002.0,127607.0,3250.0,3267.5,3239.8,3251.5,45920875,3576.6,2926.4,4322.95,2866.6,3264.7,26,2,3263.8,48,2,3263.7,3,1,3263.6,43,3,3263.5,89,2,3264.8,85,2,3264.9,402,3,3265.0,72,3,3265.1,575,2,3265.2,39,2
11536,2025-12-30 13:49:28+05:30,3263.8,1,3252.94,1319941,115002.0,127607.0,3250.0,3267.5,3239.8,3251.5,45920875,3576.6,2926.4,4322.95,2866.6,3264.7,26,2,3263.8,48,2,3263.7,3,1,3263.6,43,3,3263.5,89,2,3264.8,85,2,3264.9,402,3,3265.0,72,3,3265.1,575,2,3265.2,39,2
11536,2025-12-30 13:49:29+05:30,3263.8,1,3252.94,1319968,115812.0,127713.0,3250.0,3267.5,3239.8,3251.5,45920875,3576.6,2926.4,4322.95,2866.6,3264.1,143,7,3263.9,17,1,3263.8,69,2,3263.7,36,4,3263.6,30,1,3264.5,84,2,3264.9,350,2,3265.0,29,2,3265.1,575,2,3265.2,1,1
11536,2025-12-30 13:49:30+05:30,3263.8,1,3252.94,1319968,116423.0,127433.0,3250.0,3267.5,3239.8,3251.5,45920875,3576.6,2926.4,4322.95,2866.6,3264.3,48,4,3264.2,54,2,3264.1,52,2,3263.9,17,1,3263.8,69,2,3264.5,84,2,3264.9,350,2,3265.0,29,2,3265.1,575,2,3265.2,1,1
11536,2025-12-30 13:49:31+05:30,3264.6,49,3252.94,1320243,117711.0,127133.0,3250.0,3267.5,3239.8,3251.5,45920875,3576.6,2926.4,4322.95,2866.6,3264.6,63,6,3264.5,1,1,3264.4,11,1,3264.2,55,2,3264.1,26,1,3264.8,384,2,3264.9,325,2,3265.0,3,1,3265.1,575,2,3265.2,1,1
11536,2025-12-30 13:49:31+05:30,3264.8,2,3252.94,1320243,117711.0,127133.0,3250.0,3267.5,3239.8,3251.5,45920875,3576.6,2926.4,4322.95,2866.6,3264.6,63,6,3264.5,1,1,3264.4,11,1,3264.2,55,2,3264.1,26,1,3264.8,384,2,3264.9,325,2,3265.0,3,1,3265.1,575,2,3265.2,1,1
11536,2025-12-30 13:49:32+05:30,3264.8,2,3252.94,1320245,117870.0,127144.0,3250.0,3267.5,3239.8,3251.5,45920875,3576.6,2926.4,4322.95,2866.6,3264.6,70,7,3264.5,1,1,3264.4,11,1,3264.2,55,2,3264.1,26,1,3264.8,382,2,3264.9,325,2,3265.0,3,1,3265.1,575,2,3265.2,1,1
11536,2025-12-30 13:49:33+05:30,3264.7,19,3252.94,1320402,117951.0,127087.0,3250.0,3267.5,3239.8,3251.5,45920875,3576.6,2926.4,4322.95,2866.6,3264.7,27,3,3264.6,22,3,3264.5,1,1,3264.4,11,1,3264.2,11,1,3264.8,299,2,3264.9,325,2,3265.0,3,1,3265.1,575,2,3265.2,1,1
11536,2025-12-30 13:49:33+05:30,3264.8,10,3252.94,1320402,117951.0,127087.0,3250.0,3267.5,3239.8,3251.5,45920875,3576.6,2926.4,4322.95,2866.6,3264.7,27,3,3264.6,22,3,3264.5,1,1,3264.4,11,1,3264.2,11,1,3264.8,299,2,3264.9,325,2,3265.0,3,1,3265.1,575,2,3265.2,1,1
11536,2025-12-30 13:49:34+05:30,3264.8,1,3252.94,1320414,118014.0,127124.0,3250.0,3267.5,3239.8,3251.5,45920875,3576.6,2926.4,4322.95,2866.6,3264.7,53,5,3264.6,21,2,3264.4,11,1,3264.2,55,2,3264.0,21,1,3264.8,353,3,3264.9,325,2,3265.0,3,1,3265.1,575,2,3265.2,1,1
11536,2025-12-30 13:49:34+05:30,3264.7,1,3252.94,1320414,118014.0,127124.0,3250.0,3267.5,3239.8,3251.5,45920875,3576.6,2926.4,4322.95,2866.6,3264.7,53,5,3264.6,21,2,3264.4,11,1,3264.2,55,2,3264.0,21,1,3264.8,353,3,3264.9,325,2,3265.0,3,1,3265.1,575,2,3265.2,1,1
11536,2025-12-30 13:49:35+05:30,3264.8,25,3252.94,1320535,118135.0,127036.0,3250.0,3267.5,3239.8,3251.5,45920875,3576.6,2926.4,4322.95,2866.6,3264.7,163,5,3264.6,7,1,3264.4,11,1,3264.3,44,1,3264.2,51,3,3264.8,233,3,3264.9,325,2,3265.0,3,1,3265.1,575,2,3265.2,1,1
11536,2025-12-30 13:49:35+05:30,3264.8,25,3252.94,1320535,118135.0,127036.0,3250.0,3267.5,3239.8,3251.5,45920875,3576.6,2926.4,4322.95,2866.6,3264.7,163,5,3264.6,7,1,3264.4,11,1,3264.3,44,1,3264.2,51,3,3264.8,233,3,3264.9,325,2,3265.0,3,1,3265.1,575,2,3265.2,1,1
11536,2025-12-30 13:49:36+05:30,3264.4,16,3252.95,1320885,116370.0,128048.0,3250.0,3267.5,3239.8,3251.5,45920875,3576.6,2926.4,4322.95,2866.6,3264.4,11,1,3264.2,11,1,3264.0,44,1,3263.8,38,2,3263.7,12,2,3264.8,233,3,3265.0,3,1,3265.1,400,1,3265.2,1,1,3265.3,38,2
11536,2025-12-30 13:49:36+05:30,3264.4,16,3252.95,1320885,116370.0,128048.0,3250.0,3267.5,3239.8,3251.5,45920875,3576.6,2926.4,4322.95,2866.6,3264.4,11,1,3264.2,11,1,3264.0,44,1,3263.8,38,2,3263.7,12,2,3264.8,233,3,3265.0,3,1,3265.1,400,1,3265.2,1,1,3265.3,38,2
11536,2025-12-30 13:49:37+05:30,3264.2,16,3252.95,1321060,114084.0,128625.0,3250.0,3267.5,3239.8,3251.5,45920875,3576.6,2926.4,4322.95,2866.6,3264.2,61,2,3264.0,50,2,3263.8,63,3,3263.7,12,2,3263.6,38,2,3264.8,255,4,3264.9,10,1,3265.0,3,1,3265.1,400,1,3265.2,106,4
11536,2025-12-30 13:49:37+05:30,3264.2,16,3252.95,1321060,114084.0,128625.0,3250.0,3267.5,3239.8,3251.5,45920875,3576.6,2926.4,4322.95,2866.6,3264.2,61,2,3264.0,50,2,3263.8,63,3,3263.7,12,2,3263.6,38,2,3264.8,255,4,3264.9,10,1,3265.0,3,1,3265.1,400,1,3265.2,106,4
11536,2025-12-30 13:49:38+05:30,3264.2,16,3252.95,1321060,115565.0,128854.0,3250.0,3267.5,3239.8,3251.5,45920875,3576.6,2926.4,4322.95,2866.6,3264.5,52,4,3264.3,4,2,3264.2,106,4,3264.0,50,2,3263.9,53,1,3264.8,233,3,3265.0,3,1,3265.1,400,1,3265.2,75,3,3265.3,326,3
11536,2025-12-30 13:49:38+05:30,3264.2,3,3252.95,1321060,115565.0,128854.0,3250.0,3267.5,3239.8,3251.5,45920875,3576.6,2926.4,4322.95,2866.6,3264.5,52,4,3264.3,4,2,3264.2,106,4,3264.0,50,2,3263.9,53,1,3264.8,233,3,3265.0,3,1,3265.1,400,1,3265.2,75,3,3265.3,326,3
11536,2025-12-30 13:49:39+05:30,3263.8,34,3252.95,1321578,112330.0,130330.0,3250.0,3267.5,3239.8,3251.5,45920875,3576.6,2926.4,4322.95,2866.6,3263.8,17,1,3263.3,44,1,3263.2,82,5,3263.0,42,5,3262.9,68,4,3264.2,260,5,3264.6,325,2,3264.8,371,5,3264.9,99,3,3265.0,7,3
11536,2025-12-30 13:49:39+05:30,3263.8,1,3252.95,1321578,112330.0,130330.0,3250.0,3267.5,3239.8,3251.5,45920875,3576.6,2926.4,4322.95,2866.6,3263.8,17,1,3263.3,44,1,3263.2,82,5,3263.0,42,5,3262.9,68,4,3264.2,260,5,3264.6,325,2,3264.8,371,5,3264.9,99,3,3265.0,7,3
11536,2025-12-30 13:49:40+05:30,3263.8,1,3252.95,1321579,113632.0,128739.0,3250.0,3267.5,3239.8,3251.5,45920875,3576.6,2926.4,4322.95,2866.6,3263.8,52,4,3263.7,37,2,3263.6,50,2,3263.5,25,1,3263.4,46,1,3264.2,295,6,3264.3,325,2,3264.5,175,1,3264.6,36,1,3264.8,153,1
11536,2025-12-30 13:49:40+05:30,3264.2,25,3252.95,1321579,113632.0,128739.0,3250.0,3267.5,3239.8,3251.5,45920875,3576.6,2926.4,4322.95,2866.6,3263.8,52,4,3263.7,37,2,3263.6,50,2,3263.5,25,1,3263.4,46,1,3264.2,295,6,3264.3,325,2,3264.5,175,1,3264.6,36,1,3264.8,153,1
11536,2025-12-30 13:49:41+05:30,3264.2,25,3252.95,1321630,113048.0,128658.0,3250.0,3267.5,3239.8,3251.5,45920875,3576.6,2926.4,4322.95,2866.6,3264.1,74,2,3263.8,16,1,3263.7,25,1,3263.6,50,2,3263.5,25,1,3264.2,244,6,3264.3,325,2,3264.5,175,1,3264.6,36,1,3264.8,209,2
11536,2025-12-30 13:49:41+05:30,3264.2,11,3252.95,1321630,113048.0,128658.0,3250.0,3267.5,3239.8,3251.5,45920875,3576.6,2926.4,4322.95,2866.6,3264.1,74,2,3263.8,16,1,3263.7,25,1,3263.6,50,2,3263.5,25,1,3264.2,244,6,3264.3,325,2,3264.5,175,1,3264.6,36,1,3264.8,209,2
11536,2025-12-30 13:49:42+05:30,3264.2,1,3252.95,1321855,114232.0,127463.0,3250.0,3267.5,3239.8,3251.5,45920875,3576.6,2926.4,4322.95,2866.6,3263.8,49,4,3263.7,25,1,3263.6,9,1,3263.5,46,1,3263.4,48,3,3264.2,125,3,3264.3,325,2,3264.5,175,1,3264.6,36,1,3264.8,153,1
11536,2025-12-30 13:49:42+05:30,3264.2,3,3252.95,1321855,114232.0,127463.0,3250.0,3267.5,3239.8,3251.5,45920875,3576.6,2926.4,4322.95,2866.6,3263.8,49,4,3263.7,25,1,3263.6,9,1,3263.5,46,1,3263.4,48,3,3264.2,125,3,3264.3,325,2,3264.5,175,1,3264.6,36,1,3264.8,153,1
11536,2025-12-30 13:49:43+05:30,3263.4,4,3252.96,1322034,113850.0,127344.0,3250.0,3267.5,3239.8,3251.5,45920875,3576.6,2926.4,4322.95,2866.6,3263.8,52,2,3263.4,15,2,3263.3,46,1,3263.2,73,4,3263.1,16,1,3264.2,144,4,3264.3,335,3,3264.5,175,1,3264.6,56,1,3264.8,153,1
11536,2025-12-30 13:49:43+05:30,3263.6,3,3252.96,1322034,113850.0,127344.0,3250.0,3267.5,3239.8,3251.5,45920875,3576.6,2926.4,4322.95,2866.6,3263.8,52,2,3263.4,15,2,3263.3,46,1,3263.2,73,4,3263.1,16,1,3264.2,144,4,3264.3,335,3,3264.5,175,1,3264.6,56,1,3264.8,153,1
11536,2025-12-30 13:49:44+05:30,3263.6,3,3252.96,1322235,113563.0,126263.0,3250.0,3267.5,3239.8,3251.5,45920875,3576.6,2926.4,4322.95,2866.6,3263.4,15,2,3263.3,46,1,3263.2,73,4,3263.1,16,1,3263.0,151,6,3264.3,427,4,3264.5,175,1,3264.7,64,2,3264.8,153,1,3264.9,85,4
11536,2025-12-30 13:49:45+05:30,3263.4,1,3252.96,1322411,113691.0,126782.0,3250.0,3267.5,3239.8,3251.5,45920875,3576.6,2926.4,4322.95,2866.6,3263.4,24,3,3263.2,39,2,3263.1,18,1,3263.0,49,5,3262.9,16,3,3264.2,436,5,3264.3,6,1,3264.4,231,2,3264.8,153,1,3264.9,131,4
11536,2025-12-30 13:49:45+05:30,3264.2,25,3252.96,1322411,113691.0,126782.0,3250.0,3267.5,3239.8,3251.5,45920875,3576.6,2926.4,4322.95,2866.6,3263.4,24,3,3263.2,39,2,3263.1,18,1,3263.0,49,5,3262.9,16,3,3264.2,436,5,3264.3,6,1,3264.4,231,2,3264.8,153,1,3264.9,131,4
11536,2025-12-30 13:49:46+05:30,3264.2,1,3252.96,1322637,114770.0,125104.0,3250.0,3267.5,3239.8,3251.5,45920875,3576.6,2926.4,4322.95,2866.6,3264.1,12,1,3263.8,2,1,3263.4,45,4,3263.2,36,2,3263.1,267,5,3264.2,386,5,3264.3,6,1,3264.4,175,1,3264.7,82,2,3264.8,153,1
11536,2025-12-30 13:49:46+05:30,3264.2,1,3252.96,1322637,114770.0,125104.0,3250.0,3267.5,3239.8,3251.5,45920875,3576.6,2926.4,4322.95,2866.6,3264.1,12,1,3263.8,2,1,3263.4,45,4,3263.2,36,2,3263.1,267,5,3264.2,386,5,3264.3,6,1,3264.4,175,1,3264.7,82,2,3264.8,153,1
11536,2025-12-30 13:49:47+05:30,3263.0,3,3252.96,1323006,111572.0,127694.0,3250.0,3267.5,3239.8,3251.5,45920875,3576.6,2926.4,4322.95,2866.6,3263.2,25,1,3263.1,59,2,3263.0,117,6,3262.9,20,3,3262.8,78,4,3263.9,4,1,3264.0,5,1,3264.1,5,1,3264.2,280,3,3264.3,6,1
11536,2025-12-30 13:49:47+05:30,3263.0,3,3252.96,1323006,111572.0,127694.0,3250.0,3267.5,3239.8,3251.5,45920875,3576.6,2926.4,4322.95,2866.6,3263.2,25,1,3263.1,59,2,3263.0,117,6,3262.9,20,3,3262.8,78,4,3263.9,4,1,3264.0,5,1,3264.1,5,1,3264.2,280,3,3264.3,6,1
11536,2025-12-30 13:49:48+05:30,3264.2,24,3252.96,1323149,112694.0,126678.0,3250.0,3267.5,3239.8,3251.5,45920875,3576.6,2926.4,4322.95,2866.6,3264.1,50,2,3263.7,50,1,3263.6,56,2,3263.5,50,2,3263.4,48,3,3264.2,6,1,3264.3,6,1,3264.8,153,1,3264.9,110,3,3265.0,339,4
11536,2025-12-30 13:49:48+05:30,3263.6,30,3252.96,1323149,112694.0,126678.0,3250.0,3267.5,3239.8,3251.5,45920875,3576.6,2926.4,4322.95,2866.6,3264.1,50,2,3263.7,50,1,3263.6,56,2,3263.5,50,2,3263.4,48,3,3264.2,6,1,3264.3,6,1,3264.8,153,1,3264.9,110,3,3265.0,339,4
11536,2025-12-30 13:49:49+05:30,3263.6,30,3252.97,1323336,114157.0,128039.0,3250.0,3267.5,3239.8,3251.5,45920875,3576.6,2926.4,4322.95,2866.6,3264.2,50,2,3263.6,10,1,3263.5,96,3,3263.4,25,1,3263.3,6,1,3264.3,175,1,3264.5,326,2,3264.6,44,2,3264.7,221,2,3264.8,153,1
11536,2025-12-30 13:49:49+05:30,3264.3,25,3252.97,1323336,114157.0,128039.0,3250.0,3267.5,3239.8,3251.5,45920875,3576.6,2926.4,4322.95,2866.6,3264.2,50,2,3263.6,10,1,3263.5,96,3,3263.4,25,1,3263.3,6,1,3264.3,175,1,3264.5,326,2,3264.6,44,2,3264.7,221,2,3264.8,153,1
11536,2025-12-30 13:49:50+05:30,3264.2,12,3252.97,1323485,115088.0,126571.0,3250.0,3267.5,3239.8,3251.5,45920875,3576.6,2926.4,4322.95,2866.6,3264.1,100,2,3263.6,10,1,3263.5,346,2,3263.4,22,1,3263.2,80,4,3264.2,51,1,3264.3,75,1,3264.4,326,2,3264.6,175,1,3264.7,82,2
11536,2025-12-30 13:49:50+05:30,3264.2,12,3252.97,1323485,115088.0,126571.0,3250.0,3267.5,3239.8,3251.5,45920875,3576.6,2926.4,4322.95,2866.6,3264.1,100,2,3263.6,10,1,3263.5,346,2,3263.4,22,1,3263.2,80,4,3264.2,51,1,3264.3,75,1,3264.4,326,2,3264.6,175,1,3264.7,82,2
11536,2025-12-30 13:49:51+05:30,3264.1,1,3252.97,1323642,114536.0,125995.0,3250.0,3267.5,3239.8,3251.5,45920875,3576.6,2926.4,4322.95,2866.6,3264.1,98,3,3263.6,7,1,3263.5,300,1,3263.4,47,1,3263.2,38,2,3264.2,474,4,3264.3,75,1,3264.4,175,1,3264.6,57,1,3264.7,82,2
11536,2025-12-30 13:49:51+05:30,3264.1,1,3252.97,1323642,114536.0,125995.0,3250.0,3267.5,3239.8,3251.5,45920875,3576.6,2926.4,4322.95,2866.6,3264.1,98,3,3263.6,7,1,3263.5,300,1,3263.4,47,1,3263.2,38,2,3264.2,474,4,3264.3,75,1,3264.4,175,1,3264.6,57,1,3264.7,82,2
11536,2025-12-30 13:49:52+05:30,3264.1,3,3252.97,1323870,113516.0,127411.0,3250.0,3267.5,3239.8,3251.5,45920875,3576.6,2926.4,4322.95,2866.6,3263.9,26,2,3263.6,10,1,3263.5,300,1,3263.2,17,1,3263.1,24,2,3264.1,447,2,3264.2,324,2,3264.3,85,2,3264.4,211,2,3264.5,104,2
11536,2025-12-30 13:49:52+05:30,3264.1,3,3252.97,1323870,113516.0,127411.0,3250.0,3267.5,3239.8,3251.5,45920875,3576.6,2926.4,4322.95,2866.6,3263.9,26,2,3263.6,10,1,3263.5,300,1,3263.2,17,1,3263.1,24,2,3264.1,447,2,3264.2,324,2,3264.3,85,2,3264.4,211,2,3264.5,104,2
11536,2025-12-30 13:49:53+05:30,3264.0,26,3252.97,1323870,113516.0,127411.0,3250.0,3267.5,3239.8,3251.5,45920875,3576.6,2926.4,4322.95,2866.6,3263.9,26,2,3263.6,10,1,3263.5,300,1,3263.2,17,1,3263.1,24,2,3264.1,447,2,3264.2,324,2,3264.3,85,2,3264.4,211,2,3264.5,104,2
11536,2025-12-30 13:49:53+05:30,3264.0,26,3252.97,1323949,114513.0,128322.0,3250.0,3267.5,3239.8,3251.5,45920875,3576.6,2926.4,4322.95,2866.6,3263.6,36,3,3263.5,300,1,3263.2,17,1,3263.1,24,2,3263.0,319,9,3264.0,422,2,3264.1,346,1,3264.2,360,3,3264.3,85,2,3264.4,211,2
11536,2025-12-30 13:49:54+05:30,3264.0,1,3252.97,1323949,114513.0,128322.0,3250.0,3267.5,3239.8,3251.5,45920875,3576.6,2926.4,4322.95,2866.6,3263.6,36,3,3263.5,300,1,3263.2,17,1,3263.1,24,2,3263.0,319,9,3264.0,422,2,3264.1,346,1,3264.2,360,3,3264.3,85,2,3264.4,211,2
11536,2025-12-30 13:49:55+05:30,3264.0,1,3252.97,1323950,114343.0,128206.0,3250.0,3267.5,3239.8,3251.5,45920875,3576.6,2926.4,4322.95,2866.6,3263.9,139,5,3263.6,10,1,3263.5,331,2,3263.2,17,1,3263.1,24,2,3264.0,421,2,3264.1,346,1,3264.2,324,2,3264.3,85,2,3264.4,175,1
11536,2025-12-30 13:49:55+05:30,3264.0,25,3252.97,1323950,114343.0,128206.0,3250.0,3267.5,3239.8,3251.5,45920875,3576.6,2926.4,4322.95,2866.6,3263.9,139,5,3263.6,10,1,3263.5,331,2,3263.2,17,1,3263.1,24,2,3264.0,421,2,3264.1,346,1,3264.2,324,2,3264.3,85,2,3264.4,175,1
11536,2025-12-30 13:49:56+05:30,3264.0,25,3252.97,1324001,114789.0,127865.0,3250.0,3267.5,3239.8,3251.5,45920875,3576.6,2926.4,4322.95,2866.6,3263.9,189,7,3263.6,10,1,3263.5,331,2,3263.3,47,1,3263.2,34,2,3264.0,370,2,3264.1,346,1,3264.2,324,2,3264.3,85,2,3264.4,211,2
11536,2025-12-30 13:49:56+05:30,3263.9,1,3252.97,1324001,114789.0,127865.0,3250.0,3267.5,3239.8,3251.5,45920875,3576.6,2926.4,4322.95,2866.6,3263.9,189,7,3263.6,10,1,3263.5,331,2,3263.3,47,1,3263.2,34,2,3264.0,370,2,3264.1,346,1,3264.2,324,2,3264.3,85,2,3264.4,211,2
11536,2025-12-30 13:49:57+05:30,3263.9,25,3252.97,1324240,113442.0,127973.0,3250.0,3267.5,3239.8,3251.5,45920875,3576.6,2926.4,4322.95,2866.6,3263.9,49,3,3263.6,10,1,3263.5,331,2,3263.4,47,1,3263.2,17,1,3264.0,132,1,3264.1,346,1,3264.2,324,2,3264.3,75,1,3264.4,175,1
11536,2025-12-30 13:49:57+05:30,3263.5,1,3252.97,1324240,113442.0,127973.0,3250.0,3267.5,3239.8,3251.5,45920875,3576.6,2926.4,4322.95,2866.6,3263.9,49,3,3263.6,10,1,3263.5,331,2,3263.4,47,1,3263.2,17,1,3264.0,132,1,3264.1,346,1,3264.2,324,2,3264.3,75,1,3264.4,175,1
11536,2025-12-30 13:49:58+05:30,3263.8,2,3252.97,1324319,114138.0,128141.0,3250.0,3267.5,3239.8,3251.5,45920875,3576.6,2926.4,4322.95,2866.6,3263.8,74,4,3263.5,331,3,3263.4,47,1,3263.2,17,1,3263.1,97,4,3264.0,181,2,3264.1,346,1,3264.2,324,2,3264.3,75,1,3264.4,211,2
11536,2025-12-30 13:49:58+05:30,3264.0,23,3252.97,1324319,114138.0,128141.0,3250.0,3267.5,3239.8,3251.5,45920875,3576.6,2926.4,4322.95,2866.6,3263.8,74,4,3263.5,331,3,3263.4,47,1,3263.2,17,1,3263.1,97,4,3264.0,181,2,3264.1,346,1,3264.2,324,2,3264.3,75,1,3264.4,211,2
11536,2025-12-30 13:49:59+05:30,3264.0,23,3252.97,1324367,113398.0,128113.0,3250.0,3267.5,3239.8,3251.5,45920875,3576.6,2926.4,4322.95,2866.6,3263.9,180,7,3263.5,348,4,3263.4,47,1,3263.2,74,2,3263.1,42,3,3264.0,147,3,3264.1,346,1,3264.2,324,2,3264.3,75,1,3264.4,175,1
11536,2025-12-30 13:49:59+05:30,3264.0,38,3252.97,1324367,113398.0,128113.0,3250.0,3267.5,3239.8,3251.5,45920875,3576.6,2926.4,4322.95,2866.6,3263.9,180,7,3263.5,348,4,3263.4,47,1,3263.2,74,2,3263.1,42,3,3264.0,147,3,3264.1,346,1,3264.2,324,2,3264.3,75,1,3264.4,175,1
11536,2025-12-30 13:50:00+05:30,3264.0,26,3252.98,1324431,114710.0,128316.0,3250.0,3267.5,3239.8,3251.5,45920875,3576.6,2926.4,4322.95,2866.6,3263.9,202,6,3263.5,348,4,3263.2,17,1,3263.1,89,4,3263.0,169,8,3264.0,83,3,3264.1,346,1,3264.2,324,2,3264.3,75,1,3264.4,175,1
11536,2025-12-30 13:50:00+05:30,3262.9,3,3252.98,1324431,114710.0,128316.0,3250.0,3267.5,3239.8,3251.5,45920875,3576.6,2926.4,4322.95,2866.6,3263.9,202,6,3263.5,348,4,3263.2,17,1,3263.1,89,4,3263.0,169,8,3264.0,83,3,3264.1,346,1,3264.2,324,2,3264.3,75,1,3264.4,175,1
11536,2025-12-30 13:50:01+05:30,3262.9,3,3252.98,1325445,110488.0,129615.0,3250.0,3267.5,3239.8,3251.5,45920875,3576.6,2926.4,4322.95,2866.6,3262.9,26,4,3262.7,4,1,3262.6,30,1,3262.5,17,1,3262.4,125,6,3263.0,28,2,3263.5,10,1,3263.6,386,3,3263.7,62,2,3263.8,211,2
11536,2025-12-30 13:50:01+05:30,3263.0,2,3252.98,1325445,110488.0,129615.0,3250.0,3267.5,3239.8,3251.5,45920875,3576.6,2926.4,4322.95,2866.6,3262.9,26,4,3262.7,4,1,3262.6,30,1,3262.5,17,1,3262.4,125,6,3263.0,28,2,3263.5,10,1,3263.6,386,3,3263.7,62,2,3263.8,211,2
11536,2025-12-30 13:50:02+05:30,3263.0,2,3252.98,1325447,109965.0,129392.0,3250.0,3267.5,3239.8,3251.5,45920875,3576.6,2926.4,4322.95,2866.6,3262.9,93,7,3262.7,4,1,3262.6,30,1,3262.5,68,2,3262.4,73,5,3263.0,26,2,3263.6,62,1,3263.8,36,1,3263.9,324,2,3264.0,431,4
11536,2025-12-30 13:50:02+05:30,3263.5,25,3252.98,1325447,109965.0,129392.0,3250.0,3267.5,3239.8,3251.5,45920875,3576.6,2926.4,4322.95,2866.6,3262.9,93,7,3262.7,4,1,3262.6,30,1,3262.5,68,2,3262.4,73,5,3263.0,26,2,3263.6,62,1,3263.8,36,1,3263.9,324,2,3264.0,431,4
11536,2025-12-30 13:50:03+05:30,3263.4,39,3252.98,1325618,111875.0,128118.0,3250.0,3267.5,3239.8,3251.5,45920875,3576.6,2926.4,4322.95,2866.6,3263.5,30,3,3263.4,61,3,3262.9,14,3,3262.6,54,3,3262.5,17,2,3263.7,87,1,3263.8,72,2,3263.9,324,2,3264.0,431,4,3264.1,557,3
11536,2025-12-30 13:50:03+05:30,3263.5,1,3252.98,1325618,111875.0,128118.0,3250.0,3267.5,3239.8,3251.5,45920875,3576.6,2926.4,4322.95,2866.6,3263.5,30,3,3263.4,61,3,3262.9,14,3,3262.6,54,3,3262.5,17,2,3263.7,87,1,3263.8,72,2,3263.9,324,2,3264.0,431,4,3264.1,557,3
11536,2025-12-30 13:50:04+05:30,3263.5,1,3252.98,1325619,113839.0,127428.0,3250.0,3267.5,3239.8,3251.5,45920875,3576.6,2926.4,4322.95,2866.6,3263.6,76,4,3263.5,3,1,3263.4,61,3,3262.9,26,4,3262.8,20,2,3263.7,87,1,3264.0,407,4,3264.1,706,4,3264.3,175,1,3264.4,36,1
11536,2025-12-30 13:50:04+05:30,3264.0,25,3252.98,1325619,113839.0,127428.0,3250.0,3267.5,3239.8,3251.5,45920875,3576.6,2926.4,4322.95,2866.6,3263.6,76,4,3263.5,3,1,3263.4,61,3,3262.9,26,4,3262.8,20,2,3263.7,87,1,3264.0,407,4,3264.1,706,4,3264.3,175,1,3264.4,36,1
11536,2025-12-30 13:50:05+05:30,3264.0,25,3252.99,1325670,113031.0,126603.0,3250.0,3267.5,3239.8,3251.5,45920875,3576.6,2926.4,4322.95,2866.6,3263.9,186,5,3263.7,1,1,3263.5,3,1,3263.4,34,2,3263.3,16,1,3264.0,400,2,3264.1,670,3,3264.3,175,1,3264.5,80,1,3264.6,49,1
11536,2025-12-30 13:50:05+05:30,3264.0,38,3252.99,1325670,113031.0,126603.0,3250.0,3267.5,3239.8,3251.5,45920875,3576.6,2926.4,4322.95,2866.6,3263.9,186,5,3263.7,1,1,3263.5,3,1,3263.4,34,2,3263.3,16,1,3264.0,400,2,3264.1,670,3,3264.3,175,1,3264.5,80,1,3264.6,49,1
11536,2025-12-30 13:50:06+05:30,3264.0,38,3252.99,1325746,114668.0,126037.0,3250.0,3267.5,3239.8,3251.5,45920875,3576.6,2926.4,4322.95,2866.6,3263.9,162,5,3263.7,1,1,3263.5,3,1,3263.4,25,1,3263.2,39,2,3264.0,324,2,3264.1,670,3,3264.3,175,1,3264.5,80,1,3264.7,39,2
11536,2025-12-30 13:50:06+05:30,3264.0,73,3252.99,1325746,114668.0,126037.0,3250.0,3267.5,3239.8,3251.5,45920875,3576.6,2926.4,4322.95,2866.6,3263.9,162,5,3263.7,1,1,3263.5,3,1,3263.4,25,1,3263.2,39,2,3264.0,324,2,3264.1,670,3,3264.3,175,1,3264.5,80,1,3264.7,39,2
11536,2025-12-30 13:50:07+05:30,3264.0,73,3252.99,1326057,114012.0,126710.0,3250.0,3267.5,3239.8,3251.5,45920875,3576.6,2926.4,4322.95,2866.6,3263.7,50,4,3263.5,3,1,3263.2,12,1,3263.1,16,2,3263.0,129,4,3263.9,35,2,3264.0,421,2,3264.1,670,3,3264.3,175,1,3264.5,156,3
11536,2025-12-30 13:50:07+05:30,3263.9,4,3252.99,1326057,114012.0,126710.0,3250.0,3267.5,3239.8,3251.5,45920875,3576.6,2926.4,4322.95,2866.6,3263.7,50,4,3263.5,3,1,3263.2,12,1,3263.1,16,2,3263.0,129,4,3263.9,35,2,3264.0,421,2,3264.1,670,3,3264.3,175,1,3264.5,156,3
11536,2025-12-30 13:50:08+05:30,3263.9,1,3252.99,1326062,114409.0,126714.0,3250.0,3267.5,3239.8,3251.5,45920875,3576.6,2926.4,4322.95,2866.6,3263.8,50,4,3263.7,25,1,3263.5,3,1,3263.2,12,1,3263.1,78,3,3263.9,30,2,3264.0,421,2,3264.1,670,3,3264.3,175,1,3264.5,156,3
11536,2025-12-30 13:50:08+05:30,3264.0,19,3252.99,1326062,114409.0,126714.0,3250.0,3267.5,3239.8,3251.5,45920875,3576.6,2926.4,4322.95,2866.6,3263.8,50,4,3263.7,25,1,3263.5,3,1,3263.2,12,1,3263.1,78,3,3263.9,30,2,3264.0,421,2,3264.1,670,3,3264.3,175,1,3264.5,156,3
11536,2025-12-30 13:50:09+05:30,3264.0,19,3252.99,1326112,114906.0,126543.0,3250.0,3267.5,3239.8,3251.5,45920875,3576.6,2926.4,4322.95,2866.6,3263.9,104,5,3263.7,25,1,3263.5,3,1,3263.2,126,3,3263.1,35,3,3264.0,443,2,3264.1,670,3,3264.3,175,1,3264.5,116,2,3264.7,39,2
11536,2025-12-30 13:50:09+05:30,3263.9,10,3252.99,1326112,114906.0,126543.0,3250.0,3267.5,3239.8,3251.5,45920875,3576.6,2926.4,4322.95,2866.6,3263.9,104,5,3263.7,25,1,3263.5,3,1,3263.2,126,3,3263.1,35,3,3264.0,443,2,3264.1,670,3,3264.3,175,1,3264.5,116,2,3264.7,39,2
11536,2025-12-30 13:50:10+05:30,3263.9,10,3252.99,1326174,114747.0,125081.0,3250.0,3267.5,3239.8,3251.5,45920875,3576.6,2926.4,4322.95,2866.6,3263.9,122,7,3263.7,25,1,3263.5,3,1,3263.3,52,1,3263.2,74,2,3264.0,491,2,3264.1,670,3,3264.3,175,1,3264.5,116,2,3264.7,39,2
11536,2025-12-30 13:50:10+05:30,3264.0,103,3252.99,1326174,114747.0,125081.0,3250.0,3267.5,3239.8,3251.5,45920875,3576.6,2926.4,4322.95,2866.6,3263.9,122,7,3263.7,25,1,3263.5,3,1,3263.3,52,1,3263.2,74,2,3264.0,491,2,3264.1,670,3,3264.3,175,1,3264.5,116,2,3264.7,39,2
11536,2025-12-30 13:50:11+05:30,3264.0,76,3252.99,1326475,114787.0,125713.0,3250.0,3267.5,3239.8,3251.5,45920875,3576.6,2926.4,4322.95,2866.6,3263.9,78,5,3263.5,3,1,3263.1,83,3,3263.0,236,6,3262.9,432,13,3264.0,312,2,3264.1,670,3,3264.3,175,1,3264.5,116,2,3264.7,39,2
11536,2025-12-30 13:50:11+05:30,3263.9,1,3252.99,1326475,114787.0,125713.0,3250.0,3267.5,3239.8,3251.5,45920875,3576.6,2926.4,4322.95,2866.6,3263.9,78,5,3263.5,3,1,3263.1,83,3,3263.0,236,6,3262.9,432,13,3264.0,312,2,3264.1,670,3,3264.3,175,1,3264.5,116,2,3264.7,39,2
11536,2025-12-30 13:50:12+05:30,3264.0,25,3252.99,1326602,114887.0,125528.0,3250.0,3267.5,3239.8,3251.5,45920875,3576.6,2926.4,4322.95,2866.6,3263.9,53,3,3263.5,3,1,3263.2,53,1,3263.1,145,4,3263.0,237,6,3264.0,186,2,3264.1,670,3,3264.3,175,1,3264.5,80,1,3264.7,39,2
11536,2025-12-30 13:50:12+05:30,3264.0,2,3252.99,1326602,114887.0,125528.0,3250.0,3267.5,3239.8,3251.5,45920875,3576.6,2926.4,4322.95,2866.6,3263.9,53,3,3263.5,3,1,3263.2,53,1,3263.1,145,4,3263.0,237,6,3264.0,186,2,3264.1,670,3,3264.3,175,1,3264.5,80,1,3264.7,39,2
11536,2025-12-30 13:50:13+05:30,3263.7,1,3253.0,1326951,113835.0,124571.0,3250.0,3267.5,3239.8,3251.5,45920875,3576.6,2926.4,4322.95,2866.6,3263.7,51,4,3263.1,8,1,3263.0,21,2,3262.9,101,9,3262.8,402,10,3263.9,110,1,3264.0,74,1,3264.1,324,2,3264.3,175,1,3264.5,116,2
11536,2025-12-30 13:50:13+05:30,3263.9,1,3253.0,1326951,113835.0,124571.0,3250.0,3267.5,3239.8,3251.5,45920875,3576.6,2926.4,4322.95,2866.6,3263.7,51,4,3263.1,8,1,3263.0,21,2,3262.9,101,9,3262.8,402,10,3263.9,110,1,3264.0,74,1,3264.1,324,2,3264.3,175,1,3264.5,116,2
11536,2025-12-30 13:50:14+05:30,3263.9,1,3253.0,1326977,114931.0,125309.0,3250.0,3267.5,3239.8,3251.5,45920875,3576.6,2926.4,4322.95,2866.6,3263.9,50,4,3263.8,38,1,3263.7,38,1,3263.6,38,1,3263.4,17,1,3264.0,200,2,3264.1,324,2,3264.3,175,1,3264.5,116,2,3264.7,101,3
11536,2025-12-30 13:50:14+05:30,3264.0,27,3253.0,1326977,114931.0,125309.0,3250.0,3267.5,3239.8,3251.5,45920875,3576.6,2926.4,4322.95,2866.6,3263.9,50,4,3263.8,38,1,3263.7,38,1,3263.6,38,1,3263.4,17,1,3264.0,200,2,3264.1,324,2,3264.3,175,1,3264.5,116,2,3264.7,101,3
11536,2025-12-30 13:50:15+05:30,3263.6,11,3253.0,1327214,114261.0,125524.0,3250.0,3267.5,3239.8,3251.5,45920875,3576.6,2926.4,4322.95,2866.6,3263.6,27,1,3263.2,56,2,3263.1,86,4,3263.0,310,4,3262.9,101,9,3264.0,373,1,3264.1,324,2,3264.3,175,1,3264.5,116,2,3264.7,39,2
11536,2025-12-30 13:50:15+05:30,3263.8,1,3253.0,1327214,114261.0,125524.0,3250.0,3267.5,3239.8,3251.5,45920875,3576.6,2926.4,4322.95,2866.6,3263.6,27,1,3263.2,56,2,3263.1,86,4,3263.0,310,4,3262.9,101,9,3264.0,373,1,3264.1,324,2,3264.3,175,1,3264.5,116,2,3264.7,39,2
11536,2025-12-30 13:50:16+05:30,3263.8,1,3253.0,1327216,113516.0,126014.0,3250.0,3267.5,3239.8,3251.5,45920875,3576.6,2926.4,4322.95,2866.6,3263.7,78,3,3263.6,25,1,3263.5,63,1,3263.3,69,2,3263.2,3,1,3263.8,423,3,3264.0,372,1,3264.1,324,2,3264.3,175,1,3264.5,116,2
11536,2025-12-30 13:50:16+05:30,3263.8,1,3253.0,1327216,113516.0,126014.0,3250.0,3267.5,3239.8,3251.5,45920875,3576.6,2926.4,4322.95,2866.6,3263.7,78,3,3263.6,25,1,3263.5,63,1,3263.3,69,2,3263.2,3,1,3263.8,423,3,3264.0,372,1,3264.1,324,2,3264.3,175,1,3264.5,116,2
11536,2025-12-30 13:50:17+05:30,3263.8,1,3253.0,1327217,114775.0,126013.0,3250.0,3267.5,3239.8,3251.5,45920875,3576.6,2926.4,4322.95,2866.6,3263.7,128,5,3263.6,25,1,3263.5,63,1,3263.3,69,2,3263.2,3,1,3263.8,422,3,3264.0,372,1,3264.1,324,2,3264.3,175,1,3264.5,116,2
11536,2025-12-30 13:50:17+05:30,3263.8,22,3253.0,1327217,114775.0,126013.0,3250.0,3267.5,3239.8,3251.5,45920875,3576.6,2926.4,4322.95,2866.6,3263.7,128,5,3263.6,25,1,3263.5,63,1,3263.3,69,2,3263.2,3,1,3263.8,422,3,3264.0,372,1,3264.1,324,2,3264.3,175,1,3264.5,116,2
11536,2025-12-30 13:50:18+05:30,3263.8,22,3253.0,1327587,114060.0,125702.0,3250.0,3267.5,3239.8,3251.5,45920875,3576.6,2926.4,4322.95,2866.6,3263.7,59,2,3263.6,6,1,3263.3,9,1,3263.2,4,2,3263.1,20,1,3263.9,503,3,3264.0,372,1,3264.1,175,1,3264.4,115,2,3264.5,155,3
11536,2025-12-30 13:50:19+05:30,3263.8,22,3253.0,1327587,114519.0,125689.0,3250.0,3267.5,3239.8,3251.5,45920875,3576.6,2926.4,4322.95,2866.6,3263.7,155,7,3263.6,6,1,3263.3,9,1,3263.2,4,2,3263.1,20,1,3263.9,503,3,3264.0,372,1,3264.1,175,1,3264.2,31,1,3264.4,123,3
11536,2025-12-30 13:50:19+05:30,3263.8,1,3253.0,1327587,114519.0,125689.0,3250.0,3267.5,3239.8,3251.5,45920875,3576.6,2926.4,4322.95,2866.6,3263.7,155,7,3263.6,6,1,3263.3,9,1,3263.2,4,2,3263.1,20,1,3263.9,503,3,3264.0,372,1,3264.1,175,1,3264.2,31,1,3264.4,123,3
11536,2025-12-30 13:50:20+05:30,3263.8,13,3253.0,1327751,114552.0,125785.0,3250.0,3267.5,3239.8,3251.5,45920875,3576.6,2926.4,4322.95,2866.6,3263.8,49,3,3263.7,53,2,3263.6,6,1,3263.3,62,2,3263.2,4,2,3263.9,352,2,3264.0,372,1,3264.1,175,1,3264.5,116,2,3264.7,39,2
11536,2025-12-30 13:50:20+05:30,3263.9,25,3253.0,1327751,114552.0,125785.0,3250.0,3267.5,3239.8,3251.5,45920875,3576.6,2926.4,4322.95,2866.6,3263.8,49,3,3263.7,53,2,3263.6,6,1,3263.3,62,2,3263.2,4,2,3263.9,352,2,3264.0,372,1,3264.1,175,1,3264.5,116,2,3264.7,39,2
11536,2025-12-30 13:50:21+05:30,3263.9,25,3253.0,1327776,114596.0,126002.0,3250.0,3267.5,3239.8,3251.5,45920875,3576.6,2926.4,4322.95,2866.6,3263.8,71,5,3263.7,53,2,3263.6,6,1,3263.3,62,2,3263.2,4,2,3263.9,502,3,3264.0,372,1,3264.1,175,1,3264.5,116,2,3264.7,109,4
11536,2025-12-30 13:50:21+05:30,3263.7,22,3253.0,1327776,114596.0,126002.0,3250.0,3267.5,3239.8,3251.5,45920875,3576.6,2926.4,4322.95,2866.6,3263.8,71,5,3263.7,53,2,3263.6,6,1,3263.3,62,2,3263.2,4,2,3263.9,502,3,3264.0,372,1,3264.1,175,1,3264.5,116,2,3264.7,109,4
11536,2025-12-30 13:50:21+05:30,3263.7,22,3253.0,1327955,114353.0,125818.0,3250.0,3267.5,3239.8,3251.5,45920875,3576.6,2926.4,4322.95,2866.6,3263.8,177,8,3263.7,41,3,3263.6,6,1,3263.4,16,1,3263.3,9,1,3263.9,373,3,3264.0,372,1,3264.1,175,1,3264.5,116,2,3264.7,39,2
11536,2025-12-30 13:50:22+05:30,3263.8,22,3253.0,1327955,114353.0,125818.0,3250.0,3267.5,3239.8,3251.5,45920875,3576.6,2926.4,4322.95,2866.6,3263.8,177,8,3263.7,41,3,3263.6,6,1,3263.4,16,1,3263.3,9,1,3263.9,373,3,3264.0,372,1,3264.1,175,1,3264.5,116,2,3264.7,39,2
11536,2025-12-30 13:50:22+05:30,3263.8,22,3253.01,1328103,114695.0,125759.0,3250.0,3267.5,3239.8,3251.5,45920875,3576.6,2926.4,4322.95,2866.6,3263.8,155,5,3263.7,41,3,3263.6,6,1,3263.3,64,2,3263.2,4,2,3263.9,400,3,3264.0,372,1,3264.1,175,1,3264.5,116,2,3264.7,39,2
11536,2025-12-30 13:50:23+05:30,3263.9,51,3253.01,1328103,114695.0,125759.0,3250.0,3267.5,3239.8,3251.5,45920875,3576.6,2926.4,4322.95,2866.6,3263.8,155,5,3263.7,41,3,3263.6,6,1,3263.3,64,2,3263.2,4,2,3263.9,400,3,3264.0,372,1,3264.1,175,1,3264.5,116,2,3264.7,39,2
11536,2025-12-30 13:50:24+05:30,3263.9,51,3253.01,1328206,114718.0,125707.0,3250.0,3267.5,3239.8,3251.5,45920875,3576.6,2926.4,4322.95,2866.6,3263.8,131,5,3263.7,41,3,3263.6,6,1,3263.3,80,3,3263.2,4,2,3263.9,297,3,3264.0,372,1,3264.1,175,1,3264.5,116,2,3264.7,39,2
11536,2025-12-30 13:50:24+05:30,3263.8,1,3253.01,1328206,114718.0,125707.0,3250.0,3267.5,3239.8,3251.5,45920875,3576.6,2926.4,4322.95,2866.6,3263.8,131,5,3263.7,41,3,3263.6,6,1,3263.3,80,3,3263.2,4,2,3263.9,297,3,3264.0,372,1,3264.1,175,1,3264.5,116,2,3264.7,39,2
11536,2025-12-30 13:50:25+05:30,3263.8,1,3253.01,1328283,114822.0,125694.0,3250.0,3267.5,3239.8,3251.5,45920875,3576.6,2926.4,4322.95,2866.6,3263.8,159,6,3263.7,41,3,3263.6,6,1,3263.3,64,2,3263.2,4,2,3263.9,461,4,3264.0,372,1,3264.1,175,1,3264.5,116,2,3264.6,39,1
11536,2025-12-30 13:50:25+05:30,3263.9,7,3253.01,1328283,114822.0,125694.0,3250.0,3267.5,3239.8,3251.5,45920875,3576.6,2926.4,4322.95,2866.6,3263.8,159,6,3263.7,41,3,3263.6,6,1,3263.3,64,2,3263.2,4,2,3263.9,461,4,3264.0,372,1,3264.1,175,1,3264.5,116,2,3264.6,39,1
11536,2025-12-30 13:50:26+05:30,3263.9,25,3253.01,1328475,114863.0,125883.0,3250.0,3267.5,3239.8,3251.5,45920875,3576.6,2926.4,4322.95,2866.6,3263.8,219,8,3263.7,41,3,3263.6,6,1,3263.3,9,1,3263.2,4,2,3263.9,428,4,3264.0,372,1,3264.1,175,1,3264.4,80,2,3264.5,141,3
11536,2025-12-30 13:50:26+05:30,3263.9,25,3253.01,1328475,114863.0,125883.0,3250.0,3267.5,3239.8,3251.5,45920875,3576.6,2926.4,4322.95,2866.6,3263.8,219,8,3263.7,41,3,3263.6,6,1,3263.3,9,1,3263.2,4,2,3263.9,428,4,3264.0,372,1,3264.1,175,1,3264.4,80,2,3264.5,141,3
11536,2025-12-30 13:50:27+05:30,3263.9,26,3253.01,1328599,114838.0,125781.0,3250.0,3267.5,3239.8,3251.5,45920875,3576.6,2926.4,4322.95,2866.6,3263.8,190,8,3263.7,41,3,3263.6,6,1,3263.3,9,1,3263.2,4,2,3263.9,304,3,3264.0,372,1,3264.1,175,1,3264.5,116,2,3264.6,33,1
11536,2025-12-30 13:50:27+05:30,3263.8,81,3253.01,1328599,114838.0,125781.0,3250.0,3267.5,3239.8,3251.5,45920875,3576.6,2926.4,4322.95,2866.6,3263.8,190,8,3263.7,41,3,3263.6,6,1,3263.3,9,1,3263.2,4,2,3263.9,304,3,3264.0,372,1,3264.1,175,1,3264.5,116,2,3264.6,33,1
11536,2025-12-30 13:50:27+05:30,3263.8,81,3253.01,1328957,114277.0,125995.0,3250.0,3267.5,3239.8,3251.5,45920875,3576.6,2926.4,4322.95,2866.6,3263.8,49,5,3263.7,41,3,3263.6,81,4,3263.4,16,1,3263.3,9,1,3263.9,384,4,3264.0,383,2,3264.1,237,2,3264.3,36,1,3264.5,116,2
11536,2025-12-30 13:50:28+05:30,3263.8,2,3253.01,1328957,114277.0,125995.0,3250.0,3267.5,3239.8,3251.5,45920875,3576.6,2926.4,4322.95,2866.6,3263.8,49,5,3263.7,41,3,3263.6,81,4,3263.4,16,1,3263.3,9,1,3263.9,384,4,3264.0,383,2,3264.1,237,2,3264.3,36,1,3264.5,116,2
11536,2025-12-30 13:50:29+05:30,3263.8,2,3253.01,1328960,114267.0,125995.0,3250.0,3267.5,3239.8,3251.5,45920875,3576.6,2926.4,4322.95,2866.6,3263.8,47,5,3263.7,41,3,3263.6,81,4,3263.3,9,1,3263.2,1,1,3263.9,384,4,3264.0,383,2,3264.1,237,2,3264.3,36,1,3264.5,116,2
11536,2025-12-30 13:50:29+05:30,3263.7,12,3253.01,1328960,114267.0,125995.0,3250.0,3267.5,3239.8,3251.5,45920875,3576.6,2926.4,4322.95,2866.6,3263.8,47,5,3263.7,41,3,3263.6,81,4,3263.3,9,1,3263.2,1,1,3263.9,384,4,3264.0,383,2,3264.1,237,2,3264.3,36,1,3264.5,116,2
11536,2025-12-30 13:50:30+05:30,3263.7,12,3253.02,1329415,114033.0,125832.0,3250.0,3267.5,3239.8,3251.5,45920875,3576.6,2926.4,4322.95,2866.6,3263.7,19,2,3263.6,6,1,3263.3,9,1,3263.2,18,2,3263.1,20,1,3263.9,384,4,3264.0,383,2,3264.1,175,1,3264.2,62,1,3264.3,61,2
11536,2025-12-30 13:50:30+05:30,3263.6,1,3253.02,1329415,114033.0,125832.0,3250.0,3267.5,3239.8,3251.5,45920875,3576.6,2926.4,4322.95,2866.6,3263.7,19,2,3263.6,6,1,3263.3,9,1,3263.2,18,2,3263.1,20,1,3263.9,384,4,3264.0,383,2,3264.1,175,1,3264.2,62,1,3264.3,61,2
11536,2025-12-30 13:50:31+05:30,3263.9,1,3253.02,1329497,114072.0,126094.0,3250.0,3267.5,3239.8,3251.5,45920875,3576.6,2926.4,4322.95,2866.6,3263.8,78,4,3263.6,5,1,3263.3,9,1,3263.2,1,1,3263.1,20,1,3263.9,383,4,3264.0,469,4,3264.1,175,1,3264.2,56,1,3264.3,36,1
11536,2025-12-30 13:50:31+05:30,3263.8,13,3253.02,1329497,114072.0,126094.0,3250.0,3267.5,3239.8,3251.5,45920875,3576.6,2926.4,4322.95,2866.6,3263.8,78,4,3263.6,5,1,3263.3,9,1,3263.2,1,1,3263.1,20,1,3263.9,383,4,3264.0,469,4,3264.1,175,1,3264.2,56,1,3264.3,36,1
11536,2025-12-30 13:50:32+05:30,3263.8,13,3253.02,1329577,114062.0,125878.0,3250.0,3267.5,3239.8,3251.5,45920875,3576.6,2926.4,4322.95,2866.6,3263.7,102,6,3263.6,5,1,3263.3,9,1,3263.2,1,1,3263.1,20,1,3263.8,84,2,3263.9,249,3,3264.0,407,3,3264.1,175,1,3264.3,36,1
11536,2025-12-30 13:50:32+05:30,3263.8,13,3253.02,1329577,114062.0,125878.0,3250.0,3267.5,3239.8,3251.5,45920875,3576.6,2926.4,4322.95,2866.6,3263.7,102,6,3263.6,5,1,3263.3,9,1,3263.2,1,1,3263.1,20,1,3263.8,84,2,3263.9,249,3,3264.0,407,3,3264.1,175,1,3264.3,36,1
11536,2025-12-30 13:50:33+05:30,3263.3,40,3253.02,1329816,113448.0,126106.0,3250.0,3267.5,3239.8,3251.5,45920875,3576.6,2926.4,4322.95,2866.6,3263.3,9,1,3263.2,1,1,3263.1,20,1,3263.0,3,1,3262.9,18,5,3263.8,23,1,3263.9,314,4,3264.0,413,4,3264.1,175,1,3264.3,36,1
11536,2025-12-30 13:50:33+05:30,3263.3,40,3253.02,1329816,113448.0,126106.0,3250.0,3267.5,3239.8,3251.5,45920875,3576.6,2926.4,4322.95,2866.6,3263.3,9,1,3263.2,1,1,3263.1,20,1,3263.0,3,1,3262.9,18,5,3263.8,23,1,3263.9,314,4,3264.0,413,4,3264.1,175,1,3264.3,36,1
11536,2025-12-30 13:50:33+05:30,3263.3,40,3253.02,1329816,113448.0,126106.0,3250.0,3267.5,3239.8,3251.5,45920875,3576.6,2926.4,4322.95,2866.6,3263.3,9,1,3263.2,1,1,3263.1,20,1,3263.0,3,1,3262.9,18,5,3263.8,23,1,3263.9,314,4,3264.0,413,4,3264.1,175,1,3264.3,36,1
11536,2025-12-30 13:50:34+05:30,3263.8,13,3253.02,1330036,113460.0,126188.0,3250.0,3267.5,3239.8,3251.5,45920875,3576.6,2926.4,4322.95,2866.6,3263.6,79,3,3263.3,9,1,3263.2,1,1,3263.1,20,1,3263.0,3,1,3263.7,100,3,3263.8,72,3,3263.9,435,4,3264.0,452,5,3264.1,175,1
11536,2025-12-30 13:50:34+05:30,3263.7,24,3253.02,1330036,113460.0,126188.0,3250.0,3267.5,3239.8,3251.5,45920875,3576.6,2926.4,4322.95,2866.6,3263.6,79,3,3263.3,9,1,3263.2,1,1,3263.1,20,1,3263.0,3,1,3263.7,100,3,3263.8,72,3,3263.9,435,4,3264.0,452,5,3264.1,175,1
11536,2025-12-30 13:50:35+05:30,3263.7,24,3253.02,1330036,113460.0,126188.0,3250.0,3267.5,3239.8,3251.5,45920875,3576.6,2926.4,4322.95,2866.6,3263.6,79,3,3263.3,9,1,3263.2,1,1,3263.1,20,1,3263.0,3,1,3263.7,100,3,3263.8,72,3,3263.9,435,4,3264.0,452,5,3264.1,175,1
11536,2025-12-30 13:50:35+05:30,3263.7,1,3253.02,1330084,112581.0,126251.0,3250.0,3267.5,3239.8,3251.5,45920875,3576.6,2926.4,4322.95,2866.6,3263.6,142,7,3263.3,9,1,3263.2,1,1,3263.1,20,1,3263.0,3,1,3263.7,21,1,3263.8,23,1,3263.9,373,3,3264.0,413,4,3264.1,175,1
11536,2025-12-30 13:50:35+05:30,3263.7,21,3253.02,1330084,112581.0,126251.0,3250.0,3267.5,3239.8,3251.5,45920875,3576.6,2926.4,4322.95,2866.6,3263.6,142,7,3263.3,9,1,3263.2,1,1,3263.1,20,1,3263.0,3,1,3263.7,21,1,3263.8,23,1,3263.9,373,3,3264.0,413,4,3264.1,175,1
11536,2025-12-30 13:50:36+05:30,3263.7,21,3253.02,1330084,112581.0,126251.0,3250.0,3267.5,3239.8,3251.5,45920875,3576.6,2926.4,4322.95,2866.6,3263.6,142,7,3263.3,9,1,3263.2,1,1,3263.1,20,1,3263.0,3,1,3263.7,21,1,3263.8,23,1,3263.9,373,3,3264.0,413,4,3264.1,175,1
11536,2025-12-30 13:50:36+05:30,3263.8,1,3253.02,1330265,114166.0,126410.0,3250.0,3267.5,3239.8,3251.5,45920875,3576.6,2926.4,4322.95,2866.6,3263.8,12,1,3263.7,117,3,3263.6,37,1,3263.3,9,1,3263.2,1,1,3263.9,406,4,3264.0,507,6,3264.1,175,1,3264.2,39,1,3264.3,36,1
11536,2025-12-30 13:50:36+05:30,3263.8,1,3253.02,1330265,114166.0,126410.0,3250.0,3267.5,3239.8,3251.5,45920875,3576.6,2926.4,4322.95,2866.6,3263.8,12,1,3263.7,117,3,3263.6,37,1,3263.3,9,1,3263.2,1,1,3263.9,406,4,3264.0,507,6,3264.1,175,1,3264.2,39,1,3264.3,36,1
11536,2025-12-30 13:50:36+05:30,3263.8,1,3253.02,1330265,114166.0,126410.0,3250.0,3267.5,3239.8,3251.5,45920875,3576.6,2926.4,4322.95,2866.6,3263.8,12,1,3263.7,117,3,3263.6,37,1,3263.3,9,1,3263.2,1,1,3263.9,406,4,3264.0,507,6,3264.1,175,1,3264.2,39,1,3264.3,36,1
11536,2025-12-30 13:50:37+05:30,3263.8,25,3253.02,1330349,114173.0,126453.0,3250.0,3267.5,3239.8,3251.5,45920875,3576.6,2926.4,4322.95,2866.6,3263.8,25,1,3263.7,104,2,3263.6,37,1,3263.3,9,1,3263.2,1,1,3263.9,359,4,3264.0,413,4,3264.1,175,1,3264.2,56,1,3264.3,136,3
11536,2025-12-30 13:50:37+05:30,3263.8,25,3253.02,1330349,114173.0,126453.0,3250.0,3267.5,3239.8,3251.5,45920875,3576.6,2926.4,4322.95,2866.6,3263.8,25,1,3263.7,104,2,3263.6,37,1,3263.3,9,1,3263.2,1,1,3263.9,359,4,3264.0,413,4,3264.1,175,1,3264.2,56,1,3264.3,136,3
11536,2025-12-30 13:50:37+05:30,3263.9,25,3253.02,1330349,114173.0,126453.0,3250.0,3267.5,3239.8,3251.5,45920875,3576.6,2926.4,4322.95,2866.6,3263.8,25,1,3263.7,104,2,3263.6,37,1,3263.3,9,1,3263.2,1,1,3263.9,359,4,3264.0,413,4,3264.1,175,1,3264.2,56,1,3264.3,136,3
11536,2025-12-30 13:50:38+05:30,3263.9,88,3253.03,1330551,114171.0,126312.0,3250.0,3267.5,3239.8,3251.5,45920875,3576.6,2926.4,4322.95,2866.6,3263.8,117,6,3263.7,25,1,3263.3,9,1,3263.2,1,1,3263.1,20,1,3263.9,309,3,3264.0,413,4,3264.1,175,1,3264.2,56,1,3264.5,147,3
11536,2025-12-30 13:50:38+05:30,3263.9,88,3253.03,1330551,114171.0,126312.0,3250.0,3267.5,3239.8,3251.5,45920875,3576.6,2926.4,4322.95,2866.6,3263.8,117,6,3263.7,25,1,3263.3,9,1,3263.2,1,1,3263.1,20,1,3263.9,309,3,3264.0,413,4,3264.1,175,1,3264.2,56,1,3264.5,147,3
11536,2025-12-30 13:50:39+05:30,3263.9,88,3253.03,1330551,114171.0,126312.0,3250.0,3267.5,3239.8,3251.5,45920875,3576.6,2926.4,4322.95,2866.6,3263.8,117,6,3263.7,25,1,3263.3,9,1,3263.2,1,1,3263.1,20,1,3263.9,309,3,3264.0,413,4,3264.1,175,1,3264.2,56,1,3264.5,147,3
11536,2025-12-30 13:50:39+05:30,3263.8,2,3253.03,1330672,114006.0,126373.0,3250.0,3267.5,3239.8,3251.5,45920875,3576.6,2926.4,4322.95,2866.6,3263.7,75,5,3263.3,9,1,3263.2,1,1,3263.1,20,1,3263.0,6,2,3263.9,309,3,3264.0,413,4,3264.1,175,1,3264.3,56,1,3264.4,62,1
11536,2025-12-30 13:50:39+05:30,3263.8,2,3253.03,1330672,114006.0,126373.0,3250.0,3267.5,3239.8,3251.5,45920875,3576.6,2926.4,4322.95,2866.6,3263.7,75,5,3263.3,9,1,3263.2,1,1,3263.1,20,1,3263.0,6,2,3263.9,309,3,3264.0,413,4,3264.1,175,1,3264.3,56,1,3264.4,62,1
11536,2025-12-30 13:50:40+05:30,3263.8,2,3253.03,1330672,114006.0,126373.0,3250.0,3267.5,3239.8,3251.5,45920875,3576.6,2926.4,4322.95,2866.6,3263.7,75,5,3263.3,9,1,3263.2,1,1,3263.1,20,1,3263.0,6,2,3263.9,309,3,3264.0,413,4,3264.1,175,1,3264.3,56,1,3264.4,62,1
11536,2025-12-30 13:50:40+05:30,3263.9,25,3253.03,1330672,114006.0,126373.0,3250.0,3267.5,3239.8,3251.5,45920875,3576.6,2926.4,4322.95,2866.6,3263.7,75,5,3263.3,9,1,3263.2,1,1,3263.1,20,1,3263.0,6,2,3263.9,309,3,3264.0,413,4,3264.1,175,1,3264.3,56,1,3264.4,62,1
11536,2025-12-30 13:50:40+05:30,3263.9,25,3253.03,1330798,113779.0,126371.0,3250.0,3267.5,3239.8,3251.5,45920875,3576.6,2926.4,4322.95,2866.6,3263.8,38,3,3263.3,9,1,3263.2,1,1,3263.1,20,1,3263.0,43,3,3263.9,283,3,3264.0,413,4,3264.1,175,1,3264.2,56,1,3264.3,36,1
11536,2025-12-30 13:50:41+05:30,3263.9,25,3253.03,1330798,113779.0,126371.0,3250.0,3267.5,3239.8,3251.5,45920875,3576.6,2926.4,4322.95,2866.6,3263.8,38,3,3263.3,9,1,3263.2,1,1,3263.1,20,1,3263.0,43,3,3263.9,283,3,3264.0,413,4,3264.1,175,1,3264.2,56,1,3264.3,36,1
11536,2025-12-30 13:50:41+05:30,3263.3,1,3253.03,1330798,113779.0,126371.0,3250.0,3267.5,3239.8,3251.5,45920875,3576.6,2926.4,4322.95,2866.6,3263.8,38,3,3263.3,9,1,3263.2,1,1,3263.1,20,1,3263.0,43,3,3263.9,283,3,3264.0,413,4,3264.1,175,1,3264.2,56,1,3264.3,36,1
11536,2025-12-30 13:50:41+05:30,3263.3,1,3253.03,1330863,112420.0,126872.0,3250.0,3267.5,3239.8,3251.5,45920875,3576.6,2926.4,4322.95,2866.6,3263.3,8,1,3263.2,1,1,3263.1,20,1,3263.0,28,2,3262.9,21,6,3263.9,553,3,3264.0,413,4,3264.1,175,1,3264.2,56,1,3264.3,136,3
11536,2025-12-30 13:50:42+05:30,3263.3,1,3253.03,1330863,112420.0,126872.0,3250.0,3267.5,3239.8,3251.5,45920875,3576.6,2926.4,4322.95,2866.6,3263.3,8,1,3263.2,1,1,3263.1,20,1,3263.0,28,2,3262.9,21,6,3263.9,553,3,3264.0,413,4,3264.1,175,1,3264.2,56,1,3264.3,136,3
11536,2025-12-30 13:50:42+05:30,3263.9,4,3253.03,1330863,112420.0,126872.0,3250.0,3267.5,3239.8,3251.5,45920875,3576.6,2926.4,4322.95,2866.6,3263.3,8,1,3263.2,1,1,3263.1,20,1,3263.0,28,2,3262.9,21,6,3263.9,553,3,3264.0,413,4,3264.1,175,1,3264.2,56,1,3264.3,136,3
11536,2025-12-30 13:50:42+05:30,3263.9,4,3253.03,1331156,113504.0,126879.0,3250.0,3267.5,3239.8,3251.5,45920875,3576.6,2926.4,4322.95,2866.6,3263.8,77,3,3263.7,24,2,3262.9,110,4,3262.8,272,7,3262.7,241,6,3263.9,408,3,3264.0,401,3,3264.1,175,1,3264.2,56,1,3264.3,36,1
11536,2025-12-30 13:50:43+05:30,3263.8,25,3253.03,1331156,113504.0,126879.0,3250.0,3267.5,3239.8,3251.5,45920875,3576.6,2926.4,4322.95,2866.6,3263.8,77,3,3263.7,24,2,3262.9,110,4,3262.8,272,7,3262.7,241,6,3263.9,408,3,3264.0,401,3,3264.1,175,1,3264.2,56,1,3264.3,36,1
11536,2025-12-30 13:50:43+05:30,3263.8,25,3253.03,1331156,113504.0,126879.0,3250.0,3267.5,3239.8,3251.5,45920875,3576.6,2926.4,4322.95,2866.6,3263.8,77,3,3263.7,24,2,3262.9,110,4,3262.8,272,7,3262.7,241,6,3263.9,408,3,3264.0,401,3,3264.1,175,1,3264.2,56,1,3264.3,36,1
11536,2025-12-30 13:50:43+05:30,3263.8,25,3253.03,1331309,110514.0,126894.0,3250.0,3267.5,3239.8,3251.5,45920875,3576.6,2926.4,4322.95,2866.6,3262.9,15,4,3262.8,236,5,3262.7,6,2,3262.6,240,6,3262.5,45,2,3263.8,35,2,3263.9,346,2,3264.0,519,5,3264.1,175,1,3264.3,36,1
11536,2025-12-30 13:50:44+05:30,3263.8,15,3253.03,1331309,110514.0,126894.0,3250.0,3267.5,3239.8,3251.5,45920875,3576.6,2926.4,4322.95,2866.6,3262.9,15,4,3262.8,236,5,3262.7,6,2,3262.6,240,6,3262.5,45,2,3263.8,35,2,3263.9,346,2,3264.0,519,5,3264.1,175,1,3264.3,36,1
11536,2025-12-30 13:50:44+05:30,3263.8,15,3253.03,1331359,114152.0,126892.0,3250.0,3267.5,3239.8,3251.5,45920875,3576.6,2926.4,4322.95,2866.6,3263.5,73,5,3263.4,25,1,3263.3,25,1,3263.1,15,1,3262.9,89,7,3263.8,43,2,3263.9,346,2,3264.0,401,3,3264.1,175,1,3264.3,92,2
11536,2025-12-30 13:50:45+05:30,3263.8,15,3253.03,1331359,114152.0,126892.0,3250.0,3267.5,3239.8,3251.5,45920875,3576.6,2926.4,4322.95,2866.6,3263.5,73,5,3263.4,25,1,3263.3,25,1,3263.1,15,1,3262.9,89,7,3263.8,43,2,3263.9,346,2,3264.0,401,3,3264.1,175,1,3264.3,92,2
11536,2025-12-30 13:50:45+05:30,3262.9,44,3253.03,1331359,114152.0,126892.0,3250.0,3267.5,3239.8,3251.5,45920875,3576.6,2926.4,4322.95,2866.6,3263.5,73,5,3263.4,25,1,3263.3,25,1,3263.1,15,1,3262.9,89,7,3263.8,43,2,3263.9,346,2,3264.0,401,3,3264.1,175,1,3264.3,92,2
11536,2025-12-30 13:50:45+05:30,3262.9,44,3253.03,1331535,112103.0,127204.0,3250.0,3267.5,3239.8,3251.5,45920875,3576.6,2926.4,4322.95,2866.6,3263.2,52,4,3262.9,12,3,3262.8,30,1,3262.7,72,2,3262.6,163,3,3263.4,49,1,3263.8,706,4,3264.0,612,5,3264.2,52,2,3264.3,95,3
11536,2025-12-30 13:50:46+05:30,3263.6,13,3253.03,1331535,112103.0,127204.0,3250.0,3267.5,3239.8,3251.5,45920875,3576.6,2926.4,4322.95,2866.6,3263.2,52,4,3262.9,12,3,3262.8,30,1,3262.7,72,2,3262.6,163,3,3263.4,49,1,3263.8,706,4,3264.0,612,5,3264.2,52,2,3264.3,95,3
11536,2025-12-30 13:50:47+05:30,3263.6,13,3253.03,1331535,112103.0,127204.0,3250.0,3267.5,3239.8,3251.5,45920875,3576.6,2926.4,4322.95,2866.6,3263.2,52,4,3262.9,12,3,3262.8,30,1,3262.7,72,2,3262.6,163,3,3263.4,49,1,3263.8,706,4,3264.0,612,5,3264.2,52,2,3264.3,95,3
11536,2025-12-30 13:50:47+05:30,3263.6,13,3253.03,1331588,112992.0,127610.0,3250.0,3267.5,3239.8,3251.5,45920875,3576.6,2926.4,4322.95,2866.6,3263.5,103,4,3263.4,52,3,3262.9,12,3,3262.8,30,1,3262.7,3,1,3263.7,466,4,3263.8,422,3,3263.9,175,1,3264.0,414,3,3264.1,56,1
11536,2025-12-30 13:50:47+05:30,3263.6,10,3253.03,1331588,112992.0,127610.0,3250.0,3267.5,3239.8,3251.5,45920875,3576.6,2926.4,4322.95,2866.6,3263.5,103,4,3263.4,52,3,3262.9,12,3,3262.8,30,1,3262.7,3,1,3263.7,466,4,3263.8,422,3,3263.9,175,1,3264.0,414,3,3264.1,56,1
11536,2025-12-30 13:50:48+05:30,3263.5,26,3253.03,1331776,113504.0,127056.0,3250.0,3267.5,3239.8,3251.5,45920875,3576.6,2926.4,4322.95,2866.6,3263.4,26,1,3262.9,12,3,3262.8,30,1,3262.7,3,1,3262.6,24,2,3263.5,10,1,3263.6,10,1,3263.7,423,4,3263.8,406,2,3263.9,175,1
11536,2025-12-30 13:50:48+05:30,3263.5,26,3253.03,1331776,113504.0,127056.0,3250.0,3267.5,3239.8,3251.5,45920875,3576.6,2926.4,4322.95,2866.6,3263.4,26,1,3262.9,12,3,3262.8,30,1,3262.7,3,1,3262.6,24,2,3263.5,10,1,3263.6,10,1,3263.7,423,4,3263.8,406,2,3263.9,175,1
11536,2025-12-30 13:50:48+05:30,3263.5,26,3253.03,1331776,113504.0,127056.0,3250.0,3267.5,3239.8,3251.5,45920875,3576.6,2926.4,4322.95,2866.6,3263.4,26,1,3262.9,12,3,3262.8,30,1,3262.7,3,1,3262.6,24,2,3263.5,10,1,3263.6,10,1,3263.7,423,4,3263.8,406,2,3263.9,175,1
11536,2025-12-30 13:50:49+05:30,3263.5,26,3253.03,1331802,112518.0,127287.0,3250.0,3267.5,3239.8,3251.5,45920875,3576.6,2926.4,4322.95,2866.6,3263.5,153,8,3262.9,17,4,3262.8,30,1,3262.6,3,1,3262.5,5,2,3263.6,490,5,3263.7,15,1,3263.8,525,2,3264.0,496,5,3264.2,68,2
11536,2025-12-30 13:50:49+05:30,3263.6,1,3253.03,1331802,112518.0,127287.0,3250.0,3267.5,3239.8,3251.5,45920875,3576.6,2926.4,4322.95,2866.6,3263.5,153,8,3262.9,17,4,3262.8,30,1,3262.6,3,1,3262.5,5,2,3263.6,490,5,3263.7,15,1,3263.8,525,2,3264.0,496,5,3264.2,68,2
11536,2025-12-30 13:50:50+05:30,3263.1,12,3253.04,1332155,109462.0,129278.0,3250.0,3267.5,3239.8,3251.5,45920875,3576.6,2926.4,4322.95,2866.6,3262.9,24,2,3262.4,24,2,3262.3,3,1,3262.2,62,5,3262.1,31,2,3263.1,114,2,3263.5,237,2,3263.6,242,2,3263.7,57,1,3263.8,525,2
11536,2025-12-30 13:50:50+05:30,3263.1,12,3253.04,1332155,109462.0,129278.0,3250.0,3267.5,3239.8,3251.5,45920875,3576.6,2926.4,4322.95,2866.6,3262.9,24,2,3262.4,24,2,3262.3,3,1,3262.2,62,5,3262.1,31,2,3263.1,114,2,3263.5,237,2,3263.6,242,2,3263.7,57,1,3263.8,525,2
11536,2025-12-30 13:50:50+05:30,3263.1,26,3253.04,1332155,109462.0,129278.0,3250.0,3267.5,3239.8,3251.5,45920875,3576.6,2926.4,4322.95,2866.6,3262.9,24,2,3262.4,24,2,3262.3,3,1,3262.2,62,5,3262.1,31,2,3263.1,114,2,3263.5,237,2,3263.6,242,2,3263.7,57,1,3263.8,525,2
11536,2025-12-30 13:50:51+05:30,3263.1,26,3253.04,1332205,110448.0,129393.0,3250.0,3267.5,3239.8,3251.5,45920875,3576.6,2926.4,4322.95,2866.6,3263.0,100,6,3262.7,38,2,3262.6,40,2,3262.4,170,6,3262.3,3,1,3263.1,78,2,3263.5,417,3,3263.7,175,1,3263.8,350,1,3264.0,649,6
11536,2025-12-30 13:50:51+05:30,3263.1,26,3253.04,1332205,110448.0,129393.0,3250.0,3267.5,3239.8,3251.5,46774700,3576.6,2926.4,4322.95,2866.6,3263.0,100,6,3262.7,38,2,3262.6,40,2,3262.4,170,6,3262.3,3,1,3263.1,78,2,3263.5,417,3,3263.7,175,1,3263.8,350,1,3264.0,649,6
11536,2025-12-30 13:50:51+05:30,3263.4,1,3253.04,1332205,110448.0,129393.0,3250.0,3267.5,3239.8,3251.5,46774700,3576.6,2926.4,4322.95,2866.6,3263.0,100,6,3262.7,38,2,3262.6,40,2,3262.4,170,6,3262.3,3,1,3263.1,78,2,3263.5,417,3,3263.7,175,1,3263.8,350,1,3264.0,649,6
11536,2025-12-30 13:50:52+05:30,3263.3,38,3253.04,1332373,111803.0,128279.0,3250.0,3267.5,3239.8,3251.5,46774700,3576.6,2926.4,4322.95,2866.6,3263.0,50,2,3262.5,26,1,3262.4,231,6,3262.3,3,1,3262.2,127,8,3263.1,233,3,3263.5,417,3,3263.7,175,1,3263.8,350,1,3264.0,703,6
11536,2025-12-30 13:50:52+05:30,3263.3,38,3253.04,1332373,111803.0,128279.0,3250.0,3267.5,3239.8,3251.5,46774700,3576.6,2926.4,4322.95,2866.6,3263.0,50,2,3262.5,26,1,3262.4,231,6,3262.3,3,1,3262.2,127,8,3263.1,233,3,3263.5,417,3,3263.7,175,1,3263.8,350,1,3264.0,703,6
11536,2025-12-30 13:50:53+05:30,3263.1,50,3253.04,1332423,111710.0,129488.0,3250.0,3267.5,3239.8,3251.5,46774700,3576.6,2926.4,4322.95,2866.6,3263.0,151,7,3262.9,5,1,3262.8,16,1,3262.5,96,3,3262.4,293,7,3263.1,216,3,3263.5,417,3,3263.7,237,2,3263.8,350,1,3264.0,703,6
11536,2025-12-30 13:50:53+05:30,3263.0,1,3253.04,1332423,111710.0,129488.0,3250.0,3267.5,3239.8,3251.5,46774700,3576.6,2926.4,4322.95,2866.6,3263.0,151,7,3262.9,5,1,3262.8,16,1,3262.5,96,3,3262.4,293,7,3263.1,216,3,3263.5,417,3,3263.7,237,2,3263.8,350,1,3264.0,703,6
11536,2025-12-30 13:50:54+05:30,3263.0,1,3253.04,1332423,111710.0,129488.0,3250.0,3267.5,3239.8,3251.5,46774700,3576.6,2926.4,4322.95,2866.6,3263.0,151,7,3262.9,5,1,3262.8,16,1,3262.5,96,3,3262.4,293,7,3263.1,216,3,3263.5,417,3,3263.7,237,2,3263.8,350,1,3264.0,703,6
11536,2025-12-30 13:50:54+05:30,3263.0,1,3253.04,1332424,111093.0,129215.0,3250.0,3267.5,3239.8,3251.5,46774700,3576.6,2926.4,4322.95,2866.6,3263.0,99,3,3262.9,5,1,3262.5,83,2,3262.4,122,6,3262.3,6,2,3263.1,216,3,3263.5,175,1,3263.7,62,1,3263.8,628,4,3263.9,5,1
11536,2025-12-30 13:50:55+05:30,3262.9,11,3253.04,1332466,110385.0,129580.0,3250.0,3267.5,3239.8,3251.5,46774700,3576.6,2926.4,4322.95,2866.6,3262.4,14,1,3262.3,6,2,3262.2,23,3,3262.1,36,3,3262.0,262,13,3263.1,215,3,3263.3,119,2,3263.4,242,2,3263.5,175,1,3263.8,390,4
11536,2025-12-30 13:50:55+05:30,3262.9,11,3253.04,1332466,110385.0,129580.0,3250.0,3267.5,3239.8,3251.5,46774700,3576.6,2926.4,4322.95,2866.6,3262.4,14,1,3262.3,6,2,3262.2,23,3,3262.1,36,3,3262.0,262,13,3263.1,215,3,3263.3,119,2,3263.4,242,2,3263.5,175,1,3263.8,390,4
11536,2025-12-30 13:50:56+05:30,3262.4,28,3253.04,1332494,110750.0,129987.0,3250.0,3267.5,3239.8,3251.5,46774700,3576.6,2926.4,4322.95,2866.6,3262.4,14,1,3262.2,23,3,3262.1,3,1,3262.0,262,13,3261.9,19,2,3263.1,187,2,3263.3,304,3,3263.5,386,3,3263.6,57,1,3263.7,8,1
11536,2025-12-30 13:50:56+05:30,3262.4,28,3253.04,1332494,110750.0,129987.0,3250.0,3267.5,3239.8,3251.5,46774700,3576.6,2926.4,4322.95,2866.6,3262.4,14,1,3262.2,23,3,3262.1,3,1,3262.0,262,13,3261.9,19,2,3263.1,187,2,3263.3,304,3,3263.5,386,3,3263.6,57,1,3263.7,8,1
11536,2025-12-30 13:50:57+05:30,3262.4,28,3253.04,1332494,110096.0,130796.0,3250.0,3267.5,3239.8,3251.5,46774700,3576.6,2926.4,4322.95,2866.6,3262.4,61,2,3262.2,20,2,3262.1,3,1,3262.0,70,10,3261.9,3,1,3262.9,214,4,3263.0,49,2,3263.1,49,2,3263.2,62,1,3263.4,57,1
11536,2025-12-30 13:50:58+05:30,3262.4,2,3253.04,1332496,110576.0,130518.0,3250.0,3267.5,3239.8,3251.5,46774700,3576.6,2926.4,4322.95,2866.6,3262.4,60,3,3262.2,20,2,3262.1,3,1,3262.0,150,13,3261.9,81,3,3262.9,188,3,3263.0,23,1,3263.1,49,2,3263.2,62,1,3263.4,57,1
11536,2025-12-30 13:50:58+05:30,3262.4,1,3253.04,1332496,110576.0,130518.0,3250.0,3267.5,3239.8,3251.5,46774700,3576.6,2926.4,4322.95,2866.6,3262.4,60,3,3262.2,20,2,3262.1,3,1,3262.0,150,13,3261.9,81,3,3262.9,188,3,3263.0,23,1,3263.1,49,2,3263.2,62,1,3263.4,57,1
11536,2025-12-30 13:50:59+05:30,3262.4,1,3253.04,1332497,109361.0,129764.0,3250.0,3267.5,3239.8,3251.5,46774700,3576.6,2926.4,4322.95,2866.6,3262.4,59,3,3262.3,42,3,3262.2,30,3,3262.1,71,3,3262.0,170,14,3262.9,188,3,3263.0,23,1,3263.1,49,2,3263.5,453,4,3263.6,2,1
11536,2025-12-30 13:51:00+05:30,3262.0,4,3253.04,1332846,108165.0,130794.0,3250.0,3267.5,3239.8,3251.5,46774700,3576.6,2926.4,4322.95,2866.6,3262.0,19,2,3261.8,3,1,3261.7,63,2,3261.6,54,5,3261.5,59,2,3262.4,364,3,3263.3,2,1,3263.4,359,5,3263.5,211,2,3263.6,196,2
11536,2025-12-30 13:51:00+05:30,3262.4,1,3253.04,1332846,108165.0,130794.0,3250.0,3267.5,3239.8,3251.5,46774700,3576.6,2926.4,4322.95,2866.6,3262.0,19,2,3261.8,3,1,3261.7,63,2,3261.6,54,5,3261.5,59,2,3262.4,364,3,3263.3,2,1,3263.4,359,5,3263.5,211,2,3263.6,196,2
11536,2025-12-30 13:51:01+05:30,3262.4,1,3253.04,1332848,108292.0,129385.0,3250.0,3267.5,3239.8,3251.5,46774700,3576.6,2926.4,4322.95,2866.6,3262.0,19,2,3261.8,19,2,3261.7,47,1,3261.6,80,7,3261.5,97,3,3262.4,362,3,3263.2,175,1,3263.3,69,2,3263.4,236,3,3263.5,236,3
11536,2025-12-30 13:51:01+05:30,3262.4,1,3253.04,1332848,108292.0,129385.0,3250.0,3267.5,3239.8,3251.5,46774700,3576.6,2926.4,4322.95,2866.6,3262.0,19,2,3261.8,19,2,3261.7,47,1,3261.6,80,7,3261.5,97,3,3262.4,362,3,3263.2,175,1,3263.3,69,2,3263.4,236,3,3263.5,236,3
11536,2025-12-30 13:51:02+05:30,3261.6,10,3253.04,1333034,106932.0,130539.0,3250.0,3267.5,3239.8,3251.5,46774700,3576.6,2926.4,4322.95,2866.6,3262.0,28,1,3261.6,27,4,3261.5,6,1,3261.4,208,4,3261.3,195,5,3262.4,392,4,3262.8,62,1,3262.9,57,1,3263.0,38,1,3263.1,10,1
11536,2025-12-30 13:51:02+05:30,3261.6,10,3253.04,1333034,106932.0,130539.0,3250.0,3267.5,3239.8,3251.5,46774700,3576.6,2926.4,4322.95,2866.6,3262.0,28,1,3261.6,27,4,3261.5,6,1,3261.4,208,4,3261.3,195,5,3262.4,392,4,3262.8,62,1,3262.9,57,1,3263.0,38,1,3263.1,10,1
11536,2025-12-30 13:51:03+05:30,3261.6,10,3253.04,1333034,109162.0,130778.0,3250.0,3267.5,3239.8,3251.5,46774700,3576.6,2926.4,4322.95,2866.6,3262.0,28,1,3261.6,27,4,3261.5,6,1,3261.4,208,4,3261.3,149,4,3262.4,399,5,3262.8,62,1,3262.9,81,2,3263.0,38,1,3263.1,38,2
11536,2025-12-30 13:51:03+05:30,3262.4,1,3253.04,1333034,109162.0,130778.0,3250.0,3267.5,3239.8,3251.5,46774700,3576.6,2926.4,4322.95,2866.6,3262.0,28,1,3261.6,27,4,3261.5,6,1,3261.4,208,4,3261.3,149,4,3262.4,399,5,3262.8,62,1,3262.9,81,2,3263.0,38,1,3263.1,38,2
11536,2025-12-30 13:51:04+05:30,3262.1,23,3253.04,1333059,108996.0,130622.0,3250.0,3267.5,3239.8,3251.5,46774700,3576.6,2926.4,4322.95,2866.6,3262.0,28,1,3261.7,3,1,3261.6,7,3,3261.4,177,2,3261.3,75,3,3262.2,63,1,3262.3,23,1,3262.4,383,6,3262.5,57,1,3262.8,38,1
11536,2025-12-30 13:51:04+05:30,3262.0,1,3253.04,1333059,108996.0,130622.0,3250.0,3267.5,3239.8,3251.5,46774700,3576.6,2926.4,4322.95,2866.6,3262.0,28,1,3261.7,3,1,3261.6,7,3,3261.4,177,2,3261.3,75,3,3262.2,63,1,3262.3,23,1,3262.4,383,6,3262.5,57,1,3262.8,38,1
11536,2025-12-30 13:51:05+05:30,3261.6,15,3253.05,1333411,107451.0,128203.0,3250.0,3267.5,3239.8,3251.5,46774700,3576.6,2926.4,4322.95,2866.6,3261.6,52,6,3261.4,32,2,3261.3,159,4,3261.2,342,8,3261.1,339,6,3262.2,62,1,3262.4,327,3,3262.8,38,1,3262.9,24,1,3263.0,38,1
11536,2025-12-30 13:51:05+05:30,3262.2,1,3253.05,1333411,107451.0,128203.0,3250.0,3267.5,3239.8,3251.5,46774700,3576.6,2926.4,4322.95,2866.6,3261.6,52,6,3261.4,32,2,3261.3,159,4,3261.2,342,8,3261.1,339,6,3262.2,62,1,3262.4,327,3,3262.8,38,1,3262.9,24,1,3263.0,38,1
11536,2025-12-30 13:51:06+05:30,3262.2,1,3253.05,1333412,109333.0,129533.0,3250.0,3267.5,3239.8,3251.5,46774700,3576.6,2926.4,4322.95,2866.6,3261.6,99,7,3261.5,22,1,3261.4,343,7,3261.3,51,2,3261.2,357,9,3262.2,61,1,3262.4,327,3,3263.0,38,1,3263.2,110,3,3263.3,29,2
11536,2025-12-30 13:51:07+05:30,3262.2,4,3253.05,1333416,108829.0,129527.0,3250.0,3267.5,3239.8,3251.5,46774700,3576.6,2926.4,4322.95,2866.6,3261.6,99,7,3261.5,22,1,3261.4,297,6,3261.3,97,3,3261.2,295,8,3262.2,57,1,3262.4,327,3,3262.9,17,1,3263.0,38,1,3263.1,242,2
11536,2025-12-30 13:51:07+05:30,3262.2,4,3253.05,1333416,108829.0,129527.0,3250.0,3267.5,3239.8,3251.5,46774700,3576.6,2926.4,4322.95,2866.6,3261.6,99,7,3261.5,22,1,3261.4,297,6,3261.3,97,3,3261.2,295,8,3262.2,57,1,3262.4,327,3,3262.9,17,1,3263.0,38,1,3263.1,242,2
11536,2025-12-30 13:51:08+05:30,3262.2,4,3253.05,1333416,108905.0,129309.0,3250.0,3267.5,3239.8,3251.5,46774700,3576.6,2926.4,4322.95,2866.6,3261.6,99,7,3261.5,36,2,3261.4,320,8,3261.3,112,4,3261.2,319,10,3262.2,57,1,3262.4,327,3,3262.9,17,1,3263.0,38,1,3263.1,242,2
11536,2025-12-30 13:51:09+05:30,3261.6,18,3253.05,1333486,108770.0,129315.0,3250.0,3267.5,3239.8,3251.5,46774700,3576.6,2926.4,4322.95,2866.6,3261.6,78,6,3261.5,46,3,3261.4,134,6,3261.3,28,2,3261.2,365,11,3262.2,57,1,3262.4,327,3,3262.9,17,1,3263.0,38,1,3263.1,242,2
11536,2025-12-30 13:51:09+05:30,3261.6,18,3253.05,1333486,108770.0,129315.0,3250.0,3267.5,3239.8,3251.5,46774700,3576.6,2926.4,4322.95,2866.6,3261.6,78,6,3261.5,46,3,3261.4,134,6,3261.3,28,2,3261.2,365,11,3262.2,57,1,3262.4,327,3,3262.9,17,1,3263.0,38,1,3263.1,242,2
11536,2025-12-30 13:51:10+05:30,3261.6,1,3253.05,1333487,108256.0,129517.0,3250.0,3267.5,3239.8,3251.5,46774700,3576.6,2926.4,4322.95,2866.6,3261.6,78,6,3261.5,24,2,3261.4,112,5,3261.3,54,3,3261.2,394,12,3262.2,57,1,3262.4,327,3,3262.9,17,1,3263.0,38,1,3263.1,242,2
11536,2025-12-30 13:51:10+05:30,3261.6,1,3253.05,1333487,108256.0,129517.0,3250.0,3267.5,3239.8,3251.5,46774700,3576.6,2926.4,4322.95,2866.6,3261.6,78,6,3261.5,24,2,3261.4,112,5,3261.3,54,3,3261.2,394,12,3262.2,57,1,3262.4,327,3,3262.9,17,1,3263.0,38,1,3263.1,242,2
11536,2025-12-30 13:51:11+05:30,3262.2,1,3253.05,1333490,108891.0,129612.0,3250.0,3267.5,3239.8,3251.5,46774700,3576.6,2926.4,4322.95,2866.6,3261.6,78,6,3261.5,24,2,3261.4,298,7,3261.3,54,3,3261.2,432,13,3262.2,54,1,3262.4,327,3,3262.9,17,1,3263.0,38,1,3263.1,242,2
11536,2025-12-30 13:51:11+05:30,3262.2,1,3253.05,1333490,108891.0,129612.0,3250.0,3267.5,3239.8,3251.5,46774700,3576.6,2926.4,4322.95,2866.6,3261.6,78,6,3261.5,24,2,3261.4,298,7,3261.3,54,3,3261.2,432,13,3262.2,54,1,3262.4,327,3,3262.9,17,1,3263.0,38,1,3263.1,242,2
11536,2025-12-30 13:51:12+05:30,3262.2,2,3253.05,1333544,109160.0,129321.0,3250.0,3267.5,3239.8,3251.5,46774700,3576.6,2926.4,4322.95,2866.6,3261.6,70,6,3261.5,91,3,3261.4,118,5,3261.3,154,5,3261.2,348,11,3262.2,52,1,3262.4,296,1,3262.9,17,1,3263.0,38,1,3263.1,269,3
11536,2025-12-30 13:51:12+05:30,3262.2,2,3253.05,1333544,109160.0,129321.0,3250.0,3267.5,3239.8,3251.5,46774700,3576.6,2926.4,4322.95,2866.6,3261.6,70,6,3261.5,91,3,3261.4,118,5,3261.3,154,5,3261.2,348,11,3262.2,52,1,3262.4,296,1,3262.9,17,1,3263.0,38,1,3263.1,269,3
11536,2025-12-30 13:51:13+05:30,3261.6,1,3253.05,1333545,109759.0,129407.0,3250.0,3267.5,3239.8,3251.5,46774700,3576.6,2926.4,4322.95,2866.6,3261.6,59,5,3261.5,69,2,3261.4,329,8,3261.3,138,5,3261.2,348,11,3262.2,82,2,3262.4,296,1,3262.9,17,1,3263.0,38,1,3263.1,269,3
11536,2025-12-30 13:51:13+05:30,3261.6,1,3253.05,1333545,109759.0,129407.0,3250.0,3267.5,3239.8,3251.5,46774700,3576.6,2926.4,4322.95,2866.6,3261.6,59,5,3261.5,69,2,3261.4,329,8,3261.3,138,5,3261.2,348,11,3262.2,82,2,3262.4,296,1,3262.9,17,1,3263.0,38,1,3263.1,269,3
11536,2025-12-30 13:51:14+05:30,3261.6,1,3253.05,1333545,108886.0,129750.0,3250.0,3267.5,3239.8,3251.5,46774700,3576.6,2926.4,4322.95,2866.6,3261.6,59,5,3261.5,14,1,3261.4,304,7,3261.3,112,4,3261.2,348,11,3262.2,96,3,3262.4,296,1,3262.8,117,2,3262.9,17,1,3263.0,38,1
11536,2025-12-30 13:51:15+05:30,3261.6,1,3253.05,1333545,108886.0,129750.0,3250.0,3267.5,3239.8,3251.5,46774700,3576.6,2926.4,4322.95,2866.6,3261.6,59,5,3261.5,14,1,3261.4,304,7,3261.3,112,4,3261.2,348,11,3262.2,96,3,3262.4,296,1,3262.8,117,2,3262.9,17,1,3263.0,38,1
11536,2025-12-30 13:51:16+05:30,3261.6,1,3253.05,1333547,108644.0,129723.0,3250.0,3267.5,3239.8,3251.5,46774700,3576.6,2926.4,4322.95,2866.6,3261.6,58,5,3261.5,14,1,3261.4,118,5,3261.3,28,2,3261.2,394,12,3262.2,95,3,3262.4,296,1,3262.8,155,3,3262.9,17,1,3263.0,38,1
11536,2025-12-30 13:51:16+05:30,3262.2,1,3253.05,1333547,108644.0,129723.0,3250.0,3267.5,3239.8,3251.5,46774700,3576.6,2926.4,4322.95,2866.6,3261.6,58,5,3261.5,14,1,3261.4,118,5,3261.3,28,2,3261.2,394,12,3262.2,95,3,3262.4,296,1,3262.8,155,3,3262.9,17,1,3263.0,38,1
11536,2025-12-30 13:51:17+05:30,3262.2,1,3253.05,1333548,108644.0,129738.0,3250.0,3267.5,3239.8,3251.5,46774700,3576.6,2926.4,4322.95,2866.6,3261.6,58,5,3261.5,14,1,3261.4,118,5,3261.3,28,2,3261.2,394,12,3262.2,94,3,3262.4,296,1,3262.8,155,3,3262.9,17,1,3263.0,38,1
11536,2025-12-30 13:51:17+05:30,3262.2,3,3253.05,1333548,108644.0,129738.0,3250.0,3267.5,3239.8,3251.5,46774700,3576.6,2926.4,4322.95,2866.6,3261.6,58,5,3261.5,14,1,3261.4,118,5,3261.3,28,2,3261.2,394,12,3262.2,94,3,3262.4,296,1,3262.8,155,3,3262.9,17,1,3263.0,38,1
11536,2025-12-30 13:51:18+05:30,3262.2,1,3253.05,1333552,108889.0,129659.0,3250.0,3267.5,3239.8,3251.5,46774700,3576.6,2926.4,4322.95,2866.6,3261.6,105,6,3261.5,14,1,3261.4,303,7,3261.3,83,3,3261.2,349,11,3262.2,90,3,3262.4,296,1,3262.7,117,2,3262.8,38,1,3262.9,259,3
11536,2025-12-30 13:51:18+05:30,3262.2,1,3253.05,1333552,108889.0,129659.0,3250.0,3267.5,3239.8,3251.5,46774700,3576.6,2926.4,4322.95,2866.6,3261.6,105,6,3261.5,14,1,3261.4,303,7,3261.3,83,3,3261.2,349,11,3262.2,90,3,3262.4,296,1,3262.7,117,2,3262.8,38,1,3262.9,259,3
11536,2025-12-30 13:51:19+05:30,3262.2,1,3253.05,1333552,108897.0,129667.0,3250.0,3267.5,3239.8,3251.5,46774700,3576.6,2926.4,4322.95,2866.6,3261.6,105,6,3261.5,14,1,3261.4,303,7,3261.3,83,3,3261.2,349,11,3262.2,90,3,3262.4,296,1,3262.7,117,2,3262.8,38,1,3262.9,259,3
11536,2025-12-30 13:51:20+05:30,3262.2,1,3253.05,1333552,108897.0,129660.0,3250.0,3267.5,3239.8,3251.5,46774700,3576.6,2926.4,4322.95,2866.6,3261.6,105,6,3261.5,14,1,3261.4,303,7,3261.3,83,3,3261.2,349,11,3262.2,90,3,3262.4,296,1,3262.7,117,2,3262.8,38,1,3262.9,259,3
11536,2025-12-30 13:51:21+05:30,3262.4,296,3253.05,1334234,110930.0,128770.0,3250.0,3267.5,3239.8,3251.5,46774700,3576.6,2926.4,4322.95,2866.6,3261.9,143,4,3261.8,198,4,3261.7,138,4,3261.6,483,9,3261.5,40,3,3262.4,104,1,3262.9,17,1,3263.1,242,2,3263.2,38,1,3263.3,175,1
11536,2025-12-30 13:51:21+05:30,3261.9,1,3253.05,1334234,110930.0,128770.0,3250.0,3267.5,3239.8,3251.5,46774700,3576.6,2926.4,4322.95,2866.6,3261.9,143,4,3261.8,198,4,3261.7,138,4,3261.6,483,9,3261.5,40,3,3262.4,104,1,3262.9,17,1,3263.1,242,2,3263.2,38,1,3263.3,175,1
11536,2025-12-30 13:51:22+05:30,3261.9,5,3253.05,1334240,111165.0,129756.0,3250.0,3267.5,3239.8,3251.5,46774700,3576.6,2926.4,4322.95,2866.6,3261.9,123,3,3261.8,13,2,3261.7,55,1,3261.6,199,7,3261.5,17,2,3262.4,104,1,3262.9,17,1,3263.1,242,2,3263.2,38,1,3263.3,175,1
11536,2025-12-30 13:51:22+05:30,3262.4,1,3253.05,1334240,111165.0,129756.0,3250.0,3267.5,3239.8,3251.5,46774700,3576.6,2926.4,4322.95,2866.6,3261.9,123,3,3261.8,13,2,3261.7,55,1,3261.6,199,7,3261.5,17,2,3262.4,104,1,3262.9,17,1,3263.1,242,2,3263.2,38,1,3263.3,175,1
11536,2025-12-30 13:51:23+05:30,3262.4,1,3253.05,1334241,108318.0,129785.0,3250.0,3267.5,3239.8,3251.5,46774700,3576.6,2926.4,4322.95,2866.6,3261.8,3,1,3261.6,167,4,3261.5,79,3,3261.4,369,9,3261.3,257,5,3262.4,103,1,3262.9,55,2,3263.1,242,2,3263.2,60,2,3263.3,175,1
11536,2025-12-30 13:51:23+05:30,3262.4,1,3253.05,1334241,108318.0,129785.0,3250.0,3267.5,3239.8,3251.5,46774700,3576.6,2926.4,4322.95,2866.6,3261.8,3,1,3261.6,167,4,3261.5,79,3,3261.4,369,9,3261.3,257,5,3262.4,103,1,3262.9,55,2,3263.1,242,2,3263.2,60,2,3263.3,175,1
11536,2025-12-30 13:51:24+05:30,3262.4,1,3253.05,1334242,110479.0,129828.0,3250.0,3267.5,3239.8,3251.5,46774700,3576.6,2926.4,4322.95,2866.6,3261.8,120,4,3261.7,88,3,3261.6,316,6,3261.5,63,3,3261.4,481,9,3262.4,102,1,3262.9,55,2,3263.1,242,2,3263.2,60,2,3263.3,202,2
11536,2025-12-30 13:51:25+05:30,3262.1,4,3253.06,1334798,111159.0,129011.0,3250.0,3267.5,3239.8,3251.5,46774700,3576.6,2926.4,4322.95,2866.6,3262.1,158,5,3262.0,26,2,3261.9,22,2,3261.8,124,6,3261.7,27,1,3262.4,400,1,3262.9,17,1,3263.1,242,2,3263.3,202,2,3263.4,22,1
11536,2025-12-30 13:51:25+05:30,3262.1,4,3253.06,1334798,111159.0,129011.0,3250.0,3267.5,3239.8,3251.5,46774700,3576.6,2926.4,4322.95,2866.6,3262.1,158,5,3262.0,26,2,3261.9,22,2,3261.8,124,6,3261.7,27,1,3262.4,400,1,3262.9,17,1,3263.1,242,2,3263.3,202,2,3263.4,22,1
11536,2025-12-30 13:51:26+05:30,3262.1,4,3253.06,1334798,111277.0,129707.0,3250.0,3267.5,3239.8,3251.5,46774700,3576.6,2926.4,4322.95,2866.6,3262.1,143,4,3261.9,22,2,3261.8,124,6,3261.7,27,1,3261.6,415,10,3262.4,400,1,3262.9,17,1,3263.1,242,2,3263.3,240,3,3263.4,22,1
11536,2025-12-30 13:51:27+05:30,3262.1,1,3253.06,1334798,111277.0,129707.0,3250.0,3267.5,3239.8,3251.5,46774700,3576.6,2926.4,4322.95,2866.6,3262.1,143,4,3261.9,22,2,3261.8,124,6,3261.7,27,1,3261.6,415,10,3262.4,400,1,3262.9,17,1,3263.1,242,2,3263.3,240,3,3263.4,22,1
11536,2025-12-30 13:51:27+05:30,3262.1,1,3253.06,1334799,111229.0,129532.0,3250.0,3267.5,3239.8,3251.5,46774700,3576.6,2926.4,4322.95,2866.6,3262.1,129,4,3262.0,26,2,3261.9,22,2,3261.8,114,5,3261.7,27,1,3262.4,400,1,3262.9,17,1,3263.1,242,2,3263.3,240,3,3263.4,22,1
11536,2025-12-30 13:51:28+05:30,3262.1,1,3253.06,1334799,111229.0,129532.0,3250.0,3267.5,3239.8,3251.5,46774700,3576.6,2926.4,4322.95,2866.6,3262.1,129,4,3262.0,26,2,3261.9,22,2,3261.8,114,5,3261.7,27,1,3262.4,400,1,3262.9,17,1,3263.1,242,2,3263.3,240,3,3263.4,22,1
11536,2025-12-30 13:51:29+05:30,3262.1,1,3253.06,1334805,111252.0,129742.0,3250.0,3267.5,3239.8,3251.5,46774700,3576.6,2926.4,4322.95,2866.6,3262.1,61,2,3262.0,228,5,3261.9,53,1,3261.8,82,3,3261.7,27,1,3262.4,400,1,3262.9,17,1,3263.1,242,2,3263.3,240,3,3263.4,22,1
11536,2025-12-30 13:51:30+05:30,3262.1,1,3253.06,1334805,110219.0,129751.0,3250.0,3267.5,3239.8,3251.5,46774700,3576.6,2926.4,4322.95,2866.6,3262.1,127,4,3262.0,212,4,3261.8,330,6,3261.7,27,1,3261.6,415,10,3262.4,400,1,3262.9,17,1,3263.1,242,2,3263.3,240,3,3263.4,22,1
11536,2025-12-30 13:51:30+05:30,3262.1,2,3253.06,1334805,110219.0,129751.0,3250.0,3267.5,3239.8,3251.5,46774700,3576.6,2926.4,4322.95,2866.6,3262.1,127,4,3262.0,212,4,3261.8,330,6,3261.7,27,1,3261.6,415,10,3262.4,400,1,3262.9,17,1,3263.1,242,2,3263.3,240,3,3263.4,22,1
11536,2025-12-30 13:51:31+05:30,3262.1,2,3253.06,1334808,110583.0,129914.0,3250.0,3267.5,3239.8,3251.5,46774700,3576.6,2926.4,4322.95,2866.6,3262.1,62,3,3262.0,42,3,3261.9,7,1,3261.8,197,5,3261.7,27,1,3262.4,400,1,3262.9,17,1,3263.1,280,3,3263.3,240,3,3263.4,22,1
11536,2025-12-30 13:51:31+05:30,3262.4,1,3253.06,1334808,110583.0,129914.0,3250.0,3267.5,3239.8,3251.5,46774700,3576.6,2926.4,4322.95,2866.6,3262.1,62,3,3262.0,42,3,3261.9,7,1,3261.8,197,5,3261.7,27,1,3262.4,400,1,3262.9,17,1,3263.1,280,3,3263.3,240,3,3263.4,22,1
11536,2025-12-30 13:51:32+05:30,3262.4,1,3253.06,1334813,111021.0,129909.0,3250.0,3267.5,3239.8,3251.5,46774700,3576.6,2926.4,4322.95,2866.6,3262.1,72,3,3262.0,26,2,3261.9,60,2,3261.8,144,4,3261.7,27,1,3262.4,395,1,3262.9,17,1,3263.1,280,3,3263.3,240,3,3263.4,22,1
11536,2025-12-30 13:51:32+05:30,3262.4,2,3253.06,1334813,111021.0,129909.0,3250.0,3267.5,3239.8,3251.5,46774700,3576.6,2926.4,4322.95,2866.6,3262.1,72,3,3262.0,26,2,3261.9,60,2,3261.8,144,4,3261.7,27,1,3262.4,395,1,3262.9,17,1,3263.1,280,3,3263.3,240,3,3263.4,22,1
11536,2025-12-30 13:51:33+05:30,3262.4,2,3253.06,1334816,111017.0,129907.0,3250.0,3267.5,3239.8,3251.5,46774700,3576.6,2926.4,4322.95,2866.6,3262.1,70,2,3262.0,26,2,3261.9,60,2,3261.8,144,4,3261.7,27,1,3262.4,393,1,3262.9,17,1,3263.1,280,3,3263.3,240,3,3263.4,22,1
11536,2025-12-30 13:51:33+05:30,3262.4,147,3253.06,1334816,111017.0,129907.0,3250.0,3267.5,3239.8,3251.5,46774700,3576.6,2926.4,4322.95,2866.6,3262.1,70,2,3262.0,26,2,3261.9,60,2,3261.8,144,4,3261.7,27,1,3262.4,393,1,3262.9,17,1,3263.1,280,3,3263.3,240,3,3263.4,22,1
11536,2025-12-30 13:51:34+05:30,3262.4,1,3253.06,1334964,111420.0,129881.0,3250.0,3267.5,3239.8,3251.5,46774700,3576.6,2926.4,4322.95,2866.6,3262.1,67,2,3262.0,16,1,3261.8,256,5,3261.6,416,10,3261.5,240,5,3262.4,245,1,3262.9,17,1,3263.1,280,3,3263.3,240,3,3263.4,22,1
11536,2025-12-30 13:51:34+05:30,3262.1,10,3253.06,1334964,111420.0,129881.0,3250.0,3267.5,3239.8,3251.5,46774700,3576.6,2926.4,4322.95,2866.6,3262.1,67,2,3262.0,16,1,3261.8,256,5,3261.6,416,10,3261.5,240,5,3262.4,245,1,3262.9,17,1,3263.1,280,3,3263.3,240,3,3263.4,22,1
11536,2025-12-30 13:51:35+05:30,3262.4,1,3253.06,1334975,111818.0,129880.0,3250.0,3267.5,3239.8,3251.5,46774700,3576.6,2926.4,4322.95,2866.6,3262.1,69,3,3261.8,271,6,3261.7,53,1,3261.6,478,11,3261.5,240,5,3262.4,244,1,3262.9,17,1,3263.1,280,3,3263.3,240,3,3263.4,22,1
11536,2025-12-30 13:51:35+05:30,3262.4,1,3253.06,1334975,111818.0,129880.0,3250.0,3267.5,3239.8,3251.5,46774700,3576.6,2926.4,4322.95,2866.6,3262.1,69,3,3261.8,271,6,3261.7,53,1,3261.6,478,11,3261.5,240,5,3262.4,244,1,3262.9,17,1,3263.1,280,3,3263.3,240,3,3263.4,22,1
11536,2025-12-30 13:51:36+05:30,3262.4,1,3253.06,1334975,111875.0,129934.0,3250.0,3267.5,3239.8,3251.5,46774700,3576.6,2926.4,4322.95,2866.6,3262.1,57,2,3262.0,16,1,3261.8,271,6,3261.7,53,1,3261.6,416,10,3262.4,244,1,3262.9,17,1,3263.1,280,3,3263.3,240,3,3263.4,22,1
11536,2025-12-30 13:51:37+05:30,3262.4,1,3253.06,1334975,111870.0,130011.0,3250.0,3267.5,3239.8,3251.5,46774700,3576.6,2926.4,4322.95,2866.6,3262.1,57,2,3261.9,16,1,3261.8,257,5,3261.7,53,1,3261.6,431,10,3262.4,244,1,3262.9,17,1,3263.1,280,3,3263.3,268,4,3263.4,22,1
11536,2025-12-30 13:51:37+05:30,3262.4,4,3253.06,1334975,111870.0,130011.0,3250.0,3267.5,3239.8,3251.5,46774700,3576.6,2926.4,4322.95,2866.6,3262.1,57,2,3261.9,16,1,3261.8,257,5,3261.7,53,1,3261.6,431,10,3262.4,244,1,3262.9,17,1,3263.1,280,3,3263.3,268,4,3263.4,22,1
11536,2025-12-30 13:51:38+05:30,3262.4,4,3253.06,1334979,111786.0,130054.0,3250.0,3267.5,3239.8,3251.5,46774700,3576.6,2926.4,4322.95,2866.6,3262.1,57,2,3261.9,16,1,3261.8,257,5,3261.7,53,1,3261.6,381,9,3262.4,254,2,3262.9,259,3,3263.1,213,2,3263.3,93,3,3263.4,22,1
11536,2025-12-30 13:51:38+05:30,3262.1,1,3253.06,1334979,111786.0,130054.0,3250.0,3267.5,3239.8,3251.5,46774700,3576.6,2926.4,4322.95,2866.6,3262.1,57,2,3261.9,16,1,3261.8,257,5,3261.7,53,1,3261.6,381,9,3262.4,254,2,3262.9,259,3,3263.1,213,2,3263.3,93,3,3263.4,22,1
11536,2025-12-30 13:51:39+05:30,3262.1,1,3253.06,1334980,111652.0,130054.0,3250.0,3267.5,3239.8,3251.5,46774700,3576.6,2926.4,4322.95,2866.6,3262.1,56,2,3261.9,16,1,3261.8,71,3,3261.7,53,1,3261.6,381,9,3262.4,254,2,3262.9,259,3,3263.1,213,2,3263.3,93,3,3263.4,22,1
11536,2025-12-30 13:51:40+05:30,3262.1,1,3253.06,1334980,111471.0,130054.0,3250.0,3267.5,3239.8,3251.5,46774700,3576.6,2926.4,4322.95,2866.6,3262.1,56,2,3261.9,16,1,3261.8,55,2,3261.7,53,1,3261.6,354,8,3262.4,254,2,3262.9,259,3,3263.1,213,2,3263.3,93,3,3263.4,32,2
11536,2025-12-30 13:51:40+05:30,3263.3,21,3253.06,1334980,111471.0,130054.0,3250.0,3267.5,3239.8,3251.5,46774700,3576.6,2926.4,4322.95,2866.6,3262.1,56,2,3261.9,16,1,3261.8,55,2,3261.7,53,1,3261.6,354,8,3262.4,254,2,3262.9,259,3,3263.1,213,2,3263.3,93,3,3263.4,32,2
11536,2025-12-30 13:51:41+05:30,3263.3,21,3253.07,1336081,112326.0,129435.0,3250.0,3267.5,3239.8,3251.5,46774700,3576.6,2926.4,4322.95,2866.6,3262.2,72,2,3262.1,46,1,3262.0,213,3,3261.9,61,1,3261.8,453,6,3263.1,350,2,3263.3,276,3,3263.4,99,2,3263.5,93,3,3263.6,68,2
11536,2025-12-30 13:51:42+05:30,3263.3,21,3253.07,1336081,112315.0,129285.0,3250.0,3267.5,3239.8,3251.5,46774700,3576.6,2926.4,4322.95,2866.6,3262.2,72,2,3262.1,46,1,3262.0,159,2,3261.9,61,1,3261.8,316,6,3263.1,350,2,3263.2,54,1,3263.3,237,2,3263.4,37,1,3263.5,85,2
11536,2025-12-30 13:51:42+05:30,3263.1,3,3253.07,1336081,112315.0,129285.0,3250.0,3267.5,3239.8,3251.5,46774700,3576.6,2926.4,4322.95,2866.6,3262.2,72,2,3262.1,46,1,3262.0,159,2,3261.9,61,1,3261.8,316,6,3263.1,350,2,3263.2,54,1,3263.3,237,2,3263.4,37,1,3263.5,85,2
11536,2025-12-30 13:51:43+05:30,3262.2,1,3253.07,1336085,111954.0,127553.0,3250.0,3267.5,3239.8,3251.5,46774700,3576.6,2926.4,4322.95,2866.6,3262.2,71,2,3262.1,46,1,3262.0,213,3,3261.9,61,1,3261.8,379,8,3263.1,347,2,3263.3,175,1,3263.5,85,2,3263.6,91,2,3263.8,146,6
11536,2025-12-30 13:51:43+05:30,3262.2,1,3253.07,1336085,111954.0,127553.0,3250.0,3267.5,3239.8,3251.5,46774700,3576.6,2926.4,4322.95,2866.6,3262.2,71,2,3262.1,46,1,3262.0,213,3,3261.9,61,1,3261.8,379,8,3263.1,347,2,3263.3,175,1,3263.5,85,2,3263.6,91,2,3263.8,146,6
11536,2025-12-30 13:51:44+05:30,3262.2,1,3253.07,1336086,110943.0,129558.0,3250.0,3267.5,3239.8,3251.5,46774700,3576.6,2926.4,4322.95,2866.6,3262.2,162,3,3262.1,46,1,3262.0,272,5,3261.9,61,1,3261.8,359,8,3262.7,175,1,3263.1,172,1,3263.3,175,1,3263.5,85,2,3263.6,59,2
11536,2025-12-30 13:51:45+05:30,3262.7,1,3253.07,1336088,112337.0,129514.0,3250.0,3267.5,3239.8,3251.5,46774700,3576.6,2926.4,4322.95,2866.6,3262.2,162,3,3262.1,46,1,3262.0,272,5,3261.9,61,1,3261.8,359,8,3262.7,173,1,3263.1,172,1,3263.3,189,2,3263.5,85,2,3263.6,59,2
11536,2025-12-30 13:51:45+05:30,3262.7,1,3253.07,1336088,112337.0,129514.0,3250.0,3267.5,3239.8,3251.5,46774700,3576.6,2926.4,4322.95,2866.6,3262.2,162,3,3262.1,46,1,3262.0,272,5,3261.9,61,1,3261.8,359,8,3262.7,173,1,3263.1,172,1,3263.3,189,2,3263.5,85,2,3263.6,59,2
11536,2025-12-30 13:51:46+05:30,3262.7,1,3253.07,1336089,112385.0,129856.0,3250.0,3267.5,3239.8,3251.5,46774700,3576.6,2926.4,4322.95,2866.6,3262.2,162,3,3262.1,46,1,3262.0,240,3,3261.9,61,1,3261.8,359,8,3262.7,177,2,3263.1,172,1,3263.3,189,2,3263.5,85,2,3263.6,59,2
11536,2025-12-30 13:51:46+05:30,3262.7,1,3253.07,1336089,112385.0,129856.0,3250.0,3267.5,3239.8,3251.5,46774700,3576.6,2926.4,4322.95,2866.6,3262.2,162,3,3262.1,46,1,3262.0,240,3,3261.9,61,1,3261.8,359,8,3262.7,177,2,3263.1,172,1,3263.3,189,2,3263.5,85,2,3263.6,59,2
11536,2025-12-30 13:51:47+05:30,3262.7,21,3253.07,1336123,110904.0,130232.0,3250.0,3267.5,3239.8,3251.5,46774700,3576.6,2926.4,4322.95,2866.6,3262.2,119,3,3262.1,46,1,3262.0,186,2,3261.9,61,1,3261.8,296,6,3262.7,315,3,3262.9,175,1,3263.2,36,1,3263.3,14,1,3263.4,36,1
11536,2025-12-30 13:51:47+05:30,3262.7,3,3253.07,1336123,110904.0,130232.0,3250.0,3267.5,3239.8,3251.5,46774700,3576.6,2926.4,4322.95,2866.6,3262.2,119,3,3262.1,46,1,3262.0,186,2,3261.9,61,1,3261.8,296,6,3262.7,315,3,3262.9,175,1,3263.2,36,1,3263.3,14,1,3263.4,36,1
11536,2025-12-30 13:51:48+05:30,3262.7,3,3253.07,1336264,110617.0,130060.0,3250.0,3267.5,3239.8,3251.5,46774700,3576.6,2926.4,4322.95,2866.6,3262.2,91,3,3262.1,109,3,3262.0,188,3,3261.9,74,2,3261.8,85,3,3262.7,174,2,3262.9,175,1,3263.3,52,2,3263.4,3,1,3263.5,85,2
11536,2025-12-30 13:51:48+05:30,3262.2,1,3253.07,1336264,110617.0,130060.0,3250.0,3267.5,3239.8,3251.5,46774700,3576.6,2926.4,4322.95,2866.6,3262.2,91,3,3262.1,109,3,3262.0,188,3,3261.9,74,2,3261.8,85,3,3262.7,174,2,3262.9,175,1,3263.3,52,2,3263.4,3,1,3263.5,85,2
11536,2025-12-30 13:51:49+05:30,3262.2,1,3253.07,1336266,112122.0,130276.0,3250.0,3267.5,3239.8,3251.5,46774700,3576.6,2926.4,4322.95,2866.6,3262.2,75,2,3262.1,46,1,3262.0,16,1,3261.8,271,5,3261.7,70,4,3262.7,381,4,3262.9,175,1,3263.3,52,2,3263.4,3,1,3263.5,95,3
11536,2025-12-30 13:51:49+05:30,3262.2,1,3253.07,1336266,112122.0,130276.0,3250.0,3267.5,3239.8,3251.5,46774700,3576.6,2926.4,4322.95,2866.6,3262.2,75,2,3262.1,46,1,3262.0,16,1,3261.8,271,5,3261.7,70,4,3262.7,381,4,3262.9,175,1,3263.3,52,2,3263.4,3,1,3263.5,95,3
11536,2025-12-30 13:51:50+05:30,3262.2,1,3253.07,1336266,112349.0,130223.0,3250.0,3267.5,3239.8,3251.5,46774700,3576.6,2926.4,4322.95,2866.6,3262.2,75,2,3262.1,56,2,3262.0,242,4,3261.9,74,2,3261.8,271,5,3262.7,381,4,3262.9,175,1,3263.3,52,2,3263.4,3,1,3263.5,85,2
11536,2025-12-30 13:51:51+05:30,3262.7,3,3253.07,1336272,112326.0,130233.0,3250.0,3267.5,3239.8,3251.5,46774700,3576.6,2926.4,4322.95,2866.6,3262.2,74,2,3262.1,96,4,3262.0,98,3,3261.9,62,1,3261.8,284,6,3262.7,381,4,3262.9,175,1,3263.3,62,3,3263.4,3,1,3263.5,85,2
11536,2025-12-30 13:51:51+05:30,3262.7,3,3253.07,1336272,112326.0,130233.0,3250.0,3267.5,3239.8,3251.5,46774700,3576.6,2926.4,4322.95,2866.6,3262.2,74,2,3262.1,96,4,3262.0,98,3,3261.9,62,1,3261.8,284,6,3262.7,381,4,3262.9,175,1,3263.3,62,3,3263.4,3,1,3263.5,85,2
11536,2025-12-30 13:51:52+05:30,3262.7,10,3253.07,1336282,112243.0,130038.0,3250.0,3267.5,3239.8,3251.5,46774700,3576.6,2926.4,4322.95,2866.6,3262.2,152,5,3262.1,141,4,3262.0,200,3,3261.8,284,6,3261.7,62,4,3262.7,371,4,3262.9,175,1,3263.3,24,2,3263.4,3,1,3263.5,113,3
11536,2025-12-30 13:51:52+05:30,3262.7,10,3253.07,1336282,112243.0,130038.0,3250.0,3267.5,3239.8,3251.5,46774700,3576.6,2926.4,4322.95,2866.6,3262.2,152,5,3262.1,141,4,3262.0,200,3,3261.8,284,6,3261.7,62,4,3262.7,371,4,3262.9,175,1,3263.3,24,2,3263.4,3,1,3263.5,113,3
11536,2025-12-30 13:51:53+05:30,3262.7,10,3253.07,1336282,112261.0,130182.0,3250.0,3267.5,3239.8,3251.5,46774700,3576.6,2926.4,4322.95,2866.6,3262.2,152,5,3262.1,141,4,3262.0,200,3,3261.8,284,6,3261.7,52,3,3262.7,371,4,3262.9,175,1,3263.3,62,3,3263.4,3,1,3263.5,121,4
11536,2025-12-30 13:51:54+05:30,3262.7,10,3253.07,1336282,112344.0,130174.0,3250.0,3267.5,3239.8,3251.5,46774700,3576.6,2926.4,4322.95,2866.6,3262.2,98,4,3262.1,171,4,3262.0,172,2,3261.9,29,1,3261.8,313,7,3262.7,371,4,3262.9,175,1,3263.3,62,3,3263.4,3,1,3263.5,113,3
11536,2025-12-30 13:51:55+05:30,3262.2,1,3253.07,1336284,112349.0,130280.0,3250.0,3267.5,3239.8,3251.5,46774700,3576.6,2926.4,4322.95,2866.6,3262.2,83,3,3262.1,187,5,3262.0,16,1,3261.9,29,1,3261.8,313,7,3262.7,370,4,3262.9,175,1,3263.3,62,3,3263.4,3,1,3263.5,123,4
11536,2025-12-30 13:51:55+05:30,3262.2,1,3253.07,1336284,112349.0,130280.0,3250.0,3267.5,3239.8,3251.5,46774700,3576.6,2926.4,4322.95,2866.6,3262.2,83,3,3262.1,187,5,3262.0,16,1,3261.9,29,1,3261.8,313,7,3262.7,370,4,3262.9,175,1,3263.3,62,3,3263.4,3,1,3263.5,123,4
11536,2025-12-30 13:51:56+05:30,3262.7,1,3253.07,1336412,112282.0,128917.0,3250.0,3267.5,3239.8,3251.5,46774700,3576.6,2926.4,4322.95,2866.6,3262.2,213,6,3262.1,46,1,3262.0,32,2,3261.9,29,1,3261.8,362,9,3262.7,242,4,3262.9,175,1,3263.3,62,3,3263.5,113,3,3263.6,22,1
11536,2025-12-30 13:51:56+05:30,3262.7,1,3253.07,1336412,112282.0,128917.0,3250.0,3267.5,3239.8,3251.5,46774700,3576.6,2926.4,4322.95,2866.6,3262.2,213,6,3262.1,46,1,3262.0,32,2,3261.9,29,1,3261.8,362,9,3262.7,242,4,3262.9,175,1,3263.3,62,3,3263.5,113,3,3263.6,22,1
11536,2025-12-30 13:51:57+05:30,3262.7,1,3253.07,1336412,112107.0,130152.0,3250.0,3267.5,3239.8,3251.5,46774700,3576.6,2926.4,4322.95,2866.6,3262.2,213,6,3262.1,46,1,3262.0,32,2,3261.9,29,1,3261.8,362,9,3262.7,242,4,3262.9,175,1,3263.3,62,3,3263.5,123,4,3263.6,22,1
11536,2025-12-30 13:51:57+05:30,3262.2,27,3253.07,1336412,112107.0,130152.0,3250.0,3267.5,3239.8,3251.5,46774700,3576.6,2926.4,4322.95,2866.6,3262.2,213,6,3262.1,46,1,3262.0,32,2,3261.9,29,1,3261.8,362,9,3262.7,242,4,3262.9,175,1,3263.3,62,3,3263.5,123,4,3263.6,22,1
11536,2025-12-30 13:51:58+05:30,3262.2,7,3253.07,1336451,111794.0,129858.0,3250.0,3267.5,3239.8,3251.5,46774700,3576.6,2926.4,4322.95,2866.6,3262.2,109,4,3262.1,62,2,3261.9,54,1,3261.8,317,6,3261.7,212,4,3262.7,37,2,3263.3,62,3,3263.4,40,1,3263.5,465,6,3263.6,22,1
11536,2025-12-30 13:51:58+05:30,3262.2,7,3253.07,1336451,111794.0,129858.0,3250.0,3267.5,3239.8,3251.5,46774700,3576.6,2926.4,4322.95,2866.6,3262.2,109,4,3262.1,62,2,3261.9,54,1,3261.8,317,6,3261.7,212,4,3262.7,37,2,3263.3,62,3,3263.4,40,1,3263.5,465,6,3263.6,22,1
11536,2025-12-30 13:51:59+05:30,3262.2,9,3253.07,1336507,111692.0,129508.0,3250.0,3267.5,3239.8,3251.5,46774700,3576.6,2926.4,4322.95,2866.6,3262.2,70,2,3262.1,46,1,3261.9,54,1,3261.8,300,5,3261.7,212,4,3262.7,37,2,3263.3,62,3,3263.4,40,1,3263.5,465,6,3263.6,22,1
11536,2025-12-30 13:51:59+05:30,3262.2,9,3253.07,1336507,111692.0,129508.0,3250.0,3267.5,3239.8,3251.5,46774700,3576.6,2926.4,4322.95,2866.6,3262.2,70,2,3262.1,46,1,3261.9,54,1,3261.8,300,5,3261.7,212,4,3262.7,37,2,3263.3,62,3,3263.4,40,1,3263.5,465,6,3263.6,22,1
11536,2025-12-30 13:52:00+05:30,3262.2,9,3253.07,1336507,111708.0,129847.0,3250.0,3267.5,3239.8,3251.5,46774700,3576.6,2926.4,4322.95,2866.6,3262.2,70,2,3262.1,46,1,3261.9,54,1,3261.8,300,5,3261.7,250,5,3262.7,37,2,3263.3,48,2,3263.5,465,6,3263.6,22,1,3263.7,209,2
11536,2025-12-30 13:52:00+05:30,3262.2,1,3253.07,1336507,111708.0,129847.0,3250.0,3267.5,3239.8,3251.5,46774700,3576.6,2926.4,4322.95,2866.6,3262.2,70,2,3262.1,46,1,3261.9,54,1,3261.8,300,5,3261.7,250,5,3262.7,37,2,3263.3,48,2,3263.5,465,6,3263.6,22,1,3263.7,209,2
11536,2025-12-30 13:52:01+05:30,3262.7,1,3253.07,1336509,111880.0,130158.0,3250.0,3267.5,3239.8,3251.5,46774700,3576.6,2926.4,4322.95,2866.6,3262.2,134,3,3262.1,46,1,3262.0,54,1,3261.8,338,6,3261.7,212,4,3262.7,50,3,3263.3,10,1,3263.4,400,3,3263.5,115,4,3263.6,230,3
11536,2025-12-30 13:52:01+05:30,3262.7,1,3253.07,1336509,111880.0,130158.0,3250.0,3267.5,3239.8,3251.5,46774700,3576.6,2926.4,4322.95,2866.6,3262.2,134,3,3262.1,46,1,3262.0,54,1,3261.8,338,6,3261.7,212,4,3262.7,50,3,3263.3,10,1,3263.4,400,3,3263.5,115,4,3263.6,230,3
11536,2025-12-30 13:52:02+05:30,3262.7,1,3253.07,1336509,111811.0,130158.0,3250.0,3267.5,3239.8,3251.5,46774700,3576.6,2926.4,4322.95,2866.6,3262.2,134,3,3262.1,46,1,3262.0,54,1,3261.8,338,6,3261.7,212,4,3262.7,50,3,3263.3,10,1,3263.4,400,3,3263.5,115,4,3263.6,230,3
11536,2025-12-30 13:52:03+05:30,3262.7,1,3253.07,1336509,111827.0,129983.0,3250.0,3267.5,3239.8,3251.5,46774700,3576.6,2926.4,4322.95,2866.6,3262.2,134,3,3262.1,46,1,3262.0,54,1,3261.8,354,7,3261.7,212,4,3262.7,50,3,3263.3,10,1,3263.4,400,3,3263.5,115,4,3263.6,230,3
11536,2025-12-30 13:52:04+05:30,3262.2,4,3253.07,1336509,111827.0,129983.0,3250.0,3267.5,3239.8,3251.5,46774700,3576.6,2926.4,4322.95,2866.6,3262.2,134,3,3262.1,46,1,3262.0,54,1,3261.8,354,7,3261.7,212,4,3262.7,50,3,3263.3,10,1,3263.4,400,3,3263.5,115,4,3263.6,230,3
11536,2025-12-30 13:52:05+05:30,3262.2,4,3253.07,1336513,111710.0,128933.0,3250.0,3267.5,3239.8,3251.5,46774700,3576.6,2926.4,4322.95,2866.6,3262.2,130,3,3262.1,47,2,3262.0,54,1,3261.8,300,5,3261.7,250,5,3262.7,50,3,3263.3,48,2,3263.4,400,3,3263.5,115,4,3263.6,230,3
11536,2025-12-30 13:52:05+05:30,3262.7,1,3253.07,1336515,112027.0,128932.0,3250.0,3267.5,3239.8,3251.5,46774700,3576.6,2926.4,4322.95,2866.6,3262.2,194,5,3262.1,63,3,3262.0,202,3,3261.8,316,6,3261.7,250,5,3262.7,48,3,3263.3,10,1,3263.4,400,3,3263.5,115,4,3263.6,230,3
11536,2025-12-30 13:52:05+05:30,3262.7,1,3253.07,1336515,112027.0,128932.0,3250.0,3267.5,3239.8,3251.5,46774700,3576.6,2926.4,4322.95,2866.6,3262.2,194,5,3262.1,63,3,3262.0,202,3,3261.8,316,6,3261.7,250,5,3262.7,48,3,3263.3,10,1,3263.4,400,3,3263.5,115,4,3263.6,230,3
11536,2025-12-30 13:52:06+05:30,3262.2,1,3253.07,1336516,111811.0,128732.0,3250.0,3267.5,3239.8,3251.5,46774700,3576.6,2926.4,4322.95,2866.6,3262.2,204,6,3262.1,72,4,3262.0,16,1,3261.9,12,1,3261.8,354,7,3262.7,48,3,3263.3,10,1,3263.4,400,3,3263.5,113,3,3263.6,230,3
11536,2025-12-30 13:52:06+05:30,3262.2,1,3253.07,1336516,111811.0,128732.0,3250.0,3267.5,3239.8,3251.5,46774700,3576.6,2926.4,4322.95,2866.6,3262.2,204,6,3262.1,72,4,3262.0,16,1,3261.9,12,1,3261.8,354,7,3262.7,48,3,3263.3,10,1,3263.4,400,3,3263.5,113,3,3263.6,230,3
11536,2025-12-30 13:52:07+05:30,3262.7,1,3253.07,1336518,111469.0,129201.0,3250.0,3267.5,3239.8,3251.5,46774700,3576.6,2926.4,4322.95,2866.6,3262.2,151,6,3262.1,47,2,3262.0,54,1,3261.9,12,1,3261.8,338,6,3262.7,46,3,3263.3,10,1,3263.4,400,3,3263.5,113,3,3263.6,261,4
11536,2025-12-30 13:52:07+05:30,3262.7,1,3253.07,1336518,111469.0,129201.0,3250.0,3267.5,3239.8,3251.5,46774700,3576.6,2926.4,4322.95,2866.6,3262.2,151,6,3262.1,47,2,3262.0,54,1,3261.9,12,1,3261.8,338,6,3262.7,46,3,3263.3,10,1,3263.4,400,3,3263.5,113,3,3263.6,261,4
11536,2025-12-30 13:52:09+05:30,3262.2,12,3253.07,1336594,111590.0,129203.0,3250.0,3267.5,3239.8,3251.5,46774700,3576.6,2926.4,4322.95,2866.6,3262.2,151,7,3262.1,47,2,3261.9,12,1,3261.8,300,5,3261.7,212,4,3262.7,46,3,3263.3,48,2,3263.4,400,3,3263.5,113,3,3263.6,261,4
11536,2025-12-30 13:52:09+05:30,3262.7,6,3253.07,1336594,111590.0,129203.0,3250.0,3267.5,3239.8,3251.5,46774700,3576.6,2926.4,4322.95,2866.6,3262.2,151,7,3262.1,47,2,3261.9,12,1,3261.8,300,5,3261.7,212,4,3262.7,46,3,3263.3,48,2,3263.4,400,3,3263.5,113,3,3263.6,261,4
11536,2025-12-30 13:52:10+05:30,3262.7,6,3253.07,1336600,111417.0,128851.0,3250.0,3267.5,3239.8,3251.5,46774700,3576.6,2926.4,4322.95,2866.6,3262.2,213,8,3262.1,63,3,3261.9,12,1,3261.8,270,5,3261.7,258,5,3262.7,40,3,3263.3,48,2,3263.4,400,3,3263.5,113,3,3263.6,261,4
11536,2025-12-30 13:52:11+05:30,3262.7,1,3253.07,1336601,112076.0,127129.0,3250.0,3267.5,3239.8,3251.5,46774700,3576.6,2926.4,4322.95,2866.6,3262.2,264,11,3262.1,81,4,3262.0,218,4,3261.9,58,2,3261.8,305,6,3262.7,39,3,3263.3,10,1,3263.4,50,1,3263.5,463,5,3263.6,22,1
11536,2025-12-30 13:52:11+05:30,3262.2,1,3253.07,1336601,112076.0,127129.0,3250.0,3267.5,3239.8,3251.5,46774700,3576.6,2926.4,4322.95,2866.6,3262.2,264,11,3262.1,81,4,3262.0,218,4,3261.9,58,2,3261.8,305,6,3262.7,39,3,3263.3,10,1,3263.4,50,1,3263.5,463,5,3263.6,22,1
11536,2025-12-30 13:52:12+05:30,3262.2,1,3253.07,1336604,111889.0,127132.0,3250.0,3267.5,3239.8,3251.5,46774700,3576.6,2926.4,4322.95,2866.6,3262.2,263,11,3262.1,81,4,3262.0,32,2,3261.9,58,2,3261.8,480,7,3262.7,37,3,3263.3,10,1,3263.4,50,1,3263.5,463,5,3263.6,22,1
11536,2025-12-30 13:52:12+05:30,3262.7,4,3253.07,1336604,111889.0,127132.0,3250.0,3267.5,3239.8,3251.5,46774700,3576.6,2926.4,4322.95,2866.6,3262.2,263,11,3262.1,81,4,3262.0,32,2,3261.9,58,2,3261.8,480,7,3262.7,37,3,3263.3,10,1,3263.4,50,1,3263.5,463,5,3263.6,22,1
11536,2025-12-30 13:52:13+05:30,3262.2,1,3253.07,1336612,111897.0,127088.0,3250.0,3267.5,3239.8,3251.5,46774700,3576.6,2926.4,4322.95,2866.6,3262.2,260,10,3262.1,81,4,3262.0,70,3,3261.9,58,2,3261.8,480,7,3262.7,31,3,3263.1,1,1,3263.3,10,1,3263.5,378,3,3263.6,22,1
11536,2025-12-30 13:52:13+05:30,3262.2,1,3253.07,1336612,111897.0,127088.0,3250.0,3267.5,3239.8,3251.5,46774700,3576.6,2926.4,4322.95,2866.6,3262.2,260,10,3262.1,81,4,3262.0,70,3,3261.9,58,2,3261.8,480,7,3262.7,31,3,3263.1,1,1,3263.3,10,1,3263.5,378,3,3263.6,22,1
11536,2025-12-30 13:52:14+05:30,3262.2,1,3253.07,1336612,112079.0,127087.0,3250.0,3267.5,3239.8,3251.5,46774700,3576.6,2926.4,4322.95,2866.6,3262.2,260,10,3262.1,81,4,3262.0,256,5,3261.9,58,2,3261.8,480,7,3262.7,31,3,3263.1,1,1,3263.3,10,1,3263.5,378,3,3263.6,22,1
11536,2025-12-30 13:52:14+05:30,3262.7,1,3253.07,1336612,112079.0,127087.0,3250.0,3267.5,3239.8,3251.5,46774700,3576.6,2926.4,4322.95,2866.6,3262.2,260,10,3262.1,81,4,3262.0,256,5,3261.9,58,2,3261.8,480,7,3262.7,31,3,3263.1,1,1,3263.3,10,1,3263.5,378,3,3263.6,22,1
11536,2025-12-30 13:52:15+05:30,3262.7,1,3253.07,1336613,112027.0,127117.0,3250.0,3267.5,3239.8,3251.5,46774700,3576.6,2926.4,4322.95,2866.6,3262.2,260,10,3262.1,81,4,3262.0,256,5,3261.9,58,2,3261.8,480,7,3262.7,30,3,3263.1,1,1,3263.3,10,1,3263.5,378,3,3263.6,22,1
11536,2025-12-30 13:52:15+05:30,3262.2,50,3253.07,1336613,112027.0,127117.0,3250.0,3267.5,3239.8,3251.5,46774700,3576.6,2926.4,4322.95,2866.6,3262.2,260,10,3262.1,81,4,3262.0,256,5,3261.9,58,2,3261.8,480,7,3262.7,30,3,3263.1,1,1,3263.3,10,1,3263.5,378,3,3263.6,22,1
11536,2025-12-30 13:52:16+05:30,3262.2,50,3253.07,1336763,112087.0,127252.0,3250.0,3267.5,3239.8,3251.5,46774700,3576.6,2926.4,4322.95,2866.6,3262.2,210,9,3262.1,81,4,3262.0,35,3,3261.9,58,2,3261.8,480,7,3262.7,30,1,3263.5,359,3,3263.6,82,2,3263.7,175,1,3263.8,62,3
11536,2025-12-30 13:52:16+05:30,3262.7,1,3253.07,1336763,112087.0,127252.0,3250.0,3267.5,3239.8,3251.5,46774700,3576.6,2926.4,4322.95,2866.6,3262.2,210,9,3262.1,81,4,3262.0,35,3,3261.9,58,2,3261.8,480,7,3262.7,30,1,3263.5,359,3,3263.6,82,2,3263.7,175,1,3263.8,62,3
11536,2025-12-30 13:52:17+05:30,3262.7,1,3253.07,1336864,111906.0,127830.0,3250.0,3267.5,3239.8,3251.5,46774700,3576.6,2926.4,4322.95,2866.6,3262.2,138,6,3262.1,81,4,3262.0,35,3,3261.9,12,1,3261.8,351,7,3262.7,29,1,3263.5,359,3,3263.6,120,3,3263.7,175,1,3263.8,62,3
11536,2025-12-30 13:52:17+05:30,3262.7,3,3253.07,1336864,111906.0,127830.0,3250.0,3267.5,3239.8,3251.5,46774700,3576.6,2926.4,4322.95,2866.6,3262.2,138,6,3262.1,81,4,3262.0,35,3,3261.9,12,1,3261.8,351,7,3262.7,29,1,3263.5,359,3,3263.6,120,3,3263.7,175,1,3263.8,62,3
11536,2025-12-30 13:52:18+05:30,3262.7,3,3253.07,1336868,112231.0,127826.0,3250.0,3267.5,3239.8,3251.5,46774700,3576.6,2926.4,4322.95,2866.6,3262.2,287,8,3262.1,81,4,3262.0,127,5,3261.9,58,2,3261.8,480,7,3262.7,26,1,3263.4,51,1,3263.5,359,3,3263.6,120,3,3263.7,175,1
11536,2025-12-30 13:52:18+05:30,3262.7,1,3253.07,1336868,112231.0,127826.0,3250.0,3267.5,3239.8,3251.5,46774700,3576.6,2926.4,4322.95,2866.6,3262.2,287,8,3262.1,81,4,3262.0,127,5,3261.9,58,2,3261.8,480,7,3262.7,26,1,3263.4,51,1,3263.5,359,3,3263.6,120,3,3263.7,175,1
11536,2025-12-30 13:52:19+05:30,3262.7,1,3253.07,1336919,112183.0,127822.0,3250.0,3267.5,3239.8,3251.5,46774700,3576.6,2926.4,4322.95,2866.6,3262.2,239,9,3262.1,81,4,3262.0,127,5,3261.9,58,2,3261.8,480,7,3262.7,25,1,3263.5,359,3,3263.6,120,3,3263.7,175,1,3263.8,62,3
11536,2025-12-30 13:52:19+05:30,3263.5,85,3253.07,1336919,112183.0,127822.0,3250.0,3267.5,3239.8,3251.5,46774700,3576.6,2926.4,4322.95,2866.6,3262.2,239,9,3262.1,81,4,3262.0,127,5,3261.9,58,2,3261.8,480,7,3262.7,25,1,3263.5,359,3,3263.6,120,3,3263.7,175,1,3263.8,62,3
11536,2025-12-30 13:52:20+05:30,3263.5,85,3253.07,1337038,113054.0,126731.0,3250.0,3267.5,3239.8,3251.5,46774700,3576.6,2926.4,4322.95,2866.6,3262.3,217,8,3262.2,359,8,3262.1,127,5,3262.0,528,10,3261.9,39,2,3262.9,30,1,3263.5,265,2,3263.7,175,1,3263.8,20,1,3263.9,53,2
11536,2025-12-30 13:52:20+05:30,3262.9,1,3253.07,1337038,113054.0,126731.0,3250.0,3267.5,3239.8,3251.5,46774700,3576.6,2926.4,4322.95,2866.6,3262.3,217,8,3262.2,359,8,3262.1,127,5,3262.0,528,10,3261.9,39,2,3262.9,30,1,3263.5,265,2,3263.7,175,1,3263.8,20,1,3263.9,53,2
11536,2025-12-30 13:52:21+05:30,3262.9,1,3253.07,1337041,112984.0,127292.0,3250.0,3267.5,3239.8,3251.5,46774700,3576.6,2926.4,4322.95,2866.6,3262.4,92,4,3262.3,106,4,3262.2,366,9,3262.1,127,5,3262.0,518,9,3262.6,30,1,3263.5,265,2,3263.6,20,1,3263.7,175,1,3263.8,20,1
11536,2025-12-30 13:52:22+05:30,3262.9,1,3253.07,1337041,113068.0,127292.0,3250.0,3267.5,3239.8,3251.5,46774700,3576.6,2926.4,4322.95,2866.6,3262.4,231,7,3262.3,106,4,3262.2,366,9,3262.1,127,5,3262.0,518,9,3262.6,30,1,3263.5,265,2,3263.6,20,1,3263.7,175,1,3263.8,20,1
11536,2025-12-30 13:52:23+05:30,3262.9,1,3253.07,1337041,113289.0,127363.0,3250.0,3267.5,3239.8,3251.5,46774700,3576.6,2926.4,4322.95,2866.6,3262.4,210,6,3262.3,85,3,3262.2,345,8,3262.1,81,4,3262.0,389,9,3262.6,30,1,3262.7,1,1,3263.5,265,2,3263.6,23,2,3263.7,213,2
11536,2025-12-30 13:52:23+05:30,3262.4,1,3253.07,1337041,113289.0,127363.0,3250.0,3267.5,3239.8,3251.5,46774700,3576.6,2926.4,4322.95,2866.6,3262.4,210,6,3262.3,85,3,3262.2,345,8,3262.1,81,4,3262.0,389,9,3262.6,30,1,3262.7,1,1,3263.5,265,2,3263.6,23,2,3263.7,213,2
11536,2025-12-30 13:52:24+05:30,3262.4,1,3253.07,1337042,112780.0,127355.0,3250.0,3267.5,3239.8,3251.5,46774700,3576.6,2926.4,4322.95,2866.6,3262.4,209,6,3262.3,85,3,3262.2,160,7,3262.1,80,3,3262.0,157,6,3262.6,30,1,3262.7,1,1,3263.5,265,2,3263.6,23,2,3263.7,213,2
11536,2025-12-30 13:52:25+05:30,3262.6,1,3253.07,1337043,112785.0,127387.0,3250.0,3267.5,3239.8,3251.5,46774700,3576.6,2926.4,4322.95,2866.6,3262.4,158,5,3262.3,6,1,3262.2,176,8,3262.1,139,5,3262.0,157,6,3262.6,60,2,3262.7,1,1,3263.5,265,2,3263.6,23,2,3263.7,213,2
11536,2025-12-30 13:52:25+05:30,3262.6,1,3253.07,1337043,112785.0,127387.0,3250.0,3267.5,3239.8,3251.5,46774700,3576.6,2926.4,4322.95,2866.6,3262.4,158,5,3262.3,6,1,3262.2,176,8,3262.1,139,5,3262.0,157,6,3262.6,60,2,3262.7,1,1,3263.5,265,2,3263.6,23,2,3263.7,213,2
11536,2025-12-30 13:52:26+05:30,3262.6,1,3253.07,1337043,112792.0,127385.0,3250.0,3267.5,3239.8,3251.5,46774700,3576.6,2926.4,4322.95,2866.6,3262.4,158,5,3262.3,6,1,3262.2,176,8,3262.1,139,5,3262.0,157,6,3262.6,60,2,3262.7,1,1,3263.5,265,2,3263.6,23,2,3263.7,213,2
11536,2025-12-30 13:52:27+05:30,3262.6,1,3253.07,1337043,113286.0,128056.0,3250.0,3267.5,3239.8,3251.5,46774700,3576.6,2926.4,4322.95,2866.6,3262.4,220,7,3262.3,6,1,3262.2,413,10,3262.1,133,5,3262.0,343,8,3262.6,60,2,3262.7,1,1,3263.5,265,2,3263.6,23,2,3263.7,213,2
11536,2025-12-30 13:52:27+05:30,3262.6,3,3253.07,1337043,113286.0,128056.0,3250.0,3267.5,3239.8,3251.5,46774700,3576.6,2926.4,4322.95,2866.6,3262.4,220,7,3262.3,6,1,3262.2,413,10,3262.1,133,5,3262.0,343,8,3262.6,60,2,3262.7,1,1,3263.5,265,2,3263.6,23,2,3263.7,213,2
11536,2025-12-30 13:52:29+05:30,3262.4,1,3253.07,1337043,113286.0,128056.0,3250.0,3267.5,3239.8,3251.5,46774700,3576.6,2926.4,4322.95,2866.6,3262.4,220,7,3262.3,6,1,3262.2,413,10,3262.1,133,5,3262.0,343,8,3262.6,60,2,3262.7,1,1,3263.5,265,2,3263.6,23,2,3263.7,213,2
11536,2025-12-30 13:52:31+05:30,3262.4,2,3253.07,1337061,112781.0,127312.0,3250.0,3267.5,3239.8,3251.5,46774700,3576.6,2926.4,4322.95,2866.6,3262.4,156,5,3262.3,6,1,3262.2,216,8,3262.1,140,4,3262.0,203,7,3262.6,68,3,3262.7,1,1,3263.5,265,2,3263.6,23,2,3263.7,213,2
11536,2025-12-30 13:52:32+05:30,3262.4,1,3253.07,1337061,112781.0,127312.0,3250.0,3267.5,3239.8,3251.5,46774700,3576.6,2926.4,4322.95,2866.6,3262.4,156,5,3262.3,6,1,3262.2,216,8,3262.1,140,4,3262.0,203,7,3262.6,68,3,3262.7,1,1,3263.5,265,2,3263.6,23,2,3263.7,213,2
11536,2025-12-30 13:52:35+05:30,3262.6,1,3253.07,1337086,113278.0,127883.0,3250.0,3267.5,3239.8,3251.5,46774700,3576.6,2926.4,4322.95,2866.6,3262.4,155,6,3262.3,67,3,3262.2,411,10,3262.1,133,5,3262.0,343,8,3262.6,45,2,3262.7,1,1,3263.5,265,2,3263.6,23,2,3263.7,213,2
11536,2025-12-30 13:52:35+05:30,3262.6,1,3253.07,1337086,113278.0,127883.0,3250.0,3267.5,3239.8,3251.5,46774700,3576.6,2926.4,4322.95,2866.6,3262.4,155,6,3262.3,67,3,3262.2,411,10,3262.1,133,5,3262.0,343,8,3262.6,45,2,3262.7,1,1,3263.5,265,2,3263.6,23,2,3263.7,213,2
11536,2025-12-30 13:52:39+05:30,3262.6,4,3253.07,1337086,113278.0,127883.0,3250.0,3267.5,3239.8,3251.5,46774700,3576.6,2926.4,4322.95,2866.6,3262.4,155,6,3262.3,67,3,3262.2,411,10,3262.1,133,5,3262.0,343,8,3262.6,45,2,3262.7,1,1,3263.5,265,2,3263.6,23,2,3263.7,213,2
11536,2025-12-30 13:52:40+05:30,3263.5,61,3253.07,1337193,112923.0,127706.0,3250.0,3267.5,3239.8,3251.5,46774700,3576.6,2926.4,4322.95,2866.6,3262.4,277,9,3262.3,60,2,3262.2,351,8,3262.1,126,4,3262.0,388,10,3262.5,153,2,3263.6,224,3,3263.7,38,1,3263.8,197,2,3263.9,53,2
11536,2025-12-30 13:52:43+05:30,3262.4,1,3253.07,1337193,112923.0,127706.0,3250.0,3267.5,3239.8,3251.5,46774700,3576.6,2926.4,4322.95,2866.6,3262.4,277,9,3262.3,60,2,3262.2,351,8,3262.1,126,4,3262.0,388,10,3262.5,153,2,3263.6,224,3,3263.7,38,1,3263.8,197,2,3263.9,53,2
11536,2025-12-30 13:52:44+05:30,3262.4,1,3253.07,1337240,113058.0,127593.0,3250.0,3267.5,3239.8,3251.5,46774700,3576.6,2926.4,4322.95,2866.6,3262.4,224,8,3262.3,63,3,3262.2,214,7,3262.1,126,4,3262.0,202,8,3262.5,108,1,3263.6,224,3,3263.7,38,1,3263.8,197,2,3263.9,53,2
11536,2025-12-30 13:52:47+05:30,3262.5,3,3253.07,1337240,113058.0,127593.0,3250.0,3267.5,3239.8,3251.5,46774700,3576.6,2926.4,4322.95,2866.6,3262.4,224,8,3262.3,63,3,3262.2,214,7,3262.1,126,4,3262.0,202,8,3262.5,108,1,3263.6,224,3,3263.7,38,1,3263.8,197,2,3263.9,53,2
11536,2025-12-30 13:52:49+05:30,3262.5,3,3253.07,1337252,113061.0,126870.0,3250.0,3267.5,3239.8,3251.5,46774700,3576.6,2926.4,4322.95,2866.6,3262.4,223,8,3262.3,60,2,3262.2,214,7,3262.1,132,5,3262.0,202,8,3262.5,97,1,3263.6,224,3,3263.7,38,1,3263.8,197,2,3263.9,105,3
11536,2025-12-30 13:52:51+05:30,3262.4,1,3253.07,1337252,113061.0,126870.0,3250.0,3267.5,3239.8,3251.5,46774700,3576.6,2926.4,4322.95,2866.6,3262.4,223,8,3262.3,60,2,3262.2,214,7,3262.1,132,5,3262.0,202,8,3262.5,97,1,3263.6,224,3,3263.7,38,1,3263.8,197,2,3263.9,105,3
11536,2025-12-30 13:52:53+05:30,3262.5,1,3253.07,1337257,113027.0,126978.0,3250.0,3267.5,3239.8,3251.5,46774700,3576.6,2926.4,4322.95,2866.6,3262.4,206,7,3262.3,60,2,3262.2,214,7,3262.1,132,5,3262.0,174,7,3262.5,93,1,3263.6,224,3,3263.7,38,1,3263.8,197,2,3263.9,53,2
11536,2025-12-30 13:52:55+05:30,3262.5,1,3253.07,1337257,113027.0,126978.0,3250.0,3267.5,3239.8,3251.5,46774700,3576.6,2926.4,4322.95,2866.6,3262.4,206,7,3262.3,60,2,3262.2,214,7,3262.1,132,5,3262.0,174,7,3262.5,93,1,3263.6,224,3,3263.7,38,1,3263.8,197,2,3263.9,53,2
11536,2025-12-30 13:52:58+05:30,3262.4,1,3253.07,1337269,112762.0,126967.0,3250.0,3267.5,3239.8,3251.5,46774700,3576.6,2926.4,4322.95,2866.6,3262.4,138,5,3262.3,60,2,3262.2,166,6,3262.1,86,4,3262.0,225,8,3262.5,128,3,3263.5,48,1,3263.6,224,3,3263.7,38,1,3263.8,199,3
11536,2025-12-30 13:52:59+05:30,3263.1,1,3253.07,1337269,112762.0,126967.0,3250.0,3267.5,3239.8,3251.5,46774700,3576.6,2926.4,4322.95,2866.6,3262.4,138,5,3262.3,60,2,3262.2,166,6,3262.1,86,4,3262.0,225,8,3262.5,128,3,3263.5,48,1,3263.6,224,3,3263.7,38,1,3263.8,199,3
11536,2025-12-30 13:53:01+05:30,3263.1,2,3253.07,1337269,112762.0,126967.0,3250.0,3267.5,3239.8,3251.5,46774700,3576.6,2926.4,4322.95,2866.6,3262.4,138,5,3262.3,60,2,3262.2,166,6,3262.1,86,4,3262.0,225,8,3262.5,128,3,3263.5,48,1,3263.6,224,3,3263.7,38,1,3263.8,199,3
11536,2025-12-30 13:53:02+05:30,3262.5,1,3253.08,1337826,113257.0,127203.0,3250.0,3267.5,3239.8,3251.5,46774700,3576.6,2926.4,4322.95,2866.6,3262.5,12,2,3262.4,185,8,3262.3,95,4,3262.2,250,9,3262.1,217,8,3263.1,124,2,3263.5,5,1,3263.9,127,4,3264.0,599,3,3264.1,391,4
11536,2025-12-30 13:53:05+05:30,3264.0,29,3253.08,1337826,113257.0,127203.0,3250.0,3267.5,3239.8,3251.5,46774700,3576.6,2926.4,4322.95,2866.6,3262.5,12,2,3262.4,185,8,3262.3,95,4,3262.2,250,9,3262.1,217,8,3263.1,124,2,3263.5,5,1,3263.9,127,4,3264.0,599,3,3264.1,391,4
11536,2025-12-30 13:53:07+05:30,3263.3,5,3253.08,1338005,114743.0,126568.0,3250.0,3267.5,3239.8,3251.5,46774700,3576.6,2926.4,4322.95,2866.6,3263.1,1,1,3262.6,260,5,3262.5,289,7,3262.4,448,13,3262.3,356,7,3263.3,118,1,3263.9,48,1,3264.0,549,2,3264.1,88,3,3264.2,371,3
11536,2025-12-30 13:53:09+05:30,3263.1,1,3253.08,1338005,114743.0,126568.0,3250.0,3267.5,3239.8,3251.5,46774700,3576.6,2926.4,4322.95,2866.6,3263.1,1,1,3262.6,260,5,3262.5,289,7,3262.4,448,13,3262.3,356,7,3263.3,118,1,3263.9,48,1,3264.0,549,2,3264.1,88,3,3264.2,371,3
11536,2025-12-30 13:53:11+05:30,3263.3,2,3253.08,1338013,113094.0,126617.0,3250.0,3267.5,3239.8,3251.5,46774700,3576.6,2926.4,4322.95,2866.6,3263.1,194,2,3263.0,16,1,3262.8,26,3,3262.7,50,2,3262.6,294,7,3263.3,111,1,3263.9,50,3,3264.0,549,2,3264.1,88,3,3264.2,372,4
11536,2025-12-30 13:53:12+05:30,3263.3,3,3253.08,1338013,113094.0,126617.0,3250.0,3267.5,3239.8,3251.5,46774700,3576.6,2926.4,4322.95,2866.6,3263.1,194,2,3263.0,16,1,3262.8,26,3,3262.7,50,2,3262.6,294,7,3263.3,111,1,3263.9,50,3,3264.0,549,2,3264.1,88,3,3264.2,372,4
11536,2025-12-30 13:53:15+05:30,3263.3,1,3253.08,1338013,113094.0,126617.0,3250.0,3267.5,3239.8,3251.5,46774700,3576.6,2926.4,4322.95,2866.6,3263.1,194,2,3263.0,16,1,3262.8,26,3,3262.7,50,2,3262.6,294,7,3263.3,111,1,3263.9,50,3,3264.0,549,2,3264.1,88,3,3264.2,372,4
11536,2025-12-30 13:53:16+05:30,3263.3,1,3253.08,1338168,111162.0,126572.0,3250.0,3267.5,3239.8,3251.5,46774700,3576.6,2926.4,4322.95,2866.6,3263.1,72,5,3262.8,9,2,3262.7,106,3,3262.6,25,2,3262.5,59,6,3263.3,154,2,3263.8,48,1,3263.9,38,3,3264.0,549,2,3264.1,41,2
11536,2025-12-30 13:53:17+05:30,3263.3,3,3253.08,1338168,111162.0,126572.0,3250.0,3267.5,3239.8,3251.5,46774700,3576.6,2926.4,4322.95,2866.6,3263.1,72,5,3262.8,9,2,3262.7,106,3,3262.6,25,2,3262.5,59,6,3263.3,154,2,3263.8,48,1,3263.9,38,3,3264.0,549,2,3264.1,41,2
11536,2025-12-30 13:53:20+05:30,3263.3,23,3253.08,1338195,111296.0,126549.0,3250.0,3267.5,3239.8,3251.5,46774700,3576.6,2926.4,4322.95,2866.6,3263.1,71,5,3263.0,5,1,3262.8,9,2,3262.7,50,2,3262.6,25,2,3263.3,142,3,3263.9,28,3,3264.0,549,2,3264.1,89,3,3264.2,398,5
11536,2025-12-30 13:53:21+05:30,3263.3,23,3253.08,1338195,111296.0,126549.0,3250.0,3267.5,3239.8,3251.5,46774700,3576.6,2926.4,4322.95,2866.6,3263.1,71,5,3263.0,5,1,3262.8,9,2,3262.7,50,2,3262.6,25,2,3263.3,142,3,3263.9,28,3,3264.0,549,2,3264.1,89,3,3264.2,398,5
11536,2025-12-30 13:53:24+05:30,3263.1,1,3253.08,1338195,111296.0,126549.0,3250.0,3267.5,3239.8,3251.5,46774700,3576.6,2926.4,4322.95,2866.6,3263.1,71,5,3263.0,5,1,3262.8,9,2,3262.7,50,2,3262.6,25,2,3263.3,142,3,3263.9,28,3,3264.0,549,2,3264.1,89,3,3264.2,398,5
11536,2025-12-30 13:53:25+05:30,3263.3,1,3253.08,1338200,112589.0,126471.0,3250.0,3267.5,3239.8,3251.5,46774700,3576.6,2926.4,4322.95,2866.6,3263.1,69,5,3263.0,5,1,3262.8,9,2,3262.7,50,2,3262.6,45,3,3263.3,139,3,3263.9,99,5,3264.0,549,2,3264.1,133,4,3264.2,398,5
11536,2025-12-30 13:53:27+05:30,3263.1,14,3253.08,1338200,112589.0,126471.0,3250.0,3267.5,3239.8,3251.5,46774700,3576.6,2926.4,4322.95,2866.6,3263.1,69,5,3263.0,5,1,3262.8,9,2,3262.7,50,2,3262.6,45,3,3263.3,139,3,3263.9,99,5,3264.0,549,2,3264.1,133,4,3264.2,398,5
11536,2025-12-30 13:53:29+05:30,3263.2,15,3253.08,1338200,112589.0,126471.0,3250.0,3267.5,3239.8,3251.5,46774700,3576.6,2926.4,4322.95,2866.6,3263.1,69,5,3263.0,5,1,3262.8,9,2,3262.7,50,2,3262.6,45,3,3263.3,139,3,3263.9,99,5,3264.0,549,2,3264.1,133,4,3264.2,398,5
11536,2025-12-30 13:53:30+05:30,3263.2,15,3253.08,1338732,111893.0,128212.0,3250.0,3267.5,3239.8,3251.5,46774700,3576.6,2926.4,4322.95,2866.6,3263.0,5,1,3262.8,1,1,3262.7,2,1,3262.6,25,2,3262.5,32,4,3263.3,135,4,3263.4,67,2,3263.5,484,5,3263.6,93,3,3263.7,373,6
11536,2025-12-30 13:53:32+05:30,3263.2,15,3253.08,1338732,111893.0,128212.0,3250.0,3267.5,3239.8,3251.5,46774700,3576.6,2926.4,4322.95,2866.6,3263.0,5,1,3262.8,1,1,3262.7,2,1,3262.6,25,2,3262.5,32,4,3263.3,135,4,3263.4,67,2,3263.5,484,5,3263.6,93,3,3263.7,373,6
11536,2025-12-30 13:53:33+05:30,3263.7,17,3253.08,1338732,111893.0,128212.0,3250.0,3267.5,3239.8,3251.5,46774700,3576.6,2926.4,4322.95,2866.6,3263.0,5,1,3262.8,1,1,3262.7,2,1,3262.6,25,2,3262.5,32,4,3263.3,135,4,3263.4,67,2,3263.5,484,5,3263.6,93,3,3263.7,373,6
11536,2025-12-30 13:53:34+05:30,3263.7,17,3253.09,1339487,112156.0,126713.0,3250.0,3267.5,3239.8,3251.5,46774700,3576.6,2926.4,4322.95,2866.6,3263.0,111,3,3262.8,1,1,3262.7,2,1,3262.6,25,2,3262.5,32,4,3263.5,375,3,3263.6,79,2,3263.7,194,2,3263.8,112,3,3263.9,167,7
11536,2025-12-30 13:53:34+05:30,3263.7,17,3253.09,1339487,112156.0,126713.0,3250.0,3267.5,3239.8,3251.5,46774700,3576.6,2926.4,4322.95,2866.6,3263.0,111,3,3262.8,1,1,3262.7,2,1,3262.6,25,2,3262.5,32,4,3263.5,375,3,3263.6,79,2,3263.7,194,2,3263.8,112,3,3263.9,167,7
11536,2025-12-30 13:53:36+05:30,3263.7,17,3253.09,1339487,112156.0,126713.0,3250.0,3267.5,3239.8,3251.5,46774700,3576.6,2926.4,4322.95,2866.6,3263.0,111,3,3262.8,1,1,3262.7,2,1,3262.6,25,2,3262.5,32,4,3263.5,375,3,3263.6,79,2,3263.7,194,2,3263.8,112,3,3263.9,167,7
11536,2025-12-30 13:53:36+05:30,3263.0,1,3253.09,1339487,112156.0,126713.0,3250.0,3267.5,3239.8,3251.5,46774700,3576.6,2926.4,4322.95,2866.6,3263.0,111,3,3262.8,1,1,3262.7,2,1,3262.6,25,2,3262.5,32,4,3263.5,375,3,3263.6,79,2,3263.7,194,2,3263.8,112,3,3263.9,167,7
11536,2025-12-30 13:53:37+05:30,3263.0,1,3253.09,1339487,112156.0,126713.0,3250.0,3267.5,3239.8,3251.5,46774700,3576.6,2926.4,4322.95,2866.6,3263.0,111,3,3262.8,1,1,3262.7,2,1,3262.6,25,2,3262.5,32,4,3263.5,375,3,3263.6,79,2,3263.7,194,2,3263.8,112,3,3263.9,167,7
11536,2025-12-30 13:53:38+05:30,3263.0,1,3253.09,1339487,112156.0,126713.0,3250.0,3267.5,3239.8,3251.5,46774700,3576.6,2926.4,4322.95,2866.6,3263.0,111,3,3262.8,1,1,3262.7,2,1,3262.6,25,2,3262.5,32,4,3263.5,375,3,3263.6,79,2,3263.7,194,2,3263.8,112,3,3263.9,167,7
11536,2025-12-30 13:53:38+05:30,3263.5,1,3253.09,1339542,112178.0,126791.0,3250.0,3267.5,3239.8,3251.5,46774700,3576.6,2926.4,4322.95,2866.6,3263.0,109,3,3262.8,1,1,3262.7,2,1,3262.6,25,2,3262.5,32,4,3263.5,476,5,3263.7,225,3,3263.8,78,3,3263.9,167,7,3264.0,626,5
11536,2025-12-30 13:53:39+05:30,3263.5,1,3253.09,1339542,112178.0,126791.0,3250.0,3267.5,3239.8,3251.5,46774700,3576.6,2926.4,4322.95,2866.6,3263.0,109,3,3262.8,1,1,3262.7,2,1,3262.6,25,2,3262.5,32,4,3263.5,476,5,3263.7,225,3,3263.8,78,3,3263.9,167,7,3264.0,626,5
11536,2025-12-30 13:53:39+05:30,3263.5,1,3253.09,1339542,112178.0,126791.0,3250.0,3267.5,3239.8,3251.5,46774700,3576.6,2926.4,4322.95,2866.6,3263.0,109,3,3262.8,1,1,3262.7,2,1,3262.6,25,2,3262.5,32,4,3263.5,476,5,3263.7,225,3,3263.8,78,3,3263.9,167,7,3264.0,626,5
11536,2025-12-30 13:53:40+05:30,3263.5,1,3253.09,1339542,112178.0,126791.0,3250.0,3267.5,3239.8,3251.5,46774700,3576.6,2926.4,4322.95,2866.6,3263.0,109,3,3262.8,1,1,3262.7,2,1,3262.6,25,2,3262.5,32,4,3263.5,476,5,3263.7,225,3,3263.8,78,3,3263.9,167,7,3264.0,626,5
11536,2025-12-30 13:53:41+05:30,3263.5,1,3253.09,1339542,112178.0,126791.0,3250.0,3267.5,3239.8,3251.5,46774700,3576.6,2926.4,4322.95,2866.6,3263.0,109,3,3262.8,1,1,3262.7,2,1,3262.6,25,2,3262.5,32,4,3263.5,476,5,3263.7,225,3,3263.8,78,3,3263.9,167,7,3264.0,626,5
11536,2025-12-30 13:53:42+05:30,3263.5,1,3253.09,1339542,112178.0,126791.0,3250.0,3267.5,3239.8,3251.5,46774700,3576.6,2926.4,4322.95,2866.6,3263.0,109,3,3262.8,1,1,3262.7,2,1,3262.6,25,2,3262.5,32,4,3263.5,476,5,3263.7,225,3,3263.8,78,3,3263.9,167,7,3264.0,626,5
11536,2025-12-30 13:53:43+05:30,3263.0,1,3253.09,1339542,112178.0,126791.0,3250.0,3267.5,3239.8,3251.5,46774700,3576.6,2926.4,4322.95,2866.6,3263.0,109,3,3262.8,1,1,3262.7,2,1,3262.6,25,2,3262.5,32,4,3263.5,476,5,3263.7,225,3,3263.8,78,3,3263.9,167,7,3264.0,626,5
11536,2025-12-30 13:53:43+05:30,3263.0,1,3253.1,1340147,112122.0,127179.0,3250.0,3267.5,3239.8,3251.5,46774700,3576.6,2926.4,4322.95,2866.6,3263.0,75,2,3262.4,24,1,3262.3,28,2,3262.2,227,7,3262.1,118,5,3263.5,344,2,3263.6,75,2,3263.7,194,2,3263.8,83,2,3263.9,127,6
11536,2025-12-30 13:53:43+05:30,3263.0,1,3253.1,1340147,112122.0,127179.0,3250.0,3267.5,3239.8,3251.5,46774700,3576.6,2926.4,4322.95,2866.6,3263.0,75,2,3262.4,24,1,3262.3,28,2,3262.2,227,7,3262.1,118,5,3263.5,344,2,3263.6,75,2,3263.7,194,2,3263.8,83,2,3263.9,127,6
11536,2025-12-30 13:53:45+05:30,3263.0,1,3253.1,1340147,112122.0,127179.0,3250.0,3267.5,3239.8,3251.5,46774700,3576.6,2926.4,4322.95,2866.6,3263.0,75,2,3262.4,24,1,3262.3,28,2,3262.2,227,7,3262.1,118,5,3263.5,344,2,3263.6,75,2,3263.7,194,2,3263.8,83,2,3263.9,127,6
11536,2025-12-30 13:53:46+05:30,3263.5,1,3253.1,1340147,112122.0,127179.0,3250.0,3267.5,3239.8,3251.5,46774700,3576.6,2926.4,4322.95,2866.6,3263.0,75,2,3262.4,24,1,3262.3,28,2,3262.2,227,7,3262.1,118,5,3263.5,344,2,3263.6,75,2,3263.7,194,2,3263.8,83,2,3263.9,127,6
11536,2025-12-30 13:53:47+05:30,3263.5,1,3253.1,1340147,112122.0,127179.0,3250.0,3267.5,3239.8,3251.5,46774700,3576.6,2926.4,4322.95,2866.6,3263.0,75,2,3262.4,24,1,3262.3,28,2,3262.2,227,7,3262.1,118,5,3263.5,344,2,3263.6,75,2,3263.7,194,2,3263.8,83,2,3263.9,127,6
11536,2025-12-30 13:53:47+05:30,3263.5,1,3253.1,1340149,111979.0,127148.0,3250.0,3267.5,3239.8,3251.5,46774700,3576.6,2926.4,4322.95,2866.6,3263.0,75,2,3262.4,24,1,3262.3,28,2,3262.2,227,7,3262.1,118,5,3263.5,356,3,3263.6,47,1,3263.7,194,2,3263.8,83,2,3263.9,127,6
11536,2025-12-30 13:53:49+05:30,3263.0,1,3253.1,1340149,111979.0,127148.0,3250.0,3267.5,3239.8,3251.5,46774700,3576.6,2926.4,4322.95,2866.6,3263.0,75,2,3262.4,24,1,3262.3,28,2,3262.2,227,7,3262.1,118,5,3263.5,356,3,3263.6,47,1,3263.7,194,2,3263.8,83,2,3263.9,127,6
11536,2025-12-30 13:53:49+05:30,3263.0,1,3253.1,1340149,111979.0,127148.0,3250.0,3267.5,3239.8,3251.5,46774700,3576.6,2926.4,4322.95,2866.6,3263.0,75,2,3262.4,24,1,3262.3,28,2,3262.2,227,7,3262.1,118,5,3263.5,356,3,3263.6,47,1,3263.7,194,2,3263.8,83,2,3263.9,127,6
11536,2025-12-30 13:53:50+05:30,3263.0,1,3253.1,1340149,111979.0,127148.0,3250.0,3267.5,3239.8,3251.5,46774700,3576.6,2926.4,4322.95,2866.6,3263.0,75,2,3262.4,24,1,3262.3,28,2,3262.2,227,7,3262.1,118,5,3263.5,356,3,3263.6,47,1,3263.7,194,2,3263.8,83,2,3263.9,127,6
11536,2025-12-30 13:53:52+05:30,3263.5,3,3253.1,1340149,111979.0,127148.0,3250.0,3267.5,3239.8,3251.5,46774700,3576.6,2926.4,4322.95,2866.6,3263.0,75,2,3262.4,24,1,3262.3,28,2,3262.2,227,7,3262.1,118,5,3263.5,356,3,3263.6,47,1,3263.7,194,2,3263.8,83,2,3263.9,127,6
11536,2025-12-30 13:53:52+05:30,3263.5,3,3253.1,1340149,111979.0,127148.0,3250.0,3267.5,3239.8,3251.5,46811800,3576.6,2926.4,4322.95,2866.6,3263.0,75,2,3262.4,24,1,3262.3,28,2,3262.2,227,7,3262.1,118,5,3263.5,356,3,3263.6,47,1,3263.7,194,2,3263.8,83,2,3263.9,127,6
11536,2025-12-30 13:53:52+05:30,3263.5,3,3253.1,1340178,112008.0,126944.0,3250.0,3267.5,3239.8,3251.5,46811800,3576.6,2926.4,4322.95,2866.6,3263.0,73,2,3262.4,24,1,3262.3,28,2,3262.2,227,7,3262.1,183,7,3263.5,329,3,3263.6,47,1,3263.7,194,2,3263.8,55,1,3263.9,127,6
11536,2025-12-30 13:53:54+05:30,3263.5,3,3253.1,1340178,112008.0,126944.0,3250.0,3267.5,3239.8,3251.5,46811800,3576.6,2926.4,4322.95,2866.6,3263.0,73,2,3262.4,24,1,3262.3,28,2,3262.2,227,7,3262.1,183,7,3263.5,329,3,3263.6,47,1,3263.7,194,2,3263.8,55,1,3263.9,127,6
11536,2025-12-30 13:53:55+05:30,3263.5,3,3253.1,1340178,112008.0,126944.0,3250.0,3267.5,3239.8,3251.5,46811800,3576.6,2926.4,4322.95,2866.6,3263.0,73,2,3262.4,24,1,3262.3,28,2,3262.2,227,7,3262.1,183,7,3263.5,329,3,3263.6,47,1,3263.7,194,2,3263.8,55,1,3263.9,127,6
11536,2025-12-30 13:53:56+05:30,3263.5,1,3253.1,1340208,112141.0,127084.0,3250.0,3267.5,3239.8,3251.5,46811800,3576.6,2926.4,4322.95,2866.6,3263.0,72,2,3262.6,3,1,3262.5,31,2,3262.4,24,1,3262.3,46,3,3263.5,300,3,3263.7,194,2,3263.9,138,6,3264.0,616,4,3264.1,98,2
11536,2025-12-30 13:53:58+05:30,3263.5,3,3253.1,1340208,112141.0,127084.0,3250.0,3267.5,3239.8,3251.5,46811800,3576.6,2926.4,4322.95,2866.6,3263.0,72,2,3262.6,3,1,3262.5,31,2,3262.4,24,1,3262.3,46,3,3263.5,300,3,3263.7,194,2,3263.9,138,6,3264.0,616,4,3264.1,98,2
11536,2025-12-30 13:54:00+05:30,3263.0,1,3253.1,1340890,112768.0,126668.0,3250.0,3267.5,3239.8,3251.5,46811800,3576.6,2926.4,4322.95,2866.6,3263.0,47,2,3262.6,214,3,3262.4,219,5,3262.3,31,3,3262.2,315,10,3263.6,175,1,3263.7,208,3,3263.8,46,1,3263.9,78,4,3264.0,710,7
11536,2025-12-30 13:54:01+05:30,3263.0,1,3253.1,1340890,112768.0,126668.0,3250.0,3267.5,3239.8,3251.5,46811800,3576.6,2926.4,4322.95,2866.6,3263.0,47,2,3262.6,214,3,3262.4,219,5,3262.3,31,3,3262.2,315,10,3263.6,175,1,3263.7,208,3,3263.8,46,1,3263.9,78,4,3264.0,710,7
11536,2025-12-30 13:54:04+05:30,3263.0,69,3253.1,1340890,112768.0,126668.0,3250.0,3267.5,3239.8,3251.5,46811800,3576.6,2926.4,4322.95,2866.6,3263.0,47,2,3262.6,214,3,3262.4,219,5,3262.3,31,3,3262.2,315,10,3263.6,175,1,3263.7,208,3,3263.8,46,1,3263.9,78,4,3264.0,710,7
11536,2025-12-30 13:54:05+05:30,3263.1,1,3253.1,1341000,111854.0,128672.0,3250.0,3267.5,3239.8,3251.5,46811800,3576.6,2926.4,4322.95,2866.6,3262.5,2,1,3262.4,159,2,3262.3,6,1,3262.2,233,8,3262.1,63,3,3263.1,348,2,3263.3,164,3,3263.4,55,1,3263.5,47,1,3263.6,21,1
11536,2025-12-30 13:54:07+05:30,3262.5,1,3253.1,1341000,111854.0,128672.0,3250.0,3267.5,3239.8,3251.5,46811800,3576.6,2926.4,4322.95,2866.6,3262.5,2,1,3262.4,159,2,3262.3,6,1,3262.2,233,8,3262.1,63,3,3263.1,348,2,3263.3,164,3,3263.4,55,1,3263.5,47,1,3263.6,21,1
11536,2025-12-30 13:54:09+05:30,3262.5,1,3253.1,1341001,111612.0,131627.0,3250.0,3267.5,3239.8,3251.5,46811800,3576.6,2926.4,4322.95,2866.6,3262.5,103,3,3262.4,3,1,3262.3,6,1,3262.2,47,6,3262.1,30,2,3263.1,452,5,3263.2,55,1,3263.3,154,2,3263.4,58,2,3263.5,34,1
11536,2025-12-30 13:54:11+05:30,3262.5,1,3253.1,1341001,111612.0,131627.0,3250.0,3267.5,3239.8,3251.5,46811800,3576.6,2926.4,4322.95,2866.6,3262.5,103,3,3262.4,3,1,3262.3,6,1,3262.2,47,6,3262.1,30,2,3263.1,452,5,3263.2,55,1,3263.3,154,2,3263.4,58,2,3263.5,34,1
11536,2025-12-30 13:54:14+05:30,3263.1,2,3253.1,1341025,111809.0,131200.0,3250.0,3267.5,3239.8,3251.5,46811800,3576.6,2926.4,4322.95,2866.6,3262.5,101,2,3262.4,3,1,3262.3,6,1,3262.2,47,6,3262.1,30,2,3263.1,418,5,3263.2,81,2,3263.3,154,2,3263.4,57,2,3263.5,34,1
11536,2025-12-30 13:54:15+05:30,3263.1,1,3253.1,1341025,111809.0,131200.0,3250.0,3267.5,3239.8,3251.5,46811800,3576.6,2926.4,4322.95,2866.6,3262.5,101,2,3262.4,3,1,3262.3,6,1,3262.2,47,6,3262.1,30,2,3263.1,418,5,3263.2,81,2,3263.3,154,2,3263.4,57,2,3263.5,34,1
11536,2025-12-30 13:54:18+05:30,3262.5,1,3253.1,1341025,111809.0,131200.0,3250.0,3267.5,3239.8,3251.5,46811800,3576.6,2926.4,4322.95,2866.6,3262.5,101,2,3262.4,3,1,3262.3,6,1,3262.2,47,6,3262.1,30,2,3263.1,418,5,3263.2,81,2,3263.3,154,2,3263.4,57,2,3263.5,34,1
11536,2025-12-30 13:54:18+05:30,3263.1,1,3253.1,1341029,111906.0,131051.0,3250.0,3267.5,3239.8,3251.5,46811800,3576.6,2926.4,4322.95,2866.6,3262.5,108,4,3262.4,13,2,3262.3,6,1,3262.2,47,6,3262.1,30,2,3263.1,368,4,3263.2,81,2,3263.3,154,2,3263.4,73,2,3263.5,34,1
11536,2025-12-30 13:54:21+05:30,3262.5,1,3253.1,1341029,111906.0,131051.0,3250.0,3267.5,3239.8,3251.5,46811800,3576.6,2926.4,4322.95,2866.6,3262.5,108,4,3262.4,13,2,3262.3,6,1,3262.2,47,6,3262.1,30,2,3263.1,368,4,3263.2,81,2,3263.3,154,2,3263.4,73,2,3263.5,34,1
11536,2025-12-30 13:54:23+05:30,3262.5,110,3253.1,1341326,111302.0,131527.0,3250.0,3267.5,3239.8,3251.5,46811800,3576.6,2926.4,4322.95,2866.6,3262.4,12,2,3262.3,6,1,3262.2,25,4,3262.1,47,3,3262.0,46,5,3262.5,108,2,3263.0,100,2,3263.1,368,4,3263.3,154,2,3263.4,23,2
11536,2025-12-30 13:54:24+05:30,3262.5,110,3253.1,1341326,111302.0,131527.0,3250.0,3267.5,3239.8,3251.5,46811800,3576.6,2926.4,4322.95,2866.6,3262.4,12,2,3262.3,6,1,3262.2,25,4,3262.1,47,3,3262.0,46,5,3262.5,108,2,3263.0,100,2,3263.1,368,4,3263.3,154,2,3263.4,23,2
11536,2025-12-30 13:54:27+05:30,3262.5,1,3253.1,1341326,111302.0,131527.0,3250.0,3267.5,3239.8,3251.5,46811800,3576.6,2926.4,4322.95,2866.6,3262.4,12,2,3262.3,6,1,3262.2,25,4,3262.1,47,3,3262.0,46,5,3262.5,108,2,3263.0,100,2,3263.1,368,4,3263.3,154,2,3263.4,23,2
11536,2025-12-30 13:54:27+05:30,3262.5,1,3253.1,1341328,111773.0,131600.0,3250.0,3267.5,3239.8,3251.5,46811800,3576.6,2926.4,4322.95,2866.6,3262.4,12,2,3262.3,22,2,3262.2,25,4,3262.1,42,4,3262.0,64,6,3262.5,168,5,3263.0,100,2,3263.1,324,2,3263.3,188,3,3263.4,21,1
11536,2025-12-30 13:54:30+05:30,3262.4,2,3253.1,1341328,111773.0,131600.0,3250.0,3267.5,3239.8,3251.5,46811800,3576.6,2926.4,4322.95,2866.6,3262.4,12,2,3262.3,22,2,3262.2,25,4,3262.1,42,4,3262.0,64,6,3262.5,168,5,3263.0,100,2,3263.1,324,2,3263.3,188,3,3263.4,21,1
11536,2025-12-30 13:54:31+05:30,3262.1,2,3253.11,1342311,108384.0,133023.0,3250.0,3267.5,3239.8,3251.5,46811800,3576.6,2926.4,4322.95,2866.6,3262.0,17,2,3261.6,27,2,3261.5,16,1,3261.3,3,1,3261.2,112,5,3262.1,2,1,3262.2,10,1,3262.3,10,1,3262.4,31,2,3262.5,402,2
11536,2025-12-30 13:54:33+05:30,3262.4,7,3253.11,1342311,108384.0,133023.0,3250.0,3267.5,3239.8,3251.5,46811800,3576.6,2926.4,4322.95,2866.6,3262.0,17,2,3261.6,27,2,3261.5,16,1,3261.3,3,1,3261.2,112,5,3262.1,2,1,3262.2,10,1,3262.3,10,1,3262.4,31,2,3262.5,402,2
11536,2025-12-30 13:54:36+05:30,3262.5,90,3253.11,1342311,108384.0,133023.0,3250.0,3267.5,3239.8,3251.5,46811800,3576.6,2926.4,4322.95,2866.6,3262.0,17,2,3261.6,27,2,3261.5,16,1,3261.3,3,1,3261.2,112,5,3262.1,2,1,3262.2,10,1,3262.3,10,1,3262.4,31,2,3262.5,402,2
11536,2025-12-30 13:54:36+05:30,3262.5,90,3253.11,1342470,111298.0,131990.0,3250.0,3267.5,3239.8,3251.5,46811800,3576.6,2926.4,4322.95,2866.6,3262.1,1,1,3262.0,63,3,3261.9,27,2,3261.8,71,3,3261.7,29,3,3262.5,310,1,3262.8,324,2,3263.0,184,2,3263.1,3,1,3263.2,25,3
11536,2025-12-30 13:54:39+05:30,3262.1,1,3253.11,1342470,111298.0,131990.0,3250.0,3267.5,3239.8,3251.5,46811800,3576.6,2926.4,4322.95,2866.6,3262.1,1,1,3262.0,63,3,3261.9,27,2,3261.8,71,3,3261.7,29,3,3262.5,310,1,3262.8,324,2,3263.0,184,2,3263.1,3,1,3263.2,25,3
11536,2025-12-30 13:54:40+05:30,3262.5,5,3253.11,1342481,111404.0,131846.0,3250.0,3267.5,3239.8,3251.5,46811800,3576.6,2926.4,4322.95,2866.6,3262.1,44,1,3262.0,63,3,3261.9,27,2,3261.8,71,3,3261.7,29,3,3262.5,314,2,3262.8,324,2,3263.0,229,3,3263.1,3,1,3263.2,52,4
11536,2025-12-30 13:54:42+05:30,3262.1,10,3253.11,1342481,111404.0,131846.0,3250.0,3267.5,3239.8,3251.5,46811800,3576.6,2926.4,4322.95,2866.6,3262.1,44,1,3262.0,63,3,3261.9,27,2,3261.8,71,3,3261.7,29,3,3262.5,314,2,3262.8,324,2,3263.0,229,3,3263.1,3,1,3263.2,52,4
11536,2025-12-30 13:54:44+05:30,3262.1,1,3253.11,1342499,111182.0,132121.0,3250.0,3267.5,3239.8,3251.5,46811800,3576.6,2926.4,4322.95,2866.6,3262.1,31,1,3262.0,63,3,3261.9,27,2,3261.8,26,2,3261.7,29,3,3262.5,329,3,3262.8,358,3,3262.9,98,2,3263.0,229,3,3263.2,83,5
11536,2025-12-30 13:54:45+05:30,3262.1,1,3253.11,1342499,111182.0,132121.0,3250.0,3267.5,3239.8,3251.5,46811800,3576.6,2926.4,4322.95,2866.6,3262.1,31,1,3262.0,63,3,3261.9,27,2,3261.8,26,2,3261.7,29,3,3262.5,329,3,3262.8,358,3,3262.9,98,2,3263.0,229,3,3263.2,83,5
11536,2025-12-30 13:54:48+05:30,3262.5,3,3253.11,1342499,111182.0,132121.0,3250.0,3267.5,3239.8,3251.5,46811800,3576.6,2926.4,4322.95,2866.6,3262.1,31,1,3262.0,63,3,3261.9,27,2,3261.8,26,2,3261.7,29,3,3262.5,329,3,3262.8,358,3,3262.9,98,2,3263.0,229,3,3263.2,83,5
11536,2025-12-30 13:54:48+05:30,3262.5,3,3253.11,1342511,111400.0,132534.0,3250.0,3267.5,3239.8,3251.5,46811800,3576.6,2926.4,4322.95,2866.6,3262.1,24,1,3262.0,63,3,3261.9,27,2,3261.8,26,2,3261.7,29,3,3262.5,324,3,3262.8,358,3,3262.9,98,2,3263.0,229,3,3263.2,52,4
11536,2025-12-30 13:54:50+05:30,3262.5,1188,3253.11,1342511,111400.0,132534.0,3250.0,3267.5,3239.8,3251.5,46811800,3576.6,2926.4,4322.95,2866.6,3262.1,24,1,3262.0,63,3,3261.9,27,2,3261.8,26,2,3261.7,29,3,3262.5,324,3,3262.8,358,3,3262.9,98,2,3263.0,229,3,3263.2,52,4
11536,2025-12-30 13:54:52+05:30,3262.5,3,3253.12,1344043,111388.0,132000.0,3250.0,3267.5,3239.8,3251.5,46811800,3576.6,2926.4,4322.95,2866.6,3262.1,7,1,3262.0,63,3,3261.9,142,5,3261.8,235,4,3261.7,18,2,3262.5,9,1,3262.8,324,2,3263.0,195,2,3263.2,49,3,3263.3,91,3
11536,2025-12-30 13:54:54+05:30,3262.5,3,3253.12,1344043,111388.0,132000.0,3250.0,3267.5,3239.8,3251.5,46811800,3576.6,2926.4,4322.95,2866.6,3262.1,7,1,3262.0,63,3,3261.9,142,5,3261.8,235,4,3261.7,18,2,3262.5,9,1,3262.8,324,2,3263.0,195,2,3263.2,49,3,3263.3,91,3
11536,2025-12-30 13:54:57+05:30,3262.1,1,3253.12,1344043,111388.0,132000.0,3250.0,3267.5,3239.8,3251.5,46811800,3576.6,2926.4,4322.95,2866.6,3262.1,7,1,3262.0,63,3,3261.9,142,5,3261.8,235,4,3261.7,18,2,3262.5,9,1,3262.8,324,2,3263.0,195,2,3263.2,49,3,3263.3,91,3
11536,2025-12-30 13:54:57+05:30,3262.1,1,3253.12,1344047,112381.0,131814.0,3250.0,3267.5,3239.8,3251.5,46811800,3576.6,2926.4,4322.95,2866.6,3262.1,175,8,3262.0,261,7,3261.9,118,5,3261.8,358,10,3261.7,205,4,3262.5,6,1,3263.0,45,1,3263.1,324,2,3263.2,20,1,3263.3,154,2
11536,2025-12-30 13:55:00+05:30,3262.1,22,3253.12,1344047,112381.0,131814.0,3250.0,3267.5,3239.8,3251.5,46811800,3576.6,2926.4,4322.95,2866.6,3262.1,175,8,3262.0,261,7,3261.9,118,5,3261.8,358,10,3261.7,205,4,3262.5,6,1,3263.0,45,1,3263.1,324,2,3263.2,20,1,3263.3,154,2
11536,2025-12-30 13:55:01+05:30,3262.1,1,3253.12,1344137,112049.0,131905.0,3250.0,3267.5,3239.8,3251.5,46811800,3576.6,2926.4,4322.95,2866.6,3262.1,121,8,3262.0,92,6,3261.9,90,4,3261.8,96,6,3261.7,106,5,3262.5,4,1,3263.0,45,1,3263.1,324,2,3263.2,20,1,3263.3,154,2
11536,2025-12-30 13:55:03+05:30,3261.8,49,3253.12,1344137,112049.0,131905.0,3250.0,3267.5,3239.8,3251.5,46811800,3576.6,2926.4,4322.95,2866.6,3262.1,121,8,3262.0,92,6,3261.9,90,4,3261.8,96,6,3261.7,106,5,3262.5,4,1,3263.0,45,1,3263.1,324,2,3263.2,20,1,3263.3,154,2
11536,2025-12-30 13:55:06+05:30,3262.1,6,3253.12,1344137,112049.0,131905.0,3250.0,3267.5,3239.8,3251.5,46811800,3576.6,2926.4,4322.95,2866.6,3262.1,121,8,3262.0,92,6,3261.9,90,4,3261.8,96,6,3261.7,106,5,3262.5,4,1,3263.0,45,1,3263.1,324,2,3263.2,20,1,3263.3,154,2
11536,2025-12-30 13:55:06+05:30,3262.1,6,3253.13,1345222,111994.0,130384.0,3250.0,3267.5,3239.8,3251.5,46811800,3576.6,2926.4,4322.95,2866.6,3262.1,123,5,3262.0,6,2,3261.9,52,1,3261.8,303,11,3261.7,238,6,3262.5,14,1,3263.0,35,1,3263.3,328,3,3263.4,21,1,3263.5,184,2
11536,2025-12-30 13:55:09+05:30,3261.9,17,3253.13,1345222,111994.0,130384.0,3250.0,3267.5,3239.8,3251.5,46811800,3576.6,2926.4,4322.95,2866.6,3262.1,123,5,3262.0,6,2,3261.9,52,1,3261.8,303,11,3261.7,238,6,3262.5,14,1,3263.0,35,1,3263.3,328,3,3263.4,21,1,3263.5,184,2
11536,2025-12-30 13:55:10+05:30,3261.9,17,3253.13,1345399,106555.0,132758.0,3250.0,3267.5,3239.8,3251.5,46811800,3576.6,2926.4,4322.95,2866.6,3261.8,29,4,3261.7,18,2,3261.6,68,5,3261.4,93,4,3261.3,3,1,3262.1,525,2,3262.5,13,1,3262.6,52,1,3262.7,358,3,3262.8,21,1
11536,2025-12-30 13:55:12+05:30,3262.1,1,3253.13,1345399,106555.0,132758.0,3250.0,3267.5,3239.8,3251.5,46811800,3576.6,2926.4,4322.95,2866.6,3261.8,29,4,3261.7,18,2,3261.6,68,5,3261.4,93,4,3261.3,3,1,3262.1,525,2,3262.5,13,1,3262.6,52,1,3262.7,358,3,3262.8,21,1
11536,2025-12-30 13:55:14+05:30,3262.1,1,3253.13,1345407,110374.0,131883.0,3250.0,3267.5,3239.8,3251.5,46811800,3576.6,2926.4,4322.95,2866.6,3261.8,89,6,3261.7,34,3,3261.6,56,5,3261.5,69,2,3261.4,280,6,3261.9,35,1,3262.1,532,3,3262.7,324,2,3262.8,21,1,3262.9,150,1
11536,2025-12-30 13:55:15+05:30,3262.1,1,3253.13,1345407,110374.0,131883.0,3250.0,3267.5,3239.8,3251.5,46811800,3576.6,2926.4,4322.95,2866.6,3261.8,89,6,3261.7,34,3,3261.6,56,5,3261.5,69,2,3261.4,280,6,3261.9,35,1,3262.1,532,3,3262.7,324,2,3262.8,21,1,3262.9,150,1
11536,2025-12-30 13:55:18+05:30,3262.1,124,3253.13,1345407,110374.0,131883.0,3250.0,3267.5,3239.8,3251.5,46811800,3576.6,2926.4,4322.95,2866.6,3261.8,89,6,3261.7,34,3,3261.6,56,5,3261.5,69,2,3261.4,280,6,3261.9,35,1,3262.1,532,3,3262.7,324,2,3262.8,21,1,3262.9,150,1
11536,2025-12-30 13:55:19+05:30,3262.1,1,3253.14,1347036,111985.0,129794.0,3250.0,3267.5,3239.8,3251.5,46811800,3576.6,2926.4,4322.95,2866.6,3262.1,311,3,3262.0,41,2,3261.9,69,3,3261.8,170,10,3261.7,95,5,3262.8,322,2,3263.0,185,2,3263.3,4,1,3263.4,34,1,3263.6,72,3
11536,2025-12-30 13:55:21+05:30,3262.8,1,3253.14,1347036,111985.0,129794.0,3250.0,3267.5,3239.8,3251.5,46811800,3576.6,2926.4,4322.95,2866.6,3262.1,311,3,3262.0,41,2,3261.9,69,3,3261.8,170,10,3261.7,95,5,3262.8,322,2,3263.0,185,2,3263.3,4,1,3263.4,34,1,3263.6,72,3
11536,2025-12-30 13:55:24+05:30,3262.1,1,3253.14,1347036,111985.0,129794.0,3250.0,3267.5,3239.8,3251.5,46811800,3576.6,2926.4,4322.95,2866.6,3262.1,311,3,3262.0,41,2,3261.9,69,3,3261.8,170,10,3261.7,95,5,3262.8,322,2,3263.0,185,2,3263.3,4,1,3263.4,34,1,3263.6,72,3
11536,2025-12-30 13:55:24+05:30,3262.1,1,3253.14,1347170,112382.0,129740.0,3250.0,3267.5,3239.8,3251.5,46811800,3576.6,2926.4,4322.95,2866.6,3262.1,464,7,3262.0,79,2,3261.9,220,5,3261.8,170,10,3261.7,59,5,3263.0,35,1,3263.1,189,2,3263.3,154,2,3263.4,20,1,3263.5,44,1
11536,2025-12-30 13:55:27+05:30,3262.1,1,3253.14,1347170,112382.0,129740.0,3250.0,3267.5,3239.8,3251.5,46811800,3576.6,2926.4,4322.95,2866.6,3262.1,464,7,3262.0,79,2,3261.9,220,5,3261.8,170,10,3261.7,59,5,3263.0,35,1,3263.1,189,2,3263.3,154,2,3263.4,20,1,3263.5,44,1
11536,2025-12-30 13:55:28+05:30,3262.1,3,3253.14,1347176,112634.0,129783.0,3250.0,3267.5,3239.8,3251.5,46811800,3576.6,2926.4,4322.95,2866.6,3262.1,457,8,3262.0,54,1,3261.9,79,2,3261.8,216,11,3261.7,93,5,3263.0,34,1,3263.1,189,2,3263.2,44,1,3263.3,154,2,3263.6,55,2
11536,2025-12-30 13:55:30+05:30,3262.1,1,3253.14,1347176,112634.0,129783.0,3250.0,3267.5,3239.8,3251.5,46811800,3576.6,2926.4,4322.95,2866.6,3262.1,457,8,3262.0,54,1,3261.9,79,2,3261.8,216,11,3261.7,93,5,3263.0,34,1,3263.1,189,2,3263.2,44,1,3263.3,154,2,3263.6,55,2
11536,2025-12-30 13:55:32+05:30,3262.1,14,3253.15,1348307,111714.0,130408.0,3250.0,3267.5,3239.8,3251.5,46811800,3576.6,2926.4,4322.95,2866.6,3262.1,35,3,3262.0,64,2,3261.9,54,1,3261.8,254,9,3261.7,67,4,3263.0,50,3,3263.1,189,2,3263.2,95,2,3263.3,188,3,3263.6,86,3
11536,2025-12-30 13:55:33+05:30,3262.1,14,3253.15,1348307,111714.0,130408.0,3250.0,3267.5,3239.8,3251.5,46811800,3576.6,2926.4,4322.95,2866.6,3262.1,35,3,3262.0,64,2,3261.9,54,1,3261.8,254,9,3261.7,67,4,3263.0,50,3,3263.1,189,2,3263.2,95,2,3263.3,188,3,3263.6,86,3
11536,2025-12-30 13:55:36+05:30,3262.1,1,3253.15,1348307,111714.0,130408.0,3250.0,3267.5,3239.8,3251.5,46811800,3576.6,2926.4,4322.95,2866.6,3262.1,35,3,3262.0,64,2,3261.9,54,1,3261.8,254,9,3261.7,67,4,3263.0,50,3,3263.1,189,2,3263.2,95,2,3263.3,188,3,3263.6,86,3
11536,2025-12-30 13:55:36+05:30,3262.1,1,3253.15,1348309,111732.0,130358.0,3250.0,3267.5,3239.8,3251.5,46811800,3576.6,2926.4,4322.95,2866.6,3262.1,34,3,3262.0,64,2,3261.9,54,1,3261.8,82,7,3261.7,21,3,3263.0,119,4,3263.1,35,1,3263.3,38,2,3263.4,65,2,3263.5,107,2
11536,2025-12-30 13:55:39+05:30,3263.0,7,3253.15,1348309,111732.0,130358.0,3250.0,3267.5,3239.8,3251.5,46811800,3576.6,2926.4,4322.95,2866.6,3262.1,34,3,3262.0,64,2,3261.9,54,1,3261.8,82,7,3261.7,21,3,3263.0,119,4,3263.1,35,1,3263.3,38,2,3263.4,65,2,3263.5,107,2
11536,2025-12-30 13:55:41+05:30,3262.1,1,3253.15,1348356,111889.0,130341.0,3250.0,3267.5,3239.8,3251.5,46811800,3576.6,2926.4,4322.95,2866.6,3262.1,10,3,3262.0,64,2,3261.9,54,1,3261.8,160,10,3261.7,21,3,3263.0,56,2,3263.2,42,1,3263.3,72,3,3263.4,33,2,3263.5,61,1
11536,2025-12-30 13:55:42+05:30,3262.1,1,3253.15,1348356,111889.0,130341.0,3250.0,3267.5,3239.8,3251.5,46811800,3576.6,2926.4,4322.95,2866.6,3262.1,10,3,3262.0,64,2,3261.9,54,1,3261.8,160,10,3261.7,21,3,3263.0,56,2,3263.2,42,1,3263.3,72,3,3263.4,33,2,3263.5,61,1
11536,2025-12-30 13:55:45+05:30,3262.1,1,3253.15,1348356,111889.0,130341.0,3250.0,3267.5,3239.8,3251.5,46811800,3576.6,2926.4,4322.95,2866.6,3262.1,10,3,3262.0,64,2,3261.9,54,1,3261.8,160,10,3261.7,21,3,3263.0,56,2,3263.2,42,1,3263.3,72,3,3263.4,33,2,3263.5,61,1
11536,2025-12-30 13:55:46+05:30,3263.2,5,3253.15,1348369,113226.0,129846.0,3250.0,3267.5,3239.8,3251.5,46811800,3576.6,2926.4,4322.95,2866.6,3263.0,1,1,3262.2,63,2,3262.1,105,6,3262.0,361,8,3261.9,332,5,3263.2,30,2,3263.3,4,1,3263.4,33,1,3263.5,42,1,3263.6,287,5
11536,2025-12-30 13:55:48+05:30,3261.6,17,3253.15,1348369,113226.0,129846.0,3250.0,3267.5,3239.8,3251.5,46811800,3576.6,2926.4,4322.95,2866.6,3263.0,1,1,3262.2,63,2,3262.1,105,6,3262.0,361,8,3261.9,332,5,3263.2,30,2,3263.3,4,1,3263.4,33,1,3263.5,42,1,3263.6,287,5
11536,2025-12-30 13:55:50+05:30,3261.1,1,3253.15,1348369,113226.0,129846.0,3250.0,3267.5,3239.8,3251.5,46811800,3576.6,2926.4,4322.95,2866.6,3263.0,1,1,3262.2,63,2,3262.1,105,6,3262.0,361,8,3261.9,332,5,3263.2,30,2,3263.3,4,1,3263.4,33,1,3263.5,42,1,3263.6,287,5
11536,2025-12-30 13:55:50+05:30,3261.1,1,3253.17,1350622,106829.0,133018.0,3250.0,3267.5,3239.8,3251.5,46811800,3576.6,2926.4,4322.95,2866.6,3261.0,3,1,3260.9,38,2,3260.7,6,1,3260.6,16,1,3260.5,16,1,3261.4,42,1,3261.5,49,1,3261.7,30,1,3261.8,30,1,3261.9,65,2
11536,2025-12-30 13:55:54+05:30,3261.4,32,3253.17,1350622,106829.0,133018.0,3250.0,3267.5,3239.8,3251.5,46811800,3576.6,2926.4,4322.95,2866.6,3261.0,3,1,3260.9,38,2,3260.7,6,1,3260.6,16,1,3260.5,16,1,3261.4,42,1,3261.5,49,1,3261.7,30,1,3261.8,30,1,3261.9,65,2
11536,2025-12-30 13:55:54+05:30,3261.4,32,3253.17,1350684,108594.0,132251.0,3250.0,3267.5,3239.8,3251.5,46811800,3576.6,2926.4,4322.95,2866.6,3260.9,29,3,3260.7,7,2,3260.6,26,3,3260.5,22,3,3260.4,467,7,3261.4,5,1,3261.8,48,1,3262.1,41,1,3262.2,115,5,3262.3,90,2
11536,2025-12-30 13:55:57+05:30,3261.4,7,3253.17,1350684,108594.0,132251.0,3250.0,3267.5,3239.8,3251.5,46811800,3576.6,2926.4,4322.95,2866.6,3260.9,29,3,3260.7,7,2,3260.6,26,3,3260.5,22,3,3260.4,467,7,3261.4,5,1,3261.8,48,1,3262.1,41,1,3262.2,115,5,3262.3,90,2
11536,2025-12-30 13:55:59+05:30,3260.3,6,3253.17,1351543,104084.0,132432.0,3250.0,3267.5,3239.8,3251.5,46811800,3576.6,2926.4,4322.95,2866.6,3260.3,23,4,3260.1,35,3,3260.0,147,24,3259.9,27,2,3259.8,269,6,3260.7,15,1,3260.8,10,1,3261.3,41,1,3261.5,61,1,3261.6,40,1
11536,2025-12-30 13:56:00+05:30,3260.3,6,3253.17,1351543,104084.0,132432.0,3250.0,3267.5,3239.8,3251.5,46811800,3576.6,2926.4,4322.95,2866.6,3260.3,23,4,3260.1,35,3,3260.0,147,24,3259.9,27,2,3259.8,269,6,3260.7,15,1,3260.8,10,1,3261.3,41,1,3261.5,61,1,3261.6,40,1
11536,2025-12-30 13:56:03+05:30,3260.2,46,3253.17,1351543,104084.0,132432.0,3250.0,3267.5,3239.8,3251.5,46811800,3576.6,2926.4,4322.95,2866.6,3260.3,23,4,3260.1,35,3,3260.0,147,24,3259.9,27,2,3259.8,269,6,3260.7,15,1,3260.8,10,1,3261.3,41,1,3261.5,61,1,3261.6,40,1
11536,2025-12-30 13:56:03+05:30,3259.6,3,3253.18,1352976,103680.0,133885.0,3250.0,3267.5,3239.8,3251.5,46811800,3576.6,2926.4,4322.95,2866.6,3259.6,12,2,3259.1,58,2,3259.0,255,10,3258.8,480,8,3258.7,229,3,3260.0,94,3,3260.1,10,1,3260.2,20,2,3260.6,72,2,3260.7,36,1
11536,2025-12-30 13:56:06+05:30,3260.4,2,3253.18,1352976,103680.0,133885.0,3250.0,3267.5,3239.8,3251.5,46811800,3576.6,2926.4,4322.95,2866.6,3259.6,12,2,3259.1,58,2,3259.0,255,10,3258.8,480,8,3258.7,229,3,3260.0,94,3,3260.1,10,1,3260.2,20,2,3260.6,72,2,3260.7,36,1
11536,2025-12-30 13:56:08+05:30,3259.6,5,3253.18,1353498,105358.0,132531.0,3250.0,3267.5,3239.8,3251.5,46811800,3576.6,2926.4,4322.95,2866.6,3259.6,24,5,3259.5,2,1,3259.4,29,2,3259.3,17,2,3259.2,262,8,3260.4,91,3,3260.5,39,1,3260.7,36,1,3260.8,47,4,3260.9,43,2
11536,2025-12-30 13:56:09+05:30,3259.6,5,3253.18,1353498,105358.0,132531.0,3250.0,3267.5,3239.8,3251.5,46811800,3576.6,2926.4,4322.95,2866.6,3259.6,24,5,3259.5,2,1,3259.4,29,2,3259.3,17,2,3259.2,262,8,3260.4,91,3,3260.5,39,1,3260.7,36,1,3260.8,47,4,3260.9,43,2
11536,2025-12-30 13:56:12+05:30,3259.2,1,3253.18,1353498,105358.0,132531.0,3250.0,3267.5,3239.8,3251.5,46811800,3576.6,2926.4,4322.95,2866.6,3259.6,24,5,3259.5,2,1,3259.4,29,2,3259.3,17,2,3259.2,262,8,3260.4,91,3,3260.5,39,1,3260.7,36,1,3260.8,47,4,3260.9,43,2
11536,2025-12-30 13:56:12+05:30,3259.2,1,3253.18,1354124,104762.0,133770.0,3250.0,3267.5,3239.8,3251.5,46811800,3576.6,2926.4,4322.95,2866.6,3259.2,20,3,3259.1,10,2,3259.0,25,3,3258.9,10,1,3258.8,15,1,3259.6,36,3,3259.7,43,1,3260.0,27,1,3260.2,27,1,3260.4,97,2
11536,2025-12-30 13:56:15+05:30,3259.1,1,3253.18,1354124,104762.0,133770.0,3250.0,3267.5,3239.8,3251.5,46811800,3576.6,2926.4,4322.95,2866.6,3259.2,20,3,3259.1,10,2,3259.0,25,3,3258.9,10,1,3258.8,15,1,3259.6,36,3,3259.7,43,1,3260.0,27,1,3260.2,27,1,3260.4,97,2
11536,2025-12-30 13:56:17+05:30,3259.2,175,3253.19,1356099,104993.0,132057.0,3250.0,3267.5,3239.8,3251.5,46811800,3576.6,2926.4,4322.95,2866.6,3259.1,11,3,3259.0,33,3,3258.8,18,2,3258.7,13,1,3258.6,46,4,3259.2,199,1,3259.6,4,1,3260.4,58,2,3260.6,21,1,3260.7,64,2
11536,2025-12-30 13:56:18+05:30,3258.6,4,3253.19,1356099,104993.0,132057.0,3250.0,3267.5,3239.8,3251.5,46811800,3576.6,2926.4,4322.95,2866.6,3259.1,11,3,3259.0,33,3,3258.8,18,2,3258.7,13,1,3258.6,46,4,3259.2,199,1,3259.6,4,1,3260.4,58,2,3260.6,21,1,3260.7,64,2
11536,2025-12-30 13:56:21+05:30,3258.6,1,3253.2,1357182,103534.0,133170.0,3250.0,3267.5,3239.8,3251.5,46811800,3576.6,2926.4,4322.95,2866.6,3258.6,28,5,3258.5,3,1,3258.4,25,2,3258.3,99,6,3258.2,108,4,3259.2,235,3,3259.3,36,1,3259.6,4,1,3260.0,23,2,3260.1,36,1
11536,2025-12-30 13:56:24+05:30,3258.6,9,3253.2,1357182,103534.0,133170.0,3250.0,3267.5,3239.8,3251.5,46811800,3576.6,2926.4,4322.95,2866.6,3258.6,28,5,3258.5,3,1,3258.4,25,2,3258.3,99,6,3258.2,108,4,3259.2,235,3,3259.3,36,1,3259.6,4,1,3260.0,23,2,3260.1,36,1
11536,2025-12-30 13:56:25+05:30,3259.2,19,3253.2,1357533,104886.0,132114.0,3250.0,3267.5,3239.8,3251.5,46811800,3576.6,2926.4,4322.95,2866.6,3258.4,158,8,3258.3,227,10,3258.2,436,9,3258.1,143,5,3258.0,565,9,3259.2,50,1,3259.6,4,1,3260.0,21,1,3260.2,21,1,3260.4,75,3
11536,2025-12-30 13:56:27+05:30,3258.4,1,3253.2,1357533,104886.0,132114.0,3250.0,3267.5,3239.8,3251.5,46811800,3576.6,2926.4,4322.95,2866.6,3258.4,158,8,3258.3,227,10,3258.2,436,9,3258.1,143,5,3258.0,565,9,3259.2,50,1,3259.6,4,1,3260.0,21,1,3260.2,21,1,3260.4,75,3
11536,2025-12-30 13:56:28+05:30,3259.2,17,3253.2,1357571,104864.0,131934.0,3250.0,3267.5,3239.8,3251.5,46811800,3576.6,2926.4,4322.95,2866.6,3258.5,107,6,3258.4,156,7,3258.3,114,7,3258.2,417,8,3258.1,143,5,3259.2,16,1,3259.6,4,1,3260.2,57,2,3260.4,75,3,3260.5,179,2
11536,2025-12-30 13:56:29+05:30,3259.2,3,3253.2,1357571,104864.0,131934.0,3250.0,3267.5,3239.8,3251.5,46811800,3576.6,2926.4,4322.95,2866.6,3258.5,107,6,3258.4,156,7,3258.3,114,7,3258.2,417,8,3258.1,143,5,3259.2,16,1,3259.6,4,1,3260.2,57,2,3260.4,75,3,3260.5,179,2
11536,2025-12-30 13:56:29+05:30,3259.2,3,3253.2,1357574,104870.0,131976.0,3250.0,3267.5,3239.8,3251.5,46811800,3576.6,2926.4,4322.95,2866.6,3258.5,107,6,3258.4,156,7,3258.3,114,7,3258.2,242,7,3258.1,318,6,3259.2,13,1,3259.6,4,1,3260.2,57,2,3260.4,75,3,3260.5,179,2
11536,2025-12-30 13:56:30+05:30,3259.2,3,3253.2,1357574,105056.0,131964.0,3250.0,3267.5,3239.8,3251.5,46811800,3576.6,2926.4,4322.95,2866.6,3258.5,107,6,3258.4,342,9,3258.3,114,7,3258.2,242,7,3258.1,318,6,3259.2,13,1,3259.6,4,1,3260.2,57,2,3260.4,75,3,3260.5,179,2
11536,2025-12-30 13:56:31+05:30,3259.2,1,3253.2,1357588,105735.0,131967.0,3250.0,3267.5,3239.8,3251.5,46811800,3576.6,2926.4,4322.95,2866.6,3258.7,24,1,3258.6,109,6,3258.5,84,4,3258.4,376,11,3258.3,243,7,3259.2,30,1,3259.6,4,1,3260.2,57,2,3260.4,75,3,3260.5,179,2
11536,2025-12-30 13:56:32+05:30,3258.7,1,3253.2,1357588,105735.0,131967.0,3250.0,3267.5,3239.8,3251.5,46811800,3576.6,2926.4,4322.95,2866.6,3258.7,24,1,3258.6,109,6,3258.5,84,4,3258.4,376,11,3258.3,243,7,3259.2,30,1,3259.6,4,1,3260.2,57,2,3260.4,75,3,3260.5,179,2
11536,2025-12-30 13:56:32+05:30,3259.2,7,3253.2,1357603,105509.0,132053.0,3250.0,3267.5,3239.8,3251.5,46811800,3576.6,2926.4,4322.95,2866.6,3258.7,23,1,3258.6,87,5,3258.5,68,3,3258.4,144,8,3258.3,289,8,3259.2,16,1,3259.6,4,1,3260.2,57,2,3260.4,75,3,3260.5,179,2
11536,2025-12-30 13:56:33+05:30,3258.3,21,3253.2,1357603,105509.0,132053.0,3250.0,3267.5,3239.8,3251.5,46811800,3576.6,2926.4,4322.95,2866.6,3258.7,23,1,3258.6,87,5,3258.5,68,3,3258.4,144,8,3258.3,289,8,3259.2,16,1,3259.6,4,1,3260.2,57,2,3260.4,75,3,3260.5,179,2
11536,2025-12-30 13:56:33+05:30,3258.3,21,3253.2,1358668,104291.0,131348.0,3250.0,3267.5,3239.8,3251.5,46811800,3576.6,2926.4,4322.95,2866.6,3258.3,141,6,3258.2,103,4,3258.1,54,4,3258.0,465,10,3257.9,119,6,3259.2,9,1,3259.6,4,1,3260.2,57,2,3260.3,87,2,3260.4,58,2
11536,2025-12-30 13:56:33+05:30,3258.3,21,3253.2,1358668,104291.0,131348.0,3250.0,3267.5,3239.8,3251.5,46811800,3576.6,2926.4,4322.95,2866.6,3258.3,141,6,3258.2,103,4,3258.1,54,4,3258.0,465,10,3257.9,119,6,3259.2,9,1,3259.6,4,1,3260.2,57,2,3260.3,87,2,3260.4,58,2
11536,2025-12-30 13:56:34+05:30,3259.2,1,3253.2,1358668,104291.0,131348.0,3250.0,3267.5,3239.8,3251.5,46811800,3576.6,2926.4,4322.95,2866.6,3258.3,141,6,3258.2,103,4,3258.1,54,4,3258.0,465,10,3257.9,119,6,3259.2,9,1,3259.6,4,1,3260.2,57,2,3260.3,87,2,3260.4,58,2
11536,2025-12-30 13:56:34+05:30,3259.2,1,3253.2,1358669,104319.0,131314.0,3250.0,3267.5,3239.8,3251.5,46811800,3576.6,2926.4,4322.95,2866.6,3258.3,118,5,3258.2,103,4,3258.1,76,6,3258.0,495,12,3257.9,128,7,3259.2,8,1,3259.6,4,1,3260.2,57,2,3260.3,87,2,3260.4,58,2
11536,2025-12-30 13:56:35+05:30,3259.2,1,3253.2,1358669,104319.0,131314.0,3250.0,3267.5,3239.8,3251.5,46811800,3576.6,2926.4,4322.95,2866.6,3258.3,118,5,3258.2,103,4,3258.1,76,6,3258.0,495,12,3257.9,128,7,3259.2,8,1,3259.6,4,1,3260.2,57,2,3260.3,87,2,3260.4,58,2
11536,2025-12-30 13:56:35+05:30,3259.2,1,3253.2,1358670,104642.0,131469.0,3250.0,3267.5,3239.8,3251.5,46811800,3576.6,2926.4,4322.95,2866.6,3258.3,233,8,3258.2,248,5,3258.1,137,7,3258.0,495,12,3257.9,128,7,3259.2,7,1,3259.6,4,1,3260.2,57,2,3260.3,87,2,3260.4,58,2
11536,2025-12-30 13:56:36+05:30,3259.2,1,3253.2,1358670,104642.0,131469.0,3250.0,3267.5,3239.8,3251.5,46811800,3576.6,2926.4,4322.95,2866.6,3258.3,233,8,3258.2,248,5,3258.1,137,7,3258.0,495,12,3257.9,128,7,3259.2,7,1,3259.6,4,1,3260.2,57,2,3260.3,87,2,3260.4,58,2
11536,2025-12-30 13:56:36+05:30,3259.2,1,3253.2,1358671,104598.0,131624.0,3250.0,3267.5,3239.8,3251.5,46811800,3576.6,2926.4,4322.95,2866.6,3258.3,233,8,3258.2,248,5,3258.1,137,7,3258.0,495,12,3257.9,118,6,3259.2,6,1,3259.6,4,1,3260.2,57,2,3260.3,87,2,3260.4,58,2
11536,2025-12-30 13:56:36+05:30,3259.2,1,3253.2,1358671,104598.0,131624.0,3250.0,3267.5,3239.8,3251.5,46811800,3576.6,2926.4,4322.95,2866.6,3258.3,233,8,3258.2,248,5,3258.1,137,7,3258.0,495,12,3257.9,118,6,3259.2,6,1,3259.6,4,1,3260.2,57,2,3260.3,87,2,3260.4,58,2
11536,2025-12-30 13:56:37+05:30,3259.2,1,3253.2,1358671,104598.0,131624.0,3250.0,3267.5,3239.8,3251.5,46811800,3576.6,2926.4,4322.95,2866.6,3258.3,233,8,3258.2,248,5,3258.1,137,7,3258.0,495,12,3257.9,118,6,3259.2,6,1,3259.6,4,1,3260.2,57,2,3260.3,87,2,3260.4,58,2
11536,2025-12-30 13:56:37+05:30,3259.2,1,3253.2,1358733,104496.0,132203.0,3250.0,3267.5,3239.8,3251.5,46811800,3576.6,2926.4,4322.95,2866.6,3258.3,130,5,3258.2,248,5,3258.1,180,8,3258.0,531,13,3257.9,81,4,3259.2,5,1,3259.6,4,1,3260.1,58,1,3260.2,87,3,3260.3,87,2
11536,2025-12-30 13:56:37+05:30,3259.2,1,3253.2,1358733,104496.0,132203.0,3250.0,3267.5,3239.8,3251.5,46811800,3576.6,2926.4,4322.95,2866.6,3258.3,130,5,3258.2,248,5,3258.1,180,8,3258.0,531,13,3257.9,81,4,3259.2,5,1,3259.6,4,1,3260.1,58,1,3260.2,87,3,3260.3,87,2
11536,2025-12-30 13:56:38+05:30,3259.2,4,3253.2,1358733,104496.0,132203.0,3250.0,3267.5,3239.8,3251.5,46811800,3576.6,2926.4,4322.95,2866.6,3258.3,130,5,3258.2,248,5,3258.1,180,8,3258.0,531,13,3257.9,81,4,3259.2,5,1,3259.6,4,1,3260.1,58,1,3260.2,87,3,3260.3,87,2
11536,2025-12-30 13:56:38+05:30,3259.2,4,3253.2,1358733,104496.0,132203.0,3250.0,3267.5,3239.8,3251.5,46811800,3576.6,2926.4,4322.95,2866.6,3258.3,130,5,3258.2,248,5,3258.1,180,8,3258.0,531,13,3257.9,81,4,3259.2,5,1,3259.6,4,1,3260.1,58,1,3260.2,87,3,3260.3,87,2
11536,2025-12-30 13:56:38+05:30,3259.3,1,3253.2,1358740,104229.0,132667.0,3250.0,3267.5,3239.8,3251.5,46811800,3576.6,2926.4,4322.95,2866.6,3258.3,267,5,3258.2,287,6,3258.1,71,5,3258.0,452,11,3257.9,7,2,3259.5,77,2,3259.6,14,2,3259.8,44,2,3259.9,61,2,3260.0,52,2
11536,2025-12-30 13:56:39+05:30,3258.3,30,3253.2,1358740,104229.0,132667.0,3250.0,3267.5,3239.8,3251.5,46811800,3576.6,2926.4,4322.95,2866.6,3258.3,267,5,3258.2,287,6,3258.1,71,5,3258.0,452,11,3257.9,7,2,3259.5,77,2,3259.6,14,2,3259.8,44,2,3259.9,61,2,3260.0,52,2
11536,2025-12-30 13:56:39+05:30,3258.3,30,3253.2,1358740,104229.0,132667.0,3250.0,3267.5,3239.8,3251.5,46811800,3576.6,2926.4,4322.95,2866.6,3258.3,267,5,3258.2,287,6,3258.1,71,5,3258.0,452,11,3257.9,7,2,3259.5,77,2,3259.6,14,2,3259.8,44,2,3259.9,61,2,3260.0,52,2
11536,2025-12-30 13:56:39+05:30,3258.3,30,3253.2,1358770,104265.0,132632.0,3250.0,3267.5,3239.8,3251.5,46811800,3576.6,2926.4,4322.95,2866.6,3258.3,223,4,3258.2,372,9,3258.1,85,6,3258.0,433,10,3257.9,182,3,3259.5,41,1,3259.6,14,2,3259.8,80,3,3259.9,61,2,3260.0,52,2
11536,2025-12-30 13:56:40+05:30,3258.3,30,3253.2,1358770,103998.0,132766.0,3250.0,3267.5,3239.8,3251.5,46811800,3576.6,2926.4,4322.95,2866.6,3258.3,223,4,3258.2,451,10,3258.1,85,6,3258.0,433,10,3257.9,182,3,3259.5,41,1,3259.6,14,2,3259.8,80,3,3259.9,61,2,3260.0,52,2
11536,2025-12-30 13:56:40+05:30,3258.3,30,3253.2,1358770,103998.0,132766.0,3250.0,3267.5,3239.8,3251.5,46811800,3576.6,2926.4,4322.95,2866.6,3258.3,223,4,3258.2,451,10,3258.1,85,6,3258.0,433,10,3257.9,182,3,3259.5,41,1,3259.6,14,2,3259.8,80,3,3259.9,61,2,3260.0,52,2
11536,2025-12-30 13:56:41+05:30,3258.3,8,3253.2,1358770,103998.0,132766.0,3250.0,3267.5,3239.8,3251.5,46811800,3576.6,2926.4,4322.95,2866.6,3258.3,223,4,3258.2,451,10,3258.1,85,6,3258.0,433,10,3257.9,182,3,3259.5,41,1,3259.6,14,2,3259.8,80,3,3259.9,61,2,3260.0,52,2
11536,2025-12-30 13:56:41+05:30,3259.5,7,3253.2,1358800,103095.0,132643.0,3250.0,3267.5,3239.8,3251.5,46811800,3576.6,2926.4,4322.95,2866.6,3258.3,211,3,3258.2,442,8,3258.1,85,6,3258.0,433,10,3257.9,182,3,3259.5,94,4,3259.6,4,1,3259.8,44,2,3259.9,89,3,3260.0,27,1
11536,2025-12-30 13:56:41+05:30,3259.5,7,3253.2,1358800,103095.0,132643.0,3250.0,3267.5,3239.8,3251.5,46811800,3576.6,2926.4,4322.95,2866.6,3258.3,211,3,3258.2,442,8,3258.1,85,6,3258.0,433,10,3257.9,182,3,3259.5,94,4,3259.6,4,1,3259.8,44,2,3259.9,89,3,3260.0,27,1
11536,2025-12-30 13:56:42+05:30,3259.5,7,3253.2,1358800,103095.0,132643.0,3250.0,3267.5,3239.8,3251.5,46811800,3576.6,2926.4,4322.95,2866.6,3258.3,211,3,3258.2,442,8,3258.1,85,6,3258.0,433,10,3257.9,182,3,3259.5,94,4,3259.6,4,1,3259.8,44,2,3259.9,89,3,3260.0,27,1
11536,2025-12-30 13:56:42+05:30,3259.5,7,3253.2,1358800,103095.0,132643.0,3250.0,3267.5,3239.8,3251.5,46811800,3576.6,2926.4,4322.95,2866.6,3258.3,211,3,3258.2,442,8,3258.1,85,6,3258.0,433,10,3257.9,182,3,3259.5,94,4,3259.6,4,1,3259.8,44,2,3259.9,89,3,3260.0,27,1
11536,2025-12-30 13:56:42+05:30,3259.5,4,3253.2,1358808,104418.0,132606.0,3250.0,3267.5,3239.8,3251.5,46811800,3576.6,2926.4,4322.95,2866.6,3258.3,324,8,3258.2,167,5,3258.1,71,5,3258.0,627,14,3257.9,7,2,3259.5,15,1,3259.6,4,1,3259.9,121,4,3260.0,5,1,3260.2,90,4
11536,2025-12-30 13:56:43+05:30,3258.3,1,3253.2,1358808,104418.0,132606.0,3250.0,3267.5,3239.8,3251.5,46811800,3576.6,2926.4,4322.95,2866.6,3258.3,324,8,3258.2,167,5,3258.1,71,5,3258.0,627,14,3257.9,7,2,3259.5,15,1,3259.6,4,1,3259.9,121,4,3260.0,5,1,3260.2,90,4
11536,2025-12-30 13:56:43+05:30,3258.3,1,3253.2,1358808,104418.0,132606.0,3250.0,3267.5,3239.8,3251.5,46811800,3576.6,2926.4,4322.95,2866.6,3258.3,324,8,3258.2,167,5,3258.1,71,5,3258.0,627,14,3257.9,7,2,3259.5,15,1,3259.6,4,1,3259.9,121,4,3260.0,5,1,3260.2,90,4
11536,2025-12-30 13:56:43+05:30,3258.3,1,3253.2,1358810,104592.0,132729.0,3250.0,3267.5,3239.8,3251.5,46811800,3576.6,2926.4,4322.95,2866.6,3258.3,340,9,3258.2,167,5,3258.1,71,5,3258.0,452,13,3257.9,182,3,3259.5,29,2,3259.6,4,1,3259.9,121,4,3260.0,5,1,3260.2,90,4
11536,2025-12-30 13:56:43+05:30,3258.3,1,3253.2,1358810,104592.0,132729.0,3250.0,3267.5,3239.8,3251.5,46811800,3576.6,2926.4,4322.95,2866.6,3258.3,340,9,3258.2,167,5,3258.1,71,5,3258.0,452,13,3257.9,182,3,3259.5,29,2,3259.6,4,1,3259.9,121,4,3260.0,5,1,3260.2,90,4
11536,2025-12-30 13:56:44+05:30,3258.4,15,3253.2,1358810,104592.0,132729.0,3250.0,3267.5,3239.8,3251.5,46811800,3576.6,2926.4,4322.95,2866.6,3258.3,340,9,3258.2,167,5,3258.1,71,5,3258.0,452,13,3257.9,182,3,3259.5,29,2,3259.6,4,1,3259.9,121,4,3260.0,5,1,3260.2,90,4
11536,2025-12-30 13:56:44+05:30,3258.4,15,3253.2,1358825,104605.0,131894.0,3250.0,3267.5,3239.8,3251.5,46811800,3576.6,2926.4,4322.95,2866.6,3258.4,278,5,3258.3,76,4,3258.2,371,9,3258.1,28,4,3258.0,600,13,3259.5,14,1,3259.6,4,1,3259.9,86,3,3260.0,5,1,3260.2,128,4
11536,2025-12-30 13:56:45+05:30,3258.4,15,3253.2,1358825,104605.0,131894.0,3250.0,3267.5,3239.8,3251.5,46811800,3576.6,2926.4,4322.95,2866.6,3258.4,278,5,3258.3,76,4,3258.2,371,9,3258.1,28,4,3258.0,600,13,3259.5,14,1,3259.6,4,1,3259.9,86,3,3260.0,5,1,3260.2,128,4
11536,2025-12-30 13:56:45+05:30,3259.5,1,3253.2,1358825,104605.0,131894.0,3250.0,3267.5,3239.8,3251.5,46811800,3576.6,2926.4,4322.95,2866.6,3258.4,278,5,3258.3,76,4,3258.2,371,9,3258.1,28,4,3258.0,600,13,3259.5,14,1,3259.6,4,1,3259.9,86,3,3260.0,5,1,3260.2,128,4
11536,2025-12-30 13:56:45+05:30,3259.5,1,3253.2,1358826,104708.0,131900.0,3250.0,3267.5,3239.8,3251.5,46811800,3576.6,2926.4,4322.95,2866.6,3258.4,358,6,3258.3,76,4,3258.2,371,9,3258.1,45,5,3258.0,425,12,3259.5,13,1,3259.6,4,1,3259.9,86,3,3260.0,5,1,3260.2,128,4
11536,2025-12-30 13:56:46+05:30,3259.5,1,3253.2,1358827,104886.0,131899.0,3250.0,3267.5,3239.8,3251.5,46811800,3576.6,2926.4,4322.95,2866.6,3258.4,358,6,3258.3,76,4,3258.2,371,9,3258.1,45,5,3258.0,425,12,3259.5,12,1,3259.6,4,1,3259.9,86,3,3260.0,5,1,3260.2,128,4
11536,2025-12-30 13:56:46+05:30,3259.5,1,3253.2,1358827,104886.0,131899.0,3250.0,3267.5,3239.8,3251.5,46811800,3576.6,2926.4,4322.95,2866.6,3258.4,358,6,3258.3,76,4,3258.2,371,9,3258.1,45,5,3258.0,425,12,3259.5,12,1,3259.6,4,1,3259.9,86,3,3260.0,5,1,3260.2,128,4
11536,2025-12-30 13:56:47+05:30,3259.5,1,3253.2,1358827,104886.0,131899.0,3250.0,3267.5,3239.8,3251.5,46811800,3576.6,2926.4,4322.95,2866.6,3258.4,358,6,3258.3,76,4,3258.2,371,9,3258.1,45,5,3258.0,425,12,3259.5,12,1,3259.6,4,1,3259.9,86,3,3260.0,5,1,3260.2,128,4
11536,2025-12-30 13:56:47+05:30,3259.5,1,3253.2,1358830,105110.0,131823.0,3250.0,3267.5,3239.8,3251.5,46811800,3576.6,2926.4,4322.95,2866.6,3258.5,305,7,3258.4,80,1,3258.3,76,4,3258.2,374,10,3258.1,45,5,3259.5,9,1,3259.6,4,1,3259.9,50,2,3260.0,41,2,3260.2,128,4
11536,2025-12-30 13:56:48+05:30,3258.1,6,3253.2,1358830,105110.0,131823.0,3250.0,3267.5,3239.8,3251.5,46811800,3576.6,2926.4,4322.95,2866.6,3258.5,305,7,3258.4,80,1,3258.3,76,4,3258.2,374,10,3258.1,45,5,3259.5,9,1,3259.6,4,1,3259.9,50,2,3260.0,41,2,3260.2,128,4
11536,2025-12-30 13:56:48+05:30,3258.1,6,3253.2,1358830,105110.0,131823.0,3250.0,3267.5,3239.8,3251.5,46811800,3576.6,2926.4,4322.95,2866.6,3258.5,305,7,3258.4,80,1,3258.3,76,4,3258.2,374,10,3258.1,45,5,3259.5,9,1,3259.6,4,1,3259.9,50,2,3260.0,41,2,3260.2,128,4
11536,2025-12-30 13:56:48+05:30,3258.1,6,3253.21,1359889,102525.0,132755.0,3250.0,3267.5,3239.8,3251.5,46811800,3576.6,2926.4,4322.95,2866.6,3258.2,299,7,3258.1,86,7,3258.0,453,12,3257.9,75,4,3257.8,447,7,3259.5,72,3,3259.6,14,2,3259.7,77,2,3259.8,27,1,3259.9,78,3
11536,2025-12-30 13:56:49+05:30,3259.5,11,3253.21,1359889,102525.0,132755.0,3250.0,3267.5,3239.8,3251.5,46811800,3576.6,2926.4,4322.95,2866.6,3258.2,299,7,3258.1,86,7,3258.0,453,12,3257.9,75,4,3257.8,447,7,3259.5,72,3,3259.6,14,2,3259.7,77,2,3259.8,27,1,3259.9,78,3
11536,2025-12-30 13:56:49+05:30,3259.5,11,3253.21,1359910,102911.0,132606.0,3250.0,3267.5,3239.8,3251.5,46811800,3576.6,2926.4,4322.95,2866.6,3258.3,108,4,3258.2,392,5,3258.1,109,8,3258.0,503,14,3257.9,85,5,3259.2,15,1,3259.6,4,1,3259.8,63,2,3259.9,85,3,3260.0,63,3
11536,2025-12-30 13:56:49+05:30,3259.5,11,3253.21,1359910,102911.0,132606.0,3250.0,3267.5,3239.8,3251.5,46811800,3576.6,2926.4,4322.95,2866.6,3258.3,108,4,3258.2,392,5,3258.1,109,8,3258.0,503,14,3257.9,85,5,3259.2,15,1,3259.6,4,1,3259.8,63,2,3259.9,85,3,3260.0,63,3
11536,2025-12-30 13:56:50+05:30,3258.3,9,3253.21,1359910,102911.0,132606.0,3250.0,3267.5,3239.8,3251.5,46811800,3576.6,2926.4,4322.95,2866.6,3258.3,108,4,3258.2,392,5,3258.1,109,8,3258.0,503,14,3257.9,85,5,3259.2,15,1,3259.6,4,1,3259.8,63,2,3259.9,85,3,3260.0,63,3
11536,2025-12-30 13:56:50+05:30,3259.2,2,3253.21,1359980,104401.0,132877.0,3250.0,3267.5,3239.8,3251.5,46811800,3576.6,2926.4,4322.95,2866.6,3258.5,210,3,3258.4,17,2,3258.3,59,2,3258.2,389,7,3258.1,107,7,3259.5,76,2,3259.6,32,2,3259.7,10,1,3259.8,36,1,3259.9,22,1
11536,2025-12-30 13:56:51+05:30,3258.8,3,3253.21,1359980,104401.0,132877.0,3250.0,3267.5,3239.8,3251.5,46811800,3576.6,2926.4,4322.95,2866.6,3258.5,210,3,3258.4,17,2,3258.3,59,2,3258.2,389,7,3258.1,107,7,3259.5,76,2,3259.6,32,2,3259.7,10,1,3259.8,36,1,3259.9,22,1
11536,2025-12-30 13:56:51+05:30,3258.8,3,3253.21,1359980,104401.0,132877.0,3250.0,3267.5,3239.8,3251.5,46811800,3576.6,2926.4,4322.95,2866.6,3258.5,210,3,3258.4,17,2,3258.3,59,2,3258.2,389,7,3258.1,107,7,3259.5,76,2,3259.6,32,2,3259.7,10,1,3259.8,36,1,3259.9,22,1
11536,2025-12-30 13:56:51+05:30,3259.9,3,3253.21,1360127,105548.0,132047.0,3250.0,3267.5,3239.8,3251.5,46811800,3576.6,2926.4,4322.95,2866.6,3258.6,73,4,3258.5,251,7,3258.4,263,5,3258.3,79,2,3258.2,405,8,3259.9,33,3,3260.0,5,1,3260.2,63,2,3260.4,127,4,3260.6,52,2
11536,2025-12-30 13:56:52+05:30,3259.9,3,3253.21,1360127,105548.0,132047.0,3250.0,3267.5,3239.8,3251.5,46811800,3576.6,2926.4,4322.95,2866.6,3258.6,73,4,3258.5,251,7,3258.4,263,5,3258.3,79,2,3258.2,405,8,3259.9,33,3,3260.0,5,1,3260.2,63,2,3260.4,127,4,3260.6,52,2
11536,2025-12-30 13:56:52+05:30,3260.2,15,3253.21,1360180,105546.0,131979.0,3250.0,3267.5,3239.8,3251.5,46811800,3576.6,2926.4,4322.95,2866.6,3258.6,272,6,3258.5,106,6,3258.4,222,4,3258.3,129,4,3258.2,405,8,3260.0,57,3,3260.2,73,3,3260.4,127,4,3260.6,52,2,3260.7,186,4
11536,2025-12-30 13:56:52+05:30,3260.2,15,3253.21,1360180,105546.0,131979.0,3250.0,3267.5,3239.8,3251.5,46805675,3576.6,2926.4,4322.95,2866.6,3258.6,272,6,3258.5,106,6,3258.4,222,4,3258.3,129,4,3258.2,405,8,3260.0,57,3,3260.2,73,3,3260.4,127,4,3260.6,52,2,3260.7,186,4
11536,2025-12-30 13:56:53+05:30,3260.0,3,3253.21,1360180,105546.0,131979.0,3250.0,3267.5,3239.8,3251.5,46805675,3576.6,2926.4,4322.95,2866.6,3258.6,272,6,3258.5,106,6,3258.4,222,4,3258.3,129,4,3258.2,405,8,3260.0,57,3,3260.2,73,3,3260.4,127,4,3260.6,52,2,3260.7,186,4
11536,2025-12-30 13:56:53+05:30,3260.0,3,3253.21,1360183,105548.0,131888.0,3250.0,3267.5,3239.8,3251.5,46805675,3576.6,2926.4,4322.95,2866.6,3258.6,272,6,3258.5,110,8,3258.4,222,4,3258.3,129,4,3258.2,408,9,3260.0,54,3,3260.2,73,3,3260.4,127,4,3260.6,52,2,3260.7,186,4
11536,2025-12-30 13:56:54+05:30,3260.0,3,3253.21,1360183,105513.0,132043.0,3250.0,3267.5,3239.8,3251.5,46805675,3576.6,2926.4,4322.95,2866.6,3258.6,265,5,3258.5,79,6,3258.4,223,4,3258.3,129,4,3258.2,410,9,3260.0,90,4,3260.2,73,3,3260.4,127,4,3260.5,3,1,3260.6,52,2
11536,2025-12-30 13:56:55+05:30,3260.0,1,3253.21,1360183,105513.0,132043.0,3250.0,3267.5,3239.8,3251.5,46805675,3576.6,2926.4,4322.95,2866.6,3258.6,265,5,3258.5,79,6,3258.4,223,4,3258.3,129,4,3258.2,410,9,3260.0,90,4,3260.2,73,3,3260.4,127,4,3260.5,3,1,3260.6,52,2
11536,2025-12-30 13:56:55+05:30,3260.0,1,3253.21,1360183,105513.0,132043.0,3250.0,3267.5,3239.8,3251.5,46805675,3576.6,2926.4,4322.95,2866.6,3258.6,265,5,3258.5,79,6,3258.4,223,4,3258.3,129,4,3258.2,410,9,3260.0,90,4,3260.2,73,3,3260.4,127,4,3260.5,3,1,3260.6,52,2
11536,2025-12-30 13:56:55+05:30,3260.0,1,3253.21,1360185,105620.0,131999.0,3250.0,3267.5,3239.8,3251.5,46805675,3576.6,2926.4,4322.95,2866.6,3258.6,347,8,3258.5,38,5,3258.4,223,4,3258.3,129,4,3258.2,410,9,3260.0,61,3,3260.2,48,2,3260.4,127,4,3260.6,52,2,3260.7,192,5
11536,2025-12-30 13:56:56+05:30,3260.0,1,3253.21,1360185,105620.0,131999.0,3250.0,3267.5,3239.8,3251.5,46805675,3576.6,2926.4,4322.95,2866.6,3258.6,347,8,3258.5,38,5,3258.4,223,4,3258.3,129,4,3258.2,410,9,3260.0,61,3,3260.2,48,2,3260.4,127,4,3260.6,52,2,3260.7,192,5
11536,2025-12-30 13:56:56+05:30,3258.8,1,3253.21,1360187,105872.0,132026.0,3250.0,3267.5,3239.8,3251.5,46805675,3576.6,2926.4,4322.95,2866.6,3258.8,320,8,3258.7,9,1,3258.6,224,4,3258.5,38,5,3258.4,256,5,3260.2,87,4,3260.3,23,1,3260.4,36,1,3260.6,21,1,3260.7,104,4
11536,2025-12-30 13:56:57+05:30,3258.8,1,3253.21,1360187,105872.0,132026.0,3250.0,3267.5,3239.8,3251.5,46805675,3576.6,2926.4,4322.95,2866.6,3258.8,320,8,3258.7,9,1,3258.6,224,4,3258.5,38,5,3258.4,256,5,3260.2,87,4,3260.3,23,1,3260.4,36,1,3260.6,21,1,3260.7,104,4
11536,2025-12-30 13:56:57+05:30,3258.8,4,3253.21,1360191,105852.0,132162.0,3250.0,3267.5,3239.8,3251.5,46805675,3576.6,2926.4,4322.95,2866.6,3258.8,224,3,3258.7,9,1,3258.6,224,4,3258.5,73,6,3258.4,256,5,3260.2,163,6,3260.3,23,1,3260.4,36,1,3260.5,31,1,3260.6,46,2
11536,2025-12-30 13:56:58+05:30,3258.8,2,3253.21,1360191,105852.0,132162.0,3250.0,3267.5,3239.8,3251.5,46805675,3576.6,2926.4,4322.95,2866.6,3258.8,224,3,3258.7,9,1,3258.6,224,4,3258.5,73,6,3258.4,256,5,3260.2,163,6,3260.3,23,1,3260.4,36,1,3260.5,31,1,3260.6,46,2
11536,2025-12-30 13:56:58+05:30,3258.8,5,3253.21,1360199,105865.0,132127.0,3250.0,3267.5,3239.8,3251.5,46805675,3576.6,2926.4,4322.95,2866.6,3258.8,65,5,3258.7,201,3,3258.6,224,4,3258.5,73,6,3258.4,256,5,3260.2,162,6,3260.3,23,1,3260.4,36,1,3260.5,31,1,3260.6,147,4
11536,2025-12-30 13:56:59+05:30,3258.8,5,3253.21,1360199,105865.0,132127.0,3250.0,3267.5,3239.8,3251.5,46805675,3576.6,2926.4,4322.95,2866.6,3258.8,65,5,3258.7,201,3,3258.6,224,4,3258.5,73,6,3258.4,256,5,3260.2,162,6,3260.3,23,1,3260.4,36,1,3260.5,31,1,3260.6,147,4
11536,2025-12-30 13:56:59+05:30,3260.2,7,3253.21,1360217,105864.0,132110.0,3250.0,3267.5,3239.8,3251.5,46805675,3576.6,2926.4,4322.95,2866.6,3258.8,65,5,3258.7,185,2,3258.6,240,5,3258.5,73,6,3258.4,256,5,3260.2,144,6,3260.3,23,1,3260.4,36,1,3260.5,31,1,3260.6,147,4
11536,2025-12-30 13:57:00+05:30,3258.8,1,3253.21,1360217,105864.0,132110.0,3250.0,3267.5,3239.8,3251.5,46805675,3576.6,2926.4,4322.95,2866.6,3258.8,65,5,3258.7,185,2,3258.6,240,5,3258.5,73,6,3258.4,256,5,3260.2,144,6,3260.3,23,1,3260.4,36,1,3260.5,31,1,3260.6,147,4
11536,2025-12-30 13:57:00+05:30,3258.8,1,3253.21,1360218,105842.0,132140.0,3250.0,3267.5,3239.8,3251.5,46805675,3576.6,2926.4,4322.95,2866.6,3258.8,64,5,3258.7,185,2,3258.6,219,4,3258.5,73,6,3258.4,256,5,3260.2,174,7,3260.3,23,1,3260.4,36,1,3260.5,31,1,3260.6,147,4
11536,2025-12-30 13:57:01+05:30,3260.2,1,3253.21,1360219,104478.0,132089.0,3250.0,3267.5,3239.8,3251.5,46805675,3576.6,2926.4,4322.95,2866.6,3258.8,64,5,3258.7,201,3,3258.6,203,3,3258.5,73,6,3258.4,256,5,3260.2,173,7,3260.3,23,1,3260.4,36,1,3260.5,31,1,3260.6,147,4
11536,2025-12-30 13:57:02+05:30,3260.2,1,3253.21,1360219,104478.0,132089.0,3250.0,3267.5,3239.8,3251.5,46805675,3576.6,2926.4,4322.95,2866.6,3258.8,64,5,3258.7,201,3,3258.6,203,3,3258.5,73,6,3258.4,256,5,3260.2,173,7,3260.3,23,1,3260.4,36,1,3260.5,31,1,3260.6,147,4
11536,2025-12-30 13:57:02+05:30,3260.2,1,3253.21,1360219,105909.0,132126.0,3250.0,3267.5,3239.8,3251.5,46805675,3576.6,2926.4,4322.95,2866.6,3258.8,83,6,3258.7,197,3,3258.6,223,4,3258.5,73,6,3258.4,276,6,3260.2,156,6,3260.4,36,1,3260.5,31,1,3260.6,176,5,3260.7,88,3
11536,2025-12-30 13:57:03+05:30,3258.5,2,3253.21,1360219,105909.0,132126.0,3250.0,3267.5,3239.8,3251.5,46805675,3576.6,2926.4,4322.95,2866.6,3258.8,83,6,3258.7,197,3,3258.6,223,4,3258.5,73,6,3258.4,276,6,3260.2,156,6,3260.4,36,1,3260.5,31,1,3260.6,176,5,3260.7,88,3
11536,2025-12-30 13:57:03+05:30,3258.5,2,3253.21,1361277,105193.0,132355.0,3250.0,3267.5,3239.8,3251.5,46805675,3576.6,2926.4,4322.95,2866.6,3258.6,159,7,3258.5,190,5,3258.4,222,4,3258.3,103,4,3258.2,626,11,3260.0,72,2,3260.2,80,4,3260.3,35,1,3260.4,57,2,3260.6,111,6
11536,2025-12-30 13:57:04+05:30,3258.6,1,3253.21,1361277,105193.0,132355.0,3250.0,3267.5,3239.8,3251.5,46805675,3576.6,2926.4,4322.95,2866.6,3258.6,159,7,3258.5,190,5,3258.4,222,4,3258.3,103,4,3258.2,626,11,3260.0,72,2,3260.2,80,4,3260.3,35,1,3260.4,57,2,3260.6,111,6
11536,2025-12-30 13:57:04+05:30,3258.6,1,3253.21,1361280,105373.0,132299.0,3250.0,3267.5,3239.8,3251.5,46805675,3576.6,2926.4,4322.95,2866.6,3258.6,148,6,3258.5,164,4,3258.4,243,5,3258.3,103,4,3258.2,634,12,3260.0,98,3,3260.1,41,1,3260.2,80,4,3260.3,61,1,3260.4,57,2
11536,2025-12-30 13:57:05+05:30,3260.0,1,3253.21,1361280,105373.0,132299.0,3250.0,3267.5,3239.8,3251.5,46805675,3576.6,2926.4,4322.95,2866.6,3258.6,148,6,3258.5,164,4,3258.4,243,5,3258.3,103,4,3258.2,634,12,3260.0,98,3,3260.1,41,1,3260.2,80,4,3260.3,61,1,3260.4,57,2
11536,2025-12-30 13:57:05+05:30,3260.0,1,3253.21,1361282,105997.0,132264.0,3250.0,3267.5,3239.8,3251.5,46805675,3576.6,2926.4,4322.95,2866.6,3258.6,155,7,3258.5,233,6,3258.4,222,4,3258.3,103,4,3258.2,634,12,3260.0,96,3,3260.1,41,1,3260.2,80,4,3260.3,61,1,3260.4,57,2
11536,2025-12-30 13:57:06+05:30,3258.6,1,3253.21,1361282,105997.0,132264.0,3250.0,3267.5,3239.8,3251.5,46805675,3576.6,2926.4,4322.95,2866.6,3258.6,155,7,3258.5,233,6,3258.4,222,4,3258.3,103,4,3258.2,634,12,3260.0,96,3,3260.1,41,1,3260.2,80,4,3260.3,61,1,3260.4,57,2
11536,2025-12-30 13:57:06+05:30,3258.6,1,3253.21,1361283,105965.0,132296.0,3250.0,3267.5,3239.8,3251.5,46805675,3576.6,2926.4,4322.95,2866.6,3258.6,123,6,3258.5,233,6,3258.4,222,4,3258.3,103,4,3258.2,634,12,3260.0,96,3,3260.1,41,1,3260.2,80,4,3260.3,61,1,3260.4,57,2
11536,2025-12-30 13:57:07+05:30,3258.6,1,3253.21,1361283,105976.0,132301.0,3250.0,3267.5,3239.8,3251.5,46805675,3576.6,2926.4,4322.95,2866.6,3258.6,116,5,3258.5,233,6,3258.4,222,4,3258.3,93,3,3258.2,634,12,3260.0,110,4,3260.1,41,1,3260.2,80,4,3260.3,61,1,3260.4,57,2
11536,2025-12-30 13:57:08+05:30,3259.5,7,3253.21,1361301,105876.0,133192.0,3250.0,3267.5,3239.8,3251.5,46805675,3576.6,2926.4,4322.95,2866.6,3258.6,1,1,3258.5,70,4,3258.4,20,1,3258.3,252,4,3258.2,262,5,3259.5,28,1,3259.6,73,2,3259.7,59,2,3259.8,62,2,3259.9,54,1
11536,2025-12-30 13:57:09+05:30,3259.5,7,3253.21,1361301,105876.0,133192.0,3250.0,3267.5,3239.8,3251.5,46805675,3576.6,2926.4,4322.95,2866.6,3258.6,1,1,3258.5,70,4,3258.4,20,1,3258.3,252,4,3258.2,262,5,3259.5,28,1,3259.6,73,2,3259.7,59,2,3259.8,62,2,3259.9,54,1
11536,2025-12-30 13:57:09+05:30,3258.8,3,3253.21,1361398,104304.0,133471.0,3250.0,3267.5,3239.8,3251.5,46805675,3576.6,2926.4,4322.95,2866.6,3258.6,1,1,3258.5,54,3,3258.4,206,3,3258.3,93,3,3258.2,361,7,3259.5,23,1,3259.6,76,2,3259.7,120,3,3259.8,154,5,3259.9,169,4
11536,2025-12-30 13:57:10+05:30,3258.8,3,3253.21,1361398,104304.0,133471.0,3250.0,3267.5,3239.8,3251.5,46805675,3576.6,2926.4,4322.95,2866.6,3258.6,1,1,3258.5,54,3,3258.4,206,3,3258.3,93,3,3258.2,361,7,3259.5,23,1,3259.6,76,2,3259.7,120,3,3259.8,154,5,3259.9,169,4
11536,2025-12-30 13:57:10+05:30,3258.8,3,3253.21,1361398,104275.0,133711.0,3250.0,3267.5,3239.8,3251.5,46805675,3576.6,2926.4,4322.95,2866.6,3258.6,1,1,3258.5,54,3,3258.4,206,3,3258.3,51,2,3258.2,310,5,3259.5,76,2,3259.6,10,1,3259.7,120,3,3259.8,121,3,3259.9,169,4
11536,2025-12-30 13:57:11+05:30,3258.6,1,3253.21,1361401,104291.0,133777.0,3250.0,3267.5,3239.8,3251.5,46805675,3576.6,2926.4,4322.95,2866.6,3258.6,1,1,3258.5,54,3,3258.4,20,1,3258.3,189,2,3258.2,310,5,3259.4,56,2,3259.5,64,2,3259.6,10,1,3259.7,120,3,3259.8,121,3
11536,2025-12-30 13:57:12+05:30,3258.6,1,3253.21,1361401,104291.0,133777.0,3250.0,3267.5,3239.8,3251.5,46805675,3576.6,2926.4,4322.95,2866.6,3258.6,1,1,3258.5,54,3,3258.4,20,1,3258.3,189,2,3258.2,310,5,3259.4,56,2,3259.5,64,2,3259.6,10,1,3259.7,120,3,3259.8,121,3
11536,2025-12-30 13:57:12+05:30,3259.4,2,3253.21,1361403,104292.0,133397.0,3250.0,3267.5,3239.8,3251.5,46805675,3576.6,2926.4,4322.95,2866.6,3258.6,1,1,3258.5,54,3,3258.4,20,1,3258.3,189,2,3258.2,329,6,3259.4,54,2,3259.5,105,4,3259.6,10,1,3259.7,36,1,3259.8,60,2
11536,2025-12-30 13:57:13+05:30,3259.4,3,3253.21,1361403,104292.0,133397.0,3250.0,3267.5,3239.8,3251.5,46805675,3576.6,2926.4,4322.95,2866.6,3258.6,1,1,3258.5,54,3,3258.4,20,1,3258.3,189,2,3258.2,329,6,3259.4,54,2,3259.5,105,4,3259.6,10,1,3259.7,36,1,3259.8,60,2
11536,2025-12-30 13:57:13+05:30,3259.4,3,3253.21,1361406,104090.0,133286.0,3250.0,3267.5,3239.8,3251.5,46805675,3576.6,2926.4,4322.95,2866.6,3258.5,81,5,3258.4,20,1,3258.2,212,4,3258.1,88,4,3258.0,473,14,3258.6,1,1,3259.5,41,2,3259.7,71,2,3259.8,60,3,3259.9,82,2
11536,2025-12-30 13:57:14+05:30,3258.5,6,3253.21,1361416,103690.0,133186.0,3250.0,3267.5,3239.8,3251.5,46805675,3576.6,2926.4,4322.95,2866.6,3258.5,75,5,3258.4,20,1,3258.2,32,3,3258.1,123,5,3258.0,252,11,3258.6,1,1,3259.5,41,2,3259.7,71,2,3259.8,60,3,3259.9,82,2
11536,2025-12-30 13:57:15+05:30,3258.6,1,3253.21,1361416,103690.0,133186.0,3250.0,3267.5,3239.8,3251.5,46805675,3576.6,2926.4,4322.95,2866.6,3258.5,75,5,3258.4,20,1,3258.2,32,3,3258.1,123,5,3258.0,252,11,3258.6,1,1,3259.5,41,2,3259.7,71,2,3259.8,60,3,3259.9,82,2
11536,2025-12-30 13:57:15+05:30,3258.6,1,3253.21,1361417,103918.0,132627.0,3250.0,3267.5,3239.8,3251.5,46805675,3576.6,2926.4,4322.95,2866.6,3258.5,48,3,3258.4,20,1,3258.3,150,1,3258.2,242,7,3258.1,131,5,3259.5,117,4,3259.6,10,1,3259.7,36,1,3259.8,40,2,3259.9,82,2
11536,2025-12-30 13:57:16+05:30,3258.5,1,3253.21,1361419,103898.0,133391.0,3250.0,3267.5,3239.8,3251.5,46805675,3576.6,2926.4,4322.95,2866.6,3258.5,47,3,3258.4,35,2,3258.3,150,1,3258.2,218,5,3258.1,139,6,3259.4,34,1,3259.5,82,3,3259.6,10,1,3259.7,36,1,3259.8,40,2
11536,2025-12-30 13:57:17+05:30,3258.5,1,3253.21,1361419,103898.0,133391.0,3250.0,3267.5,3239.8,3251.5,46805675,3576.6,2926.4,4322.95,2866.6,3258.5,47,3,3258.4,35,2,3258.3,150,1,3258.2,218,5,3258.1,139,6,3259.4,34,1,3259.5,82,3,3259.6,10,1,3259.7,36,1,3259.8,40,2
11536,2025-12-30 13:57:17+05:30,3259.4,3,3253.22,1362499,102746.0,133954.0,3250.0,3267.5,3239.8,3251.5,46805675,3576.6,2926.4,4322.95,2866.6,3258.2,104,6,3258.1,110,6,3258.0,360,10,3257.9,12,2,3257.8,299,6,3259.4,32,1,3259.5,100,4,3259.6,10,1,3259.8,37,1,3259.9,36,1
11536,2025-12-30 13:57:18+05:30,3259.4,3,3253.22,1362499,102746.0,133954.0,3250.0,3267.5,3239.8,3251.5,46805675,3576.6,2926.4,4322.95,2866.6,3258.2,104,6,3258.1,110,6,3258.0,360,10,3257.9,12,2,3257.8,299,6,3259.4,32,1,3259.5,100,4,3259.6,10,1,3259.8,37,1,3259.9,36,1
11536,2025-12-30 13:57:18+05:30,3259.4,3,3253.22,1362499,102920.0,133926.0,3250.0,3267.5,3239.8,3251.5,46805675,3576.6,2926.4,4322.95,2866.6,3258.2,104,6,3258.1,116,6,3258.0,360,10,3257.9,48,3,3257.8,299,6,3259.4,32,1,3259.5,75,3,3259.6,10,1,3259.8,37,1,3259.9,36,1
11536,2025-12-30 13:57:19+05:30,3259.4,11,3253.22,1362510,102997.0,133874.0,3250.0,3267.5,3239.8,3251.5,46805675,3576.6,2926.4,4322.95,2866.6,3258.2,70,5,3258.1,119,7,3258.0,360,10,3257.9,12,2,3257.8,325,7,3259.4,31,2,3259.5,75,3,3259.6,32,1,3259.8,37,1,3259.9,64,2
11536,2025-12-30 13:57:20+05:30,3259.4,11,3253.22,1362510,102997.0,133874.0,3250.0,3267.5,3239.8,3251.5,46805675,3576.6,2926.4,4322.95,2866.6,3258.2,70,5,3258.1,119,7,3258.0,360,10,3257.9,12,2,3257.8,325,7,3259.4,31,2,3259.5,75,3,3259.6,32,1,3259.8,37,1,3259.9,64,2
11536,2025-12-30 13:57:20+05:30,3259.4,1,3253.22,1362511,103007.0,134561.0,3250.0,3267.5,3239.8,3251.5,46805675,3576.6,2926.4,4322.95,2866.6,3258.2,70,5,3258.1,119,7,3258.0,360,10,3257.9,12,2,3257.8,325,7,3259.4,53,3,3259.5,75,3,3259.6,32,1,3259.8,37,1,3259.9,64,2
11536,2025-12-30 13:57:21+05:30,3259.4,1,3253.22,1362511,103007.0,134561.0,3250.0,3267.5,3239.8,3251.5,46805675,3576.6,2926.4,4322.95,2866.6,3258.2,70,5,3258.1,119,7,3258.0,360,10,3257.9,12,2,3257.8,325,7,3259.4,53,3,3259.5,75,3,3259.6,32,1,3259.8,37,1,3259.9,64,2
11536,2025-12-30 13:57:21+05:30,3259.4,1,3253.22,1362511,103186.0,134492.0,3250.0,3267.5,3239.8,3251.5,46805675,3576.6,2926.4,4322.95,2866.6,3258.2,122,6,3258.1,110,6,3258.0,459,12,3257.9,53,3,3257.8,325,7,3259.3,23,1,3259.4,53,3,3259.5,75,3,3259.6,32,1,3259.8,37,1
11536,2025-12-30 13:57:22+05:30,3259.3,1,3253.22,1362511,103186.0,134492.0,3250.0,3267.5,3239.8,3251.5,46805675,3576.6,2926.4,4322.95,2866.6,3258.2,122,6,3258.1,110,6,3258.0,459,12,3257.9,53,3,3257.8,325,7,3259.3,23,1,3259.4,53,3,3259.5,75,3,3259.6,32,1,3259.8,37,1
11536,2025-12-30 13:57:22+05:30,3258.2,1,3253.22,1362513,103337.0,134412.0,3250.0,3267.5,3239.8,3251.5,46805675,3576.6,2926.4,4322.95,2866.6,3258.2,164,8,3258.1,151,7,3258.0,437,11,3257.9,64,4,3257.8,325,7,3259.5,41,1,3259.6,32,1,3259.8,72,2,3259.9,36,1,3260.0,58,2
11536,2025-12-30 13:57:23+05:30,3258.2,1,3253.22,1362513,103337.0,134412.0,3250.0,3267.5,3239.8,3251.5,46805675,3576.6,2926.4,4322.95,2866.6,3258.2,164,8,3258.1,151,7,3258.0,437,11,3257.9,64,4,3257.8,325,7,3259.5,41,1,3259.6,32,1,3259.8,72,2,3259.9,36,1,3260.0,58,2
11536,2025-12-30 13:57:23+05:30,3258.2,1,3253.22,1362513,103295.0,134604.0,3250.0,3267.5,3239.8,3251.5,46805675,3576.6,2926.4,4322.95,2866.6,3258.2,121,6,3258.1,110,6,3258.0,437,11,3257.9,64,4,3257.8,544,10,3259.4,41,1,3259.5,58,2,3259.6,32,1,3259.8,37,1,3259.9,36,1
11536,2025-12-30 13:57:24+05:30,3258.2,3,3253.22,1362516,103271.0,134720.0,3250.0,3267.5,3239.8,3251.5,46805675,3576.6,2926.4,4322.95,2866.6,3258.2,118,6,3258.1,119,7,3258.0,437,11,3257.9,28,3,3257.8,334,8,3259.4,124,3,3259.5,33,2,3259.6,32,1,3259.8,37,1,3259.9,36,1
11536,2025-12-30 13:57:25+05:30,3259.4,1,3253.22,1362516,103271.0,134720.0,3250.0,3267.5,3239.8,3251.5,46805675,3576.6,2926.4,4322.95,2866.6,3258.2,118,6,3258.1,119,7,3258.0,437,11,3257.9,28,3,3257.8,334,8,3259.4,124,3,3259.5,33,2,3259.6,32,1,3259.8,37,1,3259.9,36,1
11536,2025-12-30 13:57:25+05:30,3259.4,1,3253.22,1362517,103207.0,134850.0,3250.0,3267.5,3239.8,3251.5,46805675,3576.6,2926.4,4322.95,2866.6,3258.2,86,4,3258.1,84,5,3258.0,416,10,3257.9,17,2,3257.8,334,8,3259.3,99,3,3259.4,107,3,3259.5,23,1,3259.6,32,1,3259.7,61,1
11536,2025-12-30 13:57:26+05:30,3259.1,7,3253.22,1362535,103618.0,134196.0,3250.0,3267.5,3239.8,3251.5,46805675,3576.6,2926.4,4322.95,2866.6,3258.2,118,5,3258.1,41,4,3258.0,307,12,3257.9,36,3,3257.8,285,6,3259.3,64,2,3259.4,94,3,3259.6,32,1,3259.7,96,2,3259.8,98,3
11536,2025-12-30 13:57:27+05:30,3259.1,7,3253.22,1362535,103618.0,134196.0,3250.0,3267.5,3239.8,3251.5,46805675,3576.6,2926.4,4322.95,2866.6,3258.2,118,5,3258.1,41,4,3258.0,307,12,3257.9,36,3,3257.8,285,6,3259.3,64,2,3259.4,94,3,3259.6,32,1,3259.7,96,2,3259.8,98,3
11536,2025-12-30 13:57:28+05:30,3258.3,3,3253.22,1362535,103618.0,134196.0,3250.0,3267.5,3239.8,3251.5,46805675,3576.6,2926.4,4322.95,2866.6,3258.2,118,5,3258.1,41,4,3258.0,307,12,3257.9,36,3,3257.8,285,6,3259.3,64,2,3259.4,94,3,3259.6,32,1,3259.7,96,2,3259.8,98,3
11536,2025-12-30 13:57:28+05:30,3258.3,3,3253.22,1362643,103956.0,135076.0,3250.0,3267.5,3239.8,3251.5,46805675,3576.6,2926.4,4322.95,2866.6,3258.3,110,6,3258.2,78,3,3258.1,70,6,3258.0,507,16,3257.9,69,5,3259.3,10,1,3259.4,43,2,3259.8,58,2,3260.0,61,4,3260.1,29,2
11536,2025-12-30 13:57:29+05:30,3258.3,1,3253.22,1362643,103956.0,135076.0,3250.0,3267.5,3239.8,3251.5,46805675,3576.6,2926.4,4322.95,2866.6,3258.3,110,6,3258.2,78,3,3258.1,70,6,3258.0,507,16,3257.9,69,5,3259.3,10,1,3259.4,43,2,3259.8,58,2,3260.0,61,4,3260.1,29,2
11536,2025-12-30 13:57:29+05:30,3259.3,1,3253.22,1362645,103938.0,135096.0,3250.0,3267.5,3239.8,3251.5,46805675,3576.6,2926.4,4322.95,2866.6,3258.3,99,5,3258.2,88,4,3258.1,60,5,3258.0,500,15,3257.9,69,5,3259.3,9,1,3259.4,43,2,3259.8,58,2,3260.0,88,5,3260.1,3,1
11536,2025-12-30 13:57:30+05:30,3259.1,1,3253.22,1362645,103938.0,135096.0,3250.0,3267.5,3239.8,3251.5,46805675,3576.6,2926.4,4322.95,2866.6,3258.3,99,5,3258.2,88,4,3258.1,60,5,3258.0,500,15,3257.9,69,5,3259.3,9,1,3259.4,43,2,3259.8,58,2,3260.0,88,5,3260.1,3,1
11536,2025-12-30 13:57:30+05:30,3259.1,1,3253.22,1362646,103936.0,135234.0,3250.0,3267.5,3239.8,3251.5,46805675,3576.6,2926.4,4322.95,2866.6,3258.3,21,3,3258.2,91,3,3258.1,152,8,3258.0,487,14,3257.9,108,5,3259.3,37,3,3259.4,43,2,3259.7,76,2,3259.8,59,2,3260.0,87,5
11536,2025-12-30 13:57:31+05:30,3259.4,10,3253.22,1362646,103936.0,135234.0,3250.0,3267.5,3239.8,3251.5,46805675,3576.6,2926.4,4322.95,2866.6,3258.3,21,3,3258.2,91,3,3258.1,152,8,3258.0,487,14,3257.9,108,5,3259.3,37,3,3259.4,43,2,3259.7,76,2,3259.8,59,2,3260.0,87,5
11536,2025-12-30 13:57:31+05:30,3259.3,2,3253.22,1362695,103996.0,135250.0,3250.0,3267.5,3239.8,3251.5,46805675,3576.6,2926.4,4322.95,2866.6,3258.3,124,6,3258.2,96,3,3258.1,165,8,3258.0,478,13,3257.9,108,5,3259.3,21,1,3259.4,33,2,3259.7,76,2,3259.8,59,2,3260.0,87,5
11536,2025-12-30 13:57:32+05:30,3259.3,1,3253.22,1362695,103996.0,135250.0,3250.0,3267.5,3239.8,3251.5,46805675,3576.6,2926.4,4322.95,2866.6,3258.3,124,6,3258.2,96,3,3258.1,165,8,3258.0,478,13,3257.9,108,5,3259.3,21,1,3259.4,33,2,3259.7,76,2,3259.8,59,2,3260.0,87,5
11536,2025-12-30 13:57:32+05:30,3259.3,1,3253.22,1362698,104053.0,135192.0,3250.0,3267.5,3239.8,3251.5,46805675,3576.6,2926.4,4322.95,2866.6,3258.3,141,7,3258.2,128,5,3258.1,173,9,3258.0,478,13,3257.9,144,6,3259.4,33,2,3259.7,41,1,3259.8,59,2,3260.0,121,6,3260.1,3,1
11536,2025-12-30 13:57:33+05:30,3258.0,2,3253.22,1362698,104053.0,135192.0,3250.0,3267.5,3239.8,3251.5,46805675,3576.6,2926.4,4322.95,2866.6,3258.3,141,7,3258.2,128,5,3258.1,173,9,3258.0,478,13,3257.9,144,6,3259.4,33,2,3259.7,41,1,3259.8,59,2,3260.0,121,6,3260.1,3,1
11536,2025-12-30 13:57:33+05:30,3258.0,2,3253.22,1363758,102865.0,135655.0,3250.0,3267.5,3239.8,3251.5,46805675,3576.6,2926.4,4322.95,2866.6,3258.1,19,1,3258.0,132,7,3257.9,115,6,3257.8,287,6,3257.7,124,7,3259.3,23,1,3259.4,44,3,3259.6,57,2,3259.7,41,1,3259.8,61,3
11536,2025-12-30 13:57:34+05:30,3258.1,1,3253.22,1363758,102865.0,135655.0,3250.0,3267.5,3239.8,3251.5,46805675,3576.6,2926.4,4322.95,2866.6,3258.1,19,1,3258.0,132,7,3257.9,115,6,3257.8,287,6,3257.7,124,7,3259.3,23,1,3259.4,44,3,3259.6,57,2,3259.7,41,1,3259.8,61,3
11536,2025-12-30 13:57:34+05:30,3258.1,1,3253.22,1363759,102812.0,135724.0,3250.0,3267.5,3239.8,3251.5,46805675,3576.6,2926.4,4322.95,2866.6,3258.1,18,1,3258.0,132,7,3257.9,105,5,3257.8,287,6,3257.7,124,7,3259.3,23,1,3259.4,105,5,3259.6,57,2,3259.7,41,1,3259.8,61,3
11536,2025-12-30 13:57:35+05:30,3259.1,2,3253.22,1363759,102812.0,135724.0,3250.0,3267.5,3239.8,3251.5,46805675,3576.6,2926.4,4322.95,2866.6,3258.1,18,1,3258.0,132,7,3257.9,105,5,3257.8,287,6,3257.7,124,7,3259.3,23,1,3259.4,105,5,3259.6,57,2,3259.7,41,1,3259.8,61,3
11536,2025-12-30 13:57:35+05:30,3259.1,4,3253.22,1363766,102904.0,136406.0,3250.0,3267.5,3239.8,3251.5,46805675,3576.6,2926.4,4322.95,2866.6,3258.0,64,4,3257.9,46,3,3257.8,296,7,3257.7,124,7,3257.6,338,9,3259.1,63,4,3259.2,103,3,3259.3,47,2,3259.4,57,3,3259.6,59,3
11536,2025-12-30 13:57:36+05:30,3259.1,8,3253.22,1363766,102904.0,136406.0,3250.0,3267.5,3239.8,3251.5,46805675,3576.6,2926.4,4322.95,2866.6,3258.0,64,4,3257.9,46,3,3257.8,296,7,3257.7,124,7,3257.6,338,9,3259.1,63,4,3259.2,103,3,3259.3,47,2,3259.4,57,3,3259.6,59,3
11536,2025-12-30 13:57:36+05:30,3259.1,8,3253.22,1363782,102975.0,136381.0,3250.0,3267.5,3239.8,3251.5,46805675,3576.6,2926.4,4322.95,2866.6,3258.1,6,1,3258.0,64,4,3257.9,46,3,3257.8,336,8,3257.7,151,8,3259.1,67,6,3259.2,65,2,3259.3,47,2,3259.4,57,3,3259.6,59,3
11536,2025-12-30 13:57:37+05:30,3258.5,25,3253.22,1363782,102975.0,136381.0,3250.0,3267.5,3239.8,3251.5,46805675,3576.6,2926.4,4322.95,2866.6,3258.1,6,1,3258.0,64,4,3257.9,46,3,3257.8,336,8,3257.7,151,8,3259.1,67,6,3259.2,65,2,3259.3,47,2,3259.4,57,3,3259.6,59,3
11536,2025-12-30 13:57:37+05:30,3258.9,3,3253.22,1363810,103111.0,136096.0,3250.0,3267.5,3239.8,3251.5,46805675,3576.6,2926.4,4322.95,2866.6,3258.0,220,5,3257.9,65,4,3257.8,287,6,3257.7,141,7,3257.6,362,10,3258.9,54,2,3259.0,40,1,3259.1,58,6,3259.4,47,2,3259.5,35,1
11536,2025-12-30 13:57:38+05:30,3258.9,5,3253.22,1363810,103111.0,136096.0,3250.0,3267.5,3239.8,3251.5,46805675,3576.6,2926.4,4322.95,2866.6,3258.0,220,5,3257.9,65,4,3257.8,287,6,3257.7,141,7,3257.6,362,10,3258.9,54,2,3259.0,40,1,3259.1,58,6,3259.4,47,2,3259.5,35,1
11536,2025-12-30 13:57:38+05:30,3258.9,5,3253.22,1363815,103414.0,136119.0,3250.0,3267.5,3239.8,3251.5,46805675,3576.6,2926.4,4322.95,2866.6,3258.0,59,4,3257.9,65,4,3257.8,241,5,3257.7,153,8,3257.6,423,12,3258.9,23,3,3259.0,63,2,3259.1,58,6,3259.3,34,1,3259.4,47,2
11536,2025-12-30 13:57:39+05:30,3258.0,1,3253.22,1363816,103443.0,136129.0,3250.0,3267.5,3239.8,3251.5,46805675,3576.6,2926.4,4322.95,2866.6,3258.0,58,4,3257.9,65,4,3257.8,211,4,3257.7,153,8,3257.6,423,12,3258.9,23,3,3259.0,63,2,3259.1,58,6,3259.3,34,1,3259.4,47,2
11536,2025-12-30 13:57:40+05:30,3258.0,1,3253.22,1363816,103443.0,136129.0,3250.0,3267.5,3239.8,3251.5,46805675,3576.6,2926.4,4322.95,2866.6,3258.0,58,4,3257.9,65,4,3257.8,211,4,3257.7,153,8,3257.6,423,12,3258.9,23,3,3259.0,63,2,3259.1,58,6,3259.3,34,1,3259.4,47,2
11536,2025-12-30 13:57:40+05:30,3258.9,15,3253.22,1363831,103443.0,136104.0,3250.0,3267.5,3239.8,3251.5,46805675,3576.6,2926.4,4322.95,2866.6,3258.0,58,4,3257.9,65,4,3257.8,211,4,3257.7,153,8,3257.6,459,13,3258.9,8,2,3259.0,63,2,3259.1,58,6,3259.3,34,1,3259.4,47,2
11536,2025-12-30 13:57:41+05:30,3258.9,15,3253.22,1363831,103443.0,136104.0,3250.0,3267.5,3239.8,3251.5,46805675,3576.6,2926.4,4322.95,2866.6,3258.0,58,4,3257.9,65,4,3257.8,211,4,3257.7,153,8,3257.6,459,13,3258.9,8,2,3259.0,63,2,3259.1,58,6,3259.3,34,1,3259.4,47,2
11536,2025-12-30 13:57:42+05:30,3258.9,1,3253.22,1363832,103440.0,136102.0,3250.0,3267.5,3239.8,3251.5,46805675,3576.6,2926.4,4322.95,2866.6,3258.0,58,4,3257.9,65,4,3257.8,211,4,3257.7,153,8,3257.6,423,12,3258.9,7,2,3259.0,96,3,3259.1,58,6,3259.4,47,2,3259.5,35,1
11536,2025-12-30 13:57:42+05:30,3258.9,1,3253.22,1363832,103440.0,136102.0,3250.0,3267.5,3239.8,3251.5,46805675,3576.6,2926.4,4322.95,2866.6,3258.0,58,4,3257.9,65,4,3257.8,211,4,3257.7,153,8,3257.6,423,12,3258.9,7,2,3259.0,96,3,3259.1,58,6,3259.4,47,2,3259.5,35,1
11536,2025-12-30 13:57:43+05:30,3258.9,1,3253.22,1363836,103445.0,136098.0,3250.0,3267.5,3239.8,3251.5,46805675,3576.6,2926.4,4322.95,2866.6,3258.0,58,4,3257.9,65,4,3257.8,211,4,3257.7,191,9,3257.6,390,12,3258.9,3,1,3259.0,63,2,3259.1,58,6,3259.3,33,1,3259.4,47,2
11536,2025-12-30 13:57:43+05:30,3258.0,1,3253.22,1363836,103445.0,136098.0,3250.0,3267.5,3239.8,3251.5,46805675,3576.6,2926.4,4322.95,2866.6,3258.0,58,4,3257.9,65,4,3257.8,211,4,3257.7,191,9,3257.6,390,12,3258.9,3,1,3259.0,63,2,3259.1,58,6,3259.3,33,1,3259.4,47,2
11536,2025-12-30 13:57:44+05:30,3258.9,27,3253.22,1363867,103692.0,135670.0,3250.0,3267.5,3239.8,3251.5,46805675,3576.6,2926.4,4322.95,2866.6,3258.0,274,6,3257.9,65,4,3257.8,284,6,3257.7,163,9,3257.6,383,11,3258.9,23,1,3259.0,96,3,3259.1,23,4,3259.4,47,2,3259.5,35,1
11536,2025-12-30 13:57:44+05:30,3258.9,27,3253.22,1363867,103692.0,135670.0,3250.0,3267.5,3239.8,3251.5,46805675,3576.6,2926.4,4322.95,2866.6,3258.0,274,6,3257.9,65,4,3257.8,284,6,3257.7,163,9,3257.6,383,11,3258.9,23,1,3259.0,96,3,3259.1,23,4,3259.4,47,2,3259.5,35,1
11536,2025-12-30 13:57:45+05:30,3258.9,7,3253.22,1363886,103560.0,135580.0,3250.0,3267.5,3239.8,3251.5,46805675,3576.6,2926.4,4322.95,2866.6,3258.0,57,4,3257.9,65,4,3257.8,355,8,3257.7,172,10,3257.6,383,11,3259.0,63,2,3259.1,23,4,3259.3,33,1,3259.4,47,2,3259.5,35,1
11536,2025-12-30 13:57:45+05:30,3259.0,1,3253.22,1363886,103560.0,135580.0,3250.0,3267.5,3239.8,3251.5,46805675,3576.6,2926.4,4322.95,2866.6,3258.0,57,4,3257.9,65,4,3257.8,355,8,3257.7,172,10,3257.6,383,11,3259.0,63,2,3259.1,23,4,3259.3,33,1,3259.4,47,2,3259.5,35,1
11536,2025-12-30 13:57:46+05:30,3258.9,1,3253.22,1363889,103590.0,135910.0,3250.0,3267.5,3239.8,3251.5,46805675,3576.6,2926.4,4322.95,2866.6,3258.0,57,5,3257.9,65,4,3257.8,355,8,3257.7,151,7,3257.6,383,11,3258.9,23,1,3259.0,62,2,3259.1,23,4,3259.3,33,1,3259.4,47,2
11536,2025-12-30 13:57:46+05:30,3258.9,1,3253.22,1363889,103590.0,135910.0,3250.0,3267.5,3239.8,3251.5,46805675,3576.6,2926.4,4322.95,2866.6,3258.0,57,5,3257.9,65,4,3257.8,355,8,3257.7,151,7,3257.6,383,11,3258.9,23,1,3259.0,62,2,3259.1,23,4,3259.3,33,1,3259.4,47,2
11536,2025-12-30 13:57:47+05:30,3258.9,1,3253.22,1363889,103590.0,135910.0,3250.0,3267.5,3239.8,3251.5,46805675,3576.6,2926.4,4322.95,2866.6,3258.0,57,5,3257.9,65,4,3257.8,355,8,3257.7,151,7,3257.6,383,11,3258.9,23,1,3259.0,62,2,3259.1,23,4,3259.3,33,1,3259.4,47,2
11536,2025-12-30 13:57:47+05:30,3258.9,1,3253.22,1363890,103588.0,135886.0,3250.0,3267.5,3239.8,3251.5,46805675,3576.6,2926.4,4322.95,2866.6,3258.0,57,5,3257.9,65,4,3257.8,355,8,3257.7,151,7,3257.6,390,12,3258.9,22,1,3259.0,62,2,3259.1,23,4,3259.3,33,1,3259.4,47,2
11536,2025-12-30 13:57:48+05:30,3257.7,4,3253.23,1364949,101677.0,136194.0,3250.0,3267.5,3239.8,3251.5,46805675,3576.6,2926.4,4322.95,2866.6,3257.7,43,4,3257.6,234,6,3257.5,75,3,3257.4,292,6,3257.3,132,4,3257.9,50,1,3258.8,61,1,3258.9,100,2,3259.0,39,1,3259.1,30,1
11536,2025-12-30 13:57:48+05:30,3257.7,4,3253.23,1364949,101677.0,136194.0,3250.0,3267.5,3239.8,3251.5,46805675,3576.6,2926.4,4322.95,2866.6,3257.7,43,4,3257.6,234,6,3257.5,75,3,3257.4,292,6,3257.3,132,4,3257.9,50,1,3258.8,61,1,3258.9,100,2,3259.0,39,1,3259.1,30,1
11536,2025-12-30 13:57:49+05:30,3257.9,1,3253.23,1364950,101991.0,135972.0,3250.0,3267.5,3239.8,3251.5,46805675,3576.6,2926.4,4322.95,2866.6,3257.7,43,4,3257.6,256,7,3257.5,75,3,3257.4,292,6,3257.3,132,4,3257.9,49,1,3258.9,39,1,3259.0,39,1,3259.1,30,1,3259.2,30,3
11536,2025-12-30 13:57:49+05:30,3257.9,1,3253.23,1364950,101991.0,135972.0,3250.0,3267.5,3239.8,3251.5,46805675,3576.6,2926.4,4322.95,2866.6,3257.7,43,4,3257.6,256,7,3257.5,75,3,3257.4,292,6,3257.3,132,4,3257.9,49,1,3258.9,39,1,3259.0,39,1,3259.1,30,1,3259.2,30,3
11536,2025-12-30 13:57:50+05:30,3257.9,1,3253.23,1364950,101988.0,135922.0,3250.0,3267.5,3239.8,3251.5,46805675,3576.6,2926.4,4322.95,2866.6,3257.7,43,4,3257.6,256,7,3257.5,75,3,3257.4,292,6,3257.3,132,4,3257.9,49,1,3258.9,39,1,3259.0,41,2,3259.1,30,1,3259.2,30,3
11536,2025-12-30 13:57:51+05:30,3257.7,1,3253.23,1365051,102281.0,135030.0,3250.0,3267.5,3239.8,3251.5,46805675,3576.6,2926.4,4322.95,2866.6,3257.7,42,4,3257.6,260,7,3257.5,163,5,3257.4,297,6,3257.3,388,8,3258.8,118,4,3258.9,49,2,3259.0,2,1,3259.1,30,1,3259.2,32,2
11536,2025-12-30 13:57:51+05:30,3257.7,1,3253.23,1365051,102281.0,135030.0,3250.0,3267.5,3239.8,3251.5,46805675,3576.6,2926.4,4322.95,2866.6,3257.7,42,4,3257.6,260,7,3257.5,163,5,3257.4,297,6,3257.3,388,8,3258.8,118,4,3258.9,49,2,3259.0,2,1,3259.1,30,1,3259.2,32,2
11536,2025-12-30 13:57:51+05:30,3258.8,3,3253.23,1365054,102127.0,135183.0,3250.0,3267.5,3239.8,3251.5,46805675,3576.6,2926.4,4322.95,2866.6,3257.7,55,5,3257.6,239,6,3257.5,145,5,3257.4,297,6,3257.3,388,8,3258.8,115,4,3258.9,49,2,3259.0,2,1,3259.1,30,1,3259.2,32,2
11536,2025-12-30 13:57:52+05:30,3258.8,3,3253.23,1365054,102127.0,135183.0,3250.0,3267.5,3239.8,3251.5,46805675,3576.6,2926.4,4322.95,2866.6,3257.7,55,5,3257.6,239,6,3257.5,145,5,3257.4,297,6,3257.3,388,8,3258.8,115,4,3258.9,49,2,3259.0,2,1,3259.1,30,1,3259.2,32,2
11536,2025-12-30 13:57:53+05:30,3258.6,3,3253.23,1365057,102752.0,135569.0,3250.0,3267.5,3239.8,3251.5,46805675,3576.6,2926.4,4322.95,2866.6,3257.7,71,6,3257.6,252,6,3257.5,71,3,3257.4,311,7,3257.3,186,6,3258.6,23,2,3258.7,48,2,3258.8,48,3,3258.9,24,1,3259.0,2,1
11536,2025-12-30 13:57:53+05:30,3258.6,3,3253.23,1365057,102752.0,135569.0,3250.0,3267.5,3239.8,3251.5,46805675,3576.6,2926.4,4322.95,2866.6,3257.7,71,6,3257.6,252,6,3257.5,71,3,3257.4,311,7,3257.3,186,6,3258.6,23,2,3258.7,48,2,3258.8,48,3,3258.9,24,1,3259.0,2,1
11536,2025-12-30 13:57:54+05:30,3258.6,7,3253.23,1365057,102752.0,135569.0,3250.0,3267.5,3239.8,3251.5,46805675,3576.6,2926.4,4322.95,2866.6,3257.7,71,6,3257.6,252,6,3257.5,71,3,3257.4,311,7,3257.3,186,6,3258.6,23,2,3258.7,48,2,3258.8,48,3,3258.9,24,1,3259.0,2,1
11536,2025-12-30 13:57:54+05:30,3258.6,1,3253.23,1365076,102915.0,135754.0,3250.0,3267.5,3239.8,3251.5,46805675,3576.6,2926.4,4322.95,2866.6,3257.7,120,8,3257.6,279,7,3257.5,33,2,3257.4,311,7,3257.3,196,7,3258.6,18,3,3258.7,23,1,3258.8,23,2,3259.0,2,1,3259.1,30,1
11536,2025-12-30 13:57:55+05:30,3258.6,1,3253.23,1365076,102915.0,135754.0,3250.0,3267.5,3239.8,3251.5,46805675,3576.6,2926.4,4322.95,2866.6,3257.7,120,8,3257.6,279,7,3257.5,33,2,3257.4,311,7,3257.3,196,7,3258.6,18,3,3258.7,23,1,3258.8,23,2,3259.0,2,1,3259.1,30,1
11536,2025-12-30 13:57:55+05:30,3258.6,1,3253.23,1365077,102764.0,136061.0,3250.0,3267.5,3239.8,3251.5,46805675,3576.6,2926.4,4322.95,2866.6,3257.7,64,5,3257.6,241,6,3257.5,65,3,3257.4,349,8,3257.3,196,7,3258.5,23,1,3258.6,36,2,3258.7,23,1,3258.8,23,2,3259.0,2,1
11536,2025-12-30 13:57:56+05:30,3258.6,1,3253.23,1365077,104042.0,136058.0,3250.0,3267.5,3239.8,3251.5,46805675,3576.6,2926.4,4322.95,2866.6,3257.7,78,6,3257.6,241,6,3257.5,103,4,3257.4,311,7,3257.3,210,8,3258.5,23,1,3258.6,36,2,3258.7,23,1,3258.8,23,2,3259.0,2,1
11536,2025-12-30 13:57:57+05:30,3257.7,1,3253.23,1365077,104042.0,136058.0,3250.0,3267.5,3239.8,3251.5,46805675,3576.6,2926.4,4322.95,2866.6,3257.7,78,6,3257.6,241,6,3257.5,103,4,3257.4,311,7,3257.3,210,8,3258.5,23,1,3258.6,36,2,3258.7,23,1,3258.8,23,2,3259.0,2,1
11536,2025-12-30 13:57:57+05:30,3257.7,1,3253.23,1365078,103848.0,136066.0,3250.0,3267.5,3239.8,3251.5,46805675,3576.6,2926.4,4322.95,2866.6,3257.7,77,6,3257.6,117,6,3257.5,71,3,3257.4,311,7,3257.3,210,8,3258.5,36,2,3258.6,23,1,3258.7,23,1,3259.0,2,1,3259.1,30,1
11536,2025-12-30 13:57:58+05:30,3257.7,2,3253.23,1365078,103848.0,136066.0,3250.0,3267.5,3239.8,3251.5,46805675,3576.6,2926.4,4322.95,2866.6,3257.7,77,6,3257.6,117,6,3257.5,71,3,3257.4,311,7,3257.3,210,8,3258.5,36,2,3258.6,23,1,3258.7,23,1,3259.0,2,1,3259.1,30,1
11536,2025-12-30 13:57:58+05:30,3257.7,2,3253.23,1365080,104101.0,136033.0,3250.0,3267.5,3239.8,3251.5,46805675,3576.6,2926.4,4322.95,2866.6,3257.7,91,7,3257.6,102,5,3257.5,59,3,3257.4,338,8,3257.3,210,8,3258.5,13,1,3258.6,23,1,3258.7,23,1,3259.0,2,1,3259.1,30,1
11536,2025-12-30 13:57:59+05:30,3257.7,2,3253.23,1365080,104101.0,136044.0,3250.0,3267.5,3239.8,3251.5,46805675,3576.6,2926.4,4322.95,2866.6,3257.7,91,7,3257.6,102,5,3257.5,59,3,3257.4,338,8,3257.3,210,8,3258.5,13,1,3258.6,23,1,3258.7,23,1,3259.0,2,1,3259.1,30,1
11536,2025-12-30 13:58:00+05:30,3258.5,1,3253.23,1365080,104101.0,136044.0,3250.0,3267.5,3239.8,3251.5,46805675,3576.6,2926.4,4322.95,2866.6,3257.7,91,7,3257.6,102,5,3257.5,59,3,3257.4,338,8,3257.3,210,8,3258.5,13,1,3258.6,23,1,3258.7,23,1,3259.0,2,1,3259.1,30,1
11536,2025-12-30 13:58:00+05:30,3258.5,1,3253.23,1365081,104165.0,136000.0,3250.0,3267.5,3239.8,3251.5,46805675,3576.6,2926.4,4322.95,2866.6,3257.7,91,7,3257.6,102,5,3257.5,120,4,3257.4,338,8,3257.3,210,8,3258.5,12,1,3258.6,23,1,3258.7,23,1,3259.0,2,1,3259.1,30,1
11536,2025-12-30 13:58:01+05:30,3258.5,1,3253.23,1365082,104206.0,136014.0,3250.0,3267.5,3239.8,3251.5,46805675,3576.6,2926.4,4322.95,2866.6,3257.7,91,7,3257.6,102,5,3257.5,120,4,3257.4,338,8,3257.3,210,8,3258.5,11,1,3258.6,23,1,3258.7,23,1,3259.0,2,1,3259.1,30,1
11536,2025-12-30 13:58:02+05:30,3258.5,1,3253.23,1365082,104206.0,136014.0,3250.0,3267.5,3239.8,3251.5,46805675,3576.6,2926.4,4322.95,2866.6,3257.7,91,7,3257.6,102,5,3257.5,120,4,3257.4,338,8,3257.3,210,8,3258.5,11,1,3258.6,23,1,3258.7,23,1,3259.0,2,1,3259.1,30,1
11536,2025-12-30 13:58:02+05:30,3257.5,1,3253.23,1366159,102059.0,136807.0,3250.0,3267.5,3239.8,3251.5,46805675,3576.6,2926.4,4322.95,2866.6,3257.5,18,1,3257.4,64,3,3257.3,120,4,3257.2,280,6,3257.1,67,3,3258.5,92,3,3258.6,42,2,3258.7,48,2,3258.8,87,3,3258.9,46,2
11536,2025-12-30 13:58:03+05:30,3257.5,1,3253.23,1366159,102059.0,136807.0,3250.0,3267.5,3239.8,3251.5,46805675,3576.6,2926.4,4322.95,2866.6,3257.5,18,1,3257.4,64,3,3257.3,120,4,3257.2,280,6,3257.1,67,3,3258.5,92,3,3258.6,42,2,3258.7,48,2,3258.8,87,3,3258.9,46,2
11536,2025-12-30 13:58:03+05:30,3257.5,1,3253.23,1366159,103813.0,136685.0,3250.0,3267.5,3239.8,3251.5,46805675,3576.6,2926.4,4322.95,2866.6,3257.5,18,1,3257.4,37,2,3257.3,85,3,3257.2,280,6,3257.1,93,5,3258.4,32,1,3258.5,60,2,3258.6,17,1,3258.8,90,2,3258.9,46,2
11536,2025-12-30 13:58:04+05:30,3257.5,1,3253.23,1366159,103775.0,137221.0,3250.0,3267.5,3239.8,3251.5,46805675,3576.6,2926.4,4322.95,2866.6,3257.4,25,2,3257.3,85,3,3257.2,90,4,3257.1,84,4,3257.0,553,10,3258.5,60,2,3258.7,32,1,3258.8,90,2,3258.9,46,2,3259.0,68,3
11536,2025-12-30 13:58:05+05:30,3258.5,1,3253.23,1366159,103775.0,137221.0,3250.0,3267.5,3239.8,3251.5,46805675,3576.6,2926.4,4322.95,2866.6,3257.4,25,2,3257.3,85,3,3257.2,90,4,3257.1,84,4,3257.0,553,10,3258.5,60,2,3258.7,32,1,3258.8,90,2,3258.9,46,2,3259.0,68,3
11536,2025-12-30 13:58:05+05:30,3258.5,1,3253.23,1366161,103783.0,137248.0,3250.0,3267.5,3239.8,3251.5,46805675,3576.6,2926.4,4322.95,2866.6,3257.4,25,2,3257.3,85,3,3257.2,90,4,3257.1,84,4,3257.0,553,10,3258.5,83,4,3258.7,32,1,3258.8,90,2,3258.9,46,2,3259.0,68,3
11536,2025-12-30 13:58:06+05:30,3258.5,1,3253.23,1366161,103783.0,137248.0,3250.0,3267.5,3239.8,3251.5,46805675,3576.6,2926.4,4322.95,2866.6,3257.4,25,2,3257.3,85,3,3257.2,90,4,3257.1,84,4,3257.0,553,10,3258.5,83,4,3258.7,32,1,3258.8,90,2,3258.9,46,2,3259.0,68,3
11536,2025-12-30 13:58:06+05:30,3258.5,1,3253.23,1366161,104554.0,137156.0,3250.0,3267.5,3239.8,3251.5,46805675,3576.6,2926.4,4322.95,2866.6,3257.4,70,5,3257.3,123,5,3257.2,107,5,3257.1,155,6,3257.0,615,12,3258.5,47,4,3258.7,48,3,3258.8,86,3,3258.9,46,2,3259.0,69,4
11536,2025-12-30 13:58:07+05:30,3258.5,4,3253.23,1366166,104540.0,137125.0,3250.0,3267.5,3239.8,3251.5,46805675,3576.6,2926.4,4322.95,2866.6,3257.4,69,5,3257.3,123,5,3257.2,107,5,3257.1,155,6,3257.0,615,12,3258.5,19,3,3258.7,48,3,3258.8,86,3,3258.9,46,2,3259.0,69,4
11536,2025-12-30 13:58:08+05:30,3258.5,4,3253.23,1366166,104540.0,137125.0,3250.0,3267.5,3239.8,3251.5,46805675,3576.6,2926.4,4322.95,2866.6,3257.4,69,5,3257.3,123,5,3257.2,107,5,3257.1,155,6,3257.0,615,12,3258.5,19,3,3258.7,48,3,3258.8,86,3,3258.9,46,2,3259.0,69,4
11536,2025-12-30 13:58:08+05:30,3258.5,4,3253.23,1366166,104604.0,137105.0,3250.0,3267.5,3239.8,3251.5,46805675,3576.6,2926.4,4322.95,2866.6,3257.5,16,1,3257.4,116,6,3257.3,123,5,3257.2,107,5,3257.1,158,7,3258.5,19,3,3258.7,48,3,3258.8,86,3,3258.9,46,2,3259.0,69,4
11536,2025-12-30 13:58:09+05:30,3258.5,4,3253.23,1366166,104615.0,137113.0,3250.0,3267.5,3239.8,3251.5,46805675,3576.6,2926.4,4322.95,2866.6,3257.5,16,1,3257.4,116,6,3257.3,123,5,3257.2,107,5,3257.1,333,8,3258.5,19,3,3258.7,48,3,3258.8,86,3,3258.9,46,2,3259.0,69,4
11536,2025-12-30 13:58:10+05:30,3258.5,4,3253.23,1366166,104580.0,136589.0,3250.0,3267.5,3239.8,3251.5,46805675,3576.6,2926.4,4322.95,2866.6,3257.5,16,1,3257.4,97,5,3257.3,123,5,3257.2,100,4,3257.1,148,6,3258.3,23,1,3258.4,7,1,3258.5,19,3,3258.7,1,1,3258.8,39,1
11536,2025-12-30 13:58:11+05:30,3257.5,1,3253.23,1366257,104697.0,136427.0,3250.0,3267.5,3239.8,3251.5,46805675,3576.6,2926.4,4322.95,2866.6,3257.5,15,1,3257.4,176,8,3257.3,63,4,3257.2,100,4,3257.1,473,10,3258.7,24,2,3258.8,39,1,3258.9,10,1,3259.0,42,3,3259.1,93,2
11536,2025-12-30 13:58:12+05:30,3257.5,1,3253.23,1366257,104697.0,136427.0,3250.0,3267.5,3239.8,3251.5,46805675,3576.6,2926.4,4322.95,2866.6,3257.5,15,1,3257.4,176,8,3257.3,63,4,3257.2,100,4,3257.1,473,10,3258.7,24,2,3258.8,39,1,3258.9,10,1,3259.0,42,3,3259.1,93,2
11536,2025-12-30 13:58:12+05:30,3259.1,27,3253.23,1366484,105173.0,135569.0,3250.0,3267.5,3239.8,3251.5,46805675,3576.6,2926.4,4322.95,2866.6,3257.6,168,10,3257.5,64,4,3257.4,114,5,3257.3,113,8,3257.2,540,9,3259.0,85,3,3259.1,23,1,3259.4,108,3,3259.5,33,1,3259.6,87,3
11536,2025-12-30 13:58:13+05:30,3257.6,1,3253.23,1366484,105173.0,135569.0,3250.0,3267.5,3239.8,3251.5,46805675,3576.6,2926.4,4322.95,2866.6,3257.6,168,10,3257.5,64,4,3257.4,114,5,3257.3,113,8,3257.2,540,9,3259.0,85,3,3259.1,23,1,3259.4,108,3,3259.5,33,1,3259.6,87,3
11536,2025-12-30 13:58:13+05:30,3257.6,1,3253.23,1366486,105370.0,135685.0,3250.0,3267.5,3239.8,3251.5,46805675,3576.6,2926.4,4322.95,2866.6,3257.6,172,11,3257.5,64,4,3257.4,300,7,3257.3,113,8,3257.2,540,9,3259.0,85,3,3259.1,23,1,3259.4,108,3,3259.5,33,1,3259.6,87,3
11536,2025-12-30 13:58:14+05:30,3257.6,1,3253.23,1366486,105370.0,135685.0,3250.0,3267.5,3239.8,3251.5,46805675,3576.6,2926.4,4322.95,2866.6,3257.6,172,11,3257.5,64,4,3257.4,300,7,3257.3,113,8,3257.2,540,9,3259.0,85,3,3259.1,23,1,3259.4,108,3,3259.5,33,1,3259.6,87,3
11536,2025-12-30 13:58:14+05:30,3257.6,1,3253.23,1366486,105430.0,135674.0,3250.0,3267.5,3239.8,3251.5,46805675,3576.6,2926.4,4322.95,2866.6,3257.6,231,12,3257.5,64,4,3257.4,300,7,3257.3,113,8,3257.2,540,9,3259.0,85,3,3259.1,23,1,3259.4,108,3,3259.5,33,1,3259.6,112,4
11536,2025-12-30 13:58:15+05:30,3259.0,1,3253.23,1366486,105430.0,135674.0,3250.0,3267.5,3239.8,3251.5,46805675,3576.6,2926.4,4322.95,2866.6,3257.6,231,12,3257.5,64,4,3257.4,300,7,3257.3,113,8,3257.2,540,9,3259.0,85,3,3259.1,23,1,3259.4,108,3,3259.5,33,1,3259.6,112,4
11536,2025-12-30 13:58:15+05:30,3259.0,1,3253.23,1366487,106051.0,135176.0,3250.0,3267.5,3239.8,3251.5,46805675,3576.6,2926.4,4322.95,2866.6,3257.8,296,7,3257.7,8,1,3257.6,328,8,3257.5,239,5,3257.4,388,10,3259.0,23,2,3259.1,23,1,3259.4,94,4,3259.6,82,3,3259.7,153,2
11536,2025-12-30 13:58:16+05:30,3259.1,1,3253.23,1366491,106473.0,135240.0,3250.0,3267.5,3239.8,3251.5,46805675,3576.6,2926.4,4322.95,2866.6,3258.0,94,4,3257.9,45,3,3257.8,375,5,3257.7,34,2,3257.6,532,11,3259.1,21,1,3259.4,94,4,3259.6,82,3,3259.7,3,1,3259.8,70,5
11536,2025-12-30 13:58:17+05:30,3259.1,1,3253.23,1366491,106473.0,135240.0,3250.0,3267.5,3239.8,3251.5,46805675,3576.6,2926.4,4322.95,2866.6,3258.0,94,4,3257.9,45,3,3257.8,375,5,3257.7,34,2,3257.6,532,11,3259.1,21,1,3259.4,94,4,3259.6,82,3,3259.7,3,1,3259.8,70,5
11536,2025-12-30 13:58:17+05:30,3259.1,3,3253.24,1367554,107487.0,133755.0,3250.0,3267.5,3239.8,3251.5,46805675,3576.6,2926.4,4322.95,2866.6,3257.9,144,4,3257.8,410,5,3257.7,110,4,3257.6,566,11,3257.5,99,5,3259.1,19,1,3259.2,24,1,3259.3,23,1,3259.4,34,2,3259.5,56,2
11536,2025-12-30 13:58:18+05:30,3259.1,3,3253.24,1367554,107487.0,133755.0,3250.0,3267.5,3239.8,3251.5,46805675,3576.6,2926.4,4322.95,2866.6,3257.9,144,4,3257.8,410,5,3257.7,110,4,3257.6,566,11,3257.5,99,5,3259.1,19,1,3259.2,24,1,3259.3,23,1,3259.4,34,2,3259.5,56,2
11536,2025-12-30 13:58:18+05:30,3258.1,1,3253.24,1367555,109684.0,133639.0,3250.0,3267.5,3239.8,3251.5,46805675,3576.6,2926.4,4322.95,2866.6,3258.2,38,1,3258.1,137,6,3258.0,80,2,3257.9,64,2,3257.8,431,6,3259.1,37,3,3259.3,23,1,3259.5,56,2,3259.6,36,1,3259.8,21,1
11536,2025-12-30 13:58:19+05:30,3258.1,1,3253.24,1367555,109684.0,133639.0,3250.0,3267.5,3239.8,3251.5,46805675,3576.6,2926.4,4322.95,2866.6,3258.2,38,1,3258.1,137,6,3258.0,80,2,3257.9,64,2,3257.8,431,6,3259.1,37,3,3259.3,23,1,3259.5,56,2,3259.6,36,1,3259.8,21,1
11536,2025-12-30 13:58:19+05:30,3258.1,1,3253.24,1367555,109427.0,133728.0,3250.0,3267.5,3239.8,3251.5,46805675,3576.6,2926.4,4322.95,2866.6,3258.2,150,5,3258.1,84,3,3258.0,80,2,3257.9,64,2,3257.8,606,7,3259.1,14,1,3259.3,23,1,3259.5,25,1,3259.6,36,1,3259.8,31,1
11536,2025-12-30 13:58:20+05:30,3259.1,3,3253.24,1367575,108892.0,134725.0,3250.0,3267.5,3239.8,3251.5,46805675,3576.6,2926.4,4322.95,2866.6,3258.3,32,3,3258.2,53,1,3258.1,5,1,3258.0,146,6,3257.9,46,2,3259.3,47,2,3259.4,55,2,3259.5,23,1,3259.6,37,1,3259.7,69,2
11536,2025-12-30 13:58:21+05:30,3259.1,3,3253.24,1367575,108892.0,134725.0,3250.0,3267.5,3239.8,3251.5,46805675,3576.6,2926.4,4322.95,2866.6,3258.3,32,3,3258.2,53,1,3258.1,5,1,3258.0,146,6,3257.9,46,2,3259.3,47,2,3259.4,55,2,3259.5,23,1,3259.6,37,1,3259.7,69,2
11536,2025-12-30 13:58:21+05:30,3259.1,3,3253.24,1367575,109611.0,134764.0,3250.0,3267.5,3239.8,3251.5,46805675,3576.6,2926.4,4322.95,2866.6,3258.3,17,2,3258.2,53,1,3258.1,31,1,3258.0,190,8,3257.9,68,3,3259.3,53,2,3259.4,55,2,3259.5,23,1,3259.6,37,1,3259.7,69,2
11536,2025-12-30 13:58:22+05:30,3259.1,3,3253.24,1367575,108362.0,134600.0,3250.0,3267.5,3239.8,3251.5,46805675,3576.6,2926.4,4322.95,2866.6,3258.3,48,3,3258.2,90,2,3258.1,78,2,3258.0,136,6,3257.9,68,3,3259.3,53,2,3259.5,23,1,3259.7,69,2,3259.8,56,1,3259.9,78,3
11536,2025-12-30 13:58:23+05:30,3259.1,3,3253.24,1367575,108362.0,134644.0,3250.0,3267.5,3239.8,3251.5,46805675,3576.6,2926.4,4322.95,2866.6,3258.3,48,3,3258.2,90,2,3258.1,78,2,3258.0,136,6,3257.9,68,3,3259.3,53,2,3259.5,23,1,3259.7,69,2,3259.8,56,1,3259.9,78,3
11536,2025-12-30 13:58:24+05:30,3258.3,1,3253.24,1367576,109218.0,134700.0,3250.0,3267.5,3239.8,3251.5,46805675,3576.6,2926.4,4322.95,2866.6,3258.3,85,2,3258.2,53,1,3258.1,78,2,3258.0,130,6,3257.9,68,3,3259.3,53,2,3259.5,42,2,3259.7,111,3,3259.8,56,1,3259.9,78,3
11536,2025-12-30 13:58:25+05:30,3259.3,1,3253.24,1367576,109218.0,134700.0,3250.0,3267.5,3239.8,3251.5,46805675,3576.6,2926.4,4322.95,2866.6,3258.3,85,2,3258.2,53,1,3258.1,78,2,3258.0,130,6,3257.9,68,3,3259.3,53,2,3259.5,42,2,3259.7,111,3,3259.8,56,1,3259.9,78,3
11536,2025-12-30 13:58:25+05:30,3259.0,70,3253.24,1367647,108929.0,134722.0,3250.0,3267.5,3239.8,3251.5,46805675,3576.6,2926.4,4322.95,2866.6,3258.3,99,3,3258.2,53,1,3258.1,11,1,3258.0,144,6,3257.9,68,3,3259.3,53,3,3259.4,68,2,3259.5,42,2,3259.6,15,1,3259.7,69,2
11536,2025-12-30 13:58:26+05:30,3259.0,70,3253.24,1367647,108929.0,134722.0,3250.0,3267.5,3239.8,3251.5,46805675,3576.6,2926.4,4322.95,2866.6,3258.3,99,3,3258.2,53,1,3258.1,11,1,3258.0,144,6,3257.9,68,3,3259.3,53,3,3259.4,68,2,3259.5,42,2,3259.6,15,1,3259.7,69,2
11536,2025-12-30 13:58:26+05:30,3259.3,18,3253.24,1367687,109814.0,134482.0,3250.0,3267.5,3239.8,3251.5,46805675,3576.6,2926.4,4322.95,2866.6,3258.4,6,1,3258.3,174,7,3258.2,111,3,3258.1,108,3,3258.0,153,7,3259.3,13,2,3259.5,42,2,3259.6,15,1,3259.7,64,2,3259.8,24,1
11536,2025-12-30 13:58:27+05:30,3259.3,18,3253.24,1367687,109814.0,134482.0,3250.0,3267.5,3239.8,3251.5,46805675,3576.6,2926.4,4322.95,2866.6,3258.4,6,1,3258.3,174,7,3258.2,111,3,3258.1,108,3,3258.0,153,7,3259.3,13,2,3259.5,42,2,3259.6,15,1,3259.7,64,2,3259.8,24,1
11536,2025-12-30 13:58:27+05:30,3259.3,1,3253.24,1367863,109903.0,133659.0,3250.0,3267.5,3239.8,3251.5,46805675,3576.6,2926.4,4322.95,2866.6,3258.6,57,2,3258.5,94,3,3258.4,238,6,3258.3,189,6,3258.2,249,7,3259.7,42,2,3259.8,66,3,3259.9,47,2,3260.0,12,3,3260.1,99,3
11536,2025-12-30 13:58:28+05:30,3258.7,3,3253.24,1367863,109903.0,133659.0,3250.0,3267.5,3239.8,3251.5,46805675,3576.6,2926.4,4322.95,2866.6,3258.6,57,2,3258.5,94,3,3258.4,238,6,3258.3,189,6,3258.2,249,7,3259.7,42,2,3259.8,66,3,3259.9,47,2,3260.0,12,3,3260.1,99,3
11536,2025-12-30 13:58:28+05:30,3258.7,3,3253.24,1367869,109997.0,134379.0,3250.0,3267.5,3239.8,3251.5,46805675,3576.6,2926.4,4322.95,2866.6,3258.7,1,1,3258.6,3,1,3258.5,42,1,3258.4,60,2,3258.3,199,7,3259.5,54,2,3259.7,84,3,3259.9,52,2,3260.0,12,3,3260.1,36,1
11536,2025-12-30 13:58:29+05:30,3259.5,7,3253.24,1367887,110071.0,134381.0,3250.0,3267.5,3239.8,3251.5,46805675,3576.6,2926.4,4322.95,2866.6,3258.7,102,2,3258.6,3,1,3258.5,42,1,3258.4,60,2,3258.3,199,7,3259.5,5,1,3259.7,84,3,3259.8,31,1,3259.9,52,2,3260.0,15,5
11536,2025-12-30 13:58:30+05:30,3259.1,165,3253.24,1367887,110071.0,134381.0,3250.0,3267.5,3239.8,3251.5,46805675,3576.6,2926.4,4322.95,2866.6,3258.7,102,2,3258.6,3,1,3258.5,42,1,3258.4,60,2,3258.3,199,7,3259.5,5,1,3259.7,84,3,3259.8,31,1,3259.9,52,2,3260.0,15,5
11536,2025-12-30 13:58:30+05:30,3258.7,1,3253.24,1368053,108405.0,134377.0,3250.0,3267.5,3239.8,3251.5,46805675,3576.6,2926.4,4322.95,2866.6,3258.7,101,1,3258.4,35,2,3258.3,127,4,3258.2,196,5,3258.1,58,2,3259.5,91,4,3259.6,22,1,3259.7,59,2,3259.9,52,2,3260.0,13,4
11536,2025-12-30 13:58:31+05:30,3258.7,1,3253.24,1368053,108405.0,134377.0,3250.0,3267.5,3239.8,3251.5,46805675,3576.6,2926.4,4322.95,2866.6,3258.7,101,1,3258.4,35,2,3258.3,127,4,3258.2,196,5,3258.1,58,2,3259.5,91,4,3259.6,22,1,3259.7,59,2,3259.9,52,2,3260.0,13,4
11536,2025-12-30 13:58:31+05:30,3259.5,2,3253.24,1368059,109577.0,134424.0,3250.0,3267.5,3239.8,3251.5,46805675,3576.6,2926.4,4322.95,2866.6,3258.7,101,1,3258.4,10,1,3258.3,103,2,3258.2,117,3,3258.1,58,2,3259.5,66,2,3259.6,22,1,3259.7,59,2,3259.8,26,1,3259.9,81,4
11536,2025-12-30 13:58:32+05:30,3259.5,2,3253.24,1368059,109577.0,134424.0,3250.0,3267.5,3239.8,3251.5,46805675,3576.6,2926.4,4322.95,2866.6,3258.7,101,1,3258.4,10,1,3258.3,103,2,3258.2,117,3,3258.1,58,2,3259.5,66,2,3259.6,22,1,3259.7,59,2,3259.8,26,1,3259.9,81,4
11536,2025-12-30 13:58:32+05:30,3258.1,34,3253.24,1369223,108913.0,132746.0,3250.0,3267.5,3239.8,3251.5,46805675,3576.6,2926.4,4322.95,2866.6,3258.3,37,1,3258.2,39,1,3258.1,206,4,3258.0,284,6,3257.9,298,5,3259.6,96,4,3259.7,67,4,3259.9,41,2,3260.0,100,7,3260.1,3,1
11536,2025-12-30 13:58:33+05:30,3258.1,34,3253.24,1369223,108913.0,132746.0,3250.0,3267.5,3239.8,3251.5,46805675,3576.6,2926.4,4322.95,2866.6,3258.3,37,1,3258.2,39,1,3258.1,206,4,3258.0,284,6,3257.9,298,5,3259.6,96,4,3259.7,67,4,3259.9,41,2,3260.0,100,7,3260.1,3,1
11536,2025-12-30 13:58:33+05:30,3258.1,34,3253.24,1369223,107970.0,133012.0,3250.0,3267.5,3239.8,3251.5,46805675,3576.6,2926.4,4322.95,2866.6,3258.3,38,2,3258.2,39,1,3258.1,206,4,3258.0,323,8,3257.9,123,4,3259.6,96,4,3259.7,67,4,3259.9,137,4,3260.0,100,7,3260.1,39,2
11536,2025-12-30 13:58:34+05:30,3258.1,34,3253.24,1369223,107766.0,133657.0,3250.0,3267.5,3239.8,3251.5,46805675,3576.6,2926.4,4322.95,2866.6,3258.3,1,1,3258.2,39,1,3258.1,185,3,3258.0,240,5,3257.9,129,4,3259.5,92,3,3259.6,46,2,3259.7,101,5,3259.9,180,5,3260.0,58,6
11536,2025-12-30 13:58:35+05:30,3259.5,1,3253.24,1369223,107766.0,133657.0,3250.0,3267.5,3239.8,3251.5,46805675,3576.6,2926.4,4322.95,2866.6,3258.3,1,1,3258.2,39,1,3258.1,185,3,3258.0,240,5,3257.9,129,4,3259.5,92,3,3259.6,46,2,3259.7,101,5,3259.9,180,5,3260.0,58,6
11536,2025-12-30 13:58:35+05:30,3258.3,1,3253.24,1369225,108872.0,133606.0,3250.0,3267.5,3239.8,3251.5,46805675,3576.6,2926.4,4322.95,2866.6,3258.2,39,1,3258.1,30,2,3258.0,277,6,3257.9,129,4,3257.8,435,6,3259.4,77,3,3259.5,61,3,3259.6,46,2,3259.7,55,2,3259.9,180,5
11536,2025-12-30 13:58:36+05:30,3258.3,1,3253.24,1369225,108872.0,133606.0,3250.0,3267.5,3239.8,3251.5,46805675,3576.6,2926.4,4322.95,2866.6,3258.2,39,1,3258.1,30,2,3258.0,277,6,3257.9,129,4,3257.8,435,6,3259.4,77,3,3259.5,61,3,3259.6,46,2,3259.7,55,2,3259.9,180,5
11536,2025-12-30 13:58:36+05:30,3258.3,1,3253.24,1369225,107656.0,134396.0,3250.0,3267.5,3239.8,3251.5,46805675,3576.6,2926.4,4322.95,2866.6,3258.1,30,2,3258.0,277,6,3257.9,129,4,3257.8,260,5,3257.7,149,8,3259.4,77,3,3259.5,61,3,3259.6,46,2,3259.7,55,2,3259.8,21,1
11536,2025-12-30 13:58:37+05:30,3258.3,1,3253.24,1369225,104498.0,135143.0,3250.0,3267.5,3239.8,3251.5,46805675,3576.6,2926.4,4322.95,2866.6,3258.0,6,1,3257.9,114,3,3257.8,46,2,3257.7,53,4,3257.6,40,5,3259.0,23,1,3259.1,59,2,3259.2,46,2,3259.3,8,1,3259.4,60,2
11536,2025-12-30 13:58:38+05:30,3258.3,4,3253.24,1369225,104498.0,135143.0,3250.0,3267.5,3239.8,3251.5,46805675,3576.6,2926.4,4322.95,2866.6,3258.0,6,1,3257.9,114,3,3257.8,46,2,3257.7,53,4,3257.6,40,5,3259.0,23,1,3259.1,59,2,3259.2,46,2,3259.3,8,1,3259.4,60,2
11536,2025-12-30 13:58:38+05:30,3258.3,1,3253.24,1369248,105773.0,135695.0,3250.0,3267.5,3239.8,3251.5,46805675,3576.6,2926.4,4322.95,2866.6,3258.0,6,1,3257.7,32,2,3257.6,10,3,3257.5,111,6,3257.4,74,4,3258.3,968,1,3259.0,52,2,3259.1,98,3,3259.2,20,1,3259.3,87,2
11536,2025-12-30 13:58:39+05:30,3258.3,1,3253.24,1369248,105773.0,135695.0,3250.0,3267.5,3239.8,3251.5,46805675,3576.6,2926.4,4322.95,2866.6,3258.0,6,1,3257.7,32,2,3257.6,10,3,3257.5,111,6,3257.4,74,4,3258.3,968,1,3259.0,52,2,3259.1,98,3,3259.2,20,1,3259.3,87,2
11536,2025-12-30 13:58:39+05:30,3258.3,1,3253.24,1369248,105844.0,136074.0,3250.0,3267.5,3239.8,3251.5,46805675,3576.6,2926.4,4322.95,2866.6,3258.0,6,1,3257.7,17,1,3257.6,10,3,3257.5,111,6,3257.4,55,3,3258.3,968,1,3259.0,52,2,3259.1,98,3,3259.2,20,1,3259.3,87,2
11536,2025-12-30 13:58:40+05:30,3258.3,1,3253.24,1369248,105867.0,136074.0,3250.0,3267.5,3239.8,3251.5,46805675,3576.6,2926.4,4322.95,2866.6,3258.0,6,1,3257.7,17,1,3257.6,10,3,3257.5,127,7,3257.4,55,3,3258.3,968,1,3259.0,52,2,3259.1,98,3,3259.2,20,1,3259.3,87,2
11536,2025-12-30 13:58:41+05:30,3258.0,1,3253.24,1369249,105924.0,136031.0,3250.0,3267.5,3239.8,3251.5,46805675,3576.6,2926.4,4322.95,2866.6,3258.0,5,1,3257.7,31,2,3257.6,42,4,3257.5,71,4,3257.4,73,4,3258.3,968,1,3259.0,52,2,3259.1,98,3,3259.2,20,1,3259.3,87,2
11536,2025-12-30 13:58:42+05:30,3258.0,1,3253.24,1369249,105924.0,136031.0,3250.0,3267.5,3239.8,3251.5,46805675,3576.6,2926.4,4322.95,2866.6,3258.0,5,1,3257.7,31,2,3257.6,42,4,3257.5,71,4,3257.4,73,4,3258.3,968,1,3259.0,52,2,3259.1,98,3,3259.2,20,1,3259.3,87,2
11536,2025-12-30 13:58:42+05:30,3258.3,4,3253.24,1369253,105896.0,135994.0,3250.0,3267.5,3239.8,3251.5,46805675,3576.6,2926.4,4322.95,2866.6,3258.0,28,3,3257.7,31,2,3257.6,10,3,3257.5,51,3,3257.4,110,5,3258.3,978,2,3259.0,52,2,3259.1,98,3,3259.2,20,1,3259.3,87,2
11536,2025-12-30 13:58:43+05:30,3258.0,1,3253.24,1369253,105896.0,135994.0,3250.0,3267.5,3239.8,3251.5,46805675,3576.6,2926.4,4322.95,2866.6,3258.0,28,3,3257.7,31,2,3257.6,10,3,3257.5,51,3,3257.4,110,5,3258.3,978,2,3259.0,52,2,3259.1,98,3,3259.2,20,1,3259.3,87,2
11536,2025-12-30 13:58:44+05:30,3258.0,1,3253.24,1369254,105901.0,135866.0,3250.0,3267.5,3239.8,3251.5,46805675,3576.6,2926.4,4322.95,2866.6,3258.1,3,1,3258.0,47,4,3257.7,33,2,3257.6,70,5,3257.5,91,5,3258.3,978,2,3259.0,31,1,3259.1,73,2,3259.2,20,1,3259.4,88,3
11536,2025-12-30 13:58:45+05:30,3258.3,1,3253.24,1369255,105977.0,135859.0,3250.0,3267.5,3239.8,3251.5,46805675,3576.6,2926.4,4322.95,2866.6,3258.1,13,3,3258.0,22,3,3257.9,6,1,3257.7,65,3,3257.6,75,5,3258.3,977,2,3259.1,73,2,3259.2,20,1,3259.3,78,2,3259.4,88,3
11536,2025-12-30 13:58:45+05:30,3258.3,1,3253.24,1369255,105977.0,135859.0,3250.0,3267.5,3239.8,3251.5,46805675,3576.6,2926.4,4322.95,2866.6,3258.1,13,3,3258.0,22,3,3257.9,6,1,3257.7,65,3,3257.6,75,5,3258.3,977,2,3259.1,73,2,3259.2,20,1,3259.3,78,2,3259.4,88,3
11536,2025-12-30 13:58:46+05:30,3258.3,1,3253.24,1369255,105977.0,135859.0,3250.0,3267.5,3239.8,3251.5,46805675,3576.6,2926.4,4322.95,2866.6,3258.1,13,3,3258.0,22,3,3257.9,6,1,3257.7,65,3,3257.6,75,5,3258.3,977,2,3259.1,73,2,3259.2,20,1,3259.3,78,2,3259.4,88,3
11536,2025-12-30 13:58:47+05:30,3258.3,1,3253.24,1369257,106021.0,135864.0,3250.0,3267.5,3239.8,3251.5,46805675,3576.6,2926.4,4322.95,2866.6,3258.1,7,2,3258.0,36,4,3257.9,6,1,3257.7,65,3,3257.6,75,5,3258.3,975,2,3259.1,73,2,3259.2,20,1,3259.3,78,2,3259.4,88,3
11536,2025-12-30 13:58:47+05:30,3258.3,1,3253.24,1369257,106021.0,135864.0,3250.0,3267.5,3239.8,3251.5,46805675,3576.6,2926.4,4322.95,2866.6,3258.1,7,2,3258.0,36,4,3257.9,6,1,3257.7,65,3,3257.6,75,5,3258.3,975,2,3259.1,73,2,3259.2,20,1,3259.3,78,2,3259.4,88,3
11536,2025-12-30 13:58:48+05:30,3257.6,3,3253.24,1369257,106021.0,135864.0,3250.0,3267.5,3239.8,3251.5,46805675,3576.6,2926.4,4322.95,2866.6,3258.1,7,2,3258.0,36,4,3257.9,6,1,3257.7,65,3,3257.6,75,5,3258.3,975,2,3259.1,73,2,3259.2,20,1,3259.3,78,2,3259.4,88,3
11536,2025-12-30 13:58:48+05:30,3257.6,3,3253.24,1369702,105931.0,136927.0,3250.0,3267.5,3239.8,3251.5,46805675,3576.6,2926.4,4322.95,2866.6,3257.5,34,4,3257.4,80,3,3257.3,284,5,3257.2,33,2,3257.1,121,6,3257.6,103,1,3258.3,957,2,3259.0,21,1,3259.1,119,3,3259.2,45,2
11536,2025-12-30 13:58:49+05:30,3257.6,106,3253.24,1369702,105931.0,136927.0,3250.0,3267.5,3239.8,3251.5,46805675,3576.6,2926.4,4322.95,2866.6,3257.5,34,4,3257.4,80,3,3257.3,284,5,3257.2,33,2,3257.1,121,6,3257.6,103,1,3258.3,957,2,3259.0,21,1,3259.1,119,3,3259.2,45,2
11536,2025-12-30 13:58:49+05:30,3257.6,106,3253.25,1370089,106364.0,136634.0,3250.0,3267.5,3239.8,3251.5,46805675,3576.6,2926.4,4322.95,2866.6,3257.5,119,7,3257.4,34,2,3257.3,302,5,3257.2,33,2,3257.1,149,8,3257.6,120,2,3258.3,943,1,3259.0,21,1,3259.1,36,1,3259.2,37,2
11536,2025-12-30 13:58:50+05:30,3257.5,1,3253.25,1370091,106288.0,136566.0,3250.0,3267.5,3239.8,3251.5,46805675,3576.6,2926.4,4322.95,2866.6,3257.5,102,6,3257.4,13,1,3257.3,263,4,3257.2,33,2,3257.1,149,8,3257.6,149,3,3258.3,943,1,3259.0,21,1,3259.1,61,2,3259.2,37,2
11536,2025-12-30 13:58:50+05:30,3257.5,1,3253.25,1370091,106288.0,136566.0,3250.0,3267.5,3239.8,3251.5,46805675,3576.6,2926.4,4322.95,2866.6,3257.5,102,6,3257.4,13,1,3257.3,263,4,3257.2,33,2,3257.1,149,8,3257.6,149,3,3258.3,943,1,3259.0,21,1,3259.1,61,2,3259.2,37,2
11536,2025-12-30 13:58:51+05:30,3257.5,37,3253.25,1370091,106288.0,136566.0,3250.0,3267.5,3239.8,3251.5,46805675,3576.6,2926.4,4322.95,2866.6,3257.5,102,6,3257.4,13,1,3257.3,263,4,3257.2,33,2,3257.1,149,8,3257.6,149,3,3258.3,943,1,3259.0,21,1,3259.1,61,2,3259.2,37,2
11536,2025-12-30 13:58:51+05:30,3257.5,37,3253.25,1370193,106353.0,136584.0,3250.0,3267.5,3239.8,3251.5,46805675,3576.6,2926.4,4322.95,2866.6,3257.4,13,1,3257.3,326,7,3257.2,33,2,3257.1,90,6,3257.0,755,11,3257.5,3,1,3257.6,44,2,3258.3,943,1,3259.0,21,1,3259.1,61,2
11536,2025-12-30 13:58:52+05:30,3257.5,106,3253.25,1370193,106353.0,136584.0,3250.0,3267.5,3239.8,3251.5,46805675,3576.6,2926.4,4322.95,2866.6,3257.4,13,1,3257.3,326,7,3257.2,33,2,3257.1,90,6,3257.0,755,11,3257.5,3,1,3257.6,44,2,3258.3,943,1,3259.0,21,1,3259.1,61,2
11536,2025-12-30 13:58:52+05:30,3257.5,106,3253.25,1370302,106371.0,136634.0,3250.0,3267.5,3239.8,3251.5,46805675,3576.6,2926.4,4322.95,2866.6,3257.4,72,5,3257.3,263,4,3257.2,75,3,3257.1,116,7,3257.0,713,10,3257.5,48,2,3257.6,30,1,3258.3,943,1,3259.0,21,1,3259.1,61,2
11536,2025-12-30 13:58:53+05:30,3257.5,1,3253.25,1370302,106371.0,136634.0,3250.0,3267.5,3239.8,3251.5,46805675,3576.6,2926.4,4322.95,2866.6,3257.4,72,5,3257.3,263,4,3257.2,75,3,3257.1,116,7,3257.0,713,10,3257.5,48,2,3257.6,30,1,3258.3,943,1,3259.0,21,1,3259.1,61,2
11536,2025-12-30 13:58:53+05:30,3257.5,1,3253.25,1370304,106343.0,136612.0,3250.0,3267.5,3239.8,3251.5,46805675,3576.6,2926.4,4322.95,2866.6,3257.4,71,5,3257.3,263,4,3257.2,48,2,3257.1,116,7,3257.0,713,10,3257.5,47,2,3257.6,30,1,3258.3,943,1,3259.0,21,1,3259.1,61,2
11536,2025-12-30 13:58:54+05:30,3257.6,2,3253.25,1370304,106343.0,136612.0,3250.0,3267.5,3239.8,3251.5,46805675,3576.6,2926.4,4322.95,2866.6,3257.4,71,5,3257.3,263,4,3257.2,48,2,3257.1,116,7,3257.0,713,10,3257.5,47,2,3257.6,30,1,3258.3,943,1,3259.0,21,1,3259.1,61,2
11536,2025-12-30 13:58:54+05:30,3257.6,2,3253.25,1370353,106521.0,136344.0,3250.0,3267.5,3239.8,3251.5,46805675,3576.6,2926.4,4322.95,2866.6,3257.5,128,1,3257.4,93,6,3257.3,289,5,3257.2,42,1,3257.1,116,7,3257.6,28,1,3258.3,943,1,3259.0,21,1,3259.1,61,2,3259.2,37,2
11536,2025-12-30 13:58:55+05:30,3257.6,1,3253.25,1370354,106624.0,136336.0,3250.0,3267.5,3239.8,3251.5,46805675,3576.6,2926.4,4322.95,2866.6,3257.5,247,6,3257.4,50,4,3257.3,331,6,3257.2,27,1,3257.1,116,7,3257.6,27,1,3258.3,943,1,3259.0,21,1,3259.1,61,2,3259.2,37,2
11536,2025-12-30 13:58:55+05:30,3257.6,1,3253.25,1370354,106624.0,136336.0,3250.0,3267.5,3239.8,3251.5,46805675,3576.6,2926.4,4322.95,2866.6,3257.5,247,6,3257.4,50,4,3257.3,331,6,3257.2,27,1,3257.1,116,7,3257.6,27,1,3258.3,943,1,3259.0,21,1,3259.1,61,2,3259.2,37,2
11536,2025-12-30 13:58:56+05:30,3257.6,1,3253.25,1370355,106607.0,136205.0,3250.0,3267.5,3239.8,3251.5,46805675,3576.6,2926.4,4322.95,2866.6,3257.5,230,5,3257.4,50,4,3257.3,331,6,3257.2,27,1,3257.1,116,7,3257.6,26,1,3258.3,943,1,3259.0,21,1,3259.1,61,2,3259.2,37,2
11536,2025-12-30 13:58:56+05:30,3257.6,1,3253.25,1370355,106607.0,136205.0,3250.0,3267.5,3239.8,3251.5,46805675,3576.6,2926.4,4322.95,2866.6,3257.5,230,5,3257.4,50,4,3257.3,331,6,3257.2,27,1,3257.1,116,7,3257.6,26,1,3258.3,943,1,3259.0,21,1,3259.1,61,2,3259.2,37,2
11536,2025-12-30 13:58:57+05:30,3257.5,1,3253.25,1370392,106569.0,136203.0,3250.0,3267.5,3239.8,3251.5,46805675,3576.6,2926.4,4322.95,2866.6,3257.5,214,5,3257.4,28,3,3257.3,331,6,3257.2,27,1,3257.1,116,7,3257.6,5,1,3258.3,943,1,3259.0,21,1,3259.1,61,2,3259.2,37,2
11536,2025-12-30 13:58:57+05:30,3257.5,1,3253.25,1370392,106569.0,136203.0,3250.0,3267.5,3239.8,3251.5,46805675,3576.6,2926.4,4322.95,2866.6,3257.5,214,5,3257.4,28,3,3257.3,331,6,3257.2,27,1,3257.1,116,7,3257.6,5,1,3258.3,943,1,3259.0,21,1,3259.1,61,2,3259.2,37,2
11536,2025-12-30 13:58:58+05:30,3257.5,2,3253.25,1370577,106437.0,135512.0,3250.0,3267.5,3239.8,3251.5,46805675,3576.6,2926.4,4322.95,2866.6,3257.5,325,8,3257.4,56,3,3257.3,289,5,3257.2,65,3,3257.1,110,7,3258.3,765,1,3259.1,61,2,3259.2,37,2,3259.4,91,3,3259.5,46,1
11536,2025-12-30 13:58:58+05:30,3257.5,2,3253.25,1370577,106437.0,135512.0,3250.0,3267.5,3239.8,3251.5,46805675,3576.6,2926.4,4322.95,2866.6,3257.5,325,8,3257.4,56,3,3257.3,289,5,3257.2,65,3,3257.1,110,7,3258.3,765,1,3259.1,61,2,3259.2,37,2,3259.4,91,3,3259.5,46,1
11536,2025-12-30 13:58:59+05:30,3257.5,1,3253.25,1370709,106441.0,135431.0,3250.0,3267.5,3239.8,3251.5,46805675,3576.6,2926.4,4322.95,2866.6,3257.5,367,10,3257.4,14,2,3257.3,325,6,3257.2,65,3,3257.1,110,7,3258.3,634,1,3259.1,61,2,3259.2,37,2,3259.4,91,3,3259.6,71,4
11536,2025-12-30 13:58:59+05:30,3257.5,1,3253.25,1370709,106441.0,135431.0,3250.0,3267.5,3239.8,3251.5,46805675,3576.6,2926.4,4322.95,2866.6,3257.5,367,10,3257.4,14,2,3257.3,325,6,3257.2,65,3,3257.1,110,7,3258.3,634,1,3259.1,61,2,3259.2,37,2,3259.4,91,3,3259.6,71,4
11536,2025-12-30 13:59:00+05:30,3257.5,1,3253.25,1370709,106518.0,135429.0,3250.0,3267.5,3239.8,3251.5,46805675,3576.6,2926.4,4322.95,2866.6,3257.5,360,9,3257.4,14,2,3257.3,325,6,3257.2,65,3,3257.1,100,6,3258.3,634,1,3259.1,61,2,3259.2,37,2,3259.4,91,3,3259.5,46,1
11536,2025-12-30 13:59:01+05:30,3257.5,1,3253.25,1370710,105127.0,135414.0,3250.0,3267.5,3239.8,3251.5,46805675,3576.6,2926.4,4322.95,2866.6,3257.5,359,9,3257.4,14,2,3257.3,325,6,3257.2,65,3,3257.1,110,7,3258.3,634,1,3259.1,61,2,3259.2,37,2,3259.4,91,3,3259.5,46,1
11536,2025-12-30 13:59:01+05:30,3257.5,1,3253.25,1370710,105127.0,135414.0,3250.0,3267.5,3239.8,3251.5,46805675,3576.6,2926.4,4322.95,2866.6,3257.5,359,9,3257.4,14,2,3257.3,325,6,3257.2,65,3,3257.1,110,7,3258.3,634,1,3259.1,61,2,3259.2,37,2,3259.4,91,3,3259.5,46,1
11536,2025-12-30 13:59:02+05:30,3258.3,7,3253.25,1370710,105127.0,135414.0,3250.0,3267.5,3239.8,3251.5,46805675,3576.6,2926.4,4322.95,2866.6,3257.5,359,9,3257.4,14,2,3257.3,325,6,3257.2,65,3,3257.1,110,7,3258.3,634,1,3259.1,61,2,3259.2,37,2,3259.4,91,3,3259.5,46,1
11536,2025-12-30 13:59:02+05:30,3258.3,7,3253.25,1370727,106527.0,135407.0,3250.0,3267.5,3239.8,3251.5,46805675,3576.6,2926.4,4322.95,2866.6,3257.5,359,9,3257.4,14,2,3257.3,325,6,3257.2,65,3,3257.1,110,7,3258.3,617,1,3259.1,61,2,3259.2,37,2,3259.4,91,3,3259.5,46,1
11536,2025-12-30 13:59:03+05:30,3257.3,5,3253.25,1370727,106527.0,135407.0,3250.0,3267.5,3239.8,3251.5,46805675,3576.6,2926.4,4322.95,2866.6,3257.5,359,9,3257.4,14,2,3257.3,325,6,3257.2,65,3,3257.1,110,7,3258.3,617,1,3259.1,61,2,3259.2,37,2,3259.4,91,3,3259.5,46,1
11536,2025-12-30 13:59:03+05:30,3257.3,5,3253.25,1371785,105522.0,136158.0,3250.0,3267.5,3239.8,3251.5,46805675,3576.6,2926.4,4322.95,2866.6,3257.3,230,5,3257.2,38,1,3257.1,130,6,3257.0,381,11,3256.9,122,4,3258.3,617,1,3259.1,61,2,3259.2,40,3,3259.3,89,2,3259.4,91,3
11536,2025-12-30 13:59:04+05:30,3258.3,3,3253.25,1371788,105028.0,136813.0,3250.0,3267.5,3239.8,3251.5,46805675,3576.6,2926.4,4322.95,2866.6,3257.3,23,2,3257.2,175,1,3257.1,78,4,3257.0,345,10,3256.9,122,4,3258.3,614,1,3258.6,38,1,3258.7,23,1,3258.9,23,1,3259.0,70,4
11536,2025-12-30 13:59:05+05:30,3258.3,1,3253.25,1371788,105028.0,136813.0,3250.0,3267.5,3239.8,3251.5,46805675,3576.6,2926.4,4322.95,2866.6,3257.3,23,2,3257.2,175,1,3257.1,78,4,3257.0,345,10,3256.9,122,4,3258.3,614,1,3258.6,38,1,3258.7,23,1,3258.9,23,1,3259.0,70,4
11536,2025-12-30 13:59:05+05:30,3258.3,1,3253.25,1371790,105206.0,136788.0,3250.0,3267.5,3239.8,3251.5,46805675,3576.6,2926.4,4322.95,2866.6,3257.3,30,3,3257.2,175,1,3257.1,116,5,3257.0,391,11,3256.9,122,4,3258.3,613,1,3258.6,38,1,3258.7,23,1,3258.9,26,2,3259.0,70,4
11536,2025-12-30 13:59:06+05:30,3257.3,5,3253.25,1371790,105206.0,136788.0,3250.0,3267.5,3239.8,3251.5,46805675,3576.6,2926.4,4322.95,2866.6,3257.3,30,3,3257.2,175,1,3257.1,116,5,3257.0,391,11,3256.9,122,4,3258.3,613,1,3258.6,38,1,3258.7,23,1,3258.9,26,2,3259.0,70,4
11536,2025-12-30 13:59:06+05:30,3257.3,5,3253.25,1371815,105376.0,136868.0,3250.0,3267.5,3239.8,3251.5,46805675,3576.6,2926.4,4322.95,2866.6,3257.3,25,3,3257.2,175,1,3257.1,116,5,3257.0,391,11,3256.9,122,4,3258.3,607,2,3258.6,38,1,3258.7,23,1,3258.9,26,2,3259.0,112,5
11536,2025-12-30 13:59:07+05:30,3257.3,5,3253.25,1371815,105406.0,136868.0,3250.0,3267.5,3239.8,3251.5,46805675,3576.6,2926.4,4322.95,2866.6,3257.3,25,3,3257.2,175,1,3257.1,116,5,3257.0,391,11,3256.9,122,4,3258.3,607,2,3258.6,38,1,3258.7,23,1,3258.9,26,2,3259.0,112,5
11536,2025-12-30 13:59:08+05:30,3257.2,107,3253.25,1371965,103792.0,136360.0,3250.0,3267.5,3239.8,3251.5,46805675,3576.6,2926.4,4322.95,2866.6,3257.2,68,1,3257.1,76,5,3257.0,316,7,3256.9,87,3,3256.8,107,4,3258.2,100,4,3258.3,607,2,3258.4,46,1,3258.5,66,2,3258.6,110,2
11536,2025-12-30 13:59:08+05:30,3257.2,107,3253.25,1371965,103792.0,136360.0,3250.0,3267.5,3239.8,3251.5,46805675,3576.6,2926.4,4322.95,2866.6,3257.2,68,1,3257.1,76,5,3257.0,316,7,3256.9,87,3,3256.8,107,4,3258.2,100,4,3258.3,607,2,3258.4,46,1,3258.5,66,2,3258.6,110,2
11536,2025-12-30 13:59:09+05:30,3257.2,107,3253.25,1371965,104630.0,137159.0,3250.0,3267.5,3239.8,3251.5,46805675,3576.6,2926.4,4322.95,2866.6,3257.2,68,1,3257.1,76,5,3257.0,316,7,3256.9,87,3,3256.8,64,3,3258.1,16,1,3258.2,128,5,3258.3,629,2,3258.4,46,1,3258.5,64,2
11536,2025-12-30 13:59:10+05:30,3257.2,1,3253.25,1371965,104630.0,137159.0,3250.0,3267.5,3239.8,3251.5,46805675,3576.6,2926.4,4322.95,2866.6,3257.2,68,1,3257.1,76,5,3257.0,316,7,3256.9,87,3,3256.8,64,3,3258.1,16,1,3258.2,128,5,3258.3,629,2,3258.4,46,1,3258.5,64,2
11536,2025-12-30 13:59:10+05:30,3257.2,1,3253.25,1371982,103986.0,137550.0,3250.0,3267.5,3239.8,3251.5,46805675,3576.6,2926.4,4322.95,2866.6,3257.2,116,2,3257.1,62,4,3257.0,401,8,3256.9,87,3,3256.8,111,4,3258.0,8,1,3258.1,39,2,3258.2,90,4,3258.3,675,3,3258.4,39,1
11536,2025-12-30 13:59:11+05:30,3257.2,1,3253.25,1371982,104003.0,137548.0,3250.0,3267.5,3239.8,3251.5,46805675,3576.6,2926.4,4322.95,2866.6,3257.2,128,3,3257.1,62,4,3257.0,401,8,3256.9,134,4,3256.8,64,3,3258.0,8,1,3258.1,23,1,3258.2,104,4,3258.3,675,3,3258.4,39,1
11536,2025-12-30 13:59:12+05:30,3258.0,2,3253.25,1371984,104047.0,137457.0,3250.0,3267.5,3239.8,3251.5,46805675,3576.6,2926.4,4322.95,2866.6,3257.2,140,4,3257.1,87,4,3257.0,426,9,3256.9,87,3,3256.8,64,3,3258.0,20,2,3258.1,23,1,3258.2,66,2,3258.3,629,2,3258.5,64,2
11536,2025-12-30 13:59:12+05:30,3258.0,2,3253.25,1371984,104047.0,137457.0,3250.0,3267.5,3239.8,3251.5,46805675,3576.6,2926.4,4322.95,2866.6,3257.2,140,4,3257.1,87,4,3257.0,426,9,3256.9,87,3,3256.8,64,3,3258.0,20,2,3258.1,23,1,3258.2,66,2,3258.3,629,2,3258.5,64,2
11536,2025-12-30 13:59:13+05:30,3258.0,2,3253.25,1371987,105333.0,137476.0,3250.0,3267.5,3239.8,3251.5,46805675,3576.6,2926.4,4322.95,2866.6,3257.2,140,4,3257.1,87,4,3257.0,426,9,3256.9,87,3,3256.8,64,3,3258.0,37,4,3258.1,23,1,3258.2,66,2,3258.3,593,1,3258.5,64,2
11536,2025-12-30 13:59:13+05:30,3257.2,1,3253.25,1371987,105333.0,137476.0,3250.0,3267.5,3239.8,3251.5,46805675,3576.6,2926.4,4322.95,2866.6,3257.2,140,4,3257.1,87,4,3257.0,426,9,3256.9,87,3,3256.8,64,3,3258.0,37,4,3258.1,23,1,3258.2,66,2,3258.3,593,1,3258.5,64,2
11536,2025-12-30 13:59:14+05:30,3257.2,1,3253.25,1371988,105350.0,137527.0,3250.0,3267.5,3239.8,3251.5,46805675,3576.6,2926.4,4322.95,2866.6,3257.5,2,1,3257.2,127,3,3257.1,48,3,3257.0,379,8,3256.9,87,3,3258.0,37,4,3258.1,23,1,3258.2,105,3,3258.3,593,1,3258.4,47,1
11536,2025-12-30 13:59:15+05:30,3258.0,1,3253.25,1371988,105350.0,137527.0,3250.0,3267.5,3239.8,3251.5,46805675,3576.6,2926.4,4322.95,2866.6,3257.5,2,1,3257.2,127,3,3257.1,48,3,3257.0,379,8,3256.9,87,3,3258.0,37,4,3258.1,23,1,3258.2,105,3,3258.3,593,1,3258.4,47,1
11536,2025-12-30 13:59:15+05:30,3258.0,1,3253.25,1372007,105530.0,137305.0,3250.0,3267.5,3239.8,3251.5,46805675,3576.6,2926.4,4322.95,2866.6,3257.5,2,1,3257.2,127,3,3257.1,65,4,3257.0,379,8,3256.9,87,3,3258.0,18,2,3258.1,23,1,3258.2,105,3,3258.3,593,1,3258.5,64,2
11536,2025-12-30 13:59:16+05:30,3257.5,1,3253.25,1372008,104319.0,137333.0,3250.0,3267.5,3239.8,3251.5,46805675,3576.6,2926.4,4322.95,2866.6,3257.5,50,2,3257.4,15,1,3257.3,39,1,3257.2,174,4,3257.1,65,4,3258.1,23,1,3258.2,66,2,3258.3,593,1,3258.5,64,2,3258.6,54,1
11536,2025-12-30 13:59:16+05:30,3257.5,1,3253.25,1372008,104319.0,137333.0,3250.0,3267.5,3239.8,3251.5,46805675,3576.6,2926.4,4322.95,2866.6,3257.5,50,2,3257.4,15,1,3257.3,39,1,3257.2,174,4,3257.1,65,4,3258.1,23,1,3258.2,66,2,3258.3,593,1,3258.5,64,2,3258.6,54,1
11536,2025-12-30 13:59:17+05:30,3258.2,1,3253.25,1372009,105369.0,137319.0,3250.0,3267.5,3239.8,3251.5,46805675,3576.6,2926.4,4322.95,2866.6,3257.5,50,2,3257.2,184,4,3257.1,48,3,3257.0,530,12,3256.9,130,4,3258.3,593,1,3258.5,28,1,3258.6,93,2,3258.7,3,1,3258.8,129,3
11536,2025-12-30 13:59:17+05:30,3258.2,1,3253.25,1372009,105369.0,137319.0,3250.0,3267.5,3239.8,3251.5,46805675,3576.6,2926.4,4322.95,2866.6,3257.5,50,2,3257.2,184,4,3257.1,48,3,3257.0,530,12,3256.9,130,4,3258.3,593,1,3258.5,28,1,3258.6,93,2,3258.7,3,1,3258.8,129,3
11536,2025-12-30 13:59:18+05:30,3258.2,3,3253.25,1373071,104448.0,138044.0,3250.0,3267.5,3239.8,3251.5,46805675,3576.6,2926.4,4322.95,2866.6,3257.2,175,1,3257.1,21,2,3257.0,171,1,3256.9,87,3,3256.8,40,2,3258.2,106,3,3258.3,640,2,3258.5,28,1,3258.6,90,2,3258.7,3,1
11536,2025-12-30 13:59:18+05:30,3258.2,3,3253.25,1373071,104448.0,138044.0,3250.0,3267.5,3239.8,3251.5,46805675,3576.6,2926.4,4322.95,2866.6,3257.2,175,1,3257.1,21,2,3257.0,171,1,3256.9,87,3,3256.8,40,2,3258.2,106,3,3258.3,640,2,3258.5,28,1,3258.6,90,2,3258.7,3,1
11536,2025-12-30 13:59:19+05:30,3257.2,150,3253.25,1373221,106083.0,138304.0,3250.0,3267.5,3239.8,3251.5,46805675,3576.6,2926.4,4322.95,2866.6,3257.2,25,1,3257.0,171,1,3256.9,148,6,3256.8,59,3,3256.7,3,1,3258.2,109,4,3258.3,676,3,3258.4,27,1,3258.5,55,2,3258.6,90,2
11536,2025-12-30 13:59:19+05:30,3257.2,150,3253.25,1373221,106083.0,138304.0,3250.0,3267.5,3239.8,3251.5,46805675,3576.6,2926.4,4322.95,2866.6,3257.2,25,1,3257.0,171,1,3256.9,148,6,3256.8,59,3,3256.7,3,1,3258.2,109,4,3258.3,676,3,3258.4,27,1,3258.5,55,2,3258.6,90,2
11536,2025-12-30 13:59:20+05:30,3257.2,150,3253.25,1373221,105637.0,138364.0,3250.0,3267.5,3239.8,3251.5,46805675,3576.6,2926.4,4322.95,2866.6,3257.2,25,1,3257.0,171,1,3256.9,131,5,3256.8,59,3,3256.7,3,1,3258.0,62,2,3258.1,63,3,3258.2,117,4,3258.3,673,3,3258.4,27,1
11536,2025-12-30 13:59:21+05:30,3257.8,5,3253.25,1373226,105652.0,138384.0,3250.0,3267.5,3239.8,3251.5,46805675,3576.6,2926.4,4322.95,2866.6,3257.2,25,1,3256.9,161,7,3256.8,42,2,3256.6,202,5,3256.5,79,4,3257.8,18,1,3257.9,62,2,3258.0,54,2,3258.1,148,5,3258.2,47,1
11536,2025-12-30 13:59:21+05:30,3257.8,5,3253.25,1373226,105652.0,138384.0,3250.0,3267.5,3239.8,3251.5,46805675,3576.6,2926.4,4322.95,2866.6,3257.2,25,1,3256.9,161,7,3256.8,42,2,3256.6,202,5,3256.5,79,4,3257.8,18,1,3257.9,62,2,3258.0,54,2,3258.1,148,5,3258.2,47,1
11536,2025-12-30 13:59:21+05:30,3257.2,1,3253.25,1373227,105561.0,138205.0,3250.0,3267.5,3239.8,3251.5,46805675,3576.6,2926.4,4322.95,2866.6,3257.2,24,1,3256.9,164,8,3256.8,21,1,3256.7,49,1,3256.6,202,5,3257.8,18,1,3257.9,23,1,3258.0,78,3,3258.1,168,6,3258.2,76,2
11536,2025-12-30 13:59:22+05:30,3257.2,1,3253.25,1373227,105561.0,138205.0,3250.0,3267.5,3239.8,3251.5,46805675,3576.6,2926.4,4322.95,2866.6,3257.2,24,1,3256.9,164,8,3256.8,21,1,3256.7,49,1,3256.6,202,5,3257.8,18,1,3257.9,23,1,3258.0,78,3,3258.1,168,6,3258.2,76,2
11536,2025-12-30 13:59:22+05:30,3257.2,1,3253.25,1373227,105557.0,138241.0,3250.0,3267.5,3239.8,3251.5,46805675,3576.6,2926.4,4322.95,2866.6,3257.2,24,1,3256.9,178,9,3256.8,21,1,3256.7,49,1,3256.6,202,5,3257.8,18,1,3257.9,23,1,3258.0,78,3,3258.1,168,6,3258.2,76,2
11536,2025-12-30 13:59:23+05:30,3257.9,1,3253.26,1373269,105783.0,138074.0,3250.0,3267.5,3239.8,3251.5,46805675,3576.6,2926.4,4322.95,2866.6,3257.8,1,1,3257.4,39,3,3257.3,42,1,3257.2,15,1,3257.1,186,2,3258.0,54,2,3258.1,23,1,3258.2,47,1,3258.3,629,2,3258.5,69,2
11536,2025-12-30 13:59:24+05:30,3257.9,1,3253.26,1373269,105783.0,138074.0,3250.0,3267.5,3239.8,3251.5,46805675,3576.6,2926.4,4322.95,2866.6,3257.8,1,1,3257.4,39,3,3257.3,42,1,3257.2,15,1,3257.1,186,2,3258.0,54,2,3258.1,23,1,3258.2,47,1,3258.3,629,2,3258.5,69,2
11536,2025-12-30 13:59:24+05:30,3257.9,1,3253.26,1373269,105743.0,137759.0,3250.0,3267.5,3239.8,3251.5,46805675,3576.6,2926.4,4322.95,2866.6,3257.8,1,1,3257.5,57,2,3257.4,24,2,3257.3,42,1,3257.2,15,1,3258.0,54,2,3258.1,23,1,3258.2,47,1,3258.3,629,2,3258.5,69,2
11536,2025-12-30 13:59:25+05:30,3258.0,1,3253.26,1373269,105743.0,137759.0,3250.0,3267.5,3239.8,3251.5,46805675,3576.6,2926.4,4322.95,2866.6,3257.8,1,1,3257.5,57,2,3257.4,24,2,3257.3,42,1,3257.2,15,1,3258.0,54,2,3258.1,23,1,3258.2,47,1,3258.3,629,2,3258.5,69,2
11536,2025-12-30 13:59:25+05:30,3258.0,1,3253.26,1373272,106787.0,137756.0,3250.0,3267.5,3239.8,3251.5,46805675,3576.6,2926.4,4322.95,2866.6,3257.8,1,1,3257.5,57,2,3257.4,24,2,3257.3,42,1,3257.2,16,2,3258.0,52,3,3258.1,23,1,3258.2,47,1,3258.3,629,2,3258.4,41,1
11536,2025-12-30 13:59:26+05:30,3258.0,1,3253.26,1373272,106787.0,137756.0,3250.0,3267.5,3239.8,3251.5,46805675,3576.6,2926.4,4322.95,2866.6,3257.8,1,1,3257.5,57,2,3257.4,24,2,3257.3,42,1,3257.2,16,2,3258.0,52,3,3258.1,23,1,3258.2,47,1,3258.3,629,2,3258.4,41,1
11536,2025-12-30 13:59:26+05:30,3257.5,1,3253.26,1373274,106477.0,137996.0,3250.0,3267.5,3239.8,3251.5,46805675,3576.6,2926.4,4322.95,2866.6,3257.5,56,2,3257.4,15,1,3257.3,42,1,3257.2,28,3,3257.1,212,3,3258.0,68,6,3258.1,23,1,3258.2,47,1,3258.3,670,3,3258.4,49,1
11536,2025-12-30 13:59:27+05:30,3257.5,1,3253.26,1373274,106477.0,137996.0,3250.0,3267.5,3239.8,3251.5,46805675,3576.6,2926.4,4322.95,2866.6,3257.5,56,2,3257.4,15,1,3257.3,42,1,3257.2,28,3,3257.1,212,3,3258.0,68,6,3258.1,23,1,3258.2,47,1,3258.3,670,3,3258.4,49,1
11536,2025-12-30 13:59:28+05:30,3257.5,3,3253.26,1373461,106538.0,138406.0,3250.0,3267.5,3239.8,3251.5,46805675,3576.6,2926.4,4322.95,2866.6,3257.2,31,3,3257.1,273,2,3257.0,66,2,3256.9,196,9,3256.8,131,7,3258.2,23,1,3258.3,611,2,3258.4,77,2,3258.5,28,1,3258.6,90,2
11536,2025-12-30 13:59:29+05:30,3257.5,3,3253.26,1373461,106538.0,138406.0,3250.0,3267.5,3239.8,3251.5,46805675,3576.6,2926.4,4322.95,2866.6,3257.2,31,3,3257.1,273,2,3257.0,66,2,3256.9,196,9,3256.8,131,7,3258.2,23,1,3258.3,611,2,3258.4,77,2,3258.5,28,1,3258.6,90,2
11536,2025-12-30 13:59:32+05:30,3257.9,2,3253.26,1373461,106538.0,138406.0,3250.0,3267.5,3239.8,3251.5,46805675,3576.6,2926.4,4322.95,2866.6,3257.2,31,3,3257.1,273,2,3257.0,66,2,3256.9,196,9,3256.8,131,7,3258.2,23,1,3258.3,611,2,3258.4,77,2,3258.5,28,1,3258.6,90,2
11536,2025-12-30 13:59:32+05:30,3257.9,2,3253.26,1373629,105931.0,138134.0,3250.0,3267.5,3239.8,3251.5,46805675,3576.6,2926.4,4322.95,2866.6,3257.7,1,1,3257.1,42,1,3257.0,189,2,3256.9,257,6,3256.8,135,5,3258.1,76,2,3258.2,73,2,3258.3,588,1,3258.4,36,1,3258.5,3,1
11536,2025-12-30 13:59:34+05:30,3257.9,2,3253.26,1373629,105931.0,138134.0,3250.0,3267.5,3239.8,3251.5,46805675,3576.6,2926.4,4322.95,2866.6,3257.7,1,1,3257.1,42,1,3257.0,189,2,3256.9,257,6,3256.8,135,5,3258.1,76,2,3258.2,73,2,3258.3,588,1,3258.4,36,1,3258.5,3,1
11536,2025-12-30 13:59:35+05:30,3258.0,1,3253.26,1373629,105931.0,138134.0,3250.0,3267.5,3239.8,3251.5,46805675,3576.6,2926.4,4322.95,2866.6,3257.7,1,1,3257.1,42,1,3257.0,189,2,3256.9,257,6,3256.8,135,5,3258.1,76,2,3258.2,73,2,3258.3,588,1,3258.4,36,1,3258.5,3,1
11536,2025-12-30 13:59:35+05:30,3258.0,1,3253.26,1373629,105931.0,138134.0,3250.0,3267.5,3239.8,3251.5,46805675,3576.6,2926.4,4322.95,2866.6,3257.7,1,1,3257.1,42,1,3257.0,189,2,3256.9,257,6,3256.8,135,5,3258.1,76,2,3258.2,73,2,3258.3,588,1,3258.4,36,1,3258.5,3,1
11536,2025-12-30 13:59:36+05:30,3258.0,1,3253.26,1374708,104135.0,138392.0,3250.0,3267.5,3239.8,3251.5,46805675,3576.6,2926.4,4322.95,2866.6,3257.2,20,1,3256.9,274,7,3256.8,21,1,3256.6,70,6,3256.5,73,4,3258.0,90,2,3258.1,34,1,3258.3,588,1,3258.4,36,1,3258.5,3,1
11536,2025-12-30 13:59:37+05:30,3258.0,1,3253.26,1374708,104135.0,138392.0,3250.0,3267.5,3239.8,3251.5,46805675,3576.6,2926.4,4322.95,2866.6,3257.2,20,1,3256.9,274,7,3256.8,21,1,3256.6,70,6,3256.5,73,4,3258.0,90,2,3258.1,34,1,3258.3,588,1,3258.4,36,1,3258.5,3,1
11536,2025-12-30 13:59:38+05:30,3258.0,4,3253.26,1374708,104135.0,138392.0,3250.0,3267.5,3239.8,3251.5,46805675,3576.6,2926.4,4322.95,2866.6,3257.2,20,1,3256.9,274,7,3256.8,21,1,3256.6,70,6,3256.5,73,4,3258.0,90,2,3258.1,34,1,3258.3,588,1,3258.4,36,1,3258.5,3,1
11536,2025-12-30 13:59:38+05:30,3258.0,4,3253.26,1374708,104135.0,138392.0,3250.0,3267.5,3239.8,3251.5,46805675,3576.6,2926.4,4322.95,2866.6,3257.2,20,1,3256.9,274,7,3256.8,21,1,3256.6,70,6,3256.5,73,4,3258.0,90,2,3258.1,34,1,3258.3,588,1,3258.4,36,1,3258.5,3,1
11536,2025-12-30 13:59:39+05:30,3258.0,4,3253.26,1374708,104135.0,138392.0,3250.0,3267.5,3239.8,3251.5,46805675,3576.6,2926.4,4322.95,2866.6,3257.2,20,1,3256.9,274,7,3256.8,21,1,3256.6,70,6,3256.5,73,4,3258.0,90,2,3258.1,34,1,3258.3,588,1,3258.4,36,1,3258.5,3,1
11536,2025-12-30 13:59:40+05:30,3258.0,4,3253.26,1374708,104135.0,138392.0,3250.0,3267.5,3239.8,3251.5,46805675,3576.6,2926.4,4322.95,2866.6,3257.2,20,1,3256.9,274,7,3256.8,21,1,3256.6,70,6,3256.5,73,4,3258.0,90,2,3258.1,34,1,3258.3,588,1,3258.4,36,1,3258.5,3,1
11536,2025-12-30 13:59:40+05:30,3258.0,4,3253.26,1374714,105154.0,138603.0,3250.0,3267.5,3239.8,3251.5,46805675,3576.6,2926.4,4322.95,2866.6,3257.2,82,3,3257.0,5,1,3256.9,246,6,3256.8,38,2,3256.7,50,1,3257.9,23,1,3258.0,67,2,3258.1,70,2,3258.2,42,1,3258.3,588,1
11536,2025-12-30 13:59:41+05:30,3258.0,4,3253.26,1374714,105154.0,138603.0,3250.0,3267.5,3239.8,3251.5,46805675,3576.6,2926.4,4322.95,2866.6,3257.2,82,3,3257.0,5,1,3256.9,246,6,3256.8,38,2,3256.7,50,1,3257.9,23,1,3258.0,67,2,3258.1,70,2,3258.2,42,1,3258.3,588,1
11536,2025-12-30 13:59:42+05:30,3258.0,4,3253.26,1374714,105154.0,138603.0,3250.0,3267.5,3239.8,3251.5,46805675,3576.6,2926.4,4322.95,2866.6,3257.2,82,3,3257.0,5,1,3256.9,246,6,3256.8,38,2,3256.7,50,1,3257.9,23,1,3258.0,67,2,3258.1,70,2,3258.2,42,1,3258.3,588,1
11536,2025-12-30 13:59:43+05:30,3258.0,4,3253.26,1374714,105154.0,138603.0,3250.0,3267.5,3239.8,3251.5,46805675,3576.6,2926.4,4322.95,2866.6,3257.2,82,3,3257.0,5,1,3256.9,246,6,3256.8,38,2,3256.7,50,1,3257.9,23,1,3258.0,67,2,3258.1,70,2,3258.2,42,1,3258.3,588,1
11536,2025-12-30 13:59:44+05:30,3257.2,1,3253.26,1374714,105154.0,138603.0,3250.0,3267.5,3239.8,3251.5,46805675,3576.6,2926.4,4322.95,2866.6,3257.2,82,3,3257.0,5,1,3256.9,246,6,3256.8,38,2,3256.7,50,1,3257.9,23,1,3258.0,67,2,3258.1,70,2,3258.2,42,1,3258.3,588,1
11536,2025-12-30 13:59:44+05:30,3257.2,1,3253.26,1374714,105154.0,138603.0,3250.0,3267.5,3239.8,3251.5,46805675,3576.6,2926.4,4322.95,2866.6,3257.2,82,3,3257.0,5,1,3256.9,246,6,3256.8,38,2,3256.7,50,1,3257.9,23,1,3258.0,67,2,3258.1,70,2,3258.2,42,1,3258.3,588,1
11536,2025-12-30 13:59:45+05:30,3257.2,127,3253.26,1375128,106034.0,137509.0,3250.0,3267.5,3239.8,3251.5,46805675,3576.6,2926.4,4322.95,2866.6,3257.0,28,3,3256.9,302,7,3256.8,41,2,3256.7,42,1,3256.6,225,6,3257.2,205,1,3258.2,34,1,3258.3,549,2,3258.4,23,2,3258.6,96,4
11536,2025-12-30 13:59:45+05:30,3257.2,127,3253.26,1375128,106034.0,137509.0,3250.0,3267.5,3239.8,3251.5,46805675,3576.6,2926.4,4322.95,2866.6,3257.0,28,3,3256.9,302,7,3256.8,41,2,3256.7,42,1,3256.6,225,6,3257.2,205,1,3258.2,34,1,3258.3,549,2,3258.4,23,2,3258.6,96,4
11536,2025-12-30 13:59:47+05:30,3257.2,1,3253.26,1375128,106034.0,137509.0,3250.0,3267.5,3239.8,3251.5,46805675,3576.6,2926.4,4322.95,2866.6,3257.0,28,3,3256.9,302,7,3256.8,41,2,3256.7,42,1,3256.6,225,6,3257.2,205,1,3258.2,34,1,3258.3,549,2,3258.4,23,2,3258.6,96,4
11536,2025-12-30 13:59:47+05:30,3257.2,1,3253.26,1375128,106034.0,137509.0,3250.0,3267.5,3239.8,3251.5,46805675,3576.6,2926.4,4322.95,2866.6,3257.0,28,3,3256.9,302,7,3256.8,41,2,3256.7,42,1,3256.6,225,6,3257.2,205,1,3258.2,34,1,3258.3,549,2,3258.4,23,2,3258.6,96,4
11536,2025-12-30 13:59:48+05:30,3257.2,1,3253.26,1375128,106034.0,137509.0,3250.0,3267.5,3239.8,3251.5,46805675,3576.6,2926.4,4322.95,2866.6,3257.0,28,3,3256.9,302,7,3256.8,41,2,3256.7,42,1,3256.6,225,6,3257.2,205,1,3258.2,34,1,3258.3,549,2,3258.4,23,2,3258.6,96,4
11536,2025-12-30 13:59:49+05:30,3256.7,6,3253.26,1376366,106685.0,138449.0,3250.0,3267.5,3239.8,3251.5,46805675,3576.6,2926.4,4322.95,2866.6,3256.9,169,1,3256.7,16,2,3256.6,116,5,3256.5,11,2,3256.4,197,2,3257.2,40,2,3257.9,22,1,3258.0,36,1,3258.1,53,2,3258.2,118,4
11536,2025-12-30 13:59:50+05:30,3257.2,57,3253.26,1376366,106685.0,138449.0,3250.0,3267.5,3239.8,3251.5,46805675,3576.6,2926.4,4322.95,2866.6,3256.9,169,1,3256.7,16,2,3256.6,116,5,3256.5,11,2,3256.4,197,2,3257.2,40,2,3257.9,22,1,3258.0,36,1,3258.1,53,2,3258.2,118,4
11536,2025-12-30 13:59:50+05:30,3257.2,57,3253.26,1376366,106685.0,138449.0,3250.0,3267.5,3239.8,3251.5,46805675,3576.6,2926.4,4322.95,2866.6,3256.9,169,1,3256.7,16,2,3256.6,116,5,3256.5,11,2,3256.4,197,2,3257.2,40,2,3257.9,22,1,3258.0,36,1,3258.1,53,2,3258.2,118,4
11536,2025-12-30 13:59:51+05:30,3257.2,57,3253.26,1376366,106685.0,138449.0,3250.0,3267.5,3239.8,3251.5,46805675,3576.6,2926.4,4322.95,2866.6,3256.9,169,1,3256.7,16,2,3256.6,116,5,3256.5,11,2,3256.4,197,2,3257.2,40,2,3257.9,22,1,3258.0,36,1,3258.1,53,2,3258.2,118,4
11536,2025-12-30 13:59:53+05:30,3257.2,3,3253.26,1376366,106685.0,138449.0,3250.0,3267.5,3239.8,3251.5,46805675,3576.6,2926.4,4322.95,2866.6,3256.9,169,1,3256.7,16,2,3256.6,116,5,3256.5,11,2,3256.4,197,2,3257.2,40,2,3257.9,22,1,3258.0,36,1,3258.1,53,2,3258.2,118,4
11536,2025-12-30 13:59:53+05:30,3257.2,3,3253.26,1376366,106685.0,138449.0,3250.0,3267.5,3239.8,3251.5,46793775,3576.6,2926.4,4322.95,2866.6,3256.9,169,1,3256.7,16,2,3256.6,116,5,3256.5,11,2,3256.4,197,2,3257.2,40,2,3257.9,22,1,3258.0,36,1,3258.1,53,2,3258.2,118,4
11536,2025-12-30 13:59:53+05:30,3257.2,3,3253.26,1376619,107271.0,138861.0,3250.0,3267.5,3239.8,3251.5,46793775,3576.6,2926.4,4322.95,2866.6,3257.0,5,1,3256.9,278,6,3256.7,42,1,3256.6,74,4,3256.5,204,4,3257.2,221,3,3258.0,36,1,3258.1,53,2,3258.2,118,4,3258.3,608,4
11536,2025-12-30 13:59:55+05:30,3257.2,3,3253.26,1376619,107271.0,138861.0,3250.0,3267.5,3239.8,3251.5,46793775,3576.6,2926.4,4322.95,2866.6,3257.0,5,1,3256.9,278,6,3256.7,42,1,3256.6,74,4,3256.5,204,4,3257.2,221,3,3258.0,36,1,3258.1,53,2,3258.2,118,4,3258.3,608,4
11536,2025-12-30 13:59:56+05:30,3257.2,1,3253.26,1376619,107271.0,138861.0,3250.0,3267.5,3239.8,3251.5,46793775,3576.6,2926.4,4322.95,2866.6,3257.0,5,1,3256.9,278,6,3256.7,42,1,3256.6,74,4,3256.5,204,4,3257.2,221,3,3258.0,36,1,3258.1,53,2,3258.2,118,4,3258.3,608,4
11536,2025-12-30 13:59:58+05:30,3257.1,2,3253.27,1376978,107921.0,136517.0,3250.0,3267.5,3239.8,3251.5,46793775,3576.6,2926.4,4322.95,2866.6,3257.1,3,1,3257.0,188,8,3256.9,160,5,3256.8,84,4,3256.7,35,2,3258.3,279,1,3258.5,36,1,3258.7,43,1,3258.8,197,6,3258.9,511,6
11536,2025-12-30 13:59:59+05:30,3257.1,1,3253.27,1376978,107921.0,136517.0,3250.0,3267.5,3239.8,3251.5,46793775,3576.6,2926.4,4322.95,2866.6,3257.1,3,1,3257.0,188,8,3256.9,160,5,3256.8,84,4,3256.7,35,2,3258.3,279,1,3258.5,36,1,3258.7,43,1,3258.8,197,6,3258.9,511,6
11536,2025-12-30 14:00:02+05:30,3258.2,1,3253.27,1376978,107921.0,136517.0,3250.0,3267.5,3239.8,3251.5,46793775,3576.6,2926.4,4322.95,2866.6,3257.1,3,1,3257.0,188,8,3256.9,160,5,3256.8,84,4,3256.7,35,2,3258.3,279,1,3258.5,36,1,3258.7,43,1,3258.8,197,6,3258.9,511,6
11536,2025-12-30 14:00:03+05:30,3256.7,134,3253.27,1378114,105553.0,137338.0,3250.0,3267.5,3239.8,3251.5,46793775,3576.6,2926.4,4322.95,2866.6,3256.7,47,4,3256.6,5,2,3256.5,313,6,3256.4,281,8,3256.3,195,3,3258.0,126,3,3258.1,10,1,3258.3,270,2,3258.5,67,2,3258.6,112,3
11536,2025-12-30 14:00:06+05:30,3258.0,10,3253.27,1378114,105553.0,137338.0,3250.0,3267.5,3239.8,3251.5,46793775,3576.6,2926.4,4322.95,2866.6,3256.7,47,4,3256.6,5,2,3256.5,313,6,3256.4,281,8,3256.3,195,3,3258.0,126,3,3258.1,10,1,3258.3,270,2,3258.5,67,2,3258.6,112,3
11536,2025-12-30 14:00:08+05:30,3258.3,16,3253.27,1379909,109514.0,135463.0,3250.0,3267.5,3239.8,3251.5,46793775,3576.6,2926.4,4322.95,2866.6,3258.3,31,3,3258.0,85,1,3257.5,19,1,3257.4,21,1,3257.3,3,1,3258.9,120,4,3259.0,36,2,3259.1,114,3,3259.2,71,4,3259.3,85,2
11536,2025-12-30 14:00:10+05:30,3258.9,3,3253.27,1379909,109514.0,135463.0,3250.0,3267.5,3239.8,3251.5,46793775,3576.6,2926.4,4322.95,2866.6,3258.3,31,3,3258.0,85,1,3257.5,19,1,3257.4,21,1,3257.3,3,1,3258.9,120,4,3259.0,36,2,3259.1,114,3,3259.2,71,4,3259.3,85,2
11536,2025-12-30 14:00:12+05:30,3257.1,1,3253.29,1384147,107924.0,137569.0,3250.0,3267.5,3239.8,3251.5,46793775,3576.6,2926.4,4322.95,2866.6,3257.1,53,2,3257.0,200,1,3256.9,193,2,3256.8,220,5,3256.7,147,5,3258.0,56,2,3258.2,44,1,3258.3,20,2,3258.6,3,1,3258.7,107,3
11536,2025-12-30 14:00:14+05:30,3258.0,28,3253.29,1384147,107924.0,137569.0,3250.0,3267.5,3239.8,3251.5,46793775,3576.6,2926.4,4322.95,2866.6,3257.1,53,2,3257.0,200,1,3256.9,193,2,3256.8,220,5,3256.7,147,5,3258.0,56,2,3258.2,44,1,3258.3,20,2,3258.6,3,1,3258.7,107,3
11536,2025-12-30 14:00:16+05:30,3258.0,1,3253.29,1384184,108096.0,137574.0,3250.0,3267.5,3239.8,3251.5,46793775,3576.6,2926.4,4322.95,2866.6,3257.1,62,3,3257.0,210,2,3256.9,327,5,3256.8,220,5,3256.7,164,7,3258.0,28,2,3258.5,44,1,3258.6,3,1,3258.7,235,3,3258.8,108,4
11536,2025-12-30 14:00:18+05:30,3258.0,3,3253.29,1384184,108096.0,137574.0,3250.0,3267.5,3239.8,3251.5,46793775,3576.6,2926.4,4322.95,2866.6,3257.1,62,3,3257.0,210,2,3256.9,327,5,3256.8,220,5,3256.7,164,7,3258.0,28,2,3258.5,44,1,3258.6,3,1,3258.7,235,3,3258.8,108,4
11536,2025-12-30 14:00:21+05:30,3257.1,52,3253.29,1385563,108312.0,138144.0,3250.0,3267.5,3239.8,3251.5,46793775,3576.6,2926.4,4322.95,2866.6,3256.9,273,5,3256.8,15,1,3256.7,84,3,3256.6,236,7,3256.5,34,4,3257.9,100,3,3258.0,103,2,3258.1,10,1,3258.3,97,3,3258.4,49,3
11536,2025-12-30 14:00:22+05:30,3258.0,10,3253.29,1385563,108312.0,138144.0,3250.0,3267.5,3239.8,3251.5,46793775,3576.6,2926.4,4322.95,2866.6,3256.9,273,5,3256.8,15,1,3256.7,84,3,3256.6,236,7,3256.5,34,4,3257.9,100,3,3258.0,103,2,3258.1,10,1,3258.3,97,3,3258.4,49,3
11536,2025-12-30 14:00:26+05:30,3257.0,1,3253.3,1385679,108142.0,138116.0,3250.0,3267.5,3239.8,3251.5,46793775,3576.6,2926.4,4322.95,2866.6,3257.0,135,4,3256.9,290,6,3256.8,15,1,3256.7,96,5,3256.6,109,6,3258.0,89,1,3258.4,19,1,3258.5,201,3,3258.6,138,4,3258.7,194,8
11536,2025-12-30 14:00:26+05:30,3257.0,1,3253.3,1385679,108142.0,138116.0,3250.0,3267.5,3239.8,3251.5,46793775,3576.6,2926.4,4322.95,2866.6,3257.0,135,4,3256.9,290,6,3256.8,15,1,3256.7,96,5,3256.6,109,6,3258.0,89,1,3258.4,19,1,3258.5,201,3,3258.6,138,4,3258.7,194,8
11536,2025-12-30 14:00:27+05:30,3258.4,3,3253.3,1385885,108773.0,136527.0,3250.0,3267.5,3239.8,3251.5,46793775,3576.6,2926.4,4322.95,2866.6,3257.2,74,2,3257.1,71,3,3257.0,480,2,3256.9,331,7,3256.8,36,2,3258.4,39,2,3258.5,164,1,3258.6,137,4,3258.7,93,3,3258.8,115,4
11536,2025-12-30 14:00:28+05:30,3257.2,3,3253.3,1385885,108773.0,136527.0,3250.0,3267.5,3239.8,3251.5,46793775,3576.6,2926.4,4322.95,2866.6,3257.2,74,2,3257.1,71,3,3257.0,480,2,3256.9,331,7,3256.8,36,2,3258.4,39,2,3258.5,164,1,3258.6,137,4,3258.7,93,3,3258.8,115,4
11536,2025-12-30 14:00:28+05:30,3258.0,10,3253.3,1385899,108309.0,137176.0,3250.0,3267.5,3239.8,3251.5,46793775,3576.6,2926.4,4322.95,2866.6,3257.0,450,1,3256.9,275,5,3256.8,36,2,3256.7,151,6,3256.6,46,4,3258.3,105,3,3258.4,23,2,3258.5,127,4,3258.6,186,2,3258.7,93,3
11536,2025-12-30 14:00:29+05:30,3258.0,10,3253.3,1385899,108309.0,137176.0,3250.0,3267.5,3239.8,3251.5,46793775,3576.6,2926.4,4322.95,2866.6,3257.0,450,1,3256.9,275,5,3256.8,36,2,3256.7,151,6,3256.6,46,4,3258.3,105,3,3258.4,23,2,3258.5,127,4,3258.6,186,2,3258.7,93,3
11536,2025-12-30 14:00:29+05:30,3258.2,10,3253.3,1385909,108519.0,137151.0,3250.0,3267.5,3239.8,3251.5,46793775,3576.6,2926.4,4322.95,2866.6,3257.1,31,1,3257.0,503,3,3256.9,368,8,3256.8,36,2,3256.7,151,6,3258.2,33,1,3258.3,62,2,3258.4,23,2,3258.5,127,4,3258.6,189,3
11536,2025-12-30 14:00:30+05:30,3258.2,10,3253.3,1385909,108519.0,137151.0,3250.0,3267.5,3239.8,3251.5,46793775,3576.6,2926.4,4322.95,2866.6,3257.1,31,1,3257.0,503,3,3256.9,368,8,3256.8,36,2,3256.7,151,6,3258.2,33,1,3258.3,62,2,3258.4,23,2,3258.5,127,4,3258.6,189,3
11536,2025-12-30 14:00:30+05:30,3258.2,1,3253.3,1385910,108503.0,136974.0,3250.0,3267.5,3239.8,3251.5,46793775,3576.6,2926.4,4322.95,2866.6,3257.1,120,5,3257.0,523,3,3256.9,290,6,3256.8,78,4,3256.7,161,7,3258.4,23,2,3258.5,103,4,3258.6,189,3,3258.7,112,4,3258.8,142,5
11536,2025-12-30 14:00:31+05:30,3258.0,3,3253.3,1385910,108503.0,136974.0,3250.0,3267.5,3239.8,3251.5,46793775,3576.6,2926.4,4322.95,2866.6,3257.1,120,5,3257.0,523,3,3256.9,290,6,3256.8,78,4,3256.7,161,7,3258.4,23,2,3258.5,103,4,3258.6,189,3,3258.7,112,4,3258.8,142,5
11536,2025-12-30 14:00:31+05:30,3257.1,2,3253.3,1386541,106263.0,138797.0,3250.0,3267.5,3239.8,3251.5,46793775,3576.6,2926.4,4322.95,2866.6,3256.9,105,5,3256.8,15,1,3256.7,102,4,3256.6,5,2,3256.5,8,1,3257.1,8,1,3257.6,32,2,3258.0,122,3,3258.1,306,8,3258.2,142,4
11536,2025-12-30 14:00:32+05:30,3257.1,2,3253.3,1386541,106263.0,138797.0,3250.0,3267.5,3239.8,3251.5,46793775,3576.6,2926.4,4322.95,2866.6,3256.9,105,5,3256.8,15,1,3256.7,102,4,3256.6,5,2,3256.5,8,1,3257.1,8,1,3257.6,32,2,3258.0,122,3,3258.1,306,8,3258.2,142,4
11536,2025-12-30 14:00:32+05:30,3256.5,15,3253.3,1387599,104896.0,136450.0,3250.0,3267.5,3239.8,3251.5,46793775,3576.6,2926.4,4322.95,2866.6,3256.5,13,1,3256.4,118,5,3256.3,92,3,3256.2,105,7,3256.1,237,7,3257.9,122,4,3258.0,85,3,3258.1,28,2,3258.2,38,1,3258.3,186,2
11536,2025-12-30 14:00:33+05:30,3256.5,15,3253.3,1387599,104896.0,136450.0,3250.0,3267.5,3239.8,3251.5,46793775,3576.6,2926.4,4322.95,2866.6,3256.5,13,1,3256.4,118,5,3256.3,92,3,3256.2,105,7,3256.1,237,7,3257.9,122,4,3258.0,85,3,3258.1,28,2,3258.2,38,1,3258.3,186,2
11536,2025-12-30 14:00:34+05:30,3256.5,15,3253.3,1387599,104869.0,136713.0,3250.0,3267.5,3239.8,3251.5,46793775,3576.6,2926.4,4322.95,2866.6,3256.4,106,4,3256.3,31,2,3256.2,75,5,3256.1,209,7,3256.0,968,10,3257.8,93,2,3257.9,94,4,3258.0,85,3,3258.1,28,2,3258.2,38,1
11536,2025-12-30 14:00:35+05:30,3257.7,1,3253.3,1387599,104869.0,136713.0,3250.0,3267.5,3239.8,3251.5,46793775,3576.6,2926.4,4322.95,2866.6,3256.4,106,4,3256.3,31,2,3256.2,75,5,3256.1,209,7,3256.0,968,10,3257.8,93,2,3257.9,94,4,3258.0,85,3,3258.1,28,2,3258.2,38,1
11536,2025-12-30 14:00:35+05:30,3257.7,1,3253.3,1387605,105184.0,136975.0,3250.0,3267.5,3239.8,3251.5,46793775,3576.6,2926.4,4322.95,2866.6,3256.4,44,3,3256.3,82,3,3256.2,107,6,3256.1,332,6,3256.0,793,9,3257.7,111,3,3257.8,24,1,3257.9,94,4,3258.0,38,1,3258.1,28,2
11536,2025-12-30 14:00:36+05:30,3257.7,1,3253.3,1387605,105184.0,136975.0,3250.0,3267.5,3239.8,3251.5,46793775,3576.6,2926.4,4322.95,2866.6,3256.4,44,3,3256.3,82,3,3256.2,107,6,3256.1,332,6,3256.0,793,9,3257.7,111,3,3257.8,24,1,3257.9,94,4,3258.0,38,1,3258.1,28,2
11536,2025-12-30 14:00:36+05:30,3257.7,1,3253.3,1387626,105581.0,136832.0,3250.0,3267.5,3239.8,3251.5,46793775,3576.6,2926.4,4322.95,2866.6,3256.5,13,1,3256.4,154,7,3256.3,31,2,3256.2,136,6,3256.1,369,8,3257.7,56,2,3257.9,47,2,3258.0,38,1,3258.1,28,2,3258.2,84,2
11536,2025-12-30 14:00:37+05:30,3257.7,1,3253.3,1387626,105830.0,136852.0,3250.0,3267.5,3239.8,3251.5,46793775,3576.6,2926.4,4322.95,2866.6,3256.5,1,1,3256.4,98,5,3256.3,31,2,3256.2,136,6,3256.1,359,7,3257.6,23,1,3257.7,61,3,3257.9,42,1,3258.0,38,1,3258.1,31,3
11536,2025-12-30 14:00:38+05:30,3257.6,4,3253.3,1387626,105830.0,136852.0,3250.0,3267.5,3239.8,3251.5,46793775,3576.6,2926.4,4322.95,2866.6,3256.5,1,1,3256.4,98,5,3256.3,31,2,3256.2,136,6,3256.1,359,7,3257.6,23,1,3257.7,61,3,3257.9,42,1,3258.0,38,1,3258.1,31,3
11536,2025-12-30 14:00:38+05:30,3257.6,4,3253.3,1387630,105824.0,136756.0,3250.0,3267.5,3239.8,3251.5,46793775,3576.6,2926.4,4322.95,2866.6,3256.5,1,1,3256.4,98,5,3256.3,31,2,3256.2,154,7,3256.1,369,8,3257.6,19,1,3257.7,37,2,3257.9,42,1,3258.0,38,1,3258.1,31,3
11536,2025-12-30 14:00:39+05:30,3257.6,4,3253.3,1387630,105801.0,136598.0,3250.0,3267.5,3239.8,3251.5,46793775,3576.6,2926.4,4322.95,2866.6,3256.6,34,1,3256.5,52,2,3256.4,89,5,3256.3,57,4,3256.2,174,7,3257.6,33,2,3257.7,23,1,3257.9,42,1,3258.0,38,1,3258.1,31,3
11536,2025-12-30 14:00:40+05:30,3257.6,1,3253.3,1387630,105801.0,136598.0,3250.0,3267.5,3239.8,3251.5,46793775,3576.6,2926.4,4322.95,2866.6,3256.6,34,1,3256.5,52,2,3256.4,89,5,3256.3,57,4,3256.2,174,7,3257.6,33,2,3257.7,23,1,3257.9,42,1,3258.0,38,1,3258.1,31,3
11536,2025-12-30 14:00:40+05:30,3257.6,1,3253.3,1387631,105792.0,135375.0,3250.0,3267.5,3239.8,3251.5,46793775,3576.6,2926.4,4322.95,2866.6,3256.5,106,4,3256.4,68,5,3256.3,31,2,3256.2,154,7,3256.1,342,7,3257.6,14,1,3257.7,23,1,3257.9,42,1,3258.0,38,1,3258.1,31,3
11536,2025-12-30 14:00:41+05:30,3256.5,1,3253.3,1387631,105792.0,135375.0,3250.0,3267.5,3239.8,3251.5,46793775,3576.6,2926.4,4322.95,2866.6,3256.5,106,4,3256.4,68,5,3256.3,31,2,3256.2,154,7,3256.1,342,7,3257.6,14,1,3257.7,23,1,3257.9,42,1,3258.0,38,1,3258.1,31,3
11536,2025-12-30 14:00:41+05:30,3256.5,1,3253.3,1387632,105797.0,136655.0,3250.0,3267.5,3239.8,3251.5,46793775,3576.6,2926.4,4322.95,2866.6,3256.5,106,4,3256.4,73,6,3256.3,31,2,3256.2,154,7,3256.1,342,7,3257.6,45,2,3257.7,23,1,3257.9,42,1,3258.0,38,1,3258.1,31,3
11536,2025-12-30 14:00:42+05:30,3257.6,1,3253.3,1387632,105797.0,136655.0,3250.0,3267.5,3239.8,3251.5,46793775,3576.6,2926.4,4322.95,2866.6,3256.5,106,4,3256.4,73,6,3256.3,31,2,3256.2,154,7,3256.1,342,7,3257.6,45,2,3257.7,23,1,3257.9,42,1,3258.0,38,1,3258.1,31,3
11536,2025-12-30 14:00:42+05:30,3257.6,1,3253.3,1387633,105793.0,136784.0,3250.0,3267.5,3239.8,3251.5,46793775,3576.6,2926.4,4322.95,2866.6,3256.5,130,6,3256.4,64,5,3256.3,39,3,3256.2,192,8,3256.1,342,7,3257.6,44,2,3257.9,42,1,3258.0,38,1,3258.1,31,3,3258.2,38,1
11536,2025-12-30 14:00:43+05:30,3256.6,1,3253.3,1387633,105793.0,136784.0,3250.0,3267.5,3239.8,3251.5,46793775,3576.6,2926.4,4322.95,2866.6,3256.5,130,6,3256.4,64,5,3256.3,39,3,3256.2,192,8,3256.1,342,7,3257.6,44,2,3257.9,42,1,3258.0,38,1,3258.1,31,3,3258.2,38,1
11536,2025-12-30 14:00:43+05:30,3256.6,1,3253.3,1387638,105990.0,136788.0,3250.0,3267.5,3239.8,3251.5,46793775,3576.6,2926.4,4322.95,2866.6,3256.6,97,4,3256.5,64,3,3256.4,82,6,3256.3,69,3,3256.2,154,7,3257.6,40,2,3257.9,42,1,3258.0,38,1,3258.1,31,3,3258.2,38,1
11536,2025-12-30 14:00:44+05:30,3257.6,7,3253.3,1387656,106145.0,136838.0,3250.0,3267.5,3239.8,3251.5,46793775,3576.6,2926.4,4322.95,2866.6,3256.6,97,4,3256.5,64,3,3256.4,82,6,3256.3,78,4,3256.2,154,7,3257.6,22,1,3257.9,42,1,3258.1,28,2,3258.2,38,1,3258.3,186,2
11536,2025-12-30 14:00:45+05:30,3257.6,1,3253.3,1387656,106145.0,136838.0,3250.0,3267.5,3239.8,3251.5,46793775,3576.6,2926.4,4322.95,2866.6,3256.6,97,4,3256.5,64,3,3256.4,82,6,3256.3,78,4,3256.2,154,7,3257.6,22,1,3257.9,42,1,3258.1,28,2,3258.2,38,1,3258.3,186,2
11536,2025-12-30 14:00:45+05:30,3256.6,1,3253.3,1387658,106144.0,136862.0,3250.0,3267.5,3239.8,3251.5,46793775,3576.6,2926.4,4322.95,2866.6,3256.6,96,4,3256.5,64,3,3256.4,82,6,3256.3,69,3,3256.2,329,8,3257.6,21,1,3257.9,42,1,3258.1,28,2,3258.2,68,2,3258.3,186,2
11536,2025-12-30 14:00:46+05:30,3256.6,1,3253.3,1387658,106144.0,136862.0,3250.0,3267.5,3239.8,3251.5,46793775,3576.6,2926.4,4322.95,2866.6,3256.6,96,4,3256.5,64,3,3256.4,82,6,3256.3,69,3,3256.2,329,8,3257.6,21,1,3257.9,42,1,3258.1,28,2,3258.2,68,2,3258.3,186,2
11536,2025-12-30 14:00:46+05:30,3257.6,1,3253.3,1387660,106144.0,136851.0,3250.0,3267.5,3239.8,3251.5,46793775,3576.6,2926.4,4322.95,2866.6,3256.6,96,4,3256.5,64,3,3256.4,82,6,3256.3,253,5,3256.2,154,7,3257.6,19,1,3257.9,42,1,3258.1,28,2,3258.2,68,2,3258.3,186,2
11536,2025-12-30 14:00:47+05:30,3257.6,1,3253.3,1387660,106144.0,136851.0,3250.0,3267.5,3239.8,3251.5,46793775,3576.6,2926.4,4322.95,2866.6,3256.6,96,4,3256.5,64,3,3256.4,82,6,3256.3,253,5,3256.2,154,7,3257.6,19,1,3257.9,42,1,3258.1,28,2,3258.2,68,2,3258.3,186,2
11536,2025-12-30 14:00:47+05:30,3257.5,3,3253.3,1388722,105240.0,137063.0,3250.0,3267.5,3239.8,3251.5,46793775,3576.6,2926.4,4322.95,2866.6,3256.3,357,3,3256.2,29,2,3256.1,67,2,3256.0,743,7,3255.9,52,5,3257.5,47,1,3257.6,46,3,3257.7,21,1,3257.8,41,1,3257.9,57,2
11536,2025-12-30 14:00:48+05:30,3256.6,3,3253.3,1388722,105240.0,137063.0,3250.0,3267.5,3239.8,3251.5,46793775,3576.6,2926.4,4322.95,2866.6,3256.3,357,3,3256.2,29,2,3256.1,67,2,3256.0,743,7,3255.9,52,5,3257.5,47,1,3257.6,46,3,3257.7,21,1,3257.8,41,1,3257.9,57,2
11536,2025-12-30 14:00:49+05:30,3256.6,3,3253.3,1388725,105575.0,137026.0,3250.0,3267.5,3239.8,3251.5,46793775,3576.6,2926.4,4322.95,2866.6,3256.6,8,1,3256.3,373,4,3256.2,115,6,3256.1,67,2,3256.0,765,8,3257.5,47,1,3257.6,19,1,3257.8,88,2,3257.9,86,3,3258.0,33,2
11536,2025-12-30 14:00:50+05:30,3257.5,1,3253.3,1388726,105577.0,137203.0,3250.0,3267.5,3239.8,3251.5,46793775,3576.6,2926.4,4322.95,2866.6,3256.6,8,1,3256.3,373,4,3256.2,115,6,3256.1,67,2,3256.0,765,8,3257.5,46,1,3257.6,19,1,3257.8,88,2,3257.9,86,3,3258.0,33,2
11536,2025-12-30 14:00:50+05:30,3257.5,1,3253.3,1388726,105577.0,137203.0,3250.0,3267.5,3239.8,3251.5,46793775,3576.6,2926.4,4322.95,2866.6,3256.6,8,1,3256.3,373,4,3256.2,115,6,3256.1,67,2,3256.0,765,8,3257.5,46,1,3257.6,19,1,3257.8,88,2,3257.9,86,3,3258.0,33,2
11536,2025-12-30 14:00:51+05:30,3257.5,1,3253.3,1388727,105636.0,137208.0,3250.0,3267.5,3239.8,3251.5,46793775,3576.6,2926.4,4322.95,2866.6,3256.6,8,1,3256.4,20,1,3256.3,373,4,3256.2,67,5,3256.1,67,2,3257.6,110,3,3257.7,44,2,3257.8,47,1,3257.9,93,4,3258.0,3,1
11536,2025-12-30 14:00:51+05:30,3257.5,1,3253.3,1388727,105636.0,137208.0,3250.0,3267.5,3239.8,3251.5,46793775,3576.6,2926.4,4322.95,2866.6,3256.6,8,1,3256.4,20,1,3256.3,373,4,3256.2,67,5,3256.1,67,2,3257.6,110,3,3257.7,44,2,3257.8,47,1,3257.9,93,4,3258.0,3,1
11536,2025-12-30 14:00:52+05:30,3256.6,1,3253.3,1388731,105675.0,137398.0,3250.0,3267.5,3239.8,3251.5,46793775,3576.6,2926.4,4322.95,2866.6,3256.6,7,1,3256.4,20,1,3256.3,373,4,3256.2,67,5,3256.1,67,2,3257.5,87,2,3257.6,34,2,3257.7,44,2,3257.8,47,1,3257.9,86,3
11536,2025-12-30 14:00:52+05:30,3256.6,1,3253.3,1388731,105675.0,137398.0,3250.0,3267.5,3239.8,3251.5,46793775,3576.6,2926.4,4322.95,2866.6,3256.6,7,1,3256.4,20,1,3256.3,373,4,3256.2,67,5,3256.1,67,2,3257.5,87,2,3257.6,34,2,3257.7,44,2,3257.8,47,1,3257.9,86,3
11536,2025-12-30 14:00:53+05:30,3257.5,1,3253.3,1388732,104646.0,137372.0,3250.0,3267.5,3239.8,3251.5,46793775,3576.6,2926.4,4322.95,2866.6,3256.6,7,1,3256.4,20,1,3256.3,373,4,3256.2,67,5,3256.1,67,2,3257.5,86,2,3257.6,34,2,3257.7,44,2,3257.8,47,1,3257.9,86,3
11536,2025-12-30 14:00:53+05:30,3257.5,1,3253.3,1388732,104646.0,137372.0,3250.0,3267.5,3239.8,3251.5,46793775,3576.6,2926.4,4322.95,2866.6,3256.6,7,1,3256.4,20,1,3256.3,373,4,3256.2,67,5,3256.1,67,2,3257.5,86,2,3257.6,34,2,3257.7,44,2,3257.8,47,1,3257.9,86,3
11536,2025-12-30 14:00:54+05:30,3257.5,7,3253.3,1388750,106315.0,137736.0,3250.0,3267.5,3239.8,3251.5,46793775,3576.6,2926.4,4322.95,2866.6,3256.6,7,1,3256.4,36,2,3256.3,182,2,3256.2,51,4,3256.1,261,4,3257.5,113,4,3257.6,58,2,3257.7,44,2,3257.8,47,1,3257.9,86,3
11536,2025-12-30 14:00:54+05:30,3257.5,7,3253.3,1388750,106315.0,137736.0,3250.0,3267.5,3239.8,3251.5,46793775,3576.6,2926.4,4322.95,2866.6,3256.6,7,1,3256.4,36,2,3256.3,182,2,3256.2,51,4,3256.1,261,4,3257.5,113,4,3257.6,58,2,3257.7,44,2,3257.8,47,1,3257.9,86,3
11536,2025-12-30 14:00:55+05:30,3257.5,7,3253.3,1388750,106482.0,137742.0,3250.0,3267.5,3239.8,3251.5,46793775,3576.6,2926.4,4322.95,2866.6,3256.6,7,1,3256.4,52,3,3256.3,182,2,3256.2,77,6,3256.1,242,3,3257.5,113,4,3257.6,58,2,3257.7,44,2,3257.8,47,1,3257.9,86,3
11536,2025-12-30 14:00:55+05:30,3257.5,1,3253.3,1388750,106482.0,137742.0,3250.0,3267.5,3239.8,3251.5,46793775,3576.6,2926.4,4322.95,2866.6,3256.6,7,1,3256.4,52,3,3256.3,182,2,3256.2,77,6,3256.1,242,3,3257.5,113,4,3257.6,58,2,3257.7,44,2,3257.8,47,1,3257.9,86,3
11536,2025-12-30 14:00:56+05:30,3257.5,1,3253.3,1388751,106500.0,137718.0,3250.0,3267.5,3239.8,3251.5,46793775,3576.6,2926.4,4322.95,2866.6,3256.6,7,1,3256.4,52,3,3256.3,182,2,3256.2,77,6,3256.1,242,3,3257.5,112,4,3257.6,38,1,3257.7,44,2,3257.8,47,1,3257.9,86,3
11536,2025-12-30 14:00:57+05:30,3257.5,8,3253.3,1388827,106607.0,137536.0,3250.0,3267.5,3239.8,3251.5,46793775,3576.6,2926.4,4322.95,2866.6,3256.6,6,1,3256.5,87,4,3256.4,70,2,3256.3,209,3,3256.2,116,8,3257.5,37,2,3257.9,57,2,3258.0,3,1,3258.1,153,2,3258.2,288,5
11536,2025-12-30 14:00:57+05:30,3257.5,8,3253.3,1388827,106607.0,137536.0,3250.0,3267.5,3239.8,3251.5,46793775,3576.6,2926.4,4322.95,2866.6,3256.6,6,1,3256.5,87,4,3256.4,70,2,3256.3,209,3,3256.2,116,8,3257.5,37,2,3257.9,57,2,3258.0,3,1,3258.1,153,2,3258.2,288,5
11536,2025-12-30 14:00:58+05:30,3256.7,2,3253.3,1389195,107325.0,134977.0,3250.0,3267.5,3239.8,3251.5,46793775,3576.6,2926.4,4322.95,2866.6,3256.7,148,6,3256.6,55,4,3256.5,186,2,3256.4,120,5,3256.3,84,4,3258.2,49,2,3258.3,288,5,3258.4,186,2,3258.5,38,1,3258.6,250,4
11536,2025-12-30 14:00:58+05:30,3256.7,2,3253.3,1389195,107325.0,134977.0,3250.0,3267.5,3239.8,3251.5,46793775,3576.6,2926.4,4322.95,2866.6,3256.7,148,6,3256.6,55,4,3256.5,186,2,3256.4,120,5,3256.3,84,4,3258.2,49,2,3258.3,288,5,3258.4,186,2,3258.5,38,1,3258.6,250,4
11536,2025-12-30 14:00:59+05:30,3256.7,2,3253.3,1389195,107228.0,136032.0,3250.0,3267.5,3239.8,3251.5,46793775,3576.6,2926.4,4322.95,2866.6,3256.7,154,6,3256.6,9,2,3256.5,39,2,3256.4,102,4,3256.3,263,5,3257.6,5,1,3258.0,26,1,3258.2,79,3,3258.3,291,6,3258.4,186,2
11536,2025-12-30 14:01:00+05:30,3257.6,1,3253.3,1389196,107505.0,136048.0,3250.0,3267.5,3239.8,3251.5,46793775,3576.6,2926.4,4322.95,2866.6,3256.7,112,4,3256.6,25,3,3256.5,39,2,3256.4,102,4,3256.3,263,5,3257.6,4,1,3258.0,26,1,3258.2,79,3,3258.3,291,6,3258.4,186,2
11536,2025-12-30 14:01:00+05:30,3257.6,1,3253.3,1389196,107505.0,136048.0,3250.0,3267.5,3239.8,3251.5,46793775,3576.6,2926.4,4322.95,2866.6,3256.7,112,4,3256.6,25,3,3256.5,39,2,3256.4,102,4,3256.3,263,5,3257.6,4,1,3258.0,26,1,3258.2,79,3,3258.3,291,6,3258.4,186,2
11536,2025-12-30 14:01:01+05:30,3257.6,408,3253.31,1391196,106759.0,136579.0,3250.0,3267.5,3239.8,3251.5,46793775,3576.6,2926.4,4322.95,2866.6,3256.7,13,1,3256.6,6,1,3256.5,1,1,3256.4,21,1,3256.3,328,3,3257.8,66,3,3257.9,185,7,3258.0,90,3,3258.1,21,2,3258.2,41,2
11536,2025-12-30 14:01:01+05:30,3257.6,408,3253.31,1391196,106759.0,136579.0,3250.0,3267.5,3239.8,3251.5,46793775,3576.6,2926.4,4322.95,2866.6,3256.7,13,1,3256.6,6,1,3256.5,1,1,3256.4,21,1,3256.3,328,3,3257.8,66,3,3257.9,185,7,3258.0,90,3,3258.1,21,2,3258.2,41,2
11536,2025-12-30 14:01:02+05:30,3257.6,25,3253.31,1391222,106823.0,136588.0,3250.0,3267.5,3239.8,3251.5,46793775,3576.6,2926.4,4322.95,2866.6,3256.7,13,1,3256.6,6,1,3256.5,1,1,3256.4,21,1,3256.3,354,5,3257.6,102,5,3257.7,30,2,3257.8,84,4,3257.9,99,5,3258.0,66,2
11536,2025-12-30 14:01:02+05:30,3257.6,25,3253.31,1391222,106823.0,136588.0,3250.0,3267.5,3239.8,3251.5,46793775,3576.6,2926.4,4322.95,2866.6,3256.7,13,1,3256.6,6,1,3256.5,1,1,3256.4,21,1,3256.3,354,5,3257.6,102,5,3257.7,30,2,3257.8,84,4,3257.9,99,5,3258.0,66,2
11536,2025-12-30 14:01:03+05:30,3256.7,1,3253.31,1391222,106823.0,136588.0,3250.0,3267.5,3239.8,3251.5,46793775,3576.6,2926.4,4322.95,2866.6,3256.7,13,1,3256.6,6,1,3256.5,1,1,3256.4,21,1,3256.3,354,5,3257.6,102,5,3257.7,30,2,3257.8,84,4,3257.9,99,5,3258.0,66,2
11536,2025-12-30 14:01:03+05:30,3256.7,1,3253.31,1392384,108602.0,135629.0,3250.0,3267.5,3239.8,3251.5,46793775,3576.6,2926.4,4322.95,2866.6,3257.5,10,1,3256.8,3,1,3256.7,12,1,3256.6,74,2,3256.5,175,1,3258.0,26,1,3258.1,22,1,3258.2,38,1,3258.3,86,2,3258.5,38,1
11536,2025-12-30 14:01:04+05:30,3258.0,1,3253.31,1392384,108602.0,135629.0,3250.0,3267.5,3239.8,3251.5,46793775,3576.6,2926.4,4322.95,2866.6,3257.5,10,1,3256.8,3,1,3256.7,12,1,3256.6,74,2,3256.5,175,1,3258.0,26,1,3258.1,22,1,3258.2,38,1,3258.3,86,2,3258.5,38,1
11536,2025-12-30 14:01:04+05:30,3258.0,1,3253.31,1392385,108848.0,135587.0,3250.0,3267.5,3239.8,3251.5,46793775,3576.6,2926.4,4322.95,2866.6,3257.5,10,1,3256.8,24,2,3256.7,12,1,3256.6,95,3,3256.5,175,1,3258.0,30,2,3258.1,22,1,3258.2,38,1,3258.3,86,2,3258.5,38,1
11536,2025-12-30 14:01:05+05:30,3258.0,1,3253.31,1392385,108848.0,135587.0,3250.0,3267.5,3239.8,3251.5,46793775,3576.6,2926.4,4322.95,2866.6,3257.5,10,1,3256.8,24,2,3256.7,12,1,3256.6,95,3,3256.5,175,1,3258.0,30,2,3258.1,22,1,3258.2,38,1,3258.3,86,2,3258.5,38,1
11536,2025-12-30 14:01:05+05:30,3258.0,1,3253.31,1392411,108183.0,135640.0,3250.0,3267.5,3239.8,3251.5,46793775,3576.6,2926.4,4322.95,2866.6,3256.8,58,4,3256.7,60,2,3256.6,77,2,3256.5,220,3,3256.4,144,6,3258.0,29,2,3258.2,38,1,3258.3,86,2,3258.5,86,3,3258.6,33,2
11536,2025-12-30 14:01:06+05:30,3258.0,1,3253.31,1392411,107521.0,135862.0,3250.0,3267.5,3239.8,3251.5,46793775,3576.6,2926.4,4322.95,2866.6,3256.8,98,4,3256.6,77,2,3256.5,202,2,3256.4,125,5,3256.3,76,4,3258.0,29,2,3258.3,105,3,3258.4,208,2,3258.5,79,3,3258.6,217,4
11536,2025-12-30 14:01:07+05:30,3258.0,19,3253.31,1392411,107521.0,135862.0,3250.0,3267.5,3239.8,3251.5,46793775,3576.6,2926.4,4322.95,2866.6,3256.8,98,4,3256.6,77,2,3256.5,202,2,3256.4,125,5,3256.3,76,4,3258.0,29,2,3258.3,105,3,3258.4,208,2,3258.5,79,3,3258.6,217,4
11536,2025-12-30 14:01:07+05:30,3257.9,2,3253.31,1392432,107426.0,135273.0,3250.0,3267.5,3239.8,3251.5,46793775,3576.6,2926.4,4322.95,2866.6,3256.6,77,2,3256.5,202,2,3256.4,75,3,3256.3,251,5,3256.2,181,7,3257.9,108,4,3258.0,32,3,3258.1,90,2,3258.3,188,2,3258.4,251,3
11536,2025-12-30 14:01:08+05:30,3257.9,4,3253.31,1392432,107426.0,135273.0,3250.0,3267.5,3239.8,3251.5,46793775,3576.6,2926.4,4322.95,2866.6,3256.6,77,2,3256.5,202,2,3256.4,75,3,3256.3,251,5,3256.2,181,7,3257.9,108,4,3258.0,32,3,3258.1,90,2,3258.3,188,2,3258.4,251,3
11536,2025-12-30 14:01:08+05:30,3256.6,1,3253.31,1392437,107316.0,135264.0,3250.0,3267.5,3239.8,3251.5,46793775,3576.6,2926.4,4322.95,2866.6,3256.6,76,2,3256.5,202,2,3256.4,93,4,3256.3,251,5,3256.2,161,6,3257.9,108,5,3258.0,32,3,3258.1,90,2,3258.3,188,2,3258.4,251,3
11536,2025-12-30 14:01:09+05:30,3256.6,1,3253.31,1392437,107316.0,135264.0,3250.0,3267.5,3239.8,3251.5,46793775,3576.6,2926.4,4322.95,2866.6,3256.6,76,2,3256.5,202,2,3256.4,93,4,3256.3,251,5,3256.2,161,6,3257.9,108,5,3258.0,32,3,3258.1,90,2,3258.3,188,2,3258.4,251,3
11536,2025-12-30 14:01:09+05:30,3256.6,1,3253.31,1392437,107141.0,133155.0,3250.0,3267.5,3239.8,3251.5,46793775,3576.6,2926.4,4322.95,2866.6,3256.6,76,2,3256.5,202,2,3256.4,93,4,3256.3,251,5,3256.2,161,6,3257.9,108,5,3258.0,32,3,3258.1,90,2,3258.3,188,2,3258.4,251,3
11536,2025-12-30 14:01:10+05:30,3257.9,1,3253.31,1392437,107141.0,133155.0,3250.0,3267.5,3239.8,3251.5,46793775,3576.6,2926.4,4322.95,2866.6,3256.6,76,2,3256.5,202,2,3256.4,93,4,3256.3,251,5,3256.2,161,6,3257.9,108,5,3258.0,32,3,3258.1,90,2,3258.3,188,2,3258.4,251,3
11536,2025-12-30 14:01:10+05:30,3257.9,35,3253.31,1392538,107511.0,135879.0,3250.0,3267.5,3239.8,3251.5,46793775,3576.6,2926.4,4322.95,2866.6,3256.6,115,3,3256.5,267,4,3256.4,93,4,3256.3,251,5,3256.2,123,5,3257.9,41,4,3258.0,32,3,3258.1,50,1,3258.2,39,1,3258.3,150,1
11536,2025-12-30 14:01:11+05:30,3257.9,14,3253.31,1392538,107511.0,135879.0,3250.0,3267.5,3239.8,3251.5,46793775,3576.6,2926.4,4322.95,2866.6,3256.6,115,3,3256.5,267,4,3256.4,93,4,3256.3,251,5,3256.2,123,5,3257.9,41,4,3258.0,32,3,3258.1,50,1,3258.2,39,1,3258.3,150,1
11536,2025-12-30 14:01:11+05:30,3257.9,2,3253.31,1392577,106078.0,135296.0,3250.0,3267.5,3239.8,3251.5,46793775,3576.6,2926.4,4322.95,2866.6,3256.6,60,2,3256.5,269,4,3256.4,85,4,3256.3,251,5,3256.2,193,8,3257.9,72,4,3258.0,32,3,3258.1,50,1,3258.2,79,2,3258.3,150,1
11536,2025-12-30 14:01:12+05:30,3257.9,2,3253.31,1392577,106078.0,135296.0,3250.0,3267.5,3239.8,3251.5,46793775,3576.6,2926.4,4322.95,2866.6,3256.6,60,2,3256.5,269,4,3256.4,85,4,3256.3,251,5,3256.2,193,8,3257.9,72,4,3258.0,32,3,3258.1,50,1,3258.2,79,2,3258.3,150,1
11536,2025-12-30 14:01:12+05:30,3258.0,2,3253.31,1392754,108908.0,135632.0,3250.0,3267.5,3239.8,3251.5,46793775,3576.6,2926.4,4322.95,2866.6,3257.1,86,2,3257.0,98,2,3256.9,29,1,3256.7,3,1,3256.6,56,3,3258.0,3,1,3258.2,59,2,3258.3,165,1,3258.4,186,2,3258.5,41,2
11536,2025-12-30 14:01:13+05:30,3258.3,77,3253.31,1392754,108908.0,135632.0,3250.0,3267.5,3239.8,3251.5,46793775,3576.6,2926.4,4322.95,2866.6,3257.1,86,2,3257.0,98,2,3256.9,29,1,3256.7,3,1,3256.6,56,3,3258.0,3,1,3258.2,59,2,3258.3,165,1,3258.4,186,2,3258.5,41,2
11536,2025-12-30 14:01:13+05:30,3257.1,1,3253.32,1392917,108920.0,135241.0,3250.0,3267.5,3239.8,3251.5,46793775,3576.6,2926.4,4322.95,2866.6,3257.0,75,1,3256.8,24,2,3256.7,33,2,3256.6,36,2,3256.5,82,4,3258.2,123,5,3258.3,257,4,3258.4,56,2,3258.5,98,3,3258.6,186,2
11536,2025-12-30 14:01:14+05:30,3257.0,10,3253.32,1392917,108920.0,135241.0,3250.0,3267.5,3239.8,3251.5,46793775,3576.6,2926.4,4322.95,2866.6,3257.0,75,1,3256.8,24,2,3256.7,33,2,3256.6,36,2,3256.5,82,4,3258.2,123,5,3258.3,257,4,3258.4,56,2,3258.5,98,3,3258.6,186,2
11536,2025-12-30 14:01:14+05:30,3258.1,1,3253.32,1392929,108790.0,135442.0,3250.0,3267.5,3239.8,3251.5,46793775,3576.6,2926.4,4322.95,2866.6,3257.0,65,1,3256.8,24,2,3256.7,33,2,3256.6,36,2,3256.5,63,3,3258.1,102,3,3258.2,37,3,3258.3,257,4,3258.4,56,2,3258.5,98,3
11536,2025-12-30 14:01:15+05:30,3258.1,1,3253.32,1392929,108790.0,135442.0,3250.0,3267.5,3239.8,3251.5,46793775,3576.6,2926.4,4322.95,2866.6,3257.0,65,1,3256.8,24,2,3256.7,33,2,3256.6,36,2,3256.5,63,3,3258.1,102,3,3258.2,37,3,3258.3,257,4,3258.4,56,2,3258.5,98,3
11536,2025-12-30 14:01:15+05:30,3258.1,1,3253.32,1392950,108808.0,135424.0,3250.0,3267.5,3239.8,3251.5,46793775,3576.6,2926.4,4322.95,2866.6,3257.0,65,1,3256.8,24,2,3256.7,33,2,3256.6,36,2,3256.5,108,5,3258.1,81,2,3258.2,37,3,3258.3,257,4,3258.4,56,2,3258.5,98,3
11536,2025-12-30 14:01:16+05:30,3258.1,1,3253.32,1392950,108808.0,135424.0,3250.0,3267.5,3239.8,3251.5,46793775,3576.6,2926.4,4322.95,2866.6,3257.0,65,1,3256.8,24,2,3256.7,33,2,3256.6,36,2,3256.5,108,5,3258.1,81,2,3258.2,37,3,3258.3,257,4,3258.4,56,2,3258.5,98,3
11536,2025-12-30 14:01:16+05:30,3258.1,580,3253.32,1394951,108559.0,135399.0,3250.0,3267.5,3239.8,3251.5,46793775,3576.6,2926.4,4322.95,2866.6,3257.0,115,2,3256.8,21,1,3256.6,36,2,3256.5,139,3,3256.4,90,5,3258.1,86,2,3258.2,65,2,3258.3,22,3,3258.4,32,3,3258.5,61,3
11536,2025-12-30 14:01:17+05:30,3258.1,580,3253.32,1394951,108559.0,135399.0,3250.0,3267.5,3239.8,3251.5,46793775,3576.6,2926.4,4322.95,2866.6,3257.0,115,2,3256.8,21,1,3256.6,36,2,3256.5,139,3,3256.4,90,5,3258.1,86,2,3258.2,65,2,3258.3,22,3,3258.4,32,3,3258.5,61,3
11536,2025-12-30 14:01:17+05:30,3256.4,292,3253.32,1396010,106063.0,135046.0,3250.0,3267.5,3239.8,3251.5,46793775,3576.6,2926.4,4322.95,2866.6,3256.4,240,6,3256.3,234,5,3256.2,45,3,3256.1,134,5,3256.0,950,8,3257.9,86,2,3258.2,33,1,3258.3,21,2,3258.4,44,2,3258.5,229,2
11536,2025-12-30 14:01:18+05:30,3256.4,292,3253.32,1396010,106063.0,135046.0,3250.0,3267.5,3239.8,3251.5,46793775,3576.6,2926.4,4322.95,2866.6,3256.4,240,6,3256.3,234,5,3256.2,45,3,3256.1,134,5,3256.0,950,8,3257.9,86,2,3258.2,33,1,3258.3,21,2,3258.4,44,2,3258.5,229,2
11536,2025-12-30 14:01:18+05:30,3257.9,19,3253.32,1396030,108086.0,132487.0,3250.0,3267.5,3239.8,3251.5,46793775,3576.6,2926.4,4322.95,2866.6,3257.0,1,1,3256.6,22,1,3256.4,342,10,3256.3,211,4,3256.2,101,6,3257.9,66,2,3258.1,10,1,3258.2,73,2,3258.3,21,2,3258.4,85,3
11536,2025-12-30 14:01:19+05:30,3256.6,1,3253.32,1396030,108086.0,132487.0,3250.0,3267.5,3239.8,3251.5,46793775,3576.6,2926.4,4322.95,2866.6,3257.0,1,1,3256.6,22,1,3256.4,342,10,3256.3,211,4,3256.2,101,6,3257.9,66,2,3258.1,10,1,3258.2,73,2,3258.3,21,2,3258.4,85,3
11536,2025-12-30 14:01:19+05:30,3256.6,1,3253.32,1396033,107274.0,135520.0,3250.0,3267.5,3239.8,3251.5,46793775,3576.6,2926.4,4322.95,2866.6,3256.6,31,3,3256.5,86,2,3256.4,221,5,3256.3,211,4,3256.2,141,7,3257.9,66,2,3258.1,29,2,3258.2,73,2,3258.3,186,3,3258.4,141,5
11536,2025-12-30 14:01:20+05:30,3256.6,1,3253.32,1396033,107274.0,135520.0,3250.0,3267.5,3239.8,3251.5,46793775,3576.6,2926.4,4322.95,2866.6,3256.6,31,3,3256.5,86,2,3256.4,221,5,3256.3,211,4,3256.2,141,7,3257.9,66,2,3258.1,29,2,3258.2,73,2,3258.3,186,3,3258.4,141,5
11536,2025-12-30 14:01:20+05:30,3257.6,8,3253.32,1396054,107081.0,136739.0,3250.0,3267.5,3239.8,3251.5,46793775,3576.6,2926.4,4322.95,2866.6,3256.4,295,7,3256.3,211,4,3256.2,101,6,3256.1,151,5,3256.0,910,11,3257.6,25,1,3257.7,34,1,3257.8,23,1,3257.9,109,3,3258.0,84,2
11536,2025-12-30 14:01:21+05:30,3257.6,8,3253.32,1396054,107081.0,136739.0,3250.0,3267.5,3239.8,3251.5,46793775,3576.6,2926.4,4322.95,2866.6,3256.4,295,7,3256.3,211,4,3256.2,101,6,3256.1,151,5,3256.0,910,11,3257.6,25,1,3257.7,34,1,3257.8,23,1,3257.9,109,3,3258.0,84,2
11536,2025-12-30 14:01:21+05:30,3257.6,8,3253.32,1396054,105968.0,134722.0,3250.0,3267.5,3239.8,3251.5,46793775,3576.6,2926.4,4322.95,2866.6,3256.4,303,8,3256.3,211,4,3256.2,120,7,3256.1,151,5,3256.0,880,10,3257.8,64,2,3257.9,69,2,3258.0,40,1,3258.1,46,1,3258.2,167,5
11536,2025-12-30 14:01:22+05:30,3257.6,8,3253.32,1396054,106891.0,134942.0,3250.0,3267.5,3239.8,3251.5,46793775,3576.6,2926.4,4322.95,2866.6,3256.4,351,9,3256.3,211,4,3256.2,120,7,3256.1,151,5,3256.0,880,10,3257.7,34,1,3257.8,64,2,3257.9,69,2,3258.0,40,1,3258.1,46,1
11536,2025-12-30 14:01:23+05:30,3257.7,19,3253.32,1396054,106891.0,134942.0,3250.0,3267.5,3239.8,3251.5,46793775,3576.6,2926.4,4322.95,2866.6,3256.4,351,9,3256.3,211,4,3256.2,120,7,3256.1,151,5,3256.0,880,10,3257.7,34,1,3257.8,64,2,3257.9,69,2,3258.0,40,1,3258.1,46,1
11536,2025-12-30 14:01:23+05:30,3256.4,5,3253.32,1396081,106072.0,136268.0,3250.0,3267.5,3239.8,3251.5,46793775,3576.6,2926.4,4322.95,2866.6,3256.4,252,5,3256.3,211,4,3256.2,120,7,3256.1,151,5,3256.0,974,11,3257.6,36,1,3257.7,85,2,3257.8,66,2,3257.9,49,2,3258.1,217,3
11536,2025-12-30 14:01:24+05:30,3257.6,1,3253.32,1396081,106072.0,136268.0,3250.0,3267.5,3239.8,3251.5,46793775,3576.6,2926.4,4322.95,2866.6,3256.4,252,5,3256.3,211,4,3256.2,120,7,3256.1,151,5,3256.0,974,11,3257.6,36,1,3257.7,85,2,3257.8,66,2,3257.9,49,2,3258.1,217,3
11536,2025-12-30 14:01:24+05:30,3257.6,1,3253.32,1396082,106956.0,136318.0,3250.0,3267.5,3239.8,3251.5,46793775,3576.6,2926.4,4322.95,2866.6,3256.4,261,6,3256.3,211,4,3256.2,120,7,3256.1,151,5,3256.0,974,11,3257.7,85,2,3257.8,36,1,3257.9,49,2,3258.1,217,3,3258.2,253,4
11536,2025-12-30 14:01:25+05:30,3257.7,1,3253.32,1396082,106956.0,136318.0,3250.0,3267.5,3239.8,3251.5,46793775,3576.6,2926.4,4322.95,2866.6,3256.4,261,6,3256.3,211,4,3256.2,120,7,3256.1,151,5,3256.0,974,11,3257.7,85,2,3257.8,36,1,3257.9,49,2,3258.1,217,3,3258.2,253,4
11536,2025-12-30 14:01:25+05:30,3256.5,1,3253.32,1396084,106193.0,136150.0,3250.0,3267.5,3239.8,3251.5,46793775,3576.6,2926.4,4322.95,2866.6,3256.5,134,5,3256.4,251,5,3256.3,211,4,3256.2,140,8,3256.1,151,5,3257.7,45,1,3257.8,36,1,3257.9,19,1,3258.0,39,1,3258.1,187,2
11536,2025-12-30 14:01:26+05:30,3256.5,1,3253.32,1396084,106193.0,136150.0,3250.0,3267.5,3239.8,3251.5,46793775,3576.6,2926.4,4322.95,2866.6,3256.5,134,5,3256.4,251,5,3256.3,211,4,3256.2,140,8,3256.1,151,5,3257.7,45,1,3257.8,36,1,3257.9,19,1,3258.0,39,1,3258.1,187,2
11536,2025-12-30 14:01:26+05:30,3257.7,1,3253.32,1396085,106929.0,133594.0,3250.0,3267.5,3239.8,3251.5,46793775,3576.6,2926.4,4322.95,2866.6,3256.6,31,2,3256.4,242,4,3256.3,211,4,3256.2,86,7,3256.1,191,6,3257.8,51,3,3257.9,118,4,3258.0,46,1,3258.1,81,2,3258.2,33,1
11536,2025-12-30 14:01:27+05:30,3257.9,544,3253.32,1396085,106929.0,133594.0,3250.0,3267.5,3239.8,3251.5,46793775,3576.6,2926.4,4322.95,2866.6,3256.6,31,2,3256.4,242,4,3256.3,211,4,3256.2,86,7,3256.1,191,6,3257.8,51,3,3257.9,118,4,3258.0,46,1,3258.1,81,2,3258.2,33,1
11536,2025-12-30 14:01:27+05:30,3258.2,2,3253.33,1398271,108377.0,134518.0,3250.0,3267.5,3239.8,3251.5,46793775,3576.6,2926.4,4322.95,2866.6,3256.9,14,1,3256.8,90,3,3256.7,42,2,3256.6,70,3,3256.5,198,3,3258.1,37,2,3258.2,84,3,3258.3,89,4,3258.4,196,4,3258.5,52,2
11536,2025-12-30 14:01:28+05:30,3257.1,3,3253.33,1398271,108377.0,134518.0,3250.0,3267.5,3239.8,3251.5,46793775,3576.6,2926.4,4322.95,2866.6,3256.9,14,1,3256.8,90,3,3256.7,42,2,3256.6,70,3,3256.5,198,3,3258.1,37,2,3258.2,84,3,3258.3,89,4,3258.4,196,4,3258.5,52,2
11536,2025-12-30 14:01:28+05:30,3257.1,3,3253.33,1398447,107727.0,136137.0,3250.0,3267.5,3239.8,3251.5,46793775,3576.6,2926.4,4322.95,2866.6,3256.9,49,1,3256.8,10,1,3256.7,105,2,3256.6,41,2,3256.5,3,1,3257.9,22,1,3258.0,23,1,3258.1,157,1,3258.2,139,4,3258.3,37,2
11536,2025-12-30 14:01:29+05:30,3258.0,7,3253.33,1398465,108478.0,134749.0,3250.0,3267.5,3239.8,3251.5,46793775,3576.6,2926.4,4322.95,2866.6,3256.9,59,2,3256.8,195,2,3256.7,115,4,3256.6,21,1,3256.5,23,2,3258.0,5,1,3258.1,56,2,3258.2,21,1,3258.3,37,2,3258.4,86,4
11536,2025-12-30 14:01:30+05:30,3258.0,7,3253.33,1398465,108478.0,134749.0,3250.0,3267.5,3239.8,3251.5,46793775,3576.6,2926.4,4322.95,2866.6,3256.9,59,2,3256.8,195,2,3256.7,115,4,3256.6,21,1,3256.5,23,2,3258.0,5,1,3258.1,56,2,3258.2,21,1,3258.3,37,2,3258.4,86,4
11536,2025-12-30 14:01:30+05:30,3258.0,7,3253.33,1398465,105772.0,135235.0,3250.0,3267.5,3239.8,3251.5,46793775,3576.6,2926.4,4322.95,2866.6,3256.9,49,1,3256.7,103,2,3256.6,21,1,3256.5,6,2,3256.4,77,4,3257.9,153,4,3258.0,46,3,3258.1,101,2,3258.2,197,2,3258.3,142,4
11536,2025-12-30 14:01:31+05:30,3256.9,1,3253.33,1398465,105772.0,135235.0,3250.0,3267.5,3239.8,3251.5,46793775,3576.6,2926.4,4322.95,2866.6,3256.9,49,1,3256.7,103,2,3256.6,21,1,3256.5,6,2,3256.4,77,4,3257.9,153,4,3258.0,46,3,3258.1,101,2,3258.2,197,2,3258.3,142,4
11536,2025-12-30 14:01:31+05:30,3257.6,2,3253.33,1398469,105383.0,136319.0,3250.0,3267.5,3239.8,3251.5,46793775,3576.6,2926.4,4322.95,2866.6,3256.9,48,1,3256.7,100,1,3256.4,72,3,3256.3,10,2,3256.2,51,4,3257.6,93,3,3257.7,74,3,3257.8,188,2,3257.9,130,4,3258.0,97,3
11536,2025-12-30 14:01:32+05:30,3257.6,2,3253.33,1398469,105383.0,136319.0,3250.0,3267.5,3239.8,3251.5,46793775,3576.6,2926.4,4322.95,2866.6,3256.9,48,1,3256.7,100,1,3256.4,72,3,3256.3,10,2,3256.2,51,4,3257.6,93,3,3257.7,74,3,3257.8,188,2,3257.9,130,4,3258.0,97,3
11536,2025-12-30 14:01:32+05:30,3257.6,2,3253.33,1398469,105268.0,135169.0,3250.0,3267.5,3239.8,3251.5,46793775,3576.6,2926.4,4322.95,2866.6,3256.9,55,2,3256.7,100,1,3256.4,72,3,3256.3,24,3,3256.2,51,4,3257.6,111,4,3257.7,87,2,3257.8,166,1,3257.9,96,3,3258.0,97,3
11536,2025-12-30 14:01:33+05:30,3257.3,3,3253.33,1398469,105268.0,135169.0,3250.0,3267.5,3239.8,3251.5,46793775,3576.6,2926.4,4322.95,2866.6,3256.9,55,2,3256.7,100,1,3256.4,72,3,3256.3,24,3,3256.2,51,4,3257.6,111,4,3257.7,87,2,3257.8,166,1,3257.9,96,3,3258.0,97,3
11536,2025-12-30 14:01:33+05:30,3257.3,3,3253.33,1399530,102204.0,135908.0,3250.0,3267.5,3239.8,3251.5,46793775,3576.6,2926.4,4322.95,2866.6,3256.4,5,1,3256.2,3,1,3256.1,95,4,3256.0,798,9,3255.9,14,3,3257.3,85,3,3257.4,87,2,3257.5,39,1,3257.6,215,2,3257.7,100,3
11536,2025-12-30 14:01:34+05:30,3257.3,2,3253.33,1399530,102204.0,135908.0,3250.0,3267.5,3239.8,3251.5,46793775,3576.6,2926.4,4322.95,2866.6,3256.4,5,1,3256.2,3,1,3256.1,95,4,3256.0,798,9,3255.9,14,3,3257.3,85,3,3257.4,87,2,3257.5,39,1,3257.6,215,2,3257.7,100,3
11536,2025-12-30 14:01:34+05:30,3257.3,2,3253.33,1399532,102763.0,136306.0,3250.0,3267.5,3239.8,3251.5,46793775,3576.6,2926.4,4322.95,2866.6,3256.4,5,1,3256.2,3,1,3256.1,95,4,3256.0,831,11,3255.9,14,3,3257.3,97,4,3257.4,87,2,3257.5,100,2,3257.6,215,2,3257.7,56,2
11536,2025-12-30 14:01:35+05:30,3257.1,1,3253.33,1399532,102763.0,136306.0,3250.0,3267.5,3239.8,3251.5,46793775,3576.6,2926.4,4322.95,2866.6,3256.4,5,1,3256.2,3,1,3256.1,95,4,3256.0,831,11,3255.9,14,3,3257.3,97,4,3257.4,87,2,3257.5,100,2,3257.6,215,2,3257.7,56,2
11536,2025-12-30 14:01:35+05:30,3257.1,1,3253.33,1399533,101235.0,136759.0,3250.0,3267.5,3239.8,3251.5,46793775,3576.6,2926.4,4322.95,2866.6,3256.4,7,2,3256.2,3,1,3256.1,98,5,3256.0,810,10,3255.9,14,3,3257.1,38,1,3257.2,57,2,3257.3,135,4,3257.4,179,1,3257.5,39,1
11536,2025-12-30 14:01:36+05:30,3256.4,1,3253.33,1399566,102159.0,137169.0,3250.0,3267.5,3239.8,3251.5,46793775,3576.6,2926.4,4322.95,2866.6,3256.4,6,2,3256.2,11,1,3256.1,92,3,3256.0,810,10,3255.9,14,3,3256.8,125,3,3256.9,22,1,3257.0,108,3,3257.1,55,3,3257.2,22,1
11536,2025-12-30 14:01:37+05:30,3256.4,1,3253.33,1399566,102159.0,137169.0,3250.0,3267.5,3239.8,3251.5,46793775,3576.6,2926.4,4322.95,2866.6,3256.4,6,2,3256.2,11,1,3256.1,92,3,3256.0,810,10,3255.9,14,3,3256.8,125,3,3256.9,22,1,3257.0,108,3,3257.1,55,3,3257.2,22,1
11536,2025-12-30 14:01:37+05:30,3256.8,1,3253.33,1399567,102186.0,137426.0,3250.0,3267.5,3239.8,3251.5,46793775,3576.6,2926.4,4322.95,2866.6,3256.4,6,2,3256.2,11,1,3256.1,92,3,3256.0,810,10,3255.9,14,3,3256.8,85,2,3257.0,39,1,3257.1,24,2,3257.3,74,2,3257.4,199,3
11536,2025-12-30 14:01:38+05:30,3256.8,6,3253.33,1399567,102186.0,137426.0,3250.0,3267.5,3239.8,3251.5,46793775,3576.6,2926.4,4322.95,2866.6,3256.4,6,2,3256.2,11,1,3256.1,92,3,3256.0,810,10,3255.9,14,3,3256.8,85,2,3257.0,39,1,3257.1,24,2,3257.3,74,2,3257.4,199,3
11536,2025-12-30 14:01:38+05:30,3256.8,7,3253.33,1399595,102079.0,137422.0,3250.0,3267.5,3239.8,3251.5,46793775,3576.6,2926.4,4322.95,2866.6,3256.4,6,2,3256.2,11,1,3256.1,92,3,3256.0,810,10,3255.9,14,3,3256.8,71,3,3257.0,39,1,3257.1,10,1,3257.3,105,3,3257.4,199,3
11536,2025-12-30 14:01:39+05:30,3256.8,7,3253.33,1399595,102079.0,137422.0,3250.0,3267.5,3239.8,3251.5,46793775,3576.6,2926.4,4322.95,2866.6,3256.4,6,2,3256.2,11,1,3256.1,92,3,3256.0,810,10,3255.9,14,3,3256.8,71,3,3257.0,39,1,3257.1,10,1,3257.3,105,3,3257.4,199,3
11536,2025-12-30 14:01:39+05:30,3256.8,1,3253.33,1399596,102220.0,136960.0,3250.0,3267.5,3239.8,3251.5,46793775,3576.6,2926.4,4322.95,2866.6,3256.4,6,2,3256.2,30,2,3256.1,120,5,3256.0,830,11,3255.9,49,5,3256.8,53,3,3257.0,39,1,3257.2,86,2,3257.3,74,2,3257.4,61,1
11536,2025-12-30 14:01:40+05:30,3256.4,6,3253.33,1399596,102220.0,136960.0,3250.0,3267.5,3239.8,3251.5,46793775,3576.6,2926.4,4322.95,2866.6,3256.4,6,2,3256.2,30,2,3256.1,120,5,3256.0,830,11,3255.9,49,5,3256.8,53,3,3257.0,39,1,3257.2,86,2,3257.3,74,2,3257.4,61,1
11536,2025-12-30 14:01:40+05:30,3256.8,9,3253.34,1399639,102269.0,137125.0,3250.0,3267.5,3239.8,3251.5,46793775,3576.6,2926.4,4322.95,2866.6,3256.4,5,1,3256.2,11,1,3256.1,109,4,3256.0,810,10,3255.9,29,4,3256.8,22,1,3256.9,40,1,3257.0,39,1,3257.1,47,1,3257.3,104,3
11536,2025-12-30 14:01:41+05:30,3256.8,9,3253.34,1399639,102269.0,137125.0,3250.0,3267.5,3239.8,3251.5,46793775,3576.6,2926.4,4322.95,2866.6,3256.4,5,1,3256.2,11,1,3256.1,109,4,3256.0,810,10,3255.9,29,4,3256.8,22,1,3256.9,40,1,3257.0,39,1,3257.1,47,1,3257.3,104,3
11536,2025-12-30 14:01:41+05:30,3257.3,3248,3253.34,1403139,102940.0,135672.0,3250.0,3267.5,3239.8,3251.5,46793775,3576.6,2926.4,4322.95,2866.6,3256.4,5,1,3256.2,11,1,3256.1,109,4,3256.0,807,9,3255.9,11,2,3257.1,150,4,3257.2,22,1,3257.3,115,5,3257.4,39,1,3257.5,122,4
11536,2025-12-30 14:01:42+05:30,3257.1,1,3253.34,1403139,102940.0,135672.0,3250.0,3267.5,3239.8,3251.5,46793775,3576.6,2926.4,4322.95,2866.6,3256.4,5,1,3256.2,11,1,3256.1,109,4,3256.0,807,9,3255.9,11,2,3257.1,150,4,3257.2,22,1,3257.3,115,5,3257.4,39,1,3257.5,122,4
11536,2025-12-30 14:01:42+05:30,3256.4,1,3253.34,1403144,103617.0,135945.0,3250.0,3267.5,3239.8,3251.5,46793775,3576.6,2926.4,4322.95,2866.6,3256.4,4,1,3256.3,10,1,3256.2,11,1,3256.1,109,4,3256.0,807,9,3257.0,108,3,3257.1,45,2,3257.3,67,2,3257.4,79,2,3257.5,152,5
11536,2025-12-30 14:01:43+05:30,3256.4,1,3253.34,1403144,103617.0,135945.0,3250.0,3267.5,3239.8,3251.5,46793775,3576.6,2926.4,4322.95,2866.6,3256.4,4,1,3256.3,10,1,3256.2,11,1,3256.1,109,4,3256.0,807,9,3257.0,108,3,3257.1,45,2,3257.3,67,2,3257.4,79,2,3257.5,152,5
11536,2025-12-30 14:01:43+05:30,3256.4,1,3253.34,1403145,103748.0,136164.0,3250.0,3267.5,3239.8,3251.5,46793775,3576.6,2926.4,4322.95,2866.6,3256.4,4,2,3256.3,10,1,3256.2,11,1,3256.1,92,3,3256.0,807,9,3257.0,108,3,3257.1,45,2,3257.2,31,1,3257.3,36,1,3257.4,79,2
11536,2025-12-30 14:01:44+05:30,3257.0,3,3253.34,1403148,103765.0,136200.0,3250.0,3267.5,3239.8,3251.5,46793775,3576.6,2926.4,4322.95,2866.6,3256.4,4,2,3256.3,10,1,3256.2,11,1,3256.1,92,3,3256.0,807,9,3257.0,105,3,3257.1,45,2,3257.2,31,1,3257.3,36,1,3257.4,79,2
11536,2025-12-30 14:01:45+05:30,3257.0,1,3253.34,1403148,103765.0,136200.0,3250.0,3267.5,3239.8,3251.5,46793775,3576.6,2926.4,4322.95,2866.6,3256.4,4,2,3256.3,10,1,3256.2,11,1,3256.1,92,3,3256.0,807,9,3257.0,105,3,3257.1,45,2,3257.2,31,1,3257.3,36,1,3257.4,79,2
11536,2025-12-30 14:01:46+05:30,3257.0,10,3253.35,1403239,103800.0,136094.0,3250.0,3267.5,3239.8,3251.5,46793775,3576.6,2926.4,4322.95,2866.6,3256.4,4,2,3256.3,10,1,3256.2,11,1,3256.1,112,4,3256.0,807,9,3257.2,29,2,3257.3,76,2,3257.4,92,2,3257.5,196,5,3257.6,213,9
11536,2025-12-30 14:01:46+05:30,3257.0,10,3253.35,1403239,103800.0,136094.0,3250.0,3267.5,3239.8,3251.5,46793775,3576.6,2926.4,4322.95,2866.6,3256.4,4,2,3256.3,10,1,3256.2,11,1,3256.1,112,4,3256.0,807,9,3257.2,29,2,3257.3,76,2,3257.4,92,2,3257.5,196,5,3257.6,213,9
11536,2025-12-30 14:01:47+05:30,3256.3,86,3253.35,1403340,103810.0,136116.0,3250.0,3267.5,3239.8,3251.5,46793775,3576.6,2926.4,4322.95,2866.6,3256.3,10,1,3256.2,11,1,3256.1,112,4,3256.0,807,9,3255.9,11,2,3257.1,75,4,3257.2,58,2,3257.3,36,1,3257.4,187,4,3257.5,149,4
11536,2025-12-30 14:01:47+05:30,3256.2,50,3253.35,1403340,103810.0,136116.0,3250.0,3267.5,3239.8,3251.5,46793775,3576.6,2926.4,4322.95,2866.6,3256.3,10,1,3256.2,11,1,3256.1,112,4,3256.0,807,9,3255.9,11,2,3257.1,75,4,3257.2,58,2,3257.3,36,1,3257.4,187,4,3257.5,149,4
11536,2025-12-30 14:01:48+05:30,3256.9,4,3253.35,1404483,103817.0,137481.0,3250.0,3267.5,3239.8,3251.5,46793775,3576.6,2926.4,4322.95,2866.6,3256.3,47,1,3256.0,91,5,3255.9,23,3,3255.8,3,1,3255.7,3,1,3256.9,36,1,3257.0,129,4,3257.1,17,1,3257.2,22,1,3257.3,36,1
11536,2025-12-30 14:01:48+05:30,3256.9,4,3253.35,1404483,103817.0,137481.0,3250.0,3267.5,3239.8,3251.5,46793775,3576.6,2926.4,4322.95,2866.6,3256.3,47,1,3256.0,91,5,3255.9,23,3,3255.8,3,1,3255.7,3,1,3256.9,36,1,3257.0,129,4,3257.1,17,1,3257.2,22,1,3257.3,36,1
11536,2025-12-30 14:01:49+05:30,3257.0,2,3253.35,1404586,104039.0,136047.0,3250.0,3267.5,3239.8,3251.5,46793775,3576.6,2926.4,4322.95,2866.6,3256.3,47,1,3256.1,22,1,3256.0,91,5,3255.9,23,3,3255.8,3,1,3257.1,40,1,3257.2,141,4,3257.3,29,1,3257.4,68,3,3257.5,30,1
11536,2025-12-30 14:01:49+05:30,3257.0,2,3253.35,1404586,104039.0,136047.0,3250.0,3267.5,3239.8,3251.5,46793775,3576.6,2926.4,4322.95,2866.6,3256.3,47,1,3256.1,22,1,3256.0,91,5,3255.9,23,3,3255.8,3,1,3257.1,40,1,3257.2,141,4,3257.3,29,1,3257.4,68,3,3257.5,30,1
11536,2025-12-30 14:01:50+05:30,3257.0,2,3253.35,1404586,104050.0,136137.0,3250.0,3267.5,3239.8,3251.5,46793775,3576.6,2926.4,4322.95,2866.6,3256.3,58,2,3256.1,22,1,3256.0,91,5,3255.9,23,3,3255.8,3,1,3257.1,50,2,3257.2,141,4,3257.3,29,1,3257.4,89,3,3257.5,91,2
11536,2025-12-30 14:01:51+05:30,3257.0,2,3253.35,1404586,104040.0,136154.0,3250.0,3267.5,3239.8,3251.5,46793775,3576.6,2926.4,4322.95,2866.6,3256.3,58,2,3256.1,22,1,3256.0,91,5,3255.9,23,3,3255.8,3,1,3257.1,70,3,3257.2,97,3,3257.3,29,1,3257.4,128,4,3257.5,91,2
11536,2025-12-30 14:01:52+05:30,3257.1,3,3253.35,1404589,104040.0,136142.0,3250.0,3267.5,3239.8,3251.5,46793775,3576.6,2926.4,4322.95,2866.6,3256.3,58,2,3256.1,22,1,3256.0,91,5,3255.9,23,3,3255.8,3,1,3257.1,67,3,3257.2,97,3,3257.3,29,1,3257.4,169,5,3257.5,91,2
11536,2025-12-30 14:01:52+05:30,3257.1,3,3253.35,1404589,104040.0,136142.0,3250.0,3267.5,3239.8,3251.5,46793775,3576.6,2926.4,4322.95,2866.6,3256.3,58,2,3256.1,22,1,3256.0,91,5,3255.9,23,3,3255.8,3,1,3257.1,67,3,3257.2,97,3,3257.3,29,1,3257.4,169,5,3257.5,91,2
11536,2025-12-30 14:01:53+05:30,3257.1,3,3253.35,1404589,104040.0,136142.0,3250.0,3267.5,3239.8,3251.5,46793775,3576.6,2926.4,4322.95,2866.6,3256.3,58,2,3256.1,22,1,3256.0,91,5,3255.9,23,3,3255.8,3,1,3257.1,67,3,3257.2,97,3,3257.3,29,1,3257.4,169,5,3257.5,91,2
11536,2025-12-30 14:01:53+05:30,3257.1,3,3253.35,1404592,104067.0,136130.0,3250.0,3267.5,3239.8,3251.5,46793775,3576.6,2926.4,4322.95,2866.6,3256.3,58,2,3256.1,22,1,3256.0,110,5,3255.9,23,3,3255.8,3,1,3257.1,64,3,3257.2,97,3,3257.3,29,1,3257.4,169,5,3257.5,91,2
11536,2025-12-30 14:01:54+05:30,3256.3,1,3253.35,1404593,104061.0,136124.0,3250.0,3267.5,3239.8,3251.5,46793775,3576.6,2926.4,4322.95,2866.6,3256.3,57,2,3256.1,22,1,3256.0,110,5,3255.9,23,3,3255.8,3,1,3257.1,44,2,3257.2,141,4,3257.3,29,1,3257.4,130,4,3257.5,91,2
11536,2025-12-30 14:01:54+05:30,3256.3,1,3253.35,1404593,104061.0,136124.0,3250.0,3267.5,3239.8,3251.5,46793775,3576.6,2926.4,4322.95,2866.6,3256.3,57,2,3256.1,22,1,3256.0,110,5,3255.9,23,3,3255.8,3,1,3257.1,44,2,3257.2,141,4,3257.3,29,1,3257.4,130,4,3257.5,91,2
11536,2025-12-30 14:01:55+05:30,3257.1,1,3253.35,1404594,104222.0,136339.0,3250.0,3267.5,3239.8,3251.5,46793775,3576.6,2926.4,4322.95,2866.6,3256.3,57,2,3256.1,22,1,3256.0,110,5,3255.9,23,3,3255.8,3,1,3257.1,78,4,3257.2,97,3,3257.3,29,1,3257.4,169,5,3257.5,91,2
11536,2025-12-30 14:01:55+05:30,3257.1,1,3253.35,1404594,104222.0,136339.0,3250.0,3267.5,3239.8,3251.5,46793775,3576.6,2926.4,4322.95,2866.6,3256.3,57,2,3256.1,22,1,3256.0,110,5,3255.9,23,3,3255.8,3,1,3257.1,78,4,3257.2,97,3,3257.3,29,1,3257.4,169,5,3257.5,91,2
11536,2025-12-30 14:01:56+05:30,3257.1,1,3253.35,1404594,104391.0,136369.0,3250.0,3267.5,3239.8,3251.5,46793775,3576.6,2926.4,4322.95,2866.6,3256.3,57,2,3256.1,22,1,3256.0,110,5,3255.9,23,3,3255.8,3,1,3257.0,10,1,3257.1,68,3,3257.2,97,3,3257.3,29,1,3257.4,169,5
11536,2025-12-30 14:01:57+05:30,3257.1,1,3253.35,1404594,104391.0,136369.0,3250.0,3267.5,3239.8,3251.5,46793775,3576.6,2926.4,4322.95,2866.6,3256.3,57,2,3256.1,22,1,3256.0,110,5,3255.9,23,3,3255.8,3,1,3257.0,10,1,3257.1,68,3,3257.2,97,3,3257.3,29,1,3257.4,169,5
11536,2025-12-30 14:01:57+05:30,3257.1,1,3253.35,1404623,104579.0,135854.0,3250.0,3267.5,3239.8,3251.5,46793775,3576.6,2926.4,4322.95,2866.6,3256.3,57,2,3256.1,22,1,3256.0,110,5,3255.9,63,4,3255.8,16,3,3257.1,13,2,3257.2,47,1,3257.3,41,1,3257.4,28,1,3257.5,91,2
11536,2025-12-30 14:01:58+05:30,3256.3,2,3253.35,1404623,104579.0,135854.0,3250.0,3267.5,3239.8,3251.5,46793775,3576.6,2926.4,4322.95,2866.6,3256.3,57,2,3256.1,22,1,3256.0,110,5,3255.9,63,4,3255.8,16,3,3257.1,13,2,3257.2,47,1,3257.3,41,1,3257.4,28,1,3257.5,91,2
11536,2025-12-30 14:01:58+05:30,3256.3,2,3253.35,1404811,104471.0,135385.0,3250.0,3267.5,3239.8,3251.5,46793775,3576.6,2926.4,4322.95,2866.6,3256.3,55,2,3256.1,18,1,3256.0,110,5,3255.9,63,4,3255.8,53,4,3257.2,63,3,3257.3,131,4,3257.4,22,1,3257.5,28,1,3257.6,51,4
11536,2025-12-30 14:01:59+05:30,3256.3,2,3253.35,1404811,104824.0,132997.0,3250.0,3267.5,3239.8,3251.5,46793775,3576.6,2926.4,4322.95,2866.6,3256.3,55,2,3256.1,34,2,3256.0,120,6,3255.9,87,6,3255.8,97,6,3257.3,59,2,3257.4,22,1,3257.5,69,2,3257.6,51,4,3257.7,64,2
11536,2025-12-30 14:02:00+05:30,3257.3,1,3253.35,1404811,104824.0,132997.0,3250.0,3267.5,3239.8,3251.5,46793775,3576.6,2926.4,4322.95,2866.6,3256.3,55,2,3256.1,34,2,3256.0,120,6,3255.9,87,6,3255.8,97,6,3257.3,59,2,3257.4,22,1,3257.5,69,2,3257.6,51,4,3257.7,64,2
11536,2025-12-30 14:02:00+05:30,3257.3,1,3253.35,1404813,106681.0,135637.0,3250.0,3267.5,3239.8,3251.5,46793775,3576.6,2926.4,4322.95,2866.6,3256.3,54,2,3256.1,18,1,3256.0,110,5,3255.9,66,5,3255.8,53,4,3257.2,101,4,3257.3,79,2,3257.4,22,1,3257.5,55,2,3257.6,142,6
11536,2025-12-30 14:02:01+05:30,3257.2,10,3253.35,1404813,106681.0,135637.0,3250.0,3267.5,3239.8,3251.5,46793775,3576.6,2926.4,4322.95,2866.6,3256.3,54,2,3256.1,18,1,3256.0,110,5,3255.9,66,5,3255.8,53,4,3257.2,101,4,3257.3,79,2,3257.4,22,1,3257.5,55,2,3257.6,142,6
11536,2025-12-30 14:02:01+05:30,3257.2,2,3253.35,1404825,106686.0,135470.0,3250.0,3267.5,3239.8,3251.5,46793775,3576.6,2926.4,4322.95,2866.6,3256.3,54,2,3256.1,18,1,3256.0,110,5,3255.9,66,5,3255.8,53,4,3257.2,61,3,3257.3,49,1,3257.4,22,1,3257.5,131,4,3257.6,142,6
11536,2025-12-30 14:02:02+05:30,3257.2,2,3253.35,1404825,106686.0,135470.0,3250.0,3267.5,3239.8,3251.5,46793775,3576.6,2926.4,4322.95,2866.6,3256.3,54,2,3256.1,18,1,3256.0,110,5,3255.9,66,5,3255.8,53,4,3257.2,61,3,3257.3,49,1,3257.4,22,1,3257.5,131,4,3257.6,142,6
11536,2025-12-30 14:02:02+05:30,3257.2,2,3253.35,1404825,106696.0,135474.0,3250.0,3267.5,3239.8,3251.5,46793775,3576.6,2926.4,4322.95,2866.6,3256.3,54,2,3256.1,18,1,3256.0,110,5,3255.9,66,5,3255.8,53,4,3257.2,61,3,3257.3,49,1,3257.4,22,1,3257.5,131,4,3257.6,144,7
11536,2025-12-30 14:02:03+05:30,3255.8,66,3253.35,1404825,106696.0,135474.0,3250.0,3267.5,3239.8,3251.5,46793775,3576.6,2926.4,4322.95,2866.6,3256.3,54,2,3256.1,18,1,3256.0,110,5,3255.9,66,5,3255.8,53,4,3257.2,61,3,3257.3,49,1,3257.4,22,1,3257.5,131,4,3257.6,144,7
11536,2025-12-30 14:02:03+05:30,3255.8,66,3253.35,1405851,106007.0,136131.0,3250.0,3267.5,3239.8,3251.5,46793775,3576.6,2926.4,4322.95,2866.6,3255.5,58,2,3255.3,175,10,3255.2,378,6,3255.1,166,5,3255.0,809,23,3255.8,32,1,3257.0,83,2,3257.1,61,1,3257.2,238,3,3257.3,217,2
11536,2025-12-30 14:02:04+05:30,3255.8,66,3253.35,1405851,105504.0,134641.0,3250.0,3267.5,3239.8,3251.5,46793775,3576.6,2926.4,4322.95,2866.6,3255.4,39,1,3255.3,143,10,3255.2,350,5,3255.1,166,5,3255.0,633,21,3255.8,32,1,3257.0,83,2,3257.1,103,2,3257.2,277,4,3257.3,332,5
11536,2025-12-30 14:02:05+05:30,3255.8,1,3253.35,1405851,105504.0,134641.0,3250.0,3267.5,3239.8,3251.5,46793775,3576.6,2926.4,4322.95,2866.6,3255.4,39,1,3255.3,143,10,3255.2,350,5,3255.1,166,5,3255.0,633,21,3255.8,32,1,3257.0,83,2,3257.1,103,2,3257.2,277,4,3257.3,332,5
11536,2025-12-30 14:02:05+05:30,3255.8,1,3253.35,1405853,105558.0,135882.0,3250.0,3267.5,3239.8,3251.5,46793775,3576.6,2926.4,4322.95,2866.6,3255.4,66,2,3255.3,181,10,3255.2,314,5,3255.1,166,5,3255.0,633,21,3255.8,31,1,3256.8,61,1,3256.9,86,1,3257.0,83,2,3257.1,103,2
11536,2025-12-30 14:02:06+05:30,3256.8,1,3253.35,1405890,106138.0,135046.0,3250.0,3267.5,3239.8,3251.5,46793775,3576.6,2926.4,4322.95,2866.6,3255.5,97,4,3255.4,39,2,3255.3,179,8,3255.2,334,6,3255.1,175,7,3256.8,56,3,3256.9,86,3,3257.0,87,2,3257.1,237,2,3257.2,301,4
11536,2025-12-30 14:02:06+05:30,3256.8,1,3253.35,1405890,106138.0,135046.0,3250.0,3267.5,3239.8,3251.5,46793775,3576.6,2926.4,4322.95,2866.6,3255.5,97,4,3255.4,39,2,3255.3,179,8,3255.2,334,6,3255.1,175,7,3256.8,56,3,3256.9,86,3,3257.0,87,2,3257.1,237,2,3257.2,301,4
11536,2025-12-30 14:02:07+05:30,3256.8,1,3253.35,1405890,106139.0,135209.0,3250.0,3267.5,3239.8,3251.5,46793775,3576.6,2926.4,4322.95,2866.6,3255.5,190,5,3255.4,39,2,3255.3,109,8,3255.2,334,6,3255.1,175,7,3256.8,163,6,3256.9,70,2,3257.0,87,2,3257.1,232,2,3257.2,361,5
11536,2025-12-30 14:02:08+05:30,3256.8,27,3253.35,1405890,106139.0,135209.0,3250.0,3267.5,3239.8,3251.5,46793775,3576.6,2926.4,4322.95,2866.6,3255.5,190,5,3255.4,39,2,3255.3,109,8,3255.2,334,6,3255.1,175,7,3256.8,163,6,3256.9,70,2,3257.0,87,2,3257.1,232,2,3257.2,361,5
11536,2025-12-30 14:02:08+05:30,3256.8,27,3253.35,1405995,106337.0,132467.0,3250.0,3267.5,3239.8,3251.5,46793775,3576.6,2926.4,4322.95,2866.6,3255.6,95,3,3255.5,104,2,3255.4,127,3,3255.3,90,7,3255.2,339,7,3257.0,50,2,3257.1,58,2,3257.2,258,3,3257.3,46,1,3257.4,277,5
11536,2025-12-30 14:02:09+05:30,3255.6,2,3253.35,1405995,106337.0,132467.0,3250.0,3267.5,3239.8,3251.5,46793775,3576.6,2926.4,4322.95,2866.6,3255.6,95,3,3255.5,104,2,3255.4,127,3,3255.3,90,7,3255.2,339,7,3257.0,50,2,3257.1,58,2,3257.2,258,3,3257.3,46,1,3257.4,277,5
11536,2025-12-30 14:02:09+05:30,3255.6,2,3253.35,1405997,106443.0,134771.0,3250.0,3267.5,3239.8,3251.5,46793775,3576.6,2926.4,4322.95,2866.6,3255.6,46,1,3255.5,93,1,3255.4,28,1,3255.3,168,8,3255.2,334,6,3256.8,116,3,3256.9,33,2,3257.0,89,3,3257.1,61,1,3257.2,260,4
11536,2025-12-30 14:02:10+05:30,3256.8,1,3253.35,1405997,106443.0,134771.0,3250.0,3267.5,3239.8,3251.5,46793775,3576.6,2926.4,4322.95,2866.6,3255.6,46,1,3255.5,93,1,3255.4,28,1,3255.3,168,8,3255.2,334,6,3256.8,116,3,3256.9,33,2,3257.0,89,3,3257.1,61,1,3257.2,260,4
11536,2025-12-30 14:02:10+05:30,3256.8,1,3253.35,1405998,106296.0,135738.0,3250.0,3267.5,3239.8,3251.5,46793775,3576.6,2926.4,4322.95,2866.6,3255.5,93,1,3255.3,50,6,3255.2,324,5,3255.1,132,5,3255.0,638,22,3256.6,55,2,3256.7,45,1,3256.8,41,2,3256.9,44,1,3257.0,92,3
11536,2025-12-30 14:02:11+05:30,3256.6,1,3253.35,1405998,106296.0,135738.0,3250.0,3267.5,3239.8,3251.5,46793775,3576.6,2926.4,4322.95,2866.6,3255.5,93,1,3255.3,50,6,3255.2,324,5,3255.1,132,5,3255.0,638,22,3256.6,55,2,3256.7,45,1,3256.8,41,2,3256.9,44,1,3257.0,92,3
11536,2025-12-30 14:02:11+05:30,3256.6,1,3253.35,1406000,106266.0,135833.0,3250.0,3267.5,3239.8,3251.5,46793775,3576.6,2926.4,4322.95,2866.6,3255.5,92,1,3255.3,50,6,3255.2,324,5,3255.1,132,5,3255.0,660,23,3256.6,54,2,3256.7,55,2,3256.8,31,1,3256.9,44,1,3257.0,92,3
11536,2025-12-30 14:02:12+05:30,3256.6,2,3253.35,1406000,106266.0,135833.0,3250.0,3267.5,3239.8,3251.5,46793775,3576.6,2926.4,4322.95,2866.6,3255.5,92,1,3255.3,50,6,3255.2,324,5,3255.1,132,5,3255.0,660,23,3256.6,54,2,3256.7,55,2,3256.8,31,1,3256.9,44,1,3257.0,92,3
11536,2025-12-30 14:02:12+05:30,3256.6,2,3253.35,1406102,106179.0,136397.0,3250.0,3267.5,3239.8,3251.5,46793775,3576.6,2926.4,4322.95,2866.6,3255.4,31,1,3255.3,273,9,3255.2,153,4,3255.1,103,4,3255.0,1007,25,3255.5,1,1,3256.6,61,1,3256.7,61,1,3256.8,114,3,3256.9,181,2
11536,2025-12-30 14:02:13+05:30,3256.0,1,3253.35,1406102,106179.0,136397.0,3250.0,3267.5,3239.8,3251.5,46793775,3576.6,2926.4,4322.95,2866.6,3255.4,31,1,3255.3,273,9,3255.2,153,4,3255.1,103,4,3255.0,1007,25,3255.5,1,1,3256.6,61,1,3256.7,61,1,3256.8,114,3,3256.9,181,2
11536,2025-12-30 14:02:13+05:30,3256.0,1,3253.35,1406105,108470.0,133075.0,3250.0,3267.5,3239.8,3251.5,46793775,3576.6,2926.4,4322.95,2866.6,3256.0,26,4,3255.8,37,2,3255.7,82,5,3255.6,199,7,3255.5,267,4,3257.0,3,1,3257.2,38,1,3257.3,97,3,3257.4,41,2,3257.6,198,3
11536,2025-12-30 14:02:14+05:30,3257.0,1,3253.35,1406105,108470.0,133075.0,3250.0,3267.5,3239.8,3251.5,46793775,3576.6,2926.4,4322.95,2866.6,3256.0,26,4,3255.8,37,2,3255.7,82,5,3255.6,199,7,3255.5,267,4,3257.0,3,1,3257.2,38,1,3257.3,97,3,3257.4,41,2,3257.6,198,3
11536,2025-12-30 14:02:14+05:30,3257.0,1,3253.35,1406107,108577.0,133746.0,3250.0,3267.5,3239.8,3251.5,46793775,3576.6,2926.4,4322.95,2866.6,3256.3,1,1,3256.0,3,1,3255.8,3,1,3255.7,56,3,3255.6,157,6,3257.0,16,2,3257.1,38,1,3257.2,45,1,3257.3,31,1,3257.4,21,2
11536,2025-12-30 14:02:15+05:30,3257.0,1,3253.35,1406107,108577.0,133746.0,3250.0,3267.5,3239.8,3251.5,46793775,3576.6,2926.4,4322.95,2866.6,3256.3,1,1,3256.0,3,1,3255.8,3,1,3255.7,56,3,3255.6,157,6,3257.0,16,2,3257.1,38,1,3257.2,45,1,3257.3,31,1,3257.4,21,2
11536,2025-12-30 14:02:15+05:30,3257.0,1,3253.35,1406126,108134.0,134662.0,3250.0,3267.5,3239.8,3251.5,46793775,3576.6,2926.4,4322.95,2866.6,3256.3,1,1,3256.0,3,1,3255.8,3,1,3255.7,25,1,3255.6,24,3,3257.0,92,3,3257.3,73,2,3257.4,61,1,3257.5,141,3,3257.6,93,4
11536,2025-12-30 14:02:16+05:30,3257.0,1,3253.35,1406126,108134.0,134662.0,3250.0,3267.5,3239.8,3251.5,46793775,3576.6,2926.4,4322.95,2866.6,3256.3,1,1,3256.0,3,1,3255.8,3,1,3255.7,25,1,3255.6,24,3,3257.0,92,3,3257.3,73,2,3257.4,61,1,3257.5,141,3,3257.6,93,4
11536,2025-12-30 14:02:16+05:30,3257.0,1,3253.35,1406130,107874.0,134963.0,3250.0,3267.5,3239.8,3251.5,46793775,3576.6,2926.4,4322.95,2866.6,3256.0,23,2,3255.8,3,1,3255.7,25,1,3255.5,74,1,3255.4,118,5,3257.0,89,3,3257.2,61,1,3257.3,73,2,3257.4,82,2,3257.5,190,5
11536,2025-12-30 14:02:17+05:30,3257.0,1,3253.35,1406130,107874.0,134963.0,3250.0,3267.5,3239.8,3251.5,46793775,3576.6,2926.4,4322.95,2866.6,3256.0,23,2,3255.8,3,1,3255.7,25,1,3255.5,74,1,3255.4,118,5,3257.0,89,3,3257.2,61,1,3257.3,73,2,3257.4,82,2,3257.5,190,5
11536,2025-12-30 14:02:17+05:30,3257.0,1,3253.35,1406131,108866.0,133753.0,3250.0,3267.5,3239.8,3251.5,46793775,3576.6,2926.4,4322.95,2866.6,3256.6,20,1,3256.0,159,5,3255.9,15,2,3255.8,6,2,3255.7,47,2,3257.0,32,1,3257.5,45,2,3257.6,94,3,3257.7,266,3,3257.8,431,9
11536,2025-12-30 14:02:18+05:30,3255.7,3,3253.35,1406767,107330.0,134767.0,3250.0,3267.5,3239.8,3251.5,46793775,3576.6,2926.4,4322.95,2866.6,3255.5,127,5,3255.4,22,1,3255.3,213,5,3255.2,143,3,3255.1,150,4,3255.7,3,1,3256.9,80,2,3257.0,53,2,3257.1,61,1,3257.2,248,3
11536,2025-12-30 14:02:18+05:30,3255.7,3,3253.35,1406767,107330.0,134767.0,3250.0,3267.5,3239.8,3251.5,46793775,3576.6,2926.4,4322.95,2866.6,3255.5,127,5,3255.4,22,1,3255.3,213,5,3255.2,143,3,3255.1,150,4,3255.7,3,1,3256.9,80,2,3257.0,53,2,3257.1,61,1,3257.2,248,3
11536,2025-12-30 14:02:19+05:30,3255.7,3,3253.35,1406767,107578.0,135566.0,3250.0,3267.5,3239.8,3251.5,46793775,3576.6,2926.4,4322.95,2866.6,3255.5,100,4,3255.3,213,5,3255.2,143,3,3255.1,150,4,3255.0,672,23,3255.7,3,1,3256.9,80,2,3257.0,114,3,3257.1,103,2,3257.2,248,3
11536,2025-12-30 14:02:20+05:30,3255.7,3,3253.35,1406767,107617.0,135493.0,3250.0,3267.5,3239.8,3251.5,46793775,3576.6,2926.4,4322.95,2866.6,3255.5,100,4,3255.3,235,6,3255.2,143,3,3255.1,150,4,3255.0,672,23,3255.7,3,1,3256.9,80,2,3257.0,114,3,3257.1,103,2,3257.2,248,3
11536,2025-12-30 14:02:21+05:30,3255.5,27,3253.35,1407190,107454.0,132556.0,3250.0,3267.5,3239.8,3251.5,46793775,3576.6,2926.4,4322.95,2866.6,3255.6,224,6,3255.5,32,2,3255.4,84,3,3255.3,273,8,3255.2,157,4,3257.0,84,3,3257.4,82,3,3257.6,213,3,3257.7,144,4,3257.8,84,3
11536,2025-12-30 14:02:21+05:30,3255.5,27,3253.35,1407190,107454.0,132556.0,3250.0,3267.5,3239.8,3251.5,46793775,3576.6,2926.4,4322.95,2866.6,3255.6,224,6,3255.5,32,2,3255.4,84,3,3255.3,273,8,3255.2,157,4,3257.0,84,3,3257.4,82,3,3257.6,213,3,3257.7,144,4,3257.8,84,3
11536,2025-12-30 14:02:22+05:30,3255.6,1,3253.35,1407191,107357.0,132691.0,3250.0,3267.5,3239.8,3251.5,46793775,3576.6,2926.4,4322.95,2866.6,3255.6,188,6,3255.4,63,2,3255.3,144,9,3255.2,305,4,3255.1,140,7,3257.0,84,3,3257.3,80,2,3257.4,143,4,3257.5,107,2,3257.6,68,3
11536,2025-12-30 14:02:22+05:30,3255.6,1,3253.35,1407191,107357.0,132691.0,3250.0,3267.5,3239.8,3251.5,46793775,3576.6,2926.4,4322.95,2866.6,3255.6,188,6,3255.4,63,2,3255.3,144,9,3255.2,305,4,3255.1,140,7,3257.0,84,3,3257.3,80,2,3257.4,143,4,3257.5,107,2,3257.6,68,3
11536,2025-12-30 14:02:23+05:30,3257.0,2,3253.35,1407194,107475.0,131687.0,3250.0,3267.5,3239.8,3251.5,46793775,3576.6,2926.4,4322.95,2866.6,3255.6,188,6,3255.4,21,1,3255.3,144,9,3255.2,305,4,3255.1,135,6,3257.0,81,3,3257.3,61,1,3257.4,173,5,3257.5,107,2,3257.6,224,4
11536,2025-12-30 14:02:23+05:30,3257.0,2,3253.35,1407194,107475.0,131687.0,3250.0,3267.5,3239.8,3251.5,46793775,3576.6,2926.4,4322.95,2866.6,3255.6,188,6,3255.4,21,1,3255.3,144,9,3255.2,305,4,3255.1,135,6,3257.0,81,3,3257.3,61,1,3257.4,173,5,3257.5,107,2,3257.6,224,4
11536,2025-12-30 14:02:24+05:30,3257.4,1,3253.35,1407397,107952.0,132797.0,3250.0,3267.5,3239.8,3251.5,46793775,3576.6,2926.4,4322.95,2866.6,3255.7,41,1,3255.6,200,6,3255.4,165,3,3255.3,319,10,3255.2,130,3,3257.2,60,2,3257.3,51,3,3257.4,72,2,3257.5,164,2,3257.6,253,4
11536,2025-12-30 14:02:24+05:30,3257.4,1,3253.35,1407397,107952.0,132797.0,3250.0,3267.5,3239.8,3251.5,46793775,3576.6,2926.4,4322.95,2866.6,3255.7,41,1,3255.6,200,6,3255.4,165,3,3255.3,319,10,3255.2,130,3,3257.2,60,2,3257.3,51,3,3257.4,72,2,3257.5,164,2,3257.6,253,4
11536,2025-12-30 14:02:25+05:30,3257.4,1,3253.35,1407397,107808.0,133233.0,3250.0,3267.5,3239.8,3251.5,46793775,3576.6,2926.4,4322.95,2866.6,3255.6,87,2,3255.4,85,3,3255.3,102,7,3255.2,130,3,3255.1,346,7,3257.0,83,3,3257.1,44,1,3257.2,104,4,3257.3,27,2,3257.4,136,4
11536,2025-12-30 14:02:25+05:30,3257.0,1,3253.35,1407397,107808.0,133233.0,3250.0,3267.5,3239.8,3251.5,46793775,3576.6,2926.4,4322.95,2866.6,3255.6,87,2,3255.4,85,3,3255.3,102,7,3255.2,130,3,3255.1,346,7,3257.0,83,3,3257.1,44,1,3257.2,104,4,3257.3,27,2,3257.4,136,4
11536,2025-12-30 14:02:26+05:30,3255.7,1,3253.35,1407408,107897.0,133319.0,3250.0,3267.5,3239.8,3251.5,46793775,3576.6,2926.4,4322.95,2866.6,3255.7,16,2,3255.6,78,1,3255.4,43,2,3255.3,123,8,3255.2,172,4,3257.0,136,5,3257.1,78,2,3257.2,146,5,3257.3,17,1,3257.4,182,5
11536,2025-12-30 14:02:26+05:30,3255.7,1,3253.35,1407408,107897.0,133319.0,3250.0,3267.5,3239.8,3251.5,46793775,3576.6,2926.4,4322.95,2866.6,3255.7,16,2,3255.6,78,1,3255.4,43,2,3255.3,123,8,3255.2,172,4,3257.0,136,5,3257.1,78,2,3257.2,146,5,3257.3,17,1,3257.4,182,5
11536,2025-12-30 14:02:27+05:30,3255.7,1,3253.35,1407408,107896.0,133270.0,3250.0,3267.5,3239.8,3251.5,46793775,3576.6,2926.4,4322.95,2866.6,3255.7,57,3,3255.6,78,1,3255.4,43,2,3255.3,123,8,3255.2,130,3,3257.0,101,5,3257.1,78,2,3257.2,146,5,3257.3,17,1,3257.4,136,4
11536,2025-12-30 14:02:28+05:30,3255.7,4,3253.35,1407596,109029.0,134395.0,3250.0,3267.5,3239.8,3251.5,46793775,3576.6,2926.4,4322.95,2866.6,3255.7,85,3,3255.6,78,1,3255.5,37,1,3255.4,87,3,3255.3,281,8,3256.4,123,1,3257.1,10,1,3257.2,121,3,3257.3,154,1,3257.4,249,4
11536,2025-12-30 14:02:28+05:30,3255.7,4,3253.35,1407596,109029.0,134395.0,3250.0,3267.5,3239.8,3251.5,46793775,3576.6,2926.4,4322.95,2866.6,3255.7,85,3,3255.6,78,1,3255.5,37,1,3255.4,87,3,3255.3,281,8,3256.4,123,1,3257.1,10,1,3257.2,121,3,3257.3,154,1,3257.4,249,4
11536,2025-12-30 14:02:29+05:30,3255.7,4,3253.35,1407596,109091.0,134357.0,3250.0,3267.5,3239.8,3251.5,46793775,3576.6,2926.4,4322.95,2866.6,3255.7,83,2,3255.6,78,1,3255.5,58,2,3255.4,65,2,3255.3,260,7,3256.4,123,1,3257.1,10,1,3257.2,121,3,3257.3,154,1,3257.4,277,5
11536,2025-12-30 14:02:30+05:30,3255.7,1,3253.35,1407596,109091.0,134357.0,3250.0,3267.5,3239.8,3251.5,46793775,3576.6,2926.4,4322.95,2866.6,3255.7,83,2,3255.6,78,1,3255.5,58,2,3255.4,65,2,3255.3,260,7,3256.4,123,1,3257.1,10,1,3257.2,121,3,3257.3,154,1,3257.4,277,5
11536,2025-12-30 14:02:30+05:30,3255.7,1,3253.35,1407597,109069.0,134390.0,3250.0,3267.5,3239.8,3251.5,46793775,3576.6,2926.4,4322.95,2866.6,3255.7,82,2,3255.6,78,1,3255.5,58,2,3255.4,44,1,3255.3,260,7,3256.4,123,1,3257.1,10,1,3257.2,121,3,3257.3,154,1,3257.4,277,5
11536,2025-12-30 14:02:31+05:30,3256.4,1,3253.35,1407598,109069.0,134386.0,3250.0,3267.5,3239.8,3251.5,46793775,3576.6,2926.4,4322.95,2866.6,3255.7,82,2,3255.6,78,1,3255.5,58,2,3255.4,44,1,3255.3,260,7,3256.4,122,1,3257.1,10,1,3257.2,121,3,3257.3,203,3,3257.4,277,5
11536,2025-12-30 14:02:32+05:30,3256.4,2,3253.35,1407598,109069.0,134386.0,3250.0,3267.5,3239.8,3251.5,46793775,3576.6,2926.4,4322.95,2866.6,3255.7,82,2,3255.6,78,1,3255.5,58,2,3255.4,44,1,3255.3,260,7,3256.4,122,1,3257.1,10,1,3257.2,121,3,3257.3,203,3,3257.4,277,5
11536,2025-12-30 14:02:32+05:30,3256.4,2,3253.35,1407600,109045.0,134459.0,3250.0,3267.5,3239.8,3251.5,46793775,3576.6,2926.4,4322.95,2866.6,3255.7,82,2,3255.6,78,1,3255.5,58,2,3255.4,44,1,3255.3,260,7,3256.4,120,1,3257.1,10,1,3257.2,121,3,3257.3,200,2,3257.4,277,5
11536,2025-12-30 14:02:33+05:30,3255.2,1,3253.35,1407600,109045.0,134459.0,3250.0,3267.5,3239.8,3251.5,46793775,3576.6,2926.4,4322.95,2866.6,3255.7,82,2,3255.6,78,1,3255.5,58,2,3255.4,44,1,3255.3,260,7,3256.4,120,1,3257.1,10,1,3257.2,121,3,3257.3,200,2,3257.4,277,5
11536,2025-12-30 14:02:33+05:30,3255.2,1,3253.36,1408705,106086.0,136786.0,3250.0,3267.5,3239.8,3251.5,46793775,3576.6,2926.4,4322.95,2866.6,3255.2,181,2,3255.1,50,1,3255.0,1041,20,3254.9,10,2,3254.8,178,2,3255.3,98,1,3256.4,100,3,3256.6,21,1,3256.7,299,4,3256.8,385,7
11536,2025-12-30 14:02:34+05:30,3255.3,72,3253.36,1408705,106086.0,136786.0,3250.0,3267.5,3239.8,3251.5,46793775,3576.6,2926.4,4322.95,2866.6,3255.2,181,2,3255.1,50,1,3255.0,1041,20,3254.9,10,2,3254.8,178,2,3255.3,98,1,3256.4,100,3,3256.6,21,1,3256.7,299,4,3256.8,385,7
11536,2025-12-30 14:02:34+05:30,3255.3,72,3253.36,1408803,106252.0,135151.0,3250.0,3267.5,3239.8,3251.5,46793775,3576.6,2926.4,4322.95,2866.6,3255.2,188,3,3255.1,87,2,3255.0,1041,20,3254.9,54,3,3254.8,3,1,3255.8,123,1,3256.4,56,2,3256.5,22,1,3256.6,52,2,3256.7,79,2
11536,2025-12-30 14:02:35+05:30,3255.8,1,3253.36,1408804,106260.0,133921.0,3250.0,3267.5,3239.8,3251.5,46793775,3576.6,2926.4,4322.95,2866.6,3255.2,188,3,3255.1,87,2,3255.0,1085,21,3254.9,10,2,3254.8,3,1,3255.8,136,2,3256.4,42,1,3256.5,22,1,3256.6,52,2,3256.7,79,2
11536,2025-12-30 14:02:35+05:30,3255.8,1,3253.36,1408804,106260.0,133921.0,3250.0,3267.5,3239.8,3251.5,46793775,3576.6,2926.4,4322.95,2866.6,3255.2,188,3,3255.1,87,2,3255.0,1085,21,3254.9,10,2,3254.8,3,1,3255.8,136,2,3256.4,42,1,3256.5,22,1,3256.6,52,2,3256.7,79,2
11536,2025-12-30 14:02:35+05:30,3255.8,1,3253.36,1408804,106260.0,133921.0,3250.0,3267.5,3239.8,3251.5,46793775,3576.6,2926.4,4322.95,2866.6,3255.2,188,3,3255.1,87,2,3255.0,1085,21,3254.9,10,2,3254.8,3,1,3255.8,136,2,3256.4,42,1,3256.5,22,1,3256.6,52,2,3256.7,79,2
11536,2025-12-30 14:02:36+05:30,3255.8,1,3253.36,1408805,106346.0,135436.0,3250.0,3267.5,3239.8,3251.5,46793775,3576.6,2926.4,4322.95,2866.6,3255.5,4,1,3255.2,178,2,3255.1,50,1,3255.0,1041,20,3254.9,10,2,3255.8,135,2,3256.3,44,1,3256.5,60,2,3256.6,52,2,3256.7,79,2
11536,2025-12-30 14:02:36+05:30,3255.8,1,3253.36,1408805,106346.0,135436.0,3250.0,3267.5,3239.8,3251.5,46793775,3576.6,2926.4,4322.95,2866.6,3255.5,4,1,3255.2,178,2,3255.1,50,1,3255.0,1041,20,3254.9,10,2,3255.8,135,2,3256.3,44,1,3256.5,60,2,3256.6,52,2,3256.7,79,2
11536,2025-12-30 14:02:36+05:30,3255.8,1,3253.36,1408805,106346.0,135436.0,3250.0,3267.5,3239.8,3251.5,46793775,3576.6,2926.4,4322.95,2866.6,3255.5,4,1,3255.2,178,2,3255.1,50,1,3255.0,1041,20,3254.9,10,2,3255.8,135,2,3256.3,44,1,3256.5,60,2,3256.6,52,2,3256.7,79,2
11536,2025-12-30 14:02:37+05:30,3255.8,1,3253.36,1408806,106344.0,135071.0,3250.0,3267.5,3239.8,3251.5,46793775,3576.6,2926.4,4322.95,2866.6,3255.5,4,1,3255.2,178,2,3255.1,50,1,3255.0,1041,20,3254.9,10,2,3255.8,134,2,3256.3,44,1,3256.5,60,2,3256.6,52,2,3256.7,82,3
11536,2025-12-30 14:02:37+05:30,3255.8,1,3253.36,1408806,106344.0,135071.0,3250.0,3267.5,3239.8,3251.5,46793775,3576.6,2926.4,4322.95,2866.6,3255.5,4,1,3255.2,178,2,3255.1,50,1,3255.0,1041,20,3254.9,10,2,3255.8,134,2,3256.3,44,1,3256.5,60,2,3256.6,52,2,3256.7,82,3
11536,2025-12-30 14:02:38+05:30,3255.8,4,3253.36,1408832,106736.0,135375.0,3250.0,3267.5,3239.8,3251.5,46793775,3576.6,2926.4,4322.95,2866.6,3255.5,4,1,3255.2,178,2,3255.1,50,1,3255.0,1042,21,3254.9,10,2,3255.8,108,2,3256.3,44,1,3256.5,60,2,3256.6,42,1,3256.7,82,3
11536,2025-12-30 14:02:38+05:30,3255.8,4,3253.36,1408832,106736.0,135375.0,3250.0,3267.5,3239.8,3251.5,46793775,3576.6,2926.4,4322.95,2866.6,3255.5,4,1,3255.2,178,2,3255.1,50,1,3255.0,1042,21,3254.9,10,2,3255.8,108,2,3256.3,44,1,3256.5,60,2,3256.6,42,1,3256.7,82,3
11536,2025-12-30 14:02:38+05:30,3255.8,4,3253.36,1408832,106736.0,135375.0,3250.0,3267.5,3239.8,3251.5,46793775,3576.6,2926.4,4322.95,2866.6,3255.5,4,1,3255.2,178,2,3255.1,50,1,3255.0,1042,21,3254.9,10,2,3255.8,108,2,3256.3,44,1,3256.5,60,2,3256.6,42,1,3256.7,82,3
11536,2025-12-30 14:02:39+05:30,3255.5,1,3253.36,1408833,106764.0,135370.0,3250.0,3267.5,3239.8,3251.5,46793775,3576.6,2926.4,4322.95,2866.6,3255.5,3,1,3255.2,178,2,3255.1,50,1,3255.0,1079,22,3254.9,10,2,3255.8,108,2,3256.2,42,1,3256.3,44,1,3256.5,60,2,3256.6,42,1
11536,2025-12-30 14:02:39+05:30,3255.5,1,3253.36,1408833,106764.0,135370.0,3250.0,3267.5,3239.8,3251.5,46793775,3576.6,2926.4,4322.95,2866.6,3255.5,3,1,3255.2,178,2,3255.1,50,1,3255.0,1079,22,3254.9,10,2,3255.8,108,2,3256.2,42,1,3256.3,44,1,3256.5,60,2,3256.6,42,1
11536,2025-12-30 14:02:39+05:30,3255.5,1,3253.36,1408833,106764.0,135370.0,3250.0,3267.5,3239.8,3251.5,46793775,3576.6,2926.4,4322.95,2866.6,3255.5,3,1,3255.2,178,2,3255.1,50,1,3255.0,1079,22,3254.9,10,2,3255.8,108,2,3256.2,42,1,3256.3,44,1,3256.5,60,2,3256.6,42,1
11536,2025-12-30 14:02:40+05:30,3255.5,1,3253.36,1408833,106764.0,135370.0,3250.0,3267.5,3239.8,3251.5,46793775,3576.6,2926.4,4322.95,2866.6,3255.5,3,1,3255.2,178,2,3255.1,50,1,3255.0,1079,22,3254.9,10,2,3255.8,108,2,3256.2,42,1,3256.3,44,1,3256.5,60,2,3256.6,42,1
11536,2025-12-30 14:02:40+05:30,3255.5,1,3253.36,1408833,106765.0,135363.0,3250.0,3267.5,3239.8,3251.5,46793775,3576.6,2926.4,4322.95,2866.6,3255.5,3,1,3255.2,178,2,3255.1,50,1,3255.0,1080,23,3254.9,10,2,3255.8,108,2,3256.2,42,1,3256.3,44,1,3256.5,60,2,3256.6,42,1
11536,2025-12-30 14:02:41+05:30,3255.5,1,3253.36,1408833,106765.0,135363.0,3250.0,3267.5,3239.8,3251.5,46793775,3576.6,2926.4,4322.95,2866.6,3255.5,3,1,3255.2,178,2,3255.1,50,1,3255.0,1080,23,3254.9,10,2,3255.8,108,2,3256.2,42,1,3256.3,44,1,3256.5,60,2,3256.6,42,1
11536,2025-12-30 14:02:41+05:30,3255.5,1,3253.36,1408833,106765.0,135363.0,3250.0,3267.5,3239.8,3251.5,46793775,3576.6,2926.4,4322.95,2866.6,3255.5,3,1,3255.2,178,2,3255.1,50,1,3255.0,1080,23,3254.9,10,2,3255.8,108,2,3256.2,42,1,3256.3,44,1,3256.5,60,2,3256.6,42,1
11536,2025-12-30 14:02:42+05:30,3255.8,7,3253.36,1408833,106765.0,135363.0,3250.0,3267.5,3239.8,3251.5,46793775,3576.6,2926.4,4322.95,2866.6,3255.5,3,1,3255.2,178,2,3255.1,50,1,3255.0,1080,23,3254.9,10,2,3255.8,108,2,3256.2,42,1,3256.3,44,1,3256.5,60,2,3256.6,42,1
11536,2025-12-30 14:02:42+05:30,3255.8,7,3253.36,1408851,106876.0,135308.0,3250.0,3267.5,3239.8,3251.5,46793775,3576.6,2926.4,4322.95,2866.6,3255.5,52,2,3255.2,178,2,3255.1,88,2,3255.0,1089,23,3254.9,10,2,3255.8,90,2,3256.3,44,1,3256.5,60,2,3256.6,42,1,3256.7,82,3
11536,2025-12-30 14:02:42+05:30,3255.8,7,3253.36,1408851,106876.0,135308.0,3250.0,3267.5,3239.8,3251.5,46793775,3576.6,2926.4,4322.95,2866.6,3255.5,52,2,3255.2,178,2,3255.1,88,2,3255.0,1089,23,3254.9,10,2,3255.8,90,2,3256.3,44,1,3256.5,60,2,3256.6,42,1,3256.7,82,3
11536,2025-12-30 14:02:43+05:30,3255.5,1,3253.36,1408851,106876.0,135308.0,3250.0,3267.5,3239.8,3251.5,46793775,3576.6,2926.4,4322.95,2866.6,3255.5,52,2,3255.2,178,2,3255.1,88,2,3255.0,1089,23,3254.9,10,2,3255.8,90,2,3256.3,44,1,3256.5,60,2,3256.6,42,1,3256.7,82,3
11536,2025-12-30 14:02:43+05:30,3255.5,1,3253.36,1408851,106876.0,135308.0,3250.0,3267.5,3239.8,3251.5,46793775,3576.6,2926.4,4322.95,2866.6,3255.5,52,2,3255.2,178,2,3255.1,88,2,3255.0,1089,23,3254.9,10,2,3255.8,90,2,3256.3,44,1,3256.5,60,2,3256.6,42,1,3256.7,82,3
11536,2025-12-30 14:02:43+05:30,3255.5,1,3253.36,1408856,106812.0,135022.0,3250.0,3267.5,3239.8,3251.5,46793775,3576.6,2926.4,4322.95,2866.6,3255.5,51,2,3255.2,178,2,3255.1,88,2,3255.0,1089,23,3254.9,10,2,3255.8,86,2,3256.3,44,1,3256.5,60,2,3256.6,42,1,3256.7,82,3
11536,2025-12-30 14:02:43+05:30,3255.5,1,3253.36,1408856,106812.0,135022.0,3250.0,3267.5,3239.8,3251.5,46793775,3576.6,2926.4,4322.95,2866.6,3255.5,51,2,3255.2,178,2,3255.1,88,2,3255.0,1089,23,3254.9,10,2,3255.8,86,2,3256.3,44,1,3256.5,60,2,3256.6,42,1,3256.7,82,3
11536,2025-12-30 14:02:44+05:30,3255.8,1,3253.36,1408856,106812.0,135022.0,3250.0,3267.5,3239.8,3251.5,46793775,3576.6,2926.4,4322.95,2866.6,3255.5,51,2,3255.2,178,2,3255.1,88,2,3255.0,1089,23,3254.9,10,2,3255.8,86,2,3256.3,44,1,3256.5,60,2,3256.6,42,1,3256.7,82,3
11536,2025-12-30 14:02:44+05:30,3255.8,1,3253.36,1408857,106855.0,133982.0,3250.0,3267.5,3239.8,3251.5,46793775,3576.6,2926.4,4322.95,2866.6,3255.5,51,2,3255.2,178,2,3255.1,88,2,3255.0,1089,23,3254.9,10,2,3255.8,85,2,3256.3,44,1,3256.5,60,2,3256.6,42,1,3256.7,82,3
11536,2025-12-30 14:02:44+05:30,3255.8,1,3253.36,1408857,106855.0,133982.0,3250.0,3267.5,3239.8,3251.5,46793775,3576.6,2926.4,4322.95,2866.6,3255.5,51,2,3255.2,178,2,3255.1,88,2,3255.0,1089,23,3254.9,10,2,3255.8,85,2,3256.3,44,1,3256.5,60,2,3256.6,42,1,3256.7,82,3
11536,2025-12-30 14:02:45+05:30,3255.8,1,3253.36,1408857,106855.0,133982.0,3250.0,3267.5,3239.8,3251.5,46793775,3576.6,2926.4,4322.95,2866.6,3255.5,51,2,3255.2,178,2,3255.1,88,2,3255.0,1089,23,3254.9,10,2,3255.8,85,2,3256.3,44,1,3256.5,60,2,3256.6,42,1,3256.7,82,3
11536,2025-12-30 14:02:45+05:30,3255.8,1,3253.36,1408857,106855.0,133982.0,3250.0,3267.5,3239.8,3251.5,46793775,3576.6,2926.4,4322.95,2866.6,3255.5,50,2,3255.2,178,2,3255.1,88,2,3255.0,1089,23,3254.9,10,2,3255.8,83,2,3256.3,44,1,3256.5,60,2,3256.6,42,1,3256.7,82,3
11536,2025-12-30 14:02:45+05:30,3255.8,1,3253.36,1408860,106854.0,135163.0,3250.0,3267.5,3239.8,3251.5,46793775,3576.6,2926.4,4322.95,2866.6,3255.5,50,2,3255.2,178,2,3255.1,88,2,3255.0,1089,23,3254.9,10,2,3255.8,83,2,3256.3,44,1,3256.5,60,2,3256.6,42,1,3256.7,82,3
11536,2025-12-30 14:02:46+05:30,3255.8,14,3253.36,1408860,106854.0,135163.0,3250.0,3267.5,3239.8,3251.5,46793775,3576.6,2926.4,4322.95,2866.6,3255.5,50,2,3255.2,178,2,3255.1,88,2,3255.0,1089,23,3254.9,10,2,3255.8,83,2,3256.3,44,1,3256.5,60,2,3256.6,42,1,3256.7,82,3
11536,2025-12-30 14:02:46+05:30,3256.1,1,3253.36,1408944,107589.0,133756.0,3250.0,3267.5,3239.8,3251.5,46793775,3576.6,2926.4,4322.95,2866.6,3255.8,44,1,3255.5,50,2,3255.3,81,1,3255.2,178,2,3255.1,73,2,3256.1,122,1,3256.5,120,3,3256.6,10,1,3256.7,97,3,3256.8,56,2
11536,2025-12-30 14:02:46+05:30,3256.1,1,3253.36,1408944,107589.0,133756.0,3250.0,3267.5,3239.8,3251.5,46793775,3576.6,2926.4,4322.95,2866.6,3255.8,44,1,3255.5,50,2,3255.3,81,1,3255.2,178,2,3255.1,73,2,3256.1,122,1,3256.5,120,3,3256.6,10,1,3256.7,97,3,3256.8,56,2
11536,2025-12-30 14:02:47+05:30,3256.1,44,3253.36,1408944,107589.0,133756.0,3250.0,3267.5,3239.8,3251.5,46793775,3576.6,2926.4,4322.95,2866.6,3255.8,44,1,3255.5,50,2,3255.3,81,1,3255.2,178,2,3255.1,73,2,3256.1,122,1,3256.5,120,3,3256.6,10,1,3256.7,97,3,3256.8,56,2
11536,2025-12-30 14:02:47+05:30,3256.1,44,3253.36,1408988,107592.0,135149.0,3250.0,3267.5,3239.8,3251.5,46793775,3576.6,2926.4,4322.95,2866.6,3255.8,47,1,3255.5,50,2,3255.3,81,1,3255.2,178,2,3255.1,73,2,3256.1,78,1,3256.5,82,2,3256.6,10,1,3256.7,97,3,3256.8,94,3
11536,2025-12-30 14:02:48+05:30,3255.1,3,3253.36,1408988,107592.0,135149.0,3250.0,3267.5,3239.8,3251.5,46793775,3576.6,2926.4,4322.95,2866.6,3255.8,47,1,3255.5,50,2,3255.3,81,1,3255.2,178,2,3255.1,73,2,3256.1,78,1,3256.5,82,2,3256.6,10,1,3256.7,97,3,3256.8,94,3
11536,2025-12-30 14:02:48+05:30,3255.1,3,3253.36,1408988,107592.0,135149.0,3250.0,3267.5,3239.8,3251.5,46793775,3576.6,2926.4,4322.95,2866.6,3255.8,47,1,3255.5,50,2,3255.3,81,1,3255.2,178,2,3255.1,73,2,3256.1,78,1,3256.5,82,2,3256.6,10,1,3256.7,97,3,3256.8,94,3
11536,2025-12-30 14:02:48+05:30,3255.1,3,3253.36,1409815,105118.0,136820.0,3250.0,3267.5,3239.8,3251.5,46793775,3576.6,2926.4,4322.95,2866.6,3255.0,985,17,3254.9,29,3,3254.7,39,1,3254.6,6,1,3254.5,52,1,3255.1,103,1,3256.4,540,10,3256.5,243,4,3256.6,330,7,3256.7,274,4
11536,2025-12-30 14:02:49+05:30,3255.1,3,3253.36,1409815,105063.0,136889.0,3250.0,3267.5,3239.8,3251.5,46793775,3576.6,2926.4,4322.95,2866.6,3255.0,985,17,3254.9,29,3,3254.7,39,1,3254.6,6,1,3254.5,52,1,3255.1,103,1,3256.2,94,3,3256.4,468,8,3256.5,311,6,3256.6,299,6
11536,2025-12-30 14:02:49+05:30,3255.1,3,3253.36,1409815,105063.0,136889.0,3250.0,3267.5,3239.8,3251.5,46793775,3576.6,2926.4,4322.95,2866.6,3255.0,985,17,3254.9,29,3,3254.7,39,1,3254.6,6,1,3254.5,52,1,3255.1,103,1,3256.2,94,3,3256.4,468,8,3256.5,311,6,3256.6,299,6
11536,2025-12-30 14:02:50+05:30,3255.0,1,3253.36,1409850,105075.0,136892.0,3250.0,3267.5,3239.8,3251.5,46793775,3576.6,2926.4,4322.95,2866.6,3255.0,938,16,3254.9,29,3,3254.5,52,1,3254.4,39,1,3254.2,35,4,3255.1,100,2,3255.4,41,1,3255.8,59,2,3256.0,31,1,3256.1,43,2
11536,2025-12-30 14:02:50+05:30,3255.0,1,3253.36,1409850,105075.0,136892.0,3250.0,3267.5,3239.8,3251.5,46793775,3576.6,2926.4,4322.95,2866.6,3255.0,938,16,3254.9,29,3,3254.5,52,1,3254.4,39,1,3254.2,35,4,3255.1,100,2,3255.4,41,1,3255.8,59,2,3256.0,31,1,3256.1,43,2
11536,2025-12-30 14:02:51+05:30,3254.8,123,3253.36,1411498,103112.0,137716.0,3250.0,3267.5,3239.8,3251.5,46793775,3576.6,2926.4,4322.95,2866.6,3255.0,48,1,3254.5,15,1,3254.3,175,1,3254.2,13,3,3254.1,19,1,3255.1,29,1,3255.3,80,2,3255.4,73,2,3255.5,96,3,3255.6,99,3
11536,2025-12-30 14:02:51+05:30,3254.8,123,3253.36,1411498,103112.0,137716.0,3250.0,3267.5,3239.8,3251.5,46793775,3576.6,2926.4,4322.95,2866.6,3255.0,48,1,3254.5,15,1,3254.3,175,1,3254.2,13,3,3254.1,19,1,3255.1,29,1,3255.3,80,2,3255.4,73,2,3255.5,96,3,3255.6,99,3
11536,2025-12-30 14:02:51+05:30,3254.8,123,3253.36,1411498,103112.0,137716.0,3250.0,3267.5,3239.8,3251.5,46793775,3576.6,2926.4,4322.95,2866.6,3255.0,48,1,3254.5,15,1,3254.3,175,1,3254.2,13,3,3254.1,19,1,3255.1,29,1,3255.3,80,2,3255.4,73,2,3255.5,96,3,3255.6,99,3
11536,2025-12-30 14:02:52+05:30,3255.1,3,3253.36,1411501,103399.0,138043.0,3250.0,3267.5,3239.8,3251.5,46793775,3576.6,2926.4,4322.95,2866.6,3255.0,48,1,3254.5,15,1,3254.3,175,1,3254.2,13,3,3254.1,19,1,3255.1,59,3,3255.3,39,1,3255.4,134,4,3255.5,96,3,3255.6,99,3
11536,2025-12-30 14:02:52+05:30,3255.1,3,3253.36,1411501,103399.0,138043.0,3250.0,3267.5,3239.8,3251.5,46793775,3576.6,2926.4,4322.95,2866.6,3255.0,48,1,3254.5,15,1,3254.3,175,1,3254.2,13,3,3254.1,19,1,3255.1,59,3,3255.3,39,1,3255.4,134,4,3255.5,96,3,3255.6,99,3
11536,2025-12-30 14:02:52+05:30,3255.1,3,3253.36,1411501,103399.0,138043.0,3250.0,3267.5,3239.8,3251.5,46793775,3576.6,2926.4,4322.95,2866.6,3255.0,48,1,3254.5,15,1,3254.3,175,1,3254.2,13,3,3254.1,19,1,3255.1,59,3,3255.3,39,1,3255.4,134,4,3255.5,96,3,3255.6,99,3
11536,2025-12-30 14:02:53+05:30,3255.1,3,3253.36,1411501,103990.0,137536.0,3250.0,3267.5,3239.8,3251.5,46793775,3576.6,2926.4,4322.95,2866.6,3255.0,59,2,3254.5,15,1,3254.3,175,1,3254.2,13,3,3254.1,19,1,3255.1,58,3,3255.4,103,3,3255.5,96,3,3255.6,107,3,3255.7,117,4
11536,2025-12-30 14:02:53+05:30,3255.0,1,3253.36,1411501,103990.0,137536.0,3250.0,3267.5,3239.8,3251.5,46793775,3576.6,2926.4,4322.95,2866.6,3255.0,59,2,3254.5,15,1,3254.3,175,1,3254.2,13,3,3254.1,19,1,3255.1,58,3,3255.4,103,3,3255.5,96,3,3255.6,107,3,3255.7,117,4
11536,2025-12-30 14:02:54+05:30,3255.1,25,3253.36,1411527,104056.0,137468.0,3250.0,3267.5,3239.8,3251.5,46793775,3576.6,2926.4,4322.95,2866.6,3255.0,58,2,3254.5,15,1,3254.3,188,2,3254.2,26,4,3254.1,19,1,3255.1,33,3,3255.4,103,3,3255.5,114,4,3255.6,107,3,3255.7,117,4
11536,2025-12-30 14:02:54+05:30,3255.1,25,3253.36,1411527,104056.0,137468.0,3250.0,3267.5,3239.8,3251.5,46793775,3576.6,2926.4,4322.95,2866.6,3255.0,58,2,3254.5,15,1,3254.3,188,2,3254.2,26,4,3254.1,19,1,3255.1,33,3,3255.4,103,3,3255.5,114,4,3255.6,107,3,3255.7,117,4
11536,2025-12-30 14:02:54+05:30,3255.1,25,3253.36,1411527,104056.0,137468.0,3250.0,3267.5,3239.8,3251.5,46816000,3576.6,2926.4,4322.95,2866.6,3255.0,58,2,3254.5,15,1,3254.3,188,2,3254.2,26,4,3254.1,19,1,3255.1,33,3,3255.4,103,3,3255.5,114,4,3255.6,107,3,3255.7,117,4
11536,2025-12-30 14:02:55+05:30,3255.0,96,3253.36,1411670,103812.0,138685.0,3250.0,3267.5,3239.8,3251.5,46816000,3576.6,2926.4,4322.95,2866.6,3254.5,15,1,3254.3,195,3,3254.2,26,4,3254.1,19,1,3254.0,225,9,3254.8,123,1,3255.1,49,5,3255.2,127,3,3255.3,42,1,3255.4,14,1
11536,2025-12-30 14:02:55+05:30,3254.8,2,3253.36,1411670,103812.0,138685.0,3250.0,3267.5,3239.8,3251.5,46816000,3576.6,2926.4,4322.95,2866.6,3254.5,15,1,3254.3,195,3,3254.2,26,4,3254.1,19,1,3254.0,225,9,3254.8,123,1,3255.1,49,5,3255.2,127,3,3255.3,42,1,3255.4,14,1
11536,2025-12-30 14:02:56+05:30,3254.8,1,3253.36,1411675,103861.0,138045.0,3250.0,3267.5,3239.8,3251.5,46816000,3576.6,2926.4,4322.95,2866.6,3254.5,13,1,3254.3,195,3,3254.2,49,5,3254.1,22,2,3254.0,248,10,3254.8,134,2,3255.1,31,3,3255.2,86,2,3255.3,30,1,3255.4,44,2
11536,2025-12-30 14:02:56+05:30,3254.8,1,3253.36,1411675,103861.0,138045.0,3250.0,3267.5,3239.8,3251.5,46816000,3576.6,2926.4,4322.95,2866.6,3254.5,13,1,3254.3,195,3,3254.2,49,5,3254.1,22,2,3254.0,248,10,3254.8,134,2,3255.1,31,3,3255.2,86,2,3255.3,30,1,3255.4,44,2
11536,2025-12-30 14:02:56+05:30,3254.8,1,3253.36,1411675,103861.0,138045.0,3250.0,3267.5,3239.8,3251.5,46816000,3576.6,2926.4,4322.95,2866.6,3254.5,13,1,3254.3,195,3,3254.2,49,5,3254.1,22,2,3254.0,248,10,3254.8,134,2,3255.1,31,3,3255.2,86,2,3255.3,30,1,3255.4,44,2
11536,2025-12-30 14:02:57+05:30,3254.8,1,3253.36,1411675,103923.0,138062.0,3250.0,3267.5,3239.8,3251.5,46816000,3576.6,2926.4,4322.95,2866.6,3254.5,13,1,3254.3,195,3,3254.2,26,4,3254.1,22,2,3254.0,225,9,3254.8,134,2,3255.1,31,3,3255.2,86,2,3255.3,30,1,3255.4,44,2
11536,2025-12-30 14:02:57+05:30,3254.9,3,3253.36,1411862,103740.0,137472.0,3250.0,3267.5,3239.8,3251.5,46816000,3576.6,2926.4,4322.95,2866.6,3254.5,13,1,3254.3,195,3,3254.2,26,4,3254.1,22,2,3254.0,50,8,3254.9,30,1,3255.4,50,2,3255.5,120,4,3255.6,75,2,3255.7,58,2
11536,2025-12-30 14:02:58+05:30,3254.5,2,3253.36,1411862,103740.0,137472.0,3250.0,3267.5,3239.8,3251.5,46816000,3576.6,2926.4,4322.95,2866.6,3254.5,13,1,3254.3,195,3,3254.2,26,4,3254.1,22,2,3254.0,50,8,3254.9,30,1,3255.4,50,2,3255.5,120,4,3255.6,75,2,3255.7,58,2
11536,2025-12-30 14:02:58+05:30,3254.9,6,3253.36,1411870,103921.0,138583.0,3250.0,3267.5,3239.8,3251.5,46816000,3576.6,2926.4,4322.95,2866.6,3254.5,11,1,3254.3,195,3,3254.2,26,4,3254.1,22,2,3254.0,259,11,3254.9,24,1,3255.4,126,3,3255.5,45,2,3255.6,28,1,3255.7,58,2
11536,2025-12-30 14:02:59+05:30,3254.9,6,3253.36,1411870,103921.0,138583.0,3250.0,3267.5,3239.8,3251.5,46816000,3576.6,2926.4,4322.95,2866.6,3254.5,11,1,3254.3,195,3,3254.2,26,4,3254.1,22,2,3254.0,259,11,3254.9,24,1,3255.4,126,3,3255.5,45,2,3255.6,28,1,3255.7,58,2
11536,2025-12-30 14:02:59+05:30,3254.9,7,3253.36,1411888,103990.0,138523.0,3250.0,3267.5,3239.8,3251.5,46816000,3576.6,2926.4,4322.95,2866.6,3254.5,11,1,3254.3,195,3,3254.2,26,4,3254.1,38,3,3254.0,259,11,3254.9,6,1,3255.4,126,3,3255.5,3,1,3255.6,28,1,3255.7,58,2
11536,2025-12-30 14:03:00+05:30,3254.9,7,3253.36,1411888,103990.0,138523.0,3250.0,3267.5,3239.8,3251.5,46816000,3576.6,2926.4,4322.95,2866.6,3254.5,11,1,3254.3,195,3,3254.2,26,4,3254.1,38,3,3254.0,259,11,3254.9,6,1,3255.4,126,3,3255.5,3,1,3255.6,28,1,3255.7,58,2
11536,2025-12-30 14:03:00+05:30,3254.9,7,3253.36,1411888,103932.0,138651.0,3250.0,3267.5,3239.8,3251.5,46816000,3576.6,2926.4,4322.95,2866.6,3254.5,11,1,3254.3,195,3,3254.2,26,4,3254.1,22,2,3254.0,259,11,3254.9,6,1,3255.2,79,2,3255.3,45,1,3255.4,40,1,3255.5,3,1
11536,2025-12-30 14:03:01+05:30,3255.2,5,3253.36,1411888,103932.0,138651.0,3250.0,3267.5,3239.8,3251.5,46816000,3576.6,2926.4,4322.95,2866.6,3254.5,11,1,3254.3,195,3,3254.2,26,4,3254.1,22,2,3254.0,259,11,3254.9,6,1,3255.2,79,2,3255.3,45,1,3255.4,40,1,3255.5,3,1
11536,2025-12-30 14:03:01+05:30,3254.4,1,3253.36,1411906,103617.0,136739.0,3250.0,3267.5,3239.8,3251.5,46816000,3576.6,2926.4,4322.95,2866.6,3254.4,177,2,3254.3,23,3,3254.2,29,5,3254.1,80,4,3254.0,137,12,3255.3,45,1,3255.4,40,1,3255.6,141,3,3255.7,61,1,3255.8,70,3
11536,2025-12-30 14:03:02+05:30,3255.1,3,3253.36,1411906,103617.0,136739.0,3250.0,3267.5,3239.8,3251.5,46816000,3576.6,2926.4,4322.95,2866.6,3254.4,177,2,3254.3,23,3,3254.2,29,5,3254.1,80,4,3254.0,137,12,3255.3,45,1,3255.4,40,1,3255.6,141,3,3255.7,61,1,3255.8,70,3
11536,2025-12-30 14:03:02+05:30,3254.0,1,3253.36,1413012,102640.0,137059.0,3250.0,3267.5,3239.8,3251.5,46816000,3576.6,2926.4,4322.95,2866.6,3254.0,52,5,3253.8,27,2,3253.7,46,2,3253.6,246,5,3253.5,198,2,3255.1,45,1,3255.2,49,2,3255.3,38,1,3255.4,40,1,3255.5,3,1
11536,2025-12-30 14:03:03+05:30,3254.0,1,3253.36,1413012,102640.0,137059.0,3250.0,3267.5,3239.8,3251.5,46816000,3576.6,2926.4,4322.95,2866.6,3254.0,52,5,3253.8,27,2,3253.7,46,2,3253.6,246,5,3253.5,198,2,3255.1,45,1,3255.2,49,2,3255.3,38,1,3255.4,40,1,3255.5,3,1
11536,2025-12-30 14:03:03+05:30,3254.0,1,3253.36,1413012,102846.0,137033.0,3250.0,3267.5,3239.8,3251.5,46816000,3576.6,2926.4,4322.95,2866.6,3254.1,4,1,3254.0,52,5,3253.8,27,2,3253.7,69,3,3253.6,246,5,3255.1,45,1,3255.2,49,2,3255.3,80,2,3255.4,40,1,3255.5,3,1
11536,2025-12-30 14:03:04+05:30,3255.3,30,3253.36,1413012,102846.0,137033.0,3250.0,3267.5,3239.8,3251.5,46816000,3576.6,2926.4,4322.95,2866.6,3254.1,4,1,3254.0,52,5,3253.8,27,2,3253.7,69,3,3253.6,246,5,3255.1,45,1,3255.2,49,2,3255.3,80,2,3255.4,40,1,3255.5,3,1
11536,2025-12-30 14:03:04+05:30,3254.3,14,3253.36,1413163,104218.0,136573.0,3250.0,3267.5,3239.8,3251.5,46816000,3576.6,2926.4,4322.95,2866.6,3254.3,35,3,3254.2,230,3,3254.1,21,2,3254.0,65,5,3253.8,391,7,3255.5,38,1,3255.7,45,1,3255.8,67,3,3255.9,61,1,3256.0,286,7
11536,2025-12-30 14:03:05+05:30,3255.5,1,3253.36,1413163,104218.0,136573.0,3250.0,3267.5,3239.8,3251.5,46816000,3576.6,2926.4,4322.95,2866.6,3254.3,35,3,3254.2,230,3,3254.1,21,2,3254.0,65,5,3253.8,391,7,3255.5,38,1,3255.7,45,1,3255.8,67,3,3255.9,61,1,3256.0,286,7
11536,2025-12-30 14:03:05+05:30,3255.5,1,3253.36,1413164,104232.0,136576.0,3250.0,3267.5,3239.8,3251.5,46816000,3576.6,2926.4,4322.95,2866.6,3254.3,11,2,3254.2,182,2,3254.1,21,2,3254.0,65,5,3253.8,421,8,3255.5,120,3,3255.6,90,3,3255.7,99,2,3255.8,48,2,3255.9,107,2
11536,2025-12-30 14:03:06+05:30,3254.2,25,3253.36,1413190,105185.0,136710.0,3250.0,3267.5,3239.8,3251.5,46816000,3576.6,2926.4,4322.95,2866.6,3255.0,10,1,3254.2,150,1,3254.1,17,1,3254.0,36,3,3253.8,556,8,3255.4,110,3,3255.5,47,2,3255.6,153,4,3255.7,154,4,3255.8,241,6
11536,2025-12-30 14:03:07+05:30,3255.4,1,3253.36,1413190,105185.0,136710.0,3250.0,3267.5,3239.8,3251.5,46816000,3576.6,2926.4,4322.95,2866.6,3255.0,10,1,3254.2,150,1,3254.1,17,1,3254.0,36,3,3253.8,556,8,3255.4,110,3,3255.5,47,2,3255.6,153,4,3255.7,154,4,3255.8,241,6
11536,2025-12-30 14:03:07+05:30,3255.4,4,3253.36,1413195,105215.0,136720.0,3250.0,3267.5,3239.8,3251.5,46816000,3576.6,2926.4,4322.95,2866.6,3255.0,10,1,3254.2,150,1,3254.1,17,1,3254.0,57,4,3253.8,556,8,3255.4,105,3,3255.5,47,2,3255.6,153,4,3255.7,154,4,3255.8,241,6
11536,2025-12-30 14:03:08+05:30,3255.4,4,3253.36,1413195,105215.0,136720.0,3250.0,3267.5,3239.8,3251.5,46816000,3576.6,2926.4,4322.95,2866.6,3255.0,10,1,3254.2,150,1,3254.1,17,1,3254.0,57,4,3253.8,556,8,3255.4,105,3,3255.5,47,2,3255.6,153,4,3255.7,154,4,3255.8,241,6
11536,2025-12-30 14:03:08+05:30,3255.3,7,3253.36,1413213,105196.0,137042.0,3250.0,3267.5,3239.8,3251.5,46816000,3576.6,2926.4,4322.95,2866.6,3255.0,10,1,3254.2,150,1,3254.1,17,1,3254.0,58,5,3253.8,381,7,3255.3,58,2,3255.4,81,2,3255.5,47,2,3255.6,153,4,3255.7,154,4
11536,2025-12-30 14:03:09+05:30,3255.3,1,3253.36,1413213,105196.0,137042.0,3250.0,3267.5,3239.8,3251.5,46816000,3576.6,2926.4,4322.95,2866.6,3255.0,10,1,3254.2,150,1,3254.1,17,1,3254.0,58,5,3253.8,381,7,3255.3,58,2,3255.4,81,2,3255.5,47,2,3255.6,153,4,3255.7,154,4
11536,2025-12-30 14:03:09+05:30,3255.3,1,3253.36,1413214,105186.0,136924.0,3250.0,3267.5,3239.8,3251.5,46816000,3576.6,2926.4,4322.95,2866.6,3255.0,10,1,3254.2,150,1,3254.1,17,1,3254.0,58,5,3253.8,381,7,3255.3,38,1,3255.4,81,2,3255.5,47,2,3255.6,122,3,3255.7,154,4
11536,2025-12-30 14:03:10+05:30,3255.0,5,3253.36,1413219,105222.0,137092.0,3250.0,3267.5,3239.8,3251.5,46816000,3576.6,2926.4,4322.95,2866.6,3255.0,5,1,3254.2,157,2,3254.1,17,1,3254.0,58,5,3253.8,381,7,3255.3,90,4,3255.4,40,1,3255.5,47,2,3255.6,194,5,3255.7,154,4
11536,2025-12-30 14:03:11+05:30,3255.0,5,3253.36,1413219,105222.0,137092.0,3250.0,3267.5,3239.8,3251.5,46816000,3576.6,2926.4,4322.95,2866.6,3255.0,5,1,3254.2,157,2,3254.1,17,1,3254.0,58,5,3253.8,381,7,3255.3,90,4,3255.4,40,1,3255.5,47,2,3255.6,194,5,3255.7,154,4
11536,2025-12-30 14:03:11+05:30,3255.3,2,3253.36,1413221,105555.0,137098.0,3250.0,3267.5,3239.8,3251.5,46816000,3576.6,2926.4,4322.95,2866.6,3255.0,5,1,3254.7,150,1,3254.4,175,1,3254.2,7,1,3254.1,17,1,3255.3,69,3,3255.4,40,1,3255.5,47,2,3255.6,158,4,3255.7,155,5
11536,2025-12-30 14:03:12+05:30,3255.3,2,3253.36,1413221,105555.0,137098.0,3250.0,3267.5,3239.8,3251.5,46816000,3576.6,2926.4,4322.95,2866.6,3255.0,5,1,3254.7,150,1,3254.4,175,1,3254.2,7,1,3254.1,17,1,3255.3,69,3,3255.4,40,1,3255.5,47,2,3255.6,158,4,3255.7,155,5
11536,2025-12-30 14:03:12+05:30,3255.0,1,3253.36,1413225,106229.0,135765.0,3250.0,3267.5,3239.8,3251.5,46816000,3576.6,2926.4,4322.95,2866.6,3255.0,14,2,3254.9,188,2,3254.8,50,2,3254.7,88,2,3254.6,175,1,3255.3,11,1,3255.7,1,1,3256.0,18,3,3256.2,213,3,3256.3,292,6
11536,2025-12-30 14:03:13+05:30,3255.2,1,3253.36,1413225,106229.0,135765.0,3250.0,3267.5,3239.8,3251.5,46816000,3576.6,2926.4,4322.95,2866.6,3255.0,14,2,3254.9,188,2,3254.8,50,2,3254.7,88,2,3254.6,175,1,3255.3,11,1,3255.7,1,1,3256.0,18,3,3256.2,213,3,3256.3,292,6
11536,2025-12-30 14:03:13+05:30,3255.3,11,3253.36,1413237,106986.0,133972.0,3250.0,3267.5,3239.8,3251.5,46816000,3576.6,2926.4,4322.95,2866.6,3255.5,164,1,3255.2,149,1,3255.0,47,2,3254.9,38,1,3254.8,68,2,3255.7,1,1,3256.0,18,3,3256.3,27,1,3256.4,46,1,3256.6,64,2
11536,2025-12-30 14:03:14+05:30,3255.3,11,3253.36,1413237,106986.0,133972.0,3250.0,3267.5,3239.8,3251.5,46816000,3576.6,2926.4,4322.95,2866.6,3255.5,164,1,3255.2,149,1,3255.0,47,2,3254.9,38,1,3254.8,68,2,3255.7,1,1,3256.0,18,3,3256.3,27,1,3256.4,46,1,3256.6,64,2
11536,2025-12-30 14:03:14+05:30,3255.3,11,3253.36,1413237,106918.0,133311.0,3250.0,3267.5,3239.8,3251.5,46816000,3576.6,2926.4,4322.95,2866.6,3255.5,164,1,3255.2,149,1,3255.0,72,3,3254.9,213,2,3254.8,85,2,3255.7,1,1,3256.0,18,3,3256.3,28,2,3256.6,65,3,3256.7,11,1
11536,2025-12-30 14:03:15+05:30,3255.7,1,3253.36,1413237,106918.0,133311.0,3250.0,3267.5,3239.8,3251.5,46816000,3576.6,2926.4,4322.95,2866.6,3255.5,164,1,3255.2,149,1,3255.0,72,3,3254.9,213,2,3254.8,85,2,3255.7,1,1,3256.0,18,3,3256.3,28,2,3256.6,65,3,3256.7,11,1
11536,2025-12-30 14:03:15+05:30,3255.7,1,3253.36,1413238,107628.0,134628.0,3250.0,3267.5,3239.8,3251.5,46816000,3576.6,2926.4,4322.95,2866.6,3255.5,164,1,3255.3,43,1,3255.2,149,1,3255.0,47,2,3254.9,38,1,3256.0,18,3,3256.3,28,2,3256.6,1,1,3256.7,11,1,3256.8,215,3
11536,2025-12-30 14:03:16+05:30,3256.0,1,3253.36,1413239,107647.0,134792.0,3250.0,3267.5,3239.8,3251.5,46816000,3576.6,2926.4,4322.95,2866.6,3255.5,164,1,3255.3,43,1,3255.2,149,1,3255.0,90,4,3254.9,38,1,3256.0,17,3,3256.3,28,2,3256.6,1,1,3256.7,11,1,3256.8,215,3
11536,2025-12-30 14:03:17+05:30,3256.0,1,3253.36,1413239,107647.0,134792.0,3250.0,3267.5,3239.8,3251.5,46816000,3576.6,2926.4,4322.95,2866.6,3255.5,164,1,3255.3,43,1,3255.2,149,1,3255.0,90,4,3254.9,38,1,3256.0,17,3,3256.3,28,2,3256.6,1,1,3256.7,11,1,3256.8,215,3
11536,2025-12-30 14:03:17+05:30,3254.9,65,3253.36,1414315,105700.0,134175.0,3250.0,3267.5,3239.8,3251.5,46816000,3576.6,2926.4,4322.95,2866.6,3255.2,185,2,3255.0,83,2,3254.9,1,1,3254.8,35,1,3254.7,32,1,3256.1,65,1,3256.3,41,2,3256.5,148,4,3256.6,65,3,3256.7,135,1
11536,2025-12-30 14:03:18+05:30,3256.1,1,3253.36,1414315,105700.0,134175.0,3250.0,3267.5,3239.8,3251.5,46816000,3576.6,2926.4,4322.95,2866.6,3255.2,185,2,3255.0,83,2,3254.9,1,1,3254.8,35,1,3254.7,32,1,3256.1,65,1,3256.3,41,2,3256.5,148,4,3256.6,65,3,3256.7,135,1
11536,2025-12-30 14:03:18+05:30,3256.1,3,3253.36,1414320,106493.0,135162.0,3250.0,3267.5,3239.8,3251.5,46816000,3576.6,2926.4,4322.95,2866.6,3255.2,174,1,3254.9,1,1,3254.6,175,1,3254.4,83,5,3254.3,39,3,3256.1,209,6,3256.2,90,3,3256.3,111,4,3256.4,58,2,3256.5,109,3
11536,2025-12-30 14:03:19+05:30,3256.1,3,3253.36,1414320,106493.0,135162.0,3250.0,3267.5,3239.8,3251.5,46816000,3576.6,2926.4,4322.95,2866.6,3255.2,174,1,3254.9,1,1,3254.6,175,1,3254.4,83,5,3254.3,39,3,3256.1,209,6,3256.2,90,3,3256.3,111,4,3256.4,58,2,3256.5,109,3
11536,2025-12-30 14:03:19+05:30,3254.9,1,3253.36,1414496,105579.0,136698.0,3250.0,3267.5,3239.8,3251.5,46816000,3576.6,2926.4,4322.95,2866.6,3254.9,1,1,3254.6,175,1,3254.3,28,1,3254.2,27,2,3254.1,20,1,3255.5,171,4,3255.6,35,1,3255.8,35,1,3255.9,164,5,3256.0,120,3
11536,2025-12-30 14:03:20+05:30,3254.9,1,3253.36,1414496,105579.0,136698.0,3250.0,3267.5,3239.8,3251.5,46816000,3576.6,2926.4,4322.95,2866.6,3254.9,1,1,3254.6,175,1,3254.3,28,1,3254.2,27,2,3254.1,20,1,3255.5,171,4,3255.6,35,1,3255.8,35,1,3255.9,164,5,3256.0,120,3
11536,2025-12-30 14:03:20+05:30,3255.5,1,3253.36,1414497,105698.0,136579.0,3250.0,3267.5,3239.8,3251.5,46816000,3576.6,2926.4,4322.95,2866.6,3255.0,5,1,3254.9,1,1,3254.6,175,1,3254.3,28,1,3254.2,27,2,3255.5,143,3,3255.6,10,1,3255.7,36,1,3255.8,35,1,3255.9,59,2
11536,2025-12-30 14:03:21+05:30,3255.5,1,3253.36,1414497,105698.0,136579.0,3250.0,3267.5,3239.8,3251.5,46816000,3576.6,2926.4,4322.95,2866.6,3255.0,5,1,3254.9,1,1,3254.6,175,1,3254.3,28,1,3254.2,27,2,3255.5,143,3,3255.6,10,1,3255.7,36,1,3255.8,35,1,3255.9,59,2
11536,2025-12-30 14:03:21+05:30,3255.5,1,3253.36,1414497,105528.0,136821.0,3250.0,3267.5,3239.8,3251.5,46816000,3576.6,2926.4,4322.95,2866.6,3255.0,5,1,3254.9,1,1,3254.3,203,2,3254.2,27,2,3254.1,20,1,3255.5,170,4,3255.6,10,1,3255.8,35,1,3255.9,143,4,3256.0,123,5
11536,2025-12-30 14:03:22+05:30,3255.3,1,3253.36,1414499,105550.0,137014.0,3250.0,3267.5,3239.8,3251.5,46816000,3576.6,2926.4,4322.95,2866.6,3255.0,5,1,3254.3,203,2,3254.2,27,2,3254.1,20,1,3254.0,75,6,3255.3,58,1,3255.4,78,2,3255.5,75,2,3255.6,51,3,3255.7,26,1
11536,2025-12-30 14:03:23+05:30,3255.3,10,3253.36,1414499,105550.0,137014.0,3250.0,3267.5,3239.8,3251.5,46816000,3576.6,2926.4,4322.95,2866.6,3255.0,5,1,3254.3,203,2,3254.2,27,2,3254.1,20,1,3254.0,75,6,3255.3,58,1,3255.4,78,2,3255.5,75,2,3255.6,51,3,3255.7,26,1
11536,2025-12-30 14:03:23+05:30,3254.0,1,3253.36,1414563,102294.0,138080.0,3250.0,3267.5,3239.8,3251.5,46816000,3576.6,2926.4,4322.95,2866.6,3254.0,57,3,3253.8,3,1,3253.7,82,2,3253.6,49,3,3253.5,65,2,3255.2,100,3,3255.3,52,2,3255.4,48,2,3255.5,208,3,3255.6,199,4
11536,2025-12-30 14:03:24+05:30,3254.0,1,3253.36,1414563,102294.0,138080.0,3250.0,3267.5,3239.8,3251.5,46816000,3576.6,2926.4,4322.95,2866.6,3254.0,57,3,3253.8,3,1,3253.7,82,2,3253.6,49,3,3253.5,65,2,3255.2,100,3,3255.3,52,2,3255.4,48,2,3255.5,208,3,3255.6,199,4
11536,2025-12-30 14:03:24+05:30,3254.0,1,3253.36,1414563,103568.0,137258.0,3250.0,3267.5,3239.8,3251.5,46816000,3576.6,2926.4,4322.95,2866.6,3254.2,92,3,3254.1,43,2,3254.0,61,5,3253.9,41,2,3253.8,72,4,3255.3,18,1,3255.4,61,3,3255.5,30,1,3255.6,176,2,3255.7,102,2
11536,2025-12-30 14:03:25+05:30,3255.3,1,3253.36,1414563,103568.0,137258.0,3250.0,3267.5,3239.8,3251.5,46816000,3576.6,2926.4,4322.95,2866.6,3254.2,92,3,3254.1,43,2,3254.0,61,5,3253.9,41,2,3253.8,72,4,3255.3,18,1,3255.4,61,3,3255.5,30,1,3255.6,176,2,3255.7,102,2
11536,2025-12-30 14:03:25+05:30,3255.3,1,3253.36,1414564,104044.0,137143.0,3250.0,3267.5,3239.8,3251.5,46816000,3576.6,2926.4,4322.95,2866.6,3254.2,92,3,3254.1,47,3,3254.0,61,5,3253.9,41,2,3253.8,75,5,3255.3,17,1,3255.4,61,3,3255.5,30,1,3255.6,20,1,3255.7,209,2
11536,2025-12-30 14:03:26+05:30,3255.4,7,3253.36,1414582,105177.0,136754.0,3250.0,3267.5,3239.8,3251.5,46816000,3576.6,2926.4,4322.95,2866.6,3254.3,92,3,3254.2,10,1,3254.1,3,1,3254.0,84,6,3253.9,277,4,3255.4,33,2,3255.5,30,1,3255.6,20,1,3255.7,56,1,3255.8,59,3
11536,2025-12-30 14:03:27+05:30,3255.4,7,3253.36,1414582,105177.0,136754.0,3250.0,3267.5,3239.8,3251.5,46816000,3576.6,2926.4,4322.95,2866.6,3254.3,92,3,3254.2,10,1,3254.1,3,1,3254.0,84,6,3253.9,277,4,3255.4,33,2,3255.5,30,1,3255.6,20,1,3255.7,56,1,3255.8,59,3
11536,2025-12-30 14:03:28+05:30,3254.4,3,3253.36,1414582,105177.0,136754.0,3250.0,3267.5,3239.8,3251.5,46816000,3576.6,2926.4,4322.95,2866.6,3254.3,92,3,3254.2,10,1,3254.1,3,1,3254.0,84,6,3253.9,277,4,3255.4,33,2,3255.5,30,1,3255.6,20,1,3255.7,56,1,3255.8,59,3
11536,2025-12-30 14:03:28+05:30,3254.4,3,3253.36,1414771,104454.0,136425.0,3250.0,3267.5,3239.8,3251.5,46816000,3576.6,2926.4,4322.95,2866.6,3254.4,15,1,3254.3,45,1,3254.1,63,4,3254.0,64,5,3253.9,200,3,3255.5,81,4,3255.6,20,1,3255.7,61,1,3255.8,112,5,3255.9,128,4
11536,2025-12-30 14:03:29+05:30,3254.4,3,3253.36,1414771,104492.0,136425.0,3250.0,3267.5,3239.8,3251.5,46816000,3576.6,2926.4,4322.95,2866.6,3254.4,15,1,3254.3,45,1,3254.2,8,1,3254.1,63,4,3254.0,94,6,3255.5,81,4,3255.6,20,1,3255.7,61,1,3255.8,112,5,3255.9,128,4
11536,2025-12-30 14:03:30+05:30,3254.4,1,3253.36,1414771,104492.0,136425.0,3250.0,3267.5,3239.8,3251.5,46816000,3576.6,2926.4,4322.95,2866.6,3254.4,15,1,3254.3,45,1,3254.2,8,1,3254.1,63,4,3254.0,94,6,3255.5,81,4,3255.6,20,1,3255.7,61,1,3255.8,112,5,3255.9,128,4
11536,2025-12-30 14:03:30+05:30,3254.4,1,3253.36,1414773,103821.0,136781.0,3250.0,3267.5,3239.8,3251.5,46816000,3576.6,2926.4,4322.95,2866.6,3254.1,97,4,3254.0,74,5,3253.9,244,4,3253.8,152,5,3253.7,30,1,3255.4,61,4,3255.5,82,3,3255.6,147,5,3255.7,151,3,3255.8,88,5
11536,2025-12-30 14:03:31+05:30,3255.4,1,3253.36,1414773,103821.0,136781.0,3250.0,3267.5,3239.8,3251.5,46816000,3576.6,2926.4,4322.95,2866.6,3254.1,97,4,3254.0,74,5,3253.9,244,4,3253.8,152,5,3253.7,30,1,3255.4,61,4,3255.5,82,3,3255.6,147,5,3255.7,151,3,3255.8,88,5
11536,2025-12-30 14:03:31+05:30,3255.4,2,3253.36,1414776,103963.0,136919.0,3250.0,3267.5,3239.8,3251.5,46816000,3576.6,2926.4,4322.95,2866.6,3254.1,382,9,3254.0,74,5,3253.9,39,3,3253.8,181,7,3253.7,30,1,3255.4,45,3,3255.5,29,1,3255.6,83,3,3255.7,105,2,3255.8,134,6
11536,2025-12-30 14:03:32+05:30,3254.1,3,3253.36,1414776,103963.0,136919.0,3250.0,3267.5,3239.8,3251.5,46816000,3576.6,2926.4,4322.95,2866.6,3254.1,382,9,3254.0,74,5,3253.9,39,3,3253.8,181,7,3253.7,30,1,3255.4,45,3,3255.5,29,1,3255.6,83,3,3255.7,105,2,3255.8,134,6
11536,2025-12-30 14:03:32+05:30,3255.5,1,3253.36,1414879,105530.0,136334.0,3250.0,3267.5,3239.8,3251.5,46816000,3576.6,2926.4,4322.95,2866.6,3254.4,14,1,3254.3,91,3,3254.2,37,3,3254.1,233,3,3254.0,249,6,3255.5,28,1,3255.6,20,1,3255.8,64,3,3255.9,164,4,3256.0,212,4
11536,2025-12-30 14:03:33+05:30,3255.4,1,3253.36,1414879,105530.0,136334.0,3250.0,3267.5,3239.8,3251.5,46816000,3576.6,2926.4,4322.95,2866.6,3254.4,14,1,3254.3,91,3,3254.2,37,3,3254.1,233,3,3254.0,249,6,3255.5,28,1,3255.6,20,1,3255.8,64,3,3255.9,164,4,3256.0,212,4
11536,2025-12-30 14:03:33+05:30,3255.4,1,3253.36,1415938,103479.0,136277.0,3250.0,3267.5,3239.8,3251.5,46816000,3576.6,2926.4,4322.95,2866.6,3254.1,357,3,3254.0,4,1,3253.9,27,4,3253.8,51,3,3253.7,4,1,3255.4,117,4,3255.5,72,2,3255.6,42,2,3255.7,46,1,3255.8,141,4
11536,2025-12-30 14:03:34+05:30,3255.4,1,3253.36,1415938,104182.0,136332.0,3250.0,3267.5,3239.8,3251.5,46816000,3576.6,2926.4,4322.95,2866.6,3254.1,405,5,3254.0,14,2,3253.9,17,3,3253.8,96,5,3253.7,4,1,3255.4,92,4,3255.5,37,1,3255.6,61,3,3255.8,84,3,3255.9,139,4
11536,2025-12-30 14:03:35+05:30,3255.4,1,3253.36,1415938,104182.0,136332.0,3250.0,3267.5,3239.8,3251.5,46816000,3576.6,2926.4,4322.95,2866.6,3254.1,405,5,3254.0,14,2,3253.9,17,3,3253.8,96,5,3253.7,4,1,3255.4,92,4,3255.5,37,1,3255.6,61,3,3255.8,84,3,3255.9,139,4
11536,2025-12-30 14:03:35+05:30,3255.4,1,3253.36,1415940,105026.0,136482.0,3250.0,3267.5,3239.8,3251.5,46816000,3576.6,2926.4,4322.95,2866.6,3254.3,6,2,3254.2,36,3,3254.1,366,4,3254.0,14,2,3253.9,44,4,3255.4,91,4,3255.5,37,1,3255.6,61,3,3255.8,84,3,3255.9,139,4
11536,2025-12-30 14:03:36+05:30,3255.4,8,3253.36,1415940,105026.0,136482.0,3250.0,3267.5,3239.8,3251.5,46816000,3576.6,2926.4,4322.95,2866.6,3254.3,6,2,3254.2,36,3,3254.1,366,4,3254.0,14,2,3253.9,44,4,3255.4,91,4,3255.5,37,1,3255.6,61,3,3255.8,84,3,3255.9,139,4
11536,2025-12-30 14:03:36+05:30,3255.4,8,3253.36,1415960,105100.0,136414.0,3250.0,3267.5,3239.8,3251.5,46816000,3576.6,2926.4,4322.95,2866.6,3254.3,36,3,3254.2,60,4,3254.1,375,5,3254.0,17,2,3253.9,44,4,3255.4,61,3,3255.6,61,3,3255.8,100,3,3255.9,139,4,3256.0,307,8
11536,2025-12-30 14:03:37+05:30,3254.3,6,3253.36,1415960,105100.0,136414.0,3250.0,3267.5,3239.8,3251.5,46816000,3576.6,2926.4,4322.95,2866.6,3254.3,36,3,3254.2,60,4,3254.1,375,5,3254.0,17,2,3253.9,44,4,3255.4,61,3,3255.6,61,3,3255.8,100,3,3255.9,139,4,3256.0,307,8
11536,2025-12-30 14:03:37+05:30,3254.3,6,3253.36,1415986,105928.0,136337.0,3250.0,3267.5,3239.8,3251.5,46816000,3576.6,2926.4,4322.95,2866.6,3254.3,20,2,3254.2,69,3,3254.1,368,4,3254.0,38,3,3253.9,44,4,3255.4,38,2,3255.6,61,3,3255.8,63,2,3255.9,139,4,3256.0,307,8
11536,2025-12-30 14:03:38+05:30,3254.3,6,3253.36,1415986,105987.0,136329.0,3250.0,3267.5,3239.8,3251.5,46816000,3576.6,2926.4,4322.95,2866.6,3254.3,44,4,3254.2,48,2,3254.1,393,5,3254.0,38,3,3253.9,75,5,3255.4,38,2,3255.6,61,3,3255.8,222,3,3255.9,185,5,3256.0,261,7
11536,2025-12-30 14:03:39+05:30,3255.4,5,3253.36,1415986,105987.0,136329.0,3250.0,3267.5,3239.8,3251.5,46816000,3576.6,2926.4,4322.95,2866.6,3254.3,44,4,3254.2,48,2,3254.1,393,5,3254.0,38,3,3253.9,75,5,3255.4,38,2,3255.6,61,3,3255.8,222,3,3255.9,185,5,3256.0,261,7
11536,2025-12-30 14:03:39+05:30,3255.4,5,3253.36,1415991,106047.0,136429.0,3250.0,3267.5,3239.8,3251.5,46816000,3576.6,2926.4,4322.95,2866.6,3254.3,88,5,3254.2,65,2,3254.1,393,5,3254.0,38,3,3253.9,99,6,3255.4,33,2,3255.6,28,1,3255.8,239,3,3255.9,139,4,3256.0,246,6
11536,2025-12-30 14:03:40+05:30,3255.4,5,3253.36,1415991,106197.0,136448.0,3250.0,3267.5,3239.8,3251.5,46816000,3576.6,2926.4,4322.95,2866.6,3254.3,137,6,3254.2,65,2,3254.1,484,7,3254.0,38,3,3253.9,99,6,3255.4,33,2,3255.6,47,2,3255.8,239,3,3255.9,185,5,3256.0,246,6
11536,2025-12-30 14:03:41+05:30,3254.3,1,3253.36,1415991,106197.0,136448.0,3250.0,3267.5,3239.8,3251.5,46816000,3576.6,2926.4,4322.95,2866.6,3254.3,137,6,3254.2,65,2,3254.1,484,7,3254.0,38,3,3253.9,99,6,3255.4,33,2,3255.6,47,2,3255.8,239,3,3255.9,185,5,3256.0,246,6
11536,2025-12-30 14:03:41+05:30,3254.3,1,3253.36,1415993,106214.0,136449.0,3250.0,3267.5,3239.8,3251.5,46816000,3576.6,2926.4,4322.95,2866.6,3254.3,136,6,3254.2,240,3,3254.1,300,5,3254.0,38,3,3253.9,99,6,3255.4,32,2,3255.6,47,2,3255.8,239,3,3255.9,185,5,3256.0,246,6
11536,2025-12-30 14:03:42+05:30,3254.3,1,3253.36,1415993,106214.0,136450.0,3250.0,3267.5,3239.8,3251.5,46816000,3576.6,2926.4,4322.95,2866.6,3254.3,136,6,3254.2,240,3,3254.1,300,5,3254.0,38,3,3253.9,99,6,3255.4,32,2,3255.6,47,2,3255.8,239,3,3255.9,185,5,3256.0,246,6
11536,2025-12-30 14:03:43+05:30,3254.3,1,3253.36,1415993,106214.0,136450.0,3250.0,3267.5,3239.8,3251.5,46816000,3576.6,2926.4,4322.95,2866.6,3254.3,136,6,3254.2,240,3,3254.1,300,5,3254.0,38,3,3253.9,99,6,3255.4,32,2,3255.6,47,2,3255.8,239,3,3255.9,185,5,3256.0,246,6
11536,2025-12-30 14:03:43+05:30,3254.3,24,3253.36,1416201,105273.0,135982.0,3250.0,3267.5,3239.8,3251.5,46816000,3576.6,2926.4,4322.95,2866.6,3254.3,62,3,3254.2,179,2,3254.1,92,2,3254.0,41,4,3253.9,114,7,3255.5,97,3,3255.6,67,2,3255.7,28,2,3255.8,76,2,3255.9,107,3
11536,2025-12-30 14:03:44+05:30,3254.3,24,3253.36,1416201,105273.0,135982.0,3250.0,3267.5,3239.8,3251.5,46816000,3576.6,2926.4,4322.95,2866.6,3254.3,62,3,3254.2,179,2,3254.1,92,2,3254.0,41,4,3253.9,114,7,3255.5,97,3,3255.6,67,2,3255.7,28,2,3255.8,76,2,3255.9,107,3
11536,2025-12-30 14:03:44+05:30,3255.5,5,3253.36,1416206,105272.0,136405.0,3250.0,3267.5,3239.8,3251.5,46816000,3576.6,2926.4,4322.95,2866.6,3254.3,69,4,3254.2,226,6,3254.1,92,2,3254.0,41,4,3253.9,90,6,3255.5,88,3,3255.6,10,1,3255.7,18,1,3255.8,76,2,3255.9,25,1
11536,2025-12-30 14:03:45+05:30,3255.5,1,3253.36,1416206,105272.0,136405.0,3250.0,3267.5,3239.8,3251.5,46816000,3576.6,2926.4,4322.95,2866.6,3254.3,69,4,3254.2,226,6,3254.1,92,2,3254.0,41,4,3253.9,90,6,3255.5,88,3,3255.6,10,1,3255.7,18,1,3255.8,76,2,3255.9,25,1
11536,2025-12-30 14:03:45+05:30,3255.5,1,3253.36,1416221,105405.0,136273.0,3250.0,3267.5,3239.8,3251.5,46816000,3576.6,2926.4,4322.95,2866.6,3254.3,108,5,3254.2,242,6,3254.1,118,3,3254.0,41,4,3253.9,90,6,3255.5,42,2,3255.6,10,1,3255.8,112,3,3255.9,25,1,3256.0,102,4
11536,2025-12-30 14:03:46+05:30,3254.2,1,3253.36,1416221,105405.0,136273.0,3250.0,3267.5,3239.8,3251.5,46816000,3576.6,2926.4,4322.95,2866.6,3254.3,108,5,3254.2,242,6,3254.1,118,3,3254.0,41,4,3253.9,90,6,3255.5,42,2,3255.6,10,1,3255.8,112,3,3255.9,25,1,3256.0,102,4
11536,2025-12-30 14:03:46+05:30,3255.7,1,3253.36,1416658,106416.0,134818.0,3250.0,3267.5,3239.8,3251.5,46816000,3576.6,2926.4,4322.95,2866.6,3254.5,35,2,3254.4,37,2,3254.3,175,1,3254.2,15,1,3254.1,165,5,3255.7,52,2,3256.0,33,3,3256.1,79,3,3256.2,68,2,3256.3,180,4
11536,2025-12-30 14:03:47+05:30,3254.5,1,3253.36,1416658,106416.0,134818.0,3250.0,3267.5,3239.8,3251.5,46816000,3576.6,2926.4,4322.95,2866.6,3254.5,35,2,3254.4,37,2,3254.3,175,1,3254.2,15,1,3254.1,165,5,3255.7,52,2,3256.0,33,3,3256.1,79,3,3256.2,68,2,3256.3,180,4
11536,2025-12-30 14:03:47+05:30,3254.5,1,3253.36,1416659,106729.0,134705.0,3250.0,3267.5,3239.8,3251.5,46816000,3576.6,2926.4,4322.95,2866.6,3254.5,97,6,3254.4,83,4,3254.3,175,1,3254.2,42,2,3254.1,207,6,3255.7,52,2,3256.0,1,1,3256.1,79,3,3256.2,68,2,3256.3,180,4
11536,2025-12-30 14:03:48+05:30,3254.1,5,3253.36,1416659,106729.0,134705.0,3250.0,3267.5,3239.8,3251.5,46816000,3576.6,2926.4,4322.95,2866.6,3254.5,97,6,3254.4,83,4,3254.3,175,1,3254.2,42,2,3254.1,207,6,3255.7,52,2,3256.0,1,1,3256.1,79,3,3256.2,68,2,3256.3,180,4
11536,2025-12-30 14:03:48+05:30,3254.1,5,3253.36,1417718,104248.0,134474.0,3250.0,3267.5,3239.8,3251.5,46816000,3576.6,2926.4,4322.95,2866.6,3254.5,1,1,3254.4,39,4,3254.1,42,2,3254.0,30,3,3253.9,75,6,3255.6,29,2,3255.7,97,3,3255.9,107,2,3256.0,108,4,3256.1,43,2
11536,2025-12-30 14:03:49+05:30,3254.1,5,3253.36,1417718,104720.0,134855.0,3250.0,3267.5,3239.8,3251.5,46816000,3576.6,2926.4,4322.95,2866.6,3254.5,1,1,3254.4,25,2,3254.1,21,1,3254.0,50,4,3253.9,71,5,3255.6,143,5,3255.7,56,2,3255.8,123,4,3255.9,89,2,3256.0,108,4
11536,2025-12-30 14:03:50+05:30,3254.5,1,3253.36,1417718,104720.0,134855.0,3250.0,3267.5,3239.8,3251.5,46816000,3576.6,2926.4,4322.95,2866.6,3254.5,1,1,3254.4,25,2,3254.1,21,1,3254.0,50,4,3253.9,71,5,3255.6,143,5,3255.7,56,2,3255.8,123,4,3255.9,89,2,3256.0,108,4
11536,2025-12-30 14:03:50+05:30,3254.5,1,3253.36,1417766,104813.0,134929.0,3250.0,3267.5,3239.8,3251.5,46816000,3576.6,2926.4,4322.95,2866.6,3254.5,1,1,3254.4,25,2,3254.0,50,4,3253.9,71,5,3253.8,173,5,3255.6,168,6,3255.8,123,4,3255.9,125,3,3256.0,108,4,3256.1,77,4
11536,2025-12-30 14:03:51+05:30,3254.0,3,3253.36,1417780,104079.0,135333.0,3250.0,3267.5,3239.8,3251.5,46816000,3576.6,2926.4,4322.95,2866.6,3254.0,54,4,3253.9,44,4,3253.8,50,3,3253.7,180,3,3253.6,125,8,3255.3,10,1,3255.4,98,3,3255.5,69,3,3255.6,139,4,3255.7,45,2
11536,2025-12-30 14:03:52+05:30,3255.4,10,3253.36,1417780,104079.0,135333.0,3250.0,3267.5,3239.8,3251.5,46816000,3576.6,2926.4,4322.95,2866.6,3254.0,54,4,3253.9,44,4,3253.8,50,3,3253.7,180,3,3253.6,125,8,3255.3,10,1,3255.4,98,3,3255.5,69,3,3255.6,139,4,3255.7,45,2
11536,2025-12-30 14:03:52+05:30,3255.4,10,3253.36,1417796,104055.0,135041.0,3250.0,3267.5,3239.8,3251.5,46816000,3576.6,2926.4,4322.95,2866.6,3254.0,121,5,3253.9,77,5,3253.8,73,4,3253.7,1,1,3253.6,250,7,3255.4,42,2,3255.5,78,2,3255.6,57,2,3255.7,3,1,3255.8,148,5
11536,2025-12-30 14:03:53+05:30,3255.4,4,3253.36,1417800,103913.0,134963.0,3250.0,3267.5,3239.8,3251.5,46816000,3576.6,2926.4,4322.95,2866.6,3254.1,88,3,3254.0,43,3,3253.9,67,4,3253.8,73,4,3253.7,1,1,3255.4,38,2,3255.6,57,2,3255.7,3,1,3255.8,148,5,3255.9,49,2
11536,2025-12-30 14:03:54+05:30,3254.0,1,3253.36,1417800,103913.0,134963.0,3250.0,3267.5,3239.8,3251.5,46816000,3576.6,2926.4,4322.95,2866.6,3254.1,88,3,3254.0,43,3,3253.9,67,4,3253.8,73,4,3253.7,1,1,3255.4,38,2,3255.6,57,2,3255.7,3,1,3255.8,148,5,3255.9,49,2
11536,2025-12-30 14:03:54+05:30,3254.0,1,3253.36,1417815,103768.0,135040.0,3250.0,3267.5,3239.8,3251.5,46816000,3576.6,2926.4,4322.95,2866.6,3254.0,42,3,3253.9,14,2,3253.8,73,4,3253.7,1,1,3253.6,60,5,3255.4,29,1,3255.5,92,4,3255.6,139,5,3255.7,49,2,3255.8,98,4
11536,2025-12-30 14:03:55+05:30,3255.4,1,3253.36,1417815,103768.0,135040.0,3250.0,3267.5,3239.8,3251.5,46816000,3576.6,2926.4,4322.95,2866.6,3254.0,42,3,3253.9,14,2,3253.8,73,4,3253.7,1,1,3253.6,60,5,3255.4,29,1,3255.5,92,4,3255.6,139,5,3255.7,49,2,3255.8,98,4
11536,2025-12-30 14:03:55+05:30,3255.4,1,3253.36,1417831,103829.0,135120.0,3250.0,3267.5,3239.8,3251.5,46816000,3576.6,2926.4,4322.95,2866.6,3254.0,42,3,3253.9,14,2,3253.8,73,4,3253.7,1,1,3253.6,60,5,3255.4,47,3,3255.5,82,3,3255.6,139,5,3255.7,49,2,3255.8,98,4
11536,2025-12-30 14:03:56+05:30,3255.4,98,3253.36,1417831,103829.0,135120.0,3250.0,3267.5,3239.8,3251.5,46816000,3576.6,2926.4,4322.95,2866.6,3254.0,42,3,3253.9,14,2,3253.8,73,4,3253.7,1,1,3253.6,60,5,3255.4,47,3,3255.5,82,3,3255.6,139,5,3255.7,49,2,3255.8,98,4
11536,2025-12-30 14:03:56+05:30,3255.4,98,3253.36,1417958,104004.0,135030.0,3250.0,3267.5,3239.8,3251.5,46816000,3576.6,2926.4,4322.95,2866.6,3254.0,64,6,3253.9,27,4,3253.8,47,3,3253.7,201,3,3253.6,60,5,3255.3,46,2,3255.4,52,2,3255.5,70,2,3255.6,11,1,3255.7,70,3
11536,2025-12-30 14:03:57+05:30,3255.7,6,3253.36,1418143,103982.0,134521.0,3250.0,3267.5,3239.8,3251.5,46816000,3576.6,2926.4,4322.95,2866.6,3254.0,142,8,3253.9,27,4,3253.8,47,3,3253.7,26,2,3253.6,60,5,3255.5,29,2,3255.6,56,2,3255.7,64,3,3255.8,74,3,3255.9,213,3
11536,2025-12-30 14:03:58+05:30,3254.0,2,3253.36,1418143,103982.0,134521.0,3250.0,3267.5,3239.8,3251.5,46816000,3576.6,2926.4,4322.95,2866.6,3254.0,142,8,3253.9,27,4,3253.8,47,3,3253.7,26,2,3253.6,60,5,3255.5,29,2,3255.6,56,2,3255.7,64,3,3255.8,74,3,3255.9,213,3
11536,2025-12-30 14:03:58+05:30,3254.0,2,3253.36,1418149,104001.0,135131.0,3250.0,3267.5,3239.8,3251.5,46816000,3576.6,2926.4,4322.95,2866.6,3254.0,130,7,3253.9,27,4,3253.8,73,4,3253.7,26,2,3253.6,60,5,3255.4,16,1,3255.5,40,2,3255.6,56,2,3255.7,64,3,3255.8,101,4
11536,2025-12-30 14:03:59+05:30,3254.0,2,3253.36,1418149,104417.0,135671.0,3250.0,3267.5,3239.8,3251.5,46816000,3576.6,2926.4,4322.95,2866.6,3254.0,96,7,3253.9,27,4,3253.8,362,6,3253.7,26,2,3253.6,216,6,3255.3,42,1,3255.4,10,1,3255.5,71,2,3255.6,92,3,3255.7,18,2
11536,2025-12-30 14:04:00+05:30,3254.0,7,3253.36,1418149,104417.0,135671.0,3250.0,3267.5,3239.8,3251.5,46816000,3576.6,2926.4,4322.95,2866.6,3254.0,96,7,3253.9,27,4,3253.8,362,6,3253.7,26,2,3253.6,216,6,3255.3,42,1,3255.4,10,1,3255.5,71,2,3255.6,92,3,3255.7,18,2
11536,2025-12-30 14:04:00+05:30,3254.0,7,3253.36,1418174,104407.0,135714.0,3250.0,3267.5,3239.8,3251.5,46816000,3576.6,2926.4,4322.95,2866.6,3254.1,5,1,3254.0,38,4,3253.9,27,4,3253.8,362,6,3253.7,60,3,3255.3,112,3,3255.4,10,1,3255.5,71,2,3255.6,56,2,3255.7,18,2
11536,2025-12-30 14:04:01+05:30,3255.3,1,3253.36,1418175,104411.0,135694.0,3250.0,3267.5,3239.8,3251.5,46816000,3576.6,2926.4,4322.95,2866.6,3254.1,21,3,3254.0,38,4,3253.9,17,3,3253.8,385,7,3253.7,102,4,3255.3,89,3,3255.4,10,1,3255.5,30,1,3255.6,56,2,3255.7,18,2
11536,2025-12-30 14:04:02+05:30,3255.3,1,3253.36,1418175,104411.0,135694.0,3250.0,3267.5,3239.8,3251.5,46816000,3576.6,2926.4,4322.95,2866.6,3254.1,21,3,3254.0,38,4,3253.9,17,3,3253.8,385,7,3253.7,102,4,3255.3,89,3,3255.4,10,1,3255.5,30,1,3255.6,56,2,3255.7,18,2
11536,2025-12-30 14:04:02+05:30,3255.3,1,3253.36,1418175,104412.0,135694.0,3250.0,3267.5,3239.8,3251.5,46816000,3576.6,2926.4,4322.95,2866.6,3254.1,21,3,3254.0,38,4,3253.9,192,4,3253.8,210,6,3253.7,102,4,3255.3,89,3,3255.4,10,1,3255.5,30,1,3255.6,56,2,3255.7,18,2
11536,2025-12-30 14:04:03+05:30,3255.3,1,3253.36,1418175,104412.0,135694.0,3250.0,3267.5,3239.8,3251.5,46816000,3576.6,2926.4,4322.95,2866.6,3254.1,21,3,3254.0,38,4,3253.9,192,4,3253.8,210,6,3253.7,102,4,3255.3,89,3,3255.4,10,1,3255.5,30,1,3255.6,56,2,3255.7,18,2
11536,2025-12-30 14:04:03+05:30,3255.3,1,3253.37,1419253,103506.0,135674.0,3250.0,3267.5,3239.8,3251.5,46816000,3576.6,2926.4,4322.95,2866.6,3254.0,194,4,3253.9,10,1,3253.8,26,1,3253.7,25,1,3253.6,216,6,3255.3,86,5,3255.4,21,1,3255.5,82,2,3255.6,234,3,3255.7,61,2
11536,2025-12-30 14:04:04+05:30,3254.1,1,3253.37,1419253,103506.0,135674.0,3250.0,3267.5,3239.8,3251.5,46816000,3576.6,2926.4,4322.95,2866.6,3254.0,194,4,3253.9,10,1,3253.8,26,1,3253.7,25,1,3253.6,216,6,3255.3,86,5,3255.4,21,1,3255.5,82,2,3255.6,234,3,3255.7,61,2
11536,2025-12-30 14:04:04+05:30,3254.1,1,3253.37,1419254,104143.0,135929.0,3250.0,3267.5,3239.8,3251.5,46816000,3576.6,2926.4,4322.95,2866.6,3254.1,228,4,3254.0,88,4,3253.9,40,1,3253.8,44,2,3253.7,25,1,3255.3,45,3,3255.6,112,3,3255.7,15,1,3255.8,263,6,3255.9,99,4
11536,2025-12-30 14:04:05+05:30,3255.3,1,3253.37,1419254,104143.0,135929.0,3250.0,3267.5,3239.8,3251.5,46816000,3576.6,2926.4,4322.95,2866.6,3254.1,228,4,3254.0,88,4,3253.9,40,1,3253.8,44,2,3253.7,25,1,3255.3,45,3,3255.6,112,3,3255.7,15,1,3255.8,263,6,3255.9,99,4
11536,2025-12-30 14:04:05+05:30,3255.3,1,3253.37,1419256,105053.0,135648.0,3250.0,3267.5,3239.8,3251.5,46816000,3576.6,2926.4,4322.95,2866.6,3254.2,131,6,3254.1,174,1,3254.0,61,3,3253.8,265,5,3253.7,25,1,3255.3,33,2,3255.6,70,2,3255.7,15,1,3255.8,241,5,3255.9,53,3
11536,2025-12-30 14:04:06+05:30,3255.3,1,3253.37,1419256,105053.0,133882.0,3250.0,3267.5,3239.8,3251.5,46816000,3576.6,2926.4,4322.95,2866.6,3254.2,131,6,3254.1,174,1,3254.0,61,3,3253.8,265,5,3253.7,25,1,3255.3,33,2,3255.6,70,2,3255.7,15,1,3255.8,241,5,3255.9,53,3
11536,2025-12-30 14:04:07+05:30,3255.3,1,3253.37,1419256,106786.0,135335.0,3250.0,3267.5,3239.8,3251.5,46816000,3576.6,2926.4,4322.95,2866.6,3254.7,174,1,3254.5,34,1,3254.4,27,1,3254.3,98,4,3254.2,73,3,3255.3,14,1,3255.9,34,1,3256.0,41,2,3256.1,89,3,3256.2,261,5
11536,2025-12-30 14:04:08+05:30,3255.3,4,3253.37,1419260,106811.0,135342.0,3250.0,3267.5,3239.8,3251.5,46816000,3576.6,2926.4,4322.95,2866.6,3254.7,174,1,3254.5,61,2,3254.3,98,4,3254.2,73,3,3254.1,330,6,3255.3,41,2,3255.9,34,1,3256.0,41,2,3256.1,89,3,3256.2,261,5
11536,2025-12-30 14:04:08+05:30,3255.3,4,3253.37,1419260,106811.0,135342.0,3250.0,3267.5,3239.8,3251.5,46816000,3576.6,2926.4,4322.95,2866.6,3254.7,174,1,3254.5,61,2,3254.3,98,4,3254.2,73,3,3254.1,330,6,3255.3,41,2,3255.9,34,1,3256.0,41,2,3256.1,89,3,3256.2,261,5
11536,2025-12-30 14:04:09+05:30,3255.1,1,3253.37,1419261,106484.0,133993.0,3250.0,3267.5,3239.8,3251.5,46816000,3576.6,2926.4,4322.95,2866.6,3254.7,174,1,3254.4,34,1,3254.3,98,4,3254.2,258,6,3254.1,197,2,3255.3,41,2,3255.8,42,2,3255.9,34,1,3256.0,1,1,3256.1,120,4
11536,2025-12-30 14:04:09+05:30,3255.1,1,3253.37,1419261,106484.0,133993.0,3250.0,3267.5,3239.8,3251.5,46816000,3576.6,2926.4,4322.95,2866.6,3254.7,174,1,3254.4,34,1,3254.3,98,4,3254.2,258,6,3254.1,197,2,3255.3,41,2,3255.8,42,2,3255.9,34,1,3256.0,1,1,3256.1,120,4
11536,2025-12-30 14:04:10+05:30,3256.1,25,3253.37,1419408,106796.0,133859.0,3250.0,3267.5,3239.8,3251.5,46816000,3576.6,2926.4,4322.95,2866.6,3254.7,184,2,3254.5,18,1,3254.4,20,2,3254.3,91,4,3254.2,213,5,3255.8,93,3,3255.9,16,1,3256.0,35,1,3256.1,10,1,3256.2,233,7
11536,2025-12-30 14:04:10+05:30,3256.1,25,3253.37,1419408,106796.0,133859.0,3250.0,3267.5,3239.8,3251.5,46816000,3576.6,2926.4,4322.95,2866.6,3254.7,184,2,3254.5,18,1,3254.4,20,2,3254.3,91,4,3254.2,213,5,3255.8,93,3,3255.9,16,1,3256.0,35,1,3256.1,10,1,3256.2,233,7
11536,2025-12-30 14:04:11+05:30,3256.1,25,3253.37,1419408,106749.0,133715.0,3250.0,3267.5,3239.8,3251.5,46816000,3576.6,2926.4,4322.95,2866.6,3254.7,241,3,3254.5,18,1,3254.4,20,2,3254.3,91,4,3254.2,213,5,3255.8,93,3,3255.9,47,2,3256.0,35,1,3256.1,10,1,3256.2,233,7
11536,2025-12-30 14:04:12+05:30,3254.7,1,3253.37,1419436,106599.0,133842.0,3250.0,3267.5,3239.8,3251.5,46816000,3576.6,2926.4,4322.95,2866.6,3254.7,235,3,3254.5,18,1,3254.4,20,2,3254.3,49,3,3254.2,57,4,3255.8,71,3,3255.9,57,3,3256.0,77,2,3256.2,233,7,3256.3,26,2
11536,2025-12-30 14:04:12+05:30,3254.7,1,3253.37,1419436,106599.0,133842.0,3250.0,3267.5,3239.8,3251.5,46816000,3576.6,2926.4,4322.95,2866.6,3254.7,235,3,3254.5,18,1,3254.4,20,2,3254.3,49,3,3254.2,57,4,3255.8,71,3,3255.9,57,3,3256.0,77,2,3256.2,233,7,3256.3,26,2
11536,2025-12-30 14:04:13+05:30,3254.7,1,3253.37,1419441,106629.0,132572.0,3250.0,3267.5,3239.8,3251.5,46816000,3576.6,2926.4,4322.95,2866.6,3254.7,234,3,3254.5,18,1,3254.4,44,3,3254.3,49,3,3254.2,57,4,3255.8,67,3,3255.9,26,2,3256.0,77,2,3256.2,233,7,3256.3,26,2
11536,2025-12-30 14:04:13+05:30,3254.7,1,3253.37,1419441,106629.0,132572.0,3250.0,3267.5,3239.8,3251.5,46816000,3576.6,2926.4,4322.95,2866.6,3254.7,234,3,3254.5,18,1,3254.4,44,3,3254.3,49,3,3254.2,57,4,3255.8,67,3,3255.9,26,2,3256.0,77,2,3256.2,233,7,3256.3,26,2
11536,2025-12-30 14:04:14+05:30,3255.8,1,3253.37,1419441,106629.0,132572.0,3250.0,3267.5,3239.8,3251.5,46816000,3576.6,2926.4,4322.95,2866.6,3254.7,234,3,3254.5,18,1,3254.4,44,3,3254.3,49,3,3254.2,57,4,3255.8,66,3,3255.9,26,2,3256.0,77,2,3256.2,233,7,3256.3,26,2
11536,2025-12-30 14:04:14+05:30,3255.8,1,3253.37,1419442,106643.0,133971.0,3250.0,3267.5,3239.8,3251.5,46816000,3576.6,2926.4,4322.95,2866.6,3254.7,234,3,3254.5,18,1,3254.4,44,3,3254.3,49,3,3254.2,57,4,3255.8,66,3,3255.9,26,2,3256.0,77,2,3256.2,233,7,3256.3,26,2
11536,2025-12-30 14:04:15+05:30,3255.8,1,3253.37,1419442,106643.0,133971.0,3250.0,3267.5,3239.8,3251.5,46816000,3576.6,2926.4,4322.95,2866.6,3254.7,234,3,3254.5,18,1,3254.4,44,3,3254.3,49,3,3254.2,57,4,3255.8,66,3,3255.9,26,2,3256.0,77,2,3256.2,233,7,3256.3,26,2
11536,2025-12-30 14:04:15+05:30,3255.8,1,3253.37,1419446,106635.0,133969.0,3250.0,3267.5,3239.8,3251.5,46816000,3576.6,2926.4,4322.95,2866.6,3254.7,232,3,3254.5,18,1,3254.4,44,3,3254.3,49,3,3254.2,51,3,3255.8,64,3,3255.9,26,2,3256.0,77,2,3256.2,233,7,3256.3,26,2
11536,2025-12-30 14:04:16+05:30,3255.8,1,3253.37,1419447,106635.0,133958.0,3250.0,3267.5,3239.8,3251.5,46816000,3576.6,2926.4,4322.95,2866.6,3254.7,232,3,3254.5,25,2,3254.4,44,3,3254.3,49,3,3254.2,51,3,3255.8,63,3,3255.9,26,2,3256.0,77,2,3256.2,233,7,3256.3,26,2
11536,2025-12-30 14:04:17+05:30,3255.8,2,3253.37,1419447,106635.0,133958.0,3250.0,3267.5,3239.8,3251.5,46816000,3576.6,2926.4,4322.95,2866.6,3254.7,232,3,3254.5,25,2,3254.4,44,3,3254.3,49,3,3254.2,51,3,3255.8,63,3,3255.9,26,2,3256.0,77,2,3256.2,233,7,3256.3,26,2
11536,2025-12-30 14:04:17+05:30,3255.8,2,3253.37,1419459,106640.0,133902.0,3250.0,3267.5,3239.8,3251.5,46816000,3576.6,2926.4,4322.95,2866.6,3254.7,232,3,3254.5,25,2,3254.4,44,3,3254.3,91,4,3254.2,51,3,3255.8,61,3,3255.9,16,1,3256.0,35,1,3256.2,191,6,3256.3,26,2
11536,2025-12-30 14:04:18+05:30,3254.2,5,3253.37,1419459,106640.0,133902.0,3250.0,3267.5,3239.8,3251.5,46816000,3576.6,2926.4,4322.95,2866.6,3254.7,232,3,3254.5,25,2,3254.4,44,3,3254.3,91,4,3254.2,51,3,3255.8,61,3,3255.9,16,1,3256.0,35,1,3256.2,191,6,3256.3,26,2
11536,2025-12-30 14:04:18+05:30,3254.2,5,3253.37,1420518,105220.0,133380.0,3250.0,3267.5,3239.8,3251.5,46816000,3576.6,2926.4,4322.95,2866.6,3254.7,175,1,3254.6,3,1,3254.4,236,5,3254.3,13,2,3254.2,33,4,3255.7,74,2,3255.8,10,1,3256.0,35,1,3256.1,10,1,3256.2,98,3
11536,2025-12-30 14:04:19+05:30,3254.7,1,3253.37,1420518,105220.0,133380.0,3250.0,3267.5,3239.8,3251.5,46816000,3576.6,2926.4,4322.95,2866.6,3254.7,175,1,3254.6,3,1,3254.4,236,5,3254.3,13,2,3254.2,33,4,3255.7,74,2,3255.8,10,1,3256.0,35,1,3256.1,10,1,3256.2,98,3
11536,2025-12-30 14:04:19+05:30,3254.7,1,3253.37,1420520,105287.0,133607.0,3250.0,3267.5,3239.8,3251.5,46816000,3576.6,2926.4,4322.95,2866.6,3254.7,173,1,3254.6,3,1,3254.4,218,4,3254.3,13,2,3254.2,53,5,3255.7,88,3,3255.8,10,1,3256.0,35,1,3256.1,10,1,3256.2,144,4
11536,2025-12-30 14:04:20+05:30,3255.7,25,3253.37,1420520,105287.0,133607.0,3250.0,3267.5,3239.8,3251.5,46816000,3576.6,2926.4,4322.95,2866.6,3254.7,173,1,3254.6,3,1,3254.4,218,4,3254.3,13,2,3254.2,53,5,3255.7,88,3,3255.8,10,1,3256.0,35,1,3256.1,10,1,3256.2,144,4
11536,2025-12-30 14:04:20+05:30,3255.7,25,3253.37,1420545,106273.0,131060.0,3250.0,3267.5,3239.8,3251.5,46816000,3576.6,2926.4,4322.95,2866.6,3254.7,285,4,3254.6,52,3,3254.5,244,3,3254.4,46,3,3254.3,29,2,3255.7,14,1,3256.0,35,1,3256.2,77,2,3256.3,36,2,3256.4,250,5
11536,2025-12-30 14:04:21+05:30,3255.7,1,3253.37,1420545,106273.0,131060.0,3250.0,3267.5,3239.8,3251.5,46816000,3576.6,2926.4,4322.95,2866.6,3254.7,285,4,3254.6,52,3,3254.5,244,3,3254.4,46,3,3254.3,29,2,3255.7,14,1,3256.0,35,1,3256.2,77,2,3256.3,36,2,3256.4,250,5
11536,2025-12-30 14:04:21+05:30,3255.7,1,3253.37,1420560,107458.0,131885.0,3250.0,3267.5,3239.8,3251.5,46816000,3576.6,2926.4,4322.95,2866.6,3255.7,1,1,3255.0,15,1,3254.9,15,1,3254.8,260,6,3254.7,368,4,3256.2,72,3,3256.3,59,3,3256.4,66,2,3256.5,37,2,3256.6,1,1
11536,2025-12-30 14:04:22+05:30,3255.7,1,3253.37,1420560,107485.0,133316.0,3250.0,3267.5,3239.8,3251.5,46816000,3576.6,2926.4,4322.95,2866.6,3255.7,1,1,3255.1,42,1,3255.0,15,1,3254.9,15,1,3254.8,260,6,3256.2,72,3,3256.3,59,3,3256.4,66,2,3256.5,68,3,3256.6,1,1
11536,2025-12-30 14:04:23+05:30,3256.2,3,3253.37,1420560,107485.0,133316.0,3250.0,3267.5,3239.8,3251.5,46816000,3576.6,2926.4,4322.95,2866.6,3255.7,1,1,3255.1,42,1,3255.0,15,1,3254.9,15,1,3254.8,260,6,3256.2,72,3,3256.3,59,3,3256.4,66,2,3256.5,68,3,3256.6,1,1
11536,2025-12-30 14:04:23+05:30,3256.2,3,3253.37,1420563,107382.0,133319.0,3250.0,3267.5,3239.8,3251.5,46816000,3576.6,2926.4,4322.95,2866.6,3255.7,1,1,3255.1,42,1,3255.0,15,1,3254.9,15,1,3254.8,288,7,3256.2,69,3,3256.3,59,3,3256.4,66,2,3256.5,68,3,3256.6,1,1
11536,2025-12-30 14:04:24+05:30,3254.8,9,3253.37,1420708,106743.0,133872.0,3250.0,3267.5,3239.8,3251.5,46816000,3576.6,2926.4,4322.95,2866.6,3254.9,27,1,3254.8,186,2,3254.7,250,3,3254.6,64,3,3254.4,242,5,3256.1,145,5,3256.2,10,1,3256.3,78,3,3256.4,173,4,3256.5,68,3
11536,2025-12-30 14:04:24+05:30,3254.8,9,3253.37,1420708,106743.0,133872.0,3250.0,3267.5,3239.8,3251.5,46816000,3576.6,2926.4,4322.95,2866.6,3254.9,27,1,3254.8,186,2,3254.7,250,3,3254.6,64,3,3254.4,242,5,3256.1,145,5,3256.2,10,1,3256.3,78,3,3256.4,173,4,3256.5,68,3
11536,2025-12-30 14:04:25+05:30,3254.8,9,3253.37,1420708,106585.0,133753.0,3250.0,3267.5,3239.8,3251.5,46816000,3576.6,2926.4,4322.95,2866.6,3254.9,27,1,3254.8,175,1,3254.7,250,3,3254.6,64,3,3254.4,44,3,3256.0,118,5,3256.1,70,3,3256.2,20,1,3256.3,78,3,3256.4,173,4
11536,2025-12-30 14:04:25+05:30,3256.0,6,3253.37,1420708,106585.0,133753.0,3250.0,3267.5,3239.8,3251.5,46816000,3576.6,2926.4,4322.95,2866.6,3254.9,27,1,3254.8,175,1,3254.7,250,3,3254.6,64,3,3254.4,44,3,3256.0,118,5,3256.1,70,3,3256.2,20,1,3256.3,78,3,3256.4,173,4
11536,2025-12-30 14:04:26+05:30,3254.9,1,3253.37,1420834,106533.0,133522.0,3250.0,3267.5,3239.8,3251.5,46816000,3576.6,2926.4,4322.95,2866.6,3254.9,152,4,3254.8,175,1,3254.7,279,3,3254.6,25,2,3254.4,266,6,3256.2,96,3,3256.3,17,2,3256.4,127,3,3256.5,34,2,3256.6,78,4
11536,2025-12-30 14:04:26+05:30,3254.9,1,3253.37,1420834,106533.0,133522.0,3250.0,3267.5,3239.8,3251.5,46816000,3576.6,2926.4,4322.95,2866.6,3254.9,152,4,3254.8,175,1,3254.7,279,3,3254.6,25,2,3254.4,266,6,3256.2,96,3,3256.3,17,2,3256.4,127,3,3256.5,34,2,3256.6,78,4
11536,2025-12-30 14:04:27+05:30,3256.2,1,3253.37,1420835,106540.0,133551.0,3250.0,3267.5,3239.8,3251.5,46816000,3576.6,2926.4,4322.95,2866.6,3255.0,10,1,3254.9,119,3,3254.8,175,1,3254.7,279,3,3254.6,58,3,3256.1,51,2,3256.2,95,4,3256.3,17,2,3256.4,66,2,3256.5,114,4
11536,2025-12-30 14:04:27+05:30,3256.2,1,3253.37,1420835,106540.0,133551.0,3250.0,3267.5,3239.8,3251.5,46816000,3576.6,2926.4,4322.95,2866.6,3255.0,10,1,3254.9,119,3,3254.8,175,1,3254.7,279,3,3254.6,58,3,3256.1,51,2,3256.2,95,4,3256.3,17,2,3256.4,66,2,3256.5,114,4
11536,2025-12-30 14:04:28+05:30,3255.1,3,3253.37,1421198,107092.0,132059.0,3250.0,3267.5,3239.8,3251.5,46816000,3576.6,2926.4,4322.95,2866.6,3255.1,64,2,3255.0,195,3,3254.9,100,2,3254.8,67,3,3254.7,106,3,3256.4,134,5,3256.5,21,1,3256.6,34,1,3256.7,103,3,3256.8,151,6
11536,2025-12-30 14:04:28+05:30,3255.1,3,3253.37,1421198,107092.0,132059.0,3250.0,3267.5,3239.8,3251.5,46816000,3576.6,2926.4,4322.95,2866.6,3255.1,64,2,3255.0,195,3,3254.9,100,2,3254.8,67,3,3254.7,106,3,3256.4,134,5,3256.5,21,1,3256.6,34,1,3256.7,103,3,3256.8,151,6
11536,2025-12-30 14:04:29+05:30,3256.4,1,3253.37,1421199,107071.0,131034.0,3250.0,3267.5,3239.8,3251.5,46816000,3576.6,2926.4,4322.95,2866.6,3255.1,64,2,3255.0,195,3,3254.9,100,2,3254.8,67,3,3254.7,106,3,3256.3,91,3,3256.4,41,2,3256.5,52,2,3256.6,34,1,3256.7,103,3
11536,2025-12-30 14:04:29+05:30,3256.4,1,3253.37,1421199,107071.0,131034.0,3250.0,3267.5,3239.8,3251.5,46816000,3576.6,2926.4,4322.95,2866.6,3255.1,64,2,3255.0,195,3,3254.9,100,2,3254.8,67,3,3254.7,106,3,3256.3,91,3,3256.4,41,2,3256.5,52,2,3256.6,34,1,3256.7,103,3
11536,2025-12-30 14:04:30+05:30,3256.3,1,3253.37,1421218,107029.0,132327.0,3250.0,3267.5,3239.8,3251.5,46816000,3576.6,2926.4,4322.95,2866.6,3255.1,231,5,3255.0,194,3,3254.9,100,2,3254.8,67,3,3254.7,73,2,3256.3,39,2,3256.4,10,1,3256.5,21,1,3256.6,67,2,3256.7,103,3
11536,2025-12-30 14:04:30+05:30,3256.3,1,3253.37,1421218,107029.0,132327.0,3250.0,3267.5,3239.8,3251.5,46816000,3576.6,2926.4,4322.95,2866.6,3255.1,231,5,3255.0,194,3,3254.9,100,2,3254.8,67,3,3254.7,73,2,3256.3,39,2,3256.4,10,1,3256.5,21,1,3256.6,67,2,3256.7,103,3
11536,2025-12-30 14:04:31+05:30,3256.3,1,3253.37,1421218,107029.0,132327.0,3250.0,3267.5,3239.8,3251.5,46816000,3576.6,2926.4,4322.95,2866.6,3255.1,231,5,3255.0,194,3,3254.9,100,2,3254.8,67,3,3254.7,73,2,3256.3,39,2,3256.4,10,1,3256.5,21,1,3256.6,67,2,3256.7,103,3
11536,2025-12-30 14:04:31+05:30,3256.3,1,3253.37,1421229,107019.0,132339.0,3250.0,3267.5,3239.8,3251.5,46816000,3576.6,2926.4,4322.95,2866.6,3255.1,221,5,3255.0,194,3,3254.9,100,2,3254.8,67,3,3254.7,73,2,3256.3,38,2,3256.4,10,1,3256.5,52,2,3256.6,67,2,3256.7,103,3
11536,2025-12-30 14:04:32+05:30,3255.1,1,3253.37,1421232,107008.0,132549.0,3250.0,3267.5,3239.8,3251.5,46816000,3576.6,2926.4,4322.95,2866.6,3255.1,220,5,3255.0,185,2,3254.9,100,2,3254.8,67,3,3254.7,73,2,3256.3,55,3,3256.4,29,2,3256.5,94,3,3256.6,67,2,3256.7,84,2
11536,2025-12-30 14:04:32+05:30,3255.1,1,3253.37,1421232,107008.0,132549.0,3250.0,3267.5,3239.8,3251.5,46816000,3576.6,2926.4,4322.95,2866.6,3255.1,220,5,3255.0,185,2,3254.9,100,2,3254.8,67,3,3254.7,73,2,3256.3,55,3,3256.4,29,2,3256.5,94,3,3256.6,67,2,3256.7,84,2
11536,2025-12-30 14:04:33+05:30,3254.7,33,3253.37,1422290,103859.0,134169.0,3250.0,3267.5,3239.8,3251.5,46816000,3576.6,2926.4,4322.95,2866.6,3254.5,8,2,3254.4,42,3,3254.2,39,1,3254.1,3,1,3254.0,88,6,3255.7,13,2,3255.9,120,4,3256.0,71,2,3256.1,263,4,3256.2,173,5
11536,2025-12-30 14:04:33+05:30,3254.7,33,3253.37,1422290,103859.0,134169.0,3250.0,3267.5,3239.8,3251.5,46816000,3576.6,2926.4,4322.95,2866.6,3254.5,8,2,3254.4,42,3,3254.2,39,1,3254.1,3,1,3254.0,88,6,3255.7,13,2,3255.9,120,4,3256.0,71,2,3256.1,263,4,3256.2,173,5
11536,2025-12-30 14:04:34+05:30,3254.7,33,3253.37,1422290,104052.0,134235.0,3250.0,3267.5,3239.8,3251.5,46816000,3576.6,2926.4,4322.95,2866.6,3254.5,1,1,3254.4,42,3,3254.3,3,1,3254.2,39,1,3254.1,3,1,3255.7,79,5,3255.8,87,3,3255.9,117,3,3256.0,71,2,3256.1,145,4
11536,2025-12-30 14:04:35+05:30,3254.4,5,3253.37,1422297,104188.0,134296.0,3250.0,3267.5,3239.8,3251.5,46816000,3576.6,2926.4,4322.95,2866.6,3254.4,42,3,3254.3,3,1,3254.1,3,1,3254.0,106,6,3253.9,34,1,3255.6,58,3,3255.7,53,2,3255.8,39,1,3255.9,197,5,3256.0,71,2
11536,2025-12-30 14:04:35+05:30,3254.4,5,3253.37,1422297,104188.0,134296.0,3250.0,3267.5,3239.8,3251.5,46816000,3576.6,2926.4,4322.95,2866.6,3254.4,42,3,3254.3,3,1,3254.1,3,1,3254.0,106,6,3253.9,34,1,3255.6,58,3,3255.7,53,2,3255.8,39,1,3255.9,197,5,3256.0,71,2
11536,2025-12-30 14:04:36+05:30,3255.7,35,3253.37,1422454,104650.0,133701.0,3250.0,3267.5,3239.8,3251.5,46816000,3576.6,2926.4,4322.95,2866.6,3254.5,83,3,3254.4,32,2,3254.3,3,1,3254.2,23,2,3254.1,3,1,3255.8,53,3,3255.9,121,5,3256.0,110,4,3256.1,194,3,3256.2,146,4
11536,2025-12-30 14:04:36+05:30,3255.7,35,3253.37,1422454,104650.0,133701.0,3250.0,3267.5,3239.8,3251.5,46816000,3576.6,2926.4,4322.95,2866.6,3254.5,83,3,3254.4,32,2,3254.3,3,1,3254.2,23,2,3254.1,3,1,3255.8,53,3,3255.9,121,5,3256.0,110,4,3256.1,194,3,3256.2,146,4
11536,2025-12-30 14:04:37+05:30,3255.8,1,3253.37,1422455,104508.0,135058.0,3250.0,3267.5,3239.8,3251.5,46816000,3576.6,2926.4,4322.95,2866.6,3254.4,5,1,3254.3,3,1,3254.2,54,2,3254.1,3,1,3254.0,26,4,3255.7,152,7,3255.8,72,3,3255.9,167,6,3256.0,64,3,3256.1,194,3
11536,2025-12-30 14:04:37+05:30,3255.8,1,3253.37,1422455,104508.0,135058.0,3250.0,3267.5,3239.8,3251.5,46816000,3576.6,2926.4,4322.95,2866.6,3254.4,5,1,3254.3,3,1,3254.2,54,2,3254.1,3,1,3254.0,26,4,3255.7,152,7,3255.8,72,3,3255.9,167,6,3256.0,64,3,3256.1,194,3
11536,2025-12-30 14:04:38+05:30,3255.6,5,3253.37,1422461,104494.0,135456.0,3250.0,3267.5,3239.8,3251.5,46816000,3576.6,2926.4,4322.95,2866.6,3254.4,4,1,3254.3,3,1,3254.2,34,1,3254.1,3,1,3254.0,26,4,3255.5,17,1,3255.6,44,2,3255.7,92,4,3255.8,118,4,3255.9,155,6
11536,2025-12-30 14:04:38+05:30,3255.6,5,3253.37,1422461,104494.0,135456.0,3250.0,3267.5,3239.8,3251.5,46816000,3576.6,2926.4,4322.95,2866.6,3254.4,4,1,3254.3,3,1,3254.2,34,1,3254.1,3,1,3254.0,26,4,3255.5,17,1,3255.6,44,2,3255.7,92,4,3255.8,118,4,3255.9,155,6
11536,2025-12-30 14:04:39+05:30,3255.7,1,3253.37,1422475,105091.0,134782.0,3250.0,3267.5,3239.8,3251.5,46816000,3576.6,2926.4,4322.95,2866.6,3255.6,1,1,3254.6,22,1,3254.4,21,1,3254.3,3,1,3254.2,22,1,3255.8,53,2,3255.9,113,4,3256.0,151,4,3256.1,60,2,3256.2,155,4
11536,2025-12-30 14:04:39+05:30,3255.7,1,3253.37,1422475,105091.0,134782.0,3250.0,3267.5,3239.8,3251.5,46816000,3576.6,2926.4,4322.95,2866.6,3255.6,1,1,3254.6,22,1,3254.4,21,1,3254.3,3,1,3254.2,22,1,3255.8,53,2,3255.9,113,4,3256.0,151,4,3256.1,60,2,3256.2,155,4
11536,2025-12-30 14:04:40+05:30,3254.7,76,3253.37,1422475,105091.0,134782.0,3250.0,3267.5,3239.8,3251.5,46816000,3576.6,2926.4,4322.95,2866.6,3255.6,1,1,3254.6,22,1,3254.4,21,1,3254.3,3,1,3254.2,22,1,3255.8,53,2,3255.9,113,4,3256.0,151,4,3256.1,60,2,3256.2,155,4
11536,2025-12-30 14:04:40+05:30,3254.7,76,3253.37,1422555,104062.0,134722.0,3250.0,3267.5,3239.8,3251.5,46816000,3576.6,2926.4,4322.95,2866.6,3254.6,108,3,3254.5,10,1,3254.3,3,1,3254.2,24,2,3254.1,25,3,3255.7,17,1,3255.8,96,5,3255.9,114,4,3256.0,66,2,3256.1,197,3
11536,2025-12-30 14:04:41+05:30,3254.7,76,3253.37,1422555,104069.0,134555.0,3250.0,3267.5,3239.8,3251.5,46816000,3576.6,2926.4,4322.95,2866.6,3254.6,73,2,3254.5,10,1,3254.3,3,1,3254.2,24,2,3254.1,25,3,3255.7,27,2,3255.8,86,4,3255.9,114,4,3256.0,66,2,3256.1,197,3
11536,2025-12-30 14:04:42+05:30,3255.7,1,3253.37,1422555,104069.0,134555.0,3250.0,3267.5,3239.8,3251.5,46816000,3576.6,2926.4,4322.95,2866.6,3254.6,73,2,3254.5,10,1,3254.3,3,1,3254.2,24,2,3254.1,25,3,3255.7,27,2,3255.8,86,4,3255.9,114,4,3256.0,66,2,3256.1,197,3
11536,2025-12-30 14:04:42+05:30,3255.7,1,3253.37,1422556,104068.0,134550.0,3250.0,3267.5,3239.8,3251.5,46816000,3576.6,2926.4,4322.95,2866.6,3254.6,39,1,3254.5,10,1,3254.3,36,2,3254.2,24,2,3254.1,25,3,3255.7,41,3,3255.8,165,6,3255.9,68,3,3256.0,66,2,3256.1,197,3
11536,2025-12-30 14:04:43+05:30,3254.6,1,3253.37,1422556,104068.0,134550.0,3250.0,3267.5,3239.8,3251.5,46816000,3576.6,2926.4,4322.95,2866.6,3254.6,39,1,3254.5,10,1,3254.3,36,2,3254.2,24,2,3254.1,25,3,3255.7,41,3,3255.8,165,6,3255.9,68,3,3256.0,66,2,3256.1,197,3
11536,2025-12-30 14:04:43+05:30,3254.6,1,3253.37,1422562,104238.0,134633.0,3250.0,3267.5,3239.8,3251.5,46816000,3576.6,2926.4,4322.95,2866.6,3254.6,37,1,3254.5,10,1,3254.3,36,2,3254.2,27,3,3254.1,197,3,3255.7,52,4,3255.8,102,4,3255.9,152,5,3256.0,66,2,3256.1,39,2
11536,2025-12-30 14:04:44+05:30,3255.7,8,3253.37,1422562,104238.0,134633.0,3250.0,3267.5,3239.8,3251.5,46816000,3576.6,2926.4,4322.95,2866.6,3254.6,37,1,3254.5,10,1,3254.3,36,2,3254.2,27,3,3254.1,197,3,3255.7,52,4,3255.8,102,4,3255.9,152,5,3256.0,66,2,3256.1,39,2
11536,2025-12-30 14:04:44+05:30,3255.7,8,3253.37,1422570,104238.0,133410.0,3250.0,3267.5,3239.8,3251.5,46816000,3576.6,2926.4,4322.95,2866.6,3254.6,37,1,3254.5,10,1,3254.3,36,2,3254.2,27,3,3254.1,197,3,3255.7,44,4,3255.8,102,4,3255.9,152,5,3256.0,66,2,3256.1,39,2
11536,2025-12-30 14:04:45+05:30,3255.7,1,3253.37,1422570,104238.0,133410.0,3250.0,3267.5,3239.8,3251.5,46816000,3576.6,2926.4,4322.95,2866.6,3254.6,37,1,3254.5,10,1,3254.3,36,2,3254.2,27,3,3254.1,197,3,3255.7,44,4,3255.8,102,4,3255.9,152,5,3256.0,66,2,3256.1,39,2
11536,2025-12-30 14:04:45+05:30,3255.7,1,3253.37,1422572,104585.0,134806.0,3250.0,3267.5,3239.8,3251.5,46816000,3576.6,2926.4,4322.95,2866.6,3254.6,36,1,3254.5,10,1,3254.3,36,2,3254.2,27,3,3254.1,197,3,3255.7,39,3,3255.8,102,4,3255.9,152,5,3256.0,66,2,3256.1,39,2
11536,2025-12-30 14:04:46+05:30,3255.7,1,3253.37,1422572,104585.0,134806.0,3250.0,3267.5,3239.8,3251.5,46816000,3576.6,2926.4,4322.95,2866.6,3254.6,36,1,3254.5,10,1,3254.3,36,2,3254.2,27,3,3254.1,197,3,3255.7,39,3,3255.8,102,4,3255.9,152,5,3256.0,66,2,3256.1,39,2
11536,2025-12-30 14:04:46+05:30,3255.7,1,3253.37,1422574,104710.0,134513.0,3250.0,3267.5,3239.8,3251.5,46816000,3576.6,2926.4,4322.95,2866.6,3254.4,107,4,3254.3,3,1,3254.2,24,2,3254.1,197,3,3254.0,67,5,3255.7,32,4,3255.8,30,1,3255.9,86,3,3256.0,74,2,3256.1,46,1
11536,2025-12-30 14:04:47+05:30,3255.7,1,3253.37,1422574,104909.0,134543.0,3250.0,3267.5,3239.8,3251.5,46816000,3576.6,2926.4,4322.95,2866.6,3254.4,135,6,3254.3,69,4,3254.2,24,2,3254.1,223,4,3254.0,71,6,3255.7,23,3,3255.8,30,1,3255.9,86,3,3256.0,74,2,3256.1,46,1
11536,2025-12-30 14:04:48+05:30,3255.6,3,3253.37,1422574,104909.0,134543.0,3250.0,3267.5,3239.8,3251.5,46816000,3576.6,2926.4,4322.95,2866.6,3254.4,135,6,3254.3,69,4,3254.2,24,2,3254.1,223,4,3254.0,71,6,3255.7,23,3,3255.8,30,1,3255.9,86,3,3256.0,74,2,3256.1,46,1
11536,2025-12-30 14:04:48+05:30,3255.6,3,3253.37,1423655,106475.0,132620.0,3250.0,3267.5,3239.8,3251.5,46816000,3576.6,2926.4,4322.95,2866.6,3254.6,5,1,3254.5,43,1,3254.4,319,9,3254.3,96,5,3254.2,139,6,3255.7,24,3,3255.8,68,2,3255.9,18,1,3256.2,65,3,3256.3,72,3
11536,2025-12-30 14:04:49+05:30,3254.6,1,3253.37,1423655,106475.0,132620.0,3250.0,3267.5,3239.8,3251.5,46816000,3576.6,2926.4,4322.95,2866.6,3254.6,5,1,3254.5,43,1,3254.4,319,9,3254.3,96,5,3254.2,139,6,3255.7,24,3,3255.8,68,2,3255.9,18,1,3256.2,65,3,3256.3,72,3
11536,2025-12-30 14:04:49+05:30,3254.6,1,3253.37,1423656,107055.0,133508.0,3250.0,3267.5,3239.8,3251.5,46816000,3576.6,2926.4,4322.95,2866.6,3254.7,33,1,3254.6,75,3,3254.5,228,3,3254.4,118,5,3254.3,85,4,3255.7,5,2,3255.8,30,1,3255.9,18,1,3256.2,55,2,3256.3,128,5
11536,2025-12-30 14:04:50+05:30,3254.6,1,3253.37,1423656,107438.0,133453.0,3250.0,3267.5,3239.8,3251.5,46816000,3576.6,2926.4,4322.95,2866.6,3255.0,1,1,3254.7,43,2,3254.6,195,4,3254.5,281,4,3254.4,142,6,3255.7,5,2,3255.8,30,1,3256.2,55,2,3256.3,82,4,3256.4,34,1
11536,2025-12-30 14:04:51+05:30,3254.6,1,3253.37,1423656,107434.0,133142.0,3250.0,3267.5,3239.8,3251.5,46816000,3576.6,2926.4,4322.95,2866.6,3255.0,2,2,3254.9,38,2,3254.7,31,2,3254.6,204,5,3254.5,298,5,3255.7,46,4,3256.0,69,2,3256.1,19,1,3256.2,74,3,3256.3,37,2
11536,2025-12-30 14:04:52+05:30,3255.7,30,3253.37,1423656,107434.0,133142.0,3250.0,3267.5,3239.8,3251.5,46816000,3576.6,2926.4,4322.95,2866.6,3255.0,2,2,3254.9,38,2,3254.7,31,2,3254.6,204,5,3254.5,298,5,3255.7,46,4,3256.0,69,2,3256.1,19,1,3256.2,74,3,3256.3,37,2
11536,2025-12-30 14:04:52+05:30,3255.7,30,3253.37,1423702,107266.0,132832.0,3250.0,3267.5,3239.8,3251.5,46816000,3576.6,2926.4,4322.95,2866.6,3255.7,84,1,3255.0,32,4,3254.8,54,2,3254.7,6,2,3254.6,77,4,3256.2,71,3,3256.3,84,3,3256.4,23,1,3256.5,168,5,3256.6,108,3
11536,2025-12-30 14:04:53+05:30,3255.7,30,3253.37,1423702,108568.0,132853.0,3250.0,3267.5,3239.8,3251.5,46816000,3576.6,2926.4,4322.95,2866.6,3255.7,96,2,3255.2,32,1,3255.1,85,3,3255.0,32,4,3254.9,236,2,3256.0,2,1,3256.2,14,1,3256.6,34,1,3256.7,36,2,3256.8,45,2
11536,2025-12-30 14:04:54+05:30,3255.7,1,3253.37,1423702,108568.0,132853.0,3250.0,3267.5,3239.8,3251.5,46816000,3576.6,2926.4,4322.95,2866.6,3255.7,96,2,3255.2,32,1,3255.1,85,3,3255.0,32,4,3254.9,236,2,3256.0,2,1,3256.2,14,1,3256.6,34,1,3256.7,36,2,3256.8,45,2
11536,2025-12-30 14:04:54+05:30,3255.7,1,3253.37,1423703,109231.0,130957.0,3250.0,3267.5,3239.8,3251.5,46816000,3576.6,2926.4,4322.95,2866.6,3255.7,95,2,3255.3,175,1,3255.2,32,1,3255.1,38,2,3255.0,466,8,3256.0,2,1,3256.2,14,1,3256.4,37,1,3256.8,35,2,3256.9,3,1
11536,2025-12-30 14:04:55+05:30,3256.0,1,3253.37,1423703,109231.0,130957.0,3250.0,3267.5,3239.8,3251.5,46816000,3576.6,2926.4,4322.95,2866.6,3255.7,95,2,3255.3,175,1,3255.2,32,1,3255.1,38,2,3255.0,466,8,3256.0,2,1,3256.2,14,1,3256.4,37,1,3256.8,35,2,3256.9,3,1
11536,2025-12-30 14:04:55+05:30,3256.0,13,3253.37,1423718,108148.0,133317.0,3250.0,3267.5,3239.8,3251.5,46816000,3576.6,2926.4,4322.95,2866.6,3255.7,147,3,3255.4,32,1,3255.3,175,1,3255.2,37,1,3255.1,38,2,3256.0,3,2,3256.8,64,3,3256.9,35,2,3257.0,90,8,3257.1,199,5
11536,2025-12-30 14:04:56+05:30,3256.0,13,3253.37,1423718,108148.0,133317.0,3250.0,3267.5,3239.8,3251.5,46816000,3576.6,2926.4,4322.95,2866.6,3255.7,147,3,3255.4,32,1,3255.3,175,1,3255.2,37,1,3255.1,38,2,3256.0,3,2,3256.8,64,3,3256.9,35,2,3257.0,90,8,3257.1,199,5
11536,2025-12-30 14:04:56+05:30,3256.0,14,3253.37,1423737,107466.0,131996.0,3250.0,3267.5,3239.8,3251.5,46816000,3576.6,2926.4,4322.95,2866.6,3256.0,71,3,3255.7,64,2,3255.3,175,1,3255.2,21,1,3255.1,20,1,3256.7,166,6,3256.8,74,4,3256.9,82,4,3257.0,6,4,3257.1,206,6
11536,2025-12-30 14:04:57+05:30,3256.0,14,3253.37,1423737,107466.0,131996.0,3250.0,3267.5,3239.8,3251.5,46816000,3576.6,2926.4,4322.95,2866.6,3256.0,71,3,3255.7,64,2,3255.3,175,1,3255.2,21,1,3255.1,20,1,3256.7,166,6,3256.8,74,4,3256.9,82,4,3257.0,6,4,3257.1,206,6
11536,2025-12-30 14:04:57+05:30,3256.8,69,3253.37,1424165,107980.0,131621.0,3250.0,3267.5,3239.8,3251.5,46816000,3576.6,2926.4,4322.95,2866.6,3256.0,2,2,3255.7,64,2,3255.5,3,1,3255.4,20,1,3255.3,175,1,3256.9,131,6,3257.0,26,4,3257.1,119,3,3257.2,13,1,3257.3,6,1
11536,2025-12-30 14:04:58+05:30,3256.0,1,3253.37,1424165,107980.0,131621.0,3250.0,3267.5,3239.8,3251.5,46816000,3576.6,2926.4,4322.95,2866.6,3256.0,2,2,3255.7,64,2,3255.5,3,1,3255.4,20,1,3255.3,175,1,3256.9,131,6,3257.0,26,4,3257.1,119,3,3257.2,13,1,3257.3,6,1
11536,2025-12-30 14:04:58+05:30,3256.0,1,3253.37,1424170,107694.0,132039.0,3250.0,3267.5,3239.8,3251.5,46816000,3576.6,2926.4,4322.95,2866.6,3256.0,17,3,3255.7,64,2,3255.4,20,1,3255.3,175,1,3255.2,126,3,3256.8,129,6,3256.9,144,5,3257.0,72,5,3257.1,102,3,3257.2,13,1
11536,2025-12-30 14:04:59+05:30,3256.8,1,3253.37,1424170,107694.0,132039.0,3250.0,3267.5,3239.8,3251.5,46816000,3576.6,2926.4,4322.95,2866.6,3256.0,17,3,3255.7,64,2,3255.4,20,1,3255.3,175,1,3255.2,126,3,3256.8,129,6,3256.9,144,5,3257.0,72,5,3257.1,102,3,3257.2,13,1
11536,2025-12-30 14:04:59+05:30,3256.0,1,3253.37,1424172,107475.0,132438.0,3250.0,3267.5,3239.8,3251.5,46816000,3576.6,2926.4,4322.95,2866.6,3256.0,16,3,3255.7,64,2,3255.4,20,1,3255.3,175,1,3255.2,126,3,3256.7,116,7,3256.8,74,4,3256.9,122,4,3257.0,72,5,3257.1,134,4
11536,2025-12-30 14:05:00+05:30,3256.0,1,3253.37,1424172,107475.0,132438.0,3250.0,3267.5,3239.8,3251.5,46816000,3576.6,2926.4,4322.95,2866.6,3256.0,16,3,3255.7,64,2,3255.4,20,1,3255.3,175,1,3255.2,126,3,3256.7,116,7,3256.8,74,4,3256.9,122,4,3257.0,72,5,3257.1,134,4
11536,2025-12-30 14:05:00+05:30,3256.6,1,3253.37,1424174,105986.0,132486.0,3250.0,3267.5,3239.8,3251.5,46816000,3576.6,2926.4,4322.95,2866.6,3256.0,16,3,3255.7,64,2,3255.6,10,1,3255.3,175,1,3255.2,24,2,3256.6,117,5,3256.7,58,4,3256.8,37,2,3256.9,168,5,3257.0,26,4
11536,2025-12-30 14:05:01+05:30,3256.6,2,3253.37,1424174,105986.0,132486.0,3250.0,3267.5,3239.8,3251.5,46816000,3576.6,2926.4,4322.95,2866.6,3256.0,16,3,3255.7,64,2,3255.6,10,1,3255.3,175,1,3255.2,24,2,3256.6,117,5,3256.7,58,4,3256.8,37,2,3256.9,168,5,3257.0,26,4
11536,2025-12-30 14:05:01+05:30,3256.6,5,3253.37,1424206,107722.0,132534.0,3250.0,3267.5,3239.8,3251.5,46816000,3576.6,2926.4,4322.95,2866.6,3256.0,88,2,3255.7,64,2,3255.6,10,1,3255.3,175,1,3255.2,24,2,3256.6,70,3,3256.7,54,3,3256.8,49,2,3256.9,152,5,3257.0,72,5
11536,2025-12-30 14:05:02+05:30,3256.6,5,3253.37,1424206,107722.0,132534.0,3250.0,3267.5,3239.8,3251.5,46816000,3576.6,2926.4,4322.95,2866.6,3256.0,88,2,3255.7,64,2,3255.6,10,1,3255.3,175,1,3255.2,24,2,3256.6,70,3,3256.7,54,3,3256.8,49,2,3256.9,152,5,3257.0,72,5
11536,2025-12-30 14:05:02+05:30,3256.5,7,3253.37,1425271,106166.0,132085.0,3250.0,3267.5,3239.8,3251.5,46816000,3576.6,2926.4,4322.95,2866.6,3255.3,169,1,3255.0,12,3,3254.8,30,2,3254.7,25,1,3254.6,22,3,3256.4,32,1,3256.5,133,5,3256.6,59,3,3256.7,10,1,3256.8,126,4
11536,2025-12-30 14:05:03+05:30,3256.5,7,3253.37,1425271,106166.0,132085.0,3250.0,3267.5,3239.8,3251.5,46816000,3576.6,2926.4,4322.95,2866.6,3255.3,169,1,3255.0,12,3,3254.8,30,2,3254.7,25,1,3254.6,22,3,3256.4,32,1,3256.5,133,5,3256.6,59,3,3256.7,10,1,3256.8,126,4
11536,2025-12-30 14:05:03+05:30,3256.5,7,3253.37,1425271,107074.0,132119.0,3250.0,3267.5,3239.8,3251.5,46816000,3576.6,2926.4,4322.95,2866.6,3255.7,24,2,3255.3,169,1,3255.1,22,1,3255.0,12,3,3254.9,175,1,3256.4,87,3,3256.5,45,2,3256.6,3,1,3256.8,129,4,3256.9,107,3
11536,2025-12-30 14:05:04+05:30,3256.4,1,3253.37,1425282,107053.0,132672.0,3250.0,3267.5,3239.8,3251.5,46816000,3576.6,2926.4,4322.95,2866.6,3255.7,24,2,3255.5,3,1,3255.3,169,1,3255.1,197,2,3255.0,13,4,3256.4,58,2,3256.5,36,2,3256.6,3,1,3256.8,98,3,3256.9,61,2
11536,2025-12-30 14:05:05+05:30,3256.4,1,3253.37,1425282,107053.0,132672.0,3250.0,3267.5,3239.8,3251.5,46816000,3576.6,2926.4,4322.95,2866.6,3255.7,24,2,3255.5,3,1,3255.3,169,1,3255.1,197,2,3255.0,13,4,3256.4,58,2,3256.5,36,2,3256.6,3,1,3256.8,98,3,3256.9,61,2
11536,2025-12-30 14:05:05+05:30,3255.7,1,3253.37,1425305,107124.0,132767.0,3250.0,3267.5,3239.8,3251.5,46816000,3576.6,2926.4,4322.95,2866.6,3255.7,23,2,3255.5,3,1,3255.3,169,1,3255.2,175,1,3255.1,22,1,3256.4,36,1,3256.5,3,1,3256.6,3,1,3256.8,77,2,3256.9,61,2
11536,2025-12-30 14:05:06+05:30,3256.4,1,3253.37,1425305,107124.0,132767.0,3250.0,3267.5,3239.8,3251.5,46816000,3576.6,2926.4,4322.95,2866.6,3255.7,23,2,3255.5,3,1,3255.3,169,1,3255.2,175,1,3255.1,22,1,3256.4,36,1,3256.5,3,1,3256.6,3,1,3256.8,77,2,3256.9,61,2
11536,2025-12-30 14:05:06+05:30,3256.4,1,3253.37,1425306,107166.0,132766.0,3250.0,3267.5,3239.8,3251.5,46816000,3576.6,2926.4,4322.95,2866.6,3255.7,23,2,3255.5,3,1,3255.3,169,1,3255.2,175,1,3255.1,22,1,3256.4,35,1,3256.5,3,1,3256.6,3,1,3256.8,77,2,3256.9,61,2
11536,2025-12-30 14:05:07+05:30,3256.4,4,3253.37,1425310,107425.0,132768.0,3250.0,3267.5,3239.8,3251.5,46816000,3576.6,2926.4,4322.95,2866.6,3255.7,23,2,3255.5,3,1,3255.3,169,1,3255.2,350,2,3255.1,22,1,3256.4,31,1,3256.5,3,1,3256.6,3,1,3256.8,42,1,3256.9,61,2
11536,2025-12-30 14:05:08+05:30,3256.4,4,3253.37,1425310,107425.0,132768.0,3250.0,3267.5,3239.8,3251.5,46816000,3576.6,2926.4,4322.95,2866.6,3255.7,23,2,3255.5,3,1,3255.3,169,1,3255.2,350,2,3255.1,22,1,3256.4,31,1,3256.5,3,1,3256.6,3,1,3256.8,42,1,3256.9,61,2
11536,2025-12-30 14:05:08+05:30,3256.4,4,3253.37,1425310,108126.0,130637.0,3250.0,3267.5,3239.8,3251.5,46816000,3576.6,2926.4,4322.95,2866.6,3255.7,23,2,3255.5,3,1,3255.3,194,2,3255.2,350,2,3255.1,22,1,3256.4,45,2,3256.5,35,2,3256.6,3,1,3256.8,42,1,3256.9,61,2
11536,2025-12-30 14:05:09+05:30,3256.4,4,3253.37,1425310,108346.0,131207.0,3250.0,3267.5,3239.8,3251.5,46816000,3576.6,2926.4,4322.95,2866.6,3255.7,32,3,3255.6,56,3,3255.5,50,3,3255.4,123,3,3255.3,389,4,3256.4,14,1,3257.0,43,5,3257.1,52,2,3257.2,37,2,3257.3,69,3
11536,2025-12-30 14:05:10+05:30,3256.4,1,3253.37,1425310,108346.0,131207.0,3250.0,3267.5,3239.8,3251.5,46816000,3576.6,2926.4,4322.95,2866.6,3255.7,32,3,3255.6,56,3,3255.5,50,3,3255.4,123,3,3255.3,389,4,3256.4,14,1,3257.0,43,5,3257.1,52,2,3257.2,37,2,3257.3,69,3
11536,2025-12-30 14:05:10+05:30,3255.7,1,3253.37,1425312,108356.0,131412.0,3250.0,3267.5,3239.8,3251.5,46816000,3576.6,2926.4,4322.95,2866.6,3255.7,22,2,3255.6,42,2,3255.5,3,1,3255.4,42,1,3255.3,389,4,3256.4,13,1,3257.0,22,4,3257.1,52,2,3257.2,67,3,3257.3,115,4
11536,2025-12-30 14:05:11+05:30,3255.7,1,3253.37,1425312,108356.0,131412.0,3250.0,3267.5,3239.8,3251.5,46816000,3576.6,2926.4,4322.95,2866.6,3255.7,22,2,3255.6,42,2,3255.5,3,1,3255.4,42,1,3255.3,389,4,3256.4,13,1,3257.0,22,4,3257.1,52,2,3257.2,67,3,3257.3,115,4
11536,2025-12-30 14:05:11+05:30,3256.4,2,3253.37,1425314,107131.0,131410.0,3250.0,3267.5,3239.8,3251.5,46816000,3576.6,2926.4,4322.95,2866.6,3255.7,22,2,3255.6,42,2,3255.5,3,1,3255.4,42,1,3255.3,389,4,3256.4,11,1,3257.0,22,4,3257.1,52,2,3257.2,67,3,3257.3,115,4
11536,2025-12-30 14:05:12+05:30,3256.4,2,3253.37,1425314,107131.0,131410.0,3250.0,3267.5,3239.8,3251.5,46816000,3576.6,2926.4,4322.95,2866.6,3255.7,22,2,3255.6,42,2,3255.5,3,1,3255.4,42,1,3255.3,389,4,3256.4,11,1,3257.0,22,4,3257.1,52,2,3257.2,67,3,3257.3,115,4
11536,2025-12-30 14:05:12+05:30,3257.1,85,3253.37,1425483,107570.0,129567.0,3250.0,3267.5,3239.8,3251.5,46816000,3576.6,2926.4,4322.95,2866.6,3255.9,175,1,3255.7,83,4,3255.6,21,1,3255.5,64,2,3255.4,46,2,3257.1,67,3,3257.2,91,4,3257.3,26,2,3257.4,125,4,3257.5,35,3
11536,2025-12-30 14:05:13+05:30,3256.9,1,3253.37,1425483,107570.0,129567.0,3250.0,3267.5,3239.8,3251.5,46816000,3576.6,2926.4,4322.95,2866.6,3255.9,175,1,3255.7,83,4,3255.6,21,1,3255.5,64,2,3255.4,46,2,3257.1,67,3,3257.2,91,4,3257.3,26,2,3257.4,125,4,3257.5,35,3
11536,2025-12-30 14:05:13+05:30,3255.9,1,3253.37,1425486,107603.0,131684.0,3250.0,3267.5,3239.8,3251.5,46816000,3576.6,2926.4,4322.95,2866.6,3256.0,2,1,3255.7,74,4,3255.6,8,1,3255.5,3,1,3255.4,20,1,3256.9,70,2,3257.0,13,2,3257.1,42,1,3257.2,55,2,3257.3,57,3
11536,2025-12-30 14:05:14+05:30,3255.9,1,3253.37,1425486,107603.0,131684.0,3250.0,3267.5,3239.8,3251.5,46816000,3576.6,2926.4,4322.95,2866.6,3256.0,2,1,3255.7,74,4,3255.6,8,1,3255.5,3,1,3255.4,20,1,3256.9,70,2,3257.0,13,2,3257.1,42,1,3257.2,55,2,3257.3,57,3
11536,2025-12-30 14:05:14+05:30,3256.9,7,3253.37,1425504,107827.0,131607.0,3250.0,3267.5,3239.8,3251.5,46816000,3576.6,2926.4,4322.95,2866.6,3256.0,2,1,3255.7,74,4,3255.6,8,1,3255.5,3,1,3255.4,20,1,3256.9,62,3,3257.0,3,1,3257.1,42,1,3257.2,55,2,3257.3,57,3
11536,2025-12-30 14:05:15+05:30,3256.9,1,3253.37,1425504,107827.0,131607.0,3250.0,3267.5,3239.8,3251.5,46816000,3576.6,2926.4,4322.95,2866.6,3256.0,2,1,3255.7,74,4,3255.6,8,1,3255.5,3,1,3255.4,20,1,3256.9,62,3,3257.0,3,1,3257.1,42,1,3257.2,55,2,3257.3,57,3
11536,2025-12-30 14:05:15+05:30,3256.9,1,3253.37,1425505,107837.0,131772.0,3250.0,3267.5,3239.8,3251.5,46816000,3576.6,2926.4,4322.95,2866.6,3256.0,2,1,3255.7,74,4,3255.6,8,1,3255.5,3,1,3255.4,20,1,3256.9,61,3,3257.0,3,1,3257.1,42,1,3257.2,55,2,3257.3,57,3
11536,2025-12-30 14:05:16+05:30,3256.9,1,3253.37,1425505,107837.0,131772.0,3250.0,3267.5,3239.8,3251.5,46816000,3576.6,2926.4,4322.95,2866.6,3256.0,2,1,3255.7,74,4,3255.6,8,1,3255.5,3,1,3255.4,20,1,3256.9,61,3,3257.0,3,1,3257.1,42,1,3257.2,55,2,3257.3,57,3
11536,2025-12-30 14:05:16+05:30,3256.4,1,3253.37,1425507,95043.0,118841.0,3250.0,3267.5,3239.8,3251.5,46816000,3576.6,2926.4,4322.95,2866.6,3256.4,7,2,3256.0,2,1,3255.7,74,4,3255.5,3,1,3255.4,20,1,3256.9,60,3,3257.0,33,2,3257.1,42,1,3257.2,85,3,3257.3,47,2
11536,2025-12-30 14:05:17+05:30,3256.4,1,3253.37,1425507,95043.0,118841.0,3250.0,3267.5,3239.8,3251.5,46816000,3576.6,2926.4,4322.95,2866.6,3256.4,7,2,3256.0,2,1,3255.7,74,4,3255.5,3,1,3255.4,20,1,3256.9,60,3,3257.0,33,2,3257.1,42,1,3257.2,85,3,3257.3,47,2
11536,2025-12-30 14:05:17+05:30,3255.4,169,3253.37,1426566,95001.0,118532.0,3250.0,3267.5,3239.8,3251.5,46816000,3576.6,2926.4,4322.95,2866.6,3256.4,1,1,3256.0,5,1,3255.4,19,3,3255.3,202,4,3255.2,289,4,3256.7,50,2,3256.8,38,1,3256.9,56,3,3257.1,42,1,3257.3,47,2
11536,2025-12-30 14:05:18+05:30,3255.4,169,3253.37,1426566,95001.0,118532.0,3250.0,3267.5,3239.8,3251.5,46816000,3576.6,2926.4,4322.95,2866.6,3256.4,1,1,3256.0,5,1,3255.4,19,3,3255.3,202,4,3255.2,289,4,3256.7,50,2,3256.8,38,1,3256.9,56,3,3257.1,42,1,3257.3,47,2
11536,2025-12-30 14:05:18+05:30,3257.3,16,3253.38,1426754,95487.0,118073.0,3250.0,3267.5,3239.8,3251.5,46816000,3576.6,2926.4,4322.95,2866.6,3256.4,45,2,3256.0,5,1,3255.7,3,1,3255.6,21,1,3255.5,64,2,3257.2,74,3,3257.3,63,3,3257.4,115,4,3257.5,32,2,3257.6,105,5
11536,2025-12-30 14:05:19+05:30,3257.3,16,3253.38,1426754,95487.0,118073.0,3250.0,3267.5,3239.8,3251.5,46816000,3576.6,2926.4,4322.95,2866.6,3256.4,45,2,3256.0,5,1,3255.7,3,1,3255.6,21,1,3255.5,64,2,3257.2,74,3,3257.3,63,3,3257.4,115,4,3257.5,32,2,3257.6,105,5
11536,2025-12-30 14:05:19+05:30,3257.3,16,3253.38,1426754,95577.0,116892.0,3250.0,3267.5,3239.8,3251.5,46816000,3576.6,2926.4,4322.95,2866.6,3256.4,45,2,3256.0,6,2,3255.7,3,1,3255.6,21,1,3255.5,64,2,3257.1,47,2,3257.2,64,2,3257.3,25,2,3257.4,145,5,3257.5,32,2
11536,2025-12-30 14:05:20+05:30,3257.3,16,3253.38,1426754,95569.0,116961.0,3250.0,3267.5,3239.8,3251.5,46816000,3576.6,2926.4,4322.95,2866.6,3256.4,47,3,3256.1,175,1,3256.0,6,2,3255.7,3,1,3255.6,21,1,3257.1,62,3,3257.2,74,3,3257.4,129,5,3257.5,78,3,3257.6,98,5
11536,2025-12-30 14:05:21+05:30,3257.1,1,3253.38,1426754,95569.0,116961.0,3250.0,3267.5,3239.8,3251.5,46816000,3576.6,2926.4,4322.95,2866.6,3256.4,47,3,3256.1,175,1,3256.0,6,2,3255.7,3,1,3255.6,21,1,3257.1,62,3,3257.2,74,3,3257.4,129,5,3257.5,78,3,3257.6,98,5
11536,2025-12-30 14:05:21+05:30,3257.1,1,3253.38,1426755,94168.0,117594.0,3250.0,3267.5,3239.8,3251.5,46816000,3576.6,2926.4,4322.95,2866.6,3256.5,3,1,3256.4,47,3,3256.1,175,1,3256.0,6,2,3255.8,24,1,3257.1,82,3,3257.2,36,2,3257.4,45,2,3257.5,28,2,3257.6,66,4
11536,2025-12-30 14:05:22+05:30,3257.5,2,3253.38,1426755,94168.0,117594.0,3250.0,3267.5,3239.8,3251.5,46816000,3576.6,2926.4,4322.95,2866.6,3256.5,3,1,3256.4,47,3,3256.1,175,1,3256.0,6,2,3255.8,24,1,3257.1,82,3,3257.2,36,2,3257.4,45,2,3257.5,28,2,3257.6,66,4
11536,2025-12-30 14:05:22+05:30,3257.3,2,3253.38,1426940,94289.0,117761.0,3250.0,3267.5,3239.8,3251.5,46816000,3576.6,2926.4,4322.95,2866.6,3256.5,2,1,3256.4,46,2,3256.1,175,1,3256.0,6,2,3255.8,3,1,3257.3,81,3,3257.4,10,1,3257.5,45,3,3257.6,96,5,3257.7,10,1
11536,2025-12-30 14:05:23+05:30,3257.3,2,3253.38,1426940,94289.0,117761.0,3250.0,3267.5,3239.8,3251.5,46816000,3576.6,2926.4,4322.95,2866.6,3256.5,2,1,3256.4,46,2,3256.1,175,1,3256.0,6,2,3255.8,3,1,3257.3,81,3,3257.4,10,1,3257.5,45,3,3257.6,96,5,3257.7,10,1
11536,2025-12-30 14:05:23+05:30,3257.3,5,3253.38,1426958,94558.0,117633.0,3250.0,3267.5,3239.8,3251.5,46816000,3576.6,2926.4,4322.95,2866.6,3256.5,2,1,3256.4,46,2,3256.1,195,2,3256.0,6,2,3255.8,3,1,3257.3,81,3,3257.4,82,3,3257.5,45,3,3257.6,136,6,3257.7,74,3
11536,2025-12-30 14:05:24+05:30,3257.3,1,3253.38,1426958,94558.0,117633.0,3250.0,3267.5,3239.8,3251.5,46816000,3576.6,2926.4,4322.95,2866.6,3256.5,2,1,3256.4,46,2,3256.1,195,2,3256.0,6,2,3255.8,3,1,3257.3,81,3,3257.4,82,3,3257.5,45,3,3257.6,136,6,3257.7,74,3
11536,2025-12-30 14:05:24+05:30,3257.1,100,3253.38,1427060,94344.0,118069.0,3250.0,3267.5,3239.8,3251.5,46816000,3576.6,2926.4,4322.95,2866.6,3256.5,48,2,3256.4,46,2,3256.1,195,2,3256.0,1,1,3255.7,4,1,3257.2,117,5,3257.3,44,3,3257.4,17,1,3257.5,43,2,3257.6,74,4
11536,2025-12-30 14:05:25+05:30,3257.2,1,3253.38,1427060,94344.0,118069.0,3250.0,3267.5,3239.8,3251.5,46816000,3576.6,2926.4,4322.95,2866.6,3256.5,48,2,3256.4,46,2,3256.1,195,2,3256.0,1,1,3255.7,4,1,3257.2,117,5,3257.3,44,3,3257.4,17,1,3257.5,43,2,3257.6,74,4
11536,2025-12-30 14:05:25+05:30,3257.2,1,3253.38,1427062,94353.0,118136.0,3250.0,3267.5,3239.8,3251.5,46816000,3576.6,2926.4,4322.95,2866.6,3256.5,48,2,3256.4,46,2,3256.1,195,2,3256.0,1,1,3255.7,4,1,3257.2,115,5,3257.3,44,3,3257.4,51,2,3257.5,89,3,3257.6,91,5
11536,2025-12-30 14:05:26+05:30,3257.2,1,3253.38,1427062,94353.0,118136.0,3250.0,3267.5,3239.8,3251.5,46816000,3576.6,2926.4,4322.95,2866.6,3256.5,48,2,3256.4,46,2,3256.1,195,2,3256.0,1,1,3255.7,4,1,3257.2,115,5,3257.3,44,3,3257.4,51,2,3257.5,89,3,3257.6,91,5
11536,2025-12-30 14:05:26+05:30,3257.2,1,3253.38,1427062,94476.0,118148.0,3250.0,3267.5,3239.8,3251.5,46816000,3576.6,2926.4,4322.95,2866.6,3256.5,48,2,3256.4,46,2,3256.1,195,2,3256.0,2,2,3255.7,4,1,3257.2,115,5,3257.3,44,3,3257.4,51,2,3257.5,43,2,3257.6,137,6
11536,2025-12-30 14:05:27+05:30,3256.5,1,3253.38,1427069,94476.0,118170.0,3250.0,3267.5,3239.8,3251.5,46816000,3576.6,2926.4,4322.95,2866.6,3256.5,47,2,3256.4,46,2,3256.1,195,2,3256.0,2,2,3255.7,4,1,3257.2,96,4,3257.3,10,1,3257.4,51,2,3257.5,56,2,3257.6,137,6
11536,2025-12-30 14:05:28+05:30,3256.5,2,3253.38,1427069,94476.0,118170.0,3250.0,3267.5,3239.8,3251.5,46816000,3576.6,2926.4,4322.95,2866.6,3256.5,47,2,3256.4,46,2,3256.1,195,2,3256.0,2,2,3255.7,4,1,3257.2,96,4,3257.3,10,1,3257.4,51,2,3257.5,56,2,3257.6,137,6
11536,2025-12-30 14:05:28+05:30,3256.5,2,3253.38,1427072,94238.0,118464.0,3250.0,3267.5,3239.8,3251.5,46816000,3576.6,2926.4,4322.95,2866.6,3256.5,45,2,3256.4,46,2,3256.1,195,2,3256.0,2,2,3255.7,4,1,3257.2,47,2,3257.3,31,1,3257.4,51,2,3257.5,24,1,3257.6,91,5
11536,2025-12-30 14:05:29+05:30,3256.5,2,3253.38,1427072,94405.0,118780.0,3250.0,3267.5,3239.8,3251.5,46816000,3576.6,2926.4,4322.95,2866.6,3256.5,45,2,3256.4,46,2,3256.1,195,2,3256.0,2,2,3255.7,4,1,3256.8,30,1,3257.2,47,2,3257.3,31,1,3257.4,51,2,3257.5,131,3
11536,2025-12-30 14:05:30+05:30,3256.5,2,3253.38,1427072,94377.0,118847.0,3250.0,3267.5,3239.8,3251.5,46816000,3576.6,2926.4,4322.95,2866.6,3256.5,45,2,3256.4,46,2,3256.1,195,2,3256.0,2,2,3255.7,4,1,3256.8,30,1,3256.9,31,1,3257.0,36,1,3257.1,30,1,3257.2,38,3
11536,2025-12-30 14:05:31+05:30,3256.8,1,3253.38,1427072,94377.0,118847.0,3250.0,3267.5,3239.8,3251.5,46816000,3576.6,2926.4,4322.95,2866.6,3256.5,45,2,3256.4,46,2,3256.1,195,2,3256.0,2,2,3255.7,4,1,3256.8,30,1,3256.9,31,1,3257.0,36,1,3257.1,30,1,3257.2,38,3
11536,2025-12-30 14:05:31+05:30,3256.8,2,3253.38,1427075,94381.0,118911.0,3250.0,3267.5,3239.8,3251.5,46816000,3576.6,2926.4,4322.95,2866.6,3256.5,45,2,3256.4,46,2,3256.1,195,2,3256.0,2,2,3255.7,4,1,3256.8,27,1,3256.9,31,1,3257.0,36,1,3257.1,30,1,3257.2,15,2
11536,2025-12-30 14:05:32+05:30,3256.8,2,3253.38,1427075,94381.0,118911.0,3250.0,3267.5,3239.8,3251.5,46816000,3576.6,2926.4,4322.95,2866.6,3256.5,45,2,3256.4,46,2,3256.1,195,2,3256.0,2,2,3255.7,4,1,3256.8,27,1,3256.9,31,1,3257.0,36,1,3257.1,30,1,3257.2,15,2
11536,2025-12-30 14:05:32+05:30,3255.7,106,3253.38,1427935,93849.0,119780.0,3250.0,3267.5,3239.8,3251.5,46816000,3576.6,2926.4,4322.95,2866.6,3255.4,109,4,3255.3,223,4,3255.2,18,2,3255.1,62,4,3255.0,107,11,3255.5,30,1,3255.7,106,1,3256.6,24,2,3256.8,22,1,3256.9,64,2
11536,2025-12-30 14:05:33+05:30,3255.5,30,3253.38,1427935,93849.0,119780.0,3250.0,3267.5,3239.8,3251.5,46816000,3576.6,2926.4,4322.95,2866.6,3255.4,109,4,3255.3,223,4,3255.2,18,2,3255.1,62,4,3255.0,107,11,3255.5,30,1,3255.7,106,1,3256.6,24,2,3256.8,22,1,3256.9,64,2
11536,2025-12-30 14:05:33+05:30,3255.4,1,3253.38,1427967,94457.0,119686.0,3250.0,3267.5,3239.8,3251.5,46816000,3576.6,2926.4,4322.95,2866.6,3255.4,154,6,3255.3,223,4,3255.2,18,2,3255.1,39,3,3255.0,82,10,3255.7,105,1,3256.6,21,1,3256.8,64,2,3256.9,3,1,3257.0,213,3
11536,2025-12-30 14:05:34+05:30,3255.7,50,3253.38,1427967,94457.0,119686.0,3250.0,3267.5,3239.8,3251.5,46816000,3576.6,2926.4,4322.95,2866.6,3255.4,154,6,3255.3,223,4,3255.2,18,2,3255.1,39,3,3255.0,82,10,3255.7,105,1,3256.6,21,1,3256.8,64,2,3256.9,3,1,3257.0,213,3
11536,2025-12-30 14:05:34+05:30,3255.7,50,3253.38,1428021,94445.0,118142.0,3250.0,3267.5,3239.8,3251.5,46816000,3576.6,2926.4,4322.95,2866.6,3255.4,150,6,3255.3,223,4,3255.2,18,2,3255.1,39,3,3255.0,82,10,3255.7,60,2,3256.6,21,1,3256.8,64,2,3256.9,3,1,3257.0,213,3
11536,2025-12-30 14:05:35+05:30,3255.7,2,3253.38,1428021,94445.0,118142.0,3250.0,3267.5,3239.8,3251.5,46816000,3576.6,2926.4,4322.95,2866.6,3255.4,150,6,3255.3,223,4,3255.2,18,2,3255.1,39,3,3255.0,82,10,3255.7,60,2,3256.6,21,1,3256.8,64,2,3256.9,3,1,3257.0,213,3
11536,2025-12-30 14:05:35+05:30,3255.3,6,3253.38,1428195,94047.0,119725.0,3250.0,3267.5,3239.8,3251.5,46816000,3576.6,2926.4,4322.95,2866.6,3255.3,24,2,3255.2,18,2,3255.1,208,4,3255.0,16,7,3254.8,20,2,3255.4,45,1,3255.7,53,3,3256.3,3,1,3256.4,22,1,3256.5,42,2
11536,2025-12-30 14:05:36+05:30,3255.7,8,3253.38,1428195,94047.0,119725.0,3250.0,3267.5,3239.8,3251.5,46816000,3576.6,2926.4,4322.95,2866.6,3255.3,24,2,3255.2,18,2,3255.1,208,4,3255.0,16,7,3254.8,20,2,3255.4,45,1,3255.7,53,3,3256.3,3,1,3256.4,22,1,3256.5,42,2
11536,2025-12-30 14:05:36+05:30,3255.7,8,3253.38,1428195,94047.0,119725.0,3250.0,3267.5,3239.8,3251.5,46816000,3576.6,2926.4,4322.95,2866.6,3255.3,24,2,3255.2,18,2,3255.1,208,4,3255.0,16,7,3254.8,20,2,3255.4,45,1,3255.7,53,3,3256.3,3,1,3256.4,22,1,3256.5,42,2
11536,2025-12-30 14:05:36+05:30,3255.7,8,3253.38,1428299,94157.0,118601.0,3250.0,3267.5,3239.8,3251.5,46816000,3576.6,2926.4,4322.95,2866.6,3255.3,35,4,3255.2,75,4,3255.1,208,4,3255.0,16,7,3254.8,56,3,3255.5,15,1,3255.7,11,2,3256.3,3,1,3256.4,22,1,3256.5,45,3
11536,2025-12-30 14:05:37+05:30,3255.7,8,3253.38,1428299,94157.0,118601.0,3250.0,3267.5,3239.8,3251.5,46816000,3576.6,2926.4,4322.95,2866.6,3255.3,35,4,3255.2,75,4,3255.1,208,4,3255.0,16,7,3254.8,56,3,3255.5,15,1,3255.7,11,2,3256.3,3,1,3256.4,22,1,3256.5,45,3
11536,2025-12-30 14:05:37+05:30,3255.5,4,3253.38,1428303,93979.0,119859.0,3250.0,3267.5,3239.8,3251.5,46816000,3576.6,2926.4,4322.95,2866.6,3255.3,35,4,3255.2,44,3,3255.1,208,4,3255.0,39,9,3254.9,31,1,3255.5,11,1,3255.7,11,2,3256.4,22,1,3256.5,42,2,3256.6,63,2
11536,2025-12-30 14:05:38+05:30,3255.5,4,3253.38,1428303,93979.0,119859.0,3250.0,3267.5,3239.8,3251.5,46816000,3576.6,2926.4,4322.95,2866.6,3255.3,35,4,3255.2,44,3,3255.1,208,4,3255.0,39,9,3254.9,31,1,3255.5,11,1,3255.7,11,2,3256.4,22,1,3256.5,42,2,3256.6,63,2
11536,2025-12-30 14:05:38+05:30,3255.5,6,3253.38,1428320,94303.0,118607.0,3250.0,3267.5,3239.8,3251.5,46816000,3576.6,2926.4,4322.95,2866.6,3255.6,158,1,3255.3,35,4,3255.2,18,2,3255.1,66,4,3255.0,17,8,3255.7,5,1,3256.4,42,1,3256.5,3,1,3256.6,73,3,3256.7,28,1
11536,2025-12-30 14:05:39+05:30,3255.5,6,3253.38,1428320,94303.0,118607.0,3250.0,3267.5,3239.8,3251.5,46816000,3576.6,2926.4,4322.95,2866.6,3255.6,158,1,3255.3,35,4,3255.2,18,2,3255.1,66,4,3255.0,17,8,3255.7,5,1,3256.4,42,1,3256.5,3,1,3256.6,73,3,3256.7,28,1
11536,2025-12-30 14:05:39+05:30,3255.5,6,3253.38,1428320,94303.0,118607.0,3250.0,3267.5,3239.8,3251.5,46816000,3576.6,2926.4,4322.95,2866.6,3255.6,158,1,3255.3,35,4,3255.2,18,2,3255.1,66,4,3255.0,17,8,3255.7,5,1,3256.4,42,1,3256.5,3,1,3256.6,73,3,3256.7,28,1
11536,2025-12-30 14:05:39+05:30,3255.6,1,3253.38,1428321,94335.0,119294.0,3250.0,3267.5,3239.8,3251.5,46816000,3576.6,2926.4,4322.95,2866.6,3255.6,203,2,3255.4,26,1,3255.3,66,5,3255.2,18,2,3255.1,13,2,3255.7,5,1,3256.5,3,1,3256.6,31,2,3256.7,28,1,3256.8,175,6
11536,2025-12-30 14:05:39+05:30,3255.6,1,3253.38,1428321,94335.0,119294.0,3250.0,3267.5,3239.8,3251.5,46816000,3576.6,2926.4,4322.95,2866.6,3255.6,203,2,3255.4,26,1,3255.3,66,5,3255.2,18,2,3255.1,13,2,3255.7,5,1,3256.5,3,1,3256.6,31,2,3256.7,28,1,3256.8,175,6
11536,2025-12-30 14:05:40+05:30,3255.6,1,3253.38,1428321,94335.0,119294.0,3250.0,3267.5,3239.8,3251.5,46816000,3576.6,2926.4,4322.95,2866.6,3255.6,203,2,3255.4,26,1,3255.3,66,5,3255.2,18,2,3255.1,13,2,3255.7,5,1,3256.5,3,1,3256.6,31,2,3256.7,28,1,3256.8,175,6
11536,2025-12-30 14:05:40+05:30,3255.6,1,3253.38,1428321,94789.0,119758.0,3250.0,3267.5,3239.8,3251.5,46816000,3576.6,2926.4,4322.95,2866.6,3255.6,203,2,3255.3,66,5,3255.2,18,2,3255.1,13,2,3255.0,267,13,3256.0,123,1,3256.5,8,2,3256.7,93,3,3256.8,62,3,3256.9,12,2
11536,2025-12-30 14:05:40+05:30,3255.6,1,3253.38,1428321,94789.0,119758.0,3250.0,3267.5,3239.8,3251.5,46816000,3576.6,2926.4,4322.95,2866.6,3255.6,203,2,3255.3,66,5,3255.2,18,2,3255.1,13,2,3255.0,267,13,3256.0,123,1,3256.5,8,2,3256.7,93,3,3256.8,62,3,3256.9,12,2
11536,2025-12-30 14:05:41+05:30,3255.6,1,3253.38,1428321,94789.0,119758.0,3250.0,3267.5,3239.8,3251.5,46816000,3576.6,2926.4,4322.95,2866.6,3255.6,203,2,3255.3,66,5,3255.2,18,2,3255.1,13,2,3255.0,267,13,3256.0,123,1,3256.5,8,2,3256.7,93,3,3256.8,62,3,3256.9,12,2
11536,2025-12-30 14:05:41+05:30,3256.0,3,3253.38,1428326,94776.0,119996.0,3250.0,3267.5,3239.8,3251.5,46816000,3576.6,2926.4,4322.95,2866.6,3255.7,3,3,3255.6,203,2,3255.3,55,4,3255.2,18,2,3255.1,77,4,3256.0,118,1,3256.5,59,4,3256.6,62,2,3256.7,28,1,3256.8,75,3
11536,2025-12-30 14:05:42+05:30,3256.0,1,3253.38,1428326,94776.0,119996.0,3250.0,3267.5,3239.8,3251.5,46816000,3576.6,2926.4,4322.95,2866.6,3255.7,3,3,3255.6,203,2,3255.3,55,4,3255.2,18,2,3255.1,77,4,3256.0,118,1,3256.5,59,4,3256.6,62,2,3256.7,28,1,3256.8,75,3
11536,2025-12-30 14:05:42+05:30,3256.0,1,3253.38,1428333,94779.0,120034.0,3250.0,3267.5,3239.8,3251.5,46816000,3576.6,2926.4,4322.95,2866.6,3255.7,3,3,3255.6,203,2,3255.5,2,1,3255.3,25,3,3255.2,18,2,3256.0,113,1,3256.5,43,3,3256.6,42,1,3256.7,28,1,3256.8,99,4
11536,2025-12-30 14:05:43+05:30,3256.0,1,3253.38,1428333,94779.0,120034.0,3250.0,3267.5,3239.8,3251.5,46816000,3576.6,2926.4,4322.95,2866.6,3255.7,3,3,3255.6,203,2,3255.5,2,1,3255.3,25,3,3255.2,18,2,3256.0,113,1,3256.5,43,3,3256.6,42,1,3256.7,28,1,3256.8,99,4
11536,2025-12-30 14:05:43+05:30,3255.7,1,3253.38,1428333,94779.0,120034.0,3250.0,3267.5,3239.8,3251.5,46816000,3576.6,2926.4,4322.95,2866.6,3255.7,3,3,3255.6,203,2,3255.5,2,1,3255.3,25,3,3255.2,18,2,3256.0,113,1,3256.5,43,3,3256.6,42,1,3256.7,28,1,3256.8,99,4
11536,2025-12-30 14:05:43+05:30,3256.0,1,3253.38,1428336,94763.0,119996.0,3250.0,3267.5,3239.8,3251.5,46816000,3576.6,2926.4,4322.95,2866.6,3255.7,54,4,3255.6,203,2,3255.5,2,1,3255.3,25,3,3255.2,71,4,3256.0,111,1,3256.5,43,3,3256.6,42,1,3256.7,28,1,3256.8,75,3
11536,2025-12-30 14:05:44+05:30,3256.0,1,3253.38,1428336,94763.0,119996.0,3250.0,3267.5,3239.8,3251.5,46816000,3576.6,2926.4,4322.95,2866.6,3255.7,54,4,3255.6,203,2,3255.5,2,1,3255.3,25,3,3255.2,71,4,3256.0,111,1,3256.5,43,3,3256.6,42,1,3256.7,28,1,3256.8,75,3
11536,2025-12-30 14:05:44+05:30,3256.0,1,3253.38,1428336,94763.0,119996.0,3250.0,3267.5,3239.8,3251.5,46816000,3576.6,2926.4,4322.95,2866.6,3255.7,54,4,3255.6,203,2,3255.5,2,1,3255.3,25,3,3255.2,71,4,3256.0,111,1,3256.5,43,3,3256.6,42,1,3256.7,28,1,3256.8,75,3
11536,2025-12-30 14:05:44+05:30,3255.8,1,3253.38,1428345,94443.0,119584.0,3250.0,3267.5,3239.8,3251.5,46816000,3576.6,2926.4,4322.95,2866.6,3255.7,50,4,3255.6,203,2,3255.5,2,1,3255.3,25,3,3255.2,18,2,3255.8,122,1,3256.0,5,1,3256.5,63,3,3256.6,42,1,3256.7,28,1
11536,2025-12-30 14:05:45+05:30,3255.8,1,3253.38,1428345,94443.0,119584.0,3250.0,3267.5,3239.8,3251.5,46816000,3576.6,2926.4,4322.95,2866.6,3255.7,50,4,3255.6,203,2,3255.5,2,1,3255.3,25,3,3255.2,18,2,3255.8,122,1,3256.0,5,1,3256.5,63,3,3256.6,42,1,3256.7,28,1
11536,2025-12-30 14:05:45+05:30,3255.8,1,3253.38,1428345,94443.0,119584.0,3250.0,3267.5,3239.8,3251.5,46816000,3576.6,2926.4,4322.95,2866.6,3255.7,50,4,3255.6,203,2,3255.5,2,1,3255.3,25,3,3255.2,18,2,3255.8,122,1,3256.0,5,1,3256.5,63,3,3256.6,42,1,3256.7,28,1
11536,2025-12-30 14:05:45+05:30,3255.8,1,3253.38,1428345,94443.0,119584.0,3250.0,3267.5,3239.8,3251.5,46816000,3576.6,2926.4,4322.95,2866.6,3255.7,50,4,3255.6,203,2,3255.5,2,1,3255.3,25,3,3255.2,18,2,3255.8,122,1,3256.0,5,1,3256.5,63,3,3256.6,42,1,3256.7,28,1
11536,2025-12-30 14:05:46+05:30,3255.8,1,3253.38,1428348,94453.0,119588.0,3250.0,3267.5,3239.8,3251.5,46816000,3576.6,2926.4,4322.95,2866.6,3255.7,50,4,3255.6,203,2,3255.5,2,1,3255.3,25,3,3255.2,18,2,3255.8,119,1,3256.0,5,1,3256.5,63,3,3256.6,42,1,3256.7,28,1
11536,2025-12-30 14:05:46+05:30,3255.8,1,3253.38,1428348,94453.0,119588.0,3250.0,3267.5,3239.8,3251.5,46816000,3576.6,2926.4,4322.95,2866.6,3255.7,50,4,3255.6,203,2,3255.5,2,1,3255.3,25,3,3255.2,18,2,3255.8,119,1,3256.0,5,1,3256.5,63,3,3256.6,42,1,3256.7,28,1
11536,2025-12-30 14:05:46+05:30,3255.8,1,3253.38,1428348,94453.0,119588.0,3250.0,3267.5,3239.8,3251.5,46816000,3576.6,2926.4,4322.95,2866.6,3255.7,50,4,3255.6,203,2,3255.5,2,1,3255.3,25,3,3255.2,18,2,3255.8,119,1,3256.0,5,1,3256.5,63,3,3256.6,42,1,3256.7,28,1
11536,2025-12-30 14:05:47+05:30,3255.8,1,3253.38,1428363,94634.0,119728.0,3250.0,3267.5,3239.8,3251.5,46816000,3576.6,2926.4,4322.95,2866.6,3255.7,47,1,3255.6,203,2,3255.5,2,1,3255.3,35,4,3255.2,18,2,3255.8,138,2,3256.0,5,1,3256.4,35,1,3256.5,28,2,3256.6,42,1
11536,2025-12-30 14:05:47+05:30,3255.8,1,3253.38,1428363,94634.0,119728.0,3250.0,3267.5,3239.8,3251.5,46816000,3576.6,2926.4,4322.95,2866.6,3255.7,47,1,3255.6,203,2,3255.5,2,1,3255.3,35,4,3255.2,18,2,3255.8,138,2,3256.0,5,1,3256.4,35,1,3256.5,28,2,3256.6,42,1
11536,2025-12-30 14:05:47+05:30,3255.8,1,3253.38,1428363,94634.0,119728.0,3250.0,3267.5,3239.8,3251.5,46816000,3576.6,2926.4,4322.95,2866.6,3255.7,47,1,3255.6,203,2,3255.5,2,1,3255.3,35,4,3255.2,18,2,3255.8,138,2,3256.0,5,1,3256.4,35,1,3256.5,28,2,3256.6,42,1
11536,2025-12-30 14:05:48+05:30,3255.6,3,3253.38,1429549,93920.0,120337.0,3250.0,3267.5,3239.8,3251.5,46816000,3576.6,2926.4,4322.95,2866.6,3255.2,112,1,3255.1,39,3,3255.0,48,10,3254.9,45,2,3254.8,74,3,3255.6,119,1,3255.8,48,2,3256.0,5,1,3256.4,89,4,3256.5,28,2
11536,2025-12-30 14:05:48+05:30,3255.6,3,3253.38,1429549,93920.0,120337.0,3250.0,3267.5,3239.8,3251.5,46816000,3576.6,2926.4,4322.95,2866.6,3255.2,112,1,3255.1,39,3,3255.0,48,10,3254.9,45,2,3254.8,74,3,3255.6,119,1,3255.8,48,2,3256.0,5,1,3256.4,89,4,3256.5,28,2
11536,2025-12-30 14:05:49+05:30,3255.6,3,3253.38,1429553,94267.0,120458.0,3250.0,3267.5,3239.8,3251.5,46816000,3576.6,2926.4,4322.95,2866.6,3255.2,179,3,3255.1,39,3,3255.0,48,10,3254.9,60,3,3254.8,226,4,3255.6,116,1,3255.8,48,2,3256.0,5,1,3256.4,69,3,3256.5,3,1
11536,2025-12-30 14:05:49+05:30,3255.6,3,3253.38,1429553,94267.0,120458.0,3250.0,3267.5,3239.8,3251.5,46816000,3576.6,2926.4,4322.95,2866.6,3255.2,179,3,3255.1,39,3,3255.0,48,10,3254.9,60,3,3254.8,226,4,3255.6,116,1,3255.8,48,2,3256.0,5,1,3256.4,69,3,3256.5,3,1
11536,2025-12-30 14:05:49+05:30,3255.6,3,3253.38,1429553,94267.0,120458.0,3250.0,3267.5,3239.8,3251.5,46816000,3576.6,2926.4,4322.95,2866.6,3255.2,179,3,3255.1,39,3,3255.0,48,10,3254.9,60,3,3254.8,226,4,3255.6,116,1,3255.8,48,2,3256.0,5,1,3256.4,69,3,3256.5,3,1
11536,2025-12-30 14:05:50+05:30,3255.6,4,3253.38,1429557,93990.0,120343.0,3250.0,3267.5,3239.8,3251.5,46816000,3576.6,2926.4,4322.95,2866.6,3255.2,179,3,3255.1,39,3,3255.0,223,11,3254.9,60,3,3254.8,51,3,3255.6,131,3,3255.8,34,1,3256.4,69,3,3256.5,3,1,3256.6,62,2
11536,2025-12-30 14:05:50+05:30,3255.2,40,3253.38,1429557,93990.0,120343.0,3250.0,3267.5,3239.8,3251.5,46816000,3576.6,2926.4,4322.95,2866.6,3255.2,179,3,3255.1,39,3,3255.0,223,11,3254.9,60,3,3254.8,51,3,3255.6,131,3,3255.8,34,1,3256.4,69,3,3256.5,3,1,3256.6,62,2
11536,2025-12-30 14:05:50+05:30,3255.2,40,3253.38,1429557,93990.0,120343.0,3250.0,3267.5,3239.8,3251.5,46816000,3576.6,2926.4,4322.95,2866.6,3255.2,179,3,3255.1,39,3,3255.0,223,11,3254.9,60,3,3254.8,51,3,3255.6,131,3,3255.8,34,1,3256.4,69,3,3256.5,3,1,3256.6,62,2
11536,2025-12-30 14:05:51+05:30,3255.2,1,3253.38,1429618,94094.0,119727.0,3250.0,3267.5,3239.8,3251.5,46816000,3576.6,2926.4,4322.95,2866.6,3255.3,175,1,3255.2,153,4,3255.1,10,2,3255.0,193,10,3254.9,70,5,3255.6,111,3,3255.8,34,1,3256.3,56,1,3256.4,52,2,3256.5,3,1
11536,2025-12-30 14:05:51+05:30,3255.2,1,3253.38,1429618,94094.0,119727.0,3250.0,3267.5,3239.8,3251.5,46816000,3576.6,2926.4,4322.95,2866.6,3255.3,175,1,3255.2,153,4,3255.1,10,2,3255.0,193,10,3254.9,70,5,3255.6,111,3,3255.8,34,1,3256.3,56,1,3256.4,52,2,3256.5,3,1
11536,2025-12-30 14:05:52+05:30,3255.8,29,3253.38,1429803,94333.0,118366.0,3250.0,3267.5,3239.8,3251.5,46816000,3576.6,2926.4,4322.95,2866.6,3255.3,175,1,3255.2,138,3,3255.1,39,3,3255.0,193,10,3254.9,75,5,3255.8,5,1,3256.5,23,2,3256.7,44,1,3256.8,118,5,3257.0,260,6
11536,2025-12-30 14:05:52+05:30,3255.8,29,3253.38,1429803,94333.0,118366.0,3250.0,3267.5,3239.8,3251.5,46816000,3576.6,2926.4,4322.95,2866.6,3255.3,175,1,3255.2,138,3,3255.1,39,3,3255.0,193,10,3254.9,75,5,3255.8,5,1,3256.5,23,2,3256.7,44,1,3256.8,118,5,3257.0,260,6
11536,2025-12-30 14:05:52+05:30,3255.8,29,3253.38,1429803,94333.0,118366.0,3250.0,3267.5,3239.8,3251.5,46816000,3576.6,2926.4,4322.95,2866.6,3255.3,175,1,3255.2,138,3,3255.1,39,3,3255.0,193,10,3254.9,75,5,3255.8,5,1,3256.5,23,2,3256.7,44,1,3256.8,118,5,3257.0,260,6
11536,2025-12-30 14:05:53+05:30,3255.8,29,3253.38,1429803,94419.0,119904.0,3250.0,3267.5,3239.8,3251.5,46816000,3576.6,2926.4,4322.95,2866.6,3255.3,243,3,3255.2,152,3,3255.1,10,2,3255.0,271,13,3254.9,41,4,3255.8,5,1,3256.5,23,2,3256.7,44,1,3256.8,118,5,3257.0,260,6
11536,2025-12-30 14:05:54+05:30,3255.8,29,3253.38,1429803,94391.0,119887.0,3250.0,3267.5,3239.8,3251.5,46816000,3576.6,2926.4,4322.95,2866.6,3255.3,253,4,3255.2,123,2,3255.1,39,3,3255.0,237,12,3254.9,79,5,3255.8,5,1,3256.5,23,2,3256.7,44,1,3256.8,118,5,3256.9,196,2
11536,2025-12-30 14:05:54+05:30,3255.8,29,3253.38,1429803,94391.0,119887.0,3250.0,3267.5,3239.8,3251.5,46816000,3576.6,2926.4,4322.95,2866.6,3255.3,253,4,3255.2,123,2,3255.1,39,3,3255.0,237,12,3254.9,79,5,3255.8,5,1,3256.5,23,2,3256.7,44,1,3256.8,118,5,3256.9,196,2
11536,2025-12-30 14:05:55+05:30,3255.8,1,3253.38,1429806,94438.0,120039.0,3250.0,3267.5,3239.8,3251.5,46816000,3576.6,2926.4,4322.95,2866.6,3255.3,77,3,3255.2,152,3,3255.1,185,3,3255.0,74,11,3254.9,28,3,3255.8,2,1,3256.5,65,3,3256.7,47,2,3256.8,118,5,3256.9,69,2
11536,2025-12-30 14:05:55+05:30,3255.8,1,3253.38,1429806,94438.0,120039.0,3250.0,3267.5,3239.8,3251.5,46816000,3576.6,2926.4,4322.95,2866.6,3255.3,77,3,3255.2,152,3,3255.1,185,3,3255.0,74,11,3254.9,28,3,3255.8,2,1,3256.5,65,3,3256.7,47,2,3256.8,118,5,3256.9,69,2
11536,2025-12-30 14:05:55+05:30,3255.8,1,3253.38,1429806,94438.0,120039.0,3250.0,3267.5,3239.8,3251.5,46887925,3576.6,2926.4,4322.95,2866.6,3255.3,77,3,3255.2,152,3,3255.1,185,3,3255.0,74,11,3254.9,28,3,3255.8,2,1,3256.5,65,3,3256.7,47,2,3256.8,118,5,3256.9,69,2
11536,2025-12-30 14:05:56+05:30,3255.8,1,3253.38,1429806,94417.0,119076.0,3250.0,3267.5,3239.8,3251.5,46887925,3576.6,2926.4,4322.95,2866.6,3255.3,121,5,3255.2,123,2,3255.1,219,4,3255.0,62,11,3254.9,5,2,3255.8,2,1,3256.5,65,3,3256.7,47,2,3256.8,118,5,3256.9,69,2
11536,2025-12-30 14:05:57+05:30,3255.3,1,3253.38,1429807,94174.0,119268.0,3250.0,3267.5,3239.8,3251.5,46887925,3576.6,2926.4,4322.95,2866.6,3255.3,106,4,3255.2,152,3,3255.1,44,3,3255.0,40,10,3254.9,204,4,3255.8,2,1,3256.5,65,3,3256.7,47,2,3256.8,164,7,3256.9,69,2
11536,2025-12-30 14:05:57+05:30,3255.3,1,3253.38,1429807,94174.0,119268.0,3250.0,3267.5,3239.8,3251.5,46887925,3576.6,2926.4,4322.95,2866.6,3255.3,106,4,3255.2,152,3,3255.1,44,3,3255.0,40,10,3254.9,204,4,3255.8,2,1,3256.5,65,3,3256.7,47,2,3256.8,164,7,3256.9,69,2
11536,2025-12-30 14:05:57+05:30,3255.3,1,3253.38,1429807,94174.0,119268.0,3250.0,3267.5,3239.8,3251.5,46887925,3576.6,2926.4,4322.95,2866.6,3255.3,106,4,3255.2,152,3,3255.1,44,3,3255.0,40,10,3254.9,204,4,3255.8,2,1,3256.5,65,3,3256.7,47,2,3256.8,164,7,3256.9,69,2
11536,2025-12-30 14:05:58+05:30,3255.3,2,3253.38,1429882,94605.0,119311.0,3250.0,3267.5,3239.8,3251.5,46887925,3576.6,2926.4,4322.95,2866.6,3255.3,104,4,3255.2,262,3,3255.1,71,3,3255.0,40,10,3254.9,204,4,3255.9,120,1,3256.7,25,1,3256.8,64,2,3256.9,79,3,3257.0,55,3
11536,2025-12-30 14:05:58+05:30,3255.3,2,3253.38,1429882,94605.0,119311.0,3250.0,3267.5,3239.8,3251.5,46887925,3576.6,2926.4,4322.95,2866.6,3255.3,104,4,3255.2,262,3,3255.1,71,3,3255.0,40,10,3254.9,204,4,3255.9,120,1,3256.7,25,1,3256.8,64,2,3256.9,79,3,3257.0,55,3
11536,2025-12-30 14:05:59+05:30,3255.3,2,3253.38,1429882,94492.0,119320.0,3250.0,3267.5,3239.8,3251.5,46887925,3576.6,2926.4,4322.95,2866.6,3255.3,104,4,3255.2,262,3,3255.1,10,2,3255.0,40,10,3254.9,204,4,3255.9,120,1,3256.7,25,1,3256.8,64,2,3256.9,79,3,3257.0,55,3
11536,2025-12-30 14:06:00+05:30,3255.9,3,3253.38,1429903,94595.0,118483.0,3250.0,3267.5,3239.8,3251.5,46887925,3576.6,2926.4,4322.95,2866.6,3255.3,60,2,3255.2,228,2,3255.1,10,2,3255.0,69,11,3254.9,214,4,3255.9,138,2,3256.6,105,3,3256.7,25,1,3256.8,64,2,3256.9,82,4
11536,2025-12-30 14:06:00+05:30,3255.9,3,3253.38,1429903,94595.0,118483.0,3250.0,3267.5,3239.8,3251.5,46887925,3576.6,2926.4,4322.95,2866.6,3255.3,60,2,3255.2,228,2,3255.1,10,2,3255.0,69,11,3254.9,214,4,3255.9,138,2,3256.6,105,3,3256.7,25,1,3256.8,64,2,3256.9,82,4
11536,2025-12-30 14:06:01+05:30,3255.9,1,3253.38,1429903,94595.0,118483.0,3250.0,3267.5,3239.8,3251.5,46887925,3576.6,2926.4,4322.95,2866.6,3255.3,60,2,3255.2,228,2,3255.1,10,2,3255.0,69,11,3254.9,214,4,3255.9,138,2,3256.6,105,3,3256.7,25,1,3256.8,64,2,3256.9,82,4
11536,2025-12-30 14:06:01+05:30,3255.9,1,3253.38,1430004,94600.0,119388.0,3250.0,3267.5,3239.8,3251.5,46887925,3576.6,2926.4,4322.95,2866.6,3255.3,60,2,3255.2,228,2,3255.1,63,4,3255.0,52,10,3254.9,222,4,3255.9,37,1,3256.6,63,2,3256.7,25,1,3256.8,110,3,3256.9,39,3
11536,2025-12-30 14:06:02+05:30,3255.4,1,3253.38,1430004,94600.0,119388.0,3250.0,3267.5,3239.8,3251.5,46887925,3576.6,2926.4,4322.95,2866.6,3255.3,60,2,3255.2,228,2,3255.1,63,4,3255.0,52,10,3254.9,222,4,3255.9,37,1,3256.6,63,2,3256.7,25,1,3256.8,110,3,3256.9,39,3
11536,2025-12-30 14:06:02+05:30,3255.4,1,3253.38,1430131,94705.0,117073.0,3250.0,3267.5,3239.8,3251.5,46887925,3576.6,2926.4,4322.95,2866.6,3255.3,61,3,3255.2,257,3,3255.1,29,3,3255.0,89,12,3254.9,281,6,3255.6,123,1,3255.8,10,1,3255.9,14,1,3256.8,123,4,3256.9,45,2
11536,2025-12-30 14:06:03+05:30,3254.9,1,3253.38,1430131,94705.0,117073.0,3250.0,3267.5,3239.8,3251.5,46887925,3576.6,2926.4,4322.95,2866.6,3255.3,61,3,3255.2,257,3,3255.1,29,3,3255.0,89,12,3254.9,281,6,3255.6,123,1,3255.8,10,1,3255.9,14,1,3256.8,123,4,3256.9,45,2
11536,2025-12-30 14:06:03+05:30,3254.9,1,3253.38,1431312,92737.0,119655.0,3250.0,3267.5,3239.8,3251.5,46887925,3576.6,2926.4,4322.95,2866.6,3255.1,175,1,3254.9,39,2,3254.8,187,2,3254.7,51,2,3254.6,58,4,3255.3,123,1,3255.8,10,1,3255.9,14,1,3256.3,44,2,3256.4,24,2
11536,2025-12-30 14:06:04+05:30,3255.3,14,3253.38,1431312,92737.0,119655.0,3250.0,3267.5,3239.8,3251.5,46887925,3576.6,2926.4,4322.95,2866.6,3255.1,175,1,3254.9,39,2,3254.8,187,2,3254.7,51,2,3254.6,58,4,3255.3,123,1,3255.8,10,1,3255.9,14,1,3256.3,44,2,3256.4,24,2
11536,2025-12-30 14:06:04+05:30,3255.3,14,3253.38,1431464,93937.0,119979.0,3250.0,3267.5,3239.8,3251.5,46887925,3576.6,2926.4,4322.95,2866.6,3255.3,38,1,3254.9,44,2,3254.8,15,2,3254.7,29,1,3254.6,79,5,3255.8,123,1,3256.3,29,1,3256.4,41,2,3256.5,73,3,3256.7,46,1
11536,2025-12-30 14:06:05+05:30,3255.8,1,3253.38,1431464,93937.0,119979.0,3250.0,3267.5,3239.8,3251.5,46887925,3576.6,2926.4,4322.95,2866.6,3255.3,38,1,3254.9,44,2,3254.8,15,2,3254.7,29,1,3254.6,79,5,3255.8,123,1,3256.3,29,1,3256.4,41,2,3256.5,73,3,3256.7,46,1
11536,2025-12-30 14:06:05+05:30,3255.8,1,3253.38,1431469,93829.0,120099.0,3250.0,3267.5,3239.8,3251.5,46887925,3576.6,2926.4,4322.95,2866.6,3255.3,34,1,3254.9,34,1,3254.8,15,2,3254.7,29,1,3254.6,79,5,3255.8,122,1,3256.2,72,3,3256.3,95,3,3256.4,97,4,3256.5,73,3
11536,2025-12-30 14:06:06+05:30,3255.8,1,3253.38,1431469,93829.0,120099.0,3250.0,3267.5,3239.8,3251.5,46887925,3576.6,2926.4,4322.95,2866.6,3255.3,34,1,3254.9,34,1,3254.8,15,2,3254.7,29,1,3254.6,79,5,3255.8,122,1,3256.2,72,3,3256.3,95,3,3256.4,97,4,3256.5,73,3
11536,2025-12-30 14:06:06+05:30,3255.8,1,3253.38,1431470,93605.0,120134.0,3250.0,3267.5,3239.8,3251.5,46887925,3576.6,2926.4,4322.95,2866.6,3255.3,34,1,3254.9,34,1,3254.8,15,2,3254.7,29,1,3254.6,79,5,3255.8,121,1,3256.1,29,1,3256.2,77,3,3256.3,107,3,3256.4,51,3
11536,2025-12-30 14:06:07+05:30,3255.8,121,3253.38,1431470,93605.0,120134.0,3250.0,3267.5,3239.8,3251.5,46887925,3576.6,2926.4,4322.95,2866.6,3255.3,34,1,3254.9,34,1,3254.8,15,2,3254.7,29,1,3254.6,79,5,3255.8,121,1,3256.1,29,1,3256.2,77,3,3256.3,107,3,3256.4,51,3
11536,2025-12-30 14:06:07+05:30,3255.8,121,3253.38,1431591,93819.0,119149.0,3250.0,3267.5,3239.8,3251.5,46887925,3576.6,2926.4,4322.95,2866.6,3255.9,34,1,3255.8,59,2,3255.3,48,2,3255.1,3,1,3255.0,27,2,3256.0,123,1,3256.2,34,1,3256.4,39,2,3256.5,3,1,3256.8,62,3
11536,2025-12-30 14:06:08+05:30,3256.0,32,3253.38,1431591,93819.0,119149.0,3250.0,3267.5,3239.8,3251.5,46887925,3576.6,2926.4,4322.95,2866.6,3255.9,34,1,3255.8,59,2,3255.3,48,2,3255.1,3,1,3255.0,27,2,3256.0,123,1,3256.2,34,1,3256.4,39,2,3256.5,3,1,3256.8,62,3
11536,2025-12-30 14:06:08+05:30,3256.0,32,3253.38,1431625,94126.0,119312.0,3250.0,3267.5,3239.8,3251.5,46887925,3576.6,2926.4,4322.95,2866.6,3255.9,1,1,3255.8,59,2,3255.5,199,2,3255.3,24,1,3255.2,24,1,3256.0,91,1,3256.5,3,1,3256.7,29,1,3256.8,62,3,3256.9,16,2
11536,2025-12-30 14:06:09+05:30,3256.0,8,3253.38,1431646,94920.0,119056.0,3250.0,3267.5,3239.8,3251.5,46887925,3576.6,2926.4,4322.95,2866.6,3255.9,1,1,3255.8,59,2,3255.6,175,1,3255.3,44,2,3255.2,24,1,3256.0,70,1,3256.5,3,1,3256.8,59,2,3256.9,16,2,3257.0,58,3
11536,2025-12-30 14:06:09+05:30,3256.0,8,3253.38,1431646,94920.0,119056.0,3250.0,3267.5,3239.8,3251.5,46887925,3576.6,2926.4,4322.95,2866.6,3255.9,1,1,3255.8,59,2,3255.6,175,1,3255.3,44,2,3255.2,24,1,3256.0,70,1,3256.5,3,1,3256.8,59,2,3256.9,16,2,3257.0,58,3
11536,2025-12-30 14:06:10+05:30,3256.0,1,3253.38,1431693,95276.0,117514.0,3250.0,3267.5,3239.8,3251.5,46887925,3576.6,2926.4,4322.95,2866.6,3255.9,176,2,3255.8,54,1,3255.6,175,1,3255.4,51,2,3255.3,34,1,3256.0,23,1,3256.5,3,1,3256.9,16,2,3257.0,24,2,3257.1,42,1
11536,2025-12-30 14:06:10+05:30,3256.0,1,3253.38,1431693,95276.0,117514.0,3250.0,3267.5,3239.8,3251.5,46887925,3576.6,2926.4,4322.95,2866.6,3255.9,176,2,3255.8,54,1,3255.6,175,1,3255.4,51,2,3255.3,34,1,3256.0,23,1,3256.5,3,1,3256.9,16,2,3257.0,24,2,3257.1,42,1
11536,2025-12-30 14:06:11+05:30,3256.0,1,3253.38,1431693,93842.0,118813.0,3250.0,3267.5,3239.8,3251.5,46887925,3576.6,2926.4,4322.95,2866.6,3255.9,176,2,3255.8,54,1,3255.6,175,1,3255.4,51,2,3255.2,66,2,3256.0,54,2,3256.5,3,1,3256.9,16,2,3257.0,24,2,3257.1,42,1
11536,2025-12-30 14:06:12+05:30,3255.9,1,3253.38,1431696,94816.0,118811.0,3250.0,3267.5,3239.8,3251.5,46887925,3576.6,2926.4,4322.95,2866.6,3255.9,176,2,3255.8,54,1,3255.6,175,1,3255.4,29,1,3255.2,24,1,3256.0,52,2,3256.5,3,1,3256.9,16,2,3257.0,24,2,3257.1,42,1
11536,2025-12-30 14:06:12+05:30,3255.9,1,3253.38,1431696,94816.0,118811.0,3250.0,3267.5,3239.8,3251.5,46887925,3576.6,2926.4,4322.95,2866.6,3255.9,176,2,3255.8,54,1,3255.6,175,1,3255.4,29,1,3255.2,24,1,3256.0,52,2,3256.5,3,1,3256.9,16,2,3257.0,24,2,3257.1,42,1
11536,2025-12-30 14:06:13+05:30,3255.9,1,3253.38,1431703,95128.0,118806.0,3250.0,3267.5,3239.8,3251.5,46887925,3576.6,2926.4,4322.95,2866.6,3255.9,234,2,3255.8,54,1,3255.6,175,1,3255.4,29,1,3255.3,26,1,3256.0,47,2,3256.5,3,1,3256.9,16,2,3257.0,24,2,3257.1,42,1
11536,2025-12-30 14:06:13+05:30,3255.9,1,3253.38,1431703,95128.0,118806.0,3250.0,3267.5,3239.8,3251.5,46887925,3576.6,2926.4,4322.95,2866.6,3255.9,234,2,3255.8,54,1,3255.6,175,1,3255.4,29,1,3255.3,26,1,3256.0,47,2,3256.5,3,1,3256.9,16,2,3257.0,24,2,3257.1,42,1
11536,2025-12-30 14:06:14+05:30,3255.9,3,3253.38,1431706,94957.0,118979.0,3250.0,3267.5,3239.8,3251.5,46887925,3576.6,2926.4,4322.95,2866.6,3255.9,231,2,3255.8,54,1,3255.6,175,1,3255.4,29,1,3255.3,26,1,3256.0,47,2,3256.5,3,1,3256.9,16,2,3257.0,24,2,3257.1,42,1
11536,2025-12-30 14:06:14+05:30,3255.9,3,3253.38,1431706,94957.0,118979.0,3250.0,3267.5,3239.8,3251.5,46887925,3576.6,2926.4,4322.95,2866.6,3255.9,231,2,3255.8,54,1,3255.6,175,1,3255.4,29,1,3255.3,26,1,3256.0,47,2,3256.5,3,1,3256.9,16,2,3257.0,24,2,3257.1,42,1
11536,2025-12-30 14:06:15+05:30,3256.0,31,3253.38,1431753,94872.0,117462.0,3250.0,3267.5,3239.8,3251.5,46887925,3576.6,2926.4,4322.95,2866.6,3256.1,133,1,3256.0,1,1,3255.9,61,1,3255.8,54,1,3255.4,29,1,3256.5,3,1,3256.9,61,3,3257.0,37,2,3257.1,42,1,3257.2,61,3
11536,2025-12-30 14:06:15+05:30,3256.0,31,3253.38,1431753,94872.0,117462.0,3250.0,3267.5,3239.8,3251.5,46887925,3576.6,2926.4,4322.95,2866.6,3256.1,133,1,3256.0,1,1,3255.9,61,1,3255.8,54,1,3255.4,29,1,3256.5,3,1,3256.9,61,3,3257.0,37,2,3257.1,42,1,3257.2,61,3
11536,2025-12-30 14:06:16+05:30,3256.0,31,3253.38,1431753,94877.0,118889.0,3250.0,3267.5,3239.8,3251.5,46887925,3576.6,2926.4,4322.95,2866.6,3256.1,133,1,3256.0,1,1,3255.9,61,1,3255.8,54,1,3255.3,45,2,3256.5,3,1,3256.8,55,2,3256.9,97,5,3257.0,56,3,3257.1,68,2
11536,2025-12-30 14:06:16+05:30,3256.5,1,3253.38,1431753,94877.0,118889.0,3250.0,3267.5,3239.8,3251.5,46887925,3576.6,2926.4,4322.95,2866.6,3256.1,133,1,3256.0,1,1,3255.9,61,1,3255.8,54,1,3255.3,45,2,3256.5,3,1,3256.8,55,2,3256.9,97,5,3257.0,56,3,3257.1,68,2
11536,2025-12-30 14:06:17+05:30,3256.4,1,3253.38,1431809,94865.0,118887.0,3250.0,3267.5,3239.8,3251.5,46887925,3576.6,2926.4,4322.95,2866.6,3256.1,143,2,3256.0,1,1,3255.9,61,1,3255.6,34,1,3255.3,35,3,3256.4,122,1,3256.8,29,1,3256.9,68,2,3257.0,34,1,3257.1,135,4
11536,2025-12-30 14:06:17+05:30,3256.4,1,3253.38,1431809,94865.0,118887.0,3250.0,3267.5,3239.8,3251.5,46887925,3576.6,2926.4,4322.95,2866.6,3256.1,143,2,3256.0,1,1,3255.9,61,1,3255.6,34,1,3255.3,35,3,3256.4,122,1,3256.8,29,1,3256.9,68,2,3257.0,34,1,3257.1,135,4
11536,2025-12-30 14:06:18+05:30,3255.2,3,3253.38,1433184,94694.0,119920.0,3250.0,3267.5,3239.8,3251.5,46887925,3576.6,2926.4,4322.95,2866.6,3255.0,73,1,3254.8,94,5,3254.7,44,2,3254.6,130,8,3254.5,112,5,3255.2,50,1,3256.4,98,5,3256.5,70,2,3256.6,105,3,3256.7,46,1
11536,2025-12-30 14:06:18+05:30,3255.2,26,3253.38,1433184,94694.0,119920.0,3250.0,3267.5,3239.8,3251.5,46887925,3576.6,2926.4,4322.95,2866.6,3255.0,73,1,3254.8,94,5,3254.7,44,2,3254.6,130,8,3254.5,112,5,3255.2,50,1,3256.4,98,5,3256.5,70,2,3256.6,105,3,3256.7,46,1
11536,2025-12-30 14:06:19+05:30,3256.4,3,3253.39,1433268,95383.0,117185.0,3250.0,3267.5,3239.8,3251.5,46887925,3576.6,2926.4,4322.95,2866.6,3255.7,220,4,3255.6,28,2,3255.5,39,3,3255.4,27,2,3255.3,96,5,3256.4,11,1,3256.6,29,1,3256.7,29,2,3256.8,19,1,3256.9,42,1
11536,2025-12-30 14:06:19+05:30,3256.4,11,3253.39,1433268,95383.0,117185.0,3250.0,3267.5,3239.8,3251.5,46887925,3576.6,2926.4,4322.95,2866.6,3255.7,220,4,3255.6,28,2,3255.5,39,3,3255.4,27,2,3255.3,96,5,3256.4,11,1,3256.6,29,1,3256.7,29,2,3256.8,19,1,3256.9,42,1
11536,2025-12-30 14:06:20+05:30,3256.4,5,3253.39,1433285,93955.0,118310.0,3250.0,3267.5,3239.8,3251.5,46887925,3576.6,2926.4,4322.95,2866.6,3256.4,5,1,3256.1,1,1,3256.0,26,2,3255.8,42,1,3255.7,203,3,3257.0,54,2,3257.1,68,2,3257.3,35,1,3257.4,80,3,3257.5,122,5
11536,2025-12-30 14:06:20+05:30,3256.4,5,3253.39,1433285,93955.0,118310.0,3250.0,3267.5,3239.8,3251.5,46887925,3576.6,2926.4,4322.95,2866.6,3256.4,5,1,3256.1,1,1,3256.0,26,2,3255.8,42,1,3255.7,203,3,3257.0,54,2,3257.1,68,2,3257.3,35,1,3257.4,80,3,3257.5,122,5
11536,2025-12-30 14:06:21+05:30,3256.4,5,3253.39,1433285,94981.0,117328.0,3250.0,3267.5,3239.8,3251.5,46887925,3576.6,2926.4,4322.95,2866.6,3256.4,5,1,3256.0,56,3,3255.9,174,1,3255.7,93,4,3255.6,59,5,3257.3,45,2,3257.4,73,3,3257.5,7,3,3257.6,25,3,3257.7,186,6
11536,2025-12-30 14:06:22+05:30,3257.5,2,3253.39,1433467,93971.0,114163.0,3250.0,3267.5,3239.8,3251.5,46887925,3576.6,2926.4,4322.95,2866.6,3256.4,5,1,3256.0,225,4,3255.8,59,3,3255.7,29,2,3255.6,52,4,3257.4,16,1,3257.5,90,5,3257.6,35,4,3257.7,94,3,3257.8,53,3
11536,2025-12-30 14:06:22+05:30,3257.5,2,3253.39,1433467,93971.0,114163.0,3250.0,3267.5,3239.8,3251.5,46887925,3576.6,2926.4,4322.95,2866.6,3256.4,5,1,3256.0,225,4,3255.8,59,3,3255.7,29,2,3255.6,52,4,3257.4,16,1,3257.5,90,5,3257.6,35,4,3257.7,94,3,3257.8,53,3
11536,2025-12-30 14:06:23+05:30,3257.3,6,3253.39,1433498,94843.0,117301.0,3250.0,3267.5,3239.8,3251.5,46887925,3576.6,2926.4,4322.95,2866.6,3256.4,51,1,3256.1,51,2,3256.0,174,1,3255.8,33,3,3255.6,53,4,3257.3,75,2,3257.4,90,3,3257.5,59,3,3257.6,139,6,3257.7,109,3
11536,2025-12-30 14:06:23+05:30,3257.3,6,3253.39,1433498,94843.0,117301.0,3250.0,3267.5,3239.8,3251.5,46887925,3576.6,2926.4,4322.95,2866.6,3256.4,51,1,3256.1,51,2,3256.0,174,1,3255.8,33,3,3255.6,53,4,3257.3,75,2,3257.4,90,3,3257.5,59,3,3257.6,139,6,3257.7,109,3
11536,2025-12-30 14:06:24+05:30,3257.3,6,3253.39,1433498,94721.0,117546.0,3250.0,3267.5,3239.8,3251.5,46887925,3576.6,2926.4,4322.95,2866.6,3256.4,51,1,3256.1,20,1,3256.0,174,1,3255.8,27,1,3255.6,3,1,3257.1,30,1,3257.2,102,4,3257.3,115,4,3257.4,157,5,3257.5,115,5
11536,2025-12-30 14:06:25+05:30,3257.4,29,3253.39,1433498,94721.0,117546.0,3250.0,3267.5,3239.8,3251.5,46887925,3576.6,2926.4,4322.95,2866.6,3256.4,51,1,3256.1,20,1,3256.0,174,1,3255.8,27,1,3255.6,3,1,3257.1,30,1,3257.2,102,4,3257.3,115,4,3257.4,157,5,3257.5,115,5
11536,2025-12-30 14:06:25+05:30,3257.4,29,3253.39,1433689,95184.0,115187.0,3250.0,3267.5,3239.8,3251.5,46887925,3576.6,2926.4,4322.95,2866.6,3257.0,1,1,3256.5,42,1,3256.4,51,2,3256.2,61,1,3256.1,81,2,3257.5,155,7,3257.6,11,2,3257.7,48,2,3257.8,105,4,3257.9,92,3
11536,2025-12-30 14:06:26+05:30,3257.5,1,3253.39,1433693,95944.0,116195.0,3250.0,3267.5,3239.8,3251.5,46887925,3576.6,2926.4,4322.95,2866.6,3257.0,1,1,3256.7,10,1,3256.6,42,1,3256.4,51,2,3256.3,174,1,3257.6,1,1,3257.7,42,1,3257.9,3,1,3258.0,67,4,3258.1,3,1
11536,2025-12-30 14:06:27+05:30,3257.4,78,3253.39,1433693,95944.0,116195.0,3250.0,3267.5,3239.8,3251.5,46887925,3576.6,2926.4,4322.95,2866.6,3257.0,1,1,3256.7,10,1,3256.6,42,1,3256.4,51,2,3256.3,174,1,3257.6,1,1,3257.7,42,1,3257.9,3,1,3258.0,67,4,3258.1,3,1
11536,2025-12-30 14:06:27+05:30,3257.4,78,3253.39,1433785,95635.0,116259.0,3250.0,3267.5,3239.8,3251.5,46887925,3576.6,2926.4,4322.95,2866.6,3257.3,5,1,3257.0,50,2,3256.8,34,1,3256.6,42,1,3256.4,1,1,3257.4,10,1,3257.6,1,1,3257.8,42,1,3257.9,21,2,3258.0,204,9
11536,2025-12-30 14:06:28+05:30,3257.3,1,3253.39,1433785,95635.0,116259.0,3250.0,3267.5,3239.8,3251.5,46887925,3576.6,2926.4,4322.95,2866.6,3257.3,5,1,3257.0,50,2,3256.8,34,1,3256.6,42,1,3256.4,1,1,3257.4,10,1,3257.6,1,1,3257.8,42,1,3257.9,21,2,3258.0,204,9
11536,2025-12-30 14:06:28+05:30,3257.3,1,3253.39,1433877,95558.0,116316.0,3250.0,3267.5,3239.8,3251.5,46887925,3576.6,2926.4,4322.95,2866.6,3257.0,50,2,3256.8,38,2,3256.6,42,1,3256.4,1,1,3256.3,174,1,3257.4,1,1,3257.5,91,3,3257.6,49,3,3257.7,21,1,3257.8,42,2
11536,2025-12-30 14:06:29+05:30,3256.2,169,3253.39,1433877,95558.0,116316.0,3250.0,3267.5,3239.8,3251.5,46887925,3576.6,2926.4,4322.95,2866.6,3257.0,50,2,3256.8,38,2,3256.6,42,1,3256.4,1,1,3256.3,174,1,3257.4,1,1,3257.5,91,3,3257.6,49,3,3257.7,21,1,3257.8,42,2
11536,2025-12-30 14:06:29+05:30,3256.2,169,3253.39,1435232,91710.0,117014.0,3250.0,3267.5,3239.8,3251.5,46887925,3576.6,2926.4,4322.95,2866.6,3255.3,175,1,3255.1,31,1,3254.9,28,3,3254.8,105,5,3254.7,75,5,3256.1,70,3,3256.2,5,1,3256.3,6,2,3256.4,6,1,3256.6,2,1
11536,2025-12-30 14:06:30+05:30,3256.1,5,3253.39,1435232,91710.0,117014.0,3250.0,3267.5,3239.8,3251.5,46887925,3576.6,2926.4,4322.95,2866.6,3255.3,175,1,3255.1,31,1,3254.9,28,3,3254.8,105,5,3254.7,75,5,3256.1,70,3,3256.2,5,1,3256.3,6,2,3256.4,6,1,3256.6,2,1
11536,2025-12-30 14:06:30+05:30,3256.1,5,3253.39,1435303,92183.0,117254.0,3250.0,3267.5,3239.8,3251.5,46887925,3576.6,2926.4,4322.95,2866.6,3256.1,106,2,3255.5,174,1,3255.1,32,2,3254.9,151,4,3254.8,48,3,3256.3,5,1,3256.4,6,1,3256.6,2,1,3256.7,30,1,3256.8,107,4
11536,2025-12-30 14:06:31+05:30,3256.3,2,3253.39,1435303,92183.0,117254.0,3250.0,3267.5,3239.8,3251.5,46887925,3576.6,2926.4,4322.95,2866.6,3256.1,106,2,3255.5,174,1,3255.1,32,2,3254.9,151,4,3254.8,48,3,3256.3,5,1,3256.4,6,1,3256.6,2,1,3256.7,30,1,3256.8,107,4
11536,2025-12-30 14:06:31+05:30,3256.3,2,3253.39,1435308,92236.0,117392.0,3250.0,3267.5,3239.8,3251.5,46887925,3576.6,2926.4,4322.95,2866.6,3256.1,159,3,3255.5,174,1,3255.3,3,1,3255.1,32,2,3255.0,22,1,3256.4,6,1,3256.6,2,1,3256.7,56,2,3256.8,43,2,3256.9,25,2
11536,2025-12-30 14:06:32+05:30,3256.4,2,3253.39,1435308,92236.0,117392.0,3250.0,3267.5,3239.8,3251.5,46887925,3576.6,2926.4,4322.95,2866.6,3256.1,159,3,3255.5,174,1,3255.3,3,1,3255.1,32,2,3255.0,22,1,3256.4,6,1,3256.6,2,1,3256.7,56,2,3256.8,43,2,3256.9,25,2
11536,2025-12-30 14:06:32+05:30,3256.4,2,3253.39,1435310,92152.0,117874.0,3250.0,3267.5,3239.8,3251.5,46887925,3576.6,2926.4,4322.95,2866.6,3256.1,159,3,3255.3,181,3,3255.2,3,1,3255.1,55,3,3255.0,22,1,3256.3,175,1,3256.4,30,2,3256.5,30,1,3256.6,2,1,3256.7,77,2
11536,2025-12-30 14:06:33+05:30,3256.1,21,3253.39,1435310,92152.0,117874.0,3250.0,3267.5,3239.8,3251.5,46887925,3576.6,2926.4,4322.95,2866.6,3256.1,159,3,3255.3,181,3,3255.2,3,1,3255.1,55,3,3255.0,22,1,3256.3,175,1,3256.4,30,2,3256.5,30,1,3256.6,2,1,3256.7,77,2
11536,2025-12-30 14:06:33+05:30,3256.3,10,3253.39,1436574,92344.0,117660.0,3250.0,3267.5,3239.8,3251.5,46887925,3576.6,2926.4,4322.95,2866.6,3256.1,21,1,3255.1,175,1,3255.0,182,3,3254.9,12,2,3254.7,117,4,3256.3,43,2,3256.4,35,1,3256.5,19,1,3256.6,61,2,3256.8,74,3
11536,2025-12-30 14:06:34+05:30,3256.1,3,3253.39,1436574,92344.0,117660.0,3250.0,3267.5,3239.8,3251.5,46887925,3576.6,2926.4,4322.95,2866.6,3256.1,21,1,3255.1,175,1,3255.0,182,3,3254.9,12,2,3254.7,117,4,3256.3,43,2,3256.4,35,1,3256.5,19,1,3256.6,61,2,3256.8,74,3
11536,2025-12-30 14:06:34+05:30,3256.1,3,3253.39,1436577,91963.0,116468.0,3250.0,3267.5,3239.8,3251.5,46887925,3576.6,2926.4,4322.95,2866.6,3256.1,18,1,3256.0,5,1,3255.6,179,2,3255.5,21,1,3255.3,64,2,3256.9,72,4,3257.0,41,1,3257.1,42,1,3257.2,21,1,3257.3,24,1
11536,2025-12-30 14:06:35+05:30,3256.7,1,3253.39,1436577,91963.0,116468.0,3250.0,3267.5,3239.8,3251.5,46887925,3576.6,2926.4,4322.95,2866.6,3256.1,18,1,3256.0,5,1,3255.6,179,2,3255.5,21,1,3255.3,64,2,3256.9,72,4,3257.0,41,1,3257.1,42,1,3257.2,21,1,3257.3,24,1
11536,2025-12-30 14:06:35+05:30,3256.1,1,3253.39,1436617,93198.0,117413.0,3250.0,3267.5,3239.8,3251.5,46887925,3576.6,2926.4,4322.95,2866.6,3256.1,20,1,3256.0,5,1,3255.6,175,1,3255.2,23,2,3255.1,132,4,3256.6,99,4,3256.7,40,2,3256.8,28,2,3256.9,98,5,3257.0,89,3
11536,2025-12-30 14:06:36+05:30,3256.3,5,3253.39,1436617,93198.0,117413.0,3250.0,3267.5,3239.8,3251.5,46887925,3576.6,2926.4,4322.95,2866.6,3256.1,20,1,3256.0,5,1,3255.6,175,1,3255.2,23,2,3255.1,132,4,3256.6,99,4,3256.7,40,2,3256.8,28,2,3256.9,98,5,3257.0,89,3
11536,2025-12-30 14:06:36+05:30,3256.3,5,3253.39,1436622,93289.0,118051.0,3250.0,3267.5,3239.8,3251.5,46887925,3576.6,2926.4,4322.95,2866.6,3256.1,67,2,3256.0,5,1,3255.6,175,1,3255.2,178,2,3255.1,128,3,3256.5,61,3,3256.6,70,3,3256.7,48,3,3256.8,70,3,3256.9,84,4
11536,2025-12-30 14:06:37+05:30,3256.4,17,3253.39,1436622,93289.0,118051.0,3250.0,3267.5,3239.8,3251.5,46887925,3576.6,2926.4,4322.95,2866.6,3256.1,67,2,3256.0,5,1,3255.6,175,1,3255.2,178,2,3255.1,128,3,3256.5,61,3,3256.6,70,3,3256.7,48,3,3256.8,70,3,3256.9,84,4
11536,2025-12-30 14:06:38+05:30,3256.4,1,3253.39,1436830,93042.0,118035.0,3250.0,3267.5,3239.8,3251.5,46887925,3576.6,2926.4,4322.95,2866.6,3256.1,21,1,3255.6,175,1,3255.2,178,2,3255.1,26,2,3255.0,196,2,3256.4,25,2,3256.5,44,2,3256.6,45,3,3256.7,42,2,3256.8,70,3
11536,2025-12-30 14:06:38+05:30,3256.4,1,3253.39,1436830,93042.0,118035.0,3250.0,3267.5,3239.8,3251.5,46887925,3576.6,2926.4,4322.95,2866.6,3256.1,21,1,3255.6,175,1,3255.2,178,2,3255.1,26,2,3255.0,196,2,3256.4,25,2,3256.5,44,2,3256.6,45,3,3256.7,42,2,3256.8,70,3
11536,2025-12-30 14:06:39+05:30,3256.4,5,3253.39,1436835,93267.0,118005.0,3250.0,3267.5,3239.8,3251.5,46887925,3576.6,2926.4,4322.95,2866.6,3256.1,21,1,3255.6,175,1,3255.2,178,2,3255.1,26,2,3255.0,196,2,3256.4,60,4,3256.5,14,1,3256.6,21,1,3256.7,42,2,3256.8,70,3
11536,2025-12-30 14:06:39+05:30,3256.4,5,3253.39,1436835,93267.0,118005.0,3250.0,3267.5,3239.8,3251.5,46887925,3576.6,2926.4,4322.95,2866.6,3256.1,21,1,3255.6,175,1,3255.2,178,2,3255.1,26,2,3255.0,196,2,3256.4,60,4,3256.5,14,1,3256.6,21,1,3256.7,42,2,3256.8,70,3
11536,2025-12-30 14:06:40+05:30,3256.1,21,3253.39,1436877,93175.0,118155.0,3250.0,3267.5,3239.8,3251.5,46887925,3576.6,2926.4,4322.95,2866.6,3256.1,8,1,3255.6,175,1,3255.2,178,2,3255.1,26,2,3255.0,196,2,3256.4,143,8,3256.5,15,1,3256.6,36,2,3256.7,42,2,3256.8,70,3
11536,2025-12-30 14:06:40+05:30,3256.1,21,3253.39,1436877,93175.0,118155.0,3250.0,3267.5,3239.8,3251.5,46887925,3576.6,2926.4,4322.95,2866.6,3256.1,8,1,3255.6,175,1,3255.2,178,2,3255.1,26,2,3255.0,196,2,3256.4,143,8,3256.5,15,1,3256.6,36,2,3256.7,42,2,3256.8,70,3
11536,2025-12-30 14:06:41+05:30,3256.1,1,3253.39,1436882,93196.0,118186.0,3250.0,3267.5,3239.8,3251.5,46887925,3576.6,2926.4,4322.95,2866.6,3256.1,7,1,3255.6,175,1,3255.2,178,2,3255.1,36,3,3255.0,196,2,3256.4,130,7,3256.5,15,1,3256.6,51,3,3256.7,42,2,3256.8,70,3
11536,2025-12-30 14:06:42+05:30,3256.1,1,3253.39,1436882,93196.0,118186.0,3250.0,3267.5,3239.8,3251.5,46887925,3576.6,2926.4,4322.95,2866.6,3256.1,7,1,3255.6,175,1,3255.2,178,2,3255.1,36,3,3255.0,196,2,3256.4,130,7,3256.5,15,1,3256.6,51,3,3256.7,42,2,3256.8,70,3
11536,2025-12-30 14:06:42+05:30,3256.7,10,3253.39,1437061,93140.0,117659.0,3250.0,3267.5,3239.8,3251.5,46887925,3576.6,2926.4,4322.95,2866.6,3256.1,7,1,3255.6,175,1,3255.3,3,1,3255.2,280,3,3255.1,39,4,3256.7,19,1,3256.8,52,2,3256.9,33,2,3257.0,52,2,3257.1,119,4
11536,2025-12-30 14:06:43+05:30,3256.1,1,3253.39,1437061,93140.0,117659.0,3250.0,3267.5,3239.8,3251.5,46887925,3576.6,2926.4,4322.95,2866.6,3256.1,7,1,3255.6,175,1,3255.3,3,1,3255.2,280,3,3255.1,39,4,3256.7,19,1,3256.8,52,2,3256.9,33,2,3257.0,52,2,3257.1,119,4
11536,2025-12-30 14:06:43+05:30,3256.1,1,3253.39,1437062,93227.0,117763.0,3250.0,3267.5,3239.8,3251.5,46887925,3576.6,2926.4,4322.95,2866.6,3256.1,15,2,3256.0,25,1,3255.6,175,1,3255.3,3,1,3255.2,280,3,3256.7,75,4,3256.8,46,2,3256.9,56,3,3257.0,52,2,3257.1,119,4
11536,2025-12-30 14:06:44+05:30,3256.1,9,3253.39,1437105,92878.0,117927.0,3250.0,3267.5,3239.8,3251.5,46887925,3576.6,2926.4,4322.95,2866.6,3256.1,9,1,3256.0,25,1,3255.6,175,1,3255.3,3,1,3255.2,280,3,3256.6,56,3,3256.7,46,2,3256.8,20,1,3256.9,67,3,3257.0,52,2
11536,2025-12-30 14:06:45+05:30,3256.6,1,3253.39,1437105,92878.0,117927.0,3250.0,3267.5,3239.8,3251.5,46887925,3576.6,2926.4,4322.95,2866.6,3256.1,9,1,3256.0,25,1,3255.6,175,1,3255.3,3,1,3255.2,280,3,3256.6,56,3,3256.7,46,2,3256.8,20,1,3256.9,67,3,3257.0,52,2
11536,2025-12-30 14:06:45+05:30,3256.6,1,3253.39,1437106,93102.0,117963.0,3250.0,3267.5,3239.8,3251.5,46887925,3576.6,2926.4,4322.95,2866.6,3256.1,9,1,3256.0,25,1,3255.6,175,1,3255.3,3,1,3255.2,280,3,3256.6,55,3,3256.7,46,2,3256.8,20,1,3256.9,67,3,3257.0,52,2
11536,2025-12-30 14:06:46+05:30,3256.6,1,3253.39,1437106,93102.0,117963.0,3250.0,3267.5,3239.8,3251.5,46887925,3576.6,2926.4,4322.95,2866.6,3256.1,9,1,3256.0,25,1,3255.6,175,1,3255.3,3,1,3255.2,280,3,3256.6,55,3,3256.7,46,2,3256.8,20,1,3256.9,67,3,3257.0,52,2
11536,2025-12-30 14:06:46+05:30,3256.1,1,3253.39,1437108,92993.0,118013.0,3250.0,3267.5,3239.8,3251.5,46887925,3576.6,2926.4,4322.95,2866.6,3256.1,8,1,3256.0,25,1,3255.6,175,1,3255.4,3,1,3255.3,3,1,3256.6,109,4,3256.7,10,1,3256.8,44,2,3256.9,33,2,3257.0,52,2
11536,2025-12-30 14:06:47+05:30,3256.1,1,3253.39,1437108,92993.0,118013.0,3250.0,3267.5,3239.8,3251.5,46887925,3576.6,2926.4,4322.95,2866.6,3256.1,8,1,3256.0,25,1,3255.6,175,1,3255.4,3,1,3255.3,3,1,3256.6,109,4,3256.7,10,1,3256.8,44,2,3256.9,33,2,3257.0,52,2
11536,2025-12-30 14:06:47+05:30,3255.3,3,3253.39,1437803,92477.0,119028.0,3250.0,3267.5,3239.8,3251.5,46887925,3576.6,2926.4,4322.95,2866.6,3255.2,175,1,3255.0,32,2,3254.9,111,2,3254.8,30,1,3254.7,119,5,3255.3,43,1,3256.2,100,4,3256.3,89,3,3256.4,109,4,3256.5,135,3
11536,2025-12-30 14:06:48+05:30,3255.3,3,3253.39,1437803,92477.0,119028.0,3250.0,3267.5,3239.8,3251.5,46887925,3576.6,2926.4,4322.95,2866.6,3255.2,175,1,3255.0,32,2,3254.9,111,2,3254.8,30,1,3254.7,119,5,3255.3,43,1,3256.2,100,4,3256.3,89,3,3256.4,109,4,3256.5,135,3
11536,2025-12-30 14:06:48+05:30,3255.3,3,3253.39,1437803,92674.0,118763.0,3250.0,3267.5,3239.8,3251.5,46887925,3576.6,2926.4,4322.95,2866.6,3255.2,229,2,3255.0,62,3,3254.9,188,5,3254.7,54,3,3254.6,10,3,3255.3,43,1,3256.2,85,3,3256.3,113,3,3256.4,48,3,3256.5,53,2
11536,2025-12-30 14:06:49+05:30,3255.3,83,3253.39,1437803,92674.0,118763.0,3250.0,3267.5,3239.8,3251.5,46887925,3576.6,2926.4,4322.95,2866.6,3255.2,229,2,3255.0,62,3,3254.9,188,5,3254.7,54,3,3254.6,10,3,3255.3,43,1,3256.2,85,3,3256.3,113,3,3256.4,48,3,3256.5,53,2
11536,2025-12-30 14:06:49+05:30,3256.6,13,3253.39,1438217,93258.0,117071.0,3250.0,3267.5,3239.8,3251.5,46887925,3576.6,2926.4,4322.95,2866.6,3255.7,3,1,3255.6,2,1,3255.5,175,1,3255.3,43,3,3255.2,366,6,3256.8,49,3,3256.9,42,3,3257.0,63,4,3257.1,28,1,3257.2,114,5
11536,2025-12-30 14:06:50+05:30,3256.6,13,3253.39,1438217,93258.0,117071.0,3250.0,3267.5,3239.8,3251.5,46887925,3576.6,2926.4,4322.95,2866.6,3255.7,3,1,3255.6,2,1,3255.5,175,1,3255.3,43,3,3255.2,366,6,3256.8,49,3,3256.9,42,3,3257.0,63,4,3257.1,28,1,3257.2,114,5
11536,2025-12-30 14:06:50+05:30,3256.8,1,3253.39,1438218,93066.0,117002.0,3250.0,3267.5,3239.8,3251.5,46887925,3576.6,2926.4,4322.95,2866.6,3256.0,10,1,3255.3,3,1,3255.2,232,3,3255.0,65,3,3254.9,121,5,3256.8,93,5,3256.9,24,2,3257.0,146,6,3257.1,88,4,3257.2,68,4
11536,2025-12-30 14:06:51+05:30,3256.8,1,3253.39,1438218,93066.0,117002.0,3250.0,3267.5,3239.8,3251.5,46887925,3576.6,2926.4,4322.95,2866.6,3256.0,10,1,3255.3,3,1,3255.2,232,3,3255.0,65,3,3254.9,121,5,3256.8,93,5,3256.9,24,2,3257.0,146,6,3257.1,88,4,3257.2,68,4
11536,2025-12-30 14:06:51+05:30,3256.8,3,3253.39,1438221,92573.0,116916.0,3250.0,3267.5,3239.8,3251.5,46887925,3576.6,2926.4,4322.95,2866.6,3256.0,10,1,3255.3,3,1,3255.2,236,4,3255.1,22,2,3255.0,23,2,3256.8,122,7,3256.9,76,4,3257.0,151,7,3257.1,83,4,3257.2,125,6
11536,2025-12-30 14:06:52+05:30,3256.9,36,3253.39,1438221,92573.0,116916.0,3250.0,3267.5,3239.8,3251.5,46887925,3576.6,2926.4,4322.95,2866.6,3256.0,10,1,3255.3,3,1,3255.2,236,4,3255.1,22,2,3255.0,23,2,3256.8,122,7,3256.9,76,4,3257.0,151,7,3257.1,83,4,3257.2,125,6
11536,2025-12-30 14:06:52+05:30,3256.0,1,3253.39,1438404,92982.0,117171.0,3250.0,3267.5,3239.8,3251.5,46887925,3576.6,2926.4,4322.95,2866.6,3256.0,63,4,3255.3,64,2,3255.2,284,4,3255.1,22,2,3255.0,96,5,3256.8,21,1,3256.9,77,4,3257.0,42,2,3257.1,111,3,3257.2,121,6
11536,2025-12-30 14:06:53+05:30,3256.0,1,3253.39,1438404,92982.0,117171.0,3250.0,3267.5,3239.8,3251.5,46887925,3576.6,2926.4,4322.95,2866.6,3256.0,63,4,3255.3,64,2,3255.2,284,4,3255.1,22,2,3255.0,96,5,3256.8,21,1,3256.9,77,4,3257.0,42,2,3257.1,111,3,3257.2,121,6
11536,2025-12-30 14:06:53+05:30,3256.8,3,3253.39,1438423,92967.0,117185.0,3250.0,3267.5,3239.8,3251.5,46887925,3576.6,2926.4,4322.95,2866.6,3256.0,63,4,3255.3,68,3,3255.2,300,4,3255.1,22,2,3255.0,68,4,3256.8,49,4,3256.9,31,1,3257.0,133,4,3257.1,123,4,3257.2,90,5
11536,2025-12-30 14:06:54+05:30,3256.8,3,3253.39,1438423,92967.0,117185.0,3250.0,3267.5,3239.8,3251.5,46887925,3576.6,2926.4,4322.95,2866.6,3256.0,63,4,3255.3,68,3,3255.2,300,4,3255.1,22,2,3255.0,68,4,3256.8,49,4,3256.9,31,1,3257.0,133,4,3257.1,123,4,3257.2,90,5
11536,2025-12-30 14:06:54+05:30,3256.8,3,3253.39,1438423,93017.0,117378.0,3250.0,3267.5,3239.8,3251.5,46887925,3576.6,2926.4,4322.95,2866.6,3256.0,63,4,3255.3,68,3,3255.2,300,4,3255.1,22,2,3255.0,68,4,3256.7,20,2,3256.8,27,2,3256.9,31,1,3257.0,98,4,3257.1,53,2
11536,2025-12-30 14:06:55+05:30,3256.7,1,3253.39,1438423,93017.0,117378.0,3250.0,3267.5,3239.8,3251.5,46887925,3576.6,2926.4,4322.95,2866.6,3256.0,63,4,3255.3,68,3,3255.2,300,4,3255.1,22,2,3255.0,68,4,3256.7,20,2,3256.8,27,2,3256.9,31,1,3257.0,98,4,3257.1,53,2
11536,2025-12-30 14:06:55+05:30,3256.9,154,3253.4,1440424,92566.0,117024.0,3250.0,3267.5,3239.8,3251.5,46887925,3576.6,2926.4,4322.95,2866.6,3256.0,64,5,3255.8,31,1,3255.7,37,1,3255.5,1,1,3255.4,4,1,3256.9,21,1,3257.0,85,4,3257.1,100,3,3257.2,43,2,3257.3,57,3
11536,2025-12-30 14:06:56+05:30,3256.9,154,3253.4,1440424,92566.0,117024.0,3250.0,3267.5,3239.8,3251.5,46887925,3576.6,2926.4,4322.95,2866.6,3256.0,64,5,3255.8,31,1,3255.7,37,1,3255.5,1,1,3255.4,4,1,3256.9,21,1,3257.0,85,4,3257.1,100,3,3257.2,43,2,3257.3,57,3
11536,2025-12-30 14:06:57+05:30,3256.0,11,3253.4,1440444,92618.0,117206.0,3250.0,3267.5,3239.8,3251.5,46887925,3576.6,2926.4,4322.95,2866.6,3256.0,44,4,3255.8,31,1,3255.7,37,1,3255.5,1,1,3255.3,3,1,3256.6,21,1,3256.7,78,3,3257.0,58,3,3257.1,138,4,3257.2,63,3
11536,2025-12-30 14:06:57+05:30,3256.0,11,3253.4,1440444,92618.0,117206.0,3250.0,3267.5,3239.8,3251.5,46887925,3576.6,2926.4,4322.95,2866.6,3256.0,44,4,3255.8,31,1,3255.7,37,1,3255.5,1,1,3255.3,3,1,3256.6,21,1,3256.7,78,3,3257.0,58,3,3257.1,138,4,3257.2,63,3
11536,2025-12-30 14:06:58+05:30,3256.0,2,3253.4,1440467,92509.0,117192.0,3250.0,3267.5,3239.8,3251.5,46887925,3576.6,2926.4,4322.95,2866.6,3256.0,25,6,3255.8,31,1,3255.7,37,1,3255.5,1,1,3255.3,3,1,3256.7,78,3,3257.0,58,3,3257.1,138,4,3257.2,63,3,3257.3,57,3
11536,2025-12-30 14:06:58+05:30,3256.0,2,3253.4,1440467,92509.0,117192.0,3250.0,3267.5,3239.8,3251.5,46887925,3576.6,2926.4,4322.95,2866.6,3256.0,25,6,3255.8,31,1,3255.7,37,1,3255.5,1,1,3255.3,3,1,3256.7,78,3,3257.0,58,3,3257.1,138,4,3257.2,63,3,3257.3,57,3
11536,2025-12-30 14:06:59+05:30,3256.0,1,3253.4,1440468,93104.0,117558.0,3250.0,3267.5,3239.8,3251.5,46887925,3576.6,2926.4,4322.95,2866.6,3256.0,24,6,3255.7,19,1,3255.6,50,2,3255.5,1,1,3255.3,3,1,3256.7,54,2,3256.8,34,2,3257.0,135,6,3257.1,92,3,3257.2,63,3
11536,2025-12-30 14:06:59+05:30,3256.0,1,3253.4,1440468,93104.0,117558.0,3250.0,3267.5,3239.8,3251.5,46887925,3576.6,2926.4,4322.95,2866.6,3256.0,24,6,3255.7,19,1,3255.6,50,2,3255.5,1,1,3255.3,3,1,3256.7,54,2,3256.8,34,2,3257.0,135,6,3257.1,92,3,3257.2,63,3
11536,2025-12-30 14:07:00+05:30,3256.0,1,3253.4,1440468,94237.0,119322.0,3250.0,3267.5,3239.8,3251.5,46887925,3576.6,2926.4,4322.95,2866.6,3256.0,24,6,3255.7,19,1,3255.6,50,2,3255.5,1,1,3255.3,7,2,3256.7,54,2,3256.8,34,2,3257.0,89,5,3257.1,138,4,3257.2,63,3
11536,2025-12-30 14:07:01+05:30,3256.0,1,3253.4,1440468,94237.0,119486.0,3250.0,3267.5,3239.8,3251.5,46887925,3576.6,2926.4,4322.95,2866.6,3256.0,24,6,3255.7,19,1,3255.6,50,2,3255.5,1,1,3255.3,7,2,3256.7,54,2,3256.8,34,2,3257.0,299,7,3257.1,92,3,3257.2,63,3
11536,2025-12-30 14:07:01+05:30,3256.7,1,3253.4,1440468,94237.0,119486.0,3250.0,3267.5,3239.8,3251.5,46887925,3576.6,2926.4,4322.95,2866.6,3256.0,24,6,3255.7,19,1,3255.6,50,2,3255.5,1,1,3255.3,7,2,3256.7,54,2,3256.8,34,2,3257.0,299,7,3257.1,92,3,3257.2,63,3
11536,2025-12-30 14:07:02+05:30,3256.8,1,3253.4,1440597,94447.0,119210.0,3250.0,3267.5,3239.8,3251.5,46887925,3576.6,2926.4,4322.95,2866.6,3256.0,24,6,3255.5,20,2,3255.4,61,1,3255.3,106,3,3255.2,293,4,3256.8,42,2,3256.9,76,4,3257.0,168,2,3257.1,61,2,3257.2,136,4
11536,2025-12-30 14:07:02+05:30,3256.8,1,3253.4,1440597,94447.0,119210.0,3250.0,3267.5,3239.8,3251.5,46887925,3576.6,2926.4,4322.95,2866.6,3256.0,24,6,3255.5,20,2,3255.4,61,1,3255.3,106,3,3255.2,293,4,3256.8,42,2,3256.9,76,4,3257.0,168,2,3257.1,61,2,3257.2,136,4
11536,2025-12-30 14:07:03+05:30,3255.2,4,3253.4,1441673,95347.0,118302.0,3250.0,3267.5,3239.8,3251.5,46887925,3576.6,2926.4,4322.95,2866.6,3255.6,31,3,3255.5,18,1,3255.4,110,4,3255.3,46,3,3255.2,349,6,3256.9,36,1,3257.0,53,3,3257.1,30,1,3257.2,45,2,3257.3,11,2
11536,2025-12-30 14:07:03+05:30,3255.2,4,3253.4,1441673,95347.0,118302.0,3250.0,3267.5,3239.8,3251.5,46887925,3576.6,2926.4,4322.95,2866.6,3255.6,31,3,3255.5,18,1,3255.4,110,4,3255.3,46,3,3255.2,349,6,3256.9,36,1,3257.0,53,3,3257.1,30,1,3257.2,45,2,3257.3,11,2
11536,2025-12-30 14:07:04+05:30,3255.6,1,3253.4,1441686,95563.0,118388.0,3250.0,3267.5,3239.8,3251.5,46887925,3576.6,2926.4,4322.95,2866.6,3255.6,85,5,3255.5,18,1,3255.4,42,2,3255.3,59,3,3255.2,506,6,3257.0,53,3,3257.1,42,1,3257.2,85,4,3257.3,47,3,3257.4,269,5
11536,2025-12-30 14:07:04+05:30,3255.6,1,3253.4,1441686,95563.0,118388.0,3250.0,3267.5,3239.8,3251.5,46887925,3576.6,2926.4,4322.95,2866.6,3255.6,85,5,3255.5,18,1,3255.4,42,2,3255.3,59,3,3255.2,506,6,3257.0,53,3,3257.1,42,1,3257.2,85,4,3257.3,47,3,3257.4,269,5
11536,2025-12-30 14:07:05+05:30,3257.0,1,3253.4,1441734,95529.0,118416.0,3250.0,3267.5,3239.8,3251.5,46887925,3576.6,2926.4,4322.95,2866.6,3255.6,61,4,3255.4,42,2,3255.3,248,4,3255.2,331,5,3255.1,90,6,3257.0,89,5,3257.1,42,1,3257.2,55,3,3257.3,57,3,3257.4,223,4
11536,2025-12-30 14:07:05+05:30,3257.0,1,3253.4,1441734,95529.0,118416.0,3250.0,3267.5,3239.8,3251.5,46887925,3576.6,2926.4,4322.95,2866.6,3255.6,61,4,3255.4,42,2,3255.3,248,4,3255.2,331,5,3255.1,90,6,3257.0,89,5,3257.1,42,1,3257.2,55,3,3257.3,57,3,3257.4,223,4
11536,2025-12-30 14:07:06+05:30,3257.0,4,3253.4,1441741,95510.0,118445.0,3250.0,3267.5,3239.8,3251.5,46887925,3576.6,2926.4,4322.95,2866.6,3255.6,73,5,3255.4,24,1,3255.3,281,5,3255.2,331,5,3255.1,90,6,3257.0,85,5,3257.1,42,1,3257.2,79,4,3257.3,57,3,3257.4,223,4
11536,2025-12-30 14:07:06+05:30,3257.0,4,3253.4,1441741,95510.0,118445.0,3250.0,3267.5,3239.8,3251.5,46887925,3576.6,2926.4,4322.95,2866.6,3255.6,73,5,3255.4,24,1,3255.3,281,5,3255.2,331,5,3255.1,90,6,3257.0,85,5,3257.1,42,1,3257.2,79,4,3257.3,57,3,3257.4,223,4
11536,2025-12-30 14:07:07+05:30,3257.0,4,3253.4,1441741,95548.0,118642.0,3250.0,3267.5,3239.8,3251.5,46887925,3576.6,2926.4,4322.95,2866.6,3255.6,6,1,3255.4,43,2,3255.3,250,4,3255.2,331,5,3255.1,119,6,3256.8,56,2,3256.9,100,5,3257.0,119,7,3257.1,88,2,3257.2,102,4
11536,2025-12-30 14:07:08+05:30,3256.8,4,3253.4,1441741,95548.0,118642.0,3250.0,3267.5,3239.8,3251.5,46887925,3576.6,2926.4,4322.95,2866.6,3255.6,6,1,3255.4,43,2,3255.3,250,4,3255.2,331,5,3255.1,119,6,3256.8,56,2,3256.9,100,5,3257.0,119,7,3257.1,88,2,3257.2,102,4
11536,2025-12-30 14:07:08+05:30,3256.8,4,3253.4,1441745,95436.0,118662.0,3250.0,3267.5,3239.8,3251.5,46887925,3576.6,2926.4,4322.95,2866.6,3255.6,91,2,3255.4,24,1,3255.3,250,4,3255.2,331,5,3255.1,119,6,3256.8,40,2,3256.9,52,2,3257.0,119,7,3257.1,88,2,3257.2,102,4
11536,2025-12-30 14:07:09+05:30,3256.8,4,3253.4,1441745,95420.0,118706.0,3250.0,3267.5,3239.8,3251.5,46887925,3576.6,2926.4,4322.95,2866.6,3256.0,3,1,3255.6,91,2,3255.4,24,1,3255.3,208,3,3255.2,331,5,3256.8,54,3,3256.9,52,2,3257.0,63,3,3257.1,273,4,3257.2,92,3
11536,2025-12-30 14:07:10+05:30,3256.7,1,3253.4,1441745,95420.0,118706.0,3250.0,3267.5,3239.8,3251.5,46887925,3576.6,2926.4,4322.95,2866.6,3256.0,3,1,3255.6,91,2,3255.4,24,1,3255.3,208,3,3255.2,331,5,3256.8,54,3,3256.9,52,2,3257.0,63,3,3257.1,273,4,3257.2,92,3
11536,2025-12-30 14:07:10+05:30,3256.7,1,3253.4,1441747,94819.0,118955.0,3250.0,3267.5,3239.8,3251.5,46887925,3576.6,2926.4,4322.95,2866.6,3256.0,2,1,3255.6,85,1,3255.4,24,1,3255.2,281,4,3255.1,78,5,3256.7,42,2,3256.8,74,3,3257.0,248,5,3257.1,129,5,3257.2,74,3
11536,2025-12-30 14:07:11+05:30,3256.7,1,3253.4,1441747,94819.0,118955.0,3250.0,3267.5,3239.8,3251.5,46887925,3576.6,2926.4,4322.95,2866.6,3256.0,2,1,3255.6,85,1,3255.4,24,1,3255.2,281,4,3255.1,78,5,3256.7,42,2,3256.8,74,3,3257.0,248,5,3257.1,129,5,3257.2,74,3
11536,2025-12-30 14:07:11+05:30,3256.7,3,3253.4,1441767,94769.0,118403.0,3250.0,3267.5,3239.8,3251.5,46887925,3576.6,2926.4,4322.95,2866.6,3256.0,2,1,3255.7,42,1,3255.6,85,1,3255.4,57,2,3255.3,3,1,3256.8,26,1,3256.9,40,2,3257.0,41,2,3257.1,42,1,3257.2,91,2
11536,2025-12-30 14:07:12+05:30,3256.8,1,3253.4,1441767,94769.0,118403.0,3250.0,3267.5,3239.8,3251.5,46887925,3576.6,2926.4,4322.95,2866.6,3256.0,2,1,3255.7,42,1,3255.6,85,1,3255.4,57,2,3255.3,3,1,3256.8,26,1,3256.9,40,2,3257.0,41,2,3257.1,42,1,3257.2,91,2
11536,2025-12-30 14:07:12+05:30,3256.8,1,3253.4,1441770,94470.0,118416.0,3250.0,3267.5,3239.8,3251.5,46887925,3576.6,2926.4,4322.95,2866.6,3256.0,112,2,3255.6,85,1,3255.4,24,1,3255.3,3,1,3255.2,284,5,3256.8,40,5,3256.9,213,3,3257.0,125,4,3257.1,145,5,3257.2,96,4
11536,2025-12-30 14:07:13+05:30,3256.0,1,3253.4,1441770,94470.0,118416.0,3250.0,3267.5,3239.8,3251.5,46887925,3576.6,2926.4,4322.95,2866.6,3256.0,112,2,3255.6,85,1,3255.4,24,1,3255.3,3,1,3255.2,284,5,3256.8,40,5,3256.9,213,3,3257.0,125,4,3257.1,145,5,3257.2,96,4
11536,2025-12-30 14:07:13+05:30,3256.0,1,3253.4,1441949,95100.0,118211.0,3250.0,3267.5,3239.8,3251.5,46887925,3576.6,2926.4,4322.95,2866.6,3256.0,111,1,3255.8,1,1,3255.7,76,3,3255.6,85,1,3255.4,24,1,3257.0,71,3,3257.1,106,4,3257.2,238,4,3257.3,13,2,3257.4,208,7
11536,2025-12-30 14:07:14+05:30,3256.0,1,3253.4,1441949,95117.0,118178.0,3250.0,3267.5,3239.8,3251.5,46887925,3576.6,2926.4,4322.95,2866.6,3256.0,121,2,3255.8,1,1,3255.7,76,3,3255.6,85,1,3255.4,24,1,3257.0,65,3,3257.1,82,3,3257.2,238,4,3257.3,13,2,3257.4,208,7
11536,2025-12-30 14:07:15+05:30,3257.0,1,3253.4,1441949,95117.0,118178.0,3250.0,3267.5,3239.8,3251.5,46887925,3576.6,2926.4,4322.95,2866.6,3256.0,121,2,3255.8,1,1,3255.7,76,3,3255.6,85,1,3255.4,24,1,3257.0,65,3,3257.1,82,3,3257.2,238,4,3257.3,13,2,3257.4,208,7
11536,2025-12-30 14:07:15+05:30,3257.0,1,3253.4,1441952,95134.0,118304.0,3250.0,3267.5,3239.8,3251.5,46887925,3576.6,2926.4,4322.95,2866.6,3256.0,121,2,3255.8,1,1,3255.7,76,3,3255.6,89,2,3255.4,24,1,3257.0,63,3,3257.1,82,3,3257.2,49,2,3257.3,162,3,3257.4,162,6
11536,2025-12-30 14:07:16+05:30,3256.0,1,3253.4,1441952,95134.0,118304.0,3250.0,3267.5,3239.8,3251.5,46887925,3576.6,2926.4,4322.95,2866.6,3256.0,121,2,3255.8,1,1,3255.7,76,3,3255.6,89,2,3255.4,24,1,3257.0,63,3,3257.1,82,3,3257.2,49,2,3257.3,162,3,3257.4,162,6
11536,2025-12-30 14:07:16+05:30,3256.0,3,3253.4,1441958,95128.0,118303.0,3250.0,3267.5,3239.8,3251.5,46887925,3576.6,2926.4,4322.95,2866.6,3256.0,116,2,3255.8,1,1,3255.7,76,3,3255.6,85,1,3255.4,24,1,3257.0,62,3,3257.1,82,3,3257.2,49,2,3257.3,162,3,3257.4,162,6
11536,2025-12-30 14:07:17+05:30,3256.0,3,3253.4,1441958,95128.0,118303.0,3250.0,3267.5,3239.8,3251.5,46887925,3576.6,2926.4,4322.95,2866.6,3256.0,116,2,3255.8,1,1,3255.7,76,3,3255.6,85,1,3255.4,24,1,3257.0,62,3,3257.1,82,3,3257.2,49,2,3257.3,162,3,3257.4,162,6
11536,2025-12-30 14:07:17+05:30,3255.4,26,3253.4,1442313,94614.0,119832.0,3250.0,3267.5,3239.8,3251.5,46887925,3576.6,2926.4,4322.95,2866.6,3255.1,52,3,3255.0,99,6,3254.9,106,2,3254.8,82,2,3254.7,62,3,3255.4,29,1,3256.4,82,2,3256.5,241,3,3256.6,128,3,3256.7,131,3
11536,2025-12-30 14:07:18+05:30,3255.4,3,3253.4,1442313,94614.0,119832.0,3250.0,3267.5,3239.8,3251.5,46887925,3576.6,2926.4,4322.95,2866.6,3255.1,52,3,3255.0,99,6,3254.9,106,2,3254.8,82,2,3254.7,62,3,3255.4,29,1,3256.4,82,2,3256.5,241,3,3256.6,128,3,3256.7,131,3
11536,2025-12-30 14:07:18+05:30,3255.4,3,3253.4,1442316,94961.0,119663.0,3250.0,3267.5,3239.8,3251.5,46887925,3576.6,2926.4,4322.95,2866.6,3255.1,58,3,3255.0,60,6,3254.9,151,4,3254.8,67,2,3254.7,6,1,3255.4,96,3,3256.1,14,1,3256.3,56,2,3256.4,85,3,3256.5,354,6
11536,2025-12-30 14:07:19+05:30,3255.4,21,3253.4,1442363,94995.0,119403.0,3250.0,3267.5,3239.8,3251.5,46887925,3576.6,2926.4,4322.95,2866.6,3255.1,58,3,3255.0,60,6,3254.9,184,5,3254.8,67,2,3254.7,6,1,3255.4,155,3,3256.1,14,1,3256.3,56,2,3256.4,24,2,3256.5,296,6
11536,2025-12-30 14:07:20+05:30,3255.4,21,3253.4,1442363,94995.0,119403.0,3250.0,3267.5,3239.8,3251.5,46887925,3576.6,2926.4,4322.95,2866.6,3255.1,58,3,3255.0,60,6,3254.9,184,5,3254.8,67,2,3254.7,6,1,3255.4,155,3,3256.1,14,1,3256.3,56,2,3256.4,24,2,3256.5,296,6
11536,2025-12-30 14:07:20+05:30,3255.1,1,3253.4,1443061,95358.0,118449.0,3250.0,3267.5,3239.8,3251.5,46887925,3576.6,2926.4,4322.95,2866.6,3255.1,220,5,3255.0,78,7,3254.9,109,3,3254.8,137,6,3254.7,83,4,3255.4,28,1,3256.5,3,1,3256.6,106,3,3256.7,201,2,3256.8,107,4
11536,2025-12-30 14:07:21+05:30,3255.1,1,3253.4,1443061,95358.0,118449.0,3250.0,3267.5,3239.8,3251.5,46887925,3576.6,2926.4,4322.95,2866.6,3255.1,220,5,3255.0,78,7,3254.9,109,3,3254.8,137,6,3254.7,83,4,3255.4,28,1,3256.5,3,1,3256.6,106,3,3256.7,201,2,3256.8,107,4
11536,2025-12-30 14:07:21+05:30,3256.7,2,3253.4,1443243,95410.0,118201.0,3250.0,3267.5,3239.8,3251.5,46887925,3576.6,2926.4,4322.95,2866.6,3255.1,175,1,3255.0,64,6,3254.9,137,5,3254.8,132,7,3254.7,104,6,3256.6,57,3,3256.7,96,4,3256.8,55,2,3256.9,26,1,3257.0,258,4
11536,2025-12-30 14:07:22+05:30,3256.7,2,3253.4,1443243,95410.0,118201.0,3250.0,3267.5,3239.8,3251.5,46887925,3576.6,2926.4,4322.95,2866.6,3255.1,175,1,3255.0,64,6,3254.9,137,5,3254.8,132,7,3254.7,104,6,3256.6,57,3,3256.7,96,4,3256.8,55,2,3256.9,26,1,3257.0,258,4
11536,2025-12-30 14:07:22+05:30,3256.6,10,3253.4,1443376,95696.0,118400.0,3250.0,3267.5,3239.8,3251.5,46887925,3576.6,2926.4,4322.95,2866.6,3255.2,82,4,3255.1,207,3,3255.0,57,7,3254.9,124,5,3254.8,196,9,3256.6,57,3,3256.7,19,1,3256.8,32,2,3256.9,26,1,3257.0,27,1
11536,2025-12-30 14:07:23+05:30,3256.6,10,3253.4,1443376,95696.0,118400.0,3250.0,3267.5,3239.8,3251.5,46887925,3576.6,2926.4,4322.95,2866.6,3255.2,82,4,3255.1,207,3,3255.0,57,7,3254.9,124,5,3254.8,196,9,3256.6,57,3,3256.7,19,1,3256.8,32,2,3256.9,26,1,3257.0,27,1
11536,2025-12-30 14:07:23+05:30,3256.3,10,3253.4,1443386,94499.0,119648.0,3250.0,3267.5,3239.8,3251.5,46887925,3576.6,2926.4,4322.95,2866.6,3255.1,176,2,3255.0,36,6,3254.9,73,2,3254.8,159,7,3254.7,38,4,3256.2,57,3,3256.3,65,3,3256.4,28,1,3256.5,45,3,3256.6,113,6
11536,2025-12-30 14:07:24+05:30,3256.2,1,3253.4,1443386,94499.0,119648.0,3250.0,3267.5,3239.8,3251.5,46887925,3576.6,2926.4,4322.95,2866.6,3255.1,176,2,3255.0,36,6,3254.9,73,2,3254.8,159,7,3254.7,38,4,3256.2,57,3,3256.3,65,3,3256.4,28,1,3256.5,45,3,3256.6,113,6
11536,2025-12-30 14:07:24+05:30,3256.2,1,3253.4,1443387,93623.0,119801.0,3250.0,3267.5,3239.8,3251.5,46887925,3576.6,2926.4,4322.95,2866.6,3255.1,176,2,3255.0,36,6,3254.9,80,3,3254.8,100,5,3254.7,35,3,3256.2,83,4,3256.3,65,3,3256.4,28,1,3256.5,35,2,3256.6,134,7
11536,2025-12-30 14:07:25+05:30,3256.2,1,3253.4,1443387,93623.0,119801.0,3250.0,3267.5,3239.8,3251.5,46887925,3576.6,2926.4,4322.95,2866.6,3255.1,176,2,3255.0,36,6,3254.9,80,3,3254.8,100,5,3254.7,35,3,3256.2,83,4,3256.3,65,3,3256.4,28,1,3256.5,35,2,3256.6,134,7
11536,2025-12-30 14:07:25+05:30,3255.1,1,3253.4,1443389,95063.0,119826.0,3250.0,3267.5,3239.8,3251.5,46887925,3576.6,2926.4,4322.95,2866.6,3255.1,175,2,3255.0,36,6,3254.9,73,2,3254.8,100,5,3254.7,35,3,3256.2,68,4,3256.3,49,2,3256.4,70,2,3256.5,60,3,3256.6,166,7
11536,2025-12-30 14:07:26+05:30,3255.1,1,3253.4,1443389,95063.0,119826.0,3250.0,3267.5,3239.8,3251.5,46887925,3576.6,2926.4,4322.95,2866.6,3255.1,175,2,3255.0,36,6,3254.9,73,2,3254.8,100,5,3254.7,35,3,3256.2,68,4,3256.3,49,2,3256.4,70,2,3256.5,60,3,3256.6,166,7
11536,2025-12-30 14:07:26+05:30,3255.1,1,3253.4,1443390,95128.0,119866.0,3250.0,3267.5,3239.8,3251.5,46887925,3576.6,2926.4,4322.95,2866.6,3255.1,226,3,3255.0,36,6,3254.9,80,3,3254.8,100,5,3254.7,35,3,3256.2,68,4,3256.3,49,2,3256.4,70,2,3256.5,60,3,3256.6,122,7
11536,2025-12-30 14:07:27+05:30,3255.1,1,3253.4,1443390,95128.0,119866.0,3250.0,3267.5,3239.8,3251.5,46887925,3576.6,2926.4,4322.95,2866.6,3255.1,226,3,3255.0,36,6,3254.9,80,3,3254.8,100,5,3254.7,35,3,3256.2,68,4,3256.3,49,2,3256.4,70,2,3256.5,60,3,3256.6,122,7
11536,2025-12-30 14:07:27+05:30,3256.2,3,3253.4,1443393,94959.0,119819.0,3250.0,3267.5,3239.8,3251.5,46887925,3576.6,2926.4,4322.95,2866.6,3255.1,227,4,3255.0,36,6,3254.9,80,3,3254.8,100,5,3254.7,35,3,3256.2,63,4,3256.3,49,2,3256.4,70,2,3256.5,60,3,3256.6,122,7
11536,2025-12-30 14:07:28+05:30,3255.1,3,3253.4,1443393,94959.0,119819.0,3250.0,3267.5,3239.8,3251.5,46887925,3576.6,2926.4,4322.95,2866.6,3255.1,227,4,3255.0,36,6,3254.9,80,3,3254.8,100,5,3254.7,35,3,3256.2,63,4,3256.3,49,2,3256.4,70,2,3256.5,60,3,3256.6,122,7
11536,2025-12-30 14:07:28+05:30,3255.1,3,3253.4,1443396,94931.0,119596.0,3250.0,3267.5,3239.8,3251.5,46887925,3576.6,2926.4,4322.95,2866.6,3255.1,224,4,3255.0,33,5,3254.9,83,3,3254.8,74,4,3254.7,35,3,3256.1,83,3,3256.2,80,3,3256.3,13,1,3256.4,228,4,3256.5,60,3
11536,2025-12-30 14:07:29+05:30,3255.1,2,3253.4,1443396,94931.0,119596.0,3250.0,3267.5,3239.8,3251.5,46887925,3576.6,2926.4,4322.95,2866.6,3255.1,224,4,3255.0,33,5,3254.9,83,3,3254.8,74,4,3254.7,35,3,3256.1,83,3,3256.2,80,3,3256.3,13,1,3256.4,228,4,3256.5,60,3
11536,2025-12-30 14:07:29+05:30,3256.1,7,3253.4,1443416,95068.0,119535.0,3250.0,3267.5,3239.8,3251.5,46887925,3576.6,2926.4,4322.95,2866.6,3255.1,232,5,3255.0,33,5,3254.9,106,3,3254.8,74,4,3254.7,35,3,3256.1,73,4,3256.2,30,1,3256.4,70,2,3256.5,162,2,3256.6,149,8
11536,2025-12-30 14:07:30+05:30,3256.1,4,3253.4,1443416,95068.0,119535.0,3250.0,3267.5,3239.8,3251.5,46887925,3576.6,2926.4,4322.95,2866.6,3255.1,232,5,3255.0,33,5,3254.9,106,3,3254.8,74,4,3254.7,35,3,3256.1,73,4,3256.2,30,1,3256.4,70,2,3256.5,162,2,3256.6,149,8
11536,2025-12-30 14:07:30+05:30,3256.2,17,3253.4,1443588,95115.0,119627.0,3250.0,3267.5,3239.8,3251.5,46887925,3576.6,2926.4,4322.95,2866.6,3255.2,75,3,3255.1,64,4,3255.0,33,5,3254.9,73,2,3254.8,74,4,3256.2,13,1,3256.4,137,5,3256.5,38,2,3256.6,166,7,3256.7,177,2
11536,2025-12-30 14:07:31+05:30,3256.2,1,3253.4,1443588,95115.0,119627.0,3250.0,3267.5,3239.8,3251.5,46887925,3576.6,2926.4,4322.95,2866.6,3255.2,75,3,3255.1,64,4,3255.0,33,5,3254.9,73,2,3254.8,74,4,3256.2,13,1,3256.4,137,5,3256.5,38,2,3256.6,166,7,3256.7,177,2
11536,2025-12-30 14:07:31+05:30,3255.2,1,3253.4,1443592,95133.0,119738.0,3250.0,3267.5,3239.8,3251.5,46887925,3576.6,2926.4,4322.95,2866.6,3255.2,44,2,3255.1,64,4,3255.0,36,6,3254.9,103,3,3254.8,74,4,3256.2,72,6,3256.4,100,3,3256.5,298,6,3256.6,166,7,3256.7,10,1
11536,2025-12-30 14:07:32+05:30,3255.2,1,3253.4,1443592,95133.0,119738.0,3250.0,3267.5,3239.8,3251.5,46887925,3576.6,2926.4,4322.95,2866.6,3255.2,44,2,3255.1,64,4,3255.0,36,6,3254.9,103,3,3254.8,74,4,3256.2,72,6,3256.4,100,3,3256.5,298,6,3256.6,166,7,3256.7,10,1
11536,2025-12-30 14:07:32+05:30,3254.8,14,3253.41,1444650,94955.0,120077.0,3250.0,3267.5,3239.8,3251.5,46887925,3576.6,2926.4,4322.95,2866.6,3254.9,26,1,3254.8,66,3,3254.7,113,6,3254.6,37,5,3254.5,318,6,3256.2,76,4,3256.4,108,5,3256.5,224,3,3256.6,110,5,3256.8,135,7
11536,2025-12-30 14:07:33+05:30,3254.8,14,3253.41,1444650,94955.0,120077.0,3250.0,3267.5,3239.8,3251.5,46887925,3576.6,2926.4,4322.95,2866.6,3254.9,26,1,3254.8,66,3,3254.7,113,6,3254.6,37,5,3254.5,318,6,3256.2,76,4,3256.4,108,5,3256.5,224,3,3256.6,110,5,3256.8,135,7
11536,2025-12-30 14:07:33+05:30,3254.8,14,3253.41,1444650,94909.0,120303.0,3250.0,3267.5,3239.8,3251.5,46887925,3576.6,2926.4,4322.95,2866.6,3255.0,1,1,3254.9,26,1,3254.8,31,2,3254.7,62,4,3254.6,33,4,3256.0,33,1,3256.1,125,4,3256.2,168,7,3256.3,155,5,3256.4,191,6
11536,2025-12-30 14:07:34+05:30,3256.0,14,3253.41,1444697,95049.0,120232.0,3250.0,3267.5,3239.8,3251.5,46887925,3576.6,2926.4,4322.95,2866.6,3255.0,1,1,3254.9,26,1,3254.8,31,2,3254.7,62,4,3254.6,33,4,3256.0,53,3,3256.1,113,3,3256.2,203,8,3256.3,49,2,3256.4,130,5
11536,2025-12-30 14:07:35+05:30,3256.0,1,3253.41,1444697,95049.0,120232.0,3250.0,3267.5,3239.8,3251.5,46887925,3576.6,2926.4,4322.95,2866.6,3255.0,1,1,3254.9,26,1,3254.8,31,2,3254.7,62,4,3254.6,33,4,3256.0,53,3,3256.1,113,3,3256.2,203,8,3256.3,49,2,3256.4,130,5
11536,2025-12-30 14:07:35+05:30,3256.0,1,3253.41,1444699,95085.0,120223.0,3250.0,3267.5,3239.8,3251.5,46887925,3576.6,2926.4,4322.95,2866.6,3255.0,1,1,3254.9,26,1,3254.8,31,2,3254.7,62,4,3254.6,33,4,3256.0,51,3,3256.1,113,3,3256.2,187,7,3256.3,49,2,3256.4,130,5
11536,2025-12-30 14:07:36+05:30,3254.9,2,3253.41,1444699,95085.0,120223.0,3250.0,3267.5,3239.8,3251.5,46887925,3576.6,2926.4,4322.95,2866.6,3255.0,1,1,3254.9,26,1,3254.8,31,2,3254.7,62,4,3254.6,33,4,3256.0,51,3,3256.1,113,3,3256.2,187,7,3256.3,49,2,3256.4,130,5
11536,2025-12-30 14:07:36+05:30,3254.9,2,3253.41,1444703,94905.0,120766.0,3250.0,3267.5,3239.8,3251.5,46887925,3576.6,2926.4,4322.95,2866.6,3254.7,98,5,3254.6,33,4,3254.5,261,4,3254.4,31,3,3254.3,9,3,3255.1,1,1,3255.8,61,1,3255.9,153,1,3256.0,119,4,3256.1,103,2
11536,2025-12-30 14:07:37+05:30,3254.7,1,3253.41,1444704,95047.0,120718.0,3250.0,3267.5,3239.8,3251.5,46887925,3576.6,2926.4,4322.95,2866.6,3254.7,151,7,3254.6,33,4,3254.5,316,5,3254.4,60,4,3254.3,9,3,3255.1,1,1,3255.8,61,1,3255.9,153,1,3256.0,119,4,3256.1,103,2
11536,2025-12-30 14:07:38+05:30,3254.7,1,3253.41,1444704,95047.0,120718.0,3250.0,3267.5,3239.8,3251.5,46887925,3576.6,2926.4,4322.95,2866.6,3254.7,151,7,3254.6,33,4,3254.5,316,5,3254.4,60,4,3254.3,9,3,3255.1,1,1,3255.8,61,1,3255.9,153,1,3256.0,119,4,3256.1,103,2
11536,2025-12-30 14:07:38+05:30,3255.1,4,3253.41,1444719,95309.0,119545.0,3250.0,3267.5,3239.8,3251.5,46887925,3576.6,2926.4,4322.95,2866.6,3255.6,1,1,3255.1,1,1,3254.8,48,3,3254.7,93,7,3254.6,164,7,3256.0,35,1,3256.1,46,2,3256.2,43,2,3256.3,84,3,3256.4,21,1
11536,2025-12-30 14:07:39+05:30,3255.6,1,3253.41,1444719,95309.0,119545.0,3250.0,3267.5,3239.8,3251.5,46887925,3576.6,2926.4,4322.95,2866.6,3255.6,1,1,3255.1,1,1,3254.8,48,3,3254.7,93,7,3254.6,164,7,3256.0,35,1,3256.1,46,2,3256.2,43,2,3256.3,84,3,3256.4,21,1
11536,2025-12-30 14:07:39+05:30,3255.6,1,3253.41,1444720,95496.0,119794.0,3250.0,3267.5,3239.8,3251.5,46887925,3576.6,2926.4,4322.95,2866.6,3255.1,1,1,3254.9,30,1,3254.8,83,4,3254.7,89,6,3254.6,164,7,3256.0,3,1,3256.1,52,2,3256.2,43,2,3256.3,84,3,3256.4,51,2
11536,2025-12-30 14:07:40+05:30,3256.3,2,3253.41,1444720,95496.0,119794.0,3250.0,3267.5,3239.8,3251.5,46887925,3576.6,2926.4,4322.95,2866.6,3255.1,1,1,3254.9,30,1,3254.8,83,4,3254.7,89,6,3254.6,164,7,3256.0,3,1,3256.1,52,2,3256.2,43,2,3256.3,84,3,3256.4,51,2
11536,2025-12-30 14:07:40+05:30,3254.9,5,3253.41,1444828,95552.0,120493.0,3250.0,3267.5,3239.8,3251.5,46887925,3576.6,2926.4,4322.95,2866.6,3254.9,25,1,3254.8,83,4,3254.7,89,6,3254.6,48,5,3254.5,342,7,3256.0,9,1,3256.2,45,2,3256.3,111,4,3256.4,67,2,3256.5,65,3
11536,2025-12-30 14:07:41+05:30,3254.9,20,3253.41,1444828,95552.0,120493.0,3250.0,3267.5,3239.8,3251.5,46887925,3576.6,2926.4,4322.95,2866.6,3254.9,25,1,3254.8,83,4,3254.7,89,6,3254.6,48,5,3254.5,342,7,3256.0,9,1,3256.2,45,2,3256.3,111,4,3256.4,67,2,3256.5,65,3
11536,2025-12-30 14:07:41+05:30,3254.9,20,3253.41,1444848,95549.0,120849.0,3250.0,3267.5,3239.8,3251.5,46887925,3576.6,2926.4,4322.95,2866.6,3255.0,1,1,3254.9,5,1,3254.8,80,3,3254.7,89,6,3254.6,48,5,3256.0,64,3,3256.1,113,3,3256.2,119,3,3256.3,164,6,3256.4,21,1
11536,2025-12-30 14:07:42+05:30,3256.0,3,3253.41,1444848,95549.0,120849.0,3250.0,3267.5,3239.8,3251.5,46887925,3576.6,2926.4,4322.95,2866.6,3255.0,1,1,3254.9,5,1,3254.8,80,3,3254.7,89,6,3254.6,48,5,3256.0,64,3,3256.1,113,3,3256.2,119,3,3256.3,164,6,3256.4,21,1
11536,2025-12-30 14:07:42+05:30,3256.0,1,3253.41,1444858,95569.0,120868.0,3250.0,3267.5,3239.8,3251.5,46887925,3576.6,2926.4,4322.95,2866.6,3255.0,51,2,3254.9,5,1,3254.8,38,2,3254.7,88,5,3254.6,48,5,3256.0,42,1,3256.1,128,4,3256.2,206,7,3256.3,122,4,3256.4,21,1
11536,2025-12-30 14:07:43+05:30,3255.0,1,3253.41,1444858,95569.0,120868.0,3250.0,3267.5,3239.8,3251.5,46887925,3576.6,2926.4,4322.95,2866.6,3255.0,51,2,3254.9,5,1,3254.8,38,2,3254.7,88,5,3254.6,48,5,3256.0,42,1,3256.1,128,4,3256.2,206,7,3256.3,122,4,3256.4,21,1
11536,2025-12-30 14:07:43+05:30,3255.0,1,3253.41,1444860,95567.0,120867.0,3250.0,3267.5,3239.8,3251.5,46887925,3576.6,2926.4,4322.95,2866.6,3255.0,49,1,3254.9,5,1,3254.8,38,2,3254.7,88,5,3254.6,48,5,3256.0,42,1,3256.1,151,5,3256.2,182,6,3256.3,122,4,3256.4,21,1
11536,2025-12-30 14:07:44+05:30,3255.0,1,3253.41,1444860,95567.0,120867.0,3250.0,3267.5,3239.8,3251.5,46887925,3576.6,2926.4,4322.95,2866.6,3255.0,49,1,3254.9,5,1,3254.8,38,2,3254.7,88,5,3254.6,48,5,3256.0,42,1,3256.1,151,5,3256.2,182,6,3256.3,122,4,3256.4,21,1
11536,2025-12-30 14:07:44+05:30,3255.0,1,3253.41,1444860,97467.0,120866.0,3250.0,3267.5,3239.8,3251.5,46887925,3576.6,2926.4,4322.95,2866.6,3255.0,49,1,3254.9,5,1,3254.8,38,2,3254.7,88,5,3254.6,48,5,3256.0,42,1,3256.1,136,4,3256.2,154,4,3256.3,122,4,3256.4,42,2
11536,2025-12-30 14:07:45+05:30,3256.0,1,3253.41,1444860,97467.0,120866.0,3250.0,3267.5,3239.8,3251.5,46887925,3576.6,2926.4,4322.95,2866.6,3255.0,49,1,3254.9,5,1,3254.8,38,2,3254.7,88,5,3254.6,48,5,3256.0,42,1,3256.1,136,4,3256.2,154,4,3256.3,122,4,3256.4,42,2
11536,2025-12-30 14:07:45+05:30,3256.0,1,3253.41,1444861,97464.0,120866.0,3250.0,3267.5,3239.8,3251.5,46887925,3576.6,2926.4,4322.95,2866.6,3255.0,49,1,3254.9,5,1,3254.8,38,2,3254.7,88,5,3254.6,48,5,3256.0,55,3,3256.1,113,3,3256.2,154,4,3256.3,122,4,3256.4,52,3
11536,2025-12-30 14:07:46+05:30,3256.0,1,3253.41,1444861,97464.0,120866.0,3250.0,3267.5,3239.8,3251.5,46887925,3576.6,2926.4,4322.95,2866.6,3255.0,49,1,3254.9,5,1,3254.8,38,2,3254.7,88,5,3254.6,48,5,3256.0,55,3,3256.1,113,3,3256.2,154,4,3256.3,122,4,3256.4,52,3
11536,2025-12-30 14:07:46+05:30,3256.0,1,3253.41,1444864,97473.0,120852.0,3250.0,3267.5,3239.8,3251.5,46887925,3576.6,2926.4,4322.95,2866.6,3255.0,49,1,3254.9,5,1,3254.8,38,2,3254.7,88,5,3254.6,48,5,3256.0,64,4,3256.1,113,3,3256.2,131,3,3256.3,122,4,3256.4,52,3
11536,2025-12-30 14:07:47+05:30,3256.0,1,3253.41,1444864,97473.0,120852.0,3250.0,3267.5,3239.8,3251.5,46887925,3576.6,2926.4,4322.95,2866.6,3255.0,49,1,3254.9,5,1,3254.8,38,2,3254.7,88,5,3254.6,48,5,3256.0,64,4,3256.1,113,3,3256.2,131,3,3256.3,122,4,3256.4,52,3
11536,2025-12-30 14:07:47+05:30,3254.6,168,3253.41,1445941,98061.0,119927.0,3250.0,3267.5,3239.8,3251.5,46887925,3576.6,2926.4,4322.95,2866.6,3254.9,85,3,3254.8,37,2,3254.7,24,1,3254.6,68,4,3254.5,363,9,3256.0,23,2,3256.2,25,1,3256.4,115,5,3256.6,270,5,3256.7,89,2
11536,2025-12-30 14:07:48+05:30,3256.0,1,3253.41,1445941,98061.0,119927.0,3250.0,3267.5,3239.8,3251.5,46887925,3576.6,2926.4,4322.95,2866.6,3254.9,85,3,3254.8,37,2,3254.7,24,1,3254.6,68,4,3254.5,363,9,3256.0,23,2,3256.2,25,1,3256.4,115,5,3256.6,270,5,3256.7,89,2
11536,2025-12-30 14:07:48+05:30,3254.9,1,3253.41,1445944,98223.0,119871.0,3250.0,3267.5,3239.8,3251.5,46887925,3576.6,2926.4,4322.95,2866.6,3254.9,84,3,3254.8,47,3,3254.7,32,2,3254.6,77,4,3254.5,363,9,3256.0,21,2,3256.2,25,1,3256.4,115,5,3256.6,270,5,3256.7,89,2
11536,2025-12-30 14:07:49+05:30,3254.9,1,3253.41,1445944,98223.0,119871.0,3250.0,3267.5,3239.8,3251.5,46887925,3576.6,2926.4,4322.95,2866.6,3254.9,84,3,3254.8,47,3,3254.7,32,2,3254.6,77,4,3254.5,363,9,3256.0,21,2,3256.2,25,1,3256.4,115,5,3256.6,270,5,3256.7,89,2
11536,2025-12-30 14:07:49+05:30,3256.0,26,3253.41,1445993,98030.0,120201.0,3250.0,3267.5,3239.8,3251.5,46887925,3576.6,2926.4,4322.95,2866.6,3256.0,5,1,3255.1,5,2,3255.0,57,2,3254.8,30,2,3254.6,115,8,3256.3,108,4,3256.4,42,1,3256.6,51,2,3256.7,93,3,3256.8,114,5
11536,2025-12-30 14:07:50+05:30,3256.0,26,3253.41,1445993,98030.0,120201.0,3250.0,3267.5,3239.8,3251.5,46887925,3576.6,2926.4,4322.95,2866.6,3256.0,5,1,3255.1,5,2,3255.0,57,2,3254.8,30,2,3254.6,115,8,3256.3,108,4,3256.4,42,1,3256.6,51,2,3256.7,93,3,3256.8,114,5
11536,2025-12-30 14:07:50+05:30,3256.0,26,3253.41,1445993,97931.0,120239.0,3250.0,3267.5,3239.8,3251.5,46887925,3576.6,2926.4,4322.95,2866.6,3256.0,5,1,3255.1,5,2,3255.0,57,2,3254.8,30,2,3254.6,115,8,3256.3,88,4,3256.4,42,1,3256.5,24,1,3256.6,97,3,3256.7,21,1
11536,2025-12-30 14:07:51+05:30,3256.3,3,3253.41,1445996,97845.0,120252.0,3250.0,3267.5,3239.8,3251.5,46887925,3576.6,2926.4,4322.95,2866.6,3256.0,5,1,3255.1,5,2,3255.0,58,3,3254.8,30,2,3254.6,115,8,3256.3,99,5,3256.4,42,1,3256.6,97,3,3256.7,21,1,3256.8,166,7
11536,2025-12-30 14:07:52+05:30,3256.6,7,3253.41,1445996,97845.0,120252.0,3250.0,3267.5,3239.8,3251.5,46887925,3576.6,2926.4,4322.95,2866.6,3256.0,5,1,3255.1,5,2,3255.0,58,3,3254.8,30,2,3254.6,115,8,3256.3,99,5,3256.4,42,1,3256.6,97,3,3256.7,21,1,3256.8,166,7
11536,2025-12-30 14:07:52+05:30,3256.2,3,3253.41,1446205,98017.0,120236.0,3250.0,3267.5,3239.8,3251.5,46887925,3576.6,2926.4,4322.95,2866.6,3255.1,20,1,3255.0,1,1,3254.8,9,1,3254.6,110,6,3254.5,317,7,3256.2,15,1,3256.3,94,4,3256.4,120,5,3256.5,24,2,3256.6,49,4
11536,2025-12-30 14:07:53+05:30,3256.2,3,3253.41,1446205,98017.0,120236.0,3250.0,3267.5,3239.8,3251.5,46887925,3576.6,2926.4,4322.95,2866.6,3255.1,20,1,3255.0,1,1,3254.8,9,1,3254.6,110,6,3254.5,317,7,3256.2,15,1,3256.3,94,4,3256.4,120,5,3256.5,24,2,3256.6,49,4
11536,2025-12-30 14:07:53+05:30,3256.2,3,3253.41,1446205,98024.0,120276.0,3250.0,3267.5,3239.8,3251.5,46887925,3576.6,2926.4,4322.95,2866.6,3255.1,20,1,3255.0,1,1,3254.8,9,1,3254.6,110,6,3254.5,317,7,3256.2,113,5,3256.3,34,1,3256.4,120,5,3256.5,48,3,3256.6,49,4
11536,2025-12-30 14:07:54+05:30,3255.1,1,3253.41,1446206,95532.0,120457.0,3250.0,3267.5,3239.8,3251.5,46887925,3576.6,2926.4,4322.95,2866.6,3255.1,66,2,3255.0,1,1,3254.8,12,2,3254.6,83,4,3254.5,262,6,3256.2,135,5,3256.3,10,1,3256.4,110,4,3256.5,55,3,3256.6,49,4
11536,2025-12-30 14:07:55+05:30,3256.4,1,3253.41,1446206,95532.0,120457.0,3250.0,3267.5,3239.8,3251.5,46887925,3576.6,2926.4,4322.95,2866.6,3255.1,66,2,3255.0,1,1,3254.8,12,2,3254.6,83,4,3254.5,262,6,3256.2,135,5,3256.3,10,1,3256.4,110,4,3256.5,55,3,3256.6,49,4
11536,2025-12-30 14:07:55+05:30,3256.4,1,3253.41,1446321,99057.0,120221.0,3250.0,3267.5,3239.8,3251.5,46887925,3576.6,2926.4,4322.95,2866.6,3255.1,96,4,3255.0,35,2,3254.9,3,1,3254.8,67,4,3254.6,77,4,3256.0,8,1,3256.3,29,2,3256.4,46,2,3256.5,10,1,3256.6,148,6
11536,2025-12-30 14:07:56+05:30,3256.0,4,3253.41,1446329,98801.0,119484.0,3250.0,3267.5,3239.8,3251.5,46887925,3576.6,2926.4,4322.95,2866.6,3256.0,2,2,3255.2,42,1,3255.1,67,3,3255.0,39,3,3254.9,3,1,3256.3,29,2,3256.4,81,3,3256.5,10,1,3256.6,46,3,3256.7,209,4
11536,2025-12-30 14:07:57+05:30,3256.0,1,3253.41,1446329,98801.0,119484.0,3250.0,3267.5,3239.8,3251.5,46887925,3576.6,2926.4,4322.95,2866.6,3256.0,2,2,3255.2,42,1,3255.1,67,3,3255.0,39,3,3254.9,3,1,3256.3,29,2,3256.4,81,3,3256.5,10,1,3256.6,46,3,3256.7,209,4
11536,2025-12-30 14:07:57+05:30,3256.3,1,3253.41,1446332,98811.0,119569.0,3250.0,3267.5,3239.8,3251.5,46887925,3576.6,2926.4,4322.95,2866.6,3256.0,4,4,3255.2,43,2,3255.1,68,4,3255.0,39,3,3254.9,7,2,3256.3,19,2,3256.4,81,3,3256.5,34,2,3256.6,46,3,3256.7,183,3
11536,2025-12-30 14:07:58+05:30,3256.0,1,3253.41,1446332,98811.0,119569.0,3250.0,3267.5,3239.8,3251.5,46887925,3576.6,2926.4,4322.95,2866.6,3256.0,4,4,3255.2,43,2,3255.1,68,4,3255.0,39,3,3254.9,7,2,3256.3,19,2,3256.4,81,3,3256.5,34,2,3256.6,46,3,3256.7,183,3
11536,2025-12-30 14:07:58+05:30,3256.0,1,3253.41,1446334,95620.0,119652.0,3250.0,3267.5,3239.8,3251.5,46887925,3576.6,2926.4,4322.95,2866.6,3256.0,3,3,3255.2,43,2,3255.1,68,4,3255.0,39,3,3254.9,9,3,3256.3,28,3,3256.4,81,3,3256.5,10,1,3256.6,46,3,3256.7,183,3
11536,2025-12-30 14:07:59+05:30,3256.0,50,3253.41,1446387,95412.0,119878.0,3250.0,3267.5,3239.8,3251.5,46887925,3576.6,2926.4,4322.95,2866.6,3256.0,3,3,3255.2,43,2,3255.1,21,3,3255.0,1,1,3254.9,9,3,3256.3,91,5,3256.5,29,2,3256.6,46,3,3256.7,229,4,3256.8,107,5
11536,2025-12-30 14:08:00+05:30,3256.0,50,3253.41,1446387,95412.0,119878.0,3250.0,3267.5,3239.8,3251.5,46887925,3576.6,2926.4,4322.95,2866.6,3256.0,3,3,3255.2,43,2,3255.1,21,3,3255.0,1,1,3254.9,9,3,3256.3,91,5,3256.5,29,2,3256.6,46,3,3256.7,229,4,3256.8,107,5
11536,2025-12-30 14:08:00+05:30,3256.0,1,3253.41,1446391,97920.0,119724.0,3250.0,3267.5,3239.8,3251.5,46887925,3576.6,2926.4,4322.95,2866.6,3256.0,3,3,3255.2,1,1,3255.1,2,2,3255.0,1,1,3254.9,12,4,3256.2,105,5,3256.3,34,1,3256.4,19,1,3256.5,100,4,3256.6,46,3
11536,2025-12-30 14:08:01+05:30,3256.2,2,3253.41,1446391,97920.0,119724.0,3250.0,3267.5,3239.8,3251.5,46887925,3576.6,2926.4,4322.95,2866.6,3256.0,3,3,3255.2,1,1,3255.1,2,2,3255.0,1,1,3254.9,12,4,3256.2,105,5,3256.3,34,1,3256.4,19,1,3256.5,100,4,3256.6,46,3
11536,2025-12-30 14:08:02+05:30,3256.2,3,3253.41,1446396,95980.0,119344.0,3250.0,3267.5,3239.8,3251.5,46887925,3576.6,2926.4,4322.95,2866.6,3256.0,2,2,3255.2,1,1,3255.1,2,2,3255.0,1,1,3254.9,9,3,3256.2,116,6,3256.3,42,2,3256.4,19,1,3256.5,78,4,3256.6,92,4
11536,2025-12-30 14:08:02+05:30,3256.2,3,3253.41,1446396,95980.0,119344.0,3250.0,3267.5,3239.8,3251.5,46887925,3576.6,2926.4,4322.95,2866.6,3256.0,2,2,3255.2,1,1,3255.1,2,2,3255.0,1,1,3254.9,9,3,3256.2,116,6,3256.3,42,2,3256.4,19,1,3256.5,78,4,3256.6,92,4
11536,2025-12-30 14:08:03+05:30,3254.9,88,3253.41,1446569,97705.0,121372.0,3250.0,3267.5,3239.8,3251.5,46887925,3576.6,2926.4,4322.95,2866.6,3254.8,27,1,3254.7,28,1,3254.6,44,2,3254.5,261,6,3254.4,50,5,3254.9,106,1,3256.0,22,1,3256.1,61,1,3256.2,261,5,3256.3,34,1
11536,2025-12-30 14:08:03+05:30,3254.9,88,3253.41,1446569,97705.0,121372.0,3250.0,3267.5,3239.8,3251.5,46887925,3576.6,2926.4,4322.95,2866.6,3254.8,27,1,3254.7,28,1,3254.6,44,2,3254.5,261,6,3254.4,50,5,3254.9,106,1,3256.0,22,1,3256.1,61,1,3256.2,261,5,3256.3,34,1
11536,2025-12-30 14:08:04+05:30,3254.9,3,3253.41,1446572,98003.0,121245.0,3250.0,3267.5,3239.8,3251.5,46887925,3576.6,2926.4,4322.95,2866.6,3254.8,48,1,3254.7,28,1,3254.6,10,1,3254.5,261,6,3254.4,46,5,3254.9,103,1,3255.8,20,1,3256.0,64,2,3256.2,294,6,3256.3,34,1
11536,2025-12-30 14:08:04+05:30,3254.9,3,3253.41,1446572,98003.0,121245.0,3250.0,3267.5,3239.8,3251.5,46887925,3576.6,2926.4,4322.95,2866.6,3254.8,48,1,3254.7,28,1,3254.6,10,1,3254.5,261,6,3254.4,46,5,3254.9,103,1,3255.8,20,1,3256.0,64,2,3256.2,294,6,3256.3,34,1
11536,2025-12-30 14:08:05+05:30,3254.9,1,3253.41,1446619,98146.0,121035.0,3250.0,3267.5,3239.8,3251.5,46887925,3576.6,2926.4,4322.95,2866.6,3254.8,76,2,3254.7,15,1,3254.6,25,2,3254.5,261,6,3254.4,46,5,3254.9,56,1,3255.8,62,2,3256.0,64,2,3256.2,297,7,3256.3,34,1
11536,2025-12-30 14:08:05+05:30,3254.9,1,3253.41,1446619,98146.0,121035.0,3250.0,3267.5,3239.8,3251.5,46887925,3576.6,2926.4,4322.95,2866.6,3254.8,76,2,3254.7,15,1,3254.6,25,2,3254.5,261,6,3254.4,46,5,3254.9,56,1,3255.8,62,2,3256.0,64,2,3256.2,297,7,3256.3,34,1
11536,2025-12-30 14:08:06+05:30,3254.7,1,3253.41,1446717,98112.0,120834.0,3250.0,3267.5,3239.8,3251.5,46887925,3576.6,2926.4,4322.95,2866.6,3254.7,14,1,3254.6,25,2,3254.5,256,6,3254.4,54,6,3254.3,226,6,3254.8,78,1,3255.4,1,1,3255.8,63,3,3255.9,34,1,3256.0,89,4
11536,2025-12-30 14:08:06+05:30,3254.7,1,3253.41,1446717,98112.0,120834.0,3250.0,3267.5,3239.8,3251.5,46887925,3576.6,2926.4,4322.95,2866.6,3254.7,14,1,3254.6,25,2,3254.5,256,6,3254.4,54,6,3254.3,226,6,3254.8,78,1,3255.4,1,1,3255.8,63,3,3255.9,34,1,3256.0,89,4
11536,2025-12-30 14:08:07+05:30,3254.7,1,3253.41,1446717,98115.0,120841.0,3250.0,3267.5,3239.8,3251.5,46887925,3576.6,2926.4,4322.95,2866.6,3254.7,14,1,3254.6,25,2,3254.5,256,6,3254.4,54,6,3254.3,226,6,3254.8,78,1,3255.4,1,1,3255.8,63,3,3255.9,34,1,3256.0,89,4
11536,2025-12-30 14:08:08+05:30,3254.7,1,3253.41,1446717,98283.0,120804.0,3250.0,3267.5,3239.8,3251.5,46887925,3576.6,2926.4,4322.95,2866.6,3254.7,93,4,3254.6,25,2,3254.5,313,7,3254.4,87,7,3254.3,199,5,3254.8,78,1,3255.4,1,1,3255.5,3,1,3255.8,63,3,3255.9,34,1
11536,2025-12-30 14:08:09+05:30,3254.7,1,3253.41,1446931,98047.0,121115.0,3250.0,3267.5,3239.8,3251.5,46887925,3576.6,2926.4,4322.95,2866.6,3254.6,25,2,3254.5,341,8,3254.4,79,6,3254.3,196,4,3254.2,3,1,3254.7,105,1,3254.8,14,1,3255.4,1,1,3255.5,3,1,3255.8,65,3
11536,2025-12-30 14:08:09+05:30,3254.7,1,3253.41,1446931,98047.0,121115.0,3250.0,3267.5,3239.8,3251.5,46887925,3576.6,2926.4,4322.95,2866.6,3254.6,25,2,3254.5,341,8,3254.4,79,6,3254.3,196,4,3254.2,3,1,3254.7,105,1,3254.8,14,1,3255.4,1,1,3255.5,3,1,3255.8,65,3
11536,2025-12-30 14:08:10+05:30,3254.7,50,3253.41,1446981,98047.0,121065.0,3250.0,3267.5,3239.8,3251.5,46887925,3576.6,2926.4,4322.95,2866.6,3254.6,25,2,3254.5,341,8,3254.4,56,5,3254.3,196,4,3254.2,3,1,3254.7,55,1,3254.8,14,1,3255.4,1,1,3255.5,3,1,3255.8,65,3
11536,2025-12-30 14:08:10+05:30,3254.7,50,3253.41,1446981,98047.0,121065.0,3250.0,3267.5,3239.8,3251.5,46887925,3576.6,2926.4,4322.95,2866.6,3254.6,25,2,3254.5,341,8,3254.4,56,5,3254.3,196,4,3254.2,3,1,3254.7,55,1,3254.8,14,1,3255.4,1,1,3255.5,3,1,3255.8,65,3
11536,2025-12-30 14:08:11+05:30,3254.7,1,3253.41,1446982,98054.0,121116.0,3250.0,3267.5,3239.8,3251.5,46887925,3576.6,2926.4,4322.95,2866.6,3254.6,25,2,3254.5,341,8,3254.4,56,5,3254.3,196,4,3254.2,3,1,3254.7,68,2,3255.4,1,1,3255.5,3,1,3255.8,65,3,3256.0,65,3
11536,2025-12-30 14:08:11+05:30,3254.7,1,3253.41,1446982,98054.0,121116.0,3250.0,3267.5,3239.8,3251.5,46887925,3576.6,2926.4,4322.95,2866.6,3254.6,25,2,3254.5,341,8,3254.4,56,5,3254.3,196,4,3254.2,3,1,3254.7,68,2,3255.4,1,1,3255.5,3,1,3255.8,65,3,3256.0,65,3
11536,2025-12-30 14:08:12+05:30,3254.5,1,3253.41,1447128,97931.0,121272.0,3250.0,3267.5,3239.8,3251.5,46887925,3576.6,2926.4,4322.95,2866.6,3254.5,281,5,3254.4,17,3,3254.3,196,4,3254.2,27,1,3254.1,59,3,3254.6,107,2,3254.7,14,1,3255.4,1,1,3255.5,3,1,3255.8,65,3
11536,2025-12-30 14:08:12+05:30,3254.5,1,3253.41,1447128,97931.0,121272.0,3250.0,3267.5,3239.8,3251.5,46887925,3576.6,2926.4,4322.95,2866.6,3254.5,281,5,3254.4,17,3,3254.3,196,4,3254.2,27,1,3254.1,59,3,3254.6,107,2,3254.7,14,1,3255.4,1,1,3255.5,3,1,3255.8,65,3
11536,2025-12-30 14:08:13+05:30,3254.5,1,3253.41,1447131,97962.0,121336.0,3250.0,3267.5,3239.8,3251.5,46887925,3576.6,2926.4,4322.95,2866.6,3254.5,280,5,3254.4,17,3,3254.3,196,4,3254.2,27,1,3254.1,59,3,3254.6,106,3,3255.4,1,1,3255.5,3,1,3255.8,65,3,3256.0,90,4
11536,2025-12-30 14:08:13+05:30,3254.6,1,3253.41,1447131,97962.0,121336.0,3250.0,3267.5,3239.8,3251.5,46887925,3576.6,2926.4,4322.95,2866.6,3254.5,280,5,3254.4,17,3,3254.3,196,4,3254.2,27,1,3254.1,59,3,3254.6,106,3,3255.4,1,1,3255.5,3,1,3255.8,65,3,3256.0,90,4
11536,2025-12-30 14:08:13+05:30,3254.6,1,3253.41,1447132,97956.0,120959.0,3250.0,3267.5,3239.8,3251.5,46887925,3576.6,2926.4,4322.95,2866.6,3254.5,280,5,3254.4,17,3,3254.3,196,4,3254.2,27,1,3254.1,59,3,3254.6,119,4,3255.4,1,1,3255.5,3,1,3255.8,65,3,3255.9,26,1
11536,2025-12-30 14:08:14+05:30,3254.5,1,3253.41,1447458,97067.0,120920.0,3250.0,3267.5,3239.8,3251.5,46887925,3576.6,2926.4,4322.95,2866.6,3254.5,24,2,3254.4,17,3,3254.3,196,4,3254.2,27,1,3254.1,33,2,3254.6,15,2,3255.3,22,1,3255.4,1,1,3255.5,3,1,3255.6,30,1
11536,2025-12-30 14:08:15+05:30,3254.6,1,3253.41,1447458,97067.0,120920.0,3250.0,3267.5,3239.8,3251.5,46887925,3576.6,2926.4,4322.95,2866.6,3254.5,24,2,3254.4,17,3,3254.3,196,4,3254.2,27,1,3254.1,33,2,3254.6,15,2,3255.3,22,1,3255.4,1,1,3255.5,3,1,3255.6,30,1
11536,2025-12-30 14:08:15+05:30,3254.6,1,3253.41,1447460,96940.0,121518.0,3250.0,3267.5,3239.8,3251.5,46887925,3576.6,2926.4,4322.95,2866.6,3254.5,24,2,3254.4,17,3,3254.3,196,4,3254.2,27,1,3254.1,27,1,3254.6,87,3,3255.4,1,1,3255.5,3,1,3255.6,72,2,3255.7,61,1
11536,2025-12-30 14:08:16+05:30,3254.6,1,3253.41,1447460,96940.0,121518.0,3250.0,3267.5,3239.8,3251.5,46887925,3576.6,2926.4,4322.95,2866.6,3254.5,24,2,3254.4,17,3,3254.3,196,4,3254.2,27,1,3254.1,27,1,3254.6,87,3,3255.4,1,1,3255.5,3,1,3255.6,72,2,3255.7,61,1
11536,2025-12-30 14:08:16+05:30,3254.6,1,3253.41,1447461,96976.0,121298.0,3250.0,3267.5,3239.8,3251.5,46887925,3576.6,2926.4,4322.95,2866.6,3254.5,32,3,3254.4,17,3,3254.3,223,5,3254.2,27,1,3254.1,54,2,3254.6,86,3,3255.4,1,1,3255.5,3,1,3255.8,65,3,3255.9,38,1
11536,2025-12-30 14:08:17+05:30,3254.5,1,3253.41,1447461,96976.0,121298.0,3250.0,3267.5,3239.8,3251.5,46887925,3576.6,2926.4,4322.95,2866.6,3254.5,32,3,3254.4,17,3,3254.3,223,5,3254.2,27,1,3254.1,54,2,3254.6,86,3,3255.4,1,1,3255.5,3,1,3255.8,65,3,3255.9,38,1
11536,2025-12-30 14:08:17+05:30,3254.5,1,3253.41,1448532,96962.0,122002.0,3250.0,3267.5,3239.8,3251.5,46887925,3576.6,2926.4,4322.95,2866.6,3254.5,3,2,3254.4,5,1,3254.3,8,2,3254.1,31,1,3254.0,349,5,3254.6,86,3,3255.1,32,1,3255.3,3,1,3255.4,28,2,3255.5,45,2
11536,2025-12-30 14:08:18+05:30,3255.5,33,3253.41,1448532,96962.0,122002.0,3250.0,3267.5,3239.8,3251.5,46887925,3576.6,2926.4,4322.95,2866.6,3254.5,3,2,3254.4,5,1,3254.3,8,2,3254.1,31,1,3254.0,349,5,3254.6,86,3,3255.1,32,1,3255.3,3,1,3255.4,28,2,3255.5,45,2
11536,2025-12-30 14:08:18+05:30,3255.5,33,3253.41,1448655,97499.0,121064.0,3250.0,3267.5,3239.8,3251.5,46887925,3576.6,2926.4,4322.95,2866.6,3254.6,197,3,3254.5,35,4,3254.4,56,4,3254.3,62,5,3254.2,96,4,3255.7,78,3,3255.8,1,1,3255.9,28,1,3256.0,59,2,3256.1,6,1
11536,2025-12-30 14:08:19+05:30,3254.6,1,3253.41,1448655,97499.0,121064.0,3250.0,3267.5,3239.8,3251.5,46887925,3576.6,2926.4,4322.95,2866.6,3254.6,197,3,3254.5,35,4,3254.4,56,4,3254.3,62,5,3254.2,96,4,3255.7,78,3,3255.8,1,1,3255.9,28,1,3256.0,59,2,3256.1,6,1
11536,2025-12-30 14:08:19+05:30,3255.7,3,3253.41,1448669,97521.0,121050.0,3250.0,3267.5,3239.8,3251.5,46887925,3576.6,2926.4,4322.95,2866.6,3254.6,201,4,3254.5,35,4,3254.4,84,6,3254.3,94,6,3254.2,96,4,3255.7,65,3,3255.8,1,1,3255.9,28,1,3256.0,17,1,3256.1,6,1
11536,2025-12-30 14:08:20+05:30,3255.7,1,3253.41,1448669,97521.0,121050.0,3250.0,3267.5,3239.8,3251.5,46887925,3576.6,2926.4,4322.95,2866.6,3254.6,201,4,3254.5,35,4,3254.4,84,6,3254.3,94,6,3254.2,96,4,3255.7,65,3,3255.8,1,1,3255.9,28,1,3256.0,17,1,3256.1,6,1
11536,2025-12-30 14:08:20+05:30,3254.6,25,3253.41,1448695,97493.0,121048.0,3250.0,3267.5,3239.8,3251.5,46887925,3576.6,2926.4,4322.95,2866.6,3254.6,176,4,3254.5,35,4,3254.4,84,6,3254.3,94,6,3254.2,96,4,3255.7,64,3,3255.8,1,1,3255.9,28,1,3256.0,51,2,3256.1,6,1
11536,2025-12-30 14:08:21+05:30,3255.7,1,3253.41,1448695,97493.0,121048.0,3250.0,3267.5,3239.8,3251.5,46887925,3576.6,2926.4,4322.95,2866.6,3254.6,176,4,3254.5,35,4,3254.4,84,6,3254.3,94,6,3254.2,96,4,3255.7,64,3,3255.8,1,1,3255.9,28,1,3256.0,51,2,3256.1,6,1
11536,2025-12-30 14:08:21+05:30,3255.7,1,3253.41,1448696,97503.0,121078.0,3250.0,3267.5,3239.8,3251.5,46887925,3576.6,2926.4,4322.95,2866.6,3254.6,176,4,3254.5,4,3,3254.4,84,6,3254.3,97,7,3254.2,96,4,3255.7,63,3,3255.8,1,1,3255.9,28,1,3256.0,51,2,3256.1,6,1
11536,2025-12-30 14:08:22+05:30,3256.0,3,3253.41,1448696,97503.0,121078.0,3250.0,3267.5,3239.8,3251.5,46887925,3576.6,2926.4,4322.95,2866.6,3254.6,176,4,3254.5,4,3,3254.4,84,6,3254.3,97,7,3254.2,96,4,3255.7,63,3,3255.8,1,1,3255.9,28,1,3256.0,51,2,3256.1,6,1
11536,2025-12-30 14:08:22+05:30,3255.8,3,3253.41,1448931,97651.0,120409.0,3250.0,3267.5,3239.8,3251.5,46887925,3576.6,2926.4,4322.95,2866.6,3254.5,64,5,3254.4,116,5,3254.3,8,3,3254.2,49,2,3254.1,121,5,3255.8,56,3,3255.9,55,1,3256.0,42,1,3256.1,17,3,3256.2,144,6
11536,2025-12-30 14:08:23+05:30,3255.8,3,3253.41,1448931,97651.0,120409.0,3250.0,3267.5,3239.8,3251.5,46887925,3576.6,2926.4,4322.95,2866.6,3254.5,64,5,3254.4,116,5,3254.3,8,3,3254.2,49,2,3254.1,121,5,3255.8,56,3,3255.9,55,1,3256.0,42,1,3256.1,17,3,3256.2,144,6
11536,2025-12-30 14:08:23+05:30,3255.8,7,3253.41,1448949,95083.0,120644.0,3250.0,3267.5,3239.8,3251.5,46887925,3576.6,2926.4,4322.95,2866.6,3254.6,103,5,3254.5,94,6,3254.4,21,1,3254.3,219,6,3254.2,49,2,3255.8,8,1,3255.9,55,1,3256.0,42,1,3256.1,17,3,3256.2,98,5
11536,2025-12-30 14:08:24+05:30,3254.6,5,3253.41,1448949,95083.0,120644.0,3250.0,3267.5,3239.8,3251.5,46887925,3576.6,2926.4,4322.95,2866.6,3254.6,103,5,3254.5,94,6,3254.4,21,1,3254.3,219,6,3254.2,49,2,3255.8,8,1,3255.9,55,1,3256.0,42,1,3256.1,17,3,3256.2,98,5
11536,2025-12-30 14:08:24+05:30,3254.6,5,3253.41,1448999,97844.0,120808.0,3250.0,3267.5,3239.8,3251.5,46887925,3576.6,2926.4,4322.95,2866.6,3254.6,30,2,3254.5,51,4,3254.4,39,2,3254.3,246,7,3254.2,113,4,3255.9,68,5,3256.0,32,1,3256.1,62,4,3256.2,106,3,3256.3,87,3
11536,2025-12-30 14:08:25+05:30,3255.8,1,3253.41,1448999,97844.0,120808.0,3250.0,3267.5,3239.8,3251.5,46887925,3576.6,2926.4,4322.95,2866.6,3254.6,30,2,3254.5,51,4,3254.4,39,2,3254.3,246,7,3254.2,113,4,3255.9,68,5,3256.0,32,1,3256.1,62,4,3256.2,106,3,3256.3,87,3
11536,2025-12-30 14:08:25+05:30,3255.8,1,3253.41,1449000,98588.0,120925.0,3250.0,3267.5,3239.8,3251.5,46887925,3576.6,2926.4,4322.95,2866.6,3254.6,92,6,3254.5,73,6,3254.4,61,2,3254.3,219,6,3254.2,111,4,3255.8,39,2,3255.9,25,2,3256.0,32,1,3256.1,62,4,3256.2,87,3
11536,2025-12-30 14:08:26+05:30,3255.8,1,3253.41,1449000,98594.0,120921.0,3250.0,3267.5,3239.8,3251.5,46887925,3576.6,2926.4,4322.95,2866.6,3254.6,82,6,3254.5,99,7,3254.4,91,3,3254.3,219,6,3254.2,111,4,3255.8,39,2,3255.9,25,2,3256.0,32,1,3256.1,62,4,3256.2,60,2
11536,2025-12-30 14:08:27+05:30,3255.8,2,3253.41,1449002,94865.0,120875.0,3250.0,3267.5,3239.8,3251.5,46887925,3576.6,2926.4,4322.95,2866.6,3254.6,68,5,3254.5,73,6,3254.4,61,2,3254.3,217,5,3254.2,111,4,3255.8,41,2,3256.0,32,1,3256.1,42,2,3256.2,1,1,3256.3,111,4
11536,2025-12-30 14:08:28+05:30,3254.6,3,3253.41,1449002,94865.0,120875.0,3250.0,3267.5,3239.8,3251.5,46887925,3576.6,2926.4,4322.95,2866.6,3254.6,68,5,3254.5,73,6,3254.4,61,2,3254.3,217,5,3254.2,111,4,3255.8,41,2,3256.0,32,1,3256.1,42,2,3256.2,1,1,3256.3,111,4
11536,2025-12-30 14:08:29+05:30,3255.0,1,3253.41,1449009,97391.0,121269.0,3250.0,3267.5,3239.8,3251.5,46887925,3576.6,2926.4,4322.95,2866.6,3255.0,174,1,3254.6,54,2,3254.5,53,5,3254.4,74,3,3254.3,155,3,3255.7,32,1,3255.8,101,5,3255.9,92,4,3256.1,42,2,3256.2,50,3
11536,2025-12-30 14:08:29+05:30,3255.0,1,3253.41,1449009,97391.0,121269.0,3250.0,3267.5,3239.8,3251.5,46887925,3576.6,2926.4,4322.95,2866.6,3255.0,174,1,3254.6,54,2,3254.5,53,5,3254.4,74,3,3254.3,155,3,3255.7,32,1,3255.8,101,5,3255.9,92,4,3256.1,42,2,3256.2,50,3
11536,2025-12-30 14:08:30+05:30,3255.0,1,3253.41,1449009,97044.0,121256.0,3250.0,3267.5,3239.8,3251.5,46887925,3576.6,2926.4,4322.95,2866.6,3255.0,174,1,3254.6,54,2,3254.5,53,5,3254.4,74,3,3254.3,155,3,3255.7,32,1,3255.8,87,4,3255.9,92,4,3256.1,42,2,3256.2,50,3
11536,2025-12-30 14:08:30+05:30,3255.0,1,3253.41,1449009,97083.0,121287.0,3250.0,3267.5,3239.8,3251.5,46887925,3576.6,2926.4,4322.95,2866.6,3255.0,174,1,3254.6,54,2,3254.5,53,5,3254.4,74,3,3254.3,155,3,3255.7,58,3,3255.8,62,3,3255.9,92,4,3256.1,42,2,3256.2,50,3
11536,2025-12-30 14:08:31+05:30,3255.7,1,3253.41,1449009,97083.0,121287.0,3250.0,3267.5,3239.8,3251.5,46887925,3576.6,2926.4,4322.95,2866.6,3255.0,174,1,3254.6,54,2,3254.5,53,5,3254.4,74,3,3254.3,155,3,3255.7,58,3,3255.8,62,3,3255.9,92,4,3256.1,42,2,3256.2,50,3
11536,2025-12-30 14:08:32+05:30,3255.0,22,3253.41,1449036,96963.0,121287.0,3250.0,3267.5,3239.8,3251.5,46887925,3576.6,2926.4,4322.95,2866.6,3255.0,152,1,3254.6,54,2,3254.5,53,5,3254.4,74,3,3254.3,155,3,3255.7,58,4,3255.8,62,3,3255.9,92,4,3256.1,42,2,3256.2,50,3
11536,2025-12-30 14:08:32+05:30,3255.0,22,3253.41,1449036,96963.0,121287.0,3250.0,3267.5,3239.8,3251.5,46887925,3576.6,2926.4,4322.95,2866.6,3255.0,152,1,3254.6,54,2,3254.5,53,5,3254.4,74,3,3254.3,155,3,3255.7,58,4,3255.8,62,3,3255.9,92,4,3256.1,42,2,3256.2,50,3
11536,2025-12-30 14:08:33+05:30,3254.3,74,3253.41,1450113,96357.0,121270.0,3250.0,3267.5,3239.8,3251.5,46887925,3576.6,2926.4,4322.95,2866.6,3254.4,123,6,3254.3,306,4,3254.2,31,2,3254.1,40,2,3254.0,445,8,3255.6,30,2,3255.7,52,4,3255.8,24,1,3255.9,34,2,3256.0,88,3
11536,2025-12-30 14:08:33+05:30,3254.3,74,3253.41,1450113,96357.0,121270.0,3250.0,3267.5,3239.8,3251.5,46887925,3576.6,2926.4,4322.95,2866.6,3254.4,123,6,3254.3,306,4,3254.2,31,2,3254.1,40,2,3254.0,445,8,3255.6,30,2,3255.7,52,4,3255.8,24,1,3255.9,34,2,3256.0,88,3
11536,2025-12-30 14:08:34+05:30,3254.3,74,3253.41,1450113,96520.0,121229.0,3250.0,3267.5,3239.8,3251.5,46887925,3576.6,2926.4,4322.95,2866.6,3254.4,128,7,3254.3,315,5,3254.2,31,2,3254.1,26,2,3254.0,493,10,3255.6,19,1,3255.7,24,2,3255.8,24,1,3255.9,55,3,3256.0,88,3
11536,2025-12-30 14:08:34+05:30,3255.6,14,3253.41,1450113,96520.0,121229.0,3250.0,3267.5,3239.8,3251.5,46887925,3576.6,2926.4,4322.95,2866.6,3254.4,128,7,3254.3,315,5,3254.2,31,2,3254.1,26,2,3254.0,493,10,3255.6,19,1,3255.7,24,2,3255.8,24,1,3255.9,55,3,3256.0,88,3
11536,2025-12-30 14:08:35+05:30,3255.7,1,3253.41,1450162,97284.0,120934.0,3250.0,3267.5,3239.8,3251.5,46887925,3576.6,2926.4,4322.95,2866.6,3254.6,58,2,3254.5,10,1,3254.4,76,5,3254.3,276,2,3254.2,113,5,3255.7,18,2,3255.8,51,3,3255.9,31,2,3256.0,42,1,3256.1,37,2
11536,2025-12-30 14:08:35+05:30,3255.7,1,3253.41,1450162,97284.0,120934.0,3250.0,3267.5,3239.8,3251.5,46887925,3576.6,2926.4,4322.95,2866.6,3254.6,58,2,3254.5,10,1,3254.4,76,5,3254.3,276,2,3254.2,113,5,3255.7,18,2,3255.8,51,3,3255.9,31,2,3256.0,42,1,3256.1,37,2
11536,2025-12-30 14:08:35+05:30,3254.7,7,3253.41,1450173,97459.0,120878.0,3250.0,3267.5,3239.8,3251.5,46887925,3576.6,2926.4,4322.95,2866.6,3254.7,48,2,3254.6,10,1,3254.4,61,5,3254.3,318,3,3254.2,53,3,3255.7,3,1,3255.8,8,1,3255.9,31,2,3256.0,42,1,3256.1,37,2
11536,2025-12-30 14:08:36+05:30,3254.7,7,3253.41,1450173,97459.0,120878.0,3250.0,3267.5,3239.8,3251.5,46887925,3576.6,2926.4,4322.95,2866.6,3254.7,48,2,3254.6,10,1,3254.4,61,5,3254.3,318,3,3254.2,53,3,3255.7,3,1,3255.8,8,1,3255.9,31,2,3256.0,42,1,3256.1,37,2
11536,2025-12-30 14:08:37+05:30,3255.7,30,3253.41,1450203,97452.0,120887.0,3250.0,3267.5,3239.8,3251.5,46887925,3576.6,2926.4,4322.95,2866.6,3254.7,48,2,3254.6,10,1,3254.4,52,4,3254.3,318,3,3254.2,53,3,3255.7,5,1,3255.8,34,2,3255.9,62,3,3256.0,42,1,3256.1,75,3
11536,2025-12-30 14:08:37+05:30,3255.7,30,3253.41,1450203,97452.0,120887.0,3250.0,3267.5,3239.8,3251.5,46887925,3576.6,2926.4,4322.95,2866.6,3254.7,48,2,3254.6,10,1,3254.4,52,4,3254.3,318,3,3254.2,53,3,3255.7,5,1,3255.8,34,2,3255.9,62,3,3256.0,42,1,3256.1,75,3
11536,2025-12-30 14:08:37+05:30,3255.7,30,3253.41,1450203,97452.0,120887.0,3250.0,3267.5,3239.8,3251.5,46887925,3576.6,2926.4,4322.95,2866.6,3254.7,48,2,3254.6,10,1,3254.4,52,4,3254.3,318,3,3254.2,53,3,3255.7,5,1,3255.8,34,2,3255.9,62,3,3256.0,42,1,3256.1,75,3
11536,2025-12-30 14:08:38+05:30,3255.7,4,3253.41,1450207,97482.0,120751.0,3250.0,3267.5,3239.8,3251.5,46887925,3576.6,2926.4,4322.95,2866.6,3254.7,48,2,3254.6,10,1,3254.4,61,5,3254.3,318,3,3254.2,53,3,3255.7,1,1,3255.8,8,1,3255.9,62,3,3256.0,42,1,3256.1,37,2
11536,2025-12-30 14:08:38+05:30,3255.7,4,3253.41,1450207,97482.0,120751.0,3250.0,3267.5,3239.8,3251.5,46887925,3576.6,2926.4,4322.95,2866.6,3254.7,48,2,3254.6,10,1,3254.4,61,5,3254.3,318,3,3254.2,53,3,3255.7,1,1,3255.8,8,1,3255.9,62,3,3256.0,42,1,3256.1,37,2
11536,2025-12-30 14:08:38+05:30,3255.7,4,3253.41,1450207,97482.0,120751.0,3250.0,3267.5,3239.8,3251.5,46887925,3576.6,2926.4,4322.95,2866.6,3254.7,48,2,3254.6,10,1,3254.4,61,5,3254.3,318,3,3254.2,53,3,3255.7,1,1,3255.8,8,1,3255.9,62,3,3256.0,42,1,3256.1,37,2
11536,2025-12-30 14:08:39+05:30,3255.7,4,3253.41,1450207,98575.0,120362.0,3250.0,3267.5,3239.8,3251.5,46887925,3576.6,2926.4,4322.95,2866.6,3255.0,58,2,3254.9,32,1,3254.8,28,1,3254.7,31,1,3254.5,207,4,3255.7,54,2,3256.2,1,1,3256.3,61,2,3256.4,82,3,3256.5,47,2
11536,2025-12-30 14:08:40+05:30,3255.7,4,3253.41,1450207,98575.0,120362.0,3250.0,3267.5,3239.8,3251.5,46887925,3576.6,2926.4,4322.95,2866.6,3255.0,58,2,3254.9,32,1,3254.8,28,1,3254.7,31,1,3254.5,207,4,3255.7,54,2,3256.2,1,1,3256.3,61,2,3256.4,82,3,3256.5,47,2
11536,2025-12-30 14:08:40+05:30,3254.5,1,3253.41,1450209,98342.0,121166.0,3250.0,3267.5,3239.8,3251.5,46887925,3576.6,2926.4,4322.95,2866.6,3254.5,67,4,3254.4,43,4,3254.3,321,4,3254.2,27,3,3254.1,195,7,3255.7,72,3,3256.1,93,4,3256.2,91,4,3256.3,61,2,3256.4,138,6
11536,2025-12-30 14:08:40+05:30,3254.5,1,3253.41,1450209,98342.0,121166.0,3250.0,3267.5,3239.8,3251.5,46887925,3576.6,2926.4,4322.95,2866.6,3254.5,67,4,3254.4,43,4,3254.3,321,4,3254.2,27,3,3254.1,195,7,3255.7,72,3,3256.1,93,4,3256.2,91,4,3256.3,61,2,3256.4,138,6
11536,2025-12-30 14:08:40+05:30,3254.5,1,3253.41,1450209,98342.0,121166.0,3250.0,3267.5,3239.8,3251.5,46887925,3576.6,2926.4,4322.95,2866.6,3254.5,67,4,3254.4,43,4,3254.3,321,4,3254.2,27,3,3254.1,195,7,3255.7,72,3,3256.1,93,4,3256.2,91,4,3256.3,61,2,3256.4,138,6
11536,2025-12-30 14:08:41+05:30,3255.7,4,3253.41,1450213,98032.0,121139.0,3250.0,3267.5,3239.8,3251.5,46887925,3576.6,2926.4,4322.95,2866.6,3255.0,175,1,3254.5,67,4,3254.4,79,5,3254.3,321,4,3254.2,54,4,3255.7,68,3,3256.0,59,2,3256.1,86,4,3256.2,25,2,3256.3,107,3
11536,2025-12-30 14:08:41+05:30,3255.7,4,3253.41,1450213,98032.0,121139.0,3250.0,3267.5,3239.8,3251.5,46887925,3576.6,2926.4,4322.95,2866.6,3255.0,175,1,3254.5,67,4,3254.4,79,5,3254.3,321,4,3254.2,54,4,3255.7,68,3,3256.0,59,2,3256.1,86,4,3256.2,25,2,3256.3,107,3
11536,2025-12-30 14:08:42+05:30,3255.7,7,3253.41,1450213,98032.0,121139.0,3250.0,3267.5,3239.8,3251.5,46887925,3576.6,2926.4,4322.95,2866.6,3255.0,175,1,3254.5,67,4,3254.4,79,5,3254.3,321,4,3254.2,54,4,3255.7,68,3,3256.0,59,2,3256.1,86,4,3256.2,25,2,3256.3,107,3
11536,2025-12-30 14:08:42+05:30,3255.7,1,3253.41,1450228,98029.0,121111.0,3250.0,3267.5,3239.8,3251.5,46887925,3576.6,2926.4,4322.95,2866.6,3255.0,175,1,3254.6,59,2,3254.5,340,4,3254.4,87,6,3254.3,321,4,3255.7,53,3,3256.0,51,2,3256.1,76,3,3256.2,25,2,3256.3,134,4
11536,2025-12-30 14:08:42+05:30,3255.7,1,3253.41,1450228,98029.0,121111.0,3250.0,3267.5,3239.8,3251.5,46887925,3576.6,2926.4,4322.95,2866.6,3255.0,175,1,3254.6,59,2,3254.5,340,4,3254.4,87,6,3254.3,321,4,3255.7,53,3,3256.0,51,2,3256.1,76,3,3256.2,25,2,3256.3,134,4
11536,2025-12-30 14:08:43+05:30,3255.0,1,3253.41,1450228,98029.0,121111.0,3250.0,3267.5,3239.8,3251.5,46887925,3576.6,2926.4,4322.95,2866.6,3255.0,175,1,3254.6,59,2,3254.5,340,4,3254.4,87,6,3254.3,321,4,3255.7,53,3,3256.0,51,2,3256.1,76,3,3256.2,25,2,3256.3,134,4
11536,2025-12-30 14:08:43+05:30,3255.0,1,3253.41,1450334,98049.0,120704.0,3250.0,3267.5,3239.8,3251.5,46887925,3576.6,2926.4,4322.95,2866.6,3255.0,174,1,3254.6,23,2,3254.5,360,5,3254.4,71,5,3254.3,251,5,3256.0,88,5,3256.1,158,7,3256.2,1,1,3256.3,61,2,3256.4,84,3
11536,2025-12-30 14:08:43+05:30,3255.0,1,3253.41,1450334,98049.0,120704.0,3250.0,3267.5,3239.8,3251.5,46887925,3576.6,2926.4,4322.95,2866.6,3255.0,174,1,3254.6,23,2,3254.5,360,5,3254.4,71,5,3254.3,251,5,3256.0,88,5,3256.1,158,7,3256.2,1,1,3256.3,61,2,3256.4,84,3
11536,2025-12-30 14:08:44+05:30,3255.0,1,3253.41,1450334,98061.0,120713.0,3250.0,3267.5,3239.8,3251.5,46887925,3576.6,2926.4,4322.95,2866.6,3255.0,237,3,3254.6,23,2,3254.5,360,5,3254.4,71,5,3254.3,251,5,3256.0,70,4,3256.1,158,7,3256.2,1,1,3256.3,61,2,3256.4,38,2
11536,2025-12-30 14:08:44+05:30,3255.0,1,3253.41,1450334,98061.0,120713.0,3250.0,3267.5,3239.8,3251.5,46887925,3576.6,2926.4,4322.95,2866.6,3255.0,237,3,3254.6,23,2,3254.5,360,5,3254.4,71,5,3254.3,251,5,3256.0,70,4,3256.1,158,7,3256.2,1,1,3256.3,61,2,3256.4,38,2
11536,2025-12-30 14:08:45+05:30,3255.8,1,3253.41,1450334,98061.0,120713.0,3250.0,3267.5,3239.8,3251.5,46887925,3576.6,2926.4,4322.95,2866.6,3255.0,237,3,3254.6,23,2,3254.5,360,5,3254.4,71,5,3254.3,251,5,3256.0,70,4,3256.1,158,7,3256.2,1,1,3256.3,61,2,3256.4,38,2
11536,2025-12-30 14:08:45+05:30,3255.8,1,3253.41,1450335,97717.0,121104.0,3250.0,3267.5,3239.8,3251.5,46887925,3576.6,2926.4,4322.95,2866.6,3255.0,257,4,3254.6,23,2,3254.5,360,5,3254.4,48,4,3254.3,251,5,3255.9,211,3,3256.0,64,3,3256.1,133,5,3256.2,1,1,3256.3,107,3
11536,2025-12-30 14:08:45+05:30,3255.8,1,3253.41,1450335,97717.0,121104.0,3250.0,3267.5,3239.8,3251.5,46887925,3576.6,2926.4,4322.95,2866.6,3255.0,257,4,3254.6,23,2,3254.5,360,5,3254.4,48,4,3254.3,251,5,3255.9,211,3,3256.0,64,3,3256.1,133,5,3256.2,1,1,3256.3,107,3
11536,2025-12-30 14:08:46+05:30,3255.9,1,3253.41,1450335,97717.0,121104.0,3250.0,3267.5,3239.8,3251.5,46887925,3576.6,2926.4,4322.95,2866.6,3255.0,257,4,3254.6,23,2,3254.5,360,5,3254.4,48,4,3254.3,251,5,3255.9,211,3,3256.0,64,3,3256.1,133,5,3256.2,1,1,3256.3,107,3
11536,2025-12-30 14:08:46+05:30,3255.9,1,3253.41,1450335,97717.0,121104.0,3250.0,3267.5,3239.8,3251.5,46887925,3576.6,2926.4,4322.95,2866.6,3255.0,257,4,3254.6,23,2,3254.5,360,5,3254.4,48,4,3254.3,251,5,3255.9,211,3,3256.0,64,3,3256.1,133,5,3256.2,1,1,3256.3,107,3
11536,2025-12-30 14:08:46+05:30,3255.9,1,3253.41,1450337,97722.0,121070.0,3250.0,3267.5,3239.8,3251.5,46887925,3576.6,2926.4,4322.95,2866.6,3255.0,256,4,3254.6,23,2,3254.5,360,5,3254.4,72,5,3254.3,245,4,3255.9,225,4,3256.0,51,2,3256.1,115,4,3256.2,24,2,3256.3,107,3
11536,2025-12-30 14:08:46+05:30,3255.9,1,3253.41,1450337,97722.0,121070.0,3250.0,3267.5,3239.8,3251.5,46887925,3576.6,2926.4,4322.95,2866.6,3255.0,256,4,3254.6,23,2,3254.5,360,5,3254.4,72,5,3254.3,245,4,3255.9,225,4,3256.0,51,2,3256.1,115,4,3256.2,24,2,3256.3,107,3
11536,2025-12-30 14:08:48+05:30,3254.3,5,3253.41,1451396,93159.0,121858.0,3250.0,3267.5,3239.8,3251.5,46887925,3576.6,2926.4,4322.95,2866.6,3254.4,113,6,3254.3,207,4,3254.2,65,4,3254.1,27,1,3254.0,356,6,3255.6,19,1,3255.7,51,2,3255.8,117,5,3255.9,25,2,3256.0,367,6
11536,2025-12-30 14:08:48+05:30,3254.3,5,3253.41,1451396,93159.0,121858.0,3250.0,3267.5,3239.8,3251.5,46887925,3576.6,2926.4,4322.95,2866.6,3254.4,113,6,3254.3,207,4,3254.2,65,4,3254.1,27,1,3254.0,356,6,3255.6,19,1,3255.7,51,2,3255.8,117,5,3255.9,25,2,3256.0,367,6
11536,2025-12-30 14:08:48+05:30,3254.3,5,3253.41,1451396,93159.0,121858.0,3250.0,3267.5,3239.8,3251.5,46887925,3576.6,2926.4,4322.95,2866.6,3254.4,113,6,3254.3,207,4,3254.2,65,4,3254.1,27,1,3254.0,356,6,3255.6,19,1,3255.7,51,2,3255.8,117,5,3255.9,25,2,3256.0,367,6
11536,2025-12-30 14:08:49+05:30,3254.5,3,3253.41,1451399,96247.0,121488.0,3250.0,3267.5,3239.8,3251.5,46887925,3576.6,2926.4,4322.95,2866.6,3254.5,92,5,3254.4,90,4,3254.3,210,5,3254.2,230,5,3254.1,139,6,3255.8,38,2,3256.0,159,4,3256.1,242,3,3256.2,25,3,3256.3,120,4
11536,2025-12-30 14:08:49+05:30,3255.6,2,3253.41,1451399,96247.0,121488.0,3250.0,3267.5,3239.8,3251.5,46887925,3576.6,2926.4,4322.95,2866.6,3254.5,92,5,3254.4,90,4,3254.3,210,5,3254.2,230,5,3254.1,139,6,3255.8,38,2,3256.0,159,4,3256.1,242,3,3256.2,25,3,3256.3,120,4
11536,2025-12-30 14:08:49+05:30,3255.6,2,3253.41,1451399,96247.0,121488.0,3250.0,3267.5,3239.8,3251.5,46887925,3576.6,2926.4,4322.95,2866.6,3254.5,92,5,3254.4,90,4,3254.3,210,5,3254.2,230,5,3254.1,139,6,3255.8,38,2,3256.0,159,4,3256.1,242,3,3256.2,25,3,3256.3,120,4
11536,2025-12-30 14:08:50+05:30,3255.6,2,3253.41,1451446,96421.0,120990.0,3250.0,3267.5,3239.8,3251.5,46887925,3576.6,2926.4,4322.95,2866.6,3254.4,106,4,3254.3,249,5,3254.2,23,2,3254.1,103,5,3254.0,377,7,3255.7,71,5,3255.8,94,3,3255.9,216,3,3256.0,64,2,3256.1,140,4
11536,2025-12-30 14:08:51+05:30,3254.5,1,3253.41,1451467,96595.0,121740.0,3250.0,3267.5,3239.8,3251.5,46887925,3576.6,2926.4,4322.95,2866.6,3254.5,70,3,3254.4,66,2,3254.3,351,3,3254.2,23,2,3254.1,100,4,3255.7,42,3,3255.8,94,3,3255.9,206,2,3256.0,82,3,3256.1,140,4
11536,2025-12-30 14:08:51+05:30,3254.5,1,3253.41,1451467,96595.0,121740.0,3250.0,3267.5,3239.8,3251.5,46887925,3576.6,2926.4,4322.95,2866.6,3254.5,70,3,3254.4,66,2,3254.3,351,3,3254.2,23,2,3254.1,100,4,3255.7,42,3,3255.8,94,3,3255.9,206,2,3256.0,82,3,3256.1,140,4
11536,2025-12-30 14:08:51+05:30,3254.5,1,3253.41,1451467,96595.0,121740.0,3250.0,3267.5,3239.8,3251.5,46887925,3576.6,2926.4,4322.95,2866.6,3254.5,70,3,3254.4,66,2,3254.3,351,3,3254.2,23,2,3254.1,100,4,3255.7,42,3,3255.8,94,3,3255.9,206,2,3256.0,82,3,3256.1,140,4
11536,2025-12-30 14:08:52+05:30,3255.9,14,3253.41,1451467,96595.0,121740.0,3250.0,3267.5,3239.8,3251.5,46887925,3576.6,2926.4,4322.95,2866.6,3254.5,70,3,3254.4,53,1,3254.3,351,3,3254.2,50,3,3254.1,73,3,3255.5,3,1,3255.7,41,2,3255.8,19,1,3255.9,192,2,3256.0,82,3
11536,2025-12-30 14:08:52+05:30,3255.9,14,3253.41,1451652,95675.0,121392.0,3250.0,3267.5,3239.8,3251.5,46887925,3576.6,2926.4,4322.95,2866.6,3254.5,70,3,3254.4,53,1,3254.3,351,3,3254.2,50,3,3254.1,73,3,3255.5,3,1,3255.7,41,2,3255.8,19,1,3255.9,192,2,3256.0,82,3
11536,2025-12-30 14:08:53+05:30,3255.9,14,3253.41,1451652,95675.0,121392.0,3250.0,3267.5,3239.8,3251.5,46887925,3576.6,2926.4,4322.95,2866.6,3254.5,70,3,3254.4,53,1,3254.3,351,3,3254.2,50,3,3254.1,73,3,3255.5,3,1,3255.7,41,2,3255.8,19,1,3255.9,192,2,3256.0,82,3
11536,2025-12-30 14:08:53+05:30,3255.5,3,3253.41,1451652,95675.0,121392.0,3250.0,3267.5,3239.8,3251.5,46887925,3576.6,2926.4,4322.95,2866.6,3254.5,70,3,3254.4,53,1,3254.3,351,3,3254.2,50,3,3254.1,73,3,3255.5,3,1,3255.7,41,2,3255.8,19,1,3255.9,192,2,3256.0,82,3
11536,2025-12-30 14:08:53+05:30,3255.5,3,3253.41,1451655,94228.0,121353.0,3250.0,3267.5,3239.8,3251.5,46887925,3576.6,2926.4,4322.95,2866.6,3254.5,120,4,3254.4,63,2,3254.3,425,3,3254.2,50,3,3254.1,73,3,3255.7,41,2,3255.8,26,2,3255.9,257,4,3256.0,55,2,3256.1,78,3
11536,2025-12-30 14:08:54+05:30,3255.7,1,3253.41,1451655,94228.0,121353.0,3250.0,3267.5,3239.8,3251.5,46887925,3576.6,2926.4,4322.95,2866.6,3254.5,120,4,3254.4,63,2,3254.3,425,3,3254.2,50,3,3254.1,73,3,3255.7,41,2,3255.8,26,2,3255.9,257,4,3256.0,55,2,3256.1,78,3
11536,2025-12-30 14:08:54+05:30,3255.7,1,3253.41,1451656,96978.0,121077.0,3250.0,3267.5,3239.8,3251.5,46887925,3576.6,2926.4,4322.95,2866.6,3254.5,50,1,3254.4,53,1,3254.3,425,3,3254.1,51,2,3254.0,373,7,3255.5,76,3,3255.6,220,4,3255.7,65,3,3255.8,33,3,3255.9,129,4
11536,2025-12-30 14:08:54+05:30,3255.7,1,3253.41,1451656,96978.0,121077.0,3250.0,3267.5,3239.8,3251.5,46887925,3576.6,2926.4,4322.95,2866.6,3254.5,50,1,3254.4,53,1,3254.3,425,3,3254.1,51,2,3254.0,373,7,3255.5,76,3,3255.6,220,4,3255.7,65,3,3255.8,33,3,3255.9,129,4
11536,2025-12-30 14:08:55+05:30,3255.5,1,3253.41,1451656,96978.0,121077.0,3250.0,3267.5,3239.8,3251.5,46887925,3576.6,2926.4,4322.95,2866.6,3254.5,50,1,3254.4,53,1,3254.3,425,3,3254.1,51,2,3254.0,373,7,3255.5,76,3,3255.6,220,4,3255.7,65,3,3255.8,33,3,3255.9,129,4
11536,2025-12-30 14:08:55+05:30,3255.5,1,3253.41,1451660,96973.0,122454.0,3250.0,3267.5,3239.8,3251.5,46887925,3576.6,2926.4,4322.95,2866.6,3254.5,50,1,3254.4,53,1,3254.3,425,3,3254.1,51,2,3254.0,373,7,3255.5,88,4,3255.6,46,3,3255.7,216,3,3255.8,68,4,3255.9,154,5
11536,2025-12-30 14:08:56+05:30,3255.5,1,3253.41,1451660,96973.0,122454.0,3250.0,3267.5,3239.8,3251.5,46906125,3576.6,2926.4,4322.95,2866.6,3254.5,50,1,3254.4,53,1,3254.3,425,3,3254.1,51,2,3254.0,373,7,3255.5,88,4,3255.6,46,3,3255.7,216,3,3255.8,68,4,3255.9,154,5
11536,2025-12-30 14:08:56+05:30,3255.5,1,3253.41,1451660,96973.0,122454.0,3250.0,3267.5,3239.8,3251.5,46906125,3576.6,2926.4,4322.95,2866.6,3254.5,50,1,3254.4,53,1,3254.3,425,3,3254.1,51,2,3254.0,373,7,3255.5,88,4,3255.6,46,3,3255.7,216,3,3255.8,68,4,3255.9,154,5
11536,2025-12-30 14:08:56+05:30,3255.5,1,3253.41,1451661,96175.0,122400.0,3250.0,3267.5,3239.8,3251.5,46906125,3576.6,2926.4,4322.95,2866.6,3254.5,50,1,3254.4,228,2,3254.3,250,2,3254.1,51,2,3254.0,373,7,3255.5,188,2,3255.6,127,5,3255.7,42,2,3255.8,33,3,3255.9,110,4
11536,2025-12-30 14:08:57+05:30,3255.4,1,3253.41,1451661,96175.0,122400.0,3250.0,3267.5,3239.8,3251.5,46906125,3576.6,2926.4,4322.95,2866.6,3254.5,50,1,3254.4,228,2,3254.3,250,2,3254.1,51,2,3254.0,373,7,3255.5,188,2,3255.6,127,5,3255.7,42,2,3255.8,33,3,3255.9,110,4
11536,2025-12-30 14:08:57+05:30,3255.4,1,3253.41,1451663,95748.0,122257.0,3250.0,3267.5,3239.8,3251.5,46906125,3576.6,2926.4,4322.95,2866.6,3254.5,49,1,3254.4,228,2,3254.3,250,2,3254.1,54,3,3254.0,349,5,3255.3,217,3,3255.4,95,4,3255.5,116,5,3255.6,23,1,3255.7,74,3
11536,2025-12-30 14:08:58+05:30,3254.5,2,3253.41,1451663,95748.0,122257.0,3250.0,3267.5,3239.8,3251.5,46906125,3576.6,2926.4,4322.95,2866.6,3254.5,49,1,3254.4,228,2,3254.3,250,2,3254.1,54,3,3254.0,349,5,3255.3,217,3,3255.4,95,4,3255.5,116,5,3255.6,23,1,3255.7,74,3
11536,2025-12-30 14:08:58+05:30,3254.5,2,3253.41,1451663,95748.0,122257.0,3250.0,3267.5,3239.8,3251.5,46906125,3576.6,2926.4,4322.95,2866.6,3254.5,49,1,3254.4,228,2,3254.3,250,2,3254.1,54,3,3254.0,349,5,3255.3,217,3,3255.4,95,4,3255.5,116,5,3255.6,23,1,3255.7,74,3
11536,2025-12-30 14:08:58+05:30,3254.5,2,3253.41,1451845,95973.0,121977.0,3250.0,3267.5,3239.8,3251.5,46906125,3576.6,2926.4,4322.95,2866.6,3254.5,45,1,3254.4,228,2,3254.3,75,1,3254.1,54,3,3254.0,378,7,3255.3,142,5,3255.4,62,3,3255.5,92,3,3255.6,46,2,3255.7,89,4
11536,2025-12-30 14:08:59+05:30,3255.0,7,3253.41,1451863,93049.0,122677.0,3250.0,3267.5,3239.8,3251.5,46906125,3576.6,2926.4,4322.95,2866.6,3254.5,45,1,3254.4,228,2,3254.3,75,1,3254.1,29,2,3254.0,349,5,3255.0,10,1,3255.1,43,1,3255.2,33,1,3255.3,37,2,3255.4,62,3
11536,2025-12-30 14:09:00+05:30,3255.0,7,3253.41,1451863,93049.0,122677.0,3250.0,3267.5,3239.8,3251.5,46906125,3576.6,2926.4,4322.95,2866.6,3254.5,45,1,3254.4,228,2,3254.3,75,1,3254.1,29,2,3254.0,349,5,3255.0,10,1,3255.1,43,1,3255.2,33,1,3255.3,37,2,3255.4,62,3
11536,2025-12-30 14:09:00+05:30,3254.3,36,3253.41,1452646,92636.0,121611.0,3250.0,3267.5,3239.8,3251.5,46906125,3576.6,2926.4,4322.95,2866.6,3254.3,89,1,3253.6,15,3,3253.5,15,2,3253.4,73,3,3253.2,72,6,3255.0,58,3,3255.1,99,3,3255.2,81,2,3255.3,16,1,3255.4,137,6
11536,2025-12-30 14:09:01+05:30,3254.9,1,3253.41,1452646,92636.0,121611.0,3250.0,3267.5,3239.8,3251.5,46906125,3576.6,2926.4,4322.95,2866.6,3254.3,89,1,3253.6,15,3,3253.5,15,2,3253.4,73,3,3253.2,72,6,3255.0,58,3,3255.1,99,3,3255.2,81,2,3255.3,16,1,3255.4,137,6
11536,2025-12-30 14:09:01+05:30,3254.9,1,3253.41,1452647,95318.0,121945.0,3250.0,3267.5,3239.8,3251.5,46906125,3576.6,2926.4,4322.95,2866.6,3254.3,89,1,3254.2,16,2,3254.1,30,2,3254.0,19,1,3253.9,19,1,3255.0,14,1,3255.1,57,2,3255.2,43,1,3255.3,16,1,3255.4,43,2
11536,2025-12-30 14:09:02+05:30,3253.6,1,3253.41,1453635,94883.0,123793.0,3250.0,3267.5,3239.8,3251.5,46906125,3576.6,2926.4,4322.95,2866.6,3253.6,11,2,3253.5,18,3,3253.4,51,2,3253.2,185,4,3253.1,47,3,3253.9,71,1,3254.6,43,1,3254.7,61,1,3254.8,82,2,3254.9,107,2
11536,2025-12-30 14:09:03+05:30,3253.6,1,3253.41,1453635,94883.0,123793.0,3250.0,3267.5,3239.8,3251.5,46906125,3576.6,2926.4,4322.95,2866.6,3253.6,11,2,3253.5,18,3,3253.4,51,2,3253.2,185,4,3253.1,47,3,3253.9,71,1,3254.6,43,1,3254.7,61,1,3254.8,82,2,3254.9,107,2
11536,2025-12-30 14:09:03+05:30,3253.6,1,3253.41,1453635,95123.0,123328.0,3250.0,3267.5,3239.8,3251.5,46906125,3576.6,2926.4,4322.95,2866.6,3253.6,11,2,3253.5,18,3,3253.4,51,2,3253.3,202,2,3253.2,46,4,3253.9,85,2,3254.8,106,3,3255.0,76,3,3255.1,129,4,3255.2,154,8
11536,2025-12-30 14:09:04+05:30,3253.9,46,3253.41,1453635,95123.0,123328.0,3250.0,3267.5,3239.8,3251.5,46906125,3576.6,2926.4,4322.95,2866.6,3253.6,11,2,3253.5,18,3,3253.4,51,2,3253.3,202,2,3253.2,46,4,3253.9,85,2,3254.8,106,3,3255.0,76,3,3255.1,129,4,3255.2,154,8
11536,2025-12-30 14:09:04+05:30,3253.9,1,3253.41,1453682,95136.0,123374.0,3250.0,3267.5,3239.8,3251.5,46906125,3576.6,2926.4,4322.95,2866.6,3253.6,11,2,3253.5,18,3,3253.4,226,3,3253.2,10,3,3253.1,21,2,3253.9,38,2,3254.7,43,1,3254.8,21,1,3254.9,65,2,3255.0,54,3
11536,2025-12-30 14:09:05+05:30,3253.9,14,3253.41,1453682,95136.0,123374.0,3250.0,3267.5,3239.8,3251.5,46906125,3576.6,2926.4,4322.95,2866.6,3253.6,11,2,3253.5,18,3,3253.4,226,3,3253.2,10,3,3253.1,21,2,3253.9,38,2,3254.7,43,1,3254.8,21,1,3254.9,65,2,3255.0,54,3
11536,2025-12-30 14:09:05+05:30,3253.9,14,3253.41,1453720,94540.0,122793.0,3250.0,3267.5,3239.8,3251.5,46906125,3576.6,2926.4,4322.95,2866.6,3254.2,137,1,3254.1,1,1,3253.9,1,1,3253.8,36,3,3253.6,11,2,3254.9,87,3,3255.0,88,3,3255.1,68,3,3255.2,66,3,3255.3,89,5
11536,2025-12-30 14:09:06+05:30,3254.9,1,3253.41,1453720,94540.0,122793.0,3250.0,3267.5,3239.8,3251.5,46906125,3576.6,2926.4,4322.95,2866.6,3254.2,137,1,3254.1,1,1,3253.9,1,1,3253.8,36,3,3253.6,11,2,3254.9,87,3,3255.0,88,3,3255.1,68,3,3255.2,66,3,3255.3,89,5
11536,2025-12-30 14:09:06+05:30,3254.9,1,3253.41,1453721,94533.0,122992.0,3250.0,3267.5,3239.8,3251.5,46906125,3576.6,2926.4,4322.95,2866.6,3254.2,137,1,3254.1,1,1,3253.9,1,1,3253.8,36,3,3253.6,11,2,3254.9,114,5,3255.0,88,3,3255.1,68,3,3255.2,66,3,3255.3,135,6
11536,2025-12-30 14:09:07+05:30,3255.0,17,3253.41,1453721,94533.0,122992.0,3250.0,3267.5,3239.8,3251.5,46906125,3576.6,2926.4,4322.95,2866.6,3254.2,137,1,3254.1,1,1,3253.9,1,1,3253.8,36,3,3253.6,11,2,3254.9,114,5,3255.0,88,3,3255.1,68,3,3255.2,66,3,3255.3,135,6
11536,2025-12-30 14:09:07+05:30,3255.0,4,3253.41,1453952,94974.0,121312.0,3250.0,3267.5,3239.8,3251.5,46906125,3576.6,2926.4,4322.95,2866.6,3254.2,135,1,3254.1,1,1,3253.9,4,2,3253.8,36,3,3253.6,11,2,3255.0,93,5,3255.1,86,4,3255.2,42,1,3255.3,270,6,3255.4,94,3
11536,2025-12-30 14:09:08+05:30,3255.0,1,3253.41,1453952,94974.0,121312.0,3250.0,3267.5,3239.8,3251.5,46906125,3576.6,2926.4,4322.95,2866.6,3254.2,135,1,3254.1,1,1,3253.9,4,2,3253.8,36,3,3253.6,11,2,3255.0,93,5,3255.1,86,4,3255.2,42,1,3255.3,270,6,3255.4,94,3
11536,2025-12-30 14:09:08+05:30,3254.9,1,3253.41,1453972,95624.0,122520.0,3250.0,3267.5,3239.8,3251.5,46906125,3576.6,2926.4,4322.95,2866.6,3254.2,135,1,3254.1,1,1,3253.9,3,1,3253.8,72,4,3253.6,14,3,3254.9,160,1,3255.0,116,3,3255.2,42,1,3255.3,42,3,3255.4,94,3
11536,2025-12-30 14:09:09+05:30,3254.2,1,3253.41,1453972,95624.0,122520.0,3250.0,3267.5,3239.8,3251.5,46906125,3576.6,2926.4,4322.95,2866.6,3254.2,135,1,3254.1,1,1,3253.9,3,1,3253.8,72,4,3253.6,14,3,3254.9,160,1,3255.0,116,3,3255.2,42,1,3255.3,42,3,3255.4,94,3
11536,2025-12-30 14:09:09+05:30,3254.2,1,3253.41,1453973,92837.0,122492.0,3250.0,3267.5,3239.8,3251.5,46906125,3576.6,2926.4,4322.95,2866.6,3254.2,134,1,3254.1,1,1,3253.9,3,1,3253.8,72,4,3253.6,14,3,3255.0,116,3,3255.1,160,1,3255.2,42,1,3255.3,42,3,3255.4,94,3
11536,2025-12-30 14:09:10+05:30,3254.2,50,3253.41,1453973,92837.0,122492.0,3250.0,3267.5,3239.8,3251.5,46906125,3576.6,2926.4,4322.95,2866.6,3254.2,134,1,3254.1,1,1,3253.9,3,1,3253.8,72,4,3253.6,14,3,3255.0,116,3,3255.1,160,1,3255.2,42,1,3255.3,42,3,3255.4,94,3
11536,2025-12-30 14:09:11+05:30,3254.2,50,3253.41,1454023,95000.0,122347.0,3250.0,3267.5,3239.8,3251.5,46906125,3576.6,2926.4,4322.95,2866.6,3254.2,84,1,3254.1,1,1,3253.9,3,1,3253.8,36,3,3253.6,11,2,3254.9,12,1,3255.0,371,9,3255.1,86,4,3255.2,88,2,3255.3,60,4
11536,2025-12-30 14:09:11+05:30,3254.9,1,3253.41,1454025,95039.0,123176.0,3250.0,3267.5,3239.8,3251.5,46906125,3576.6,2926.4,4322.95,2866.6,3254.2,84,1,3254.1,1,1,3253.9,3,1,3253.8,36,3,3253.6,11,2,3254.4,160,1,3254.6,49,2,3254.7,54,2,3254.8,16,1,3254.9,54,4
11536,2025-12-30 14:09:12+05:30,3254.9,1,3253.41,1454025,95039.0,123176.0,3250.0,3267.5,3239.8,3251.5,46906125,3576.6,2926.4,4322.95,2866.6,3254.2,84,1,3254.1,1,1,3253.9,3,1,3253.8,36,3,3253.6,11,2,3254.4,160,1,3254.6,49,2,3254.7,54,2,3254.8,16,1,3254.9,54,4
11536,2025-12-30 14:09:12+05:30,3254.4,2,3253.41,1454027,95141.0,123498.0,3250.0,3267.5,3239.8,3251.5,46906125,3576.6,2926.4,4322.95,2866.6,3254.2,84,1,3254.1,1,1,3253.9,3,1,3253.8,36,3,3253.6,11,2,3254.4,172,2,3254.6,30,1,3254.7,36,1,3254.8,16,1,3254.9,35,3
11536,2025-12-30 14:09:13+05:30,3254.2,1,3253.41,1454027,95141.0,123498.0,3250.0,3267.5,3239.8,3251.5,46906125,3576.6,2926.4,4322.95,2866.6,3254.2,84,1,3254.1,1,1,3253.9,3,1,3253.8,36,3,3253.6,11,2,3254.4,172,2,3254.6,30,1,3254.7,36,1,3254.8,16,1,3254.9,35,3
11536,2025-12-30 14:09:13+05:30,3254.4,1,3253.41,1454030,95146.0,123750.0,3250.0,3267.5,3239.8,3251.5,46906125,3576.6,2926.4,4322.95,2866.6,3254.2,82,1,3254.1,1,1,3253.9,3,1,3253.8,36,3,3253.6,18,3,3254.4,171,2,3254.5,25,1,3254.6,30,1,3254.7,36,1,3254.8,16,1
11536,2025-12-30 14:09:14+05:30,3254.4,1,3253.41,1454030,95146.0,123750.0,3250.0,3267.5,3239.8,3251.5,46906125,3576.6,2926.4,4322.95,2866.6,3254.2,82,1,3254.1,1,1,3253.9,3,1,3253.8,36,3,3253.6,18,3,3254.4,171,2,3254.5,25,1,3254.6,30,1,3254.7,36,1,3254.8,16,1
11536,2025-12-30 14:09:14+05:30,3254.4,1,3253.41,1454030,95126.0,123691.0,3250.0,3267.5,3239.8,3251.5,46906125,3576.6,2926.4,4322.95,2866.6,3254.2,82,1,3254.1,1,1,3253.9,3,1,3253.8,36,3,3253.6,18,3,3254.4,190,3,3254.6,30,1,3254.7,60,2,3254.8,16,1,3254.9,35,3
11536,2025-12-30 14:09:15+05:30,3254.4,1,3253.41,1454030,95126.0,123691.0,3250.0,3267.5,3239.8,3251.5,46906125,3576.6,2926.4,4322.95,2866.6,3254.2,82,1,3254.1,1,1,3253.9,3,1,3253.8,36,3,3253.6,18,3,3254.4,190,3,3254.6,30,1,3254.7,60,2,3254.8,16,1,3254.9,35,3
11536,2025-12-30 14:09:15+05:30,3254.4,1,3253.41,1454114,95083.0,123136.0,3250.0,3267.5,3239.8,3251.5,46906125,3576.6,2926.4,4322.95,2866.6,3254.1,1,1,3253.9,3,1,3253.8,36,3,3253.6,18,3,3253.5,18,3,3254.4,87,2,3254.8,30,1,3254.9,61,2,3255.0,159,5,3255.1,62,2
11536,2025-12-30 14:09:16+05:30,3254.4,1,3253.41,1454114,95083.0,123136.0,3250.0,3267.5,3239.8,3251.5,46906125,3576.6,2926.4,4322.95,2866.6,3254.1,1,1,3253.9,3,1,3253.8,36,3,3253.6,18,3,3253.5,18,3,3254.4,87,2,3254.8,30,1,3254.9,61,2,3255.0,159,5,3255.1,62,2
11536,2025-12-30 14:09:16+05:30,3254.4,13,3253.41,1454137,95508.0,122344.0,3250.0,3267.5,3239.8,3251.5,46906125,3576.6,2926.4,4322.95,2866.6,3254.4,162,1,3254.1,1,1,3253.9,3,1,3253.8,36,3,3253.7,3,1,3254.8,64,1,3255.0,117,4,3255.2,94,3,3255.3,66,3,3255.4,76,2
11536,2025-12-30 14:09:17+05:30,3254.4,13,3253.41,1454137,95508.0,122344.0,3250.0,3267.5,3239.8,3251.5,46906125,3576.6,2926.4,4322.95,2866.6,3254.4,162,1,3254.1,1,1,3253.9,3,1,3253.8,36,3,3253.7,3,1,3254.8,64,1,3255.0,117,4,3255.2,94,3,3255.3,66,3,3255.4,76,2
11536,2025-12-30 14:09:17+05:30,3253.7,3,3253.41,1454956,95246.0,123297.0,3250.0,3267.5,3239.8,3251.5,46906125,3576.6,2926.4,4322.95,2866.6,3253.6,18,3,3253.5,49,4,3253.4,81,3,3253.3,178,2,3253.2,71,5,3253.7,42,1,3254.6,50,1,3254.8,21,1,3254.9,42,1,3255.0,138,5
11536,2025-12-30 14:09:18+05:30,3253.7,1,3253.41,1454956,95246.0,123297.0,3250.0,3267.5,3239.8,3251.5,46906125,3576.6,2926.4,4322.95,2866.6,3253.6,18,3,3253.5,49,4,3253.4,81,3,3253.3,178,2,3253.2,71,5,3253.7,42,1,3254.6,50,1,3254.8,21,1,3254.9,42,1,3255.0,138,5
11536,2025-12-30 14:09:18+05:30,3253.7,1,3253.41,1454972,95333.0,123122.0,3250.0,3267.5,3239.8,3251.5,46906125,3576.6,2926.4,4322.95,2866.6,3253.6,13,3,3253.5,79,5,3253.4,51,2,3253.3,214,3,3253.2,35,4,3253.7,26,1,3254.6,50,1,3254.8,21,1,3254.9,42,1,3255.0,138,5
11536,2025-12-30 14:09:19+05:30,3253.7,1,3253.41,1454972,95333.0,123122.0,3250.0,3267.5,3239.8,3251.5,46906125,3576.6,2926.4,4322.95,2866.6,3253.6,13,3,3253.5,79,5,3253.4,51,2,3253.3,214,3,3253.2,35,4,3253.7,26,1,3254.6,50,1,3254.8,21,1,3254.9,42,1,3255.0,138,5
11536,2025-12-30 14:09:20+05:30,3253.7,21,3253.41,1455020,92192.0,123154.0,3250.0,3267.5,3239.8,3251.5,46906125,3576.6,2926.4,4322.95,2866.6,3253.6,12,3,3253.5,48,4,3253.4,51,2,3253.3,214,3,3253.2,10,3,3253.7,234,5,3254.6,66,2,3254.8,44,3,3254.9,42,1,3255.0,22,2
11536,2025-12-30 14:09:20+05:30,3253.7,21,3253.41,1455020,92192.0,123154.0,3250.0,3267.5,3239.8,3251.5,46906125,3576.6,2926.4,4322.95,2866.6,3253.6,12,3,3253.5,48,4,3253.4,51,2,3253.3,214,3,3253.2,10,3,3253.7,234,5,3254.6,66,2,3254.8,44,3,3254.9,42,1,3255.0,22,2
11536,2025-12-30 14:09:21+05:30,3253.6,44,3253.41,1455076,95166.0,123171.0,3250.0,3267.5,3239.8,3251.5,46906125,3576.6,2926.4,4322.95,2866.6,3253.5,18,3,3253.4,51,2,3253.3,178,2,3253.2,65,5,3253.1,27,3,3253.6,50,1,3253.7,128,4,3254.5,50,1,3254.6,16,1,3254.8,44,3
11536,2025-12-30 14:09:21+05:30,3253.6,44,3253.41,1455076,95166.0,123171.0,3250.0,3267.5,3239.8,3251.5,46906125,3576.6,2926.4,4322.95,2866.6,3253.5,18,3,3253.4,51,2,3253.3,178,2,3253.2,65,5,3253.1,27,3,3253.6,50,1,3253.7,128,4,3254.5,50,1,3254.6,16,1,3254.8,44,3
11536,2025-12-30 14:09:22+05:30,3253.7,14,3253.41,1455258,95290.0,123102.0,3250.0,3267.5,3239.8,3251.5,46906125,3576.6,2926.4,4322.95,2866.6,3253.5,22,4,3253.4,51,2,3253.3,207,3,3253.2,36,4,3253.1,27,3,3253.7,102,3,3254.5,77,2,3254.6,16,1,3254.8,78,4,3254.9,88,2
11536,2025-12-30 14:09:22+05:30,3253.5,32,3253.41,1455258,95290.0,123102.0,3250.0,3267.5,3239.8,3251.5,46906125,3576.6,2926.4,4322.95,2866.6,3253.5,22,4,3253.4,51,2,3253.3,207,3,3253.2,36,4,3253.1,27,3,3253.7,102,3,3254.5,77,2,3254.6,16,1,3254.8,78,4,3254.9,88,2
11536,2025-12-30 14:09:23+05:30,3253.7,3,3253.41,1455311,95337.0,123121.0,3250.0,3267.5,3239.8,3251.5,46906125,3576.6,2926.4,4322.95,2866.6,3253.5,3,1,3253.4,61,3,3253.3,222,4,3253.2,25,4,3253.1,68,5,3253.7,99,3,3254.4,50,1,3254.5,27,1,3254.6,16,1,3254.8,102,5
11536,2025-12-30 14:09:23+05:30,3253.7,3,3253.41,1455311,95337.0,123121.0,3250.0,3267.5,3239.8,3251.5,46906125,3576.6,2926.4,4322.95,2866.6,3253.5,3,1,3253.4,61,3,3253.3,222,4,3253.2,25,4,3253.1,68,5,3253.7,99,3,3254.4,50,1,3254.5,27,1,3254.6,16,1,3254.8,102,5
11536,2025-12-30 14:09:24+05:30,3253.7,3,3253.41,1455311,95038.0,123082.0,3250.0,3267.5,3239.8,3251.5,46906125,3576.6,2926.4,4322.95,2866.6,3253.5,3,1,3253.4,61,3,3253.3,193,3,3253.2,34,5,3253.1,33,4,3253.7,99,3,3254.5,50,1,3254.7,67,2,3254.8,104,4,3254.9,42,1
11536,2025-12-30 14:09:25+05:30,3253.7,1,3253.41,1455313,95076.0,123636.0,3250.0,3267.5,3239.8,3251.5,46906125,3576.6,2926.4,4322.95,2866.6,3253.5,2,1,3253.4,61,3,3253.3,193,3,3253.2,34,5,3253.1,62,5,3253.7,112,4,3254.5,50,1,3254.7,67,2,3254.8,104,4,3254.9,42,1
11536,2025-12-30 14:09:25+05:30,3253.7,1,3253.41,1455313,95076.0,123636.0,3250.0,3267.5,3239.8,3251.5,46906125,3576.6,2926.4,4322.95,2866.6,3253.5,2,1,3253.4,61,3,3253.3,193,3,3253.2,34,5,3253.1,62,5,3253.7,112,4,3254.5,50,1,3254.7,67,2,3254.8,104,4,3254.9,42,1
11536,2025-12-30 14:09:26+05:30,3253.7,1,3253.41,1455313,95078.0,123636.0,3250.0,3267.5,3239.8,3251.5,46906125,3576.6,2926.4,4322.95,2866.6,3253.5,2,1,3253.4,61,3,3253.3,193,3,3253.2,34,5,3253.1,62,5,3253.7,112,4,3254.5,50,1,3254.7,67,2,3254.8,104,4,3254.9,42,1
11536,2025-12-30 14:09:27+05:30,3253.6,19,3253.41,1455473,94977.0,123217.0,3250.0,3267.5,3239.8,3251.5,46906125,3576.6,2926.4,4322.95,2866.6,3253.7,1,1,3253.6,46,3,3253.5,13,3,3253.4,61,3,3253.3,201,4,3254.6,49,2,3254.7,83,3,3254.8,53,2,3254.9,42,1,3255.0,51,3
11536,2025-12-30 14:09:27+05:30,3253.6,19,3253.41,1455473,94977.0,123217.0,3250.0,3267.5,3239.8,3251.5,46906125,3576.6,2926.4,4322.95,2866.6,3253.7,1,1,3253.6,46,3,3253.5,13,3,3253.4,61,3,3253.3,201,4,3254.6,49,2,3254.7,83,3,3254.8,53,2,3254.9,42,1,3255.0,51,3
11536,2025-12-30 14:09:28+05:30,3253.7,3,3253.41,1455473,94977.0,123217.0,3250.0,3267.5,3239.8,3251.5,46906125,3576.6,2926.4,4322.95,2866.6,3253.7,1,1,3253.6,46,3,3253.5,13,3,3253.4,61,3,3253.3,201,4,3254.6,49,2,3254.7,83,3,3254.8,53,2,3254.9,42,1,3255.0,51,3
11536,2025-12-30 14:09:28+05:30,3253.7,19,3253.41,1455504,94869.0,122696.0,3250.0,3267.5,3239.8,3251.5,46906125,3576.6,2926.4,4322.95,2866.6,3253.7,30,1,3253.6,26,4,3253.5,21,5,3253.4,96,4,3253.3,255,6,3254.6,30,1,3254.7,37,1,3254.9,80,3,3255.0,39,2,3255.1,80,3
11536,2025-12-30 14:09:29+05:30,3253.7,19,3253.41,1455504,94869.0,122696.0,3250.0,3267.5,3239.8,3251.5,46906125,3576.6,2926.4,4322.95,2866.6,3253.7,30,1,3253.6,26,4,3253.5,21,5,3253.4,96,4,3253.3,255,6,3254.6,30,1,3254.7,37,1,3254.9,80,3,3255.0,39,2,3255.1,80,3
11536,2025-12-30 14:09:29+05:30,3253.7,19,3253.41,1455504,95601.0,122921.0,3250.0,3267.5,3239.8,3251.5,46906125,3576.6,2926.4,4322.95,2866.6,3253.7,30,1,3253.6,58,6,3253.5,21,5,3253.4,96,4,3253.3,255,6,3254.6,30,1,3254.7,37,1,3254.9,56,2,3255.0,63,3,3255.1,80,3
11536,2025-12-30 14:09:30+05:30,3254.0,25,3253.41,1455504,95601.0,122921.0,3250.0,3267.5,3239.8,3251.5,46906125,3576.6,2926.4,4322.95,2866.6,3253.7,30,1,3253.6,58,6,3253.5,21,5,3253.4,96,4,3253.3,255,6,3254.6,30,1,3254.7,37,1,3254.9,56,2,3255.0,63,3,3255.1,80,3
11536,2025-12-30 14:09:30+05:30,3254.0,1,3253.41,1455530,95785.0,121459.0,3250.0,3267.5,3239.8,3251.5,46906125,3576.6,2926.4,4322.95,2866.6,3254.0,149,1,3253.7,30,1,3253.6,58,6,3253.5,24,6,3253.4,117,5,3254.6,30,1,3254.8,37,1,3254.9,56,2,3255.0,63,3,3255.1,105,4
11536,2025-12-30 14:09:31+05:30,3254.6,2,3253.41,1455530,95785.0,121459.0,3250.0,3267.5,3239.8,3251.5,46906125,3576.6,2926.4,4322.95,2866.6,3254.0,149,1,3253.7,30,1,3253.6,58,6,3253.5,24,6,3253.4,117,5,3254.6,30,1,3254.8,37,1,3254.9,56,2,3255.0,63,3,3255.1,105,4
11536,2025-12-30 14:09:31+05:30,3254.6,26,3253.41,1455560,95747.0,121704.0,3250.0,3267.5,3239.8,3251.5,46906125,3576.6,2926.4,4322.95,2866.6,3254.6,149,1,3254.0,149,1,3253.7,167,5,3253.6,77,7,3253.5,41,7,3255.0,1,1,3255.1,37,1,3255.4,90,3,3255.5,197,2,3255.6,75,3
11536,2025-12-30 14:09:32+05:30,3254.6,26,3253.41,1455560,95747.0,121704.0,3250.0,3267.5,3239.8,3251.5,46906125,3576.6,2926.4,4322.95,2866.6,3254.6,149,1,3254.0,149,1,3253.7,167,5,3253.6,77,7,3253.5,41,7,3255.0,1,1,3255.1,37,1,3255.4,90,3,3255.5,197,2,3255.6,75,3
11536,2025-12-30 14:09:32+05:30,3253.5,80,3253.41,1456618,94970.0,122562.0,3250.0,3267.5,3239.8,3251.5,46906125,3576.6,2926.4,4322.95,2866.6,3253.6,47,3,3253.5,50,3,3253.4,120,6,3253.3,202,3,3253.2,51,5,3254.8,56,2,3254.9,70,4,3255.0,19,3,3255.1,58,2,3255.2,144,6
11536,2025-12-30 14:09:33+05:30,3253.5,80,3253.41,1456618,94970.0,122562.0,3250.0,3267.5,3239.8,3251.5,46906125,3576.6,2926.4,4322.95,2866.6,3253.6,47,3,3253.5,50,3,3253.4,120,6,3253.3,202,3,3253.2,51,5,3254.8,56,2,3254.9,70,4,3255.0,19,3,3255.1,58,2,3255.2,144,6
11536,2025-12-30 14:09:33+05:30,3253.5,80,3253.41,1456618,95228.0,122548.0,3250.0,3267.5,3239.8,3251.5,46906125,3576.6,2926.4,4322.95,2866.6,3253.6,58,3,3253.5,93,5,3253.4,261,6,3253.3,27,2,3253.2,80,7,3254.8,56,2,3254.9,41,3,3255.0,19,3,3255.1,66,2,3255.2,153,6
11536,2025-12-30 14:09:34+05:30,3254.8,10,3253.41,1456665,95992.0,120681.0,3250.0,3267.5,3239.8,3251.5,46906125,3576.6,2926.4,4322.95,2866.6,3254.4,6,1,3254.0,1,1,3253.8,3,1,3253.7,40,2,3253.6,29,2,3254.8,165,1,3254.9,11,2,3255.0,4,2,3255.1,42,1,3255.4,82,4
11536,2025-12-30 14:09:35+05:30,3254.8,10,3253.41,1456665,95992.0,120681.0,3250.0,3267.5,3239.8,3251.5,46906125,3576.6,2926.4,4322.95,2866.6,3254.4,6,1,3254.0,1,1,3253.8,3,1,3253.7,40,2,3253.6,29,2,3254.8,165,1,3254.9,11,2,3255.0,4,2,3255.1,42,1,3255.4,82,4
11536,2025-12-30 14:09:35+05:30,3254.9,8,3253.41,1456673,95233.0,121705.0,3250.0,3267.5,3239.8,3251.5,46906125,3576.6,2926.4,4322.95,2866.6,3254.8,3,3,3254.0,1,1,3253.8,3,1,3253.7,183,3,3253.6,54,4,3254.9,3,2,3255.0,4,2,3255.2,165,1,3255.4,45,2,3255.5,55,2
11536,2025-12-30 14:09:36+05:30,3254.9,8,3253.41,1456673,95233.0,121705.0,3250.0,3267.5,3239.8,3251.5,46906125,3576.6,2926.4,4322.95,2866.6,3254.8,3,3,3254.0,1,1,3253.8,3,1,3253.7,183,3,3253.6,54,4,3254.9,3,2,3255.0,4,2,3255.2,165,1,3255.4,45,2,3255.5,55,2
11536,2025-12-30 14:09:36+05:30,3254.8,1,3253.41,1456674,93215.0,122124.0,3250.0,3267.5,3239.8,3251.5,46906125,3576.6,2926.4,4322.95,2866.6,3254.8,2,2,3254.0,1,1,3253.8,3,1,3253.7,183,3,3253.6,54,4,3254.9,33,3,3255.0,4,2,3255.2,207,2,3255.3,29,1,3255.4,103,4
11536,2025-12-30 14:09:37+05:30,3254.8,1,3253.41,1456674,93215.0,122124.0,3250.0,3267.5,3239.8,3251.5,46906125,3576.6,2926.4,4322.95,2866.6,3254.8,2,2,3254.0,1,1,3253.8,3,1,3253.7,183,3,3253.6,54,4,3254.9,33,3,3255.0,4,2,3255.2,207,2,3255.3,29,1,3255.4,103,4
11536,2025-12-30 14:09:38+05:30,3254.8,1,3253.41,1456674,96386.0,122092.0,3250.0,3267.5,3239.8,3251.5,46906125,3576.6,2926.4,4322.95,2866.6,3254.8,55,4,3254.0,1,1,3253.8,3,1,3253.7,183,3,3253.6,54,4,3254.9,33,3,3255.0,4,2,3255.2,207,2,3255.4,69,3,3255.5,72,2
11536,2025-12-30 14:09:38+05:30,3254.9,1,3253.41,1456674,96386.0,122092.0,3250.0,3267.5,3239.8,3251.5,46906125,3576.6,2926.4,4322.95,2866.6,3254.8,55,4,3254.0,1,1,3253.8,3,1,3253.7,183,3,3253.6,54,4,3254.9,33,3,3255.0,4,2,3255.2,207,2,3255.4,69,3,3255.5,72,2
11536,2025-12-30 14:09:38+05:30,3254.9,1,3253.41,1456675,96036.0,122113.0,3250.0,3267.5,3239.8,3251.5,46906125,3576.6,2926.4,4322.95,2866.6,3254.8,55,4,3254.0,1,1,3253.8,3,1,3253.7,183,3,3253.6,54,4,3254.9,32,3,3255.0,4,2,3255.1,189,2,3255.2,42,1,3255.3,24,1
11536,2025-12-30 14:09:40+05:30,3254.9,1,3253.41,1456675,96077.0,122152.0,3250.0,3267.5,3239.8,3251.5,46906125,3576.6,2926.4,4322.95,2866.6,3254.8,56,5,3254.0,1,1,3253.8,3,1,3253.7,184,4,3253.6,54,4,3254.9,32,3,3255.0,4,2,3255.1,208,3,3255.2,62,2,3255.3,24,1
11536,2025-12-30 14:09:41+05:30,3254.9,8,3253.41,1456687,96231.0,121926.0,3250.0,3267.5,3239.8,3251.5,46906125,3576.6,2926.4,4322.95,2866.6,3254.8,54,3,3254.0,1,1,3253.8,3,1,3253.7,184,4,3253.6,54,4,3254.9,34,2,3255.0,4,2,3255.2,207,2,3255.3,22,1,3255.4,96,4
11536,2025-12-30 14:09:41+05:30,3254.9,8,3253.41,1456687,96231.0,121926.0,3250.0,3267.5,3239.8,3251.5,46906125,3576.6,2926.4,4322.95,2866.6,3254.8,54,3,3254.0,1,1,3253.8,3,1,3253.7,184,4,3253.6,54,4,3254.9,34,2,3255.0,4,2,3255.2,207,2,3255.3,22,1,3255.4,96,4
11536,2025-12-30 14:09:42+05:30,3254.8,1,3253.41,1456688,96230.0,122258.0,3250.0,3267.5,3239.8,3251.5,46906125,3576.6,2926.4,4322.95,2866.6,3254.8,53,3,3254.0,1,1,3253.8,3,1,3253.7,184,4,3253.6,54,4,3254.9,34,2,3255.0,4,2,3255.2,231,3,3255.3,22,1,3255.4,117,4
11536,2025-12-30 14:09:42+05:30,3254.8,1,3253.41,1456688,96230.0,122258.0,3250.0,3267.5,3239.8,3251.5,46906125,3576.6,2926.4,4322.95,2866.6,3254.8,53,3,3254.0,1,1,3253.8,3,1,3253.7,184,4,3253.6,54,4,3254.9,34,2,3255.0,4,2,3255.2,231,3,3255.3,22,1,3255.4,117,4
11536,2025-12-30 14:09:43+05:30,3254.8,1,3253.41,1456747,96303.0,122995.0,3250.0,3267.5,3239.8,3251.5,46906125,3576.6,2926.4,4322.95,2866.6,3254.0,1,1,3253.7,182,3,3253.6,5,1,3253.5,38,4,3253.4,89,5,3254.9,110,6,3255.0,270,5,3255.2,98,3,3255.3,72,3,3255.4,92,4
11536,2025-12-30 14:09:43+05:30,3254.8,1,3253.41,1456747,96303.0,122995.0,3250.0,3267.5,3239.8,3251.5,46906125,3576.6,2926.4,4322.95,2866.6,3254.0,1,1,3253.7,182,3,3253.6,5,1,3253.5,38,4,3253.4,89,5,3254.9,110,6,3255.0,270,5,3255.2,98,3,3255.3,72,3,3255.4,92,4
11536,2025-12-30 14:09:44+05:30,3253.5,4,3253.41,1456777,95535.0,123230.0,3250.0,3267.5,3239.8,3251.5,46906125,3576.6,2926.4,4322.95,2866.6,3253.5,85,5,3253.4,107,6,3253.3,204,4,3253.2,92,7,3253.1,72,5,3254.8,220,4,3254.9,66,4,3255.0,126,5,3255.1,74,2,3255.2,122,5
11536,2025-12-30 14:09:44+05:30,3253.5,4,3253.41,1456777,95535.0,123230.0,3250.0,3267.5,3239.8,3251.5,46906125,3576.6,2926.4,4322.95,2866.6,3253.5,85,5,3253.4,107,6,3253.3,204,4,3253.2,92,7,3253.1,72,5,3254.8,220,4,3254.9,66,4,3255.0,126,5,3255.1,74,2,3255.2,122,5
11536,2025-12-30 14:09:44+05:30,3254.8,8,3253.41,1456798,95968.0,123098.0,3250.0,3267.5,3239.8,3251.5,46906125,3576.6,2926.4,4322.95,2866.6,3253.8,61,2,3253.7,27,4,3253.6,10,1,3253.5,91,6,3253.4,268,6,3254.8,6,1,3254.9,13,1,3255.0,270,5,3255.1,23,2,3255.2,64,2
11536,2025-12-30 14:09:45+05:30,3254.8,1,3253.41,1456798,95968.0,123098.0,3250.0,3267.5,3239.8,3251.5,46906125,3576.6,2926.4,4322.95,2866.6,3253.8,61,2,3253.7,27,4,3253.6,10,1,3253.5,91,6,3253.4,268,6,3254.8,6,1,3254.9,13,1,3255.0,270,5,3255.1,23,2,3255.2,64,2
11536,2025-12-30 14:09:45+05:30,3254.8,1,3253.41,1456799,96004.0,122717.0,3250.0,3267.5,3239.8,3251.5,46906125,3576.6,2926.4,4322.95,2866.6,3253.9,31,4,3253.8,204,2,3253.7,4,2,3253.6,38,3,3253.5,158,9,3254.8,5,1,3254.9,13,1,3255.0,228,4,3255.3,3,1,3255.4,76,4
11536,2025-12-30 14:09:46+05:30,3255.0,29,3253.41,1456799,96004.0,122717.0,3250.0,3267.5,3239.8,3251.5,46906125,3576.6,2926.4,4322.95,2866.6,3253.9,31,4,3253.8,204,2,3253.7,4,2,3253.6,38,3,3253.5,158,9,3254.8,5,1,3254.9,13,1,3255.0,228,4,3255.3,3,1,3255.4,76,4
11536,2025-12-30 14:09:47+05:30,3254.8,1,3253.41,1456851,95985.0,121615.0,3250.0,3267.5,3239.8,3251.5,46906125,3576.6,2926.4,4322.95,2866.6,3253.9,73,7,3253.8,185,2,3253.7,7,3,3253.6,28,2,3253.5,149,8,3254.8,5,1,3255.0,165,1,3255.4,33,1,3255.5,43,2,3255.6,10,1
11536,2025-12-30 14:09:47+05:30,3254.8,1,3253.41,1456851,95985.0,121615.0,3250.0,3267.5,3239.8,3251.5,46906125,3576.6,2926.4,4322.95,2866.6,3253.9,73,7,3253.8,185,2,3253.7,7,3,3253.6,28,2,3253.5,149,8,3254.8,5,1,3255.0,165,1,3255.4,33,1,3255.5,43,2,3255.6,10,1
11536,2025-12-30 14:09:48+05:30,3254.8,3,3253.41,1457914,96199.0,121586.0,3250.0,3267.5,3239.8,3251.5,46906125,3576.6,2926.4,4322.95,2866.6,3253.9,112,7,3253.8,235,4,3253.7,66,5,3253.6,30,2,3253.5,125,9,3254.8,2,1,3255.0,165,1,3255.4,22,1,3255.5,43,2,3255.6,123,6
11536,2025-12-30 14:09:48+05:30,3254.8,3,3253.41,1457914,96199.0,121586.0,3250.0,3267.5,3239.8,3251.5,46906125,3576.6,2926.4,4322.95,2866.6,3253.9,112,7,3253.8,235,4,3253.7,66,5,3253.6,30,2,3253.5,125,9,3254.8,2,1,3255.0,165,1,3255.4,22,1,3255.5,43,2,3255.6,123,6
11536,2025-12-30 14:09:48+05:30,3253.9,1,3253.41,1457915,96168.0,121060.0,3250.0,3267.5,3239.8,3251.5,46906125,3576.6,2926.4,4322.95,2866.6,3253.9,111,7,3253.8,245,5,3253.7,34,3,3253.6,30,2,3253.5,115,8,3254.8,2,1,3255.0,165,1,3255.4,22,1,3255.5,89,3,3255.6,77,5
11536,2025-12-30 14:09:49+05:30,3253.9,1,3253.41,1457915,96168.0,121060.0,3250.0,3267.5,3239.8,3251.5,46906125,3576.6,2926.4,4322.95,2866.6,3253.9,111,7,3253.8,245,5,3253.7,34,3,3253.6,30,2,3253.5,115,8,3254.8,2,1,3255.0,165,1,3255.4,22,1,3255.5,89,3,3255.6,77,5
11536,2025-12-30 14:09:49+05:30,3254.8,39,3253.41,1457956,96315.0,118745.0,3250.0,3267.5,3239.8,3251.5,46906125,3576.6,2926.4,4322.95,2866.6,3254.8,5,1,3254.4,28,2,3253.9,33,4,3253.8,235,4,3253.7,34,3,3255.0,165,1,3255.3,103,3,3255.4,57,3,3255.5,61,3,3255.6,103,4
11536,2025-12-30 14:09:50+05:30,3254.8,39,3253.41,1457956,96315.0,118745.0,3250.0,3267.5,3239.8,3251.5,46906125,3576.6,2926.4,4322.95,2866.6,3254.8,5,1,3254.4,28,2,3253.9,33,4,3253.8,235,4,3253.7,34,3,3255.0,165,1,3255.3,103,3,3255.4,57,3,3255.5,61,3,3255.6,103,4
11536,2025-12-30 14:09:51+05:30,3255.0,121,3253.41,1458094,96389.0,121213.0,3250.0,3267.5,3239.8,3251.5,46906125,3576.6,2926.4,4322.95,2866.6,3254.4,28,2,3254.2,38,2,3254.1,33,1,3254.0,175,1,3253.9,48,5,3255.1,44,1,3255.3,34,2,3255.4,37,2,3255.5,24,2,3255.6,21,1
11536,2025-12-30 14:09:51+05:30,3255.0,121,3253.41,1458094,96389.0,121213.0,3250.0,3267.5,3239.8,3251.5,46906125,3576.6,2926.4,4322.95,2866.6,3254.4,28,2,3254.2,38,2,3254.1,33,1,3254.0,175,1,3253.9,48,5,3255.1,44,1,3255.3,34,2,3255.4,37,2,3255.5,24,2,3255.6,21,1
11536,2025-12-30 14:09:51+05:30,3255.5,19,3253.42,1458290,96437.0,120150.0,3250.0,3267.5,3239.8,3251.5,46906125,3576.6,2926.4,4322.95,2866.6,3254.4,6,1,3254.1,33,1,3254.0,175,1,3253.9,56,5,3253.8,207,5,3255.2,175,1,3255.3,62,3,3255.4,79,4,3255.5,38,2,3255.6,145,5
11536,2025-12-30 14:09:52+05:30,3255.5,19,3253.42,1458290,96437.0,120150.0,3250.0,3267.5,3239.8,3251.5,46906125,3576.6,2926.4,4322.95,2866.6,3254.4,6,1,3254.1,33,1,3254.0,175,1,3253.9,56,5,3253.8,207,5,3255.2,175,1,3255.3,62,3,3255.4,79,4,3255.5,38,2,3255.6,145,5
11536,2025-12-30 14:09:52+05:30,3254.4,1,3253.42,1458294,96457.0,120186.0,3250.0,3267.5,3239.8,3251.5,46906125,3576.6,2926.4,4322.95,2866.6,3254.4,5,1,3254.1,33,1,3254.0,175,1,3253.9,56,5,3253.8,207,5,3255.2,172,1,3255.3,62,3,3255.4,79,4,3255.5,38,2,3255.6,166,6
11536,2025-12-30 14:09:53+05:30,3254.4,1,3253.42,1458294,96457.0,120186.0,3250.0,3267.5,3239.8,3251.5,46906125,3576.6,2926.4,4322.95,2866.6,3254.4,5,1,3254.1,33,1,3254.0,175,1,3253.9,56,5,3253.8,207,5,3255.2,172,1,3255.3,62,3,3255.4,79,4,3255.5,38,2,3255.6,166,6
11536,2025-12-30 14:09:53+05:30,3255.2,7,3253.42,1458312,96478.0,121558.0,3250.0,3267.5,3239.8,3251.5,46906125,3576.6,2926.4,4322.95,2866.6,3254.4,5,1,3254.1,33,1,3254.0,175,1,3253.9,64,6,3253.8,207,5,3255.2,154,1,3255.3,62,3,3255.4,56,3,3255.5,38,2,3255.6,120,5
11536,2025-12-30 14:09:54+05:30,3255.2,7,3253.42,1458312,96478.0,121558.0,3250.0,3267.5,3239.8,3251.5,46906125,3576.6,2926.4,4322.95,2866.6,3254.4,5,1,3254.1,33,1,3254.0,175,1,3253.9,64,6,3253.8,207,5,3255.2,154,1,3255.3,62,3,3255.4,56,3,3255.5,38,2,3255.6,120,5
11536,2025-12-30 14:09:54+05:30,3255.2,7,3253.42,1458312,96378.0,121860.0,3250.0,3267.5,3239.8,3251.5,46906125,3576.6,2926.4,4322.95,2866.6,3254.1,61,2,3254.0,175,1,3253.9,28,4,3253.8,186,4,3253.7,40,4,3255.0,175,1,3255.2,177,2,3255.3,24,1,3255.4,10,1,3255.5,38,2
11536,2025-12-30 14:09:55+05:30,3255.0,1,3253.42,1458312,96378.0,121860.0,3250.0,3267.5,3239.8,3251.5,46906125,3576.6,2926.4,4322.95,2866.6,3254.1,61,2,3254.0,175,1,3253.9,28,4,3253.8,186,4,3253.7,40,4,3255.0,175,1,3255.2,177,2,3255.3,24,1,3255.4,10,1,3255.5,38,2
11536,2025-12-30 14:09:56+05:30,3255.0,1,3253.42,1458314,96364.0,121872.0,3250.0,3267.5,3239.8,3251.5,46906125,3576.6,2926.4,4322.95,2866.6,3254.1,61,2,3254.0,178,2,3253.9,28,4,3253.8,186,4,3253.7,23,4,3255.0,187,2,3255.2,177,2,3255.3,66,2,3255.4,31,2,3255.5,84,3
11536,2025-12-30 14:09:56+05:30,3255.0,1,3253.42,1458314,96364.0,121872.0,3250.0,3267.5,3239.8,3251.5,46906125,3576.6,2926.4,4322.95,2866.6,3254.1,61,2,3254.0,178,2,3253.9,28,4,3253.8,186,4,3253.7,23,4,3255.0,187,2,3255.2,177,2,3255.3,66,2,3255.4,31,2,3255.5,84,3
11536,2025-12-30 14:09:56+05:30,3255.0,1,3253.42,1458314,96328.0,122346.0,3250.0,3267.5,3239.8,3251.5,46906125,3576.6,2926.4,4322.95,2866.6,3254.1,33,1,3254.0,178,2,3253.9,56,5,3253.8,186,4,3253.7,40,4,3254.9,18,1,3255.0,187,2,3255.2,200,3,3255.3,119,4,3255.4,53,3
11536,2025-12-30 14:09:58+05:30,3255.0,3,3253.42,1458492,96520.0,120692.0,3250.0,3267.5,3239.8,3251.5,46906125,3576.6,2926.4,4322.95,2866.6,3254.4,50,1,3254.1,111,5,3254.0,57,4,3253.9,28,4,3253.8,235,6,3255.0,9,1,3255.1,154,1,3255.6,65,4,3255.7,97,3,3255.8,194,3
11536,2025-12-30 14:09:58+05:30,3254.4,2,3253.42,1458492,96520.0,120692.0,3250.0,3267.5,3239.8,3251.5,46906125,3576.6,2926.4,4322.95,2866.6,3254.4,50,1,3254.1,111,5,3254.0,57,4,3253.9,28,4,3253.8,235,6,3255.0,9,1,3255.1,154,1,3255.6,65,4,3255.7,97,3,3255.8,194,3
11536,2025-12-30 14:09:59+05:30,3254.4,1,3253.42,1458495,96617.0,122126.0,3250.0,3267.5,3239.8,3251.5,46906125,3576.6,2926.4,4322.95,2866.6,3254.4,112,4,3254.2,17,1,3254.1,82,4,3254.0,57,4,3253.9,28,4,3255.0,43,2,3255.1,154,1,3255.6,65,4,3255.7,97,3,3255.8,194,3
11536,2025-12-30 14:09:59+05:30,3254.4,1,3253.42,1458495,96617.0,122126.0,3250.0,3267.5,3239.8,3251.5,46906125,3576.6,2926.4,4322.95,2866.6,3254.4,112,4,3254.2,17,1,3254.1,82,4,3254.0,57,4,3253.9,28,4,3255.0,43,2,3255.1,154,1,3255.6,65,4,3255.7,97,3,3255.8,194,3
11536,2025-12-30 14:10:00+05:30,3254.4,1,3253.42,1458495,96570.0,122111.0,3250.0,3267.5,3239.8,3251.5,46906125,3576.6,2926.4,4322.95,2866.6,3254.4,100,3,3254.1,53,3,3254.0,57,4,3253.9,28,4,3253.8,210,5,3255.0,43,2,3255.1,154,1,3255.4,24,1,3255.6,80,5,3255.7,97,3
11536,2025-12-30 14:10:00+05:30,3255.0,1,3253.42,1458496,97256.0,121802.0,3250.0,3267.5,3239.8,3251.5,46906125,3576.6,2926.4,4322.95,2866.6,3254.4,114,4,3254.3,204,2,3254.2,57,2,3254.1,18,1,3254.0,79,5,3255.0,42,2,3255.3,154,1,3255.5,10,1,3255.6,72,4,3255.7,42,1
11536,2025-12-30 14:10:01+05:30,3255.0,1,3253.42,1458496,97256.0,121802.0,3250.0,3267.5,3239.8,3251.5,46906125,3576.6,2926.4,4322.95,2866.6,3254.4,114,4,3254.3,204,2,3254.2,57,2,3254.1,18,1,3254.0,79,5,3255.0,42,2,3255.3,154,1,3255.5,10,1,3255.6,72,4,3255.7,42,1
11536,2025-12-30 14:10:02+05:30,3255.0,1,3253.42,1458498,97664.0,121628.0,3250.0,3267.5,3239.8,3251.5,46906125,3576.6,2926.4,4322.95,2866.6,3254.4,100,3,3254.3,204,2,3254.2,34,1,3254.1,43,2,3254.0,26,3,3255.0,40,2,3255.5,154,1,3255.6,21,1,3255.7,23,1,3255.8,24,2
11536,2025-12-30 14:10:02+05:30,3255.0,1,3253.42,1458498,97664.0,121628.0,3250.0,3267.5,3239.8,3251.5,46906125,3576.6,2926.4,4322.95,2866.6,3254.4,100,3,3254.3,204,2,3254.2,34,1,3254.1,43,2,3254.0,26,3,3255.0,40,2,3255.5,154,1,3255.6,21,1,3255.7,23,1,3255.8,24,2
11536,2025-12-30 14:10:03+05:30,3254.0,111,3253.42,1459574,97407.0,121282.0,3250.0,3267.5,3239.8,3251.5,46906125,3576.6,2926.4,4322.95,2866.6,3254.4,78,3,3254.3,377,4,3254.2,63,2,3254.1,54,3,3254.0,66,5,3255.0,22,1,3255.3,154,1,3255.6,21,1,3255.8,24,2,3255.9,54,4
11536,2025-12-30 14:10:03+05:30,3254.0,111,3253.42,1459574,97407.0,121282.0,3250.0,3267.5,3239.8,3251.5,46906125,3576.6,2926.4,4322.95,2866.6,3254.4,78,3,3254.3,377,4,3254.2,63,2,3254.1,54,3,3254.0,66,5,3255.0,22,1,3255.3,154,1,3255.6,21,1,3255.8,24,2,3255.9,54,4
11536,2025-12-30 14:10:04+05:30,3254.4,3,3253.42,1459577,97264.0,121176.0,3250.0,3267.5,3239.8,3251.5,46906125,3576.6,2926.4,4322.95,2866.6,3254.4,75,3,3254.3,202,3,3254.2,29,1,3254.1,54,3,3254.0,76,5,3255.0,22,1,3255.2,177,2,3255.4,26,1,3255.6,81,3,3255.7,34,1
11536,2025-12-30 14:10:04+05:30,3254.4,3,3253.42,1459577,97264.0,121176.0,3250.0,3267.5,3239.8,3251.5,46906125,3576.6,2926.4,4322.95,2866.6,3254.4,75,3,3254.3,202,3,3254.2,29,1,3254.1,54,3,3254.0,76,5,3255.0,22,1,3255.2,177,2,3255.4,26,1,3255.6,81,3,3255.7,34,1
11536,2025-12-30 14:10:05+05:30,3255.0,1,3253.42,1459600,97488.0,120871.0,3250.0,3267.5,3239.8,3251.5,46906125,3576.6,2926.4,4322.95,2866.6,3255.0,5,2,3254.4,75,3,3254.3,202,3,3254.2,29,1,3254.1,54,3,3255.2,177,2,3255.4,50,2,3255.5,29,1,3255.6,103,4,3255.7,90,3
11536,2025-12-30 14:10:05+05:30,3255.0,1,3253.42,1459600,97488.0,120871.0,3250.0,3267.5,3239.8,3251.5,46906125,3576.6,2926.4,4322.95,2866.6,3255.0,5,2,3254.4,75,3,3254.3,202,3,3254.2,29,1,3254.1,54,3,3255.2,177,2,3255.4,50,2,3255.5,29,1,3255.6,103,4,3255.7,90,3
11536,2025-12-30 14:10:06+05:30,3255.0,1,3253.42,1459600,97445.0,120871.0,3250.0,3267.5,3239.8,3251.5,46906125,3576.6,2926.4,4322.95,2866.6,3255.0,5,2,3254.4,78,4,3254.3,202,3,3254.2,29,1,3254.1,54,3,3255.2,177,2,3255.4,50,2,3255.6,103,4,3255.7,90,3,3255.8,146,6
11536,2025-12-30 14:10:07+05:30,3254.4,17,3253.42,1459641,97429.0,120951.0,3250.0,3267.5,3239.8,3251.5,46906125,3576.6,2926.4,4322.95,2866.6,3254.4,61,4,3254.3,202,3,3254.2,29,1,3254.1,88,4,3254.0,35,4,3255.2,177,2,3255.4,26,1,3255.6,103,4,3255.7,56,2,3255.8,138,6
11536,2025-12-30 14:10:07+05:30,3254.4,17,3253.42,1459641,97429.0,120951.0,3250.0,3267.5,3239.8,3251.5,46906125,3576.6,2926.4,4322.95,2866.6,3254.4,61,4,3254.3,202,3,3254.2,29,1,3254.1,88,4,3254.0,35,4,3255.2,177,2,3255.4,26,1,3255.6,103,4,3255.7,56,2,3255.8,138,6
11536,2025-12-30 14:10:08+05:30,3254.4,2,3253.42,1459643,97603.0,121073.0,3250.0,3267.5,3239.8,3251.5,46906125,3576.6,2926.4,4322.95,2866.6,3254.4,60,5,3254.3,202,3,3254.2,29,1,3254.1,88,4,3254.0,35,4,3255.2,231,3,3255.3,23,1,3255.4,26,1,3255.5,34,1,3255.6,103,4
11536,2025-12-30 14:10:08+05:30,3255.2,23,3253.42,1459643,97603.0,121073.0,3250.0,3267.5,3239.8,3251.5,46906125,3576.6,2926.4,4322.95,2866.6,3254.4,60,5,3254.3,202,3,3254.2,29,1,3254.1,88,4,3254.0,35,4,3255.2,231,3,3255.3,23,1,3255.4,26,1,3255.5,34,1,3255.6,103,4
11536,2025-12-30 14:10:09+05:30,3255.2,25,3253.42,1459716,97127.0,121657.0,3250.0,3267.5,3239.8,3251.5,46906125,3576.6,2926.4,4322.95,2866.6,3254.4,36,4,3254.3,181,2,3254.2,29,1,3254.1,5,1,3254.0,35,4,3254.7,123,1,3255.1,104,1,3255.2,68,2,3255.4,49,2,3255.6,152,5
11536,2025-12-30 14:10:09+05:30,3255.2,25,3253.42,1459716,97127.0,121657.0,3250.0,3267.5,3239.8,3251.5,46906125,3576.6,2926.4,4322.95,2866.6,3254.4,36,4,3254.3,181,2,3254.2,29,1,3254.1,5,1,3254.0,35,4,3254.7,123,1,3255.1,104,1,3255.2,68,2,3255.4,49,2,3255.6,152,5
11536,2025-12-30 14:10:10+05:30,3254.4,1,3253.42,1459717,97080.0,121647.0,3250.0,3267.5,3239.8,3251.5,46906125,3576.6,2926.4,4322.95,2866.6,3254.4,35,4,3254.3,181,2,3254.2,29,1,3254.1,5,1,3254.0,12,3,3254.7,123,1,3255.1,127,2,3255.2,68,2,3255.4,26,1,3255.6,177,6
11536,2025-12-30 14:10:10+05:30,3254.4,1,3253.42,1459717,97080.0,121647.0,3250.0,3267.5,3239.8,3251.5,46906125,3576.6,2926.4,4322.95,2866.6,3254.4,35,4,3254.3,181,2,3254.2,29,1,3254.1,5,1,3254.0,12,3,3254.7,123,1,3255.1,127,2,3255.2,68,2,3255.4,26,1,3255.6,177,6
11536,2025-12-30 14:10:11+05:30,3254.4,1,3253.42,1459717,96730.0,121880.0,3250.0,3267.5,3239.8,3251.5,46906125,3576.6,2926.4,4322.95,2866.6,3254.4,35,4,3254.3,181,2,3254.1,5,1,3254.0,12,3,3253.9,81,5,3254.7,123,1,3255.0,131,2,3255.2,68,2,3255.3,50,2,3255.4,26,1
11536,2025-12-30 14:10:12+05:30,3254.7,1,3253.42,1459739,96656.0,121846.0,3250.0,3267.5,3239.8,3251.5,46906125,3576.6,2926.4,4322.95,2866.6,3254.4,34,4,3254.3,181,2,3254.1,5,1,3254.0,38,3,3253.9,86,5,3254.7,102,1,3255.0,131,2,3255.1,18,1,3255.2,68,2,3255.3,67,2
11536,2025-12-30 14:10:12+05:30,3254.7,1,3253.42,1459739,96656.0,121846.0,3250.0,3267.5,3239.8,3251.5,46906125,3576.6,2926.4,4322.95,2866.6,3254.4,34,4,3254.3,181,2,3254.1,5,1,3254.0,38,3,3253.9,86,5,3254.7,102,1,3255.0,131,2,3255.1,18,1,3255.2,68,2,3255.3,67,2
11536,2025-12-30 14:10:13+05:30,3254.4,1,3253.42,1459922,95821.0,121878.0,3250.0,3267.5,3239.8,3251.5,46906125,3576.6,2926.4,4322.95,2866.6,3254.4,27,2,3254.1,5,1,3254.0,9,2,3253.9,25,3,3253.8,183,4,3254.7,130,2,3254.9,44,2,3255.0,26,1,3255.2,83,2,3255.3,126,4
11536,2025-12-30 14:10:13+05:30,3254.4,1,3253.42,1459922,95821.0,121878.0,3250.0,3267.5,3239.8,3251.5,46906125,3576.6,2926.4,4322.95,2866.6,3254.4,27,2,3254.1,5,1,3254.0,9,2,3253.9,25,3,3253.8,183,4,3254.7,130,2,3254.9,44,2,3255.0,26,1,3255.2,83,2,3255.3,126,4
11536,2025-12-30 14:10:14+05:30,3254.4,17,3253.42,1459939,95773.0,122033.0,3250.0,3267.5,3239.8,3251.5,46906125,3576.6,2926.4,4322.95,2866.6,3254.4,10,2,3254.0,3,1,3253.9,25,3,3253.8,183,4,3253.7,6,1,3254.7,130,2,3254.8,31,1,3254.9,86,4,3255.0,19,1,3255.1,53,2
11536,2025-12-30 14:10:14+05:30,3254.4,17,3253.42,1459939,95773.0,122033.0,3250.0,3267.5,3239.8,3251.5,46906125,3576.6,2926.4,4322.95,2866.6,3254.4,10,2,3254.0,3,1,3253.9,25,3,3253.8,183,4,3253.7,6,1,3254.7,130,2,3254.8,31,1,3254.9,86,4,3255.0,19,1,3255.1,53,2
11536,2025-12-30 14:10:15+05:30,3254.7,1,3253.42,1459939,95773.0,122033.0,3250.0,3267.5,3239.8,3251.5,46906125,3576.6,2926.4,4322.95,2866.6,3254.4,10,2,3254.0,3,1,3253.9,25,3,3253.8,183,4,3253.7,6,1,3254.7,130,2,3254.8,31,1,3254.9,86,4,3255.0,19,1,3255.1,53,2
11536,2025-12-30 14:10:15+05:30,3254.7,1,3253.42,1459940,96505.0,121814.0,3250.0,3267.5,3239.8,3251.5,46906125,3576.6,2926.4,4322.95,2866.6,3254.4,10,2,3254.0,103,2,3253.9,25,3,3253.8,217,5,3253.7,9,2,3254.7,129,2,3254.9,46,2,3255.0,19,1,3255.1,37,2,3255.2,102,3
11536,2025-12-30 14:10:16+05:30,3254.7,1,3253.42,1459940,96505.0,121814.0,3250.0,3267.5,3239.8,3251.5,46906125,3576.6,2926.4,4322.95,2866.6,3254.4,10,2,3254.0,103,2,3253.9,25,3,3253.8,217,5,3253.7,9,2,3254.7,129,2,3254.9,46,2,3255.0,19,1,3255.1,37,2,3255.2,102,3
11536,2025-12-30 14:10:16+05:30,3254.7,1,3253.42,1459942,96322.0,122470.0,3250.0,3267.5,3239.8,3251.5,46906125,3576.6,2926.4,4322.95,2866.6,3254.4,9,2,3254.0,103,2,3253.9,25,3,3253.8,183,4,3253.7,9,2,3254.7,128,2,3254.8,10,1,3254.9,75,3,3255.0,53,2,3255.1,62,3
11536,2025-12-30 14:10:17+05:30,3254.7,1,3253.42,1459942,96548.0,122643.0,3250.0,3267.5,3239.8,3251.5,46906125,3576.6,2926.4,4322.95,2866.6,3254.4,9,2,3254.1,24,1,3254.0,103,2,3253.9,25,3,3253.8,183,4,3254.7,128,2,3254.8,41,2,3254.9,44,2,3255.0,53,2,3255.1,87,4
11536,2025-12-30 14:10:18+05:30,3253.8,149,3253.42,1459942,96548.0,122643.0,3250.0,3267.5,3239.8,3251.5,46906125,3576.6,2926.4,4322.95,2866.6,3254.4,9,2,3254.1,24,1,3254.0,103,2,3253.9,25,3,3253.8,183,4,3254.7,128,2,3254.8,41,2,3254.9,44,2,3255.0,53,2,3255.1,87,4
11536,2025-12-30 14:10:18+05:30,3253.8,149,3253.42,1461247,95177.0,121869.0,3250.0,3267.5,3239.8,3251.5,46906125,3576.6,2926.4,4322.95,2866.6,3253.8,41,4,3253.6,39,4,3253.5,295,8,3253.4,64,4,3253.3,30,3,3254.2,42,1,3254.7,84,3,3254.8,31,1,3254.9,27,1,3255.0,63,2
11536,2025-12-30 14:10:19+05:30,3253.8,149,3253.42,1461247,94618.0,122060.0,3250.0,3267.5,3239.8,3251.5,46906125,3576.6,2926.4,4322.95,2866.6,3254.0,1,1,3253.8,41,4,3253.6,10,3,3253.5,261,7,3253.4,64,4,3254.2,56,2,3254.7,99,3,3254.8,65,2,3254.9,27,1,3255.0,42,1
11536,2025-12-30 14:10:20+05:30,3254.7,21,3253.42,1461247,94618.0,122060.0,3250.0,3267.5,3239.8,3251.5,46906125,3576.6,2926.4,4322.95,2866.6,3254.0,1,1,3253.8,41,4,3253.6,10,3,3253.5,261,7,3253.4,64,4,3254.2,56,2,3254.7,99,3,3254.8,65,2,3254.9,27,1,3255.0,42,1
11536,2025-12-30 14:10:20+05:30,3254.7,21,3253.42,1461394,95576.0,122253.0,3250.0,3267.5,3239.8,3251.5,46906125,3576.6,2926.4,4322.95,2866.6,3254.2,2,2,3254.0,1,1,3253.8,32,3,3253.6,10,3,3253.5,236,6,3254.7,85,4,3254.8,25,2,3254.9,26,1,3255.0,43,2,3255.1,82,3
11536,2025-12-30 14:10:21+05:30,3254.7,21,3253.42,1461394,95424.0,123024.0,3250.0,3267.5,3239.8,3251.5,46906125,3576.6,2926.4,4322.95,2866.6,3254.2,3,3,3254.0,1,1,3253.8,32,3,3253.6,10,3,3253.5,236,6,3254.6,75,3,3254.7,46,2,3254.8,25,2,3254.9,18,1,3255.0,87,4
11536,2025-12-30 14:10:22+05:30,3254.9,10,3253.42,1461580,95579.0,123004.0,3250.0,3267.5,3239.8,3251.5,46906125,3576.6,2926.4,4322.95,2866.6,3254.2,55,4,3254.0,1,1,3253.8,27,2,3253.6,10,3,3253.5,236,6,3254.5,1,1,3254.6,41,2,3254.9,29,1,3255.0,146,6,3255.1,102,4
11536,2025-12-30 14:10:22+05:30,3254.9,10,3253.42,1461580,95579.0,123004.0,3250.0,3267.5,3239.8,3251.5,46906125,3576.6,2926.4,4322.95,2866.6,3254.2,55,4,3254.0,1,1,3253.8,27,2,3253.6,10,3,3253.5,236,6,3254.5,1,1,3254.6,41,2,3254.9,29,1,3255.0,146,6,3255.1,102,4
11536,2025-12-30 14:10:23+05:30,3254.5,1,3253.42,1461581,92399.0,123016.0,3250.0,3267.5,3239.8,3251.5,46906125,3576.6,2926.4,4322.95,2866.6,3254.5,2,2,3254.2,55,4,3254.0,1,1,3253.8,26,1,3253.6,10,3,3254.6,41,2,3254.9,29,1,3255.0,121,5,3255.1,102,4,3255.2,106,4
11536,2025-12-30 14:10:23+05:30,3254.5,1,3253.42,1461581,92399.0,123016.0,3250.0,3267.5,3239.8,3251.5,46906125,3576.6,2926.4,4322.95,2866.6,3254.5,2,2,3254.2,55,4,3254.0,1,1,3253.8,26,1,3253.6,10,3,3254.6,41,2,3254.9,29,1,3255.0,121,5,3255.1,102,4,3255.2,106,4
11536,2025-12-30 14:10:24+05:30,3254.6,1,3253.42,1461582,92613.0,123620.0,3250.0,3267.5,3239.8,3251.5,46906125,3576.6,2926.4,4322.95,2866.6,3254.5,2,2,3254.2,55,4,3254.0,1,1,3253.8,26,1,3253.6,10,3,3254.6,13,1,3254.8,29,1,3254.9,34,1,3255.0,2,2,3255.1,64,2
11536,2025-12-30 14:10:24+05:30,3254.6,1,3253.42,1461582,92613.0,123620.0,3250.0,3267.5,3239.8,3251.5,46906125,3576.6,2926.4,4322.95,2866.6,3254.5,2,2,3254.2,55,4,3254.0,1,1,3253.8,26,1,3253.6,10,3,3254.6,13,1,3254.8,29,1,3254.9,34,1,3255.0,2,2,3255.1,64,2
11536,2025-12-30 14:10:25+05:30,3255.1,12,3253.42,1461757,94697.0,122320.0,3250.0,3267.5,3239.8,3251.5,46906125,3576.6,2926.4,4322.95,2866.6,3254.5,2,2,3254.2,55,4,3254.0,1,1,3253.8,26,1,3253.7,3,1,3255.1,3,1,3255.2,71,3,3255.3,70,2,3255.4,103,3,3255.5,225,3
11536,2025-12-30 14:10:25+05:30,3255.1,12,3253.42,1461757,94697.0,122320.0,3250.0,3267.5,3239.8,3251.5,46906125,3576.6,2926.4,4322.95,2866.6,3254.5,2,2,3254.2,55,4,3254.0,1,1,3253.8,26,1,3253.7,3,1,3255.1,3,1,3255.2,71,3,3255.3,70,2,3255.4,103,3,3255.5,225,3
11536,2025-12-30 14:10:26+05:30,3254.2,16,3253.42,1461793,95142.0,122970.0,3250.0,3267.5,3239.8,3251.5,46906125,3576.6,2926.4,4322.95,2866.6,3254.2,36,1,3254.0,1,1,3253.8,26,1,3253.7,3,1,3253.6,10,3,3254.9,18,1,3255.0,77,4,3255.1,91,5,3255.3,141,4,3255.4,129,5
11536,2025-12-30 14:10:26+05:30,3254.2,16,3253.42,1461793,95142.0,122970.0,3250.0,3267.5,3239.8,3251.5,46906125,3576.6,2926.4,4322.95,2866.6,3254.2,36,1,3254.0,1,1,3253.8,26,1,3253.7,3,1,3253.6,10,3,3254.9,18,1,3255.0,77,4,3255.1,91,5,3255.3,141,4,3255.4,129,5
11536,2025-12-30 14:10:27+05:30,3254.2,1,3253.42,1461794,95151.0,122915.0,3250.0,3267.5,3239.8,3251.5,46906125,3576.6,2926.4,4322.95,2866.6,3254.2,35,1,3254.0,1,1,3253.8,36,2,3253.7,3,1,3253.6,10,3,3254.9,48,3,3255.0,36,2,3255.1,81,4,3255.2,164,1,3255.3,141,4
11536,2025-12-30 14:10:27+05:30,3254.2,1,3253.42,1461794,95151.0,122915.0,3250.0,3267.5,3239.8,3251.5,46906125,3576.6,2926.4,4322.95,2866.6,3254.2,35,1,3254.0,1,1,3253.8,36,2,3253.7,3,1,3253.6,10,3,3254.9,48,3,3255.0,36,2,3255.1,81,4,3255.2,164,1,3255.3,141,4
11536,2025-12-30 14:10:28+05:30,3254.2,3,3253.42,1461794,95151.0,122915.0,3250.0,3267.5,3239.8,3251.5,46906125,3576.6,2926.4,4322.95,2866.6,3254.2,35,1,3254.0,1,1,3253.8,36,2,3253.7,3,1,3253.6,10,3,3254.9,48,3,3255.0,36,2,3255.1,81,4,3255.2,164,1,3255.3,141,4
11536,2025-12-30 14:10:28+05:30,3254.2,3,3253.42,1461826,94801.0,122696.0,3250.0,3267.5,3239.8,3251.5,46906125,3576.6,2926.4,4322.95,2866.6,3254.2,32,1,3254.0,10,2,3253.6,12,4,3253.5,242,8,3253.4,86,5,3254.9,67,5,3255.0,50,3,3255.1,47,3,3255.2,46,1,3255.3,245,4
11536,2025-12-30 14:10:29+05:30,3254.2,3,3253.42,1461826,94801.0,122696.0,3250.0,3267.5,3239.8,3251.5,46906125,3576.6,2926.4,4322.95,2866.6,3254.2,32,1,3254.0,10,2,3253.6,12,4,3253.5,242,8,3253.4,86,5,3254.9,67,5,3255.0,50,3,3255.1,47,3,3255.2,46,1,3255.3,245,4
11536,2025-12-30 14:10:29+05:30,3254.9,5,3253.42,1461847,94946.0,121676.0,3250.0,3267.5,3239.8,3251.5,46906125,3576.6,2926.4,4322.95,2866.6,3254.2,29,1,3254.0,11,3,3253.6,12,4,3253.5,242,8,3253.4,86,5,3254.9,80,5,3255.0,60,4,3255.1,33,2,3255.2,25,1,3255.3,141,4
11536,2025-12-30 14:10:30+05:30,3254.9,5,3253.42,1461847,94946.0,121676.0,3250.0,3267.5,3239.8,3251.5,46906125,3576.6,2926.4,4322.95,2866.6,3254.2,29,1,3254.0,11,3,3253.6,12,4,3253.5,242,8,3253.4,86,5,3254.9,80,5,3255.0,60,4,3255.1,33,2,3255.2,25,1,3255.3,141,4
11536,2025-12-30 14:10:30+05:30,3254.9,5,3253.42,1461847,95461.0,123132.0,3250.0,3267.5,3239.8,3251.5,46906125,3576.6,2926.4,4322.95,2866.6,3254.2,29,1,3254.0,11,3,3253.6,12,4,3253.5,242,8,3253.4,86,5,3254.9,17,2,3255.0,29,2,3255.1,84,5,3255.2,44,2,3255.3,116,3
11536,2025-12-30 14:10:31+05:30,3254.9,1,3253.42,1461847,95461.0,123132.0,3250.0,3267.5,3239.8,3251.5,46906125,3576.6,2926.4,4322.95,2866.6,3254.2,29,1,3254.0,11,3,3253.6,12,4,3253.5,242,8,3253.4,86,5,3254.9,17,2,3255.0,29,2,3255.1,84,5,3255.2,44,2,3255.3,116,3
11536,2025-12-30 14:10:31+05:30,3254.9,1,3253.42,1461848,95539.0,120863.0,3250.0,3267.5,3239.8,3251.5,46906125,3576.6,2926.4,4322.95,2866.6,3254.9,1,1,3254.2,29,1,3254.1,1,1,3254.0,11,3,3253.6,94,6,3255.0,41,3,3255.1,105,5,3255.2,19,1,3255.3,95,3,3255.4,82,3
11536,2025-12-30 14:10:32+05:30,3253.5,1,3253.42,1462224,94948.0,123222.0,3250.0,3267.5,3239.8,3251.5,46906125,3576.6,2926.4,4322.95,2866.6,3253.5,268,8,3253.4,119,5,3253.3,27,2,3253.2,285,9,3253.1,89,6,3253.6,97,1,3254.9,276,3,3255.0,126,4,3255.1,168,5,3255.2,213,8
11536,2025-12-30 14:10:33+05:30,3253.5,1,3253.42,1462224,94948.0,123222.0,3250.0,3267.5,3239.8,3251.5,46906125,3576.6,2926.4,4322.95,2866.6,3253.5,268,8,3253.4,119,5,3253.3,27,2,3253.2,285,9,3253.1,89,6,3253.6,97,1,3254.9,276,3,3255.0,126,4,3255.1,168,5,3255.2,213,8
11536,2025-12-30 14:10:33+05:30,3253.5,1,3253.42,1462224,94962.0,123444.0,3250.0,3267.5,3239.8,3251.5,46906125,3576.6,2926.4,4322.95,2866.6,3253.5,268,8,3253.4,119,5,3253.3,27,2,3253.2,285,9,3253.1,89,6,3253.6,97,1,3254.6,21,1,3254.8,22,1,3254.9,276,3,3255.0,126,4
11536,2025-12-30 14:10:34+05:30,3253.6,1,3253.42,1462224,94962.0,123444.0,3250.0,3267.5,3239.8,3251.5,46906125,3576.6,2926.4,4322.95,2866.6,3253.5,268,8,3253.4,119,5,3253.3,27,2,3253.2,285,9,3253.1,89,6,3253.6,97,1,3254.6,21,1,3254.8,22,1,3254.9,276,3,3255.0,126,4
11536,2025-12-30 14:10:34+05:30,3253.6,47,3253.42,1462272,95502.0,123255.0,3250.0,3267.5,3239.8,3251.5,46906125,3576.6,2926.4,4322.95,2866.6,3253.5,238,7,3253.4,61,3,3253.3,27,2,3253.2,256,8,3253.1,113,7,3253.6,49,1,3254.6,21,1,3254.8,64,2,3254.9,169,1,3255.0,111,4
11536,2025-12-30 14:10:35+05:30,3253.6,1,3253.42,1462272,95502.0,123255.0,3250.0,3267.5,3239.8,3251.5,46906125,3576.6,2926.4,4322.95,2866.6,3253.5,238,7,3253.4,61,3,3253.3,27,2,3253.2,256,8,3253.1,113,7,3253.6,49,1,3254.6,21,1,3254.8,64,2,3254.9,169,1,3255.0,111,4
11536,2025-12-30 14:10:35+05:30,3253.5,175,3253.42,1462859,95191.0,123152.0,3250.0,3267.5,3239.8,3251.5,46906125,3576.6,2926.4,4322.95,2866.6,3253.4,61,3,3253.3,27,2,3253.2,25,4,3253.1,69,5,3253.0,55,12,3253.5,48,1,3253.6,14,1,3254.5,61,1,3254.6,50,2,3254.7,110,3
11536,2025-12-30 14:10:36+05:30,3253.5,48,3253.42,1462859,95191.0,123152.0,3250.0,3267.5,3239.8,3251.5,46906125,3576.6,2926.4,4322.95,2866.6,3253.4,61,3,3253.3,27,2,3253.2,25,4,3253.1,69,5,3253.0,55,12,3253.5,48,1,3253.6,14,1,3254.5,61,1,3254.6,50,2,3254.7,110,3
11536,2025-12-30 14:10:36+05:30,3253.5,48,3253.42,1462907,95592.0,123004.0,3250.0,3267.5,3239.8,3251.5,46906125,3576.6,2926.4,4322.95,2866.6,3253.5,127,1,3253.4,121,5,3253.3,55,3,3253.2,50,5,3253.1,89,6,3253.6,14,1,3254.6,63,2,3254.7,3,1,3254.8,64,2,3254.9,83,2
11536,2025-12-30 14:10:37+05:30,3253.5,48,3253.42,1462907,95389.0,122522.0,3250.0,3267.5,3239.8,3251.5,46906125,3576.6,2926.4,4322.95,2866.6,3253.5,220,2,3253.4,119,5,3253.3,27,2,3253.2,58,5,3253.1,113,7,3253.6,14,1,3254.6,63,2,3254.7,3,1,3254.8,64,2,3254.9,62,2
11536,2025-12-30 14:10:38+05:30,3253.5,1,3253.42,1462926,95421.0,122737.0,3250.0,3267.5,3239.8,3251.5,46906125,3576.6,2926.4,4322.95,2866.6,3253.5,220,3,3253.4,119,5,3253.3,27,2,3253.2,58,5,3253.1,69,5,3253.6,27,1,3254.6,63,2,3254.7,3,1,3254.8,64,2,3254.9,62,2
11536,2025-12-30 14:10:39+05:30,3253.6,15,3253.42,1462926,95421.0,122737.0,3250.0,3267.5,3239.8,3251.5,46906125,3576.6,2926.4,4322.95,2866.6,3253.5,220,3,3253.4,119,5,3253.3,27,2,3253.2,58,5,3253.1,69,5,3253.6,27,1,3254.6,63,2,3254.7,3,1,3254.8,64,2,3254.9,62,2
11536,2025-12-30 14:10:39+05:30,3253.6,15,3253.42,1462941,95473.0,122742.0,3250.0,3267.5,3239.8,3251.5,46906125,3576.6,2926.4,4322.95,2866.6,3253.5,261,5,3253.4,91,4,3253.3,60,3,3253.2,50,5,3253.1,107,6,3253.6,12,1,3254.6,21,1,3254.7,3,1,3254.8,64,2,3254.9,62,2
11536,2025-12-30 14:10:40+05:30,3253.6,15,3253.42,1462941,95983.0,122740.0,3250.0,3267.5,3239.8,3251.5,46906125,3576.6,2926.4,4322.95,2866.6,3253.5,265,5,3253.4,61,3,3253.3,60,3,3253.2,74,6,3253.1,69,5,3253.6,12,1,3254.7,22,2,3254.8,64,2,3254.9,62,2,3255.0,111,4
11536,2025-12-30 14:10:41+05:30,3255.0,27,3253.42,1462941,95983.0,122740.0,3250.0,3267.5,3239.8,3251.5,46906125,3576.6,2926.4,4322.95,2866.6,3253.5,265,5,3253.4,61,3,3253.3,60,3,3253.2,74,6,3253.1,69,5,3253.6,12,1,3254.7,22,2,3254.8,64,2,3254.9,62,2,3255.0,111,4
11536,2025-12-30 14:10:41+05:30,3254.8,1,3253.42,1463147,95915.0,122288.0,3250.0,3267.5,3239.8,3251.5,46906125,3576.6,2926.4,4322.95,2866.6,3253.5,258,5,3253.4,114,5,3253.3,27,2,3253.2,46,5,3253.1,111,6,3254.8,43,2,3254.9,26,1,3255.0,44,2,3255.1,31,2,3255.2,94,4
11536,2025-12-30 14:10:42+05:30,3254.8,1,3253.42,1463147,95915.0,122288.0,3250.0,3267.5,3239.8,3251.5,46906125,3576.6,2926.4,4322.95,2866.6,3253.5,258,5,3253.4,114,5,3253.3,27,2,3253.2,46,5,3253.1,111,6,3254.8,43,2,3254.9,26,1,3255.0,44,2,3255.1,31,2,3255.2,94,4
11536,2025-12-30 14:10:42+05:30,3254.8,4,3253.42,1463155,95724.0,122300.0,3250.0,3267.5,3239.8,3251.5,46906125,3576.6,2926.4,4322.95,2866.6,3253.5,266,5,3253.4,114,5,3253.3,27,2,3253.2,46,5,3253.1,111,6,3254.8,35,2,3254.9,26,1,3255.0,44,2,3255.1,55,3,3255.2,94,4
11536,2025-12-30 14:10:43+05:30,3253.5,1,3253.42,1463155,95724.0,122300.0,3250.0,3267.5,3239.8,3251.5,46906125,3576.6,2926.4,4322.95,2866.6,3253.5,266,5,3253.4,114,5,3253.3,27,2,3253.2,46,5,3253.1,111,6,3254.8,35,2,3254.9,26,1,3255.0,44,2,3255.1,55,3,3255.2,94,4
11536,2025-12-30 14:10:43+05:30,3253.5,1,3253.42,1463160,95704.0,122300.0,3250.0,3267.5,3239.8,3251.5,46906125,3576.6,2926.4,4322.95,2866.6,3253.5,272,6,3253.4,128,6,3253.3,54,3,3253.2,46,5,3253.1,69,5,3254.8,35,2,3254.9,26,1,3255.0,44,2,3255.1,55,3,3255.2,94,4
11536,2025-12-30 14:10:44+05:30,3253.5,1,3253.42,1463160,95704.0,122300.0,3250.0,3267.5,3239.8,3251.5,46906125,3576.6,2926.4,4322.95,2866.6,3253.5,272,6,3253.4,128,6,3253.3,54,3,3253.2,46,5,3253.1,69,5,3254.8,35,2,3254.9,26,1,3255.0,44,2,3255.1,55,3,3255.2,94,4
11536,2025-12-30 14:10:44+05:30,3254.8,5,3253.42,1463175,96381.0,122215.0,3250.0,3267.5,3239.8,3251.5,46906125,3576.6,2926.4,4322.95,2866.6,3253.6,58,3,3253.5,214,2,3253.4,82,4,3253.3,27,2,3253.2,46,5,3254.9,52,4,3255.0,90,4,3255.1,31,2,3255.2,31,2,3255.3,126,4
11536,2025-12-30 14:10:45+05:30,3254.9,1,3253.42,1463175,96381.0,122215.0,3250.0,3267.5,3239.8,3251.5,46906125,3576.6,2926.4,4322.95,2866.6,3253.6,58,3,3253.5,214,2,3253.4,82,4,3253.3,27,2,3253.2,46,5,3254.9,52,4,3255.0,90,4,3255.1,31,2,3255.2,31,2,3255.3,126,4
11536,2025-12-30 14:10:45+05:30,3254.9,1,3253.42,1463177,96385.0,122158.0,3250.0,3267.5,3239.8,3251.5,46906125,3576.6,2926.4,4322.95,2866.6,3253.6,65,4,3253.5,246,3,3253.4,82,4,3253.3,51,3,3253.2,91,7,3254.9,39,3,3255.0,51,2,3255.1,31,2,3255.2,55,3,3255.3,126,4
11536,2025-12-30 14:10:46+05:30,3255.0,21,3253.42,1463177,96385.0,122158.0,3250.0,3267.5,3239.8,3251.5,46906125,3576.6,2926.4,4322.95,2866.6,3253.6,65,4,3253.5,246,3,3253.4,82,4,3253.3,51,3,3253.2,91,7,3254.9,39,3,3255.0,51,2,3255.1,31,2,3255.2,55,3,3255.3,126,4
11536,2025-12-30 14:10:46+05:30,3255.0,21,3253.42,1463299,96595.0,121990.0,3250.0,3267.5,3239.8,3251.5,46906125,3576.6,2926.4,4322.95,2866.6,3254.0,13,2,3253.7,59,2,3253.6,24,2,3253.5,93,1,3253.4,82,4,3255.1,31,2,3255.2,31,2,3255.3,116,3,3255.4,26,1,3255.5,166,2
11536,2025-12-30 14:10:47+05:30,3253.3,171,3253.42,1464376,95321.0,121578.0,3250.0,3267.5,3239.8,3251.5,46906125,3576.6,2926.4,4322.95,2866.6,3253.5,45,3,3253.4,63,4,3253.3,55,4,3253.2,55,6,3253.1,74,5,3254.9,63,3,3255.0,46,2,3255.1,40,3,3255.2,27,2,3255.3,199,2
11536,2025-12-30 14:10:48+05:30,3254.9,21,3253.42,1464376,95321.0,121578.0,3250.0,3267.5,3239.8,3251.5,46906125,3576.6,2926.4,4322.95,2866.6,3253.5,45,3,3253.4,63,4,3253.3,55,4,3253.2,55,6,3253.1,74,5,3254.9,63,3,3255.0,46,2,3255.1,40,3,3255.2,27,2,3255.3,199,2
11536,2025-12-30 14:10:48+05:30,3253.6,3,3253.42,1464477,95867.0,121781.0,3250.0,3267.5,3239.8,3251.5,46906125,3576.6,2926.4,4322.95,2866.6,3253.6,49,5,3253.5,120,5,3253.4,70,5,3253.3,29,3,3253.2,76,7,3254.9,25,2,3255.0,74,2,3255.1,40,3,3255.2,27,2,3255.3,340,6
11536,2025-12-30 14:10:49+05:30,3255.0,28,3253.42,1464477,95867.0,121781.0,3250.0,3267.5,3239.8,3251.5,46906125,3576.6,2926.4,4322.95,2866.6,3253.6,49,5,3253.5,120,5,3253.4,70,5,3253.3,29,3,3253.2,76,7,3254.9,25,2,3255.0,74,2,3255.1,40,3,3255.2,27,2,3255.3,340,6
11536,2025-12-30 14:10:49+05:30,3253.6,1,3253.42,1464526,95555.0,121910.0,3250.0,3267.5,3239.8,3251.5,46906125,3576.6,2926.4,4322.95,2866.6,3253.6,41,4,3253.5,105,4,3253.4,67,4,3253.3,56,4,3253.2,76,7,3254.9,53,3,3255.0,75,4,3255.1,65,4,3255.2,63,2,3255.3,111,3
11536,2025-12-30 14:10:50+05:30,3254.8,4,3253.42,1464526,95555.0,121910.0,3250.0,3267.5,3239.8,3251.5,46906125,3576.6,2926.4,4322.95,2866.6,3253.6,41,4,3253.5,105,4,3253.4,67,4,3253.3,56,4,3253.2,76,7,3254.9,53,3,3255.0,75,4,3255.1,65,4,3255.2,63,2,3255.3,111,3
11536,2025-12-30 14:10:50+05:30,3254.8,4,3253.42,1464530,95561.0,122238.0,3250.0,3267.5,3239.8,3251.5,46906125,3576.6,2926.4,4322.95,2866.6,3253.6,44,5,3253.5,73,3,3253.4,53,4,3253.3,29,3,3253.2,52,6,3254.8,125,5,3254.9,60,4,3255.0,53,3,3255.1,61,3,3255.2,45,2
11536,2025-12-30 14:10:51+05:30,3254.8,3,3253.42,1464533,92222.0,122075.0,3250.0,3267.5,3239.8,3251.5,46906125,3576.6,2926.4,4322.95,2866.6,3254.0,3,1,3253.6,31,3,3253.5,73,3,3253.4,53,4,3253.3,43,5,3254.8,137,5,3254.9,28,3,3255.0,28,2,3255.1,15,2,3255.2,193,3
11536,2025-12-30 14:10:52+05:30,3255.0,6,3253.42,1464533,92222.0,122075.0,3250.0,3267.5,3239.8,3251.5,46906125,3576.6,2926.4,4322.95,2866.6,3254.0,3,1,3253.6,31,3,3253.5,73,3,3253.4,53,4,3253.3,43,5,3254.8,137,5,3254.9,28,3,3255.0,28,2,3255.1,15,2,3255.2,193,3
11536,2025-12-30 14:10:52+05:30,3254.8,3,3253.42,1464718,95425.0,122245.0,3250.0,3267.5,3239.8,3251.5,46906125,3576.6,2926.4,4322.95,2866.6,3254.0,55,2,3253.6,7,2,3253.5,76,4,3253.4,53,4,3253.3,42,4,3254.8,82,4,3254.9,28,3,3255.0,45,3,3255.1,15,2,3255.2,200,3
11536,2025-12-30 14:10:53+05:30,3254.8,3,3253.42,1464718,95425.0,122245.0,3250.0,3267.5,3239.8,3251.5,46906125,3576.6,2926.4,4322.95,2866.6,3254.0,55,2,3253.6,7,2,3253.5,76,4,3253.4,53,4,3253.3,42,4,3254.8,82,4,3254.9,28,3,3255.0,45,3,3255.1,15,2,3255.2,200,3
11536,2025-12-30 14:10:53+05:30,3254.8,3,3253.42,1464718,95547.0,122384.0,3250.0,3267.5,3239.8,3251.5,46906125,3576.6,2926.4,4322.95,2866.6,3254.0,55,2,3253.6,7,2,3253.5,76,4,3253.4,53,4,3253.3,42,4,3254.8,82,4,3254.9,28,3,3255.0,106,4,3255.1,260,5,3255.2,45,2
11536,2025-12-30 14:10:54+05:30,3254.8,3,3253.42,1464718,92514.0,122748.0,3250.0,3267.5,3239.8,3251.5,46906125,3576.6,2926.4,4322.95,2866.6,3254.0,55,2,3253.7,3,1,3253.6,7,2,3253.5,53,3,3253.4,53,4,3254.8,82,4,3254.9,28,3,3255.0,344,5,3255.1,81,4,3255.2,45,2
11536,2025-12-30 14:10:55+05:30,3254.8,2,3253.42,1464718,92514.0,122748.0,3250.0,3267.5,3239.8,3251.5,46906125,3576.6,2926.4,4322.95,2866.6,3254.0,55,2,3253.7,3,1,3253.6,7,2,3253.5,53,3,3253.4,53,4,3254.8,82,4,3254.9,28,3,3255.0,344,5,3255.1,81,4,3255.2,45,2
11536,2025-12-30 14:10:55+05:30,3254.0,1,3253.42,1464721,95431.0,122799.0,3250.0,3267.5,3239.8,3251.5,46906125,3576.6,2926.4,4322.95,2866.6,3254.0,54,2,3253.7,3,1,3253.6,7,2,3253.5,53,3,3253.4,31,3,3254.8,96,5,3254.9,28,3,3255.0,369,6,3255.1,57,3,3255.2,45,2
11536,2025-12-30 14:10:56+05:30,3254.0,1,3253.42,1464721,95431.0,122799.0,3250.0,3267.5,3239.8,3251.5,46906125,3576.6,2926.4,4322.95,2866.6,3254.0,54,2,3253.7,3,1,3253.6,7,2,3253.5,53,3,3253.4,31,3,3254.8,96,5,3254.9,28,3,3255.0,369,6,3255.1,57,3,3255.2,45,2
11536,2025-12-30 14:10:56+05:30,3254.8,1,3253.42,1464741,95623.0,122943.0,3250.0,3267.5,3239.8,3251.5,46906125,3576.6,2926.4,4322.95,2866.6,3254.0,54,2,3253.7,3,1,3253.6,10,3,3253.5,53,3,3253.4,73,4,3254.8,47,3,3254.9,17,2,3255.0,284,3,3255.1,15,2,3255.2,91,3
11536,2025-12-30 14:10:57+05:30,3254.8,1,3253.42,1464741,95623.0,122943.0,3250.0,3267.5,3239.8,3251.5,46906125,3576.6,2926.4,4322.95,2866.6,3254.0,54,2,3253.7,3,1,3253.6,10,3,3253.5,53,3,3253.4,73,4,3254.8,47,3,3254.9,17,2,3255.0,284,3,3255.1,15,2,3255.2,91,3
11536,2025-12-30 14:10:57+05:30,3254.8,3,3253.42,1464755,95637.0,122862.0,3250.0,3267.5,3239.8,3251.5,46906125,3576.6,2926.4,4322.95,2866.6,3254.0,54,2,3253.6,17,4,3253.5,53,3,3253.4,31,3,3253.3,62,4,3254.8,33,2,3254.9,17,2,3255.0,284,3,3255.1,83,4,3255.2,45,2
11536,2025-12-30 14:10:58+05:30,3254.0,2,3253.42,1464755,95637.0,122862.0,3250.0,3267.5,3239.8,3251.5,46906125,3576.6,2926.4,4322.95,2866.6,3254.0,54,2,3253.6,17,4,3253.5,53,3,3253.4,31,3,3253.3,62,4,3254.8,33,2,3254.9,17,2,3255.0,284,3,3255.1,83,4,3255.2,45,2
11536,2025-12-30 14:10:58+05:30,3254.0,2,3253.42,1464757,95761.0,122913.0,3250.0,3267.5,3239.8,3251.5,46906125,3576.6,2926.4,4322.95,2866.6,3254.0,52,1,3253.7,3,1,3253.6,17,4,3253.5,53,3,3253.4,31,3,3254.9,69,5,3255.0,333,5,3255.1,51,3,3255.2,45,2,3255.3,133,4
11536,2025-12-30 14:10:59+05:30,3254.0,2,3253.42,1464757,95660.0,122970.0,3250.0,3267.5,3239.8,3251.5,46906125,3576.6,2926.4,4322.95,2866.6,3254.0,52,1,3253.7,3,1,3253.6,17,4,3253.5,53,3,3253.4,31,3,3254.9,69,5,3255.0,333,5,3255.1,97,4,3255.2,45,2,3255.3,133,4
11536,2025-12-30 14:11:00+05:30,3254.0,1,3253.42,1464758,95650.0,123409.0,3250.0,3267.5,3239.8,3251.5,46906125,3576.6,2926.4,4322.95,2866.6,3254.0,51,1,3253.7,3,1,3253.6,11,3,3253.5,53,3,3253.4,10,2,3254.7,26,1,3254.8,65,3,3254.9,63,4,3255.0,347,5,3255.1,51,3
11536,2025-12-30 14:11:01+05:30,3254.7,2,3253.42,1464758,95650.0,123409.0,3250.0,3267.5,3239.8,3251.5,46906125,3576.6,2926.4,4322.95,2866.6,3254.0,51,1,3253.7,3,1,3253.6,11,3,3253.5,53,3,3253.4,10,2,3254.7,26,1,3254.8,65,3,3254.9,63,4,3255.0,347,5,3255.1,51,3
11536,2025-12-30 14:11:01+05:30,3254.7,2,3253.42,1464760,95661.0,123581.0,3250.0,3267.5,3239.8,3251.5,46906125,3576.6,2926.4,4322.95,2866.6,3254.0,51,1,3253.7,3,1,3253.6,11,3,3253.5,58,4,3253.4,10,2,3254.7,24,1,3254.8,104,5,3254.9,215,4,3255.0,371,6,3255.1,51,3
11536,2025-12-30 14:11:02+05:30,3253.4,1,3253.42,1464913,95119.0,124354.0,3250.0,3267.5,3239.8,3251.5,46906125,3576.6,2926.4,4322.95,2866.6,3253.3,11,1,3253.2,25,4,3253.1,66,4,3253.0,55,12,3252.9,3,1,3253.4,68,1,3254.4,82,2,3254.5,89,2,3254.6,229,8,3254.7,117,5
11536,2025-12-30 14:11:03+05:30,3253.3,3,3253.42,1464913,95119.0,124354.0,3250.0,3267.5,3239.8,3251.5,46906125,3576.6,2926.4,4322.95,2866.6,3253.3,11,1,3253.2,25,4,3253.1,66,4,3253.0,55,12,3252.9,3,1,3253.4,68,1,3254.4,82,2,3254.5,89,2,3254.6,229,8,3254.7,117,5
11536,2025-12-30 14:11:03+05:30,3253.3,3,3253.42,1464916,95255.0,124703.0,3250.0,3267.5,3239.8,3251.5,46906125,3576.6,2926.4,4322.95,2866.6,3253.3,59,2,3253.2,37,5,3253.1,78,5,3253.0,81,13,3252.9,3,1,3253.4,68,1,3254.3,78,3,3254.4,96,3,3254.5,270,5,3254.6,226,7
11536,2025-12-30 14:11:04+05:30,3253.4,46,3253.42,1464916,95255.0,124703.0,3250.0,3267.5,3239.8,3251.5,46906125,3576.6,2926.4,4322.95,2866.6,3253.3,59,2,3253.2,37,5,3253.1,78,5,3253.0,81,13,3252.9,3,1,3253.4,68,1,3254.3,78,3,3254.4,96,3,3254.5,270,5,3254.6,226,7
11536,2025-12-30 14:11:04+05:30,3253.4,46,3253.42,1464962,95350.0,122948.0,3250.0,3267.5,3239.8,3251.5,46906125,3576.6,2926.4,4322.95,2866.6,3253.3,59,2,3253.2,37,5,3253.1,105,6,3253.0,81,13,3252.9,3,1,3253.4,36,2,3254.1,15,1,3254.3,120,4,3254.4,35,2,3254.5,51,3
11536,2025-12-30 14:11:05+05:30,3253.4,1,3253.42,1464962,95350.0,122948.0,3250.0,3267.5,3239.8,3251.5,46906125,3576.6,2926.4,4322.95,2866.6,3253.3,59,2,3253.2,37,5,3253.1,105,6,3253.0,81,13,3252.9,3,1,3253.4,36,2,3254.1,15,1,3254.3,120,4,3254.4,35,2,3254.5,51,3
11536,2025-12-30 14:11:05+05:30,3253.3,83,3253.42,1465127,95316.0,124323.0,3250.0,3267.5,3239.8,3251.5,46906125,3576.6,2926.4,4322.95,2866.6,3253.2,49,6,3253.1,78,5,3253.0,78,12,3252.9,27,2,3252.8,235,5,3253.3,106,1,3253.4,13,1,3254.1,15,1,3254.3,17,2,3254.4,77,3
11536,2025-12-30 14:11:06+05:30,3253.3,83,3253.42,1465127,95316.0,124323.0,3250.0,3267.5,3239.8,3251.5,46906125,3576.6,2926.4,4322.95,2866.6,3253.2,49,6,3253.1,78,5,3253.0,78,12,3252.9,27,2,3252.8,235,5,3253.3,106,1,3253.4,13,1,3254.1,15,1,3254.3,17,2,3254.4,77,3
11536,2025-12-30 14:11:06+05:30,3253.2,1,3253.42,1465128,95440.0,124044.0,3250.0,3267.5,3239.8,3251.5,46906125,3576.6,2926.4,4322.95,2866.6,3253.2,62,6,3253.1,108,6,3253.0,83,12,3252.9,27,2,3252.8,227,5,3253.3,119,2,3254.1,15,1,3254.3,17,2,3254.4,77,3,3254.5,54,4
11536,2025-12-30 14:11:07+05:30,3253.2,1,3253.42,1465128,95440.0,124044.0,3250.0,3267.5,3239.8,3251.5,46906125,3576.6,2926.4,4322.95,2866.6,3253.2,62,6,3253.1,108,6,3253.0,83,12,3252.9,27,2,3252.8,227,5,3253.3,119,2,3254.1,15,1,3254.3,17,2,3254.4,77,3,3254.5,54,4
11536,2025-12-30 14:11:07+05:30,3253.3,1,3253.42,1465129,95436.0,124026.0,3250.0,3267.5,3239.8,3251.5,46906125,3576.6,2926.4,4322.95,2866.6,3253.2,62,6,3253.1,108,6,3253.0,83,12,3252.9,3,1,3252.8,204,4,3253.3,118,2,3254.1,15,1,3254.3,17,2,3254.4,77,3,3254.5,54,4
11536,2025-12-30 14:11:08+05:30,3253.3,4,3253.42,1465129,95436.0,124026.0,3250.0,3267.5,3239.8,3251.5,46906125,3576.6,2926.4,4322.95,2866.6,3253.2,62,6,3253.1,108,6,3253.0,83,12,3252.9,3,1,3252.8,204,4,3253.3,118,2,3254.1,15,1,3254.3,17,2,3254.4,77,3,3254.5,54,4
11536,2025-12-30 14:11:08+05:30,3253.2,8,3253.42,1465433,94562.0,123644.0,3250.0,3267.5,3239.8,3251.5,46906125,3576.6,2926.4,4322.95,2866.6,3253.1,110,7,3253.0,52,11,3252.9,26,1,3252.8,69,5,3252.7,204,3,3253.2,18,1,3253.3,13,1,3254.3,64,2,3254.4,63,2,3254.5,31,2
11536,2025-12-30 14:11:09+05:30,3253.2,8,3253.42,1465433,94562.0,123644.0,3250.0,3267.5,3239.8,3251.5,46906125,3576.6,2926.4,4322.95,2866.6,3253.1,110,7,3253.0,52,11,3252.9,26,1,3252.8,69,5,3252.7,204,3,3253.2,18,1,3253.3,13,1,3254.3,64,2,3254.4,63,2,3254.5,31,2
11536,2025-12-30 14:11:09+05:30,3253.2,8,3253.42,1465433,94509.0,123770.0,3250.0,3267.5,3239.8,3251.5,46906125,3576.6,2926.4,4322.95,2866.6,3253.1,78,5,3253.0,227,12,3252.9,53,2,3252.8,42,4,3252.7,225,4,3253.2,31,2,3254.3,64,2,3254.4,124,3,3254.5,31,2,3254.6,148,5
11536,2025-12-30 14:11:10+05:30,3253.2,8,3253.42,1465433,94675.0,123917.0,3250.0,3267.5,3239.8,3251.5,46906125,3576.6,2926.4,4322.95,2866.6,3253.1,78,5,3253.0,78,12,3252.9,27,1,3252.8,23,3,3252.7,234,4,3253.2,31,2,3254.3,61,1,3254.4,124,3,3254.5,202,4,3254.6,226,8
11536,2025-12-30 14:11:11+05:30,3253.2,3,3253.42,1465433,94675.0,123917.0,3250.0,3267.5,3239.8,3251.5,46906125,3576.6,2926.4,4322.95,2866.6,3253.1,78,5,3253.0,78,12,3252.9,27,1,3252.8,23,3,3252.7,234,4,3253.2,31,2,3254.3,61,1,3254.4,124,3,3254.5,202,4,3254.6,226,8
11536,2025-12-30 14:11:11+05:30,3253.0,1,3253.42,1465654,94602.0,124109.0,3250.0,3267.5,3239.8,3251.5,46906125,3576.6,2926.4,4322.95,2866.6,3253.0,51,11,3252.9,27,1,3252.8,20,2,3252.7,230,4,3252.6,227,5,3253.1,41,1,3253.2,13,1,3254.3,61,1,3254.4,124,3,3254.5,275,6
11536,2025-12-30 14:11:12+05:30,3253.0,1,3253.42,1465654,94602.0,124109.0,3250.0,3267.5,3239.8,3251.5,46906125,3576.6,2926.4,4322.95,2866.6,3253.0,51,11,3252.9,27,1,3252.8,20,2,3252.7,230,4,3252.6,227,5,3253.1,41,1,3253.2,13,1,3254.3,61,1,3254.4,124,3,3254.5,275,6
11536,2025-12-30 14:11:12+05:30,3253.1,2,3253.42,1465667,94486.0,124581.0,3250.0,3267.5,3239.8,3251.5,46906125,3576.6,2926.4,4322.95,2866.6,3253.0,51,11,3252.9,27,1,3252.8,46,3,3252.7,204,3,3252.6,227,5,3253.1,41,2,3254.2,3,1,3254.3,61,1,3254.4,124,3,3254.5,312,6
11536,2025-12-30 14:11:13+05:30,3253.0,1,3253.42,1465667,94486.0,124581.0,3250.0,3267.5,3239.8,3251.5,46906125,3576.6,2926.4,4322.95,2866.6,3253.0,51,11,3252.9,27,1,3252.8,46,3,3252.7,204,3,3252.6,227,5,3253.1,41,2,3254.2,3,1,3254.3,61,1,3254.4,124,3,3254.5,312,6
11536,2025-12-30 14:11:13+05:30,3253.0,1,3253.42,1465668,93858.0,124330.0,3250.0,3267.5,3239.8,3251.5,46906125,3576.6,2926.4,4322.95,2866.6,3253.0,97,11,3252.8,20,2,3252.7,254,6,3252.6,207,5,3252.5,65,5,3253.1,41,2,3254.0,64,2,3254.1,42,1,3254.2,61,1,3254.3,107,2
11536,2025-12-30 14:11:14+05:30,3253.0,47,3253.42,1465783,93694.0,124044.0,3250.0,3267.5,3239.8,3251.5,46906125,3576.6,2926.4,4322.95,2866.6,3252.8,20,2,3252.7,277,6,3252.6,207,5,3252.5,42,4,3252.4,42,1,3253.0,19,1,3253.1,13,1,3254.0,64,2,3254.1,42,1,3254.2,61,1
11536,2025-12-30 14:11:15+05:30,3253.0,1,3253.42,1465783,93694.0,124044.0,3250.0,3267.5,3239.8,3251.5,46906125,3576.6,2926.4,4322.95,2866.6,3252.8,20,2,3252.7,277,6,3252.6,207,5,3252.5,42,4,3252.4,42,1,3253.0,19,1,3253.1,13,1,3254.0,64,2,3254.1,42,1,3254.2,61,1
11536,2025-12-30 14:11:15+05:30,3253.0,1,3253.42,1465785,93657.0,124401.0,3250.0,3267.5,3239.8,3251.5,46906125,3576.6,2926.4,4322.95,2866.6,3252.8,20,2,3252.7,251,5,3252.6,233,6,3252.5,35,4,3252.4,65,2,3253.0,30,2,3254.0,64,2,3254.1,42,1,3254.2,61,1,3254.3,107,2
11536,2025-12-30 14:11:16+05:30,3254.3,2,3253.42,1465785,93657.0,124401.0,3250.0,3267.5,3239.8,3251.5,46906125,3576.6,2926.4,4322.95,2866.6,3252.8,20,2,3252.7,251,5,3252.6,233,6,3252.5,35,4,3252.4,65,2,3253.0,30,2,3254.0,64,2,3254.1,42,1,3254.2,61,1,3254.3,107,2
11536,2025-12-30 14:11:16+05:30,3254.3,2,3253.42,1466024,93187.0,123009.0,3250.0,3267.5,3239.8,3251.5,46906125,3576.6,2926.4,4322.95,2866.6,3253.1,1,1,3252.8,94,7,3252.7,225,4,3252.6,228,6,3252.5,27,5,3254.1,77,4,3254.2,95,4,3254.3,36,2,3254.4,117,5,3254.5,111,5
11536,2025-12-30 14:11:17+05:30,3254.1,1,3253.42,1466024,93187.0,123009.0,3250.0,3267.5,3239.8,3251.5,46906125,3576.6,2926.4,4322.95,2866.6,3253.1,1,1,3252.8,94,7,3252.7,225,4,3252.6,228,6,3252.5,27,5,3254.1,77,4,3254.2,95,4,3254.3,36,2,3254.4,117,5,3254.5,111,5
11536,2025-12-30 14:11:17+05:30,3252.5,151,3253.42,1467084,92131.0,123876.0,3250.0,3267.5,3239.8,3251.5,46906125,3576.6,2926.4,4322.95,2866.6,3252.9,24,1,3252.8,16,2,3252.7,32,2,3252.6,26,2,3252.5,55,5,3253.9,72,3,3254.0,61,4,3254.1,78,2,3254.2,122,5,3254.3,67,2
11536,2025-12-30 14:11:18+05:30,3252.9,1,3253.42,1467084,92131.0,123876.0,3250.0,3267.5,3239.8,3251.5,46906125,3576.6,2926.4,4322.95,2866.6,3252.9,24,1,3252.8,16,2,3252.7,32,2,3252.6,26,2,3252.5,55,5,3253.9,72,3,3254.0,61,4,3254.1,78,2,3254.2,122,5,3254.3,67,2
11536,2025-12-30 14:11:18+05:30,3252.9,1,3253.42,1467085,92287.0,124655.0,3250.0,3267.5,3239.8,3251.5,46906125,3576.6,2926.4,4322.95,2866.6,3252.9,23,1,3252.8,6,1,3252.7,6,1,3252.6,5,1,3252.5,46,6,3253.7,26,1,3253.8,30,1,3253.9,30,2,3254.0,61,4,3254.1,78,2
11536,2025-12-30 14:11:19+05:30,3253.7,3,3253.42,1467085,92287.0,124655.0,3250.0,3267.5,3239.8,3251.5,46906125,3576.6,2926.4,4322.95,2866.6,3252.9,23,1,3252.8,6,1,3252.7,6,1,3252.6,5,1,3252.5,46,6,3253.7,26,1,3253.8,30,1,3253.9,30,2,3254.0,61,4,3254.1,78,2
11536,2025-12-30 14:11:19+05:30,3253.7,3,3253.42,1467137,92578.0,123888.0,3250.0,3267.5,3239.8,3251.5,46906125,3576.6,2926.4,4322.95,2866.6,3253.7,2,1,3253.0,2,1,3252.8,7,1,3252.7,6,1,3252.6,26,2,3253.8,7,1,3253.9,81,4,3254.0,33,3,3254.1,17,1,3254.2,111,4
11536,2025-12-30 14:11:20+05:30,3253.7,3,3253.42,1467137,92847.0,124121.0,3250.0,3267.5,3239.8,3251.5,46906125,3576.6,2926.4,4322.95,2866.6,3253.7,2,1,3253.1,3,1,3253.0,2,1,3252.8,7,1,3252.7,6,1,3253.8,7,1,3253.9,78,4,3254.0,26,2,3254.1,27,2,3254.2,111,4
11536,2025-12-30 14:11:21+05:30,3253.7,3,3253.42,1467137,93005.0,123573.0,3250.0,3267.5,3239.8,3251.5,46906125,3576.6,2926.4,4322.95,2866.6,3253.7,2,1,3253.1,3,1,3253.0,2,1,3252.8,7,1,3252.7,6,1,3253.8,7,1,3253.9,78,4,3254.0,26,2,3254.1,27,2,3254.2,111,4
11536,2025-12-30 14:11:22+05:30,3254.2,14,3253.42,1467137,93005.0,123573.0,3250.0,3267.5,3239.8,3251.5,46906125,3576.6,2926.4,4322.95,2866.6,3253.7,2,1,3253.1,3,1,3253.0,2,1,3252.8,7,1,3252.7,6,1,3253.8,7,1,3253.9,78,4,3254.0,26,2,3254.1,27,2,3254.2,111,4
11536,2025-12-30 14:11:22+05:30,3254.2,14,3253.42,1467319,93474.0,123462.0,3250.0,3267.5,3239.8,3251.5,46906125,3576.6,2926.4,4322.95,2866.6,3253.8,2,1,3253.1,3,1,3253.0,2,1,3252.8,68,4,3252.7,93,3,3254.1,109,5,3254.2,82,4,3254.3,21,1,3254.4,119,5,3254.5,105,3
11536,2025-12-30 14:11:23+05:30,3254.1,3,3253.42,1467319,93474.0,123462.0,3250.0,3267.5,3239.8,3251.5,46906125,3576.6,2926.4,4322.95,2866.6,3253.8,2,1,3253.1,3,1,3253.0,2,1,3252.8,68,4,3252.7,93,3,3254.1,109,5,3254.2,82,4,3254.3,21,1,3254.4,119,5,3254.5,105,3
11536,2025-12-30 14:11:23+05:30,3254.1,7,3253.42,1467340,92261.0,123637.0,3250.0,3267.5,3239.8,3251.5,46906125,3576.6,2926.4,4322.95,2866.6,3253.8,2,1,3253.1,3,1,3253.0,2,1,3252.8,68,4,3252.7,93,3,3254.1,63,3,3254.2,82,4,3254.3,21,1,3254.4,71,3,3254.5,129,4
11536,2025-12-30 14:11:24+05:30,3253.8,1,3253.42,1467340,92261.0,123637.0,3250.0,3267.5,3239.8,3251.5,46906125,3576.6,2926.4,4322.95,2866.6,3253.8,2,1,3253.1,3,1,3253.0,2,1,3252.8,68,4,3252.7,93,3,3254.1,63,3,3254.2,82,4,3254.3,21,1,3254.4,71,3,3254.5,129,4
11536,2025-12-30 14:11:24+05:30,3253.8,1,3253.42,1467341,93437.0,123609.0,3250.0,3267.5,3239.8,3251.5,46906125,3576.6,2926.4,4322.95,2866.6,3253.8,1,1,3253.1,3,1,3253.0,2,1,3252.8,68,4,3252.7,93,3,3254.1,74,4,3254.2,82,4,3254.3,21,1,3254.4,119,5,3254.5,105,3
11536,2025-12-30 14:11:25+05:30,3254.1,4,3253.42,1467341,93437.0,123609.0,3250.0,3267.5,3239.8,3251.5,46906125,3576.6,2926.4,4322.95,2866.6,3253.8,1,1,3253.1,3,1,3253.0,2,1,3252.8,68,4,3252.7,93,3,3254.1,74,4,3254.2,82,4,3254.3,21,1,3254.4,119,5,3254.5,105,3
11536,2025-12-30 14:11:25+05:30,3254.1,18,3253.42,1467370,93379.0,123653.0,3250.0,3267.5,3239.8,3251.5,46906125,3576.6,2926.4,4322.95,2866.6,3253.1,3,1,3253.0,2,1,3252.8,55,4,3252.7,93,3,3252.6,55,4,3254.1,34,2,3254.2,12,1,3254.4,45,2,3254.5,129,4,3254.6,92,3
11536,2025-12-30 14:11:26+05:30,3253.1,1,3253.42,1467370,93379.0,123653.0,3250.0,3267.5,3239.8,3251.5,46906125,3576.6,2926.4,4322.95,2866.6,3253.1,3,1,3253.0,2,1,3252.8,55,4,3252.7,93,3,3252.6,55,4,3254.1,34,2,3254.2,12,1,3254.4,45,2,3254.5,129,4,3254.6,92,3
11536,2025-12-30 14:11:26+05:30,3253.1,1,3253.42,1467371,93292.0,123538.0,3250.0,3267.5,3239.8,3251.5,46906125,3576.6,2926.4,4322.95,2866.6,3253.1,2,1,3253.0,2,1,3252.8,46,3,3252.7,32,2,3252.6,32,3,3254.0,40,2,3254.1,40,2,3254.2,36,2,3254.4,125,5,3254.5,83,3
11536,2025-12-30 14:11:27+05:30,3253.1,1,3253.42,1467371,93359.0,123667.0,3250.0,3267.5,3239.8,3251.5,46906125,3576.6,2926.4,4322.95,2866.6,3253.1,55,2,3253.0,2,1,3252.8,46,3,3252.7,32,2,3252.6,32,3,3254.0,26,1,3254.1,40,2,3254.2,36,2,3254.3,24,1,3254.4,101,4
11536,2025-12-30 14:11:28+05:30,3253.1,1,3253.42,1467374,93101.0,123737.0,3250.0,3267.5,3239.8,3251.5,46906125,3576.6,2926.4,4322.95,2866.6,3253.1,53,2,3253.0,2,1,3252.8,49,4,3252.7,32,2,3252.6,26,2,3254.0,97,5,3254.1,23,2,3254.2,61,3,3254.4,103,5,3254.5,59,2
11536,2025-12-30 14:11:30+05:30,3254.0,1,3253.42,1467374,93101.0,123737.0,3250.0,3267.5,3239.8,3251.5,46906125,3576.6,2926.4,4322.95,2866.6,3253.1,53,2,3253.0,2,1,3252.8,49,4,3252.7,32,2,3252.6,26,2,3254.0,97,5,3254.1,23,2,3254.2,61,3,3254.4,103,5,3254.5,59,2
11536,2025-12-30 14:11:33+05:30,3252.8,5,3253.42,1467649,92826.0,123580.0,3250.0,3267.5,3239.8,3251.5,46906125,3576.6,2926.4,4322.95,2866.6,3252.7,17,2,3252.6,33,2,3252.5,285,9,3252.4,52,2,3252.3,52,3,3252.8,106,1,3254.0,30,4,3254.2,78,3,3254.3,233,3,3254.4,108,4
11536,2025-12-30 14:11:33+05:30,3252.8,5,3253.42,1467649,92826.0,123580.0,3250.0,3267.5,3239.8,3251.5,46906125,3576.6,2926.4,4322.95,2866.6,3252.7,17,2,3252.6,33,2,3252.5,285,9,3252.4,52,2,3252.3,52,3,3252.8,106,1,3254.0,30,4,3254.2,78,3,3254.3,233,3,3254.4,108,4
11536,2025-12-30 14:11:36+05:30,3252.9,1,3253.42,1467649,92826.0,123580.0,3250.0,3267.5,3239.8,3251.5,46906125,3576.6,2926.4,4322.95,2866.6,3252.7,17,2,3252.6,33,2,3252.5,285,9,3252.4,52,2,3252.3,52,3,3252.8,106,1,3254.0,30,4,3254.2,78,3,3254.3,233,3,3254.4,108,4
11536,2025-12-30 14:11:37+05:30,3252.9,1,3253.42,1468526,96098.0,125583.0,3250.0,3267.5,3239.8,3251.5,46906125,3576.6,2926.4,4322.95,2866.6,3252.7,13,2,3252.6,326,4,3252.5,263,9,3252.4,48,2,3252.3,45,3,3252.9,3,1,3254.0,67,4,3254.1,61,1,3254.2,49,2,3254.3,248,3
11536,2025-12-30 14:11:38+05:30,3252.9,1,3253.42,1468526,96098.0,125583.0,3250.0,3267.5,3239.8,3251.5,46906125,3576.6,2926.4,4322.95,2866.6,3252.7,13,2,3252.6,326,4,3252.5,263,9,3252.4,48,2,3252.3,45,3,3252.9,3,1,3254.0,67,4,3254.1,61,1,3254.2,49,2,3254.3,248,3
11536,2025-12-30 14:11:39+05:30,3252.8,11,3253.42,1468526,96098.0,125583.0,3250.0,3267.5,3239.8,3251.5,46906125,3576.6,2926.4,4322.95,2866.6,3252.7,13,2,3252.6,326,4,3252.5,263,9,3252.4,48,2,3252.3,45,3,3252.9,3,1,3254.0,67,4,3254.1,61,1,3254.2,49,2,3254.3,248,3
11536,2025-12-30 14:11:39+05:30,3252.8,11,3253.42,1468526,96098.0,125583.0,3250.0,3267.5,3239.8,3251.5,46906125,3576.6,2926.4,4322.95,2866.6,3252.7,13,2,3252.6,326,4,3252.5,263,9,3252.4,48,2,3252.3,45,3,3252.9,3,1,3254.0,67,4,3254.1,61,1,3254.2,49,2,3254.3,248,3
11536,2025-12-30 14:11:40+05:30,3252.8,11,3253.42,1468526,96098.0,125583.0,3250.0,3267.5,3239.8,3251.5,46906125,3576.6,2926.4,4322.95,2866.6,3252.7,13,2,3252.6,326,4,3252.5,263,9,3252.4,48,2,3252.3,45,3,3252.9,3,1,3254.0,67,4,3254.1,61,1,3254.2,49,2,3254.3,248,3
11536,2025-12-30 14:11:41+05:30,3252.8,11,3253.42,1468526,96098.0,125583.0,3250.0,3267.5,3239.8,3251.5,46906125,3576.6,2926.4,4322.95,2866.6,3252.7,13,2,3252.6,326,4,3252.5,263,9,3252.4,48,2,3252.3,45,3,3252.9,3,1,3254.0,67,4,3254.1,61,1,3254.2,49,2,3254.3,248,3
11536,2025-12-30 14:11:42+05:30,3252.9,7,3253.41,1471503,95945.0,127562.0,3250.0,3267.5,3239.8,3251.5,46906125,3576.6,2926.4,4322.95,2866.6,3252.7,2,1,3252.6,55,1,3252.5,56,1,3252.4,207,3,3252.3,32,2,3252.9,68,1,3253.2,3,1,3253.4,29,1,3253.5,42,1,3253.6,62,2
11536,2025-12-30 14:11:42+05:30,3252.9,7,3253.41,1471503,95945.0,127562.0,3250.0,3267.5,3239.8,3251.5,46906125,3576.6,2926.4,4322.95,2866.6,3252.7,2,1,3252.6,55,1,3252.5,56,1,3252.4,207,3,3252.3,32,2,3252.9,68,1,3253.2,3,1,3253.4,29,1,3253.5,42,1,3253.6,62,2
11536,2025-12-30 14:11:42+05:30,3252.9,7,3253.41,1471503,95945.0,127562.0,3250.0,3267.5,3239.8,3251.5,46906125,3576.6,2926.4,4322.95,2866.6,3252.7,2,1,3252.6,55,1,3252.5,56,1,3252.4,207,3,3252.3,32,2,3252.9,68,1,3253.2,3,1,3253.4,29,1,3253.5,42,1,3253.6,62,2
11536,2025-12-30 14:11:43+05:30,3252.9,7,3253.41,1471503,95945.0,127562.0,3250.0,3267.5,3239.8,3251.5,46906125,3576.6,2926.4,4322.95,2866.6,3252.7,2,1,3252.6,55,1,3252.5,56,1,3252.4,207,3,3252.3,32,2,3252.9,68,1,3253.2,3,1,3253.4,29,1,3253.5,42,1,3253.6,62,2
11536,2025-12-30 14:11:44+05:30,3252.9,7,3253.41,1471503,95945.0,127562.0,3250.0,3267.5,3239.8,3251.5,46906125,3576.6,2926.4,4322.95,2866.6,3252.7,2,1,3252.6,55,1,3252.5,56,1,3252.4,207,3,3252.3,32,2,3252.9,68,1,3253.2,3,1,3253.4,29,1,3253.5,42,1,3253.6,62,2
11536,2025-12-30 14:11:45+05:30,3253.2,1,3253.41,1471503,95945.0,127562.0,3250.0,3267.5,3239.8,3251.5,46906125,3576.6,2926.4,4322.95,2866.6,3252.7,2,1,3252.6,55,1,3252.5,56,1,3252.4,207,3,3252.3,32,2,3252.9,68,1,3253.2,3,1,3253.4,29,1,3253.5,42,1,3253.6,62,2
11536,2025-12-30 14:11:45+05:30,3253.2,1,3253.41,1471503,95945.0,127562.0,3250.0,3267.5,3239.8,3251.5,46906125,3576.6,2926.4,4322.95,2866.6,3252.7,2,1,3252.6,55,1,3252.5,56,1,3252.4,207,3,3252.3,32,2,3252.9,68,1,3253.2,3,1,3253.4,29,1,3253.5,42,1,3253.6,62,2
11536,2025-12-30 14:11:46+05:30,3253.2,1,3253.41,1471503,95945.0,127562.0,3250.0,3267.5,3239.8,3251.5,46906125,3576.6,2926.4,4322.95,2866.6,3252.7,2,1,3252.6,55,1,3252.5,56,1,3252.4,207,3,3252.3,32,2,3252.9,68,1,3253.2,3,1,3253.4,29,1,3253.5,42,1,3253.6,62,2
11536,2025-12-30 14:11:46+05:30,3253.3,1,3253.41,1471518,95946.0,127481.0,3250.0,3267.5,3239.8,3251.5,46906125,3576.6,2926.4,4322.95,2866.6,3252.7,69,2,3252.6,55,1,3252.5,56,1,3252.4,32,2,3252.3,32,2,3252.9,3,1,3253.3,190,8,3253.4,13,1,3253.5,42,1,3253.6,115,4
11536,2025-12-30 14:11:47+05:30,3253.3,1,3253.41,1471518,95946.0,127481.0,3250.0,3267.5,3239.8,3251.5,46906125,3576.6,2926.4,4322.95,2866.6,3252.7,69,2,3252.6,55,1,3252.5,56,1,3252.4,32,2,3252.3,32,2,3252.9,3,1,3253.3,190,8,3253.4,13,1,3253.5,42,1,3253.6,115,4
11536,2025-12-30 14:11:48+05:30,3252.3,3,3253.41,1471518,95946.0,127481.0,3250.0,3267.5,3239.8,3251.5,46906125,3576.6,2926.4,4322.95,2866.6,3252.7,69,2,3252.6,55,1,3252.5,56,1,3252.4,32,2,3252.3,32,2,3252.9,3,1,3253.3,190,8,3253.4,13,1,3253.5,42,1,3253.6,115,4
11536,2025-12-30 14:11:49+05:30,3252.3,3,3253.41,1471518,95946.0,127481.0,3250.0,3267.5,3239.8,3251.5,46906125,3576.6,2926.4,4322.95,2866.6,3252.7,69,2,3252.6,55,1,3252.5,56,1,3252.4,32,2,3252.3,32,2,3252.9,3,1,3253.3,190,8,3253.4,13,1,3253.5,42,1,3253.6,115,4
11536,2025-12-30 14:11:50+05:30,3252.3,3,3253.41,1471518,95946.0,127481.0,3250.0,3267.5,3239.8,3251.5,46906125,3576.6,2926.4,4322.95,2866.6,3252.7,69,2,3252.6,55,1,3252.5,56,1,3252.4,32,2,3252.3,32,2,3252.9,3,1,3253.3,190,8,3253.4,13,1,3253.5,42,1,3253.6,115,4
11536,2025-12-30 14:11:50+05:30,3252.0,1,3253.41,1472615,96146.0,128257.0,3250.0,3267.5,3239.8,3251.5,46906125,3576.6,2926.4,4322.95,2866.6,3251.6,41,4,3251.5,44,4,3251.4,217,3,3251.3,94,2,3251.2,44,4,3252.0,144,2,3252.8,29,2,3252.9,8,2,3253.2,150,4,3253.3,66,3
11536,2025-12-30 14:11:51+05:30,3252.0,1,3253.41,1472615,96146.0,128257.0,3250.0,3267.5,3239.8,3251.5,46906125,3576.6,2926.4,4322.95,2866.6,3251.6,41,4,3251.5,44,4,3251.4,217,3,3251.3,94,2,3251.2,44,4,3252.0,144,2,3252.8,29,2,3252.9,8,2,3253.2,150,4,3253.3,66,3
11536,2025-12-30 14:11:52+05:30,3252.0,1,3253.41,1472615,96146.0,128257.0,3250.0,3267.5,3239.8,3251.5,46906125,3576.6,2926.4,4322.95,2866.6,3251.6,41,4,3251.5,44,4,3251.4,217,3,3251.3,94,2,3251.2,44,4,3252.0,144,2,3252.8,29,2,3252.9,8,2,3253.2,150,4,3253.3,66,3
11536,2025-12-30 14:11:54+05:30,3252.0,1,3253.41,1472615,96146.0,128257.0,3250.0,3267.5,3239.8,3251.5,46906125,3576.6,2926.4,4322.95,2866.6,3251.6,41,4,3251.5,44,4,3251.4,217,3,3251.3,94,2,3251.2,44,4,3252.0,144,2,3252.8,29,2,3252.9,8,2,3253.2,150,4,3253.3,66,3
11536,2025-12-30 14:11:54+05:30,3252.8,1,3253.41,1472615,96146.0,128257.0,3250.0,3267.5,3239.8,3251.5,46906125,3576.6,2926.4,4322.95,2866.6,3251.6,41,4,3251.5,44,4,3251.4,217,3,3251.3,94,2,3251.2,44,4,3252.0,144,2,3252.8,29,2,3252.9,8,2,3253.2,150,4,3253.3,66,3
11536,2025-12-30 14:11:55+05:30,3252.8,1,3253.41,1472926,96658.0,127354.0,3250.0,3267.5,3239.8,3251.5,46906125,3576.6,2926.4,4322.95,2866.6,3252.9,1,1,3252.0,1,1,3251.9,6,2,3251.8,21,1,3251.6,77,4,3253.1,58,2,3253.2,68,2,3253.3,27,2,3253.4,53,3,3253.5,81,3
11536,2025-12-30 14:11:55+05:30,3252.8,1,3253.41,1472926,96658.0,127354.0,3250.0,3267.5,3239.8,3251.5,46906125,3576.6,2926.4,4322.95,2866.6,3252.9,1,1,3252.0,1,1,3251.9,6,2,3251.8,21,1,3251.6,77,4,3253.1,58,2,3253.2,68,2,3253.3,27,2,3253.4,53,3,3253.5,81,3
11536,2025-12-30 14:11:57+05:30,3252.8,1,3253.41,1472926,96658.0,127354.0,3250.0,3267.5,3239.8,3251.5,46909275,3576.6,2926.4,4322.95,2866.6,3252.9,1,1,3252.0,1,1,3251.9,6,2,3251.8,21,1,3251.6,77,4,3253.1,58,2,3253.2,68,2,3253.3,27,2,3253.4,53,3,3253.5,81,3
11536,2025-12-30 14:11:57+05:30,3253.1,1,3253.41,1472926,96658.0,127354.0,3250.0,3267.5,3239.8,3251.5,46909275,3576.6,2926.4,4322.95,2866.6,3252.9,1,1,3252.0,1,1,3251.9,6,2,3251.8,21,1,3251.6,77,4,3253.1,58,2,3253.2,68,2,3253.3,27,2,3253.4,53,3,3253.5,81,3
11536,2025-12-30 14:11:59+05:30,3253.1,1,3253.41,1472926,96658.0,127354.0,3250.0,3267.5,3239.8,3251.5,46909275,3576.6,2926.4,4322.95,2866.6,3252.9,1,1,3252.0,1,1,3251.9,6,2,3251.8,21,1,3251.6,77,4,3253.1,58,2,3253.2,68,2,3253.3,27,2,3253.4,53,3,3253.5,81,3
11536,2025-12-30 14:11:59+05:30,3252.9,7,3253.41,1472959,96899.0,126017.0,3250.0,3267.5,3239.8,3251.5,46909275,3576.6,2926.4,4322.95,2866.6,3252.1,59,3,3252.0,224,6,3251.9,48,4,3251.8,17,1,3251.6,123,7,3252.9,2,2,3253.3,3,1,3253.5,62,2,3253.6,46,1,3253.7,211,3
11536,2025-12-30 14:12:00+05:30,3252.9,7,3253.41,1472959,96899.0,126017.0,3250.0,3267.5,3239.8,3251.5,46909275,3576.6,2926.4,4322.95,2866.6,3252.1,59,3,3252.0,224,6,3251.9,48,4,3251.8,17,1,3251.6,123,7,3252.9,2,2,3253.3,3,1,3253.5,62,2,3253.6,46,1,3253.7,211,3
11536,2025-12-30 14:12:03+05:30,3253.3,30,3253.41,1472959,96899.0,126017.0,3250.0,3267.5,3239.8,3251.5,46909275,3576.6,2926.4,4322.95,2866.6,3252.1,59,3,3252.0,224,6,3251.9,48,4,3251.8,17,1,3251.6,123,7,3252.9,2,2,3253.3,3,1,3253.5,62,2,3253.6,46,1,3253.7,211,3
11536,2025-12-30 14:12:04+05:30,3252.2,3,3253.41,1474184,96879.0,126185.0,3250.0,3267.5,3239.8,3251.5,46909275,3576.6,2926.4,4322.95,2866.6,3252.0,187,3,3251.8,48,2,3251.7,191,2,3251.6,30,4,3251.5,124,9,3253.3,101,5,3253.4,113,5,3253.5,93,4,3253.6,58,2,3253.7,220,4
11536,2025-12-30 14:12:06+05:30,3253.2,1,3253.41,1474184,96879.0,126185.0,3250.0,3267.5,3239.8,3251.5,46909275,3576.6,2926.4,4322.95,2866.6,3252.0,187,3,3251.8,48,2,3251.7,191,2,3251.6,30,4,3251.5,124,9,3253.3,101,5,3253.4,113,5,3253.5,93,4,3253.6,58,2,3253.7,220,4
11536,2025-12-30 14:12:09+05:30,3253.2,1,3253.41,1474184,96879.0,126185.0,3250.0,3267.5,3239.8,3251.5,46909275,3576.6,2926.4,4322.95,2866.6,3253.2,2,2,3252.5,3,1,3252.2,20,1,3252.1,17,2,3252.0,246,4,3253.3,69,3,3253.4,41,3,3253.5,93,5,3253.6,16,1,3253.7,87,3
11536,2025-12-30 14:12:09+05:30,3253.2,1,3253.41,1474465,96844.0,125979.0,3250.0,3267.5,3239.8,3251.5,46909275,3576.6,2926.4,4322.95,2866.6,3253.2,2,2,3252.5,3,1,3252.2,20,1,3252.1,17,2,3252.0,246,4,3253.3,69,3,3253.4,41,3,3253.5,93,5,3253.6,16,1,3253.7,87,3
11536,2025-12-30 14:12:12+05:30,3253.2,1,3253.41,1474465,96844.0,125979.0,3250.0,3267.5,3239.8,3251.5,46909275,3576.6,2926.4,4322.95,2866.6,3253.2,2,2,3252.5,3,1,3252.2,20,1,3252.1,17,2,3252.0,246,4,3253.3,69,3,3253.4,41,3,3253.5,93,5,3253.6,16,1,3253.7,87,3
11536,2025-12-30 14:12:14+05:30,3253.8,6,3253.41,1474661,96514.0,125226.0,3250.0,3267.5,3239.8,3251.5,46909275,3576.6,2926.4,4322.95,2866.6,3252.6,65,5,3252.5,121,5,3252.4,191,2,3252.3,106,3,3252.2,93,4,3253.9,27,2,3254.0,2,2,3254.1,62,2,3254.2,224,3,3254.3,133,4
11536,2025-12-30 14:12:15+05:30,3253.9,1,3253.41,1474661,96514.0,125226.0,3250.0,3267.5,3239.8,3251.5,46909275,3576.6,2926.4,4322.95,2866.6,3252.6,65,5,3252.5,121,5,3252.4,191,2,3252.3,106,3,3252.2,93,4,3253.9,27,2,3254.0,2,2,3254.1,62,2,3254.2,224,3,3254.3,133,4
11536,2025-12-30 14:12:18+05:30,3252.3,37,3253.41,1474661,96514.0,125226.0,3250.0,3267.5,3239.8,3251.5,46909275,3576.6,2926.4,4322.95,2866.6,3252.6,65,5,3252.5,121,5,3252.4,191,2,3252.3,106,3,3252.2,93,4,3253.9,27,2,3254.0,2,2,3254.1,62,2,3254.2,224,3,3254.3,133,4
11536,2025-12-30 14:12:18+05:30,3252.7,3,3253.41,1475780,97483.0,124133.0,3250.0,3267.5,3239.8,3251.5,46909275,3576.6,2926.4,4322.95,2866.6,3252.7,27,2,3252.6,188,2,3252.4,33,2,3252.3,11,2,3252.0,22,1,3253.6,19,1,3253.7,45,2,3253.8,90,3,3253.9,143,5,3254.0,48,4
11536,2025-12-30 14:12:21+05:30,3253.9,27,3253.41,1475780,97483.0,124133.0,3250.0,3267.5,3239.8,3251.5,46909275,3576.6,2926.4,4322.95,2866.6,3252.7,27,2,3252.6,188,2,3252.4,33,2,3252.3,11,2,3252.0,22,1,3253.6,19,1,3253.7,45,2,3253.8,90,3,3253.9,143,5,3254.0,48,4
11536,2025-12-30 14:12:23+05:30,3254.5,12,3253.41,1476218,98380.0,123015.0,3250.0,3267.5,3239.8,3251.5,46909275,3576.6,2926.4,4322.95,2866.6,3253.6,1,1,3253.0,57,3,3252.9,95,3,3252.8,32,3,3252.7,61,4,3254.4,38,3,3254.5,270,4,3254.6,176,6,3254.7,119,4,3254.8,44,2
11536,2025-12-30 14:12:24+05:30,3253.6,1,3253.41,1476218,98380.0,123015.0,3250.0,3267.5,3239.8,3251.5,46909275,3576.6,2926.4,4322.95,2866.6,3253.6,1,1,3253.0,57,3,3252.9,95,3,3252.8,32,3,3252.7,61,4,3254.4,38,3,3254.5,270,4,3254.6,176,6,3254.7,119,4,3254.8,44,2
11536,2025-12-30 14:12:27+05:30,3253.6,2,3253.41,1476218,98380.0,123015.0,3250.0,3267.5,3239.8,3251.5,46909275,3576.6,2926.4,4322.95,2866.6,3253.6,1,1,3253.0,57,3,3252.9,95,3,3252.8,32,3,3252.7,61,4,3254.4,38,3,3254.5,270,4,3254.6,176,6,3254.7,119,4,3254.8,44,2
11536,2025-12-30 14:12:28+05:30,3253.6,3,3253.41,1476425,98691.0,123733.0,3250.0,3267.5,3239.8,3251.5,46909275,3576.6,2926.4,4322.95,2866.6,3253.6,74,4,3253.5,31,1,3253.2,22,2,3253.1,42,2,3253.0,53,3,3254.5,83,1,3254.6,75,3,3254.7,42,1,3254.8,237,3,3254.9,72,4
11536,2025-12-30 14:12:28+05:30,3254.6,16,3253.41,1476425,98691.0,123733.0,3250.0,3267.5,3239.8,3251.5,46909275,3576.6,2926.4,4322.95,2866.6,3253.6,74,4,3253.5,31,1,3253.2,22,2,3253.1,42,2,3253.0,53,3,3254.5,83,1,3254.6,75,3,3254.7,42,1,3254.8,237,3,3254.9,72,4
11536,2025-12-30 14:12:29+05:30,3254.6,16,3253.41,1476555,99093.0,123201.0,3250.0,3267.5,3239.8,3251.5,46909275,3576.6,2926.4,4322.95,2866.6,3253.7,31,1,3253.6,45,3,3253.4,26,1,3253.2,25,3,3253.1,26,1,3254.4,1,1,3254.5,49,3,3254.6,22,1,3254.7,31,2,3254.8,56,3
11536,2025-12-30 14:12:30+05:30,3254.6,16,3253.41,1476555,99069.0,124003.0,3250.0,3267.5,3239.8,3251.5,46909275,3576.6,2926.4,4322.95,2866.6,3253.7,31,1,3253.6,45,3,3253.4,26,1,3253.2,25,3,3253.1,26,1,3254.4,1,1,3254.5,49,3,3254.6,22,1,3254.7,31,2,3254.8,56,3
11536,2025-12-30 14:12:31+05:30,3253.7,1,3253.41,1476556,98969.0,124003.0,3250.0,3267.5,3239.8,3251.5,46909275,3576.6,2926.4,4322.95,2866.6,3253.7,30,1,3253.6,45,3,3253.4,26,1,3253.2,25,3,3253.1,26,1,3254.4,1,1,3254.5,49,3,3254.6,22,1,3254.7,31,2,3254.8,56,3
11536,2025-12-30 14:12:31+05:30,3254.5,1,3253.41,1476556,98969.0,124003.0,3250.0,3267.5,3239.8,3251.5,46909275,3576.6,2926.4,4322.95,2866.6,3253.7,30,1,3253.6,45,3,3253.4,26,1,3253.2,25,3,3253.1,26,1,3254.4,1,1,3254.5,49,3,3254.6,22,1,3254.7,31,2,3254.8,56,3
11536,2025-12-30 14:12:31+05:30,3253.7,63,3253.41,1476623,98707.0,123590.0,3250.0,3267.5,3239.8,3251.5,46909275,3576.6,2926.4,4322.95,2866.6,3253.6,45,3,3253.2,12,1,3253.1,26,1,3253.0,56,4,3252.9,52,4,3254.4,88,5,3254.5,34,3,3254.6,34,2,3254.7,100,4,3254.8,94,4
11536,2025-12-30 14:12:32+05:30,3253.7,63,3253.41,1476623,98707.0,123590.0,3250.0,3267.5,3239.8,3251.5,46909275,3576.6,2926.4,4322.95,2866.6,3253.6,45,3,3253.2,12,1,3253.1,26,1,3253.0,56,4,3252.9,52,4,3254.4,88,5,3254.5,34,3,3254.6,34,2,3254.7,100,4,3254.8,94,4
11536,2025-12-30 14:12:32+05:30,3252.9,19,3253.41,1477110,98142.0,125248.0,3250.0,3267.5,3239.8,3251.5,46909275,3576.6,2926.4,4322.95,2866.6,3252.8,176,2,3252.7,31,2,3252.6,22,2,3252.5,120,2,3252.4,59,4,3252.9,106,1,3254.2,20,1,3254.3,69,2,3254.4,61,3,3254.5,225,4
11536,2025-12-30 14:12:33+05:30,3252.9,175,3253.41,1477110,98142.0,125248.0,3250.0,3267.5,3239.8,3251.5,46909275,3576.6,2926.4,4322.95,2866.6,3252.8,176,2,3252.7,31,2,3252.6,22,2,3252.5,120,2,3252.4,59,4,3252.9,106,1,3254.2,20,1,3254.3,69,2,3254.4,61,3,3254.5,225,4
11536,2025-12-30 14:12:33+05:30,3252.9,3,3253.41,1477463,98819.0,125784.0,3250.0,3267.5,3239.8,3251.5,46909275,3576.6,2926.4,4322.95,2866.6,3252.8,6,2,3252.7,5,1,3252.6,22,2,3252.5,68,1,3252.4,45,3,3252.9,103,1,3253.9,32,3,3254.0,21,1,3254.1,46,1,3254.2,91,4
11536,2025-12-30 14:12:34+05:30,3252.9,3,3253.41,1477463,98819.0,125784.0,3250.0,3267.5,3239.8,3251.5,46909275,3576.6,2926.4,4322.95,2866.6,3252.8,6,2,3252.7,5,1,3252.6,22,2,3252.5,68,1,3252.4,45,3,3252.9,103,1,3253.9,32,3,3254.0,21,1,3254.1,46,1,3254.2,91,4
11536,2025-12-30 14:12:35+05:30,3252.9,2,3253.41,1477512,96056.0,125709.0,3250.0,3267.5,3239.8,3251.5,46909275,3576.6,2926.4,4322.95,2866.6,3252.8,1,1,3252.7,5,1,3252.6,22,2,3252.5,94,2,3252.4,14,2,3252.9,54,1,3253.9,74,4,3254.0,21,1,3254.1,88,2,3254.2,114,5
11536,2025-12-30 14:12:35+05:30,3252.9,1,3253.41,1477512,96056.0,125709.0,3250.0,3267.5,3239.8,3251.5,46909275,3576.6,2926.4,4322.95,2866.6,3252.8,1,1,3252.7,5,1,3252.6,22,2,3252.5,94,2,3252.4,14,2,3252.9,54,1,3253.9,74,4,3254.0,21,1,3254.1,88,2,3254.2,114,5
11536,2025-12-30 14:12:36+05:30,3252.8,4,3253.41,1477537,99138.0,125236.0,3250.0,3267.5,3239.8,3251.5,46909275,3576.6,2926.4,4322.95,2866.6,3252.7,30,2,3252.6,22,2,3252.5,68,1,3252.4,45,3,3252.3,12,1,3252.8,29,1,3253.9,71,3,3254.0,21,1,3254.1,88,2,3254.2,157,6
11536,2025-12-30 14:12:36+05:30,3252.8,4,3253.41,1477537,99138.0,125236.0,3250.0,3267.5,3239.8,3251.5,46909275,3576.6,2926.4,4322.95,2866.6,3252.7,30,2,3252.6,22,2,3252.5,68,1,3252.4,45,3,3252.3,12,1,3252.8,29,1,3253.9,71,3,3254.0,21,1,3254.1,88,2,3254.2,157,6
11536,2025-12-30 14:12:36+05:30,3252.7,1,3253.41,1477538,98648.0,126209.0,3250.0,3267.5,3239.8,3251.5,46909275,3576.6,2926.4,4322.95,2866.6,3252.7,4,1,3252.6,22,2,3252.5,68,1,3252.4,40,3,3252.3,12,1,3252.8,29,1,3253.8,61,1,3253.9,117,4,3254.0,24,2,3254.1,42,1
11536,2025-12-30 14:12:37+05:30,3252.8,1,3253.41,1477538,98648.0,126209.0,3250.0,3267.5,3239.8,3251.5,46909275,3576.6,2926.4,4322.95,2866.6,3252.7,4,1,3252.6,22,2,3252.5,68,1,3252.4,40,3,3252.3,12,1,3252.8,29,1,3253.8,61,1,3253.9,117,4,3254.0,24,2,3254.1,42,1
11536,2025-12-30 14:12:37+05:30,3252.8,4,3253.41,1477543,98707.0,126093.0,3250.0,3267.5,3239.8,3251.5,46909275,3576.6,2926.4,4322.95,2866.6,3252.7,4,1,3252.6,22,2,3252.5,94,2,3252.4,14,2,3252.3,12,1,3252.8,24,1,3253.8,73,2,3253.9,133,5,3254.0,24,2,3254.1,42,1
11536,2025-12-30 14:12:38+05:30,3252.8,4,3253.41,1477543,98707.0,126093.0,3250.0,3267.5,3239.8,3251.5,46909275,3576.6,2926.4,4322.95,2866.6,3252.7,4,1,3252.6,22,2,3252.5,94,2,3252.4,14,2,3252.3,12,1,3252.8,24,1,3253.8,73,2,3253.9,133,5,3254.0,24,2,3254.1,42,1
11536,2025-12-30 14:12:38+05:30,3252.7,22,3253.41,1477575,95745.0,125804.0,3250.0,3267.5,3239.8,3251.5,46909275,3576.6,2926.4,4322.95,2866.6,3252.6,48,3,3252.5,68,1,3252.4,14,2,3252.3,43,2,3252.1,61,2,3252.7,2,1,3253.8,73,2,3253.9,156,6,3254.0,67,3,3254.1,85,2
11536,2025-12-30 14:12:39+05:30,3252.7,22,3253.41,1477575,95745.0,125804.0,3250.0,3267.5,3239.8,3251.5,46909275,3576.6,2926.4,4322.95,2866.6,3252.6,48,3,3252.5,68,1,3252.4,14,2,3252.3,43,2,3252.1,61,2,3252.7,2,1,3253.8,73,2,3253.9,156,6,3254.0,67,3,3254.1,85,2
11536,2025-12-30 14:12:39+05:30,3252.7,22,3253.41,1477575,99078.0,125484.0,3250.0,3267.5,3239.8,3251.5,46909275,3576.6,2926.4,4322.95,2866.6,3252.6,48,3,3252.5,103,3,3252.4,14,2,3252.3,64,3,3252.2,19,1,3252.7,2,1,3253.8,61,1,3253.9,71,3,3254.0,67,3,3254.1,131,3
11536,2025-12-30 14:12:40+05:30,3252.7,84,3253.41,1477698,99165.0,125445.0,3250.0,3267.5,3239.8,3251.5,46909275,3576.6,2926.4,4322.95,2866.6,3252.6,48,3,3252.5,115,4,3252.4,30,3,3252.3,60,3,3252.2,19,1,3252.7,22,1,3253.9,29,2,3254.0,113,4,3254.1,85,2,3254.2,141,5
11536,2025-12-30 14:12:41+05:30,3252.7,84,3253.41,1477698,99165.0,125445.0,3250.0,3267.5,3239.8,3251.5,46909275,3576.6,2926.4,4322.95,2866.6,3252.6,48,3,3252.5,115,4,3252.4,30,3,3252.3,60,3,3252.2,19,1,3252.7,22,1,3253.9,29,2,3254.0,113,4,3254.1,85,2,3254.2,141,5
11536,2025-12-30 14:12:41+05:30,3253.9,3,3253.41,1477734,99029.0,125114.0,3250.0,3267.5,3239.8,3251.5,46909275,3576.6,2926.4,4322.95,2866.6,3252.7,57,2,3252.6,32,3,3252.5,68,1,3252.4,35,3,3252.3,15,2,3253.9,19,3,3254.0,15,2,3254.1,42,1,3254.2,54,2,3254.3,234,4
11536,2025-12-30 14:12:42+05:30,3253.9,3,3253.41,1477734,99029.0,125114.0,3250.0,3267.5,3239.8,3251.5,46909275,3576.6,2926.4,4322.95,2866.6,3252.7,57,2,3252.6,32,3,3252.5,68,1,3252.4,35,3,3252.3,15,2,3253.9,19,3,3254.0,15,2,3254.1,42,1,3254.2,54,2,3254.3,234,4
11536,2025-12-30 14:12:42+05:30,3252.7,1,3253.41,1477739,99062.0,125126.0,3250.0,3267.5,3239.8,3251.5,46909275,3576.6,2926.4,4322.95,2866.6,3252.7,119,4,3252.6,22,2,3252.5,68,1,3252.4,35,3,3252.3,12,1,3253.9,31,3,3254.0,34,3,3254.1,42,1,3254.2,54,2,3254.3,215,3
11536,2025-12-30 14:12:43+05:30,3252.7,1,3253.41,1477739,99062.0,125126.0,3250.0,3267.5,3239.8,3251.5,46909275,3576.6,2926.4,4322.95,2866.6,3252.7,119,4,3252.6,22,2,3252.5,68,1,3252.4,35,3,3252.3,12,1,3253.9,31,3,3254.0,34,3,3254.1,42,1,3254.2,54,2,3254.3,215,3
11536,2025-12-30 14:12:43+05:30,3252.7,1,3253.41,1477740,98977.0,124633.0,3250.0,3267.5,3239.8,3251.5,46909275,3576.6,2926.4,4322.95,2866.6,3252.7,118,4,3252.6,22,2,3252.5,68,1,3252.4,35,3,3252.3,12,1,3253.9,22,2,3254.0,22,2,3254.1,42,1,3254.2,71,3,3254.3,172,3
11536,2025-12-30 14:12:44+05:30,3253.9,7,3253.41,1477759,99101.0,124614.0,3250.0,3267.5,3239.8,3251.5,46909275,3576.6,2926.4,4322.95,2866.6,3252.7,118,4,3252.6,32,3,3252.5,68,1,3252.4,35,3,3252.3,73,2,3253.9,3,1,3254.0,22,2,3254.1,42,1,3254.2,71,3,3254.3,172,3
11536,2025-12-30 14:12:45+05:30,3253.9,1,3253.41,1477759,99101.0,124614.0,3250.0,3267.5,3239.8,3251.5,46909275,3576.6,2926.4,4322.95,2866.6,3252.7,118,4,3252.6,32,3,3252.5,68,1,3252.4,35,3,3252.3,73,2,3253.9,3,1,3254.0,22,2,3254.1,42,1,3254.2,71,3,3254.3,172,3
11536,2025-12-30 14:12:45+05:30,3253.9,1,3253.41,1477760,99090.0,124619.0,3250.0,3267.5,3239.8,3251.5,46909275,3576.6,2926.4,4322.95,2866.6,3252.7,118,4,3252.6,32,3,3252.5,68,1,3252.4,66,5,3252.3,73,2,3253.9,16,2,3254.0,22,2,3254.1,42,1,3254.2,71,3,3254.3,172,3
11536,2025-12-30 14:12:46+05:30,3253.9,1,3253.41,1477760,99090.0,124619.0,3250.0,3267.5,3239.8,3251.5,46909275,3576.6,2926.4,4322.95,2866.6,3252.7,118,4,3252.6,32,3,3252.5,68,1,3252.4,66,5,3252.3,73,2,3253.9,16,2,3254.0,22,2,3254.1,42,1,3254.2,71,3,3254.3,172,3
11536,2025-12-30 14:12:46+05:30,3253.9,1,3253.41,1477761,99137.0,124618.0,3250.0,3267.5,3239.8,3251.5,46909275,3576.6,2926.4,4322.95,2866.6,3252.7,118,4,3252.6,32,3,3252.5,68,1,3252.4,66,5,3252.3,73,2,3253.9,15,2,3254.0,22,2,3254.1,42,1,3254.2,71,3,3254.3,172,3
11536,2025-12-30 14:12:48+05:30,3253.9,1,3253.41,1478832,99053.0,125218.0,3250.0,3267.5,3239.8,3251.5,46909275,3576.6,2926.4,4322.95,2866.6,3252.5,90,4,3252.4,45,4,3252.3,33,3,3252.2,192,2,3252.1,26,2,3253.9,32,3,3254.0,22,2,3254.1,70,2,3254.2,92,3,3254.3,26,2
11536,2025-12-30 14:12:48+05:30,3253.9,1,3253.41,1478832,99053.0,125218.0,3250.0,3267.5,3239.8,3251.5,46909275,3576.6,2926.4,4322.95,2866.6,3252.5,90,4,3252.4,45,4,3252.3,33,3,3252.2,192,2,3252.1,26,2,3253.9,32,3,3254.0,22,2,3254.1,70,2,3254.2,92,3,3254.3,26,2
11536,2025-12-30 14:12:49+05:30,3253.9,1,3253.41,1478833,99218.0,125217.0,3250.0,3267.5,3239.8,3251.5,46909275,3576.6,2926.4,4322.95,2866.6,3252.5,106,6,3252.4,243,7,3252.3,23,2,3252.2,42,2,3252.1,177,3,3253.9,31,3,3254.0,22,2,3254.1,70,2,3254.2,46,2,3254.3,72,3
11536,2025-12-30 14:12:50+05:30,3253.0,14,3253.41,1478894,99652.0,124602.0,3250.0,3267.5,3239.8,3251.5,46909275,3576.6,2926.4,4322.95,2866.6,3253.0,7,1,3252.9,36,2,3252.8,71,4,3252.7,30,1,3252.6,88,3,3254.0,3,1,3254.1,64,3,3254.2,46,2,3254.3,47,2,3254.4,51,2
11536,2025-12-30 14:12:50+05:30,3255.3,79,3253.41,1478894,99652.0,124602.0,3250.0,3267.5,3239.8,3251.5,46909275,3576.6,2926.4,4322.95,2866.6,3253.0,7,1,3252.9,36,2,3252.8,71,4,3252.7,30,1,3252.6,88,3,3254.0,3,1,3254.1,64,3,3254.2,46,2,3254.3,47,2,3254.4,51,2
11536,2025-12-30 14:12:51+05:30,3253.3,15,3253.41,1481721,103527.0,121368.0,3250.0,3267.5,3239.8,3251.5,46909275,3576.6,2926.4,4322.95,2866.6,3253.4,56,2,3253.3,212,4,3253.2,39,3,3253.1,114,7,3253.0,106,4,3254.7,58,3,3254.8,61,3,3254.9,92,4,3255.0,44,2,3255.1,49,2
11536,2025-12-30 14:12:51+05:30,3253.3,15,3253.41,1481721,103527.0,121368.0,3250.0,3267.5,3239.8,3251.5,46909275,3576.6,2926.4,4322.95,2866.6,3253.4,56,2,3253.3,212,4,3253.2,39,3,3253.1,114,7,3253.0,106,4,3254.7,58,3,3254.8,61,3,3254.9,92,4,3255.0,44,2,3255.1,49,2
11536,2025-12-30 14:12:52+05:30,3254.9,23,3253.41,1481909,103725.0,121638.0,3250.0,3267.5,3239.8,3251.5,46909275,3576.6,2926.4,4322.95,2866.6,3253.4,292,6,3253.3,19,3,3253.2,85,4,3253.1,71,7,3253.0,148,5,3254.9,104,6,3255.0,41,2,3255.1,15,1,3255.2,32,2,3255.3,236,5
11536,2025-12-30 14:12:52+05:30,3254.9,5,3253.41,1481909,103725.0,121638.0,3250.0,3267.5,3239.8,3251.5,46909275,3576.6,2926.4,4322.95,2866.6,3253.4,292,6,3253.3,19,3,3253.2,85,4,3253.1,71,7,3253.0,148,5,3254.9,104,6,3255.0,41,2,3255.1,15,1,3255.2,32,2,3255.3,236,5
11536,2025-12-30 14:12:53+05:30,3255.1,3,3253.41,1482035,104251.0,121411.0,3250.0,3267.5,3239.8,3251.5,46909275,3576.6,2926.4,4322.95,2866.6,3253.7,247,5,3253.6,72,4,3253.5,60,3,3253.4,70,3,3253.3,25,4,3255.1,49,4,3255.2,118,4,3255.4,42,1,3255.5,248,5,3255.6,251,5
11536,2025-12-30 14:12:53+05:30,3255.1,3,3253.41,1482035,104251.0,121411.0,3250.0,3267.5,3239.8,3251.5,46909275,3576.6,2926.4,4322.95,2866.6,3253.7,247,5,3253.6,72,4,3253.5,60,3,3253.4,70,3,3253.3,25,4,3255.1,49,4,3255.2,118,4,3255.4,42,1,3255.5,248,5,3255.6,251,5
11536,2025-12-30 14:12:53+05:30,3253.7,1,3253.41,1482036,104249.0,121439.0,3250.0,3267.5,3239.8,3251.5,46909275,3576.6,2926.4,4322.95,2866.6,3253.7,246,5,3253.6,69,3,3253.5,60,3,3253.4,70,3,3253.3,28,5,3255.1,49,4,3255.2,118,4,3255.4,42,1,3255.5,248,5,3255.6,251,5
11536,2025-12-30 14:12:54+05:30,3253.7,1,3253.41,1482036,104249.0,121439.0,3250.0,3267.5,3239.8,3251.5,46909275,3576.6,2926.4,4322.95,2866.6,3253.7,246,5,3253.6,69,3,3253.5,60,3,3253.4,70,3,3253.3,28,5,3255.1,49,4,3255.2,118,4,3255.4,42,1,3255.5,248,5,3255.6,251,5
11536,2025-12-30 14:12:54+05:30,3253.7,1,3253.41,1482036,103847.0,121769.0,3250.0,3267.5,3239.8,3251.5,46909275,3576.6,2926.4,4322.95,2866.6,3253.7,198,2,3253.6,22,1,3253.5,28,2,3253.4,24,2,3253.3,67,5,3254.9,93,6,3255.0,29,2,3255.1,25,1,3255.2,110,4,3255.3,237,4
11536,2025-12-30 14:12:55+05:30,3254.5,1,3253.41,1482036,103847.0,121769.0,3250.0,3267.5,3239.8,3251.5,46909275,3576.6,2926.4,4322.95,2866.6,3253.7,198,2,3253.6,22,1,3253.5,28,2,3253.4,24,2,3253.3,67,5,3254.9,93,6,3255.0,29,2,3255.1,25,1,3255.2,110,4,3255.3,237,4
11536,2025-12-30 14:12:55+05:30,3254.5,1,3253.41,1482037,103893.0,122497.0,3250.0,3267.5,3239.8,3251.5,46909275,3576.6,2926.4,4322.95,2866.6,3253.5,88,5,3253.4,191,2,3253.3,50,3,3253.2,33,3,3253.1,114,6,3254.5,2,1,3254.8,11,1,3254.9,30,3,3255.0,29,2,3255.1,196,3
11536,2025-12-30 14:12:56+05:30,3254.5,1,3253.41,1482037,103846.0,122466.0,3250.0,3267.5,3239.8,3251.5,46909275,3576.6,2926.4,4322.95,2866.6,3253.5,319,6,3253.4,24,2,3253.3,50,3,3253.2,79,4,3253.1,68,5,3254.5,2,1,3254.8,11,1,3254.9,30,3,3255.0,51,3,3255.1,196,3
11536,2025-12-30 14:12:57+05:30,3254.5,2,3253.41,1482039,102752.0,121355.0,3250.0,3267.5,3239.8,3251.5,46909275,3576.6,2926.4,4322.95,2866.6,3254.5,1,1,3253.6,136,2,3253.5,258,3,3253.4,24,2,3253.3,82,4,3254.8,46,2,3254.9,87,4,3255.0,44,3,3255.1,49,3,3255.2,117,4
11536,2025-12-30 14:12:58+05:30,3254.5,188,3253.41,1482039,102752.0,121355.0,3250.0,3267.5,3239.8,3251.5,46909275,3576.6,2926.4,4322.95,2866.6,3254.5,1,1,3253.6,136,2,3253.5,258,3,3253.4,24,2,3253.3,82,4,3254.8,46,2,3254.9,87,4,3255.0,44,3,3255.1,49,3,3255.2,117,4
11536,2025-12-30 14:12:58+05:30,3254.5,188,3253.41,1482228,102151.0,123196.0,3250.0,3267.5,3239.8,3251.5,46909275,3576.6,2926.4,4322.95,2866.6,3253.5,60,1,3253.3,5,1,3253.2,21,1,3253.0,64,2,3252.9,139,2,3254.4,60,4,3254.5,3,2,3254.6,30,1,3254.7,121,6,3254.8,196,3
11536,2025-12-30 14:12:59+05:30,3253.5,1,3253.41,1482230,102422.0,123261.0,3250.0,3267.5,3239.8,3251.5,46909275,3576.6,2926.4,4322.95,2866.6,3253.5,59,1,3253.3,5,1,3253.2,21,1,3253.0,64,2,3252.9,139,2,3254.4,25,1,3254.5,83,6,3254.6,30,1,3254.7,63,3,3254.8,198,4
11536,2025-12-30 14:13:00+05:30,3253.5,1,3253.41,1482230,102422.0,123261.0,3250.0,3267.5,3239.8,3251.5,46909275,3576.6,2926.4,4322.95,2866.6,3253.5,59,1,3253.3,5,1,3253.2,21,1,3253.0,64,2,3252.9,139,2,3254.4,25,1,3254.5,83,6,3254.6,30,1,3254.7,63,3,3254.8,198,4
11536,2025-12-30 14:13:00+05:30,3254.4,3,3253.41,1482233,102391.0,123304.0,3250.0,3267.5,3239.8,3251.5,46909275,3576.6,2926.4,4322.95,2866.6,3253.5,59,1,3253.3,5,1,3253.0,64,2,3252.9,139,2,3252.8,153,8,3254.3,13,1,3254.4,42,3,3254.5,50,4,3254.6,30,1,3254.7,85,4
11536,2025-12-30 14:13:01+05:30,3254.3,1,3253.41,1482233,102391.0,123304.0,3250.0,3267.5,3239.8,3251.5,46909275,3576.6,2926.4,4322.95,2866.6,3253.5,59,1,3253.3,5,1,3253.0,64,2,3252.9,139,2,3252.8,153,8,3254.3,13,1,3254.4,42,3,3254.5,50,4,3254.6,30,1,3254.7,85,4
11536,2025-12-30 14:13:01+05:30,3254.3,1,3253.41,1482234,102555.0,123252.0,3250.0,3267.5,3239.8,3251.5,46909275,3576.6,2926.4,4322.95,2866.6,3253.5,59,1,3253.3,5,1,3253.0,64,2,3252.9,139,2,3252.8,153,8,3254.3,12,1,3254.4,65,4,3254.5,27,3,3254.6,30,1,3254.7,108,5
11536,2025-12-30 14:13:02+05:30,3254.5,18,3253.41,1483311,102020.0,122916.0,3250.0,3267.5,3239.8,3251.5,46909275,3576.6,2926.4,4322.95,2866.6,3253.1,36,2,3253.0,27,1,3252.9,16,1,3252.8,70,6,3252.7,67,5,3254.4,31,1,3254.5,65,4,3254.6,90,3,3254.7,75,3,3254.8,37,2
11536,2025-12-30 14:13:03+05:30,3253.1,1,3253.41,1483311,102020.0,122916.0,3250.0,3267.5,3239.8,3251.5,46909275,3576.6,2926.4,4322.95,2866.6,3253.1,36,2,3253.0,27,1,3252.9,16,1,3252.8,70,6,3252.7,67,5,3254.4,31,1,3254.5,65,4,3254.6,90,3,3254.7,75,3,3254.8,37,2
11536,2025-12-30 14:13:03+05:30,3253.1,1,3253.41,1483312,102835.0,122871.0,3250.0,3267.5,3239.8,3251.5,46909275,3576.6,2926.4,4322.95,2866.6,3253.1,45,3,3253.0,27,1,3252.8,74,6,3252.7,109,6,3252.6,149,5,3254.4,74,3,3254.5,22,1,3254.6,90,3,3254.7,29,2,3254.8,251,4
11536,2025-12-30 14:13:04+05:30,3254.4,12,3253.41,1483312,102835.0,122871.0,3250.0,3267.5,3239.8,3251.5,46909275,3576.6,2926.4,4322.95,2866.6,3253.1,45,3,3253.0,27,1,3252.8,74,6,3252.7,109,6,3252.6,149,5,3254.4,74,3,3254.5,22,1,3254.6,90,3,3254.7,29,2,3254.8,251,4
11536,2025-12-30 14:13:04+05:30,3253.1,1,3253.41,1483359,102812.0,121933.0,3250.0,3267.5,3239.8,3251.5,46909275,3576.6,2926.4,4322.95,2866.6,3253.1,70,4,3253.0,27,1,3252.9,34,1,3252.8,89,6,3252.7,55,4,3254.4,19,2,3254.5,22,1,3254.6,70,3,3254.7,206,4,3254.8,111,4
11536,2025-12-30 14:13:05+05:30,3254.4,1,3253.41,1483359,102812.0,121933.0,3250.0,3267.5,3239.8,3251.5,46909275,3576.6,2926.4,4322.95,2866.6,3253.1,70,4,3253.0,27,1,3252.9,34,1,3252.8,89,6,3252.7,55,4,3254.4,19,2,3254.5,22,1,3254.6,70,3,3254.7,206,4,3254.8,111,4
11536,2025-12-30 14:13:06+05:30,3254.4,1,3253.41,1483360,102696.0,123061.0,3250.0,3267.5,3239.8,3251.5,46909275,3576.6,2926.4,4322.95,2866.6,3253.2,36,2,3253.1,29,1,3253.0,27,1,3252.9,34,1,3252.8,100,6,3254.3,31,1,3254.4,39,2,3254.5,22,1,3254.6,45,2,3254.7,29,2
11536,2025-12-30 14:13:07+05:30,3254.3,1,3253.41,1483362,102633.0,123205.0,3250.0,3267.5,3239.8,3251.5,46909275,3576.6,2926.4,4322.95,2866.6,3253.2,44,3,3253.1,32,2,3253.0,37,2,3252.9,11,1,3252.8,81,6,3254.3,43,2,3254.4,25,1,3254.5,22,1,3254.6,45,2,3254.7,29,2
11536,2025-12-30 14:13:07+05:30,3254.3,1,3253.41,1483362,102633.0,123205.0,3250.0,3267.5,3239.8,3251.5,46909275,3576.6,2926.4,4322.95,2866.6,3253.2,44,3,3253.1,32,2,3253.0,37,2,3252.9,11,1,3252.8,81,6,3254.3,43,2,3254.4,25,1,3254.5,22,1,3254.6,45,2,3254.7,29,2
11536,2025-12-30 14:13:07+05:30,3254.3,19,3253.41,1483385,102730.0,123041.0,3250.0,3267.5,3239.8,3251.5,46909275,3576.6,2926.4,4322.95,2866.6,3253.3,47,3,3253.2,39,2,3253.1,3,1,3253.0,46,3,3252.9,11,1,3254.3,20,2,3254.4,25,1,3254.6,45,2,3254.7,29,2,3254.8,224,2
11536,2025-12-30 14:13:08+05:30,3254.3,19,3253.41,1483385,102730.0,123041.0,3250.0,3267.5,3239.8,3251.5,46909275,3576.6,2926.4,4322.95,2866.6,3253.3,47,3,3253.2,39,2,3253.1,3,1,3253.0,46,3,3252.9,11,1,3254.3,20,2,3254.4,25,1,3254.6,45,2,3254.7,29,2,3254.8,224,2
11536,2025-12-30 14:13:08+05:30,3254.3,19,3253.41,1483385,102691.0,123042.0,3250.0,3267.5,3239.8,3251.5,46909275,3576.6,2926.4,4322.95,2866.6,3253.3,36,2,3253.2,39,2,3253.1,3,1,3253.0,67,4,3252.9,11,1,3254.3,20,2,3254.4,25,1,3254.6,45,2,3254.7,29,2,3254.8,178,1
11536,2025-12-30 14:13:09+05:30,3254.3,19,3253.41,1483385,102645.0,123088.0,3250.0,3267.5,3239.8,3251.5,46909275,3576.6,2926.4,4322.95,2866.6,3253.3,36,2,3253.2,39,2,3253.1,3,1,3253.0,68,5,3252.9,11,1,3254.3,57,3,3254.4,25,1,3254.6,45,2,3254.7,29,2,3254.8,224,2
11536,2025-12-30 14:13:10+05:30,3253.3,1,3253.41,1483472,102551.0,123254.0,3250.0,3267.5,3239.8,3251.5,46909275,3576.6,2926.4,4322.95,2866.6,3253.3,14,2,3253.2,93,3,3253.1,3,1,3253.0,68,5,3252.9,11,1,3254.3,56,3,3254.6,73,2,3254.7,29,2,3254.8,224,2,3254.9,132,6
11536,2025-12-30 14:13:11+05:30,3254.6,40,3253.41,1483472,102551.0,123254.0,3250.0,3267.5,3239.8,3251.5,46909275,3576.6,2926.4,4322.95,2866.6,3253.3,14,2,3253.2,93,3,3253.1,3,1,3253.0,68,5,3252.9,11,1,3254.3,56,3,3254.6,73,2,3254.7,29,2,3254.8,224,2,3254.9,132,6
11536,2025-12-30 14:13:11+05:30,3254.6,40,3253.41,1483568,102557.0,122518.0,3250.0,3267.5,3239.8,3251.5,46909275,3576.6,2926.4,4322.95,2866.6,3254.3,1,1,3253.4,21,1,3253.3,33,2,3253.2,86,4,3253.1,77,4,3254.7,106,5,3254.8,15,1,3254.9,72,4,3255.0,160,3,3255.1,47,2
11536,2025-12-30 14:13:12+05:30,3254.7,3,3253.41,1483568,102557.0,122518.0,3250.0,3267.5,3239.8,3251.5,46909275,3576.6,2926.4,4322.95,2866.6,3254.3,1,1,3253.4,21,1,3253.3,33,2,3253.2,86,4,3253.1,77,4,3254.7,106,5,3254.8,15,1,3254.9,72,4,3255.0,160,3,3255.1,47,2
11536,2025-12-30 14:13:12+05:30,3254.7,2,3253.41,1483573,102600.0,122975.0,3250.0,3267.5,3239.8,3251.5,46909275,3576.6,2926.4,4322.95,2866.6,3254.3,1,1,3253.4,21,1,3253.3,33,2,3253.2,86,4,3253.1,81,5,3254.7,101,5,3254.8,15,1,3254.9,72,4,3255.0,160,3,3255.1,47,2
11536,2025-12-30 14:13:13+05:30,3254.3,1,3253.41,1483573,102600.0,122975.0,3250.0,3267.5,3239.8,3251.5,46909275,3576.6,2926.4,4322.95,2866.6,3254.3,1,1,3253.4,21,1,3253.3,33,2,3253.2,86,4,3253.1,81,5,3254.7,101,5,3254.8,15,1,3254.9,72,4,3255.0,160,3,3255.1,47,2
11536,2025-12-30 14:13:13+05:30,3254.3,1,3253.41,1483574,102793.0,121369.0,3250.0,3267.5,3239.8,3251.5,46909275,3576.6,2926.4,4322.95,2866.6,3254.3,1,1,3253.4,40,2,3253.3,37,3,3253.2,129,5,3253.1,85,5,3254.7,84,4,3254.8,12,1,3254.9,3,1,3255.0,160,3,3255.1,77,4
11536,2025-12-30 14:13:14+05:30,3254.7,19,3253.41,1483593,102748.0,121500.0,3250.0,3267.5,3239.8,3251.5,46909275,3576.6,2926.4,4322.95,2866.6,3254.3,1,1,3253.4,40,2,3253.3,37,3,3253.2,129,5,3253.1,85,5,3254.7,51,3,3254.8,12,1,3254.9,18,2,3255.0,219,6,3255.1,65,2
11536,2025-12-30 14:13:15+05:30,3254.7,1,3253.41,1483593,102748.0,121500.0,3250.0,3267.5,3239.8,3251.5,46909275,3576.6,2926.4,4322.95,2866.6,3254.3,1,1,3253.4,40,2,3253.3,37,3,3253.2,129,5,3253.1,85,5,3254.7,51,3,3254.8,12,1,3254.9,18,2,3255.0,219,6,3255.1,65,2
11536,2025-12-30 14:13:15+05:30,3254.7,1,3253.41,1483594,102934.0,121531.0,3250.0,3267.5,3239.8,3251.5,46909275,3576.6,2926.4,4322.95,2866.6,3254.3,1,1,3253.5,22,2,3253.4,40,2,3253.3,29,1,3253.2,106,6,3254.7,36,2,3254.8,34,2,3254.9,18,2,3255.0,198,7,3255.1,65,2
11536,2025-12-30 14:13:16+05:30,3254.7,1,3253.41,1483594,102934.0,121531.0,3250.0,3267.5,3239.8,3251.5,46909275,3576.6,2926.4,4322.95,2866.6,3254.3,1,1,3253.5,22,2,3253.4,40,2,3253.3,29,1,3253.2,106,6,3254.7,36,2,3254.8,34,2,3254.9,18,2,3255.0,198,7,3255.1,65,2
11536,2025-12-30 14:13:16+05:30,3254.3,1,3253.41,1483596,102106.0,121586.0,3250.0,3267.5,3239.8,3251.5,46909275,3576.6,2926.4,4322.95,2866.6,3253.5,32,3,3253.4,75,3,3253.2,59,4,3253.1,6,2,3253.0,106,5,3254.7,45,3,3254.8,12,1,3254.9,181,2,3255.0,205,6,3255.1,42,2
11536,2025-12-30 14:13:17+05:30,3254.9,40,3253.41,1483596,102106.0,121586.0,3250.0,3267.5,3239.8,3251.5,46909275,3576.6,2926.4,4322.95,2866.6,3253.5,32,3,3253.4,75,3,3253.2,59,4,3253.1,6,2,3253.0,106,5,3254.7,45,3,3254.8,12,1,3254.9,181,2,3255.0,205,6,3255.1,42,2
11536,2025-12-30 14:13:17+05:30,3253.0,250,3253.41,1484755,101141.0,122212.0,3250.0,3267.5,3239.8,3251.5,46909275,3576.6,2926.4,4322.95,2866.6,3253.0,111,6,3252.9,58,4,3252.8,88,7,3252.7,193,3,3252.6,87,3,3254.6,92,4,3254.7,94,3,3254.8,38,2,3254.9,230,4,3255.0,173,7
11536,2025-12-30 14:13:18+05:30,3253.1,3,3253.41,1484755,101141.0,122212.0,3250.0,3267.5,3239.8,3251.5,46909275,3576.6,2926.4,4322.95,2866.6,3253.0,111,6,3252.9,58,4,3252.8,88,7,3252.7,193,3,3252.6,87,3,3254.6,92,4,3254.7,94,3,3254.8,38,2,3254.9,230,4,3255.0,173,7
11536,2025-12-30 14:13:18+05:30,3253.1,3,3253.41,1484758,103011.0,122079.0,3250.0,3267.5,3239.8,3251.5,46909275,3576.6,2926.4,4322.95,2866.6,3253.3,66,4,3253.2,78,3,3253.1,50,4,3253.0,72,5,3252.9,79,4,3254.6,66,3,3254.7,11,1,3254.8,76,3,3254.9,63,4,3255.0,196,8
11536,2025-12-30 14:13:19+05:30,3253.1,3,3253.41,1484758,102917.0,120923.0,3250.0,3267.5,3239.8,3251.5,46909275,3576.6,2926.4,4322.95,2866.6,3254.6,5,1,3253.6,21,1,3253.5,34,1,3253.4,146,5,3253.3,147,6,3254.8,23,1,3254.9,88,4,3255.0,33,4,3255.1,51,2,3255.2,76,3
11536,2025-12-30 14:13:20+05:30,3254.8,19,3253.41,1484758,102917.0,120923.0,3250.0,3267.5,3239.8,3251.5,46909275,3576.6,2926.4,4322.95,2866.6,3254.6,5,1,3253.6,21,1,3253.5,34,1,3253.4,146,5,3253.3,147,6,3254.8,23,1,3254.9,88,4,3255.0,33,4,3255.1,51,2,3255.2,76,3
11536,2025-12-30 14:13:20+05:30,3254.8,19,3253.41,1484777,103810.0,120928.0,3250.0,3267.5,3239.8,3251.5,46909275,3576.6,2926.4,4322.95,2866.6,3254.6,7,2,3253.6,21,1,3253.5,41,2,3253.4,159,7,3253.3,147,6,3254.9,58,3,3255.0,33,4,3255.1,57,2,3255.2,76,3,3255.3,72,3
11536,2025-12-30 14:13:21+05:30,3254.6,1,3253.41,1484803,103292.0,121003.0,3250.0,3267.5,3239.8,3251.5,46909275,3576.6,2926.4,4322.95,2866.6,3254.6,6,2,3254.0,3,1,3253.6,21,1,3253.5,41,2,3253.4,159,7,3254.9,36,3,3255.0,33,4,3255.1,57,2,3255.2,76,3,3255.3,72,3
11536,2025-12-30 14:13:22+05:30,3255.2,21,3253.41,1484803,103292.0,121003.0,3250.0,3267.5,3239.8,3251.5,46909275,3576.6,2926.4,4322.95,2866.6,3254.6,6,2,3254.0,3,1,3253.6,21,1,3253.5,41,2,3253.4,159,7,3254.9,36,3,3255.0,33,4,3255.1,57,2,3255.2,76,3,3255.3,72,3
11536,2025-12-30 14:13:22+05:30,3254.6,10,3253.41,1485044,102402.0,122681.0,3250.0,3267.5,3239.8,3251.5,46909275,3576.6,2926.4,4322.95,2866.6,3254.0,3,1,3253.5,33,2,3253.4,10,1,3253.3,50,3,3253.2,21,1,3254.8,14,1,3254.9,118,5,3255.0,71,5,3255.1,45,3,3255.2,100,3
11536,2025-12-30 14:13:23+05:30,3253.5,14,3253.41,1485044,102402.0,122681.0,3250.0,3267.5,3239.8,3251.5,46909275,3576.6,2926.4,4322.95,2866.6,3254.0,3,1,3253.5,33,2,3253.4,10,1,3253.3,50,3,3253.2,21,1,3254.8,14,1,3254.9,118,5,3255.0,71,5,3255.1,45,3,3255.2,100,3
11536,2025-12-30 14:13:23+05:30,3253.5,14,3253.41,1485097,103114.0,122602.0,3250.0,3267.5,3239.8,3251.5,46909275,3576.6,2926.4,4322.95,2866.6,3254.0,51,1,3253.5,26,3,3253.4,65,3,3253.3,6,2,3253.2,28,2,3254.7,25,1,3254.8,22,1,3254.9,50,2,3255.0,117,6,3255.1,28,2
11536,2025-12-30 14:13:24+05:30,3254.7,19,3253.41,1485097,103114.0,122602.0,3250.0,3267.5,3239.8,3251.5,46909275,3576.6,2926.4,4322.95,2866.6,3254.0,51,1,3253.5,26,3,3253.4,65,3,3253.3,6,2,3253.2,28,2,3254.7,25,1,3254.8,22,1,3254.9,50,2,3255.0,117,6,3255.1,28,2
11536,2025-12-30 14:13:24+05:30,3254.7,19,3253.41,1485116,103173.0,121791.0,3250.0,3267.5,3239.8,3251.5,46909275,3576.6,2926.4,4322.95,2866.6,3254.0,51,1,3253.7,25,1,3253.6,30,1,3253.5,26,3,3253.4,10,1,3254.9,8,1,3255.0,36,3,3255.1,99,4,3255.2,100,3,3255.3,253,4
11536,2025-12-30 14:13:25+05:30,3254.7,1,3253.41,1485116,103173.0,121791.0,3250.0,3267.5,3239.8,3251.5,46909275,3576.6,2926.4,4322.95,2866.6,3254.0,51,1,3253.7,25,1,3253.6,30,1,3253.5,26,3,3253.4,10,1,3254.9,8,1,3255.0,36,3,3255.1,99,4,3255.2,100,3,3255.3,253,4
11536,2025-12-30 14:13:25+05:30,3254.7,25,3253.41,1485145,103145.0,122179.0,3250.0,3267.5,3239.8,3251.5,46909275,3576.6,2926.4,4322.95,2866.6,3254.0,48,1,3253.7,25,1,3253.6,30,1,3253.5,26,3,3253.4,10,1,3254.7,5,1,3254.9,14,1,3255.0,14,2,3255.1,79,4,3255.2,58,2
11536,2025-12-30 14:13:26+05:30,3254.7,25,3253.41,1485145,103145.0,122179.0,3250.0,3267.5,3239.8,3251.5,46909275,3576.6,2926.4,4322.95,2866.6,3254.0,48,1,3253.7,25,1,3253.6,30,1,3253.5,26,3,3253.4,10,1,3254.7,5,1,3254.9,14,1,3255.0,14,2,3255.1,79,4,3255.2,58,2
11536,2025-12-30 14:13:26+05:30,3254.7,25,3253.41,1485145,103077.0,122568.0,3250.0,3267.5,3239.8,3251.5,46909275,3576.6,2926.4,4322.95,2866.6,3254.0,48,1,3253.7,25,1,3253.6,30,1,3253.5,26,3,3253.4,10,1,3254.5,61,1,3254.7,44,3,3254.9,36,2,3255.0,37,3,3255.1,96,4
11536,2025-12-30 14:13:27+05:30,3254.0,1,3253.41,1485146,103092.0,123312.0,3250.0,3267.5,3239.8,3251.5,46909275,3576.6,2926.4,4322.95,2866.6,3254.0,47,1,3253.5,26,3,3253.4,35,2,3253.3,6,2,3253.2,28,2,3254.5,89,3,3254.6,22,1,3254.7,22,2,3254.8,25,1,3254.9,72,2
11536,2025-12-30 14:13:28+05:30,3254.0,4,3253.41,1485146,103092.0,123312.0,3250.0,3267.5,3239.8,3251.5,46909275,3576.6,2926.4,4322.95,2866.6,3254.0,47,1,3253.5,26,3,3253.4,35,2,3253.3,6,2,3253.2,28,2,3254.5,89,3,3254.6,22,1,3254.7,22,2,3254.8,25,1,3254.9,72,2
11536,2025-12-30 14:13:28+05:30,3254.0,4,3253.41,1485150,103092.0,123317.0,3250.0,3267.5,3239.8,3251.5,46909275,3576.6,2926.4,4322.95,2866.6,3254.0,44,2,3253.5,29,4,3253.4,35,2,3253.3,6,2,3253.2,28,2,3254.5,89,3,3254.6,22,1,3254.7,22,2,3254.8,25,1,3254.9,72,2
11536,2025-12-30 14:13:29+05:30,3254.0,4,3253.41,1485150,103090.0,123279.0,3250.0,3267.5,3239.8,3251.5,46909275,3576.6,2926.4,4322.95,2866.6,3254.0,44,2,3253.5,29,4,3253.4,35,2,3253.3,9,3,3253.2,28,2,3254.5,89,3,3254.7,22,2,3254.8,25,1,3254.9,72,2,3255.0,60,4
11536,2025-12-30 14:13:30+05:30,3254.5,3,3253.41,1485150,103090.0,123279.0,3250.0,3267.5,3239.8,3251.5,46909275,3576.6,2926.4,4322.95,2866.6,3254.0,44,2,3253.5,29,4,3253.4,35,2,3253.3,9,3,3253.2,28,2,3254.5,89,3,3254.7,22,2,3254.8,25,1,3254.9,72,2,3255.0,60,4
11536,2025-12-30 14:13:30+05:30,3254.5,3,3253.41,1485153,103095.0,123240.0,3250.0,3267.5,3239.8,3251.5,46909275,3576.6,2926.4,4322.95,2866.6,3254.0,44,2,3253.5,12,3,3253.4,35,2,3253.3,9,3,3253.2,31,3,3254.5,86,3,3254.7,22,2,3254.8,25,1,3254.9,118,3,3255.0,37,3
11536,2025-12-30 14:13:31+05:30,3254.5,1,3253.41,1485153,103095.0,123240.0,3250.0,3267.5,3239.8,3251.5,46909275,3576.6,2926.4,4322.95,2866.6,3254.0,44,2,3253.5,12,3,3253.4,35,2,3253.3,9,3,3253.2,31,3,3254.5,86,3,3254.7,22,2,3254.8,25,1,3254.9,118,3,3255.0,37,3
11536,2025-12-30 14:13:31+05:30,3254.5,2,3253.41,1485156,103091.0,123305.0,3250.0,3267.5,3239.8,3251.5,46909275,3576.6,2926.4,4322.95,2866.6,3254.0,44,2,3253.5,12,3,3253.4,35,2,3253.3,9,3,3253.2,31,3,3254.5,83,3,3254.6,22,1,3254.7,22,2,3254.8,25,1,3254.9,118,3
11536,2025-12-30 14:13:32+05:30,3254.5,2,3253.41,1485156,103091.0,123305.0,3250.0,3267.5,3239.8,3251.5,46909275,3576.6,2926.4,4322.95,2866.6,3254.0,44,2,3253.5,12,3,3253.4,35,2,3253.3,9,3,3253.2,31,3,3254.5,83,3,3254.6,22,1,3254.7,22,2,3254.8,25,1,3254.9,118,3
11536,2025-12-30 14:13:32+05:30,3253.2,81,3253.41,1485596,102447.0,123669.0,3250.0,3267.5,3239.8,3251.5,46909275,3576.6,2926.4,4322.95,2866.6,3253.1,65,3,3252.9,11,1,3252.8,26,2,3252.7,39,2,3252.6,42,2,3253.2,106,1,3254.3,4,1,3254.4,22,1,3254.5,130,3,3254.6,70,3
11536,2025-12-30 14:13:33+05:30,3253.2,1,3253.41,1485596,102447.0,123669.0,3250.0,3267.5,3239.8,3251.5,46909275,3576.6,2926.4,4322.95,2866.6,3253.1,65,3,3252.9,11,1,3252.8,26,2,3252.7,39,2,3252.6,42,2,3253.2,106,1,3254.3,4,1,3254.4,22,1,3254.5,130,3,3254.6,70,3
11536,2025-12-30 14:13:33+05:30,3253.1,1,3253.41,1485598,102690.0,123612.0,3250.0,3267.5,3239.8,3251.5,46909275,3576.6,2926.4,4322.95,2866.6,3253.1,99,3,3252.9,35,2,3252.8,26,2,3252.7,63,4,3252.6,42,2,3253.2,119,2,3254.3,4,1,3254.4,64,2,3254.5,55,1,3254.6,70,3
11536,2025-12-30 14:13:34+05:30,3253.2,44,3253.41,1485598,102690.0,123612.0,3250.0,3267.5,3239.8,3251.5,46909275,3576.6,2926.4,4322.95,2866.6,3253.1,99,3,3252.9,35,2,3252.8,26,2,3252.7,63,4,3252.6,42,2,3253.2,119,2,3254.3,4,1,3254.4,64,2,3254.5,55,1,3254.6,70,3
11536,2025-12-30 14:13:34+05:30,3253.2,44,3253.41,1485761,102748.0,123389.0,3250.0,3267.5,3239.8,3251.5,46909275,3576.6,2926.4,4322.95,2866.6,3253.1,127,5,3252.9,26,2,3252.8,26,2,3252.7,42,3,3252.6,67,4,3253.2,62,1,3254.4,64,2,3254.5,55,1,3254.6,21,1,3254.7,215,4
11536,2025-12-30 14:13:35+05:30,3253.2,2,3253.41,1485761,102748.0,123389.0,3250.0,3267.5,3239.8,3251.5,46909275,3576.6,2926.4,4322.95,2866.6,3253.1,127,5,3252.9,26,2,3252.8,26,2,3252.7,42,3,3252.6,67,4,3253.2,62,1,3254.4,64,2,3254.5,55,1,3254.6,21,1,3254.7,215,4
11536,2025-12-30 14:13:35+05:30,3253.1,1,3253.41,1485886,102428.0,123147.0,3250.0,3267.5,3239.8,3251.5,46909275,3576.6,2926.4,4322.95,2866.6,3252.9,55,3,3252.8,72,4,3252.7,42,3,3252.6,75,4,3252.5,129,5,3253.1,45,1,3254.4,61,1,3254.5,55,1,3254.6,68,2,3254.7,22,2
11536,2025-12-30 14:13:36+05:30,3253.1,1,3253.41,1485886,102428.0,123147.0,3250.0,3267.5,3239.8,3251.5,46909275,3576.6,2926.4,4322.95,2866.6,3252.9,55,3,3252.8,72,4,3252.7,42,3,3252.6,75,4,3252.5,129,5,3253.1,45,1,3254.4,61,1,3254.5,55,1,3254.6,68,2,3254.7,22,2
11536,2025-12-30 14:13:36+05:30,3253.1,1,3253.41,1485886,102478.0,123210.0,3250.0,3267.5,3239.8,3251.5,46909275,3576.6,2926.4,4322.95,2866.6,3252.9,67,4,3252.8,48,3,3252.7,71,4,3252.6,66,4,3252.5,129,5,3253.1,45,1,3254.4,82,2,3254.5,55,1,3254.6,110,3,3254.7,22,2
11536,2025-12-30 14:13:37+05:30,3253.1,1,3253.41,1485886,102502.0,123337.0,3250.0,3267.5,3239.8,3251.5,46909275,3576.6,2926.4,4322.95,2866.6,3252.9,55,3,3252.8,30,2,3252.7,53,3,3252.6,45,3,3252.5,129,5,3253.1,45,1,3254.2,86,2,3254.3,240,2,3254.4,124,3,3254.5,55,1
11536,2025-12-30 14:13:38+05:30,3253.1,4,3253.41,1485886,102502.0,123337.0,3250.0,3267.5,3239.8,3251.5,46909275,3576.6,2926.4,4322.95,2866.6,3252.9,55,3,3252.8,30,2,3252.7,53,3,3252.6,45,3,3252.5,129,5,3253.1,45,1,3254.2,86,2,3254.3,240,2,3254.4,124,3,3254.5,55,1
11536,2025-12-30 14:13:38+05:30,3253.0,1,3253.41,1486231,102800.0,122136.0,3250.0,3267.5,3239.8,3251.5,46909275,3576.6,2926.4,4322.95,2866.6,3253.0,149,8,3252.9,101,6,3252.8,133,9,3252.7,43,5,3252.6,534,10,3254.5,55,1,3254.7,17,1,3254.8,51,2,3254.9,42,1,3255.0,206,3
11536,2025-12-30 14:13:39+05:30,3253.0,1,3253.41,1486231,102800.0,122136.0,3250.0,3267.5,3239.8,3251.5,46909275,3576.6,2926.4,4322.95,2866.6,3253.0,149,8,3252.9,101,6,3252.8,133,9,3252.7,43,5,3252.6,534,10,3254.5,55,1,3254.7,17,1,3254.8,51,2,3254.9,42,1,3255.0,206,3
11536,2025-12-30 14:13:39+05:30,3253.0,1,3253.41,1486231,103573.0,122348.0,3250.0,3267.5,3239.8,3251.5,46909275,3576.6,2926.4,4322.95,2866.6,3253.1,78,5,3253.0,115,8,3252.9,82,5,3252.8,135,8,3252.7,89,5,3254.5,55,1,3254.7,51,2,3254.8,66,3,3254.9,58,2,3255.0,206,3
11536,2025-12-30 14:13:40+05:30,3253.0,1,3253.41,1486231,103703.0,122356.0,3250.0,3267.5,3239.8,3251.5,46909275,3576.6,2926.4,4322.95,2866.6,3253.3,57,4,3253.2,55,3,3253.1,16,1,3253.0,35,3,3252.9,59,3,3254.5,85,2,3254.7,51,2,3254.8,49,2,3254.9,58,2,3255.0,185,2
11536,2025-12-30 14:13:41+05:30,3253.0,1,3253.41,1486231,103694.0,122365.0,3250.0,3267.5,3239.8,3251.5,46909275,3576.6,2926.4,4322.95,2866.6,3253.3,45,3,3253.2,45,2,3253.1,16,1,3253.0,35,3,3252.9,59,3,3254.5,85,2,3254.7,51,2,3254.8,49,2,3254.9,58,2,3255.0,185,2
11536,2025-12-30 14:13:42+05:30,3254.5,3,3253.41,1486234,103455.0,122362.0,3250.0,3267.5,3239.8,3251.5,46909275,3576.6,2926.4,4322.95,2866.6,3253.3,61,4,3253.2,45,2,3253.1,16,1,3253.0,35,3,3252.9,59,3,3254.5,82,2,3254.7,51,2,3254.8,49,2,3254.9,58,2,3255.0,185,2
11536,2025-12-30 14:13:43+05:30,3254.5,1,3253.41,1486234,103455.0,122362.0,3250.0,3267.5,3239.8,3251.5,46909275,3576.6,2926.4,4322.95,2866.6,3253.3,61,4,3253.2,45,2,3253.1,16,1,3253.0,35,3,3252.9,59,3,3254.5,82,2,3254.7,51,2,3254.8,49,2,3254.9,58,2,3255.0,185,2
11536,2025-12-30 14:13:43+05:30,3254.5,1,3253.41,1486236,103686.0,122347.0,3250.0,3267.5,3239.8,3251.5,46909275,3576.6,2926.4,4322.95,2866.6,3253.3,34,2,3253.2,29,1,3253.1,16,1,3253.0,35,3,3252.9,59,3,3254.5,81,2,3254.7,51,2,3254.8,49,2,3254.9,58,2,3255.0,372,5
11536,2025-12-30 14:13:44+05:30,3254.5,1,3253.41,1486236,103686.0,122347.0,3250.0,3267.5,3239.8,3251.5,46909275,3576.6,2926.4,4322.95,2866.6,3253.3,34,2,3253.2,29,1,3253.1,16,1,3253.0,35,3,3252.9,59,3,3254.5,81,2,3254.7,51,2,3254.8,49,2,3254.9,58,2,3255.0,372,5
11536,2025-12-30 14:13:44+05:30,3253.3,1,3253.41,1486238,103836.0,122346.0,3250.0,3267.5,3239.8,3251.5,46909275,3576.6,2926.4,4322.95,2866.6,3253.3,33,2,3253.2,29,1,3253.1,16,1,3253.0,35,3,3252.9,59,3,3254.5,80,2,3254.7,51,2,3254.8,49,2,3254.9,58,2,3255.0,326,4
11536,2025-12-30 14:13:45+05:30,3254.5,1,3253.41,1486238,103836.0,122346.0,3250.0,3267.5,3239.8,3251.5,46909275,3576.6,2926.4,4322.95,2866.6,3253.3,33,2,3253.2,29,1,3253.1,16,1,3253.0,35,3,3252.9,59,3,3254.5,80,2,3254.7,51,2,3254.8,49,2,3254.9,58,2,3255.0,326,4
11536,2025-12-30 14:13:45+05:30,3254.5,1,3253.41,1486242,104003.0,122213.0,3250.0,3267.5,3239.8,3251.5,46909275,3576.6,2926.4,4322.95,2866.6,3253.4,64,3,3253.3,16,1,3253.2,29,2,3253.1,58,3,3253.0,97,6,3254.5,79,2,3254.7,17,1,3254.8,49,2,3254.9,16,1,3255.0,151,3
11536,2025-12-30 14:13:46+05:30,3254.5,1,3253.41,1486242,104003.0,122213.0,3250.0,3267.5,3239.8,3251.5,46909275,3576.6,2926.4,4322.95,2866.6,3253.4,64,3,3253.3,16,1,3253.2,29,2,3253.1,58,3,3253.0,97,6,3254.5,79,2,3254.7,17,1,3254.8,49,2,3254.9,16,1,3255.0,151,3
11536,2025-12-30 14:13:46+05:30,3254.5,1,3253.41,1486243,104055.0,122418.0,3250.0,3267.5,3239.8,3251.5,46909275,3576.6,2926.4,4322.95,2866.6,3253.4,64,3,3253.3,16,1,3253.2,19,1,3253.1,42,2,3253.0,97,6,3254.5,92,3,3254.7,17,1,3254.8,91,3,3254.9,16,1,3255.0,151,3
11536,2025-12-30 14:13:47+05:30,3254.5,1,3253.41,1487303,102434.0,122464.0,3250.0,3267.5,3239.8,3251.5,46909275,3576.6,2926.4,4322.95,2866.6,3253.0,119,6,3252.9,65,5,3252.8,118,7,3252.7,74,3,3252.6,324,8,3254.5,100,4,3254.6,13,1,3254.7,17,1,3254.8,76,2,3254.9,221,2
11536,2025-12-30 14:13:48+05:30,3254.5,3,3253.41,1487303,102434.0,122464.0,3250.0,3267.5,3239.8,3251.5,46909275,3576.6,2926.4,4322.95,2866.6,3253.0,119,6,3252.9,65,5,3252.8,118,7,3252.7,74,3,3252.6,324,8,3254.5,100,4,3254.6,13,1,3254.7,17,1,3254.8,76,2,3254.9,221,2
11536,2025-12-30 14:13:48+05:30,3254.5,3,3253.41,1487306,103289.0,123254.0,3250.0,3267.5,3239.8,3251.5,46909275,3576.6,2926.4,4322.95,2866.6,3253.5,3,1,3253.1,29,1,3253.0,118,5,3252.9,49,4,3252.8,347,10,3254.5,155,5,3254.6,39,2,3254.7,33,2,3254.8,76,2,3254.9,240,3
11536,2025-12-30 14:13:49+05:30,3254.5,3,3253.41,1487306,103289.0,123254.0,3250.0,3267.5,3239.8,3251.5,46909275,3576.6,2926.4,4322.95,2866.6,3253.5,3,1,3253.1,29,1,3253.0,118,5,3252.9,49,4,3252.8,347,10,3254.5,155,5,3254.6,39,2,3254.7,33,2,3254.8,76,2,3254.9,240,3
11536,2025-12-30 14:13:49+05:30,3253.5,1,3253.41,1487355,103350.0,123231.0,3250.0,3267.5,3239.8,3251.5,46909275,3576.6,2926.4,4322.95,2866.6,3253.5,1,1,3253.1,29,1,3253.0,126,5,3252.9,49,4,3252.8,374,11,3254.5,85,4,3254.6,79,3,3254.7,33,2,3254.8,76,2,3254.9,240,3
11536,2025-12-30 14:13:50+05:30,3254.5,2,3253.41,1487355,103350.0,123231.0,3250.0,3267.5,3239.8,3251.5,46909275,3576.6,2926.4,4322.95,2866.6,3253.5,1,1,3253.1,29,1,3253.0,126,5,3252.9,49,4,3252.8,374,11,3254.5,85,4,3254.6,79,3,3254.7,33,2,3254.8,76,2,3254.9,240,3
11536,2025-12-30 14:13:50+05:30,3254.5,2,3253.41,1487357,104207.0,121519.0,3250.0,3267.5,3239.8,3251.5,46909275,3576.6,2926.4,4322.95,2866.6,3253.5,28,2,3253.4,25,1,3253.3,40,2,3253.2,3,1,3253.1,25,2,3254.5,58,3,3254.6,39,2,3254.7,17,1,3254.8,101,3,3254.9,194,2
11536,2025-12-30 14:13:51+05:30,3254.5,3,3253.41,1487360,104213.0,121758.0,3250.0,3267.5,3239.8,3251.5,46909275,3576.6,2926.4,4322.95,2866.6,3253.5,28,2,3253.4,25,1,3253.3,40,2,3253.2,3,1,3253.1,25,2,3254.5,55,3,3254.6,39,2,3254.7,17,1,3254.8,101,3,3254.9,194,2
11536,2025-12-30 14:13:52+05:30,3254.5,3,3253.41,1487360,104213.0,121758.0,3250.0,3267.5,3239.8,3251.5,46909275,3576.6,2926.4,4322.95,2866.6,3253.5,28,2,3253.4,25,1,3253.3,40,2,3253.2,3,1,3253.1,25,2,3254.5,55,3,3254.6,39,2,3254.7,17,1,3254.8,101,3,3254.9,194,2
11536,2025-12-30 14:13:52+05:30,3254.5,3,3253.41,1487360,104212.0,121758.0,3250.0,3267.5,3239.8,3251.5,46909275,3576.6,2926.4,4322.95,2866.6,3253.5,28,2,3253.4,25,1,3253.3,40,2,3253.2,3,1,3253.1,25,2,3254.5,55,3,3254.6,39,2,3254.7,17,1,3254.8,101,3,3254.9,194,2
11536,2025-12-30 14:13:53+05:30,3254.5,3,3253.41,1487360,103125.0,122852.0,3250.0,3267.5,3239.8,3251.5,46909275,3576.6,2926.4,4322.95,2866.6,3253.5,28,2,3253.4,25,1,3253.3,40,2,3253.1,3,1,3253.0,73,3,3254.5,55,3,3254.6,98,4,3254.7,17,1,3254.8,101,3,3254.9,269,4
11536,2025-12-30 14:13:54+05:30,3254.5,3,3253.41,1487360,103136.0,122852.0,3250.0,3267.5,3239.8,3251.5,46909275,3576.6,2926.4,4322.95,2866.6,3253.5,77,3,3253.4,35,2,3253.3,30,1,3253.1,3,1,3253.0,73,3,3254.5,55,3,3254.6,98,4,3254.7,17,1,3254.8,101,3,3254.9,269,4
11536,2025-12-30 14:13:55+05:30,3254.5,1,3253.41,1487360,103136.0,122852.0,3250.0,3267.5,3239.8,3251.5,46909275,3576.6,2926.4,4322.95,2866.6,3253.5,77,3,3253.4,35,2,3253.3,30,1,3253.1,3,1,3253.0,73,3,3254.5,55,3,3254.6,98,4,3254.7,17,1,3254.8,101,3,3254.9,269,4
11536,2025-12-30 14:13:55+05:30,3253.5,1,3253.41,1487363,103537.0,123124.0,3250.0,3267.5,3239.8,3251.5,46909275,3576.6,2926.4,4322.95,2866.6,3253.5,76,2,3253.4,35,2,3253.3,30,1,3253.2,22,2,3253.1,3,1,3254.5,61,4,3254.6,98,4,3254.7,17,1,3254.8,101,3,3254.9,200,2
11536,2025-12-30 14:13:56+05:30,3253.5,1,3253.41,1487363,103537.0,123124.0,3250.0,3267.5,3239.8,3251.5,46909275,3576.6,2926.4,4322.95,2866.6,3253.5,76,2,3253.4,35,2,3253.3,30,1,3253.2,22,2,3253.1,3,1,3254.5,61,4,3254.6,98,4,3254.7,17,1,3254.8,101,3,3254.9,200,2
11536,2025-12-30 14:13:56+05:30,3253.5,1,3253.41,1487363,104393.0,123129.0,3250.0,3267.5,3239.8,3251.5,46909275,3576.6,2926.4,4322.95,2866.6,3253.5,76,2,3253.1,3,1,3253.0,70,2,3252.9,49,4,3252.8,158,9,3254.4,84,4,3254.5,104,6,3254.6,57,2,3254.7,187,3,3254.8,79,3
11536,2025-12-30 14:13:57+05:30,3254.4,4,3253.41,1487363,104393.0,123129.0,3250.0,3267.5,3239.8,3251.5,46909275,3576.6,2926.4,4322.95,2866.6,3253.5,76,2,3253.1,3,1,3253.0,70,2,3252.9,49,4,3252.8,158,9,3254.4,84,4,3254.5,104,6,3254.6,57,2,3254.7,187,3,3254.8,79,3
11536,2025-12-30 14:13:57+05:30,3254.4,3,3253.41,1487380,103995.0,123148.0,3250.0,3267.5,3239.8,3251.5,46909275,3576.6,2926.4,4322.95,2866.6,3253.5,76,2,3253.0,70,2,3252.9,45,3,3252.8,158,9,3252.7,141,5,3254.4,137,8,3254.5,60,4,3254.6,57,2,3254.7,233,5,3254.8,82,4
11536,2025-12-30 14:13:58+05:30,3253.5,2,3253.41,1487380,103995.0,123148.0,3250.0,3267.5,3239.8,3251.5,46909275,3576.6,2926.4,4322.95,2866.6,3253.5,76,2,3253.0,70,2,3252.9,45,3,3252.8,158,9,3252.7,141,5,3254.4,137,8,3254.5,60,4,3254.6,57,2,3254.7,233,5,3254.8,82,4
11536,2025-12-30 14:13:58+05:30,3253.5,3,3253.41,1487385,104367.0,122779.0,3250.0,3267.5,3239.8,3251.5,46909275,3576.6,2926.4,4322.95,2866.6,3253.5,82,3,3253.0,70,2,3252.9,35,2,3252.8,158,9,3252.7,141,5,3254.3,54,3,3254.4,86,5,3254.5,41,3,3254.6,57,2,3254.7,260,6
11536,2025-12-30 14:13:59+05:30,3254.3,3,3253.41,1487385,104367.0,122779.0,3250.0,3267.5,3239.8,3251.5,46909275,3576.6,2926.4,4322.95,2866.6,3253.5,82,3,3253.0,70,2,3252.9,35,2,3252.8,158,9,3252.7,141,5,3254.3,54,3,3254.4,86,5,3254.5,41,3,3254.6,57,2,3254.7,260,6
11536,2025-12-30 14:13:59+05:30,3254.3,3,3253.41,1487513,104284.0,123677.0,3250.0,3267.5,3239.8,3251.5,46909275,3576.6,2926.4,4322.95,2866.6,3253.5,60,2,3253.3,25,1,3253.2,40,2,3253.0,70,2,3252.8,117,8,3254.3,53,4,3254.4,70,3,3254.5,28,2,3254.6,67,2,3254.7,79,5
11536,2025-12-30 14:14:00+05:30,3254.3,3,3253.41,1487513,104999.0,123171.0,3250.0,3267.5,3239.8,3251.5,46909275,3576.6,2926.4,4322.95,2866.6,3253.5,60,2,3253.3,25,1,3253.2,40,2,3253.1,3,1,3253.0,70,2,3254.3,14,1,3254.5,56,3,3254.6,27,1,3254.7,28,2,3254.8,42,1
11536,2025-12-30 14:14:01+05:30,3254.3,2,3253.41,1487513,104999.0,123171.0,3250.0,3267.5,3239.8,3251.5,46909275,3576.6,2926.4,4322.95,2866.6,3253.5,60,2,3253.3,25,1,3253.2,40,2,3253.1,3,1,3253.0,70,2,3254.3,14,1,3254.5,56,3,3254.6,27,1,3254.7,28,2,3254.8,42,1
11536,2025-12-30 14:14:01+05:30,3253.5,1,3253.41,1487516,104898.0,123390.0,3250.0,3267.5,3239.8,3251.5,46909275,3576.6,2926.4,4322.95,2866.6,3253.5,62,3,3253.1,3,1,3253.0,70,2,3252.8,103,6,3252.7,194,8,3254.3,126,5,3254.4,55,2,3254.5,36,2,3254.6,27,1,3254.7,51,3
11536,2025-12-30 14:14:02+05:30,3253.5,1,3253.41,1487516,104898.0,123390.0,3250.0,3267.5,3239.8,3251.5,46909275,3576.6,2926.4,4322.95,2866.6,3253.5,62,3,3253.1,3,1,3253.0,70,2,3252.8,103,6,3252.7,194,8,3254.3,126,5,3254.4,55,2,3254.5,36,2,3254.6,27,1,3254.7,51,3
11536,2025-12-30 14:14:02+05:30,3253.9,3,3253.41,1488577,103799.0,124151.0,3250.0,3267.5,3239.8,3251.5,46909275,3576.6,2926.4,4322.95,2866.6,3252.5,368,9,3252.4,68,2,3252.3,120,5,3252.2,222,4,3252.1,496,8,3253.9,23,2,3254.1,61,2,3254.2,18,1,3254.3,145,5,3254.4,44,2
11536,2025-12-30 14:14:03+05:30,3253.9,3,3253.41,1488577,103799.0,124151.0,3250.0,3267.5,3239.8,3251.5,46909275,3576.6,2926.4,4322.95,2866.6,3252.5,368,9,3252.4,68,2,3252.3,120,5,3252.2,222,4,3252.1,496,8,3253.9,23,2,3254.1,61,2,3254.2,18,1,3254.3,145,5,3254.4,44,2
11536,2025-12-30 14:14:03+05:30,3253.9,3,3253.41,1488577,104256.0,123910.0,3250.0,3267.5,3239.8,3251.5,46909275,3576.6,2926.4,4322.95,2866.6,3253.0,110,2,3252.8,30,2,3252.6,55,3,3252.5,351,8,3252.4,135,5,3253.9,35,3,3254.1,61,2,3254.2,18,1,3254.3,133,4,3254.4,24,1
11536,2025-12-30 14:14:04+05:30,3253.0,3,3253.41,1488577,104256.0,123910.0,3250.0,3267.5,3239.8,3251.5,46909275,3576.6,2926.4,4322.95,2866.6,3253.0,110,2,3252.8,30,2,3252.6,55,3,3252.5,351,8,3252.4,135,5,3253.9,35,3,3254.1,61,2,3254.2,18,1,3254.3,133,4,3254.4,24,1
11536,2025-12-30 14:14:04+05:30,3253.0,3,3253.41,1488626,104573.0,123524.0,3250.0,3267.5,3239.8,3251.5,46909275,3576.6,2926.4,4322.95,2866.6,3253.0,123,3,3252.9,25,1,3252.8,132,8,3252.7,38,3,3252.6,177,2,3254.1,32,2,3254.2,65,3,3254.3,133,4,3254.4,24,1,3254.5,88,4
11536,2025-12-30 14:14:05+05:30,3254.1,1,3253.41,1488626,104573.0,123524.0,3250.0,3267.5,3239.8,3251.5,46909275,3576.6,2926.4,4322.95,2866.6,3253.0,123,3,3252.9,25,1,3252.8,132,8,3252.7,38,3,3252.6,177,2,3254.1,32,2,3254.2,65,3,3254.3,133,4,3254.4,24,1,3254.5,88,4
11536,2025-12-30 14:14:05+05:30,3253.0,1,3253.41,1488628,104876.0,123801.0,3250.0,3267.5,3239.8,3251.5,46909275,3576.6,2926.4,4322.95,2866.6,3253.0,122,3,3252.9,25,1,3252.8,132,8,3252.7,38,3,3252.6,177,2,3254.1,31,2,3254.2,65,3,3254.3,133,4,3254.4,24,1,3254.5,88,4
11536,2025-12-30 14:14:06+05:30,3253.0,1,3253.41,1488628,104876.0,123801.0,3250.0,3267.5,3239.8,3251.5,46909275,3576.6,2926.4,4322.95,2866.6,3253.0,122,3,3252.9,25,1,3252.8,132,8,3252.7,38,3,3252.6,177,2,3254.1,31,2,3254.2,65,3,3254.3,133,4,3254.4,24,1,3254.5,88,4
11536,2025-12-30 14:14:06+05:30,3253.0,1,3253.41,1488630,104913.0,123886.0,3250.0,3267.5,3239.8,3251.5,46909275,3576.6,2926.4,4322.95,2866.6,3253.0,177,5,3252.9,30,1,3252.8,102,7,3252.7,38,3,3252.6,177,2,3254.1,14,1,3254.2,65,3,3254.3,133,4,3254.4,24,1,3254.5,88,4
11536,2025-12-30 14:14:07+05:30,3253.0,1,3253.41,1488630,104913.0,123886.0,3250.0,3267.5,3239.8,3251.5,46909275,3576.6,2926.4,4322.95,2866.6,3253.0,177,5,3252.9,30,1,3252.8,102,7,3252.7,38,3,3252.6,177,2,3254.1,14,1,3254.2,65,3,3254.3,133,4,3254.4,24,1,3254.5,88,4
11536,2025-12-30 14:14:07+05:30,3253.0,1,3253.41,1488630,104895.0,124135.0,3250.0,3267.5,3239.8,3251.5,46909275,3576.6,2926.4,4322.95,2866.6,3253.0,178,6,3252.9,30,1,3252.8,64,4,3252.7,38,3,3252.6,177,2,3253.9,7,1,3254.0,22,2,3254.1,28,2,3254.2,48,2,3254.3,133,4
11536,2025-12-30 14:14:08+05:30,3253.0,1,3253.41,1488630,104769.0,124092.0,3250.0,3267.5,3239.8,3251.5,46909275,3576.6,2926.4,4322.95,2866.6,3253.0,178,6,3252.9,30,1,3252.8,64,4,3252.7,20,3,3252.6,59,2,3253.9,7,1,3254.0,3,1,3254.1,28,2,3254.2,48,2,3254.3,133,4
11536,2025-12-30 14:14:09+05:30,3253.0,1,3253.41,1488630,104273.0,124218.0,3250.0,3267.5,3239.8,3251.5,46909275,3576.6,2926.4,4322.95,2866.6,3253.0,178,6,3252.9,30,1,3252.8,46,3,3252.7,20,3,3252.6,57,2,3253.9,7,1,3254.0,22,2,3254.1,56,3,3254.2,48,2,3254.3,133,4
11536,2025-12-30 14:14:10+05:30,3253.0,1,3253.41,1488630,104214.0,124213.0,3250.0,3267.5,3239.8,3251.5,46909275,3576.6,2926.4,4322.95,2866.6,3253.0,225,8,3252.9,30,1,3252.8,67,4,3252.7,20,3,3252.6,31,2,3253.9,7,1,3254.0,22,2,3254.1,56,3,3254.2,48,2,3254.3,133,4
11536,2025-12-30 14:14:12+05:30,3253.0,1,3253.41,1488633,104430.0,124185.0,3250.0,3267.5,3239.8,3251.5,46909275,3576.6,2926.4,4322.95,2866.6,3253.0,189,6,3252.8,46,3,3252.7,17,2,3252.6,80,3,3252.5,259,5,3253.9,84,5,3254.0,28,2,3254.1,72,3,3254.2,18,1,3254.3,91,3
11536,2025-12-30 14:14:12+05:30,3253.0,1,3253.41,1488633,104430.0,124185.0,3250.0,3267.5,3239.8,3251.5,46909275,3576.6,2926.4,4322.95,2866.6,3253.0,189,6,3252.8,46,3,3252.7,17,2,3252.6,80,3,3252.5,259,5,3253.9,84,5,3254.0,28,2,3254.1,72,3,3254.2,18,1,3254.3,91,3
11536,2025-12-30 14:14:13+05:30,3253.0,1,3253.41,1488641,104296.0,123999.0,3250.0,3267.5,3239.8,3251.5,46909275,3576.6,2926.4,4322.95,2866.6,3253.0,186,5,3252.8,46,3,3252.7,17,2,3252.6,82,3,3252.5,259,5,3253.9,105,6,3254.0,28,2,3254.1,72,2,3254.2,18,1,3254.3,91,3
11536,2025-12-30 14:14:13+05:30,3253.0,1,3253.41,1488641,104296.0,123999.0,3250.0,3267.5,3239.8,3251.5,46909275,3576.6,2926.4,4322.95,2866.6,3253.0,186,5,3252.8,46,3,3252.7,17,2,3252.6,82,3,3252.5,259,5,3253.9,105,6,3254.0,28,2,3254.1,72,2,3254.2,18,1,3254.3,91,3
11536,2025-12-30 14:14:14+05:30,3253.0,1,3253.41,1488641,104296.0,124020.0,3250.0,3267.5,3239.8,3251.5,46909275,3576.6,2926.4,4322.95,2866.6,3253.0,186,5,3252.8,46,3,3252.7,17,2,3252.6,82,3,3252.5,259,5,3253.9,105,6,3254.0,28,2,3254.1,72,2,3254.2,18,1,3254.3,91,3
11536,2025-12-30 14:14:15+05:30,3253.0,1,3253.41,1488641,104569.0,124020.0,3250.0,3267.5,3239.8,3251.5,46909275,3576.6,2926.4,4322.95,2866.6,3253.0,186,5,3252.8,46,3,3252.7,17,2,3252.6,82,3,3252.5,259,5,3253.9,105,6,3254.0,28,2,3254.1,72,2,3254.2,18,1,3254.3,91,3
11536,2025-12-30 14:14:15+05:30,3253.9,1,3253.41,1488641,104569.0,124020.0,3250.0,3267.5,3239.8,3251.5,46909275,3576.6,2926.4,4322.95,2866.6,3253.0,186,5,3252.8,46,3,3252.7,17,2,3252.6,82,3,3252.5,259,5,3253.9,105,6,3254.0,28,2,3254.1,72,2,3254.2,18,1,3254.3,91,3
11536,2025-12-30 14:14:16+05:30,3253.9,1,3253.41,1488642,104636.0,124011.0,3250.0,3267.5,3239.8,3251.5,46909275,3576.6,2926.4,4322.95,2866.6,3253.0,187,6,3252.8,71,4,3252.7,47,3,3252.6,82,3,3252.5,259,5,3253.9,96,5,3254.0,3,1,3254.1,72,2,3254.2,18,1,3254.3,116,4
11536,2025-12-30 14:14:16+05:30,3253.9,1,3253.41,1488642,104636.0,124011.0,3250.0,3267.5,3239.8,3251.5,46909275,3576.6,2926.4,4322.95,2866.6,3253.0,187,6,3252.8,71,4,3252.7,47,3,3252.6,82,3,3252.5,259,5,3253.9,96,5,3254.0,3,1,3254.1,72,2,3254.2,18,1,3254.3,116,4
11536,2025-12-30 14:14:17+05:30,3253.9,1,3253.41,1488643,104636.0,124010.0,3250.0,3267.5,3239.8,3251.5,46909275,3576.6,2926.4,4322.95,2866.6,3253.0,187,6,3252.8,71,4,3252.7,47,3,3252.6,82,3,3252.5,259,5,3253.9,95,5,3254.0,3,1,3254.1,72,2,3254.2,18,1,3254.3,116,4
11536,2025-12-30 14:14:18+05:30,3253.9,3,3253.41,1489707,103575.0,124435.0,3250.0,3267.5,3239.8,3251.5,46909275,3576.6,2926.4,4322.95,2866.6,3252.6,109,8,3252.5,271,6,3252.4,3,1,3252.3,50,3,3252.2,60,2,3253.9,90,5,3254.0,30,2,3254.2,41,2,3254.3,53,2,3254.4,45,3
11536,2025-12-30 14:14:18+05:30,3253.9,3,3253.41,1489707,103575.0,124435.0,3250.0,3267.5,3239.8,3251.5,46909275,3576.6,2926.4,4322.95,2866.6,3252.6,109,8,3252.5,271,6,3252.4,3,1,3252.3,50,3,3252.2,60,2,3253.9,90,5,3254.0,30,2,3254.2,41,2,3254.3,53,2,3254.4,45,3
11536,2025-12-30 14:14:19+05:30,3252.6,1,3253.41,1489708,104243.0,124335.0,3250.0,3267.5,3239.8,3251.5,46909275,3576.6,2926.4,4322.95,2866.6,3253.0,6,1,3252.8,57,4,3252.6,113,8,3252.5,257,6,3252.4,24,2,3253.9,90,5,3254.0,60,3,3254.1,55,2,3254.2,41,2,3254.3,53,2
11536,2025-12-30 14:14:19+05:30,3252.6,1,3253.41,1489708,104243.0,124335.0,3250.0,3267.5,3239.8,3251.5,46909275,3576.6,2926.4,4322.95,2866.6,3253.0,6,1,3252.8,57,4,3252.6,113,8,3252.5,257,6,3252.4,24,2,3253.9,90,5,3254.0,60,3,3254.1,55,2,3254.2,41,2,3254.3,53,2
11536,2025-12-30 14:14:20+05:30,3253.9,4,3253.41,1489755,104427.0,124295.0,3250.0,3267.5,3239.8,3251.5,46909275,3576.6,2926.4,4322.95,2866.6,3253.0,7,2,3252.8,57,4,3252.6,113,8,3252.5,257,6,3252.4,24,2,3253.9,43,3,3254.0,60,3,3254.1,55,2,3254.2,41,2,3254.3,53,2
11536,2025-12-30 14:14:20+05:30,3253.9,4,3253.41,1489755,104427.0,124295.0,3250.0,3267.5,3239.8,3251.5,46909275,3576.6,2926.4,4322.95,2866.6,3253.0,7,2,3252.8,57,4,3252.6,113,8,3252.5,257,6,3252.4,24,2,3253.9,43,3,3254.0,60,3,3254.1,55,2,3254.2,41,2,3254.3,53,2
11536,2025-12-30 14:14:21+05:30,3253.9,4,3253.41,1489755,104471.0,124406.0,3250.0,3267.5,3239.8,3251.5,46909275,3576.6,2926.4,4322.95,2866.6,3253.0,7,2,3252.8,82,5,3252.7,68,2,3252.6,73,6,3252.5,257,6,3253.9,30,2,3254.0,60,3,3254.1,55,2,3254.2,41,2,3254.3,53,2
11536,2025-12-30 14:14:22+05:30,3253.9,210,3253.41,1489995,104155.0,124339.0,3250.0,3267.5,3239.8,3251.5,46909275,3576.6,2926.4,4322.95,2866.6,3253.0,7,2,3252.6,66,3,3252.5,270,5,3252.4,38,2,3252.3,98,4,3254.0,38,3,3254.1,42,1,3254.2,43,2,3254.3,99,2,3254.4,81,4
11536,2025-12-30 14:14:22+05:30,3253.9,210,3253.41,1489995,104155.0,124339.0,3250.0,3267.5,3239.8,3251.5,46909275,3576.6,2926.4,4322.95,2866.6,3253.0,7,2,3252.6,66,3,3252.5,270,5,3252.4,38,2,3252.3,98,4,3254.0,38,3,3254.1,42,1,3254.2,43,2,3254.3,99,2,3254.4,81,4
11536,2025-12-30 14:14:23+05:30,3254.0,2,3253.41,1489997,104151.0,124317.0,3250.0,3267.5,3239.8,3251.5,46909275,3576.6,2926.4,4322.95,2866.6,3253.0,7,2,3252.6,66,3,3252.5,270,5,3252.4,38,2,3252.3,98,4,3254.0,36,3,3254.1,42,1,3254.2,43,2,3254.3,99,2,3254.4,104,5
11536,2025-12-30 14:14:23+05:30,3254.0,2,3253.41,1489997,104151.0,124317.0,3250.0,3267.5,3239.8,3251.5,46909275,3576.6,2926.4,4322.95,2866.6,3253.0,7,2,3252.6,66,3,3252.5,270,5,3252.4,38,2,3252.3,98,4,3254.0,36,3,3254.1,42,1,3254.2,43,2,3254.3,99,2,3254.4,104,5
11536,2025-12-30 14:14:24+05:30,3253.0,1,3253.41,1489998,104101.0,124365.0,3250.0,3267.5,3239.8,3251.5,46909275,3576.6,2926.4,4322.95,2866.6,3253.0,6,2,3252.6,66,3,3252.5,294,7,3252.4,38,2,3252.3,251,4,3253.9,75,4,3254.0,41,3,3254.1,84,2,3254.2,43,2,3254.3,99,2
11536,2025-12-30 14:14:24+05:30,3253.0,1,3253.41,1489998,104101.0,124365.0,3250.0,3267.5,3239.8,3251.5,46909275,3576.6,2926.4,4322.95,2866.6,3253.0,6,2,3252.6,66,3,3252.5,294,7,3252.4,38,2,3252.3,251,4,3253.9,75,4,3254.0,41,3,3254.1,84,2,3254.2,43,2,3254.3,99,2
11536,2025-12-30 14:14:25+05:30,3253.9,1,3253.41,1489999,104115.0,124436.0,3250.0,3267.5,3239.8,3251.5,46909275,3576.6,2926.4,4322.95,2866.6,3253.0,6,2,3252.6,74,4,3252.5,294,7,3252.4,38,2,3252.3,251,4,3253.9,74,4,3254.0,41,3,3254.1,84,2,3254.2,54,3,3254.3,99,2
11536,2025-12-30 14:14:25+05:30,3253.9,1,3253.41,1489999,104115.0,124436.0,3250.0,3267.5,3239.8,3251.5,46909275,3576.6,2926.4,4322.95,2866.6,3253.0,6,2,3252.6,74,4,3252.5,294,7,3252.4,38,2,3252.3,251,4,3253.9,74,4,3254.0,41,3,3254.1,84,2,3254.2,54,3,3254.3,99,2
11536,2025-12-30 14:14:26+05:30,3253.9,1,3253.41,1489999,104211.0,124534.0,3250.0,3267.5,3239.8,3251.5,46909275,3576.6,2926.4,4322.95,2866.6,3253.0,53,3,3252.8,23,1,3252.7,30,1,3252.6,74,4,3252.5,273,6,3253.9,64,3,3254.0,1,1,3254.1,84,2,3254.2,72,4,3254.3,99,2
11536,2025-12-30 14:14:27+05:30,3253.9,1,3253.41,1489999,104238.0,124656.0,3250.0,3267.5,3239.8,3251.5,46909275,3576.6,2926.4,4322.95,2866.6,3253.0,55,4,3252.8,48,2,3252.7,30,1,3252.6,74,4,3252.5,273,6,3253.9,29,1,3254.0,1,1,3254.1,42,1,3254.2,79,4,3254.3,99,2
11536,2025-12-30 14:14:28+05:30,3253.0,3,3253.41,1489999,104238.0,124656.0,3250.0,3267.5,3239.8,3251.5,46909275,3576.6,2926.4,4322.95,2866.6,3253.0,55,4,3252.8,48,2,3252.7,30,1,3252.6,74,4,3252.5,273,6,3253.9,29,1,3254.0,1,1,3254.1,42,1,3254.2,79,4,3254.3,99,2
11536,2025-12-30 14:14:28+05:30,3253.9,1,3253.41,1490006,104253.0,124688.0,3250.0,3267.5,3239.8,3251.5,46909275,3576.6,2926.4,4322.95,2866.6,3253.0,52,4,3252.8,48,2,3252.7,30,1,3252.6,74,4,3252.5,273,6,3253.9,39,2,3254.0,11,2,3254.1,67,2,3254.2,30,2,3254.3,99,2
11536,2025-12-30 14:14:29+05:30,3253.9,1,3253.41,1490006,104253.0,124688.0,3250.0,3267.5,3239.8,3251.5,46909275,3576.6,2926.4,4322.95,2866.6,3253.0,52,4,3252.8,48,2,3252.7,30,1,3252.6,74,4,3252.5,273,6,3253.9,39,2,3254.0,11,2,3254.1,67,2,3254.2,30,2,3254.3,99,2
11536,2025-12-30 14:14:29+05:30,3253.0,1,3253.41,1490007,104229.0,124698.0,3250.0,3267.5,3239.8,3251.5,46909275,3576.6,2926.4,4322.95,2866.6,3253.0,51,4,3252.7,30,1,3252.6,74,4,3252.5,298,7,3252.4,213,3,3253.9,39,2,3254.0,36,3,3254.1,42,1,3254.2,30,2,3254.3,99,2
11536,2025-12-30 14:14:30+05:30,3253.0,1,3253.41,1490007,104229.0,124698.0,3250.0,3267.5,3239.8,3251.5,46909275,3576.6,2926.4,4322.95,2866.6,3253.0,51,4,3252.7,30,1,3252.6,74,4,3252.5,298,7,3252.4,213,3,3253.9,39,2,3254.0,36,3,3254.1,42,1,3254.2,30,2,3254.3,99,2
11536,2025-12-30 14:14:30+05:30,3253.0,1,3253.41,1490007,104204.0,124632.0,3250.0,3267.5,3239.8,3251.5,46909275,3576.6,2926.4,4322.95,2866.6,3253.0,51,4,3252.7,30,1,3252.6,24,2,3252.5,298,7,3252.4,127,5,3253.9,49,3,3254.0,36,3,3254.1,84,2,3254.2,58,3,3254.3,99,2
11536,2025-12-30 14:14:31+05:30,3253.9,1,3253.41,1490007,104204.0,124632.0,3250.0,3267.5,3239.8,3251.5,46909275,3576.6,2926.4,4322.95,2866.6,3253.0,51,4,3252.7,30,1,3252.6,24,2,3252.5,298,7,3252.4,127,5,3253.9,49,3,3254.0,36,3,3254.1,84,2,3254.2,58,3,3254.3,99,2
11536,2025-12-30 14:14:31+05:30,3253.9,2,3253.41,1490021,104157.0,124117.0,3250.0,3267.5,3239.8,3251.5,46909275,3576.6,2926.4,4322.95,2866.6,3253.0,51,4,3252.8,46,2,3252.7,30,1,3252.6,24,2,3252.5,298,7,3253.9,55,3,3254.0,11,2,3254.1,42,1,3254.2,84,4,3254.3,99,2
11536,2025-12-30 14:14:32+05:30,3253.9,2,3253.41,1490021,104157.0,124117.0,3250.0,3267.5,3239.8,3251.5,46909275,3576.6,2926.4,4322.95,2866.6,3253.0,51,4,3252.8,46,2,3252.7,30,1,3252.6,24,2,3252.5,298,7,3253.9,55,3,3254.0,11,2,3254.1,42,1,3254.2,84,4,3254.3,99,2
11536,2025-12-30 14:14:32+05:30,3252.5,9,3253.41,1491079,103436.0,125125.0,3250.0,3267.5,3239.8,3251.5,46909275,3576.6,2926.4,4322.95,2866.6,3252.7,10,1,3252.6,85,3,3252.5,111,7,3252.4,64,2,3252.3,91,4,3253.9,73,3,3254.0,82,4,3254.2,72,2,3254.3,42,1,3254.4,51,2
11536,2025-12-30 14:14:33+05:30,3252.5,9,3253.41,1491079,103436.0,125125.0,3250.0,3267.5,3239.8,3251.5,46909275,3576.6,2926.4,4322.95,2866.6,3252.7,10,1,3252.6,85,3,3252.5,111,7,3252.4,64,2,3252.3,91,4,3253.9,73,3,3254.0,82,4,3254.2,72,2,3254.3,42,1,3254.4,51,2
11536,2025-12-30 14:14:33+05:30,3252.5,9,3253.41,1491079,101981.0,124027.0,3250.0,3267.5,3239.8,3251.5,46909275,3576.6,2926.4,4322.95,2866.6,3252.7,60,5,3252.6,90,3,3252.5,64,5,3252.4,233,4,3252.3,132,6,3253.9,44,2,3254.0,1,1,3254.3,42,1,3254.4,5,1,3254.5,63,3
11536,2025-12-30 14:14:34+05:30,3252.7,1,3253.41,1491079,101981.0,124027.0,3250.0,3267.5,3239.8,3251.5,46909275,3576.6,2926.4,4322.95,2866.6,3252.7,60,5,3252.6,90,3,3252.5,64,5,3252.4,233,4,3252.3,132,6,3253.9,44,2,3254.0,1,1,3254.3,42,1,3254.4,5,1,3254.5,63,3
11536,2025-12-30 14:14:34+05:30,3253.9,3,3253.41,1491127,101839.0,124812.0,3250.0,3267.5,3239.8,3251.5,46909275,3576.6,2926.4,4322.95,2866.6,3252.8,39,2,3252.7,1,1,3252.6,60,2,3252.5,72,5,3252.4,235,5,3253.9,39,2,3254.0,57,3,3254.1,37,2,3254.2,33,1,3254.3,42,1
11536,2025-12-30 14:14:35+05:30,3253.9,1,3253.41,1491127,101839.0,124812.0,3250.0,3267.5,3239.8,3251.5,46909275,3576.6,2926.4,4322.95,2866.6,3252.8,39,2,3252.7,1,1,3252.6,60,2,3252.5,72,5,3252.4,235,5,3253.9,39,2,3254.0,57,3,3254.1,37,2,3254.2,33,1,3254.3,42,1
11536,2025-12-30 14:14:35+05:30,3252.8,1,3253.41,1491130,102260.0,124851.0,3250.0,3267.5,3239.8,3251.5,46909275,3576.6,2926.4,4322.95,2866.6,3252.8,114,4,3252.7,1,1,3252.6,60,2,3252.5,46,4,3252.4,236,6,3254.0,46,3,3254.1,26,1,3254.2,44,2,3254.3,68,2,3254.4,101,6
11536,2025-12-30 14:14:36+05:30,3252.8,1,3253.41,1491130,102260.0,124851.0,3250.0,3267.5,3239.8,3251.5,46909275,3576.6,2926.4,4322.95,2866.6,3252.8,114,4,3252.7,1,1,3252.6,60,2,3252.5,46,4,3252.4,236,6,3254.0,46,3,3254.1,26,1,3254.2,44,2,3254.3,68,2,3254.4,101,6
11536,2025-12-30 14:14:37+05:30,3254.0,10,3253.41,1491265,102943.0,124263.0,3250.0,3267.5,3239.8,3251.5,46909275,3576.6,2926.4,4322.95,2866.6,3252.9,77,4,3252.8,93,3,3252.7,1,1,3252.6,216,3,3252.5,249,7,3254.2,47,2,3254.3,65,2,3254.4,54,4,3254.5,36,2,3254.6,177,3
11536,2025-12-30 14:14:37+05:30,3254.0,10,3253.41,1491265,102943.0,124263.0,3250.0,3267.5,3239.8,3251.5,46909275,3576.6,2926.4,4322.95,2866.6,3252.9,77,4,3252.8,93,3,3252.7,1,1,3252.6,216,3,3252.5,249,7,3254.2,47,2,3254.3,65,2,3254.4,54,4,3254.5,36,2,3254.6,177,3
11536,2025-12-30 14:14:37+05:30,3254.0,1,3253.41,1491269,102453.0,123982.0,3250.0,3267.5,3239.8,3251.5,46909275,3576.6,2926.4,4322.95,2866.6,3253.0,13,2,3252.9,19,1,3252.8,71,2,3252.7,1,1,3252.6,60,2,3254.1,62,2,3254.2,68,3,3254.3,78,3,3254.4,35,3,3254.5,105,4
11536,2025-12-30 14:14:38+05:30,3254.0,1,3253.41,1491269,102453.0,123982.0,3250.0,3267.5,3239.8,3251.5,46909275,3576.6,2926.4,4322.95,2866.6,3253.0,13,2,3252.9,19,1,3252.8,71,2,3252.7,1,1,3252.6,60,2,3254.1,62,2,3254.2,68,3,3254.3,78,3,3254.4,35,3,3254.5,105,4
11536,2025-12-30 14:14:38+05:30,3254.1,1,3253.41,1491273,102459.0,124025.0,3250.0,3267.5,3239.8,3251.5,46909275,3576.6,2926.4,4322.95,2866.6,3253.0,13,2,3252.9,19,1,3252.8,71,2,3252.7,1,1,3252.6,60,2,3254.1,58,2,3254.2,68,3,3254.3,78,3,3254.4,35,3,3254.5,128,5
11536,2025-12-30 14:14:39+05:30,3254.1,1,3253.41,1491273,102459.0,124025.0,3250.0,3267.5,3239.8,3251.5,46909275,3576.6,2926.4,4322.95,2866.6,3253.0,13,2,3252.9,19,1,3252.8,71,2,3252.7,1,1,3252.6,60,2,3254.1,58,2,3254.2,68,3,3254.3,78,3,3254.4,35,3,3254.5,128,5
11536,2025-12-30 14:14:39+05:30,3254.1,1,3253.41,1491273,102459.0,124025.0,3250.0,3267.5,3239.8,3251.5,46909275,3576.6,2926.4,4322.95,2866.6,3253.0,13,2,3252.9,19,1,3252.8,71,2,3252.7,1,1,3252.6,60,2,3254.1,58,2,3254.2,68,3,3254.3,78,3,3254.4,35,3,3254.5,128,5
11536,2025-12-30 14:14:40+05:30,3254.1,1,3253.41,1491273,103640.0,123251.0,3250.0,3267.5,3239.8,3251.5,46909275,3576.6,2926.4,4322.95,2866.6,3254.1,1,1,3253.2,22,1,3253.1,55,3,3253.0,238,4,3252.9,248,4,3254.2,51,2,3254.3,68,2,3254.4,12,2,3254.5,59,3,3254.6,48,2
11536,2025-12-30 14:14:40+05:30,3254.1,1,3253.41,1491273,103640.0,123251.0,3250.0,3267.5,3239.8,3251.5,46909275,3576.6,2926.4,4322.95,2866.6,3254.1,1,1,3253.2,22,1,3253.1,55,3,3253.0,238,4,3252.9,248,4,3254.2,51,2,3254.3,68,2,3254.4,12,2,3254.5,59,3,3254.6,48,2
11536,2025-12-30 14:14:40+05:30,3254.1,1,3253.41,1491273,103640.0,123251.0,3250.0,3267.5,3239.8,3251.5,46909275,3576.6,2926.4,4322.95,2866.6,3254.1,1,1,3253.2,22,1,3253.1,55,3,3253.0,238,4,3252.9,248,4,3254.2,51,2,3254.3,68,2,3254.4,12,2,3254.5,59,3,3254.6,48,2
11536,2025-12-30 14:14:41+05:30,3252.9,1,3253.41,1491275,102967.0,124015.0,3250.0,3267.5,3239.8,3251.5,46909275,3576.6,2926.4,4322.95,2866.6,3252.9,55,3,3252.8,74,3,3252.7,6,2,3252.6,61,2,3252.5,267,7,3254.2,28,1,3254.3,86,3,3254.4,48,4,3254.5,68,4,3254.6,75,3
11536,2025-12-30 14:14:41+05:30,3252.9,1,3253.41,1491275,102967.0,124015.0,3250.0,3267.5,3239.8,3251.5,46909275,3576.6,2926.4,4322.95,2866.6,3252.9,55,3,3252.8,74,3,3252.7,6,2,3252.6,61,2,3252.5,267,7,3254.2,28,1,3254.3,86,3,3254.4,48,4,3254.5,68,4,3254.6,75,3
11536,2025-12-30 14:14:41+05:30,3252.9,1,3253.41,1491275,102967.0,124015.0,3250.0,3267.5,3239.8,3251.5,46909275,3576.6,2926.4,4322.95,2866.6,3252.9,55,3,3252.8,74,3,3252.7,6,2,3252.6,61,2,3252.5,267,7,3254.2,28,1,3254.3,86,3,3254.4,48,4,3254.5,68,4,3254.6,75,3
11536,2025-12-30 14:14:42+05:30,3252.9,1,3253.41,1491275,102751.0,125012.0,3250.0,3267.5,3239.8,3251.5,46909275,3576.6,2926.4,4322.95,2866.6,3252.9,69,2,3252.8,79,3,3252.7,14,3,3252.6,51,2,3252.5,92,6,3254.0,7,2,3254.2,84,3,3254.3,30,1,3254.4,129,6,3254.5,141,6
11536,2025-12-30 14:14:42+05:30,3252.9,1,3253.41,1491275,102751.0,125012.0,3250.0,3267.5,3239.8,3251.5,46909275,3576.6,2926.4,4322.95,2866.6,3252.9,69,2,3252.8,79,3,3252.7,14,3,3252.6,51,2,3252.5,92,6,3254.0,7,2,3254.2,84,3,3254.3,30,1,3254.4,129,6,3254.5,141,6
11536,2025-12-30 14:14:43+05:30,3252.9,1,3253.41,1491280,101802.0,125315.0,3250.0,3267.5,3239.8,3251.5,46909275,3576.6,2926.4,4322.95,2866.6,3252.9,58,1,3252.8,50,1,3252.7,6,2,3252.6,21,1,3252.5,92,6,3253.9,40,3,3254.0,33,2,3254.1,51,3,3254.2,28,1,3254.3,30,1
11536,2025-12-30 14:14:43+05:30,3252.9,1,3253.41,1491280,101802.0,125315.0,3250.0,3267.5,3239.8,3251.5,46909275,3576.6,2926.4,4322.95,2866.6,3252.9,58,1,3252.8,50,1,3252.7,6,2,3252.6,21,1,3252.5,92,6,3253.9,40,3,3254.0,33,2,3254.1,51,3,3254.2,28,1,3254.3,30,1
11536,2025-12-30 14:14:43+05:30,3252.9,1,3253.41,1491280,101802.0,125315.0,3250.0,3267.5,3239.8,3251.5,46909275,3576.6,2926.4,4322.95,2866.6,3252.9,58,1,3252.8,50,1,3252.7,6,2,3252.6,21,1,3252.5,92,6,3253.9,40,3,3254.0,33,2,3254.1,51,3,3254.2,28,1,3254.3,30,1
11536,2025-12-30 14:14:44+05:30,3252.9,1,3253.41,1491280,98985.0,125701.0,3250.0,3267.5,3239.8,3251.5,46909275,3576.6,2926.4,4322.95,2866.6,3252.9,58,1,3252.8,50,1,3252.7,6,2,3252.6,21,1,3252.5,49,5,3253.9,80,5,3254.0,17,2,3254.1,31,2,3254.2,51,3,3254.3,137,3
11536,2025-12-30 14:14:44+05:30,3252.9,1,3253.41,1491280,98985.0,125701.0,3250.0,3267.5,3239.8,3251.5,46909275,3576.6,2926.4,4322.95,2866.6,3252.9,58,1,3252.8,50,1,3252.7,6,2,3252.6,21,1,3252.5,49,5,3253.9,80,5,3254.0,17,2,3254.1,31,2,3254.2,51,3,3254.3,137,3
11536,2025-12-30 14:14:45+05:30,3253.8,1,3253.41,1491281,102130.0,125682.0,3250.0,3267.5,3239.8,3251.5,46909275,3576.6,2926.4,4322.95,2866.6,3252.9,58,1,3252.8,50,1,3252.7,6,2,3252.6,21,1,3252.5,49,5,3253.8,67,3,3253.9,24,3,3254.0,17,2,3254.1,52,3,3254.2,30,2
11536,2025-12-30 14:14:45+05:30,3253.8,1,3253.41,1491281,102130.0,125682.0,3250.0,3267.5,3239.8,3251.5,46909275,3576.6,2926.4,4322.95,2866.6,3252.9,58,1,3252.8,50,1,3252.7,6,2,3252.6,21,1,3252.5,49,5,3253.8,67,3,3253.9,24,3,3254.0,17,2,3254.1,52,3,3254.2,30,2
11536,2025-12-30 14:14:45+05:30,3253.8,1,3253.41,1491281,102130.0,125682.0,3250.0,3267.5,3239.8,3251.5,46909275,3576.6,2926.4,4322.95,2866.6,3252.9,58,1,3252.8,50,1,3252.7,6,2,3252.6,21,1,3252.5,49,5,3253.8,67,3,3253.9,24,3,3254.0,17,2,3254.1,52,3,3254.2,30,2
11536,2025-12-30 14:14:46+05:30,3253.8,1,3253.41,1491281,102137.0,125702.0,3250.0,3267.5,3239.8,3251.5,46909275,3576.6,2926.4,4322.95,2866.6,3252.9,58,1,3252.8,50,1,3252.7,6,2,3252.6,21,1,3252.5,56,6,3253.8,67,3,3253.9,24,3,3254.0,17,2,3254.1,52,3,3254.2,30,2
11536,2025-12-30 14:14:46+05:30,3253.8,2,3253.41,1491281,102137.0,125702.0,3250.0,3267.5,3239.8,3251.5,46909275,3576.6,2926.4,4322.95,2866.6,3252.9,58,1,3252.8,50,1,3252.7,6,2,3252.6,21,1,3252.5,56,6,3253.8,67,3,3253.9,24,3,3254.0,17,2,3254.1,52,3,3254.2,30,2
11536,2025-12-30 14:14:46+05:30,3253.8,2,3253.41,1491281,102137.0,125702.0,3250.0,3267.5,3239.8,3251.5,46909275,3576.6,2926.4,4322.95,2866.6,3252.9,58,1,3252.8,50,1,3252.7,6,2,3252.6,21,1,3252.5,56,6,3253.8,67,3,3253.9,24,3,3254.0,17,2,3254.1,52,3,3254.2,30,2
11536,2025-12-30 14:14:47+05:30,3253.8,2,3253.41,1491281,102137.0,125702.0,3250.0,3267.5,3239.8,3251.5,46909275,3576.6,2926.4,4322.95,2866.6,3252.9,58,1,3252.8,50,1,3252.7,6,2,3252.6,21,1,3252.5,56,6,3253.8,67,3,3253.9,24,3,3254.0,17,2,3254.1,52,3,3254.2,30,2
11536,2025-12-30 14:14:47+05:30,3252.9,1,3253.41,1491284,101971.0,125727.0,3250.0,3267.5,3239.8,3251.5,46909275,3576.6,2926.4,4322.95,2866.6,3252.9,57,1,3252.8,50,1,3252.7,9,3,3252.6,21,1,3252.5,49,5,3253.8,54,2,3253.9,24,3,3254.0,14,1,3254.1,11,1,3254.2,91,3
11536,2025-12-30 14:14:47+05:30,3252.9,1,3253.41,1491284,101971.0,125727.0,3250.0,3267.5,3239.8,3251.5,46909275,3576.6,2926.4,4322.95,2866.6,3252.9,57,1,3252.8,50,1,3252.7,9,3,3252.6,21,1,3252.5,49,5,3253.8,54,2,3253.9,24,3,3254.0,14,1,3254.1,11,1,3254.2,91,3
11536,2025-12-30 14:14:47+05:30,3252.9,1,3253.41,1491284,101971.0,125727.0,3250.0,3267.5,3239.8,3251.5,46909275,3576.6,2926.4,4322.95,2866.6,3252.9,57,1,3252.8,50,1,3252.7,9,3,3252.6,21,1,3252.5,49,5,3253.8,54,2,3253.9,24,3,3254.0,14,1,3254.1,11,1,3254.2,91,3
11536,2025-12-30 14:14:48+05:30,3252.5,3,3253.41,1491652,100639.0,127321.0,3250.0,3267.5,3239.8,3251.5,46909275,3576.6,2926.4,4322.95,2866.6,3252.4,16,3,3252.3,13,1,3252.1,26,2,3252.0,336,10,3251.9,30,1,3252.5,58,1,3253.2,2,1,3253.4,2,1,3253.6,77,4,3253.7,88,2
11536,2025-12-30 14:14:48+05:30,3252.5,3,3253.41,1491652,100639.0,127321.0,3250.0,3267.5,3239.8,3251.5,46909275,3576.6,2926.4,4322.95,2866.6,3252.4,16,3,3252.3,13,1,3252.1,26,2,3252.0,336,10,3251.9,30,1,3252.5,58,1,3253.2,2,1,3253.4,2,1,3253.6,77,4,3253.7,88,2
11536,2025-12-30 14:14:48+05:30,3252.5,3,3253.41,1491652,100639.0,127321.0,3250.0,3267.5,3239.8,3251.5,46909275,3576.6,2926.4,4322.95,2866.6,3252.4,16,3,3252.3,13,1,3252.1,26,2,3252.0,336,10,3251.9,30,1,3252.5,58,1,3253.2,2,1,3253.4,2,1,3253.6,77,4,3253.7,88,2
11536,2025-12-30 14:14:49+05:30,3252.5,3,3253.41,1491652,100532.0,127170.0,3250.0,3267.5,3239.8,3251.5,46909275,3576.6,2926.4,4322.95,2866.6,3252.4,18,4,3252.3,188,2,3252.1,229,5,3252.0,165,9,3251.8,27,2,3252.5,58,1,3253.2,2,1,3253.4,2,1,3253.6,77,4,3253.7,88,2
11536,2025-12-30 14:14:50+05:30,3252.5,3,3253.41,1491652,100532.0,127170.0,3250.0,3267.5,3239.8,3251.5,46909275,3576.6,2926.4,4322.95,2866.6,3252.4,18,4,3252.3,188,2,3252.1,229,5,3252.0,165,9,3251.8,27,2,3252.5,58,1,3253.2,2,1,3253.4,2,1,3253.6,77,4,3253.7,88,2
11536,2025-12-30 14:14:50+05:30,3252.5,47,3253.41,1491699,100537.0,127085.0,3250.0,3267.5,3239.8,3251.5,46909275,3576.6,2926.4,4322.95,2866.6,3252.4,18,4,3252.3,188,2,3252.1,229,5,3252.0,165,9,3251.8,27,2,3252.5,56,3,3253.1,14,1,3253.2,16,2,3253.4,2,1,3253.6,77,4
11536,2025-12-30 14:14:50+05:30,3252.5,47,3253.41,1491699,100537.0,127085.0,3250.0,3267.5,3239.8,3251.5,46909275,3576.6,2926.4,4322.95,2866.6,3252.4,18,4,3252.3,188,2,3252.1,229,5,3252.0,165,9,3251.8,27,2,3252.5,56,3,3253.1,14,1,3253.2,16,2,3253.4,2,1,3253.6,77,4
11536,2025-12-30 14:14:51+05:30,3252.3,5,3253.41,1491843,100429.0,126946.0,3250.0,3267.5,3239.8,3251.5,46909275,3576.6,2926.4,4322.95,2866.6,3252.3,9,2,3252.2,22,1,3252.1,28,3,3252.0,140,8,3251.9,3,1,3252.4,106,1,3252.5,45,2,3253.2,2,1,3253.4,25,2,3253.6,104,5
11536,2025-12-30 14:14:51+05:30,3252.4,1,3253.41,1491843,100429.0,126946.0,3250.0,3267.5,3239.8,3251.5,46909275,3576.6,2926.4,4322.95,2866.6,3252.3,9,2,3252.2,22,1,3252.1,28,3,3252.0,140,8,3251.9,3,1,3252.4,106,1,3252.5,45,2,3253.2,2,1,3253.4,25,2,3253.6,104,5
11536,2025-12-30 14:14:51+05:30,3252.4,1,3253.41,1491843,100429.0,126946.0,3250.0,3267.5,3239.8,3251.5,46909275,3576.6,2926.4,4322.95,2866.6,3252.3,9,2,3252.2,22,1,3252.1,28,3,3252.0,140,8,3251.9,3,1,3252.4,106,1,3252.5,45,2,3253.2,2,1,3253.4,25,2,3253.6,104,5
11536,2025-12-30 14:14:52+05:30,3252.4,66,3253.41,1492029,99258.0,126606.0,3250.0,3267.5,3239.8,3251.5,46909275,3576.6,2926.4,4322.95,2866.6,3252.3,9,2,3252.2,22,1,3252.1,28,3,3252.0,140,8,3251.9,12,2,3252.4,40,1,3252.5,31,1,3253.4,25,2,3253.6,43,4,3253.7,27,1
11536,2025-12-30 14:14:52+05:30,3252.4,66,3253.41,1492029,99258.0,126606.0,3250.0,3267.5,3239.8,3251.5,46909275,3576.6,2926.4,4322.95,2866.6,3252.3,9,2,3252.2,22,1,3252.1,28,3,3252.0,140,8,3251.9,12,2,3252.4,40,1,3252.5,31,1,3253.4,25,2,3253.6,43,4,3253.7,27,1
11536,2025-12-30 14:14:53+05:30,3252.4,66,3253.41,1492029,99258.0,126606.0,3250.0,3267.5,3239.8,3251.5,46909275,3576.6,2926.4,4322.95,2866.6,3252.3,9,2,3252.2,22,1,3252.1,28,3,3252.0,140,8,3251.9,12,2,3252.4,40,1,3252.5,31,1,3253.4,25,2,3253.6,43,4,3253.7,27,1
11536,2025-12-30 14:14:53+05:30,3252.3,1,3253.41,1492030,100161.0,126688.0,3250.0,3267.5,3239.8,3251.5,46909275,3576.6,2926.4,4322.95,2866.6,3252.3,8,2,3252.2,22,1,3252.1,5,2,3252.0,140,8,3251.9,3,1,3252.4,40,1,3252.5,31,1,3253.4,37,3,3253.6,43,4,3253.7,27,1
11536,2025-12-30 14:14:53+05:30,3252.3,1,3253.41,1492030,100161.0,126688.0,3250.0,3267.5,3239.8,3251.5,46909275,3576.6,2926.4,4322.95,2866.6,3252.3,8,2,3252.2,22,1,3252.1,5,2,3252.0,140,8,3251.9,3,1,3252.4,40,1,3252.5,31,1,3253.4,37,3,3253.6,43,4,3253.7,27,1
11536,2025-12-30 14:14:54+05:30,3252.3,38,3253.41,1492146,100342.0,127044.0,3250.0,3267.5,3239.8,3251.5,46909275,3576.6,2926.4,4322.95,2866.6,3252.1,37,4,3252.0,134,9,3251.9,32,2,3251.8,6,1,3251.7,227,4,3252.3,39,1,3252.5,31,1,3253.3,61,1,3253.4,14,2,3253.5,61,1
11536,2025-12-30 14:14:54+05:30,3252.3,38,3253.41,1492146,100342.0,127044.0,3250.0,3267.5,3239.8,3251.5,46909275,3576.6,2926.4,4322.95,2866.6,3252.1,37,4,3252.0,134,9,3251.9,32,2,3251.8,6,1,3251.7,227,4,3252.3,39,1,3252.5,31,1,3253.3,61,1,3253.4,14,2,3253.5,61,1
11536,2025-12-30 14:14:54+05:30,3252.3,38,3253.41,1492146,100342.0,127044.0,3250.0,3267.5,3239.8,3251.5,46909275,3576.6,2926.4,4322.95,2866.6,3252.1,37,4,3252.0,134,9,3251.9,32,2,3251.8,6,1,3251.7,227,4,3252.3,39,1,3252.5,31,1,3253.3,61,1,3253.4,14,2,3253.5,61,1
11536,2025-12-30 14:14:55+05:30,3252.3,1,3253.41,1492147,100349.0,127054.0,3250.0,3267.5,3239.8,3251.5,46909275,3576.6,2926.4,4322.95,2866.6,3252.1,37,4,3252.0,134,9,3251.9,32,2,3251.8,6,1,3251.7,227,4,3252.3,38,1,3252.5,31,1,3253.3,61,1,3253.4,14,2,3253.5,103,2
11536,2025-12-30 14:14:55+05:30,3252.3,1,3253.41,1492147,100349.0,127054.0,3250.0,3267.5,3239.8,3251.5,46909275,3576.6,2926.4,4322.95,2866.6,3252.1,37,4,3252.0,134,9,3251.9,32,2,3251.8,6,1,3251.7,227,4,3252.3,38,1,3252.5,31,1,3253.3,61,1,3253.4,14,2,3253.5,103,2
11536,2025-12-30 14:14:56+05:30,3252.3,1,3253.41,1492147,100749.0,127028.0,3250.0,3267.5,3239.8,3251.5,46909275,3576.6,2926.4,4322.95,2866.6,3252.1,37,4,3252.0,134,9,3251.9,32,2,3251.8,6,1,3251.7,227,4,3252.3,38,1,3252.5,31,1,3253.3,61,1,3253.4,14,2,3253.5,103,2
11536,2025-12-30 14:14:56+05:30,3252.3,1,3253.41,1492147,100749.0,127028.0,3250.0,3267.5,3239.8,3251.5,46909275,3576.6,2926.4,4322.95,2866.6,3252.1,37,4,3252.0,134,9,3251.9,32,2,3251.8,6,1,3251.7,227,4,3252.3,38,1,3252.5,31,1,3253.3,61,1,3253.4,14,2,3253.5,103,2
11536,2025-12-30 14:14:56+05:30,3252.1,4,3253.41,1492218,100769.0,126645.0,3250.0,3267.5,3239.8,3251.5,46909275,3576.6,2926.4,4322.95,2866.6,3252.0,148,10,3251.9,29,1,3251.8,25,1,3251.7,246,5,3251.6,43,2,3252.1,74,1,3252.5,31,1,3253.3,103,2,3253.4,14,2,3253.5,103,2
11536,2025-12-30 14:14:57+05:30,3252.1,145,3253.41,1492218,100769.0,126645.0,3250.0,3267.5,3239.8,3251.5,46909275,3576.6,2926.4,4322.95,2866.6,3252.0,148,10,3251.9,29,1,3251.8,25,1,3251.7,246,5,3251.6,43,2,3252.1,74,1,3252.5,31,1,3253.3,103,2,3253.4,14,2,3253.5,103,2
11536,2025-12-30 14:14:57+05:30,3252.1,145,3253.41,1492218,100769.0,126645.0,3250.0,3267.5,3239.8,3251.5,46936225,3576.6,2926.4,4322.95,2866.6,3252.0,148,10,3251.9,29,1,3251.8,25,1,3251.7,246,5,3251.6,43,2,3252.1,74,1,3252.5,31,1,3253.3,103,2,3253.4,14,2,3253.5,103,2
11536,2025-12-30 14:14:58+05:30,3252.1,2,3253.41,1492366,100517.0,126583.0,3250.0,3267.5,3239.8,3251.5,46936225,3576.6,2926.4,4322.95,2866.6,3252.1,38,3,3252.0,178,12,3251.9,222,3,3251.8,19,1,3251.7,52,3,3252.5,31,1,3253.4,14,2,3253.5,103,2,3253.6,81,4,3253.7,27,1
11536,2025-12-30 14:14:58+05:30,3252.1,2,3253.41,1492366,100517.0,126583.0,3250.0,3267.5,3239.8,3251.5,46936225,3576.6,2926.4,4322.95,2866.6,3252.1,38,3,3252.0,178,12,3251.9,222,3,3251.8,19,1,3251.7,52,3,3252.5,31,1,3253.4,14,2,3253.5,103,2,3253.6,81,4,3253.7,27,1
11536,2025-12-30 14:14:59+05:30,3252.1,2,3253.41,1492366,100770.0,126248.0,3250.0,3267.5,3239.8,3251.5,46936225,3576.6,2926.4,4322.95,2866.6,3252.4,100,1,3252.1,38,3,3252.0,178,12,3251.9,222,3,3251.8,40,2,3252.5,31,1,3253.4,2,1,3253.5,103,2,3253.6,13,2,3253.7,27,1
11536,2025-12-30 14:14:59+05:30,3252.5,10,3253.41,1492366,100770.0,126248.0,3250.0,3267.5,3239.8,3251.5,46936225,3576.6,2926.4,4322.95,2866.6,3252.4,100,1,3252.1,38,3,3252.0,178,12,3251.9,222,3,3251.8,40,2,3252.5,31,1,3253.4,2,1,3253.5,103,2,3253.6,13,2,3253.7,27,1
11536,2025-12-30 14:15:00+05:30,3252.5,10,3253.41,1492366,100770.0,126248.0,3250.0,3267.5,3239.8,3251.5,46936225,3576.6,2926.4,4322.95,2866.6,3252.4,100,1,3252.1,38,3,3252.0,178,12,3251.9,222,3,3251.8,40,2,3252.5,31,1,3253.4,2,1,3253.5,103,2,3253.6,13,2,3253.7,27,1
11536,2025-12-30 14:15:00+05:30,3252.5,15,3253.41,1492391,100945.0,126285.0,3250.0,3267.5,3239.8,3251.5,46936225,3576.6,2926.4,4322.95,2866.6,3252.4,149,2,3252.3,22,1,3252.2,25,1,3252.1,74,5,3252.0,159,11,3252.5,6,1,3253.6,11,1,3253.7,27,1,3253.8,66,3,3253.9,129,5
11536,2025-12-30 14:15:00+05:30,3252.5,15,3253.41,1492391,100945.0,126285.0,3250.0,3267.5,3239.8,3251.5,46936225,3576.6,2926.4,4322.95,2866.6,3252.4,149,2,3252.3,22,1,3252.2,25,1,3252.1,74,5,3252.0,159,11,3252.5,6,1,3253.6,11,1,3253.7,27,1,3253.8,66,3,3253.9,129,5
11536,2025-12-30 14:15:01+05:30,3252.5,1,3253.41,1492392,100945.0,126286.0,3250.0,3267.5,3239.8,3251.5,46936225,3576.6,2926.4,4322.95,2866.6,3252.4,149,2,3252.3,22,1,3252.2,25,1,3252.1,74,5,3252.0,159,11,3252.5,5,1,3253.6,11,1,3253.7,27,1,3253.8,66,3,3253.9,279,6
11536,2025-12-30 14:15:01+05:30,3252.5,1,3253.41,1492392,100945.0,126286.0,3250.0,3267.5,3239.8,3251.5,46936225,3576.6,2926.4,4322.95,2866.6,3252.4,149,2,3252.3,22,1,3252.2,25,1,3252.1,74,5,3252.0,159,11,3252.5,5,1,3253.6,11,1,3253.7,27,1,3253.8,66,3,3253.9,279,6
11536,2025-12-30 14:15:02+05:30,3252.5,1,3253.41,1492393,100947.0,126366.0,3250.0,3267.5,3239.8,3251.5,46936225,3576.6,2926.4,4322.95,2866.6,3252.4,163,3,3252.2,25,1,3252.1,74,5,3252.0,159,11,3251.9,193,2,3252.5,4,1,3253.6,59,1,3253.7,27,1,3253.8,66,3,3253.9,301,6
11536,2025-12-30 14:15:02+05:30,3252.5,1,3253.41,1492393,100947.0,126366.0,3250.0,3267.5,3239.8,3251.5,46936225,3576.6,2926.4,4322.95,2866.6,3252.4,163,3,3252.2,25,1,3252.1,74,5,3252.0,159,11,3251.9,193,2,3252.5,4,1,3253.6,59,1,3253.7,27,1,3253.8,66,3,3253.9,301,6
11536,2025-12-30 14:15:03+05:30,3252.5,3,3253.41,1492393,100947.0,126366.0,3250.0,3267.5,3239.8,3251.5,46936225,3576.6,2926.4,4322.95,2866.6,3252.4,163,3,3252.2,25,1,3252.1,74,5,3252.0,159,11,3251.9,193,2,3252.5,4,1,3253.6,59,1,3253.7,27,1,3253.8,66,3,3253.9,301,6
11536,2025-12-30 14:15:03+05:30,3252.5,3,3253.41,1493454,99610.0,125697.0,3250.0,3267.5,3239.8,3251.5,46936225,3576.6,2926.4,4322.95,2866.6,3252.0,104,4,3251.9,428,7,3251.8,31,2,3251.7,89,5,3251.6,7,1,3252.5,1,1,3253.5,19,1,3253.6,82,4,3253.7,27,1,3253.8,181,6
11536,2025-12-30 14:15:04+05:30,3252.0,1,3253.41,1493454,99610.0,125697.0,3250.0,3267.5,3239.8,3251.5,46936225,3576.6,2926.4,4322.95,2866.6,3252.0,104,4,3251.9,428,7,3251.8,31,2,3251.7,89,5,3251.6,7,1,3252.5,1,1,3253.5,19,1,3253.6,82,4,3253.7,27,1,3253.8,181,6
11536,2025-12-30 14:15:04+05:30,3252.5,1,3253.41,1493456,100106.0,125074.0,3250.0,3267.5,3239.8,3251.5,46936225,3576.6,2926.4,4322.95,2866.6,3252.5,33,3,3252.2,31,2,3252.1,74,4,3252.0,126,5,3251.9,463,5,3253.5,69,3,3253.6,75,3,3253.7,74,3,3253.8,71,3,3253.9,20,2
11536,2025-12-30 14:15:05+05:30,3253.5,1,3253.41,1493456,100106.0,125074.0,3250.0,3267.5,3239.8,3251.5,46936225,3576.6,2926.4,4322.95,2866.6,3252.5,33,3,3252.2,31,2,3252.1,74,4,3252.0,126,5,3251.9,463,5,3253.5,69,3,3253.6,75,3,3253.7,74,3,3253.8,71,3,3253.9,20,2
11536,2025-12-30 14:15:05+05:30,3253.5,2,3253.41,1493459,100019.0,125086.0,3250.0,3267.5,3239.8,3251.5,46936225,3576.6,2926.4,4322.95,2866.6,3252.5,33,3,3252.2,31,2,3252.1,74,4,3252.0,126,5,3251.9,463,5,3253.5,41,2,3253.6,75,3,3253.7,74,3,3253.8,93,3,3253.9,20,2
11536,2025-12-30 14:15:06+05:30,3253.5,2,3253.41,1493459,100019.0,125086.0,3250.0,3267.5,3239.8,3251.5,46936225,3576.6,2926.4,4322.95,2866.6,3252.5,33,3,3252.2,31,2,3252.1,74,4,3252.0,126,5,3251.9,463,5,3253.5,41,2,3253.6,75,3,3253.7,74,3,3253.8,93,3,3253.9,20,2
11536,2025-12-30 14:15:06+05:30,3253.5,2,3253.41,1493459,99952.0,125119.0,3250.0,3267.5,3239.8,3251.5,46936225,3576.6,2926.4,4322.95,2866.6,3252.5,10,2,3252.2,22,1,3252.1,59,3,3252.0,126,5,3251.9,463,5,3253.5,132,5,3253.6,85,4,3253.7,45,2,3253.8,78,3,3253.9,66,3
11536,2025-12-30 14:15:07+05:30,3253.5,2,3253.41,1493459,99904.0,125320.0,3250.0,3267.5,3239.8,3251.5,46936225,3576.6,2926.4,4322.95,2866.6,3252.5,10,2,3252.2,22,1,3252.1,59,3,3252.0,126,5,3251.9,463,5,3253.4,54,2,3253.5,81,4,3253.6,85,4,3253.7,45,2,3253.8,68,2
11536,2025-12-30 14:15:08+05:30,3253.4,4,3253.41,1493459,99904.0,125320.0,3250.0,3267.5,3239.8,3251.5,46936225,3576.6,2926.4,4322.95,2866.6,3252.5,10,2,3252.2,22,1,3252.1,59,3,3252.0,126,5,3251.9,463,5,3253.4,54,2,3253.5,81,4,3253.6,85,4,3253.7,45,2,3253.8,68,2
11536,2025-12-30 14:15:08+05:30,3253.4,4,3253.41,1493509,97425.0,125325.0,3250.0,3267.5,3239.8,3251.5,46936225,3576.6,2926.4,4322.95,2866.6,3252.5,5,1,3252.1,81,4,3252.0,126,5,3251.9,463,5,3251.8,60,3,3253.4,38,3,3253.5,110,5,3253.6,66,3,3253.7,45,2,3253.8,68,2
11536,2025-12-30 14:15:09+05:30,3252.6,1,3253.41,1493509,97425.0,125325.0,3250.0,3267.5,3239.8,3251.5,46936225,3576.6,2926.4,4322.95,2866.6,3252.5,5,1,3252.1,81,4,3252.0,126,5,3251.9,463,5,3251.8,60,3,3253.4,38,3,3253.5,110,5,3253.6,66,3,3253.7,45,2,3253.8,68,2
11536,2025-12-30 14:15:09+05:30,3252.6,1,3253.41,1493512,100427.0,123231.0,3250.0,3267.5,3239.8,3251.5,46936225,3576.6,2926.4,4322.95,2866.6,3252.6,71,4,3252.5,56,3,3252.4,19,2,3252.3,102,5,3252.2,352,3,3253.4,19,2,3253.5,40,2,3253.9,5,2,3254.0,207,2,3254.2,53,2
11536,2025-12-30 14:15:10+05:30,3252.6,1,3253.41,1493512,102204.0,124154.0,3250.0,3267.5,3239.8,3251.5,46936225,3576.6,2926.4,4322.95,2866.6,3252.6,47,3,3252.5,46,2,3252.4,30,2,3252.3,83,4,3252.2,352,3,3253.4,19,2,3253.5,40,2,3253.9,16,3,3254.0,207,2,3254.2,53,2
11536,2025-12-30 14:15:11+05:30,3253.4,2,3253.41,1493514,102154.0,124188.0,3250.0,3267.5,3239.8,3251.5,46936225,3576.6,2926.4,4322.95,2866.6,3252.6,47,3,3252.5,46,2,3252.4,30,2,3252.3,83,4,3252.2,352,3,3253.4,17,2,3253.5,41,3,3253.9,16,3,3254.0,207,2,3254.2,74,3
11536,2025-12-30 14:15:12+05:30,3253.4,2,3253.41,1493514,102154.0,124188.0,3250.0,3267.5,3239.8,3251.5,46936225,3576.6,2926.4,4322.95,2866.6,3252.6,47,3,3252.5,46,2,3252.4,30,2,3252.3,83,4,3252.2,352,3,3253.4,17,2,3253.5,41,3,3253.9,16,3,3254.0,207,2,3254.2,74,3
11536,2025-12-30 14:15:12+05:30,3253.9,2,3253.41,1493691,102337.0,124320.0,3250.0,3267.5,3239.8,3251.5,46936225,3576.6,2926.4,4322.95,2866.6,3252.7,35,2,3252.6,77,3,3252.5,49,3,3252.4,23,2,3252.3,241,5,3253.9,17,1,3254.0,207,2,3254.2,53,2,3254.3,42,1,3254.4,147,7
11536,2025-12-30 14:15:13+05:30,3252.7,1,3253.41,1493691,102337.0,124320.0,3250.0,3267.5,3239.8,3251.5,46936225,3576.6,2926.4,4322.95,2866.6,3252.7,35,2,3252.6,77,3,3252.5,49,3,3252.4,23,2,3252.3,241,5,3253.9,17,1,3254.0,207,2,3254.2,53,2,3254.3,42,1,3254.4,147,7
11536,2025-12-30 14:15:13+05:30,3253.8,1,3253.41,1493693,102048.0,124790.0,3250.0,3267.5,3239.8,3251.5,46936225,3576.6,2926.4,4322.95,2866.6,3253.0,5,1,3252.6,35,1,3252.5,49,3,3252.4,26,3,3252.3,28,2,3253.8,65,3,3253.9,53,3,3254.0,222,3,3254.1,75,4,3254.2,122,4
11536,2025-12-30 14:15:14+05:30,3253.8,1,3253.41,1493693,102048.0,124790.0,3250.0,3267.5,3239.8,3251.5,46936225,3576.6,2926.4,4322.95,2866.6,3253.0,5,1,3252.6,35,1,3252.5,49,3,3252.4,26,3,3252.3,28,2,3253.8,65,3,3253.9,53,3,3254.0,222,3,3254.1,75,4,3254.2,122,4
11536,2025-12-30 14:15:14+05:30,3253.0,1,3253.41,1493694,102059.0,124883.0,3250.0,3267.5,3239.8,3251.5,46936225,3576.6,2926.4,4322.95,2866.6,3253.0,4,1,3252.6,35,1,3252.5,49,3,3252.4,26,3,3252.3,28,2,3253.7,49,2,3253.8,40,2,3253.9,72,3,3254.0,222,3,3254.1,64,3
11536,2025-12-30 14:15:15+05:30,3253.7,1,3253.41,1493694,102059.0,124883.0,3250.0,3267.5,3239.8,3251.5,46936225,3576.6,2926.4,4322.95,2866.6,3253.0,4,1,3252.6,35,1,3252.5,49,3,3252.4,26,3,3252.3,28,2,3253.7,49,2,3253.8,40,2,3253.9,72,3,3254.0,222,3,3254.1,64,3
11536,2025-12-30 14:15:15+05:30,3253.0,2,3253.41,1493700,102190.0,124907.0,3250.0,3267.5,3239.8,3251.5,46936225,3576.6,2926.4,4322.95,2866.6,3253.0,54,2,3252.5,49,3,3252.4,33,4,3252.3,63,3,3252.2,172,4,3253.7,25,1,3253.8,29,1,3253.9,72,3,3254.0,222,3,3254.1,43,2
11536,2025-12-30 14:15:16+05:30,3254.0,1,3253.41,1493700,102190.0,124907.0,3250.0,3267.5,3239.8,3251.5,46936225,3576.6,2926.4,4322.95,2866.6,3253.0,54,2,3252.5,49,3,3252.4,33,4,3252.3,63,3,3252.2,172,4,3253.7,25,1,3253.8,29,1,3253.9,72,3,3254.0,222,3,3254.1,43,2
11536,2025-12-30 14:15:17+05:30,3254.0,1,3253.41,1493796,101859.0,123888.0,3250.0,3267.5,3239.8,3251.5,46936225,3576.6,2926.4,4322.95,2866.6,3253.0,55,3,3252.7,68,4,3252.6,22,2,3252.5,59,4,3252.4,26,3,3254.0,206,2,3254.1,52,2,3254.2,47,2,3254.3,42,1,3254.4,84,5
11536,2025-12-30 14:15:18+05:30,3252.4,3,3253.41,1494504,100472.0,126228.0,3250.0,3267.5,3239.8,3251.5,46936225,3576.6,2926.4,4322.95,2866.6,3252.3,24,1,3252.2,76,3,3252.1,10,1,3252.0,104,5,3251.9,35,5,3252.4,96,1,3253.6,21,1,3253.8,113,4,3253.9,178,3,3254.0,309,5
11536,2025-12-30 14:15:18+05:30,3252.4,3,3253.41,1494504,100472.0,126228.0,3250.0,3267.5,3239.8,3251.5,46936225,3576.6,2926.4,4322.95,2866.6,3252.3,24,1,3252.2,76,3,3252.1,10,1,3252.0,104,5,3251.9,35,5,3252.4,96,1,3253.6,21,1,3253.8,113,4,3253.9,178,3,3254.0,309,5
11536,2025-12-30 14:15:19+05:30,3252.4,3,3253.41,1494504,97672.0,126312.0,3250.0,3267.5,3239.8,3251.5,46936225,3576.6,2926.4,4322.95,2866.6,3252.3,24,1,3252.2,76,3,3252.1,10,1,3252.0,104,5,3251.9,35,5,3252.4,96,1,3253.5,3,1,3253.6,21,1,3253.8,113,4,3253.9,178,3
11536,2025-12-30 14:15:19+05:30,3252.4,10,3253.41,1494504,97672.0,126312.0,3250.0,3267.5,3239.8,3251.5,46936225,3576.6,2926.4,4322.95,2866.6,3252.3,24,1,3252.2,76,3,3252.1,10,1,3252.0,104,5,3251.9,35,5,3252.4,96,1,3253.5,3,1,3253.6,21,1,3253.8,113,4,3253.9,178,3
11536,2025-12-30 14:15:19+05:30,3252.4,47,3253.41,1494561,100760.0,126340.0,3250.0,3267.5,3239.8,3251.5,46936225,3576.6,2926.4,4322.95,2866.6,3252.3,24,1,3252.2,76,3,3252.1,10,1,3252.0,80,4,3251.9,35,5,3252.4,39,1,3253.5,29,3,3253.6,21,1,3253.7,108,3,3253.8,67,3
11536,2025-12-30 14:15:20+05:30,3252.4,175,3253.41,1494561,100760.0,126340.0,3250.0,3267.5,3239.8,3251.5,46936225,3576.6,2926.4,4322.95,2866.6,3252.3,24,1,3252.2,76,3,3252.1,10,1,3252.0,80,4,3251.9,35,5,3252.4,39,1,3253.5,29,3,3253.6,21,1,3253.7,108,3,3253.8,67,3
11536,2025-12-30 14:15:21+05:30,3252.3,1,3253.41,1494860,99590.0,125642.0,3250.0,3267.5,3239.8,3251.5,46936225,3576.6,2926.4,4322.95,2866.6,3252.3,56,3,3252.2,36,2,3252.1,40,2,3252.0,104,6,3251.9,38,6,3253.4,44,2,3253.5,74,4,3253.6,29,1,3253.7,42,1,3253.8,69,3
11536,2025-12-30 14:15:21+05:30,3252.3,1,3253.41,1494860,99590.0,125642.0,3250.0,3267.5,3239.8,3251.5,46936225,3576.6,2926.4,4322.95,2866.6,3252.3,56,3,3252.2,36,2,3252.1,40,2,3252.0,104,6,3251.9,38,6,3253.4,44,2,3253.5,74,4,3253.6,29,1,3253.7,42,1,3253.8,69,3
11536,2025-12-30 14:15:22+05:30,3253.5,19,3253.41,1495044,100953.0,125719.0,3250.0,3267.5,3239.8,3251.5,46936225,3576.6,2926.4,4322.95,2866.6,3252.3,55,3,3252.2,10,1,3252.1,10,1,3252.0,101,5,3251.9,38,6,3253.4,55,3,3253.5,62,4,3253.6,48,2,3253.7,71,3,3253.8,113,4
11536,2025-12-30 14:15:22+05:30,3253.5,19,3253.41,1495044,100953.0,125719.0,3250.0,3267.5,3239.8,3251.5,46936225,3576.6,2926.4,4322.95,2866.6,3252.3,55,3,3252.2,10,1,3252.1,10,1,3252.0,101,5,3251.9,38,6,3253.4,55,3,3253.5,62,4,3253.6,48,2,3253.7,71,3,3253.8,113,4
11536,2025-12-30 14:15:23+05:30,3253.5,19,3253.41,1495044,101269.0,125569.0,3250.0,3267.5,3239.8,3251.5,46936225,3576.6,2926.4,4322.95,2866.6,3253.0,1,1,3252.3,55,3,3252.2,22,1,3252.1,10,1,3252.0,101,5,3253.4,68,5,3253.5,43,3,3253.6,29,1,3253.7,42,1,3253.8,89,4
11536,2025-12-30 14:15:23+05:30,3253.4,3,3253.41,1495044,101269.0,125569.0,3250.0,3267.5,3239.8,3251.5,46936225,3576.6,2926.4,4322.95,2866.6,3253.0,1,1,3252.3,55,3,3252.2,22,1,3252.1,10,1,3252.0,101,5,3253.4,68,5,3253.5,43,3,3253.6,29,1,3253.7,42,1,3253.8,89,4
11536,2025-12-30 14:15:24+05:30,3253.4,3,3253.41,1495047,101463.0,125778.0,3250.0,3267.5,3239.8,3251.5,46936225,3576.6,2926.4,4322.95,2866.6,3253.0,1,1,3252.3,31,3,3252.2,22,1,3252.1,46,4,3252.0,257,6,3253.4,75,4,3253.5,11,1,3253.8,67,3,3253.9,63,2,3254.0,279,5
11536,2025-12-30 14:15:25+05:30,3253.4,1,3253.41,1495049,101761.0,125913.0,3250.0,3267.5,3239.8,3251.5,46936225,3576.6,2926.4,4322.95,2866.6,3253.0,51,2,3252.3,31,3,3252.2,22,1,3252.1,49,5,3252.0,257,6,3253.4,36,2,3253.5,11,1,3253.6,26,1,3253.7,61,2,3253.8,67,3
11536,2025-12-30 14:15:25+05:30,3253.4,1,3253.41,1495049,101761.0,125913.0,3250.0,3267.5,3239.8,3251.5,46936225,3576.6,2926.4,4322.95,2866.6,3253.0,51,2,3252.3,31,3,3252.2,22,1,3252.1,49,5,3252.0,257,6,3253.4,36,2,3253.5,11,1,3253.6,26,1,3253.7,61,2,3253.8,67,3
11536,2025-12-30 14:15:26+05:30,3253.0,1,3253.41,1495050,102009.0,125939.0,3250.0,3267.5,3239.8,3251.5,46936225,3576.6,2926.4,4322.95,2866.6,3253.0,50,1,3252.3,31,3,3252.2,22,1,3252.1,49,5,3252.0,257,6,3253.4,76,4,3253.5,11,1,3253.7,42,1,3253.8,67,3,3253.9,63,2
11536,2025-12-30 14:15:26+05:30,3253.0,1,3253.41,1495050,102009.0,125939.0,3250.0,3267.5,3239.8,3251.5,46936225,3576.6,2926.4,4322.95,2866.6,3253.0,50,1,3252.3,31,3,3252.2,22,1,3252.1,49,5,3252.0,257,6,3253.4,76,4,3253.5,11,1,3253.7,42,1,3253.8,67,3,3253.9,63,2
11536,2025-12-30 14:15:27+05:30,3253.0,1,3253.41,1495050,101733.0,126008.0,3250.0,3267.5,3239.8,3251.5,46936225,3576.6,2926.4,4322.95,2866.6,3253.0,50,1,3252.3,40,4,3252.2,197,2,3252.1,39,4,3252.0,319,7,3253.4,71,3,3253.5,11,1,3253.7,61,2,3253.8,67,3,3253.9,63,2
11536,2025-12-30 14:15:28+05:30,3253.0,3,3253.41,1495050,101733.0,126008.0,3250.0,3267.5,3239.8,3251.5,46936225,3576.6,2926.4,4322.95,2866.6,3253.0,50,1,3252.3,40,4,3252.2,197,2,3252.1,39,4,3252.0,319,7,3253.4,71,3,3253.5,11,1,3253.7,61,2,3253.8,67,3,3253.9,63,2
11536,2025-12-30 14:15:28+05:30,3253.0,3,3253.41,1495053,99465.0,125369.0,3250.0,3267.5,3239.8,3251.5,46936225,3576.6,2926.4,4322.95,2866.6,3253.0,48,2,3252.3,25,2,3252.2,22,1,3252.1,36,3,3252.0,144,6,3253.4,45,2,3253.5,28,3,3253.6,40,2,3253.7,42,1,3253.8,45,2
11536,2025-12-30 14:15:29+05:30,3253.0,2,3253.41,1495103,97272.0,127835.0,3250.0,3267.5,3239.8,3251.5,46936225,3576.6,2926.4,4322.95,2866.6,3252.3,22,1,3252.1,10,1,3252.0,80,4,3251.9,38,6,3251.8,20,1,3253.2,67,3,3253.3,123,5,3253.4,57,4,3253.5,80,6,3253.6,186,8
11536,2025-12-30 14:15:30+05:30,3253.0,2,3253.41,1495103,97272.0,127835.0,3250.0,3267.5,3239.8,3251.5,46936225,3576.6,2926.4,4322.95,2866.6,3252.3,22,1,3252.1,10,1,3252.0,80,4,3251.9,38,6,3251.8,20,1,3253.2,67,3,3253.3,123,5,3253.4,57,4,3253.5,80,6,3253.6,186,8
11536,2025-12-30 14:15:30+05:30,3253.0,2,3253.41,1495103,100323.0,128198.0,3250.0,3267.5,3239.8,3251.5,46936225,3576.6,2926.4,4322.95,2866.6,3252.3,22,1,3252.1,10,1,3252.0,80,4,3251.9,38,6,3251.8,20,1,3253.1,88,5,3253.2,58,4,3253.3,113,4,3253.4,50,4,3253.5,153,8
11536,2025-12-30 14:15:31+05:30,3253.1,2,3253.41,1495103,100323.0,128198.0,3250.0,3267.5,3239.8,3251.5,46936225,3576.6,2926.4,4322.95,2866.6,3252.3,22,1,3252.1,10,1,3252.0,80,4,3251.9,38,6,3251.8,20,1,3253.1,88,5,3253.2,58,4,3253.3,113,4,3253.4,50,4,3253.5,153,8
11536,2025-12-30 14:15:31+05:30,3252.3,1,3253.41,1495113,100482.0,128135.0,3250.0,3267.5,3239.8,3251.5,46936225,3576.6,2926.4,4322.95,2866.6,3252.3,16,1,3252.1,10,1,3252.0,80,4,3251.9,38,6,3251.8,20,1,3253.1,84,5,3253.2,58,4,3253.3,113,4,3253.4,50,4,3253.5,153,8
11536,2025-12-30 14:15:32+05:30,3253.1,1,3253.41,1495113,100482.0,128135.0,3250.0,3267.5,3239.8,3251.5,46936225,3576.6,2926.4,4322.95,2866.6,3252.3,16,1,3252.1,10,1,3252.0,80,4,3251.9,38,6,3251.8,20,1,3253.1,84,5,3253.2,58,4,3253.3,113,4,3253.4,50,4,3253.5,153,8
11536,2025-12-30 14:15:32+05:30,3251.8,19,3253.41,1495883,98923.0,127935.0,3250.0,3267.5,3239.8,3251.5,46936225,3576.6,2926.4,4322.95,2866.6,3251.7,19,1,3251.6,7,1,3251.5,183,4,3251.3,179,2,3251.2,32,4,3251.8,28,1,3252.8,45,3,3252.9,61,1,3253.0,124,3,3253.1,91,4
11536,2025-12-30 14:15:33+05:30,3251.8,19,3253.41,1495883,98923.0,127935.0,3250.0,3267.5,3239.8,3251.5,46936225,3576.6,2926.4,4322.95,2866.6,3251.7,19,1,3251.6,7,1,3251.5,183,4,3251.3,179,2,3251.2,32,4,3251.8,28,1,3252.8,45,3,3252.9,61,1,3253.0,124,3,3253.1,91,4
11536,2025-12-30 14:15:33+05:30,3251.8,19,3253.41,1495883,98927.0,128101.0,3250.0,3267.5,3239.8,3251.5,46936225,3576.6,2926.4,4322.95,2866.6,3251.7,19,1,3251.6,7,1,3251.5,183,4,3251.3,179,2,3251.2,32,4,3251.8,28,1,3252.8,45,3,3252.9,61,1,3253.0,124,3,3253.1,45,3
11536,2025-12-30 14:15:34+05:30,3251.8,3,3253.41,1495883,98927.0,128101.0,3250.0,3267.5,3239.8,3251.5,46936225,3576.6,2926.4,4322.95,2866.6,3251.7,19,1,3251.6,7,1,3251.5,183,4,3251.3,179,2,3251.2,32,4,3251.8,28,1,3252.8,45,3,3252.9,61,1,3253.0,124,3,3253.1,45,3
11536,2025-12-30 14:15:34+05:30,3251.8,3,3253.41,1495931,99088.0,127859.0,3250.0,3267.5,3239.8,3251.5,46936225,3576.6,2926.4,4322.95,2866.6,3251.7,19,1,3251.6,7,1,3251.5,183,4,3251.3,179,2,3251.2,50,4,3251.8,134,2,3252.8,45,3,3253.0,63,2,3253.1,91,4,3253.2,59,4
11536,2025-12-30 14:15:35+05:30,3251.8,1,3253.41,1495931,99088.0,127859.0,3250.0,3267.5,3239.8,3251.5,46936225,3576.6,2926.4,4322.95,2866.6,3251.7,19,1,3251.6,7,1,3251.5,183,4,3251.3,179,2,3251.2,50,4,3251.8,134,2,3252.8,45,3,3253.0,63,2,3253.1,91,4,3253.2,59,4
11536,2025-12-30 14:15:35+05:30,3251.7,45,3253.41,1496145,99122.0,127809.0,3250.0,3267.5,3239.8,3251.5,46936225,3576.6,2926.4,4322.95,2866.6,3251.6,7,1,3251.5,183,4,3251.3,179,2,3251.2,50,4,3251.1,65,4,3251.7,48,1,3251.8,41,2,3252.8,45,3,3253.0,63,2,3253.1,31,2
11536,2025-12-30 14:15:36+05:30,3251.6,1,3253.41,1496145,99122.0,127809.0,3250.0,3267.5,3239.8,3251.5,46936225,3576.6,2926.4,4322.95,2866.6,3251.6,7,1,3251.5,183,4,3251.3,179,2,3251.2,50,4,3251.1,65,4,3251.7,48,1,3251.8,41,2,3252.8,45,3,3253.0,63,2,3253.1,31,2
11536,2025-12-30 14:15:36+05:30,3251.6,1,3253.41,1496155,99226.0,127645.0,3250.0,3267.5,3239.8,3251.5,46936225,3576.6,2926.4,4322.95,2866.6,3251.6,5,1,3251.5,183,4,3251.3,179,2,3251.2,50,4,3251.1,65,4,3251.7,40,1,3251.8,41,2,3252.8,45,3,3253.0,63,2,3253.1,77,3
11536,2025-12-30 14:15:37+05:30,3251.9,1,3253.41,1496155,99226.0,127645.0,3250.0,3267.5,3239.8,3251.5,46936225,3576.6,2926.4,4322.95,2866.6,3251.6,5,1,3251.5,183,4,3251.3,179,2,3251.2,50,4,3251.1,65,4,3251.7,40,1,3251.8,41,2,3252.8,45,3,3253.0,63,2,3253.1,77,3
11536,2025-12-30 14:15:37+05:30,3251.9,1,3253.41,1496245,100230.0,126998.0,3250.0,3267.5,3239.8,3251.5,46936225,3576.6,2926.4,4322.95,2866.6,3252.0,14,1,3251.9,23,1,3251.8,3,1,3251.7,164,2,3251.6,25,2,3252.9,7,1,3253.0,42,1,3253.1,36,2,3253.2,14,1,3253.3,83,5
11536,2025-12-30 14:15:38+05:30,3251.9,1,3253.41,1496245,100230.0,126998.0,3250.0,3267.5,3239.8,3251.5,46936225,3576.6,2926.4,4322.95,2866.6,3252.0,14,1,3251.9,23,1,3251.8,3,1,3251.7,164,2,3251.6,25,2,3252.9,7,1,3253.0,42,1,3253.1,36,2,3253.2,14,1,3253.3,83,5
11536,2025-12-30 14:15:38+05:30,3251.9,1,3253.41,1496245,100275.0,126922.0,3250.0,3267.5,3239.8,3251.5,46936225,3576.6,2926.4,4322.95,2866.6,3251.9,27,3,3251.7,164,2,3251.6,25,2,3251.5,201,7,3251.4,199,3,3253.0,26,1,3253.1,55,3,3253.2,33,2,3253.3,83,5,3253.4,10,1
11536,2025-12-30 14:15:39+05:30,3251.9,1,3253.41,1496245,100275.0,126922.0,3250.0,3267.5,3239.8,3251.5,46936225,3576.6,2926.4,4322.95,2866.6,3251.9,27,3,3251.7,164,2,3251.6,25,2,3251.5,201,7,3251.4,199,3,3253.0,26,1,3253.1,55,3,3253.2,33,2,3253.3,83,5,3253.4,10,1
11536,2025-12-30 14:15:39+05:30,3251.9,1,3253.41,1496246,98937.0,126943.0,3250.0,3267.5,3239.8,3251.5,46936225,3576.6,2926.4,4322.95,2866.6,3251.9,26,3,3251.7,164,2,3251.6,25,2,3251.5,201,7,3251.4,199,3,3253.0,26,1,3253.1,55,3,3253.2,33,2,3253.3,83,5,3253.4,10,1
11536,2025-12-30 14:15:40+05:30,3251.9,1,3253.41,1496246,100545.0,126330.0,3250.0,3267.5,3239.8,3251.5,46936225,3576.6,2926.4,4322.95,2866.6,3252.0,58,3,3251.9,3,2,3251.8,23,2,3251.7,188,4,3251.6,356,4,3253.0,6,1,3253.3,47,2,3253.5,55,4,3253.6,43,3,3253.7,90,3
11536,2025-12-30 14:15:41+05:30,3252.0,1,3253.41,1496246,100545.0,126330.0,3250.0,3267.5,3239.8,3251.5,46936225,3576.6,2926.4,4322.95,2866.6,3252.0,58,3,3251.9,3,2,3251.8,23,2,3251.7,188,4,3251.6,356,4,3253.0,6,1,3253.3,47,2,3253.5,55,4,3253.6,43,3,3253.7,90,3
11536,2025-12-30 14:15:41+05:30,3252.0,1,3253.41,1496247,100544.0,126402.0,3250.0,3267.5,3239.8,3251.5,46936225,3576.6,2926.4,4322.95,2866.6,3252.0,57,3,3251.9,3,2,3251.8,3,1,3251.7,137,2,3251.6,356,4,3252.9,6,1,3253.0,20,2,3253.1,18,1,3253.3,47,2,3253.5,53,4
11536,2025-12-30 14:15:42+05:30,3253.0,4,3253.41,1496259,100736.0,126420.0,3250.0,3267.5,3239.8,3251.5,46936225,3576.6,2926.4,4322.95,2866.6,3252.1,1,1,3252.0,55,2,3251.9,2,1,3251.7,144,3,3251.6,356,4,3253.0,9,1,3253.1,18,1,3253.3,47,2,3253.5,53,4,3253.6,63,4
11536,2025-12-30 14:15:43+05:30,3252.1,1,3253.41,1496259,100736.0,126420.0,3250.0,3267.5,3239.8,3251.5,46936225,3576.6,2926.4,4322.95,2866.6,3252.1,1,1,3252.0,55,2,3251.9,2,1,3251.7,144,3,3251.6,356,4,3253.0,9,1,3253.1,18,1,3253.3,47,2,3253.5,53,4,3253.6,63,4
11536,2025-12-30 14:15:43+05:30,3252.0,6,3253.41,1496291,100714.0,126426.0,3250.0,3267.5,3239.8,3251.5,46936225,3576.6,2926.4,4322.95,2866.6,3252.0,34,2,3251.9,2,1,3251.7,144,3,3251.6,181,3,3251.5,418,9,3253.0,9,1,3253.1,18,1,3253.3,89,3,3253.5,53,4,3253.6,137,6
11536,2025-12-30 14:15:44+05:30,3252.0,6,3253.41,1496291,100714.0,126426.0,3250.0,3267.5,3239.8,3251.5,46936225,3576.6,2926.4,4322.95,2866.6,3252.0,34,2,3251.9,2,1,3251.7,144,3,3251.6,181,3,3251.5,418,9,3253.0,9,1,3253.1,18,1,3253.3,89,3,3253.5,53,4,3253.6,137,6
11536,2025-12-30 14:15:44+05:30,3252.0,6,3253.41,1496291,100817.0,126415.0,3250.0,3267.5,3239.8,3251.5,46936225,3576.6,2926.4,4322.95,2866.6,3252.1,65,3,3252.0,45,1,3251.9,2,1,3251.8,19,1,3251.7,169,4,3253.0,9,1,3253.3,25,1,3253.5,53,4,3253.6,91,5,3253.7,63,2
11536,2025-12-30 14:15:45+05:30,3253.0,1,3253.41,1496291,100817.0,126415.0,3250.0,3267.5,3239.8,3251.5,46936225,3576.6,2926.4,4322.95,2866.6,3252.1,65,3,3252.0,45,1,3251.9,2,1,3251.8,19,1,3251.7,169,4,3253.0,9,1,3253.3,25,1,3253.5,53,4,3253.6,91,5,3253.7,63,2
11536,2025-12-30 14:15:45+05:30,3252.1,1,3253.41,1496369,100741.0,125750.0,3250.0,3267.5,3239.8,3251.5,46936225,3576.6,2926.4,4322.95,2866.6,3252.0,55,2,3251.9,2,1,3251.8,20,1,3251.7,140,3,3251.6,356,4,3253.3,94,5,3253.4,21,2,3253.5,71,5,3253.6,69,4,3253.7,117,4
11536,2025-12-30 14:15:46+05:30,3253.3,1,3253.41,1496369,100741.0,125750.0,3250.0,3267.5,3239.8,3251.5,46936225,3576.6,2926.4,4322.95,2866.6,3252.0,55,2,3251.9,2,1,3251.8,20,1,3251.7,140,3,3251.6,356,4,3253.3,94,5,3253.4,21,2,3253.5,71,5,3253.6,69,4,3253.7,117,4
11536,2025-12-30 14:15:47+05:30,3253.3,1,3253.41,1496371,100629.0,125892.0,3250.0,3267.5,3239.8,3251.5,46936225,3576.6,2926.4,4322.95,2866.6,3252.2,144,2,3252.0,220,2,3251.9,2,1,3251.8,21,1,3251.7,190,4,3253.3,92,5,3253.4,21,2,3253.5,71,5,3253.6,69,4,3253.7,117,4
11536,2025-12-30 14:15:47+05:30,3253.3,3,3253.41,1496371,100629.0,125892.0,3250.0,3267.5,3239.8,3251.5,46936225,3576.6,2926.4,4322.95,2866.6,3252.2,144,2,3252.0,220,2,3251.9,2,1,3251.8,21,1,3251.7,190,4,3253.3,92,5,3253.4,21,2,3253.5,71,5,3253.6,69,4,3253.7,117,4
11536,2025-12-30 14:15:48+05:30,3251.8,3,3253.41,1497324,98421.0,126912.0,3250.0,3267.5,3239.8,3251.5,46936225,3576.6,2926.4,4322.95,2866.6,3251.6,17,2,3251.5,75,6,3251.3,79,4,3251.2,60,5,3251.1,28,3,3251.8,103,1,3252.9,63,2,3253.0,26,3,3253.1,235,3,3253.2,115,4
11536,2025-12-30 14:15:48+05:30,3251.8,3,3253.41,1497324,98421.0,126912.0,3250.0,3267.5,3239.8,3251.5,46936225,3576.6,2926.4,4322.95,2866.6,3251.6,17,2,3251.5,75,6,3251.3,79,4,3251.2,60,5,3251.1,28,3,3251.8,103,1,3252.9,63,2,3253.0,26,3,3253.1,235,3,3253.2,115,4
11536,2025-12-30 14:15:49+05:30,3251.6,1,3253.41,1497325,98422.0,127131.0,3250.0,3267.5,3239.8,3251.5,46936225,3576.6,2926.4,4322.95,2866.6,3251.6,16,2,3251.5,75,6,3251.3,79,4,3251.2,60,5,3251.1,28,3,3251.8,103,1,3252.9,77,3,3253.0,26,3,3253.1,254,4,3253.2,115,4
11536,2025-12-30 14:15:49+05:30,3251.8,47,3253.41,1497325,98422.0,127131.0,3250.0,3267.5,3239.8,3251.5,46936225,3576.6,2926.4,4322.95,2866.6,3251.6,16,2,3251.5,75,6,3251.3,79,4,3251.2,60,5,3251.1,28,3,3251.8,103,1,3252.9,77,3,3253.0,26,3,3253.1,254,4,3253.2,115,4
11536,2025-12-30 14:15:50+05:30,3251.8,47,3253.41,1497372,98422.0,126961.0,3250.0,3267.5,3239.8,3251.5,46936225,3576.6,2926.4,4322.95,2866.6,3251.6,16,2,3251.5,75,6,3251.3,79,4,3251.2,60,5,3251.1,28,3,3251.8,56,1,3252.9,77,3,3253.0,26,3,3253.1,254,4,3253.2,115,4
11536,2025-12-30 14:15:51+05:30,3251.6,2,3253.41,1497435,98684.0,126998.0,3250.0,3267.5,3239.8,3251.5,46936225,3576.6,2926.4,4322.95,2866.6,3251.6,91,5,3251.5,20,4,3251.3,40,5,3251.2,248,9,3251.1,16,3,3252.8,24,1,3252.9,125,6,3253.0,3,1,3253.1,187,2,3253.2,138,5
11536,2025-12-30 14:15:51+05:30,3251.6,1,3253.41,1497435,98684.0,126998.0,3250.0,3267.5,3239.8,3251.5,46936225,3576.6,2926.4,4322.95,2866.6,3251.6,91,5,3251.5,20,4,3251.3,40,5,3251.2,248,9,3251.1,16,3,3252.8,24,1,3252.9,125,6,3253.0,3,1,3253.1,187,2,3253.2,138,5
11536,2025-12-30 14:15:52+05:30,3252.8,4,3253.41,1497442,98781.0,127095.0,3250.0,3267.5,3239.8,3251.5,46936225,3576.6,2926.4,4322.95,2866.6,3251.6,90,5,3251.5,20,4,3251.3,40,5,3251.2,248,9,3251.1,16,3,3252.8,18,1,3252.9,106,5,3253.0,3,1,3253.1,187,2,3253.2,148,6
11536,2025-12-30 14:15:52+05:30,3252.8,4,3253.41,1497442,98781.0,127095.0,3250.0,3267.5,3239.8,3251.5,46936225,3576.6,2926.4,4322.95,2866.6,3251.6,90,5,3251.5,20,4,3251.3,40,5,3251.2,248,9,3251.1,16,3,3252.8,18,1,3252.9,106,5,3253.0,3,1,3253.1,187,2,3253.2,148,6
11536,2025-12-30 14:15:53+05:30,3252.8,4,3253.41,1497442,98781.0,125667.0,3250.0,3267.5,3239.8,3251.5,46936225,3576.6,2926.4,4322.95,2866.6,3251.6,90,5,3251.5,20,4,3251.3,40,5,3251.2,248,9,3251.1,16,3,3252.8,18,1,3252.9,106,5,3253.0,3,1,3253.1,19,1,3253.2,148,6
11536,2025-12-30 14:15:54+05:30,3252.8,4,3253.41,1497442,98782.0,126881.0,3250.0,3267.5,3239.8,3251.5,46936225,3576.6,2926.4,4322.95,2866.6,3251.6,90,5,3251.5,20,4,3251.3,40,5,3251.2,248,9,3251.1,16,3,3252.8,36,3,3252.9,77,3,3253.0,3,1,3253.1,19,1,3253.2,148,6
11536,2025-12-30 14:15:55+05:30,3252.8,1,3253.41,1497460,99501.0,126852.0,3250.0,3267.5,3239.8,3251.5,46936225,3576.6,2926.4,4322.95,2866.6,3251.7,35,2,3251.6,103,4,3251.5,74,5,3251.4,21,1,3251.3,37,4,3252.8,7,1,3252.9,77,3,3253.0,3,1,3253.1,19,1,3253.2,148,6
11536,2025-12-30 14:15:55+05:30,3252.8,1,3253.41,1497460,99501.0,126852.0,3250.0,3267.5,3239.8,3251.5,46936225,3576.6,2926.4,4322.95,2866.6,3251.7,35,2,3251.6,103,4,3251.5,74,5,3251.4,21,1,3251.3,37,4,3252.8,7,1,3252.9,77,3,3253.0,3,1,3253.1,19,1,3253.2,148,6
11536,2025-12-30 14:15:56+05:30,3252.8,1,3253.41,1497460,99494.0,127057.0,3250.0,3267.5,3239.8,3251.5,46936225,3576.6,2926.4,4322.95,2866.6,3251.7,35,2,3251.6,103,4,3251.5,74,5,3251.4,21,1,3251.3,37,4,3252.9,77,3,3253.0,22,2,3253.1,19,1,3253.2,126,5,3253.3,41,3
11536,2025-12-30 14:15:57+05:30,3252.8,1,3253.41,1497460,99829.0,127057.0,3250.0,3267.5,3239.8,3251.5,46936225,3576.6,2926.4,4322.95,2866.6,3251.7,35,2,3251.6,103,4,3251.5,74,5,3251.4,21,1,3251.3,37,4,3252.9,77,3,3253.0,22,2,3253.1,19,1,3253.2,126,5,3253.3,41,3
11536,2025-12-30 14:15:58+05:30,3251.8,2,3253.41,1497465,99668.0,126656.0,3250.0,3267.5,3239.8,3251.5,46936225,3576.6,2926.4,4322.95,2866.6,3251.8,33,2,3251.7,30,1,3251.6,103,5,3251.5,249,6,3251.4,21,1,3252.9,88,4,3253.0,28,2,3253.1,49,2,3253.2,125,5,3253.3,41,3
11536,2025-12-30 14:15:58+05:30,3252.9,1,3253.41,1497465,99668.0,126656.0,3250.0,3267.5,3239.8,3251.5,46936225,3576.6,2926.4,4322.95,2866.6,3251.8,33,2,3251.7,30,1,3251.6,103,5,3251.5,249,6,3251.4,21,1,3252.9,88,4,3253.0,28,2,3253.1,49,2,3253.2,125,5,3253.3,41,3
11536,2025-12-30 14:15:59+05:30,3252.9,1,3253.41,1497466,99721.0,126705.0,3250.0,3267.5,3239.8,3251.5,46936225,3576.6,2926.4,4322.95,2866.6,3251.8,86,3,3251.7,30,1,3251.6,103,5,3251.5,249,6,3251.4,21,1,3252.9,126,7,3253.0,28,2,3253.1,49,2,3253.2,125,5,3253.3,36,2
11536,2025-12-30 14:16:00+05:30,3251.8,1,3253.41,1497467,99818.0,126724.0,3250.0,3267.5,3239.8,3251.5,46936225,3576.6,2926.4,4322.95,2866.6,3251.8,85,3,3251.7,30,1,3251.6,103,5,3251.5,249,6,3251.4,21,1,3252.9,115,6,3253.0,28,2,3253.1,49,2,3253.2,125,5,3253.3,36,2
11536,2025-12-30 14:16:00+05:30,3251.8,1,3253.41,1497467,99818.0,126724.0,3250.0,3267.5,3239.8,3251.5,46936225,3576.6,2926.4,4322.95,2866.6,3251.8,85,3,3251.7,30,1,3251.6,103,5,3251.5,249,6,3251.4,21,1,3252.9,115,6,3253.0,28,2,3253.1,49,2,3253.2,125,5,3253.3,36,2
11536,2025-12-30 14:16:00+05:30,3252.9,1,3253.41,1497468,99883.0,126807.0,3250.0,3267.5,3239.8,3251.5,46936225,3576.6,2926.4,4322.95,2866.6,3251.8,85,3,3251.7,42,2,3251.6,94,4,3251.5,249,6,3251.4,44,2,3252.9,58,4,3253.0,28,2,3253.1,30,1,3253.2,135,5,3253.3,36,2
11536,2025-12-30 14:16:01+05:30,3252.9,1,3253.41,1497468,99883.0,126807.0,3250.0,3267.5,3239.8,3251.5,46936225,3576.6,2926.4,4322.95,2866.6,3251.8,85,3,3251.7,42,2,3251.6,94,4,3251.5,249,6,3251.4,44,2,3252.9,58,4,3253.0,28,2,3253.1,30,1,3253.2,135,5,3253.3,36,2
11536,2025-12-30 14:16:01+05:30,3252.9,1,3253.41,1497469,99923.0,127001.0,3250.0,3267.5,3239.8,3251.5,46936225,3576.6,2926.4,4322.95,2866.6,3251.8,114,4,3251.7,42,2,3251.6,94,4,3251.5,249,6,3251.4,44,2,3252.9,57,4,3253.0,3,1,3253.1,30,1,3253.2,135,5,3253.3,61,3
11536,2025-12-30 14:16:02+05:30,3251.4,24,3253.41,1498527,98642.0,126869.0,3250.0,3267.5,3239.8,3251.5,46936225,3576.6,2926.4,4322.95,2866.6,3251.6,48,2,3251.5,231,4,3251.4,39,2,3251.3,27,3,3251.2,98,8,3252.9,91,6,3253.0,27,3,3253.1,19,1,3253.2,129,4,3253.3,14,2
11536,2025-12-30 14:16:03+05:30,3251.6,2,3253.41,1498527,98642.0,126869.0,3250.0,3267.5,3239.8,3251.5,46936225,3576.6,2926.4,4322.95,2866.6,3251.6,48,2,3251.5,231,4,3251.4,39,2,3251.3,27,3,3251.2,98,8,3252.9,91,6,3253.0,27,3,3253.1,19,1,3253.2,129,4,3253.3,14,2
11536,2025-12-30 14:16:03+05:30,3251.6,1,3253.41,1498530,98712.0,126914.0,3250.0,3267.5,3239.8,3251.5,46936225,3576.6,2926.4,4322.95,2866.6,3251.6,55,3,3251.5,221,3,3251.4,39,2,3251.3,44,4,3251.2,119,9,3252.9,123,7,3253.0,8,2,3253.1,19,1,3253.2,129,4,3253.3,17,3
11536,2025-12-30 14:16:04+05:30,3252.9,7,3253.41,1498530,98712.0,126914.0,3250.0,3267.5,3239.8,3251.5,46936225,3576.6,2926.4,4322.95,2866.6,3251.6,55,3,3251.5,221,3,3251.4,39,2,3251.3,44,4,3251.2,119,9,3252.9,123,7,3253.0,8,2,3253.1,19,1,3253.2,129,4,3253.3,17,3
11536,2025-12-30 14:16:04+05:30,3252.9,1,3253.41,1498578,98860.0,126735.0,3250.0,3267.5,3239.8,3251.5,46936225,3576.6,2926.4,4322.95,2866.6,3251.6,55,3,3251.5,205,2,3251.4,39,2,3251.3,44,4,3251.2,119,9,3252.9,43,3,3253.0,22,3,3253.1,19,1,3253.2,129,4,3253.3,17,3
11536,2025-12-30 14:16:05+05:30,3252.9,1,3253.41,1498578,98860.0,126735.0,3250.0,3267.5,3239.8,3251.5,46936225,3576.6,2926.4,4322.95,2866.6,3251.6,55,3,3251.5,205,2,3251.4,39,2,3251.3,44,4,3251.2,119,9,3252.9,43,3,3253.0,22,3,3253.1,19,1,3253.2,129,4,3253.3,17,3
11536,2025-12-30 14:16:05+05:30,3251.6,1,3253.41,1498580,99502.0,126868.0,3250.0,3267.5,3239.8,3251.5,46936225,3576.6,2926.4,4322.95,2866.6,3251.6,97,5,3251.5,175,1,3251.4,60,3,3251.3,44,4,3251.2,298,11,3252.9,31,2,3253.0,22,3,3253.2,129,4,3253.3,41,4,3253.4,203,3
11536,2025-12-30 14:16:06+05:30,3251.6,1,3253.41,1498580,99502.0,126868.0,3250.0,3267.5,3239.8,3251.5,46936225,3576.6,2926.4,4322.95,2866.6,3251.6,97,5,3251.5,175,1,3251.4,60,3,3251.3,44,4,3251.2,298,11,3252.9,31,2,3253.0,22,3,3253.2,129,4,3253.3,41,4,3253.4,203,3
11536,2025-12-30 14:16:06+05:30,3251.6,1,3253.41,1498581,99705.0,126742.0,3250.0,3267.5,3239.8,3251.5,46936225,3576.6,2926.4,4322.95,2866.6,3251.9,1,1,3251.6,71,4,3251.5,178,2,3251.4,60,3,3251.3,69,5,3252.9,56,3,3253.0,41,4,3253.2,129,4,3253.3,41,4,3253.4,42,2
11536,2025-12-30 14:16:07+05:30,3251.6,1,3253.41,1498581,100213.0,126742.0,3250.0,3267.5,3239.8,3251.5,46936225,3576.6,2926.4,4322.95,2866.6,3251.9,1,1,3251.6,72,5,3251.5,178,2,3251.4,44,2,3251.3,44,4,3252.8,44,2,3252.9,31,2,3253.0,41,4,3253.2,136,5,3253.3,41,4
11536,2025-12-30 14:16:08+05:30,3251.9,1,3253.41,1498582,99822.0,126890.0,3250.0,3267.5,3239.8,3251.5,46936225,3576.6,2926.4,4322.95,2866.6,3251.6,42,4,3251.5,197,3,3251.4,48,2,3251.3,64,5,3251.2,236,6,3251.8,14,1,3252.8,86,2,3252.9,92,3,3253.0,41,4,3253.2,171,6
11536,2025-12-30 14:16:09+05:30,3251.8,1,3253.41,1498582,99822.0,126890.0,3250.0,3267.5,3239.8,3251.5,46936225,3576.6,2926.4,4322.95,2866.6,3251.6,42,4,3251.5,197,3,3251.4,48,2,3251.3,64,5,3251.2,236,6,3251.8,14,1,3252.8,86,2,3252.9,92,3,3253.0,41,4,3253.2,171,6
11536,2025-12-30 14:16:09+05:30,3252.9,44,3253.41,1498774,100348.0,126492.0,3250.0,3267.5,3239.8,3251.5,46936225,3576.6,2926.4,4322.95,2866.6,3251.6,174,8,3251.5,178,2,3251.4,44,2,3251.3,309,9,3251.2,331,11,3252.9,19,1,3253.0,41,4,3253.2,105,3,3253.3,26,2,3253.4,21,1
11536,2025-12-30 14:16:10+05:30,3252.9,1,3253.41,1498774,100348.0,126492.0,3250.0,3267.5,3239.8,3251.5,46936225,3576.6,2926.4,4322.95,2866.6,3251.6,174,8,3251.5,178,2,3251.4,44,2,3251.3,309,9,3251.2,331,11,3252.9,19,1,3253.0,41,4,3253.2,105,3,3253.3,26,2,3253.4,21,1
11536,2025-12-30 14:16:10+05:30,3251.8,3,3253.41,1498780,100498.0,126469.0,3250.0,3267.5,3239.8,3251.5,46936225,3576.6,2926.4,4322.95,2866.6,3251.8,32,2,3251.6,114,5,3251.5,178,2,3251.4,223,4,3251.3,271,7,3252.9,24,1,3253.0,27,3,3253.1,29,1,3253.2,125,4,3253.3,30,2
11536,2025-12-30 14:16:11+05:30,3252.9,3,3253.41,1498780,100498.0,126469.0,3250.0,3267.5,3239.8,3251.5,46936225,3576.6,2926.4,4322.95,2866.6,3251.8,32,2,3251.6,114,5,3251.5,178,2,3251.4,223,4,3251.3,271,7,3252.9,24,1,3253.0,27,3,3253.1,29,1,3253.2,125,4,3253.3,30,2
11536,2025-12-30 14:16:11+05:30,3252.9,12,3253.41,1498799,100454.0,126486.0,3250.0,3267.5,3239.8,3251.5,46936225,3576.6,2926.4,4322.95,2866.6,3251.8,30,2,3251.6,114,5,3251.5,178,2,3251.4,223,4,3251.3,271,7,3252.9,7,1,3253.0,45,4,3253.1,29,1,3253.2,125,4,3253.3,51,3
11536,2025-12-30 14:16:12+05:30,3252.9,12,3253.41,1498799,100454.0,126486.0,3250.0,3267.5,3239.8,3251.5,46936225,3576.6,2926.4,4322.95,2866.6,3251.8,30,2,3251.6,114,5,3251.5,178,2,3251.4,223,4,3251.3,271,7,3252.9,7,1,3253.0,45,4,3253.1,29,1,3253.2,125,4,3253.3,51,3
11536,2025-12-30 14:16:13+05:30,3253.2,1,3253.41,1498976,100982.0,126359.0,3250.0,3267.5,3239.8,3251.5,46936225,3576.6,2926.4,4322.95,2866.6,3252.9,1,1,3252.0,36,2,3251.9,29,1,3251.8,47,2,3251.7,9,1,3253.2,137,7,3253.3,26,2,3253.5,314,6,3253.6,28,1,3253.7,42,1
11536,2025-12-30 14:16:13+05:30,3252.9,1,3253.41,1498976,100982.0,126359.0,3250.0,3267.5,3239.8,3251.5,46936225,3576.6,2926.4,4322.95,2866.6,3252.9,1,1,3252.0,36,2,3251.9,29,1,3251.8,47,2,3251.7,9,1,3253.2,137,7,3253.3,26,2,3253.5,314,6,3253.6,28,1,3253.7,42,1
11536,2025-12-30 14:16:13+05:30,3252.9,1,3253.41,1498977,100864.0,126444.0,3250.0,3267.5,3239.8,3251.5,46936225,3576.6,2926.4,4322.95,2866.6,3252.9,1,1,3252.0,36,2,3251.9,29,1,3251.8,47,2,3251.7,9,1,3253.2,137,7,3253.3,26,2,3253.5,314,6,3253.6,42,3,3253.7,42,1
11536,2025-12-30 14:16:14+05:30,3252.9,1,3253.41,1498977,100844.0,126515.0,3250.0,3267.5,3239.8,3251.5,46936225,3576.6,2926.4,4322.95,2866.6,3252.9,1,1,3252.0,39,3,3251.8,47,2,3251.7,9,1,3251.6,98,6,3253.2,126,6,3253.3,26,2,3253.4,21,1,3253.5,335,7,3253.6,53,3
11536,2025-12-30 14:16:15+05:30,3253.2,2,3253.41,1498977,100844.0,126515.0,3250.0,3267.5,3239.8,3251.5,46936225,3576.6,2926.4,4322.95,2866.6,3252.9,1,1,3252.0,39,3,3251.8,47,2,3251.7,9,1,3251.6,98,6,3253.2,126,6,3253.3,26,2,3253.4,21,1,3253.5,335,7,3253.6,53,3
11536,2025-12-30 14:16:15+05:30,3253.2,10,3253.41,1498989,100861.0,126533.0,3250.0,3267.5,3239.8,3251.5,46936225,3576.6,2926.4,4322.95,2866.6,3252.9,1,1,3252.0,39,3,3251.8,108,3,3251.7,53,3,3251.6,273,7,3253.2,98,5,3253.3,26,2,3253.4,21,1,3253.5,313,7,3253.6,68,4
11536,2025-12-30 14:16:16+05:30,3253.2,1,3253.41,1498989,100861.0,126533.0,3250.0,3267.5,3239.8,3251.5,46936225,3576.6,2926.4,4322.95,2866.6,3252.9,1,1,3252.0,39,3,3251.8,108,3,3251.7,53,3,3251.6,273,7,3253.2,98,5,3253.3,26,2,3253.4,21,1,3253.5,313,7,3253.6,68,4
11536,2025-12-30 14:16:16+05:30,3252.1,1,3253.41,1499036,100926.0,126751.0,3250.0,3267.5,3239.8,3251.5,46936225,3576.6,2926.4,4322.95,2866.6,3252.1,53,2,3252.0,41,2,3251.9,16,1,3251.8,54,3,3251.7,84,3,3252.9,1,1,3253.2,19,2,3253.5,299,6,3253.6,27,2,3253.7,48,2
11536,2025-12-30 14:16:17+05:30,3252.1,1,3253.41,1499036,100926.0,126751.0,3250.0,3267.5,3239.8,3251.5,46936225,3576.6,2926.4,4322.95,2866.6,3252.1,53,2,3252.0,41,2,3251.9,16,1,3251.8,54,3,3251.7,84,3,3252.9,1,1,3253.2,19,2,3253.5,299,6,3253.6,27,2,3253.7,48,2
11536,2025-12-30 14:16:17+05:30,3251.7,324,3253.41,1500095,96820.0,126640.0,3250.0,3267.5,3239.8,3251.5,46936225,3576.6,2926.4,4322.95,2866.6,3252.1,7,2,3252.0,47,3,3251.9,29,1,3251.8,32,2,3251.7,19,1,3252.9,1,1,3253.2,19,2,3253.5,238,3,3253.6,44,3,3253.7,289,6
11536,2025-12-30 14:16:18+05:30,3253.2,2,3253.41,1500095,96820.0,126640.0,3250.0,3267.5,3239.8,3251.5,46936225,3576.6,2926.4,4322.95,2866.6,3252.1,7,2,3252.0,47,3,3251.9,29,1,3251.8,32,2,3251.7,19,1,3252.9,1,1,3253.2,19,2,3253.5,238,3,3253.6,44,3,3253.7,289,6
11536,2025-12-30 14:16:18+05:30,3253.2,2,3253.41,1500098,99400.0,126420.0,3250.0,3267.5,3239.8,3251.5,46936225,3576.6,2926.4,4322.95,2866.6,3252.1,16,3,3252.0,41,3,3251.9,29,1,3251.8,24,2,3251.7,19,1,3253.2,17,2,3253.5,280,4,3253.6,6,1,3253.7,114,5,3253.8,207,3
11536,2025-12-30 14:16:19+05:30,3253.2,2,3253.41,1500098,100192.0,126529.0,3250.0,3267.5,3239.8,3251.5,46936225,3576.6,2926.4,4322.95,2866.6,3252.9,5,1,3252.1,10,2,3252.0,21,1,3251.8,27,3,3251.7,28,2,3253.2,35,4,3253.3,48,2,3253.4,43,2,3253.5,322,6,3253.6,6,1
11536,2025-12-30 14:16:20+05:30,3253.2,1,3253.41,1500099,99168.0,126624.0,3250.0,3267.5,3239.8,3251.5,46936225,3576.6,2926.4,4322.95,2866.6,3252.9,5,1,3252.1,10,2,3252.0,21,1,3251.8,27,3,3251.7,89,3,3253.2,105,6,3253.3,66,3,3253.4,18,1,3253.5,280,4,3253.6,6,1
11536,2025-12-30 14:16:21+05:30,3253.2,1,3253.41,1500099,99168.0,126624.0,3250.0,3267.5,3239.8,3251.5,46936225,3576.6,2926.4,4322.95,2866.6,3252.9,5,1,3252.1,10,2,3252.0,21,1,3251.8,27,3,3251.7,89,3,3253.2,105,6,3253.3,66,3,3253.4,18,1,3253.5,280,4,3253.6,6,1
11536,2025-12-30 14:16:21+05:30,3252.9,1,3253.41,1500100,97711.0,126636.0,3250.0,3267.5,3239.8,3251.5,46936225,3576.6,2926.4,4322.95,2866.6,3252.9,4,1,3252.1,10,2,3252.0,24,2,3251.8,27,3,3251.7,439,5,3253.2,115,7,3253.3,48,2,3253.4,18,1,3253.5,300,5,3253.6,6,1
11536,2025-12-30 14:16:22+05:30,3253.5,2,3253.41,1500100,97711.0,126636.0,3250.0,3267.5,3239.8,3251.5,46936225,3576.6,2926.4,4322.95,2866.6,3252.9,4,1,3252.1,10,2,3252.0,24,2,3251.8,27,3,3251.7,439,5,3253.2,115,7,3253.3,48,2,3253.4,18,1,3253.5,300,5,3253.6,6,1
11536,2025-12-30 14:16:22+05:30,3253.5,3,3253.41,1500290,101478.0,125738.0,3250.0,3267.5,3239.8,3251.5,46936225,3576.6,2926.4,4322.95,2866.6,3253.2,3,1,3252.8,27,2,3252.2,20,1,3252.1,9,1,3252.0,24,2,3253.5,357,8,3253.6,27,2,3253.7,69,3,3253.8,64,3,3253.9,80,4
11536,2025-12-30 14:16:23+05:30,3253.5,3,3253.41,1500290,101478.0,125738.0,3250.0,3267.5,3239.8,3251.5,46936225,3576.6,2926.4,4322.95,2866.6,3253.2,3,1,3252.8,27,2,3252.2,20,1,3252.1,9,1,3252.0,24,2,3253.5,357,8,3253.6,27,2,3253.7,69,3,3253.8,64,3,3253.9,80,4
11536,2025-12-30 14:16:23+05:30,3253.5,3,3253.41,1500290,101436.0,125738.0,3250.0,3267.5,3239.8,3251.5,46936225,3576.6,2926.4,4322.95,2866.6,3253.2,3,1,3252.8,27,2,3252.2,20,1,3252.1,9,1,3252.0,24,2,3253.5,357,8,3253.6,27,2,3253.7,69,3,3253.8,64,3,3253.9,80,4
11536,2025-12-30 14:16:24+05:30,3253.2,1,3253.41,1500290,101436.0,125738.0,3250.0,3267.5,3239.8,3251.5,46936225,3576.6,2926.4,4322.95,2866.6,3253.2,3,1,3252.8,27,2,3252.2,20,1,3252.1,9,1,3252.0,24,2,3253.5,357,8,3253.6,27,2,3253.7,69,3,3253.8,64,3,3253.9,80,4
11536,2025-12-30 14:16:24+05:30,3253.2,1,3253.41,1500291,101477.0,125729.0,3250.0,3267.5,3239.8,3251.5,46936225,3576.6,2926.4,4322.95,2866.6,3253.2,2,1,3252.8,34,3,3252.2,20,1,3252.1,9,1,3252.0,24,2,3253.5,344,7,3253.6,27,2,3253.7,69,3,3253.8,64,3,3253.9,59,4
11536,2025-12-30 14:16:25+05:30,3253.5,44,3253.41,1500291,101477.0,125729.0,3250.0,3267.5,3239.8,3251.5,46936225,3576.6,2926.4,4322.95,2866.6,3253.2,2,1,3252.8,34,3,3252.2,20,1,3252.1,9,1,3252.0,24,2,3253.5,344,7,3253.6,27,2,3253.7,69,3,3253.8,64,3,3253.9,59,4
11536,2025-12-30 14:16:25+05:30,3253.5,44,3253.41,1500336,101519.0,125398.0,3250.0,3267.5,3239.8,3251.5,46936225,3576.6,2926.4,4322.95,2866.6,3252.8,34,3,3252.2,20,1,3252.1,9,1,3252.0,85,3,3251.9,53,2,3253.5,267,7,3253.6,27,2,3253.7,69,3,3253.8,64,3,3253.9,59,4
11536,2025-12-30 14:16:26+05:30,3253.5,44,3253.41,1500336,98132.0,125925.0,3250.0,3267.5,3239.8,3251.5,46936225,3576.6,2926.4,4322.95,2866.6,3252.1,62,4,3252.0,43,3,3251.9,20,1,3251.8,79,4,3251.7,428,5,3252.9,1,1,3253.5,183,3,3253.6,48,3,3253.7,253,5,3253.8,271,6
11536,2025-12-30 14:16:27+05:30,3252.1,1,3253.41,1500336,98132.0,125925.0,3250.0,3267.5,3239.8,3251.5,46936225,3576.6,2926.4,4322.95,2866.6,3252.1,62,4,3252.0,43,3,3251.9,20,1,3251.8,79,4,3251.7,428,5,3252.9,1,1,3253.5,183,3,3253.6,48,3,3253.7,253,5,3253.8,271,6
11536,2025-12-30 14:16:27+05:30,3252.1,1,3253.41,1500347,100819.0,125997.0,3250.0,3267.5,3239.8,3251.5,46936225,3576.6,2926.4,4322.95,2866.6,3252.1,118,8,3252.0,29,3,3251.9,21,1,3251.8,396,5,3251.7,105,5,3252.9,1,1,3253.4,40,1,3253.5,172,2,3253.6,27,2,3253.7,48,2
11536,2025-12-30 14:16:28+05:30,3252.1,3,3253.41,1500347,100819.0,125997.0,3250.0,3267.5,3239.8,3251.5,46936225,3576.6,2926.4,4322.95,2866.6,3252.1,118,8,3252.0,29,3,3251.9,21,1,3251.8,396,5,3251.7,105,5,3252.9,1,1,3253.4,40,1,3253.5,172,2,3253.6,27,2,3253.7,48,2
11536,2025-12-30 14:16:28+05:30,3252.1,3,3253.41,1500350,101038.0,126469.0,3250.0,3267.5,3239.8,3251.5,46936225,3576.6,2926.4,4322.95,2866.6,3252.1,152,8,3252.0,29,3,3251.9,21,1,3251.8,396,5,3251.7,105,5,3252.9,1,1,3253.4,40,1,3253.5,172,2,3253.6,27,2,3253.7,48,2
11536,2025-12-30 14:16:29+05:30,3252.9,1,3253.41,1500351,101402.0,125544.0,3250.0,3267.5,3239.8,3251.5,46936225,3576.6,2926.4,4322.95,2866.6,3252.1,128,7,3252.0,41,4,3251.9,371,3,3251.8,92,5,3251.7,312,8,3253.4,75,3,3253.5,182,3,3253.6,6,1,3253.7,48,2,3253.8,32,2
11536,2025-12-30 14:16:30+05:30,3252.9,1,3253.41,1500351,101402.0,125544.0,3250.0,3267.5,3239.8,3251.5,46936225,3576.6,2926.4,4322.95,2866.6,3252.1,128,7,3252.0,41,4,3251.9,371,3,3251.8,92,5,3251.7,312,8,3253.4,75,3,3253.5,182,3,3253.6,6,1,3253.7,48,2,3253.8,32,2
11536,2025-12-30 14:16:30+05:30,3253.4,1,3253.41,1500352,101815.0,125551.0,3250.0,3267.5,3239.8,3251.5,46936225,3576.6,2926.4,4322.95,2866.6,3252.2,69,6,3252.1,149,7,3252.0,31,3,3251.9,371,3,3251.8,93,5,3253.4,54,2,3253.5,182,3,3253.7,48,2,3253.8,32,2,3253.9,16,2
11536,2025-12-30 14:16:31+05:30,3253.4,1,3253.41,1500352,101815.0,125551.0,3250.0,3267.5,3239.8,3251.5,46936225,3576.6,2926.4,4322.95,2866.6,3252.2,69,6,3252.1,149,7,3252.0,31,3,3251.9,371,3,3251.8,93,5,3253.4,54,2,3253.5,182,3,3253.7,48,2,3253.8,32,2,3253.9,16,2
11536,2025-12-30 14:16:31+05:30,3253.4,1,3253.41,1500353,102322.0,124622.0,3250.0,3267.5,3239.8,3251.5,46936225,3576.6,2926.4,4322.95,2866.6,3253.4,1,1,3252.7,16,1,3252.6,47,2,3252.5,19,2,3252.4,47,2,3253.5,172,2,3253.9,33,3,3254.0,97,6,3254.1,34,2,3254.2,26,1
11536,2025-12-30 14:16:32+05:30,3253.5,1,3253.41,1500353,102322.0,124622.0,3250.0,3267.5,3239.8,3251.5,46936225,3576.6,2926.4,4322.95,2866.6,3253.4,1,1,3252.7,16,1,3252.6,47,2,3252.5,19,2,3252.4,47,2,3253.5,172,2,3253.9,33,3,3254.0,97,6,3254.1,34,2,3254.2,26,1
11536,2025-12-30 14:16:32+05:30,3253.5,3,3253.4,1501541,98644.0,124364.0,3250.0,3267.5,3239.8,3251.5,46936225,3576.6,2926.4,4322.95,2866.6,3252.6,30,3,3252.5,26,1,3252.4,93,5,3252.2,226,4,3252.1,173,6,3253.5,42,2,3253.9,24,2,3254.0,8,3,3254.1,91,3,3254.2,77,3
11536,2025-12-30 14:16:33+05:30,3252.6,2,3253.4,1501541,98644.0,124364.0,3250.0,3267.5,3239.8,3251.5,46936225,3576.6,2926.4,4322.95,2866.6,3252.6,30,3,3252.5,26,1,3252.4,93,5,3252.2,226,4,3252.1,173,6,3253.5,42,2,3253.9,24,2,3254.0,8,3,3254.1,91,3,3254.2,77,3
11536,2025-12-30 14:16:33+05:30,3252.6,1,3253.4,1501544,101276.0,124404.0,3250.0,3267.5,3239.8,3251.5,46936225,3576.6,2926.4,4322.95,2866.6,3252.6,38,3,3252.5,217,4,3252.4,38,2,3252.3,175,1,3252.2,51,3,3253.5,42,2,3253.7,39,2,3253.9,60,4,3254.0,8,3,3254.1,113,4
11536,2025-12-30 14:16:34+05:30,3253.5,5,3253.4,1501544,101276.0,124404.0,3250.0,3267.5,3239.8,3251.5,46936225,3576.6,2926.4,4322.95,2866.6,3252.6,38,3,3252.5,217,4,3252.4,38,2,3252.3,175,1,3252.2,51,3,3253.5,42,2,3253.7,39,2,3253.9,60,4,3254.0,8,3,3254.1,113,4
11536,2025-12-30 14:16:34+05:30,3253.5,5,3253.4,1501591,102334.0,124187.0,3250.0,3267.5,3239.8,3251.5,46936225,3576.6,2926.4,4322.95,2866.6,3252.8,6,1,3252.7,26,1,3252.6,79,3,3252.5,390,5,3252.4,7,1,3253.5,9,1,3253.9,71,4,3254.0,8,3,3254.1,42,1,3254.2,24,2
11536,2025-12-30 14:16:35+05:30,3253.0,1,3253.4,1501591,102334.0,124187.0,3250.0,3267.5,3239.8,3251.5,46936225,3576.6,2926.4,4322.95,2866.6,3252.8,6,1,3252.7,26,1,3252.6,79,3,3252.5,390,5,3252.4,7,1,3253.5,9,1,3253.9,71,4,3254.0,8,3,3254.1,42,1,3254.2,24,2
11536,2025-12-30 14:16:35+05:30,3253.0,1,3253.4,1501592,101843.0,124641.0,3250.0,3267.5,3239.8,3251.5,46936225,3576.6,2926.4,4322.95,2866.6,3252.7,26,1,3252.6,75,2,3252.5,387,4,3252.4,30,2,3252.3,175,1,3253.0,4,1,3253.5,9,1,3253.9,71,4,3254.0,28,4,3254.1,42,1
11536,2025-12-30 14:16:36+05:30,3252.7,1,3253.4,1501597,102516.0,124576.0,3250.0,3267.5,3239.8,3251.5,46936225,3576.6,2926.4,4322.95,2866.6,3252.7,24,2,3252.6,425,4,3252.5,37,2,3252.4,227,4,3252.3,25,1,3253.0,6,2,3253.9,20,2,3254.0,28,4,3254.1,42,1,3254.2,199,4
11536,2025-12-30 14:16:37+05:30,3252.7,1,3253.4,1501597,102516.0,124576.0,3250.0,3267.5,3239.8,3251.5,46936225,3576.6,2926.4,4322.95,2866.6,3252.7,24,2,3252.6,425,4,3252.5,37,2,3252.4,227,4,3252.3,25,1,3253.0,6,2,3253.9,20,2,3254.0,28,4,3254.1,42,1,3254.2,199,4
11536,2025-12-30 14:16:37+05:30,3252.7,1,3253.4,1501597,102127.0,124730.0,3250.0,3267.5,3239.8,3251.5,46936225,3576.6,2926.4,4322.95,2866.6,3252.7,22,2,3252.6,425,4,3252.5,37,2,3252.4,227,4,3252.3,25,1,3253.0,6,2,3253.9,20,2,3254.0,28,4,3254.1,42,1,3254.2,230,4
11536,2025-12-30 14:16:38+05:30,3252.7,1,3253.4,1501597,102484.0,124858.0,3250.0,3267.5,3239.8,3251.5,46936225,3576.6,2926.4,4322.95,2866.6,3252.9,24,1,3252.7,82,2,3252.6,425,4,3252.5,6,1,3252.4,253,5,3253.0,6,2,3253.9,20,2,3254.0,8,3,3254.1,42,1,3254.2,49,3
11536,2025-12-30 14:16:39+05:30,3252.9,1,3253.4,1501598,102519.0,124843.0,3250.0,3267.5,3239.8,3251.5,46936225,3576.6,2926.4,4322.95,2866.6,3252.9,25,2,3252.7,83,3,3252.6,425,4,3252.5,32,2,3252.4,269,6,3253.0,6,2,3253.9,20,2,3254.0,8,3,3254.1,42,1,3254.2,49,3
11536,2025-12-30 14:16:40+05:30,3252.9,1,3253.4,1501598,102519.0,124843.0,3250.0,3267.5,3239.8,3251.5,46936225,3576.6,2926.4,4322.95,2866.6,3252.9,25,2,3252.7,83,3,3252.6,425,4,3252.5,32,2,3252.4,269,6,3253.0,6,2,3253.9,20,2,3254.0,8,3,3254.1,42,1,3254.2,49,3
11536,2025-12-30 14:16:40+05:30,3252.9,1,3253.4,1501598,102609.0,124834.0,3250.0,3267.5,3239.8,3251.5,46936225,3576.6,2926.4,4322.95,2866.6,3252.9,25,2,3252.7,83,3,3252.6,434,5,3252.5,32,2,3252.4,236,4,3253.0,6,2,3253.9,20,2,3254.0,8,3,3254.1,42,1,3254.2,49,3
11536,2025-12-30 14:16:41+05:30,3252.9,1,3253.4,1501598,102986.0,124842.0,3250.0,3267.5,3239.8,3251.5,46936225,3576.6,2926.4,4322.95,2866.6,3252.9,25,2,3252.7,83,3,3252.6,434,5,3252.5,32,2,3252.4,236,4,3253.0,6,2,3253.9,20,2,3254.0,8,3,3254.1,42,1,3254.2,49,3
11536,2025-12-30 14:16:42+05:30,3253.0,2,3253.4,1501598,102986.0,124842.0,3250.0,3267.5,3239.8,3251.5,46936225,3576.6,2926.4,4322.95,2866.6,3252.9,25,2,3252.7,83,3,3252.6,434,5,3252.5,32,2,3252.4,236,4,3253.0,6,2,3253.9,20,2,3254.0,8,3,3254.1,42,1,3254.2,49,3
11536,2025-12-30 14:16:43+05:30,3253.5,1,3253.4,1501613,103513.0,124709.0,3250.0,3267.5,3239.8,3251.5,46936225,3576.6,2926.4,4322.95,2866.6,3253.0,344,2,3252.9,132,3,3252.8,175,1,3252.7,109,3,3252.6,116,4,3253.5,22,1,3253.9,20,2,3254.0,8,3,3254.1,42,1,3254.2,3,1
11536,2025-12-30 14:16:43+05:30,3253.0,1,3253.4,1501613,103513.0,124709.0,3250.0,3267.5,3239.8,3251.5,46936225,3576.6,2926.4,4322.95,2866.6,3253.0,344,2,3252.9,132,3,3252.8,175,1,3252.7,109,3,3252.6,116,4,3253.5,22,1,3253.9,20,2,3254.0,8,3,3254.1,42,1,3254.2,3,1
11536,2025-12-30 14:16:44+05:30,3253.0,1,3253.4,1501614,103481.0,124735.0,3250.0,3267.5,3239.8,3251.5,46936225,3576.6,2926.4,4322.95,2866.6,3253.0,365,4,3252.9,132,3,3252.8,175,1,3252.7,109,3,3252.6,84,3,3253.5,29,2,3253.9,20,2,3254.0,8,3,3254.1,42,1,3254.2,3,1
11536,2025-12-30 14:16:45+05:30,3253.0,1,3253.4,1501615,103496.0,124154.0,3250.0,3267.5,3239.8,3251.5,46936225,3576.6,2926.4,4322.95,2866.6,3253.0,364,4,3252.9,132,3,3252.8,175,1,3252.7,109,3,3252.6,129,5,3253.5,29,2,3253.9,1,1,3254.0,8,3,3254.3,63,3,3254.4,56,5
11536,2025-12-30 14:16:45+05:30,3253.5,7,3253.4,1501615,103496.0,124154.0,3250.0,3267.5,3239.8,3251.5,46936225,3576.6,2926.4,4322.95,2866.6,3253.0,364,4,3252.9,132,3,3252.8,175,1,3252.7,109,3,3252.6,129,5,3253.5,29,2,3253.9,1,1,3254.0,8,3,3254.3,63,3,3254.4,56,5
11536,2025-12-30 14:16:46+05:30,3253.5,7,3253.4,1501644,103727.0,124132.0,3250.0,3267.5,3239.8,3251.5,46936225,3576.6,2926.4,4322.95,2866.6,3253.5,24,1,3253.0,364,4,3252.9,118,3,3252.8,175,1,3252.7,112,4,3253.9,1,1,3254.0,27,4,3254.2,59,2,3254.4,15,3,3254.5,71,3
11536,2025-12-30 14:16:46+05:30,3253.9,1,3253.4,1501644,103727.0,124132.0,3250.0,3267.5,3239.8,3251.5,46936225,3576.6,2926.4,4322.95,2866.6,3253.5,24,1,3253.0,364,4,3252.9,118,3,3252.8,175,1,3252.7,112,4,3253.9,1,1,3254.0,27,4,3254.2,59,2,3254.4,15,3,3254.5,71,3
11536,2025-12-30 14:16:47+05:30,3253.5,75,3253.4,1501745,102906.0,123972.0,3250.0,3267.5,3239.8,3251.5,46936225,3576.6,2926.4,4322.95,2866.6,3253.5,77,2,3253.0,364,4,3252.9,11,2,3252.8,175,1,3252.7,4,2,3254.0,35,4,3254.1,45,3,3254.2,51,2,3254.4,46,5,3254.5,50,2
11536,2025-12-30 14:16:47+05:30,3253.5,75,3253.4,1501745,102906.0,123972.0,3250.0,3267.5,3239.8,3251.5,46936225,3576.6,2926.4,4322.95,2866.6,3253.5,77,2,3253.0,364,4,3252.9,11,2,3252.8,175,1,3252.7,4,2,3254.0,35,4,3254.1,45,3,3254.2,51,2,3254.4,46,5,3254.5,50,2
11536,2025-12-30 14:16:48+05:30,3252.8,43,3253.4,1502804,102751.0,124336.0,3250.0,3267.5,3239.8,3251.5,46936225,3576.6,2926.4,4322.95,2866.6,3253.5,7,2,3252.8,26,2,3252.7,1,1,3252.6,55,3,3252.5,9,2,3253.8,27,1,3253.9,115,6,3254.0,84,6,3254.1,13,2,3254.2,123,5
11536,2025-12-30 14:16:48+05:30,3252.8,43,3253.4,1502804,102751.0,124336.0,3250.0,3267.5,3239.8,3251.5,46936225,3576.6,2926.4,4322.95,2866.6,3253.5,7,2,3252.8,26,2,3252.7,1,1,3252.6,55,3,3252.5,9,2,3253.8,27,1,3253.9,115,6,3254.0,84,6,3254.1,13,2,3254.2,123,5
11536,2025-12-30 14:16:49+05:30,3252.8,43,3253.4,1502804,103093.0,124527.0,3250.0,3267.5,3239.8,3251.5,46936225,3576.6,2926.4,4322.95,2866.6,3253.5,7,2,3252.8,26,2,3252.7,1,1,3252.6,55,3,3252.5,9,2,3253.8,27,1,3253.9,99,5,3254.0,84,6,3254.1,31,3,3254.2,169,6
11536,2025-12-30 14:16:50+05:30,3253.8,27,3253.4,1502831,102557.0,124382.0,3250.0,3267.5,3239.8,3251.5,46936225,3576.6,2926.4,4322.95,2866.6,3253.8,5,1,3253.5,7,2,3252.8,26,2,3252.7,1,1,3252.6,77,4,3253.9,74,4,3254.0,111,7,3254.1,28,2,3254.2,72,3,3254.3,3,1
11536,2025-12-30 14:16:50+05:30,3253.8,27,3253.4,1502831,102557.0,124382.0,3250.0,3267.5,3239.8,3251.5,46936225,3576.6,2926.4,4322.95,2866.6,3253.8,5,1,3253.5,7,2,3252.8,26,2,3252.7,1,1,3252.6,77,4,3253.9,74,4,3254.0,111,7,3254.1,28,2,3254.2,72,3,3254.3,3,1
11536,2025-12-30 14:16:51+05:30,3253.8,1,3253.4,1502832,103093.0,124341.0,3250.0,3267.5,3239.8,3251.5,46936225,3576.6,2926.4,4322.95,2866.6,3253.8,51,2,3253.5,7,2,3252.9,23,2,3252.8,29,3,3252.7,1,1,3254.0,35,4,3254.1,27,2,3254.2,20,1,3254.3,23,2,3254.4,69,4
11536,2025-12-30 14:16:51+05:30,3253.8,1,3253.4,1502832,103093.0,124341.0,3250.0,3267.5,3239.8,3251.5,46936225,3576.6,2926.4,4322.95,2866.6,3253.8,51,2,3253.5,7,2,3252.9,23,2,3252.8,29,3,3252.7,1,1,3254.0,35,4,3254.1,27,2,3254.2,20,1,3254.3,23,2,3254.4,69,4
11536,2025-12-30 14:16:52+05:30,3253.8,47,3253.4,1503069,103670.0,122898.0,3250.0,3267.5,3239.8,3251.5,46936225,3576.6,2926.4,4322.95,2866.6,3253.8,5,1,3253.5,7,2,3253.0,21,1,3252.9,48,3,3252.8,90,6,3254.5,134,8,3254.6,19,2,3254.7,137,5,3254.8,128,4,3254.9,58,3
11536,2025-12-30 14:16:52+05:30,3253.8,47,3253.4,1503069,103670.0,122898.0,3250.0,3267.5,3239.8,3251.5,46936225,3576.6,2926.4,4322.95,2866.6,3253.8,5,1,3253.5,7,2,3253.0,21,1,3252.9,48,3,3252.8,90,6,3254.5,134,8,3254.6,19,2,3254.7,137,5,3254.8,128,4,3254.9,58,3
11536,2025-12-30 14:16:53+05:30,3254.5,3,3253.4,1503072,103808.0,123110.0,3250.0,3267.5,3239.8,3251.5,46936225,3576.6,2926.4,4322.95,2866.6,3253.9,5,1,3253.5,6,1,3253.0,21,1,3252.9,48,3,3252.8,63,5,3254.5,154,10,3254.6,39,3,3254.7,121,4,3254.8,128,4,3254.9,58,3
11536,2025-12-30 14:16:53+05:30,3254.5,3,3253.4,1503072,103808.0,123110.0,3250.0,3267.5,3239.8,3251.5,46936225,3576.6,2926.4,4322.95,2866.6,3253.9,5,1,3253.5,6,1,3253.0,21,1,3252.9,48,3,3252.8,63,5,3254.5,154,10,3254.6,39,3,3254.7,121,4,3254.8,128,4,3254.9,58,3
11536,2025-12-30 14:16:53+05:30,3254.5,1,3253.4,1503073,103966.0,123129.0,3250.0,3267.5,3239.8,3251.5,46936225,3576.6,2926.4,4322.95,2866.6,3253.9,5,1,3253.5,6,1,3253.0,21,1,3252.9,48,3,3252.8,63,5,3254.5,144,9,3254.6,39,3,3254.7,137,5,3254.8,128,4,3254.9,58,3
11536,2025-12-30 14:16:54+05:30,3254.5,1,3253.4,1503073,103966.0,123129.0,3250.0,3267.5,3239.8,3251.5,46936225,3576.6,2926.4,4322.95,2866.6,3253.9,5,1,3253.5,6,1,3253.0,21,1,3252.9,48,3,3252.8,63,5,3254.5,144,9,3254.6,39,3,3254.7,137,5,3254.8,128,4,3254.9,58,3
11536,2025-12-30 14:16:54+05:30,3254.5,1,3253.4,1503074,104232.0,123167.0,3250.0,3267.5,3239.8,3251.5,46936225,3576.6,2926.4,4322.95,2866.6,3253.9,5,1,3253.5,6,1,3253.1,15,1,3253.0,21,1,3252.9,48,3,3254.5,137,8,3254.6,39,3,3254.7,91,4,3254.8,128,4,3254.9,104,4
11536,2025-12-30 14:16:55+05:30,3253.5,4,3253.4,1503074,104232.0,123167.0,3250.0,3267.5,3239.8,3251.5,46936225,3576.6,2926.4,4322.95,2866.6,3253.9,5,1,3253.5,6,1,3253.1,15,1,3253.0,21,1,3252.9,48,3,3254.5,137,8,3254.6,39,3,3254.7,91,4,3254.8,128,4,3254.9,104,4
11536,2025-12-30 14:16:56+05:30,3254.4,1,3253.4,1503095,104134.0,122645.0,3250.0,3267.5,3239.8,3251.5,46936225,3576.6,2926.4,4322.95,2866.6,3253.5,2,1,3253.1,41,2,3252.9,75,4,3252.8,171,8,3252.7,68,3,3254.4,83,5,3254.5,1,1,3254.6,40,3,3254.7,121,5,3254.8,160,5
11536,2025-12-30 14:16:56+05:30,3254.4,1,3253.4,1503095,104134.0,122645.0,3250.0,3267.5,3239.8,3251.5,46936225,3576.6,2926.4,4322.95,2866.6,3253.5,2,1,3253.1,41,2,3252.9,75,4,3252.8,171,8,3252.7,68,3,3254.4,83,5,3254.5,1,1,3254.6,40,3,3254.7,121,5,3254.8,160,5
11536,2025-12-30 14:16:57+05:30,3253.5,1,3253.4,1503096,103395.0,123548.0,3250.0,3267.5,3239.8,3251.5,46936225,3576.6,2926.4,4322.95,2866.6,3253.5,1,1,3253.1,26,1,3252.9,23,2,3252.8,43,4,3252.7,68,3,3254.3,84,5,3254.4,43,4,3254.5,16,1,3254.6,168,6,3254.7,121,5
11536,2025-12-30 14:16:57+05:30,3253.5,1,3253.4,1503096,103395.0,123548.0,3250.0,3267.5,3239.8,3251.5,46936225,3576.6,2926.4,4322.95,2866.6,3253.5,1,1,3253.1,26,1,3252.9,23,2,3252.8,43,4,3252.7,68,3,3254.3,84,5,3254.4,43,4,3254.5,16,1,3254.6,168,6,3254.7,121,5
11536,2025-12-30 14:16:58+05:30,3253.5,1,3253.4,1503101,103756.0,123495.0,3250.0,3267.5,3239.8,3251.5,46936225,3576.6,2926.4,4322.95,2866.6,3253.5,7,2,3253.1,26,1,3253.0,4,1,3252.9,23,2,3252.8,43,4,3254.3,81,5,3254.4,43,4,3254.5,16,1,3254.6,168,6,3254.7,132,6
11536,2025-12-30 14:16:58+05:30,3253.5,1,3253.4,1503101,103756.0,123495.0,3250.0,3267.5,3239.8,3251.5,46936225,3576.6,2926.4,4322.95,2866.6,3253.5,7,2,3253.1,26,1,3253.0,4,1,3252.9,23,2,3252.8,43,4,3254.3,81,5,3254.4,43,4,3254.5,16,1,3254.6,168,6,3254.7,132,6
11536,2025-12-30 14:16:59+05:30,3253.5,1,3253.4,1503101,103756.0,123495.0,3250.0,3267.5,3239.8,3251.5,46936225,3576.6,2926.4,4322.95,2866.6,3253.5,7,2,3253.1,26,1,3253.0,4,1,3252.9,23,2,3252.8,43,4,3254.3,81,5,3254.4,43,4,3254.5,16,1,3254.6,168,6,3254.7,132,6
11536,2025-12-30 14:17:00+05:30,3253.5,1,3253.4,1503101,103757.0,123380.0,3250.0,3267.5,3239.8,3251.5,46936225,3576.6,2926.4,4322.95,2866.6,3253.5,8,3,3253.1,26,1,3253.0,4,1,3252.9,23,2,3252.8,43,4,3254.3,81,5,3254.4,43,4,3254.5,16,1,3254.6,61,4,3254.7,117,6
11536,2025-12-30 14:17:01+05:30,3254.3,2,3253.4,1503103,103870.0,123366.0,3250.0,3267.5,3239.8,3251.5,46936225,3576.6,2926.4,4322.95,2866.6,3253.5,87,6,3253.1,41,2,3253.0,4,1,3252.9,23,2,3252.8,246,6,3254.3,79,5,3254.4,43,4,3254.5,16,1,3254.6,61,4,3254.7,117,6
11536,2025-12-30 14:17:01+05:30,3254.3,2,3253.4,1503103,103870.0,123366.0,3250.0,3267.5,3239.8,3251.5,46936225,3576.6,2926.4,4322.95,2866.6,3253.5,87,6,3253.1,41,2,3253.0,4,1,3252.9,23,2,3252.8,246,6,3254.3,79,5,3254.4,43,4,3254.5,16,1,3254.6,61,4,3254.7,117,6
11536,2025-12-30 14:17:02+05:30,3253.5,1,3253.4,1503105,103548.0,123424.0,3250.0,3267.5,3239.8,3251.5,46936225,3576.6,2926.4,4322.95,2866.6,3253.5,85,6,3253.1,26,1,3253.0,4,1,3252.9,23,2,3252.8,71,5,3254.3,65,3,3254.4,22,2,3254.5,3,1,3254.6,61,4,3254.7,57,4
11536,2025-12-30 14:17:02+05:30,3253.5,1,3253.4,1503105,103548.0,123424.0,3250.0,3267.5,3239.8,3251.5,46936225,3576.6,2926.4,4322.95,2866.6,3253.5,85,6,3253.1,26,1,3253.0,4,1,3252.9,23,2,3252.8,71,5,3254.3,65,3,3254.4,22,2,3254.5,3,1,3254.6,61,4,3254.7,57,4
11536,2025-12-30 14:17:03+05:30,3254.3,2,3253.4,1504165,100360.0,123010.0,3250.0,3267.5,3239.8,3251.5,46936225,3576.6,2926.4,4322.95,2866.6,3252.8,132,7,3252.7,50,4,3252.6,47,3,3252.5,46,5,3252.4,363,5,3254.3,62,4,3254.4,96,7,3254.5,129,6,3254.6,24,2,3254.7,205,4
11536,2025-12-30 14:17:03+05:30,3254.3,2,3253.4,1504165,100360.0,123010.0,3250.0,3267.5,3239.8,3251.5,46936225,3576.6,2926.4,4322.95,2866.6,3252.8,132,7,3252.7,50,4,3252.6,47,3,3252.5,46,5,3252.4,363,5,3254.3,62,4,3254.4,96,7,3254.5,129,6,3254.6,24,2,3254.7,205,4
11536,2025-12-30 14:17:04+05:30,3254.3,2,3253.4,1504165,102273.0,122994.0,3250.0,3267.5,3239.8,3251.5,46936225,3576.6,2926.4,4322.95,2866.6,3252.8,122,7,3252.7,50,4,3252.6,23,2,3252.5,46,5,3252.4,386,7,3254.3,62,4,3254.4,96,7,3254.5,129,6,3254.6,24,2,3254.7,189,4
11536,2025-12-30 14:17:05+05:30,3254.3,1,3253.4,1504212,102475.0,122927.0,3250.0,3267.5,3239.8,3251.5,46936225,3576.6,2926.4,4322.95,2866.6,3252.9,104,6,3252.8,68,6,3252.7,27,4,3252.6,27,3,3252.5,56,4,3254.3,25,3,3254.4,66,5,3254.5,83,5,3254.6,70,3,3254.7,33,3
11536,2025-12-30 14:17:05+05:30,3254.3,1,3253.4,1504212,102475.0,122927.0,3250.0,3267.5,3239.8,3251.5,46936225,3576.6,2926.4,4322.95,2866.6,3252.9,104,6,3252.8,68,6,3252.7,27,4,3252.6,27,3,3252.5,56,4,3254.3,25,3,3254.4,66,5,3254.5,83,5,3254.6,70,3,3254.7,33,3
11536,2025-12-30 14:17:06+05:30,3254.3,1,3253.4,1504213,103009.0,122886.0,3250.0,3267.5,3239.8,3251.5,46936225,3576.6,2926.4,4322.95,2866.6,3253.0,57,2,3252.9,106,6,3252.8,62,5,3252.7,27,4,3252.6,27,3,3254.3,9,1,3254.4,66,5,3254.5,83,5,3254.6,50,3,3254.7,79,4
11536,2025-12-30 14:17:06+05:30,3253.0,1,3253.4,1504213,103009.0,122886.0,3250.0,3267.5,3239.8,3251.5,46936225,3576.6,2926.4,4322.95,2866.6,3253.0,57,2,3252.9,106,6,3252.8,62,5,3252.7,27,4,3252.6,27,3,3254.3,9,1,3254.4,66,5,3254.5,83,5,3254.6,50,3,3254.7,79,4
11536,2025-12-30 14:17:07+05:30,3253.0,1,3253.4,1504214,102568.0,123194.0,3250.0,3267.5,3239.8,3251.5,46936225,3576.6,2926.4,4322.95,2866.6,3253.0,18,2,3252.9,90,4,3252.8,38,4,3252.7,24,3,3252.6,23,2,3254.1,67,3,3254.2,84,3,3254.3,57,4,3254.4,78,6,3254.5,129,6
11536,2025-12-30 14:17:08+05:30,3253.0,1,3253.4,1504215,102568.0,123313.0,3250.0,3267.5,3239.8,3251.5,46936225,3576.6,2926.4,4322.95,2866.6,3253.0,18,3,3252.9,90,4,3252.8,38,4,3252.7,24,3,3252.6,23,2,3254.1,86,5,3254.2,99,4,3254.3,120,5,3254.4,143,8,3254.5,83,5
11536,2025-12-30 14:17:08+05:30,3253.0,1,3253.4,1504215,102568.0,123313.0,3250.0,3267.5,3239.8,3251.5,46936225,3576.6,2926.4,4322.95,2866.6,3253.0,18,3,3252.9,90,4,3252.8,38,4,3252.7,24,3,3252.6,23,2,3254.1,86,5,3254.2,99,4,3254.3,120,5,3254.4,143,8,3254.5,83,5
11536,2025-12-30 14:17:09+05:30,3253.0,1,3253.4,1504215,99770.0,123397.0,3250.0,3267.5,3239.8,3251.5,46936225,3576.6,2926.4,4322.95,2866.6,3253.0,18,3,3252.9,90,4,3252.8,38,4,3252.7,24,3,3252.6,23,2,3254.0,66,3,3254.1,41,4,3254.2,90,3,3254.3,119,4,3254.4,143,8
11536,2025-12-30 14:17:10+05:30,3253.0,1,3253.4,1504215,101876.0,123412.0,3250.0,3267.5,3239.8,3251.5,46936225,3576.6,2926.4,4322.95,2866.6,3253.0,18,3,3252.9,90,4,3252.8,38,4,3252.7,24,3,3252.6,23,2,3254.0,90,5,3254.1,32,3,3254.2,90,3,3254.3,119,4,3254.4,143,8
11536,2025-12-30 14:17:11+05:30,3253.0,1,3253.4,1504215,101885.0,123412.0,3250.0,3267.5,3239.8,3251.5,46936225,3576.6,2926.4,4322.95,2866.6,3253.0,18,3,3252.9,90,4,3252.8,38,4,3252.7,24,3,3252.6,23,2,3254.0,90,5,3254.1,32,3,3254.2,90,3,3254.3,119,4,3254.4,143,8
11536,2025-12-30 14:17:12+05:30,3254.0,2,3253.4,1504217,100720.0,123280.0,3250.0,3267.5,3239.8,3251.5,46936225,3576.6,2926.4,4322.95,2866.6,3253.2,8,1,3253.0,57,3,3252.9,84,3,3252.8,65,5,3252.7,24,3,3254.0,88,5,3254.1,38,3,3254.2,15,1,3254.3,49,2,3254.4,94,7
11536,2025-12-30 14:17:12+05:30,3254.0,2,3253.4,1504217,100720.0,123280.0,3250.0,3267.5,3239.8,3251.5,46936225,3576.6,2926.4,4322.95,2866.6,3253.2,8,1,3253.0,57,3,3252.9,84,3,3252.8,65,5,3252.7,24,3,3254.0,88,5,3254.1,38,3,3254.2,15,1,3254.3,49,2,3254.4,94,7
11536,2025-12-30 14:17:12+05:30,3254.0,4,3253.4,1504223,102295.0,123274.0,3250.0,3267.5,3239.8,3251.5,46936225,3576.6,2926.4,4322.95,2866.6,3253.2,8,1,3253.0,56,2,3252.9,84,3,3252.8,65,5,3252.7,24,3,3254.0,73,4,3254.1,38,3,3254.2,15,1,3254.3,49,2,3254.4,94,7
11536,2025-12-30 14:17:13+05:30,3253.2,1,3253.4,1504223,102295.0,123274.0,3250.0,3267.5,3239.8,3251.5,46936225,3576.6,2926.4,4322.95,2866.6,3253.2,8,1,3253.0,56,2,3252.9,84,3,3252.8,65,5,3252.7,24,3,3254.0,73,4,3254.1,38,3,3254.2,15,1,3254.3,49,2,3254.4,94,7
11536,2025-12-30 14:17:13+05:30,3253.2,1,3253.4,1504225,102293.0,123281.0,3250.0,3267.5,3239.8,3251.5,46936225,3576.6,2926.4,4322.95,2866.6,3253.2,6,1,3253.0,56,2,3252.9,84,3,3252.8,65,5,3252.7,24,3,3254.0,73,4,3254.1,22,2,3254.2,15,1,3254.3,49,2,3254.4,94,7
11536,2025-12-30 14:17:14+05:30,3253.2,1,3253.4,1504225,102293.0,123281.0,3250.0,3267.5,3239.8,3251.5,46936225,3576.6,2926.4,4322.95,2866.6,3253.2,6,1,3253.0,56,2,3252.9,84,3,3252.8,65,5,3252.7,24,3,3254.0,73,4,3254.1,22,2,3254.2,15,1,3254.3,49,2,3254.4,94,7
11536,2025-12-30 14:17:14+05:30,3253.2,1,3253.4,1504225,102267.0,123280.0,3250.0,3267.5,3239.8,3251.5,46936225,3576.6,2926.4,4322.95,2866.6,3253.2,6,1,3253.0,56,2,3252.9,84,3,3252.8,38,4,3252.7,24,3,3254.0,73,4,3254.1,38,3,3254.2,15,1,3254.3,49,2,3254.4,94,7
11536,2025-12-30 14:17:15+05:30,3253.2,2,3253.4,1504225,102267.0,123280.0,3250.0,3267.5,3239.8,3251.5,46936225,3576.6,2926.4,4322.95,2866.6,3253.2,6,1,3253.0,56,2,3252.9,84,3,3252.8,38,4,3252.7,24,3,3254.0,73,4,3254.1,38,3,3254.2,15,1,3254.3,49,2,3254.4,94,7
11536,2025-12-30 14:17:15+05:30,3254.3,31,3253.4,1504362,102542.0,123086.0,3250.0,3267.5,3239.8,3251.5,46936225,3576.6,2926.4,4322.95,2866.6,3253.2,66,2,3253.0,56,2,3252.9,58,2,3252.8,77,5,3252.7,30,5,3254.3,100,6,3254.4,44,4,3254.5,24,3,3254.6,149,5,3254.7,52,4
11536,2025-12-30 14:17:16+05:30,3254.3,1,3253.4,1504362,102542.0,123086.0,3250.0,3267.5,3239.8,3251.5,46936225,3576.6,2926.4,4322.95,2866.6,3253.2,66,2,3253.0,56,2,3252.9,58,2,3252.8,77,5,3252.7,30,5,3254.3,100,6,3254.4,44,4,3254.5,24,3,3254.6,149,5,3254.7,52,4
11536,2025-12-30 14:17:17+05:30,3254.3,1,3253.4,1504364,102195.0,123132.0,3250.0,3267.5,3239.8,3251.5,46936225,3576.6,2926.4,4322.95,2866.6,3253.2,66,2,3253.0,56,2,3252.9,58,2,3252.8,77,5,3252.7,30,5,3254.3,98,6,3254.4,44,4,3254.5,70,4,3254.6,103,4,3254.7,223,5
11536,2025-12-30 14:17:18+05:30,3254.1,1,3253.4,1505424,101521.0,123118.0,3250.0,3267.5,3239.8,3251.5,46936225,3576.6,2926.4,4322.95,2866.6,3252.8,134,8,3252.7,59,5,3252.6,79,6,3252.5,199,7,3252.4,36,4,3254.1,18,1,3254.2,27,2,3254.3,118,7,3254.4,31,3,3254.5,122,5
11536,2025-12-30 14:17:18+05:30,3254.1,1,3253.4,1505424,101521.0,123118.0,3250.0,3267.5,3239.8,3251.5,46936225,3576.6,2926.4,4322.95,2866.6,3252.8,134,8,3252.7,59,5,3252.6,79,6,3252.5,199,7,3252.4,36,4,3254.1,18,1,3254.2,27,2,3254.3,118,7,3254.4,31,3,3254.5,122,5
11536,2025-12-30 14:17:19+05:30,3252.8,1,3253.4,1505425,101583.0,123468.0,3250.0,3267.5,3239.8,3251.5,46936225,3576.6,2926.4,4322.95,2866.6,3252.8,97,6,3252.7,34,4,3252.6,59,5,3252.5,34,7,3252.4,232,6,3254.1,18,1,3254.2,27,2,3254.3,118,7,3254.4,31,3,3254.5,122,5
11536,2025-12-30 14:17:19+05:30,3252.8,1,3253.4,1505425,101583.0,123468.0,3250.0,3267.5,3239.8,3251.5,46936225,3576.6,2926.4,4322.95,2866.6,3252.8,97,6,3252.7,34,4,3252.6,59,5,3252.5,34,7,3252.4,232,6,3254.1,18,1,3254.2,27,2,3254.3,118,7,3254.4,31,3,3254.5,122,5
11536,2025-12-30 14:17:20+05:30,3254.1,18,3253.4,1505443,102923.0,122732.0,3250.0,3267.5,3239.8,3251.5,46936225,3576.6,2926.4,4322.95,2866.6,3254.1,5,1,3252.9,9,1,3252.8,140,6,3252.7,81,6,3252.6,283,7,3254.2,50,4,3254.3,61,4,3254.4,20,2,3254.5,69,4,3254.6,63,2
11536,2025-12-30 14:17:20+05:30,3254.1,18,3253.4,1505443,102923.0,122732.0,3250.0,3267.5,3239.8,3251.5,46936225,3576.6,2926.4,4322.95,2866.6,3254.1,5,1,3252.9,9,1,3252.8,140,6,3252.7,81,6,3252.6,283,7,3254.2,50,4,3254.3,61,4,3254.4,20,2,3254.5,69,4,3254.6,63,2
11536,2025-12-30 14:17:21+05:30,3254.1,18,3253.4,1505443,102802.0,122744.0,3250.0,3267.5,3239.8,3251.5,46936225,3576.6,2926.4,4322.95,2866.6,3254.1,7,2,3253.2,11,1,3253.0,9,1,3252.9,11,2,3252.8,140,6,3254.2,50,4,3254.3,61,4,3254.4,20,2,3254.5,69,4,3254.6,63,2
11536,2025-12-30 14:17:21+05:30,3254.1,4,3253.4,1505443,102802.0,122744.0,3250.0,3267.5,3239.8,3251.5,46936225,3576.6,2926.4,4322.95,2866.6,3254.1,7,2,3253.2,11,1,3253.0,9,1,3252.9,11,2,3252.8,140,6,3254.2,50,4,3254.3,61,4,3254.4,20,2,3254.5,69,4,3254.6,63,2
11536,2025-12-30 14:17:22+05:30,3254.3,21,3253.4,1505664,102847.0,123443.0,3250.0,3267.5,3239.8,3251.5,46936225,3576.6,2926.4,4322.95,2866.6,3253.2,11,1,3253.0,9,1,3252.9,176,3,3252.8,30,2,3252.7,6,2,3254.2,45,3,3254.3,74,5,3254.4,76,4,3254.5,78,5,3254.6,131,5
11536,2025-12-30 14:17:22+05:30,3254.3,21,3253.4,1505664,102847.0,123443.0,3250.0,3267.5,3239.8,3251.5,46936225,3576.6,2926.4,4322.95,2866.6,3253.2,11,1,3253.0,9,1,3252.9,176,3,3252.8,30,2,3252.7,6,2,3254.2,45,3,3254.3,74,5,3254.4,76,4,3254.5,78,5,3254.6,131,5
11536,2025-12-30 14:17:23+05:30,3254.2,3,3253.4,1505667,102977.0,123486.0,3250.0,3267.5,3239.8,3251.5,46936225,3576.6,2926.4,4322.95,2866.6,3253.2,11,1,3253.0,9,1,3252.9,176,3,3252.8,30,2,3252.7,5,1,3254.2,42,3,3254.3,74,5,3254.4,76,4,3254.5,78,5,3254.6,131,5
11536,2025-12-30 14:17:23+05:30,3254.2,3,3253.4,1505667,102977.0,123486.0,3250.0,3267.5,3239.8,3251.5,46936225,3576.6,2926.4,4322.95,2866.6,3253.2,11,1,3253.0,9,1,3252.9,176,3,3252.8,30,2,3252.7,5,1,3254.2,42,3,3254.3,74,5,3254.4,76,4,3254.5,78,5,3254.6,131,5
11536,2025-12-30 14:17:24+05:30,3253.2,1,3253.4,1505668,102977.0,123343.0,3250.0,3267.5,3239.8,3251.5,46936225,3576.6,2926.4,4322.95,2866.6,3253.2,10,1,3253.0,10,2,3252.9,176,3,3252.8,30,2,3252.7,5,1,3254.2,66,4,3254.3,50,4,3254.4,104,5,3254.5,78,5,3254.6,131,5
11536,2025-12-30 14:17:24+05:30,3253.2,1,3253.4,1505668,102977.0,123343.0,3250.0,3267.5,3239.8,3251.5,46936225,3576.6,2926.4,4322.95,2866.6,3253.2,10,1,3253.0,10,2,3252.9,176,3,3252.8,30,2,3252.7,5,1,3254.2,66,4,3254.3,50,4,3254.4,104,5,3254.5,78,5,3254.6,131,5
11536,2025-12-30 14:17:25+05:30,3254.2,1,3253.4,1505671,102981.0,123332.0,3250.0,3267.5,3239.8,3251.5,46936225,3576.6,2926.4,4322.95,2866.6,3253.2,9,1,3253.0,10,2,3252.9,152,2,3252.8,30,2,3252.7,5,1,3254.2,64,4,3254.3,50,4,3254.4,104,5,3254.5,78,5,3254.6,131,5
11536,2025-12-30 14:17:25+05:30,3254.2,1,3253.4,1505671,102981.0,123332.0,3250.0,3267.5,3239.8,3251.5,46936225,3576.6,2926.4,4322.95,2866.6,3253.2,9,1,3253.0,10,2,3252.9,152,2,3252.8,30,2,3252.7,5,1,3254.2,64,4,3254.3,50,4,3254.4,104,5,3254.5,78,5,3254.6,131,5
11536,2025-12-30 14:17:26+05:30,3254.2,1,3253.4,1505671,102990.0,123489.0,3250.0,3267.5,3239.8,3251.5,46936225,3576.6,2926.4,4322.95,2866.6,3253.2,9,1,3253.0,10,2,3252.9,152,2,3252.8,30,2,3252.7,5,1,3254.2,64,4,3254.3,50,4,3254.4,104,5,3254.5,124,6,3254.6,85,4
11536,2025-12-30 14:17:26+05:30,3253.2,1,3253.4,1505671,102990.0,123489.0,3250.0,3267.5,3239.8,3251.5,46936225,3576.6,2926.4,4322.95,2866.6,3253.2,9,1,3253.0,10,2,3252.9,152,2,3252.8,30,2,3252.7,5,1,3254.2,64,4,3254.3,50,4,3254.4,104,5,3254.5,124,6,3254.6,85,4
11536,2025-12-30 14:17:27+05:30,3253.2,1,3253.4,1505672,103045.0,123320.0,3250.0,3267.5,3239.8,3251.5,46936225,3576.6,2926.4,4322.95,2866.6,3253.2,8,1,3253.0,10,2,3252.9,180,3,3252.8,30,2,3252.7,8,2,3254.2,32,2,3254.3,21,2,3254.4,42,2,3254.5,76,5,3254.6,129,4
11536,2025-12-30 14:17:28+05:30,3253.2,3,3253.4,1505676,103061.0,123259.0,3250.0,3267.5,3239.8,3251.5,46936225,3576.6,2926.4,4322.95,2866.6,3253.2,6,2,3253.0,34,3,3252.9,180,3,3252.8,6,1,3252.7,8,2,3254.2,42,3,3254.3,20,1,3254.4,42,2,3254.5,74,5,3254.6,97,4
11536,2025-12-30 14:17:28+05:30,3253.2,3,3253.4,1505676,103061.0,123259.0,3250.0,3267.5,3239.8,3251.5,46936225,3576.6,2926.4,4322.95,2866.6,3253.2,6,2,3253.0,34,3,3252.9,180,3,3252.8,6,1,3252.7,8,2,3254.2,42,3,3254.3,20,1,3254.4,42,2,3254.5,74,5,3254.6,97,4
11536,2025-12-30 14:17:29+05:30,3253.2,3,3253.4,1505676,102979.0,123447.0,3250.0,3267.5,3239.8,3251.5,46936225,3576.6,2926.4,4322.95,2866.6,3253.2,6,2,3253.0,10,2,3252.9,152,2,3252.8,5,1,3252.7,3,1,3254.1,54,4,3254.2,32,2,3254.3,48,2,3254.4,60,3,3254.5,58,4
11536,2025-12-30 14:17:30+05:30,3253.2,3,3253.4,1505676,103517.0,122194.0,3250.0,3267.5,3239.8,3251.5,46936225,3576.6,2926.4,4322.95,2866.6,3253.2,25,3,3253.1,61,3,3253.0,10,2,3252.9,152,2,3252.8,19,1,3254.1,114,2,3254.2,18,1,3254.3,60,2,3254.4,5,1,3254.5,47,3
11536,2025-12-30 14:17:31+05:30,3254.0,1,3253.4,1505676,103517.0,122194.0,3250.0,3267.5,3239.8,3251.5,46936225,3576.6,2926.4,4322.95,2866.6,3253.2,25,3,3253.1,61,3,3253.0,10,2,3252.9,152,2,3252.8,19,1,3254.1,114,2,3254.2,18,1,3254.3,60,2,3254.4,5,1,3254.5,47,3
11536,2025-12-30 14:17:31+05:30,3254.0,2,3253.4,1505680,102352.0,123793.0,3250.0,3267.5,3239.8,3251.5,46936225,3576.6,2926.4,4322.95,2866.6,3253.2,24,3,3253.0,10,2,3252.9,152,2,3252.8,23,1,3252.7,3,1,3254.0,69,4,3254.1,178,5,3254.2,20,2,3254.3,71,3,3254.4,45,4
11536,2025-12-30 14:17:32+05:30,3254.0,1,3253.4,1505680,102352.0,123793.0,3250.0,3267.5,3239.8,3251.5,46936225,3576.6,2926.4,4322.95,2866.6,3253.2,24,3,3253.0,10,2,3252.9,152,2,3252.8,23,1,3252.7,3,1,3254.0,69,4,3254.1,178,5,3254.2,20,2,3254.3,71,3,3254.4,45,4
11536,2025-12-30 14:17:32+05:30,3252.7,81,3253.4,1506739,102001.0,123993.0,3250.0,3267.5,3239.8,3251.5,46936225,3576.6,2926.4,4322.95,2866.6,3253.0,1,1,3252.8,86,6,3252.7,59,3,3252.6,51,4,3252.5,51,6,3254.0,24,2,3254.1,157,4,3254.2,72,3,3254.3,29,2,3254.4,150,6
11536,2025-12-30 14:17:33+05:30,3252.7,81,3253.4,1506739,102001.0,123993.0,3250.0,3267.5,3239.8,3251.5,46936225,3576.6,2926.4,4322.95,2866.6,3253.0,1,1,3252.8,86,6,3252.7,59,3,3252.6,51,4,3252.5,51,6,3254.0,24,2,3254.1,157,4,3254.2,72,3,3254.3,29,2,3254.4,150,6
11536,2025-12-30 14:17:33+05:30,3254.0,1,3253.4,1506740,101961.0,124120.0,3250.0,3267.5,3239.8,3251.5,46936225,3576.6,2926.4,4322.95,2866.6,3253.0,1,1,3252.8,44,3,3252.7,33,2,3252.6,30,3,3252.5,19,4,3254.0,35,3,3254.1,157,4,3254.2,72,3,3254.3,29,2,3254.4,150,6
11536,2025-12-30 14:17:34+05:30,3254.0,18,3253.4,1506740,101961.0,124120.0,3250.0,3267.5,3239.8,3251.5,46936225,3576.6,2926.4,4322.95,2866.6,3253.0,1,1,3252.8,44,3,3252.7,33,2,3252.6,30,3,3252.5,19,4,3254.0,35,3,3254.1,157,4,3254.2,72,3,3254.3,29,2,3254.4,150,6
11536,2025-12-30 14:17:34+05:30,3254.0,11,3253.4,1506812,102044.0,123847.0,3250.0,3267.5,3239.8,3251.5,46936225,3576.6,2926.4,4322.95,2866.6,3253.0,52,2,3252.8,28,1,3252.6,23,2,3252.5,39,4,3252.4,76,6,3254.0,22,2,3254.1,128,2,3254.2,32,2,3254.3,97,4,3254.4,139,7
11536,2025-12-30 14:17:35+05:30,3253.9,4,3253.4,1506812,102044.0,123847.0,3250.0,3267.5,3239.8,3251.5,46936225,3576.6,2926.4,4322.95,2866.6,3253.0,52,2,3252.8,28,1,3252.6,23,2,3252.5,39,4,3252.4,76,6,3254.0,22,2,3254.1,128,2,3254.2,32,2,3254.3,97,4,3254.4,139,7
11536,2025-12-30 14:17:35+05:30,3254.1,24,3253.4,1506904,102309.0,124005.0,3250.0,3267.5,3239.8,3251.5,46936225,3576.6,2926.4,4322.95,2866.6,3253.0,51,1,3252.8,28,1,3252.6,23,2,3252.5,42,5,3252.4,95,7,3254.1,114,3,3254.2,14,1,3254.3,86,3,3254.4,139,7,3254.5,50,4
11536,2025-12-30 14:17:36+05:30,3253.0,1,3253.4,1506904,102309.0,124005.0,3250.0,3267.5,3239.8,3251.5,46936225,3576.6,2926.4,4322.95,2866.6,3253.0,51,1,3252.8,28,1,3252.6,23,2,3252.5,42,5,3252.4,95,7,3254.1,114,3,3254.2,14,1,3254.3,86,3,3254.4,139,7,3254.5,50,4
11536,2025-12-30 14:17:36+05:30,3253.0,1,3253.4,1506915,102742.0,123901.0,3250.0,3267.5,3239.8,3251.5,46936225,3576.6,2926.4,4322.95,2866.6,3253.0,50,1,3252.7,51,2,3252.6,23,2,3252.5,19,4,3252.4,95,7,3254.0,38,2,3254.1,86,2,3254.2,14,1,3254.3,86,3,3254.4,173,9
11536,2025-12-30 14:17:37+05:30,3254.0,6,3253.4,1506915,102742.0,123901.0,3250.0,3267.5,3239.8,3251.5,46936225,3576.6,2926.4,4322.95,2866.6,3253.0,50,1,3252.7,51,2,3252.6,23,2,3252.5,19,4,3252.4,95,7,3254.0,38,2,3254.1,86,2,3254.2,14,1,3254.3,86,3,3254.4,173,9
11536,2025-12-30 14:17:38+05:30,3254.0,4,3253.4,1506935,102745.0,123868.0,3250.0,3267.5,3239.8,3251.5,46936225,3576.6,2926.4,4322.95,2866.6,3253.0,50,1,3252.8,23,1,3252.7,49,2,3252.6,23,2,3252.5,19,4,3254.0,26,2,3254.1,86,2,3254.2,14,1,3254.3,86,3,3254.4,108,7
11536,2025-12-30 14:17:38+05:30,3254.0,4,3253.4,1506935,102745.0,123868.0,3250.0,3267.5,3239.8,3251.5,46936225,3576.6,2926.4,4322.95,2866.6,3253.0,50,1,3252.8,23,1,3252.7,49,2,3252.6,23,2,3252.5,19,4,3254.0,26,2,3254.1,86,2,3254.2,14,1,3254.3,86,3,3254.4,108,7
11536,2025-12-30 14:17:39+05:30,3254.0,1,3253.4,1506936,102967.0,123993.0,3250.0,3267.5,3239.8,3251.5,46936225,3576.6,2926.4,4322.95,2866.6,3253.0,96,4,3252.9,28,1,3252.8,45,2,3252.6,56,5,3252.5,195,5,3254.0,17,1,3254.1,66,1,3254.3,68,2,3254.4,86,6,3254.5,50,4
11536,2025-12-30 14:17:39+05:30,3254.0,1,3253.4,1506936,102967.0,123993.0,3250.0,3267.5,3239.8,3251.5,46936225,3576.6,2926.4,4322.95,2866.6,3253.0,96,4,3252.9,28,1,3252.8,45,2,3252.6,56,5,3252.5,195,5,3254.0,17,1,3254.1,66,1,3254.3,68,2,3254.4,86,6,3254.5,50,4
11536,2025-12-30 14:17:39+05:30,3254.0,1,3253.4,1506936,102967.0,123993.0,3250.0,3267.5,3239.8,3251.5,46936225,3576.6,2926.4,4322.95,2866.6,3253.0,96,4,3252.9,28,1,3252.8,45,2,3252.6,56,5,3252.5,195,5,3254.0,17,1,3254.1,66,1,3254.3,68,2,3254.4,86,6,3254.5,50,4
11536,2025-12-30 14:17:40+05:30,3254.0,1,3253.4,1506936,103126.0,124000.0,3250.0,3267.5,3239.8,3251.5,46936225,3576.6,2926.4,4322.95,2866.6,3253.0,96,4,3252.9,28,1,3252.8,45,2,3252.6,53,4,3252.5,218,6,3254.0,17,1,3254.1,66,1,3254.3,68,2,3254.4,86,6,3254.5,50,4
11536,2025-12-30 14:17:40+05:30,3254.0,29,3253.4,1506936,103126.0,124000.0,3250.0,3267.5,3239.8,3251.5,46936225,3576.6,2926.4,4322.95,2866.6,3253.0,96,4,3252.9,28,1,3252.8,45,2,3252.6,53,4,3252.5,218,6,3254.0,17,1,3254.1,66,1,3254.3,68,2,3254.4,86,6,3254.5,50,4
11536,2025-12-30 14:17:41+05:30,3254.0,29,3253.4,1506982,102928.0,123996.0,3250.0,3267.5,3239.8,3251.5,46936225,3576.6,2926.4,4322.95,2866.6,3253.4,1,1,3253.0,50,1,3252.7,12,2,3252.6,64,4,3252.5,214,5,3254.0,68,4,3254.1,66,1,3254.2,43,1,3254.3,104,3,3254.4,102,5
11536,2025-12-30 14:17:41+05:30,3254.0,29,3253.4,1506982,102928.0,123996.0,3250.0,3267.5,3239.8,3251.5,46936225,3576.6,2926.4,4322.95,2866.6,3253.4,1,1,3253.0,50,1,3252.7,12,2,3252.6,64,4,3252.5,214,5,3254.0,68,4,3254.1,66,1,3254.2,43,1,3254.3,104,3,3254.4,102,5
11536,2025-12-30 14:17:42+05:30,3253.4,1,3253.4,1506983,103081.0,123925.0,3250.0,3267.5,3239.8,3251.5,46936225,3576.6,2926.4,4322.95,2866.6,3253.0,50,1,3252.9,59,3,3252.7,39,3,3252.6,283,7,3252.5,74,7,3254.0,68,4,3254.1,66,1,3254.2,43,1,3254.3,50,1,3254.4,30,2
11536,2025-12-30 14:17:42+05:30,3253.4,1,3253.4,1506983,103081.0,123925.0,3250.0,3267.5,3239.8,3251.5,46936225,3576.6,2926.4,4322.95,2866.6,3253.0,50,1,3252.9,59,3,3252.7,39,3,3252.6,283,7,3252.5,74,7,3254.0,68,4,3254.1,66,1,3254.2,43,1,3254.3,50,1,3254.4,30,2
11536,2025-12-30 14:17:42+05:30,3253.4,1,3253.4,1506983,103081.0,123925.0,3250.0,3267.5,3239.8,3251.5,46936225,3576.6,2926.4,4322.95,2866.6,3253.0,50,1,3252.9,59,3,3252.7,39,3,3252.6,283,7,3252.5,74,7,3254.0,68,4,3254.1,66,1,3254.2,43,1,3254.3,50,1,3254.4,30,2
11536,2025-12-30 14:17:43+05:30,3254.0,15,3253.4,1507002,103040.0,124010.0,3250.0,3267.5,3239.8,3251.5,46936225,3576.6,2926.4,4322.95,2866.6,3253.0,49,1,3252.9,59,3,3252.8,175,1,3252.7,30,2,3252.6,240,7,3254.0,66,6,3254.1,66,1,3254.2,43,1,3254.3,50,1,3254.4,30,2
11536,2025-12-30 14:17:43+05:30,3254.0,15,3253.4,1507002,103040.0,124010.0,3250.0,3267.5,3239.8,3251.5,46936225,3576.6,2926.4,4322.95,2866.6,3253.0,49,1,3252.9,59,3,3252.8,175,1,3252.7,30,2,3252.6,240,7,3254.0,66,6,3254.1,66,1,3254.2,43,1,3254.3,50,1,3254.4,30,2
11536,2025-12-30 14:17:43+05:30,3254.0,15,3253.4,1507002,103040.0,124010.0,3250.0,3267.5,3239.8,3251.5,46936225,3576.6,2926.4,4322.95,2866.6,3253.0,49,1,3252.9,59,3,3252.8,175,1,3252.7,30,2,3252.6,240,7,3254.0,66,6,3254.1,66,1,3254.2,43,1,3254.3,50,1,3254.4,30,2
11536,2025-12-30 14:17:44+05:30,3254.0,15,3253.4,1507002,103128.0,123813.0,3250.0,3267.5,3239.8,3251.5,46936225,3576.6,2926.4,4322.95,2866.6,3253.0,49,1,3252.9,248,5,3252.8,68,3,3252.7,135,2,3252.6,138,8,3254.0,58,5,3254.1,66,1,3254.2,43,1,3254.3,50,1,3254.4,30,2
11536,2025-12-30 14:17:44+05:30,3254.0,15,3253.4,1507002,103128.0,123813.0,3250.0,3267.5,3239.8,3251.5,46936225,3576.6,2926.4,4322.95,2866.6,3253.0,49,1,3252.9,248,5,3252.8,68,3,3252.7,135,2,3252.6,138,8,3254.0,58,5,3254.1,66,1,3254.2,43,1,3254.3,50,1,3254.4,30,2
11536,2025-12-30 14:17:45+05:30,3254.0,1,3253.4,1507003,103126.0,123751.0,3250.0,3267.5,3239.8,3251.5,46936225,3576.6,2926.4,4322.95,2866.6,3253.0,49,1,3252.9,248,5,3252.8,68,3,3252.7,135,2,3252.6,138,8,3254.0,107,6,3254.1,66,1,3254.2,43,1,3254.3,50,1,3254.4,30,2
11536,2025-12-30 14:17:45+05:30,3254.0,1,3253.4,1507003,103126.0,123751.0,3250.0,3267.5,3239.8,3251.5,46936225,3576.6,2926.4,4322.95,2866.6,3253.0,49,1,3252.9,248,5,3252.8,68,3,3252.7,135,2,3252.6,138,8,3254.0,107,6,3254.1,66,1,3254.2,43,1,3254.3,50,1,3254.4,30,2
11536,2025-12-30 14:17:45+05:30,3254.0,1,3253.4,1507003,103126.0,123751.0,3250.0,3267.5,3239.8,3251.5,46936225,3576.6,2926.4,4322.95,2866.6,3253.0,49,1,3252.9,248,5,3252.8,68,3,3252.7,135,2,3252.6,138,8,3254.0,107,6,3254.1,66,1,3254.2,43,1,3254.3,50,1,3254.4,30,2
11536,2025-12-30 14:17:46+05:30,3253.5,30,3253.4,1507034,100509.0,123154.0,3250.0,3267.5,3239.8,3251.5,46936225,3576.6,2926.4,4322.95,2866.6,3253.5,145,1,3253.0,76,2,3252.9,34,2,3252.8,26,2,3252.7,16,3,3254.0,76,4,3254.1,66,1,3254.3,23,1,3254.4,5,1,3254.5,66,4
11536,2025-12-30 14:17:46+05:30,3253.5,30,3253.4,1507034,100509.0,123154.0,3250.0,3267.5,3239.8,3251.5,46936225,3576.6,2926.4,4322.95,2866.6,3253.5,145,1,3253.0,76,2,3252.9,34,2,3252.8,26,2,3252.7,16,3,3254.0,76,4,3254.1,66,1,3254.3,23,1,3254.4,5,1,3254.5,66,4
11536,2025-12-30 14:17:46+05:30,3253.5,30,3253.4,1507034,100509.0,123154.0,3250.0,3267.5,3239.8,3251.5,46936225,3576.6,2926.4,4322.95,2866.6,3253.5,145,1,3253.0,76,2,3252.9,34,2,3252.8,26,2,3252.7,16,3,3254.0,76,4,3254.1,66,1,3254.3,23,1,3254.4,5,1,3254.5,66,4
11536,2025-12-30 14:17:47+05:30,3253.5,1,3253.4,1507035,103969.0,123162.0,3250.0,3267.5,3239.8,3251.5,46936225,3576.6,2926.4,4322.95,2866.6,3253.5,144,1,3253.0,114,4,3252.9,14,1,3252.8,47,5,3252.7,15,3,3254.0,76,4,3254.1,66,1,3254.3,23,1,3254.4,5,1,3254.5,106,5
11536,2025-12-30 14:17:47+05:30,3253.5,1,3253.4,1507035,103969.0,123162.0,3250.0,3267.5,3239.8,3251.5,46936225,3576.6,2926.4,4322.95,2866.6,3253.5,144,1,3253.0,114,4,3252.9,14,1,3252.8,47,5,3252.7,15,3,3254.0,76,4,3254.1,66,1,3254.3,23,1,3254.4,5,1,3254.5,106,5
11536,2025-12-30 14:17:47+05:30,3253.5,1,3253.4,1507035,103969.0,123162.0,3250.0,3267.5,3239.8,3251.5,46936225,3576.6,2926.4,4322.95,2866.6,3253.5,144,1,3253.0,114,4,3252.9,14,1,3252.8,47,5,3252.7,15,3,3254.0,76,4,3254.1,66,1,3254.3,23,1,3254.4,5,1,3254.5,106,5
11536,2025-12-30 14:17:48+05:30,3253.5,1,3253.4,1507035,103969.0,123162.0,3250.0,3267.5,3239.8,3251.5,46936225,3576.6,2926.4,4322.95,2866.6,3253.5,144,1,3253.0,114,4,3252.9,14,1,3252.8,47,5,3252.7,15,3,3254.0,76,4,3254.1,66,1,3254.3,23,1,3254.4,5,1,3254.5,106,5
11536,2025-12-30 14:17:48+05:30,3253.2,22,3253.4,1507035,103969.0,123162.0,3250.0,3267.5,3239.8,3251.5,46936225,3576.6,2926.4,4322.95,2866.6,3253.5,144,1,3253.0,114,4,3252.9,14,1,3252.8,47,5,3252.7,15,3,3254.0,76,4,3254.1,66,1,3254.3,23,1,3254.4,5,1,3254.5,106,5
11536,2025-12-30 14:17:48+05:30,3253.2,22,3253.4,1508259,102508.0,121496.0,3250.0,3267.5,3239.8,3251.5,46936225,3576.6,2926.4,4322.95,2866.6,3253.5,74,1,3253.2,42,2,3253.1,10,1,3253.0,23,2,3252.9,43,3,3254.1,25,1,3254.4,24,2,3254.5,13,2,3254.6,26,1,3254.7,3,1
11536,2025-12-30 14:17:49+05:30,3253.2,22,3253.4,1508259,102508.0,121496.0,3250.0,3267.5,3239.8,3251.5,46936225,3576.6,2926.4,4322.95,2866.6,3253.5,74,1,3253.2,42,2,3253.1,10,1,3253.0,23,2,3252.9,43,3,3254.1,25,1,3254.4,24,2,3254.5,13,2,3254.6,26,1,3254.7,3,1
11536,2025-12-30 14:17:49+05:30,3254.1,25,3253.4,1508259,102508.0,121496.0,3250.0,3267.5,3239.8,3251.5,46936225,3576.6,2926.4,4322.95,2866.6,3253.5,74,1,3253.2,42,2,3253.1,10,1,3253.0,23,2,3252.9,43,3,3254.1,25,1,3254.4,24,2,3254.5,13,2,3254.6,26,1,3254.7,3,1
11536,2025-12-30 14:17:49+05:30,3254.1,25,3253.4,1508323,102498.0,121557.0,3250.0,3267.5,3239.8,3251.5,46936225,3576.6,2926.4,4322.95,2866.6,3254.1,5,1,3253.5,49,3,3253.3,23,1,3253.2,50,3,3253.1,10,1,3254.4,5,1,3254.5,13,2,3254.8,68,3,3254.9,4,2,3255.0,225,8
11536,2025-12-30 14:17:49+05:30,3254.1,25,3253.4,1508323,102498.0,121557.0,3250.0,3267.5,3239.8,3251.5,46936225,3576.6,2926.4,4322.95,2866.6,3254.1,5,1,3253.5,49,3,3253.3,23,1,3253.2,50,3,3253.1,10,1,3254.4,5,1,3254.5,13,2,3254.8,68,3,3254.9,4,2,3255.0,225,8
11536,2025-12-30 14:17:50+05:30,3254.4,1,3253.4,1508323,102498.0,121557.0,3250.0,3267.5,3239.8,3251.5,46936225,3576.6,2926.4,4322.95,2866.6,3254.1,5,1,3253.5,49,3,3253.3,23,1,3253.2,50,3,3253.1,10,1,3254.4,5,1,3254.5,13,2,3254.8,68,3,3254.9,4,2,3255.0,225,8
11536,2025-12-30 14:17:50+05:30,3254.4,1,3253.4,1508324,102691.0,121699.0,3250.0,3267.5,3239.8,3251.5,46936225,3576.6,2926.4,4322.95,2866.6,3254.1,5,1,3253.5,49,3,3253.3,23,1,3253.2,53,4,3253.1,11,2,3254.4,8,2,3254.5,13,2,3254.9,44,3,3255.0,179,7,3255.1,114,3
11536,2025-12-30 14:17:51+05:30,3254.4,1,3253.4,1508324,102691.0,121699.0,3250.0,3267.5,3239.8,3251.5,46936225,3576.6,2926.4,4322.95,2866.6,3254.1,5,1,3253.5,49,3,3253.3,23,1,3253.2,53,4,3253.1,11,2,3254.4,8,2,3254.5,13,2,3254.9,44,3,3255.0,179,7,3255.1,114,3
11536,2025-12-30 14:17:51+05:30,3254.1,1,3253.4,1508324,102691.0,121699.0,3250.0,3267.5,3239.8,3251.5,46936225,3576.6,2926.4,4322.95,2866.6,3254.1,5,1,3253.5,49,3,3253.3,23,1,3253.2,53,4,3253.1,11,2,3254.4,8,2,3254.5,13,2,3254.9,44,3,3255.0,179,7,3255.1,114,3
11536,2025-12-30 14:17:51+05:30,3254.4,3,3253.4,1508328,99451.0,121572.0,3250.0,3267.5,3239.8,3251.5,46936225,3576.6,2926.4,4322.95,2866.6,3254.1,4,1,3253.5,39,2,3253.2,6,2,3253.1,1,1,3253.0,96,5,3254.4,13,3,3254.5,13,2,3254.7,67,3,3254.8,19,1,3254.9,44,3
11536,2025-12-30 14:17:52+05:30,3254.1,6,3253.4,1508328,99451.0,121572.0,3250.0,3267.5,3239.8,3251.5,46936225,3576.6,2926.4,4322.95,2866.6,3254.1,4,1,3253.5,39,2,3253.2,6,2,3253.1,1,1,3253.0,96,5,3254.4,13,3,3254.5,13,2,3254.7,67,3,3254.8,19,1,3254.9,44,3
11536,2025-12-30 14:17:52+05:30,3254.4,1,3253.4,1508517,101958.0,121767.0,3250.0,3267.5,3239.8,3251.5,46936225,3576.6,2926.4,4322.95,2866.6,3254.4,4,1,3253.5,39,2,3253.3,3,1,3253.2,3,1,3253.1,70,3,3254.6,78,4,3254.7,60,3,3254.8,43,2,3254.9,16,1,3255.0,205,8
11536,2025-12-30 14:17:53+05:30,3254.4,1,3253.4,1508517,101958.0,121767.0,3250.0,3267.5,3239.8,3251.5,46936225,3576.6,2926.4,4322.95,2866.6,3254.4,4,1,3253.5,39,2,3253.3,3,1,3253.2,3,1,3253.1,70,3,3254.6,78,4,3254.7,60,3,3254.8,43,2,3254.9,16,1,3255.0,205,8
11536,2025-12-30 14:17:53+05:30,3254.7,21,3253.4,1508517,101958.0,121767.0,3250.0,3267.5,3239.8,3251.5,46936225,3576.6,2926.4,4322.95,2866.6,3254.4,4,1,3253.5,39,2,3253.3,3,1,3253.2,3,1,3253.1,70,3,3254.6,78,4,3254.7,60,3,3254.8,43,2,3254.9,16,1,3255.0,205,8
11536,2025-12-30 14:17:54+05:30,3254.7,21,3253.4,1508607,102214.0,122126.0,3250.0,3267.5,3239.8,3251.5,46936225,3576.6,2926.4,4322.95,2866.6,3254.4,54,3,3254.1,1,1,3253.5,7,2,3253.2,74,6,3253.1,101,6,3254.7,19,1,3254.8,19,1,3254.9,23,1,3255.0,165,7,3255.1,91,4
11536,2025-12-30 14:17:54+05:30,3254.7,21,3253.4,1508607,102214.0,122126.0,3250.0,3267.5,3239.8,3251.5,46936225,3576.6,2926.4,4322.95,2866.6,3254.4,54,3,3254.1,1,1,3253.5,7,2,3253.2,74,6,3253.1,101,6,3254.7,19,1,3254.8,19,1,3254.9,23,1,3255.0,165,7,3255.1,91,4
11536,2025-12-30 14:17:55+05:30,3254.7,21,3253.4,1508607,100732.0,122141.0,3250.0,3267.5,3239.8,3251.5,46936225,3576.6,2926.4,4322.95,2866.6,3254.4,54,3,3254.1,1,1,3253.5,7,2,3253.2,71,5,3253.1,101,6,3254.6,13,1,3254.8,87,4,3255.0,138,6,3255.1,119,4,3255.2,42,2
11536,2025-12-30 14:17:55+05:30,3254.6,1,3253.4,1508607,100732.0,122141.0,3250.0,3267.5,3239.8,3251.5,46936225,3576.6,2926.4,4322.95,2866.6,3254.4,54,3,3254.1,1,1,3253.5,7,2,3253.2,71,5,3253.1,101,6,3254.6,13,1,3254.8,87,4,3255.0,138,6,3255.1,119,4,3255.2,42,2
11536,2025-12-30 14:17:56+05:30,3254.4,17,3253.4,1508645,102605.0,121575.0,3250.0,3267.5,3239.8,3251.5,46936225,3576.6,2926.4,4322.95,2866.6,3254.4,33,2,3254.1,1,1,3253.5,7,2,3253.2,71,5,3253.1,103,7,3254.6,2,1,3254.8,85,4,3255.0,121,5,3255.1,119,4,3255.2,42,2
11536,2025-12-30 14:17:56+05:30,3254.4,17,3253.4,1508645,102605.0,121575.0,3250.0,3267.5,3239.8,3251.5,46936225,3576.6,2926.4,4322.95,2866.6,3254.4,33,2,3254.1,1,1,3253.5,7,2,3253.2,71,5,3253.1,103,7,3254.6,2,1,3254.8,85,4,3255.0,121,5,3255.1,119,4,3255.2,42,2
11536,2025-12-30 14:17:56+05:30,3254.4,17,3253.4,1508645,102605.0,121575.0,3250.0,3267.5,3239.8,3251.5,46936225,3576.6,2926.4,4322.95,2866.6,3254.4,33,2,3254.1,1,1,3253.5,7,2,3253.2,71,5,3253.1,103,7,3254.6,2,1,3254.8,85,4,3255.0,121,5,3255.1,119,4,3255.2,42,2
11536,2025-12-30 14:17:57+05:30,3254.4,1,3253.4,1508678,102482.0,121635.0,3250.0,3267.5,3239.8,3251.5,46936225,3576.6,2926.4,4322.95,2866.6,3254.4,1,1,3254.1,6,2,3253.5,7,2,3253.3,1,1,3253.2,71,5,3254.6,18,3,3254.7,23,1,3254.8,70,3,3254.9,17,1,3255.0,139,6
11536,2025-12-30 14:17:57+05:30,3254.4,1,3253.4,1508678,102482.0,121635.0,3250.0,3267.5,3239.8,3251.5,46936225,3576.6,2926.4,4322.95,2866.6,3254.4,1,1,3254.1,6,2,3253.5,7,2,3253.3,1,1,3253.2,71,5,3254.6,18,3,3254.7,23,1,3254.8,70,3,3254.9,17,1,3255.0,139,6
11536,2025-12-30 14:17:57+05:30,3254.4,1,3253.4,1508678,102482.0,121635.0,3250.0,3267.5,3239.8,3251.5,46936225,3576.6,2926.4,4322.95,2866.6,3254.4,1,1,3254.1,6,2,3253.5,7,2,3253.3,1,1,3253.2,71,5,3254.6,18,3,3254.7,23,1,3254.8,70,3,3254.9,17,1,3255.0,139,6
11536,2025-12-30 14:17:58+05:30,3254.4,1,3253.4,1508680,102092.0,121683.0,3250.0,3267.5,3239.8,3251.5,46936225,3576.6,2926.4,4322.95,2866.6,3254.4,46,3,3254.1,6,2,3253.5,17,3,3253.3,1,1,3253.2,71,5,3254.6,12,2,3254.7,23,1,3254.8,40,1,3254.9,17,1,3255.0,189,7
11536,2025-12-30 14:17:58+05:30,3254.4,1,3253.4,1508680,102092.0,121683.0,3250.0,3267.5,3239.8,3251.5,46936225,3576.6,2926.4,4322.95,2866.6,3254.4,46,3,3254.1,6,2,3253.5,17,3,3253.3,1,1,3253.2,71,5,3254.6,12,2,3254.7,23,1,3254.8,40,1,3254.9,17,1,3255.0,189,7
11536,2025-12-30 14:17:59+05:30,3254.4,39,3253.4,1508720,98902.0,121921.0,3250.0,3267.5,3239.8,3251.5,46936225,3576.6,2926.4,4322.95,2866.6,3254.4,6,3,3254.1,6,2,3253.5,17,3,3253.3,1,1,3253.2,71,5,3254.6,56,5,3254.7,36,3,3254.8,57,2,3254.9,17,1,3255.0,227,9
11536,2025-12-30 14:17:59+05:30,3254.4,39,3253.4,1508720,98902.0,121921.0,3250.0,3267.5,3239.8,3251.5,46972975,3576.6,2926.4,4322.95,2866.6,3254.4,6,3,3254.1,6,2,3253.5,17,3,3253.3,1,1,3253.2,71,5,3254.6,56,5,3254.7,36,3,3254.8,57,2,3254.9,17,1,3255.0,227,9
11536,2025-12-30 14:17:59+05:30,3254.4,39,3253.4,1508720,98902.0,121921.0,3250.0,3267.5,3239.8,3251.5,46972975,3576.6,2926.4,4322.95,2866.6,3254.4,6,3,3254.1,6,2,3253.5,17,3,3253.3,1,1,3253.2,71,5,3254.6,56,5,3254.7,36,3,3254.8,57,2,3254.9,17,1,3255.0,227,9
11536,2025-12-30 14:18:00+05:30,3254.4,10,3253.4,1508740,98701.0,122450.0,3250.0,3267.5,3239.8,3251.5,46972975,3576.6,2926.4,4322.95,2866.6,3254.4,12,3,3254.1,6,2,3253.5,7,2,3253.3,1,1,3253.2,71,5,3254.6,52,4,3254.7,17,1,3254.8,48,2,3254.9,17,1,3255.0,227,9
11536,2025-12-30 14:18:00+05:30,3254.4,10,3253.4,1508740,98701.0,122450.0,3250.0,3267.5,3239.8,3251.5,46972975,3576.6,2926.4,4322.95,2866.6,3254.4,12,3,3254.1,6,2,3253.5,7,2,3253.3,1,1,3253.2,71,5,3254.6,52,4,3254.7,17,1,3254.8,48,2,3254.9,17,1,3255.0,227,9
11536,2025-12-30 14:18:01+05:30,3254.6,1,3253.4,1508742,98876.0,122448.0,3250.0,3267.5,3239.8,3251.5,46972975,3576.6,2926.4,4322.95,2866.6,3254.4,12,3,3254.1,6,2,3253.5,7,2,3253.3,1,1,3253.2,71,5,3254.6,50,4,3254.7,17,1,3254.8,48,2,3254.9,17,1,3255.0,227,9
11536,2025-12-30 14:18:01+05:30,3254.6,1,3253.4,1508742,98876.0,122448.0,3250.0,3267.5,3239.8,3251.5,46972975,3576.6,2926.4,4322.95,2866.6,3254.4,12,3,3254.1,6,2,3253.5,7,2,3253.3,1,1,3253.2,71,5,3254.6,50,4,3254.7,17,1,3254.8,48,2,3254.9,17,1,3255.0,227,9
11536,2025-12-30 14:18:01+05:30,3254.6,1,3253.4,1508742,98876.0,122448.0,3250.0,3267.5,3239.8,3251.5,46972975,3576.6,2926.4,4322.95,2866.6,3254.4,12,3,3254.1,6,2,3253.5,7,2,3253.3,1,1,3253.2,71,5,3254.6,50,4,3254.7,17,1,3254.8,48,2,3254.9,17,1,3255.0,227,9
11536,2025-12-30 14:18:02+05:30,3255.0,22,3253.41,1510704,103521.0,119451.0,3250.0,3267.5,3239.8,3251.5,46972975,3576.6,2926.4,4322.95,2866.6,3255.0,60,1,3254.4,12,3,3254.1,28,3,3253.8,122,2,3253.6,85,4,3255.4,62,4,3255.5,77,7,3255.6,25,2,3255.7,64,2,3255.8,39,2
11536,2025-12-30 14:18:02+05:30,3255.0,22,3253.41,1510704,103521.0,119451.0,3250.0,3267.5,3239.8,3251.5,46972975,3576.6,2926.4,4322.95,2866.6,3255.0,60,1,3254.4,12,3,3254.1,28,3,3253.8,122,2,3253.6,85,4,3255.4,62,4,3255.5,77,7,3255.6,25,2,3255.7,64,2,3255.8,39,2
11536,2025-12-30 14:18:03+05:30,3254.8,15,3253.41,1510704,103521.0,119451.0,3250.0,3267.5,3239.8,3251.5,46972975,3576.6,2926.4,4322.95,2866.6,3255.0,60,1,3254.4,12,3,3254.1,28,3,3253.8,122,2,3253.6,85,4,3255.4,62,4,3255.5,77,7,3255.6,25,2,3255.7,64,2,3255.8,39,2
11536,2025-12-30 14:18:03+05:30,3254.8,15,3253.41,1511959,102773.0,120893.0,3250.0,3267.5,3239.8,3251.5,46972975,3576.6,2926.4,4322.95,2866.6,3254.4,12,3,3254.1,6,2,3253.6,17,1,3253.5,7,2,3253.4,21,1,3254.8,42,3,3254.9,19,2,3255.0,53,4,3255.1,16,2,3255.2,38,2
11536,2025-12-30 14:18:04+05:30,3254.4,1,3253.41,1511959,102773.0,120893.0,3250.0,3267.5,3239.8,3251.5,46972975,3576.6,2926.4,4322.95,2866.6,3254.4,12,3,3254.1,6,2,3253.6,17,1,3253.5,7,2,3253.4,21,1,3254.8,42,3,3254.9,19,2,3255.0,53,4,3255.1,16,2,3255.2,38,2
11536,2025-12-30 14:18:04+05:30,3254.8,11,3253.41,1511971,103454.0,120849.0,3250.0,3267.5,3239.8,3251.5,46972975,3576.6,2926.4,4322.95,2866.6,3254.8,5,1,3254.4,11,3,3254.1,6,2,3253.6,119,2,3253.5,7,2,3254.9,52,4,3255.0,79,5,3255.1,19,2,3255.2,18,1,3255.3,85,4
11536,2025-12-30 14:18:05+05:30,3254.9,1,3253.41,1511971,103454.0,120849.0,3250.0,3267.5,3239.8,3251.5,46972975,3576.6,2926.4,4322.95,2866.6,3254.8,5,1,3254.4,11,3,3254.1,6,2,3253.6,119,2,3253.5,7,2,3254.9,52,4,3255.0,79,5,3255.1,19,2,3255.2,18,1,3255.3,85,4
11536,2025-12-30 14:18:05+05:30,3254.9,1,3253.41,1511972,103439.0,120856.0,3250.0,3267.5,3239.8,3251.5,46972975,3576.6,2926.4,4322.95,2866.6,3254.8,5,1,3254.4,11,3,3254.1,6,2,3253.6,119,2,3253.5,7,2,3254.9,51,4,3255.0,79,5,3255.1,19,2,3255.2,18,1,3255.3,85,4
11536,2025-12-30 14:18:06+05:30,3254.8,1,3253.41,1511972,103439.0,120856.0,3250.0,3267.5,3239.8,3251.5,46972975,3576.6,2926.4,4322.95,2866.6,3254.8,5,1,3254.4,11,3,3254.1,6,2,3253.6,119,2,3253.5,7,2,3254.9,51,4,3255.0,79,5,3255.1,19,2,3255.2,18,1,3255.3,85,4
11536,2025-12-30 14:18:06+05:30,3254.8,1,3253.41,1512423,103226.0,120655.0,3250.0,3267.5,3239.8,3251.5,46972975,3576.6,2926.4,4322.95,2866.6,3254.8,4,1,3254.4,11,3,3254.1,6,2,3253.6,165,4,3253.5,53,3,3254.9,51,6,3255.0,39,2,3255.1,29,2,3255.2,13,1,3255.3,57,4
11536,2025-12-30 14:18:07+05:30,3254.9,4,3253.41,1512423,103226.0,120655.0,3250.0,3267.5,3239.8,3251.5,46972975,3576.6,2926.4,4322.95,2866.6,3254.8,4,1,3254.4,11,3,3254.1,6,2,3253.6,165,4,3253.5,53,3,3254.9,51,6,3255.0,39,2,3255.1,29,2,3255.2,13,1,3255.3,57,4
11536,2025-12-30 14:18:07+05:30,3254.9,4,3253.41,1512487,103201.0,120930.0,3250.0,3267.5,3239.8,3251.5,46972975,3576.6,2926.4,4322.95,2866.6,3254.4,11,3,3254.1,6,2,3253.6,42,2,3253.5,7,2,3253.4,107,3,3254.9,70,5,3255.0,13,1,3255.1,29,2,3255.2,13,1,3255.3,57,4
11536,2025-12-30 14:18:08+05:30,3254.9,4,3253.41,1512487,103201.0,120930.0,3250.0,3267.5,3239.8,3251.5,46972975,3576.6,2926.4,4322.95,2866.6,3254.4,11,3,3254.1,6,2,3253.6,42,2,3253.5,7,2,3253.4,107,3,3254.9,70,5,3255.0,13,1,3255.1,29,2,3255.2,13,1,3255.3,57,4
11536,2025-12-30 14:18:08+05:30,3254.4,28,3253.41,1512530,103561.0,121491.0,3250.0,3267.5,3239.8,3251.5,46972975,3576.6,2926.4,4322.95,2866.6,3254.4,30,4,3254.1,6,2,3253.6,42,2,3253.5,53,3,3253.4,61,2,3254.9,56,4,3255.0,13,1,3255.1,9,1,3255.2,13,1,3255.3,57,4
11536,2025-12-30 14:18:09+05:30,3254.4,28,3253.41,1512530,103561.0,121491.0,3250.0,3267.5,3239.8,3251.5,46972975,3576.6,2926.4,4322.95,2866.6,3254.4,30,4,3254.1,6,2,3253.6,42,2,3253.5,53,3,3253.4,61,2,3254.9,56,4,3255.0,13,1,3255.1,9,1,3255.2,13,1,3255.3,57,4
11536,2025-12-30 14:18:09+05:30,3254.4,1,3253.41,1512531,103616.0,121565.0,3250.0,3267.5,3239.8,3251.5,46972975,3576.6,2926.4,4322.95,2866.6,3254.4,29,4,3254.1,6,2,3253.6,80,3,3253.5,228,4,3253.4,61,2,3254.9,40,2,3255.2,13,1,3255.3,38,3,3255.4,69,5,3255.5,224,4
11536,2025-12-30 14:18:10+05:30,3254.4,1,3253.41,1512531,103616.0,121565.0,3250.0,3267.5,3239.8,3251.5,46972975,3576.6,2926.4,4322.95,2866.6,3254.4,29,4,3254.1,6,2,3253.6,80,3,3253.5,228,4,3253.4,61,2,3254.9,40,2,3255.2,13,1,3255.3,38,3,3255.4,69,5,3255.5,224,4
11536,2025-12-30 14:18:10+05:30,3254.4,1,3253.41,1512531,103616.0,121582.0,3250.0,3267.5,3239.8,3251.5,46972975,3576.6,2926.4,4322.95,2866.6,3254.4,29,4,3254.1,6,2,3253.6,80,3,3253.5,228,4,3253.4,61,2,3254.9,40,2,3255.2,13,1,3255.3,55,4,3255.4,69,5,3255.5,224,4
11536,2025-12-30 14:18:11+05:30,3254.8,1,3253.41,1512534,103620.0,121400.0,3250.0,3267.5,3239.8,3251.5,46972975,3576.6,2926.4,4322.95,2866.6,3254.8,1,1,3254.4,29,4,3254.1,6,2,3253.6,228,5,3253.5,182,3,3254.9,67,6,3255.0,13,1,3255.2,13,1,3255.3,55,5,3255.4,67,4
11536,2025-12-30 14:18:12+05:30,3254.8,50,3253.41,1512534,103620.0,121400.0,3250.0,3267.5,3239.8,3251.5,46972975,3576.6,2926.4,4322.95,2866.6,3254.8,1,1,3254.4,29,4,3254.1,6,2,3253.6,228,5,3253.5,182,3,3254.9,67,6,3255.0,13,1,3255.2,13,1,3255.3,55,5,3255.4,67,4
11536,2025-12-30 14:18:12+05:30,3254.9,2,3253.41,1512588,103205.0,121351.0,3250.0,3267.5,3239.8,3251.5,46972975,3576.6,2926.4,4322.95,2866.6,3254.4,29,4,3254.1,6,2,3253.7,77,2,3253.6,190,4,3253.5,182,3,3254.9,35,2,3255.1,16,1,3255.2,13,1,3255.3,40,4,3255.4,89,6
11536,2025-12-30 14:18:13+05:30,3254.4,1,3253.41,1512588,103205.0,121351.0,3250.0,3267.5,3239.8,3251.5,46972975,3576.6,2926.4,4322.95,2866.6,3254.4,29,4,3254.1,6,2,3253.7,77,2,3253.6,190,4,3253.5,182,3,3254.9,35,2,3255.1,16,1,3255.2,13,1,3255.3,40,4,3255.4,89,6
11536,2025-12-30 14:18:13+05:30,3255.3,9,3253.41,1512721,103845.0,120725.0,3250.0,3267.5,3239.8,3251.5,46972975,3576.6,2926.4,4322.95,2866.6,3254.4,48,5,3254.2,35,2,3254.1,6,2,3253.8,22,1,3253.7,177,4,3255.3,1,1,3255.4,58,4,3255.5,24,2,3255.6,66,4,3255.7,21,1
11536,2025-12-30 14:18:14+05:30,3255.3,9,3253.41,1512721,103845.0,120725.0,3250.0,3267.5,3239.8,3251.5,46972975,3576.6,2926.4,4322.95,2866.6,3254.4,48,5,3254.2,35,2,3254.1,6,2,3253.8,22,1,3253.7,177,4,3255.3,1,1,3255.4,58,4,3255.5,24,2,3255.6,66,4,3255.7,21,1
11536,2025-12-30 14:18:14+05:30,3255.3,9,3253.41,1512721,103831.0,120961.0,3250.0,3267.5,3239.8,3251.5,46972975,3576.6,2926.4,4322.95,2866.6,3254.4,48,5,3254.2,35,2,3254.1,6,2,3253.8,22,1,3253.7,177,4,3255.0,3,1,3255.3,1,1,3255.4,58,4,3255.5,24,2,3255.6,66,4
11536,2025-12-30 14:18:15+05:30,3255.0,1,3253.41,1512721,103831.0,120961.0,3250.0,3267.5,3239.8,3251.5,46972975,3576.6,2926.4,4322.95,2866.6,3254.4,48,5,3254.2,35,2,3254.1,6,2,3253.8,22,1,3253.7,177,4,3255.0,3,1,3255.3,1,1,3255.4,58,4,3255.5,24,2,3255.6,66,4
11536,2025-12-30 14:18:15+05:30,3254.4,1,3253.41,1512723,103760.0,121044.0,3250.0,3267.5,3239.8,3251.5,46972975,3576.6,2926.4,4322.95,2866.6,3254.4,47,5,3254.1,6,2,3254.0,116,2,3253.7,177,4,3253.6,119,2,3255.0,16,2,3255.1,17,1,3255.2,22,1,3255.3,26,2,3255.4,60,4
11536,2025-12-30 14:18:16+05:30,3255.0,1,3253.41,1512723,103760.0,121044.0,3250.0,3267.5,3239.8,3251.5,46972975,3576.6,2926.4,4322.95,2866.6,3254.4,47,5,3254.1,6,2,3254.0,116,2,3253.7,177,4,3253.6,119,2,3255.0,16,2,3255.1,17,1,3255.2,22,1,3255.3,26,2,3255.4,60,4
11536,2025-12-30 14:18:16+05:30,3255.0,1,3253.41,1512724,103846.0,121186.0,3250.0,3267.5,3239.8,3251.5,46972975,3576.6,2926.4,4322.95,2866.6,3254.4,47,5,3254.1,6,2,3254.0,76,1,3253.7,131,3,3253.6,165,3,3255.0,50,5,3255.2,25,1,3255.3,53,4,3255.4,41,3,3255.5,30,4
11536,2025-12-30 14:18:17+05:30,3253.6,35,3253.41,1513512,101947.0,122875.0,3250.0,3267.5,3239.8,3251.5,46972975,3576.6,2926.4,4322.95,2866.6,3253.5,44,4,3253.4,71,2,3253.3,27,1,3253.2,32,4,3253.1,260,6,3253.6,106,1,3254.4,20,1,3254.6,21,1,3254.8,40,2,3254.9,19,1
11536,2025-12-30 14:18:18+05:30,3253.6,88,3253.41,1513512,101947.0,122875.0,3250.0,3267.5,3239.8,3251.5,46972975,3576.6,2926.4,4322.95,2866.6,3253.5,44,4,3253.4,71,2,3253.3,27,1,3253.2,32,4,3253.1,260,6,3253.6,106,1,3254.4,20,1,3254.6,21,1,3254.8,40,2,3254.9,19,1
11536,2025-12-30 14:18:18+05:30,3253.5,3,3253.41,1513639,101957.0,123302.0,3250.0,3267.5,3239.8,3251.5,46972975,3576.6,2926.4,4322.95,2866.6,3253.5,4,2,3253.4,25,1,3253.3,19,1,3253.2,4,2,3253.1,260,6,3253.6,32,2,3254.4,20,1,3254.6,21,1,3254.7,61,1,3254.8,40,2
11536,2025-12-30 14:18:19+05:30,3253.6,18,3253.41,1513639,101957.0,123302.0,3250.0,3267.5,3239.8,3251.5,46972975,3576.6,2926.4,4322.95,2866.6,3253.5,4,2,3253.4,25,1,3253.3,19,1,3253.2,4,2,3253.1,260,6,3253.6,32,2,3254.4,20,1,3254.6,21,1,3254.7,61,1,3254.8,40,2
11536,2025-12-30 14:18:20+05:30,3253.6,1,3253.41,1513690,101999.0,123247.0,3250.0,3267.5,3239.8,3251.5,46972975,3576.6,2926.4,4322.95,2866.6,3253.5,4,2,3253.4,42,2,3253.3,22,1,3253.2,4,2,3253.1,51,4,3253.6,87,1,3254.6,21,1,3254.7,40,1,3254.8,40,2,3254.9,105,3
11536,2025-12-30 14:18:20+05:30,3253.6,1,3253.41,1513690,101999.0,123247.0,3250.0,3267.5,3239.8,3251.5,46972975,3576.6,2926.4,4322.95,2866.6,3253.5,4,2,3253.4,42,2,3253.3,22,1,3253.2,4,2,3253.1,51,4,3253.6,87,1,3254.6,21,1,3254.7,40,1,3254.8,40,2,3254.9,105,3
11536,2025-12-30 14:18:21+05:30,3253.5,1,3253.41,1513732,100341.0,123064.0,3250.0,3267.5,3239.8,3251.5,46972975,3576.6,2926.4,4322.95,2866.6,3253.4,24,1,3253.3,39,2,3253.2,4,2,3253.1,12,2,3253.0,23,3,3253.5,46,1,3254.6,40,2,3254.7,59,2,3254.8,39,2,3254.9,113,3
11536,2025-12-30 14:18:21+05:30,3253.9,1,3253.41,1513732,100341.0,123064.0,3250.0,3267.5,3239.8,3251.5,46972975,3576.6,2926.4,4322.95,2866.6,3253.4,24,1,3253.3,39,2,3253.2,4,2,3253.1,12,2,3253.0,23,3,3253.5,46,1,3254.6,40,2,3254.7,59,2,3254.8,39,2,3254.9,113,3
11536,2025-12-30 14:18:22+05:30,3253.9,8,3253.41,1514168,101842.0,121661.0,3250.0,3267.5,3239.8,3251.5,46972975,3576.6,2926.4,4322.95,2866.6,3253.9,61,1,3253.4,150,4,3253.3,4,1,3253.2,71,4,3253.1,60,5,3255.0,91,5,3255.1,14,1,3255.2,132,6,3255.3,205,4,3255.4,167,7
11536,2025-12-30 14:18:22+05:30,3253.9,8,3253.41,1514168,101842.0,121661.0,3250.0,3267.5,3239.8,3251.5,46972975,3576.6,2926.4,4322.95,2866.6,3253.9,61,1,3253.4,150,4,3253.3,4,1,3253.2,71,4,3253.1,60,5,3255.0,91,5,3255.1,14,1,3255.2,132,6,3255.3,205,4,3255.4,167,7
11536,2025-12-30 14:18:23+05:30,3253.9,8,3253.41,1514168,102089.0,121816.0,3250.0,3267.5,3239.8,3251.5,46972975,3576.6,2926.4,4322.95,2866.6,3253.9,106,2,3253.6,47,2,3253.4,145,3,3253.2,114,6,3253.1,60,5,3254.5,3,1,3254.8,34,2,3255.0,53,3,3255.1,41,3,3255.2,110,5
11536,2025-12-30 14:18:24+05:30,3253.9,1,3253.41,1514170,102407.0,121830.0,3250.0,3267.5,3239.8,3251.5,46972975,3576.6,2926.4,4322.95,2866.6,3253.9,105,2,3253.7,22,1,3253.6,25,1,3253.5,175,1,3253.4,145,3,3254.5,2,1,3254.8,25,1,3255.0,53,3,3255.1,44,3,3255.2,110,5
11536,2025-12-30 14:18:24+05:30,3253.9,1,3253.41,1514170,102407.0,121830.0,3250.0,3267.5,3239.8,3251.5,46972975,3576.6,2926.4,4322.95,2866.6,3253.9,105,2,3253.7,22,1,3253.6,25,1,3253.5,175,1,3253.4,145,3,3254.5,2,1,3254.8,25,1,3255.0,53,3,3255.1,44,3,3255.2,110,5
11536,2025-12-30 14:18:25+05:30,3254.5,1,3253.41,1514171,102409.0,121829.0,3250.0,3267.5,3239.8,3251.5,46972975,3576.6,2926.4,4322.95,2866.6,3253.9,105,2,3253.7,22,1,3253.6,25,1,3253.5,175,1,3253.4,145,3,3254.5,1,1,3254.8,25,1,3255.0,53,3,3255.1,44,3,3255.2,110,5
11536,2025-12-30 14:18:25+05:30,3254.5,1,3253.41,1514171,102409.0,121829.0,3250.0,3267.5,3239.8,3251.5,46972975,3576.6,2926.4,4322.95,2866.6,3253.9,105,2,3253.7,22,1,3253.6,25,1,3253.5,175,1,3253.4,145,3,3254.5,1,1,3254.8,25,1,3255.0,53,3,3255.1,44,3,3255.2,110,5
11536,2025-12-30 14:18:26+05:30,3254.5,1,3253.41,1514171,102769.0,121830.0,3250.0,3267.5,3239.8,3251.5,46972975,3576.6,2926.4,4322.95,2866.6,3253.9,105,2,3253.7,22,1,3253.6,25,1,3253.5,175,1,3253.4,145,3,3254.5,2,2,3254.8,25,1,3255.0,53,3,3255.1,44,3,3255.2,110,5
11536,2025-12-30 14:18:27+05:30,3253.9,1,3253.41,1514171,102769.0,121830.0,3250.0,3267.5,3239.8,3251.5,46972975,3576.6,2926.4,4322.95,2866.6,3253.9,105,2,3253.7,22,1,3253.6,25,1,3253.5,175,1,3253.4,145,3,3254.5,2,2,3254.8,25,1,3255.0,53,3,3255.1,44,3,3255.2,110,5
11536,2025-12-30 14:18:27+05:30,3253.9,1,3253.41,1514172,100525.0,122604.0,3250.0,3267.5,3239.8,3251.5,46972975,3576.6,2926.4,4322.95,2866.6,3253.9,104,2,3253.6,25,1,3253.4,22,1,3253.2,25,3,3253.1,118,6,3254.5,7,3,3254.6,13,1,3254.7,13,1,3254.8,18,1,3254.9,22,1
11536,2025-12-30 14:18:28+05:30,3253.9,3,3253.41,1514172,100525.0,122604.0,3250.0,3267.5,3239.8,3251.5,46972975,3576.6,2926.4,4322.95,2866.6,3253.9,104,2,3253.6,25,1,3253.4,22,1,3253.2,25,3,3253.1,118,6,3254.5,7,3,3254.6,13,1,3254.7,13,1,3254.8,18,1,3254.9,22,1
11536,2025-12-30 14:18:28+05:30,3253.9,3,3253.41,1514175,102623.0,122584.0,3250.0,3267.5,3239.8,3251.5,46972975,3576.6,2926.4,4322.95,2866.6,3253.9,102,3,3253.6,25,1,3253.4,22,1,3253.2,25,3,3253.1,36,5,3254.5,16,5,3254.6,13,1,3254.7,13,1,3254.8,18,1,3254.9,22,1
11536,2025-12-30 14:18:29+05:30,3253.9,40,3253.41,1514175,102623.0,122584.0,3250.0,3267.5,3239.8,3251.5,46972975,3576.6,2926.4,4322.95,2866.6,3253.9,102,3,3253.6,25,1,3253.4,22,1,3253.2,25,3,3253.1,36,5,3254.5,16,5,3254.6,13,1,3254.7,13,1,3254.8,18,1,3254.9,22,1
11536,2025-12-30 14:18:29+05:30,3253.9,40,3253.41,1514215,102225.0,122501.0,3250.0,3267.5,3239.8,3251.5,46972975,3576.6,2926.4,4322.95,2866.6,3253.9,62,3,3253.2,25,3,3253.1,58,6,3253.0,44,4,3252.9,163,5,3254.5,20,5,3254.6,60,3,3254.7,30,2,3254.8,36,2,3255.0,116,6
11536,2025-12-30 14:18:30+05:30,3253.9,40,3253.41,1514215,102202.0,122501.0,3250.0,3267.5,3239.8,3251.5,46972975,3576.6,2926.4,4322.95,2866.6,3253.9,62,3,3253.2,25,3,3253.1,58,6,3253.0,44,4,3252.9,163,5,3254.5,20,5,3254.6,60,3,3254.7,30,2,3254.8,36,2,3255.0,116,6
11536,2025-12-30 14:18:31+05:30,3254.6,2,3253.41,1514215,102202.0,122501.0,3250.0,3267.5,3239.8,3251.5,46972975,3576.6,2926.4,4322.95,2866.6,3253.9,62,3,3253.2,25,3,3253.1,58,6,3253.0,44,4,3252.9,163,5,3254.5,20,5,3254.6,60,3,3254.7,30,2,3254.8,36,2,3255.0,116,6
11536,2025-12-30 14:18:31+05:30,3254.5,2,3253.41,1514235,101544.0,122562.0,3250.0,3267.5,3239.8,3251.5,46972975,3576.6,2926.4,4322.95,2866.6,3253.9,46,2,3253.3,10,1,3253.2,25,3,3253.1,115,7,3253.0,157,6,3254.5,12,1,3254.6,67,4,3254.7,30,2,3254.8,36,2,3254.9,21,1
11536,2025-12-30 14:18:32+05:30,3254.7,1,3253.41,1514235,101544.0,122562.0,3250.0,3267.5,3239.8,3251.5,46972975,3576.6,2926.4,4322.95,2866.6,3253.9,46,2,3253.3,10,1,3253.2,25,3,3253.1,115,7,3253.0,157,6,3254.5,12,1,3254.6,67,4,3254.7,30,2,3254.8,36,2,3254.9,21,1
11536,2025-12-30 14:18:32+05:30,3253.1,1,3253.41,1514639,102334.0,124107.0,3250.0,3267.5,3239.8,3251.5,46972975,3576.6,2926.4,4322.95,2866.6,3253.1,11,2,3253.0,96,5,3252.9,75,2,3252.8,22,1,3252.7,183,3,3253.2,8,1,3254.4,94,3,3254.5,187,2,3254.6,121,5,3254.7,143,4
11536,2025-12-30 14:18:33+05:30,3253.2,19,3253.41,1514639,102334.0,124107.0,3250.0,3267.5,3239.8,3251.5,46972975,3576.6,2926.4,4322.95,2866.6,3253.1,11,2,3253.0,96,5,3252.9,75,2,3252.8,22,1,3252.7,183,3,3253.2,8,1,3254.4,94,3,3254.5,187,2,3254.6,121,5,3254.7,143,4
11536,2025-12-30 14:18:33+05:30,3253.2,19,3253.41,1514722,102341.0,124211.0,3250.0,3267.5,3239.8,3251.5,46972975,3576.6,2926.4,4322.95,2866.6,3253.1,11,2,3253.0,70,4,3252.9,56,1,3252.8,48,1,3252.7,177,2,3253.2,102,2,3254.1,10,1,3254.2,3,1,3254.3,61,1,3254.4,53,4
11536,2025-12-30 14:18:34+05:30,3253.2,47,3253.41,1514722,102341.0,124211.0,3250.0,3267.5,3239.8,3251.5,46972975,3576.6,2926.4,4322.95,2866.6,3253.1,11,2,3253.0,70,4,3252.9,56,1,3252.8,48,1,3252.7,177,2,3253.2,102,2,3254.1,10,1,3254.2,3,1,3254.3,61,1,3254.4,53,4
11536,2025-12-30 14:18:34+05:30,3253.2,1,3253.41,1514775,100673.0,124067.0,3250.0,3267.5,3239.8,3251.5,46972975,3576.6,2926.4,4322.95,2866.6,3253.1,12,2,3253.0,70,4,3252.9,56,1,3252.8,48,1,3252.7,177,2,3253.2,54,2,3254.2,3,1,3254.3,78,2,3254.4,110,6,3254.5,187,2
11536,2025-12-30 14:18:35+05:30,3253.2,1,3253.41,1514775,100673.0,124067.0,3250.0,3267.5,3239.8,3251.5,46972975,3576.6,2926.4,4322.95,2866.6,3253.1,12,2,3253.0,70,4,3252.9,56,1,3252.8,48,1,3252.7,177,2,3253.2,54,2,3254.2,3,1,3254.3,78,2,3254.4,110,6,3254.5,187,2
11536,2025-12-30 14:18:35+05:30,3253.1,2,3253.41,1514922,100611.0,124003.0,3250.0,3267.5,3239.8,3251.5,46972975,3576.6,2926.4,4322.95,2866.6,3253.0,25,3,3252.8,22,1,3252.7,177,2,3252.6,70,3,3252.5,483,7,3253.1,26,1,3253.2,15,1,3254.2,3,1,3254.3,78,2,3254.4,110,6
11536,2025-12-30 14:18:36+05:30,3253.0,1,3253.41,1514922,100611.0,124003.0,3250.0,3267.5,3239.8,3251.5,46972975,3576.6,2926.4,4322.95,2866.6,3253.0,25,3,3252.8,22,1,3252.7,177,2,3252.6,70,3,3252.5,483,7,3253.1,26,1,3253.2,15,1,3254.2,3,1,3254.3,78,2,3254.4,110,6
11536,2025-12-30 14:18:36+05:30,3253.1,5,3253.41,1514929,103667.0,124154.0,3250.0,3267.5,3239.8,3251.5,46972975,3576.6,2926.4,4322.95,2866.6,3253.0,23,3,3252.7,177,2,3252.6,70,3,3252.5,459,7,3252.4,78,4,3253.1,21,1,3253.2,15,1,3253.8,16,1,3254.1,76,2,3254.2,104,3
11536,2025-12-30 14:18:37+05:30,3253.1,2,3253.41,1514929,103667.0,124154.0,3250.0,3267.5,3239.8,3251.5,46972975,3576.6,2926.4,4322.95,2866.6,3253.0,23,3,3252.7,177,2,3252.6,70,3,3252.5,459,7,3252.4,78,4,3253.1,21,1,3253.2,15,1,3253.8,16,1,3254.1,76,2,3254.2,104,3
11536,2025-12-30 14:18:37+05:30,3253.0,1,3253.41,1514932,103666.0,124161.0,3250.0,3267.5,3239.8,3251.5,46972975,3576.6,2926.4,4322.95,2866.6,3253.0,22,3,3252.7,177,2,3252.6,70,3,3252.5,459,7,3252.4,32,3,3253.1,19,1,3253.2,15,1,3253.8,16,1,3254.1,76,2,3254.2,104,3
11536,2025-12-30 14:18:38+05:30,3253.1,1,3253.41,1514932,103666.0,124161.0,3250.0,3267.5,3239.8,3251.5,46972975,3576.6,2926.4,4322.95,2866.6,3253.0,22,3,3252.7,177,2,3252.6,70,3,3252.5,459,7,3252.4,32,3,3253.1,19,1,3253.2,15,1,3253.8,16,1,3254.1,76,2,3254.2,104,3
11536,2025-12-30 14:18:38+05:30,3253.0,175,3253.41,1515310,101293.0,124527.0,3250.0,3267.5,3239.8,3251.5,46972975,3576.6,2926.4,4322.95,2866.6,3252.7,194,3,3252.6,70,3,3252.5,419,6,3252.4,94,7,3252.3,130,6,3253.0,89,2,3253.2,15,1,3254.0,3,1,3254.1,34,2,3254.2,45,2
11536,2025-12-30 14:18:39+05:30,3253.0,175,3253.41,1515310,101293.0,124527.0,3250.0,3267.5,3239.8,3251.5,46972975,3576.6,2926.4,4322.95,2866.6,3252.7,194,3,3252.6,70,3,3252.5,419,6,3252.4,94,7,3252.3,130,6,3253.0,89,2,3253.2,15,1,3254.0,3,1,3254.1,34,2,3254.2,45,2
11536,2025-12-30 14:18:39+05:30,3253.0,175,3253.41,1515310,100168.0,124461.0,3250.0,3267.5,3239.8,3251.5,46972975,3576.6,2926.4,4322.95,2866.6,3252.7,177,2,3252.6,70,3,3252.5,438,7,3252.4,75,6,3252.3,107,5,3253.0,90,3,3253.2,15,1,3254.0,3,1,3254.1,34,2,3254.2,85,3
11536,2025-12-30 14:18:40+05:30,3253.0,1,3253.41,1515310,100168.0,124461.0,3250.0,3267.5,3239.8,3251.5,46972975,3576.6,2926.4,4322.95,2866.6,3252.7,177,2,3252.6,70,3,3252.5,438,7,3252.4,75,6,3252.3,107,5,3253.0,90,3,3253.2,15,1,3254.0,3,1,3254.1,34,2,3254.2,85,3
11536,2025-12-30 14:18:40+05:30,3253.0,1,3253.41,1515311,103523.0,124445.0,3250.0,3267.5,3239.8,3251.5,46972975,3576.6,2926.4,4322.95,2866.6,3252.7,227,3,3252.6,125,6,3252.5,533,8,3252.4,95,6,3252.3,84,5,3253.0,89,3,3253.2,15,1,3254.0,3,1,3254.1,34,2,3254.2,85,3
11536,2025-12-30 14:18:41+05:30,3252.7,82,3253.41,1515395,102910.0,124386.0,3250.0,3267.5,3239.8,3251.5,46972975,3576.6,2926.4,4322.95,2866.6,3252.7,168,4,3252.6,50,3,3252.5,490,6,3252.4,59,4,3252.3,84,5,3253.0,5,2,3253.2,15,1,3254.0,3,1,3254.1,34,2,3254.2,110,4
11536,2025-12-30 14:18:42+05:30,3252.7,39,3253.41,1515395,102910.0,124386.0,3250.0,3267.5,3239.8,3251.5,46972975,3576.6,2926.4,4322.95,2866.6,3252.7,168,4,3252.6,50,3,3252.5,490,6,3252.4,59,4,3252.3,84,5,3253.0,5,2,3253.2,15,1,3254.0,3,1,3254.1,34,2,3254.2,110,4
11536,2025-12-30 14:18:42+05:30,3253.2,3,3253.41,1515438,101263.0,124704.0,3250.0,3267.5,3239.8,3251.5,46972975,3576.6,2926.4,4322.95,2866.6,3252.7,75,3,3252.6,50,3,3252.5,358,5,3252.4,10,2,3252.3,128,6,3253.2,12,1,3253.9,3,1,3254.0,60,3,3254.1,51,3,3254.2,113,5
11536,2025-12-30 14:18:43+05:30,3252.7,1,3253.41,1515438,101263.0,124704.0,3250.0,3267.5,3239.8,3251.5,46972975,3576.6,2926.4,4322.95,2866.6,3252.7,75,3,3252.6,50,3,3252.5,358,5,3252.4,10,2,3252.3,128,6,3253.2,12,1,3253.9,3,1,3254.0,60,3,3254.1,51,3,3254.2,113,5
11536,2025-12-30 14:18:43+05:30,3252.7,1,3253.41,1515441,102313.0,124724.0,3250.0,3267.5,3239.8,3251.5,46972975,3576.6,2926.4,4322.95,2866.6,3252.7,73,3,3252.6,50,3,3252.5,358,5,3252.4,10,2,3252.3,128,6,3253.2,11,1,3253.9,3,1,3254.0,60,3,3254.1,51,3,3254.2,113,5
11536,2025-12-30 14:18:44+05:30,3252.7,1,3253.41,1515441,102313.0,124724.0,3250.0,3267.5,3239.8,3251.5,46972975,3576.6,2926.4,4322.95,2866.6,3252.7,73,3,3252.6,50,3,3252.5,358,5,3252.4,10,2,3252.3,128,6,3253.2,11,1,3253.9,3,1,3254.0,60,3,3254.1,51,3,3254.2,113,5
11536,2025-12-30 14:18:44+05:30,3252.7,1,3253.41,1515441,102313.0,124712.0,3250.0,3267.5,3239.8,3251.5,46972975,3576.6,2926.4,4322.95,2866.6,3252.7,73,3,3252.6,50,3,3252.5,358,5,3252.4,10,2,3252.3,128,6,3253.2,11,1,3253.9,3,1,3254.0,60,3,3254.1,51,3,3254.2,113,5
11536,2025-12-30 14:18:45+05:30,3253.2,1,3253.41,1515441,102313.0,124712.0,3250.0,3267.5,3239.8,3251.5,46972975,3576.6,2926.4,4322.95,2866.6,3252.7,73,3,3252.6,50,3,3252.5,358,5,3252.4,10,2,3252.3,128,6,3253.2,11,1,3253.9,3,1,3254.0,60,3,3254.1,51,3,3254.2,113,5
11536,2025-12-30 14:18:45+05:30,3253.2,1,3253.41,1515442,102291.0,124714.0,3250.0,3267.5,3239.8,3251.5,46972975,3576.6,2926.4,4322.95,2866.6,3252.7,73,3,3252.6,50,3,3252.5,358,5,3252.4,10,2,3252.3,128,6,3253.2,10,1,3253.9,3,1,3254.0,60,3,3254.1,51,3,3254.2,113,5
11536,2025-12-30 14:18:46+05:30,3253.2,1,3253.41,1515442,102291.0,124714.0,3250.0,3267.5,3239.8,3251.5,46972975,3576.6,2926.4,4322.95,2866.6,3252.7,73,3,3252.6,50,3,3252.5,358,5,3252.4,10,2,3252.3,128,6,3253.2,10,1,3253.9,3,1,3254.0,60,3,3254.1,51,3,3254.2,113,5
11536,2025-12-30 14:18:46+05:30,3253.2,1,3253.41,1515449,102200.0,124663.0,3250.0,3267.5,3239.8,3251.5,46972975,3576.6,2926.4,4322.95,2866.6,3252.7,101,5,3252.6,23,2,3252.5,358,5,3252.4,31,3,3252.3,88,5,3253.2,3,1,3254.0,39,3,3254.1,51,3,3254.2,113,5,3254.3,43,1
11536,2025-12-30 14:18:47+05:30,3254.0,2,3253.41,1515449,102200.0,124663.0,3250.0,3267.5,3239.8,3251.5,46972975,3576.6,2926.4,4322.95,2866.6,3252.7,101,5,3252.6,23,2,3252.5,358,5,3252.4,31,3,3252.3,88,5,3253.2,3,1,3254.0,39,3,3254.1,51,3,3254.2,113,5,3254.3,43,1
11536,2025-12-30 14:18:47+05:30,3252.3,12,3253.41,1516528,99762.0,124351.0,3250.0,3267.5,3239.8,3251.5,46972975,3576.6,2926.4,4322.95,2866.6,3252.6,19,1,3252.5,24,1,3252.4,26,1,3252.3,61,5,3252.2,85,7,3253.9,35,2,3254.0,26,1,3254.1,8,1,3254.2,119,6,3254.3,64,2
11536,2025-12-30 14:18:48+05:30,3253.2,15,3253.41,1516528,99762.0,124351.0,3250.0,3267.5,3239.8,3251.5,46972975,3576.6,2926.4,4322.95,2866.6,3252.6,19,1,3252.5,24,1,3252.4,26,1,3252.3,61,5,3252.2,85,7,3253.9,35,2,3254.0,26,1,3254.1,8,1,3254.2,119,6,3254.3,64,2
11536,2025-12-30 14:18:48+05:30,3253.2,15,3253.41,1516562,100163.0,124535.0,3250.0,3267.5,3239.8,3251.5,46972975,3576.6,2926.4,4322.95,2866.6,3252.4,19,1,3252.3,36,5,3252.2,8,2,3252.1,127,7,3252.0,85,8,3253.2,89,1,3253.8,22,2,3253.9,35,2,3254.0,92,3,3254.1,8,1
11536,2025-12-30 14:18:49+05:30,3252.9,47,3253.41,1516562,100163.0,124535.0,3250.0,3267.5,3239.8,3251.5,46972975,3576.6,2926.4,4322.95,2866.6,3252.4,19,1,3252.3,36,5,3252.2,8,2,3252.1,127,7,3252.0,85,8,3253.2,89,1,3253.8,22,2,3253.9,35,2,3254.0,92,3,3254.1,8,1
11536,2025-12-30 14:18:49+05:30,3252.9,47,3253.41,1516774,99996.0,125636.0,3250.0,3267.5,3239.8,3251.5,46972975,3576.6,2926.4,4322.95,2866.6,3252.3,60,3,3252.2,55,4,3252.1,89,4,3252.0,224,10,3251.8,73,5,3252.9,73,1,3253.8,61,2,3253.9,35,2,3254.0,109,4,3254.1,8,1
11536,2025-12-30 14:18:50+05:30,3253.1,6,3253.41,1516774,99996.0,125636.0,3250.0,3267.5,3239.8,3251.5,46972975,3576.6,2926.4,4322.95,2866.6,3252.3,60,3,3252.2,55,4,3252.1,89,4,3252.0,224,10,3251.8,73,5,3252.9,73,1,3253.8,61,2,3253.9,35,2,3254.0,109,4,3254.1,8,1
11536,2025-12-30 14:18:50+05:30,3253.1,6,3253.41,1516873,100050.0,125094.0,3250.0,3267.5,3239.8,3251.5,46972975,3576.6,2926.4,4322.95,2866.6,3252.4,88,5,3252.3,29,2,3252.2,36,3,3252.1,89,4,3252.0,248,11,3253.1,117,1,3253.8,40,1,3253.9,54,3,3254.0,99,4,3254.1,25,2
11536,2025-12-30 14:18:51+05:30,3253.1,8,3253.41,1516873,100050.0,125094.0,3250.0,3267.5,3239.8,3251.5,46972975,3576.6,2926.4,4322.95,2866.6,3252.4,88,5,3252.3,29,2,3252.2,36,3,3252.1,89,4,3252.0,248,11,3253.1,117,1,3253.8,40,1,3253.9,54,3,3254.0,99,4,3254.1,25,2
11536,2025-12-30 14:18:51+05:30,3252.4,1,3253.41,1516885,100674.0,124827.0,3250.0,3267.5,3239.8,3251.5,46972975,3576.6,2926.4,4322.95,2866.6,3252.4,58,3,3252.3,19,1,3252.2,31,2,3252.1,36,4,3252.0,375,16,3253.1,106,1,3253.8,40,1,3253.9,54,3,3254.0,121,5,3254.1,25,2
11536,2025-12-30 14:18:52+05:30,3253.1,6,3253.41,1516885,100674.0,124827.0,3250.0,3267.5,3239.8,3251.5,46972975,3576.6,2926.4,4322.95,2866.6,3252.4,58,3,3252.3,19,1,3252.2,31,2,3252.1,36,4,3252.0,375,16,3253.1,106,1,3253.8,40,1,3253.9,54,3,3254.0,121,5,3254.1,25,2
11536,2025-12-30 14:18:52+05:30,3253.1,6,3253.41,1517081,100236.0,125165.0,3250.0,3267.5,3239.8,3251.5,46972975,3576.6,2926.4,4322.95,2866.6,3252.4,58,3,3252.2,5,1,3252.1,90,5,3252.0,212,16,3251.9,188,6,3253.1,142,2,3253.4,19,1,3253.9,26,1,3254.0,96,4,3254.1,8,1
11536,2025-12-30 14:18:53+05:30,3253.1,74,3253.41,1517081,100236.0,125165.0,3250.0,3267.5,3239.8,3251.5,46972975,3576.6,2926.4,4322.95,2866.6,3252.4,58,3,3252.2,5,1,3252.1,90,5,3252.0,212,16,3251.9,188,6,3253.1,142,2,3253.4,19,1,3253.9,26,1,3254.0,96,4,3254.1,8,1
11536,2025-12-30 14:18:53+05:30,3252.4,5,3253.41,1517160,100000.0,125562.0,3250.0,3267.5,3239.8,3251.5,46972975,3576.6,2926.4,4322.95,2866.6,3252.4,53,3,3252.2,5,1,3252.1,73,3,3252.0,124,11,3251.9,135,2,3253.1,68,2,3253.4,19,1,3253.9,26,1,3254.0,96,4,3254.1,8,1
11536,2025-12-30 14:18:54+05:30,3252.4,5,3253.41,1517160,100000.0,125562.0,3250.0,3267.5,3239.8,3251.5,46972975,3576.6,2926.4,4322.95,2866.6,3252.4,53,3,3252.2,5,1,3252.1,73,3,3252.0,124,11,3251.9,135,2,3253.1,68,2,3253.4,19,1,3253.9,26,1,3254.0,96,4,3254.1,8,1
11536,2025-12-30 14:18:54+05:30,3252.4,1,3253.41,1517161,100083.0,125585.0,3250.0,3267.5,3239.8,3251.5,46972975,3576.6,2926.4,4322.95,2866.6,3252.4,52,3,3252.2,24,2,3252.1,73,3,3252.0,124,11,3251.9,135,2,3253.1,68,2,3253.6,23,1,3253.9,33,2,3254.0,96,4,3254.1,10,2
11536,2025-12-30 14:18:55+05:30,3253.1,2,3253.41,1517161,100083.0,125585.0,3250.0,3267.5,3239.8,3251.5,46972975,3576.6,2926.4,4322.95,2866.6,3252.4,52,3,3252.2,24,2,3252.1,73,3,3252.0,124,11,3251.9,135,2,3253.1,68,2,3253.6,23,1,3253.9,33,2,3254.0,96,4,3254.1,10,2
11536,2025-12-30 14:18:55+05:30,3253.1,2,3253.41,1517163,99740.0,124468.0,3250.0,3267.5,3239.8,3251.5,46972975,3576.6,2926.4,4322.95,2866.6,3252.4,52,3,3252.2,59,2,3252.1,70,6,3252.0,309,16,3251.9,58,4,3253.1,66,2,3253.6,23,1,3253.9,33,2,3254.0,50,3,3254.1,54,2
11536,2025-12-30 14:18:56+05:30,3253.1,2,3253.41,1517163,101316.0,125578.0,3250.0,3267.5,3239.8,3251.5,46972975,3576.6,2926.4,4322.95,2866.6,3252.4,52,3,3252.2,5,1,3252.1,124,7,3252.0,177,15,3251.9,23,2,3253.1,66,2,3253.6,23,1,3253.9,79,3,3254.0,50,3,3254.1,8,1
11536,2025-12-30 14:18:57+05:30,3253.1,1,3253.41,1517163,101316.0,125578.0,3250.0,3267.5,3239.8,3251.5,46972975,3576.6,2926.4,4322.95,2866.6,3252.4,52,3,3252.2,5,1,3252.1,124,7,3252.0,177,15,3251.9,23,2,3253.1,66,2,3253.6,23,1,3253.9,79,3,3254.0,50,3,3254.1,8,1
11536,2025-12-30 14:18:57+05:30,3253.1,3,3253.41,1517169,101130.0,125595.0,3250.0,3267.5,3239.8,3251.5,46972975,3576.6,2926.4,4322.95,2866.6,3252.4,52,3,3252.2,5,1,3252.1,19,2,3252.0,178,12,3251.9,3,1,3253.1,60,2,3253.6,23,1,3253.9,79,3,3254.0,50,3,3254.1,8,1
11536,2025-12-30 14:18:58+05:30,3252.4,2,3253.41,1517169,101130.0,125595.0,3250.0,3267.5,3239.8,3251.5,46972975,3576.6,2926.4,4322.95,2866.6,3252.4,52,3,3252.2,5,1,3252.1,19,2,3252.0,178,12,3251.9,3,1,3253.1,60,2,3253.6,23,1,3253.9,79,3,3254.0,50,3,3254.1,8,1
11536,2025-12-30 14:18:59+05:30,3252.4,21,3253.41,1517210,101033.0,125586.0,3250.0,3267.5,3239.8,3251.5,46972975,3576.6,2926.4,4322.95,2866.6,3252.4,11,2,3252.2,5,1,3252.1,29,2,3252.0,49,8,3251.9,3,1,3253.1,60,2,3253.6,23,1,3253.8,49,2,3253.9,67,4,3254.0,67,4
11536,2025-12-30 14:18:59+05:30,3252.4,21,3253.41,1517210,101033.0,125586.0,3250.0,3267.5,3239.8,3251.5,46972975,3576.6,2926.4,4322.95,2866.6,3252.4,11,2,3252.2,5,1,3252.1,29,2,3252.0,49,8,3251.9,3,1,3253.1,60,2,3253.6,23,1,3253.8,49,2,3253.9,67,4,3254.0,67,4
11536,2025-12-30 14:19:00+05:30,3252.4,21,3253.41,1517210,101033.0,125620.0,3250.0,3267.5,3239.8,3251.5,46972975,3576.6,2926.4,4322.95,2866.6,3252.4,11,2,3252.2,5,1,3252.1,29,2,3252.0,49,8,3251.9,3,1,3253.1,60,2,3253.6,23,1,3253.8,49,2,3253.9,67,4,3254.0,67,4
11536,2025-12-30 14:19:00+05:30,3253.1,5,3253.41,1517210,101033.0,125620.0,3250.0,3267.5,3239.8,3251.5,46972975,3576.6,2926.4,4322.95,2866.6,3252.4,11,2,3252.2,5,1,3252.1,29,2,3252.0,49,8,3251.9,3,1,3253.1,60,2,3253.6,23,1,3253.8,49,2,3253.9,67,4,3254.0,67,4
11536,2025-12-30 14:19:01+05:30,3252.4,1,3253.41,1517216,100992.0,125612.0,3250.0,3267.5,3239.8,3251.5,46972975,3576.6,2926.4,4322.95,2866.6,3252.4,10,2,3252.2,5,1,3252.1,29,2,3252.0,49,8,3251.9,3,1,3253.1,55,2,3253.6,23,1,3253.8,49,2,3253.9,67,4,3254.0,67,4
11536,2025-12-30 14:19:01+05:30,3253.1,1,3253.41,1517216,100992.0,125612.0,3250.0,3267.5,3239.8,3251.5,46972975,3576.6,2926.4,4322.95,2866.6,3252.4,10,2,3252.2,5,1,3252.1,29,2,3252.0,49,8,3251.9,3,1,3253.1,55,2,3253.6,23,1,3253.8,49,2,3253.9,67,4,3254.0,67,4
11536,2025-12-30 14:19:02+05:30,3253.1,1,3253.41,1517217,97887.0,125671.0,3250.0,3267.5,3239.8,3251.5,46972975,3576.6,2926.4,4322.95,2866.6,3252.2,65,4,3252.1,55,2,3252.0,27,7,3251.9,135,2,3251.8,50,4,3253.1,54,2,3253.6,42,2,3253.7,52,2,3253.8,87,4,3253.9,50,3
11536,2025-12-30 14:19:03+05:30,3252.5,72,3253.41,1518522,98201.0,123717.0,3250.0,3267.5,3239.8,3251.5,46972975,3576.6,2926.4,4322.95,2866.6,3252.5,10,1,3252.3,236,4,3252.2,27,1,3252.1,200,4,3252.0,61,3,3252.6,96,1,3253.1,25,1,3253.6,45,2,3253.7,52,2,3253.8,21,1
11536,2025-12-30 14:19:03+05:30,3252.5,72,3253.41,1518522,98201.0,123717.0,3250.0,3267.5,3239.8,3251.5,46972975,3576.6,2926.4,4322.95,2866.6,3252.5,10,1,3252.3,236,4,3252.2,27,1,3252.1,200,4,3252.0,61,3,3252.6,96,1,3253.1,25,1,3253.6,45,2,3253.7,52,2,3253.8,21,1
11536,2025-12-30 14:19:04+05:30,3252.5,3,3253.41,1518527,98391.0,124009.0,3250.0,3267.5,3239.8,3251.5,46972975,3576.6,2926.4,4322.95,2866.6,3252.5,43,4,3252.4,37,2,3252.3,210,3,3252.2,18,1,3252.1,200,4,3252.6,134,3,3253.6,26,1,3253.7,52,2,3253.8,21,1,3253.9,26,2
11536,2025-12-30 14:19:04+05:30,3252.6,46,3253.41,1518527,98391.0,124009.0,3250.0,3267.5,3239.8,3251.5,46972975,3576.6,2926.4,4322.95,2866.6,3252.5,43,4,3252.4,37,2,3252.3,210,3,3252.2,18,1,3252.1,200,4,3252.6,134,3,3253.6,26,1,3253.7,52,2,3253.8,21,1,3253.9,26,2
11536,2025-12-30 14:19:05+05:30,3252.5,1,3253.41,1518574,98610.0,124744.0,3250.0,3267.5,3239.8,3251.5,46972975,3576.6,2926.4,4322.95,2866.6,3252.5,219,5,3252.4,50,3,3252.3,210,3,3252.2,21,2,3252.1,16,2,3252.6,102,4,3253.6,26,1,3253.7,52,2,3253.8,21,1,3254.0,264,4
11536,2025-12-30 14:19:05+05:30,3252.6,1,3253.41,1518574,98610.0,124744.0,3250.0,3267.5,3239.8,3251.5,46972975,3576.6,2926.4,4322.95,2866.6,3252.5,219,5,3252.4,50,3,3252.3,210,3,3252.2,21,2,3252.1,16,2,3252.6,102,4,3253.6,26,1,3253.7,52,2,3253.8,21,1,3254.0,264,4
11536,2025-12-30 14:19:06+05:30,3252.5,1,3253.41,1518576,98450.0,124602.0,3250.0,3267.5,3239.8,3251.5,46972975,3576.6,2926.4,4322.95,2866.6,3252.5,32,3,3252.4,212,3,3252.2,178,2,3252.1,3,1,3252.0,45,2,3252.6,101,4,3253.5,19,1,3253.6,26,1,3253.7,10,1,3253.8,46,2
11536,2025-12-30 14:19:06+05:30,3252.5,1,3253.41,1518576,98450.0,124602.0,3250.0,3267.5,3239.8,3251.5,46972975,3576.6,2926.4,4322.95,2866.6,3252.5,32,3,3252.4,212,3,3252.2,178,2,3252.1,3,1,3252.0,45,2,3252.6,101,4,3253.5,19,1,3253.6,26,1,3253.7,10,1,3253.8,46,2
11536,2025-12-30 14:19:06+05:30,3252.6,5,3253.41,1518582,99915.0,124646.0,3250.0,3267.5,3239.8,3251.5,46972975,3576.6,2926.4,4322.95,2866.6,3252.5,31,3,3252.4,212,3,3252.3,22,1,3252.2,199,3,3252.1,3,1,3252.6,96,4,3253.5,19,1,3253.6,26,1,3253.7,52,2,3253.8,46,2
11536,2025-12-30 14:19:07+05:30,3252.6,1,3253.41,1518582,99915.0,124646.0,3250.0,3267.5,3239.8,3251.5,46972975,3576.6,2926.4,4322.95,2866.6,3252.5,31,3,3252.4,212,3,3252.3,22,1,3252.2,199,3,3252.1,3,1,3252.6,96,4,3253.5,19,1,3253.6,26,1,3253.7,52,2,3253.8,46,2
11536,2025-12-30 14:19:07+05:30,3252.6,5,3253.41,1518593,99851.0,124638.0,3250.0,3267.5,3239.8,3251.5,46972975,3576.6,2926.4,4322.95,2866.6,3252.5,50,5,3252.4,225,4,3252.3,16,1,3252.2,196,3,3252.1,24,2,3252.6,85,4,3253.6,26,1,3253.7,52,2,3253.8,46,2,3254.0,265,5
11536,2025-12-30 14:19:08+05:30,3252.4,23,3253.41,1518593,99851.0,124638.0,3250.0,3267.5,3239.8,3251.5,46972975,3576.6,2926.4,4322.95,2866.6,3252.5,50,5,3252.4,225,4,3252.3,16,1,3252.2,196,3,3252.1,24,2,3252.6,85,4,3253.6,26,1,3253.7,52,2,3253.8,46,2,3254.0,265,5
11536,2025-12-30 14:19:08+05:30,3252.4,25,3253.41,1518697,98696.0,124643.0,3250.0,3267.5,3239.8,3251.5,46972975,3576.6,2926.4,4322.95,2866.6,3252.4,178,3,3252.3,35,2,3252.2,196,3,3252.1,24,2,3252.0,116,5,3252.6,89,5,3253.5,3,1,3253.6,26,1,3253.7,52,2,3253.8,46,2
11536,2025-12-30 14:19:09+05:30,3252.4,25,3253.41,1518697,98696.0,124643.0,3250.0,3267.5,3239.8,3251.5,46972975,3576.6,2926.4,4322.95,2866.6,3252.4,178,3,3252.3,35,2,3252.2,196,3,3252.1,24,2,3252.0,116,5,3252.6,89,5,3253.5,3,1,3253.6,26,1,3253.7,52,2,3253.8,46,2
11536,2025-12-30 14:19:09+05:30,3252.4,25,3253.41,1518697,101559.0,125017.0,3250.0,3267.5,3239.8,3251.5,46972975,3576.6,2926.4,4322.95,2866.6,3252.4,353,4,3252.3,29,2,3252.2,178,2,3252.1,51,3,3252.0,116,5,3252.6,89,5,3253.5,3,1,3253.6,26,1,3253.7,52,2,3253.8,46,2
11536,2025-12-30 14:19:10+05:30,3252.4,25,3253.41,1518697,101984.0,125017.0,3250.0,3267.5,3239.8,3251.5,46972975,3576.6,2926.4,4322.95,2866.6,3252.4,446,6,3252.3,10,1,3252.2,206,3,3252.1,24,2,3252.0,116,5,3252.6,89,5,3253.5,3,1,3253.6,26,1,3253.7,52,2,3253.8,46,2
11536,2025-12-30 14:19:11+05:30,3252.4,1,3253.41,1518697,101984.0,125017.0,3250.0,3267.5,3239.8,3251.5,46972975,3576.6,2926.4,4322.95,2866.6,3252.4,446,6,3252.3,10,1,3252.2,206,3,3252.1,24,2,3252.0,116,5,3252.6,89,5,3253.5,3,1,3253.6,26,1,3253.7,52,2,3253.8,46,2
11536,2025-12-30 14:19:11+05:30,3252.6,15,3253.41,1518726,98814.0,125110.0,3250.0,3267.5,3239.8,3251.5,46972975,3576.6,2926.4,4322.95,2866.6,3252.4,424,5,3252.3,10,1,3252.2,231,4,3252.1,24,2,3252.0,93,4,3252.6,62,5,3253.5,22,2,3253.6,26,1,3253.7,52,2,3253.8,46,2
11536,2025-12-30 14:19:12+05:30,3252.6,50,3253.41,1518726,98814.0,125110.0,3250.0,3267.5,3239.8,3251.5,46972975,3576.6,2926.4,4322.95,2866.6,3252.4,424,5,3252.3,10,1,3252.2,231,4,3252.1,24,2,3252.0,93,4,3252.6,62,5,3253.5,22,2,3253.6,26,1,3253.7,52,2,3253.8,46,2
11536,2025-12-30 14:19:12+05:30,3253.3,2,3253.41,1519010,102390.0,124763.0,3250.0,3267.5,3239.8,3251.5,46972975,3576.6,2926.4,4322.95,2866.6,3252.7,61,4,3252.6,23,1,3252.4,73,1,3252.3,3,1,3252.2,111,5,3253.3,28,1,3253.9,47,2,3254.0,240,4,3254.1,50,2,3254.2,145,5
11536,2025-12-30 14:19:13+05:30,3252.7,1,3253.41,1519010,102390.0,124763.0,3250.0,3267.5,3239.8,3251.5,46972975,3576.6,2926.4,4322.95,2866.6,3252.7,61,4,3252.6,23,1,3252.4,73,1,3252.3,3,1,3252.2,111,5,3253.3,28,1,3253.9,47,2,3254.0,240,4,3254.1,50,2,3254.2,145,5
11536,2025-12-30 14:19:13+05:30,3252.7,1,3253.41,1519011,100009.0,124763.0,3250.0,3267.5,3239.8,3251.5,46972975,3576.6,2926.4,4322.95,2866.6,3252.7,56,3,3252.6,25,2,3252.4,73,1,3252.3,3,1,3252.2,87,4,3253.3,28,1,3253.9,47,2,3254.0,240,4,3254.1,50,2,3254.2,145,5
11536,2025-12-30 14:19:14+05:30,3252.7,6,3253.41,1519017,102331.0,124866.0,3250.0,3267.5,3239.8,3251.5,46972975,3576.6,2926.4,4322.95,2866.6,3252.7,50,3,3252.6,25,2,3252.4,73,1,3252.3,3,1,3252.2,87,4,3253.3,28,1,3253.9,47,2,3254.0,256,5,3254.1,96,3,3254.2,79,3
11536,2025-12-30 14:19:15+05:30,3253.6,3,3253.41,1519017,102331.0,124866.0,3250.0,3267.5,3239.8,3251.5,46972975,3576.6,2926.4,4322.95,2866.6,3252.7,50,3,3252.6,25,2,3252.4,73,1,3252.3,3,1,3252.2,87,4,3253.3,28,1,3253.9,47,2,3254.0,256,5,3254.1,96,3,3254.2,79,3
11536,2025-12-30 14:19:15+05:30,3254.0,101,3253.41,1519221,103870.0,124039.0,3250.0,3267.5,3239.8,3251.5,46972975,3576.6,2926.4,4322.95,2866.6,3253.3,10,1,3252.9,38,2,3252.8,56,5,3252.7,85,3,3252.6,198,3,3254.0,89,1,3254.2,56,2,3254.3,18,1,3254.4,115,6,3254.6,90,3
11536,2025-12-30 14:19:16+05:30,3253.3,6,3253.41,1519221,103870.0,124039.0,3250.0,3267.5,3239.8,3251.5,46972975,3576.6,2926.4,4322.95,2866.6,3253.3,10,1,3252.9,38,2,3252.8,56,5,3252.7,85,3,3252.6,198,3,3254.0,89,1,3254.2,56,2,3254.3,18,1,3254.4,115,6,3254.6,90,3
11536,2025-12-30 14:19:16+05:30,3253.3,6,3253.41,1519229,102395.0,124219.0,3250.0,3267.5,3239.8,3251.5,46972975,3576.6,2926.4,4322.95,2866.6,3253.3,43,1,3252.9,28,1,3252.8,23,1,3252.6,2,1,3252.5,15,4,3253.9,56,4,3254.0,88,1,3254.2,63,2,3254.3,36,2,3254.4,148,7
11536,2025-12-30 14:19:17+05:30,3252.5,1,3253.41,1520289,101760.0,123699.0,3250.0,3267.5,3239.8,3251.5,46972975,3576.6,2926.4,4322.95,2866.6,3252.5,79,5,3252.4,55,4,3252.3,58,4,3252.2,74,4,3252.1,156,5,3253.9,132,7,3254.0,98,2,3254.2,107,3,3254.3,170,2,3254.4,195,9
11536,2025-12-30 14:19:18+05:30,3252.5,8,3253.41,1520289,101760.0,123699.0,3250.0,3267.5,3239.8,3251.5,46972975,3576.6,2926.4,4322.95,2866.6,3252.5,79,5,3252.4,55,4,3252.3,58,4,3252.2,74,4,3252.1,156,5,3253.9,132,7,3254.0,98,2,3254.2,107,3,3254.3,170,2,3254.4,195,9
11536,2025-12-30 14:19:18+05:30,3252.6,28,3253.41,1520337,102271.0,124445.0,3250.0,3267.5,3239.8,3251.5,46972975,3576.6,2926.4,4322.95,2866.6,3252.7,28,1,3252.6,41,3,3252.5,41,4,3252.4,45,3,3252.3,35,2,3253.5,3,1,3253.9,105,6,3254.0,88,1,3254.1,26,2,3254.2,87,4
11536,2025-12-30 14:19:19+05:30,3253.5,1,3253.41,1520337,102271.0,124445.0,3250.0,3267.5,3239.8,3251.5,46972975,3576.6,2926.4,4322.95,2866.6,3252.7,28,1,3252.6,41,3,3252.5,41,4,3252.4,45,3,3252.3,35,2,3253.5,3,1,3253.9,105,6,3254.0,88,1,3254.1,26,2,3254.2,87,4
11536,2025-12-30 14:19:19+05:30,3253.5,2,3253.41,1520340,102584.0,124382.0,3250.0,3267.5,3239.8,3251.5,46972975,3576.6,2926.4,4322.95,2866.6,3253.5,3,1,3252.8,27,2,3252.6,18,2,3252.5,31,3,3252.4,102,6,3253.9,117,6,3254.0,88,1,3254.1,45,2,3254.2,61,3,3254.3,24,2
11536,2025-12-30 14:19:20+05:30,3253.5,2,3253.41,1520340,102584.0,124382.0,3250.0,3267.5,3239.8,3251.5,46972975,3576.6,2926.4,4322.95,2866.6,3253.5,3,1,3252.8,27,2,3252.6,18,2,3252.5,31,3,3252.4,102,6,3253.9,117,6,3254.0,88,1,3254.1,45,2,3254.2,61,3,3254.3,24,2
11536,2025-12-30 14:19:20+05:30,3253.5,2,3253.41,1520340,101331.0,124344.0,3250.0,3267.5,3239.8,3251.5,46972975,3576.6,2926.4,4322.95,2866.6,3253.5,4,2,3253.3,8,1,3252.8,27,2,3252.6,18,2,3252.5,41,4,3253.9,125,7,3254.0,88,1,3254.1,45,2,3254.2,61,3,3254.3,24,2
11536,2025-12-30 14:19:21+05:30,3253.5,1,3253.41,1520340,101331.0,124344.0,3250.0,3267.5,3239.8,3251.5,46972975,3576.6,2926.4,4322.95,2866.6,3253.5,4,2,3253.3,8,1,3252.8,27,2,3252.6,18,2,3252.5,41,4,3253.9,125,7,3254.0,88,1,3254.1,45,2,3254.2,61,3,3254.3,24,2
11536,2025-12-30 14:19:21+05:30,3253.5,1,3253.41,1520344,100104.0,124253.0,3250.0,3267.5,3239.8,3251.5,46972975,3576.6,2926.4,4322.95,2866.6,3253.5,3,2,3253.3,8,1,3252.8,27,2,3252.6,18,2,3252.5,41,4,3253.9,105,6,3254.0,117,2,3254.1,33,2,3254.2,61,3,3254.3,70,3
11536,2025-12-30 14:19:22+05:30,3254.0,61,3253.41,1520344,100104.0,124253.0,3250.0,3267.5,3239.8,3251.5,46972975,3576.6,2926.4,4322.95,2866.6,3253.5,3,2,3253.3,8,1,3252.8,27,2,3252.6,18,2,3252.5,41,4,3253.9,105,6,3254.0,117,2,3254.1,33,2,3254.2,61,3,3254.3,70,3
11536,2025-12-30 14:19:22+05:30,3254.0,3,3253.41,1520530,100399.0,123857.0,3250.0,3267.5,3239.8,3251.5,46972975,3576.6,2926.4,4322.95,2866.6,3253.9,1,1,3253.5,1,1,3253.3,8,1,3253.1,3,1,3252.8,34,3,3254.0,64,3,3254.1,16,1,3254.2,85,4,3254.3,21,1,3254.4,118,5
11536,2025-12-30 14:19:23+05:30,3253.3,1,3253.41,1520530,100399.0,123857.0,3250.0,3267.5,3239.8,3251.5,46972975,3576.6,2926.4,4322.95,2866.6,3253.9,1,1,3253.5,1,1,3253.3,8,1,3253.1,3,1,3252.8,34,3,3254.0,64,3,3254.1,16,1,3254.2,85,4,3254.3,21,1,3254.4,118,5
11536,2025-12-30 14:19:23+05:30,3253.3,1,3253.41,1520580,102358.0,124566.0,3250.0,3267.5,3239.8,3251.5,46972975,3576.6,2926.4,4322.95,2866.6,3253.3,7,1,3252.8,27,2,3252.6,44,3,3252.5,86,5,3252.4,131,7,3253.9,27,2,3254.0,79,3,3254.1,49,3,3254.2,60,3,3254.3,64,3
11536,2025-12-30 14:19:24+05:30,3253.3,1,3253.41,1520580,101436.0,124413.0,3250.0,3267.5,3239.8,3251.5,46972975,3576.6,2926.4,4322.95,2866.6,3253.3,7,1,3253.0,3,1,3252.8,27,2,3252.6,44,3,3252.5,33,3,3253.9,27,2,3254.0,79,3,3254.1,49,3,3254.2,89,4,3254.3,35,2
11536,2025-12-30 14:19:25+05:30,3253.9,1,3253.41,1520580,101436.0,124413.0,3250.0,3267.5,3239.8,3251.5,46972975,3576.6,2926.4,4322.95,2866.6,3253.3,7,1,3253.0,3,1,3252.8,27,2,3252.6,44,3,3252.5,33,3,3253.9,27,2,3254.0,79,3,3254.1,49,3,3254.2,89,4,3254.3,35,2
11536,2025-12-30 14:19:25+05:30,3253.9,1,3253.41,1520581,103231.0,124419.0,3250.0,3267.5,3239.8,3251.5,46972975,3576.6,2926.4,4322.95,2866.6,3253.3,52,2,3253.0,3,1,3252.8,27,2,3252.6,44,3,3252.5,33,3,3253.9,26,2,3254.0,79,3,3254.1,49,3,3254.2,89,4,3254.3,35,2
11536,2025-12-30 14:19:26+05:30,3253.9,1,3253.41,1520581,102848.0,124430.0,3250.0,3267.5,3239.8,3251.5,46972975,3576.6,2926.4,4322.95,2866.6,3253.3,52,2,3253.0,3,1,3252.8,27,2,3252.6,53,4,3252.5,33,3,3253.9,37,3,3254.0,79,3,3254.1,78,4,3254.2,60,3,3254.3,35,2
11536,2025-12-30 14:19:27+05:30,3253.9,5,3253.41,1520581,102848.0,124430.0,3250.0,3267.5,3239.8,3251.5,46972975,3576.6,2926.4,4322.95,2866.6,3253.3,52,2,3253.0,3,1,3252.8,27,2,3252.6,53,4,3252.5,33,3,3253.9,37,3,3254.0,79,3,3254.1,78,4,3254.2,60,3,3254.3,35,2
11536,2025-12-30 14:19:27+05:30,3253.9,3,3253.41,1520589,103539.0,124263.0,3250.0,3267.5,3239.8,3251.5,46972975,3576.6,2926.4,4322.95,2866.6,3253.3,52,2,3253.0,3,1,3252.8,27,2,3252.6,53,4,3252.5,33,3,3253.9,21,2,3254.0,79,3,3254.1,94,5,3254.2,60,3,3254.3,35,2
11536,2025-12-30 14:19:28+05:30,3253.9,1,3253.41,1520589,103539.0,124263.0,3250.0,3267.5,3239.8,3251.5,46972975,3576.6,2926.4,4322.95,2866.6,3253.3,52,2,3253.0,3,1,3252.8,27,2,3252.6,53,4,3252.5,33,3,3253.9,21,2,3254.0,79,3,3254.1,94,5,3254.2,60,3,3254.3,35,2
11536,2025-12-30 14:19:28+05:30,3253.8,19,3253.41,1520652,100125.0,124174.0,3250.0,3267.5,3239.8,3251.5,46972975,3576.6,2926.4,4322.95,2866.6,3253.3,17,2,3253.0,3,1,3252.8,27,2,3252.6,44,3,3252.5,30,2,3253.8,5,1,3253.9,40,2,3254.0,60,2,3254.1,25,2,3254.2,60,3
11536,2025-12-30 14:19:29+05:30,3253.3,5,3253.41,1520652,100125.0,124174.0,3250.0,3267.5,3239.8,3251.5,46972975,3576.6,2926.4,4322.95,2866.6,3253.3,17,2,3253.0,3,1,3252.8,27,2,3252.6,44,3,3252.5,30,2,3253.8,5,1,3253.9,40,2,3254.0,60,2,3254.1,25,2,3254.2,60,3
11536,2025-12-30 14:19:30+05:30,3253.9,4,3253.41,1520706,103366.0,122903.0,3250.0,3267.5,3239.8,3251.5,46972975,3576.6,2926.4,4322.95,2866.6,3253.3,13,2,3253.0,3,1,3252.8,44,3,3252.6,62,4,3252.5,30,2,3253.9,45,3,3254.0,101,4,3254.1,15,1,3254.2,43,2,3254.4,118,5
11536,2025-12-30 14:19:30+05:30,3253.9,4,3253.41,1520706,103366.0,122903.0,3250.0,3267.5,3239.8,3251.5,46972975,3576.6,2926.4,4322.95,2866.6,3253.3,13,2,3253.0,3,1,3252.8,44,3,3252.6,62,4,3252.5,30,2,3253.9,45,3,3254.0,101,4,3254.1,15,1,3254.2,43,2,3254.4,118,5
11536,2025-12-30 14:19:30+05:30,3253.9,1,3253.41,1520707,103182.0,124309.0,3250.0,3267.5,3239.8,3251.5,46972975,3576.6,2926.4,4322.95,2866.6,3253.3,13,2,3253.0,3,1,3252.8,44,3,3252.6,62,4,3252.5,30,2,3253.9,35,2,3254.0,101,4,3254.1,31,2,3254.2,43,2,3254.4,118,5
11536,2025-12-30 14:19:31+05:30,3253.9,1,3253.41,1520707,103182.0,124309.0,3250.0,3267.5,3239.8,3251.5,46972975,3576.6,2926.4,4322.95,2866.6,3253.3,13,2,3253.0,3,1,3252.8,44,3,3252.6,62,4,3252.5,30,2,3253.9,35,2,3254.0,101,4,3254.1,31,2,3254.2,43,2,3254.4,118,5
11536,2025-12-30 14:19:31+05:30,3253.9,2,3253.41,1520710,103562.0,124307.0,3250.0,3267.5,3239.8,3251.5,46972975,3576.6,2926.4,4322.95,2866.6,3253.3,13,2,3253.0,3,1,3252.8,44,3,3252.6,62,4,3252.5,30,2,3253.9,33,3,3254.0,101,4,3254.1,31,2,3254.2,43,2,3254.4,118,5
11536,2025-12-30 14:19:32+05:30,3253.9,2,3253.41,1520710,103562.0,124307.0,3250.0,3267.5,3239.8,3251.5,46972975,3576.6,2926.4,4322.95,2866.6,3253.3,13,2,3253.0,3,1,3252.8,44,3,3252.6,62,4,3252.5,30,2,3253.9,33,3,3254.0,101,4,3254.1,31,2,3254.2,43,2,3254.4,118,5
11536,2025-12-30 14:19:32+05:30,3252.5,70,3253.41,1521153,101526.0,125047.0,3250.0,3267.5,3239.8,3251.5,46972975,3576.6,2926.4,4322.95,2866.6,3252.4,89,5,3252.3,67,3,3252.2,276,3,3252.1,48,3,3252.0,44,2,3252.5,106,1,3253.6,22,1,3253.7,3,1,3253.8,21,1,3253.9,203,4
11536,2025-12-30 14:19:33+05:30,3252.5,26,3253.41,1521153,101526.0,125047.0,3250.0,3267.5,3239.8,3251.5,46972975,3576.6,2926.4,4322.95,2866.6,3252.4,89,5,3252.3,67,3,3252.2,276,3,3252.1,48,3,3252.0,44,2,3252.5,106,1,3253.6,22,1,3253.7,3,1,3253.8,21,1,3253.9,203,4
11536,2025-12-30 14:19:33+05:30,3252.5,26,3253.41,1521179,102156.0,124876.0,3250.0,3267.5,3239.8,3251.5,46972975,3576.6,2926.4,4322.95,2866.6,3252.4,89,5,3252.3,67,3,3252.2,274,3,3252.1,68,5,3252.0,65,3,3252.5,80,1,3253.6,22,1,3253.7,45,2,3253.8,21,1,3253.9,203,4
11536,2025-12-30 14:19:34+05:30,3252.5,1,3253.41,1521179,102156.0,124876.0,3250.0,3267.5,3239.8,3251.5,46972975,3576.6,2926.4,4322.95,2866.6,3252.4,89,5,3252.3,67,3,3252.2,274,3,3252.1,68,5,3252.0,65,3,3252.5,80,1,3253.6,22,1,3253.7,45,2,3253.8,21,1,3253.9,203,4
11536,2025-12-30 14:19:34+05:30,3252.4,1,3253.41,1521228,102299.0,124750.0,3250.0,3267.5,3239.8,3251.5,46972975,3576.6,2926.4,4322.95,2866.6,3252.4,138,6,3252.3,67,3,3252.2,332,4,3252.1,68,5,3252.0,65,3,3252.5,32,1,3253.6,22,1,3253.7,45,2,3253.8,21,1,3253.9,203,4
11536,2025-12-30 14:19:35+05:30,3252.5,10,3253.41,1521228,102299.0,124750.0,3250.0,3267.5,3239.8,3251.5,46972975,3576.6,2926.4,4322.95,2866.6,3252.4,138,6,3252.3,67,3,3252.2,332,4,3252.1,68,5,3252.0,65,3,3252.5,32,1,3253.6,22,1,3253.7,45,2,3253.8,21,1,3253.9,203,4
11536,2025-12-30 14:19:35+05:30,3252.4,5,3253.41,1521561,101365.0,124427.0,3250.0,3267.5,3239.8,3251.5,46972975,3576.6,2926.4,4322.95,2866.6,3252.3,58,4,3252.2,332,4,3252.1,66,4,3252.0,88,4,3251.9,86,4,3252.4,29,1,3253.6,19,1,3253.7,19,1,3253.8,82,2,3253.9,203,4
11536,2025-12-30 14:19:36+05:30,3252.3,1,3253.41,1521561,101365.0,124427.0,3250.0,3267.5,3239.8,3251.5,46972975,3576.6,2926.4,4322.95,2866.6,3252.3,58,4,3252.2,332,4,3252.1,66,4,3252.0,88,4,3251.9,86,4,3252.4,29,1,3253.6,19,1,3253.7,19,1,3253.8,82,2,3253.9,203,4
11536,2025-12-30 14:19:36+05:30,3252.3,1,3253.41,1521564,101764.0,125286.0,3250.0,3267.5,3239.8,3251.5,46972975,3576.6,2926.4,4322.95,2866.6,3252.3,45,3,3252.2,273,3,3252.1,48,3,3252.0,60,3,3251.9,86,4,3252.4,27,1,3252.7,19,1,3253.4,21,1,3253.5,61,1,3253.6,40,2
11536,2025-12-30 14:19:37+05:30,3252.4,108,3253.41,1521564,101764.0,125286.0,3250.0,3267.5,3239.8,3251.5,46972975,3576.6,2926.4,4322.95,2866.6,3252.3,45,3,3252.2,273,3,3252.1,48,3,3252.0,60,3,3251.9,86,4,3252.4,27,1,3252.7,19,1,3253.4,21,1,3253.5,61,1,3253.6,40,2
11536,2025-12-30 14:19:37+05:30,3252.4,4,3253.41,1521676,98330.0,125702.0,3250.0,3267.5,3239.8,3251.5,46972975,3576.6,2926.4,4322.95,2866.6,3252.3,21,2,3252.2,273,3,3252.1,20,2,3252.0,60,3,3251.9,51,3,3252.4,125,4,3252.7,19,1,3253.4,63,2,3253.5,23,1,3253.6,21,1
11536,2025-12-30 14:19:38+05:30,3252.4,4,3253.41,1521676,98330.0,125702.0,3250.0,3267.5,3239.8,3251.5,46972975,3576.6,2926.4,4322.95,2866.6,3252.3,21,2,3252.2,273,3,3252.1,20,2,3252.0,60,3,3251.9,51,3,3252.4,125,4,3252.7,19,1,3253.4,63,2,3253.5,23,1,3253.6,21,1
11536,2025-12-30 14:19:38+05:30,3252.2,1,3253.41,1521864,100954.0,126589.0,3250.0,3267.5,3239.8,3251.5,46972975,3576.6,2926.4,4322.95,2866.6,3252.2,272,3,3252.1,20,2,3252.0,36,2,3251.9,42,1,3251.8,3,1,3252.4,31,3,3252.7,19,1,3253.0,16,1,3253.1,42,1,3253.2,61,1
11536,2025-12-30 14:19:39+05:30,3252.2,1,3253.41,1521864,100954.0,126589.0,3250.0,3267.5,3239.8,3251.5,46972975,3576.6,2926.4,4322.95,2866.6,3252.2,272,3,3252.1,20,2,3252.0,36,2,3251.9,42,1,3251.8,3,1,3252.4,31,3,3252.7,19,1,3253.0,16,1,3253.1,42,1,3253.2,61,1
11536,2025-12-30 14:19:39+05:30,3252.2,1,3253.41,1521865,101190.0,126599.0,3250.0,3267.5,3239.8,3251.5,46972975,3576.6,2926.4,4322.95,2866.6,3252.2,271,3,3252.1,20,2,3252.0,36,2,3251.9,42,1,3251.8,3,1,3252.4,31,3,3252.7,19,1,3253.1,42,1,3253.2,78,2,3253.3,71,2
11536,2025-12-30 14:19:40+05:30,3252.4,2,3253.41,1521865,101190.0,126599.0,3250.0,3267.5,3239.8,3251.5,46972975,3576.6,2926.4,4322.95,2866.6,3252.2,271,3,3252.1,20,2,3252.0,36,2,3251.9,42,1,3251.8,3,1,3252.4,31,3,3252.7,19,1,3253.1,42,1,3253.2,78,2,3253.3,71,2
11536,2025-12-30 14:19:40+05:30,3252.4,2,3253.41,1521867,100201.0,126133.0,3250.0,3267.5,3239.8,3251.5,46972975,3576.6,2926.4,4322.95,2866.6,3252.2,271,3,3252.1,81,5,3252.0,55,4,3251.9,84,3,3251.8,35,3,3252.4,29,3,3252.7,19,1,3253.3,10,1,3253.4,63,2,3253.5,23,1
11536,2025-12-30 14:19:42+05:30,3252.7,19,3253.4,1521915,101768.0,125173.0,3250.0,3267.5,3239.8,3251.5,46972975,3576.6,2926.4,4322.95,2866.6,3252.9,144,1,3252.4,1,1,3252.2,293,4,3252.1,264,5,3252.0,110,7,3253.5,70,3,3253.6,48,2,3253.7,61,3,3253.8,18,1,3253.9,115,5
11536,2025-12-30 14:19:42+05:30,3252.7,19,3253.4,1521915,101768.0,125173.0,3250.0,3267.5,3239.8,3251.5,46972975,3576.6,2926.4,4322.95,2866.6,3252.9,144,1,3252.4,1,1,3252.2,293,4,3252.1,264,5,3252.0,110,7,3253.5,70,3,3253.6,48,2,3253.7,61,3,3253.8,18,1,3253.9,115,5
11536,2025-12-30 14:19:43+05:30,3252.9,1,3253.4,1521919,101692.0,125370.0,3250.0,3267.5,3239.8,3251.5,46972975,3576.6,2926.4,4322.95,2866.6,3252.9,143,1,3252.8,23,1,3252.4,1,1,3252.2,296,5,3252.1,83,4,3253.5,67,3,3253.6,48,2,3253.7,61,3,3253.8,18,1,3253.9,98,4
11536,2025-12-30 14:19:43+05:30,3252.9,1,3253.4,1521919,101692.0,125370.0,3250.0,3267.5,3239.8,3251.5,46972975,3576.6,2926.4,4322.95,2866.6,3252.9,143,1,3252.8,23,1,3252.4,1,1,3252.2,296,5,3252.1,83,4,3253.5,67,3,3253.6,48,2,3253.7,61,3,3253.8,18,1,3253.9,98,4
11536,2025-12-30 14:19:44+05:30,3252.9,1,3253.4,1521919,101695.0,125359.0,3250.0,3267.5,3239.8,3251.5,46972975,3576.6,2926.4,4322.95,2866.6,3252.9,143,1,3252.8,23,1,3252.4,1,1,3252.2,296,5,3252.1,83,4,3253.5,40,2,3253.6,64,3,3253.7,61,3,3253.8,18,1,3253.9,98,4
11536,2025-12-30 14:19:45+05:30,3253.5,1,3253.4,1521921,101646.0,125540.0,3250.0,3267.5,3239.8,3251.5,46972975,3576.6,2926.4,4322.95,2866.6,3252.9,192,2,3252.2,238,4,3252.1,83,4,3252.0,110,7,3251.9,217,2,3253.5,23,2,3253.6,64,3,3253.7,45,2,3253.8,24,1,3253.9,118,5
11536,2025-12-30 14:19:45+05:30,3253.5,1,3253.4,1521921,101646.0,125540.0,3250.0,3267.5,3239.8,3251.5,46972975,3576.6,2926.4,4322.95,2866.6,3252.9,192,2,3252.2,238,4,3252.1,83,4,3252.0,110,7,3251.9,217,2,3253.5,23,2,3253.6,64,3,3253.7,45,2,3253.8,24,1,3253.9,118,5
11536,2025-12-30 14:19:46+05:30,3253.5,10,3253.4,1521932,98573.0,125224.0,3250.0,3267.5,3239.8,3251.5,46972975,3576.6,2926.4,4322.95,2866.6,3252.9,191,2,3252.8,24,1,3252.2,238,4,3252.1,87,4,3252.0,324,8,3253.5,13,2,3253.6,48,2,3253.7,42,1,3253.9,159,7,3254.0,58,3
11536,2025-12-30 14:19:46+05:30,3253.5,1,3253.4,1521932,98573.0,125224.0,3250.0,3267.5,3239.8,3251.5,46972975,3576.6,2926.4,4322.95,2866.6,3252.9,191,2,3252.8,24,1,3252.2,238,4,3252.1,87,4,3252.0,324,8,3253.5,13,2,3253.6,48,2,3253.7,42,1,3253.9,159,7,3254.0,58,3
11536,2025-12-30 14:19:47+05:30,3253.5,1,3253.4,1521934,101722.0,125223.0,3250.0,3267.5,3239.8,3251.5,46972975,3576.6,2926.4,4322.95,2866.6,3252.9,190,2,3252.8,24,1,3252.2,238,4,3252.1,87,4,3252.0,282,7,3253.5,12,2,3253.6,48,2,3253.7,42,1,3253.9,159,7,3254.0,58,3
11536,2025-12-30 14:19:47+05:30,3252.9,3,3253.4,1521934,101722.0,125223.0,3250.0,3267.5,3239.8,3251.5,46972975,3576.6,2926.4,4322.95,2866.6,3252.9,190,2,3252.8,24,1,3252.2,238,4,3252.1,87,4,3252.0,282,7,3253.5,12,2,3253.6,48,2,3253.7,42,1,3253.9,159,7,3254.0,58,3
11536,2025-12-30 14:19:48+05:30,3253.2,3,3253.4,1523000,96421.0,124694.0,3250.0,3267.5,3239.8,3251.5,46972975,3576.6,2926.4,4322.95,2866.6,3252.9,1,1,3252.0,35,2,3251.8,3,1,3251.7,3,1,3251.6,51,3,3253.2,37,2,3253.3,58,3,3253.4,64,3,3253.5,102,5,3253.6,23,2
11536,2025-12-30 14:19:48+05:30,3253.2,3,3253.4,1523000,96421.0,124694.0,3250.0,3267.5,3239.8,3251.5,46972975,3576.6,2926.4,4322.95,2866.6,3252.9,1,1,3252.0,35,2,3251.8,3,1,3251.7,3,1,3251.6,51,3,3253.2,37,2,3253.3,58,3,3253.4,64,3,3253.5,102,5,3253.6,23,2
11536,2025-12-30 14:19:49+05:30,3252.9,2,3253.4,1523005,96280.0,126171.0,3250.0,3267.5,3239.8,3251.5,46972975,3576.6,2926.4,4322.95,2866.6,3252.0,35,2,3251.8,66,4,3251.7,3,1,3251.6,26,2,3251.5,67,2,3252.9,4,1,3253.1,24,1,3253.2,32,1,3253.3,50,3,3253.4,48,2
11536,2025-12-30 14:19:49+05:30,3253.1,13,3253.4,1523005,96280.0,126171.0,3250.0,3267.5,3239.8,3251.5,46972975,3576.6,2926.4,4322.95,2866.6,3252.0,35,2,3251.8,66,4,3251.7,3,1,3251.6,26,2,3251.5,67,2,3252.9,4,1,3253.1,24,1,3253.2,32,1,3253.3,50,3,3253.4,48,2
11536,2025-12-30 14:19:50+05:30,3253.3,5,3253.4,1523057,98819.0,126347.0,3250.0,3267.5,3239.8,3251.5,46972975,3576.6,2926.4,4322.95,2866.6,3252.0,65,3,3251.9,10,1,3251.8,27,2,3251.7,3,1,3251.6,26,2,3253.2,38,2,3253.3,55,4,3253.4,55,2,3253.5,148,7,3253.6,44,3
11536,2025-12-30 14:19:50+05:30,3252.0,7,3253.4,1523057,98819.0,126347.0,3250.0,3267.5,3239.8,3251.5,46972975,3576.6,2926.4,4322.95,2866.6,3252.0,65,3,3251.9,10,1,3251.8,27,2,3251.7,3,1,3251.6,26,2,3253.2,38,2,3253.3,55,4,3253.4,55,2,3253.5,148,7,3253.6,44,3
11536,2025-12-30 14:19:51+05:30,3253.1,1,3253.4,1523065,98071.0,126477.0,3250.0,3267.5,3239.8,3251.5,46972975,3576.6,2926.4,4322.95,2866.6,3252.5,3,1,3252.0,28,2,3251.8,3,1,3251.7,3,1,3251.6,26,2,3253.0,33,2,3253.2,78,4,3253.3,36,3,3253.4,104,3,3253.5,91,6
11536,2025-12-30 14:19:51+05:30,3252.5,1,3253.4,1523065,98071.0,126477.0,3250.0,3267.5,3239.8,3251.5,46972975,3576.6,2926.4,4322.95,2866.6,3252.5,3,1,3252.0,28,2,3251.8,3,1,3251.7,3,1,3251.6,26,2,3253.0,33,2,3253.2,78,4,3253.3,36,3,3253.4,104,3,3253.5,91,6
11536,2025-12-30 14:19:52+05:30,3253.3,9,3253.4,1523252,98261.0,126228.0,3250.0,3267.5,3239.8,3251.5,46972975,3576.6,2926.4,4322.95,2866.6,3252.5,1,1,3252.1,30,1,3252.0,28,2,3251.8,23,2,3251.7,3,1,3253.3,78,6,3253.4,88,3,3253.5,56,4,3253.6,94,4,3253.7,252,4
11536,2025-12-30 14:19:52+05:30,3253.3,9,3253.4,1523252,98261.0,126228.0,3250.0,3267.5,3239.8,3251.5,46972975,3576.6,2926.4,4322.95,2866.6,3252.5,1,1,3252.1,30,1,3252.0,28,2,3251.8,23,2,3251.7,3,1,3253.3,78,6,3253.4,88,3,3253.5,56,4,3253.6,94,4,3253.7,252,4
11536,2025-12-30 14:19:53+05:30,3253.3,1,3253.4,1523253,98237.0,126276.0,3250.0,3267.5,3239.8,3251.5,46972975,3576.6,2926.4,4322.95,2866.6,3252.5,1,1,3252.1,30,1,3252.0,28,2,3251.8,23,2,3251.7,3,1,3253.3,77,6,3253.4,88,3,3253.5,102,5,3253.6,48,3,3253.7,252,4
11536,2025-12-30 14:19:53+05:30,3253.3,1,3253.4,1523253,98237.0,126276.0,3250.0,3267.5,3239.8,3251.5,46972975,3576.6,2926.4,4322.95,2866.6,3252.5,1,1,3252.1,30,1,3252.0,28,2,3251.8,23,2,3251.7,3,1,3253.3,77,6,3253.4,88,3,3253.5,102,5,3253.6,48,3,3253.7,252,4
11536,2025-12-30 14:19:54+05:30,3253.3,1,3253.4,1523253,98985.0,127092.0,3250.0,3267.5,3239.8,3251.5,46972975,3576.6,2926.4,4322.95,2866.6,3252.5,1,1,3252.0,28,2,3251.8,3,1,3251.7,3,1,3251.6,26,2,3253.0,93,6,3253.1,35,2,3253.2,66,4,3253.3,39,3,3253.4,104,3
11536,2025-12-30 14:19:55+05:30,3253.0,1,3253.4,1523255,96154.0,126461.0,3250.0,3267.5,3239.8,3251.5,46972975,3576.6,2926.4,4322.95,2866.6,3252.0,55,4,3251.9,29,3,3251.8,58,3,3251.7,70,4,3251.6,53,3,3253.0,66,4,3253.2,10,1,3253.3,30,2,3253.4,25,1,3253.5,69,2
11536,2025-12-30 14:19:55+05:30,3253.0,1,3253.4,1523255,96154.0,126461.0,3250.0,3267.5,3239.8,3251.5,46972975,3576.6,2926.4,4322.95,2866.6,3252.0,55,4,3251.9,29,3,3251.8,58,3,3251.7,70,4,3251.6,53,3,3253.0,66,4,3253.2,10,1,3253.3,30,2,3253.4,25,1,3253.5,69,2
11536,2025-12-30 14:19:56+05:30,3253.0,1,3253.4,1523255,96141.0,126446.0,3250.0,3267.5,3239.8,3251.5,46972975,3576.6,2926.4,4322.95,2866.6,3252.0,31,3,3251.9,54,4,3251.8,33,2,3251.7,47,3,3251.6,53,3,3253.0,66,4,3253.2,10,1,3253.3,30,2,3253.4,25,1,3253.5,69,2
11536,2025-12-30 14:19:56+05:30,3252.0,3,3253.4,1523255,96141.0,126446.0,3250.0,3267.5,3239.8,3251.5,46972975,3576.6,2926.4,4322.95,2866.6,3252.0,31,3,3251.9,54,4,3251.8,33,2,3251.7,47,3,3251.6,53,3,3253.0,66,4,3253.2,10,1,3253.3,30,2,3253.4,25,1,3253.5,69,2
11536,2025-12-30 14:19:57+05:30,3252.0,1,3253.4,1523259,98684.0,126646.0,3250.0,3267.5,3239.8,3251.5,46972975,3576.6,2926.4,4322.95,2866.6,3252.0,62,5,3251.9,33,2,3251.8,3,1,3251.7,27,2,3251.6,46,3,3253.0,66,4,3253.3,30,2,3253.4,25,1,3253.5,69,2,3253.6,207,4
11536,2025-12-30 14:19:57+05:30,3252.0,1,3253.4,1523259,98684.0,126646.0,3250.0,3267.5,3239.8,3251.5,46972975,3576.6,2926.4,4322.95,2866.6,3252.0,62,5,3251.9,33,2,3251.8,3,1,3251.7,27,2,3251.6,46,3,3253.0,66,4,3253.3,30,2,3253.4,25,1,3253.5,69,2,3253.6,207,4
11536,2025-12-30 14:19:58+05:30,3252.0,1,3253.4,1523261,96059.0,126653.0,3250.0,3267.5,3239.8,3251.5,46972975,3576.6,2926.4,4322.95,2866.6,3252.0,27,4,3251.9,13,2,3251.8,3,1,3251.7,3,1,3251.6,71,4,3253.0,66,4,3253.2,25,1,3253.3,30,2,3253.5,103,4,3253.6,253,5
11536,2025-12-30 14:19:58+05:30,3252.0,1,3253.4,1523261,96059.0,126653.0,3250.0,3267.5,3239.8,3251.5,46972975,3576.6,2926.4,4322.95,2866.6,3252.0,27,4,3251.9,13,2,3251.8,3,1,3251.7,3,1,3251.6,71,4,3253.0,66,4,3253.2,25,1,3253.3,30,2,3253.5,103,4,3253.6,253,5
11536,2025-12-30 14:19:59+05:30,3252.5,1,3253.4,1523262,99262.0,126250.0,3250.0,3267.5,3239.8,3251.5,46972975,3576.6,2926.4,4322.95,2866.6,3252.0,99,5,3251.9,67,4,3251.8,3,1,3251.7,26,2,3251.6,25,2,3252.5,3,1,3253.0,66,4,3253.3,28,1,3253.4,21,1,3253.5,149,5
11536,2025-12-30 14:19:59+05:30,3252.5,1,3253.4,1523262,99262.0,126250.0,3250.0,3267.5,3239.8,3251.5,46972975,3576.6,2926.4,4322.95,2866.6,3252.0,99,5,3251.9,67,4,3251.8,3,1,3251.7,26,2,3251.6,25,2,3252.5,3,1,3253.0,66,4,3253.3,28,1,3253.4,21,1,3253.5,149,5
11536,2025-12-30 14:20:00+05:30,3252.5,1,3253.4,1523263,98583.0,126672.0,3250.0,3267.5,3239.8,3251.5,46972975,3576.6,2926.4,4322.95,2866.6,3252.0,74,4,3251.9,40,2,3251.8,3,1,3251.7,28,2,3251.6,25,2,3252.5,16,2,3253.0,55,4,3253.3,28,1,3253.4,182,2,3253.5,175,6
11536,2025-12-30 14:20:00+05:30,3252.5,6,3253.4,1523263,98583.0,126672.0,3250.0,3267.5,3239.8,3251.5,46972975,3576.6,2926.4,4322.95,2866.6,3252.0,74,4,3251.9,40,2,3251.8,3,1,3251.7,28,2,3251.6,25,2,3252.5,16,2,3253.0,55,4,3253.3,28,1,3253.4,182,2,3253.5,175,6
11536,2025-12-30 14:20:01+05:30,3252.5,6,3253.4,1523271,97943.0,126830.0,3250.0,3267.5,3239.8,3251.5,46972975,3576.6,2926.4,4322.95,2866.6,3252.0,74,4,3251.9,40,2,3251.8,27,2,3251.7,3,1,3251.6,5,1,3252.5,12,2,3253.0,55,4,3253.2,43,2,3253.3,45,2,3253.4,208,3
11536,2025-12-30 14:20:01+05:30,3252.5,2,3253.4,1523271,97943.0,126830.0,3250.0,3267.5,3239.8,3251.5,46972975,3576.6,2926.4,4322.95,2866.6,3252.0,74,4,3251.9,40,2,3251.8,27,2,3251.7,3,1,3251.6,5,1,3252.5,12,2,3253.0,55,4,3253.2,43,2,3253.3,45,2,3253.4,208,3
11536,2025-12-30 14:20:02+05:30,3252.0,11,3253.4,1523308,98644.0,125433.0,3250.0,3267.5,3239.8,3251.5,46972975,3576.6,2926.4,4322.95,2866.6,3252.0,75,4,3251.9,40,2,3251.8,27,2,3251.7,3,1,3251.6,5,1,3252.5,6,1,3253.0,55,4,3253.2,43,2,3253.3,45,2,3253.4,208,3
11536,2025-12-30 14:20:02+05:30,3252.5,1,3253.4,1523308,98644.0,125433.0,3250.0,3267.5,3239.8,3251.5,46972975,3576.6,2926.4,4322.95,2866.6,3252.0,75,4,3251.9,40,2,3251.8,27,2,3251.7,3,1,3251.6,5,1,3252.5,6,1,3253.0,55,4,3253.2,43,2,3253.3,45,2,3253.4,208,3
11536,2025-12-30 14:20:03+05:30,3251.6,104,3253.4,1524001,97438.0,125541.0,3250.0,3267.5,3239.8,3251.5,46972975,3576.6,2926.4,4322.95,2866.6,3251.5,2,1,3251.4,54,3,3251.3,7,2,3251.2,158,7,3251.1,97,6,3251.6,2,1,3252.5,5,1,3252.6,21,1,3252.8,21,1,3252.9,22,1
11536,2025-12-30 14:20:03+05:30,3251.6,104,3253.4,1524001,97438.0,125541.0,3250.0,3267.5,3239.8,3251.5,46972975,3576.6,2926.4,4322.95,2866.6,3251.5,2,1,3251.4,54,3,3251.3,7,2,3251.2,158,7,3251.1,97,6,3251.6,2,1,3252.5,5,1,3252.6,21,1,3252.8,21,1,3252.9,22,1
11536,2025-12-30 14:20:04+05:30,3251.6,1,3253.4,1524002,98585.0,125484.0,3250.0,3267.5,3239.8,3251.5,46972975,3576.6,2926.4,4322.95,2866.6,3251.5,12,2,3251.4,54,3,3251.3,36,3,3251.2,158,7,3251.1,97,6,3251.6,2,2,3252.8,21,1,3252.9,62,2,3253.0,47,4,3253.2,138,5
11536,2025-12-30 14:20:04+05:30,3251.6,46,3253.4,1524002,98585.0,125484.0,3250.0,3267.5,3239.8,3251.5,46972975,3576.6,2926.4,4322.95,2866.6,3251.5,12,2,3251.4,54,3,3251.3,36,3,3251.2,158,7,3251.1,97,6,3251.6,2,2,3252.8,21,1,3252.9,62,2,3253.0,47,4,3253.2,138,5
11536,2025-12-30 14:20:05+05:30,3251.6,1,3253.4,1524098,97865.0,125663.0,3250.0,3267.5,3239.8,3251.5,46972975,3576.6,2926.4,4322.95,2866.6,3251.5,12,2,3251.4,6,1,3251.3,36,3,3251.2,42,4,3251.1,49,4,3251.6,34,1,3252.8,43,3,3252.9,62,2,3253.0,27,3,3253.1,251,3
11536,2025-12-30 14:20:05+05:30,3252.6,1,3253.4,1524098,97865.0,125663.0,3250.0,3267.5,3239.8,3251.5,46972975,3576.6,2926.4,4322.95,2866.6,3251.5,12,2,3251.4,6,1,3251.3,36,3,3251.2,42,4,3251.1,49,4,3251.6,34,1,3252.8,43,3,3252.9,62,2,3253.0,27,3,3253.1,251,3
11536,2025-12-30 14:20:06+05:30,3252.6,1,3253.4,1524396,98986.0,127027.0,3250.0,3267.5,3239.8,3251.5,46972975,3576.6,2926.4,4322.95,2866.6,3251.6,81,2,3251.5,2,1,3251.4,30,2,3251.3,7,2,3251.2,80,6,3252.6,75,3,3252.7,24,1,3252.8,21,1,3253.0,3,1,3253.1,173,1
11536,2025-12-30 14:20:06+05:30,3251.6,1,3253.4,1524396,98986.0,127027.0,3250.0,3267.5,3239.8,3251.5,46972975,3576.6,2926.4,4322.95,2866.6,3251.6,81,2,3251.5,2,1,3251.4,30,2,3251.3,7,2,3251.2,80,6,3252.6,75,3,3252.7,24,1,3252.8,21,1,3253.0,3,1,3253.1,173,1
11536,2025-12-30 14:20:07+05:30,3251.6,1,3253.4,1524397,98148.0,126956.0,3250.0,3267.5,3239.8,3251.5,46972975,3576.6,2926.4,4322.95,2866.6,3251.6,80,2,3251.5,2,1,3251.4,6,1,3251.3,7,2,3251.2,80,6,3252.6,81,4,3252.7,24,1,3252.8,21,1,3252.9,68,3,3253.0,3,1
11536,2025-12-30 14:20:08+05:30,3252.6,1,3253.4,1524398,98933.0,127151.0,3250.0,3267.5,3239.8,3251.5,46972975,3576.6,2926.4,4322.95,2866.6,3251.6,133,4,3251.5,17,2,3251.4,6,1,3251.3,7,2,3251.2,95,7,3252.6,89,5,3252.7,53,3,3252.8,21,1,3252.9,51,2,3253.0,13,2
11536,2025-12-30 14:20:08+05:30,3252.6,1,3253.4,1524398,98933.0,127151.0,3250.0,3267.5,3239.8,3251.5,46972975,3576.6,2926.4,4322.95,2866.6,3251.6,133,4,3251.5,17,2,3251.4,6,1,3251.3,7,2,3251.2,95,7,3252.6,89,5,3252.7,53,3,3252.8,21,1,3252.9,51,2,3253.0,13,2
11536,2025-12-30 14:20:09+05:30,3251.6,40,3253.4,1524439,98899.0,127236.0,3250.0,3267.5,3239.8,3251.5,46972975,3576.6,2926.4,4322.95,2866.6,3251.6,92,4,3251.5,17,2,3251.4,6,1,3251.3,7,2,3251.2,95,7,3252.6,80,4,3252.7,40,2,3252.8,21,1,3252.9,68,3,3253.0,13,2
11536,2025-12-30 14:20:09+05:30,3251.6,40,3253.4,1524439,98899.0,127236.0,3250.0,3267.5,3239.8,3251.5,46972975,3576.6,2926.4,4322.95,2866.6,3251.6,92,4,3251.5,17,2,3251.4,6,1,3251.3,7,2,3251.2,95,7,3252.6,80,4,3252.7,40,2,3252.8,21,1,3252.9,68,3,3253.0,13,2
11536,2025-12-30 14:20:10+05:30,3251.6,40,3253.4,1524439,98919.0,127243.0,3250.0,3267.5,3239.8,3251.5,46972975,3576.6,2926.4,4322.95,2866.6,3251.6,92,4,3251.5,17,2,3251.4,6,1,3251.3,7,2,3251.2,115,8,3252.6,80,4,3252.7,40,2,3252.8,21,1,3252.9,68,3,3253.0,13,2
11536,2025-12-30 14:20:11+05:30,3251.6,40,3253.4,1524439,98922.0,127204.0,3250.0,3267.5,3239.8,3251.5,46972975,3576.6,2926.4,4322.95,2866.6,3251.6,92,4,3251.5,17,2,3251.4,6,1,3251.3,7,2,3251.2,115,8,3252.6,116,7,3252.7,64,2,3252.8,21,1,3252.9,109,5,3253.0,13,2
11536,2025-12-30 14:20:11+05:30,3252.6,2,3253.4,1524439,98922.0,127204.0,3250.0,3267.5,3239.8,3251.5,46972975,3576.6,2926.4,4322.95,2866.6,3251.6,92,4,3251.5,17,2,3251.4,6,1,3251.3,7,2,3251.2,115,8,3252.6,116,7,3252.7,64,2,3252.8,21,1,3252.9,109,5,3253.0,13,2
11536,2025-12-30 14:20:12+05:30,3252.6,1,3253.4,1524439,98922.0,127204.0,3250.0,3267.5,3239.8,3251.5,46972975,3576.6,2926.4,4322.95,2866.6,3251.6,92,4,3251.5,17,2,3251.4,6,1,3251.3,7,2,3251.2,115,8,3252.6,116,7,3252.7,64,2,3252.8,21,1,3252.9,109,5,3253.0,13,2
11536,2025-12-30 14:20:12+05:30,3252.6,2,3253.4,1524445,98910.0,127199.0,3250.0,3267.5,3239.8,3251.5,46972975,3576.6,2926.4,4322.95,2866.6,3251.6,91,4,3251.5,17,2,3251.4,6,1,3251.3,7,2,3251.2,115,8,3252.6,111,7,3252.7,64,2,3252.8,21,1,3252.9,109,5,3253.0,13,2
11536,2025-12-30 14:20:13+05:30,3251.6,1,3253.4,1524445,98910.0,127199.0,3250.0,3267.5,3239.8,3251.5,46972975,3576.6,2926.4,4322.95,2866.6,3251.6,91,4,3251.5,17,2,3251.4,6,1,3251.3,7,2,3251.2,115,8,3252.6,111,7,3252.7,64,2,3252.8,21,1,3252.9,109,5,3253.0,13,2
11536,2025-12-30 14:20:13+05:30,3251.6,1,3253.4,1524451,98910.0,127214.0,3250.0,3267.5,3239.8,3251.5,46972975,3576.6,2926.4,4322.95,2866.6,3251.6,89,4,3251.5,17,2,3251.4,6,1,3251.3,7,2,3251.2,115,8,3252.6,96,6,3252.7,64,2,3252.8,21,1,3252.9,109,5,3253.0,13,2
11536,2025-12-30 14:20:14+05:30,3252.6,2,3253.4,1524451,98910.0,127214.0,3250.0,3267.5,3239.8,3251.5,46972975,3576.6,2926.4,4322.95,2866.6,3251.6,89,4,3251.5,17,2,3251.4,6,1,3251.3,7,2,3251.2,115,8,3252.6,96,6,3252.7,64,2,3252.8,21,1,3252.9,109,5,3253.0,13,2
11536,2025-12-30 14:20:14+05:30,3252.6,2,3253.4,1524453,98770.0,126999.0,3250.0,3267.5,3239.8,3251.5,46972975,3576.6,2926.4,4322.95,2866.6,3251.6,79,3,3251.5,17,2,3251.4,6,1,3251.3,7,2,3251.2,115,8,3252.5,140,7,3252.6,48,3,3252.7,40,1,3252.8,21,1,3252.9,112,6
11536,2025-12-30 14:20:15+05:30,3252.5,10,3253.4,1524453,98770.0,126999.0,3250.0,3267.5,3239.8,3251.5,46972975,3576.6,2926.4,4322.95,2866.6,3251.6,79,3,3251.5,17,2,3251.4,6,1,3251.3,7,2,3251.2,115,8,3252.5,140,7,3252.6,48,3,3252.7,40,1,3252.8,21,1,3252.9,112,6
11536,2025-12-30 14:20:15+05:30,3252.5,10,3253.4,1524481,98804.0,127271.0,3250.0,3267.5,3239.8,3251.5,46972975,3576.6,2926.4,4322.95,2866.6,3251.6,53,2,3251.5,17,2,3251.4,6,1,3251.3,7,2,3251.2,115,8,3252.5,56,3,3252.6,34,2,3252.8,38,2,3252.9,97,5,3253.0,13,2
11536,2025-12-30 14:20:16+05:30,3252.8,1,3253.4,1524481,98804.0,127271.0,3250.0,3267.5,3239.8,3251.5,46972975,3576.6,2926.4,4322.95,2866.6,3251.6,53,2,3251.5,17,2,3251.4,6,1,3251.3,7,2,3251.2,115,8,3252.5,56,3,3252.6,34,2,3252.8,38,2,3252.9,97,5,3253.0,13,2
11536,2025-12-30 14:20:16+05:30,3252.8,1,3253.4,1524675,99620.0,126894.0,3250.0,3267.5,3239.8,3251.5,46972975,3576.6,2926.4,4322.95,2866.6,3251.7,38,2,3251.6,53,2,3251.5,33,3,3251.4,30,3,3251.3,31,3,3252.8,68,4,3252.9,41,3,3253.0,41,3,3253.1,36,2,3253.2,108,4
11536,2025-12-30 14:20:17+05:30,3252.8,1,3253.4,1524675,99623.0,126905.0,3250.0,3267.5,3239.8,3251.5,46972975,3576.6,2926.4,4322.95,2866.6,3252.0,74,2,3251.7,56,2,3251.6,53,2,3251.5,33,3,3251.4,30,3,3252.8,72,4,3252.9,44,2,3253.0,13,2,3253.1,36,2,3253.2,108,4
11536,2025-12-30 14:20:18+05:30,3251.4,3,3253.4,1524675,99623.0,126905.0,3250.0,3267.5,3239.8,3251.5,46972975,3576.6,2926.4,4322.95,2866.6,3252.0,74,2,3251.7,56,2,3251.6,53,2,3251.5,33,3,3251.4,30,3,3252.8,72,4,3252.9,44,2,3253.0,13,2,3253.1,36,2,3253.2,108,4
11536,2025-12-30 14:20:18+05:30,3251.4,3,3253.4,1525280,98772.0,127218.0,3250.0,3267.5,3239.8,3251.5,46972975,3576.6,2926.4,4322.95,2866.6,3251.3,7,2,3251.2,48,3,3251.1,31,4,3251.0,600,14,3250.9,295,4,3251.4,103,1,3252.6,33,2,3252.7,61,3,3252.8,136,7,3252.9,137,4
11536,2025-12-30 14:20:19+05:30,3251.4,31,3253.4,1525280,98772.0,127218.0,3250.0,3267.5,3239.8,3251.5,46972975,3576.6,2926.4,4322.95,2866.6,3251.3,7,2,3251.2,48,3,3251.1,31,4,3251.0,600,14,3250.9,295,4,3251.4,103,1,3252.6,33,2,3252.7,61,3,3252.8,136,7,3252.9,137,4
11536,2025-12-30 14:20:19+05:30,3251.4,73,3253.4,1525423,98911.0,127499.0,3250.0,3267.5,3239.8,3251.5,46972975,3576.6,2926.4,4322.95,2866.6,3251.2,48,3,3251.1,28,3,3251.0,577,12,3250.9,120,3,3250.8,17,3,3251.4,106,1,3252.6,49,3,3252.7,61,3,3252.8,145,7,3252.9,131,4
11536,2025-12-30 14:20:20+05:30,3251.2,1,3253.4,1525423,98911.0,127499.0,3250.0,3267.5,3239.8,3251.5,46972975,3576.6,2926.4,4322.95,2866.6,3251.2,48,3,3251.1,28,3,3251.0,577,12,3250.9,120,3,3250.8,17,3,3251.4,106,1,3252.6,49,3,3252.7,61,3,3252.8,145,7,3252.9,131,4
11536,2025-12-30 14:20:20+05:30,3251.2,1,3253.4,1525425,98910.0,125949.0,3250.0,3267.5,3239.8,3251.5,46972975,3576.6,2926.4,4322.95,2866.6,3251.2,46,3,3251.1,28,3,3251.0,577,12,3250.9,120,3,3250.8,17,3,3251.4,106,1,3252.5,3,1,3252.6,49,3,3252.7,222,3,3252.8,197,9
11536,2025-12-30 14:20:21+05:30,3251.2,1,3253.4,1525425,98910.0,125949.0,3250.0,3267.5,3239.8,3251.5,46972975,3576.6,2926.4,4322.95,2866.6,3251.2,46,3,3251.1,28,3,3251.0,577,12,3250.9,120,3,3250.8,17,3,3251.4,106,1,3252.5,3,1,3252.6,49,3,3252.7,222,3,3252.8,197,9
11536,2025-12-30 14:20:21+05:30,3251.2,1,3253.4,1525777,100589.0,126195.0,3250.0,3267.5,3239.8,3251.5,46972975,3576.6,2926.4,4322.95,2866.6,3251.2,122,7,3251.1,42,5,3251.0,599,13,3250.9,175,1,3250.8,40,5,3252.5,22,2,3252.6,22,2,3252.7,28,2,3252.8,100,5,3252.9,103,4
11536,2025-12-30 14:20:22+05:30,3252.7,20,3253.4,1525777,100589.0,126195.0,3250.0,3267.5,3239.8,3251.5,46972975,3576.6,2926.4,4322.95,2866.6,3251.2,122,7,3251.1,42,5,3251.0,599,13,3250.9,175,1,3250.8,40,5,3252.5,22,2,3252.6,22,2,3252.7,28,2,3252.8,100,5,3252.9,103,4
11536,2025-12-30 14:20:22+05:30,3252.7,20,3253.4,1525959,100683.0,126388.0,3250.0,3267.5,3239.8,3251.5,46972975,3576.6,2926.4,4322.95,2866.6,3251.2,143,8,3251.1,42,5,3251.0,639,14,3250.9,175,1,3250.8,40,5,3252.6,37,3,3252.8,83,4,3252.9,131,6,3253.0,23,2,3253.1,213,4
11536,2025-12-30 14:20:23+05:30,3252.7,20,3253.4,1525959,100921.0,125437.0,3250.0,3267.5,3239.8,3251.5,46972975,3576.6,2926.4,4322.95,2866.6,3251.2,143,8,3251.1,59,6,3251.0,789,16,3250.9,209,3,3250.8,77,8,3252.6,56,5,3252.7,10,1,3252.8,83,4,3252.9,131,6,3253.0,23,2
11536,2025-12-30 14:20:24+05:30,3252.6,3,3253.4,1525959,100921.0,125437.0,3250.0,3267.5,3239.8,3251.5,46972975,3576.6,2926.4,4322.95,2866.6,3251.2,143,8,3251.1,59,6,3251.0,789,16,3250.9,209,3,3250.8,77,8,3252.6,56,5,3252.7,10,1,3252.8,83,4,3252.9,131,6,3253.0,23,2
11536,2025-12-30 14:20:24+05:30,3252.6,3,3253.4,1525962,100921.0,126873.0,3250.0,3267.5,3239.8,3251.5,46972975,3576.6,2926.4,4322.95,2866.6,3251.2,143,8,3251.1,59,6,3251.0,789,16,3250.9,209,3,3250.8,77,8,3252.6,34,3,3252.8,83,4,3252.9,131,6,3253.0,23,2,3253.1,213,4
11536,2025-12-30 14:20:25+05:30,3252.6,1,3253.4,1525962,100921.0,126873.0,3250.0,3267.5,3239.8,3251.5,46972975,3576.6,2926.4,4322.95,2866.6,3251.2,143,8,3251.1,59,6,3251.0,789,16,3250.9,209,3,3250.8,77,8,3252.6,34,3,3252.8,83,4,3252.9,131,6,3253.0,23,2,3253.1,213,4
11536,2025-12-30 14:20:25+05:30,3252.6,1,3253.4,1525964,100905.0,126909.0,3250.0,3267.5,3239.8,3251.5,46972975,3576.6,2926.4,4322.95,2866.6,3251.3,60,3,3251.2,75,5,3251.1,60,7,3251.0,789,16,3250.9,209,3,3252.6,33,3,3252.7,27,1,3252.8,93,5,3252.9,131,6,3253.0,23,2
11536,2025-12-30 14:20:26+05:30,3252.6,1,3253.4,1525964,100904.0,126897.0,3250.0,3267.5,3239.8,3251.5,46972975,3576.6,2926.4,4322.95,2866.6,3251.3,60,3,3251.2,75,5,3251.1,60,7,3251.0,789,16,3250.9,209,3,3252.6,33,3,3252.7,27,1,3252.8,93,5,3252.9,131,6,3253.0,23,2
11536,2025-12-30 14:20:26+05:30,3252.6,1,3253.4,1525964,100904.0,126897.0,3250.0,3267.5,3239.8,3251.5,46972975,3576.6,2926.4,4322.95,2866.6,3251.3,60,3,3251.2,75,5,3251.1,60,7,3251.0,789,16,3250.9,209,3,3252.6,33,3,3252.7,27,1,3252.8,93,5,3252.9,131,6,3253.0,23,2
11536,2025-12-30 14:20:27+05:30,3252.6,1,3253.4,1525965,100903.0,126917.0,3250.0,3267.5,3239.8,3251.5,46972975,3576.6,2926.4,4322.95,2866.6,3251.3,60,3,3251.2,75,5,3251.1,60,7,3251.0,788,15,3250.9,209,3,3252.6,46,4,3252.7,27,1,3252.8,93,5,3252.9,131,6,3253.0,23,2
11536,2025-12-30 14:20:28+05:30,3251.3,3,3253.4,1525965,100903.0,126917.0,3250.0,3267.5,3239.8,3251.5,46972975,3576.6,2926.4,4322.95,2866.6,3251.3,60,3,3251.2,75,5,3251.1,60,7,3251.0,788,15,3250.9,209,3,3252.6,46,4,3252.7,27,1,3252.8,93,5,3252.9,131,6,3253.0,23,2
11536,2025-12-30 14:20:28+05:30,3251.3,9,3253.4,1526011,100868.0,127141.0,3250.0,3267.5,3239.8,3251.5,46972975,3576.6,2926.4,4322.95,2866.6,3251.3,28,2,3251.2,75,5,3251.1,60,7,3251.0,788,15,3250.9,209,3,3252.5,50,2,3252.6,95,7,3252.8,72,4,3252.9,128,6,3253.0,23,2
11536,2025-12-30 14:20:29+05:30,3251.3,9,3253.4,1526011,100868.0,127141.0,3250.0,3267.5,3239.8,3251.5,46972975,3576.6,2926.4,4322.95,2866.6,3251.3,28,2,3251.2,75,5,3251.1,60,7,3251.0,788,15,3250.9,209,3,3252.5,50,2,3252.6,95,7,3252.8,72,4,3252.9,128,6,3253.0,23,2
11536,2025-12-30 14:20:29+05:30,3251.3,9,3253.4,1526011,100565.0,127909.0,3250.0,3267.5,3239.8,3251.5,46972975,3576.6,2926.4,4322.95,2866.6,3251.1,18,2,3251.0,726,13,3250.9,34,2,3250.8,54,6,3250.7,210,5,3251.3,1,1,3252.3,43,1,3252.4,60,3,3252.5,20,3,3252.6,110,6
11536,2025-12-30 14:20:30+05:30,3251.3,1,3253.4,1526011,100565.0,127909.0,3250.0,3267.5,3239.8,3251.5,46972975,3576.6,2926.4,4322.95,2866.6,3251.1,18,2,3251.0,726,13,3250.9,34,2,3250.8,54,6,3250.7,210,5,3251.3,1,1,3252.3,43,1,3252.4,60,3,3252.5,20,3,3252.6,110,6
11536,2025-12-30 14:20:30+05:30,3251.1,1,3253.4,1526013,100782.0,126835.0,3250.0,3267.5,3239.8,3251.5,46972975,3576.6,2926.4,4322.95,2866.6,3251.1,75,5,3251.0,746,14,3250.9,34,2,3250.8,76,7,3250.7,184,3,3252.3,85,5,3252.4,2,1,3252.5,36,3,3252.6,117,6,3252.7,25,1
11536,2025-12-30 14:20:31+05:30,3252.2,2,3253.4,1526013,100782.0,126835.0,3250.0,3267.5,3239.8,3251.5,46972975,3576.6,2926.4,4322.95,2866.6,3251.1,75,5,3251.0,746,14,3250.9,34,2,3250.8,76,7,3250.7,184,3,3252.3,85,5,3252.4,2,1,3252.5,36,3,3252.6,117,6,3252.7,25,1
11536,2025-12-30 14:20:31+05:30,3252.1,1,3253.4,1526017,100761.0,126991.0,3250.0,3267.5,3239.8,3251.5,46972975,3576.6,2926.4,4322.95,2866.6,3251.1,75,5,3251.0,726,13,3250.9,34,2,3250.8,76,7,3250.7,9,2,3252.1,23,1,3252.2,20,1,3252.3,85,6,3252.4,32,3,3252.5,22,2
11536,2025-12-30 14:20:32+05:30,3252.1,1,3253.4,1526017,100761.0,126991.0,3250.0,3267.5,3239.8,3251.5,46972975,3576.6,2926.4,4322.95,2866.6,3251.1,75,5,3251.0,726,13,3250.9,34,2,3250.8,76,7,3250.7,9,2,3252.1,23,1,3252.2,20,1,3252.3,85,6,3252.4,32,3,3252.5,22,2
11536,2025-12-30 14:20:33+05:30,3251.0,20,3253.4,1527095,99066.0,127781.0,3250.0,3267.5,3239.8,3251.5,46972975,3576.6,2926.4,4322.95,2866.6,3251.0,14,2,3250.9,34,2,3250.8,54,6,3250.7,28,3,3250.6,249,6,3252.0,97,5,3252.1,14,1,3252.2,20,1,3252.3,14,1,3252.4,28,3
11536,2025-12-30 14:20:33+05:30,3251.0,20,3253.4,1527095,99066.0,127781.0,3250.0,3267.5,3239.8,3251.5,46972975,3576.6,2926.4,4322.95,2866.6,3251.0,14,2,3250.9,34,2,3250.8,54,6,3250.7,28,3,3250.6,249,6,3252.0,97,5,3252.1,14,1,3252.2,20,1,3252.3,14,1,3252.4,28,3
11536,2025-12-30 14:20:34+05:30,3251.0,20,3253.4,1527095,99211.0,128326.0,3250.0,3267.5,3239.8,3251.5,46972975,3576.6,2926.4,4322.95,2866.6,3251.0,4,1,3250.9,34,2,3250.8,54,6,3250.7,28,3,3250.6,249,6,3251.9,4,1,3252.0,111,6,3252.1,14,1,3252.2,60,2,3252.3,24,1
11536,2025-12-30 14:20:34+05:30,3252.2,9,3253.4,1527095,99211.0,128326.0,3250.0,3267.5,3239.8,3251.5,46972975,3576.6,2926.4,4322.95,2866.6,3251.0,4,1,3250.9,34,2,3250.8,54,6,3250.7,28,3,3250.6,249,6,3251.9,4,1,3252.0,111,6,3252.1,14,1,3252.2,60,2,3252.3,24,1
11536,2025-12-30 14:20:35+05:30,3252.2,1,3253.4,1527168,99582.0,127432.0,3250.0,3267.5,3239.8,3251.5,46972975,3576.6,2926.4,4322.95,2866.6,3251.9,5,1,3251.0,59,3,3250.9,34,3,3250.8,75,7,3250.7,251,5,3252.2,49,4,3252.3,38,2,3252.4,63,4,3252.5,29,2,3252.6,175,8
11536,2025-12-30 14:20:35+05:30,3252.4,1,3253.4,1527168,99582.0,127432.0,3250.0,3267.5,3239.8,3251.5,46972975,3576.6,2926.4,4322.95,2866.6,3251.9,5,1,3251.0,59,3,3250.9,34,3,3250.8,75,7,3250.7,251,5,3252.2,49,4,3252.3,38,2,3252.4,63,4,3252.5,29,2,3252.6,175,8
11536,2025-12-30 14:20:36+05:30,3252.2,1,3253.4,1527200,100284.0,127263.0,3250.0,3267.5,3239.8,3251.5,46972975,3576.6,2926.4,4322.95,2866.6,3252.2,144,1,3251.9,5,1,3251.2,21,1,3251.0,49,2,3250.9,31,2,3252.4,46,3,3252.5,45,2,3252.6,188,9,3252.7,21,1,3252.8,18,1
11536,2025-12-30 14:20:36+05:30,3252.2,1,3253.4,1527200,100284.0,127263.0,3250.0,3267.5,3239.8,3251.5,46972975,3576.6,2926.4,4322.95,2866.6,3252.2,144,1,3251.9,5,1,3251.2,21,1,3251.0,49,2,3250.9,31,2,3252.4,46,3,3252.5,45,2,3252.6,188,9,3252.7,21,1,3252.8,18,1
11536,2025-12-30 14:20:37+05:30,3252.2,1,3253.4,1527201,100250.0,127339.0,3250.0,3267.5,3239.8,3251.5,46972975,3576.6,2926.4,4322.95,2866.6,3252.2,143,1,3251.9,5,1,3251.2,21,1,3251.0,54,3,3250.9,31,2,3252.4,46,3,3252.5,45,2,3252.6,188,9,3252.7,21,1,3252.8,46,2
11536,2025-12-30 14:20:37+05:30,3252.4,1,3253.4,1527201,100250.0,127339.0,3250.0,3267.5,3239.8,3251.5,46972975,3576.6,2926.4,4322.95,2866.6,3252.2,143,1,3251.9,5,1,3251.2,21,1,3251.0,54,3,3250.9,31,2,3252.4,46,3,3252.5,45,2,3252.6,188,9,3252.7,21,1,3252.8,46,2
11536,2025-12-30 14:20:38+05:30,3252.2,2,3253.4,1527251,100198.0,126518.0,3250.0,3267.5,3239.8,3251.5,46972975,3576.6,2926.4,4322.95,2866.6,3252.4,1,1,3251.4,20,1,3251.3,200,1,3251.2,21,1,3251.0,26,2,3252.5,81,4,3252.6,137,7,3252.7,21,1,3252.8,18,1,3252.9,186,7
11536,2025-12-30 14:20:38+05:30,3252.2,2,3253.4,1527251,100198.0,126518.0,3250.0,3267.5,3239.8,3251.5,46972975,3576.6,2926.4,4322.95,2866.6,3252.4,1,1,3251.4,20,1,3251.3,200,1,3251.2,21,1,3251.0,26,2,3252.5,81,4,3252.6,137,7,3252.7,21,1,3252.8,18,1,3252.9,186,7
11536,2025-12-30 14:20:39+05:30,3252.4,4,3253.4,1527255,99521.0,127117.0,3250.0,3267.5,3239.8,3251.5,46972975,3576.6,2926.4,4322.95,2866.6,3251.3,200,1,3251.1,10,1,3251.0,5,1,3250.9,31,2,3250.8,92,8,3252.3,35,3,3252.4,75,4,3252.5,28,1,3252.6,138,8,3252.7,47,2
11536,2025-12-30 14:20:39+05:30,3252.4,4,3253.4,1527255,99521.0,127117.0,3250.0,3267.5,3239.8,3251.5,46972975,3576.6,2926.4,4322.95,2866.6,3251.3,200,1,3251.1,10,1,3251.0,5,1,3250.9,31,2,3250.8,92,8,3252.3,35,3,3252.4,75,4,3252.5,28,1,3252.6,138,8,3252.7,47,2
11536,2025-12-30 14:20:40+05:30,3252.4,4,3253.4,1527255,99539.0,127137.0,3250.0,3267.5,3239.8,3251.5,46972975,3576.6,2926.4,4322.95,2866.6,3251.3,200,1,3251.1,10,1,3251.0,5,1,3250.9,31,2,3250.8,92,8,3252.2,12,1,3252.3,35,3,3252.4,75,4,3252.5,94,4,3252.6,96,6
11536,2025-12-30 14:20:40+05:30,3252.4,4,3253.4,1527255,99539.0,127137.0,3250.0,3267.5,3239.8,3251.5,46972975,3576.6,2926.4,4322.95,2866.6,3251.3,200,1,3251.1,10,1,3251.0,5,1,3250.9,31,2,3250.8,92,8,3252.2,12,1,3252.3,35,3,3252.4,75,4,3252.5,94,4,3252.6,96,6
11536,2025-12-30 14:20:41+05:30,3251.3,3,3253.4,1527258,99537.0,127137.0,3250.0,3267.5,3239.8,3251.5,46972975,3576.6,2926.4,4322.95,2866.6,3251.3,197,1,3251.1,10,1,3251.0,5,1,3250.9,31,2,3250.8,92,8,3252.2,12,1,3252.3,35,3,3252.4,75,4,3252.5,94,4,3252.6,96,6
11536,2025-12-30 14:20:41+05:30,3251.3,3,3253.4,1527258,99537.0,127137.0,3250.0,3267.5,3239.8,3251.5,46972975,3576.6,2926.4,4322.95,2866.6,3251.3,197,1,3251.1,10,1,3251.0,5,1,3250.9,31,2,3250.8,92,8,3252.2,12,1,3252.3,35,3,3252.4,75,4,3252.5,94,4,3252.6,96,6
11536,2025-12-30 14:20:42+05:30,3251.3,3,3253.4,1527258,99537.0,127137.0,3250.0,3267.5,3239.8,3251.5,46972975,3576.6,2926.4,4322.95,2866.6,3251.3,197,1,3251.1,10,1,3251.0,5,1,3250.9,31,2,3250.8,92,8,3252.2,12,1,3252.3,35,3,3252.4,75,4,3252.5,94,4,3252.6,96,6
11536,2025-12-30 14:20:42+05:30,3251.3,35,3253.4,1527294,99484.0,127163.0,3250.0,3267.5,3239.8,3251.5,46972975,3576.6,2926.4,4322.95,2866.6,3251.3,161,1,3251.1,10,1,3251.0,5,1,3250.9,31,2,3250.8,75,7,3252.2,31,2,3252.3,59,4,3252.4,56,2,3252.5,66,3,3252.6,96,6
11536,2025-12-30 14:20:42+05:30,3252.2,5,3253.4,1527294,99484.0,127163.0,3250.0,3267.5,3239.8,3251.5,46972975,3576.6,2926.4,4322.95,2866.6,3251.3,161,1,3251.1,10,1,3251.0,5,1,3250.9,31,2,3250.8,75,7,3252.2,31,2,3252.3,59,4,3252.4,56,2,3252.5,66,3,3252.6,96,6
11536,2025-12-30 14:20:43+05:30,3251.3,1,3253.4,1527304,100244.0,127154.0,3250.0,3267.5,3239.8,3251.5,46972975,3576.6,2926.4,4322.95,2866.6,3251.3,160,1,3251.1,10,1,3251.0,5,1,3250.9,31,2,3250.8,75,7,3252.2,22,2,3252.3,59,4,3252.4,56,2,3252.5,66,3,3252.6,96,6
11536,2025-12-30 14:20:43+05:30,3251.3,1,3253.4,1527304,100244.0,127154.0,3250.0,3267.5,3239.8,3251.5,46972975,3576.6,2926.4,4322.95,2866.6,3251.3,160,1,3251.1,10,1,3251.0,5,1,3250.9,31,2,3250.8,75,7,3252.2,22,2,3252.3,59,4,3252.4,56,2,3252.5,66,3,3252.6,96,6
11536,2025-12-30 14:20:43+05:30,3251.3,1,3253.4,1527304,100244.0,127154.0,3250.0,3267.5,3239.8,3251.5,46972975,3576.6,2926.4,4322.95,2866.6,3251.3,160,1,3251.1,10,1,3251.0,5,1,3250.9,31,2,3250.8,75,7,3252.2,22,2,3252.3,59,4,3252.4,56,2,3252.5,66,3,3252.6,96,6
11536,2025-12-30 14:20:44+05:30,3252.4,7,3253.4,1527403,100663.0,127288.0,3250.0,3267.5,3239.8,3251.5,46972975,3576.6,2926.4,4322.95,2866.6,3251.3,170,2,3251.2,24,1,3251.1,28,1,3251.0,8,2,3250.9,34,3,3252.4,19,1,3252.5,85,4,3252.6,75,4,3252.8,253,5,3252.9,137,6
11536,2025-12-30 14:20:44+05:30,3252.4,7,3253.4,1527403,100663.0,127288.0,3250.0,3267.5,3239.8,3251.5,46972975,3576.6,2926.4,4322.95,2866.6,3251.3,170,2,3251.2,24,1,3251.1,28,1,3251.0,8,2,3250.9,34,3,3252.4,19,1,3252.5,85,4,3252.6,75,4,3252.8,253,5,3252.9,137,6
11536,2025-12-30 14:20:44+05:30,3252.4,94,3253.4,1527403,100663.0,127288.0,3250.0,3267.5,3239.8,3251.5,46972975,3576.6,2926.4,4322.95,2866.6,3251.3,170,2,3251.2,24,1,3251.1,28,1,3251.0,8,2,3250.9,34,3,3252.4,19,1,3252.5,85,4,3252.6,75,4,3252.8,253,5,3252.9,137,6
11536,2025-12-30 14:20:45+05:30,3252.3,1,3253.4,1527531,100477.0,126812.0,3250.0,3267.5,3239.8,3251.5,46972975,3576.6,2926.4,4322.95,2866.6,3251.3,160,1,3251.0,8,2,3250.9,73,4,3250.8,122,8,3250.7,236,4,3252.3,44,3,3252.4,89,4,3252.5,66,3,3252.6,60,4,3252.7,44,2
11536,2025-12-30 14:20:45+05:30,3252.3,1,3253.4,1527531,100477.0,126812.0,3250.0,3267.5,3239.8,3251.5,46972975,3576.6,2926.4,4322.95,2866.6,3251.3,160,1,3251.0,8,2,3250.9,73,4,3250.8,122,8,3250.7,236,4,3252.3,44,3,3252.4,89,4,3252.5,66,3,3252.6,60,4,3252.7,44,2
11536,2025-12-30 14:20:45+05:30,3252.3,1,3253.4,1527531,100477.0,126812.0,3250.0,3267.5,3239.8,3251.5,46972975,3576.6,2926.4,4322.95,2866.6,3251.3,160,1,3251.0,8,2,3250.9,73,4,3250.8,122,8,3250.7,236,4,3252.3,44,3,3252.4,89,4,3252.5,66,3,3252.6,60,4,3252.7,44,2
11536,2025-12-30 14:20:46+05:30,3252.3,1,3253.4,1527532,100553.0,125354.0,3250.0,3267.5,3239.8,3251.5,46972975,3576.6,2926.4,4322.95,2866.6,3251.3,160,1,3251.0,37,3,3250.9,73,4,3250.8,145,9,3250.7,276,5,3252.3,10,1,3252.4,74,3,3252.5,66,3,3252.6,84,5,3252.7,44,2
11536,2025-12-30 14:20:46+05:30,3252.3,1,3253.4,1527532,100553.0,125354.0,3250.0,3267.5,3239.8,3251.5,46972975,3576.6,2926.4,4322.95,2866.6,3251.3,160,1,3251.0,37,3,3250.9,73,4,3250.8,145,9,3250.7,276,5,3252.3,10,1,3252.4,74,3,3252.5,66,3,3252.6,84,5,3252.7,44,2
11536,2025-12-30 14:20:46+05:30,3252.3,4,3253.4,1527532,100553.0,125354.0,3250.0,3267.5,3239.8,3251.5,46972975,3576.6,2926.4,4322.95,2866.6,3251.3,160,1,3251.0,37,3,3250.9,73,4,3250.8,145,9,3250.7,276,5,3252.3,10,1,3252.4,74,3,3252.5,66,3,3252.6,84,5,3252.7,44,2
11536,2025-12-30 14:20:47+05:30,3252.3,4,3253.4,1527536,100569.0,127460.0,3250.0,3267.5,3239.8,3251.5,46972975,3576.6,2926.4,4322.95,2866.6,3251.3,164,2,3251.0,8,2,3250.9,74,5,3250.8,122,8,3250.7,236,4,3252.3,24,1,3252.4,61,3,3252.5,66,3,3252.6,60,4,3252.7,60,3
11536,2025-12-30 14:20:47+05:30,3252.3,4,3253.4,1527536,100569.0,127460.0,3250.0,3267.5,3239.8,3251.5,46972975,3576.6,2926.4,4322.95,2866.6,3251.3,164,2,3251.0,8,2,3250.9,74,5,3250.8,122,8,3250.7,236,4,3252.3,24,1,3252.4,61,3,3252.5,66,3,3252.6,60,4,3252.7,60,3
11536,2025-12-30 14:20:48+05:30,3252.2,3,3253.4,1528599,100366.0,127962.0,3250.0,3267.5,3239.8,3251.5,46972975,3576.6,2926.4,4322.95,2866.6,3250.9,28,2,3250.8,47,2,3250.7,222,5,3250.6,178,8,3250.5,345,8,3252.2,92,5,3252.4,76,3,3252.5,114,5,3252.6,68,4,3252.7,169,3
11536,2025-12-30 14:20:48+05:30,3252.2,3,3253.4,1528599,100366.0,127962.0,3250.0,3267.5,3239.8,3251.5,46972975,3576.6,2926.4,4322.95,2866.6,3250.9,28,2,3250.8,47,2,3250.7,222,5,3250.6,178,8,3250.5,345,8,3252.2,92,5,3252.4,76,3,3252.5,114,5,3252.6,68,4,3252.7,169,3
11536,2025-12-30 14:20:48+05:30,3252.2,3,3253.4,1528599,100366.0,127962.0,3250.0,3267.5,3239.8,3251.5,46972975,3576.6,2926.4,4322.95,2866.6,3250.9,28,2,3250.8,47,2,3250.7,222,5,3250.6,178,8,3250.5,345,8,3252.2,92,5,3252.4,76,3,3252.5,114,5,3252.6,68,4,3252.7,169,3
11536,2025-12-30 14:20:49+05:30,3252.2,3,3253.4,1528599,100366.0,127962.0,3250.0,3267.5,3239.8,3251.5,46972975,3576.6,2926.4,4322.95,2866.6,3250.9,28,2,3250.8,47,2,3250.7,222,5,3250.6,178,8,3250.5,345,8,3252.2,92,5,3252.4,76,3,3252.5,114,5,3252.6,68,4,3252.7,169,3
11536,2025-12-30 14:20:49+05:30,3251.0,3,3253.4,1528642,100650.0,126760.0,3250.0,3267.5,3239.8,3251.5,46972975,3576.6,2926.4,4322.95,2866.6,3251.0,38,3,3250.9,50,3,3250.8,70,4,3250.7,45,5,3250.6,312,8,3252.3,52,2,3252.4,74,4,3252.5,144,7,3252.6,51,2,3252.7,179,4
11536,2025-12-30 14:20:49+05:30,3252.3,19,3253.4,1528642,100650.0,126760.0,3250.0,3267.5,3239.8,3251.5,46972975,3576.6,2926.4,4322.95,2866.6,3251.0,38,3,3250.9,50,3,3250.8,70,4,3250.7,45,5,3250.6,312,8,3252.3,52,2,3252.4,74,4,3252.5,144,7,3252.6,51,2,3252.7,179,4
11536,2025-12-30 14:20:50+05:30,3252.3,19,3253.4,1528642,100650.0,126760.0,3250.0,3267.5,3239.8,3251.5,46972975,3576.6,2926.4,4322.95,2866.6,3251.0,38,3,3250.9,50,3,3250.8,70,4,3250.7,45,5,3250.6,312,8,3252.3,52,2,3252.4,74,4,3252.5,144,7,3252.6,51,2,3252.7,179,4
11536,2025-12-30 14:20:50+05:30,3251.0,25,3253.4,1528714,100683.0,127323.0,3250.0,3267.5,3239.8,3251.5,46972975,3576.6,2926.4,4322.95,2866.6,3251.0,39,3,3250.9,59,3,3250.8,51,3,3250.7,45,5,3250.6,312,8,3252.2,37,2,3252.3,28,1,3252.4,76,5,3252.5,129,6,3252.6,134,5
11536,2025-12-30 14:20:50+05:30,3251.0,25,3253.4,1528714,100683.0,127323.0,3250.0,3267.5,3239.8,3251.5,46972975,3576.6,2926.4,4322.95,2866.6,3251.0,39,3,3250.9,59,3,3250.8,51,3,3250.7,45,5,3250.6,312,8,3252.2,37,2,3252.3,28,1,3252.4,76,5,3252.5,129,6,3252.6,134,5
11536,2025-12-30 14:20:50+05:30,3251.0,25,3253.4,1528714,100683.0,127323.0,3250.0,3267.5,3239.8,3251.5,46972975,3576.6,2926.4,4322.95,2866.6,3251.0,39,3,3250.9,59,3,3250.8,51,3,3250.7,45,5,3250.6,312,8,3252.2,37,2,3252.3,28,1,3252.4,76,5,3252.5,129,6,3252.6,134,5
11536,2025-12-30 14:20:51+05:30,3251.0,1,3253.4,1528715,100633.0,127579.0,3250.0,3267.5,3239.8,3251.5,46972975,3576.6,2926.4,4322.95,2866.6,3251.0,38,3,3250.9,31,2,3250.8,51,3,3250.7,45,5,3250.6,312,8,3252.2,158,7,3252.3,97,5,3252.4,76,5,3252.5,63,3,3252.6,155,6
11536,2025-12-30 14:20:51+05:30,3252.2,3,3253.4,1528715,100633.0,127579.0,3250.0,3267.5,3239.8,3251.5,46972975,3576.6,2926.4,4322.95,2866.6,3251.0,38,3,3250.9,31,2,3250.8,51,3,3250.7,45,5,3250.6,312,8,3252.2,158,7,3252.3,97,5,3252.4,76,5,3252.5,63,3,3252.6,155,6
11536,2025-12-30 14:20:52+05:30,3252.3,14,3253.4,1528900,100831.0,127256.0,3250.0,3267.5,3239.8,3251.5,46972975,3576.6,2926.4,4322.95,2866.6,3251.1,166,3,3251.0,38,3,3250.9,31,2,3250.8,51,3,3250.7,45,5,3252.2,29,2,3252.3,99,5,3252.4,81,5,3252.5,63,3,3252.6,88,4
11536,2025-12-30 14:20:52+05:30,3252.3,14,3253.4,1528900,100831.0,127256.0,3250.0,3267.5,3239.8,3251.5,46972975,3576.6,2926.4,4322.95,2866.6,3251.1,166,3,3251.0,38,3,3250.9,31,2,3250.8,51,3,3250.7,45,5,3252.2,29,2,3252.3,99,5,3252.4,81,5,3252.5,63,3,3252.6,88,4
11536,2025-12-30 14:20:52+05:30,3252.3,14,3253.4,1528900,100831.0,127256.0,3250.0,3267.5,3239.8,3251.5,46972975,3576.6,2926.4,4322.95,2866.6,3251.1,166,3,3251.0,38,3,3250.9,31,2,3250.8,51,3,3250.7,45,5,3252.2,29,2,3252.3,99,5,3252.4,81,5,3252.5,63,3,3252.6,88,4
11536,2025-12-30 14:20:53+05:30,3252.2,2,3253.4,1528905,100923.0,127274.0,3250.0,3267.5,3239.8,3251.5,46972975,3576.6,2926.4,4322.95,2866.6,3251.1,228,6,3251.0,203,3,3250.9,31,2,3250.8,246,5,3250.7,85,6,3252.2,17,1,3252.3,75,4,3252.4,27,3,3252.5,63,3,3252.6,88,4
11536,2025-12-30 14:20:53+05:30,3252.2,2,3253.4,1528905,100923.0,127274.0,3250.0,3267.5,3239.8,3251.5,46972975,3576.6,2926.4,4322.95,2866.6,3251.1,228,6,3251.0,203,3,3250.9,31,2,3250.8,246,5,3250.7,85,6,3252.2,17,1,3252.3,75,4,3252.4,27,3,3252.5,63,3,3252.6,88,4
11536,2025-12-30 14:20:54+05:30,3252.2,2,3253.4,1528905,100923.0,127274.0,3250.0,3267.5,3239.8,3251.5,46972975,3576.6,2926.4,4322.95,2866.6,3251.1,228,6,3251.0,203,3,3250.9,31,2,3250.8,246,5,3250.7,85,6,3252.2,17,1,3252.3,75,4,3252.4,27,3,3252.5,63,3,3252.6,88,4
11536,2025-12-30 14:20:54+05:30,3251.1,1,3253.4,1528906,100992.0,127251.0,3250.0,3267.5,3239.8,3251.5,46972975,3576.6,2926.4,4322.95,2866.6,3251.1,277,7,3251.0,203,3,3250.9,31,2,3250.8,246,5,3250.7,45,5,3252.2,17,1,3252.3,75,4,3252.4,13,2,3252.5,44,2,3252.6,69,3
11536,2025-12-30 14:20:54+05:30,3251.1,1,3253.4,1528906,100992.0,127251.0,3250.0,3267.5,3239.8,3251.5,46972975,3576.6,2926.4,4322.95,2866.6,3251.1,277,7,3251.0,203,3,3250.9,31,2,3250.8,246,5,3250.7,45,5,3252.2,17,1,3252.3,75,4,3252.4,13,2,3252.5,44,2,3252.6,69,3
11536,2025-12-30 14:20:55+05:30,3252.2,1,3253.4,1528910,101058.0,127229.0,3250.0,3267.5,3239.8,3251.5,46972975,3576.6,2926.4,4322.95,2866.6,3251.1,452,8,3251.0,28,2,3250.9,206,3,3250.8,135,6,3250.7,67,6,3252.3,75,4,3252.4,13,2,3252.5,44,2,3252.6,33,2,3252.7,75,3
11536,2025-12-30 14:20:55+05:30,3252.2,1,3253.4,1528910,101058.0,127229.0,3250.0,3267.5,3239.8,3251.5,46972975,3576.6,2926.4,4322.95,2866.6,3251.1,452,8,3251.0,28,2,3250.9,206,3,3250.8,135,6,3250.7,67,6,3252.3,75,4,3252.4,13,2,3252.5,44,2,3252.6,33,2,3252.7,75,3
11536,2025-12-30 14:20:55+05:30,3252.2,1,3253.4,1528910,101058.0,127229.0,3250.0,3267.5,3239.8,3251.5,46972975,3576.6,2926.4,4322.95,2866.6,3251.1,452,8,3251.0,28,2,3250.9,206,3,3250.8,135,6,3250.7,67,6,3252.3,75,4,3252.4,13,2,3252.5,44,2,3252.6,33,2,3252.7,75,3
11536,2025-12-30 14:20:56+05:30,3251.1,1,3253.4,1528911,101045.0,127329.0,3250.0,3267.5,3239.8,3251.5,46972975,3576.6,2926.4,4322.95,2866.6,3251.1,451,8,3251.0,56,3,3250.9,206,3,3250.8,135,6,3250.7,67,6,3252.3,75,4,3252.4,13,2,3252.5,44,2,3252.6,33,2,3252.7,75,3
11536,2025-12-30 14:20:56+05:30,3251.1,1,3253.4,1528911,101045.0,127329.0,3250.0,3267.5,3239.8,3251.5,46972975,3576.6,2926.4,4322.95,2866.6,3251.1,451,8,3251.0,56,3,3250.9,206,3,3250.8,135,6,3250.7,67,6,3252.3,75,4,3252.4,13,2,3252.5,44,2,3252.6,33,2,3252.7,75,3
11536,2025-12-30 14:20:57+05:30,3252.3,1,3253.4,1528912,101045.0,127402.0,3250.0,3267.5,3239.8,3251.5,46972975,3576.6,2926.4,4322.95,2866.6,3251.1,451,8,3251.0,56,3,3250.9,206,3,3250.8,135,6,3250.7,67,6,3252.3,74,4,3252.4,10,1,3252.5,44,2,3252.6,33,2,3252.7,75,3
11536,2025-12-30 14:20:57+05:30,3252.3,1,3253.4,1528912,101045.0,127402.0,3250.0,3267.5,3239.8,3251.5,46972975,3576.6,2926.4,4322.95,2866.6,3251.1,451,8,3251.0,56,3,3250.9,206,3,3250.8,135,6,3250.7,67,6,3252.3,74,4,3252.4,10,1,3252.5,44,2,3252.6,33,2,3252.7,75,3
11536,2025-12-30 14:20:57+05:30,3252.3,1,3253.4,1528912,101045.0,127402.0,3250.0,3267.5,3239.8,3251.5,46972975,3576.6,2926.4,4322.95,2866.6,3251.1,451,8,3251.0,56,3,3250.9,206,3,3250.8,135,6,3250.7,67,6,3252.3,74,4,3252.4,10,1,3252.5,44,2,3252.6,33,2,3252.7,75,3
11536,2025-12-30 14:20:58+05:30,3252.3,1,3253.4,1528918,101071.0,127532.0,3250.0,3267.5,3239.8,3251.5,46972975,3576.6,2926.4,4322.95,2866.6,3251.1,485,10,3251.0,70,4,3250.9,206,3,3250.8,135,6,3250.7,67,6,3252.0,3,1,3252.3,70,4,3252.4,10,1,3252.5,44,2,3252.7,38,3
11536,2025-12-30 14:20:58+05:30,3252.3,1,3253.4,1528918,101071.0,127532.0,3250.0,3267.5,3239.8,3251.5,46972975,3576.6,2926.4,4322.95,2866.6,3251.1,485,10,3251.0,70,4,3250.9,206,3,3250.8,135,6,3250.7,67,6,3252.0,3,1,3252.3,70,4,3252.4,10,1,3252.5,44,2,3252.7,38,3
11536,2025-12-30 14:20:59+05:30,3252.3,1,3253.4,1528918,101071.0,127532.0,3250.0,3267.5,3239.8,3251.5,46972975,3576.6,2926.4,4322.95,2866.6,3251.1,485,10,3251.0,70,4,3250.9,206,3,3250.8,135,6,3250.7,67,6,3252.0,3,1,3252.3,70,4,3252.4,10,1,3252.5,44,2,3252.7,38,3
11536,2025-12-30 14:20:59+05:30,3251.1,40,3253.4,1528918,101071.0,127532.0,3250.0,3267.5,3239.8,3251.5,46972975,3576.6,2926.4,4322.95,2866.6,3251.1,485,10,3251.0,70,4,3250.9,206,3,3250.8,135,6,3250.7,67,6,3252.0,3,1,3252.3,70,4,3252.4,10,1,3252.5,44,2,3252.7,38,3
11536,2025-12-30 14:20:59+05:30,3251.1,40,3253.4,1528959,101126.0,127702.0,3250.0,3267.5,3239.8,3251.5,46972975,3576.6,2926.4,4322.95,2866.6,3251.1,433,9,3251.0,84,4,3250.9,206,3,3250.8,154,7,3250.7,66,6,3252.0,45,2,3252.3,70,4,3252.4,10,1,3252.5,44,2,3252.7,38,3
11536,2025-12-30 14:21:00+05:30,3252.0,1,3253.4,1528959,101126.0,127702.0,3250.0,3267.5,3239.8,3251.5,46972975,3576.6,2926.4,4322.95,2866.6,3251.1,433,9,3251.0,84,4,3250.9,206,3,3250.8,154,7,3250.7,66,6,3252.0,45,2,3252.3,70,4,3252.4,10,1,3252.5,44,2,3252.7,38,3
11536,2025-12-30 14:21:00+05:30,3252.0,1,3253.4,1528960,100964.0,127381.0,3250.0,3267.5,3239.8,3251.5,46972975,3576.6,2926.4,4322.95,2866.6,3251.1,408,7,3251.0,56,2,3250.9,175,1,3250.8,127,5,3250.7,45,4,3252.0,58,3,3252.3,70,4,3252.4,10,1,3252.5,44,2,3252.7,38,3
11536,2025-12-30 14:21:00+05:30,3252.0,1,3253.4,1528960,100964.0,127381.0,3250.0,3267.5,3239.8,3251.5,46991175,3576.6,2926.4,4322.95,2866.6,3251.1,408,7,3251.0,56,2,3250.9,175,1,3250.8,127,5,3250.7,45,4,3252.0,58,3,3252.3,70,4,3252.4,10,1,3252.5,44,2,3252.7,38,3
11536,2025-12-30 14:21:01+05:30,3252.0,1,3253.4,1528960,100964.0,127381.0,3250.0,3267.5,3239.8,3251.5,46991175,3576.6,2926.4,4322.95,2866.6,3251.1,408,7,3251.0,56,2,3250.9,175,1,3250.8,127,5,3250.7,45,4,3252.0,58,3,3252.3,70,4,3252.4,10,1,3252.5,44,2,3252.7,38,3
11536,2025-12-30 14:21:01+05:30,3252.0,1,3253.4,1528961,101002.0,127105.0,3250.0,3267.5,3239.8,3251.5,46991175,3576.6,2926.4,4322.95,2866.6,3251.2,175,1,3251.1,184,4,3251.0,242,3,3250.9,24,1,3250.8,103,4,3252.0,129,8,3252.3,29,1,3252.4,10,1,3252.5,44,2,3252.7,81,5
11536,2025-12-30 14:21:02+05:30,3251.0,38,3253.4,1530019,100704.0,128391.0,3250.0,3267.5,3239.8,3251.5,46991175,3576.6,2926.4,4322.95,2866.6,3251.0,57,4,3250.9,22,1,3250.8,23,1,3250.7,38,4,3250.6,123,8,3252.0,182,10,3252.2,15,1,3252.4,20,1,3252.5,44,2,3252.6,70,3
11536,2025-12-30 14:21:02+05:30,3251.0,38,3253.4,1530019,100704.0,128391.0,3250.0,3267.5,3239.8,3251.5,46991175,3576.6,2926.4,4322.95,2866.6,3251.0,57,4,3250.9,22,1,3250.8,23,1,3250.7,38,4,3250.6,123,8,3252.0,182,10,3252.2,15,1,3252.4,20,1,3252.5,44,2,3252.6,70,3
11536,2025-12-30 14:21:03+05:30,3251.0,38,3253.4,1530019,100704.0,128391.0,3250.0,3267.5,3239.8,3251.5,46991175,3576.6,2926.4,4322.95,2866.6,3251.0,57,4,3250.9,22,1,3250.8,23,1,3250.7,38,4,3250.6,123,8,3252.0,182,10,3252.2,15,1,3252.4,20,1,3252.5,44,2,3252.6,70,3
11536,2025-12-30 14:21:03+05:30,3251.0,38,3253.4,1530019,100843.0,128324.0,3250.0,3267.5,3239.8,3251.5,46991175,3576.6,2926.4,4322.95,2866.6,3251.0,28,2,3250.9,22,1,3250.7,38,4,3250.6,91,6,3250.5,48,3,3251.9,46,2,3252.0,140,9,3252.1,10,1,3252.2,53,2,3252.3,18,1
11536,2025-12-30 14:21:04+05:30,3251.9,14,3253.4,1530019,100843.0,128324.0,3250.0,3267.5,3239.8,3251.5,46991175,3576.6,2926.4,4322.95,2866.6,3251.0,28,2,3250.9,22,1,3250.7,38,4,3250.6,91,6,3250.5,48,3,3251.9,46,2,3252.0,140,9,3252.1,10,1,3252.2,53,2,3252.3,18,1
11536,2025-12-30 14:21:04+05:30,3251.9,1,3253.4,1530177,102282.0,127596.0,3250.0,3267.5,3239.8,3251.5,46991175,3576.6,2926.4,4322.95,2866.6,3251.9,4,1,3251.0,49,3,3250.9,22,1,3250.8,61,3,3250.7,81,5,3252.3,66,2,3252.4,92,4,3252.5,20,1,3252.6,50,2,3252.7,77,3
11536,2025-12-30 14:21:05+05:30,3252.3,1,3253.4,1530177,102282.0,127596.0,3250.0,3267.5,3239.8,3251.5,46991175,3576.6,2926.4,4322.95,2866.6,3251.9,4,1,3251.0,49,3,3250.9,22,1,3250.8,61,3,3250.7,81,5,3252.3,66,2,3252.4,92,4,3252.5,20,1,3252.6,50,2,3252.7,77,3
11536,2025-12-30 14:21:06+05:30,3252.3,1,3253.4,1530178,102170.0,127575.0,3250.0,3267.5,3239.8,3251.5,46991175,3576.6,2926.4,4322.95,2866.6,3251.9,4,1,3251.0,32,2,3250.9,22,1,3250.8,32,2,3250.7,81,5,3252.3,111,5,3252.4,63,3,3252.5,20,1,3252.6,50,3,3252.7,67,2
11536,2025-12-30 14:21:06+05:30,3251.9,1,3253.4,1530178,102170.0,127575.0,3250.0,3267.5,3239.8,3251.5,46991175,3576.6,2926.4,4322.95,2866.6,3251.9,4,1,3251.0,32,2,3250.9,22,1,3250.8,32,2,3250.7,81,5,3252.3,111,5,3252.4,63,3,3252.5,20,1,3252.6,50,3,3252.7,67,2
11536,2025-12-30 14:21:07+05:30,3251.9,1,3253.4,1530179,102146.0,127661.0,3250.0,3267.5,3239.8,3251.5,46991175,3576.6,2926.4,4322.95,2866.6,3251.9,3,1,3251.2,15,1,3251.0,32,2,3250.9,22,1,3250.8,32,2,3252.3,110,6,3252.4,105,4,3252.5,20,1,3252.6,50,3,3252.7,84,3
11536,2025-12-30 14:21:07+05:30,3252.2,29,3253.4,1530179,102146.0,127661.0,3250.0,3267.5,3239.8,3251.5,46991175,3576.6,2926.4,4322.95,2866.6,3251.9,3,1,3251.2,15,1,3251.0,32,2,3250.9,22,1,3250.8,32,2,3252.3,110,6,3252.4,105,4,3252.5,20,1,3252.6,50,3,3252.7,84,3
11536,2025-12-30 14:21:08+05:30,3252.2,4,3253.4,1530214,101489.0,127153.0,3250.0,3267.5,3239.8,3251.5,46991175,3576.6,2926.4,4322.95,2866.6,3251.2,15,1,3251.0,12,1,3250.9,22,1,3250.8,32,2,3250.7,38,4,3252.2,70,4,3252.3,76,4,3252.4,63,3,3252.5,20,1,3252.6,98,5
11536,2025-12-30 14:21:08+05:30,3252.2,4,3253.4,1530214,101489.0,127153.0,3250.0,3267.5,3239.8,3251.5,46991175,3576.6,2926.4,4322.95,2866.6,3251.2,15,1,3251.0,12,1,3250.9,22,1,3250.8,32,2,3250.7,38,4,3252.2,70,4,3252.3,76,4,3252.4,63,3,3252.5,20,1,3252.6,98,5
11536,2025-12-30 14:21:09+05:30,3251.2,39,3253.4,1530253,101489.0,126991.0,3250.0,3267.5,3239.8,3251.5,46991175,3576.6,2926.4,4322.95,2866.6,3251.2,15,1,3251.0,12,1,3250.9,22,1,3250.8,32,2,3250.7,38,4,3252.2,109,5,3252.3,47,3,3252.4,63,3,3252.5,28,2,3252.6,99,5
11536,2025-12-30 14:21:09+05:30,3251.2,39,3253.4,1530253,101489.0,126991.0,3250.0,3267.5,3239.8,3251.5,46991175,3576.6,2926.4,4322.95,2866.6,3251.2,15,1,3251.0,12,1,3250.9,22,1,3250.8,32,2,3250.7,38,4,3252.2,109,5,3252.3,47,3,3252.4,63,3,3252.5,28,2,3252.6,99,5
11536,2025-12-30 14:21:10+05:30,3251.2,39,3253.4,1530253,101573.0,127166.0,3250.0,3267.5,3239.8,3251.5,46991175,3576.6,2926.4,4322.95,2866.6,3251.2,15,1,3251.0,12,1,3250.9,22,1,3250.8,32,2,3250.7,38,4,3252.2,67,4,3252.3,89,4,3252.4,63,3,3252.5,28,2,3252.6,99,5
11536,2025-12-30 14:21:11+05:30,3252.2,1,3253.4,1530255,101569.0,127401.0,3250.0,3267.5,3239.8,3251.5,46991175,3576.6,2926.4,4322.95,2866.6,3251.2,14,1,3251.0,12,1,3250.9,22,1,3250.8,32,2,3250.7,38,4,3252.2,77,5,3252.3,103,5,3252.4,63,3,3252.5,28,2,3252.6,124,6
11536,2025-12-30 14:21:11+05:30,3252.2,2,3253.4,1530255,101569.0,127401.0,3250.0,3267.5,3239.8,3251.5,46991175,3576.6,2926.4,4322.95,2866.6,3251.2,14,1,3251.0,12,1,3250.9,22,1,3250.8,32,2,3250.7,38,4,3252.2,77,5,3252.3,103,5,3252.4,63,3,3252.5,28,2,3252.6,124,6
11536,2025-12-30 14:21:12+05:30,3252.2,2,3253.4,1530257,101763.0,128208.0,3250.0,3267.5,3239.8,3251.5,46991175,3576.6,2926.4,4322.95,2866.6,3251.2,59,2,3251.0,24,2,3250.9,46,2,3250.8,60,3,3250.7,38,4,3251.9,44,2,3252.2,65,4,3252.3,51,3,3252.4,63,3,3252.5,20,1
11536,2025-12-30 14:21:13+05:30,3251.2,1,3253.4,1530260,101950.0,128075.0,3250.0,3267.5,3239.8,3251.5,46991175,3576.6,2926.4,4322.95,2866.6,3251.2,58,2,3251.0,24,2,3250.9,22,1,3250.8,60,3,3250.7,38,4,3252.2,75,5,3252.3,93,4,3252.4,78,4,3252.5,28,2,3252.6,97,4
11536,2025-12-30 14:21:13+05:30,3251.2,1,3253.4,1530260,101950.0,128075.0,3250.0,3267.5,3239.8,3251.5,46991175,3576.6,2926.4,4322.95,2866.6,3251.2,58,2,3251.0,24,2,3250.9,22,1,3250.8,60,3,3250.7,38,4,3252.2,75,5,3252.3,93,4,3252.4,78,4,3252.5,28,2,3252.6,97,4
11536,2025-12-30 14:21:14+05:30,3251.2,1,3253.4,1530260,101973.0,128119.0,3250.0,3267.5,3239.8,3251.5,46991175,3576.6,2926.4,4322.95,2866.6,3251.2,58,2,3251.0,24,2,3250.9,22,1,3250.8,60,3,3250.7,38,4,3252.2,117,6,3252.3,51,3,3252.4,63,3,3252.5,28,2,3252.6,79,4
11536,2025-12-30 14:21:15+05:30,3251.2,3,3253.4,1530260,101973.0,128119.0,3250.0,3267.5,3239.8,3251.5,46991175,3576.6,2926.4,4322.95,2866.6,3251.2,58,2,3251.0,24,2,3250.9,22,1,3250.8,60,3,3250.7,38,4,3252.2,117,6,3252.3,51,3,3252.4,63,3,3252.5,28,2,3252.6,79,4
11536,2025-12-30 14:21:15+05:30,3251.2,3,3253.4,1530267,101961.0,128063.0,3250.0,3267.5,3239.8,3251.5,46991175,3576.6,2926.4,4322.95,2866.6,3251.2,55,2,3251.0,43,3,3250.9,40,2,3250.8,60,3,3250.7,233,6,3252.2,29,1,3252.3,106,4,3252.4,3,1,3252.5,20,1,3252.6,41,2
11536,2025-12-30 14:21:16+05:30,3252.2,1,3253.4,1530267,101961.0,128063.0,3250.0,3267.5,3239.8,3251.5,46991175,3576.6,2926.4,4322.95,2866.6,3251.2,55,2,3251.0,43,3,3250.9,40,2,3250.8,60,3,3250.7,233,6,3252.2,29,1,3252.3,106,4,3252.4,3,1,3252.5,20,1,3252.6,41,2
11536,2025-12-30 14:21:16+05:30,3252.2,1,3253.4,1530269,102103.0,127718.0,3250.0,3267.5,3239.8,3251.5,46991175,3576.6,2926.4,4322.95,2866.6,3251.2,70,3,3251.0,70,4,3250.9,77,4,3250.8,82,4,3250.7,273,7,3252.2,28,1,3252.3,106,4,3252.4,3,1,3252.5,23,1,3252.6,28,1
11536,2025-12-30 14:21:17+05:30,3252.1,3,3253.39,1531331,101324.0,127974.0,3250.0,3267.5,3239.8,3251.5,46991175,3576.6,2926.4,4322.95,2866.6,3251.0,41,2,3250.9,29,2,3250.8,30,1,3250.7,53,5,3250.6,284,8,3252.1,49,2,3252.2,78,4,3252.3,42,1,3252.5,43,2,3252.6,52,3
11536,2025-12-30 14:21:18+05:30,3252.1,3,3253.39,1531331,101324.0,127974.0,3250.0,3267.5,3239.8,3251.5,46991175,3576.6,2926.4,4322.95,2866.6,3251.0,41,2,3250.9,29,2,3250.8,30,1,3250.7,53,5,3250.6,284,8,3252.1,49,2,3252.2,78,4,3252.3,42,1,3252.5,43,2,3252.6,52,3
11536,2025-12-30 14:21:18+05:30,3251.0,20,3253.39,1531370,102075.0,128075.0,3250.0,3267.5,3239.8,3251.5,46991175,3576.6,2926.4,4322.95,2866.6,3251.0,36,4,3250.9,29,2,3250.8,30,1,3250.7,53,5,3250.6,327,9,3252.1,63,3,3252.2,106,4,3252.5,43,2,3252.6,52,3,3252.7,206,5
11536,2025-12-30 14:21:19+05:30,3252.1,8,3253.39,1531370,102075.0,128075.0,3250.0,3267.5,3239.8,3251.5,46991175,3576.6,2926.4,4322.95,2866.6,3251.0,36,4,3250.9,29,2,3250.8,30,1,3250.7,53,5,3250.6,327,9,3252.1,63,3,3252.2,106,4,3252.5,43,2,3252.6,52,3,3252.7,206,5
11536,2025-12-30 14:21:19+05:30,3252.1,8,3253.39,1531417,102267.0,127944.0,3250.0,3267.5,3239.8,3251.5,46991175,3576.6,2926.4,4322.95,2866.6,3251.0,24,3,3250.9,29,2,3250.8,56,2,3250.7,53,5,3250.6,327,9,3252.2,122,5,3252.3,28,1,3252.5,58,3,3252.6,52,3,3252.7,89,3
11536,2025-12-30 14:21:20+05:30,3252.1,8,3253.39,1531417,102327.0,127933.0,3250.0,3267.5,3239.8,3251.5,46991175,3576.6,2926.4,4322.95,2866.6,3251.0,55,4,3250.9,222,3,3250.8,77,3,3250.7,89,6,3250.6,173,9,3252.2,98,4,3252.3,28,1,3252.5,58,3,3252.6,54,3,3252.7,43,2
11536,2025-12-30 14:21:21+05:30,3251.0,1,3253.39,1531417,102327.0,127933.0,3250.0,3267.5,3239.8,3251.5,46991175,3576.6,2926.4,4322.95,2866.6,3251.0,55,4,3250.9,222,3,3250.8,77,3,3250.7,89,6,3250.6,173,9,3252.2,98,4,3252.3,28,1,3252.5,58,3,3252.6,54,3,3252.7,43,2
11536,2025-12-30 14:21:21+05:30,3251.1,1,3253.39,1531420,102287.0,128018.0,3250.0,3267.5,3239.8,3251.5,46991175,3576.6,2926.4,4322.95,2866.6,3251.0,2,1,3250.8,70,3,3250.7,53,5,3250.6,134,7,3250.5,135,6,3252.2,136,7,3252.3,67,3,3252.5,43,2,3252.6,88,5,3252.7,86,2
11536,2025-12-30 14:21:22+05:30,3252.2,1,3253.39,1531420,102287.0,128018.0,3250.0,3267.5,3239.8,3251.5,46991175,3576.6,2926.4,4322.95,2866.6,3251.0,2,1,3250.8,70,3,3250.7,53,5,3250.6,134,7,3250.5,135,6,3252.2,136,7,3252.3,67,3,3252.5,43,2,3252.6,88,5,3252.7,86,2
11536,2025-12-30 14:21:22+05:30,3252.2,1,3253.39,1531421,102395.0,128014.0,3250.0,3267.5,3239.8,3251.5,46991175,3576.6,2926.4,4322.95,2866.6,3251.0,56,3,3250.9,51,2,3250.8,51,2,3250.7,53,5,3250.6,134,7,3252.1,44,2,3252.2,155,6,3252.3,33,2,3252.5,43,2,3252.6,85,4
11536,2025-12-30 14:21:23+05:30,3252.1,1,3253.39,1531422,102411.0,127975.0,3250.0,3267.5,3239.8,3251.5,46991175,3576.6,2926.4,4322.95,2866.6,3251.0,56,3,3250.9,51,2,3250.8,51,2,3250.7,75,6,3250.6,134,7,3252.1,52,3,3252.2,115,5,3252.3,33,2,3252.5,43,2,3252.6,88,4
11536,2025-12-30 14:21:24+05:30,3252.1,1,3253.39,1531422,102411.0,127975.0,3250.0,3267.5,3239.8,3251.5,46991175,3576.6,2926.4,4322.95,2866.6,3251.0,56,3,3250.9,51,2,3250.8,51,2,3250.7,75,6,3250.6,134,7,3252.1,52,3,3252.2,115,5,3252.3,33,2,3252.5,43,2,3252.6,88,4
11536,2025-12-30 14:21:24+05:30,3252.1,1,3253.39,1531422,102414.0,128027.0,3250.0,3267.5,3239.8,3251.5,46991175,3576.6,2926.4,4322.95,2866.6,3251.1,3,1,3251.0,56,3,3250.9,51,2,3250.8,51,2,3250.7,75,6,3252.1,43,2,3252.2,155,6,3252.3,48,3,3252.5,43,2,3252.6,86,4
11536,2025-12-30 14:21:25+05:30,3252.1,1,3253.39,1531422,102414.0,128027.0,3250.0,3267.5,3239.8,3251.5,46991175,3576.6,2926.4,4322.95,2866.6,3251.1,3,1,3251.0,56,3,3250.9,51,2,3250.8,51,2,3250.7,75,6,3252.1,43,2,3252.2,155,6,3252.3,48,3,3252.5,43,2,3252.6,86,4
11536,2025-12-30 14:21:26+05:30,3252.1,1,3253.39,1531423,102429.0,128018.0,3250.0,3267.5,3239.8,3251.5,46991175,3576.6,2926.4,4322.95,2866.6,3251.1,3,1,3251.0,56,3,3250.9,51,2,3250.8,51,2,3250.7,75,6,3252.1,42,2,3252.2,155,6,3252.3,48,3,3252.5,43,2,3252.6,86,4
11536,2025-12-30 14:21:27+05:30,3252.1,1,3253.39,1531423,102491.0,128506.0,3250.0,3267.5,3239.8,3251.5,46991175,3576.6,2926.4,4322.95,2866.6,3251.1,56,2,3251.0,79,4,3250.9,28,1,3250.8,73,3,3250.7,53,5,3252.0,52,2,3252.1,10,1,3252.2,155,6,3252.3,33,2,3252.4,17,1
11536,2025-12-30 14:21:28+05:30,3251.1,39,3253.39,1531469,102563.0,128523.0,3250.0,3267.5,3239.8,3251.5,46991175,3576.6,2926.4,4322.95,2866.6,3251.1,13,1,3251.0,56,3,3250.8,30,1,3250.7,53,5,3250.6,114,7,3251.9,36,2,3252.0,20,1,3252.1,76,4,3252.2,104,4,3252.3,33,2
11536,2025-12-30 14:21:30+05:30,3251.1,39,3253.39,1531469,102563.0,128523.0,3250.0,3267.5,3239.8,3251.5,46991175,3576.6,2926.4,4322.95,2866.6,3251.1,13,1,3251.0,56,3,3250.8,30,1,3250.7,53,5,3250.6,114,7,3251.9,36,2,3252.0,20,1,3252.1,76,4,3252.2,104,4,3252.3,33,2
11536,2025-12-30 14:21:33+05:30,3251.9,1,3253.39,1532770,101280.0,128477.0,3250.0,3267.5,3239.8,3251.5,46991175,3576.6,2926.4,4322.95,2866.6,3250.8,36,2,3250.7,55,2,3250.6,27,1,3250.5,103,5,3250.4,282,5,3251.9,32,2,3252.0,44,3,3252.1,30,2,3252.2,40,1,3252.3,33,2
11536,2025-12-30 14:21:34+05:30,3252.3,8,3253.39,1532770,101280.0,128477.0,3250.0,3267.5,3239.8,3251.5,46991175,3576.6,2926.4,4322.95,2866.6,3250.8,36,2,3250.7,55,2,3250.6,27,1,3250.5,103,5,3250.4,282,5,3251.9,32,2,3252.0,44,3,3252.1,30,2,3252.2,40,1,3252.3,33,2
11536,2025-12-30 14:21:38+05:30,3251.5,1,3253.39,1532874,101329.0,128114.0,3250.0,3267.5,3239.8,3251.5,46991175,3576.6,2926.4,4322.95,2866.6,3251.5,3,2,3251.1,1,1,3250.9,30,1,3250.8,21,1,3250.7,30,1,3251.9,19,1,3252.1,80,4,3252.2,38,2,3252.3,72,4,3252.4,25,2
11536,2025-12-30 14:21:39+05:30,3251.5,4,3253.39,1532874,101329.0,128114.0,3250.0,3267.5,3239.8,3251.5,46991175,3576.6,2926.4,4322.95,2866.6,3251.5,3,2,3251.1,1,1,3250.9,30,1,3250.8,21,1,3250.7,30,1,3251.9,19,1,3252.1,80,4,3252.2,38,2,3252.3,72,4,3252.4,25,2
11536,2025-12-30 14:21:43+05:30,3251.1,1,3253.39,1532885,101196.0,128382.0,3250.0,3267.5,3239.8,3251.5,46991175,3576.6,2926.4,4322.95,2866.6,3250.7,60,3,3250.5,209,4,3250.4,65,3,3250.3,41,2,3250.2,126,7,3251.1,1,1,3251.5,4,1,3251.7,15,1,3251.9,48,3,3252.0,76,4
11536,2025-12-30 14:21:44+05:30,3250.7,1,3253.39,1532885,101196.0,128382.0,3250.0,3267.5,3239.8,3251.5,46991175,3576.6,2926.4,4322.95,2866.6,3250.7,60,3,3250.5,209,4,3250.4,65,3,3250.3,41,2,3250.2,126,7,3251.1,1,1,3251.5,4,1,3251.7,15,1,3251.9,48,3,3252.0,76,4
11536,2025-12-30 14:21:48+05:30,3251.9,3,3253.39,1533983,102509.0,128434.0,3250.0,3267.5,3239.8,3251.5,46991175,3576.6,2926.4,4322.95,2866.6,3250.8,61,4,3250.7,53,3,3250.6,3,1,3250.5,350,2,3250.4,41,2,3251.9,15,1,3252.1,40,2,3252.2,33,2,3252.3,55,3,3252.4,37,2
11536,2025-12-30 14:21:48+05:30,3251.9,3,3253.39,1533983,102509.0,128434.0,3250.0,3267.5,3239.8,3251.5,46991175,3576.6,2926.4,4322.95,2866.6,3250.8,61,4,3250.7,53,3,3250.6,3,1,3250.5,350,2,3250.4,41,2,3251.9,15,1,3252.1,40,2,3252.2,33,2,3252.3,55,3,3252.4,37,2
11536,2025-12-30 14:21:52+05:30,3252.4,42,3253.39,1533983,102509.0,128434.0,3250.0,3267.5,3239.8,3251.5,46991175,3576.6,2926.4,4322.95,2866.6,3250.8,61,4,3250.7,53,3,3250.6,3,1,3250.5,350,2,3250.4,41,2,3251.9,15,1,3252.1,40,2,3252.2,33,2,3252.3,55,3,3252.4,37,2
11536,2025-12-30 14:21:53+05:30,3252.4,42,3253.39,1534256,103090.0,127904.0,3250.0,3267.5,3239.8,3251.5,46991175,3576.6,2926.4,4322.95,2866.6,3250.8,46,3,3250.7,61,4,3250.6,33,3,3250.5,389,4,3250.4,120,5,3252.1,19,1,3252.3,125,6,3252.4,19,2,3252.5,70,3,3252.6,59,5
11536,2025-12-30 14:21:56+05:30,3252.1,1,3253.39,1534256,103090.0,127904.0,3250.0,3267.5,3239.8,3251.5,46991175,3576.6,2926.4,4322.95,2866.6,3250.8,46,3,3250.7,61,4,3250.6,33,3,3250.5,389,4,3250.4,120,5,3252.1,19,1,3252.3,125,6,3252.4,19,2,3252.5,70,3,3252.6,59,5
11536,2025-12-30 14:21:58+05:30,3251.5,1,3253.39,1534437,102726.0,128079.0,3250.0,3267.5,3239.8,3251.5,46991175,3576.6,2926.4,4322.95,2866.6,3251.1,5,1,3250.9,3,1,3250.8,47,1,3250.7,20,2,3250.6,12,2,3251.5,1,1,3252.2,33,3,3252.3,135,7,3252.4,36,2,3252.5,110,4
11536,2025-12-30 14:22:00+05:30,3251.1,1,3253.39,1534437,102726.0,128079.0,3250.0,3267.5,3239.8,3251.5,46991175,3576.6,2926.4,4322.95,2866.6,3251.1,5,1,3250.9,3,1,3250.8,47,1,3250.7,20,2,3250.6,12,2,3251.5,1,1,3252.2,33,3,3252.3,135,7,3252.4,36,2,3252.5,110,4
11536,2025-12-30 14:22:03+05:30,3251.5,1,3253.39,1535536,101096.0,128197.0,3250.0,3267.5,3239.8,3251.5,46991175,3576.6,2926.4,4322.95,2866.6,3250.6,107,6,3250.5,175,1,3250.4,49,4,3250.3,41,2,3250.2,221,9,3251.5,8,1,3252.0,22,2,3252.1,47,2,3252.2,21,1,3252.3,79,5
11536,2025-12-30 14:22:04+05:30,3252.1,18,3253.39,1535536,101096.0,128197.0,3250.0,3267.5,3239.8,3251.5,46991175,3576.6,2926.4,4322.95,2866.6,3250.6,107,6,3250.5,175,1,3250.4,49,4,3250.3,41,2,3250.2,221,9,3251.5,8,1,3252.0,22,2,3252.1,47,2,3252.2,21,1,3252.3,79,5
11536,2025-12-30 14:22:08+05:30,3252.1,3,3253.39,1535740,101268.0,127818.0,3250.0,3267.5,3239.8,3251.5,46991175,3576.6,2926.4,4322.95,2866.6,3250.7,107,6,3250.6,111,4,3250.5,233,3,3250.4,212,8,3250.3,86,4,3252.1,54,3,3252.2,13,1,3252.3,86,5,3252.4,50,3,3252.5,61,3
11536,2025-12-30 14:22:08+05:30,3252.1,3,3253.39,1535740,101268.0,127818.0,3250.0,3267.5,3239.8,3251.5,46991175,3576.6,2926.4,4322.95,2866.6,3250.7,107,6,3250.6,111,4,3250.5,233,3,3250.4,212,8,3250.3,86,4,3252.1,54,3,3252.2,13,1,3252.3,86,5,3252.4,50,3,3252.5,61,3
11536,2025-12-30 14:22:12+05:30,3251.2,20,3253.39,1535740,101268.0,127818.0,3250.0,3267.5,3239.8,3251.5,46991175,3576.6,2926.4,4322.95,2866.6,3250.7,107,6,3250.6,111,4,3250.5,233,3,3250.4,212,8,3250.3,86,4,3252.1,54,3,3252.2,13,1,3252.3,86,5,3252.4,50,3,3252.5,61,3
11536,2025-12-30 14:22:13+05:30,3251.2,1,3253.39,1535806,101275.0,128429.0,3250.0,3267.5,3239.8,3251.5,46991175,3576.6,2926.4,4322.95,2866.6,3251.2,5,1,3250.8,10,1,3250.7,52,1,3250.6,48,3,3250.5,130,6,3252.0,28,1,3252.1,60,3,3252.2,41,2,3252.3,60,3,3252.4,39,2
11536,2025-12-30 14:22:16+05:30,3252.0,1,3253.39,1535806,101275.0,128429.0,3250.0,3267.5,3239.8,3251.5,46991175,3576.6,2926.4,4322.95,2866.6,3251.2,5,1,3250.8,10,1,3250.7,52,1,3250.6,48,3,3250.5,130,6,3252.0,28,1,3252.1,60,3,3252.2,41,2,3252.3,60,3,3252.4,39,2
11536,2025-12-30 14:22:18+05:30,3250.9,1,3253.38,1536871,102303.0,126771.0,3250.0,3267.5,3239.8,3251.5,46991175,3576.6,2926.4,4322.95,2866.6,3252.0,2,2,3251.2,30,2,3251.0,3,1,3250.9,81,4,3250.8,258,4,3252.1,6,1,3252.3,14,1,3252.4,73,3,3252.5,22,1,3252.6,47,3
11536,2025-12-30 14:22:20+05:30,3252.1,6,3253.38,1536871,102303.0,126771.0,3250.0,3267.5,3239.8,3251.5,46991175,3576.6,2926.4,4322.95,2866.6,3252.0,2,2,3251.2,30,2,3251.0,3,1,3250.9,81,4,3250.8,258,4,3252.1,6,1,3252.3,14,1,3252.4,73,3,3252.5,22,1,3252.6,47,3
11536,2025-12-30 14:22:23+05:30,3252.6,5,3253.38,1537105,101692.0,127730.0,3250.0,3267.5,3239.8,3251.5,46991175,3576.6,2926.4,4322.95,2866.6,3251.0,41,3,3250.7,19,1,3250.6,91,4,3250.5,35,3,3250.4,267,5,3252.1,74,4,3252.2,47,2,3252.3,14,1,3252.4,70,3,3252.5,35,3
11536,2025-12-30 14:22:24+05:30,3252.1,3,3253.38,1537105,101692.0,127730.0,3250.0,3267.5,3239.8,3251.5,46991175,3576.6,2926.4,4322.95,2866.6,3251.0,41,3,3250.7,19,1,3250.6,91,4,3250.5,35,3,3250.4,267,5,3252.1,74,4,3252.2,47,2,3252.3,14,1,3252.4,70,3,3252.5,35,3
11536,2025-12-30 14:22:28+05:30,3252.1,2,3253.38,1537367,102995.0,127416.0,3250.0,3267.5,3239.8,3251.5,46991175,3576.6,2926.4,4322.95,2866.6,3252.1,4,2,3251.3,15,1,3251.2,37,2,3251.1,75,4,3251.0,64,5,3252.5,19,1,3252.6,75,5,3252.7,76,4,3252.8,49,2,3252.9,156,6
11536,2025-12-30 14:22:28+05:30,3252.1,2,3253.38,1537367,102995.0,127416.0,3250.0,3267.5,3239.8,3251.5,46991175,3576.6,2926.4,4322.95,2866.6,3252.1,4,2,3251.3,15,1,3251.2,37,2,3251.1,75,4,3251.0,64,5,3252.5,19,1,3252.6,75,5,3252.7,76,4,3252.8,49,2,3252.9,156,6
11536,2025-12-30 14:22:32+05:30,3250.6,1,3253.38,1537367,102995.0,127416.0,3250.0,3267.5,3239.8,3251.5,46991175,3576.6,2926.4,4322.95,2866.6,3252.1,4,2,3251.3,15,1,3251.2,37,2,3251.1,75,4,3251.0,64,5,3252.5,19,1,3252.6,75,5,3252.7,76,4,3252.8,49,2,3252.9,156,6
11536,2025-12-30 14:22:33+05:30,3250.6,81,3253.38,1537992,101763.0,128808.0,3250.0,3267.5,3239.8,3251.5,46991175,3576.6,2926.4,4322.95,2866.6,3250.5,48,3,3250.4,202,3,3250.3,90,4,3250.2,87,6,3250.1,613,10,3250.6,106,1,3251.8,21,1,3251.9,19,1,3252.0,64,3,3252.2,59,3
11536,2025-12-30 14:22:36+05:30,3250.5,22,3253.38,1537992,101763.0,128808.0,3250.0,3267.5,3239.8,3251.5,46991175,3576.6,2926.4,4322.95,2866.6,3250.5,48,3,3250.4,202,3,3250.3,90,4,3250.2,87,6,3250.1,613,10,3250.6,106,1,3251.8,21,1,3251.9,19,1,3252.0,64,3,3252.2,59,3
11536,2025-12-30 14:22:38+05:30,3252.5,3,3253.38,1540563,103163.0,126192.0,3250.0,3267.5,3239.8,3251.5,46991175,3576.6,2926.4,4322.95,2866.6,3251.2,56,3,3251.1,24,1,3251.0,32,3,3250.8,136,4,3250.7,192,2,3252.5,68,5,3252.6,23,1,3252.7,89,5,3252.8,84,4,3252.9,50,3
11536,2025-12-30 14:22:40+05:30,3251.2,20,3253.38,1540563,103163.0,126192.0,3250.0,3267.5,3239.8,3251.5,46991175,3576.6,2926.4,4322.95,2866.6,3251.2,56,3,3251.1,24,1,3251.0,32,3,3250.8,136,4,3250.7,192,2,3252.5,68,5,3252.6,23,1,3252.7,89,5,3252.8,84,4,3252.9,50,3
11536,2025-12-30 14:22:43+05:30,3252.0,1,3253.38,1540660,103514.0,126766.0,3250.0,3267.5,3239.8,3251.5,46991175,3576.6,2926.4,4322.95,2866.6,3252.0,1,1,3251.2,11,1,3251.1,61,1,3251.0,43,2,3250.8,111,3,3252.4,52,3,3252.5,100,7,3252.6,28,1,3252.7,67,3,3252.8,13,1
11536,2025-12-30 14:22:44+05:30,3252.4,1,3253.38,1540660,103514.0,126766.0,3250.0,3267.5,3239.8,3251.5,46991175,3576.6,2926.4,4322.95,2866.6,3252.0,1,1,3251.2,11,1,3251.1,61,1,3251.0,43,2,3250.8,111,3,3252.4,52,3,3252.5,100,7,3252.6,28,1,3252.7,67,3,3252.8,13,1
11536,2025-12-30 14:22:47+05:30,3251.0,7,3253.38,1541773,102312.0,127153.0,3250.0,3267.5,3239.8,3251.5,46991175,3576.6,2926.4,4322.95,2866.6,3251.1,51,2,3251.0,39,2,3250.9,21,1,3250.8,110,5,3250.7,53,5,3252.4,46,4,3252.5,43,3,3252.7,75,3,3252.8,34,2,3252.9,71,2
11536,2025-12-30 14:22:48+05:30,3252.4,3,3253.38,1541773,102312.0,127153.0,3250.0,3267.5,3239.8,3251.5,46991175,3576.6,2926.4,4322.95,2866.6,3251.1,51,2,3251.0,39,2,3250.9,21,1,3250.8,110,5,3250.7,53,5,3252.4,46,4,3252.5,43,3,3252.7,75,3,3252.8,34,2,3252.9,71,2
11536,2025-12-30 14:22:52+05:30,3252.5,1,3253.38,1542164,103770.0,126234.0,3250.0,3267.5,3239.8,3251.5,46991175,3576.6,2926.4,4322.95,2866.6,3251.5,92,7,3251.4,61,1,3251.3,39,2,3251.2,131,6,3251.1,126,7,3252.8,19,1,3252.9,28,2,3253.0,43,2,3253.1,28,3,3253.2,76,3
11536,2025-12-30 14:22:52+05:30,3252.5,1,3253.38,1542164,103770.0,126234.0,3250.0,3267.5,3239.8,3251.5,46991175,3576.6,2926.4,4322.95,2866.6,3251.5,92,7,3251.4,61,1,3251.3,39,2,3251.2,131,6,3251.1,126,7,3252.8,19,1,3252.9,28,2,3253.0,43,2,3253.1,28,3,3253.2,76,3
11536,2025-12-30 14:22:56+05:30,3252.6,1,3253.38,1542164,103770.0,126234.0,3250.0,3267.5,3239.8,3251.5,46991175,3576.6,2926.4,4322.95,2866.6,3251.5,92,7,3251.4,61,1,3251.3,39,2,3251.2,131,6,3251.1,126,7,3252.8,19,1,3252.9,28,2,3253.0,43,2,3253.1,28,3,3253.2,76,3
11536,2025-12-30 14:22:57+05:30,3252.6,1,3253.38,1542311,103655.0,126716.0,3250.0,3267.5,3239.8,3251.5,46991175,3576.6,2926.4,4322.95,2866.6,3251.6,8,1,3251.5,49,3,3251.2,34,4,3251.1,55,4,3251.0,33,3,3252.6,100,7,3252.7,13,1,3252.8,116,6,3252.9,225,6,3253.0,61,4
11536,2025-12-30 14:23:00+05:30,3251.6,9,3253.38,1542311,103655.0,126716.0,3250.0,3267.5,3239.8,3251.5,46991175,3576.6,2926.4,4322.95,2866.6,3251.6,8,1,3251.5,49,3,3251.2,34,4,3251.1,55,4,3251.0,33,3,3252.6,100,7,3252.7,13,1,3252.8,116,6,3252.9,225,6,3253.0,61,4
11536,2025-12-30 14:23:02+05:30,3252.5,2,3253.38,1542383,103704.0,126884.0,3250.0,3267.5,3239.8,3251.5,46991175,3576.6,2926.4,4322.95,2866.6,3251.6,5,1,3251.5,49,3,3251.2,34,4,3251.1,55,4,3251.0,33,3,3252.5,59,3,3252.6,44,4,3252.7,13,1,3252.8,116,6,3252.9,251,7
11536,2025-12-30 14:23:04+05:30,3252.4,46,3253.38,1542383,103704.0,126884.0,3250.0,3267.5,3239.8,3251.5,46991175,3576.6,2926.4,4322.95,2866.6,3251.6,5,1,3251.5,49,3,3251.2,34,4,3251.1,55,4,3251.0,33,3,3252.5,59,3,3252.6,44,4,3252.7,13,1,3252.8,116,6,3252.9,251,7
11536,2025-12-30 14:23:07+05:30,3251.6,1,3253.38,1543502,103223.0,123290.0,3250.0,3267.5,3239.8,3251.5,46991175,3576.6,2926.4,4322.95,2866.6,3251.4,22,3,3251.3,27,1,3251.2,111,3,3251.1,97,3,3251.0,125,4,3252.5,4,1,3252.6,45,1,3252.8,10,3,3252.9,33,2,3253.0,23,2
11536,2025-12-30 14:23:08+05:30,3251.1,4,3253.38,1543502,103223.0,123290.0,3250.0,3267.5,3239.8,3251.5,46991175,3576.6,2926.4,4322.95,2866.6,3251.4,22,3,3251.3,27,1,3251.2,111,3,3251.1,97,3,3251.0,125,4,3252.5,4,1,3252.6,45,1,3252.8,10,3,3252.9,33,2,3253.0,23,2
11536,2025-12-30 14:23:12+05:30,3251.0,15,3253.38,1543592,102964.0,123431.0,3250.0,3267.5,3239.8,3251.5,46991175,3576.6,2926.4,4322.95,2866.6,3251.1,30,2,3251.0,23,1,3250.8,21,1,3250.7,206,4,3250.6,190,5,3252.4,53,3,3252.5,98,7,3252.6,62,2,3252.7,50,2,3252.8,66,4
11536,2025-12-30 14:23:12+05:30,3251.0,15,3253.38,1543592,102964.0,123431.0,3250.0,3267.5,3239.8,3251.5,46991175,3576.6,2926.4,4322.95,2866.6,3251.1,30,2,3251.0,23,1,3250.8,21,1,3250.7,206,4,3250.6,190,5,3252.4,53,3,3252.5,98,7,3252.6,62,2,3252.7,50,2,3252.8,66,4
11536,2025-12-30 14:23:16+05:30,3251.2,1,3253.38,1543592,102964.0,123431.0,3250.0,3267.5,3239.8,3251.5,46991175,3576.6,2926.4,4322.95,2866.6,3251.1,30,2,3251.0,23,1,3250.8,21,1,3250.7,206,4,3250.6,190,5,3252.4,53,3,3252.5,98,7,3252.6,62,2,3252.7,50,2,3252.8,66,4
11536,2025-12-30 14:23:17+05:30,3251.2,1,3253.38,1543609,102003.0,123779.0,3250.0,3267.5,3239.8,3251.5,46991175,3576.6,2926.4,4322.95,2866.6,3251.2,149,6,3251.1,104,5,3251.0,108,5,3250.9,61,1,3250.8,186,6,3252.4,3,1,3252.5,31,3,3252.6,45,1,3252.8,6,3,3252.9,51,3
11536,2025-12-30 14:23:20+05:30,3251.1,1,3253.38,1543609,102003.0,123779.0,3250.0,3267.5,3239.8,3251.5,46991175,3576.6,2926.4,4322.95,2866.6,3251.2,149,6,3251.1,104,5,3251.0,108,5,3250.9,61,1,3250.8,186,6,3252.4,3,1,3252.5,31,3,3252.6,45,1,3252.8,6,3,3252.9,51,3
11536,2025-12-30 14:23:21+05:30,3251.1,1,3253.37,1544755,103544.0,124817.0,3250.0,3267.5,3239.8,3251.5,46991175,3576.6,2926.4,4322.95,2866.6,3251.0,2,1,3250.9,80,5,3250.8,30,2,3250.7,26,3,3250.6,233,6,3251.2,1,1,3252.1,44,1,3252.2,60,2,3252.3,80,2,3252.4,90,6
11536,2025-12-30 14:23:24+05:30,3252.3,1,3253.37,1544755,103544.0,124817.0,3250.0,3267.5,3239.8,3251.5,46991175,3576.6,2926.4,4322.95,2866.6,3251.0,2,1,3250.9,80,5,3250.8,30,2,3250.7,26,3,3250.6,233,6,3251.2,1,1,3252.1,44,1,3252.2,60,2,3252.3,80,2,3252.4,90,6
11536,2025-12-30 14:23:26+05:30,3251.0,1,3253.37,1544942,103023.0,125114.0,3250.0,3267.5,3239.8,3251.5,46991175,3576.6,2926.4,4322.95,2866.6,3251.0,57,3,3250.9,33,3,3250.7,4,2,3250.6,58,5,3250.5,326,6,3251.2,15,1,3252.3,89,3,3252.4,117,6,3252.5,22,2,3252.6,139,5
11536,2025-12-30 14:23:28+05:30,3252.7,3,3253.37,1545786,104356.0,124694.0,3250.0,3267.5,3239.8,3251.5,46991175,3576.6,2926.4,4322.95,2866.6,3251.2,23,1,3251.1,23,1,3251.0,132,6,3250.9,97,5,3250.8,84,5,3251.4,1,1,3252.7,97,5,3252.8,16,1,3252.9,254,4,3253.0,138,4
11536,2025-12-30 14:23:28+05:30,3252.7,3,3253.37,1545786,104356.0,124694.0,3250.0,3267.5,3239.8,3251.5,46991175,3576.6,2926.4,4322.95,2866.6,3251.2,23,1,3251.1,23,1,3251.0,132,6,3250.9,97,5,3250.8,84,5,3251.4,1,1,3252.7,97,5,3252.8,16,1,3252.9,254,4,3253.0,138,4
11536,2025-12-30 14:23:29+05:30,3252.7,3,3253.37,1545786,103893.0,125181.0,3250.0,3267.5,3239.8,3251.5,46991175,3576.6,2926.4,4322.95,2866.6,3251.1,56,3,3251.0,112,5,3250.9,36,4,3250.8,83,4,3250.7,77,5,3251.2,4,1,3251.4,16,2,3252.6,186,2,3252.7,87,4,3252.8,150,5
11536,2025-12-30 14:23:29+05:30,3251.2,1,3253.37,1545786,103893.0,125181.0,3250.0,3267.5,3239.8,3251.5,46991175,3576.6,2926.4,4322.95,2866.6,3251.1,56,3,3251.0,112,5,3250.9,36,4,3250.8,83,4,3250.7,77,5,3251.2,4,1,3251.4,16,2,3252.6,186,2,3252.7,87,4,3252.8,150,5
11536,2025-12-30 14:23:30+05:30,3251.2,1,3253.37,1545787,103840.0,125134.0,3250.0,3267.5,3239.8,3251.5,46991175,3576.6,2926.4,4322.95,2866.6,3251.1,23,1,3251.0,58,2,3250.9,19,3,3250.8,64,3,3250.7,31,4,3251.2,3,1,3251.4,16,2,3252.6,82,2,3252.7,257,5,3252.8,150,5
11536,2025-12-30 14:23:31+05:30,3251.2,1,3253.37,1545791,101674.0,124770.0,3250.0,3267.5,3239.8,3251.5,46991175,3576.6,2926.4,4322.95,2866.6,3251.1,23,1,3251.0,58,2,3250.9,19,3,3250.8,90,4,3250.7,55,4,3251.2,3,1,3251.4,16,2,3252.6,82,2,3252.7,300,6,3252.8,150,5
11536,2025-12-30 14:23:31+05:30,3251.2,2,3253.37,1545791,101674.0,124770.0,3250.0,3267.5,3239.8,3251.5,46991175,3576.6,2926.4,4322.95,2866.6,3251.1,23,1,3251.0,58,2,3250.9,19,3,3250.8,90,4,3250.7,55,4,3251.2,3,1,3251.4,16,2,3252.6,82,2,3252.7,300,6,3252.8,150,5
11536,2025-12-30 14:23:32+05:30,3251.1,11,3253.37,1545827,103391.0,125016.0,3250.0,3267.5,3239.8,3251.5,46991175,3576.6,2926.4,4322.95,2866.6,3251.1,35,1,3251.0,68,3,3250.9,19,3,3250.8,90,4,3250.7,55,4,3251.4,16,2,3252.4,61,1,3252.6,107,3,3252.7,130,5,3252.8,125,4
11536,2025-12-30 14:23:32+05:30,3250.7,67,3253.37,1545827,103391.0,125016.0,3250.0,3267.5,3239.8,3251.5,46991175,3576.6,2926.4,4322.95,2866.6,3251.1,35,1,3251.0,68,3,3250.9,19,3,3250.8,90,4,3250.7,55,4,3251.4,16,2,3252.4,61,1,3252.6,107,3,3252.7,130,5,3252.8,125,4
11536,2025-12-30 14:23:33+05:30,3250.7,67,3253.37,1546885,102722.0,125154.0,3250.0,3267.5,3239.8,3251.5,46991175,3576.6,2926.4,4322.95,2866.6,3250.6,135,10,3250.5,238,4,3250.4,45,5,3250.3,81,3,3250.2,194,11,3251.1,1,1,3251.4,15,1,3252.4,122,3,3252.5,61,1,3252.6,92,3
11536,2025-12-30 14:23:34+05:30,3251.4,15,3253.37,1546904,103092.0,126433.0,3250.0,3267.5,3239.8,3251.5,46991175,3576.6,2926.4,4322.95,2866.6,3251.4,5,1,3251.2,3,1,3250.8,82,2,3250.7,126,4,3250.6,85,6,3252.1,46,2,3252.2,37,2,3252.3,17,1,3252.4,60,2,3252.6,32,2
11536,2025-12-30 14:23:34+05:30,3251.4,15,3253.37,1546904,103092.0,126433.0,3250.0,3267.5,3239.8,3251.5,46991175,3576.6,2926.4,4322.95,2866.6,3251.4,5,1,3251.2,3,1,3250.8,82,2,3250.7,126,4,3250.6,85,6,3252.1,46,2,3252.2,37,2,3252.3,17,1,3252.4,60,2,3252.6,32,2
11536,2025-12-30 14:23:35+05:30,3252.1,1,3253.37,1546905,103259.0,126516.0,3250.0,3267.5,3239.8,3251.5,46991175,3576.6,2926.4,4322.95,2866.6,3251.4,5,1,3251.2,3,1,3251.0,20,1,3250.8,82,2,3250.7,126,4,3252.1,64,3,3252.2,30,2,3252.4,55,2,3252.6,21,1,3252.7,71,4
11536,2025-12-30 14:23:35+05:30,3252.0,16,3253.37,1546905,103259.0,126516.0,3250.0,3267.5,3239.8,3251.5,46991175,3576.6,2926.4,4322.95,2866.6,3251.4,5,1,3251.2,3,1,3251.0,20,1,3250.8,82,2,3250.7,126,4,3252.1,64,3,3252.2,30,2,3252.4,55,2,3252.6,21,1,3252.7,71,4
11536,2025-12-30 14:23:36+05:30,3252.0,1,3253.37,1546922,101405.0,125860.0,3250.0,3267.5,3239.8,3251.5,46991175,3576.6,2926.4,4322.95,2866.6,3252.0,15,1,3251.4,5,1,3251.2,21,1,3251.1,20,1,3251.0,81,2,3252.1,41,2,3252.2,10,1,3252.6,23,1,3252.7,62,3,3252.8,31,1
11536,2025-12-30 14:23:36+05:30,3252.1,1,3253.37,1546922,101405.0,125860.0,3250.0,3267.5,3239.8,3251.5,46991175,3576.6,2926.4,4322.95,2866.6,3252.0,15,1,3251.4,5,1,3251.2,21,1,3251.1,20,1,3251.0,81,2,3252.1,41,2,3252.2,10,1,3252.6,23,1,3252.7,62,3,3252.8,31,1
11536,2025-12-30 14:23:37+05:30,3252.0,1,3253.37,1546924,102710.0,125937.0,3250.0,3267.5,3239.8,3251.5,46991175,3576.6,2926.4,4322.95,2866.6,3252.0,14,1,3251.4,5,1,3251.2,21,1,3251.0,81,2,3250.9,61,1,3252.1,40,2,3252.2,10,1,3252.3,14,1,3252.5,40,1,3252.6,53,3
11536,2025-12-30 14:23:37+05:30,3252.0,14,3253.37,1546924,102710.0,125937.0,3250.0,3267.5,3239.8,3251.5,46991175,3576.6,2926.4,4322.95,2866.6,3252.0,14,1,3251.4,5,1,3251.2,21,1,3251.0,81,2,3250.9,61,1,3252.1,40,2,3252.2,10,1,3252.3,14,1,3252.5,40,1,3252.6,53,3
11536,2025-12-30 14:23:38+05:30,3252.0,15,3253.37,1546982,102624.0,126069.0,3250.0,3267.5,3239.8,3251.5,46991175,3576.6,2926.4,4322.95,2866.6,3252.0,2,2,3251.2,21,1,3251.0,81,2,3250.9,104,2,3250.8,64,2,3252.1,39,3,3252.2,23,2,3252.3,17,1,3252.4,36,2,3252.5,60,2
11536,2025-12-30 14:23:38+05:30,3252.0,15,3253.37,1546982,102624.0,126069.0,3250.0,3267.5,3239.8,3251.5,46991175,3576.6,2926.4,4322.95,2866.6,3252.0,2,2,3251.2,21,1,3251.0,81,2,3250.9,104,2,3250.8,64,2,3252.1,39,3,3252.2,23,2,3252.3,17,1,3252.4,36,2,3252.5,60,2
11536,2025-12-30 14:23:39+05:30,3252.0,1,3253.37,1547035,102503.0,126139.0,3250.0,3267.5,3239.8,3251.5,46991175,3576.6,2926.4,4322.95,2866.6,3252.0,16,1,3251.2,21,1,3251.0,23,2,3250.9,104,2,3250.8,64,2,3252.1,49,4,3252.2,23,2,3252.3,31,2,3252.4,36,2,3252.5,60,2
11536,2025-12-30 14:23:39+05:30,3252.0,1,3253.37,1547035,102503.0,126139.0,3250.0,3267.5,3239.8,3251.5,46991175,3576.6,2926.4,4322.95,2866.6,3252.0,16,1,3251.2,21,1,3251.0,23,2,3250.9,104,2,3250.8,64,2,3252.1,49,4,3252.2,23,2,3252.3,31,2,3252.4,36,2,3252.5,60,2
11536,2025-12-30 14:23:40+05:30,3252.0,1,3253.37,1547035,102546.0,126236.0,3250.0,3267.5,3239.8,3251.5,46991175,3576.6,2926.4,4322.95,2866.6,3252.0,16,1,3251.2,21,1,3251.0,23,2,3250.9,104,2,3250.8,64,2,3252.1,47,4,3252.2,23,2,3252.3,17,1,3252.4,36,2,3252.5,60,2
11536,2025-12-30 14:23:41+05:30,3252.0,1,3253.37,1547035,102722.0,126196.0,3250.0,3267.5,3239.8,3251.5,46991175,3576.6,2926.4,4322.95,2866.6,3252.0,16,1,3251.2,21,1,3251.0,23,2,3250.9,260,3,3250.8,81,3,3252.1,24,3,3252.2,10,1,3252.4,39,2,3252.5,40,1,3252.6,19,2
11536,2025-12-30 14:23:41+05:30,3252.0,1,3253.37,1547035,102722.0,126196.0,3250.0,3267.5,3239.8,3251.5,46991175,3576.6,2926.4,4322.95,2866.6,3252.0,16,1,3251.2,21,1,3251.0,23,2,3250.9,260,3,3250.8,81,3,3252.1,24,3,3252.2,10,1,3252.4,39,2,3252.5,40,1,3252.6,19,2
11536,2025-12-30 14:23:42+05:30,3252.0,1,3253.37,1547035,102838.0,126159.0,3250.0,3267.5,3239.8,3251.5,46991175,3576.6,2926.4,4322.95,2866.6,3252.0,16,1,3251.2,21,1,3251.0,23,2,3250.9,260,3,3250.8,240,5,3252.1,16,2,3252.2,33,2,3252.3,14,1,3252.4,16,1,3252.5,40,1
11536,2025-12-30 14:23:42+05:30,3252.1,3,3253.37,1547035,102838.0,126159.0,3250.0,3267.5,3239.8,3251.5,46991175,3576.6,2926.4,4322.95,2866.6,3252.0,16,1,3251.2,21,1,3251.0,23,2,3250.9,260,3,3250.8,240,5,3252.1,16,2,3252.2,33,2,3252.3,14,1,3252.4,16,1,3252.5,40,1
11536,2025-12-30 14:23:43+05:30,3252.1,3,3253.37,1547035,102838.0,126159.0,3250.0,3267.5,3239.8,3251.5,46991175,3576.6,2926.4,4322.95,2866.6,3252.0,16,1,3251.2,21,1,3251.0,23,2,3250.9,260,3,3250.8,240,5,3252.1,16,2,3252.2,33,2,3252.3,14,1,3252.4,16,1,3252.5,40,1
11536,2025-12-30 14:23:43+05:30,3252.0,16,3253.37,1547087,103358.0,126113.0,3250.0,3267.5,3239.8,3251.5,46991175,3576.6,2926.4,4322.95,2866.6,3252.0,8,1,3251.2,21,1,3251.1,61,1,3251.0,240,4,3250.9,199,2,3252.1,41,4,3252.2,10,1,3252.4,16,1,3252.5,40,1,3252.6,19,2
11536,2025-12-30 14:23:43+05:30,3252.0,16,3253.37,1547087,103358.0,126113.0,3250.0,3267.5,3239.8,3251.5,46991175,3576.6,2926.4,4322.95,2866.6,3252.0,8,1,3251.2,21,1,3251.1,61,1,3251.0,240,4,3250.9,199,2,3252.1,41,4,3252.2,10,1,3252.4,16,1,3252.5,40,1,3252.6,19,2
11536,2025-12-30 14:23:44+05:30,3252.0,16,3253.37,1547087,103358.0,126101.0,3250.0,3267.5,3239.8,3251.5,46991175,3576.6,2926.4,4322.95,2866.6,3252.0,8,1,3251.2,21,1,3251.1,61,1,3251.0,240,4,3250.9,199,2,3252.1,44,4,3252.2,10,1,3252.4,16,1,3252.5,40,1,3252.6,29,3
11536,2025-12-30 14:23:44+05:30,3252.0,16,3253.37,1547087,103358.0,126101.0,3250.0,3267.5,3239.8,3251.5,46991175,3576.6,2926.4,4322.95,2866.6,3252.0,8,1,3251.2,21,1,3251.1,61,1,3251.0,240,4,3250.9,199,2,3252.1,44,4,3252.2,10,1,3252.4,16,1,3252.5,40,1,3252.6,29,3
11536,2025-12-30 14:23:45+05:30,3252.0,16,3253.37,1547087,103358.0,126101.0,3250.0,3267.5,3239.8,3251.5,46991175,3576.6,2926.4,4322.95,2866.6,3252.0,8,1,3251.2,21,1,3251.1,61,1,3251.0,240,4,3250.9,199,2,3252.1,44,4,3252.2,10,1,3252.4,16,1,3252.5,40,1,3252.6,29,3
11536,2025-12-30 14:23:45+05:30,3252.1,44,3253.37,1547175,103817.0,125778.0,3250.0,3267.5,3239.8,3251.5,46991175,3576.6,2926.4,4322.95,2866.6,3252.1,1,1,3252.0,8,1,3251.3,10,1,3251.2,82,2,3251.1,243,3,3252.4,16,1,3252.6,36,2,3252.7,38,2,3252.8,58,2,3252.9,136,6
11536,2025-12-30 14:23:45+05:30,3252.1,44,3253.37,1547175,103817.0,125778.0,3250.0,3267.5,3239.8,3251.5,46991175,3576.6,2926.4,4322.95,2866.6,3252.1,1,1,3252.0,8,1,3251.3,10,1,3251.2,82,2,3251.1,243,3,3252.4,16,1,3252.6,36,2,3252.7,38,2,3252.8,58,2,3252.9,136,6
11536,2025-12-30 14:23:46+05:30,3252.1,44,3253.37,1547175,103817.0,125778.0,3250.0,3267.5,3239.8,3251.5,46991175,3576.6,2926.4,4322.95,2866.6,3252.1,1,1,3252.0,8,1,3251.3,10,1,3251.2,82,2,3251.1,243,3,3252.4,16,1,3252.6,36,2,3252.7,38,2,3252.8,58,2,3252.9,136,6
11536,2025-12-30 14:23:46+05:30,3252.4,1,3253.37,1547176,103779.0,125777.0,3250.0,3267.5,3239.8,3251.5,46991175,3576.6,2926.4,4322.95,2866.6,3252.1,1,1,3252.0,8,1,3251.3,10,1,3251.2,82,2,3251.1,246,4,3252.4,15,1,3252.6,36,2,3252.7,38,2,3252.8,58,2,3252.9,136,6
11536,2025-12-30 14:23:46+05:30,3252.4,1,3253.37,1547176,103779.0,125777.0,3250.0,3267.5,3239.8,3251.5,46991175,3576.6,2926.4,4322.95,2866.6,3252.1,1,1,3252.0,8,1,3251.3,10,1,3251.2,82,2,3251.1,246,4,3252.4,15,1,3252.6,36,2,3252.7,38,2,3252.8,58,2,3252.9,136,6
11536,2025-12-30 14:23:47+05:30,3252.4,1,3253.37,1547176,103779.0,125777.0,3250.0,3267.5,3239.8,3251.5,46991175,3576.6,2926.4,4322.95,2866.6,3252.1,1,1,3252.0,8,1,3251.3,10,1,3251.2,82,2,3251.1,246,4,3252.4,15,1,3252.6,36,2,3252.7,38,2,3252.8,58,2,3252.9,136,6
11536,2025-12-30 14:23:47+05:30,3252.4,1,3253.37,1547176,104013.0,125799.0,3250.0,3267.5,3239.8,3251.5,46991175,3576.6,2926.4,4322.95,2866.6,3252.1,2,2,3252.0,10,2,3251.4,1,1,3251.3,71,2,3251.2,260,5,3252.4,15,1,3252.6,36,2,3252.7,38,2,3252.8,58,2,3252.9,136,6
11536,2025-12-30 14:23:47+05:30,3251.2,39,3253.37,1547176,104013.0,125799.0,3250.0,3267.5,3239.8,3251.5,46991175,3576.6,2926.4,4322.95,2866.6,3252.1,2,2,3252.0,10,2,3251.4,1,1,3251.3,71,2,3251.2,260,5,3252.4,15,1,3252.6,36,2,3252.7,38,2,3252.8,58,2,3252.9,136,6
11536,2025-12-30 14:23:48+05:30,3251.2,39,3253.37,1547176,104013.0,125799.0,3250.0,3267.5,3239.8,3251.5,46991175,3576.6,2926.4,4322.95,2866.6,3252.1,2,2,3252.0,10,2,3251.4,1,1,3251.3,71,2,3251.2,260,5,3252.4,15,1,3252.6,36,2,3252.7,38,2,3252.8,58,2,3252.9,136,6
11536,2025-12-30 14:23:48+05:30,3251.2,158,3253.37,1548235,102815.0,124813.0,3250.0,3267.5,3239.8,3251.5,46991175,3576.6,2926.4,4322.95,2866.6,3252.1,51,1,3251.3,50,2,3251.2,67,4,3251.1,494,11,3251.0,266,7,3252.4,15,1,3252.9,82,3,3253.0,50,3,3253.1,3,1,3253.2,40,1
11536,2025-12-30 14:23:48+05:30,3251.2,158,3253.37,1548235,102815.0,124813.0,3250.0,3267.5,3239.8,3251.5,46991175,3576.6,2926.4,4322.95,2866.6,3252.1,51,1,3251.3,50,2,3251.2,67,4,3251.1,494,11,3251.0,266,7,3252.4,15,1,3252.9,82,3,3253.0,50,3,3253.1,3,1,3253.2,40,1
11536,2025-12-30 14:23:49+05:30,3251.2,158,3253.37,1548235,102815.0,124813.0,3250.0,3267.5,3239.8,3251.5,46991175,3576.6,2926.4,4322.95,2866.6,3252.1,51,1,3251.3,50,2,3251.2,67,4,3251.1,494,11,3251.0,266,7,3252.4,15,1,3252.9,82,3,3253.0,50,3,3253.1,3,1,3253.2,40,1
11536,2025-12-30 14:23:49+05:30,3252.4,15,3253.37,1548290,104100.0,124363.0,3250.0,3267.5,3239.8,3251.5,46991175,3576.6,2926.4,4322.95,2866.6,3252.4,7,2,3252.1,11,1,3252.0,2,1,3251.7,3,1,3251.6,21,1,3252.9,71,4,3253.0,44,3,3253.2,87,4,3253.3,3,1,3253.4,19,2
11536,2025-12-30 14:23:49+05:30,3252.4,15,3253.37,1548290,104100.0,124363.0,3250.0,3267.5,3239.8,3251.5,46991175,3576.6,2926.4,4322.95,2866.6,3252.4,7,2,3252.1,11,1,3252.0,2,1,3251.7,3,1,3251.6,21,1,3252.9,71,4,3253.0,44,3,3253.2,87,4,3253.3,3,1,3253.4,19,2
11536,2025-12-30 14:23:50+05:30,3252.4,15,3253.37,1548290,104100.0,124363.0,3250.0,3267.5,3239.8,3251.5,46991175,3576.6,2926.4,4322.95,2866.6,3252.4,7,2,3252.1,11,1,3252.0,2,1,3251.7,3,1,3251.6,21,1,3252.9,71,4,3253.0,44,3,3253.2,87,4,3253.3,3,1,3253.4,19,2
11536,2025-12-30 14:23:50+05:30,3252.4,15,3253.37,1548290,104027.0,124410.0,3250.0,3267.5,3239.8,3251.5,46991175,3576.6,2926.4,4322.95,2866.6,3252.4,7,2,3252.1,11,1,3252.0,2,1,3251.8,21,1,3251.7,3,1,3252.9,58,3,3253.0,27,2,3253.1,16,1,3253.2,88,4,3253.3,22,2
11536,2025-12-30 14:23:51+05:30,3252.4,15,3253.37,1548290,104027.0,124410.0,3250.0,3267.5,3239.8,3251.5,46991175,3576.6,2926.4,4322.95,2866.6,3252.4,7,2,3252.1,11,1,3252.0,2,1,3251.8,21,1,3251.7,3,1,3252.9,58,3,3253.0,27,2,3253.1,16,1,3253.2,88,4,3253.3,22,2
11536,2025-12-30 14:23:51+05:30,3252.4,1,3253.37,1548292,104131.0,124410.0,3250.0,3267.5,3239.8,3251.5,46991175,3576.6,2926.4,4322.95,2866.6,3252.4,5,2,3252.1,11,1,3252.0,2,1,3251.8,21,1,3251.7,3,1,3252.9,58,3,3253.0,27,2,3253.1,16,1,3253.2,88,4,3253.3,22,2
11536,2025-12-30 14:23:51+05:30,3252.9,3,3253.37,1548292,104131.0,124410.0,3250.0,3267.5,3239.8,3251.5,46991175,3576.6,2926.4,4322.95,2866.6,3252.4,5,2,3252.1,11,1,3252.0,2,1,3251.8,21,1,3251.7,3,1,3252.9,58,3,3253.0,27,2,3253.1,16,1,3253.2,88,4,3253.3,22,2
11536,2025-12-30 14:23:51+05:30,3252.9,3,3253.37,1548292,104131.0,124410.0,3250.0,3267.5,3239.8,3251.5,46991175,3576.6,2926.4,4322.95,2866.6,3252.4,5,2,3252.1,11,1,3252.0,2,1,3251.8,21,1,3251.7,3,1,3252.9,58,3,3253.0,27,2,3253.1,16,1,3253.2,88,4,3253.3,22,2
11536,2025-12-30 14:23:52+05:30,3252.4,1,3253.37,1548508,104147.0,124811.0,3250.0,3267.5,3239.8,3251.5,46991175,3576.6,2926.4,4322.95,2866.6,3252.4,1,1,3252.1,11,1,3252.0,2,1,3251.8,21,1,3251.6,21,1,3252.9,82,5,3253.0,46,2,3253.1,19,2,3253.2,41,3,3253.3,16,1
11536,2025-12-30 14:23:52+05:30,3252.4,1,3253.37,1548508,104147.0,124811.0,3250.0,3267.5,3239.8,3251.5,46991175,3576.6,2926.4,4322.95,2866.6,3252.4,1,1,3252.1,11,1,3252.0,2,1,3251.8,21,1,3251.6,21,1,3252.9,82,5,3253.0,46,2,3253.1,19,2,3253.2,41,3,3253.3,16,1
11536,2025-12-30 14:23:53+05:30,3252.4,1,3253.37,1548508,104147.0,124811.0,3250.0,3267.5,3239.8,3251.5,46991175,3576.6,2926.4,4322.95,2866.6,3252.4,1,1,3252.1,11,1,3252.0,2,1,3251.8,21,1,3251.6,21,1,3252.9,82,5,3253.0,46,2,3253.1,19,2,3253.2,41,3,3253.3,16,1
11536,2025-12-30 14:23:53+05:30,3252.9,3,3253.37,1548511,104109.0,124588.0,3250.0,3267.5,3239.8,3251.5,46991175,3576.6,2926.4,4322.95,2866.6,3252.4,1,1,3252.1,11,1,3252.0,2,1,3251.8,24,2,3251.6,21,1,3252.9,79,5,3253.0,10,1,3253.1,9,1,3253.2,41,3,3253.3,16,1
11536,2025-12-30 14:23:53+05:30,3252.9,1,3253.37,1548511,104109.0,124588.0,3250.0,3267.5,3239.8,3251.5,46991175,3576.6,2926.4,4322.95,2866.6,3252.4,1,1,3252.1,11,1,3252.0,2,1,3251.8,24,2,3251.6,21,1,3252.9,79,5,3253.0,10,1,3253.1,9,1,3253.2,41,3,3253.3,16,1
11536,2025-12-30 14:23:54+05:30,3252.4,1,3253.37,1548513,103827.0,125325.0,3250.0,3267.5,3239.8,3251.5,46991175,3576.6,2926.4,4322.95,2866.6,3252.4,2,1,3252.1,11,1,3252.0,2,1,3251.8,24,2,3251.6,21,1,3252.9,66,3,3253.0,10,1,3253.1,11,1,3253.2,14,1,3253.3,40,3
11536,2025-12-30 14:23:54+05:30,3252.4,1,3253.37,1548513,103827.0,125325.0,3250.0,3267.5,3239.8,3251.5,46991175,3576.6,2926.4,4322.95,2866.6,3252.4,2,1,3252.1,11,1,3252.0,2,1,3251.8,24,2,3251.6,21,1,3252.9,66,3,3253.0,10,1,3253.1,11,1,3253.2,14,1,3253.3,40,3
11536,2025-12-30 14:23:55+05:30,3252.9,1,3253.37,1548514,103881.0,125136.0,3250.0,3267.5,3239.8,3251.5,46991175,3576.6,2926.4,4322.95,2866.6,3252.4,2,1,3252.1,11,1,3252.0,2,1,3251.8,24,2,3251.6,21,1,3252.9,49,3,3253.0,10,1,3253.2,38,2,3253.3,40,3,3253.4,100,5
11536,2025-12-30 14:23:55+05:30,3252.9,1,3253.37,1548514,103881.0,125136.0,3250.0,3267.5,3239.8,3251.5,46991175,3576.6,2926.4,4322.95,2866.6,3252.4,2,1,3252.1,11,1,3252.0,2,1,3251.8,24,2,3251.6,21,1,3252.9,49,3,3253.0,10,1,3253.2,38,2,3253.3,40,3,3253.4,100,5
11536,2025-12-30 14:23:55+05:30,3252.9,1,3253.37,1548514,103881.0,125136.0,3250.0,3267.5,3239.8,3251.5,46991175,3576.6,2926.4,4322.95,2866.6,3252.4,2,1,3252.1,11,1,3252.0,2,1,3251.8,24,2,3251.6,21,1,3252.9,49,3,3253.0,10,1,3253.2,38,2,3253.3,40,3,3253.4,100,5
11536,2025-12-30 14:23:56+05:30,3252.9,10,3253.37,1548524,103881.0,125200.0,3250.0,3267.5,3239.8,3251.5,46991175,3576.6,2926.4,4322.95,2866.6,3252.4,2,1,3252.1,11,1,3252.0,2,1,3251.8,24,2,3251.6,21,1,3252.9,31,2,3253.0,34,2,3253.1,11,1,3253.2,28,2,3253.3,40,3
11536,2025-12-30 14:23:56+05:30,3252.9,10,3253.37,1548524,103881.0,125200.0,3250.0,3267.5,3239.8,3251.5,46991175,3576.6,2926.4,4322.95,2866.6,3252.4,2,1,3252.1,11,1,3252.0,2,1,3251.8,24,2,3251.6,21,1,3252.9,31,2,3253.0,34,2,3253.1,11,1,3253.2,28,2,3253.3,40,3
11536,2025-12-30 14:23:57+05:30,3252.9,10,3253.37,1548524,103881.0,125200.0,3250.0,3267.5,3239.8,3251.5,46991175,3576.6,2926.4,4322.95,2866.6,3252.4,2,1,3252.1,11,1,3252.0,2,1,3251.8,24,2,3251.6,21,1,3252.9,31,2,3253.0,34,2,3253.1,11,1,3253.2,28,2,3253.3,40,3
11536,2025-12-30 14:23:57+05:30,3252.4,49,3253.37,1548579,103659.0,125218.0,3250.0,3267.5,3239.8,3251.5,46991175,3576.6,2926.4,4322.95,2866.6,3252.4,2,1,3252.1,11,1,3252.0,5,2,3251.8,24,2,3251.6,21,1,3252.9,34,3,3253.0,34,2,3253.1,11,1,3253.2,29,2,3253.3,40,3
11536,2025-12-30 14:23:57+05:30,3252.4,49,3253.37,1548579,103659.0,125218.0,3250.0,3267.5,3239.8,3251.5,46991175,3576.6,2926.4,4322.95,2866.6,3252.4,2,1,3252.1,11,1,3252.0,5,2,3251.8,24,2,3251.6,21,1,3252.9,34,3,3253.0,34,2,3253.1,11,1,3253.2,29,2,3253.3,40,3
11536,2025-12-30 14:23:58+05:30,3252.4,2,3253.37,1548581,103849.0,125226.0,3250.0,3267.5,3239.8,3251.5,46991175,3576.6,2926.4,4322.95,2866.6,3252.4,3,2,3252.2,10,1,3252.1,11,1,3252.0,5,2,3251.8,24,2,3252.9,58,4,3253.0,10,1,3253.1,11,1,3253.2,29,2,3253.3,40,3
11536,2025-12-30 14:23:58+05:30,3252.4,2,3253.37,1548581,103849.0,125226.0,3250.0,3267.5,3239.8,3251.5,46991175,3576.6,2926.4,4322.95,2866.6,3252.4,3,2,3252.2,10,1,3252.1,11,1,3252.0,5,2,3251.8,24,2,3252.9,58,4,3253.0,10,1,3253.1,11,1,3253.2,29,2,3253.3,40,3
11536,2025-12-30 14:23:59+05:30,3252.4,2,3253.37,1548581,103849.0,125226.0,3250.0,3267.5,3239.8,3251.5,46991175,3576.6,2926.4,4322.95,2866.6,3252.4,3,2,3252.2,10,1,3252.1,11,1,3252.0,5,2,3251.8,24,2,3252.9,58,4,3253.0,10,1,3253.1,11,1,3253.2,29,2,3253.3,40,3
11536,2025-12-30 14:23:59+05:30,3252.4,26,3253.37,1548615,103719.0,125673.0,3250.0,3267.5,3239.8,3251.5,46991175,3576.6,2926.4,4322.95,2866.6,3252.1,11,1,3252.0,5,2,3251.9,9,1,3251.8,3,1,3251.7,24,1,3252.4,4,1,3252.9,51,3,3253.0,2,1,3253.1,11,1,3253.2,38,4
11536,2025-12-30 14:23:59+05:30,3252.4,26,3253.37,1548615,103719.0,125673.0,3250.0,3267.5,3239.8,3251.5,46991175,3576.6,2926.4,4322.95,2866.6,3252.1,11,1,3252.0,5,2,3251.9,9,1,3251.8,3,1,3251.7,24,1,3252.4,4,1,3252.9,51,3,3253.0,2,1,3253.1,11,1,3253.2,38,4
11536,2025-12-30 14:24:00+05:30,3252.1,1,3253.37,1548617,103670.0,125673.0,3250.0,3267.5,3239.8,3251.5,46991175,3576.6,2926.4,4322.95,2866.6,3252.1,9,1,3252.0,5,2,3251.9,9,1,3251.8,3,1,3251.6,33,2,3252.4,18,2,3252.9,37,2,3253.0,2,1,3253.1,11,1,3253.2,38,4
11536,2025-12-30 14:24:00+05:30,3252.1,1,3253.37,1548617,103670.0,125673.0,3250.0,3267.5,3239.8,3251.5,46991175,3576.6,2926.4,4322.95,2866.6,3252.1,9,1,3252.0,5,2,3251.9,9,1,3251.8,3,1,3251.6,33,2,3252.4,18,2,3252.9,37,2,3253.0,2,1,3253.1,11,1,3253.2,38,4
11536,2025-12-30 14:24:00+05:30,3252.1,1,3253.37,1548617,103670.0,125673.0,3250.0,3267.5,3239.8,3251.5,46991175,3576.6,2926.4,4322.95,2866.6,3252.1,9,1,3252.0,5,2,3251.9,9,1,3251.8,3,1,3251.6,33,2,3252.4,18,2,3252.9,37,2,3253.0,2,1,3253.1,11,1,3253.2,38,4
11536,2025-12-30 14:24:01+05:30,3251.9,77,3253.37,1548617,103670.0,125673.0,3250.0,3267.5,3239.8,3251.5,46991175,3576.6,2926.4,4322.95,2866.6,3252.1,9,1,3252.0,5,2,3251.9,9,1,3251.8,3,1,3251.6,33,2,3252.4,18,2,3252.9,37,2,3253.0,2,1,3253.1,11,1,3253.2,38,4
11536,2025-12-30 14:24:01+05:30,3251.9,77,3253.37,1548718,103286.0,125834.0,3250.0,3267.5,3239.8,3251.5,46991175,3576.6,2926.4,4322.95,2866.6,3251.9,9,1,3251.8,3,1,3251.6,33,2,3251.4,22,1,3251.3,177,2,3252.4,17,2,3252.8,36,2,3252.9,13,1,3253.0,42,2,3253.1,11,1
11536,2025-12-30 14:24:02+05:30,3251.9,77,3253.37,1548718,103286.0,125834.0,3250.0,3267.5,3239.8,3251.5,47007975,3576.6,2926.4,4322.95,2866.6,3251.9,9,1,3251.8,3,1,3251.6,33,2,3251.4,22,1,3251.3,177,2,3252.4,17,2,3252.8,36,2,3252.9,13,1,3253.0,42,2,3253.1,11,1
11536,2025-12-30 14:24:02+05:30,3251.6,106,3253.37,1548718,103286.0,125834.0,3250.0,3267.5,3239.8,3251.5,47007975,3576.6,2926.4,4322.95,2866.6,3251.9,9,1,3251.8,3,1,3251.6,33,2,3251.4,22,1,3251.3,177,2,3252.4,17,2,3252.8,36,2,3252.9,13,1,3253.0,42,2,3253.1,11,1
11536,2025-12-30 14:24:02+05:30,3251.6,106,3253.37,1548914,101782.0,126872.0,3250.0,3267.5,3239.8,3251.5,47007975,3576.6,2926.4,4322.95,2866.6,3251.3,177,2,3251.2,13,1,3251.1,21,2,3251.0,55,4,3250.9,91,4,3251.6,106,1,3252.4,32,2,3252.6,3,1,3252.7,50,2,3252.8,51,3
11536,2025-12-30 14:24:03+05:30,3251.6,106,3253.37,1548914,102520.0,126693.0,3250.0,3267.5,3239.8,3251.5,47007975,3576.6,2926.4,4322.95,2866.6,3251.3,2,1,3251.2,13,1,3251.1,2,1,3251.0,38,3,3250.9,114,5,3251.6,120,2,3252.4,2,1,3252.5,3,1,3252.6,5,2,3252.7,96,3
11536,2025-12-30 14:24:04+05:30,3251.6,46,3253.37,1548960,101928.0,127173.0,3250.0,3267.5,3239.8,3251.5,47007975,3576.6,2926.4,4322.95,2866.6,3251.3,2,1,3251.2,13,1,3251.1,2,1,3251.0,11,2,3250.9,88,4,3251.6,74,2,3252.4,2,1,3252.5,43,2,3252.6,5,2,3252.7,96,3
11536,2025-12-30 14:24:04+05:30,3251.6,46,3253.37,1548960,101928.0,127173.0,3250.0,3267.5,3239.8,3251.5,47007975,3576.6,2926.4,4322.95,2866.6,3251.3,2,1,3251.2,13,1,3251.1,2,1,3251.0,11,2,3250.9,88,4,3251.6,74,2,3252.4,2,1,3252.5,43,2,3252.6,5,2,3252.7,96,3
11536,2025-12-30 14:24:05+05:30,3251.3,13,3253.37,1548960,101928.0,127173.0,3250.0,3267.5,3239.8,3251.5,47007975,3576.6,2926.4,4322.95,2866.6,3251.3,2,1,3251.2,13,1,3251.1,2,1,3251.0,11,2,3250.9,88,4,3251.6,74,2,3252.4,2,1,3252.5,43,2,3252.6,5,2,3252.7,96,3
11536,2025-12-30 14:24:05+05:30,3251.2,1,3253.37,1549081,104526.0,126256.0,3250.0,3267.5,3239.8,3251.5,47007975,3576.6,2926.4,4322.95,2866.6,3251.2,46,3,3251.1,2,1,3251.0,38,3,3250.9,84,4,3250.8,70,5,3251.3,60,1,3252.5,40,1,3252.6,3,1,3252.8,97,5,3252.9,73,2
11536,2025-12-30 14:24:06+05:30,3251.2,1,3253.37,1549081,104526.0,126256.0,3250.0,3267.5,3239.8,3251.5,47007975,3576.6,2926.4,4322.95,2866.6,3251.2,46,3,3251.1,2,1,3251.0,38,3,3250.9,84,4,3250.8,70,5,3251.3,60,1,3252.5,40,1,3252.6,3,1,3252.8,97,5,3252.9,73,2
11536,2025-12-30 14:24:06+05:30,3251.2,1,3253.37,1549082,103853.0,126776.0,3250.0,3267.5,3239.8,3251.5,47007975,3576.6,2926.4,4322.95,2866.6,3251.2,34,2,3251.1,23,2,3251.0,38,3,3250.9,84,4,3250.8,70,5,3251.3,60,1,3252.5,40,1,3252.6,3,1,3252.8,143,6,3252.9,27,1
11536,2025-12-30 14:24:07+05:30,3251.2,1,3253.37,1549082,103676.0,126911.0,3250.0,3267.5,3239.8,3251.5,47007975,3576.6,2926.4,4322.95,2866.6,3251.2,12,2,3251.1,2,1,3251.0,14,3,3250.9,88,4,3250.8,49,4,3251.3,60,1,3252.4,74,2,3252.5,40,1,3252.6,49,2,3252.7,201,2
11536,2025-12-30 14:24:08+05:30,3251.2,3,3253.37,1549082,103676.0,126911.0,3250.0,3267.5,3239.8,3251.5,47007975,3576.6,2926.4,4322.95,2866.6,3251.2,12,2,3251.1,2,1,3251.0,14,3,3250.9,88,4,3250.8,49,4,3251.3,60,1,3252.4,74,2,3252.5,40,1,3252.6,49,2,3252.7,201,2
11536,2025-12-30 14:24:08+05:30,3251.2,3,3253.37,1549202,103325.0,127313.0,3250.0,3267.5,3239.8,3251.5,47007975,3576.6,2926.4,4322.95,2866.6,3251.1,2,1,3251.0,14,3,3250.9,13,2,3250.8,10,2,3250.6,263,7,3251.2,107,2,3252.1,3,1,3252.2,13,1,3252.4,82,3,3252.5,113,4
11536,2025-12-30 14:24:09+05:30,3251.2,30,3253.37,1549202,103325.0,127313.0,3250.0,3267.5,3239.8,3251.5,47007975,3576.6,2926.4,4322.95,2866.6,3251.1,2,1,3251.0,14,3,3250.9,13,2,3250.8,10,2,3250.6,263,7,3251.2,107,2,3252.1,3,1,3252.2,13,1,3252.4,82,3,3252.5,113,4
11536,2025-12-30 14:24:09+05:30,3251.2,30,3253.37,1549232,103278.0,127341.0,3250.0,3267.5,3239.8,3251.5,47007975,3576.6,2926.4,4322.95,2866.6,3251.1,2,1,3251.0,14,3,3250.9,13,2,3250.8,10,2,3250.6,228,6,3251.2,77,2,3252.1,3,1,3252.2,53,2,3252.4,21,2,3252.5,138,5
11536,2025-12-30 14:24:10+05:30,3251.2,1,3253.37,1549232,103278.0,127341.0,3250.0,3267.5,3239.8,3251.5,47007975,3576.6,2926.4,4322.95,2866.6,3251.1,2,1,3251.0,14,3,3250.9,13,2,3250.8,10,2,3250.6,228,6,3251.2,77,2,3252.1,3,1,3252.2,53,2,3252.4,21,2,3252.5,138,5
11536,2025-12-30 14:24:10+05:30,3251.1,1,3253.37,1549234,103227.0,127337.0,3250.0,3267.5,3239.8,3251.5,47007975,3576.6,2926.4,4322.95,2866.6,3251.1,1,1,3251.0,14,3,3250.9,13,2,3250.8,10,2,3250.6,205,5,3251.2,90,3,3252.0,26,1,3252.1,3,1,3252.2,53,2,3252.4,21,2
11536,2025-12-30 14:24:11+05:30,3251.1,13,3253.37,1549234,103227.0,127337.0,3250.0,3267.5,3239.8,3251.5,47007975,3576.6,2926.4,4322.95,2866.6,3251.1,1,1,3251.0,14,3,3250.9,13,2,3250.8,10,2,3250.6,205,5,3251.2,90,3,3252.0,26,1,3252.1,3,1,3252.2,53,2,3252.4,21,2
11536,2025-12-30 14:24:11+05:30,3251.1,13,3253.37,1549249,103039.0,126219.0,3250.0,3267.5,3239.8,3251.5,47007975,3576.6,2926.4,4322.95,2866.6,3251.0,14,3,3250.9,13,2,3250.8,10,2,3250.6,202,4,3250.5,52,1,3251.1,62,3,3251.2,14,1,3252.0,26,1,3252.1,3,1,3252.2,53,2
11536,2025-12-30 14:24:12+05:30,3251.1,2,3253.37,1549249,103039.0,126219.0,3250.0,3267.5,3239.8,3251.5,47007975,3576.6,2926.4,4322.95,2866.6,3251.0,14,3,3250.9,13,2,3250.8,10,2,3250.6,202,4,3250.5,52,1,3251.1,62,3,3251.2,14,1,3252.0,26,1,3252.1,3,1,3252.2,53,2
11536,2025-12-30 14:24:12+05:30,3251.1,2,3253.37,1549251,103038.0,126280.0,3250.0,3267.5,3239.8,3251.5,47007975,3576.6,2926.4,4322.95,2866.6,3251.0,14,3,3250.9,13,2,3250.8,10,2,3250.6,181,3,3250.5,74,2,3251.1,74,4,3252.0,26,1,3252.1,3,1,3252.2,53,2,3252.4,115,5
11536,2025-12-30 14:24:13+05:30,3251.0,1,3253.37,1549251,103038.0,126280.0,3250.0,3267.5,3239.8,3251.5,47007975,3576.6,2926.4,4322.95,2866.6,3251.0,14,3,3250.9,13,2,3250.8,10,2,3250.6,181,3,3250.5,74,2,3251.1,74,4,3252.0,26,1,3252.1,3,1,3252.2,53,2,3252.4,115,5
11536,2025-12-30 14:24:13+05:30,3251.0,1,3253.37,1549252,103080.0,127554.0,3250.0,3267.5,3239.8,3251.5,47007975,3576.6,2926.4,4322.95,2866.6,3251.0,65,4,3250.9,13,2,3250.8,10,2,3250.7,29,2,3250.6,181,3,3251.1,74,4,3252.0,66,2,3252.1,3,1,3252.2,53,2,3252.4,115,5
11536,2025-12-30 14:24:14+05:30,3251.0,15,3253.37,1549252,103080.0,127554.0,3250.0,3267.5,3239.8,3251.5,47007975,3576.6,2926.4,4322.95,2866.6,3251.0,65,4,3250.9,13,2,3250.8,10,2,3250.7,29,2,3250.6,181,3,3251.1,74,4,3252.0,66,2,3252.1,3,1,3252.2,53,2,3252.4,115,5
11536,2025-12-30 14:24:14+05:30,3251.0,15,3253.37,1549397,102899.0,127456.0,3250.0,3267.5,3239.8,3251.5,47007975,3576.6,2926.4,4322.95,2866.6,3250.9,13,2,3250.8,10,2,3250.7,22,1,3250.6,181,3,3250.5,52,1,3251.0,31,3,3251.1,14,1,3252.0,66,2,3252.1,3,1,3252.2,53,2
11536,2025-12-30 14:24:15+05:30,3251.0,2,3253.37,1549397,102899.0,127456.0,3250.0,3267.5,3239.8,3251.5,47007975,3576.6,2926.4,4322.95,2866.6,3250.9,13,2,3250.8,10,2,3250.7,22,1,3250.6,181,3,3250.5,52,1,3251.0,31,3,3251.1,14,1,3252.0,66,2,3252.1,3,1,3252.2,53,2
11536,2025-12-30 14:24:15+05:30,3251.0,2,3253.37,1549399,102889.0,127494.0,3250.0,3267.5,3239.8,3251.5,47007975,3576.6,2926.4,4322.95,2866.6,3250.9,13,2,3250.8,10,2,3250.6,181,3,3250.5,52,1,3250.4,113,7,3251.0,43,4,3252.0,66,2,3252.1,3,1,3252.2,53,2,3252.4,114,5
11536,2025-12-30 14:24:16+05:30,3251.0,1,3253.37,1549399,102889.0,127494.0,3250.0,3267.5,3239.8,3251.5,47007975,3576.6,2926.4,4322.95,2866.6,3250.9,13,2,3250.8,10,2,3250.6,181,3,3250.5,52,1,3250.4,113,7,3251.0,43,4,3252.0,66,2,3252.1,3,1,3252.2,53,2,3252.4,114,5
11536,2025-12-30 14:24:17+05:30,3250.9,1,3253.37,1549401,102716.0,126642.0,3250.0,3267.5,3239.8,3251.5,47007975,3576.6,2926.4,4322.95,2866.6,3250.9,12,2,3250.8,10,2,3250.6,181,3,3250.5,52,1,3250.4,91,6,3251.0,42,4,3252.0,66,2,3252.1,3,1,3252.2,53,2,3252.4,114,5
11536,2025-12-30 14:24:17+05:30,3250.4,56,3253.37,1549401,102716.0,126642.0,3250.0,3267.5,3239.8,3251.5,47007975,3576.6,2926.4,4322.95,2866.6,3250.9,12,2,3250.8,10,2,3250.6,181,3,3250.5,52,1,3250.4,91,6,3251.0,42,4,3252.0,66,2,3252.1,3,1,3252.2,53,2,3252.4,114,5
11536,2025-12-30 14:24:18+05:30,3250.4,56,3253.37,1550511,101844.0,126764.0,3250.0,3267.5,3239.8,3251.5,47007975,3576.6,2926.4,4322.95,2866.6,3250.6,372,3,3250.5,44,3,3250.4,30,3,3250.3,2,1,3250.2,114,7,3250.9,28,3,3251.0,14,1,3252.0,74,4,3252.1,27,1,3252.2,67,3
11536,2025-12-30 14:24:18+05:30,3250.6,51,3253.37,1550511,101844.0,126764.0,3250.0,3267.5,3239.8,3251.5,47007975,3576.6,2926.4,4322.95,2866.6,3250.6,372,3,3250.5,44,3,3250.4,30,3,3250.3,2,1,3250.2,114,7,3250.9,28,3,3251.0,14,1,3252.0,74,4,3252.1,27,1,3252.2,67,3
11536,2025-12-30 14:24:19+05:30,3250.6,40,3253.37,1550602,102219.0,127833.0,3250.0,3267.5,3239.8,3251.5,47007975,3576.6,2926.4,4322.95,2866.6,3250.6,334,3,3250.5,45,3,3250.4,44,4,3250.3,24,2,3250.2,122,7,3250.9,42,4,3251.8,56,2,3251.9,80,2,3252.0,60,3,3252.1,30,2
11536,2025-12-30 14:24:19+05:30,3250.6,51,3253.37,1550602,102219.0,127833.0,3250.0,3267.5,3239.8,3251.5,47007975,3576.6,2926.4,4322.95,2866.6,3250.6,334,3,3250.5,45,3,3250.4,44,4,3250.3,24,2,3250.2,122,7,3250.9,42,4,3251.8,56,2,3251.9,80,2,3252.0,60,3,3252.1,30,2
11536,2025-12-30 14:24:20+05:30,3250.9,5,3253.37,1550700,102035.0,127886.0,3250.0,3267.5,3239.8,3251.5,47007975,3576.6,2926.4,4322.95,2866.6,3250.6,283,3,3250.5,19,2,3250.4,44,4,3250.3,24,2,3250.2,150,9,3250.9,105,2,3251.8,40,1,3251.9,80,2,3252.0,199,6,3252.1,19,2
11536,2025-12-30 14:24:20+05:30,3250.6,75,3253.37,1550700,102035.0,127886.0,3250.0,3267.5,3239.8,3251.5,47007975,3576.6,2926.4,4322.95,2866.6,3250.6,283,3,3250.5,19,2,3250.4,44,4,3250.3,24,2,3250.2,150,9,3250.9,105,2,3251.8,40,1,3251.9,80,2,3252.0,199,6,3252.1,19,2
11536,2025-12-30 14:24:21+05:30,3250.6,75,3253.37,1550985,101486.0,127914.0,3250.0,3267.5,3239.8,3251.5,47007975,3576.6,2926.4,4322.95,2866.6,3250.5,19,2,3250.4,200,4,3250.3,24,2,3250.2,82,5,3250.1,235,5,3250.6,35,2,3251.4,12,1,3251.5,52,2,3251.7,61,1,3251.8,70,3
11536,2025-12-30 14:24:21+05:30,3250.5,1,3253.37,1550985,101486.0,127914.0,3250.0,3267.5,3239.8,3251.5,47007975,3576.6,2926.4,4322.95,2866.6,3250.5,19,2,3250.4,200,4,3250.3,24,2,3250.2,82,5,3250.1,235,5,3250.6,35,2,3251.4,12,1,3251.5,52,2,3251.7,61,1,3251.8,70,3
11536,2025-12-30 14:24:22+05:30,3251.1,12,3253.37,1551270,101722.0,127883.0,3250.0,3267.5,3239.8,3251.5,47007975,3576.6,2926.4,4322.95,2866.6,3250.5,12,2,3250.4,220,5,3250.3,2,1,3250.2,82,5,3250.1,235,5,3251.3,14,1,3251.4,14,1,3251.5,12,1,3251.6,43,2,3251.7,51,3
11536,2025-12-30 14:24:22+05:30,3251.1,12,3253.37,1551270,101722.0,127883.0,3250.0,3267.5,3239.8,3251.5,47007975,3576.6,2926.4,4322.95,2866.6,3250.5,12,2,3250.4,220,5,3250.3,2,1,3250.2,82,5,3250.1,235,5,3251.3,14,1,3251.4,14,1,3251.5,12,1,3251.6,43,2,3251.7,51,3
11536,2025-12-30 14:24:23+05:30,3251.1,12,3253.37,1551270,102418.0,127557.0,3250.0,3267.5,3239.8,3251.5,47007975,3576.6,2926.4,4322.95,2866.6,3251.3,1,1,3250.8,21,1,3250.6,196,2,3250.5,187,3,3250.4,44,3,3251.6,52,3,3251.7,41,2,3251.8,62,2,3251.9,41,2,3252.0,88,3
11536,2025-12-30 14:24:24+05:30,3251.1,12,3253.37,1551270,102605.0,127426.0,3250.0,3267.5,3239.8,3251.5,47007975,3576.6,2926.4,4322.95,2866.6,3251.3,1,1,3250.8,21,1,3250.7,3,1,3250.6,196,2,3250.5,187,3,3251.6,35,2,3251.7,22,1,3251.9,22,1,3252.0,48,2,3252.1,63,3
11536,2025-12-30 14:24:25+05:30,3251.6,1,3253.37,1551271,103432.0,126635.0,3250.0,3267.5,3239.8,3251.5,47007975,3576.6,2926.4,4322.95,2866.6,3251.3,1,1,3251.0,21,1,3250.8,21,1,3250.7,81,3,3250.6,196,2,3252.1,42,3,3252.2,66,2,3252.3,34,1,3252.4,73,5,3252.5,66,2
11536,2025-12-30 14:24:25+05:30,3251.6,1,3253.37,1551271,103432.0,126635.0,3250.0,3267.5,3239.8,3251.5,47007975,3576.6,2926.4,4322.95,2866.6,3251.3,1,1,3251.0,21,1,3250.8,21,1,3250.7,81,3,3250.6,196,2,3252.1,42,3,3252.2,66,2,3252.3,34,1,3252.4,73,5,3252.5,66,2
11536,2025-12-30 14:24:26+05:30,3251.6,1,3253.37,1551271,103546.0,126645.0,3250.0,3267.5,3239.8,3251.5,47007975,3576.6,2926.4,4322.95,2866.6,3251.3,1,1,3251.0,21,1,3250.8,24,2,3250.7,64,2,3250.6,371,3,3252.0,48,2,3252.1,20,2,3252.2,50,2,3252.3,48,2,3252.4,58,4
11536,2025-12-30 14:24:27+05:30,3251.6,1,3253.37,1551271,103367.0,126640.0,3250.0,3267.5,3239.8,3251.5,47007975,3576.6,2926.4,4322.95,2866.6,3251.3,1,1,3251.0,21,1,3250.8,24,2,3250.7,64,2,3250.6,391,4,3252.0,57,3,3252.1,20,2,3252.2,50,2,3252.3,48,2,3252.4,41,3
11536,2025-12-30 14:24:28+05:30,3251.3,3,3253.37,1551271,103367.0,126640.0,3250.0,3267.5,3239.8,3251.5,47007975,3576.6,2926.4,4322.95,2866.6,3251.3,1,1,3251.0,21,1,3250.8,24,2,3250.7,64,2,3250.6,391,4,3252.0,57,3,3252.1,20,2,3252.2,50,2,3252.3,48,2,3252.4,41,3
11536,2025-12-30 14:24:28+05:30,3251.3,3,3253.37,1551277,103408.0,127014.0,3250.0,3267.5,3239.8,3251.5,47007975,3576.6,2926.4,4322.95,2866.6,3250.8,281,7,3250.7,22,2,3250.6,273,5,3250.5,70,5,3250.4,34,2,3251.3,1,1,3252.0,60,2,3252.4,18,1,3252.5,40,1,3252.6,99,5
11536,2025-12-30 14:24:29+05:30,3250.8,1,3253.37,1551316,101580.0,127044.0,3250.0,3267.5,3239.8,3251.5,47007975,3576.6,2926.4,4322.95,2866.6,3250.9,220,4,3250.8,46,3,3250.7,33,3,3250.6,273,5,3250.5,70,5,3251.3,1,1,3252.0,60,2,3252.4,18,1,3252.5,40,1,3252.6,99,5
11536,2025-12-30 14:24:29+05:30,3250.8,1,3253.37,1551316,101580.0,127044.0,3250.0,3267.5,3239.8,3251.5,47007975,3576.6,2926.4,4322.95,2866.6,3250.9,220,4,3250.8,46,3,3250.7,33,3,3250.6,273,5,3250.5,70,5,3251.3,1,1,3252.0,60,2,3252.4,18,1,3252.5,40,1,3252.6,99,5
11536,2025-12-30 14:24:30+05:30,3250.8,1,3253.37,1551316,101715.0,127024.0,3250.0,3267.5,3239.8,3251.5,47007975,3576.6,2926.4,4322.95,2866.6,3251.0,359,3,3250.9,64,4,3250.8,35,2,3250.7,33,3,3250.6,98,4,3251.3,1,1,3252.0,60,2,3252.4,18,1,3252.5,40,1,3252.6,99,5
11536,2025-12-30 14:24:31+05:30,3252.3,2,3253.37,1551333,103127.0,125887.0,3250.0,3267.5,3239.8,3251.5,47007975,3576.6,2926.4,4322.95,2866.6,3251.4,9,1,3251.3,25,2,3251.2,73,5,3251.1,194,2,3251.0,276,4,3252.4,17,1,3252.5,38,2,3252.6,40,2,3252.8,46,2,3252.9,61,3
11536,2025-12-30 14:24:31+05:30,3252.3,2,3253.37,1551333,103127.0,125887.0,3250.0,3267.5,3239.8,3251.5,47007975,3576.6,2926.4,4322.95,2866.6,3251.4,9,1,3251.3,25,2,3251.2,73,5,3251.1,194,2,3251.0,276,4,3252.4,17,1,3252.5,38,2,3252.6,40,2,3252.8,46,2,3252.9,61,3
11536,2025-12-30 14:24:32+05:30,3251.0,175,3253.36,1552326,103027.0,127077.0,3250.0,3267.5,3239.8,3251.5,47007975,3576.6,2926.4,4322.95,2866.6,3250.8,198,2,3250.7,17,2,3250.6,37,2,3250.5,55,4,3250.4,36,2,3251.0,68,1,3252.2,3,1,3252.3,61,1,3252.4,37,2,3252.5,74,2
11536,2025-12-30 14:24:32+05:30,3251.0,68,3253.36,1552326,103027.0,127077.0,3250.0,3267.5,3239.8,3251.5,47007975,3576.6,2926.4,4322.95,2866.6,3250.8,198,2,3250.7,17,2,3250.6,37,2,3250.5,55,4,3250.4,36,2,3251.0,68,1,3252.2,3,1,3252.3,61,1,3252.4,37,2,3252.5,74,2
11536,2025-12-30 14:24:33+05:30,3251.0,68,3253.36,1552394,101252.0,126174.0,3250.0,3267.5,3239.8,3251.5,47007975,3576.6,2926.4,4322.95,2866.6,3251.2,39,4,3251.1,16,2,3251.0,28,1,3250.9,39,2,3250.8,16,1,3252.4,52,4,3252.5,47,2,3252.6,34,1,3252.7,62,3,3252.8,153,6
11536,2025-12-30 14:24:34+05:30,3251.2,1,3253.36,1552395,101511.0,126170.0,3250.0,3267.5,3239.8,3251.5,47007975,3576.6,2926.4,4322.95,2866.6,3251.2,38,4,3251.1,26,3,3251.0,48,2,3250.9,39,2,3250.8,36,2,3252.4,52,4,3252.5,47,2,3252.6,34,1,3252.7,62,3,3252.8,107,5
11536,2025-12-30 14:24:34+05:30,3252.4,5,3253.36,1552395,101511.0,126170.0,3250.0,3267.5,3239.8,3251.5,47007975,3576.6,2926.4,4322.95,2866.6,3251.2,38,4,3251.1,26,3,3251.0,48,2,3250.9,39,2,3250.8,36,2,3252.4,52,4,3252.5,47,2,3252.6,34,1,3252.7,62,3,3252.8,107,5
11536,2025-12-30 14:24:35+05:30,3252.5,1,3253.36,1552444,102501.0,126056.0,3250.0,3267.5,3239.8,3251.5,47007975,3576.6,2926.4,4322.95,2866.6,3251.2,91,7,3251.1,105,4,3251.0,20,1,3250.9,231,3,3250.8,56,3,3252.5,46,2,3252.6,34,1,3252.7,47,2,3252.8,73,3,3252.9,48,3
11536,2025-12-30 14:24:35+05:30,3252.5,1,3253.36,1552444,102501.0,126056.0,3250.0,3267.5,3239.8,3251.5,47007975,3576.6,2926.4,4322.95,2866.6,3251.2,91,7,3251.1,105,4,3251.0,20,1,3250.9,231,3,3250.8,56,3,3252.5,46,2,3252.6,34,1,3252.7,47,2,3252.8,73,3,3252.9,48,3
11536,2025-12-30 14:24:36+05:30,3251.2,6,3253.36,1552450,103811.0,125722.0,3250.0,3267.5,3239.8,3251.5,47007975,3576.6,2926.4,4322.95,2866.6,3251.4,22,1,3251.3,19,3,3251.2,52,5,3251.1,16,2,3251.0,43,2,3252.7,54,4,3252.8,142,6,3252.9,51,3,3253.0,46,1,3253.1,210,4
11536,2025-12-30 14:24:36+05:30,3251.2,6,3253.36,1552450,103811.0,125722.0,3250.0,3267.5,3239.8,3251.5,47007975,3576.6,2926.4,4322.95,2866.6,3251.4,22,1,3251.3,19,3,3251.2,52,5,3251.1,16,2,3251.0,43,2,3252.7,54,4,3252.8,142,6,3252.9,51,3,3253.0,46,1,3253.1,210,4
11536,2025-12-30 14:24:37+05:30,3252.8,28,3253.36,1552569,104257.0,125413.0,3250.0,3267.5,3239.8,3251.5,47007975,3576.6,2926.4,4322.95,2866.6,3251.5,28,1,3251.4,55,3,3251.3,67,2,3251.2,55,6,3251.1,201,5,3252.7,19,1,3252.8,54,3,3252.9,17,2,3253.0,15,1,3253.1,51,2
11536,2025-12-30 14:24:37+05:30,3252.8,28,3253.36,1552569,104257.0,125413.0,3250.0,3267.5,3239.8,3251.5,47007975,3576.6,2926.4,4322.95,2866.6,3251.5,28,1,3251.4,55,3,3251.3,67,2,3251.2,55,6,3251.1,201,5,3252.7,19,1,3252.8,54,3,3252.9,17,2,3253.0,15,1,3253.1,51,2
11536,2025-12-30 14:24:38+05:30,3252.7,4,3253.36,1552573,103785.0,125610.0,3250.0,3267.5,3239.8,3251.5,47007975,3576.6,2926.4,4322.95,2866.6,3251.4,15,2,3251.3,6,1,3251.2,55,6,3251.1,201,5,3251.0,20,1,3252.6,132,7,3252.7,30,3,3252.8,69,4,3252.9,33,3,3253.0,46,1
11536,2025-12-30 14:24:38+05:30,3252.7,4,3253.36,1552573,103785.0,125610.0,3250.0,3267.5,3239.8,3251.5,47007975,3576.6,2926.4,4322.95,2866.6,3251.4,15,2,3251.3,6,1,3251.2,55,6,3251.1,201,5,3251.0,20,1,3252.6,132,7,3252.7,30,3,3252.8,69,4,3252.9,33,3,3253.0,46,1
11536,2025-12-30 14:24:39+05:30,3251.4,30,3253.36,1552613,103583.0,125729.0,3250.0,3267.5,3239.8,3251.5,47007975,3576.6,2926.4,4322.95,2866.6,3252.0,3,1,3251.4,25,2,3251.3,6,1,3251.2,43,4,3251.1,198,4,3252.5,86,6,3252.6,56,3,3252.7,23,2,3252.8,69,4,3252.9,34,3
11536,2025-12-30 14:24:39+05:30,3251.4,30,3253.36,1552613,103583.0,125729.0,3250.0,3267.5,3239.8,3251.5,47007975,3576.6,2926.4,4322.95,2866.6,3252.0,3,1,3251.4,25,2,3251.3,6,1,3251.2,43,4,3251.1,198,4,3252.5,86,6,3252.6,56,3,3252.7,23,2,3252.8,69,4,3252.9,34,3
11536,2025-12-30 14:24:40+05:30,3251.4,30,3253.36,1552613,104004.0,125704.0,3250.0,3267.5,3239.8,3251.5,47007975,3576.6,2926.4,4322.95,2866.6,3252.0,3,1,3251.4,25,2,3251.3,6,1,3251.2,43,4,3251.1,198,4,3252.5,85,6,3252.6,56,3,3252.7,23,2,3252.8,69,4,3252.9,34,3
11536,2025-12-30 14:24:41+05:30,3251.4,30,3253.36,1552613,104011.0,125704.0,3250.0,3267.5,3239.8,3251.5,47007975,3576.6,2926.4,4322.95,2866.6,3252.0,3,1,3251.4,25,2,3251.3,6,1,3251.2,43,4,3251.1,198,4,3252.5,85,6,3252.6,56,3,3252.7,23,2,3252.8,69,4,3252.9,34,3
11536,2025-12-30 14:24:42+05:30,3251.4,30,3253.36,1552613,103796.0,125619.0,3250.0,3267.5,3239.8,3251.5,47007975,3576.6,2926.4,4322.95,2866.6,3252.0,3,1,3251.4,25,2,3251.3,6,1,3251.2,104,5,3251.1,339,4,3252.6,67,4,3252.7,11,1,3252.8,63,3,3252.9,32,3,3253.0,46,1
11536,2025-12-30 14:24:42+05:30,3252.6,4,3253.36,1552613,103796.0,125619.0,3250.0,3267.5,3239.8,3251.5,47007975,3576.6,2926.4,4322.95,2866.6,3252.0,3,1,3251.4,25,2,3251.3,6,1,3251.2,104,5,3251.1,339,4,3252.6,67,4,3252.7,11,1,3252.8,63,3,3252.9,32,3,3253.0,46,1
11536,2025-12-30 14:24:43+05:30,3252.0,1,3253.36,1552618,104420.0,123655.0,3250.0,3267.5,3239.8,3251.5,47007975,3576.6,2926.4,4322.95,2866.6,3252.0,12,2,3251.9,52,2,3251.7,52,1,3251.6,21,1,3251.4,45,3,3253.2,36,3,3253.3,57,2,3253.4,11,1,3253.5,83,4,3253.6,116,6
11536,2025-12-30 14:24:43+05:30,3253.2,1,3253.36,1552618,104420.0,123655.0,3250.0,3267.5,3239.8,3251.5,47007975,3576.6,2926.4,4322.95,2866.6,3252.0,12,2,3251.9,52,2,3251.7,52,1,3251.6,21,1,3251.4,45,3,3253.2,36,3,3253.3,57,2,3253.4,11,1,3253.5,83,4,3253.6,116,6
11536,2025-12-30 14:24:44+05:30,3253.2,1,3253.36,1552619,104227.0,123674.0,3250.0,3267.5,3239.8,3251.5,47007975,3576.6,2926.4,4322.95,2866.6,3252.0,2,1,3251.9,28,1,3251.7,52,1,3251.6,21,1,3251.5,24,1,3253.2,71,6,3253.3,57,2,3253.4,60,3,3253.5,225,5,3253.6,116,6
11536,2025-12-30 14:24:45+05:30,3252.0,1,3253.36,1552623,103902.0,124473.0,3250.0,3267.5,3239.8,3251.5,47007975,3576.6,2926.4,4322.95,2866.6,3251.8,38,2,3251.5,24,1,3251.4,25,2,3251.3,70,4,3251.2,43,4,3252.0,1,1,3252.8,55,2,3252.9,20,2,3253.0,15,1,3253.1,147,3
11536,2025-12-30 14:24:45+05:30,3252.0,1,3253.36,1552623,103902.0,124473.0,3250.0,3267.5,3239.8,3251.5,47007975,3576.6,2926.4,4322.95,2866.6,3251.8,38,2,3251.5,24,1,3251.4,25,2,3251.3,70,4,3251.2,43,4,3252.0,1,1,3252.8,55,2,3252.9,20,2,3253.0,15,1,3253.1,147,3
11536,2025-12-30 14:24:46+05:30,3252.0,1,3253.36,1552624,105228.0,124315.0,3250.0,3267.5,3239.8,3251.5,47007975,3576.6,2926.4,4322.95,2866.6,3251.8,43,3,3251.5,24,1,3251.4,5,1,3251.3,86,5,3251.2,25,3,3252.0,1,1,3252.8,16,2,3252.9,20,2,3253.0,15,1,3253.1,86,2
11536,2025-12-30 14:24:46+05:30,3252.0,1,3253.36,1552624,105228.0,124315.0,3250.0,3267.5,3239.8,3251.5,47007975,3576.6,2926.4,4322.95,2866.6,3251.8,43,3,3251.5,24,1,3251.4,5,1,3251.3,86,5,3251.2,25,3,3252.0,1,1,3252.8,16,2,3252.9,20,2,3253.0,15,1,3253.1,86,2
11536,2025-12-30 14:24:47+05:30,3252.0,1,3253.36,1552624,105577.0,124312.0,3250.0,3267.5,3239.8,3251.5,47007975,3576.6,2926.4,4322.95,2866.6,3251.8,43,3,3251.5,24,1,3251.4,5,1,3251.3,86,5,3251.2,25,3,3252.0,1,1,3252.8,16,2,3252.9,20,2,3253.0,15,1,3253.1,86,2
11536,2025-12-30 14:24:47+05:30,3251.2,182,3253.36,1552624,105577.0,124312.0,3250.0,3267.5,3239.8,3251.5,47007975,3576.6,2926.4,4322.95,2866.6,3251.8,43,3,3251.5,24,1,3251.4,5,1,3251.3,86,5,3251.2,25,3,3252.0,1,1,3252.8,16,2,3252.9,20,2,3253.0,15,1,3253.1,86,2
11536,2025-12-30 14:24:48+05:30,3251.2,182,3253.36,1553683,104502.0,124997.0,3250.0,3267.5,3239.8,3251.5,47007975,3576.6,2926.4,4322.95,2866.6,3251.3,52,2,3251.2,11,2,3251.1,24,3,3251.0,36,1,3250.9,21,2,3251.8,1,1,3252.0,14,1,3252.8,76,3,3252.9,66,3,3253.0,62,3
11536,2025-12-30 14:24:49+05:30,3252.8,31,3253.36,1553823,104946.0,124645.0,3250.0,3267.5,3239.8,3251.5,47007975,3576.6,2926.4,4322.95,2866.6,3251.3,102,4,3251.2,52,4,3251.1,77,3,3251.0,120,4,3250.9,114,3,3252.7,19,1,3252.8,28,2,3252.9,36,3,3253.0,269,7,3253.1,90,3
11536,2025-12-30 14:24:49+05:30,3252.8,31,3253.36,1553823,104946.0,124645.0,3250.0,3267.5,3239.8,3251.5,47007975,3576.6,2926.4,4322.95,2866.6,3251.3,102,4,3251.2,52,4,3251.1,77,3,3251.0,120,4,3250.9,114,3,3252.7,19,1,3252.8,28,2,3252.9,36,3,3253.0,269,7,3253.1,90,3
11536,2025-12-30 14:24:50+05:30,3252.0,3,3253.36,1553826,105407.0,124692.0,3250.0,3267.5,3239.8,3251.5,47007975,3576.6,2926.4,4322.95,2866.6,3252.0,2,1,3251.4,82,2,3251.3,106,3,3251.2,65,6,3251.1,77,3,3252.7,79,4,3252.8,18,2,3252.9,43,3,3253.0,46,3,3253.1,74,2
11536,2025-12-30 14:24:50+05:30,3252.0,3,3253.36,1553826,105407.0,124692.0,3250.0,3267.5,3239.8,3251.5,47007975,3576.6,2926.4,4322.95,2866.6,3252.0,2,1,3251.4,82,2,3251.3,106,3,3251.2,65,6,3251.1,77,3,3252.7,79,4,3252.8,18,2,3252.9,43,3,3253.0,46,3,3253.1,74,2
11536,2025-12-30 14:24:51+05:30,3252.0,1,3253.36,1553827,105379.0,124674.0,3250.0,3267.5,3239.8,3251.5,47007975,3576.6,2926.4,4322.95,2866.6,3252.0,3,2,3251.8,2,1,3251.4,82,2,3251.3,106,3,3251.2,77,7,3252.7,61,3,3252.8,18,2,3252.9,43,3,3253.0,46,3,3253.1,120,3
11536,2025-12-30 14:24:51+05:30,3252.7,3,3253.36,1553827,105379.0,124674.0,3250.0,3267.5,3239.8,3251.5,47007975,3576.6,2926.4,4322.95,2866.6,3252.0,3,2,3251.8,2,1,3251.4,82,2,3251.3,106,3,3251.2,77,7,3252.7,61,3,3252.8,18,2,3252.9,43,3,3253.0,46,3,3253.1,120,3
11536,2025-12-30 14:24:52+05:30,3253.0,16,3253.36,1554012,105762.0,124440.0,3250.0,3267.5,3239.8,3251.5,47007975,3576.6,2926.4,4322.95,2866.6,3252.0,3,2,3251.8,2,1,3251.6,25,2,3251.4,82,2,3251.3,106,3,3252.9,13,1,3253.0,52,4,3253.1,34,1,3253.2,33,2,3253.3,122,5
11536,2025-12-30 14:24:52+05:30,3253.0,16,3253.36,1554012,105762.0,124440.0,3250.0,3267.5,3239.8,3251.5,47007975,3576.6,2926.4,4322.95,2866.6,3252.0,3,2,3251.8,2,1,3251.6,25,2,3251.4,82,2,3251.3,106,3,3252.9,13,1,3253.0,52,4,3253.1,34,1,3253.2,33,2,3253.3,122,5
11536,2025-12-30 14:24:53+05:30,3252.9,2,3253.36,1554020,106277.0,124239.0,3250.0,3267.5,3239.8,3251.5,47007975,3576.6,2926.4,4322.95,2866.6,3252.7,5,1,3252.0,51,3,3251.8,22,2,3251.6,42,3,3251.5,61,1,3252.9,3,1,3253.0,38,3,3253.1,40,1,3253.2,23,1,3253.3,87,4
11536,2025-12-30 14:24:53+05:30,3252.9,2,3253.36,1554020,106277.0,124239.0,3250.0,3267.5,3239.8,3251.5,47007975,3576.6,2926.4,4322.95,2866.6,3252.7,5,1,3252.0,51,3,3251.8,22,2,3251.6,42,3,3251.5,61,1,3252.9,3,1,3253.0,38,3,3253.1,40,1,3253.2,23,1,3253.3,87,4
11536,2025-12-30 14:24:54+05:30,3252.9,2,3253.36,1554020,106254.0,124224.0,3250.0,3267.5,3239.8,3251.5,47007975,3576.6,2926.4,4322.95,2866.6,3252.7,5,1,3252.0,51,3,3251.8,22,2,3251.6,42,3,3251.5,61,1,3252.9,3,1,3253.0,20,2,3253.1,40,1,3253.2,23,1,3253.3,87,4
11536,2025-12-30 14:24:55+05:30,3252.9,6,3253.36,1554060,102400.0,125021.0,3250.0,3267.5,3239.8,3251.5,47007975,3576.6,2926.4,4322.95,2866.6,3252.0,51,3,3251.8,2,1,3251.6,22,1,3251.4,21,1,3251.3,55,2,3252.9,44,4,3253.1,80,3,3253.2,116,4,3253.3,107,4,3253.4,101,4
11536,2025-12-30 14:24:55+05:30,3252.9,6,3253.36,1554060,102400.0,125021.0,3250.0,3267.5,3239.8,3251.5,47007975,3576.6,2926.4,4322.95,2866.6,3252.0,51,3,3251.8,2,1,3251.6,22,1,3251.4,21,1,3251.3,55,2,3252.9,44,4,3253.1,80,3,3253.2,116,4,3253.3,107,4,3253.4,101,4
11536,2025-12-30 14:24:56+05:30,3252.0,1,3253.36,1554061,102447.0,125021.0,3250.0,3267.5,3239.8,3251.5,47007975,3576.6,2926.4,4322.95,2866.6,3252.0,50,3,3251.8,2,1,3251.6,22,1,3251.4,21,1,3251.3,55,2,3252.9,44,4,3253.1,80,3,3253.2,116,4,3253.3,107,4,3253.4,101,4
11536,2025-12-30 14:24:56+05:30,3252.0,1,3253.36,1554061,102447.0,125021.0,3250.0,3267.5,3239.8,3251.5,47007975,3576.6,2926.4,4322.95,2866.6,3252.0,50,3,3251.8,2,1,3251.6,22,1,3251.4,21,1,3251.3,55,2,3252.9,44,4,3253.1,80,3,3253.2,116,4,3253.3,107,4,3253.4,101,4
11536,2025-12-30 14:24:57+05:30,3252.9,3,3253.36,1554064,105773.0,124738.0,3250.0,3267.5,3239.8,3251.5,47007975,3576.6,2926.4,4322.95,2866.6,3252.0,50,3,3251.8,2,1,3251.6,22,1,3251.4,21,1,3251.3,55,2,3252.9,50,5,3253.0,39,2,3253.1,40,1,3253.2,132,6,3253.3,107,4
11536,2025-12-30 14:24:57+05:30,3252.9,3,3253.36,1554064,105773.0,124738.0,3250.0,3267.5,3239.8,3251.5,47007975,3576.6,2926.4,4322.95,2866.6,3252.0,50,3,3251.8,2,1,3251.6,22,1,3251.4,21,1,3251.3,55,2,3252.9,50,5,3253.0,39,2,3253.1,40,1,3253.2,132,6,3253.3,107,4
11536,2025-12-30 14:24:58+05:30,3252.0,1,3253.36,1554069,105803.0,125081.0,3250.0,3267.5,3239.8,3251.5,47007975,3576.6,2926.4,4322.95,2866.6,3252.0,50,3,3251.8,2,1,3251.6,22,1,3251.4,21,1,3251.3,55,2,3252.9,77,6,3253.0,39,2,3253.1,40,1,3253.2,132,6,3253.3,107,4
11536,2025-12-30 14:24:58+05:30,3252.9,1,3253.36,1554069,105803.0,125081.0,3250.0,3267.5,3239.8,3251.5,47007975,3576.6,2926.4,4322.95,2866.6,3252.0,50,3,3251.8,2,1,3251.6,22,1,3251.4,21,1,3251.3,55,2,3252.9,77,6,3253.0,39,2,3253.1,40,1,3253.2,132,6,3253.3,107,4
11536,2025-12-30 14:24:59+05:30,3252.0,39,3253.36,1554110,102543.0,125099.0,3250.0,3267.5,3239.8,3251.5,47007975,3576.6,2926.4,4322.95,2866.6,3252.0,11,3,3251.8,2,1,3251.6,22,1,3251.4,21,1,3251.3,55,2,3252.8,44,4,3252.9,39,3,3253.0,39,2,3253.1,59,2,3253.2,132,6
11536,2025-12-30 14:24:59+05:30,3252.0,39,3253.36,1554110,102543.0,125099.0,3250.0,3267.5,3239.8,3251.5,47007975,3576.6,2926.4,4322.95,2866.6,3252.0,11,3,3251.8,2,1,3251.6,22,1,3251.4,21,1,3251.3,55,2,3252.8,44,4,3252.9,39,3,3253.0,39,2,3253.1,59,2,3253.2,132,6
11536,2025-12-30 14:25:00+05:30,3252.0,39,3253.36,1554110,100823.0,125159.0,3250.0,3267.5,3239.8,3251.5,47007975,3576.6,2926.4,4322.95,2866.6,3252.0,11,3,3251.8,2,1,3251.6,22,1,3251.4,21,1,3251.3,55,2,3252.8,44,4,3252.9,79,5,3253.0,12,1,3253.1,59,2,3253.2,132,6
11536,2025-12-30 14:25:01+05:30,3252.8,1,3253.36,1554110,100823.0,125159.0,3250.0,3267.5,3239.8,3251.5,47007975,3576.6,2926.4,4322.95,2866.6,3252.0,11,3,3251.8,2,1,3251.6,22,1,3251.4,21,1,3251.3,55,2,3252.8,44,4,3252.9,79,5,3253.0,12,1,3253.1,59,2,3253.2,132,6
11536,2025-12-30 14:25:01+05:30,3252.0,1,3253.36,1554112,103797.0,124999.0,3250.0,3267.5,3239.8,3251.5,47007975,3576.6,2926.4,4322.95,2866.6,3252.0,10,3,3251.8,2,1,3251.6,22,1,3251.4,21,1,3251.3,55,2,3252.8,43,4,3252.9,79,5,3253.0,12,1,3253.1,59,2,3253.2,132,6
11536,2025-12-30 14:25:02+05:30,3251.3,5,3253.36,1554112,103797.0,124999.0,3250.0,3267.5,3239.8,3251.5,47007975,3576.6,2926.4,4322.95,2866.6,3252.0,10,3,3251.8,2,1,3251.6,22,1,3251.4,21,1,3251.3,55,2,3252.8,43,4,3252.9,79,5,3253.0,12,1,3253.1,59,2,3253.2,132,6
11536,2025-12-30 14:25:02+05:30,3251.3,5,3253.36,1554281,103601.0,127657.0,3250.0,3267.5,3239.8,3251.5,47007975,3576.6,2926.4,4322.95,2866.6,3251.2,12,1,3251.1,45,4,3251.0,29,2,3250.9,80,3,3250.7,178,2,3251.3,79,1,3252.3,3,1,3252.4,14,1,3252.5,103,2,3252.6,149,5
11536,2025-12-30 14:25:03+05:30,3251.3,134,3253.36,1554281,103601.0,127657.0,3250.0,3267.5,3239.8,3251.5,47007975,3576.6,2926.4,4322.95,2866.6,3251.2,12,1,3251.1,45,4,3251.0,29,2,3250.9,80,3,3250.7,178,2,3251.3,79,1,3252.3,3,1,3252.4,14,1,3252.5,103,2,3252.6,149,5
11536,2025-12-30 14:25:04+05:30,3251.3,134,3253.36,1554415,103831.0,126984.0,3250.0,3267.5,3239.8,3251.5,47007975,3576.6,2926.4,4322.95,2866.6,3251.2,80,3,3251.1,43,3,3251.0,29,2,3250.9,71,3,3250.8,41,2,3251.3,106,1,3252.0,10,1,3252.3,43,2,3252.6,80,3,3252.7,64,2
11536,2025-12-30 14:25:04+05:30,3251.3,46,3253.36,1554415,103831.0,126984.0,3250.0,3267.5,3239.8,3251.5,47007975,3576.6,2926.4,4322.95,2866.6,3251.2,80,3,3251.1,43,3,3251.0,29,2,3250.9,71,3,3250.8,41,2,3251.3,106,1,3252.0,10,1,3252.3,43,2,3252.6,80,3,3252.7,64,2
11536,2025-12-30 14:25:05+05:30,3251.3,46,3253.36,1554461,98931.0,126830.0,3250.0,3267.5,3239.8,3251.5,47007975,3576.6,2926.4,4322.95,2866.6,3251.2,80,3,3251.1,43,3,3251.0,29,2,3250.9,71,3,3250.8,41,2,3251.3,60,1,3252.0,10,1,3252.3,43,2,3252.6,80,3,3252.7,64,2
11536,2025-12-30 14:25:05+05:30,3251.2,90,3253.36,1554461,98931.0,126830.0,3250.0,3267.5,3239.8,3251.5,47007975,3576.6,2926.4,4322.95,2866.6,3251.2,80,3,3251.1,43,3,3251.0,29,2,3250.9,71,3,3250.8,41,2,3251.3,60,1,3252.0,10,1,3252.3,43,2,3252.6,80,3,3252.7,64,2
11536,2025-12-30 14:25:06+05:30,3251.2,1,3253.36,1554633,103656.0,126627.0,3250.0,3267.5,3239.8,3251.5,47007975,3576.6,2926.4,4322.95,2866.6,3251.1,16,2,3251.0,12,1,3250.9,24,2,3250.8,20,1,3250.7,178,2,3251.2,15,1,3251.3,14,1,3252.0,10,1,3252.3,43,2,3252.6,126,4
11536,2025-12-30 14:25:06+05:30,3251.2,1,3253.36,1554633,103656.0,126627.0,3250.0,3267.5,3239.8,3251.5,47007975,3576.6,2926.4,4322.95,2866.6,3251.1,16,2,3251.0,12,1,3250.9,24,2,3250.8,20,1,3250.7,178,2,3251.2,15,1,3251.3,14,1,3252.0,10,1,3252.3,43,2,3252.6,126,4
11536,2025-12-30 14:25:07+05:30,3251.2,1,3253.36,1554633,103686.0,126605.0,3250.0,3267.5,3239.8,3251.5,47007975,3576.6,2926.4,4322.95,2866.6,3251.1,16,2,3251.0,15,2,3250.9,24,2,3250.8,20,1,3250.7,205,3,3251.2,15,1,3251.3,14,1,3252.0,10,1,3252.3,43,2,3252.6,141,5
11536,2025-12-30 14:25:07+05:30,3251.1,1,3253.36,1554633,103686.0,126605.0,3250.0,3267.5,3239.8,3251.5,47007975,3576.6,2926.4,4322.95,2866.6,3251.1,16,2,3251.0,15,2,3250.9,24,2,3250.8,20,1,3250.7,205,3,3251.2,15,1,3251.3,14,1,3252.0,10,1,3252.3,43,2,3252.6,141,5
11536,2025-12-30 14:25:08+05:30,3251.1,1,3253.36,1554637,103018.0,126574.0,3250.0,3267.5,3239.8,3251.5,47007975,3576.6,2926.4,4322.95,2866.6,3251.1,90,5,3251.0,15,2,3250.9,1,1,3250.8,47,2,3250.7,198,3,3251.2,12,1,3251.3,14,1,3252.0,10,1,3252.3,43,2,3252.6,141,5
11536,2025-12-30 14:25:08+05:30,3251.1,2,3253.36,1554637,103018.0,126574.0,3250.0,3267.5,3239.8,3251.5,47007975,3576.6,2926.4,4322.95,2866.6,3251.1,90,5,3251.0,15,2,3250.9,1,1,3250.8,47,2,3250.7,198,3,3251.2,12,1,3251.3,14,1,3252.0,10,1,3252.3,43,2,3252.6,141,5
11536,2025-12-30 14:25:09+05:30,3251.1,2,3253.36,1554846,103267.0,127071.0,3250.0,3267.5,3239.8,3251.5,47007975,3576.6,2926.4,4322.95,2866.6,3251.0,15,2,3250.9,1,1,3250.8,20,1,3250.7,198,2,3250.6,35,2,3251.1,24,2,3251.2,14,1,3251.8,13,1,3252.0,10,1,3252.1,57,2
11536,2025-12-30 14:25:10+05:30,3251.1,9,3253.36,1554879,103334.0,127114.0,3250.0,3267.5,3239.8,3251.5,47007975,3576.6,2926.4,4322.95,2866.6,3251.0,16,3,3250.9,1,1,3250.8,39,2,3250.7,175,1,3250.6,35,2,3251.1,101,2,3251.2,14,1,3252.0,10,1,3252.1,57,2,3252.3,59,3
11536,2025-12-30 14:25:10+05:30,3251.1,9,3253.36,1554879,103334.0,127114.0,3250.0,3267.5,3239.8,3251.5,47007975,3576.6,2926.4,4322.95,2866.6,3251.0,16,3,3250.9,1,1,3250.8,39,2,3250.7,175,1,3250.6,35,2,3251.1,101,2,3251.2,14,1,3252.0,10,1,3252.1,57,2,3252.3,59,3
11536,2025-12-30 14:25:11+05:30,3251.3,102,3253.36,1555327,103494.0,127017.0,3250.0,3267.5,3239.8,3251.5,47007975,3576.6,2926.4,4322.95,2866.6,3251.0,53,5,3250.9,11,2,3250.8,43,2,3250.7,175,1,3250.6,56,3,3251.3,98,1,3252.0,10,1,3252.1,17,1,3252.2,19,1,3252.3,59,3
11536,2025-12-30 14:25:11+05:30,3251.3,2,3253.36,1555327,103494.0,127017.0,3250.0,3267.5,3239.8,3251.5,47007975,3576.6,2926.4,4322.95,2866.6,3251.0,53,5,3250.9,11,2,3250.8,43,2,3250.7,175,1,3250.6,56,3,3251.3,98,1,3252.0,10,1,3252.1,17,1,3252.2,19,1,3252.3,59,3
11536,2025-12-30 14:25:12+05:30,3251.3,2,3253.36,1555329,103542.0,127015.0,3250.0,3267.5,3239.8,3251.5,47007975,3576.6,2926.4,4322.95,2866.6,3251.0,39,4,3250.9,11,2,3250.8,43,2,3250.7,175,1,3250.6,76,4,3251.3,96,1,3252.0,10,1,3252.1,17,1,3252.2,19,1,3252.3,59,3
11536,2025-12-30 14:25:12+05:30,3251.0,1,3253.36,1555329,103542.0,127015.0,3250.0,3267.5,3239.8,3251.5,47007975,3576.6,2926.4,4322.95,2866.6,3251.0,39,4,3250.9,11,2,3250.8,43,2,3250.7,175,1,3250.6,76,4,3251.3,96,1,3252.0,10,1,3252.1,17,1,3252.2,19,1,3252.3,59,3
11536,2025-12-30 14:25:13+05:30,3251.0,1,3253.36,1555332,103568.0,127056.0,3250.0,3267.5,3239.8,3251.5,47007975,3576.6,2926.4,4322.95,2866.6,3251.0,48,5,3250.9,11,2,3250.8,59,3,3250.7,175,1,3250.6,56,3,3251.3,94,1,3252.0,10,1,3252.1,17,1,3252.2,19,1,3252.3,59,3
11536,2025-12-30 14:25:13+05:30,3251.0,1,3253.36,1555332,103568.0,127056.0,3250.0,3267.5,3239.8,3251.5,47007975,3576.6,2926.4,4322.95,2866.6,3251.0,48,5,3250.9,11,2,3250.8,59,3,3250.7,175,1,3250.6,56,3,3251.3,94,1,3252.0,10,1,3252.1,17,1,3252.2,19,1,3252.3,59,3
11536,2025-12-30 14:25:14+05:30,3251.0,1,3253.36,1555333,103575.0,126693.0,3250.0,3267.5,3239.8,3251.5,47007975,3576.6,2926.4,4322.95,2866.6,3251.0,57,6,3250.9,27,3,3250.8,27,1,3250.7,232,3,3250.6,76,4,3251.3,94,1,3252.0,10,1,3252.1,17,1,3252.2,19,1,3252.5,20,1
11536,2025-12-30 14:25:15+05:30,3250.8,26,3253.36,1555633,102881.0,127339.0,3250.0,3267.5,3239.8,3251.5,47007975,3576.6,2926.4,4322.95,2866.6,3250.8,37,2,3250.7,216,4,3250.6,92,5,3250.5,155,7,3250.4,35,2,3251.3,94,1,3252.0,10,1,3252.1,17,1,3252.2,19,1,3252.4,31,2
11536,2025-12-30 14:25:15+05:30,3251.3,1,3253.36,1555633,102881.0,127339.0,3250.0,3267.5,3239.8,3251.5,47007975,3576.6,2926.4,4322.95,2866.6,3250.8,37,2,3250.7,216,4,3250.6,92,5,3250.5,155,7,3250.4,35,2,3251.3,94,1,3252.0,10,1,3252.1,17,1,3252.2,19,1,3252.4,31,2
11536,2025-12-30 14:25:16+05:30,3251.3,1,3253.36,1555635,102699.0,127419.0,3250.0,3267.5,3239.8,3251.5,47007975,3576.6,2926.4,4322.95,2866.6,3251.0,15,2,3250.9,23,1,3250.8,14,1,3250.7,229,4,3250.6,92,5,3251.3,92,1,3252.0,10,1,3252.1,17,1,3252.2,19,1,3252.4,31,2
11536,2025-12-30 14:25:16+05:30,3251.3,1,3253.36,1555635,102699.0,127419.0,3250.0,3267.5,3239.8,3251.5,47007975,3576.6,2926.4,4322.95,2866.6,3251.0,15,2,3250.9,23,1,3250.8,14,1,3250.7,229,4,3250.6,92,5,3251.3,92,1,3252.0,10,1,3252.1,17,1,3252.2,19,1,3252.4,31,2
11536,2025-12-30 14:25:17+05:30,3251.3,1,3253.36,1555636,103049.0,127427.0,3250.0,3267.5,3239.8,3251.5,47007975,3576.6,2926.4,4322.95,2866.6,3251.0,15,2,3250.9,23,1,3250.8,14,1,3250.7,229,4,3250.6,92,5,3251.3,91,1,3252.0,10,1,3252.1,17,1,3252.2,19,1,3252.4,71,3
11536,2025-12-30 14:25:17+05:30,3250.6,141,3253.36,1555636,103049.0,127427.0,3250.0,3267.5,3239.8,3251.5,47007975,3576.6,2926.4,4322.95,2866.6,3251.0,15,2,3250.9,23,1,3250.8,14,1,3250.7,229,4,3250.6,92,5,3251.3,91,1,3252.0,10,1,3252.1,17,1,3252.2,19,1,3252.4,71,3
11536,2025-12-30 14:25:18+05:30,3250.6,141,3253.36,1556696,102067.0,127271.0,3250.0,3267.5,3239.8,3251.5,47007975,3576.6,2926.4,4322.95,2866.6,3250.7,254,6,3250.6,38,4,3250.5,25,3,3250.4,29,2,3250.3,19,2,3251.3,90,1,3252.0,10,1,3252.1,17,1,3252.2,62,3,3252.4,79,3
11536,2025-12-30 14:25:18+05:30,3250.7,1,3253.36,1556696,102067.0,127271.0,3250.0,3267.5,3239.8,3251.5,47007975,3576.6,2926.4,4322.95,2866.6,3250.7,254,6,3250.6,38,4,3250.5,25,3,3250.4,29,2,3250.3,19,2,3251.3,90,1,3252.0,10,1,3252.1,17,1,3252.2,62,3,3252.4,79,3
11536,2025-12-30 14:25:19+05:30,3250.7,39,3253.36,1556736,102132.0,127248.0,3250.0,3267.5,3239.8,3251.5,47007975,3576.6,2926.4,4322.95,2866.6,3250.7,276,7,3250.6,38,4,3250.5,49,4,3250.4,50,3,3250.3,19,2,3251.3,90,1,3252.0,10,1,3252.1,17,1,3252.2,62,3,3252.4,79,3
11536,2025-12-30 14:25:19+05:30,3251.3,47,3253.36,1556736,102132.0,127248.0,3250.0,3267.5,3239.8,3251.5,47007975,3576.6,2926.4,4322.95,2866.6,3250.7,276,7,3250.6,38,4,3250.5,49,4,3250.4,50,3,3250.3,19,2,3251.3,90,1,3252.0,10,1,3252.1,17,1,3252.2,62,3,3252.4,79,3
11536,2025-12-30 14:25:20+05:30,3251.3,13,3253.36,1556796,102494.0,127049.0,3250.0,3267.5,3239.8,3251.5,47007975,3576.6,2926.4,4322.95,2866.6,3250.8,91,6,3250.7,254,5,3250.6,28,3,3250.5,66,5,3250.4,50,3,3251.3,30,1,3252.0,10,1,3252.1,17,1,3252.2,22,2,3252.4,39,2
11536,2025-12-30 14:25:20+05:30,3251.3,13,3253.36,1556796,102494.0,127049.0,3250.0,3267.5,3239.8,3251.5,47007975,3576.6,2926.4,4322.95,2866.6,3250.8,91,6,3250.7,254,5,3250.6,28,3,3250.5,66,5,3250.4,50,3,3251.3,30,1,3252.0,10,1,3252.1,17,1,3252.2,22,2,3252.4,39,2
11536,2025-12-30 14:25:21+05:30,3251.3,13,3253.36,1556796,102520.0,127172.0,3250.0,3267.5,3239.8,3251.5,47007975,3576.6,2926.4,4322.95,2866.6,3250.8,104,8,3250.7,202,3,3250.6,49,4,3250.5,70,5,3250.4,50,3,3251.3,30,1,3252.0,10,1,3252.1,17,1,3252.2,22,2,3252.4,79,3
11536,2025-12-30 14:25:21+05:30,3251.3,20,3253.36,1556796,102520.0,127172.0,3250.0,3267.5,3239.8,3251.5,47007975,3576.6,2926.4,4322.95,2866.6,3250.8,104,8,3250.7,202,3,3250.6,49,4,3250.5,70,5,3250.4,50,3,3251.3,30,1,3252.0,10,1,3252.1,17,1,3252.2,22,2,3252.4,79,3
11536,2025-12-30 14:25:22+05:30,3252.8,14,3253.36,1557008,104252.0,125217.0,3250.0,3267.5,3239.8,3251.5,47007975,3576.6,2926.4,4322.95,2866.6,3251.2,104,6,3251.1,21,2,3251.0,22,1,3250.9,25,3,3250.8,163,7,3252.5,39,1,3252.6,39,1,3252.8,61,1,3252.9,64,4,3253.0,61,2
11536,2025-12-30 14:25:22+05:30,3252.5,1,3253.36,1557008,104252.0,125217.0,3250.0,3267.5,3239.8,3251.5,47007975,3576.6,2926.4,4322.95,2866.6,3251.2,104,6,3251.1,21,2,3251.0,22,1,3250.9,25,3,3250.8,163,7,3252.5,39,1,3252.6,39,1,3252.8,61,1,3252.9,64,4,3253.0,61,2
11536,2025-12-30 14:25:23+05:30,3252.5,3,3253.36,1557012,104278.0,125220.0,3250.0,3267.5,3239.8,3251.5,47007975,3576.6,2926.4,4322.95,2866.6,3251.2,124,8,3251.1,26,3,3251.0,22,1,3250.9,20,3,3250.8,163,7,3252.5,35,1,3252.6,39,1,3252.8,61,1,3252.9,64,4,3253.0,61,2
11536,2025-12-30 14:25:23+05:30,3252.5,3,3253.36,1557012,104278.0,125220.0,3250.0,3267.5,3239.8,3251.5,47007975,3576.6,2926.4,4322.95,2866.6,3251.2,124,8,3251.1,26,3,3251.0,22,1,3250.9,20,3,3250.8,163,7,3252.5,35,1,3252.6,39,1,3252.8,61,1,3252.9,64,4,3253.0,61,2
11536,2025-12-30 14:25:24+05:30,3251.2,6,3253.36,1557018,104254.0,125274.0,3250.0,3267.5,3239.8,3251.5,47007975,3576.6,2926.4,4322.95,2866.6,3251.2,118,8,3251.1,26,3,3251.0,22,1,3250.9,20,3,3250.8,143,6,3252.5,49,2,3252.6,79,2,3252.8,61,1,3252.9,78,5,3253.0,88,4
11536,2025-12-30 14:25:24+05:30,3251.2,1,3253.36,1557018,104254.0,125274.0,3250.0,3267.5,3239.8,3251.5,47007975,3576.6,2926.4,4322.95,2866.6,3251.2,118,8,3251.1,26,3,3251.0,22,1,3250.9,20,3,3250.8,143,6,3252.5,49,2,3252.6,79,2,3252.8,61,1,3252.9,78,5,3253.0,88,4
11536,2025-12-30 14:25:25+05:30,3252.5,1,3253.36,1557020,104407.0,125250.0,3250.0,3267.5,3239.8,3251.5,47007975,3576.6,2926.4,4322.95,2866.6,3251.2,168,8,3251.1,15,2,3251.0,22,1,3250.9,35,3,3250.8,143,6,3252.5,48,2,3252.6,79,2,3252.8,76,2,3252.9,78,5,3253.0,72,3
11536,2025-12-30 14:25:25+05:30,3252.6,26,3253.36,1557020,104407.0,125250.0,3250.0,3267.5,3239.8,3251.5,47007975,3576.6,2926.4,4322.95,2866.6,3251.2,168,8,3251.1,15,2,3251.0,22,1,3250.9,35,3,3250.8,143,6,3252.5,48,2,3252.6,79,2,3252.8,76,2,3252.9,78,5,3253.0,72,3
11536,2025-12-30 14:25:26+05:30,3252.6,26,3253.36,1557133,104736.0,124955.0,3250.0,3267.5,3239.8,3251.5,47007975,3576.6,2926.4,4322.95,2866.6,3251.4,26,2,3251.3,70,3,3251.2,136,7,3251.1,3,1,3251.0,65,3,3252.6,39,1,3252.8,115,3,3252.9,69,4,3253.0,15,1,3253.1,207,3
11536,2025-12-30 14:25:27+05:30,3251.4,3,3253.36,1557183,104919.0,124838.0,3250.0,3267.5,3239.8,3251.5,47007975,3576.6,2926.4,4322.95,2866.6,3251.4,84,5,3251.2,128,7,3251.1,35,2,3251.0,102,3,3250.9,177,5,3252.6,5,1,3252.8,65,3,3252.9,70,4,3253.0,15,1,3253.1,60,3
11536,2025-12-30 14:25:27+05:30,3251.4,3,3253.36,1557183,104919.0,124838.0,3250.0,3267.5,3239.8,3251.5,47007975,3576.6,2926.4,4322.95,2866.6,3251.4,84,5,3251.2,128,7,3251.1,35,2,3251.0,102,3,3250.9,177,5,3252.6,5,1,3252.8,65,3,3252.9,70,4,3253.0,15,1,3253.1,60,3
11536,2025-12-30 14:25:28+05:30,3252.6,1,3253.36,1557187,104990.0,124850.0,3250.0,3267.5,3239.8,3251.5,47007975,3576.6,2926.4,4322.95,2866.6,3251.4,82,6,3251.2,128,7,3251.1,35,2,3251.0,277,4,3250.9,180,6,3252.6,4,1,3252.8,65,3,3252.9,83,5,3253.0,15,1,3253.1,14,2
11536,2025-12-30 14:25:28+05:30,3252.6,1,3253.36,1557187,104990.0,124850.0,3250.0,3267.5,3239.8,3251.5,47007975,3576.6,2926.4,4322.95,2866.6,3251.4,82,6,3251.2,128,7,3251.1,35,2,3251.0,277,4,3250.9,180,6,3252.6,4,1,3252.8,65,3,3252.9,83,5,3253.0,15,1,3253.1,14,2
11536,2025-12-30 14:25:29+05:30,3251.4,1,3253.36,1557226,104646.0,125022.0,3250.0,3267.5,3239.8,3251.5,47007975,3576.6,2926.4,4322.95,2866.6,3251.4,116,5,3251.2,117,5,3251.1,35,2,3251.0,237,3,3250.9,177,5,3252.6,47,4,3252.7,51,2,3252.8,50,2,3252.9,78,6,3253.0,15,1
11536,2025-12-30 14:25:29+05:30,3251.4,1,3253.36,1557226,104646.0,125022.0,3250.0,3267.5,3239.8,3251.5,47007975,3576.6,2926.4,4322.95,2866.6,3251.4,116,5,3251.2,117,5,3251.1,35,2,3251.0,237,3,3250.9,177,5,3252.6,47,4,3252.7,51,2,3252.8,50,2,3252.9,78,6,3253.0,15,1
11536,2025-12-30 14:25:30+05:30,3251.4,1,3253.36,1557227,102179.0,125286.0,3250.0,3267.5,3239.8,3251.5,47007975,3576.6,2926.4,4322.95,2866.6,3251.4,89,4,3251.2,110,4,3251.1,35,2,3251.0,237,3,3250.9,177,5,3252.5,28,1,3252.6,80,6,3252.8,50,2,3252.9,78,6,3253.0,15,1
11536,2025-12-30 14:25:31+05:30,3252.4,1,3253.36,1557228,102058.0,125422.0,3250.0,3267.5,3239.8,3251.5,47007975,3576.6,2926.4,4322.95,2866.6,3251.4,79,3,3251.2,110,4,3251.1,35,2,3251.0,237,3,3250.9,116,3,3252.4,86,5,3252.5,10,1,3252.6,50,4,3252.8,61,3,3252.9,103,7
11536,2025-12-30 14:25:31+05:30,3252.4,2,3253.36,1557228,102058.0,125422.0,3250.0,3267.5,3239.8,3251.5,47007975,3576.6,2926.4,4322.95,2866.6,3251.4,79,3,3251.2,110,4,3251.1,35,2,3251.0,237,3,3250.9,116,3,3252.4,86,5,3252.5,10,1,3252.6,50,4,3252.8,61,3,3252.9,103,7
11536,2025-12-30 14:25:32+05:30,3252.4,2,3253.36,1557230,100862.0,125428.0,3250.0,3267.5,3239.8,3251.5,47007975,3576.6,2926.4,4322.95,2866.6,3251.4,79,3,3251.2,110,4,3251.1,210,3,3251.0,62,2,3250.9,116,3,3252.4,84,5,3252.5,10,1,3252.6,50,4,3252.8,61,3,3252.9,103,7
11536,2025-12-30 14:25:32+05:30,3250.9,286,3253.36,1557230,100862.0,125428.0,3250.0,3267.5,3239.8,3251.5,47007975,3576.6,2926.4,4322.95,2866.6,3251.4,79,3,3251.2,110,4,3251.1,210,3,3251.0,62,2,3250.9,116,3,3252.4,84,5,3252.5,10,1,3252.6,50,4,3252.8,61,3,3252.9,103,7
11536,2025-12-30 14:25:33+05:30,3250.9,286,3253.36,1558291,100903.0,126137.0,3250.0,3267.5,3239.8,3251.5,47007975,3576.6,2926.4,4322.95,2866.6,3250.9,37,2,3250.8,80,4,3250.7,157,2,3250.6,391,3,3250.5,165,7,3252.2,84,5,3252.3,61,1,3252.4,45,3,3252.5,37,3,3252.6,100,4
11536,2025-12-30 14:25:34+05:30,3250.9,286,3253.36,1558291,101129.0,126120.0,3250.0,3267.5,3239.8,3251.5,47007975,3576.6,2926.4,4322.95,2866.6,3250.9,44,3,3250.8,100,5,3250.7,197,3,3250.6,412,4,3250.5,165,7,3252.2,74,3,3252.3,61,1,3252.4,45,3,3252.5,37,3,3252.6,100,4
11536,2025-12-30 14:25:34+05:30,3251.0,50,3253.36,1558291,101129.0,126120.0,3250.0,3267.5,3239.8,3251.5,47007975,3576.6,2926.4,4322.95,2866.6,3250.9,44,3,3250.8,100,5,3250.7,197,3,3250.6,412,4,3250.5,165,7,3252.2,74,3,3252.3,61,1,3252.4,45,3,3252.5,37,3,3252.6,100,4
11536,2025-12-30 14:25:35+05:30,3252.4,1,3253.36,1558389,101664.0,125933.0,3250.0,3267.5,3239.8,3251.5,47007975,3576.6,2926.4,4322.95,2866.6,3251.1,17,1,3251.0,191,6,3250.8,135,5,3250.7,83,2,3250.6,521,6,3252.4,92,5,3252.5,84,2,3252.6,69,3,3252.7,45,3,3252.8,48,3
11536,2025-12-30 14:25:35+05:30,3251.1,1,3253.36,1558389,101664.0,125933.0,3250.0,3267.5,3239.8,3251.5,47007975,3576.6,2926.4,4322.95,2866.6,3251.1,17,1,3251.0,191,6,3250.8,135,5,3250.7,83,2,3250.6,521,6,3252.4,92,5,3252.5,84,2,3252.6,69,3,3252.7,45,3,3252.8,48,3
11536,2025-12-30 14:25:36+05:30,3251.1,1,3253.36,1558391,102200.0,125728.0,3250.0,3267.5,3239.8,3251.5,47007975,3576.6,2926.4,4322.95,2866.6,3251.5,3,1,3251.2,29,2,3251.1,34,2,3251.0,168,5,3250.8,64,4,3252.4,92,5,3252.5,50,2,3252.6,69,3,3252.7,3,1,3252.8,48,3
11536,2025-12-30 14:25:37+05:30,3251.1,1,3253.36,1558391,102565.0,125315.0,3250.0,3267.5,3239.8,3251.5,47007975,3576.6,2926.4,4322.95,2866.6,3251.5,4,2,3251.4,23,2,3251.3,27,1,3251.2,65,4,3251.1,20,2,3252.6,24,1,3252.7,67,4,3252.8,85,4,3252.9,45,3,3253.0,3,1
11536,2025-12-30 14:25:37+05:30,3252.6,1,3253.36,1558391,102565.0,125315.0,3250.0,3267.5,3239.8,3251.5,47007975,3576.6,2926.4,4322.95,2866.6,3251.5,4,2,3251.4,23,2,3251.3,27,1,3251.2,65,4,3251.1,20,2,3252.6,24,1,3252.7,67,4,3252.8,85,4,3252.9,45,3,3253.0,3,1
11536,2025-12-30 14:25:38+05:30,3252.4,5,3253.36,1558397,102288.0,125682.0,3250.0,3267.5,3239.8,3251.5,47007975,3576.6,2926.4,4322.95,2866.6,3251.5,4,2,3251.4,13,1,3251.2,42,3,3251.1,8,1,3251.0,46,2,3252.4,10,1,3252.5,115,6,3252.6,51,4,3252.7,33,3,3252.8,93,4
11536,2025-12-30 14:25:38+05:30,3252.4,5,3253.36,1558397,102288.0,125682.0,3250.0,3267.5,3239.8,3251.5,47007975,3576.6,2926.4,4322.95,2866.6,3251.5,4,2,3251.4,13,1,3251.2,42,3,3251.1,8,1,3251.0,46,2,3252.4,10,1,3252.5,115,6,3252.6,51,4,3252.7,33,3,3252.8,93,4
11536,2025-12-30 14:25:39+05:30,3251.5,1,3253.36,1558407,103957.0,125901.0,3250.0,3267.5,3239.8,3251.5,47007975,3576.6,2926.4,4322.95,2866.6,3251.4,13,1,3251.2,13,1,3251.1,8,1,3251.0,25,1,3250.9,50,2,3251.5,3,1,3252.4,25,2,3252.5,62,3,3252.6,42,3,3252.7,79,4
11536,2025-12-30 14:25:39+05:30,3251.5,1,3253.36,1558407,103957.0,125901.0,3250.0,3267.5,3239.8,3251.5,47007975,3576.6,2926.4,4322.95,2866.6,3251.4,13,1,3251.2,13,1,3251.1,8,1,3251.0,25,1,3250.9,50,2,3251.5,3,1,3252.4,25,2,3252.5,62,3,3252.6,42,3,3252.7,79,4
11536,2025-12-30 14:25:40+05:30,3251.5,1,3253.36,1558408,104425.0,125862.0,3250.0,3267.5,3239.8,3251.5,47007975,3576.6,2926.4,4322.95,2866.6,3251.4,13,1,3251.2,13,1,3251.1,8,1,3251.0,200,2,3250.9,50,2,3251.5,2,1,3252.4,25,2,3252.5,62,3,3252.6,42,3,3252.7,33,3
11536,2025-12-30 14:25:40+05:30,3251.4,1,3253.36,1558408,104425.0,125862.0,3250.0,3267.5,3239.8,3251.5,47007975,3576.6,2926.4,4322.95,2866.6,3251.4,13,1,3251.2,13,1,3251.1,8,1,3251.0,200,2,3250.9,50,2,3251.5,2,1,3252.4,25,2,3252.5,62,3,3252.6,42,3,3252.7,33,3
11536,2025-12-30 14:25:41+05:30,3251.4,1,3253.36,1558410,104337.0,125815.0,3250.0,3267.5,3239.8,3251.5,47007975,3576.6,2926.4,4322.95,2866.6,3251.4,12,1,3251.2,13,1,3251.1,8,1,3251.0,200,2,3250.9,23,1,3251.5,15,2,3251.9,8,1,3252.2,10,1,3252.4,25,2,3252.5,62,3
11536,2025-12-30 14:25:42+05:30,3251.4,27,3253.36,1558437,104154.0,126788.0,3250.0,3267.5,3239.8,3251.5,47007975,3576.6,2926.4,4322.95,2866.6,3251.4,13,1,3251.2,13,1,3251.1,8,1,3251.0,25,1,3250.9,23,1,3251.5,14,1,3252.2,10,1,3252.4,15,1,3252.5,12,1,3252.6,42,3
11536,2025-12-30 14:25:42+05:30,3251.5,3,3253.36,1558437,104154.0,126788.0,3250.0,3267.5,3239.8,3251.5,47007975,3576.6,2926.4,4322.95,2866.6,3251.4,13,1,3251.2,13,1,3251.1,8,1,3251.0,25,1,3250.9,23,1,3251.5,14,1,3252.2,10,1,3252.4,15,1,3252.5,12,1,3252.6,42,3
11536,2025-12-30 14:25:43+05:30,3251.2,12,3253.36,1558538,102960.0,127774.0,3250.0,3267.5,3239.8,3251.5,47007975,3576.6,2926.4,4322.95,2866.6,3251.2,1,1,3251.1,8,1,3251.0,25,1,3250.8,1,1,3250.6,371,2,3251.5,11,1,3251.9,34,2,3252.0,90,3,3252.1,51,1,3252.2,101,2
11536,2025-12-30 14:25:43+05:30,3251.2,12,3253.36,1558538,102960.0,127774.0,3250.0,3267.5,3239.8,3251.5,47007975,3576.6,2926.4,4322.95,2866.6,3251.2,1,1,3251.1,8,1,3251.0,25,1,3250.8,1,1,3250.6,371,2,3251.5,11,1,3251.9,34,2,3252.0,90,3,3252.1,51,1,3252.2,101,2
11536,2025-12-30 14:25:44+05:30,3251.2,12,3253.36,1558538,102408.0,127976.0,3250.0,3267.5,3239.8,3251.5,47007975,3576.6,2926.4,4322.95,2866.6,3251.2,1,1,3251.1,8,1,3251.0,25,1,3250.8,1,1,3250.6,371,2,3251.4,16,1,3251.5,11,1,3251.8,23,1,3251.9,28,1,3252.0,64,3
11536,2025-12-30 14:25:44+05:30,3251.4,1,3253.36,1558538,102408.0,127976.0,3250.0,3267.5,3239.8,3251.5,47007975,3576.6,2926.4,4322.95,2866.6,3251.2,1,1,3251.1,8,1,3251.0,25,1,3250.8,1,1,3250.6,371,2,3251.4,16,1,3251.5,11,1,3251.8,23,1,3251.9,28,1,3252.0,64,3
11536,2025-12-30 14:25:45+05:30,3251.2,17,3253.36,1558557,101814.0,126760.0,3250.0,3267.5,3239.8,3251.5,47007975,3576.6,2926.4,4322.95,2866.6,3251.2,13,1,3251.1,8,1,3251.0,25,1,3250.8,1,1,3250.6,456,3,3251.4,38,3,3251.5,11,1,3251.6,23,1,3251.7,55,3,3251.8,2,1
11536,2025-12-30 14:25:45+05:30,3251.2,17,3253.36,1558557,101814.0,126760.0,3250.0,3267.5,3239.8,3251.5,47007975,3576.6,2926.4,4322.95,2866.6,3251.2,13,1,3251.1,8,1,3251.0,25,1,3250.8,1,1,3250.6,456,3,3251.4,38,3,3251.5,11,1,3251.6,23,1,3251.7,55,3,3251.8,2,1
11536,2025-12-30 14:25:46+05:30,3251.4,7,3253.36,1558565,101752.0,128377.0,3250.0,3267.5,3239.8,3251.5,47007975,3576.6,2926.4,4322.95,2866.6,3251.2,13,1,3251.1,8,1,3251.0,25,1,3250.8,1,1,3250.6,456,3,3251.4,41,4,3251.6,23,1,3251.7,42,2,3251.8,2,1,3251.9,59,2
11536,2025-12-30 14:25:46+05:30,3251.2,1,3253.36,1558565,101752.0,128377.0,3250.0,3267.5,3239.8,3251.5,47007975,3576.6,2926.4,4322.95,2866.6,3251.2,13,1,3251.1,8,1,3251.0,25,1,3250.8,1,1,3250.6,456,3,3251.4,41,4,3251.6,23,1,3251.7,42,2,3251.8,2,1,3251.9,59,2
11536,2025-12-30 14:25:47+05:30,3251.2,17,3253.36,1558583,101571.0,128603.0,3250.0,3267.5,3239.8,3251.5,47007975,3576.6,2926.4,4322.95,2866.6,3251.2,13,1,3251.1,8,1,3251.0,25,1,3250.8,2,2,3250.6,456,3,3251.4,41,4,3251.5,28,1,3251.6,23,1,3251.7,15,1,3251.8,11,2
11536,2025-12-30 14:25:47+05:30,3250.6,175,3253.36,1558583,101571.0,128603.0,3250.0,3267.5,3239.8,3251.5,47007975,3576.6,2926.4,4322.95,2866.6,3251.2,13,1,3251.1,8,1,3251.0,25,1,3250.8,2,2,3250.6,456,3,3251.4,41,4,3251.5,28,1,3251.6,23,1,3251.7,15,1,3251.8,11,2
11536,2025-12-30 14:25:48+05:30,3250.6,2,3253.35,1559454,100317.0,129033.0,3250.0,3267.5,3239.8,3251.5,47007975,3576.6,2926.4,4322.95,2866.6,3250.5,33,3,3250.4,14,1,3250.3,2,1,3250.2,97,6,3250.1,312,7,3250.6,41,1,3251.3,28,1,3251.4,33,3,3251.6,5,2,3251.7,83,3
11536,2025-12-30 14:25:48+05:30,3250.5,2,3253.35,1559454,100317.0,129033.0,3250.0,3267.5,3239.8,3251.5,47007975,3576.6,2926.4,4322.95,2866.6,3250.5,33,3,3250.4,14,1,3250.3,2,1,3250.2,97,6,3250.1,312,7,3250.6,41,1,3251.3,28,1,3251.4,33,3,3251.6,5,2,3251.7,83,3
11536,2025-12-30 14:25:49+05:30,3250.6,1,3253.35,1559666,100496.0,128494.0,3250.0,3267.5,3239.8,3251.5,47007975,3576.6,2926.4,4322.95,2866.6,3250.5,10,2,3250.4,14,1,3250.3,33,3,3250.2,80,5,3250.1,318,8,3250.6,32,2,3251.4,16,1,3251.5,3,1,3251.6,3,1,3251.7,60,3
11536,2025-12-30 14:25:49+05:30,3250.5,6,3253.35,1559666,100496.0,128494.0,3250.0,3267.5,3239.8,3251.5,47007975,3576.6,2926.4,4322.95,2866.6,3250.5,10,2,3250.4,14,1,3250.3,33,3,3250.2,80,5,3250.1,318,8,3250.6,32,2,3251.4,16,1,3251.5,3,1,3251.6,3,1,3251.7,60,3
11536,2025-12-30 14:25:50+05:30,3250.5,6,3253.35,1559682,100447.0,128642.0,3250.0,3267.5,3239.8,3251.5,47007975,3576.6,2926.4,4322.95,2866.6,3250.5,66,3,3250.4,14,1,3250.3,17,2,3250.2,92,6,3250.1,309,7,3250.6,32,2,3251.5,3,1,3251.6,3,1,3251.7,216,4,3251.8,162,2
11536,2025-12-30 14:25:50+05:30,3250.6,1,3253.35,1559682,100447.0,128642.0,3250.0,3267.5,3239.8,3251.5,47007975,3576.6,2926.4,4322.95,2866.6,3250.5,66,3,3250.4,14,1,3250.3,17,2,3250.2,92,6,3250.1,309,7,3250.6,32,2,3251.5,3,1,3251.6,3,1,3251.7,216,4,3251.8,162,2
11536,2025-12-30 14:25:51+05:30,3250.6,1,3253.35,1559704,100565.0,128080.0,3250.0,3267.5,3239.8,3251.5,47007975,3576.6,2926.4,4322.95,2866.6,3250.5,55,3,3250.4,14,1,3250.3,2,1,3250.2,109,7,3250.1,309,7,3250.6,10,1,3251.5,3,1,3251.6,3,1,3251.7,43,2,3251.8,6,1
11536,2025-12-30 14:25:51+05:30,3251.5,3,3253.35,1559704,100565.0,128080.0,3250.0,3267.5,3239.8,3251.5,47007975,3576.6,2926.4,4322.95,2866.6,3250.5,55,3,3250.4,14,1,3250.3,2,1,3250.2,109,7,3250.1,309,7,3250.6,10,1,3251.5,3,1,3251.6,3,1,3251.7,43,2,3251.8,6,1
11536,2025-12-30 14:25:52+05:30,3250.5,6,3253.35,1559922,100921.0,127194.0,3250.0,3267.5,3239.8,3251.5,47007975,3576.6,2926.4,4322.95,2866.6,3250.5,59,4,3250.4,35,2,3250.3,2,1,3250.2,118,7,3250.1,267,5,3251.7,72,5,3251.8,29,1,3251.9,86,4,3252.0,33,2,3252.1,31,3
11536,2025-12-30 14:25:52+05:30,3250.5,1,3253.35,1559922,100921.0,127194.0,3250.0,3267.5,3239.8,3251.5,47007975,3576.6,2926.4,4322.95,2866.6,3250.5,59,4,3250.4,35,2,3250.3,2,1,3250.2,118,7,3250.1,267,5,3251.7,72,5,3251.8,29,1,3251.9,86,4,3252.0,33,2,3252.1,31,3
11536,2025-12-30 14:25:53+05:30,3250.5,1,3253.35,1559923,100967.0,127340.0,3250.0,3267.5,3239.8,3251.5,47007975,3576.6,2926.4,4322.95,2866.6,3250.5,58,4,3250.4,35,2,3250.3,14,2,3250.2,132,8,3250.1,281,6,3251.7,102,6,3251.8,29,1,3251.9,86,4,3252.0,33,2,3252.1,31,3
11536,2025-12-30 14:25:54+05:30,3250.5,17,3253.35,1559940,100950.0,127341.0,3250.0,3267.5,3239.8,3251.5,47007975,3576.6,2926.4,4322.95,2866.6,3250.5,41,4,3250.4,35,2,3250.3,14,2,3250.2,132,8,3250.1,281,6,3251.7,102,6,3251.8,29,1,3251.9,86,4,3252.0,33,2,3252.1,31,3
11536,2025-12-30 14:25:54+05:30,3250.5,17,3253.35,1559940,100950.0,127341.0,3250.0,3267.5,3239.8,3251.5,47007975,3576.6,2926.4,4322.95,2866.6,3250.5,41,4,3250.4,35,2,3250.3,14,2,3250.2,132,8,3250.1,281,6,3251.7,102,6,3251.8,29,1,3251.9,86,4,3252.0,33,2,3252.1,31,3
11536,2025-12-30 14:25:55+05:30,3251.7,1,3253.35,1559959,100911.0,127310.0,3250.0,3267.5,3239.8,3251.5,47007975,3576.6,2926.4,4322.95,2866.6,3250.5,23,4,3250.4,35,2,3250.3,14,2,3250.2,108,7,3250.1,281,6,3251.7,71,5,3251.8,29,1,3251.9,86,4,3252.0,33,2,3252.1,31,3
11536,2025-12-30 14:25:55+05:30,3251.7,1,3253.35,1559959,100911.0,127310.0,3250.0,3267.5,3239.8,3251.5,47007975,3576.6,2926.4,4322.95,2866.6,3250.5,23,4,3250.4,35,2,3250.3,14,2,3250.2,108,7,3250.1,281,6,3251.7,71,5,3251.8,29,1,3251.9,86,4,3252.0,33,2,3252.1,31,3
11536,2025-12-30 14:25:56+05:30,3251.7,1,3253.35,1559959,100892.0,127512.0,3250.0,3267.5,3239.8,3251.5,47007975,3576.6,2926.4,4322.95,2866.6,3250.5,13,3,3250.4,35,2,3250.3,14,2,3250.2,108,7,3250.1,281,6,3251.5,23,2,3251.6,34,2,3251.7,37,3,3251.8,29,1,3251.9,86,4
11536,2025-12-30 14:25:57+05:30,3250.5,2,3253.35,1559972,100217.0,128055.0,3250.0,3267.5,3239.8,3251.5,47007975,3576.6,2926.4,4322.95,2866.6,3250.4,14,1,3250.3,14,2,3250.2,75,5,3250.1,319,8,3250.0,1043,82,3250.5,3,1,3251.4,19,2,3251.5,54,4,3251.6,61,1,3251.7,131,5
11536,2025-12-30 14:25:57+05:30,3250.4,1,3253.35,1559972,100217.0,128055.0,3250.0,3267.5,3239.8,3251.5,47007975,3576.6,2926.4,4322.95,2866.6,3250.4,14,1,3250.3,14,2,3250.2,75,5,3250.1,319,8,3250.0,1043,82,3250.5,3,1,3251.4,19,2,3251.5,54,4,3251.6,61,1,3251.7,131,5
11536,2025-12-30 14:25:58+05:30,3250.4,2,3253.35,1559991,100716.0,128162.0,3250.0,3267.5,3239.8,3251.5,47007975,3576.6,2926.4,4322.95,2866.6,3250.4,12,2,3250.3,189,3,3250.2,75,5,3250.1,295,7,3250.0,1053,83,3250.5,3,1,3251.1,67,2,3251.2,29,1,3251.3,68,2,3251.4,83,4
11536,2025-12-30 14:25:58+05:30,3250.4,5,3253.35,1559991,100716.0,128162.0,3250.0,3267.5,3239.8,3251.5,47007975,3576.6,2926.4,4322.95,2866.6,3250.4,12,2,3250.3,189,3,3250.2,75,5,3250.1,295,7,3250.0,1053,83,3250.5,3,1,3251.1,67,2,3251.2,29,1,3251.3,68,2,3251.4,83,4
11536,2025-12-30 14:25:59+05:30,3250.5,14,3253.35,1560179,101016.0,128346.0,3250.0,3267.5,3239.8,3251.5,47007975,3576.6,2926.4,4322.95,2866.6,3250.5,161,1,3250.4,64,2,3250.3,189,3,3250.2,96,6,3250.1,295,7,3251.4,66,4,3251.5,25,3,3251.6,56,2,3251.7,87,5,3251.8,35,2
11536,2025-12-30 14:25:59+05:30,3250.5,14,3253.35,1560179,101016.0,128346.0,3250.0,3267.5,3239.8,3251.5,47007975,3576.6,2926.4,4322.95,2866.6,3250.5,161,1,3250.4,64,2,3250.3,189,3,3250.2,96,6,3250.1,295,7,3251.4,66,4,3251.5,25,3,3251.6,56,2,3251.7,87,5,3251.8,35,2
11536,2025-12-30 14:26:00+05:30,3250.5,14,3253.35,1560179,101168.0,128337.0,3250.0,3267.5,3239.8,3251.5,47007975,3576.6,2926.4,4322.95,2866.6,3250.6,100,1,3250.5,167,2,3250.4,66,3,3250.3,189,3,3250.2,96,6,3251.4,66,4,3251.5,25,3,3251.6,56,2,3251.7,44,3,3251.8,33,1
11536,2025-12-30 14:26:01+05:30,3251.4,2,3253.35,1560181,101200.0,128274.0,3250.0,3267.5,3239.8,3251.5,47007975,3576.6,2926.4,4322.95,2866.6,3250.6,116,2,3250.5,167,2,3250.4,66,3,3250.3,189,3,3250.2,96,6,3251.4,29,1,3251.5,5,2,3251.6,56,2,3251.7,68,4,3251.8,33,1
11536,2025-12-30 14:26:01+05:30,3251.4,2,3253.35,1560181,101200.0,128274.0,3250.0,3267.5,3239.8,3251.5,47007975,3576.6,2926.4,4322.95,2866.6,3250.6,116,2,3250.5,167,2,3250.4,66,3,3250.3,189,3,3250.2,96,6,3251.4,29,1,3251.5,5,2,3251.6,56,2,3251.7,68,4,3251.8,33,1
11536,2025-12-30 14:26:02+05:30,3251.5,1,3253.35,1560211,101384.0,128018.0,3250.0,3267.5,3239.8,3251.5,47007975,3576.6,2926.4,4322.95,2866.6,3250.6,116,2,3250.5,167,2,3250.4,88,4,3250.3,229,4,3250.2,105,7,3251.5,18,3,3251.6,56,2,3251.7,51,3,3251.8,33,1,3251.9,113,4
11536,2025-12-30 14:26:02+05:30,3250.2,11,3253.35,1560211,101384.0,128018.0,3250.0,3267.5,3239.8,3251.5,47007975,3576.6,2926.4,4322.95,2866.6,3250.6,116,2,3250.5,167,2,3250.4,88,4,3250.3,229,4,3250.2,105,7,3251.5,18,3,3251.6,56,2,3251.7,51,3,3251.8,33,1,3251.9,113,4
11536,2025-12-30 14:26:03+05:30,3250.2,11,3253.35,1561270,100432.0,128118.0,3250.0,3267.5,3239.8,3251.5,47007975,3576.6,2926.4,4322.95,2866.6,3250.3,185,2,3250.2,15,2,3250.1,253,7,3250.0,1064,84,3249.8,105,4,3251.5,41,5,3251.6,84,3,3251.7,49,2,3251.8,36,2,3251.9,113,4
11536,2025-12-30 14:26:03+05:30,3250.3,1,3253.35,1561270,100432.0,128118.0,3250.0,3267.5,3239.8,3251.5,47007975,3576.6,2926.4,4322.95,2866.6,3250.3,185,2,3250.2,15,2,3250.1,253,7,3250.0,1064,84,3249.8,105,4,3251.5,41,5,3251.6,84,3,3251.7,49,2,3251.8,36,2,3251.9,113,4
11536,2025-12-30 14:26:04+05:30,3251.5,2,3253.35,1561273,100974.0,127718.0,3250.0,3267.5,3239.8,3251.5,47007975,3576.6,2926.4,4322.95,2866.6,3251.4,5,1,3250.5,13,1,3250.4,82,2,3250.3,184,2,3250.2,85,3,3251.5,28,1,3251.6,37,3,3251.7,43,2,3251.9,46,3,3252.0,75,3
11536,2025-12-30 14:26:04+05:30,3251.5,2,3253.35,1561273,100974.0,127718.0,3250.0,3267.5,3239.8,3251.5,47007975,3576.6,2926.4,4322.95,2866.6,3251.4,5,1,3250.5,13,1,3250.4,82,2,3250.3,184,2,3250.2,85,3,3251.5,28,1,3251.6,37,3,3251.7,43,2,3251.9,46,3,3252.0,75,3
11536,2025-12-30 14:26:05+05:30,3251.6,1,3253.35,1561274,101807.0,127614.0,3250.0,3267.5,3239.8,3251.5,47007975,3576.6,2926.4,4322.95,2866.6,3251.5,1,1,3251.4,7,2,3250.7,19,1,3250.6,110,4,3250.5,96,3,3251.7,19,1,3251.9,20,1,3252.0,24,1,3252.2,34,2,3252.3,109,5
11536,2025-12-30 14:26:05+05:30,3251.6,1,3253.35,1561274,101807.0,127614.0,3250.0,3267.5,3239.8,3251.5,47007975,3576.6,2926.4,4322.95,2866.6,3251.5,1,1,3251.4,7,2,3250.7,19,1,3250.6,110,4,3250.5,96,3,3251.7,19,1,3251.9,20,1,3252.0,24,1,3252.2,34,2,3252.3,109,5
11536,2025-12-30 14:26:06+05:30,3251.4,5,3253.35,1561489,97311.0,126404.0,3250.0,3267.5,3239.8,3251.5,47007975,3576.6,2926.4,4322.95,2866.6,3251.4,7,2,3250.8,20,1,3250.7,12,1,3250.6,121,5,3250.5,40,1,3252.2,101,5,3252.3,68,2,3252.4,39,1,3252.5,43,2,3252.6,137,6
11536,2025-12-30 14:26:06+05:30,3251.4,5,3253.35,1561489,97311.0,126404.0,3250.0,3267.5,3239.8,3251.5,47007975,3576.6,2926.4,4322.95,2866.6,3251.4,7,2,3250.8,20,1,3250.7,12,1,3250.6,121,5,3250.5,40,1,3252.2,101,5,3252.3,68,2,3252.4,39,1,3252.5,43,2,3252.6,137,6
11536,2025-12-30 14:26:07+05:30,3252.0,3,3253.35,1561531,100111.0,127423.0,3250.0,3267.5,3239.8,3251.5,47007975,3576.6,2926.4,4322.95,2866.6,3251.4,2,1,3250.8,20,1,3250.7,12,1,3250.6,60,4,3250.4,181,4,3252.0,49,2,3252.1,14,1,3252.2,30,2,3252.3,40,1,3252.4,39,1
11536,2025-12-30 14:26:07+05:30,3252.0,3,3253.35,1561531,100111.0,127423.0,3250.0,3267.5,3239.8,3251.5,47007975,3576.6,2926.4,4322.95,2866.6,3251.4,2,1,3250.8,20,1,3250.7,12,1,3250.6,60,4,3250.4,181,4,3252.0,49,2,3252.1,14,1,3252.2,30,2,3252.3,40,1,3252.4,39,1
11536,2025-12-30 14:26:08+05:30,3252.0,4,3253.35,1561535,100117.0,127326.0,3250.0,3267.5,3239.8,3251.5,47007975,3576.6,2926.4,4322.95,2866.6,3251.4,2,1,3250.8,25,2,3250.6,60,4,3250.5,13,1,3250.4,181,4,3251.9,46,2,3252.0,28,1,3252.1,14,1,3252.2,10,1,3252.3,40,1
11536,2025-12-30 14:26:08+05:30,3252.0,4,3253.35,1561535,100117.0,127326.0,3250.0,3267.5,3239.8,3251.5,47007975,3576.6,2926.4,4322.95,2866.6,3251.4,2,1,3250.8,25,2,3250.6,60,4,3250.5,13,1,3250.4,181,4,3251.9,46,2,3252.0,28,1,3252.1,14,1,3252.2,10,1,3252.3,40,1
11536,2025-12-30 14:26:09+05:30,3251.4,2,3253.35,1561537,99474.0,127722.0,3250.0,3267.5,3239.8,3251.5,47007975,3576.6,2926.4,4322.95,2866.6,3250.8,5,1,3250.6,41,3,3250.4,121,2,3250.3,51,5,3250.2,44,3,3251.4,18,2,3251.8,24,1,3251.9,64,3,3252.0,43,2,3252.1,7,1
11536,2025-12-30 14:26:09+05:30,3250.8,1,3253.35,1561537,99474.0,127722.0,3250.0,3267.5,3239.8,3251.5,47007975,3576.6,2926.4,4322.95,2866.6,3250.8,5,1,3250.6,41,3,3250.4,121,2,3250.3,51,5,3250.2,44,3,3251.4,18,2,3251.8,24,1,3251.9,64,3,3252.0,43,2,3252.1,7,1
11536,2025-12-30 14:26:10+05:30,3250.8,1,3253.35,1561538,99553.0,127723.0,3250.0,3267.5,3239.8,3251.5,47007975,3576.6,2926.4,4322.95,2866.6,3250.8,4,1,3250.6,41,3,3250.4,121,2,3250.3,51,5,3250.2,44,3,3251.4,18,2,3251.5,1,1,3251.8,52,2,3251.9,36,2,3252.0,43,2
11536,2025-12-30 14:26:10+05:30,3250.8,17,3253.35,1561538,99553.0,127723.0,3250.0,3267.5,3239.8,3251.5,47007975,3576.6,2926.4,4322.95,2866.6,3250.8,4,1,3250.6,41,3,3250.4,121,2,3250.3,51,5,3250.2,44,3,3251.4,18,2,3251.5,1,1,3251.8,52,2,3251.9,36,2,3252.0,43,2
11536,2025-12-30 14:26:11+05:30,3251.4,1,3253.35,1561558,99315.0,127703.0,3250.0,3267.5,3239.8,3251.5,47007975,3576.6,2926.4,4322.95,2866.6,3250.8,52,2,3250.6,41,3,3250.4,121,2,3250.3,226,7,3250.2,44,3,3251.4,19,2,3251.5,1,1,3251.7,43,2,3251.8,28,1,3251.9,22,1
11536,2025-12-30 14:26:11+05:30,3250.8,1,3253.35,1561558,99315.0,127703.0,3250.0,3267.5,3239.8,3251.5,47007975,3576.6,2926.4,4322.95,2866.6,3250.8,52,2,3250.6,41,3,3250.4,121,2,3250.3,226,7,3250.2,44,3,3251.4,19,2,3251.5,1,1,3251.7,43,2,3251.8,28,1,3251.9,22,1
11536,2025-12-30 14:26:12+05:30,3250.8,31,3253.35,1561597,98220.0,128036.0,3250.0,3267.5,3239.8,3251.5,47007975,3576.6,2926.4,4322.95,2866.6,3250.8,22,3,3250.6,41,3,3250.4,121,2,3250.3,226,7,3250.2,44,3,3251.4,12,1,3251.5,1,1,3251.7,24,1,3251.8,28,1,3251.9,22,1
11536,2025-12-30 14:26:12+05:30,3251.4,2,3253.35,1561597,98220.0,128036.0,3250.0,3267.5,3239.8,3251.5,47007975,3576.6,2926.4,4322.95,2866.6,3250.8,22,3,3250.6,41,3,3250.4,121,2,3250.3,226,7,3250.2,44,3,3251.4,12,1,3251.5,1,1,3251.7,24,1,3251.8,28,1,3251.9,22,1
11536,2025-12-30 14:26:13+05:30,3250.8,1,3253.35,1561601,99762.0,127892.0,3250.0,3267.5,3239.8,3251.5,47007975,3576.6,2926.4,4322.95,2866.6,3250.8,21,3,3250.7,46,3,3250.6,41,3,3250.4,199,4,3250.3,256,7,3251.4,9,1,3251.5,1,1,3252.0,5,2,3252.1,32,1,3252.2,177,3
11536,2025-12-30 14:26:13+05:30,3250.8,1,3253.35,1561601,99762.0,127892.0,3250.0,3267.5,3239.8,3251.5,47007975,3576.6,2926.4,4322.95,2866.6,3250.8,21,3,3250.7,46,3,3250.6,41,3,3250.4,199,4,3250.3,256,7,3251.4,9,1,3251.5,1,1,3252.0,5,2,3252.1,32,1,3252.2,177,3
11536,2025-12-30 14:26:14+05:30,3250.8,2,3253.35,1561618,98566.0,127889.0,3250.0,3267.5,3239.8,3251.5,47007975,3576.6,2926.4,4322.95,2866.6,3250.8,4,2,3250.7,34,2,3250.6,41,3,3250.4,182,3,3250.3,247,6,3251.4,9,1,3251.5,1,1,3252.0,5,2,3252.1,46,2,3252.2,177,3
11536,2025-12-30 14:26:14+05:30,3250.8,1,3253.35,1561618,98566.0,127889.0,3250.0,3267.5,3239.8,3251.5,47007975,3576.6,2926.4,4322.95,2866.6,3250.8,4,2,3250.7,34,2,3250.6,41,3,3250.4,182,3,3250.3,247,6,3251.4,9,1,3251.5,1,1,3252.0,5,2,3252.1,46,2,3252.2,177,3
11536,2025-12-30 14:26:15+05:30,3251.4,1,3253.35,1561629,98493.0,127890.0,3250.0,3267.5,3239.8,3251.5,47007975,3576.6,2926.4,4322.95,2866.6,3250.8,4,1,3250.7,10,1,3250.6,55,4,3250.4,182,3,3250.3,271,7,3251.4,13,1,3251.5,1,1,3251.9,24,1,3252.0,19,3,3252.1,72,2
11536,2025-12-30 14:26:15+05:30,3250.8,4,3253.35,1561629,98493.0,127890.0,3250.0,3267.5,3239.8,3251.5,47007975,3576.6,2926.4,4322.95,2866.6,3250.8,4,1,3250.7,10,1,3250.6,55,4,3250.4,182,3,3250.3,271,7,3251.4,13,1,3251.5,1,1,3251.9,24,1,3252.0,19,3,3252.1,72,2
11536,2025-12-30 14:26:16+05:30,3250.8,1,3253.35,1561634,101327.0,128237.0,3250.0,3267.5,3239.8,3251.5,47007975,3576.6,2926.4,4322.95,2866.6,3250.6,41,3,3250.4,143,3,3250.3,216,5,3250.2,44,3,3250.1,327,8,3250.8,12,1,3251.4,25,2,3251.5,1,1,3251.7,31,2,3251.9,61,1
11536,2025-12-30 14:26:16+05:30,3250.8,1,3253.35,1561634,101327.0,128237.0,3250.0,3267.5,3239.8,3251.5,47007975,3576.6,2926.4,4322.95,2866.6,3250.6,41,3,3250.4,143,3,3250.3,216,5,3250.2,44,3,3250.1,327,8,3250.8,12,1,3251.4,25,2,3251.5,1,1,3251.7,31,2,3251.9,61,1
11536,2025-12-30 14:26:17+05:30,3250.6,1,3253.35,1561635,101322.0,128176.0,3250.0,3267.5,3239.8,3251.5,47007975,3576.6,2926.4,4322.95,2866.6,3250.6,40,3,3250.4,143,3,3250.3,200,4,3250.2,44,3,3250.1,327,8,3250.8,12,1,3251.4,25,2,3251.5,15,2,3251.7,17,1,3252.0,421,9
11536,2025-12-30 14:26:17+05:30,3250.1,13,3253.35,1561635,101322.0,128176.0,3250.0,3267.5,3239.8,3251.5,47007975,3576.6,2926.4,4322.95,2866.6,3250.6,40,3,3250.4,143,3,3250.3,200,4,3250.2,44,3,3250.1,327,8,3250.8,12,1,3251.4,25,2,3251.5,15,2,3251.7,17,1,3252.0,421,9
11536,2025-12-30 14:26:18+05:30,3250.1,13,3253.35,1562694,100108.0,128428.0,3250.0,3267.5,3239.8,3251.5,47007975,3576.6,2926.4,4322.95,2866.6,3250.2,175,1,3250.1,40,4,3250.0,1093,87,3249.9,43,2,3249.8,52,2,3250.8,25,2,3251.5,54,3,3251.7,81,3,3251.8,104,3,3251.9,152,4
11536,2025-12-30 14:26:18+05:30,3250.6,16,3253.35,1562694,100108.0,128428.0,3250.0,3267.5,3239.8,3251.5,47007975,3576.6,2926.4,4322.95,2866.6,3250.2,175,1,3250.1,40,4,3250.0,1093,87,3249.9,43,2,3249.8,52,2,3250.8,25,2,3251.5,54,3,3251.7,81,3,3251.8,104,3,3251.9,152,4
11536,2025-12-30 14:26:19+05:30,3250.8,13,3253.35,1562774,100678.0,128103.0,3250.0,3267.5,3239.8,3251.5,47007975,3576.6,2926.4,4322.95,2866.6,3250.8,5,1,3250.6,9,1,3250.3,175,1,3250.2,21,1,3250.1,79,5,3251.4,52,2,3251.5,56,3,3251.6,14,1,3251.7,37,2,3251.8,43,2
11536,2025-12-30 14:26:19+05:30,3250.8,16,3253.35,1562774,100678.0,128103.0,3250.0,3267.5,3239.8,3251.5,47007975,3576.6,2926.4,4322.95,2866.6,3250.8,5,1,3250.6,9,1,3250.3,175,1,3250.2,21,1,3250.1,79,5,3251.4,52,2,3251.5,56,3,3251.6,14,1,3251.7,37,2,3251.8,43,2
11536,2025-12-30 14:26:20+05:30,3250.8,16,3253.35,1562790,100630.0,128157.0,3250.0,3267.5,3239.8,3251.5,47007975,3576.6,2926.4,4322.95,2866.6,3250.8,51,2,3250.6,9,1,3250.4,20,1,3250.3,184,2,3250.2,21,1,3251.4,65,3,3251.5,56,3,3251.7,52,3,3251.8,43,2,3251.9,20,1
11536,2025-12-30 14:26:20+05:30,3250.8,1,3253.35,1562790,100630.0,128157.0,3250.0,3267.5,3239.8,3251.5,47007975,3576.6,2926.4,4322.95,2866.6,3250.8,51,2,3250.6,9,1,3250.4,20,1,3250.3,184,2,3250.2,21,1,3251.4,65,3,3251.5,56,3,3251.7,52,3,3251.8,43,2,3251.9,20,1
11536,2025-12-30 14:26:21+05:30,3250.8,1,3253.35,1562791,100629.0,128157.0,3250.0,3267.5,3239.8,3251.5,47007975,3576.6,2926.4,4322.95,2866.6,3250.8,50,2,3250.6,9,1,3250.4,20,1,3250.3,184,2,3250.2,21,1,3251.4,65,3,3251.5,56,3,3251.7,52,3,3251.8,43,2,3251.9,20,1
11536,2025-12-30 14:26:22+05:30,3251.7,8,3253.35,1562990,101406.0,127014.0,3250.0,3267.5,3239.8,3251.5,47007975,3576.6,2926.4,4322.95,2866.6,3251.4,2,1,3250.8,33,1,3250.6,29,2,3250.4,82,2,3250.3,70,2,3251.6,101,7,3251.7,12,1,3251.8,64,3,3251.9,29,2,3252.0,64,6
11536,2025-12-30 14:26:22+05:30,3251.7,8,3253.35,1562990,101406.0,127014.0,3250.0,3267.5,3239.8,3251.5,47007975,3576.6,2926.4,4322.95,2866.6,3251.4,2,1,3250.8,33,1,3250.6,29,2,3250.4,82,2,3250.3,70,2,3251.6,101,7,3251.7,12,1,3251.8,64,3,3251.9,29,2,3252.0,64,6
11536,2025-12-30 14:26:23+05:30,3251.6,3,3253.35,1562993,101449.0,127659.0,3250.0,3267.5,3239.8,3251.5,47007975,3576.6,2926.4,4322.95,2866.6,3251.4,2,1,3250.8,33,1,3250.6,32,3,3250.4,82,2,3250.3,70,2,3251.6,144,11,3251.7,31,4,3251.8,64,3,3251.9,29,2,3252.0,64,6
11536,2025-12-30 14:26:23+05:30,3251.6,3,3253.35,1562993,101449.0,127659.0,3250.0,3267.5,3239.8,3251.5,47007975,3576.6,2926.4,4322.95,2866.6,3251.4,2,1,3250.8,33,1,3250.6,32,3,3250.4,82,2,3250.3,70,2,3251.6,144,11,3251.7,31,4,3251.8,64,3,3251.9,29,2,3252.0,64,6
11536,2025-12-30 14:26:24+05:30,3251.4,45,3253.35,1563051,100900.0,128277.0,3250.0,3267.5,3239.8,3251.5,47007975,3576.6,2926.4,4322.95,2866.6,3250.6,12,2,3250.4,21,1,3250.3,9,1,3250.2,35,2,3250.1,67,3,3251.5,50,3,3251.6,77,5,3251.7,141,7,3251.8,64,3,3251.9,29,2
11536,2025-12-30 14:26:24+05:30,3251.4,45,3253.35,1563051,100900.0,128277.0,3250.0,3267.5,3239.8,3251.5,47007975,3576.6,2926.4,4322.95,2866.6,3250.6,12,2,3250.4,21,1,3250.3,9,1,3250.2,35,2,3250.1,67,3,3251.5,50,3,3251.6,77,5,3251.7,141,7,3251.8,64,3,3251.9,29,2
11536,2025-12-30 14:26:25+05:30,3250.8,1,3253.35,1563052,100685.0,129102.0,3250.0,3267.5,3239.8,3251.5,47007975,3576.6,2926.4,4322.95,2866.6,3250.6,27,3,3250.3,9,1,3250.2,14,1,3250.1,119,5,3250.0,1087,85,3250.8,240,8,3251.3,11,1,3251.4,9,1,3251.6,29,2,3251.7,47,4
11536,2025-12-30 14:26:25+05:30,3250.8,1,3253.35,1563052,100685.0,129102.0,3250.0,3267.5,3239.8,3251.5,47007975,3576.6,2926.4,4322.95,2866.6,3250.6,27,3,3250.3,9,1,3250.2,14,1,3250.1,119,5,3250.0,1087,85,3250.8,240,8,3251.3,11,1,3251.4,9,1,3251.6,29,2,3251.7,47,4
11536,2025-12-30 14:26:26+05:30,3250.6,1,3253.35,1563053,100273.0,129165.0,3250.0,3267.5,3239.8,3251.5,47007975,3576.6,2926.4,4322.95,2866.6,3250.6,26,3,3250.3,9,1,3250.2,14,1,3250.1,67,3,3250.0,1087,85,3250.8,243,9,3250.9,13,1,3251.1,15,1,3251.2,39,2,3251.3,11,1
11536,2025-12-30 14:26:26+05:30,3250.6,1,3253.35,1563053,100273.0,129165.0,3250.0,3267.5,3239.8,3251.5,47007975,3576.6,2926.4,4322.95,2866.6,3250.6,26,3,3250.3,9,1,3250.2,14,1,3250.1,67,3,3250.0,1087,85,3250.8,243,9,3250.9,13,1,3251.1,15,1,3251.2,39,2,3251.3,11,1
11536,2025-12-30 14:26:27+05:30,3250.6,1,3253.35,1563054,100084.0,129190.0,3250.0,3267.5,3239.8,3251.5,47007975,3576.6,2926.4,4322.95,2866.6,3250.6,25,3,3250.3,9,1,3250.2,14,1,3250.1,67,3,3250.0,1087,85,3250.7,468,8,3250.9,18,2,3251.1,15,1,3251.2,39,2,3251.3,11,1
11536,2025-12-30 14:26:27+05:30,3250.6,16,3253.35,1563054,100084.0,129190.0,3250.0,3267.5,3239.8,3251.5,47007975,3576.6,2926.4,4322.95,2866.6,3250.6,25,3,3250.3,9,1,3250.2,14,1,3250.1,67,3,3250.0,1087,85,3250.7,468,8,3250.9,18,2,3251.1,15,1,3251.2,39,2,3251.3,11,1
11536,2025-12-30 14:26:28+05:30,3250.3,8,3253.35,1563180,99472.0,129332.0,3250.0,3267.5,3239.8,3251.5,47007975,3576.6,2926.4,4322.95,2866.6,3250.2,14,1,3250.1,15,2,3250.0,1065,84,3249.8,24,1,3249.7,52,1,3250.3,171,3,3250.6,1,1,3250.7,223,4,3251.1,15,1,3251.2,33,3
11536,2025-12-30 14:26:28+05:30,3250.2,52,3253.35,1563180,99472.0,129332.0,3250.0,3267.5,3239.8,3251.5,47007975,3576.6,2926.4,4322.95,2866.6,3250.2,14,1,3250.1,15,2,3250.0,1065,84,3249.8,24,1,3249.7,52,1,3250.3,171,3,3250.6,1,1,3250.7,223,4,3251.1,15,1,3251.2,33,3
11536,2025-12-30 14:26:29+05:30,3250.0,33,3253.35,1563563,98363.0,129847.0,3250.0,3267.5,3239.8,3251.5,47007975,3576.6,2926.4,4322.95,2866.6,3250.0,947,64,3249.7,52,1,3249.6,195,3,3249.5,24,1,3249.4,22,1,3250.2,116,3,3250.3,39,3,3250.5,9,1,3250.6,1,1,3250.8,19,1
11536,2025-12-30 14:26:29+05:30,3250.0,33,3253.35,1563563,98363.0,129847.0,3250.0,3267.5,3239.8,3251.5,47007975,3576.6,2926.4,4322.95,2866.6,3250.0,947,64,3249.7,52,1,3249.6,195,3,3249.5,24,1,3249.4,22,1,3250.2,116,3,3250.3,39,3,3250.5,9,1,3250.6,1,1,3250.8,19,1
11536,2025-12-30 14:26:30+05:30,3250.0,33,3253.35,1563563,98627.0,129880.0,3250.0,3267.5,3239.8,3251.5,47007975,3576.6,2926.4,4322.95,2866.6,3250.0,1142,65,3249.7,52,1,3249.6,195,3,3249.5,24,1,3249.4,41,2,3250.1,101,2,3250.2,145,5,3250.3,11,1,3250.5,9,1,3250.6,1,1
11536,2025-12-30 14:26:31+05:30,3250.2,1,3253.35,1563679,98707.0,129686.0,3250.0,3267.5,3239.8,3251.5,47007975,3576.6,2926.4,4322.95,2866.6,3250.1,65,1,3250.0,1117,66,3249.7,52,1,3249.6,20,2,3249.5,110,3,3250.2,142,4,3250.3,23,2,3250.5,9,1,3250.6,1,1,3250.8,23,1
11536,2025-12-30 14:26:31+05:30,3250.1,1,3253.35,1563679,98707.0,129686.0,3250.0,3267.5,3239.8,3251.5,47007975,3576.6,2926.4,4322.95,2866.6,3250.1,65,1,3250.0,1117,66,3249.7,52,1,3249.6,20,2,3249.5,110,3,3250.2,142,4,3250.3,23,2,3250.5,9,1,3250.6,1,1,3250.8,23,1
11536,2025-12-30 14:26:32+05:30,3250.1,1,3253.35,1563682,98673.0,129320.0,3250.0,3267.5,3239.8,3251.5,47007975,3576.6,2926.4,4322.95,2866.6,3250.0,1181,67,3249.7,75,2,3249.6,63,4,3249.5,110,3,3249.4,41,2,3250.1,2,2,3250.2,139,3,3250.3,23,2,3250.5,9,1,3250.6,1,1
11536,2025-12-30 14:26:32+05:30,3250.0,176,3253.35,1563682,98673.0,129320.0,3250.0,3267.5,3239.8,3251.5,47007975,3576.6,2926.4,4322.95,2866.6,3250.0,1181,67,3249.7,75,2,3249.6,63,4,3249.5,110,3,3249.4,41,2,3250.1,2,2,3250.2,139,3,3250.3,23,2,3250.5,9,1,3250.6,1,1
11536,2025-12-30 14:26:33+05:30,3250.0,3,3253.34,1564933,97276.0,129844.0,3250.0,3267.5,3239.8,3251.5,47007975,3576.6,2926.4,4322.95,2866.6,3250.0,155,6,3249.9,11,1,3249.7,16,1,3249.6,19,2,3249.5,122,2,3250.1,202,6,3250.2,100,2,3250.5,9,1,3250.6,19,1,3250.7,82,3
11536,2025-12-30 14:26:33+05:30,3250.0,3,3253.34,1564933,97276.0,129844.0,3250.0,3267.5,3239.8,3251.5,47007975,3576.6,2926.4,4322.95,2866.6,3250.0,155,6,3249.9,11,1,3249.7,16,1,3249.6,19,2,3249.5,122,2,3250.1,202,6,3250.2,100,2,3250.5,9,1,3250.6,19,1,3250.7,82,3
11536,2025-12-30 14:26:34+05:30,3250.0,3,3253.34,1564933,97314.0,129834.0,3250.0,3267.5,3239.8,3251.5,47007975,3576.6,2926.4,4322.95,2866.6,3250.0,155,6,3249.9,11,1,3249.7,16,1,3249.6,19,2,3249.5,122,2,3250.1,202,6,3250.2,100,2,3250.5,9,1,3250.6,19,1,3250.7,82,3
11536,2025-12-30 14:26:34+05:30,3250.0,63,3253.34,1564933,97314.0,129834.0,3250.0,3267.5,3239.8,3251.5,47007975,3576.6,2926.4,4322.95,2866.6,3250.0,155,6,3249.9,11,1,3249.7,16,1,3249.6,19,2,3249.5,122,2,3250.1,202,6,3250.2,100,2,3250.5,9,1,3250.6,19,1,3250.7,82,3
11536,2025-12-30 14:26:35+05:30,3250.1,1,3253.34,1565261,97297.0,129782.0,3250.0,3267.5,3239.8,3251.5,47007975,3576.6,2926.4,4322.95,2866.6,3250.0,35,4,3249.9,11,1,3249.7,16,1,3249.6,19,2,3249.5,122,2,3250.1,225,4,3250.2,38,1,3250.5,23,2,3250.6,19,1,3250.7,55,2
11536,2025-12-30 14:26:35+05:30,3250.1,1,3253.34,1565261,97297.0,129782.0,3250.0,3267.5,3239.8,3251.5,47007975,3576.6,2926.4,4322.95,2866.6,3250.0,35,4,3249.9,11,1,3249.7,16,1,3249.6,19,2,3249.5,122,2,3250.1,225,4,3250.2,38,1,3250.5,23,2,3250.6,19,1,3250.7,55,2
11536,2025-12-30 14:26:36+05:30,3250.1,1,3253.34,1565261,97427.0,129739.0,3250.0,3267.5,3239.8,3251.5,47007975,3576.6,2926.4,4322.95,2866.6,3250.0,134,5,3249.9,26,2,3249.7,16,1,3249.6,58,4,3249.5,151,4,3250.1,225,4,3250.2,38,1,3250.5,9,1,3250.9,19,1,3251.0,40,1
11536,2025-12-30 14:26:37+05:30,3250.1,21,3253.34,1565486,97456.0,129359.0,3250.0,3267.5,3239.8,3251.5,47007975,3576.6,2926.4,4322.95,2866.6,3250.0,134,5,3249.9,26,2,3249.8,8,2,3249.7,39,2,3249.6,75,5,3250.5,97,3,3250.6,50,2,3250.7,25,1,3250.8,25,1,3251.2,18,2
11536,2025-12-30 14:26:37+05:30,3250.0,1,3253.34,1565486,97456.0,129359.0,3250.0,3267.5,3239.8,3251.5,47007975,3576.6,2926.4,4322.95,2866.6,3250.0,134,5,3249.9,26,2,3249.8,8,2,3249.7,39,2,3249.6,75,5,3250.5,97,3,3250.6,50,2,3250.7,25,1,3250.8,25,1,3251.2,18,2
11536,2025-12-30 14:26:38+05:30,3250.0,1,3253.34,1565487,97543.0,129359.0,3250.0,3267.5,3239.8,3251.5,47007975,3576.6,2926.4,4322.95,2866.6,3250.0,134,6,3249.9,28,2,3249.8,45,4,3249.7,16,1,3249.6,102,6,3250.5,97,3,3250.6,75,3,3250.8,25,1,3251.2,18,2,3251.3,40,1
11536,2025-12-30 14:26:39+05:30,3250.0,5,3253.34,1565526,97465.0,129829.0,3250.0,3267.5,3239.8,3251.5,47007975,3576.6,2926.4,4322.95,2866.6,3250.0,139,7,3249.9,28,2,3249.8,14,1,3249.7,16,1,3249.6,19,2,3250.1,176,4,3250.2,102,2,3250.5,72,2,3250.8,39,2,3251.0,27,1
11536,2025-12-30 14:26:39+05:30,3250.0,5,3253.34,1565526,97465.0,129829.0,3250.0,3267.5,3239.8,3251.5,47007975,3576.6,2926.4,4322.95,2866.6,3250.0,139,7,3249.9,28,2,3249.8,14,1,3249.7,16,1,3249.6,19,2,3250.1,176,4,3250.2,102,2,3250.5,72,2,3250.8,39,2,3251.0,27,1
11536,2025-12-30 14:26:40+05:30,3250.1,1,3253.34,1565653,97483.0,129736.0,3250.0,3267.5,3239.8,3251.5,47007975,3576.6,2926.4,4322.95,2866.6,3250.0,25,5,3249.9,28,2,3249.8,14,1,3249.7,16,1,3249.6,19,2,3250.1,238,4,3250.2,101,2,3250.5,9,1,3250.7,19,1,3250.8,26,1
11536,2025-12-30 14:26:40+05:30,3250.0,1,3253.34,1565653,97483.0,129736.0,3250.0,3267.5,3239.8,3251.5,47007975,3576.6,2926.4,4322.95,2866.6,3250.0,25,5,3249.9,28,2,3249.8,14,1,3249.7,16,1,3249.6,19,2,3250.1,238,4,3250.2,101,2,3250.5,9,1,3250.7,19,1,3250.8,26,1
11536,2025-12-30 14:26:41+05:30,3250.0,50,3253.34,1565779,97429.0,129665.0,3250.0,3267.5,3239.8,3251.5,47007975,3576.6,2926.4,4322.95,2866.6,3249.9,28,2,3249.8,14,1,3249.7,16,1,3249.6,19,2,3249.5,177,5,3250.0,24,1,3250.1,163,4,3250.2,101,2,3250.5,9,1,3250.7,19,1
11536,2025-12-30 14:26:41+05:30,3249.9,2,3253.34,1565779,97429.0,129665.0,3250.0,3267.5,3239.8,3251.5,47007975,3576.6,2926.4,4322.95,2866.6,3249.9,28,2,3249.8,14,1,3249.7,16,1,3249.6,19,2,3249.5,177,5,3250.0,24,1,3250.1,163,4,3250.2,101,2,3250.5,9,1,3250.7,19,1
11536,2025-12-30 14:26:42+05:30,3249.9,2,3253.34,1565893,97504.0,129684.0,3250.0,3267.5,3239.8,3251.5,47007975,3576.6,2926.4,4322.95,2866.6,3249.9,133,3,3249.8,28,2,3249.7,16,1,3249.6,41,4,3249.5,158,4,3250.0,289,6,3250.1,13,1,3250.5,9,1,3250.7,19,1,3250.8,26,1
11536,2025-12-30 14:26:42+05:30,3249.9,2,3253.34,1565893,97504.0,129684.0,3250.0,3267.5,3239.8,3251.5,47007975,3576.6,2926.4,4322.95,2866.6,3249.9,133,3,3249.8,28,2,3249.7,16,1,3249.6,41,4,3249.5,158,4,3250.0,289,6,3250.1,13,1,3250.5,9,1,3250.7,19,1,3250.8,26,1
11536,2025-12-30 14:26:42+05:30,3250.0,4,3253.34,1565893,97504.0,129684.0,3250.0,3267.5,3239.8,3251.5,47007975,3576.6,2926.4,4322.95,2866.6,3249.9,133,3,3249.8,28,2,3249.7,16,1,3249.6,41,4,3249.5,158,4,3250.0,289,6,3250.1,13,1,3250.5,9,1,3250.7,19,1,3250.8,26,1
11536,2025-12-30 14:26:43+05:30,3249.9,1,3253.34,1565899,97602.0,129739.0,3250.0,3267.5,3239.8,3251.5,47007975,3576.6,2926.4,4322.95,2866.6,3249.9,129,2,3249.8,14,1,3249.7,16,1,3249.6,26,3,3249.5,161,5,3250.0,311,7,3250.5,9,1,3250.7,19,1,3250.8,26,1,3251.1,40,1
11536,2025-12-30 14:26:43+05:30,3249.8,1,3253.34,1565899,97602.0,129739.0,3250.0,3267.5,3239.8,3251.5,47007975,3576.6,2926.4,4322.95,2866.6,3249.9,129,2,3249.8,14,1,3249.7,16,1,3249.6,26,3,3249.5,161,5,3250.0,311,7,3250.5,9,1,3250.7,19,1,3250.8,26,1,3251.1,40,1
11536,2025-12-30 14:26:44+05:30,3249.8,1,3253.34,1565899,97602.0,129739.0,3250.0,3267.5,3239.8,3251.5,47007975,3576.6,2926.4,4322.95,2866.6,3249.9,129,2,3249.8,14,1,3249.7,16,1,3249.6,26,3,3249.5,161,5,3250.0,311,7,3250.5,9,1,3250.7,19,1,3250.8,26,1,3251.1,40,1
11536,2025-12-30 14:26:44+05:30,3249.8,2,3253.34,1566096,97593.0,129643.0,3250.0,3267.5,3239.8,3251.5,47007975,3576.6,2926.4,4322.95,2866.6,3249.8,112,2,3249.7,16,1,3249.6,24,3,3249.5,153,4,3249.3,108,5,3249.9,148,4,3250.0,111,3,3250.5,9,1,3250.7,16,1,3251.1,77,3
11536,2025-12-30 14:26:44+05:30,3249.8,2,3253.34,1566096,97593.0,129643.0,3250.0,3267.5,3239.8,3251.5,47007975,3576.6,2926.4,4322.95,2866.6,3249.8,112,2,3249.7,16,1,3249.6,24,3,3249.5,153,4,3249.3,108,5,3249.9,148,4,3250.0,111,3,3250.5,9,1,3250.7,16,1,3251.1,77,3
11536,2025-12-30 14:26:45+05:30,3249.9,1,3253.34,1566283,97515.0,129622.0,3250.0,3267.5,3239.8,3251.5,47007975,3576.6,2926.4,4322.95,2866.6,3249.8,14,1,3249.7,16,1,3249.6,19,2,3249.5,135,3,3249.3,58,3,3249.9,37,2,3250.0,124,4,3250.5,9,1,3250.6,27,1,3250.7,16,1
11536,2025-12-30 14:26:45+05:30,3249.9,1,3253.34,1566283,97515.0,129622.0,3250.0,3267.5,3239.8,3251.5,47007975,3576.6,2926.4,4322.95,2866.6,3249.8,14,1,3249.7,16,1,3249.6,19,2,3249.5,135,3,3249.3,58,3,3249.9,37,2,3250.0,124,4,3250.5,9,1,3250.6,27,1,3250.7,16,1
11536,2025-12-30 14:26:45+05:30,3249.7,91,3253.34,1566283,97515.0,129622.0,3250.0,3267.5,3239.8,3251.5,47007975,3576.6,2926.4,4322.95,2866.6,3249.8,14,1,3249.7,16,1,3249.6,19,2,3249.5,135,3,3249.3,58,3,3249.9,37,2,3250.0,124,4,3250.5,9,1,3250.6,27,1,3250.7,16,1
11536,2025-12-30 14:26:46+05:30,3249.8,1,3253.34,1566410,97210.0,129687.0,3250.0,3267.5,3239.8,3251.5,47007975,3576.6,2926.4,4322.95,2866.6,3249.7,16,1,3249.6,19,2,3249.5,135,3,3249.3,58,3,3249.2,60,4,3249.8,110,3,3249.9,98,5,3250.5,9,1,3250.6,46,2,3250.7,16,1
11536,2025-12-30 14:26:46+05:30,3249.8,1,3253.34,1566410,97210.0,129687.0,3250.0,3267.5,3239.8,3251.5,47007975,3576.6,2926.4,4322.95,2866.6,3249.7,16,1,3249.6,19,2,3249.5,135,3,3249.3,58,3,3249.2,60,4,3249.8,110,3,3249.9,98,5,3250.5,9,1,3250.6,46,2,3250.7,16,1
11536,2025-12-30 14:26:46+05:30,3249.8,1,3253.34,1566410,97210.0,129687.0,3250.0,3267.5,3239.8,3251.5,47007975,3576.6,2926.4,4322.95,2866.6,3249.7,16,1,3249.6,19,2,3249.5,135,3,3249.3,58,3,3249.2,60,4,3249.8,110,3,3249.9,98,5,3250.5,9,1,3250.6,46,2,3250.7,16,1
11536,2025-12-30 14:26:47+05:30,3249.8,1,3253.34,1566410,97210.0,129687.0,3250.0,3267.5,3239.8,3251.5,47007975,3576.6,2926.4,4322.95,2866.6,3249.7,16,1,3249.6,19,2,3249.5,135,3,3249.3,58,3,3249.2,60,4,3249.8,110,3,3249.9,98,5,3250.5,9,1,3250.6,46,2,3250.7,16,1
11536,2025-12-30 14:26:47+05:30,3249.7,22,3253.34,1566483,96915.0,129536.0,3250.0,3267.5,3239.8,3251.5,47007975,3576.6,2926.4,4322.95,2866.6,3249.7,38,2,3249.6,19,2,3249.5,135,3,3249.3,58,3,3249.2,47,3,3249.8,148,5,3249.9,72,3,3250.4,50,2,3250.5,9,1,3250.6,59,2
11536,2025-12-30 14:26:47+05:30,3249.5,12,3253.34,1566483,96915.0,129536.0,3250.0,3267.5,3239.8,3251.5,47007975,3576.6,2926.4,4322.95,2866.6,3249.7,38,2,3249.6,19,2,3249.5,135,3,3249.3,58,3,3249.2,47,3,3249.8,148,5,3249.9,72,3,3250.4,50,2,3250.5,9,1,3250.6,59,2
11536,2025-12-30 14:26:48+05:30,3249.5,12,3253.34,1567542,96450.0,129211.0,3250.0,3267.5,3239.8,3251.5,47007975,3576.6,2926.4,4322.95,2866.6,3249.5,64,3,3249.4,14,1,3249.3,3,1,3249.2,47,3,3249.0,77,4,3249.6,295,7,3249.7,26,1,3249.8,14,1,3250.2,23,1,3250.3,27,1
11536,2025-12-30 14:26:48+05:30,3249.5,12,3253.34,1567542,96450.0,129211.0,3250.0,3267.5,3239.8,3251.5,47007975,3576.6,2926.4,4322.95,2866.6,3249.5,64,3,3249.4,14,1,3249.3,3,1,3249.2,47,3,3249.0,77,4,3249.6,295,7,3249.7,26,1,3249.8,14,1,3250.2,23,1,3250.3,27,1
11536,2025-12-30 14:26:48+05:30,3249.5,1,3253.34,1567542,96450.0,129211.0,3250.0,3267.5,3239.8,3251.5,47007975,3576.6,2926.4,4322.95,2866.6,3249.5,64,3,3249.4,14,1,3249.3,3,1,3249.2,47,3,3249.0,77,4,3249.6,295,7,3249.7,26,1,3249.8,14,1,3250.2,23,1,3250.3,27,1
11536,2025-12-30 14:26:49+05:30,3249.5,38,3253.34,1567734,96654.0,129053.0,3250.0,3267.5,3239.8,3251.5,47007975,3576.6,2926.4,4322.95,2866.6,3249.5,84,5,3249.4,14,1,3249.3,3,1,3249.2,42,2,3249.0,78,5,3249.6,209,8,3249.7,26,1,3250.3,27,1,3250.5,32,2,3250.6,40,1
11536,2025-12-30 14:26:49+05:30,3249.5,38,3253.34,1567734,96654.0,129053.0,3250.0,3267.5,3239.8,3251.5,47007975,3576.6,2926.4,4322.95,2866.6,3249.5,84,5,3249.4,14,1,3249.3,3,1,3249.2,42,2,3249.0,78,5,3249.6,209,8,3249.7,26,1,3250.3,27,1,3250.5,32,2,3250.6,40,1
11536,2025-12-30 14:26:49+05:30,3249.6,35,3253.34,1567734,96654.0,129053.0,3250.0,3267.5,3239.8,3251.5,47007975,3576.6,2926.4,4322.95,2866.6,3249.5,84,5,3249.4,14,1,3249.3,3,1,3249.2,42,2,3249.0,78,5,3249.6,209,8,3249.7,26,1,3250.3,27,1,3250.5,32,2,3250.6,40,1
11536,2025-12-30 14:26:50+05:30,3249.5,47,3253.34,1568065,96656.0,128917.0,3250.0,3267.5,3239.8,3251.5,47007975,3576.6,2926.4,4322.95,2866.6,3249.5,28,2,3249.4,14,1,3249.3,3,1,3249.2,42,2,3249.0,101,6,3249.6,88,4,3249.7,77,2,3250.3,27,1,3250.4,3,1,3250.5,32,2
11536,2025-12-30 14:26:50+05:30,3249.5,47,3253.34,1568065,96656.0,128917.0,3250.0,3267.5,3239.8,3251.5,47007975,3576.6,2926.4,4322.95,2866.6,3249.5,28,2,3249.4,14,1,3249.3,3,1,3249.2,42,2,3249.0,101,6,3249.6,88,4,3249.7,77,2,3250.3,27,1,3250.4,3,1,3250.5,32,2
11536,2025-12-30 14:26:50+05:30,3249.5,47,3253.34,1568065,96656.0,128917.0,3250.0,3267.5,3239.8,3251.5,47007975,3576.6,2926.4,4322.95,2866.6,3249.5,28,2,3249.4,14,1,3249.3,3,1,3249.2,42,2,3249.0,101,6,3249.6,88,4,3249.7,77,2,3250.3,27,1,3250.4,3,1,3250.5,32,2
11536,2025-12-30 14:26:50+05:30,3249.5,47,3253.34,1568065,96656.0,128917.0,3250.0,3267.5,3239.8,3251.5,47007975,3576.6,2926.4,4322.95,2866.6,3249.5,28,2,3249.4,14,1,3249.3,3,1,3249.2,42,2,3249.0,101,6,3249.6,88,4,3249.7,77,2,3250.3,27,1,3250.4,3,1,3250.5,32,2
11536,2025-12-30 14:26:51+05:30,3249.5,47,3253.34,1568065,96623.0,128940.0,3250.0,3267.5,3239.8,3251.5,47007975,3576.6,2926.4,4322.95,2866.6,3249.5,40,3,3249.4,14,1,3249.3,3,1,3249.2,35,1,3249.1,23,1,3249.6,101,5,3249.7,90,3,3250.3,27,1,3250.4,3,1,3250.5,32,2
11536,2025-12-30 14:26:51+05:30,3249.6,3,3253.34,1568065,96623.0,128940.0,3250.0,3267.5,3239.8,3251.5,47007975,3576.6,2926.4,4322.95,2866.6,3249.5,40,3,3249.4,14,1,3249.3,3,1,3249.2,35,1,3249.1,23,1,3249.6,101,5,3249.7,90,3,3250.3,27,1,3250.4,3,1,3250.5,32,2
11536,2025-12-30 14:26:51+05:30,3249.6,3,3253.34,1568065,96623.0,128940.0,3250.0,3267.5,3239.8,3251.5,47007975,3576.6,2926.4,4322.95,2866.6,3249.5,40,3,3249.4,14,1,3249.3,3,1,3249.2,35,1,3249.1,23,1,3249.6,101,5,3249.7,90,3,3250.3,27,1,3250.4,3,1,3250.5,32,2
11536,2025-12-30 14:26:52+05:30,3249.6,30,3253.34,1568348,96851.0,128990.0,3250.0,3267.5,3239.8,3251.5,47007975,3576.6,2926.4,4322.95,2866.6,3249.5,106,3,3249.4,14,1,3249.3,3,1,3249.2,58,2,3249.0,78,5,3249.6,185,5,3250.3,27,1,3250.4,3,1,3250.5,32,2,3250.6,59,2
11536,2025-12-30 14:26:52+05:30,3249.6,30,3253.34,1568348,96851.0,128990.0,3250.0,3267.5,3239.8,3251.5,47007975,3576.6,2926.4,4322.95,2866.6,3249.5,106,3,3249.4,14,1,3249.3,3,1,3249.2,58,2,3249.0,78,5,3249.6,185,5,3250.3,27,1,3250.4,3,1,3250.5,32,2,3250.6,59,2
11536,2025-12-30 14:26:52+05:30,3249.6,30,3253.34,1568348,96851.0,128990.0,3250.0,3267.5,3239.8,3251.5,47007975,3576.6,2926.4,4322.95,2866.6,3249.5,106,3,3249.4,14,1,3249.3,3,1,3249.2,58,2,3249.0,78,5,3249.6,185,5,3250.3,27,1,3250.4,3,1,3250.5,32,2,3250.6,59,2
11536,2025-12-30 14:26:53+05:30,3249.5,2,3253.34,1568354,96960.0,128996.0,3250.0,3267.5,3239.8,3251.5,47007975,3576.6,2926.4,4322.95,2866.6,3249.5,162,3,3249.4,14,1,3249.3,3,1,3249.2,58,2,3249.0,78,5,3249.6,198,6,3250.3,27,1,3250.4,3,1,3250.5,32,2,3250.6,59,2
11536,2025-12-30 14:26:53+05:30,3249.5,2,3253.34,1568354,96960.0,128996.0,3250.0,3267.5,3239.8,3251.5,47007975,3576.6,2926.4,4322.95,2866.6,3249.5,162,3,3249.4,14,1,3249.3,3,1,3249.2,58,2,3249.0,78,5,3249.6,198,6,3250.3,27,1,3250.4,3,1,3250.5,32,2,3250.6,59,2
11536,2025-12-30 14:26:53+05:30,3249.5,2,3253.34,1568354,96960.0,128996.0,3250.0,3267.5,3239.8,3251.5,47007975,3576.6,2926.4,4322.95,2866.6,3249.5,162,3,3249.4,14,1,3249.3,3,1,3249.2,58,2,3249.0,78,5,3249.6,198,6,3250.3,27,1,3250.4,3,1,3250.5,32,2,3250.6,59,2
11536,2025-12-30 14:26:54+05:30,3249.5,1,3253.33,1569132,96190.0,128902.0,3250.0,3267.5,3239.8,3251.5,47007975,3576.6,2926.4,4322.95,2866.6,3249.5,286,1,3249.4,14,1,3249.3,3,1,3249.2,43,2,3249.0,74,5,3249.7,46,1,3249.8,12,1,3250.2,51,2,3250.4,3,1,3250.5,25,2
11536,2025-12-30 14:26:54+05:30,3249.5,1,3253.33,1569132,96190.0,128902.0,3250.0,3267.5,3239.8,3251.5,47007975,3576.6,2926.4,4322.95,2866.6,3249.5,286,1,3249.4,14,1,3249.3,3,1,3249.2,43,2,3249.0,74,5,3249.7,46,1,3249.8,12,1,3250.2,51,2,3250.4,3,1,3250.5,25,2
11536,2025-12-30 14:26:55+05:30,3249.5,1,3253.33,1569132,96190.0,128902.0,3250.0,3267.5,3239.8,3251.5,47007975,3576.6,2926.4,4322.95,2866.6,3249.5,286,1,3249.4,14,1,3249.3,3,1,3249.2,43,2,3249.0,74,5,3249.7,46,1,3249.8,12,1,3250.2,51,2,3250.4,3,1,3250.5,25,2
11536,2025-12-30 14:26:55+05:30,3249.7,2,3253.33,1569134,97123.0,128972.0,3250.0,3267.5,3239.8,3251.5,47007975,3576.6,2926.4,4322.95,2866.6,3249.5,288,2,3249.4,47,3,3249.3,31,2,3249.2,35,1,3249.1,10,1,3249.7,82,2,3249.8,52,3,3250.4,3,1,3250.5,25,2,3250.6,40,1
11536,2025-12-30 14:26:55+05:30,3249.7,2,3253.33,1569134,97123.0,128972.0,3250.0,3267.5,3239.8,3251.5,47007975,3576.6,2926.4,4322.95,2866.6,3249.5,288,2,3249.4,47,3,3249.3,31,2,3249.2,35,1,3249.1,10,1,3249.7,82,2,3249.8,52,3,3250.4,3,1,3250.5,25,2,3250.6,40,1
11536,2025-12-30 14:26:56+05:30,3249.6,1,3253.33,1569136,97307.0,128983.0,3250.0,3267.5,3239.8,3251.5,47007975,3576.6,2926.4,4322.95,2866.6,3249.5,288,2,3249.4,24,2,3249.3,31,2,3249.2,73,3,3249.0,96,6,3249.6,259,6,3249.8,63,1,3250.4,3,1,3250.5,25,2,3250.6,40,1
11536,2025-12-30 14:26:56+05:30,3249.6,1,3253.33,1569136,97307.0,128983.0,3250.0,3267.5,3239.8,3251.5,47007975,3576.6,2926.4,4322.95,2866.6,3249.5,288,2,3249.4,24,2,3249.3,31,2,3249.2,73,3,3249.0,96,6,3249.6,259,6,3249.8,63,1,3250.4,3,1,3250.5,25,2,3250.6,40,1
11536,2025-12-30 14:26:56+05:30,3249.6,1,3253.33,1569136,97307.0,128983.0,3250.0,3267.5,3239.8,3251.5,47007975,3576.6,2926.4,4322.95,2866.6,3249.5,288,2,3249.4,24,2,3249.3,31,2,3249.2,73,3,3249.0,96,6,3249.6,259,6,3249.8,63,1,3250.4,3,1,3250.5,25,2,3250.6,40,1
11536,2025-12-30 14:26:57+05:30,3249.6,33,3253.33,1569312,97220.0,128427.0,3250.0,3267.5,3239.8,3251.5,47007975,3576.6,2926.4,4322.95,2866.6,3249.5,487,4,3249.4,47,3,3249.3,31,2,3249.2,54,2,3249.1,50,3,3249.6,83,4,3249.8,63,1,3250.4,3,1,3250.5,9,1,3250.6,40,1
11536,2025-12-30 14:26:57+05:30,3249.6,33,3253.33,1569312,97220.0,128427.0,3250.0,3267.5,3239.8,3251.5,47007975,3576.6,2926.4,4322.95,2866.6,3249.5,487,4,3249.4,47,3,3249.3,31,2,3249.2,54,2,3249.1,50,3,3249.6,83,4,3249.8,63,1,3250.4,3,1,3250.5,9,1,3250.6,40,1
11536,2025-12-30 14:26:58+05:30,3249.5,2,3253.33,1569312,97220.0,128427.0,3250.0,3267.5,3239.8,3251.5,47007975,3576.6,2926.4,4322.95,2866.6,3249.5,487,4,3249.4,47,3,3249.3,31,2,3249.2,54,2,3249.1,50,3,3249.6,83,4,3249.8,63,1,3250.4,3,1,3250.5,9,1,3250.6,40,1
11536,2025-12-30 14:26:58+05:30,3249.5,39,3253.33,1569461,97379.0,128892.0,3250.0,3267.5,3239.8,3251.5,47007975,3576.6,2926.4,4322.95,2866.6,3249.5,507,7,3249.4,14,1,3249.3,3,1,3249.2,51,2,3249.1,24,1,3249.6,226,5,3250.5,9,1,3250.6,42,2,3250.8,46,4,3250.9,57,2
11536,2025-12-30 14:26:58+05:30,3249.5,39,3253.33,1569461,97379.0,128892.0,3250.0,3267.5,3239.8,3251.5,47007975,3576.6,2926.4,4322.95,2866.6,3249.5,507,7,3249.4,14,1,3249.3,3,1,3249.2,51,2,3249.1,24,1,3249.6,226,5,3250.5,9,1,3250.6,42,2,3250.8,46,4,3250.9,57,2
11536,2025-12-30 14:26:59+05:30,3249.7,1,3253.33,1569461,97379.0,128892.0,3250.0,3267.5,3239.8,3251.5,47007975,3576.6,2926.4,4322.95,2866.6,3249.5,507,7,3249.4,14,1,3249.3,3,1,3249.2,51,2,3249.1,24,1,3249.6,226,5,3250.5,9,1,3250.6,42,2,3250.8,46,4,3250.9,57,2
11536,2025-12-30 14:26:59+05:30,3249.7,1,3253.33,1569728,98142.0,128937.0,3250.0,3267.5,3239.8,3251.5,47007975,3576.6,2926.4,4322.95,2866.6,3249.7,26,3,3249.6,130,3,3249.5,338,4,3249.4,35,2,3249.3,61,3,3250.5,9,1,3250.7,25,1,3250.8,26,2,3250.9,50,2,3251.0,14,2
11536,2025-12-30 14:27:00+05:30,3249.7,1,3253.33,1569728,98142.0,128937.0,3250.0,3267.5,3239.8,3251.5,47007975,3576.6,2926.4,4322.95,2866.6,3249.7,26,3,3249.6,130,3,3249.5,338,4,3249.4,35,2,3249.3,61,3,3250.5,9,1,3250.7,25,1,3250.8,26,2,3250.9,50,2,3251.0,14,2
11536,2025-12-30 14:27:00+05:30,3249.7,1,3253.33,1569728,98300.0,128978.0,3250.0,3267.5,3239.8,3251.5,47007975,3576.6,2926.4,4322.95,2866.6,3249.7,2,1,3249.6,120,2,3249.5,347,4,3249.4,48,3,3249.3,66,3,3250.1,50,2,3250.5,9,1,3250.7,25,1,3250.8,26,2,3251.0,31,3
11536,2025-12-30 14:27:01+05:30,3249.7,1,3253.33,1569728,98300.0,128978.0,3250.0,3267.5,3239.8,3251.5,47007975,3576.6,2926.4,4322.95,2866.6,3249.7,2,1,3249.6,120,2,3249.5,347,4,3249.4,48,3,3249.3,66,3,3250.1,50,2,3250.5,9,1,3250.7,25,1,3250.8,26,2,3251.0,31,3
11536,2025-12-30 14:27:01+05:30,3249.7,1,3253.33,1569728,98300.0,128978.0,3250.0,3267.5,3239.8,3251.5,47018125,3576.6,2926.4,4322.95,2866.6,3249.7,2,1,3249.6,120,2,3249.5,347,4,3249.4,48,3,3249.3,66,3,3250.1,50,2,3250.5,9,1,3250.7,25,1,3250.8,26,2,3251.0,31,3
11536,2025-12-30 14:27:01+05:30,3249.7,1,3253.33,1569876,98924.0,128012.0,3250.0,3267.5,3239.8,3251.5,47018125,3576.6,2926.4,4322.95,2866.6,3250.2,1,1,3249.7,27,1,3249.6,34,2,3249.5,433,4,3249.4,54,3,3250.9,82,4,3251.0,10,1,3251.1,102,5,3251.2,89,3,3251.4,88,5
11536,2025-12-30 14:27:02+05:30,3249.4,103,3253.33,1569876,98924.0,128012.0,3250.0,3267.5,3239.8,3251.5,47018125,3576.6,2926.4,4322.95,2866.6,3250.2,1,1,3249.7,27,1,3249.6,34,2,3249.5,433,4,3249.4,54,3,3250.9,82,4,3251.0,10,1,3251.1,102,5,3251.2,89,3,3251.4,88,5
11536,2025-12-30 14:27:03+05:30,3249.4,103,3253.33,1570990,96767.0,129190.0,3250.0,3267.5,3239.8,3251.5,47018125,3576.6,2926.4,4322.95,2866.6,3249.6,3,1,3249.4,189,2,3249.3,99,3,3249.2,35,1,3249.0,80,6,3249.9,50,2,3250.0,16,1,3250.4,75,1,3250.5,79,3,3250.6,178,5
11536,2025-12-30 14:27:04+05:30,3249.4,103,3253.33,1570990,96767.0,129190.0,3250.0,3267.5,3239.8,3251.5,47018125,3576.6,2926.4,4322.95,2866.6,3249.6,3,1,3249.4,189,2,3249.3,99,3,3249.2,35,1,3249.0,80,6,3249.9,50,2,3250.0,16,1,3250.4,75,1,3250.5,79,3,3250.6,178,5
11536,2025-12-30 14:27:04+05:30,3249.8,25,3253.33,1571165,97607.0,128737.0,3250.0,3267.5,3239.8,3251.5,47018125,3576.6,2926.4,4322.95,2866.6,3249.6,3,1,3249.4,189,2,3249.3,75,2,3249.2,78,4,3249.1,23,1,3250.3,24,1,3250.4,104,2,3250.5,51,1,3250.6,100,2,3250.7,45,2
11536,2025-12-30 14:27:04+05:30,3249.5,46,3253.33,1571165,97607.0,128737.0,3250.0,3267.5,3239.8,3251.5,47018125,3576.6,2926.4,4322.95,2866.6,3249.6,3,1,3249.4,189,2,3249.3,75,2,3249.2,78,4,3249.1,23,1,3250.3,24,1,3250.4,104,2,3250.5,51,1,3250.6,100,2,3250.7,45,2
11536,2025-12-30 14:27:05+05:30,3249.5,76,3253.33,1571468,98755.0,128821.0,3250.0,3267.5,3239.8,3251.5,47018125,3576.6,2926.4,4322.95,2866.6,3250.3,124,2,3250.0,41,1,3249.7,14,1,3249.6,14,1,3249.5,88,1,3250.5,51,1,3250.7,55,5,3250.8,29,1,3250.9,84,3,3251.1,51,2
11536,2025-12-30 14:27:05+05:30,3250.3,1,3253.33,1571468,98755.0,128821.0,3250.0,3267.5,3239.8,3251.5,47018125,3576.6,2926.4,4322.95,2866.6,3250.3,124,2,3250.0,41,1,3249.7,14,1,3249.6,14,1,3249.5,88,1,3250.5,51,1,3250.7,55,5,3250.8,29,1,3250.9,84,3,3251.1,51,2
11536,2025-12-30 14:27:06+05:30,3250.3,1,3253.33,1571469,98758.0,129506.0,3250.0,3267.5,3239.8,3251.5,47018125,3576.6,2926.4,4322.95,2866.6,3250.3,123,1,3250.0,41,1,3249.4,125,4,3249.3,99,3,3249.2,85,3,3250.5,51,1,3250.6,68,5,3250.7,22,2,3250.8,21,1,3250.9,100,4
11536,2025-12-30 14:27:06+05:30,3250.3,76,3253.33,1571469,98758.0,129506.0,3250.0,3267.5,3239.8,3251.5,47018125,3576.6,2926.4,4322.95,2866.6,3250.3,123,1,3250.0,41,1,3249.4,125,4,3249.3,99,3,3249.2,85,3,3250.5,51,1,3250.6,68,5,3250.7,22,2,3250.8,21,1,3250.9,100,4
11536,2025-12-30 14:27:07+05:30,3250.3,76,3253.33,1571545,98230.0,129725.0,3250.0,3267.5,3239.8,3251.5,47018125,3576.6,2926.4,4322.95,2866.6,3250.0,167,2,3249.4,123,3,3249.3,99,3,3249.2,56,2,3249.1,182,4,3250.4,26,1,3250.5,101,5,3250.6,14,1,3250.7,75,4,3250.8,37,2
11536,2025-12-30 14:27:07+05:30,3250.0,3,3253.33,1571545,98230.0,129725.0,3250.0,3267.5,3239.8,3251.5,47018125,3576.6,2926.4,4322.95,2866.6,3250.0,167,2,3249.4,123,3,3249.3,99,3,3249.2,56,2,3249.1,182,4,3250.4,26,1,3250.5,101,5,3250.6,14,1,3250.7,75,4,3250.8,37,2
11536,2025-12-30 14:27:08+05:30,3250.0,3,3253.33,1571548,98038.0,129912.0,3250.0,3267.5,3239.8,3251.5,47018125,3576.6,2926.4,4322.95,2866.6,3250.0,165,3,3249.7,35,1,3249.4,114,3,3249.3,99,3,3249.2,56,2,3250.1,204,4,3250.7,22,2,3250.8,66,3,3250.9,110,5,3251.0,29,1
11536,2025-12-30 14:27:08+05:30,3250.0,51,3253.33,1571548,98038.0,129912.0,3250.0,3267.5,3239.8,3251.5,47018125,3576.6,2926.4,4322.95,2866.6,3250.0,165,3,3249.7,35,1,3249.4,114,3,3249.3,99,3,3249.2,56,2,3250.1,204,4,3250.7,22,2,3250.8,66,3,3250.9,110,5,3251.0,29,1
11536,2025-12-30 14:27:09+05:30,3250.1,1,3253.33,1571690,97881.0,129586.0,3250.0,3267.5,3239.8,3251.5,47018125,3576.6,2926.4,4322.95,2866.6,3250.0,25,2,3249.9,35,1,3249.4,102,2,3249.3,75,2,3249.2,56,2,3250.1,201,4,3250.2,116,3,3250.5,77,4,3250.6,10,1,3250.7,64,3
11536,2025-12-30 14:27:09+05:30,3250.0,3,3253.33,1571690,97881.0,129586.0,3250.0,3267.5,3239.8,3251.5,47018125,3576.6,2926.4,4322.95,2866.6,3250.0,25,2,3249.9,35,1,3249.4,102,2,3249.3,75,2,3249.2,56,2,3250.1,201,4,3250.2,116,3,3250.5,77,4,3250.6,10,1,3250.7,64,3
11536,2025-12-30 14:27:10+05:30,3250.0,57,3253.33,1571827,97592.0,129513.0,3250.0,3267.5,3239.8,3251.5,47018125,3576.6,2926.4,4322.95,2866.6,3249.9,35,1,3249.4,102,2,3249.3,75,2,3249.2,35,1,3249.1,36,2,3250.0,68,3,3250.1,113,3,3250.2,100,2,3250.4,8,1,3250.5,69,3
11536,2025-12-30 14:27:10+05:30,3250.0,57,3253.33,1571827,97592.0,129513.0,3250.0,3267.5,3239.8,3251.5,47018125,3576.6,2926.4,4322.95,2866.6,3249.9,35,1,3249.4,102,2,3249.3,75,2,3249.2,35,1,3249.1,36,2,3250.0,68,3,3250.1,113,3,3250.2,100,2,3250.4,8,1,3250.5,69,3
11536,2025-12-30 14:27:11+05:30,3249.9,75,3253.33,1571902,97643.0,129626.0,3250.0,3267.5,3239.8,3251.5,47018125,3576.6,2926.4,4322.95,2866.6,3249.9,35,1,3249.6,95,2,3249.5,72,1,3249.4,39,2,3249.3,63,4,3250.0,218,5,3250.1,50,1,3250.5,29,1,3250.7,45,2,3250.9,60,2
11536,2025-12-30 14:27:11+05:30,3249.9,1,3253.33,1571902,97643.0,129626.0,3250.0,3267.5,3239.8,3251.5,47018125,3576.6,2926.4,4322.95,2866.6,3249.9,35,1,3249.6,95,2,3249.5,72,1,3249.4,39,2,3249.3,63,4,3250.0,218,5,3250.1,50,1,3250.5,29,1,3250.7,45,2,3250.9,60,2
11536,2025-12-30 14:27:12+05:30,3249.9,50,3253.33,1571955,97703.0,129584.0,3250.0,3267.5,3239.8,3251.5,47018125,3576.6,2926.4,4322.95,2866.6,3249.9,35,1,3249.6,88,1,3249.5,72,1,3249.4,39,2,3249.3,51,3,3250.0,191,4,3250.1,75,2,3250.5,29,1,3250.7,45,2,3250.9,78,3
11536,2025-12-30 14:27:12+05:30,3250.0,2,3253.33,1571955,97703.0,129584.0,3250.0,3267.5,3239.8,3251.5,47018125,3576.6,2926.4,4322.95,2866.6,3249.9,35,1,3249.6,88,1,3249.5,72,1,3249.4,39,2,3249.3,51,3,3250.0,191,4,3250.1,75,2,3250.5,29,1,3250.7,45,2,3250.9,78,3
11536,2025-12-30 14:27:13+05:30,3249.9,1,3253.33,1572179,97656.0,129349.0,3250.0,3267.5,3239.8,3251.5,47018125,3576.6,2926.4,4322.95,2866.6,3249.9,134,2,3249.6,88,1,3249.5,44,2,3249.4,35,2,3249.3,33,2,3250.0,195,6,3250.1,26,1,3250.7,3,1,3250.8,18,1,3250.9,60,2
11536,2025-12-30 14:27:13+05:30,3249.9,1,3253.33,1572179,97656.0,129349.0,3250.0,3267.5,3239.8,3251.5,47018125,3576.6,2926.4,4322.95,2866.6,3249.9,134,2,3249.6,88,1,3249.5,44,2,3249.4,35,2,3249.3,33,2,3250.0,195,6,3250.1,26,1,3250.7,3,1,3250.8,18,1,3250.9,60,2
11536,2025-12-30 14:27:14+05:30,3249.9,1,3253.33,1572179,97656.0,129353.0,3250.0,3267.5,3239.8,3251.5,47018125,3576.6,2926.4,4322.95,2866.6,3249.9,134,2,3249.6,88,1,3249.5,44,2,3249.4,35,2,3249.3,33,2,3250.0,209,7,3250.1,26,1,3250.7,3,1,3250.8,18,1,3250.9,60,2
11536,2025-12-30 14:27:15+05:30,3249.8,26,3253.33,1572599,97714.0,128870.0,3250.0,3267.5,3239.8,3251.5,47018125,3576.6,2926.4,4322.95,2866.6,3249.7,47,2,3249.6,25,1,3249.5,138,4,3249.4,36,3,3249.3,26,2,3249.9,1,1,3250.0,27,2,3250.1,39,2,3250.8,20,1,3250.9,18,1
11536,2025-12-30 14:27:15+05:30,3249.8,26,3253.33,1572599,97714.0,128870.0,3250.0,3267.5,3239.8,3251.5,47018125,3576.6,2926.4,4322.95,2866.6,3249.7,47,2,3249.6,25,1,3249.5,138,4,3249.4,36,3,3249.3,26,2,3249.9,1,1,3250.0,27,2,3250.1,39,2,3250.8,20,1,3250.9,18,1
11536,2025-12-30 14:27:16+05:30,3249.8,26,3253.33,1572599,97898.0,129015.0,3250.0,3267.5,3239.8,3251.5,47018125,3576.6,2926.4,4322.95,2866.6,3249.7,47,2,3249.6,39,2,3249.5,157,5,3249.4,36,3,3249.3,26,2,3249.9,41,4,3250.0,26,2,3250.1,26,1,3250.8,20,1,3250.9,18,1
11536,2025-12-30 14:27:16+05:30,3249.7,1,3253.33,1572599,97898.0,129015.0,3250.0,3267.5,3239.8,3251.5,47018125,3576.6,2926.4,4322.95,2866.6,3249.7,47,2,3249.6,39,2,3249.5,157,5,3249.4,36,3,3249.3,26,2,3249.9,41,4,3250.0,26,2,3250.1,26,1,3250.8,20,1,3250.9,18,1
11536,2025-12-30 14:27:17+05:30,3249.9,1,3253.33,1572678,97442.0,129436.0,3250.0,3267.5,3239.8,3251.5,47018125,3576.6,2926.4,4322.95,2866.6,3249.5,189,6,3249.4,14,1,3249.3,26,2,3249.2,57,3,3249.1,44,2,3249.7,75,3,3249.9,89,3,3250.6,17,1,3250.8,36,2,3250.9,110,4
11536,2025-12-30 14:27:17+05:30,3249.2,13,3253.33,1572678,97442.0,129436.0,3250.0,3267.5,3239.8,3251.5,47018125,3576.6,2926.4,4322.95,2866.6,3249.5,189,6,3249.4,14,1,3249.3,26,2,3249.2,57,3,3249.1,44,2,3249.7,75,3,3249.9,89,3,3250.6,17,1,3250.8,36,2,3250.9,110,4
11536,2025-12-30 14:27:18+05:30,3249.2,3,3253.32,1574506,90520.0,129678.0,3250.0,3267.5,3239.8,3251.5,47018125,3576.6,2926.4,4322.95,2866.6,3249.0,60,6,3248.7,105,2,3248.6,55,2,3248.5,56,3,3248.4,5,2,3249.4,159,1,3249.5,17,1,3249.6,26,2,3249.7,19,1,3249.8,65,3
11536,2025-12-30 14:27:18+05:30,3249.4,67,3253.32,1574506,90520.0,129678.0,3250.0,3267.5,3239.8,3251.5,47018125,3576.6,2926.4,4322.95,2866.6,3249.0,60,6,3248.7,105,2,3248.6,55,2,3248.5,56,3,3248.4,5,2,3249.4,159,1,3249.5,17,1,3249.6,26,2,3249.7,19,1,3249.8,65,3
11536,2025-12-30 14:27:19+05:30,3249.0,1,3253.32,1574614,91361.0,129921.0,3250.0,3267.5,3239.8,3251.5,47018125,3576.6,2926.4,4322.95,2866.6,3249.0,20,5,3248.7,105,2,3248.5,56,3,3248.4,5,2,3248.3,25,1,3249.4,141,3,3249.5,216,5,3249.6,36,1,3249.7,42,2,3249.8,30,1
11536,2025-12-30 14:27:19+05:30,3249.4,1,3253.32,1574614,91361.0,129921.0,3250.0,3267.5,3239.8,3251.5,47018125,3576.6,2926.4,4322.95,2866.6,3249.0,20,5,3248.7,105,2,3248.5,56,3,3248.4,5,2,3248.3,25,1,3249.4,141,3,3249.5,216,5,3249.6,36,1,3249.7,42,2,3249.8,30,1
11536,2025-12-30 14:27:20+05:30,3249.0,17,3253.32,1574715,93042.0,129877.0,3250.0,3267.5,3239.8,3251.5,47018125,3576.6,2926.4,4322.95,2866.6,3249.0,4,1,3248.7,105,2,3248.6,10,1,3248.5,56,3,3248.4,5,2,3249.1,86,3,3249.4,30,1,3249.5,192,3,3249.6,61,2,3249.9,65,4
11536,2025-12-30 14:27:20+05:30,3248.9,21,3253.32,1574715,93042.0,129877.0,3250.0,3267.5,3239.8,3251.5,47018125,3576.6,2926.4,4322.95,2866.6,3249.0,4,1,3248.7,105,2,3248.6,10,1,3248.5,56,3,3248.4,5,2,3249.1,86,3,3249.4,30,1,3249.5,192,3,3249.6,61,2,3249.9,65,4
11536,2025-12-30 14:27:21+05:30,3249.0,11,3253.32,1574938,93201.0,129491.0,3250.0,3267.5,3239.8,3251.5,47018125,3576.6,2926.4,4322.95,2866.6,3248.7,57,4,3248.6,35,2,3248.5,56,3,3248.4,14,2,3248.2,6,3,3249.0,168,2,3249.1,49,2,3249.4,30,1,3249.9,65,4,3250.0,81,3
11536,2025-12-30 14:27:21+05:30,3249.0,11,3253.32,1574938,93201.0,129491.0,3250.0,3267.5,3239.8,3251.5,47018125,3576.6,2926.4,4322.95,2866.6,3248.7,57,4,3248.6,35,2,3248.5,56,3,3248.4,14,2,3248.2,6,3,3249.0,168,2,3249.1,49,2,3249.4,30,1,3249.9,65,4,3250.0,81,3
11536,2025-12-30 14:27:22+05:30,3249.4,14,3253.32,1575243,94948.0,127814.0,3250.0,3267.5,3239.8,3251.5,47018125,3576.6,2926.4,4322.95,2866.6,3248.8,232,4,3248.7,95,4,3248.6,24,2,3248.5,58,4,3248.4,95,5,3249.4,16,1,3250.2,32,2,3250.3,56,2,3250.4,324,5,3250.5,156,1
11536,2025-12-30 14:27:22+05:30,3249.1,1,3253.32,1575243,94948.0,127814.0,3250.0,3267.5,3239.8,3251.5,47018125,3576.6,2926.4,4322.95,2866.6,3248.8,232,4,3248.7,95,4,3248.6,24,2,3248.5,58,4,3248.4,95,5,3249.4,16,1,3250.2,32,2,3250.3,56,2,3250.4,324,5,3250.5,156,1
11536,2025-12-30 14:27:23+05:30,3249.4,12,3253.32,1575259,95416.0,127894.0,3250.0,3267.5,3239.8,3251.5,47018125,3576.6,2926.4,4322.95,2866.6,3249.1,169,2,3249.0,175,1,3248.9,25,1,3248.8,49,2,3248.7,85,3,3249.4,4,1,3249.5,52,4,3249.7,25,1,3250.3,53,2,3250.4,341,6
11536,2025-12-30 14:27:23+05:30,3249.4,12,3253.32,1575259,95416.0,127894.0,3250.0,3267.5,3239.8,3251.5,47018125,3576.6,2926.4,4322.95,2866.6,3249.1,169,2,3249.0,175,1,3248.9,25,1,3248.8,49,2,3248.7,85,3,3249.4,4,1,3249.5,52,4,3249.7,25,1,3250.3,53,2,3250.4,341,6
11536,2025-12-30 14:27:24+05:30,3249.4,25,3253.32,1575363,96034.0,127809.0,3250.0,3267.5,3239.8,3251.5,47018125,3576.6,2926.4,4322.95,2866.6,3249.4,174,2,3249.0,175,1,3248.7,75,2,3248.6,58,4,3248.5,37,3,3249.7,25,1,3250.2,69,3,3250.3,70,3,3250.4,205,5,3250.5,64,2
11536,2025-12-30 14:27:24+05:30,3249.4,25,3253.32,1575363,96034.0,127809.0,3250.0,3267.5,3239.8,3251.5,47018125,3576.6,2926.4,4322.95,2866.6,3249.4,174,2,3249.0,175,1,3248.7,75,2,3248.6,58,4,3248.5,37,3,3249.7,25,1,3250.2,69,3,3250.3,70,3,3250.4,205,5,3250.5,64,2
11536,2025-12-30 14:27:25+05:30,3249.7,12,3253.32,1575376,96077.0,127926.0,3250.0,3267.5,3239.8,3251.5,47018125,3576.6,2926.4,4322.95,2866.6,3249.4,288,4,3249.0,175,1,3248.8,25,1,3248.7,9,1,3248.6,41,3,3249.7,12,1,3249.8,202,7,3250.2,44,2,3250.3,70,3,3250.4,164,4
11536,2025-12-30 14:27:25+05:30,3249.7,12,3253.32,1575376,96077.0,127926.0,3250.0,3267.5,3239.8,3251.5,47018125,3576.6,2926.4,4322.95,2866.6,3249.4,288,4,3249.0,175,1,3248.8,25,1,3248.7,9,1,3248.6,41,3,3249.7,12,1,3249.8,202,7,3250.2,44,2,3250.3,70,3,3250.4,164,4
11536,2025-12-30 14:27:26+05:30,3249.7,6,3253.32,1575382,96103.0,128066.0,3250.0,3267.5,3239.8,3251.5,47018125,3576.6,2926.4,4322.95,2866.6,3249.4,282,3,3249.0,175,1,3248.8,25,1,3248.7,9,1,3248.6,41,3,3249.7,134,5,3249.8,150,3,3250.0,55,2,3250.1,16,1,3250.2,14,1
11536,2025-12-30 14:27:26+05:30,3249.7,6,3253.32,1575382,96103.0,128066.0,3250.0,3267.5,3239.8,3251.5,47018125,3576.6,2926.4,4322.95,2866.6,3249.4,282,3,3249.0,175,1,3248.8,25,1,3248.7,9,1,3248.6,41,3,3249.7,134,5,3249.8,150,3,3250.0,55,2,3250.1,16,1,3250.2,14,1
11536,2025-12-30 14:27:27+05:30,3249.5,51,3253.32,1575382,96103.0,128066.0,3250.0,3267.5,3239.8,3251.5,47018125,3576.6,2926.4,4322.95,2866.6,3249.4,282,3,3249.0,175,1,3248.8,25,1,3248.7,9,1,3248.6,41,3,3249.7,134,5,3249.8,150,3,3250.0,55,2,3250.1,16,1,3250.2,14,1
11536,2025-12-30 14:27:27+05:30,3249.5,51,3253.32,1575534,96090.0,128383.0,3250.0,3267.5,3239.8,3251.5,47018125,3576.6,2926.4,4322.95,2866.6,3249.5,161,3,3249.4,48,1,3249.1,8,1,3249.0,200,2,3248.9,12,1,3249.6,297,5,3250.2,30,1,3250.3,67,3,3250.4,193,4,3250.5,22,2
11536,2025-12-30 14:27:28+05:30,3249.5,1,3253.32,1575534,96090.0,128383.0,3250.0,3267.5,3239.8,3251.5,47018125,3576.6,2926.4,4322.95,2866.6,3249.5,161,3,3249.4,48,1,3249.1,8,1,3249.0,200,2,3248.9,12,1,3249.6,297,5,3250.2,30,1,3250.3,67,3,3250.4,193,4,3250.5,22,2
11536,2025-12-30 14:27:28+05:30,3249.5,26,3253.32,1575722,96140.0,128646.0,3250.0,3267.5,3239.8,3251.5,47018125,3576.6,2926.4,4322.95,2866.6,3249.5,68,3,3249.4,48,1,3249.1,8,1,3249.0,175,1,3248.9,12,1,3249.6,204,6,3249.7,41,3,3250.0,77,4,3250.2,17,1,3250.3,50,2
11536,2025-12-30 14:27:29+05:30,3249.6,25,3253.32,1575722,96140.0,128646.0,3250.0,3267.5,3239.8,3251.5,47018125,3576.6,2926.4,4322.95,2866.6,3249.5,68,3,3249.4,48,1,3249.1,8,1,3249.0,175,1,3248.9,12,1,3249.6,204,6,3249.7,41,3,3250.0,77,4,3250.2,17,1,3250.3,50,2
11536,2025-12-30 14:27:29+05:30,3249.6,25,3253.32,1575926,96131.0,128345.0,3250.0,3267.5,3239.8,3251.5,47018125,3576.6,2926.4,4322.95,2866.6,3249.6,88,3,3249.5,55,3,3249.4,48,1,3249.0,175,1,3248.9,63,3,3250.0,55,3,3250.1,41,3,3250.2,40,2,3250.3,30,1,3250.4,36,3
11536,2025-12-30 14:27:30+05:30,3250.0,1,3253.32,1575926,96131.0,128345.0,3250.0,3267.5,3239.8,3251.5,47018125,3576.6,2926.4,4322.95,2866.6,3249.6,88,3,3249.5,55,3,3249.4,48,1,3249.0,175,1,3248.9,63,3,3250.0,55,3,3250.1,41,3,3250.2,40,2,3250.3,30,1,3250.4,36,3
11536,2025-12-30 14:27:30+05:30,3250.0,1,3253.32,1575927,96558.0,128262.0,3250.0,3267.5,3239.8,3251.5,47018125,3576.6,2926.4,4322.95,2866.6,3249.6,88,3,3249.5,55,3,3249.4,51,2,3249.1,3,1,3249.0,175,1,3249.9,114,3,3250.0,42,2,3250.2,42,2,3250.3,32,1,3250.4,20,2
11536,2025-12-30 14:27:31+05:30,3249.8,38,3253.32,1575927,96558.0,128262.0,3250.0,3267.5,3239.8,3251.5,47018125,3576.6,2926.4,4322.95,2866.6,3249.6,88,3,3249.5,55,3,3249.4,51,2,3249.1,3,1,3249.0,175,1,3249.9,114,3,3250.0,42,2,3250.2,42,2,3250.3,32,1,3250.4,20,2
11536,2025-12-30 14:27:31+05:30,3249.8,10,3253.32,1576081,96467.0,128447.0,3250.0,3267.5,3239.8,3251.5,47018125,3576.6,2926.4,4322.95,2866.6,3249.8,132,2,3249.5,56,4,3249.4,51,2,3249.1,3,1,3249.0,175,1,3249.9,183,7,3250.0,32,3,3250.1,51,3,3250.2,84,4,3250.4,39,3
11536,2025-12-30 14:27:32+05:30,3249.0,12,3253.32,1576081,96467.0,128447.0,3250.0,3267.5,3239.8,3251.5,47018125,3576.6,2926.4,4322.95,2866.6,3249.8,132,2,3249.5,56,4,3249.4,51,2,3249.1,3,1,3249.0,175,1,3249.9,183,7,3250.0,32,3,3250.1,51,3,3250.2,84,4,3250.4,39,3
11536,2025-12-30 14:27:32+05:30,3249.0,12,3253.32,1577163,95211.0,128355.0,3250.0,3267.5,3239.8,3251.5,47018125,3576.6,2926.4,4322.95,2866.6,3249.0,68,3,3248.9,27,1,3248.8,15,1,3248.7,87,4,3248.6,178,2,3249.9,161,4,3250.0,27,3,3250.1,45,3,3250.2,36,2,3250.3,36,2
11536,2025-12-30 14:27:33+05:30,3249.4,1,3253.32,1577163,95211.0,128355.0,3250.0,3267.5,3239.8,3251.5,47018125,3576.6,2926.4,4322.95,2866.6,3249.0,68,3,3248.9,27,1,3248.8,15,1,3248.7,87,4,3248.6,178,2,3249.9,161,4,3250.0,27,3,3250.1,45,3,3250.2,36,2,3250.3,36,2
11536,2025-12-30 14:27:33+05:30,3249.1,75,3253.31,1577320,95202.0,128547.0,3250.0,3267.5,3239.8,3251.5,47018125,3576.6,2926.4,4322.95,2866.6,3249.1,10,1,3248.9,27,1,3248.8,74,3,3248.7,51,2,3248.6,178,2,3249.2,168,5,3249.4,76,1,3250.0,10,2,3250.1,19,1,3250.2,57,3
11536,2025-12-30 14:27:34+05:30,3249.0,22,3253.31,1577320,95202.0,128547.0,3250.0,3267.5,3239.8,3251.5,47018125,3576.6,2926.4,4322.95,2866.6,3249.1,10,1,3248.9,27,1,3248.8,74,3,3248.7,51,2,3248.6,178,2,3249.2,168,5,3249.4,76,1,3250.0,10,2,3250.1,19,1,3250.2,57,3
11536,2025-12-30 14:27:35+05:30,3249.0,22,3253.31,1577367,95112.0,128533.0,3250.0,3267.5,3239.8,3251.5,47018125,3576.6,2926.4,4322.95,2866.6,3248.8,37,3,3248.7,51,2,3248.6,205,3,3248.5,7,3,3248.4,61,3,3249.0,26,2,3249.1,3,1,3249.2,116,2,3249.4,76,1,3250.0,21,3
11536,2025-12-30 14:27:35+05:30,3249.2,40,3253.31,1577367,95112.0,128533.0,3250.0,3267.5,3239.8,3251.5,47018125,3576.6,2926.4,4322.95,2866.6,3248.8,37,3,3248.7,51,2,3248.6,205,3,3248.5,7,3,3248.4,61,3,3249.0,26,2,3249.1,3,1,3249.2,116,2,3249.4,76,1,3250.0,21,3
11536,2025-12-30 14:27:35+05:30,3249.4,76,3253.31,1577666,96485.0,127934.0,3250.0,3267.5,3239.8,3251.5,47018125,3576.6,2926.4,4322.95,2866.6,3249.4,113,3,3249.3,32,1,3249.2,10,1,3249.1,117,3,3249.0,53,4,3250.0,21,3,3250.5,42,2,3250.7,72,3,3250.8,195,3,3250.9,413,10
11536,2025-12-30 14:27:36+05:30,3249.4,76,3253.31,1577666,96485.0,127934.0,3250.0,3267.5,3239.8,3251.5,47018125,3576.6,2926.4,4322.95,2866.6,3249.4,113,3,3249.3,32,1,3249.2,10,1,3249.1,117,3,3249.0,53,4,3250.0,21,3,3250.5,42,2,3250.7,72,3,3250.8,195,3,3250.9,413,10
11536,2025-12-30 14:27:37+05:30,3249.3,53,3253.31,1577867,96884.0,127821.0,3250.0,3267.5,3239.8,3251.5,47018125,3576.6,2926.4,4322.95,2866.6,3249.3,105,3,3249.2,19,1,3249.1,319,4,3249.0,53,4,3248.9,8,2,3250.0,21,3,3250.1,38,3,3250.2,12,1,3250.3,17,1,3250.4,25,1
11536,2025-12-30 14:27:37+05:30,3249.5,38,3253.31,1577867,96884.0,127821.0,3250.0,3267.5,3239.8,3251.5,47018125,3576.6,2926.4,4322.95,2866.6,3249.3,105,3,3249.2,19,1,3249.1,319,4,3249.0,53,4,3248.9,8,2,3250.0,21,3,3250.1,38,3,3250.2,12,1,3250.3,17,1,3250.4,25,1
11536,2025-12-30 14:27:38+05:30,3250.9,5,3253.31,1578113,96807.0,125556.0,3250.0,3267.5,3239.8,3251.5,47018125,3576.6,2926.4,4322.95,2866.6,3250.0,77,2,3249.6,7,1,3249.5,43,3,3249.4,48,2,3249.3,81,5,3250.9,60,5,3251.1,26,2,3251.2,81,2,3251.3,50,2,3251.4,85,6
11536,2025-12-30 14:27:38+05:30,3250.9,5,3253.31,1578113,96807.0,125556.0,3250.0,3267.5,3239.8,3251.5,47018125,3576.6,2926.4,4322.95,2866.6,3250.0,77,2,3249.6,7,1,3249.5,43,3,3249.4,48,2,3249.3,81,5,3250.9,60,5,3251.1,26,2,3251.2,81,2,3251.3,50,2,3251.4,85,6
11536,2025-12-30 14:27:39+05:30,3250.0,39,3253.31,1578153,96614.0,126086.0,3250.0,3267.5,3239.8,3251.5,47018125,3576.6,2926.4,4322.95,2866.6,3250.0,39,2,3249.6,34,2,3249.5,33,2,3249.4,22,1,3249.3,79,4,3250.9,68,6,3251.0,15,2,3251.1,93,2,3251.2,129,6,3251.3,72,2
11536,2025-12-30 14:27:39+05:30,3250.0,1,3253.31,1578153,96614.0,126086.0,3250.0,3267.5,3239.8,3251.5,47018125,3576.6,2926.4,4322.95,2866.6,3250.0,39,2,3249.6,34,2,3249.5,33,2,3249.4,22,1,3249.3,79,4,3250.9,68,6,3251.0,15,2,3251.1,93,2,3251.2,129,6,3251.3,72,2
11536,2025-12-30 14:27:40+05:30,3250.1,37,3253.31,1578347,97096.0,126372.0,3250.0,3267.5,3239.8,3251.5,47018125,3576.6,2926.4,4322.95,2866.6,3250.0,37,3,3249.8,32,1,3249.6,27,1,3249.5,1,1,3249.3,97,3,3250.1,317,8,3250.8,20,1,3250.9,20,1,3251.0,21,1,3251.1,100,4
11536,2025-12-30 14:27:40+05:30,3250.1,37,3253.31,1578347,97096.0,126372.0,3250.0,3267.5,3239.8,3251.5,47018125,3576.6,2926.4,4322.95,2866.6,3250.0,37,3,3249.8,32,1,3249.6,27,1,3249.5,1,1,3249.3,97,3,3250.1,317,8,3250.8,20,1,3250.9,20,1,3251.0,21,1,3251.1,100,4
11536,2025-12-30 14:27:41+05:30,3250.1,37,3253.31,1578347,97061.0,126029.0,3250.0,3267.5,3239.8,3251.5,47018125,3576.6,2926.4,4322.95,2866.6,3250.0,37,3,3249.8,32,1,3249.6,27,1,3249.5,1,1,3249.3,97,3,3250.1,317,8,3250.8,20,1,3250.9,20,1,3251.0,21,1,3251.1,100,4
11536,2025-12-30 14:27:41+05:30,3250.1,11,3253.31,1578347,97061.0,126029.0,3250.0,3267.5,3239.8,3251.5,47018125,3576.6,2926.4,4322.95,2866.6,3250.0,37,3,3249.8,32,1,3249.6,27,1,3249.5,1,1,3249.3,97,3,3250.1,317,8,3250.8,20,1,3250.9,20,1,3251.0,21,1,3251.1,100,4
11536,2025-12-30 14:27:42+05:30,3250.1,1,3253.31,1578601,97051.0,126098.0,3250.0,3267.5,3239.8,3251.5,47018125,3576.6,2926.4,4322.95,2866.6,3250.0,109,3,3249.6,27,1,3249.5,1,1,3249.4,32,1,3249.3,97,3,3250.1,140,5,3250.6,16,1,3251.0,165,3,3251.1,56,3,3251.2,158,7
11536,2025-12-30 14:27:42+05:30,3250.1,3,3253.31,1578601,97051.0,126098.0,3250.0,3267.5,3239.8,3251.5,47018125,3576.6,2926.4,4322.95,2866.6,3250.0,109,3,3249.6,27,1,3249.5,1,1,3249.4,32,1,3249.3,97,3,3250.1,140,5,3250.6,16,1,3251.0,165,3,3251.1,56,3,3251.2,158,7
11536,2025-12-30 14:27:43+05:30,3250.0,2,3253.31,1578797,96863.0,126037.0,3250.0,3267.5,3239.8,3251.5,47018125,3576.6,2926.4,4322.95,2866.6,3250.0,64,2,3249.7,27,1,3249.5,51,2,3249.4,48,3,3249.3,120,4,3250.1,108,4,3250.8,18,1,3251.0,24,2,3251.1,40,2,3251.2,190,4
11536,2025-12-30 14:27:43+05:30,3250.0,2,3253.31,1578797,96863.0,126037.0,3250.0,3267.5,3239.8,3251.5,47018125,3576.6,2926.4,4322.95,2866.6,3250.0,64,2,3249.7,27,1,3249.5,51,2,3249.4,48,3,3249.3,120,4,3250.1,108,4,3250.8,18,1,3251.0,24,2,3251.1,40,2,3251.2,190,4
11536,2025-12-30 14:27:44+05:30,3250.0,43,3253.31,1578955,97925.0,125948.0,3250.0,3267.5,3239.8,3251.5,47018125,3576.6,2926.4,4322.95,2866.6,3250.0,181,3,3249.9,27,1,3249.8,60,3,3249.7,59,3,3249.6,68,3,3250.1,65,5,3250.2,76,3,3251.0,24,2,3251.2,179,3,3251.3,18,1
11536,2025-12-30 14:27:44+05:30,3250.0,43,3253.31,1578955,97925.0,125948.0,3250.0,3267.5,3239.8,3251.5,47018125,3576.6,2926.4,4322.95,2866.6,3250.0,181,3,3249.9,27,1,3249.8,60,3,3249.7,59,3,3249.6,68,3,3250.1,65,5,3250.2,76,3,3251.0,24,2,3251.2,179,3,3251.3,18,1
11536,2025-12-30 14:27:45+05:30,3250.0,1,3253.31,1578955,97925.0,125948.0,3250.0,3267.5,3239.8,3251.5,47018125,3576.6,2926.4,4322.95,2866.6,3250.0,181,3,3249.9,27,1,3249.8,60,3,3249.7,59,3,3249.6,68,3,3250.1,65,5,3250.2,76,3,3251.0,24,2,3251.2,179,3,3251.3,18,1
11536,2025-12-30 14:27:45+05:30,3250.0,1,3253.31,1579071,97157.0,125850.0,3250.0,3267.5,3239.8,3251.5,47018125,3576.6,2926.4,4322.95,2866.6,3250.0,207,4,3249.9,56,3,3249.8,44,2,3249.7,27,2,3249.6,75,3,3250.2,52,3,3250.3,39,3,3251.0,21,2,3251.2,20,1,3251.4,246,5
11536,2025-12-30 14:27:46+05:30,3250.2,1,3253.31,1579071,97157.0,125850.0,3250.0,3267.5,3239.8,3251.5,47018125,3576.6,2926.4,4322.95,2866.6,3250.0,207,4,3249.9,56,3,3249.8,44,2,3249.7,27,2,3249.6,75,3,3250.2,52,3,3250.3,39,3,3251.0,21,2,3251.2,20,1,3251.4,246,5
11536,2025-12-30 14:27:46+05:30,3250.2,1,3253.31,1579072,96160.0,125797.0,3250.0,3267.5,3239.8,3251.5,47018125,3576.6,2926.4,4322.95,2866.6,3250.0,228,4,3249.9,10,1,3249.8,44,2,3249.7,47,2,3249.6,65,2,3250.1,113,4,3250.2,50,1,3250.4,50,2,3251.0,21,2,3251.2,37,2
11536,2025-12-30 14:27:47+05:30,3249.6,75,3253.31,1579072,96160.0,125797.0,3250.0,3267.5,3239.8,3251.5,47018125,3576.6,2926.4,4322.95,2866.6,3250.0,228,4,3249.9,10,1,3249.8,44,2,3249.7,47,2,3249.6,65,2,3250.1,113,4,3250.2,50,1,3250.4,50,2,3251.0,21,2,3251.2,37,2
11536,2025-12-30 14:27:47+05:30,3249.6,108,3253.31,1580270,99303.0,125769.0,3250.0,3267.5,3239.8,3251.5,47018125,3576.6,2926.4,4322.95,2866.6,3249.9,175,1,3249.8,27,1,3249.7,40,2,3249.6,11,2,3249.5,55,5,3250.2,50,1,3250.4,76,4,3251.0,3,1,3251.2,42,3,3251.3,18,1
11536,2025-12-30 14:27:48+05:30,3249.6,108,3253.31,1580270,99303.0,125769.0,3250.0,3267.5,3239.8,3251.5,47018125,3576.6,2926.4,4322.95,2866.6,3249.9,175,1,3249.8,27,1,3249.7,40,2,3249.6,11,2,3249.5,55,5,3250.2,50,1,3250.4,76,4,3251.0,3,1,3251.2,42,3,3251.3,18,1
11536,2025-12-30 14:27:48+05:30,3250.0,39,3253.31,1580309,99302.0,125954.0,3250.0,3267.5,3239.8,3251.5,47018125,3576.6,2926.4,4322.95,2866.6,3250.0,186,2,3249.8,5,1,3249.6,37,2,3249.5,31,3,3249.4,60,3,3250.1,280,9,3251.0,3,1,3251.2,42,3,3251.3,18,1,3251.4,63,2
11536,2025-12-30 14:27:49+05:30,3250.1,10,3253.31,1580309,99302.0,125954.0,3250.0,3267.5,3239.8,3251.5,47018125,3576.6,2926.4,4322.95,2866.6,3250.0,186,2,3249.8,5,1,3249.6,37,2,3249.5,31,3,3249.4,60,3,3250.1,280,9,3251.0,3,1,3251.2,42,3,3251.3,18,1,3251.4,63,2
11536,2025-12-30 14:27:49+05:30,3250.1,10,3253.31,1580635,101365.0,124415.0,3250.0,3267.5,3239.8,3251.5,47018125,3576.6,2926.4,4322.95,2866.6,3250.2,76,2,3250.1,459,7,3250.0,71,4,3249.9,24,2,3249.8,55,4,3251.0,3,1,3251.6,59,2,3251.7,14,2,3251.8,63,2,3251.9,37,3
11536,2025-12-30 14:27:50+05:30,3250.2,1,3253.31,1580635,101365.0,124415.0,3250.0,3267.5,3239.8,3251.5,47018125,3576.6,2926.4,4322.95,2866.6,3250.2,76,2,3250.1,459,7,3250.0,71,4,3249.9,24,2,3249.8,55,4,3251.0,3,1,3251.6,59,2,3251.7,14,2,3251.8,63,2,3251.9,37,3
11536,2025-12-30 14:27:50+05:30,3250.2,1,3253.31,1580636,101118.0,124880.0,3250.0,3267.5,3239.8,3251.5,47018125,3576.6,2926.4,4322.95,2866.6,3250.2,282,4,3250.1,198,3,3250.0,110,4,3249.9,24,2,3249.8,55,4,3250.4,128,4,3251.0,3,1,3251.6,101,3,3251.7,36,4,3251.8,63,2
11536,2025-12-30 14:27:51+05:30,3250.3,4,3253.31,1580636,101118.0,124880.0,3250.0,3267.5,3239.8,3251.5,47018125,3576.6,2926.4,4322.95,2866.6,3250.2,282,4,3250.1,198,3,3250.0,110,4,3249.9,24,2,3249.8,55,4,3250.4,128,4,3251.0,3,1,3251.6,101,3,3251.7,36,4,3251.8,63,2
11536,2025-12-30 14:27:51+05:30,3250.3,4,3253.31,1580652,101225.0,124949.0,3250.0,3267.5,3239.8,3251.5,47018125,3576.6,2926.4,4322.95,2866.6,3250.2,282,4,3250.1,198,3,3250.0,68,3,3249.9,24,2,3249.8,73,4,3250.3,72,2,3250.4,64,2,3251.0,3,1,3251.6,101,3,3251.7,36,4
11536,2025-12-30 14:27:52+05:30,3250.2,47,3253.31,1580652,101225.0,124949.0,3250.0,3267.5,3239.8,3251.5,47018125,3576.6,2926.4,4322.95,2866.6,3250.2,282,4,3250.1,198,3,3250.0,68,3,3249.9,24,2,3249.8,73,4,3250.3,72,2,3250.4,64,2,3251.0,3,1,3251.6,101,3,3251.7,36,4
11536,2025-12-30 14:27:52+05:30,3250.3,3,3253.31,1580867,100916.0,124841.0,3250.0,3267.5,3239.8,3251.5,47018125,3576.6,2926.4,4322.95,2866.6,3250.2,88,2,3250.1,175,1,3250.0,173,3,3249.9,10,1,3249.8,59,3,3250.3,149,3,3251.0,5,2,3251.1,18,1,3251.3,45,2,3251.4,12,1
11536,2025-12-30 14:27:53+05:30,3250.3,1,3253.31,1580867,100916.0,124841.0,3250.0,3267.5,3239.8,3251.5,47018125,3576.6,2926.4,4322.95,2866.6,3250.2,88,2,3250.1,175,1,3250.0,173,3,3249.9,10,1,3249.8,59,3,3250.3,149,3,3251.0,5,2,3251.1,18,1,3251.3,45,2,3251.4,12,1
11536,2025-12-30 14:27:53+05:30,3250.3,1,3253.31,1580879,100925.0,124853.0,3250.0,3267.5,3239.8,3251.5,47018125,3576.6,2926.4,4322.95,2866.6,3250.2,88,2,3250.1,178,2,3250.0,173,3,3249.9,10,1,3249.8,86,4,3250.3,161,5,3251.0,5,2,3251.1,18,1,3251.3,45,2,3251.4,12,1
11536,2025-12-30 14:27:54+05:30,3250.3,1,3253.31,1580879,100925.0,124853.0,3250.0,3267.5,3239.8,3251.5,47018125,3576.6,2926.4,4322.95,2866.6,3250.2,88,2,3250.1,178,2,3250.0,173,3,3249.9,10,1,3249.8,86,4,3250.3,161,5,3251.0,5,2,3251.1,18,1,3251.3,45,2,3251.4,12,1
11536,2025-12-30 14:27:54+05:30,3250.3,1,3253.31,1580882,100956.0,124953.0,3250.0,3267.5,3239.8,3251.5,47018125,3576.6,2926.4,4322.95,2866.6,3250.2,86,2,3250.1,175,1,3250.0,184,4,3249.9,10,1,3249.8,20,1,3250.3,260,8,3251.0,5,2,3251.1,18,1,3251.3,45,2,3251.4,17,2
11536,2025-12-30 14:27:55+05:30,3250.3,13,3253.31,1580882,100956.0,124953.0,3250.0,3267.5,3239.8,3251.5,47018125,3576.6,2926.4,4322.95,2866.6,3250.2,86,2,3250.1,175,1,3250.0,184,4,3249.9,10,1,3249.8,20,1,3250.3,260,8,3251.0,5,2,3251.1,18,1,3251.3,45,2,3251.4,17,2
11536,2025-12-30 14:27:55+05:30,3250.3,13,3253.31,1580958,100843.0,124843.0,3250.0,3267.5,3239.8,3251.5,47018125,3576.6,2926.4,4322.95,2866.6,3250.2,24,1,3250.1,175,1,3250.0,184,4,3249.9,17,2,3249.8,20,1,3250.3,184,7,3251.0,15,3,3251.1,18,1,3251.3,45,2,3251.4,17,2
11536,2025-12-30 14:27:56+05:30,3250.2,1,3253.31,1580958,100843.0,124843.0,3250.0,3267.5,3239.8,3251.5,47018125,3576.6,2926.4,4322.95,2866.6,3250.2,24,1,3250.1,175,1,3250.0,184,4,3249.9,17,2,3249.8,20,1,3250.3,184,7,3251.0,15,3,3251.1,18,1,3251.3,45,2,3251.4,17,2
11536,2025-12-30 14:27:56+05:30,3250.1,29,3253.31,1581363,100908.0,124293.0,3250.0,3267.5,3239.8,3251.5,47018125,3576.6,2926.4,4322.95,2866.6,3250.1,146,1,3250.0,184,4,3249.9,17,2,3249.8,16,1,3249.7,89,3,3250.3,22,2,3251.0,15,3,3251.1,18,1,3251.3,45,2,3251.4,33,2
11536,2025-12-30 14:27:57+05:30,3250.3,11,3253.31,1581363,100908.0,124293.0,3250.0,3267.5,3239.8,3251.5,47018125,3576.6,2926.4,4322.95,2866.6,3250.1,146,1,3250.0,184,4,3249.9,17,2,3249.8,16,1,3249.7,89,3,3250.3,22,2,3251.0,15,3,3251.1,18,1,3251.3,45,2,3251.4,33,2
11536,2025-12-30 14:27:57+05:30,3250.3,58,3253.31,1581435,98502.0,122238.0,3250.0,3267.5,3239.8,3251.5,47018125,3576.6,2926.4,4322.95,2866.6,3250.3,203,2,3250.2,185,2,3250.1,160,2,3250.0,204,5,3249.9,39,2,3251.0,22,4,3251.1,27,1,3251.2,47,2,3251.6,78,3,3251.7,73,4
11536,2025-12-30 14:27:58+05:30,3250.3,2,3253.31,1581435,98502.0,122238.0,3250.0,3267.5,3239.8,3251.5,47018125,3576.6,2926.4,4322.95,2866.6,3250.3,203,2,3250.2,185,2,3250.1,160,2,3250.0,204,5,3249.9,39,2,3251.0,22,4,3251.1,27,1,3251.2,47,2,3251.6,78,3,3251.7,73,4
11536,2025-12-30 14:27:58+05:30,3250.3,38,3253.31,1581476,101180.0,124161.0,3250.0,3267.5,3239.8,3251.5,47018125,3576.6,2926.4,4322.95,2866.6,3250.3,168,3,3250.2,175,1,3250.1,146,1,3250.0,184,4,3249.9,18,1,3251.0,22,4,3251.1,50,2,3251.2,102,4,3251.3,25,1,3251.4,13,1
11536,2025-12-30 14:27:59+05:30,3250.4,21,3253.31,1581476,101180.0,124161.0,3250.0,3267.5,3239.8,3251.5,47018125,3576.6,2926.4,4322.95,2866.6,3250.3,168,3,3250.2,175,1,3250.1,146,1,3250.0,184,4,3249.9,18,1,3251.0,22,4,3251.1,50,2,3251.2,102,4,3251.3,25,1,3251.4,13,1
11536,2025-12-30 14:27:59+05:30,3250.4,21,3253.31,1581622,101011.0,125211.0,3250.0,3267.5,3239.8,3251.5,47018125,3576.6,2926.4,4322.95,2866.6,3250.3,168,3,3250.0,184,4,3249.7,2,1,3249.6,40,2,3249.5,16,2,3250.5,114,3,3250.6,55,4,3250.7,4,1,3250.8,38,2,3250.9,57,3
11536,2025-12-30 14:28:00+05:30,3250.4,21,3253.31,1581622,101011.0,125335.0,3250.0,3267.5,3239.8,3251.5,47018125,3576.6,2926.4,4322.95,2866.6,3250.3,168,3,3250.0,184,4,3249.7,2,1,3249.6,40,2,3249.5,16,2,3250.5,195,7,3250.6,13,1,3250.8,66,3,3250.9,63,3,3251.0,95,6
11536,2025-12-30 14:28:01+05:30,3250.4,1,3253.31,1581622,101011.0,125335.0,3250.0,3267.5,3239.8,3251.5,47018125,3576.6,2926.4,4322.95,2866.6,3250.3,168,3,3250.0,184,4,3249.7,2,1,3249.6,40,2,3249.5,16,2,3250.5,195,7,3250.6,13,1,3250.8,66,3,3250.9,63,3,3251.0,95,6
11536,2025-12-30 14:28:01+05:30,3250.4,1,3253.31,1581623,100305.0,126301.0,3250.0,3267.5,3239.8,3251.5,47018125,3576.6,2926.4,4322.95,2866.6,3250.3,168,3,3250.0,184,4,3249.6,18,1,3249.5,15,2,3249.4,232,4,3250.4,314,7,3250.5,17,1,3250.6,59,3,3250.7,7,1,3250.8,71,3
11536,2025-12-30 14:28:02+05:30,3249.4,1,3253.31,1581623,100305.0,126301.0,3250.0,3267.5,3239.8,3251.5,47018125,3576.6,2926.4,4322.95,2866.6,3250.3,168,3,3250.0,184,4,3249.6,18,1,3249.5,15,2,3249.4,232,4,3250.4,314,7,3250.5,17,1,3250.6,59,3,3250.7,7,1,3250.8,71,3
11536,2025-12-30 14:28:02+05:30,3249.4,1,3253.3,1582889,96480.0,124986.0,3250.0,3267.5,3239.8,3251.5,47018125,3576.6,2926.4,4322.95,2866.6,3249.4,47,4,3249.3,260,6,3249.2,35,2,3249.1,92,3,3249.0,111,6,3250.4,252,4,3250.5,14,1,3250.6,14,1,3250.7,33,1,3250.8,46,2
11536,2025-12-30 14:28:03+05:30,3249.6,88,3253.3,1582889,96480.0,124986.0,3250.0,3267.5,3239.8,3251.5,47018125,3576.6,2926.4,4322.95,2866.6,3249.4,47,4,3249.3,260,6,3249.2,35,2,3249.1,92,3,3249.0,111,6,3250.4,252,4,3250.5,14,1,3250.6,14,1,3250.7,33,1,3250.8,46,2
11536,2025-12-30 14:28:04+05:30,3249.6,88,3253.3,1583153,98762.0,127041.0,3250.0,3267.5,3239.8,3251.5,47018125,3576.6,2926.4,4322.95,2866.6,3249.6,176,1,3249.4,54,2,3249.3,9,2,3249.2,52,2,3249.1,73,4,3250.0,88,1,3250.1,24,2,3250.8,62,2,3250.9,126,5,3251.0,258,8
11536,2025-12-30 14:28:04+05:30,3250.0,46,3253.3,1583153,98762.0,127041.0,3250.0,3267.5,3239.8,3251.5,47018125,3576.6,2926.4,4322.95,2866.6,3249.6,176,1,3249.4,54,2,3249.3,9,2,3249.2,52,2,3249.1,73,4,3250.0,88,1,3250.1,24,2,3250.8,62,2,3250.9,126,5,3251.0,258,8
11536,2025-12-30 14:28:05+05:30,3250.0,1,3253.3,1583200,98803.0,127072.0,3250.0,3267.5,3239.8,3251.5,47018125,3576.6,2926.4,4322.95,2866.6,3249.6,176,1,3249.5,26,1,3249.4,28,1,3249.3,4,1,3249.2,52,2,3250.0,41,1,3250.1,74,4,3250.6,18,1,3250.8,80,3,3250.9,108,4
11536,2025-12-30 14:28:05+05:30,3249.7,2,3253.3,1583200,98803.0,127072.0,3250.0,3267.5,3239.8,3251.5,47018125,3576.6,2926.4,4322.95,2866.6,3249.6,176,1,3249.5,26,1,3249.4,28,1,3249.3,4,1,3249.2,52,2,3250.0,41,1,3250.1,74,4,3250.6,18,1,3250.8,80,3,3250.9,108,4
11536,2025-12-30 14:28:06+05:30,3249.7,1,3253.3,1583204,98590.0,127741.0,3250.0,3267.5,3239.8,3251.5,47018125,3576.6,2926.4,4322.95,2866.6,3249.6,176,1,3249.5,26,1,3249.3,4,1,3249.2,19,1,3249.1,3,1,3249.7,285,6,3249.8,75,3,3250.1,38,2,3250.2,30,2,3250.4,32,2
11536,2025-12-30 14:28:06+05:30,3249.5,123,3253.3,1583204,98590.0,127741.0,3250.0,3267.5,3239.8,3251.5,47018125,3576.6,2926.4,4322.95,2866.6,3249.6,176,1,3249.5,26,1,3249.3,4,1,3249.2,19,1,3249.1,3,1,3249.7,285,6,3249.8,75,3,3250.1,38,2,3250.2,30,2,3250.4,32,2
11536,2025-12-30 14:28:07+05:30,3249.6,30,3253.3,1583507,98327.0,128008.0,3250.0,3267.5,3239.8,3251.5,47018125,3576.6,2926.4,4322.95,2866.6,3249.5,126,1,3249.0,67,4,3248.9,5,2,3248.8,25,3,3248.7,15,2,3249.6,20,1,3249.7,65,1,3249.8,75,3,3249.9,18,1,3250.1,20,1
11536,2025-12-30 14:28:07+05:30,3249.0,1,3253.3,1583507,98327.0,128008.0,3250.0,3267.5,3239.8,3251.5,47018125,3576.6,2926.4,4322.95,2866.6,3249.5,126,1,3249.0,67,4,3248.9,5,2,3248.8,25,3,3248.7,15,2,3249.6,20,1,3249.7,65,1,3249.8,75,3,3249.9,18,1,3250.1,20,1
11536,2025-12-30 14:28:08+05:30,3249.3,50,3253.3,1583649,98066.0,128420.0,3250.0,3267.5,3239.8,3251.5,47018125,3576.6,2926.4,4322.95,2866.6,3249.0,99,5,3248.8,4,2,3248.7,15,2,3248.6,3,1,3248.5,299,8,3249.3,93,2,3249.4,89,4,3249.6,50,1,3249.7,14,1,3249.8,50,3
11536,2025-12-30 14:28:08+05:30,3249.3,50,3253.3,1583649,98066.0,128420.0,3250.0,3267.5,3239.8,3251.5,47018125,3576.6,2926.4,4322.95,2866.6,3249.0,99,5,3248.8,4,2,3248.7,15,2,3248.6,3,1,3248.5,299,8,3249.3,93,2,3249.4,89,4,3249.6,50,1,3249.7,14,1,3249.8,50,3
11536,2025-12-30 14:28:09+05:30,3249.2,13,3253.3,1584177,98748.0,127496.0,3250.0,3267.5,3239.8,3251.5,47018125,3576.6,2926.4,4322.95,2866.6,3249.2,10,1,3249.0,194,3,3248.9,61,2,3248.8,26,3,3248.7,31,3,3249.3,123,1,3249.4,50,1,3249.6,50,1,3249.8,30,2,3250.3,42,1
11536,2025-12-30 14:28:09+05:30,3249.2,13,3253.3,1584177,98748.0,127496.0,3250.0,3267.5,3239.8,3251.5,47018125,3576.6,2926.4,4322.95,2866.6,3249.2,10,1,3249.0,194,3,3248.9,61,2,3248.8,26,3,3248.7,31,3,3249.3,123,1,3249.4,50,1,3249.6,50,1,3249.8,30,2,3250.3,42,1
11536,2025-12-30 14:28:10+05:30,3249.2,13,3253.3,1584177,98927.0,127685.0,3250.0,3267.5,3239.8,3251.5,47018125,3576.6,2926.4,4322.95,2866.6,3249.1,30,2,3249.0,360,3,3248.8,72,5,3248.7,15,2,3248.6,67,5,3249.3,364,5,3249.4,64,4,3249.8,5,1,3250.3,42,1,3250.4,139,3
11536,2025-12-30 14:28:11+05:30,3249.3,2,3253.3,1584179,99119.0,127297.0,3250.0,3267.5,3239.8,3251.5,47018125,3576.6,2926.4,4322.95,2866.6,3249.1,57,4,3249.0,388,4,3248.9,7,1,3248.8,34,3,3248.7,68,4,3249.3,454,9,3249.4,25,1,3249.8,5,1,3250.3,42,1,3250.4,102,1
11536,2025-12-30 14:28:11+05:30,3249.1,1,3253.3,1584179,99119.0,127297.0,3250.0,3267.5,3239.8,3251.5,47018125,3576.6,2926.4,4322.95,2866.6,3249.1,57,4,3249.0,388,4,3248.9,7,1,3248.8,34,3,3248.7,68,4,3249.3,454,9,3249.4,25,1,3249.8,5,1,3250.3,42,1,3250.4,102,1
11536,2025-12-30 14:28:12+05:30,3249.3,1,3253.3,1584726,98999.0,126689.0,3250.0,3267.5,3239.8,3251.5,47018125,3576.6,2926.4,4322.95,2866.6,3249.1,220,4,3249.0,257,4,3248.9,33,1,3248.8,47,4,3248.7,73,4,3249.3,56,2,3249.4,86,5,3249.8,5,1,3250.4,4,1,3250.6,167,4
11536,2025-12-30 14:28:12+05:30,3249.3,2,3253.3,1584726,98999.0,126689.0,3250.0,3267.5,3239.8,3251.5,47018125,3576.6,2926.4,4322.95,2866.6,3249.1,220,4,3249.0,257,4,3248.9,33,1,3248.8,47,4,3248.7,73,4,3249.3,56,2,3249.4,86,5,3249.8,5,1,3250.4,4,1,3250.6,167,4
11536,2025-12-30 14:28:13+05:30,3249.1,1,3253.3,1584860,99006.0,127453.0,3250.0,3267.5,3239.8,3251.5,47018125,3576.6,2926.4,4322.95,2866.6,3249.1,191,4,3249.0,283,5,3248.9,5,1,3248.8,16,2,3248.7,15,2,3249.2,34,3,3249.4,50,2,3249.8,5,1,3250.4,66,2,3250.5,229,3
11536,2025-12-30 14:28:13+05:30,3249.2,1,3253.3,1584860,99006.0,127453.0,3250.0,3267.5,3239.8,3251.5,47018125,3576.6,2926.4,4322.95,2866.6,3249.1,191,4,3249.0,283,5,3248.9,5,1,3248.8,16,2,3248.7,15,2,3249.2,34,3,3249.4,50,2,3249.8,5,1,3250.4,66,2,3250.5,229,3
11536,2025-12-30 14:28:14+05:30,3249.5,1,3253.3,1585070,98948.0,127861.0,3250.0,3267.5,3239.8,3251.5,47018125,3576.6,2926.4,4322.95,2866.6,3249.1,129,3,3249.0,258,3,3248.9,47,2,3248.8,51,3,3248.7,48,3,3249.5,75,2,3250.2,33,1,3250.3,104,3,3250.4,80,4,3250.5,20,1
11536,2025-12-30 14:28:14+05:30,3249.5,1,3253.3,1585070,98948.0,127861.0,3250.0,3267.5,3239.8,3251.5,47018125,3576.6,2926.4,4322.95,2866.6,3249.1,129,3,3249.0,258,3,3248.9,47,2,3248.8,51,3,3248.7,48,3,3249.5,75,2,3250.2,33,1,3250.3,104,3,3250.4,80,4,3250.5,20,1
11536,2025-12-30 14:28:15+05:30,3249.3,13,3253.3,1585200,99727.0,126974.0,3250.0,3267.5,3239.8,3251.5,47018125,3576.6,2926.4,4322.95,2866.6,3249.3,369,6,3249.2,59,5,3249.1,94,4,3249.0,290,5,3248.9,193,4,3250.3,50,1,3250.7,26,1,3250.8,1,1,3250.9,60,2,3251.0,62,5
11536,2025-12-30 14:28:15+05:30,3249.3,13,3253.3,1585200,99727.0,126974.0,3250.0,3267.5,3239.8,3251.5,47018125,3576.6,2926.4,4322.95,2866.6,3249.3,369,6,3249.2,59,5,3249.1,94,4,3249.0,290,5,3248.9,193,4,3250.3,50,1,3250.7,26,1,3250.8,1,1,3250.9,60,2,3251.0,62,5
11536,2025-12-30 14:28:16+05:30,3250.1,1,3253.3,1585200,99727.0,126974.0,3250.0,3267.5,3239.8,3251.5,47018125,3576.6,2926.4,4322.95,2866.6,3249.3,369,6,3249.2,59,5,3249.1,94,4,3249.0,290,5,3248.9,193,4,3250.3,50,1,3250.7,26,1,3250.8,1,1,3250.9,60,2,3251.0,62,5
11536,2025-12-30 14:28:16+05:30,3250.1,1,3253.3,1585327,100236.0,126467.0,3250.0,3267.5,3239.8,3251.5,47018125,3576.6,2926.4,4322.95,2866.6,3249.5,203,3,3249.4,48,2,3249.3,126,4,3249.2,65,5,3249.1,106,6,3250.1,49,1,3250.3,50,1,3250.8,1,1,3251.0,35,4,3251.1,53,2
11536,2025-12-30 14:28:17+05:30,3249.2,2,3253.3,1585327,100236.0,126467.0,3250.0,3267.5,3239.8,3251.5,47018125,3576.6,2926.4,4322.95,2866.6,3249.5,203,3,3249.4,48,2,3249.3,126,4,3249.2,65,5,3249.1,106,6,3250.1,49,1,3250.3,50,1,3250.8,1,1,3251.0,35,4,3251.1,53,2
11536,2025-12-30 14:28:17+05:30,3249.2,2,3253.29,1586628,99347.0,124356.0,3250.0,3267.5,3239.8,3251.5,47018125,3576.6,2926.4,4322.95,2866.6,3249.6,175,1,3249.4,73,2,3249.3,19,1,3249.2,18,2,3249.1,287,9,3250.8,82,4,3250.9,30,2,3251.0,26,2,3251.1,20,1,3251.2,66,4
11536,2025-12-30 14:28:18+05:30,3250.0,1,3253.29,1586628,99347.0,124356.0,3250.0,3267.5,3239.8,3251.5,47018125,3576.6,2926.4,4322.95,2866.6,3249.6,175,1,3249.4,73,2,3249.3,19,1,3249.2,18,2,3249.1,287,9,3250.8,82,4,3250.9,30,2,3251.0,26,2,3251.1,20,1,3251.2,66,4
11536,2025-12-30 14:28:18+05:30,3250.0,2,3253.29,1586632,96110.0,125654.0,3250.0,3267.5,3239.8,3251.5,47018125,3576.6,2926.4,4322.95,2866.6,3249.6,185,2,3249.5,76,3,3249.4,122,5,3249.3,12,1,3249.2,88,5,3250.0,78,5,3250.8,32,1,3251.0,31,2,3251.1,31,2,3251.2,66,3
11536,2025-12-30 14:28:19+05:30,3251.0,6,3253.29,1586632,96110.0,125654.0,3250.0,3267.5,3239.8,3251.5,47018125,3576.6,2926.4,4322.95,2866.6,3249.6,185,2,3249.5,76,3,3249.4,122,5,3249.3,12,1,3249.2,88,5,3250.0,78,5,3250.8,32,1,3251.0,31,2,3251.1,31,2,3251.2,66,3
11536,2025-12-30 14:28:19+05:30,3251.0,6,3253.29,1586807,100492.0,124225.0,3250.0,3267.5,3239.8,3251.5,47018125,3576.6,2926.4,4322.95,2866.6,3250.8,5,1,3249.8,21,1,3249.7,71,2,3249.6,243,5,3249.5,123,3,3251.0,23,2,3251.1,68,4,3251.2,75,2,3251.3,9,1,3251.4,115,6
11536,2025-12-30 14:28:20+05:30,3250.8,3,3253.29,1586810,100279.0,124832.0,3250.0,3267.5,3239.8,3251.5,47018125,3576.6,2926.4,4322.95,2866.6,3250.8,2,1,3250.0,47,1,3249.8,21,1,3249.7,61,1,3249.6,210,3,3250.9,393,12,3251.0,45,2,3251.1,33,2,3251.2,62,2,3251.3,55,2
11536,2025-12-30 14:28:21+05:30,3250.8,5,3253.29,1586810,100279.0,124832.0,3250.0,3267.5,3239.8,3251.5,47018125,3576.6,2926.4,4322.95,2866.6,3250.8,2,1,3250.0,47,1,3249.8,21,1,3249.7,61,1,3249.6,210,3,3250.9,393,12,3251.0,45,2,3251.1,33,2,3251.2,62,2,3251.3,55,2
11536,2025-12-30 14:28:21+05:30,3250.8,5,3253.29,1586817,100123.0,125283.0,3250.0,3267.5,3239.8,3251.5,47018125,3576.6,2926.4,4322.95,2866.6,3250.8,5,1,3250.0,47,1,3249.8,21,1,3249.6,195,2,3249.5,43,1,3250.9,427,13,3251.0,24,2,3251.1,14,1,3251.2,62,2,3251.3,78,3
11536,2025-12-30 14:28:22+05:30,3250.8,37,3253.29,1586817,100123.0,125283.0,3250.0,3267.5,3239.8,3251.5,47018125,3576.6,2926.4,4322.95,2866.6,3250.8,5,1,3250.0,47,1,3249.8,21,1,3249.6,195,2,3249.5,43,1,3250.9,427,13,3251.0,24,2,3251.1,14,1,3251.2,62,2,3251.3,78,3
11536,2025-12-30 14:28:22+05:30,3250.1,3,3253.29,1587039,97799.0,125900.0,3250.0,3267.5,3239.8,3251.5,47018125,3576.6,2926.4,4322.95,2866.6,3250.0,67,2,3249.6,203,2,3249.5,34,1,3249.4,59,2,3249.3,42,1,3250.1,99,4,3250.8,11,1,3250.9,150,4,3251.0,80,3,3251.1,85,4
11536,2025-12-30 14:28:23+05:30,3250.0,1,3253.29,1587039,97799.0,125900.0,3250.0,3267.5,3239.8,3251.5,47018125,3576.6,2926.4,4322.95,2866.6,3250.0,67,2,3249.6,203,2,3249.5,34,1,3249.4,59,2,3249.3,42,1,3250.1,99,4,3250.8,11,1,3250.9,150,4,3251.0,80,3,3251.1,85,4
11536,2025-12-30 14:28:23+05:30,3250.0,1,3253.29,1587087,99073.0,125907.0,3250.0,3267.5,3239.8,3251.5,47018125,3576.6,2926.4,4322.95,2866.6,3250.0,66,2,3249.6,203,2,3249.4,31,1,3249.3,42,1,3249.2,59,3,3250.1,64,3,3250.9,150,4,3251.0,75,2,3251.1,39,3,3251.2,138,7
11536,2025-12-30 14:28:24+05:30,3250.0,1,3253.29,1587087,99073.0,125907.0,3250.0,3267.5,3239.8,3251.5,47018125,3576.6,2926.4,4322.95,2866.6,3250.0,66,2,3249.6,203,2,3249.4,31,1,3249.3,42,1,3249.2,59,3,3250.1,64,3,3250.9,150,4,3251.0,75,2,3251.1,39,3,3251.2,138,7
11536,2025-12-30 14:28:24+05:30,3250.0,1,3253.29,1587344,96770.0,125891.0,3250.0,3267.5,3239.8,3251.5,47018125,3576.6,2926.4,4322.95,2866.6,3250.0,129,3,3249.6,175,1,3249.2,39,2,3249.1,7,2,3249.0,24,2,3250.1,139,4,3250.4,7,1,3250.5,26,2,3250.6,58,3,3250.7,61,2
11536,2025-12-30 14:28:25+05:30,3250.1,1,3253.29,1587344,96770.0,125891.0,3250.0,3267.5,3239.8,3251.5,47018125,3576.6,2926.4,4322.95,2866.6,3250.0,129,3,3249.6,175,1,3249.2,39,2,3249.1,7,2,3249.0,24,2,3250.1,139,4,3250.4,7,1,3250.5,26,2,3250.6,58,3,3250.7,61,2
11536,2025-12-30 14:28:25+05:30,3250.1,1,3253.29,1587345,96770.0,126038.0,3250.0,3267.5,3239.8,3251.5,47018125,3576.6,2926.4,4322.95,2866.6,3250.0,129,3,3249.6,175,1,3249.2,39,2,3249.1,7,2,3249.0,24,2,3250.1,172,6,3250.2,19,1,3250.5,96,4,3250.6,24,2,3250.7,73,3
11536,2025-12-30 14:28:26+05:30,3250.0,8,3253.29,1587345,96770.0,126038.0,3250.0,3267.5,3239.8,3251.5,47018125,3576.6,2926.4,4322.95,2866.6,3250.0,129,3,3249.6,175,1,3249.2,39,2,3249.1,7,2,3249.0,24,2,3250.1,172,6,3250.2,19,1,3250.5,96,4,3250.6,24,2,3250.7,73,3
11536,2025-12-30 14:28:26+05:30,3250.0,8,3253.29,1587584,99849.0,126397.0,3250.0,3267.5,3239.8,3251.5,47018125,3576.6,2926.4,4322.95,2866.6,3250.0,80,3,3249.6,175,1,3249.2,39,2,3249.1,7,2,3249.0,24,2,3250.1,142,6,3250.2,64,3,3250.3,24,2,3250.4,118,4,3250.5,34,2
11536,2025-12-30 14:28:27+05:30,3250.0,4,3253.29,1587584,99849.0,126397.0,3250.0,3267.5,3239.8,3251.5,47018125,3576.6,2926.4,4322.95,2866.6,3250.0,80,3,3249.6,175,1,3249.2,39,2,3249.1,7,2,3249.0,24,2,3250.1,142,6,3250.2,64,3,3250.3,24,2,3250.4,118,4,3250.5,34,2
11536,2025-12-30 14:28:28+05:30,3250.0,29,3253.29,1587740,96690.0,126402.0,3250.0,3267.5,3239.8,3251.5,47018125,3576.6,2926.4,4322.95,2866.6,3250.0,12,2,3249.6,175,1,3249.4,28,1,3249.3,34,1,3249.2,39,2,3250.1,88,4,3250.2,69,3,3250.4,56,2,3250.5,34,2,3250.6,24,2
11536,2025-12-30 14:28:28+05:30,3250.0,20,3253.29,1587740,96690.0,126402.0,3250.0,3267.5,3239.8,3251.5,47018125,3576.6,2926.4,4322.95,2866.6,3250.0,12,2,3249.6,175,1,3249.4,28,1,3249.3,34,1,3249.2,39,2,3250.1,88,4,3250.2,69,3,3250.4,56,2,3250.5,34,2,3250.6,24,2
11536,2025-12-30 14:28:29+05:30,3250.0,20,3253.29,1587867,94429.0,127093.0,3250.0,3267.5,3239.8,3251.5,47018125,3576.6,2926.4,4322.95,2866.6,3249.6,175,1,3249.2,47,2,3249.1,41,3,3249.0,3,1,3248.9,575,4,3249.7,75,4,3250.0,4,1,3250.1,118,4,3250.2,25,1,3250.4,14,1
11536,2025-12-30 14:28:30+05:30,3249.7,1,3253.29,1587868,97808.0,127092.0,3250.0,3267.5,3239.8,3251.5,47018125,3576.6,2926.4,4322.95,2866.6,3249.6,227,2,3249.2,47,2,3249.1,41,3,3249.0,3,1,3248.9,575,4,3249.7,88,5,3250.0,4,1,3250.1,104,3,3250.2,25,1,3250.4,14,1
11536,2025-12-30 14:28:30+05:30,3249.6,1,3253.29,1587868,97808.0,127092.0,3250.0,3267.5,3239.8,3251.5,47018125,3576.6,2926.4,4322.95,2866.6,3249.6,227,2,3249.2,47,2,3249.1,41,3,3249.0,3,1,3248.9,575,4,3249.7,88,5,3250.0,4,1,3250.1,104,3,3250.2,25,1,3250.4,14,1
11536,2025-12-30 14:28:31+05:30,3249.6,24,3253.29,1588123,98983.0,127267.0,3250.0,3267.5,3239.8,3251.5,47018125,3576.6,2926.4,4322.95,2866.6,3249.6,51,1,3249.1,4,1,3249.0,3,1,3248.9,584,4,3248.8,46,5,3249.7,126,7,3249.8,15,1,3249.9,20,2,3250.0,43,3,3250.1,62,3
11536,2025-12-30 14:28:31+05:30,3249.3,38,3253.29,1588123,98983.0,127267.0,3250.0,3267.5,3239.8,3251.5,47018125,3576.6,2926.4,4322.95,2866.6,3249.6,51,1,3249.1,4,1,3249.0,3,1,3248.9,584,4,3248.8,46,5,3249.7,126,7,3249.8,15,1,3249.9,20,2,3250.0,43,3,3250.1,62,3
11536,2025-12-30 14:28:32+05:30,3249.1,76,3253.29,1589341,96462.0,128543.0,3250.0,3267.5,3239.8,3251.5,47018125,3576.6,2926.4,4322.95,2866.6,3248.9,90,1,3248.8,2,2,3248.7,12,1,3248.5,7,3,3248.4,22,2,3249.2,92,3,3249.3,68,6,3249.4,50,3,3249.5,45,2,3249.6,75,5
11536,2025-12-30 14:28:32+05:30,3249.1,76,3253.29,1589341,96462.0,128543.0,3250.0,3267.5,3239.8,3251.5,47018125,3576.6,2926.4,4322.95,2866.6,3248.9,90,1,3248.8,2,2,3248.7,12,1,3248.5,7,3,3248.4,22,2,3249.2,92,3,3249.3,68,6,3249.4,50,3,3249.5,45,2,3249.6,75,5
11536,2025-12-30 14:28:33+05:30,3248.9,3,3253.29,1589341,96462.0,128543.0,3250.0,3267.5,3239.8,3251.5,47018125,3576.6,2926.4,4322.95,2866.6,3248.9,90,1,3248.8,2,2,3248.7,12,1,3248.5,7,3,3248.4,22,2,3249.2,92,3,3249.3,68,6,3249.4,50,3,3249.5,45,2,3249.6,75,5
11536,2025-12-30 14:28:33+05:30,3248.9,3,3253.29,1589344,96545.0,128610.0,3250.0,3267.5,3239.8,3251.5,47018125,3576.6,2926.4,4322.95,2866.6,3248.9,89,2,3248.8,2,2,3248.7,12,1,3248.5,7,3,3248.4,22,2,3249.1,102,6,3249.2,80,3,3249.3,49,4,3249.4,30,2,3249.5,87,3
11536,2025-12-30 14:28:34+05:30,3248.9,20,3253.29,1589344,96545.0,128610.0,3250.0,3267.5,3239.8,3251.5,47018125,3576.6,2926.4,4322.95,2866.6,3248.9,89,2,3248.8,2,2,3248.7,12,1,3248.5,7,3,3248.4,22,2,3249.1,102,6,3249.2,80,3,3249.3,49,4,3249.4,30,2,3249.5,87,3
11536,2025-12-30 14:28:34+05:30,3248.9,13,3253.29,1589491,96290.0,129474.0,3250.0,3267.5,3239.8,3251.5,47018125,3576.6,2926.4,4322.95,2866.6,3248.8,2,2,3248.7,12,1,3248.5,4,2,3248.4,2,1,3248.3,3,1,3248.9,206,5,3249.0,38,2,3249.1,19,1,3249.2,34,2,3249.3,18,2
11536,2025-12-30 14:28:35+05:30,3248.8,1,3253.29,1589491,96290.0,129474.0,3250.0,3267.5,3239.8,3251.5,47018125,3576.6,2926.4,4322.95,2866.6,3248.8,2,2,3248.7,12,1,3248.5,4,2,3248.4,2,1,3248.3,3,1,3248.9,206,5,3249.0,38,2,3249.1,19,1,3249.2,34,2,3249.3,18,2
11536,2025-12-30 14:28:35+05:30,3248.8,1,3253.29,1589493,96308.0,129568.0,3250.0,3267.5,3239.8,3251.5,47018125,3576.6,2926.4,4322.95,2866.6,3248.8,2,2,3248.7,12,1,3248.5,4,2,3248.4,2,1,3248.3,3,1,3248.9,232,7,3249.0,25,1,3249.1,19,1,3249.2,20,1,3249.3,82,4
11536,2025-12-30 14:28:36+05:30,3248.9,14,3253.29,1589493,96308.0,129568.0,3250.0,3267.5,3239.8,3251.5,47018125,3576.6,2926.4,4322.95,2866.6,3248.8,2,2,3248.7,12,1,3248.5,4,2,3248.4,2,1,3248.3,3,1,3248.9,232,7,3249.0,25,1,3249.1,19,1,3249.2,20,1,3249.3,82,4
11536,2025-12-30 14:28:36+05:30,3248.9,14,3253.29,1589777,97310.0,127952.0,3250.0,3267.5,3239.8,3251.5,47018125,3576.6,2926.4,4322.95,2866.6,3248.9,112,2,3248.7,29,1,3248.5,287,3,3248.4,5,2,3248.3,15,2,3249.1,74,3,3249.2,24,2,3249.3,53,2,3249.4,25,1,3249.9,30,1
11536,2025-12-30 14:28:38+05:30,3248.9,25,3253.29,1589802,97328.0,128272.0,3250.0,3267.5,3239.8,3251.5,47018125,3576.6,2926.4,4322.95,2866.6,3248.9,78,2,3248.8,5,1,3248.7,29,1,3248.5,287,3,3248.4,5,2,3249.1,87,3,3249.2,24,2,3249.3,53,2,3249.4,25,1,3249.7,42,1
11536,2025-12-30 14:28:38+05:30,3248.9,38,3253.29,1589802,97328.0,128272.0,3250.0,3267.5,3239.8,3251.5,47018125,3576.6,2926.4,4322.95,2866.6,3248.9,78,2,3248.8,5,1,3248.7,29,1,3248.5,287,3,3248.4,5,2,3249.1,87,3,3249.2,24,2,3249.3,53,2,3249.4,25,1,3249.7,42,1
11536,2025-12-30 14:28:39+05:30,3248.9,38,3253.29,1589842,97300.0,128422.0,3250.0,3267.5,3239.8,3251.5,47018125,3576.6,2926.4,4322.95,2866.6,3248.9,40,2,3248.8,5,1,3248.7,29,1,3248.5,306,4,3248.4,5,2,3249.1,136,5,3249.2,153,3,3249.7,42,1,3249.9,30,1,3250.0,23,2
11536,2025-12-30 14:28:39+05:30,3249.0,36,3253.29,1589842,97300.0,128422.0,3250.0,3267.5,3239.8,3251.5,47018125,3576.6,2926.4,4322.95,2866.6,3248.9,40,2,3248.8,5,1,3248.7,29,1,3248.5,306,4,3248.4,5,2,3249.1,136,5,3249.2,153,3,3249.7,42,1,3249.9,30,1,3250.0,23,2
11536,2025-12-30 14:28:40+05:30,3249.0,36,3253.29,1589952,97563.0,128198.0,3250.0,3267.5,3239.8,3251.5,47018125,3576.6,2926.4,4322.95,2866.6,3248.9,76,4,3248.7,34,2,3248.6,9,1,3248.5,325,5,3248.4,5,2,3249.0,267,7,3249.9,30,1,3250.0,23,2,3250.1,9,2,3250.2,172,7
11536,2025-12-30 14:28:40+05:30,3248.9,63,3253.29,1589952,97563.0,128198.0,3250.0,3267.5,3239.8,3251.5,47018125,3576.6,2926.4,4322.95,2866.6,3248.9,76,4,3248.7,34,2,3248.6,9,1,3248.5,325,5,3248.4,5,2,3249.0,267,7,3249.9,30,1,3250.0,23,2,3250.1,9,2,3250.2,172,7
11536,2025-12-30 14:28:41+05:30,3248.9,63,3253.29,1590204,97118.0,128736.0,3250.0,3267.5,3239.8,3251.5,47018125,3576.6,2926.4,4322.95,2866.6,3248.8,34,1,3248.6,184,2,3248.5,243,1,3248.4,34,3,3248.3,15,2,3248.9,188,3,3249.0,14,1,3249.1,67,2,3249.5,15,1,3249.6,50,2
11536,2025-12-30 14:28:41+05:30,3248.8,1,3253.29,1590204,97118.0,128736.0,3250.0,3267.5,3239.8,3251.5,47018125,3576.6,2926.4,4322.95,2866.6,3248.8,34,1,3248.6,184,2,3248.5,243,1,3248.4,34,3,3248.3,15,2,3248.9,188,3,3249.0,14,1,3249.1,67,2,3249.5,15,1,3249.6,50,2
11536,2025-12-30 14:28:42+05:30,3249.6,21,3253.28,1590495,99569.0,126059.0,3250.0,3267.5,3239.8,3251.5,47018125,3576.6,2926.4,4322.95,2866.6,3249.6,330,2,3249.5,64,2,3249.2,21,1,3249.1,26,2,3249.0,58,3,3250.0,3,1,3250.1,67,4,3250.2,34,2,3250.4,11,1,3250.7,25,1
11536,2025-12-30 14:28:42+05:30,3250.0,1,3253.28,1590495,99569.0,126059.0,3250.0,3267.5,3239.8,3251.5,47018125,3576.6,2926.4,4322.95,2866.6,3249.6,330,2,3249.5,64,2,3249.2,21,1,3249.1,26,2,3249.0,58,3,3250.0,3,1,3250.1,67,4,3250.2,34,2,3250.4,11,1,3250.7,25,1
11536,2025-12-30 14:28:43+05:30,3249.6,38,3253.28,1590539,99370.0,126670.0,3250.0,3267.5,3239.8,3251.5,47018125,3576.6,2926.4,4322.95,2866.6,3249.6,387,4,3249.2,50,2,3249.1,61,3,3249.0,90,3,3248.9,5,2,3250.0,86,4,3250.1,24,2,3250.4,11,1,3250.5,35,1,3250.6,11,1
11536,2025-12-30 14:28:43+05:30,3249.6,38,3253.28,1590539,99370.0,126670.0,3250.0,3267.5,3239.8,3251.5,47018125,3576.6,2926.4,4322.95,2866.6,3249.6,387,4,3249.2,50,2,3249.1,61,3,3249.0,90,3,3248.9,5,2,3250.0,86,4,3250.1,24,2,3250.4,11,1,3250.5,35,1,3250.6,11,1
11536,2025-12-30 14:28:44+05:30,3249.7,3,3253.28,1590542,99476.0,127354.0,3250.0,3267.5,3239.8,3251.5,47018125,3576.6,2926.4,4322.95,2866.6,3249.6,387,4,3249.3,29,1,3249.1,35,1,3249.0,130,5,3248.9,5,2,3249.7,119,4,3250.1,4,1,3250.2,21,1,3250.4,21,1,3250.6,53,2
11536,2025-12-30 14:28:44+05:30,3249.7,3,3253.28,1590542,99476.0,127354.0,3250.0,3267.5,3239.8,3251.5,47018125,3576.6,2926.4,4322.95,2866.6,3249.6,387,4,3249.3,29,1,3249.1,35,1,3249.0,130,5,3248.9,5,2,3249.7,119,4,3250.1,4,1,3250.2,21,1,3250.4,21,1,3250.6,53,2
11536,2025-12-30 14:28:45+05:30,3249.7,25,3253.28,1590661,99434.0,127415.0,3250.0,3267.5,3239.8,3251.5,47018125,3576.6,2926.4,4322.95,2866.6,3249.7,183,3,3249.6,178,2,3249.2,66,3,3249.1,17,1,3249.0,88,4,3250.1,67,3,3250.2,165,5,3250.3,21,1,3250.5,35,1,3250.6,101,3
11536,2025-12-30 14:28:45+05:30,3249.7,25,3253.28,1590661,99434.0,127415.0,3250.0,3267.5,3239.8,3251.5,47018125,3576.6,2926.4,4322.95,2866.6,3249.7,183,3,3249.6,178,2,3249.2,66,3,3249.1,17,1,3249.0,88,4,3250.1,67,3,3250.2,165,5,3250.3,21,1,3250.5,35,1,3250.6,101,3
11536,2025-12-30 14:28:46+05:30,3250.2,36,3253.28,1590905,99373.0,127048.0,3250.0,3267.5,3239.8,3251.5,47018125,3576.6,2926.4,4322.95,2866.6,3249.7,183,3,3249.6,217,4,3249.5,7,1,3249.4,35,1,3249.2,37,2,3250.2,14,1,3250.4,12,1,3250.5,33,2,3250.6,42,1,3250.8,62,2
11536,2025-12-30 14:28:46+05:30,3250.2,36,3253.28,1590905,99373.0,127048.0,3250.0,3267.5,3239.8,3251.5,47018125,3576.6,2926.4,4322.95,2866.6,3249.7,183,3,3249.6,217,4,3249.5,7,1,3249.4,35,1,3249.2,37,2,3250.2,14,1,3250.4,12,1,3250.5,33,2,3250.6,42,1,3250.8,62,2
11536,2025-12-30 14:28:47+05:30,3249.4,54,3253.28,1591796,98758.0,127825.0,3250.0,3267.5,3239.8,3251.5,47018125,3576.6,2926.4,4322.95,2866.6,3248.8,94,5,3248.6,69,5,3248.5,94,2,3248.4,111,7,3248.3,15,2,3249.4,106,1,3249.5,50,2,3249.7,13,1,3250.4,49,2,3250.5,31,2
11536,2025-12-30 14:28:47+05:30,3248.8,1,3253.28,1591796,98758.0,127825.0,3250.0,3267.5,3239.8,3251.5,47018125,3576.6,2926.4,4322.95,2866.6,3248.8,94,5,3248.6,69,5,3248.5,94,2,3248.4,111,7,3248.3,15,2,3249.4,106,1,3249.5,50,2,3249.7,13,1,3250.4,49,2,3250.5,31,2
11536,2025-12-30 14:28:48+05:30,3248.8,1,3253.28,1591838,98743.0,128037.0,3250.0,3267.5,3239.8,3251.5,47018125,3576.6,2926.4,4322.95,2866.6,3248.8,19,3,3248.7,35,1,3248.6,49,4,3248.5,52,1,3248.4,140,9,3249.4,166,3,3249.6,26,2,3250.1,17,1,3250.3,46,1,3250.4,110,3
11536,2025-12-30 14:28:48+05:30,3248.8,1,3253.28,1591838,98743.0,128037.0,3250.0,3267.5,3239.8,3251.5,47018125,3576.6,2926.4,4322.95,2866.6,3248.8,19,3,3248.7,35,1,3248.6,49,4,3248.5,52,1,3248.4,140,9,3249.4,166,3,3249.6,26,2,3250.1,17,1,3250.3,46,1,3250.4,110,3
11536,2025-12-30 14:28:49+05:30,3249.4,1,3253.28,1591838,98743.0,128037.0,3250.0,3267.5,3239.8,3251.5,47018125,3576.6,2926.4,4322.95,2866.6,3248.8,19,3,3248.7,35,1,3248.6,49,4,3248.5,52,1,3248.4,140,9,3249.4,166,3,3249.6,26,2,3250.1,17,1,3250.3,46,1,3250.4,110,3
11536,2025-12-30 14:28:49+05:30,3249.4,1,3253.28,1592069,98859.0,128005.0,3250.0,3267.5,3239.8,3251.5,47018125,3576.6,2926.4,4322.95,2866.6,3249.3,51,1,3249.0,29,1,3248.8,35,1,3248.6,48,3,3248.5,152,3,3249.4,259,4,3249.5,103,5,3250.1,17,1,3250.4,151,3,3250.5,84,4
11536,2025-12-30 14:28:50+05:30,3249.3,51,3253.28,1592069,98859.0,128005.0,3250.0,3267.5,3239.8,3251.5,47018125,3576.6,2926.4,4322.95,2866.6,3249.3,51,1,3249.0,29,1,3248.8,35,1,3248.6,48,3,3248.5,152,3,3249.4,259,4,3249.5,103,5,3250.1,17,1,3250.4,151,3,3250.5,84,4
11536,2025-12-30 14:28:50+05:30,3249.3,51,3253.28,1592173,98465.0,128273.0,3250.0,3267.5,3239.8,3251.5,47018125,3576.6,2926.4,4322.95,2866.6,3248.8,35,1,3248.7,30,1,3248.6,2,1,3248.5,91,2,3248.4,106,8,3249.2,52,2,3249.3,158,3,3249.4,203,3,3249.5,51,1,3250.1,17,1
11536,2025-12-30 14:28:51+05:30,3249.0,76,3253.28,1592173,98465.0,128273.0,3250.0,3267.5,3239.8,3251.5,47018125,3576.6,2926.4,4322.95,2866.6,3248.8,35,1,3248.7,30,1,3248.6,2,1,3248.5,91,2,3248.4,106,8,3249.2,52,2,3249.3,158,3,3249.4,203,3,3249.5,51,1,3250.1,17,1
11536,2025-12-30 14:28:51+05:30,3249.0,76,3253.28,1592643,99038.0,127851.0,3250.0,3267.5,3239.8,3251.5,47018125,3576.6,2926.4,4322.95,2866.6,3249.0,216,5,3248.9,6,2,3248.8,15,1,3248.7,9,1,3248.6,20,1,3249.2,12,1,3249.3,106,1,3250.1,17,1,3250.2,42,1,3250.3,11,1
11536,2025-12-30 14:28:52+05:30,3249.0,1,3253.28,1592643,99038.0,127851.0,3250.0,3267.5,3239.8,3251.5,47018125,3576.6,2926.4,4322.95,2866.6,3249.0,216,5,3248.9,6,2,3248.8,15,1,3248.7,9,1,3248.6,20,1,3249.2,12,1,3249.3,106,1,3250.1,17,1,3250.2,42,1,3250.3,11,1
11536,2025-12-30 14:28:52+05:30,3249.0,1,3253.28,1592826,99222.0,127978.0,3250.0,3267.5,3239.8,3251.5,47018125,3576.6,2926.4,4322.95,2866.6,3249.0,215,5,3248.9,1,1,3248.8,15,1,3248.7,9,1,3248.6,41,2,3249.3,56,1,3249.4,50,4,3250.1,17,1,3250.3,11,1,3250.4,210,5
11536,2025-12-30 14:28:53+05:30,3249.4,13,3253.28,1592826,99222.0,127978.0,3250.0,3267.5,3239.8,3251.5,47018125,3576.6,2926.4,4322.95,2866.6,3249.0,215,5,3248.9,1,1,3248.8,15,1,3248.7,9,1,3248.6,41,2,3249.3,56,1,3249.4,50,4,3250.1,17,1,3250.3,11,1,3250.4,210,5
11536,2025-12-30 14:28:53+05:30,3249.4,13,3253.28,1592958,99440.0,128037.0,3250.0,3267.5,3239.8,3251.5,47018125,3576.6,2926.4,4322.95,2866.6,3249.4,275,2,3249.1,45,2,3249.0,59,2,3248.9,1,1,3248.8,36,2,3249.6,75,3,3249.7,49,3,3250.0,20,1,3250.1,37,2,3250.2,116,4
11536,2025-12-30 14:28:54+05:30,3249.6,1,3253.28,1592958,99440.0,128037.0,3250.0,3267.5,3239.8,3251.5,47018125,3576.6,2926.4,4322.95,2866.6,3249.4,275,2,3249.1,45,2,3249.0,59,2,3248.9,1,1,3248.8,36,2,3249.6,75,3,3249.7,49,3,3250.0,20,1,3250.1,37,2,3250.2,116,4
11536,2025-12-30 14:28:54+05:30,3249.6,1,3253.28,1593045,99620.0,127950.0,3250.0,3267.5,3239.8,3251.5,47018125,3576.6,2926.4,4322.95,2866.6,3249.6,212,2,3249.4,149,1,3249.3,1,1,3249.1,30,1,3249.0,56,1,3249.7,61,4,3249.9,20,1,3250.1,17,1,3250.2,101,4,3250.3,41,2
11536,2025-12-30 14:28:55+05:30,3249.7,1,3253.28,1593045,99620.0,127950.0,3250.0,3267.5,3239.8,3251.5,47018125,3576.6,2926.4,4322.95,2866.6,3249.6,212,2,3249.4,149,1,3249.3,1,1,3249.1,30,1,3249.0,56,1,3249.7,61,4,3249.9,20,1,3250.1,17,1,3250.2,101,4,3250.3,41,2
11536,2025-12-30 14:28:55+05:30,3249.7,1,3253.28,1593047,99583.0,128125.0,3250.0,3267.5,3239.8,3251.5,47018125,3576.6,2926.4,4322.95,2866.6,3249.6,212,2,3249.5,56,1,3249.4,149,1,3249.1,30,1,3248.9,1,1,3249.7,62,5,3249.8,119,4,3250.1,17,1,3250.2,84,4,3250.3,76,3
11536,2025-12-30 14:28:56+05:30,3249.7,1,3253.28,1593047,99583.0,128125.0,3250.0,3267.5,3239.8,3251.5,47018125,3576.6,2926.4,4322.95,2866.6,3249.6,212,2,3249.5,56,1,3249.4,149,1,3249.1,30,1,3248.9,1,1,3249.7,62,5,3249.8,119,4,3250.1,17,1,3250.2,84,4,3250.3,76,3
11536,2025-12-30 14:28:56+05:30,3249.7,1,3253.28,1593071,99616.0,128100.0,3250.0,3267.5,3239.8,3251.5,47018125,3576.6,2926.4,4322.95,2866.6,3249.6,257,2,3249.4,149,1,3249.1,30,1,3248.9,46,3,3248.8,21,1,3249.7,38,3,3249.8,99,3,3250.1,17,1,3250.2,64,3,3250.3,61,3
11536,2025-12-30 14:28:57+05:30,3250.2,11,3253.28,1593071,99616.0,128100.0,3250.0,3267.5,3239.8,3251.5,47018125,3576.6,2926.4,4322.95,2866.6,3249.6,257,2,3249.4,149,1,3249.1,30,1,3248.9,46,3,3248.8,21,1,3249.7,38,3,3249.8,99,3,3250.1,17,1,3250.2,64,3,3250.3,61,3
11536,2025-12-30 14:28:57+05:30,3249.9,3,3253.28,1593300,99756.0,127775.0,3250.0,3267.5,3239.8,3251.5,47018125,3576.6,2926.4,4322.95,2866.6,3249.6,106,2,3249.4,149,1,3249.0,20,1,3248.9,11,2,3248.8,226,3,3249.9,177,4,3250.0,20,1,3250.2,87,5,3250.3,53,2,3250.4,104,4
11536,2025-12-30 14:28:58+05:30,3249.6,21,3253.28,1593300,99756.0,127775.0,3250.0,3267.5,3239.8,3251.5,47018125,3576.6,2926.4,4322.95,2866.6,3249.6,106,2,3249.4,149,1,3249.0,20,1,3248.9,11,2,3248.8,226,3,3249.9,177,4,3250.0,20,1,3250.2,87,5,3250.3,53,2,3250.4,104,4
11536,2025-12-30 14:28:58+05:30,3249.6,21,3253.28,1593483,99612.0,128044.0,3250.0,3267.5,3239.8,3251.5,47018125,3576.6,2926.4,4322.95,2866.6,3249.6,35,1,3249.4,149,1,3249.0,20,1,3248.9,1,1,3248.8,236,4,3249.7,60,2,3249.8,71,3,3250.0,71,2,3250.1,20,1,3250.2,77,4
11536,2025-12-30 14:28:59+05:30,3249.5,73,3253.28,1593483,99612.0,128044.0,3250.0,3267.5,3239.8,3251.5,47018125,3576.6,2926.4,4322.95,2866.6,3249.6,35,1,3249.4,149,1,3249.0,20,1,3248.9,1,1,3248.8,236,4,3249.7,60,2,3249.8,71,3,3250.0,71,2,3250.1,20,1,3250.2,77,4
11536,2025-12-30 14:28:59+05:30,3249.5,73,3253.28,1593556,99699.0,128266.0,3250.0,3267.5,3239.8,3251.5,47018125,3576.6,2926.4,4322.95,2866.6,3249.5,56,1,3249.4,149,1,3249.3,10,1,3248.9,1,1,3248.8,226,3,3249.7,51,3,3249.8,51,2,3249.9,7,1,3250.0,71,2,3250.1,65,3
11536,2025-12-30 14:29:00+05:30,3249.6,1,3253.28,1593556,99699.0,128266.0,3250.0,3267.5,3239.8,3251.5,47018125,3576.6,2926.4,4322.95,2866.6,3249.5,56,1,3249.4,149,1,3249.3,10,1,3248.9,1,1,3248.8,226,3,3249.7,51,3,3249.8,51,2,3249.9,7,1,3250.0,71,2,3250.1,65,3
11536,2025-12-30 14:29:01+05:30,3250.3,16,3253.28,1593839,99862.0,126504.0,3250.0,3267.5,3239.8,3251.5,47018125,3576.6,2926.4,4322.95,2866.6,3249.6,132,2,3249.5,30,1,3249.4,149,1,3249.3,46,2,3249.2,41,2,3250.5,60,4,3250.6,45,2,3250.7,12,1,3250.8,103,4,3250.9,57,3
11536,2025-12-30 14:29:01+05:30,3250.5,1,3253.28,1593839,99862.0,126504.0,3250.0,3267.5,3239.8,3251.5,47018125,3576.6,2926.4,4322.95,2866.6,3249.6,132,2,3249.5,30,1,3249.4,149,1,3249.3,46,2,3249.2,41,2,3250.5,60,4,3250.6,45,2,3250.7,12,1,3250.8,103,4,3250.9,57,3
11536,2025-12-30 14:29:02+05:30,3250.5,1,3253.28,1593844,99864.0,127694.0,3250.0,3267.5,3239.8,3251.5,47018125,3576.6,2926.4,4322.95,2866.6,3249.7,86,2,3249.6,55,1,3249.4,149,1,3249.3,76,3,3249.2,20,1,3249.8,50,2,3250.1,63,1,3250.2,95,3,3250.4,34,2,3250.5,2,1
11536,2025-12-30 14:29:02+05:30,3249.2,38,3253.28,1593844,99864.0,127694.0,3250.0,3267.5,3239.8,3251.5,47018125,3576.6,2926.4,4322.95,2866.6,3249.7,86,2,3249.6,55,1,3249.4,149,1,3249.3,76,3,3249.2,20,1,3249.8,50,2,3250.1,63,1,3250.2,95,3,3250.4,34,2,3250.5,2,1
11536,2025-12-30 14:29:03+05:30,3249.2,38,3253.27,1594673,99195.0,128524.0,3250.0,3267.5,3239.8,3251.5,47018125,3576.6,2926.4,4322.95,2866.6,3248.9,302,5,3248.8,7,1,3248.7,18,1,3248.6,48,3,3248.5,86,2,3249.2,106,1,3249.8,50,2,3250.1,63,1,3250.2,77,3,3250.4,157,4
11536,2025-12-30 14:29:03+05:30,3249.1,12,3253.27,1594673,99195.0,128524.0,3250.0,3267.5,3239.8,3251.5,47018125,3576.6,2926.4,4322.95,2866.6,3248.9,302,5,3248.8,7,1,3248.7,18,1,3248.6,48,3,3248.5,86,2,3249.2,106,1,3249.8,50,2,3250.1,63,1,3250.2,77,3,3250.4,157,4
11536,2025-12-30 14:29:04+05:30,3249.2,3,3253.27,1594800,99544.0,128664.0,3250.0,3267.5,3239.8,3251.5,47018125,3576.6,2926.4,4322.95,2866.6,3248.9,127,4,3248.8,175,1,3248.7,18,1,3248.6,28,2,3248.5,58,3,3249.2,103,1,3250.1,66,2,3250.2,77,3,3250.3,44,1,3250.4,163,5
11536,2025-12-30 14:29:04+05:30,3249.1,46,3253.27,1594800,99544.0,128664.0,3250.0,3267.5,3239.8,3251.5,47018125,3576.6,2926.4,4322.95,2866.6,3248.9,127,4,3248.8,175,1,3248.7,18,1,3248.6,28,2,3248.5,58,3,3249.2,103,1,3250.1,66,2,3250.2,77,3,3250.3,44,1,3250.4,163,5
11536,2025-12-30 14:29:05+05:30,3249.1,1,3253.27,1594848,99581.0,128839.0,3250.0,3267.5,3239.8,3251.5,47018125,3576.6,2926.4,4322.95,2866.6,3248.9,116,3,3248.8,175,1,3248.5,75,3,3248.4,64,4,3248.3,51,3,3249.1,54,2,3249.2,268,6,3249.3,63,1,3249.8,20,1,3249.9,21,1
11536,2025-12-30 14:29:05+05:30,3248.9,13,3253.27,1594848,99581.0,128839.0,3250.0,3267.5,3239.8,3251.5,47018125,3576.6,2926.4,4322.95,2866.6,3248.9,116,3,3248.8,175,1,3248.5,75,3,3248.4,64,4,3248.3,51,3,3249.1,54,2,3249.2,268,6,3249.3,63,1,3249.8,20,1,3249.9,21,1
11536,2025-12-30 14:29:06+05:30,3249.0,13,3253.27,1595500,99297.0,127489.0,3250.0,3267.5,3239.8,3251.5,47018125,3576.6,2926.4,4322.95,2866.6,3249.0,3,1,3248.9,229,3,3248.8,30,1,3248.5,52,3,3248.4,127,6,3249.2,151,2,3249.3,13,1,3250.2,20,1,3250.3,3,1,3250.4,232,7
11536,2025-12-30 14:29:06+05:30,3249.0,13,3253.27,1595500,99297.0,127489.0,3250.0,3267.5,3239.8,3251.5,47018125,3576.6,2926.4,4322.95,2866.6,3249.0,3,1,3248.9,229,3,3248.8,30,1,3248.5,52,3,3248.4,127,6,3249.2,151,2,3249.3,13,1,3250.2,20,1,3250.3,3,1,3250.4,232,7
11536,2025-12-30 14:29:07+05:30,3249.0,13,3253.27,1595500,99504.0,127577.0,3250.0,3267.5,3239.8,3251.5,47018125,3576.6,2926.4,4322.95,2866.6,3249.0,46,2,3248.9,229,3,3248.8,30,1,3248.6,36,1,3248.5,52,3,3249.2,164,3,3249.3,24,2,3250.0,3,1,3250.2,20,1,3250.3,3,1
11536,2025-12-30 14:29:08+05:30,3249.0,47,3253.27,1595726,99227.0,127773.0,3250.0,3267.5,3239.8,3251.5,47018125,3576.6,2926.4,4322.95,2866.6,3249.0,43,1,3248.9,229,3,3248.8,30,1,3248.6,36,1,3248.5,52,3,3249.1,163,5,3249.2,25,1,3250.0,3,1,3250.2,20,1,3250.3,3,1
11536,2025-12-30 14:29:08+05:30,3249.0,39,3253.27,1595726,99227.0,127773.0,3250.0,3267.5,3239.8,3251.5,47018125,3576.6,2926.4,4322.95,2866.6,3249.0,43,1,3248.9,229,3,3248.8,30,1,3248.6,36,1,3248.5,52,3,3249.1,163,5,3249.2,25,1,3250.0,3,1,3250.2,20,1,3250.3,3,1
11536,2025-12-30 14:29:09+05:30,3249.0,39,3253.27,1595765,99374.0,127778.0,3250.0,3267.5,3239.8,3251.5,47018125,3576.6,2926.4,4322.95,2866.6,3249.0,226,1,3248.9,229,3,3248.8,34,2,3248.6,36,1,3248.5,32,2,3249.1,163,5,3249.2,25,1,3250.0,3,1,3250.2,20,1,3250.3,3,1
11536,2025-12-30 14:29:09+05:30,3249.1,1,3253.27,1595765,99374.0,127778.0,3250.0,3267.5,3239.8,3251.5,47018125,3576.6,2926.4,4322.95,2866.6,3249.0,226,1,3248.9,229,3,3248.8,34,2,3248.6,36,1,3248.5,32,2,3249.1,163,5,3249.2,25,1,3250.0,3,1,3250.2,20,1,3250.3,3,1
11536,2025-12-30 14:29:10+05:30,3249.2,17,3253.27,1595970,99485.0,127553.0,3250.0,3267.5,3239.8,3251.5,47018125,3576.6,2926.4,4322.95,2866.6,3249.1,323,2,3249.0,30,1,3248.9,59,3,3248.8,61,3,3248.7,55,3,3249.2,58,4,3249.3,13,1,3250.0,3,1,3250.2,20,1,3250.4,232,7
11536,2025-12-30 14:29:10+05:30,3249.2,1,3253.27,1595970,99485.0,127553.0,3250.0,3267.5,3239.8,3251.5,47018125,3576.6,2926.4,4322.95,2866.6,3249.1,323,2,3249.0,30,1,3248.9,59,3,3248.8,61,3,3248.7,55,3,3249.2,58,4,3249.3,13,1,3250.0,3,1,3250.2,20,1,3250.4,232,7
11536,2025-12-30 14:29:11+05:30,3249.2,1,3253.27,1595971,99484.0,127611.0,3250.0,3267.5,3239.8,3251.5,47018125,3576.6,2926.4,4322.95,2866.6,3249.1,327,3,3249.0,30,1,3248.9,54,2,3248.8,43,2,3248.7,58,4,3249.2,76,5,3249.3,33,1,3250.0,3,1,3250.4,232,7,3250.6,175,6
11536,2025-12-30 14:29:11+05:30,3249.1,38,3253.27,1595971,99484.0,127611.0,3250.0,3267.5,3239.8,3251.5,47018125,3576.6,2926.4,4322.95,2866.6,3249.1,327,3,3249.0,30,1,3248.9,54,2,3248.8,43,2,3248.7,58,4,3249.2,76,5,3249.3,33,1,3250.0,3,1,3250.4,232,7,3250.6,175,6
11536,2025-12-30 14:29:12+05:30,3249.2,2,3253.27,1596098,99419.0,127965.0,3250.0,3267.5,3239.8,3251.5,47018125,3576.6,2926.4,4322.95,2866.6,3249.1,381,4,3248.9,54,2,3248.7,34,2,3248.5,3,1,3248.4,94,5,3249.2,196,6,3249.3,51,1,3249.9,57,2,3250.0,23,2,3250.1,24,1
11536,2025-12-30 14:29:12+05:30,3249.3,51,3253.27,1596098,99419.0,127965.0,3250.0,3267.5,3239.8,3251.5,47018125,3576.6,2926.4,4322.95,2866.6,3249.1,381,4,3248.9,54,2,3248.7,34,2,3248.5,3,1,3248.4,94,5,3249.2,196,6,3249.3,51,1,3249.9,57,2,3250.0,23,2,3250.1,24,1
11536,2025-12-30 14:29:13+05:30,3249.4,1,3253.27,1596371,99419.0,127376.0,3250.0,3267.5,3239.8,3251.5,47018125,3576.6,2926.4,4322.95,2866.6,3249.4,278,2,3249.2,4,1,3249.1,72,2,3248.9,82,2,3248.8,22,1,3249.9,37,1,3250.0,22,2,3250.1,39,3,3250.2,23,2,3250.3,51,2
11536,2025-12-30 14:29:13+05:30,3250.2,1,3253.27,1596371,99419.0,127376.0,3250.0,3267.5,3239.8,3251.5,47018125,3576.6,2926.4,4322.95,2866.6,3249.4,278,2,3249.2,4,1,3249.1,72,2,3248.9,82,2,3248.8,22,1,3249.9,37,1,3250.0,22,2,3250.1,39,3,3250.2,23,2,3250.3,51,2
11536,2025-12-30 14:29:14+05:30,3250.4,20,3253.27,1596651,99962.0,126222.0,3250.0,3267.5,3239.8,3251.5,47018125,3576.6,2926.4,4322.95,2866.6,3249.4,102,2,3249.2,4,1,3249.1,72,2,3249.0,46,2,3248.9,103,3,3250.4,84,5,3250.5,47,2,3250.6,133,6,3250.7,46,3,3250.8,166,6
11536,2025-12-30 14:29:14+05:30,3250.4,20,3253.27,1596651,99962.0,126222.0,3250.0,3267.5,3239.8,3251.5,47018125,3576.6,2926.4,4322.95,2866.6,3249.4,102,2,3249.2,4,1,3249.1,72,2,3249.0,46,2,3248.9,103,3,3250.4,84,5,3250.5,47,2,3250.6,133,6,3250.7,46,3,3250.8,166,6
11536,2025-12-30 14:29:15+05:30,3250.0,1,3253.27,1596747,100003.0,127186.0,3250.0,3267.5,3239.8,3251.5,47018125,3576.6,2926.4,4322.95,2866.6,3249.9,68,2,3249.4,77,1,3249.1,72,2,3249.0,77,3,3248.9,112,3,3250.0,105,6,3250.1,51,2,3250.2,76,3,3250.3,78,5,3250.4,89,4
11536,2025-12-30 14:29:15+05:30,3249.9,1,3253.27,1596747,100003.0,127186.0,3250.0,3267.5,3239.8,3251.5,47018125,3576.6,2926.4,4322.95,2866.6,3249.9,68,2,3249.4,77,1,3249.1,72,2,3249.0,77,3,3248.9,112,3,3250.0,105,6,3250.1,51,2,3250.2,76,3,3250.3,78,5,3250.4,89,4
11536,2025-12-30 14:29:16+05:30,3250.0,1,3253.27,1596787,99961.0,127126.0,3250.0,3267.5,3239.8,3251.5,47018125,3576.6,2926.4,4322.95,2866.6,3249.9,87,3,3249.4,77,1,3249.1,72,2,3249.0,77,3,3248.9,74,2,3250.0,79,5,3250.1,51,2,3250.2,45,2,3250.3,21,1,3250.4,52,3
11536,2025-12-30 14:29:16+05:30,3250.0,1,3253.27,1596787,99961.0,127126.0,3250.0,3267.5,3239.8,3251.5,47018125,3576.6,2926.4,4322.95,2866.6,3249.9,87,3,3249.4,77,1,3249.1,72,2,3249.0,77,3,3248.9,74,2,3250.0,79,5,3250.1,51,2,3250.2,45,2,3250.3,21,1,3250.4,52,3
11536,2025-12-30 14:29:17+05:30,3248.9,24,3253.27,1597595,97838.0,128073.0,3250.0,3267.5,3239.8,3251.5,47018125,3576.6,2926.4,4322.95,2866.6,3248.6,248,4,3248.5,37,1,3248.4,11,2,3248.3,14,2,3248.2,81,5,3248.9,106,1,3249.0,7,1,3249.9,20,1,3250.0,157,5,3250.1,45,2
11536,2025-12-30 14:29:17+05:30,3248.9,1,3253.27,1597595,97838.0,128073.0,3250.0,3267.5,3239.8,3251.5,47018125,3576.6,2926.4,4322.95,2866.6,3248.6,248,4,3248.5,37,1,3248.4,11,2,3248.3,14,2,3248.2,81,5,3248.9,106,1,3249.0,7,1,3249.9,20,1,3250.0,157,5,3250.1,45,2
11536,2025-12-30 14:29:18+05:30,3248.9,3,3253.27,1597600,98097.0,129597.0,3250.0,3267.5,3239.8,3251.5,47018125,3576.6,2926.4,4322.95,2866.6,3248.6,301,5,3248.5,37,1,3248.4,11,2,3248.3,14,2,3248.2,59,4,3248.9,101,1,3249.0,33,3,3249.1,12,1,3249.9,180,2,3250.0,236,8
11536,2025-12-30 14:29:18+05:30,3248.6,24,3253.27,1597600,98097.0,129597.0,3250.0,3267.5,3239.8,3251.5,47018125,3576.6,2926.4,4322.95,2866.6,3248.6,301,5,3248.5,37,1,3248.4,11,2,3248.3,14,2,3248.2,59,4,3248.9,101,1,3249.0,33,3,3249.1,12,1,3249.9,180,2,3250.0,236,8
11536,2025-12-30 14:29:19+05:30,3248.7,47,3253.27,1597600,98097.0,129597.0,3250.0,3267.5,3239.8,3251.5,47018125,3576.6,2926.4,4322.95,2866.6,3248.6,301,5,3248.5,37,1,3248.4,11,2,3248.3,14,2,3248.2,59,4,3248.9,101,1,3249.0,33,3,3249.1,12,1,3249.9,180,2,3250.0,236,8
11536,2025-12-30 14:29:19+05:30,3248.7,47,3253.27,1598047,98027.0,129571.0,3250.0,3267.5,3239.8,3251.5,47018125,3576.6,2926.4,4322.95,2866.6,3248.6,353,3,3248.4,2,1,3248.3,34,2,3248.2,33,3,3248.1,68,6,3248.7,40,2,3248.8,38,3,3248.9,106,1,3249.4,5,1,3249.8,11,1
11536,2025-12-30 14:29:20+05:30,3248.6,124,3253.27,1598047,98027.0,129571.0,3250.0,3267.5,3239.8,3251.5,47018125,3576.6,2926.4,4322.95,2866.6,3248.6,353,3,3248.4,2,1,3248.3,34,2,3248.2,33,3,3248.1,68,6,3248.7,40,2,3248.8,38,3,3248.9,106,1,3249.4,5,1,3249.8,11,1
11536,2025-12-30 14:29:20+05:30,3248.6,124,3253.26,1598377,97611.0,129474.0,3250.0,3267.5,3239.8,3251.5,47018125,3576.6,2926.4,4322.95,2866.6,3248.6,51,1,3248.4,2,1,3248.3,34,2,3248.2,9,2,3248.1,40,4,3248.7,63,4,3249.4,19,2,3249.6,82,3,3249.8,96,4,3249.9,121,5
11536,2025-12-30 14:29:21+05:30,3248.5,1,3253.26,1598377,97611.0,129474.0,3250.0,3267.5,3239.8,3251.5,47018125,3576.6,2926.4,4322.95,2866.6,3248.6,51,1,3248.4,2,1,3248.3,34,2,3248.2,9,2,3248.1,40,4,3248.7,63,4,3249.4,19,2,3249.6,82,3,3249.8,96,4,3249.9,121,5
11536,2025-12-30 14:29:21+05:30,3248.5,1,3253.26,1598552,97930.0,129137.0,3250.0,3267.5,3239.8,3251.5,47018125,3576.6,2926.4,4322.95,2866.6,3248.5,253,3,3248.4,33,2,3248.2,9,2,3248.1,132,8,3248.0,566,12,3248.8,66,4,3248.9,12,1,3249.4,5,1,3249.5,3,1,3249.6,65,2
11536,2025-12-30 14:29:22+05:30,3249.7,15,3253.26,1598552,97930.0,129137.0,3250.0,3267.5,3239.8,3251.5,47018125,3576.6,2926.4,4322.95,2866.6,3248.5,253,3,3248.4,33,2,3248.2,9,2,3248.1,132,8,3248.0,566,12,3248.8,66,4,3248.9,12,1,3249.4,5,1,3249.5,3,1,3249.6,65,2
11536,2025-12-30 14:29:23+05:30,3248.8,1,3253.26,1598736,98059.0,128454.0,3250.0,3267.5,3239.8,3251.5,47018125,3576.6,2926.4,4322.95,2866.6,3248.6,21,1,3248.5,206,2,3248.4,59,2,3248.3,31,2,3248.2,3,1,3248.8,49,4,3248.9,114,3,3249.0,38,1,3249.5,3,1,3249.6,10,1
11536,2025-12-30 14:29:23+05:30,3248.8,1,3253.26,1598736,98059.0,128454.0,3250.0,3267.5,3239.8,3251.5,47018125,3576.6,2926.4,4322.95,2866.6,3248.6,21,1,3248.5,206,2,3248.4,59,2,3248.3,31,2,3248.2,3,1,3248.8,49,4,3248.9,114,3,3249.0,38,1,3249.5,3,1,3249.6,10,1
11536,2025-12-30 14:29:24+05:30,3248.9,35,3253.26,1598858,98167.0,129821.0,3250.0,3267.5,3239.8,3251.5,47018125,3576.6,2926.4,4322.95,2866.6,3248.6,21,1,3248.5,178,2,3248.4,59,2,3248.3,31,1,3248.2,3,1,3248.8,26,2,3248.9,65,4,3249.0,38,1,3249.5,3,1,3249.8,65,2
11536,2025-12-30 14:29:24+05:30,3248.8,12,3253.26,1598858,98167.0,129821.0,3250.0,3267.5,3239.8,3251.5,47018125,3576.6,2926.4,4322.95,2866.6,3248.6,21,1,3248.5,178,2,3248.4,59,2,3248.3,31,1,3248.2,3,1,3248.8,26,2,3248.9,65,4,3249.0,38,1,3249.5,3,1,3249.8,65,2
11536,2025-12-30 14:29:25+05:30,3248.8,12,3253.26,1598908,98192.0,129530.0,3250.0,3267.5,3239.8,3251.5,47018125,3576.6,2926.4,4322.95,2866.6,3248.8,33,3,3248.6,57,1,3248.5,178,2,3248.4,2,1,3248.2,3,1,3248.9,91,6,3249.0,38,1,3249.4,37,1,3249.5,3,1,3249.7,31,1
11536,2025-12-30 14:29:25+05:30,3248.9,1,3253.26,1598908,98192.0,129530.0,3250.0,3267.5,3239.8,3251.5,47018125,3576.6,2926.4,4322.95,2866.6,3248.8,33,3,3248.6,57,1,3248.5,178,2,3248.4,2,1,3248.2,3,1,3248.9,91,6,3249.0,38,1,3249.4,37,1,3249.5,3,1,3249.7,31,1
11536,2025-12-30 14:29:26+05:30,3248.9,11,3253.26,1598969,98137.0,128389.0,3250.0,3267.5,3239.8,3251.5,47018125,3576.6,2926.4,4322.95,2866.6,3248.8,22,2,3248.6,57,1,3248.5,178,2,3248.4,2,1,3248.2,3,1,3248.9,130,6,3249.0,53,2,3249.4,37,1,3249.5,34,2,3249.8,65,2
11536,2025-12-30 14:29:26+05:30,3248.8,1,3253.26,1598969,98137.0,128389.0,3250.0,3267.5,3239.8,3251.5,47018125,3576.6,2926.4,4322.95,2866.6,3248.8,22,2,3248.6,57,1,3248.5,178,2,3248.4,2,1,3248.2,3,1,3248.9,130,6,3249.0,53,2,3249.4,37,1,3249.5,34,2,3249.8,65,2
11536,2025-12-30 14:29:27+05:30,3249.4,1,3253.26,1599255,98346.0,128993.0,3250.0,3267.5,3239.8,3251.5,47018125,3576.6,2926.4,4322.95,2866.6,3248.9,58,1,3248.5,178,2,3248.4,2,1,3248.2,26,3,3248.1,42,5,3249.4,36,1,3249.5,3,1,3249.7,101,3,3249.8,44,1,3249.9,64,3
11536,2025-12-30 14:29:27+05:30,3249.4,1,3253.26,1599255,98346.0,128993.0,3250.0,3267.5,3239.8,3251.5,47018125,3576.6,2926.4,4322.95,2866.6,3248.9,58,1,3248.5,178,2,3248.4,2,1,3248.2,26,3,3248.1,42,5,3249.4,36,1,3249.5,3,1,3249.7,101,3,3249.8,44,1,3249.9,64,3
11536,2025-12-30 14:29:28+05:30,3248.9,3,3253.26,1599261,98530.0,128712.0,3250.0,3267.5,3239.8,3251.5,47018125,3576.6,2926.4,4322.95,2866.6,3248.9,83,2,3248.7,3,1,3248.6,175,1,3248.5,3,1,3248.4,2,1,3249.4,33,1,3249.5,29,3,3249.6,25,1,3249.7,101,3,3249.8,44,1
11536,2025-12-30 14:29:28+05:30,3248.9,39,3253.26,1599261,98530.0,128712.0,3250.0,3267.5,3239.8,3251.5,47018125,3576.6,2926.4,4322.95,2866.6,3248.9,83,2,3248.7,3,1,3248.6,175,1,3248.5,3,1,3248.4,2,1,3249.4,33,1,3249.5,29,3,3249.6,25,1,3249.7,101,3,3249.8,44,1
11536,2025-12-30 14:29:29+05:30,3248.9,39,3253.26,1599300,98443.0,127615.0,3250.0,3267.5,3239.8,3251.5,47018125,3576.6,2926.4,4322.95,2866.6,3249.2,44,2,3248.7,3,1,3248.5,178,2,3248.4,22,2,3248.2,26,3,3249.4,127,7,3249.5,212,5,3249.6,39,2,3249.7,35,2,3249.8,109,4
11536,2025-12-30 14:29:29+05:30,3249.3,1,3253.26,1599300,98443.0,127615.0,3250.0,3267.5,3239.8,3251.5,47018125,3576.6,2926.4,4322.95,2866.6,3249.2,44,2,3248.7,3,1,3248.5,178,2,3248.4,22,2,3248.2,26,3,3249.4,127,7,3249.5,212,5,3249.6,39,2,3249.7,35,2,3249.8,109,4
11536,2025-12-30 14:29:30+05:30,3249.3,1,3253.26,1599301,98461.0,129189.0,3250.0,3267.5,3239.8,3251.5,47018125,3576.6,2926.4,4322.95,2866.6,3249.2,44,2,3248.7,3,1,3248.5,178,2,3248.4,2,1,3248.2,26,3,3249.3,323,8,3249.4,136,5,3249.5,3,1,3249.6,39,2,3249.7,35,2
11536,2025-12-30 14:29:31+05:30,3249.2,113,3253.26,1599701,97154.0,129509.0,3250.0,3267.5,3239.8,3251.5,47018125,3576.6,2926.4,4322.95,2866.6,3248.7,4,2,3248.5,178,2,3248.4,2,1,3248.2,3,1,3248.1,10,3,3249.3,274,7,3249.4,69,3,3249.5,3,1,3249.6,62,3,3249.7,35,2
11536,2025-12-30 14:29:31+05:30,3248.6,2,3253.26,1599701,97154.0,129509.0,3250.0,3267.5,3239.8,3251.5,47018125,3576.6,2926.4,4322.95,2866.6,3248.7,4,2,3248.5,178,2,3248.4,2,1,3248.2,3,1,3248.1,10,3,3249.3,274,7,3249.4,69,3,3249.5,3,1,3249.6,62,3,3249.7,35,2
11536,2025-12-30 14:29:32+05:30,3248.0,14,3253.26,1599978,97117.0,130535.0,3250.0,3267.5,3239.8,3251.5,47018125,3576.6,2926.4,4322.95,2866.6,3248.4,276,2,3248.0,474,7,3247.9,9,2,3247.8,14,1,3247.7,74,2,3248.6,74,1,3248.7,22,2,3248.8,12,1,3249.1,30,1,3249.3,51,1
11536,2025-12-30 14:29:32+05:30,3248.4,1,3253.26,1599978,97117.0,130535.0,3250.0,3267.5,3239.8,3251.5,47018125,3576.6,2926.4,4322.95,2866.6,3248.4,276,2,3248.0,474,7,3247.9,9,2,3247.8,14,1,3247.7,74,2,3248.6,74,1,3248.7,22,2,3248.8,12,1,3249.1,30,1,3249.3,51,1
11536,2025-12-30 14:29:33+05:30,3248.4,1,3253.26,1601053,96414.0,129777.0,3250.0,3267.5,3239.8,3251.5,47018125,3576.6,2926.4,4322.95,2866.6,3248.4,171,1,3248.0,50,1,3247.6,199,3,3247.5,71,4,3247.4,197,6,3248.6,161,4,3248.7,10,1,3249.0,30,1,3249.1,21,1,3249.2,70,2
11536,2025-12-30 14:29:33+05:30,3248.3,37,3253.26,1601053,96414.0,129777.0,3250.0,3267.5,3239.8,3251.5,47018125,3576.6,2926.4,4322.95,2866.6,3248.4,171,1,3248.0,50,1,3247.6,199,3,3247.5,71,4,3247.4,197,6,3248.6,161,4,3248.7,10,1,3249.0,30,1,3249.1,21,1,3249.2,70,2
11536,2025-12-30 14:29:34+05:30,3248.6,1,3253.26,1601324,97215.0,129737.0,3250.0,3267.5,3239.8,3251.5,47018125,3576.6,2926.4,4322.95,2866.6,3248.3,525,3,3248.0,50,1,3247.8,14,1,3247.6,261,5,3247.5,23,2,3248.6,61,3,3248.9,42,2,3249.0,45,2,3249.2,20,1,3249.3,44,1
11536,2025-12-30 14:29:34+05:30,3248.6,23,3253.26,1601324,97215.0,129737.0,3250.0,3267.5,3239.8,3251.5,47018125,3576.6,2926.4,4322.95,2866.6,3248.3,525,3,3248.0,50,1,3247.8,14,1,3247.6,261,5,3247.5,23,2,3248.6,61,3,3248.9,42,2,3249.0,45,2,3249.2,20,1,3249.3,44,1
11536,2025-12-30 14:29:35+05:30,3248.6,2,3253.26,1601373,97874.0,129674.0,3250.0,3267.5,3239.8,3251.5,47018125,3576.6,2926.4,4322.95,2866.6,3248.3,586,3,3248.2,136,2,3248.0,65,2,3247.9,30,1,3247.8,58,2,3248.6,90,4,3249.1,15,1,3249.3,66,2,3249.4,56,2,3249.5,3,1
11536,2025-12-30 14:29:35+05:30,3248.6,2,3253.26,1601373,97874.0,129674.0,3250.0,3267.5,3239.8,3251.5,47018125,3576.6,2926.4,4322.95,2866.6,3248.3,586,3,3248.2,136,2,3248.0,65,2,3247.9,30,1,3247.8,58,2,3248.6,90,4,3249.1,15,1,3249.3,66,2,3249.4,56,2,3249.5,3,1
11536,2025-12-30 14:29:36+05:30,3248.6,2,3253.26,1601373,97853.0,129821.0,3250.0,3267.5,3239.8,3251.5,47018125,3576.6,2926.4,4322.95,2866.6,3248.5,102,2,3248.3,487,2,3248.2,136,2,3248.0,50,1,3247.8,44,1,3248.6,144,5,3248.7,50,2,3249.0,30,1,3249.1,51,2,3249.2,83,2
11536,2025-12-30 14:29:37+05:30,3248.4,28,3253.26,1601499,97726.0,130212.0,3250.0,3267.5,3239.8,3251.5,47018125,3576.6,2926.4,4322.95,2866.6,3248.4,121,2,3248.3,487,2,3248.2,76,1,3248.0,50,1,3247.6,229,4,3248.5,64,3,3248.6,54,1,3248.7,50,2,3248.8,21,1,3248.9,21,1
11536,2025-12-30 14:29:37+05:30,3248.4,1,3253.26,1601499,97726.0,130212.0,3250.0,3267.5,3239.8,3251.5,47018125,3576.6,2926.4,4322.95,2866.6,3248.4,121,2,3248.3,487,2,3248.2,76,1,3248.0,50,1,3247.6,229,4,3248.5,64,3,3248.6,54,1,3248.7,50,2,3248.8,21,1,3248.9,21,1
11536,2025-12-30 14:29:38+05:30,3248.5,1,3253.26,1601542,97960.0,130209.0,3250.0,3267.5,3239.8,3251.5,47018125,3576.6,2926.4,4322.95,2866.6,3248.4,80,3,3248.3,487,2,3248.2,98,2,3248.0,50,1,3247.9,55,2,3248.5,232,7,3248.6,50,1,3249.0,1,1,3249.1,36,1,3249.2,71,1
11536,2025-12-30 14:29:38+05:30,3248.4,21,3253.26,1601542,97960.0,130209.0,3250.0,3267.5,3239.8,3251.5,47018125,3576.6,2926.4,4322.95,2866.6,3248.4,80,3,3248.3,487,2,3248.2,98,2,3248.0,50,1,3247.9,55,2,3248.5,232,7,3248.6,50,1,3249.0,1,1,3249.1,36,1,3249.2,71,1
11536,2025-12-30 14:29:39+05:30,3248.6,12,3253.25,1604834,99373.0,125943.0,3250.0,3267.5,3239.8,3251.5,47018125,3576.6,2926.4,4322.95,2866.6,3248.8,124,2,3248.7,36,1,3248.6,54,2,3248.5,92,3,3248.4,147,5,3249.9,65,3,3250.0,25,1,3250.2,80,4,3250.3,187,3,3250.4,419,8
11536,2025-12-30 14:29:39+05:30,3249.9,22,3253.25,1604834,99373.0,125943.0,3250.0,3267.5,3239.8,3251.5,47018125,3576.6,2926.4,4322.95,2866.6,3248.8,124,2,3248.7,36,1,3248.6,54,2,3248.5,92,3,3248.4,147,5,3249.9,65,3,3250.0,25,1,3250.2,80,4,3250.3,187,3,3250.4,419,8
11536,2025-12-30 14:29:40+05:30,3249.9,22,3253.25,1604870,100169.0,125499.0,3250.0,3267.5,3239.8,3251.5,47018125,3576.6,2926.4,4322.95,2866.6,3249.0,288,6,3248.9,71,2,3248.8,296,4,3248.7,118,3,3248.6,455,7,3250.2,12,1,3250.4,102,5,3250.5,61,2,3250.6,40,3,3250.7,54,2
11536,2025-12-30 14:29:41+05:30,3249.9,22,3253.25,1604870,101758.0,126347.0,3250.0,3267.5,3239.8,3251.5,47018125,3576.6,2926.4,4322.95,2866.6,3249.1,259,4,3249.0,22,1,3248.9,76,3,3248.8,176,5,3248.7,87,3,3249.2,138,4,3250.1,18,1,3250.2,14,1,3250.3,6,1,3250.4,22,2
11536,2025-12-30 14:29:41+05:30,3249.2,1,3253.25,1604870,101758.0,126347.0,3250.0,3267.5,3239.8,3251.5,47018125,3576.6,2926.4,4322.95,2866.6,3249.1,259,4,3249.0,22,1,3248.9,76,3,3248.8,176,5,3248.7,87,3,3249.2,138,4,3250.1,18,1,3250.2,14,1,3250.3,6,1,3250.4,22,2
11536,2025-12-30 14:29:42+05:30,3249.1,24,3253.25,1604971,101444.0,125314.0,3250.0,3267.5,3239.8,3251.5,47018125,3576.6,2926.4,4322.95,2866.6,3249.1,334,4,3249.0,22,1,3248.9,10,1,3248.8,86,1,3248.5,6,2,3249.2,235,7,3249.3,13,1,3249.6,19,1,3249.8,12,1,3249.9,32,2
11536,2025-12-30 14:29:42+05:30,3249.2,3,3253.25,1604971,101444.0,125314.0,3250.0,3267.5,3239.8,3251.5,47018125,3576.6,2926.4,4322.95,2866.6,3249.1,334,4,3249.0,22,1,3248.9,10,1,3248.8,86,1,3248.5,6,2,3249.2,235,7,3249.3,13,1,3249.6,19,1,3249.8,12,1,3249.9,32,2
11536,2025-12-30 14:29:43+05:30,3249.2,1,3253.25,1605201,102093.0,125494.0,3250.0,3267.5,3239.8,3251.5,47018125,3576.6,2926.4,4322.95,2866.6,3249.2,125,3,3249.1,208,3,3249.0,22,1,3248.9,33,1,3248.8,384,6,3250.3,56,3,3250.4,1,1,3250.5,40,3,3250.6,59,4,3250.7,107,3
11536,2025-12-30 14:29:43+05:30,3249.3,2,3253.25,1605201,102093.0,125494.0,3250.0,3267.5,3239.8,3251.5,47018125,3576.6,2926.4,4322.95,2866.6,3249.2,125,3,3249.1,208,3,3249.0,22,1,3248.9,33,1,3248.8,384,6,3250.3,56,3,3250.4,1,1,3250.5,40,3,3250.6,59,4,3250.7,107,3
11536,2025-12-30 14:29:43+05:30,3249.3,2,3253.25,1605201,102093.0,125494.0,3250.0,3267.5,3239.8,3251.5,47018125,3576.6,2926.4,4322.95,2866.6,3249.2,125,3,3249.1,208,3,3249.0,22,1,3248.9,33,1,3248.8,384,6,3250.3,56,3,3250.4,1,1,3250.5,40,3,3250.6,59,4,3250.7,107,3
11536,2025-12-30 14:29:44+05:30,3249.3,14,3253.25,1605604,101789.0,126393.0,3250.0,3267.5,3239.8,3251.5,47018125,3576.6,2926.4,4322.95,2866.6,3249.3,144,2,3249.2,168,3,3249.1,198,2,3249.0,22,1,3248.8,388,6,3249.7,59,5,3249.9,50,1,3250.2,19,1,3250.3,17,1,3250.4,52,2
11536,2025-12-30 14:29:44+05:30,3249.3,14,3253.25,1605604,101789.0,126393.0,3250.0,3267.5,3239.8,3251.5,47018125,3576.6,2926.4,4322.95,2866.6,3249.3,144,2,3249.2,168,3,3249.1,198,2,3249.0,22,1,3248.8,388,6,3249.7,59,5,3249.9,50,1,3250.2,19,1,3250.3,17,1,3250.4,52,2
11536,2025-12-30 14:29:45+05:30,3249.3,14,3253.25,1605604,101789.0,126393.0,3250.0,3267.5,3239.8,3251.5,47018125,3576.6,2926.4,4322.95,2866.6,3249.3,144,2,3249.2,168,3,3249.1,198,2,3249.0,22,1,3248.8,388,6,3249.7,59,5,3249.9,50,1,3250.2,19,1,3250.3,17,1,3250.4,52,2
11536,2025-12-30 14:29:45+05:30,3249.6,2,3253.25,1605783,101833.0,126303.0,3250.0,3267.5,3239.8,3251.5,47018125,3576.6,2926.4,4322.95,2866.6,3249.6,60,1,3249.3,4,1,3249.2,136,2,3249.1,198,2,3249.0,22,1,3249.7,64,5,3250.2,14,1,3250.3,33,1,3250.4,31,1,3250.5,51,3
11536,2025-12-30 14:29:45+05:30,3249.6,2,3253.25,1605783,101833.0,126303.0,3250.0,3267.5,3239.8,3251.5,47018125,3576.6,2926.4,4322.95,2866.6,3249.6,60,1,3249.3,4,1,3249.2,136,2,3249.1,198,2,3249.0,22,1,3249.7,64,5,3250.2,14,1,3250.3,33,1,3250.4,31,1,3250.5,51,3
11536,2025-12-30 14:29:46+05:30,3249.7,1,3253.25,1605784,101822.0,126748.0,3250.0,3267.5,3239.8,3251.5,47018125,3576.6,2926.4,4322.95,2866.6,3249.6,82,2,3249.3,4,1,3249.2,136,2,3249.1,198,2,3249.0,22,1,3249.7,315,9,3250.0,61,2,3250.1,57,3,3250.2,14,1,3250.3,31,2
11536,2025-12-30 14:29:46+05:30,3249.6,38,3253.25,1605784,101822.0,126748.0,3250.0,3267.5,3239.8,3251.5,47018125,3576.6,2926.4,4322.95,2866.6,3249.6,82,2,3249.3,4,1,3249.2,136,2,3249.1,198,2,3249.0,22,1,3249.7,315,9,3250.0,61,2,3250.1,57,3,3250.2,14,1,3250.3,31,2
11536,2025-12-30 14:29:46+05:30,3249.6,38,3253.25,1605784,101822.0,126748.0,3250.0,3267.5,3239.8,3251.5,47018125,3576.6,2926.4,4322.95,2866.6,3249.6,82,2,3249.3,4,1,3249.2,136,2,3249.1,198,2,3249.0,22,1,3249.7,315,9,3250.0,61,2,3250.1,57,3,3250.2,14,1,3250.3,31,2
11536,2025-12-30 14:29:47+05:30,3249.0,13,3253.24,1607044,100552.0,126554.0,3250.0,3267.5,3239.8,3251.5,47018125,3576.6,2926.4,4322.95,2866.6,3249.1,350,1,3249.0,25,1,3248.8,86,1,3248.4,281,6,3248.3,97,4,3249.7,271,5,3249.8,33,1,3249.9,39,1,3250.0,50,3,3250.1,9,1
11536,2025-12-30 14:29:47+05:30,3249.0,13,3253.24,1607044,100552.0,126554.0,3250.0,3267.5,3239.8,3251.5,47018125,3576.6,2926.4,4322.95,2866.6,3249.1,350,1,3249.0,25,1,3248.8,86,1,3248.4,281,6,3248.3,97,4,3249.7,271,5,3249.8,33,1,3249.9,39,1,3250.0,50,3,3250.1,9,1
11536,2025-12-30 14:29:47+05:30,3249.0,13,3253.24,1607044,100552.0,126554.0,3250.0,3267.5,3239.8,3251.5,47018125,3576.6,2926.4,4322.95,2866.6,3249.1,350,1,3249.0,25,1,3248.8,86,1,3248.4,281,6,3248.3,97,4,3249.7,271,5,3249.8,33,1,3249.9,39,1,3250.0,50,3,3250.1,9,1
11536,2025-12-30 14:29:48+05:30,3249.6,1,3253.24,1607227,100862.0,127267.0,3250.0,3267.5,3239.8,3251.5,47018125,3576.6,2926.4,4322.95,2866.6,3249.1,272,2,3249.0,1,1,3248.8,86,1,3248.5,6,2,3248.4,117,5,3249.6,40,2,3249.7,172,5,3249.8,83,4,3249.9,175,7,3250.0,63,3
11536,2025-12-30 14:29:48+05:30,3249.6,1,3253.24,1607227,100862.0,127267.0,3250.0,3267.5,3239.8,3251.5,47018125,3576.6,2926.4,4322.95,2866.6,3249.1,272,2,3249.0,1,1,3248.8,86,1,3248.5,6,2,3248.4,117,5,3249.6,40,2,3249.7,172,5,3249.8,83,4,3249.9,175,7,3250.0,63,3
11536,2025-12-30 14:29:48+05:30,3249.1,39,3253.24,1607227,100862.0,127267.0,3250.0,3267.5,3239.8,3251.5,47018125,3576.6,2926.4,4322.95,2866.6,3249.1,272,2,3249.0,1,1,3248.8,86,1,3248.5,6,2,3248.4,117,5,3249.6,40,2,3249.7,172,5,3249.8,83,4,3249.9,175,7,3250.0,63,3
11536,2025-12-30 14:29:49+05:30,3249.1,39,3253.24,1607227,100862.0,127267.0,3250.0,3267.5,3239.8,3251.5,47018125,3576.6,2926.4,4322.95,2866.6,3249.1,272,2,3249.0,1,1,3248.8,86,1,3248.5,6,2,3248.4,117,5,3249.6,40,2,3249.7,172,5,3249.8,83,4,3249.9,175,7,3250.0,63,3
11536,2025-12-30 14:29:49+05:30,3249.6,1,3253.24,1607513,101020.0,126927.0,3250.0,3267.5,3239.8,3251.5,47018125,3576.6,2926.4,4322.95,2866.6,3249.6,4,1,3249.1,153,2,3249.0,1,1,3248.8,86,1,3248.6,20,1,3249.7,194,6,3249.9,33,3,3250.0,96,4,3250.1,92,3,3250.2,64,3
11536,2025-12-30 14:29:49+05:30,3249.6,1,3253.24,1607513,101020.0,126927.0,3250.0,3267.5,3239.8,3251.5,47018125,3576.6,2926.4,4322.95,2866.6,3249.6,4,1,3249.1,153,2,3249.0,1,1,3248.8,86,1,3248.6,20,1,3249.7,194,6,3249.9,33,3,3250.0,96,4,3250.1,92,3,3250.2,64,3
11536,2025-12-30 14:29:50+05:30,3249.6,1,3253.24,1607513,101020.0,126927.0,3250.0,3267.5,3239.8,3251.5,47018125,3576.6,2926.4,4322.95,2866.6,3249.6,4,1,3249.1,153,2,3249.0,1,1,3248.8,86,1,3248.6,20,1,3249.7,194,6,3249.9,33,3,3250.0,96,4,3250.1,92,3,3250.2,64,3
11536,2025-12-30 14:29:50+05:30,3249.1,5,3253.24,1607513,101020.0,126927.0,3250.0,3267.5,3239.8,3251.5,47018125,3576.6,2926.4,4322.95,2866.6,3249.6,4,1,3249.1,153,2,3249.0,1,1,3248.8,86,1,3248.6,20,1,3249.7,194,6,3249.9,33,3,3250.0,96,4,3250.1,92,3,3250.2,64,3
11536,2025-12-30 14:29:50+05:30,3249.1,5,3253.24,1607744,101183.0,127076.0,3250.0,3267.5,3239.8,3251.5,47018125,3576.6,2926.4,4322.95,2866.6,3249.1,339,2,3249.0,1,1,3248.8,86,1,3248.5,39,3,3248.4,365,7,3249.2,120,5,3249.6,19,1,3249.7,32,2,3249.8,26,1,3249.9,41,3
11536,2025-12-30 14:29:51+05:30,3249.1,5,3253.24,1607744,101183.0,127076.0,3250.0,3267.5,3239.8,3251.5,47018125,3576.6,2926.4,4322.95,2866.6,3249.1,339,2,3249.0,1,1,3248.8,86,1,3248.5,39,3,3248.4,365,7,3249.2,120,5,3249.6,19,1,3249.7,32,2,3249.8,26,1,3249.9,41,3
11536,2025-12-30 14:29:51+05:30,3249.1,3,3253.24,1607744,101183.0,127076.0,3250.0,3267.5,3239.8,3251.5,47018125,3576.6,2926.4,4322.95,2866.6,3249.1,339,2,3249.0,1,1,3248.8,86,1,3248.5,39,3,3248.4,365,7,3249.2,120,5,3249.6,19,1,3249.7,32,2,3249.8,26,1,3249.9,41,3
11536,2025-12-30 14:29:51+05:30,3249.1,3,3253.24,1607840,101113.0,127102.0,3250.0,3267.5,3239.8,3251.5,47018125,3576.6,2926.4,4322.95,2866.6,3249.0,253,3,3248.8,86,1,3248.6,33,1,3248.5,221,4,3248.4,150,5,3249.1,55,3,3249.6,18,1,3249.7,22,1,3249.8,26,1,3249.9,41,3
11536,2025-12-30 14:29:52+05:30,3249.1,3,3253.24,1607840,101113.0,127102.0,3250.0,3267.5,3239.8,3251.5,47018125,3576.6,2926.4,4322.95,2866.6,3249.0,253,3,3248.8,86,1,3248.6,33,1,3248.5,221,4,3248.4,150,5,3249.1,55,3,3249.6,18,1,3249.7,22,1,3249.8,26,1,3249.9,41,3
11536,2025-12-30 14:29:52+05:30,3250.0,10,3253.24,1607840,101113.0,127102.0,3250.0,3267.5,3239.8,3251.5,47018125,3576.6,2926.4,4322.95,2866.6,3249.0,253,3,3248.8,86,1,3248.6,33,1,3248.5,221,4,3248.4,150,5,3249.1,55,3,3249.6,18,1,3249.7,22,1,3249.8,26,1,3249.9,41,3
11536,2025-12-30 14:29:52+05:30,3249.3,2,3253.24,1608024,101067.0,126857.0,3250.0,3267.5,3239.8,3251.5,47018125,3576.6,2926.4,4322.95,2866.6,3249.0,304,3,3248.8,86,1,3248.5,181,3,3248.4,139,5,3248.3,29,2,3249.3,61,3,3249.4,64,2,3249.5,51,1,3249.6,43,2,3249.7,65,2
11536,2025-12-30 14:29:53+05:30,3249.3,2,3253.24,1608024,101067.0,126857.0,3250.0,3267.5,3239.8,3251.5,47018125,3576.6,2926.4,4322.95,2866.6,3249.0,304,3,3248.8,86,1,3248.5,181,3,3248.4,139,5,3248.3,29,2,3249.3,61,3,3249.4,64,2,3249.5,51,1,3249.6,43,2,3249.7,65,2
11536,2025-12-30 14:29:53+05:30,3249.2,1,3253.24,1608024,101067.0,126857.0,3250.0,3267.5,3239.8,3251.5,47018125,3576.6,2926.4,4322.95,2866.6,3249.0,304,3,3248.8,86,1,3248.5,181,3,3248.4,139,5,3248.3,29,2,3249.3,61,3,3249.4,64,2,3249.5,51,1,3249.6,43,2,3249.7,65,2
11536,2025-12-30 14:29:53+05:30,3249.2,1,3253.24,1608030,101307.0,127314.0,3250.0,3267.5,3239.8,3251.5,47018125,3576.6,2926.4,4322.95,2866.6,3249.0,304,3,3248.8,86,1,3248.6,48,2,3248.5,26,4,3248.4,347,7,3249.1,118,5,3249.3,23,2,3249.4,51,1,3249.5,73,2,3249.6,63,3
11536,2025-12-30 14:29:54+05:30,3249.0,1,3253.24,1608030,101307.0,127314.0,3250.0,3267.5,3239.8,3251.5,47018125,3576.6,2926.4,4322.95,2866.6,3249.0,304,3,3248.8,86,1,3248.6,48,2,3248.5,26,4,3248.4,347,7,3249.1,118,5,3249.3,23,2,3249.4,51,1,3249.5,73,2,3249.6,63,3
11536,2025-12-30 14:29:54+05:30,3249.0,1,3253.24,1608030,101307.0,127314.0,3250.0,3267.5,3239.8,3251.5,47018125,3576.6,2926.4,4322.95,2866.6,3249.0,304,3,3248.8,86,1,3248.6,48,2,3248.5,26,4,3248.4,347,7,3249.1,118,5,3249.3,23,2,3249.4,51,1,3249.5,73,2,3249.6,63,3
11536,2025-12-30 14:29:55+05:30,3249.1,13,3253.24,1608356,101303.0,127536.0,3250.0,3267.5,3239.8,3251.5,47018125,3576.6,2926.4,4322.95,2866.6,3249.1,282,3,3249.0,51,1,3248.8,86,1,3248.6,48,2,3248.5,26,4,3249.2,121,3,3249.4,2,1,3249.5,30,1,3249.6,64,3,3249.7,62,2
11536,2025-12-30 14:29:55+05:30,3249.1,13,3253.24,1608356,101303.0,127536.0,3250.0,3267.5,3239.8,3251.5,47018125,3576.6,2926.4,4322.95,2866.6,3249.1,282,3,3249.0,51,1,3248.8,86,1,3248.6,48,2,3248.5,26,4,3249.2,121,3,3249.4,2,1,3249.5,30,1,3249.6,64,3,3249.7,62,2
11536,2025-12-30 14:29:56+05:30,3249.2,13,3253.24,1608532,101146.0,127605.0,3250.0,3267.5,3239.8,3251.5,47018125,3576.6,2926.4,4322.95,2866.6,3249.1,106,2,3249.0,51,1,3248.8,86,1,3248.6,48,2,3248.5,26,4,3249.2,38,3,3249.4,39,3,3249.5,63,2,3249.6,90,4,3249.7,22,1
11536,2025-12-30 14:29:56+05:30,3249.2,13,3253.24,1608532,101146.0,127605.0,3250.0,3267.5,3239.8,3251.5,47018125,3576.6,2926.4,4322.95,2866.6,3249.1,106,2,3249.0,51,1,3248.8,86,1,3248.6,48,2,3248.5,26,4,3249.2,38,3,3249.4,39,3,3249.5,63,2,3249.6,90,4,3249.7,22,1
11536,2025-12-30 14:29:56+05:30,3249.2,1,3253.24,1608532,101146.0,127605.0,3250.0,3267.5,3239.8,3251.5,47018125,3576.6,2926.4,4322.95,2866.6,3249.1,106,2,3249.0,51,1,3248.8,86,1,3248.6,48,2,3248.5,26,4,3249.2,38,3,3249.4,39,3,3249.5,63,2,3249.6,90,4,3249.7,22,1
11536,2025-12-30 14:29:57+05:30,3249.2,12,3253.24,1608596,101152.0,127757.0,3250.0,3267.5,3239.8,3251.5,47018125,3576.6,2926.4,4322.95,2866.6,3249.2,144,2,3249.1,1,1,3249.0,51,1,3248.8,86,1,3248.6,49,3,3249.3,143,7,3249.4,5,1,3249.5,63,2,3249.6,71,3,3249.7,20,1
11536,2025-12-30 14:29:57+05:30,3249.2,12,3253.24,1608596,101152.0,127757.0,3250.0,3267.5,3239.8,3251.5,47018125,3576.6,2926.4,4322.95,2866.6,3249.2,144,2,3249.1,1,1,3249.0,51,1,3248.8,86,1,3248.6,49,3,3249.3,143,7,3249.4,5,1,3249.5,63,2,3249.6,71,3,3249.7,20,1
11536,2025-12-30 14:29:58+05:30,3249.2,12,3253.24,1608596,101152.0,127757.0,3250.0,3267.5,3239.8,3251.5,47018125,3576.6,2926.4,4322.95,2866.6,3249.2,144,2,3249.1,1,1,3249.0,51,1,3248.8,86,1,3248.6,49,3,3249.3,143,7,3249.4,5,1,3249.5,63,2,3249.6,71,3,3249.7,20,1
11536,2025-12-30 14:29:58+05:30,3249.3,1,3253.24,1608599,101184.0,127853.0,3250.0,3267.5,3239.8,3251.5,47018125,3576.6,2926.4,4322.95,2866.6,3249.2,200,5,3249.0,51,1,3248.8,86,1,3248.6,49,3,3248.5,26,4,3249.3,149,8,3249.4,18,1,3249.5,63,2,3249.6,71,3,3249.8,22,2
11536,2025-12-30 14:29:58+05:30,3249.2,39,3253.24,1608599,101184.0,127853.0,3250.0,3267.5,3239.8,3251.5,47018125,3576.6,2926.4,4322.95,2866.6,3249.2,200,5,3249.0,51,1,3248.8,86,1,3248.6,49,3,3248.5,26,4,3249.3,149,8,3249.4,18,1,3249.5,63,2,3249.6,71,3,3249.8,22,2
11536,2025-12-30 14:29:59+05:30,3249.2,39,3253.24,1608638,101141.0,128102.0,3250.0,3267.5,3239.8,3251.5,47018125,3576.6,2926.4,4322.95,2866.6,3249.2,161,5,3249.0,51,1,3248.8,86,1,3248.6,49,3,3248.5,26,4,3249.3,174,7,3249.4,68,2,3249.5,63,2,3249.6,69,3,3249.8,53,3
11536,2025-12-30 14:29:59+05:30,3249.2,39,3253.24,1608638,101141.0,128102.0,3250.0,3267.5,3239.8,3251.5,47018125,3576.6,2926.4,4322.95,2866.6,3249.2,161,5,3249.0,51,1,3248.8,86,1,3248.6,49,3,3248.5,26,4,3249.3,174,7,3249.4,68,2,3249.5,63,2,3249.6,69,3,3249.8,53,3
11536,2025-12-30 14:30:00+05:30,3249.2,49,3253.24,1608688,99245.0,127061.0,3250.0,3267.5,3239.8,3251.5,47018125,3576.6,2926.4,4322.95,2866.6,3249.2,177,5,3249.0,52,2,3248.8,87,2,3248.6,50,4,3248.5,70,5,3249.3,162,6,3249.4,50,1,3249.5,49,2,3249.8,61,3,3249.9,15,1
11536,2025-12-30 14:30:00+05:30,3249.2,45,3253.24,1608688,99245.0,127061.0,3250.0,3267.5,3239.8,3251.5,47018125,3576.6,2926.4,4322.95,2866.6,3249.2,177,5,3249.0,52,2,3248.8,87,2,3248.6,50,4,3248.5,70,5,3249.3,162,6,3249.4,50,1,3249.5,49,2,3249.8,61,3,3249.9,15,1
11536,2025-12-30 14:30:01+05:30,3249.3,1,3253.24,1608990,97470.0,125785.0,3250.0,3267.5,3239.8,3251.5,47018125,3576.6,2926.4,4322.95,2866.6,3249.2,57,4,3249.0,52,2,3248.8,87,2,3248.6,50,4,3248.5,26,4,3249.3,194,7,3249.5,63,2,3249.6,26,2,3249.7,61,2,3249.8,49,3
11536,2025-12-30 14:30:01+05:30,3249.3,1,3253.24,1608990,97470.0,125785.0,3250.0,3267.5,3239.8,3251.5,47018125,3576.6,2926.4,4322.95,2866.6,3249.2,57,4,3249.0,52,2,3248.8,87,2,3248.6,50,4,3248.5,26,4,3249.3,194,7,3249.5,63,2,3249.6,26,2,3249.7,61,2,3249.8,49,3
11536,2025-12-30 14:30:01+05:30,3249.3,1,3253.24,1608990,97470.0,125785.0,3250.0,3267.5,3239.8,3251.5,47018125,3576.6,2926.4,4322.95,2866.6,3249.2,57,4,3249.0,52,2,3248.8,87,2,3248.6,50,4,3248.5,26,4,3249.3,194,7,3249.5,63,2,3249.6,26,2,3249.7,61,2,3249.8,49,3
11536,2025-12-30 14:30:02+05:30,3249.3,3,3253.24,1609029,95722.0,123382.0,3250.0,3267.5,3239.8,3251.5,47018125,3576.6,2926.4,4322.95,2866.6,3249.2,99,4,3249.0,52,2,3248.9,17,1,3248.8,87,2,3248.6,50,4,3249.3,155,7,3249.4,3,1,3249.5,30,1,3249.6,26,2,3249.7,19,1
11536,2025-12-30 14:30:02+05:30,3248.6,14,3253.24,1609029,95722.0,123382.0,3250.0,3267.5,3239.8,3251.5,47018125,3576.6,2926.4,4322.95,2866.6,3249.2,99,4,3249.0,52,2,3248.9,17,1,3248.8,87,2,3248.6,50,4,3249.3,155,7,3249.4,3,1,3249.5,30,1,3249.6,26,2,3249.7,19,1
11536,2025-12-30 14:30:03+05:30,3248.6,14,3253.24,1609029,95722.0,123382.0,3250.0,3267.5,3239.8,3251.5,47044900,3576.6,2926.4,4322.95,2866.6,3249.2,99,4,3249.0,52,2,3248.9,17,1,3248.8,87,2,3248.6,50,4,3249.3,155,7,3249.4,3,1,3249.5,30,1,3249.6,26,2,3249.7,19,1
11536,2025-12-30 14:30:03+05:30,3248.8,25,3253.23,1610399,94449.0,121215.0,3250.0,3267.5,3239.8,3251.5,47044900,3576.6,2926.4,4322.95,2866.6,3249.1,136,2,3248.8,33,1,3248.6,205,3,3248.5,238,5,3248.4,267,8,3249.5,83,4,3249.6,9,1,3249.7,19,1,3249.8,14,1,3249.9,29,2
11536,2025-12-30 14:30:03+05:30,3248.8,25,3253.23,1610399,94449.0,121215.0,3250.0,3267.5,3239.8,3251.5,47044900,3576.6,2926.4,4322.95,2866.6,3249.1,136,2,3248.8,33,1,3248.6,205,3,3248.5,238,5,3248.4,267,8,3249.5,83,4,3249.6,9,1,3249.7,19,1,3249.8,14,1,3249.9,29,2
11536,2025-12-30 14:30:04+05:30,3248.8,25,3253.23,1610399,93967.0,120876.0,3250.0,3267.5,3239.8,3251.5,47044900,3576.6,2926.4,4322.95,2866.6,3249.1,136,2,3248.8,5,1,3248.6,238,4,3248.5,198,4,3248.4,221,7,3249.3,38,2,3249.4,50,2,3249.5,30,1,3249.9,29,2,3250.0,65,3
11536,2025-12-30 14:30:05+05:30,3248.8,25,3253.23,1610399,93967.0,120876.0,3250.0,3267.5,3239.8,3251.5,47044900,3576.6,2926.4,4322.95,2866.6,3249.1,136,2,3248.8,5,1,3248.6,238,4,3248.5,198,4,3248.4,221,7,3249.3,38,2,3249.4,50,2,3249.5,30,1,3249.9,29,2,3250.0,65,3
11536,2025-12-30 14:30:05+05:30,3249.1,1,3253.23,1610401,93000.0,120847.0,3250.0,3267.5,3239.8,3251.5,47044900,3576.6,2926.4,4322.95,2866.6,3249.0,178,3,3248.8,5,1,3248.6,30,2,3248.5,231,5,3248.4,313,6,3249.1,125,4,3249.2,176,4,3249.5,30,1,3250.0,113,5,3250.2,130,8
11536,2025-12-30 14:30:05+05:30,3249.0,1,3253.23,1610401,93000.0,120847.0,3250.0,3267.5,3239.8,3251.5,47044900,3576.6,2926.4,4322.95,2866.6,3249.0,178,3,3248.8,5,1,3248.6,30,2,3248.5,231,5,3248.4,313,6,3249.1,125,4,3249.2,176,4,3249.5,30,1,3250.0,113,5,3250.2,130,8
11536,2025-12-30 14:30:06+05:30,3249.0,17,3253.23,1610510,92840.0,121219.0,3250.0,3267.5,3239.8,3251.5,47044900,3576.6,2926.4,4322.95,2866.6,3249.0,160,3,3248.8,5,1,3248.7,41,2,3248.6,41,3,3248.5,209,5,3249.1,63,3,3249.2,176,4,3249.5,30,1,3250.0,113,5,3250.2,130,8
11536,2025-12-30 14:30:06+05:30,3249.0,17,3253.23,1610510,92840.0,121219.0,3250.0,3267.5,3239.8,3251.5,47044900,3576.6,2926.4,4322.95,2866.6,3249.0,160,3,3248.8,5,1,3248.7,41,2,3248.6,41,3,3248.5,209,5,3249.1,63,3,3249.2,176,4,3249.5,30,1,3250.0,113,5,3250.2,130,8
11536,2025-12-30 14:30:07+05:30,3249.1,1,3253.23,1610734,90641.0,116149.0,3250.0,3267.5,3239.8,3251.5,47044900,3576.6,2926.4,4322.95,2866.6,3249.0,206,4,3248.8,24,1,3248.7,59,3,3248.6,320,8,3248.5,286,7,3249.1,153,5,3249.2,25,1,3249.5,30,1,3250.0,43,2,3250.2,54,4
11536,2025-12-30 14:30:07+05:30,3249.1,1,3253.23,1610734,90641.0,116149.0,3250.0,3267.5,3239.8,3251.5,47044900,3576.6,2926.4,4322.95,2866.6,3249.0,206,4,3248.8,24,1,3248.7,59,3,3248.6,320,8,3248.5,286,7,3249.1,153,5,3249.2,25,1,3249.5,30,1,3250.0,43,2,3250.2,54,4
11536,2025-12-30 14:30:08+05:30,3249.2,13,3253.23,1610951,91307.0,114486.0,3250.0,3267.5,3239.8,3251.5,47044900,3576.6,2926.4,4322.95,2866.6,3249.2,165,4,3249.1,191,2,3249.0,173,7,3248.9,98,4,3248.8,64,3,3249.5,30,1,3249.7,24,2,3250.0,43,2,3250.3,3,1,3250.4,3,1
11536,2025-12-30 14:30:08+05:30,3249.2,30,3253.23,1610951,91307.0,114486.0,3250.0,3267.5,3239.8,3251.5,47044900,3576.6,2926.4,4322.95,2866.6,3249.2,165,4,3249.1,191,2,3249.0,173,7,3248.9,98,4,3248.8,64,3,3249.5,30,1,3249.7,24,2,3250.0,43,2,3250.3,3,1,3250.4,3,1
11536,2025-12-30 14:30:09+05:30,3249.5,30,3253.23,1611099,91315.0,113299.0,3250.0,3267.5,3239.8,3251.5,47044900,3576.6,2926.4,4322.95,2866.6,3249.5,83,3,3249.3,36,1,3249.2,33,1,3249.1,195,2,3249.0,239,3,3249.7,81,2,3249.9,51,2,3250.0,43,2,3250.1,10,1,3250.3,14,1
11536,2025-12-30 14:30:09+05:30,3249.5,30,3253.23,1611099,91315.0,113299.0,3250.0,3267.5,3239.8,3251.5,47044900,3576.6,2926.4,4322.95,2866.6,3249.5,83,3,3249.3,36,1,3249.2,33,1,3249.1,195,2,3249.0,239,3,3249.7,81,2,3249.9,51,2,3250.0,43,2,3250.1,10,1,3250.3,14,1
11536,2025-12-30 14:30:10+05:30,3249.5,30,3253.23,1611099,91323.0,112364.0,3250.0,3267.5,3239.8,3251.5,47044900,3576.6,2926.4,4322.95,2866.6,3249.5,83,3,3249.3,36,1,3249.1,195,2,3249.0,64,2,3248.9,223,3,3249.7,173,7,3249.9,58,3,3250.0,63,3,3250.1,10,1,3250.2,92,3
11536,2025-12-30 14:30:11+05:30,3249.6,1,3253.23,1611209,90870.0,113275.0,3250.0,3267.5,3239.8,3251.5,47044900,3576.6,2926.4,4322.95,2866.6,3249.6,44,2,3249.5,4,1,3249.1,195,2,3249.0,64,2,3248.8,39,2,3249.7,259,9,3249.9,25,3,3250.0,156,6,3250.1,28,2,3250.2,20,1
11536,2025-12-30 14:30:11+05:30,3249.6,1,3253.23,1611209,90870.0,113275.0,3250.0,3267.5,3239.8,3251.5,47044900,3576.6,2926.4,4322.95,2866.6,3249.6,44,2,3249.5,4,1,3249.1,195,2,3249.0,64,2,3248.8,39,2,3249.7,259,9,3249.9,25,3,3250.0,156,6,3250.1,28,2,3250.2,20,1
11536,2025-12-30 14:30:12+05:30,3249.7,2,3253.23,1611284,90877.0,113028.0,3250.0,3267.5,3239.8,3251.5,47044900,3576.6,2926.4,4322.95,2866.6,3249.6,7,1,3249.5,4,1,3249.1,195,2,3249.0,73,3,3248.8,39,2,3249.7,234,7,3249.9,9,2,3250.0,135,5,3250.1,31,2,3250.2,44,2
11536,2025-12-30 14:30:12+05:30,3249.7,2,3253.23,1611284,90877.0,113028.0,3250.0,3267.5,3239.8,3251.5,47044900,3576.6,2926.4,4322.95,2866.6,3249.6,7,1,3249.5,4,1,3249.1,195,2,3249.0,73,3,3248.8,39,2,3249.7,234,7,3249.9,9,2,3250.0,135,5,3250.1,31,2,3250.2,44,2
11536,2025-12-30 14:30:13+05:30,3249.6,30,3253.23,1611445,90737.0,113156.0,3250.0,3267.5,3239.8,3251.5,47044900,3576.6,2926.4,4322.95,2866.6,3249.6,6,1,3249.5,4,1,3249.1,195,2,3249.0,73,3,3248.8,20,1,3249.7,222,7,3249.8,33,1,3249.9,64,4,3250.0,85,4,3250.1,69,3
11536,2025-12-30 14:30:13+05:30,3249.6,30,3253.23,1611445,90737.0,113156.0,3250.0,3267.5,3239.8,3251.5,47044900,3576.6,2926.4,4322.95,2866.6,3249.6,6,1,3249.5,4,1,3249.1,195,2,3249.0,73,3,3248.8,20,1,3249.7,222,7,3249.8,33,1,3249.9,64,4,3250.0,85,4,3250.1,69,3
11536,2025-12-30 14:30:14+05:30,3249.7,1,3253.23,1611446,90817.0,113049.0,3250.0,3267.5,3239.8,3251.5,47044900,3576.6,2926.4,4322.95,2866.6,3249.6,6,1,3249.5,4,1,3249.1,195,2,3249.0,73,3,3248.8,195,2,3249.7,253,8,3249.8,19,1,3250.0,53,3,3250.1,9,1,3250.2,78,3
11536,2025-12-30 14:30:14+05:30,3249.7,1,3253.23,1611446,90817.0,113049.0,3250.0,3267.5,3239.8,3251.5,47044900,3576.6,2926.4,4322.95,2866.6,3249.6,6,1,3249.5,4,1,3249.1,195,2,3249.0,73,3,3248.8,195,2,3249.7,253,8,3249.8,19,1,3250.0,53,3,3250.1,9,1,3250.2,78,3
11536,2025-12-30 14:30:15+05:30,3249.2,20,3253.23,1611938,91169.0,111682.0,3250.0,3267.5,3239.8,3251.5,47044900,3576.6,2926.4,4322.95,2866.6,3249.2,101,1,3249.1,274,4,3249.0,297,6,3248.9,221,2,3248.8,56,3,3249.4,30,1,3249.7,85,3,3250.0,143,3,3250.4,19,1,3250.5,18,2
11536,2025-12-30 14:30:15+05:30,3249.2,20,3253.23,1611938,91169.0,111682.0,3250.0,3267.5,3239.8,3251.5,47044900,3576.6,2926.4,4322.95,2866.6,3249.2,101,1,3249.1,274,4,3249.0,297,6,3248.9,221,2,3248.8,56,3,3249.4,30,1,3249.7,85,3,3250.0,143,3,3250.4,19,1,3250.5,18,2
11536,2025-12-30 14:30:16+05:30,3249.4,1,3253.23,1611939,91406.0,111691.0,3250.0,3267.5,3239.8,3251.5,47044900,3576.6,2926.4,4322.95,2866.6,3249.2,254,2,3249.1,228,3,3249.0,321,7,3248.9,243,3,3248.8,106,5,3249.4,41,2,3249.7,73,2,3250.0,143,3,3250.4,19,1,3250.5,18,2
11536,2025-12-30 14:30:16+05:30,3249.4,1,3253.23,1611939,91406.0,111691.0,3250.0,3267.5,3239.8,3251.5,47044900,3576.6,2926.4,4322.95,2866.6,3249.2,254,2,3249.1,228,3,3249.0,321,7,3248.9,243,3,3248.8,106,5,3249.4,41,2,3249.7,73,2,3250.0,143,3,3250.4,19,1,3250.5,18,2
11536,2025-12-30 14:30:17+05:30,3249.1,12,3253.23,1613121,90178.0,111812.0,3250.0,3267.5,3239.8,3251.5,47044900,3576.6,2926.4,4322.95,2866.6,3249.1,98,2,3249.0,258,5,3248.9,175,1,3248.8,105,4,3248.7,24,1,3249.3,148,4,3249.4,12,1,3249.5,51,2,3250.0,143,3,3250.4,142,3
11536,2025-12-30 14:30:17+05:30,3249.1,12,3253.23,1613121,90178.0,111812.0,3250.0,3267.5,3239.8,3251.5,47044900,3576.6,2926.4,4322.95,2866.6,3249.1,98,2,3249.0,258,5,3248.9,175,1,3248.8,105,4,3248.7,24,1,3249.3,148,4,3249.4,12,1,3249.5,51,2,3250.0,143,3,3250.4,142,3
11536,2025-12-30 14:30:18+05:30,3249.3,36,3253.23,1613372,91440.0,111474.0,3250.0,3267.5,3239.8,3251.5,47044900,3576.6,2926.4,4322.95,2866.6,3249.3,114,3,3249.2,20,2,3249.1,200,6,3249.0,303,7,3248.9,267,3,3249.5,51,2,3250.0,143,3,3250.5,3,1,3250.6,21,1,3250.7,23,1
11536,2025-12-30 14:30:18+05:30,3249.3,36,3253.23,1613372,91440.0,111474.0,3250.0,3267.5,3239.8,3251.5,47044900,3576.6,2926.4,4322.95,2866.6,3249.3,114,3,3249.2,20,2,3249.1,200,6,3249.0,303,7,3248.9,267,3,3249.5,51,2,3250.0,143,3,3250.5,3,1,3250.6,21,1,3250.7,23,1
11536,2025-12-30 14:30:19+05:30,3250.7,12,3253.23,1613681,91219.0,111229.0,3250.0,3267.5,3239.8,3251.5,47044900,3576.6,2926.4,4322.95,2866.6,3249.5,237,7,3249.4,20,1,3249.3,239,3,3249.2,313,7,3249.1,218,4,3250.9,175,6,3251.0,164,4,3251.1,60,3,3251.2,133,6,3251.3,45,3
11536,2025-12-30 14:30:19+05:30,3250.7,12,3253.23,1613681,91219.0,111229.0,3250.0,3267.5,3239.8,3251.5,47044900,3576.6,2926.4,4322.95,2866.6,3249.5,237,7,3249.4,20,1,3249.3,239,3,3249.2,313,7,3249.1,218,4,3250.9,175,6,3251.0,164,4,3251.1,60,3,3251.2,133,6,3251.3,45,3
11536,2025-12-30 14:30:20+05:30,3250.1,3,3253.23,1613684,89375.0,111893.0,3250.0,3267.5,3239.8,3251.5,47044900,3576.6,2926.4,4322.95,2866.6,3249.5,185,5,3249.4,47,3,3249.3,261,4,3249.2,246,3,3249.1,185,4,3250.1,121,4,3250.7,18,1,3250.9,111,4,3251.0,256,8,3251.1,54,3
11536,2025-12-30 14:30:20+05:30,3250.1,3,3253.23,1613684,89375.0,111893.0,3250.0,3267.5,3239.8,3251.5,47044900,3576.6,2926.4,4322.95,2866.6,3249.5,185,5,3249.4,47,3,3249.3,261,4,3249.2,246,3,3249.1,185,4,3250.1,121,4,3250.7,18,1,3250.9,111,4,3251.0,256,8,3251.1,54,3
11536,2025-12-30 14:30:21+05:30,3249.5,4,3253.23,1613689,90962.0,112316.0,3250.0,3267.5,3239.8,3251.5,47044900,3576.6,2926.4,4322.95,2866.6,3249.3,244,2,3249.2,230,3,3249.1,256,6,3249.0,149,6,3248.9,93,3,3249.5,49,1,3249.6,120,3,3250.6,33,2,3250.8,50,3,3250.9,111,4
11536,2025-12-30 14:30:21+05:30,3249.5,4,3253.23,1613689,90962.0,112316.0,3250.0,3267.5,3239.8,3251.5,47044900,3576.6,2926.4,4322.95,2866.6,3249.3,244,2,3249.2,230,3,3249.1,256,6,3249.0,149,6,3248.9,93,3,3249.5,49,1,3249.6,120,3,3250.6,33,2,3250.8,50,3,3250.9,111,4
11536,2025-12-30 14:30:22+05:30,3250.9,11,3253.23,1614164,91421.0,111012.0,3250.0,3267.5,3239.8,3251.5,47044900,3576.6,2926.4,4322.95,2866.6,3249.6,108,4,3249.5,40,1,3249.4,61,1,3249.3,23,2,3249.2,157,5,3250.9,185,7,3251.0,191,4,3251.1,48,2,3251.2,130,5,3251.3,27,1
11536,2025-12-30 14:30:22+05:30,3250.9,11,3253.23,1614164,91421.0,111012.0,3250.0,3267.5,3239.8,3251.5,47044900,3576.6,2926.4,4322.95,2866.6,3249.6,108,4,3249.5,40,1,3249.4,61,1,3249.3,23,2,3249.2,157,5,3250.9,185,7,3251.0,191,4,3251.1,48,2,3251.2,130,5,3251.3,27,1
11536,2025-12-30 14:30:23+05:30,3250.9,3,3253.23,1614167,89299.0,110905.0,3250.0,3267.5,3239.8,3251.5,47044900,3576.6,2926.4,4322.95,2866.6,3249.6,108,4,3249.5,50,2,3249.4,107,2,3249.3,234,3,3249.2,302,7,3250.9,161,6,3251.0,191,4,3251.1,26,1,3251.2,146,5,3251.3,27,1
11536,2025-12-30 14:30:23+05:30,3250.9,3,3253.23,1614167,89299.0,110905.0,3250.0,3267.5,3239.8,3251.5,47044900,3576.6,2926.4,4322.95,2866.6,3249.6,108,4,3249.5,50,2,3249.4,107,2,3249.3,234,3,3249.2,302,7,3250.9,161,6,3251.0,191,4,3251.1,26,1,3251.2,146,5,3251.3,27,1
11536,2025-12-30 14:30:24+05:30,3250.9,3,3253.23,1614167,92327.0,110425.0,3250.0,3267.5,3239.8,3251.5,47044900,3576.6,2926.4,4322.95,2866.6,3250.0,113,3,3249.9,57,2,3249.8,25,2,3249.7,267,3,3249.6,261,5,3250.5,3,1,3251.0,145,3,3251.1,22,1,3251.2,23,2,3251.3,26,1
11536,2025-12-30 14:30:25+05:30,3251.3,14,3253.23,1614332,92130.0,110489.0,3250.0,3267.5,3239.8,3251.5,47044900,3576.6,2926.4,4322.95,2866.6,3250.6,5,2,3250.5,1,1,3250.1,63,2,3250.0,68,6,3249.9,350,7,3251.4,43,2,3251.5,210,2,3251.6,33,1,3251.7,19,1,3251.8,47,2
11536,2025-12-30 14:30:25+05:30,3251.3,14,3253.23,1614332,92130.0,110489.0,3250.0,3267.5,3239.8,3251.5,47044900,3576.6,2926.4,4322.95,2866.6,3250.6,5,2,3250.5,1,1,3250.1,63,2,3250.0,68,6,3249.9,350,7,3251.4,43,2,3251.5,210,2,3251.6,33,1,3251.7,19,1,3251.8,47,2
11536,2025-12-30 14:30:26+05:30,3250.6,1,3253.23,1614333,92534.0,110092.0,3250.0,3267.5,3239.8,3251.5,47044900,3576.6,2926.4,4322.95,2866.6,3250.6,54,4,3250.5,1,1,3250.3,73,2,3250.2,21,1,3250.1,88,3,3251.4,17,2,3251.5,200,1,3251.8,47,2,3251.9,279,3,3252.0,193,5
11536,2025-12-30 14:30:26+05:30,3250.6,1,3253.23,1614333,92534.0,110092.0,3250.0,3267.5,3239.8,3251.5,47044900,3576.6,2926.4,4322.95,2866.6,3250.6,54,4,3250.5,1,1,3250.3,73,2,3250.2,21,1,3250.1,88,3,3251.4,17,2,3251.5,200,1,3251.8,47,2,3251.9,279,3,3252.0,193,5
11536,2025-12-30 14:30:27+05:30,3250.6,1,3253.23,1614333,92566.0,110121.0,3250.0,3267.5,3239.8,3251.5,47044900,3576.6,2926.4,4322.95,2866.6,3250.6,54,4,3250.5,19,2,3250.4,81,3,3250.3,62,2,3250.2,114,4,3251.4,17,2,3251.5,200,1,3251.8,47,2,3251.9,279,3,3252.0,150,3
11536,2025-12-30 14:30:28+05:30,3251.4,1,3253.23,1614337,92584.0,110260.0,3250.0,3267.5,3239.8,3251.5,47044900,3576.6,2926.4,4322.95,2866.6,3250.6,85,6,3250.5,63,3,3250.4,30,2,3250.3,22,1,3250.2,92,3,3251.4,16,2,3251.5,200,1,3251.8,1,1,3251.9,225,1,3252.0,150,3
11536,2025-12-30 14:30:28+05:30,3250.6,36,3253.23,1614337,92584.0,110260.0,3250.0,3267.5,3239.8,3251.5,47044900,3576.6,2926.4,4322.95,2866.6,3250.6,85,6,3250.5,63,3,3250.4,30,2,3250.3,22,1,3250.2,92,3,3251.4,16,2,3251.5,200,1,3251.8,1,1,3251.9,225,1,3252.0,150,3
11536,2025-12-30 14:30:29+05:30,3251.4,1,3253.23,1614378,92549.0,110283.0,3250.0,3267.5,3239.8,3251.5,47044900,3576.6,2926.4,4322.95,2866.6,3250.6,49,6,3250.5,63,3,3250.4,30,2,3250.3,22,1,3250.2,267,4,3251.4,14,1,3251.5,200,1,3251.8,1,1,3251.9,244,2,3252.0,150,3
11536,2025-12-30 14:30:29+05:30,3251.4,1,3253.23,1614378,92549.0,110283.0,3250.0,3267.5,3239.8,3251.5,47044900,3576.6,2926.4,4322.95,2866.6,3250.6,49,6,3250.5,63,3,3250.4,30,2,3250.3,22,1,3250.2,267,4,3251.4,14,1,3251.5,200,1,3251.8,1,1,3251.9,244,2,3252.0,150,3
11536,2025-12-30 14:30:30+05:30,3251.4,1,3253.23,1614380,92441.0,110281.0,3250.0,3267.5,3239.8,3251.5,47044900,3576.6,2926.4,4322.95,2866.6,3250.6,69,7,3250.5,87,4,3250.4,30,2,3250.3,22,1,3250.2,339,6,3251.4,12,1,3251.5,200,1,3251.8,1,1,3251.9,244,2,3252.0,150,3
11536,2025-12-30 14:30:30+05:30,3251.4,1,3253.23,1614380,92441.0,110281.0,3250.0,3267.5,3239.8,3251.5,47044900,3576.6,2926.4,4322.95,2866.6,3250.6,69,7,3250.5,87,4,3250.4,30,2,3250.3,22,1,3250.2,339,6,3251.4,12,1,3251.5,200,1,3251.8,1,1,3251.9,244,2,3252.0,150,3
11536,2025-12-30 14:30:31+05:30,3251.4,2,3253.23,1614385,92111.0,110295.0,3250.0,3267.5,3239.8,3251.5,47044900,3576.6,2926.4,4322.95,2866.6,3250.6,134,10,3250.5,41,3,3250.4,54,3,3250.3,22,1,3250.2,339,6,3251.4,7,1,3251.5,203,2,3251.8,1,1,3251.9,244,2,3252.0,48,2
11536,2025-12-30 14:30:31+05:30,3251.4,2,3253.23,1614385,92111.0,110295.0,3250.0,3267.5,3239.8,3251.5,47044900,3576.6,2926.4,4322.95,2866.6,3250.6,134,10,3250.5,41,3,3250.4,54,3,3250.3,22,1,3250.2,339,6,3251.4,7,1,3251.5,203,2,3251.8,1,1,3251.9,244,2,3252.0,48,2
11536,2025-12-30 14:30:32+05:30,3250.2,11,3253.23,1614385,92111.0,110295.0,3250.0,3267.5,3239.8,3251.5,47044900,3576.6,2926.4,4322.95,2866.6,3250.6,134,10,3250.5,41,3,3250.4,54,3,3250.3,22,1,3250.2,339,6,3251.4,7,1,3251.5,203,2,3251.8,1,1,3251.9,244,2,3252.0,48,2
11536,2025-12-30 14:30:32+05:30,3250.2,11,3253.22,1615443,91609.0,109924.0,3250.0,3267.5,3239.8,3251.5,47044900,3576.6,2926.4,4322.95,2866.6,3250.4,20,1,3250.3,70,3,3250.2,175,1,3250.1,321,7,3250.0,105,8,3250.9,123,1,3251.3,3,1,3251.4,7,1,3251.5,203,2,3251.6,98,1
11536,2025-12-30 14:30:33+05:30,3250.9,5,3253.22,1615443,91609.0,109924.0,3250.0,3267.5,3239.8,3251.5,47044900,3576.6,2926.4,4322.95,2866.6,3250.4,20,1,3250.3,70,3,3250.2,175,1,3250.1,321,7,3250.0,105,8,3250.9,123,1,3251.3,3,1,3251.4,7,1,3251.5,203,2,3251.6,98,1
11536,2025-12-30 14:30:33+05:30,3250.9,5,3253.22,1615448,91632.0,110033.0,3250.0,3267.5,3239.8,3251.5,47044900,3576.6,2926.4,4322.95,2866.6,3250.4,44,1,3250.2,10,1,3250.1,282,4,3250.0,299,9,3249.9,46,1,3250.9,125,2,3251.3,18,2,3251.5,222,3,3251.7,19,1,3251.8,139,6
11536,2025-12-30 14:30:34+05:30,3250.9,47,3253.22,1615448,91632.0,110033.0,3250.0,3267.5,3239.8,3251.5,47044900,3576.6,2926.4,4322.95,2866.6,3250.4,44,1,3250.2,10,1,3250.1,282,4,3250.0,299,9,3249.9,46,1,3250.9,125,2,3251.3,18,2,3251.5,222,3,3251.7,19,1,3251.8,139,6
11536,2025-12-30 14:30:35+05:30,3250.9,47,3253.22,1615498,90035.0,109436.0,3250.0,3267.5,3239.8,3251.5,47044900,3576.6,2926.4,4322.95,2866.6,3250.1,316,5,3250.0,265,8,3249.9,46,1,3249.8,76,6,3249.7,171,5,3250.9,75,2,3251.3,18,2,3251.5,219,2,3251.6,19,1,3251.7,22,2
11536,2025-12-30 14:30:35+05:30,3250.9,1,3253.22,1615498,90035.0,109436.0,3250.0,3267.5,3239.8,3251.5,47044900,3576.6,2926.4,4322.95,2866.6,3250.1,316,5,3250.0,265,8,3249.9,46,1,3249.8,76,6,3249.7,171,5,3250.9,75,2,3251.3,18,2,3251.5,219,2,3251.6,19,1,3251.7,22,2
11536,2025-12-30 14:30:36+05:30,3250.9,1,3253.22,1615499,91836.0,110010.0,3250.0,3267.5,3239.8,3251.5,47044900,3576.6,2926.4,4322.95,2866.6,3250.3,44,1,3250.2,61,3,3250.1,282,4,3250.0,265,8,3249.9,71,2,3250.9,74,2,3251.3,18,2,3251.5,219,2,3251.6,19,1,3251.7,22,2
11536,2025-12-30 14:30:37+05:30,3250.9,1,3253.22,1615499,91507.0,110079.0,3250.0,3267.5,3239.8,3251.5,47044900,3576.6,2926.4,4322.95,2866.6,3250.2,306,6,3250.1,282,4,3250.0,140,9,3249.9,46,1,3249.8,101,7,3250.9,74,2,3251.3,3,1,3251.5,200,1,3251.6,41,2,3251.7,22,2
11536,2025-12-30 14:30:38+05:30,3250.9,4,3253.22,1615503,91303.0,110336.0,3250.0,3267.5,3239.8,3251.5,47044900,3576.6,2926.4,4322.95,2866.6,3250.2,274,3,3250.1,235,2,3250.0,93,8,3249.8,60,5,3249.7,118,3,3250.9,70,2,3251.1,15,1,3251.3,40,3,3251.4,64,2,3251.5,246,2
11536,2025-12-30 14:30:38+05:30,3250.2,39,3253.22,1615503,91303.0,110336.0,3250.0,3267.5,3239.8,3251.5,47044900,3576.6,2926.4,4322.95,2866.6,3250.2,274,3,3250.1,235,2,3250.0,93,8,3249.8,60,5,3249.7,118,3,3250.9,70,2,3251.1,15,1,3251.3,40,3,3251.4,64,2,3251.5,246,2
11536,2025-12-30 14:30:39+05:30,3250.1,50,3253.22,1615652,90606.0,110653.0,3250.0,3267.5,3239.8,3251.5,47044900,3576.6,2926.4,4322.95,2866.6,3250.1,56,2,3250.0,82,8,3249.8,26,4,3249.7,221,2,3249.6,215,3,3250.9,118,4,3251.0,40,1,3251.1,37,2,3251.2,23,1,3251.3,84,4
11536,2025-12-30 14:30:39+05:30,3250.1,4,3253.22,1615652,90606.0,110653.0,3250.0,3267.5,3239.8,3251.5,47044900,3576.6,2926.4,4322.95,2866.6,3250.1,56,2,3250.0,82,8,3249.8,26,4,3249.7,221,2,3249.6,215,3,3250.9,118,4,3251.0,40,1,3251.1,37,2,3251.2,23,1,3251.3,84,4
11536,2025-12-30 14:30:40+05:30,3250.1,4,3253.22,1615692,90593.0,110617.0,3250.0,3267.5,3239.8,3251.5,47044900,3576.6,2926.4,4322.95,2866.6,3250.1,52,2,3250.0,82,8,3249.8,26,4,3249.7,221,2,3249.6,215,3,3250.9,82,4,3251.0,40,1,3251.1,37,2,3251.2,23,1,3251.3,84,4
11536,2025-12-30 14:30:40+05:30,3250.1,5,3253.22,1615692,90593.0,110617.0,3250.0,3267.5,3239.8,3251.5,47044900,3576.6,2926.4,4322.95,2866.6,3250.1,52,2,3250.0,82,8,3249.8,26,4,3249.7,221,2,3249.6,215,3,3250.9,82,4,3251.0,40,1,3251.1,37,2,3251.2,23,1,3251.3,84,4
11536,2025-12-30 14:30:41+05:30,3250.9,1,3253.22,1615700,90657.0,110620.0,3250.0,3267.5,3239.8,3251.5,47044900,3576.6,2926.4,4322.95,2866.6,3250.1,47,2,3250.0,82,8,3249.9,175,1,3249.8,201,5,3249.7,46,1,3250.9,65,3,3251.0,40,1,3251.1,37,2,3251.2,23,1,3251.3,84,4
11536,2025-12-30 14:30:41+05:30,3250.1,3,3253.22,1615700,90657.0,110620.0,3250.0,3267.5,3239.8,3251.5,47044900,3576.6,2926.4,4322.95,2866.6,3250.1,47,2,3250.0,82,8,3249.9,175,1,3249.8,201,5,3249.7,46,1,3250.9,65,3,3251.0,40,1,3251.1,37,2,3251.2,23,1,3251.3,84,4
11536,2025-12-30 14:30:42+05:30,3250.1,3,3253.22,1615704,90357.0,109994.0,3250.0,3267.5,3239.8,3251.5,47044900,3576.6,2926.4,4322.95,2866.6,3250.1,43,1,3250.0,82,8,3249.8,257,7,3249.7,287,4,3249.6,66,3,3250.9,31,2,3251.0,40,1,3251.2,74,2,3251.3,96,3,3251.4,49,3
11536,2025-12-30 14:30:42+05:30,3250.9,4,3253.22,1615704,90357.0,109994.0,3250.0,3267.5,3239.8,3251.5,47044900,3576.6,2926.4,4322.95,2866.6,3250.1,43,1,3250.0,82,8,3249.8,257,7,3249.7,287,4,3249.6,66,3,3250.9,31,2,3251.0,40,1,3251.2,74,2,3251.3,96,3,3251.4,49,3
11536,2025-12-30 14:30:43+05:30,3250.1,1,3253.22,1615709,91459.0,110428.0,3250.0,3267.5,3239.8,3251.5,47044900,3576.6,2926.4,4322.95,2866.6,3250.1,134,4,3250.0,123,9,3249.9,110,4,3249.8,249,7,3249.7,291,4,3250.9,37,3,3251.2,40,1,3251.3,52,2,3251.4,47,2,3251.5,246,2
11536,2025-12-30 14:30:43+05:30,3250.1,1,3253.22,1615709,91459.0,110428.0,3250.0,3267.5,3239.8,3251.5,47044900,3576.6,2926.4,4322.95,2866.6,3250.1,134,4,3250.0,123,9,3249.9,110,4,3249.8,249,7,3249.7,291,4,3250.9,37,3,3251.2,40,1,3251.3,52,2,3251.4,47,2,3251.5,246,2
11536,2025-12-30 14:30:44+05:30,3250.1,1,3253.22,1615709,90582.0,109922.0,3250.0,3267.5,3239.8,3251.5,47044900,3576.6,2926.4,4322.95,2866.6,3250.1,175,5,3250.0,257,9,3249.9,285,5,3249.8,74,6,3249.7,116,3,3250.9,37,3,3251.2,40,1,3251.3,52,2,3251.4,47,2,3251.5,246,2
11536,2025-12-30 14:30:45+05:30,3250.9,1,3253.22,1615710,90185.0,110777.0,3250.0,3267.5,3239.8,3251.5,47044900,3576.6,2926.4,4322.95,2866.6,3250.1,59,2,3250.0,83,9,3249.8,26,4,3249.7,46,1,3249.6,40,2,3250.9,126,8,3251.0,43,3,3251.1,58,2,3251.2,81,4,3251.3,98,3
11536,2025-12-30 14:30:45+05:30,3250.9,1,3253.22,1615710,90185.0,110777.0,3250.0,3267.5,3239.8,3251.5,47044900,3576.6,2926.4,4322.95,2866.6,3250.1,59,2,3250.0,83,9,3249.8,26,4,3249.7,46,1,3249.6,40,2,3250.9,126,8,3251.0,43,3,3251.1,58,2,3251.2,81,4,3251.3,98,3
11536,2025-12-30 14:30:46+05:30,3250.9,1,3253.22,1615710,90185.0,110777.0,3250.0,3267.5,3239.8,3251.5,47044900,3576.6,2926.4,4322.95,2866.6,3250.1,59,2,3250.0,83,9,3249.8,26,4,3249.7,46,1,3249.6,40,2,3250.9,126,8,3251.0,43,3,3251.1,58,2,3251.2,81,4,3251.3,98,3
11536,2025-12-30 14:30:46+05:30,3250.9,1,3253.22,1615711,90534.0,111122.0,3250.0,3267.5,3239.8,3251.5,47044900,3576.6,2926.4,4322.95,2866.6,3250.1,59,2,3250.0,83,9,3249.8,26,4,3249.7,46,1,3249.6,40,2,3250.9,125,8,3251.0,43,3,3251.1,58,2,3251.2,123,5,3251.3,98,3
11536,2025-12-30 14:30:47+05:30,3249.7,39,3253.22,1615711,90534.0,111122.0,3250.0,3267.5,3239.8,3251.5,47044900,3576.6,2926.4,4322.95,2866.6,3250.1,59,2,3250.0,83,9,3249.8,26,4,3249.7,46,1,3249.6,40,2,3250.9,125,8,3251.0,43,3,3251.1,58,2,3251.2,123,5,3251.3,98,3
11536,2025-12-30 14:30:47+05:30,3249.7,39,3253.22,1616770,90137.0,111982.0,3250.0,3267.5,3239.8,3251.5,47044900,3576.6,2926.4,4322.95,2866.6,3249.7,30,3,3249.6,17,1,3249.3,8,1,3249.2,72,4,3249.1,217,4,3250.3,123,1,3250.6,34,1,3250.7,41,1,3250.8,110,4,3250.9,55,4
11536,2025-12-30 14:30:48+05:30,3249.7,3,3253.22,1616770,90137.0,111982.0,3250.0,3267.5,3239.8,3251.5,47044900,3576.6,2926.4,4322.95,2866.6,3249.7,30,3,3249.6,17,1,3249.3,8,1,3249.2,72,4,3249.1,217,4,3250.3,123,1,3250.6,34,1,3250.7,41,1,3250.8,110,4,3250.9,55,4
11536,2025-12-30 14:30:48+05:30,3249.7,3,3253.22,1616809,90064.0,111868.0,3250.0,3267.5,3239.8,3251.5,47044900,3576.6,2926.4,4322.95,2866.6,3249.7,11,2,3249.6,170,2,3249.3,8,1,3249.2,45,3,3249.0,53,4,3250.3,168,4,3250.5,80,2,3250.6,111,5,3250.7,22,1,3250.8,194,7
11536,2025-12-30 14:30:49+05:30,3250.3,47,3253.22,1616809,90064.0,111868.0,3250.0,3267.5,3239.8,3251.5,47044900,3576.6,2926.4,4322.95,2866.6,3249.7,11,2,3249.6,170,2,3249.3,8,1,3249.2,45,3,3249.0,53,4,3250.3,168,4,3250.5,80,2,3250.6,111,5,3250.7,22,1,3250.8,194,7
11536,2025-12-30 14:30:49+05:30,3250.3,47,3253.22,1616856,86969.0,111287.0,3250.0,3267.5,3239.8,3251.5,47044900,3576.6,2926.4,4322.95,2866.6,3249.7,11,2,3249.6,170,2,3249.3,8,1,3249.2,86,4,3249.0,99,5,3250.3,121,4,3250.5,34,1,3250.6,93,4,3250.7,22,1,3250.8,129,5
11536,2025-12-30 14:30:50+05:30,3250.3,47,3253.22,1616856,90080.0,111274.0,3250.0,3267.5,3239.8,3251.5,47044900,3576.6,2926.4,4322.95,2866.6,3249.7,11,2,3249.6,170,2,3249.3,8,1,3249.2,47,4,3249.0,99,5,3250.3,121,4,3250.4,44,2,3250.5,41,1,3250.6,71,4,3250.7,22,1
11536,2025-12-30 14:30:51+05:30,3250.3,3,3253.22,1616856,90080.0,111274.0,3250.0,3267.5,3239.8,3251.5,47044900,3576.6,2926.4,4322.95,2866.6,3249.7,11,2,3249.6,170,2,3249.3,8,1,3249.2,47,4,3249.0,99,5,3250.3,121,4,3250.4,44,2,3250.5,41,1,3250.6,71,4,3250.7,22,1
11536,2025-12-30 14:30:52+05:30,3250.4,13,3253.22,1616990,90076.0,111234.0,3250.0,3267.5,3239.8,3251.5,47044900,3576.6,2926.4,4322.95,2866.6,3249.7,36,4,3249.6,170,2,3249.4,73,2,3249.3,8,1,3249.2,47,4,3250.1,123,1,3250.4,31,2,3250.6,71,4,3250.7,22,1,3250.8,147,5
11536,2025-12-30 14:30:52+05:30,3250.1,1,3253.22,1616990,90076.0,111234.0,3250.0,3267.5,3239.8,3251.5,47044900,3576.6,2926.4,4322.95,2866.6,3249.7,36,4,3249.6,170,2,3249.4,73,2,3249.3,8,1,3249.2,47,4,3250.1,123,1,3250.4,31,2,3250.6,71,4,3250.7,22,1,3250.8,147,5
11536,2025-12-30 14:30:53+05:30,3250.1,10,3253.22,1617003,90083.0,111229.0,3250.0,3267.5,3239.8,3251.5,47044900,3576.6,2926.4,4322.95,2866.6,3249.7,11,2,3249.6,194,3,3249.4,73,2,3249.3,8,1,3249.2,47,4,3250.1,110,1,3250.4,31,2,3250.6,71,4,3250.7,22,1,3250.8,150,6
11536,2025-12-30 14:30:53+05:30,3250.1,1,3253.22,1617003,90083.0,111229.0,3250.0,3267.5,3239.8,3251.5,47044900,3576.6,2926.4,4322.95,2866.6,3249.7,11,2,3249.6,194,3,3249.4,73,2,3249.3,8,1,3249.2,47,4,3250.1,110,1,3250.4,31,2,3250.6,71,4,3250.7,22,1,3250.8,150,6
11536,2025-12-30 14:30:54+05:30,3249.7,3,3253.22,1617007,90007.0,111228.0,3250.0,3267.5,3239.8,3251.5,47044900,3576.6,2926.4,4322.95,2866.6,3249.7,8,2,3249.6,194,3,3249.3,8,1,3249.2,47,4,3249.1,6,2,3250.1,109,1,3250.4,31,2,3250.6,71,4,3250.7,22,1,3250.8,196,7
11536,2025-12-30 14:30:54+05:30,3250.1,1,3253.22,1617007,90007.0,111228.0,3250.0,3267.5,3239.8,3251.5,47044900,3576.6,2926.4,4322.95,2866.6,3249.7,8,2,3249.6,194,3,3249.3,8,1,3249.2,47,4,3249.1,6,2,3250.1,109,1,3250.4,31,2,3250.6,71,4,3250.7,22,1,3250.8,196,7
11536,2025-12-30 14:30:55+05:30,3250.1,1,3253.22,1617015,89752.0,111270.0,3250.0,3267.5,3239.8,3251.5,47044900,3576.6,2926.4,4322.95,2866.6,3250.0,11,1,3249.7,54,4,3249.6,170,2,3249.4,25,1,3249.3,8,1,3250.1,101,1,3250.6,40,1,3250.8,125,4,3250.9,22,2,3251.0,105,3
11536,2025-12-30 14:30:55+05:30,3250.1,1,3253.22,1617015,89752.0,111270.0,3250.0,3267.5,3239.8,3251.5,47044900,3576.6,2926.4,4322.95,2866.6,3250.0,11,1,3249.7,54,4,3249.6,170,2,3249.4,25,1,3249.3,8,1,3250.1,101,1,3250.6,40,1,3250.8,125,4,3250.9,22,2,3251.0,105,3
11536,2025-12-30 14:30:56+05:30,3250.1,1,3253.22,1617015,89960.0,111364.0,3250.0,3267.5,3239.8,3251.5,47044900,3576.6,2926.4,4322.95,2866.6,3250.0,11,1,3249.7,32,3,3249.6,170,2,3249.4,98,3,3249.3,8,1,3250.1,101,1,3250.6,40,1,3250.8,125,4,3250.9,87,4,3251.0,86,3
11536,2025-12-30 14:30:57+05:30,3250.1,100,3253.22,1617115,86636.0,111138.0,3250.0,3267.5,3239.8,3251.5,47044900,3576.6,2926.4,4322.95,2866.6,3250.0,35,2,3249.7,8,2,3249.6,170,2,3249.3,8,1,3249.2,47,4,3250.1,1,1,3250.6,50,2,3250.7,201,2,3250.8,102,4,3250.9,130,6
11536,2025-12-30 14:30:57+05:30,3250.0,24,3253.22,1617115,86636.0,111138.0,3250.0,3267.5,3239.8,3251.5,47044900,3576.6,2926.4,4322.95,2866.6,3250.0,35,2,3249.7,8,2,3249.6,170,2,3249.3,8,1,3249.2,47,4,3250.1,1,1,3250.6,50,2,3250.7,201,2,3250.8,102,4,3250.9,130,6
11536,2025-12-30 14:30:57+05:30,3250.0,24,3253.22,1617150,89550.0,111861.0,3250.0,3267.5,3239.8,3251.5,47044900,3576.6,2926.4,4322.95,2866.6,3250.0,36,3,3249.7,8,2,3249.6,170,2,3249.3,8,1,3249.2,47,4,3250.1,78,6,3250.2,50,2,3250.3,22,2,3250.4,52,3,3250.5,22,1
11536,2025-12-30 14:30:58+05:30,3250.0,20,3253.22,1617150,89550.0,111861.0,3250.0,3267.5,3239.8,3251.5,47044900,3576.6,2926.4,4322.95,2866.6,3250.0,36,3,3249.7,8,2,3249.6,170,2,3249.3,8,1,3249.2,47,4,3250.1,78,6,3250.2,50,2,3250.3,22,2,3250.4,52,3,3250.5,22,1
11536,2025-12-30 14:30:58+05:30,3250.0,20,3253.22,1617217,89577.0,112032.0,3250.0,3267.5,3239.8,3251.5,47044900,3576.6,2926.4,4322.95,2866.6,3250.0,16,3,3249.7,8,2,3249.6,170,2,3249.3,8,1,3249.2,47,4,3250.1,27,4,3250.2,18,1,3250.3,22,2,3250.4,85,4,3250.5,66,2
11536,2025-12-30 14:30:59+05:30,3250.1,2,3253.22,1617217,89577.0,112032.0,3250.0,3267.5,3239.8,3251.5,47044900,3576.6,2926.4,4322.95,2866.6,3250.0,16,3,3249.7,8,2,3249.6,170,2,3249.3,8,1,3249.2,47,4,3250.1,27,4,3250.2,18,1,3250.3,22,2,3250.4,85,4,3250.5,66,2
11536,2025-12-30 14:31:00+05:30,3250.1,2,3253.22,1617220,89030.0,111312.0,3250.0,3267.5,3239.8,3251.5,47044900,3576.6,2926.4,4322.95,2866.6,3250.0,16,3,3249.7,8,2,3249.6,170,2,3249.4,54,2,3249.3,48,2,3250.1,12,1,3250.6,46,3,3250.7,33,2,3250.8,147,5,3250.9,105,5
11536,2025-12-30 14:31:01+05:30,3250.1,2,3253.22,1617220,89838.0,111447.0,3250.0,3267.5,3239.8,3251.5,47044900,3576.6,2926.4,4322.95,2866.6,3250.0,16,3,3249.7,8,2,3249.6,170,2,3249.4,21,1,3249.3,8,1,3250.1,12,1,3250.6,96,5,3250.7,33,2,3250.8,206,8,3250.9,85,4
11536,2025-12-30 14:31:01+05:30,3250.1,1,3253.22,1617220,89838.0,111447.0,3250.0,3267.5,3239.8,3251.5,47044900,3576.6,2926.4,4322.95,2866.6,3250.0,16,3,3249.7,8,2,3249.6,170,2,3249.4,21,1,3249.3,8,1,3250.1,12,1,3250.6,96,5,3250.7,33,2,3250.8,206,8,3250.9,85,4
11536,2025-12-30 14:31:02+05:30,3250.1,1,3253.22,1617221,89890.0,111446.0,3250.0,3267.5,3239.8,3251.5,47044900,3576.6,2926.4,4322.95,2866.6,3250.0,16,3,3249.7,8,2,3249.6,170,2,3249.4,21,1,3249.3,8,1,3250.1,11,1,3250.6,96,5,3250.7,33,2,3250.8,206,8,3250.9,85,4
11536,2025-12-30 14:31:02+05:30,3249.3,25,3253.22,1617221,89890.0,111446.0,3250.0,3267.5,3239.8,3251.5,47044900,3576.6,2926.4,4322.95,2866.6,3250.0,16,3,3249.7,8,2,3249.6,170,2,3249.4,21,1,3249.3,8,1,3250.1,11,1,3250.6,96,5,3250.7,33,2,3250.8,206,8,3250.9,85,4
11536,2025-12-30 14:31:03+05:30,3249.3,25,3253.22,1618279,90427.0,110466.0,3250.0,3267.5,3239.8,3251.5,47044900,3576.6,2926.4,4322.95,2866.6,3249.4,264,7,3249.3,133,6,3249.2,95,7,3249.1,246,8,3249.0,300,8,3249.8,69,1,3250.1,11,1,3250.8,43,1,3250.9,20,2,3251.0,86,4
11536,2025-12-30 14:31:03+05:30,3249.8,1,3253.22,1618279,90427.0,110466.0,3250.0,3267.5,3239.8,3251.5,47044900,3576.6,2926.4,4322.95,2866.6,3249.4,264,7,3249.3,133,6,3249.2,95,7,3249.1,246,8,3249.0,300,8,3249.8,69,1,3250.1,11,1,3250.8,43,1,3250.9,20,2,3251.0,86,4
11536,2025-12-30 14:31:04+05:30,3249.8,1,3253.22,1618280,87418.0,110442.0,3250.0,3267.5,3239.8,3251.5,47044900,3576.6,2926.4,4322.95,2866.6,3249.4,264,7,3249.3,330,8,3249.2,270,8,3249.1,50,7,3249.0,172,9,3249.8,79,2,3250.8,43,1,3250.9,20,2,3251.0,86,4,3251.1,202,3
11536,2025-12-30 14:31:04+05:30,3249.8,46,3253.22,1618280,87418.0,110442.0,3250.0,3267.5,3239.8,3251.5,47044900,3576.6,2926.4,4322.95,2866.6,3249.4,264,7,3249.3,330,8,3249.2,270,8,3249.1,50,7,3249.0,172,9,3249.8,79,2,3250.8,43,1,3250.9,20,2,3251.0,86,4,3251.1,202,3
11536,2025-12-30 14:31:05+05:30,3249.8,1,3253.22,1618328,90150.0,110351.0,3250.0,3267.5,3239.8,3251.5,47044900,3576.6,2926.4,4322.95,2866.6,3249.5,77,4,3249.4,205,4,3249.3,275,6,3249.2,234,6,3249.1,50,7,3249.8,31,2,3250.9,20,2,3251.0,86,4,3251.1,197,2,3251.2,180,8
11536,2025-12-30 14:31:05+05:30,3249.5,14,3253.22,1618328,90150.0,110351.0,3250.0,3267.5,3239.8,3251.5,47044900,3576.6,2926.4,4322.95,2866.6,3249.5,77,4,3249.4,205,4,3249.3,275,6,3249.2,234,6,3249.1,50,7,3249.8,31,2,3250.9,20,2,3251.0,86,4,3251.1,197,2,3251.2,180,8
11536,2025-12-30 14:31:06+05:30,3249.5,14,3253.22,1618343,89105.0,110043.0,3250.0,3267.5,3239.8,3251.5,47044900,3576.6,2926.4,4322.95,2866.6,3249.5,111,7,3249.4,205,4,3249.3,253,5,3249.2,259,7,3249.1,50,7,3249.8,30,2,3250.9,20,2,3251.0,86,4,3251.1,197,2,3251.2,226,9
11536,2025-12-30 14:31:07+05:30,3249.5,14,3253.22,1618343,90405.0,108625.0,3250.0,3267.5,3239.8,3251.5,47044900,3576.6,2926.4,4322.95,2866.6,3249.5,66,2,3249.4,192,4,3249.3,117,4,3249.2,72,5,3249.1,41,6,3249.8,30,2,3250.8,102,3,3250.9,84,4,3251.0,151,6,3251.1,197,2
11536,2025-12-30 14:31:08+05:30,3249.5,14,3253.22,1618343,90504.0,111348.0,3250.0,3267.5,3239.8,3251.5,47044900,3576.6,2926.4,4322.95,2866.6,3249.5,67,3,3249.4,192,4,3249.3,107,3,3249.2,104,6,3249.1,55,7,3249.8,30,2,3250.8,102,3,3250.9,84,4,3251.0,151,6,3251.1,197,2
11536,2025-12-30 14:31:08+05:30,3249.5,39,3253.22,1618343,90504.0,111348.0,3250.0,3267.5,3239.8,3251.5,47044900,3576.6,2926.4,4322.95,2866.6,3249.5,67,3,3249.4,192,4,3249.3,107,3,3249.2,104,6,3249.1,55,7,3249.8,30,2,3250.8,102,3,3250.9,84,4,3251.0,151,6,3251.1,197,2
11536,2025-12-30 14:31:09+05:30,3249.8,11,3253.22,1618412,90268.0,107846.0,3250.0,3267.5,3239.8,3251.5,47044900,3576.6,2926.4,4322.95,2866.6,3249.8,11,1,3249.5,37,3,3249.4,175,3,3249.3,90,2,3249.2,91,6,3250.7,97,4,3250.8,116,4,3250.9,68,6,3251.0,83,4,3251.1,25,1
11536,2025-12-30 14:31:09+05:30,3250.7,37,3253.22,1618412,90268.0,107846.0,3250.0,3267.5,3239.8,3251.5,47044900,3576.6,2926.4,4322.95,2866.6,3249.8,11,1,3249.5,37,3,3249.4,175,3,3249.3,90,2,3249.2,91,6,3250.7,97,4,3250.8,116,4,3250.9,68,6,3251.0,83,4,3251.1,25,1
11536,2025-12-30 14:31:10+05:30,3250.7,37,3253.22,1618449,90471.0,110641.0,3250.0,3267.5,3239.8,3251.5,47044900,3576.6,2926.4,4322.95,2866.6,3249.8,11,1,3249.5,37,3,3249.4,175,3,3249.3,90,2,3249.2,91,6,3250.7,42,2,3250.8,70,3,3250.9,49,5,3251.0,83,4,3251.1,25,1
11536,2025-12-30 14:31:11+05:30,3250.7,37,3253.22,1618449,90520.0,110623.0,3250.0,3267.5,3239.8,3251.5,47044900,3576.6,2926.4,4322.95,2866.6,3250.0,11,1,3249.9,25,1,3249.6,21,1,3249.5,12,2,3249.4,175,3,3250.7,42,2,3250.8,38,1,3250.9,49,5,3251.0,83,4,3251.1,49,2
11536,2025-12-30 14:31:11+05:30,3250.7,2,3253.22,1618449,90520.0,110623.0,3250.0,3267.5,3239.8,3251.5,47044900,3576.6,2926.4,4322.95,2866.6,3250.0,11,1,3249.9,25,1,3249.6,21,1,3249.5,12,2,3249.4,175,3,3250.7,42,2,3250.8,38,1,3250.9,49,5,3251.0,83,4,3251.1,49,2
11536,2025-12-30 14:31:12+05:30,3250.7,2,3253.22,1618451,90551.0,110588.0,3250.0,3267.5,3239.8,3251.5,47044900,3576.6,2926.4,4322.95,2866.6,3250.0,11,1,3249.9,25,1,3249.6,21,1,3249.5,58,3,3249.4,175,3,3250.7,40,2,3250.8,38,1,3250.9,49,5,3251.0,18,2,3251.1,49,2
11536,2025-12-30 14:31:12+05:30,3250.7,2,3253.22,1618451,90551.0,110588.0,3250.0,3267.5,3239.8,3251.5,47044900,3576.6,2926.4,4322.95,2866.6,3250.0,11,1,3249.9,25,1,3249.6,21,1,3249.5,58,3,3249.4,175,3,3250.7,40,2,3250.8,38,1,3250.9,49,5,3251.0,18,2,3251.1,49,2
11536,2025-12-30 14:31:13+05:30,3250.7,1,3253.22,1618459,89715.0,110663.0,3250.0,3267.5,3239.8,3251.5,47044900,3576.6,2926.4,4322.95,2866.6,3250.0,35,2,3249.8,21,1,3249.6,42,2,3249.5,57,2,3249.4,225,5,3250.7,31,1,3250.8,38,1,3250.9,37,3,3251.0,18,2,3251.1,49,2
11536,2025-12-30 14:31:13+05:30,3250.7,1,3253.22,1618459,89715.0,110663.0,3250.0,3267.5,3239.8,3251.5,47044900,3576.6,2926.4,4322.95,2866.6,3250.0,35,2,3249.8,21,1,3249.6,42,2,3249.5,57,2,3249.4,225,5,3250.7,31,1,3250.8,38,1,3250.9,37,3,3251.0,18,2,3251.1,49,2
11536,2025-12-30 14:31:14+05:30,3250.7,1,3253.22,1618459,89715.0,110663.0,3250.0,3267.5,3239.8,3251.5,47044900,3576.6,2926.4,4322.95,2866.6,3250.0,35,2,3249.8,21,1,3249.6,42,2,3249.5,57,2,3249.4,225,5,3250.7,31,1,3250.8,38,1,3250.9,37,3,3251.0,18,2,3251.1,49,2
11536,2025-12-30 14:31:14+05:30,3250.7,1,3253.22,1618463,90398.0,110566.0,3250.0,3267.5,3239.8,3251.5,47044900,3576.6,2926.4,4322.95,2866.6,3250.0,32,2,3249.6,21,1,3249.5,57,2,3249.4,175,3,3249.3,210,3,3250.7,30,1,3250.8,38,1,3250.9,21,2,3251.0,18,2,3251.1,25,1
11536,2025-12-30 14:31:15+05:30,3250.7,1,3253.22,1618463,90398.0,110566.0,3250.0,3267.5,3239.8,3251.5,47044900,3576.6,2926.4,4322.95,2866.6,3250.0,32,2,3249.6,21,1,3249.5,57,2,3249.4,175,3,3249.3,210,3,3250.7,30,1,3250.8,38,1,3250.9,21,2,3251.0,18,2,3251.1,25,1
11536,2025-12-30 14:31:15+05:30,3250.7,1,3253.22,1618464,90389.0,110788.0,3250.0,3267.5,3239.8,3251.5,47044900,3576.6,2926.4,4322.95,2866.6,3250.0,32,2,3249.6,21,1,3249.5,57,2,3249.4,350,4,3249.3,210,3,3250.7,43,2,3250.8,57,2,3250.9,21,2,3251.0,36,3,3251.1,25,1
11536,2025-12-30 14:31:16+05:30,3250.0,18,3253.22,1618464,90389.0,110788.0,3250.0,3267.5,3239.8,3251.5,47044900,3576.6,2926.4,4322.95,2866.6,3250.0,32,2,3249.6,21,1,3249.5,57,2,3249.4,350,4,3249.3,210,3,3250.7,43,2,3250.8,57,2,3250.9,21,2,3251.0,36,3,3251.1,25,1
11536,2025-12-30 14:31:16+05:30,3250.0,18,3253.22,1618515,88883.0,110545.0,3250.0,3267.5,3239.8,3251.5,47044900,3576.6,2926.4,4322.95,2866.6,3250.0,69,3,3249.7,69,2,3249.6,21,1,3249.5,57,2,3249.4,375,5,3250.7,13,1,3250.9,3,1,3251.0,50,3,3251.1,25,1,3251.2,67,4
11536,2025-12-30 14:31:17+05:30,3249.6,10,3253.22,1618515,88883.0,110545.0,3250.0,3267.5,3239.8,3251.5,47044900,3576.6,2926.4,4322.95,2866.6,3250.0,69,3,3249.7,69,2,3249.6,21,1,3249.5,57,2,3249.4,375,5,3250.7,13,1,3250.9,3,1,3251.0,50,3,3251.1,25,1,3251.2,67,4
11536,2025-12-30 14:31:18+05:30,3249.6,10,3253.21,1619697,91318.0,109551.0,3250.0,3267.5,3239.8,3251.5,47044900,3576.6,2926.4,4322.95,2866.6,3250.1,17,1,3250.0,81,3,3249.9,60,3,3249.8,124,5,3249.7,31,1,3251.3,81,3,3251.4,55,2,3251.5,221,2,3251.6,98,1,3251.7,74,2
11536,2025-12-30 14:31:19+05:30,3250.1,3,3253.21,1619700,90579.0,110062.0,3250.0,3267.5,3239.8,3251.5,47044900,3576.6,2926.4,4322.95,2866.6,3249.7,32,1,3249.6,234,4,3249.5,258,5,3249.4,213,5,3249.3,174,5,3250.1,1,1,3251.0,57,1,3251.1,66,2,3251.2,98,4,3251.3,47,2
11536,2025-12-30 14:31:19+05:30,3251.0,1,3253.21,1619700,90579.0,110062.0,3250.0,3267.5,3239.8,3251.5,47044900,3576.6,2926.4,4322.95,2866.6,3249.7,32,1,3249.6,234,4,3249.5,258,5,3249.4,213,5,3249.3,174,5,3250.1,1,1,3251.0,57,1,3251.1,66,2,3251.2,98,4,3251.3,47,2
11536,2025-12-30 14:31:20+05:30,3251.2,3,3253.21,1619751,89029.0,109500.0,3250.0,3267.5,3239.8,3251.5,47044900,3576.6,2926.4,4322.95,2866.6,3249.9,39,1,3249.8,107,5,3249.7,125,3,3249.6,66,4,3249.5,119,6,3251.2,67,3,3251.3,37,1,3251.4,3,1,3251.5,225,2,3251.6,74,4
11536,2025-12-30 14:31:20+05:30,3251.2,3,3253.21,1619751,89029.0,109500.0,3250.0,3267.5,3239.8,3251.5,47044900,3576.6,2926.4,4322.95,2866.6,3249.9,39,1,3249.8,107,5,3249.7,125,3,3249.6,66,4,3249.5,119,6,3251.2,67,3,3251.3,37,1,3251.4,3,1,3251.5,225,2,3251.6,74,4
11536,2025-12-30 14:31:21+05:30,3251.2,3,3253.21,1619751,89057.0,109512.0,3250.0,3267.5,3239.8,3251.5,47044900,3576.6,2926.4,4322.95,2866.6,3250.0,21,1,3249.9,49,2,3249.8,122,5,3249.7,100,2,3249.6,66,4,3251.2,67,3,3251.3,37,1,3251.4,3,1,3251.5,225,2,3251.6,74,4
11536,2025-12-30 14:31:22+05:30,3251.2,3,3253.21,1619751,88255.0,109375.0,3250.0,3267.5,3239.8,3251.5,47044900,3576.6,2926.4,4322.95,2866.6,3250.1,39,1,3250.0,92,4,3249.9,70,3,3249.8,91,4,3249.7,100,2,3251.2,35,2,3251.3,37,1,3251.4,3,1,3251.5,256,3,3251.6,48,2
11536,2025-12-30 14:31:23+05:30,3251.2,3,3253.21,1619754,91415.0,109461.0,3250.0,3267.5,3239.8,3251.5,47044900,3576.6,2926.4,4322.95,2866.6,3250.1,137,6,3250.0,49,3,3249.9,65,2,3249.8,97,4,3249.7,100,2,3251.4,83,4,3251.5,200,1,3251.6,28,1,3251.7,29,2,3251.8,73,3
11536,2025-12-30 14:31:23+05:30,3251.2,3,3253.21,1619754,91415.0,109461.0,3250.0,3267.5,3239.8,3251.5,47044900,3576.6,2926.4,4322.95,2866.6,3250.1,137,6,3250.0,49,3,3249.9,65,2,3249.8,97,4,3249.7,100,2,3251.4,83,4,3251.5,200,1,3251.6,28,1,3251.7,29,2,3251.8,73,3
11536,2025-12-30 14:31:24+05:30,3250.1,5,3253.21,1619894,91345.0,109478.0,3250.0,3267.5,3239.8,3251.5,47044900,3576.6,2926.4,4322.95,2866.6,3250.2,56,2,3250.1,89,4,3250.0,79,5,3249.9,65,2,3249.8,93,3,3251.4,52,3,3251.5,200,1,3251.6,74,2,3251.7,78,4,3251.8,73,3
11536,2025-12-30 14:31:24+05:30,3250.1,5,3253.21,1619894,91345.0,109478.0,3250.0,3267.5,3239.8,3251.5,47044900,3576.6,2926.4,4322.95,2866.6,3250.2,56,2,3250.1,89,4,3250.0,79,5,3249.9,65,2,3249.8,93,3,3251.4,52,3,3251.5,200,1,3251.6,74,2,3251.7,78,4,3251.8,73,3
11536,2025-12-30 14:31:25+05:30,3251.4,1,3253.21,1619895,90706.0,109336.0,3250.0,3267.5,3239.8,3251.5,47044900,3576.6,2926.4,4322.95,2866.6,3251.2,1,1,3250.4,21,1,3250.2,120,3,3250.1,75,3,3250.0,60,4,3251.4,62,3,3251.5,200,1,3251.6,98,3,3251.7,88,5,3251.8,110,4
11536,2025-12-30 14:31:25+05:30,3251.4,1,3253.21,1619895,90706.0,109336.0,3250.0,3267.5,3239.8,3251.5,47044900,3576.6,2926.4,4322.95,2866.6,3251.2,1,1,3250.4,21,1,3250.2,120,3,3250.1,75,3,3250.0,60,4,3251.4,62,3,3251.5,200,1,3251.6,98,3,3251.7,88,5,3251.8,110,4
11536,2025-12-30 14:31:26+05:30,3251.4,1,3253.21,1619896,90500.0,109367.0,3250.0,3267.5,3239.8,3251.5,47044900,3576.6,2926.4,4322.95,2866.6,3251.2,1,1,3250.4,21,1,3250.2,120,3,3250.1,39,1,3250.0,61,5,3251.4,22,2,3251.5,231,2,3251.6,46,1,3251.7,65,4,3251.8,95,4
11536,2025-12-30 14:31:26+05:30,3251.4,1,3253.21,1619896,90500.0,109367.0,3250.0,3267.5,3239.8,3251.5,47044900,3576.6,2926.4,4322.95,2866.6,3251.2,1,1,3250.4,21,1,3250.2,120,3,3250.1,39,1,3250.0,61,5,3251.4,22,2,3251.5,231,2,3251.6,46,1,3251.7,65,4,3251.8,95,4
11536,2025-12-30 14:31:27+05:30,3251.2,1,3253.21,1619897,90598.0,109405.0,3250.0,3267.5,3239.8,3251.5,47044900,3576.6,2926.4,4322.95,2866.6,3251.2,45,1,3250.4,21,1,3250.3,61,1,3250.2,120,3,3250.1,39,1,3251.5,200,1,3251.7,3,1,3251.8,118,5,3251.9,283,4,3252.0,95,5
11536,2025-12-30 14:31:27+05:30,3251.2,1,3253.21,1619897,90598.0,109405.0,3250.0,3267.5,3239.8,3251.5,47044900,3576.6,2926.4,4322.95,2866.6,3251.2,45,1,3250.4,21,1,3250.3,61,1,3250.2,120,3,3250.1,39,1,3251.5,200,1,3251.7,3,1,3251.8,118,5,3251.9,283,4,3252.0,95,5
11536,2025-12-30 14:31:28+05:30,3251.2,39,3253.21,1619897,90598.0,109405.0,3250.0,3267.5,3239.8,3251.5,47044900,3576.6,2926.4,4322.95,2866.6,3251.2,45,1,3250.4,21,1,3250.3,61,1,3250.2,120,3,3250.1,39,1,3251.5,200,1,3251.7,3,1,3251.8,118,5,3251.9,283,4,3252.0,95,5
11536,2025-12-30 14:31:29+05:30,3251.2,39,3253.21,1619939,88144.0,109394.0,3250.0,3267.5,3239.8,3251.5,47044900,3576.6,2926.4,4322.95,2866.6,3251.2,5,3,3250.4,21,1,3250.3,66,2,3250.2,97,4,3250.1,39,1,3251.5,265,4,3251.6,54,3,3251.7,3,1,3251.8,87,4,3251.9,341,6
11536,2025-12-30 14:31:29+05:30,3251.2,1,3253.21,1619939,88144.0,109394.0,3250.0,3267.5,3239.8,3251.5,47044900,3576.6,2926.4,4322.95,2866.6,3251.2,5,3,3250.4,21,1,3250.3,66,2,3250.2,97,4,3250.1,39,1,3251.5,265,4,3251.6,54,3,3251.7,3,1,3251.8,87,4,3251.9,341,6
11536,2025-12-30 14:31:30+05:30,3251.2,1,3253.21,1620036,88510.0,110073.0,3250.0,3267.5,3239.8,3251.5,47044900,3576.6,2926.4,4322.95,2866.6,3250.3,5,1,3250.2,14,2,3250.0,162,7,3249.9,39,1,3249.8,22,1,3251.3,126,4,3251.4,200,4,3251.5,228,4,3251.6,94,4,3251.7,122,5
11536,2025-12-30 14:31:31+05:30,3251.2,1,3253.21,1620036,88573.0,110167.0,3250.0,3267.5,3239.8,3251.5,47044900,3576.6,2926.4,4322.95,2866.6,3250.3,5,1,3250.2,14,2,3250.0,162,7,3249.8,22,1,3249.6,54,4,3251.1,98,4,3251.2,56,2,3251.3,70,3,3251.4,236,6,3251.5,247,3
11536,2025-12-30 14:31:31+05:30,3251.1,2,3253.21,1620036,88573.0,110167.0,3250.0,3267.5,3239.8,3251.5,47044900,3576.6,2926.4,4322.95,2866.6,3250.3,5,1,3250.2,14,2,3250.0,162,7,3249.8,22,1,3249.6,54,4,3251.1,98,4,3251.2,56,2,3251.3,70,3,3251.4,236,6,3251.5,247,3
11536,2025-12-30 14:31:32+05:30,3251.1,2,3253.21,1620039,88572.0,109163.0,3250.0,3267.5,3239.8,3251.5,47044900,3576.6,2926.4,4322.95,2866.6,3250.3,5,1,3250.2,14,2,3250.0,162,7,3249.8,22,1,3249.6,54,4,3251.1,125,6,3251.2,66,3,3251.3,60,2,3251.4,175,5,3251.5,247,3
11536,2025-12-30 14:31:32+05:30,3249.6,33,3253.21,1620039,88572.0,109163.0,3250.0,3267.5,3239.8,3251.5,47044900,3576.6,2926.4,4322.95,2866.6,3250.3,5,1,3250.2,14,2,3250.0,162,7,3249.8,22,1,3249.6,54,4,3251.1,125,6,3251.2,66,3,3251.3,60,2,3251.4,175,5,3251.5,247,3
11536,2025-12-30 14:31:33+05:30,3249.9,1,3253.21,1621098,87577.0,109231.0,3250.0,3267.5,3239.8,3251.5,47044900,3576.6,2926.4,4322.95,2866.6,3249.9,16,1,3249.8,36,2,3249.7,36,2,3249.6,75,3,3249.4,45,4,3250.9,106,5,3251.0,38,3,3251.1,42,2,3251.2,57,2,3251.3,52,2
11536,2025-12-30 14:31:33+05:30,3249.9,1,3253.21,1621098,87577.0,109231.0,3250.0,3267.5,3239.8,3251.5,47044900,3576.6,2926.4,4322.95,2866.6,3249.9,16,1,3249.8,36,2,3249.7,36,2,3249.6,75,3,3249.4,45,4,3250.9,106,5,3251.0,38,3,3251.1,42,2,3251.2,57,2,3251.3,52,2
11536,2025-12-30 14:31:34+05:30,3249.9,1,3253.21,1621098,87808.0,109814.0,3250.0,3267.5,3239.8,3251.5,47044900,3576.6,2926.4,4322.95,2866.6,3249.9,22,1,3249.8,36,2,3249.7,60,3,3249.6,101,4,3249.5,98,3,3250.9,80,3,3251.0,20,2,3251.1,22,1,3251.2,39,1,3251.3,31,2
11536,2025-12-30 14:31:34+05:30,3250.9,5,3253.21,1621098,87808.0,109814.0,3250.0,3267.5,3239.8,3251.5,47044900,3576.6,2926.4,4322.95,2866.6,3249.9,22,1,3249.8,36,2,3249.7,60,3,3249.6,101,4,3249.5,98,3,3250.9,80,3,3251.0,20,2,3251.1,22,1,3251.2,39,1,3251.3,31,2
11536,2025-12-30 14:31:35+05:30,3250.9,1,3253.21,1621146,89064.0,109190.0,3250.0,3267.5,3239.8,3251.5,47044900,3576.6,2926.4,4322.95,2866.6,3249.7,54,3,3249.6,86,4,3249.4,39,4,3249.3,244,4,3249.2,232,7,3250.9,88,4,3251.1,20,1,3251.2,57,2,3251.3,74,3,3251.4,151,6
11536,2025-12-30 14:31:35+05:30,3249.7,3,3253.21,1621146,89064.0,109190.0,3250.0,3267.5,3239.8,3251.5,47044900,3576.6,2926.4,4322.95,2866.6,3249.7,54,3,3249.6,86,4,3249.4,39,4,3249.3,244,4,3249.2,232,7,3250.9,88,4,3251.1,20,1,3251.2,57,2,3251.3,74,3,3251.4,151,6
11536,2025-12-30 14:31:36+05:30,3249.7,3,3253.21,1621149,87432.0,109930.0,3250.0,3267.5,3239.8,3251.5,47044900,3576.6,2926.4,4322.95,2866.6,3249.7,70,2,3249.6,20,1,3249.4,40,5,3249.3,244,4,3249.2,51,5,3250.9,88,4,3251.0,19,1,3251.1,49,2,3251.2,82,4,3251.3,234,5
11536,2025-12-30 14:31:36+05:30,3249.7,13,3253.21,1621149,87432.0,109930.0,3250.0,3267.5,3239.8,3251.5,47044900,3576.6,2926.4,4322.95,2866.6,3249.7,70,2,3249.6,20,1,3249.4,40,5,3249.3,244,4,3249.2,51,5,3250.9,88,4,3251.0,19,1,3251.1,49,2,3251.2,82,4,3251.3,234,5
11536,2025-12-30 14:31:37+05:30,3250.9,1,3253.21,1621163,87623.0,109767.0,3250.0,3267.5,3239.8,3251.5,47044900,3576.6,2926.4,4322.95,2866.6,3249.8,114,5,3249.7,95,3,3249.6,46,2,3249.5,72,3,3249.4,69,6,3250.9,13,1,3251.2,42,2,3251.3,77,4,3251.4,190,3,3251.5,235,4
11536,2025-12-30 14:31:37+05:30,3250.9,1,3253.21,1621163,87623.0,109767.0,3250.0,3267.5,3239.8,3251.5,47044900,3576.6,2926.4,4322.95,2866.6,3249.8,114,5,3249.7,95,3,3249.6,46,2,3249.5,72,3,3249.4,69,6,3250.9,13,1,3251.2,42,2,3251.3,77,4,3251.4,190,3,3251.5,235,4
11536,2025-12-30 14:31:38+05:30,3250.9,4,3253.21,1621167,89239.0,109804.0,3250.0,3267.5,3239.8,3251.5,47044900,3576.6,2926.4,4322.95,2866.6,3249.8,199,9,3249.7,66,3,3249.6,46,2,3249.5,72,3,3249.4,69,6,3250.9,9,1,3251.2,42,2,3251.3,52,3,3251.4,190,3,3251.5,229,3
11536,2025-12-30 14:31:38+05:30,3249.8,12,3253.21,1621167,89239.0,109804.0,3250.0,3267.5,3239.8,3251.5,47044900,3576.6,2926.4,4322.95,2866.6,3249.8,199,9,3249.7,66,3,3249.6,46,2,3249.5,72,3,3249.4,69,6,3250.9,9,1,3251.2,42,2,3251.3,52,3,3251.4,190,3,3251.5,229,3
11536,2025-12-30 14:31:39+05:30,3249.8,12,3253.21,1621206,89269.0,109798.0,3250.0,3267.5,3239.8,3251.5,47044900,3576.6,2926.4,4322.95,2866.6,3250.0,11,1,3249.9,89,6,3249.8,124,5,3249.7,57,2,3249.6,71,3,3250.9,9,1,3251.2,3,1,3251.3,52,3,3251.4,42,2,3251.5,229,3
11536,2025-12-30 14:31:39+05:30,3250.9,9,3253.21,1621206,89269.0,109798.0,3250.0,3267.5,3239.8,3251.5,47044900,3576.6,2926.4,4322.95,2866.6,3250.0,11,1,3249.9,89,6,3249.8,124,5,3249.7,57,2,3249.6,71,3,3250.9,9,1,3251.2,3,1,3251.3,52,3,3251.4,42,2,3251.5,229,3
11536,2025-12-30 14:31:40+05:30,3250.9,9,3253.21,1621215,90436.0,109725.0,3250.0,3267.5,3239.8,3251.5,47044900,3576.6,2926.4,4322.95,2866.6,3250.9,4,1,3250.2,20,1,3250.0,94,3,3249.9,62,4,3249.8,171,6,3251.5,230,2,3251.6,31,2,3251.7,26,2,3251.8,47,2,3251.9,312,6
11536,2025-12-30 14:31:41+05:30,3251.5,1,3253.21,1621216,90518.0,109758.0,3250.0,3267.5,3239.8,3251.5,47044900,3576.6,2926.4,4322.95,2866.6,3250.9,51,2,3250.2,37,2,3250.1,83,2,3250.0,127,5,3249.9,53,3,3251.5,197,1,3251.6,24,1,3251.7,37,2,3251.8,47,2,3251.9,303,6
11536,2025-12-30 14:31:41+05:30,3251.5,1,3253.21,1621216,90518.0,109758.0,3250.0,3267.5,3239.8,3251.5,47044900,3576.6,2926.4,4322.95,2866.6,3250.9,51,2,3250.2,37,2,3250.1,83,2,3250.0,127,5,3249.9,53,3,3251.5,197,1,3251.6,24,1,3251.7,37,2,3251.8,47,2,3251.9,303,6
11536,2025-12-30 14:31:42+05:30,3251.5,1,3253.21,1621216,90466.0,109763.0,3250.0,3267.5,3239.8,3251.5,47044900,3576.6,2926.4,4322.95,2866.6,3250.9,51,2,3250.2,40,3,3250.1,83,2,3250.0,173,6,3249.9,53,3,3251.5,197,1,3251.6,46,2,3251.7,37,2,3251.8,47,2,3251.9,324,7
11536,2025-12-30 14:31:42+05:30,3251.5,3,3253.21,1621216,90466.0,109763.0,3250.0,3267.5,3239.8,3251.5,47044900,3576.6,2926.4,4322.95,2866.6,3250.9,51,2,3250.2,40,3,3250.1,83,2,3250.0,173,6,3249.9,53,3,3251.5,197,1,3251.6,46,2,3251.7,37,2,3251.8,47,2,3251.9,324,7
11536,2025-12-30 14:31:43+05:30,3250.9,1,3253.21,1621220,90502.0,109843.0,3250.0,3267.5,3239.8,3251.5,47044900,3576.6,2926.4,4322.95,2866.6,3250.9,51,3,3250.2,40,3,3250.1,93,3,3250.0,173,6,3249.9,79,4,3251.5,194,1,3251.7,59,3,3251.8,1,1,3251.9,407,9,3252.0,23,2
11536,2025-12-30 14:31:43+05:30,3250.9,1,3253.21,1621220,90502.0,109843.0,3250.0,3267.5,3239.8,3251.5,47044900,3576.6,2926.4,4322.95,2866.6,3250.9,51,3,3250.2,40,3,3250.1,93,3,3250.0,173,6,3249.9,79,4,3251.5,194,1,3251.7,59,3,3251.8,1,1,3251.9,407,9,3252.0,23,2
11536,2025-12-30 14:31:44+05:30,3250.9,1,3253.21,1621220,90493.0,109846.0,3250.0,3267.5,3239.8,3251.5,47044900,3576.6,2926.4,4322.95,2866.6,3250.9,51,3,3250.5,3,1,3250.2,40,3,3250.1,111,4,3250.0,173,6,3251.5,194,1,3251.7,59,3,3251.8,1,1,3251.9,407,9,3252.0,23,2
11536,2025-12-30 14:31:45+05:30,3251.5,1,3253.21,1621221,90528.0,109879.0,3250.0,3267.5,3239.8,3251.5,47044900,3576.6,2926.4,4322.95,2866.6,3250.9,51,3,3250.5,3,1,3250.2,40,3,3250.1,111,4,3250.0,173,6,3251.5,203,2,3251.6,52,2,3251.7,65,3,3251.8,20,2,3251.9,349,7
11536,2025-12-30 14:31:45+05:30,3250.9,1,3253.21,1621221,90528.0,109879.0,3250.0,3267.5,3239.8,3251.5,47044900,3576.6,2926.4,4322.95,2866.6,3250.9,51,3,3250.5,3,1,3250.2,40,3,3250.1,111,4,3250.0,173,6,3251.5,203,2,3251.6,52,2,3251.7,65,3,3251.8,20,2,3251.9,349,7
11536,2025-12-30 14:31:46+05:30,3251.4,1,3253.21,1621273,88088.0,109863.0,3250.0,3267.5,3239.8,3251.5,47044900,3576.6,2926.4,4322.95,2866.6,3250.9,5,2,3250.5,3,1,3250.2,20,1,3250.1,10,1,3250.0,42,3,3251.4,152,6,3251.5,216,3,3251.6,86,4,3251.7,86,5,3251.8,61,3
11536,2025-12-30 14:31:46+05:30,3251.4,23,3253.21,1621273,88088.0,109863.0,3250.0,3267.5,3239.8,3251.5,47044900,3576.6,2926.4,4322.95,2866.6,3250.9,5,2,3250.5,3,1,3250.2,20,1,3250.1,10,1,3250.0,42,3,3251.4,152,6,3251.5,216,3,3251.6,86,4,3251.7,86,5,3251.8,61,3
11536,2025-12-30 14:31:47+05:30,3251.4,23,3253.21,1621296,88102.0,109849.0,3250.0,3267.5,3239.8,3251.5,47044900,3576.6,2926.4,4322.95,2866.6,3250.9,8,2,3250.5,3,1,3250.2,20,1,3250.1,10,1,3250.0,69,5,3251.4,129,6,3251.5,216,3,3251.6,86,4,3251.7,86,5,3251.8,61,3
11536,2025-12-30 14:31:47+05:30,3250.0,64,3253.21,1621296,88102.0,109849.0,3250.0,3267.5,3239.8,3251.5,47044900,3576.6,2926.4,4322.95,2866.6,3250.9,8,2,3250.5,3,1,3250.2,20,1,3250.1,10,1,3250.0,69,5,3251.4,129,6,3251.5,216,3,3251.6,86,4,3251.7,86,5,3251.8,61,3
11536,2025-12-30 14:31:48+05:30,3251.1,1,3253.21,1622356,89102.0,109228.0,3250.0,3267.5,3239.8,3251.5,47044900,3576.6,2926.4,4322.95,2866.6,3250.0,6,1,3249.9,17,2,3249.8,12,1,3249.7,25,2,3249.6,35,2,3251.1,141,5,3251.2,21,1,3251.3,47,2,3251.4,226,4,3251.5,285,3
11536,2025-12-30 14:31:48+05:30,3249.9,40,3253.21,1622356,89102.0,109228.0,3250.0,3267.5,3239.8,3251.5,47044900,3576.6,2926.4,4322.95,2866.6,3250.0,6,1,3249.9,17,2,3249.8,12,1,3249.7,25,2,3249.6,35,2,3251.1,141,5,3251.2,21,1,3251.3,47,2,3251.4,226,4,3251.5,285,3
11536,2025-12-30 14:31:49+05:30,3249.9,3,3253.21,1622431,89314.0,110038.0,3250.0,3267.5,3239.8,3251.5,47044900,3576.6,2926.4,4322.95,2866.6,3250.0,49,1,3249.9,8,1,3249.8,12,1,3249.7,3,1,3249.6,27,1,3250.9,64,3,3251.0,50,3,3251.1,97,2,3251.2,148,4,3251.3,144,3
11536,2025-12-30 14:31:49+05:30,3251.0,8,3253.21,1622431,89314.0,110038.0,3250.0,3267.5,3239.8,3251.5,47044900,3576.6,2926.4,4322.95,2866.6,3250.0,49,1,3249.9,8,1,3249.8,12,1,3249.7,3,1,3249.6,27,1,3250.9,64,3,3251.0,50,3,3251.1,97,2,3251.2,148,4,3251.3,144,3
11536,2025-12-30 14:31:50+05:30,3251.0,8,3253.21,1622557,89325.0,109478.0,3250.0,3267.5,3239.8,3251.5,47044900,3576.6,2926.4,4322.95,2866.6,3250.0,49,1,3249.9,8,1,3249.8,12,1,3249.7,3,1,3249.6,47,2,3251.0,48,4,3251.1,36,1,3251.2,41,2,3251.3,37,1,3251.4,63,4
11536,2025-12-30 14:31:51+05:30,3251.0,8,3253.21,1622557,89333.0,109478.0,3250.0,3267.5,3239.8,3251.5,47044900,3576.6,2926.4,4322.95,2866.6,3250.0,49,1,3249.9,8,1,3249.8,12,1,3249.7,3,1,3249.6,47,2,3251.0,48,4,3251.1,36,1,3251.2,41,2,3251.3,37,1,3251.4,63,4
11536,2025-12-30 14:31:51+05:30,3251.0,15,3253.21,1622557,89333.0,109478.0,3250.0,3267.5,3239.8,3251.5,47044900,3576.6,2926.4,4322.95,2866.6,3250.0,49,1,3249.9,8,1,3249.8,12,1,3249.7,3,1,3249.6,47,2,3251.0,48,4,3251.1,36,1,3251.2,41,2,3251.3,37,1,3251.4,63,4
11536,2025-12-30 14:31:52+05:30,3251.3,4,3253.21,1622757,90231.0,109208.0,3250.0,3267.5,3239.8,3251.5,47044900,3576.6,2926.4,4322.95,2866.6,3250.2,130,6,3250.1,34,3,3250.0,114,5,3249.9,64,4,3249.8,166,5,3251.5,193,1,3251.7,3,1,3251.8,1,1,3251.9,286,4,3252.0,11,3
11536,2025-12-30 14:31:52+05:30,3251.3,4,3253.21,1622757,90231.0,109208.0,3250.0,3267.5,3239.8,3251.5,47044900,3576.6,2926.4,4322.95,2866.6,3250.2,130,6,3250.1,34,3,3250.0,114,5,3249.9,64,4,3249.8,166,5,3251.5,193,1,3251.7,3,1,3251.8,1,1,3251.9,286,4,3252.0,11,3
11536,2025-12-30 14:31:53+05:30,3251.0,1,3253.21,1622758,90091.0,109304.0,3250.0,3267.5,3239.8,3251.5,47044900,3576.6,2926.4,4322.95,2866.6,3250.3,48,2,3250.2,131,3,3250.1,10,1,3250.0,73,3,3249.9,8,1,3251.0,13,1,3251.5,240,4,3251.7,116,5,3251.8,22,2,3251.9,308,5
11536,2025-12-30 14:31:53+05:30,3251.0,1,3253.21,1622758,90091.0,109304.0,3250.0,3267.5,3239.8,3251.5,47044900,3576.6,2926.4,4322.95,2866.6,3250.3,48,2,3250.2,131,3,3250.1,10,1,3250.0,73,3,3249.9,8,1,3251.0,13,1,3251.5,240,4,3251.7,116,5,3251.8,22,2,3251.9,308,5
11536,2025-12-30 14:31:54+05:30,3250.3,1,3253.21,1622759,90845.0,109511.0,3250.0,3267.5,3239.8,3251.5,47044900,3576.6,2926.4,4322.95,2866.6,3250.3,106,6,3250.2,104,3,3250.0,84,4,3249.9,183,2,3249.8,303,6,3251.0,13,1,3251.5,240,4,3251.7,24,3,3251.8,22,2,3251.9,308,5
11536,2025-12-30 14:31:54+05:30,3250.3,1,3253.21,1622759,90845.0,109511.0,3250.0,3267.5,3239.8,3251.5,47044900,3576.6,2926.4,4322.95,2866.6,3250.3,106,6,3250.2,104,3,3250.0,84,4,3249.9,183,2,3249.8,303,6,3251.0,13,1,3251.5,240,4,3251.7,24,3,3251.8,22,2,3251.9,308,5
11536,2025-12-30 14:31:55+05:30,3251.5,164,3253.21,1622759,90845.0,109511.0,3250.0,3267.5,3239.8,3251.5,47044900,3576.6,2926.4,4322.95,2866.6,3250.3,106,6,3250.2,104,3,3250.0,84,4,3249.9,183,2,3249.8,303,6,3251.0,13,1,3251.5,240,4,3251.7,24,3,3251.8,22,2,3251.9,308,5
11536,2025-12-30 14:31:55+05:30,3251.5,164,3253.21,1622936,90895.0,109112.0,3250.0,3267.5,3239.8,3251.5,47044900,3576.6,2926.4,4322.95,2866.6,3251.0,21,2,3250.5,31,1,3250.4,103,4,3250.3,40,4,3250.2,95,2,3251.5,29,1,3251.7,43,2,3251.8,1,1,3251.9,262,4,3252.0,48,4
11536,2025-12-30 14:31:56+05:30,3251.5,164,3253.21,1622936,89077.0,109151.0,3250.0,3267.5,3239.8,3251.5,47044900,3576.6,2926.4,4322.95,2866.6,3251.1,59,3,3251.0,21,2,3250.6,37,1,3250.5,31,1,3250.4,68,4,3251.5,29,1,3251.6,10,1,3251.7,12,1,3251.8,1,1,3251.9,262,4
11536,2025-12-30 14:31:57+05:30,3251.5,1,3253.21,1622936,89077.0,109151.0,3250.0,3267.5,3239.8,3251.5,47044900,3576.6,2926.4,4322.95,2866.6,3251.1,59,3,3251.0,21,2,3250.6,37,1,3250.5,31,1,3250.4,68,4,3251.5,29,1,3251.6,10,1,3251.7,12,1,3251.8,1,1,3251.9,262,4
11536,2025-12-30 14:31:57+05:30,3251.5,3,3253.21,1622940,89030.0,109142.0,3250.0,3267.5,3239.8,3251.5,47044900,3576.6,2926.4,4322.95,2866.6,3251.1,59,3,3251.0,21,2,3250.7,21,1,3250.6,21,1,3250.5,31,1,3251.5,25,1,3251.6,10,1,3251.8,1,1,3251.9,240,3,3252.0,5,2
11536,2025-12-30 14:31:58+05:30,3251.1,39,3253.21,1622940,89030.0,109142.0,3250.0,3267.5,3239.8,3251.5,47044900,3576.6,2926.4,4322.95,2866.6,3251.1,59,3,3251.0,21,2,3250.7,21,1,3250.6,21,1,3250.5,31,1,3251.5,25,1,3251.6,10,1,3251.8,1,1,3251.9,240,3,3252.0,5,2
11536,2025-12-30 14:31:58+05:30,3251.1,39,3253.21,1622982,88947.0,109277.0,3250.0,3267.5,3239.8,3251.5,47044900,3576.6,2926.4,4322.95,2866.6,3251.1,103,4,3251.0,20,1,3250.7,21,1,3250.6,58,2,3250.5,77,2,3251.5,24,1,3251.8,1,1,3251.9,240,3,3252.0,5,2,3252.1,19,1
11536,2025-12-30 14:31:59+05:30,3251.5,1,3253.21,1622982,88947.0,109277.0,3250.0,3267.5,3239.8,3251.5,47044900,3576.6,2926.4,4322.95,2866.6,3251.1,103,4,3251.0,20,1,3250.7,21,1,3250.6,58,2,3250.5,77,2,3251.5,24,1,3251.8,1,1,3251.9,240,3,3252.0,5,2,3252.1,19,1
11536,2025-12-30 14:32:00+05:30,3251.5,1,3253.21,1622983,88947.0,109349.0,3250.0,3267.5,3239.8,3251.5,47044900,3576.6,2926.4,4322.95,2866.6,3251.1,103,4,3251.0,20,1,3250.7,21,1,3250.6,58,2,3250.5,77,2,3251.5,28,2,3251.8,1,1,3251.9,271,4,3252.0,42,3,3252.1,19,1
11536,2025-12-30 14:32:01+05:30,3251.5,1,3253.21,1622983,88963.0,109349.0,3250.0,3267.5,3239.8,3251.5,47044900,3576.6,2926.4,4322.95,2866.6,3251.1,103,4,3251.0,20,1,3250.7,21,1,3250.6,58,2,3250.5,77,2,3251.5,28,2,3251.8,1,1,3251.9,271,4,3252.0,42,3,3252.1,19,1
11536,2025-12-30 14:32:01+05:30,3251.5,1,3253.21,1622983,88963.0,109349.0,3250.0,3267.5,3239.8,3251.5,47044900,3576.6,2926.4,4322.95,2866.6,3251.1,103,4,3251.0,20,1,3250.7,21,1,3250.6,58,2,3250.5,77,2,3251.5,28,2,3251.8,1,1,3251.9,271,4,3252.0,42,3,3252.1,19,1
11536,2025-12-30 14:32:02+05:30,3251.5,1,3253.21,1622986,89004.0,109376.0,3250.0,3267.5,3239.8,3251.5,47044900,3576.6,2926.4,4322.95,2866.6,3251.1,103,4,3251.0,74,2,3250.4,33,3,3250.3,18,3,3250.2,78,3,3251.5,25,2,3251.7,31,1,3251.8,1,1,3251.9,290,5,3252.0,89,5
11536,2025-12-30 14:32:02+05:30,3250.2,164,3253.21,1622986,89004.0,109376.0,3250.0,3267.5,3239.8,3251.5,47044900,3576.6,2926.4,4322.95,2866.6,3251.1,103,4,3251.0,74,2,3250.4,33,3,3250.3,18,3,3250.2,78,3,3251.5,25,2,3251.7,31,1,3251.8,1,1,3251.9,290,5,3252.0,89,5
11536,2025-12-30 14:32:03+05:30,3251.5,5,3253.21,1624049,90497.0,108956.0,3250.0,3267.5,3239.8,3251.5,47044900,3576.6,2926.4,4322.95,2866.6,3250.5,17,1,3250.4,116,5,3250.3,57,2,3250.2,67,4,3250.1,212,4,3251.5,20,2,3251.8,40,2,3251.9,248,3,3252.0,5,2,3252.1,44,2
11536,2025-12-30 14:32:03+05:30,3251.5,5,3253.21,1624049,90497.0,108956.0,3250.0,3267.5,3239.8,3251.5,47044900,3576.6,2926.4,4322.95,2866.6,3250.5,17,1,3250.4,116,5,3250.3,57,2,3250.2,67,4,3250.1,212,4,3251.5,20,2,3251.8,40,2,3251.9,248,3,3252.0,5,2,3252.1,44,2
11536,2025-12-30 14:32:04+05:30,3251.5,5,3253.21,1624049,90592.0,109128.0,3250.0,3267.5,3239.8,3251.5,47044900,3576.6,2926.4,4322.95,2866.6,3250.5,36,2,3250.4,72,3,3250.3,19,1,3250.2,59,2,3250.1,153,1,3251.5,76,5,3251.6,41,2,3251.7,60,2,3251.8,85,4,3251.9,380,7
11536,2025-12-30 14:32:04+05:30,3251.5,26,3253.21,1624049,90592.0,109128.0,3250.0,3267.5,3239.8,3251.5,47044900,3576.6,2926.4,4322.95,2866.6,3250.5,36,2,3250.4,72,3,3250.3,19,1,3250.2,59,2,3250.1,153,1,3251.5,76,5,3251.6,41,2,3251.7,60,2,3251.8,85,4,3251.9,380,7
11536,2025-12-30 14:32:05+05:30,3251.5,1,3253.21,1624097,90508.0,109211.0,3250.0,3267.5,3239.8,3251.5,47044900,3576.6,2926.4,4322.95,2866.6,3250.9,2,1,3250.5,20,1,3250.4,16,1,3250.3,43,2,3250.2,120,4,3251.5,3,1,3251.7,31,1,3251.8,79,4,3251.9,271,4,3252.0,51,3
11536,2025-12-30 14:32:05+05:30,3251.5,1,3253.21,1624097,90508.0,109211.0,3250.0,3267.5,3239.8,3251.5,47044900,3576.6,2926.4,4322.95,2866.6,3250.9,2,1,3250.5,20,1,3250.4,16,1,3250.3,43,2,3250.2,120,4,3251.5,3,1,3251.7,31,1,3251.8,79,4,3251.9,271,4,3252.0,51,3
11536,2025-12-30 14:32:06+05:30,3251.5,7,3253.21,1624104,90560.0,109207.0,3250.0,3267.5,3239.8,3251.5,47044900,3576.6,2926.4,4322.95,2866.6,3250.9,3,2,3250.5,2,1,3250.4,17,2,3250.3,20,1,3250.2,50,2,3251.5,5,1,3251.8,110,5,3251.9,271,4,3252.0,70,4,3252.1,21,1
11536,2025-12-30 14:32:06+05:30,3251.5,7,3253.21,1624104,90560.0,109207.0,3250.0,3267.5,3239.8,3251.5,47044900,3576.6,2926.4,4322.95,2866.6,3250.9,3,2,3250.5,2,1,3250.4,17,2,3250.3,20,1,3250.2,50,2,3251.5,5,1,3251.8,110,5,3251.9,271,4,3252.0,70,4,3252.1,21,1
11536,2025-12-30 14:32:07+05:30,3251.5,7,3253.21,1624104,88858.0,109284.0,3250.0,3267.5,3239.8,3251.5,47044900,3576.6,2926.4,4322.95,2866.6,3250.9,3,2,3250.5,2,1,3250.4,17,2,3250.3,20,1,3250.2,50,2,3251.5,5,1,3251.7,71,3,3251.8,131,6,3251.9,271,4,3252.0,91,5
11536,2025-12-30 14:32:07+05:30,3251.5,2,3253.21,1624104,88858.0,109284.0,3250.0,3267.5,3239.8,3251.5,47044900,3576.6,2926.4,4322.95,2866.6,3250.9,3,2,3250.5,2,1,3250.4,17,2,3250.3,20,1,3250.2,50,2,3251.5,5,1,3251.7,71,3,3251.8,131,6,3251.9,271,4,3252.0,91,5
11536,2025-12-30 14:32:08+05:30,3251.5,4,3253.21,1624110,88837.0,109339.0,3250.0,3267.5,3239.8,3251.5,47044900,3576.6,2926.4,4322.95,2866.6,3250.9,3,2,3250.5,2,1,3250.4,17,2,3250.3,20,1,3250.2,22,1,3251.5,5,1,3251.7,71,3,3251.8,131,6,3251.9,248,3,3252.0,112,6
11536,2025-12-30 14:32:08+05:30,3250.9,1,3253.21,1624110,88837.0,109339.0,3250.0,3267.5,3239.8,3251.5,47044900,3576.6,2926.4,4322.95,2866.6,3250.9,3,2,3250.5,2,1,3250.4,17,2,3250.3,20,1,3250.2,22,1,3251.5,5,1,3251.7,71,3,3251.8,131,6,3251.9,248,3,3252.0,112,6
11536,2025-12-30 14:32:09+05:30,3250.9,1,3253.21,1624113,90766.0,109309.0,3250.0,3267.5,3239.8,3251.5,47044900,3576.6,2926.4,4322.95,2866.6,3250.5,2,1,3250.4,21,2,3250.3,31,1,3250.2,82,2,3250.1,224,4,3250.9,1,1,3251.5,5,1,3251.7,39,1,3251.8,207,4,3251.9,248,3
11536,2025-12-30 14:32:09+05:30,3250.9,22,3253.21,1624113,90766.0,109309.0,3250.0,3267.5,3239.8,3251.5,47044900,3576.6,2926.4,4322.95,2866.6,3250.5,2,1,3250.4,21,2,3250.3,31,1,3250.2,82,2,3250.1,224,4,3250.9,1,1,3251.5,5,1,3251.7,39,1,3251.8,207,4,3251.9,248,3
11536,2025-12-30 14:32:10+05:30,3250.9,1,3253.21,1624151,90858.0,109347.0,3250.0,3267.5,3239.8,3251.5,47044900,3576.6,2926.4,4322.95,2866.6,3250.5,37,3,3250.4,67,3,3250.3,22,1,3250.1,197,3,3250.0,130,8,3250.9,3,1,3251.5,5,1,3251.7,39,1,3251.8,62,4,3251.9,248,3
11536,2025-12-30 14:32:10+05:30,3250.9,1,3253.21,1624151,90858.0,109347.0,3250.0,3267.5,3239.8,3251.5,47044900,3576.6,2926.4,4322.95,2866.6,3250.5,37,3,3250.4,67,3,3250.3,22,1,3250.1,197,3,3250.0,130,8,3250.9,3,1,3251.5,5,1,3251.7,39,1,3251.8,62,4,3251.9,248,3
11536,2025-12-30 14:32:11+05:30,3250.9,1,3253.21,1624152,90878.0,109325.0,3250.0,3267.5,3239.8,3251.5,47044900,3576.6,2926.4,4322.95,2866.6,3250.6,46,2,3250.5,91,5,3250.4,1,1,3250.2,91,3,3250.1,197,3,3250.9,2,1,3251.5,5,1,3251.7,39,1,3251.8,62,4,3251.9,248,3
11536,2025-12-30 14:32:11+05:30,3250.6,9,3253.21,1624152,90878.0,109325.0,3250.0,3267.5,3239.8,3251.5,47044900,3576.6,2926.4,4322.95,2866.6,3250.6,46,2,3250.5,91,5,3250.4,1,1,3250.2,91,3,3250.1,197,3,3250.9,2,1,3251.5,5,1,3251.7,39,1,3251.8,62,4,3251.9,248,3
11536,2025-12-30 14:32:12+05:30,3250.6,9,3253.21,1624164,90844.0,109303.0,3250.0,3267.5,3239.8,3251.5,47044900,3576.6,2926.4,4322.95,2866.6,3250.5,38,2,3250.4,1,1,3250.3,30,1,3250.2,21,1,3250.1,197,3,3251.5,5,1,3251.7,78,3,3251.8,43,3,3251.9,248,3,3252.0,115,6
11536,2025-12-30 14:32:12+05:30,3251.5,2,3253.21,1624164,90844.0,109303.0,3250.0,3267.5,3239.8,3251.5,47044900,3576.6,2926.4,4322.95,2866.6,3250.5,38,2,3250.4,1,1,3250.3,30,1,3250.2,21,1,3250.1,197,3,3251.5,5,1,3251.7,78,3,3251.8,43,3,3251.9,248,3,3252.0,115,6
11536,2025-12-30 14:32:13+05:30,3250.5,1,3253.21,1624168,90863.0,109325.0,3250.0,3267.5,3239.8,3251.5,47044900,3576.6,2926.4,4322.95,2866.6,3250.5,82,3,3250.4,1,1,3250.3,30,1,3250.2,21,1,3250.1,197,3,3251.5,2,1,3251.6,10,1,3251.7,78,3,3251.8,43,3,3251.9,248,3
11536,2025-12-30 14:32:13+05:30,3250.5,1,3253.21,1624168,90863.0,109325.0,3250.0,3267.5,3239.8,3251.5,47044900,3576.6,2926.4,4322.95,2866.6,3250.5,82,3,3250.4,1,1,3250.3,30,1,3250.2,21,1,3250.1,197,3,3251.5,2,1,3251.6,10,1,3251.7,78,3,3251.8,43,3,3251.9,248,3
11536,2025-12-30 14:32:14+05:30,3250.5,1,3253.21,1624168,90864.0,109133.0,3250.0,3267.5,3239.8,3251.5,47044900,3576.6,2926.4,4322.95,2866.6,3250.5,82,3,3250.4,1,1,3250.3,30,1,3250.2,21,1,3250.1,197,3,3251.5,27,2,3251.6,10,1,3251.7,78,3,3251.8,4,2,3251.9,248,3
11536,2025-12-30 14:32:14+05:30,3251.5,23,3253.21,1624168,90864.0,109133.0,3250.0,3267.5,3239.8,3251.5,47044900,3576.6,2926.4,4322.95,2866.6,3250.5,82,3,3250.4,1,1,3250.3,30,1,3250.2,21,1,3250.1,197,3,3251.5,27,2,3251.6,10,1,3251.7,78,3,3251.8,4,2,3251.9,248,3
11536,2025-12-30 14:32:15+05:30,3251.5,2,3253.21,1624195,90862.0,109185.0,3250.0,3267.5,3239.8,3251.5,47044900,3576.6,2926.4,4322.95,2866.6,3250.5,125,5,3250.4,11,2,3250.2,91,3,3250.1,197,3,3250.0,181,10,3251.5,5,1,3251.6,10,1,3251.7,39,1,3251.8,4,2,3251.9,248,3
11536,2025-12-30 14:32:15+05:30,3251.5,2,3253.21,1624195,90862.0,109185.0,3250.0,3267.5,3239.8,3251.5,47044900,3576.6,2926.4,4322.95,2866.6,3250.5,125,5,3250.4,11,2,3250.2,91,3,3250.1,197,3,3250.0,181,10,3251.5,5,1,3251.6,10,1,3251.7,39,1,3251.8,4,2,3251.9,248,3
11536,2025-12-30 14:32:16+05:30,3251.5,1,3253.21,1624196,90905.0,109133.0,3250.0,3267.5,3239.8,3251.5,47044900,3576.6,2926.4,4322.95,2866.6,3250.6,85,3,3250.5,84,5,3250.4,33,3,3250.2,45,2,3250.1,197,3,3251.5,4,1,3251.7,39,1,3251.8,4,2,3251.9,248,3,3252.0,72,4
11536,2025-12-30 14:32:16+05:30,3250.6,1,3253.21,1624196,90905.0,109133.0,3250.0,3267.5,3239.8,3251.5,47044900,3576.6,2926.4,4322.95,2866.6,3250.6,85,3,3250.5,84,5,3250.4,33,3,3250.2,45,2,3250.1,197,3,3251.5,4,1,3251.7,39,1,3251.8,4,2,3251.9,248,3,3252.0,72,4
11536,2025-12-30 14:32:17+05:30,3251.5,1,3253.21,1624198,90943.0,109236.0,3250.0,3267.5,3239.8,3251.5,47044900,3576.6,2926.4,4322.95,2866.6,3250.8,36,1,3250.7,46,2,3250.6,19,2,3250.5,68,5,3250.4,33,3,3251.5,3,1,3251.8,43,3,3251.9,228,2,3252.0,51,3,3252.1,28,2
11536,2025-12-30 14:32:17+05:30,3250.4,155,3253.21,1624198,90943.0,109236.0,3250.0,3267.5,3239.8,3251.5,47044900,3576.6,2926.4,4322.95,2866.6,3250.8,36,1,3250.7,46,2,3250.6,19,2,3250.5,68,5,3250.4,33,3,3251.5,3,1,3251.8,43,3,3251.9,228,2,3252.0,51,3,3252.1,28,2
11536,2025-12-30 14:32:18+05:30,3250.4,155,3253.2,1625258,90934.0,108776.0,3250.0,3267.5,3239.8,3251.5,47044900,3576.6,2926.4,4322.95,2866.6,3251.0,5,1,3250.7,36,1,3250.4,61,4,3250.3,26,2,3250.2,176,2,3251.5,3,1,3251.8,4,2,3251.9,228,2,3252.0,5,2,3252.2,102,4
11536,2025-12-30 14:32:18+05:30,3251.0,5,3253.2,1625258,90934.0,108776.0,3250.0,3267.5,3239.8,3251.5,47044900,3576.6,2926.4,4322.95,2866.6,3251.0,5,1,3250.7,36,1,3250.4,61,4,3250.3,26,2,3250.2,176,2,3251.5,3,1,3251.8,4,2,3251.9,228,2,3252.0,5,2,3252.2,102,4
11536,2025-12-30 14:32:19+05:30,3250.4,1,3253.2,1625264,91067.0,108733.0,3250.0,3267.5,3239.8,3251.5,47044900,3576.6,2926.4,4322.95,2866.6,3250.4,79,5,3250.3,72,3,3250.2,58,3,3250.1,288,5,3250.0,126,8,3251.0,4,1,3251.5,3,1,3251.8,4,2,3251.9,228,2,3252.0,91,5
11536,2025-12-30 14:32:19+05:30,3251.5,13,3253.2,1625264,91067.0,108733.0,3250.0,3267.5,3239.8,3251.5,47044900,3576.6,2926.4,4322.95,2866.6,3250.4,79,5,3250.3,72,3,3250.2,58,3,3250.1,288,5,3250.0,126,8,3251.0,4,1,3251.5,3,1,3251.8,4,2,3251.9,228,2,3252.0,91,5
11536,2025-12-30 14:32:20+05:30,3251.5,13,3253.2,1625311,91135.0,109047.0,3250.0,3267.5,3239.8,3251.5,47044900,3576.6,2926.4,4322.95,2866.6,3250.5,73,4,3250.4,129,5,3250.3,92,4,3250.2,51,3,3250.1,288,5,3251.5,5,1,3251.8,43,3,3251.9,228,2,3252.0,5,2,3252.1,22,1
11536,2025-12-30 14:32:20+05:30,3250.5,1,3253.2,1625311,91135.0,109047.0,3250.0,3267.5,3239.8,3251.5,47044900,3576.6,2926.4,4322.95,2866.6,3250.5,73,4,3250.4,129,5,3250.3,92,4,3250.2,51,3,3250.1,288,5,3251.5,5,1,3251.8,43,3,3251.9,228,2,3252.0,5,2,3252.1,22,1
11536,2025-12-30 14:32:21+05:30,3251.5,8,3253.2,1625320,91141.0,109044.0,3250.0,3267.5,3239.8,3251.5,47044900,3576.6,2926.4,4322.95,2866.6,3250.5,109,6,3250.4,93,4,3250.3,92,4,3250.2,51,3,3250.1,288,5,3251.5,2,1,3251.8,43,3,3251.9,228,2,3252.0,5,2,3252.1,22,1
11536,2025-12-30 14:32:21+05:30,3251.5,8,3253.2,1625320,91141.0,109044.0,3250.0,3267.5,3239.8,3251.5,47044900,3576.6,2926.4,4322.95,2866.6,3250.5,109,6,3250.4,93,4,3250.3,92,4,3250.2,51,3,3250.1,288,5,3251.5,2,1,3251.8,43,3,3251.9,228,2,3252.0,5,2,3252.1,22,1
11536,2025-12-30 14:32:22+05:30,3251.9,139,3253.2,1625504,91256.0,108298.0,3250.0,3267.5,3239.8,3251.5,47044900,3576.6,2926.4,4322.95,2866.6,3250.7,16,1,3250.6,114,5,3250.5,34,3,3250.4,113,5,3250.3,92,4,3251.9,89,2,3252.0,5,2,3252.1,22,1,3252.2,79,3,3252.3,23,3
11536,2025-12-30 14:32:22+05:30,3251.9,139,3253.2,1625504,91256.0,108298.0,3250.0,3267.5,3239.8,3251.5,47044900,3576.6,2926.4,4322.95,2866.6,3250.7,16,1,3250.6,114,5,3250.5,34,3,3250.4,113,5,3250.3,92,4,3251.9,89,2,3252.0,5,2,3252.1,22,1,3252.2,79,3,3252.3,23,3
11536,2025-12-30 14:32:23+05:30,3252.1,15,3253.2,1625610,91350.0,108277.0,3250.0,3267.5,3239.8,3251.5,47044900,3576.6,2926.4,4322.95,2866.6,3251.0,46,2,3250.9,36,1,3250.8,22,1,3250.7,147,6,3250.6,25,2,3252.1,39,1,3252.2,99,4,3252.3,25,2,3252.4,23,1,3252.5,73,2
11536,2025-12-30 14:32:23+05:30,3252.1,1,3253.2,1625610,91350.0,108277.0,3250.0,3267.5,3239.8,3251.5,47044900,3576.6,2926.4,4322.95,2866.6,3251.0,46,2,3250.9,36,1,3250.8,22,1,3250.7,147,6,3250.6,25,2,3252.1,39,1,3252.2,99,4,3252.3,25,2,3252.4,23,1,3252.5,73,2
11536,2025-12-30 14:32:24+05:30,3252.1,1,3253.2,1625612,91318.0,108265.0,3250.0,3267.5,3239.8,3251.5,47044900,3576.6,2926.4,4322.95,2866.6,3251.0,30,1,3250.9,45,2,3250.8,22,1,3250.7,122,4,3250.6,25,2,3252.1,37,1,3252.2,99,4,3252.3,25,2,3252.4,23,1,3252.5,73,2
11536,2025-12-30 14:32:25+05:30,3252.1,1,3253.2,1625613,91336.0,108250.0,3250.0,3267.5,3239.8,3251.5,47044900,3576.6,2926.4,4322.95,2866.6,3250.9,45,2,3250.8,22,1,3250.7,152,5,3250.6,21,1,3250.5,60,4,3252.1,84,5,3252.2,76,3,3252.3,25,2,3252.4,23,1,3252.5,225,3
11536,2025-12-30 14:32:25+05:30,3252.1,1,3253.2,1625613,91336.0,108250.0,3250.0,3267.5,3239.8,3251.5,47044900,3576.6,2926.4,4322.95,2866.6,3250.9,45,2,3250.8,22,1,3250.7,152,5,3250.6,21,1,3250.5,60,4,3252.1,84,5,3252.2,76,3,3252.3,25,2,3252.4,23,1,3252.5,225,3
11536,2025-12-30 14:32:26+05:30,3252.0,1,3253.2,1625614,91109.0,108520.0,3250.0,3267.5,3239.8,3251.5,47044900,3576.6,2926.4,4322.95,2866.6,3250.7,51,2,3250.5,28,2,3250.4,49,4,3250.3,108,4,3250.2,51,3,3252.0,129,6,3252.1,144,5,3252.2,56,3,3252.3,91,4,3252.4,70,3
11536,2025-12-30 14:32:26+05:30,3252.0,1,3253.2,1625614,91109.0,108520.0,3250.0,3267.5,3239.8,3251.5,47044900,3576.6,2926.4,4322.95,2866.6,3250.7,51,2,3250.5,28,2,3250.4,49,4,3250.3,108,4,3250.2,51,3,3252.0,129,6,3252.1,144,5,3252.2,56,3,3252.3,91,4,3252.4,70,3
11536,2025-12-30 14:32:27+05:30,3252.0,1,3253.2,1625614,91094.0,108520.0,3250.0,3267.5,3239.8,3251.5,47044900,3576.6,2926.4,4322.95,2866.6,3250.7,51,2,3250.5,28,2,3250.4,49,4,3250.3,108,4,3250.2,51,3,3252.0,129,6,3252.1,144,5,3252.2,56,3,3252.3,91,4,3252.4,70,3
11536,2025-12-30 14:32:28+05:30,3250.7,3,3253.2,1625620,91167.0,108517.0,3250.0,3267.5,3239.8,3251.5,47044900,3576.6,2926.4,4322.95,2866.6,3250.7,48,2,3250.5,28,2,3250.4,49,4,3250.3,62,3,3250.2,51,3,3252.0,126,6,3252.1,144,5,3252.2,56,3,3252.3,91,4,3252.4,70,3
11536,2025-12-30 14:32:28+05:30,3250.7,39,3253.2,1625620,91167.0,108517.0,3250.0,3267.5,3239.8,3251.5,47044900,3576.6,2926.4,4322.95,2866.6,3250.7,48,2,3250.5,28,2,3250.4,49,4,3250.3,62,3,3250.2,51,3,3252.0,126,6,3252.1,144,5,3252.2,56,3,3252.3,91,4,3252.4,70,3
11536,2025-12-30 14:32:29+05:30,3252.0,3,3253.2,1625663,91168.0,108524.0,3250.0,3267.5,3239.8,3251.5,47044900,3576.6,2926.4,4322.95,2866.6,3250.7,9,2,3250.5,28,2,3250.4,49,4,3250.3,59,2,3250.2,51,3,3252.0,136,7,3252.1,130,4,3252.2,56,3,3252.3,91,4,3252.4,70,3
11536,2025-12-30 14:32:29+05:30,3252.0,3,3253.2,1625663,91168.0,108524.0,3250.0,3267.5,3239.8,3251.5,47044900,3576.6,2926.4,4322.95,2866.6,3250.7,9,2,3250.5,28,2,3250.4,49,4,3250.3,59,2,3250.2,51,3,3252.0,136,7,3252.1,130,4,3252.2,56,3,3252.3,91,4,3252.4,70,3
11536,2025-12-30 14:32:30+05:30,3250.7,3,3253.2,1625666,88631.0,108516.0,3250.0,3267.5,3239.8,3251.5,47044900,3576.6,2926.4,4322.95,2866.6,3250.7,6,2,3250.5,3,1,3250.4,46,3,3250.3,23,1,3250.2,51,3,3251.8,192,7,3251.9,27,2,3252.0,45,3,3252.1,61,3,3252.2,136,6
11536,2025-12-30 14:32:30+05:30,3250.7,3,3253.2,1625666,88631.0,108516.0,3250.0,3267.5,3239.8,3251.5,47044900,3576.6,2926.4,4322.95,2866.6,3250.7,6,2,3250.5,3,1,3250.4,46,3,3250.3,23,1,3250.2,51,3,3251.8,192,7,3251.9,27,2,3252.0,45,3,3252.1,61,3,3252.2,136,6
11536,2025-12-30 14:32:31+05:30,3251.8,2,3253.2,1625669,89331.0,108482.0,3250.0,3267.5,3239.8,3251.5,47044900,3576.6,2926.4,4322.95,2866.6,3250.7,6,2,3250.5,3,1,3250.4,46,3,3250.3,23,1,3250.2,51,3,3251.8,185,7,3251.9,27,2,3252.0,13,1,3252.1,61,3,3252.2,136,6
11536,2025-12-30 14:32:31+05:30,3251.8,2,3253.2,1625669,89331.0,108482.0,3250.0,3267.5,3239.8,3251.5,47044900,3576.6,2926.4,4322.95,2866.6,3250.7,6,2,3250.5,3,1,3250.4,46,3,3250.3,23,1,3250.2,51,3,3251.8,185,7,3251.9,27,2,3252.0,13,1,3252.1,61,3,3252.2,136,6
11536,2025-12-30 14:32:32+05:30,3250.2,172,3253.2,1626727,90791.0,108214.0,3250.0,3267.5,3239.8,3251.5,47044900,3576.6,2926.4,4322.95,2866.6,3250.5,18,1,3250.4,69,3,3250.3,241,4,3250.2,44,2,3250.1,224,4,3251.7,29,1,3251.8,53,2,3251.9,10,1,3252.0,13,1,3252.1,61,3
11536,2025-12-30 14:32:32+05:30,3250.2,172,3253.2,1626727,90791.0,108214.0,3250.0,3267.5,3239.8,3251.5,47044900,3576.6,2926.4,4322.95,2866.6,3250.5,18,1,3250.4,69,3,3250.3,241,4,3250.2,44,2,3250.1,224,4,3251.7,29,1,3251.8,53,2,3251.9,10,1,3252.0,13,1,3252.1,61,3
11536,2025-12-30 14:32:33+05:30,3251.7,1,3253.2,1626728,90761.0,108463.0,3250.0,3267.5,3239.8,3251.5,47044900,3576.6,2926.4,4322.95,2866.6,3250.5,35,1,3250.4,17,2,3250.3,219,4,3250.2,44,2,3250.1,117,4,3251.7,73,3,3251.8,39,1,3251.9,32,2,3252.0,13,1,3252.1,61,3
11536,2025-12-30 14:32:33+05:30,3251.7,1,3253.2,1626728,90761.0,108463.0,3250.0,3267.5,3239.8,3251.5,47044900,3576.6,2926.4,4322.95,2866.6,3250.5,35,1,3250.4,17,2,3250.3,219,4,3250.2,44,2,3250.1,117,4,3251.7,73,3,3251.8,39,1,3251.9,32,2,3252.0,13,1,3252.1,61,3
11536,2025-12-30 14:32:34+05:30,3251.7,29,3253.2,1626785,90770.0,108282.0,3250.0,3267.5,3239.8,3251.5,47044900,3576.6,2926.4,4322.95,2866.6,3250.7,1,1,3250.5,45,2,3250.4,1,1,3250.3,203,3,3250.2,54,2,3251.7,30,3,3251.8,49,2,3251.9,57,2,3252.0,13,1,3252.1,61,3
11536,2025-12-30 14:32:34+05:30,3251.7,29,3253.2,1626785,90770.0,108282.0,3250.0,3267.5,3239.8,3251.5,47044900,3576.6,2926.4,4322.95,2866.6,3250.7,1,1,3250.5,45,2,3250.4,1,1,3250.3,203,3,3250.2,54,2,3251.7,30,3,3251.8,49,2,3251.9,57,2,3252.0,13,1,3252.1,61,3
11536,2025-12-30 14:32:35+05:30,3250.5,2,3253.2,1626789,90819.0,108350.0,3250.0,3267.5,3239.8,3251.5,47044900,3576.6,2926.4,4322.95,2866.6,3250.5,43,2,3250.4,1,1,3250.3,203,3,3250.2,54,2,3250.1,71,3,3251.7,86,4,3251.8,130,4,3251.9,22,1,3252.0,13,1,3252.1,86,4
11536,2025-12-30 14:32:35+05:30,3250.5,2,3253.2,1626789,90819.0,108350.0,3250.0,3267.5,3239.8,3251.5,47044900,3576.6,2926.4,4322.95,2866.6,3250.5,43,2,3250.4,1,1,3250.3,203,3,3250.2,54,2,3250.1,71,3,3251.7,86,4,3251.8,130,4,3251.9,22,1,3252.0,13,1,3252.1,86,4
11536,2025-12-30 14:32:36+05:30,3250.5,2,3253.2,1626789,90860.0,108559.0,3250.0,3267.5,3239.8,3251.5,47044900,3576.6,2926.4,4322.95,2866.6,3250.5,94,3,3250.4,1,1,3250.3,173,2,3250.2,54,2,3250.1,71,3,3251.7,96,5,3251.8,120,3,3251.9,41,2,3252.0,13,1,3252.1,132,5
11536,2025-12-30 14:32:37+05:30,3250.5,2,3253.2,1626789,90860.0,108559.0,3250.0,3267.5,3239.8,3251.5,47044900,3576.6,2926.4,4322.95,2866.6,3250.5,94,3,3250.4,1,1,3250.3,173,2,3250.2,54,2,3250.1,71,3,3251.7,96,5,3251.8,120,3,3251.9,41,2,3252.0,13,1,3252.1,86,4
11536,2025-12-30 14:32:38+05:30,3250.5,2,3253.2,1626789,90867.0,109183.0,3250.0,3267.5,3239.8,3251.5,47044900,3576.6,2926.4,4322.95,2866.6,3250.5,95,4,3250.4,31,2,3250.3,173,2,3250.2,54,2,3250.1,71,3,3251.5,3,1,3251.7,56,3,3251.8,120,3,3251.9,44,3,3252.0,69,3
11536,2025-12-30 14:32:38+05:30,3250.5,7,3253.2,1626789,90867.0,109183.0,3250.0,3267.5,3239.8,3251.5,47044900,3576.6,2926.4,4322.95,2866.6,3250.5,95,4,3250.4,31,2,3250.3,173,2,3250.2,54,2,3250.1,71,3,3251.5,3,1,3251.7,56,3,3251.8,120,3,3251.9,44,3,3252.0,69,3
11536,2025-12-30 14:32:39+05:30,3251.5,1,3253.2,1626833,89198.0,108968.0,3250.0,3267.5,3239.8,3251.5,47044900,3576.6,2926.4,4322.95,2866.6,3251.5,4,1,3250.5,113,3,3250.4,86,4,3250.3,196,2,3250.2,97,3,3251.7,14,1,3251.8,46,1,3251.9,29,3,3252.0,65,3,3252.1,61,3
11536,2025-12-30 14:32:39+05:30,3251.7,3,3253.2,1626833,89198.0,108968.0,3250.0,3267.5,3239.8,3251.5,47044900,3576.6,2926.4,4322.95,2866.6,3251.5,4,1,3250.5,113,3,3250.4,86,4,3250.3,196,2,3250.2,97,3,3251.7,14,1,3251.8,46,1,3251.9,29,3,3252.0,65,3,3252.1,61,3
11536,2025-12-30 14:32:40+05:30,3251.7,3,3253.2,1626836,89214.0,109094.0,3250.0,3267.5,3239.8,3251.5,47044900,3576.6,2926.4,4322.95,2866.6,3251.5,4,1,3250.6,22,1,3250.5,113,3,3250.4,86,4,3250.3,196,2,3251.7,11,1,3251.8,76,2,3251.9,22,2,3252.0,100,4,3252.1,61,3
11536,2025-12-30 14:32:41+05:30,3251.7,1,3253.2,1626837,89232.0,109119.0,3250.0,3267.5,3239.8,3251.5,47044900,3576.6,2926.4,4322.95,2866.6,3251.5,71,2,3250.6,22,1,3250.5,62,2,3250.4,109,5,3250.3,196,2,3251.7,10,1,3251.8,30,1,3251.9,3,1,3252.0,100,4,3252.1,15,2
11536,2025-12-30 14:32:41+05:30,3251.5,3,3253.2,1626837,89232.0,109119.0,3250.0,3267.5,3239.8,3251.5,47044900,3576.6,2926.4,4322.95,2866.6,3251.5,71,2,3250.6,22,1,3250.5,62,2,3250.4,109,5,3250.3,196,2,3251.7,10,1,3251.8,30,1,3251.9,3,1,3252.0,100,4,3252.1,15,2
11536,2025-12-30 14:32:42+05:30,3251.7,4,3253.2,1626848,89032.0,108977.0,3250.0,3267.5,3239.8,3251.5,47044900,3576.6,2926.4,4322.95,2866.6,3251.5,68,2,3250.6,22,1,3250.5,1,1,3250.4,112,6,3250.3,196,2,3251.7,13,2,3251.8,29,1,3251.9,37,2,3252.0,59,3,3252.1,80,4
11536,2025-12-30 14:32:42+05:30,3251.7,4,3253.2,1626848,89032.0,108977.0,3250.0,3267.5,3239.8,3251.5,47044900,3576.6,2926.4,4322.95,2866.6,3251.5,68,2,3250.6,22,1,3250.5,1,1,3250.4,112,6,3250.3,196,2,3251.7,13,2,3251.8,29,1,3251.9,37,2,3252.0,59,3,3252.1,80,4
11536,2025-12-30 14:32:43+05:30,3251.5,1,3253.2,1626854,89045.0,108972.0,3250.0,3267.5,3239.8,3251.5,47044900,3576.6,2926.4,4322.95,2866.6,3251.5,67,2,3250.6,22,1,3250.4,112,6,3250.3,196,2,3250.2,272,4,3251.7,8,2,3251.8,29,1,3251.9,37,2,3252.0,59,3,3252.1,80,4
11536,2025-12-30 14:32:43+05:30,3251.5,1,3253.2,1626854,89045.0,108972.0,3250.0,3267.5,3239.8,3251.5,47044900,3576.6,2926.4,4322.95,2866.6,3251.5,67,2,3250.6,22,1,3250.4,112,6,3250.3,196,2,3250.2,272,4,3251.7,8,2,3251.8,29,1,3251.9,37,2,3252.0,59,3,3252.1,80,4
11536,2025-12-30 14:32:44+05:30,3251.5,1,3253.2,1626854,89045.0,108972.0,3250.0,3267.5,3239.8,3251.5,47044900,3576.6,2926.4,4322.95,2866.6,3251.5,67,2,3250.6,22,1,3250.4,112,6,3250.3,196,2,3250.2,272,4,3251.7,8,2,3251.8,29,1,3251.9,37,2,3252.0,59,3,3252.1,80,4
11536,2025-12-30 14:32:44+05:30,3251.7,1,3253.2,1626854,89045.0,108972.0,3250.0,3267.5,3239.8,3251.5,47044900,3576.6,2926.4,4322.95,2866.6,3251.5,67,2,3250.6,22,1,3250.4,112,6,3250.3,196,2,3250.2,272,4,3251.7,8,2,3251.8,29,1,3251.9,37,2,3252.0,59,3,3252.1,80,4
11536,2025-12-30 14:32:44+05:30,3251.7,1,3253.2,1626855,89152.0,109000.0,3250.0,3267.5,3239.8,3251.5,47044900,3576.6,2926.4,4322.95,2866.6,3251.5,67,2,3250.6,22,1,3250.5,61,1,3250.4,112,6,3250.3,196,2,3251.7,7,1,3251.8,29,1,3251.9,37,2,3252.0,39,2,3252.1,80,4
11536,2025-12-30 14:32:45+05:30,3251.7,1,3253.2,1626855,89152.0,109000.0,3250.0,3267.5,3239.8,3251.5,47044900,3576.6,2926.4,4322.95,2866.6,3251.5,67,2,3250.6,22,1,3250.5,61,1,3250.4,112,6,3250.3,196,2,3251.7,7,1,3251.8,29,1,3251.9,37,2,3252.0,39,2,3252.1,80,4
11536,2025-12-30 14:32:45+05:30,3251.7,1,3253.2,1626856,90096.0,108512.0,3250.0,3267.5,3239.8,3251.5,47044900,3576.6,2926.4,4322.95,2866.6,3251.5,67,2,3251.1,17,1,3251.0,63,2,3250.8,41,2,3250.7,20,1,3251.7,6,1,3252.0,26,1,3252.1,3,1,3252.3,3,1,3252.5,46,1
11536,2025-12-30 14:32:46+05:30,3251.7,1,3253.2,1626856,90096.0,108512.0,3250.0,3267.5,3239.8,3251.5,47044900,3576.6,2926.4,4322.95,2866.6,3251.5,67,2,3251.1,17,1,3251.0,63,2,3250.8,41,2,3250.7,20,1,3251.7,6,1,3252.0,26,1,3252.1,3,1,3252.3,3,1,3252.5,46,1
11536,2025-12-30 14:32:46+05:30,3251.7,5,3253.2,1626856,90096.0,108512.0,3250.0,3267.5,3239.8,3251.5,47044900,3576.6,2926.4,4322.95,2866.6,3251.5,67,2,3251.1,17,1,3251.0,63,2,3250.8,41,2,3250.7,20,1,3251.7,6,1,3252.0,26,1,3252.1,3,1,3252.3,3,1,3252.5,46,1
11536,2025-12-30 14:32:46+05:30,3251.7,5,3253.2,1626863,90000.0,108553.0,3250.0,3267.5,3239.8,3251.5,47044900,3576.6,2926.4,4322.95,2866.6,3251.7,4,1,3251.5,62,1,3251.0,34,1,3250.8,21,1,3250.7,20,1,3252.0,26,1,3252.1,3,1,3252.2,48,2,3252.3,70,3,3252.5,49,2
11536,2025-12-30 14:32:47+05:30,3250.7,31,3253.2,1626863,90000.0,108553.0,3250.0,3267.5,3239.8,3251.5,47044900,3576.6,2926.4,4322.95,2866.6,3251.7,4,1,3251.5,62,1,3251.0,34,1,3250.8,21,1,3250.7,20,1,3252.0,26,1,3252.1,3,1,3252.2,48,2,3252.3,70,3,3252.5,49,2
11536,2025-12-30 14:32:47+05:30,3250.7,3,3253.2,1627084,91000.0,109430.0,3250.0,3267.5,3239.8,3251.5,47044900,3576.6,2926.4,4322.95,2866.6,3250.5,57,3,3250.4,54,4,3250.3,153,1,3250.2,57,3,3250.1,123,4,3250.7,103,1,3251.8,66,2,3251.9,3,1,3252.0,245,4,3252.1,68,3
11536,2025-12-30 14:32:48+05:30,3250.7,3,3253.2,1627084,91000.0,109430.0,3250.0,3267.5,3239.8,3251.5,47044900,3576.6,2926.4,4322.95,2866.6,3250.5,57,3,3250.4,54,4,3250.3,153,1,3250.2,57,3,3250.1,123,4,3250.7,103,1,3251.8,66,2,3251.9,3,1,3252.0,245,4,3252.1,68,3
11536,2025-12-30 14:32:48+05:30,3250.5,10,3253.2,1627084,91000.0,109430.0,3250.0,3267.5,3239.8,3251.5,47044900,3576.6,2926.4,4322.95,2866.6,3250.5,57,3,3250.4,54,4,3250.3,153,1,3250.2,57,3,3250.1,123,4,3250.7,103,1,3251.8,66,2,3251.9,3,1,3252.0,245,4,3252.1,68,3
11536,2025-12-30 14:32:48+05:30,3250.5,10,3253.2,1627084,91000.0,109430.0,3250.0,3267.5,3239.8,3251.5,47044900,3576.6,2926.4,4322.95,2866.6,3250.5,57,3,3250.4,54,4,3250.3,153,1,3250.2,57,3,3250.1,123,4,3250.7,103,1,3251.8,66,2,3251.9,3,1,3252.0,245,4,3252.1,68,3
11536,2025-12-30 14:32:49+05:30,3250.5,10,3253.2,1627123,91070.0,109458.0,3250.0,3267.5,3239.8,3251.5,47044900,3576.6,2926.4,4322.95,2866.6,3250.5,4,1,3250.4,84,5,3250.3,153,1,3250.2,24,1,3250.1,123,4,3250.7,103,1,3251.8,66,2,3251.9,3,1,3252.0,245,4,3252.1,96,4
11536,2025-12-30 14:32:49+05:30,3250.7,3,3253.2,1627123,91070.0,109458.0,3250.0,3267.5,3239.8,3251.5,47044900,3576.6,2926.4,4322.95,2866.6,3250.5,4,1,3250.4,84,5,3250.3,153,1,3250.2,24,1,3250.1,123,4,3250.7,103,1,3251.8,66,2,3251.9,3,1,3252.0,245,4,3252.1,96,4
11536,2025-12-30 14:32:49+05:30,3250.7,3,3253.2,1627123,91070.0,109458.0,3250.0,3267.5,3239.8,3251.5,47044900,3576.6,2926.4,4322.95,2866.6,3250.5,4,1,3250.4,84,5,3250.3,153,1,3250.2,24,1,3250.1,123,4,3250.7,103,1,3251.8,66,2,3251.9,3,1,3252.0,245,4,3252.1,96,4
11536,2025-12-30 14:32:50+05:30,3250.5,1,3253.2,1627174,91140.0,109388.0,3250.0,3267.5,3239.8,3251.5,47044900,3576.6,2926.4,4322.95,2866.6,3250.5,93,4,3250.4,54,4,3250.3,153,1,3250.2,47,2,3250.1,123,4,3250.7,53,1,3251.8,46,1,3251.9,3,1,3252.0,199,3,3252.1,142,5
11536,2025-12-30 14:32:50+05:30,3250.5,32,3253.2,1627174,91140.0,109388.0,3250.0,3267.5,3239.8,3251.5,47044900,3576.6,2926.4,4322.95,2866.6,3250.5,93,4,3250.4,54,4,3250.3,153,1,3250.2,47,2,3250.1,123,4,3250.7,53,1,3251.8,46,1,3251.9,3,1,3252.0,199,3,3252.1,142,5
11536,2025-12-30 14:32:50+05:30,3250.5,32,3253.2,1627174,91140.0,109388.0,3250.0,3267.5,3239.8,3251.5,47044900,3576.6,2926.4,4322.95,2866.6,3250.5,93,4,3250.4,54,4,3250.3,153,1,3250.2,47,2,3250.1,123,4,3250.7,53,1,3251.8,46,1,3251.9,3,1,3252.0,199,3,3252.1,142,5
11536,2025-12-30 14:32:51+05:30,3250.5,32,3253.2,1627299,91092.0,109105.0,3250.0,3267.5,3239.8,3251.5,47044900,3576.6,2926.4,4322.95,2866.6,3250.4,65,5,3250.3,168,2,3250.2,29,1,3250.1,74,2,3250.0,94,9,3250.5,34,1,3251.0,10,1,3251.9,61,1,3252.0,267,6,3252.1,116,5
11536,2025-12-30 14:32:51+05:30,3250.5,3,3253.2,1627299,91092.0,109105.0,3250.0,3267.5,3239.8,3251.5,47044900,3576.6,2926.4,4322.95,2866.6,3250.4,65,5,3250.3,168,2,3250.2,29,1,3250.1,74,2,3250.0,94,9,3250.5,34,1,3251.0,10,1,3251.9,61,1,3252.0,267,6,3252.1,116,5
11536,2025-12-30 14:32:51+05:30,3250.5,3,3253.2,1627299,91092.0,109105.0,3250.0,3267.5,3239.8,3251.5,47044900,3576.6,2926.4,4322.95,2866.6,3250.4,65,5,3250.3,168,2,3250.2,29,1,3250.1,74,2,3250.0,94,9,3250.5,34,1,3251.0,10,1,3251.9,61,1,3252.0,267,6,3252.1,116,5
11536,2025-12-30 14:32:52+05:30,3250.5,183,3253.2,1627485,91107.0,109287.0,3250.0,3267.5,3239.8,3251.5,47044900,3576.6,2926.4,4322.95,2866.6,3250.4,95,6,3250.3,168,2,3250.1,82,3,3250.0,70,7,3249.9,61,3,3250.5,106,1,3251.0,10,1,3251.8,21,1,3252.0,346,9,3252.1,84,4
11536,2025-12-30 14:32:52+05:30,3250.5,183,3253.2,1627485,91107.0,109287.0,3250.0,3267.5,3239.8,3251.5,47044900,3576.6,2926.4,4322.95,2866.6,3250.4,95,6,3250.3,168,2,3250.1,82,3,3250.0,70,7,3249.9,61,3,3250.5,106,1,3251.0,10,1,3251.8,21,1,3252.0,346,9,3252.1,84,4
11536,2025-12-30 14:32:52+05:30,3250.5,183,3253.2,1627485,91107.0,109287.0,3250.0,3267.5,3239.8,3251.5,47044900,3576.6,2926.4,4322.95,2866.6,3250.4,95,6,3250.3,168,2,3250.1,82,3,3250.0,70,7,3249.9,61,3,3250.5,106,1,3251.0,10,1,3251.8,21,1,3252.0,346,9,3252.1,84,4
11536,2025-12-30 14:32:53+05:30,3250.5,1,3253.2,1627486,91280.0,109277.0,3250.0,3267.5,3239.8,3251.5,47044900,3576.6,2926.4,4322.95,2866.6,3250.4,95,6,3250.3,184,3,3250.2,20,1,3250.1,102,4,3250.0,92,8,3250.5,105,1,3251.0,10,1,3251.8,67,2,3252.0,346,9,3252.1,84,4
11536,2025-12-30 14:32:53+05:30,3250.5,1,3253.2,1627486,91280.0,109277.0,3250.0,3267.5,3239.8,3251.5,47044900,3576.6,2926.4,4322.95,2866.6,3250.4,95,6,3250.3,184,3,3250.2,20,1,3250.1,102,4,3250.0,92,8,3250.5,105,1,3251.0,10,1,3251.8,67,2,3252.0,346,9,3252.1,84,4
11536,2025-12-30 14:32:53+05:30,3250.4,32,3253.2,1627486,91280.0,109277.0,3250.0,3267.5,3239.8,3251.5,47044900,3576.6,2926.4,4322.95,2866.6,3250.4,95,6,3250.3,184,3,3250.2,20,1,3250.1,102,4,3250.0,92,8,3250.5,105,1,3251.0,10,1,3251.8,67,2,3252.0,346,9,3252.1,84,4
11536,2025-12-30 14:32:54+05:30,3250.4,32,3253.2,1627486,91280.0,109277.0,3250.0,3267.5,3239.8,3251.5,47044900,3576.6,2926.4,4322.95,2866.6,3250.4,95,6,3250.3,184,3,3250.2,20,1,3250.1,102,4,3250.0,92,8,3250.5,105,1,3251.0,10,1,3251.8,67,2,3252.0,346,9,3252.1,84,4
11536,2025-12-30 14:32:54+05:30,3250.4,20,3253.2,1627845,91143.0,109191.0,3250.0,3267.5,3239.8,3251.5,47044900,3576.6,2926.4,4322.95,2866.6,3250.3,180,3,3250.2,29,1,3250.1,50,3,3250.0,201,10,3249.9,61,3,3250.4,4,1,3251.0,10,1,3251.5,3,1,3251.7,61,1,3251.8,66,2
11536,2025-12-30 14:32:54+05:30,3250.4,7,3253.2,1627845,91143.0,109191.0,3250.0,3267.5,3239.8,3251.5,47044900,3576.6,2926.4,4322.95,2866.6,3250.3,180,3,3250.2,29,1,3250.1,50,3,3250.0,201,10,3249.9,61,3,3250.4,4,1,3251.0,10,1,3251.5,3,1,3251.7,61,1,3251.8,66,2
11536,2025-12-30 14:32:54+05:30,3250.4,7,3253.2,1627845,91143.0,109191.0,3250.0,3267.5,3239.8,3251.5,47044900,3576.6,2926.4,4322.95,2866.6,3250.3,180,3,3250.2,29,1,3250.1,50,3,3250.0,201,10,3249.9,61,3,3250.4,4,1,3251.0,10,1,3251.5,3,1,3251.7,61,1,3251.8,66,2
11536,2025-12-30 14:32:55+05:30,3252.1,1,3253.2,1628252,91780.0,108359.0,3250.0,3267.5,3239.8,3251.5,47044900,3576.6,2926.4,4322.95,2866.6,3250.6,97,3,3250.5,113,3,3250.4,78,6,3250.3,194,4,3250.2,240,4,3251.9,26,1,3252.0,126,5,3252.1,97,4,3252.2,46,1,3252.3,248,4
11536,2025-12-30 14:32:55+05:30,3252.1,1,3253.2,1628252,91780.0,108359.0,3250.0,3267.5,3239.8,3251.5,47044900,3576.6,2926.4,4322.95,2866.6,3250.6,97,3,3250.5,113,3,3250.4,78,6,3250.3,194,4,3250.2,240,4,3251.9,26,1,3252.0,126,5,3252.1,97,4,3252.2,46,1,3252.3,248,4
11536,2025-12-30 14:32:56+05:30,3252.1,1,3253.2,1628252,91780.0,108359.0,3250.0,3267.5,3239.8,3251.5,47044900,3576.6,2926.4,4322.95,2866.6,3250.6,97,3,3250.5,113,3,3250.4,78,6,3250.3,194,4,3250.2,240,4,3251.9,26,1,3252.0,126,5,3252.1,97,4,3252.2,46,1,3252.3,248,4
11536,2025-12-30 14:32:56+05:30,3252.1,1,3253.2,1628252,91761.0,108468.0,3250.0,3267.5,3239.8,3251.5,47044900,3576.6,2926.4,4322.95,2866.6,3250.6,36,2,3250.5,95,2,3250.4,94,7,3250.3,240,5,3250.2,240,4,3251.9,115,5,3252.0,10,1,3252.1,81,3,3252.2,66,2,3252.3,248,4
11536,2025-12-30 14:32:57+05:30,3252.1,1,3253.2,1628252,91761.0,108468.0,3250.0,3267.5,3239.8,3251.5,47044900,3576.6,2926.4,4322.95,2866.6,3250.6,36,2,3250.5,95,2,3250.4,94,7,3250.3,240,5,3250.2,240,4,3251.9,115,5,3252.0,10,1,3252.1,81,3,3252.2,66,2,3252.3,248,4
11536,2025-12-30 14:32:58+05:30,3251.7,1,3253.2,1628258,91404.0,108446.0,3250.0,3267.5,3239.8,3251.5,47044900,3576.6,2926.4,4322.95,2866.6,3250.6,42,3,3250.5,53,3,3250.4,53,3,3250.3,224,4,3250.2,74,3,3251.8,85,4,3251.9,36,2,3252.1,84,4,3252.2,72,3,3252.3,223,3
11536,2025-12-30 14:32:58+05:30,3250.6,5,3253.2,1628258,91404.0,108446.0,3250.0,3267.5,3239.8,3251.5,47044900,3576.6,2926.4,4322.95,2866.6,3250.6,42,3,3250.5,53,3,3250.4,53,3,3250.3,224,4,3250.2,74,3,3251.8,85,4,3251.9,36,2,3252.1,84,4,3252.2,72,3,3252.3,223,3
11536,2025-12-30 14:32:59+05:30,3250.6,5,3253.2,1628297,91219.0,108569.0,3250.0,3267.5,3239.8,3251.5,47044900,3576.6,2926.4,4322.95,2866.6,3250.6,6,2,3250.5,53,3,3250.4,56,4,3250.3,178,3,3250.2,69,3,3251.7,55,2,3251.8,58,3,3251.9,23,1,3252.0,60,2,3252.1,67,3
11536,2025-12-30 14:32:59+05:30,3250.6,5,3253.2,1628297,91219.0,108569.0,3250.0,3267.5,3239.8,3251.5,47044900,3576.6,2926.4,4322.95,2866.6,3250.6,6,2,3250.5,53,3,3250.4,56,4,3250.3,178,3,3250.2,69,3,3251.7,55,2,3251.8,58,3,3251.9,23,1,3252.0,60,2,3252.1,67,3
11536,2025-12-30 14:32:59+05:30,3251.7,3,3253.2,1628297,91219.0,108569.0,3250.0,3267.5,3239.8,3251.5,47044900,3576.6,2926.4,4322.95,2866.6,3250.6,6,2,3250.5,53,3,3250.4,56,4,3250.3,178,3,3250.2,69,3,3251.7,55,2,3251.8,58,3,3251.9,23,1,3252.0,60,2,3252.1,67,3
11536,2025-12-30 14:33:00+05:30,3251.7,3,3253.2,1628300,91280.0,108570.0,3250.0,3267.5,3239.8,3251.5,47044900,3576.6,2926.4,4322.95,2866.6,3250.6,6,2,3250.5,53,3,3250.4,56,4,3250.3,178,3,3250.2,78,4,3251.7,52,2,3251.8,58,3,3251.9,23,1,3252.0,60,2,3252.1,67,3
11536,2025-12-30 14:33:01+05:30,3251.7,3,3253.2,1628300,91289.0,108584.0,3250.0,3267.5,3239.8,3251.5,47044900,3576.6,2926.4,4322.95,2866.6,3250.6,6,2,3250.5,53,3,3250.4,56,4,3250.3,178,3,3250.2,78,4,3251.7,66,3,3251.8,44,2,3251.9,23,1,3252.0,60,2,3252.1,67,3
11536,2025-12-30 14:33:01+05:30,3251.7,3,3253.2,1628300,91289.0,108584.0,3250.0,3267.5,3239.8,3251.5,47044900,3576.6,2926.4,4322.95,2866.6,3250.6,6,2,3250.5,53,3,3250.4,56,4,3250.3,178,3,3250.2,78,4,3251.7,66,3,3251.8,44,2,3251.9,23,1,3252.0,60,2,3252.1,67,3
11536,2025-12-30 14:33:01+05:30,3251.7,10,3253.2,1628300,91289.0,108584.0,3250.0,3267.5,3239.8,3251.5,47044900,3576.6,2926.4,4322.95,2866.6,3250.6,6,2,3250.5,53,3,3250.4,56,4,3250.3,178,3,3250.2,78,4,3251.7,66,3,3251.8,44,2,3251.9,23,1,3252.0,60,2,3252.1,67,3
11536,2025-12-30 14:33:02+05:30,3251.7,10,3253.2,1628329,91311.0,108558.0,3250.0,3267.5,3239.8,3251.5,47044900,3576.6,2926.4,4322.95,2866.6,3250.6,10,2,3250.5,53,3,3250.4,56,4,3250.3,178,3,3250.2,78,4,3251.7,69,4,3251.8,44,2,3251.9,23,1,3252.0,60,2,3252.1,67,3
11536,2025-12-30 14:33:02+05:30,3250.3,35,3253.2,1628329,91311.0,108558.0,3250.0,3267.5,3239.8,3251.5,47044900,3576.6,2926.4,4322.95,2866.6,3250.6,10,2,3250.5,53,3,3250.4,56,4,3250.3,178,3,3250.2,78,4,3251.7,69,4,3251.8,44,2,3251.9,23,1,3252.0,60,2,3252.1,67,3
11536,2025-12-30 14:33:03+05:30,3250.3,35,3253.2,1629387,91245.0,109183.0,3250.0,3267.5,3239.8,3251.5,47044900,3576.6,2926.4,4322.95,2866.6,3250.4,19,2,3250.3,270,6,3250.2,24,2,3250.1,84,3,3250.0,309,12,3251.5,3,1,3251.6,56,2,3251.7,64,3,3251.8,19,1,3251.9,29,2
11536,2025-12-30 14:33:03+05:30,3250.3,35,3253.2,1629387,91245.0,109183.0,3250.0,3267.5,3239.8,3251.5,47044900,3576.6,2926.4,4322.95,2866.6,3250.4,19,2,3250.3,270,6,3250.2,24,2,3250.1,84,3,3250.0,309,12,3251.5,3,1,3251.6,56,2,3251.7,64,3,3251.8,19,1,3251.9,29,2
11536,2025-12-30 14:33:04+05:30,3250.3,35,3253.2,1629387,91307.0,109183.0,3250.0,3267.5,3239.8,3251.5,47044900,3576.6,2926.4,4322.95,2866.6,3250.4,37,3,3250.3,270,6,3250.2,45,3,3250.1,107,4,3250.0,306,12,3251.5,3,1,3251.6,56,2,3251.7,64,3,3251.8,19,1,3251.9,29,2
11536,2025-12-30 14:33:04+05:30,3251.6,14,3253.2,1629387,91307.0,109183.0,3250.0,3267.5,3239.8,3251.5,47044900,3576.6,2926.4,4322.95,2866.6,3250.4,37,3,3250.3,270,6,3250.2,45,3,3250.1,107,4,3250.0,306,12,3251.5,3,1,3251.6,56,2,3251.7,64,3,3251.8,19,1,3251.9,29,2
11536,2025-12-30 14:33:04+05:30,3251.6,14,3253.2,1629387,91307.0,109183.0,3250.0,3267.5,3239.8,3251.5,47062400,3576.6,2926.4,4322.95,2866.6,3250.4,37,3,3250.3,270,6,3250.2,45,3,3250.1,107,4,3250.0,306,12,3251.5,3,1,3251.6,56,2,3251.7,64,3,3251.8,19,1,3251.9,29,2
11536,2025-12-30 14:33:05+05:30,3251.5,1,3253.2,1629435,91202.0,109012.0,3250.0,3267.5,3239.8,3251.5,47062400,3576.6,2926.4,4322.95,2866.6,3250.5,76,4,3250.4,19,2,3250.3,187,3,3250.2,84,4,3250.1,84,3,3251.5,12,1,3251.7,16,1,3251.8,19,1,3251.9,29,2,3252.0,61,2
11536,2025-12-30 14:33:05+05:30,3251.5,1,3253.2,1629435,91202.0,109012.0,3250.0,3267.5,3239.8,3251.5,47062400,3576.6,2926.4,4322.95,2866.6,3250.5,76,4,3250.4,19,2,3250.3,187,3,3250.2,84,4,3250.1,84,3,3251.5,12,1,3251.7,16,1,3251.8,19,1,3251.9,29,2,3252.0,61,2
11536,2025-12-30 14:33:06+05:30,3251.5,1,3253.2,1629435,91212.0,109063.0,3250.0,3267.5,3239.8,3251.5,47062400,3576.6,2926.4,4322.95,2866.6,3250.7,1,1,3250.5,66,3,3250.4,19,2,3250.3,187,3,3250.2,29,2,3251.5,12,1,3251.7,45,2,3251.8,72,3,3251.9,29,2,3252.0,61,2
11536,2025-12-30 14:33:06+05:30,3251.5,1,3253.2,1629435,91212.0,109063.0,3250.0,3267.5,3239.8,3251.5,47062400,3576.6,2926.4,4322.95,2866.6,3250.7,1,1,3250.5,66,3,3250.4,19,2,3250.3,187,3,3250.2,29,2,3251.5,12,1,3251.7,45,2,3251.8,72,3,3251.9,29,2,3252.0,61,2
11536,2025-12-30 14:33:07+05:30,3251.5,1,3253.2,1629435,91212.0,109063.0,3250.0,3267.5,3239.8,3251.5,47062400,3576.6,2926.4,4322.95,2866.6,3250.7,1,1,3250.5,66,3,3250.4,19,2,3250.3,187,3,3250.2,29,2,3251.5,12,1,3251.7,45,2,3251.8,72,3,3251.9,29,2,3252.0,61,2
11536,2025-12-30 14:33:07+05:30,3250.5,19,3253.2,1629456,91132.0,109116.0,3250.0,3267.5,3239.8,3251.5,47062400,3576.6,2926.4,4322.95,2866.6,3250.5,18,2,3250.4,32,2,3250.3,153,1,3250.2,29,2,3250.1,108,4,3251.5,11,1,3251.6,39,2,3251.7,50,2,3251.8,98,4,3251.9,29,2
11536,2025-12-30 14:33:07+05:30,3250.5,19,3253.2,1629456,91132.0,109116.0,3250.0,3267.5,3239.8,3251.5,47062400,3576.6,2926.4,4322.95,2866.6,3250.5,18,2,3250.4,32,2,3250.3,153,1,3250.2,29,2,3250.1,108,4,3251.5,11,1,3251.6,39,2,3251.7,50,2,3251.8,98,4,3251.9,29,2
11536,2025-12-30 14:33:08+05:30,3250.5,19,3253.2,1629456,91139.0,109119.0,3250.0,3267.5,3239.8,3251.5,47062400,3576.6,2926.4,4322.95,2866.6,3250.5,25,4,3250.4,32,2,3250.3,153,1,3250.2,29,2,3250.1,108,4,3251.5,11,1,3251.6,10,1,3251.7,50,2,3251.8,99,5,3251.9,58,3
11536,2025-12-30 14:33:08+05:30,3250.5,3,3253.2,1629456,91139.0,109119.0,3250.0,3267.5,3239.8,3251.5,47062400,3576.6,2926.4,4322.95,2866.6,3250.5,25,4,3250.4,32,2,3250.3,153,1,3250.2,29,2,3250.1,108,4,3251.5,11,1,3251.6,10,1,3251.7,50,2,3251.8,99,5,3251.9,58,3
11536,2025-12-30 14:33:09+05:30,3251.5,3,3253.2,1629500,91114.0,109106.0,3250.0,3267.5,3239.8,3251.5,47062400,3576.6,2926.4,4322.95,2866.6,3250.5,3,1,3250.4,32,2,3250.3,153,1,3250.2,52,3,3250.1,84,3,3251.5,7,1,3251.6,10,1,3251.7,50,2,3251.8,60,3,3251.9,58,3
11536,2025-12-30 14:33:09+05:30,3251.5,4,3253.2,1629500,91114.0,109106.0,3250.0,3267.5,3239.8,3251.5,47062400,3576.6,2926.4,4322.95,2866.6,3250.5,3,1,3250.4,32,2,3250.3,153,1,3250.2,52,3,3250.1,84,3,3251.5,7,1,3251.6,10,1,3251.7,50,2,3251.8,60,3,3251.9,58,3
11536,2025-12-30 14:33:10+05:30,3251.5,2,3253.2,1629537,90849.0,109762.0,3250.0,3267.5,3239.8,3251.5,47062400,3576.6,2926.4,4322.95,2866.6,3250.5,3,1,3250.4,3,1,3250.3,153,1,3250.2,29,2,3250.1,30,2,3251.6,73,3,3251.7,38,3,3251.8,123,6,3251.9,165,5,3252.0,177,7
11536,2025-12-30 14:33:10+05:30,3251.5,2,3253.2,1629537,90849.0,109762.0,3250.0,3267.5,3239.8,3251.5,47062400,3576.6,2926.4,4322.95,2866.6,3250.5,3,1,3250.4,3,1,3250.3,153,1,3250.2,29,2,3250.1,30,2,3251.6,73,3,3251.7,38,3,3251.8,123,6,3251.9,165,5,3252.0,177,7
11536,2025-12-30 14:33:11+05:30,3251.5,2,3253.2,1629537,90894.0,109828.0,3250.0,3267.5,3239.8,3251.5,47062400,3576.6,2926.4,4322.95,2866.6,3250.5,49,2,3250.4,3,1,3250.3,153,1,3250.2,29,2,3250.1,30,2,3251.6,88,5,3251.7,118,5,3251.8,123,6,3251.9,165,5,3252.0,183,8
11536,2025-12-30 14:33:11+05:30,3251.6,2,3253.2,1629537,90894.0,109828.0,3250.0,3267.5,3239.8,3251.5,47062400,3576.6,2926.4,4322.95,2866.6,3250.5,49,2,3250.4,3,1,3250.3,153,1,3250.2,29,2,3250.1,30,2,3251.6,88,5,3251.7,118,5,3251.8,123,6,3251.9,165,5,3252.0,183,8
11536,2025-12-30 14:33:12+05:30,3251.6,2,3253.2,1629539,90888.0,109842.0,3250.0,3267.5,3239.8,3251.5,47062400,3576.6,2926.4,4322.95,2866.6,3250.5,49,2,3250.4,3,1,3250.3,153,1,3250.2,29,2,3250.1,30,2,3251.6,86,5,3251.7,99,4,3251.8,123,6,3251.9,165,5,3252.0,183,8
11536,2025-12-30 14:33:12+05:30,3251.6,2,3253.2,1629539,90888.0,109842.0,3250.0,3267.5,3239.8,3251.5,47062400,3576.6,2926.4,4322.95,2866.6,3250.5,49,2,3250.4,3,1,3250.3,153,1,3250.2,29,2,3250.1,30,2,3251.6,86,5,3251.7,99,4,3251.8,123,6,3251.9,165,5,3252.0,183,8
11536,2025-12-30 14:33:13+05:30,3250.5,1,3253.2,1629542,90898.0,109820.0,3250.0,3267.5,3239.8,3251.5,47062400,3576.6,2926.4,4322.95,2866.6,3250.5,51,3,3250.4,13,2,3250.3,153,1,3250.2,29,2,3250.1,30,2,3251.6,101,6,3251.7,99,4,3251.8,120,5,3251.9,165,5,3252.0,184,8
11536,2025-12-30 14:33:13+05:30,3251.6,3,3253.2,1629542,90898.0,109820.0,3250.0,3267.5,3239.8,3251.5,47062400,3576.6,2926.4,4322.95,2866.6,3250.5,51,3,3250.4,13,2,3250.3,153,1,3250.2,29,2,3250.1,30,2,3251.6,101,6,3251.7,99,4,3251.8,120,5,3251.9,165,5,3252.0,184,8
11536,2025-12-30 14:33:14+05:30,3251.6,3,3253.2,1629545,90839.0,109601.0,3250.0,3267.5,3239.8,3251.5,47062400,3576.6,2926.4,4322.95,2866.6,3250.5,51,3,3250.4,13,2,3250.3,153,1,3250.2,29,2,3250.0,193,10,3251.6,171,10,3251.7,38,3,3251.8,80,6,3251.9,104,4,3252.0,152,6
11536,2025-12-30 14:33:15+05:30,3251.6,1,3253.2,1629546,90892.0,109610.0,3250.0,3267.5,3239.8,3251.5,47062400,3576.6,2926.4,4322.95,2866.6,3250.5,51,3,3250.4,13,2,3250.3,153,1,3250.2,29,2,3250.0,193,10,3251.6,170,10,3251.7,38,3,3251.8,80,6,3251.9,104,4,3252.0,152,6
11536,2025-12-30 14:33:15+05:30,3251.6,1,3253.2,1629546,90892.0,109610.0,3250.0,3267.5,3239.8,3251.5,47062400,3576.6,2926.4,4322.95,2866.6,3250.5,51,3,3250.4,13,2,3250.3,153,1,3250.2,29,2,3250.0,193,10,3251.6,170,10,3251.7,38,3,3251.8,80,6,3251.9,104,4,3252.0,152,6
11536,2025-12-30 14:33:16+05:30,3251.6,1,3253.2,1629546,90920.0,109593.0,3250.0,3267.5,3239.8,3251.5,47062400,3576.6,2926.4,4322.95,2866.6,3250.5,53,4,3250.4,13,2,3250.3,153,1,3250.2,29,2,3250.0,218,11,3251.6,126,7,3251.7,38,3,3251.8,80,6,3251.9,104,4,3252.0,152,6
11536,2025-12-30 14:33:16+05:30,3251.6,1,3253.2,1629546,90920.0,109593.0,3250.0,3267.5,3239.8,3251.5,47062400,3576.6,2926.4,4322.95,2866.6,3250.5,53,4,3250.4,13,2,3250.3,153,1,3250.2,29,2,3250.0,218,11,3251.6,126,7,3251.7,38,3,3251.8,80,6,3251.9,104,4,3252.0,152,6
11536,2025-12-30 14:33:17+05:30,3251.6,1,3253.2,1629550,91111.0,109364.0,3250.0,3267.5,3239.8,3251.5,47062400,3576.6,2926.4,4322.95,2866.6,3250.6,73,3,3250.5,53,4,3250.4,13,2,3250.3,153,1,3250.2,40,3,3251.6,43,3,3251.7,12,1,3251.8,60,4,3251.9,51,3,3252.0,104,4
11536,2025-12-30 14:33:17+05:30,3250.8,1,3253.2,1629550,91111.0,109364.0,3250.0,3267.5,3239.8,3251.5,47062400,3576.6,2926.4,4322.95,2866.6,3250.6,73,3,3250.5,53,4,3250.4,13,2,3250.3,153,1,3250.2,40,3,3251.6,43,3,3251.7,12,1,3251.8,60,4,3251.9,51,3,3252.0,104,4
11536,2025-12-30 14:33:18+05:30,3250.8,1,3253.2,1630610,91127.0,108611.0,3250.0,3267.5,3239.8,3251.5,47062400,3576.6,2926.4,4322.95,2866.6,3250.8,1,1,3250.6,63,2,3250.5,10,1,3250.4,153,1,3250.3,18,1,3251.6,14,1,3251.8,43,3,3252.0,40,1,3252.1,56,3,3252.2,98,4
11536,2025-12-30 14:33:18+05:30,3250.8,3,3253.2,1630610,91127.0,108611.0,3250.0,3267.5,3239.8,3251.5,47062400,3576.6,2926.4,4322.95,2866.6,3250.8,1,1,3250.6,63,2,3250.5,10,1,3250.4,153,1,3250.3,18,1,3251.6,14,1,3251.8,43,3,3252.0,40,1,3252.1,56,3,3252.2,98,4
11536,2025-12-30 14:33:19+05:30,3250.8,3,3253.2,1630613,91203.0,109029.0,3250.0,3267.5,3239.8,3251.5,47062400,3576.6,2926.4,4322.95,2866.6,3250.6,73,3,3250.4,153,1,3250.3,22,1,3250.2,44,3,3250.1,49,4,3250.8,1,1,3251.6,14,1,3251.8,43,3,3252.0,62,2,3252.1,49,3
11536,2025-12-30 14:33:19+05:30,3251.6,11,3253.2,1630613,91203.0,109029.0,3250.0,3267.5,3239.8,3251.5,47062400,3576.6,2926.4,4322.95,2866.6,3250.6,73,3,3250.4,153,1,3250.3,22,1,3250.2,44,3,3250.1,49,4,3250.8,1,1,3251.6,14,1,3251.8,43,3,3252.0,62,2,3252.1,49,3
11536,2025-12-30 14:33:20+05:30,3251.6,11,3253.2,1630663,91216.0,109311.0,3250.0,3267.5,3239.8,3251.5,47062400,3576.6,2926.4,4322.95,2866.6,3250.5,73,3,3250.4,153,1,3250.3,13,1,3250.2,30,2,3250.1,96,6,3250.8,14,1,3251.8,71,4,3251.9,54,2,3252.0,77,3,3252.1,137,5
11536,2025-12-30 14:33:21+05:30,3251.6,11,3253.2,1630663,91285.0,109341.0,3250.0,3267.5,3239.8,3251.5,47062400,3576.6,2926.4,4322.95,2866.6,3250.5,123,4,3250.4,153,1,3250.3,13,1,3250.2,33,2,3250.1,82,5,3250.8,14,1,3251.8,71,4,3251.9,54,2,3252.0,77,3,3252.1,165,6
11536,2025-12-30 14:33:22+05:30,3251.9,36,3253.2,1630845,91574.0,108719.0,3250.0,3267.5,3239.8,3251.5,47062400,3576.6,2926.4,4322.95,2866.6,3250.5,137,4,3250.4,174,2,3250.3,13,1,3250.2,49,2,3250.1,45,3,3251.7,124,5,3251.8,145,5,3251.9,55,2,3252.0,95,5,3252.1,82,3
11536,2025-12-30 14:33:22+05:30,3251.9,36,3253.2,1630845,91574.0,108719.0,3250.0,3267.5,3239.8,3251.5,47062400,3576.6,2926.4,4322.95,2866.6,3250.5,137,4,3250.4,174,2,3250.3,13,1,3250.2,49,2,3250.1,45,3,3251.7,124,5,3251.8,145,5,3251.9,55,2,3252.0,95,5,3252.1,82,3
11536,2025-12-30 14:33:23+05:30,3251.9,36,3253.2,1630845,91574.0,108739.0,3250.0,3267.5,3239.8,3251.5,47062400,3576.6,2926.4,4322.95,2866.6,3250.5,137,4,3250.4,174,2,3250.3,13,1,3250.2,49,2,3250.1,45,3,3251.7,124,5,3251.8,145,5,3251.9,55,2,3252.0,95,5,3252.1,82,3
11536,2025-12-30 14:33:24+05:30,3251.9,36,3253.2,1630845,91555.0,108764.0,3250.0,3267.5,3239.8,3251.5,47062400,3576.6,2926.4,4322.95,2866.6,3250.5,140,5,3250.4,174,2,3250.3,13,1,3250.2,49,2,3250.1,45,3,3251.7,94,3,3251.8,145,5,3251.9,55,2,3252.0,76,4,3252.1,36,2
11536,2025-12-30 14:33:25+05:30,3251.9,36,3253.2,1630845,91693.0,108764.0,3250.0,3267.5,3239.8,3251.5,47062400,3576.6,2926.4,4322.95,2866.6,3250.5,140,5,3250.4,174,2,3250.3,13,1,3250.2,49,2,3250.1,45,3,3251.7,94,3,3251.8,145,5,3251.9,55,2,3252.0,76,4,3252.1,36,2
11536,2025-12-30 14:33:25+05:30,3251.7,1,3253.2,1630845,91693.0,108764.0,3250.0,3267.5,3239.8,3251.5,47062400,3576.6,2926.4,4322.95,2866.6,3250.5,140,5,3250.4,174,2,3250.3,13,1,3250.2,49,2,3250.1,45,3,3251.7,94,3,3251.8,145,5,3251.9,55,2,3252.0,76,4,3252.1,36,2
11536,2025-12-30 14:33:26+05:30,3251.7,1,3253.2,1630846,91690.0,108763.0,3250.0,3267.5,3239.8,3251.5,47062400,3576.6,2926.4,4322.95,2866.6,3250.5,140,5,3250.4,184,3,3250.3,13,1,3250.2,71,3,3250.1,45,3,3251.7,93,3,3251.8,145,5,3251.9,55,2,3252.0,76,4,3252.1,36,2
11536,2025-12-30 14:33:26+05:30,3251.7,3,3253.2,1630846,91690.0,108763.0,3250.0,3267.5,3239.8,3251.5,47062400,3576.6,2926.4,4322.95,2866.6,3250.5,140,5,3250.4,184,3,3250.3,13,1,3250.2,71,3,3250.1,45,3,3251.7,93,3,3251.8,145,5,3251.9,55,2,3252.0,76,4,3252.1,36,2
11536,2025-12-30 14:33:27+05:30,3250.5,9,3253.2,1630893,91703.0,109372.0,3250.0,3267.5,3239.8,3251.5,47062400,3576.6,2926.4,4322.95,2866.6,3250.6,16,1,3250.5,137,6,3250.4,216,5,3250.3,13,1,3250.2,24,2,3251.7,49,2,3251.8,135,4,3251.9,83,3,3252.0,76,4,3252.1,36,2
11536,2025-12-30 14:33:27+05:30,3250.5,9,3253.2,1630893,91703.0,109372.0,3250.0,3267.5,3239.8,3251.5,47062400,3576.6,2926.4,4322.95,2866.6,3250.6,16,1,3250.5,137,6,3250.4,216,5,3250.3,13,1,3250.2,24,2,3251.7,49,2,3251.8,135,4,3251.9,83,3,3252.0,76,4,3252.1,36,2
11536,2025-12-30 14:33:28+05:30,3250.5,9,3253.2,1630893,91739.0,109392.0,3250.0,3267.5,3239.8,3251.5,47062400,3576.6,2926.4,4322.95,2866.6,3250.6,16,1,3250.5,138,7,3250.4,249,6,3250.3,13,1,3250.2,24,2,3251.7,49,2,3251.8,135,4,3251.9,83,3,3252.0,57,3,3252.1,36,2
11536,2025-12-30 14:33:28+05:30,3250.6,1,3253.2,1630893,91739.0,109392.0,3250.0,3267.5,3239.8,3251.5,47062400,3576.6,2926.4,4322.95,2866.6,3250.6,16,1,3250.5,138,7,3250.4,249,6,3250.3,13,1,3250.2,24,2,3251.7,49,2,3251.8,135,4,3251.9,83,3,3252.0,57,3,3252.1,36,2
11536,2025-12-30 14:33:31+05:30,3251.9,10,3253.2,1630893,91739.0,109392.0,3250.0,3267.5,3239.8,3251.5,47062400,3576.6,2926.4,4322.95,2866.6,3250.6,16,1,3250.5,138,7,3250.4,249,6,3250.3,13,1,3250.2,24,2,3251.7,49,2,3251.8,135,4,3251.9,83,3,3252.0,57,3,3252.1,36,2
11536,2025-12-30 14:33:32+05:30,3251.9,10,3253.2,1631188,91694.0,109094.0,3250.0,3267.5,3239.8,3251.5,47062400,3576.6,2926.4,4322.95,2866.6,3250.6,79,1,3250.5,98,5,3250.4,174,2,3250.3,27,2,3250.2,43,2,3251.7,89,3,3251.8,33,2,3251.9,108,4,3252.1,25,1,3252.2,86,4
11536,2025-12-30 14:33:34+05:30,3251.5,15,3253.2,1631188,91694.0,109094.0,3250.0,3267.5,3239.8,3251.5,47062400,3576.6,2926.4,4322.95,2866.6,3250.6,79,1,3250.5,98,5,3250.4,174,2,3250.3,27,2,3250.2,43,2,3251.7,89,3,3251.8,33,2,3251.9,108,4,3252.1,25,1,3252.2,86,4
11536,2025-12-30 14:33:36+05:30,3251.7,9,3253.19,1632328,91537.0,108549.0,3250.0,3267.5,3239.8,3251.5,47062400,3576.6,2926.4,4322.95,2866.6,3250.5,16,1,3250.4,26,2,3250.3,169,3,3250.2,42,3,3250.1,97,6,3251.6,71,3,3251.8,40,2,3251.9,74,2,3252.0,39,2,3252.1,96,4
11536,2025-12-30 14:33:37+05:30,3251.6,4,3253.19,1632328,91537.0,108549.0,3250.0,3267.5,3239.8,3251.5,47062400,3576.6,2926.4,4322.95,2866.6,3250.5,16,1,3250.4,26,2,3250.3,169,3,3250.2,42,3,3250.1,97,6,3251.6,71,3,3251.8,40,2,3251.9,74,2,3252.0,39,2,3252.1,96,4
11536,2025-12-30 14:33:40+05:30,3251.5,1,3253.19,1632328,91537.0,108549.0,3250.0,3267.5,3239.8,3251.5,47062400,3576.6,2926.4,4322.95,2866.6,3250.5,16,1,3250.4,26,2,3250.3,169,3,3250.2,42,3,3250.1,97,6,3251.6,71,3,3251.8,40,2,3251.9,74,2,3252.0,39,2,3252.1,96,4
11536,2025-12-30 14:33:41+05:30,3251.5,1,3253.19,1632392,91433.0,109735.0,3250.0,3267.5,3239.8,3251.5,47062400,3576.6,2926.4,4322.95,2866.6,3250.3,173,3,3250.2,64,3,3250.1,34,3,3250.0,328,15,3249.9,55,4,3251.5,59,2,3251.6,20,2,3251.7,18,1,3251.8,27,2,3251.9,77,3
11536,2025-12-30 14:33:43+05:30,3250.3,1,3253.19,1632392,91433.0,109735.0,3250.0,3267.5,3239.8,3251.5,47062400,3576.6,2926.4,4322.95,2866.6,3250.3,173,3,3250.2,64,3,3250.1,34,3,3250.0,328,15,3249.9,55,4,3251.5,59,2,3251.6,20,2,3251.7,18,1,3251.8,27,2,3251.9,77,3
11536,2025-12-30 14:33:46+05:30,3250.5,1,3253.19,1632399,91365.0,109291.0,3250.0,3267.5,3239.8,3251.5,47062400,3576.6,2926.4,4322.95,2866.6,3250.5,2,1,3250.3,202,2,3250.2,32,2,3250.1,34,3,3250.0,382,18,3251.5,82,4,3251.6,28,1,3251.7,48,2,3251.8,49,4,3251.9,99,4
11536,2025-12-30 14:33:46+05:30,3250.5,1,3253.19,1632399,91365.0,109291.0,3250.0,3267.5,3239.8,3251.5,47062400,3576.6,2926.4,4322.95,2866.6,3250.5,2,1,3250.3,202,2,3250.2,32,2,3250.1,34,3,3250.0,382,18,3251.5,82,4,3251.6,28,1,3251.7,48,2,3251.8,49,4,3251.9,99,4
11536,2025-12-30 14:33:49+05:30,3250.5,39,3253.19,1632399,91365.0,109291.0,3250.0,3267.5,3239.8,3251.5,47062400,3576.6,2926.4,4322.95,2866.6,3250.5,2,1,3250.3,202,2,3250.2,32,2,3250.1,34,3,3250.0,382,18,3251.5,82,4,3251.6,28,1,3251.7,48,2,3251.8,49,4,3251.9,99,4
11536,2025-12-30 14:33:51+05:30,3250.4,20,3253.19,1633528,90709.0,109361.0,3250.0,3267.5,3239.8,3251.5,47062400,3576.6,2926.4,4322.95,2866.6,3250.4,16,1,3250.2,153,1,3250.1,20,1,3250.0,81,8,3249.9,90,4,3251.4,27,1,3251.5,56,3,3251.6,48,2,3251.7,70,3,3251.8,25,4
11536,2025-12-30 14:33:52+05:30,3251.6,1,3253.19,1633528,90709.0,109361.0,3250.0,3267.5,3239.8,3251.5,47062400,3576.6,2926.4,4322.95,2866.6,3250.4,16,1,3250.2,153,1,3250.1,20,1,3250.0,81,8,3249.9,90,4,3251.4,27,1,3251.5,56,3,3251.6,48,2,3251.7,70,3,3251.8,25,4
11536,2025-12-30 14:33:55+05:30,3251.7,6,3253.19,1633918,91430.0,109131.0,3250.0,3267.5,3239.8,3251.5,47062400,3576.6,2926.4,4322.95,2866.6,3251.4,1,1,3250.6,86,3,3250.5,179,5,3250.4,83,2,3250.3,236,2,3252.0,129,6,3252.1,30,2,3252.2,108,4,3252.3,44,3,3252.4,46,3
11536,2025-12-30 14:33:55+05:30,3251.7,6,3253.19,1633918,91430.0,109131.0,3250.0,3267.5,3239.8,3251.5,47062400,3576.6,2926.4,4322.95,2866.6,3251.4,1,1,3250.6,86,3,3250.5,179,5,3250.4,83,2,3250.3,236,2,3252.0,129,6,3252.1,30,2,3252.2,108,4,3252.3,44,3,3252.4,46,3
11536,2025-12-30 14:33:58+05:30,3251.7,1,3253.19,1633918,91430.0,109131.0,3250.0,3267.5,3239.8,3251.5,47062400,3576.6,2926.4,4322.95,2866.6,3251.4,1,1,3250.6,86,3,3250.5,179,5,3250.4,83,2,3250.3,236,2,3252.0,129,6,3252.1,30,2,3252.2,108,4,3252.3,44,3,3252.4,46,3
11536,2025-12-30 14:34:00+05:30,3251.9,1,3253.19,1633962,91106.0,109498.0,3250.0,3267.5,3239.8,3251.5,47062400,3576.6,2926.4,4322.95,2866.6,3251.4,7,1,3250.7,1,1,3250.5,86,2,3250.4,47,2,3250.2,393,4,3251.9,132,7,3252.0,15,2,3252.1,30,2,3252.2,92,3,3252.3,140,6
11536,2025-12-30 14:34:01+05:30,3251.9,1,3253.19,1633962,91106.0,109498.0,3250.0,3267.5,3239.8,3251.5,47062400,3576.6,2926.4,4322.95,2866.6,3251.4,7,1,3250.7,1,1,3250.5,86,2,3250.4,47,2,3250.2,393,4,3251.9,132,7,3252.0,15,2,3252.1,30,2,3252.2,92,3,3252.3,140,6
11536,2025-12-30 14:34:04+05:30,3251.8,2,3253.19,1633962,91106.0,109498.0,3250.0,3267.5,3239.8,3251.5,47062400,3576.6,2926.4,4322.95,2866.6,3251.4,7,1,3250.7,1,1,3250.5,86,2,3250.4,47,2,3250.2,393,4,3251.9,132,7,3252.0,15,2,3252.1,30,2,3252.2,92,3,3252.3,140,6
11536,2025-12-30 14:34:05+05:30,3251.7,1,3253.19,1635162,89179.0,109486.0,3250.0,3267.5,3239.8,3251.5,47062400,3576.6,2926.4,4322.95,2866.6,3250.4,145,2,3250.3,31,1,3250.1,71,2,3250.0,125,9,3249.9,134,7,3251.7,45,2,3251.8,37,2,3251.9,55,3,3252.0,101,5,3252.1,116,5
11536,2025-12-30 14:34:08+05:30,3250.4,38,3253.19,1635162,89179.0,109486.0,3250.0,3267.5,3239.8,3251.5,47062400,3576.6,2926.4,4322.95,2866.6,3250.4,145,2,3250.3,31,1,3250.1,71,2,3250.0,125,9,3249.9,134,7,3251.7,45,2,3251.8,37,2,3251.9,55,3,3252.0,101,5,3252.1,116,5
11536,2025-12-30 14:34:10+05:30,3251.6,1,3253.19,1635303,89419.0,109571.0,3250.0,3267.5,3239.8,3251.5,47062400,3576.6,2926.4,4322.95,2866.6,3250.4,128,2,3250.2,20,1,3250.1,48,2,3250.0,82,8,3249.9,128,6,3251.6,48,3,3251.7,48,4,3251.8,30,2,3251.9,101,3,3252.0,137,6
11536,2025-12-30 14:34:12+05:30,3251.6,2,3253.19,1635303,89419.0,109571.0,3250.0,3267.5,3239.8,3251.5,47062400,3576.6,2926.4,4322.95,2866.6,3250.4,128,2,3250.2,20,1,3250.1,48,2,3250.0,82,8,3249.9,128,6,3251.6,48,3,3251.7,48,4,3251.8,30,2,3251.9,101,3,3252.0,137,6
11536,2025-12-30 14:34:14+05:30,3251.6,1,3253.19,1635372,91254.0,109563.0,3250.0,3267.5,3239.8,3251.5,47062400,3576.6,2926.4,4322.95,2866.6,3250.5,87,4,3250.4,127,2,3250.2,83,3,3250.1,77,3,3250.0,91,10,3251.6,22,2,3251.8,14,1,3251.9,101,3,3252.0,80,4,3252.1,24,2
11536,2025-12-30 14:34:16+05:30,3251.6,1,3253.19,1635372,91254.0,109563.0,3250.0,3267.5,3239.8,3251.5,47062400,3576.6,2926.4,4322.95,2866.6,3250.5,87,4,3250.4,127,2,3250.2,83,3,3250.1,77,3,3250.0,91,10,3251.6,22,2,3251.8,14,1,3251.9,101,3,3252.0,80,4,3252.1,24,2
11536,2025-12-30 14:34:19+05:30,3251.7,5,3253.19,1636570,91217.0,108527.0,3250.0,3267.5,3239.8,3251.5,47062400,3576.6,2926.4,4322.95,2866.6,3250.5,28,1,3250.4,20,2,3250.3,212,4,3250.2,102,5,3250.1,41,3,3251.7,39,1,3251.8,55,2,3251.9,19,1,3252.0,3,1,3252.1,34,2
11536,2025-12-30 14:34:20+05:30,3251.7,5,3253.19,1636570,91217.0,108527.0,3250.0,3267.5,3239.8,3251.5,47062400,3576.6,2926.4,4322.95,2866.6,3250.5,28,1,3250.4,20,2,3250.3,212,4,3250.2,102,5,3250.1,41,3,3251.7,39,1,3251.8,55,2,3251.9,19,1,3252.0,3,1,3252.1,34,2
11536,2025-12-30 14:34:24+05:30,3251.7,21,3253.19,1636776,90129.0,108644.0,3250.0,3267.5,3239.8,3251.5,47062400,3576.6,2926.4,4322.95,2866.6,3251.7,5,1,3251.5,100,1,3250.6,38,2,3250.5,104,2,3250.4,205,8,3252.0,26,1,3252.1,48,2,3252.3,85,3,3252.4,40,2,3252.5,79,3
11536,2025-12-30 14:34:24+05:30,3252.0,1,3253.19,1636776,90129.0,108644.0,3250.0,3267.5,3239.8,3251.5,47062400,3576.6,2926.4,4322.95,2866.6,3251.7,5,1,3251.5,100,1,3250.6,38,2,3250.5,104,2,3250.4,205,8,3252.0,26,1,3252.1,48,2,3252.3,85,3,3252.4,40,2,3252.5,79,3
11536,2025-12-30 14:34:28+05:30,3251.0,3,3253.19,1637410,89249.0,108999.0,3250.0,3267.5,3239.8,3251.5,47062400,3576.6,2926.4,4322.95,2866.6,3251.0,8,1,3250.5,49,2,3250.4,36,2,3250.3,153,1,3250.2,196,2,3251.8,88,5,3251.9,26,2,3252.0,58,3,3252.1,32,2,3252.2,88,4
11536,2025-12-30 14:34:28+05:30,3251.0,8,3253.19,1637410,89249.0,108999.0,3250.0,3267.5,3239.8,3251.5,47062400,3576.6,2926.4,4322.95,2866.6,3251.0,8,1,3250.5,49,2,3250.4,36,2,3250.3,153,1,3250.2,196,2,3251.8,88,5,3251.9,26,2,3252.0,58,3,3252.1,32,2,3252.2,88,4
11536,2025-12-30 14:34:29+05:30,3251.8,12,3253.19,1637491,91279.0,109234.0,3250.0,3267.5,3239.8,3251.5,47062400,3576.6,2926.4,4322.95,2866.6,3250.6,10,1,3250.5,20,1,3250.4,97,3,3250.3,153,1,3250.2,196,2,3251.8,118,7,3251.9,26,2,3252.0,46,2,3252.1,16,1,3252.2,295,6
11536,2025-12-30 14:34:29+05:30,3251.8,10,3253.19,1637491,91279.0,109234.0,3250.0,3267.5,3239.8,3251.5,47062400,3576.6,2926.4,4322.95,2866.6,3250.6,10,1,3250.5,20,1,3250.4,97,3,3250.3,153,1,3250.2,196,2,3251.8,118,7,3251.9,26,2,3252.0,46,2,3252.1,16,1,3252.2,295,6
11536,2025-12-30 14:34:30+05:30,3251.8,10,3253.19,1637501,91289.0,109249.0,3250.0,3267.5,3239.8,3251.5,47062400,3576.6,2926.4,4322.95,2866.6,3250.6,10,1,3250.5,20,1,3250.4,97,3,3250.3,153,1,3250.2,218,3,3251.8,100,6,3251.9,52,3,3252.0,46,2,3252.1,16,1,3252.2,295,6
11536,2025-12-30 14:34:31+05:30,3251.8,1,3253.19,1637502,91292.0,109248.0,3250.0,3267.5,3239.8,3251.5,47062400,3576.6,2926.4,4322.95,2866.6,3250.6,10,1,3250.5,20,1,3250.4,97,3,3250.3,153,1,3250.2,218,3,3251.8,99,6,3251.9,52,3,3252.0,46,2,3252.1,16,1,3252.2,295,6
11536,2025-12-30 14:34:31+05:30,3251.8,2,3253.19,1637502,91292.0,109248.0,3250.0,3267.5,3239.8,3251.5,47062400,3576.6,2926.4,4322.95,2866.6,3250.6,10,1,3250.5,20,1,3250.4,97,3,3250.3,153,1,3250.2,218,3,3251.8,99,6,3251.9,52,3,3252.0,46,2,3252.1,16,1,3252.2,295,6
11536,2025-12-30 14:34:32+05:30,3251.8,2,3253.19,1637504,91363.0,109284.0,3250.0,3267.5,3239.8,3251.5,47062400,3576.6,2926.4,4322.95,2866.6,3250.6,63,2,3250.5,20,1,3250.4,97,3,3250.3,153,1,3250.2,241,4,3251.8,70,4,3251.9,36,2,3252.0,29,1,3252.1,16,1,3252.2,88,4
11536,2025-12-30 14:34:32+05:30,3250.2,7,3253.19,1637504,91363.0,109284.0,3250.0,3267.5,3239.8,3251.5,47062400,3576.6,2926.4,4322.95,2866.6,3250.6,63,2,3250.5,20,1,3250.4,97,3,3250.3,153,1,3250.2,241,4,3251.8,70,4,3251.9,36,2,3252.0,29,1,3252.1,16,1,3252.2,88,4
11536,2025-12-30 14:34:33+05:30,3250.3,1,3253.18,1638563,89305.0,108772.0,3250.0,3267.5,3239.8,3251.5,47062400,3576.6,2926.4,4322.95,2866.6,3250.3,159,4,3250.2,175,1,3250.1,274,6,3250.0,48,4,3249.9,169,7,3251.5,57,2,3251.7,12,1,3251.8,47,2,3251.9,16,3,3252.0,93,3
11536,2025-12-30 14:34:33+05:30,3250.3,1,3253.18,1638563,89305.0,108772.0,3250.0,3267.5,3239.8,3251.5,47062400,3576.6,2926.4,4322.95,2866.6,3250.3,159,4,3250.2,175,1,3250.1,274,6,3250.0,48,4,3249.9,169,7,3251.5,57,2,3251.7,12,1,3251.8,47,2,3251.9,16,3,3252.0,93,3
11536,2025-12-30 14:34:34+05:30,3250.3,1,3253.18,1638563,89493.0,108772.0,3250.0,3267.5,3239.8,3251.5,47062400,3576.6,2926.4,4322.95,2866.6,3250.3,159,4,3250.2,252,4,3250.1,274,6,3250.0,70,5,3249.9,169,7,3251.5,57,2,3251.7,12,1,3251.8,47,2,3251.9,16,3,3252.0,93,3
11536,2025-12-30 14:34:34+05:30,3251.5,16,3253.18,1638563,89493.0,108772.0,3250.0,3267.5,3239.8,3251.5,47062400,3576.6,2926.4,4322.95,2866.6,3250.3,159,4,3250.2,252,4,3250.1,274,6,3250.0,70,5,3249.9,169,7,3251.5,57,2,3251.7,12,1,3251.8,47,2,3251.9,16,3,3252.0,93,3
11536,2025-12-30 14:34:35+05:30,3251.5,16,3253.18,1638610,89579.0,108718.0,3250.0,3267.5,3239.8,3251.5,47062400,3576.6,2926.4,4322.95,2866.6,3251.5,1,1,3250.6,15,1,3250.5,15,1,3250.4,52,2,3250.3,204,3,3251.7,3,1,3251.8,57,2,3251.9,39,4,3252.0,144,5,3252.1,21,1
11536,2025-12-30 14:34:36+05:30,3251.5,1,3253.18,1638612,89263.0,108929.0,3250.0,3267.5,3239.8,3251.5,47062400,3576.6,2926.4,4322.95,2866.6,3250.4,31,1,3250.3,143,2,3250.2,218,3,3250.1,248,5,3250.0,70,5,3251.7,32,4,3251.8,114,3,3251.9,10,2,3252.0,73,2,3252.1,78,3
11536,2025-12-30 14:34:36+05:30,3251.5,1,3253.18,1638612,89263.0,108929.0,3250.0,3267.5,3239.8,3251.5,47062400,3576.6,2926.4,4322.95,2866.6,3250.4,31,1,3250.3,143,2,3250.2,218,3,3250.1,248,5,3250.0,70,5,3251.7,32,4,3251.8,114,3,3251.9,10,2,3252.0,73,2,3252.1,78,3
11536,2025-12-30 14:34:37+05:30,3251.5,1,3253.18,1638612,87710.0,108936.0,3250.0,3267.5,3239.8,3251.5,47062400,3576.6,2926.4,4322.95,2866.6,3250.4,31,1,3250.3,143,2,3250.2,218,3,3250.1,248,5,3250.0,70,5,3251.7,32,4,3251.8,114,3,3251.9,10,2,3252.0,73,2,3252.1,32,2
11536,2025-12-30 14:34:38+05:30,3251.5,1,3253.18,1638612,89350.0,109122.0,3250.0,3267.5,3239.8,3251.5,47062400,3576.6,2926.4,4322.95,2866.6,3251.5,1,1,3250.4,51,2,3250.3,143,2,3250.2,195,2,3250.1,318,7,3251.7,43,5,3251.8,132,4,3251.9,29,3,3252.0,113,4,3252.1,82,2
11536,2025-12-30 14:34:38+05:30,3251.5,4,3253.18,1638612,89350.0,109122.0,3250.0,3267.5,3239.8,3251.5,47062400,3576.6,2926.4,4322.95,2866.6,3251.5,1,1,3250.4,51,2,3250.3,143,2,3250.2,195,2,3250.1,318,7,3251.7,43,5,3251.8,132,4,3251.9,29,3,3252.0,113,4,3252.1,82,2
11536,2025-12-30 14:34:39+05:30,3250.4,2,3253.18,1638618,89300.0,109105.0,3250.0,3267.5,3239.8,3251.5,47062400,3576.6,2926.4,4322.95,2866.6,3250.4,39,2,3250.3,189,4,3250.2,175,1,3250.1,275,6,3250.0,82,6,3251.5,4,1,3251.6,36,2,3251.7,38,4,3251.8,130,4,3251.9,29,3
11536,2025-12-30 14:34:39+05:30,3251.5,1,3253.18,1638618,89300.0,109105.0,3250.0,3267.5,3239.8,3251.5,47062400,3576.6,2926.4,4322.95,2866.6,3250.4,39,2,3250.3,189,4,3250.2,175,1,3250.1,275,6,3250.0,82,6,3251.5,4,1,3251.6,36,2,3251.7,38,4,3251.8,130,4,3251.9,29,3
11536,2025-12-30 14:34:40+05:30,3251.6,1,3253.18,1638655,89332.0,109213.0,3250.0,3267.5,3239.8,3251.5,47062400,3576.6,2926.4,4322.95,2866.6,3250.5,5,1,3250.4,39,2,3250.3,143,2,3250.2,217,3,3250.1,298,7,3251.6,35,2,3251.7,26,3,3251.8,31,1,3251.9,29,3,3252.0,96,4
11536,2025-12-30 14:34:40+05:30,3251.6,1,3253.18,1638655,89332.0,109213.0,3250.0,3267.5,3239.8,3251.5,47062400,3576.6,2926.4,4322.95,2866.6,3250.5,5,1,3250.4,39,2,3250.3,143,2,3250.2,217,3,3250.1,298,7,3251.6,35,2,3251.7,26,3,3251.8,31,1,3251.9,29,3,3252.0,96,4
11536,2025-12-30 14:34:41+05:30,3251.6,1,3253.18,1638655,89365.0,109217.0,3250.0,3267.5,3239.8,3251.5,47062400,3576.6,2926.4,4322.95,2866.6,3250.5,5,1,3250.4,66,3,3250.3,143,2,3250.2,223,4,3250.1,298,7,3251.6,49,3,3251.7,12,2,3251.8,31,1,3251.9,29,3,3252.0,94,3
11536,2025-12-30 14:34:42+05:30,3251.6,20,3253.18,1638675,89434.0,109170.0,3250.0,3267.5,3239.8,3251.5,47062400,3576.6,2926.4,4322.95,2866.6,3250.5,112,5,3250.3,143,2,3250.2,225,4,3250.1,342,8,3250.0,104,8,3251.6,14,1,3251.7,12,2,3251.9,29,3,3252.0,121,4,3252.1,21,1
11536,2025-12-30 14:34:42+05:30,3251.6,4,3253.18,1638675,89434.0,109170.0,3250.0,3267.5,3239.8,3251.5,47062400,3576.6,2926.4,4322.95,2866.6,3250.5,112,5,3250.3,143,2,3250.2,225,4,3250.1,342,8,3250.0,104,8,3251.6,14,1,3251.7,12,2,3251.9,29,3,3252.0,121,4,3252.1,21,1
11536,2025-12-30 14:34:43+05:30,3250.5,1,3253.18,1638680,91183.0,109172.0,3250.0,3267.5,3239.8,3251.5,47062400,3576.6,2926.4,4322.95,2866.6,3250.5,111,5,3250.3,143,2,3250.2,225,4,3250.1,298,7,3250.0,104,8,3251.6,10,1,3251.7,2,1,3251.9,22,2,3252.0,121,4,3252.1,21,1
11536,2025-12-30 14:34:43+05:30,3250.5,1,3253.18,1638680,91183.0,109172.0,3250.0,3267.5,3239.8,3251.5,47062400,3576.6,2926.4,4322.95,2866.6,3250.5,111,5,3250.3,143,2,3250.2,225,4,3250.1,298,7,3250.0,104,8,3251.6,10,1,3251.7,2,1,3251.9,22,2,3252.0,121,4,3252.1,21,1
11536,2025-12-30 14:34:44+05:30,3252.0,40,3253.18,1638808,91119.0,109067.0,3250.0,3267.5,3239.8,3251.5,47062400,3576.6,2926.4,4322.95,2866.6,3251.5,1,1,3250.7,10,1,3250.6,83,2,3250.5,90,3,3250.4,197,2,3251.9,7,1,3252.0,56,2,3252.1,58,2,3252.2,39,2,3252.3,67,3
11536,2025-12-30 14:34:44+05:30,3252.0,40,3253.18,1638808,91119.0,109067.0,3250.0,3267.5,3239.8,3251.5,47062400,3576.6,2926.4,4322.95,2866.6,3251.5,1,1,3250.7,10,1,3250.6,83,2,3250.5,90,3,3250.4,197,2,3251.9,7,1,3252.0,56,2,3252.1,58,2,3252.2,39,2,3252.3,67,3
11536,2025-12-30 14:34:45+05:30,3251.9,1,3253.18,1638809,91188.0,109264.0,3250.0,3267.5,3239.8,3251.5,47062400,3576.6,2926.4,4322.95,2866.6,3251.5,1,1,3250.8,21,1,3250.6,83,2,3250.5,92,2,3250.4,126,3,3252.0,127,5,3252.1,10,1,3252.2,44,2,3252.3,106,5,3252.4,54,3
11536,2025-12-30 14:34:45+05:30,3252.0,373,3253.18,1638809,91188.0,109264.0,3250.0,3267.5,3239.8,3251.5,47062400,3576.6,2926.4,4322.95,2866.6,3251.5,1,1,3250.8,21,1,3250.6,83,2,3250.5,92,2,3250.4,126,3,3252.0,127,5,3252.1,10,1,3252.2,44,2,3252.3,106,5,3252.4,54,3
11536,2025-12-30 14:34:46+05:30,3252.1,1,3253.18,1639310,87889.0,109154.0,3250.0,3267.5,3239.8,3251.5,47062400,3576.6,2926.4,4322.95,2866.6,3251.5,1,1,3250.8,21,1,3250.6,83,2,3250.5,135,3,3250.4,118,4,3252.1,180,8,3252.2,39,1,3252.3,21,1,3252.4,144,5,3252.5,63,5
11536,2025-12-30 14:34:46+05:30,3252.1,1,3253.18,1639310,87889.0,109154.0,3250.0,3267.5,3239.8,3251.5,47062400,3576.6,2926.4,4322.95,2866.6,3251.5,1,1,3250.8,21,1,3250.6,83,2,3250.5,135,3,3250.4,118,4,3252.1,180,8,3252.2,39,1,3252.3,21,1,3252.4,144,5,3252.5,63,5
11536,2025-12-30 14:34:47+05:30,3252.1,1,3253.18,1639343,89359.0,109199.0,3250.0,3267.5,3239.8,3251.5,47062400,3576.6,2926.4,4322.95,2866.6,3251.5,19,1,3250.8,21,1,3250.6,83,2,3250.5,74,2,3250.4,118,4,3252.1,169,7,3252.2,95,3,3252.3,21,1,3252.4,144,5,3252.5,63,5
11536,2025-12-30 14:34:47+05:30,3251.9,3,3253.18,1639343,89359.0,109199.0,3250.0,3267.5,3239.8,3251.5,47062400,3576.6,2926.4,4322.95,2866.6,3251.5,19,1,3250.8,21,1,3250.6,83,2,3250.5,74,2,3250.4,118,4,3252.1,169,7,3252.2,95,3,3252.3,21,1,3252.4,144,5,3252.5,63,5
11536,2025-12-30 14:34:48+05:30,3251.9,1,3253.18,1640416,89128.0,108902.0,3250.0,3267.5,3239.8,3251.5,47062400,3576.6,2926.4,4322.95,2866.6,3250.7,60,4,3250.6,32,1,3250.5,76,2,3250.4,19,1,3250.3,341,3,3252.0,66,2,3252.1,54,3,3252.2,16,1,3252.4,115,6,3252.5,6,2
11536,2025-12-30 14:34:48+05:30,3250.7,6,3253.18,1640416,89128.0,108902.0,3250.0,3267.5,3239.8,3251.5,47062400,3576.6,2926.4,4322.95,2866.6,3250.7,60,4,3250.6,32,1,3250.5,76,2,3250.4,19,1,3250.3,341,3,3252.0,66,2,3252.1,54,3,3252.2,16,1,3252.4,115,6,3252.5,6,2
11536,2025-12-30 14:34:49+05:30,3250.7,6,3253.18,1640455,89123.0,108894.0,3250.0,3267.5,3239.8,3251.5,47062400,3576.6,2926.4,4322.95,2866.6,3250.7,38,2,3250.6,32,1,3250.5,76,2,3250.4,40,2,3250.3,166,2,3252.0,76,3,3252.1,44,2,3252.2,48,2,3252.4,161,7,3252.5,51,4
11536,2025-12-30 14:34:49+05:30,3252.0,18,3253.18,1640455,89123.0,108894.0,3250.0,3267.5,3239.8,3251.5,47062400,3576.6,2926.4,4322.95,2866.6,3250.7,38,2,3250.6,32,1,3250.5,76,2,3250.4,40,2,3250.3,166,2,3252.0,76,3,3252.1,44,2,3252.2,48,2,3252.4,161,7,3252.5,51,4
11536,2025-12-30 14:34:50+05:30,3252.0,18,3253.18,1640502,88728.0,108981.0,3250.0,3267.5,3239.8,3251.5,47062400,3576.6,2926.4,4322.95,2866.6,3250.6,32,1,3250.5,14,1,3250.4,21,1,3250.3,193,3,3250.2,202,3,3251.9,103,4,3252.0,21,1,3252.1,47,3,3252.2,59,3,3252.3,92,3
11536,2025-12-30 14:34:51+05:30,3252.0,18,3253.18,1640502,89101.0,109011.0,3250.0,3267.5,3239.8,3251.5,47062400,3576.6,2926.4,4322.95,2866.6,3250.6,32,1,3250.5,14,1,3250.3,193,3,3250.2,202,3,3250.1,330,8,3251.9,103,4,3252.0,21,1,3252.1,47,3,3252.2,79,4,3252.3,92,3
11536,2025-12-30 14:34:51+05:30,3251.9,3,3253.18,1640502,89101.0,109011.0,3250.0,3267.5,3239.8,3251.5,47062400,3576.6,2926.4,4322.95,2866.6,3250.6,32,1,3250.5,14,1,3250.3,193,3,3250.2,202,3,3250.1,330,8,3251.9,103,4,3252.0,21,1,3252.1,47,3,3252.2,79,4,3252.3,92,3
11536,2025-12-30 14:34:52+05:30,3252.1,1,3253.18,1640688,89294.0,108727.0,3250.0,3267.5,3239.8,3251.5,47062400,3576.6,2926.4,4322.95,2866.6,3250.6,110,6,3250.5,14,1,3250.4,82,2,3250.3,233,4,3250.2,205,4,3252.1,83,4,3252.2,48,2,3252.3,46,2,3252.4,200,9,3252.5,27,3
11536,2025-12-30 14:34:52+05:30,3252.1,1,3253.18,1640688,89294.0,108727.0,3250.0,3267.5,3239.8,3251.5,47062400,3576.6,2926.4,4322.95,2866.6,3250.6,110,6,3250.5,14,1,3250.4,82,2,3250.3,233,4,3250.2,205,4,3252.1,83,4,3252.2,48,2,3252.3,46,2,3252.4,200,9,3252.5,27,3
11536,2025-12-30 14:34:53+05:30,3252.1,2,3253.18,1640692,89294.0,108695.0,3250.0,3267.5,3239.8,3251.5,47062400,3576.6,2926.4,4322.95,2866.6,3250.6,110,6,3250.5,14,1,3250.4,82,2,3250.3,236,5,3250.2,380,5,3252.1,40,2,3252.2,48,2,3252.3,46,2,3252.4,154,8,3252.5,27,3
11536,2025-12-30 14:34:53+05:30,3252.1,2,3253.18,1640692,89294.0,108695.0,3250.0,3267.5,3239.8,3251.5,47062400,3576.6,2926.4,4322.95,2866.6,3250.6,110,6,3250.5,14,1,3250.4,82,2,3250.3,236,5,3250.2,380,5,3252.1,40,2,3252.2,48,2,3252.3,46,2,3252.4,154,8,3252.5,27,3
11536,2025-12-30 14:34:54+05:30,3252.1,2,3253.18,1640692,89351.0,108679.0,3250.0,3267.5,3239.8,3251.5,47062400,3576.6,2926.4,4322.95,2866.6,3250.6,110,6,3250.5,14,1,3250.4,82,2,3250.3,210,3,3250.2,205,4,3252.1,66,4,3252.2,48,2,3252.3,27,1,3252.4,154,8,3252.5,27,3
11536,2025-12-30 14:34:54+05:30,3250.6,9,3253.18,1640692,89351.0,108679.0,3250.0,3267.5,3239.8,3251.5,47062400,3576.6,2926.4,4322.95,2866.6,3250.6,110,6,3250.5,14,1,3250.4,82,2,3250.3,210,3,3250.2,205,4,3252.1,66,4,3252.2,48,2,3252.3,27,1,3252.4,154,8,3252.5,27,3
11536,2025-12-30 14:34:55+05:30,3252.1,2,3253.18,1640703,89325.0,108677.0,3250.0,3267.5,3239.8,3251.5,47062400,3576.6,2926.4,4322.95,2866.6,3250.6,101,6,3250.5,14,1,3250.4,82,2,3250.3,210,3,3250.2,202,3,3252.1,64,4,3252.2,48,2,3252.3,27,1,3252.4,200,9,3252.5,27,3
11536,2025-12-30 14:34:55+05:30,3252.1,2,3253.18,1640703,89325.0,108677.0,3250.0,3267.5,3239.8,3251.5,47062400,3576.6,2926.4,4322.95,2866.6,3250.6,101,6,3250.5,14,1,3250.4,82,2,3250.3,210,3,3250.2,202,3,3252.1,64,4,3252.2,48,2,3252.3,27,1,3252.4,200,9,3252.5,27,3
11536,2025-12-30 14:34:56+05:30,3252.1,2,3253.18,1640703,89355.0,108689.0,3250.0,3267.5,3239.8,3251.5,47062400,3576.6,2926.4,4322.95,2866.6,3250.7,85,4,3250.6,41,3,3250.5,14,1,3250.4,82,2,3250.3,187,3,3252.1,71,4,3252.2,48,2,3252.3,27,1,3252.4,200,9,3252.5,35,4
11536,2025-12-30 14:34:57+05:30,3252.1,2,3253.18,1640703,89357.0,108700.0,3250.0,3267.5,3239.8,3251.5,47062400,3576.6,2926.4,4322.95,2866.6,3250.8,100,4,3250.7,80,3,3250.6,41,3,3250.5,14,1,3250.4,82,2,3252.1,73,4,3252.2,48,2,3252.3,27,1,3252.4,161,8,3252.5,84,5
11536,2025-12-30 14:34:57+05:30,3252.1,3,3253.18,1640703,89357.0,108700.0,3250.0,3267.5,3239.8,3251.5,47062400,3576.6,2926.4,4322.95,2866.6,3250.8,100,4,3250.7,80,3,3250.6,41,3,3250.5,14,1,3250.4,82,2,3252.1,73,4,3252.2,48,2,3252.3,27,1,3252.4,161,8,3252.5,84,5
11536,2025-12-30 14:34:58+05:30,3252.1,1,3253.18,1640789,85850.0,109050.0,3250.0,3267.5,3239.8,3251.5,47062400,3576.6,2926.4,4322.95,2866.6,3250.7,47,1,3250.4,60,2,3250.3,143,2,3250.2,202,3,3250.1,271,6,3252.0,103,4,3252.1,51,3,3252.2,117,5,3252.3,248,5,3252.4,131,7
11536,2025-12-30 14:34:58+05:30,3250.7,39,3253.18,1640789,85850.0,109050.0,3250.0,3267.5,3239.8,3251.5,47062400,3576.6,2926.4,4322.95,2866.6,3250.7,47,1,3250.4,60,2,3250.3,143,2,3250.2,202,3,3250.1,271,6,3252.0,103,4,3252.1,51,3,3252.2,117,5,3252.3,248,5,3252.4,131,7
11536,2025-12-30 14:34:59+05:30,3251.9,1,3253.18,1640829,85775.0,109100.0,3250.0,3267.5,3239.8,3251.5,47062400,3576.6,2926.4,4322.95,2866.6,3250.7,8,1,3250.4,60,2,3250.3,143,2,3250.2,196,2,3250.1,248,5,3251.9,81,4,3252.0,31,1,3252.1,102,3,3252.2,163,6,3252.3,229,5
11536,2025-12-30 14:34:59+05:30,3251.9,3,3253.18,1640829,85775.0,109100.0,3250.0,3267.5,3239.8,3251.5,47062400,3576.6,2926.4,4322.95,2866.6,3250.7,8,1,3250.4,60,2,3250.3,143,2,3250.2,196,2,3250.1,248,5,3251.9,81,4,3252.0,31,1,3252.1,102,3,3252.2,163,6,3252.3,229,5
11536,2025-12-30 14:35:00+05:30,3251.9,1,3253.18,1640833,88974.0,109092.0,3250.0,3267.5,3239.8,3251.5,47062400,3576.6,2926.4,4322.95,2866.6,3250.7,8,1,3250.4,60,2,3250.3,143,2,3250.2,202,3,3250.1,292,6,3251.9,77,4,3252.0,31,1,3252.1,102,3,3252.2,163,6,3252.3,229,5
11536,2025-12-30 14:35:00+05:30,3251.9,1,3253.18,1640833,88974.0,109092.0,3250.0,3267.5,3239.8,3251.5,47062400,3576.6,2926.4,4322.95,2866.6,3250.7,8,1,3250.4,60,2,3250.3,143,2,3250.2,202,3,3250.1,292,6,3251.9,77,4,3252.0,31,1,3252.1,102,3,3252.2,163,6,3252.3,229,5
11536,2025-12-30 14:35:01+05:30,3251.9,2,3253.18,1640835,89048.0,108932.0,3250.0,3267.5,3239.8,3251.5,47062400,3576.6,2926.4,4322.95,2866.6,3250.7,8,1,3250.4,60,2,3250.3,146,3,3250.2,27,2,3250.1,73,4,3251.9,89,5,3252.0,48,2,3252.1,41,2,3252.2,102,5,3252.3,211,4
11536,2025-12-30 14:35:01+05:30,3251.9,2,3253.18,1640835,89048.0,108932.0,3250.0,3267.5,3239.8,3251.5,47062400,3576.6,2926.4,4322.95,2866.6,3250.7,8,1,3250.4,60,2,3250.3,146,3,3250.2,27,2,3250.1,73,4,3251.9,89,5,3252.0,48,2,3252.1,41,2,3252.2,102,5,3252.3,211,4
11536,2025-12-30 14:35:02+05:30,3251.9,2,3253.18,1640835,89043.0,108972.0,3250.0,3267.5,3239.8,3251.5,47062400,3576.6,2926.4,4322.95,2866.6,3250.7,8,1,3250.4,60,2,3250.3,146,3,3250.2,27,2,3250.1,73,4,3251.8,48,6,3251.9,38,2,3252.0,48,2,3252.1,63,3,3252.2,102,5
11536,2025-12-30 14:35:02+05:30,3250.1,21,3253.18,1640835,89043.0,108972.0,3250.0,3267.5,3239.8,3251.5,47062400,3576.6,2926.4,4322.95,2866.6,3250.7,8,1,3250.4,60,2,3250.3,146,3,3250.2,27,2,3250.1,73,4,3251.8,48,6,3251.9,38,2,3252.0,48,2,3252.1,63,3,3252.2,102,5
11536,2025-12-30 14:35:03+05:30,3250.1,21,3253.18,1641893,89221.0,109052.0,3250.0,3267.5,3239.8,3251.5,47062400,3576.6,2926.4,4322.95,2866.6,3250.3,33,1,3250.2,16,1,3250.1,97,3,3250.0,342,11,3249.9,258,5,3251.6,144,5,3251.7,17,1,3251.8,24,3,3251.9,57,2,3252.0,188,8
11536,2025-12-30 14:35:04+05:30,3251.6,7,3253.18,1641900,89276.0,109045.0,3250.0,3267.5,3239.8,3251.5,47062400,3576.6,2926.4,4322.95,2866.6,3250.3,43,2,3250.1,76,2,3250.0,353,11,3249.9,281,6,3249.8,99,6,3251.6,137,5,3251.7,27,2,3251.8,14,2,3251.9,57,2,3252.0,188,8
11536,2025-12-30 14:35:04+05:30,3251.8,6,3253.18,1641900,89276.0,109045.0,3250.0,3267.5,3239.8,3251.5,47062400,3576.6,2926.4,4322.95,2866.6,3250.3,43,2,3250.1,76,2,3250.0,353,11,3249.9,281,6,3249.8,99,6,3251.6,137,5,3251.7,27,2,3251.8,14,2,3251.9,57,2,3252.0,188,8
11536,2025-12-30 14:35:05+05:30,3251.6,1,3253.18,1642050,89549.0,109255.0,3250.0,3267.5,3239.8,3251.5,47062400,3576.6,2926.4,4322.95,2866.6,3250.4,43,2,3250.2,81,2,3250.1,76,2,3250.0,353,11,3249.9,286,6,3251.6,83,4,3251.7,76,4,3251.8,7,1,3251.9,57,2,3252.0,190,8
11536,2025-12-30 14:35:05+05:30,3251.6,1,3253.18,1642050,89549.0,109255.0,3250.0,3267.5,3239.8,3251.5,47062400,3576.6,2926.4,4322.95,2866.6,3250.4,43,2,3250.2,81,2,3250.1,76,2,3250.0,353,11,3249.9,286,6,3251.6,83,4,3251.7,76,4,3251.8,7,1,3251.9,57,2,3252.0,190,8
11536,2025-12-30 14:35:06+05:30,3251.6,1,3253.18,1642050,89309.0,109264.0,3250.0,3267.5,3239.8,3251.5,47062400,3576.6,2926.4,4322.95,2866.6,3250.4,45,1,3250.2,31,1,3250.0,327,10,3249.9,199,3,3249.8,101,5,3251.6,83,4,3251.7,100,4,3251.8,7,1,3251.9,121,4,3252.0,126,6
11536,2025-12-30 14:35:07+05:30,3251.6,1,3253.18,1642050,87764.0,109249.0,3250.0,3267.5,3239.8,3251.5,47062400,3576.6,2926.4,4322.95,2866.6,3250.4,45,1,3250.0,131,8,3249.9,24,2,3249.8,68,4,3249.7,16,1,3251.0,1,1,3251.6,114,6,3251.7,100,4,3251.8,75,3,3251.9,86,4
11536,2025-12-30 14:35:07+05:30,3251.0,4,3253.18,1642050,87764.0,109249.0,3250.0,3267.5,3239.8,3251.5,47062400,3576.6,2926.4,4322.95,2866.6,3250.4,45,1,3250.0,131,8,3249.9,24,2,3249.8,68,4,3249.7,16,1,3251.0,1,1,3251.6,114,6,3251.7,100,4,3251.8,75,3,3251.9,86,4
11536,2025-12-30 14:35:08+05:30,3252.3,2,3253.18,1643382,89225.0,109034.0,3250.0,3267.5,3239.8,3251.5,47062400,3576.6,2926.4,4322.95,2866.6,3250.6,49,2,3250.5,44,2,3250.4,88,4,3250.2,21,1,3250.1,107,2,3251.7,87,4,3251.8,34,2,3251.9,17,1,3252.0,18,1,3252.1,50,2
11536,2025-12-30 14:35:08+05:30,3252.3,2,3253.18,1643382,89225.0,109034.0,3250.0,3267.5,3239.8,3251.5,47062400,3576.6,2926.4,4322.95,2866.6,3250.6,49,2,3250.5,44,2,3250.4,88,4,3250.2,21,1,3250.1,107,2,3251.7,87,4,3251.8,34,2,3251.9,17,1,3252.0,18,1,3252.1,50,2
11536,2025-12-30 14:35:09+05:30,3252.3,2,3253.18,1643382,88966.0,110138.0,3250.0,3267.5,3239.8,3251.5,47062400,3576.6,2926.4,4322.95,2866.6,3250.4,45,1,3250.0,131,8,3249.9,55,4,3249.8,61,4,3249.7,49,2,3250.6,4,1,3250.9,8,1,3251.0,23,2,3251.4,53,3,3251.5,166,1
11536,2025-12-30 14:35:09+05:30,3250.6,38,3253.18,1643382,88966.0,110138.0,3250.0,3267.5,3239.8,3251.5,47062400,3576.6,2926.4,4322.95,2866.6,3250.4,45,1,3250.0,131,8,3249.9,55,4,3249.8,61,4,3249.7,49,2,3250.6,4,1,3250.9,8,1,3251.0,23,2,3251.4,53,3,3251.5,166,1
11536,2025-12-30 14:35:10+05:30,3250.6,38,3253.18,1643421,88911.0,110271.0,3250.0,3267.5,3239.8,3251.5,47062400,3576.6,2926.4,4322.95,2866.6,3250.4,45,1,3250.0,131,8,3249.9,55,4,3249.8,61,4,3249.7,49,2,3250.6,1,1,3250.9,8,1,3251.0,6,1,3251.2,17,1,3251.4,109,4
11536,2025-12-30 14:35:11+05:30,3250.6,38,3253.18,1643421,90422.0,110230.0,3250.0,3267.5,3239.8,3251.5,47062400,3576.6,2926.4,4322.95,2866.6,3250.4,45,1,3250.1,27,1,3250.0,131,8,3249.9,27,3,3249.8,17,3,3250.6,1,1,3250.9,16,1,3251.1,11,1,3251.2,37,2,3251.3,21,1
11536,2025-12-30 14:35:11+05:30,3250.6,1,3253.18,1643421,90422.0,110230.0,3250.0,3267.5,3239.8,3251.5,47062400,3576.6,2926.4,4322.95,2866.6,3250.4,45,1,3250.1,27,1,3250.0,131,8,3249.9,27,3,3249.8,17,3,3250.6,1,1,3250.9,16,1,3251.1,11,1,3251.2,37,2,3251.3,21,1
11536,2025-12-30 14:35:12+05:30,3250.6,1,3253.18,1643422,90454.0,110298.0,3250.0,3267.5,3239.8,3251.5,47062400,3576.6,2926.4,4322.95,2866.6,3250.6,1,1,3250.4,45,1,3250.0,131,8,3249.9,27,3,3249.8,17,3,3251.1,39,3,3251.2,37,2,3251.3,48,2,3251.4,44,3,3251.5,56,2
11536,2025-12-30 14:35:12+05:30,3251.1,2,3253.18,1643422,90454.0,110298.0,3250.0,3267.5,3239.8,3251.5,47062400,3576.6,2926.4,4322.95,2866.6,3250.6,1,1,3250.4,45,1,3250.0,131,8,3249.9,27,3,3249.8,17,3,3251.1,39,3,3251.2,37,2,3251.3,48,2,3251.4,44,3,3251.5,56,2
11536,2025-12-30 14:35:13+05:30,3250.6,1,3253.18,1643425,90458.0,110459.0,3250.0,3267.5,3239.8,3251.5,47062400,3576.6,2926.4,4322.95,2866.6,3250.4,45,1,3250.0,136,9,3249.9,27,3,3249.8,17,3,3249.7,16,1,3251.1,37,3,3251.2,21,1,3251.3,63,3,3251.4,44,3,3251.5,24,1
11536,2025-12-30 14:35:13+05:30,3250.6,1,3253.18,1643425,90458.0,110459.0,3250.0,3267.5,3239.8,3251.5,47062400,3576.6,2926.4,4322.95,2866.6,3250.4,45,1,3250.0,136,9,3249.9,27,3,3249.8,17,3,3249.7,16,1,3251.1,37,3,3251.2,21,1,3251.3,63,3,3251.4,44,3,3251.5,24,1
11536,2025-12-30 14:35:14+05:30,3250.6,1,3253.18,1643425,90458.0,108959.0,3250.0,3267.5,3239.8,3251.5,47062400,3576.6,2926.4,4322.95,2866.6,3250.4,45,1,3250.0,136,9,3249.9,27,3,3249.8,17,3,3249.7,16,1,3251.1,37,3,3251.2,31,2,3251.3,63,3,3251.4,76,4,3251.5,49,2
11536,2025-12-30 14:35:15+05:30,3251.1,1,3253.18,1643426,90456.0,110197.0,3250.0,3267.5,3239.8,3251.5,47062400,3576.6,2926.4,4322.95,2866.6,3250.4,45,1,3250.0,136,9,3249.9,27,3,3249.8,17,3,3249.7,16,1,3251.1,50,4,3251.2,31,2,3251.3,63,3,3251.4,76,4,3251.5,49,2
11536,2025-12-30 14:35:15+05:30,3251.1,1,3253.18,1643426,90456.0,110197.0,3250.0,3267.5,3239.8,3251.5,47062400,3576.6,2926.4,4322.95,2866.6,3250.4,45,1,3250.0,136,9,3249.9,27,3,3249.8,17,3,3249.7,16,1,3251.1,50,4,3251.2,31,2,3251.3,63,3,3251.4,76,4,3251.5,49,2
11536,2025-12-30 14:35:16+05:30,3251.1,1,3253.18,1643427,90456.0,110196.0,3250.0,3267.5,3239.8,3251.5,47062400,3576.6,2926.4,4322.95,2866.6,3250.4,45,1,3250.0,136,9,3249.9,27,3,3249.8,17,3,3249.7,16,1,3251.1,49,4,3251.2,31,2,3251.3,63,3,3251.4,76,4,3251.5,49,2
11536,2025-12-30 14:35:16+05:30,3251.1,1,3253.18,1643427,90456.0,110196.0,3250.0,3267.5,3239.8,3251.5,47062400,3576.6,2926.4,4322.95,2866.6,3250.4,45,1,3250.0,136,9,3249.9,27,3,3249.8,17,3,3249.7,16,1,3251.1,49,4,3251.2,31,2,3251.3,63,3,3251.4,76,4,3251.5,49,2
11536,2025-12-30 14:35:17+05:30,3251.1,1,3253.18,1643428,90456.0,110196.0,3250.0,3267.5,3239.8,3251.5,47062400,3576.6,2926.4,4322.95,2866.6,3250.4,45,1,3250.0,136,9,3249.9,27,3,3249.8,17,3,3249.7,16,1,3251.1,48,4,3251.2,31,2,3251.3,48,2,3251.4,92,5,3251.5,49,2
11536,2025-12-30 14:35:17+05:30,3249.7,39,3253.18,1643428,90456.0,110196.0,3250.0,3267.5,3239.8,3251.5,47062400,3576.6,2926.4,4322.95,2866.6,3250.4,45,1,3250.0,136,9,3249.9,27,3,3249.8,17,3,3249.7,16,1,3251.1,48,4,3251.2,31,2,3251.3,48,2,3251.4,92,5,3251.5,49,2
11536,2025-12-30 14:35:18+05:30,3249.7,39,3253.18,1644487,85876.0,110410.0,3250.0,3267.5,3239.8,3251.5,47062400,3576.6,2926.4,4322.95,2866.6,3249.8,30,1,3249.7,110,5,3249.6,72,6,3249.5,1,1,3249.4,111,3,3251.1,104,6,3251.2,39,2,3251.3,27,1,3251.4,118,6,3251.5,263,3
11536,2025-12-30 14:35:18+05:30,3249.8,1,3253.18,1644487,85876.0,110410.0,3250.0,3267.5,3239.8,3251.5,47062400,3576.6,2926.4,4322.95,2866.6,3249.8,30,1,3249.7,110,5,3249.6,72,6,3249.5,1,1,3249.4,111,3,3251.1,104,6,3251.2,39,2,3251.3,27,1,3251.4,118,6,3251.5,263,3
11536,2025-12-30 14:35:19+05:30,3249.8,1,3253.18,1644521,88930.0,111531.0,3250.0,3267.5,3239.8,3251.5,47062400,3576.6,2926.4,4322.95,2866.6,3249.7,1,1,3249.6,60,6,3249.5,2,2,3249.3,13,1,3249.2,6,2,3249.8,3,1,3250.1,19,2,3250.2,3,1,3250.3,33,3,3250.4,22,3
11536,2025-12-30 14:35:19+05:30,3250.3,8,3253.18,1644521,88930.0,111531.0,3250.0,3267.5,3239.8,3251.5,47062400,3576.6,2926.4,4322.95,2866.6,3249.7,1,1,3249.6,60,6,3249.5,2,2,3249.3,13,1,3249.2,6,2,3249.8,3,1,3250.1,19,2,3250.2,3,1,3250.3,33,3,3250.4,22,3
11536,2025-12-30 14:35:20+05:30,3250.3,8,3253.18,1644568,89021.0,111429.0,3250.0,3267.5,3239.8,3251.5,47062400,3576.6,2926.4,4322.95,2866.6,3249.7,1,1,3249.6,60,6,3249.5,2,2,3249.3,13,1,3249.2,6,2,3249.8,14,1,3250.3,41,4,3250.4,20,2,3250.5,20,2,3250.6,94,6
11536,2025-12-30 14:35:20+05:30,3249.8,1,3253.18,1644568,89021.0,111429.0,3250.0,3267.5,3239.8,3251.5,47062400,3576.6,2926.4,4322.95,2866.6,3249.7,1,1,3249.6,60,6,3249.5,2,2,3249.3,13,1,3249.2,6,2,3249.8,14,1,3250.3,41,4,3250.4,20,2,3250.5,20,2,3250.6,94,6
11536,2025-12-30 14:35:21+05:30,3249.8,1,3253.18,1644572,89196.0,111315.0,3250.0,3267.5,3239.8,3251.5,47062400,3576.6,2926.4,4322.95,2866.6,3249.7,1,1,3249.6,60,6,3249.5,2,2,3249.3,13,1,3249.2,6,2,3249.8,10,1,3250.3,41,4,3250.4,20,2,3250.5,20,2,3250.6,92,5
11536,2025-12-30 14:35:21+05:30,3249.8,3,3253.18,1644572,89196.0,111315.0,3250.0,3267.5,3239.8,3251.5,47062400,3576.6,2926.4,4322.95,2866.6,3249.7,1,1,3249.6,60,6,3249.5,2,2,3249.3,13,1,3249.2,6,2,3249.8,10,1,3250.3,41,4,3250.4,20,2,3250.5,20,2,3250.6,92,5
11536,2025-12-30 14:35:22+05:30,3250.8,14,3253.17,1644758,89531.0,111074.0,3250.0,3267.5,3239.8,3251.5,47062400,3576.6,2926.4,4322.95,2866.6,3249.7,54,2,3249.6,60,6,3249.5,2,2,3249.3,13,1,3249.2,27,3,3250.7,193,8,3250.8,35,2,3250.9,42,2,3251.0,132,5,3251.1,162,6
11536,2025-12-30 14:35:22+05:30,3250.8,14,3253.17,1644758,89531.0,111074.0,3250.0,3267.5,3239.8,3251.5,47062400,3576.6,2926.4,4322.95,2866.6,3249.7,54,2,3249.6,60,6,3249.5,2,2,3249.3,13,1,3249.2,27,3,3250.7,193,8,3250.8,35,2,3250.9,42,2,3251.0,132,5,3251.1,162,6
11536,2025-12-30 14:35:23+05:30,3250.8,14,3253.17,1644758,89537.0,111074.0,3250.0,3267.5,3239.8,3251.5,47062400,3576.6,2926.4,4322.95,2866.6,3249.7,54,2,3249.6,60,6,3249.5,2,2,3249.3,13,1,3249.2,27,3,3250.7,193,8,3250.8,35,2,3250.9,42,2,3251.0,132,5,3251.1,162,6
11536,2025-12-30 14:35:24+05:30,3250.8,14,3253.17,1644758,89468.0,111018.0,3250.0,3267.5,3239.8,3251.5,47062400,3576.6,2926.4,4322.95,2866.6,3250.0,12,1,3249.7,54,2,3249.6,60,6,3249.5,2,2,3249.3,13,1,3250.7,112,5,3250.8,40,2,3250.9,32,1,3251.0,89,4,3251.1,73,4
11536,2025-12-30 14:35:25+05:30,3250.7,1,3253.17,1644759,89776.0,111060.0,3250.0,3267.5,3239.8,3251.5,47062400,3576.6,2926.4,4322.95,2866.6,3250.0,187,2,3249.9,22,1,3249.7,54,2,3249.6,60,6,3249.5,2,2,3250.7,97,4,3250.8,30,1,3250.9,32,1,3251.0,39,2,3251.1,73,4
11536,2025-12-30 14:35:25+05:30,3250.7,1,3253.17,1644759,89776.0,111060.0,3250.0,3267.5,3239.8,3251.5,47062400,3576.6,2926.4,4322.95,2866.6,3250.0,187,2,3249.9,22,1,3249.7,54,2,3249.6,60,6,3249.5,2,2,3250.7,97,4,3250.8,30,1,3250.9,32,1,3251.0,39,2,3251.1,73,4
11536,2025-12-30 14:35:26+05:30,3250.7,1,3253.17,1644759,89856.0,111309.0,3250.0,3267.5,3239.8,3251.5,47062400,3576.6,2926.4,4322.95,2866.6,3250.0,301,3,3249.9,22,1,3249.7,54,2,3249.6,60,6,3249.5,2,2,3250.7,97,4,3250.8,16,1,3250.9,32,1,3251.0,33,1,3251.1,73,4
11536,2025-12-30 14:35:27+05:30,3250.7,4,3253.17,1644763,90474.0,111221.0,3250.0,3267.5,3239.8,3251.5,47062400,3576.6,2926.4,4322.95,2866.6,3250.0,301,3,3249.9,22,1,3249.7,54,2,3249.6,60,6,3249.5,46,3,3250.7,67,3,3250.8,16,1,3251.0,26,1,3251.1,56,3,3251.2,195,2
11536,2025-12-30 14:35:27+05:30,3250.7,3,3253.17,1644763,90474.0,111221.0,3250.0,3267.5,3239.8,3251.5,47062400,3576.6,2926.4,4322.95,2866.6,3250.0,301,3,3249.9,22,1,3249.7,54,2,3249.6,60,6,3249.5,46,3,3250.7,67,3,3250.8,16,1,3251.0,26,1,3251.1,56,3,3251.2,195,2
11536,2025-12-30 14:35:28+05:30,3250.0,4,3253.17,1644770,90214.0,110949.0,3250.0,3267.5,3239.8,3251.5,47062400,3576.6,2926.4,4322.95,2866.6,3250.0,318,4,3249.9,43,2,3249.7,56,3,3249.6,60,6,3249.5,2,2,3250.7,92,5,3250.8,10,1,3250.9,39,1,3251.0,39,1,3251.1,83,4
11536,2025-12-30 14:35:28+05:30,3250.0,31,3253.17,1644770,90214.0,110949.0,3250.0,3267.5,3239.8,3251.5,47062400,3576.6,2926.4,4322.95,2866.6,3250.0,318,4,3249.9,43,2,3249.7,56,3,3249.6,60,6,3249.5,2,2,3250.7,92,5,3250.8,10,1,3250.9,39,1,3251.0,39,1,3251.1,83,4
11536,2025-12-30 14:35:29+05:30,3250.0,31,3253.17,1644810,90212.0,110990.0,3250.0,3267.5,3239.8,3251.5,47062400,3576.6,2926.4,4322.95,2866.6,3250.0,313,5,3249.9,21,1,3249.7,56,3,3249.6,60,6,3249.5,2,2,3250.7,91,5,3250.8,10,1,3250.9,39,1,3251.0,39,1,3251.1,125,5
11536,2025-12-30 14:35:29+05:30,3250.7,1,3253.17,1644810,90212.0,110990.0,3250.0,3267.5,3239.8,3251.5,47062400,3576.6,2926.4,4322.95,2866.6,3250.0,313,5,3249.9,21,1,3249.7,56,3,3249.6,60,6,3249.5,2,2,3250.7,91,5,3250.8,10,1,3250.9,39,1,3251.0,39,1,3251.1,125,5
11536,2025-12-30 14:35:30+05:30,3250.7,1,3253.17,1644811,89943.0,110837.0,3250.0,3267.5,3239.8,3251.5,47062400,3576.6,2926.4,4322.95,2866.6,3250.6,4,1,3250.0,313,5,3249.9,21,1,3249.7,56,3,3249.6,82,7,3250.7,90,5,3250.8,10,1,3250.9,58,2,3251.0,59,2,3251.1,125,5
11536,2025-12-30 14:35:31+05:30,3250.6,4,3253.17,1644815,90093.0,110961.0,3250.0,3267.5,3239.8,3251.5,47062400,3576.6,2926.4,4322.95,2866.6,3250.0,313,5,3249.9,21,1,3249.7,56,3,3249.6,60,6,3249.5,2,2,3250.7,90,5,3250.8,10,1,3250.9,58,2,3251.0,59,2,3251.1,125,5
11536,2025-12-30 14:35:31+05:30,3250.7,1,3253.17,1644815,90093.0,110961.0,3250.0,3267.5,3239.8,3251.5,47062400,3576.6,2926.4,4322.95,2866.6,3250.0,313,5,3249.9,21,1,3249.7,56,3,3249.6,60,6,3249.5,2,2,3250.7,90,5,3250.8,10,1,3250.9,58,2,3251.0,59,2,3251.1,125,5
11536,2025-12-30 14:35:32+05:30,3250.7,1,3253.17,1644819,90258.0,110772.0,3250.0,3267.5,3239.8,3251.5,47062400,3576.6,2926.4,4322.95,2866.6,3250.0,313,5,3249.9,21,1,3249.7,56,3,3249.6,60,6,3249.5,48,3,3250.7,34,3,3250.8,15,1,3250.9,41,2,3251.0,25,1,3251.1,49,3
11536,2025-12-30 14:35:32+05:30,3249.6,20,3253.17,1644819,90258.0,110772.0,3250.0,3267.5,3239.8,3251.5,47062400,3576.6,2926.4,4322.95,2866.6,3250.0,313,5,3249.9,21,1,3249.7,56,3,3249.6,60,6,3249.5,48,3,3250.7,34,3,3250.8,15,1,3250.9,41,2,3251.0,25,1,3251.1,49,3
11536,2025-12-30 14:35:33+05:30,3249.6,20,3253.17,1645877,88796.0,111419.0,3250.0,3267.5,3239.8,3251.5,47062400,3576.6,2926.4,4322.95,2866.6,3249.6,45,6,3249.5,12,3,3249.3,13,1,3249.2,6,2,3249.1,164,5,3250.7,104,6,3250.8,52,4,3250.9,18,1,3251.0,67,4,3251.1,132,6
11536,2025-12-30 14:35:34+05:30,3249.6,20,3253.17,1645877,88840.0,111441.0,3250.0,3267.5,3239.8,3251.5,47062400,3576.6,2926.4,4322.95,2866.6,3249.6,45,6,3249.5,12,3,3249.3,13,1,3249.2,6,2,3249.1,208,6,3250.7,90,5,3250.8,52,4,3250.9,18,1,3251.0,67,4,3251.1,176,7
11536,2025-12-30 14:35:34+05:30,3250.7,12,3253.17,1645877,88840.0,111441.0,3250.0,3267.5,3239.8,3251.5,47062400,3576.6,2926.4,4322.95,2866.6,3249.6,45,6,3249.5,12,3,3249.3,13,1,3249.2,6,2,3249.1,208,6,3250.7,90,5,3250.8,52,4,3250.9,18,1,3251.0,67,4,3251.1,176,7
11536,2025-12-30 14:35:35+05:30,3250.7,1,3253.17,1645925,88875.0,111437.0,3250.0,3267.5,3239.8,3251.5,47062400,3576.6,2926.4,4322.95,2866.6,3249.6,45,6,3249.5,12,3,3249.3,43,2,3249.2,6,2,3249.1,281,8,3250.7,54,3,3250.8,52,4,3250.9,18,1,3251.0,67,4,3251.1,130,6
11536,2025-12-30 14:35:35+05:30,3250.7,1,3253.17,1645925,88875.0,111437.0,3250.0,3267.5,3239.8,3251.5,47062400,3576.6,2926.4,4322.95,2866.6,3249.6,45,6,3249.5,12,3,3249.3,43,2,3249.2,6,2,3249.1,281,8,3250.7,54,3,3250.8,52,4,3250.9,18,1,3251.0,67,4,3251.1,130,6
11536,2025-12-30 14:35:36+05:30,3250.7,1,3253.17,1645925,88994.0,111014.0,3250.0,3267.5,3239.8,3251.5,47062400,3576.6,2926.4,4322.95,2866.6,3249.6,45,6,3249.5,12,3,3249.3,43,2,3249.2,48,4,3249.1,255,8,3250.2,123,1,3250.8,61,5,3250.9,28,2,3251.0,67,4,3251.1,165,6
11536,2025-12-30 14:35:37+05:30,3250.7,1,3253.17,1645925,89025.0,111438.0,3250.0,3267.5,3239.8,3251.5,47062400,3576.6,2926.4,4322.95,2866.6,3249.6,66,8,3249.5,25,4,3249.4,25,1,3249.3,117,5,3249.2,48,5,3250.2,123,1,3250.8,59,4,3250.9,28,2,3251.0,67,4,3251.1,129,4
11536,2025-12-30 14:35:37+05:30,3250.2,4,3253.17,1645925,89025.0,111438.0,3250.0,3267.5,3239.8,3251.5,47062400,3576.6,2926.4,4322.95,2866.6,3249.6,66,8,3249.5,25,4,3249.4,25,1,3249.3,117,5,3249.2,48,5,3250.2,123,1,3250.8,59,4,3250.9,28,2,3251.0,67,4,3251.1,129,4
11536,2025-12-30 14:35:38+05:30,3250.2,4,3253.17,1645929,89058.0,110932.0,3250.0,3267.5,3239.8,3251.5,47062400,3576.6,2926.4,4322.95,2866.6,3249.6,56,7,3249.5,12,3,3249.4,55,2,3249.3,87,4,3249.2,48,5,3250.2,119,1,3250.8,59,4,3250.9,28,2,3251.0,67,4,3251.1,129,4
11536,2025-12-30 14:35:38+05:30,3249.6,6,3253.17,1645929,89058.0,110932.0,3250.0,3267.5,3239.8,3251.5,47062400,3576.6,2926.4,4322.95,2866.6,3249.6,56,7,3249.5,12,3,3249.4,55,2,3249.3,87,4,3249.2,48,5,3250.2,119,1,3250.8,59,4,3250.9,28,2,3251.0,67,4,3251.1,129,4
11536,2025-12-30 14:35:39+05:30,3249.6,6,3253.17,1645973,89092.0,110906.0,3250.0,3267.5,3239.8,3251.5,47062400,3576.6,2926.4,4322.95,2866.6,3249.6,90,6,3249.5,12,3,3249.4,55,2,3249.3,87,4,3249.2,48,5,3250.2,119,1,3250.8,59,4,3250.9,18,1,3251.0,67,4,3251.1,83,3
11536,2025-12-30 14:35:39+05:30,3250.2,36,3253.17,1645973,89092.0,110906.0,3250.0,3267.5,3239.8,3251.5,47062400,3576.6,2926.4,4322.95,2866.6,3249.6,90,6,3249.5,12,3,3249.4,55,2,3249.3,87,4,3249.2,48,5,3250.2,119,1,3250.8,59,4,3250.9,18,1,3251.0,67,4,3251.1,83,3
11536,2025-12-30 14:35:40+05:30,3250.2,36,3253.17,1646010,89154.0,111190.0,3250.0,3267.5,3239.8,3251.5,47062400,3576.6,2926.4,4322.95,2866.6,3250.0,11,1,3249.6,90,6,3249.5,12,3,3249.3,65,3,3249.2,69,6,3250.2,83,1,3250.8,37,3,3250.9,18,1,3251.0,57,4,3251.1,101,4
11536,2025-12-30 14:35:40+05:30,3250.2,1,3253.17,1646010,89154.0,111190.0,3250.0,3267.5,3239.8,3251.5,47062400,3576.6,2926.4,4322.95,2866.6,3250.0,11,1,3249.6,90,6,3249.5,12,3,3249.3,65,3,3249.2,69,6,3250.2,83,1,3250.8,37,3,3250.9,18,1,3251.0,57,4,3251.1,101,4
11536,2025-12-30 14:35:41+05:30,3250.2,1,3253.17,1646011,89200.0,110839.0,3250.0,3267.5,3239.8,3251.5,47062400,3576.6,2926.4,4322.95,2866.6,3250.0,11,1,3249.9,22,1,3249.6,68,5,3249.5,12,3,3249.4,25,1,3250.2,82,1,3250.8,37,3,3250.9,18,1,3251.0,57,4,3251.1,101,4
11536,2025-12-30 14:35:42+05:30,3250.2,1,3253.17,1646011,89200.0,110839.0,3250.0,3267.5,3239.8,3251.5,47062400,3576.6,2926.4,4322.95,2866.6,3250.0,11,1,3249.9,22,1,3249.6,68,5,3249.5,12,3,3249.4,25,1,3250.2,82,1,3250.8,37,3,3250.9,18,1,3251.0,57,4,3251.1,101,4
11536,2025-12-30 14:35:42+05:30,3250.2,1,3253.17,1646013,89200.0,110837.0,3250.0,3267.5,3239.8,3251.5,47062400,3576.6,2926.4,4322.95,2866.6,3250.0,11,1,3249.9,22,1,3249.6,68,5,3249.5,12,3,3249.4,25,1,3250.2,80,1,3250.8,37,3,3250.9,18,1,3251.0,57,4,3251.1,101,4
11536,2025-12-30 14:35:42+05:30,3250.8,14,3253.17,1646013,89200.0,110837.0,3250.0,3267.5,3239.8,3251.5,47062400,3576.6,2926.4,4322.95,2866.6,3250.0,11,1,3249.9,22,1,3249.6,68,5,3249.5,12,3,3249.4,25,1,3250.2,80,1,3250.8,37,3,3250.9,18,1,3251.0,57,4,3251.1,101,4
11536,2025-12-30 14:35:43+05:30,3250.3,1,3253.17,1646278,89098.0,111448.0,3250.0,3267.5,3239.8,3251.5,47062400,3576.6,2926.4,4322.95,2866.6,3250.0,21,1,3249.6,56,3,3249.5,12,3,3249.3,46,3,3249.2,201,8,3250.3,122,1,3250.7,54,2,3250.8,20,3,3250.9,18,1,3251.0,38,3
11536,2025-12-30 14:35:43+05:30,3250.3,1,3253.17,1646278,89098.0,111448.0,3250.0,3267.5,3239.8,3251.5,47062400,3576.6,2926.4,4322.95,2866.6,3250.0,21,1,3249.6,56,3,3249.5,12,3,3249.3,46,3,3249.2,201,8,3250.3,122,1,3250.7,54,2,3250.8,20,3,3250.9,18,1,3251.0,38,3
11536,2025-12-30 14:35:44+05:30,3250.3,1,3253.17,1646278,89102.0,111470.0,3250.0,3267.5,3239.8,3251.5,47062400,3576.6,2926.4,4322.95,2866.6,3250.0,21,1,3249.6,56,3,3249.5,12,3,3249.3,46,3,3249.2,201,8,3250.3,122,1,3250.7,54,2,3250.8,20,3,3250.9,18,1,3251.0,38,3
11536,2025-12-30 14:35:45+05:30,3250.3,1,3253.17,1646278,89102.0,111470.0,3250.0,3267.5,3239.8,3251.5,47062400,3576.6,2926.4,4322.95,2866.6,3250.0,21,1,3249.6,56,3,3249.5,12,3,3249.3,46,3,3249.2,201,8,3250.3,122,1,3250.7,54,2,3250.8,20,3,3250.9,18,1,3251.0,38,3
11536,2025-12-30 14:35:45+05:30,3250.3,1,3253.17,1646279,89084.0,111517.0,3250.0,3267.5,3239.8,3251.5,47062400,3576.6,2926.4,4322.95,2866.6,3249.7,21,1,3249.6,56,3,3249.5,12,3,3249.3,46,3,3249.2,180,7,3250.3,121,1,3250.6,25,1,3250.7,29,1,3250.8,20,3,3250.9,18,1
11536,2025-12-30 14:35:45+05:30,3250.3,1,3253.17,1646279,89084.0,111517.0,3250.0,3267.5,3239.8,3251.5,47062400,3576.6,2926.4,4322.95,2866.6,3249.7,21,1,3249.6,56,3,3249.5,12,3,3249.3,46,3,3249.2,180,7,3250.3,121,1,3250.6,25,1,3250.7,29,1,3250.8,20,3,3250.9,18,1
11536,2025-12-30 14:35:46+05:30,3250.3,1,3253.17,1646281,89108.0,111325.0,3250.0,3267.5,3239.8,3251.5,47062400,3576.6,2926.4,4322.95,2866.6,3249.7,20,1,3249.6,56,3,3249.5,12,3,3249.3,46,3,3249.2,161,6,3250.3,120,1,3250.6,25,1,3250.7,29,1,3250.8,4,2,3250.9,18,1
11536,2025-12-30 14:35:46+05:30,3250.3,1,3253.17,1646281,89108.0,111325.0,3250.0,3267.5,3239.8,3251.5,47062400,3576.6,2926.4,4322.95,2866.6,3249.7,20,1,3249.6,56,3,3249.5,12,3,3249.3,46,3,3249.2,161,6,3250.3,120,1,3250.6,25,1,3250.7,29,1,3250.8,4,2,3250.9,18,1
11536,2025-12-30 14:35:46+05:30,3250.2,1,3253.17,1646281,89108.0,111325.0,3250.0,3267.5,3239.8,3251.5,47062400,3576.6,2926.4,4322.95,2866.6,3249.7,20,1,3249.6,56,3,3249.5,12,3,3249.3,46,3,3249.2,161,6,3250.3,120,1,3250.6,25,1,3250.7,29,1,3250.8,4,2,3250.9,18,1
11536,2025-12-30 14:35:47+05:30,3250.2,1,3253.17,1646282,89087.0,111318.0,3250.0,3267.5,3239.8,3251.5,47062400,3576.6,2926.4,4322.95,2866.6,3250.0,20,1,3249.6,56,3,3249.5,12,3,3249.3,16,2,3249.2,53,6,3250.3,120,1,3250.4,25,1,3250.5,29,1,3250.6,17,1,3250.8,22,4
11536,2025-12-30 14:35:47+05:30,3249.2,10,3253.17,1646282,89087.0,111318.0,3250.0,3267.5,3239.8,3251.5,47062400,3576.6,2926.4,4322.95,2866.6,3250.0,20,1,3249.6,56,3,3249.5,12,3,3249.3,16,2,3249.2,53,6,3250.3,120,1,3250.4,25,1,3250.5,29,1,3250.6,17,1,3250.8,22,4
11536,2025-12-30 14:35:48+05:30,3249.2,10,3253.17,1646282,89087.0,111318.0,3250.0,3267.5,3239.8,3251.5,47062400,3576.6,2926.4,4322.95,2866.6,3250.0,20,1,3249.6,56,3,3249.5,12,3,3249.3,16,2,3249.2,53,6,3250.3,120,1,3250.4,25,1,3250.5,29,1,3250.6,17,1,3250.8,22,4
11536,2025-12-30 14:35:48+05:30,3249.8,51,3253.17,1647515,89054.0,110177.0,3250.0,3267.5,3239.8,3251.5,47062400,3576.6,2926.4,4322.95,2866.6,3249.3,54,4,3249.2,73,6,3249.1,74,5,3249.0,196,4,3248.9,69,3,3249.8,72,1,3250.0,11,1,3250.8,71,5,3250.9,18,1,3251.0,235,4
11536,2025-12-30 14:35:48+05:30,3249.3,10,3253.17,1647515,89054.0,110177.0,3250.0,3267.5,3239.8,3251.5,47062400,3576.6,2926.4,4322.95,2866.6,3249.3,54,4,3249.2,73,6,3249.1,74,5,3249.0,196,4,3248.9,69,3,3249.8,72,1,3250.0,11,1,3250.8,71,5,3250.9,18,1,3251.0,235,4
11536,2025-12-30 14:35:49+05:30,3249.3,10,3253.17,1647515,89054.0,110177.0,3250.0,3267.5,3239.8,3251.5,47062400,3576.6,2926.4,4322.95,2866.6,3249.3,54,4,3249.2,73,6,3249.1,74,5,3249.0,196,4,3248.9,69,3,3249.8,72,1,3250.0,11,1,3250.8,71,5,3250.9,18,1,3251.0,235,4
11536,2025-12-30 14:35:49+05:30,3249.8,47,3253.17,1647601,89140.0,111460.0,3250.0,3267.5,3239.8,3251.5,47062400,3576.6,2926.4,4322.95,2866.6,3249.2,67,5,3249.1,99,6,3249.0,240,5,3248.9,69,3,3248.8,122,4,3249.8,25,1,3250.0,11,1,3250.7,61,1,3250.8,71,5,3250.9,83,4
11536,2025-12-30 14:35:49+05:30,3249.2,1,3253.17,1647601,89140.0,111460.0,3250.0,3267.5,3239.8,3251.5,47062400,3576.6,2926.4,4322.95,2866.6,3249.2,67,5,3249.1,99,6,3249.0,240,5,3248.9,69,3,3248.8,122,4,3249.8,25,1,3250.0,11,1,3250.7,61,1,3250.8,71,5,3250.9,83,4
11536,2025-12-30 14:35:50+05:30,3249.2,1,3253.17,1647601,89140.0,111460.0,3250.0,3267.5,3239.8,3251.5,47062400,3576.6,2926.4,4322.95,2866.6,3249.2,67,5,3249.1,99,6,3249.0,240,5,3248.9,69,3,3248.8,122,4,3249.8,25,1,3250.0,11,1,3250.7,61,1,3250.8,71,5,3250.9,83,4
11536,2025-12-30 14:35:50+05:30,3249.2,1,3253.17,1647602,89169.0,111318.0,3250.0,3267.5,3239.8,3251.5,47062400,3576.6,2926.4,4322.95,2866.6,3249.2,51,4,3249.1,82,5,3249.0,240,5,3248.9,89,4,3248.8,68,3,3249.8,39,2,3250.0,11,1,3250.7,61,1,3250.8,71,5,3250.9,83,4
11536,2025-12-30 14:35:51+05:30,3249.2,1,3253.17,1647602,89169.0,111318.0,3250.0,3267.5,3239.8,3251.5,47062400,3576.6,2926.4,4322.95,2866.6,3249.2,51,4,3249.1,82,5,3249.0,240,5,3248.9,89,4,3248.8,68,3,3249.8,39,2,3250.0,11,1,3250.7,61,1,3250.8,71,5,3250.9,83,4
11536,2025-12-30 14:35:51+05:30,3249.8,3,3253.17,1647605,89308.0,110272.0,3250.0,3267.5,3239.8,3251.5,47062400,3576.6,2926.4,4322.95,2866.6,3249.2,11,2,3249.1,82,5,3249.0,240,5,3248.9,43,3,3248.8,114,4,3249.8,36,2,3250.0,11,1,3250.7,61,1,3250.8,71,5,3250.9,129,5
11536,2025-12-30 14:35:51+05:30,3249.8,3,3253.17,1647605,89308.0,110272.0,3250.0,3267.5,3239.8,3251.5,47062400,3576.6,2926.4,4322.95,2866.6,3249.2,11,2,3249.1,82,5,3249.0,240,5,3248.9,43,3,3248.8,114,4,3249.8,36,2,3250.0,11,1,3250.7,61,1,3250.8,71,5,3250.9,129,5
11536,2025-12-30 14:35:52+05:30,3249.8,3,3253.17,1647605,89308.0,110272.0,3250.0,3267.5,3239.8,3251.5,47062400,3576.6,2926.4,4322.95,2866.6,3249.2,11,2,3249.1,82,5,3249.0,240,5,3248.9,43,3,3248.8,114,4,3249.8,36,2,3250.0,11,1,3250.7,61,1,3250.8,71,5,3250.9,129,5
11536,2025-12-30 14:35:52+05:30,3250.6,50,3253.17,1647787,89304.0,110765.0,3250.0,3267.5,3239.8,3251.5,47062400,3576.6,2926.4,4322.95,2866.6,3249.8,1,1,3249.2,67,5,3249.1,24,3,3249.0,455,8,3248.9,221,4,3249.9,123,1,3250.5,29,1,3250.6,24,1,3250.8,25,3,3250.9,32,3
11536,2025-12-30 14:35:52+05:30,3249.9,3,3253.17,1647787,89304.0,110765.0,3250.0,3267.5,3239.8,3251.5,47062400,3576.6,2926.4,4322.95,2866.6,3249.8,1,1,3249.2,67,5,3249.1,24,3,3249.0,455,8,3248.9,221,4,3249.9,123,1,3250.5,29,1,3250.6,24,1,3250.8,25,3,3250.9,32,3
11536,2025-12-30 14:35:53+05:30,3249.9,3,3253.17,1647787,89304.0,110765.0,3250.0,3267.5,3239.8,3251.5,47062400,3576.6,2926.4,4322.95,2866.6,3249.8,1,1,3249.2,67,5,3249.1,24,3,3249.0,455,8,3248.9,221,4,3249.9,123,1,3250.5,29,1,3250.6,24,1,3250.8,25,3,3250.9,32,3
11536,2025-12-30 14:35:53+05:30,3249.9,1,3253.17,1647791,89299.0,110864.0,3250.0,3267.5,3239.8,3251.5,47062400,3576.6,2926.4,4322.95,2866.6,3249.5,28,1,3249.2,66,4,3249.1,24,3,3249.0,435,7,3248.9,221,4,3249.9,119,1,3250.5,29,1,3250.6,24,1,3250.8,28,4,3250.9,29,2
11536,2025-12-30 14:35:53+05:30,3249.9,1,3253.17,1647791,89299.0,110864.0,3250.0,3267.5,3239.8,3251.5,47062400,3576.6,2926.4,4322.95,2866.6,3249.5,28,1,3249.2,66,4,3249.1,24,3,3249.0,435,7,3248.9,221,4,3249.9,119,1,3250.5,29,1,3250.6,24,1,3250.8,28,4,3250.9,29,2
11536,2025-12-30 14:35:53+05:30,3249.9,5,3253.17,1647791,89299.0,110864.0,3250.0,3267.5,3239.8,3251.5,47062400,3576.6,2926.4,4322.95,2866.6,3249.5,28,1,3249.2,66,4,3249.1,24,3,3249.0,435,7,3248.9,221,4,3249.9,119,1,3250.5,29,1,3250.6,24,1,3250.8,28,4,3250.9,29,2
11536,2025-12-30 14:35:54+05:30,3249.9,3,3253.17,1647913,89349.0,110652.0,3250.0,3267.5,3239.8,3251.5,47062400,3576.6,2926.4,4322.95,2866.6,3249.5,57,3,3249.3,1,1,3249.2,63,4,3249.1,179,7,3249.0,467,10,3250.0,123,1,3250.5,29,1,3250.9,3,1,3251.0,45,2,3251.1,93,3
11536,2025-12-30 14:35:54+05:30,3249.9,3,3253.17,1647913,89349.0,110652.0,3250.0,3267.5,3239.8,3251.5,47062400,3576.6,2926.4,4322.95,2866.6,3249.5,57,3,3249.3,1,1,3249.2,63,4,3249.1,179,7,3249.0,467,10,3250.0,123,1,3250.5,29,1,3250.9,3,1,3251.0,45,2,3251.1,93,3
11536,2025-12-30 14:35:54+05:30,3249.9,3,3253.17,1647913,89349.0,110652.0,3250.0,3267.5,3239.8,3251.5,47062400,3576.6,2926.4,4322.95,2866.6,3249.5,57,3,3249.3,1,1,3249.2,63,4,3249.1,179,7,3249.0,467,10,3250.0,123,1,3250.5,29,1,3250.9,3,1,3251.0,45,2,3251.1,93,3
11536,2025-12-30 14:35:55+05:30,3249.9,3,3253.17,1647913,89349.0,110652.0,3250.0,3267.5,3239.8,3251.5,47062400,3576.6,2926.4,4322.95,2866.6,3249.5,57,3,3249.3,1,1,3249.2,63,4,3249.1,179,7,3249.0,467,10,3250.0,123,1,3250.5,29,1,3250.9,3,1,3251.0,45,2,3251.1,93,3
11536,2025-12-30 14:35:55+05:30,3250.0,1,3253.17,1647915,89461.0,110568.0,3250.0,3267.5,3239.8,3251.5,47062400,3576.6,2926.4,4322.95,2866.6,3249.5,40,3,3249.4,43,2,3249.3,19,2,3249.2,87,5,3249.1,208,8,3250.0,121,1,3250.5,29,1,3250.9,3,1,3251.0,45,2,3251.1,93,3
11536,2025-12-30 14:35:55+05:30,3250.0,1,3253.17,1647915,89461.0,110568.0,3250.0,3267.5,3239.8,3251.5,47062400,3576.6,2926.4,4322.95,2866.6,3249.5,40,3,3249.4,43,2,3249.3,19,2,3249.2,87,5,3249.1,208,8,3250.0,121,1,3250.5,29,1,3250.9,3,1,3251.0,45,2,3251.1,93,3
11536,2025-12-30 14:35:56+05:30,3250.0,1,3253.17,1647915,89461.0,110568.0,3250.0,3267.5,3239.8,3251.5,47062400,3576.6,2926.4,4322.95,2866.6,3249.5,40,3,3249.4,43,2,3249.3,19,2,3249.2,87,5,3249.1,208,8,3250.0,121,1,3250.5,29,1,3250.9,3,1,3251.0,45,2,3251.1,93,3
11536,2025-12-30 14:35:56+05:30,3249.5,20,3253.17,1647935,89512.0,110577.0,3250.0,3267.5,3239.8,3251.5,47062400,3576.6,2926.4,4322.95,2866.6,3249.5,73,5,3249.4,67,3,3249.3,68,4,3249.2,109,5,3249.1,133,6,3250.0,121,1,3250.5,29,1,3250.9,3,1,3251.0,45,2,3251.1,93,3
11536,2025-12-30 14:35:56+05:30,3249.5,20,3253.17,1647935,89512.0,110577.0,3250.0,3267.5,3239.8,3251.5,47062400,3576.6,2926.4,4322.95,2866.6,3249.5,73,5,3249.4,67,3,3249.3,68,4,3249.2,109,5,3249.1,133,6,3250.0,121,1,3250.5,29,1,3250.9,3,1,3251.0,45,2,3251.1,93,3
11536,2025-12-30 14:35:57+05:30,3250.0,3,3253.17,1647939,89579.0,110739.0,3250.0,3267.5,3239.8,3251.5,47062400,3576.6,2926.4,4322.95,2866.6,3249.5,101,6,3249.4,39,2,3249.3,68,4,3249.2,109,5,3249.1,133,6,3250.0,117,1,3250.5,29,1,3251.0,45,2,3251.1,93,3,3251.2,66,6
11536,2025-12-30 14:35:57+05:30,3250.0,3,3253.17,1647939,89579.0,110739.0,3250.0,3267.5,3239.8,3251.5,47062400,3576.6,2926.4,4322.95,2866.6,3249.5,101,6,3249.4,39,2,3249.3,68,4,3249.2,109,5,3249.1,133,6,3250.0,117,1,3250.5,29,1,3251.0,45,2,3251.1,93,3,3251.2,66,6
11536,2025-12-30 14:35:58+05:30,3250.0,3,3253.17,1647939,89579.0,110739.0,3250.0,3267.5,3239.8,3251.5,47062400,3576.6,2926.4,4322.95,2866.6,3249.5,101,6,3249.4,39,2,3249.3,68,4,3249.2,109,5,3249.1,133,6,3250.0,117,1,3250.5,29,1,3251.0,45,2,3251.1,93,3,3251.2,66,6
11536,2025-12-30 14:35:58+05:30,3249.5,31,3253.17,1647939,89579.0,110739.0,3250.0,3267.5,3239.8,3251.5,47062400,3576.6,2926.4,4322.95,2866.6,3249.5,101,6,3249.4,39,2,3249.3,68,4,3249.2,109,5,3249.1,133,6,3250.0,117,1,3250.5,29,1,3251.0,45,2,3251.1,93,3,3251.2,66,6
11536,2025-12-30 14:35:58+05:30,3249.5,31,3253.17,1647981,89587.0,110844.0,3250.0,3267.5,3239.8,3251.5,47062400,3576.6,2926.4,4322.95,2866.6,3249.5,45,2,3249.4,39,2,3249.3,87,5,3249.2,109,5,3249.1,133,6,3250.0,117,1,3250.5,29,1,3251.0,45,2,3251.1,93,3,3251.2,112,7
11536,2025-12-30 14:35:59+05:30,3249.5,31,3253.17,1647981,89587.0,110844.0,3250.0,3267.5,3239.8,3251.5,47062400,3576.6,2926.4,4322.95,2866.6,3249.5,45,2,3249.4,39,2,3249.3,87,5,3249.2,109,5,3249.1,133,6,3250.0,117,1,3250.5,29,1,3251.0,45,2,3251.1,93,3,3251.2,112,7
11536,2025-12-30 14:36:00+05:30,3249.5,31,3253.17,1647981,89337.0,111247.0,3250.0,3267.5,3239.8,3251.5,47062400,3576.6,2926.4,4322.95,2866.6,3249.6,28,1,3249.5,17,1,3249.3,1,1,3249.2,48,2,3249.1,69,4,3250.0,117,1,3250.5,29,1,3250.6,2,1,3250.7,3,1,3250.8,52,4
11536,2025-12-30 14:36:01+05:30,3249.3,1,3253.17,1648308,88828.0,111165.0,3250.0,3267.5,3239.8,3251.5,47062400,3576.6,2926.4,4322.95,2866.6,3249.2,45,1,3249.1,20,3,3249.0,277,7,3248.8,22,1,3248.7,70,3,3249.5,106,1,3250.2,3,1,3250.4,15,1,3250.5,21,2,3250.6,44,1
11536,2025-12-30 14:36:01+05:30,3249.3,1,3253.17,1648308,88828.0,111165.0,3250.0,3267.5,3239.8,3251.5,47062400,3576.6,2926.4,4322.95,2866.6,3249.2,45,1,3249.1,20,3,3249.0,277,7,3248.8,22,1,3248.7,70,3,3249.5,106,1,3250.2,3,1,3250.4,15,1,3250.5,21,2,3250.6,44,1
11536,2025-12-30 14:36:01+05:30,3249.5,1,3253.17,1648308,88828.0,111165.0,3250.0,3267.5,3239.8,3251.5,47062400,3576.6,2926.4,4322.95,2866.6,3249.2,45,1,3249.1,20,3,3249.0,277,7,3248.8,22,1,3248.7,70,3,3249.5,106,1,3250.2,3,1,3250.4,15,1,3250.5,21,2,3250.6,44,1
11536,2025-12-30 14:36:02+05:30,3249.5,1,3253.17,1648309,88946.0,111209.0,3250.0,3267.5,3239.8,3251.5,47062400,3576.6,2926.4,4322.95,2866.6,3249.2,45,1,3249.1,20,3,3249.0,277,7,3248.9,11,1,3248.8,66,2,3249.5,105,1,3250.2,3,1,3250.4,15,1,3250.5,21,2,3250.6,65,2
11536,2025-12-30 14:36:02+05:30,3249.5,7,3253.17,1648309,88946.0,111209.0,3250.0,3267.5,3239.8,3251.5,47062400,3576.6,2926.4,4322.95,2866.6,3249.2,45,1,3249.1,20,3,3249.0,277,7,3248.9,11,1,3248.8,66,2,3249.5,105,1,3250.2,3,1,3250.4,15,1,3250.5,21,2,3250.6,65,2
11536,2025-12-30 14:36:03+05:30,3249.5,7,3253.16,1649627,88355.0,111300.0,3250.0,3267.5,3239.8,3251.5,47062400,3576.6,2926.4,4322.95,2866.6,3249.5,7,1,3249.4,10,1,3249.0,54,1,3248.9,126,6,3248.8,95,4,3250.3,54,2,3250.4,35,2,3250.5,31,2,3250.7,34,1,3250.8,95,5
11536,2025-12-30 14:36:03+05:30,3249.5,7,3253.16,1649627,88355.0,111300.0,3250.0,3267.5,3239.8,3251.5,47062400,3576.6,2926.4,4322.95,2866.6,3249.5,7,1,3249.4,10,1,3249.0,54,1,3248.9,126,6,3248.8,95,4,3250.3,54,2,3250.4,35,2,3250.5,31,2,3250.7,34,1,3250.8,95,5
11536,2025-12-30 14:36:04+05:30,3249.5,7,3253.16,1649627,88182.0,110253.0,3250.0,3267.5,3239.8,3251.5,47062400,3576.6,2926.4,4322.95,2866.6,3248.9,31,3,3248.8,40,3,3248.7,9,1,3248.6,22,1,3248.5,144,5,3250.2,49,2,3250.3,90,2,3250.4,71,3,3250.5,58,4,3250.6,40,3
11536,2025-12-30 14:36:04+05:30,3249.5,7,3253.16,1649627,88182.0,110253.0,3250.0,3267.5,3239.8,3251.5,47088475,3576.6,2926.4,4322.95,2866.6,3248.9,31,3,3248.8,40,3,3248.7,9,1,3248.6,22,1,3248.5,144,5,3250.2,49,2,3250.3,90,2,3250.4,71,3,3250.5,58,4,3250.6,40,3
11536,2025-12-30 14:36:04+05:30,3250.2,23,3253.16,1649627,88182.0,110253.0,3250.0,3267.5,3239.8,3251.5,47088475,3576.6,2926.4,4322.95,2866.6,3248.9,31,3,3248.8,40,3,3248.7,9,1,3248.6,22,1,3248.5,144,5,3250.2,49,2,3250.3,90,2,3250.4,71,3,3250.5,58,4,3250.6,40,3
11536,2025-12-30 14:36:05+05:30,3250.2,1,3253.16,1649675,88118.0,110779.0,3250.0,3267.5,3239.8,3251.5,47088475,3576.6,2926.4,4322.95,2866.6,3248.9,45,4,3248.8,33,3,3248.7,59,3,3248.6,111,3,3248.5,94,4,3250.2,124,6,3250.4,63,3,3250.5,16,1,3250.6,35,3,3250.7,80,2
11536,2025-12-30 14:36:05+05:30,3250.2,1,3253.16,1649675,88118.0,110779.0,3250.0,3267.5,3239.8,3251.5,47088475,3576.6,2926.4,4322.95,2866.6,3248.9,45,4,3248.8,33,3,3248.7,59,3,3248.6,111,3,3248.5,94,4,3250.2,124,6,3250.4,63,3,3250.5,16,1,3250.6,35,3,3250.7,80,2
11536,2025-12-30 14:36:06+05:30,3250.2,1,3253.16,1649676,88161.0,110761.0,3250.0,3267.5,3239.8,3251.5,47088475,3576.6,2926.4,4322.95,2866.6,3248.9,70,5,3248.8,33,3,3248.7,75,3,3248.6,65,2,3248.5,94,4,3250.2,81,5,3250.4,63,3,3250.5,41,2,3250.6,35,3,3250.7,34,1
11536,2025-12-30 14:36:06+05:30,3248.9,1,3253.16,1649676,88161.0,110761.0,3250.0,3267.5,3239.8,3251.5,47088475,3576.6,2926.4,4322.95,2866.6,3248.9,70,5,3248.8,33,3,3248.7,75,3,3248.6,65,2,3248.5,94,4,3250.2,81,5,3250.4,63,3,3250.5,41,2,3250.6,35,3,3250.7,34,1
11536,2025-12-30 14:36:07+05:30,3248.9,1,3253.16,1649676,88161.0,110761.0,3250.0,3267.5,3239.8,3251.5,47088475,3576.6,2926.4,4322.95,2866.6,3248.9,70,5,3248.8,33,3,3248.7,75,3,3248.6,65,2,3248.5,94,4,3250.2,81,5,3250.4,63,3,3250.5,41,2,3250.6,35,3,3250.7,34,1
11536,2025-12-30 14:36:07+05:30,3248.9,1,3253.16,1649677,88137.0,111493.0,3250.0,3267.5,3239.8,3251.5,47088475,3576.6,2926.4,4322.95,2866.6,3248.9,80,5,3248.8,55,4,3248.7,55,2,3248.6,85,3,3248.5,94,4,3250.2,95,6,3250.4,24,1,3250.5,41,2,3250.6,35,3,3250.7,37,2
11536,2025-12-30 14:36:08+05:30,3250.2,3,3253.16,1649680,88342.0,110266.0,3250.0,3267.5,3239.8,3251.5,47088475,3576.6,2926.4,4322.95,2866.6,3249.0,51,3,3248.9,56,5,3248.8,55,4,3248.7,75,3,3248.6,65,2,3250.2,78,5,3250.4,24,1,3250.5,83,3,3250.6,35,3,3250.7,37,2
11536,2025-12-30 14:36:08+05:30,3249.0,23,3253.16,1649680,88342.0,110266.0,3250.0,3267.5,3239.8,3251.5,47088475,3576.6,2926.4,4322.95,2866.6,3249.0,51,3,3248.9,56,5,3248.8,55,4,3248.7,75,3,3248.6,65,2,3250.2,78,5,3250.4,24,1,3250.5,83,3,3250.6,35,3,3250.7,37,2
11536,2025-12-30 14:36:09+05:30,3250.0,115,3253.16,1649834,88368.0,111644.0,3250.0,3267.5,3239.8,3251.5,47088475,3576.6,2926.4,4322.95,2866.6,3248.9,71,5,3248.8,43,4,3248.7,29,2,3248.6,134,4,3248.5,95,5,3250.2,55,4,3250.3,57,1,3250.4,64,3,3250.5,60,2,3250.6,42,3
11536,2025-12-30 14:36:09+05:30,3250.2,6,3253.16,1649834,88368.0,111644.0,3250.0,3267.5,3239.8,3251.5,47088475,3576.6,2926.4,4322.95,2866.6,3248.9,71,5,3248.8,43,4,3248.7,29,2,3248.6,134,4,3248.5,95,5,3250.2,55,4,3250.3,57,1,3250.4,64,3,3250.5,60,2,3250.6,42,3
11536,2025-12-30 14:36:10+05:30,3250.2,6,3253.16,1649882,88376.0,111770.0,3250.0,3267.5,3239.8,3251.5,47088475,3576.6,2926.4,4322.95,2866.6,3248.9,60,4,3248.8,62,5,3248.7,29,2,3248.6,114,3,3248.5,95,5,3250.1,1,1,3250.2,67,4,3250.3,57,1,3250.4,40,2,3250.5,61,3
11536,2025-12-30 14:36:11+05:30,3250.2,6,3253.16,1649882,88236.0,111857.0,3250.0,3267.5,3239.8,3251.5,47088475,3576.6,2926.4,4322.95,2866.6,3248.9,15,2,3248.8,6,2,3248.7,24,1,3248.6,22,1,3248.5,56,3,3249.9,4,2,3250.0,52,2,3250.1,35,2,3250.2,38,4,3250.3,79,2
11536,2025-12-30 14:36:11+05:30,3248.9,1,3253.16,1649882,88236.0,111857.0,3250.0,3267.5,3239.8,3251.5,47088475,3576.6,2926.4,4322.95,2866.6,3248.9,15,2,3248.8,6,2,3248.7,24,1,3248.6,22,1,3248.5,56,3,3249.9,4,2,3250.0,52,2,3250.1,35,2,3250.2,38,4,3250.3,79,2
11536,2025-12-30 14:36:12+05:30,3248.9,1,3253.16,1649885,88066.0,111952.0,3250.0,3267.5,3239.8,3251.5,47088475,3576.6,2926.4,4322.95,2866.6,3248.9,14,2,3248.8,6,2,3248.6,22,1,3248.5,56,3,3248.4,71,2,3249.8,1,1,3249.9,115,8,3250.0,15,1,3250.1,28,2,3250.2,67,4
11536,2025-12-30 14:36:12+05:30,3249.8,1,3253.16,1649885,88066.0,111952.0,3250.0,3267.5,3239.8,3251.5,47088475,3576.6,2926.4,4322.95,2866.6,3248.9,14,2,3248.8,6,2,3248.6,22,1,3248.5,56,3,3248.4,71,2,3249.8,1,1,3249.9,115,8,3250.0,15,1,3250.1,28,2,3250.2,67,4
11536,2025-12-30 14:36:13+05:30,3249.8,1,3253.16,1649893,88449.0,111862.0,3250.0,3267.5,3239.8,3251.5,47088475,3576.6,2926.4,4322.95,2866.6,3249.1,1,1,3249.0,238,2,3248.8,6,2,3248.6,22,1,3248.5,51,3,3249.8,1,1,3249.9,47,3,3250.1,24,1,3250.2,51,3,3250.3,79,2
11536,2025-12-30 14:36:13+05:30,3249.0,86,3253.16,1649893,88449.0,111862.0,3250.0,3267.5,3239.8,3251.5,47088475,3576.6,2926.4,4322.95,2866.6,3249.1,1,1,3249.0,238,2,3248.8,6,2,3248.6,22,1,3248.5,51,3,3249.8,1,1,3249.9,47,3,3250.1,24,1,3250.2,51,3,3250.3,79,2
11536,2025-12-30 14:36:14+05:30,3249.0,5,3253.16,1649994,88359.0,111940.0,3250.0,3267.5,3239.8,3251.5,47088475,3576.6,2926.4,4322.95,2866.6,3249.0,138,2,3248.9,1,1,3248.8,6,2,3248.6,22,1,3248.5,51,3,3249.8,1,1,3249.9,64,4,3250.1,24,1,3250.2,67,4,3250.3,22,1
11536,2025-12-30 14:36:14+05:30,3249.0,5,3253.16,1649994,88359.0,111940.0,3250.0,3267.5,3239.8,3251.5,47088475,3576.6,2926.4,4322.95,2866.6,3249.0,138,2,3248.9,1,1,3248.8,6,2,3248.6,22,1,3248.5,51,3,3249.8,1,1,3249.9,64,4,3250.1,24,1,3250.2,67,4,3250.3,22,1
11536,2025-12-30 14:36:15+05:30,3249.9,14,3253.16,1650132,88380.0,111635.0,3250.0,3267.5,3239.8,3251.5,47088475,3576.6,2926.4,4322.95,2866.6,3249.4,13,1,3249.0,153,2,3248.9,1,1,3248.8,6,2,3248.7,49,2,3249.9,5,1,3250.2,65,3,3250.3,22,1,3250.4,15,1,3250.5,88,4
11536,2025-12-30 14:36:15+05:30,3249.9,14,3253.16,1650132,88380.0,111635.0,3250.0,3267.5,3239.8,3251.5,47088475,3576.6,2926.4,4322.95,2866.6,3249.4,13,1,3249.0,153,2,3248.9,1,1,3248.8,6,2,3248.7,49,2,3249.9,5,1,3250.2,65,3,3250.3,22,1,3250.4,15,1,3250.5,88,4
11536,2025-12-30 14:36:16+05:30,3249.8,1,3253.16,1650137,88448.0,111713.0,3250.0,3267.5,3239.8,3251.5,47088475,3576.6,2926.4,4322.95,2866.6,3249.4,13,1,3249.0,153,2,3248.9,1,1,3248.8,26,3,3248.7,3,1,3249.8,1,1,3249.9,3,1,3250.0,16,1,3250.2,73,3,3250.3,50,2
11536,2025-12-30 14:36:16+05:30,3249.8,1,3253.16,1650137,88448.0,111713.0,3250.0,3267.5,3239.8,3251.5,47088475,3576.6,2926.4,4322.95,2866.6,3249.4,13,1,3249.0,153,2,3248.9,1,1,3248.8,26,3,3248.7,3,1,3249.8,1,1,3249.9,3,1,3250.0,16,1,3250.2,73,3,3250.3,50,2
11536,2025-12-30 14:36:17+05:30,3248.9,1,3253.16,1651336,88250.0,111368.0,3250.0,3267.5,3239.8,3251.5,47088475,3576.6,2926.4,4322.95,2866.6,3248.9,1,1,3248.8,25,1,3248.7,42,3,3248.6,59,3,3248.5,43,3,3249.8,1,1,3249.9,3,1,3250.4,70,4,3250.5,61,1,3250.6,79,4
11536,2025-12-30 14:36:17+05:30,3248.9,1,3253.16,1651336,88250.0,111368.0,3250.0,3267.5,3239.8,3251.5,47088475,3576.6,2926.4,4322.95,2866.6,3248.9,1,1,3248.8,25,1,3248.7,42,3,3248.6,59,3,3248.5,43,3,3249.8,1,1,3249.9,3,1,3250.4,70,4,3250.5,61,1,3250.6,79,4
11536,2025-12-30 14:36:18+05:30,3248.9,3,3253.16,1651339,87568.0,111359.0,3250.0,3267.5,3239.8,3251.5,47088475,3576.6,2926.4,4322.95,2866.6,3248.8,34,2,3248.7,1,1,3248.6,3,1,3248.5,63,4,3248.4,74,3,3248.9,1,1,3249.8,1,1,3249.9,3,1,3250.2,81,2,3250.3,165,1
11536,2025-12-30 14:36:18+05:30,3248.8,1,3253.16,1651339,87568.0,111359.0,3250.0,3267.5,3239.8,3251.5,47088475,3576.6,2926.4,4322.95,2866.6,3248.8,34,2,3248.7,1,1,3248.6,3,1,3248.5,63,4,3248.4,74,3,3248.9,1,1,3249.8,1,1,3249.9,3,1,3250.2,81,2,3250.3,165,1
11536,2025-12-30 14:36:19+05:30,3249.0,1,3253.16,1651591,86209.0,110130.0,3250.0,3267.5,3239.8,3251.5,47088475,3576.6,2926.4,4322.95,2866.6,3248.7,24,1,3248.6,38,2,3248.5,23,1,3248.4,105,4,3248.3,25,2,3249.8,1,1,3249.9,44,4,3250.0,25,1,3250.1,52,2,3250.2,127,4
11536,2025-12-30 14:36:19+05:30,3249.0,1,3253.16,1651591,86209.0,110130.0,3250.0,3267.5,3239.8,3251.5,47088475,3576.6,2926.4,4322.95,2866.6,3248.7,24,1,3248.6,38,2,3248.5,23,1,3248.4,105,4,3248.3,25,2,3249.8,1,1,3249.9,44,4,3250.0,25,1,3250.1,52,2,3250.2,127,4
11536,2025-12-30 14:36:20+05:30,3249.0,1,3253.16,1651591,86565.0,111542.0,3250.0,3267.5,3239.8,3251.5,47088475,3576.6,2926.4,4322.95,2866.6,3248.7,24,1,3248.6,38,2,3248.5,23,1,3248.4,105,4,3248.3,25,2,3249.8,1,1,3249.9,44,4,3250.0,25,1,3250.1,52,2,3250.2,127,4
11536,2025-12-30 14:36:21+05:30,3249.0,1,3253.16,1651591,86732.0,111125.0,3250.0,3267.5,3239.8,3251.5,47088475,3576.6,2926.4,4322.95,2866.6,3248.7,153,5,3248.6,21,1,3248.5,75,3,3248.4,139,6,3248.3,25,2,3249.8,1,1,3249.9,13,2,3250.0,25,1,3250.2,50,2,3250.3,11,1
11536,2025-12-30 14:36:22+05:30,3250.1,2,3253.16,1651591,86732.0,111125.0,3250.0,3267.5,3239.8,3251.5,47088475,3576.6,2926.4,4322.95,2866.6,3248.7,153,5,3248.6,21,1,3248.5,75,3,3248.4,139,6,3248.3,25,2,3249.8,1,1,3249.9,13,2,3250.0,25,1,3250.2,50,2,3250.3,11,1
11536,2025-12-30 14:36:22+05:30,3250.1,2,3253.16,1651777,86116.0,111064.0,3250.0,3267.5,3239.8,3251.5,47088475,3576.6,2926.4,4322.95,2866.6,3248.8,75,3,3248.7,101,3,3248.6,68,2,3248.5,48,3,3248.4,119,5,3250.0,27,2,3250.1,47,2,3250.3,30,2,3250.4,21,1,3250.5,92,4
11536,2025-12-30 14:36:23+05:30,3250.0,1,3253.16,1651777,86116.0,111064.0,3250.0,3267.5,3239.8,3251.5,47088475,3576.6,2926.4,4322.95,2866.6,3248.8,75,3,3248.7,101,3,3248.6,68,2,3248.5,48,3,3248.4,119,5,3250.0,27,2,3250.1,47,2,3250.3,30,2,3250.4,21,1,3250.5,92,4
11536,2025-12-30 14:36:23+05:30,3250.0,1,3253.16,1651778,86436.0,111113.0,3250.0,3267.5,3239.8,3251.5,47088475,3576.6,2926.4,4322.95,2866.6,3248.8,62,3,3248.7,52,1,3248.6,107,3,3248.5,28,2,3248.4,119,5,3250.1,82,3,3250.2,50,3,3250.4,44,2,3250.5,92,4,3250.6,52,4
11536,2025-12-30 14:36:24+05:30,3250.0,3,3253.16,1651778,86436.0,111113.0,3250.0,3267.5,3239.8,3251.5,47088475,3576.6,2926.4,4322.95,2866.6,3248.8,62,3,3248.7,52,1,3248.6,107,3,3248.5,28,2,3248.4,119,5,3250.1,82,3,3250.2,50,3,3250.4,44,2,3250.5,92,4,3250.6,52,4
11536,2025-12-30 14:36:24+05:30,3250.0,3,3253.16,1651893,85769.0,111501.0,3250.0,3267.5,3239.8,3251.5,47088475,3576.6,2926.4,4322.95,2866.6,3248.7,62,2,3248.6,63,2,3248.5,23,1,3248.4,146,4,3248.3,38,3,3249.8,1,1,3249.9,55,3,3250.1,90,5,3250.2,76,3,3250.3,11,1
11536,2025-12-30 14:36:25+05:30,3249.8,1,3253.16,1651893,85769.0,111501.0,3250.0,3267.5,3239.8,3251.5,47088475,3576.6,2926.4,4322.95,2866.6,3248.7,62,2,3248.6,63,2,3248.5,23,1,3248.4,146,4,3248.3,38,3,3249.8,1,1,3249.9,55,3,3250.1,90,5,3250.2,76,3,3250.3,11,1
11536,2025-12-30 14:36:25+05:30,3249.8,1,3253.16,1651894,85356.0,111297.0,3250.0,3267.5,3239.8,3251.5,47088475,3576.6,2926.4,4322.95,2866.6,3248.8,39,1,3248.7,52,1,3248.4,56,2,3248.3,5,1,3248.2,29,3,3249.7,70,6,3249.8,24,2,3249.9,69,3,3250.0,2,1,3250.1,28,2
11536,2025-12-30 14:36:26+05:30,3249.8,1,3253.16,1651894,85410.0,111485.0,3250.0,3267.5,3239.8,3251.5,47088475,3576.6,2926.4,4322.95,2866.6,3248.8,94,2,3248.7,52,1,3248.4,56,2,3248.3,5,1,3248.2,29,3,3249.7,70,6,3249.8,24,2,3249.9,69,3,3250.0,2,1,3250.1,89,3
11536,2025-12-30 14:36:27+05:30,3249.7,4,3253.16,1651933,86246.0,111069.0,3250.0,3267.5,3239.8,3251.5,47088475,3576.6,2926.4,4322.95,2866.6,3248.9,39,1,3248.8,55,1,3248.7,52,1,3248.4,56,2,3248.3,5,1,3249.6,1,1,3249.7,85,5,3249.9,69,3,3250.0,23,2,3250.1,17,2
11536,2025-12-30 14:36:27+05:30,3249.7,2,3253.16,1651933,86246.0,111069.0,3250.0,3267.5,3239.8,3251.5,47088475,3576.6,2926.4,4322.95,2866.6,3248.9,39,1,3248.8,55,1,3248.7,52,1,3248.4,56,2,3248.3,5,1,3249.6,1,1,3249.7,85,5,3249.9,69,3,3250.0,23,2,3250.1,17,2
11536,2025-12-30 14:36:28+05:30,3248.9,39,3253.16,1651933,86246.0,111069.0,3250.0,3267.5,3239.8,3251.5,47088475,3576.6,2926.4,4322.95,2866.6,3248.9,39,1,3248.8,55,1,3248.7,52,1,3248.4,56,2,3248.3,5,1,3249.6,1,1,3249.7,85,5,3249.9,69,3,3250.0,23,2,3250.1,17,2
11536,2025-12-30 14:36:28+05:30,3248.9,39,3253.16,1652198,86252.0,111103.0,3250.0,3267.5,3239.8,3251.5,47088475,3576.6,2926.4,4322.95,2866.6,3248.9,39,1,3248.8,55,1,3248.7,52,1,3248.4,56,2,3248.3,51,2,3249.8,32,4,3249.9,55,4,3250.0,63,2,3250.1,17,2,3250.2,103,6
11536,2025-12-30 14:36:29+05:30,3249.8,1,3253.16,1652198,86252.0,111103.0,3250.0,3267.5,3239.8,3251.5,47088475,3576.6,2926.4,4322.95,2866.6,3248.9,39,1,3248.8,55,1,3248.7,52,1,3248.4,56,2,3248.3,51,2,3249.8,32,4,3249.9,55,4,3250.0,63,2,3250.1,17,2,3250.2,103,6
11536,2025-12-30 14:36:29+05:30,3249.8,1,3253.16,1652199,86251.0,111238.0,3250.0,3267.5,3239.8,3251.5,47088475,3576.6,2926.4,4322.95,2866.6,3249.2,39,1,3248.8,55,1,3248.7,52,1,3248.4,56,2,3248.3,51,2,3249.7,13,3,3249.8,38,2,3249.9,27,3,3250.0,63,2,3250.1,17,2
11536,2025-12-30 14:36:30+05:30,3249.8,1,3253.16,1652199,86251.0,111603.0,3250.0,3267.5,3239.8,3251.5,47088475,3576.6,2926.4,4322.95,2866.6,3249.2,39,1,3248.8,55,1,3248.7,52,1,3248.4,56,2,3248.3,51,2,3249.7,13,3,3249.8,28,1,3249.9,27,3,3250.0,63,2,3250.1,17,2
11536,2025-12-30 14:36:31+05:30,3249.7,1,3253.16,1652199,86251.0,111603.0,3250.0,3267.5,3239.8,3251.5,47088475,3576.6,2926.4,4322.95,2866.6,3249.2,39,1,3248.8,55,1,3248.7,52,1,3248.4,56,2,3248.3,51,2,3249.7,13,3,3249.8,28,1,3249.9,27,3,3250.0,63,2,3250.1,17,2
11536,2025-12-30 14:36:31+05:30,3249.7,1,3253.16,1652595,87941.0,110750.0,3250.0,3267.5,3239.8,3251.5,47088475,3576.6,2926.4,4322.95,2866.6,3249.7,1,1,3249.3,10,1,3249.1,23,1,3248.9,9,2,3248.8,121,3,3249.9,1,1,3250.0,9,1,3250.6,28,1,3250.7,69,3,3250.8,86,4
11536,2025-12-30 14:36:32+05:30,3249.7,48,3253.16,1652595,87941.0,110750.0,3250.0,3267.5,3239.8,3251.5,47088475,3576.6,2926.4,4322.95,2866.6,3249.7,1,1,3249.3,10,1,3249.1,23,1,3248.9,9,2,3248.8,121,3,3249.9,1,1,3250.0,9,1,3250.6,28,1,3250.7,69,3,3250.8,86,4
11536,2025-12-30 14:36:32+05:30,3249.7,48,3253.15,1653702,87953.0,110836.0,3250.0,3267.5,3239.8,3251.5,47088475,3576.6,2926.4,4322.95,2866.6,3249.1,4,1,3249.0,42,2,3248.9,56,5,3248.8,47,2,3248.7,46,3,3249.9,1,1,3250.0,9,1,3250.4,20,2,3250.5,17,1,3250.6,39,1
11536,2025-12-30 14:36:33+05:30,3249.7,48,3253.15,1653702,88046.0,110984.0,3250.0,3267.5,3239.8,3251.5,47088475,3576.6,2926.4,4322.95,2866.6,3249.1,4,1,3249.0,42,2,3248.9,56,5,3248.8,47,2,3248.7,46,3,3249.9,1,1,3250.0,9,1,3250.4,20,2,3250.5,17,1,3250.6,60,2
11536,2025-12-30 14:36:34+05:30,3249.9,1,3253.15,1653702,88046.0,110984.0,3250.0,3267.5,3239.8,3251.5,47088475,3576.6,2926.4,4322.95,2866.6,3249.1,4,1,3249.0,42,2,3248.9,56,5,3248.8,47,2,3248.7,46,3,3249.9,1,1,3250.0,9,1,3250.4,20,2,3250.5,17,1,3250.6,60,2
11536,2025-12-30 14:36:35+05:30,3250.0,1,3253.15,1653708,88189.0,111141.0,3250.0,3267.5,3239.8,3251.5,47088475,3576.6,2926.4,4322.95,2866.6,3249.9,5,1,3249.1,43,2,3249.0,23,1,3248.9,36,3,3248.8,21,1,3250.0,8,1,3250.4,56,2,3250.5,40,2,3250.6,111,3,3250.8,117,5
11536,2025-12-30 14:36:35+05:30,3249.9,1,3253.15,1653708,88189.0,111141.0,3250.0,3267.5,3239.8,3251.5,47088475,3576.6,2926.4,4322.95,2866.6,3249.9,5,1,3249.1,43,2,3249.0,23,1,3248.9,36,3,3248.8,21,1,3250.0,8,1,3250.4,56,2,3250.5,40,2,3250.6,111,3,3250.8,117,5
11536,2025-12-30 14:36:36+05:30,3249.9,1,3253.15,1653725,88163.0,111283.0,3250.0,3267.5,3239.8,3251.5,47088475,3576.6,2926.4,4322.95,2866.6,3249.9,3,1,3249.1,39,1,3249.0,23,1,3248.9,26,2,3248.8,21,1,3250.0,8,1,3250.4,144,5,3250.5,45,2,3250.6,83,2,3250.7,25,1
11536,2025-12-30 14:36:36+05:30,3249.9,1,3253.15,1653725,88163.0,111283.0,3250.0,3267.5,3239.8,3251.5,47088475,3576.6,2926.4,4322.95,2866.6,3249.9,3,1,3249.1,39,1,3249.0,23,1,3248.9,26,2,3248.8,21,1,3250.0,8,1,3250.4,144,5,3250.5,45,2,3250.6,83,2,3250.7,25,1
11536,2025-12-30 14:36:37+05:30,3250.0,8,3253.15,1653749,88102.0,111264.0,3250.0,3267.5,3239.8,3251.5,47088475,3576.6,2926.4,4322.95,2866.6,3250.0,1,1,3249.8,39,1,3249.0,47,3,3248.9,3,1,3248.8,90,3,3250.4,81,5,3250.5,45,2,3250.6,83,2,3250.7,25,1,3250.8,68,4
11536,2025-12-30 14:36:37+05:30,3250.0,4,3253.15,1653749,88102.0,111264.0,3250.0,3267.5,3239.8,3251.5,47088475,3576.6,2926.4,4322.95,2866.6,3250.0,1,1,3249.8,39,1,3249.0,47,3,3248.9,3,1,3248.8,90,3,3250.4,81,5,3250.5,45,2,3250.6,83,2,3250.7,25,1,3250.8,68,4
11536,2025-12-30 14:36:38+05:30,3250.0,4,3253.15,1653754,87984.0,111328.0,3250.0,3267.5,3239.8,3251.5,47088475,3576.6,2926.4,4322.95,2866.6,3249.8,39,1,3249.0,74,3,3248.9,3,1,3248.8,134,4,3248.7,64,2,3250.3,44,4,3250.4,69,4,3250.5,17,1,3250.6,105,4,3250.7,25,1
11536,2025-12-30 14:36:38+05:30,3250.3,1,3253.15,1653754,87984.0,111328.0,3250.0,3267.5,3239.8,3251.5,47088475,3576.6,2926.4,4322.95,2866.6,3249.8,39,1,3249.0,74,3,3248.9,3,1,3248.8,134,4,3248.7,64,2,3250.3,44,4,3250.4,69,4,3250.5,17,1,3250.6,105,4,3250.7,25,1
11536,2025-12-30 14:36:39+05:30,3250.2,1,3253.15,1653950,88009.0,111339.0,3250.0,3267.5,3239.8,3251.5,47088475,3576.6,2926.4,4322.95,2866.6,3249.8,46,1,3249.0,113,4,3248.9,3,1,3248.8,90,3,3248.7,108,3,3250.2,43,3,3250.3,38,2,3250.4,41,3,3250.5,49,3,3250.6,63,2
11536,2025-12-30 14:36:39+05:30,3250.2,1,3253.15,1653950,88009.0,111339.0,3250.0,3267.5,3239.8,3251.5,47088475,3576.6,2926.4,4322.95,2866.6,3249.8,46,1,3249.0,113,4,3248.9,3,1,3248.8,90,3,3248.7,108,3,3250.2,43,3,3250.3,38,2,3250.4,41,3,3250.5,49,3,3250.6,63,2
11536,2025-12-30 14:36:40+05:30,3250.1,1,3253.15,1653951,88009.0,111365.0,3250.0,3267.5,3239.8,3251.5,47088475,3576.6,2926.4,4322.95,2866.6,3249.8,46,1,3249.0,113,4,3248.9,3,1,3248.8,90,3,3248.7,108,3,3250.1,1,1,3250.2,21,2,3250.3,10,1,3250.4,41,3,3250.5,49,3
11536,2025-12-30 14:36:40+05:30,3250.1,1,3253.15,1653951,88009.0,111365.0,3250.0,3267.5,3239.8,3251.5,47088475,3576.6,2926.4,4322.95,2866.6,3249.8,46,1,3249.0,113,4,3248.9,3,1,3248.8,90,3,3248.7,108,3,3250.1,1,1,3250.2,21,2,3250.3,10,1,3250.4,41,3,3250.5,49,3
11536,2025-12-30 14:36:41+05:30,3249.9,1,3253.15,1654006,87940.0,111157.0,3250.0,3267.5,3239.8,3251.5,47088475,3576.6,2926.4,4322.95,2866.6,3249.9,23,1,3249.8,46,1,3249.0,74,3,3248.9,3,1,3248.8,47,2,3250.0,1,1,3250.3,10,1,3250.4,20,2,3250.5,17,1,3250.6,77,3
11536,2025-12-30 14:36:41+05:30,3249.9,1,3253.15,1654006,87940.0,111157.0,3250.0,3267.5,3239.8,3251.5,47088475,3576.6,2926.4,4322.95,2866.6,3249.9,23,1,3249.8,46,1,3249.0,74,3,3248.9,3,1,3248.8,47,2,3250.0,1,1,3250.3,10,1,3250.4,20,2,3250.5,17,1,3250.6,77,3
11536,2025-12-30 14:36:42+05:30,3249.9,1,3253.15,1654037,87951.0,111330.0,3250.0,3267.5,3239.8,3251.5,47088475,3576.6,2926.4,4322.95,2866.6,3249.9,35,1,3249.8,46,1,3249.2,22,1,3249.0,118,4,3248.9,23,2,3250.3,1,1,3250.4,20,2,3250.5,56,2,3250.6,58,4,3250.7,78,4
11536,2025-12-30 14:36:42+05:30,3249.9,1,3253.15,1654037,87951.0,111330.0,3250.0,3267.5,3239.8,3251.5,47088475,3576.6,2926.4,4322.95,2866.6,3249.9,35,1,3249.8,46,1,3249.2,22,1,3249.0,118,4,3248.9,23,2,3250.3,1,1,3250.4,20,2,3250.5,56,2,3250.6,58,4,3250.7,78,4
11536,2025-12-30 14:36:43+05:30,3250.0,1,3253.15,1654037,87951.0,111330.0,3250.0,3267.5,3239.8,3251.5,47088475,3576.6,2926.4,4322.95,2866.6,3249.9,35,1,3249.8,46,1,3249.2,22,1,3249.0,118,4,3248.9,23,2,3250.3,1,1,3250.4,20,2,3250.5,56,2,3250.6,58,4,3250.7,78,4
11536,2025-12-30 14:36:44+05:30,3250.0,1,3253.15,1654039,87999.0,111635.0,3250.0,3267.5,3239.8,3251.5,47088475,3576.6,2926.4,4322.95,2866.6,3250.0,34,1,3249.9,49,1,3249.8,46,1,3249.2,22,1,3249.0,118,4,3250.3,15,2,3250.4,26,2,3250.5,83,3,3250.6,51,4,3250.7,51,3
11536,2025-12-30 14:36:44+05:30,3250.6,15,3253.15,1654039,87999.0,111635.0,3250.0,3267.5,3239.8,3251.5,47088475,3576.6,2926.4,4322.95,2866.6,3250.0,34,1,3249.9,49,1,3249.8,46,1,3249.2,22,1,3249.0,118,4,3250.3,15,2,3250.4,26,2,3250.5,83,3,3250.6,51,4,3250.7,51,3
11536,2025-12-30 14:36:45+05:30,3250.6,15,3253.15,1654178,88135.0,111408.0,3250.0,3267.5,3239.8,3251.5,47088475,3576.6,2926.4,4322.95,2866.6,3250.3,3,2,3250.0,34,1,3249.9,49,1,3249.8,46,1,3249.2,25,2,3250.5,1,1,3250.6,1,1,3250.8,65,3,3250.9,34,1,3251.0,61,2
11536,2025-12-30 14:36:46+05:30,3250.0,3,3253.15,1654185,88185.0,111397.0,3250.0,3267.5,3239.8,3251.5,47088475,3576.6,2926.4,4322.95,2866.6,3250.0,31,1,3249.9,49,1,3249.8,46,1,3249.2,25,2,3249.1,37,2,3250.5,1,1,3250.6,1,1,3250.8,81,4,3250.9,34,1,3251.0,34,1
11536,2025-12-30 14:36:46+05:30,3250.5,1,3253.15,1654185,88185.0,111397.0,3250.0,3267.5,3239.8,3251.5,47088475,3576.6,2926.4,4322.95,2866.6,3250.0,31,1,3249.9,49,1,3249.8,46,1,3249.2,25,2,3249.1,37,2,3250.5,1,1,3250.6,1,1,3250.8,81,4,3250.9,34,1,3251.0,34,1
11536,2025-12-30 14:36:47+05:30,3250.5,1,3253.15,1654186,88185.0,111424.0,3250.0,3267.5,3239.8,3251.5,47088475,3576.6,2926.4,4322.95,2866.6,3250.0,31,1,3249.9,49,1,3249.8,46,1,3249.2,25,2,3249.1,37,2,3250.5,1,1,3250.6,1,1,3250.8,81,4,3250.9,34,1,3251.0,61,2
11536,2025-12-30 14:36:47+05:30,3249.0,1,3253.15,1654186,88185.0,111424.0,3250.0,3267.5,3239.8,3251.5,47088475,3576.6,2926.4,4322.95,2866.6,3250.0,31,1,3249.9,49,1,3249.8,46,1,3249.2,25,2,3249.1,37,2,3250.5,1,1,3250.6,1,1,3250.8,81,4,3250.9,34,1,3251.0,61,2
11536,2025-12-30 14:36:48+05:30,3249.0,1,3253.15,1654741,88140.0,111688.0,3250.0,3267.5,3239.8,3251.5,47088475,3576.6,2926.4,4322.95,2866.6,3249.0,67,2,3248.9,28,1,3248.8,54,2,3248.7,45,3,3248.6,45,1,3249.1,60,1,3250.2,21,1,3250.3,111,4,3250.4,83,2,3250.5,255,3
11536,2025-12-30 14:36:48+05:30,3249.0,35,3253.15,1654741,88140.0,111688.0,3250.0,3267.5,3239.8,3251.5,47088475,3576.6,2926.4,4322.95,2866.6,3249.0,67,2,3248.9,28,1,3248.8,54,2,3248.7,45,3,3248.6,45,1,3249.1,60,1,3250.2,21,1,3250.3,111,4,3250.4,83,2,3250.5,255,3
11536,2025-12-30 14:36:49+05:30,3249.0,1,3253.15,1654795,87913.0,112035.0,3250.0,3267.5,3239.8,3251.5,47088475,3576.6,2926.4,4322.95,2866.6,3249.0,5,1,3248.8,81,2,3248.7,4,1,3248.6,45,1,3248.5,52,1,3249.1,60,1,3249.4,17,1,3249.5,17,1,3249.9,17,1,3250.1,44,1
11536,2025-12-30 14:36:49+05:30,3249.0,1,3253.15,1654795,87913.0,112035.0,3250.0,3267.5,3239.8,3251.5,47088475,3576.6,2926.4,4322.95,2866.6,3249.0,5,1,3248.8,81,2,3248.7,4,1,3248.6,45,1,3248.5,52,1,3249.1,60,1,3249.4,17,1,3249.5,17,1,3249.9,17,1,3250.1,44,1
11536,2025-12-30 14:36:50+05:30,3249.0,1,3253.15,1654912,87974.0,111127.0,3250.0,3267.5,3239.8,3251.5,47088475,3576.6,2926.4,4322.95,2866.6,3249.0,9,1,3248.8,104,3,3248.7,4,1,3248.6,45,1,3248.5,79,2,3249.1,12,1,3249.6,19,1,3249.7,19,1,3249.8,19,1,3249.9,36,2
11536,2025-12-30 14:36:50+05:30,3249.0,56,3253.15,1654912,87974.0,111127.0,3250.0,3267.5,3239.8,3251.5,47088475,3576.6,2926.4,4322.95,2866.6,3249.0,9,1,3248.8,104,3,3248.7,4,1,3248.6,45,1,3248.5,79,2,3249.1,12,1,3249.6,19,1,3249.7,19,1,3249.8,19,1,3249.9,36,2
11536,2025-12-30 14:36:51+05:30,3248.8,6,3253.15,1655032,86997.0,111793.0,3250.0,3267.5,3239.8,3251.5,47088475,3576.6,2926.4,4322.95,2866.6,3248.4,59,3,3248.3,180,2,3248.2,184,3,3248.1,442,7,3248.0,577,9,3249.0,107,2,3249.5,18,1,3249.7,18,1,3249.9,19,1,3250.0,102,4
11536,2025-12-30 14:36:51+05:30,3249.0,3,3253.15,1655032,86997.0,111793.0,3250.0,3267.5,3239.8,3251.5,47088475,3576.6,2926.4,4322.95,2866.6,3248.4,59,3,3248.3,180,2,3248.2,184,3,3248.1,442,7,3248.0,577,9,3249.0,107,2,3249.5,18,1,3249.7,18,1,3249.9,19,1,3250.0,102,4
11536,2025-12-30 14:36:52+05:30,3249.0,2,3253.15,1655515,87420.0,111384.0,3250.0,3267.5,3239.8,3251.5,47088475,3576.6,2926.4,4322.95,2866.6,3248.6,67,5,3248.5,18,2,3248.4,70,3,3248.3,246,5,3248.2,191,2,3248.9,1,1,3249.0,25,1,3250.0,41,2,3250.1,26,1,3250.2,78,3
11536,2025-12-30 14:36:52+05:30,3249.0,2,3253.15,1655515,87420.0,111384.0,3250.0,3267.5,3239.8,3251.5,47088475,3576.6,2926.4,4322.95,2866.6,3248.6,67,5,3248.5,18,2,3248.4,70,3,3248.3,246,5,3248.2,191,2,3248.9,1,1,3249.0,25,1,3250.0,41,2,3250.1,26,1,3250.2,78,3
11536,2025-12-30 14:36:53+05:30,3248.5,1,3253.15,1655593,87236.0,111382.0,3250.0,3267.5,3239.8,3251.5,47088475,3576.6,2926.4,4322.95,2866.6,3248.5,44,4,3248.4,10,1,3248.3,190,3,3248.2,191,2,3248.1,148,6,3248.6,51,1,3249.0,25,1,3249.8,21,1,3249.9,61,1,3250.0,85,3
11536,2025-12-30 14:36:53+05:30,3248.3,47,3253.15,1655593,87236.0,111382.0,3250.0,3267.5,3239.8,3251.5,47088475,3576.6,2926.4,4322.95,2866.6,3248.5,44,4,3248.4,10,1,3248.3,190,3,3248.2,191,2,3248.1,148,6,3248.6,51,1,3249.0,25,1,3249.8,21,1,3249.9,61,1,3250.0,85,3
11536,2025-12-30 14:36:54+05:30,3248.5,114,3253.15,1655805,87405.0,111517.0,3250.0,3267.5,3239.8,3251.5,47088475,3576.6,2926.4,4322.95,2866.6,3248.3,174,5,3248.2,185,2,3248.1,116,4,3248.0,538,7,3247.9,22,1,3248.4,1,1,3248.5,61,1,3249.8,21,1,3249.9,61,1,3250.0,67,3
11536,2025-12-30 14:36:54+05:30,3248.5,114,3253.15,1655805,87405.0,111517.0,3250.0,3267.5,3239.8,3251.5,47088475,3576.6,2926.4,4322.95,2866.6,3248.3,174,5,3248.2,185,2,3248.1,116,4,3248.0,538,7,3247.9,22,1,3248.4,1,1,3248.5,61,1,3249.8,21,1,3249.9,61,1,3250.0,67,3
11536,2025-12-30 14:36:55+05:30,3248.4,1,3253.15,1656023,87990.0,111661.0,3250.0,3267.5,3239.8,3251.5,47088475,3576.6,2926.4,4322.95,2866.6,3248.4,12,2,3248.3,492,2,3248.2,203,2,3248.1,121,4,3248.0,558,8,3248.5,61,1,3249.6,19,1,3249.8,49,2,3250.0,128,4,3250.1,43,1
11536,2025-12-30 14:36:55+05:30,3248.4,1,3253.15,1656023,87990.0,111661.0,3250.0,3267.5,3239.8,3251.5,47088475,3576.6,2926.4,4322.95,2866.6,3248.4,12,2,3248.3,492,2,3248.2,203,2,3248.1,121,4,3248.0,558,8,3248.5,61,1,3249.6,19,1,3249.8,49,2,3250.0,128,4,3250.1,43,1
11536,2025-12-30 14:36:56+05:30,3248.3,61,3253.15,1656308,87958.0,111716.0,3250.0,3267.5,3239.8,3251.5,47088475,3576.6,2926.4,4322.95,2866.6,3248.3,464,4,3248.2,207,3,3248.1,85,2,3248.0,558,8,3247.9,10,2,3248.4,57,2,3249.6,19,1,3249.7,61,1,3249.8,93,3,3250.0,128,4
11536,2025-12-30 14:36:56+05:30,3248.4,1,3253.15,1656308,87958.0,111716.0,3250.0,3267.5,3239.8,3251.5,47088475,3576.6,2926.4,4322.95,2866.6,3248.3,464,4,3248.2,207,3,3248.1,85,2,3248.0,558,8,3247.9,10,2,3248.4,57,2,3249.6,19,1,3249.7,61,1,3249.8,93,3,3250.0,128,4
11536,2025-12-30 14:36:57+05:30,3248.4,1,3253.15,1656365,88198.0,111565.0,3250.0,3267.5,3239.8,3251.5,47088475,3576.6,2926.4,4322.95,2866.6,3248.6,110,5,3248.5,68,4,3248.4,50,4,3248.3,461,4,3248.2,448,7,3249.8,1,1,3249.9,24,1,3250.1,52,2,3250.2,22,2,3250.4,44,2
11536,2025-12-30 14:36:57+05:30,3248.6,3,3253.15,1656365,88198.0,111565.0,3250.0,3267.5,3239.8,3251.5,47088475,3576.6,2926.4,4322.95,2866.6,3248.6,110,5,3248.5,68,4,3248.4,50,4,3248.3,461,4,3248.2,448,7,3249.8,1,1,3249.9,24,1,3250.1,52,2,3250.2,22,2,3250.4,44,2
11536,2025-12-30 14:36:58+05:30,3248.5,23,3253.15,1656533,87908.0,111702.0,3250.0,3267.5,3239.8,3251.5,47088475,3576.6,2926.4,4322.95,2866.6,3248.4,175,1,3248.3,469,4,3248.2,30,3,3248.1,137,3,3248.0,513,6,3248.5,60,2,3248.6,1,1,3249.8,81,2,3249.9,88,3,3250.0,65,2
11536,2025-12-30 14:36:58+05:30,3248.4,59,3253.15,1656533,87908.0,111702.0,3250.0,3267.5,3239.8,3251.5,47088475,3576.6,2926.4,4322.95,2866.6,3248.4,175,1,3248.3,469,4,3248.2,30,3,3248.1,137,3,3248.0,513,6,3248.5,60,2,3248.6,1,1,3249.8,81,2,3249.9,88,3,3250.0,65,2
11536,2025-12-30 14:36:59+05:30,3248.4,59,3253.15,1656631,87875.0,111727.0,3250.0,3267.5,3239.8,3251.5,47088475,3576.6,2926.4,4322.95,2866.6,3248.4,77,1,3248.3,469,4,3248.2,26,2,3248.1,148,4,3248.0,513,6,3248.5,1,1,3248.6,1,1,3249.7,61,1,3249.8,125,3,3249.9,88,3
11536,2025-12-30 14:36:59+05:30,3248.4,1,3253.15,1656631,87875.0,111727.0,3250.0,3267.5,3239.8,3251.5,47088475,3576.6,2926.4,4322.95,2866.6,3248.4,77,1,3248.3,469,4,3248.2,26,2,3248.1,148,4,3248.0,513,6,3248.5,1,1,3248.6,1,1,3249.7,61,1,3249.8,125,3,3249.9,88,3
11536,2025-12-30 14:37:00+05:30,3248.4,1,3253.15,1656878,87617.0,111936.0,3250.0,3267.5,3239.8,3251.5,47088475,3576.6,2926.4,4322.95,2866.6,3248.4,5,1,3248.3,279,2,3248.2,175,1,3248.1,96,3,3248.0,512,7,3248.5,1,1,3248.6,1,1,3249.5,48,1,3249.6,24,2,3249.7,64,2
11536,2025-12-30 14:37:00+05:30,3248.4,5,3253.15,1656878,87617.0,111936.0,3250.0,3267.5,3239.8,3251.5,47088475,3576.6,2926.4,4322.95,2866.6,3248.4,5,1,3248.3,279,2,3248.2,175,1,3248.1,96,3,3248.0,512,7,3248.5,1,1,3248.6,1,1,3249.5,48,1,3249.6,24,2,3249.7,64,2
11536,2025-12-30 14:37:01+05:30,3248.3,1,3253.15,1656918,87602.0,112006.0,3250.0,3267.5,3239.8,3251.5,47088475,3576.6,2926.4,4322.95,2866.6,3248.3,399,2,3248.2,175,1,3248.1,96,3,3248.0,510,7,3247.9,3,1,3248.4,205,1,3248.5,14,1,3248.6,1,1,3249.1,17,1,3249.3,17,1
11536,2025-12-30 14:37:01+05:30,3248.3,1,3253.15,1656918,87602.0,112006.0,3250.0,3267.5,3239.8,3251.5,47088475,3576.6,2926.4,4322.95,2866.6,3248.3,399,2,3248.2,175,1,3248.1,96,3,3248.0,510,7,3247.9,3,1,3248.4,205,1,3248.5,14,1,3248.6,1,1,3249.1,17,1,3249.3,17,1
11536,2025-12-30 14:37:02+05:30,3248.0,39,3253.14,1657989,86639.0,111994.0,3250.0,3267.5,3239.8,3251.5,47088475,3576.6,2926.4,4322.95,2866.6,3248.2,136,1,3247.8,27,3,3247.6,175,1,3247.5,5,3,3247.3,108,4,3248.4,205,1,3248.5,47,3,3248.6,18,2,3248.7,19,1,3248.8,19,1
11536,2025-12-30 14:37:02+05:30,3248.2,136,3253.14,1657989,86639.0,111994.0,3250.0,3267.5,3239.8,3251.5,47088475,3576.6,2926.4,4322.95,2866.6,3248.2,136,1,3247.8,27,3,3247.6,175,1,3247.5,5,3,3247.3,108,4,3248.4,205,1,3248.5,47,3,3248.6,18,2,3248.7,19,1,3248.8,19,1
11536,2025-12-30 14:37:03+05:30,3247.8,10,3253.14,1658791,86760.0,111975.0,3250.0,3267.5,3239.8,3251.5,47088475,3576.6,2926.4,4322.95,2866.6,3247.8,7,1,3247.6,175,1,3247.5,5,3,3247.3,105,3,3247.2,22,2,3248.1,1,1,3248.2,18,3,3248.3,101,3,3248.4,13,1,3248.5,10,1
11536,2025-12-30 14:37:03+05:30,3247.8,10,3253.14,1658791,86760.0,111975.0,3250.0,3267.5,3239.8,3251.5,47088475,3576.6,2926.4,4322.95,2866.6,3247.8,7,1,3247.6,175,1,3247.5,5,3,3247.3,105,3,3247.2,22,2,3248.1,1,1,3248.2,18,3,3248.3,101,3,3248.4,13,1,3248.5,10,1
11536,2025-12-30 14:37:04+05:30,3248.3,3,3253.14,1658900,86683.0,112014.0,3250.0,3267.5,3239.8,3251.5,47088475,3576.6,2926.4,4322.95,2866.6,3247.6,120,1,3247.5,5,3,3247.3,102,2,3247.2,1,1,3247.0,866,7,3248.3,44,2,3248.4,13,1,3248.5,10,1,3248.6,61,2,3248.7,41,3
11536,2025-12-30 14:37:04+05:30,3248.3,3,3253.14,1658900,86683.0,112014.0,3250.0,3267.5,3239.8,3251.5,47088475,3576.6,2926.4,4322.95,2866.6,3247.6,120,1,3247.5,5,3,3247.3,102,2,3247.2,1,1,3247.0,866,7,3248.3,44,2,3248.4,13,1,3248.5,10,1,3248.6,61,2,3248.7,41,3
11536,2025-12-30 14:37:05+05:30,3247.5,1,3253.14,1659078,86027.0,112760.0,3250.0,3267.5,3239.8,3251.5,47088475,3576.6,2926.4,4322.95,2866.6,3247.5,3,2,3247.3,50,1,3247.2,1,1,3247.0,846,6,3246.9,66,2,3247.6,59,1,3248.3,88,3,3248.4,3,1,3248.5,55,2,3248.6,44,1
11536,2025-12-30 14:37:05+05:30,3247.5,1,3253.14,1659078,86027.0,112760.0,3250.0,3267.5,3239.8,3251.5,47088475,3576.6,2926.4,4322.95,2866.6,3247.5,3,2,3247.3,50,1,3247.2,1,1,3247.0,846,6,3246.9,66,2,3247.6,59,1,3248.3,88,3,3248.4,3,1,3248.5,55,2,3248.6,44,1
11536,2025-12-30 14:37:06+05:30,3247.5,1,3253.14,1659095,84527.0,111149.0,3250.0,3267.5,3239.8,3251.5,47088475,3576.6,2926.4,4322.95,2866.6,3247.5,4,2,3247.3,50,1,3247.2,1,1,3247.0,866,7,3246.9,52,1,3247.6,59,1,3248.3,72,2,3248.4,3,1,3248.5,55,2,3248.6,44,1
11536,2025-12-30 14:37:06+05:30,3247.5,1,3253.14,1659095,84527.0,111149.0,3250.0,3267.5,3239.8,3251.5,47088475,3576.6,2926.4,4322.95,2866.6,3247.5,4,2,3247.3,50,1,3247.2,1,1,3247.0,866,7,3246.9,52,1,3247.6,59,1,3248.3,72,2,3248.4,3,1,3248.5,55,2,3248.6,44,1
11536,2025-12-30 14:37:07+05:30,3247.5,1,3253.14,1659167,85282.0,110576.0,3250.0,3267.5,3239.8,3251.5,47088475,3576.6,2926.4,4322.95,2866.6,3247.7,115,1,3247.5,55,3,3247.4,31,1,3247.3,50,1,3247.2,59,4,3248.4,1,1,3248.5,25,1,3248.6,28,1,3248.7,2,1,3248.8,41,2
11536,2025-12-30 14:37:07+05:30,3247.5,1,3253.14,1659167,85282.0,110576.0,3250.0,3267.5,3239.8,3251.5,47088475,3576.6,2926.4,4322.95,2866.6,3247.7,115,1,3247.5,55,3,3247.4,31,1,3247.3,50,1,3247.2,59,4,3248.4,1,1,3248.5,25,1,3248.6,28,1,3248.7,2,1,3248.8,41,2
11536,2025-12-30 14:37:08+05:30,3247.5,1,3253.14,1659167,85329.0,110618.0,3250.0,3267.5,3239.8,3251.5,47088475,3576.6,2926.4,4322.95,2866.6,3247.7,115,1,3247.5,56,4,3247.4,51,2,3247.3,50,1,3247.2,40,3,3248.4,1,1,3248.5,25,1,3248.6,28,1,3248.7,2,1,3248.8,41,2
11536,2025-12-30 14:37:08+05:30,3247.7,62,3253.14,1659167,85329.0,110618.0,3250.0,3267.5,3239.8,3251.5,47088475,3576.6,2926.4,4322.95,2866.6,3247.7,115,1,3247.5,56,4,3247.4,51,2,3247.3,50,1,3247.2,40,3,3248.4,1,1,3248.5,25,1,3248.6,28,1,3248.7,2,1,3248.8,41,2
11536,2025-12-30 14:37:09+05:30,3248.6,9,3253.14,1659278,85187.0,110508.0,3250.0,3267.5,3239.8,3251.5,47088475,3576.6,2926.4,4322.95,2866.6,3248.4,16,2,3247.7,28,2,3247.6,20,1,3247.5,30,3,3247.4,41,2,3248.5,1,1,3248.6,25,1,3248.8,72,3,3248.9,64,2,3249.0,68,3
11536,2025-12-30 14:37:09+05:30,3248.4,11,3253.14,1659278,85187.0,110508.0,3250.0,3267.5,3239.8,3251.5,47088475,3576.6,2926.4,4322.95,2866.6,3248.4,16,2,3247.7,28,2,3247.6,20,1,3247.5,30,3,3247.4,41,2,3248.5,1,1,3248.6,25,1,3248.8,72,3,3248.9,64,2,3249.0,68,3
11536,2025-12-30 14:37:10+05:30,3248.4,11,3253.14,1659305,85314.0,110517.0,3250.0,3267.5,3239.8,3251.5,47088475,3576.6,2926.4,4322.95,2866.6,3248.4,6,3,3248.1,26,1,3247.7,28,2,3247.6,41,2,3247.5,30,3,3248.7,1,1,3248.8,57,2,3248.9,44,1,3249.0,46,2,3249.1,56,1
11536,2025-12-30 14:37:10+05:30,3248.4,2,3253.14,1659305,85314.0,110517.0,3250.0,3267.5,3239.8,3251.5,47088475,3576.6,2926.4,4322.95,2866.6,3248.4,6,3,3248.1,26,1,3247.7,28,2,3247.6,41,2,3247.5,30,3,3248.7,1,1,3248.8,57,2,3248.9,44,1,3249.0,46,2,3249.1,56,1
11536,2025-12-30 14:37:11+05:30,3248.6,1,3253.14,1659691,85275.0,110686.0,3250.0,3267.5,3239.8,3251.5,47088475,3576.6,2926.4,4322.95,2866.6,3247.7,35,3,3247.5,20,2,3247.4,41,2,3247.3,50,1,3247.2,104,5,3248.5,1,1,3248.6,4,1,3248.7,52,2,3248.9,2,1,3249.0,89,3
11536,2025-12-30 14:37:11+05:30,3247.6,1,3253.14,1659691,85275.0,110686.0,3250.0,3267.5,3239.8,3251.5,47088475,3576.6,2926.4,4322.95,2866.6,3247.7,35,3,3247.5,20,2,3247.4,41,2,3247.3,50,1,3247.2,104,5,3248.5,1,1,3248.6,4,1,3248.7,52,2,3248.9,2,1,3249.0,89,3
11536,2025-12-30 14:37:12+05:30,3249.0,1,3253.14,1659745,85761.0,109991.0,3250.0,3267.5,3239.8,3251.5,47088475,3576.6,2926.4,4322.95,2866.6,3248.0,213,3,3247.9,18,1,3247.8,61,3,3247.7,61,2,3247.6,94,6,3249.1,83,2,3249.2,35,2,3249.3,22,2,3249.4,41,1,3249.5,66,2
11536,2025-12-30 14:37:12+05:30,3248.0,48,3253.14,1659745,85761.0,109991.0,3250.0,3267.5,3239.8,3251.5,47088475,3576.6,2926.4,4322.95,2866.6,3248.0,213,3,3247.9,18,1,3247.8,61,3,3247.7,61,2,3247.6,94,6,3249.1,83,2,3249.2,35,2,3249.3,22,2,3249.4,41,1,3249.5,66,2
11536,2025-12-30 14:37:13+05:30,3249.1,9,3253.14,1659849,85727.0,110450.0,3250.0,3267.5,3239.8,3251.5,47088475,3576.6,2926.4,4322.95,2866.6,3248.0,145,3,3247.8,29,1,3247.7,79,3,3247.6,25,3,3247.5,42,3,3249.0,1,1,3249.1,41,2,3249.2,4,1,3249.3,2,1,3249.4,41,1
11536,2025-12-30 14:37:13+05:30,3248.0,64,3253.14,1659849,85727.0,110450.0,3250.0,3267.5,3239.8,3251.5,47088475,3576.6,2926.4,4322.95,2866.6,3248.0,145,3,3247.8,29,1,3247.7,79,3,3247.6,25,3,3247.5,42,3,3249.0,1,1,3249.1,41,2,3249.2,4,1,3249.3,2,1,3249.4,41,1
11536,2025-12-30 14:37:14+05:30,3248.0,64,3253.14,1659913,85838.0,110436.0,3250.0,3267.5,3239.8,3251.5,47088475,3576.6,2926.4,4322.95,2866.6,3248.0,256,4,3247.8,29,1,3247.7,79,3,3247.6,25,3,3247.5,42,3,3249.0,1,1,3249.1,41,2,3249.2,4,1,3249.3,32,2,3249.4,41,1
11536,2025-12-30 14:37:14+05:30,3248.0,12,3253.14,1659913,85838.0,110436.0,3250.0,3267.5,3239.8,3251.5,47088475,3576.6,2926.4,4322.95,2866.6,3248.0,256,4,3247.8,29,1,3247.7,79,3,3247.6,25,3,3247.5,42,3,3249.0,1,1,3249.1,41,2,3249.2,4,1,3249.3,32,2,3249.4,41,1
11536,2025-12-30 14:37:15+05:30,3248.9,1,3253.14,1659999,85807.0,110555.0,3250.0,3267.5,3239.8,3251.5,47088475,3576.6,2926.4,4322.95,2866.6,3248.0,229,2,3247.8,21,1,3247.7,187,2,3247.6,54,4,3247.5,61,3,3248.9,1,1,3249.0,35,1,3249.1,10,1,3249.2,14,2,3249.3,32,2
11536,2025-12-30 14:37:15+05:30,3248.0,110,3253.14,1659999,85807.0,110555.0,3250.0,3267.5,3239.8,3251.5,47088475,3576.6,2926.4,4322.95,2866.6,3248.0,229,2,3247.8,21,1,3247.7,187,2,3247.6,54,4,3247.5,61,3,3248.9,1,1,3249.0,35,1,3249.1,10,1,3249.2,14,2,3249.3,32,2
11536,2025-12-30 14:37:16+05:30,3249.1,5,3253.14,1660164,85761.0,110647.0,3250.0,3267.5,3239.8,3251.5,47088475,3576.6,2926.4,4322.95,2866.6,3248.0,119,2,3247.7,175,1,3247.6,54,4,3247.5,45,2,3247.4,122,2,3249.0,87,4,3249.1,59,3,3249.2,14,2,3249.3,48,3,3249.4,95,4
11536,2025-12-30 14:37:16+05:30,3248.0,46,3253.14,1660164,85761.0,110647.0,3250.0,3267.5,3239.8,3251.5,47088475,3576.6,2926.4,4322.95,2866.6,3248.0,119,2,3247.7,175,1,3247.6,54,4,3247.5,45,2,3247.4,122,2,3249.0,87,4,3249.1,59,3,3249.2,14,2,3249.3,48,3,3249.4,95,4
11536,2025-12-30 14:37:17+05:30,3247.7,1,3253.13,1661323,85775.0,110259.0,3250.0,3267.5,3239.8,3251.5,47088475,3576.6,2926.4,4322.95,2866.6,3247.7,527,3,3247.5,10,1,3247.4,102,1,3247.3,54,2,3247.2,33,4,3248.8,1,1,3248.9,22,1,3249.0,2,1,3249.1,71,3,3249.2,47,3
11536,2025-12-30 14:37:17+05:30,3247.7,142,3253.13,1661323,85775.0,110259.0,3250.0,3267.5,3239.8,3251.5,47088475,3576.6,2926.4,4322.95,2866.6,3247.7,527,3,3247.5,10,1,3247.4,102,1,3247.3,54,2,3247.2,33,4,3248.8,1,1,3248.9,22,1,3249.0,2,1,3249.1,71,3,3249.2,47,3
11536,2025-12-30 14:37:18+05:30,3247.7,39,3253.13,1661506,85783.0,110495.0,3250.0,3267.5,3239.8,3251.5,47088475,3576.6,2926.4,4322.95,2866.6,3247.7,345,3,3247.5,10,1,3247.3,50,1,3247.2,54,5,3247.1,63,2,3248.6,1,1,3248.7,61,3,3248.8,23,2,3248.9,88,4,3249.0,29,3
11536,2025-12-30 14:37:18+05:30,3247.7,99,3253.13,1661506,85783.0,110495.0,3250.0,3267.5,3239.8,3251.5,47088475,3576.6,2926.4,4322.95,2866.6,3247.7,345,3,3247.5,10,1,3247.3,50,1,3247.2,54,5,3247.1,63,2,3248.6,1,1,3248.7,61,3,3248.8,23,2,3248.9,88,4,3249.0,29,3
11536,2025-12-30 14:37:19+05:30,3248.6,1,3253.13,1661618,85615.0,110426.0,3250.0,3267.5,3239.8,3251.5,47088475,3576.6,2926.4,4322.95,2866.6,3248.6,2,1,3247.7,71,2,3247.6,21,1,3247.5,175,1,3247.4,22,1,3248.7,57,3,3248.8,82,4,3248.9,34,2,3249.0,39,3,3249.1,115,4
11536,2025-12-30 14:37:19+05:30,3248.6,1,3253.13,1661618,85615.0,110426.0,3250.0,3267.5,3239.8,3251.5,47088475,3576.6,2926.4,4322.95,2866.6,3248.6,2,1,3247.7,71,2,3247.6,21,1,3247.5,175,1,3247.4,22,1,3248.7,57,3,3248.8,82,4,3248.9,34,2,3249.0,39,3,3249.1,115,4
11536,2025-12-30 14:37:20+05:30,3248.6,32,3253.13,1661652,85617.0,110367.0,3250.0,3267.5,3239.8,3251.5,47088475,3576.6,2926.4,4322.95,2866.6,3247.7,71,2,3247.5,175,1,3247.3,50,1,3247.2,28,4,3247.1,43,1,3248.6,65,4,3248.7,28,2,3248.8,68,3,3248.9,34,2,3249.0,39,3
11536,2025-12-30 14:37:20+05:30,3248.6,32,3253.13,1661652,85617.0,110367.0,3250.0,3267.5,3239.8,3251.5,47088475,3576.6,2926.4,4322.95,2866.6,3247.7,71,2,3247.5,175,1,3247.3,50,1,3247.2,28,4,3247.1,43,1,3248.6,65,4,3248.7,28,2,3248.8,68,3,3248.9,34,2,3249.0,39,3
11536,2025-12-30 14:37:21+05:30,3247.7,1,3253.13,1661693,85599.0,110525.0,3250.0,3267.5,3239.8,3251.5,47088475,3576.6,2926.4,4322.95,2866.6,3247.7,30,2,3247.5,175,1,3247.3,50,1,3247.2,28,4,3247.1,43,1,3248.4,15,3,3248.5,46,2,3248.6,49,3,3248.7,22,2,3248.8,33,2
11536,2025-12-30 14:37:21+05:30,3247.7,1,3253.13,1661693,85599.0,110525.0,3250.0,3267.5,3239.8,3251.5,47088475,3576.6,2926.4,4322.95,2866.6,3247.7,30,2,3247.5,175,1,3247.3,50,1,3247.2,28,4,3247.1,43,1,3248.4,15,3,3248.5,46,2,3248.6,49,3,3248.7,22,2,3248.8,33,2
11536,2025-12-30 14:37:22+05:30,3248.8,1,3253.13,1661875,85634.0,110490.0,3250.0,3267.5,3239.8,3251.5,47088475,3576.6,2926.4,4322.95,2866.6,3247.7,30,2,3247.3,225,2,3247.2,25,3,3247.1,64,2,3247.0,940,11,3248.6,6,2,3248.7,31,2,3248.8,74,3,3248.9,34,2,3249.0,41,3
11536,2025-12-30 14:37:22+05:30,3248.6,2,3253.13,1661875,85634.0,110490.0,3250.0,3267.5,3239.8,3251.5,47088475,3576.6,2926.4,4322.95,2866.6,3247.7,30,2,3247.3,225,2,3247.2,25,3,3247.1,64,2,3247.0,940,11,3248.6,6,2,3248.7,31,2,3248.8,74,3,3248.9,34,2,3249.0,41,3
11536,2025-12-30 14:37:23+05:30,3247.6,1,3253.13,1662131,85745.0,110455.0,3250.0,3267.5,3239.8,3251.5,47088475,3576.6,2926.4,4322.95,2866.6,3247.6,4,2,3247.5,21,1,3247.4,41,3,3247.3,300,6,3247.2,70,5,3248.8,1,1,3248.9,55,3,3249.0,54,2,3249.1,125,5,3249.2,62,3
11536,2025-12-30 14:37:23+05:30,3248.8,1,3253.13,1662131,85745.0,110455.0,3250.0,3267.5,3239.8,3251.5,47088475,3576.6,2926.4,4322.95,2866.6,3247.6,4,2,3247.5,21,1,3247.4,41,3,3247.3,300,6,3247.2,70,5,3248.8,1,1,3248.9,55,3,3249.0,54,2,3249.1,125,5,3249.2,62,3
11536,2025-12-30 14:37:24+05:30,3248.8,9,3253.13,1662362,85623.0,110822.0,3250.0,3267.5,3239.8,3251.5,47088475,3576.6,2926.4,4322.95,2866.6,3247.6,65,4,3247.4,69,3,3247.3,228,3,3247.2,111,7,3247.1,10,1,3248.9,120,4,3249.0,68,2,3249.1,22,1,3249.2,95,3,3249.3,76,3
11536,2025-12-30 14:37:24+05:30,3248.8,9,3253.13,1662362,85623.0,110822.0,3250.0,3267.5,3239.8,3251.5,47088475,3576.6,2926.4,4322.95,2866.6,3247.6,65,4,3247.4,69,3,3247.3,228,3,3247.2,111,7,3247.1,10,1,3248.9,120,4,3249.0,68,2,3249.1,22,1,3249.2,95,3,3249.3,76,3
11536,2025-12-30 14:37:25+05:30,3247.5,1,3253.13,1662443,85710.0,110482.0,3250.0,3267.5,3239.8,3251.5,47088475,3576.6,2926.4,4322.95,2866.6,3247.5,140,6,3247.4,21,2,3247.3,245,4,3247.2,88,7,3247.1,52,2,3248.8,67,3,3248.9,44,1,3249.1,22,1,3249.2,95,4,3249.3,49,2
11536,2025-12-30 14:37:25+05:30,3247.5,1,3253.13,1662443,85710.0,110482.0,3250.0,3267.5,3239.8,3251.5,47088475,3576.6,2926.4,4322.95,2866.6,3247.5,140,6,3247.4,21,2,3247.3,245,4,3247.2,88,7,3247.1,52,2,3248.8,67,3,3248.9,44,1,3249.1,22,1,3249.2,95,4,3249.3,49,2
11536,2025-12-30 14:37:26+05:30,3247.5,199,3253.13,1662642,84815.0,110631.0,3250.0,3267.5,3239.8,3251.5,47088475,3576.6,2926.4,4322.95,2866.6,3247.5,43,1,3247.3,53,2,3247.2,4,2,3247.0,868,9,3246.9,175,1,3248.4,1,1,3248.5,31,3,3248.6,67,3,3248.7,80,3,3248.8,65,5
11536,2025-12-30 14:37:26+05:30,3247.5,199,3253.13,1662642,84815.0,110631.0,3250.0,3267.5,3239.8,3251.5,47088475,3576.6,2926.4,4322.95,2866.6,3247.5,43,1,3247.3,53,2,3247.2,4,2,3247.0,868,9,3246.9,175,1,3248.4,1,1,3248.5,31,3,3248.6,67,3,3248.7,80,3,3248.8,65,5
11536,2025-12-30 14:37:27+05:30,3247.3,97,3253.13,1662975,85077.0,110440.0,3250.0,3267.5,3239.8,3251.5,47088475,3576.6,2926.4,4322.95,2866.6,3247.2,69,4,3247.1,39,1,3247.0,872,10,3246.9,99,3,3246.8,610,7,3248.4,1,1,3248.5,41,4,3248.6,12,1,3248.7,61,2,3248.8,58,3
11536,2025-12-30 14:37:27+05:30,3248.4,1,3253.13,1662975,85077.0,110440.0,3250.0,3267.5,3239.8,3251.5,47088475,3576.6,2926.4,4322.95,2866.6,3247.2,69,4,3247.1,39,1,3247.0,872,10,3246.9,99,3,3246.8,610,7,3248.4,1,1,3248.5,41,4,3248.6,12,1,3248.7,61,2,3248.8,58,3
11536,2025-12-30 14:37:28+05:30,3247.3,5,3253.13,1662975,85077.0,110440.0,3250.0,3267.5,3239.8,3251.5,47088475,3576.6,2926.4,4322.95,2866.6,3247.2,69,4,3247.1,39,1,3247.0,872,10,3246.9,99,3,3246.8,610,7,3248.4,1,1,3248.5,41,4,3248.6,12,1,3248.7,61,2,3248.8,58,3
11536,2025-12-30 14:37:29+05:30,3247.3,5,3253.13,1663346,85167.0,110540.0,3250.0,3267.5,3239.8,3251.5,47088475,3576.6,2926.4,4322.95,2866.6,3247.3,24,1,3247.2,99,4,3247.1,3,1,3247.0,1062,12,3246.9,106,4,3248.6,27,3,3248.7,10,1,3248.8,84,3,3248.9,83,4,3249.0,11,1
11536,2025-12-30 14:37:29+05:30,3247.0,1,3253.13,1663346,85167.0,110540.0,3250.0,3267.5,3239.8,3251.5,47088475,3576.6,2926.4,4322.95,2866.6,3247.3,24,1,3247.2,99,4,3247.1,3,1,3247.0,1062,12,3246.9,106,4,3248.6,27,3,3248.7,10,1,3248.8,84,3,3248.9,83,4,3249.0,11,1
11536,2025-12-30 14:37:30+05:30,3247.0,1,3253.12,1663665,84437.0,110186.0,3250.0,3267.5,3239.8,3251.5,47088475,3576.6,2926.4,4322.95,2866.6,3247.0,840,6,3246.9,10,1,3246.8,407,3,3246.7,3,1,3246.6,58,5,3248.1,22,1,3248.3,127,7,3248.4,51,3,3248.5,36,2,3248.6,88,4
11536,2025-12-30 14:37:30+05:30,3247.0,313,3253.12,1663665,84437.0,110186.0,3250.0,3267.5,3239.8,3251.5,47088475,3576.6,2926.4,4322.95,2866.6,3247.0,840,6,3246.9,10,1,3246.8,407,3,3246.7,3,1,3246.6,58,5,3248.1,22,1,3248.3,127,7,3248.4,51,3,3248.5,36,2,3248.6,88,4
11536,2025-12-30 14:37:31+05:30,3247.0,313,3253.12,1663978,84447.0,111300.0,3250.0,3267.5,3239.8,3251.5,47088475,3576.6,2926.4,4322.95,2866.6,3247.0,591,9,3246.9,10,1,3246.8,407,3,3246.7,3,1,3246.6,233,6,3248.0,1,1,3248.1,22,1,3248.3,82,5,3248.4,95,4,3248.5,36,2
11536,2025-12-30 14:37:31+05:30,3246.8,152,3253.12,1663978,84447.0,111300.0,3250.0,3267.5,3239.8,3251.5,47088475,3576.6,2926.4,4322.95,2866.6,3247.0,591,9,3246.9,10,1,3246.8,407,3,3246.7,3,1,3246.6,233,6,3248.0,1,1,3248.1,22,1,3248.3,82,5,3248.4,95,4,3248.5,36,2
11536,2025-12-30 14:37:32+05:30,3246.8,152,3253.12,1664825,84391.0,111247.0,3250.0,3267.5,3239.8,3251.5,47088475,3576.6,2926.4,4322.95,2866.6,3246.8,255,3,3246.7,30,1,3246.6,7,2,3246.5,297,3,3246.4,15,4,3247.0,226,2,3247.9,40,3,3248.0,34,3,3248.1,120,5,3248.2,128,6
11536,2025-12-30 14:37:32+05:30,3246.5,202,3253.12,1664825,84391.0,111247.0,3250.0,3267.5,3239.8,3251.5,47088475,3576.6,2926.4,4322.95,2866.6,3246.8,255,3,3246.7,30,1,3246.6,7,2,3246.5,297,3,3246.4,15,4,3247.0,226,2,3247.9,40,3,3248.0,34,3,3248.1,120,5,3248.2,128,6
11536,2025-12-30 14:37:33+05:30,3246.3,60,3253.11,1666320,82649.0,110611.0,3250.0,3267.5,3239.8,3251.5,47088475,3576.6,2926.4,4322.95,2866.6,3246.2,799,7,3246.1,10,1,3246.0,976,12,3245.9,1,1,3245.8,156,3,3247.0,249,4,3247.1,14,1,3247.3,44,2,3247.4,70,3,3247.5,92,4
11536,2025-12-30 14:37:33+05:30,3246.3,60,3253.11,1666320,82649.0,110611.0,3250.0,3267.5,3239.8,3251.5,47088475,3576.6,2926.4,4322.95,2866.6,3246.2,799,7,3246.1,10,1,3246.0,976,12,3245.9,1,1,3245.8,156,3,3247.0,249,4,3247.1,14,1,3247.3,44,2,3247.4,70,3,3247.5,92,4
11536,2025-12-30 14:37:34+05:30,3247.0,5,3253.11,1666709,82354.0,110229.0,3250.0,3267.5,3239.8,3251.5,47088475,3576.6,2926.4,4322.95,2866.6,3246.2,415,3,3246.1,10,1,3246.0,976,12,3245.9,1,1,3245.8,135,2,3247.0,258,5,3247.1,14,1,3247.3,61,3,3247.4,56,3,3247.5,109,5
11536,2025-12-30 14:37:34+05:30,3247.0,1,3253.11,1666709,82354.0,110229.0,3250.0,3267.5,3239.8,3251.5,47088475,3576.6,2926.4,4322.95,2866.6,3246.2,415,3,3246.1,10,1,3246.0,976,12,3245.9,1,1,3245.8,135,2,3247.0,258,5,3247.1,14,1,3247.3,61,3,3247.4,56,3,3247.5,109,5
11536,2025-12-30 14:37:35+05:30,3246.2,313,3253.11,1667072,82776.0,110061.0,3250.0,3267.5,3239.8,3251.5,47088475,3576.6,2926.4,4322.95,2866.6,3246.2,102,3,3246.1,10,1,3246.0,1006,13,3245.9,1,1,3245.8,135,2,3247.0,263,6,3247.1,14,1,3247.2,32,1,3247.3,14,1,3247.4,33,3
11536,2025-12-30 14:37:35+05:30,3246.2,313,3253.11,1667072,82776.0,110061.0,3250.0,3267.5,3239.8,3251.5,47088475,3576.6,2926.4,4322.95,2866.6,3246.2,102,3,3246.1,10,1,3246.0,1006,13,3245.9,1,1,3245.8,135,2,3247.0,263,6,3247.1,14,1,3247.2,32,1,3247.3,14,1,3247.4,33,3
11536,2025-12-30 14:37:36+05:30,3246.2,61,3253.11,1667228,82778.0,110694.0,3250.0,3267.5,3239.8,3251.5,47088475,3576.6,2926.4,4322.95,2866.6,3246.1,10,1,3246.0,1042,15,3245.9,1,1,3245.8,141,3,3245.7,84,4,3246.2,94,1,3247.0,240,4,3247.2,32,1,3247.4,20,2,3247.5,47,2
11536,2025-12-30 14:37:36+05:30,3246.2,61,3253.11,1667228,82778.0,110694.0,3250.0,3267.5,3239.8,3251.5,47088475,3576.6,2926.4,4322.95,2866.6,3246.1,10,1,3246.0,1042,15,3245.9,1,1,3245.8,141,3,3245.7,84,4,3246.2,94,1,3247.0,240,4,3247.2,32,1,3247.4,20,2,3247.5,47,2
11536,2025-12-30 14:37:37+05:30,3246.2,1,3253.11,1667229,82845.0,109265.0,3250.0,3267.5,3239.8,3251.5,47088475,3576.6,2926.4,4322.95,2866.6,3246.1,10,1,3246.0,1042,15,3245.9,1,1,3245.8,141,3,3245.7,84,4,3246.2,107,2,3247.0,226,3,3247.2,32,1,3247.4,20,2,3247.5,72,3
11536,2025-12-30 14:37:37+05:30,3246.2,4,3253.11,1667229,82845.0,109265.0,3250.0,3267.5,3239.8,3251.5,47088475,3576.6,2926.4,4322.95,2866.6,3246.1,10,1,3246.0,1042,15,3245.9,1,1,3245.8,141,3,3245.7,84,4,3246.2,107,2,3247.0,226,3,3247.2,32,1,3247.4,20,2,3247.5,72,3
11536,2025-12-30 14:37:38+05:30,3246.2,1,3253.11,1667234,82962.0,110638.0,3250.0,3267.5,3239.8,3251.5,47088475,3576.6,2926.4,4322.95,2866.6,3246.1,82,2,3246.0,1024,14,3245.9,1,1,3245.8,141,3,3245.7,65,3,3246.2,102,2,3247.0,226,3,3247.2,32,1,3247.4,20,2,3247.5,72,3
11536,2025-12-30 14:37:38+05:30,3246.1,30,3253.11,1667234,82962.0,110638.0,3250.0,3267.5,3239.8,3251.5,47088475,3576.6,2926.4,4322.95,2866.6,3246.1,82,2,3246.0,1024,14,3245.9,1,1,3245.8,141,3,3245.7,65,3,3246.2,102,2,3247.0,226,3,3247.2,32,1,3247.4,20,2,3247.5,72,3
11536,2025-12-30 14:37:39+05:30,3246.1,30,3253.11,1667274,82945.0,110626.0,3250.0,3267.5,3239.8,3251.5,47088475,3576.6,2926.4,4322.95,2866.6,3246.1,10,1,3246.0,1066,15,3245.9,1,1,3245.8,141,3,3245.7,65,3,3246.2,102,2,3247.0,226,3,3247.2,32,1,3247.4,20,2,3247.5,72,3
11536,2025-12-30 14:37:39+05:30,3247.0,1,3253.11,1667274,82945.0,110626.0,3250.0,3267.5,3239.8,3251.5,47088475,3576.6,2926.4,4322.95,2866.6,3246.1,10,1,3246.0,1066,15,3245.9,1,1,3245.8,141,3,3245.7,65,3,3246.2,102,2,3247.0,226,3,3247.2,32,1,3247.4,20,2,3247.5,72,3
11536,2025-12-30 14:37:40+05:30,3247.0,1,3253.11,1667377,83732.0,110003.0,3250.0,3267.5,3239.8,3251.5,47088475,3576.6,2926.4,4322.95,2866.6,3246.2,46,3,3246.1,59,3,3246.0,1056,15,3245.9,116,2,3245.8,62,3,3247.0,181,2,3247.3,36,1,3247.4,18,1,3247.5,72,3,3247.6,32,2
11536,2025-12-30 14:37:40+05:30,3246.2,3,3253.11,1667377,83732.0,110003.0,3250.0,3267.5,3239.8,3251.5,47088475,3576.6,2926.4,4322.95,2866.6,3246.2,46,3,3246.1,59,3,3246.0,1056,15,3245.9,116,2,3245.8,62,3,3247.0,181,2,3247.3,36,1,3247.4,18,1,3247.5,72,3,3247.6,32,2
11536,2025-12-30 14:37:41+05:30,3246.2,178,3253.11,1667637,83253.0,110021.0,3250.0,3267.5,3239.8,3251.5,47088475,3576.6,2926.4,4322.95,2866.6,3246.2,104,2,3246.1,20,2,3246.0,977,13,3245.9,40,2,3245.8,27,2,3247.0,181,2,3247.2,19,1,3247.3,80,2,3247.4,18,1,3247.5,90,4
11536,2025-12-30 14:37:41+05:30,3246.2,178,3253.11,1667637,83253.0,110021.0,3250.0,3267.5,3239.8,3251.5,47088475,3576.6,2926.4,4322.95,2866.6,3246.2,104,2,3246.1,20,2,3246.0,977,13,3245.9,40,2,3245.8,27,2,3247.0,181,2,3247.2,19,1,3247.3,80,2,3247.4,18,1,3247.5,90,4
11536,2025-12-30 14:37:42+05:30,3246.2,178,3253.11,1667637,83434.0,109827.0,3250.0,3267.5,3239.8,3251.5,47088475,3576.6,2926.4,4322.95,2866.6,3246.2,110,3,3246.1,20,2,3246.0,977,13,3245.9,40,2,3245.8,27,2,3247.0,181,2,3247.3,80,2,3247.4,37,2,3247.5,72,3,3247.6,51,3
11536,2025-12-30 14:37:42+05:30,3246.2,107,3253.11,1667637,83434.0,109827.0,3250.0,3267.5,3239.8,3251.5,47088475,3576.6,2926.4,4322.95,2866.6,3246.2,110,3,3246.1,20,2,3246.0,977,13,3245.9,40,2,3245.8,27,2,3247.0,181,2,3247.3,80,2,3247.4,37,2,3247.5,72,3,3247.6,51,3
11536,2025-12-30 14:37:43+05:30,3246.2,1,3253.11,1667875,80057.0,109859.0,3250.0,3267.5,3239.8,3251.5,47088475,3576.6,2926.4,4322.95,2866.6,3246.2,71,1,3246.1,52,3,3246.0,1113,16,3245.9,1,1,3245.8,48,3,3247.0,178,2,3247.3,80,2,3247.4,18,1,3247.5,72,3,3247.6,49,2
11536,2025-12-30 14:37:43+05:30,3246.2,2,3253.11,1667875,80057.0,109859.0,3250.0,3267.5,3239.8,3251.5,47088475,3576.6,2926.4,4322.95,2866.6,3246.2,71,1,3246.1,52,3,3246.0,1113,16,3245.9,1,1,3245.8,48,3,3247.0,178,2,3247.3,80,2,3247.4,18,1,3247.5,72,3,3247.6,49,2
11536,2025-12-30 14:37:44+05:30,3246.2,2,3253.11,1668128,82978.0,108643.0,3250.0,3267.5,3239.8,3251.5,47088475,3576.6,2926.4,4322.95,2866.6,3246.2,74,2,3246.1,37,3,3246.0,1085,15,3245.9,21,2,3245.8,42,2,3247.0,178,2,3247.3,44,1,3247.4,57,2,3247.5,72,3,3247.6,30,1
11536,2025-12-30 14:37:44+05:30,3246.2,4,3253.11,1668128,82978.0,108643.0,3250.0,3267.5,3239.8,3251.5,47088475,3576.6,2926.4,4322.95,2866.6,3246.2,74,2,3246.1,37,3,3246.0,1085,15,3245.9,21,2,3245.8,42,2,3247.0,178,2,3247.3,44,1,3247.4,57,2,3247.5,72,3,3247.6,30,1
11536,2025-12-30 14:37:45+05:30,3246.2,126,3253.11,1668380,83724.0,109691.0,3250.0,3267.5,3239.8,3251.5,47088475,3576.6,2926.4,4322.95,2866.6,3246.2,65,4,3246.1,10,1,3246.0,1053,14,3245.9,155,3,3245.8,49,3,3247.0,178,2,3247.3,83,2,3247.4,18,1,3247.5,47,2,3247.6,62,2
11536,2025-12-30 14:37:45+05:30,3247.0,1,3253.11,1668380,83724.0,109691.0,3250.0,3267.5,3239.8,3251.5,47088475,3576.6,2926.4,4322.95,2866.6,3246.2,65,4,3246.1,10,1,3246.0,1053,14,3245.9,155,3,3245.8,49,3,3247.0,178,2,3247.3,83,2,3247.4,18,1,3247.5,47,2,3247.6,62,2
11536,2025-12-30 14:37:46+05:30,3247.0,1,3253.11,1668479,83585.0,108515.0,3250.0,3267.5,3239.8,3251.5,47088475,3576.6,2926.4,4322.95,2866.6,3246.2,26,2,3246.1,20,2,3246.0,1053,14,3245.9,33,2,3245.8,49,3,3247.0,79,2,3247.3,39,1,3247.4,18,1,3247.5,47,2,3247.6,62,2
11536,2025-12-30 14:37:46+05:30,3246.2,29,3253.11,1668479,83585.0,108515.0,3250.0,3267.5,3239.8,3251.5,47088475,3576.6,2926.4,4322.95,2866.6,3246.2,26,2,3246.1,20,2,3246.0,1053,14,3245.9,33,2,3245.8,49,3,3247.0,79,2,3247.3,39,1,3247.4,18,1,3247.5,47,2,3247.6,62,2
11536,2025-12-30 14:37:47+05:30,3245.8,1,3253.1,1669805,81138.0,110748.0,3250.0,3267.5,3239.8,3251.5,47088475,3576.6,2926.4,4322.95,2866.6,3245.7,19,2,3245.6,147,2,3245.5,2,1,3245.4,15,1,3245.3,58,2,3246.2,120,1,3246.9,3,1,3247.0,138,4,3247.1,19,1,3247.2,46,1
11536,2025-12-30 14:37:47+05:30,3245.8,1,3253.1,1669805,81138.0,110748.0,3250.0,3267.5,3239.8,3251.5,47088475,3576.6,2926.4,4322.95,2866.6,3245.7,19,2,3245.6,147,2,3245.5,2,1,3245.4,15,1,3245.3,58,2,3246.2,120,1,3246.9,3,1,3247.0,138,4,3247.1,19,1,3247.2,46,1
11536,2025-12-30 14:37:48+05:30,3245.8,3,3253.1,1669808,82153.0,110913.0,3250.0,3267.5,3239.8,3251.5,47088475,3576.6,2926.4,4322.95,2866.6,3245.7,10,1,3245.5,2,1,3245.4,118,2,3245.3,90,3,3245.2,26,1,3245.8,117,1,3246.7,83,2,3246.9,3,1,3247.0,176,6,3247.1,46,2
11536,2025-12-30 14:37:48+05:30,3245.7,10,3253.1,1669808,82153.0,110913.0,3250.0,3267.5,3239.8,3251.5,47088475,3576.6,2926.4,4322.95,2866.6,3245.7,10,1,3245.5,2,1,3245.4,118,2,3245.3,90,3,3245.2,26,1,3245.8,117,1,3246.7,83,2,3246.9,3,1,3247.0,176,6,3247.1,46,2
11536,2025-12-30 14:37:49+05:30,3246.3,29,3253.1,1669993,81885.0,111474.0,3250.0,3267.5,3239.8,3251.5,47088475,3576.6,2926.4,4322.95,2866.6,3245.8,5,1,3245.5,3,2,3245.4,35,3,3245.2,183,4,3245.1,68,7,3246.6,49,2,3246.7,32,1,3246.8,44,1,3246.9,57,2,3247.0,141,4
11536,2025-12-30 14:37:49+05:30,3246.3,29,3253.1,1669993,81885.0,111474.0,3250.0,3267.5,3239.8,3251.5,47088475,3576.6,2926.4,4322.95,2866.6,3245.8,5,1,3245.5,3,2,3245.4,35,3,3245.2,183,4,3245.1,68,7,3246.6,49,2,3246.7,32,1,3246.8,44,1,3246.9,57,2,3247.0,141,4
11536,2025-12-30 14:37:50+05:30,3245.8,3,3253.1,1670043,82132.0,110189.0,3250.0,3267.5,3239.8,3251.5,47088475,3576.6,2926.4,4322.95,2866.6,3245.5,12,4,3245.4,10,1,3245.2,189,4,3245.1,151,10,3245.0,671,42,3245.8,8,1,3246.6,114,3,3246.7,32,1,3246.8,47,2,3246.9,54,1
11536,2025-12-30 14:37:50+05:30,3245.8,3,3253.1,1670043,82132.0,110189.0,3250.0,3267.5,3239.8,3251.5,47088475,3576.6,2926.4,4322.95,2866.6,3245.5,12,4,3245.4,10,1,3245.2,189,4,3245.1,151,10,3245.0,671,42,3245.8,8,1,3246.6,114,3,3246.7,32,1,3246.8,47,2,3246.9,54,1
11536,2025-12-30 14:37:51+05:30,3245.8,3,3253.1,1670046,82320.0,111344.0,3250.0,3267.5,3239.8,3251.5,47088475,3576.6,2926.4,4322.95,2866.6,3245.5,46,5,3245.4,10,1,3245.3,41,1,3245.2,136,2,3245.1,150,9,3245.8,5,1,3246.6,14,1,3246.8,47,2,3246.9,54,1,3247.0,156,5
11536,2025-12-30 14:37:51+05:30,3245.8,1,3253.1,1670046,82320.0,111344.0,3250.0,3267.5,3239.8,3251.5,47088475,3576.6,2926.4,4322.95,2866.6,3245.5,46,5,3245.4,10,1,3245.3,41,1,3245.2,136,2,3245.1,150,9,3245.8,5,1,3246.6,14,1,3246.8,47,2,3246.9,54,1,3247.0,156,5
11536,2025-12-30 14:37:52+05:30,3246.9,45,3253.1,1670229,81778.0,109347.0,3250.0,3267.5,3239.8,3251.5,47088475,3576.6,2926.4,4322.95,2866.6,3245.7,115,1,3245.6,91,4,3245.5,69,5,3245.4,66,2,3245.3,80,2,3246.8,66,2,3246.9,24,1,3247.0,79,2,3247.1,34,1,3247.2,3,1
11536,2025-12-30 14:37:52+05:30,3246.9,45,3253.1,1670229,81778.0,109347.0,3250.0,3267.5,3239.8,3251.5,47088475,3576.6,2926.4,4322.95,2866.6,3245.7,115,1,3245.6,91,4,3245.5,69,5,3245.4,66,2,3245.3,80,2,3246.8,66,2,3246.9,24,1,3247.0,79,2,3247.1,34,1,3247.2,3,1
11536,2025-12-30 14:37:53+05:30,3245.9,59,3253.1,1670288,82533.0,107945.0,3250.0,3267.5,3239.8,3251.5,47088475,3576.6,2926.4,4322.95,2866.6,3245.9,56,1,3245.8,17,1,3245.7,11,2,3245.6,79,3,3245.5,20,3,3246.9,75,2,3247.0,79,2,3247.2,3,1,3247.3,49,2,3247.4,40,3
11536,2025-12-30 14:37:53+05:30,3245.9,59,3253.1,1670288,82533.0,107945.0,3250.0,3267.5,3239.8,3251.5,47088475,3576.6,2926.4,4322.95,2866.6,3245.9,56,1,3245.8,17,1,3245.7,11,2,3245.6,79,3,3245.5,20,3,3246.9,75,2,3247.0,79,2,3247.2,3,1,3247.3,49,2,3247.4,40,3
11536,2025-12-30 14:37:54+05:30,3246.9,40,3253.1,1670403,82620.0,110729.0,3250.0,3267.5,3239.8,3251.5,47088475,3576.6,2926.4,4322.95,2866.6,3245.9,56,1,3245.8,20,1,3245.7,1,1,3245.6,79,3,3245.5,3,2,3246.9,58,2,3247.0,136,4,3247.1,29,2,3247.2,47,2,3247.3,55,1
11536,2025-12-30 14:37:54+05:30,3245.9,40,3253.1,1670403,82620.0,110729.0,3250.0,3267.5,3239.8,3251.5,47088475,3576.6,2926.4,4322.95,2866.6,3245.9,56,1,3245.8,20,1,3245.7,1,1,3245.6,79,3,3245.5,3,2,3246.9,58,2,3247.0,136,4,3247.1,29,2,3247.2,47,2,3247.3,55,1
11536,2025-12-30 14:37:55+05:30,3246.9,1,3253.1,1670444,82562.0,109480.0,3250.0,3267.5,3239.8,3251.5,47088475,3576.6,2926.4,4322.95,2866.6,3245.9,55,2,3245.8,1,1,3245.7,1,1,3245.6,61,3,3245.5,3,2,3246.9,34,1,3247.0,136,4,3247.1,29,2,3247.2,47,2,3247.3,55,1
11536,2025-12-30 14:37:55+05:30,3245.9,8,3253.1,1670444,82562.0,109480.0,3250.0,3267.5,3239.8,3251.5,47088475,3576.6,2926.4,4322.95,2866.6,3245.9,55,2,3245.8,1,1,3245.7,1,1,3245.6,61,3,3245.5,3,2,3246.9,34,1,3247.0,136,4,3247.1,29,2,3247.2,47,2,3247.3,55,1
11536,2025-12-30 14:37:56+05:30,3246.0,1,3253.1,1670809,82690.0,109559.0,3250.0,3267.5,3239.8,3251.5,47088475,3576.6,2926.4,4322.95,2866.6,3246.0,10,1,3245.9,35,1,3245.8,185,3,3245.7,1,1,3245.6,40,2,3246.9,87,3,3247.0,95,3,3247.1,10,1,3247.2,69,4,3247.3,55,1
11536,2025-12-30 14:37:56+05:30,3246.0,10,3253.1,1670809,82690.0,109559.0,3250.0,3267.5,3239.8,3251.5,47088475,3576.6,2926.4,4322.95,2866.6,3246.0,10,1,3245.9,35,1,3245.8,185,3,3245.7,1,1,3245.6,40,2,3246.9,87,3,3247.0,95,3,3247.1,10,1,3247.2,69,4,3247.3,55,1
11536,2025-12-30 14:37:57+05:30,3245.8,2,3253.1,1670868,82701.0,110896.0,3250.0,3267.5,3239.8,3251.5,47088475,3576.6,2926.4,4322.95,2866.6,3245.8,172,1,3245.7,11,2,3245.6,20,1,3245.5,3,2,3245.4,66,2,3246.7,34,1,3246.8,3,1,3246.9,53,2,3247.0,139,4,3247.2,84,4
11536,2025-12-30 14:37:57+05:30,3245.8,2,3253.1,1670868,82701.0,110896.0,3250.0,3267.5,3239.8,3251.5,47088475,3576.6,2926.4,4322.95,2866.6,3245.8,172,1,3245.7,11,2,3245.6,20,1,3245.5,3,2,3245.4,66,2,3246.7,34,1,3246.8,3,1,3246.9,53,2,3247.0,139,4,3247.2,84,4
11536,2025-12-30 14:37:58+05:30,3245.8,58,3253.1,1670929,82545.0,108206.0,3250.0,3267.5,3239.8,3251.5,47088475,3576.6,2926.4,4322.95,2866.6,3245.8,113,2,3245.7,11,2,3245.6,41,2,3245.5,3,2,3245.4,22,1,3246.9,109,4,3247.0,158,5,3247.2,66,3,3247.3,67,3,3247.4,7,2
11536,2025-12-30 14:37:58+05:30,3245.8,39,3253.1,1670929,82545.0,108206.0,3250.0,3267.5,3239.8,3251.5,47088475,3576.6,2926.4,4322.95,2866.6,3245.8,113,2,3245.7,11,2,3245.6,41,2,3245.5,3,2,3245.4,22,1,3246.9,109,4,3247.0,158,5,3247.2,66,3,3247.3,67,3,3247.4,7,2
11536,2025-12-30 14:37:59+05:30,3245.8,33,3253.1,1671001,82488.0,110345.0,3250.0,3267.5,3239.8,3251.5,47088475,3576.6,2926.4,4322.95,2866.6,3245.8,59,3,3245.7,1,1,3245.6,41,2,3245.5,3,2,3245.4,22,1,3246.8,97,4,3246.9,53,3,3247.0,144,5,3247.1,39,2,3247.2,130,5
11536,2025-12-30 14:37:59+05:30,3245.8,33,3253.1,1671001,82488.0,110345.0,3250.0,3267.5,3239.8,3251.5,47088475,3576.6,2926.4,4322.95,2866.6,3245.8,59,3,3245.7,1,1,3245.6,41,2,3245.5,3,2,3245.4,22,1,3246.8,97,4,3246.9,53,3,3247.0,144,5,3247.1,39,2,3247.2,130,5
11536,2025-12-30 14:38:00+05:30,3245.8,21,3253.1,1671022,82203.0,111092.0,3250.0,3267.5,3239.8,3251.5,47088475,3576.6,2926.4,4322.95,2866.6,3245.8,38,3,3245.7,1,1,3245.6,20,1,3245.5,3,2,3245.4,22,1,3246.8,111,5,3246.9,34,2,3247.0,144,5,3247.1,21,1,3247.2,130,5
11536,2025-12-30 14:38:00+05:30,3245.8,21,3253.1,1671022,82203.0,111092.0,3250.0,3267.5,3239.8,3251.5,47088475,3576.6,2926.4,4322.95,2866.6,3245.8,38,3,3245.7,1,1,3245.6,20,1,3245.5,3,2,3245.4,22,1,3246.8,111,5,3246.9,34,2,3247.0,144,5,3247.1,21,1,3247.2,130,5
11536,2025-12-30 14:38:01+05:30,3246.7,2,3253.1,1671024,82201.0,111524.0,3250.0,3267.5,3239.8,3251.5,47088475,3576.6,2926.4,4322.95,2866.6,3245.8,20,2,3245.7,19,2,3245.5,3,2,3245.4,46,2,3245.3,52,1,3246.7,115,5,3246.8,12,1,3246.9,34,2,3247.0,155,5,3247.1,39,2
11536,2025-12-30 14:38:01+05:30,3245.8,3,3253.1,1671024,82201.0,111524.0,3250.0,3267.5,3239.8,3251.5,47088475,3576.6,2926.4,4322.95,2866.6,3245.8,20,2,3245.7,19,2,3245.5,3,2,3245.4,46,2,3245.3,52,1,3246.7,115,5,3246.8,12,1,3246.9,34,2,3247.0,155,5,3247.1,39,2
11536,2025-12-30 14:38:02+05:30,3245.3,39,3253.09,1671677,80551.0,110742.0,3250.0,3267.5,3239.8,3251.5,47088475,3576.6,2926.4,4322.95,2866.6,3245.1,55,3,3245.0,620,41,3244.8,28,2,3244.7,18,1,3244.6,68,4,3245.3,67,1,3245.8,6,1,3246.6,64,2,3246.7,94,3,3246.8,46,1
11536,2025-12-30 14:38:02+05:30,3245.6,36,3253.09,1671677,80551.0,110742.0,3250.0,3267.5,3239.8,3251.5,47088475,3576.6,2926.4,4322.95,2866.6,3245.1,55,3,3245.0,620,41,3244.8,28,2,3244.7,18,1,3244.6,68,4,3245.3,67,1,3245.8,6,1,3246.6,64,2,3246.7,94,3,3246.8,46,1
11536,2025-12-30 14:38:03+05:30,3245.6,36,3253.09,1672262,82085.0,110607.0,3250.0,3267.5,3239.8,3251.5,47088475,3576.6,2926.4,4322.95,2866.6,3245.6,139,1,3245.5,208,2,3245.2,39,1,3245.1,36,3,3245.0,876,43,3245.8,4,1,3246.7,103,4,3246.9,119,5,3247.0,144,4,3247.1,172,2
11536,2025-12-30 14:38:03+05:30,3245.8,1,3253.09,1672262,82085.0,110607.0,3250.0,3267.5,3239.8,3251.5,47088475,3576.6,2926.4,4322.95,2866.6,3245.6,139,1,3245.5,208,2,3245.2,39,1,3245.1,36,3,3245.0,876,43,3245.8,4,1,3246.7,103,4,3246.9,119,5,3247.0,144,4,3247.1,172,2
11536,2025-12-30 14:38:04+05:30,3245.8,3,3253.09,1672266,82422.0,110448.0,3250.0,3267.5,3239.8,3251.5,47088475,3576.6,2926.4,4322.95,2866.6,3245.8,2,1,3245.7,43,2,3245.6,178,2,3245.5,175,1,3245.4,20,1,3246.7,30,2,3246.8,54,2,3246.9,80,3,3247.0,123,3,3247.1,21,1
11536,2025-12-30 14:38:04+05:30,3245.8,3,3253.09,1672266,82422.0,110448.0,3250.0,3267.5,3239.8,3251.5,47088475,3576.6,2926.4,4322.95,2866.6,3245.8,2,1,3245.7,43,2,3245.6,178,2,3245.5,175,1,3245.4,20,1,3246.7,30,2,3246.8,54,2,3246.9,80,3,3247.0,123,3,3247.1,21,1
11536,2025-12-30 14:38:05+05:30,3245.8,175,3253.08,1673324,81623.0,111229.0,3250.0,3267.5,3239.8,3251.5,47088475,3576.6,2926.4,4322.95,2866.6,3245.4,18,2,3245.3,48,2,3245.1,219,3,3245.0,808,41,3244.9,71,3,3245.8,400,1,3246.7,59,2,3246.8,70,3,3246.9,204,2,3247.0,211,6
11536,2025-12-30 14:38:05+05:30,3245.8,175,3253.08,1673324,81623.0,111229.0,3250.0,3267.5,3239.8,3251.5,47088475,3576.6,2926.4,4322.95,2866.6,3245.4,18,2,3245.3,48,2,3245.1,219,3,3245.0,808,41,3244.9,71,3,3245.8,400,1,3246.7,59,2,3246.8,70,3,3246.9,204,2,3247.0,211,6
11536,2025-12-30 14:38:06+05:30,3245.8,175,3253.08,1673324,82108.0,111184.0,3250.0,3267.5,3239.8,3251.5,47088475,3576.6,2926.4,4322.95,2866.6,3245.4,51,2,3245.3,65,3,3245.2,33,1,3245.1,44,2,3245.0,983,42,3245.8,400,1,3246.6,3,1,3246.7,66,3,3246.8,72,3,3246.9,237,4
11536,2025-12-30 14:38:07+05:30,3245.8,175,3253.08,1673324,82190.0,111470.0,3250.0,3267.5,3239.8,3251.5,47088475,3576.6,2926.4,4322.95,2866.6,3245.4,75,3,3245.3,57,2,3245.1,44,2,3245.0,983,42,3244.9,71,3,3245.8,648,3,3246.6,18,2,3246.7,117,4,3246.8,21,1,3246.9,255,5
11536,2025-12-30 14:38:07+05:30,3245.8,4,3253.08,1673324,82190.0,111470.0,3250.0,3267.5,3239.8,3251.5,47088475,3576.6,2926.4,4322.95,2866.6,3245.4,75,3,3245.3,57,2,3245.1,44,2,3245.0,983,42,3244.9,71,3,3245.8,648,3,3246.6,18,2,3246.7,117,4,3246.8,21,1,3246.9,255,5
11536,2025-12-30 14:38:08+05:30,3245.8,28,3253.08,1673357,81912.0,111274.0,3250.0,3267.5,3239.8,3251.5,47088475,3576.6,2926.4,4322.95,2866.6,3245.4,101,4,3245.3,48,1,3245.2,11,1,3245.1,44,2,3245.0,808,41,3245.8,616,4,3246.6,37,3,3246.7,117,4,3246.8,41,3,3246.9,273,6
11536,2025-12-30 14:38:08+05:30,3245.4,3,3253.08,1673357,81912.0,111274.0,3250.0,3267.5,3239.8,3251.5,47088475,3576.6,2926.4,4322.95,2866.6,3245.4,101,4,3245.3,48,1,3245.2,11,1,3245.1,44,2,3245.0,808,41,3245.8,616,4,3246.6,37,3,3246.7,117,4,3246.8,41,3,3246.9,273,6
11536,2025-12-30 14:38:09+05:30,3245.8,214,3253.08,1674627,82476.0,110087.0,3250.0,3267.5,3239.8,3251.5,47088475,3576.6,2926.4,4322.95,2866.6,3245.5,103,6,3245.4,275,5,3245.3,18,1,3245.2,51,3,3245.1,87,4,3245.8,13,1,3246.8,20,2,3246.9,49,2,3247.0,99,3,3247.1,43,1
11536,2025-12-30 14:38:09+05:30,3245.8,214,3253.08,1674627,82476.0,110087.0,3250.0,3267.5,3239.8,3251.5,47088475,3576.6,2926.4,4322.95,2866.6,3245.5,103,6,3245.4,275,5,3245.3,18,1,3245.2,51,3,3245.1,87,4,3245.8,13,1,3246.8,20,2,3246.9,49,2,3247.0,99,3,3247.1,43,1
11536,2025-12-30 14:38:10+05:30,3245.8,214,3253.08,1674627,82490.0,109945.0,3250.0,3267.5,3239.8,3251.5,47088475,3576.6,2926.4,4322.95,2866.6,3245.6,259,4,3245.5,23,3,3245.4,100,4,3245.3,54,2,3245.2,51,3,3245.8,13,1,3246.8,20,2,3246.9,49,2,3247.0,99,3,3247.2,128,4
11536,2025-12-30 14:38:11+05:30,3245.7,1,3253.08,1674627,82490.0,109945.0,3250.0,3267.5,3239.8,3251.5,47088475,3576.6,2926.4,4322.95,2866.6,3245.6,259,4,3245.5,23,3,3245.4,100,4,3245.3,54,2,3245.2,51,3,3245.8,13,1,3246.8,20,2,3246.9,49,2,3247.0,99,3,3247.2,128,4
11536,2025-12-30 14:38:11+05:30,3245.7,1,3253.08,1674719,82430.0,110200.0,3250.0,3267.5,3239.8,3251.5,47088475,3576.6,2926.4,4322.95,2866.6,3245.7,57,2,3245.5,210,3,3245.4,58,3,3245.3,75,2,3245.2,82,4,3245.8,95,1,3247.0,97,4,3247.1,5,1,3247.2,156,4,3247.3,109,3
11536,2025-12-30 14:38:12+05:30,3247.0,49,3253.08,1674863,82300.0,109570.0,3250.0,3267.5,3239.8,3251.5,47088475,3576.6,2926.4,4322.95,2866.6,3245.7,57,2,3245.5,179,3,3245.4,57,3,3245.3,36,1,3245.2,82,4,3247.0,95,8,3247.1,48,2,3247.2,61,2,3247.3,52,2,3247.4,26,2
11536,2025-12-30 14:38:12+05:30,3247.0,49,3253.08,1674863,82300.0,109570.0,3250.0,3267.5,3239.8,3251.5,47088475,3576.6,2926.4,4322.95,2866.6,3245.7,57,2,3245.5,179,3,3245.4,57,3,3245.3,36,1,3245.2,82,4,3247.0,95,8,3247.1,48,2,3247.2,61,2,3247.3,52,2,3247.4,26,2
11536,2025-12-30 14:38:13+05:30,3247.0,1,3253.08,1675144,82986.0,108503.0,3250.0,3267.5,3239.8,3251.5,47088475,3576.6,2926.4,4322.95,2866.6,3246.4,47,1,3245.8,20,1,3245.6,22,2,3245.5,224,3,3245.4,142,5,3247.0,115,8,3247.1,55,2,3247.2,61,2,3247.3,27,1,3247.4,24,2
11536,2025-12-30 14:38:13+05:30,3247.0,1,3253.08,1675144,82986.0,108503.0,3250.0,3267.5,3239.8,3251.5,47088475,3576.6,2926.4,4322.95,2866.6,3246.4,47,1,3245.8,20,1,3245.6,22,2,3245.5,224,3,3245.4,142,5,3247.0,115,8,3247.1,55,2,3247.2,61,2,3247.3,27,1,3247.4,24,2
11536,2025-12-30 14:38:14+05:30,3246.4,91,3253.08,1675235,82448.0,109501.0,3250.0,3267.5,3239.8,3251.5,47088475,3576.6,2926.4,4322.95,2866.6,3246.4,48,1,3245.8,22,2,3245.6,236,4,3245.5,3,1,3245.4,142,5,3247.0,129,7,3247.1,52,3,3247.3,27,1,3247.4,24,2,3247.5,145,5
11536,2025-12-30 14:38:14+05:30,3246.4,91,3253.08,1675235,82448.0,109501.0,3250.0,3267.5,3239.8,3251.5,47088475,3576.6,2926.4,4322.95,2866.6,3246.4,48,1,3245.8,22,2,3245.6,236,4,3245.5,3,1,3245.4,142,5,3247.0,129,7,3247.1,52,3,3247.3,27,1,3247.4,24,2,3247.5,145,5
11536,2025-12-30 14:38:15+05:30,3248.1,3,3253.08,1675235,82448.0,109501.0,3250.0,3267.5,3239.8,3251.5,47088475,3576.6,2926.4,4322.95,2866.6,3246.4,48,1,3245.8,22,2,3245.6,236,4,3245.5,3,1,3245.4,142,5,3247.0,129,7,3247.1,52,3,3247.3,27,1,3247.4,24,2,3247.5,145,5
11536,2025-12-30 14:38:16+05:30,3248.1,3,3253.06,1680152,83911.0,106014.0,3250.0,3267.5,3239.8,3251.5,47088475,3576.6,2926.4,4322.95,2866.6,3246.4,86,4,3246.3,81,3,3246.2,40,3,3246.1,188,3,3246.0,196,2,3248.1,95,5,3248.2,85,2,3248.3,20,1,3248.4,42,3,3248.5,144,4
11536,2025-12-30 14:38:16+05:30,3246.4,54,3253.06,1680152,83911.0,106014.0,3250.0,3267.5,3239.8,3251.5,47088475,3576.6,2926.4,4322.95,2866.6,3246.4,86,4,3246.3,81,3,3246.2,40,3,3246.1,188,3,3246.0,196,2,3248.1,95,5,3248.2,85,2,3248.3,20,1,3248.4,42,3,3248.5,144,4
11536,2025-12-30 14:38:17+05:30,3246.4,54,3253.06,1680282,82048.0,107880.0,3250.0,3267.5,3239.8,3251.5,47088475,3576.6,2926.4,4322.95,2866.6,3246.7,65,2,3246.6,48,2,3246.5,22,1,3246.4,46,1,3246.3,82,4,3247.6,1,1,3248.1,81,4,3248.2,46,1,3248.3,20,1,3248.4,201,3
11536,2025-12-30 14:38:17+05:30,3245.9,139,3253.06,1680282,82048.0,107880.0,3250.0,3267.5,3239.8,3251.5,47088475,3576.6,2926.4,4322.95,2866.6,3246.7,65,2,3246.6,48,2,3246.5,22,1,3246.4,46,1,3246.3,82,4,3247.6,1,1,3248.1,81,4,3248.2,46,1,3248.3,20,1,3248.4,201,3
11536,2025-12-30 14:38:18+05:30,3245.9,139,3253.06,1681415,83709.0,107593.0,3250.0,3267.5,3239.8,3251.5,47088475,3576.6,2926.4,4322.95,2866.6,3246.4,18,4,3246.3,24,2,3246.2,25,2,3246.1,52,2,3246.0,92,4,3247.0,6,2,3247.7,26,1,3247.9,15,1,3248.0,21,1,3248.2,83,3
11536,2025-12-30 14:38:18+05:30,3246.4,25,3253.06,1681415,83709.0,107593.0,3250.0,3267.5,3239.8,3251.5,47088475,3576.6,2926.4,4322.95,2866.6,3246.4,18,4,3246.3,24,2,3246.2,25,2,3246.1,52,2,3246.0,92,4,3247.0,6,2,3247.7,26,1,3247.9,15,1,3248.0,21,1,3248.2,83,3
11536,2025-12-30 14:38:19+05:30,3246.4,25,3253.06,1681496,84292.0,107699.0,3250.0,3267.5,3239.8,3251.5,47088475,3576.6,2926.4,4322.95,2866.6,3246.4,92,4,3246.3,59,5,3246.2,25,2,3246.1,65,3,3246.0,273,6,3247.0,6,2,3247.9,54,2,3248.0,106,3,3248.2,83,3,3248.3,89,2
11536,2025-12-30 14:38:19+05:30,3247.5,1,3253.06,1681496,84292.0,107699.0,3250.0,3267.5,3239.8,3251.5,47088475,3576.6,2926.4,4322.95,2866.6,3246.4,92,4,3246.3,59,5,3246.2,25,2,3246.1,65,3,3246.0,273,6,3247.0,6,2,3247.9,54,2,3248.0,106,3,3248.2,83,3,3248.3,89,2
11536,2025-12-30 14:38:20+05:30,3247.5,1,3253.05,1681606,83171.0,108514.0,3250.0,3267.5,3239.8,3251.5,47088475,3576.6,2926.4,4322.95,2866.6,3246.5,3,1,3246.4,203,2,3246.3,3,1,3246.2,47,2,3246.1,23,2,3247.8,99,5,3247.9,118,3,3248.0,84,3,3248.2,100,4,3248.3,51,2
11536,2025-12-30 14:38:20+05:30,3248.0,6,3253.05,1681606,83171.0,108514.0,3250.0,3267.5,3239.8,3251.5,47088475,3576.6,2926.4,4322.95,2866.6,3246.5,3,1,3246.4,203,2,3246.3,3,1,3246.2,47,2,3246.1,23,2,3247.8,99,5,3247.9,118,3,3248.0,84,3,3248.2,100,4,3248.3,51,2
11536,2025-12-30 14:38:21+05:30,3248.0,6,3253.05,1681961,83331.0,108175.0,3250.0,3267.5,3239.8,3251.5,47088475,3576.6,2926.4,4322.95,2866.6,3246.6,38,1,3246.5,71,2,3246.4,164,1,3246.3,51,3,3246.2,54,3,3247.7,26,1,3247.8,46,2,3247.9,45,4,3248.0,3,1,3248.1,24,1
11536,2025-12-30 14:38:21+05:30,3246.6,10,3253.05,1681961,83331.0,108175.0,3250.0,3267.5,3239.8,3251.5,47088475,3576.6,2926.4,4322.95,2866.6,3246.6,38,1,3246.5,71,2,3246.4,164,1,3246.3,51,3,3246.2,54,3,3247.7,26,1,3247.8,46,2,3247.9,45,4,3248.0,3,1,3248.1,24,1
11536,2025-12-30 14:38:22+05:30,3247.6,29,3253.05,1682153,83189.0,108540.0,3250.0,3267.5,3239.8,3251.5,47088475,3576.6,2926.4,4322.95,2866.6,3246.4,174,2,3246.3,3,1,3246.1,48,3,3246.0,105,3,3245.9,105,4,3247.5,86,5,3247.6,67,3,3247.7,45,2,3247.8,51,3,3247.9,26,1
11536,2025-12-30 14:38:22+05:30,3246.4,2,3253.05,1682153,83189.0,108540.0,3250.0,3267.5,3239.8,3251.5,47088475,3576.6,2926.4,4322.95,2866.6,3246.4,174,2,3246.3,3,1,3246.1,48,3,3246.0,105,3,3245.9,105,4,3247.5,86,5,3247.6,67,3,3247.7,45,2,3247.8,51,3,3247.9,26,1
11536,2025-12-30 14:38:23+05:30,3246.4,2,3253.05,1682155,83229.0,107542.0,3250.0,3267.5,3239.8,3251.5,47088475,3576.6,2926.4,4322.95,2866.6,3246.4,172,2,3246.3,3,1,3246.1,86,4,3246.0,158,5,3245.9,76,3,3247.4,18,3,3247.5,88,5,3247.6,57,2,3247.7,48,3,3247.8,37,2
11536,2025-12-30 14:38:23+05:30,3246.4,99,3253.05,1682155,83229.0,107542.0,3250.0,3267.5,3239.8,3251.5,47088475,3576.6,2926.4,4322.95,2866.6,3246.4,172,2,3246.3,3,1,3246.1,86,4,3246.0,158,5,3245.9,76,3,3247.4,18,3,3247.5,88,5,3247.6,57,2,3247.7,48,3,3247.8,37,2
11536,2025-12-30 14:38:24+05:30,3247.4,12,3253.05,1682316,82902.0,108776.0,3250.0,3267.5,3239.8,3251.5,47088475,3576.6,2926.4,4322.95,2866.6,3247.4,12,1,3246.4,130,3,3246.3,3,1,3246.2,22,1,3246.1,30,2,3247.5,113,5,3247.6,18,1,3247.7,26,1,3247.8,18,1,3247.9,46,2
11536,2025-12-30 14:38:24+05:30,3246.4,30,3253.05,1682316,82902.0,108776.0,3250.0,3267.5,3239.8,3251.5,47088475,3576.6,2926.4,4322.95,2866.6,3247.4,12,1,3246.4,130,3,3246.3,3,1,3246.2,22,1,3246.1,30,2,3247.5,113,5,3247.6,18,1,3247.7,26,1,3247.8,18,1,3247.9,46,2
11536,2025-12-30 14:38:25+05:30,3247.2,1,3253.05,1683904,82436.0,109807.0,3250.0,3267.5,3239.8,3251.5,47088475,3576.6,2926.4,4322.95,2866.6,3246.4,67,2,3246.1,3,1,3246.0,59,2,3245.9,3,1,3245.8,70,3,3247.2,1,1,3247.3,70,2,3247.4,10,1,3247.5,38,2,3247.7,111,4
11536,2025-12-30 14:38:25+05:30,3246.4,30,3253.05,1683904,82436.0,109807.0,3250.0,3267.5,3239.8,3251.5,47088475,3576.6,2926.4,4322.95,2866.6,3246.4,67,2,3246.1,3,1,3246.0,59,2,3245.9,3,1,3245.8,70,3,3247.2,1,1,3247.3,70,2,3247.4,10,1,3247.5,38,2,3247.7,111,4
11536,2025-12-30 14:38:26+05:30,3246.4,1,3253.05,1684060,82354.0,110109.0,3250.0,3267.5,3239.8,3251.5,47088475,3576.6,2926.4,4322.95,2866.6,3246.4,36,2,3246.1,3,1,3246.0,59,2,3245.9,3,1,3245.8,70,3,3247.3,88,3,3247.4,1,1,3247.5,32,3,3247.6,124,3,3247.7,125,5
11536,2025-12-30 14:38:26+05:30,3246.4,8,3253.05,1684060,82354.0,110109.0,3250.0,3267.5,3239.8,3251.5,47088475,3576.6,2926.4,4322.95,2866.6,3246.4,36,2,3246.1,3,1,3246.0,59,2,3245.9,3,1,3245.8,70,3,3247.3,88,3,3247.4,1,1,3247.5,32,3,3247.6,124,3,3247.7,125,5
11536,2025-12-30 14:38:27+05:30,3246.4,8,3253.05,1684094,82491.0,109811.0,3250.0,3267.5,3239.8,3251.5,47088475,3576.6,2926.4,4322.95,2866.6,3246.4,2,1,3246.3,52,1,3246.1,3,1,3246.0,15,1,3245.9,3,1,3247.2,44,3,3247.4,71,2,3247.5,83,3,3247.6,143,4,3247.7,107,5
11536,2025-12-30 14:38:27+05:30,3247.0,1,3253.05,1684094,82491.0,109811.0,3250.0,3267.5,3239.8,3251.5,47088475,3576.6,2926.4,4322.95,2866.6,3246.4,2,1,3246.3,52,1,3246.1,3,1,3246.0,15,1,3245.9,3,1,3247.2,44,3,3247.4,71,2,3247.5,83,3,3247.6,143,4,3247.7,107,5
11536,2025-12-30 14:38:28+05:30,3246.9,9,3253.05,1684122,82612.0,109441.0,3250.0,3267.5,3239.8,3251.5,47088475,3576.6,2926.4,4322.95,2866.6,3246.4,8,2,3246.3,52,1,3246.1,3,1,3246.0,132,3,3245.9,3,1,3247.0,1,1,3247.1,18,1,3247.2,10,1,3247.3,3,1,3247.4,50,2
11536,2025-12-30 14:38:28+05:30,3246.4,2,3253.05,1684122,82612.0,109441.0,3250.0,3267.5,3239.8,3251.5,47088475,3576.6,2926.4,4322.95,2866.6,3246.4,8,2,3246.3,52,1,3246.1,3,1,3246.0,132,3,3245.9,3,1,3247.0,1,1,3247.1,18,1,3247.2,10,1,3247.3,3,1,3247.4,50,2
11536,2025-12-30 14:38:29+05:30,3247.1,1,3253.05,1684203,83054.0,108051.0,3250.0,3267.5,3239.8,3251.5,47088475,3576.6,2926.4,4322.95,2866.6,3246.4,90,2,3246.3,108,3,3246.2,22,1,3246.1,26,1,3246.0,175,6,3247.8,62,3,3247.9,79,2,3248.0,88,4,3248.1,71,2,3248.2,111,5
11536,2025-12-30 14:38:29+05:30,3247.7,9,3253.05,1684203,83054.0,108051.0,3250.0,3267.5,3239.8,3251.5,47088475,3576.6,2926.4,4322.95,2866.6,3246.4,90,2,3246.3,108,3,3246.2,22,1,3246.1,26,1,3246.0,175,6,3247.8,62,3,3247.9,79,2,3248.0,88,4,3248.1,71,2,3248.2,111,5
11536,2025-12-30 14:38:30+05:30,3247.7,9,3253.05,1684305,83218.0,109209.0,3250.0,3267.5,3239.8,3251.5,47088475,3576.6,2926.4,4322.95,2866.6,3246.3,136,3,3246.2,32,1,3246.0,164,5,3245.9,8,2,3245.8,175,4,3247.0,61,2,3247.6,21,1,3247.7,18,1,3247.8,62,3,3247.9,32,1
11536,2025-12-30 14:38:30+05:30,3247.0,1,3253.05,1684305,83218.0,109209.0,3250.0,3267.5,3239.8,3251.5,47088475,3576.6,2926.4,4322.95,2866.6,3246.3,136,3,3246.2,32,1,3246.0,164,5,3245.9,8,2,3245.8,175,4,3247.0,61,2,3247.6,21,1,3247.7,18,1,3247.8,62,3,3247.9,32,1
11536,2025-12-30 14:38:31+05:30,3247.0,2,3253.05,1684412,83231.0,109020.0,3250.0,3267.5,3239.8,3251.5,47088475,3576.6,2926.4,4322.95,2866.6,3246.3,85,2,3246.0,164,5,3245.9,39,3,3245.8,206,6,3245.7,401,10,3247.0,57,2,3247.5,31,1,3247.6,21,1,3247.7,18,1,3247.8,108,4
11536,2025-12-30 14:38:31+05:30,3246.3,123,3253.05,1684412,83231.0,109020.0,3250.0,3267.5,3239.8,3251.5,47088475,3576.6,2926.4,4322.95,2866.6,3246.3,85,2,3246.0,164,5,3245.9,39,3,3245.8,206,6,3245.7,401,10,3247.0,57,2,3247.5,31,1,3247.6,21,1,3247.7,18,1,3247.8,108,4
11536,2025-12-30 14:38:32+05:30,3246.4,123,3253.04,1686125,82424.0,108923.0,3250.0,3267.5,3239.8,3251.5,47088475,3576.6,2926.4,4322.95,2866.6,3246.4,10,1,3246.2,31,1,3246.1,81,4,3246.0,30,2,3245.9,63,3,3246.5,123,1,3247.0,57,2,3247.4,21,1,3247.6,21,1,3247.8,67,2
11536,2025-12-30 14:38:32+05:30,3246.4,33,3253.04,1686125,82424.0,108923.0,3250.0,3267.5,3239.8,3251.5,47088475,3576.6,2926.4,4322.95,2866.6,3246.4,10,1,3246.2,31,1,3246.1,81,4,3246.0,30,2,3245.9,63,3,3246.5,123,1,3247.0,57,2,3247.4,21,1,3247.6,21,1,3247.8,67,2
11536,2025-12-30 14:38:33+05:30,3246.4,33,3253.04,1686533,83378.0,109000.0,3250.0,3267.5,3239.8,3251.5,47088475,3576.6,2926.4,4322.95,2866.6,3246.4,89,4,3246.3,26,2,3246.2,20,1,3246.1,100,6,3246.0,33,3,3247.0,57,2,3247.6,21,1,3247.8,21,1,3248.0,47,2,3248.1,97,4
11536,2025-12-30 14:38:33+05:30,3246.4,1,3253.04,1686533,83378.0,109000.0,3250.0,3267.5,3239.8,3251.5,47088475,3576.6,2926.4,4322.95,2866.6,3246.4,89,4,3246.3,26,2,3246.2,20,1,3246.1,100,6,3246.0,33,3,3247.0,57,2,3247.6,21,1,3247.8,21,1,3248.0,47,2,3248.1,97,4
11536,2025-12-30 14:38:34+05:30,3247.0,47,3253.04,1686659,83560.0,108791.0,3250.0,3267.5,3239.8,3251.5,47088475,3576.6,2926.4,4322.95,2866.6,3246.4,207,7,3246.3,68,3,3246.2,20,1,3246.1,74,5,3246.0,65,4,3247.0,10,2,3247.6,21,1,3247.8,21,1,3248.0,47,2,3248.1,53,2
11536,2025-12-30 14:38:34+05:30,3246.4,23,3253.04,1686659,83560.0,108791.0,3250.0,3267.5,3239.8,3251.5,47088475,3576.6,2926.4,4322.95,2866.6,3246.4,207,7,3246.3,68,3,3246.2,20,1,3246.1,74,5,3246.0,65,4,3247.0,10,2,3247.6,21,1,3247.8,21,1,3248.0,47,2,3248.1,53,2
11536,2025-12-30 14:38:35+05:30,3247.0,1,3253.04,1686747,83476.0,106285.0,3250.0,3267.5,3239.8,3251.5,47088475,3576.6,2926.4,4322.95,2866.6,3246.5,64,6,3246.4,21,2,3246.3,103,4,3246.2,20,1,3246.1,236,6,3247.0,8,2,3247.8,21,1,3248.0,47,2,3248.1,46,1,3248.2,182,3
11536,2025-12-30 14:38:35+05:30,3246.5,7,3253.04,1686747,83476.0,106285.0,3250.0,3267.5,3239.8,3251.5,47088475,3576.6,2926.4,4322.95,2866.6,3246.5,64,6,3246.4,21,2,3246.3,103,4,3246.2,20,1,3246.1,236,6,3247.0,8,2,3247.8,21,1,3248.0,47,2,3248.1,46,1,3248.2,182,3
11536,2025-12-30 14:38:36+05:30,3246.5,7,3253.04,1686836,83554.0,107714.0,3250.0,3267.5,3239.8,3251.5,47088475,3576.6,2926.4,4322.95,2866.6,3246.4,165,7,3246.3,43,2,3246.2,20,1,3246.1,61,5,3246.0,240,5,3247.0,7,2,3247.8,21,1,3248.0,47,2,3248.1,46,1,3248.2,77,4
11536,2025-12-30 14:38:36+05:30,3246.4,19,3253.04,1686836,83554.0,107714.0,3250.0,3267.5,3239.8,3251.5,47088475,3576.6,2926.4,4322.95,2866.6,3246.4,165,7,3246.3,43,2,3246.2,20,1,3246.1,61,5,3246.0,240,5,3247.0,7,2,3247.8,21,1,3248.0,47,2,3248.1,46,1,3248.2,77,4
11536,2025-12-30 14:38:37+05:30,3246.4,19,3253.04,1686941,83396.0,108790.0,3250.0,3267.5,3239.8,3251.5,47088475,3576.6,2926.4,4322.95,2866.6,3246.4,139,6,3246.3,10,1,3246.1,82,6,3246.0,227,4,3245.9,85,4,3247.0,21,3,3247.8,21,1,3248.0,47,2,3248.1,110,3,3248.2,24,2
11536,2025-12-30 14:38:38+05:30,3246.4,4,3253.03,1687088,83355.0,108776.0,3250.0,3267.5,3239.8,3251.5,47088475,3576.6,2926.4,4322.95,2866.6,3246.4,58,3,3246.3,26,2,3246.1,61,5,3246.0,227,4,3245.9,85,4,3247.0,21,3,3247.8,21,1,3248.0,47,2,3248.1,128,4,3248.2,24,2
11536,2025-12-30 14:38:38+05:30,3246.4,4,3253.03,1687088,83355.0,108776.0,3250.0,3267.5,3239.8,3251.5,47088475,3576.6,2926.4,4322.95,2866.6,3246.4,58,3,3246.3,26,2,3246.1,61,5,3246.0,227,4,3245.9,85,4,3247.0,21,3,3247.8,21,1,3248.0,47,2,3248.1,128,4,3248.2,24,2
11536,2025-12-30 14:38:39+05:30,3247.7,1,3253.03,1687142,83412.0,108772.0,3250.0,3267.5,3239.8,3251.5,47088475,3576.6,2926.4,4322.95,2866.6,3247.0,16,2,3246.8,16,1,3246.6,112,3,3246.5,71,3,3246.4,222,3,3247.7,1,1,3248.1,49,2,3248.2,60,2,3248.4,54,2,3248.5,70,4
11536,2025-12-30 14:38:39+05:30,3247.7,1,3253.03,1687142,83412.0,108772.0,3250.0,3267.5,3239.8,3251.5,47088475,3576.6,2926.4,4322.95,2866.6,3247.0,16,2,3246.8,16,1,3246.6,112,3,3246.5,71,3,3246.4,222,3,3247.7,1,1,3248.1,49,2,3248.2,60,2,3248.4,54,2,3248.5,70,4
11536,2025-12-30 14:38:40+05:30,3248.0,1,3253.03,1687243,83108.0,108753.0,3250.0,3267.5,3239.8,3251.5,47088475,3576.6,2926.4,4322.95,2866.6,3247.0,3,2,3246.6,41,2,3246.5,86,4,3246.4,224,4,3246.3,78,3,3247.9,67,3,3248.0,10,1,3248.1,1,1,3248.2,107,2,3248.4,146,4
11536,2025-12-30 14:38:40+05:30,3248.0,1,3253.03,1687243,83108.0,108753.0,3250.0,3267.5,3239.8,3251.5,47088475,3576.6,2926.4,4322.95,2866.6,3247.0,3,2,3246.6,41,2,3246.5,86,4,3246.4,224,4,3246.3,78,3,3247.9,67,3,3248.0,10,1,3248.1,1,1,3248.2,107,2,3248.4,146,4
11536,2025-12-30 14:38:41+05:30,3247.5,3,3253.03,1687775,82913.0,109985.0,3250.0,3267.5,3239.8,3251.5,47088475,3576.6,2926.4,4322.95,2866.6,3247.0,3,2,3246.5,52,2,3246.4,176,2,3246.2,92,3,3246.1,98,5,3247.7,76,3,3247.8,12,1,3247.9,61,1,3248.0,117,3,3248.1,125,4
11536,2025-12-30 14:38:41+05:30,3247.7,1,3253.03,1687775,82913.0,109985.0,3250.0,3267.5,3239.8,3251.5,47088475,3576.6,2926.4,4322.95,2866.6,3247.0,3,2,3246.5,52,2,3246.4,176,2,3246.2,92,3,3246.1,98,5,3247.7,76,3,3247.8,12,1,3247.9,61,1,3248.0,117,3,3248.1,125,4
11536,2025-12-30 14:38:42+05:30,3247.0,3,3253.03,1687790,83029.0,109316.0,3250.0,3267.5,3239.8,3251.5,47088475,3576.6,2926.4,4322.95,2866.6,3246.4,8,3,3246.3,30,1,3246.2,64,2,3246.1,201,4,3246.0,43,3,3247.0,7,2,3247.6,30,1,3247.7,13,2,3247.8,90,3,3247.9,76,2
11536,2025-12-30 14:38:42+05:30,3247.0,3,3253.03,1687790,83029.0,109316.0,3250.0,3267.5,3239.8,3251.5,47088475,3576.6,2926.4,4322.95,2866.6,3246.4,8,3,3246.3,30,1,3246.2,64,2,3246.1,201,4,3246.0,43,3,3247.0,7,2,3247.6,30,1,3247.7,13,2,3247.8,90,3,3247.9,76,2
11536,2025-12-30 14:38:43+05:30,3247.8,33,3253.03,1687920,80131.0,109128.0,3250.0,3267.5,3239.8,3251.5,47088475,3576.6,2926.4,4322.95,2866.6,3246.5,32,3,3246.4,15,3,3246.3,61,2,3246.2,55,4,3246.1,273,6,3247.7,18,3,3247.9,53,2,3248.0,25,2,3248.1,19,2,3248.2,167,8
11536,2025-12-30 14:38:43+05:30,3247.8,33,3253.03,1687920,80131.0,109128.0,3250.0,3267.5,3239.8,3251.5,47088475,3576.6,2926.4,4322.95,2866.6,3246.5,32,3,3246.4,15,3,3246.3,61,2,3246.2,55,4,3246.1,273,6,3247.7,18,3,3247.9,53,2,3248.0,25,2,3248.1,19,2,3248.2,167,8
11536,2025-12-30 14:38:44+05:30,3246.5,14,3253.03,1687920,80131.0,109128.0,3250.0,3267.5,3239.8,3251.5,47088475,3576.6,2926.4,4322.95,2866.6,3246.5,32,3,3246.4,15,3,3246.3,61,2,3246.2,55,4,3246.1,273,6,3247.7,18,3,3247.9,53,2,3248.0,25,2,3248.1,19,2,3248.2,167,8
11536,2025-12-30 14:38:45+05:30,3246.5,14,3253.03,1688017,81494.0,109335.0,3250.0,3267.5,3239.8,3251.5,47088475,3576.6,2926.4,4322.95,2866.6,3246.5,36,1,3246.4,55,5,3246.3,61,2,3246.2,44,3,3246.1,273,6,3247.8,127,5,3247.9,14,1,3248.0,39,2,3248.1,12,1,3248.2,196,8
11536,2025-12-30 14:38:45+05:30,3246.5,49,3253.03,1688017,81494.0,109335.0,3250.0,3267.5,3239.8,3251.5,47088475,3576.6,2926.4,4322.95,2866.6,3246.5,36,1,3246.4,55,5,3246.3,61,2,3246.2,44,3,3246.1,273,6,3247.8,127,5,3247.9,14,1,3248.0,39,2,3248.1,12,1,3248.2,196,8
11536,2025-12-30 14:38:46+05:30,3246.5,49,3253.03,1688017,81494.0,109335.0,3250.0,3267.5,3239.8,3251.5,47088475,3576.6,2926.4,4322.95,2866.6,3246.5,36,1,3246.4,55,5,3246.3,61,2,3246.2,44,3,3246.1,273,6,3247.8,127,5,3247.9,14,1,3248.0,39,2,3248.1,12,1,3248.2,196,8
11536,2025-12-30 14:38:46+05:30,3246.5,49,3253.03,1688113,81657.0,108919.0,3250.0,3267.5,3239.8,3251.5,47088475,3576.6,2926.4,4322.95,2866.6,3246.5,185,2,3246.4,53,4,3246.3,66,2,3246.2,54,5,3246.1,286,7,3247.6,1,1,3247.7,5,1,3248.0,21,1,3248.1,181,1,3248.2,170,8
11536,2025-12-30 14:38:46+05:30,3246.5,118,3253.03,1688113,81657.0,108919.0,3250.0,3267.5,3239.8,3251.5,47088475,3576.6,2926.4,4322.95,2866.6,3246.5,185,2,3246.4,53,4,3246.3,66,2,3246.2,54,5,3246.1,286,7,3247.6,1,1,3247.7,5,1,3248.0,21,1,3248.1,181,1,3248.2,170,8
11536,2025-12-30 14:38:47+05:30,3246.5,118,3253.03,1688232,83369.0,109893.0,3250.0,3267.5,3239.8,3251.5,47088475,3576.6,2926.4,4322.95,2866.6,3246.5,57,1,3246.4,1,1,3246.2,56,5,3246.1,220,4,3246.0,247,4,3247.5,6,2,3247.6,63,3,3247.7,7,1,3247.8,17,1,3247.9,128,4
11536,2025-12-30 14:38:47+05:30,3246.5,118,3253.03,1688232,83369.0,109893.0,3250.0,3267.5,3239.8,3251.5,47088475,3576.6,2926.4,4322.95,2866.6,3246.5,57,1,3246.4,1,1,3246.2,56,5,3246.1,220,4,3246.0,247,4,3247.5,6,2,3247.6,63,3,3247.7,7,1,3247.8,17,1,3247.9,128,4
11536,2025-12-30 14:38:47+05:30,3246.3,97,3253.03,1688232,83369.0,109893.0,3250.0,3267.5,3239.8,3251.5,47088475,3576.6,2926.4,4322.95,2866.6,3246.5,57,1,3246.4,1,1,3246.2,56,5,3246.1,220,4,3246.0,247,4,3247.5,6,2,3247.6,63,3,3247.7,7,1,3247.8,17,1,3247.9,128,4
11536,2025-12-30 14:38:48+05:30,3246.3,97,3253.03,1689398,82933.0,109533.0,3250.0,3267.5,3239.8,3251.5,47088475,3576.6,2926.4,4322.95,2866.6,3246.5,37,1,3246.3,79,2,3246.1,46,3,3246.0,128,2,3245.9,88,7,3247.0,24,1,3247.3,1,1,3247.4,66,2,3247.6,20,1,3247.8,20,1
11536,2025-12-30 14:38:48+05:30,3246.5,39,3253.03,1689398,82933.0,109533.0,3250.0,3267.5,3239.8,3251.5,47088475,3576.6,2926.4,4322.95,2866.6,3246.5,37,1,3246.3,79,2,3246.1,46,3,3246.0,128,2,3245.9,88,7,3247.0,24,1,3247.3,1,1,3247.4,66,2,3247.6,20,1,3247.8,20,1
11536,2025-12-30 14:38:49+05:30,3246.5,48,3253.03,1689485,82976.0,109510.0,3250.0,3267.5,3239.8,3251.5,47088475,3576.6,2926.4,4322.95,2866.6,3246.3,1,1,3246.2,37,1,3246.1,103,4,3246.0,133,3,3245.9,157,8,3246.5,1,1,3247.0,25,2,3247.4,36,1,3247.6,66,2,3247.7,7,1
11536,2025-12-30 14:38:49+05:30,3246.5,48,3253.03,1689485,82976.0,109510.0,3250.0,3267.5,3239.8,3251.5,47088475,3576.6,2926.4,4322.95,2866.6,3246.3,1,1,3246.2,37,1,3246.1,103,4,3246.0,133,3,3245.9,157,8,3246.5,1,1,3247.0,25,2,3247.4,36,1,3247.6,66,2,3247.7,7,1
11536,2025-12-30 14:38:49+05:30,3247.6,45,3253.03,1689485,82976.0,109510.0,3250.0,3267.5,3239.8,3251.5,47088475,3576.6,2926.4,4322.95,2866.6,3246.3,1,1,3246.2,37,1,3246.1,103,4,3246.0,133,3,3245.9,157,8,3246.5,1,1,3247.0,25,2,3247.4,36,1,3247.6,66,2,3247.7,7,1
11536,2025-12-30 14:38:50+05:30,3247.6,45,3253.02,1689623,78473.0,109701.0,3250.0,3267.5,3239.8,3251.5,47088475,3576.6,2926.4,4322.95,2866.6,3246.5,6,1,3246.3,62,6,3246.2,144,4,3246.1,122,5,3246.0,219,7,3247.8,106,4,3247.9,21,1,3248.0,70,3,3248.1,11,1,3248.2,115,4
11536,2025-12-30 14:38:50+05:30,3247.6,45,3253.02,1689623,78473.0,109701.0,3250.0,3267.5,3239.8,3251.5,47088475,3576.6,2926.4,4322.95,2866.6,3246.5,6,1,3246.3,62,6,3246.2,144,4,3246.1,122,5,3246.0,219,7,3247.8,106,4,3247.9,21,1,3248.0,70,3,3248.1,11,1,3248.2,115,4
11536,2025-12-30 14:38:50+05:30,3246.5,48,3253.02,1689623,78473.0,109701.0,3250.0,3267.5,3239.8,3251.5,47088475,3576.6,2926.4,4322.95,2866.6,3246.5,6,1,3246.3,62,6,3246.2,144,4,3246.1,122,5,3246.0,219,7,3247.8,106,4,3247.9,21,1,3248.0,70,3,3248.1,11,1,3248.2,115,4
11536,2025-12-30 14:38:51+05:30,3246.5,48,3253.02,1689739,81036.0,109533.0,3250.0,3267.5,3239.8,3251.5,47088475,3576.6,2926.4,4322.95,2866.6,3246.5,37,1,3246.4,30,2,3246.3,51,5,3246.2,97,2,3246.1,92,4,3247.8,75,3,3247.9,21,2,3248.0,47,2,3248.2,161,5,3248.3,185,3
11536,2025-12-30 14:38:51+05:30,3247.5,3,3253.02,1689739,81036.0,109533.0,3250.0,3267.5,3239.8,3251.5,47088475,3576.6,2926.4,4322.95,2866.6,3246.5,37,1,3246.4,30,2,3246.3,51,5,3246.2,97,2,3246.1,92,4,3247.8,75,3,3247.9,21,2,3248.0,47,2,3248.2,161,5,3248.3,185,3
11536,2025-12-30 14:38:51+05:30,3247.5,3,3253.02,1689739,81036.0,109533.0,3250.0,3267.5,3239.8,3251.5,47088475,3576.6,2926.4,4322.95,2866.6,3246.5,37,1,3246.4,30,2,3246.3,51,5,3246.2,97,2,3246.1,92,4,3247.8,75,3,3247.9,21,2,3248.0,47,2,3248.2,161,5,3248.3,185,3
11536,2025-12-30 14:38:52+05:30,3248.0,1,3253.02,1689986,81931.0,109030.0,3250.0,3267.5,3239.8,3251.5,47088475,3576.6,2926.4,4322.95,2866.6,3246.5,88,3,3246.4,89,3,3246.3,79,4,3246.2,100,2,3246.1,129,5,3247.8,21,1,3247.9,39,1,3248.0,39,1,3248.1,47,2,3248.2,88,3
11536,2025-12-30 14:38:52+05:30,3248.0,1,3253.02,1689986,81931.0,109030.0,3250.0,3267.5,3239.8,3251.5,47088475,3576.6,2926.4,4322.95,2866.6,3246.5,88,3,3246.4,89,3,3246.3,79,4,3246.2,100,2,3246.1,129,5,3247.8,21,1,3247.9,39,1,3248.0,39,1,3248.1,47,2,3248.2,88,3
11536,2025-12-30 14:38:52+05:30,3247.7,2,3253.02,1689986,81931.0,109030.0,3250.0,3267.5,3239.8,3251.5,47088475,3576.6,2926.4,4322.95,2866.6,3246.5,88,3,3246.4,89,3,3246.3,79,4,3246.2,100,2,3246.1,129,5,3247.8,21,1,3247.9,39,1,3248.0,39,1,3248.1,47,2,3248.2,88,3
11536,2025-12-30 14:38:53+05:30,3247.6,1,3253.02,1690087,81873.0,108482.0,3250.0,3267.5,3239.8,3251.5,47088475,3576.6,2926.4,4322.95,2866.6,3246.6,28,1,3246.5,16,2,3246.3,143,5,3246.2,78,1,3246.1,155,6,3247.6,1,1,3247.7,39,2,3247.8,56,2,3247.9,102,3,3248.0,30,1
11536,2025-12-30 14:38:53+05:30,3246.6,97,3253.02,1690087,81873.0,108482.0,3250.0,3267.5,3239.8,3251.5,47088475,3576.6,2926.4,4322.95,2866.6,3246.6,28,1,3246.5,16,2,3246.3,143,5,3246.2,78,1,3246.1,155,6,3247.6,1,1,3247.7,39,2,3247.8,56,2,3247.9,102,3,3248.0,30,1
11536,2025-12-30 14:38:54+05:30,3246.6,97,3253.02,1690184,82058.0,109936.0,3250.0,3267.5,3239.8,3251.5,47088475,3576.6,2926.4,4322.95,2866.6,3246.6,37,1,3246.5,16,2,3246.3,113,4,3246.2,78,1,3246.1,155,6,3247.6,1,1,3247.7,75,3,3247.8,21,1,3247.9,85,2,3248.0,6,1
11536,2025-12-30 14:38:54+05:30,3246.6,97,3253.02,1690184,82058.0,109936.0,3250.0,3267.5,3239.8,3251.5,47088475,3576.6,2926.4,4322.95,2866.6,3246.6,37,1,3246.5,16,2,3246.3,113,4,3246.2,78,1,3246.1,155,6,3247.6,1,1,3247.7,75,3,3247.8,21,1,3247.9,85,2,3248.0,6,1
11536,2025-12-30 14:38:54+05:30,3246.5,49,3253.02,1690184,82058.0,109936.0,3250.0,3267.5,3239.8,3251.5,47088475,3576.6,2926.4,4322.95,2866.6,3246.6,37,1,3246.5,16,2,3246.3,113,4,3246.2,78,1,3246.1,155,6,3247.6,1,1,3247.7,75,3,3247.8,21,1,3247.9,85,2,3248.0,6,1
11536,2025-12-30 14:38:54+05:30,3246.5,49,3253.02,1690184,82058.0,109936.0,3250.0,3267.5,3239.8,3251.5,47088475,3576.6,2926.4,4322.95,2866.6,3246.6,37,1,3246.5,16,2,3246.3,113,4,3246.2,78,1,3246.1,155,6,3247.6,1,1,3247.7,75,3,3247.8,21,1,3247.9,85,2,3248.0,6,1
11536,2025-12-30 14:38:55+05:30,3246.5,49,3253.02,1690556,82304.0,108498.0,3250.0,3267.5,3239.8,3251.5,47088475,3576.6,2926.4,4322.95,2866.6,3246.7,51,2,3246.6,51,3,3246.5,387,3,3246.4,51,3,3246.3,126,6,3247.9,42,2,3248.0,6,1,3248.1,26,1,3248.2,66,2,3248.3,3,1
11536,2025-12-30 14:38:55+05:30,3246.5,49,3253.02,1690556,82304.0,108498.0,3250.0,3267.5,3239.8,3251.5,47088475,3576.6,2926.4,4322.95,2866.6,3246.7,51,2,3246.6,51,3,3246.5,387,3,3246.4,51,3,3246.3,126,6,3247.9,42,2,3248.0,6,1,3248.1,26,1,3248.2,66,2,3248.3,3,1
11536,2025-12-30 14:38:55+05:30,3246.7,21,3253.02,1690556,82304.0,108498.0,3250.0,3267.5,3239.8,3251.5,47088475,3576.6,2926.4,4322.95,2866.6,3246.7,51,2,3246.6,51,3,3246.5,387,3,3246.4,51,3,3246.3,126,6,3247.9,42,2,3248.0,6,1,3248.1,26,1,3248.2,66,2,3248.3,3,1
11536,2025-12-30 14:38:56+05:30,3246.7,21,3253.02,1690688,81923.0,108903.0,3250.0,3267.5,3239.8,3251.5,47088475,3576.6,2926.4,4322.95,2866.6,3246.7,34,2,3246.6,4,1,3246.5,371,2,3246.4,10,1,3246.3,63,4,3247.9,171,8,3248.0,16,2,3248.1,87,2,3248.2,218,6,3248.3,75,3
11536,2025-12-30 14:38:56+05:30,3246.7,21,3253.02,1690688,81923.0,108903.0,3250.0,3267.5,3239.8,3251.5,47088475,3576.6,2926.4,4322.95,2866.6,3246.7,34,2,3246.6,4,1,3246.5,371,2,3246.4,10,1,3246.3,63,4,3247.9,171,8,3248.0,16,2,3248.1,87,2,3248.2,218,6,3248.3,75,3
11536,2025-12-30 14:38:56+05:30,3247.9,3,3253.02,1690688,81923.0,108903.0,3250.0,3267.5,3239.8,3251.5,47088475,3576.6,2926.4,4322.95,2866.6,3246.7,34,2,3246.6,4,1,3246.5,371,2,3246.4,10,1,3246.3,63,4,3247.9,171,8,3248.0,16,2,3248.1,87,2,3248.2,218,6,3248.3,75,3
11536,2025-12-30 14:38:57+05:30,3246.7,44,3253.02,1690788,81954.0,109739.0,3250.0,3267.5,3239.8,3251.5,47088475,3576.6,2926.4,4322.95,2866.6,3246.6,91,3,3246.5,360,2,3246.3,37,3,3246.1,41,4,3246.0,257,2,3247.7,3,1,3247.8,18,2,3247.9,75,3,3248.0,47,3,3248.1,60,3
11536,2025-12-30 14:38:57+05:30,3246.7,44,3253.02,1690788,81954.0,109739.0,3250.0,3267.5,3239.8,3251.5,47088475,3576.6,2926.4,4322.95,2866.6,3246.6,91,3,3246.5,360,2,3246.3,37,3,3246.1,41,4,3246.0,257,2,3247.7,3,1,3247.8,18,2,3247.9,75,3,3248.0,47,3,3248.1,60,3
11536,2025-12-30 14:38:57+05:30,3246.7,44,3253.02,1690788,81954.0,109739.0,3250.0,3267.5,3239.8,3251.5,47088475,3576.6,2926.4,4322.95,2866.6,3246.6,91,3,3246.5,360,2,3246.3,37,3,3246.1,41,4,3246.0,257,2,3247.7,3,1,3247.8,18,2,3247.9,75,3,3248.0,47,3,3248.1,60,3
11536,2025-12-30 14:38:58+05:30,3246.7,2,3253.02,1690790,83564.0,108768.0,3250.0,3267.5,3239.8,3251.5,47088475,3576.6,2926.4,4322.95,2866.6,3246.7,1,1,3246.6,26,1,3246.5,350,1,3246.3,37,3,3246.1,37,3,3247.5,1,1,3247.6,102,5,3247.7,88,4,3247.8,210,2,3247.9,136,4
11536,2025-12-30 14:38:58+05:30,3246.7,2,3253.02,1690790,83564.0,108768.0,3250.0,3267.5,3239.8,3251.5,47088475,3576.6,2926.4,4322.95,2866.6,3246.7,1,1,3246.6,26,1,3246.5,350,1,3246.3,37,3,3246.1,37,3,3247.5,1,1,3247.6,102,5,3247.7,88,4,3247.8,210,2,3247.9,136,4
11536,2025-12-30 14:38:58+05:30,3246.7,1,3253.02,1690790,83564.0,108768.0,3250.0,3267.5,3239.8,3251.5,47088475,3576.6,2926.4,4322.95,2866.6,3246.7,1,1,3246.6,26,1,3246.5,350,1,3246.3,37,3,3246.1,37,3,3247.5,1,1,3247.6,102,5,3247.7,88,4,3247.8,210,2,3247.9,136,4
11536,2025-12-30 14:38:59+05:30,3246.7,1,3253.02,1691207,80110.0,109676.0,3250.0,3267.5,3239.8,3251.5,47088475,3576.6,2926.4,4322.95,2866.6,3246.7,8,1,3246.3,39,3,3246.2,80,2,3246.1,87,5,3246.0,260,3,3247.6,16,3,3247.7,3,1,3247.8,35,1,3247.9,46,1,3248.0,50,3
11536,2025-12-30 14:38:59+05:30,3246.7,21,3253.02,1691207,80110.0,109676.0,3250.0,3267.5,3239.8,3251.5,47088475,3576.6,2926.4,4322.95,2866.6,3246.7,8,1,3246.3,39,3,3246.2,80,2,3246.1,87,5,3246.0,260,3,3247.6,16,3,3247.7,3,1,3247.8,35,1,3247.9,46,1,3248.0,50,3
11536,2025-12-30 14:39:00+05:30,3246.7,21,3253.02,1691290,83329.0,109779.0,3250.0,3267.5,3239.8,3251.5,47088475,3576.6,2926.4,4322.95,2866.6,3246.7,26,1,3246.3,13,1,3246.1,15,3,3246.0,281,4,3245.9,97,5,3247.4,6,2,3247.5,45,2,3247.6,17,1,3247.7,33,2,3247.8,20,2
11536,2025-12-30 14:39:00+05:30,3246.7,21,3253.02,1691290,83329.0,109779.0,3250.0,3267.5,3239.8,3251.5,47088475,3576.6,2926.4,4322.95,2866.6,3246.7,26,1,3246.3,13,1,3246.1,15,3,3246.0,281,4,3245.9,97,5,3247.4,6,2,3247.5,45,2,3247.6,17,1,3247.7,33,2,3247.8,20,2
11536,2025-12-30 14:39:00+05:30,3246.7,84,3253.02,1691290,83329.0,109779.0,3250.0,3267.5,3239.8,3251.5,47088475,3576.6,2926.4,4322.95,2866.6,3246.7,26,1,3246.3,13,1,3246.1,15,3,3246.0,281,4,3245.9,97,5,3247.4,6,2,3247.5,45,2,3247.6,17,1,3247.7,33,2,3247.8,20,2
11536,2025-12-30 14:39:01+05:30,3247.4,1,3253.02,1691375,81888.0,109827.0,3250.0,3267.5,3239.8,3251.5,47088475,3576.6,2926.4,4322.95,2866.6,3246.7,2,1,3246.5,87,1,3246.4,47,1,3246.3,13,1,3246.2,9,1,3247.4,5,1,3247.5,35,1,3247.7,33,2,3247.8,2,1,3247.9,65,2
11536,2025-12-30 14:39:01+05:30,3247.4,1,3253.02,1691375,81888.0,109827.0,3250.0,3267.5,3239.8,3251.5,47088475,3576.6,2926.4,4322.95,2866.6,3246.7,2,1,3246.5,87,1,3246.4,47,1,3246.3,13,1,3246.2,9,1,3247.4,5,1,3247.5,35,1,3247.7,33,2,3247.8,2,1,3247.9,65,2
11536,2025-12-30 14:39:01+05:30,3246.7,18,3253.02,1691375,81888.0,109827.0,3250.0,3267.5,3239.8,3251.5,47088475,3576.6,2926.4,4322.95,2866.6,3246.7,2,1,3246.5,87,1,3246.4,47,1,3246.3,13,1,3246.2,9,1,3247.4,5,1,3247.5,35,1,3247.7,33,2,3247.8,2,1,3247.9,65,2
11536,2025-12-30 14:39:02+05:30,3246.7,18,3253.02,1691393,83591.0,108882.0,3250.0,3267.5,3239.8,3251.5,47088475,3576.6,2926.4,4322.95,2866.6,3246.5,87,1,3246.4,47,1,3246.3,13,1,3246.1,11,2,3246.0,85,2,3246.7,13,1,3247.0,1,1,3247.5,53,2,3247.6,40,2,3247.7,82,4
11536,2025-12-30 14:39:02+05:30,3246.3,14,3253.02,1691393,83591.0,108882.0,3250.0,3267.5,3239.8,3251.5,47088475,3576.6,2926.4,4322.95,2866.6,3246.5,87,1,3246.4,47,1,3246.3,13,1,3246.1,11,2,3246.0,85,2,3246.7,13,1,3247.0,1,1,3247.5,53,2,3247.6,40,2,3247.7,82,4
11536,2025-12-30 14:39:03+05:30,3246.3,47,3253.02,1692174,82813.0,110881.0,3250.0,3267.5,3239.8,3251.5,47088475,3576.6,2926.4,4322.95,2866.6,3246.1,8,1,3246.0,91,3,3245.9,10,2,3245.8,227,4,3245.7,109,5,3246.3,106,1,3246.7,400,1,3247.0,1,1,3247.2,71,2,3247.3,46,1
11536,2025-12-30 14:39:03+05:30,3246.1,24,3253.02,1692174,82813.0,110881.0,3250.0,3267.5,3239.8,3251.5,47088475,3576.6,2926.4,4322.95,2866.6,3246.1,8,1,3246.0,91,3,3245.9,10,2,3245.8,227,4,3245.7,109,5,3246.3,106,1,3246.7,400,1,3247.0,1,1,3247.2,71,2,3247.3,46,1
11536,2025-12-30 14:39:04+05:30,3246.1,24,3253.02,1692174,82813.0,110881.0,3250.0,3267.5,3239.8,3251.5,47088475,3576.6,2926.4,4322.95,2866.6,3246.1,8,1,3246.0,91,3,3245.9,10,2,3245.8,227,4,3245.7,109,5,3246.3,106,1,3246.7,400,1,3247.0,1,1,3247.2,71,2,3247.3,46,1
11536,2025-12-30 14:39:04+05:30,3246.3,1,3253.02,1692265,82766.0,110802.0,3250.0,3267.5,3239.8,3251.5,47088475,3576.6,2926.4,4322.95,2866.6,3246.1,4,1,3246.0,91,3,3245.9,37,2,3245.8,232,4,3245.7,22,3,3246.3,104,1,3246.7,400,1,3247.0,1,1,3247.2,71,2,3247.3,46,1
11536,2025-12-30 14:39:04+05:30,3246.0,3,3253.02,1692265,82766.0,110802.0,3250.0,3267.5,3239.8,3251.5,47088475,3576.6,2926.4,4322.95,2866.6,3246.1,4,1,3246.0,91,3,3245.9,37,2,3245.8,232,4,3245.7,22,3,3246.3,104,1,3246.7,400,1,3247.0,1,1,3247.2,71,2,3247.3,46,1
11536,2025-12-30 14:39:05+05:30,3246.0,3,3253.02,1692265,82766.0,110802.0,3250.0,3267.5,3239.8,3251.5,47088475,3576.6,2926.4,4322.95,2866.6,3246.1,4,1,3246.0,91,3,3245.9,37,2,3245.8,232,4,3245.7,22,3,3246.3,104,1,3246.7,400,1,3247.0,1,1,3247.2,71,2,3247.3,46,1
11536,2025-12-30 14:39:05+05:30,3246.0,1,3253.01,1692407,82870.0,109713.0,3250.0,3267.5,3239.8,3251.5,47088475,3576.6,2926.4,4322.95,2866.6,3246.0,40,3,3245.9,76,3,3245.8,232,4,3245.7,22,3,3245.6,81,2,3246.3,57,1,3246.7,400,1,3247.0,1,1,3247.2,71,2,3247.4,117,3
11536,2025-12-30 14:39:05+05:30,3246.0,17,3253.01,1692407,82870.0,109713.0,3250.0,3267.5,3239.8,3251.5,47088475,3576.6,2926.4,4322.95,2866.6,3246.0,40,3,3245.9,76,3,3245.8,232,4,3245.7,22,3,3245.6,81,2,3246.3,57,1,3246.7,400,1,3247.0,1,1,3247.2,71,2,3247.4,117,3
11536,2025-12-30 14:39:06+05:30,3246.0,17,3253.01,1692740,82738.0,110956.0,3250.0,3267.5,3239.8,3251.5,47088475,3576.6,2926.4,4322.95,2866.6,3246.0,10,1,3245.9,56,3,3245.8,201,4,3245.7,22,3,3245.6,106,4,3246.7,400,1,3247.0,1,1,3247.4,71,2,3247.5,18,1,3247.6,68,2
11536,2025-12-30 14:39:06+05:30,3246.0,10,3253.01,1692740,82738.0,110956.0,3250.0,3267.5,3239.8,3251.5,47088475,3576.6,2926.4,4322.95,2866.6,3246.0,10,1,3245.9,56,3,3245.8,201,4,3245.7,22,3,3245.6,106,4,3246.7,400,1,3247.0,1,1,3247.4,71,2,3247.5,18,1,3247.6,68,2
11536,2025-12-30 14:39:07+05:30,3246.0,10,3253.01,1692740,82738.0,110956.0,3250.0,3267.5,3239.8,3251.5,47105275,3576.6,2926.4,4322.95,2866.6,3246.0,10,1,3245.9,56,3,3245.8,201,4,3245.7,22,3,3245.6,106,4,3246.7,400,1,3247.0,1,1,3247.4,71,2,3247.5,18,1,3247.6,68,2
11536,2025-12-30 14:39:07+05:30,3246.0,10,3253.01,1692750,82684.0,110612.0,3250.0,3267.5,3239.8,3251.5,47105275,3576.6,2926.4,4322.95,2866.6,3245.9,17,2,3245.8,26,3,3245.7,73,5,3245.6,256,3,3245.5,118,9,3246.0,69,1,3246.7,400,1,3247.0,22,2,3247.2,20,1,3247.3,63,2
11536,2025-12-30 14:39:07+05:30,3246.0,4,3253.01,1692750,82684.0,110612.0,3250.0,3267.5,3239.8,3251.5,47105275,3576.6,2926.4,4322.95,2866.6,3245.9,17,2,3245.8,26,3,3245.7,73,5,3245.6,256,3,3245.5,118,9,3246.0,69,1,3246.7,400,1,3247.0,22,2,3247.2,20,1,3247.3,63,2
11536,2025-12-30 14:39:08+05:30,3246.0,14,3253.01,1692872,83960.0,109534.0,3250.0,3267.5,3239.8,3251.5,47105275,3576.6,2926.4,4322.95,2866.6,3246.0,689,8,3245.9,34,4,3245.8,58,5,3245.7,82,6,3245.6,23,2,3246.7,400,1,3247.0,1,1,3247.4,21,1,3247.6,22,1,3247.7,56,2
11536,2025-12-30 14:39:08+05:30,3246.0,14,3253.01,1692872,83960.0,109534.0,3250.0,3267.5,3239.8,3251.5,47105275,3576.6,2926.4,4322.95,2866.6,3246.0,689,8,3245.9,34,4,3245.8,58,5,3245.7,82,6,3245.6,23,2,3246.7,400,1,3247.0,1,1,3247.4,21,1,3247.6,22,1,3247.7,56,2
11536,2025-12-30 14:39:09+05:30,3246.0,14,3253.01,1692872,83960.0,109534.0,3250.0,3267.5,3239.8,3251.5,47105275,3576.6,2926.4,4322.95,2866.6,3246.0,689,8,3245.9,34,4,3245.8,58,5,3245.7,82,6,3245.6,23,2,3246.7,400,1,3247.0,1,1,3247.4,21,1,3247.6,22,1,3247.7,56,2
11536,2025-12-30 14:39:09+05:30,3246.7,101,3253.01,1693140,83999.0,108677.0,3250.0,3267.5,3239.8,3251.5,47105275,3576.6,2926.4,4322.95,2866.6,3246.0,632,10,3245.9,209,5,3245.8,82,6,3245.7,82,6,3245.6,23,2,3246.7,132,1,3247.0,1,1,3247.4,21,1,3247.6,22,1,3247.7,26,1
11536,2025-12-30 14:39:09+05:30,3246.7,101,3253.01,1693140,83999.0,108677.0,3250.0,3267.5,3239.8,3251.5,47105275,3576.6,2926.4,4322.95,2866.6,3246.0,632,10,3245.9,209,5,3245.8,82,6,3245.7,82,6,3245.6,23,2,3246.7,132,1,3247.0,1,1,3247.4,21,1,3247.6,22,1,3247.7,26,1
11536,2025-12-30 14:39:10+05:30,3246.0,154,3253.01,1693140,83999.0,108677.0,3250.0,3267.5,3239.8,3251.5,47105275,3576.6,2926.4,4322.95,2866.6,3246.0,632,10,3245.9,209,5,3245.8,82,6,3245.7,82,6,3245.6,23,2,3246.7,132,1,3247.0,1,1,3247.4,21,1,3247.6,22,1,3247.7,26,1
11536,2025-12-30 14:39:10+05:30,3246.0,154,3253.01,1693345,83302.0,109715.0,3250.0,3267.5,3239.8,3251.5,47105275,3576.6,2926.4,4322.95,2866.6,3246.0,435,9,3245.9,209,5,3245.8,82,6,3245.7,82,6,3245.6,44,3,3246.7,132,1,3247.0,1,1,3247.6,22,1,3247.7,76,2,3247.8,21,1
11536,2025-12-30 14:39:11+05:30,3246.7,12,3253.01,1693345,83302.0,109715.0,3250.0,3267.5,3239.8,3251.5,47105275,3576.6,2926.4,4322.95,2866.6,3246.0,435,9,3245.9,209,5,3245.8,82,6,3245.7,82,6,3245.6,44,3,3246.7,132,1,3247.0,1,1,3247.6,22,1,3247.7,76,2,3247.8,21,1
11536,2025-12-30 14:39:11+05:30,3246.7,12,3253.01,1693543,83177.0,109237.0,3250.0,3267.5,3239.8,3251.5,47105275,3576.6,2926.4,4322.95,2866.6,3246.0,159,6,3245.9,302,7,3245.8,82,6,3245.7,61,5,3245.6,44,3,3246.7,118,1,3247.0,1,1,3247.6,22,1,3247.7,76,2,3247.8,21,1
11536,2025-12-30 14:39:12+05:30,3246.7,2,3253.01,1693707,83264.0,109964.0,3250.0,3267.5,3239.8,3251.5,47105275,3576.6,2926.4,4322.95,2866.6,3246.0,186,6,3245.9,310,6,3245.8,82,6,3245.7,61,5,3245.6,66,4,3246.7,116,1,3247.0,1,1,3247.6,22,1,3247.7,76,2,3247.8,67,2
11536,2025-12-30 14:39:12+05:30,3246.7,2,3253.01,1693707,83264.0,109964.0,3250.0,3267.5,3239.8,3251.5,47105275,3576.6,2926.4,4322.95,2866.6,3246.0,186,6,3245.9,310,6,3245.8,82,6,3245.7,61,5,3245.6,66,4,3246.7,116,1,3247.0,1,1,3247.6,22,1,3247.7,76,2,3247.8,67,2
11536,2025-12-30 14:39:13+05:30,3246.1,106,3253.01,1693707,83264.0,109964.0,3250.0,3267.5,3239.8,3251.5,47105275,3576.6,2926.4,4322.95,2866.6,3246.0,186,6,3245.9,310,6,3245.8,82,6,3245.7,61,5,3245.6,66,4,3246.7,116,1,3247.0,1,1,3247.6,22,1,3247.7,76,2,3247.8,67,2
11536,2025-12-30 14:39:13+05:30,3246.1,106,3253.01,1693833,83855.0,109398.0,3250.0,3267.5,3239.8,3251.5,47105275,3576.6,2926.4,4322.95,2866.6,3246.1,31,1,3246.0,212,6,3245.9,276,5,3245.8,104,7,3245.7,40,4,3246.7,116,1,3247.0,1,1,3247.6,22,1,3247.7,76,2,3247.8,222,3
11536,2025-12-30 14:39:14+05:30,3246.1,68,3253.01,1693833,83855.0,109398.0,3250.0,3267.5,3239.8,3251.5,47105275,3576.6,2926.4,4322.95,2866.6,3246.1,31,1,3246.0,212,6,3245.9,276,5,3245.8,104,7,3245.7,40,4,3246.7,116,1,3247.0,1,1,3247.6,22,1,3247.7,76,2,3247.8,222,3
11536,2025-12-30 14:39:14+05:30,3246.1,68,3253.01,1693965,83912.0,109408.0,3250.0,3267.5,3239.8,3251.5,47105275,3576.6,2926.4,4322.95,2866.6,3246.1,68,2,3246.0,144,5,3245.9,277,5,3245.8,82,6,3245.7,83,6,3246.7,116,1,3247.0,1,1,3247.6,22,1,3247.7,76,2,3247.8,67,2
11536,2025-12-30 14:39:15+05:30,3246.7,1,3253.01,1693965,83912.0,109408.0,3250.0,3267.5,3239.8,3251.5,47105275,3576.6,2926.4,4322.95,2866.6,3246.1,68,2,3246.0,144,5,3245.9,277,5,3245.8,82,6,3245.7,83,6,3246.7,116,1,3247.0,1,1,3247.6,22,1,3247.7,76,2,3247.8,67,2
11536,2025-12-30 14:39:15+05:30,3246.7,1,3253.01,1694082,83731.0,109197.0,3250.0,3267.5,3239.8,3251.5,47105275,3576.6,2926.4,4322.95,2866.6,3246.2,43,1,3246.1,302,6,3246.0,122,4,3245.9,266,4,3245.8,99,7,3246.7,113,1,3247.0,1,1,3247.6,22,1,3247.7,79,3,3247.8,21,1
11536,2025-12-30 14:39:16+05:30,3246.2,7,3253.01,1694082,83731.0,109197.0,3250.0,3267.5,3239.8,3251.5,47105275,3576.6,2926.4,4322.95,2866.6,3246.2,43,1,3246.1,302,6,3246.0,122,4,3245.9,266,4,3245.8,99,7,3246.7,113,1,3247.0,1,1,3247.6,22,1,3247.7,79,3,3247.8,21,1
11536,2025-12-30 14:39:16+05:30,3246.2,7,3253.01,1694250,83788.0,109507.0,3250.0,3267.5,3239.8,3251.5,47105275,3576.6,2926.4,4322.95,2866.6,3246.2,64,3,3246.1,350,6,3246.0,108,4,3245.9,246,3,3245.8,99,7,3246.7,112,1,3247.0,1,1,3247.6,22,1,3247.7,79,3,3247.8,21,1
11536,2025-12-30 14:39:17+05:30,3245.8,6,3253.01,1694250,83788.0,109507.0,3250.0,3267.5,3239.8,3251.5,47105275,3576.6,2926.4,4322.95,2866.6,3246.2,64,3,3246.1,350,6,3246.0,108,4,3245.9,246,3,3245.8,99,7,3246.7,112,1,3247.0,1,1,3247.6,22,1,3247.7,79,3,3247.8,21,1
11536,2025-12-30 14:39:17+05:30,3245.8,6,3253.0,1695709,82753.0,110194.0,3250.0,3267.5,3239.8,3251.5,47105275,3576.6,2926.4,4322.95,2866.6,3245.8,16,2,3245.7,197,4,3245.6,23,2,3245.5,304,11,3245.4,88,5,3246.7,112,1,3246.9,31,1,3247.0,1,1,3247.2,48,2,3247.3,41,2
11536,2025-12-30 14:39:18+05:30,3245.8,3,3253.0,1695709,82753.0,110194.0,3250.0,3267.5,3239.8,3251.5,47105275,3576.6,2926.4,4322.95,2866.6,3245.8,16,2,3245.7,197,4,3245.6,23,2,3245.5,304,11,3245.4,88,5,3246.7,112,1,3246.9,31,1,3247.0,1,1,3247.2,48,2,3247.3,41,2
11536,2025-12-30 14:39:18+05:30,3245.8,3,3253.0,1695874,82850.0,110037.0,3250.0,3267.5,3239.8,3251.5,47105275,3576.6,2926.4,4322.95,2866.6,3245.8,28,1,3245.7,197,4,3245.6,175,1,3245.5,69,7,3245.4,83,5,3246.7,112,1,3247.0,1,1,3247.1,2,1,3247.3,22,1,3247.4,124,5
11536,2025-12-30 14:39:19+05:30,3246.7,47,3253.0,1695874,82850.0,110037.0,3250.0,3267.5,3239.8,3251.5,47105275,3576.6,2926.4,4322.95,2866.6,3245.8,28,1,3245.7,197,4,3245.6,175,1,3245.5,69,7,3245.4,83,5,3246.7,112,1,3247.0,1,1,3247.1,2,1,3247.3,22,1,3247.4,124,5
11536,2025-12-30 14:39:19+05:30,3246.7,47,3253.0,1696031,83439.0,107078.0,3250.0,3267.5,3239.8,3251.5,47105275,3576.6,2926.4,4322.95,2866.6,3245.9,123,5,3245.8,412,3,3245.7,388,6,3245.6,20,2,3245.5,114,9,3246.7,65,1,3247.4,22,1,3247.5,40,3,3247.6,22,1,3247.7,74,3
11536,2025-12-30 14:39:20+05:30,3246.0,3,3253.0,1696031,83439.0,107078.0,3250.0,3267.5,3239.8,3251.5,47105275,3576.6,2926.4,4322.95,2866.6,3245.9,123,5,3245.8,412,3,3245.7,388,6,3245.6,20,2,3245.5,114,9,3246.7,65,1,3247.4,22,1,3247.5,40,3,3247.6,22,1,3247.7,74,3
11536,2025-12-30 14:39:20+05:30,3246.0,3,3253.0,1696034,83203.0,109648.0,3250.0,3267.5,3239.8,3251.5,47105275,3576.6,2926.4,4322.95,2866.6,3246.0,3,1,3245.9,4,1,3245.8,422,3,3245.7,240,5,3245.6,291,7,3247.4,173,6,3247.5,111,2,3247.6,14,1,3247.7,80,4,3247.8,138,6
11536,2025-12-30 14:39:21+05:30,3246.0,3,3253.0,1696034,83439.0,108693.0,3250.0,3267.5,3239.8,3251.5,47105275,3576.6,2926.4,4322.95,2866.6,3246.0,150,1,3245.9,53,3,3245.8,421,3,3245.7,314,7,3245.6,313,8,3247.3,68,2,3247.4,41,3,3247.5,50,1,3247.6,14,1,3247.7,80,4
11536,2025-12-30 14:39:22+05:30,3248.1,9,3253.0,1696566,82211.0,109044.0,3250.0,3267.5,3239.8,3251.5,47105275,3576.6,2926.4,4322.95,2866.6,3246.4,24,2,3246.3,112,3,3246.2,170,7,3246.1,307,8,3246.0,243,5,3248.0,103,4,3248.1,20,1,3248.2,134,4,3248.3,87,4,3248.4,219,4
11536,2025-12-30 14:39:22+05:30,3248.1,9,3253.0,1696566,82211.0,109044.0,3250.0,3267.5,3239.8,3251.5,47105275,3576.6,2926.4,4322.95,2866.6,3246.4,24,2,3246.3,112,3,3246.2,170,7,3246.1,307,8,3246.0,243,5,3248.0,103,4,3248.1,20,1,3248.2,134,4,3248.3,87,4,3248.4,219,4
11536,2025-12-30 14:39:23+05:30,3248.1,9,3253.0,1696566,82438.0,107447.0,3250.0,3267.5,3239.8,3251.5,47105275,3576.6,2926.4,4322.95,2866.6,3246.6,68,2,3246.5,52,3,3246.4,127,5,3246.3,155,6,3246.2,152,6,3248.0,48,2,3248.2,113,3,3248.3,41,3,3248.4,219,4,3248.5,183,6
11536,2025-12-30 14:39:24+05:30,3248.0,3,3253.0,1696690,81987.0,109766.0,3250.0,3267.5,3239.8,3251.5,47105275,3576.6,2926.4,4322.95,2866.6,3246.7,62,4,3246.6,4,1,3246.5,56,3,3246.4,113,3,3246.3,85,3,3248.0,11,1,3248.1,135,5,3248.2,50,1,3248.3,7,1,3248.4,265,7
11536,2025-12-30 14:39:24+05:30,3248.0,3,3253.0,1696690,81987.0,109766.0,3250.0,3267.5,3239.8,3251.5,47105275,3576.6,2926.4,4322.95,2866.6,3246.7,62,4,3246.6,4,1,3246.5,56,3,3246.4,113,3,3246.3,85,3,3248.0,11,1,3248.1,135,5,3248.2,50,1,3248.3,7,1,3248.4,265,7
11536,2025-12-30 14:39:25+05:30,3248.0,1,3253.0,1696691,82026.0,108423.0,3250.0,3267.5,3239.8,3251.5,47105275,3576.6,2926.4,4322.95,2866.6,3246.7,62,4,3246.6,78,2,3246.5,52,2,3246.4,39,2,3246.3,89,4,3248.0,10,1,3248.1,135,5,3248.2,50,1,3248.3,53,2,3248.4,225,7
11536,2025-12-30 14:39:25+05:30,3248.0,1,3253.0,1696691,82026.0,108423.0,3250.0,3267.5,3239.8,3251.5,47105275,3576.6,2926.4,4322.95,2866.6,3246.7,62,4,3246.6,78,2,3246.5,52,2,3246.4,39,2,3246.3,89,4,3248.0,10,1,3248.1,135,5,3248.2,50,1,3248.3,53,2,3248.4,225,7
11536,2025-12-30 14:39:26+05:30,3246.7,4,3253.0,1696697,81982.0,109663.0,3250.0,3267.5,3239.8,3251.5,47105275,3576.6,2926.4,4322.95,2866.6,3246.7,38,3,3246.6,78,2,3246.5,52,2,3246.4,39,2,3246.3,89,4,3247.9,58,3,3248.0,99,4,3248.1,50,2,3248.2,52,2,3248.3,53,2
11536,2025-12-30 14:39:26+05:30,3246.7,4,3253.0,1696697,81982.0,109663.0,3250.0,3267.5,3239.8,3251.5,47105275,3576.6,2926.4,4322.95,2866.6,3246.7,38,3,3246.6,78,2,3246.5,52,2,3246.4,39,2,3246.3,89,4,3247.9,58,3,3248.0,99,4,3248.1,50,2,3248.2,52,2,3248.3,53,2
11536,2025-12-30 14:39:27+05:30,3247.9,1,3253.0,1696699,81990.0,109443.0,3250.0,3267.5,3239.8,3251.5,47105275,3576.6,2926.4,4322.95,2866.6,3246.7,112,4,3246.6,41,2,3246.5,15,1,3246.4,39,2,3246.3,264,5,3247.9,66,4,3248.0,89,3,3248.1,13,1,3248.2,52,2,3248.3,7,1
11536,2025-12-30 14:39:27+05:30,3247.9,1,3253.0,1696699,81990.0,109443.0,3250.0,3267.5,3239.8,3251.5,47105275,3576.6,2926.4,4322.95,2866.6,3246.7,112,4,3246.6,41,2,3246.5,15,1,3246.4,39,2,3246.3,264,5,3247.9,66,4,3248.0,89,3,3248.1,13,1,3248.2,52,2,3248.3,7,1
11536,2025-12-30 14:39:28+05:30,3246.7,4,3253.0,1696741,81961.0,109844.0,3250.0,3267.5,3239.8,3251.5,47105275,3576.6,2926.4,4322.95,2866.6,3246.7,120,5,3246.6,4,1,3246.5,15,1,3246.4,39,2,3246.3,89,4,3247.9,60,3,3248.0,10,1,3248.1,36,2,3248.2,52,2,3248.3,7,1
11536,2025-12-30 14:39:28+05:30,3246.7,4,3253.0,1696741,81961.0,109844.0,3250.0,3267.5,3239.8,3251.5,47105275,3576.6,2926.4,4322.95,2866.6,3246.7,120,5,3246.6,4,1,3246.5,15,1,3246.4,39,2,3246.3,89,4,3247.9,60,3,3248.0,10,1,3248.1,36,2,3248.2,52,2,3248.3,7,1
11536,2025-12-30 14:39:29+05:30,3246.7,4,3253.0,1696741,81992.0,109297.0,3250.0,3267.5,3239.8,3251.5,47105275,3576.6,2926.4,4322.95,2866.6,3246.8,70,1,3246.7,50,4,3246.6,35,2,3246.5,15,1,3246.4,39,2,3247.9,60,3,3248.0,10,1,3248.1,36,2,3248.2,52,2,3248.3,7,1
11536,2025-12-30 14:39:30+05:30,3246.7,4,3253.0,1696741,81994.0,109603.0,3250.0,3267.5,3239.8,3251.5,47105275,3576.6,2926.4,4322.95,2866.6,3246.8,70,1,3246.7,50,4,3246.6,35,2,3246.5,15,1,3246.4,39,2,3247.9,60,3,3248.0,10,1,3248.1,36,2,3248.2,52,2,3248.3,7,1
11536,2025-12-30 14:39:31+05:30,3247.9,2,3253.0,1696741,81994.0,109603.0,3250.0,3267.5,3239.8,3251.5,47105275,3576.6,2926.4,4322.95,2866.6,3246.8,70,1,3246.7,50,4,3246.6,35,2,3246.5,15,1,3246.4,39,2,3247.9,60,3,3248.0,10,1,3248.1,36,2,3248.2,52,2,3248.3,7,1
11536,2025-12-30 14:39:31+05:30,3247.9,2,3253.0,1696745,81950.0,109712.0,3250.0,3267.5,3239.8,3251.5,47105275,3576.6,2926.4,4322.95,2866.6,3247.3,70,1,3246.7,13,3,3246.6,25,2,3246.5,15,1,3246.4,42,3,3247.9,112,6,3248.0,63,3,3248.1,23,1,3248.2,52,2,3248.4,239,6
11536,2025-12-30 14:39:32+05:30,3246.1,7,3253.0,1696745,81950.0,109712.0,3250.0,3267.5,3239.8,3251.5,47105275,3576.6,2926.4,4322.95,2866.6,3247.3,70,1,3246.7,13,3,3246.6,25,2,3246.5,15,1,3246.4,42,3,3247.9,112,6,3248.0,63,3,3248.1,23,1,3248.2,52,2,3248.4,239,6
11536,2025-12-30 14:39:33+05:30,3246.1,7,3252.99,1698126,81498.0,108398.0,3250.0,3267.5,3239.8,3251.5,47105275,3576.6,2926.4,4322.95,2866.6,3246.6,10,1,3246.5,68,2,3246.4,23,1,3246.3,57,2,3246.2,67,3,3247.7,23,2,3247.8,54,6,3247.9,22,2,3248.0,80,4,3248.1,112,5
11536,2025-12-30 14:39:34+05:30,3246.1,7,3252.99,1698126,81441.0,110109.0,3250.0,3267.5,3239.8,3251.5,47105275,3576.6,2926.4,4322.95,2866.6,3246.7,5,1,3246.6,10,1,3246.5,37,1,3246.3,39,1,3246.2,75,3,3247.7,3,1,3247.8,133,9,3247.9,22,2,3248.0,97,4,3248.1,127,5
11536,2025-12-30 14:39:34+05:30,3247.7,1,3252.99,1698126,81441.0,110109.0,3250.0,3267.5,3239.8,3251.5,47105275,3576.6,2926.4,4322.95,2866.6,3246.7,5,1,3246.6,10,1,3246.5,37,1,3246.3,39,1,3246.2,75,3,3247.7,3,1,3247.8,133,9,3247.9,22,2,3248.0,97,4,3248.1,127,5
11536,2025-12-30 14:39:35+05:30,3247.7,1,3252.99,1698375,81110.0,110127.0,3250.0,3267.5,3239.8,3251.5,47105275,3576.6,2926.4,4322.95,2866.6,3246.7,5,1,3246.6,10,1,3246.5,37,1,3246.2,44,2,3246.1,178,3,3247.7,60,5,3247.8,93,4,3247.9,86,3,3248.0,35,3,3248.1,158,5
11536,2025-12-30 14:39:35+05:30,3247.7,1,3252.99,1698375,81110.0,110127.0,3250.0,3267.5,3239.8,3251.5,47105275,3576.6,2926.4,4322.95,2866.6,3246.7,5,1,3246.6,10,1,3246.5,37,1,3246.2,44,2,3246.1,178,3,3247.7,60,5,3247.8,93,4,3247.9,86,3,3248.0,35,3,3248.1,158,5
11536,2025-12-30 14:39:36+05:30,3247.7,1,3252.99,1698375,81494.0,108703.0,3250.0,3267.5,3239.8,3251.5,47105275,3576.6,2926.4,4322.95,2866.6,3246.7,5,1,3246.6,10,1,3246.5,43,2,3246.2,44,2,3246.1,203,4,3247.7,60,5,3247.8,93,4,3247.9,86,3,3248.0,35,3,3248.1,158,5
11536,2025-12-30 14:39:36+05:30,3247.7,1,3252.99,1698375,81494.0,108703.0,3250.0,3267.5,3239.8,3251.5,47105275,3576.6,2926.4,4322.95,2866.6,3246.7,5,1,3246.6,10,1,3246.5,43,2,3246.2,44,2,3246.1,203,4,3247.7,60,5,3247.8,93,4,3247.9,86,3,3248.0,35,3,3248.1,158,5
11536,2025-12-30 14:39:37+05:30,3247.7,1,3252.99,1698376,81311.0,110144.0,3250.0,3267.5,3239.8,3251.5,47105275,3576.6,2926.4,4322.95,2866.6,3246.7,42,2,3246.6,20,2,3246.5,43,2,3246.3,206,2,3246.2,70,3,3247.7,8,2,3247.8,77,3,3247.9,92,3,3248.0,66,4,3248.1,112,4
11536,2025-12-30 14:39:37+05:30,3247.7,3,3252.99,1698376,81311.0,110144.0,3250.0,3267.5,3239.8,3251.5,47105275,3576.6,2926.4,4322.95,2866.6,3246.7,42,2,3246.6,20,2,3246.5,43,2,3246.3,206,2,3246.2,70,3,3247.7,8,2,3247.8,77,3,3247.9,92,3,3248.0,66,4,3248.1,112,4
11536,2025-12-30 14:39:38+05:30,3247.7,3,3252.99,1698414,78421.0,110019.0,3250.0,3267.5,3239.8,3251.5,47105275,3576.6,2926.4,4322.95,2866.6,3246.7,42,2,3246.6,10,1,3246.5,6,1,3246.3,175,1,3246.2,219,3,3247.7,3,1,3247.8,118,5,3247.9,71,4,3248.0,23,1,3248.1,167,7
11536,2025-12-30 14:39:38+05:30,3246.7,34,3252.99,1698414,78421.0,110019.0,3250.0,3267.5,3239.8,3251.5,47105275,3576.6,2926.4,4322.95,2866.6,3246.7,42,2,3246.6,10,1,3246.5,6,1,3246.3,175,1,3246.2,219,3,3247.7,3,1,3247.8,118,5,3247.9,71,4,3248.0,23,1,3248.1,167,7
11536,2025-12-30 14:39:39+05:30,3247.7,1,3252.99,1698581,81638.0,110220.0,3250.0,3267.5,3239.8,3251.5,47105275,3576.6,2926.4,4322.95,2866.6,3246.6,36,3,3246.5,37,2,3246.3,14,2,3246.2,246,4,3246.1,55,3,3247.7,9,1,3247.8,61,3,3247.9,16,1,3248.0,45,3,3248.1,109,5
11536,2025-12-30 14:39:39+05:30,3247.7,1,3252.99,1698581,81638.0,110220.0,3250.0,3267.5,3239.8,3251.5,47105275,3576.6,2926.4,4322.95,2866.6,3246.6,36,3,3246.5,37,2,3246.3,14,2,3246.2,246,4,3246.1,55,3,3247.7,9,1,3247.8,61,3,3247.9,16,1,3248.0,45,3,3248.1,109,5
11536,2025-12-30 14:39:40+05:30,3247.7,1,3252.99,1698618,83394.0,109911.0,3250.0,3267.5,3239.8,3251.5,47105275,3576.6,2926.4,4322.95,2866.6,3246.6,112,6,3246.5,181,2,3246.4,21,1,3246.3,210,3,3246.2,71,3,3247.7,9,1,3248.0,26,2,3248.1,78,4,3248.2,76,2,3248.3,235,3
11536,2025-12-30 14:39:41+05:30,3247.7,1,3252.99,1698618,83192.0,109512.0,3250.0,3267.5,3239.8,3251.5,47105275,3576.6,2926.4,4322.95,2866.6,3246.8,88,3,3246.7,244,3,3246.6,48,4,3246.5,95,5,3246.4,53,3,3248.0,50,3,3248.1,53,2,3248.2,76,2,3248.3,235,3,3248.4,87,6
11536,2025-12-30 14:39:42+05:30,3247.7,1,3252.99,1698618,78946.0,108972.0,3250.0,3267.5,3239.8,3251.5,47105275,3576.6,2926.4,4322.95,2866.6,3247.0,61,3,3246.9,55,2,3246.8,484,5,3246.7,92,3,3246.6,96,6,3248.0,22,2,3248.1,53,2,3248.3,59,1,3248.4,13,2,3248.5,14,2
11536,2025-12-30 14:39:42+05:30,3248.0,3,3252.99,1698618,78946.0,108972.0,3250.0,3267.5,3239.8,3251.5,47105275,3576.6,2926.4,4322.95,2866.6,3247.0,61,3,3246.9,55,2,3246.8,484,5,3246.7,92,3,3246.6,96,6,3248.0,22,2,3248.1,53,2,3248.3,59,1,3248.4,13,2,3248.5,14,2
11536,2025-12-30 14:39:43+05:30,3247.1,1,3252.99,1698622,78642.0,108993.0,3250.0,3267.5,3239.8,3251.5,47105275,3576.6,2926.4,4322.95,2866.6,3247.1,2,1,3247.0,61,3,3246.9,55,2,3246.8,423,4,3246.7,31,2,3248.0,19,2,3248.1,50,1,3248.3,59,1,3248.4,13,2,3248.5,14,2
11536,2025-12-30 14:39:43+05:30,3248.0,1,3252.99,1698622,78642.0,108993.0,3250.0,3267.5,3239.8,3251.5,47105275,3576.6,2926.4,4322.95,2866.6,3247.1,2,1,3247.0,61,3,3246.9,55,2,3246.8,423,4,3246.7,31,2,3248.0,19,2,3248.1,50,1,3248.3,59,1,3248.4,13,2,3248.5,14,2
11536,2025-12-30 14:39:44+05:30,3248.0,1,3252.99,1698623,81890.0,109139.0,3250.0,3267.5,3239.8,3251.5,47105275,3576.6,2926.4,4322.95,2866.6,3247.1,10,2,3247.0,103,3,3246.9,55,2,3246.8,248,3,3246.7,22,1,3248.0,14,1,3248.3,59,1,3248.4,13,2,3248.5,14,2,3248.6,58,3
11536,2025-12-30 14:39:45+05:30,3248.0,1,3252.99,1698624,81650.0,109134.0,3250.0,3267.5,3239.8,3251.5,47105275,3576.6,2926.4,4322.95,2866.6,3247.6,2,1,3247.0,76,3,3246.9,20,1,3246.8,268,4,3246.7,22,1,3248.0,13,1,3248.2,30,1,3248.3,35,1,3248.4,3,1,3248.5,3,1
11536,2025-12-30 14:39:45+05:30,3248.0,1,3252.99,1698624,81650.0,109134.0,3250.0,3267.5,3239.8,3251.5,47105275,3576.6,2926.4,4322.95,2866.6,3247.6,2,1,3247.0,76,3,3246.9,20,1,3246.8,268,4,3246.7,22,1,3248.0,13,1,3248.2,30,1,3248.3,35,1,3248.4,3,1,3248.5,3,1
11536,2025-12-30 14:39:46+05:30,3248.0,1,3252.99,1698626,81681.0,109132.0,3250.0,3267.5,3239.8,3251.5,47105275,3576.6,2926.4,4322.95,2866.6,3247.6,2,1,3247.0,76,3,3246.9,20,1,3246.8,268,4,3246.7,47,2,3248.0,11,1,3248.2,30,1,3248.3,35,1,3248.4,3,1,3248.5,3,1
11536,2025-12-30 14:39:46+05:30,3248.0,1,3252.99,1698626,81681.0,109132.0,3250.0,3267.5,3239.8,3251.5,47105275,3576.6,2926.4,4322.95,2866.6,3247.6,2,1,3247.0,76,3,3246.9,20,1,3246.8,268,4,3246.7,47,2,3248.0,11,1,3248.2,30,1,3248.3,35,1,3248.4,3,1,3248.5,3,1
11536,2025-12-30 14:39:47+05:30,3246.7,10,3252.99,1699687,81536.0,108607.0,3250.0,3267.5,3239.8,3251.5,47105275,3576.6,2926.4,4322.95,2866.6,3246.9,92,4,3246.8,24,1,3246.6,67,5,3246.5,232,4,3246.4,67,3,3248.0,11,1,3248.1,48,3,3248.2,5,2,3248.3,3,1,3248.4,120,7
11536,2025-12-30 14:39:47+05:30,3246.7,10,3252.99,1699687,81536.0,108607.0,3250.0,3267.5,3239.8,3251.5,47105275,3576.6,2926.4,4322.95,2866.6,3246.9,92,4,3246.8,24,1,3246.6,67,5,3246.5,232,4,3246.4,67,3,3248.0,11,1,3248.1,48,3,3248.2,5,2,3248.3,3,1,3248.4,120,7
11536,2025-12-30 14:39:48+05:30,3248.0,1,3252.99,1699693,82560.0,109663.0,3250.0,3267.5,3239.8,3251.5,47105275,3576.6,2926.4,4322.95,2866.6,3247.1,2,1,3247.0,10,1,3246.9,4,1,3246.7,1,1,3246.6,54,4,3247.9,4,1,3248.0,39,2,3248.1,29,2,3248.2,35,3,3248.3,58,4
11536,2025-12-30 14:39:48+05:30,3247.9,1,3252.99,1699693,82560.0,109663.0,3250.0,3267.5,3239.8,3251.5,47105275,3576.6,2926.4,4322.95,2866.6,3247.1,2,1,3247.0,10,1,3246.9,4,1,3246.7,1,1,3246.6,54,4,3247.9,4,1,3248.0,39,2,3248.1,29,2,3248.2,35,3,3248.3,58,4
11536,2025-12-30 14:39:49+05:30,3248.0,33,3252.99,1699791,82913.0,109607.0,3250.0,3267.5,3239.8,3251.5,47105275,3576.6,2926.4,4322.95,2866.6,3247.1,12,2,3247.0,10,1,3246.9,4,1,3246.8,31,2,3246.7,62,2,3247.9,7,1,3248.0,17,2,3248.1,68,3,3248.2,47,2,3248.3,40,1
11536,2025-12-30 14:39:49+05:30,3248.0,33,3252.99,1699791,82913.0,109607.0,3250.0,3267.5,3239.8,3251.5,47105275,3576.6,2926.4,4322.95,2866.6,3247.1,12,2,3247.0,10,1,3246.9,4,1,3246.8,31,2,3246.7,62,2,3247.9,7,1,3248.0,17,2,3248.1,68,3,3248.2,47,2,3248.3,40,1
11536,2025-12-30 14:39:50+05:30,3248.0,32,3252.99,1699840,82770.0,109410.0,3250.0,3267.5,3239.8,3251.5,47105275,3576.6,2926.4,4322.95,2866.6,3247.1,49,2,3247.0,10,1,3246.9,4,1,3246.8,57,3,3246.7,4,2,3248.2,32,2,3248.3,100,3,3248.4,89,2,3248.5,17,1,3248.6,136,6
11536,2025-12-30 14:39:50+05:30,3248.0,32,3252.99,1699840,82770.0,109410.0,3250.0,3267.5,3239.8,3251.5,47105275,3576.6,2926.4,4322.95,2866.6,3247.1,49,2,3247.0,10,1,3246.9,4,1,3246.8,57,3,3246.7,4,2,3248.2,32,2,3248.3,100,3,3248.4,89,2,3248.5,17,1,3248.6,136,6
11536,2025-12-30 14:39:51+05:30,3248.3,4,3252.99,1699922,82126.0,109430.0,3250.0,3267.5,3239.8,3251.5,47105275,3576.6,2926.4,4322.95,2866.6,3247.1,79,3,3247.0,10,1,3246.9,4,1,3246.8,76,4,3246.7,41,2,3248.3,83,4,3248.4,22,1,3248.5,51,2,3248.6,300,8,3248.7,97,5
11536,2025-12-30 14:39:51+05:30,3248.3,2,3252.99,1699922,82126.0,109430.0,3250.0,3267.5,3239.8,3251.5,47105275,3576.6,2926.4,4322.95,2866.6,3247.1,79,3,3247.0,10,1,3246.9,4,1,3246.8,76,4,3246.7,41,2,3248.3,83,4,3248.4,22,1,3248.5,51,2,3248.6,300,8,3248.7,97,5
11536,2025-12-30 14:39:52+05:30,3248.4,1,3252.99,1700218,82759.0,109669.0,3250.0,3267.5,3239.8,3251.5,47105275,3576.6,2926.4,4322.95,2866.6,3247.1,79,3,3247.0,10,1,3246.9,4,1,3246.8,40,2,3246.6,230,5,3248.4,60,5,3248.5,78,4,3248.6,162,5,3248.7,110,4,3248.8,142,6
11536,2025-12-30 14:39:52+05:30,3248.4,1,3252.99,1700218,82759.0,109669.0,3250.0,3267.5,3239.8,3251.5,47105275,3576.6,2926.4,4322.95,2866.6,3247.1,79,3,3247.0,10,1,3246.9,4,1,3246.8,40,2,3246.6,230,5,3248.4,60,5,3248.5,78,4,3248.6,162,5,3248.7,110,4,3248.8,142,6
11536,2025-12-30 14:39:53+05:30,3248.4,56,3252.99,1700334,82850.0,109973.0,3250.0,3267.5,3239.8,3251.5,47105275,3576.6,2926.4,4322.95,2866.6,3247.1,49,2,3247.0,51,3,3246.9,30,2,3246.8,80,3,3246.7,3,1,3248.4,99,6,3248.5,170,2,3248.6,204,6,3248.7,91,3,3248.8,200,7
11536,2025-12-30 14:39:53+05:30,3248.4,56,3252.99,1700334,82850.0,109973.0,3250.0,3267.5,3239.8,3251.5,47105275,3576.6,2926.4,4322.95,2866.6,3247.1,49,2,3247.0,51,3,3246.9,30,2,3246.8,80,3,3246.7,3,1,3248.4,99,6,3248.5,170,2,3248.6,204,6,3248.7,91,3,3248.8,200,7
11536,2025-12-30 14:39:54+05:30,3248.4,51,3252.99,1700512,82893.0,109427.0,3250.0,3267.5,3239.8,3251.5,47105275,3576.6,2926.4,4322.95,2866.6,3247.1,49,2,3247.0,107,5,3246.9,30,2,3246.8,80,3,3246.7,14,2,3248.4,57,4,3248.5,56,2,3248.6,28,2,3248.7,95,4,3248.8,103,6
11536,2025-12-30 14:39:54+05:30,3248.3,1,3252.99,1700512,82893.0,109427.0,3250.0,3267.5,3239.8,3251.5,47105275,3576.6,2926.4,4322.95,2866.6,3247.1,49,2,3247.0,107,5,3246.9,30,2,3246.8,80,3,3246.7,14,2,3248.4,57,4,3248.5,56,2,3248.6,28,2,3248.7,95,4,3248.8,103,6
11536,2025-12-30 14:39:55+05:30,3248.3,1,3252.99,1700514,82235.0,107022.0,3250.0,3267.5,3239.8,3251.5,47105275,3576.6,2926.4,4322.95,2866.6,3247.1,79,3,3247.0,56,3,3246.9,30,2,3246.8,61,2,3246.7,14,2,3248.3,30,1,3248.4,64,5,3248.5,15,1,3248.6,57,5,3248.7,161,6
11536,2025-12-30 14:39:55+05:30,3248.3,1,3252.99,1700514,82235.0,107022.0,3250.0,3267.5,3239.8,3251.5,47105275,3576.6,2926.4,4322.95,2866.6,3247.1,79,3,3247.0,56,3,3246.9,30,2,3246.8,61,2,3246.7,14,2,3248.3,30,1,3248.4,64,5,3248.5,15,1,3248.6,57,5,3248.7,161,6
11536,2025-12-30 14:39:56+05:30,3248.3,4,3252.98,1700602,82563.0,109642.0,3250.0,3267.5,3239.8,3251.5,47105275,3576.6,2926.4,4322.95,2866.6,3247.1,79,3,3247.0,56,3,3246.9,30,2,3246.8,61,2,3246.7,3,1,3248.3,11,2,3248.4,45,2,3248.5,3,1,3248.6,28,2,3248.7,131,5
11536,2025-12-30 14:39:56+05:30,3248.3,4,3252.98,1700602,82563.0,109642.0,3250.0,3267.5,3239.8,3251.5,47105275,3576.6,2926.4,4322.95,2866.6,3247.1,79,3,3247.0,56,3,3246.9,30,2,3246.8,61,2,3246.7,3,1,3248.3,11,2,3248.4,45,2,3248.5,3,1,3248.6,28,2,3248.7,131,5
11536,2025-12-30 14:39:57+05:30,3248.7,35,3252.98,1700842,84326.0,109281.0,3250.0,3267.5,3239.8,3251.5,47105275,3576.6,2926.4,4322.95,2866.6,3248.3,1,1,3247.5,64,1,3247.4,77,3,3247.3,166,5,3247.2,212,7,3248.8,6,1,3248.9,35,2,3249.1,75,3,3249.2,185,2,3249.3,72,2
11536,2025-12-30 14:39:57+05:30,3248.7,35,3252.98,1700842,84326.0,109281.0,3250.0,3267.5,3239.8,3251.5,47105275,3576.6,2926.4,4322.95,2866.6,3248.3,1,1,3247.5,64,1,3247.4,77,3,3247.3,166,5,3247.2,212,7,3248.8,6,1,3248.9,35,2,3249.1,75,3,3249.2,185,2,3249.3,72,2
11536,2025-12-30 14:39:58+05:30,3248.3,39,3252.98,1700951,84568.0,109078.0,3250.0,3267.5,3239.8,3251.5,47105275,3576.6,2926.4,4322.95,2866.6,3248.3,417,2,3247.8,21,1,3247.6,84,5,3247.5,17,1,3247.4,192,5,3248.8,14,1,3249.0,10,1,3249.1,30,1,3249.3,35,1,3249.4,74,3
11536,2025-12-30 14:39:58+05:30,3248.3,39,3252.98,1700951,84568.0,109078.0,3250.0,3267.5,3239.8,3251.5,47105275,3576.6,2926.4,4322.95,2866.6,3248.3,417,2,3247.8,21,1,3247.6,84,5,3247.5,17,1,3247.4,192,5,3248.8,14,1,3249.0,10,1,3249.1,30,1,3249.3,35,1,3249.4,74,3
11536,2025-12-30 14:39:59+05:30,3248.8,18,3252.98,1700983,84147.0,109049.0,3250.0,3267.5,3239.8,3251.5,47105275,3576.6,2926.4,4322.95,2866.6,3248.6,30,1,3248.3,417,2,3247.8,21,1,3247.6,46,3,3247.5,35,1,3249.2,87,4,3249.3,31,2,3249.4,64,2,3249.5,58,3,3249.6,40,2
11536,2025-12-30 14:39:59+05:30,3248.8,18,3252.98,1700983,84147.0,109049.0,3250.0,3267.5,3239.8,3251.5,47105275,3576.6,2926.4,4322.95,2866.6,3248.6,30,1,3248.3,417,2,3247.8,21,1,3247.6,46,3,3247.5,35,1,3249.2,87,4,3249.3,31,2,3249.4,64,2,3249.5,58,3,3249.6,40,2
11536,2025-12-30 14:40:00+05:30,3249.2,15,3252.98,1701038,84122.0,109043.0,3250.0,3267.5,3239.8,3251.5,47105275,3576.6,2926.4,4322.95,2866.6,3248.6,37,2,3248.3,418,3,3247.8,21,1,3247.6,46,3,3247.5,35,1,3249.2,42,3,3249.3,29,1,3249.4,47,3,3249.5,73,4,3249.6,192,2
11536,2025-12-30 14:40:00+05:30,3249.2,15,3252.98,1701038,84122.0,109043.0,3250.0,3267.5,3239.8,3251.5,47105275,3576.6,2926.4,4322.95,2866.6,3248.6,37,2,3248.3,418,3,3247.8,21,1,3247.6,46,3,3247.5,35,1,3249.2,42,3,3249.3,29,1,3249.4,47,3,3249.5,73,4,3249.6,192,2
11536,2025-12-30 14:40:01+05:30,3248.6,29,3252.98,1701302,80749.0,108758.0,3250.0,3267.5,3239.8,3251.5,47105275,3576.6,2926.4,4322.95,2866.6,3248.6,8,2,3248.3,418,3,3247.8,21,1,3247.6,65,4,3247.4,192,5,3249.3,109,6,3249.5,117,4,3249.6,332,7,3249.7,160,5,3249.8,125,6
11536,2025-12-30 14:40:01+05:30,3248.6,29,3252.98,1701302,80749.0,108758.0,3250.0,3267.5,3239.8,3251.5,47105275,3576.6,2926.4,4322.95,2866.6,3248.6,8,2,3248.3,418,3,3247.8,21,1,3247.6,65,4,3247.4,192,5,3249.3,109,6,3249.5,117,4,3249.6,332,7,3249.7,160,5,3249.8,125,6
11536,2025-12-30 14:40:02+05:30,3248.4,62,3252.98,1702522,82790.0,107325.0,3250.0,3267.5,3239.8,3251.5,47105275,3576.6,2926.4,4322.95,2866.6,3248.3,147,3,3248.2,45,2,3248.1,61,2,3248.0,75,2,3247.9,83,3,3249.5,49,3,3249.6,35,1,3249.7,21,1,3249.8,20,1,3249.9,209,3
11536,2025-12-30 14:40:02+05:30,3248.4,62,3252.98,1702522,82790.0,107325.0,3250.0,3267.5,3239.8,3251.5,47105275,3576.6,2926.4,4322.95,2866.6,3248.3,147,3,3248.2,45,2,3248.1,61,2,3248.0,75,2,3247.9,83,3,3249.5,49,3,3249.6,35,1,3249.7,21,1,3249.8,20,1,3249.9,209,3
11536,2025-12-30 14:40:03+05:30,3248.3,10,3252.98,1702522,82790.0,107325.0,3250.0,3267.5,3239.8,3251.5,47105275,3576.6,2926.4,4322.95,2866.6,3248.3,147,3,3248.2,45,2,3248.1,61,2,3248.0,75,2,3247.9,83,3,3249.5,49,3,3249.6,35,1,3249.7,21,1,3249.8,20,1,3249.9,209,3
11536,2025-12-30 14:40:03+05:30,3248.3,10,3252.98,1702639,84063.0,105635.0,3250.0,3267.5,3239.8,3251.5,47105275,3576.6,2926.4,4322.95,2866.6,3248.3,208,5,3248.1,50,2,3248.0,94,3,3247.9,56,2,3247.8,25,2,3249.4,81,3,3249.5,55,3,3249.6,6,1,3249.7,119,6,3249.8,77,4
11536,2025-12-30 14:40:04+05:30,3249.4,6,3252.98,1702639,84063.0,105635.0,3250.0,3267.5,3239.8,3251.5,47105275,3576.6,2926.4,4322.95,2866.6,3248.3,208,5,3248.1,50,2,3248.0,94,3,3247.9,56,2,3247.8,25,2,3249.4,81,3,3249.5,55,3,3249.6,6,1,3249.7,119,6,3249.8,77,4
11536,2025-12-30 14:40:04+05:30,3249.4,6,3252.98,1702832,83425.0,107949.0,3250.0,3267.5,3239.8,3251.5,47105275,3576.6,2926.4,4322.95,2866.6,3248.3,159,6,3248.2,79,3,3248.1,30,2,3248.0,102,4,3247.9,97,3,3249.4,16,2,3249.5,50,2,3249.6,39,3,3249.7,26,1,3249.8,51,2
11536,2025-12-30 14:40:05+05:30,3249.4,19,3252.98,1702832,83425.0,107949.0,3250.0,3267.5,3239.8,3251.5,47105275,3576.6,2926.4,4322.95,2866.6,3248.3,159,6,3248.2,79,3,3248.1,30,2,3248.0,102,4,3247.9,97,3,3249.4,16,2,3249.5,50,2,3249.6,39,3,3249.7,26,1,3249.8,51,2
11536,2025-12-30 14:40:05+05:30,3249.4,19,3252.98,1702857,83759.0,107839.0,3250.0,3267.5,3239.8,3251.5,47105275,3576.6,2926.4,4322.95,2866.6,3248.4,61,3,3248.3,242,8,3248.2,44,2,3248.1,104,4,3248.0,158,6,3249.4,10,1,3249.6,39,3,3249.7,16,2,3249.8,49,1,3249.9,86,3
11536,2025-12-30 14:40:06+05:30,3249.8,3,3252.98,1702857,83759.0,107839.0,3250.0,3267.5,3239.8,3251.5,47105275,3576.6,2926.4,4322.95,2866.6,3248.4,61,3,3248.3,242,8,3248.2,44,2,3248.1,104,4,3248.0,158,6,3249.4,10,1,3249.6,39,3,3249.7,16,2,3249.8,49,1,3249.9,86,3
11536,2025-12-30 14:40:07+05:30,3249.8,3,3252.98,1703599,85482.0,107376.0,3250.0,3267.5,3239.8,3251.5,47105275,3576.6,2926.4,4322.95,2866.6,3249.4,400,1,3248.5,38,2,3248.4,20,1,3248.3,575,7,3248.2,108,4,3249.9,57,2,3250.0,213,2,3250.1,67,3,3250.2,34,2,3250.3,34,2
11536,2025-12-30 14:40:07+05:30,3249.9,16,3252.98,1703599,85482.0,107376.0,3250.0,3267.5,3239.8,3251.5,47105275,3576.6,2926.4,4322.95,2866.6,3249.4,400,1,3248.5,38,2,3248.4,20,1,3248.3,575,7,3248.2,108,4,3249.9,57,2,3250.0,213,2,3250.1,67,3,3250.2,34,2,3250.3,34,2
11536,2025-12-30 14:40:08+05:30,3249.9,16,3252.98,1703689,84980.0,107369.0,3250.0,3267.5,3239.8,3251.5,47105275,3576.6,2926.4,4322.95,2866.6,3249.9,9,2,3249.4,396,2,3248.6,106,3,3248.5,110,3,3248.4,109,4,3250.0,210,1,3250.1,83,3,3250.2,19,1,3250.3,31,1,3250.4,73,2
11536,2025-12-30 14:40:08+05:30,3249.9,3,3252.98,1703689,84980.0,107369.0,3250.0,3267.5,3239.8,3251.5,47105275,3576.6,2926.4,4322.95,2866.6,3249.9,9,2,3249.4,396,2,3248.6,106,3,3248.5,110,3,3248.4,109,4,3250.0,210,1,3250.1,83,3,3250.2,19,1,3250.3,31,1,3250.4,73,2
11536,2025-12-30 14:40:09+05:30,3249.9,22,3252.98,1703729,84394.0,105295.0,3250.0,3267.5,3239.8,3251.5,47105275,3576.6,2926.4,4322.95,2866.6,3249.9,41,1,3249.4,400,4,3248.6,106,3,3248.5,105,2,3248.4,109,4,3250.0,210,1,3250.1,54,2,3250.2,19,1,3250.3,31,1,3250.4,102,3
11536,2025-12-30 14:40:09+05:30,3249.9,17,3252.98,1703729,84394.0,105295.0,3250.0,3267.5,3239.8,3251.5,47105275,3576.6,2926.4,4322.95,2866.6,3249.9,41,1,3249.4,400,4,3248.6,106,3,3248.5,105,2,3248.4,109,4,3250.0,210,1,3250.1,54,2,3250.2,19,1,3250.3,31,1,3250.4,102,3
11536,2025-12-30 14:40:09+05:30,3249.9,17,3252.98,1703898,81995.0,108259.0,3250.0,3267.5,3239.8,3251.5,47105275,3576.6,2926.4,4322.95,2866.6,3249.9,77,2,3249.4,400,4,3248.8,20,1,3248.7,35,1,3248.6,71,2,3250.0,58,1,3250.1,19,1,3250.2,19,1,3250.3,60,2,3250.4,73,2
11536,2025-12-30 14:40:10+05:30,3250.0,15,3252.98,1703898,81995.0,108259.0,3250.0,3267.5,3239.8,3251.5,47105275,3576.6,2926.4,4322.95,2866.6,3249.9,77,2,3249.4,400,4,3248.8,20,1,3248.7,35,1,3248.6,71,2,3250.0,58,1,3250.1,19,1,3250.2,19,1,3250.3,60,2,3250.4,73,2
11536,2025-12-30 14:40:11+05:30,3249.9,80,3252.98,1704149,84770.0,108309.0,3250.0,3267.5,3239.8,3251.5,47105275,3576.6,2926.4,4322.95,2866.6,3249.9,63,1,3249.4,400,4,3248.8,39,2,3248.7,35,1,3248.6,97,3,3250.0,43,1,3250.1,19,1,3250.2,3,1,3250.3,60,2,3250.4,73,2
11536,2025-12-30 14:40:11+05:30,3249.9,1,3252.98,1704149,84770.0,108309.0,3250.0,3267.5,3239.8,3251.5,47105275,3576.6,2926.4,4322.95,2866.6,3249.9,63,1,3249.4,400,4,3248.8,39,2,3248.7,35,1,3248.6,97,3,3250.0,43,1,3250.1,19,1,3250.2,3,1,3250.3,60,2,3250.4,73,2
11536,2025-12-30 14:40:12+05:30,3249.9,1,3252.98,1704153,84816.0,108295.0,3250.0,3267.5,3239.8,3251.5,47105275,3576.6,2926.4,4322.95,2866.6,3249.9,102,3,3249.4,400,4,3248.8,39,2,3248.7,41,2,3248.6,97,3,3250.0,40,1,3250.1,19,1,3250.2,3,1,3250.3,60,2,3250.4,73,2
11536,2025-12-30 14:40:12+05:30,3250.0,2,3252.98,1704153,84816.0,108295.0,3250.0,3267.5,3239.8,3251.5,47105275,3576.6,2926.4,4322.95,2866.6,3249.9,102,3,3249.4,400,4,3248.8,39,2,3248.7,41,2,3248.6,97,3,3250.0,40,1,3250.1,19,1,3250.2,3,1,3250.3,60,2,3250.4,73,2
11536,2025-12-30 14:40:13+05:30,3250.0,130,3252.98,1704324,84592.0,108215.0,3250.0,3267.5,3239.8,3251.5,47105275,3576.6,2926.4,4322.95,2866.6,3250.0,63,1,3249.9,42,3,3249.4,400,4,3248.8,41,3,3248.7,28,1,3250.1,16,1,3250.2,3,1,3250.3,41,2,3250.4,68,2,3250.5,86,4
11536,2025-12-30 14:40:13+05:30,3250.0,5,3252.98,1704324,84592.0,108215.0,3250.0,3267.5,3239.8,3251.5,47105275,3576.6,2926.4,4322.95,2866.6,3250.0,63,1,3249.9,42,3,3249.4,400,4,3248.8,41,3,3248.7,28,1,3250.1,16,1,3250.2,3,1,3250.3,41,2,3250.4,68,2,3250.5,86,4
11536,2025-12-30 14:40:14+05:30,3250.0,5,3252.98,1704329,84452.0,108507.0,3250.0,3267.5,3239.8,3251.5,47105275,3576.6,2926.4,4322.95,2866.6,3250.0,66,3,3249.9,46,4,3249.4,400,4,3249.3,9,1,3248.8,22,2,3250.1,16,1,3250.2,73,6,3250.3,90,4,3250.4,59,2,3250.5,109,5
11536,2025-12-30 14:40:14+05:30,3250.0,18,3252.98,1704329,84452.0,108507.0,3250.0,3267.5,3239.8,3251.5,47105275,3576.6,2926.4,4322.95,2866.6,3250.0,66,3,3249.9,46,4,3249.4,400,4,3249.3,9,1,3248.8,22,2,3250.1,16,1,3250.2,73,6,3250.3,90,4,3250.4,59,2,3250.5,109,5
11536,2025-12-30 14:40:15+05:30,3250.1,1,3252.98,1704487,84492.0,108546.0,3250.0,3267.5,3239.8,3251.5,47105275,3576.6,2926.4,4322.95,2866.6,3250.0,53,3,3249.9,48,5,3249.4,400,4,3249.3,9,1,3248.8,41,3,3250.1,36,3,3250.2,82,5,3250.3,96,4,3250.4,59,2,3250.5,73,4
11536,2025-12-30 14:40:15+05:30,3250.1,1,3252.98,1704487,84492.0,108546.0,3250.0,3267.5,3239.8,3251.5,47105275,3576.6,2926.4,4322.95,2866.6,3250.0,53,3,3249.9,48,5,3249.4,400,4,3249.3,9,1,3248.8,41,3,3250.1,36,3,3250.2,82,5,3250.3,96,4,3250.4,59,2,3250.5,73,4
11536,2025-12-30 14:40:16+05:30,3250.1,1,3252.98,1704488,84908.0,108524.0,3250.0,3267.5,3239.8,3251.5,47105275,3576.6,2926.4,4322.95,2866.6,3250.0,53,3,3249.9,59,6,3249.4,400,4,3248.8,41,3,3248.7,62,2,3250.1,30,3,3250.2,85,5,3250.3,77,3,3250.4,59,2,3250.5,73,4
11536,2025-12-30 14:40:16+05:30,3250.1,1,3252.98,1704488,84908.0,108524.0,3250.0,3267.5,3239.8,3251.5,47105275,3576.6,2926.4,4322.95,2866.6,3250.0,53,3,3249.9,59,6,3249.4,400,4,3248.8,41,3,3248.7,62,2,3250.1,30,3,3250.2,85,5,3250.3,77,3,3250.4,59,2,3250.5,73,4
11536,2025-12-30 14:40:17+05:30,3250.1,1,3252.98,1704489,84554.0,108174.0,3250.0,3267.5,3239.8,3251.5,47105275,3576.6,2926.4,4322.95,2866.6,3250.0,53,3,3249.9,59,6,3249.4,400,4,3248.8,41,3,3248.7,62,2,3250.1,30,4,3250.2,85,5,3250.3,77,3,3250.4,59,2,3250.5,73,4
11536,2025-12-30 14:40:17+05:30,3249.4,259,3252.98,1704489,84554.0,108174.0,3250.0,3267.5,3239.8,3251.5,47105275,3576.6,2926.4,4322.95,2866.6,3250.0,53,3,3249.9,59,6,3249.4,400,4,3248.8,41,3,3248.7,62,2,3250.1,30,4,3250.2,85,5,3250.3,77,3,3250.4,59,2,3250.5,73,4
11536,2025-12-30 14:40:18+05:30,3249.4,259,3252.97,1705586,83838.0,108181.0,3250.0,3267.5,3239.8,3251.5,47105275,3576.6,2926.4,4322.95,2866.6,3249.4,159,5,3248.8,21,2,3248.7,33,2,3248.6,78,3,3248.5,140,3,3250.1,16,1,3250.2,46,2,3250.3,95,4,3250.4,38,1,3250.5,20,1
11536,2025-12-30 14:40:18+05:30,3249.4,1,3252.97,1705586,83838.0,108181.0,3250.0,3267.5,3239.8,3251.5,47105275,3576.6,2926.4,4322.95,2866.6,3249.4,159,5,3248.8,21,2,3248.7,33,2,3248.6,78,3,3248.5,140,3,3250.1,16,1,3250.2,46,2,3250.3,95,4,3250.4,38,1,3250.5,20,1
11536,2025-12-30 14:40:19+05:30,3249.4,1,3252.97,1705823,81752.0,108290.0,3250.0,3267.5,3239.8,3251.5,47105275,3576.6,2926.4,4322.95,2866.6,3249.4,431,6,3249.1,52,1,3248.8,71,3,3248.7,27,1,3248.6,78,3,3250.0,43,3,3250.1,52,2,3250.2,16,1,3250.3,31,1,3250.4,38,1
11536,2025-12-30 14:40:19+05:30,3250.1,7,3252.97,1705823,81752.0,108290.0,3250.0,3267.5,3239.8,3251.5,47105275,3576.6,2926.4,4322.95,2866.6,3249.4,431,6,3249.1,52,1,3248.8,71,3,3248.7,27,1,3248.6,78,3,3250.0,43,3,3250.1,52,2,3250.2,16,1,3250.3,31,1,3250.4,38,1
11536,2025-12-30 14:40:20+05:30,3250.1,7,3252.97,1705969,83227.0,108060.0,3250.0,3267.5,3239.8,3251.5,47105275,3576.6,2926.4,4322.95,2866.6,3249.4,381,6,3249.1,52,1,3248.8,71,3,3248.7,27,1,3248.6,78,3,3250.1,46,4,3250.2,64,3,3250.3,50,2,3250.4,38,1,3250.5,20,1
11536,2025-12-30 14:40:20+05:30,3249.2,6,3252.97,1705969,83227.0,108060.0,3250.0,3267.5,3239.8,3251.5,47105275,3576.6,2926.4,4322.95,2866.6,3249.4,381,6,3249.1,52,1,3248.8,71,3,3248.7,27,1,3248.6,78,3,3250.1,46,4,3250.2,64,3,3250.3,50,2,3250.4,38,1,3250.5,20,1
11536,2025-12-30 14:40:21+05:30,3249.2,6,3252.97,1706794,82908.0,108957.0,3250.0,3267.5,3239.8,3251.5,47105275,3576.6,2926.4,4322.95,2866.6,3248.8,2,1,3248.6,7,1,3248.4,19,1,3248.3,29,2,3248.1,77,2,3249.2,16,2,3249.3,40,3,3249.4,41,3,3249.5,56,3,3249.6,98,6
11536,2025-12-30 14:40:21+05:30,3249.2,32,3252.97,1706794,82908.0,108957.0,3250.0,3267.5,3239.8,3251.5,47105275,3576.6,2926.4,4322.95,2866.6,3248.8,2,1,3248.6,7,1,3248.4,19,1,3248.3,29,2,3248.1,77,2,3249.2,16,2,3249.3,40,3,3249.4,41,3,3249.5,56,3,3249.6,98,6
11536,2025-12-30 14:40:22+05:30,3249.6,22,3252.97,1707024,82172.0,108398.0,3250.0,3267.5,3239.8,3251.5,47105275,3576.6,2926.4,4322.95,2866.6,3248.8,2,1,3248.6,7,1,3248.4,19,1,3248.3,29,2,3248.1,80,2,3249.4,16,1,3249.5,55,2,3249.6,134,9,3249.7,39,2,3249.8,29,1
11536,2025-12-30 14:40:22+05:30,3249.4,20,3252.97,1707024,82172.0,108398.0,3250.0,3267.5,3239.8,3251.5,47105275,3576.6,2926.4,4322.95,2866.6,3248.8,2,1,3248.6,7,1,3248.4,19,1,3248.3,29,2,3248.1,80,2,3249.4,16,1,3249.5,55,2,3249.6,134,9,3249.7,39,2,3249.8,29,1
11536,2025-12-30 14:40:23+05:30,3249.4,20,3252.97,1707215,83220.0,108477.0,3250.0,3267.5,3239.8,3251.5,47105275,3576.6,2926.4,4322.95,2866.6,3248.4,30,1,3248.3,70,4,3248.2,177,5,3248.1,80,2,3248.0,78,4,3249.4,10,1,3249.5,26,2,3249.6,68,6,3249.7,22,2,3249.9,162,8
11536,2025-12-30 14:40:24+05:30,3249.4,20,3252.97,1707215,83573.0,108281.0,3250.0,3267.5,3239.8,3251.5,47105275,3576.6,2926.4,4322.95,2866.6,3248.4,30,1,3248.3,70,4,3248.2,180,6,3248.1,80,2,3248.0,80,5,3249.5,26,2,3249.6,68,6,3249.7,3,1,3249.9,131,7,3250.0,27,2
11536,2025-12-30 14:40:24+05:30,3249.5,10,3252.97,1707215,83573.0,108281.0,3250.0,3267.5,3239.8,3251.5,47105275,3576.6,2926.4,4322.95,2866.6,3248.4,30,1,3248.3,70,4,3248.2,180,6,3248.1,80,2,3248.0,80,5,3249.5,26,2,3249.6,68,6,3249.7,3,1,3249.9,131,7,3250.0,27,2
11536,2025-12-30 14:40:24+05:30,3249.5,10,3252.97,1707241,83397.0,108242.0,3250.0,3267.5,3239.8,3251.5,47105275,3576.6,2926.4,4322.95,2866.6,3249.5,2,1,3248.5,15,1,3248.4,214,4,3248.3,42,4,3248.2,229,8,3249.6,52,4,3249.7,3,1,3249.8,50,2,3249.9,158,9,3250.0,5,1
11536,2025-12-30 14:40:25+05:30,3249.5,7,3252.97,1707241,83397.0,108242.0,3250.0,3267.5,3239.8,3251.5,47105275,3576.6,2926.4,4322.95,2866.6,3249.5,2,1,3248.5,15,1,3248.4,214,4,3248.3,42,4,3248.2,229,8,3249.6,52,4,3249.7,3,1,3249.8,50,2,3249.9,158,9,3250.0,5,1
11536,2025-12-30 14:40:25+05:30,3248.4,1,3252.97,1707336,82403.0,108707.0,3250.0,3267.5,3239.8,3251.5,47105275,3576.6,2926.4,4322.95,2866.6,3248.4,18,1,3248.3,24,2,3248.2,30,2,3248.1,52,1,3248.0,24,3,3249.3,16,1,3249.4,102,4,3249.5,49,4,3249.6,62,5,3249.8,134,4
11536,2025-12-30 14:40:26+05:30,3248.4,138,3252.97,1707336,82403.0,108707.0,3250.0,3267.5,3239.8,3251.5,47105275,3576.6,2926.4,4322.95,2866.6,3248.4,18,1,3248.3,24,2,3248.2,30,2,3248.1,52,1,3248.0,24,3,3249.3,16,1,3249.4,102,4,3249.5,49,4,3249.6,62,5,3249.8,134,4
11536,2025-12-30 14:40:26+05:30,3248.4,138,3252.97,1707492,83289.0,108737.0,3250.0,3267.5,3239.8,3251.5,47105275,3576.6,2926.4,4322.95,2866.6,3248.4,33,1,3248.3,24,2,3248.2,30,2,3248.0,24,3,3247.9,78,2,3249.3,47,2,3249.4,70,3,3249.5,37,3,3249.6,48,5,3249.7,75,3
11536,2025-12-30 14:40:27+05:30,3249.2,3,3252.97,1707492,83289.0,108737.0,3250.0,3267.5,3239.8,3251.5,47105275,3576.6,2926.4,4322.95,2866.6,3248.4,33,1,3248.3,24,2,3248.2,30,2,3248.0,24,3,3247.9,78,2,3249.3,47,2,3249.4,70,3,3249.5,37,3,3249.6,48,5,3249.7,75,3
11536,2025-12-30 14:40:27+05:30,3249.2,3,3252.97,1707499,83338.0,108943.0,3250.0,3267.5,3239.8,3251.5,47105275,3576.6,2926.4,4322.95,2866.6,3248.3,24,2,3248.2,36,2,3248.0,24,3,3247.9,50,1,3247.8,30,3,3249.2,86,4,3249.3,26,3,3249.4,38,3,3249.5,194,3,3249.6,194,10
11536,2025-12-30 14:40:28+05:30,3248.3,18,3252.97,1707499,83338.0,108943.0,3250.0,3267.5,3239.8,3251.5,47105275,3576.6,2926.4,4322.95,2866.6,3248.3,24,2,3248.2,36,2,3248.0,24,3,3247.9,50,1,3247.8,30,3,3249.2,86,4,3249.3,26,3,3249.4,38,3,3249.5,194,3,3249.6,194,10
11536,2025-12-30 14:40:29+05:30,3248.3,18,3252.97,1707541,83226.0,109034.0,3250.0,3267.5,3239.8,3251.5,47105275,3576.6,2926.4,4322.95,2866.6,3248.3,44,3,3248.2,3,1,3248.0,24,3,3247.8,9,2,3247.6,112,5,3249.1,117,6,3249.2,12,1,3249.3,22,3,3249.4,85,4,3249.5,247,5
11536,2025-12-30 14:40:30+05:30,3248.3,33,3252.97,1707696,83295.0,109175.0,3250.0,3267.5,3239.8,3251.5,47105275,3576.6,2926.4,4322.95,2866.6,3248.3,62,3,3248.2,3,1,3248.0,24,3,3247.8,9,2,3247.6,112,5,3249.1,106,5,3249.2,12,1,3249.3,41,4,3249.4,129,5,3249.5,247,5
11536,2025-12-30 14:40:30+05:30,3248.3,9,3252.97,1707696,83295.0,109175.0,3250.0,3267.5,3239.8,3251.5,47105275,3576.6,2926.4,4322.95,2866.6,3248.3,62,3,3248.2,3,1,3248.0,24,3,3247.8,9,2,3247.6,112,5,3249.1,106,5,3249.2,12,1,3249.3,41,4,3249.4,129,5,3249.5,247,5
11536,2025-12-30 14:40:31+05:30,3249.1,2,3252.97,1707737,83145.0,109206.0,3250.0,3267.5,3239.8,3251.5,47105275,3576.6,2926.4,4322.95,2866.6,3248.4,24,1,3248.3,29,2,3248.2,3,1,3248.0,5,2,3247.8,9,2,3249.1,140,8,3249.2,28,2,3249.3,22,3,3249.4,175,6,3249.5,201,4
11536,2025-12-30 14:40:31+05:30,3249.1,2,3252.97,1707737,83145.0,109206.0,3250.0,3267.5,3239.8,3251.5,47105275,3576.6,2926.4,4322.95,2866.6,3248.4,24,1,3248.3,29,2,3248.2,3,1,3248.0,5,2,3247.8,9,2,3249.1,140,8,3249.2,28,2,3249.3,22,3,3249.4,175,6,3249.5,201,4
11536,2025-12-30 14:40:32+05:30,3247.8,39,3252.97,1708084,82440.0,109159.0,3250.0,3267.5,3239.8,3251.5,47105275,3576.6,2926.4,4322.95,2866.6,3247.4,20,1,3247.2,66,3,3247.1,18,3,3247.0,83,3,3246.9,150,4,3247.8,6,1,3248.8,92,3,3248.9,172,1,3249.0,166,5,3249.1,136,6
11536,2025-12-30 14:40:32+05:30,3247.8,39,3252.97,1708084,82440.0,109159.0,3250.0,3267.5,3239.8,3251.5,47105275,3576.6,2926.4,4322.95,2866.6,3247.4,20,1,3247.2,66,3,3247.1,18,3,3247.0,83,3,3246.9,150,4,3247.8,6,1,3248.8,92,3,3248.9,172,1,3249.0,166,5,3249.1,136,6
11536,2025-12-30 14:40:33+05:30,3247.8,1,3252.97,1708090,84428.0,109030.0,3250.0,3267.5,3239.8,3251.5,47105275,3576.6,2926.4,4322.95,2866.6,3247.4,48,2,3247.3,39,2,3247.2,72,3,3247.1,18,3,3247.0,53,2,3247.8,120,2,3248.8,31,2,3248.9,99,3,3249.0,205,3,3249.1,165,6
11536,2025-12-30 14:40:33+05:30,3247.8,1,3252.97,1708090,84428.0,109030.0,3250.0,3267.5,3239.8,3251.5,47105275,3576.6,2926.4,4322.95,2866.6,3247.4,48,2,3247.3,39,2,3247.2,72,3,3247.1,18,3,3247.0,53,2,3247.8,120,2,3248.8,31,2,3248.9,99,3,3249.0,205,3,3249.1,165,6
11536,2025-12-30 14:40:34+05:30,3247.3,2,3252.97,1708305,82619.0,107992.0,3250.0,3267.5,3239.8,3251.5,47105275,3576.6,2926.4,4322.95,2866.6,3247.3,13,1,3247.2,42,2,3247.1,43,3,3247.0,83,3,3246.9,183,5,3247.8,63,1,3248.8,31,2,3248.9,99,3,3249.0,205,3,3249.1,198,8
11536,2025-12-30 14:40:34+05:30,3247.3,2,3252.97,1708305,82619.0,107992.0,3250.0,3267.5,3239.8,3251.5,47105275,3576.6,2926.4,4322.95,2866.6,3247.3,13,1,3247.2,42,2,3247.1,43,3,3247.0,83,3,3246.9,183,5,3247.8,63,1,3248.8,31,2,3248.9,99,3,3249.0,205,3,3249.1,198,8
11536,2025-12-30 14:40:35+05:30,3247.2,19,3252.97,1708397,84279.0,110179.0,3250.0,3267.5,3239.8,3251.5,47105275,3576.6,2926.4,4322.95,2866.6,3247.1,17,3,3246.9,25,1,3246.8,19,1,3246.7,30,1,3246.6,48,2,3247.2,87,1,3248.3,13,2,3248.4,111,2,3248.5,123,3,3248.6,265,4
11536,2025-12-30 14:40:35+05:30,3247.2,19,3252.97,1708397,84279.0,110179.0,3250.0,3267.5,3239.8,3251.5,47105275,3576.6,2926.4,4322.95,2866.6,3247.1,17,3,3246.9,25,1,3246.8,19,1,3246.7,30,1,3246.6,48,2,3247.2,87,1,3248.3,13,2,3248.4,111,2,3248.5,123,3,3248.6,265,4
11536,2025-12-30 14:40:36+05:30,3247.1,1,3252.97,1708398,84211.0,110266.0,3250.0,3267.5,3239.8,3251.5,47105275,3576.6,2926.4,4322.95,2866.6,3247.1,16,3,3246.9,25,1,3246.8,19,1,3246.7,30,1,3246.6,48,2,3247.2,87,1,3248.2,21,1,3248.3,13,2,3248.4,131,3,3248.5,130,4
11536,2025-12-30 14:40:36+05:30,3247.1,1,3252.97,1708398,84211.0,110266.0,3250.0,3267.5,3239.8,3251.5,47105275,3576.6,2926.4,4322.95,2866.6,3247.1,16,3,3246.9,25,1,3246.8,19,1,3246.7,30,1,3246.6,48,2,3247.2,87,1,3248.2,21,1,3248.3,13,2,3248.4,131,3,3248.5,130,4
11536,2025-12-30 14:40:37+05:30,3247.1,1,3252.97,1708398,83713.0,110039.0,3250.0,3267.5,3239.8,3251.5,47105275,3576.6,2926.4,4322.95,2866.6,3247.1,17,4,3246.6,39,1,3246.5,51,4,3246.4,19,1,3246.2,26,2,3247.2,87,1,3247.8,53,2,3247.9,31,2,3248.0,26,2,3248.1,100,4
11536,2025-12-30 14:40:38+05:30,3246.8,10,3252.97,1708398,83713.0,110039.0,3250.0,3267.5,3239.8,3251.5,47105275,3576.6,2926.4,4322.95,2866.6,3247.1,17,4,3246.6,39,1,3246.5,51,4,3246.4,19,1,3246.2,26,2,3247.2,87,1,3247.8,53,2,3247.9,31,2,3248.0,26,2,3248.1,100,4
11536,2025-12-30 14:40:39+05:30,3246.8,10,3252.96,1709187,81849.0,109108.0,3250.0,3267.5,3239.8,3251.5,47105275,3576.6,2926.4,4322.95,2866.6,3246.9,39,1,3246.8,56,2,3246.7,78,2,3246.6,529,10,3246.5,100,5,3248.2,35,1,3248.3,90,4,3248.4,77,2,3248.5,53,3,3248.6,59,4
11536,2025-12-30 14:40:39+05:30,3248.2,5,3252.96,1709340,82437.0,108536.0,3250.0,3267.5,3239.8,3251.5,47105275,3576.6,2926.4,4322.95,2866.6,3247.0,3,1,3246.8,71,3,3246.7,85,2,3246.6,496,8,3246.5,75,4,3248.2,79,4,3248.3,63,3,3248.4,16,1,3248.5,51,3,3248.6,59,3
11536,2025-12-30 14:40:39+05:30,3248.2,5,3252.96,1709340,82437.0,108536.0,3250.0,3267.5,3239.8,3251.5,47105275,3576.6,2926.4,4322.95,2866.6,3247.0,3,1,3246.8,71,3,3246.7,85,2,3246.6,496,8,3246.5,75,4,3248.2,79,4,3248.3,63,3,3248.4,16,1,3248.5,51,3,3248.6,59,3
11536,2025-12-30 14:40:40+05:30,3248.2,1,3252.96,1709340,82437.0,108536.0,3250.0,3267.5,3239.8,3251.5,47105275,3576.6,2926.4,4322.95,2866.6,3247.0,3,1,3246.8,71,3,3246.7,85,2,3246.6,496,8,3246.5,75,4,3248.2,79,4,3248.3,63,3,3248.4,16,1,3248.5,51,3,3248.6,59,3
11536,2025-12-30 14:40:41+05:30,3248.2,1,3252.96,1709341,82980.0,108553.0,3250.0,3267.5,3239.8,3251.5,47105275,3576.6,2926.4,4322.95,2866.6,3247.0,85,4,3246.9,155,5,3246.8,82,4,3246.7,56,2,3246.6,496,8,3248.2,66,3,3248.3,63,3,3248.5,80,4,3248.6,20,1,3248.7,57,2
11536,2025-12-30 14:40:41+05:30,3248.8,10,3252.96,1709341,82980.0,108553.0,3250.0,3267.5,3239.8,3251.5,47105275,3576.6,2926.4,4322.95,2866.6,3247.0,85,4,3246.9,155,5,3246.8,82,4,3246.7,56,2,3246.6,496,8,3248.2,66,3,3248.3,63,3,3248.5,80,4,3248.6,20,1,3248.7,57,2
11536,2025-12-30 14:40:42+05:30,3248.8,10,3252.96,1709691,79725.0,108891.0,3250.0,3267.5,3239.8,3251.5,47105275,3576.6,2926.4,4322.95,2866.6,3247.1,100,4,3247.0,107,7,3246.9,149,5,3246.8,57,3,3246.7,93,4,3248.3,21,1,3248.5,24,1,3248.7,61,1,3248.8,80,3,3249.0,176,7
11536,2025-12-30 14:40:42+05:30,3248.4,4,3252.96,1709691,79725.0,108891.0,3250.0,3267.5,3239.8,3251.5,47105275,3576.6,2926.4,4322.95,2866.6,3247.1,100,4,3247.0,107,7,3246.9,149,5,3246.8,57,3,3246.7,93,4,3248.3,21,1,3248.5,24,1,3248.7,61,1,3248.8,80,3,3249.0,176,7
11536,2025-12-30 14:40:43+05:30,3247.1,1,3252.96,1709852,82138.0,108977.0,3250.0,3267.5,3239.8,3251.5,47105275,3576.6,2926.4,4322.95,2866.6,3247.1,35,2,3247.0,49,5,3246.9,98,3,3246.8,101,5,3246.7,154,6,3248.4,93,4,3248.5,50,2,3248.7,61,1,3248.8,28,2,3249.0,110,5
11536,2025-12-30 14:40:43+05:30,3247.1,1,3252.96,1709852,82138.0,108977.0,3250.0,3267.5,3239.8,3251.5,47105275,3576.6,2926.4,4322.95,2866.6,3247.1,35,2,3247.0,49,5,3246.9,98,3,3246.8,101,5,3246.7,154,6,3248.4,93,4,3248.5,50,2,3248.7,61,1,3248.8,28,2,3249.0,110,5
11536,2025-12-30 14:40:44+05:30,3247.1,1,3252.96,1709852,82122.0,109020.0,3250.0,3267.5,3239.8,3251.5,47105275,3576.6,2926.4,4322.95,2866.6,3247.1,35,2,3247.0,49,5,3246.9,63,2,3246.8,82,4,3246.7,189,7,3248.4,93,4,3248.5,50,2,3248.7,61,1,3248.8,70,3,3248.9,253,3
11536,2025-12-30 14:40:44+05:30,3247.1,7,3252.96,1709852,82122.0,109020.0,3250.0,3267.5,3239.8,3251.5,47105275,3576.6,2926.4,4322.95,2866.6,3247.1,35,2,3247.0,49,5,3246.9,63,2,3246.8,82,4,3246.7,189,7,3248.4,93,4,3248.5,50,2,3248.7,61,1,3248.8,70,3,3248.9,253,3
11536,2025-12-30 14:40:45+05:30,3248.3,1,3252.96,1709888,81557.0,108912.0,3250.0,3267.5,3239.8,3251.5,47105275,3576.6,2926.4,4322.95,2866.6,3247.2,26,1,3247.1,18,2,3247.0,49,5,3246.9,98,3,3246.8,57,3,3248.3,36,2,3248.4,29,1,3248.5,26,1,3248.8,97,4,3248.9,228,2
11536,2025-12-30 14:40:45+05:30,3248.3,1,3252.96,1709888,81557.0,108912.0,3250.0,3267.5,3239.8,3251.5,47105275,3576.6,2926.4,4322.95,2866.6,3247.2,26,1,3247.1,18,2,3247.0,49,5,3246.9,98,3,3246.8,57,3,3248.3,36,2,3248.4,29,1,3248.5,26,1,3248.8,97,4,3248.9,228,2
11536,2025-12-30 14:40:46+05:30,3247.2,75,3252.96,1709963,82435.0,108912.0,3250.0,3267.5,3239.8,3251.5,47105275,3576.6,2926.4,4322.95,2866.6,3247.2,26,1,3247.1,18,2,3247.0,49,5,3246.9,63,2,3246.8,92,4,3248.3,36,2,3248.4,29,1,3248.5,26,1,3248.8,97,4,3248.9,228,2
11536,2025-12-30 14:40:46+05:30,3247.1,1,3252.96,1709963,82435.0,108912.0,3250.0,3267.5,3239.8,3251.5,47105275,3576.6,2926.4,4322.95,2866.6,3247.2,26,1,3247.1,18,2,3247.0,49,5,3246.9,63,2,3246.8,92,4,3248.3,36,2,3248.4,29,1,3248.5,26,1,3248.8,97,4,3248.9,228,2
11536,2025-12-30 14:40:47+05:30,3247.1,1,3252.96,1710119,82422.0,108925.0,3250.0,3267.5,3239.8,3251.5,47105275,3576.6,2926.4,4322.95,2866.6,3247.2,13,1,3247.1,17,2,3247.0,49,5,3246.9,98,3,3246.8,57,3,3248.3,49,3,3248.4,29,1,3248.5,26,1,3248.8,97,4,3248.9,228,2
11536,2025-12-30 14:40:47+05:30,3248.3,1,3252.96,1710119,82422.0,108925.0,3250.0,3267.5,3239.8,3251.5,47105275,3576.6,2926.4,4322.95,2866.6,3247.2,13,1,3247.1,17,2,3247.0,49,5,3246.9,98,3,3246.8,57,3,3248.3,49,3,3248.4,29,1,3248.5,26,1,3248.8,97,4,3248.9,228,2
11536,2025-12-30 14:40:48+05:30,3248.3,1,3252.96,1711179,81552.0,108871.0,3250.0,3267.5,3239.8,3251.5,47105275,3576.6,2926.4,4322.95,2866.6,3247.1,19,3,3247.0,117,5,3246.9,16,1,3246.8,34,1,3246.7,99,5,3248.3,78,4,3248.4,34,1,3248.5,65,2,3248.6,19,1,3248.8,155,5
11536,2025-12-30 14:40:48+05:30,3247.1,2,3252.96,1711179,81552.0,108871.0,3250.0,3267.5,3239.8,3251.5,47105275,3576.6,2926.4,4322.95,2866.6,3247.1,19,3,3247.0,117,5,3246.9,16,1,3246.8,34,1,3246.7,99,5,3248.3,78,4,3248.4,34,1,3248.5,65,2,3248.6,19,1,3248.8,155,5
11536,2025-12-30 14:40:49+05:30,3247.1,2,3252.96,1711195,84280.0,109309.0,3250.0,3267.5,3239.8,3251.5,47105275,3576.6,2926.4,4322.95,2866.6,3247.0,39,2,3246.9,34,1,3246.8,35,2,3246.7,68,4,3246.6,133,6,3247.1,4,1,3248.3,70,2,3248.4,77,2,3248.5,76,2,3248.6,22,1
11536,2025-12-30 14:40:49+05:30,3248.3,24,3252.96,1711195,84280.0,109309.0,3250.0,3267.5,3239.8,3251.5,47105275,3576.6,2926.4,4322.95,2866.6,3247.0,39,2,3246.9,34,1,3246.8,35,2,3246.7,68,4,3246.6,133,6,3247.1,4,1,3248.3,70,2,3248.4,77,2,3248.5,76,2,3248.6,22,1
11536,2025-12-30 14:40:50+05:30,3248.3,24,3252.96,1711242,82859.0,109490.0,3250.0,3267.5,3239.8,3251.5,47105275,3576.6,2926.4,4322.95,2866.6,3246.9,34,1,3246.8,64,3,3246.7,36,3,3246.6,59,2,3246.5,126,7,3247.1,13,1,3248.2,86,3,3248.3,76,3,3248.4,38,2,3248.5,141,4
11536,2025-12-30 14:40:50+05:30,3246.7,3,3252.96,1711242,82859.0,109490.0,3250.0,3267.5,3239.8,3251.5,47105275,3576.6,2926.4,4322.95,2866.6,3246.9,34,1,3246.8,64,3,3246.7,36,3,3246.6,59,2,3246.5,126,7,3247.1,13,1,3248.2,86,3,3248.3,76,3,3248.4,38,2,3248.5,141,4
11536,2025-12-30 14:40:51+05:30,3247.1,1,3252.96,1711399,84384.0,109570.0,3250.0,3267.5,3239.8,3251.5,47105275,3576.6,2926.4,4322.95,2866.6,3246.9,48,1,3246.7,3,1,3246.6,35,2,3246.5,37,5,3246.4,130,4,3247.1,12,1,3248.1,100,2,3248.2,112,5,3248.3,129,5,3248.4,84,3
11536,2025-12-30 14:40:51+05:30,3247.1,3,3252.96,1711399,84384.0,109570.0,3250.0,3267.5,3239.8,3251.5,47105275,3576.6,2926.4,4322.95,2866.6,3246.9,48,1,3246.7,3,1,3246.6,35,2,3246.5,37,5,3246.4,130,4,3247.1,12,1,3248.1,100,2,3248.2,112,5,3248.3,129,5,3248.4,84,3
11536,2025-12-30 14:40:52+05:30,3248.2,41,3252.96,1711584,82100.0,109012.0,3250.0,3267.5,3239.8,3251.5,47105275,3576.6,2926.4,4322.95,2866.6,3246.9,71,2,3246.8,61,1,3246.7,70,4,3246.6,77,5,3246.5,22,6,3248.2,134,5,3248.3,13,1,3248.4,16,1,3248.5,95,3,3248.6,58,3
11536,2025-12-30 14:40:52+05:30,3248.2,41,3252.96,1711584,82100.0,109012.0,3250.0,3267.5,3239.8,3251.5,47105275,3576.6,2926.4,4322.95,2866.6,3246.9,71,2,3246.8,61,1,3246.7,70,4,3246.6,77,5,3246.5,22,6,3248.2,134,5,3248.3,13,1,3248.4,16,1,3248.5,95,3,3248.6,58,3
11536,2025-12-30 14:40:53+05:30,3246.9,9,3252.96,1711651,82216.0,109144.0,3250.0,3267.5,3239.8,3251.5,47105275,3576.6,2926.4,4322.95,2866.6,3246.7,44,3,3246.6,24,2,3246.5,54,6,3246.4,215,7,3246.3,318,5,3248.0,63,2,3248.1,41,2,3248.2,20,1,3248.3,7,1,3248.4,75,3
11536,2025-12-30 14:40:53+05:30,3248.0,1,3252.96,1711651,82216.0,109144.0,3250.0,3267.5,3239.8,3251.5,47105275,3576.6,2926.4,4322.95,2866.6,3246.7,44,3,3246.6,24,2,3246.5,54,6,3246.4,215,7,3246.3,318,5,3248.0,63,2,3248.1,41,2,3248.2,20,1,3248.3,7,1,3248.4,75,3
11536,2025-12-30 14:40:54+05:30,3246.7,2,3252.96,1711807,81477.0,109137.0,3250.0,3267.5,3239.8,3251.5,47105275,3576.6,2926.4,4322.95,2866.6,3246.7,79,4,3246.6,121,5,3246.5,79,7,3246.4,226,8,3246.3,289,4,3248.0,33,1,3248.1,10,1,3248.2,20,1,3248.3,36,2,3248.4,125,4
11536,2025-12-30 14:40:54+05:30,3248.0,82,3252.96,1711807,81477.0,109137.0,3250.0,3267.5,3239.8,3251.5,47105275,3576.6,2926.4,4322.95,2866.6,3246.7,79,4,3246.6,121,5,3246.5,79,7,3246.4,226,8,3246.3,289,4,3248.0,33,1,3248.1,10,1,3248.2,20,1,3248.3,36,2,3248.4,125,4
11536,2025-12-30 14:40:55+05:30,3248.2,1,3252.95,1711923,81877.0,109371.0,3250.0,3267.5,3239.8,3251.5,47105275,3576.6,2926.4,4322.95,2866.6,3247.1,3,1,3246.8,63,2,3246.7,232,5,3246.6,106,5,3246.5,33,5,3248.2,126,5,3248.3,19,2,3248.4,33,2,3248.5,90,5,3248.6,78,3
11536,2025-12-30 14:40:55+05:30,3247.8,1,3252.95,1711923,81877.0,109371.0,3250.0,3267.5,3239.8,3251.5,47105275,3576.6,2926.4,4322.95,2866.6,3247.1,3,1,3246.8,63,2,3246.7,232,5,3246.6,106,5,3246.5,33,5,3248.2,126,5,3248.3,19,2,3248.4,33,2,3248.5,90,5,3248.6,78,3
11536,2025-12-30 14:40:56+05:30,3247.8,1,3252.95,1711925,79494.0,109532.0,3250.0,3267.5,3239.8,3251.5,47105275,3576.6,2926.4,4322.95,2866.6,3247.1,3,1,3246.9,67,3,3246.8,41,2,3246.7,245,6,3246.6,81,4,3247.8,8,1,3248.2,116,4,3248.3,53,3,3248.4,33,2,3248.5,90,5
11536,2025-12-30 14:40:56+05:30,3246.7,24,3252.95,1711925,79494.0,109532.0,3250.0,3267.5,3239.8,3251.5,47105275,3576.6,2926.4,4322.95,2866.6,3247.1,3,1,3246.9,67,3,3246.8,41,2,3246.7,245,6,3246.6,81,4,3247.8,8,1,3248.2,116,4,3248.3,53,3,3248.4,33,2,3248.5,90,5
11536,2025-12-30 14:40:57+05:30,3246.7,24,3252.95,1711975,83542.0,109644.0,3250.0,3267.5,3239.8,3251.5,47105275,3576.6,2926.4,4322.95,2866.6,3247.1,32,1,3246.9,29,1,3246.8,44,2,3246.7,40,3,3246.6,47,4,3247.8,8,1,3248.2,87,3,3248.3,94,4,3248.4,35,3,3248.5,136,6
11536,2025-12-30 14:40:58+05:30,3247.1,156,3252.95,1712133,81700.0,109553.0,3250.0,3267.5,3239.8,3251.5,47105275,3576.6,2926.4,4322.95,2866.6,3247.1,34,1,3246.8,44,2,3246.7,7,2,3246.6,56,4,3246.5,11,5,3247.8,8,1,3248.1,78,3,3248.2,106,6,3248.3,43,2,3248.4,81,4
11536,2025-12-30 14:40:58+05:30,3247.1,40,3252.95,1712133,81700.0,109553.0,3250.0,3267.5,3239.8,3251.5,47105275,3576.6,2926.4,4322.95,2866.6,3247.1,34,1,3246.8,44,2,3246.7,7,2,3246.6,56,4,3246.5,11,5,3247.8,8,1,3248.1,78,3,3248.2,106,6,3248.3,43,2,3248.4,81,4
11536,2025-12-30 14:40:59+05:30,3247.1,40,3252.95,1712173,82354.0,109753.0,3250.0,3267.5,3239.8,3251.5,47105275,3576.6,2926.4,4322.95,2866.6,3246.9,34,1,3246.8,10,1,3246.7,7,2,3246.6,27,3,3246.5,11,5,3247.8,8,1,3248.0,101,3,3248.1,65,2,3248.2,94,6,3248.3,157,5
11536,2025-12-30 14:41:00+05:30,3247.1,40,3252.95,1712173,82382.0,109501.0,3250.0,3267.5,3239.8,3251.5,47105275,3576.6,2926.4,4322.95,2866.6,3246.9,81,2,3246.7,7,2,3246.6,3,1,3246.5,11,5,3246.4,24,2,3247.7,101,5,3247.8,49,4,3247.9,16,1,3248.0,40,2,3248.1,104,4
11536,2025-12-30 14:41:01+05:30,3247.6,2,3252.95,1712244,82095.0,110053.0,3250.0,3267.5,3239.8,3251.5,47105275,3576.6,2926.4,4322.95,2866.6,3246.9,47,1,3246.8,11,1,3246.7,7,2,3246.6,3,1,3246.5,11,5,3247.6,93,5,3247.7,27,2,3247.8,96,6,3247.9,36,2,3248.0,59,3
11536,2025-12-30 14:41:01+05:30,3247.6,2,3252.95,1712244,82095.0,110053.0,3250.0,3267.5,3239.8,3251.5,47105275,3576.6,2926.4,4322.95,2866.6,3246.9,47,1,3246.8,11,1,3246.7,7,2,3246.6,3,1,3246.5,11,5,3247.6,93,5,3247.7,27,2,3247.8,96,6,3247.9,36,2,3248.0,59,3
11536,2025-12-30 14:41:02+05:30,3246.2,106,3252.95,1712763,83538.0,108718.0,3250.0,3267.5,3239.8,3251.5,47105275,3576.6,2926.4,4322.95,2866.6,3246.0,1188,6,3245.9,10,1,3245.8,10,2,3245.7,52,1,3245.6,175,1,3246.2,106,1,3247.4,21,1,3247.5,138,5,3247.6,76,5,3247.7,219,6
11536,2025-12-30 14:41:02+05:30,3246.2,1,3252.95,1712763,83538.0,108718.0,3250.0,3267.5,3239.8,3251.5,47105275,3576.6,2926.4,4322.95,2866.6,3246.0,1188,6,3245.9,10,1,3245.8,10,2,3245.7,52,1,3245.6,175,1,3246.2,106,1,3247.4,21,1,3247.5,138,5,3247.6,76,5,3247.7,219,6
11536,2025-12-30 14:41:03+05:30,3246.2,1,3252.95,1712763,83538.0,108718.0,3250.0,3267.5,3239.8,3251.5,47105275,3576.6,2926.4,4322.95,2866.6,3246.0,1188,6,3245.9,10,1,3245.8,10,2,3245.7,52,1,3245.6,175,1,3246.2,106,1,3247.4,21,1,3247.5,138,5,3247.6,76,5,3247.7,219,6
11536,2025-12-30 14:41:04+05:30,3246.2,1,3252.95,1712765,83652.0,109899.0,3250.0,3267.5,3239.8,3251.5,47105275,3576.6,2926.4,4322.95,2866.6,3246.0,1191,7,3245.9,10,1,3245.8,10,2,3245.7,85,2,3245.6,175,1,3246.2,104,1,3247.4,169,6,3247.5,138,5,3247.6,58,4,3247.7,42,3
11536,2025-12-30 14:41:04+05:30,3246.2,46,3252.95,1712765,83652.0,109899.0,3250.0,3267.5,3239.8,3251.5,47105275,3576.6,2926.4,4322.95,2866.6,3246.0,1191,7,3245.9,10,1,3245.8,10,2,3245.7,85,2,3245.6,175,1,3246.2,104,1,3247.4,169,6,3247.5,138,5,3247.6,58,4,3247.7,42,3
11536,2025-12-30 14:41:05+05:30,3246.2,1,3252.95,1712812,83651.0,109691.0,3250.0,3267.5,3239.8,3251.5,47105275,3576.6,2926.4,4322.95,2866.6,3246.0,1163,6,3245.9,10,1,3245.8,10,2,3245.7,80,2,3245.6,175,1,3246.2,71,2,3246.7,15,1,3246.8,15,1,3247.4,169,6,3247.5,138,5
11536,2025-12-30 14:41:05+05:30,3246.0,495,3252.95,1712812,83651.0,109691.0,3250.0,3267.5,3239.8,3251.5,47105275,3576.6,2926.4,4322.95,2866.6,3246.0,1163,6,3245.9,10,1,3245.8,10,2,3245.7,80,2,3245.6,175,1,3246.2,71,2,3246.7,15,1,3246.8,15,1,3247.4,169,6,3247.5,138,5
11536,2025-12-30 14:41:06+05:30,3246.0,495,3252.95,1713457,83059.0,110344.0,3250.0,3267.5,3239.8,3251.5,47105275,3576.6,2926.4,4322.95,2866.6,3246.0,518,5,3245.9,10,1,3245.8,10,2,3245.7,80,2,3245.6,225,2,3246.2,14,1,3246.9,18,1,3247.2,79,2,3247.3,88,2,3247.4,150,5
11536,2025-12-30 14:41:06+05:30,3246.0,156,3252.95,1713457,83059.0,110344.0,3250.0,3267.5,3239.8,3251.5,47105275,3576.6,2926.4,4322.95,2866.6,3246.0,518,5,3245.9,10,1,3245.8,10,2,3245.7,80,2,3245.6,225,2,3246.2,14,1,3246.9,18,1,3247.2,79,2,3247.3,88,2,3247.4,150,5
11536,2025-12-30 14:41:07+05:30,3246.2,1,3252.95,1713614,82833.0,110270.0,3250.0,3267.5,3239.8,3251.5,47105275,3576.6,2926.4,4322.95,2866.6,3246.0,485,6,3245.9,53,3,3245.8,28,3,3245.7,85,2,3245.6,175,1,3246.2,13,1,3247.2,38,2,3247.3,111,2,3247.4,143,3,3247.5,175,7
11536,2025-12-30 14:41:07+05:30,3246.2,13,3252.95,1713614,82833.0,110270.0,3250.0,3267.5,3239.8,3251.5,47105275,3576.6,2926.4,4322.95,2866.6,3246.0,485,6,3245.9,53,3,3245.8,28,3,3245.7,85,2,3245.6,175,1,3246.2,13,1,3247.2,38,2,3247.3,111,2,3247.4,143,3,3247.5,175,7
11536,2025-12-30 14:41:08+05:30,3246.2,13,3252.95,1713627,82917.0,110020.0,3250.0,3267.5,3239.8,3251.5,47105275,3576.6,2926.4,4322.95,2866.6,3246.2,1,1,3246.0,514,7,3245.8,13,3,3245.7,52,1,3245.6,43,3,3247.0,61,2,3247.2,63,3,3247.3,64,3,3247.5,82,3,3247.6,41,3
11536,2025-12-30 14:41:08+05:30,3246.2,1,3252.95,1713627,82917.0,110020.0,3250.0,3267.5,3239.8,3251.5,47105275,3576.6,2926.4,4322.95,2866.6,3246.2,1,1,3246.0,514,7,3245.8,13,3,3245.7,52,1,3245.6,43,3,3247.0,61,2,3247.2,63,3,3247.3,64,3,3247.5,82,3,3247.6,41,3
11536,2025-12-30 14:41:09+05:30,3247.0,48,3252.95,1713854,83308.0,110175.0,3250.0,3267.5,3239.8,3251.5,47105275,3576.6,2926.4,4322.95,2866.6,3246.1,29,1,3246.0,485,6,3245.8,10,2,3245.7,52,1,3245.6,205,4,3247.1,27,1,3247.2,61,2,3247.3,61,4,3247.4,15,1,3247.5,104,3
11536,2025-12-30 14:41:09+05:30,3247.1,4,3252.95,1713854,83308.0,110175.0,3250.0,3267.5,3239.8,3251.5,47105275,3576.6,2926.4,4322.95,2866.6,3246.1,29,1,3246.0,485,6,3245.8,10,2,3245.7,52,1,3245.6,205,4,3247.1,27,1,3247.2,61,2,3247.3,61,4,3247.4,15,1,3247.5,104,3
11536,2025-12-30 14:41:10+05:30,3246.1,152,3252.95,1714044,83071.0,109908.0,3250.0,3267.5,3239.8,3251.5,47105275,3576.6,2926.4,4322.95,2866.6,3246.1,29,1,3246.0,485,6,3245.8,32,3,3245.7,63,2,3245.6,43,3,3247.2,72,3,3247.3,48,3,3247.4,15,1,3247.5,124,5,3247.6,3,1
11536,2025-12-30 14:41:10+05:30,3246.1,152,3252.95,1714044,83071.0,109908.0,3250.0,3267.5,3239.8,3251.5,47105275,3576.6,2926.4,4322.95,2866.6,3246.1,29,1,3246.0,485,6,3245.8,32,3,3245.7,63,2,3245.6,43,3,3247.2,72,3,3247.3,48,3,3247.4,15,1,3247.5,124,5,3247.6,3,1
11536,2025-12-30 14:41:11+05:30,3247.2,2,3252.95,1714046,83498.0,109779.0,3250.0,3267.5,3239.8,3251.5,47105275,3576.6,2926.4,4322.95,2866.6,3246.1,57,5,3246.0,559,9,3245.9,35,1,3245.8,122,6,3245.7,89,3,3247.2,31,1,3247.3,10,1,3247.5,109,3,3247.6,3,1,3247.8,121,6
11536,2025-12-30 14:41:11+05:30,3247.2,2,3252.95,1714046,83498.0,109779.0,3250.0,3267.5,3239.8,3251.5,47105275,3576.6,2926.4,4322.95,2866.6,3246.1,57,5,3246.0,559,9,3245.9,35,1,3245.8,122,6,3245.7,89,3,3247.2,31,1,3247.3,10,1,3247.5,109,3,3247.6,3,1,3247.8,121,6
11536,2025-12-30 14:41:12+05:30,3246.1,2,3252.95,1714176,82846.0,110584.0,3250.0,3267.5,3239.8,3251.5,47105275,3576.6,2926.4,4322.95,2866.6,3246.0,514,7,3245.9,22,1,3245.8,28,3,3245.7,50,2,3245.6,187,3,3246.1,270,1,3247.2,124,4,3247.3,4,1,3247.4,22,2,3247.5,155,4
11536,2025-12-30 14:41:12+05:30,3246.1,2,3252.95,1714176,82846.0,110584.0,3250.0,3267.5,3239.8,3251.5,47105275,3576.6,2926.4,4322.95,2866.6,3246.0,514,7,3245.9,22,1,3245.8,28,3,3245.7,50,2,3245.6,187,3,3246.1,270,1,3247.2,124,4,3247.3,4,1,3247.4,22,2,3247.5,155,4
11536,2025-12-30 14:41:13+05:30,3246.1,2,3252.95,1714209,82962.0,109891.0,3250.0,3267.5,3239.8,3251.5,47105275,3576.6,2926.4,4322.95,2866.6,3246.0,511,7,3245.9,15,1,3245.8,85,5,3245.7,54,3,3245.6,222,4,3246.1,238,1,3247.2,124,4,3247.4,20,1,3247.5,109,3,3247.6,90,3
11536,2025-12-30 14:41:13+05:30,3246.1,2,3252.95,1714209,82962.0,109891.0,3250.0,3267.5,3239.8,3251.5,47105275,3576.6,2926.4,4322.95,2866.6,3246.0,511,7,3245.9,15,1,3245.8,85,5,3245.7,54,3,3245.6,222,4,3246.1,238,1,3247.2,124,4,3247.4,20,1,3247.5,109,3,3247.6,90,3
11536,2025-12-30 14:41:14+05:30,3246.0,156,3252.95,1714365,82981.0,109939.0,3250.0,3267.5,3239.8,3251.5,47105275,3576.6,2926.4,4322.95,2866.6,3246.0,337,6,3245.9,15,1,3245.8,112,6,3245.7,55,2,3245.6,187,3,3246.1,238,1,3247.2,129,5,3247.4,20,1,3247.5,155,4,3247.6,90,3
11536,2025-12-30 14:41:14+05:30,3246.0,156,3252.95,1714365,82981.0,109939.0,3250.0,3267.5,3239.8,3251.5,47105275,3576.6,2926.4,4322.95,2866.6,3246.0,337,6,3245.9,15,1,3245.8,112,6,3245.7,55,2,3245.6,187,3,3246.1,238,1,3247.2,129,5,3247.4,20,1,3247.5,155,4,3247.6,90,3
11536,2025-12-30 14:41:15+05:30,3246.1,688,3252.94,1715055,83107.0,110457.0,3250.0,3267.5,3239.8,3251.5,47105275,3576.6,2926.4,4322.95,2866.6,3246.0,352,7,3245.9,30,1,3245.8,10,2,3245.7,35,1,3245.6,162,1,3246.1,400,1,3247.2,98,4,3247.4,66,2,3247.5,79,2,3247.6,82,3
11536,2025-12-30 14:41:15+05:30,3246.1,688,3252.94,1715055,83107.0,110457.0,3250.0,3267.5,3239.8,3251.5,47105275,3576.6,2926.4,4322.95,2866.6,3246.0,352,7,3245.9,30,1,3245.8,10,2,3245.7,35,1,3245.6,162,1,3246.1,400,1,3247.2,98,4,3247.4,66,2,3247.5,79,2,3247.6,82,3
11536,2025-12-30 14:41:16+05:30,3246.1,348,3252.94,1716203,84103.0,109552.0,3250.0,3267.5,3239.8,3251.5,47105275,3576.6,2926.4,4322.95,2866.6,3246.2,78,5,3246.1,368,3,3246.0,362,8,3245.9,15,1,3245.8,244,7,3247.2,5,1,3247.5,56,3,3247.7,197,4,3247.8,8,1,3247.9,66,2
11536,2025-12-30 14:41:16+05:30,3246.1,348,3252.94,1716203,84103.0,109552.0,3250.0,3267.5,3239.8,3251.5,47105275,3576.6,2926.4,4322.95,2866.6,3246.2,78,5,3246.1,368,3,3246.0,362,8,3245.9,15,1,3245.8,244,7,3247.2,5,1,3247.5,56,3,3247.7,197,4,3247.8,8,1,3247.9,66,2
11536,2025-12-30 14:41:17+05:30,3247.0,5,3252.93,1717269,82618.0,109668.0,3250.0,3267.5,3239.8,3251.5,47105275,3576.6,2926.4,4322.95,2866.6,3246.1,1,1,3245.8,10,2,3245.7,1,1,3245.6,49,3,3245.5,71,4,3247.0,55,3,3247.1,71,3,3247.2,87,5,3247.3,61,1,3247.4,208,7
11536,2025-12-30 14:41:17+05:30,3247.0,5,3252.93,1717269,82618.0,109668.0,3250.0,3267.5,3239.8,3251.5,47105275,3576.6,2926.4,4322.95,2866.6,3246.1,1,1,3245.8,10,2,3245.7,1,1,3245.6,49,3,3245.5,71,4,3247.0,55,3,3247.1,71,3,3247.2,87,5,3247.3,61,1,3247.4,208,7
11536,2025-12-30 14:41:18+05:30,3245.9,4,3252.93,1717464,82631.0,108444.0,3250.0,3267.5,3239.8,3251.5,47105275,3576.6,2926.4,4322.95,2866.6,3245.8,65,2,3245.7,31,2,3245.5,35,2,3245.4,143,6,3245.3,341,5,3247.0,14,1,3247.2,119,6,3247.4,85,5,3247.5,103,4,3247.6,67,2
11536,2025-12-30 14:41:18+05:30,3245.9,4,3252.93,1717464,82631.0,108444.0,3250.0,3267.5,3239.8,3251.5,47105275,3576.6,2926.4,4322.95,2866.6,3245.8,65,2,3245.7,31,2,3245.5,35,2,3245.4,143,6,3245.3,341,5,3247.0,14,1,3247.2,119,6,3247.4,85,5,3247.5,103,4,3247.6,67,2
11536,2025-12-30 14:41:19+05:30,3247.2,29,3252.93,1717511,82427.0,109443.0,3250.0,3267.5,3239.8,3251.5,47105275,3576.6,2926.4,4322.95,2866.6,3246.1,2,1,3246.0,65,2,3245.9,10,1,3245.7,21,1,3245.6,25,2,3247.1,17,1,3247.2,90,5,3247.3,10,1,3247.4,78,4,3247.5,121,5
11536,2025-12-30 14:41:19+05:30,3247.2,29,3252.93,1717511,82427.0,109443.0,3250.0,3267.5,3239.8,3251.5,47105275,3576.6,2926.4,4322.95,2866.6,3246.1,2,1,3246.0,65,2,3245.9,10,1,3245.7,21,1,3245.6,25,2,3247.1,17,1,3247.2,90,5,3247.3,10,1,3247.4,78,4,3247.5,121,5
11536,2025-12-30 14:41:20+05:30,3246.6,120,3252.93,1717636,82787.0,109749.0,3250.0,3267.5,3239.8,3251.5,47105275,3576.6,2926.4,4322.95,2866.6,3245.6,103,4,3245.5,162,1,3245.4,105,4,3245.3,171,4,3245.2,102,7,3247.0,79,3,3247.1,65,4,3247.2,100,5,3247.3,22,2,3247.4,146,6
11536,2025-12-30 14:41:20+05:30,3246.6,120,3252.93,1717636,82787.0,109749.0,3250.0,3267.5,3239.8,3251.5,47105275,3576.6,2926.4,4322.95,2866.6,3245.6,103,4,3245.5,162,1,3245.4,105,4,3245.3,171,4,3245.2,102,7,3247.0,79,3,3247.1,65,4,3247.2,100,5,3247.3,22,2,3247.4,146,6
11536,2025-12-30 14:41:21+05:30,3245.6,1,3252.93,1717637,82610.0,110430.0,3250.0,3267.5,3239.8,3251.5,47105275,3576.6,2926.4,4322.95,2866.6,3245.6,75,3,3245.5,236,4,3245.4,40,2,3245.3,122,3,3245.2,72,5,3246.0,1,1,3246.9,19,1,3247.0,109,3,3247.1,48,3,3247.2,105,5
11536,2025-12-30 14:41:21+05:30,3245.6,1,3252.93,1717637,82610.0,110430.0,3250.0,3267.5,3239.8,3251.5,47105275,3576.6,2926.4,4322.95,2866.6,3245.6,75,3,3245.5,236,4,3245.4,40,2,3245.3,122,3,3245.2,72,5,3246.0,1,1,3246.9,19,1,3247.0,109,3,3247.1,48,3,3247.2,105,5
11536,2025-12-30 14:41:22+05:30,3246.9,2,3252.93,1717977,82724.0,110301.0,3250.0,3267.5,3239.8,3251.5,47105275,3576.6,2926.4,4322.95,2866.6,3245.7,68,2,3245.6,77,3,3245.5,249,4,3245.4,60,3,3245.3,148,4,3247.0,66,3,3247.1,63,2,3247.2,73,3,3247.3,22,2,3247.4,139,7
11536,2025-12-30 14:41:22+05:30,3246.9,2,3252.93,1717977,82724.0,110301.0,3250.0,3267.5,3239.8,3251.5,47105275,3576.6,2926.4,4322.95,2866.6,3245.7,68,2,3245.6,77,3,3245.5,249,4,3245.4,60,3,3245.3,148,4,3247.0,66,3,3247.1,63,2,3247.2,73,3,3247.3,22,2,3247.4,139,7
11536,2025-12-30 14:41:23+05:30,3246.9,2,3252.93,1717977,82719.0,110177.0,3250.0,3267.5,3239.8,3251.5,47105275,3576.6,2926.4,4322.95,2866.6,3245.7,97,4,3245.6,67,2,3245.5,249,4,3245.4,92,4,3245.3,148,4,3247.0,49,2,3247.1,63,2,3247.2,73,3,3247.3,22,2,3247.4,139,7
11536,2025-12-30 14:41:24+05:30,3247.0,25,3252.93,1718093,82708.0,110612.0,3250.0,3267.5,3239.8,3251.5,47105275,3576.6,2926.4,4322.95,2866.6,3245.8,10,1,3245.7,31,1,3245.6,86,2,3245.5,220,3,3245.4,60,3,3247.1,121,5,3247.2,50,1,3247.3,17,1,3247.4,78,4,3247.5,183,7
11536,2025-12-30 14:41:24+05:30,3247.0,25,3252.93,1718093,82708.0,110612.0,3250.0,3267.5,3239.8,3251.5,47105275,3576.6,2926.4,4322.95,2866.6,3245.8,10,1,3245.7,31,1,3245.6,86,2,3245.5,220,3,3245.4,60,3,3247.1,121,5,3247.2,50,1,3247.3,17,1,3247.4,78,4,3247.5,183,7
11536,2025-12-30 14:41:25+05:30,3247.1,1,3252.93,1718094,82763.0,110139.0,3250.0,3267.5,3239.8,3251.5,47105275,3576.6,2926.4,4322.95,2866.6,3245.8,111,5,3245.7,37,1,3245.6,20,1,3245.5,270,4,3245.4,60,3,3247.1,89,4,3247.2,50,1,3247.3,17,1,3247.4,109,5,3247.5,183,7
11536,2025-12-30 14:41:25+05:30,3247.1,1,3252.93,1718094,82763.0,110139.0,3250.0,3267.5,3239.8,3251.5,47105275,3576.6,2926.4,4322.95,2866.6,3245.8,111,5,3245.7,37,1,3245.6,20,1,3245.5,270,4,3245.4,60,3,3247.1,89,4,3247.2,50,1,3247.3,17,1,3247.4,109,5,3247.5,183,7
11536,2025-12-30 14:41:26+05:30,3245.8,25,3252.93,1718249,82759.0,109983.0,3250.0,3267.5,3239.8,3251.5,47105275,3576.6,2926.4,4322.95,2866.6,3245.8,68,5,3245.7,37,1,3245.6,47,2,3245.5,270,4,3245.4,86,4,3247.1,89,4,3247.2,50,1,3247.3,17,1,3247.4,83,4,3247.5,183,7
11536,2025-12-30 14:41:26+05:30,3247.1,1,3252.93,1718249,82759.0,109983.0,3250.0,3267.5,3239.8,3251.5,47105275,3576.6,2926.4,4322.95,2866.6,3245.8,68,5,3245.7,37,1,3245.6,47,2,3245.5,270,4,3245.4,86,4,3247.1,89,4,3247.2,50,1,3247.3,17,1,3247.4,83,4,3247.5,183,7
11536,2025-12-30 14:41:27+05:30,3247.1,1,3252.93,1718254,82375.0,110153.0,3250.0,3267.5,3239.8,3251.5,47105275,3576.6,2926.4,4322.95,2866.6,3245.9,51,2,3245.8,17,3,3245.7,37,1,3245.6,20,1,3245.5,270,4,3247.1,84,4,3247.3,17,1,3247.4,83,4,3247.5,137,6,3247.6,141,5
11536,2025-12-30 14:41:27+05:30,3247.1,1,3252.93,1718254,82375.0,110153.0,3250.0,3267.5,3239.8,3251.5,47105275,3576.6,2926.4,4322.95,2866.6,3245.9,51,2,3245.8,17,3,3245.7,37,1,3245.6,20,1,3245.5,270,4,3247.1,84,4,3247.3,17,1,3247.4,83,4,3247.5,137,6,3247.6,141,5
11536,2025-12-30 14:41:28+05:30,3245.9,1,3252.93,1718296,79672.0,110153.0,3250.0,3267.5,3239.8,3251.5,47105275,3576.6,2926.4,4322.95,2866.6,3245.9,138,5,3245.8,17,3,3245.7,37,1,3245.6,31,2,3245.5,270,4,3247.1,84,4,3247.3,17,1,3247.4,83,4,3247.5,137,6,3247.6,141,5
11536,2025-12-30 14:41:28+05:30,3245.9,1,3252.93,1718296,79672.0,110153.0,3250.0,3267.5,3239.8,3251.5,47105275,3576.6,2926.4,4322.95,2866.6,3245.9,138,5,3245.8,17,3,3245.7,37,1,3245.6,31,2,3245.5,270,4,3247.1,84,4,3247.3,17,1,3247.4,83,4,3247.5,137,6,3247.6,141,5
11536,2025-12-30 14:41:29+05:30,3247.1,1,3252.93,1718297,83353.0,110107.0,3250.0,3267.5,3239.8,3251.5,47105275,3576.6,2926.4,4322.95,2866.6,3246.5,82,3,3245.9,72,4,3245.8,38,4,3245.7,37,1,3245.6,40,4,3247.1,66,3,3247.2,31,1,3247.3,35,2,3247.4,52,3,3247.5,111,4
11536,2025-12-30 14:41:29+05:30,3247.1,1,3252.93,1718297,83353.0,110107.0,3250.0,3267.5,3239.8,3251.5,47105275,3576.6,2926.4,4322.95,2866.6,3246.5,82,3,3245.9,72,4,3245.8,38,4,3245.7,37,1,3245.6,40,4,3247.1,66,3,3247.2,31,1,3247.3,35,2,3247.4,52,3,3247.5,111,4
11536,2025-12-30 14:41:30+05:30,3246.5,1,3252.93,1718454,83335.0,109931.0,3250.0,3267.5,3239.8,3251.5,47105275,3576.6,2926.4,4322.95,2866.6,3246.5,74,3,3245.9,63,3,3245.8,38,4,3245.7,37,1,3245.6,34,3,3246.9,18,1,3247.1,66,3,3247.2,31,1,3247.3,35,2,3247.4,52,3
11536,2025-12-30 14:41:30+05:30,3246.5,1,3252.93,1718454,83335.0,109931.0,3250.0,3267.5,3239.8,3251.5,47105275,3576.6,2926.4,4322.95,2866.6,3246.5,74,3,3245.9,63,3,3245.8,38,4,3245.7,37,1,3245.6,34,3,3246.9,18,1,3247.1,66,3,3247.2,31,1,3247.3,35,2,3247.4,52,3
11536,2025-12-30 14:41:31+05:30,3246.8,1,3252.93,1718458,83347.0,109926.0,3250.0,3267.5,3239.8,3251.5,47105275,3576.6,2926.4,4322.95,2866.6,3246.8,75,2,3246.5,8,2,3245.9,63,3,3245.8,38,4,3245.7,37,1,3246.9,29,2,3247.1,66,3,3247.2,31,1,3247.3,35,2,3247.4,52,3
11536,2025-12-30 14:41:31+05:30,3246.8,1,3252.93,1718458,83347.0,109926.0,3250.0,3267.5,3239.8,3251.5,47105275,3576.6,2926.4,4322.95,2866.6,3246.8,75,2,3246.5,8,2,3245.9,63,3,3245.8,38,4,3245.7,37,1,3246.9,29,2,3247.1,66,3,3247.2,31,1,3247.3,35,2,3247.4,52,3
11536,2025-12-30 14:41:32+05:30,3245.6,3,3252.92,1719616,79783.0,108689.0,3250.0,3267.5,3239.8,3251.5,47105275,3576.6,2926.4,4322.95,2866.6,3245.6,46,2,3245.4,173,2,3245.2,47,5,3245.1,139,3,3245.0,1134,48,3246.9,154,8,3247.0,15,1,3247.1,28,1,3247.2,81,4,3247.3,3,1
11536,2025-12-30 14:41:32+05:30,3245.6,3,3252.92,1719616,79783.0,108689.0,3250.0,3267.5,3239.8,3251.5,47105275,3576.6,2926.4,4322.95,2866.6,3245.6,46,2,3245.4,173,2,3245.2,47,5,3245.1,139,3,3245.0,1134,48,3246.9,154,8,3247.0,15,1,3247.1,28,1,3247.2,81,4,3247.3,3,1
11536,2025-12-30 14:41:33+05:30,3246.0,16,3252.92,1719632,82181.0,110115.0,3250.0,3267.5,3239.8,3251.5,47105275,3576.6,2926.4,4322.95,2866.6,3245.6,22,3,3245.5,47,2,3245.4,226,4,3245.3,17,1,3245.2,106,7,3246.0,58,1,3246.9,144,7,3247.0,36,2,3247.1,28,1,3247.2,145,6
11536,2025-12-30 14:41:33+05:30,3246.0,16,3252.92,1719632,82181.0,110115.0,3250.0,3267.5,3239.8,3251.5,47105275,3576.6,2926.4,4322.95,2866.6,3245.6,22,3,3245.5,47,2,3245.4,226,4,3245.3,17,1,3245.2,106,7,3246.0,58,1,3246.9,144,7,3247.0,36,2,3247.1,28,1,3247.2,145,6
11536,2025-12-30 14:41:34+05:30,3246.0,47,3252.92,1719632,82181.0,110115.0,3250.0,3267.5,3239.8,3251.5,47105275,3576.6,2926.4,4322.95,2866.6,3245.6,22,3,3245.5,47,2,3245.4,226,4,3245.3,17,1,3245.2,106,7,3246.0,58,1,3246.9,144,7,3247.0,36,2,3247.1,28,1,3247.2,145,6
11536,2025-12-30 14:41:35+05:30,3246.0,1,3252.92,1719835,82433.0,110173.0,3250.0,3267.5,3239.8,3251.5,47105275,3576.6,2926.4,4322.95,2866.6,3245.5,54,3,3245.4,231,5,3245.3,17,1,3245.2,109,8,3245.1,96,2,3246.0,10,1,3246.9,104,5,3247.0,21,1,3247.1,28,1,3247.2,201,8
11536,2025-12-30 14:41:35+05:30,3246.0,8,3252.92,1719835,82433.0,110173.0,3250.0,3267.5,3239.8,3251.5,47105275,3576.6,2926.4,4322.95,2866.6,3245.5,54,3,3245.4,231,5,3245.3,17,1,3245.2,109,8,3245.1,96,2,3246.0,10,1,3246.9,104,5,3247.0,21,1,3247.1,28,1,3247.2,201,8
11536,2025-12-30 14:41:36+05:30,3246.0,8,3252.92,1719843,81916.0,109027.0,3250.0,3267.5,3239.8,3251.5,47105275,3576.6,2926.4,4322.95,2866.6,3245.5,82,4,3245.4,281,6,3245.3,17,1,3245.2,135,9,3245.1,96,2,3246.0,2,1,3246.9,76,3,3247.0,21,1,3247.1,28,1,3247.2,201,8
11536,2025-12-30 14:41:37+05:30,3246.0,8,3252.92,1719843,77774.0,110218.0,3250.0,3267.5,3239.8,3251.5,47105275,3576.6,2926.4,4322.95,2866.6,3245.5,99,5,3245.4,325,7,3245.3,17,1,3245.2,135,9,3245.1,122,3,3246.0,2,1,3246.9,48,2,3247.0,21,1,3247.1,28,1,3247.2,201,8
11536,2025-12-30 14:41:37+05:30,3246.2,4,3252.92,1719843,77774.0,110218.0,3250.0,3267.5,3239.8,3251.5,47105275,3576.6,2926.4,4322.95,2866.6,3245.5,99,5,3245.4,325,7,3245.3,17,1,3245.2,135,9,3245.1,122,3,3246.0,2,1,3246.9,48,2,3247.0,21,1,3247.1,28,1,3247.2,201,8
11536,2025-12-30 14:41:38+05:30,3246.0,2,3252.92,1719851,82600.0,109889.0,3250.0,3267.5,3239.8,3251.5,47105275,3576.6,2926.4,4322.95,2866.6,3245.5,88,4,3245.4,330,7,3245.3,114,3,3245.2,135,9,3245.1,108,3,3246.9,131,6,3247.0,67,3,3247.1,28,1,3247.2,114,5,3247.3,19,1
11536,2025-12-30 14:41:38+05:30,3246.9,1,3252.92,1719851,82600.0,109889.0,3250.0,3267.5,3239.8,3251.5,47105275,3576.6,2926.4,4322.95,2866.6,3245.5,88,4,3245.4,330,7,3245.3,114,3,3245.2,135,9,3245.1,108,3,3246.9,131,6,3247.0,67,3,3247.1,28,1,3247.2,114,5,3247.3,19,1
11536,2025-12-30 14:41:39+05:30,3246.9,1,3252.92,1720077,82584.0,109955.0,3250.0,3267.5,3239.8,3251.5,47105275,3576.6,2926.4,4322.95,2866.6,3246.0,1,1,3245.5,106,6,3245.4,286,6,3245.3,114,3,3245.2,116,8,3246.9,130,6,3247.0,67,3,3247.1,46,2,3247.2,114,5,3247.4,97,5
11536,2025-12-30 14:41:39+05:30,3246.9,11,3252.92,1720077,82584.0,109955.0,3250.0,3267.5,3239.8,3251.5,47105275,3576.6,2926.4,4322.95,2866.6,3246.0,1,1,3245.5,106,6,3245.4,286,6,3245.3,114,3,3245.2,116,8,3246.9,130,6,3247.0,67,3,3247.1,46,2,3247.2,114,5,3247.4,97,5
11536,2025-12-30 14:41:40+05:30,3246.9,11,3252.92,1720228,82655.0,110044.0,3250.0,3267.5,3239.8,3251.5,47105275,3576.6,2926.4,4322.95,2866.6,3246.0,1,1,3245.5,106,6,3245.4,286,6,3245.3,114,3,3245.2,143,9,3246.9,149,6,3247.0,52,2,3247.1,63,3,3247.2,134,6,3247.3,68,2
11536,2025-12-30 14:41:40+05:30,3246.9,1,3252.92,1720228,82655.0,110044.0,3250.0,3267.5,3239.8,3251.5,47105275,3576.6,2926.4,4322.95,2866.6,3246.0,1,1,3245.5,106,6,3245.4,286,6,3245.3,114,3,3245.2,143,9,3246.9,149,6,3247.0,52,2,3247.1,63,3,3247.2,134,6,3247.3,68,2
11536,2025-12-30 14:41:41+05:30,3246.9,1,3252.92,1720229,82485.0,109918.0,3250.0,3267.5,3239.8,3251.5,47105275,3576.6,2926.4,4322.95,2866.6,3246.1,44,1,3246.0,1,1,3245.5,23,3,3245.4,124,5,3245.3,276,4,3246.7,55,3,3246.8,35,1,3246.9,64,4,3247.0,57,2,3247.1,17,1
11536,2025-12-30 14:41:41+05:30,3247.2,1,3252.92,1720229,82485.0,109918.0,3250.0,3267.5,3239.8,3251.5,47105275,3576.6,2926.4,4322.95,2866.6,3246.1,44,1,3246.0,1,1,3245.5,23,3,3245.4,124,5,3245.3,276,4,3246.7,55,3,3246.8,35,1,3246.9,64,4,3247.0,57,2,3247.1,17,1
11536,2025-12-30 14:41:42+05:30,3247.2,1,3252.92,1720232,81490.0,109834.0,3250.0,3267.5,3239.8,3251.5,47105275,3576.6,2926.4,4322.95,2866.6,3246.1,52,2,3246.0,1,1,3245.8,22,1,3245.7,61,1,3245.6,250,5,3247.2,107,4,3247.3,64,2,3247.4,29,1,3247.5,136,6,3247.6,79,4
11536,2025-12-30 14:41:42+05:30,3246.9,3,3252.92,1720232,81490.0,109834.0,3250.0,3267.5,3239.8,3251.5,47105275,3576.6,2926.4,4322.95,2866.6,3246.1,52,2,3246.0,1,1,3245.8,22,1,3245.7,61,1,3245.6,250,5,3247.2,107,4,3247.3,64,2,3247.4,29,1,3247.5,136,6,3247.6,79,4
11536,2025-12-30 14:41:43+05:30,3246.7,13,3252.92,1720683,80555.0,109950.0,3250.0,3267.5,3239.8,3251.5,47105275,3576.6,2926.4,4322.95,2866.6,3246.1,59,3,3245.6,186,3,3245.5,66,4,3245.4,101,6,3245.3,112,3,3246.9,98,5,3247.0,65,2,3247.1,29,2,3247.2,78,5,3247.3,79,3
11536,2025-12-30 14:41:43+05:30,3246.1,90,3252.92,1720683,80555.0,109950.0,3250.0,3267.5,3239.8,3251.5,47105275,3576.6,2926.4,4322.95,2866.6,3246.1,59,3,3245.6,186,3,3245.5,66,4,3245.4,101,6,3245.3,112,3,3246.9,98,5,3247.0,65,2,3247.1,29,2,3247.2,78,5,3247.3,79,3
11536,2025-12-30 14:41:44+05:30,3246.1,90,3252.92,1720881,82640.0,110030.0,3250.0,3267.5,3239.8,3251.5,47105275,3576.6,2926.4,4322.95,2866.6,3245.6,164,2,3245.5,84,6,3245.4,62,5,3245.3,104,3,3245.2,87,6,3246.1,202,1,3246.8,7,2,3246.9,26,3,3247.0,87,4,3247.1,23,2
11536,2025-12-30 14:41:44+05:30,3246.1,1,3252.92,1720881,82640.0,110030.0,3250.0,3267.5,3239.8,3251.5,47105275,3576.6,2926.4,4322.95,2866.6,3245.6,164,2,3245.5,84,6,3245.4,62,5,3245.3,104,3,3245.2,87,6,3246.1,202,1,3246.8,7,2,3246.9,26,3,3247.0,87,4,3247.1,23,2
11536,2025-12-30 14:41:45+05:30,3246.1,1,3252.92,1720885,80871.0,111070.0,3250.0,3267.5,3239.8,3251.5,47105275,3576.6,2926.4,4322.95,2866.6,3245.6,163,2,3245.5,33,4,3245.4,62,5,3245.3,119,3,3245.2,77,6,3246.1,199,1,3246.8,7,2,3246.9,26,3,3247.0,87,4,3247.1,23,2
11536,2025-12-30 14:41:45+05:30,3245.6,33,3252.92,1720885,80871.0,111070.0,3250.0,3267.5,3239.8,3251.5,47105275,3576.6,2926.4,4322.95,2866.6,3245.6,163,2,3245.5,33,4,3245.4,62,5,3245.3,119,3,3245.2,77,6,3246.1,199,1,3246.8,7,2,3246.9,26,3,3247.0,87,4,3247.1,23,2
11536,2025-12-30 14:41:46+05:30,3245.5,6,3252.92,1721075,82568.0,110794.0,3250.0,3267.5,3239.8,3251.5,47105275,3576.6,2926.4,4322.95,2866.6,3245.6,175,1,3245.5,33,4,3245.4,36,4,3245.3,99,3,3245.2,89,6,3246.1,212,2,3246.8,7,2,3246.9,26,3,3247.0,108,6,3247.1,49,3
11536,2025-12-30 14:41:46+05:30,3245.5,6,3252.92,1721075,82568.0,110794.0,3250.0,3267.5,3239.8,3251.5,47105275,3576.6,2926.4,4322.95,2866.6,3245.6,175,1,3245.5,33,4,3245.4,36,4,3245.3,99,3,3245.2,89,6,3246.1,212,2,3246.8,7,2,3246.9,26,3,3247.0,108,6,3247.1,49,3
11536,2025-12-30 14:41:47+05:30,3245.5,6,3252.92,1721075,82568.0,110794.0,3250.0,3267.5,3239.8,3251.5,47105275,3576.6,2926.4,4322.95,2866.6,3245.6,175,1,3245.5,33,4,3245.4,36,4,3245.3,99,3,3245.2,89,6,3246.1,212,2,3246.8,7,2,3246.9,26,3,3247.0,108,6,3247.1,49,3
11536,2025-12-30 14:41:47+05:30,3245.5,6,3252.92,1721075,80772.0,110798.0,3250.0,3267.5,3239.8,3251.5,47105275,3576.6,2926.4,4322.95,2866.6,3245.6,175,1,3245.5,45,5,3245.4,36,4,3245.3,99,3,3245.2,89,6,3246.1,212,2,3246.8,7,2,3246.9,26,3,3247.0,108,6,3247.1,53,4
11536,2025-12-30 14:41:47+05:30,3245.2,1,3252.92,1721075,80772.0,110798.0,3250.0,3267.5,3239.8,3251.5,47105275,3576.6,2926.4,4322.95,2866.6,3245.6,175,1,3245.5,45,5,3245.4,36,4,3245.3,99,3,3245.2,89,6,3246.1,212,2,3246.8,7,2,3246.9,26,3,3247.0,108,6,3247.1,53,4
11536,2025-12-30 14:41:48+05:30,3245.2,1,3252.91,1722134,80321.0,109760.0,3250.0,3267.5,3239.8,3251.5,47105275,3576.6,2926.4,4322.95,2866.6,3245.6,54,1,3245.5,67,3,3245.4,54,1,3245.3,196,3,3245.2,109,8,3246.1,212,2,3246.8,7,2,3246.9,58,6,3247.0,115,6,3247.1,27,3
11536,2025-12-30 14:41:48+05:30,3245.2,1,3252.91,1722134,80321.0,109760.0,3250.0,3267.5,3239.8,3251.5,47105275,3576.6,2926.4,4322.95,2866.6,3245.6,54,1,3245.5,67,3,3245.4,54,1,3245.3,196,3,3245.2,109,8,3246.1,212,2,3246.8,7,2,3246.9,58,6,3247.0,115,6,3247.1,27,3
11536,2025-12-30 14:41:48+05:30,3245.6,40,3252.91,1722134,80321.0,109760.0,3250.0,3267.5,3239.8,3251.5,47105275,3576.6,2926.4,4322.95,2866.6,3245.6,54,1,3245.5,67,3,3245.4,54,1,3245.3,196,3,3245.2,109,8,3246.1,212,2,3246.8,7,2,3246.9,58,6,3247.0,115,6,3247.1,27,3
11536,2025-12-30 14:41:49+05:30,3245.6,40,3252.91,1722174,82517.0,111125.0,3250.0,3267.5,3239.8,3251.5,47105275,3576.6,2926.4,4322.95,2866.6,3245.6,16,2,3245.5,67,3,3245.4,80,2,3245.3,226,4,3245.2,114,8,3246.1,212,2,3246.8,7,2,3246.9,48,5,3247.0,215,7,3247.1,73,4
11536,2025-12-30 14:41:49+05:30,3245.6,40,3252.91,1722174,82517.0,111125.0,3250.0,3267.5,3239.8,3251.5,47105275,3576.6,2926.4,4322.95,2866.6,3245.6,16,2,3245.5,67,3,3245.4,80,2,3245.3,226,4,3245.2,114,8,3246.1,212,2,3246.8,7,2,3246.9,48,5,3247.0,215,7,3247.1,73,4
11536,2025-12-30 14:41:50+05:30,3246.1,47,3252.91,1722174,82517.0,111125.0,3250.0,3267.5,3239.8,3251.5,47105275,3576.6,2926.4,4322.95,2866.6,3245.6,16,2,3245.5,67,3,3245.4,80,2,3245.3,226,4,3245.2,114,8,3246.1,212,2,3246.8,7,2,3246.9,48,5,3247.0,215,7,3247.1,73,4
11536,2025-12-30 14:41:50+05:30,3245.6,41,3252.91,1722376,79449.0,110039.0,3250.0,3267.5,3239.8,3251.5,47105275,3576.6,2926.4,4322.95,2866.6,3245.6,8,2,3245.5,67,3,3245.4,109,3,3245.3,230,4,3245.2,104,8,3246.1,165,2,3246.8,7,2,3246.9,48,5,3247.0,215,7,3247.1,23,2
11536,2025-12-30 14:41:50+05:30,3245.6,41,3252.91,1722376,79449.0,110039.0,3250.0,3267.5,3239.8,3251.5,47105275,3576.6,2926.4,4322.95,2866.6,3245.6,8,2,3245.5,67,3,3245.4,109,3,3245.3,230,4,3245.2,104,8,3246.1,165,2,3246.8,7,2,3246.9,48,5,3247.0,215,7,3247.1,23,2
11536,2025-12-30 14:41:51+05:30,3246.1,1,3252.91,1722376,79449.0,110039.0,3250.0,3267.5,3239.8,3251.5,47105275,3576.6,2926.4,4322.95,2866.6,3245.6,8,2,3245.5,67,3,3245.4,109,3,3245.3,230,4,3245.2,104,8,3246.1,165,2,3246.8,7,2,3246.9,48,5,3247.0,215,7,3247.1,23,2
11536,2025-12-30 14:41:51+05:30,3246.1,1,3252.91,1722377,81664.0,111361.0,3250.0,3267.5,3239.8,3251.5,47105275,3576.6,2926.4,4322.95,2866.6,3245.6,2,1,3245.5,73,4,3245.4,83,2,3245.3,230,4,3245.2,104,8,3246.1,164,2,3246.8,7,2,3246.9,48,5,3247.0,215,7,3247.1,27,3
11536,2025-12-30 14:41:51+05:30,3246.1,1,3252.91,1722377,81664.0,111361.0,3250.0,3267.5,3239.8,3251.5,47105275,3576.6,2926.4,4322.95,2866.6,3245.6,2,1,3245.5,73,4,3245.4,83,2,3245.3,230,4,3245.2,104,8,3246.1,164,2,3246.8,7,2,3246.9,48,5,3247.0,215,7,3247.1,27,3
11536,2025-12-30 14:41:52+05:30,3246.1,22,3252.91,1722377,81664.0,111361.0,3250.0,3267.5,3239.8,3251.5,47105275,3576.6,2926.4,4322.95,2866.6,3245.6,2,1,3245.5,73,4,3245.4,83,2,3245.3,230,4,3245.2,104,8,3246.1,164,2,3246.8,7,2,3246.9,48,5,3247.0,215,7,3247.1,27,3
11536,2025-12-30 14:41:52+05:30,3246.1,22,3252.91,1722564,82419.0,111561.0,3250.0,3267.5,3239.8,3251.5,47105275,3576.6,2926.4,4322.95,2866.6,3245.6,1,1,3245.5,72,4,3245.4,54,1,3245.3,185,2,3245.2,64,6,3246.1,438,2,3246.8,7,2,3246.9,37,4,3247.0,261,8,3247.1,27,3
11536,2025-12-30 14:41:52+05:30,3246.1,22,3252.91,1722564,82419.0,111561.0,3250.0,3267.5,3239.8,3251.5,47105275,3576.6,2926.4,4322.95,2866.6,3245.6,1,1,3245.5,72,4,3245.4,54,1,3245.3,185,2,3245.2,64,6,3246.1,438,2,3246.8,7,2,3246.9,37,4,3247.0,261,8,3247.1,27,3
11536,2025-12-30 14:41:53+05:30,3246.1,3,3252.91,1722564,82419.0,111561.0,3250.0,3267.5,3239.8,3251.5,47105275,3576.6,2926.4,4322.95,2866.6,3245.6,1,1,3245.5,72,4,3245.4,54,1,3245.3,185,2,3245.2,64,6,3246.1,438,2,3246.8,7,2,3246.9,37,4,3247.0,261,8,3247.1,27,3
11536,2025-12-30 14:41:53+05:30,3246.1,3,3252.91,1722567,82617.0,111285.0,3250.0,3267.5,3239.8,3251.5,47105275,3576.6,2926.4,4322.95,2866.6,3245.6,46,3,3245.5,77,3,3245.4,117,3,3245.3,185,2,3245.2,89,7,3246.1,435,2,3246.8,3,1,3246.9,32,3,3247.0,215,7,3247.1,65,2
11536,2025-12-30 14:41:54+05:30,3246.1,3,3252.91,1722567,82617.0,111285.0,3250.0,3267.5,3239.8,3251.5,47105275,3576.6,2926.4,4322.95,2866.6,3245.6,46,3,3245.5,77,3,3245.4,117,3,3245.3,185,2,3245.2,89,7,3246.1,435,2,3246.8,3,1,3246.9,32,3,3247.0,215,7,3247.1,65,2
11536,2025-12-30 14:41:54+05:30,3246.1,50,3252.91,1722838,82671.0,110815.0,3250.0,3267.5,3239.8,3251.5,47105275,3576.6,2926.4,4322.95,2866.6,3245.6,47,1,3245.5,77,3,3245.4,143,4,3245.3,185,2,3245.2,89,7,3246.1,350,1,3246.8,3,1,3246.9,11,1,3247.0,215,7,3247.1,84,3
11536,2025-12-30 14:41:54+05:30,3246.1,50,3252.91,1722838,82671.0,110815.0,3250.0,3267.5,3239.8,3251.5,47105275,3576.6,2926.4,4322.95,2866.6,3245.6,47,1,3245.5,77,3,3245.4,143,4,3245.3,185,2,3245.2,89,7,3246.1,350,1,3246.8,3,1,3246.9,11,1,3247.0,215,7,3247.1,84,3
11536,2025-12-30 14:41:55+05:30,3246.1,50,3252.91,1722838,82671.0,110815.0,3250.0,3267.5,3239.8,3251.5,47105275,3576.6,2926.4,4322.95,2866.6,3245.6,47,1,3245.5,77,3,3245.4,143,4,3245.3,185,2,3245.2,89,7,3246.1,350,1,3246.8,3,1,3246.9,11,1,3247.0,215,7,3247.1,84,3
11536,2025-12-30 14:41:55+05:30,3246.1,1,3252.91,1722839,82671.0,109630.0,3250.0,3267.5,3239.8,3251.5,47105275,3576.6,2926.4,4322.95,2866.6,3245.6,47,1,3245.5,77,3,3245.4,318,5,3245.3,10,1,3245.2,89,7,3246.1,349,1,3246.8,3,1,3246.9,11,1,3247.0,215,7,3247.1,84,3
11536,2025-12-30 14:41:55+05:30,3246.1,1,3252.91,1722839,82671.0,109630.0,3250.0,3267.5,3239.8,3251.5,47105275,3576.6,2926.4,4322.95,2866.6,3245.6,47,1,3245.5,77,3,3245.4,318,5,3245.3,10,1,3245.2,89,7,3246.1,349,1,3246.8,3,1,3246.9,11,1,3247.0,215,7,3247.1,84,3
11536,2025-12-30 14:41:56+05:30,3246.1,1,3252.91,1722839,82671.0,109630.0,3250.0,3267.5,3239.8,3251.5,47105275,3576.6,2926.4,4322.95,2866.6,3245.6,47,1,3245.5,77,3,3245.4,318,5,3245.3,10,1,3245.2,89,7,3246.1,349,1,3246.8,3,1,3246.9,11,1,3247.0,215,7,3247.1,84,3
11536,2025-12-30 14:41:56+05:30,3246.1,1,3252.91,1722839,82671.0,109630.0,3250.0,3267.5,3239.8,3251.5,47105275,3576.6,2926.4,4322.95,2866.6,3245.6,47,1,3245.5,77,3,3245.4,318,5,3245.3,10,1,3245.2,89,7,3246.1,349,1,3246.8,3,1,3246.9,11,1,3247.0,215,7,3247.1,84,3
11536,2025-12-30 14:41:56+05:30,3246.1,1,3252.91,1722839,82549.0,111181.0,3250.0,3267.5,3239.8,3251.5,47105275,3576.6,2926.4,4322.95,2866.6,3245.6,99,2,3245.5,77,3,3245.4,318,5,3245.3,10,1,3245.2,89,7,3246.1,349,1,3246.8,3,1,3246.9,11,1,3247.0,215,7,3247.1,84,3
11536,2025-12-30 14:41:57+05:30,3246.1,1,3252.91,1722839,82549.0,111181.0,3250.0,3267.5,3239.8,3251.5,47105275,3576.6,2926.4,4322.95,2866.6,3245.6,99,2,3245.5,77,3,3245.4,318,5,3245.3,10,1,3245.2,89,7,3246.1,349,1,3246.8,3,1,3246.9,11,1,3247.0,215,7,3247.1,84,3
11536,2025-12-30 14:41:57+05:30,3246.1,1,3252.91,1722839,82487.0,110972.0,3250.0,3267.5,3239.8,3251.5,47105275,3576.6,2926.4,4322.95,2866.6,3245.9,47,1,3245.6,54,2,3245.5,106,4,3245.4,80,2,3245.3,185,2,3246.0,30,1,3246.1,349,1,3246.8,3,1,3246.9,11,1,3247.0,215,7
11536,2025-12-30 14:41:58+05:30,3246.0,3,3252.91,1722839,82487.0,110972.0,3250.0,3267.5,3239.8,3251.5,47105275,3576.6,2926.4,4322.95,2866.6,3245.9,47,1,3245.6,54,2,3245.5,106,4,3245.4,80,2,3245.3,185,2,3246.0,30,1,3246.1,349,1,3246.8,3,1,3246.9,11,1,3247.0,215,7
11536,2025-12-30 14:41:58+05:30,3246.0,3,3252.91,1722839,82487.0,110972.0,3250.0,3267.5,3239.8,3251.5,47105275,3576.6,2926.4,4322.95,2866.6,3245.9,47,1,3245.6,54,2,3245.5,106,4,3245.4,80,2,3245.3,185,2,3246.0,30,1,3246.1,349,1,3246.8,3,1,3246.9,11,1,3247.0,215,7
11536,2025-12-30 14:41:58+05:30,3245.9,155,3252.91,1723010,82486.0,110882.0,3250.0,3267.5,3239.8,3251.5,47105275,3576.6,2926.4,4322.95,2866.6,3245.9,47,1,3245.6,77,4,3245.5,94,3,3245.4,54,1,3245.3,219,3,3246.0,16,1,3246.1,349,1,3246.8,3,1,3247.0,197,5,3247.1,46,1
11536,2025-12-30 14:41:59+05:30,3245.9,23,3252.91,1723010,82486.0,110882.0,3250.0,3267.5,3239.8,3251.5,47105275,3576.6,2926.4,4322.95,2866.6,3245.9,47,1,3245.6,77,4,3245.5,94,3,3245.4,54,1,3245.3,219,3,3246.0,16,1,3246.1,349,1,3246.8,3,1,3247.0,197,5,3247.1,46,1
11536,2025-12-30 14:41:59+05:30,3245.9,23,3252.91,1723072,79499.0,109635.0,3250.0,3267.5,3239.8,3251.5,47105275,3576.6,2926.4,4322.95,2866.6,3245.6,56,3,3245.5,65,2,3245.4,80,2,3245.3,185,2,3245.2,70,6,3245.7,30,1,3245.9,67,1,3246.1,349,1,3246.6,21,1,3246.7,21,1
11536,2025-12-30 14:42:00+05:30,3245.4,13,3252.91,1723072,79499.0,109635.0,3250.0,3267.5,3239.8,3251.5,47105275,3576.6,2926.4,4322.95,2866.6,3245.6,56,3,3245.5,65,2,3245.4,80,2,3245.3,185,2,3245.2,70,6,3245.7,30,1,3245.9,67,1,3246.1,349,1,3246.6,21,1,3246.7,21,1
11536,2025-12-30 14:42:00+05:30,3245.4,13,3252.91,1723072,79499.0,109635.0,3250.0,3267.5,3239.8,3251.5,47105275,3576.6,2926.4,4322.95,2866.6,3245.6,56,3,3245.5,65,2,3245.4,80,2,3245.3,185,2,3245.2,70,6,3245.7,30,1,3245.9,67,1,3246.1,349,1,3246.6,21,1,3246.7,21,1
11536,2025-12-30 14:42:00+05:30,3245.4,13,3252.91,1723381,82491.0,111148.0,3250.0,3267.5,3239.8,3251.5,47105275,3576.6,2926.4,4322.95,2866.6,3245.5,162,1,3245.3,145,1,3245.2,46,5,3245.1,41,3,3245.0,870,45,3245.6,30,1,3245.7,14,1,3246.0,29,1,3246.1,349,1,3246.3,22,1
11536,2025-12-30 14:42:01+05:30,3245.4,90,3252.91,1723381,82491.0,111148.0,3250.0,3267.5,3239.8,3251.5,47105275,3576.6,2926.4,4322.95,2866.6,3245.5,162,1,3245.3,145,1,3245.2,46,5,3245.1,41,3,3245.0,870,45,3245.6,30,1,3245.7,14,1,3246.0,29,1,3246.1,349,1,3246.3,22,1
11536,2025-12-30 14:42:01+05:30,3245.4,90,3252.91,1723381,82491.0,111148.0,3250.0,3267.5,3239.8,3251.5,47105275,3576.6,2926.4,4322.95,2866.6,3245.5,162,1,3245.3,145,1,3245.2,46,5,3245.1,41,3,3245.0,870,45,3245.6,30,1,3245.7,14,1,3246.0,29,1,3246.1,349,1,3246.3,22,1
11536,2025-12-30 14:42:01+05:30,3245.5,1,3252.91,1723848,82473.0,111735.0,3250.0,3267.5,3239.8,3251.5,47105275,3576.6,2926.4,4322.95,2866.6,3245.4,402,2,3245.3,145,1,3245.2,46,5,3245.1,79,5,3245.0,1019,45,3245.5,30,2,3245.7,14,1,3246.0,29,1,3246.1,349,1,3246.4,50,1
11536,2025-12-30 14:42:02+05:30,3245.4,338,3252.91,1723848,82473.0,111735.0,3250.0,3267.5,3239.8,3251.5,47105275,3576.6,2926.4,4322.95,2866.6,3245.4,402,2,3245.3,145,1,3245.2,46,5,3245.1,79,5,3245.0,1019,45,3245.5,30,2,3245.7,14,1,3246.0,29,1,3246.1,349,1,3246.4,50,1
11536,2025-12-30 14:42:02+05:30,3245.5,1,3252.9,1725559,81991.0,110309.0,3250.0,3267.5,3239.8,3251.5,47105275,3576.6,2926.4,4322.95,2866.6,3245.3,145,1,3245.0,587,27,3244.7,3,1,3244.6,4,2,3244.5,78,6,3245.5,15,2,3245.8,21,1,3245.9,88,3,3246.0,54,3,3246.1,379,2
11536,2025-12-30 14:42:03+05:30,3245.5,1,3252.9,1725559,81991.0,110309.0,3250.0,3267.5,3239.8,3251.5,47105275,3576.6,2926.4,4322.95,2866.6,3245.3,145,1,3245.0,587,27,3244.7,3,1,3244.6,4,2,3244.5,78,6,3245.5,15,2,3245.8,21,1,3245.9,88,3,3246.0,54,3,3246.1,379,2
11536,2025-12-30 14:42:03+05:30,3245.5,1,3252.9,1725559,81991.0,110309.0,3250.0,3267.5,3239.8,3251.5,47105275,3576.6,2926.4,4322.95,2866.6,3245.3,145,1,3245.0,587,27,3244.7,3,1,3244.6,4,2,3244.5,78,6,3245.5,15,2,3245.8,21,1,3245.9,88,3,3246.0,54,3,3246.1,379,2
11536,2025-12-30 14:42:03+05:30,3245.2,46,3252.9,1726008,81865.0,111672.0,3250.0,3267.5,3239.8,3251.5,47105275,3576.6,2926.4,4322.95,2866.6,3245.2,451,2,3245.1,8,1,3245.0,470,28,3244.6,15,2,3244.5,98,7,3245.5,12,1,3245.8,21,1,3245.9,1,1,3246.0,32,2,3246.1,349,1
11536,2025-12-30 14:42:04+05:30,3245.2,46,3252.9,1726008,81865.0,111672.0,3250.0,3267.5,3239.8,3251.5,47105275,3576.6,2926.4,4322.95,2866.6,3245.2,451,2,3245.1,8,1,3245.0,470,28,3244.6,15,2,3244.5,98,7,3245.5,12,1,3245.8,21,1,3245.9,1,1,3246.0,32,2,3246.1,349,1
11536,2025-12-30 14:42:04+05:30,3245.2,46,3252.9,1726008,81865.0,111672.0,3250.0,3267.5,3239.8,3251.5,47105275,3576.6,2926.4,4322.95,2866.6,3245.2,451,2,3245.1,8,1,3245.0,470,28,3244.6,15,2,3244.5,98,7,3245.5,12,1,3245.8,21,1,3245.9,1,1,3246.0,32,2,3246.1,349,1
11536,2025-12-30 14:42:04+05:30,3245.2,160,3252.89,1726768,81876.0,111723.0,3250.0,3267.5,3239.8,3251.5,47105275,3576.6,2926.4,4322.95,2866.6,3245.2,77,1,3245.0,470,28,3244.9,101,1,3244.6,1,1,3244.5,78,6,3245.3,83,1,3245.9,63,3,3246.0,58,3,3246.1,349,1,3246.2,19,2
11536,2025-12-30 14:42:05+05:30,3245.2,160,3252.89,1726768,81876.0,111723.0,3250.0,3267.5,3239.8,3251.5,47105275,3576.6,2926.4,4322.95,2866.6,3245.2,77,1,3245.0,470,28,3244.9,101,1,3244.6,1,1,3244.5,78,6,3245.3,83,1,3245.9,63,3,3246.0,58,3,3246.1,349,1,3246.2,19,2
11536,2025-12-30 14:42:06+05:30,3245.1,29,3252.89,1726768,81876.0,111723.0,3250.0,3267.5,3239.8,3251.5,47105275,3576.6,2926.4,4322.95,2866.6,3245.2,17,1,3245.0,387,16,3244.9,89,2,3244.8,101,1,3244.6,19,2,3245.5,6,1,3245.9,1,1,3246.0,98,3,3246.1,399,2,3246.2,3,1
11536,2025-12-30 14:42:06+05:30,3245.1,29,3252.89,1726881,81822.0,111596.0,3250.0,3267.5,3239.8,3251.5,47105275,3576.6,2926.4,4322.95,2866.6,3245.2,17,1,3245.0,387,16,3244.9,89,2,3244.8,101,1,3244.6,19,2,3245.5,6,1,3245.9,1,1,3246.0,98,3,3246.1,399,2,3246.2,3,1
11536,2025-12-30 14:42:06+05:30,3245.1,29,3252.89,1726881,81822.0,111596.0,3250.0,3267.5,3239.8,3251.5,46238150,3576.6,2926.4,4322.95,2866.6,3245.2,17,1,3245.0,387,16,3244.9,89,2,3244.8,101,1,3244.6,19,2,3245.5,6,1,3245.9,1,1,3246.0,98,3,3246.1,399,2,3246.2,3,1
11536,2025-12-30 14:42:07+05:30,3244.9,530,3252.89,1726881,81822.0,111596.0,3250.0,3267.5,3239.8,3251.5,46238150,3576.6,2926.4,4322.95,2866.6,3245.2,17,1,3245.0,387,16,3244.9,89,2,3244.8,101,1,3244.6,19,2,3245.5,6,1,3245.9,1,1,3246.0,98,3,3246.1,399,2,3246.2,3,1
11536,2025-12-30 14:42:07+05:30,3244.7,3,3252.89,1728380,75673.0,112028.0,3250.0,3267.5,3239.8,3251.5,46238150,3576.6,2926.4,4322.95,2866.6,3244.7,98,1,3244.6,1,1,3244.5,26,5,3244.4,22,1,3244.2,1,1,3245.5,69,4,3245.6,38,3,3245.7,72,3,3245.8,172,5,3245.9,151,4
11536,2025-12-30 14:42:08+05:30,3244.7,29,3252.89,1728380,75673.0,112028.0,3250.0,3267.5,3239.8,3251.5,46238150,3576.6,2926.4,4322.95,2866.6,3244.7,98,1,3244.6,1,1,3244.5,26,5,3244.4,22,1,3244.2,1,1,3245.5,69,4,3245.6,38,3,3245.7,72,3,3245.8,172,5,3245.9,151,4
11536,2025-12-30 14:42:08+05:30,3244.7,29,3252.89,1728409,79430.0,112402.0,3250.0,3267.5,3239.8,3251.5,46238150,3576.6,2926.4,4322.95,2866.6,3244.8,69,1,3244.7,1,1,3244.6,1,1,3244.5,32,6,3244.2,22,2,3245.5,82,3,3245.6,22,2,3245.7,33,2,3245.8,108,4,3245.9,87,3
11536,2025-12-30 14:42:08+05:30,3244.7,29,3252.89,1728409,79430.0,112402.0,3250.0,3267.5,3239.8,3251.5,46238150,3576.6,2926.4,4322.95,2866.6,3244.8,69,1,3244.7,1,1,3244.6,1,1,3244.5,32,6,3244.2,22,2,3245.5,82,3,3245.6,22,2,3245.7,33,2,3245.8,108,4,3245.9,87,3
11536,2025-12-30 14:42:09+05:30,3244.8,39,3252.89,1728409,79430.0,112402.0,3250.0,3267.5,3239.8,3251.5,46238150,3576.6,2926.4,4322.95,2866.6,3244.8,69,1,3244.7,1,1,3244.6,1,1,3244.5,32,6,3244.2,22,2,3245.5,82,3,3245.6,22,2,3245.7,33,2,3245.8,108,4,3245.9,87,3
11536,2025-12-30 14:42:09+05:30,3244.8,39,3252.89,1728491,74469.0,112331.0,3250.0,3267.5,3239.8,3251.5,46238150,3576.6,2926.4,4322.95,2866.6,3244.8,5,1,3244.7,1,1,3244.6,1,1,3244.5,32,6,3244.2,22,2,3245.4,66,2,3245.5,27,1,3245.6,22,2,3245.7,67,3,3245.8,74,3
11536,2025-12-30 14:42:10+05:30,3245.4,30,3252.89,1728491,74469.0,112331.0,3250.0,3267.5,3239.8,3251.5,46238150,3576.6,2926.4,4322.95,2866.6,3244.8,5,1,3244.7,1,1,3244.6,1,1,3244.5,32,6,3244.2,22,2,3245.4,66,2,3245.5,27,1,3245.6,22,2,3245.7,67,3,3245.8,74,3
11536,2025-12-30 14:42:10+05:30,3245.4,30,3252.89,1728569,76922.0,112383.0,3250.0,3267.5,3239.8,3251.5,46238150,3576.6,2926.4,4322.95,2866.6,3245.4,16,2,3244.7,1,1,3244.6,1,1,3244.5,32,6,3244.4,21,1,3245.5,27,1,3245.6,68,3,3245.7,12,1,3245.8,48,2,3245.9,106,4
11536,2025-12-30 14:42:11+05:30,3244.5,13,3252.89,1728569,76922.0,112383.0,3250.0,3267.5,3239.8,3251.5,46238150,3576.6,2926.4,4322.95,2866.6,3245.4,16,2,3244.7,1,1,3244.6,1,1,3244.5,32,6,3244.4,21,1,3245.5,27,1,3245.6,68,3,3245.7,12,1,3245.8,48,2,3245.9,106,4
11536,2025-12-30 14:42:11+05:30,3244.5,13,3252.88,1728828,80119.0,112164.0,3250.0,3267.5,3239.8,3251.5,46238150,3576.6,2926.4,4322.95,2866.6,3245.2,175,1,3245.1,52,1,3244.8,3,1,3244.6,21,1,3244.5,29,5,3245.7,54,3,3245.8,47,2,3245.9,23,2,3246.0,96,5,3246.1,372,2
11536,2025-12-30 14:42:12+05:30,3245.2,1,3252.88,1728828,80119.0,112164.0,3250.0,3267.5,3239.8,3251.5,46238150,3576.6,2926.4,4322.95,2866.6,3245.2,175,1,3245.1,52,1,3244.8,3,1,3244.6,21,1,3244.5,29,5,3245.7,54,3,3245.8,47,2,3245.9,23,2,3246.0,96,5,3246.1,372,2
11536,2025-12-30 14:42:12+05:30,3245.2,1,3252.88,1728887,80327.0,111572.0,3250.0,3267.5,3239.8,3251.5,46238150,3576.6,2926.4,4322.95,2866.6,3245.6,118,1,3245.1,52,1,3244.8,24,2,3244.6,70,4,3244.5,104,7,3246.0,25,1,3246.1,368,2,3246.2,50,1,3246.3,30,1,3246.4,94,4
11536,2025-12-30 14:42:13+05:30,3245.6,53,3252.88,1728887,80327.0,111572.0,3250.0,3267.5,3239.8,3251.5,46238150,3576.6,2926.4,4322.95,2866.6,3245.6,118,1,3245.1,52,1,3244.8,24,2,3244.6,70,4,3244.5,104,7,3246.0,25,1,3246.1,368,2,3246.2,50,1,3246.3,30,1,3246.4,94,4
11536,2025-12-30 14:42:13+05:30,3245.6,1,3252.88,1728943,80311.0,112101.0,3250.0,3267.5,3239.8,3251.5,46238150,3576.6,2926.4,4322.95,2866.6,3245.6,50,1,3245.5,117,2,3245.3,15,1,3245.1,22,2,3244.8,24,2,3246.1,349,1,3246.4,44,3,3246.5,65,2,3246.6,98,3,3246.7,111,3
11536,2025-12-30 14:42:14+05:30,3245.6,50,3252.88,1728943,80311.0,112101.0,3250.0,3267.5,3239.8,3251.5,46238150,3576.6,2926.4,4322.95,2866.6,3245.6,50,1,3245.5,117,2,3245.3,15,1,3245.1,22,2,3244.8,24,2,3246.1,349,1,3246.4,44,3,3246.5,65,2,3246.6,98,3,3246.7,111,3
11536,2025-12-30 14:42:14+05:30,3245.6,50,3252.88,1728995,77754.0,111754.0,3250.0,3267.5,3239.8,3251.5,46238150,3576.6,2926.4,4322.95,2866.6,3245.5,117,2,3245.2,175,1,3245.1,22,2,3244.8,133,5,3244.7,25,2,3245.6,2,1,3246.1,347,1,3246.4,65,4,3246.5,44,1,3246.6,139,6
11536,2025-12-30 14:42:15+05:30,3245.6,1,3252.88,1728995,77754.0,111754.0,3250.0,3267.5,3239.8,3251.5,46238150,3576.6,2926.4,4322.95,2866.6,3245.5,117,2,3245.2,175,1,3245.1,22,2,3244.8,133,5,3244.7,25,2,3245.6,2,1,3246.1,347,1,3246.4,65,4,3246.5,44,1,3246.6,139,6
11536,2025-12-30 14:42:15+05:30,3245.6,1,3252.88,1729152,77777.0,111990.0,3250.0,3267.5,3239.8,3251.5,46238150,3576.6,2926.4,4322.95,2866.6,3245.5,52,1,3245.2,175,1,3245.1,3,1,3244.8,3,1,3244.7,1,1,3245.6,14,1,3246.0,30,1,3246.1,401,3,3246.3,68,2,3246.4,90,4
11536,2025-12-30 14:42:16+05:30,3245.5,46,3252.88,1729152,77777.0,111990.0,3250.0,3267.5,3239.8,3251.5,46238150,3576.6,2926.4,4322.95,2866.6,3245.5,52,1,3245.2,175,1,3245.1,3,1,3244.8,3,1,3244.7,1,1,3245.6,14,1,3246.0,30,1,3246.1,401,3,3246.3,68,2,3246.4,90,4
11536,2025-12-30 14:42:16+05:30,3245.5,46,3252.88,1729286,76007.0,111880.0,3250.0,3267.5,3239.8,3251.5,46238150,3576.6,2926.4,4322.95,2866.6,3245.5,6,1,3245.2,175,1,3245.1,3,1,3244.8,3,1,3244.7,1,1,3245.6,13,1,3246.0,30,1,3246.1,382,2,3246.3,86,3,3246.4,60,3
11536,2025-12-30 14:42:17+05:30,3245.5,72,3252.88,1729286,76007.0,111880.0,3250.0,3267.5,3239.8,3251.5,46238150,3576.6,2926.4,4322.95,2866.6,3245.5,6,1,3245.2,175,1,3245.1,3,1,3244.8,3,1,3244.7,1,1,3245.6,13,1,3246.0,30,1,3246.1,382,2,3246.3,86,3,3246.4,60,3
11536,2025-12-30 14:42:17+05:30,3245.5,72,3252.88,1729359,80855.0,110416.0,3250.0,3267.5,3239.8,3251.5,46238150,3576.6,2926.4,4322.95,2866.6,3245.4,175,1,3245.3,52,1,3245.1,180,3,3244.8,116,5,3244.7,1,1,3245.6,12,1,3246.1,382,2,3246.3,98,3,3246.4,14,2,3246.5,44,1
11536,2025-12-30 14:42:18+05:30,3245.5,123,3252.88,1729359,80855.0,110416.0,3250.0,3267.5,3239.8,3251.5,46238150,3576.6,2926.4,4322.95,2866.6,3245.4,175,1,3245.3,52,1,3245.1,180,3,3244.8,116,5,3244.7,1,1,3245.6,12,1,3246.1,382,2,3246.3,98,3,3246.4,14,2,3246.5,44,1
11536,2025-12-30 14:42:18+05:30,3245.5,123,3252.88,1730606,80643.0,111496.0,3250.0,3267.5,3239.8,3251.5,46238150,3576.6,2926.4,4322.95,2866.6,3245.4,16,1,3245.0,2,1,3244.9,3,1,3244.8,185,2,3244.7,3,2,3246.0,116,5,3246.1,363,2,3246.3,15,1,3246.4,117,3,3246.5,38,3
11536,2025-12-30 14:42:19+05:30,3245.0,87,3252.88,1730606,80643.0,111496.0,3250.0,3267.5,3239.8,3251.5,46238150,3576.6,2926.4,4322.95,2866.6,3245.4,16,1,3245.0,2,1,3244.9,3,1,3244.8,185,2,3244.7,3,2,3246.0,116,5,3246.1,363,2,3246.3,15,1,3246.4,117,3,3246.5,38,3
11536,2025-12-30 14:42:19+05:30,3245.0,87,3252.88,1730857,78828.0,111795.0,3250.0,3267.5,3239.8,3251.5,46238150,3576.6,2926.4,4322.95,2866.6,3244.8,262,5,3244.7,1,1,3244.5,184,11,3244.4,27,2,3244.3,50,1,3245.4,4,1,3245.9,3,1,3246.0,12,1,3246.1,413,3,3246.2,28,2
11536,2025-12-30 14:42:20+05:30,3244.8,115,3252.88,1730857,78828.0,111795.0,3250.0,3267.5,3239.8,3251.5,46238150,3576.6,2926.4,4322.95,2866.6,3244.8,262,5,3244.7,1,1,3244.5,184,11,3244.4,27,2,3244.3,50,1,3245.4,4,1,3245.9,3,1,3246.0,12,1,3246.1,413,3,3246.2,28,2
11536,2025-12-30 14:42:20+05:30,3244.8,115,3252.87,1731019,82252.0,111641.0,3250.0,3267.5,3239.8,3251.5,46238150,3576.6,2926.4,4322.95,2866.6,3245.0,510,2,3244.8,137,4,3244.7,1,1,3244.6,106,3,3244.5,211,13,3245.9,3,1,3246.1,347,1,3246.2,16,1,3246.4,50,1,3246.5,44,3
11536,2025-12-30 14:42:21+05:30,3245.0,193,3252.87,1731019,82252.0,111641.0,3250.0,3267.5,3239.8,3251.5,46238150,3576.6,2926.4,4322.95,2866.6,3245.0,510,2,3244.8,137,4,3244.7,1,1,3244.6,106,3,3244.5,211,13,3245.9,3,1,3246.1,347,1,3246.2,16,1,3246.4,50,1,3246.5,44,3
11536,2025-12-30 14:42:21+05:30,3245.0,193,3252.87,1731212,80021.0,111651.0,3250.0,3267.5,3239.8,3251.5,46238150,3576.6,2926.4,4322.95,2866.6,3245.0,317,2,3244.8,137,4,3244.7,1,1,3244.6,21,1,3244.5,211,13,3245.9,3,1,3246.1,435,3,3246.2,34,2,3246.4,50,1,3246.5,90,4
11536,2025-12-30 14:42:22+05:30,3246.1,182,3252.87,1731212,80021.0,111651.0,3250.0,3267.5,3239.8,3251.5,46238150,3576.6,2926.4,4322.95,2866.6,3245.0,317,2,3244.8,137,4,3244.7,1,1,3244.6,21,1,3244.5,211,13,3245.9,3,1,3246.1,435,3,3246.2,34,2,3246.4,50,1,3246.5,90,4
11536,2025-12-30 14:42:22+05:30,3245.0,155,3252.87,1731646,81707.0,110200.0,3250.0,3267.5,3239.8,3251.5,46238150,3576.6,2926.4,4322.95,2866.6,3245.0,97,3,3244.9,60,1,3244.8,47,2,3244.7,1,1,3244.6,85,3,3246.0,100,1,3246.1,164,1,3246.2,45,2,3246.4,80,3,3246.5,18,2
11536,2025-12-30 14:42:23+05:30,3246.0,3,3252.87,1731646,81707.0,110200.0,3250.0,3267.5,3239.8,3251.5,46238150,3576.6,2926.4,4322.95,2866.6,3245.0,97,3,3244.9,60,1,3244.8,47,2,3244.7,1,1,3244.6,85,3,3246.0,100,1,3246.1,164,1,3246.2,45,2,3246.4,80,3,3246.5,18,2
11536,2025-12-30 14:42:23+05:30,3246.0,1,3252.87,1731709,81654.0,112006.0,3250.0,3267.5,3239.8,3251.5,46238150,3576.6,2926.4,4322.95,2866.6,3245.3,1,1,3245.1,175,1,3245.0,105,2,3244.9,52,1,3244.8,47,2,3246.0,96,1,3246.1,183,2,3246.2,30,1,3246.3,39,2,3246.4,73,2
11536,2025-12-30 14:42:24+05:30,3246.0,96,3252.87,1731709,81654.0,112006.0,3250.0,3267.5,3239.8,3251.5,46238150,3576.6,2926.4,4322.95,2866.6,3245.3,1,1,3245.1,175,1,3245.0,105,2,3244.9,52,1,3244.8,47,2,3246.0,96,1,3246.1,183,2,3246.2,30,1,3246.3,39,2,3246.4,73,2
11536,2025-12-30 14:42:24+05:30,3246.0,96,3252.87,1731882,81953.0,111271.0,3250.0,3267.5,3239.8,3251.5,46238150,3576.6,2926.4,4322.95,2866.6,3246.0,12,1,3245.3,274,2,3245.1,206,2,3245.0,131,4,3244.9,38,1,3246.1,202,3,3246.2,16,1,3246.3,16,1,3246.4,83,3,3246.5,26,2
11536,2025-12-30 14:42:25+05:30,3246.0,19,3252.87,1731882,81953.0,111271.0,3250.0,3267.5,3239.8,3251.5,46238150,3576.6,2926.4,4322.95,2866.6,3246.0,12,1,3245.3,274,2,3245.1,206,2,3245.0,131,4,3244.9,38,1,3246.1,202,3,3246.2,16,1,3246.3,16,1,3246.4,83,3,3246.5,26,2
11536,2025-12-30 14:42:25+05:30,3246.1,1,3252.87,1732015,81976.0,111570.0,3250.0,3267.5,3239.8,3251.5,46238150,3576.6,2926.4,4322.95,2866.6,3245.7,51,1,3245.3,274,2,3245.1,175,1,3245.0,112,4,3244.9,83,2,3246.1,195,3,3246.2,35,2,3246.3,85,3,3246.4,90,4,3246.5,26,2
11536,2025-12-30 14:42:26+05:30,3246.1,1,3252.87,1732015,81976.0,111570.0,3250.0,3267.5,3239.8,3251.5,46238150,3576.6,2926.4,4322.95,2866.6,3245.7,51,1,3245.3,274,2,3245.1,175,1,3245.0,112,4,3244.9,83,2,3246.1,195,3,3246.2,35,2,3246.3,85,3,3246.4,90,4,3246.5,26,2
11536,2025-12-30 14:42:26+05:30,3245.3,57,3252.87,1732564,81704.0,112067.0,3250.0,3267.5,3239.8,3251.5,46238150,3576.6,2926.4,4322.95,2866.6,3245.3,293,2,3245.1,175,1,3245.0,113,5,3244.9,52,1,3244.8,21,1,3246.1,209,4,3246.2,54,2,3246.3,47,2,3246.4,73,5,3246.5,35,3
11536,2025-12-30 14:42:27+05:30,3246.1,118,3252.87,1732564,81704.0,112067.0,3250.0,3267.5,3239.8,3251.5,46238150,3576.6,2926.4,4322.95,2866.6,3245.3,293,2,3245.1,175,1,3245.0,113,5,3244.9,52,1,3244.8,21,1,3246.1,209,4,3246.2,54,2,3246.3,47,2,3246.4,73,5,3246.5,35,3
11536,2025-12-30 14:42:27+05:30,3245.3,123,3252.87,1732806,81554.0,111445.0,3250.0,3267.5,3239.8,3251.5,46238150,3576.6,2926.4,4322.95,2866.6,3245.3,52,1,3245.1,175,1,3245.0,113,5,3244.9,52,1,3244.8,52,2,3246.1,90,4,3246.2,47,2,3246.3,54,2,3246.4,105,6,3246.5,26,2
11536,2025-12-30 14:42:28+05:30,3245.3,123,3252.87,1732806,81554.0,111445.0,3250.0,3267.5,3239.8,3251.5,46238150,3576.6,2926.4,4322.95,2866.6,3245.3,52,1,3245.1,175,1,3245.0,113,5,3244.9,52,1,3244.8,52,2,3246.1,90,4,3246.2,47,2,3246.3,54,2,3246.4,105,6,3246.5,26,2
11536,2025-12-30 14:42:28+05:30,3245.3,48,3252.87,1732907,81734.0,111443.0,3250.0,3267.5,3239.8,3251.5,46238150,3576.6,2926.4,4322.95,2866.6,3245.3,177,3,3245.1,175,1,3245.0,113,5,3244.9,52,1,3244.8,52,2,3246.1,90,4,3246.2,95,3,3246.3,54,2,3246.4,105,6,3246.5,26,2
11536,2025-12-30 14:42:29+05:30,3245.3,37,3252.87,1732907,81734.0,111443.0,3250.0,3267.5,3239.8,3251.5,46238150,3576.6,2926.4,4322.95,2866.6,3245.3,177,3,3245.1,175,1,3245.0,113,5,3244.9,52,1,3244.8,52,2,3246.1,90,4,3246.2,95,3,3246.3,54,2,3246.4,105,6,3246.5,26,2
11536,2025-12-30 14:42:29+05:30,3245.3,108,3252.87,1733054,81469.0,111838.0,3250.0,3267.5,3239.8,3251.5,46238150,3576.6,2926.4,4322.95,2866.6,3245.3,31,2,3245.1,175,1,3245.0,113,5,3244.9,9,1,3244.8,21,1,3246.1,159,6,3246.2,74,3,3246.3,16,1,3246.4,105,6,3246.5,72,3
11536,2025-12-30 14:42:30+05:30,3245.3,108,3252.87,1733054,81469.0,111838.0,3250.0,3267.5,3239.8,3251.5,46238150,3576.6,2926.4,4322.95,2866.6,3245.3,31,2,3245.1,175,1,3245.0,113,5,3244.9,9,1,3244.8,21,1,3246.1,159,6,3246.2,74,3,3246.3,16,1,3246.4,105,6,3246.5,72,3
11536,2025-12-30 14:42:30+05:30,3245.1,155,3252.87,1733240,81426.0,112145.0,3250.0,3267.5,3239.8,3251.5,46238150,3576.6,2926.4,4322.95,2866.6,3245.1,20,1,3245.0,113,5,3244.9,9,1,3244.5,278,10,3244.4,20,2,3245.3,38,1,3246.0,82,3,3246.1,85,5,3246.2,103,4,3246.3,229,4
11536,2025-12-30 14:42:31+05:30,3245.1,155,3252.87,1733240,81426.0,112145.0,3250.0,3267.5,3239.8,3251.5,46238150,3576.6,2926.4,4322.95,2866.6,3245.1,20,1,3245.0,113,5,3244.9,9,1,3244.5,278,10,3244.4,20,2,3245.3,38,1,3246.0,82,3,3246.1,85,5,3246.2,103,4,3246.3,229,4
11536,2025-12-30 14:42:31+05:30,3245.1,1,3252.87,1733245,81441.0,112123.0,3250.0,3267.5,3239.8,3251.5,46238150,3576.6,2926.4,4322.95,2866.6,3245.1,19,1,3245.0,113,5,3244.9,9,1,3244.5,278,10,3244.4,20,2,3245.3,34,1,3245.7,72,2,3245.8,19,1,3246.0,63,2,3246.1,131,6
11536,2025-12-30 14:42:32+05:30,3245.3,2,3252.87,1733245,81441.0,112123.0,3250.0,3267.5,3239.8,3251.5,46238150,3576.6,2926.4,4322.95,2866.6,3245.1,19,1,3245.0,113,5,3244.9,9,1,3244.5,278,10,3244.4,20,2,3245.3,34,1,3245.7,72,2,3245.8,19,1,3246.0,63,2,3246.1,131,6
11536,2025-12-30 14:42:32+05:30,3244.8,2,3252.86,1734339,77428.0,111049.0,3250.0,3267.5,3239.8,3251.5,46238150,3576.6,2926.4,4322.95,2866.6,3244.5,175,1,3244.4,10,1,3244.3,26,3,3244.2,3,2,3244.1,33,5,3244.8,6,1,3245.3,49,3,3245.4,21,1,3245.6,60,3,3245.7,69,2
11536,2025-12-30 14:42:33+05:30,3244.8,2,3252.86,1734339,77428.0,111049.0,3250.0,3267.5,3239.8,3251.5,46238150,3576.6,2926.4,4322.95,2866.6,3244.5,175,1,3244.4,10,1,3244.3,26,3,3244.2,3,2,3244.1,33,5,3244.8,6,1,3245.3,49,3,3245.4,21,1,3245.6,60,3,3245.7,69,2
11536,2025-12-30 14:42:33+05:30,3244.5,104,3252.86,1734443,79835.0,110559.0,3250.0,3267.5,3239.8,3251.5,46238150,3576.6,2926.4,4322.95,2866.6,3244.5,75,2,3244.3,10,1,3244.2,1,1,3244.1,48,4,3244.0,286,14,3244.8,6,1,3245.3,49,3,3245.4,71,2,3245.6,78,4,3245.7,115,3
11536,2025-12-30 14:42:34+05:30,3244.5,104,3252.86,1734443,79835.0,110559.0,3250.0,3267.5,3239.8,3251.5,46238150,3576.6,2926.4,4322.95,2866.6,3244.5,75,2,3244.3,10,1,3244.2,1,1,3244.1,48,4,3244.0,286,14,3244.8,6,1,3245.3,49,3,3245.4,71,2,3245.6,78,4,3245.7,115,3
11536,2025-12-30 14:42:34+05:30,3244.5,1,3252.86,1734647,80701.0,112528.0,3250.0,3267.5,3239.8,3251.5,46238150,3576.6,2926.4,4322.95,2866.6,3244.5,174,1,3244.1,14,2,3244.0,286,14,3243.9,33,1,3243.8,94,5,3244.8,131,3,3245.1,9,1,3245.4,39,1,3245.5,50,1,3245.6,136,5
11536,2025-12-30 14:42:35+05:30,3244.3,103,3252.86,1734647,80701.0,112528.0,3250.0,3267.5,3239.8,3251.5,46238150,3576.6,2926.4,4322.95,2866.6,3244.5,174,1,3244.1,14,2,3244.0,286,14,3243.9,33,1,3243.8,94,5,3244.8,131,3,3245.1,9,1,3245.4,39,1,3245.5,50,1,3245.6,136,5
11536,2025-12-30 14:42:35+05:30,3244.8,3,3252.86,1734767,78874.0,109946.0,3250.0,3267.5,3239.8,3251.5,46238150,3576.6,2926.4,4322.95,2866.6,3244.3,71,1,3244.1,8,1,3244.0,286,14,3243.8,44,4,3243.7,117,5,3245.1,100,4,3245.2,56,3,3245.3,16,1,3245.4,36,2,3245.5,123,3
11536,2025-12-30 14:42:36+05:30,3244.8,3,3252.86,1734767,78874.0,109946.0,3250.0,3267.5,3239.8,3251.5,46238150,3576.6,2926.4,4322.95,2866.6,3244.3,71,1,3244.1,8,1,3244.0,286,14,3243.8,44,4,3243.7,117,5,3245.1,100,4,3245.2,56,3,3245.3,16,1,3245.4,36,2,3245.5,123,3
11536,2025-12-30 14:42:37+05:30,3245.1,1,3252.86,1734767,78874.0,109946.0,3250.0,3267.5,3239.8,3251.5,46238150,3576.6,2926.4,4322.95,2866.6,3244.3,71,1,3244.1,8,1,3244.0,286,14,3243.8,44,4,3243.7,117,5,3245.1,100,4,3245.2,56,3,3245.3,16,1,3245.4,36,2,3245.5,123,3
11536,2025-12-30 14:42:37+05:30,3245.1,1,3252.86,1734873,77082.0,111261.0,3250.0,3267.5,3239.8,3251.5,46238150,3576.6,2926.4,4322.95,2866.6,3244.3,10,1,3244.2,191,2,3244.1,54,3,3244.0,307,15,3243.9,29,1,3245.4,72,2,3245.5,30,1,3245.7,68,2,3245.8,55,3,3245.9,239,4
11536,2025-12-30 14:42:38+05:30,3245.1,4,3252.86,1734873,77082.0,111261.0,3250.0,3267.5,3239.8,3251.5,46238150,3576.6,2926.4,4322.95,2866.6,3244.3,10,1,3244.2,191,2,3244.1,54,3,3244.0,307,15,3243.9,29,1,3245.4,72,2,3245.5,30,1,3245.7,68,2,3245.8,55,3,3245.9,239,4
11536,2025-12-30 14:42:38+05:30,3245.1,4,3252.86,1734877,80883.0,111314.0,3250.0,3267.5,3239.8,3251.5,46238150,3576.6,2926.4,4322.95,2866.6,3244.2,218,3,3244.1,47,2,3244.0,307,15,3243.9,42,3,3243.8,176,9,3245.4,39,1,3245.5,40,2,3245.6,9,1,3245.7,140,6,3245.8,72,2
11536,2025-12-30 14:42:39+05:30,3244.2,10,3252.86,1734877,80883.0,111314.0,3250.0,3267.5,3239.8,3251.5,46238150,3576.6,2926.4,4322.95,2866.6,3244.2,218,3,3244.1,47,2,3244.0,307,15,3243.9,42,3,3243.8,176,9,3245.4,39,1,3245.5,40,2,3245.6,9,1,3245.7,140,6,3245.8,72,2
11536,2025-12-30 14:42:39+05:30,3245.4,3,3252.86,1735189,80476.0,111423.0,3250.0,3267.5,3239.8,3251.5,46238150,3576.6,2926.4,4322.95,2866.6,3244.2,241,4,3244.1,24,2,3244.0,346,16,3243.9,21,1,3243.8,47,6,3245.5,45,3,3245.6,48,3,3245.7,74,3,3245.8,93,3,3245.9,43,2
11536,2025-12-30 14:42:40+05:30,3245.5,1,3252.86,1735189,80476.0,111423.0,3250.0,3267.5,3239.8,3251.5,46238150,3576.6,2926.4,4322.95,2866.6,3244.2,241,4,3244.1,24,2,3244.0,346,16,3243.9,21,1,3243.8,47,6,3245.5,45,3,3245.6,48,3,3245.7,74,3,3245.8,93,3,3245.9,43,2
11536,2025-12-30 14:42:40+05:30,3245.5,1,3252.86,1735225,81042.0,111377.0,3250.0,3267.5,3239.8,3251.5,46238150,3576.6,2926.4,4322.95,2866.6,3244.3,67,4,3244.2,253,4,3244.1,142,5,3244.0,330,16,3243.9,3,1,3245.5,35,2,3245.6,30,2,3245.7,63,2,3245.8,28,1,3245.9,32,2
11536,2025-12-30 14:42:41+05:30,3245.5,15,3252.86,1735240,81168.0,111484.0,3250.0,3267.5,3239.8,3251.5,46238150,3576.6,2926.4,4322.95,2866.6,3244.3,11,2,3244.2,75,3,3244.1,61,3,3244.0,472,16,3243.9,3,1,3245.5,58,3,3245.7,92,3,3245.8,91,3,3245.9,64,3,3246.0,112,5
11536,2025-12-30 14:42:42+05:30,3245.5,9,3252.86,1735240,81168.0,111484.0,3250.0,3267.5,3239.8,3251.5,46238150,3576.6,2926.4,4322.95,2866.6,3244.3,11,2,3244.2,75,3,3244.1,61,3,3244.0,472,16,3243.9,3,1,3245.5,58,3,3245.7,92,3,3245.8,91,3,3245.9,64,3,3246.0,112,5
11536,2025-12-30 14:42:42+05:30,3244.2,1,3252.86,1735417,81085.0,109425.0,3250.0,3267.5,3239.8,3251.5,46238150,3576.6,2926.4,4322.95,2866.6,3244.2,42,2,3244.1,47,2,3244.0,472,16,3243.9,3,1,3243.8,77,7,3245.4,48,2,3245.5,79,4,3245.6,32,1,3245.7,86,3,3245.8,91,3
11536,2025-12-30 14:42:43+05:30,3244.2,1,3252.86,1735417,81085.0,109425.0,3250.0,3267.5,3239.8,3251.5,46238150,3576.6,2926.4,4322.95,2866.6,3244.2,42,2,3244.1,47,2,3244.0,472,16,3243.9,3,1,3243.8,77,7,3245.4,48,2,3245.5,79,4,3245.6,32,1,3245.7,86,3,3245.8,91,3
11536,2025-12-30 14:42:43+05:30,3244.2,1,3252.86,1735422,80340.0,111621.0,3250.0,3267.5,3239.8,3251.5,46238150,3576.6,2926.4,4322.95,2866.6,3244.2,31,1,3244.1,8,1,3244.0,287,15,3243.8,44,4,3243.7,3,1,3245.2,95,3,3245.3,45,3,3245.4,49,2,3245.5,78,3,3245.6,107,4
11536,2025-12-30 14:42:44+05:30,3244.2,1,3252.86,1735422,80731.0,112122.0,3250.0,3267.5,3239.8,3251.5,46238150,3576.6,2926.4,4322.95,2866.6,3244.2,31,1,3244.1,8,1,3244.0,287,15,3243.8,44,4,3243.7,3,1,3245.1,70,2,3245.2,39,2,3245.3,62,4,3245.4,49,2,3245.5,78,3
11536,2025-12-30 14:42:45+05:30,3245.1,1,3252.86,1735422,80731.0,112122.0,3250.0,3267.5,3239.8,3251.5,46238150,3576.6,2926.4,4322.95,2866.6,3244.2,31,1,3244.1,8,1,3244.0,287,15,3243.8,44,4,3243.7,3,1,3245.1,70,2,3245.2,39,2,3245.3,62,4,3245.4,49,2,3245.5,78,3
11536,2025-12-30 14:42:45+05:30,3245.1,1,3252.86,1735423,80834.0,112621.0,3250.0,3267.5,3239.8,3251.5,46238150,3576.6,2926.4,4322.95,2866.6,3244.2,34,2,3244.1,8,1,3244.0,287,15,3243.8,44,4,3243.7,3,1,3245.1,69,2,3245.2,39,2,3245.3,62,4,3245.4,49,2,3245.5,61,2
11536,2025-12-30 14:42:46+05:30,3245.1,1,3252.86,1735423,80834.0,112621.0,3250.0,3267.5,3239.8,3251.5,46238150,3576.6,2926.4,4322.95,2866.6,3244.2,34,2,3244.1,8,1,3244.0,287,15,3243.8,44,4,3243.7,3,1,3245.1,69,2,3245.2,39,2,3245.3,62,4,3245.4,49,2,3245.5,61,2
11536,2025-12-30 14:42:46+05:30,3245.2,6,3252.85,1735631,80961.0,111259.0,3250.0,3267.5,3239.8,3251.5,46238150,3576.6,2926.4,4322.95,2866.6,3244.2,43,3,3244.1,18,2,3244.0,348,16,3243.9,71,3,3243.8,107,6,3245.2,32,1,3245.3,10,1,3245.7,36,2,3245.8,202,2,3245.9,89,4
11536,2025-12-30 14:42:47+05:30,3245.2,1,3252.85,1735631,80961.0,111259.0,3250.0,3267.5,3239.8,3251.5,46238150,3576.6,2926.4,4322.95,2866.6,3244.2,43,3,3244.1,18,2,3244.0,348,16,3243.9,71,3,3243.8,107,6,3245.2,32,1,3245.3,10,1,3245.7,36,2,3245.8,202,2,3245.9,89,4
11536,2025-12-30 14:42:47+05:30,3243.8,6,3252.85,1736761,80448.0,110708.0,3250.0,3267.5,3239.8,3251.5,46238150,3576.6,2926.4,4322.95,2866.6,3243.9,25,1,3243.7,25,1,3243.6,68,3,3243.5,345,3,3243.4,87,8,3245.3,74,3,3245.4,61,2,3245.5,63,2,3245.6,40,2,3245.7,50,1
11536,2025-12-30 14:42:48+05:30,3245.3,1,3252.85,1736761,80448.0,110708.0,3250.0,3267.5,3239.8,3251.5,46238150,3576.6,2926.4,4322.95,2866.6,3243.9,25,1,3243.7,25,1,3243.6,68,3,3243.5,345,3,3243.4,87,8,3245.3,74,3,3245.4,61,2,3245.5,63,2,3245.6,40,2,3245.7,50,1
11536,2025-12-30 14:42:48+05:30,3245.3,1,3252.85,1736897,81439.0,108818.0,3250.0,3267.5,3239.8,3251.5,46238150,3576.6,2926.4,4322.95,2866.6,3243.9,43,2,3243.8,81,5,3243.7,71,4,3243.6,176,11,3243.5,170,2,3245.3,165,5,3245.4,61,2,3245.5,17,1,3245.6,67,2,3245.7,50,1
11536,2025-12-30 14:42:49+05:30,3243.9,1,3252.85,1736897,81439.0,108818.0,3250.0,3267.5,3239.8,3251.5,46238150,3576.6,2926.4,4322.95,2866.6,3243.9,43,2,3243.8,81,5,3243.7,71,4,3243.6,176,11,3243.5,170,2,3245.3,165,5,3245.4,61,2,3245.5,17,1,3245.6,67,2,3245.7,50,1
11536,2025-12-30 14:42:49+05:30,3245.3,10,3252.85,1736983,81337.0,111270.0,3250.0,3267.5,3239.8,3251.5,46238150,3576.6,2926.4,4322.95,2866.6,3243.9,4,1,3243.8,1,1,3243.7,71,4,3243.6,150,11,3243.5,220,3,3245.3,156,5,3245.4,61,2,3245.5,63,2,3245.6,21,1,3245.7,50,1
11536,2025-12-30 14:42:50+05:30,3245.3,10,3252.85,1736983,81337.0,111270.0,3250.0,3267.5,3239.8,3251.5,46238150,3576.6,2926.4,4322.95,2866.6,3243.9,4,1,3243.8,1,1,3243.7,71,4,3243.6,150,11,3243.5,220,3,3245.3,156,5,3245.4,61,2,3245.5,63,2,3245.6,21,1,3245.7,50,1
11536,2025-12-30 14:42:50+05:30,3245.4,1,3252.85,1737140,79300.0,111397.0,3250.0,3267.5,3239.8,3251.5,46238150,3576.6,2926.4,4322.95,2866.6,3244.1,145,2,3244.0,71,2,3243.9,17,2,3243.8,69,4,3243.7,131,4,3245.6,125,7,3245.7,147,5,3245.8,67,2,3245.9,47,3,3246.0,101,6
11536,2025-12-30 14:42:51+05:30,3245.4,1,3252.85,1737140,79300.0,111397.0,3250.0,3267.5,3239.8,3251.5,46238150,3576.6,2926.4,4322.95,2866.6,3244.1,145,2,3244.0,71,2,3243.9,17,2,3243.8,69,4,3243.7,131,4,3245.6,125,7,3245.7,147,5,3245.8,67,2,3245.9,47,3,3246.0,101,6
11536,2025-12-30 14:42:51+05:30,3244.1,2,3252.85,1737145,79342.0,111247.0,3250.0,3267.5,3239.8,3251.5,46238150,3576.6,2926.4,4322.95,2866.6,3244.1,143,2,3244.0,71,2,3243.9,42,3,3243.8,69,4,3243.7,81,2,3245.6,122,7,3245.7,158,6,3245.8,67,2,3245.9,47,3,3246.0,101,6
11536,2025-12-30 14:42:52+05:30,3245.7,7,3252.85,1737145,79342.0,111247.0,3250.0,3267.5,3239.8,3251.5,46238150,3576.6,2926.4,4322.95,2866.6,3244.1,143,2,3244.0,71,2,3243.9,42,3,3243.8,69,4,3243.7,81,2,3245.6,122,7,3245.7,158,6,3245.8,67,2,3245.9,47,3,3246.0,101,6
11536,2025-12-30 14:42:52+05:30,3245.7,7,3252.85,1737327,81648.0,111071.0,3250.0,3267.5,3239.8,3251.5,46238150,3576.6,2926.4,4322.95,2866.6,3244.3,96,4,3244.2,49,3,3244.1,30,2,3244.0,112,4,3243.9,249,6,3245.6,38,3,3245.7,25,1,3246.0,120,5,3246.1,26,1,3246.2,184,4
11536,2025-12-30 14:42:53+05:30,3245.6,3,3252.85,1737327,81648.0,111071.0,3250.0,3267.5,3239.8,3251.5,46238150,3576.6,2926.4,4322.95,2866.6,3244.3,96,4,3244.2,49,3,3244.1,30,2,3244.0,112,4,3243.9,249,6,3245.6,38,3,3245.7,25,1,3246.0,120,5,3246.1,26,1,3246.2,184,4
11536,2025-12-30 14:42:53+05:30,3244.3,10,3252.85,1737340,81572.0,111309.0,3250.0,3267.5,3239.8,3251.5,46238150,3576.6,2926.4,4322.95,2866.6,3244.3,60,2,3244.2,39,2,3244.1,30,2,3244.0,143,5,3243.9,165,4,3245.6,125,6,3245.9,212,2,3246.0,160,8,3246.1,43,2,3246.2,29,3
11536,2025-12-30 14:42:54+05:30,3244.3,10,3252.85,1737340,81572.0,111309.0,3250.0,3267.5,3239.8,3251.5,46238150,3576.6,2926.4,4322.95,2866.6,3244.3,60,2,3244.2,39,2,3244.1,30,2,3244.0,143,5,3243.9,165,4,3245.6,125,6,3245.9,212,2,3246.0,160,8,3246.1,43,2,3246.2,29,3
11536,2025-12-30 14:42:54+05:30,3244.3,51,3252.84,1737610,81454.0,111213.0,3250.0,3267.5,3239.8,3251.5,46238150,3576.6,2926.4,4322.95,2866.6,3244.3,60,2,3244.2,76,3,3244.1,9,2,3244.0,92,4,3243.9,165,4,3245.7,114,5,3245.8,28,1,3245.9,46,1,3246.0,82,5,3246.1,45,2
11536,2025-12-30 14:42:55+05:30,3245.7,2,3252.84,1737610,81454.0,111213.0,3250.0,3267.5,3239.8,3251.5,46238150,3576.6,2926.4,4322.95,2866.6,3244.3,60,2,3244.2,76,3,3244.1,9,2,3244.0,92,4,3243.9,165,4,3245.7,114,5,3245.8,28,1,3245.9,46,1,3246.0,82,5,3246.1,45,2
11536,2025-12-30 14:42:55+05:30,3245.9,8,3252.84,1737622,81505.0,107849.0,3250.0,3267.5,3239.8,3251.5,46238150,3576.6,2926.4,4322.95,2866.6,3244.5,60,2,3244.4,30,2,3244.3,224,4,3244.2,239,6,3244.1,91,4,3245.9,139,6,3246.0,10,1,3246.1,25,1,3246.2,67,2,3246.3,20,2
11536,2025-12-30 14:42:56+05:30,3244.5,1,3252.84,1737622,81505.0,107849.0,3250.0,3267.5,3239.8,3251.5,46238150,3576.6,2926.4,4322.95,2866.6,3244.5,60,2,3244.4,30,2,3244.3,224,4,3244.2,239,6,3244.1,91,4,3245.9,139,6,3246.0,10,1,3246.1,25,1,3246.2,67,2,3246.3,20,2
11536,2025-12-30 14:42:56+05:30,3244.5,1,3252.84,1737623,81515.0,109953.0,3250.0,3267.5,3239.8,3251.5,46238150,3576.6,2926.4,4322.95,2866.6,3244.5,27,1,3244.4,100,4,3244.3,224,4,3244.2,208,5,3244.1,91,4,3245.8,58,3,3245.9,80,3,3246.0,10,1,3246.1,88,3,3246.2,21,1
11536,2025-12-30 14:42:57+05:30,3244.5,1,3252.84,1737623,81594.0,109943.0,3250.0,3267.5,3239.8,3251.5,46238150,3576.6,2926.4,4322.95,2866.6,3244.5,195,7,3244.4,38,2,3244.3,261,5,3244.2,158,4,3244.1,91,4,3245.8,58,3,3245.9,80,3,3246.0,10,1,3246.1,42,2,3246.2,67,2
11536,2025-12-30 14:42:58+05:30,3244.6,2,3252.84,1737623,81594.0,109943.0,3250.0,3267.5,3239.8,3251.5,46238150,3576.6,2926.4,4322.95,2866.6,3244.5,195,7,3244.4,38,2,3244.3,261,5,3244.2,158,4,3244.1,91,4,3245.8,58,3,3245.9,80,3,3246.0,10,1,3246.1,42,2,3246.2,67,2
11536,2025-12-30 14:42:58+05:30,3244.5,1,3252.84,1737820,81476.0,110201.0,3250.0,3267.5,3239.8,3251.5,46238150,3576.6,2926.4,4322.95,2866.6,3244.5,61,3,3244.4,80,4,3244.3,224,4,3244.2,158,4,3244.1,115,4,3245.9,118,4,3246.0,20,2,3246.1,87,3,3246.2,57,2,3246.3,68,3
11536,2025-12-30 14:42:59+05:30,3245.9,1,3252.84,1737820,81476.0,110201.0,3250.0,3267.5,3239.8,3251.5,46238150,3576.6,2926.4,4322.95,2866.6,3244.5,61,3,3244.4,80,4,3244.3,224,4,3244.2,158,4,3244.1,115,4,3245.9,118,4,3246.0,20,2,3246.1,87,3,3246.2,57,2,3246.3,68,3
11536,2025-12-30 14:42:59+05:30,3245.9,1,3252.84,1737821,81473.0,109846.0,3250.0,3267.5,3239.8,3251.5,46238150,3576.6,2926.4,4322.95,2866.6,3244.5,61,3,3244.4,59,3,3244.3,224,4,3244.2,181,5,3244.1,115,4,3245.9,131,5,3246.0,20,2,3246.1,87,3,3246.2,57,2,3246.3,68,3
11536,2025-12-30 14:43:00+05:30,3245.9,1,3252.84,1737822,81482.0,109864.0,3250.0,3267.5,3239.8,3251.5,46238150,3576.6,2926.4,4322.95,2866.6,3244.5,61,3,3244.4,59,3,3244.3,249,5,3244.2,158,4,3244.1,122,5,3245.9,130,5,3246.0,20,2,3246.1,87,3,3246.2,74,3,3246.3,68,3
11536,2025-12-30 14:43:01+05:30,3245.9,1,3252.84,1737822,81482.0,109864.0,3250.0,3267.5,3239.8,3251.5,46238150,3576.6,2926.4,4322.95,2866.6,3244.5,61,3,3244.4,59,3,3244.3,249,5,3244.2,158,4,3244.1,122,5,3245.9,130,5,3246.0,20,2,3246.1,87,3,3246.2,74,3,3246.3,68,3
11536,2025-12-30 14:43:01+05:30,3244.5,1,3252.84,1737824,79951.0,109967.0,3250.0,3267.5,3239.8,3251.5,46238150,3576.6,2926.4,4322.95,2866.6,3244.6,41,2,3244.5,97,4,3244.4,95,4,3244.3,249,5,3244.2,158,4,3245.9,100,4,3246.0,59,3,3246.1,44,1,3246.2,104,4,3246.3,66,3
11536,2025-12-30 14:43:02+05:30,3244.5,1,3252.84,1737824,79951.0,109967.0,3250.0,3267.5,3239.8,3251.5,46238150,3576.6,2926.4,4322.95,2866.6,3244.6,41,2,3244.5,97,4,3244.4,95,4,3244.3,249,5,3244.2,158,4,3245.9,100,4,3246.0,59,3,3246.1,44,1,3246.2,104,4,3246.3,66,3
11536,2025-12-30 14:43:02+05:30,3244.4,5,3252.84,1739038,81963.0,109716.0,3250.0,3267.5,3239.8,3251.5,46238150,3576.6,2926.4,4322.95,2866.6,3244.7,254,4,3244.6,33,2,3244.5,53,2,3244.4,59,3,3244.3,254,4,3245.9,13,1,3246.0,10,1,3246.3,3,1,3246.4,83,4,3246.5,77,2
11536,2025-12-30 14:43:03+05:30,3244.4,5,3252.84,1739038,81963.0,109716.0,3250.0,3267.5,3239.8,3251.5,46238150,3576.6,2926.4,4322.95,2866.6,3244.7,254,4,3244.6,33,2,3244.5,53,2,3244.4,59,3,3244.3,254,4,3245.9,13,1,3246.0,10,1,3246.3,3,1,3246.4,83,4,3246.5,77,2
11536,2025-12-30 14:43:03+05:30,3244.4,5,3252.84,1739038,81743.0,107663.0,3250.0,3267.5,3239.8,3251.5,46238150,3576.6,2926.4,4322.95,2866.6,3244.8,215,3,3244.6,67,3,3244.5,25,1,3244.4,79,4,3244.3,279,5,3245.9,13,1,3246.0,10,1,3246.3,3,1,3246.4,83,4,3246.5,77,2
11536,2025-12-30 14:43:04+05:30,3245.9,13,3252.84,1739077,82303.0,109608.0,3250.0,3267.5,3239.8,3251.5,46238150,3576.6,2926.4,4322.95,2866.6,3245.9,5,1,3245.0,195,2,3244.9,63,2,3244.8,141,6,3244.7,53,2,3246.0,10,1,3246.3,30,1,3246.5,130,4,3246.6,11,1,3246.7,52,1
11536,2025-12-30 14:43:05+05:30,3246.0,1,3252.84,1739077,82303.0,109608.0,3250.0,3267.5,3239.8,3251.5,46238150,3576.6,2926.4,4322.95,2866.6,3245.9,5,1,3245.0,195,2,3244.9,63,2,3244.8,141,6,3244.7,53,2,3246.0,10,1,3246.3,30,1,3246.5,130,4,3246.6,11,1,3246.7,52,1
11536,2025-12-30 14:43:05+05:30,3246.0,1,3252.84,1739078,82930.0,109380.0,3250.0,3267.5,3239.8,3251.5,46238150,3576.6,2926.4,4322.95,2866.6,3245.9,407,3,3245.6,46,3,3245.5,17,1,3245.4,82,2,3245.3,188,2,3246.0,9,1,3246.9,42,2,3247.0,233,3,3247.2,194,8,3247.3,34,1
11536,2025-12-30 14:43:06+05:30,3246.0,1,3252.84,1739236,82068.0,109816.0,3250.0,3267.5,3239.8,3251.5,46238150,3576.6,2926.4,4322.95,2866.6,3245.9,253,3,3245.7,51,2,3245.6,46,3,3245.5,53,2,3245.4,75,2,3246.0,7,1,3246.9,42,2,3247.0,203,2,3247.2,122,5,3247.4,300,5
11536,2025-12-30 14:43:07+05:30,3246.0,1,3252.84,1739236,82068.0,109816.0,3250.0,3267.5,3239.8,3251.5,46238150,3576.6,2926.4,4322.95,2866.6,3245.9,253,3,3245.7,51,2,3245.6,46,3,3245.5,53,2,3245.4,75,2,3246.0,7,1,3246.9,42,2,3247.0,203,2,3247.2,122,5,3247.4,300,5
11536,2025-12-30 14:43:07+05:30,3247.0,2,3252.84,1739245,82632.0,108643.0,3250.0,3267.5,3239.8,3251.5,46238150,3576.6,2926.4,4322.95,2866.6,3246.3,180,2,3246.0,32,2,3245.9,295,3,3245.8,39,1,3245.7,55,2,3247.0,198,1,3247.6,105,4,3247.7,190,2,3247.8,152,5,3247.9,393,4
11536,2025-12-30 14:43:08+05:30,3247.0,4,3252.84,1739245,82632.0,108643.0,3250.0,3267.5,3239.8,3251.5,46238150,3576.6,2926.4,4322.95,2866.6,3246.3,180,2,3246.0,32,2,3245.9,295,3,3245.8,39,1,3245.7,55,2,3247.0,198,1,3247.6,105,4,3247.7,190,2,3247.8,152,5,3247.9,393,4
11536,2025-12-30 14:43:08+05:30,3246.3,39,3252.84,1739288,82397.0,108659.0,3250.0,3267.5,3239.8,3251.5,46238150,3576.6,2926.4,4322.95,2866.6,3246.3,141,2,3246.0,53,3,3245.9,295,3,3245.8,39,1,3245.7,101,4,3247.0,194,1,3247.3,1,1,3247.6,88,4,3247.7,67,2,3247.8,106,4
11536,2025-12-30 14:43:09+05:30,3246.3,39,3252.84,1739288,82397.0,108659.0,3250.0,3267.5,3239.8,3251.5,46238150,3576.6,2926.4,4322.95,2866.6,3246.3,141,2,3246.0,53,3,3245.9,295,3,3245.8,39,1,3245.7,101,4,3247.0,194,1,3247.3,1,1,3247.6,88,4,3247.7,67,2,3247.8,106,4
11536,2025-12-30 14:43:09+05:30,3247.0,37,3252.84,1739440,82534.0,108218.0,3250.0,3267.5,3239.8,3251.5,46238150,3576.6,2926.4,4322.95,2866.6,3246.3,306,7,3246.2,102,4,3246.1,17,1,3246.0,48,3,3245.9,302,3,3247.0,42,1,3247.3,1,1,3247.6,1,1,3247.8,208,4,3247.9,343,3
11536,2025-12-30 14:43:10+05:30,3247.0,1,3252.84,1739440,82534.0,108218.0,3250.0,3267.5,3239.8,3251.5,46238150,3576.6,2926.4,4322.95,2866.6,3246.3,306,7,3246.2,102,4,3246.1,17,1,3246.0,48,3,3245.9,302,3,3247.0,42,1,3247.3,1,1,3247.6,1,1,3247.8,208,4,3247.9,343,3
11536,2025-12-30 14:43:10+05:30,3247.0,2,3252.83,1739773,82387.0,107743.0,3250.0,3267.5,3239.8,3251.5,46238150,3576.6,2926.4,4322.95,2866.6,3246.3,99,2,3246.2,39,1,3245.9,250,2,3245.8,22,1,3245.7,55,2,3247.0,39,1,3247.1,50,2,3247.2,69,3,3247.3,22,2,3247.5,33,3
11536,2025-12-30 14:43:11+05:30,3247.0,2,3252.83,1739773,82387.0,107743.0,3250.0,3267.5,3239.8,3251.5,46238150,3576.6,2926.4,4322.95,2866.6,3246.3,99,2,3246.2,39,1,3245.9,250,2,3245.8,22,1,3245.7,55,2,3247.0,39,1,3247.1,50,2,3247.2,69,3,3247.3,22,2,3247.5,33,3
11536,2025-12-30 14:43:11+05:30,3246.3,1,3252.83,1739776,82054.0,108502.0,3250.0,3267.5,3239.8,3251.5,46238150,3576.6,2926.4,4322.95,2866.6,3246.3,137,3,3245.9,250,2,3245.8,60,2,3245.7,55,2,3245.6,31,3,3247.0,51,2,3247.2,52,2,3247.3,33,2,3247.4,69,5,3247.5,67,3
11536,2025-12-30 14:43:12+05:30,3246.3,1,3252.83,1739776,82054.0,108502.0,3250.0,3267.5,3239.8,3251.5,46238150,3576.6,2926.4,4322.95,2866.6,3246.3,137,3,3245.9,250,2,3245.8,60,2,3245.7,55,2,3245.6,31,3,3247.0,51,2,3247.2,52,2,3247.3,33,2,3247.4,69,5,3247.5,67,3
11536,2025-12-30 14:43:12+05:30,3247.0,279,3252.83,1740949,83292.0,108142.0,3250.0,3267.5,3239.8,3251.5,46238150,3576.6,2926.4,4322.95,2866.6,3247.0,400,1,3246.3,131,3,3246.2,20,1,3246.1,3,1,3246.0,22,1,3247.3,1,1,3247.4,11,1,3247.5,15,2,3247.6,14,3,3247.7,61,3
11536,2025-12-30 14:43:13+05:30,3247.0,279,3252.83,1740949,83292.0,108142.0,3250.0,3267.5,3239.8,3251.5,46238150,3576.6,2926.4,4322.95,2866.6,3247.0,400,1,3246.3,131,3,3246.2,20,1,3246.1,3,1,3246.0,22,1,3247.3,1,1,3247.4,11,1,3247.5,15,2,3247.6,14,3,3247.7,61,3
11536,2025-12-30 14:43:13+05:30,3247.0,36,3252.83,1742173,81947.0,108398.0,3250.0,3267.5,3239.8,3251.5,46238150,3576.6,2926.4,4322.95,2866.6,3247.0,185,3,3246.3,5,1,3246.2,20,1,3246.1,3,1,3246.0,22,1,3247.3,63,6,3247.4,28,2,3247.5,36,3,3247.6,53,5,3247.7,57,2
11536,2025-12-30 14:43:14+05:30,3247.0,4,3252.83,1742173,81947.0,108398.0,3250.0,3267.5,3239.8,3251.5,46238150,3576.6,2926.4,4322.95,2866.6,3247.0,185,3,3246.3,5,1,3246.2,20,1,3246.1,3,1,3246.0,22,1,3247.3,63,6,3247.4,28,2,3247.5,36,3,3247.6,53,5,3247.7,57,2
11536,2025-12-30 14:43:14+05:30,3247.2,1,3252.82,1742757,82090.0,108469.0,3250.0,3267.5,3239.8,3251.5,46238150,3576.6,2926.4,4322.95,2866.6,3246.7,59,1,3246.3,5,1,3246.1,3,1,3246.0,31,2,3245.9,265,3,3247.2,82,3,3247.3,14,3,3247.4,44,3,3247.5,32,3,3247.6,90,5
11536,2025-12-30 14:43:15+05:30,3247.2,1,3252.82,1742757,82090.0,108469.0,3250.0,3267.5,3239.8,3251.5,46238150,3576.6,2926.4,4322.95,2866.6,3246.7,59,1,3246.3,5,1,3246.1,3,1,3246.0,31,2,3245.9,265,3,3247.2,82,3,3247.3,14,3,3247.4,44,3,3247.5,32,3,3247.6,90,5
11536,2025-12-30 14:43:15+05:30,3247.2,1,3252.82,1742758,77618.0,107772.0,3250.0,3267.5,3239.8,3251.5,46238150,3576.6,2926.4,4322.95,2866.6,3246.8,175,1,3246.3,15,2,3246.2,129,4,3246.1,144,6,3246.0,295,5,3247.3,1,1,3247.4,29,2,3247.5,15,2,3247.6,46,4,3247.7,11,1
11536,2025-12-30 14:43:16+05:30,3246.8,1,3252.82,1742760,82581.0,107390.0,3250.0,3267.5,3239.8,3251.5,46238150,3576.6,2926.4,4322.95,2866.6,3247.0,12,1,3246.8,174,1,3246.5,175,1,3246.4,75,3,3246.3,42,4,3247.6,11,2,3247.7,11,1,3247.8,52,3,3247.9,49,3,3248.0,45,4
11536,2025-12-30 14:43:17+05:30,3247.6,1,3252.82,1742760,82581.0,107390.0,3250.0,3267.5,3239.8,3251.5,46238150,3576.6,2926.4,4322.95,2866.6,3247.0,12,1,3246.8,174,1,3246.5,175,1,3246.4,75,3,3246.3,42,4,3247.6,11,2,3247.7,11,1,3247.8,52,3,3247.9,49,3,3248.0,45,4
11536,2025-12-30 14:43:17+05:30,3247.3,1059,3252.82,1743820,82631.0,106611.0,3250.0,3267.5,3239.8,3251.5,46238150,3576.6,2926.4,4322.95,2866.6,3247.3,401,2,3247.0,71,2,3246.8,174,1,3246.7,55,2,3246.6,22,1,3247.8,28,3,3247.9,11,2,3248.0,42,2,3248.1,24,2,3248.2,47,2
11536,2025-12-30 14:43:18+05:30,3247.3,1059,3252.82,1743820,82631.0,106611.0,3250.0,3267.5,3239.8,3251.5,46238150,3576.6,2926.4,4322.95,2866.6,3247.3,401,2,3247.0,71,2,3246.8,174,1,3246.7,55,2,3246.6,22,1,3247.8,28,3,3247.9,11,2,3248.0,42,2,3248.1,24,2,3248.2,47,2
11536,2025-12-30 14:43:18+05:30,3247.3,39,3252.82,1744014,82439.0,108073.0,3250.0,3267.5,3239.8,3251.5,46238150,3576.6,2926.4,4322.95,2866.6,3247.3,207,2,3247.0,71,2,3246.8,174,1,3246.7,3,1,3246.6,22,1,3247.8,28,3,3247.9,11,2,3248.0,42,2,3248.1,45,3,3248.2,69,3
11536,2025-12-30 14:43:19+05:30,3247.3,15,3252.82,1744014,82439.0,108073.0,3250.0,3267.5,3239.8,3251.5,46238150,3576.6,2926.4,4322.95,2866.6,3247.3,207,2,3247.0,71,2,3246.8,174,1,3246.7,3,1,3246.6,22,1,3247.8,28,3,3247.9,11,2,3248.0,42,2,3248.1,45,3,3248.2,69,3
11536,2025-12-30 14:43:19+05:30,3247.8,9,3252.82,1744096,82520.0,108575.0,3250.0,3267.5,3239.8,3251.5,46238150,3576.6,2926.4,4322.95,2866.6,3247.4,59,1,3247.3,244,4,3247.0,12,1,3246.8,195,2,3246.7,3,1,3247.9,84,4,3248.0,48,3,3248.1,28,2,3248.2,33,3,3248.3,10,1
11536,2025-12-30 14:43:20+05:30,3247.8,9,3252.82,1744096,82520.0,108575.0,3250.0,3267.5,3239.8,3251.5,46238150,3576.6,2926.4,4322.95,2866.6,3247.4,59,1,3247.3,244,4,3247.0,12,1,3246.8,195,2,3246.7,3,1,3247.9,84,4,3248.0,48,3,3248.1,28,2,3248.2,33,3,3248.3,10,1
11536,2025-12-30 14:43:20+05:30,3247.9,14,3252.82,1744111,82560.0,108858.0,3250.0,3267.5,3239.8,3251.5,46238150,3576.6,2926.4,4322.95,2866.6,3247.4,59,1,3247.3,244,4,3247.0,12,1,3246.8,195,2,3246.7,55,2,3247.9,69,3,3248.0,48,3,3248.1,28,2,3248.2,33,3,3248.3,10,1
11536,2025-12-30 14:43:21+05:30,3247.9,14,3252.82,1744111,82560.0,108858.0,3250.0,3267.5,3239.8,3251.5,46238150,3576.6,2926.4,4322.95,2866.6,3247.4,59,1,3247.3,244,4,3247.0,12,1,3246.8,195,2,3246.7,55,2,3247.9,69,3,3248.0,48,3,3248.1,28,2,3248.2,33,3,3248.3,10,1
11536,2025-12-30 14:43:21+05:30,3247.6,1,3252.82,1744113,82507.0,105433.0,3250.0,3267.5,3239.8,3251.5,46238150,3576.6,2926.4,4322.95,2866.6,3247.6,58,1,3247.3,244,4,3247.0,12,1,3246.8,195,2,3246.7,3,1,3247.9,67,3,3248.0,48,3,3248.1,7,1,3248.2,12,2,3248.3,31,2
11536,2025-12-30 14:43:22+05:30,3248.8,18,3252.82,1744113,82507.0,105433.0,3250.0,3267.5,3239.8,3251.5,46238150,3576.6,2926.4,4322.95,2866.6,3247.6,58,1,3247.3,244,4,3247.0,12,1,3246.8,195,2,3246.7,3,1,3247.9,67,3,3248.0,48,3,3248.1,7,1,3248.2,12,2,3248.3,31,2
11536,2025-12-30 14:43:22+05:30,3247.7,21,3252.8,1758656,82386.0,105854.0,3250.0,3267.5,3239.8,3251.5,46238150,3576.6,2926.4,4322.95,2866.6,3247.7,122,4,3247.6,170,4,3247.5,32,1,3247.4,38,1,3247.3,548,8,3248.6,10,1,3249.1,18,1,3249.2,30,4,3249.3,17,1,3249.5,253,4
11536,2025-12-30 14:43:23+05:30,3248.6,3,3252.8,1758656,82386.0,105854.0,3250.0,3267.5,3239.8,3251.5,46238150,3576.6,2926.4,4322.95,2866.6,3247.7,122,4,3247.6,170,4,3247.5,32,1,3247.4,38,1,3247.3,548,8,3248.6,10,1,3249.1,18,1,3249.2,30,4,3249.3,17,1,3249.5,253,4
11536,2025-12-30 14:43:23+05:30,3248.6,3,3252.8,1758659,79562.0,104910.0,3250.0,3267.5,3239.8,3251.5,46238150,3576.6,2926.4,4322.95,2866.6,3248.5,58,1,3248.0,46,1,3247.9,106,3,3247.8,60,2,3247.7,236,5,3249.2,11,2,3249.3,32,1,3249.4,21,1,3249.5,28,2,3249.6,127,7
11536,2025-12-30 14:43:24+05:30,3249.2,2,3252.8,1758659,79562.0,104910.0,3250.0,3267.5,3239.8,3251.5,46238150,3576.6,2926.4,4322.95,2866.6,3248.5,58,1,3248.0,46,1,3247.9,106,3,3247.8,60,2,3247.7,236,5,3249.2,11,2,3249.3,32,1,3249.4,21,1,3249.5,28,2,3249.6,127,7
11536,2025-12-30 14:43:24+05:30,3249.2,8,3252.8,1758670,81812.0,106293.0,3250.0,3267.5,3239.8,3251.5,46238150,3576.6,2926.4,4322.95,2866.6,3249.2,4,1,3248.5,113,3,3248.3,46,1,3248.2,135,3,3248.1,64,2,3249.6,36,2,3249.7,32,1,3249.9,185,8,3250.0,147,6,3250.1,53,3
11536,2025-12-30 14:43:25+05:30,3249.6,1,3252.8,1758670,81812.0,106293.0,3250.0,3267.5,3239.8,3251.5,46238150,3576.6,2926.4,4322.95,2866.6,3249.2,4,1,3248.5,113,3,3248.3,46,1,3248.2,135,3,3248.1,64,2,3249.6,36,2,3249.7,32,1,3249.9,185,8,3250.0,147,6,3250.1,53,3
11536,2025-12-30 14:43:25+05:30,3249.6,1,3252.8,1758671,81802.0,106357.0,3250.0,3267.5,3239.8,3251.5,46238150,3576.6,2926.4,4322.95,2866.6,3249.5,58,1,3249.2,4,1,3248.5,55,2,3248.4,73,2,3248.3,46,1,3249.6,33,2,3249.7,32,1,3249.9,148,5,3250.0,32,3,3250.1,32,2
11536,2025-12-30 14:43:26+05:30,3249.5,17,3252.8,1758671,81802.0,106357.0,3250.0,3267.5,3239.8,3251.5,46238150,3576.6,2926.4,4322.95,2866.6,3249.5,58,1,3249.2,4,1,3248.5,55,2,3248.4,73,2,3248.3,46,1,3249.6,33,2,3249.7,32,1,3249.9,148,5,3250.0,32,3,3250.1,32,2
11536,2025-12-30 14:43:26+05:30,3249.6,1,3252.8,1758905,81138.0,106479.0,3250.0,3267.5,3239.8,3251.5,46238150,3576.6,2926.4,4322.95,2866.6,3248.5,80,3,3248.2,63,2,3248.1,87,3,3248.0,41,2,3247.9,98,3,3249.6,64,4,3249.7,16,1,3249.8,241,5,3249.9,183,6,3250.0,54,4
11536,2025-12-30 14:43:27+05:30,3249.6,1,3252.8,1758905,81138.0,106479.0,3250.0,3267.5,3239.8,3251.5,46238150,3576.6,2926.4,4322.95,2866.6,3248.5,80,3,3248.2,63,2,3248.1,87,3,3248.0,41,2,3247.9,98,3,3249.6,64,4,3249.7,16,1,3249.8,241,5,3249.9,183,6,3250.0,54,4
11536,2025-12-30 14:43:27+05:30,3248.5,18,3252.8,1758923,81135.0,106409.0,3250.0,3267.5,3239.8,3251.5,46238150,3576.6,2926.4,4322.95,2866.6,3248.5,62,3,3248.2,63,2,3248.1,87,3,3248.0,41,2,3247.9,98,3,3249.6,64,4,3249.7,16,1,3249.8,224,4,3249.9,98,3,3250.0,54,4
11536,2025-12-30 14:43:28+05:30,3248.5,3,3252.8,1758923,81135.0,106409.0,3250.0,3267.5,3239.8,3251.5,46238150,3576.6,2926.4,4322.95,2866.6,3248.5,62,3,3248.2,63,2,3248.1,87,3,3248.0,41,2,3247.9,98,3,3249.6,64,4,3249.7,16,1,3249.8,224,4,3249.9,98,3,3250.0,54,4
11536,2025-12-30 14:43:28+05:30,3248.5,20,3252.8,1758966,81193.0,106242.0,3250.0,3267.5,3239.8,3251.5,46238150,3576.6,2926.4,4322.95,2866.6,3248.5,25,3,3248.4,346,2,3248.2,71,2,3248.1,3,1,3248.0,41,2,3249.6,95,5,3249.7,34,2,3249.8,203,3,3249.9,116,4,3250.0,54,4
11536,2025-12-30 14:43:29+05:30,3248.5,20,3252.8,1758966,81193.0,106242.0,3250.0,3267.5,3239.8,3251.5,46238150,3576.6,2926.4,4322.95,2866.6,3248.5,25,3,3248.4,346,2,3248.2,71,2,3248.1,3,1,3248.0,41,2,3249.6,95,5,3249.7,34,2,3249.8,203,3,3249.9,116,4,3250.0,54,4
11536,2025-12-30 14:43:29+05:30,3248.5,20,3252.8,1758966,81014.0,106215.0,3250.0,3267.5,3239.8,3251.5,46238150,3576.6,2926.4,4322.95,2866.6,3248.5,71,4,3248.4,409,2,3248.3,46,1,3248.2,25,1,3248.1,3,1,3249.6,95,5,3249.7,34,2,3249.8,203,3,3249.9,95,3,3250.0,51,4
11536,2025-12-30 14:43:31+05:30,3249.6,9,3252.79,1759135,81704.0,106141.0,3250.0,3267.5,3239.8,3251.5,46238150,3576.6,2926.4,4322.95,2866.6,3248.5,49,2,3248.4,389,3,3248.3,84,2,3248.2,41,2,3248.1,23,2,3249.6,39,2,3249.7,18,1,3249.8,183,2,3249.9,127,4,3250.0,30,4
11536,2025-12-30 14:43:31+05:30,3249.6,9,3252.79,1759135,81704.0,106141.0,3250.0,3267.5,3239.8,3251.5,46238150,3576.6,2926.4,4322.95,2866.6,3248.5,49,2,3248.4,389,3,3248.3,84,2,3248.2,41,2,3248.1,23,2,3249.6,39,2,3249.7,18,1,3249.8,183,2,3249.9,127,4,3250.0,30,4
11536,2025-12-30 14:43:32+05:30,3248.5,553,3252.79,1759135,81704.0,106141.0,3250.0,3267.5,3239.8,3251.5,46238150,3576.6,2926.4,4322.95,2866.6,3248.5,49,2,3248.4,389,3,3248.3,84,2,3248.2,41,2,3248.1,23,2,3249.6,39,2,3249.7,18,1,3249.8,183,2,3249.9,127,4,3250.0,30,4
11536,2025-12-30 14:43:32+05:30,3248.5,553,3252.79,1759740,78659.0,106419.0,3250.0,3267.5,3239.8,3251.5,46238150,3576.6,2926.4,4322.95,2866.6,3248.5,346,2,3248.4,73,1,3248.2,142,4,3248.1,23,2,3248.0,39,2,3249.6,67,2,3249.7,18,1,3249.8,16,1,3249.9,78,2,3250.0,28,3
11536,2025-12-30 14:43:33+05:30,3249.5,1,3252.79,1759740,78659.0,106419.0,3250.0,3267.5,3239.8,3251.5,46238150,3576.6,2926.4,4322.95,2866.6,3248.5,346,2,3248.4,73,1,3248.2,142,4,3248.1,23,2,3248.0,39,2,3249.6,67,2,3249.7,18,1,3249.8,16,1,3249.9,78,2,3250.0,28,3
11536,2025-12-30 14:43:33+05:30,3249.5,1,3252.79,1760812,81915.0,106123.0,3250.0,3267.5,3239.8,3251.5,46238150,3576.6,2926.4,4322.95,2866.6,3248.6,340,2,3248.5,2,1,3248.4,73,1,3248.3,32,1,3248.2,200,5,3249.7,27,1,3249.8,193,2,3249.9,150,5,3250.0,28,3,3250.1,32,2
11536,2025-12-30 14:43:34+05:30,3249.5,1,3252.79,1760812,81806.0,106148.0,3250.0,3267.5,3239.8,3251.5,46238150,3576.6,2926.4,4322.95,2866.6,3248.6,340,2,3248.5,2,1,3248.4,73,1,3248.2,162,4,3248.1,3,1,3249.7,110,4,3249.8,18,1,3249.9,78,2,3250.0,28,3,3250.1,213,3
11536,2025-12-30 14:43:35+05:30,3249.6,1,3252.79,1760812,81806.0,106148.0,3250.0,3267.5,3239.8,3251.5,46238150,3576.6,2926.4,4322.95,2866.6,3248.6,340,2,3248.5,2,1,3248.4,73,1,3248.2,162,4,3248.1,3,1,3249.7,110,4,3249.8,18,1,3249.9,78,2,3250.0,28,3,3250.1,213,3
11536,2025-12-30 14:43:35+05:30,3249.6,1,3252.79,1761015,82251.0,105845.0,3250.0,3267.5,3239.8,3251.5,46238150,3576.6,2926.4,4322.95,2866.6,3249.2,181,1,3248.6,86,2,3248.5,2,1,3248.4,125,2,3248.3,46,1,3249.6,23,2,3249.7,5,1,3249.8,10,1,3249.9,101,5,3250.0,3,1
11536,2025-12-30 14:43:36+05:30,3249.6,1,3252.79,1761015,82262.0,105667.0,3250.0,3267.5,3239.8,3251.5,46238150,3576.6,2926.4,4322.95,2866.6,3249.6,50,1,3249.2,181,1,3248.7,3,1,3248.6,134,2,3248.5,2,1,3249.7,5,1,3249.8,78,4,3249.9,35,2,3250.0,41,2,3250.1,25,1
11536,2025-12-30 14:43:37+05:30,3249.6,1,3252.79,1761015,82348.0,105701.0,3250.0,3267.5,3239.8,3251.5,46238150,3576.6,2926.4,4322.95,2866.6,3249.6,231,2,3248.7,55,2,3248.6,82,1,3248.5,2,1,3248.4,147,3,3249.7,36,4,3249.8,42,2,3250.0,41,2,3250.1,25,1,3250.2,71,4
11536,2025-12-30 14:43:38+05:30,3249.7,1,3252.79,1761172,82178.0,105688.0,3250.0,3267.5,3239.8,3251.5,46238150,3576.6,2926.4,4322.95,2866.6,3249.6,76,2,3248.7,3,1,3248.6,82,1,3248.5,2,1,3248.4,147,3,3249.7,27,3,3249.8,10,1,3249.9,49,2,3250.0,41,2,3250.1,25,1
11536,2025-12-30 14:43:39+05:30,3249.6,39,3252.79,1761172,82178.0,105688.0,3250.0,3267.5,3239.8,3251.5,46238150,3576.6,2926.4,4322.95,2866.6,3249.6,76,2,3248.7,3,1,3248.6,82,1,3248.5,2,1,3248.4,147,3,3249.7,27,3,3249.8,10,1,3249.9,49,2,3250.0,41,2,3250.1,25,1
11536,2025-12-30 14:43:39+05:30,3249.7,36,3252.79,1761282,81633.0,105541.0,3250.0,3267.5,3239.8,3251.5,46238150,3576.6,2926.4,4322.95,2866.6,3249.6,37,2,3248.7,64,2,3248.6,82,1,3248.5,3,2,3248.4,147,3,3249.7,1,1,3249.8,78,4,3249.9,5,1,3250.0,41,2,3250.1,25,1
11536,2025-12-30 14:43:40+05:30,3249.7,36,3252.79,1761282,81633.0,105541.0,3250.0,3267.5,3239.8,3251.5,46238150,3576.6,2926.4,4322.95,2866.6,3249.6,37,2,3248.7,64,2,3248.6,82,1,3248.5,3,2,3248.4,147,3,3249.7,1,1,3249.8,78,4,3249.9,5,1,3250.0,41,2,3250.1,25,1
11536,2025-12-30 14:43:40+05:30,3249.7,36,3252.79,1761282,80674.0,105013.0,3250.0,3267.5,3239.8,3251.5,46238150,3576.6,2926.4,4322.95,2866.6,3249.6,99,3,3248.7,3,1,3248.6,21,1,3248.5,49,3,3248.4,121,4,3250.2,86,4,3250.3,17,1,3250.4,168,1,3250.5,106,4,3250.6,99,3
11536,2025-12-30 14:43:41+05:30,3250.0,2,3252.79,1761284,81134.0,105804.0,3250.0,3267.5,3239.8,3251.5,46238150,3576.6,2926.4,4322.95,2866.6,3250.0,34,1,3249.6,63,2,3248.8,3,1,3248.7,154,2,3248.6,67,2,3250.2,86,4,3250.4,6,1,3250.5,85,3,3250.6,26,1,3250.7,123,5
11536,2025-12-30 14:43:42+05:30,3250.2,7,3252.79,1761284,81134.0,105804.0,3250.0,3267.5,3239.8,3251.5,46238150,3576.6,2926.4,4322.95,2866.6,3250.0,34,1,3249.6,63,2,3248.8,3,1,3248.7,154,2,3248.6,67,2,3250.2,86,4,3250.4,6,1,3250.5,85,3,3250.6,26,1,3250.7,123,5
11536,2025-12-30 14:43:42+05:30,3250.0,542,3252.79,1762514,79728.0,105937.0,3250.0,3267.5,3239.8,3251.5,46238150,3576.6,2926.4,4322.95,2866.6,3250.0,186,1,3249.6,62,1,3248.8,21,1,3248.7,102,1,3248.6,48,2,3250.2,72,4,3250.3,16,1,3250.4,60,3,3250.5,47,2,3250.6,47,2
11536,2025-12-30 14:43:43+05:30,3250.0,1,3252.79,1762514,79728.0,105937.0,3250.0,3267.5,3239.8,3251.5,46238150,3576.6,2926.4,4322.95,2866.6,3250.0,186,1,3249.6,62,1,3248.8,21,1,3248.7,102,1,3248.6,48,2,3250.2,72,4,3250.3,16,1,3250.4,60,3,3250.5,47,2,3250.6,47,2
11536,2025-12-30 14:43:44+05:30,3250.2,1,3252.79,1762516,81239.0,106886.0,3250.0,3267.5,3239.8,3251.5,46238150,3576.6,2926.4,4322.95,2866.6,3250.0,185,1,3249.6,62,1,3248.8,21,1,3248.7,102,1,3248.6,94,3,3250.2,84,5,3250.3,54,2,3250.4,6,1,3250.5,67,3,3250.6,47,2
11536,2025-12-30 14:43:44+05:30,3250.2,1,3252.79,1762516,81239.0,106886.0,3250.0,3267.5,3239.8,3251.5,46238150,3576.6,2926.4,4322.95,2866.6,3250.0,185,1,3249.6,62,1,3248.8,21,1,3248.7,102,1,3248.6,94,3,3250.2,84,5,3250.3,54,2,3250.4,6,1,3250.5,67,3,3250.6,47,2
11536,2025-12-30 14:43:45+05:30,3250.2,1,3252.79,1762517,81778.0,106852.0,3250.0,3267.5,3239.8,3251.5,46238150,3576.6,2926.4,4322.95,2866.6,3250.0,320,2,3249.6,62,1,3248.8,40,2,3248.7,200,3,3248.6,223,3,3250.2,38,3,3250.3,38,1,3250.5,79,3,3250.6,26,1,3250.7,304,6
11536,2025-12-30 14:43:45+05:30,3250.2,1,3252.79,1762517,81778.0,106852.0,3250.0,3267.5,3239.8,3251.5,46238150,3576.6,2926.4,4322.95,2866.6,3250.0,320,2,3249.6,62,1,3248.8,40,2,3248.7,200,3,3248.6,223,3,3250.2,38,3,3250.3,38,1,3250.5,79,3,3250.6,26,1,3250.7,304,6
11536,2025-12-30 14:43:46+05:30,3250.2,1,3252.79,1762518,81488.0,107115.0,3250.0,3267.5,3239.8,3251.5,46238150,3576.6,2926.4,4322.95,2866.6,3250.0,320,2,3249.6,62,1,3249.5,10,1,3248.8,89,4,3248.7,329,3,3250.6,83,5,3250.7,56,3,3250.8,67,2,3250.9,372,4,3251.0,540,5
11536,2025-12-30 14:43:47+05:30,3250.0,23,3252.79,1762518,81488.0,107115.0,3250.0,3267.5,3239.8,3251.5,46238150,3576.6,2926.4,4322.95,2866.6,3250.0,320,2,3249.6,62,1,3249.5,10,1,3248.8,89,4,3248.7,329,3,3250.6,83,5,3250.7,56,3,3250.8,67,2,3250.9,372,4,3251.0,540,5
11536,2025-12-30 14:43:47+05:30,3250.0,23,3252.79,1762700,81266.0,107713.0,3250.0,3267.5,3239.8,3251.5,46238150,3576.6,2926.4,4322.95,2866.6,3250.0,141,2,3249.6,62,1,3249.5,10,1,3248.8,43,3,3248.7,200,3,3250.5,109,5,3250.6,41,3,3250.7,2,1,3250.8,274,5,3250.9,372,4
11536,2025-12-30 14:43:48+05:30,3248.7,73,3252.79,1762700,81266.0,107713.0,3250.0,3267.5,3239.8,3251.5,46238150,3576.6,2926.4,4322.95,2866.6,3250.0,141,2,3249.6,62,1,3249.5,10,1,3248.8,43,3,3248.7,200,3,3250.5,109,5,3250.6,41,3,3250.7,2,1,3250.8,274,5,3250.9,372,4
11536,2025-12-30 14:43:48+05:30,3248.7,73,3252.79,1763701,82410.0,106792.0,3250.0,3267.5,3239.8,3251.5,46238150,3576.6,2926.4,4322.95,2866.6,3248.5,105,7,3248.4,89,3,3248.3,62,3,3248.2,72,2,3248.1,94,4,3248.7,58,1,3249.9,169,1,3250.0,63,2,3250.1,43,1,3250.2,117,3
11536,2025-12-30 14:43:49+05:30,3248.7,14,3252.79,1763701,82410.0,106792.0,3250.0,3267.5,3239.8,3251.5,46238150,3576.6,2926.4,4322.95,2866.6,3248.5,105,7,3248.4,89,3,3248.3,62,3,3248.2,72,2,3248.1,94,4,3248.7,58,1,3249.9,169,1,3250.0,63,2,3250.1,43,1,3250.2,117,3
11536,2025-12-30 14:43:49+05:30,3248.7,14,3252.79,1763812,80679.0,108105.0,3250.0,3267.5,3239.8,3251.5,46238150,3576.6,2926.4,4322.95,2866.6,3248.7,14,4,3248.6,68,3,3248.5,104,5,3248.4,84,4,3248.3,45,3,3250.0,364,7,3250.1,61,1,3250.2,144,7,3250.3,88,3,3250.4,51,3
11536,2025-12-30 14:43:50+05:30,3248.6,31,3252.78,1763967,79784.0,108095.0,3250.0,3267.5,3239.8,3251.5,46238150,3576.6,2926.4,4322.95,2866.6,3248.6,72,4,3248.5,104,5,3248.4,52,3,3248.3,13,3,3248.2,119,5,3249.6,1,1,3249.9,164,1,3250.0,124,3,3250.1,70,2,3250.2,135,6
11536,2025-12-30 14:43:51+05:30,3249.6,1,3252.78,1763967,79784.0,108095.0,3250.0,3267.5,3239.8,3251.5,46238150,3576.6,2926.4,4322.95,2866.6,3248.6,72,4,3248.5,104,5,3248.4,52,3,3248.3,13,3,3248.2,119,5,3249.6,1,1,3249.9,164,1,3250.0,124,3,3250.1,70,2,3250.2,135,6
11536,2025-12-30 14:43:51+05:30,3249.6,1,3252.78,1763968,81116.0,107917.0,3250.0,3267.5,3239.8,3251.5,46238150,3576.6,2926.4,4322.95,2866.6,3248.6,72,4,3248.5,143,6,3248.4,73,4,3248.3,38,4,3248.2,119,5,3250.0,74,4,3250.1,181,1,3250.2,83,5,3250.3,167,5,3250.4,51,3
11536,2025-12-30 14:43:52+05:30,3250.2,1,3252.78,1763968,81116.0,107917.0,3250.0,3267.5,3239.8,3251.5,46238150,3576.6,2926.4,4322.95,2866.6,3248.6,72,4,3248.5,143,6,3248.4,73,4,3248.3,38,4,3248.2,119,5,3250.0,74,4,3250.1,181,1,3250.2,83,5,3250.3,167,5,3250.4,51,3
11536,2025-12-30 14:43:52+05:30,3248.6,22,3252.78,1764257,81390.0,107870.0,3250.0,3267.5,3239.8,3251.5,46238150,3576.6,2926.4,4322.95,2866.6,3248.6,56,4,3248.5,104,5,3248.4,54,3,3248.3,5,2,3248.2,144,6,3250.0,260,5,3250.1,10,1,3250.2,112,5,3250.3,86,3,3250.4,50,3
11536,2025-12-30 14:43:53+05:30,3248.6,22,3252.78,1764257,81390.0,107870.0,3250.0,3267.5,3239.8,3251.5,46238150,3576.6,2926.4,4322.95,2866.6,3248.6,56,4,3248.5,104,5,3248.4,54,3,3248.3,5,2,3248.2,144,6,3250.0,260,5,3250.1,10,1,3250.2,112,5,3250.3,86,3,3250.4,50,3
11536,2025-12-30 14:43:53+05:30,3248.6,55,3252.78,1764357,81433.0,107872.0,3250.0,3267.5,3239.8,3251.5,46238150,3576.6,2926.4,4322.95,2866.6,3248.6,113,3,3248.5,47,5,3248.4,72,3,3248.3,5,2,3248.2,144,6,3249.9,85,3,3250.0,66,4,3250.1,173,1,3250.2,112,5,3250.3,86,3
11536,2025-12-30 14:43:54+05:30,3248.6,55,3252.78,1764357,81433.0,107872.0,3250.0,3267.5,3239.8,3251.5,46238150,3576.6,2926.4,4322.95,2866.6,3248.6,113,3,3248.5,47,5,3248.4,72,3,3248.3,5,2,3248.2,144,6,3249.9,85,3,3250.0,66,4,3250.1,173,1,3250.2,112,5,3250.3,86,3
11536,2025-12-30 14:43:54+05:30,3248.6,35,3252.78,1764549,81718.0,107736.0,3250.0,3267.5,3239.8,3251.5,46238150,3576.6,2926.4,4322.95,2866.6,3249.9,1,1,3248.8,21,1,3248.6,159,4,3248.5,137,7,3248.4,97,4,3250.0,23,2,3250.2,70,3,3250.3,20,1,3250.4,82,3,3250.5,55,3
11536,2025-12-30 14:43:55+05:30,3250.0,10,3252.78,1764549,81718.0,107736.0,3250.0,3267.5,3239.8,3251.5,46238150,3576.6,2926.4,4322.95,2866.6,3249.9,1,1,3248.8,21,1,3248.6,159,4,3248.5,137,7,3248.4,97,4,3250.0,23,2,3250.2,70,3,3250.3,20,1,3250.4,82,3,3250.5,55,3
11536,2025-12-30 14:43:55+05:30,3250.0,10,3252.78,1764572,81996.0,107150.0,3250.0,3267.5,3239.8,3251.5,46238150,3576.6,2926.4,4322.95,2866.6,3250.0,86,1,3249.9,1,1,3249.0,23,2,3248.9,53,2,3248.8,21,1,3250.4,128,5,3250.6,32,2,3250.8,118,4,3250.9,418,5,3251.0,503,3
11536,2025-12-30 14:43:56+05:30,3250.4,1,3252.78,1764573,81997.0,107156.0,3250.0,3267.5,3239.8,3251.5,46238150,3576.6,2926.4,4322.95,2866.6,3250.0,86,1,3249.9,1,1,3249.0,23,2,3248.9,53,2,3248.8,21,1,3250.4,127,5,3250.6,32,2,3250.8,118,4,3250.9,418,5,3251.0,503,3
11536,2025-12-30 14:43:57+05:30,3250.4,1,3252.78,1764573,81997.0,107156.0,3250.0,3267.5,3239.8,3251.5,46238150,3576.6,2926.4,4322.95,2866.6,3250.0,86,1,3249.9,1,1,3249.0,23,2,3248.9,53,2,3248.8,21,1,3250.4,127,5,3250.6,32,2,3250.8,118,4,3250.9,418,5,3251.0,503,3
11536,2025-12-30 14:43:57+05:30,3250.4,1,3252.78,1764660,81141.0,107646.0,3250.0,3267.5,3239.8,3251.5,46238150,3576.6,2926.4,4322.95,2866.6,3250.0,96,1,3249.0,20,1,3248.8,21,1,3248.7,153,1,3248.6,405,7,3250.4,139,6,3250.5,16,1,3250.6,32,2,3250.7,49,2,3250.8,121,5
11536,2025-12-30 14:43:58+05:30,3250.0,2,3252.78,1764660,81141.0,107646.0,3250.0,3267.5,3239.8,3251.5,46238150,3576.6,2926.4,4322.95,2866.6,3250.0,96,1,3249.0,20,1,3248.8,21,1,3248.7,153,1,3248.6,405,7,3250.4,139,6,3250.5,16,1,3250.6,32,2,3250.7,49,2,3250.8,121,5
11536,2025-12-30 14:43:58+05:30,3250.0,96,3252.78,1764916,81454.0,107831.0,3250.0,3267.5,3239.8,3251.5,46238150,3576.6,2926.4,4322.95,2866.6,3250.0,96,1,3249.0,20,1,3248.8,196,2,3248.7,175,1,3248.6,222,5,3250.4,136,6,3250.5,26,2,3250.6,77,4,3250.7,69,3,3250.8,121,5
11536,2025-12-30 14:43:59+05:30,3250.0,39,3252.78,1764916,81454.0,107831.0,3250.0,3267.5,3239.8,3251.5,46238150,3576.6,2926.4,4322.95,2866.6,3250.0,96,1,3249.0,20,1,3248.8,196,2,3248.7,175,1,3248.6,222,5,3250.4,136,6,3250.5,26,2,3250.6,77,4,3250.7,69,3,3250.8,121,5
11536,2025-12-30 14:43:59+05:30,3250.0,39,3252.78,1764955,79971.0,108056.0,3250.0,3267.5,3239.8,3251.5,46238150,3576.6,2926.4,4322.95,2866.6,3250.0,57,1,3249.0,20,1,3248.8,40,2,3248.7,231,2,3248.6,406,7,3250.4,136,6,3250.5,26,2,3250.6,123,5,3250.7,23,2,3250.8,121,5
11536,2025-12-30 14:44:00+05:30,3250.0,39,3252.78,1764955,81935.0,108213.0,3250.0,3267.5,3239.8,3251.5,46238150,3576.6,2926.4,4322.95,2866.6,3250.0,115,2,3248.8,40,2,3248.7,231,2,3248.6,222,5,3248.5,72,4,3250.4,136,6,3250.5,26,2,3250.6,123,5,3250.7,23,2,3250.8,143,6
11536,2025-12-30 14:44:01+05:30,3250.0,1,3252.78,1764958,81240.0,108202.0,3250.0,3267.5,3239.8,3251.5,46238150,3576.6,2926.4,4322.95,2866.6,3250.0,114,2,3248.8,40,2,3248.7,231,2,3248.6,222,5,3248.5,222,4,3250.4,125,6,3250.5,26,2,3250.6,123,5,3250.7,23,2,3250.8,143,6
11536,2025-12-30 14:44:02+05:30,3250.0,1,3252.78,1764958,81240.0,108202.0,3250.0,3267.5,3239.8,3251.5,46238150,3576.6,2926.4,4322.95,2866.6,3250.0,114,2,3248.8,40,2,3248.7,231,2,3248.6,222,5,3248.5,222,4,3250.4,125,6,3250.5,26,2,3250.6,123,5,3250.7,23,2,3250.8,143,6
11536,2025-12-30 14:44:02+05:30,3248.5,91,3252.78,1766173,83031.0,108767.0,3250.0,3267.5,3239.8,3251.5,46238150,3576.6,2926.4,4322.95,2866.6,3248.4,116,5,3248.3,55,3,3248.2,65,5,3248.1,44,3,3248.0,121,7,3250.0,146,6,3250.1,255,4,3250.2,117,6,3250.3,51,3,3250.4,67,4
11536,2025-12-30 14:44:03+05:30,3248.5,91,3252.78,1766173,83031.0,108767.0,3250.0,3267.5,3239.8,3251.5,46238150,3576.6,2926.4,4322.95,2866.6,3248.4,116,5,3248.3,55,3,3248.2,65,5,3248.1,44,3,3248.0,121,7,3250.0,146,6,3250.1,255,4,3250.2,117,6,3250.3,51,3,3250.4,67,4
11536,2025-12-30 14:44:03+05:30,3250.0,1,3252.78,1766175,80258.0,108690.0,3250.0,3267.5,3239.8,3251.5,46238150,3576.6,2926.4,4322.95,2866.6,3248.6,84,3,3248.5,61,3,3248.4,92,4,3248.3,55,3,3248.2,63,4,3250.0,52,4,3250.1,219,4,3250.2,61,3,3250.3,87,3,3250.4,71,4
11536,2025-12-30 14:44:04+05:30,3250.0,1,3252.78,1766175,80258.0,108690.0,3250.0,3267.5,3239.8,3251.5,46238150,3576.6,2926.4,4322.95,2866.6,3248.6,84,3,3248.5,61,3,3248.4,92,4,3248.3,55,3,3248.2,63,4,3250.0,52,4,3250.1,219,4,3250.2,61,3,3250.3,87,3,3250.4,71,4
11536,2025-12-30 14:44:05+05:30,3249.9,1,3252.78,1766222,81445.0,108647.0,3250.0,3267.5,3239.8,3251.5,46238150,3576.6,2926.4,4322.95,2866.6,3248.6,51,2,3248.5,61,3,3248.4,74,3,3248.3,80,3,3248.2,63,4,3249.9,61,4,3250.0,90,6,3250.1,225,4,3250.2,123,5,3250.3,97,3
11536,2025-12-30 14:44:05+05:30,3249.9,1,3252.78,1766222,81445.0,108647.0,3250.0,3267.5,3239.8,3251.5,46238150,3576.6,2926.4,4322.95,2866.6,3248.6,51,2,3248.5,61,3,3248.4,74,3,3248.3,80,3,3248.2,63,4,3249.9,61,4,3250.0,90,6,3250.1,225,4,3250.2,123,5,3250.3,97,3
11536,2025-12-30 14:44:06+05:30,3249.9,1,3252.78,1766223,81607.0,108691.0,3250.0,3267.5,3239.8,3251.5,46238150,3576.6,2926.4,4322.95,2866.6,3248.6,138,4,3248.5,163,5,3248.4,80,3,3248.3,47,2,3248.2,63,4,3249.9,61,4,3250.0,76,5,3250.1,225,4,3250.2,77,4,3250.3,150,5
11536,2025-12-30 14:44:06+05:30,3249.9,1,3252.78,1766223,81607.0,108691.0,3250.0,3267.5,3239.8,3251.5,46238150,3576.6,2926.4,4322.95,2866.6,3248.6,138,4,3248.5,163,5,3248.4,80,3,3248.3,47,2,3248.2,63,4,3249.9,61,4,3250.0,76,5,3250.1,225,4,3250.2,77,4,3250.3,150,5
11536,2025-12-30 14:44:07+05:30,3248.5,16,3252.78,1766378,81443.0,108782.0,3250.0,3267.5,3239.8,3251.5,46238150,3576.6,2926.4,4322.95,2866.6,3248.5,146,4,3248.4,80,3,3248.3,47,2,3248.2,6,2,3248.1,26,2,3249.9,139,6,3250.0,94,6,3250.1,271,5,3250.2,77,4,3250.3,104,4
11536,2025-12-30 14:44:07+05:30,3248.5,16,3252.78,1766378,81443.0,108782.0,3250.0,3267.5,3239.8,3251.5,46238150,3576.6,2926.4,4322.95,2866.6,3248.5,146,4,3248.4,80,3,3248.3,47,2,3248.2,6,2,3248.1,26,2,3249.9,139,6,3250.0,94,6,3250.1,271,5,3250.2,77,4,3250.3,104,4
11536,2025-12-30 14:44:08+05:30,3248.5,16,3252.78,1766378,81447.0,108740.0,3250.0,3267.5,3239.8,3251.5,46238150,3576.6,2926.4,4322.95,2866.6,3248.6,58,2,3248.5,55,2,3248.4,80,3,3248.3,47,2,3248.2,6,2,3249.8,82,3,3249.9,27,2,3250.0,90,5,3250.1,271,5,3250.2,77,4
11536,2025-12-30 14:44:08+05:30,3249.8,1,3252.78,1766378,81447.0,108740.0,3250.0,3267.5,3239.8,3251.5,46238150,3576.6,2926.4,4322.95,2866.6,3248.6,58,2,3248.5,55,2,3248.4,80,3,3248.3,47,2,3248.2,6,2,3249.8,82,3,3249.9,27,2,3250.0,90,5,3250.1,271,5,3250.2,77,4
11536,2025-12-30 14:44:09+05:30,3248.6,39,3252.78,1766418,81247.0,108744.0,3250.0,3267.5,3239.8,3251.5,46238150,3576.6,2926.4,4322.95,2866.6,3248.7,9,1,3248.6,10,1,3248.5,79,3,3248.4,55,2,3248.3,47,2,3249.2,123,1,3249.6,33,1,3249.7,39,1,3249.8,36,2,3249.9,13,1
11536,2025-12-30 14:44:09+05:30,3248.6,39,3252.78,1766418,81247.0,108744.0,3250.0,3267.5,3239.8,3251.5,46238150,3576.6,2926.4,4322.95,2866.6,3248.7,9,1,3248.6,10,1,3248.5,79,3,3248.4,55,2,3248.3,47,2,3249.2,123,1,3249.6,33,1,3249.7,39,1,3249.8,36,2,3249.9,13,1
11536,2025-12-30 14:44:10+05:30,3249.2,37,3252.78,1766490,81229.0,108682.0,3250.0,3267.5,3239.8,3251.5,46238150,3576.6,2926.4,4322.95,2866.6,3248.7,9,1,3248.5,76,3,3248.4,54,1,3248.2,5,1,3248.1,25,2,3249.2,61,2,3249.5,42,2,3249.6,3,1,3249.7,33,1,3249.8,109,4
11536,2025-12-30 14:44:10+05:30,3249.2,37,3252.78,1766490,81229.0,108682.0,3250.0,3267.5,3239.8,3251.5,46238150,3576.6,2926.4,4322.95,2866.6,3248.7,9,1,3248.5,76,3,3248.4,54,1,3248.2,5,1,3248.1,25,2,3249.2,61,2,3249.5,42,2,3249.6,3,1,3249.7,33,1,3249.8,109,4
11536,2025-12-30 14:44:11+05:30,3249.2,4,3252.78,1766650,81203.0,108899.0,3250.0,3267.5,3239.8,3251.5,46238150,3576.6,2926.4,4322.95,2866.6,3248.9,48,1,3248.5,55,2,3248.4,54,1,3248.2,5,1,3248.0,91,5,3249.2,93,3,3249.3,55,2,3249.4,48,3,3249.5,23,2,3249.6,21,2
11536,2025-12-30 14:44:11+05:30,3249.2,4,3252.78,1766650,81203.0,108899.0,3250.0,3267.5,3239.8,3251.5,46238150,3576.6,2926.4,4322.95,2866.6,3248.9,48,1,3248.5,55,2,3248.4,54,1,3248.2,5,1,3248.0,91,5,3249.2,93,3,3249.3,55,2,3249.4,48,3,3249.5,23,2,3249.6,21,2
11536,2025-12-30 14:44:12+05:30,3248.9,1,3252.78,1766650,81203.0,108899.0,3250.0,3267.5,3239.8,3251.5,46238150,3576.6,2926.4,4322.95,2866.6,3248.9,48,1,3248.5,55,2,3248.4,54,1,3248.2,5,1,3248.0,91,5,3249.2,93,3,3249.3,55,2,3249.4,48,3,3249.5,23,2,3249.6,21,2
11536,2025-12-30 14:44:12+05:30,3248.9,1,3252.78,1766654,81154.0,109490.0,3250.0,3267.5,3239.8,3251.5,46238150,3576.6,2926.4,4322.95,2866.6,3248.9,46,1,3248.5,55,2,3248.4,54,1,3248.2,5,1,3248.0,39,4,3249.2,91,3,3249.3,55,2,3249.4,48,3,3249.5,23,2,3249.6,21,2
11536,2025-12-30 14:44:13+05:30,3248.9,1,3252.78,1766654,81154.0,109490.0,3250.0,3267.5,3239.8,3251.5,46238150,3576.6,2926.4,4322.95,2866.6,3248.9,46,1,3248.5,55,2,3248.4,54,1,3248.2,5,1,3248.0,39,4,3249.2,91,3,3249.3,55,2,3249.4,48,3,3249.5,23,2,3249.6,21,2
11536,2025-12-30 14:44:13+05:30,3248.9,1,3252.78,1766767,81016.0,107410.0,3250.0,3267.5,3239.8,3251.5,46238150,3576.6,2926.4,4322.95,2866.6,3249.0,4,1,3248.9,45,1,3248.5,54,1,3248.4,86,2,3248.3,38,1,3249.1,123,1,3249.6,36,3,3249.8,95,3,3249.9,213,3,3250.0,160,6
11536,2025-12-30 14:44:14+05:30,3249.1,1,3252.78,1766923,81689.0,108474.0,3250.0,3267.5,3239.8,3251.5,46238150,3576.6,2926.4,4322.95,2866.6,3248.9,48,1,3248.5,54,1,3248.4,54,1,3248.2,5,1,3248.1,32,1,3249.1,122,1,3249.6,36,3,3249.8,95,3,3249.9,213,3,3250.0,160,6
11536,2025-12-30 14:44:15+05:30,3249.1,1,3252.78,1766923,81689.0,108474.0,3250.0,3267.5,3239.8,3251.5,46238150,3576.6,2926.4,4322.95,2866.6,3248.9,48,1,3248.5,54,1,3248.4,54,1,3248.2,5,1,3248.1,32,1,3249.1,122,1,3249.6,36,3,3249.8,95,3,3249.9,213,3,3250.0,160,6
11536,2025-12-30 14:44:15+05:30,3249.1,1,3252.78,1766930,81069.0,108586.0,3250.0,3267.5,3239.8,3251.5,46238150,3576.6,2926.4,4322.95,2866.6,3249.0,48,1,3248.9,49,1,3248.5,54,1,3248.4,54,1,3248.2,5,1,3249.1,129,2,3249.3,17,1,3249.4,38,2,3249.5,38,1,3249.6,35,3
11536,2025-12-30 14:44:16+05:30,3249.0,32,3252.78,1766930,81069.0,108586.0,3250.0,3267.5,3239.8,3251.5,46238150,3576.6,2926.4,4322.95,2866.6,3249.0,48,1,3248.9,49,1,3248.5,54,1,3248.4,54,1,3248.2,5,1,3249.1,129,2,3249.3,17,1,3249.4,38,2,3249.5,38,1,3249.6,35,3
11536,2025-12-30 14:44:16+05:30,3249.1,1,3252.78,1767060,77218.0,109578.0,3250.0,3267.5,3239.8,3251.5,46238150,3576.6,2926.4,4322.95,2866.6,3248.9,49,1,3248.5,54,1,3248.4,54,1,3248.2,5,1,3248.0,30,2,3249.1,225,7,3249.2,26,2,3249.3,16,1,3249.4,38,3,3249.5,63,2
11536,2025-12-30 14:44:17+05:30,3249.1,1,3252.78,1767060,77218.0,109578.0,3250.0,3267.5,3239.8,3251.5,46238150,3576.6,2926.4,4322.95,2866.6,3248.9,49,1,3248.5,54,1,3248.4,54,1,3248.2,5,1,3248.0,30,2,3249.1,225,7,3249.2,26,2,3249.3,16,1,3249.4,38,3,3249.5,63,2
11536,2025-12-30 14:44:17+05:30,3249.1,1,3252.78,1767062,79450.0,109393.0,3250.0,3267.5,3239.8,3251.5,46238150,3576.6,2926.4,4322.95,2866.6,3248.9,60,2,3248.7,18,1,3248.5,54,1,3248.4,54,1,3248.2,5,1,3249.1,223,7,3249.2,26,2,3249.3,16,1,3249.4,38,3,3249.5,63,2
11536,2025-12-30 14:44:18+05:30,3248.1,3,3252.78,1767062,79450.0,109393.0,3250.0,3267.5,3239.8,3251.5,46238150,3576.6,2926.4,4322.95,2866.6,3248.9,60,2,3248.7,18,1,3248.5,54,1,3248.4,54,1,3248.2,5,1,3249.1,223,7,3249.2,26,2,3249.3,16,1,3249.4,38,3,3249.5,63,2
11536,2025-12-30 14:44:18+05:30,3247.3,104,3252.78,1767658,80131.0,110573.0,3250.0,3267.5,3239.8,3251.5,46238150,3576.6,2926.4,4322.95,2866.6,3248.0,7,1,3247.3,92,3,3247.2,19,1,3247.1,3,1,3247.0,28,2,3248.1,115,1,3248.2,118,2,3248.3,25,2,3248.4,36,2,3248.6,79,3
11536,2025-12-30 14:44:19+05:30,3248.1,1,3252.78,1767658,80131.0,110573.0,3250.0,3267.5,3239.8,3251.5,46238150,3576.6,2926.4,4322.95,2866.6,3248.0,7,1,3247.3,92,3,3247.2,19,1,3247.1,3,1,3247.0,28,2,3248.1,115,1,3248.2,118,2,3248.3,25,2,3248.4,36,2,3248.6,79,3
11536,2025-12-30 14:44:19+05:30,3248.1,1,3252.78,1767699,79948.0,109014.0,3250.0,3267.5,3239.8,3251.5,46238150,3576.6,2926.4,4322.95,2866.6,3248.0,7,1,3247.3,92,3,3247.2,19,1,3247.1,3,1,3247.0,25,1,3248.1,141,3,3248.2,118,2,3248.3,57,3,3248.4,90,4,3248.6,20,2
11536,2025-12-30 14:44:20+05:30,3248.1,47,3252.78,1767699,79948.0,109014.0,3250.0,3267.5,3239.8,3251.5,46238150,3576.6,2926.4,4322.95,2866.6,3248.0,7,1,3247.3,92,3,3247.2,19,1,3247.1,3,1,3247.0,25,1,3248.1,141,3,3248.2,118,2,3248.3,57,3,3248.4,90,4,3248.6,20,2
11536,2025-12-30 14:44:20+05:30,3248.1,47,3252.78,1767746,79255.0,110455.0,3250.0,3267.5,3239.8,3251.5,46238150,3576.6,2926.4,4322.95,2866.6,3248.0,7,1,3247.3,92,3,3247.2,19,1,3247.1,3,1,3247.0,84,3,3248.1,81,2,3248.2,101,1,3248.3,32,1,3248.4,38,1,3248.6,9,1
11536,2025-12-30 14:44:21+05:30,3247.6,2,3252.78,1767746,79255.0,110455.0,3250.0,3267.5,3239.8,3251.5,46238150,3576.6,2926.4,4322.95,2866.6,3248.0,7,1,3247.3,92,3,3247.2,19,1,3247.1,3,1,3247.0,84,3,3248.1,81,2,3248.2,101,1,3248.3,32,1,3248.4,38,1,3248.6,9,1
11536,2025-12-30 14:44:21+05:30,3247.6,2,3252.78,1767773,80116.0,110377.0,3250.0,3267.5,3239.8,3251.5,46238150,3576.6,2926.4,4322.95,2866.6,3247.3,112,4,3247.2,51,2,3247.1,26,2,3247.0,38,1,3246.9,44,2,3247.6,121,1,3248.0,76,1,3248.1,14,1,3248.4,21,1,3248.6,92,4
11536,2025-12-30 14:44:22+05:30,3248.0,47,3252.78,1767773,80116.0,110377.0,3250.0,3267.5,3239.8,3251.5,46238150,3576.6,2926.4,4322.95,2866.6,3247.3,112,4,3247.2,51,2,3247.1,26,2,3247.0,38,1,3246.9,44,2,3247.6,121,1,3248.0,76,1,3248.1,14,1,3248.4,21,1,3248.6,92,4
11536,2025-12-30 14:44:22+05:30,3248.0,1,3252.78,1768112,80391.0,109914.0,3250.0,3267.5,3239.8,3251.5,46238150,3576.6,2926.4,4322.95,2866.6,3247.3,381,4,3247.2,61,3,3247.1,3,1,3247.0,94,2,3246.9,46,2,3248.0,28,1,3248.4,21,1,3248.5,16,1,3248.6,29,2,3248.7,80,3
11536,2025-12-30 14:44:23+05:30,3248.0,50,3252.78,1768112,80391.0,109914.0,3250.0,3267.5,3239.8,3251.5,46238150,3576.6,2926.4,4322.95,2866.6,3247.3,381,4,3247.2,61,3,3247.1,3,1,3247.0,94,2,3246.9,46,2,3248.0,28,1,3248.4,21,1,3248.5,16,1,3248.6,29,2,3248.7,80,3
11536,2025-12-30 14:44:23+05:30,3247.3,1,3252.78,1768168,80325.0,110283.0,3250.0,3267.5,3239.8,3251.5,46238150,3576.6,2926.4,4322.95,2866.6,3247.3,380,4,3247.2,8,1,3247.1,4,2,3247.0,71,2,3246.9,83,4,3247.9,118,1,3248.0,118,3,3248.3,80,3,3248.4,20,1,3248.5,16,1
11536,2025-12-30 14:44:24+05:30,3247.3,124,3252.78,1768168,80325.0,110283.0,3250.0,3267.5,3239.8,3251.5,46238150,3576.6,2926.4,4322.95,2866.6,3247.3,380,4,3247.2,8,1,3247.1,4,2,3247.0,71,2,3246.9,83,4,3247.9,118,1,3248.0,118,3,3248.3,80,3,3248.4,20,1,3248.5,16,1
11536,2025-12-30 14:44:24+05:30,3247.9,36,3252.77,1768708,79461.0,110976.0,3250.0,3267.5,3239.8,3251.5,46238150,3576.6,2926.4,4322.95,2866.6,3247.3,65,5,3247.2,8,1,3247.1,4,2,3247.0,15,1,3246.9,60,3,3247.9,82,1,3248.0,12,2,3248.3,80,3,3248.4,22,2,3248.5,179,4
11536,2025-12-30 14:44:25+05:30,3247.9,1,3252.77,1768708,79461.0,110976.0,3250.0,3267.5,3239.8,3251.5,46238150,3576.6,2926.4,4322.95,2866.6,3247.3,65,5,3247.2,8,1,3247.1,4,2,3247.0,15,1,3246.9,60,3,3247.9,82,1,3248.0,12,2,3248.3,80,3,3248.4,22,2,3248.5,179,4
11536,2025-12-30 14:44:25+05:30,3247.9,1,3252.77,1768709,76361.0,110198.0,3250.0,3267.5,3239.8,3251.5,46238150,3576.6,2926.4,4322.95,2866.6,3247.3,42,4,3247.2,31,2,3247.1,36,3,3247.0,15,1,3246.9,28,2,3247.9,81,1,3248.0,12,2,3248.3,48,2,3248.4,22,2,3248.5,72,2
11536,2025-12-30 14:44:26+05:30,3247.3,40,3252.77,1768866,79515.0,108765.0,3250.0,3267.5,3239.8,3251.5,46238150,3576.6,2926.4,4322.95,2866.6,3247.3,14,1,3247.2,31,2,3247.1,4,2,3247.0,15,1,3246.9,60,3,3247.9,80,1,3248.0,12,2,3248.3,25,2,3248.4,22,2,3248.6,180,8
11536,2025-12-30 14:44:27+05:30,3247.3,40,3252.77,1768866,79515.0,108765.0,3250.0,3267.5,3239.8,3251.5,46238150,3576.6,2926.4,4322.95,2866.6,3247.3,14,1,3247.2,31,2,3247.1,4,2,3247.0,15,1,3246.9,60,3,3247.9,80,1,3248.0,12,2,3248.3,25,2,3248.4,22,2,3248.6,180,8
11536,2025-12-30 14:44:27+05:30,3247.3,40,3252.77,1768866,79518.0,110579.0,3250.0,3267.5,3239.8,3251.5,46238150,3576.6,2926.4,4322.95,2866.6,3247.3,37,2,3247.2,8,1,3247.1,4,2,3247.0,15,1,3246.9,7,1,3247.9,102,3,3248.0,22,3,3248.1,48,2,3248.2,200,2,3248.3,75,3
11536,2025-12-30 14:44:28+05:30,3247.3,3,3252.77,1768866,79518.0,110579.0,3250.0,3267.5,3239.8,3251.5,46238150,3576.6,2926.4,4322.95,2866.6,3247.3,37,2,3247.2,8,1,3247.1,4,2,3247.0,15,1,3246.9,7,1,3247.9,102,3,3248.0,22,3,3248.1,48,2,3248.2,200,2,3248.3,75,3
11536,2025-12-30 14:44:29+05:30,3247.9,2,3252.77,1768913,79535.0,110589.0,3250.0,3267.5,3239.8,3251.5,46238150,3576.6,2926.4,4322.95,2866.6,3247.3,20,2,3247.2,8,1,3247.1,4,2,3247.0,15,1,3246.9,7,1,3247.9,124,5,3248.0,87,4,3248.1,20,1,3248.2,36,2,3248.3,227,4
11536,2025-12-30 14:44:29+05:30,3247.9,2,3252.77,1768913,79535.0,110589.0,3250.0,3267.5,3239.8,3251.5,46238150,3576.6,2926.4,4322.95,2866.6,3247.3,20,2,3247.2,8,1,3247.1,4,2,3247.0,15,1,3246.9,7,1,3247.9,124,5,3248.0,87,4,3248.1,20,1,3248.2,36,2,3248.3,227,4
11536,2025-12-30 14:44:30+05:30,3247.9,2,3252.77,1768913,79535.0,110669.0,3250.0,3267.5,3239.8,3251.5,46238150,3576.6,2926.4,4322.95,2866.6,3247.4,19,1,3247.3,1,1,3247.2,8,1,3247.1,4,2,3247.0,15,1,3247.9,124,5,3248.0,87,4,3248.1,20,1,3248.2,36,2,3248.3,227,4
11536,2025-12-30 14:44:31+05:30,3247.9,9,3252.77,1769077,79317.0,110677.0,3250.0,3267.5,3239.8,3251.5,46238150,3576.6,2926.4,4322.95,2866.6,3247.6,23,1,3247.3,1,1,3247.2,8,1,3247.1,4,2,3247.0,15,1,3247.9,157,7,3248.0,70,4,3248.1,20,1,3248.2,82,3,3248.3,227,4
11536,2025-12-30 14:44:31+05:30,3247.9,9,3252.77,1769077,79317.0,110677.0,3250.0,3267.5,3239.8,3251.5,46238150,3576.6,2926.4,4322.95,2866.6,3247.6,23,1,3247.3,1,1,3247.2,8,1,3247.1,4,2,3247.0,15,1,3247.9,157,7,3248.0,70,4,3248.1,20,1,3248.2,82,3,3248.3,227,4
11536,2025-12-30 14:44:32+05:30,3247.6,2,3252.77,1769077,79317.0,110677.0,3250.0,3267.5,3239.8,3251.5,46238150,3576.6,2926.4,4322.95,2866.6,3247.6,23,1,3247.3,1,1,3247.2,8,1,3247.1,4,2,3247.0,15,1,3247.9,157,7,3248.0,70,4,3248.1,20,1,3248.2,82,3,3248.3,227,4
11536,2025-12-30 14:44:32+05:30,3247.6,2,3252.77,1769082,79316.0,110619.0,3250.0,3267.5,3239.8,3251.5,46238150,3576.6,2926.4,4322.95,2866.6,3247.6,21,1,3247.3,1,1,3247.2,8,1,3247.1,4,2,3247.0,15,1,3247.9,141,6,3248.0,87,5,3248.1,20,1,3248.2,82,3,3248.3,227,4
11536,2025-12-30 14:44:33+05:30,3246.9,55,3252.77,1769082,79316.0,110619.0,3250.0,3267.5,3239.8,3251.5,46238150,3576.6,2926.4,4322.95,2866.6,3247.6,21,1,3247.3,1,1,3247.2,8,1,3247.1,4,2,3247.0,15,1,3247.9,141,6,3248.0,87,5,3248.1,20,1,3248.2,82,3,3248.3,227,4
11536,2025-12-30 14:44:33+05:30,3246.9,55,3252.77,1769407,81001.0,110556.0,3250.0,3267.5,3239.8,3251.5,46238150,3576.6,2926.4,4322.95,2866.6,3246.8,4,1,3246.5,92,3,3246.4,10,3,3246.3,31,1,3246.2,23,1,3246.9,68,1,3247.0,106,1,3247.6,19,1,3247.7,19,1,3247.8,21,1
11536,2025-12-30 14:44:34+05:30,3246.4,22,3252.77,1769563,81119.0,110700.0,3250.0,3267.5,3239.8,3251.5,46238150,3576.6,2926.4,4322.95,2866.6,3246.4,6,1,3246.3,51,2,3246.2,23,1,3246.1,59,2,3246.0,104,4,3246.9,82,2,3247.0,106,1,3247.6,39,2,3247.7,78,3,3247.8,21,1
11536,2025-12-30 14:44:35+05:30,3246.9,1,3252.77,1769563,81119.0,110700.0,3250.0,3267.5,3239.8,3251.5,46238150,3576.6,2926.4,4322.95,2866.6,3246.4,6,1,3246.3,51,2,3246.2,23,1,3246.1,59,2,3246.0,104,4,3246.9,82,2,3247.0,106,1,3247.6,39,2,3247.7,78,3,3247.8,21,1
11536,2025-12-30 14:44:35+05:30,3246.9,1,3252.77,1769631,81159.0,110615.0,3250.0,3267.5,3239.8,3251.5,46238150,3576.6,2926.4,4322.95,2866.6,3246.4,6,1,3246.3,51,2,3246.2,42,2,3246.1,78,3,3246.0,104,4,3246.9,14,1,3247.0,106,1,3247.6,39,2,3247.7,78,3,3247.8,21,1
11536,2025-12-30 14:44:36+05:30,3246.9,14,3252.77,1769631,81159.0,110615.0,3250.0,3267.5,3239.8,3251.5,46238150,3576.6,2926.4,4322.95,2866.6,3246.4,6,1,3246.3,51,2,3246.2,42,2,3246.1,78,3,3246.0,104,4,3246.9,14,1,3247.0,106,1,3247.6,39,2,3247.7,78,3,3247.8,21,1
11536,2025-12-30 14:44:36+05:30,3246.9,14,3252.77,1770776,79044.0,110030.0,3250.0,3267.5,3239.8,3251.5,46238150,3576.6,2926.4,4322.95,2866.6,3246.9,94,4,3246.6,139,5,3246.5,18,3,3246.4,256,6,3246.3,160,6,3248.0,46,2,3248.2,86,3,3248.4,27,2,3248.5,122,1,3248.6,79,3
11536,2025-12-30 14:44:37+05:30,3246.9,14,3252.77,1770776,82033.0,108418.0,3250.0,3267.5,3239.8,3251.5,46238150,3576.6,2926.4,4322.95,2866.6,3246.9,68,2,3246.8,70,3,3246.6,96,3,3246.5,20,3,3246.4,59,4,3248.0,56,3,3248.2,103,4,3248.4,33,3,3248.5,16,1,3248.6,125,4
11536,2025-12-30 14:44:38+05:30,3248.0,1,3252.77,1770933,82176.0,109803.0,3250.0,3267.5,3239.8,3251.5,46238150,3576.6,2926.4,4322.95,2866.6,3246.9,19,2,3246.8,70,3,3246.6,119,4,3246.5,20,3,3246.4,229,6,3248.0,54,3,3248.2,86,3,3248.4,33,3,3248.5,16,1,3248.6,79,3
11536,2025-12-30 14:44:39+05:30,3246.9,20,3252.77,1770933,82176.0,109803.0,3250.0,3267.5,3239.8,3251.5,46238150,3576.6,2926.4,4322.95,2866.6,3246.9,19,2,3246.8,70,3,3246.6,119,4,3246.5,20,3,3246.4,229,6,3248.0,54,3,3248.2,86,3,3248.4,33,3,3248.5,16,1,3248.6,79,3
11536,2025-12-30 14:44:39+05:30,3248.0,1,3252.77,1771012,79669.0,109763.0,3250.0,3267.5,3239.8,3251.5,46238150,3576.6,2926.4,4322.95,2866.6,3246.9,45,4,3246.8,83,3,3246.7,37,1,3246.6,142,5,3246.5,20,3,3248.0,4,1,3248.2,86,3,3248.4,26,2,3248.6,125,4,3248.7,151,1
11536,2025-12-30 14:44:40+05:30,3248.0,4,3252.77,1771012,79669.0,109763.0,3250.0,3267.5,3239.8,3251.5,46238150,3576.6,2926.4,4322.95,2866.6,3246.9,45,4,3246.8,83,3,3246.7,37,1,3246.6,142,5,3246.5,20,3,3248.0,4,1,3248.2,86,3,3248.4,26,2,3248.6,125,4,3248.7,151,1
11536,2025-12-30 14:44:40+05:30,3248.0,4,3252.77,1771048,79629.0,110773.0,3250.0,3267.5,3239.8,3251.5,46238150,3576.6,2926.4,4322.95,2866.6,3246.9,2,2,3246.8,33,1,3246.6,15,1,3246.5,47,2,3246.4,49,3,3248.0,199,6,3248.1,95,3,3248.2,117,6,3248.3,107,2,3248.4,141,4
11536,2025-12-30 14:44:41+05:30,3248.0,4,3252.77,1771048,79541.0,111251.0,3250.0,3267.5,3239.8,3251.5,46238150,3576.6,2926.4,4322.95,2866.6,3246.9,35,3,3246.5,36,1,3246.4,34,2,3246.3,77,4,3246.2,213,5,3247.9,81,3,3248.0,148,6,3248.1,85,2,3248.2,127,6,3248.3,114,3
11536,2025-12-30 14:44:42+05:30,3246.9,1,3252.77,1771048,79541.0,111251.0,3250.0,3267.5,3239.8,3251.5,46238150,3576.6,2926.4,4322.95,2866.6,3246.9,35,3,3246.5,36,1,3246.4,34,2,3246.3,77,4,3246.2,213,5,3247.9,81,3,3248.0,148,6,3248.1,85,2,3248.2,127,6,3248.3,114,3
11536,2025-12-30 14:44:42+05:30,3246.9,121,3252.77,1771205,79523.0,109565.0,3250.0,3267.5,3239.8,3251.5,46238150,3576.6,2926.4,4322.95,2866.6,3246.9,103,2,3246.4,34,2,3246.3,57,2,3246.2,213,5,3246.1,95,6,3247.8,80,3,3247.9,70,5,3248.0,111,4,3248.1,109,4,3248.2,213,8
11536,2025-12-30 14:44:43+05:30,3247.8,10,3252.77,1771205,79523.0,109565.0,3250.0,3267.5,3239.8,3251.5,46238150,3576.6,2926.4,4322.95,2866.6,3246.9,103,2,3246.4,34,2,3246.3,57,2,3246.2,213,5,3246.1,95,6,3247.8,80,3,3247.9,70,5,3248.0,111,4,3248.1,109,4,3248.2,213,8
11536,2025-12-30 14:44:43+05:30,3247.8,10,3252.77,1771220,79179.0,110682.0,3250.0,3267.5,3239.8,3251.5,46238150,3576.6,2926.4,4322.95,2866.6,3246.9,112,3,3246.4,15,1,3246.3,57,2,3246.2,54,4,3246.1,70,5,3247.8,63,3,3247.9,30,2,3248.0,92,3,3248.1,278,4,3248.2,233,9
11536,2025-12-30 14:44:44+05:30,3247.8,1,3252.77,1771220,79179.0,110682.0,3250.0,3267.5,3239.8,3251.5,46238150,3576.6,2926.4,4322.95,2866.6,3246.9,112,3,3246.4,15,1,3246.3,57,2,3246.2,54,4,3246.1,70,5,3247.8,63,3,3247.9,30,2,3248.0,92,3,3248.1,278,4,3248.2,233,9
11536,2025-12-30 14:44:44+05:30,3247.8,1,3252.77,1771221,79354.0,110713.0,3250.0,3267.5,3239.8,3251.5,46238150,3576.6,2926.4,4322.95,2866.6,3246.9,112,3,3246.4,15,1,3246.3,57,2,3246.2,54,4,3246.1,95,6,3247.8,76,4,3248.0,92,3,3248.1,278,4,3248.2,218,9,3248.3,68,2
11536,2025-12-30 14:44:45+05:30,3247.8,1,3252.77,1771221,79354.0,110713.0,3250.0,3267.5,3239.8,3251.5,46238150,3576.6,2926.4,4322.95,2866.6,3246.9,112,3,3246.4,15,1,3246.3,57,2,3246.2,54,4,3246.1,95,6,3247.8,76,4,3248.0,92,3,3248.1,278,4,3248.2,218,9,3248.3,68,2
11536,2025-12-30 14:44:45+05:30,3247.8,1,3252.77,1771222,79556.0,110417.0,3250.0,3267.5,3239.8,3251.5,46238150,3576.6,2926.4,4322.95,2866.6,3247.4,52,1,3246.9,60,2,3246.4,36,2,3246.3,57,2,3246.2,73,4,3247.8,90,5,3248.0,47,3,3248.1,41,2,3248.2,138,6,3248.3,53,2
11536,2025-12-30 14:44:46+05:30,3247.4,155,3252.76,1771378,79557.0,110433.0,3250.0,3267.5,3239.8,3251.5,46238150,3576.6,2926.4,4322.95,2866.6,3247.4,53,1,3246.9,60,2,3246.4,36,2,3246.3,57,2,3246.2,48,3,3247.8,89,5,3247.9,47,2,3248.0,86,4,3248.1,190,3,3248.2,150,7
11536,2025-12-30 14:44:47+05:30,3247.7,42,3252.76,1771378,79557.0,110433.0,3250.0,3267.5,3239.8,3251.5,46238150,3576.6,2926.4,4322.95,2866.6,3247.4,53,1,3246.9,60,2,3246.4,36,2,3246.3,57,2,3246.2,48,3,3247.8,89,5,3247.9,47,2,3248.0,86,4,3248.1,190,3,3248.2,150,7
11536,2025-12-30 14:44:47+05:30,3247.7,42,3252.76,1771473,79344.0,110624.0,3250.0,3267.5,3239.8,3251.5,46238150,3576.6,2926.4,4322.95,2866.6,3247.7,11,1,3247.4,51,1,3246.9,60,2,3246.4,36,2,3246.3,3,1,3247.8,104,6,3247.9,54,2,3248.0,105,5,3248.1,41,2,3248.2,168,8
11536,2025-12-30 14:44:47+05:30,3247.7,42,3252.76,1771473,79344.0,110624.0,3250.0,3267.5,3239.8,3251.5,46238150,3576.6,2926.4,4322.95,2866.6,3247.7,11,1,3247.4,51,1,3246.9,60,2,3246.4,36,2,3246.3,3,1,3247.8,104,6,3247.9,54,2,3248.0,105,5,3248.1,41,2,3248.2,168,8
11536,2025-12-30 14:44:48+05:30,3247.7,3,3252.76,1771473,79344.0,110624.0,3250.0,3267.5,3239.8,3251.5,46238150,3576.6,2926.4,4322.95,2866.6,3247.7,11,1,3247.4,51,1,3246.9,60,2,3246.4,36,2,3246.3,3,1,3247.8,104,6,3247.9,54,2,3248.0,105,5,3248.1,41,2,3248.2,168,8
11536,2025-12-30 14:44:48+05:30,3247.7,3,3252.76,1772537,81294.0,109746.0,3250.0,3267.5,3239.8,3251.5,46238150,3576.6,2926.4,4322.95,2866.6,3246.5,156,7,3246.4,42,3,3246.3,37,3,3246.2,61,4,3246.1,164,3,3247.7,35,1,3247.8,53,2,3248.0,49,2,3248.2,59,3,3248.4,97,3
11536,2025-12-30 14:44:49+05:30,3248.0,4,3252.76,1772537,81294.0,109746.0,3250.0,3267.5,3239.8,3251.5,46238150,3576.6,2926.4,4322.95,2866.6,3246.5,156,7,3246.4,42,3,3246.3,37,3,3246.2,61,4,3246.1,164,3,3247.7,35,1,3247.8,53,2,3248.0,49,2,3248.2,59,3,3248.4,97,3
11536,2025-12-30 14:44:49+05:30,3248.0,4,3252.76,1772537,81294.0,109746.0,3250.0,3267.5,3239.8,3251.5,46238150,3576.6,2926.4,4322.95,2866.6,3246.5,156,7,3246.4,42,3,3246.3,37,3,3246.2,61,4,3246.1,164,3,3247.7,35,1,3247.8,53,2,3248.0,49,2,3248.2,59,3,3248.4,97,3
11536,2025-12-30 14:44:49+05:30,3248.0,4,3252.76,1772594,81492.0,108092.0,3250.0,3267.5,3239.8,3251.5,46238150,3576.6,2926.4,4322.95,2866.6,3246.6,55,3,3246.5,98,5,3246.4,52,4,3246.3,82,6,3246.2,50,3,3248.0,75,3,3248.2,98,4,3248.4,106,3,3248.5,74,3,3248.6,84,3
11536,2025-12-30 14:44:50+05:30,3248.0,12,3252.76,1772594,81492.0,108092.0,3250.0,3267.5,3239.8,3251.5,46238150,3576.6,2926.4,4322.95,2866.6,3246.6,55,3,3246.5,98,5,3246.4,52,4,3246.3,82,6,3246.2,50,3,3248.0,75,3,3248.2,98,4,3248.4,106,3,3248.5,74,3,3248.6,84,3
11536,2025-12-30 14:44:50+05:30,3246.4,52,3252.76,1772798,81250.0,109772.0,3250.0,3267.5,3239.8,3251.5,46238150,3576.6,2926.4,4322.95,2866.6,3246.4,15,1,3246.3,37,3,3246.2,35,2,3246.1,289,8,3246.0,192,8,3247.8,138,4,3247.9,21,2,3248.0,123,4,3248.1,13,1,3248.2,135,5
11536,2025-12-30 14:44:50+05:30,3246.4,52,3252.76,1772798,81250.0,109772.0,3250.0,3267.5,3239.8,3251.5,46238150,3576.6,2926.4,4322.95,2866.6,3246.4,15,1,3246.3,37,3,3246.2,35,2,3246.1,289,8,3246.0,192,8,3247.8,138,4,3247.9,21,2,3248.0,123,4,3248.1,13,1,3248.2,135,5
11536,2025-12-30 14:44:51+05:30,3247.8,1,3252.76,1772798,81250.0,109772.0,3250.0,3267.5,3239.8,3251.5,46238150,3576.6,2926.4,4322.95,2866.6,3246.4,15,1,3246.3,37,3,3246.2,35,2,3246.1,289,8,3246.0,192,8,3247.8,138,4,3247.9,21,2,3248.0,123,4,3248.1,13,1,3248.2,135,5
11536,2025-12-30 14:44:51+05:30,3247.8,1,3252.76,1772799,81365.0,109386.0,3250.0,3267.5,3239.8,3251.5,46238150,3576.6,2926.4,4322.95,2866.6,3246.6,72,4,3246.5,45,2,3246.4,56,3,3246.3,64,5,3246.2,42,2,3247.8,48,2,3247.9,39,1,3248.0,30,1,3248.1,13,1,3248.2,135,5
11536,2025-12-30 14:44:51+05:30,3247.8,1,3252.76,1772799,81365.0,109386.0,3250.0,3267.5,3239.8,3251.5,46238150,3576.6,2926.4,4322.95,2866.6,3246.6,72,4,3246.5,45,2,3246.4,56,3,3246.3,64,5,3246.2,42,2,3247.8,48,2,3247.9,39,1,3248.0,30,1,3248.1,13,1,3248.2,135,5
11536,2025-12-30 14:44:52+05:30,3248.2,3,3252.76,1772799,81365.0,109386.0,3250.0,3267.5,3239.8,3251.5,46238150,3576.6,2926.4,4322.95,2866.6,3246.6,72,4,3246.5,45,2,3246.4,56,3,3246.3,64,5,3246.2,42,2,3247.8,48,2,3247.9,39,1,3248.0,30,1,3248.1,13,1,3248.2,135,5
11536,2025-12-30 14:44:52+05:30,3248.2,3,3252.76,1772986,81434.0,109373.0,3250.0,3267.5,3239.8,3251.5,46238150,3576.6,2926.4,4322.95,2866.6,3246.6,121,6,3246.5,35,1,3246.4,78,4,3246.3,64,5,3246.2,63,3,3248.2,99,4,3248.3,89,4,3248.4,105,4,3248.5,67,2,3248.6,104,5
11536,2025-12-30 14:44:52+05:30,3248.2,3,3252.76,1772986,81434.0,109373.0,3250.0,3267.5,3239.8,3251.5,46238150,3576.6,2926.4,4322.95,2866.6,3246.6,121,6,3246.5,35,1,3246.4,78,4,3246.3,64,5,3246.2,63,3,3248.2,99,4,3248.3,89,4,3248.4,105,4,3248.5,67,2,3248.6,104,5
11536,2025-12-30 14:44:53+05:30,3248.2,3,3252.76,1772986,80974.0,108832.0,3250.0,3267.5,3239.8,3251.5,46238150,3576.6,2926.4,4322.95,2866.6,3246.6,168,7,3246.5,41,1,3246.4,78,4,3246.3,64,5,3246.2,63,3,3248.2,99,4,3248.3,53,2,3248.4,80,3,3248.5,67,2,3248.6,124,5
11536,2025-12-30 14:44:53+05:30,3248.2,3,3252.76,1772986,80974.0,108832.0,3250.0,3267.5,3239.8,3251.5,46238150,3576.6,2926.4,4322.95,2866.6,3246.6,168,7,3246.5,41,1,3246.4,78,4,3246.3,64,5,3246.2,63,3,3248.2,99,4,3248.3,53,2,3248.4,80,3,3248.5,67,2,3248.6,124,5
11536,2025-12-30 14:44:54+05:30,3248.2,3,3252.76,1772986,80969.0,109614.0,3250.0,3267.5,3239.8,3251.5,46238150,3576.6,2926.4,4322.95,2866.6,3246.6,168,7,3246.5,41,1,3246.4,78,4,3246.3,64,5,3246.2,63,3,3248.2,99,4,3248.3,53,2,3248.4,80,3,3248.5,67,2,3248.6,124,5
11536,2025-12-30 14:44:54+05:30,3248.2,3,3252.76,1772986,80969.0,109614.0,3250.0,3267.5,3239.8,3251.5,46238150,3576.6,2926.4,4322.95,2866.6,3246.6,168,7,3246.5,41,1,3246.4,78,4,3246.3,64,5,3246.2,63,3,3248.2,99,4,3248.3,53,2,3248.4,80,3,3248.5,67,2,3248.6,124,5
11536,2025-12-30 14:44:55+05:30,3248.0,1,3252.76,1772986,80969.0,109614.0,3250.0,3267.5,3239.8,3251.5,46238150,3576.6,2926.4,4322.95,2866.6,3246.6,168,7,3246.5,41,1,3246.4,78,4,3246.3,64,5,3246.2,63,3,3248.2,99,4,3248.3,53,2,3248.4,80,3,3248.5,67,2,3248.6,124,5
11536,2025-12-30 14:44:55+05:30,3248.0,1,3252.76,1773177,81148.0,109559.0,3250.0,3267.5,3239.8,3251.5,46238150,3576.6,2926.4,4322.95,2866.6,3246.8,127,5,3246.7,249,4,3246.6,109,4,3246.5,61,1,3246.4,63,4,3248.0,36,1,3248.1,51,3,3248.2,14,1,3248.3,14,1,3248.4,64,2
11536,2025-12-30 14:44:55+05:30,3248.0,1,3252.76,1773177,81148.0,109559.0,3250.0,3267.5,3239.8,3251.5,46238150,3576.6,2926.4,4322.95,2866.6,3246.8,127,5,3246.7,249,4,3246.6,109,4,3246.5,61,1,3246.4,63,4,3248.0,36,1,3248.1,51,3,3248.2,14,1,3248.3,14,1,3248.4,64,2
11536,2025-12-30 14:44:56+05:30,3248.0,1,3252.76,1773177,78968.0,110089.0,3250.0,3267.5,3239.8,3251.5,46238150,3576.6,2926.4,4322.95,2866.6,3246.8,127,5,3246.7,193,3,3246.6,109,4,3246.5,61,1,3246.4,84,5,3248.0,36,1,3248.1,51,3,3248.2,14,1,3248.3,14,1,3248.4,64,2
11536,2025-12-30 14:44:56+05:30,3248.0,1,3252.76,1773177,78968.0,110089.0,3250.0,3267.5,3239.8,3251.5,46238150,3576.6,2926.4,4322.95,2866.6,3246.8,127,5,3246.7,193,3,3246.6,109,4,3246.5,61,1,3246.4,84,5,3248.0,36,1,3248.1,51,3,3248.2,14,1,3248.3,14,1,3248.4,64,2
11536,2025-12-30 14:44:57+05:30,3248.0,25,3252.76,1773177,78968.0,110089.0,3250.0,3267.5,3239.8,3251.5,46238150,3576.6,2926.4,4322.95,2866.6,3246.8,127,5,3246.7,193,3,3246.6,109,4,3246.5,61,1,3246.4,84,5,3248.0,36,1,3248.1,51,3,3248.2,14,1,3248.3,14,1,3248.4,64,2
11536,2025-12-30 14:44:57+05:30,3248.0,25,3252.76,1773202,79004.0,109427.0,3250.0,3267.5,3239.8,3251.5,46238150,3576.6,2926.4,4322.95,2866.6,3246.9,41,1,3246.7,15,1,3246.6,52,2,3246.4,279,6,3246.3,43,4,3247.9,43,2,3248.0,104,5,3248.1,41,2,3248.2,46,2,3248.3,47,3
11536,2025-12-30 14:44:57+05:30,3248.0,25,3252.76,1773202,79004.0,109427.0,3250.0,3267.5,3239.8,3251.5,46238150,3576.6,2926.4,4322.95,2866.6,3246.9,41,1,3246.7,15,1,3246.6,52,2,3246.4,279,6,3246.3,43,4,3247.9,43,2,3248.0,104,5,3248.1,41,2,3248.2,46,2,3248.3,47,3
11536,2025-12-30 14:44:58+05:30,3246.9,2,3252.76,1773202,79004.0,109427.0,3250.0,3267.5,3239.8,3251.5,46238150,3576.6,2926.4,4322.95,2866.6,3246.9,41,1,3246.7,15,1,3246.6,52,2,3246.4,279,6,3246.3,43,4,3247.9,43,2,3248.0,104,5,3248.1,41,2,3248.2,46,2,3248.3,47,3
11536,2025-12-30 14:44:58+05:30,3246.9,2,3252.76,1773202,79004.0,109427.0,3250.0,3267.5,3239.8,3251.5,46238150,3576.6,2926.4,4322.95,2866.6,3246.9,41,1,3246.7,15,1,3246.6,52,2,3246.4,279,6,3246.3,43,4,3247.9,43,2,3248.0,104,5,3248.1,41,2,3248.2,46,2,3248.3,47,3
11536,2025-12-30 14:44:58+05:30,3246.9,2,3252.76,1773207,78847.0,110196.0,3250.0,3267.5,3239.8,3251.5,46238150,3576.6,2926.4,4322.95,2866.6,3246.9,39,1,3246.6,33,1,3246.5,22,1,3246.4,45,2,3246.3,7,2,3247.9,129,6,3248.1,41,2,3248.2,53,2,3248.3,111,5,3248.4,86,4
11536,2025-12-30 14:44:59+05:30,3246.9,39,3252.76,1773207,78847.0,110196.0,3250.0,3267.5,3239.8,3251.5,46238150,3576.6,2926.4,4322.95,2866.6,3246.9,39,1,3246.6,33,1,3246.5,22,1,3246.4,45,2,3246.3,7,2,3247.9,129,6,3248.1,41,2,3248.2,53,2,3248.3,111,5,3248.4,86,4
11536,2025-12-30 14:44:59+05:30,3246.9,39,3252.76,1773402,78715.0,110521.0,3250.0,3267.5,3239.8,3251.5,46238150,3576.6,2926.4,4322.95,2866.6,3247.3,2,1,3246.4,15,1,3246.3,171,3,3246.2,78,3,3246.1,333,7,3247.8,119,6,3247.9,46,2,3248.0,61,1,3248.1,142,5,3248.2,180,5
11536,2025-12-30 14:44:59+05:30,3246.9,39,3252.76,1773402,78715.0,110521.0,3250.0,3267.5,3239.8,3251.5,46238150,3576.6,2926.4,4322.95,2866.6,3247.3,2,1,3246.4,15,1,3246.3,171,3,3246.2,78,3,3246.1,333,7,3247.8,119,6,3247.9,46,2,3248.0,61,1,3248.1,142,5,3248.2,180,5
11536,2025-12-30 14:45:00+05:30,3246.9,39,3252.76,1773402,78926.0,110353.0,3250.0,3267.5,3239.8,3251.5,46238150,3576.6,2926.4,4322.95,2866.6,3247.3,2,1,3246.4,25,2,3246.3,171,3,3246.2,78,3,3246.1,158,6,3247.8,133,7,3247.9,32,1,3248.0,61,1,3248.1,142,5,3248.2,180,5
11536,2025-12-30 14:45:01+05:30,3247.8,2,3252.76,1773404,79047.0,110163.0,3250.0,3267.5,3239.8,3251.5,46238150,3576.6,2926.4,4322.95,2866.6,3247.7,2,1,3246.5,228,2,3246.4,170,6,3246.3,50,3,3246.2,100,4,3247.8,87,4,3247.9,35,2,3248.1,61,3,3248.2,52,2,3248.3,32,2
11536,2025-12-30 14:45:01+05:30,3247.8,2,3252.76,1773404,79047.0,110163.0,3250.0,3267.5,3239.8,3251.5,46238150,3576.6,2926.4,4322.95,2866.6,3247.7,2,1,3246.5,228,2,3246.4,170,6,3246.3,50,3,3246.2,100,4,3247.8,87,4,3247.9,35,2,3248.1,61,3,3248.2,52,2,3248.3,32,2
11536,2025-12-30 14:45:02+05:30,3247.8,1,3252.76,1773404,79047.0,110163.0,3250.0,3267.5,3239.8,3251.5,46238150,3576.6,2926.4,4322.95,2866.6,3247.7,2,1,3246.5,228,2,3246.4,170,6,3246.3,50,3,3246.2,100,4,3247.8,87,4,3247.9,35,2,3248.1,61,3,3248.2,52,2,3248.3,32,2
11536,2025-12-30 14:45:02+05:30,3247.7,155,3252.76,1773566,79035.0,110186.0,3250.0,3267.5,3239.8,3251.5,46238150,3576.6,2926.4,4322.95,2866.6,3247.7,41,1,3246.6,21,1,3246.5,167,1,3246.4,90,4,3246.3,50,3,3247.8,51,3,3248.0,18,1,3248.1,73,3,3248.2,52,2,3248.3,32,2
11536,2025-12-30 14:45:02+05:30,3247.7,155,3252.76,1773566,79035.0,110186.0,3250.0,3267.5,3239.8,3251.5,46238150,3576.6,2926.4,4322.95,2866.6,3247.7,41,1,3246.6,21,1,3246.5,167,1,3246.4,90,4,3246.3,50,3,3247.8,51,3,3248.0,18,1,3248.1,73,3,3248.2,52,2,3248.3,32,2
11536,2025-12-30 14:45:03+05:30,3247.7,15,3252.76,1773566,79035.0,110186.0,3250.0,3267.5,3239.8,3251.5,46238150,3576.6,2926.4,4322.95,2866.6,3247.7,41,1,3246.6,21,1,3246.5,167,1,3246.4,90,4,3246.3,50,3,3247.8,51,3,3248.0,18,1,3248.1,73,3,3248.2,52,2,3248.3,32,2
11536,2025-12-30 14:45:03+05:30,3247.7,15,3252.75,1774639,81764.0,109825.0,3250.0,3267.5,3239.8,3251.5,46238150,3576.6,2926.4,4322.95,2866.6,3246.6,89,5,3246.5,38,2,3246.4,10,1,3246.3,118,4,3246.2,149,4,3247.7,34,2,3247.8,14,1,3247.9,39,1,3248.1,47,2,3248.2,71,2
11536,2025-12-30 14:45:04+05:30,3247.7,8,3252.75,1774639,81764.0,109825.0,3250.0,3267.5,3239.8,3251.5,46238150,3576.6,2926.4,4322.95,2866.6,3246.6,89,5,3246.5,38,2,3246.4,10,1,3246.3,118,4,3246.2,149,4,3247.7,34,2,3247.8,14,1,3247.9,39,1,3248.1,47,2,3248.2,71,2
11536,2025-12-30 14:45:04+05:30,3247.7,8,3252.75,1774647,81837.0,109807.0,3250.0,3267.5,3239.8,3251.5,46238150,3576.6,2926.4,4322.95,2866.6,3246.6,77,4,3246.5,48,3,3246.3,99,3,3246.2,149,4,3246.1,100,6,3247.7,30,2,3247.9,113,3,3248.1,47,2,3248.2,95,3,3248.3,100,5
11536,2025-12-30 14:45:04+05:30,3247.7,8,3252.75,1774647,81837.0,109807.0,3250.0,3267.5,3239.8,3251.5,46238150,3576.6,2926.4,4322.95,2866.6,3246.6,77,4,3246.5,48,3,3246.3,99,3,3246.2,149,4,3246.1,100,6,3247.7,30,2,3247.9,113,3,3248.1,47,2,3248.2,95,3,3248.3,100,5
11536,2025-12-30 14:45:05+05:30,3248.1,1,3252.75,1774647,81837.0,109807.0,3250.0,3267.5,3239.8,3251.5,46238150,3576.6,2926.4,4322.95,2866.6,3246.6,77,4,3246.5,48,3,3246.3,99,3,3246.2,149,4,3246.1,100,6,3247.7,30,2,3247.9,113,3,3248.1,47,2,3248.2,95,3,3248.3,100,5
11536,2025-12-30 14:45:05+05:30,3248.1,1,3252.75,1774678,81979.0,109748.0,3250.0,3267.5,3239.8,3251.5,46238150,3576.6,2926.4,4322.95,2866.6,3247.7,5,1,3246.7,84,1,3246.6,52,3,3246.5,94,5,3246.4,286,6,3248.1,76,3,3248.2,58,2,3248.3,21,1,3248.4,85,3,3248.5,72,3
11536,2025-12-30 14:45:06+05:30,3248.1,1,3252.75,1774678,81979.0,109748.0,3250.0,3267.5,3239.8,3251.5,46238150,3576.6,2926.4,4322.95,2866.6,3247.7,5,1,3246.7,84,1,3246.6,52,3,3246.5,94,5,3246.4,286,6,3248.1,76,3,3248.2,58,2,3248.3,21,1,3248.4,85,3,3248.5,72,3
11536,2025-12-30 14:45:06+05:30,3247.2,140,3252.75,1774834,79950.0,110198.0,3250.0,3267.5,3239.8,3251.5,46238150,3576.6,2926.4,4322.95,2866.6,3247.2,38,1,3246.6,3,1,3246.5,6,2,3246.4,124,4,3246.3,88,3,3248.0,173,7,3248.1,33,2,3248.2,74,3,3248.3,46,1,3248.4,108,5
11536,2025-12-30 14:45:07+05:30,3248.0,8,3252.75,1774834,79950.0,110198.0,3250.0,3267.5,3239.8,3251.5,46238150,3576.6,2926.4,4322.95,2866.6,3247.2,38,1,3246.6,3,1,3246.5,6,2,3246.4,124,4,3246.3,88,3,3248.0,173,7,3248.1,33,2,3248.2,74,3,3248.3,46,1,3248.4,108,5
11536,2025-12-30 14:45:07+05:30,3248.0,8,3252.75,1774843,79944.0,110074.0,3250.0,3267.5,3239.8,3251.5,46238150,3576.6,2926.4,4322.95,2866.6,3246.6,32,2,3246.5,41,2,3246.4,59,2,3246.3,16,1,3246.2,54,3,3248.0,164,7,3248.1,44,3,3248.2,94,4,3248.3,46,1,3248.4,108,5
11536,2025-12-30 14:45:07+05:30,3248.0,8,3252.75,1774843,79944.0,110074.0,3250.0,3267.5,3239.8,3251.5,46285925,3576.6,2926.4,4322.95,2866.6,3246.6,32,2,3246.5,41,2,3246.4,59,2,3246.3,16,1,3246.2,54,3,3248.0,164,7,3248.1,44,3,3248.2,94,4,3248.3,46,1,3248.4,108,5
11536,2025-12-30 14:45:08+05:30,3248.0,4,3252.75,1774843,79944.0,110074.0,3250.0,3267.5,3239.8,3251.5,46285925,3576.6,2926.4,4322.95,2866.6,3246.6,32,2,3246.5,41,2,3246.4,59,2,3246.3,16,1,3246.2,54,3,3248.0,164,7,3248.1,44,3,3248.2,94,4,3248.3,46,1,3248.4,108,5
11536,2025-12-30 14:45:08+05:30,3248.0,4,3252.75,1774847,80036.0,109508.0,3250.0,3267.5,3239.8,3251.5,46285925,3576.6,2926.4,4322.95,2866.6,3246.6,80,3,3246.5,41,2,3246.4,94,3,3246.3,16,1,3246.2,54,3,3248.0,160,7,3248.1,44,3,3248.2,94,4,3248.3,46,1,3248.4,108,5
11536,2025-12-30 14:45:09+05:30,3248.0,1,3252.75,1774847,80036.0,109508.0,3250.0,3267.5,3239.8,3251.5,46285925,3576.6,2926.4,4322.95,2866.6,3246.6,80,3,3246.5,41,2,3246.4,94,3,3246.3,16,1,3246.2,54,3,3248.0,160,7,3248.1,44,3,3248.2,94,4,3248.3,46,1,3248.4,108,5
11536,2025-12-30 14:45:09+05:30,3247.9,1,3252.75,1774924,80038.0,109513.0,3250.0,3267.5,3239.8,3251.5,46285925,3576.6,2926.4,4322.95,2866.6,3246.6,81,3,3246.5,38,2,3246.4,59,2,3246.3,45,2,3246.2,96,4,3247.9,101,5,3248.0,14,1,3248.1,23,2,3248.2,118,6,3248.3,72,2
11536,2025-12-30 14:45:10+05:30,3247.9,1,3252.75,1774924,80038.0,109513.0,3250.0,3267.5,3239.8,3251.5,46285925,3576.6,2926.4,4322.95,2866.6,3246.6,81,3,3246.5,38,2,3246.4,59,2,3246.3,45,2,3246.2,96,4,3247.9,101,5,3248.0,14,1,3248.1,23,2,3248.2,118,6,3248.3,72,2
11536,2025-12-30 14:45:10+05:30,3246.6,3,3252.75,1774924,80038.0,109513.0,3250.0,3267.5,3239.8,3251.5,46285925,3576.6,2926.4,4322.95,2866.6,3246.6,81,3,3246.5,38,2,3246.4,59,2,3246.3,45,2,3246.2,96,4,3247.9,101,5,3248.0,14,1,3248.1,23,2,3248.2,118,6,3248.3,72,2
11536,2025-12-30 14:45:10+05:30,3246.6,4,3252.75,1775120,79942.0,109636.0,3250.0,3267.5,3239.8,3251.5,46285925,3576.6,2926.4,4322.95,2866.6,3246.6,40,3,3246.5,38,2,3246.4,59,2,3246.3,16,1,3246.2,54,3,3247.9,89,5,3248.0,74,3,3248.1,62,3,3248.2,118,6,3248.3,72,2
11536,2025-12-30 14:45:11+05:30,3246.6,4,3252.75,1775120,79942.0,109636.0,3250.0,3267.5,3239.8,3251.5,46285925,3576.6,2926.4,4322.95,2866.6,3246.6,40,3,3246.5,38,2,3246.4,59,2,3246.3,16,1,3246.2,54,3,3247.9,89,5,3248.0,74,3,3248.1,62,3,3248.2,118,6,3248.3,72,2
11536,2025-12-30 14:45:11+05:30,3246.6,4,3252.75,1775120,79915.0,110074.0,3250.0,3267.5,3239.8,3251.5,46285925,3576.6,2926.4,4322.95,2866.6,3246.7,34,1,3246.6,6,2,3246.5,3,1,3246.4,59,2,3246.3,16,1,3247.8,96,4,3247.9,115,5,3248.0,16,1,3248.1,84,3,3248.2,118,6
11536,2025-12-30 14:45:12+05:30,3246.7,5,3252.75,1775120,79915.0,110074.0,3250.0,3267.5,3239.8,3251.5,46285925,3576.6,2926.4,4322.95,2866.6,3246.7,34,1,3246.6,6,2,3246.5,3,1,3246.4,59,2,3246.3,16,1,3247.8,96,4,3247.9,115,5,3248.0,16,1,3248.1,84,3,3248.2,118,6
11536,2025-12-30 14:45:12+05:30,3246.7,5,3252.75,1775128,80010.0,110137.0,3250.0,3267.5,3239.8,3251.5,46285925,3576.6,2926.4,4322.95,2866.6,3246.7,28,1,3246.6,3,1,3246.5,4,2,3246.4,59,2,3246.3,16,1,3247.8,123,6,3247.9,48,2,3248.1,101,4,3248.2,164,7,3248.3,61,1
11536,2025-12-30 14:45:13+05:30,3246.7,1,3252.75,1775128,80010.0,110137.0,3250.0,3267.5,3239.8,3251.5,46285925,3576.6,2926.4,4322.95,2866.6,3246.7,28,1,3246.6,3,1,3246.5,4,2,3246.4,59,2,3246.3,16,1,3247.8,123,6,3247.9,48,2,3248.1,101,4,3248.2,164,7,3248.3,61,1
11536,2025-12-30 14:45:13+05:30,3246.7,1,3252.75,1775138,80175.0,110019.0,3250.0,3267.5,3239.8,3251.5,46285925,3576.6,2926.4,4322.95,2866.6,3246.7,101,3,3246.6,42,3,3246.5,38,3,3246.4,59,2,3246.3,58,3,3247.8,70,4,3247.9,12,1,3248.1,52,3,3248.2,118,6,3248.3,72,2
11536,2025-12-30 14:45:14+05:30,3247.8,1,3252.75,1775138,80175.0,110019.0,3250.0,3267.5,3239.8,3251.5,46285925,3576.6,2926.4,4322.95,2866.6,3246.7,101,3,3246.6,42,3,3246.5,38,3,3246.4,59,2,3246.3,58,3,3247.8,70,4,3247.9,12,1,3248.1,52,3,3248.2,118,6,3248.3,72,2
11536,2025-12-30 14:45:14+05:30,3246.7,23,3252.75,1775295,79892.0,110170.0,3250.0,3267.5,3239.8,3251.5,46285925,3576.6,2926.4,4322.95,2866.6,3246.7,15,1,3246.6,47,3,3246.5,4,2,3246.4,25,1,3246.3,79,3,3247.8,14,1,3248.1,39,1,3248.2,91,4,3248.3,89,3,3248.4,154,6
11536,2025-12-30 14:45:15+05:30,3247.8,1,3252.75,1775295,79892.0,110170.0,3250.0,3267.5,3239.8,3251.5,46285925,3576.6,2926.4,4322.95,2866.6,3246.7,15,1,3246.6,47,3,3246.5,4,2,3246.4,25,1,3246.3,79,3,3247.8,14,1,3248.1,39,1,3248.2,91,4,3248.3,89,3,3248.4,154,6
11536,2025-12-30 14:45:15+05:30,3247.8,1,3252.75,1775306,80039.0,110183.0,3250.0,3267.5,3239.8,3251.5,46285925,3576.6,2926.4,4322.95,2866.6,3247.7,15,1,3246.6,37,2,3246.5,68,4,3246.4,207,5,3246.3,282,5,3247.8,3,1,3248.0,85,3,3248.1,59,2,3248.2,78,3,3248.3,60,2
11536,2025-12-30 14:45:16+05:30,3248.1,7,3252.75,1775407,79823.0,110109.0,3250.0,3267.5,3239.8,3251.5,46285925,3576.6,2926.4,4322.95,2866.6,3247.7,15,1,3246.6,160,4,3246.5,286,6,3246.4,171,5,3246.3,107,4,3248.1,32,1,3248.2,66,3,3248.3,109,4,3248.4,37,2,3248.5,33,2
11536,2025-12-30 14:45:17+05:30,3248.1,8,3252.75,1775407,79823.0,110109.0,3250.0,3267.5,3239.8,3251.5,46285925,3576.6,2926.4,4322.95,2866.6,3247.7,15,1,3246.6,160,4,3246.5,286,6,3246.4,171,5,3246.3,107,4,3248.1,32,1,3248.2,66,3,3248.3,109,4,3248.4,37,2,3248.5,33,2
11536,2025-12-30 14:45:17+05:30,3246.4,130,3252.75,1776474,79568.0,109467.0,3250.0,3267.5,3239.8,3251.5,46285925,3576.6,2926.4,4322.95,2866.6,3246.5,18,1,3246.3,63,4,3246.2,18,2,3246.1,256,4,3246.0,157,7,3248.0,162,6,3248.1,99,4,3248.2,122,5,3248.3,11,1,3248.4,90,5
11536,2025-12-30 14:45:18+05:30,3247.9,7,3252.75,1776474,79568.0,109467.0,3250.0,3267.5,3239.8,3251.5,46285925,3576.6,2926.4,4322.95,2866.6,3246.5,18,1,3246.3,63,4,3246.2,18,2,3246.1,256,4,3246.0,157,7,3248.0,162,6,3248.1,99,4,3248.2,122,5,3248.3,11,1,3248.4,90,5
11536,2025-12-30 14:45:18+05:30,3246.2,2,3252.75,1776753,81477.0,109507.0,3250.0,3267.5,3239.8,3251.5,46285925,3576.6,2926.4,4322.95,2866.6,3246.3,94,4,3246.2,26,3,3246.1,84,4,3246.0,335,7,3245.9,378,7,3248.0,176,7,3248.1,49,4,3248.2,122,5,3248.3,43,2,3248.4,90,5
11536,2025-12-30 14:45:19+05:30,3246.3,5,3252.75,1776753,81477.0,109507.0,3250.0,3267.5,3239.8,3251.5,46285925,3576.6,2926.4,4322.95,2866.6,3246.3,94,4,3246.2,26,3,3246.1,84,4,3246.0,335,7,3245.9,378,7,3248.0,176,7,3248.1,49,4,3248.2,122,5,3248.3,43,2,3248.4,90,5
11536,2025-12-30 14:45:19+05:30,3247.8,1,3252.75,1776840,81521.0,109551.0,3250.0,3267.5,3239.8,3251.5,46285925,3576.6,2926.4,4322.95,2866.6,3246.3,93,4,3246.2,12,1,3246.1,84,4,3246.0,181,7,3245.9,551,8,3247.8,98,5,3247.9,45,2,3248.0,117,4,3248.1,73,5,3248.2,122,5
11536,2025-12-30 14:45:20+05:30,3246.3,2,3252.75,1776840,81521.0,109551.0,3250.0,3267.5,3239.8,3251.5,46285925,3576.6,2926.4,4322.95,2866.6,3246.3,93,4,3246.2,12,1,3246.1,84,4,3246.0,181,7,3245.9,551,8,3247.8,98,5,3247.9,45,2,3248.0,117,4,3248.1,73,5,3248.2,122,5
11536,2025-12-30 14:45:20+05:30,3246.3,2,3252.75,1776842,81052.0,110134.0,3250.0,3267.5,3239.8,3251.5,46285925,3576.6,2926.4,4322.95,2866.6,3246.3,98,4,3246.2,12,1,3246.1,61,2,3246.0,97,4,3245.9,294,3,3247.6,356,8,3247.7,37,3,3247.8,98,4,3247.9,86,4,3248.0,138,5
11536,2025-12-30 14:45:21+05:30,3246.2,13,3252.75,1777192,79281.0,110188.0,3250.0,3267.5,3239.8,3251.5,46285925,3576.6,2926.4,4322.95,2866.6,3246.2,45,2,3246.1,61,2,3246.0,76,3,3245.9,294,3,3245.8,91,5,3247.6,195,8,3247.7,98,4,3247.8,107,4,3247.9,245,4,3248.0,120,5
11536,2025-12-30 14:45:22+05:30,3247.4,13,3252.75,1777192,79281.0,110188.0,3250.0,3267.5,3239.8,3251.5,46285925,3576.6,2926.4,4322.95,2866.6,3246.2,45,2,3246.1,61,2,3246.0,76,3,3245.9,294,3,3245.8,91,5,3247.6,195,8,3247.7,98,4,3247.8,107,4,3247.9,245,4,3248.0,120,5
11536,2025-12-30 14:45:22+05:30,3246.2,36,3252.74,1777531,79019.0,110179.0,3250.0,3267.5,3239.8,3251.5,46285925,3576.6,2926.4,4322.95,2866.6,3246.2,24,3,3246.1,61,2,3246.0,76,3,3245.9,294,3,3245.8,69,4,3247.3,166,7,3247.4,85,5,3247.5,43,4,3247.6,186,7,3247.7,27,2
11536,2025-12-30 14:45:23+05:30,3246.2,36,3252.74,1777531,79019.0,110179.0,3250.0,3267.5,3239.8,3251.5,46285925,3576.6,2926.4,4322.95,2866.6,3246.2,24,3,3246.1,61,2,3246.0,76,3,3245.9,294,3,3245.8,69,4,3247.3,166,7,3247.4,85,5,3247.5,43,4,3247.6,186,7,3247.7,27,2
11536,2025-12-30 14:45:23+05:30,3247.3,1,3252.74,1777532,79010.0,110185.0,3250.0,3267.5,3239.8,3251.5,46285925,3576.6,2926.4,4322.95,2866.6,3246.2,24,3,3246.1,61,2,3246.0,76,3,3245.9,294,3,3245.8,69,4,3247.3,165,7,3247.4,85,5,3247.5,43,4,3247.6,186,7,3247.7,27,2
11536,2025-12-30 14:45:24+05:30,3247.3,1,3252.74,1777532,79010.0,110185.0,3250.0,3267.5,3239.8,3251.5,46285925,3576.6,2926.4,4322.95,2866.6,3246.2,24,3,3246.1,61,2,3246.0,76,3,3245.9,294,3,3245.8,69,4,3247.3,165,7,3247.4,85,5,3247.5,43,4,3247.6,186,7,3247.7,27,2
11536,2025-12-30 14:45:24+05:30,3247.3,36,3252.74,1777569,78742.0,110148.0,3250.0,3267.5,3239.8,3251.5,46285925,3576.6,2926.4,4322.95,2866.6,3246.2,27,4,3246.1,61,2,3246.0,76,3,3245.9,294,3,3245.8,69,4,3247.3,175,9,3247.4,52,4,3247.5,43,4,3247.6,126,5,3247.7,73,3
11536,2025-12-30 14:45:25+05:30,3247.3,1,3252.74,1777569,78742.0,110148.0,3250.0,3267.5,3239.8,3251.5,46285925,3576.6,2926.4,4322.95,2866.6,3246.2,27,4,3246.1,61,2,3246.0,76,3,3245.9,294,3,3245.8,69,4,3247.3,175,9,3247.4,52,4,3247.5,43,4,3247.6,126,5,3247.7,73,3
11536,2025-12-30 14:45:25+05:30,3247.3,5,3252.74,1777575,79295.0,109986.0,3250.0,3267.5,3239.8,3251.5,46285925,3576.6,2926.4,4322.95,2866.6,3246.3,8,1,3246.2,19,3,3246.1,61,2,3246.0,76,3,3245.9,294,3,3247.3,169,9,3247.4,52,4,3247.5,43,4,3247.6,126,5,3247.7,73,3
11536,2025-12-30 14:45:26+05:30,3247.3,1,3252.74,1777575,79295.0,109986.0,3250.0,3267.5,3239.8,3251.5,46285925,3576.6,2926.4,4322.95,2866.6,3246.3,8,1,3246.2,19,3,3246.1,61,2,3246.0,76,3,3245.9,294,3,3247.3,169,9,3247.4,52,4,3247.5,43,4,3247.6,126,5,3247.7,73,3
11536,2025-12-30 14:45:26+05:30,3247.3,9,3252.74,1777740,79512.0,109808.0,3250.0,3267.5,3239.8,3251.5,46285925,3576.6,2926.4,4322.95,2866.6,3246.3,84,5,3246.2,40,4,3246.1,49,3,3246.0,121,6,3245.9,321,5,3247.3,5,1,3247.6,60,2,3247.8,67,3,3247.9,14,1,3248.0,109,4
11536,2025-12-30 14:45:27+05:30,3247.3,9,3252.74,1777740,79512.0,109808.0,3250.0,3267.5,3239.8,3251.5,46285925,3576.6,2926.4,4322.95,2866.6,3246.3,84,5,3246.2,40,4,3246.1,49,3,3246.0,121,6,3245.9,321,5,3247.3,5,1,3247.6,60,2,3247.8,67,3,3247.9,14,1,3248.0,109,4
11536,2025-12-30 14:45:27+05:30,3246.8,3,3252.74,1777743,79436.0,110130.0,3250.0,3267.5,3239.8,3251.5,46285925,3576.6,2926.4,4322.95,2866.6,3246.8,10,1,3246.3,71,4,3246.2,22,4,3246.1,105,5,3246.0,70,5,3247.3,5,1,3247.6,32,1,3247.8,67,3,3247.9,14,1,3248.0,109,4
11536,2025-12-30 14:45:28+05:30,3246.8,2,3252.74,1777743,79436.0,110130.0,3250.0,3267.5,3239.8,3251.5,46285925,3576.6,2926.4,4322.95,2866.6,3246.8,10,1,3246.3,71,4,3246.2,22,4,3246.1,105,5,3246.0,70,5,3247.3,5,1,3247.6,32,1,3247.8,67,3,3247.9,14,1,3248.0,109,4
11536,2025-12-30 14:45:28+05:30,3246.8,2,3252.74,1777756,79558.0,109836.0,3250.0,3267.5,3239.8,3251.5,46285925,3576.6,2926.4,4322.95,2866.6,3246.8,93,4,3246.4,28,1,3246.3,43,3,3246.2,76,5,3246.1,51,4,3247.3,5,1,3247.8,85,3,3247.9,14,1,3248.0,109,4,3248.1,205,4
11536,2025-12-30 14:45:29+05:30,3246.8,39,3252.74,1777756,79558.0,109836.0,3250.0,3267.5,3239.8,3251.5,46285925,3576.6,2926.4,4322.95,2866.6,3246.8,93,4,3246.4,28,1,3246.3,43,3,3246.2,76,5,3246.1,51,4,3247.3,5,1,3247.8,85,3,3247.9,14,1,3248.0,109,4,3248.1,205,4
11536,2025-12-30 14:45:29+05:30,3246.8,39,3252.74,1777795,79479.0,109843.0,3250.0,3267.5,3239.8,3251.5,46285925,3576.6,2926.4,4322.95,2866.6,3247.2,40,1,3246.8,51,3,3246.3,1,1,3246.2,22,4,3246.1,29,3,3247.3,5,1,3247.5,45,2,3247.6,33,1,3247.7,55,2,3247.8,195,7
11536,2025-12-30 14:45:30+05:30,3246.2,1,3252.74,1777951,77718.0,111093.0,3250.0,3267.5,3239.8,3251.5,46285925,3576.6,2926.4,4322.95,2866.6,3246.2,4,2,3246.1,9,2,3246.0,61,4,3245.9,252,2,3245.8,13,3,3247.2,33,1,3247.3,104,7,3247.4,96,3,3247.5,148,4,3247.6,149,4
11536,2025-12-30 14:45:31+05:30,3246.2,1,3252.74,1777951,77718.0,111093.0,3250.0,3267.5,3239.8,3251.5,46285925,3576.6,2926.4,4322.95,2866.6,3246.2,4,2,3246.1,9,2,3246.0,61,4,3245.9,252,2,3245.8,13,3,3247.2,33,1,3247.3,104,7,3247.4,96,3,3247.5,148,4,3247.6,149,4
11536,2025-12-30 14:45:31+05:30,3246.2,1,3252.74,1777956,78754.0,109168.0,3250.0,3267.5,3239.8,3251.5,46285925,3576.6,2926.4,4322.95,2866.6,3246.2,5,2,3246.1,9,2,3246.0,28,3,3245.9,252,2,3245.8,13,3,3247.2,112,7,3247.3,22,2,3247.4,96,3,3247.5,130,5,3247.6,114,4
11536,2025-12-30 14:45:32+05:30,3246.2,1,3252.74,1777956,78754.0,109168.0,3250.0,3267.5,3239.8,3251.5,46285925,3576.6,2926.4,4322.95,2866.6,3246.2,5,2,3246.1,9,2,3246.0,28,3,3245.9,252,2,3245.8,13,3,3247.2,112,7,3247.3,22,2,3247.4,96,3,3247.5,130,5,3247.6,114,4
11536,2025-12-30 14:45:32+05:30,3245.9,704,3252.74,1779023,78689.0,110701.0,3250.0,3267.5,3239.8,3251.5,46285925,3576.6,2926.4,4322.95,2866.6,3245.9,400,1,3245.8,13,3,3245.7,106,2,3245.6,19,1,3245.5,15,3,3247.1,53,3,3247.2,52,4,3247.3,22,2,3247.4,124,5,3247.5,140,5
11536,2025-12-30 14:45:33+05:30,3245.9,704,3252.74,1779023,78689.0,110701.0,3250.0,3267.5,3239.8,3251.5,46285925,3576.6,2926.4,4322.95,2866.6,3245.9,400,1,3245.8,13,3,3245.7,106,2,3245.6,19,1,3245.5,15,3,3247.1,53,3,3247.2,52,4,3247.3,22,2,3247.4,124,5,3247.5,140,5
11536,2025-12-30 14:45:33+05:30,3245.9,704,3252.74,1779023,78815.0,110600.0,3250.0,3267.5,3239.8,3251.5,46285925,3576.6,2926.4,4322.95,2866.6,3245.9,406,2,3245.8,13,3,3245.7,52,1,3245.6,57,2,3245.5,15,3,3247.1,106,6,3247.2,37,3,3247.3,12,1,3247.4,46,3,3247.5,97,5
11536,2025-12-30 14:45:34+05:30,3247.1,6,3252.74,1779225,79410.0,110237.0,3250.0,3267.5,3239.8,3251.5,46285925,3576.6,2926.4,4322.95,2866.6,3246.1,90,4,3246.0,43,2,3245.9,421,6,3245.8,19,4,3245.7,268,4,3247.1,5,1,3247.3,39,1,3247.4,20,1,3247.5,27,1,3247.6,22,1
11536,2025-12-30 14:45:35+05:30,3247.1,2,3252.74,1779225,79410.0,110237.0,3250.0,3267.5,3239.8,3251.5,46285925,3576.6,2926.4,4322.95,2866.6,3246.1,90,4,3246.0,43,2,3245.9,421,6,3245.8,19,4,3245.7,268,4,3247.1,5,1,3247.3,39,1,3247.4,20,1,3247.5,27,1,3247.6,22,1
11536,2025-12-30 14:45:36+05:30,3247.1,1,3252.74,1779230,79418.0,110619.0,3250.0,3267.5,3239.8,3251.5,46285925,3576.6,2926.4,4322.95,2866.6,3246.1,74,3,3246.0,87,3,3245.9,377,5,3245.8,13,3,3245.7,148,4,3247.1,14,2,3247.3,39,1,3247.4,20,1,3247.5,27,1,3247.6,22,1
11536,2025-12-30 14:45:36+05:30,3247.1,1,3252.74,1779230,79418.0,110619.0,3250.0,3267.5,3239.8,3251.5,46285925,3576.6,2926.4,4322.95,2866.6,3246.1,74,3,3246.0,87,3,3245.9,377,5,3245.8,13,3,3245.7,148,4,3247.1,14,2,3247.3,39,1,3247.4,20,1,3247.5,27,1,3247.6,22,1
11536,2025-12-30 14:45:37+05:30,3247.1,6,3252.74,1779239,78323.0,110623.0,3250.0,3267.5,3239.8,3251.5,46285925,3576.6,2926.4,4322.95,2866.6,3246.1,44,1,3245.9,340,3,3245.8,13,3,3245.7,52,1,3245.5,15,3,3247.1,145,8,3247.2,15,1,3247.4,53,3,3247.5,95,3,3247.6,122,4
11536,2025-12-30 14:45:37+05:30,3247.1,6,3252.74,1779239,78323.0,110623.0,3250.0,3267.5,3239.8,3251.5,46285925,3576.6,2926.4,4322.95,2866.6,3246.1,44,1,3245.9,340,3,3245.8,13,3,3245.7,52,1,3245.5,15,3,3247.1,145,8,3247.2,15,1,3247.4,53,3,3247.5,95,3,3247.6,122,4
11536,2025-12-30 14:45:38+05:30,3247.1,1,3252.74,1779239,78323.0,110623.0,3250.0,3267.5,3239.8,3251.5,46285925,3576.6,2926.4,4322.95,2866.6,3246.1,44,1,3245.9,340,3,3245.8,13,3,3245.7,52,1,3245.5,15,3,3247.1,145,8,3247.2,15,1,3247.4,53,3,3247.5,95,3,3247.6,122,4
11536,2025-12-30 14:45:38+05:30,3247.1,1,3252.74,1779244,78382.0,110050.0,3250.0,3267.5,3239.8,3251.5,46285925,3576.6,2926.4,4322.95,2866.6,3246.1,44,1,3245.9,340,3,3245.8,13,3,3245.7,52,1,3245.5,69,4,3247.1,125,7,3247.2,15,1,3247.4,55,4,3247.5,34,2,3247.6,122,4
11536,2025-12-30 14:45:39+05:30,3246.1,39,3252.74,1779439,77199.0,110337.0,3250.0,3267.5,3239.8,3251.5,46285925,3576.6,2926.4,4322.95,2866.6,3246.0,5,1,3245.9,340,3,3245.8,13,3,3245.7,52,1,3245.5,12,2,3247.0,111,6,3247.1,54,4,3247.2,17,2,3247.3,81,2,3247.4,116,5
11536,2025-12-30 14:45:39+05:30,3246.1,39,3252.74,1779439,77199.0,110337.0,3250.0,3267.5,3239.8,3251.5,46285925,3576.6,2926.4,4322.95,2866.6,3246.0,5,1,3245.9,340,3,3245.8,13,3,3245.7,52,1,3245.5,12,2,3247.0,111,6,3247.1,54,4,3247.2,17,2,3247.3,81,2,3247.4,116,5
11536,2025-12-30 14:45:40+05:30,3247.0,1,3252.74,1779439,77199.0,110337.0,3250.0,3267.5,3239.8,3251.5,46285925,3576.6,2926.4,4322.95,2866.6,3246.0,5,1,3245.9,340,3,3245.8,13,3,3245.7,52,1,3245.5,12,2,3247.0,111,6,3247.1,54,4,3247.2,17,2,3247.3,81,2,3247.4,116,5
11536,2025-12-30 14:45:40+05:30,3247.0,1,3252.74,1779473,78809.0,109153.0,3250.0,3267.5,3239.8,3251.5,46285925,3576.6,2926.4,4322.95,2866.6,3247.0,5,2,3246.0,120,3,3245.9,340,3,3245.8,120,6,3245.7,24,1,3247.2,34,2,3247.3,5,1,3247.4,48,2,3247.5,90,4,3247.6,74,2
11536,2025-12-30 14:45:41+05:30,3247.0,1,3252.74,1779473,78767.0,110572.0,3250.0,3267.5,3239.8,3251.5,46285925,3576.6,2926.4,4322.95,2866.6,3247.1,5,1,3247.0,5,2,3246.0,54,1,3245.9,340,3,3245.8,87,5,3247.2,28,1,3247.3,67,3,3247.4,6,1,3247.6,54,1,3247.7,27,2
11536,2025-12-30 14:45:42+05:30,3247.1,4,3252.74,1779473,78767.0,110572.0,3250.0,3267.5,3239.8,3251.5,46285925,3576.6,2926.4,4322.95,2866.6,3247.1,5,1,3247.0,5,2,3246.0,54,1,3245.9,340,3,3245.8,87,5,3247.2,28,1,3247.3,67,3,3247.4,6,1,3247.6,54,1,3247.7,27,2
11536,2025-12-30 14:45:42+05:30,3247.1,155,3252.74,1779634,79505.0,110722.0,3250.0,3267.5,3239.8,3251.5,46285925,3576.6,2926.4,4322.95,2866.6,3247.1,44,1,3247.0,4,1,3246.1,5,1,3246.0,137,3,3245.9,540,6,3247.6,61,2,3247.7,19,2,3247.8,69,3,3247.9,55,2,3248.0,144,6
11536,2025-12-30 14:45:43+05:30,3247.1,1,3252.74,1779634,79505.0,110722.0,3250.0,3267.5,3239.8,3251.5,46285925,3576.6,2926.4,4322.95,2866.6,3247.1,44,1,3247.0,4,1,3246.1,5,1,3246.0,137,3,3245.9,540,6,3247.6,61,2,3247.7,19,2,3247.8,69,3,3247.9,55,2,3248.0,144,6
11536,2025-12-30 14:45:43+05:30,3247.1,1,3252.74,1779638,80115.0,110244.0,3250.0,3267.5,3239.8,3251.5,46285925,3576.6,2926.4,4322.95,2866.6,3247.1,43,1,3247.0,4,1,3246.2,21,1,3246.1,6,1,3246.0,366,5,3247.7,91,5,3247.8,10,1,3247.9,27,1,3248.0,93,4,3248.1,77,5
11536,2025-12-30 14:45:44+05:30,3247.1,1,3252.74,1779638,79943.0,110244.0,3250.0,3267.5,3239.8,3251.5,46285925,3576.6,2926.4,4322.95,2866.6,3247.1,43,1,3247.0,4,1,3246.2,21,1,3246.1,6,1,3246.0,366,5,3247.7,91,5,3247.8,10,1,3247.9,27,1,3248.0,93,4,3248.1,77,5
11536,2025-12-30 14:45:45+05:30,3247.7,1,3252.74,1779638,79943.0,110244.0,3250.0,3267.5,3239.8,3251.5,46285925,3576.6,2926.4,4322.95,2866.6,3247.1,43,1,3247.0,4,1,3246.2,21,1,3246.1,6,1,3246.0,366,5,3247.7,91,5,3247.8,10,1,3247.9,27,1,3248.0,93,4,3248.1,77,5
11536,2025-12-30 14:45:45+05:30,3247.7,1,3252.74,1779641,79825.0,110457.0,3250.0,3267.5,3239.8,3251.5,46285925,3576.6,2926.4,4322.95,2866.6,3247.6,43,1,3247.1,76,1,3247.0,4,1,3246.4,21,1,3246.2,196,2,3247.7,79,4,3247.8,10,1,3247.9,47,2,3248.0,105,3,3248.1,77,5
11536,2025-12-30 14:45:46+05:30,3247.7,1,3252.74,1779641,79071.0,110449.0,3250.0,3267.5,3239.8,3251.5,46285925,3576.6,2926.4,4322.95,2866.6,3247.6,43,1,3247.1,76,1,3247.0,4,1,3246.4,21,1,3246.2,201,3,3247.7,79,4,3247.8,10,1,3247.9,47,2,3248.0,105,3,3248.1,77,5
11536,2025-12-30 14:45:47+05:30,3247.7,8,3252.74,1779641,79071.0,110449.0,3250.0,3267.5,3239.8,3251.5,46285925,3576.6,2926.4,4322.95,2866.6,3247.6,43,1,3247.1,76,1,3247.0,4,1,3246.4,21,1,3246.2,201,3,3247.7,79,4,3247.8,10,1,3247.9,47,2,3248.0,105,3,3248.1,77,5
11536,2025-12-30 14:45:47+05:30,3247.7,8,3252.74,1779843,79360.0,110673.0,3250.0,3267.5,3239.8,3251.5,46285925,3576.6,2926.4,4322.95,2866.6,3247.1,3,1,3246.2,62,3,3246.0,108,4,3245.9,472,5,3245.8,182,7,3247.7,109,6,3247.8,51,3,3247.9,47,2,3248.0,153,5,3248.1,77,5
11536,2025-12-30 14:45:48+05:30,3245.9,369,3252.74,1779843,79360.0,110673.0,3250.0,3267.5,3239.8,3251.5,46285925,3576.6,2926.4,4322.95,2866.6,3247.1,3,1,3246.2,62,3,3246.0,108,4,3245.9,472,5,3245.8,182,7,3247.7,109,6,3247.8,51,3,3247.9,47,2,3248.0,153,5,3248.1,77,5
11536,2025-12-30 14:45:48+05:30,3245.9,369,3252.73,1780902,78885.0,110888.0,3250.0,3267.5,3239.8,3251.5,46285925,3576.6,2926.4,4322.95,2866.6,3246.7,17,1,3246.0,88,3,3245.9,41,4,3245.8,17,4,3245.7,80,2,3247.4,89,5,3247.5,61,1,3247.6,194,6,3247.7,107,5,3247.8,158,7
11536,2025-12-30 14:45:49+05:30,3247.5,53,3252.73,1780902,78885.0,110888.0,3250.0,3267.5,3239.8,3251.5,46285925,3576.6,2926.4,4322.95,2866.6,3246.7,17,1,3246.0,88,3,3245.9,41,4,3245.8,17,4,3245.7,80,2,3247.4,89,5,3247.5,61,1,3247.6,194,6,3247.7,107,5,3247.8,158,7
11536,2025-12-30 14:45:49+05:30,3246.1,2,3252.73,1781113,76746.0,110301.0,3250.0,3267.5,3239.8,3251.5,46285925,3576.6,2926.4,4322.95,2866.6,3246.1,29,2,3245.9,154,8,3245.8,13,3,3245.7,113,3,3245.6,172,6,3247.5,119,4,3247.6,46,2,3247.7,42,2,3247.8,99,3,3247.9,20,1
11536,2025-12-30 14:45:50+05:30,3247.5,1,3252.73,1781113,76746.0,110301.0,3250.0,3267.5,3239.8,3251.5,46285925,3576.6,2926.4,4322.95,2866.6,3246.1,29,2,3245.9,154,8,3245.8,13,3,3245.7,113,3,3245.6,172,6,3247.5,119,4,3247.6,46,2,3247.7,42,2,3247.8,99,3,3247.9,20,1
11536,2025-12-30 14:45:50+05:30,3246.1,1,3252.73,1781316,79470.0,110105.0,3250.0,3267.5,3239.8,3251.5,46285925,3576.6,2926.4,4322.95,2866.6,3246.1,61,4,3246.0,61,2,3245.9,150,8,3245.8,136,5,3245.7,135,4,3247.5,24,2,3247.6,26,1,3247.7,43,2,3247.8,32,1,3247.9,84,3
11536,2025-12-30 14:45:51+05:30,3246.2,350,3252.73,1781316,79470.0,110105.0,3250.0,3267.5,3239.8,3251.5,46285925,3576.6,2926.4,4322.95,2866.6,3246.1,61,4,3246.0,61,2,3245.9,150,8,3245.8,136,5,3245.7,135,4,3247.5,24,2,3247.6,26,1,3247.7,43,2,3247.8,32,1,3247.9,84,3
11536,2025-12-30 14:45:51+05:30,3246.2,350,3252.73,1781666,79114.0,110798.0,3250.0,3267.5,3239.8,3251.5,46285925,3576.6,2926.4,4322.95,2866.6,3246.1,84,5,3246.0,61,2,3245.9,63,5,3245.8,10,2,3245.7,75,2,3247.4,73,4,3247.5,30,2,3247.6,99,3,3247.7,178,2,3247.8,114,5
11536,2025-12-30 14:45:52+05:30,3247.4,1,3252.73,1781666,79114.0,110798.0,3250.0,3267.5,3239.8,3251.5,46285925,3576.6,2926.4,4322.95,2866.6,3246.1,84,5,3246.0,61,2,3245.9,63,5,3245.8,10,2,3245.7,75,2,3247.4,73,4,3247.5,30,2,3247.6,99,3,3247.7,178,2,3247.8,114,5
11536,2025-12-30 14:45:52+05:30,3247.4,1,3252.73,1781670,78753.0,110570.0,3250.0,3267.5,3239.8,3251.5,46285925,3576.6,2926.4,4322.95,2866.6,3246.1,83,4,3245.9,63,5,3245.8,10,2,3245.7,45,1,3245.6,71,3,3247.4,197,11,3247.5,15,1,3247.6,145,4,3247.7,38,2,3247.8,114,5
11536,2025-12-30 14:45:53+05:30,3247.4,3,3252.73,1781670,78753.0,110570.0,3250.0,3267.5,3239.8,3251.5,46285925,3576.6,2926.4,4322.95,2866.6,3246.1,83,4,3245.9,63,5,3245.8,10,2,3245.7,45,1,3245.6,71,3,3247.4,197,11,3247.5,15,1,3247.6,145,4,3247.7,38,2,3247.8,114,5
11536,2025-12-30 14:45:53+05:30,3247.4,3,3252.73,1781673,79085.0,110612.0,3250.0,3267.5,3239.8,3251.5,46285925,3576.6,2926.4,4322.95,2866.6,3246.2,17,1,3246.1,66,3,3245.9,62,4,3245.8,10,2,3245.7,45,1,3247.2,104,4,3247.3,117,5,3247.4,114,5,3247.5,101,4,3247.6,119,4
11536,2025-12-30 14:45:54+05:30,3247.2,6,3252.73,1781865,78347.0,110742.0,3250.0,3267.5,3239.8,3251.5,46285925,3576.6,2926.4,4322.95,2866.6,3246.1,35,3,3245.9,62,4,3245.8,10,2,3245.7,45,1,3245.6,124,5,3247.2,108,6,3247.3,52,3,3247.4,62,4,3247.5,93,4,3247.6,119,4
11536,2025-12-30 14:45:55+05:30,3247.2,1,3252.73,1781865,78347.0,110742.0,3250.0,3267.5,3239.8,3251.5,46285925,3576.6,2926.4,4322.95,2866.6,3246.1,35,3,3245.9,62,4,3245.8,10,2,3245.7,45,1,3245.6,124,5,3247.2,108,6,3247.3,52,3,3247.4,62,4,3247.5,93,4,3247.6,119,4
11536,2025-12-30 14:45:55+05:30,3247.2,1,3252.73,1781866,78400.0,110777.0,3250.0,3267.5,3239.8,3251.5,46285925,3576.6,2926.4,4322.95,2866.6,3246.1,45,4,3246.0,44,1,3245.9,62,4,3245.8,10,2,3245.7,45,1,3247.2,107,6,3247.3,52,3,3247.4,94,5,3247.5,93,4,3247.6,119,4
11536,2025-12-30 14:45:56+05:30,3247.2,9,3252.73,1781875,78555.0,110533.0,3250.0,3267.5,3239.8,3251.5,46285925,3576.6,2926.4,4322.95,2866.6,3246.1,77,5,3246.0,45,2,3245.9,67,5,3245.8,10,2,3245.7,45,1,3247.2,71,4,3247.3,52,3,3247.4,58,3,3247.5,31,2,3247.6,131,4
11536,2025-12-30 14:45:57+05:30,3247.2,9,3252.73,1781875,78555.0,110533.0,3250.0,3267.5,3239.8,3251.5,46285925,3576.6,2926.4,4322.95,2866.6,3246.1,77,5,3246.0,45,2,3245.9,67,5,3245.8,10,2,3245.7,45,1,3247.2,71,4,3247.3,52,3,3247.4,58,3,3247.5,31,2,3247.6,131,4
11536,2025-12-30 14:45:58+05:30,3247.3,27,3252.73,1781917,79278.0,107935.0,3250.0,3267.5,3239.8,3251.5,46285925,3576.6,2926.4,4322.95,2866.6,3246.7,119,5,3246.5,135,4,3246.4,32,3,3246.3,58,4,3246.2,66,4,3247.7,4,1,3248.0,25,1,3248.1,1,1,3248.2,20,1,3248.4,109,3
11536,2025-12-30 14:45:58+05:30,3246.7,2,3252.73,1781917,79278.0,107935.0,3250.0,3267.5,3239.8,3251.5,46285925,3576.6,2926.4,4322.95,2866.6,3246.7,119,5,3246.5,135,4,3246.4,32,3,3246.3,58,4,3246.2,66,4,3247.7,4,1,3248.0,25,1,3248.1,1,1,3248.2,20,1,3248.4,109,3
11536,2025-12-30 14:45:59+05:30,3246.8,27,3252.73,1782114,78709.0,109531.0,3250.0,3267.5,3239.8,3251.5,46285925,3576.6,2926.4,4322.95,2866.6,3246.8,60,4,3246.5,52,2,3246.4,49,3,3246.3,61,5,3246.2,66,4,3247.7,4,1,3248.0,25,1,3248.1,1,1,3248.4,75,2,3248.5,43,1
11536,2025-12-30 14:45:59+05:30,3246.8,27,3252.73,1782114,78709.0,109531.0,3250.0,3267.5,3239.8,3251.5,46285925,3576.6,2926.4,4322.95,2866.6,3246.8,60,4,3246.5,52,2,3246.4,49,3,3246.3,61,5,3246.2,66,4,3247.7,4,1,3248.0,25,1,3248.1,1,1,3248.4,75,2,3248.5,43,1
11536,2025-12-30 14:46:00+05:30,3246.8,27,3252.73,1782114,79874.0,108209.0,3250.0,3267.5,3239.8,3251.5,46285925,3576.6,2926.4,4322.95,2866.6,3246.8,258,9,3246.7,16,2,3246.6,24,1,3246.5,104,3,3246.4,49,3,3247.7,4,1,3248.0,25,1,3248.1,1,1,3248.4,21,1,3248.6,21,1
11536,2025-12-30 14:46:01+05:30,3246.8,27,3252.73,1782114,77969.0,108211.0,3250.0,3267.5,3239.8,3251.5,46285925,3576.6,2926.4,4322.95,2866.6,3246.9,85,4,3246.8,200,6,3246.7,15,1,3246.6,46,2,3246.5,99,2,3247.7,4,1,3248.1,1,1,3248.4,21,1,3248.6,48,2,3248.7,100,3
11536,2025-12-30 14:46:02+05:30,3247.7,1,3252.73,1782114,77969.0,108211.0,3250.0,3267.5,3239.8,3251.5,46285925,3576.6,2926.4,4322.95,2866.6,3246.9,85,4,3246.8,200,6,3246.7,15,1,3246.6,46,2,3246.5,99,2,3247.7,4,1,3248.1,1,1,3248.4,21,1,3248.6,48,2,3248.7,100,3
11536,2025-12-30 14:46:02+05:30,3246.9,7,3252.73,1782277,80230.0,106742.0,3250.0,3267.5,3239.8,3251.5,46285925,3576.6,2926.4,4322.95,2866.6,3246.9,154,5,3246.8,199,6,3246.7,15,1,3246.6,46,2,3246.5,155,4,3247.7,16,2,3248.1,1,1,3248.4,21,1,3248.6,48,2,3248.7,57,2
11536,2025-12-30 14:46:03+05:30,3246.5,7,3252.73,1782277,80230.0,106742.0,3250.0,3267.5,3239.8,3251.5,46285925,3576.6,2926.4,4322.95,2866.6,3246.9,154,5,3246.8,199,6,3246.7,15,1,3246.6,46,2,3246.5,155,4,3247.7,16,2,3248.1,1,1,3248.4,21,1,3248.6,48,2,3248.7,57,2
11536,2025-12-30 14:46:03+05:30,3246.5,7,3252.72,1783335,79660.0,108874.0,3250.0,3267.5,3239.8,3251.5,46285925,3576.6,2926.4,4322.95,2866.6,3246.7,78,5,3246.6,32,1,3246.5,152,6,3246.4,27,2,3246.3,55,3,3247.7,16,2,3248.1,40,2,3248.2,21,1,3248.4,147,4,3248.5,80,2
11536,2025-12-30 14:46:04+05:30,3247.7,14,3252.72,1783351,80710.0,106364.0,3250.0,3267.5,3239.8,3251.5,46285925,3576.6,2926.4,4322.95,2866.6,3247.7,5,1,3246.8,107,4,3246.7,255,6,3246.6,101,4,3246.5,178,6,3248.1,1,1,3248.3,66,2,3248.5,112,3,3248.6,14,1,3248.7,78,3
11536,2025-12-30 14:46:05+05:30,3248.1,1,3252.72,1783351,80710.0,106364.0,3250.0,3267.5,3239.8,3251.5,46285925,3576.6,2926.4,4322.95,2866.6,3247.7,5,1,3246.8,107,4,3246.7,255,6,3246.6,101,4,3246.5,178,6,3248.1,1,1,3248.3,66,2,3248.5,112,3,3248.6,14,1,3248.7,78,3
11536,2025-12-30 14:46:05+05:30,3248.1,1,3252.72,1783352,80702.0,108575.0,3250.0,3267.5,3239.8,3251.5,46285925,3576.6,2926.4,4322.95,2866.6,3248.2,1,1,3248.1,1,1,3247.7,5,1,3247.0,63,3,3246.8,113,4,3248.3,18,2,3248.4,27,1,3248.5,125,3,3248.7,54,1,3248.8,3,1
11536,2025-12-30 14:46:06+05:30,3246.8,37,3252.72,1783507,80291.0,108693.0,3250.0,3267.5,3239.8,3251.5,46285925,3576.6,2926.4,4322.95,2866.6,3247.1,17,1,3246.9,84,5,3246.8,100,5,3246.7,163,3,3246.6,77,5,3248.3,48,3,3248.4,27,1,3248.5,53,2,3248.7,100,2,3248.8,39,3
11536,2025-12-30 14:46:07+05:30,3248.3,2,3252.72,1783507,80291.0,108693.0,3250.0,3267.5,3239.8,3251.5,46285925,3576.6,2926.4,4322.95,2866.6,3247.1,17,1,3246.9,84,5,3246.8,100,5,3246.7,163,3,3246.6,77,5,3248.3,48,3,3248.4,27,1,3248.5,53,2,3248.7,100,2,3248.8,39,3
11536,2025-12-30 14:46:07+05:30,3248.3,2,3252.72,1783515,80295.0,106612.0,3250.0,3267.5,3239.8,3251.5,46285925,3576.6,2926.4,4322.95,2866.6,3247.1,17,1,3246.9,84,5,3246.8,100,5,3246.7,163,3,3246.6,77,5,3248.3,40,2,3248.4,27,1,3248.5,53,2,3248.7,100,2,3248.8,39,3
11536,2025-12-30 14:46:08+05:30,3248.3,4,3252.72,1783515,80295.0,106612.0,3250.0,3267.5,3239.8,3251.5,46285925,3576.6,2926.4,4322.95,2866.6,3247.1,17,1,3246.9,84,5,3246.8,100,5,3246.7,163,3,3246.6,77,5,3248.3,40,2,3248.4,27,1,3248.5,53,2,3248.7,100,2,3248.8,39,3
11536,2025-12-30 14:46:08+05:30,3248.3,4,3252.72,1783519,79046.0,109044.0,3250.0,3267.5,3239.8,3251.5,46285925,3576.6,2926.4,4322.95,2866.6,3247.1,17,1,3246.9,46,3,3246.8,73,4,3246.7,61,2,3246.6,77,5,3248.2,123,5,3248.3,11,1,3248.4,14,1,3248.5,68,2,3248.6,67,2
11536,2025-12-30 14:46:09+05:30,3247.1,1,3252.72,1783519,79046.0,109044.0,3250.0,3267.5,3239.8,3251.5,46285925,3576.6,2926.4,4322.95,2866.6,3247.1,17,1,3246.9,46,3,3246.8,73,4,3246.7,61,2,3246.6,77,5,3248.2,123,5,3248.3,11,1,3248.4,14,1,3248.5,68,2,3248.6,67,2
11536,2025-12-30 14:46:09+05:30,3248.2,36,3252.72,1783594,80116.0,109364.0,3250.0,3267.5,3239.8,3251.5,46285925,3576.6,2926.4,4322.95,2866.6,3247.1,37,1,3247.0,34,1,3246.9,49,2,3246.8,74,3,3246.7,49,1,3248.2,35,2,3248.3,21,2,3248.4,17,2,3248.5,95,3,3248.6,67,2
11536,2025-12-30 14:46:10+05:30,3248.2,2,3252.72,1783594,80116.0,109364.0,3250.0,3267.5,3239.8,3251.5,46285925,3576.6,2926.4,4322.95,2866.6,3247.1,37,1,3247.0,34,1,3246.9,49,2,3246.8,74,3,3246.7,49,1,3248.2,35,2,3248.3,21,2,3248.4,17,2,3248.5,95,3,3248.6,67,2
11536,2025-12-30 14:46:10+05:30,3247.0,119,3252.72,1783787,78921.0,109531.0,3250.0,3267.5,3239.8,3251.5,46285925,3576.6,2926.4,4322.95,2866.6,3247.0,34,1,3246.8,45,2,3246.7,49,1,3246.6,67,4,3246.5,136,5,3248.1,9,1,3248.2,69,3,3248.3,27,1,3248.5,72,2,3248.6,92,4
11536,2025-12-30 14:46:11+05:30,3248.5,11,3252.72,1783787,78921.0,109531.0,3250.0,3267.5,3239.8,3251.5,46285925,3576.6,2926.4,4322.95,2866.6,3247.0,34,1,3246.8,45,2,3246.7,49,1,3246.6,67,4,3246.5,136,5,3248.1,9,1,3248.2,69,3,3248.3,27,1,3248.5,72,2,3248.6,92,4
11536,2025-12-30 14:46:11+05:30,3248.5,11,3252.72,1783903,80916.0,109345.0,3250.0,3267.5,3239.8,3251.5,46285925,3576.6,2926.4,4322.95,2866.6,3248.0,16,1,3247.2,3,1,3247.1,54,3,3247.0,21,1,3246.9,27,1,3248.5,39,1,3248.6,56,2,3248.7,73,2,3248.8,22,2,3248.9,112,4
11536,2025-12-30 14:46:12+05:30,3248.6,14,3252.72,1783903,80916.0,109345.0,3250.0,3267.5,3239.8,3251.5,46285925,3576.6,2926.4,4322.95,2866.6,3248.0,16,1,3247.2,3,1,3247.1,54,3,3247.0,21,1,3246.9,27,1,3248.5,39,1,3248.6,56,2,3248.7,73,2,3248.8,22,2,3248.9,112,4
11536,2025-12-30 14:46:12+05:30,3248.6,14,3252.72,1783921,80495.0,109243.0,3250.0,3267.5,3239.8,3251.5,46285925,3576.6,2926.4,4322.95,2866.6,3247.3,51,4,3247.2,13,2,3247.1,2,1,3247.0,66,4,3246.9,50,2,3248.6,62,3,3248.7,60,2,3248.8,19,1,3248.9,190,6,3249.0,67,4
11536,2025-12-30 14:46:13+05:30,3247.3,1,3252.72,1783921,80495.0,109243.0,3250.0,3267.5,3239.8,3251.5,46285925,3576.6,2926.4,4322.95,2866.6,3247.3,51,4,3247.2,13,2,3247.1,2,1,3247.0,66,4,3246.9,50,2,3248.6,62,3,3248.7,60,2,3248.8,19,1,3248.9,190,6,3249.0,67,4
11536,2025-12-30 14:46:13+05:30,3247.3,1,3252.72,1783924,77290.0,109430.0,3250.0,3267.5,3239.8,3251.5,46285925,3576.6,2926.4,4322.95,2866.6,3247.3,37,2,3247.2,13,2,3247.1,2,1,3247.0,35,2,3246.9,28,1,3248.5,83,4,3248.6,25,2,3248.7,60,2,3248.8,68,3,3248.9,112,4
11536,2025-12-30 14:46:14+05:30,3248.5,1,3252.72,1783924,77290.0,109430.0,3250.0,3267.5,3239.8,3251.5,46285925,3576.6,2926.4,4322.95,2866.6,3247.3,37,2,3247.2,13,2,3247.1,2,1,3247.0,35,2,3246.9,28,1,3248.5,83,4,3248.6,25,2,3248.7,60,2,3248.8,68,3,3248.9,112,4
11536,2025-12-30 14:46:14+05:30,3247.3,4,3252.72,1784080,79216.0,109783.0,3250.0,3267.5,3239.8,3251.5,46285925,3576.6,2926.4,4322.95,2866.6,3247.3,38,2,3247.2,13,2,3247.1,2,1,3247.0,35,2,3246.9,28,1,3248.5,86,5,3248.6,25,2,3248.7,60,2,3248.8,68,3,3248.9,112,4
11536,2025-12-30 14:46:15+05:30,3248.5,1,3252.72,1784080,79216.0,109783.0,3250.0,3267.5,3239.8,3251.5,46285925,3576.6,2926.4,4322.95,2866.6,3247.3,38,2,3247.2,13,2,3247.1,2,1,3247.0,35,2,3246.9,28,1,3248.5,86,5,3248.6,25,2,3248.7,60,2,3248.8,68,3,3248.9,112,4
11536,2025-12-30 14:46:15+05:30,3248.5,1,3252.72,1784081,79722.0,109424.0,3250.0,3267.5,3239.8,3251.5,46285925,3576.6,2926.4,4322.95,2866.6,3247.4,34,1,3247.3,67,3,3247.2,3,1,3247.1,2,1,3247.0,35,2,3248.5,85,5,3248.6,17,1,3248.7,60,2,3248.8,68,3,3248.9,112,4
11536,2025-12-30 14:46:16+05:30,3248.5,1,3252.72,1784082,79668.0,108232.0,3250.0,3267.5,3239.8,3251.5,46285925,3576.6,2926.4,4322.95,2866.6,3247.4,34,1,3247.3,69,4,3247.2,3,1,3247.1,2,1,3247.0,35,2,3248.5,98,6,3248.6,17,1,3248.7,69,3,3248.8,68,3,3248.9,112,4
11536,2025-12-30 14:46:17+05:30,3248.0,8,3252.72,1784082,79668.0,108232.0,3250.0,3267.5,3239.8,3251.5,46285925,3576.6,2926.4,4322.95,2866.6,3247.4,34,1,3247.3,69,4,3247.2,3,1,3247.1,2,1,3247.0,35,2,3248.5,98,6,3248.6,17,1,3248.7,69,3,3248.8,68,3,3248.9,112,4
11536,2025-12-30 14:46:17+05:30,3248.0,8,3252.72,1784090,79531.0,110245.0,3250.0,3267.5,3239.8,3251.5,46285925,3576.6,2926.4,4322.95,2866.6,3247.9,34,1,3247.3,59,3,3247.2,3,1,3247.1,2,1,3247.0,21,1,3248.0,6,1,3248.4,27,1,3248.5,91,4,3248.6,34,2,3248.7,106,3
11536,2025-12-30 14:46:18+05:30,3247.0,3,3252.72,1784090,79531.0,110245.0,3250.0,3267.5,3239.8,3251.5,46285925,3576.6,2926.4,4322.95,2866.6,3247.9,34,1,3247.3,59,3,3247.2,3,1,3247.1,2,1,3247.0,21,1,3248.0,6,1,3248.4,27,1,3248.5,91,4,3248.6,34,2,3248.7,106,3
11536,2025-12-30 14:46:18+05:30,3246.6,6,3252.72,1784539,81018.0,110395.0,3250.0,3267.5,3239.8,3251.5,46285925,3576.6,2926.4,4322.95,2866.6,3246.6,45,2,3246.5,44,2,3246.4,89,2,3246.3,44,2,3246.2,66,2,3247.0,103,1,3247.9,20,1,3248.0,42,3,3248.2,76,2,3248.3,71,2
11536,2025-12-30 14:46:19+05:30,3247.0,100,3252.72,1784539,81018.0,110395.0,3250.0,3267.5,3239.8,3251.5,46285925,3576.6,2926.4,4322.95,2866.6,3246.6,45,2,3246.5,44,2,3246.4,89,2,3246.3,44,2,3246.2,66,2,3247.0,103,1,3247.9,20,1,3248.0,42,3,3248.2,76,2,3248.3,71,2
11536,2025-12-30 14:46:19+05:30,3247.0,106,3252.72,1784831,81410.0,109371.0,3250.0,3267.5,3239.8,3251.5,46285925,3576.6,2926.4,4322.95,2866.6,3246.6,54,5,3246.5,38,2,3246.4,75,2,3246.3,66,3,3246.2,66,2,3247.0,106,1,3248.0,42,3,3248.2,22,1,3248.3,27,1,3248.4,199,2
11536,2025-12-30 14:46:20+05:30,3247.0,1,3252.72,1784831,81410.0,109371.0,3250.0,3267.5,3239.8,3251.5,46285925,3576.6,2926.4,4322.95,2866.6,3246.6,54,5,3246.5,38,2,3246.4,75,2,3246.3,66,3,3246.2,66,2,3247.0,106,1,3248.0,42,3,3248.2,22,1,3248.3,27,1,3248.4,199,2
11536,2025-12-30 14:46:20+05:30,3247.0,1,3252.72,1784832,81892.0,109478.0,3250.0,3267.5,3239.8,3251.5,46285925,3576.6,2926.4,4322.95,2866.6,3246.6,96,5,3246.5,24,1,3246.4,57,1,3246.3,66,3,3246.2,66,2,3247.0,119,2,3248.0,82,3,3248.2,122,3,3248.3,27,1,3248.4,199,2
11536,2025-12-30 14:46:21+05:30,3246.6,9,3252.72,1784832,81892.0,109478.0,3250.0,3267.5,3239.8,3251.5,46285925,3576.6,2926.4,4322.95,2866.6,3246.6,96,5,3246.5,24,1,3246.4,57,1,3246.3,66,3,3246.2,66,2,3247.0,119,2,3248.0,82,3,3248.2,122,3,3248.3,27,1,3248.4,199,2
11536,2025-12-30 14:46:21+05:30,3246.6,9,3252.72,1784937,80733.0,109384.0,3250.0,3267.5,3239.8,3251.5,46285925,3576.6,2926.4,4322.95,2866.6,3246.4,89,5,3246.3,15,1,3246.2,66,2,3246.1,389,4,3246.0,273,7,3246.6,106,1,3247.0,14,1,3248.0,82,3,3248.1,197,2,3248.2,198,3
11536,2025-12-30 14:46:22+05:30,3246.6,10,3252.72,1784937,80733.0,109384.0,3250.0,3267.5,3239.8,3251.5,46285925,3576.6,2926.4,4322.95,2866.6,3246.4,89,5,3246.3,15,1,3246.2,66,2,3246.1,389,4,3246.0,273,7,3246.6,106,1,3247.0,14,1,3248.0,82,3,3248.1,197,2,3248.2,198,3
11536,2025-12-30 14:46:22+05:30,3246.4,16,3252.72,1785513,81484.0,109266.0,3250.0,3267.5,3239.8,3251.5,46285925,3576.6,2926.4,4322.95,2866.6,3246.6,6,1,3246.5,37,1,3246.4,152,6,3246.3,52,2,3246.2,78,4,3247.9,31,1,3248.0,83,5,3248.1,30,2,3248.2,53,2,3248.3,26,1
11536,2025-12-30 14:46:23+05:30,3246.4,16,3252.72,1785513,81484.0,109266.0,3250.0,3267.5,3239.8,3251.5,46285925,3576.6,2926.4,4322.95,2866.6,3246.6,6,1,3246.5,37,1,3246.4,152,6,3246.3,52,2,3246.2,78,4,3247.9,31,1,3248.0,83,5,3248.1,30,2,3248.2,53,2,3248.3,26,1
11536,2025-12-30 14:46:23+05:30,3246.4,16,3252.72,1785513,81503.0,109632.0,3250.0,3267.5,3239.8,3251.5,46285925,3576.6,2926.4,4322.95,2866.6,3246.6,41,1,3246.5,6,1,3246.4,146,6,3246.3,6,1,3246.2,118,5,3247.9,79,4,3248.0,80,4,3248.1,30,2,3248.2,73,3,3248.3,26,1
11536,2025-12-30 14:46:24+05:30,3246.4,16,3252.72,1785513,81505.0,109405.0,3250.0,3267.5,3239.8,3251.5,46285925,3576.6,2926.4,4322.95,2866.6,3246.6,99,3,3246.5,8,2,3246.4,115,5,3246.3,6,1,3246.2,118,5,3247.9,79,4,3248.0,80,4,3248.1,19,1,3248.2,62,2,3248.3,26,1
11536,2025-12-30 14:46:25+05:30,3246.8,16,3252.72,1785513,81505.0,109405.0,3250.0,3267.5,3239.8,3251.5,46285925,3576.6,2926.4,4322.95,2866.6,3246.6,99,3,3246.5,8,2,3246.4,115,5,3246.3,6,1,3246.2,118,5,3247.9,79,4,3248.0,80,4,3248.1,19,1,3248.2,62,2,3248.3,26,1
11536,2025-12-30 14:46:25+05:30,3246.8,16,3252.72,1785564,79794.0,108551.0,3250.0,3267.5,3239.8,3251.5,46285925,3576.6,2926.4,4322.95,2866.6,3247.9,1,1,3246.8,47,3,3246.7,33,2,3246.6,27,2,3246.5,93,5,3248.0,68,4,3248.1,63,3,3248.2,100,3,3248.3,49,2,3248.4,42,2
11536,2025-12-30 14:46:26+05:30,3247.9,1,3252.72,1785564,79794.0,108551.0,3250.0,3267.5,3239.8,3251.5,46285925,3576.6,2926.4,4322.95,2866.6,3247.9,1,1,3246.8,47,3,3246.7,33,2,3246.6,27,2,3246.5,93,5,3248.0,68,4,3248.1,63,3,3248.2,100,3,3248.3,49,2,3248.4,42,2
11536,2025-12-30 14:46:26+05:30,3247.8,25,3252.72,1785772,79621.0,110016.0,3250.0,3267.5,3239.8,3251.5,46285925,3576.6,2926.4,4322.95,2866.6,3246.5,25,2,3246.4,21,1,3246.2,75,3,3246.1,58,5,3246.0,402,8,3247.8,108,5,3247.9,15,2,3248.0,76,4,3248.1,32,2,3248.2,144,5
11536,2025-12-30 14:46:27+05:30,3247.8,9,3252.72,1785772,79621.0,110016.0,3250.0,3267.5,3239.8,3251.5,46285925,3576.6,2926.4,4322.95,2866.6,3246.5,25,2,3246.4,21,1,3246.2,75,3,3246.1,58,5,3246.0,402,8,3247.8,108,5,3247.9,15,2,3248.0,76,4,3248.1,32,2,3248.2,144,5
11536,2025-12-30 14:46:27+05:30,3247.8,9,3252.72,1785781,76828.0,109847.0,3250.0,3267.5,3239.8,3251.5,46285925,3576.6,2926.4,4322.95,2866.6,3246.5,25,2,3246.4,31,2,3246.2,75,3,3246.1,58,5,3246.0,402,8,3247.8,109,6,3247.9,5,1,3248.0,87,5,3248.1,32,2,3248.2,144,5
11536,2025-12-30 14:46:28+05:30,3246.5,4,3252.72,1785781,76828.0,109847.0,3250.0,3267.5,3239.8,3251.5,46285925,3576.6,2926.4,4322.95,2866.6,3246.5,25,2,3246.4,31,2,3246.2,75,3,3246.1,58,5,3246.0,402,8,3247.8,109,6,3247.9,5,1,3248.0,87,5,3248.1,32,2,3248.2,144,5
11536,2025-12-30 14:46:28+05:30,3246.5,4,3252.72,1785788,79349.0,109808.0,3250.0,3267.5,3239.8,3251.5,46285925,3576.6,2926.4,4322.95,2866.6,3246.5,25,3,3246.4,10,1,3246.3,3,1,3246.2,24,2,3246.1,107,7,3247.7,41,2,3247.8,52,2,3247.9,44,2,3248.0,87,5,3248.1,59,3
11536,2025-12-30 14:46:29+05:30,3246.5,14,3252.72,1785788,79349.0,109808.0,3250.0,3267.5,3239.8,3251.5,46285925,3576.6,2926.4,4322.95,2866.6,3246.5,25,3,3246.4,10,1,3246.3,3,1,3246.2,24,2,3246.1,107,7,3247.7,41,2,3247.8,52,2,3247.9,44,2,3248.0,87,5,3248.1,59,3
11536,2025-12-30 14:46:29+05:30,3246.5,14,3252.72,1785827,79299.0,110377.0,3250.0,3267.5,3239.8,3251.5,46285925,3576.6,2926.4,4322.95,2866.6,3246.6,27,1,3246.4,10,1,3246.3,3,1,3246.2,24,2,3246.1,10,3,3247.5,82,4,3247.6,69,5,3247.7,67,3,3247.8,171,6,3247.9,133,4
11536,2025-12-30 14:46:30+05:30,3247.4,6,3252.72,1785827,79299.0,110377.0,3250.0,3267.5,3239.8,3251.5,46285925,3576.6,2926.4,4322.95,2866.6,3246.6,27,1,3246.4,10,1,3246.3,3,1,3246.2,24,2,3246.1,10,3,3247.5,82,4,3247.6,69,5,3247.7,67,3,3247.8,171,6,3247.9,133,4
11536,2025-12-30 14:46:30+05:30,3246.6,155,3252.72,1785988,78479.0,109951.0,3250.0,3267.5,3239.8,3251.5,46285925,3576.6,2926.4,4322.95,2866.6,3246.6,41,1,3246.5,3,1,3246.4,14,2,3246.3,3,1,3246.2,3,1,3247.4,52,2,3247.5,63,4,3247.6,52,4,3247.7,57,2,3247.8,135,6
11536,2025-12-30 14:46:31+05:30,3246.6,155,3252.72,1785988,78479.0,109951.0,3250.0,3267.5,3239.8,3251.5,46285925,3576.6,2926.4,4322.95,2866.6,3246.6,41,1,3246.5,3,1,3246.4,14,2,3246.3,3,1,3246.2,3,1,3247.4,52,2,3247.5,63,4,3247.6,52,4,3247.7,57,2,3247.8,135,6
11536,2025-12-30 14:46:31+05:30,3247.5,2,3252.72,1785992,78627.0,110726.0,3250.0,3267.5,3239.8,3251.5,46285925,3576.6,2926.4,4322.95,2866.6,3247.0,41,1,3246.5,3,1,3246.4,14,2,3246.2,3,1,3246.1,4,2,3247.5,111,6,3247.6,50,4,3247.7,93,3,3247.8,110,5,3247.9,59,4
11536,2025-12-30 14:46:32+05:30,3247.5,2,3252.72,1785992,78627.0,110726.0,3250.0,3267.5,3239.8,3251.5,46285925,3576.6,2926.4,4322.95,2866.6,3247.0,41,1,3246.5,3,1,3246.4,14,2,3246.2,3,1,3246.1,4,2,3247.5,111,6,3247.6,50,4,3247.7,93,3,3247.8,110,5,3247.9,59,4
11536,2025-12-30 14:46:32+05:30,3246.1,51,3252.71,1786591,80388.0,111103.0,3250.0,3267.5,3239.8,3251.5,46285925,3576.6,2926.4,4322.95,2866.6,3246.0,285,4,3245.9,71,3,3245.8,31,1,3245.7,7,1,3245.6,3,1,3246.1,106,1,3247.2,20,1,3247.4,21,1,3247.5,63,3,3247.6,152,6
11536,2025-12-30 14:46:33+05:30,3246.1,51,3252.71,1786591,80388.0,111103.0,3250.0,3267.5,3239.8,3251.5,46285925,3576.6,2926.4,4322.95,2866.6,3246.0,285,4,3245.9,71,3,3245.8,31,1,3245.7,7,1,3245.6,3,1,3246.1,106,1,3247.2,20,1,3247.4,21,1,3247.5,63,3,3247.6,152,6
11536,2025-12-30 14:46:33+05:30,3246.1,51,3252.71,1786591,79278.0,111186.0,3250.0,3267.5,3239.8,3251.5,46285925,3576.6,2926.4,4322.95,2866.6,3246.0,259,4,3245.9,51,2,3245.8,31,1,3245.7,27,1,3245.6,3,1,3246.1,116,2,3247.2,20,1,3247.4,75,2,3247.5,223,6,3247.6,144,7
11536,2025-12-30 14:46:34+05:30,3246.1,36,3252.71,1787220,79011.0,109935.0,3250.0,3267.5,3239.8,3251.5,46285925,3576.6,2926.4,4322.95,2866.6,3246.1,5,1,3246.0,103,3,3245.9,31,1,3245.7,27,1,3245.6,55,3,3247.3,80,5,3247.4,54,1,3247.5,63,5,3247.6,53,3,3247.7,237,4
11536,2025-12-30 14:46:35+05:30,3247.3,1,3252.71,1787220,79011.0,109935.0,3250.0,3267.5,3239.8,3251.5,46285925,3576.6,2926.4,4322.95,2866.6,3246.1,5,1,3246.0,103,3,3245.9,31,1,3245.7,27,1,3245.6,55,3,3247.3,80,5,3247.4,54,1,3247.5,63,5,3247.6,53,3,3247.7,237,4
11536,2025-12-30 14:46:35+05:30,3247.3,1,3252.71,1787221,78961.0,110059.0,3250.0,3267.5,3239.8,3251.5,46285925,3576.6,2926.4,4322.95,2866.6,3246.1,5,1,3246.0,103,3,3245.9,31,1,3245.6,55,3,3245.5,13,3,3247.3,89,4,3247.4,102,4,3247.5,36,3,3247.6,99,4,3247.7,69,2
11536,2025-12-30 14:46:36+05:30,3247.3,1,3252.71,1787221,78671.0,109436.0,3250.0,3267.5,3239.8,3251.5,46285925,3576.6,2926.4,4322.95,2866.6,3246.1,5,1,3246.0,103,3,3245.9,31,1,3245.6,24,2,3245.5,13,3,3247.1,104,5,3247.2,90,4,3247.3,35,2,3247.4,114,3,3247.5,70,5
11536,2025-12-30 14:46:37+05:30,3247.1,9,3252.71,1787221,78671.0,109436.0,3250.0,3267.5,3239.8,3251.5,46285925,3576.6,2926.4,4322.95,2866.6,3246.1,5,1,3246.0,103,3,3245.9,31,1,3245.6,24,2,3245.5,13,3,3247.1,104,5,3247.2,90,4,3247.3,35,2,3247.4,114,3,3247.5,70,5
11536,2025-12-30 14:46:37+05:30,3247.1,22,3252.71,1787277,79172.0,110468.0,3250.0,3267.5,3239.8,3251.5,46285925,3576.6,2926.4,4322.95,2866.6,3246.1,35,1,3246.0,103,3,3245.9,31,1,3245.6,24,2,3245.5,13,3,3247.1,17,2,3247.2,59,3,3247.3,35,2,3247.4,68,2,3247.5,95,6
11536,2025-12-30 14:46:38+05:30,3247.1,1,3252.71,1787277,79172.0,110468.0,3250.0,3267.5,3239.8,3251.5,46285925,3576.6,2926.4,4322.95,2866.6,3246.1,35,1,3246.0,103,3,3245.9,31,1,3245.6,24,2,3245.5,13,3,3247.1,17,2,3247.2,59,3,3247.3,35,2,3247.4,68,2,3247.5,95,6
11536,2025-12-30 14:46:38+05:30,3246.1,39,3252.71,1787477,79365.0,110261.0,3250.0,3267.5,3239.8,3251.5,46285925,3576.6,2926.4,4322.95,2866.6,3246.1,35,1,3246.0,103,3,3245.9,34,2,3245.7,22,1,3245.6,31,3,3247.2,91,4,3247.3,25,1,3247.4,85,2,3247.5,26,2,3247.6,77,3
11536,2025-12-30 14:46:39+05:30,3247.1,5,3252.71,1787477,79365.0,110261.0,3250.0,3267.5,3239.8,3251.5,46285925,3576.6,2926.4,4322.95,2866.6,3246.1,35,1,3246.0,103,3,3245.9,34,2,3245.7,22,1,3245.6,31,3,3247.2,91,4,3247.3,25,1,3247.4,85,2,3247.5,26,2,3247.6,77,3
11536,2025-12-30 14:46:39+05:30,3247.1,9,3252.71,1787549,79025.0,110543.0,3250.0,3267.5,3239.8,3251.5,46285925,3576.6,2926.4,4322.95,2866.6,3246.1,45,1,3246.0,103,3,3245.9,69,3,3245.7,22,1,3245.6,24,2,3247.1,14,2,3247.2,31,1,3247.3,25,1,3247.4,80,2,3247.5,26,2
11536,2025-12-30 14:46:40+05:30,3247.1,9,3252.71,1787549,79025.0,110543.0,3250.0,3267.5,3239.8,3251.5,46285925,3576.6,2926.4,4322.95,2866.6,3246.1,45,1,3246.0,103,3,3245.9,69,3,3245.7,22,1,3245.6,24,2,3247.1,14,2,3247.2,31,1,3247.3,25,1,3247.4,80,2,3247.5,26,2
11536,2025-12-30 14:46:40+05:30,3247.1,9,3252.71,1787549,78809.0,110129.0,3250.0,3267.5,3239.8,3251.5,46285925,3576.6,2926.4,4322.95,2866.6,3246.1,54,2,3246.0,103,3,3245.9,66,2,3245.7,3,1,3245.6,24,2,3247.3,118,4,3247.4,64,2,3247.5,26,2,3247.6,117,5,3247.7,57,2
11536,2025-12-30 14:46:41+05:30,3247.1,9,3252.71,1787549,79686.0,110292.0,3250.0,3267.5,3239.8,3251.5,46285925,3576.6,2926.4,4322.95,2866.6,3246.1,146,5,3246.0,103,3,3245.9,31,1,3245.8,50,2,3245.7,3,1,3247.3,27,1,3247.4,54,1,3247.5,3,1,3247.6,20,1,3247.7,57,2
11536,2025-12-30 14:46:42+05:30,3247.3,4,3252.71,1787715,79582.0,110484.0,3250.0,3267.5,3239.8,3251.5,46285925,3576.6,2926.4,4322.95,2866.6,3246.1,42,2,3246.0,103,3,3245.9,31,1,3245.8,50,2,3245.7,3,1,3247.3,22,1,3247.4,54,1,3247.5,3,1,3247.6,20,1,3247.7,57,2
11536,2025-12-30 14:46:43+05:30,3246.1,1,3252.71,1787715,79582.0,110484.0,3250.0,3267.5,3239.8,3251.5,46285925,3576.6,2926.4,4322.95,2866.6,3246.1,42,2,3246.0,103,3,3245.9,31,1,3245.8,50,2,3245.7,3,1,3247.3,22,1,3247.4,54,1,3247.5,3,1,3247.6,20,1,3247.7,57,2
11536,2025-12-30 14:46:43+05:30,3246.1,1,3252.71,1787716,79538.0,110567.0,3250.0,3267.5,3239.8,3251.5,46285925,3576.6,2926.4,4322.95,2866.6,3246.3,16,1,3246.1,29,1,3246.0,103,3,3245.9,31,1,3245.7,3,1,3247.3,119,6,3247.4,54,1,3247.5,3,1,3247.6,94,4,3247.7,68,3
11536,2025-12-30 14:46:45+05:30,3247.3,1,3252.71,1787717,79516.0,109394.0,3250.0,3267.5,3239.8,3251.5,46285925,3576.6,2926.4,4322.95,2866.6,3246.3,16,1,3246.1,29,1,3246.0,103,3,3245.9,31,1,3245.7,3,1,3247.3,118,6,3247.4,72,2,3247.5,20,2,3247.6,94,4,3247.7,68,3
11536,2025-12-30 14:46:45+05:30,3247.3,1,3252.71,1787717,79516.0,109394.0,3250.0,3267.5,3239.8,3251.5,46285925,3576.6,2926.4,4322.95,2866.6,3246.3,16,1,3246.1,29,1,3246.0,103,3,3245.9,31,1,3245.7,3,1,3247.3,118,6,3247.4,72,2,3247.5,20,2,3247.6,94,4,3247.7,68,3
11536,2025-12-30 14:46:46+05:30,3246.9,1,3252.71,1787717,79516.0,109394.0,3250.0,3267.5,3239.8,3251.5,46285925,3576.6,2926.4,4322.95,2866.6,3246.3,16,1,3246.1,29,1,3246.0,103,3,3245.9,31,1,3245.7,3,1,3247.3,118,6,3247.4,72,2,3247.5,20,2,3247.6,94,4,3247.7,68,3
11536,2025-12-30 14:46:46+05:30,3246.0,42,3252.71,1787874,78958.0,111044.0,3250.0,3267.5,3239.8,3251.5,46285925,3576.6,2926.4,4322.95,2866.6,3246.0,61,3,3245.9,35,3,3245.8,3,1,3245.7,3,1,3245.6,52,4,3247.2,79,4,3247.3,27,2,3247.4,14,1,3247.5,117,4,3247.6,101,6
11536,2025-12-30 14:46:47+05:30,3247.2,8,3252.71,1787874,78958.0,111044.0,3250.0,3267.5,3239.8,3251.5,46285925,3576.6,2926.4,4322.95,2866.6,3246.0,61,3,3245.9,35,3,3245.8,3,1,3245.7,3,1,3245.6,52,4,3247.2,79,4,3247.3,27,2,3247.4,14,1,3247.5,117,4,3247.6,101,6
11536,2025-12-30 14:46:47+05:30,3247.2,15,3252.71,1787897,78393.0,110650.0,3250.0,3267.5,3239.8,3251.5,46285925,3576.6,2926.4,4322.95,2866.6,3246.0,61,3,3245.9,32,2,3245.8,3,1,3245.7,3,1,3245.6,31,3,3247.2,160,9,3247.3,53,4,3247.4,60,2,3247.5,71,3,3247.6,73,5
11536,2025-12-30 14:46:48+05:30,3245.7,4,3252.71,1787897,78393.0,110650.0,3250.0,3267.5,3239.8,3251.5,46285925,3576.6,2926.4,4322.95,2866.6,3246.0,61,3,3245.9,32,2,3245.8,3,1,3245.7,3,1,3245.6,31,3,3247.2,160,9,3247.3,53,4,3247.4,60,2,3247.5,71,3,3247.6,73,5
11536,2025-12-30 14:46:48+05:30,3245.7,4,3252.7,1788960,80214.0,110408.0,3250.0,3267.5,3239.8,3251.5,46285925,3576.6,2926.4,4322.95,2866.6,3245.7,27,1,3245.6,1,1,3245.5,30,3,3245.4,127,2,3245.3,16,2,3247.0,96,3,3247.1,36,2,3247.2,87,4,3247.3,73,3,3247.4,69,4
11536,2025-12-30 14:46:49+05:30,3245.7,27,3252.7,1788960,80214.0,110408.0,3250.0,3267.5,3239.8,3251.5,46285925,3576.6,2926.4,4322.95,2866.6,3245.7,27,1,3245.6,1,1,3245.5,30,3,3245.4,127,2,3245.3,16,2,3247.0,96,3,3247.1,36,2,3247.2,87,4,3247.3,73,3,3247.4,69,4
11536,2025-12-30 14:46:49+05:30,3245.7,27,3252.7,1788987,80494.0,110700.0,3250.0,3267.5,3239.8,3251.5,46285925,3576.6,2926.4,4322.95,2866.6,3245.6,1,1,3245.5,12,2,3245.4,32,2,3245.3,34,2,3245.2,61,2,3245.7,4,1,3246.6,3,1,3246.7,57,2,3246.8,26,3,3246.9,176,2
11536,2025-12-30 14:46:50+05:30,3246.7,28,3252.7,1788987,80494.0,110700.0,3250.0,3267.5,3239.8,3251.5,46285925,3576.6,2926.4,4322.95,2866.6,3245.6,1,1,3245.5,12,2,3245.4,32,2,3245.3,34,2,3245.2,61,2,3245.7,4,1,3246.6,3,1,3246.7,57,2,3246.8,26,3,3246.9,176,2
11536,2025-12-30 14:46:50+05:30,3245.4,6,3252.7,1789190,80388.0,110644.0,3250.0,3267.5,3239.8,3251.5,46285925,3576.6,2926.4,4322.95,2866.6,3245.4,32,2,3245.3,34,2,3245.2,60,2,3245.1,49,3,3245.0,491,11,3246.7,65,4,3246.8,50,4,3246.9,16,1,3247.0,68,2,3247.1,97,3
11536,2025-12-30 14:46:51+05:30,3246.7,5,3252.7,1789190,80388.0,110644.0,3250.0,3267.5,3239.8,3251.5,46285925,3576.6,2926.4,4322.95,2866.6,3245.4,32,2,3245.3,34,2,3245.2,60,2,3245.1,49,3,3245.0,491,11,3246.7,65,4,3246.8,50,4,3246.9,16,1,3247.0,68,2,3247.1,97,3
11536,2025-12-30 14:46:51+05:30,3246.7,3,3252.7,1789200,80387.0,110515.0,3250.0,3267.5,3239.8,3251.5,46285925,3576.6,2926.4,4322.95,2866.6,3245.4,102,4,3245.3,3,1,3245.2,60,2,3245.1,49,3,3245.0,491,11,3246.7,56,3,3246.8,36,3,3246.9,16,1,3247.0,71,2,3247.1,258,4
11536,2025-12-30 14:46:52+05:30,3246.7,1,3252.7,1789200,80387.0,110515.0,3250.0,3267.5,3239.8,3251.5,46285925,3576.6,2926.4,4322.95,2866.6,3245.4,102,4,3245.3,3,1,3245.2,60,2,3245.1,49,3,3245.0,491,11,3246.7,56,3,3246.8,36,3,3246.9,16,1,3247.0,71,2,3247.1,258,4
11536,2025-12-30 14:46:52+05:30,3246.7,1,3252.7,1789474,80101.0,110805.0,3250.0,3267.5,3239.8,3251.5,46285925,3576.6,2926.4,4322.95,2866.6,3245.4,120,5,3245.3,3,1,3245.2,21,1,3245.1,4,2,3245.0,442,10,3246.8,117,5,3246.9,52,2,3247.0,88,5,3247.1,52,2,3247.2,148,10
11536,2025-12-30 14:46:53+05:30,3246.8,1,3252.7,1789475,80121.0,110664.0,3250.0,3267.5,3239.8,3251.5,46285925,3576.6,2926.4,4322.95,2866.6,3245.5,62,3,3245.4,34,3,3245.3,43,2,3245.2,21,1,3245.1,11,3,3246.8,100,4,3246.9,62,3,3247.0,32,3,3247.1,98,3,3247.2,148,10
11536,2025-12-30 14:46:54+05:30,3246.8,20,3252.7,1789475,80121.0,110664.0,3250.0,3267.5,3239.8,3251.5,46285925,3576.6,2926.4,4322.95,2866.6,3245.5,62,3,3245.4,34,3,3245.3,43,2,3245.2,21,1,3245.1,11,3,3246.8,100,4,3246.9,62,3,3247.0,32,3,3247.1,98,3,3247.2,148,10
11536,2025-12-30 14:46:54+05:30,3245.4,14,3252.7,1789665,80225.0,110759.0,3250.0,3267.5,3239.8,3251.5,46285925,3576.6,2926.4,4322.95,2866.6,3245.6,69,4,3245.5,13,1,3245.4,37,5,3245.3,43,2,3245.2,21,1,3247.0,64,2,3247.1,65,2,3247.2,111,8,3247.3,25,1,3247.4,197,3
11536,2025-12-30 14:46:55+05:30,3246.9,1,3252.7,1789665,80225.0,110759.0,3250.0,3267.5,3239.8,3251.5,46285925,3576.6,2926.4,4322.95,2866.6,3245.6,69,4,3245.5,13,1,3245.4,37,5,3245.3,43,2,3245.2,21,1,3247.0,64,2,3247.1,65,2,3247.2,111,8,3247.3,25,1,3247.4,197,3
11536,2025-12-30 14:46:56+05:30,3246.9,1,3252.7,1789666,80289.0,109297.0,3250.0,3267.5,3239.8,3251.5,46285925,3576.6,2926.4,4322.95,2866.6,3245.6,161,6,3245.5,23,2,3245.4,27,4,3245.3,3,1,3245.2,21,1,3246.9,39,1,3247.0,121,4,3247.1,36,2,3247.2,92,7,3247.3,97,3
11536,2025-12-30 14:46:56+05:30,3246.9,1,3252.7,1789666,80289.0,109297.0,3250.0,3267.5,3239.8,3251.5,46285925,3576.6,2926.4,4322.95,2866.6,3245.6,161,6,3245.5,23,2,3245.4,27,4,3245.3,3,1,3245.2,21,1,3246.9,39,1,3247.0,121,4,3247.1,36,2,3247.2,92,7,3247.3,97,3
11536,2025-12-30 14:46:57+05:30,3246.9,9,3252.7,1789666,80289.0,109297.0,3250.0,3267.5,3239.8,3251.5,46285925,3576.6,2926.4,4322.95,2866.6,3245.6,161,6,3245.5,23,2,3245.4,27,4,3245.3,3,1,3245.2,21,1,3246.9,39,1,3247.0,121,4,3247.1,36,2,3247.2,92,7,3247.3,97,3
11536,2025-12-30 14:46:57+05:30,3246.9,9,3252.7,1789676,80369.0,110284.0,3250.0,3267.5,3239.8,3251.5,46285925,3576.6,2926.4,4322.95,2866.6,3245.7,40,1,3245.6,121,5,3245.4,48,5,3245.3,25,2,3245.2,72,4,3247.1,103,4,3247.2,4,2,3247.3,51,2,3247.4,208,4,3247.5,77,4
11536,2025-12-30 14:46:58+05:30,3246.9,2,3252.7,1789676,80369.0,110284.0,3250.0,3267.5,3239.8,3251.5,46285925,3576.6,2926.4,4322.95,2866.6,3245.7,40,1,3245.6,121,5,3245.4,48,5,3245.3,25,2,3245.2,72,4,3247.1,103,4,3247.2,4,2,3247.3,51,2,3247.4,208,4,3247.5,77,4
11536,2025-12-30 14:46:58+05:30,3245.8,10,3252.7,1789834,80308.0,110220.0,3250.0,3267.5,3239.8,3251.5,46285925,3576.6,2926.4,4322.95,2866.6,3245.8,11,1,3245.7,82,3,3245.6,77,3,3245.5,30,1,3245.4,103,7,3247.0,10,1,3247.1,70,3,3247.2,1,1,3247.4,30,2,3247.5,64,2
11536,2025-12-30 14:46:59+05:30,3245.8,35,3252.7,1789834,80308.0,110220.0,3250.0,3267.5,3239.8,3251.5,46285925,3576.6,2926.4,4322.95,2866.6,3245.8,11,1,3245.7,82,3,3245.6,77,3,3245.5,30,1,3245.4,103,7,3247.0,10,1,3247.1,70,3,3247.2,1,1,3247.4,30,2,3247.5,64,2
11536,2025-12-30 14:46:59+05:30,3245.8,35,3252.7,1789873,80929.0,110564.0,3250.0,3267.5,3239.8,3251.5,46285925,3576.6,2926.4,4322.95,2866.6,3246.4,40,1,3245.9,31,2,3245.8,10,1,3245.7,20,2,3245.6,90,4,3247.1,40,2,3247.2,1,1,3247.3,30,1,3247.4,53,3,3247.5,73,2
11536,2025-12-30 14:47:00+05:30,3247.1,11,3252.7,1789884,79340.0,109540.0,3250.0,3267.5,3239.8,3251.5,46285925,3576.6,2926.4,4322.95,2866.6,3246.4,95,2,3246.0,10,1,3245.9,43,4,3245.8,3,1,3245.7,100,4,3247.1,3,1,3247.2,1,1,3247.6,42,2,3247.7,26,2,3247.8,68,4
11536,2025-12-30 14:47:01+05:30,3247.1,1,3252.7,1789884,79340.0,109540.0,3250.0,3267.5,3239.8,3251.5,46285925,3576.6,2926.4,4322.95,2866.6,3246.4,95,2,3246.0,10,1,3245.9,43,4,3245.8,3,1,3245.7,100,4,3247.1,3,1,3247.2,1,1,3247.6,42,2,3247.7,26,2,3247.8,68,4
11536,2025-12-30 14:47:01+05:30,3247.1,2,3252.7,1789887,79356.0,110327.0,3250.0,3267.5,3239.8,3251.5,46285925,3576.6,2926.4,4322.95,2866.6,3247.0,40,1,3246.4,55,1,3246.0,40,1,3245.9,43,4,3245.8,148,3,3247.2,1,1,3247.4,25,1,3247.6,64,3,3247.7,26,2,3247.8,46,2
11536,2025-12-30 14:47:02+05:30,3247.1,1,3252.7,1789887,79356.0,110327.0,3250.0,3267.5,3239.8,3251.5,46285925,3576.6,2926.4,4322.95,2866.6,3247.0,40,1,3246.4,55,1,3246.0,40,1,3245.9,43,4,3245.8,148,3,3247.2,1,1,3247.4,25,1,3247.6,64,3,3247.7,26,2,3247.8,46,2
11536,2025-12-30 14:47:02+05:30,3246.2,39,3252.7,1791201,79361.0,108720.0,3250.0,3267.5,3239.8,3251.5,46285925,3576.6,2926.4,4322.95,2866.6,3246.2,160,9,3246.1,41,2,3246.0,19,1,3245.9,76,4,3245.8,200,3,3247.2,1,1,3247.8,40,2,3247.9,3,1,3248.0,118,6,3248.1,49,3
11536,2025-12-30 14:47:03+05:30,3247.8,7,3252.7,1791201,79361.0,108720.0,3250.0,3267.5,3239.8,3251.5,46285925,3576.6,2926.4,4322.95,2866.6,3246.2,160,9,3246.1,41,2,3246.0,19,1,3245.9,76,4,3245.8,200,3,3247.2,1,1,3247.8,40,2,3247.9,3,1,3248.0,118,6,3248.1,49,3
11536,2025-12-30 14:47:03+05:30,3247.8,7,3252.7,1791209,79582.0,109142.0,3250.0,3267.5,3239.8,3251.5,46285925,3576.6,2926.4,4322.95,2866.6,3246.3,76,4,3246.2,60,4,3246.1,48,3,3246.0,103,5,3245.9,251,5,3247.8,62,2,3247.9,42,2,3248.0,55,4,3248.1,34,3,3248.2,240,5
11536,2025-12-30 14:47:04+05:30,3247.8,2,3252.7,1791255,79507.0,109304.0,3250.0,3267.5,3239.8,3251.5,46285925,3576.6,2926.4,4322.95,2866.6,3246.5,13,2,3246.4,20,1,3246.3,48,1,3246.2,47,3,3246.1,41,2,3247.8,51,3,3247.9,39,1,3248.0,31,2,3248.1,71,2,3248.2,6,1
11536,2025-12-30 14:47:05+05:30,3247.8,1,3252.7,1791255,79507.0,109304.0,3250.0,3267.5,3239.8,3251.5,46285925,3576.6,2926.4,4322.95,2866.6,3246.5,13,2,3246.4,20,1,3246.3,48,1,3246.2,47,3,3246.1,41,2,3247.8,51,3,3247.9,39,1,3248.0,31,2,3248.1,71,2,3248.2,6,1
11536,2025-12-30 14:47:05+05:30,3247.8,1,3252.7,1791257,79665.0,109411.0,3250.0,3267.5,3239.8,3251.5,46285925,3576.6,2926.4,4322.95,2866.6,3246.5,127,7,3246.4,13,1,3246.3,48,1,3246.2,79,4,3246.1,48,3,3247.8,49,2,3247.9,39,1,3248.0,52,3,3248.1,83,3,3248.2,84,4
11536,2025-12-30 14:47:06+05:30,3246.5,26,3252.7,1791413,79620.0,109422.0,3250.0,3267.5,3239.8,3251.5,46285925,3576.6,2926.4,4322.95,2866.6,3246.5,52,4,3246.4,43,2,3246.3,48,1,3246.2,79,4,3246.1,48,3,3247.8,49,2,3247.9,39,1,3248.0,52,3,3248.1,129,4,3248.2,29,3
11536,2025-12-30 14:47:07+05:30,3247.8,8,3252.7,1791413,79620.0,109422.0,3250.0,3267.5,3239.8,3251.5,46285925,3576.6,2926.4,4322.95,2866.6,3246.5,52,4,3246.4,43,2,3246.3,48,1,3246.2,79,4,3246.1,48,3,3247.8,49,2,3247.9,39,1,3248.0,52,3,3248.1,129,4,3248.2,29,3
11536,2025-12-30 14:47:07+05:30,3246.5,3,3252.7,1791424,79638.0,109503.0,3250.0,3267.5,3239.8,3251.5,46285925,3576.6,2926.4,4322.95,2866.6,3246.8,16,1,3246.5,66,4,3246.4,29,2,3246.3,48,1,3246.2,23,2,3247.3,123,1,3247.8,25,1,3247.9,69,2,3248.0,98,4,3248.1,54,1
11536,2025-12-30 14:47:08+05:30,3246.5,3,3252.7,1791424,79638.0,109503.0,3250.0,3267.5,3239.8,3251.5,46285925,3576.6,2926.4,4322.95,2866.6,3246.8,16,1,3246.5,66,4,3246.4,29,2,3246.3,48,1,3246.2,23,2,3247.3,123,1,3247.8,25,1,3247.9,69,2,3248.0,98,4,3248.1,54,1
11536,2025-12-30 14:47:08+05:30,3247.3,20,3252.7,1791483,79677.0,109412.0,3250.0,3267.5,3239.8,3251.5,46285925,3576.6,2926.4,4322.95,2866.6,3246.8,70,3,3246.6,55,2,3246.5,4,2,3246.4,29,2,3246.3,146,4,3247.3,103,1,3248.0,52,3,3248.1,54,1,3248.2,75,4,3248.3,114,5
11536,2025-12-30 14:47:09+05:30,3247.3,20,3252.7,1791483,79677.0,109412.0,3250.0,3267.5,3239.8,3251.5,46285925,3576.6,2926.4,4322.95,2866.6,3246.8,70,3,3246.6,55,2,3246.5,4,2,3246.4,29,2,3246.3,146,4,3247.3,103,1,3248.0,52,3,3248.1,54,1,3248.2,75,4,3248.3,114,5
11536,2025-12-30 14:47:09+05:30,3247.3,38,3252.69,1791557,79719.0,109279.0,3250.0,3267.5,3239.8,3251.5,46285925,3576.6,2926.4,4322.95,2866.6,3246.8,86,4,3246.7,68,3,3246.6,26,2,3246.5,32,3,3246.4,13,1,3247.3,29,1,3248.0,52,3,3248.2,29,3,3248.3,81,2,3248.4,69,3
11536,2025-12-30 14:47:10+05:30,3247.3,38,3252.69,1791557,79719.0,109279.0,3250.0,3267.5,3239.8,3251.5,46285925,3576.6,2926.4,4322.95,2866.6,3246.8,86,4,3246.7,68,3,3246.6,26,2,3246.5,32,3,3246.4,13,1,3247.3,29,1,3248.0,52,3,3248.2,29,3,3248.3,81,2,3248.4,69,3
11536,2025-12-30 14:47:10+05:30,3246.8,98,3252.69,1791712,79040.0,109127.0,3250.0,3267.5,3239.8,3251.5,46285925,3576.6,2926.4,4322.95,2866.6,3246.8,42,1,3246.7,88,4,3246.6,49,3,3246.5,32,3,3246.4,13,1,3247.3,29,1,3248.0,31,2,3248.2,29,3,3248.3,127,3,3248.4,23,2
11536,2025-12-30 14:47:11+05:30,3246.8,98,3252.69,1791712,79040.0,109127.0,3250.0,3267.5,3239.8,3251.5,46285925,3576.6,2926.4,4322.95,2866.6,3246.8,42,1,3246.7,88,4,3246.6,49,3,3246.5,32,3,3246.4,13,1,3247.3,29,1,3248.0,31,2,3248.2,29,3,3248.3,127,3,3248.4,23,2
11536,2025-12-30 14:47:12+05:30,3247.3,2,3252.69,1791714,79474.0,109145.0,3250.0,3267.5,3239.8,3251.5,46285925,3576.6,2926.4,4322.95,2866.6,3246.8,42,1,3246.7,75,3,3246.6,36,2,3246.5,50,4,3246.4,13,1,3247.3,27,1,3248.0,31,2,3248.2,29,3,3248.3,127,3,3248.4,23,2
11536,2025-12-30 14:47:12+05:30,3247.3,2,3252.69,1791714,79474.0,109145.0,3250.0,3267.5,3239.8,3251.5,46285925,3576.6,2926.4,4322.95,2866.6,3246.8,42,1,3246.7,75,3,3246.6,36,2,3246.5,50,4,3246.4,13,1,3247.3,27,1,3248.0,31,2,3248.2,29,3,3248.3,127,3,3248.4,23,2
11536,2025-12-30 14:47:13+05:30,3246.8,1,3252.69,1791721,79970.0,109140.0,3250.0,3267.5,3239.8,3251.5,46285925,3576.6,2926.4,4322.95,2866.6,3246.8,41,1,3246.7,50,2,3246.5,21,2,3246.4,38,2,3246.3,167,5,3247.3,35,2,3248.0,31,2,3248.2,29,3,3248.3,130,4,3248.4,41,3
11536,2025-12-30 14:47:13+05:30,3246.8,1,3252.69,1791721,79970.0,109140.0,3250.0,3267.5,3239.8,3251.5,46285925,3576.6,2926.4,4322.95,2866.6,3246.8,41,1,3246.7,50,2,3246.5,21,2,3246.4,38,2,3246.3,167,5,3247.3,35,2,3248.0,31,2,3248.2,29,3,3248.3,130,4,3248.4,41,3
11536,2025-12-30 14:47:14+05:30,3247.3,1,3252.69,1791721,79970.0,109140.0,3250.0,3267.5,3239.8,3251.5,46285925,3576.6,2926.4,4322.95,2866.6,3246.8,41,1,3246.7,50,2,3246.5,21,2,3246.4,38,2,3246.3,167,5,3247.3,35,2,3248.0,31,2,3248.2,29,3,3248.3,130,4,3248.4,41,3
11536,2025-12-30 14:47:14+05:30,3247.3,1,3252.69,1791723,80015.0,108088.0,3250.0,3267.5,3239.8,3251.5,46285925,3576.6,2926.4,4322.95,2866.6,3246.8,87,2,3246.7,50,2,3246.5,46,3,3246.4,13,1,3246.3,167,5,3247.3,33,2,3248.0,31,2,3248.2,29,3,3248.3,130,4,3248.4,41,3
11536,2025-12-30 14:47:15+05:30,3247.3,1,3252.69,1791723,80015.0,108088.0,3250.0,3267.5,3239.8,3251.5,46285925,3576.6,2926.4,4322.95,2866.6,3246.8,87,2,3246.7,50,2,3246.5,46,3,3246.4,13,1,3246.3,167,5,3247.3,33,2,3248.0,31,2,3248.2,29,3,3248.3,130,4,3248.4,41,3
11536,2025-12-30 14:47:15+05:30,3247.3,1,3252.69,1791880,79735.0,108472.0,3250.0,3267.5,3239.8,3251.5,46285925,3576.6,2926.4,4322.95,2866.6,3247.2,42,1,3246.7,30,1,3246.6,46,2,3246.5,21,2,3246.4,13,1,3247.3,32,2,3247.9,25,1,3248.0,6,1,3248.2,29,3,3248.3,84,3
11536,2025-12-30 14:47:16+05:30,3247.3,1,3252.69,1791880,79735.0,108472.0,3250.0,3267.5,3239.8,3251.5,46285925,3576.6,2926.4,4322.95,2866.6,3247.2,42,1,3246.7,30,1,3246.6,46,2,3246.5,21,2,3246.4,13,1,3247.3,32,2,3247.9,25,1,3248.0,6,1,3248.2,29,3,3248.3,84,3
11536,2025-12-30 14:47:16+05:30,3247.3,1,3252.69,1791882,80958.0,108470.0,3250.0,3267.5,3239.8,3251.5,46285925,3576.6,2926.4,4322.95,2866.6,3247.2,42,1,3246.7,75,3,3246.6,23,1,3246.5,21,2,3246.4,13,1,3247.3,30,2,3248.0,6,1,3248.2,54,4,3248.3,84,3,3248.4,41,3
11536,2025-12-30 14:47:17+05:30,3247.3,8,3252.69,1791882,80958.0,108470.0,3250.0,3267.5,3239.8,3251.5,46285925,3576.6,2926.4,4322.95,2866.6,3247.2,42,1,3246.7,75,3,3246.6,23,1,3246.5,21,2,3246.4,13,1,3247.3,30,2,3248.0,6,1,3248.2,54,4,3248.3,84,3,3248.4,41,3
11536,2025-12-30 14:47:17+05:30,3247.3,8,3252.69,1791890,80958.0,108460.0,3250.0,3267.5,3239.8,3251.5,46285925,3576.6,2926.4,4322.95,2866.6,3247.2,42,1,3246.7,75,3,3246.6,23,1,3246.5,75,3,3246.4,13,1,3247.3,22,2,3248.0,6,1,3248.2,52,3,3248.3,84,3,3248.4,41,3
11536,2025-12-30 14:47:18+05:30,3246.4,139,3252.69,1791890,80958.0,108460.0,3250.0,3267.5,3239.8,3251.5,46285925,3576.6,2926.4,4322.95,2866.6,3247.2,42,1,3246.7,75,3,3246.6,23,1,3246.5,75,3,3246.4,13,1,3247.3,22,2,3248.0,6,1,3248.2,52,3,3248.3,84,3,3248.4,41,3
11536,2025-12-30 14:47:18+05:30,3246.1,23,3252.69,1793227,81355.0,108818.0,3250.0,3267.5,3239.8,3251.5,46285925,3576.6,2926.4,4322.95,2866.6,3246.1,133,7,3246.0,22,2,3245.9,204,5,3245.8,18,1,3245.7,152,6,3246.8,123,1,3247.3,14,1,3247.6,21,1,3247.8,75,2,3247.9,46,1
11536,2025-12-30 14:47:19+05:30,3247.2,123,3252.69,1793227,81355.0,108818.0,3250.0,3267.5,3239.8,3251.5,46285925,3576.6,2926.4,4322.95,2866.6,3246.1,133,7,3246.0,22,2,3245.9,204,5,3245.8,18,1,3245.7,152,6,3246.8,123,1,3247.3,14,1,3247.6,21,1,3247.8,75,2,3247.9,46,1
11536,2025-12-30 14:47:19+05:30,3247.2,123,3252.68,1796497,77493.0,107437.0,3250.0,3267.5,3239.8,3251.5,46285925,3576.6,2926.4,4322.95,2866.6,3246.8,25,1,3246.7,78,3,3246.6,26,2,3246.5,178,4,3246.4,70,3,3247.5,123,1,3248.6,120,4,3248.7,35,2,3248.8,66,3,3248.9,86,3
11536,2025-12-30 14:47:20+05:30,3247.2,123,3252.68,1796497,80848.0,108812.0,3250.0,3267.5,3239.8,3251.5,46285925,3576.6,2926.4,4322.95,2866.6,3246.8,7,2,3246.7,89,3,3246.6,51,3,3246.5,192,5,3246.4,139,5,3247.5,123,1,3248.6,120,4,3248.7,51,3,3248.8,66,3,3248.9,122,3
11536,2025-12-30 14:47:21+05:30,3247.2,123,3252.68,1796497,80726.0,108897.0,3250.0,3267.5,3239.8,3251.5,46285925,3576.6,2926.4,4322.95,2866.6,3246.8,7,2,3246.7,154,5,3246.6,49,3,3246.5,65,4,3246.4,97,3,3247.5,123,1,3248.6,120,4,3248.7,97,4,3248.8,42,3,3248.9,122,3
11536,2025-12-30 14:47:22+05:30,3247.6,99,3252.68,1796497,80726.0,108897.0,3250.0,3267.5,3239.8,3251.5,46285925,3576.6,2926.4,4322.95,2866.6,3246.8,7,2,3246.7,154,5,3246.6,49,3,3246.5,65,4,3246.4,97,3,3247.5,123,1,3248.6,120,4,3248.7,97,4,3248.8,42,3,3248.9,122,3
11536,2025-12-30 14:47:22+05:30,3246.7,15,3252.68,1796954,81909.0,108556.0,3250.0,3267.5,3239.8,3251.5,46285925,3576.6,2926.4,4322.95,2866.6,3246.7,51,4,3246.6,28,2,3246.5,16,2,3246.4,71,3,3246.3,63,5,3247.1,123,1,3247.5,5,1,3248.2,59,2,3248.3,65,2,3248.4,146,5
11536,2025-12-30 14:47:23+05:30,3246.7,15,3252.68,1796954,81909.0,108556.0,3250.0,3267.5,3239.8,3251.5,46285925,3576.6,2926.4,4322.95,2866.6,3246.7,51,4,3246.6,28,2,3246.5,16,2,3246.4,71,3,3246.3,63,5,3247.1,123,1,3247.5,5,1,3248.2,59,2,3248.3,65,2,3248.4,146,5
11536,2025-12-30 14:47:23+05:30,3246.7,7,3252.68,1797012,81892.0,106423.0,3250.0,3267.5,3239.8,3251.5,46285925,3576.6,2926.4,4322.95,2866.6,3246.7,59,4,3246.6,28,2,3246.5,16,2,3246.4,71,3,3246.3,63,5,3247.1,98,1,3247.5,5,1,3248.0,20,1,3248.2,79,3,3248.3,65,2
11536,2025-12-30 14:47:24+05:30,3246.7,7,3252.68,1797012,81892.0,106423.0,3250.0,3267.5,3239.8,3251.5,46285925,3576.6,2926.4,4322.95,2866.6,3246.7,59,4,3246.6,28,2,3246.5,16,2,3246.4,71,3,3246.3,63,5,3247.1,98,1,3247.5,5,1,3248.0,20,1,3248.2,79,3,3248.3,65,2
11536,2025-12-30 14:47:24+05:30,3247.1,36,3252.68,1797048,82029.0,108443.0,3250.0,3267.5,3239.8,3251.5,46285925,3576.6,2926.4,4322.95,2866.6,3246.7,48,3,3246.6,28,2,3246.5,39,3,3246.4,71,3,3246.3,88,5,3247.1,62,1,3247.5,5,1,3248.0,20,1,3248.2,79,3,3248.3,90,3
11536,2025-12-30 14:47:25+05:30,3246.8,30,3252.68,1797048,82029.0,108443.0,3250.0,3267.5,3239.8,3251.5,46285925,3576.6,2926.4,4322.95,2866.6,3246.7,48,3,3246.6,28,2,3246.5,39,3,3246.4,71,3,3246.3,88,5,3247.1,62,1,3247.5,5,1,3248.0,20,1,3248.2,79,3,3248.3,90,3
11536,2025-12-30 14:47:25+05:30,3246.8,30,3252.68,1797202,81881.0,106474.0,3250.0,3267.5,3239.8,3251.5,46285925,3576.6,2926.4,4322.95,2866.6,3246.8,10,1,3246.7,58,3,3246.6,59,3,3246.5,16,2,3246.4,38,2,3247.1,123,1,3247.5,5,1,3248.0,89,2,3248.2,74,2,3248.3,138,4
11536,2025-12-30 14:47:26+05:30,3247.1,1,3252.68,1797202,81881.0,106474.0,3250.0,3267.5,3239.8,3251.5,46285925,3576.6,2926.4,4322.95,2866.6,3246.8,10,1,3246.7,58,3,3246.6,59,3,3246.5,16,2,3246.4,38,2,3247.1,123,1,3247.5,5,1,3248.0,89,2,3248.2,74,2,3248.3,138,4
11536,2025-12-30 14:47:26+05:30,3246.7,22,3252.68,1797434,82165.0,108462.0,3250.0,3267.5,3239.8,3251.5,46285925,3576.6,2926.4,4322.95,2866.6,3246.7,43,3,3246.6,105,5,3246.5,16,2,3246.4,17,1,3246.3,54,4,3246.8,77,1,3247.5,5,1,3247.9,3,1,3248.0,70,2,3248.2,106,4
11536,2025-12-30 14:47:27+05:30,3246.8,1,3252.68,1797434,82165.0,108462.0,3250.0,3267.5,3239.8,3251.5,46285925,3576.6,2926.4,4322.95,2866.6,3246.7,43,3,3246.6,105,5,3246.5,16,2,3246.4,17,1,3246.3,54,4,3246.8,77,1,3247.5,5,1,3247.9,3,1,3248.0,70,2,3248.2,106,4
11536,2025-12-30 14:47:27+05:30,3246.8,1,3252.68,1797445,82125.0,108465.0,3250.0,3267.5,3239.8,3251.5,46285925,3576.6,2926.4,4322.95,2866.6,3246.7,54,4,3246.6,28,2,3246.5,16,2,3246.4,42,2,3246.3,83,5,3246.8,80,2,3247.1,5,1,3247.9,3,1,3248.0,70,2,3248.2,106,4
11536,2025-12-30 14:47:28+05:30,3246.7,3,3252.68,1797445,82125.0,108465.0,3250.0,3267.5,3239.8,3251.5,46285925,3576.6,2926.4,4322.95,2866.6,3246.7,54,4,3246.6,28,2,3246.5,16,2,3246.4,42,2,3246.3,83,5,3246.8,80,2,3247.1,5,1,3247.9,3,1,3248.0,70,2,3248.2,106,4
11536,2025-12-30 14:47:28+05:30,3246.7,14,3252.68,1797490,82088.0,108474.0,3250.0,3267.5,3239.8,3251.5,46285925,3576.6,2926.4,4322.95,2866.6,3246.7,15,2,3246.6,28,2,3246.5,39,3,3246.4,42,2,3246.3,39,4,3246.8,80,3,3247.1,5,1,3247.9,3,1,3248.0,70,2,3248.2,152,5
11536,2025-12-30 14:47:29+05:30,3246.7,14,3252.68,1797490,82088.0,108474.0,3250.0,3267.5,3239.8,3251.5,46285925,3576.6,2926.4,4322.95,2866.6,3246.7,15,2,3246.6,28,2,3246.5,39,3,3246.4,42,2,3246.3,39,4,3246.8,80,3,3247.1,5,1,3247.9,3,1,3248.0,70,2,3248.2,152,5
11536,2025-12-30 14:47:29+05:30,3246.7,14,3252.68,1797490,82034.0,108474.0,3250.0,3267.5,3239.8,3251.5,46285925,3576.6,2926.4,4322.95,2866.6,3246.7,15,2,3246.6,28,2,3246.5,39,3,3246.4,42,2,3246.3,39,4,3246.8,80,3,3247.1,5,1,3247.9,3,1,3248.0,70,2,3248.2,152,5
11536,2025-12-30 14:47:30+05:30,3246.5,44,3252.68,1797882,81984.0,108227.0,3250.0,3267.5,3239.8,3251.5,46285925,3576.6,2926.4,4322.95,2866.6,3246.3,72,5,3246.2,51,3,3246.1,68,2,3246.0,275,6,3245.9,30,4,3246.5,79,1,3246.7,50,1,3246.8,15,2,3247.0,1,1,3247.1,5,1
11536,2025-12-30 14:47:31+05:30,3246.5,44,3252.68,1797882,81984.0,108227.0,3250.0,3267.5,3239.8,3251.5,46285925,3576.6,2926.4,4322.95,2866.6,3246.3,72,5,3246.2,51,3,3246.1,68,2,3246.0,275,6,3245.9,30,4,3246.5,79,1,3246.7,50,1,3246.8,15,2,3247.0,1,1,3247.1,5,1
11536,2025-12-30 14:47:31+05:30,3246.5,2,3252.68,1797885,80718.0,109209.0,3250.0,3267.5,3239.8,3251.5,46285925,3576.6,2926.4,4322.95,2866.6,3246.3,16,3,3246.1,59,1,3246.0,22,1,3245.9,28,3,3245.8,52,1,3246.5,88,2,3246.7,50,1,3246.8,8,2,3247.0,1,1,3247.5,45,2
11536,2025-12-30 14:47:32+05:30,3246.5,2,3252.68,1797885,80718.0,109209.0,3250.0,3267.5,3239.8,3251.5,46285925,3576.6,2926.4,4322.95,2866.6,3246.3,16,3,3246.1,59,1,3246.0,22,1,3245.9,28,3,3245.8,52,1,3246.5,88,2,3246.7,50,1,3246.8,8,2,3247.0,1,1,3247.5,45,2
11536,2025-12-30 14:47:32+05:30,3246.0,14,3252.67,1799081,80586.0,109114.0,3250.0,3267.5,3239.8,3251.5,46285925,3576.6,2926.4,4322.95,2866.6,3246.0,10,1,3245.6,60,3,3245.5,116,3,3245.4,47,5,3245.3,238,5,3246.5,12,1,3246.7,50,1,3246.8,8,2,3247.0,43,2,3247.2,42,2
11536,2025-12-30 14:47:33+05:30,3246.0,14,3252.67,1799081,80586.0,109114.0,3250.0,3267.5,3239.8,3251.5,46285925,3576.6,2926.4,4322.95,2866.6,3246.0,10,1,3245.6,60,3,3245.5,116,3,3245.4,47,5,3245.3,238,5,3246.5,12,1,3246.7,50,1,3246.8,8,2,3247.0,43,2,3247.2,42,2
11536,2025-12-30 14:47:33+05:30,3246.0,14,3252.67,1799081,80881.0,109214.0,3250.0,3267.5,3239.8,3251.5,46285925,3576.6,2926.4,4322.95,2866.6,3246.2,4,1,3246.1,11,1,3245.9,4,1,3245.8,118,1,3245.7,53,2,3246.5,12,1,3246.7,50,1,3246.8,8,2,3247.0,43,2,3247.2,42,2
11536,2025-12-30 14:47:34+05:30,3246.5,12,3252.67,1799248,81328.0,109074.0,3250.0,3267.5,3239.8,3251.5,46285925,3576.6,2926.4,4322.95,2866.6,3246.5,5,1,3246.2,50,1,3245.9,13,2,3245.8,127,2,3245.7,53,2,3246.7,50,1,3246.8,8,2,3247.0,43,2,3247.2,25,1,3247.3,54,1
11536,2025-12-30 14:47:35+05:30,3246.5,35,3252.67,1799248,81328.0,109074.0,3250.0,3267.5,3239.8,3251.5,46285925,3576.6,2926.4,4322.95,2866.6,3246.5,5,1,3246.2,50,1,3245.9,13,2,3245.8,127,2,3245.7,53,2,3246.7,50,1,3246.8,8,2,3247.0,43,2,3247.2,25,1,3247.3,54,1
11536,2025-12-30 14:47:35+05:30,3246.5,10,3252.67,1799294,82027.0,109321.0,3250.0,3267.5,3239.8,3251.5,46285925,3576.6,2926.4,4322.95,2866.6,3246.4,118,1,3246.3,3,1,3246.2,50,1,3246.1,2,1,3246.0,53,2,3246.5,5,1,3246.7,49,1,3246.8,3,1,3247.0,1,1,3247.2,25,1
11536,2025-12-30 14:47:36+05:30,3246.5,10,3252.67,1799294,82027.0,109321.0,3250.0,3267.5,3239.8,3251.5,46285925,3576.6,2926.4,4322.95,2866.6,3246.4,118,1,3246.3,3,1,3246.2,50,1,3246.1,2,1,3246.0,53,2,3246.5,5,1,3246.7,49,1,3246.8,3,1,3247.0,1,1,3247.2,25,1
11536,2025-12-30 14:47:36+05:30,3246.7,3,3252.67,1799302,82238.0,109709.0,3250.0,3267.5,3239.8,3251.5,46285925,3576.6,2926.4,4322.95,2866.6,3246.4,118,1,3246.3,3,1,3246.2,50,1,3246.1,20,2,3246.0,93,4,3246.7,46,1,3246.8,3,1,3247.0,1,1,3247.2,25,1,3247.3,54,1
11536,2025-12-30 14:47:37+05:30,3246.4,1,3252.67,1799302,82238.0,109709.0,3250.0,3267.5,3239.8,3251.5,46285925,3576.6,2926.4,4322.95,2866.6,3246.4,118,1,3246.3,3,1,3246.2,50,1,3246.1,20,2,3246.0,93,4,3246.7,46,1,3246.8,3,1,3247.0,1,1,3247.2,25,1,3247.3,54,1
11536,2025-12-30 14:47:37+05:30,3246.7,1,3252.67,1799338,82017.0,109656.0,3250.0,3267.5,3239.8,3251.5,46285925,3576.6,2926.4,4322.95,2866.6,3246.4,83,1,3246.3,3,1,3246.2,50,1,3246.1,20,2,3246.0,72,3,3246.7,45,1,3246.8,3,1,3247.0,1,1,3247.2,25,1,3247.3,54,1
11536,2025-12-30 14:47:38+05:30,3246.7,4,3252.67,1799338,82017.0,109656.0,3250.0,3267.5,3239.8,3251.5,46285925,3576.6,2926.4,4322.95,2866.6,3246.4,83,1,3246.3,3,1,3246.2,50,1,3246.1,20,2,3246.0,72,3,3246.7,45,1,3246.8,3,1,3247.0,1,1,3247.2,25,1,3247.3,54,1
11536,2025-12-30 14:47:38+05:30,3246.4,40,3252.67,1799539,81678.0,109497.0,3250.0,3267.5,3239.8,3251.5,46285925,3576.6,2926.4,4322.95,2866.6,3246.4,78,1,3246.3,3,1,3246.2,58,3,3246.1,20,2,3246.0,43,2,3246.7,40,1,3246.8,3,1,3247.0,1,1,3247.2,25,1,3247.3,54,1
11536,2025-12-30 14:47:39+05:30,3246.4,40,3252.67,1799539,81678.0,109497.0,3250.0,3267.5,3239.8,3251.5,46285925,3576.6,2926.4,4322.95,2866.6,3246.4,78,1,3246.3,3,1,3246.2,58,3,3246.1,20,2,3246.0,43,2,3246.7,40,1,3246.8,3,1,3247.0,1,1,3247.2,25,1,3247.3,54,1
11536,2025-12-30 14:47:39+05:30,3246.7,5,3252.67,1799579,81693.0,109513.0,3250.0,3267.5,3239.8,3251.5,46285925,3576.6,2926.4,4322.95,2866.6,3246.7,4,1,3246.4,84,2,3246.3,3,1,3246.2,58,3,3246.1,44,3,3246.8,3,1,3247.0,18,2,3247.1,27,2,3247.2,25,1,3247.3,54,1
11536,2025-12-30 14:47:40+05:30,3246.7,5,3252.67,1799579,81693.0,109513.0,3250.0,3267.5,3239.8,3251.5,46285925,3576.6,2926.4,4322.95,2866.6,3246.7,4,1,3246.4,84,2,3246.3,3,1,3246.2,58,3,3246.1,44,3,3246.8,3,1,3247.0,18,2,3247.1,27,2,3247.2,25,1,3247.3,54,1
11536,2025-12-30 14:47:40+05:30,3246.7,5,3252.67,1799579,82213.0,109671.0,3250.0,3267.5,3239.8,3251.5,46285925,3576.6,2926.4,4322.95,2866.6,3246.7,70,2,3246.4,84,2,3246.3,3,1,3246.2,111,5,3246.1,20,2,3246.8,3,1,3247.0,1,1,3247.7,10,2,3247.8,70,3,3247.9,73,2
11536,2025-12-30 14:47:41+05:30,3246.8,3,3252.67,1799579,82213.0,109671.0,3250.0,3267.5,3239.8,3251.5,46285925,3576.6,2926.4,4322.95,2866.6,3246.7,70,2,3246.4,84,2,3246.3,3,1,3246.2,111,5,3246.1,20,2,3246.8,3,1,3247.0,1,1,3247.7,10,2,3247.8,70,3,3247.9,73,2
11536,2025-12-30 14:47:41+05:30,3246.8,3,3252.67,1799582,82326.0,108054.0,3250.0,3267.5,3239.8,3251.5,46285925,3576.6,2926.4,4322.95,2866.6,3246.8,75,1,3246.7,70,2,3246.4,6,1,3246.3,27,2,3246.2,87,4,3247.0,1,1,3247.7,65,4,3247.8,70,3,3247.9,73,2,3248.0,133,4
11536,2025-12-30 14:47:42+05:30,3247.0,2,3252.67,1799740,82228.0,109080.0,3250.0,3267.5,3239.8,3251.5,46285925,3576.6,2926.4,4322.95,2866.6,3246.8,122,2,3246.7,70,2,3246.4,6,1,3246.3,3,1,3246.2,82,4,3247.0,12,1,3247.4,54,2,3247.7,103,4,3247.8,78,4,3247.9,119,3
11536,2025-12-30 14:47:43+05:30,3246.8,1,3252.67,1799740,82228.0,109080.0,3250.0,3267.5,3239.8,3251.5,46285925,3576.6,2926.4,4322.95,2866.6,3246.8,122,2,3246.7,70,2,3246.4,6,1,3246.3,3,1,3246.2,82,4,3247.0,12,1,3247.4,54,2,3247.7,103,4,3247.8,78,4,3247.9,119,3
11536,2025-12-30 14:47:43+05:30,3246.8,1,3252.67,1799749,82219.0,107146.0,3250.0,3267.5,3239.8,3251.5,46285925,3576.6,2926.4,4322.95,2866.6,3246.8,113,2,3246.7,70,2,3246.4,6,1,3246.3,3,1,3246.2,82,4,3247.0,12,1,3247.4,38,1,3247.6,15,1,3247.7,103,4,3247.8,70,3
11536,2025-12-30 14:47:44+05:30,3246.8,3,3252.67,1799749,82219.0,107146.0,3250.0,3267.5,3239.8,3251.5,46285925,3576.6,2926.4,4322.95,2866.6,3246.8,113,2,3246.7,70,2,3246.4,6,1,3246.3,3,1,3246.2,82,4,3247.0,12,1,3247.4,38,1,3247.6,15,1,3247.7,103,4,3247.8,70,3
11536,2025-12-30 14:47:44+05:30,3247.0,8,3252.67,1799760,82218.0,109782.0,3250.0,3267.5,3239.8,3251.5,46285925,3576.6,2926.4,4322.95,2866.6,3246.8,110,2,3246.7,70,2,3246.4,6,1,3246.3,3,1,3246.2,82,4,3247.0,4,1,3247.4,38,1,3247.7,103,4,3247.8,70,3,3247.9,73,2
11536,2025-12-30 14:47:45+05:30,3247.0,1,3252.67,1799760,82218.0,109782.0,3250.0,3267.5,3239.8,3251.5,46285925,3576.6,2926.4,4322.95,2866.6,3246.8,110,2,3246.7,70,2,3246.4,6,1,3246.3,3,1,3246.2,82,4,3247.0,4,1,3247.4,38,1,3247.7,103,4,3247.8,70,3,3247.9,73,2
11536,2025-12-30 14:47:45+05:30,3247.0,1,3252.67,1799761,82348.0,109520.0,3250.0,3267.5,3239.8,3251.5,46285925,3576.6,2926.4,4322.95,2866.6,3246.9,106,1,3246.8,4,1,3246.7,70,2,3246.4,27,2,3246.3,27,2,3247.0,3,1,3247.4,2,1,3247.7,42,2,3247.8,70,3,3247.9,54,1
11536,2025-12-30 14:47:46+05:30,3247.0,2,3252.67,1799920,81976.0,109857.0,3250.0,3267.5,3239.8,3251.5,46285925,3576.6,2926.4,4322.95,2866.6,3247.0,2,1,3246.9,248,3,3246.8,6,2,3246.7,66,1,3246.4,6,1,3247.4,2,1,3247.6,40,2,3247.7,124,4,3247.8,94,4,3247.9,54,1
11536,2025-12-30 14:47:47+05:30,3247.0,1,3252.67,1799920,81976.0,109857.0,3250.0,3267.5,3239.8,3251.5,46285925,3576.6,2926.4,4322.95,2866.6,3247.0,2,1,3246.9,248,3,3246.8,6,2,3246.7,66,1,3246.4,6,1,3247.4,2,1,3247.6,40,2,3247.7,124,4,3247.8,94,4,3247.9,54,1
11536,2025-12-30 14:47:47+05:30,3246.7,66,3252.67,1800986,81057.0,109865.0,3250.0,3267.5,3239.8,3251.5,46285925,3576.6,2926.4,4322.95,2866.6,3246.4,6,1,3246.3,3,1,3246.2,8,2,3246.1,2,1,3246.0,53,2,3246.7,3,1,3247.4,176,1,3247.5,84,3,3247.6,172,5,3247.7,104,3
11536,2025-12-30 14:47:48+05:30,3246.7,3,3252.67,1800986,81057.0,109865.0,3250.0,3267.5,3239.8,3251.5,46285925,3576.6,2926.4,4322.95,2866.6,3246.4,6,1,3246.3,3,1,3246.2,8,2,3246.1,2,1,3246.0,53,2,3246.7,3,1,3247.4,176,1,3247.5,84,3,3247.6,172,5,3247.7,104,3
11536,2025-12-30 14:47:48+05:30,3246.7,3,3252.67,1800986,81057.0,109865.0,3250.0,3267.5,3239.8,3251.5,46285925,3576.6,2926.4,4322.95,2866.6,3246.4,6,1,3246.3,3,1,3246.2,8,2,3246.1,2,1,3246.0,53,2,3246.7,3,1,3247.4,176,1,3247.5,84,3,3247.6,172,5,3247.7,104,3
11536,2025-12-30 14:47:48+05:30,3246.4,1,3252.67,1801028,79866.0,110034.0,3250.0,3267.5,3239.8,3251.5,46285925,3576.6,2926.4,4322.95,2866.6,3246.4,15,2,3246.3,3,1,3246.2,8,2,3246.1,2,1,3245.9,16,3,3247.3,95,4,3247.4,91,3,3247.5,81,5,3247.6,55,2,3247.7,97,5
11536,2025-12-30 14:47:49+05:30,3246.4,1,3252.67,1801028,79866.0,110034.0,3250.0,3267.5,3239.8,3251.5,46285925,3576.6,2926.4,4322.95,2866.6,3246.4,15,2,3246.3,3,1,3246.2,8,2,3246.1,2,1,3245.9,16,3,3247.3,95,4,3247.4,91,3,3247.5,81,5,3247.6,55,2,3247.7,97,5
11536,2025-12-30 14:47:49+05:30,3247.3,1,3252.67,1801077,79861.0,109985.0,3250.0,3267.5,3239.8,3251.5,46285925,3576.6,2926.4,4322.95,2866.6,3246.4,15,2,3246.3,3,1,3246.2,8,2,3246.1,2,1,3245.9,16,3,3247.3,46,3,3247.4,91,3,3247.5,81,5,3247.6,55,2,3247.7,97,5
11536,2025-12-30 14:47:50+05:30,3247.3,1,3252.67,1801077,79861.0,109985.0,3250.0,3267.5,3239.8,3251.5,46285925,3576.6,2926.4,4322.95,2866.6,3246.4,15,2,3246.3,3,1,3246.2,8,2,3246.1,2,1,3245.9,16,3,3247.3,46,3,3247.4,91,3,3247.5,81,5,3247.6,55,2,3247.7,97,5
11536,2025-12-30 14:47:50+05:30,3247.3,1,3252.67,1801077,79861.0,109985.0,3250.0,3267.5,3239.8,3251.5,46285925,3576.6,2926.4,4322.95,2866.6,3246.4,15,2,3246.3,3,1,3246.2,8,2,3246.1,2,1,3245.9,16,3,3247.3,46,3,3247.4,91,3,3247.5,81,5,3247.6,55,2,3247.7,97,5
11536,2025-12-30 14:47:50+05:30,3246.2,2,3252.67,1801232,76242.0,108700.0,3250.0,3267.5,3239.8,3251.5,46285925,3576.6,2926.4,4322.95,2866.6,3246.2,6,2,3246.1,2,1,3246.0,24,1,3245.9,45,4,3245.8,38,3,3247.2,62,4,3247.3,24,1,3247.4,110,3,3247.5,93,5,3247.6,20,2
11536,2025-12-30 14:47:51+05:30,3246.2,2,3252.67,1801232,76242.0,108700.0,3250.0,3267.5,3239.8,3251.5,46285925,3576.6,2926.4,4322.95,2866.6,3246.2,6,2,3246.1,2,1,3246.0,24,1,3245.9,45,4,3245.8,38,3,3247.2,62,4,3247.3,24,1,3247.4,110,3,3247.5,93,5,3247.6,20,2
11536,2025-12-30 14:47:51+05:30,3246.2,2,3252.67,1801232,76242.0,108700.0,3250.0,3267.5,3239.8,3251.5,46285925,3576.6,2926.4,4322.95,2866.6,3246.2,6,2,3246.1,2,1,3246.0,24,1,3245.9,45,4,3245.8,38,3,3247.2,62,4,3247.3,24,1,3247.4,110,3,3247.5,93,5,3247.6,20,2
11536,2025-12-30 14:47:51+05:30,3247.0,3,3252.67,1801235,79883.0,109667.0,3250.0,3267.5,3239.8,3251.5,46285925,3576.6,2926.4,4322.95,2866.6,3246.2,7,3,3246.1,26,2,3246.0,30,2,3245.9,16,3,3245.8,18,2,3247.0,27,1,3247.2,44,3,3247.3,11,1,3247.4,83,3,3247.5,93,5
11536,2025-12-30 14:47:52+05:30,3247.4,20,3252.67,1801235,79883.0,109667.0,3250.0,3267.5,3239.8,3251.5,46285925,3576.6,2926.4,4322.95,2866.6,3246.2,7,3,3246.1,26,2,3246.0,30,2,3245.9,16,3,3245.8,18,2,3247.0,27,1,3247.2,44,3,3247.3,11,1,3247.4,83,3,3247.5,93,5
11536,2025-12-30 14:47:52+05:30,3247.4,20,3252.67,1801235,79883.0,109667.0,3250.0,3267.5,3239.8,3251.5,46285925,3576.6,2926.4,4322.95,2866.6,3246.2,7,3,3246.1,26,2,3246.0,30,2,3245.9,16,3,3245.8,18,2,3247.0,27,1,3247.2,44,3,3247.3,11,1,3247.4,83,3,3247.5,93,5
11536,2025-12-30 14:47:52+05:30,3247.4,20,3252.67,1801417,80026.0,109520.0,3250.0,3267.5,3239.8,3251.5,46285925,3576.6,2926.4,4322.95,2866.6,3247.0,1,1,3246.2,7,3,3246.1,26,2,3246.0,52,3,3245.9,21,4,3247.4,68,4,3247.5,48,3,3247.6,39,2,3247.7,54,1,3247.8,59,3
11536,2025-12-30 14:47:53+05:30,3247.4,20,3252.67,1801417,80026.0,109520.0,3250.0,3267.5,3239.8,3251.5,46285925,3576.6,2926.4,4322.95,2866.6,3247.0,1,1,3246.2,7,3,3246.1,26,2,3246.0,52,3,3245.9,21,4,3247.4,68,4,3247.5,48,3,3247.6,39,2,3247.7,54,1,3247.8,59,3
11536,2025-12-30 14:47:53+05:30,3247.4,1,3252.67,1801418,79837.0,109665.0,3250.0,3267.5,3239.8,3251.5,46285925,3576.6,2926.4,4322.95,2866.6,3247.0,1,1,3246.7,1,1,3246.6,3,1,3246.2,7,3,3246.1,2,1,3247.3,7,1,3247.4,91,5,3247.5,96,5,3247.6,44,2,3247.7,100,2
11536,2025-12-30 14:47:54+05:30,3247.4,1,3252.67,1801418,79837.0,109665.0,3250.0,3267.5,3239.8,3251.5,46285925,3576.6,2926.4,4322.95,2866.6,3247.0,1,1,3246.7,1,1,3246.6,3,1,3246.2,7,3,3246.1,2,1,3247.3,7,1,3247.4,91,5,3247.5,96,5,3247.6,44,2,3247.7,100,2
11536,2025-12-30 14:47:54+05:30,3247.4,1,3252.67,1801418,79837.0,109665.0,3250.0,3267.5,3239.8,3251.5,46285925,3576.6,2926.4,4322.95,2866.6,3247.0,1,1,3246.7,1,1,3246.6,3,1,3246.2,7,3,3246.1,2,1,3247.3,7,1,3247.4,91,5,3247.5,96,5,3247.6,44,2,3247.7,100,2
11536,2025-12-30 14:47:54+05:30,3246.9,155,3252.66,1801574,76715.0,109638.0,3250.0,3267.5,3239.8,3251.5,46285925,3576.6,2926.4,4322.95,2866.6,3247.3,4,1,3246.9,47,1,3246.7,1,1,3246.6,3,1,3246.2,29,4,3247.4,29,3,3247.5,32,2,3247.6,29,1,3247.7,16,1,3247.8,76,4
11536,2025-12-30 14:47:55+05:30,3247.7,8,3252.66,1801574,76715.0,109638.0,3250.0,3267.5,3239.8,3251.5,46285925,3576.6,2926.4,4322.95,2866.6,3247.3,4,1,3246.9,47,1,3246.7,1,1,3246.6,3,1,3246.2,29,4,3247.4,29,3,3247.5,32,2,3247.6,29,1,3247.7,16,1,3247.8,76,4
11536,2025-12-30 14:47:55+05:30,3247.7,8,3252.66,1801574,76715.0,109638.0,3250.0,3267.5,3239.8,3251.5,46285925,3576.6,2926.4,4322.95,2866.6,3247.3,4,1,3246.9,47,1,3246.7,1,1,3246.6,3,1,3246.2,29,4,3247.4,29,3,3247.5,32,2,3247.6,29,1,3247.7,16,1,3247.8,76,4
11536,2025-12-30 14:47:55+05:30,3247.7,8,3252.66,1801672,80004.0,109852.0,3250.0,3267.5,3239.8,3251.5,46285925,3576.6,2926.4,4322.95,2866.6,3247.4,1,1,3247.3,5,2,3247.2,47,1,3246.7,1,1,3246.6,4,2,3247.7,48,2,3247.8,65,3,3247.9,90,3,3248.0,102,3,3248.1,130,5
11536,2025-12-30 14:47:56+05:30,3247.7,1,3252.66,1801672,80004.0,109852.0,3250.0,3267.5,3239.8,3251.5,46285925,3576.6,2926.4,4322.95,2866.6,3247.4,1,1,3247.3,5,2,3247.2,47,1,3246.7,1,1,3246.6,4,2,3247.7,48,2,3247.8,65,3,3247.9,90,3,3248.0,102,3,3248.1,130,5
11536,2025-12-30 14:47:56+05:30,3247.7,1,3252.66,1801672,80004.0,109852.0,3250.0,3267.5,3239.8,3251.5,46285925,3576.6,2926.4,4322.95,2866.6,3247.4,1,1,3247.3,5,2,3247.2,47,1,3246.7,1,1,3246.6,4,2,3247.7,48,2,3247.8,65,3,3247.9,90,3,3248.0,102,3,3248.1,130,5
11536,2025-12-30 14:47:56+05:30,3247.7,2,3252.66,1801713,79692.0,109854.0,3250.0,3267.5,3239.8,3251.5,46285925,3576.6,2926.4,4322.95,2866.6,3247.3,1,1,3247.2,47,1,3246.7,1,1,3246.6,4,2,3246.4,21,1,3247.7,23,1,3247.8,81,4,3247.9,90,3,3248.0,148,4,3248.1,84,4
11536,2025-12-30 14:47:57+05:30,3247.7,2,3252.66,1801713,79692.0,109854.0,3250.0,3267.5,3239.8,3251.5,46285925,3576.6,2926.4,4322.95,2866.6,3247.3,1,1,3247.2,47,1,3246.7,1,1,3246.6,4,2,3246.4,21,1,3247.7,23,1,3247.8,81,4,3247.9,90,3,3248.0,148,4,3248.1,84,4
11536,2025-12-30 14:47:57+05:30,3247.7,9,3252.66,1801713,79692.0,109854.0,3250.0,3267.5,3239.8,3251.5,46285925,3576.6,2926.4,4322.95,2866.6,3247.3,1,1,3247.2,47,1,3246.7,1,1,3246.6,4,2,3246.4,21,1,3247.7,23,1,3247.8,81,4,3247.9,90,3,3248.0,148,4,3248.1,84,4
11536,2025-12-30 14:47:57+05:30,3247.7,3,3252.66,1801726,80098.0,108602.0,3250.0,3267.5,3239.8,3251.5,46285925,3576.6,2926.4,4322.95,2866.6,3247.3,100,3,3247.1,20,1,3246.9,11,1,3246.8,80,4,3246.7,24,3,3247.7,11,1,3248.0,50,1,3248.3,26,1,3248.4,22,1,3248.5,80,2
11536,2025-12-30 14:47:58+05:30,3247.7,3,3252.66,1801726,80098.0,108602.0,3250.0,3267.5,3239.8,3251.5,46285925,3576.6,2926.4,4322.95,2866.6,3247.3,100,3,3247.1,20,1,3246.9,11,1,3246.8,80,4,3246.7,24,3,3247.7,11,1,3248.0,50,1,3248.3,26,1,3248.4,22,1,3248.5,80,2
11536,2025-12-30 14:47:58+05:30,3247.3,1,3252.66,1801726,80098.0,108602.0,3250.0,3267.5,3239.8,3251.5,46285925,3576.6,2926.4,4322.95,2866.6,3247.3,100,3,3247.1,20,1,3246.9,11,1,3246.8,80,4,3246.7,24,3,3247.7,11,1,3248.0,50,1,3248.3,26,1,3248.4,22,1,3248.5,80,2
11536,2025-12-30 14:47:58+05:30,3247.3,1,3252.66,1801726,80098.0,108602.0,3250.0,3267.5,3239.8,3251.5,46285925,3576.6,2926.4,4322.95,2866.6,3247.3,100,3,3247.1,20,1,3246.9,11,1,3246.8,80,4,3246.7,24,3,3247.7,11,1,3248.0,50,1,3248.3,26,1,3248.4,22,1,3248.5,80,2
11536,2025-12-30 14:47:58+05:30,3247.3,39,3252.66,1801922,80199.0,108867.0,3250.0,3267.5,3239.8,3251.5,46285925,3576.6,2926.4,4322.95,2866.6,3247.3,47,1,3246.9,24,1,3246.8,29,1,3246.7,4,2,3246.6,44,5,3247.7,11,1,3248.0,50,1,3248.2,14,1,3248.3,78,2,3248.4,68,2
11536,2025-12-30 14:47:59+05:30,3247.3,39,3252.66,1801922,80199.0,108867.0,3250.0,3267.5,3239.8,3251.5,46285925,3576.6,2926.4,4322.95,2866.6,3247.3,47,1,3246.9,24,1,3246.8,29,1,3246.7,4,2,3246.6,44,5,3247.7,11,1,3248.0,50,1,3248.2,14,1,3248.3,78,2,3248.4,68,2
11536,2025-12-30 14:47:59+05:30,3247.3,39,3252.66,1801922,80185.0,108880.0,3250.0,3267.5,3239.8,3251.5,46285925,3576.6,2926.4,4322.95,2866.6,3247.3,1,1,3247.0,47,1,3246.7,4,2,3246.6,48,5,3246.5,55,2,3247.7,11,1,3248.0,50,1,3248.2,14,1,3248.3,95,3,3248.4,95,3
11536,2025-12-30 14:48:00+05:30,3247.3,39,3252.66,1801922,80185.0,108880.0,3250.0,3267.5,3239.8,3251.5,46285925,3576.6,2926.4,4322.95,2866.6,3247.3,1,1,3247.0,47,1,3246.7,4,2,3246.6,48,5,3246.5,55,2,3247.7,11,1,3248.0,50,1,3248.2,14,1,3248.3,95,3,3248.4,95,3
11536,2025-12-30 14:48:00+05:30,3247.7,6,3252.66,1801929,80219.0,109165.0,3250.0,3267.5,3239.8,3251.5,46285925,3576.6,2926.4,4322.95,2866.6,3247.3,1,1,3247.0,47,1,3246.7,4,2,3246.6,24,4,3246.5,1,1,3247.7,13,2,3247.9,52,2,3248.0,65,2,3248.2,36,2,3248.3,95,3
11536,2025-12-30 14:48:01+05:30,3247.7,6,3252.66,1801929,80219.0,109165.0,3250.0,3267.5,3239.8,3251.5,46285925,3576.6,2926.4,4322.95,2866.6,3247.3,1,1,3247.0,47,1,3246.7,4,2,3246.6,24,4,3246.5,1,1,3247.7,13,2,3247.9,52,2,3248.0,65,2,3248.2,36,2,3248.3,95,3
11536,2025-12-30 14:48:01+05:30,3247.7,6,3252.66,1801929,80219.0,109165.0,3250.0,3267.5,3239.8,3251.5,46285925,3576.6,2926.4,4322.95,2866.6,3247.3,1,1,3247.0,47,1,3246.7,4,2,3246.6,24,4,3246.5,1,1,3247.7,13,2,3247.9,52,2,3248.0,65,2,3248.2,36,2,3248.3,95,3
11536,2025-12-30 14:48:01+05:30,3247.7,1,3252.66,1801931,80314.0,109141.0,3250.0,3267.5,3239.8,3251.5,46285925,3576.6,2926.4,4322.95,2866.6,3247.5,80,2,3247.3,1,1,3246.7,4,2,3246.6,45,5,3246.5,55,2,3247.7,27,3,3247.9,28,1,3248.0,50,1,3248.1,24,1,3248.2,14,1
11536,2025-12-30 14:48:02+05:30,3247.7,1,3252.66,1801931,80314.0,109141.0,3250.0,3267.5,3239.8,3251.5,46285925,3576.6,2926.4,4322.95,2866.6,3247.5,80,2,3247.3,1,1,3246.7,4,2,3246.6,45,5,3246.5,55,2,3247.7,27,3,3247.9,28,1,3248.0,50,1,3248.1,24,1,3248.2,14,1
11536,2025-12-30 14:48:02+05:30,3246.5,88,3252.66,1803161,81979.0,108787.0,3250.0,3267.5,3239.8,3251.5,46285925,3576.6,2926.4,4322.95,2866.6,3246.8,63,3,3246.7,12,1,3246.6,31,2,3246.5,51,3,3246.3,76,5,3247.7,11,2,3248.0,50,1,3248.2,61,3,3248.3,126,5,3248.4,68,2
11536,2025-12-30 14:48:03+05:30,3246.5,88,3252.66,1803161,81979.0,108787.0,3250.0,3267.5,3239.8,3251.5,46285925,3576.6,2926.4,4322.95,2866.6,3246.8,63,3,3246.7,12,1,3246.6,31,2,3246.5,51,3,3246.3,76,5,3247.7,11,2,3248.0,50,1,3248.2,61,3,3248.3,126,5,3248.4,68,2
11536,2025-12-30 14:48:03+05:30,3246.5,88,3252.66,1803161,81979.0,108787.0,3250.0,3267.5,3239.8,3251.5,46285925,3576.6,2926.4,4322.95,2866.6,3246.8,63,3,3246.7,12,1,3246.6,31,2,3246.5,51,3,3246.3,76,5,3247.7,11,2,3248.0,50,1,3248.2,61,3,3248.3,126,5,3248.4,68,2
11536,2025-12-30 14:48:03+05:30,3246.8,1,3252.66,1803162,82202.0,109030.0,3250.0,3267.5,3239.8,3251.5,46285925,3576.6,2926.4,4322.95,2866.6,3246.8,113,5,3246.7,22,2,3246.6,31,2,3246.5,75,3,3246.3,76,5,3247.7,11,2,3248.0,50,1,3248.2,61,3,3248.3,109,4,3248.4,85,3
11536,2025-12-30 14:48:04+05:30,3246.8,1,3252.66,1803162,82202.0,109030.0,3250.0,3267.5,3239.8,3251.5,46285925,3576.6,2926.4,4322.95,2866.6,3246.8,113,5,3246.7,22,2,3246.6,31,2,3246.5,75,3,3246.3,76,5,3247.7,11,2,3248.0,50,1,3248.2,61,3,3248.3,109,4,3248.4,85,3
11536,2025-12-30 14:48:04+05:30,3247.7,9,3252.66,1803173,82205.0,108765.0,3250.0,3267.5,3239.8,3251.5,46285925,3576.6,2926.4,4322.95,2866.6,3247.7,5,1,3246.9,3,1,3246.8,101,4,3246.7,10,1,3246.6,41,2,3248.0,50,1,3248.1,24,1,3248.2,14,1,3248.3,106,3,3248.4,17,1
11536,2025-12-30 14:48:05+05:30,3248.0,1,3252.66,1803173,82205.0,108765.0,3250.0,3267.5,3239.8,3251.5,46285925,3576.6,2926.4,4322.95,2866.6,3247.7,5,1,3246.9,3,1,3246.8,101,4,3246.7,10,1,3246.6,41,2,3248.0,50,1,3248.1,24,1,3248.2,14,1,3248.3,106,3,3248.4,17,1
11536,2025-12-30 14:48:05+05:30,3248.0,1,3252.66,1803173,82205.0,108765.0,3250.0,3267.5,3239.8,3251.5,46285925,3576.6,2926.4,4322.95,2866.6,3247.7,5,1,3246.9,3,1,3246.8,101,4,3246.7,10,1,3246.6,41,2,3248.0,50,1,3248.1,24,1,3248.2,14,1,3248.3,106,3,3248.4,17,1
11536,2025-12-30 14:48:05+05:30,3248.0,1,3252.66,1803174,82708.0,108561.0,3250.0,3267.5,3239.8,3251.5,46285925,3576.6,2926.4,4322.95,2866.6,3247.7,5,1,3247.0,52,2,3246.9,3,1,3246.8,71,3,3246.7,10,1,3248.0,49,1,3248.3,52,1,3248.4,17,1,3248.5,118,4,3248.6,43,2
11536,2025-12-30 14:48:06+05:30,3248.0,1,3252.66,1803174,82708.0,108561.0,3250.0,3267.5,3239.8,3251.5,46285925,3576.6,2926.4,4322.95,2866.6,3247.7,5,1,3247.0,52,2,3246.9,3,1,3246.8,71,3,3246.7,10,1,3248.0,49,1,3248.3,52,1,3248.4,17,1,3248.5,118,4,3248.6,43,2
11536,2025-12-30 14:48:06+05:30,3248.0,8,3252.66,1803337,82228.0,109167.0,3250.0,3267.5,3239.8,3251.5,46285925,3576.6,2926.4,4322.95,2866.6,3246.8,46,5,3246.7,28,1,3246.6,40,2,3246.5,18,2,3246.4,118,5,3248.0,41,1,3248.2,60,2,3248.3,135,3,3248.4,45,3,3248.5,144,5
11536,2025-12-30 14:48:07+05:30,3248.0,8,3252.66,1803337,82228.0,109167.0,3250.0,3267.5,3239.8,3251.5,46285925,3576.6,2926.4,4322.95,2866.6,3246.8,46,5,3246.7,28,1,3246.6,40,2,3246.5,18,2,3246.4,118,5,3248.0,41,1,3248.2,60,2,3248.3,135,3,3248.4,45,3,3248.5,144,5
11536,2025-12-30 14:48:07+05:30,3248.0,4,3252.66,1803341,79086.0,109331.0,3250.0,3267.5,3239.8,3251.5,46285925,3576.6,2926.4,4322.95,2866.6,3247.0,2,1,3246.8,2,2,3246.5,94,4,3246.4,64,4,3246.3,128,7,3248.0,123,4,3248.1,44,2,3248.2,42,2,3248.3,150,4,3248.4,63,4
11536,2025-12-30 14:48:08+05:30,3248.0,4,3252.66,1803341,79086.0,109331.0,3250.0,3267.5,3239.8,3251.5,46285925,3576.6,2926.4,4322.95,2866.6,3247.0,2,1,3246.8,2,2,3246.5,94,4,3246.4,64,4,3246.3,128,7,3248.0,123,4,3248.1,44,2,3248.2,42,2,3248.3,150,4,3248.4,63,4
11536,2025-12-30 14:48:08+05:30,3248.0,4,3252.66,1803341,79086.0,109331.0,3250.0,3267.5,3239.8,3251.5,46326700,3576.6,2926.4,4322.95,2866.6,3247.0,2,1,3246.8,2,2,3246.5,94,4,3246.4,64,4,3246.3,128,7,3248.0,123,4,3248.1,44,2,3248.2,42,2,3248.3,150,4,3248.4,63,4
11536,2025-12-30 14:48:08+05:30,3247.0,2,3252.66,1803343,82152.0,109297.0,3250.0,3267.5,3239.8,3251.5,46326700,3576.6,2926.4,4322.95,2866.6,3246.9,39,1,3246.8,22,3,3246.6,24,1,3246.5,96,3,3246.4,31,2,3247.0,2,1,3248.0,110,3,3248.1,28,1,3248.2,88,3,3248.3,116,4
11536,2025-12-30 14:48:09+05:30,3247.0,2,3252.66,1803343,82152.0,109297.0,3250.0,3267.5,3239.8,3251.5,46326700,3576.6,2926.4,4322.95,2866.6,3246.9,39,1,3246.8,22,3,3246.6,24,1,3246.5,96,3,3246.4,31,2,3247.0,2,1,3248.0,110,3,3248.1,28,1,3248.2,88,3,3248.3,116,4
11536,2025-12-30 14:48:09+05:30,3247.0,1,3252.66,1803380,82245.0,108914.0,3250.0,3267.5,3239.8,3251.5,46326700,3576.6,2926.4,4322.95,2866.6,3247.0,56,3,3246.8,12,3,3246.7,39,1,3246.6,23,2,3246.5,77,2,3248.0,37,1,3248.4,60,2,3248.5,134,4,3248.6,146,3,3248.7,25,1
11536,2025-12-30 14:48:10+05:30,3247.0,1,3252.66,1803380,82245.0,108914.0,3250.0,3267.5,3239.8,3251.5,46326700,3576.6,2926.4,4322.95,2866.6,3247.0,56,3,3246.8,12,3,3246.7,39,1,3246.6,23,2,3246.5,77,2,3248.0,37,1,3248.4,60,2,3248.5,134,4,3248.6,146,3,3248.7,25,1
11536,2025-12-30 14:48:10+05:30,3247.0,1,3252.66,1803380,82245.0,108914.0,3250.0,3267.5,3239.8,3251.5,46326700,3576.6,2926.4,4322.95,2866.6,3247.0,56,3,3246.8,12,3,3246.7,39,1,3246.6,23,2,3246.5,77,2,3248.0,37,1,3248.4,60,2,3248.5,134,4,3248.6,146,3,3248.7,25,1
11536,2025-12-30 14:48:10+05:30,3246.7,55,3252.66,1803536,82042.0,109575.0,3250.0,3267.5,3239.8,3251.5,46326700,3576.6,2926.4,4322.95,2866.6,3247.0,2,1,3246.7,39,1,3246.6,2,1,3246.5,77,2,3246.4,82,6,3248.0,58,3,3248.2,88,4,3248.4,104,5,3248.5,104,4,3248.6,50,3
11536,2025-12-30 14:48:11+05:30,3248.0,43,3252.66,1803536,82042.0,109575.0,3250.0,3267.5,3239.8,3251.5,46326700,3576.6,2926.4,4322.95,2866.6,3247.0,2,1,3246.7,39,1,3246.6,2,1,3246.5,77,2,3246.4,82,6,3248.0,58,3,3248.2,88,4,3248.4,104,5,3248.5,104,4,3248.6,50,3
11536,2025-12-30 14:48:11+05:30,3248.1,1,3252.66,1803680,81710.0,109601.0,3250.0,3267.5,3239.8,3251.5,46326700,3576.6,2926.4,4322.95,2866.6,3247.0,40,2,3246.6,25,1,3246.5,52,1,3246.4,43,4,3246.3,40,3,3248.1,152,6,3248.2,109,5,3248.3,132,4,3248.4,110,4,3248.5,118,6
11536,2025-12-30 14:48:12+05:30,3248.1,1,3252.66,1803680,81710.0,109601.0,3250.0,3267.5,3239.8,3251.5,46326700,3576.6,2926.4,4322.95,2866.6,3247.0,40,2,3246.6,25,1,3246.5,52,1,3246.4,43,4,3246.3,40,3,3248.1,152,6,3248.2,109,5,3248.3,132,4,3248.4,110,4,3248.5,118,6
11536,2025-12-30 14:48:12+05:30,3248.1,2,3252.66,1803682,81755.0,109635.0,3250.0,3267.5,3239.8,3251.5,46326700,3576.6,2926.4,4322.95,2866.6,3247.0,87,3,3246.6,25,1,3246.5,52,1,3246.4,43,4,3246.3,40,3,3248.1,150,6,3248.2,63,4,3248.3,179,6,3248.4,110,4,3248.5,118,6
11536,2025-12-30 14:48:13+05:30,3247.0,1,3252.66,1803682,81755.0,109635.0,3250.0,3267.5,3239.8,3251.5,46326700,3576.6,2926.4,4322.95,2866.6,3247.0,87,3,3246.6,25,1,3246.5,52,1,3246.4,43,4,3246.3,40,3,3248.1,150,6,3248.2,63,4,3248.3,179,6,3248.4,110,4,3248.5,118,6
11536,2025-12-30 14:48:13+05:30,3248.1,1,3252.66,1803684,81974.0,109642.0,3250.0,3267.5,3239.8,3251.5,46326700,3576.6,2926.4,4322.95,2866.6,3247.1,39,1,3247.0,56,3,3246.6,25,1,3246.5,52,1,3246.4,43,4,3248.1,149,6,3248.2,63,4,3248.3,174,5,3248.4,110,4,3248.5,118,6
11536,2025-12-30 14:48:14+05:30,3248.1,1,3252.66,1803684,81974.0,109642.0,3250.0,3267.5,3239.8,3251.5,46326700,3576.6,2926.4,4322.95,2866.6,3247.1,39,1,3247.0,56,3,3246.6,25,1,3246.5,52,1,3246.4,43,4,3248.1,149,6,3248.2,63,4,3248.3,174,5,3248.4,110,4,3248.5,118,6
11536,2025-12-30 14:48:15+05:30,3248.1,2,3252.66,1803841,82041.0,110090.0,3250.0,3267.5,3239.8,3251.5,46326700,3576.6,2926.4,4322.95,2866.6,3247.1,45,3,3247.0,56,3,3246.6,25,1,3246.5,52,1,3246.4,43,4,3248.1,147,6,3248.2,63,4,3248.3,174,5,3248.4,110,4,3248.5,118,6
11536,2025-12-30 14:48:15+05:30,3248.1,2,3252.66,1803841,82041.0,110090.0,3250.0,3267.5,3239.8,3251.5,46326700,3576.6,2926.4,4322.95,2866.6,3247.1,45,3,3247.0,56,3,3246.6,25,1,3246.5,52,1,3246.4,43,4,3248.1,147,6,3248.2,63,4,3248.3,174,5,3248.4,110,4,3248.5,118,6
11536,2025-12-30 14:48:16+05:30,3248.1,2,3252.66,1803841,82008.0,110086.0,3250.0,3267.5,3239.8,3251.5,46326700,3576.6,2926.4,4322.95,2866.6,3247.6,39,1,3247.1,6,2,3247.0,56,3,3246.6,46,2,3246.5,52,1,3248.1,155,7,3248.2,52,4,3248.3,174,5,3248.4,110,4,3248.5,111,5
11536,2025-12-30 14:48:17+05:30,3248.1,9,3252.66,1803852,82088.0,110244.0,3250.0,3267.5,3239.8,3251.5,46326700,3576.6,2926.4,4322.95,2866.6,3248.0,38,1,3247.6,10,2,3247.1,6,2,3247.0,57,4,3246.6,65,3,3248.1,37,2,3248.2,41,3,3248.3,74,3,3248.4,89,3,3248.5,111,5
11536,2025-12-30 14:48:17+05:30,3248.1,9,3252.66,1803852,82088.0,110244.0,3250.0,3267.5,3239.8,3251.5,46326700,3576.6,2926.4,4322.95,2866.6,3248.0,38,1,3247.6,10,2,3247.1,6,2,3247.0,57,4,3246.6,65,3,3248.1,37,2,3248.2,41,3,3248.3,74,3,3248.4,89,3,3248.5,111,5
11536,2025-12-30 14:48:18+05:30,3248.0,9,3252.65,1804957,82049.0,109135.0,3250.0,3267.5,3239.8,3251.5,46326700,3576.6,2926.4,4322.95,2866.6,3247.0,1,1,3246.6,11,2,3246.5,3,1,3246.4,78,3,3246.3,38,2,3248.0,14,1,3248.1,24,2,3248.3,90,4,3248.4,83,3,3248.5,70,3
11536,2025-12-30 14:48:18+05:30,3248.0,9,3252.65,1804957,82049.0,109135.0,3250.0,3267.5,3239.8,3251.5,46326700,3576.6,2926.4,4322.95,2866.6,3247.0,1,1,3246.6,11,2,3246.5,3,1,3246.4,78,3,3246.3,38,2,3248.0,14,1,3248.1,24,2,3248.3,90,4,3248.4,83,3,3248.5,70,3
11536,2025-12-30 14:48:19+05:30,3246.6,1,3252.65,1805152,81908.0,109233.0,3250.0,3267.5,3239.8,3251.5,46326700,3576.6,2926.4,4322.95,2866.6,3246.6,59,3,3246.5,52,1,3246.4,33,3,3246.3,19,1,3246.2,105,6,3248.0,53,2,3248.1,66,3,3248.2,20,1,3248.3,90,4,3248.4,83,3
11536,2025-12-30 14:48:19+05:30,3246.6,1,3252.65,1805152,81908.0,109233.0,3250.0,3267.5,3239.8,3251.5,46326700,3576.6,2926.4,4322.95,2866.6,3246.6,59,3,3246.5,52,1,3246.4,33,3,3246.3,19,1,3246.2,105,6,3248.0,53,2,3248.1,66,3,3248.2,20,1,3248.3,90,4,3248.4,83,3
11536,2025-12-30 14:48:20+05:30,3248.0,33,3252.65,1805152,81908.0,109233.0,3250.0,3267.5,3239.8,3251.5,46326700,3576.6,2926.4,4322.95,2866.6,3246.6,59,3,3246.5,52,1,3246.4,33,3,3246.3,19,1,3246.2,105,6,3248.0,53,2,3248.1,66,3,3248.2,20,1,3248.3,90,4,3248.4,83,3
11536,2025-12-30 14:48:20+05:30,3248.0,33,3252.65,1805199,82036.0,109844.0,3250.0,3267.5,3239.8,3251.5,46326700,3576.6,2926.4,4322.95,2866.6,3246.7,75,5,3246.6,5,1,3246.5,53,2,3246.4,14,2,3246.3,38,2,3247.9,7,1,3248.0,20,2,3248.1,21,2,3248.2,34,2,3248.3,90,4
11536,2025-12-30 14:48:21+05:30,3248.0,33,3252.65,1805199,82041.0,109669.0,3250.0,3267.5,3239.8,3251.5,46326700,3576.6,2926.4,4322.95,2866.6,3246.7,75,5,3246.6,5,1,3246.5,53,2,3246.4,14,2,3246.3,38,2,3247.9,7,1,3248.0,20,2,3248.1,21,2,3248.2,34,2,3248.3,90,4
11536,2025-12-30 14:48:22+05:30,3248.3,9,3252.65,1805381,81871.0,109245.0,3250.0,3267.5,3239.8,3251.5,46326700,3576.6,2926.4,4322.95,2866.6,3246.7,102,5,3246.6,5,1,3246.5,53,2,3246.4,25,3,3246.3,19,1,3248.1,57,3,3248.2,33,2,3248.3,76,3,3248.4,83,3,3248.5,73,4
11536,2025-12-30 14:48:22+05:30,3248.3,9,3252.65,1805381,81871.0,109245.0,3250.0,3267.5,3239.8,3251.5,46326700,3576.6,2926.4,4322.95,2866.6,3246.7,102,5,3246.6,5,1,3246.5,53,2,3246.4,25,3,3246.3,19,1,3248.1,57,3,3248.2,33,2,3248.3,76,3,3248.4,83,3,3248.5,73,4
11536,2025-12-30 14:48:23+05:30,3248.1,1,3252.65,1805537,82108.0,109453.0,3250.0,3267.5,3239.8,3251.5,46326700,3576.6,2926.4,4322.95,2866.6,3246.7,109,5,3246.6,38,2,3246.5,53,2,3246.4,25,3,3246.3,38,2,3248.1,48,2,3248.2,43,2,3248.3,60,2,3248.4,66,2,3248.5,101,5
11536,2025-12-30 14:48:23+05:30,3248.1,1,3252.65,1805537,82108.0,109453.0,3250.0,3267.5,3239.8,3251.5,46326700,3576.6,2926.4,4322.95,2866.6,3246.7,109,5,3246.6,38,2,3246.5,53,2,3246.4,25,3,3246.3,38,2,3248.1,48,2,3248.2,43,2,3248.3,60,2,3248.4,66,2,3248.5,101,5
11536,2025-12-30 14:48:24+05:30,3248.1,1,3252.65,1805537,82225.0,109501.0,3250.0,3267.5,3239.8,3251.5,46326700,3576.6,2926.4,4322.95,2866.6,3246.8,81,5,3246.7,87,5,3246.6,43,3,3246.5,53,2,3246.4,25,3,3248.1,48,2,3248.2,21,1,3248.3,60,2,3248.4,20,1,3248.5,82,4
11536,2025-12-30 14:48:25+05:30,3248.1,1,3252.65,1805573,82245.0,109496.0,3250.0,3267.5,3239.8,3251.5,46326700,3576.6,2926.4,4322.95,2866.6,3246.9,69,4,3246.8,50,4,3246.7,77,4,3246.6,62,4,3246.5,53,2,3248.1,12,2,3248.2,21,1,3248.3,110,3,3248.4,20,1,3248.5,72,2
11536,2025-12-30 14:48:25+05:30,3248.1,1,3252.65,1805573,82245.0,109496.0,3250.0,3267.5,3239.8,3251.5,46326700,3576.6,2926.4,4322.95,2866.6,3246.9,69,4,3246.8,50,4,3246.7,77,4,3246.6,62,4,3246.5,53,2,3248.1,12,2,3248.2,21,1,3248.3,110,3,3248.4,20,1,3248.5,72,2
11536,2025-12-30 14:48:26+05:30,3248.1,1,3252.65,1805575,82276.0,109446.0,3250.0,3267.5,3239.8,3251.5,46326700,3576.6,2926.4,4322.95,2866.6,3247.0,73,4,3246.9,11,2,3246.8,72,4,3246.7,60,3,3246.6,48,4,3248.2,26,1,3248.3,71,2,3248.4,20,1,3248.5,72,2,3248.6,72,4
11536,2025-12-30 14:48:26+05:30,3248.1,1,3252.65,1805575,82276.0,109446.0,3250.0,3267.5,3239.8,3251.5,46326700,3576.6,2926.4,4322.95,2866.6,3247.0,73,4,3246.9,11,2,3246.8,72,4,3246.7,60,3,3246.6,48,4,3248.2,26,1,3248.3,71,2,3248.4,20,1,3248.5,72,2,3248.6,72,4
11536,2025-12-30 14:48:27+05:30,3248.1,9,3252.65,1805740,80252.0,109584.0,3250.0,3267.5,3239.8,3251.5,46326700,3576.6,2926.4,4322.95,2866.6,3247.0,13,1,3246.8,15,2,3246.7,60,3,3246.6,43,3,3246.5,53,2,3248.1,73,4,3248.2,43,2,3248.3,125,3,3248.4,73,3,3248.5,72,2
11536,2025-12-30 14:48:27+05:30,3248.1,9,3252.65,1805740,80252.0,109584.0,3250.0,3267.5,3239.8,3251.5,46326700,3576.6,2926.4,4322.95,2866.6,3247.0,13,1,3246.8,15,2,3246.7,60,3,3246.6,43,3,3246.5,53,2,3248.1,73,4,3248.2,43,2,3248.3,125,3,3248.4,73,3,3248.5,72,2
11536,2025-12-30 14:48:28+05:30,3247.1,3,3252.65,1805746,80405.0,109567.0,3250.0,3267.5,3239.8,3251.5,46326700,3576.6,2926.4,4322.95,2866.6,3247.1,39,1,3247.0,60,2,3246.8,14,1,3246.7,60,3,3246.6,43,3,3248.1,108,5,3248.2,43,2,3248.3,125,3,3248.4,73,3,3248.5,72,2
11536,2025-12-30 14:48:28+05:30,3247.1,3,3252.65,1805746,80405.0,109567.0,3250.0,3267.5,3239.8,3251.5,46326700,3576.6,2926.4,4322.95,2866.6,3247.1,39,1,3247.0,60,2,3246.8,14,1,3246.7,60,3,3246.6,43,3,3248.1,108,5,3248.2,43,2,3248.3,125,3,3248.4,73,3,3248.5,72,2
11536,2025-12-30 14:48:29+05:30,3247.1,40,3252.65,1805789,80411.0,109722.0,3250.0,3267.5,3239.8,3251.5,46326700,3576.6,2926.4,4322.95,2866.6,3247.1,39,1,3247.0,60,2,3246.8,35,2,3246.7,60,3,3246.6,24,2,3248.1,52,3,3248.2,22,1,3248.3,71,2,3248.4,27,2,3248.5,118,3
11536,2025-12-30 14:48:29+05:30,3247.1,40,3252.65,1805789,80411.0,109722.0,3250.0,3267.5,3239.8,3251.5,46326700,3576.6,2926.4,4322.95,2866.6,3247.1,39,1,3247.0,60,2,3246.8,35,2,3246.7,60,3,3246.6,24,2,3248.1,52,3,3248.2,22,1,3248.3,71,2,3248.4,27,2,3248.5,118,3
11536,2025-12-30 14:48:30+05:30,3247.1,155,3252.65,1805944,80451.0,109804.0,3250.0,3267.5,3239.8,3251.5,46326700,3576.6,2926.4,4322.95,2866.6,3247.1,39,1,3247.0,60,2,3246.8,35,2,3246.7,60,3,3246.6,24,2,3248.1,52,3,3248.3,125,3,3248.4,27,2,3248.5,118,3,3248.6,49,3
11536,2025-12-30 14:48:31+05:30,3247.9,8,3252.65,1805944,80451.0,109804.0,3250.0,3267.5,3239.8,3251.5,46326700,3576.6,2926.4,4322.95,2866.6,3247.1,39,1,3247.0,60,2,3246.8,35,2,3246.7,60,3,3246.6,24,2,3248.1,52,3,3248.3,125,3,3248.4,27,2,3248.5,118,3,3248.6,49,3
11536,2025-12-30 14:48:31+05:30,3247.9,2,3252.65,1806026,79829.0,110139.0,3250.0,3267.5,3239.8,3251.5,46326700,3576.6,2926.4,4322.95,2866.6,3247.0,60,2,3246.8,14,1,3246.7,49,2,3246.6,5,1,3246.5,56,3,3247.9,2,1,3248.0,114,6,3248.1,58,3,3248.2,106,4,3248.3,171,6
11536,2025-12-30 14:48:32+05:30,3247.9,2,3252.65,1806026,79829.0,110139.0,3250.0,3267.5,3239.8,3251.5,46326700,3576.6,2926.4,4322.95,2866.6,3247.0,60,2,3246.8,14,1,3246.7,49,2,3246.6,5,1,3246.5,56,3,3247.9,2,1,3248.0,114,6,3248.1,58,3,3248.2,106,4,3248.3,171,6
11536,2025-12-30 14:48:32+05:30,3247.9,2,3252.65,1806028,80006.0,110380.0,3250.0,3267.5,3239.8,3251.5,46326700,3576.6,2926.4,4322.95,2866.6,3247.0,60,2,3246.8,14,1,3246.7,49,2,3246.6,5,1,3246.5,56,3,3247.9,89,5,3248.0,80,4,3248.1,44,2,3248.2,104,3,3248.3,171,6
11536,2025-12-30 14:48:33+05:30,3246.5,9,3252.65,1806028,80006.0,110380.0,3250.0,3267.5,3239.8,3251.5,46326700,3576.6,2926.4,4322.95,2866.6,3247.0,60,2,3246.8,14,1,3246.7,49,2,3246.6,5,1,3246.5,56,3,3247.9,89,5,3248.0,80,4,3248.1,44,2,3248.2,104,3,3248.3,171,6
11536,2025-12-30 14:48:33+05:30,3246.5,9,3252.65,1806526,81378.0,110167.0,3250.0,3267.5,3239.8,3251.5,46326700,3576.6,2926.4,4322.95,2866.6,3246.2,7,3,3246.1,2,1,3246.0,1,1,3245.9,13,2,3245.8,41,3,3246.5,97,1,3247.4,51,3,3247.6,81,3,3247.7,23,1,3247.8,107,4
11536,2025-12-30 14:48:34+05:30,3246.5,1,3252.65,1806526,81378.0,110167.0,3250.0,3267.5,3239.8,3251.5,46326700,3576.6,2926.4,4322.95,2866.6,3246.2,7,3,3246.1,2,1,3246.0,1,1,3245.9,13,2,3245.8,41,3,3246.5,97,1,3247.4,51,3,3247.6,81,3,3247.7,23,1,3247.8,107,4
11536,2025-12-30 14:48:34+05:30,3246.5,47,3252.65,1806730,80335.0,111010.0,3250.0,3267.5,3239.8,3251.5,46326700,3576.6,2926.4,4322.95,2866.6,3245.9,6,1,3245.8,56,4,3245.7,233,3,3245.6,20,2,3245.5,91,2,3246.5,63,2,3247.2,21,1,3247.3,61,1,3247.4,51,3,3247.5,107,3
11536,2025-12-30 14:48:35+05:30,3246.5,1,3252.65,1806730,80335.0,111010.0,3250.0,3267.5,3239.8,3251.5,46326700,3576.6,2926.4,4322.95,2866.6,3245.9,6,1,3245.8,56,4,3245.7,233,3,3245.6,20,2,3245.5,91,2,3246.5,63,2,3247.2,21,1,3247.3,61,1,3247.4,51,3,3247.5,107,3
11536,2025-12-30 14:48:35+05:30,3245.9,167,3252.65,1807242,81337.0,109718.0,3250.0,3267.5,3239.8,3251.5,46326700,3576.6,2926.4,4322.95,2866.6,3245.9,50,6,3245.8,95,5,3245.7,175,1,3245.6,22,3,3245.5,107,3,3246.5,14,1,3247.2,37,2,3247.4,21,1,3247.5,19,1,3247.6,21,1
11536,2025-12-30 14:48:36+05:30,3245.9,167,3252.65,1807242,81337.0,109718.0,3250.0,3267.5,3239.8,3251.5,46326700,3576.6,2926.4,4322.95,2866.6,3245.9,50,6,3245.8,95,5,3245.7,175,1,3245.6,22,3,3245.5,107,3,3246.5,14,1,3247.2,37,2,3247.4,21,1,3247.5,19,1,3247.6,21,1
11536,2025-12-30 14:48:36+05:30,3245.9,167,3252.65,1807242,81361.0,109814.0,3250.0,3267.5,3239.8,3251.5,46326700,3576.6,2926.4,4322.95,2866.6,3245.9,91,7,3245.8,56,4,3245.7,229,2,3245.6,22,3,3245.5,107,3,3246.5,14,1,3247.2,21,1,3247.4,21,1,3247.6,101,3,3247.7,50,2
11536,2025-12-30 14:48:37+05:30,3246.5,8,3252.65,1807242,81361.0,109814.0,3250.0,3267.5,3239.8,3251.5,46326700,3576.6,2926.4,4322.95,2866.6,3245.9,91,7,3245.8,56,4,3245.7,229,2,3245.6,22,3,3245.5,107,3,3246.5,14,1,3247.2,21,1,3247.4,21,1,3247.6,101,3,3247.7,50,2
11536,2025-12-30 14:48:37+05:30,3246.5,5,3252.65,1807256,81574.0,109221.0,3250.0,3267.5,3239.8,3251.5,46326700,3576.6,2926.4,4322.95,2866.6,3246.2,72,4,3246.1,14,2,3246.0,25,2,3245.9,291,6,3245.8,311,11,3247.7,63,2,3247.8,39,1,3248.0,207,7,3248.1,158,2,3248.2,46,2
11536,2025-12-30 14:48:38+05:30,3246.5,5,3252.65,1807256,81574.0,109221.0,3250.0,3267.5,3239.8,3251.5,46326700,3576.6,2926.4,4322.95,2866.6,3246.2,72,4,3246.1,14,2,3246.0,25,2,3245.9,291,6,3245.8,311,11,3247.7,63,2,3247.8,39,1,3248.0,207,7,3248.1,158,2,3248.2,46,2
11536,2025-12-30 14:48:38+05:30,3246.0,8,3252.65,1807411,81525.0,110417.0,3250.0,3267.5,3239.8,3251.5,46326700,3576.6,2926.4,4322.95,2866.6,3246.3,2,1,3246.0,30,2,3245.9,116,5,3245.8,286,10,3245.7,326,9,3247.7,123,5,3247.8,128,5,3247.9,64,3,3248.0,233,8,3248.1,36,1
11536,2025-12-30 14:48:39+05:30,3246.3,22,3252.65,1807411,81525.0,110417.0,3250.0,3267.5,3239.8,3251.5,46326700,3576.6,2926.4,4322.95,2866.6,3246.3,2,1,3246.0,30,2,3245.9,116,5,3245.8,286,10,3245.7,326,9,3247.7,123,5,3247.8,128,5,3247.9,64,3,3248.0,233,8,3248.1,36,1
11536,2025-12-30 14:48:39+05:30,3247.4,10,3252.65,1807522,81632.0,110381.0,3250.0,3267.5,3239.8,3251.5,46326700,3576.6,2926.4,4322.95,2866.6,3246.5,9,1,3246.3,19,1,3246.0,62,5,3245.9,87,3,3245.8,180,7,3247.5,24,1,3247.6,71,3,3247.7,65,3,3247.8,123,6,3247.9,168,2
11536,2025-12-30 14:48:40+05:30,3246.3,41,3252.65,1807522,81632.0,110381.0,3250.0,3267.5,3239.8,3251.5,46326700,3576.6,2926.4,4322.95,2866.6,3246.5,9,1,3246.3,19,1,3246.0,62,5,3245.9,87,3,3245.8,180,7,3247.5,24,1,3247.6,71,3,3247.7,65,3,3247.8,123,6,3247.9,168,2
11536,2025-12-30 14:48:40+05:30,3246.3,41,3252.65,1807572,81750.0,110474.0,3250.0,3267.5,3239.8,3251.5,46326700,3576.6,2926.4,4322.95,2866.6,3246.3,41,1,3246.0,62,5,3245.9,207,4,3245.8,180,7,3245.7,349,8,3247.5,57,3,3247.6,22,1,3247.7,51,2,3247.8,109,5,3248.0,207,7
11536,2025-12-30 14:48:41+05:30,3246.3,41,3252.65,1807572,81798.0,110474.0,3250.0,3267.5,3239.8,3251.5,46326700,3576.6,2926.4,4322.95,2866.6,3246.1,129,6,3246.0,28,3,3245.9,180,3,3245.8,180,7,3245.7,349,8,3247.5,34,2,3247.6,22,1,3247.7,51,2,3247.8,109,5,3247.9,23,1
11536,2025-12-30 14:48:42+05:30,3247.5,4,3252.65,1807734,81901.0,110504.0,3250.0,3267.5,3239.8,3251.5,46326700,3576.6,2926.4,4322.95,2866.6,3246.2,32,3,3246.1,106,4,3246.0,13,3,3245.9,180,3,3245.8,180,7,3247.5,58,3,3247.6,22,1,3247.7,51,2,3247.8,106,4,3247.9,23,1
11536,2025-12-30 14:48:43+05:30,3246.2,1,3252.65,1807734,81901.0,110504.0,3250.0,3267.5,3239.8,3251.5,46326700,3576.6,2926.4,4322.95,2866.6,3246.2,32,3,3246.1,106,4,3246.0,13,3,3245.9,180,3,3245.8,180,7,3247.5,58,3,3247.6,22,1,3247.7,51,2,3247.8,106,4,3247.9,23,1
11536,2025-12-30 14:48:43+05:30,3246.2,1,3252.65,1807735,81765.0,110193.0,3250.0,3267.5,3239.8,3251.5,46326700,3576.6,2926.4,4322.95,2866.6,3246.9,41,1,3246.3,3,1,3246.2,28,2,3246.1,65,3,3246.0,30,3,3247.5,33,2,3247.6,49,2,3247.7,24,1,3247.8,78,2,3248.0,200,6
11536,2025-12-30 14:48:44+05:30,3246.2,1,3252.65,1807735,81897.0,110352.0,3250.0,3267.5,3239.8,3251.5,46326700,3576.6,2926.4,4322.95,2866.6,3246.9,42,2,3246.8,18,1,3246.5,37,2,3246.3,22,2,3246.2,65,3,3247.6,27,1,3247.7,24,1,3247.9,69,2,3248.0,179,5,3248.1,36,1
11536,2025-12-30 14:48:45+05:30,3247.6,1,3252.65,1807735,81897.0,110352.0,3250.0,3267.5,3239.8,3251.5,46326700,3576.6,2926.4,4322.95,2866.6,3246.9,42,2,3246.8,18,1,3246.5,37,2,3246.3,22,2,3246.2,65,3,3247.6,27,1,3247.7,24,1,3247.9,69,2,3248.0,179,5,3248.1,36,1
11536,2025-12-30 14:48:45+05:30,3247.6,1,3252.65,1807736,81907.0,110288.0,3250.0,3267.5,3239.8,3251.5,46326700,3576.6,2926.4,4322.95,2866.6,3247.6,1,1,3247.5,41,1,3246.9,1,1,3246.5,18,1,3246.4,20,1,3247.8,23,1,3247.9,73,2,3248.0,179,5,3248.1,36,1,3248.2,26,2
11536,2025-12-30 14:48:46+05:30,3247.8,2,3252.65,1807736,81907.0,110288.0,3250.0,3267.5,3239.8,3251.5,46326700,3576.6,2926.4,4322.95,2866.6,3247.6,1,1,3247.5,41,1,3246.9,1,1,3246.5,18,1,3246.4,20,1,3247.8,23,1,3247.9,73,2,3248.0,179,5,3248.1,36,1,3248.2,26,2
11536,2025-12-30 14:48:46+05:30,3247.5,109,3252.64,1807894,81842.0,110455.0,3250.0,3267.5,3239.8,3251.5,46326700,3576.6,2926.4,4322.95,2866.6,3247.6,9,1,3247.5,41,1,3246.9,1,1,3246.4,24,2,3246.3,3,1,3247.8,42,3,3247.9,78,5,3248.0,179,5,3248.1,52,2,3248.2,72,3
11536,2025-12-30 14:48:47+05:30,3247.8,8,3252.64,1807894,81842.0,110455.0,3250.0,3267.5,3239.8,3251.5,46326700,3576.6,2926.4,4322.95,2866.6,3247.6,9,1,3247.5,41,1,3246.9,1,1,3246.4,24,2,3246.3,3,1,3247.8,42,3,3247.9,78,5,3248.0,179,5,3248.1,52,2,3248.2,72,3
11536,2025-12-30 14:48:47+05:30,3246.4,106,3252.64,1808538,81474.0,110543.0,3250.0,3267.5,3239.8,3251.5,46326700,3576.6,2926.4,4322.95,2866.6,3246.1,60,3,3246.0,31,2,3245.9,132,2,3245.8,37,4,3245.7,248,6,3246.4,106,1,3247.6,20,1,3247.7,3,1,3247.8,113,5,3247.9,236,5
11536,2025-12-30 14:48:48+05:30,3246.4,3,3252.64,1808538,81474.0,110543.0,3250.0,3267.5,3239.8,3251.5,46326700,3576.6,2926.4,4322.95,2866.6,3246.1,60,3,3246.0,31,2,3245.9,132,2,3245.8,37,4,3245.7,248,6,3246.4,106,1,3247.6,20,1,3247.7,3,1,3247.8,113,5,3247.9,236,5
11536,2025-12-30 14:48:48+05:30,3246.4,3,3252.64,1808541,80576.0,109959.0,3250.0,3267.5,3239.8,3251.5,46326700,3576.6,2926.4,4322.95,2866.6,3246.0,31,2,3245.9,159,3,3245.8,21,3,3245.7,49,4,3245.6,16,2,3246.1,4,1,3246.4,117,2,3246.5,8,1,3246.8,13,1,3247.2,21,1
11536,2025-12-30 14:48:49+05:30,3246.4,8,3252.64,1808541,80576.0,109959.0,3250.0,3267.5,3239.8,3251.5,46326700,3576.6,2926.4,4322.95,2866.6,3246.0,31,2,3245.9,159,3,3245.8,21,3,3245.7,49,4,3245.6,16,2,3246.1,4,1,3246.4,117,2,3246.5,8,1,3246.8,13,1,3247.2,21,1
11536,2025-12-30 14:48:49+05:30,3246.4,10,3252.64,1808599,80811.0,109604.0,3250.0,3267.5,3239.8,3251.5,46326700,3576.6,2926.4,4322.95,2866.6,3246.0,31,2,3245.9,159,3,3245.8,44,4,3245.7,26,3,3245.6,16,2,3246.4,98,2,3247.2,94,3,3247.3,3,1,3247.4,41,2,3247.5,174,7
11536,2025-12-30 14:48:50+05:30,3246.4,10,3252.64,1808599,80811.0,109604.0,3250.0,3267.5,3239.8,3251.5,46326700,3576.6,2926.4,4322.95,2866.6,3246.0,31,2,3245.9,159,3,3245.8,44,4,3245.7,26,3,3245.6,16,2,3246.4,98,2,3247.2,94,3,3247.3,3,1,3247.4,41,2,3247.5,174,7
11536,2025-12-30 14:48:50+05:30,3246.0,18,3252.64,1809170,80233.0,110599.0,3250.0,3267.5,3239.8,3251.5,46326700,3576.6,2926.4,4322.95,2866.6,3246.0,13,2,3245.9,159,4,3245.8,21,3,3245.7,30,4,3245.6,17,3,3247.2,93,5,3247.3,30,3,3247.4,43,3,3247.5,141,5,3247.6,66,3
11536,2025-12-30 14:48:51+05:30,3246.0,18,3252.64,1809170,80233.0,110599.0,3250.0,3267.5,3239.8,3251.5,46326700,3576.6,2926.4,4322.95,2866.6,3246.0,13,2,3245.9,159,4,3245.8,21,3,3245.7,30,4,3245.6,17,3,3247.2,93,5,3247.3,30,3,3247.4,43,3,3247.5,141,5,3247.6,66,3
11536,2025-12-30 14:48:51+05:30,3247.2,1,3252.64,1809174,80421.0,109077.0,3250.0,3267.5,3239.8,3251.5,46326700,3576.6,2926.4,4322.95,2866.6,3246.0,51,3,3245.9,169,5,3245.8,93,6,3245.7,49,5,3245.6,38,4,3247.2,107,4,3247.3,29,2,3247.4,7,1,3247.5,92,3,3247.6,66,3
11536,2025-12-30 14:48:52+05:30,3247.4,30,3252.64,1809174,80421.0,109077.0,3250.0,3267.5,3239.8,3251.5,46326700,3576.6,2926.4,4322.95,2866.6,3246.0,51,3,3245.9,169,5,3245.8,93,6,3245.7,49,5,3245.6,38,4,3247.2,107,4,3247.3,29,2,3247.4,7,1,3247.5,92,3,3247.6,66,3
11536,2025-12-30 14:48:52+05:30,3247.4,2,3252.64,1809358,80865.0,110297.0,3250.0,3267.5,3239.8,3251.5,46326700,3576.6,2926.4,4322.95,2866.6,3246.0,84,5,3245.9,174,5,3245.8,41,4,3245.7,52,6,3245.6,38,4,3247.4,148,6,3247.5,99,3,3247.6,49,2,3247.7,46,1,3247.8,133,6
11536,2025-12-30 14:48:53+05:30,3247.4,2,3252.64,1809358,80865.0,110297.0,3250.0,3267.5,3239.8,3251.5,46326700,3576.6,2926.4,4322.95,2866.6,3246.0,84,5,3245.9,174,5,3245.8,41,4,3245.7,52,6,3245.6,38,4,3247.4,148,6,3247.5,99,3,3247.6,49,2,3247.7,46,1,3247.8,133,6
11536,2025-12-30 14:48:54+05:30,3247.4,2,3252.64,1809358,80561.0,110375.0,3250.0,3267.5,3239.8,3251.5,46326700,3576.6,2926.4,4322.95,2866.6,3246.0,61,4,3245.9,136,3,3245.8,21,3,3245.7,52,5,3245.6,38,4,3247.2,121,5,3247.3,60,2,3247.4,67,4,3247.5,94,5,3247.6,49,2
11536,2025-12-30 14:48:55+05:30,3247.1,1,3252.64,1809550,80290.0,110567.0,3250.0,3267.5,3239.8,3251.5,46326700,3576.6,2926.4,4322.95,2866.6,3246.1,6,1,3246.0,2,1,3245.9,136,3,3245.8,21,3,3245.7,26,3,3247.1,50,3,3247.2,85,5,3247.3,79,4,3247.4,48,3,3247.5,157,7
11536,2025-12-30 14:48:55+05:30,3247.1,1,3252.64,1809550,80290.0,110567.0,3250.0,3267.5,3239.8,3251.5,46326700,3576.6,2926.4,4322.95,2866.6,3246.1,6,1,3246.0,2,1,3245.9,136,3,3245.8,21,3,3245.7,26,3,3247.1,50,3,3247.2,85,5,3247.3,79,4,3247.4,48,3,3247.5,157,7
11536,2025-12-30 14:48:56+05:30,3246.1,1,3252.64,1809551,78416.0,109340.0,3250.0,3267.5,3239.8,3251.5,46326700,3576.6,2926.4,4322.95,2866.6,3246.1,51,2,3246.0,2,1,3245.9,136,3,3245.8,21,3,3245.7,26,3,3247.1,52,3,3247.2,77,4,3247.3,85,4,3247.4,32,2,3247.5,140,6
11536,2025-12-30 14:48:56+05:30,3246.1,1,3252.64,1809551,78416.0,109340.0,3250.0,3267.5,3239.8,3251.5,46326700,3576.6,2926.4,4322.95,2866.6,3246.1,51,2,3246.0,2,1,3245.9,136,3,3245.8,21,3,3245.7,26,3,3247.1,52,3,3247.2,77,4,3247.3,85,4,3247.4,32,2,3247.5,140,6
11536,2025-12-30 14:48:57+05:30,3247.1,9,3252.64,1809561,78903.0,110659.0,3250.0,3267.5,3239.8,3251.5,46326700,3576.6,2926.4,4322.95,2866.6,3246.6,5,1,3246.1,46,1,3246.0,2,1,3245.9,136,3,3245.8,42,4,3247.1,52,4,3247.2,65,3,3247.3,62,2,3247.4,25,1,3247.5,96,4
11536,2025-12-30 14:48:57+05:30,3247.1,9,3252.64,1809561,78903.0,110659.0,3250.0,3267.5,3239.8,3251.5,46326700,3576.6,2926.4,4322.95,2866.6,3246.6,5,1,3246.1,46,1,3246.0,2,1,3245.9,136,3,3245.8,42,4,3247.1,52,4,3247.2,65,3,3247.3,62,2,3247.4,25,1,3247.5,96,4
11536,2025-12-30 14:48:58+05:30,3246.6,2,3252.64,1809566,78903.0,110602.0,3250.0,3267.5,3239.8,3251.5,46326700,3576.6,2926.4,4322.95,2866.6,3246.6,3,1,3246.1,46,1,3246.0,2,1,3245.9,136,3,3245.8,42,4,3247.1,39,3,3247.3,62,2,3247.4,25,1,3247.5,96,4,3247.6,95,3
11536,2025-12-30 14:48:58+05:30,3246.6,2,3252.64,1809566,78903.0,110602.0,3250.0,3267.5,3239.8,3251.5,46326700,3576.6,2926.4,4322.95,2866.6,3246.6,3,1,3246.1,46,1,3246.0,2,1,3245.9,136,3,3245.8,42,4,3247.1,39,3,3247.3,62,2,3247.4,25,1,3247.5,96,4,3247.6,95,3
11536,2025-12-30 14:48:59+05:30,3245.9,3,3252.64,1809762,75021.0,109304.0,3250.0,3267.5,3239.8,3251.5,46326700,3576.6,2926.4,4322.95,2866.6,3245.9,13,2,3245.8,21,3,3245.7,26,3,3245.6,41,5,3245.5,107,4,3247.0,73,4,3247.1,71,4,3247.2,19,2,3247.3,69,3,3247.4,118,4
11536,2025-12-30 14:48:59+05:30,3245.9,3,3252.64,1809762,75021.0,109304.0,3250.0,3267.5,3239.8,3251.5,46326700,3576.6,2926.4,4322.95,2866.6,3245.9,13,2,3245.8,21,3,3245.7,26,3,3245.6,41,5,3245.5,107,4,3247.0,73,4,3247.1,71,4,3247.2,19,2,3247.3,69,3,3247.4,118,4
11536,2025-12-30 14:49:00+05:30,3246.9,25,3252.64,1809787,77973.0,110518.0,3250.0,3267.5,3239.8,3251.5,46326700,3576.6,2926.4,4322.95,2866.6,3245.9,13,2,3245.8,21,3,3245.7,26,3,3245.6,20,4,3245.5,107,4,3246.9,51,2,3247.0,10,1,3247.1,71,4,3247.2,19,2,3247.3,95,4
11536,2025-12-30 14:49:00+05:30,3246.9,25,3252.64,1809787,77973.0,110518.0,3250.0,3267.5,3239.8,3251.5,46326700,3576.6,2926.4,4322.95,2866.6,3245.9,13,2,3245.8,21,3,3245.7,26,3,3245.6,20,4,3245.5,107,4,3246.9,51,2,3247.0,10,1,3247.1,71,4,3247.2,19,2,3247.3,95,4
11536,2025-12-30 14:49:01+05:30,3245.9,9,3252.64,1809827,78261.0,110331.0,3250.0,3267.5,3239.8,3251.5,46326700,3576.6,2926.4,4322.95,2866.6,3245.9,8,3,3245.8,21,3,3245.7,26,3,3245.6,17,3,3245.5,107,4,3246.9,51,2,3247.0,10,1,3247.1,87,5,3247.2,19,2,3247.3,95,4
11536,2025-12-30 14:49:01+05:30,3246.9,1,3252.64,1809827,78261.0,110331.0,3250.0,3267.5,3239.8,3251.5,46326700,3576.6,2926.4,4322.95,2866.6,3245.9,8,3,3245.8,21,3,3245.7,26,3,3245.6,17,3,3245.5,107,4,3246.9,51,2,3247.0,10,1,3247.1,87,5,3247.2,19,2,3247.3,95,4
11536,2025-12-30 14:49:02+05:30,3246.9,1,3252.64,1809827,78261.0,110331.0,3250.0,3267.5,3239.8,3251.5,46326700,3576.6,2926.4,4322.95,2866.6,3245.9,8,3,3245.8,21,3,3245.7,26,3,3245.6,17,3,3245.5,107,4,3246.9,51,2,3247.0,10,1,3247.1,87,5,3247.2,19,2,3247.3,95,4
11536,2025-12-30 14:49:02+05:30,3246.9,1,3252.64,1809829,78278.0,110345.0,3250.0,3267.5,3239.8,3251.5,46326700,3576.6,2926.4,4322.95,2866.6,3245.9,8,3,3245.8,21,3,3245.7,26,3,3245.6,17,3,3245.5,107,4,3246.9,63,3,3247.0,10,1,3247.1,71,4,3247.2,37,3,3247.3,95,4
11536,2025-12-30 14:49:03+05:30,3245.5,76,3252.64,1809829,78278.0,110345.0,3250.0,3267.5,3239.8,3251.5,46326700,3576.6,2926.4,4322.95,2866.6,3245.9,8,3,3245.8,21,3,3245.7,26,3,3245.6,17,3,3245.5,107,4,3246.9,63,3,3247.0,10,1,3247.1,71,4,3247.2,37,3,3247.3,95,4
11536,2025-12-30 14:49:03+05:30,3245.5,1,3252.63,1811043,79998.0,109780.0,3250.0,3267.5,3239.8,3251.5,46326700,3576.6,2926.4,4322.95,2866.6,3245.5,56,3,3245.4,34,3,3245.3,38,3,3245.2,211,3,3245.1,130,6,3246.9,72,4,3247.0,44,3,3247.1,80,3,3247.2,45,2,3247.3,50,1
11536,2025-12-30 14:49:04+05:30,3245.5,1,3252.63,1811043,79998.0,109780.0,3250.0,3267.5,3239.8,3251.5,46326700,3576.6,2926.4,4322.95,2866.6,3245.5,56,3,3245.4,34,3,3245.3,38,3,3245.2,211,3,3245.1,130,6,3246.9,72,4,3247.0,44,3,3247.1,80,3,3247.2,45,2,3247.3,50,1
11536,2025-12-30 14:49:04+05:30,3245.5,1,3252.63,1811043,79721.0,109671.0,3250.0,3267.5,3239.8,3251.5,46326700,3576.6,2926.4,4322.95,2866.6,3245.7,75,3,3245.6,14,2,3245.5,63,2,3245.4,47,4,3245.3,37,2,3246.9,14,1,3247.0,10,1,3247.1,73,2,3247.2,68,3,3247.3,50,1
11536,2025-12-30 14:49:05+05:30,3247.1,1,3252.63,1811043,79721.0,109671.0,3250.0,3267.5,3239.8,3251.5,46326700,3576.6,2926.4,4322.95,2866.6,3245.7,75,3,3245.6,14,2,3245.5,63,2,3245.4,47,4,3245.3,37,2,3246.9,14,1,3247.0,10,1,3247.1,73,2,3247.2,68,3,3247.3,50,1
11536,2025-12-30 14:49:05+05:30,3247.1,1,3252.63,1811058,77590.0,109618.0,3250.0,3267.5,3239.8,3251.5,46326700,3576.6,2926.4,4322.95,2866.6,3246.9,7,2,3245.9,1,1,3245.8,36,3,3245.7,253,5,3245.6,129,5,3247.1,23,1,3247.2,44,2,3247.3,56,2,3247.4,50,4,3247.5,97,4
11536,2025-12-30 14:49:06+05:30,3245.7,12,3252.63,1811214,79936.0,109717.0,3250.0,3267.5,3239.8,3251.5,46326700,3576.6,2926.4,4322.95,2866.6,3245.8,25,1,3245.7,104,4,3245.6,54,2,3245.4,48,5,3245.3,22,2,3247.0,37,2,3247.1,33,1,3247.2,11,1,3247.3,67,3,3247.4,152,6
11536,2025-12-30 14:49:07+05:30,3247.2,8,3252.63,1811214,79936.0,109717.0,3250.0,3267.5,3239.8,3251.5,46326700,3576.6,2926.4,4322.95,2866.6,3245.8,25,1,3245.7,104,4,3245.6,54,2,3245.4,48,5,3245.3,22,2,3247.0,37,2,3247.1,33,1,3247.2,11,1,3247.3,67,3,3247.4,152,6
11536,2025-12-30 14:49:07+05:30,3247.2,8,3252.63,1811222,81025.0,109564.0,3250.0,3267.5,3239.8,3251.5,46326700,3576.6,2926.4,4322.95,2866.6,3246.1,78,4,3246.0,44,1,3245.9,32,3,3245.8,184,4,3245.7,175,9,3247.5,64,2,3247.6,39,1,3247.7,25,1,3247.8,177,8,3247.9,52,1
11536,2025-12-30 14:49:08+05:30,3247.5,1,3252.63,1811222,81025.0,109564.0,3250.0,3267.5,3239.8,3251.5,46326700,3576.6,2926.4,4322.95,2866.6,3246.1,78,4,3246.0,44,1,3245.9,32,3,3245.8,184,4,3245.7,175,9,3247.5,64,2,3247.6,39,1,3247.7,25,1,3247.8,177,8,3247.9,52,1
11536,2025-12-30 14:49:08+05:30,3247.5,1,3252.63,1811223,81002.0,110076.0,3250.0,3267.5,3239.8,3251.5,46326700,3576.6,2926.4,4322.95,2866.6,3247.2,1,1,3246.4,18,2,3246.3,49,2,3246.2,63,4,3246.1,25,3,3247.5,49,2,3247.8,25,1,3247.9,54,2,3248.0,193,6,3248.1,52,1
11536,2025-12-30 14:49:09+05:30,3247.2,35,3252.63,1811223,81002.0,110076.0,3250.0,3267.5,3239.8,3251.5,46326700,3576.6,2926.4,4322.95,2866.6,3247.2,1,1,3246.4,18,2,3246.3,49,2,3246.2,63,4,3246.1,25,3,3247.5,49,2,3247.8,25,1,3247.9,54,2,3248.0,193,6,3248.1,52,1
11536,2025-12-30 14:49:09+05:30,3247.2,35,3252.63,1811262,81207.0,109802.0,3250.0,3267.5,3239.8,3251.5,46326700,3576.6,2926.4,4322.95,2866.6,3247.3,16,1,3246.9,2,1,3246.4,18,2,3246.3,49,2,3246.2,8,1,3247.7,74,3,3247.8,17,1,3247.9,71,3,3248.0,239,7,3248.1,71,2
11536,2025-12-30 14:49:10+05:30,3247.5,1,3252.63,1811262,81207.0,109802.0,3250.0,3267.5,3239.8,3251.5,46326700,3576.6,2926.4,4322.95,2866.6,3247.3,16,1,3246.9,2,1,3246.4,18,2,3246.3,49,2,3246.2,8,1,3247.7,74,3,3247.8,17,1,3247.9,71,3,3248.0,239,7,3248.1,71,2
11536,2025-12-30 14:49:10+05:30,3247.3,17,3252.63,1811455,81204.0,109935.0,3250.0,3267.5,3239.8,3251.5,46326700,3576.6,2926.4,4322.95,2866.6,3247.3,34,1,3246.9,2,1,3246.4,39,3,3246.3,15,1,3246.2,76,4,3247.7,13,1,3247.8,23,1,3247.9,17,1,3248.0,179,5,3248.1,117,3
11536,2025-12-30 14:49:11+05:30,3247.3,17,3252.63,1811455,81204.0,109935.0,3250.0,3267.5,3239.8,3251.5,46326700,3576.6,2926.4,4322.95,2866.6,3247.3,34,1,3246.9,2,1,3246.4,39,3,3246.3,15,1,3246.2,76,4,3247.7,13,1,3247.8,23,1,3247.9,17,1,3248.0,179,5,3248.1,117,3
11536,2025-12-30 14:49:11+05:30,3247.3,17,3252.63,1811455,81241.0,110272.0,3250.0,3267.5,3239.8,3251.5,46326700,3576.6,2926.4,4322.95,2866.6,3247.3,37,2,3246.9,2,1,3246.6,18,1,3246.5,21,2,3246.4,18,2,3247.7,13,1,3247.8,23,1,3248.0,179,5,3248.1,52,1,3248.2,21,1
11536,2025-12-30 14:49:12+05:30,3247.7,2,3252.63,1811455,81241.0,110272.0,3250.0,3267.5,3239.8,3251.5,46326700,3576.6,2926.4,4322.95,2866.6,3247.3,37,2,3246.9,2,1,3246.6,18,1,3246.5,21,2,3246.4,18,2,3247.7,13,1,3247.8,23,1,3248.0,179,5,3248.1,52,1,3248.2,21,1
11536,2025-12-30 14:49:12+05:30,3247.7,2,3252.63,1811457,81259.0,110270.0,3250.0,3267.5,3239.8,3251.5,46326700,3576.6,2926.4,4322.95,2866.6,3247.3,37,2,3246.9,2,1,3246.6,36,2,3246.5,21,2,3246.4,18,2,3247.7,11,1,3248.0,179,5,3248.1,75,2,3248.2,21,1,3248.3,108,4
11536,2025-12-30 14:49:13+05:30,3247.3,1,3252.63,1811457,81259.0,110270.0,3250.0,3267.5,3239.8,3251.5,46326700,3576.6,2926.4,4322.95,2866.6,3247.3,37,2,3246.9,2,1,3246.6,36,2,3246.5,21,2,3246.4,18,2,3247.7,11,1,3248.0,179,5,3248.1,75,2,3248.2,21,1,3248.3,108,4
11536,2025-12-30 14:49:13+05:30,3247.3,1,3252.63,1811460,81327.0,109800.0,3250.0,3267.5,3239.8,3251.5,46326700,3576.6,2926.4,4322.95,2866.6,3247.7,1,1,3247.3,39,3,3246.9,2,1,3246.6,24,2,3246.5,21,2,3248.0,179,5,3248.1,85,3,3248.3,80,3,3248.4,182,6,3248.5,6,2
11536,2025-12-30 14:49:14+05:30,3247.3,3,3252.63,1811460,81327.0,109800.0,3250.0,3267.5,3239.8,3251.5,46326700,3576.6,2926.4,4322.95,2866.6,3247.7,1,1,3247.3,39,3,3246.9,2,1,3246.6,24,2,3246.5,21,2,3248.0,179,5,3248.1,85,3,3248.3,80,3,3248.4,182,6,3248.5,6,2
11536,2025-12-30 14:49:14+05:30,3247.3,45,3252.63,1811716,81245.0,110778.0,3250.0,3267.5,3239.8,3251.5,46326700,3576.6,2926.4,4322.95,2866.6,3247.3,12,3,3246.9,2,1,3246.6,6,1,3246.5,3,1,3246.4,3,1,3247.9,58,3,3248.0,206,7,3248.1,124,4,3248.2,21,1,3248.3,53,2
11536,2025-12-30 14:49:15+05:30,3247.9,1,3252.63,1811716,81245.0,110778.0,3250.0,3267.5,3239.8,3251.5,46326700,3576.6,2926.4,4322.95,2866.6,3247.3,12,3,3246.9,2,1,3246.6,6,1,3246.5,3,1,3246.4,3,1,3247.9,58,3,3248.0,206,7,3248.1,124,4,3248.2,21,1,3248.3,53,2
11536,2025-12-30 14:49:15+05:30,3247.9,1,3252.63,1811717,81245.0,111029.0,3250.0,3267.5,3239.8,3251.5,46326700,3576.6,2926.4,4322.95,2866.6,3247.8,6,1,3247.3,56,3,3246.9,2,1,3246.6,6,1,3246.5,3,1,3247.9,49,2,3248.0,195,6,3248.1,92,4,3248.2,62,2,3248.3,70,3
11536,2025-12-30 14:49:16+05:30,3248.0,1,3252.63,1811718,80069.0,109757.0,3250.0,3267.5,3239.8,3251.5,46326700,3576.6,2926.4,4322.95,2866.6,3247.8,6,1,3247.3,56,3,3246.9,2,1,3246.7,3,1,3246.6,31,3,3248.0,178,5,3248.1,10,1,3248.3,50,1,3248.4,72,2,3248.5,29,3
11536,2025-12-30 14:49:17+05:30,3248.0,8,3252.63,1811718,80069.0,109757.0,3250.0,3267.5,3239.8,3251.5,46326700,3576.6,2926.4,4322.95,2866.6,3247.8,6,1,3247.3,56,3,3246.9,2,1,3246.7,3,1,3246.6,31,3,3248.0,178,5,3248.1,10,1,3248.3,50,1,3248.4,72,2,3248.5,29,3
11536,2025-12-30 14:49:17+05:30,3246.6,72,3252.63,1812785,81115.0,108827.0,3250.0,3267.5,3239.8,3251.5,46326700,3576.6,2926.4,4322.95,2866.6,3246.7,27,1,3246.6,46,2,3246.5,21,3,3246.4,14,2,3246.3,26,1,3248.0,170,5,3248.2,21,1,3248.3,50,1,3248.4,116,4,3248.5,22,2
11536,2025-12-30 14:49:18+05:30,3246.6,72,3252.63,1812785,81115.0,108827.0,3250.0,3267.5,3239.8,3251.5,46326700,3576.6,2926.4,4322.95,2866.6,3246.7,27,1,3246.6,46,2,3246.5,21,3,3246.4,14,2,3246.3,26,1,3248.0,170,5,3248.2,21,1,3248.3,50,1,3248.4,116,4,3248.5,22,2
11536,2025-12-30 14:49:18+05:30,3246.7,27,3252.63,1812940,80834.0,109589.0,3250.0,3267.5,3239.8,3251.5,46326700,3576.6,2926.4,4322.95,2866.6,3246.7,12,3,3246.6,47,3,3246.5,66,5,3246.4,32,3,3246.3,96,3,3248.0,184,6,3248.2,63,2,3248.3,50,1,3248.4,187,7,3248.5,22,2
11536,2025-12-30 14:49:19+05:30,3248.0,1,3252.63,1812940,80834.0,109589.0,3250.0,3267.5,3239.8,3251.5,46326700,3576.6,2926.4,4322.95,2866.6,3246.7,12,3,3246.6,47,3,3246.5,66,5,3246.4,32,3,3246.3,96,3,3248.0,184,6,3248.2,63,2,3248.3,50,1,3248.4,187,7,3248.5,22,2
11536,2025-12-30 14:49:19+05:30,3248.0,8,3252.63,1813028,78995.0,108537.0,3250.0,3267.5,3239.8,3251.5,46326700,3576.6,2926.4,4322.95,2866.6,3246.8,60,3,3246.7,12,3,3246.6,69,4,3246.5,29,3,3246.4,14,2,3248.0,185,6,3248.2,21,1,3248.3,50,1,3248.4,64,3,3248.5,49,2
11536,2025-12-30 14:49:20+05:30,3248.0,8,3252.63,1813028,78995.0,108537.0,3250.0,3267.5,3239.8,3251.5,46326700,3576.6,2926.4,4322.95,2866.6,3246.8,60,3,3246.7,12,3,3246.6,69,4,3246.5,29,3,3246.4,14,2,3248.0,185,6,3248.2,21,1,3248.3,50,1,3248.4,64,3,3248.5,49,2
11536,2025-12-30 14:49:20+05:30,3248.0,96,3252.63,1813127,78602.0,108920.0,3250.0,3267.5,3239.8,3251.5,46326700,3576.6,2926.4,4322.95,2866.6,3246.8,82,6,3246.7,23,4,3246.6,74,6,3246.5,81,4,3246.4,35,3,3248.0,97,6,3248.2,21,1,3248.3,50,1,3248.4,116,4,3248.5,3,1
11536,2025-12-30 14:49:21+05:30,3248.0,96,3252.63,1813127,78602.0,108920.0,3250.0,3267.5,3239.8,3251.5,46326700,3576.6,2926.4,4322.95,2866.6,3246.8,82,6,3246.7,23,4,3246.6,74,6,3246.5,81,4,3246.4,35,3,3248.0,97,6,3248.2,21,1,3248.3,50,1,3248.4,116,4,3248.5,3,1
11536,2025-12-30 14:49:21+05:30,3248.0,96,3252.63,1813127,79885.0,109273.0,3250.0,3267.5,3239.8,3251.5,46326700,3576.6,2926.4,4322.95,2866.6,3246.8,180,8,3246.7,23,4,3246.6,34,4,3246.5,81,4,3246.4,35,3,3248.0,97,6,3248.2,21,1,3248.3,50,1,3248.4,116,4,3248.5,3,1
11536,2025-12-30 14:49:22+05:30,3248.0,85,3252.63,1813127,79885.0,109273.0,3250.0,3267.5,3239.8,3251.5,46326700,3576.6,2926.4,4322.95,2866.6,3246.8,180,8,3246.7,23,4,3246.6,34,4,3246.5,81,4,3246.4,35,3,3248.0,97,6,3248.2,21,1,3248.3,50,1,3248.4,116,4,3248.5,3,1
11536,2025-12-30 14:49:23+05:30,3248.0,3,3252.63,1813468,79850.0,109098.0,3250.0,3267.5,3239.8,3251.5,46326700,3576.6,2926.4,4322.95,2866.6,3246.8,70,5,3246.7,41,4,3246.6,33,3,3246.5,63,3,3246.4,35,3,3248.0,91,5,3248.2,63,2,3248.3,50,1,3248.4,116,4,3248.5,49,2
11536,2025-12-30 14:49:23+05:30,3248.0,3,3252.63,1813468,79850.0,109098.0,3250.0,3267.5,3239.8,3251.5,46326700,3576.6,2926.4,4322.95,2866.6,3246.8,70,5,3246.7,41,4,3246.6,33,3,3246.5,63,3,3246.4,35,3,3248.0,91,5,3248.2,63,2,3248.3,50,1,3248.4,116,4,3248.5,49,2
11536,2025-12-30 14:49:24+05:30,3248.0,3,3252.63,1813468,81669.0,109086.0,3250.0,3267.5,3239.8,3251.5,46326700,3576.6,2926.4,4322.95,2866.6,3246.9,66,4,3246.8,14,2,3246.7,41,4,3246.6,69,5,3246.5,105,4,3247.3,2,1,3248.0,91,5,3248.2,42,1,3248.3,50,1,3248.4,99,3
11536,2025-12-30 14:49:25+05:30,3247.3,2,3252.63,1813470,81671.0,109582.0,3250.0,3267.5,3239.8,3251.5,46326700,3576.6,2926.4,4322.95,2866.6,3247.3,4,3,3247.1,24,1,3246.8,14,2,3246.7,3,2,3246.6,33,3,3248.0,99,6,3248.1,34,2,3248.2,69,2,3248.3,50,1,3248.4,145,4
11536,2025-12-30 14:49:25+05:30,3247.3,2,3252.63,1813470,81671.0,109582.0,3250.0,3267.5,3239.8,3251.5,46326700,3576.6,2926.4,4322.95,2866.6,3247.3,4,3,3247.1,24,1,3246.8,14,2,3246.7,3,2,3246.6,33,3,3248.0,99,6,3248.1,34,2,3248.2,69,2,3248.3,50,1,3248.4,145,4
11536,2025-12-30 14:49:26+05:30,3248.0,1,3252.63,1813470,81671.0,109582.0,3250.0,3267.5,3239.8,3251.5,46326700,3576.6,2926.4,4322.95,2866.6,3247.3,4,3,3247.1,24,1,3246.8,14,2,3246.7,3,2,3246.6,33,3,3248.0,99,6,3248.1,34,2,3248.2,69,2,3248.3,50,1,3248.4,145,4
11536,2025-12-30 14:49:26+05:30,3247.1,120,3252.63,1813626,81731.0,109198.0,3250.0,3267.5,3239.8,3251.5,46326700,3576.6,2926.4,4322.95,2866.6,3247.1,36,1,3246.9,23,1,3246.8,51,4,3246.7,6,3,3246.6,19,2,3248.0,90,5,3248.2,55,2,3248.3,66,2,3248.4,139,5,3248.5,23,2
11536,2025-12-30 14:49:27+05:30,3247.9,36,3252.63,1813626,81731.0,109198.0,3250.0,3267.5,3239.8,3251.5,46326700,3576.6,2926.4,4322.95,2866.6,3247.1,36,1,3246.9,23,1,3246.8,51,4,3246.7,6,3,3246.6,19,2,3248.0,90,5,3248.2,55,2,3248.3,66,2,3248.4,139,5,3248.5,23,2
11536,2025-12-30 14:49:27+05:30,3247.9,36,3252.63,1813671,81391.0,108664.0,3250.0,3267.5,3239.8,3251.5,46326700,3576.6,2926.4,4322.95,2866.6,3247.9,36,1,3247.1,49,1,3246.8,14,2,3246.7,24,4,3246.6,95,5,3248.0,81,5,3248.1,11,1,3248.2,55,2,3248.3,89,3,3248.4,77,3
11536,2025-12-30 14:49:28+05:30,3247.9,3,3252.63,1813671,81391.0,108664.0,3250.0,3267.5,3239.8,3251.5,46326700,3576.6,2926.4,4322.95,2866.6,3247.9,36,1,3247.1,49,1,3246.8,14,2,3246.7,24,4,3246.6,95,5,3248.0,81,5,3248.1,11,1,3248.2,55,2,3248.3,89,3,3248.4,77,3
11536,2025-12-30 14:49:28+05:30,3247.9,3,3252.63,1813678,81384.0,109664.0,3250.0,3267.5,3239.8,3251.5,46326700,3576.6,2926.4,4322.95,2866.6,3247.9,34,2,3247.1,49,1,3246.8,45,4,3246.7,6,3,3246.6,102,5,3248.0,77,5,3248.1,23,1,3248.2,42,1,3248.3,93,3,3248.4,77,3
11536,2025-12-30 14:49:29+05:30,3247.9,1,3252.63,1813678,81384.0,109664.0,3250.0,3267.5,3239.8,3251.5,46326700,3576.6,2926.4,4322.95,2866.6,3247.9,34,2,3247.1,49,1,3246.8,45,4,3246.7,6,3,3246.6,102,5,3248.0,77,5,3248.1,23,1,3248.2,42,1,3248.3,93,3,3248.4,77,3
11536,2025-12-30 14:49:29+05:30,3247.9,1,3252.63,1813750,81423.0,109905.0,3250.0,3267.5,3239.8,3251.5,46326700,3576.6,2926.4,4322.95,2866.6,3247.9,10,2,3247.1,49,1,3246.8,45,4,3246.7,10,4,3246.6,102,5,3248.0,77,5,3248.2,80,3,3248.3,89,3,3248.4,77,3,3248.5,89,4
11536,2025-12-30 14:49:30+05:30,3247.9,4,3252.63,1813750,81423.0,109905.0,3250.0,3267.5,3239.8,3251.5,46326700,3576.6,2926.4,4322.95,2866.6,3247.9,10,2,3247.1,49,1,3246.8,45,4,3246.7,10,4,3246.6,102,5,3248.0,77,5,3248.2,80,3,3248.3,89,3,3248.4,77,3,3248.5,89,4
11536,2025-12-30 14:49:30+05:30,3246.8,8,3252.62,1813911,81299.0,108436.0,3250.0,3267.5,3239.8,3251.5,46326700,3576.6,2926.4,4322.95,2866.6,3246.8,50,6,3246.7,46,4,3246.6,1,1,3246.5,55,2,3246.4,106,5,3248.0,76,5,3248.1,34,2,3248.2,80,3,3248.3,89,3,3248.4,144,5
11536,2025-12-30 14:49:31+05:30,3246.8,8,3252.62,1813911,81299.0,108436.0,3250.0,3267.5,3239.8,3251.5,46326700,3576.6,2926.4,4322.95,2866.6,3246.8,50,6,3246.7,46,4,3246.6,1,1,3246.5,55,2,3246.4,106,5,3248.0,76,5,3248.1,34,2,3248.2,80,3,3248.3,89,3,3248.4,144,5
11536,2025-12-30 14:49:31+05:30,3248.0,1,3252.62,1813912,81337.0,109856.0,3250.0,3267.5,3239.8,3251.5,46326700,3576.6,2926.4,4322.95,2866.6,3246.8,89,6,3246.7,29,3,3246.6,1,1,3246.5,73,3,3246.4,106,5,3248.0,75,5,3248.1,34,2,3248.2,101,4,3248.3,89,3,3248.4,144,5
11536,2025-12-30 14:49:32+05:30,3248.0,2,3252.62,1813912,81337.0,109856.0,3250.0,3267.5,3239.8,3251.5,46326700,3576.6,2926.4,4322.95,2866.6,3246.8,89,6,3246.7,29,3,3246.6,1,1,3246.5,73,3,3246.4,106,5,3248.0,75,5,3248.1,34,2,3248.2,101,4,3248.3,89,3,3248.4,144,5
11536,2025-12-30 14:49:32+05:30,3248.0,2,3252.62,1813914,79710.0,109827.0,3250.0,3267.5,3239.8,3251.5,46326700,3576.6,2926.4,4322.95,2866.6,3246.8,148,9,3246.7,3,2,3246.6,19,2,3246.5,59,3,3246.4,106,5,3248.0,73,5,3248.1,34,2,3248.2,74,3,3248.3,89,3,3248.4,98,4
11536,2025-12-30 14:49:33+05:30,3247.9,1,3252.62,1813914,79710.0,109827.0,3250.0,3267.5,3239.8,3251.5,46326700,3576.6,2926.4,4322.95,2866.6,3246.8,148,9,3246.7,3,2,3246.6,19,2,3246.5,59,3,3246.4,106,5,3248.0,73,5,3248.1,34,2,3248.2,74,3,3248.3,89,3,3248.4,98,4
11536,2025-12-30 14:49:33+05:30,3247.9,1,3252.62,1814973,81150.0,108575.0,3250.0,3267.5,3239.8,3251.5,46326700,3576.6,2926.4,4322.95,2866.6,3247.9,4,1,3246.7,88,3,3246.6,91,3,3246.5,43,1,3246.4,273,3,3248.0,73,5,3248.1,22,1,3248.2,73,3,3248.3,110,4,3248.4,59,2
11536,2025-12-30 14:49:34+05:30,3246.7,9,3252.62,1815128,81285.0,108016.0,3250.0,3267.5,3239.8,3251.5,46326700,3576.6,2926.4,4322.95,2866.6,3246.8,68,4,3246.7,17,1,3246.5,52,2,3246.4,126,4,3246.3,272,4,3248.0,87,6,3248.2,22,1,3248.3,50,1,3248.4,21,1,3248.6,23,2
11536,2025-12-30 14:49:35+05:30,3248.0,1,3252.62,1815128,81285.0,108016.0,3250.0,3267.5,3239.8,3251.5,46326700,3576.6,2926.4,4322.95,2866.6,3246.8,68,4,3246.7,17,1,3246.5,52,2,3246.4,126,4,3246.3,272,4,3248.0,87,6,3248.2,22,1,3248.3,50,1,3248.4,21,1,3248.6,23,2
11536,2025-12-30 14:49:35+05:30,3248.0,1,3252.62,1815176,81439.0,108219.0,3250.0,3267.5,3239.8,3251.5,46326700,3576.6,2926.4,4322.95,2866.6,3246.9,58,3,3246.8,18,2,3246.7,28,2,3246.6,18,1,3246.5,52,2,3248.0,169,6,3248.2,32,2,3248.3,50,1,3248.4,63,2,3248.6,97,4
11536,2025-12-30 14:49:36+05:30,3248.0,1,3252.62,1815176,81457.0,108203.0,3250.0,3267.5,3239.8,3251.5,46326700,3576.6,2926.4,4322.95,2866.6,3246.9,68,4,3246.8,8,1,3246.7,28,2,3246.6,36,2,3246.5,52,2,3248.0,169,6,3248.2,32,2,3248.3,50,1,3248.4,63,2,3248.6,97,4
11536,2025-12-30 14:49:37+05:30,3248.0,1,3252.62,1815176,81457.0,108203.0,3250.0,3267.5,3239.8,3251.5,46326700,3576.6,2926.4,4322.95,2866.6,3246.9,68,4,3246.8,8,1,3246.7,28,2,3246.6,36,2,3246.5,52,2,3248.0,169,6,3248.2,32,2,3248.3,50,1,3248.4,63,2,3248.6,97,4
11536,2025-12-30 14:49:37+05:30,3248.0,1,3252.62,1815185,81583.0,108543.0,3250.0,3267.5,3239.8,3251.5,46326700,3576.6,2926.4,4322.95,2866.6,3246.9,127,6,3246.8,28,2,3246.7,31,3,3246.6,52,3,3246.5,88,4,3248.0,160,6,3248.2,32,2,3248.3,50,1,3248.4,63,2,3248.6,97,4
11536,2025-12-30 14:49:38+05:30,3248.0,97,3252.62,1815185,81583.0,108543.0,3250.0,3267.5,3239.8,3251.5,46326700,3576.6,2926.4,4322.95,2866.6,3246.9,127,6,3246.8,28,2,3246.7,31,3,3246.6,52,3,3246.5,88,4,3248.0,160,6,3248.2,32,2,3248.3,50,1,3248.4,63,2,3248.6,97,4
11536,2025-12-30 14:49:38+05:30,3246.9,29,3252.62,1815468,81437.0,108439.0,3250.0,3267.5,3239.8,3251.5,46326700,3576.6,2926.4,4322.95,2866.6,3246.9,67,5,3246.8,28,2,3246.7,69,4,3246.6,52,3,3246.5,88,4,3248.0,82,5,3248.2,32,2,3248.3,50,1,3248.4,21,1,3248.6,51,3
11536,2025-12-30 14:49:39+05:30,3246.9,1,3252.62,1815468,81437.0,108439.0,3250.0,3267.5,3239.8,3251.5,46326700,3576.6,2926.4,4322.95,2866.6,3246.9,67,5,3246.8,28,2,3246.7,69,4,3246.6,52,3,3246.5,88,4,3248.0,82,5,3248.2,32,2,3248.3,50,1,3248.4,21,1,3248.6,51,3
11536,2025-12-30 14:49:39+05:30,3248.0,4,3252.62,1815545,81478.0,108972.0,3250.0,3267.5,3239.8,3251.5,46326700,3576.6,2926.4,4322.95,2866.6,3246.9,86,5,3246.7,20,2,3246.6,36,2,3246.5,88,4,3246.4,273,5,3248.0,175,5,3248.2,32,2,3248.3,50,1,3248.4,63,2,3248.6,97,4
11536,2025-12-30 14:49:40+05:30,3248.0,2,3252.62,1815545,81478.0,108972.0,3250.0,3267.5,3239.8,3251.5,46326700,3576.6,2926.4,4322.95,2866.6,3246.9,86,5,3246.7,20,2,3246.6,36,2,3246.5,88,4,3246.4,273,5,3248.0,175,5,3248.2,32,2,3248.3,50,1,3248.4,63,2,3248.6,97,4
11536,2025-12-30 14:49:40+05:30,3248.0,2,3252.62,1815581,81580.0,108406.0,3250.0,3267.5,3239.8,3251.5,46326700,3576.6,2926.4,4322.95,2866.6,3247.0,40,4,3246.9,117,5,3246.7,20,2,3246.6,58,3,3246.5,88,4,3248.0,177,5,3248.2,10,1,3248.3,50,1,3248.4,63,2,3248.6,97,4
11536,2025-12-30 14:49:41+05:30,3248.0,1,3252.62,1815581,81580.0,108406.0,3250.0,3267.5,3239.8,3251.5,46326700,3576.6,2926.4,4322.95,2866.6,3247.0,40,4,3246.9,117,5,3246.7,20,2,3246.6,58,3,3246.5,88,4,3248.0,177,5,3248.2,10,1,3248.3,50,1,3248.4,63,2,3248.6,97,4
11536,2025-12-30 14:49:41+05:30,3248.0,1,3252.62,1815586,76646.0,108440.0,3250.0,3267.5,3239.8,3251.5,46326700,3576.6,2926.4,4322.95,2866.6,3247.0,40,4,3246.9,100,4,3246.7,3,1,3246.6,58,3,3246.5,88,4,3248.0,181,6,3248.2,10,1,3248.3,50,1,3248.4,63,2,3248.6,97,4
11536,2025-12-30 14:49:42+05:30,3246.9,11,3252.62,1815741,81321.0,108539.0,3250.0,3267.5,3239.8,3251.5,46326700,3576.6,2926.4,4322.95,2866.6,3246.9,53,3,3246.8,62,3,3246.7,3,1,3246.6,17,1,3246.5,88,4,3248.0,181,6,3248.2,10,1,3248.3,50,1,3248.4,63,2,3248.6,97,4
11536,2025-12-30 14:49:43+05:30,3246.9,1,3252.62,1815741,81321.0,108539.0,3250.0,3267.5,3239.8,3251.5,46326700,3576.6,2926.4,4322.95,2866.6,3246.9,53,3,3246.8,62,3,3246.7,3,1,3246.6,17,1,3246.5,88,4,3248.0,181,6,3248.2,10,1,3248.3,50,1,3248.4,63,2,3248.6,97,4
11536,2025-12-30 14:49:43+05:30,3246.9,1,3252.62,1815745,81497.0,108590.0,3250.0,3267.5,3239.8,3251.5,46326700,3576.6,2926.4,4322.95,2866.6,3246.9,89,5,3246.8,20,1,3246.7,3,1,3246.6,34,2,3246.5,88,4,3248.0,196,7,3248.2,10,1,3248.3,50,1,3248.4,63,2,3248.6,97,4
11536,2025-12-30 14:49:44+05:30,3246.9,1,3252.62,1815745,80699.0,108971.0,3250.0,3267.5,3239.8,3251.5,46326700,3576.6,2926.4,4322.95,2866.6,3246.9,148,7,3246.8,31,2,3246.7,3,1,3246.6,34,2,3246.5,91,5,3248.0,196,7,3248.3,50,1,3248.4,63,2,3248.6,97,4,3248.7,52,1
11536,2025-12-30 14:49:45+05:30,3248.0,1,3252.62,1815745,80699.0,108971.0,3250.0,3267.5,3239.8,3251.5,46326700,3576.6,2926.4,4322.95,2866.6,3246.9,148,7,3246.8,31,2,3246.7,3,1,3246.6,34,2,3246.5,91,5,3248.0,196,7,3248.3,50,1,3248.4,63,2,3248.6,97,4,3248.7,52,1
11536,2025-12-30 14:49:45+05:30,3248.0,1,3252.62,1815747,76720.0,108615.0,3250.0,3267.5,3239.8,3251.5,46326700,3576.6,2926.4,4322.95,2866.6,3247.0,20,1,3246.9,119,5,3246.8,20,1,3246.7,3,1,3246.6,51,3,3248.0,205,7,3248.3,50,1,3248.4,63,2,3248.6,51,3,3248.7,98,2
11536,2025-12-30 14:49:46+05:30,3248.0,1,3252.62,1815747,76720.0,108615.0,3250.0,3267.5,3239.8,3251.5,46326700,3576.6,2926.4,4322.95,2866.6,3247.0,20,1,3246.9,119,5,3246.8,20,1,3246.7,3,1,3246.6,51,3,3248.0,205,7,3248.3,50,1,3248.4,63,2,3248.6,51,3,3248.7,98,2
11536,2025-12-30 14:49:46+05:30,3247.0,156,3252.62,1815904,81668.0,108604.0,3250.0,3267.5,3239.8,3251.5,46326700,3576.6,2926.4,4322.95,2866.6,3247.0,32,1,3246.9,119,5,3246.8,20,1,3246.7,3,1,3246.6,51,3,3248.0,204,7,3248.3,50,1,3248.4,63,2,3248.6,51,3,3248.7,98,2
11536,2025-12-30 14:49:47+05:30,3248.0,1,3252.62,1815904,81668.0,108604.0,3250.0,3267.5,3239.8,3251.5,46326700,3576.6,2926.4,4322.95,2866.6,3247.0,32,1,3246.9,119,5,3246.8,20,1,3246.7,3,1,3246.6,51,3,3248.0,204,7,3248.3,50,1,3248.4,63,2,3248.6,51,3,3248.7,98,2
11536,2025-12-30 14:49:47+05:30,3247.9,61,3252.61,1817035,81354.0,107450.0,3250.0,3267.5,3239.8,3251.5,46326700,3576.6,2926.4,4322.95,2866.6,3246.7,48,2,3246.6,32,2,3246.5,56,4,3246.4,382,5,3246.3,64,4,3248.0,193,7,3248.3,64,2,3248.4,88,3,3248.5,18,1,3248.6,43,3
11536,2025-12-30 14:49:48+05:30,3247.9,61,3252.61,1817035,81354.0,107450.0,3250.0,3267.5,3239.8,3251.5,46326700,3576.6,2926.4,4322.95,2866.6,3246.7,48,2,3246.6,32,2,3246.5,56,4,3246.4,382,5,3246.3,64,4,3248.0,193,7,3248.3,64,2,3248.4,88,3,3248.5,18,1,3248.6,43,3
11536,2025-12-30 14:49:48+05:30,3247.9,3,3252.61,1817038,81526.0,108749.0,3250.0,3267.5,3239.8,3251.5,46326700,3576.6,2926.4,4322.95,2866.6,3247.0,2,1,3246.9,5,1,3246.8,48,2,3246.7,66,2,3246.5,142,7,3248.0,193,7,3248.3,50,1,3248.4,66,3,3248.6,114,4,3248.7,72,2
11536,2025-12-30 14:49:49+05:30,3247.0,1,3252.61,1817038,81526.0,108749.0,3250.0,3267.5,3239.8,3251.5,46326700,3576.6,2926.4,4322.95,2866.6,3247.0,2,1,3246.9,5,1,3246.8,48,2,3246.7,66,2,3246.5,142,7,3248.0,193,7,3248.3,50,1,3248.4,66,3,3248.6,114,4,3248.7,72,2
11536,2025-12-30 14:49:49+05:30,3247.0,8,3252.61,1817128,81467.0,108770.0,3250.0,3267.5,3239.8,3251.5,46326700,3576.6,2926.4,4322.95,2866.6,3247.0,5,1,3246.9,28,2,3246.8,22,1,3246.7,49,1,3246.6,32,2,3248.0,202,8,3248.1,11,1,3248.2,26,1,3248.3,50,1,3248.4,91,3
11536,2025-12-30 14:49:50+05:30,3247.0,8,3252.61,1817128,81467.0,108770.0,3250.0,3267.5,3239.8,3251.5,46326700,3576.6,2926.4,4322.95,2866.6,3247.0,5,1,3246.9,28,2,3246.8,22,1,3246.7,49,1,3246.6,32,2,3248.0,202,8,3248.1,11,1,3248.2,26,1,3248.3,50,1,3248.4,91,3
11536,2025-12-30 14:49:50+05:30,3246.6,17,3252.61,1817283,81292.0,108900.0,3250.0,3267.5,3239.8,3251.5,46326700,3576.6,2926.4,4322.95,2866.6,3246.6,1,1,3246.5,48,2,3246.4,216,2,3246.3,66,2,3246.2,158,7,3247.9,99,4,3248.0,207,8,3248.2,53,3,3248.3,131,4,3248.4,101,5
11536,2025-12-30 14:49:51+05:30,3246.6,17,3252.61,1817283,81292.0,108900.0,3250.0,3267.5,3239.8,3251.5,46326700,3576.6,2926.4,4322.95,2866.6,3246.6,1,1,3246.5,48,2,3246.4,216,2,3246.3,66,2,3246.2,158,7,3247.9,99,4,3248.0,207,8,3248.2,53,3,3248.3,131,4,3248.4,101,5
11536,2025-12-30 14:49:51+05:30,3247.9,3,3252.61,1817286,81313.0,108928.0,3250.0,3267.5,3239.8,3251.5,46326700,3576.6,2926.4,4322.95,2866.6,3246.6,31,2,3246.5,6,1,3246.4,216,2,3246.3,45,1,3246.2,116,6,3247.9,110,5,3248.0,207,8,3248.1,17,1,3248.2,70,4,3248.3,156,5
11536,2025-12-30 14:49:52+05:30,3248.0,86,3252.61,1817286,81313.0,108928.0,3250.0,3267.5,3239.8,3251.5,46326700,3576.6,2926.4,4322.95,2866.6,3246.6,31,2,3246.5,6,1,3246.4,216,2,3246.3,45,1,3246.2,116,6,3247.9,110,5,3248.0,207,8,3248.1,17,1,3248.2,70,4,3248.3,156,5
11536,2025-12-30 14:49:52+05:30,3247.9,1,3252.61,1817469,78556.0,108802.0,3250.0,3267.5,3239.8,3251.5,46326700,3576.6,2926.4,4322.95,2866.6,3246.7,90,5,3246.6,25,2,3246.5,6,1,3246.4,216,2,3246.3,132,4,3247.9,13,1,3248.0,107,7,3248.2,63,3,3248.3,92,3,3248.4,95,4
11536,2025-12-30 14:49:53+05:30,3247.9,1,3252.61,1817469,78556.0,108802.0,3250.0,3267.5,3239.8,3251.5,46326700,3576.6,2926.4,4322.95,2866.6,3246.7,90,5,3246.6,25,2,3246.5,6,1,3246.4,216,2,3246.3,132,4,3247.9,13,1,3248.0,107,7,3248.2,63,3,3248.3,92,3,3248.4,95,4
11536,2025-12-30 14:49:53+05:30,3247.9,1,3252.61,1817469,81770.0,109216.0,3250.0,3267.5,3239.8,3251.5,46326700,3576.6,2926.4,4322.95,2866.6,3246.7,159,8,3246.6,25,2,3246.5,6,1,3246.4,241,3,3246.3,132,4,3247.9,13,1,3248.0,107,7,3248.2,46,2,3248.3,92,3,3248.4,70,3
11536,2025-12-30 14:49:54+05:30,3247.9,4,3252.61,1817469,81770.0,109216.0,3250.0,3267.5,3239.8,3251.5,46326700,3576.6,2926.4,4322.95,2866.6,3246.7,159,8,3246.6,25,2,3246.5,6,1,3246.4,241,3,3246.3,132,4,3247.9,13,1,3248.0,107,7,3248.2,46,2,3248.3,92,3,3248.4,70,3
11536,2025-12-30 14:49:54+05:30,3246.7,97,3252.61,1817642,81350.0,109206.0,3250.0,3267.5,3239.8,3251.5,46326700,3576.6,2926.4,4322.95,2866.6,3246.8,86,5,3246.7,129,3,3246.5,6,1,3246.4,232,4,3246.3,125,4,3248.0,107,7,3248.2,31,2,3248.3,50,1,3248.4,88,3,3248.5,102,4
11536,2025-12-30 14:49:55+05:30,3248.0,1,3252.61,1817642,81350.0,109206.0,3250.0,3267.5,3239.8,3251.5,46326700,3576.6,2926.4,4322.95,2866.6,3246.8,86,5,3246.7,129,3,3246.5,6,1,3246.4,232,4,3246.3,125,4,3248.0,107,7,3248.2,31,2,3248.3,50,1,3248.4,88,3,3248.5,102,4
11536,2025-12-30 14:49:55+05:30,3248.0,1,3252.61,1817645,81544.0,109359.0,3250.0,3267.5,3239.8,3251.5,46326700,3576.6,2926.4,4322.95,2866.6,3246.8,86,6,3246.7,145,4,3246.5,119,3,3246.4,213,3,3246.3,143,5,3248.0,106,7,3248.2,26,1,3248.3,50,1,3248.4,62,2,3248.5,56,3
11536,2025-12-30 14:49:56+05:30,3248.0,1,3252.61,1817645,81544.0,109359.0,3250.0,3267.5,3239.8,3251.5,46326700,3576.6,2926.4,4322.95,2866.6,3246.8,86,6,3246.7,145,4,3246.5,119,3,3246.4,213,3,3246.3,143,5,3248.0,106,7,3248.2,26,1,3248.3,50,1,3248.4,62,2,3248.5,56,3
11536,2025-12-30 14:49:57+05:30,3248.0,3,3252.61,1817663,81550.0,109065.0,3250.0,3267.5,3239.8,3251.5,46326700,3576.6,2926.4,4322.95,2866.6,3246.8,86,6,3246.7,145,4,3246.5,119,3,3246.4,213,3,3246.3,143,5,3248.0,197,7,3248.2,26,1,3248.3,50,1,3248.4,62,2,3248.5,109,5
11536,2025-12-30 14:49:57+05:30,3248.0,3,3252.61,1817663,81550.0,109065.0,3250.0,3267.5,3239.8,3251.5,46326700,3576.6,2926.4,4322.95,2866.6,3246.8,86,6,3246.7,145,4,3246.5,119,3,3246.4,213,3,3246.3,143,5,3248.0,197,7,3248.2,26,1,3248.3,50,1,3248.4,62,2,3248.5,109,5
11536,2025-12-30 14:49:58+05:30,3246.8,2,3252.61,1817668,81341.0,109489.0,3250.0,3267.5,3239.8,3251.5,46326700,3576.6,2926.4,4322.95,2866.6,3246.8,107,5,3246.7,105,3,3246.5,6,1,3246.4,213,3,3246.3,143,5,3248.0,204,7,3248.2,26,1,3248.3,50,1,3248.4,62,2,3248.5,109,5
11536,2025-12-30 14:49:58+05:30,3246.8,2,3252.61,1817668,81341.0,109489.0,3250.0,3267.5,3239.8,3251.5,46326700,3576.6,2926.4,4322.95,2866.6,3246.8,107,5,3246.7,105,3,3246.5,6,1,3246.4,213,3,3246.3,143,5,3248.0,204,7,3248.2,26,1,3248.3,50,1,3248.4,62,2,3248.5,109,5
11536,2025-12-30 14:49:59+05:30,3246.8,1,3252.61,1817874,81416.0,109313.0,3250.0,3267.5,3239.8,3251.5,46326700,3576.6,2926.4,4322.95,2866.6,3246.8,168,4,3246.7,114,3,3246.5,6,1,3246.4,213,3,3246.3,143,5,3248.0,205,7,3248.2,26,1,3248.3,50,1,3248.4,62,2,3248.5,63,4
11536,2025-12-30 14:49:59+05:30,3246.8,1,3252.61,1817874,81416.0,109313.0,3250.0,3267.5,3239.8,3251.5,46326700,3576.6,2926.4,4322.95,2866.6,3246.8,168,4,3246.7,114,3,3246.5,6,1,3246.4,213,3,3246.3,143,5,3248.0,205,7,3248.2,26,1,3248.3,50,1,3248.4,62,2,3248.5,63,4
11536,2025-12-30 14:50:00+05:30,3246.8,1,3252.61,1817874,81526.0,108958.0,3250.0,3267.5,3239.8,3251.5,46326700,3576.6,2926.4,4322.95,2866.6,3246.8,205,6,3246.7,72,1,3246.5,101,3,3246.4,216,4,3246.3,154,6,3248.0,205,7,3248.3,50,1,3248.4,66,2,3248.5,63,4,3248.6,68,2
11536,2025-12-30 14:50:01+05:30,3248.0,2,3252.61,1817874,81526.0,108958.0,3250.0,3267.5,3239.8,3251.5,46326700,3576.6,2926.4,4322.95,2866.6,3246.8,205,6,3246.7,72,1,3246.5,101,3,3246.4,216,4,3246.3,154,6,3248.0,205,7,3248.3,50,1,3248.4,66,2,3248.5,63,4,3248.6,68,2
11536,2025-12-30 14:50:01+05:30,3248.0,2,3252.61,1817877,81836.0,109179.0,3250.0,3267.5,3239.8,3251.5,46326700,3576.6,2926.4,4322.95,2866.6,3247.4,40,1,3247.0,60,3,3246.8,95,1,3246.7,75,2,3246.6,58,4,3248.0,202,7,3248.3,50,1,3248.4,46,1,3248.5,46,2,3248.6,68,2
11536,2025-12-30 14:50:02+05:30,3247.4,156,3252.61,1818033,81649.0,108867.0,3250.0,3267.5,3239.8,3251.5,46326700,3576.6,2926.4,4322.95,2866.6,3247.4,19,1,3247.0,50,2,3246.8,95,1,3246.7,72,1,3246.6,58,4,3248.0,202,7,3248.3,50,1,3248.4,46,1,3248.5,46,2,3248.6,68,2
11536,2025-12-30 14:50:03+05:30,3247.9,61,3252.61,1818033,81649.0,108867.0,3250.0,3267.5,3239.8,3251.5,46326700,3576.6,2926.4,4322.95,2866.6,3247.4,19,1,3247.0,50,2,3246.8,95,1,3246.7,72,1,3246.6,58,4,3248.0,202,7,3248.3,50,1,3248.4,46,1,3248.5,46,2,3248.6,68,2
11536,2025-12-30 14:50:03+05:30,3247.9,61,3252.61,1819152,78085.0,108971.0,3250.0,3267.5,3239.8,3251.5,46326700,3576.6,2926.4,4322.95,2866.6,3246.8,50,2,3246.5,20,3,3246.4,39,4,3246.3,244,3,3246.2,61,2,3248.0,211,8,3248.1,57,4,3248.2,7,1,3248.3,50,1,3248.4,132,5
11536,2025-12-30 14:50:04+05:30,3248.0,1,3252.61,1819152,78085.0,108971.0,3250.0,3267.5,3239.8,3251.5,46326700,3576.6,2926.4,4322.95,2866.6,3246.8,50,2,3246.5,20,3,3246.4,39,4,3246.3,244,3,3246.2,61,2,3248.0,211,8,3248.1,57,4,3248.2,7,1,3248.3,50,1,3248.4,132,5
11536,2025-12-30 14:50:04+05:30,3248.0,4,3252.61,1819199,81560.0,109666.0,3250.0,3267.5,3239.8,3251.5,46326700,3576.6,2926.4,4322.95,2866.6,3246.6,6,1,3246.5,131,6,3246.4,41,4,3246.3,113,2,3246.2,63,2,3248.0,202,7,3248.1,97,6,3248.2,7,1,3248.3,68,2,3248.4,183,6
11536,2025-12-30 14:50:05+05:30,3248.1,172,3252.61,1819199,81560.0,109666.0,3250.0,3267.5,3239.8,3251.5,46326700,3576.6,2926.4,4322.95,2866.6,3246.6,6,1,3246.5,131,6,3246.4,41,4,3246.3,113,2,3246.2,63,2,3248.0,202,7,3248.1,97,6,3248.2,7,1,3248.3,68,2,3248.4,183,6
11536,2025-12-30 14:50:05+05:30,3248.1,172,3252.6,1820462,82116.0,109375.0,3250.0,3267.5,3239.8,3251.5,46326700,3576.6,2926.4,4322.95,2866.6,3247.5,177,2,3247.3,3,1,3247.1,395,4,3247.0,67,3,3246.9,114,3,3248.6,50,2,3248.9,86,2,3249.0,43,3,3249.1,65,5,3249.2,169,6
11536,2025-12-30 14:50:06+05:30,3247.5,1,3252.6,1820462,82116.0,109375.0,3250.0,3267.5,3239.8,3251.5,46326700,3576.6,2926.4,4322.95,2866.6,3247.5,177,2,3247.3,3,1,3247.1,395,4,3247.0,67,3,3246.9,114,3,3248.6,50,2,3248.9,86,2,3249.0,43,3,3249.1,65,5,3249.2,169,6
11536,2025-12-30 14:50:06+05:30,3247.5,153,3252.6,1820618,82048.0,109332.0,3250.0,3267.5,3239.8,3251.5,46326700,3576.6,2926.4,4322.95,2866.6,3247.5,21,1,3247.1,220,3,3247.0,242,4,3246.9,43,1,3246.8,41,3,3248.6,63,3,3248.9,86,2,3249.0,138,6,3249.1,65,5,3249.2,148,6
11536,2025-12-30 14:50:07+05:30,3248.6,8,3252.6,1820618,82048.0,109332.0,3250.0,3267.5,3239.8,3251.5,46326700,3576.6,2926.4,4322.95,2866.6,3247.5,21,1,3247.1,220,3,3247.0,242,4,3246.9,43,1,3246.8,41,3,3248.6,63,3,3248.9,86,2,3249.0,138,6,3249.1,65,5,3249.2,148,6
11536,2025-12-30 14:50:07+05:30,3248.6,8,3252.6,1820626,82075.0,109510.0,3250.0,3267.5,3239.8,3251.5,46326700,3576.6,2926.4,4322.95,2866.6,3247.5,21,1,3247.3,63,1,3247.1,272,4,3247.0,199,3,3246.9,113,3,3248.6,55,3,3248.9,64,2,3249.0,109,6,3249.1,107,5,3249.2,148,6
11536,2025-12-30 14:50:08+05:30,3247.3,428,3252.6,1820626,82075.0,109510.0,3250.0,3267.5,3239.8,3251.5,46326700,3576.6,2926.4,4322.95,2866.6,3247.5,21,1,3247.3,63,1,3247.1,272,4,3247.0,199,3,3246.9,113,3,3248.6,55,3,3248.9,64,2,3249.0,109,6,3249.1,107,5,3249.2,148,6
11536,2025-12-30 14:50:08+05:30,3247.3,428,3252.6,1821079,82159.0,109384.0,3250.0,3267.5,3239.8,3251.5,46326700,3576.6,2926.4,4322.95,2866.6,3247.4,194,3,3247.3,79,2,3247.2,23,1,3247.1,309,6,3247.0,208,4,3248.6,50,2,3248.7,10,1,3248.9,25,1,3249.0,82,4,3249.1,61,4
11536,2025-12-30 14:50:09+05:30,3248.6,13,3252.6,1821079,82159.0,109384.0,3250.0,3267.5,3239.8,3251.5,46326700,3576.6,2926.4,4322.95,2866.6,3247.4,194,3,3247.3,79,2,3247.2,23,1,3247.1,309,6,3247.0,208,4,3248.6,50,2,3248.7,10,1,3248.9,25,1,3249.0,82,4,3249.1,61,4
11536,2025-12-30 14:50:09+05:30,3248.6,13,3252.6,1821155,82031.0,108196.0,3250.0,3267.5,3239.8,3251.5,46326700,3576.6,2926.4,4322.95,2866.6,3247.4,56,2,3247.3,63,1,3247.1,196,3,3247.0,33,3,3246.9,59,2,3248.5,60,3,3248.6,3,1,3248.7,2,1,3248.8,43,2,3248.9,73,3
11536,2025-12-30 14:50:10+05:30,3248.5,10,3252.6,1821155,82031.0,108196.0,3250.0,3267.5,3239.8,3251.5,46326700,3576.6,2926.4,4322.95,2866.6,3247.4,56,2,3247.3,63,1,3247.1,196,3,3247.0,33,3,3246.9,59,2,3248.5,60,3,3248.6,3,1,3248.7,2,1,3248.8,43,2,3248.9,73,3
11536,2025-12-30 14:50:10+05:30,3247.3,40,3252.6,1821348,81953.0,108315.0,3250.0,3267.5,3239.8,3251.5,46326700,3576.6,2926.4,4322.95,2866.6,3247.3,23,1,3247.1,196,3,3247.0,33,3,3246.9,59,2,3246.8,242,4,3248.5,71,4,3248.6,19,2,3248.7,2,1,3248.8,88,3,3248.9,53,2
11536,2025-12-30 14:50:11+05:30,3247.3,40,3252.6,1821348,81953.0,108315.0,3250.0,3267.5,3239.8,3251.5,46326700,3576.6,2926.4,4322.95,2866.6,3247.3,23,1,3247.1,196,3,3247.0,33,3,3246.9,59,2,3246.8,242,4,3248.5,71,4,3248.6,19,2,3248.7,2,1,3248.8,88,3,3248.9,53,2
11536,2025-12-30 14:50:11+05:30,3247.3,40,3252.6,1821348,81500.0,109357.0,3250.0,3267.5,3239.8,3251.5,46326700,3576.6,2926.4,4322.95,2866.6,3247.1,229,5,3247.0,12,2,3246.9,77,3,3246.8,21,1,3246.7,254,5,3248.5,71,4,3248.6,3,1,3248.7,2,1,3248.8,88,3,3248.9,99,3
11536,2025-12-30 14:50:12+05:30,3248.8,10,3252.6,1821348,81500.0,109357.0,3250.0,3267.5,3239.8,3251.5,46326700,3576.6,2926.4,4322.95,2866.6,3247.1,229,5,3247.0,12,2,3246.9,77,3,3246.8,21,1,3246.7,254,5,3248.5,71,4,3248.6,3,1,3248.7,2,1,3248.8,88,3,3248.9,99,3
11536,2025-12-30 14:50:12+05:30,3247.2,6,3252.6,1821619,81928.0,109308.0,3250.0,3267.5,3239.8,3251.5,46326700,3576.6,2926.4,4322.95,2866.6,3247.3,71,3,3247.2,45,6,3247.1,222,4,3247.0,78,6,3246.9,297,6,3248.9,61,2,3249.0,104,4,3249.1,28,2,3249.2,140,5,3249.3,75,5
11536,2025-12-30 14:50:13+05:30,3247.3,1,3252.6,1821619,81928.0,109308.0,3250.0,3267.5,3239.8,3251.5,46326700,3576.6,2926.4,4322.95,2866.6,3247.3,71,3,3247.2,45,6,3247.1,222,4,3247.0,78,6,3246.9,297,6,3248.9,61,2,3249.0,104,4,3249.1,28,2,3249.2,140,5,3249.3,75,5
11536,2025-12-30 14:50:13+05:30,3247.3,1,3252.6,1821624,82407.0,109340.0,3250.0,3267.5,3239.8,3251.5,46326700,3576.6,2926.4,4322.95,2866.6,3247.5,53,2,3247.4,24,2,3247.3,62,5,3247.2,7,2,3247.1,226,4,3248.9,62,2,3249.0,104,4,3249.1,28,2,3249.2,129,5,3249.3,68,4
11536,2025-12-30 14:50:14+05:30,3247.4,10,3252.6,1821779,82437.0,109280.0,3250.0,3267.5,3239.8,3251.5,46326700,3576.6,2926.4,4322.95,2866.6,3247.4,113,8,3247.3,30,2,3247.2,28,3,3247.1,245,5,3247.0,78,6,3248.9,45,2,3249.0,84,3,3249.1,28,2,3249.2,119,3,3249.3,68,4
11536,2025-12-30 14:50:15+05:30,3248.9,1,3252.6,1821779,82437.0,109280.0,3250.0,3267.5,3239.8,3251.5,46326700,3576.6,2926.4,4322.95,2866.6,3247.4,113,8,3247.3,30,2,3247.2,28,3,3247.1,245,5,3247.0,78,6,3248.9,45,2,3249.0,84,3,3249.1,28,2,3249.2,119,3,3249.3,68,4
11536,2025-12-30 14:50:15+05:30,3248.9,1,3252.6,1821781,82446.0,109543.0,3250.0,3267.5,3239.8,3251.5,46326700,3576.6,2926.4,4322.95,2866.6,3248.2,13,1,3247.5,3,1,3247.4,79,6,3247.3,12,1,3247.2,56,4,3248.9,67,3,3249.0,84,3,3249.1,57,3,3249.2,52,1,3249.3,99,4
11536,2025-12-30 14:50:16+05:30,3248.9,1,3252.6,1821781,82446.0,109543.0,3250.0,3267.5,3239.8,3251.5,46326700,3576.6,2926.4,4322.95,2866.6,3248.2,13,1,3247.5,3,1,3247.4,79,6,3247.3,12,1,3247.2,56,4,3248.9,67,3,3249.0,84,3,3249.1,57,3,3249.2,52,1,3249.3,99,4
11536,2025-12-30 14:50:16+05:30,3248.9,1,3252.6,1821782,82537.0,109453.0,3250.0,3267.5,3239.8,3251.5,46326700,3576.6,2926.4,4322.95,2866.6,3248.2,13,1,3247.5,59,3,3247.4,246,6,3247.3,19,2,3247.2,129,7,3248.9,33,2,3249.0,45,2,3249.1,32,2,3249.2,52,1,3249.3,53,3
11536,2025-12-30 14:50:17+05:30,3248.8,5,3252.6,1821782,82537.0,109453.0,3250.0,3267.5,3239.8,3251.5,46326700,3576.6,2926.4,4322.95,2866.6,3248.2,13,1,3247.5,59,3,3247.4,246,6,3247.3,19,2,3247.2,129,7,3248.9,33,2,3249.0,45,2,3249.1,32,2,3249.2,52,1,3249.3,53,3
11536,2025-12-30 14:50:17+05:30,3247.3,93,3252.6,1822854,81564.0,109034.0,3250.0,3267.5,3239.8,3251.5,46326700,3576.6,2926.4,4322.95,2866.6,3247.6,18,1,3247.4,175,1,3247.3,47,3,3247.2,70,6,3247.1,97,6,3249.0,129,5,3249.2,100,3,3249.3,26,2,3249.4,18,2,3249.5,97,4
11536,2025-12-30 14:50:18+05:30,3247.4,7,3252.6,1822854,81564.0,109034.0,3250.0,3267.5,3239.8,3251.5,46326700,3576.6,2926.4,4322.95,2866.6,3247.6,18,1,3247.4,175,1,3247.3,47,3,3247.2,70,6,3247.1,97,6,3249.0,129,5,3249.2,100,3,3249.3,26,2,3249.4,18,2,3249.5,97,4
11536,2025-12-30 14:50:18+05:30,3247.1,8,3252.6,1823017,81656.0,109618.0,3250.0,3267.5,3239.8,3251.5,46326700,3576.6,2926.4,4322.95,2866.6,3247.2,18,1,3247.1,198,4,3247.0,66,5,3246.9,90,4,3246.8,78,5,3249.0,212,8,3249.1,85,2,3249.2,98,5,3249.3,44,3,3249.4,39,3
11536,2025-12-30 14:50:19+05:30,3248.4,3,3252.6,1823017,81656.0,109618.0,3250.0,3267.5,3239.8,3251.5,46326700,3576.6,2926.4,4322.95,2866.6,3247.2,18,1,3247.1,198,4,3247.0,66,5,3246.9,90,4,3246.8,78,5,3249.0,212,8,3249.1,85,2,3249.2,98,5,3249.3,44,3,3249.4,39,3
11536,2025-12-30 14:50:19+05:30,3248.4,5,3252.6,1823128,81648.0,109100.0,3250.0,3267.5,3239.8,3251.5,46326700,3576.6,2926.4,4322.95,2866.6,3247.1,190,4,3247.0,11,2,3246.9,7,1,3246.8,20,2,3246.7,27,2,3248.4,88,5,3248.5,174,2,3248.6,22,1,3248.7,98,2,3248.8,114,5
11536,2025-12-30 14:50:20+05:30,3248.4,5,3252.6,1823128,81648.0,109100.0,3250.0,3267.5,3239.8,3251.5,46326700,3576.6,2926.4,4322.95,2866.6,3247.1,190,4,3247.0,11,2,3246.9,7,1,3246.8,20,2,3246.7,27,2,3248.4,88,5,3248.5,174,2,3248.6,22,1,3248.7,98,2,3248.8,114,5
11536,2025-12-30 14:50:20+05:30,3248.4,5,3252.6,1823128,81648.0,109100.0,3250.0,3267.5,3239.8,3251.5,46326700,3576.6,2926.4,4322.95,2866.6,3247.1,190,4,3247.0,11,2,3246.9,7,1,3246.8,20,2,3246.7,27,2,3248.4,88,5,3248.5,52,1,3248.6,22,1,3248.7,52,1,3248.8,160,6
11536,2025-12-30 14:50:21+05:30,3248.4,1,3252.6,1823128,81648.0,109100.0,3250.0,3267.5,3239.8,3251.5,46326700,3576.6,2926.4,4322.95,2866.6,3247.1,190,4,3247.0,11,2,3246.9,7,1,3246.8,20,2,3246.7,27,2,3248.4,88,5,3248.5,52,1,3248.6,22,1,3248.7,52,1,3248.8,160,6
11536,2025-12-30 14:50:21+05:30,3248.4,1,3252.6,1823129,82274.0,109275.0,3250.0,3267.5,3239.8,3251.5,46326700,3576.6,2926.4,4322.95,2866.6,3247.6,135,1,3247.4,18,2,3247.3,24,1,3247.2,39,3,3247.1,256,6,3248.4,14,1,3248.8,16,2,3248.9,41,2,3249.0,98,3,3249.2,76,3
11536,2025-12-30 14:50:22+05:30,3249.2,12,3252.6,1823129,82274.0,109275.0,3250.0,3267.5,3239.8,3251.5,46326700,3576.6,2926.4,4322.95,2866.6,3247.6,135,1,3247.4,18,2,3247.3,24,1,3247.2,39,3,3247.1,256,6,3248.4,14,1,3248.8,16,2,3248.9,41,2,3249.0,98,3,3249.2,76,3
11536,2025-12-30 14:50:22+05:30,3247.5,10,3252.6,1823467,82112.0,109200.0,3250.0,3267.5,3239.8,3251.5,46326700,3576.6,2926.4,4322.95,2866.6,3247.2,26,1,3247.1,257,5,3247.0,69,5,3246.9,27,2,3246.8,40,3,3248.7,65,2,3248.8,99,4,3248.9,75,6,3249.0,69,3,3249.1,47,3
11536,2025-12-30 14:50:23+05:30,3247.5,10,3252.6,1823467,82112.0,109200.0,3250.0,3267.5,3239.8,3251.5,46326700,3576.6,2926.4,4322.95,2866.6,3247.2,26,1,3247.1,257,5,3247.0,69,5,3246.9,27,2,3246.8,40,3,3248.7,65,2,3248.8,99,4,3248.9,75,6,3249.0,69,3,3249.1,47,3
11536,2025-12-30 14:50:23+05:30,3247.5,10,3252.6,1823467,82192.0,109058.0,3250.0,3267.5,3239.8,3251.5,46326700,3576.6,2926.4,4322.95,2866.6,3247.2,44,2,3247.1,257,5,3247.0,109,7,3246.9,27,2,3246.8,34,3,3248.6,68,2,3248.7,151,5,3248.9,65,5,3249.0,89,4,3249.1,47,3
11536,2025-12-30 14:50:24+05:30,3248.6,11,3252.6,1823467,82192.0,109058.0,3250.0,3267.5,3239.8,3251.5,46326700,3576.6,2926.4,4322.95,2866.6,3247.2,44,2,3247.1,257,5,3247.0,109,7,3246.9,27,2,3246.8,34,3,3248.6,68,2,3248.7,151,5,3248.9,65,5,3249.0,89,4,3249.1,47,3
11536,2025-12-30 14:50:24+05:30,3248.6,11,3252.6,1823507,83041.0,109746.0,3250.0,3267.5,3239.8,3251.5,46326700,3576.6,2926.4,4322.95,2866.6,3247.4,26,1,3247.3,41,2,3247.2,156,8,3247.1,312,6,3247.0,81,6,3248.6,28,1,3248.7,101,3,3248.9,65,5,3249.0,51,3,3249.1,26,1
11536,2025-12-30 14:50:25+05:30,3248.6,1,3252.6,1823507,83041.0,109746.0,3250.0,3267.5,3239.8,3251.5,46326700,3576.6,2926.4,4322.95,2866.6,3247.4,26,1,3247.3,41,2,3247.2,156,8,3247.1,312,6,3247.0,81,6,3248.6,28,1,3248.7,101,3,3248.9,65,5,3249.0,51,3,3249.1,26,1
11536,2025-12-30 14:50:25+05:30,3248.6,1,3252.6,1823509,82886.0,109721.0,3250.0,3267.5,3239.8,3251.5,46326700,3576.6,2926.4,4322.95,2866.6,3247.4,136,5,3247.3,19,2,3247.2,127,7,3247.1,261,5,3247.0,81,6,3248.6,26,1,3248.7,101,3,3248.9,58,4,3249.0,44,2,3249.1,26,1
11536,2025-12-30 14:50:26+05:30,3248.6,1,3252.6,1823509,82886.0,109721.0,3250.0,3267.5,3239.8,3251.5,46326700,3576.6,2926.4,4322.95,2866.6,3247.4,136,5,3247.3,19,2,3247.2,127,7,3247.1,261,5,3247.0,81,6,3248.6,26,1,3248.7,101,3,3248.9,58,4,3249.0,44,2,3249.1,26,1
11536,2025-12-30 14:50:26+05:30,3249.0,6,3252.6,1823675,82614.0,109818.0,3250.0,3267.5,3239.8,3251.5,46326700,3576.6,2926.4,4322.95,2866.6,3247.4,224,3,3247.3,2,1,3247.2,93,4,3247.1,71,4,3247.0,105,7,3248.8,68,2,3248.9,113,5,3249.0,54,2,3249.1,79,3,3249.2,125,5
11536,2025-12-30 14:50:27+05:30,3249.0,6,3252.6,1823675,82614.0,109818.0,3250.0,3267.5,3239.8,3251.5,46326700,3576.6,2926.4,4322.95,2866.6,3247.4,224,3,3247.3,2,1,3247.2,93,4,3247.1,71,4,3247.0,105,7,3248.8,68,2,3248.9,113,5,3249.0,54,2,3249.1,79,3,3249.2,125,5
11536,2025-12-30 14:50:27+05:30,3248.7,3,3252.6,1823678,82559.0,108453.0,3250.0,3267.5,3239.8,3251.5,46326700,3576.6,2926.4,4322.95,2866.6,3247.5,51,1,3247.4,173,2,3247.3,2,1,3247.2,75,3,3247.1,71,4,3248.7,92,3,3248.9,66,4,3249.0,77,3,3249.1,79,3,3249.2,124,5
11536,2025-12-30 14:50:28+05:30,3247.5,3,3252.6,1823678,82559.0,108453.0,3250.0,3267.5,3239.8,3251.5,46326700,3576.6,2926.4,4322.95,2866.6,3247.5,51,1,3247.4,173,2,3247.3,2,1,3247.2,75,3,3247.1,71,4,3248.7,92,3,3248.9,66,4,3249.0,77,3,3249.1,79,3,3249.2,124,5
11536,2025-12-30 14:50:28+05:30,3248.7,1,3252.6,1823721,82606.0,109675.0,3250.0,3267.5,3239.8,3251.5,46326700,3576.6,2926.4,4322.95,2866.6,3247.5,95,2,3247.4,173,2,3247.3,2,1,3247.2,75,3,3247.1,71,4,3248.7,143,4,3248.9,66,4,3249.0,77,3,3249.1,79,3,3249.2,124,5
11536,2025-12-30 14:50:29+05:30,3248.7,1,3252.6,1823721,82606.0,109675.0,3250.0,3267.5,3239.8,3251.5,46326700,3576.6,2926.4,4322.95,2866.6,3247.5,95,2,3247.4,173,2,3247.3,2,1,3247.2,75,3,3247.1,71,4,3248.7,143,4,3248.9,66,4,3249.0,77,3,3249.1,79,3,3249.2,124,5
11536,2025-12-30 14:50:29+05:30,3248.7,1,3252.6,1823721,82550.0,109669.0,3250.0,3267.5,3239.8,3251.5,46326700,3576.6,2926.4,4322.95,2866.6,3248.1,9,1,3247.5,86,1,3247.4,173,2,3247.3,2,1,3247.2,96,4,3248.7,143,4,3248.8,13,1,3248.9,79,5,3249.0,56,2,3249.1,72,2
11536,2025-12-30 14:50:30+05:30,3248.1,155,3252.6,1823876,82655.0,108451.0,3250.0,3267.5,3239.8,3251.5,46326700,3576.6,2926.4,4322.95,2866.6,3248.1,51,1,3247.5,86,1,3247.4,173,2,3247.3,2,1,3247.2,100,5,3248.7,91,3,3248.9,50,3,3249.0,58,2,3249.1,44,2,3249.2,191,7
11536,2025-12-30 14:50:31+05:30,3248.7,1,3252.6,1823876,82655.0,108451.0,3250.0,3267.5,3239.8,3251.5,46326700,3576.6,2926.4,4322.95,2866.6,3248.1,51,1,3247.5,86,1,3247.4,173,2,3247.3,2,1,3247.2,100,5,3248.7,91,3,3248.9,50,3,3249.0,58,2,3249.1,44,2,3249.2,191,7
11536,2025-12-30 14:50:31+05:30,3248.7,2,3252.6,1823879,82702.0,109917.0,3250.0,3267.5,3239.8,3251.5,46326700,3576.6,2926.4,4322.95,2866.6,3248.6,51,1,3247.6,61,1,3247.5,86,1,3247.4,194,3,3247.3,2,1,3248.7,54,3,3248.9,53,3,3249.0,40,1,3249.1,44,2,3249.2,111,5
11536,2025-12-30 14:50:32+05:30,3248.7,2,3252.6,1823879,82702.0,109917.0,3250.0,3267.5,3239.8,3251.5,46326700,3576.6,2926.4,4322.95,2866.6,3248.6,51,1,3247.6,61,1,3247.5,86,1,3247.4,194,3,3247.3,2,1,3248.7,54,3,3248.9,53,3,3249.0,40,1,3249.1,44,2,3249.2,111,5
11536,2025-12-30 14:50:32+05:30,3247.3,13,3252.59,1824942,82214.0,109763.0,3250.0,3267.5,3239.8,3251.5,46326700,3576.6,2926.4,4322.95,2866.6,3247.2,78,3,3247.1,68,3,3247.0,23,3,3246.9,10,2,3246.8,39,4,3248.5,54,2,3248.6,52,3,3248.7,25,2,3248.8,45,2,3249.0,148,6
11536,2025-12-30 14:50:33+05:30,3247.3,13,3252.59,1824942,82214.0,109763.0,3250.0,3267.5,3239.8,3251.5,46326700,3576.6,2926.4,4322.95,2866.6,3247.2,78,3,3247.1,68,3,3247.0,23,3,3246.9,10,2,3246.8,39,4,3248.5,54,2,3248.6,52,3,3248.7,25,2,3248.8,45,2,3249.0,148,6
11536,2025-12-30 14:50:33+05:30,3247.3,13,3252.59,1824942,82383.0,109931.0,3250.0,3267.5,3239.8,3251.5,46326700,3576.6,2926.4,4322.95,2866.6,3247.3,17,1,3247.2,78,3,3247.1,68,3,3247.0,23,3,3246.9,10,2,3248.5,103,5,3248.6,80,5,3248.7,15,1,3248.8,94,4,3248.9,49,2
11536,2025-12-30 14:50:34+05:30,3248.3,18,3252.59,1825145,81688.0,109682.0,3250.0,3267.5,3239.8,3251.5,46326700,3576.6,2926.4,4322.95,2866.6,3247.2,10,1,3247.1,68,3,3247.0,43,4,3246.9,36,3,3246.8,15,3,3248.4,92,3,3248.5,51,3,3248.6,61,3,3248.7,68,3,3248.8,61,3
11536,2025-12-30 14:50:35+05:30,3248.5,1,3252.59,1825145,81688.0,109682.0,3250.0,3267.5,3239.8,3251.5,46326700,3576.6,2926.4,4322.95,2866.6,3247.2,10,1,3247.1,68,3,3247.0,43,4,3246.9,36,3,3246.8,15,3,3248.4,92,3,3248.5,51,3,3248.6,61,3,3248.7,68,3,3248.8,61,3
11536,2025-12-30 14:50:35+05:30,3248.5,1,3252.59,1825245,82368.0,109429.0,3250.0,3267.5,3239.8,3251.5,46326700,3576.6,2926.4,4322.95,2866.6,3248.0,33,3,3247.6,10,1,3247.5,10,1,3247.4,2,1,3247.3,24,1,3248.5,2,1,3248.6,65,2,3248.7,15,1,3248.8,53,2,3248.9,63,2
11536,2025-12-30 14:50:36+05:30,3248.5,1,3252.59,1825254,82330.0,109457.0,3250.0,3267.5,3239.8,3251.5,46326700,3576.6,2926.4,4322.95,2866.6,3248.0,33,3,3247.9,25,1,3247.6,10,1,3247.5,10,1,3247.4,2,1,3248.5,7,1,3248.6,39,1,3248.7,15,1,3248.8,95,4,3248.9,63,2
11536,2025-12-30 14:50:37+05:30,3248.5,1,3252.59,1825254,82330.0,109457.0,3250.0,3267.5,3239.8,3251.5,46326700,3576.6,2926.4,4322.95,2866.6,3248.0,33,3,3247.9,25,1,3247.6,10,1,3247.5,10,1,3247.4,2,1,3248.5,7,1,3248.6,39,1,3248.7,15,1,3248.8,95,4,3248.9,63,2
11536,2025-12-30 14:50:37+05:30,3248.5,4,3252.59,1825259,82304.0,109450.0,3250.0,3267.5,3239.8,3251.5,46326700,3576.6,2926.4,4322.95,2866.6,3248.0,33,3,3247.9,66,2,3247.6,10,1,3247.5,10,1,3247.4,2,1,3248.5,2,1,3248.6,39,1,3248.7,45,2,3248.8,53,2,3248.9,63,2
11536,2025-12-30 14:50:38+05:30,3248.5,4,3252.59,1825259,82304.0,109450.0,3250.0,3267.5,3239.8,3251.5,46326700,3576.6,2926.4,4322.95,2866.6,3248.0,33,3,3247.9,66,2,3247.6,10,1,3247.5,10,1,3247.4,2,1,3248.5,2,1,3248.6,39,1,3248.7,45,2,3248.8,53,2,3248.9,63,2
11536,2025-12-30 14:50:39+05:30,3247.9,37,3252.59,1825453,82199.0,109705.0,3250.0,3267.5,3239.8,3251.5,46326700,3576.6,2926.4,4322.95,2866.6,3247.9,8,2,3247.6,10,1,3247.5,10,1,3247.4,2,1,3247.3,10,1,3248.5,2,1,3248.8,24,1,3248.9,149,5,3249.0,91,4,3249.1,80,3
11536,2025-12-30 14:50:39+05:30,3248.5,2,3252.59,1825453,82199.0,109705.0,3250.0,3267.5,3239.8,3251.5,46326700,3576.6,2926.4,4322.95,2866.6,3247.9,8,2,3247.6,10,1,3247.5,10,1,3247.4,2,1,3247.3,10,1,3248.5,2,1,3248.8,24,1,3248.9,149,5,3249.0,91,4,3249.1,80,3
11536,2025-12-30 14:50:40+05:30,3248.5,2,3252.59,1825455,81975.0,109663.0,3250.0,3267.5,3239.8,3251.5,46326700,3576.6,2926.4,4322.95,2866.6,3248.5,6,2,3247.9,8,2,3247.6,10,1,3247.5,10,1,3247.4,22,2,3248.9,97,3,3249.0,16,1,3249.1,96,4,3249.2,79,4,3249.3,66,5
11536,2025-12-30 14:50:40+05:30,3248.9,10,3252.59,1825455,81975.0,109663.0,3250.0,3267.5,3239.8,3251.5,46326700,3576.6,2926.4,4322.95,2866.6,3248.5,6,2,3247.9,8,2,3247.6,10,1,3247.5,10,1,3247.4,22,2,3248.9,97,3,3249.0,16,1,3249.1,96,4,3249.2,79,4,3249.3,66,5
11536,2025-12-30 14:50:41+05:30,3248.9,34,3252.59,1825499,81977.0,109823.0,3250.0,3267.5,3239.8,3251.5,46326700,3576.6,2926.4,4322.95,2866.6,3248.5,4,1,3248.0,6,1,3247.9,8,2,3247.6,10,1,3247.5,10,1,3248.9,61,3,3249.1,66,4,3249.2,125,5,3249.3,47,4,3249.4,108,4
11536,2025-12-30 14:50:41+05:30,3248.9,34,3252.59,1825499,81977.0,109823.0,3250.0,3267.5,3239.8,3251.5,46326700,3576.6,2926.4,4322.95,2866.6,3248.5,4,1,3248.0,6,1,3247.9,8,2,3247.6,10,1,3247.5,10,1,3248.9,61,3,3249.1,66,4,3249.2,125,5,3249.3,47,4,3249.4,108,4
11536,2025-12-30 14:50:42+05:30,3248.9,34,3252.59,1825499,82183.0,109233.0,3250.0,3267.5,3239.8,3251.5,46326700,3576.6,2926.4,4322.95,2866.6,3248.6,4,1,3248.5,4,1,3248.0,31,2,3247.9,4,1,3247.6,10,1,3248.9,65,3,3249.0,16,1,3249.1,8,1,3249.2,107,4,3249.3,81,6
11536,2025-12-30 14:50:43+05:30,3248.6,1,3252.59,1825662,82027.0,109955.0,3250.0,3267.5,3239.8,3251.5,46326700,3576.6,2926.4,4322.95,2866.6,3248.6,40,1,3248.5,4,1,3248.0,31,2,3247.9,15,2,3247.6,30,2,3248.9,48,2,3249.0,16,1,3249.2,61,3,3249.3,111,6,3249.4,90,4
11536,2025-12-30 14:50:43+05:30,3248.9,1,3252.59,1825662,82027.0,109955.0,3250.0,3267.5,3239.8,3251.5,46326700,3576.6,2926.4,4322.95,2866.6,3248.6,40,1,3248.5,4,1,3248.0,31,2,3247.9,15,2,3247.6,30,2,3248.9,48,2,3249.0,16,1,3249.2,61,3,3249.3,111,6,3249.4,90,4
11536,2025-12-30 14:50:44+05:30,3248.9,1,3252.59,1825663,82028.0,109934.0,3250.0,3267.5,3239.8,3251.5,46326700,3576.6,2926.4,4322.95,2866.6,3248.6,40,1,3248.5,4,1,3248.0,31,2,3247.9,15,2,3247.6,30,2,3248.9,47,2,3249.0,16,1,3249.1,8,1,3249.2,61,3,3249.3,86,5
11536,2025-12-30 14:50:45+05:30,3248.8,1,3252.59,1825668,82269.0,109407.0,3250.0,3267.5,3239.8,3251.5,46326700,3576.6,2926.4,4322.95,2866.6,3248.8,39,1,3248.5,4,1,3248.0,38,3,3247.9,4,1,3247.8,20,1,3249.2,24,1,3249.3,38,4,3249.4,258,6,3249.5,55,3,3249.6,84,4
11536,2025-12-30 14:50:45+05:30,3248.8,1,3252.59,1825668,82269.0,109407.0,3250.0,3267.5,3239.8,3251.5,46326700,3576.6,2926.4,4322.95,2866.6,3248.8,39,1,3248.5,4,1,3248.0,38,3,3247.9,4,1,3247.8,20,1,3249.2,24,1,3249.3,38,4,3249.4,258,6,3249.5,55,3,3249.6,84,4
11536,2025-12-30 14:50:46+05:30,3248.8,1,3252.59,1825668,82097.0,109507.0,3250.0,3267.5,3239.8,3251.5,46326700,3576.6,2926.4,4322.95,2866.6,3248.8,41,2,3248.5,4,1,3248.0,38,3,3247.9,13,2,3247.8,20,1,3249.2,24,1,3249.3,106,6,3249.4,136,5,3249.5,26,2,3249.6,206,5
11536,2025-12-30 14:50:46+05:30,3249.2,1,3252.59,1825668,82097.0,109507.0,3250.0,3267.5,3239.8,3251.5,46326700,3576.6,2926.4,4322.95,2866.6,3248.8,41,2,3248.5,4,1,3248.0,38,3,3247.9,13,2,3247.8,20,1,3249.2,24,1,3249.3,106,6,3249.4,136,5,3249.5,26,2,3249.6,206,5
11536,2025-12-30 14:50:47+05:30,3248.8,6,3252.59,1825983,82057.0,110223.0,3250.0,3267.5,3239.8,3251.5,46326700,3576.6,2926.4,4322.95,2866.6,3248.8,44,3,3248.0,38,3,3247.9,13,2,3247.8,20,1,3247.6,47,3,3249.1,121,7,3249.2,139,5,3249.3,29,3,3249.4,90,4,3249.5,148,3
11536,2025-12-30 14:50:47+05:30,3248.8,6,3252.59,1825983,82057.0,110223.0,3250.0,3267.5,3239.8,3251.5,46326700,3576.6,2926.4,4322.95,2866.6,3248.8,44,3,3248.0,38,3,3247.9,13,2,3247.8,20,1,3247.6,47,3,3249.1,121,7,3249.2,139,5,3249.3,29,3,3249.4,90,4,3249.5,148,3
11536,2025-12-30 14:50:48+05:30,3247.6,3,3252.59,1826801,81523.0,109836.0,3250.0,3267.5,3239.8,3251.5,46326700,3576.6,2926.4,4322.95,2866.6,3247.5,10,1,3247.4,2,1,3247.3,24,1,3247.2,39,2,3247.1,48,4,3247.6,103,1,3247.7,122,1,3248.6,63,2,3248.7,95,2,3248.8,66,3
11536,2025-12-30 14:50:48+05:30,3247.6,1,3252.59,1826801,81523.0,109836.0,3250.0,3267.5,3239.8,3251.5,46326700,3576.6,2926.4,4322.95,2866.6,3247.5,10,1,3247.4,2,1,3247.3,24,1,3247.2,39,2,3247.1,48,4,3247.6,103,1,3247.7,122,1,3248.6,63,2,3248.7,95,2,3248.8,66,3
11536,2025-12-30 14:50:49+05:30,3247.6,1,3252.59,1826867,81660.0,110180.0,3250.0,3267.5,3239.8,3251.5,46326700,3576.6,2926.4,4322.95,2866.6,3247.5,44,2,3247.4,2,1,3247.2,10,1,3247.1,49,4,3247.0,47,4,3247.6,198,2,3248.6,38,2,3248.7,141,3,3248.8,66,3,3248.9,105,3
11536,2025-12-30 14:50:49+05:30,3247.6,1,3252.59,1826867,81660.0,110180.0,3250.0,3267.5,3239.8,3251.5,46326700,3576.6,2926.4,4322.95,2866.6,3247.5,44,2,3247.4,2,1,3247.2,10,1,3247.1,49,4,3247.0,47,4,3247.6,198,2,3248.6,38,2,3248.7,141,3,3248.8,66,3,3248.9,105,3
11536,2025-12-30 14:50:49+05:30,3247.6,1,3252.59,1826867,81660.0,110180.0,3250.0,3267.5,3239.8,3251.5,46326700,3576.6,2926.4,4322.95,2866.6,3247.5,44,2,3247.4,2,1,3247.2,10,1,3247.1,49,4,3247.0,47,4,3247.6,198,2,3248.6,38,2,3248.7,141,3,3248.8,66,3,3248.9,105,3
11536,2025-12-30 14:50:50+05:30,3247.6,47,3252.59,1826914,81726.0,110147.0,3250.0,3267.5,3239.8,3251.5,46326700,3576.6,2926.4,4322.95,2866.6,3247.5,44,2,3247.4,2,1,3247.2,10,1,3247.1,49,4,3247.0,47,4,3247.6,151,2,3248.6,38,2,3248.7,141,3,3248.8,66,3,3248.9,109,4
11536,2025-12-30 14:50:50+05:30,3247.6,47,3252.59,1826914,81726.0,110147.0,3250.0,3267.5,3239.8,3251.5,46326700,3576.6,2926.4,4322.95,2866.6,3247.5,44,2,3247.4,2,1,3247.2,10,1,3247.1,49,4,3247.0,47,4,3247.6,151,2,3248.6,38,2,3248.7,141,3,3248.8,66,3,3248.9,109,4
11536,2025-12-30 14:50:51+05:30,3247.6,47,3252.59,1826914,81726.0,110147.0,3250.0,3267.5,3239.8,3251.5,46326700,3576.6,2926.4,4322.95,2866.6,3247.5,44,2,3247.4,2,1,3247.2,10,1,3247.1,49,4,3247.0,47,4,3247.6,151,2,3248.6,38,2,3248.7,141,3,3248.8,66,3,3248.9,109,4
11536,2025-12-30 14:50:51+05:30,3247.5,140,3252.59,1827237,81497.0,110331.0,3250.0,3267.5,3239.8,3251.5,46326700,3576.6,2926.4,4322.95,2866.6,3247.5,34,1,3247.4,2,1,3247.2,10,1,3247.1,13,2,3247.0,23,3,3247.6,136,2,3248.5,28,1,3248.6,84,3,3248.7,95,2,3248.8,84,4
11536,2025-12-30 14:50:51+05:30,3247.5,140,3252.59,1827237,81497.0,110331.0,3250.0,3267.5,3239.8,3251.5,46326700,3576.6,2926.4,4322.95,2866.6,3247.5,34,1,3247.4,2,1,3247.2,10,1,3247.1,13,2,3247.0,23,3,3247.6,136,2,3248.5,28,1,3248.6,84,3,3248.7,95,2,3248.8,84,4
11536,2025-12-30 14:50:52+05:30,3248.7,28,3252.59,1827424,82419.0,109797.0,3250.0,3267.5,3239.8,3251.5,46326700,3576.6,2926.4,4322.95,2866.6,3247.5,227,2,3247.4,36,2,3247.2,10,1,3247.1,16,3,3247.0,79,6,3248.7,15,1,3248.8,3,1,3249.0,40,2,3249.1,14,2,3249.2,108,5
11536,2025-12-30 14:50:52+05:30,3248.7,28,3252.59,1827424,82419.0,109797.0,3250.0,3267.5,3239.8,3251.5,46326700,3576.6,2926.4,4322.95,2866.6,3247.5,227,2,3247.4,36,2,3247.2,10,1,3247.1,16,3,3247.0,79,6,3248.7,15,1,3248.8,3,1,3249.0,40,2,3249.1,14,2,3249.2,108,5
11536,2025-12-30 14:50:52+05:30,3248.7,28,3252.59,1827424,82419.0,109797.0,3250.0,3267.5,3239.8,3251.5,46326700,3576.6,2926.4,4322.95,2866.6,3247.5,227,2,3247.4,36,2,3247.2,10,1,3247.1,16,3,3247.0,79,6,3248.7,15,1,3248.8,3,1,3249.0,40,2,3249.1,14,2,3249.2,108,5
11536,2025-12-30 14:50:53+05:30,3248.7,28,3252.59,1827424,82470.0,110175.0,3250.0,3267.5,3239.8,3251.5,46326700,3576.6,2926.4,4322.95,2866.6,3247.5,227,2,3247.4,36,2,3247.2,10,1,3247.1,16,3,3247.0,121,7,3248.7,15,1,3248.8,3,1,3249.0,98,3,3249.1,14,2,3249.2,108,5
11536,2025-12-30 14:50:53+05:30,3248.7,28,3252.59,1827424,82470.0,110175.0,3250.0,3267.5,3239.8,3251.5,46326700,3576.6,2926.4,4322.95,2866.6,3247.5,227,2,3247.4,36,2,3247.2,10,1,3247.1,16,3,3247.0,121,7,3248.7,15,1,3248.8,3,1,3249.0,98,3,3249.1,14,2,3249.2,108,5
11536,2025-12-30 14:50:54+05:30,3248.7,28,3252.59,1827424,82387.0,109825.0,3250.0,3267.5,3239.8,3251.5,46326700,3576.6,2926.4,4322.95,2866.6,3247.5,261,3,3247.4,26,2,3247.3,48,1,3247.2,31,2,3247.1,17,4,3248.7,73,2,3248.8,3,1,3249.0,40,2,3249.1,14,2,3249.2,108,5
11536,2025-12-30 14:50:54+05:30,3248.7,21,3252.59,1827424,82387.0,109825.0,3250.0,3267.5,3239.8,3251.5,46326700,3576.6,2926.4,4322.95,2866.6,3247.5,261,3,3247.4,26,2,3247.3,48,1,3247.2,31,2,3247.1,17,4,3248.7,73,2,3248.8,3,1,3249.0,40,2,3249.1,14,2,3249.2,108,5
11536,2025-12-30 14:50:54+05:30,3248.7,21,3252.59,1827424,82387.0,109825.0,3250.0,3267.5,3239.8,3251.5,46326700,3576.6,2926.4,4322.95,2866.6,3247.5,261,3,3247.4,26,2,3247.3,48,1,3247.2,31,2,3247.1,17,4,3248.7,73,2,3248.8,3,1,3249.0,40,2,3249.1,14,2,3249.2,108,5
11536,2025-12-30 14:50:55+05:30,3248.7,2,3252.59,1827617,82398.0,109630.0,3250.0,3267.5,3239.8,3251.5,46326700,3576.6,2926.4,4322.95,2866.6,3247.5,106,2,3247.4,26,2,3247.3,48,1,3247.2,31,2,3247.1,35,5,3248.7,87,3,3248.8,3,1,3249.0,40,2,3249.1,14,2,3249.2,108,5
11536,2025-12-30 14:50:55+05:30,3248.7,2,3252.59,1827617,82398.0,109630.0,3250.0,3267.5,3239.8,3251.5,46326700,3576.6,2926.4,4322.95,2866.6,3247.5,106,2,3247.4,26,2,3247.3,48,1,3247.2,31,2,3247.1,35,5,3248.7,87,3,3248.8,3,1,3249.0,40,2,3249.1,14,2,3249.2,108,5
11536,2025-12-30 14:50:55+05:30,3248.7,2,3252.59,1827617,82398.0,109630.0,3250.0,3267.5,3239.8,3251.5,46326700,3576.6,2926.4,4322.95,2866.6,3247.5,106,2,3247.4,26,2,3247.3,48,1,3247.2,31,2,3247.1,35,5,3248.7,87,3,3248.8,3,1,3249.0,40,2,3249.1,14,2,3249.2,108,5
11536,2025-12-30 14:50:56+05:30,3247.6,4,3252.59,1827621,82392.0,107173.0,3250.0,3267.5,3239.8,3251.5,46326700,3576.6,2926.4,4322.95,2866.6,3247.6,30,1,3247.5,72,1,3247.4,2,1,3247.3,48,1,3247.2,49,3,3248.7,52,2,3248.8,3,1,3249.0,21,1,3249.1,14,2,3249.2,108,5
11536,2025-12-30 14:50:56+05:30,3247.6,4,3252.59,1827621,82392.0,107173.0,3250.0,3267.5,3239.8,3251.5,46326700,3576.6,2926.4,4322.95,2866.6,3247.6,30,1,3247.5,72,1,3247.4,2,1,3247.3,48,1,3247.2,49,3,3248.7,52,2,3248.8,3,1,3249.0,21,1,3249.1,14,2,3249.2,108,5
11536,2025-12-30 14:50:56+05:30,3247.6,4,3252.59,1827621,82392.0,107173.0,3250.0,3267.5,3239.8,3251.5,46326700,3576.6,2926.4,4322.95,2866.6,3247.6,30,1,3247.5,72,1,3247.4,2,1,3247.3,48,1,3247.2,49,3,3248.7,52,2,3248.8,3,1,3249.0,21,1,3249.1,14,2,3249.2,108,5
11536,2025-12-30 14:50:57+05:30,3247.6,35,3252.59,1827665,82226.0,109753.0,3250.0,3267.5,3239.8,3251.5,46326700,3576.6,2926.4,4322.95,2866.6,3247.6,16,1,3247.5,72,1,3247.4,2,1,3247.2,31,2,3247.1,16,3,3248.6,61,3,3248.7,22,2,3248.9,44,1,3249.0,111,4,3249.1,108,5
11536,2025-12-30 14:50:57+05:30,3247.6,35,3252.59,1827665,82226.0,109753.0,3250.0,3267.5,3239.8,3251.5,46326700,3576.6,2926.4,4322.95,2866.6,3247.6,16,1,3247.5,72,1,3247.4,2,1,3247.2,31,2,3247.1,16,3,3248.6,61,3,3248.7,22,2,3248.9,44,1,3249.0,111,4,3249.1,108,5
11536,2025-12-30 14:50:57+05:30,3247.6,35,3252.59,1827665,82226.0,109753.0,3250.0,3267.5,3239.8,3251.5,46326700,3576.6,2926.4,4322.95,2866.6,3247.6,16,1,3247.5,72,1,3247.4,2,1,3247.2,31,2,3247.1,16,3,3248.6,61,3,3248.7,22,2,3248.9,44,1,3249.0,111,4,3249.1,108,5
11536,2025-12-30 14:50:58+05:30,3247.6,35,3252.59,1827665,82226.0,109753.0,3250.0,3267.5,3239.8,3251.5,46326700,3576.6,2926.4,4322.95,2866.6,3247.6,16,1,3247.5,72,1,3247.4,2,1,3247.2,31,2,3247.1,16,3,3248.6,61,3,3248.7,22,2,3248.9,44,1,3249.0,111,4,3249.1,108,5
11536,2025-12-30 14:50:58+05:30,3247.6,2,3252.59,1827668,82283.0,109742.0,3250.0,3267.5,3239.8,3251.5,46326700,3576.6,2926.4,4322.95,2866.6,3247.6,61,3,3247.5,72,1,3247.4,2,1,3247.2,31,2,3247.1,16,3,3248.6,51,2,3248.7,22,2,3248.8,15,1,3248.9,44,1,3249.0,111,4
11536,2025-12-30 14:50:58+05:30,3247.6,2,3252.59,1827668,82283.0,109742.0,3250.0,3267.5,3239.8,3251.5,46326700,3576.6,2926.4,4322.95,2866.6,3247.6,61,3,3247.5,72,1,3247.4,2,1,3247.2,31,2,3247.1,16,3,3248.6,51,2,3248.7,22,2,3248.8,15,1,3248.9,44,1,3249.0,111,4
11536,2025-12-30 14:50:59+05:30,3247.6,2,3252.59,1827668,82283.0,109742.0,3250.0,3267.5,3239.8,3251.5,46326700,3576.6,2926.4,4322.95,2866.6,3247.6,61,3,3247.5,72,1,3247.4,2,1,3247.2,31,2,3247.1,16,3,3248.6,51,2,3248.7,22,2,3248.8,15,1,3248.9,44,1,3249.0,111,4
11536,2025-12-30 14:50:59+05:30,3247.2,1,3252.59,1827824,81440.0,110313.0,3250.0,3267.5,3239.8,3251.5,46326700,3576.6,2926.4,4322.95,2866.6,3247.2,5,1,3247.1,73,5,3247.0,50,5,3246.9,27,3,3246.8,58,5,3247.6,4,1,3248.5,10,2,3248.6,143,5,3248.7,120,4,3248.8,109,6
11536,2025-12-30 14:50:59+05:30,3247.2,1,3252.59,1827824,81440.0,110313.0,3250.0,3267.5,3239.8,3251.5,46326700,3576.6,2926.4,4322.95,2866.6,3247.2,5,1,3247.1,73,5,3247.0,50,5,3246.9,27,3,3246.8,58,5,3247.6,4,1,3248.5,10,2,3248.6,143,5,3248.7,120,4,3248.8,109,6
11536,2025-12-30 14:50:59+05:30,3247.2,1,3252.59,1827824,81440.0,110313.0,3250.0,3267.5,3239.8,3251.5,46326700,3576.6,2926.4,4322.95,2866.6,3247.2,5,1,3247.1,73,5,3247.0,50,5,3246.9,27,3,3246.8,58,5,3247.6,4,1,3248.5,10,2,3248.6,143,5,3248.7,120,4,3248.8,109,6
11536,2025-12-30 14:51:00+05:30,3247.6,1,3252.59,1827826,81392.0,109004.0,3250.0,3267.5,3239.8,3251.5,46326700,3576.6,2926.4,4322.95,2866.6,3247.2,5,1,3247.1,29,3,3247.0,23,3,3246.9,27,3,3246.8,32,4,3247.6,2,1,3248.2,20,1,3248.3,69,3,3248.4,75,3,3248.5,6,1
11536,2025-12-30 14:51:00+05:30,3247.6,1,3252.59,1827826,81392.0,109004.0,3250.0,3267.5,3239.8,3251.5,46326700,3576.6,2926.4,4322.95,2866.6,3247.2,5,1,3247.1,29,3,3247.0,23,3,3246.9,27,3,3246.8,32,4,3247.6,2,1,3248.2,20,1,3248.3,69,3,3248.4,75,3,3248.5,6,1
11536,2025-12-30 14:51:01+05:30,3248.3,23,3252.59,1827935,81692.0,108365.0,3250.0,3267.5,3239.8,3251.5,46326700,3576.6,2926.4,4322.95,2866.6,3247.2,6,2,3247.1,34,4,3247.0,41,4,3246.9,27,3,3246.8,54,5,3248.3,1,1,3248.4,3,1,3248.6,22,1,3248.7,10,1,3248.8,63,4
11536,2025-12-30 14:51:01+05:30,3248.3,23,3252.59,1827935,81692.0,108365.0,3250.0,3267.5,3239.8,3251.5,46326700,3576.6,2926.4,4322.95,2866.6,3247.2,6,2,3247.1,34,4,3247.0,41,4,3246.9,27,3,3246.8,54,5,3248.3,1,1,3248.4,3,1,3248.6,22,1,3248.7,10,1,3248.8,63,4
11536,2025-12-30 14:51:01+05:30,3248.3,1,3252.59,1827935,81692.0,108365.0,3250.0,3267.5,3239.8,3251.5,46326700,3576.6,2926.4,4322.95,2866.6,3247.2,6,2,3247.1,34,4,3247.0,41,4,3246.9,27,3,3246.8,54,5,3248.3,1,1,3248.4,3,1,3248.6,22,1,3248.7,10,1,3248.8,63,4
11536,2025-12-30 14:51:02+05:30,3248.3,10,3252.58,1829177,81439.0,109256.0,3250.0,3267.5,3239.8,3251.5,46326700,3576.6,2926.4,4322.95,2866.6,3247.1,115,7,3247.0,17,1,3246.9,46,5,3246.8,25,4,3246.7,211,3,3248.6,24,1,3248.7,35,2,3248.8,24,2,3249.0,63,2,3249.1,16,2
11536,2025-12-30 14:51:02+05:30,3247.1,3,3252.58,1829177,81439.0,109256.0,3250.0,3267.5,3239.8,3251.5,46326700,3576.6,2926.4,4322.95,2866.6,3247.1,115,7,3247.0,17,1,3246.9,46,5,3246.8,25,4,3246.7,211,3,3248.6,24,1,3248.7,35,2,3248.8,24,2,3249.0,63,2,3249.1,16,2
11536,2025-12-30 14:51:02+05:30,3247.1,3,3252.58,1829177,81439.0,109256.0,3250.0,3267.5,3239.8,3251.5,46326700,3576.6,2926.4,4322.95,2866.6,3247.1,115,7,3247.0,17,1,3246.9,46,5,3246.8,25,4,3246.7,211,3,3248.6,24,1,3248.7,35,2,3248.8,24,2,3249.0,63,2,3249.1,16,2
11536,2025-12-30 14:51:03+05:30,3248.3,61,3252.58,1830538,82554.0,108665.0,3250.0,3267.5,3239.8,3251.5,46326700,3576.6,2926.4,4322.95,2866.6,3247.0,72,4,3246.9,40,4,3246.8,76,3,3246.7,923,4,3246.6,387,5,3248.5,62,2,3248.6,91,2,3248.7,23,1,3248.8,31,3,3248.9,51,2
11536,2025-12-30 14:51:03+05:30,3248.3,61,3252.58,1830538,82554.0,108665.0,3250.0,3267.5,3239.8,3251.5,46326700,3576.6,2926.4,4322.95,2866.6,3247.0,72,4,3246.9,40,4,3246.8,76,3,3246.7,923,4,3246.6,387,5,3248.5,62,2,3248.6,91,2,3248.7,23,1,3248.8,31,3,3248.9,51,2
11536,2025-12-30 14:51:04+05:30,3247.1,11,3252.58,1830551,83129.0,109395.0,3250.0,3267.5,3239.8,3251.5,46326700,3576.6,2926.4,4322.95,2866.6,3247.2,28,1,3247.1,24,1,3247.0,144,3,3246.9,45,5,3246.8,203,7,3248.6,39,1,3248.7,108,3,3248.8,11,2,3248.9,79,3,3249.0,21,1
11536,2025-12-30 14:51:04+05:30,3247.1,11,3252.58,1830551,83129.0,109395.0,3250.0,3267.5,3239.8,3251.5,46326700,3576.6,2926.4,4322.95,2866.6,3247.2,28,1,3247.1,24,1,3247.0,144,3,3246.9,45,5,3246.8,203,7,3248.6,39,1,3248.7,108,3,3248.8,11,2,3248.9,79,3,3249.0,21,1
11536,2025-12-30 14:51:04+05:30,3247.1,11,3252.58,1830551,83129.0,109395.0,3250.0,3267.5,3239.8,3251.5,46326700,3576.6,2926.4,4322.95,2866.6,3247.2,28,1,3247.1,24,1,3247.0,144,3,3246.9,45,5,3246.8,203,7,3248.6,39,1,3248.7,108,3,3248.8,11,2,3248.9,79,3,3249.0,21,1
11536,2025-12-30 14:51:05+05:30,3248.6,39,3252.58,1830590,83370.0,109416.0,3250.0,3267.5,3239.8,3251.5,46326700,3576.6,2926.4,4322.95,2866.6,3248.6,5,1,3247.6,21,1,3247.4,124,3,3247.3,61,3,3247.2,69,3,3248.8,47,4,3248.9,51,2,3249.0,44,2,3249.1,29,2,3249.2,60,3
11536,2025-12-30 14:51:05+05:30,3248.8,1,3252.58,1830590,83370.0,109416.0,3250.0,3267.5,3239.8,3251.5,46326700,3576.6,2926.4,4322.95,2866.6,3248.6,5,1,3247.6,21,1,3247.4,124,3,3247.3,61,3,3247.2,69,3,3248.8,47,4,3248.9,51,2,3249.0,44,2,3249.1,29,2,3249.2,60,3
11536,2025-12-30 14:51:05+05:30,3249.9,7,3252.58,1831466,82540.0,108528.0,3250.0,3267.5,3239.8,3251.5,46326700,3576.6,2926.4,4322.95,2866.6,3248.6,5,1,3248.5,75,1,3248.0,4,1,3247.8,66,2,3247.7,3,1,3249.6,154,7,3249.7,98,5,3249.9,91,4,3250.0,50,5,3250.1,46,1
11536,2025-12-30 14:51:06+05:30,3249.9,7,3252.58,1831466,82540.0,108528.0,3250.0,3267.5,3239.8,3251.5,46326700,3576.6,2926.4,4322.95,2866.6,3248.6,5,1,3248.5,75,1,3248.0,4,1,3247.8,66,2,3247.7,3,1,3249.6,154,7,3249.7,98,5,3249.9,91,4,3250.0,50,5,3250.1,46,1
11536,2025-12-30 14:51:06+05:30,3248.5,149,3252.58,1831466,82540.0,108528.0,3250.0,3267.5,3239.8,3251.5,46326700,3576.6,2926.4,4322.95,2866.6,3248.6,5,1,3248.5,75,1,3248.0,4,1,3247.8,66,2,3247.7,3,1,3249.6,154,7,3249.7,98,5,3249.9,91,4,3250.0,50,5,3250.1,46,1
11536,2025-12-30 14:51:06+05:30,3249.3,8,3252.58,1831630,82741.0,109517.0,3250.0,3267.5,3239.8,3251.5,46326700,3576.6,2926.4,4322.95,2866.6,3248.5,75,1,3248.3,2,1,3248.1,22,1,3247.8,72,2,3247.6,24,2,3249.3,126,7,3249.4,61,3,3249.5,45,3,3249.6,59,4,3249.7,129,5
11536,2025-12-30 14:51:07+05:30,3249.3,8,3252.58,1831630,82741.0,109517.0,3250.0,3267.5,3239.8,3251.5,46326700,3576.6,2926.4,4322.95,2866.6,3248.5,75,1,3248.3,2,1,3248.1,22,1,3247.8,72,2,3247.6,24,2,3249.3,126,7,3249.4,61,3,3249.5,45,3,3249.6,59,4,3249.7,129,5
11536,2025-12-30 14:51:07+05:30,3249.3,8,3252.58,1831630,82741.0,109517.0,3250.0,3267.5,3239.8,3251.5,46326700,3576.6,2926.4,4322.95,2866.6,3248.5,75,1,3248.3,2,1,3248.1,22,1,3247.8,72,2,3247.6,24,2,3249.3,126,7,3249.4,61,3,3249.5,45,3,3249.6,59,4,3249.7,129,5
11536,2025-12-30 14:51:07+05:30,3249.2,4,3252.58,1831634,82577.0,106573.0,3250.0,3267.5,3239.8,3251.5,46326700,3576.6,2926.4,4322.95,2866.6,3248.3,77,2,3248.1,22,1,3247.8,72,2,3247.6,24,2,3247.5,101,3,3249.2,136,6,3249.3,58,3,3249.4,22,2,3249.5,65,3,3249.6,110,6
11536,2025-12-30 14:51:08+05:30,3249.2,4,3252.58,1831634,82577.0,106573.0,3250.0,3267.5,3239.8,3251.5,46326700,3576.6,2926.4,4322.95,2866.6,3248.3,77,2,3248.1,22,1,3247.8,72,2,3247.6,24,2,3247.5,101,3,3249.2,136,6,3249.3,58,3,3249.4,22,2,3249.5,65,3,3249.6,110,6
11536,2025-12-30 14:51:08+05:30,3248.3,37,3252.58,1831692,82533.0,109322.0,3250.0,3267.5,3239.8,3251.5,46326700,3576.6,2926.4,4322.95,2866.6,3248.3,38,1,3248.1,22,1,3247.8,20,1,3247.6,70,3,3247.5,59,3,3249.2,131,7,3249.3,19,2,3249.4,22,2,3249.5,72,4,3249.6,50,4
11536,2025-12-30 14:51:09+05:30,3248.3,37,3252.58,1831692,82533.0,109322.0,3250.0,3267.5,3239.8,3251.5,46349800,3576.6,2926.4,4322.95,2866.6,3248.3,38,1,3248.1,22,1,3247.8,20,1,3247.6,70,3,3247.5,59,3,3249.2,131,7,3249.3,19,2,3249.4,22,2,3249.5,72,4,3249.6,50,4
11536,2025-12-30 14:51:09+05:30,3249.2,6,3252.58,1831692,82533.0,109322.0,3250.0,3267.5,3239.8,3251.5,46349800,3576.6,2926.4,4322.95,2866.6,3248.3,38,1,3248.1,22,1,3247.8,20,1,3247.6,70,3,3247.5,59,3,3249.2,131,7,3249.3,19,2,3249.4,22,2,3249.5,72,4,3249.6,50,4
11536,2025-12-30 14:51:10+05:30,3249.2,16,3252.58,1831764,82795.0,109220.0,3250.0,3267.5,3239.8,3251.5,46349800,3576.6,2926.4,4322.95,2866.6,3248.3,99,1,3248.2,38,1,3247.8,62,2,3247.7,46,1,3247.6,24,2,3249.2,75,4,3249.3,63,4,3249.4,25,2,3249.5,35,2,3249.6,52,4
11536,2025-12-30 14:51:10+05:30,3248.2,56,3252.58,1831764,82795.0,109220.0,3250.0,3267.5,3239.8,3251.5,46349800,3576.6,2926.4,4322.95,2866.6,3248.3,99,1,3248.2,38,1,3247.8,62,2,3247.7,46,1,3247.6,24,2,3249.2,75,4,3249.3,63,4,3249.4,25,2,3249.5,35,2,3249.6,52,4
11536,2025-12-30 14:51:11+05:30,3249.2,1,3252.57,1831920,82707.0,109601.0,3250.0,3267.5,3239.8,3251.5,46349800,3576.6,2926.4,4322.95,2866.6,3248.2,75,1,3247.8,42,1,3247.6,70,3,3247.5,116,3,3247.4,150,4,3249.2,100,6,3249.3,47,3,3249.4,9,1,3249.5,35,2,3249.6,141,7
11536,2025-12-30 14:51:11+05:30,3248.8,55,3252.57,1831920,82707.0,109601.0,3250.0,3267.5,3239.8,3251.5,46349800,3576.6,2926.4,4322.95,2866.6,3248.2,75,1,3247.8,42,1,3247.6,70,3,3247.5,116,3,3247.4,150,4,3249.2,100,6,3249.3,47,3,3249.4,9,1,3249.5,35,2,3249.6,141,7
11536,2025-12-30 14:51:11+05:30,3248.8,55,3252.57,1831920,82707.0,109601.0,3250.0,3267.5,3239.8,3251.5,46349800,3576.6,2926.4,4322.95,2866.6,3248.2,75,1,3247.8,42,1,3247.6,70,3,3247.5,116,3,3247.4,150,4,3249.2,100,6,3249.3,47,3,3249.4,9,1,3249.5,35,2,3249.6,141,7
11536,2025-12-30 14:51:12+05:30,3248.8,2,3252.57,1832429,81164.0,109634.0,3250.0,3267.5,3239.8,3251.5,46349800,3576.6,2926.4,4322.95,2866.6,3247.2,19,2,3247.1,19,1,3247.0,69,3,3246.9,15,2,3246.8,97,5,3248.8,163,7,3248.9,15,3,3249.0,194,8,3249.1,69,4,3249.2,64,7
11536,2025-12-30 14:51:12+05:30,3248.8,2,3252.57,1832429,81164.0,109634.0,3250.0,3267.5,3239.8,3251.5,46349800,3576.6,2926.4,4322.95,2866.6,3247.2,19,2,3247.1,19,1,3247.0,69,3,3246.9,15,2,3246.8,97,5,3248.8,163,7,3248.9,15,3,3249.0,194,8,3249.1,69,4,3249.2,64,7
11536,2025-12-30 14:51:13+05:30,3247.2,1,3252.57,1832433,81236.0,107098.0,3250.0,3267.5,3239.8,3251.5,46349800,3576.6,2926.4,4322.95,2866.6,3247.2,18,2,3247.1,47,2,3247.0,89,4,3246.9,61,3,3246.8,51,4,3248.8,171,8,3248.9,15,3,3249.0,133,7,3249.1,69,4,3249.2,40,5
11536,2025-12-30 14:51:13+05:30,3247.2,1,3252.57,1832433,81236.0,107098.0,3250.0,3267.5,3239.8,3251.5,46349800,3576.6,2926.4,4322.95,2866.6,3247.2,18,2,3247.1,47,2,3247.0,89,4,3246.9,61,3,3246.8,51,4,3248.8,171,8,3248.9,15,3,3249.0,133,7,3249.1,69,4,3249.2,40,5
11536,2025-12-30 14:51:14+05:30,3247.0,6,3252.57,1832433,81236.0,107098.0,3250.0,3267.5,3239.8,3251.5,46349800,3576.6,2926.4,4322.95,2866.6,3247.2,18,2,3247.1,47,2,3247.0,89,4,3246.9,61,3,3246.8,51,4,3248.8,171,8,3248.9,15,3,3249.0,133,7,3249.1,69,4,3249.2,40,5
11536,2025-12-30 14:51:14+05:30,3247.0,6,3252.57,1832608,81288.0,109904.0,3250.0,3267.5,3239.8,3251.5,46349800,3576.6,2926.4,4322.95,2866.6,3247.0,48,2,3246.9,42,2,3246.8,29,2,3246.7,5,1,3246.6,23,2,3248.5,139,4,3248.6,119,6,3248.7,110,4,3248.8,65,5,3248.9,61,5
11536,2025-12-30 14:51:15+05:30,3248.4,1,3252.57,1832608,81288.0,109904.0,3250.0,3267.5,3239.8,3251.5,46349800,3576.6,2926.4,4322.95,2866.6,3247.0,48,2,3246.9,42,2,3246.8,29,2,3246.7,5,1,3246.6,23,2,3248.5,139,4,3248.6,119,6,3248.7,110,4,3248.8,65,5,3248.9,61,5
11536,2025-12-30 14:51:15+05:30,3248.4,1,3252.57,1832609,81225.0,108575.0,3250.0,3267.5,3239.8,3251.5,46349800,3576.6,2926.4,4322.95,2866.6,3247.0,96,3,3246.9,3,1,3246.8,59,3,3246.7,6,2,3246.6,69,3,3248.4,37,2,3248.5,72,4,3248.6,85,7,3248.7,54,2,3248.8,81,4
11536,2025-12-30 14:51:16+05:30,3247.7,1,3252.57,1832609,81225.0,108575.0,3250.0,3267.5,3239.8,3251.5,46349800,3576.6,2926.4,4322.95,2866.6,3247.0,96,3,3246.9,3,1,3246.8,59,3,3246.7,6,2,3246.6,69,3,3248.4,37,2,3248.5,72,4,3248.6,85,7,3248.7,54,2,3248.8,81,4
11536,2025-12-30 14:51:16+05:30,3247.7,1,3252.57,1832610,81256.0,108677.0,3250.0,3267.5,3239.8,3251.5,46349800,3576.6,2926.4,4322.95,2866.6,3247.1,28,1,3247.0,9,1,3246.9,33,2,3246.8,97,5,3246.7,6,2,3247.7,122,1,3248.4,36,3,3248.5,22,3,3248.6,41,3,3248.7,125,4
11536,2025-12-30 14:51:17+05:30,3247.7,13,3252.57,1832610,81256.0,108677.0,3250.0,3267.5,3239.8,3251.5,46349800,3576.6,2926.4,4322.95,2866.6,3247.1,28,1,3247.0,9,1,3246.9,33,2,3246.8,97,5,3246.7,6,2,3247.7,122,1,3248.4,36,3,3248.5,22,3,3248.6,41,3,3248.7,125,4
11536,2025-12-30 14:51:17+05:30,3247.7,13,3252.57,1832631,81512.0,110396.0,3250.0,3267.5,3239.8,3251.5,46349800,3576.6,2926.4,4322.95,2866.6,3247.1,70,2,3247.0,52,3,3246.9,33,2,3246.8,73,4,3246.7,31,4,3247.7,115,2,3248.4,26,2,3248.5,8,2,3248.6,36,2,3248.7,125,4
11536,2025-12-30 14:51:18+05:30,3246.5,135,3252.57,1832631,81512.0,110396.0,3250.0,3267.5,3239.8,3251.5,46349800,3576.6,2926.4,4322.95,2866.6,3247.1,70,2,3247.0,52,3,3246.9,33,2,3246.8,73,4,3246.7,31,4,3247.7,115,2,3248.4,26,2,3248.5,8,2,3248.6,36,2,3248.7,125,4
11536,2025-12-30 14:51:18+05:30,3246.5,135,3252.57,1833996,81491.0,110276.0,3250.0,3267.5,3239.8,3251.5,46349800,3576.6,2926.4,4322.95,2866.6,3246.5,93,6,3246.4,32,3,3246.3,55,3,3246.2,57,3,3246.1,23,2,3247.3,110,1,3247.9,21,1,3248.0,21,1,3248.1,91,2,3248.2,91,4
11536,2025-12-30 14:51:19+05:30,3247.3,47,3252.57,1833996,81491.0,110276.0,3250.0,3267.5,3239.8,3251.5,46349800,3576.6,2926.4,4322.95,2866.6,3246.5,93,6,3246.4,32,3,3246.3,55,3,3246.2,57,3,3246.1,23,2,3247.3,110,1,3247.9,21,1,3248.0,21,1,3248.1,91,2,3248.2,91,4
11536,2025-12-30 14:51:19+05:30,3247.3,47,3252.57,1834082,81599.0,110424.0,3250.0,3267.5,3239.8,3251.5,46349800,3576.6,2926.4,4322.95,2866.6,3246.5,133,7,3246.4,32,3,3246.3,55,3,3246.2,122,5,3246.1,69,3,3247.3,63,1,3247.9,21,1,3248.0,21,1,3248.1,91,2,3248.2,91,4
11536,2025-12-30 14:51:20+05:30,3247.3,13,3252.57,1834082,81599.0,110424.0,3250.0,3267.5,3239.8,3251.5,46349800,3576.6,2926.4,4322.95,2866.6,3246.5,133,7,3246.4,32,3,3246.3,55,3,3246.2,122,5,3246.1,69,3,3247.3,63,1,3247.9,21,1,3248.0,21,1,3248.1,91,2,3248.2,91,4
11536,2025-12-30 14:51:20+05:30,3247.3,13,3252.57,1834159,81898.0,110553.0,3250.0,3267.5,3239.8,3251.5,46349800,3576.6,2926.4,4322.95,2866.6,3247.3,109,1,3246.8,20,1,3246.7,28,1,3246.6,141,5,3246.5,107,4,3247.7,123,1,3248.2,52,2,3248.4,5,1,3248.5,71,3,3248.6,46,2
11536,2025-12-30 14:51:21+05:30,3247.3,13,3252.57,1834159,81875.0,110562.0,3250.0,3267.5,3239.8,3251.5,46349800,3576.6,2926.4,4322.95,2866.6,3247.3,109,1,3247.0,35,2,3246.9,23,1,3246.7,74,2,3246.6,114,5,3247.7,128,2,3248.2,28,1,3248.5,42,3,3248.6,46,2,3248.7,78,4
11536,2025-12-30 14:51:22+05:30,3247.0,47,3252.57,1834498,81701.0,110244.0,3250.0,3267.5,3239.8,3251.5,46349800,3576.6,2926.4,4322.95,2866.6,3247.0,15,1,3246.9,23,1,3246.8,20,1,3246.7,3,1,3246.6,47,2,3247.5,123,1,3248.2,26,1,3248.4,10,1,3248.5,179,6,3248.6,46,2
11536,2025-12-30 14:51:22+05:30,3247.0,47,3252.57,1834498,81701.0,110244.0,3250.0,3267.5,3239.8,3251.5,46349800,3576.6,2926.4,4322.95,2866.6,3247.0,15,1,3246.9,23,1,3246.8,20,1,3246.7,3,1,3246.6,47,2,3247.5,123,1,3248.2,26,1,3248.4,10,1,3248.5,179,6,3248.6,46,2
11536,2025-12-30 14:51:23+05:30,3247.0,47,3252.57,1834498,81643.0,110134.0,3250.0,3267.5,3239.8,3251.5,46349800,3576.6,2926.4,4322.95,2866.6,3247.4,1,1,3247.0,15,1,3246.7,3,1,3246.6,19,1,3246.5,83,3,3247.5,123,1,3248.1,50,3,3248.2,39,2,3248.4,46,3,3248.5,179,6
11536,2025-12-30 14:51:24+05:30,3247.5,36,3252.57,1834537,81680.0,110425.0,3250.0,3267.5,3239.8,3251.5,46349800,3576.6,2926.4,4322.95,2866.6,3247.2,38,1,3247.0,15,1,3246.7,3,1,3246.6,23,1,3246.5,83,3,3247.5,85,1,3248.1,50,3,3248.2,91,3,3248.4,46,3,3248.5,225,8
11536,2025-12-30 14:51:24+05:30,3247.5,36,3252.57,1834537,81680.0,110425.0,3250.0,3267.5,3239.8,3251.5,46349800,3576.6,2926.4,4322.95,2866.6,3247.2,38,1,3247.0,15,1,3246.7,3,1,3246.6,23,1,3246.5,83,3,3247.5,85,1,3248.1,50,3,3248.2,91,3,3248.4,46,3,3248.5,225,8
11536,2025-12-30 14:51:25+05:30,3247.5,84,3252.57,1834622,82405.0,109693.0,3250.0,3267.5,3239.8,3251.5,46349800,3576.6,2926.4,4322.95,2866.6,3247.5,92,2,3247.2,143,2,3247.0,36,2,3246.9,125,5,3246.8,72,4,3248.4,62,2,3248.5,67,2,3248.6,28,1,3248.7,78,2,3248.8,40,2
11536,2025-12-30 14:51:25+05:30,3247.5,84,3252.57,1834622,82405.0,109693.0,3250.0,3267.5,3239.8,3251.5,46349800,3576.6,2926.4,4322.95,2866.6,3247.5,92,2,3247.2,143,2,3247.0,36,2,3246.9,125,5,3246.8,72,4,3248.4,62,2,3248.5,67,2,3248.6,28,1,3248.7,78,2,3248.8,40,2
11536,2025-12-30 14:51:26+05:30,3247.5,84,3252.57,1834622,82580.0,109693.0,3250.0,3267.5,3239.8,3251.5,46349800,3576.6,2926.4,4322.95,2866.6,3247.5,92,2,3247.2,143,2,3247.0,36,2,3246.9,125,5,3246.8,72,4,3248.4,62,2,3248.5,67,2,3248.6,28,1,3248.7,78,2,3248.8,40,2
11536,2025-12-30 14:51:26+05:30,3247.2,63,3252.57,1834622,82580.0,109693.0,3250.0,3267.5,3239.8,3251.5,46349800,3576.6,2926.4,4322.95,2866.6,3247.5,92,2,3247.2,143,2,3247.0,36,2,3246.9,125,5,3246.8,72,4,3248.4,62,2,3248.5,67,2,3248.6,28,1,3248.7,78,2,3248.8,40,2
11536,2025-12-30 14:51:27+05:30,3247.2,3,3252.57,1834789,81374.0,110623.0,3250.0,3267.5,3239.8,3251.5,46349800,3576.6,2926.4,4322.95,2866.6,3247.5,38,1,3247.2,66,1,3247.0,15,1,3246.9,3,1,3246.8,23,1,3247.8,114,1,3248.3,51,2,3248.4,92,3,3248.5,77,3,3248.6,67,2
11536,2025-12-30 14:51:27+05:30,3247.2,3,3252.57,1834789,81374.0,110623.0,3250.0,3267.5,3239.8,3251.5,46349800,3576.6,2926.4,4322.95,2866.6,3247.5,38,1,3247.2,66,1,3247.0,15,1,3246.9,3,1,3246.8,23,1,3247.8,114,1,3248.3,51,2,3248.4,92,3,3248.5,77,3,3248.6,67,2
11536,2025-12-30 14:51:28+05:30,3247.5,3,3252.57,1834883,81690.0,110433.0,3250.0,3267.5,3239.8,3251.5,46349800,3576.6,2926.4,4322.95,2866.6,3247.5,35,1,3247.2,69,3,3247.0,38,2,3246.9,3,1,3246.8,67,3,3247.8,23,1,3248.3,28,1,3248.4,3,1,3248.5,80,2,3248.6,44,2
11536,2025-12-30 14:51:28+05:30,3247.5,3,3252.57,1834883,81690.0,110433.0,3250.0,3267.5,3239.8,3251.5,46349800,3576.6,2926.4,4322.95,2866.6,3247.5,35,1,3247.2,69,3,3247.0,38,2,3246.9,3,1,3246.8,67,3,3247.8,23,1,3248.3,28,1,3248.4,3,1,3248.5,80,2,3248.6,44,2
11536,2025-12-30 14:51:29+05:30,3247.5,4,3252.57,1834883,81690.0,110433.0,3250.0,3267.5,3239.8,3251.5,46349800,3576.6,2926.4,4322.95,2866.6,3247.5,35,1,3247.2,69,3,3247.0,38,2,3246.9,3,1,3246.8,67,3,3247.8,23,1,3248.3,28,1,3248.4,3,1,3248.5,80,2,3248.6,44,2
11536,2025-12-30 14:51:29+05:30,3247.5,4,3252.57,1834922,82099.0,109509.0,3250.0,3267.5,3239.8,3251.5,46349800,3576.6,2926.4,4322.95,2866.6,3247.5,108,1,3247.3,38,1,3247.2,92,4,3247.1,13,1,3247.0,78,4,3247.8,23,1,3248.4,42,2,3248.5,80,2,3248.6,23,1,3248.7,78,2
11536,2025-12-30 14:51:30+05:30,3247.3,48,3252.57,1834922,82099.0,109509.0,3250.0,3267.5,3239.8,3251.5,46349800,3576.6,2926.4,4322.95,2866.6,3247.5,108,1,3247.3,38,1,3247.2,92,4,3247.1,13,1,3247.0,78,4,3247.8,23,1,3248.4,42,2,3248.5,80,2,3248.6,23,1,3248.7,78,2
11536,2025-12-30 14:51:30+05:30,3247.3,48,3252.57,1835078,81550.0,108879.0,3250.0,3267.5,3239.8,3251.5,46349800,3576.6,2926.4,4322.95,2866.6,3247.3,38,1,3247.2,92,4,3247.0,15,1,3246.9,3,1,3246.8,40,2,3247.8,23,1,3248.4,42,2,3248.5,80,2,3248.6,44,2,3248.7,78,2
11536,2025-12-30 14:51:31+05:30,3247.8,2,3252.57,1835078,81550.0,108879.0,3250.0,3267.5,3239.8,3251.5,46349800,3576.6,2926.4,4322.95,2866.6,3247.3,38,1,3247.2,92,4,3247.0,15,1,3246.9,3,1,3246.8,40,2,3247.8,23,1,3248.4,42,2,3248.5,80,2,3248.6,44,2,3248.7,78,2
11536,2025-12-30 14:51:31+05:30,3247.8,2,3252.57,1835080,81358.0,110321.0,3250.0,3267.5,3239.8,3251.5,46349800,3576.6,2926.4,4322.95,2866.6,3247.5,38,1,3247.2,69,3,3247.0,20,2,3246.9,3,1,3246.8,21,1,3247.8,21,1,3248.2,24,1,3248.3,80,3,3248.4,42,2,3248.5,80,2
11536,2025-12-30 14:51:32+05:30,3247.8,2,3252.57,1835080,81358.0,110321.0,3250.0,3267.5,3239.8,3251.5,46349800,3576.6,2926.4,4322.95,2866.6,3247.5,38,1,3247.2,69,3,3247.0,20,2,3246.9,3,1,3246.8,21,1,3247.8,21,1,3248.2,24,1,3248.3,80,3,3248.4,42,2,3248.5,80,2
11536,2025-12-30 14:51:32+05:30,3247.8,2,3252.57,1835082,81387.0,108920.0,3250.0,3267.5,3239.8,3251.5,46349800,3576.6,2926.4,4322.95,2866.6,3247.5,41,2,3247.2,69,3,3247.0,20,2,3246.9,3,1,3246.8,50,2,3247.8,19,1,3248.2,24,1,3248.3,80,3,3248.4,42,2,3248.5,80,2
11536,2025-12-30 14:51:33+05:30,3247.4,1,3252.57,1835082,81387.0,108920.0,3250.0,3267.5,3239.8,3251.5,46349800,3576.6,2926.4,4322.95,2866.6,3247.5,41,2,3247.2,69,3,3247.0,20,2,3246.9,3,1,3246.8,50,2,3247.8,19,1,3248.2,24,1,3248.3,80,3,3248.4,42,2,3248.5,80,2
11536,2025-12-30 14:51:33+05:30,3247.4,1,3252.56,1836264,81503.0,109628.0,3250.0,3267.5,3239.8,3251.5,46349800,3576.6,2926.4,4322.95,2866.6,3246.7,87,5,3246.6,17,1,3246.5,38,4,3246.4,319,9,3246.3,86,6,3247.4,122,1,3248.2,21,1,3248.4,85,3,3248.5,141,3,3248.6,21,1
11536,2025-12-30 14:51:34+05:30,3246.7,7,3252.56,1836264,81503.0,109628.0,3250.0,3267.5,3239.8,3251.5,46349800,3576.6,2926.4,4322.95,2866.6,3246.7,87,5,3246.6,17,1,3246.5,38,4,3246.4,319,9,3246.3,86,6,3247.4,122,1,3248.2,21,1,3248.4,85,3,3248.5,141,3,3248.6,21,1
11536,2025-12-30 14:51:34+05:30,3246.7,7,3252.56,1836519,81396.0,109676.0,3250.0,3267.5,3239.8,3251.5,46349800,3576.6,2926.4,4322.95,2866.6,3246.7,24,2,3246.6,55,3,3246.5,68,6,3246.4,318,8,3246.3,71,5,3247.4,22,1,3248.2,112,3,3248.3,61,1,3248.4,85,3,3248.5,141,3
11536,2025-12-30 14:51:35+05:30,3247.1,111,3252.56,1836519,81396.0,109676.0,3250.0,3267.5,3239.8,3251.5,46349800,3576.6,2926.4,4322.95,2866.6,3246.7,24,2,3246.6,55,3,3246.5,68,6,3246.4,318,8,3246.3,71,5,3247.4,22,1,3248.2,112,3,3248.3,61,1,3248.4,85,3,3248.5,141,3
11536,2025-12-30 14:51:35+05:30,3247.1,111,3252.56,1836678,81383.0,109873.0,3250.0,3267.5,3239.8,3251.5,46349800,3576.6,2926.4,4322.95,2866.6,3246.8,24,1,3246.7,42,3,3246.6,75,2,3246.5,100,6,3246.4,222,6,3247.5,123,1,3248.2,103,3,3248.4,102,4,3248.5,359,6,3248.6,22,1
11536,2025-12-30 14:51:36+05:30,3247.1,111,3252.56,1836678,81451.0,109889.0,3250.0,3267.5,3239.8,3251.5,46349800,3576.6,2926.4,4322.95,2866.6,3246.8,24,1,3246.7,42,3,3246.6,75,2,3246.5,100,6,3246.4,222,6,3247.5,123,1,3248.2,103,3,3248.4,102,4,3248.5,359,6,3248.6,22,1
11536,2025-12-30 14:51:37+05:30,3247.5,9,3252.56,1836678,81451.0,109889.0,3250.0,3267.5,3239.8,3251.5,46349800,3576.6,2926.4,4322.95,2866.6,3246.8,24,1,3246.7,42,3,3246.6,75,2,3246.5,100,6,3246.4,222,6,3247.5,123,1,3248.2,103,3,3248.4,102,4,3248.5,359,6,3248.6,22,1
11536,2025-12-30 14:51:37+05:30,3247.5,9,3252.56,1836688,81442.0,109894.0,3250.0,3267.5,3239.8,3251.5,46349800,3576.6,2926.4,4322.95,2866.6,3246.8,24,1,3246.7,42,3,3246.6,75,2,3246.5,100,6,3246.4,222,6,3247.5,113,1,3248.2,103,3,3248.4,102,4,3248.5,359,6,3248.6,27,2
11536,2025-12-30 14:51:38+05:30,3246.8,66,3252.56,1836688,81442.0,109894.0,3250.0,3267.5,3239.8,3251.5,46349800,3576.6,2926.4,4322.95,2866.6,3246.8,24,1,3246.7,42,3,3246.6,75,2,3246.5,100,6,3246.4,222,6,3247.5,113,1,3248.2,103,3,3248.4,102,4,3248.5,359,6,3248.6,27,2
11536,2025-12-30 14:51:38+05:30,3246.8,66,3252.56,1836849,81295.0,109884.0,3250.0,3267.5,3239.8,3251.5,46349800,3576.6,2926.4,4322.95,2866.6,3246.8,90,4,3246.7,33,2,3246.6,46,1,3246.5,42,6,3246.4,268,7,3247.5,108,1,3248.2,103,3,3248.4,102,4,3248.5,359,6,3248.6,22,1
11536,2025-12-30 14:51:39+05:30,3247.5,36,3252.56,1836849,81295.0,109884.0,3250.0,3267.5,3239.8,3251.5,46349800,3576.6,2926.4,4322.95,2866.6,3246.8,90,4,3246.7,33,2,3246.6,46,1,3246.5,42,6,3246.4,268,7,3247.5,108,1,3248.2,103,3,3248.4,102,4,3248.5,359,6,3248.6,22,1
11536,2025-12-30 14:51:39+05:30,3247.5,1,3252.56,1836925,81355.0,109847.0,3250.0,3267.5,3239.8,3251.5,46349800,3576.6,2926.4,4322.95,2866.6,3246.8,93,4,3246.7,38,3,3246.6,46,1,3246.5,42,6,3246.4,320,8,3247.5,71,1,3248.2,103,3,3248.4,102,4,3248.5,359,6,3248.6,22,1
11536,2025-12-30 14:51:40+05:30,3247.5,36,3252.56,1836925,81355.0,109847.0,3250.0,3267.5,3239.8,3251.5,46349800,3576.6,2926.4,4322.95,2866.6,3246.8,93,4,3246.7,38,3,3246.6,46,1,3246.5,42,6,3246.4,320,8,3247.5,71,1,3248.2,103,3,3248.4,102,4,3248.5,359,6,3248.6,22,1
11536,2025-12-30 14:51:40+05:30,3247.5,36,3252.56,1836961,81637.0,109824.0,3250.0,3267.5,3239.8,3251.5,46349800,3576.6,2926.4,4322.95,2866.6,3247.3,2,1,3247.0,1,1,3246.9,25,1,3246.8,58,2,3246.7,38,3,3247.5,35,1,3248.2,81,2,3248.4,102,4,3248.5,313,5,3248.6,68,2
11536,2025-12-30 14:51:41+05:30,3247.5,1,3252.56,1836961,81637.0,109824.0,3250.0,3267.5,3239.8,3251.5,46349800,3576.6,2926.4,4322.95,2866.6,3247.3,2,1,3247.0,1,1,3246.9,25,1,3246.8,58,2,3246.7,38,3,3247.5,35,1,3248.2,81,2,3248.4,102,4,3248.5,313,5,3248.6,68,2
11536,2025-12-30 14:51:41+05:30,3247.5,1,3252.56,1836964,81877.0,109512.0,3250.0,3267.5,3239.8,3251.5,46349800,3576.6,2926.4,4322.95,2866.6,3247.3,18,4,3247.1,12,1,3247.0,38,3,3246.9,38,2,3246.8,47,1,3247.5,32,1,3248.2,68,2,3248.4,102,4,3248.5,252,2,3248.6,22,1
11536,2025-12-30 14:51:42+05:30,3247.3,142,3252.56,1836964,81877.0,109512.0,3250.0,3267.5,3239.8,3251.5,46349800,3576.6,2926.4,4322.95,2866.6,3247.3,18,4,3247.1,12,1,3247.0,38,3,3246.9,38,2,3246.8,47,1,3247.5,32,1,3248.2,68,2,3248.4,102,4,3248.5,252,2,3248.6,22,1
11536,2025-12-30 14:51:42+05:30,3247.3,142,3252.56,1837119,82171.0,109536.0,3250.0,3267.5,3239.8,3251.5,46349800,3576.6,2926.4,4322.95,2866.6,3247.3,44,1,3247.2,19,1,3247.1,25,1,3247.0,1,1,3246.9,55,3,3247.5,32,1,3248.2,39,1,3248.4,102,4,3248.5,252,2,3248.6,22,1
11536,2025-12-30 14:51:43+05:30,3247.3,1,3252.56,1837119,82171.0,109536.0,3250.0,3267.5,3239.8,3251.5,46349800,3576.6,2926.4,4322.95,2866.6,3247.3,44,1,3247.2,19,1,3247.1,25,1,3247.0,1,1,3246.9,55,3,3247.5,32,1,3248.2,39,1,3248.4,102,4,3248.5,252,2,3248.6,22,1
11536,2025-12-30 14:51:43+05:30,3247.3,1,3252.56,1837123,81942.0,110436.0,3250.0,3267.5,3239.8,3251.5,46349800,3576.6,2926.4,4322.95,2866.6,3247.3,105,2,3247.1,25,1,3247.0,1,1,3246.8,222,2,3246.7,75,4,3247.5,29,1,3248.2,39,1,3248.4,102,4,3248.5,252,2,3248.6,22,1
11536,2025-12-30 14:51:44+05:30,3247.5,1,3252.56,1837123,81942.0,110436.0,3250.0,3267.5,3239.8,3251.5,46349800,3576.6,2926.4,4322.95,2866.6,3247.3,105,2,3247.1,25,1,3247.0,1,1,3246.8,222,2,3246.7,75,4,3247.5,29,1,3248.2,39,1,3248.4,102,4,3248.5,252,2,3248.6,22,1
11536,2025-12-30 14:51:44+05:30,3247.5,1,3252.56,1837124,81941.0,110435.0,3250.0,3267.5,3239.8,3251.5,46349800,3576.6,2926.4,4322.95,2866.6,3247.3,105,2,3247.1,25,1,3247.0,1,1,3246.8,222,2,3246.7,75,4,3247.5,28,1,3248.2,39,1,3248.4,102,4,3248.5,252,2,3248.6,22,1
11536,2025-12-30 14:51:45+05:30,3247.5,1,3252.56,1837124,81941.0,110435.0,3250.0,3267.5,3239.8,3251.5,46349800,3576.6,2926.4,4322.95,2866.6,3247.3,105,2,3247.1,25,1,3247.0,1,1,3246.8,222,2,3246.7,75,4,3247.5,28,1,3248.2,39,1,3248.4,102,4,3248.5,252,2,3248.6,22,1
11536,2025-12-30 14:51:45+05:30,3247.5,1,3252.56,1837125,80164.0,110452.0,3250.0,3267.5,3239.8,3251.5,46349800,3576.6,2926.4,4322.95,2866.6,3247.4,43,1,3247.3,62,1,3247.1,25,1,3247.0,1,1,3246.8,222,2,3247.5,27,1,3248.2,39,1,3248.4,102,4,3248.5,270,3,3248.6,22,1
11536,2025-12-30 14:51:46+05:30,3247.4,93,3252.56,1837125,80164.0,110452.0,3250.0,3267.5,3239.8,3251.5,46349800,3576.6,2926.4,4322.95,2866.6,3247.4,43,1,3247.3,62,1,3247.1,25,1,3247.0,1,1,3246.8,222,2,3247.5,27,1,3248.2,39,1,3248.4,102,4,3248.5,270,3,3248.6,22,1
11536,2025-12-30 14:51:46+05:30,3247.4,93,3252.56,1837282,80196.0,110276.0,3250.0,3267.5,3239.8,3251.5,46349800,3576.6,2926.4,4322.95,2866.6,3247.4,7,1,3247.3,63,2,3247.1,25,1,3247.0,12,2,3246.8,222,2,3247.5,26,1,3248.2,39,1,3248.4,102,4,3248.5,270,3,3248.6,22,1
11536,2025-12-30 14:51:47+05:30,3247.5,8,3252.56,1837282,80196.0,110276.0,3250.0,3267.5,3239.8,3251.5,46349800,3576.6,2926.4,4322.95,2866.6,3247.4,7,1,3247.3,63,2,3247.1,25,1,3247.0,12,2,3246.8,222,2,3247.5,26,1,3248.2,39,1,3248.4,102,4,3248.5,270,3,3248.6,22,1
11536,2025-12-30 14:51:47+05:30,3247.5,8,3252.56,1837290,79896.0,110093.0,3250.0,3267.5,3239.8,3251.5,46349800,3576.6,2926.4,4322.95,2866.6,3247.4,7,1,3247.3,63,2,3247.1,25,1,3247.0,12,2,3246.8,222,2,3247.5,18,1,3248.2,39,1,3248.4,102,4,3248.5,270,3,3248.6,22,1
11536,2025-12-30 14:51:48+05:30,3248.1,21,3252.56,1837290,79896.0,110093.0,3250.0,3267.5,3239.8,3251.5,46349800,3576.6,2926.4,4322.95,2866.6,3247.4,7,1,3247.3,63,2,3247.1,25,1,3247.0,12,2,3246.8,222,2,3247.5,18,1,3248.2,39,1,3248.4,102,4,3248.5,270,3,3248.6,22,1
11536,2025-12-30 14:51:48+05:30,3248.1,21,3252.56,1838608,79672.0,109777.0,3250.0,3267.5,3239.8,3251.5,46349800,3576.6,2926.4,4322.95,2866.6,3246.8,2,2,3246.7,25,1,3246.6,36,3,3246.5,8,4,3246.4,262,5,3248.0,96,3,3248.1,37,2,3248.2,52,1,3248.4,81,5,3248.5,314,4
11536,2025-12-30 14:51:49+05:30,3246.8,2,3252.56,1838608,79672.0,109777.0,3250.0,3267.5,3239.8,3251.5,46349800,3576.6,2926.4,4322.95,2866.6,3246.8,2,2,3246.7,25,1,3246.6,36,3,3246.5,8,4,3246.4,262,5,3248.0,96,3,3248.1,37,2,3248.2,52,1,3248.4,81,5,3248.5,314,4
11536,2025-12-30 14:51:49+05:30,3246.8,2,3252.56,1838616,79765.0,109204.0,3250.0,3267.5,3239.8,3251.5,46349800,3576.6,2926.4,4322.95,2866.6,3246.5,30,4,3246.4,4,1,3246.3,402,4,3246.2,69,4,3246.1,541,7,3246.8,1,1,3247.9,133,3,3248.0,168,5,3248.1,46,2,3248.2,74,2
11536,2025-12-30 14:51:50+05:30,3246.3,35,3252.56,1838616,79765.0,109204.0,3250.0,3267.5,3239.8,3251.5,46349800,3576.6,2926.4,4322.95,2866.6,3246.5,30,4,3246.4,4,1,3246.3,402,4,3246.2,69,4,3246.1,541,7,3246.8,1,1,3247.9,133,3,3248.0,168,5,3248.1,46,2,3248.2,74,2
11536,2025-12-30 14:51:50+05:30,3246.3,35,3252.55,1838818,79315.0,110335.0,3250.0,3267.5,3239.8,3251.5,46349800,3576.6,2926.4,4322.95,2866.6,3246.3,166,2,3246.2,45,2,3246.1,26,3,3246.0,64,6,3245.9,98,2,3247.6,71,2,3247.7,71,2,3247.8,81,4,3247.9,88,4,3248.0,58,3
11536,2025-12-30 14:51:51+05:30,3247.6,4,3252.55,1838822,79286.0,110367.0,3250.0,3267.5,3239.8,3251.5,46349800,3576.6,2926.4,4322.95,2866.6,3246.3,140,1,3246.2,45,2,3246.1,26,3,3246.0,64,6,3245.9,98,2,3247.6,135,5,3247.7,103,3,3247.8,56,3,3247.9,88,4,3248.0,104,4
11536,2025-12-30 14:51:52+05:30,3247.7,8,3252.55,1838822,79286.0,110367.0,3250.0,3267.5,3239.8,3251.5,46349800,3576.6,2926.4,4322.95,2866.6,3246.3,140,1,3246.2,45,2,3246.1,26,3,3246.0,64,6,3245.9,98,2,3247.6,135,5,3247.7,103,3,3247.8,56,3,3247.9,88,4,3248.0,104,4
11536,2025-12-30 14:51:52+05:30,3247.7,8,3252.55,1839004,79807.0,110523.0,3250.0,3267.5,3239.8,3251.5,46349800,3576.6,2926.4,4322.95,2866.6,3246.4,43,2,3246.3,287,5,3246.2,131,5,3246.1,87,4,3246.0,82,7,3247.8,95,4,3247.9,71,3,3248.0,38,2,3248.2,91,3,3248.3,71,5
11536,2025-12-30 14:51:53+05:30,3246.3,7,3252.55,1839054,79643.0,110445.0,3250.0,3267.5,3239.8,3251.5,46349800,3576.6,2926.4,4322.95,2866.6,3246.4,73,3,3246.3,287,5,3246.2,112,4,3246.1,26,3,3246.0,82,7,3247.8,74,3,3247.9,64,2,3248.0,31,1,3248.2,91,3,3248.3,71,5
11536,2025-12-30 14:51:54+05:30,3246.3,66,3252.55,1839054,79643.0,110445.0,3250.0,3267.5,3239.8,3251.5,46349800,3576.6,2926.4,4322.95,2866.6,3246.4,73,3,3246.3,287,5,3246.2,112,4,3246.1,26,3,3246.0,82,7,3247.8,74,3,3247.9,64,2,3248.0,31,1,3248.2,91,3,3248.3,71,5
11536,2025-12-30 14:51:54+05:30,3246.3,66,3252.55,1839245,79568.0,110074.0,3250.0,3267.5,3239.8,3251.5,46349800,3576.6,2926.4,4322.95,2866.6,3246.4,30,1,3246.3,233,6,3246.2,112,4,3246.1,26,3,3246.0,112,9,3247.8,69,3,3247.9,44,1,3248.0,31,1,3248.2,91,3,3248.3,122,6
11536,2025-12-30 14:51:55+05:30,3247.8,1,3252.55,1839245,79568.0,110074.0,3250.0,3267.5,3239.8,3251.5,46349800,3576.6,2926.4,4322.95,2866.6,3246.4,30,1,3246.3,233,6,3246.2,112,4,3246.1,26,3,3246.0,112,9,3247.8,69,3,3247.9,44,1,3248.0,31,1,3248.2,91,3,3248.3,122,6
11536,2025-12-30 14:51:56+05:30,3246.4,22,3252.55,1839312,79556.0,110280.0,3250.0,3267.5,3239.8,3251.5,46349800,3576.6,2926.4,4322.95,2866.6,3246.4,60,2,3246.3,190,5,3246.2,112,4,3246.1,26,3,3246.0,112,9,3247.7,32,1,3247.8,67,3,3247.9,44,1,3248.0,31,1,3248.2,163,5
11536,2025-12-30 14:51:56+05:30,3246.4,22,3252.55,1839312,79556.0,110280.0,3250.0,3267.5,3239.8,3251.5,46349800,3576.6,2926.4,4322.95,2866.6,3246.4,60,2,3246.3,190,5,3246.2,112,4,3246.1,26,3,3246.0,112,9,3247.7,32,1,3247.8,67,3,3247.9,44,1,3248.0,31,1,3248.2,163,5
11536,2025-12-30 14:51:57+05:30,3247.7,9,3252.55,1839321,79671.0,110278.0,3250.0,3267.5,3239.8,3251.5,46349800,3576.6,2926.4,4322.95,2866.6,3246.4,170,3,3246.3,190,5,3246.2,112,4,3246.1,26,3,3246.0,112,9,3247.7,23,1,3247.8,67,3,3247.9,44,1,3248.0,31,1,3248.1,7,1
11536,2025-12-30 14:51:57+05:30,3247.7,9,3252.55,1839321,79671.0,110278.0,3250.0,3267.5,3239.8,3251.5,46349800,3576.6,2926.4,4322.95,2866.6,3246.4,170,3,3246.3,190,5,3246.2,112,4,3246.1,26,3,3246.0,112,9,3247.7,23,1,3247.8,67,3,3247.9,44,1,3248.0,31,1,3248.1,7,1
11536,2025-12-30 14:51:58+05:30,3247.7,3,3252.55,1839324,79689.0,110139.0,3250.0,3267.5,3239.8,3251.5,46349800,3576.6,2926.4,4322.95,2866.6,3246.5,69,2,3246.4,127,2,3246.3,190,5,3246.2,112,4,3246.1,26,3,3247.7,59,2,3247.8,67,3,3247.9,44,1,3248.0,31,1,3248.1,33,2
11536,2025-12-30 14:51:58+05:30,3246.5,88,3252.55,1839324,79689.0,110139.0,3250.0,3267.5,3239.8,3251.5,46349800,3576.6,2926.4,4322.95,2866.6,3246.5,69,2,3246.4,127,2,3246.3,190,5,3246.2,112,4,3246.1,26,3,3247.7,59,2,3247.8,67,3,3247.9,44,1,3248.0,31,1,3248.1,33,2
11536,2025-12-30 14:51:59+05:30,3246.5,39,3252.55,1839521,79607.0,110541.0,3250.0,3267.5,3239.8,3251.5,46349800,3576.6,2926.4,4322.95,2866.6,3246.5,4,1,3246.4,129,2,3246.3,171,4,3246.2,66,3,3246.1,72,4,3247.7,58,2,3247.8,67,3,3247.9,44,1,3248.0,31,1,3248.1,33,2
11536,2025-12-30 14:51:59+05:30,3246.5,39,3252.55,1839521,79607.0,110541.0,3250.0,3267.5,3239.8,3251.5,46349800,3576.6,2926.4,4322.95,2866.6,3246.5,4,1,3246.4,129,2,3246.3,171,4,3246.2,66,3,3246.1,72,4,3247.7,58,2,3247.8,67,3,3247.9,44,1,3248.0,31,1,3248.1,33,2
11536,2025-12-30 14:52:00+05:30,3246.5,39,3252.55,1839521,79637.0,110458.0,3250.0,3267.5,3239.8,3251.5,46349800,3576.6,2926.4,4322.95,2866.6,3247.1,4,1,3246.4,150,3,3246.3,171,4,3246.2,112,4,3246.1,31,4,3247.7,45,2,3247.8,40,2,3247.9,44,1,3248.0,31,1,3248.1,33,2
11536,2025-12-30 14:52:00+05:30,3247.1,4,3252.55,1839521,79637.0,110458.0,3250.0,3267.5,3239.8,3251.5,46349800,3576.6,2926.4,4322.95,2866.6,3247.1,4,1,3246.4,150,3,3246.3,171,4,3246.2,112,4,3246.1,31,4,3247.7,45,2,3247.8,40,2,3247.9,44,1,3248.0,31,1,3248.1,33,2
11536,2025-12-30 14:52:01+05:30,3247.7,1,3252.55,1839526,79727.0,110306.0,3250.0,3267.5,3239.8,3251.5,46349800,3576.6,2926.4,4322.95,2866.6,3247.1,194,2,3246.6,61,1,3246.5,94,2,3246.4,21,1,3246.3,143,4,3247.9,39,1,3248.0,97,3,3248.1,26,1,3248.2,101,3,3248.3,51,4
11536,2025-12-30 14:52:01+05:30,3247.9,1,3252.55,1839526,79727.0,110306.0,3250.0,3267.5,3239.8,3251.5,46349800,3576.6,2926.4,4322.95,2866.6,3247.1,194,2,3246.6,61,1,3246.5,94,2,3246.4,21,1,3246.3,143,4,3247.9,39,1,3248.0,97,3,3248.1,26,1,3248.2,101,3,3248.3,51,4
11536,2025-12-30 14:52:02+05:30,3247.9,1,3252.55,1839527,79758.0,110333.0,3250.0,3267.5,3239.8,3251.5,46349800,3576.6,2926.4,4322.95,2866.6,3247.6,43,1,3247.1,151,1,3246.6,82,2,3246.5,94,2,3246.4,72,3,3247.9,38,1,3248.0,97,3,3248.1,74,3,3248.2,69,2,3248.3,51,4
11536,2025-12-30 14:52:02+05:30,3247.6,156,3252.55,1839527,79758.0,110333.0,3250.0,3267.5,3239.8,3251.5,46349800,3576.6,2926.4,4322.95,2866.6,3247.6,43,1,3247.1,151,1,3246.6,82,2,3246.5,94,2,3246.4,72,3,3247.9,38,1,3248.0,97,3,3248.1,74,3,3248.2,69,2,3248.3,51,4
11536,2025-12-30 14:52:03+05:30,3246.4,166,3252.55,1840741,79226.0,109978.0,3250.0,3267.5,3239.8,3251.5,46349800,3576.6,2926.4,4322.95,2866.6,3247.7,1,1,3246.6,2,1,3246.5,62,3,3246.4,257,4,3246.3,65,4,3248.0,31,1,3248.1,27,1,3248.2,71,2,3248.3,57,3,3248.4,17,1
11536,2025-12-30 14:52:03+05:30,3246.4,166,3252.55,1840741,79226.0,109978.0,3250.0,3267.5,3239.8,3251.5,46349800,3576.6,2926.4,4322.95,2866.6,3247.7,1,1,3246.6,2,1,3246.5,62,3,3246.4,257,4,3246.3,65,4,3248.0,31,1,3248.1,27,1,3248.2,71,2,3248.3,57,3,3248.4,17,1
11536,2025-12-30 14:52:04+05:30,3246.4,166,3252.55,1840741,81148.0,109992.0,3250.0,3267.5,3239.8,3251.5,46349800,3576.6,2926.4,4322.95,2866.6,3247.7,1,1,3246.6,28,3,3246.5,62,3,3246.4,321,6,3246.3,65,4,3248.0,45,2,3248.1,27,1,3248.2,71,2,3248.3,57,3,3248.4,17,1
11536,2025-12-30 14:52:05+05:30,3248.0,1,3252.55,1840788,81488.0,110002.0,3250.0,3267.5,3239.8,3251.5,46349800,3576.6,2926.4,4322.95,2866.6,3247.7,1,1,3246.8,15,1,3246.7,25,2,3246.6,31,4,3246.5,233,6,3248.0,32,1,3248.1,91,3,3248.2,86,3,3248.3,41,2,3248.4,36,2
11536,2025-12-30 14:52:05+05:30,3248.0,1,3252.55,1840788,81488.0,110002.0,3250.0,3267.5,3239.8,3251.5,46349800,3576.6,2926.4,4322.95,2866.6,3247.7,1,1,3246.8,15,1,3246.7,25,2,3246.6,31,4,3246.5,233,6,3248.0,32,1,3248.1,91,3,3248.2,86,3,3248.3,41,2,3248.4,36,2
11536,2025-12-30 14:52:06+05:30,3248.2,1,3252.55,1840983,81706.0,109861.0,3250.0,3267.5,3239.8,3251.5,46349800,3576.6,2926.4,4322.95,2866.6,3247.7,1,1,3247.3,40,1,3246.9,3,1,3246.8,36,2,3246.7,25,2,3248.0,200,1,3248.2,27,1,3248.3,63,4,3248.4,17,1,3248.5,105,3
11536,2025-12-30 14:52:06+05:30,3247.3,154,3252.55,1840983,81706.0,109861.0,3250.0,3267.5,3239.8,3251.5,46349800,3576.6,2926.4,4322.95,2866.6,3247.7,1,1,3247.3,40,1,3246.9,3,1,3246.8,36,2,3246.7,25,2,3248.0,200,1,3248.2,27,1,3248.3,63,4,3248.4,17,1,3248.5,105,3
11536,2025-12-30 14:52:07+05:30,3248.0,8,3252.55,1841147,81186.0,109943.0,3250.0,3267.5,3239.8,3251.5,46349800,3576.6,2926.4,4322.95,2866.6,3247.7,61,1,3247.6,40,1,3246.9,3,1,3246.8,34,2,3246.7,25,2,3248.0,191,1,3248.2,27,1,3248.3,51,3,3248.4,17,1,3248.5,78,3
11536,2025-12-30 14:52:07+05:30,3248.0,8,3252.55,1841147,81186.0,109943.0,3250.0,3267.5,3239.8,3251.5,46349800,3576.6,2926.4,4322.95,2866.6,3247.7,61,1,3247.6,40,1,3246.9,3,1,3246.8,34,2,3246.7,25,2,3248.0,191,1,3248.2,27,1,3248.3,51,3,3248.4,17,1,3248.5,78,3
11536,2025-12-30 14:52:08+05:30,3248.0,5,3252.55,1841156,81334.0,109954.0,3250.0,3267.5,3239.8,3251.5,46349800,3576.6,2926.4,4322.95,2866.6,3247.7,61,1,3247.6,40,1,3246.9,3,1,3246.8,15,1,3246.7,77,3,3248.0,182,1,3248.2,27,1,3248.3,51,3,3248.4,17,1,3248.5,78,3
11536,2025-12-30 14:52:08+05:30,3248.0,5,3252.55,1841156,81334.0,109954.0,3250.0,3267.5,3239.8,3251.5,46349800,3576.6,2926.4,4322.95,2866.6,3247.7,61,1,3247.6,40,1,3246.9,3,1,3246.8,15,1,3246.7,77,3,3248.0,182,1,3248.2,27,1,3248.3,51,3,3248.4,17,1,3248.5,78,3
11536,2025-12-30 14:52:09+05:30,3247.7,39,3252.55,1841195,81544.0,109976.0,3250.0,3267.5,3239.8,3251.5,46349800,3576.6,2926.4,4322.95,2866.6,3247.7,62,2,3246.9,3,1,3246.8,60,4,3246.7,77,3,3246.6,32,4,3248.0,182,1,3248.2,27,1,3248.3,51,3,3248.4,17,1,3248.5,59,2
11536,2025-12-30 14:52:09+05:30,3248.0,36,3252.55,1841195,81544.0,109976.0,3250.0,3267.5,3239.8,3251.5,46349800,3576.6,2926.4,4322.95,2866.6,3247.7,62,2,3246.9,3,1,3246.8,60,4,3246.7,77,3,3246.6,32,4,3248.0,182,1,3248.2,27,1,3248.3,51,3,3248.4,17,1,3248.5,59,2
11536,2025-12-30 14:52:10+05:30,3248.0,37,3252.55,1841268,81825.0,109922.0,3250.0,3267.5,3239.8,3251.5,46349800,3576.6,2926.4,4322.95,2866.6,3247.7,62,2,3247.0,27,1,3246.9,74,3,3246.8,60,4,3246.7,77,3,3248.0,109,1,3248.3,42,2,3248.6,3,1,3248.7,26,1,3248.8,213,7
11536,2025-12-30 14:52:10+05:30,3247.7,134,3252.55,1841268,81825.0,109922.0,3250.0,3267.5,3239.8,3251.5,46349800,3576.6,2926.4,4322.95,2866.6,3247.7,62,2,3247.0,27,1,3246.9,74,3,3246.8,60,4,3246.7,77,3,3248.0,109,1,3248.3,42,2,3248.6,3,1,3248.7,26,1,3248.8,213,7
11536,2025-12-30 14:52:11+05:30,3247.8,1,3252.55,1841425,81524.0,109963.0,3250.0,3267.5,3239.8,3251.5,46349800,3576.6,2926.4,4322.95,2866.6,3247.8,39,1,3247.7,55,1,3247.0,27,1,3246.9,55,2,3246.8,41,3,3248.0,109,1,3248.3,71,4,3248.5,17,1,3248.6,111,5,3248.7,109,4
11536,2025-12-30 14:52:11+05:30,3247.8,1,3252.55,1841425,81524.0,109963.0,3250.0,3267.5,3239.8,3251.5,46349800,3576.6,2926.4,4322.95,2866.6,3247.8,39,1,3247.7,55,1,3247.0,27,1,3246.9,55,2,3246.8,41,3,3248.0,109,1,3248.3,71,4,3248.5,17,1,3248.6,111,5,3248.7,109,4
11536,2025-12-30 14:52:12+05:30,3247.8,1,3252.55,1841425,81524.0,109963.0,3250.0,3267.5,3239.8,3251.5,46349800,3576.6,2926.4,4322.95,2866.6,3247.8,39,1,3247.7,55,1,3247.0,27,1,3246.9,55,2,3246.8,41,3,3248.0,109,1,3248.3,71,4,3248.5,17,1,3248.6,111,5,3248.7,109,4
11536,2025-12-30 14:52:12+05:30,3247.8,1,3252.55,1841428,81678.0,110136.0,3250.0,3267.5,3239.8,3251.5,46349800,3576.6,2926.4,4322.95,2866.6,3247.8,38,1,3247.7,55,1,3247.0,27,1,3246.9,55,2,3246.8,41,3,3248.0,107,1,3248.3,71,4,3248.5,17,1,3248.6,111,5,3248.7,109,4
11536,2025-12-30 14:52:13+05:30,3247.8,1,3252.55,1841428,81678.0,110136.0,3250.0,3267.5,3239.8,3251.5,46349800,3576.6,2926.4,4322.95,2866.6,3247.8,38,1,3247.7,55,1,3247.0,27,1,3246.9,55,2,3246.8,41,3,3248.0,107,1,3248.3,71,4,3248.5,17,1,3248.6,111,5,3248.7,109,4
11536,2025-12-30 14:52:13+05:30,3247.8,1,3252.55,1841582,81589.0,110131.0,3250.0,3267.5,3239.8,3251.5,46349800,3576.6,2926.4,4322.95,2866.6,3247.8,12,1,3247.7,8,1,3247.0,57,2,3246.9,3,1,3246.8,20,2,3248.0,104,1,3248.3,29,2,3248.4,52,1,3248.5,17,1,3248.6,151,6
11536,2025-12-30 14:52:14+05:30,3247.0,20,3252.55,1841582,81589.0,110131.0,3250.0,3267.5,3239.8,3251.5,46349800,3576.6,2926.4,4322.95,2866.6,3247.8,12,1,3247.7,8,1,3247.0,57,2,3246.9,3,1,3246.8,20,2,3248.0,104,1,3248.3,29,2,3248.4,52,1,3248.5,17,1,3248.6,151,6
11536,2025-12-30 14:52:14+05:30,3247.0,20,3252.55,1841737,81126.0,109812.0,3250.0,3267.5,3239.8,3251.5,46349800,3576.6,2926.4,4322.95,2866.6,3247.0,37,2,3246.9,3,1,3246.7,10,1,3246.6,54,6,3246.5,52,1,3248.0,124,2,3248.2,10,1,3248.3,10,1,3248.4,125,3,3248.5,56,3
11536,2025-12-30 14:52:15+05:30,3248.0,1,3252.55,1841737,81126.0,109812.0,3250.0,3267.5,3239.8,3251.5,46349800,3576.6,2926.4,4322.95,2866.6,3247.0,37,2,3246.9,3,1,3246.7,10,1,3246.6,54,6,3246.5,52,1,3248.0,124,2,3248.2,10,1,3248.3,10,1,3248.4,125,3,3248.5,56,3
11536,2025-12-30 14:52:15+05:30,3248.0,1,3252.55,1841740,81195.0,110429.0,3250.0,3267.5,3239.8,3251.5,46349800,3576.6,2926.4,4322.95,2866.6,3247.0,80,2,3246.8,27,1,3246.7,10,1,3246.6,28,3,3246.4,159,6,3248.0,133,3,3248.1,54,3,3248.2,27,1,3248.3,10,1,3248.4,118,3
11536,2025-12-30 14:52:16+05:30,3248.0,1,3252.55,1841740,81195.0,110429.0,3250.0,3267.5,3239.8,3251.5,46349800,3576.6,2926.4,4322.95,2866.6,3247.0,80,2,3246.8,27,1,3246.7,10,1,3246.6,28,3,3246.4,159,6,3248.0,133,3,3248.1,54,3,3248.2,27,1,3248.3,10,1,3248.4,118,3
11536,2025-12-30 14:52:16+05:30,3248.0,1,3252.55,1841741,81198.0,110428.0,3250.0,3267.5,3239.8,3251.5,46349800,3576.6,2926.4,4322.95,2866.6,3247.0,80,2,3246.8,27,1,3246.7,10,1,3246.6,28,3,3246.4,159,6,3248.0,132,3,3248.1,54,3,3248.2,27,1,3248.3,10,1,3248.4,118,3
11536,2025-12-30 14:52:17+05:30,3248.0,8,3252.55,1841741,81198.0,110428.0,3250.0,3267.5,3239.8,3251.5,46349800,3576.6,2926.4,4322.95,2866.6,3247.0,80,2,3246.8,27,1,3246.7,10,1,3246.6,28,3,3246.4,159,6,3248.0,132,3,3248.1,54,3,3248.2,27,1,3248.3,10,1,3248.4,118,3
11536,2025-12-30 14:52:17+05:30,3248.0,8,3252.55,1841749,80766.0,109257.0,3250.0,3267.5,3239.8,3251.5,46349800,3576.6,2926.4,4322.95,2866.6,3247.0,80,2,3246.7,10,1,3246.6,9,2,3246.4,130,4,3246.3,13,2,3247.8,32,1,3247.9,111,7,3248.0,138,4,3248.1,48,2,3248.2,46,3
11536,2025-12-30 14:52:18+05:30,3246.5,17,3252.55,1841749,80766.0,109257.0,3250.0,3267.5,3239.8,3251.5,46349800,3576.6,2926.4,4322.95,2866.6,3247.0,80,2,3246.7,10,1,3246.6,9,2,3246.4,130,4,3246.3,13,2,3247.8,32,1,3247.9,111,7,3248.0,138,4,3248.1,48,2,3248.2,46,3
11536,2025-12-30 14:52:18+05:30,3246.5,17,3252.54,1842967,81503.0,109661.0,3250.0,3267.5,3239.8,3251.5,46349800,3576.6,2926.4,4322.95,2866.6,3246.5,82,2,3246.4,999,4,3246.3,211,4,3246.2,43,1,3246.1,17,1,3247.9,46,2,3248.0,155,4,3248.2,63,4,3248.3,18,2,3248.4,72,2
11536,2025-12-30 14:52:19+05:30,3246.5,39,3252.54,1842967,81503.0,109661.0,3250.0,3267.5,3239.8,3251.5,46349800,3576.6,2926.4,4322.95,2866.6,3246.5,82,2,3246.4,999,4,3246.3,211,4,3246.2,43,1,3246.1,17,1,3247.9,46,2,3248.0,155,4,3248.2,63,4,3248.3,18,2,3248.4,72,2
11536,2025-12-30 14:52:19+05:30,3246.5,39,3252.54,1843006,81612.0,107320.0,3250.0,3267.5,3239.8,3251.5,46349800,3576.6,2926.4,4322.95,2866.6,3246.4,910,5,3246.3,210,5,3246.2,21,1,3246.1,35,2,3246.0,170,9,3247.9,80,5,3248.0,133,4,3248.1,12,1,3248.2,55,3,3248.3,64,4
11536,2025-12-30 14:52:20+05:30,3247.9,13,3252.54,1843006,81612.0,107320.0,3250.0,3267.5,3239.8,3251.5,46349800,3576.6,2926.4,4322.95,2866.6,3246.4,910,5,3246.3,210,5,3246.2,21,1,3246.1,35,2,3246.0,170,9,3247.9,80,5,3248.0,133,4,3248.1,12,1,3248.2,55,3,3248.3,64,4
11536,2025-12-30 14:52:20+05:30,3247.9,13,3252.54,1843053,81826.0,109510.0,3250.0,3267.5,3239.8,3251.5,46349800,3576.6,2926.4,4322.95,2866.6,3246.5,104,4,3246.4,943,7,3246.3,243,5,3246.2,21,1,3246.1,36,2,3247.9,66,3,3248.0,126,3,3248.1,12,1,3248.2,55,3,3248.3,64,4
11536,2025-12-30 14:52:21+05:30,3248.2,16,3252.54,1843053,81826.0,109510.0,3250.0,3267.5,3239.8,3251.5,46349800,3576.6,2926.4,4322.95,2866.6,3246.5,104,4,3246.4,943,7,3246.3,243,5,3246.2,21,1,3246.1,36,2,3247.9,66,3,3248.0,126,3,3248.1,12,1,3248.2,55,3,3248.3,64,4
11536,2025-12-30 14:52:21+05:30,3248.2,16,3252.54,1844048,81578.0,109283.0,3250.0,3267.5,3239.8,3251.5,46349800,3576.6,2926.4,4322.95,2866.6,3246.9,54,2,3246.8,40,4,3246.7,46,1,3246.6,24,1,3246.5,145,4,3248.2,23,1,3248.3,48,4,3248.4,14,1,3248.5,7,1,3248.6,71,3
11536,2025-12-30 14:52:22+05:30,3246.8,12,3252.54,1844048,81578.0,109283.0,3250.0,3267.5,3239.8,3251.5,46349800,3576.6,2926.4,4322.95,2866.6,3246.9,54,2,3246.8,40,4,3246.7,46,1,3246.6,24,1,3246.5,145,4,3248.2,23,1,3248.3,48,4,3248.4,14,1,3248.5,7,1,3248.6,71,3
11536,2025-12-30 14:52:22+05:30,3246.8,12,3252.54,1844385,81322.0,109278.0,3250.0,3267.5,3239.8,3251.5,46349800,3576.6,2926.4,4322.95,2866.6,3246.8,15,2,3246.7,46,1,3246.6,46,2,3246.5,135,4,3246.4,287,8,3248.5,96,3,3248.6,117,6,3248.7,152,6,3248.8,80,4,3248.9,5,1
11536,2025-12-30 14:52:23+05:30,3246.8,12,3252.54,1844385,81544.0,108025.0,3250.0,3267.5,3239.8,3251.5,46349800,3576.6,2926.4,4322.95,2866.6,3246.8,107,6,3246.7,46,1,3246.6,46,2,3246.5,135,4,3246.4,312,11,3248.3,40,2,3248.4,33,1,3248.5,58,2,3248.6,93,5,3248.7,72,4
11536,2025-12-30 14:52:24+05:30,3248.3,5,3252.54,1844385,81544.0,108025.0,3250.0,3267.5,3239.8,3251.5,46349800,3576.6,2926.4,4322.95,2866.6,3246.8,107,6,3246.7,46,1,3246.6,46,2,3246.5,135,4,3246.4,312,11,3248.3,40,2,3248.4,33,1,3248.5,58,2,3248.6,93,5,3248.7,72,4
11536,2025-12-30 14:52:24+05:30,3248.3,1,3252.54,1844421,81347.0,109461.0,3250.0,3267.5,3239.8,3251.5,46349800,3576.6,2926.4,4322.95,2866.6,3247.1,28,1,3247.0,21,2,3246.9,10,1,3246.8,106,5,3246.7,46,1,3248.3,41,2,3248.4,33,1,3248.5,44,2,3248.6,44,2,3248.7,52,3
11536,2025-12-30 14:52:25+05:30,3248.3,1,3252.54,1844421,81347.0,109461.0,3250.0,3267.5,3239.8,3251.5,46349800,3576.6,2926.4,4322.95,2866.6,3247.1,28,1,3247.0,21,2,3246.9,10,1,3246.8,106,5,3246.7,46,1,3248.3,41,2,3248.4,33,1,3248.5,44,2,3248.6,44,2,3248.7,52,3
11536,2025-12-30 14:52:25+05:30,3248.3,1,3252.54,1844422,81384.0,109433.0,3250.0,3267.5,3239.8,3251.5,46349800,3576.6,2926.4,4322.95,2866.6,3247.2,31,1,3247.0,145,6,3246.9,10,1,3246.8,36,3,3246.7,46,1,3248.4,43,2,3248.5,72,3,3248.6,16,1,3248.7,52,3,3248.8,91,4
11536,2025-12-30 14:52:26+05:30,3247.2,18,3252.54,1844422,81384.0,109433.0,3250.0,3267.5,3239.8,3251.5,46349800,3576.6,2926.4,4322.95,2866.6,3247.2,31,1,3247.0,145,6,3246.9,10,1,3246.8,36,3,3246.7,46,1,3248.4,43,2,3248.5,72,3,3248.6,16,1,3248.7,52,3,3248.8,91,4
11536,2025-12-30 14:52:26+05:30,3247.2,18,3252.54,1844580,80967.0,109524.0,3250.0,3267.5,3239.8,3251.5,46349800,3576.6,2926.4,4322.95,2866.6,3247.2,13,1,3247.0,3,1,3246.9,10,1,3246.8,36,3,3246.6,46,2,3248.2,61,2,3248.3,41,2,3248.4,19,1,3248.5,44,2,3248.6,116,4
11536,2025-12-30 14:52:27+05:30,3248.2,9,3252.54,1844580,80967.0,109524.0,3250.0,3267.5,3239.8,3251.5,46349800,3576.6,2926.4,4322.95,2866.6,3247.2,13,1,3247.0,3,1,3246.9,10,1,3246.8,36,3,3246.6,46,2,3248.2,61,2,3248.3,41,2,3248.4,19,1,3248.5,44,2,3248.6,116,4
11536,2025-12-30 14:52:27+05:30,3248.5,3,3252.54,1844712,81363.0,109500.0,3250.0,3267.5,3239.8,3251.5,46349800,3576.6,2926.4,4322.95,2866.6,3247.6,13,1,3247.0,22,1,3246.8,41,4,3246.7,49,2,3246.6,46,2,3248.5,118,6,3248.6,41,2,3248.7,71,4,3248.8,91,4,3248.9,53,2
11536,2025-12-30 14:52:28+05:30,3247.6,3,3252.54,1844712,81363.0,109500.0,3250.0,3267.5,3239.8,3251.5,46349800,3576.6,2926.4,4322.95,2866.6,3247.6,13,1,3247.0,22,1,3246.8,41,4,3246.7,49,2,3246.6,46,2,3248.5,118,6,3248.6,41,2,3248.7,71,4,3248.8,91,4,3248.9,53,2
11536,2025-12-30 14:52:28+05:30,3248.5,1,3252.54,1844755,81391.0,109492.0,3250.0,3267.5,3239.8,3251.5,46349800,3576.6,2926.4,4322.95,2866.6,3247.6,31,1,3247.0,22,1,3246.8,41,4,3246.7,49,2,3246.6,46,2,3248.5,117,6,3248.6,41,2,3248.7,71,4,3248.8,91,4,3248.9,46,1
11536,2025-12-30 14:52:29+05:30,3248.4,4,3252.54,1844755,81391.0,109492.0,3250.0,3267.5,3239.8,3251.5,46349800,3576.6,2926.4,4322.95,2866.6,3247.6,31,1,3247.0,22,1,3246.8,41,4,3246.7,49,2,3246.6,46,2,3248.5,117,6,3248.6,41,2,3248.7,71,4,3248.8,91,4,3248.9,46,1
11536,2025-12-30 14:52:29+05:30,3246.9,20,3252.54,1845023,80808.0,108544.0,3250.0,3267.5,3239.8,3251.5,46349800,3576.6,2926.4,4322.95,2866.6,3246.9,39,2,3246.8,1,1,3246.6,22,1,3246.5,42,1,3246.4,70,7,3248.3,93,4,3248.4,66,3,3248.5,132,5,3248.6,47,4,3248.7,38,3
11536,2025-12-30 14:52:30+05:30,3246.7,20,3252.54,1845023,80808.0,108544.0,3250.0,3267.5,3239.8,3251.5,46349800,3576.6,2926.4,4322.95,2866.6,3246.9,39,2,3246.8,1,1,3246.6,22,1,3246.5,42,1,3246.4,70,7,3248.3,93,4,3248.4,66,3,3248.5,132,5,3248.6,47,4,3248.7,38,3
11536,2025-12-30 14:52:31+05:30,3246.7,20,3252.54,1845178,81072.0,109640.0,3250.0,3267.5,3239.8,3251.5,46349800,3576.6,2926.4,4322.95,2866.6,3246.9,109,3,3246.8,29,2,3246.7,138,4,3246.6,40,2,3246.5,88,2,3248.2,11,2,3248.3,46,3,3248.4,61,3,3248.5,131,5,3248.6,88,4
11536,2025-12-30 14:52:31+05:30,3248.2,1,3252.54,1845178,81072.0,109640.0,3250.0,3267.5,3239.8,3251.5,46349800,3576.6,2926.4,4322.95,2866.6,3246.9,109,3,3246.8,29,2,3246.7,138,4,3246.6,40,2,3246.5,88,2,3248.2,11,2,3248.3,46,3,3248.4,61,3,3248.5,131,5,3248.6,88,4
11536,2025-12-30 14:52:32+05:30,3248.2,2,3252.54,1845181,81037.0,109642.0,3250.0,3267.5,3239.8,3251.5,46349800,3576.6,2926.4,4322.95,2866.6,3246.9,119,4,3246.7,47,2,3246.6,40,2,3246.5,88,2,3246.4,68,7,3248.2,8,2,3248.3,46,3,3248.4,61,3,3248.5,131,5,3248.6,88,4
11536,2025-12-30 14:52:32+05:30,3248.2,2,3252.54,1845181,81037.0,109642.0,3250.0,3267.5,3239.8,3251.5,46349800,3576.6,2926.4,4322.95,2866.6,3246.9,119,4,3246.7,47,2,3246.6,40,2,3246.5,88,2,3246.4,68,7,3248.2,8,2,3248.3,46,3,3248.4,61,3,3248.5,131,5,3248.6,88,4
11536,2025-12-30 14:52:33+05:30,3246.4,85,3252.53,1846239,80976.0,109317.0,3250.0,3267.5,3239.8,3251.5,46349800,3576.6,2926.4,4322.95,2866.6,3246.5,93,4,3246.4,47,3,3246.3,294,7,3246.2,56,2,3246.1,84,4,3248.0,33,1,3248.1,58,2,3248.2,82,3,3248.3,27,2,3248.4,68,2
11536,2025-12-30 14:52:33+05:30,3246.4,85,3252.53,1846239,80976.0,109317.0,3250.0,3267.5,3239.8,3251.5,46349800,3576.6,2926.4,4322.95,2866.6,3246.5,93,4,3246.4,47,3,3246.3,294,7,3246.2,56,2,3246.1,84,4,3248.0,33,1,3248.1,58,2,3248.2,82,3,3248.3,27,2,3248.4,68,2
11536,2025-12-30 14:52:34+05:30,3246.5,43,3252.53,1846239,80976.0,109317.0,3250.0,3267.5,3239.8,3251.5,46349800,3576.6,2926.4,4322.95,2866.6,3246.5,93,4,3246.4,47,3,3246.3,294,7,3246.2,56,2,3246.1,84,4,3248.0,33,1,3248.1,58,2,3248.2,82,3,3248.3,27,2,3248.4,68,2
11536,2025-12-30 14:52:34+05:30,3246.5,43,3252.53,1846396,80929.0,109024.0,3250.0,3267.5,3239.8,3251.5,46349800,3576.6,2926.4,4322.95,2866.6,3246.5,33,2,3246.4,34,1,3246.3,195,3,3246.2,76,3,3246.1,79,3,3247.9,129,4,3248.0,32,1,3248.1,72,3,3248.2,135,5,3248.3,27,2
11536,2025-12-30 14:52:35+05:30,3247.9,1,3252.53,1846396,80929.0,109024.0,3250.0,3267.5,3239.8,3251.5,46349800,3576.6,2926.4,4322.95,2866.6,3246.5,33,2,3246.4,34,1,3246.3,195,3,3246.2,76,3,3246.1,79,3,3247.9,129,4,3248.0,32,1,3248.1,72,3,3248.2,135,5,3248.3,27,2
11536,2025-12-30 14:52:35+05:30,3247.9,1,3252.53,1846444,81091.0,108213.0,3250.0,3267.5,3239.8,3251.5,46349800,3576.6,2926.4,4322.95,2866.6,3246.6,69,3,3246.5,69,2,3246.4,57,2,3246.3,195,3,3246.2,76,3,3247.9,68,3,3248.0,32,1,3248.1,72,3,3248.2,95,3,3248.3,73,3
11536,2025-12-30 14:52:36+05:30,3247.9,1,3252.53,1846445,81099.0,109438.0,3250.0,3267.5,3239.8,3251.5,46349800,3576.6,2926.4,4322.95,2866.6,3246.6,79,4,3246.5,69,2,3246.4,57,2,3246.3,195,3,3246.2,76,3,3247.9,67,3,3248.0,32,1,3248.1,96,4,3248.2,95,3,3248.3,73,3
11536,2025-12-30 14:52:37+05:30,3248.0,43,3252.53,1846445,81099.0,109438.0,3250.0,3267.5,3239.8,3251.5,46349800,3576.6,2926.4,4322.95,2866.6,3246.6,79,4,3246.5,69,2,3246.4,57,2,3246.3,195,3,3246.2,76,3,3247.9,67,3,3248.0,32,1,3248.1,96,4,3248.2,95,3,3248.3,73,3
11536,2025-12-30 14:52:37+05:30,3248.0,43,3252.53,1846555,81293.0,109753.0,3250.0,3267.5,3239.8,3251.5,46349800,3576.6,2926.4,4322.95,2866.6,3246.7,10,1,3246.6,26,2,3246.5,50,1,3246.4,98,4,3246.3,250,5,3248.1,131,4,3248.2,89,3,3248.3,140,5,3248.4,35,2,3248.5,55,2
11536,2025-12-30 14:52:38+05:30,3246.6,87,3252.53,1846555,81293.0,109753.0,3250.0,3267.5,3239.8,3251.5,46349800,3576.6,2926.4,4322.95,2866.6,3246.7,10,1,3246.6,26,2,3246.5,50,1,3246.4,98,4,3246.3,250,5,3248.1,131,4,3248.2,89,3,3248.3,140,5,3248.4,35,2,3248.5,55,2
11536,2025-12-30 14:52:38+05:30,3246.6,7,3252.53,1846721,80971.0,109977.0,3250.0,3267.5,3239.8,3251.5,46349800,3576.6,2926.4,4322.95,2866.6,3246.6,86,2,3246.5,50,1,3246.4,37,2,3246.3,231,4,3246.2,94,4,3248.0,43,2,3248.1,91,3,3248.2,16,2,3248.3,165,6,3248.4,94,7
11536,2025-12-30 14:52:39+05:30,3246.6,40,3252.53,1846721,80971.0,109977.0,3250.0,3267.5,3239.8,3251.5,46349800,3576.6,2926.4,4322.95,2866.6,3246.6,86,2,3246.5,50,1,3246.4,37,2,3246.3,231,4,3246.2,94,4,3248.0,43,2,3248.1,91,3,3248.2,16,2,3248.3,165,6,3248.4,94,7
11536,2025-12-30 14:52:39+05:30,3248.0,4,3252.53,1846833,80991.0,109903.0,3250.0,3267.5,3239.8,3251.5,46349800,3576.6,2926.4,4322.95,2866.6,3246.7,55,3,3246.6,96,1,3246.5,50,1,3246.4,37,2,3246.3,231,4,3247.9,16,2,3248.0,49,3,3248.1,91,3,3248.2,16,2,3248.3,170,7
11536,2025-12-30 14:52:40+05:30,3247.9,1,3252.53,1846833,80991.0,109903.0,3250.0,3267.5,3239.8,3251.5,46349800,3576.6,2926.4,4322.95,2866.6,3246.7,55,3,3246.6,96,1,3246.5,50,1,3246.4,37,2,3246.3,231,4,3247.9,16,2,3248.0,49,3,3248.1,91,3,3248.2,16,2,3248.3,170,7
11536,2025-12-30 14:52:40+05:30,3247.9,1,3252.53,1846834,81019.0,109892.0,3250.0,3267.5,3239.8,3251.5,46349800,3576.6,2926.4,4322.95,2866.6,3246.7,55,3,3246.6,96,1,3246.5,50,1,3246.4,37,2,3246.3,231,4,3247.9,15,2,3248.0,39,2,3248.1,91,3,3248.2,16,2,3248.3,170,7
11536,2025-12-30 14:52:41+05:30,3247.9,1,3252.53,1846834,81046.0,109776.0,3250.0,3267.5,3239.8,3251.5,46349800,3576.6,2926.4,4322.95,2866.6,3247.3,19,1,3246.7,42,2,3246.6,117,2,3246.5,50,1,3246.4,37,2,3248.0,66,3,3248.1,80,2,3248.2,2,1,3248.3,117,5,3248.4,108,6
11536,2025-12-30 14:52:42+05:30,3247.3,156,3252.53,1846834,81046.0,109776.0,3250.0,3267.5,3239.8,3251.5,46349800,3576.6,2926.4,4322.95,2866.6,3247.3,19,1,3246.7,42,2,3246.6,117,2,3246.5,50,1,3246.4,37,2,3248.0,66,3,3248.1,80,2,3248.2,2,1,3248.3,117,5,3248.4,108,6
11536,2025-12-30 14:52:42+05:30,3248.0,4,3252.53,1846994,81199.0,109804.0,3250.0,3267.5,3239.8,3251.5,46349800,3576.6,2926.4,4322.95,2866.6,3247.3,66,1,3246.8,21,1,3246.7,42,2,3246.6,117,2,3246.5,50,1,3248.0,73,4,3248.1,94,3,3248.2,2,1,3248.3,117,5,3248.4,108,6
11536,2025-12-30 14:52:43+05:30,3247.3,1,3252.53,1846994,81199.0,109804.0,3250.0,3267.5,3239.8,3251.5,46349800,3576.6,2926.4,4322.95,2866.6,3247.3,66,1,3246.8,21,1,3246.7,42,2,3246.6,117,2,3246.5,50,1,3248.0,73,4,3248.1,94,3,3248.2,2,1,3248.3,117,5,3248.4,108,6
11536,2025-12-30 14:52:43+05:30,3247.3,1,3252.53,1846995,81115.0,108510.0,3250.0,3267.5,3239.8,3251.5,46349800,3576.6,2926.4,4322.95,2866.6,3247.9,65,1,3247.0,20,1,3246.8,21,1,3246.7,15,1,3246.6,117,2,3248.0,60,4,3248.1,14,1,3248.2,43,2,3248.3,70,3,3248.4,40,3
11536,2025-12-30 14:52:44+05:30,3247.3,1,3252.53,1846995,81519.0,110053.0,3250.0,3267.5,3239.8,3251.5,46349800,3576.6,2926.4,4322.95,2866.6,3247.9,216,2,3247.0,20,1,3246.8,21,1,3246.7,18,2,3246.6,21,1,3248.0,49,3,3248.1,14,1,3248.2,43,2,3248.3,38,2,3248.4,34,2
11536,2025-12-30 14:52:45+05:30,3248.0,1,3252.53,1846995,81519.0,110053.0,3250.0,3267.5,3239.8,3251.5,46349800,3576.6,2926.4,4322.95,2866.6,3247.9,216,2,3247.0,20,1,3246.8,21,1,3246.7,18,2,3246.6,21,1,3248.0,49,3,3248.1,14,1,3248.2,43,2,3248.3,38,2,3248.4,34,2
11536,2025-12-30 14:52:45+05:30,3248.0,1,3252.53,1847001,81492.0,110166.0,3250.0,3267.5,3239.8,3251.5,46349800,3576.6,2926.4,4322.95,2866.6,3247.9,211,2,3247.1,27,1,3247.0,20,1,3246.9,19,1,3246.8,24,2,3248.0,13,1,3248.7,98,4,3248.8,84,4,3248.9,205,3,3249.0,100,5
11536,2025-12-30 14:52:46+05:30,3247.9,95,3252.53,1847001,81492.0,110166.0,3250.0,3267.5,3239.8,3251.5,46349800,3576.6,2926.4,4322.95,2866.6,3247.9,211,2,3247.1,27,1,3247.0,20,1,3246.9,19,1,3246.8,24,2,3248.0,13,1,3248.7,98,4,3248.8,84,4,3248.9,205,3,3249.0,100,5
11536,2025-12-30 14:52:46+05:30,3247.9,95,3252.53,1847157,81459.0,110265.0,3250.0,3267.5,3239.8,3251.5,46349800,3576.6,2926.4,4322.95,2866.6,3247.9,122,2,3247.1,27,1,3247.0,73,3,3246.8,24,2,3246.7,70,3,3248.0,12,1,3248.7,116,5,3248.8,84,4,3248.9,251,4,3249.0,119,6
11536,2025-12-30 14:52:47+05:30,3248.0,8,3252.53,1847157,81459.0,110265.0,3250.0,3267.5,3239.8,3251.5,46349800,3576.6,2926.4,4322.95,2866.6,3247.9,122,2,3247.1,27,1,3247.0,73,3,3246.8,24,2,3246.7,70,3,3248.0,12,1,3248.7,116,5,3248.8,84,4,3248.9,251,4,3249.0,119,6
11536,2025-12-30 14:52:47+05:30,3246.7,3,3252.53,1847810,80958.0,110114.0,3250.0,3267.5,3239.8,3251.5,46349800,3576.6,2926.4,4322.95,2866.6,3246.6,32,2,3246.5,21,2,3246.4,175,1,3246.3,176,2,3246.1,510,3,3246.7,103,1,3248.0,43,1,3248.1,43,1,3248.2,64,2,3248.3,122,3
11536,2025-12-30 14:52:48+05:30,3246.7,3,3252.53,1847810,80958.0,110114.0,3250.0,3267.5,3239.8,3251.5,46349800,3576.6,2926.4,4322.95,2866.6,3246.6,32,2,3246.5,21,2,3246.4,175,1,3246.3,176,2,3246.1,510,3,3246.7,103,1,3248.0,43,1,3248.1,43,1,3248.2,64,2,3248.3,122,3
11536,2025-12-30 14:52:48+05:30,3246.6,7,3252.53,1847850,81124.0,108692.0,3250.0,3267.5,3239.8,3251.5,46349800,3576.6,2926.4,4322.95,2866.6,3246.6,73,2,3246.5,21,2,3246.4,175,1,3246.3,194,3,3246.2,27,2,3246.7,119,2,3248.0,117,3,3248.1,48,2,3248.2,110,3,3248.3,122,3
11536,2025-12-30 14:52:49+05:30,3246.6,7,3252.53,1847850,81124.0,108692.0,3250.0,3267.5,3239.8,3251.5,46349800,3576.6,2926.4,4322.95,2866.6,3246.6,73,2,3246.5,21,2,3246.4,175,1,3246.3,194,3,3246.2,27,2,3246.7,119,2,3248.0,117,3,3248.1,48,2,3248.2,110,3,3248.3,122,3
11536,2025-12-30 14:52:49+05:30,3246.7,47,3252.53,1847897,81154.0,109759.0,3250.0,3267.5,3239.8,3251.5,46349800,3576.6,2926.4,4322.95,2866.6,3246.6,75,2,3246.5,46,3,3246.4,175,1,3246.3,176,2,3246.2,8,1,3246.7,72,2,3247.8,21,1,3248.0,117,3,3248.1,48,2,3248.2,136,4
11536,2025-12-30 14:52:50+05:30,3246.5,33,3252.53,1847897,81154.0,109759.0,3250.0,3267.5,3239.8,3251.5,46349800,3576.6,2926.4,4322.95,2866.6,3246.6,75,2,3246.5,46,3,3246.4,175,1,3246.3,176,2,3246.2,8,1,3246.7,72,2,3247.8,21,1,3248.0,117,3,3248.1,48,2,3248.2,136,4
11536,2025-12-30 14:52:50+05:30,3246.5,33,3252.53,1848053,81227.0,110363.0,3250.0,3267.5,3239.8,3251.5,46349800,3576.6,2926.4,4322.95,2866.6,3246.5,32,1,3246.4,28,1,3246.3,176,2,3246.2,175,1,3246.0,271,8,3246.6,55,1,3246.7,17,1,3247.7,61,1,3247.8,73,2,3247.9,47,3
11536,2025-12-30 14:52:51+05:30,3246.6,1,3252.53,1848053,81227.0,110363.0,3250.0,3267.5,3239.8,3251.5,46349800,3576.6,2926.4,4322.95,2866.6,3246.5,32,1,3246.4,28,1,3246.3,176,2,3246.2,175,1,3246.0,271,8,3246.6,55,1,3246.7,17,1,3247.7,61,1,3247.8,73,2,3247.9,47,3
11536,2025-12-30 14:52:51+05:30,3246.6,3,3252.53,1848057,81490.0,110277.0,3250.0,3267.5,3239.8,3251.5,46349800,3576.6,2926.4,4322.95,2866.6,3246.4,32,1,3246.3,176,2,3246.2,175,1,3246.1,66,3,3246.0,251,7,3246.6,51,1,3246.7,17,1,3247.7,61,1,3247.8,73,2,3247.9,47,3
11536,2025-12-30 14:52:52+05:30,3246.6,184,3252.53,1848057,81490.0,110277.0,3250.0,3267.5,3239.8,3251.5,46349800,3576.6,2926.4,4322.95,2866.6,3246.4,32,1,3246.3,176,2,3246.2,175,1,3246.1,66,3,3246.0,251,7,3246.6,51,1,3246.7,17,1,3247.7,61,1,3247.8,73,2,3247.9,47,3
11536,2025-12-30 14:52:52+05:30,3246.3,30,3252.53,1848774,81383.0,110789.0,3250.0,3267.5,3239.8,3251.5,46349800,3576.6,2926.4,4322.95,2866.6,3246.3,174,3,3246.2,219,4,3246.1,22,2,3246.0,270,8,3245.9,32,2,3246.7,17,1,3247.8,21,1,3247.9,88,2,3248.0,134,4,3248.1,99,4
11536,2025-12-30 14:52:53+05:30,3246.3,30,3252.53,1848774,81383.0,110789.0,3250.0,3267.5,3239.8,3251.5,46349800,3576.6,2926.4,4322.95,2866.6,3246.3,174,3,3246.2,219,4,3246.1,22,2,3246.0,270,8,3245.9,32,2,3246.7,17,1,3247.8,21,1,3247.9,88,2,3248.0,134,4,3248.1,99,4
11536,2025-12-30 14:52:53+05:30,3246.3,1,3252.53,1848776,81382.0,110785.0,3250.0,3267.5,3239.8,3251.5,46349800,3576.6,2926.4,4322.95,2866.6,3246.3,173,3,3246.2,219,4,3246.1,22,2,3246.0,270,8,3245.9,32,2,3246.7,16,1,3247.8,21,1,3247.9,88,2,3248.0,139,5,3248.1,99,4
11536,2025-12-30 14:52:54+05:30,3246.3,10,3252.53,1848776,81382.0,110785.0,3250.0,3267.5,3239.8,3251.5,46349800,3576.6,2926.4,4322.95,2866.6,3246.3,173,3,3246.2,219,4,3246.1,22,2,3246.0,270,8,3245.9,32,2,3246.7,16,1,3247.8,21,1,3247.9,88,2,3248.0,139,5,3248.1,99,4
11536,2025-12-30 14:52:54+05:30,3246.7,16,3252.52,1848947,81216.0,110163.0,3250.0,3267.5,3239.8,3251.5,46349800,3576.6,2926.4,4322.95,2866.6,3246.7,4,1,3246.3,140,4,3246.2,200,3,3246.0,97,7,3245.9,37,3,3247.7,42,2,3247.8,145,5,3247.9,44,2,3248.0,69,2,3248.1,44,3
11536,2025-12-30 14:52:55+05:30,3247.7,1,3252.52,1848947,81216.0,110163.0,3250.0,3267.5,3239.8,3251.5,46349800,3576.6,2926.4,4322.95,2866.6,3246.7,4,1,3246.3,140,4,3246.2,200,3,3246.0,97,7,3245.9,37,3,3247.7,42,2,3247.8,145,5,3247.9,44,2,3248.0,69,2,3248.1,44,3
11536,2025-12-30 14:52:55+05:30,3247.7,1,3252.52,1848948,81405.0,109707.0,3250.0,3267.5,3239.8,3251.5,46349800,3576.6,2926.4,4322.95,2866.6,3246.7,4,1,3246.5,23,1,3246.4,20,1,3246.3,145,5,3246.2,219,4,3247.8,93,4,3247.9,54,3,3248.0,52,1,3248.1,44,3,3248.3,52,1
11536,2025-12-30 14:52:56+05:30,3247.7,9,3252.52,1848977,81448.0,109757.0,3250.0,3267.5,3239.8,3251.5,46349800,3576.6,2926.4,4322.95,2866.6,3246.6,18,2,3246.5,23,1,3246.4,20,1,3246.3,127,4,3246.2,230,5,3247.7,32,2,3247.8,31,2,3247.9,37,2,3248.0,52,1,3248.1,71,5
11536,2025-12-30 14:52:57+05:30,3247.7,9,3252.52,1848977,81448.0,109757.0,3250.0,3267.5,3239.8,3251.5,46349800,3576.6,2926.4,4322.95,2866.6,3246.6,18,2,3246.5,23,1,3246.4,20,1,3246.3,127,4,3246.2,230,5,3247.7,32,2,3247.8,31,2,3247.9,37,2,3248.0,52,1,3248.1,71,5
11536,2025-12-30 14:52:58+05:30,3247.7,2,3252.52,1849109,81516.0,109545.0,3250.0,3267.5,3239.8,3251.5,46349800,3576.6,2926.4,4322.95,2866.6,3247.7,1,1,3246.9,15,1,3246.8,36,2,3246.7,23,2,3246.6,52,3,3248.0,24,1,3248.1,77,4,3248.2,78,3,3248.3,52,1,3248.4,82,5
11536,2025-12-30 14:52:58+05:30,3246.5,13,3252.52,1849109,81516.0,109545.0,3250.0,3267.5,3239.8,3251.5,46349800,3576.6,2926.4,4322.95,2866.6,3247.7,1,1,3246.9,15,1,3246.8,36,2,3246.7,23,2,3246.6,52,3,3248.0,24,1,3248.1,77,4,3248.2,78,3,3248.3,52,1,3248.4,82,5
11536,2025-12-30 14:52:59+05:30,3246.7,39,3252.52,1849304,81406.0,109585.0,3250.0,3267.5,3239.8,3251.5,46349800,3576.6,2926.4,4322.95,2866.6,3246.6,56,2,3246.5,59,3,3246.4,31,3,3246.3,286,6,3246.2,67,4,3247.9,70,3,3248.0,88,4,3248.1,47,2,3248.2,70,3,3248.3,115,4
11536,2025-12-30 14:52:59+05:30,3246.7,39,3252.52,1849304,81406.0,109585.0,3250.0,3267.5,3239.8,3251.5,46349800,3576.6,2926.4,4322.95,2866.6,3246.6,56,2,3246.5,59,3,3246.4,31,3,3246.3,286,6,3246.2,67,4,3247.9,70,3,3248.0,88,4,3248.1,47,2,3248.2,70,3,3248.3,115,4
11536,2025-12-30 14:53:00+05:30,3247.9,15,3252.52,1849319,81477.0,109546.0,3250.0,3267.5,3239.8,3251.5,46349800,3576.6,2926.4,4322.95,2866.6,3246.6,94,4,3246.5,12,2,3246.4,51,4,3246.3,305,7,3246.2,94,4,3247.9,38,2,3248.0,81,3,3248.1,47,2,3248.2,24,2,3248.3,161,5
11536,2025-12-30 14:53:00+05:30,3247.9,15,3252.52,1849319,81477.0,109546.0,3250.0,3267.5,3239.8,3251.5,46349800,3576.6,2926.4,4322.95,2866.6,3246.6,94,4,3246.5,12,2,3246.4,51,4,3246.3,305,7,3246.2,94,4,3247.9,38,2,3248.0,81,3,3248.1,47,2,3248.2,24,2,3248.3,161,5
11536,2025-12-30 14:53:01+05:30,3247.9,15,3252.52,1849319,81526.0,109700.0,3250.0,3267.5,3239.8,3251.5,46349800,3576.6,2926.4,4322.95,2866.6,3247.9,1,1,3246.9,15,1,3246.8,36,3,3246.7,20,3,3246.6,155,2,3248.0,107,5,3248.1,15,1,3248.2,17,1,3248.3,115,4,3248.4,50,3
11536,2025-12-30 14:53:01+05:30,3248.0,1,3252.52,1849319,81526.0,109700.0,3250.0,3267.5,3239.8,3251.5,46349800,3576.6,2926.4,4322.95,2866.6,3247.9,1,1,3246.9,15,1,3246.8,36,3,3246.7,20,3,3246.6,155,2,3248.0,107,5,3248.1,15,1,3248.2,17,1,3248.3,115,4,3248.4,50,3
11536,2025-12-30 14:53:02+05:30,3246.7,98,3252.52,1849477,81341.0,109892.0,3250.0,3267.5,3239.8,3251.5,46349800,3576.6,2926.4,4322.95,2866.6,3246.7,23,1,3246.6,134,1,3246.4,31,3,3246.3,111,5,3246.2,216,4,3247.9,96,5,3248.0,32,2,3248.1,52,3,3248.2,63,2,3248.3,115,4
11536,2025-12-30 14:53:02+05:30,3246.7,98,3252.52,1849477,81341.0,109892.0,3250.0,3267.5,3239.8,3251.5,46349800,3576.6,2926.4,4322.95,2866.6,3246.7,23,1,3246.6,134,1,3246.4,31,3,3246.3,111,5,3246.2,216,4,3247.9,96,5,3248.0,32,2,3248.1,52,3,3248.2,63,2,3248.3,115,4
11536,2025-12-30 14:53:03+05:30,3246.2,48,3252.52,1850536,81099.0,110161.0,3250.0,3267.5,3239.8,3251.5,46349800,3576.6,2926.4,4322.95,2866.6,3246.6,11,1,3246.2,213,3,3246.0,56,6,3245.9,79,3,3245.8,126,5,3247.6,5,1,3247.7,65,3,3247.8,13,1,3247.9,61,3,3248.0,42,2
11536,2025-12-30 14:53:03+05:30,3246.2,48,3252.52,1850536,81099.0,110161.0,3250.0,3267.5,3239.8,3251.5,46349800,3576.6,2926.4,4322.95,2866.6,3246.6,11,1,3246.2,213,3,3246.0,56,6,3245.9,79,3,3245.8,126,5,3247.6,5,1,3247.7,65,3,3247.8,13,1,3247.9,61,3,3248.0,42,2
11536,2025-12-30 14:53:04+05:30,3246.2,48,3252.52,1850536,81155.0,110087.0,3250.0,3267.5,3239.8,3251.5,46349800,3576.6,2926.4,4322.95,2866.6,3246.6,11,1,3246.2,213,3,3246.0,77,7,3245.9,79,3,3245.8,153,7,3247.6,5,1,3247.7,65,3,3247.8,13,1,3247.9,61,3,3248.0,42,2
11536,2025-12-30 14:53:05+05:30,3247.6,5,3252.52,1850541,81205.0,110079.0,3250.0,3267.5,3239.8,3251.5,46349800,3576.6,2926.4,4322.95,2866.6,3247.6,6,2,3246.6,11,1,3246.4,20,1,3246.3,3,1,3246.2,278,5,3247.7,76,3,3247.8,34,1,3247.9,83,3,3248.0,40,2,3248.1,38,2
11536,2025-12-30 14:53:05+05:30,3247.6,5,3252.52,1850541,81205.0,110079.0,3250.0,3267.5,3239.8,3251.5,46349800,3576.6,2926.4,4322.95,2866.6,3247.6,6,2,3246.6,11,1,3246.4,20,1,3246.3,3,1,3246.2,278,5,3247.7,76,3,3247.8,34,1,3247.9,83,3,3248.0,40,2,3248.1,38,2
11536,2025-12-30 14:53:06+05:30,3246.7,114,3252.52,1850697,81607.0,109581.0,3250.0,3267.5,3239.8,3251.5,46349800,3576.6,2926.4,4322.95,2866.6,3246.7,369,6,3246.6,11,1,3246.5,17,1,3246.4,205,3,3246.3,243,5,3247.2,30,1,3248.0,41,2,3248.2,48,3,3248.3,79,2,3248.4,95,4
11536,2025-12-30 14:53:06+05:30,3246.7,114,3252.52,1850697,81607.0,109581.0,3250.0,3267.5,3239.8,3251.5,46349800,3576.6,2926.4,4322.95,2866.6,3246.7,369,6,3246.6,11,1,3246.5,17,1,3246.4,205,3,3246.3,243,5,3247.2,30,1,3248.0,41,2,3248.2,48,3,3248.3,79,2,3248.4,95,4
11536,2025-12-30 14:53:07+05:30,3248.0,9,3252.52,1850697,81607.0,109581.0,3250.0,3267.5,3239.8,3251.5,46349800,3576.6,2926.4,4322.95,2866.6,3246.7,369,6,3246.6,11,1,3246.5,17,1,3246.4,205,3,3246.3,243,5,3247.2,30,1,3248.0,41,2,3248.2,48,3,3248.3,79,2,3248.4,95,4
11536,2025-12-30 14:53:07+05:30,3248.0,9,3252.52,1850736,81533.0,109724.0,3250.0,3267.5,3239.8,3251.5,46349800,3576.6,2926.4,4322.95,2866.6,3246.7,371,7,3246.6,11,1,3246.5,69,2,3246.4,50,3,3246.3,68,4,3248.0,51,2,3248.2,78,4,3248.3,27,1,3248.4,49,3,3248.5,14,1
11536,2025-12-30 14:53:08+05:30,3248.0,4,3252.52,1850736,81533.0,109724.0,3250.0,3267.5,3239.8,3251.5,46349800,3576.6,2926.4,4322.95,2866.6,3246.7,371,7,3246.6,11,1,3246.5,69,2,3246.4,50,3,3246.3,68,4,3248.0,51,2,3248.2,78,4,3248.3,27,1,3248.4,49,3,3248.5,14,1
11536,2025-12-30 14:53:08+05:30,3248.0,4,3252.52,1850740,81535.0,109722.0,3250.0,3267.5,3239.8,3251.5,46349800,3576.6,2926.4,4322.95,2866.6,3246.7,371,7,3246.6,11,1,3246.5,69,2,3246.4,50,3,3246.3,68,4,3248.0,61,3,3248.2,78,4,3248.3,27,1,3248.4,89,4,3248.5,14,1
11536,2025-12-30 14:53:09+05:30,3246.7,39,3252.52,1850740,81535.0,109722.0,3250.0,3267.5,3239.8,3251.5,46349800,3576.6,2926.4,4322.95,2866.6,3246.7,371,7,3246.6,11,1,3246.5,69,2,3246.4,50,3,3246.3,68,4,3248.0,61,3,3248.2,78,4,3248.3,27,1,3248.4,89,4,3248.5,14,1
11536,2025-12-30 14:53:09+05:30,3248.0,27,3252.52,1850814,81532.0,110372.0,3250.0,3267.5,3239.8,3251.5,46349800,3576.6,2926.4,4322.95,2866.6,3246.7,368,8,3246.6,11,1,3246.5,69,2,3246.4,57,4,3246.3,68,4,3248.0,26,2,3248.2,78,4,3248.3,27,1,3248.4,89,4,3248.5,14,1
11536,2025-12-30 14:53:10+05:30,3247.0,33,3252.52,1850814,81532.0,110372.0,3250.0,3267.5,3239.8,3251.5,46349800,3576.6,2926.4,4322.95,2866.6,3246.7,368,8,3246.6,11,1,3246.5,69,2,3246.4,57,4,3246.3,68,4,3248.0,26,2,3248.2,78,4,3248.3,27,1,3248.4,89,4,3248.5,14,1
11536,2025-12-30 14:53:10+05:30,3247.0,33,3252.52,1851427,80830.0,107721.0,3250.0,3267.5,3239.8,3251.5,46349800,3576.6,2926.4,4322.95,2866.6,3246.9,115,1,3246.7,38,2,3246.6,11,1,3246.3,6,1,3246.2,175,1,3247.0,90,1,3247.9,21,2,3248.0,128,5,3248.2,188,7,3248.3,57,2
11536,2025-12-30 14:53:11+05:30,3247.0,2,3252.52,1851429,81414.0,110199.0,3250.0,3267.5,3239.8,3251.5,46349800,3576.6,2926.4,4322.95,2866.6,3246.9,179,3,3246.8,36,1,3246.7,2,1,3246.6,11,1,3246.5,28,1,3247.0,88,1,3247.9,60,3,3248.0,128,5,3248.2,81,5,3248.3,155,4
11536,2025-12-30 14:53:12+05:30,3247.1,30,3252.52,1851429,81414.0,110199.0,3250.0,3267.5,3239.8,3251.5,46349800,3576.6,2926.4,4322.95,2866.6,3246.9,179,3,3246.8,36,1,3246.7,2,1,3246.6,11,1,3246.5,28,1,3247.0,88,1,3247.9,60,3,3248.0,128,5,3248.2,81,5,3248.3,155,4
11536,2025-12-30 14:53:12+05:30,3247.7,80,3252.51,1852093,83406.0,109382.0,3250.0,3267.5,3239.8,3251.5,46349800,3576.6,2926.4,4322.95,2866.6,3247.7,95,1,3247.6,160,1,3247.5,19,1,3247.4,350,2,3247.3,28,1,3247.9,1,1,3248.2,1,1,3248.8,22,1,3249.0,22,1,3249.1,3,1
11536,2025-12-30 14:53:13+05:30,3247.9,1,3252.51,1852093,83406.0,109382.0,3250.0,3267.5,3239.8,3251.5,46349800,3576.6,2926.4,4322.95,2866.6,3247.7,95,1,3247.6,160,1,3247.5,19,1,3247.4,350,2,3247.3,28,1,3247.9,1,1,3248.2,1,1,3248.8,22,1,3249.0,22,1,3249.1,3,1
11536,2025-12-30 14:53:13+05:30,3247.9,1,3252.51,1852098,83511.0,109781.0,3250.0,3267.5,3239.8,3251.5,46349800,3576.6,2926.4,4322.95,2866.6,3247.7,156,3,3247.6,161,2,3247.5,19,1,3247.4,402,3,3247.3,29,2,3247.9,1,1,3248.2,1,1,3248.8,61,2,3249.0,26,2,3249.1,3,1
11536,2025-12-30 14:53:14+05:30,3247.7,28,3252.51,1852098,83511.0,109781.0,3250.0,3267.5,3239.8,3251.5,46349800,3576.6,2926.4,4322.95,2866.6,3247.7,156,3,3247.6,161,2,3247.5,19,1,3247.4,402,3,3247.3,29,2,3247.9,1,1,3248.2,1,1,3248.8,61,2,3249.0,26,2,3249.1,3,1
11536,2025-12-30 14:53:14+05:30,3247.7,28,3252.51,1852255,83087.0,109972.0,3250.0,3267.5,3239.8,3251.5,46349800,3576.6,2926.4,4322.95,2866.6,3247.7,37,2,3247.6,335,2,3247.5,28,1,3247.4,175,1,3247.3,29,2,3248.2,1,1,3248.8,61,2,3249.0,26,2,3249.1,3,1,3249.2,118,5
11536,2025-12-30 14:53:15+05:30,3249.6,23,3252.51,1852255,83087.0,109972.0,3250.0,3267.5,3239.8,3251.5,46349800,3576.6,2926.4,4322.95,2866.6,3247.7,37,2,3247.6,335,2,3247.5,28,1,3247.4,175,1,3247.3,29,2,3248.2,1,1,3248.8,61,2,3249.0,26,2,3249.1,3,1,3249.2,118,5
11536,2025-12-30 14:53:15+05:30,3249.6,23,3252.51,1853070,83047.0,110299.0,3250.0,3267.5,3239.8,3251.5,46349800,3576.6,2926.4,4322.95,2866.6,3248.2,1,1,3248.0,2,1,3247.8,36,1,3247.7,231,3,3247.6,407,3,3248.9,113,4,3249.1,103,5,3249.2,45,2,3249.3,48,2,3249.4,52,3
11536,2025-12-30 14:53:16+05:30,3248.9,1,3252.51,1853070,83047.0,110299.0,3250.0,3267.5,3239.8,3251.5,46349800,3576.6,2926.4,4322.95,2866.6,3248.2,1,1,3248.0,2,1,3247.8,36,1,3247.7,231,3,3247.6,407,3,3248.9,113,4,3249.1,103,5,3249.2,45,2,3249.3,48,2,3249.4,52,3
11536,2025-12-30 14:53:16+05:30,3248.8,9,3252.51,1853080,82673.0,110314.0,3250.0,3267.5,3239.8,3251.5,46349800,3576.6,2926.4,4322.95,2866.6,3248.2,1,1,3248.0,2,1,3247.8,70,2,3247.7,230,2,3247.6,72,1,3248.8,191,10,3248.9,15,1,3249.1,52,3,3249.2,66,3,3249.3,67,3
11536,2025-12-30 14:53:17+05:30,3248.5,36,3252.51,1853080,82673.0,110314.0,3250.0,3267.5,3239.8,3251.5,46349800,3576.6,2926.4,4322.95,2866.6,3248.2,1,1,3248.0,2,1,3247.8,70,2,3247.7,230,2,3247.6,72,1,3248.8,191,10,3248.9,15,1,3249.1,52,3,3249.2,66,3,3249.3,67,3
11536,2025-12-30 14:53:17+05:30,3247.6,3,3252.51,1853701,81777.0,110631.0,3250.0,3267.5,3239.8,3251.5,46349800,3576.6,2926.4,4322.95,2866.6,3247.1,180,2,3247.0,40,1,3246.9,205,5,3246.7,177,2,3246.6,3,1,3247.6,103,1,3248.3,22,3,3248.4,73,4,3248.5,17,1,3248.6,133,5
11536,2025-12-30 14:53:18+05:30,3247.1,150,3252.51,1853701,81777.0,110631.0,3250.0,3267.5,3239.8,3251.5,46349800,3576.6,2926.4,4322.95,2866.6,3247.1,180,2,3247.0,40,1,3246.9,205,5,3246.7,177,2,3246.6,3,1,3247.6,103,1,3248.3,22,3,3248.4,73,4,3248.5,17,1,3248.6,133,5
11536,2025-12-30 14:53:19+05:30,3247.1,16,3252.51,1853897,81841.0,111134.0,3250.0,3267.5,3239.8,3251.5,46349800,3576.6,2926.4,4322.95,2866.6,3247.1,180,2,3246.9,162,2,3246.7,177,2,3246.6,3,1,3246.5,44,3,3247.6,103,1,3248.2,25,2,3248.3,22,3,3248.4,127,6,3248.5,20,2
11536,2025-12-30 14:53:19+05:30,3247.6,47,3252.51,1853897,81841.0,111134.0,3250.0,3267.5,3239.8,3251.5,46349800,3576.6,2926.4,4322.95,2866.6,3247.1,180,2,3246.9,162,2,3246.7,177,2,3246.6,3,1,3246.5,44,3,3247.6,103,1,3248.2,25,2,3248.3,22,3,3248.4,127,6,3248.5,20,2
11536,2025-12-30 14:53:20+05:30,3247.6,47,3252.51,1853944,81870.0,111119.0,3250.0,3267.5,3239.8,3251.5,46349800,3576.6,2926.4,4322.95,2866.6,3247.1,180,2,3246.9,162,2,3246.7,205,3,3246.6,3,1,3246.5,142,5,3247.6,56,1,3248.2,42,3,3248.3,22,3,3248.4,110,5,3248.5,20,2
11536,2025-12-30 14:53:20+05:30,3247.6,1,3252.51,1853944,81870.0,111119.0,3250.0,3267.5,3239.8,3251.5,46349800,3576.6,2926.4,4322.95,2866.6,3247.1,180,2,3246.9,162,2,3246.7,205,3,3246.6,3,1,3246.5,142,5,3247.6,56,1,3248.2,42,3,3248.3,22,3,3248.4,110,5,3248.5,20,2
11536,2025-12-30 14:53:21+05:30,3247.1,185,3252.51,1854371,82547.0,110762.0,3250.0,3267.5,3239.8,3251.5,46349800,3576.6,2926.4,4322.95,2866.6,3247.1,866,3,3246.9,208,3,3246.8,30,1,3246.7,177,2,3246.6,20,1,3247.6,15,1,3248.0,21,2,3248.2,91,4,3248.3,15,1,3248.4,125,5
11536,2025-12-30 14:53:21+05:30,3247.1,185,3252.51,1854371,82547.0,110762.0,3250.0,3267.5,3239.8,3251.5,46349800,3576.6,2926.4,4322.95,2866.6,3247.1,866,3,3246.9,208,3,3246.8,30,1,3246.7,177,2,3246.6,20,1,3247.6,15,1,3248.0,21,2,3248.2,91,4,3248.3,15,1,3248.4,125,5
11536,2025-12-30 14:53:22+05:30,3247.1,156,3252.51,1854709,82160.0,110871.0,3250.0,3267.5,3239.8,3251.5,46349800,3576.6,2926.4,4322.95,2866.6,3247.1,709,2,3246.9,2,1,3246.8,67,2,3246.7,2,1,3246.6,20,1,3248.1,130,6,3248.2,22,2,3248.3,42,2,3248.4,75,5,3248.5,31,3
11536,2025-12-30 14:53:22+05:30,3247.1,156,3252.51,1854709,82160.0,110871.0,3250.0,3267.5,3239.8,3251.5,46349800,3576.6,2926.4,4322.95,2866.6,3247.1,709,2,3246.9,2,1,3246.8,67,2,3246.7,2,1,3246.6,20,1,3248.1,130,6,3248.2,22,2,3248.3,42,2,3248.4,75,5,3248.5,31,3
11536,2025-12-30 14:53:23+05:30,3247.1,156,3252.51,1854709,82240.0,110871.0,3250.0,3267.5,3239.8,3251.5,46349800,3576.6,2926.4,4322.95,2866.6,3247.1,709,2,3247.0,80,1,3246.9,2,1,3246.8,67,2,3246.7,2,1,3248.1,130,6,3248.2,22,2,3248.3,42,2,3248.4,75,5,3248.5,31,3
11536,2025-12-30 14:53:24+05:30,3248.6,11,3252.51,1855243,82307.0,110377.0,3250.0,3267.5,3239.8,3251.5,46349800,3576.6,2926.4,4322.95,2866.6,3248.1,1,1,3247.3,15,1,3247.2,161,2,3247.1,175,1,3247.0,101,2,3248.3,90,4,3248.4,32,2,3248.5,54,3,3248.6,55,3,3248.7,38,2
11536,2025-12-30 14:53:24+05:30,3248.6,11,3252.51,1855243,82307.0,110377.0,3250.0,3267.5,3239.8,3251.5,46349800,3576.6,2926.4,4322.95,2866.6,3248.1,1,1,3247.3,15,1,3247.2,161,2,3247.1,175,1,3247.0,101,2,3248.3,90,4,3248.4,32,2,3248.5,54,3,3248.6,55,3,3248.7,38,2
11536,2025-12-30 14:53:25+05:30,3248.0,80,3252.51,1855243,82307.0,110377.0,3250.0,3267.5,3239.8,3251.5,46349800,3576.6,2926.4,4322.95,2866.6,3248.1,1,1,3247.3,15,1,3247.2,161,2,3247.1,175,1,3247.0,101,2,3248.3,90,4,3248.4,32,2,3248.5,54,3,3248.6,55,3,3248.7,38,2
11536,2025-12-30 14:53:25+05:30,3248.0,80,3252.51,1855362,82351.0,110316.0,3250.0,3267.5,3239.8,3251.5,46349800,3576.6,2926.4,4322.95,2866.6,3248.0,80,1,3247.6,25,1,3247.3,15,1,3247.2,15,1,3247.1,175,1,3248.3,64,2,3248.5,17,1,3248.6,10,1,3248.7,19,1,3248.8,70,4
11536,2025-12-30 14:53:26+05:30,3248.0,26,3252.51,1855362,82351.0,110316.0,3250.0,3267.5,3239.8,3251.5,46349800,3576.6,2926.4,4322.95,2866.6,3248.0,80,1,3247.6,25,1,3247.3,15,1,3247.2,15,1,3247.1,175,1,3248.3,64,2,3248.5,17,1,3248.6,10,1,3248.7,19,1,3248.8,70,4
11536,2025-12-30 14:53:26+05:30,3248.0,26,3252.51,1855518,82277.0,110479.0,3250.0,3267.5,3239.8,3251.5,46349800,3576.6,2926.4,4322.95,2866.6,3248.0,54,1,3247.6,25,1,3247.2,2,1,3247.1,175,1,3247.0,73,2,3248.3,76,3,3248.6,49,2,3248.7,57,3,3248.8,70,4,3248.9,70,3
11536,2025-12-30 14:53:27+05:30,3248.3,9,3252.51,1855518,82277.0,110479.0,3250.0,3267.5,3239.8,3251.5,46349800,3576.6,2926.4,4322.95,2866.6,3248.0,54,1,3247.6,25,1,3247.2,2,1,3247.1,175,1,3247.0,73,2,3248.3,76,3,3248.6,49,2,3248.7,57,3,3248.8,70,4,3248.9,70,3
11536,2025-12-30 14:53:27+05:30,3248.3,9,3252.51,1855527,82302.0,110449.0,3250.0,3267.5,3239.8,3251.5,46349800,3576.6,2926.4,4322.95,2866.6,3247.6,79,2,3247.2,2,1,3247.1,175,1,3247.0,73,2,3246.9,48,2,3248.3,55,2,3248.5,17,1,3248.6,49,2,3248.7,57,2,3248.8,94,6
11536,2025-12-30 14:53:28+05:30,3247.6,3,3252.51,1855527,82302.0,110449.0,3250.0,3267.5,3239.8,3251.5,46349800,3576.6,2926.4,4322.95,2866.6,3247.6,79,2,3247.2,2,1,3247.1,175,1,3247.0,73,2,3246.9,48,2,3248.3,55,2,3248.5,17,1,3248.6,49,2,3248.7,57,2,3248.8,94,6
11536,2025-12-30 14:53:28+05:30,3247.6,3,3252.51,1855533,82299.0,110437.0,3250.0,3267.5,3239.8,3251.5,46349800,3576.6,2926.4,4322.95,2866.6,3247.6,76,2,3247.2,2,1,3247.1,175,1,3247.0,73,2,3246.9,48,2,3248.3,52,2,3248.5,17,1,3248.6,49,2,3248.7,57,2,3248.8,94,6
11536,2025-12-30 14:53:29+05:30,3248.3,1,3252.51,1855533,82299.0,110437.0,3250.0,3267.5,3239.8,3251.5,46349800,3576.6,2926.4,4322.95,2866.6,3247.6,76,2,3247.2,2,1,3247.1,175,1,3247.0,73,2,3246.9,48,2,3248.3,52,2,3248.5,17,1,3248.6,49,2,3248.7,57,2,3248.8,94,6
11536,2025-12-30 14:53:29+05:30,3248.3,1,3252.51,1855574,82373.0,110100.0,3250.0,3267.5,3239.8,3251.5,46349800,3576.6,2926.4,4322.95,2866.6,3247.7,36,1,3247.6,175,1,3247.4,10,1,3247.3,48,3,3247.2,65,3,3248.3,23,2,3248.6,30,1,3248.8,68,4,3248.9,14,1,3249.0,49,4
11536,2025-12-30 14:53:30+05:30,3248.3,1,3252.51,1855574,82373.0,110100.0,3250.0,3267.5,3239.8,3251.5,46349800,3576.6,2926.4,4322.95,2866.6,3247.7,36,1,3247.6,175,1,3247.4,10,1,3247.3,48,3,3247.2,65,3,3248.3,23,2,3248.6,30,1,3248.8,68,4,3248.9,14,1,3249.0,49,4
11536,2025-12-30 14:53:30+05:30,3248.3,1,3252.51,1855731,82336.0,110145.0,3250.0,3267.5,3239.8,3251.5,46349800,3576.6,2926.4,4322.95,2866.6,3247.7,80,1,3247.6,175,1,3247.4,10,1,3247.3,18,2,3247.2,19,2,3248.3,22,2,3248.6,30,1,3248.8,68,4,3248.9,14,1,3249.0,47,3
11536,2025-12-30 14:53:31+05:30,3248.3,1,3252.51,1855731,82336.0,110145.0,3250.0,3267.5,3239.8,3251.5,46349800,3576.6,2926.4,4322.95,2866.6,3247.7,80,1,3247.6,175,1,3247.4,10,1,3247.3,18,2,3247.2,19,2,3248.3,22,2,3248.6,30,1,3248.8,68,4,3248.9,14,1,3249.0,47,3
11536,2025-12-30 14:53:31+05:30,3248.3,1,3252.51,1855734,82400.0,110064.0,3250.0,3267.5,3239.8,3251.5,46349800,3576.6,2926.4,4322.95,2866.6,3247.7,125,2,3247.6,175,1,3247.3,18,2,3247.2,43,4,3247.1,152,3,3248.3,21,2,3248.6,30,1,3248.8,68,4,3248.9,33,2,3249.0,80,3
11536,2025-12-30 14:53:32+05:30,3248.3,2,3252.51,1855734,82400.0,110064.0,3250.0,3267.5,3239.8,3251.5,46349800,3576.6,2926.4,4322.95,2866.6,3247.7,125,2,3247.6,175,1,3247.3,18,2,3247.2,43,4,3247.1,152,3,3248.3,21,2,3248.6,30,1,3248.8,68,4,3248.9,33,2,3249.0,80,3
11536,2025-12-30 14:53:32+05:30,3248.3,2,3252.51,1855736,82429.0,110069.0,3250.0,3267.5,3239.8,3251.5,46349800,3576.6,2926.4,4322.95,2866.6,3247.7,125,2,3247.6,175,1,3247.3,18,2,3247.2,68,4,3247.1,156,4,3248.3,19,2,3248.6,30,1,3248.8,68,4,3248.9,33,2,3249.0,80,3
11536,2025-12-30 14:53:33+05:30,3249.1,39,3252.51,1855736,82429.0,110069.0,3250.0,3267.5,3239.8,3251.5,46349800,3576.6,2926.4,4322.95,2866.6,3247.7,125,2,3247.6,175,1,3247.3,18,2,3247.2,68,4,3247.1,156,4,3248.3,19,2,3248.6,30,1,3248.8,68,4,3248.9,33,2,3249.0,80,3
11536,2025-12-30 14:53:33+05:30,3249.1,39,3252.5,1859109,80913.0,108172.0,3250.0,3267.5,3239.8,3251.5,46349800,3576.6,2926.4,4322.95,2866.6,3248.1,14,1,3248.0,137,5,3247.9,170,2,3247.8,48,2,3247.7,224,5,3249.7,155,5,3249.8,48,2,3249.9,116,3,3250.0,7,1,3250.1,252,5
11536,2025-12-30 14:53:34+05:30,3249.2,10,3252.5,1859109,80913.0,108172.0,3250.0,3267.5,3239.8,3251.5,46349800,3576.6,2926.4,4322.95,2866.6,3248.1,14,1,3248.0,137,5,3247.9,170,2,3247.8,48,2,3247.7,224,5,3249.7,155,5,3249.8,48,2,3249.9,116,3,3250.0,7,1,3250.1,252,5
11536,2025-12-30 14:53:34+05:30,3249.2,10,3252.5,1859311,83160.0,109072.0,3250.0,3267.5,3239.8,3251.5,46349800,3576.6,2926.4,4322.95,2866.6,3248.1,3,1,3247.9,27,2,3247.8,51,1,3247.7,243,4,3247.6,963,4,3249.2,82,2,3249.3,62,4,3249.4,81,2,3249.5,105,4,3249.6,127,4
11536,2025-12-30 14:53:35+05:30,3249.2,2,3252.5,1859311,83160.0,109072.0,3250.0,3267.5,3239.8,3251.5,46349800,3576.6,2926.4,4322.95,2866.6,3248.1,3,1,3247.9,27,2,3247.8,51,1,3247.7,243,4,3247.6,963,4,3249.2,82,2,3249.3,62,4,3249.4,81,2,3249.5,105,4,3249.6,127,4
11536,2025-12-30 14:53:35+05:30,3249.2,2,3252.5,1859313,83473.0,108865.0,3250.0,3267.5,3239.8,3251.5,46349800,3576.6,2926.4,4322.95,2866.6,3248.1,56,3,3247.9,26,1,3247.8,149,3,3247.7,266,4,3247.6,938,4,3249.2,19,1,3249.3,51,3,3249.5,105,4,3249.6,66,3,3249.7,113,5
11536,2025-12-30 14:53:36+05:30,3249.2,1,3252.5,1859313,83473.0,108865.0,3250.0,3267.5,3239.8,3251.5,46349800,3576.6,2926.4,4322.95,2866.6,3248.1,56,3,3247.9,26,1,3247.8,149,3,3247.7,266,4,3247.6,938,4,3249.2,19,1,3249.3,51,3,3249.5,105,4,3249.6,66,3,3249.7,113,5
11536,2025-12-30 14:53:36+05:30,3249.2,1,3252.5,1860191,82576.0,108790.0,3250.0,3267.5,3239.8,3251.5,46349800,3576.6,2926.4,4322.95,2866.6,3248.2,21,3,3248.1,72,3,3248.0,52,1,3247.9,75,3,3247.8,109,3,3249.2,12,1,3249.5,117,5,3249.7,10,1,3249.8,2,1,3249.9,85,5
11536,2025-12-30 14:53:37+05:30,3249.2,8,3252.5,1860191,82576.0,108790.0,3250.0,3267.5,3239.8,3251.5,46349800,3576.6,2926.4,4322.95,2866.6,3248.2,21,3,3248.1,72,3,3248.0,52,1,3247.9,75,3,3247.8,109,3,3249.2,12,1,3249.5,117,5,3249.7,10,1,3249.8,2,1,3249.9,85,5
11536,2025-12-30 14:53:37+05:30,3249.2,8,3252.5,1860199,82687.0,108796.0,3250.0,3267.5,3239.8,3251.5,46349800,3576.6,2926.4,4322.95,2866.6,3248.2,131,4,3248.1,72,3,3248.0,52,1,3247.9,75,3,3247.8,109,3,3249.2,4,1,3249.5,117,5,3249.6,22,1,3249.7,10,1,3249.8,22,2
11536,2025-12-30 14:53:38+05:30,3248.2,26,3252.5,1860199,82687.0,108796.0,3250.0,3267.5,3239.8,3251.5,46349800,3576.6,2926.4,4322.95,2866.6,3248.2,131,4,3248.1,72,3,3248.0,52,1,3247.9,75,3,3247.8,109,3,3249.2,4,1,3249.5,117,5,3249.6,22,1,3249.7,10,1,3249.8,22,2
11536,2025-12-30 14:53:38+05:30,3249.2,2,3252.5,1860361,82821.0,108995.0,3250.0,3267.5,3239.8,3251.5,46349800,3576.6,2926.4,4322.95,2866.6,3248.2,124,3,3248.1,100,4,3248.0,98,2,3247.9,60,4,3247.8,173,7,3249.2,2,1,3249.5,93,3,3249.6,20,1,3249.7,10,1,3249.8,23,2
11536,2025-12-30 14:53:39+05:30,3249.2,2,3252.5,1860361,82821.0,108995.0,3250.0,3267.5,3239.8,3251.5,46349800,3576.6,2926.4,4322.95,2866.6,3248.2,124,3,3248.1,100,4,3248.0,98,2,3247.9,60,4,3247.8,173,7,3249.2,2,1,3249.5,93,3,3249.6,20,1,3249.7,10,1,3249.8,23,2
11536,2025-12-30 14:53:39+05:30,3249.2,1,3252.5,1860398,83442.0,108823.0,3250.0,3267.5,3239.8,3251.5,46349800,3576.6,2926.4,4322.95,2866.6,3249.2,3,1,3248.3,209,4,3248.2,130,3,3248.1,208,4,3248.0,133,4,3249.6,31,1,3249.7,71,4,3249.8,37,1,3249.9,23,2,3250.0,34,2
11536,2025-12-30 14:53:40+05:30,3249.2,1,3252.5,1860398,83442.0,108823.0,3250.0,3267.5,3239.8,3251.5,46349800,3576.6,2926.4,4322.95,2866.6,3249.2,3,1,3248.3,209,4,3248.2,130,3,3248.1,208,4,3248.0,133,4,3249.6,31,1,3249.7,71,4,3249.8,37,1,3249.9,23,2,3250.0,34,2
11536,2025-12-30 14:53:41+05:30,3249.2,110,3252.5,1860398,83442.0,108823.0,3250.0,3267.5,3239.8,3251.5,46349800,3576.6,2926.4,4322.95,2866.6,3249.2,3,1,3248.3,209,4,3248.2,130,3,3248.1,208,4,3248.0,133,4,3249.6,31,1,3249.7,71,4,3249.8,37,1,3249.9,23,2,3250.0,34,2
11536,2025-12-30 14:53:41+05:30,3249.2,110,3252.5,1860649,83471.0,109098.0,3250.0,3267.5,3239.8,3251.5,46349800,3576.6,2926.4,4322.95,2866.6,3249.2,114,2,3248.4,10,1,3248.3,247,5,3248.2,176,5,3248.1,124,4,3249.9,111,6,3250.0,30,2,3250.2,79,4,3250.3,104,2,3250.4,257,6
11536,2025-12-30 14:53:42+05:30,3249.2,20,3252.5,1860649,83471.0,109098.0,3250.0,3267.5,3239.8,3251.5,46349800,3576.6,2926.4,4322.95,2866.6,3249.2,114,2,3248.4,10,1,3248.3,247,5,3248.2,176,5,3248.1,124,4,3249.9,111,6,3250.0,30,2,3250.2,79,4,3250.3,104,2,3250.4,257,6
11536,2025-12-30 14:53:42+05:30,3249.2,20,3252.5,1860903,83290.0,109076.0,3250.0,3267.5,3239.8,3251.5,46349800,3576.6,2926.4,4322.95,2866.6,3249.2,94,2,3248.3,220,4,3248.2,173,4,3248.1,124,4,3248.0,133,4,3249.9,122,7,3250.0,45,3,3250.2,79,4,3250.3,130,3,3250.4,236,6
11536,2025-12-30 14:53:43+05:30,3249.2,1,3252.5,1860903,83290.0,109076.0,3250.0,3267.5,3239.8,3251.5,46349800,3576.6,2926.4,4322.95,2866.6,3249.2,94,2,3248.3,220,4,3248.2,173,4,3248.1,124,4,3248.0,133,4,3249.9,122,7,3250.0,45,3,3250.2,79,4,3250.3,130,3,3250.4,236,6
11536,2025-12-30 14:53:43+05:30,3249.2,1,3252.5,1860907,83428.0,109051.0,3250.0,3267.5,3239.8,3251.5,46349800,3576.6,2926.4,4322.95,2866.6,3249.3,89,1,3249.2,185,3,3248.4,3,1,3248.3,162,4,3248.2,259,5,3249.9,122,8,3250.0,75,4,3250.2,79,4,3250.3,104,2,3250.4,102,5
11536,2025-12-30 14:53:44+05:30,3249.2,1,3252.5,1860907,83456.0,109044.0,3250.0,3267.5,3239.8,3251.5,46349800,3576.6,2926.4,4322.95,2866.6,3249.3,109,2,3249.2,185,3,3248.4,3,1,3248.3,260,6,3248.2,41,3,3249.9,111,7,3250.0,48,4,3250.2,68,4,3250.3,52,1,3250.4,121,7
11536,2025-12-30 14:53:45+05:30,3249.6,39,3252.5,1860907,83456.0,109044.0,3250.0,3267.5,3239.8,3251.5,46349800,3576.6,2926.4,4322.95,2866.6,3249.3,109,2,3249.2,185,3,3248.4,3,1,3248.3,260,6,3248.2,41,3,3249.9,111,7,3250.0,48,4,3250.2,68,4,3250.3,52,1,3250.4,121,7
11536,2025-12-30 14:53:45+05:30,3249.6,39,3252.5,1861544,83291.0,109713.0,3250.0,3267.5,3239.8,3251.5,46349800,3576.6,2926.4,4322.95,2866.6,3249.3,20,1,3249.2,185,3,3248.4,3,1,3248.3,43,2,3248.2,14,2,3249.7,95,6,3249.8,15,1,3249.9,33,4,3250.0,108,4,3250.1,195,3
11536,2025-12-30 14:53:46+05:30,3249.3,20,3252.5,1861544,83291.0,109713.0,3250.0,3267.5,3239.8,3251.5,46349800,3576.6,2926.4,4322.95,2866.6,3249.3,20,1,3249.2,185,3,3248.4,3,1,3248.3,43,2,3248.2,14,2,3249.7,95,6,3249.8,15,1,3249.9,33,4,3250.0,108,4,3250.1,195,3
11536,2025-12-30 14:53:46+05:30,3249.7,1,3252.5,1861741,83218.0,109787.0,3250.0,3267.5,3239.8,3251.5,46349800,3576.6,2926.4,4322.95,2866.6,3249.3,2,1,3249.2,181,2,3248.4,3,1,3248.3,43,2,3248.2,14,2,3249.7,110,6,3249.8,25,2,3249.9,33,4,3250.0,126,5,3250.1,215,4
11536,2025-12-30 14:53:47+05:30,3249.6,1,3252.5,1861741,83218.0,109787.0,3250.0,3267.5,3239.8,3251.5,46349800,3576.6,2926.4,4322.95,2866.6,3249.3,2,1,3249.2,181,2,3248.4,3,1,3248.3,43,2,3248.2,14,2,3249.7,110,6,3249.8,25,2,3249.9,33,4,3250.0,126,5,3250.1,215,4
11536,2025-12-30 14:53:47+05:30,3248.2,3,3252.49,1862560,82966.0,110066.0,3250.0,3267.5,3239.8,3251.5,46349800,3576.6,2926.4,4322.95,2866.6,3248.1,3,1,3247.9,31,2,3247.8,29,2,3247.4,197,3,3247.3,318,6,3248.2,16,1,3249.0,21,1,3249.2,82,2,3249.3,259,4,3249.4,109,5
11536,2025-12-30 14:53:48+05:30,3248.2,1,3252.49,1862560,82966.0,110066.0,3250.0,3267.5,3239.8,3251.5,46349800,3576.6,2926.4,4322.95,2866.6,3248.1,3,1,3247.9,31,2,3247.8,29,2,3247.4,197,3,3247.3,318,6,3248.2,16,1,3249.0,21,1,3249.2,82,2,3249.3,259,4,3249.4,109,5
11536,2025-12-30 14:53:48+05:30,3248.1,20,3252.49,1862581,82980.0,110225.0,3250.0,3267.5,3239.8,3251.5,46349800,3576.6,2926.4,4322.95,2866.6,3247.9,31,2,3247.8,29,2,3247.5,31,1,3247.4,197,3,3247.3,55,2,3248.1,4,1,3248.2,29,2,3248.8,21,1,3249.0,21,1,3249.1,64,2
11536,2025-12-30 14:53:49+05:30,3248.2,13,3252.49,1862581,82980.0,110225.0,3250.0,3267.5,3239.8,3251.5,46349800,3576.6,2926.4,4322.95,2866.6,3247.9,31,2,3247.8,29,2,3247.5,31,1,3247.4,197,3,3247.3,55,2,3248.1,4,1,3248.2,29,2,3248.8,21,1,3249.0,21,1,3249.1,64,2
11536,2025-12-30 14:53:49+05:30,3248.2,13,3252.49,1862628,83028.0,110096.0,3250.0,3267.5,3239.8,3251.5,46349800,3576.6,2926.4,4322.95,2866.6,3247.9,206,3,3247.8,29,2,3247.7,31,1,3247.5,64,2,3247.4,72,2,3248.2,107,2,3248.8,21,1,3249.0,21,1,3249.1,3,1,3249.2,21,1
11536,2025-12-30 14:53:50+05:30,3247.9,124,3252.49,1862628,83028.0,110096.0,3250.0,3267.5,3239.8,3251.5,46349800,3576.6,2926.4,4322.95,2866.6,3247.9,206,3,3247.8,29,2,3247.7,31,1,3247.5,64,2,3247.4,72,2,3248.2,107,2,3248.8,21,1,3249.0,21,1,3249.1,3,1,3249.2,21,1
11536,2025-12-30 14:53:50+05:30,3247.9,124,3252.49,1862628,83028.0,110096.0,3250.0,3267.5,3239.8,3251.5,46349800,3576.6,2926.4,4322.95,2866.6,3247.9,206,3,3247.8,29,2,3247.7,31,1,3247.5,64,2,3247.4,72,2,3248.2,107,2,3248.8,21,1,3249.0,21,1,3249.1,3,1,3249.2,21,1
11536,2025-12-30 14:53:50+05:30,3247.9,124,3252.49,1863199,83925.0,109811.0,3250.0,3267.5,3239.8,3251.5,46349800,3576.6,2926.4,4322.95,2866.6,3247.9,983,4,3247.8,43,3,3247.7,31,1,3247.6,50,2,3247.5,79,3,3248.2,1,1,3248.8,3,1,3248.9,3,1,3249.0,3,1,3249.2,21,1
11536,2025-12-30 14:53:51+05:30,3247.9,124,3252.49,1863199,83925.0,109811.0,3250.0,3267.5,3239.8,3251.5,46349800,3576.6,2926.4,4322.95,2866.6,3247.9,983,4,3247.8,43,3,3247.7,31,1,3247.6,50,2,3247.5,79,3,3248.2,1,1,3248.8,3,1,3248.9,3,1,3249.0,3,1,3249.2,21,1
11536,2025-12-30 14:53:51+05:30,3247.9,124,3252.49,1863199,83925.0,109811.0,3250.0,3267.5,3239.8,3251.5,46349800,3576.6,2926.4,4322.95,2866.6,3247.9,983,4,3247.8,43,3,3247.7,31,1,3247.6,50,2,3247.5,79,3,3248.2,1,1,3248.8,3,1,3248.9,3,1,3249.0,3,1,3249.2,21,1
11536,2025-12-30 14:53:52+05:30,3248.2,1,3252.49,1863200,84045.0,109732.0,3250.0,3267.5,3239.8,3251.5,46349800,3576.6,2926.4,4322.95,2866.6,3248.3,51,1,3248.2,1,1,3248.1,131,2,3248.0,98,2,3247.9,1137,4,3249.5,91,4,3249.6,32,3,3249.7,75,2,3249.8,88,4,3249.9,85,6
11536,2025-12-30 14:53:52+05:30,3248.2,1,3252.49,1863200,84045.0,109732.0,3250.0,3267.5,3239.8,3251.5,46349800,3576.6,2926.4,4322.95,2866.6,3248.3,51,1,3248.2,1,1,3248.1,131,2,3248.0,98,2,3247.9,1137,4,3249.5,91,4,3249.6,32,3,3249.7,75,2,3249.8,88,4,3249.9,85,6
11536,2025-12-30 14:53:53+05:30,3248.2,1,3252.49,1863200,84189.0,109701.0,3250.0,3267.5,3239.8,3251.5,46349800,3576.6,2926.4,4322.95,2866.6,3248.4,51,1,3248.3,10,1,3248.2,1,1,3248.1,131,2,3248.0,98,2,3249.5,91,4,3249.6,32,3,3249.7,75,2,3249.8,88,4,3249.9,85,6
11536,2025-12-30 14:53:53+05:30,3248.2,1,3252.49,1863200,84189.0,109701.0,3250.0,3267.5,3239.8,3251.5,46349800,3576.6,2926.4,4322.95,2866.6,3248.4,51,1,3248.3,10,1,3248.2,1,1,3248.1,131,2,3248.0,98,2,3249.5,91,4,3249.6,32,3,3249.7,75,2,3249.8,88,4,3249.9,85,6
11536,2025-12-30 14:53:54+05:30,3250.4,12,3252.49,1864126,83956.0,107978.0,3250.0,3267.5,3239.8,3251.5,46349800,3576.6,2926.4,4322.95,2866.6,3248.5,52,2,3248.4,87,3,3248.3,110,3,3248.2,90,4,3248.1,145,3,3250.3,195,10,3250.4,17,1,3250.5,202,3,3250.6,133,6,3250.7,105,3
11536,2025-12-30 14:53:54+05:30,3250.4,12,3252.49,1864126,83956.0,107978.0,3250.0,3267.5,3239.8,3251.5,46349800,3576.6,2926.4,4322.95,2866.6,3248.5,52,2,3248.4,87,3,3248.3,110,3,3248.2,90,4,3248.1,145,3,3250.3,195,10,3250.4,17,1,3250.5,202,3,3250.6,133,6,3250.7,105,3
11536,2025-12-30 14:53:54+05:30,3248.3,40,3252.49,1864126,83956.0,107978.0,3250.0,3267.5,3239.8,3251.5,46349800,3576.6,2926.4,4322.95,2866.6,3248.5,52,2,3248.4,87,3,3248.3,110,3,3248.2,90,4,3248.1,145,3,3250.3,195,10,3250.4,17,1,3250.5,202,3,3250.6,133,6,3250.7,105,3
11536,2025-12-30 14:53:55+05:30,3248.3,40,3252.49,1864126,83956.0,107978.0,3250.0,3267.5,3239.8,3251.5,46349800,3576.6,2926.4,4322.95,2866.6,3248.5,52,2,3248.4,87,3,3248.3,110,3,3248.2,90,4,3248.1,145,3,3250.3,195,10,3250.4,17,1,3250.5,202,3,3250.6,133,6,3250.7,105,3
11536,2025-12-30 14:53:55+05:30,3249.7,1,3252.49,1864318,83543.0,108604.0,3250.0,3267.5,3239.8,3251.5,46349800,3576.6,2926.4,4322.95,2866.6,3248.5,71,2,3248.3,45,2,3248.2,149,6,3248.1,70,4,3248.0,404,4,3249.7,94,3,3250.0,43,3,3250.2,78,4,3250.3,61,5,3250.4,319,4
11536,2025-12-30 14:53:55+05:30,3249.7,1,3252.49,1864318,83543.0,108604.0,3250.0,3267.5,3239.8,3251.5,46349800,3576.6,2926.4,4322.95,2866.6,3248.5,71,2,3248.3,45,2,3248.2,149,6,3248.1,70,4,3248.0,404,4,3249.7,94,3,3250.0,43,3,3250.2,78,4,3250.3,61,5,3250.4,319,4
11536,2025-12-30 14:53:56+05:30,3249.7,1,3252.49,1864318,83543.0,108604.0,3250.0,3267.5,3239.8,3251.5,46349800,3576.6,2926.4,4322.95,2866.6,3248.5,71,2,3248.3,45,2,3248.2,149,6,3248.1,70,4,3248.0,404,4,3249.7,94,3,3250.0,43,3,3250.2,78,4,3250.3,61,5,3250.4,319,4
11536,2025-12-30 14:53:56+05:30,3249.7,1,3252.49,1864318,83574.0,108715.0,3250.0,3267.5,3239.8,3251.5,46349800,3576.6,2926.4,4322.95,2866.6,3248.5,298,4,3248.4,23,1,3248.3,91,3,3248.2,106,6,3248.1,95,4,3249.7,68,2,3250.0,55,3,3250.2,38,3,3250.3,8,2,3250.4,48,2
11536,2025-12-30 14:53:57+05:30,3249.7,1,3252.49,1864318,83574.0,108715.0,3250.0,3267.5,3239.8,3251.5,46349800,3576.6,2926.4,4322.95,2866.6,3248.5,298,4,3248.4,23,1,3248.3,91,3,3248.2,106,6,3248.1,95,4,3249.7,68,2,3250.0,55,3,3250.2,38,3,3250.3,8,2,3250.4,48,2
11536,2025-12-30 14:53:57+05:30,3249.7,9,3252.49,1864318,83574.0,108715.0,3250.0,3267.5,3239.8,3251.5,46349800,3576.6,2926.4,4322.95,2866.6,3248.5,298,4,3248.4,23,1,3248.3,91,3,3248.2,106,6,3248.1,95,4,3249.7,68,2,3250.0,55,3,3250.2,38,3,3250.3,8,2,3250.4,48,2
11536,2025-12-30 14:53:57+05:30,3249.7,9,3252.49,1864327,83997.0,108331.0,3250.0,3267.5,3239.8,3251.5,46349800,3576.6,2926.4,4322.95,2866.6,3248.6,234,4,3248.5,400,3,3248.4,69,2,3248.3,45,2,3248.2,127,7,3249.9,30,1,3250.0,71,3,3250.1,31,1,3250.2,31,2,3250.3,2,1
11536,2025-12-30 14:53:58+05:30,3249.7,9,3252.49,1864327,83997.0,108331.0,3250.0,3267.5,3239.8,3251.5,46349800,3576.6,2926.4,4322.95,2866.6,3248.6,234,4,3248.5,400,3,3248.4,69,2,3248.3,45,2,3248.2,127,7,3249.9,30,1,3250.0,71,3,3250.1,31,1,3250.2,31,2,3250.3,2,1
11536,2025-12-30 14:53:58+05:30,3248.6,63,3252.49,1864327,83997.0,108331.0,3250.0,3267.5,3239.8,3251.5,46349800,3576.6,2926.4,4322.95,2866.6,3248.6,234,4,3248.5,400,3,3248.4,69,2,3248.3,45,2,3248.2,127,7,3249.9,30,1,3250.0,71,3,3250.1,31,1,3250.2,31,2,3250.3,2,1
11536,2025-12-30 14:53:58+05:30,3248.6,63,3252.49,1864488,81774.0,108819.0,3250.0,3267.5,3239.8,3251.5,46349800,3576.6,2926.4,4322.95,2866.6,3249.7,1,1,3248.7,39,1,3248.6,253,5,3248.5,384,5,3248.4,134,6,3249.8,90,4,3249.9,14,1,3250.2,44,3,3250.3,90,4,3250.4,70,2
11536,2025-12-30 14:53:58+05:30,3248.6,63,3252.49,1864488,81774.0,108819.0,3250.0,3267.5,3239.8,3251.5,46349800,3576.6,2926.4,4322.95,2866.6,3249.7,1,1,3248.7,39,1,3248.6,253,5,3248.5,384,5,3248.4,134,6,3249.8,90,4,3249.9,14,1,3250.2,44,3,3250.3,90,4,3250.4,70,2
11536,2025-12-30 14:53:59+05:30,3249.8,55,3252.49,1864488,81774.0,108819.0,3250.0,3267.5,3239.8,3251.5,46349800,3576.6,2926.4,4322.95,2866.6,3249.7,1,1,3248.7,39,1,3248.6,253,5,3248.5,384,5,3248.4,134,6,3249.8,90,4,3249.9,14,1,3250.2,44,3,3250.3,90,4,3250.4,70,2
11536,2025-12-30 14:53:59+05:30,3249.8,55,3252.49,1864488,81774.0,108819.0,3250.0,3267.5,3239.8,3251.5,46349800,3576.6,2926.4,4322.95,2866.6,3249.7,1,1,3248.7,39,1,3248.6,253,5,3248.5,384,5,3248.4,134,6,3249.8,90,4,3249.9,14,1,3250.2,44,3,3250.3,90,4,3250.4,70,2
11536,2025-12-30 14:53:59+05:30,3249.8,55,3252.49,1864660,81903.0,108857.0,3250.0,3267.5,3239.8,3251.5,46349800,3576.6,2926.4,4322.95,2866.6,3249.8,61,1,3248.7,9,1,3248.6,197,4,3248.5,463,6,3248.4,152,8,3249.9,112,6,3250.1,37,1,3250.2,36,2,3250.3,11,2,3250.4,3,1
11536,2025-12-30 14:54:00+05:30,3249.8,55,3252.49,1864660,81903.0,108857.0,3250.0,3267.5,3239.8,3251.5,46349800,3576.6,2926.4,4322.95,2866.6,3249.8,61,1,3248.7,9,1,3248.6,197,4,3248.5,463,6,3248.4,152,8,3249.9,112,6,3250.1,37,1,3250.2,36,2,3250.3,11,2,3250.4,3,1
11536,2025-12-30 14:54:00+05:30,3249.9,1,3252.49,1864660,81903.0,108857.0,3250.0,3267.5,3239.8,3251.5,46349800,3576.6,2926.4,4322.95,2866.6,3249.8,61,1,3248.7,9,1,3248.6,197,4,3248.5,463,6,3248.4,152,8,3249.9,112,6,3250.1,37,1,3250.2,36,2,3250.3,11,2,3250.4,3,1
11536,2025-12-30 14:54:00+05:30,3249.9,1,3252.49,1864661,81935.0,108806.0,3250.0,3267.5,3239.8,3251.5,46349800,3576.6,2926.4,4322.95,2866.6,3249.8,61,1,3248.7,9,1,3248.6,275,5,3248.5,417,5,3248.4,152,8,3249.9,53,3,3250.1,37,1,3250.2,36,2,3250.3,11,2,3250.4,24,2
11536,2025-12-30 14:54:01+05:30,3249.9,1,3252.49,1864661,81935.0,108806.0,3250.0,3267.5,3239.8,3251.5,46349800,3576.6,2926.4,4322.95,2866.6,3249.8,61,1,3248.7,9,1,3248.6,275,5,3248.5,417,5,3248.4,152,8,3249.9,53,3,3250.1,37,1,3250.2,36,2,3250.3,11,2,3250.4,24,2
11536,2025-12-30 14:54:01+05:30,3249.9,1,3252.49,1864661,81935.0,108806.0,3250.0,3267.5,3239.8,3251.5,46349800,3576.6,2926.4,4322.95,2866.6,3249.8,61,1,3248.7,9,1,3248.6,275,5,3248.5,417,5,3248.4,152,8,3249.9,53,3,3250.1,37,1,3250.2,36,2,3250.3,11,2,3250.4,24,2
11536,2025-12-30 14:54:01+05:30,3249.9,2,3252.49,1864664,81887.0,108816.0,3250.0,3267.5,3239.8,3251.5,46349800,3576.6,2926.4,4322.95,2866.6,3249.8,61,1,3248.7,9,1,3248.6,177,3,3248.5,463,6,3248.4,152,8,3249.9,61,4,3250.1,37,1,3250.2,36,2,3250.3,11,2,3250.4,24,2
11536,2025-12-30 14:54:02+05:30,3249.8,1,3252.49,1864664,81887.0,108816.0,3250.0,3267.5,3239.8,3251.5,46349800,3576.6,2926.4,4322.95,2866.6,3249.8,61,1,3248.7,9,1,3248.6,177,3,3248.5,463,6,3248.4,152,8,3249.9,61,4,3250.1,37,1,3250.2,36,2,3250.3,11,2,3250.4,24,2
11536,2025-12-30 14:54:02+05:30,3248.4,6,3252.49,1865908,82149.0,109667.0,3250.0,3267.5,3239.8,3251.5,46349800,3576.6,2926.4,4322.95,2866.6,3248.2,17,1,3248.1,3,1,3248.0,85,2,3247.9,5,1,3247.8,29,2,3248.4,90,1,3249.5,95,3,3249.6,23,2,3249.7,230,3,3249.8,132,3
11536,2025-12-30 14:54:03+05:30,3248.4,7,3252.49,1865908,82149.0,109667.0,3250.0,3267.5,3239.8,3251.5,46349800,3576.6,2926.4,4322.95,2866.6,3248.2,17,1,3248.1,3,1,3248.0,85,2,3247.9,5,1,3247.8,29,2,3248.4,90,1,3249.5,95,3,3249.6,23,2,3249.7,230,3,3249.8,132,3
11536,2025-12-30 14:54:03+05:30,3248.4,7,3252.49,1865908,82149.0,109667.0,3250.0,3267.5,3239.8,3251.5,46349800,3576.6,2926.4,4322.95,2866.6,3248.2,17,1,3248.1,3,1,3248.0,85,2,3247.9,5,1,3247.8,29,2,3248.4,90,1,3249.5,95,3,3249.6,23,2,3249.7,230,3,3249.8,132,3
11536,2025-12-30 14:54:03+05:30,3247.9,1,3252.49,1865930,83505.0,110728.0,3250.0,3267.5,3239.8,3251.5,46349800,3576.6,2926.4,4322.95,2866.6,3247.9,43,2,3247.8,101,4,3247.7,62,2,3247.6,72,3,3247.5,170,3,3248.4,91,2,3249.2,21,1,3249.4,99,3,3249.5,78,2,3249.6,139,5
11536,2025-12-30 14:54:04+05:30,3248.4,28,3252.49,1865930,83505.0,110728.0,3250.0,3267.5,3239.8,3251.5,46349800,3576.6,2926.4,4322.95,2866.6,3247.9,43,2,3247.8,101,4,3247.7,62,2,3247.6,72,3,3247.5,170,3,3248.4,91,2,3249.2,21,1,3249.4,99,3,3249.5,78,2,3249.6,139,5
11536,2025-12-30 14:54:04+05:30,3248.4,47,3252.49,1866096,83721.0,110328.0,3250.0,3267.5,3239.8,3251.5,46349800,3576.6,2926.4,4322.95,2866.6,3248.1,33,1,3248.0,17,1,3247.9,44,3,3247.8,131,6,3247.7,108,3,3248.4,31,1,3249.0,21,1,3249.2,21,1,3249.4,38,2,3249.6,45,3
11536,2025-12-30 14:54:04+05:30,3248.4,47,3252.49,1866096,83721.0,110328.0,3250.0,3267.5,3239.8,3251.5,46349800,3576.6,2926.4,4322.95,2866.6,3248.1,33,1,3248.0,17,1,3247.9,44,3,3247.8,131,6,3247.7,108,3,3248.4,31,1,3249.0,21,1,3249.2,21,1,3249.4,38,2,3249.6,45,3
11536,2025-12-30 14:54:05+05:30,3248.4,1,3252.49,1866096,83721.0,110328.0,3250.0,3267.5,3239.8,3251.5,46349800,3576.6,2926.4,4322.95,2866.6,3248.1,33,1,3248.0,17,1,3247.9,44,3,3247.8,131,6,3247.7,108,3,3248.4,31,1,3249.0,21,1,3249.2,21,1,3249.4,38,2,3249.6,45,3
11536,2025-12-30 14:54:06+05:30,3249.2,1,3252.49,1866311,83621.0,109823.0,3250.0,3267.5,3239.8,3251.5,46349800,3576.6,2926.4,4322.95,2866.6,3248.1,73,2,3248.0,10,1,3247.9,90,4,3247.8,121,5,3247.7,106,5,3249.2,20,1,3249.4,21,1,3249.6,59,3,3249.8,30,2,3249.9,99,5
11536,2025-12-30 14:54:06+05:30,3248.1,82,3252.49,1866311,83621.0,109823.0,3250.0,3267.5,3239.8,3251.5,46349800,3576.6,2926.4,4322.95,2866.6,3248.1,73,2,3248.0,10,1,3247.9,90,4,3247.8,121,5,3247.7,106,5,3249.2,20,1,3249.4,21,1,3249.6,59,3,3249.8,30,2,3249.9,99,5
11536,2025-12-30 14:54:06+05:30,3248.1,82,3252.49,1866311,83621.0,109823.0,3250.0,3267.5,3239.8,3251.5,46349800,3576.6,2926.4,4322.95,2866.6,3248.1,73,2,3248.0,10,1,3247.9,90,4,3247.8,121,5,3247.7,106,5,3249.2,20,1,3249.4,21,1,3249.6,59,3,3249.8,30,2,3249.9,99,5
11536,2025-12-30 14:54:07+05:30,3249.8,8,3252.49,1866474,89100.0,109921.0,3250.0,3267.5,3239.8,3251.5,46349800,3576.6,2926.4,4322.95,2866.6,3249.0,5000,1,3248.3,46,1,3248.2,23,2,3248.1,178,4,3248.0,193,8,3249.8,131,6,3249.9,54,2,3250.0,37,2,3250.1,8,2,3250.2,62,4
11536,2025-12-30 14:54:07+05:30,3249.8,8,3252.49,1866474,89100.0,109921.0,3250.0,3267.5,3239.8,3251.5,46349800,3576.6,2926.4,4322.95,2866.6,3249.0,5000,1,3248.3,46,1,3248.2,23,2,3248.1,178,4,3248.0,193,8,3249.8,131,6,3249.9,54,2,3250.0,37,2,3250.1,8,2,3250.2,62,4
11536,2025-12-30 14:54:08+05:30,3249.8,8,3252.49,1866474,89100.0,109921.0,3250.0,3267.5,3239.8,3251.5,46349800,3576.6,2926.4,4322.95,2866.6,3249.0,5000,1,3248.3,46,1,3248.2,23,2,3248.1,178,4,3248.0,193,8,3249.8,131,6,3249.9,54,2,3250.0,37,2,3250.1,8,2,3250.2,62,4
11536,2025-12-30 14:54:08+05:30,3249.8,3,3252.49,1866478,88910.0,109951.0,3250.0,3267.5,3239.8,3251.5,46349800,3576.6,2926.4,4322.95,2866.6,3249.0,5007,2,3248.9,40,1,3248.6,46,1,3248.5,23,1,3248.4,55,2,3249.8,80,3,3249.9,25,1,3250.0,37,2,3250.1,8,2,3250.2,62,4
11536,2025-12-30 14:54:08+05:30,3249.8,3,3252.49,1866478,88910.0,109951.0,3250.0,3267.5,3239.8,3251.5,46349800,3576.6,2926.4,4322.95,2866.6,3249.0,5007,2,3248.9,40,1,3248.6,46,1,3248.5,23,1,3248.4,55,2,3249.8,80,3,3249.9,25,1,3250.0,37,2,3250.1,8,2,3250.2,62,4
11536,2025-12-30 14:54:09+05:30,3249.8,6,3252.49,1866553,88919.0,109906.0,3250.0,3267.5,3239.8,3251.5,46349800,3576.6,2926.4,4322.95,2866.6,3249.0,5008,3,3248.8,46,1,3248.7,10,1,3248.6,54,1,3248.5,23,1,3249.8,44,2,3249.9,25,1,3250.0,37,2,3250.1,8,2,3250.2,62,4
11536,2025-12-30 14:54:09+05:30,3249.8,6,3252.49,1866553,88919.0,109906.0,3250.0,3267.5,3239.8,3251.5,46349800,3576.6,2926.4,4322.95,2866.6,3249.0,5008,3,3248.8,46,1,3248.7,10,1,3248.6,54,1,3248.5,23,1,3249.8,44,2,3249.9,25,1,3250.0,37,2,3250.1,8,2,3250.2,62,4
11536,2025-12-30 14:54:09+05:30,3249.8,6,3252.49,1866553,88919.0,109906.0,3250.0,3267.5,3239.8,3251.5,46357850,3576.6,2926.4,4322.95,2866.6,3249.0,5008,3,3248.8,46,1,3248.7,10,1,3248.6,54,1,3248.5,23,1,3249.8,44,2,3249.9,25,1,3250.0,37,2,3250.1,8,2,3250.2,62,4
11536,2025-12-30 14:54:10+05:30,3249.8,5,3252.49,1866591,88940.0,109966.0,3250.0,3267.5,3239.8,3251.5,46357850,3576.6,2926.4,4322.95,2866.6,3249.0,5008,3,3248.5,46,1,3248.4,80,3,3248.2,23,2,3248.1,166,4,3249.9,119,5,3250.0,17,1,3250.1,8,2,3250.2,62,4,3250.3,19,2
11536,2025-12-30 14:54:10+05:30,3249.0,156,3252.49,1866591,88940.0,109966.0,3250.0,3267.5,3239.8,3251.5,46357850,3576.6,2926.4,4322.95,2866.6,3249.0,5008,3,3248.5,46,1,3248.4,80,3,3248.2,23,2,3248.1,166,4,3249.9,119,5,3250.0,17,1,3250.1,8,2,3250.2,62,4,3250.3,19,2
11536,2025-12-30 14:54:11+05:30,3249.0,156,3252.49,1866749,89033.0,110055.0,3250.0,3267.5,3239.8,3251.5,46357850,3576.6,2926.4,4322.95,2866.6,3249.1,40,1,3249.0,4810,2,3248.5,46,1,3248.4,80,3,3248.2,23,2,3249.8,123,5,3249.9,68,4,3250.0,26,2,3250.1,8,2,3250.2,80,5
11536,2025-12-30 14:54:11+05:30,3249.0,156,3252.49,1866749,89033.0,110055.0,3250.0,3267.5,3239.8,3251.5,46357850,3576.6,2926.4,4322.95,2866.6,3249.1,40,1,3249.0,4810,2,3248.5,46,1,3248.4,80,3,3248.2,23,2,3249.8,123,5,3249.9,68,4,3250.0,26,2,3250.1,8,2,3250.2,80,5
11536,2025-12-30 14:54:12+05:30,3249.8,1,3252.49,1866749,89033.0,110055.0,3250.0,3267.5,3239.8,3251.5,46357850,3576.6,2926.4,4322.95,2866.6,3249.1,40,1,3249.0,4810,2,3248.5,46,1,3248.4,80,3,3248.2,23,2,3249.8,123,5,3249.9,68,4,3250.0,26,2,3250.1,8,2,3250.2,80,5
11536,2025-12-30 14:54:12+05:30,3249.8,1,3252.49,1866754,89150.0,110130.0,3250.0,3267.5,3239.8,3251.5,46357850,3576.6,2926.4,4322.95,2866.6,3249.1,139,2,3249.0,5000,3,3248.5,46,1,3248.4,80,3,3248.2,20,1,3249.8,119,5,3249.9,49,3,3250.0,4,1,3250.1,34,3,3250.2,80,5
11536,2025-12-30 14:54:13+05:30,3249.1,1,3252.49,1866754,89150.0,110130.0,3250.0,3267.5,3239.8,3251.5,46357850,3576.6,2926.4,4322.95,2866.6,3249.1,139,2,3249.0,5000,3,3248.5,46,1,3248.4,80,3,3248.2,20,1,3249.8,119,5,3249.9,49,3,3250.0,4,1,3250.1,34,3,3250.2,80,5
11536,2025-12-30 14:54:13+05:30,3249.1,1,3252.49,1866757,89172.0,110004.0,3250.0,3267.5,3239.8,3251.5,46357850,3576.6,2926.4,4322.95,2866.6,3249.5,38,1,3249.1,100,1,3249.0,5000,3,3248.5,46,1,3248.4,80,3,3249.8,119,5,3249.9,35,2,3250.0,4,1,3250.1,34,3,3250.2,80,5
11536,2025-12-30 14:54:14+05:30,3249.1,98,3252.49,1866757,89172.0,110004.0,3250.0,3267.5,3239.8,3251.5,46357850,3576.6,2926.4,4322.95,2866.6,3249.5,38,1,3249.1,100,1,3249.0,5000,3,3248.5,46,1,3248.4,80,3,3249.8,119,5,3249.9,35,2,3250.0,4,1,3250.1,34,3,3250.2,80,5
11536,2025-12-30 14:54:14+05:30,3249.1,98,3252.49,1866912,89087.0,110042.0,3250.0,3267.5,3239.8,3251.5,46357850,3576.6,2926.4,4322.95,2866.6,3249.1,2,1,3249.0,5000,3,3248.5,46,1,3248.4,80,3,3248.3,6,1,3249.8,130,6,3249.9,10,1,3250.0,4,1,3250.1,34,3,3250.2,80,5
11536,2025-12-30 14:54:15+05:30,3249.8,1,3252.49,1866912,89087.0,110042.0,3250.0,3267.5,3239.8,3251.5,46357850,3576.6,2926.4,4322.95,2866.6,3249.1,2,1,3249.0,5000,3,3248.5,46,1,3248.4,80,3,3248.3,6,1,3249.8,130,6,3249.9,10,1,3250.0,4,1,3250.1,34,3,3250.2,80,5
11536,2025-12-30 14:54:15+05:30,3249.8,1,3252.49,1866913,89086.0,110041.0,3250.0,3267.5,3239.8,3251.5,46357850,3576.6,2926.4,4322.95,2866.6,3249.1,2,1,3249.0,5009,4,3248.5,46,1,3248.4,80,3,3248.3,6,1,3249.8,129,6,3249.9,10,1,3250.0,4,1,3250.1,34,3,3250.2,80,5
11536,2025-12-30 14:54:16+05:30,3249.8,1,3252.49,1866913,89086.0,110041.0,3250.0,3267.5,3239.8,3251.5,46357850,3576.6,2926.4,4322.95,2866.6,3249.1,2,1,3249.0,5009,4,3248.5,46,1,3248.4,80,3,3248.3,6,1,3249.8,129,6,3249.9,10,1,3250.0,4,1,3250.1,34,3,3250.2,80,5
11536,2025-12-30 14:54:16+05:30,3249.8,1,3252.49,1866939,87262.0,109635.0,3250.0,3267.5,3239.8,3251.5,46357850,3576.6,2926.4,4322.95,2866.6,3249.1,2,1,3249.0,5009,4,3248.5,46,1,3248.4,55,2,3248.2,20,1,3249.8,54,5,3250.0,43,2,3250.1,34,3,3250.2,80,5,3250.3,57,3
11536,2025-12-30 14:54:17+05:30,3249.8,8,3252.49,1866939,87262.0,109635.0,3250.0,3267.5,3239.8,3251.5,46357850,3576.6,2926.4,4322.95,2866.6,3249.1,2,1,3249.0,5009,4,3248.5,46,1,3248.4,55,2,3248.2,20,1,3249.8,54,5,3250.0,43,2,3250.1,34,3,3250.2,80,5,3250.3,57,3
11536,2025-12-30 14:54:17+05:30,3249.8,8,3252.49,1866947,87117.0,109644.0,3250.0,3267.5,3239.8,3251.5,46357850,3576.6,2926.4,4322.95,2866.6,3249.1,2,1,3249.0,5009,4,3248.5,46,1,3248.4,55,2,3248.3,6,1,3249.8,46,5,3250.0,43,2,3250.1,34,3,3250.2,80,5,3250.3,57,3
11536,2025-12-30 14:54:18+05:30,3249.0,156,3252.49,1866947,87117.0,109644.0,3250.0,3267.5,3239.8,3251.5,46357850,3576.6,2926.4,4322.95,2866.6,3249.1,2,1,3249.0,5009,4,3248.5,46,1,3248.4,55,2,3248.3,6,1,3249.8,46,5,3250.0,43,2,3250.1,34,3,3250.2,80,5,3250.3,57,3
11536,2025-12-30 14:54:18+05:30,3249.0,156,3252.48,1868170,85370.0,109941.0,3250.0,3267.5,3239.8,3251.5,46357850,3576.6,2926.4,4322.95,2866.6,3249.0,3796,4,3248.5,46,1,3248.4,1,1,3248.3,6,1,3248.2,20,1,3249.8,57,5,3249.9,110,3,3250.0,63,3,3250.1,86,4,3250.2,108,6
11536,2025-12-30 14:54:19+05:30,3249.0,40,3252.48,1868170,85370.0,109941.0,3250.0,3267.5,3239.8,3251.5,46357850,3576.6,2926.4,4322.95,2866.6,3249.0,3796,4,3248.5,46,1,3248.4,1,1,3248.3,6,1,3248.2,20,1,3249.8,57,5,3249.9,110,3,3250.0,63,3,3250.1,86,4,3250.2,108,6
11536,2025-12-30 14:54:19+05:30,3249.0,40,3252.48,1868210,85805.0,109817.0,3250.0,3267.5,3239.8,3251.5,46357850,3576.6,2926.4,4322.95,2866.6,3249.0,3756,4,3248.8,42,1,3248.5,46,1,3248.4,1,1,3248.3,6,1,3249.8,135,6,3249.9,22,1,3250.0,63,3,3250.1,86,4,3250.2,108,6
11536,2025-12-30 14:54:20+05:30,3249.8,33,3252.48,1868210,85805.0,109817.0,3250.0,3267.5,3239.8,3251.5,46357850,3576.6,2926.4,4322.95,2866.6,3249.0,3756,4,3248.8,42,1,3248.5,46,1,3248.4,1,1,3248.3,6,1,3249.8,135,6,3249.9,22,1,3250.0,63,3,3250.1,86,4,3250.2,108,6
11536,2025-12-30 14:54:20+05:30,3249.0,12,3252.48,1868303,86018.0,108355.0,3250.0,3267.5,3239.8,3251.5,46357850,3576.6,2926.4,4322.95,2866.6,3249.0,3744,4,3248.9,46,1,3248.8,42,1,3248.4,1,1,3248.3,100,3,3249.8,64,3,3250.0,80,4,3250.1,34,3,3250.2,71,4,3250.3,204,3
11536,2025-12-30 14:54:21+05:30,3249.8,1,3252.48,1868303,86018.0,108355.0,3250.0,3267.5,3239.8,3251.5,46357850,3576.6,2926.4,4322.95,2866.6,3249.0,3744,4,3248.9,46,1,3248.8,42,1,3248.4,1,1,3248.3,100,3,3249.8,64,3,3250.0,80,4,3250.1,34,3,3250.2,71,4,3250.3,204,3
11536,2025-12-30 14:54:21+05:30,3249.8,1,3252.48,1868304,86017.0,109367.0,3250.0,3267.5,3239.8,3251.5,46357850,3576.6,2926.4,4322.95,2866.6,3249.0,3744,4,3248.9,42,1,3248.5,46,1,3248.4,1,1,3248.3,54,1,3249.8,87,5,3250.0,24,2,3250.1,34,3,3250.2,89,5,3250.3,204,3
11536,2025-12-30 14:54:22+05:30,3249.0,155,3252.48,1868304,86017.0,109367.0,3250.0,3267.5,3239.8,3251.5,46357850,3576.6,2926.4,4322.95,2866.6,3249.0,3744,4,3248.9,42,1,3248.5,46,1,3248.4,1,1,3248.3,54,1,3249.8,87,5,3250.0,24,2,3250.1,34,3,3250.2,89,5,3250.3,204,3
11536,2025-12-30 14:54:22+05:30,3250.2,15,3252.48,1868656,85683.0,109089.0,3250.0,3267.5,3239.8,3251.5,46357850,3576.6,2926.4,4322.95,2866.6,3249.0,3589,4,3248.9,42,1,3248.6,100,2,3248.5,42,1,3248.4,7,2,3250.2,137,7,3250.3,77,3,3250.4,81,5,3250.5,253,5,3250.6,179,6
11536,2025-12-30 14:54:23+05:30,3250.2,15,3252.48,1868656,85683.0,109089.0,3250.0,3267.5,3239.8,3251.5,46357850,3576.6,2926.4,4322.95,2866.6,3249.0,3589,4,3248.9,42,1,3248.6,100,2,3248.5,42,1,3248.4,7,2,3250.2,137,7,3250.3,77,3,3250.4,81,5,3250.5,253,5,3250.6,179,6
11536,2025-12-30 14:54:23+05:30,3249.0,1,3252.48,1868657,85857.0,109153.0,3250.0,3267.5,3239.8,3251.5,46357850,3576.6,2926.4,4322.95,2866.6,3249.0,3630,5,3248.6,100,2,3248.5,42,1,3248.4,7,2,3248.3,54,1,3250.2,137,7,3250.3,77,3,3250.4,81,5,3250.5,253,5,3250.6,179,6
11536,2025-12-30 14:54:24+05:30,3250.2,5,3252.48,1868657,85857.0,109153.0,3250.0,3267.5,3239.8,3251.5,46357850,3576.6,2926.4,4322.95,2866.6,3249.0,3630,5,3248.6,100,2,3248.5,42,1,3248.4,7,2,3248.3,54,1,3250.2,137,7,3250.3,77,3,3250.4,81,5,3250.5,253,5,3250.6,179,6
11536,2025-12-30 14:54:25+05:30,3250.2,1,3252.48,1868674,82770.0,108722.0,3250.0,3267.5,3239.8,3251.5,46357850,3576.6,2926.4,4322.95,2866.6,3250.0,5,2,3249.1,178,1,3249.0,3636,6,3248.9,56,2,3248.8,76,2,3250.2,92,5,3250.3,77,3,3250.4,41,3,3250.5,75,4,3250.6,114,4
11536,2025-12-30 14:54:25+05:30,3250.2,1,3252.48,1868674,82770.0,108722.0,3250.0,3267.5,3239.8,3251.5,46357850,3576.6,2926.4,4322.95,2866.6,3250.0,5,2,3249.1,178,1,3249.0,3636,6,3248.9,56,2,3248.8,76,2,3250.2,92,5,3250.3,77,3,3250.4,41,3,3250.5,75,4,3250.6,114,4
11536,2025-12-30 14:54:26+05:30,3250.2,1,3252.48,1868674,85782.0,108325.0,3250.0,3267.5,3239.8,3251.5,46357850,3576.6,2926.4,4322.95,2866.6,3250.0,47,3,3249.0,3594,5,3248.9,56,2,3248.8,76,2,3248.6,250,3,3250.2,106,6,3250.3,49,2,3250.4,41,3,3250.5,75,4,3250.6,114,4
11536,2025-12-30 14:54:26+05:30,3250.0,78,3252.48,1868674,85782.0,108325.0,3250.0,3267.5,3239.8,3251.5,46357850,3576.6,2926.4,4322.95,2866.6,3250.0,47,3,3249.0,3594,5,3248.9,56,2,3248.8,76,2,3248.6,250,3,3250.2,106,6,3250.3,49,2,3250.4,41,3,3250.5,75,4,3250.6,114,4
11536,2025-12-30 14:54:27+05:30,3249.9,4,3252.48,1869141,85790.0,109242.0,3250.0,3267.5,3239.8,3251.5,46357850,3576.6,2926.4,4322.95,2866.6,3249.0,3594,5,3248.9,14,2,3248.6,46,1,3248.5,42,1,3248.4,40,3,3249.9,28,2,3250.0,270,5,3250.1,29,1,3250.2,59,4,3250.3,170,2
11536,2025-12-30 14:54:27+05:30,3249.9,4,3252.48,1869141,85790.0,109242.0,3250.0,3267.5,3239.8,3251.5,46357850,3576.6,2926.4,4322.95,2866.6,3249.0,3594,5,3248.9,14,2,3248.6,46,1,3248.5,42,1,3248.4,40,3,3249.9,28,2,3250.0,270,5,3250.1,29,1,3250.2,59,4,3250.3,170,2
11536,2025-12-30 14:54:28+05:30,3249.9,3,3252.48,1869141,85790.0,109242.0,3250.0,3267.5,3239.8,3251.5,46357850,3576.6,2926.4,4322.95,2866.6,3249.0,3594,5,3248.9,14,2,3248.6,46,1,3248.5,42,1,3248.4,40,3,3249.9,28,2,3250.0,270,5,3250.1,29,1,3250.2,59,4,3250.3,170,2
11536,2025-12-30 14:54:28+05:30,3249.9,3,3252.48,1869262,85920.0,109203.0,3250.0,3267.5,3239.8,3251.5,46357850,3576.6,2926.4,4322.95,2866.6,3249.0,3594,5,3248.9,14,2,3248.8,46,1,3248.7,43,2,3248.4,40,3,3249.9,54,5,3250.0,128,2,3250.1,46,1,3250.2,55,3,3250.3,3,1
11536,2025-12-30 14:54:29+05:30,3249.0,39,3252.48,1869262,85920.0,109203.0,3250.0,3267.5,3239.8,3251.5,46357850,3576.6,2926.4,4322.95,2866.6,3249.0,3594,5,3248.9,14,2,3248.8,46,1,3248.7,43,2,3248.4,40,3,3249.9,54,5,3250.0,128,2,3250.1,46,1,3250.2,55,3,3250.3,3,1
11536,2025-12-30 14:54:29+05:30,3249.0,39,3252.48,1869301,85672.0,109439.0,3250.0,3267.5,3239.8,3251.5,46357850,3576.6,2926.4,4322.95,2866.6,3249.0,3555,5,3248.9,14,2,3248.8,46,1,3248.7,1,1,3248.4,60,3,3249.9,54,5,3250.0,128,2,3250.1,46,1,3250.2,55,3,3250.3,3,1
11536,2025-12-30 14:54:30+05:30,3249.0,155,3252.48,1869301,85672.0,109439.0,3250.0,3267.5,3239.8,3251.5,46357850,3576.6,2926.4,4322.95,2866.6,3249.0,3555,5,3248.9,14,2,3248.8,46,1,3248.7,1,1,3248.4,60,3,3249.9,54,5,3250.0,128,2,3250.1,46,1,3250.2,55,3,3250.3,3,1
11536,2025-12-30 14:54:30+05:30,3249.0,155,3252.48,1869464,85202.0,109781.0,3250.0,3267.5,3239.8,3251.5,46357850,3576.6,2926.4,4322.95,2866.6,3249.0,3400,5,3248.9,14,2,3248.8,46,1,3248.7,1,1,3248.4,60,3,3249.9,46,5,3250.0,128,2,3250.1,46,1,3250.2,55,3,3250.3,3,1
11536,2025-12-30 14:54:31+05:30,3249.9,2,3252.48,1869464,85202.0,109781.0,3250.0,3267.5,3239.8,3251.5,46357850,3576.6,2926.4,4322.95,2866.6,3249.0,3400,5,3248.9,14,2,3248.8,46,1,3248.7,1,1,3248.4,60,3,3249.9,46,5,3250.0,128,2,3250.1,46,1,3250.2,55,3,3250.3,3,1
11536,2025-12-30 14:54:31+05:30,3249.9,2,3252.48,1869513,85561.0,109513.0,3250.0,3267.5,3239.8,3251.5,46357850,3576.6,2926.4,4322.95,2866.6,3249.0,3400,5,3248.9,14,2,3248.8,46,1,3248.7,1,1,3248.4,63,4,3249.9,107,6,3250.0,126,3,3250.1,46,1,3250.2,55,3,3250.3,3,1
11536,2025-12-30 14:54:32+05:30,3249.9,1,3252.48,1869513,85561.0,109513.0,3250.0,3267.5,3239.8,3251.5,46357850,3576.6,2926.4,4322.95,2866.6,3249.0,3400,5,3248.9,14,2,3248.8,46,1,3248.7,1,1,3248.4,63,4,3249.9,107,6,3250.0,126,3,3250.1,46,1,3250.2,55,3,3250.3,3,1
11536,2025-12-30 14:54:32+05:30,3249.0,1058,3252.48,1870577,84030.0,109599.0,3250.0,3267.5,3239.8,3251.5,46357850,3576.6,2926.4,4322.95,2866.6,3249.0,2342,5,3248.9,14,2,3248.8,46,1,3248.7,1,1,3248.4,21,3,3249.8,137,5,3249.9,94,7,3250.0,116,2,3250.1,86,2,3250.2,82,4
11536,2025-12-30 14:54:33+05:30,3249.0,1058,3252.48,1870577,84030.0,109599.0,3250.0,3267.5,3239.8,3251.5,46357850,3576.6,2926.4,4322.95,2866.6,3249.0,2342,5,3248.9,14,2,3248.8,46,1,3248.7,1,1,3248.4,21,3,3249.8,137,5,3249.9,94,7,3250.0,116,2,3250.1,86,2,3250.2,82,4
11536,2025-12-30 14:54:33+05:30,3249.0,1058,3252.48,1870577,84478.0,109568.0,3250.0,3267.5,3239.8,3251.5,46357850,3576.6,2926.4,4322.95,2866.6,3249.0,2383,6,3248.9,14,2,3248.8,46,1,3248.7,1,1,3248.4,21,3,3249.8,137,5,3249.9,63,6,3250.0,116,2,3250.1,86,2,3250.2,82,4
11536,2025-12-30 14:54:34+05:30,3249.0,156,3252.48,1870577,84478.0,109568.0,3250.0,3267.5,3239.8,3251.5,46357850,3576.6,2926.4,4322.95,2866.6,3249.0,2383,6,3248.9,14,2,3248.8,46,1,3248.7,1,1,3248.4,21,3,3249.8,137,5,3249.9,63,6,3250.0,116,2,3250.1,86,2,3250.2,82,4
11536,2025-12-30 14:54:34+05:30,3249.8,2,3252.48,1870783,84321.0,109755.0,3250.0,3267.5,3239.8,3251.5,46357850,3576.6,2926.4,4322.95,2866.6,3249.0,2224,6,3248.9,14,2,3248.7,1,1,3248.5,46,1,3248.4,21,3,3249.8,90,4,3249.9,63,6,3250.0,116,2,3250.1,86,2,3250.2,82,4
11536,2025-12-30 14:54:35+05:30,3249.8,1,3252.48,1870783,84321.0,109755.0,3250.0,3267.5,3239.8,3251.5,46357850,3576.6,2926.4,4322.95,2866.6,3249.0,2224,6,3248.9,14,2,3248.7,1,1,3248.5,46,1,3248.4,21,3,3249.8,90,4,3249.9,63,6,3250.0,116,2,3250.1,86,2,3250.2,82,4
11536,2025-12-30 14:54:35+05:30,3249.8,12,3252.48,1870858,83111.0,109319.0,3250.0,3267.5,3239.8,3251.5,46357850,3576.6,2926.4,4322.95,2866.6,3249.0,2183,5,3248.9,55,3,3248.8,46,1,3248.7,1,1,3248.4,75,4,3249.9,63,6,3250.0,116,2,3250.1,32,1,3250.2,82,4,3250.3,217,3
11536,2025-12-30 14:54:36+05:30,3249.8,12,3252.48,1870858,83111.0,109319.0,3250.0,3267.5,3239.8,3251.5,46357850,3576.6,2926.4,4322.95,2866.6,3249.0,2183,5,3248.9,55,3,3248.8,46,1,3248.7,1,1,3248.4,75,4,3249.9,63,6,3250.0,116,2,3250.1,32,1,3250.2,82,4,3250.3,217,3
11536,2025-12-30 14:54:36+05:30,3249.9,1,3252.48,1870867,84492.0,108982.0,3250.0,3267.5,3239.8,3251.5,46357850,3576.6,2926.4,4322.95,2866.6,3249.0,2183,5,3248.9,55,3,3248.8,78,2,3248.7,82,3,3248.6,3,1,3249.9,19,4,3250.0,86,1,3250.1,5,1,3250.2,41,1,3250.4,78,4
11536,2025-12-30 14:54:37+05:30,3249.9,1,3252.48,1870867,84492.0,108982.0,3250.0,3267.5,3239.8,3251.5,46357850,3576.6,2926.4,4322.95,2866.6,3249.0,2183,5,3248.9,55,3,3248.8,78,2,3248.7,82,3,3248.6,3,1,3249.9,19,4,3250.0,86,1,3250.1,5,1,3250.2,41,1,3250.4,78,4
11536,2025-12-30 14:54:38+05:30,3249.9,4,3252.48,1870871,84548.0,108999.0,3250.0,3267.5,3239.8,3251.5,46357850,3576.6,2926.4,4322.95,2866.6,3249.0,2224,6,3248.9,14,2,3248.8,78,2,3248.7,82,3,3248.6,3,1,3249.9,10,3,3250.0,91,2,3250.1,5,1,3250.2,59,2,3250.4,78,4
11536,2025-12-30 14:54:38+05:30,3249.0,155,3252.48,1870871,84548.0,108999.0,3250.0,3267.5,3239.8,3251.5,46357850,3576.6,2926.4,4322.95,2866.6,3249.0,2224,6,3248.9,14,2,3248.8,78,2,3248.7,82,3,3248.6,3,1,3249.9,10,3,3250.0,91,2,3250.1,5,1,3250.2,59,2,3250.4,78,4
11536,2025-12-30 14:54:39+05:30,3249.9,6,3252.48,1871102,84384.0,107826.0,3250.0,3267.5,3239.8,3251.5,46357850,3576.6,2926.4,4322.95,2866.6,3249.0,2030,6,3248.9,14,2,3248.8,46,1,3248.7,1,1,3248.5,79,2,3249.9,40,2,3250.0,139,4,3250.1,5,1,3250.2,39,2,3250.4,33,3
11536,2025-12-30 14:54:39+05:30,3249.9,6,3252.48,1871102,84384.0,107826.0,3250.0,3267.5,3239.8,3251.5,46357850,3576.6,2926.4,4322.95,2866.6,3249.0,2030,6,3248.9,14,2,3248.8,46,1,3248.7,1,1,3248.5,79,2,3249.9,40,2,3250.0,139,4,3250.1,5,1,3250.2,39,2,3250.4,33,3
11536,2025-12-30 14:54:40+05:30,3249.1,5,3252.48,1871143,84044.0,109393.0,3250.0,3267.5,3239.8,3251.5,46357850,3576.6,2926.4,4322.95,2866.6,3249.1,36,1,3249.0,1989,5,3248.9,14,2,3248.8,46,1,3248.7,55,2,3249.9,14,2,3250.0,139,4,3250.2,39,2,3250.4,33,3,3250.5,208,3
11536,2025-12-30 14:54:40+05:30,3249.1,5,3252.48,1871143,84044.0,109393.0,3250.0,3267.5,3239.8,3251.5,46357850,3576.6,2926.4,4322.95,2866.6,3249.1,36,1,3249.0,1989,5,3248.9,14,2,3248.8,46,1,3248.7,55,2,3249.9,14,2,3250.0,139,4,3250.2,39,2,3250.4,33,3,3250.5,208,3
11536,2025-12-30 14:54:41+05:30,3249.1,5,3252.48,1871143,84102.0,109382.0,3250.0,3267.5,3239.8,3251.5,46357850,3576.6,2926.4,4322.95,2866.6,3249.5,36,1,3249.0,1989,5,3248.9,14,2,3248.8,46,1,3248.7,55,2,3249.9,56,3,3250.0,70,4,3250.1,9,1,3250.2,17,1,3250.4,33,3
11536,2025-12-30 14:54:42+05:30,3249.5,156,3252.48,1871143,84102.0,109382.0,3250.0,3267.5,3239.8,3251.5,46357850,3576.6,2926.4,4322.95,2866.6,3249.5,36,1,3249.0,1989,5,3248.9,14,2,3248.8,46,1,3248.7,55,2,3249.9,56,3,3250.0,70,4,3250.1,9,1,3250.2,17,1,3250.4,33,3
11536,2025-12-30 14:54:42+05:30,3249.5,156,3252.48,1871299,84325.0,107828.0,3250.0,3267.5,3239.8,3251.5,46357850,3576.6,2926.4,4322.95,2866.6,3249.5,41,1,3249.0,1991,6,3248.9,14,2,3248.8,46,1,3248.7,55,2,3249.9,78,5,3250.0,53,3,3250.1,9,1,3250.2,34,2,3250.4,33,3
11536,2025-12-30 14:54:43+05:30,3249.5,194,3252.48,1871299,84325.0,107828.0,3250.0,3267.5,3239.8,3251.5,46357850,3576.6,2926.4,4322.95,2866.6,3249.5,41,1,3249.0,1991,6,3248.9,14,2,3248.8,46,1,3248.7,55,2,3249.9,78,5,3250.0,53,3,3250.1,9,1,3250.2,34,2,3250.4,33,3
11536,2025-12-30 14:54:43+05:30,3249.5,194,3252.48,1871671,84393.0,109849.0,3250.0,3267.5,3239.8,3251.5,46357850,3576.6,2926.4,4322.95,2866.6,3249.5,205,2,3249.0,2001,7,3248.9,14,2,3248.7,1,1,3248.5,57,2,3249.9,151,7,3250.0,42,4,3250.1,38,2,3250.2,66,3,3250.3,32,1
11536,2025-12-30 14:54:44+05:30,3250.0,215,3252.48,1871671,84393.0,109849.0,3250.0,3267.5,3239.8,3251.5,46357850,3576.6,2926.4,4322.95,2866.6,3249.5,205,2,3249.0,2001,7,3248.9,14,2,3248.7,1,1,3248.5,57,2,3249.9,151,7,3250.0,42,4,3250.1,38,2,3250.2,66,3,3250.3,32,1
11536,2025-12-30 14:54:44+05:30,3250.0,500,3252.48,1872671,81285.0,109731.0,3250.0,3267.5,3239.8,3251.5,46357850,3576.6,2926.4,4322.95,2866.6,3249.5,205,2,3249.0,2001,7,3248.9,14,2,3248.8,46,1,3248.7,4,2,3250.1,28,1,3250.2,115,4,3250.3,20,2,3250.4,96,4,3250.5,110,5
11536,2025-12-30 14:54:45+05:30,3250.0,82,3252.48,1872671,81285.0,109731.0,3250.0,3267.5,3239.8,3251.5,46357850,3576.6,2926.4,4322.95,2866.6,3249.5,205,2,3249.0,2001,7,3248.9,14,2,3248.8,46,1,3248.7,4,2,3250.1,28,1,3250.2,115,4,3250.3,20,2,3250.4,96,4,3250.5,110,5
11536,2025-12-30 14:54:45+05:30,3250.0,82,3252.48,1872795,83728.0,108678.0,3250.0,3267.5,3239.8,3251.5,46357850,3576.6,2926.4,4322.95,2866.6,3249.5,164,1,3249.0,2001,7,3248.9,14,2,3248.8,46,1,3248.7,4,2,3249.9,55,4,3250.0,56,2,3250.1,20,4,3250.2,34,2,3250.3,3,1
11536,2025-12-30 14:54:46+05:30,3249.5,155,3252.48,1872795,83728.0,108678.0,3250.0,3267.5,3239.8,3251.5,46357850,3576.6,2926.4,4322.95,2866.6,3249.5,164,1,3249.0,2001,7,3248.9,14,2,3248.8,46,1,3248.7,4,2,3249.9,55,4,3250.0,56,2,3250.1,20,4,3250.2,34,2,3250.3,3,1
11536,2025-12-30 14:54:46+05:30,3250.0,189,3252.48,1873233,83273.0,109002.0,3250.0,3267.5,3239.8,3251.5,46357850,3576.6,2926.4,4322.95,2866.6,3250.0,218,1,3249.5,18,2,3249.0,1992,6,3248.9,14,2,3248.8,38,2,3250.1,22,4,3250.2,52,2,3250.3,49,2,3250.4,96,4,3250.5,120,5
11536,2025-12-30 14:54:47+05:30,3250.1,7,3252.48,1873233,83273.0,109002.0,3250.0,3267.5,3239.8,3251.5,46357850,3576.6,2926.4,4322.95,2866.6,3250.0,218,1,3249.5,18,2,3249.0,1992,6,3248.9,14,2,3248.8,38,2,3250.1,22,4,3250.2,52,2,3250.3,49,2,3250.4,96,4,3250.5,120,5
11536,2025-12-30 14:54:47+05:30,3250.1,1,3252.47,1874304,84280.0,109244.0,3250.0,3267.5,3239.8,3251.5,46357850,3576.6,2926.4,4322.95,2866.6,3249.8,54,1,3249.5,59,2,3249.0,1813,6,3248.9,60,3,3248.8,21,1,3250.1,64,5,3250.2,10,1,3250.3,46,1,3250.4,64,3,3250.5,86,4
11536,2025-12-30 14:54:48+05:30,3250.1,1,3252.47,1874304,84280.0,109244.0,3250.0,3267.5,3239.8,3251.5,46357850,3576.6,2926.4,4322.95,2866.6,3249.8,54,1,3249.5,59,2,3249.0,1813,6,3248.9,60,3,3248.8,21,1,3250.1,64,5,3250.2,10,1,3250.3,46,1,3250.4,64,3,3250.5,86,4
11536,2025-12-30 14:54:48+05:30,3249.8,39,3252.47,1874343,84882.0,109705.0,3250.0,3267.5,3239.8,3251.5,46357850,3576.6,2926.4,4322.95,2866.6,3250.0,500,1,3249.8,19,2,3249.5,69,3,3249.0,1859,7,3248.9,68,3,3250.1,50,3,3250.2,44,3,3250.3,46,1,3250.4,64,3,3250.5,94,5
11536,2025-12-30 14:54:49+05:30,3249.8,39,3252.47,1874343,84882.0,109705.0,3250.0,3267.5,3239.8,3251.5,46357850,3576.6,2926.4,4322.95,2866.6,3250.0,500,1,3249.8,19,2,3249.5,69,3,3249.0,1859,7,3248.9,68,3,3250.1,50,3,3250.2,44,3,3250.3,46,1,3250.4,64,3,3250.5,94,5
11536,2025-12-30 14:54:49+05:30,3250.1,39,3252.47,1874390,84632.0,109272.0,3250.0,3267.5,3239.8,3251.5,46357850,3576.6,2926.4,4322.95,2866.6,3250.0,500,1,3249.9,15,1,3249.8,4,1,3249.5,69,3,3249.1,46,1,3250.1,11,3,3250.2,17,1,3250.3,46,1,3250.4,64,3,3250.5,94,5
11536,2025-12-30 14:54:50+05:30,3250.0,156,3252.47,1874390,84632.0,109272.0,3250.0,3267.5,3239.8,3251.5,46357850,3576.6,2926.4,4322.95,2866.6,3250.0,500,1,3249.9,15,1,3249.8,4,1,3249.5,69,3,3249.1,46,1,3250.1,11,3,3250.2,17,1,3250.3,46,1,3250.4,64,3,3250.5,94,5
11536,2025-12-30 14:54:50+05:30,3250.0,156,3252.47,1874546,84531.0,109117.0,3250.0,3267.5,3239.8,3251.5,46357850,3576.6,2926.4,4322.95,2866.6,3250.0,344,1,3249.9,40,2,3249.8,4,1,3249.7,10,1,3249.5,69,3,3250.2,25,3,3250.4,106,4,3250.5,94,5,3250.6,182,6,3250.7,81,3
11536,2025-12-30 14:54:52+05:30,3250.4,52,3252.47,1874731,84292.0,108922.0,3250.0,3267.5,3239.8,3251.5,46357850,3576.6,2926.4,4322.95,2866.6,3250.0,438,3,3249.9,25,1,3249.8,4,1,3249.7,10,1,3249.5,69,3,3250.5,136,5,3250.6,129,4,3250.7,55,2,3250.8,155,6,3250.9,360,4
11536,2025-12-30 14:54:52+05:30,3250.5,14,3252.47,1874731,84292.0,108922.0,3250.0,3267.5,3239.8,3251.5,46357850,3576.6,2926.4,4322.95,2866.6,3250.0,438,3,3249.9,25,1,3249.8,4,1,3249.7,10,1,3249.5,69,3,3250.5,136,5,3250.6,129,4,3250.7,55,2,3250.8,155,6,3250.9,360,4
11536,2025-12-30 14:54:53+05:30,3250.5,14,3252.47,1874881,85087.0,108734.0,3250.0,3267.5,3239.8,3251.5,46357850,3576.6,2926.4,4322.95,2866.6,3250.0,438,3,3249.9,35,2,3249.8,4,1,3249.5,69,3,3249.3,29,1,3250.5,87,4,3250.6,31,2,3250.7,51,2,3250.8,106,5,3250.9,360,4
11536,2025-12-30 14:54:54+05:30,3250.5,14,3252.47,1874881,85086.0,108925.0,3250.0,3267.5,3239.8,3251.5,46357850,3576.6,2926.4,4322.95,2866.6,3250.0,438,3,3249.9,35,2,3249.8,4,1,3249.5,69,3,3249.3,29,1,3250.5,79,3,3250.6,31,2,3250.7,51,2,3250.8,106,5,3250.9,360,4
11536,2025-12-30 14:54:54+05:30,3250.0,155,3252.47,1874881,85086.0,108925.0,3250.0,3267.5,3239.8,3251.5,46357850,3576.6,2926.4,4322.95,2866.6,3250.0,438,3,3249.9,35,2,3249.8,4,1,3249.5,69,3,3249.3,29,1,3250.5,79,3,3250.6,31,2,3250.7,51,2,3250.8,106,5,3250.9,360,4
11536,2025-12-30 14:54:55+05:30,3250.5,1,3252.47,1875038,84974.0,108849.0,3250.0,3267.5,3239.8,3251.5,46357850,3576.6,2926.4,4322.95,2866.6,3250.0,287,4,3249.9,35,2,3249.8,4,1,3249.5,69,3,3249.1,138,3,3250.5,85,4,3250.6,31,2,3250.7,51,2,3250.8,78,4,3250.9,360,4
11536,2025-12-30 14:54:55+05:30,3250.5,1,3252.47,1875038,84974.0,108849.0,3250.0,3267.5,3239.8,3251.5,46357850,3576.6,2926.4,4322.95,2866.6,3250.0,287,4,3249.9,35,2,3249.8,4,1,3249.5,69,3,3249.1,138,3,3250.5,85,4,3250.6,31,2,3250.7,51,2,3250.8,78,4,3250.9,360,4
11536,2025-12-30 14:54:56+05:30,3250.5,1,3252.47,1875038,85068.0,108849.0,3250.0,3267.5,3239.8,3251.5,46357850,3576.6,2926.4,4322.95,2866.6,3250.0,312,5,3249.9,50,3,3249.8,4,1,3249.5,69,3,3249.1,138,3,3250.5,85,4,3250.6,31,2,3250.7,51,2,3250.8,78,4,3250.9,360,4
11536,2025-12-30 14:54:57+05:30,3250.5,10,3252.47,1875048,84905.0,108680.0,3250.0,3267.5,3239.8,3251.5,46357850,3576.6,2926.4,4322.95,2866.6,3250.0,312,5,3249.9,50,3,3249.8,4,1,3249.5,69,3,3249.2,3,1,3250.5,67,3,3250.6,31,2,3250.7,51,2,3250.8,78,4,3250.9,360,4
11536,2025-12-30 14:54:57+05:30,3250.5,10,3252.47,1875048,84905.0,108680.0,3250.0,3267.5,3239.8,3251.5,46357850,3576.6,2926.4,4322.95,2866.6,3250.0,312,5,3249.9,50,3,3249.8,4,1,3249.5,69,3,3249.2,3,1,3250.5,67,3,3250.6,31,2,3250.7,51,2,3250.8,78,4,3250.9,360,4
11536,2025-12-30 14:54:58+05:30,3250.0,3,3252.47,1875048,84905.0,108680.0,3250.0,3267.5,3239.8,3251.5,46357850,3576.6,2926.4,4322.95,2866.6,3250.0,312,5,3249.9,50,3,3249.8,4,1,3249.5,69,3,3249.2,3,1,3250.5,67,3,3250.6,31,2,3250.7,51,2,3250.8,78,4,3250.9,360,4
11536,2025-12-30 14:54:58+05:30,3250.0,3,3252.47,1875511,81353.0,108886.0,3250.0,3267.5,3239.8,3251.5,46357850,3576.6,2926.4,4322.95,2866.6,3250.0,80,3,3249.9,50,3,3249.8,4,1,3249.5,69,3,3249.0,1802,5,3250.5,189,9,3250.6,73,4,3250.7,6,1,3250.8,124,5,3250.9,360,4
11536,2025-12-30 14:54:59+05:30,3250.0,13,3252.47,1875511,81353.0,108886.0,3250.0,3267.5,3239.8,3251.5,46357850,3576.6,2926.4,4322.95,2866.6,3250.0,80,3,3249.9,50,3,3249.8,4,1,3249.5,69,3,3249.0,1802,5,3250.5,189,9,3250.6,73,4,3250.7,6,1,3250.8,124,5,3250.9,360,4
11536,2025-12-30 14:54:59+05:30,3250.0,13,3252.47,1875550,83929.0,108963.0,3250.0,3267.5,3239.8,3251.5,46357850,3576.6,2926.4,4322.95,2866.6,3250.0,70,3,3249.9,50,3,3249.8,4,1,3249.5,69,3,3249.0,1848,6,3250.5,163,8,3250.6,41,3,3250.7,35,2,3250.8,157,6,3250.9,414,5
11536,2025-12-30 14:55:00+05:30,3250.5,1,3252.47,1875550,83929.0,108963.0,3250.0,3267.5,3239.8,3251.5,46357850,3576.6,2926.4,4322.95,2866.6,3250.0,70,3,3249.9,50,3,3249.8,4,1,3249.5,69,3,3249.0,1848,6,3250.5,163,8,3250.6,41,3,3250.7,35,2,3250.8,157,6,3250.9,414,5
11536,2025-12-30 14:55:00+05:30,3250.5,1,3252.47,1875552,84161.0,108733.0,3250.0,3267.5,3239.8,3251.5,46357850,3576.6,2926.4,4322.95,2866.6,3250.0,95,4,3249.9,25,2,3249.8,4,1,3249.5,69,3,3249.0,1848,6,3250.5,187,9,3250.6,63,3,3250.7,35,2,3250.8,157,6,3250.9,414,5
11536,2025-12-30 14:55:01+05:30,3250.5,1,3252.47,1875552,84161.0,108733.0,3250.0,3267.5,3239.8,3251.5,46357850,3576.6,2926.4,4322.95,2866.6,3250.0,95,4,3249.9,25,2,3249.8,4,1,3249.5,69,3,3249.0,1848,6,3250.5,187,9,3250.6,63,3,3250.7,35,2,3250.8,157,6,3250.9,414,5
11536,2025-12-30 14:55:01+05:30,3250.5,1,3252.47,1875553,84220.0,108524.0,3250.0,3267.5,3239.8,3251.5,46357850,3576.6,2926.4,4322.95,2866.6,3250.0,147,5,3249.9,25,2,3249.8,4,1,3249.5,69,3,3249.1,46,1,3250.5,134,7,3250.6,31,2,3250.7,6,1,3250.8,157,6,3250.9,414,5
11536,2025-12-30 14:55:02+05:30,3250.0,8,3252.47,1875553,84220.0,108524.0,3250.0,3267.5,3239.8,3251.5,46357850,3576.6,2926.4,4322.95,2866.6,3250.0,147,5,3249.9,25,2,3249.8,4,1,3249.5,69,3,3249.1,46,1,3250.5,134,7,3250.6,31,2,3250.7,6,1,3250.8,157,6,3250.9,414,5
11536,2025-12-30 14:55:02+05:30,3249.1,33,3252.47,1876634,83477.0,109608.0,3250.0,3267.5,3239.8,3251.5,46357850,3576.6,2926.4,4322.95,2866.6,3249.0,1802,5,3248.9,14,2,3248.8,37,2,3248.7,76,3,3248.5,48,3,3249.1,19,1,3249.9,14,1,3250.0,61,1,3250.1,275,3,3250.2,159,5
11536,2025-12-30 14:55:03+05:30,3249.1,1,3252.47,1876634,83477.0,109608.0,3250.0,3267.5,3239.8,3251.5,46357850,3576.6,2926.4,4322.95,2866.6,3249.0,1802,5,3248.9,14,2,3248.8,37,2,3248.7,76,3,3248.5,48,3,3249.1,19,1,3249.9,14,1,3250.0,61,1,3250.1,275,3,3250.2,159,5
11536,2025-12-30 14:55:03+05:30,3249.1,1,3252.47,1876636,85134.0,109403.0,3250.0,3267.5,3239.8,3251.5,46357850,3576.6,2926.4,4322.95,2866.6,3249.0,1802,5,3248.9,14,2,3248.8,66,3,3248.7,165,5,3248.6,6,1,3249.1,17,1,3249.8,22,1,3249.9,14,1,3250.0,82,2,3250.1,275,3
11536,2025-12-30 14:55:04+05:30,3249.1,7,3252.47,1877739,83316.0,107829.0,3250.0,3267.5,3239.8,3251.5,46357850,3576.6,2926.4,4322.95,2866.6,3249.1,8,2,3249.0,1862,7,3248.9,14,2,3248.8,59,4,3248.7,111,5,3250.4,86,6,3250.5,44,1,3250.6,87,5,3250.7,197,2,3250.8,63,3
11536,2025-12-30 14:55:05+05:30,3250.4,1,3252.47,1877739,83316.0,107829.0,3250.0,3267.5,3239.8,3251.5,46357850,3576.6,2926.4,4322.95,2866.6,3249.1,8,2,3249.0,1862,7,3248.9,14,2,3248.8,59,4,3248.7,111,5,3250.4,86,6,3250.5,44,1,3250.6,87,5,3250.7,197,2,3250.8,63,3
11536,2025-12-30 14:55:05+05:30,3250.4,1,3252.47,1877741,84806.0,108086.0,3250.0,3267.5,3239.8,3251.5,46357850,3576.6,2926.4,4322.95,2866.6,3249.1,61,3,3249.0,2058,8,3248.9,14,2,3248.8,54,3,3248.7,116,6,3250.4,105,6,3250.5,44,1,3250.6,108,6,3250.7,197,2,3250.8,63,3
11536,2025-12-30 14:55:06+05:30,3249.0,61,3252.47,1877741,84806.0,108086.0,3250.0,3267.5,3239.8,3251.5,46357850,3576.6,2926.4,4322.95,2866.6,3249.1,61,3,3249.0,2058,8,3248.9,14,2,3248.8,54,3,3248.7,116,6,3250.4,105,6,3250.5,44,1,3250.6,108,6,3250.7,197,2,3250.8,63,3
11536,2025-12-30 14:55:06+05:30,3250.2,8,3252.47,1877907,84662.0,108096.0,3250.0,3267.5,3239.8,3251.5,46357850,3576.6,2926.4,4322.95,2866.6,3249.0,1989,7,3248.9,30,4,3248.8,54,3,3248.7,111,5,3248.6,29,1,3250.2,53,2,3250.3,67,3,3250.4,76,6,3250.6,69,5,3250.7,200,3
11536,2025-12-30 14:55:07+05:30,3250.2,8,3252.47,1877907,84662.0,108096.0,3250.0,3267.5,3239.8,3251.5,46357850,3576.6,2926.4,4322.95,2866.6,3249.0,1989,7,3248.9,30,4,3248.8,54,3,3248.7,111,5,3248.6,29,1,3250.2,53,2,3250.3,67,3,3250.4,76,6,3250.6,69,5,3250.7,200,3
11536,2025-12-30 14:55:08+05:30,3250.2,4,3252.47,1877911,84758.0,108498.0,3250.0,3267.5,3239.8,3251.5,46357850,3576.6,2926.4,4322.95,2866.6,3249.0,1989,7,3248.9,30,4,3248.8,54,3,3248.7,111,5,3248.6,128,2,3250.2,63,3,3250.3,67,3,3250.4,62,5,3250.6,69,5,3250.7,200,3
11536,2025-12-30 14:55:08+05:30,3250.2,4,3252.47,1877911,84758.0,108498.0,3250.0,3267.5,3239.8,3251.5,46357850,3576.6,2926.4,4322.95,2866.6,3249.0,1989,7,3248.9,30,4,3248.8,54,3,3248.7,111,5,3248.6,128,2,3250.2,63,3,3250.3,67,3,3250.4,62,5,3250.6,69,5,3250.7,200,3
11536,2025-12-30 14:55:09+05:30,3250.2,6,3252.47,1878037,84940.0,108487.0,3250.0,3267.5,3239.8,3251.5,46357850,3576.6,2926.4,4322.95,2866.6,3250.0,4,1,3249.1,71,3,3249.0,2144,11,3248.9,48,3,3248.8,84,5,3250.2,7,3,3250.3,5,1,3250.4,11,1,3250.5,57,2,3250.6,33,2
11536,2025-12-30 14:55:09+05:30,3250.2,6,3252.47,1878037,84940.0,108487.0,3250.0,3267.5,3239.8,3251.5,46357850,3576.6,2926.4,4322.95,2866.6,3250.0,4,1,3249.1,71,3,3249.0,2144,11,3248.9,48,3,3248.8,84,5,3250.2,7,3,3250.3,5,1,3250.4,11,1,3250.5,57,2,3250.6,33,2
11536,2025-12-30 14:55:10+05:30,3250.2,1,3252.47,1878075,84941.0,106890.0,3250.0,3267.5,3239.8,3251.5,46357850,3576.6,2926.4,4322.95,2866.6,3250.0,4,1,3249.1,71,3,3249.0,2085,10,3248.9,107,4,3248.8,84,5,3250.2,6,1,3250.4,74,3,3250.6,33,2,3250.7,3,1,3250.8,224,4
11536,2025-12-30 14:55:10+05:30,3249.0,32,3252.47,1878075,84941.0,106890.0,3250.0,3267.5,3239.8,3251.5,46357850,3576.6,2926.4,4322.95,2866.6,3250.0,4,1,3249.1,71,3,3249.0,2085,10,3248.9,107,4,3248.8,84,5,3250.2,6,1,3250.4,74,3,3250.6,33,2,3250.7,3,1,3250.8,224,4
11536,2025-12-30 14:55:11+05:30,3250.0,51,3252.47,1878281,84749.0,108843.0,3250.0,3267.5,3239.8,3251.5,46357850,3576.6,2926.4,4322.95,2866.6,3250.0,59,1,3249.0,1721,6,3248.9,25,4,3248.8,37,2,3248.7,108,4,3250.2,77,6,3250.3,44,1,3250.4,31,1,3250.5,133,4,3250.6,33,2
11536,2025-12-30 14:55:11+05:30,3250.0,51,3252.47,1878281,84749.0,108843.0,3250.0,3267.5,3239.8,3251.5,46357850,3576.6,2926.4,4322.95,2866.6,3250.0,59,1,3249.0,1721,6,3248.9,25,4,3248.8,37,2,3248.7,108,4,3250.2,77,6,3250.3,44,1,3250.4,31,1,3250.5,133,4,3250.6,33,2
11536,2025-12-30 14:55:12+05:30,3250.2,1,3252.47,1878281,84749.0,108843.0,3250.0,3267.5,3239.8,3251.5,46357850,3576.6,2926.4,4322.95,2866.6,3250.0,59,1,3249.0,1721,6,3248.9,25,4,3248.8,37,2,3248.7,108,4,3250.2,77,6,3250.3,44,1,3250.4,31,1,3250.5,133,4,3250.6,33,2
11536,2025-12-30 14:55:12+05:30,3250.2,1,3252.47,1878284,84749.0,108726.0,3250.0,3267.5,3239.8,3251.5,46357850,3576.6,2926.4,4322.95,2866.6,3250.0,59,1,3249.0,1721,6,3248.9,25,4,3248.8,37,2,3248.7,108,4,3250.2,74,6,3250.3,44,1,3250.4,31,1,3250.5,72,3,3250.6,33,2
11536,2025-12-30 14:55:13+05:30,3250.0,1,3252.47,1878284,84749.0,108726.0,3250.0,3267.5,3239.8,3251.5,46357850,3576.6,2926.4,4322.95,2866.6,3250.0,59,1,3249.0,1721,6,3248.9,25,4,3248.8,37,2,3248.7,108,4,3250.2,74,6,3250.3,44,1,3250.4,31,1,3250.5,72,3,3250.6,33,2
11536,2025-12-30 14:55:13+05:30,3250.0,1,3252.47,1878288,84722.0,108731.0,3250.0,3267.5,3239.8,3251.5,46357850,3576.6,2926.4,4322.95,2866.6,3250.0,57,1,3249.0,1733,8,3248.9,19,3,3248.8,37,2,3248.7,108,4,3250.2,33,5,3250.3,44,1,3250.5,73,3,3250.6,64,3,3250.7,37,1
11536,2025-12-30 14:55:14+05:30,3250.0,59,3252.47,1878288,84722.0,108731.0,3250.0,3267.5,3239.8,3251.5,46357850,3576.6,2926.4,4322.95,2866.6,3250.0,57,1,3249.0,1733,8,3248.9,19,3,3248.8,37,2,3248.7,108,4,3250.2,33,5,3250.3,44,1,3250.5,73,3,3250.6,64,3,3250.7,37,1
11536,2025-12-30 14:55:14+05:30,3250.0,59,3252.47,1878505,84742.0,108999.0,3250.0,3267.5,3239.8,3251.5,46357850,3576.6,2926.4,4322.95,2866.6,3250.0,59,1,3249.0,1736,8,3248.9,25,4,3248.8,54,3,3248.7,108,4,3250.1,22,3,3250.2,12,2,3250.3,114,3,3250.4,37,1,3250.5,34,2
11536,2025-12-30 14:55:15+05:30,3250.1,1,3252.47,1878505,84742.0,108999.0,3250.0,3267.5,3239.8,3251.5,46357850,3576.6,2926.4,4322.95,2866.6,3250.0,59,1,3249.0,1736,8,3248.9,25,4,3248.8,54,3,3248.7,108,4,3250.1,22,3,3250.2,12,2,3250.3,114,3,3250.4,37,1,3250.5,34,2
11536,2025-12-30 14:55:15+05:30,3250.1,2,3252.47,1878508,84743.0,108954.0,3250.0,3267.5,3239.8,3251.5,46357850,3576.6,2926.4,4322.95,2866.6,3250.0,59,1,3249.0,1736,8,3248.9,25,4,3248.8,54,3,3248.7,108,4,3250.1,26,4,3250.2,5,1,3250.3,114,3,3250.4,37,1,3250.5,70,3
11536,2025-12-30 14:55:16+05:30,3250.1,1,3252.47,1878508,84743.0,108954.0,3250.0,3267.5,3239.8,3251.5,46357850,3576.6,2926.4,4322.95,2866.6,3250.0,59,1,3249.0,1736,8,3248.9,25,4,3248.8,54,3,3248.7,108,4,3250.1,26,4,3250.2,5,1,3250.3,114,3,3250.4,37,1,3250.5,70,3
11536,2025-12-30 14:55:16+05:30,3250.1,1,3252.47,1878510,85003.0,108865.0,3250.0,3267.5,3239.8,3251.5,46357850,3576.6,2926.4,4322.95,2866.6,3250.0,130,2,3249.0,1742,9,3248.9,19,3,3248.8,57,4,3248.7,108,4,3250.1,11,2,3250.3,5,1,3250.5,34,2,3250.6,33,2,3250.7,37,1
11536,2025-12-30 14:55:17+05:30,3250.3,1,3252.47,1878510,85003.0,108865.0,3250.0,3267.5,3239.8,3251.5,46357850,3576.6,2926.4,4322.95,2866.6,3250.0,130,2,3249.0,1742,9,3248.9,19,3,3248.8,57,4,3248.7,108,4,3250.1,11,2,3250.3,5,1,3250.5,34,2,3250.6,33,2,3250.7,37,1
11536,2025-12-30 14:55:17+05:30,3249.0,623,3252.47,1879600,84010.0,108865.0,3250.0,3267.5,3239.8,3251.5,46357850,3576.6,2926.4,4322.95,2866.6,3249.1,36,2,3249.0,1059,7,3248.9,14,2,3248.8,57,4,3248.7,114,5,3250.4,326,7,3250.5,54,3,3250.6,81,2,3250.7,73,2,3250.8,108,5
11536,2025-12-30 14:55:18+05:30,3249.0,155,3252.47,1879600,84010.0,108865.0,3250.0,3267.5,3239.8,3251.5,46357850,3576.6,2926.4,4322.95,2866.6,3249.1,36,2,3249.0,1059,7,3248.9,14,2,3248.8,57,4,3248.7,114,5,3250.4,326,7,3250.5,54,3,3250.6,81,2,3250.7,73,2,3250.8,108,5
11536,2025-12-30 14:55:18+05:30,3249.0,39,3252.47,1879794,83695.0,108898.0,3250.0,3267.5,3239.8,3251.5,46357850,3576.6,2926.4,4322.95,2866.6,3249.0,866,8,3248.9,14,2,3248.8,54,3,3248.7,54,3,3248.6,115,3,3250.1,93,3,3250.2,45,4,3250.3,102,3,3250.4,156,4,3250.5,238,5
11536,2025-12-30 14:55:19+05:30,3250.4,19,3252.47,1879794,83695.0,108898.0,3250.0,3267.5,3239.8,3251.5,46357850,3576.6,2926.4,4322.95,2866.6,3249.0,866,8,3248.9,14,2,3248.8,54,3,3248.7,54,3,3248.6,115,3,3250.1,93,3,3250.2,45,4,3250.3,102,3,3250.4,156,4,3250.5,238,5
11536,2025-12-30 14:55:19+05:30,3250.1,14,3252.47,1880067,83883.0,108603.0,3250.0,3267.5,3239.8,3251.5,46357850,3576.6,2926.4,4322.95,2866.6,3250.1,5,1,3249.1,61,1,3249.0,866,8,3248.9,20,3,3248.8,82,4,3250.3,106,5,3250.4,10,1,3250.5,68,3,3250.6,57,2,3250.7,39,2
11536,2025-12-30 14:55:20+05:30,3250.3,1,3252.47,1880067,83883.0,108603.0,3250.0,3267.5,3239.8,3251.5,46357850,3576.6,2926.4,4322.95,2866.6,3250.1,5,1,3249.1,61,1,3249.0,866,8,3248.9,20,3,3248.8,82,4,3250.3,106,5,3250.4,10,1,3250.5,68,3,3250.6,57,2,3250.7,39,2
11536,2025-12-30 14:55:20+05:30,3250.3,1,3252.47,1880068,83931.0,108724.0,3250.0,3267.5,3239.8,3251.5,46357850,3576.6,2926.4,4322.95,2866.6,3250.1,5,1,3249.1,61,1,3249.0,866,8,3248.9,74,4,3248.8,82,4,3250.3,101,4,3250.4,10,1,3250.5,37,2,3250.6,20,1,3250.7,36,1
11536,2025-12-30 14:55:21+05:30,3250.1,5,3252.47,1880145,83853.0,108767.0,3250.0,3267.5,3239.8,3251.5,46357850,3576.6,2926.4,4322.95,2866.6,3250.1,5,1,3250.0,2,1,3249.1,159,1,3249.0,871,9,3248.9,68,3,3250.3,128,5,3250.4,10,1,3250.5,11,1,3250.6,20,1,3250.7,36,1
11536,2025-12-30 14:55:22+05:30,3250.0,26,3252.47,1880145,83853.0,108767.0,3250.0,3267.5,3239.8,3251.5,46357850,3576.6,2926.4,4322.95,2866.6,3250.1,5,1,3250.0,2,1,3249.1,159,1,3249.0,871,9,3248.9,68,3,3250.3,128,5,3250.4,10,1,3250.5,11,1,3250.6,20,1,3250.7,36,1
11536,2025-12-30 14:55:22+05:30,3250.5,3,3252.47,1880512,83687.0,108994.0,3250.0,3267.5,3239.8,3251.5,46357850,3576.6,2926.4,4322.95,2866.6,3250.0,9,1,3249.0,870,8,3248.9,96,4,3248.8,82,5,3248.7,80,3,3250.5,212,9,3250.6,54,2,3250.7,53,1,3250.8,148,5,3250.9,430,6
11536,2025-12-30 14:55:23+05:30,3250.5,3,3252.47,1880512,83687.0,108994.0,3250.0,3267.5,3239.8,3251.5,46357850,3576.6,2926.4,4322.95,2866.6,3250.0,9,1,3249.0,870,8,3248.9,96,4,3248.8,82,5,3248.7,80,3,3250.5,212,9,3250.6,54,2,3250.7,53,1,3250.8,148,5,3250.9,430,6
11536,2025-12-30 14:55:23+05:30,3250.2,1,3252.47,1880513,80748.0,108687.0,3250.0,3267.5,3239.8,3251.5,46357850,3576.6,2926.4,4322.95,2866.6,3249.1,69,3,3249.0,896,8,3248.9,149,7,3248.8,104,4,3248.7,80,3,3250.2,20,1,3250.4,31,2,3250.5,9,2,3250.6,78,2,3250.7,230,2
11536,2025-12-30 14:55:24+05:30,3250.2,1,3252.47,1880513,80748.0,108687.0,3250.0,3267.5,3239.8,3251.5,46357850,3576.6,2926.4,4322.95,2866.6,3249.1,69,3,3249.0,896,8,3248.9,149,7,3248.8,104,4,3248.7,80,3,3250.2,20,1,3250.4,31,2,3250.5,9,2,3250.6,78,2,3250.7,230,2
11536,2025-12-30 14:55:24+05:30,3250.3,1,3252.47,1880524,84025.0,108453.0,3250.0,3267.5,3239.8,3251.5,46357850,3576.6,2926.4,4322.95,2866.6,3250.0,4,1,3249.2,47,2,3249.1,174,4,3249.0,1004,10,3248.9,148,7,3250.3,11,2,3250.4,17,1,3250.5,25,2,3250.6,78,2,3250.7,53,1
11536,2025-12-30 14:55:25+05:30,3250.3,1,3252.47,1880524,84025.0,108453.0,3250.0,3267.5,3239.8,3251.5,46357850,3576.6,2926.4,4322.95,2866.6,3250.0,4,1,3249.2,47,2,3249.1,174,4,3249.0,1004,10,3248.9,148,7,3250.3,11,2,3250.4,17,1,3250.5,25,2,3250.6,78,2,3250.7,53,1
11536,2025-12-30 14:55:25+05:30,3250.3,1,3252.47,1880525,84085.0,108653.0,3250.0,3267.5,3239.8,3251.5,46357850,3576.6,2926.4,4322.95,2866.6,3250.0,13,2,3249.2,47,2,3249.1,120,3,3249.0,1004,10,3248.9,139,6,3250.3,10,2,3250.5,42,3,3250.6,78,2,3250.7,53,1,3250.8,135,5
11536,2025-12-30 14:55:26+05:30,3250.0,18,3252.47,1880525,84085.0,108653.0,3250.0,3267.5,3239.8,3251.5,46357850,3576.6,2926.4,4322.95,2866.6,3250.0,13,2,3249.2,47,2,3249.1,120,3,3249.0,1004,10,3248.9,139,6,3250.3,10,2,3250.5,42,3,3250.6,78,2,3250.7,53,1,3250.8,135,5
11536,2025-12-30 14:55:26+05:30,3250.6,9,3252.47,1880728,83853.0,108634.0,3250.0,3267.5,3239.8,3251.5,46357850,3576.6,2926.4,4322.95,2866.6,3250.0,17,2,3249.2,3,1,3249.1,81,2,3249.0,896,8,3248.9,140,6,3250.6,205,10,3250.7,63,2,3250.8,95,3,3250.9,426,6,3251.0,537,3
11536,2025-12-30 14:55:27+05:30,3250.6,9,3252.47,1880728,83853.0,108634.0,3250.0,3267.5,3239.8,3251.5,46357850,3576.6,2926.4,4322.95,2866.6,3250.0,17,2,3249.2,3,1,3249.1,81,2,3249.0,896,8,3248.9,140,6,3250.6,205,10,3250.7,63,2,3250.8,95,3,3250.9,426,6,3251.0,537,3
11536,2025-12-30 14:55:27+05:30,3250.6,3,3252.47,1880732,84103.0,108625.0,3250.0,3267.5,3239.8,3251.5,46357850,3576.6,2926.4,4322.95,2866.6,3250.0,92,3,3249.2,3,1,3249.1,81,2,3249.0,896,8,3248.9,140,6,3250.6,201,10,3250.7,63,2,3250.8,95,3,3250.9,426,6,3251.0,537,3
11536,2025-12-30 14:55:28+05:30,3250.0,3,3252.47,1880732,84103.0,108625.0,3250.0,3267.5,3239.8,3251.5,46357850,3576.6,2926.4,4322.95,2866.6,3250.0,92,3,3249.2,3,1,3249.1,81,2,3249.0,896,8,3248.9,140,6,3250.6,201,10,3250.7,63,2,3250.8,95,3,3250.9,426,6,3251.0,537,3
11536,2025-12-30 14:55:29+05:30,3250.0,4,3252.46,1880828,84019.0,108921.0,3250.0,3267.5,3239.8,3251.5,46357850,3576.6,2926.4,4322.95,2866.6,3250.0,4,1,3249.1,27,1,3249.0,896,8,3248.9,134,5,3248.8,118,5,3250.5,155,7,3250.6,81,5,3250.7,53,1,3250.8,130,5,3250.9,480,7
11536,2025-12-30 14:55:29+05:30,3250.0,1,3252.46,1880828,84019.0,108921.0,3250.0,3267.5,3239.8,3251.5,46357850,3576.6,2926.4,4322.95,2866.6,3250.0,4,1,3249.1,27,1,3249.0,896,8,3248.9,134,5,3248.8,118,5,3250.5,155,7,3250.6,81,5,3250.7,53,1,3250.8,130,5,3250.9,480,7
11536,2025-12-30 14:55:30+05:30,3250.0,1,3252.46,1880829,83738.0,108985.0,3250.0,3267.5,3239.8,3251.5,46357850,3576.6,2926.4,4322.95,2866.6,3250.0,3,1,3249.6,2,1,3249.1,27,1,3249.0,865,7,3248.9,96,4,3250.5,183,8,3250.6,115,6,3250.7,53,1,3250.8,176,6,3250.9,434,6
11536,2025-12-30 14:55:30+05:30,3250.0,1,3252.46,1880829,83738.0,108985.0,3250.0,3267.5,3239.8,3251.5,46357850,3576.6,2926.4,4322.95,2866.6,3250.0,3,1,3249.6,2,1,3249.1,27,1,3249.0,865,7,3248.9,96,4,3250.5,183,8,3250.6,115,6,3250.7,53,1,3250.8,176,6,3250.9,434,6
11536,2025-12-30 14:55:31+05:30,3250.0,1,3252.46,1880986,83440.0,109518.0,3250.0,3267.5,3239.8,3251.5,46357850,3576.6,2926.4,4322.95,2866.6,3249.0,758,7,3248.9,42,3,3248.8,54,3,3248.7,80,3,3248.6,109,2,3250.0,21,1,3250.1,42,3,3250.2,95,3,3250.3,299,4,3250.4,78,4
11536,2025-12-30 14:55:31+05:30,3250.0,1,3252.46,1880986,83440.0,109518.0,3250.0,3267.5,3239.8,3251.5,46357850,3576.6,2926.4,4322.95,2866.6,3249.0,758,7,3248.9,42,3,3248.8,54,3,3248.7,80,3,3248.6,109,2,3250.0,21,1,3250.1,42,3,3250.2,95,3,3250.3,299,4,3250.4,78,4
11536,2025-12-30 14:55:32+05:30,3250.0,2,3252.46,1880989,83701.0,109332.0,3250.0,3267.5,3239.8,3251.5,46357850,3576.6,2926.4,4322.95,2866.6,3249.0,953,8,3248.9,42,3,3248.8,54,3,3248.7,80,3,3248.6,115,3,3250.0,24,2,3250.1,8,1,3250.2,95,3,3250.3,299,4,3250.4,78,4
11536,2025-12-30 14:55:32+05:30,3250.0,2,3252.46,1880989,83701.0,109332.0,3250.0,3267.5,3239.8,3251.5,46357850,3576.6,2926.4,4322.95,2866.6,3249.0,953,8,3248.9,42,3,3248.8,54,3,3248.7,80,3,3248.6,115,3,3250.0,24,2,3250.1,8,1,3250.2,95,3,3250.3,299,4,3250.4,78,4
11536,2025-12-30 14:55:33+05:30,3249.0,10,3252.46,1882047,82743.0,109269.0,3250.0,3267.5,3239.8,3251.5,46357850,3576.6,2926.4,4322.95,2866.6,3249.0,21,3,3248.9,42,3,3248.8,74,3,3248.7,26,2,3248.6,109,2,3249.9,48,2,3250.0,91,5,3250.1,18,2,3250.2,65,4,3250.3,296,4
11536,2025-12-30 14:55:33+05:30,3249.0,10,3252.46,1882047,82743.0,109269.0,3250.0,3267.5,3239.8,3251.5,46357850,3576.6,2926.4,4322.95,2866.6,3249.0,21,3,3248.9,42,3,3248.8,74,3,3248.7,26,2,3248.6,109,2,3249.9,48,2,3250.0,91,5,3250.1,18,2,3250.2,65,4,3250.3,296,4
11536,2025-12-30 14:55:34+05:30,3250.0,37,3252.46,1882047,82743.0,109269.0,3250.0,3267.5,3239.8,3251.5,46357850,3576.6,2926.4,4322.95,2866.6,3249.0,21,3,3248.9,42,3,3248.8,74,3,3248.7,26,2,3248.6,109,2,3249.9,48,2,3250.0,91,5,3250.1,18,2,3250.2,65,4,3250.3,296,4
11536,2025-12-30 14:55:34+05:30,3250.0,37,3252.46,1882332,82737.0,108876.0,3250.0,3267.5,3239.8,3251.5,46357850,3576.6,2926.4,4322.95,2866.6,3249.9,5,1,3249.0,2,1,3248.9,42,3,3248.8,74,3,3248.7,26,2,3250.0,22,3,3250.1,17,1,3250.2,80,2,3250.3,44,2,3250.4,22,1
11536,2025-12-30 14:55:35+05:30,3250.0,1,3252.46,1882332,82737.0,108876.0,3250.0,3267.5,3239.8,3251.5,46357850,3576.6,2926.4,4322.95,2866.6,3249.9,5,1,3249.0,2,1,3248.9,42,3,3248.8,74,3,3248.7,26,2,3250.0,22,3,3250.1,17,1,3250.2,80,2,3250.3,44,2,3250.4,22,1
11536,2025-12-30 14:55:35+05:30,3250.0,1,3252.46,1882333,82904.0,108853.0,3250.0,3267.5,3239.8,3251.5,46357850,3576.6,2926.4,4322.95,2866.6,3249.9,5,1,3249.0,57,2,3248.9,42,3,3248.8,74,3,3248.7,212,4,3250.0,21,3,3250.2,17,1,3250.3,93,3,3250.4,108,3,3250.5,77,5
11536,2025-12-30 14:55:36+05:30,3250.0,1,3252.46,1882333,82904.0,108853.0,3250.0,3267.5,3239.8,3251.5,46357850,3576.6,2926.4,4322.95,2866.6,3249.9,5,1,3249.0,57,2,3248.9,42,3,3248.8,74,3,3248.7,212,4,3250.0,21,3,3250.2,17,1,3250.3,93,3,3250.4,108,3,3250.5,77,5
11536,2025-12-30 14:55:36+05:30,3250.0,1,3252.46,1882339,82914.0,108761.0,3250.0,3267.5,3239.8,3251.5,46357850,3576.6,2926.4,4322.95,2866.6,3249.9,5,1,3249.5,30,1,3249.0,57,2,3248.9,42,3,3248.8,74,3,3250.0,15,2,3250.1,17,1,3250.2,17,1,3250.3,55,2,3250.4,71,2
11536,2025-12-30 14:55:37+05:30,3250.0,8,3252.46,1882339,82914.0,108761.0,3250.0,3267.5,3239.8,3251.5,46357850,3576.6,2926.4,4322.95,2866.6,3249.9,5,1,3249.5,30,1,3249.0,57,2,3248.9,42,3,3248.8,74,3,3250.0,15,2,3250.1,17,1,3250.2,17,1,3250.3,55,2,3250.4,71,2
11536,2025-12-30 14:55:37+05:30,3249.8,30,3252.46,1882424,82511.0,108935.0,3250.0,3267.5,3239.8,3251.5,46357850,3576.6,2926.4,4322.95,2866.6,3249.8,30,1,3249.0,2,1,3248.9,42,3,3248.8,54,3,3248.7,26,2,3250.0,58,4,3250.1,59,2,3250.2,17,1,3250.3,6,1,3250.4,22,1
11536,2025-12-30 14:55:38+05:30,3249.8,15,3252.46,1882424,82511.0,108935.0,3250.0,3267.5,3239.8,3251.5,46357850,3576.6,2926.4,4322.95,2866.6,3249.8,30,1,3249.0,2,1,3248.9,42,3,3248.8,54,3,3248.7,26,2,3250.0,58,4,3250.1,59,2,3250.2,17,1,3250.3,6,1,3250.4,22,1
11536,2025-12-30 14:55:38+05:30,3249.8,15,3252.46,1882595,82779.0,108961.0,3250.0,3267.5,3239.8,3251.5,46357850,3576.6,2926.4,4322.95,2866.6,3249.8,15,1,3249.0,12,2,3248.9,42,3,3248.8,54,3,3248.7,80,3,3249.9,16,4,3250.1,108,3,3250.2,34,2,3250.3,6,1,3250.4,22,1
11536,2025-12-30 14:55:39+05:30,3250.0,426,3252.46,1882595,82779.0,108961.0,3250.0,3267.5,3239.8,3251.5,46357850,3576.6,2926.4,4322.95,2866.6,3249.8,15,1,3249.0,12,2,3248.9,42,3,3248.8,54,3,3248.7,80,3,3249.9,16,4,3250.1,108,3,3250.2,34,2,3250.3,6,1,3250.4,22,1
11536,2025-12-30 14:55:39+05:30,3250.0,426,3252.46,1883165,82557.0,109296.0,3250.0,3267.5,3239.8,3251.5,46357850,3576.6,2926.4,4322.95,2866.6,3249.9,8,2,3249.8,30,1,3249.0,12,2,3248.9,42,3,3248.8,54,3,3250.1,118,4,3250.2,17,1,3250.3,6,1,3250.4,22,1,3250.5,126,7
11536,2025-12-30 14:55:40+05:30,3250.0,426,3252.46,1883165,83277.0,109417.0,3250.0,3267.5,3239.8,3251.5,46357850,3576.6,2926.4,4322.95,2866.6,3250.0,500,1,3249.9,8,2,3249.8,30,1,3249.0,114,3,3248.9,48,4,3250.4,49,1,3250.5,37,2,3250.6,57,4,3250.7,250,3,3250.8,205,7
11536,2025-12-30 14:55:41+05:30,3250.0,426,3252.46,1883165,83266.0,108624.0,3250.0,3267.5,3239.8,3251.5,46357850,3576.6,2926.4,4322.95,2866.6,3250.0,1034,4,3249.9,4,1,3249.4,30,1,3249.2,81,3,3249.1,3,1,3250.6,10,1,3250.7,51,1,3250.8,92,3,3250.9,386,6,3251.0,584,4
11536,2025-12-30 14:55:42+05:30,3250.0,155,3252.46,1883165,83266.0,108624.0,3250.0,3267.5,3239.8,3251.5,46357850,3576.6,2926.4,4322.95,2866.6,3250.0,1034,4,3249.9,4,1,3249.4,30,1,3249.2,81,3,3249.1,3,1,3250.6,10,1,3250.7,51,1,3250.8,92,3,3250.9,386,6,3251.0,584,4
11536,2025-12-30 14:55:42+05:30,3250.6,3,3252.46,1883323,81919.0,109061.0,3250.0,3267.5,3239.8,3251.5,46357850,3576.6,2926.4,4322.95,2866.6,3250.0,1087,6,3249.9,4,1,3249.4,30,1,3249.2,81,3,3249.1,8,2,3250.6,76,4,3250.7,99,2,3250.8,91,3,3250.9,386,6,3251.0,555,4
11536,2025-12-30 14:55:43+05:30,3250.0,5,3252.46,1883323,81919.0,109061.0,3250.0,3267.5,3239.8,3251.5,46357850,3576.6,2926.4,4322.95,2866.6,3250.0,1087,6,3249.9,4,1,3249.4,30,1,3249.2,81,3,3249.1,8,2,3250.6,76,4,3250.7,99,2,3250.8,91,3,3250.9,386,6,3251.0,555,4
11536,2025-12-30 14:55:44+05:30,3250.0,5,3252.46,1883329,82927.0,108639.0,3250.0,3267.5,3239.8,3251.5,46357850,3576.6,2926.4,4322.95,2866.6,3250.0,1583,8,3249.9,4,1,3249.2,6,1,3249.1,3,1,3249.0,193,6,3250.6,76,4,3250.7,99,2,3250.8,91,3,3250.9,400,7,3251.0,555,4
11536,2025-12-30 14:55:45+05:30,3250.6,1,3252.46,1883330,85295.0,108638.0,3250.0,3267.5,3239.8,3251.5,46357850,3576.6,2926.4,4322.95,2866.6,3250.0,2083,9,3249.9,4,1,3249.3,60,2,3249.2,3,1,3249.0,193,6,3250.6,75,4,3250.7,99,2,3250.8,91,3,3250.9,400,7,3251.0,555,4
11536,2025-12-30 14:55:45+05:30,3250.6,1,3252.46,1883330,85295.0,108638.0,3250.0,3267.5,3239.8,3251.5,46357850,3576.6,2926.4,4322.95,2866.6,3250.0,2083,9,3249.9,4,1,3249.3,60,2,3249.2,3,1,3249.0,193,6,3250.6,75,4,3250.7,99,2,3250.8,91,3,3250.9,400,7,3251.0,555,4
11536,2025-12-30 14:55:46+05:30,3250.6,1,3252.46,1883336,85293.0,108451.0,3250.0,3267.5,3239.8,3251.5,46357850,3576.6,2926.4,4322.95,2866.6,3250.0,2078,9,3249.9,4,1,3249.3,60,2,3249.2,6,2,3249.0,193,6,3250.6,63,3,3250.7,99,2,3250.8,91,3,3250.9,400,7,3251.0,555,4
11536,2025-12-30 14:55:46+05:30,3250.0,156,3252.46,1883336,85293.0,108451.0,3250.0,3267.5,3239.8,3251.5,46357850,3576.6,2926.4,4322.95,2866.6,3250.0,2078,9,3249.9,4,1,3249.3,60,2,3249.2,6,2,3249.0,193,6,3250.6,63,3,3250.7,99,2,3250.8,91,3,3250.9,400,7,3251.0,555,4
11536,2025-12-30 14:55:47+05:30,3250.6,14,3252.46,1883530,85279.0,108105.0,3250.0,3267.5,3239.8,3251.5,46357850,3576.6,2926.4,4322.95,2866.6,3250.6,4,1,3250.0,1922,9,3249.3,60,2,3249.2,44,4,3249.1,200,2,3250.8,34,2,3250.9,377,5,3251.0,555,4,3251.1,103,3,3251.2,52,4
11536,2025-12-30 14:55:47+05:30,3250.6,14,3252.46,1883530,85279.0,108105.0,3250.0,3267.5,3239.8,3251.5,46357850,3576.6,2926.4,4322.95,2866.6,3250.6,4,1,3250.0,1922,9,3249.3,60,2,3249.2,44,4,3249.1,200,2,3250.8,34,2,3250.9,377,5,3251.0,555,4,3251.1,103,3,3251.2,52,4
11536,2025-12-30 14:55:48+05:30,3250.8,1,3252.46,1883530,85279.0,108105.0,3250.0,3267.5,3239.8,3251.5,46357850,3576.6,2926.4,4322.95,2866.6,3250.6,4,1,3250.0,1922,9,3249.3,60,2,3249.2,44,4,3249.1,200,2,3250.8,34,2,3250.9,377,5,3251.0,555,4,3251.1,103,3,3251.2,52,4
11536,2025-12-30 14:55:48+05:30,3250.8,1,3252.46,1884590,83866.0,108675.0,3250.0,3267.5,3239.8,3251.5,46357850,3576.6,2926.4,4322.95,2866.6,3250.6,1,1,3250.0,879,5,3249.4,5,1,3249.3,54,1,3249.2,54,4,3250.8,90,4,3250.9,425,6,3251.0,555,4,3251.1,56,2,3251.2,93,5
11536,2025-12-30 14:55:49+05:30,3250.6,34,3252.46,1884640,83888.0,108631.0,3250.0,3267.5,3239.8,3251.5,46357850,3576.6,2926.4,4322.95,2866.6,3250.0,879,5,3249.2,53,4,3249.1,6,1,3249.0,168,4,3248.9,90,6,3250.6,1,1,3250.7,57,2,3250.8,70,2,3250.9,368,5,3251.0,539,4
11536,2025-12-30 14:55:49+05:30,3250.6,34,3252.46,1884640,83888.0,108631.0,3250.0,3267.5,3239.8,3251.5,46357850,3576.6,2926.4,4322.95,2866.6,3250.0,879,5,3249.2,53,4,3249.1,6,1,3249.0,168,4,3248.9,90,6,3250.6,1,1,3250.7,57,2,3250.8,70,2,3250.9,368,5,3251.0,539,4
11536,2025-12-30 14:55:50+05:30,3250.0,155,3252.46,1884640,83888.0,108631.0,3250.0,3267.5,3239.8,3251.5,46357850,3576.6,2926.4,4322.95,2866.6,3250.0,879,5,3249.2,53,4,3249.1,6,1,3249.0,168,4,3248.9,90,6,3250.6,1,1,3250.7,57,2,3250.8,70,2,3250.9,368,5,3251.0,539,4
11536,2025-12-30 14:55:50+05:30,3250.0,155,3252.46,1884805,83790.0,108749.0,3250.0,3267.5,3239.8,3251.5,46357850,3576.6,2926.4,4322.95,2866.6,3250.0,715,5,3249.2,102,4,3249.1,6,2,3249.0,174,5,3248.9,90,6,3250.6,93,6,3250.8,87,3,3250.9,368,5,3251.0,557,5,3251.1,155,4
11536,2025-12-30 14:55:51+05:30,3250.6,3,3252.46,1884808,83790.0,108746.0,3250.0,3267.5,3239.8,3251.5,46357850,3576.6,2926.4,4322.95,2866.6,3250.0,715,5,3249.2,102,4,3249.1,6,2,3249.0,174,5,3248.9,90,6,3250.6,90,6,3250.8,87,3,3250.9,368,5,3251.0,557,5,3251.1,155,4
11536,2025-12-30 14:55:52+05:30,3250.6,12,3252.46,1884808,83790.0,108746.0,3250.0,3267.5,3239.8,3251.5,46357850,3576.6,2926.4,4322.95,2866.6,3250.0,715,5,3249.2,102,4,3249.1,6,2,3249.0,174,5,3248.9,90,6,3250.6,90,6,3250.8,87,3,3250.9,368,5,3251.0,557,5,3251.1,155,4
11536,2025-12-30 14:55:52+05:30,3250.6,12,3252.46,1884990,83890.0,108477.0,3250.0,3267.5,3239.8,3251.5,46357850,3576.6,2926.4,4322.95,2866.6,3250.0,715,5,3249.7,30,1,3249.6,33,1,3249.2,108,5,3249.1,6,2,3250.6,14,3,3250.8,87,3,3250.9,368,5,3251.0,555,4,3251.1,18,1
11536,2025-12-30 14:55:53+05:30,3250.6,12,3252.46,1884990,84097.0,108527.0,3250.0,3267.5,3239.8,3251.5,46357850,3576.6,2926.4,4322.95,2866.6,3250.0,772,6,3249.4,84,2,3249.2,143,6,3249.1,41,3,3249.0,176,5,3250.6,29,5,3250.7,45,1,3250.8,87,3,3250.9,328,4,3251.0,555,4
11536,2025-12-30 14:55:54+05:30,3250.0,156,3252.46,1884990,84097.0,108527.0,3250.0,3267.5,3239.8,3251.5,46357850,3576.6,2926.4,4322.95,2866.6,3250.0,772,6,3249.4,84,2,3249.2,143,6,3249.1,41,3,3249.0,176,5,3250.6,29,5,3250.7,45,1,3250.8,87,3,3250.9,328,4,3251.0,555,4
11536,2025-12-30 14:55:54+05:30,3250.0,156,3252.46,1885146,83945.0,108527.0,3250.0,3267.5,3239.8,3251.5,46357850,3576.6,2926.4,4322.95,2866.6,3250.0,620,7,3249.4,84,2,3249.2,137,5,3249.1,47,4,3249.0,176,5,3250.6,29,5,3250.8,87,3,3250.9,328,4,3251.0,600,5,3251.1,64,2
11536,2025-12-30 14:55:55+05:30,3250.6,1,3252.46,1885146,83945.0,108527.0,3250.0,3267.5,3239.8,3251.5,46357850,3576.6,2926.4,4322.95,2866.6,3250.0,620,7,3249.4,84,2,3249.2,137,5,3249.1,47,4,3249.0,176,5,3250.6,29,5,3250.8,87,3,3250.9,328,4,3251.0,600,5,3251.1,64,2
11536,2025-12-30 14:55:55+05:30,3250.6,1,3252.46,1885147,83901.0,108495.0,3250.0,3267.5,3239.8,3251.5,46357850,3576.6,2926.4,4322.95,2866.6,3250.0,620,7,3249.4,84,2,3249.2,137,5,3249.1,47,4,3249.0,176,5,3250.6,41,5,3250.8,87,3,3250.9,328,4,3251.0,600,5,3251.1,64,2
11536,2025-12-30 14:55:56+05:30,3250.6,1,3252.46,1885147,83896.0,108494.0,3250.0,3267.5,3239.8,3251.5,46357850,3576.6,2926.4,4322.95,2866.6,3250.0,620,7,3249.4,30,1,3249.2,137,5,3249.1,42,3,3249.0,176,5,3250.6,25,3,3250.7,108,4,3250.8,39,2,3250.9,328,4,3251.0,555,4
11536,2025-12-30 14:55:57+05:30,3250.6,9,3252.46,1885147,83896.0,108494.0,3250.0,3267.5,3239.8,3251.5,46357850,3576.6,2926.4,4322.95,2866.6,3250.0,620,7,3249.4,30,1,3249.2,137,5,3249.1,42,3,3249.0,176,5,3250.6,25,3,3250.7,108,4,3250.8,39,2,3250.9,328,4,3251.0,555,4
11536,2025-12-30 14:55:57+05:30,3250.6,9,3252.46,1885156,83939.0,108523.0,3250.0,3267.5,3239.8,3251.5,46357850,3576.6,2926.4,4322.95,2866.6,3250.0,620,7,3249.4,84,2,3249.2,137,5,3249.1,47,4,3249.0,176,5,3250.6,9,2,3250.7,108,4,3250.8,22,1,3250.9,328,4,3251.0,555,4
11536,2025-12-30 14:55:58+05:30,3250.6,1,3252.46,1885156,83939.0,108523.0,3250.0,3267.5,3239.8,3251.5,46357850,3576.6,2926.4,4322.95,2866.6,3250.0,620,7,3249.4,84,2,3249.2,137,5,3249.1,47,4,3249.0,176,5,3250.6,9,2,3250.7,108,4,3250.8,22,1,3250.9,328,4,3251.0,555,4
11536,2025-12-30 14:55:58+05:30,3250.6,1,3252.46,1885328,83770.0,108466.0,3250.0,3267.5,3239.8,3251.5,46357850,3576.6,2926.4,4322.95,2866.6,3250.0,463,6,3249.4,84,2,3249.2,137,5,3249.1,42,3,3249.0,176,5,3250.6,11,2,3250.7,80,4,3250.8,22,1,3250.9,328,4,3251.0,555,4
11536,2025-12-30 14:55:59+05:30,3250.0,40,3252.46,1885328,83770.0,108466.0,3250.0,3267.5,3239.8,3251.5,46357850,3576.6,2926.4,4322.95,2866.6,3250.0,463,6,3249.4,84,2,3249.2,137,5,3249.1,42,3,3249.0,176,5,3250.6,11,2,3250.7,80,4,3250.8,22,1,3250.9,328,4,3251.0,555,4
11536,2025-12-30 14:55:59+05:30,3250.6,1,3252.46,1885369,83729.0,108457.0,3250.0,3267.5,3239.8,3251.5,46357850,3576.6,2926.4,4322.95,2866.6,3250.0,427,7,3249.4,84,2,3249.2,137,5,3249.1,42,3,3249.0,176,5,3250.6,67,4,3250.7,33,3,3250.8,22,1,3250.9,328,4,3251.0,557,5
11536,2025-12-30 14:56:00+05:30,3250.6,1,3252.46,1885369,83729.0,108457.0,3250.0,3267.5,3239.8,3251.5,46357850,3576.6,2926.4,4322.95,2866.6,3250.0,427,7,3249.4,84,2,3249.2,137,5,3249.1,42,3,3249.0,176,5,3250.6,67,4,3250.7,33,3,3250.8,22,1,3250.9,328,4,3251.0,557,5
11536,2025-12-30 14:56:00+05:30,3250.6,1,3252.46,1885369,83730.0,108457.0,3250.0,3267.5,3239.8,3251.5,46357850,3576.6,2926.4,4322.95,2866.6,3250.0,427,7,3249.4,84,2,3249.2,137,5,3249.1,42,3,3249.0,176,5,3250.6,67,4,3250.7,33,3,3250.8,22,1,3250.9,328,4,3251.0,557,5
11536,2025-12-30 14:56:01+05:30,3250.6,2,3252.46,1885369,83730.0,108457.0,3250.0,3267.5,3239.8,3251.5,46357850,3576.6,2926.4,4322.95,2866.6,3250.0,427,7,3249.4,84,2,3249.2,137,5,3249.1,42,3,3249.0,176,5,3250.6,67,4,3250.7,33,3,3250.8,22,1,3250.9,328,4,3251.0,557,5
11536,2025-12-30 14:56:01+05:30,3250.6,2,3252.46,1885372,83700.0,108459.0,3250.0,3267.5,3239.8,3251.5,46357850,3576.6,2926.4,4322.95,2866.6,3250.0,427,7,3249.2,48,3,3249.1,36,2,3249.0,176,5,3248.9,141,8,3250.2,123,1,3250.5,323,6,3250.6,34,2,3250.7,16,2,3250.8,56,3
11536,2025-12-30 14:56:02+05:30,3249.0,3,3252.46,1885372,83700.0,108459.0,3250.0,3267.5,3239.8,3251.5,46357850,3576.6,2926.4,4322.95,2866.6,3250.0,427,7,3249.2,48,3,3249.1,36,2,3249.0,176,5,3248.9,141,8,3250.2,123,1,3250.5,323,6,3250.6,34,2,3250.7,16,2,3250.8,56,3
11536,2025-12-30 14:56:02+05:30,3248.9,34,3252.46,1886689,81084.0,108828.0,3250.0,3267.5,3239.8,3251.5,46357850,3576.6,2926.4,4322.95,2866.6,3248.8,37,2,3248.7,26,2,3248.6,109,2,3248.5,101,3,3248.4,96,4,3248.9,106,1,3249.6,38,3,3249.8,20,1,3250.0,22,1,3250.1,156,4
11536,2025-12-30 14:56:03+05:30,3248.9,34,3252.46,1886689,81084.0,108828.0,3250.0,3267.5,3239.8,3251.5,46357850,3576.6,2926.4,4322.95,2866.6,3248.8,37,2,3248.7,26,2,3248.6,109,2,3248.5,101,3,3248.4,96,4,3248.9,106,1,3249.6,38,3,3249.8,20,1,3250.0,22,1,3250.1,156,4
11536,2025-12-30 14:56:04+05:30,3250.5,19,3252.45,1888313,84871.0,106972.0,3250.0,3267.5,3239.8,3251.5,46357850,3576.6,2926.4,4322.95,2866.6,3248.8,75,5,3248.7,120,5,3248.6,159,3,3248.5,148,5,3248.4,140,7,3249.2,123,1,3250.4,29,2,3250.5,121,3,3250.6,77,3,3250.7,249,4
11536,2025-12-30 14:56:04+05:30,3249.2,47,3252.45,1888313,84871.0,106972.0,3250.0,3267.5,3239.8,3251.5,46357850,3576.6,2926.4,4322.95,2866.6,3248.8,75,5,3248.7,120,5,3248.6,159,3,3248.5,148,5,3248.4,140,7,3249.2,123,1,3250.4,29,2,3250.5,121,3,3250.6,77,3,3250.7,249,4
11536,2025-12-30 14:56:05+05:30,3248.9,1,3252.45,1888414,85439.0,107511.0,3250.0,3267.5,3239.8,3251.5,46357850,3576.6,2926.4,4322.95,2866.6,3248.8,132,7,3248.7,164,6,3248.6,139,3,3248.5,102,4,3248.4,210,8,3248.9,99,1,3249.8,21,1,3250.0,22,1,3250.2,20,1,3250.4,89,4
11536,2025-12-30 14:56:05+05:30,3248.9,9,3252.45,1888414,85439.0,107511.0,3250.0,3267.5,3239.8,3251.5,46357850,3576.6,2926.4,4322.95,2866.6,3248.8,132,7,3248.7,164,6,3248.6,139,3,3248.5,102,4,3248.4,210,8,3248.9,99,1,3249.8,21,1,3250.0,22,1,3250.2,20,1,3250.4,89,4
11536,2025-12-30 14:56:06+05:30,3248.9,9,3252.45,1888423,85454.0,107511.0,3250.0,3267.5,3239.8,3251.5,46357850,3576.6,2926.4,4322.95,2866.6,3248.8,107,6,3248.7,195,7,3248.6,149,4,3248.5,179,6,3248.4,164,7,3248.9,90,1,3249.8,21,1,3250.0,22,1,3250.2,20,1,3250.4,84,3
11536,2025-12-30 14:56:06+05:30,3248.8,11,3252.45,1888423,85454.0,107511.0,3250.0,3267.5,3239.8,3251.5,46357850,3576.6,2926.4,4322.95,2866.6,3248.8,107,6,3248.7,195,7,3248.6,149,4,3248.5,179,6,3248.4,164,7,3248.9,90,1,3249.8,21,1,3250.0,22,1,3250.2,20,1,3250.4,84,3
11536,2025-12-30 14:56:07+05:30,3248.8,9,3252.45,1888595,85332.0,107878.0,3250.0,3267.5,3239.8,3251.5,46357850,3576.6,2926.4,4322.95,2866.6,3248.8,89,4,3248.7,84,5,3248.6,139,3,3248.5,147,6,3248.4,210,8,3248.9,82,1,3249.8,21,1,3250.0,22,1,3250.2,20,1,3250.4,84,3
11536,2025-12-30 14:56:07+05:30,3248.9,82,3252.45,1888595,85332.0,107878.0,3250.0,3267.5,3239.8,3251.5,46357850,3576.6,2926.4,4322.95,2866.6,3248.8,89,4,3248.7,84,5,3248.6,139,3,3248.5,147,6,3248.4,210,8,3248.9,82,1,3249.8,21,1,3250.0,22,1,3250.2,20,1,3250.4,84,3
11536,2025-12-30 14:56:08+05:30,3248.8,9,3252.45,1888805,85338.0,107654.0,3250.0,3267.5,3239.8,3251.5,46357850,3576.6,2926.4,4322.95,2866.6,3248.8,193,6,3248.7,97,6,3248.6,170,4,3248.5,148,5,3248.4,164,7,3248.9,26,1,3249.8,22,1,3250.0,22,1,3250.2,20,1,3250.3,61,1
11536,2025-12-30 14:56:08+05:30,3248.8,9,3252.45,1888805,85338.0,107654.0,3250.0,3267.5,3239.8,3251.5,46357850,3576.6,2926.4,4322.95,2866.6,3248.8,193,6,3248.7,97,6,3248.6,170,4,3248.5,148,5,3248.4,164,7,3248.9,26,1,3249.8,22,1,3250.0,22,1,3250.2,20,1,3250.3,61,1
11536,2025-12-30 14:56:09+05:30,3248.9,1,3252.45,1888845,85299.0,107653.0,3250.0,3267.5,3239.8,3251.5,46357850,3576.6,2926.4,4322.95,2866.6,3248.8,154,6,3248.7,97,6,3248.6,170,4,3248.5,148,5,3248.4,164,7,3248.9,25,1,3249.8,22,1,3250.0,22,1,3250.2,20,1,3250.3,61,1
11536,2025-12-30 14:56:09+05:30,3248.9,12,3252.45,1888845,85299.0,107653.0,3250.0,3267.5,3239.8,3251.5,46357850,3576.6,2926.4,4322.95,2866.6,3248.8,154,6,3248.7,97,6,3248.6,170,4,3248.5,148,5,3248.4,164,7,3248.9,25,1,3249.8,22,1,3250.0,22,1,3250.2,20,1,3250.3,61,1
11536,2025-12-30 14:56:10+05:30,3249.0,30,3252.45,1889111,85882.0,107579.0,3250.0,3267.5,3239.8,3251.5,46357850,3576.6,2926.4,4322.95,2866.6,3248.9,134,7,3248.8,156,6,3248.7,137,6,3248.6,210,6,3248.5,197,7,3249.3,7,1,3250.4,48,2,3250.6,69,3,3250.8,219,7,3250.9,395,5
11536,2025-12-30 14:56:10+05:30,3248.9,19,3252.45,1889111,85882.0,107579.0,3250.0,3267.5,3239.8,3251.5,46357850,3576.6,2926.4,4322.95,2866.6,3248.9,134,7,3248.8,156,6,3248.7,137,6,3248.6,210,6,3248.5,197,7,3249.3,7,1,3250.4,48,2,3250.6,69,3,3250.8,219,7,3250.9,395,5
11536,2025-12-30 14:56:11+05:30,3248.9,19,3252.45,1889267,85433.0,107843.0,3250.0,3267.5,3239.8,3251.5,46357850,3576.6,2926.4,4322.95,2866.6,3249.1,6,1,3248.9,129,5,3248.8,95,5,3248.7,91,5,3248.6,231,6,3249.2,7,1,3250.2,21,1,3250.4,69,3,3250.5,61,1,3250.6,97,4
11536,2025-12-30 14:56:12+05:30,3249.1,1,3252.45,1889271,85781.0,107731.0,3250.0,3267.5,3239.8,3251.5,46357850,3576.6,2926.4,4322.95,2866.6,3249.1,111,3,3248.9,141,5,3248.8,126,6,3248.7,210,8,3248.6,216,6,3249.2,4,1,3250.2,21,1,3250.4,69,3,3250.6,97,4,3250.8,248,7
11536,2025-12-30 14:56:12+05:30,3249.2,1,3252.45,1889271,85781.0,107731.0,3250.0,3267.5,3239.8,3251.5,46357850,3576.6,2926.4,4322.95,2866.6,3249.1,111,3,3248.9,141,5,3248.8,126,6,3248.7,210,8,3248.6,216,6,3249.2,4,1,3250.2,21,1,3250.4,69,3,3250.6,97,4,3250.8,248,7
11536,2025-12-30 14:56:13+05:30,3249.2,1,3252.45,1889276,85862.0,107952.0,3250.0,3267.5,3239.8,3251.5,46357850,3576.6,2926.4,4322.95,2866.6,3249.1,93,3,3249.0,191,3,3248.9,144,6,3248.8,198,7,3248.7,91,5,3250.4,145,5,3250.6,31,2,3250.7,19,1,3250.8,79,4,3250.9,508,9
11536,2025-12-30 14:56:13+05:30,3249.2,1,3252.45,1889276,85862.0,107952.0,3250.0,3267.5,3239.8,3251.5,46357850,3576.6,2926.4,4322.95,2866.6,3249.1,93,3,3249.0,191,3,3248.9,144,6,3248.8,198,7,3248.7,91,5,3250.4,145,5,3250.6,31,2,3250.7,19,1,3250.8,79,4,3250.9,508,9
11536,2025-12-30 14:56:14+05:30,3249.1,17,3252.45,1889431,85901.0,108108.0,3250.0,3267.5,3239.8,3251.5,46357850,3576.6,2926.4,4322.95,2866.6,3249.2,14,1,3249.1,103,4,3249.0,181,2,3248.9,221,8,3248.8,137,6,3250.4,124,5,3250.6,21,1,3250.7,19,1,3250.8,79,4,3250.9,398,6
11536,2025-12-30 14:56:14+05:30,3249.1,17,3252.45,1889431,85901.0,108108.0,3250.0,3267.5,3239.8,3251.5,46357850,3576.6,2926.4,4322.95,2866.6,3249.2,14,1,3249.1,103,4,3249.0,181,2,3248.9,221,8,3248.8,137,6,3250.4,124,5,3250.6,21,1,3250.7,19,1,3250.8,79,4,3250.9,398,6
11536,2025-12-30 14:56:15+05:30,3250.4,2,3252.45,1889435,85800.0,108047.0,3250.0,3267.5,3239.8,3251.5,46357850,3576.6,2926.4,4322.95,2866.6,3250.0,25,1,3249.3,46,2,3249.2,109,3,3249.1,139,4,3249.0,340,6,3250.4,12,1,3250.7,43,1,3250.8,65,3,3250.9,374,4,3251.0,537,3
11536,2025-12-30 14:56:15+05:30,3250.4,2,3252.45,1889435,85800.0,108047.0,3250.0,3267.5,3239.8,3251.5,46357850,3576.6,2926.4,4322.95,2866.6,3250.0,25,1,3249.3,46,2,3249.2,109,3,3249.1,139,4,3249.0,340,6,3250.4,12,1,3250.7,43,1,3250.8,65,3,3250.9,374,4,3251.0,537,3
11536,2025-12-30 14:56:16+05:30,3250.4,1,3252.45,1889436,86074.0,108151.0,3250.0,3267.5,3239.8,3251.5,46357850,3576.6,2926.4,4322.95,2866.6,3250.0,25,1,3249.3,87,3,3249.2,109,3,3249.1,139,4,3249.0,386,8,3250.4,11,1,3250.5,31,3,3250.7,43,1,3250.8,16,1,3250.9,328,3
11536,2025-12-30 14:56:16+05:30,3250.4,1,3252.45,1889436,86074.0,108151.0,3250.0,3267.5,3239.8,3251.5,46357850,3576.6,2926.4,4322.95,2866.6,3250.0,25,1,3249.3,87,3,3249.2,109,3,3249.1,139,4,3249.0,386,8,3250.4,11,1,3250.5,31,3,3250.7,43,1,3250.8,16,1,3250.9,328,3
11536,2025-12-30 14:56:17+05:30,3250.4,16,3252.45,1889502,85682.0,108196.0,3250.0,3267.5,3239.8,3251.5,46357850,3576.6,2926.4,4322.95,2866.6,3250.4,5,2,3250.0,98,3,3249.5,3,1,3249.4,54,1,3249.3,42,2,3250.5,52,3,3250.6,32,2,3250.8,82,3,3250.9,362,5,3251.0,577,4
11536,2025-12-30 14:56:17+05:30,3250.4,16,3252.45,1889502,85682.0,108196.0,3250.0,3267.5,3239.8,3251.5,46357850,3576.6,2926.4,4322.95,2866.6,3250.4,5,2,3250.0,98,3,3249.5,3,1,3249.4,54,1,3249.3,42,2,3250.5,52,3,3250.6,32,2,3250.8,82,3,3250.9,362,5,3251.0,577,4
11536,2025-12-30 14:56:18+05:30,3248.9,11,3252.45,1890610,85380.0,107949.0,3250.0,3267.5,3239.8,3251.5,46357850,3576.6,2926.4,4322.95,2866.6,3248.9,40,2,3248.8,105,4,3248.7,140,5,3248.6,139,3,3248.5,178,6,3249.3,106,1,3250.2,21,1,3250.4,21,1,3250.5,8,2,3250.6,80,3
11536,2025-12-30 14:56:18+05:30,3248.9,11,3252.45,1890610,85380.0,107949.0,3250.0,3267.5,3239.8,3251.5,46357850,3576.6,2926.4,4322.95,2866.6,3248.9,40,2,3248.8,105,4,3248.7,140,5,3248.6,139,3,3248.5,178,6,3249.3,106,1,3250.2,21,1,3250.4,21,1,3250.5,8,2,3250.6,80,3
11536,2025-12-30 14:56:19+05:30,3249.3,17,3252.45,1890666,85231.0,108097.0,3250.0,3267.5,3239.8,3251.5,46357850,3576.6,2926.4,4322.95,2866.6,3248.9,98,4,3248.8,105,4,3248.7,141,6,3248.6,139,3,3248.5,178,6,3249.3,89,1,3250.2,21,1,3250.4,21,1,3250.5,8,2,3250.6,122,4
11536,2025-12-30 14:56:19+05:30,3249.3,17,3252.45,1890666,85231.0,108097.0,3250.0,3267.5,3239.8,3251.5,46357850,3576.6,2926.4,4322.95,2866.6,3248.9,98,4,3248.8,105,4,3248.7,141,6,3248.6,139,3,3248.5,178,6,3249.3,89,1,3250.2,21,1,3250.4,21,1,3250.5,8,2,3250.6,122,4
11536,2025-12-30 14:56:20+05:30,3248.9,1,3252.45,1890717,85281.0,108388.0,3250.0,3267.5,3239.8,3251.5,46357850,3576.6,2926.4,4322.95,2866.6,3248.9,87,4,3248.8,121,5,3248.7,121,5,3248.6,196,5,3248.5,158,6,3249.3,39,1,3249.4,8,2,3250.2,21,1,3250.4,21,1,3250.6,162,5
11536,2025-12-30 14:56:20+05:30,3248.9,1,3252.45,1890717,85281.0,108388.0,3250.0,3267.5,3239.8,3251.5,46357850,3576.6,2926.4,4322.95,2866.6,3248.9,87,4,3248.8,121,5,3248.7,121,5,3248.6,196,5,3248.5,158,6,3249.3,39,1,3249.4,8,2,3250.2,21,1,3250.4,21,1,3250.6,162,5
11536,2025-12-30 14:56:21+05:30,3249.4,5,3252.45,1890775,85434.0,108246.0,3250.0,3267.5,3239.8,3251.5,46357850,3576.6,2926.4,4322.95,2866.6,3249.0,91,4,3248.9,40,2,3248.8,125,5,3248.7,242,7,3248.6,150,4,3249.4,10,2,3250.2,21,1,3250.4,21,1,3250.6,122,4,3250.7,207,2
11536,2025-12-30 14:56:21+05:30,3249.4,5,3252.45,1890775,85434.0,108246.0,3250.0,3267.5,3239.8,3251.5,46357850,3576.6,2926.4,4322.95,2866.6,3249.0,91,4,3248.9,40,2,3248.8,125,5,3248.7,242,7,3248.6,150,4,3249.4,10,2,3250.2,21,1,3250.4,21,1,3250.6,122,4,3250.7,207,2
11536,2025-12-30 14:56:22+05:30,3249.0,61,3252.45,1891112,85488.0,108121.0,3250.0,3267.5,3239.8,3251.5,46357850,3576.6,2926.4,4322.95,2866.6,3249.0,26,2,3248.9,40,2,3248.8,105,4,3248.7,124,6,3248.6,209,6,3250.3,87,2,3250.4,42,3,3250.6,180,5,3250.7,40,1,3250.8,240,4
11536,2025-12-30 14:56:22+05:30,3249.0,61,3252.45,1891112,85488.0,108121.0,3250.0,3267.5,3239.8,3251.5,46357850,3576.6,2926.4,4322.95,2866.6,3249.0,26,2,3248.9,40,2,3248.8,105,4,3248.7,124,6,3248.6,209,6,3250.3,87,2,3250.4,42,3,3250.6,180,5,3250.7,40,1,3250.8,240,4
11536,2025-12-30 14:56:23+05:30,3250.3,16,3252.45,1891128,85945.0,108080.0,3250.0,3267.5,3239.8,3251.5,46357850,3576.6,2926.4,4322.95,2866.6,3249.3,1,1,3249.1,47,2,3249.0,16,1,3248.9,90,3,3248.8,212,6,3250.4,21,1,3250.6,164,5,3250.7,42,1,3250.8,294,5,3250.9,360,5
11536,2025-12-30 14:56:23+05:30,3250.3,16,3252.45,1891128,85945.0,108080.0,3250.0,3267.5,3239.8,3251.5,46357850,3576.6,2926.4,4322.95,2866.6,3249.3,1,1,3249.1,47,2,3249.0,16,1,3248.9,90,3,3248.8,212,6,3250.4,21,1,3250.6,164,5,3250.7,42,1,3250.8,294,5,3250.9,360,5
11536,2025-12-30 14:56:24+05:30,3250.4,1,3252.45,1891129,85751.0,108108.0,3250.0,3267.5,3239.8,3251.5,46357850,3576.6,2926.4,4322.95,2866.6,3250.3,1,1,3250.0,4,1,3249.3,1,1,3249.1,1,1,3249.0,101,5,3250.4,30,2,3250.5,42,1,3250.6,146,5,3250.7,74,2,3250.8,89,3
11536,2025-12-30 14:56:24+05:30,3250.4,1,3252.45,1891129,85751.0,108108.0,3250.0,3267.5,3239.8,3251.5,46357850,3576.6,2926.4,4322.95,2866.6,3250.3,1,1,3250.0,4,1,3249.3,1,1,3249.1,1,1,3249.0,101,5,3250.4,30,2,3250.5,42,1,3250.6,146,5,3250.7,74,2,3250.8,89,3
11536,2025-12-30 14:56:25+05:30,3250.5,1,3252.45,1891184,85677.0,107949.0,3250.0,3267.5,3239.8,3251.5,46357850,3576.6,2926.4,4322.95,2866.6,3250.0,37,2,3249.3,6,2,3249.2,21,1,3249.1,87,2,3249.0,138,5,3250.5,5,1,3250.6,39,2,3250.7,45,1,3250.8,57,2,3250.9,371,5
11536,2025-12-30 14:56:25+05:30,3250.5,1,3252.45,1891184,85677.0,107949.0,3250.0,3267.5,3239.8,3251.5,46357850,3576.6,2926.4,4322.95,2866.6,3250.0,37,2,3249.3,6,2,3249.2,21,1,3249.1,87,2,3249.0,138,5,3250.5,5,1,3250.6,39,2,3250.7,45,1,3250.8,57,2,3250.9,371,5
11536,2025-12-30 14:56:26+05:30,3250.0,3,3252.45,1891340,85677.0,107999.0,3250.0,3267.5,3239.8,3251.5,46357850,3576.6,2926.4,4322.95,2866.6,3250.0,34,2,3249.3,1,1,3249.2,21,1,3249.1,87,2,3249.0,138,5,3250.5,22,2,3250.6,55,3,3250.7,45,1,3250.8,57,2,3250.9,371,5
11536,2025-12-30 14:56:26+05:30,3250.0,3,3252.45,1891340,85677.0,107999.0,3250.0,3267.5,3239.8,3251.5,46357850,3576.6,2926.4,4322.95,2866.6,3250.0,34,2,3249.3,1,1,3249.2,21,1,3249.1,87,2,3249.0,138,5,3250.5,22,2,3250.6,55,3,3250.7,45,1,3250.8,57,2,3250.9,371,5
11536,2025-12-30 14:56:27+05:30,3250.5,4,3252.45,1891349,85798.0,108056.0,3250.0,3267.5,3239.8,3251.5,46357850,3576.6,2926.4,4322.95,2866.6,3250.0,87,3,3249.9,30,1,3249.3,1,1,3249.2,21,1,3249.1,87,2,3250.5,79,4,3250.6,39,2,3250.7,45,1,3250.8,73,3,3250.9,371,5
11536,2025-12-30 14:56:27+05:30,3250.5,4,3252.45,1891349,85798.0,108056.0,3250.0,3267.5,3239.8,3251.5,46357850,3576.6,2926.4,4322.95,2866.6,3250.0,87,3,3249.9,30,1,3249.3,1,1,3249.2,21,1,3249.1,87,2,3250.5,79,4,3250.6,39,2,3250.7,45,1,3250.8,73,3,3250.9,371,5
11536,2025-12-30 14:56:28+05:30,3250.0,3,3252.45,1891349,85798.0,108056.0,3250.0,3267.5,3239.8,3251.5,46357850,3576.6,2926.4,4322.95,2866.6,3250.0,87,3,3249.9,30,1,3249.3,1,1,3249.2,21,1,3249.1,87,2,3250.5,79,4,3250.6,39,2,3250.7,45,1,3250.8,73,3,3250.9,371,5
11536,2025-12-30 14:56:28+05:30,3250.0,3,3252.45,1891355,85686.0,108029.0,3250.0,3267.5,3239.8,3251.5,46357850,3576.6,2926.4,4322.95,2866.6,3250.0,84,3,3249.9,30,1,3249.5,60,1,3249.3,1,1,3249.0,70,4,3250.5,76,4,3250.6,39,2,3250.7,45,1,3250.8,73,3,3250.9,411,6
11536,2025-12-30 14:56:29+05:30,3250.0,31,3252.45,1891355,85686.0,108029.0,3250.0,3267.5,3239.8,3251.5,46357850,3576.6,2926.4,4322.95,2866.6,3250.0,84,3,3249.9,30,1,3249.5,60,1,3249.3,1,1,3249.0,70,4,3250.5,76,4,3250.6,39,2,3250.7,45,1,3250.8,73,3,3250.9,411,6
11536,2025-12-30 14:56:29+05:30,3250.0,31,3252.45,1891482,83677.0,108523.0,3250.0,3267.5,3239.8,3251.5,46357850,3576.6,2926.4,4322.95,2866.6,3250.0,33,1,3249.5,60,1,3249.3,1,1,3249.0,9,1,3248.9,16,1,3250.4,148,5,3250.5,57,5,3250.6,120,4,3250.7,69,2,3250.8,144,7
11536,2025-12-30 14:56:30+05:30,3250.0,155,3252.45,1891482,83677.0,108523.0,3250.0,3267.5,3239.8,3251.5,46357850,3576.6,2926.4,4322.95,2866.6,3250.0,33,1,3249.5,60,1,3249.3,1,1,3249.0,9,1,3248.9,16,1,3250.4,148,5,3250.5,57,5,3250.6,120,4,3250.7,69,2,3250.8,144,7
11536,2025-12-30 14:56:30+05:30,3250.0,155,3252.45,1891638,83729.0,108377.0,3250.0,3267.5,3239.8,3251.5,46357850,3576.6,2926.4,4322.95,2866.6,3249.9,3,1,3249.5,60,1,3249.3,10,2,3249.0,4,1,3248.9,16,1,3250.4,162,6,3250.5,43,4,3250.6,141,5,3250.7,69,2,3250.8,144,7
11536,2025-12-30 14:56:31+05:30,3249.9,10,3252.45,1891638,83729.0,108377.0,3250.0,3267.5,3239.8,3251.5,46357850,3576.6,2926.4,4322.95,2866.6,3249.9,3,1,3249.5,60,1,3249.3,10,2,3249.0,4,1,3248.9,16,1,3250.4,162,6,3250.5,43,4,3250.6,141,5,3250.7,69,2,3250.8,144,7
11536,2025-12-30 14:56:31+05:30,3250.3,2,3252.45,1891663,83651.0,109546.0,3250.0,3267.5,3239.8,3251.5,46357850,3576.6,2926.4,4322.95,2866.6,3249.5,60,1,3249.3,10,2,3249.0,4,1,3248.9,16,1,3248.8,92,5,3250.3,171,7,3250.4,141,6,3250.5,33,3,3250.6,181,6,3250.7,206,2
11536,2025-12-30 14:56:32+05:30,3250.3,2,3252.45,1891663,83651.0,109546.0,3250.0,3267.5,3239.8,3251.5,46357850,3576.6,2926.4,4322.95,2866.6,3249.5,60,1,3249.3,10,2,3249.0,4,1,3248.9,16,1,3248.8,92,5,3250.3,171,7,3250.4,141,6,3250.5,33,3,3250.6,181,6,3250.7,206,2
11536,2025-12-30 14:56:32+05:30,3248.8,89,3252.45,1892319,84747.0,108290.0,3250.0,3267.5,3239.8,3251.5,46357850,3576.6,2926.4,4322.95,2866.6,3248.7,26,2,3248.6,109,2,3248.5,12,1,3248.4,36,4,3248.3,33,1,3248.8,106,1,3249.4,22,1,3249.6,21,1,3249.7,16,1,3249.8,83,5
11536,2025-12-30 14:56:33+05:30,3248.8,89,3252.45,1892319,84747.0,108290.0,3250.0,3267.5,3239.8,3251.5,46357850,3576.6,2926.4,4322.95,2866.6,3248.7,26,2,3248.6,109,2,3248.5,12,1,3248.4,36,4,3248.3,33,1,3248.8,106,1,3249.4,22,1,3249.6,21,1,3249.7,16,1,3249.8,83,5
11536,2025-12-30 14:56:33+05:30,3248.8,32,3252.45,1892351,84924.0,109950.0,3250.0,3267.5,3239.8,3251.5,46357850,3576.6,2926.4,4322.95,2866.6,3248.7,29,3,3248.6,109,2,3248.5,62,2,3248.4,7,3,3248.2,29,1,3248.8,74,1,3249.4,22,1,3249.6,21,1,3249.8,55,4,3249.9,57,1
11536,2025-12-30 14:56:34+05:30,3250.1,50,3252.45,1892351,84924.0,109950.0,3250.0,3267.5,3239.8,3251.5,46357850,3576.6,2926.4,4322.95,2866.6,3248.7,29,3,3248.6,109,2,3248.5,62,2,3248.4,7,3,3248.2,29,1,3248.8,74,1,3249.4,22,1,3249.6,21,1,3249.8,55,4,3249.9,57,1
11536,2025-12-30 14:56:34+05:30,3250.1,50,3252.45,1893341,84077.0,108644.0,3250.0,3267.5,3239.8,3251.5,46357850,3576.6,2926.4,4322.95,2866.6,3248.8,29,4,3248.7,72,4,3248.6,109,2,3248.5,77,3,3248.4,93,4,3249.9,28,2,3250.0,127,5,3250.1,28,1,3250.2,38,2,3250.3,57,2
11536,2025-12-30 14:56:35+05:30,3249.9,3,3252.45,1893341,84077.0,108644.0,3250.0,3267.5,3239.8,3251.5,46357850,3576.6,2926.4,4322.95,2866.6,3248.8,29,4,3248.7,72,4,3248.6,109,2,3248.5,77,3,3248.4,93,4,3249.9,28,2,3250.0,127,5,3250.1,28,1,3250.2,38,2,3250.3,57,2
11536,2025-12-30 14:56:35+05:30,3249.9,1,3252.45,1893346,84096.0,108561.0,3250.0,3267.5,3239.8,3251.5,46357850,3576.6,2926.4,4322.95,2866.6,3249.0,1,1,3248.9,53,1,3248.8,67,4,3248.7,72,4,3248.6,109,2,3250.0,82,3,3250.1,28,1,3250.2,38,2,3250.3,73,3,3250.4,31,3
11536,2025-12-30 14:56:36+05:30,3249.9,1,3252.45,1893346,84096.0,108561.0,3250.0,3267.5,3239.8,3251.5,46357850,3576.6,2926.4,4322.95,2866.6,3249.0,1,1,3248.9,53,1,3248.8,67,4,3248.7,72,4,3248.6,109,2,3250.0,82,3,3250.1,28,1,3250.2,38,2,3250.3,73,3,3250.4,31,3
11536,2025-12-30 14:56:36+05:30,3250.0,9,3252.45,1893355,84130.0,108740.0,3250.0,3267.5,3239.8,3251.5,46357850,3576.6,2926.4,4322.95,2866.6,3249.0,1,1,3248.9,53,1,3248.8,67,4,3248.7,72,4,3248.6,109,2,3250.0,107,4,3250.1,54,2,3250.2,38,2,3250.3,102,4,3250.4,31,3
11536,2025-12-30 14:56:37+05:30,3250.0,17,3252.45,1893355,84130.0,108740.0,3250.0,3267.5,3239.8,3251.5,46357850,3576.6,2926.4,4322.95,2866.6,3249.0,1,1,3248.9,53,1,3248.8,67,4,3248.7,72,4,3248.6,109,2,3250.0,107,4,3250.1,54,2,3250.2,38,2,3250.3,102,4,3250.4,31,3
11536,2025-12-30 14:56:37+05:30,3249.9,4,3252.45,1893407,84149.0,108689.0,3250.0,3267.5,3239.8,3251.5,46357850,3576.6,2926.4,4322.95,2866.6,3249.0,1,1,3248.9,53,1,3248.8,61,2,3248.7,112,5,3248.6,109,2,3249.9,36,1,3250.0,20,2,3250.1,54,2,3250.2,38,2,3250.3,102,4
11536,2025-12-30 14:56:38+05:30,3248.9,42,3252.45,1893407,84149.0,108689.0,3250.0,3267.5,3239.8,3251.5,46357850,3576.6,2926.4,4322.95,2866.6,3249.0,1,1,3248.9,53,1,3248.8,61,2,3248.7,112,5,3248.6,109,2,3249.9,36,1,3250.0,20,2,3250.1,54,2,3250.2,38,2,3250.3,102,4
11536,2025-12-30 14:56:38+05:30,3248.8,29,3252.45,1893601,83977.0,108740.0,3250.0,3267.5,3239.8,3251.5,46357850,3576.6,2926.4,4322.95,2866.6,3248.9,14,1,3248.8,22,1,3248.7,122,5,3248.6,109,2,3248.5,77,3,3249.9,45,3,3250.0,13,2,3250.1,54,2,3250.2,38,2,3250.3,102,4
11536,2025-12-30 14:56:39+05:30,3249.9,35,3252.45,1893601,83977.0,108740.0,3250.0,3267.5,3239.8,3251.5,46357850,3576.6,2926.4,4322.95,2866.6,3248.9,14,1,3248.8,22,1,3248.7,122,5,3248.6,109,2,3248.5,77,3,3249.9,45,3,3250.0,13,2,3250.1,54,2,3250.2,38,2,3250.3,102,4
11536,2025-12-30 14:56:39+05:30,3249.9,3,3252.45,1893672,84240.0,108994.0,3250.0,3267.5,3239.8,3251.5,46357850,3576.6,2926.4,4322.95,2866.6,3248.9,124,3,3248.8,38,2,3248.7,153,6,3248.6,195,4,3248.5,218,4,3249.9,6,2,3250.0,13,2,3250.2,22,1,3250.3,57,2,3250.4,22,1
11536,2025-12-30 14:56:40+05:30,3249.9,4,3252.45,1893672,84240.0,108994.0,3250.0,3267.5,3239.8,3251.5,46357850,3576.6,2926.4,4322.95,2866.6,3248.9,124,3,3248.8,38,2,3248.7,153,6,3248.6,195,4,3248.5,218,4,3249.9,6,2,3250.0,13,2,3250.2,22,1,3250.3,57,2,3250.4,22,1
11536,2025-12-30 14:56:40+05:30,3249.9,4,3252.45,1893682,83885.0,108951.0,3250.0,3267.5,3239.8,3251.5,46357850,3576.6,2926.4,4322.95,2866.6,3248.9,134,4,3248.8,28,1,3248.7,153,6,3248.6,195,4,3248.5,218,4,3249.9,5,2,3250.0,13,2,3250.2,22,1,3250.3,57,2,3250.4,22,1
11536,2025-12-30 14:56:42+05:30,3250.3,22,3252.44,1893819,84088.0,109034.0,3250.0,3267.5,3239.8,3251.5,46357850,3576.6,2926.4,4322.95,2866.6,3248.9,50,2,3248.8,68,2,3248.7,153,6,3248.6,138,4,3248.5,108,4,3250.2,124,5,3250.3,44,1,3250.4,22,1,3250.5,19,1,3250.6,88,4
11536,2025-12-30 14:56:42+05:30,3248.8,64,3252.44,1893819,84088.0,109034.0,3250.0,3267.5,3239.8,3251.5,46357850,3576.6,2926.4,4322.95,2866.6,3248.9,50,2,3248.8,68,2,3248.7,153,6,3248.6,138,4,3248.5,108,4,3250.2,124,5,3250.3,44,1,3250.4,22,1,3250.5,19,1,3250.6,88,4
11536,2025-12-30 14:56:43+05:30,3250.1,4,3252.44,1893979,84077.0,108950.0,3250.0,3267.5,3239.8,3251.5,46357850,3576.6,2926.4,4322.95,2866.6,3248.9,234,6,3248.8,66,2,3248.7,155,6,3248.6,184,5,3248.5,93,4,3250.1,40,1,3250.2,10,1,3250.4,62,2,3250.5,19,1,3250.6,45,2
11536,2025-12-30 14:56:43+05:30,3248.9,1,3252.44,1893979,84077.0,108950.0,3250.0,3267.5,3239.8,3251.5,46357850,3576.6,2926.4,4322.95,2866.6,3248.9,234,6,3248.8,66,2,3248.7,155,6,3248.6,184,5,3248.5,93,4,3250.1,40,1,3250.2,10,1,3250.4,62,2,3250.5,19,1,3250.6,45,2
11536,2025-12-30 14:56:43+05:30,3248.9,1,3252.44,1893980,84226.0,108947.0,3250.0,3267.5,3239.8,3251.5,46357850,3576.6,2926.4,4322.95,2866.6,3248.9,312,8,3248.8,179,2,3248.7,201,7,3248.6,178,5,3248.5,93,4,3250.1,40,1,3250.2,31,2,3250.4,62,2,3250.5,19,1,3250.6,45,2
11536,2025-12-30 14:56:45+05:30,3248.9,1,3252.44,1893980,85852.0,108907.0,3250.0,3267.5,3239.8,3251.5,46357850,3576.6,2926.4,4322.95,2866.6,3248.9,312,8,3248.8,57,2,3248.7,201,7,3248.6,209,6,3248.5,62,3,3250.2,31,2,3250.4,62,2,3250.5,19,1,3250.6,45,2,3250.7,237,3
11536,2025-12-30 14:56:45+05:30,3250.2,1,3252.44,1893980,85852.0,108907.0,3250.0,3267.5,3239.8,3251.5,46357850,3576.6,2926.4,4322.95,2866.6,3248.9,312,8,3248.8,57,2,3248.7,201,7,3248.6,209,6,3248.5,62,3,3250.2,31,2,3250.4,62,2,3250.5,19,1,3250.6,45,2,3250.7,237,3
11536,2025-12-30 14:56:46+05:30,3250.2,1,3252.44,1893981,86066.0,108377.0,3250.0,3267.5,3239.8,3251.5,46357850,3576.6,2926.4,4322.95,2866.6,3250.2,1,1,3249.9,10,1,3249.0,111,3,3248.9,95,3,3248.8,325,6,3250.3,136,6,3250.4,10,1,3250.6,22,2,3250.7,88,2,3250.8,62,5
11536,2025-12-30 14:56:46+05:30,3249.0,33,3252.44,1893981,86066.0,108377.0,3250.0,3267.5,3239.8,3251.5,46357850,3576.6,2926.4,4322.95,2866.6,3250.2,1,1,3249.9,10,1,3249.0,111,3,3248.9,95,3,3248.8,325,6,3250.3,136,6,3250.4,10,1,3250.6,22,2,3250.7,88,2,3250.8,62,5
11536,2025-12-30 14:56:47+05:30,3250.3,8,3252.44,1894145,83812.0,108064.0,3250.0,3267.5,3239.8,3251.5,46357850,3576.6,2926.4,4322.95,2866.6,3250.0,7,1,3249.0,94,2,3248.9,95,3,3248.8,32,2,3248.7,175,7,3250.3,70,5,3250.4,44,1,3250.5,29,1,3250.6,76,5,3250.7,94,2
11536,2025-12-30 14:56:47+05:30,3250.3,1,3252.44,1894145,83812.0,108064.0,3250.0,3267.5,3239.8,3251.5,46357850,3576.6,2926.4,4322.95,2866.6,3250.0,7,1,3249.0,94,2,3248.9,95,3,3248.8,32,2,3248.7,175,7,3250.3,70,5,3250.4,44,1,3250.5,29,1,3250.6,76,5,3250.7,94,2
11536,2025-12-30 14:56:48+05:30,3250.0,1,3252.44,1894145,83812.0,108064.0,3250.0,3267.5,3239.8,3251.5,46357850,3576.6,2926.4,4322.95,2866.6,3250.0,7,1,3249.0,94,2,3248.9,95,3,3248.8,32,2,3248.7,175,7,3250.3,70,5,3250.4,44,1,3250.5,29,1,3250.6,76,5,3250.7,94,2
11536,2025-12-30 14:56:48+05:30,3250.0,1,3252.44,1895209,85516.0,107763.0,3250.0,3267.5,3239.8,3251.5,46357850,3576.6,2926.4,4322.95,2866.6,3250.0,58,1,3248.9,64,2,3248.8,38,2,3248.7,176,1,3248.6,158,4,3250.2,113,6,3250.3,30,1,3250.4,94,2,3250.5,63,3,3250.6,103,4
11536,2025-12-30 14:56:49+05:30,3250.0,40,3252.44,1895209,85516.0,107763.0,3250.0,3267.5,3239.8,3251.5,46357850,3576.6,2926.4,4322.95,2866.6,3250.0,58,1,3248.9,64,2,3248.8,38,2,3248.7,176,1,3248.6,158,4,3250.2,113,6,3250.3,30,1,3250.4,94,2,3250.5,63,3,3250.6,103,4
11536,2025-12-30 14:56:49+05:30,3250.0,40,3252.44,1895257,85580.0,107811.0,3250.0,3267.5,3239.8,3251.5,46357850,3576.6,2926.4,4322.95,2866.6,3250.0,18,1,3248.9,3,1,3248.8,33,1,3248.7,176,1,3248.6,205,6,3250.2,61,3,3250.3,45,2,3250.4,84,2,3250.5,90,3,3250.6,103,4
11536,2025-12-30 14:56:50+05:30,3248.8,4,3252.44,1895257,85580.0,107811.0,3250.0,3267.5,3239.8,3251.5,46357850,3576.6,2926.4,4322.95,2866.6,3250.0,18,1,3248.9,3,1,3248.8,33,1,3248.7,176,1,3248.6,205,6,3250.2,61,3,3250.3,45,2,3250.4,84,2,3250.5,90,3,3250.6,103,4
11536,2025-12-30 14:56:50+05:30,3248.8,4,3252.44,1895460,85081.0,107675.0,3250.0,3267.5,3239.8,3251.5,46357850,3576.6,2926.4,4322.95,2866.6,3249.0,43,2,3248.9,18,1,3248.8,68,3,3248.6,140,3,3248.5,93,3,3250.3,43,1,3250.4,177,5,3250.5,92,3,3250.6,57,3,3250.7,87,2
11536,2025-12-30 14:56:51+05:30,3248.8,4,3252.44,1895460,85081.0,107675.0,3250.0,3267.5,3239.8,3251.5,46357850,3576.6,2926.4,4322.95,2866.6,3249.0,43,2,3248.9,18,1,3248.8,68,3,3248.6,140,3,3248.5,93,3,3250.3,43,1,3250.4,177,5,3250.5,92,3,3250.6,57,3,3250.7,87,2
11536,2025-12-30 14:56:51+05:30,3248.8,4,3252.44,1895460,82739.0,107764.0,3250.0,3267.5,3239.8,3251.5,46357850,3576.6,2926.4,4322.95,2866.6,3249.0,10,1,3248.9,18,1,3248.8,68,3,3248.6,109,2,3248.5,93,3,3250.2,136,4,3250.3,37,3,3250.4,198,6,3250.5,46,2,3250.6,57,3
11536,2025-12-30 14:56:52+05:30,3250.3,12,3252.44,1895460,82739.0,107764.0,3250.0,3267.5,3239.8,3251.5,46357850,3576.6,2926.4,4322.95,2866.6,3249.0,10,1,3248.9,18,1,3248.8,68,3,3248.6,109,2,3248.5,93,3,3250.2,136,4,3250.3,37,3,3250.4,198,6,3250.5,46,2,3250.6,57,3
11536,2025-12-30 14:56:52+05:30,3250.3,12,3252.44,1895645,83317.0,107783.0,3250.0,3267.5,3239.8,3251.5,46357850,3576.6,2926.4,4322.95,2866.6,3249.0,78,2,3248.9,18,1,3248.8,34,2,3248.7,15,1,3248.6,109,2,3250.2,145,6,3250.3,43,1,3250.4,198,6,3250.5,46,2,3250.6,57,3
11536,2025-12-30 14:56:52+05:30,3250.3,12,3252.44,1895645,83317.0,107783.0,3250.0,3267.5,3239.8,3251.5,46357850,3576.6,2926.4,4322.95,2866.6,3249.0,78,2,3248.9,18,1,3248.8,34,2,3248.7,15,1,3248.6,109,2,3250.2,145,6,3250.3,43,1,3250.4,198,6,3250.5,46,2,3250.6,57,3
11536,2025-12-30 14:56:53+05:30,3250.3,12,3252.44,1895645,83524.0,107775.0,3250.0,3267.5,3239.8,3251.5,46357850,3576.6,2926.4,4322.95,2866.6,3249.0,106,3,3248.9,18,1,3248.8,34,2,3248.7,15,1,3248.6,109,2,3250.2,132,6,3250.3,43,1,3250.4,198,6,3250.5,46,2,3250.6,57,3
11536,2025-12-30 14:56:54+05:30,3250.3,12,3252.44,1895645,83524.0,107775.0,3250.0,3267.5,3239.8,3251.5,46357850,3576.6,2926.4,4322.95,2866.6,3249.0,106,3,3248.9,18,1,3248.8,34,2,3248.7,15,1,3248.6,109,2,3250.2,132,6,3250.3,43,1,3250.4,198,6,3250.5,46,2,3250.6,57,3
11536,2025-12-30 14:56:54+05:30,3249.0,77,3252.44,1895645,83524.0,107775.0,3250.0,3267.5,3239.8,3251.5,46357850,3576.6,2926.4,4322.95,2866.6,3249.0,106,3,3248.9,18,1,3248.8,34,2,3248.7,15,1,3248.6,109,2,3250.2,132,6,3250.3,43,1,3250.4,198,6,3250.5,46,2,3250.6,57,3
11536,2025-12-30 14:56:54+05:30,3249.0,77,3252.44,1895800,83810.0,108397.0,3250.0,3267.5,3239.8,3251.5,46357850,3576.6,2926.4,4322.95,2866.6,3250.0,4,1,3249.0,28,1,3248.8,34,2,3248.7,15,1,3248.6,130,3,3250.2,162,9,3250.3,26,1,3250.4,117,3,3250.5,108,4,3250.6,84,4
11536,2025-12-30 14:56:55+05:30,3249.0,77,3252.44,1895800,83810.0,108397.0,3250.0,3267.5,3239.8,3251.5,46357850,3576.6,2926.4,4322.95,2866.6,3250.0,4,1,3249.0,28,1,3248.8,34,2,3248.7,15,1,3248.6,130,3,3250.2,162,9,3250.3,26,1,3250.4,117,3,3250.5,108,4,3250.6,84,4
11536,2025-12-30 14:56:55+05:30,3250.2,1,3252.44,1895800,83810.0,108397.0,3250.0,3267.5,3239.8,3251.5,46357850,3576.6,2926.4,4322.95,2866.6,3250.0,4,1,3249.0,28,1,3248.8,34,2,3248.7,15,1,3248.6,130,3,3250.2,162,9,3250.3,26,1,3250.4,117,3,3250.5,108,4,3250.6,84,4
11536,2025-12-30 14:56:55+05:30,3250.2,1,3252.44,1895802,83892.0,108418.0,3250.0,3267.5,3239.8,3251.5,46357850,3576.6,2926.4,4322.95,2866.6,3250.0,12,2,3249.9,28,1,3248.8,34,2,3248.7,76,2,3248.6,179,5,3250.2,176,11,3250.3,26,1,3250.4,117,3,3250.5,62,3,3250.6,130,5
11536,2025-12-30 14:56:56+05:30,3250.2,1,3252.44,1895802,83892.0,108418.0,3250.0,3267.5,3239.8,3251.5,46357850,3576.6,2926.4,4322.95,2866.6,3250.0,12,2,3249.9,28,1,3248.8,34,2,3248.7,76,2,3248.6,179,5,3250.2,176,11,3250.3,26,1,3250.4,117,3,3250.5,62,3,3250.6,130,5
11536,2025-12-30 14:56:56+05:30,3250.2,1,3252.44,1895811,83193.0,108778.0,3250.0,3267.5,3239.8,3251.5,46357850,3576.6,2926.4,4322.95,2866.6,3250.0,12,2,3249.9,28,1,3248.8,191,3,3248.7,79,3,3248.6,233,6,3250.2,112,5,3250.3,31,3,3250.4,117,3,3250.5,46,2,3250.6,130,5
11536,2025-12-30 14:56:57+05:30,3250.2,1,3252.44,1895811,83193.0,108778.0,3250.0,3267.5,3239.8,3251.5,46357850,3576.6,2926.4,4322.95,2866.6,3250.0,12,2,3249.9,28,1,3248.8,191,3,3248.7,79,3,3248.6,233,6,3250.2,112,5,3250.3,31,3,3250.4,117,3,3250.5,46,2,3250.6,130,5
11536,2025-12-30 14:56:57+05:30,3250.0,28,3252.44,1895811,83193.0,108778.0,3250.0,3267.5,3239.8,3251.5,46357850,3576.6,2926.4,4322.95,2866.6,3250.0,12,2,3249.9,28,1,3248.8,191,3,3248.7,79,3,3248.6,233,6,3250.2,112,5,3250.3,31,3,3250.4,117,3,3250.5,46,2,3250.6,130,5
11536,2025-12-30 14:56:57+05:30,3250.0,28,3252.44,1895852,80534.0,108649.0,3250.0,3267.5,3239.8,3251.5,46357850,3576.6,2926.4,4322.95,2866.6,3250.0,33,3,3249.2,3,1,3249.1,10,1,3249.0,61,1,3248.9,253,2,3250.2,14,1,3250.3,20,3,3250.5,15,1,3250.6,72,4,3250.7,87,2
11536,2025-12-30 14:56:58+05:30,3250.0,23,3252.44,1895852,80534.0,108649.0,3250.0,3267.5,3239.8,3251.5,46357850,3576.6,2926.4,4322.95,2866.6,3250.0,33,3,3249.2,3,1,3249.1,10,1,3249.0,61,1,3248.9,253,2,3250.2,14,1,3250.3,20,3,3250.5,15,1,3250.6,72,4,3250.7,87,2
11536,2025-12-30 14:56:58+05:30,3250.0,23,3252.44,1895852,80534.0,108649.0,3250.0,3267.5,3239.8,3251.5,46357850,3576.6,2926.4,4322.95,2866.6,3250.0,33,3,3249.2,3,1,3249.1,10,1,3249.0,61,1,3248.9,253,2,3250.2,14,1,3250.3,20,3,3250.5,15,1,3250.6,72,4,3250.7,87,2
11536,2025-12-30 14:56:58+05:30,3250.0,30,3252.44,1896049,82975.0,108713.0,3250.0,3267.5,3239.8,3251.5,46357850,3576.6,2926.4,4322.95,2866.6,3250.0,90,3,3249.2,3,1,3248.9,253,2,3248.8,81,3,3248.7,75,6,3250.2,14,1,3250.3,31,3,3250.5,39,1,3250.6,73,4,3250.7,133,3
11536,2025-12-30 14:56:59+05:30,3250.0,30,3252.44,1896049,82975.0,108713.0,3250.0,3267.5,3239.8,3251.5,46357850,3576.6,2926.4,4322.95,2866.6,3250.0,90,3,3249.2,3,1,3248.9,253,2,3248.8,81,3,3248.7,75,6,3250.2,14,1,3250.3,31,3,3250.5,39,1,3250.6,73,4,3250.7,133,3
11536,2025-12-30 14:56:59+05:30,3250.2,1,3252.44,1896049,82975.0,108713.0,3250.0,3267.5,3239.8,3251.5,46357850,3576.6,2926.4,4322.95,2866.6,3250.0,90,3,3249.2,3,1,3248.9,253,2,3248.8,81,3,3248.7,75,6,3250.2,14,1,3250.3,31,3,3250.5,39,1,3250.6,73,4,3250.7,133,3
11536,2025-12-30 14:56:59+05:30,3250.3,12,3252.44,1896245,83118.0,107389.0,3250.0,3267.5,3239.8,3251.5,46357850,3576.6,2926.4,4322.95,2866.6,3250.0,11,3,3249.0,113,4,3248.9,282,3,3248.8,126,5,3248.7,88,4,3250.3,13,4,3250.5,16,1,3250.6,27,2,3250.7,126,3,3250.8,144,7
11536,2025-12-30 14:57:00+05:30,3250.3,12,3252.44,1896245,83118.0,107389.0,3250.0,3267.5,3239.8,3251.5,46357850,3576.6,2926.4,4322.95,2866.6,3250.0,11,3,3249.0,113,4,3248.9,282,3,3248.8,126,5,3248.7,88,4,3250.3,13,4,3250.5,16,1,3250.6,27,2,3250.7,126,3,3250.8,144,7
11536,2025-12-30 14:57:00+05:30,3250.3,12,3252.44,1896245,83118.0,107389.0,3250.0,3267.5,3239.8,3251.5,46357850,3576.6,2926.4,4322.95,2866.6,3250.0,11,3,3249.0,113,4,3248.9,282,3,3248.8,126,5,3248.7,88,4,3250.3,13,4,3250.5,16,1,3250.6,27,2,3250.7,126,3,3250.8,144,7
11536,2025-12-30 14:57:00+05:30,3249.0,33,3252.44,1896394,84222.0,108327.0,3250.0,3267.5,3239.8,3251.5,46357850,3576.6,2926.4,4322.95,2866.6,3249.1,99,4,3249.0,3,1,3248.9,28,2,3248.8,218,4,3248.7,84,4,3250.0,1,1,3250.2,21,1,3250.3,20,3,3250.4,21,1,3250.5,15,1
11536,2025-12-30 14:57:01+05:30,3249.0,33,3252.44,1896394,84222.0,108327.0,3250.0,3267.5,3239.8,3251.5,46357850,3576.6,2926.4,4322.95,2866.6,3249.1,99,4,3249.0,3,1,3248.9,28,2,3248.8,218,4,3248.7,84,4,3250.0,1,1,3250.2,21,1,3250.3,20,3,3250.4,21,1,3250.5,15,1
11536,2025-12-30 14:57:01+05:30,3249.1,1,3252.44,1896394,84222.0,108327.0,3250.0,3267.5,3239.8,3251.5,46357850,3576.6,2926.4,4322.95,2866.6,3249.1,99,4,3249.0,3,1,3248.9,28,2,3248.8,218,4,3248.7,84,4,3250.0,1,1,3250.2,21,1,3250.3,20,3,3250.4,21,1,3250.5,15,1
11536,2025-12-30 14:57:02+05:30,3249.1,1,3252.44,1896396,84374.0,108753.0,3250.0,3267.5,3239.8,3251.5,46357850,3576.6,2926.4,4322.95,2866.6,3249.1,118,5,3249.0,29,2,3248.9,28,2,3248.8,218,4,3248.7,84,4,3250.2,21,1,3250.3,15,2,3250.4,31,2,3250.5,15,1,3250.6,89,4
11536,2025-12-30 14:57:02+05:30,3249.1,1,3252.44,1896396,84374.0,108753.0,3250.0,3267.5,3239.8,3251.5,46357850,3576.6,2926.4,4322.95,2866.6,3249.1,118,5,3249.0,29,2,3248.9,28,2,3248.8,218,4,3248.7,84,4,3250.2,21,1,3250.3,15,2,3250.4,31,2,3250.5,15,1,3250.6,89,4
11536,2025-12-30 14:57:02+05:30,3248.9,60,3252.44,1896396,84374.0,108753.0,3250.0,3267.5,3239.8,3251.5,46357850,3576.6,2926.4,4322.95,2866.6,3249.1,118,5,3249.0,29,2,3248.9,28,2,3248.8,218,4,3248.7,84,4,3250.2,21,1,3250.3,15,2,3250.4,31,2,3250.5,15,1,3250.6,89,4
11536,2025-12-30 14:57:03+05:30,3250.0,13,3252.44,1897660,84296.0,109065.0,3250.0,3267.5,3239.8,3251.5,46357850,3576.6,2926.4,4322.95,2866.6,3249.1,72,1,3248.9,67,2,3248.8,49,2,3248.7,46,2,3248.6,81,4,3250.0,15,2,3250.1,10,1,3250.2,37,2,3250.3,22,1,3250.4,75,2
11536,2025-12-30 14:57:03+05:30,3250.0,2,3252.44,1897660,84296.0,109065.0,3250.0,3267.5,3239.8,3251.5,46357850,3576.6,2926.4,4322.95,2866.6,3249.1,72,1,3248.9,67,2,3248.8,49,2,3248.7,46,2,3248.6,81,4,3250.0,15,2,3250.1,10,1,3250.2,37,2,3250.3,22,1,3250.4,75,2
11536,2025-12-30 14:57:03+05:30,3250.0,2,3252.44,1897660,84296.0,109065.0,3250.0,3267.5,3239.8,3251.5,46357850,3576.6,2926.4,4322.95,2866.6,3249.1,72,1,3248.9,67,2,3248.8,49,2,3248.7,46,2,3248.6,81,4,3250.0,15,2,3250.1,10,1,3250.2,37,2,3250.3,22,1,3250.4,75,2
11536,2025-12-30 14:57:04+05:30,3249.9,2,3252.44,1897679,83533.0,110006.0,3250.0,3267.5,3239.8,3251.5,46357850,3576.6,2926.4,4322.95,2866.6,3249.1,72,1,3248.7,10,1,3248.6,75,3,3248.5,12,1,3248.4,9,3,3249.9,85,5,3250.0,104,5,3250.1,83,2,3250.2,84,4,3250.3,32,2
11536,2025-12-30 14:57:04+05:30,3249.9,2,3252.44,1897679,83533.0,110006.0,3250.0,3267.5,3239.8,3251.5,46357850,3576.6,2926.4,4322.95,2866.6,3249.1,72,1,3248.7,10,1,3248.6,75,3,3248.5,12,1,3248.4,9,3,3249.9,85,5,3250.0,104,5,3250.1,83,2,3250.2,84,4,3250.3,32,2
11536,2025-12-30 14:57:05+05:30,3249.9,2,3252.44,1897679,83533.0,110006.0,3250.0,3267.5,3239.8,3251.5,46357850,3576.6,2926.4,4322.95,2866.6,3249.1,72,1,3248.7,10,1,3248.6,75,3,3248.5,12,1,3248.4,9,3,3249.9,85,5,3250.0,104,5,3250.1,83,2,3250.2,84,4,3250.3,32,2
11536,2025-12-30 14:57:05+05:30,3249.9,5,3252.44,1897731,83519.0,108252.0,3250.0,3267.5,3239.8,3251.5,46357850,3576.6,2926.4,4322.95,2866.6,3249.1,72,1,3248.6,75,3,3248.5,12,1,3248.4,63,4,3248.3,185,2,3249.9,55,5,3250.0,141,6,3250.1,83,2,3250.2,84,4,3250.3,78,3
11536,2025-12-30 14:57:05+05:30,3249.9,5,3252.44,1897731,83519.0,108252.0,3250.0,3267.5,3239.8,3251.5,46357850,3576.6,2926.4,4322.95,2866.6,3249.1,72,1,3248.6,75,3,3248.5,12,1,3248.4,63,4,3248.3,185,2,3249.9,55,5,3250.0,141,6,3250.1,83,2,3250.2,84,4,3250.3,78,3
11536,2025-12-30 14:57:06+05:30,3248.8,84,3252.44,1897731,83519.0,108252.0,3250.0,3267.5,3239.8,3251.5,46357850,3576.6,2926.4,4322.95,2866.6,3249.1,72,1,3248.6,75,3,3248.5,12,1,3248.4,63,4,3248.3,185,2,3249.9,55,5,3250.0,141,6,3250.1,83,2,3250.2,84,4,3250.3,78,3
11536,2025-12-30 14:57:06+05:30,3248.8,84,3252.44,1897887,83271.0,108307.0,3250.0,3267.5,3239.8,3251.5,46357850,3576.6,2926.4,4322.95,2866.6,3248.8,15,1,3248.6,75,3,3248.5,12,1,3248.4,4,2,3248.3,179,1,3249.7,63,2,3249.8,73,3,3249.9,127,7,3250.0,62,4,3250.1,83,2
11536,2025-12-30 14:57:06+05:30,3248.8,84,3252.44,1897887,83271.0,108307.0,3250.0,3267.5,3239.8,3251.5,46357850,3576.6,2926.4,4322.95,2866.6,3248.8,15,1,3248.6,75,3,3248.5,12,1,3248.4,4,2,3248.3,179,1,3249.7,63,2,3249.8,73,3,3249.9,127,7,3250.0,62,4,3250.1,83,2
11536,2025-12-30 14:57:07+05:30,3249.7,8,3252.44,1897887,83271.0,108307.0,3250.0,3267.5,3239.8,3251.5,46357850,3576.6,2926.4,4322.95,2866.6,3248.8,15,1,3248.6,75,3,3248.5,12,1,3248.4,4,2,3248.3,179,1,3249.7,63,2,3249.8,73,3,3249.9,127,7,3250.0,62,4,3250.1,83,2
11536,2025-12-30 14:57:07+05:30,3249.7,1,3252.44,1897896,83347.0,107790.0,3250.0,3267.5,3239.8,3251.5,46357850,3576.6,2926.4,4322.95,2866.6,3248.8,15,1,3248.7,45,1,3248.6,75,3,3248.5,12,1,3248.4,4,2,3249.7,78,3,3249.8,73,3,3249.9,76,5,3250.0,62,4,3250.1,83,2
11536,2025-12-30 14:57:08+05:30,3249.6,1,3252.44,1897896,83347.0,107790.0,3250.0,3267.5,3239.8,3251.5,46357850,3576.6,2926.4,4322.95,2866.6,3248.8,15,1,3248.7,45,1,3248.6,75,3,3248.5,12,1,3248.4,4,2,3249.7,78,3,3249.8,73,3,3249.9,76,5,3250.0,62,4,3250.1,83,2
11536,2025-12-30 14:57:08+05:30,3249.6,1,3252.44,1897902,82596.0,106614.0,3250.0,3267.5,3239.8,3251.5,46357850,3576.6,2926.4,4322.95,2866.6,3248.8,63,2,3248.7,45,1,3248.6,48,2,3248.5,48,2,3248.4,7,3,3249.6,15,2,3249.7,10,1,3249.8,31,2,3249.9,38,2,3250.0,20,1
11536,2025-12-30 14:57:08+05:30,3249.6,1,3252.44,1897902,82596.0,106614.0,3250.0,3267.5,3239.8,3251.5,46357850,3576.6,2926.4,4322.95,2866.6,3248.8,63,2,3248.7,45,1,3248.6,48,2,3248.5,48,2,3248.4,7,3,3249.6,15,2,3249.7,10,1,3249.8,31,2,3249.9,38,2,3250.0,20,1
11536,2025-12-30 14:57:09+05:30,3249.6,4,3252.44,1897902,82596.0,106614.0,3250.0,3267.5,3239.8,3251.5,46357850,3576.6,2926.4,4322.95,2866.6,3248.8,63,2,3248.7,45,1,3248.6,48,2,3248.5,48,2,3248.4,7,3,3249.6,15,2,3249.7,10,1,3249.8,31,2,3249.9,38,2,3250.0,20,1
11536,2025-12-30 14:57:09+05:30,3249.6,4,3252.44,1897971,83417.0,107205.0,3250.0,3267.5,3239.8,3251.5,46357850,3576.6,2926.4,4322.95,2866.6,3249.6,8,2,3248.9,9,1,3248.8,39,2,3248.7,45,1,3248.6,48,2,3249.9,9,1,3250.1,54,1,3250.2,33,2,3250.3,76,3,3250.4,78,3
11536,2025-12-30 14:57:10+05:30,3249.6,4,3252.44,1897971,83417.0,107205.0,3250.0,3267.5,3239.8,3251.5,46357850,3576.6,2926.4,4322.95,2866.6,3249.6,8,2,3248.9,9,1,3248.8,39,2,3248.7,45,1,3248.6,48,2,3249.9,9,1,3250.1,54,1,3250.2,33,2,3250.3,76,3,3250.4,78,3
11536,2025-12-30 14:57:10+05:30,3248.7,46,3252.44,1897971,83417.0,107205.0,3250.0,3267.5,3239.8,3251.5,46357850,3576.6,2926.4,4322.95,2866.6,3249.6,8,2,3248.9,9,1,3248.8,39,2,3248.7,45,1,3248.6,48,2,3249.9,9,1,3250.1,54,1,3250.2,33,2,3250.3,76,3,3250.4,78,3
11536,2025-12-30 14:57:10+05:30,3248.7,46,3252.44,1898126,82838.0,106842.0,3250.0,3267.5,3239.8,3251.5,46357850,3576.6,2926.4,4322.95,2866.6,3248.8,10,1,3248.7,45,1,3248.6,98,3,3248.5,43,2,3248.4,38,5,3249.9,18,2,3250.2,48,2,3250.3,39,2,3250.4,124,4,3250.5,57,2
11536,2025-12-30 14:57:11+05:30,3249.8,1,3252.44,1898126,82838.0,106842.0,3250.0,3267.5,3239.8,3251.5,46357850,3576.6,2926.4,4322.95,2866.6,3248.8,10,1,3248.7,45,1,3248.6,98,3,3248.5,43,2,3248.4,38,5,3249.9,18,2,3250.2,48,2,3250.3,39,2,3250.4,124,4,3250.5,57,2
11536,2025-12-30 14:57:11+05:30,3249.8,1,3252.44,1898131,84729.0,107445.0,3250.0,3267.5,3239.8,3251.5,46357850,3576.6,2926.4,4322.95,2866.6,3248.7,45,1,3248.6,48,2,3248.5,21,2,3248.4,84,5,3248.3,55,3,3249.8,56,3,3249.9,37,2,3250.0,63,2,3250.1,59,3,3250.2,63,2
11536,2025-12-30 14:57:11+05:30,3249.8,1,3252.44,1898131,84729.0,107445.0,3250.0,3267.5,3239.8,3251.5,46370100,3576.6,2926.4,4322.95,2866.6,3248.7,45,1,3248.6,48,2,3248.5,21,2,3248.4,84,5,3248.3,55,3,3249.8,56,3,3249.9,37,2,3250.0,63,2,3250.1,59,3,3250.2,63,2
11536,2025-12-30 14:57:12+05:30,3249.8,1,3252.44,1898131,84729.0,107445.0,3250.0,3267.5,3239.8,3251.5,46370100,3576.6,2926.4,4322.95,2866.6,3248.7,45,1,3248.6,48,2,3248.5,21,2,3248.4,84,5,3248.3,55,3,3249.8,56,3,3249.9,37,2,3250.0,63,2,3250.1,59,3,3250.2,63,2
11536,2025-12-30 14:57:12+05:30,3249.8,2,3252.44,1898133,83028.0,106632.0,3250.0,3267.5,3239.8,3251.5,46370100,3576.6,2926.4,4322.95,2866.6,3248.7,146,4,3248.6,48,2,3248.5,21,2,3248.4,143,7,3248.3,3,1,3249.8,1,1,3249.9,11,1,3250.0,22,1,3250.1,49,2,3250.2,63,2
11536,2025-12-30 14:57:13+05:30,3248.7,1,3252.44,1898133,83028.0,106632.0,3250.0,3267.5,3239.8,3251.5,46370100,3576.6,2926.4,4322.95,2866.6,3248.7,146,4,3248.6,48,2,3248.5,21,2,3248.4,143,7,3248.3,3,1,3249.8,1,1,3249.9,11,1,3250.0,22,1,3250.1,49,2,3250.2,63,2
11536,2025-12-30 14:57:13+05:30,3248.7,1,3252.44,1898134,82905.0,104572.0,3250.0,3267.5,3239.8,3251.5,46370100,3576.6,2926.4,4322.95,2866.6,3249.0,1,1,3248.8,10,1,3248.7,94,2,3248.6,48,2,3248.5,21,2,3249.8,1,1,3249.9,24,2,3250.0,22,1,3250.1,49,2,3250.2,80,3
11536,2025-12-30 14:57:14+05:30,3248.7,1,3252.44,1898134,82905.0,104572.0,3250.0,3267.5,3239.8,3251.5,46370100,3576.6,2926.4,4322.95,2866.6,3249.0,1,1,3248.8,10,1,3248.7,94,2,3248.6,48,2,3248.5,21,2,3249.8,1,1,3249.9,24,2,3250.0,22,1,3250.1,49,2,3250.2,80,3
11536,2025-12-30 14:57:14+05:30,3248.7,51,3252.44,1898134,82905.0,104572.0,3250.0,3267.5,3239.8,3251.5,46370100,3576.6,2926.4,4322.95,2866.6,3249.0,1,1,3248.8,10,1,3248.7,94,2,3248.6,48,2,3248.5,21,2,3249.8,1,1,3249.9,24,2,3250.0,22,1,3250.1,49,2,3250.2,80,3
11536,2025-12-30 14:57:14+05:30,3248.7,51,3252.44,1898290,82879.0,106097.0,3250.0,3267.5,3239.8,3251.5,46370100,3576.6,2926.4,4322.95,2866.6,3248.7,58,3,3248.6,48,2,3248.5,12,1,3248.4,60,4,3248.3,34,3,3249.8,9,1,3249.9,150,6,3250.0,86,3,3250.1,29,1,3250.2,126,4
11536,2025-12-30 14:57:15+05:30,3249.8,1,3252.44,1898290,82879.0,106097.0,3250.0,3267.5,3239.8,3251.5,46370100,3576.6,2926.4,4322.95,2866.6,3248.7,58,3,3248.6,48,2,3248.5,12,1,3248.4,60,4,3248.3,34,3,3249.8,9,1,3249.9,150,6,3250.0,86,3,3250.1,29,1,3250.2,126,4
11536,2025-12-30 14:57:15+05:30,3249.8,1,3252.44,1898291,83183.0,106105.0,3250.0,3267.5,3239.8,3251.5,46370100,3576.6,2926.4,4322.95,2866.6,3249.3,45,1,3248.7,4,2,3248.6,48,2,3248.5,12,1,3248.4,7,3,3249.8,8,1,3249.9,101,4,3250.0,86,3,3250.1,29,1,3250.2,80,3
11536,2025-12-30 14:57:16+05:30,3249.8,1,3252.44,1898291,83183.0,106105.0,3250.0,3267.5,3239.8,3251.5,46370100,3576.6,2926.4,4322.95,2866.6,3249.3,45,1,3248.7,4,2,3248.6,48,2,3248.5,12,1,3248.4,7,3,3249.8,8,1,3249.9,101,4,3250.0,86,3,3250.1,29,1,3250.2,80,3
11536,2025-12-30 14:57:16+05:30,3249.8,1,3252.44,1898302,83360.0,107710.0,3250.0,3267.5,3239.8,3251.5,46370100,3576.6,2926.4,4322.95,2866.6,3249.3,45,1,3248.7,4,2,3248.6,48,2,3248.5,12,1,3248.4,61,4,3249.8,36,1,3249.9,61,3,3250.1,29,1,3250.2,80,3,3250.3,61,4
11536,2025-12-30 14:57:17+05:30,3249.8,1,3252.44,1898302,83360.0,107710.0,3250.0,3267.5,3239.8,3251.5,46370100,3576.6,2926.4,4322.95,2866.6,3249.3,45,1,3248.7,4,2,3248.6,48,2,3248.5,12,1,3248.4,61,4,3249.8,36,1,3249.9,61,3,3250.1,29,1,3250.2,80,3,3250.3,61,4
11536,2025-12-30 14:57:18+05:30,3248.5,15,3252.44,1899362,82927.0,107418.0,3250.0,3267.5,3239.8,3251.5,46370100,3576.6,2926.4,4322.95,2866.6,3249.8,1,1,3248.6,149,1,3248.5,116,6,3248.4,81,6,3248.3,43,1,3249.9,7,2,3250.1,127,6,3250.2,88,3,3250.3,88,4,3250.4,108,3
11536,2025-12-30 14:57:18+05:30,3248.6,28,3252.44,1899362,82927.0,107418.0,3250.0,3267.5,3239.8,3251.5,46370100,3576.6,2926.4,4322.95,2866.6,3249.8,1,1,3248.6,149,1,3248.5,116,6,3248.4,81,6,3248.3,43,1,3249.9,7,2,3250.1,127,6,3250.2,88,3,3250.3,88,4,3250.4,108,3
11536,2025-12-30 14:57:19+05:30,3248.8,14,3252.43,1899531,80511.0,108106.0,3250.0,3267.5,3239.8,3251.5,46370100,3576.6,2926.4,4322.95,2866.6,3248.6,62,3,3248.5,43,3,3248.4,74,4,3248.3,16,1,3248.1,169,6,3248.8,4,1,3249.6,21,1,3249.8,32,2,3249.9,61,1,3250.0,176,4
11536,2025-12-30 14:57:19+05:30,3248.8,14,3252.43,1899531,80511.0,108106.0,3250.0,3267.5,3239.8,3251.5,46370100,3576.6,2926.4,4322.95,2866.6,3248.6,62,3,3248.5,43,3,3248.4,74,4,3248.3,16,1,3248.1,169,6,3248.8,4,1,3249.6,21,1,3249.8,32,2,3249.9,61,1,3250.0,176,4
11536,2025-12-30 14:57:20+05:30,3249.6,9,3252.43,1899579,84459.0,106041.0,3250.0,3267.5,3239.8,3251.5,46370100,3576.6,2926.4,4322.95,2866.6,3248.6,13,2,3248.5,29,3,3248.4,16,3,3248.3,56,3,3248.2,3,1,3249.8,31,2,3249.9,10,1,3250.0,63,2,3250.1,27,1,3250.2,109,3
11536,2025-12-30 14:57:20+05:30,3249.6,9,3252.43,1899579,84459.0,106041.0,3250.0,3267.5,3239.8,3251.5,46370100,3576.6,2926.4,4322.95,2866.6,3248.6,13,2,3248.5,29,3,3248.4,16,3,3248.3,56,3,3248.2,3,1,3249.8,31,2,3249.9,10,1,3250.0,63,2,3250.1,27,1,3250.2,109,3
11536,2025-12-30 14:57:21+05:30,3248.5,9,3252.43,1899677,83936.0,107993.0,3250.0,3267.5,3239.8,3251.5,46370100,3576.6,2926.4,4322.95,2866.6,3248.5,20,3,3248.4,16,3,3248.3,12,1,3248.2,3,1,3248.1,1,1,3248.6,1,1,3249.4,34,2,3249.5,61,1,3249.6,145,3,3249.7,197,6
11536,2025-12-30 14:57:21+05:30,3248.6,1,3252.43,1899677,83936.0,107993.0,3250.0,3267.5,3239.8,3251.5,46370100,3576.6,2926.4,4322.95,2866.6,3248.5,20,3,3248.4,16,3,3248.3,12,1,3248.2,3,1,3248.1,1,1,3248.6,1,1,3249.4,34,2,3249.5,61,1,3249.6,145,3,3249.7,197,6
11536,2025-12-30 14:57:22+05:30,3248.6,156,3252.43,1900017,84044.0,105273.0,3250.0,3267.5,3239.8,3251.5,46370100,3576.6,2926.4,4322.95,2866.6,3248.6,34,1,3248.5,20,3,3248.4,26,4,3248.3,12,1,3248.2,3,1,3248.8,28,1,3249.6,21,1,3249.7,84,4,3249.8,88,7,3249.9,97,4
11536,2025-12-30 14:57:22+05:30,3248.6,156,3252.43,1900017,84044.0,105273.0,3250.0,3267.5,3239.8,3251.5,46370100,3576.6,2926.4,4322.95,2866.6,3248.6,34,1,3248.5,20,3,3248.4,26,4,3248.3,12,1,3248.2,3,1,3248.8,28,1,3249.6,21,1,3249.7,84,4,3249.8,88,7,3249.9,97,4
11536,2025-12-30 14:57:23+05:30,3248.8,1,3252.43,1900020,84144.0,107766.0,3250.0,3267.5,3239.8,3251.5,46370100,3576.6,2926.4,4322.95,2866.6,3248.6,61,1,3248.5,20,3,3248.4,60,5,3248.3,12,1,3248.2,3,1,3248.8,25,1,3249.5,10,1,3249.6,21,1,3249.7,73,3,3249.8,88,7
11536,2025-12-30 14:57:23+05:30,3248.8,1,3252.43,1900020,84144.0,107766.0,3250.0,3267.5,3239.8,3251.5,46370100,3576.6,2926.4,4322.95,2866.6,3248.6,61,1,3248.5,20,3,3248.4,60,5,3248.3,12,1,3248.2,3,1,3248.8,25,1,3249.5,10,1,3249.6,21,1,3249.7,73,3,3249.8,88,7
11536,2025-12-30 14:57:24+05:30,3248.8,1,3252.43,1900020,81447.0,107416.0,3250.0,3267.5,3239.8,3251.5,46370100,3576.6,2926.4,4322.95,2866.6,3248.6,61,1,3248.5,20,3,3248.4,60,5,3248.3,12,1,3248.2,3,1,3248.8,25,1,3249.5,10,1,3249.6,21,1,3249.7,57,2,3249.8,88,7
11536,2025-12-30 14:57:25+05:30,3249.5,1,3252.43,1900046,84225.0,108118.0,3250.0,3267.5,3239.8,3251.5,46370100,3576.6,2926.4,4322.95,2866.6,3248.8,4,1,3248.6,61,1,3248.5,20,3,3248.4,60,5,3248.3,12,1,3249.5,9,1,3249.7,33,2,3249.8,67,6,3249.9,32,2,3250.0,105,4
11536,2025-12-30 14:57:25+05:30,3249.5,5,3252.43,1900046,84225.0,108118.0,3250.0,3267.5,3239.8,3251.5,46370100,3576.6,2926.4,4322.95,2866.6,3248.8,4,1,3248.6,61,1,3248.5,20,3,3248.4,60,5,3248.3,12,1,3249.5,9,1,3249.7,33,2,3249.8,67,6,3249.9,32,2,3250.0,105,4
11536,2025-12-30 14:57:26+05:30,3248.6,94,3252.43,1900216,84256.0,106749.0,3250.0,3267.5,3239.8,3251.5,46370100,3576.6,2926.4,4322.95,2866.6,3248.6,34,1,3248.5,20,3,3248.4,26,4,3248.3,12,1,3248.2,3,1,3248.8,5,1,3249.5,41,2,3249.6,21,1,3249.7,87,3,3249.8,88,7
11536,2025-12-30 14:57:26+05:30,3248.6,94,3252.43,1900216,84256.0,106749.0,3250.0,3267.5,3239.8,3251.5,46370100,3576.6,2926.4,4322.95,2866.6,3248.6,34,1,3248.5,20,3,3248.4,26,4,3248.3,12,1,3248.2,3,1,3248.8,5,1,3249.5,41,2,3249.6,21,1,3249.7,87,3,3249.8,88,7
11536,2025-12-30 14:57:27+05:30,3248.8,9,3252.43,1900225,83983.0,106768.0,3250.0,3267.5,3239.8,3251.5,46370100,3576.6,2926.4,4322.95,2866.6,3248.6,34,1,3248.5,20,3,3248.4,26,4,3248.3,12,1,3248.2,3,1,3248.8,5,1,3249.0,7,1,3249.5,54,3,3249.6,37,3,3249.7,103,4
11536,2025-12-30 14:57:27+05:30,3248.8,9,3252.43,1900225,83983.0,106768.0,3250.0,3267.5,3239.8,3251.5,46370100,3576.6,2926.4,4322.95,2866.6,3248.6,34,1,3248.5,20,3,3248.4,26,4,3248.3,12,1,3248.2,3,1,3248.8,5,1,3249.0,7,1,3249.5,54,3,3249.6,37,3,3249.7,103,4
11536,2025-12-30 14:57:28+05:30,3248.6,4,3252.43,1900225,83983.0,106768.0,3250.0,3267.5,3239.8,3251.5,46370100,3576.6,2926.4,4322.95,2866.6,3248.6,34,1,3248.5,20,3,3248.4,26,4,3248.3,12,1,3248.2,3,1,3248.8,5,1,3249.0,7,1,3249.5,54,3,3249.6,37,3,3249.7,103,4
11536,2025-12-30 14:57:28+05:30,3248.6,4,3252.43,1900265,83715.0,107471.0,3250.0,3267.5,3239.8,3251.5,46370100,3576.6,2926.4,4322.95,2866.6,3248.6,119,4,3248.5,20,3,3248.4,16,3,3248.3,12,1,3248.2,3,1,3248.8,12,2,3249.0,7,1,3249.5,50,2,3249.6,37,3,3249.7,103,4
11536,2025-12-30 14:57:29+05:30,3248.6,4,3252.43,1900265,83715.0,107471.0,3250.0,3267.5,3239.8,3251.5,46370100,3576.6,2926.4,4322.95,2866.6,3248.6,119,4,3248.5,20,3,3248.4,16,3,3248.3,12,1,3248.2,3,1,3248.8,12,2,3249.0,7,1,3249.5,50,2,3249.6,37,3,3249.7,103,4
11536,2025-12-30 14:57:29+05:30,3248.6,4,3252.43,1900304,84036.0,105371.0,3250.0,3267.5,3239.8,3251.5,46370100,3576.6,2926.4,4322.95,2866.6,3248.7,19,1,3248.6,83,3,3248.5,20,3,3248.4,16,3,3248.3,12,1,3248.8,12,2,3249.0,7,1,3249.5,50,2,3249.6,37,3,3249.7,103,4
11536,2025-12-30 14:57:30+05:30,3248.6,53,3252.43,1900304,84036.0,105371.0,3250.0,3267.5,3239.8,3251.5,46370100,3576.6,2926.4,4322.95,2866.6,3248.7,19,1,3248.6,83,3,3248.5,20,3,3248.4,16,3,3248.3,12,1,3248.8,12,2,3249.0,7,1,3249.5,50,2,3249.6,37,3,3249.7,103,4
11536,2025-12-30 14:57:30+05:30,3248.8,1,3252.43,1900461,83858.0,107454.0,3250.0,3267.5,3239.8,3251.5,46370100,3576.6,2926.4,4322.95,2866.6,3248.6,9,1,3248.5,20,3,3248.4,16,3,3248.3,12,1,3248.2,3,1,3248.8,11,2,3249.0,7,1,3249.5,50,2,3249.6,37,3,3249.7,87,3
11536,2025-12-30 14:57:31+05:30,3248.8,2,3252.43,1900461,83858.0,107454.0,3250.0,3267.5,3239.8,3251.5,46370100,3576.6,2926.4,4322.95,2866.6,3248.6,9,1,3248.5,20,3,3248.4,16,3,3248.3,12,1,3248.2,3,1,3248.8,11,2,3249.0,7,1,3249.5,50,2,3249.6,37,3,3249.7,87,3
11536,2025-12-30 14:57:31+05:30,3248.8,2,3252.43,1900466,83923.0,107509.0,3250.0,3267.5,3239.8,3251.5,46370100,3576.6,2926.4,4322.95,2866.6,3248.6,8,1,3248.5,20,3,3248.4,16,3,3248.3,12,1,3248.2,3,1,3248.8,12,2,3249.0,7,1,3249.5,50,2,3249.6,37,3,3249.7,113,4
11536,2025-12-30 14:57:32+05:30,3248.8,2,3252.43,1900466,83923.0,107509.0,3250.0,3267.5,3239.8,3251.5,46370100,3576.6,2926.4,4322.95,2866.6,3248.6,8,1,3248.5,20,3,3248.4,16,3,3248.3,12,1,3248.2,3,1,3248.8,12,2,3249.0,7,1,3249.5,50,2,3249.6,37,3,3249.7,113,4
11536,2025-12-30 14:57:32+05:30,3248.1,4,3252.43,1900909,83603.0,105792.0,3250.0,3267.5,3239.8,3251.5,46370100,3576.6,2926.4,4322.95,2866.6,3248.0,208,4,3247.9,7,2,3247.8,23,2,3247.7,9,1,3247.6,9,3,3248.1,102,1,3248.8,39,5,3248.9,3,1,3249.0,29,2,3249.1,9,1
11536,2025-12-30 14:57:33+05:30,3248.1,4,3252.43,1900909,83603.0,105792.0,3250.0,3267.5,3239.8,3251.5,46370100,3576.6,2926.4,4322.95,2866.6,3248.0,208,4,3247.9,7,2,3247.8,23,2,3247.7,9,1,3247.6,9,3,3248.1,102,1,3248.8,39,5,3248.9,3,1,3249.0,29,2,3249.1,9,1
11536,2025-12-30 14:57:33+05:30,3248.1,2,3252.43,1900911,84260.0,107945.0,3250.0,3267.5,3239.8,3251.5,46370100,3576.6,2926.4,4322.95,2866.6,3248.0,331,6,3247.9,57,3,3247.8,23,2,3247.7,40,2,3247.6,36,4,3248.1,100,1,3248.8,39,5,3248.9,57,2,3249.0,29,2,3249.1,63,2
11536,2025-12-30 14:57:34+05:30,3248.0,152,3252.43,1900911,84260.0,107945.0,3250.0,3267.5,3239.8,3251.5,46370100,3576.6,2926.4,4322.95,2866.6,3248.0,331,6,3247.9,57,3,3247.8,23,2,3247.7,40,2,3247.6,36,4,3248.1,100,1,3248.8,39,5,3248.9,57,2,3249.0,29,2,3249.1,63,2
11536,2025-12-30 14:57:35+05:30,3248.1,1,3252.43,1901114,84107.0,107781.0,3250.0,3267.5,3239.8,3251.5,46370100,3576.6,2926.4,4322.95,2866.6,3248.0,224,5,3247.9,7,2,3247.8,23,2,3247.7,40,2,3247.6,36,4,3248.1,66,2,3248.8,25,4,3248.9,57,2,3249.0,29,2,3249.1,63,2
11536,2025-12-30 14:57:35+05:30,3248.1,1,3252.43,1901114,84107.0,107781.0,3250.0,3267.5,3239.8,3251.5,46370100,3576.6,2926.4,4322.95,2866.6,3248.0,224,5,3247.9,7,2,3247.8,23,2,3247.7,40,2,3247.6,36,4,3248.1,66,2,3248.8,25,4,3248.9,57,2,3249.0,29,2,3249.1,63,2
11536,2025-12-30 14:57:36+05:30,3248.0,25,3252.43,1901682,83886.0,107879.0,3250.0,3267.5,3239.8,3251.5,46370100,3576.6,2926.4,4322.95,2866.6,3248.0,95,4,3247.9,28,3,3247.8,57,4,3247.7,35,2,3247.6,36,4,3248.1,17,2,3248.8,20,3,3249.0,29,2,3249.2,21,1,3249.3,61,1
11536,2025-12-30 14:57:36+05:30,3248.0,25,3252.43,1901682,83886.0,107879.0,3250.0,3267.5,3239.8,3251.5,46370100,3576.6,2926.4,4322.95,2866.6,3248.0,95,4,3247.9,28,3,3247.8,57,4,3247.7,35,2,3247.6,36,4,3248.1,17,2,3248.8,20,3,3249.0,29,2,3249.2,21,1,3249.3,61,1
11536,2025-12-30 14:57:37+05:30,3248.0,16,3252.43,1901794,83858.0,107440.0,3250.0,3267.5,3239.8,3251.5,46370100,3576.6,2926.4,4322.95,2866.6,3248.0,35,2,3247.9,7,2,3247.8,23,2,3247.7,9,1,3247.6,9,3,3248.1,7,2,3248.8,16,2,3249.0,83,3,3249.2,75,2,3249.3,77,3
11536,2025-12-30 14:57:37+05:30,3248.1,6,3252.43,1901794,83858.0,107440.0,3250.0,3267.5,3239.8,3251.5,46370100,3576.6,2926.4,4322.95,2866.6,3248.0,35,2,3247.9,7,2,3247.8,23,2,3247.7,9,1,3247.6,9,3,3248.1,7,2,3248.8,16,2,3249.0,83,3,3249.2,75,2,3249.3,77,3
11536,2025-12-30 14:57:38+05:30,3247.8,5,3252.43,1902023,81595.0,108149.0,3250.0,3267.5,3239.8,3251.5,46370100,3576.6,2926.4,4322.95,2866.6,3247.8,22,3,3247.7,15,2,3247.6,14,4,3247.5,70,3,3247.4,54,1,3248.0,16,2,3248.1,3,1,3248.8,21,1,3248.9,61,1,3249.0,83,3
11536,2025-12-30 14:57:38+05:30,3247.8,5,3252.43,1902023,81595.0,108149.0,3250.0,3267.5,3239.8,3251.5,46370100,3576.6,2926.4,4322.95,2866.6,3247.8,22,3,3247.7,15,2,3247.6,14,4,3247.5,70,3,3247.4,54,1,3248.0,16,2,3248.1,3,1,3248.8,21,1,3248.9,61,1,3249.0,83,3
11536,2025-12-30 14:57:39+05:30,3247.9,40,3252.43,1902063,83378.0,107974.0,3250.0,3267.5,3239.8,3251.5,46370100,3576.6,2926.4,4322.95,2866.6,3247.9,7,1,3247.8,22,3,3247.7,15,2,3247.6,14,4,3247.5,3,1,3248.0,16,2,3248.1,3,1,3248.8,21,1,3248.9,61,1,3249.0,83,3
11536,2025-12-30 14:57:39+05:30,3247.9,40,3252.43,1902063,83378.0,107974.0,3250.0,3267.5,3239.8,3251.5,46370100,3576.6,2926.4,4322.95,2866.6,3247.9,7,1,3247.8,22,3,3247.7,15,2,3247.6,14,4,3247.5,3,1,3248.0,16,2,3248.1,3,1,3248.8,21,1,3248.9,61,1,3249.0,83,3
11536,2025-12-30 14:57:40+05:30,3248.0,4,3252.43,1902242,84220.0,108042.0,3250.0,3267.5,3239.8,3251.5,46370100,3576.6,2926.4,4322.95,2866.6,3247.9,108,4,3247.8,97,5,3247.7,94,4,3247.6,61,6,3247.5,122,4,3248.0,24,1,3248.1,2,1,3248.8,21,1,3249.0,29,2,3249.2,102,3
11536,2025-12-30 14:57:40+05:30,3248.0,4,3252.43,1902242,84220.0,108042.0,3250.0,3267.5,3239.8,3251.5,46370100,3576.6,2926.4,4322.95,2866.6,3247.9,108,4,3247.8,97,5,3247.7,94,4,3247.6,61,6,3247.5,122,4,3248.0,24,1,3248.1,2,1,3248.8,21,1,3249.0,29,2,3249.2,102,3
11536,2025-12-30 14:57:41+05:30,3247.8,5,3252.43,1902341,83002.0,107971.0,3250.0,3267.5,3239.8,3251.5,46370100,3576.6,2926.4,4322.95,2866.6,3247.8,76,4,3247.7,69,3,3247.6,38,5,3247.5,30,2,3247.4,34,3,3247.9,1,1,3248.0,24,1,3248.1,2,1,3248.8,21,1,3248.9,61,1
11536,2025-12-30 14:57:41+05:30,3247.8,5,3252.43,1902341,83002.0,107971.0,3250.0,3267.5,3239.8,3251.5,46370100,3576.6,2926.4,4322.95,2866.6,3247.8,76,4,3247.7,69,3,3247.6,38,5,3247.5,30,2,3247.4,34,3,3247.9,1,1,3248.0,24,1,3248.1,2,1,3248.8,21,1,3248.9,61,1
11536,2025-12-30 14:57:42+05:30,3247.8,4,3252.43,1902341,83002.0,107971.0,3250.0,3267.5,3239.8,3251.5,46370100,3576.6,2926.4,4322.95,2866.6,3247.8,76,4,3247.7,69,3,3247.6,38,5,3247.5,30,2,3247.4,34,3,3247.9,1,1,3248.0,24,1,3248.1,2,1,3248.8,21,1,3248.9,61,1
11536,2025-12-30 14:57:42+05:30,3247.8,4,3252.43,1902497,82936.0,108371.0,3250.0,3267.5,3239.8,3251.5,46370100,3576.6,2926.4,4322.95,2866.6,3247.8,71,5,3247.7,139,5,3247.6,47,6,3247.5,30,2,3247.4,34,3,3248.0,24,1,3248.1,2,1,3248.8,21,1,3249.0,83,3,3249.2,102,3
11536,2025-12-30 14:57:43+05:30,3247.8,1,3252.43,1902497,82936.0,108371.0,3250.0,3267.5,3239.8,3251.5,46370100,3576.6,2926.4,4322.95,2866.6,3247.8,71,5,3247.7,139,5,3247.6,47,6,3247.5,30,2,3247.4,34,3,3248.0,24,1,3248.1,2,1,3248.8,21,1,3249.0,83,3,3249.2,102,3
11536,2025-12-30 14:57:43+05:30,3248.8,2,3252.43,1902532,83848.0,108071.0,3250.0,3267.5,3239.8,3251.5,46370100,3576.6,2926.4,4322.95,2866.6,3247.8,63,5,3247.7,108,5,3247.6,47,6,3247.5,92,4,3247.4,70,4,3248.8,33,2,3248.9,34,1,3249.0,68,3,3249.1,40,1,3249.2,96,3
11536,2025-12-30 14:57:44+05:30,3249.5,1,3252.43,1902532,83848.0,108071.0,3250.0,3267.5,3239.8,3251.5,46370100,3576.6,2926.4,4322.95,2866.6,3247.8,63,5,3247.7,108,5,3247.6,47,6,3247.5,92,4,3247.4,70,4,3248.8,33,2,3248.9,34,1,3249.0,68,3,3249.1,40,1,3249.2,96,3
11536,2025-12-30 14:57:44+05:30,3249.5,1,3252.43,1902668,83389.0,107510.0,3250.0,3267.5,3239.8,3251.5,46370100,3576.6,2926.4,4322.95,2866.6,3249.0,865,1,3248.0,22,1,3247.8,93,6,3247.7,195,6,3247.6,309,11,3249.5,109,5,3249.6,68,2,3249.7,103,3,3249.8,62,4,3249.9,451,7
11536,2025-12-30 14:57:45+05:30,3249.0,25,3252.43,1902668,83389.0,107510.0,3250.0,3267.5,3239.8,3251.5,46370100,3576.6,2926.4,4322.95,2866.6,3249.0,865,1,3248.0,22,1,3247.8,93,6,3247.7,195,6,3247.6,309,11,3249.5,109,5,3249.6,68,2,3249.7,103,3,3249.8,62,4,3249.9,451,7
11536,2025-12-30 14:57:45+05:30,3249.0,25,3252.43,1902694,80102.0,107547.0,3250.0,3267.5,3239.8,3251.5,46370100,3576.6,2926.4,4322.95,2866.6,3249.0,869,2,3248.0,22,1,3247.8,50,5,3247.7,112,4,3247.6,309,11,3249.5,148,6,3249.6,38,2,3249.7,93,2,3249.8,62,4,3249.9,451,7
11536,2025-12-30 14:57:46+05:30,3249.0,156,3252.43,1902694,80102.0,107547.0,3250.0,3267.5,3239.8,3251.5,46370100,3576.6,2926.4,4322.95,2866.6,3249.0,869,2,3248.0,22,1,3247.8,50,5,3247.7,112,4,3247.6,309,11,3249.5,148,6,3249.6,38,2,3249.7,93,2,3249.8,62,4,3249.9,451,7
11536,2025-12-30 14:57:46+05:30,3249.5,8,3252.43,1902863,82831.0,107819.0,3250.0,3267.5,3239.8,3251.5,46370100,3576.6,2926.4,4322.95,2866.6,3249.0,712,2,3248.0,22,1,3247.8,50,5,3247.7,166,5,3247.6,337,12,3249.5,211,9,3249.6,38,2,3249.7,117,3,3249.8,62,4,3249.9,497,8
11536,2025-12-30 14:57:47+05:30,3249.5,1,3252.43,1902863,82831.0,107819.0,3250.0,3267.5,3239.8,3251.5,46370100,3576.6,2926.4,4322.95,2866.6,3249.0,712,2,3248.0,22,1,3247.8,50,5,3247.7,166,5,3247.6,337,12,3249.5,211,9,3249.6,38,2,3249.7,117,3,3249.8,62,4,3249.9,497,8
11536,2025-12-30 14:57:47+05:30,3249.4,3,3252.43,1903959,80864.0,108523.0,3250.0,3267.5,3239.8,3251.5,46370100,3576.6,2926.4,4322.95,2866.6,3247.9,28,1,3247.8,51,5,3247.7,69,3,3247.6,14,4,3247.5,3,1,3249.4,219,12,3249.5,175,7,3249.6,55,3,3249.7,142,4,3249.8,82,5
11536,2025-12-30 14:57:48+05:30,3249.4,3,3252.43,1903959,80864.0,108523.0,3250.0,3267.5,3239.8,3251.5,46370100,3576.6,2926.4,4322.95,2866.6,3247.9,28,1,3247.8,51,5,3247.7,69,3,3247.6,14,4,3247.5,3,1,3249.4,219,12,3249.5,175,7,3249.6,55,3,3249.7,142,4,3249.8,82,5
11536,2025-12-30 14:57:49+05:30,3249.7,12,3252.42,1904998,78924.0,107968.0,3250.0,3267.5,3239.8,3251.5,46370100,3576.6,2926.4,4322.95,2866.6,3248.0,13,1,3247.9,32,2,3247.8,35,2,3247.7,129,5,3247.6,35,5,3249.4,72,3,3249.6,146,1,3249.7,63,4,3249.8,143,5,3249.9,56,4
11536,2025-12-30 14:57:49+05:30,3250.0,105,3252.42,1904998,78924.0,107968.0,3250.0,3267.5,3239.8,3251.5,46370100,3576.6,2926.4,4322.95,2866.6,3248.0,13,1,3247.9,32,2,3247.8,35,2,3247.7,129,5,3247.6,35,5,3249.4,72,3,3249.6,146,1,3249.7,63,4,3249.8,143,5,3249.9,56,4
11536,2025-12-30 14:57:50+05:30,3250.0,105,3252.42,1905998,82484.0,108012.0,3250.0,3267.5,3239.8,3251.5,46370100,3576.6,2926.4,4322.95,2866.6,3249.4,5,1,3248.2,63,2,3248.1,237,3,3248.0,227,6,3247.9,57,2,3249.8,90,6,3249.9,54,2,3250.0,117,3,3250.1,95,5,3250.2,58,3
11536,2025-12-30 14:57:50+05:30,3248.1,45,3252.42,1905998,82484.0,108012.0,3250.0,3267.5,3239.8,3251.5,46370100,3576.6,2926.4,4322.95,2866.6,3249.4,5,1,3248.2,63,2,3248.1,237,3,3248.0,227,6,3247.9,57,2,3249.8,90,6,3249.9,54,2,3250.0,117,3,3250.1,95,5,3250.2,58,3
11536,2025-12-30 14:57:51+05:30,3248.1,1,3252.42,1907154,78693.0,108409.0,3250.0,3267.5,3239.8,3251.5,46370100,3576.6,2926.4,4322.95,2866.6,3248.2,14,1,3248.1,23,1,3248.0,172,4,3247.8,55,2,3247.7,115,4,3249.8,316,8,3249.9,214,6,3250.0,145,4,3250.1,26,2,3250.2,82,7
11536,2025-12-30 14:57:51+05:30,3248.1,1,3252.42,1907154,78693.0,108409.0,3250.0,3267.5,3239.8,3251.5,46370100,3576.6,2926.4,4322.95,2866.6,3248.2,14,1,3248.1,23,1,3248.0,172,4,3247.8,55,2,3247.7,115,4,3249.8,316,8,3249.9,214,6,3250.0,145,4,3250.1,26,2,3250.2,82,7
11536,2025-12-30 14:57:52+05:30,3249.4,17,3252.42,1907339,81254.0,107833.0,3250.0,3267.5,3239.8,3251.5,46370100,3576.6,2926.4,4322.95,2866.6,3248.1,78,2,3248.0,118,3,3247.9,46,1,3247.8,55,2,3247.7,69,3,3249.4,39,1,3249.5,19,2,3249.6,62,3,3249.8,65,4,3249.9,120,6
11536,2025-12-30 14:57:52+05:30,3249.4,17,3252.42,1907339,81254.0,107833.0,3250.0,3267.5,3239.8,3251.5,46370100,3576.6,2926.4,4322.95,2866.6,3248.1,78,2,3248.0,118,3,3247.9,46,1,3247.8,55,2,3247.7,69,3,3249.4,39,1,3249.5,19,2,3249.6,62,3,3249.8,65,4,3249.9,120,6
11536,2025-12-30 14:57:53+05:30,3249.4,1,3252.42,1908340,81804.0,107560.0,3250.0,3267.5,3239.8,3251.5,46370100,3576.6,2926.4,4322.95,2866.6,3248.2,32,1,3248.1,54,1,3248.0,118,3,3247.8,117,4,3247.7,69,3,3249.4,1,1,3249.6,204,5,3249.7,23,2,3249.8,20,1,3249.9,70,5
11536,2025-12-30 14:57:53+05:30,3249.4,1,3252.42,1908340,81804.0,107560.0,3250.0,3267.5,3239.8,3251.5,46370100,3576.6,2926.4,4322.95,2866.6,3248.2,32,1,3248.1,54,1,3248.0,118,3,3247.8,117,4,3247.7,69,3,3249.4,1,1,3249.6,204,5,3249.7,23,2,3249.8,20,1,3249.9,70,5
11536,2025-12-30 14:57:54+05:30,3249.4,1,3252.42,1908340,82246.0,107782.0,3250.0,3267.5,3239.8,3251.5,46370100,3576.6,2926.4,4322.95,2866.6,3248.3,23,1,3248.2,154,3,3248.1,20,1,3248.0,118,3,3247.9,70,2,3249.6,83,7,3249.7,76,2,3249.8,104,4,3249.9,86,6,3250.0,45,4
11536,2025-12-30 14:57:54+05:30,3248.2,79,3252.42,1908340,82246.0,107782.0,3250.0,3267.5,3239.8,3251.5,46370100,3576.6,2926.4,4322.95,2866.6,3248.3,23,1,3248.2,154,3,3248.1,20,1,3248.0,118,3,3247.9,70,2,3249.6,83,7,3249.7,76,2,3249.8,104,4,3249.9,86,6,3250.0,45,4
11536,2025-12-30 14:57:55+05:30,3249.6,1,3252.42,1909411,82148.0,107439.0,3250.0,3267.5,3239.8,3251.5,46370100,3576.6,2926.4,4322.95,2866.6,3248.3,71,2,3248.2,73,3,3248.1,20,1,3248.0,164,4,3247.9,50,2,3249.8,235,4,3249.9,86,6,3250.0,57,2,3250.1,89,3,3250.2,67,5
11536,2025-12-30 14:57:55+05:30,3249.6,1,3252.42,1909411,82148.0,107439.0,3250.0,3267.5,3239.8,3251.5,46370100,3576.6,2926.4,4322.95,2866.6,3248.3,71,2,3248.2,73,3,3248.1,20,1,3248.0,164,4,3247.9,50,2,3249.8,235,4,3249.9,86,6,3250.0,57,2,3250.1,89,3,3250.2,67,5
11536,2025-12-30 14:57:56+05:30,3249.6,1,3252.42,1909411,80256.0,107630.0,3250.0,3267.5,3239.8,3251.5,46370100,3576.6,2926.4,4322.95,2866.6,3248.4,54,1,3248.3,95,3,3248.2,11,1,3248.1,20,1,3248.0,164,4,3249.8,310,9,3249.9,44,4,3250.0,81,4,3250.1,28,2,3250.2,87,6
11536,2025-12-30 14:57:57+05:30,3249.8,9,3252.42,1909420,80961.0,107406.0,3250.0,3267.5,3239.8,3251.5,46370100,3576.6,2926.4,4322.95,2866.6,3248.4,64,2,3248.3,95,3,3248.2,11,1,3248.1,66,2,3248.0,118,3,3249.8,84,6,3249.9,36,3,3250.0,81,4,3250.1,28,2,3250.2,237,7
11536,2025-12-30 14:57:57+05:30,3249.8,1,3252.42,1909420,80961.0,107406.0,3250.0,3267.5,3239.8,3251.5,46370100,3576.6,2926.4,4322.95,2866.6,3248.4,64,2,3248.3,95,3,3248.2,11,1,3248.1,66,2,3248.0,118,3,3249.8,84,6,3249.9,36,3,3250.0,81,4,3250.1,28,2,3250.2,237,7
11536,2025-12-30 14:57:58+05:30,3249.8,2,3252.42,1909423,80864.0,107026.0,3250.0,3267.5,3239.8,3251.5,46370100,3576.6,2926.4,4322.95,2866.6,3249.8,1,1,3249.1,54,1,3248.7,61,1,3248.6,60,1,3248.5,147,3,3249.9,41,4,3250.0,51,2,3250.1,25,1,3250.2,97,5,3250.3,61,2
11536,2025-12-30 14:57:58+05:30,3249.1,155,3252.42,1909423,80864.0,107026.0,3250.0,3267.5,3239.8,3251.5,46370100,3576.6,2926.4,4322.95,2866.6,3249.8,1,1,3249.1,54,1,3248.7,61,1,3248.6,60,1,3248.5,147,3,3249.9,41,4,3250.0,51,2,3250.1,25,1,3250.2,97,5,3250.3,61,2
11536,2025-12-30 14:57:59+05:30,3249.8,1,3252.42,1909677,81565.0,107097.0,3250.0,3267.5,3239.8,3251.5,46370100,3576.6,2926.4,4322.95,2866.6,3249.1,17,2,3248.6,60,1,3248.3,95,3,3248.2,30,2,3248.1,140,5,3249.8,119,7,3249.9,32,2,3250.0,38,2,3250.2,84,6,3250.3,235,4
11536,2025-12-30 14:57:59+05:30,3249.8,27,3252.42,1909677,81565.0,107097.0,3250.0,3267.5,3239.8,3251.5,46370100,3576.6,2926.4,4322.95,2866.6,3249.1,17,2,3248.6,60,1,3248.3,95,3,3248.2,30,2,3248.1,140,5,3249.8,119,7,3249.9,32,2,3250.0,38,2,3250.2,84,6,3250.3,235,4
11536,2025-12-30 14:58:00+05:30,3249.8,54,3252.42,1909957,82639.0,107194.0,3250.0,3267.5,3239.8,3251.5,46370100,3576.6,2926.4,4322.95,2866.6,3249.8,5,1,3249.1,2,1,3248.6,60,1,3248.4,21,1,3248.3,95,3,3249.9,111,6,3250.0,17,1,3250.1,23,1,3250.2,82,5,3250.3,235,4
11536,2025-12-30 14:58:00+05:30,3249.8,54,3252.42,1909957,82639.0,107194.0,3250.0,3267.5,3239.8,3251.5,46370100,3576.6,2926.4,4322.95,2866.6,3249.8,5,1,3249.1,2,1,3248.6,60,1,3248.4,21,1,3248.3,95,3,3249.9,111,6,3250.0,17,1,3250.1,23,1,3250.2,82,5,3250.3,235,4
11536,2025-12-30 14:58:01+05:30,3249.4,1,3252.42,1910058,82280.0,108235.0,3250.0,3267.5,3239.8,3251.5,46370100,3576.6,2926.4,4322.95,2866.6,3248.2,81,3,3248.1,27,3,3248.0,102,4,3247.9,46,1,3247.8,55,2,3249.4,17,1,3249.6,68,7,3249.7,30,3,3249.8,38,4,3249.9,76,6
11536,2025-12-30 14:58:01+05:30,3249.4,1,3252.42,1910058,82280.0,108235.0,3250.0,3267.5,3239.8,3251.5,46370100,3576.6,2926.4,4322.95,2866.6,3248.2,81,3,3248.1,27,3,3248.0,102,4,3247.9,46,1,3247.8,55,2,3249.4,17,1,3249.6,68,7,3249.7,30,3,3249.8,38,4,3249.9,76,6
11536,2025-12-30 14:58:02+05:30,3248.0,46,3252.42,1910219,82184.0,107342.0,3250.0,3267.5,3239.8,3251.5,46370100,3576.6,2926.4,4322.95,2866.6,3248.2,81,3,3248.1,39,1,3248.0,9,2,3247.8,127,4,3247.7,72,4,3249.4,48,4,3249.5,15,1,3249.6,47,4,3249.7,20,2,3249.8,38,4
11536,2025-12-30 14:58:02+05:30,3248.0,46,3252.42,1910219,82184.0,107342.0,3250.0,3267.5,3239.8,3251.5,46370100,3576.6,2926.4,4322.95,2866.6,3248.2,81,3,3248.1,39,1,3248.0,9,2,3247.8,127,4,3247.7,72,4,3249.4,48,4,3249.5,15,1,3249.6,47,4,3249.7,20,2,3249.8,38,4
11536,2025-12-30 14:58:03+05:30,3249.2,21,3252.41,1911298,82031.0,106569.0,3250.0,3267.5,3239.8,3251.5,46370100,3576.6,2926.4,4322.95,2866.6,3248.3,34,2,3248.2,170,3,3248.1,138,6,3248.0,93,4,3247.9,87,4,3249.4,39,3,3249.6,21,1,3249.7,25,2,3249.8,45,3,3249.9,60,3
11536,2025-12-30 14:58:03+05:30,3249.2,21,3252.41,1911298,82031.0,106569.0,3250.0,3267.5,3239.8,3251.5,46370100,3576.6,2926.4,4322.95,2866.6,3248.3,34,2,3248.2,170,3,3248.1,138,6,3248.0,93,4,3247.9,87,4,3249.4,39,3,3249.6,21,1,3249.7,25,2,3249.8,45,3,3249.9,60,3
11536,2025-12-30 14:58:04+05:30,3249.4,1,3252.41,1911301,82350.0,107109.0,3250.0,3267.5,3239.8,3251.5,46370100,3576.6,2926.4,4322.95,2866.6,3248.3,67,2,3248.2,180,4,3248.1,129,5,3248.0,47,3,3247.9,123,4,3249.4,13,1,3249.6,72,4,3249.7,25,2,3249.8,44,2,3249.9,84,4
11536,2025-12-30 14:58:04+05:30,3249.4,13,3252.41,1911301,82350.0,107109.0,3250.0,3267.5,3239.8,3251.5,46370100,3576.6,2926.4,4322.95,2866.6,3248.3,67,2,3248.2,180,4,3248.1,129,5,3248.0,47,3,3247.9,123,4,3249.4,13,1,3249.6,72,4,3249.7,25,2,3249.8,44,2,3249.9,84,4
11536,2025-12-30 14:58:05+05:30,3249.6,1,3252.41,1911315,83108.0,107506.0,3250.0,3267.5,3239.8,3251.5,46370100,3576.6,2926.4,4322.95,2866.6,3249.4,5,1,3248.4,64,2,3248.3,174,4,3248.2,170,3,3248.1,218,7,3249.6,91,5,3249.9,67,4,3250.0,48,2,3250.1,34,2,3250.2,93,4
11536,2025-12-30 14:58:05+05:30,3249.6,1,3252.41,1911315,83108.0,107506.0,3250.0,3267.5,3239.8,3251.5,46370100,3576.6,2926.4,4322.95,2866.6,3249.4,5,1,3248.4,64,2,3248.3,174,4,3248.2,170,3,3248.1,218,7,3249.6,91,5,3249.9,67,4,3250.0,48,2,3250.1,34,2,3250.2,93,4
11536,2025-12-30 14:58:06+05:30,3248.3,7,3252.41,1911470,80356.0,108106.0,3250.0,3267.5,3239.8,3251.5,46370100,3576.6,2926.4,4322.95,2866.6,3248.3,37,2,3248.2,170,3,3248.1,86,3,3248.0,7,2,3247.9,103,4,3249.5,88,4,3249.6,41,3,3249.8,83,2,3249.9,335,7,3250.0,136,4
11536,2025-12-30 14:58:06+05:30,3248.3,7,3252.41,1911470,80356.0,108106.0,3250.0,3267.5,3239.8,3251.5,46370100,3576.6,2926.4,4322.95,2866.6,3248.3,37,2,3248.2,170,3,3248.1,86,3,3248.0,7,2,3247.9,103,4,3249.5,88,4,3249.6,41,3,3249.8,83,2,3249.9,335,7,3250.0,136,4
11536,2025-12-30 14:58:07+05:30,3249.8,29,3252.41,1911470,80356.0,108106.0,3250.0,3267.5,3239.8,3251.5,46370100,3576.6,2926.4,4322.95,2866.6,3248.3,37,2,3248.2,170,3,3248.1,86,3,3248.0,7,2,3247.9,103,4,3249.5,88,4,3249.6,41,3,3249.8,83,2,3249.9,335,7,3250.0,136,4
11536,2025-12-30 14:58:07+05:30,3249.8,29,3252.41,1911797,82435.0,107313.0,3250.0,3267.5,3239.8,3251.5,46370100,3576.6,2926.4,4322.95,2866.6,3248.3,149,3,3248.2,118,2,3248.1,72,3,3248.0,52,2,3247.9,64,4,3249.8,268,7,3249.9,27,1,3250.0,94,3,3250.1,86,3,3250.2,96,5
11536,2025-12-30 14:58:08+05:30,3249.8,4,3252.41,1911801,82417.0,107383.0,3250.0,3267.5,3239.8,3251.5,46370100,3576.6,2926.4,4322.95,2866.6,3248.3,149,3,3248.2,118,2,3248.1,72,3,3248.0,6,1,3247.9,110,5,3249.6,39,4,3249.8,262,5,3249.9,67,4,3250.0,94,3,3250.1,86,3
11536,2025-12-30 14:58:08+05:30,3249.8,4,3252.41,1911801,82417.0,107383.0,3250.0,3267.5,3239.8,3251.5,46370100,3576.6,2926.4,4322.95,2866.6,3248.3,149,3,3248.2,118,2,3248.1,72,3,3248.0,6,1,3247.9,110,5,3249.6,39,4,3249.8,262,5,3249.9,67,4,3250.0,94,3,3250.1,86,3
11536,2025-12-30 14:58:09+05:30,3248.3,5,3252.41,1911840,82786.0,107451.0,3250.0,3267.5,3239.8,3251.5,46370100,3576.6,2926.4,4322.95,2866.6,3248.4,105,1,3248.3,136,2,3248.2,21,1,3248.1,18,2,3248.0,6,1,3249.5,88,4,3249.6,20,1,3249.7,16,2,3249.8,223,4,3249.9,57,3
11536,2025-12-30 14:58:09+05:30,3248.3,5,3252.41,1911840,82786.0,107451.0,3250.0,3267.5,3239.8,3251.5,46370100,3576.6,2926.4,4322.95,2866.6,3248.4,105,1,3248.3,136,2,3248.2,21,1,3248.1,18,2,3248.0,6,1,3249.5,88,4,3249.6,20,1,3249.7,16,2,3249.8,223,4,3249.9,57,3
11536,2025-12-30 14:58:10+05:30,3248.4,46,3252.41,1911840,82786.0,107451.0,3250.0,3267.5,3239.8,3251.5,46370100,3576.6,2926.4,4322.95,2866.6,3248.4,105,1,3248.3,136,2,3248.2,21,1,3248.1,18,2,3248.0,6,1,3249.5,88,4,3249.6,20,1,3249.7,16,2,3249.8,223,4,3249.9,57,3
11536,2025-12-30 14:58:10+05:30,3248.4,46,3252.41,1912069,82141.0,107372.0,3250.0,3267.5,3239.8,3251.5,46370100,3576.6,2926.4,4322.95,2866.6,3248.4,69,2,3248.3,131,1,3248.2,21,1,3248.1,18,2,3248.0,52,2,3249.6,91,3,3249.7,44,4,3249.8,60,3,3249.9,27,1,3250.0,94,3
11536,2025-12-30 14:58:11+05:30,3249.5,1,3252.41,1912069,82141.0,107372.0,3250.0,3267.5,3239.8,3251.5,46370100,3576.6,2926.4,4322.95,2866.6,3248.4,69,2,3248.3,131,1,3248.2,21,1,3248.1,18,2,3248.0,52,2,3249.6,91,3,3249.7,44,4,3249.8,60,3,3249.9,27,1,3250.0,94,3
11536,2025-12-30 14:58:11+05:30,3249.5,2,3252.41,1912073,82780.0,107308.0,3250.0,3267.5,3239.8,3251.5,46370100,3576.6,2926.4,4322.95,2866.6,3249.0,58,1,3248.3,131,1,3248.2,63,2,3248.1,18,2,3248.0,52,2,3249.5,76,3,3249.6,18,2,3249.8,60,3,3249.9,72,4,3250.0,48,2
11536,2025-12-30 14:58:12+05:30,3249.0,1,3252.41,1912073,82780.0,107308.0,3250.0,3267.5,3239.8,3251.5,46370100,3576.6,2926.4,4322.95,2866.6,3249.0,58,1,3248.3,131,1,3248.2,63,2,3248.1,18,2,3248.0,52,2,3249.5,76,3,3249.6,18,2,3249.8,60,3,3249.9,72,4,3250.0,48,2
11536,2025-12-30 14:58:12+05:30,3249.5,2,3252.41,1912076,82791.0,106099.0,3250.0,3267.5,3239.8,3251.5,46370100,3576.6,2926.4,4322.95,2866.6,3249.0,57,1,3248.3,131,1,3248.2,75,2,3248.1,18,2,3248.0,52,2,3249.5,66,2,3249.6,32,3,3249.8,61,4,3249.9,72,4,3250.0,48,2
11536,2025-12-30 14:58:13+05:30,3249.4,56,3252.41,1912076,82791.0,106099.0,3250.0,3267.5,3239.8,3251.5,46370100,3576.6,2926.4,4322.95,2866.6,3249.0,57,1,3248.3,131,1,3248.2,75,2,3248.1,18,2,3248.0,52,2,3249.5,66,2,3249.6,32,3,3249.8,61,4,3249.9,72,4,3250.0,48,2
11536,2025-12-30 14:58:13+05:30,3249.4,56,3252.41,1912133,82998.0,107269.0,3250.0,3267.5,3239.8,3251.5,46370100,3576.6,2926.4,4322.95,2866.6,3249.4,105,1,3248.3,131,1,3248.2,21,1,3248.1,64,3,3248.0,27,2,3249.5,91,6,3249.6,10,1,3249.8,62,4,3249.9,85,5,3250.0,48,2
11536,2025-12-30 14:58:14+05:30,3249.4,27,3252.41,1912133,82998.0,107269.0,3250.0,3267.5,3239.8,3251.5,46370100,3576.6,2926.4,4322.95,2866.6,3249.4,105,1,3248.3,131,1,3248.2,21,1,3248.1,64,3,3248.0,27,2,3249.5,91,6,3249.6,10,1,3249.8,62,4,3249.9,85,5,3250.0,48,2
11536,2025-12-30 14:58:14+05:30,3249.4,27,3252.41,1913022,79016.0,108303.0,3250.0,3267.5,3239.8,3251.5,46370100,3576.6,2926.4,4322.95,2866.6,3248.3,131,1,3248.2,21,1,3248.0,6,1,3247.9,45,2,3247.7,49,2,3249.3,71,2,3249.4,2,1,3249.5,24,2,3249.6,65,6,3249.7,52,3
11536,2025-12-30 14:58:15+05:30,3249.3,1,3252.41,1913022,79016.0,108303.0,3250.0,3267.5,3239.8,3251.5,46370100,3576.6,2926.4,4322.95,2866.6,3248.3,131,1,3248.2,21,1,3248.0,6,1,3247.9,45,2,3247.7,49,2,3249.3,71,2,3249.4,2,1,3249.5,24,2,3249.6,65,6,3249.7,52,3
11536,2025-12-30 14:58:15+05:30,3249.3,1,3252.41,1913025,82204.0,108022.0,3250.0,3267.5,3239.8,3251.5,46370100,3576.6,2926.4,4322.95,2866.6,3248.3,130,1,3248.2,21,1,3248.0,6,1,3247.9,45,2,3247.7,29,2,3249.3,95,5,3249.4,4,2,3249.5,14,1,3249.6,254,8,3249.7,159,5
11536,2025-12-30 14:58:16+05:30,3249.3,1,3252.41,1913025,82204.0,108022.0,3250.0,3267.5,3239.8,3251.5,46370100,3576.6,2926.4,4322.95,2866.6,3248.3,130,1,3248.2,21,1,3248.0,6,1,3247.9,45,2,3247.7,29,2,3249.3,95,5,3249.4,4,2,3249.5,14,1,3249.6,254,8,3249.7,159,5
11536,2025-12-30 14:58:17+05:30,3249.3,9,3252.41,1913035,82178.0,107821.0,3250.0,3267.5,3239.8,3251.5,46370100,3576.6,2926.4,4322.95,2866.6,3248.3,130,1,3248.2,21,1,3248.0,7,2,3247.9,45,2,3247.7,75,3,3249.3,91,5,3249.4,2,1,3249.6,254,8,3249.7,98,4,3249.8,120,7
11536,2025-12-30 14:58:17+05:30,3249.3,9,3252.41,1913035,82178.0,107821.0,3250.0,3267.5,3239.8,3251.5,46370100,3576.6,2926.4,4322.95,2866.6,3248.3,130,1,3248.2,21,1,3248.0,7,2,3247.9,45,2,3247.7,75,3,3249.3,91,5,3249.4,2,1,3249.6,254,8,3249.7,98,4,3249.8,120,7
11536,2025-12-30 14:58:18+05:30,3248.9,3,3252.41,1914097,81413.0,108232.0,3250.0,3267.5,3239.8,3251.5,46370100,3576.6,2926.4,4322.95,2866.6,3247.6,53,5,3247.4,75,3,3247.3,185,5,3247.2,74,3,3247.1,577,7,3248.9,32,1,3249.0,2,1,3249.1,35,1,3249.2,36,4,3249.3,39,2
11536,2025-12-30 14:58:18+05:30,3247.4,18,3252.41,1914097,81413.0,108232.0,3250.0,3267.5,3239.8,3251.5,46370100,3576.6,2926.4,4322.95,2866.6,3247.6,53,5,3247.4,75,3,3247.3,185,5,3247.2,74,3,3247.1,577,7,3248.9,32,1,3249.0,2,1,3249.1,35,1,3249.2,36,4,3249.3,39,2
11536,2025-12-30 14:58:19+05:30,3247.6,19,3252.41,1914292,80459.0,108467.0,3250.0,3267.5,3239.8,3251.5,46370100,3576.6,2926.4,4322.95,2866.6,3247.7,18,1,3247.6,42,2,3247.5,10,1,3247.3,223,6,3247.2,80,4,3248.9,14,1,3249.0,21,1,3249.1,35,1,3249.2,36,4,3249.3,121,3
11536,2025-12-30 14:58:19+05:30,3248.9,14,3252.41,1914292,80459.0,108467.0,3250.0,3267.5,3239.8,3251.5,46370100,3576.6,2926.4,4322.95,2866.6,3247.7,18,1,3247.6,42,2,3247.5,10,1,3247.3,223,6,3247.2,80,4,3248.9,14,1,3249.0,21,1,3249.1,35,1,3249.2,36,4,3249.3,121,3
11536,2025-12-30 14:58:20+05:30,3248.9,14,3252.41,1914306,82263.0,107881.0,3250.0,3267.5,3239.8,3251.5,46370100,3576.6,2926.4,4322.95,2866.6,3248.9,5,1,3247.7,81,3,3247.6,167,5,3247.5,124,4,3247.4,145,5,3249.1,33,1,3249.2,48,2,3249.3,53,3,3249.4,25,2,3249.5,26,2
11536,2025-12-30 14:58:20+05:30,3248.9,32,3252.41,1914306,82263.0,107881.0,3250.0,3267.5,3239.8,3251.5,46370100,3576.6,2926.4,4322.95,2866.6,3248.9,5,1,3247.7,81,3,3247.6,167,5,3247.5,124,4,3247.4,145,5,3249.1,33,1,3249.2,48,2,3249.3,53,3,3249.4,25,2,3249.5,26,2
11536,2025-12-30 14:58:21+05:30,3248.9,1,3252.41,1914451,78827.0,108323.0,3250.0,3267.5,3239.8,3251.5,46370100,3576.6,2926.4,4322.95,2866.6,3247.7,32,1,3247.6,59,3,3247.5,98,5,3247.4,131,4,3247.3,231,7,3248.9,8,2,3249.0,20,1,3249.1,10,1,3249.2,21,1,3249.3,31,2
11536,2025-12-30 14:58:21+05:30,3248.9,1,3252.41,1914451,78827.0,108323.0,3250.0,3267.5,3239.8,3251.5,46370100,3576.6,2926.4,4322.95,2866.6,3247.7,32,1,3247.6,59,3,3247.5,98,5,3247.4,131,4,3247.3,231,7,3248.9,8,2,3249.0,20,1,3249.1,10,1,3249.2,21,1,3249.3,31,2
11536,2025-12-30 14:58:22+05:30,3249.4,13,3252.41,1914633,81743.0,107467.0,3250.0,3267.5,3239.8,3251.5,46370100,3576.6,2926.4,4322.95,2866.6,3247.8,13,1,3247.7,42,2,3247.6,39,1,3247.5,96,4,3247.4,81,3,3249.3,248,5,3249.4,116,6,3249.5,75,4,3249.6,116,6,3249.7,28,3
11536,2025-12-30 14:58:22+05:30,3247.5,10,3252.41,1914633,81743.0,107467.0,3250.0,3267.5,3239.8,3251.5,46370100,3576.6,2926.4,4322.95,2866.6,3247.8,13,1,3247.7,42,2,3247.6,39,1,3247.5,96,4,3247.4,81,3,3249.3,248,5,3249.4,116,6,3249.5,75,4,3249.6,116,6,3249.7,28,3
11536,2025-12-30 14:58:23+05:30,3248.9,1,3252.41,1914789,81511.0,108068.0,3250.0,3267.5,3239.8,3251.5,46370100,3576.6,2926.4,4322.95,2866.6,3247.5,69,5,3247.4,30,3,3247.3,214,6,3247.2,109,6,3247.1,534,5,3248.9,46,3,3249.0,20,1,3249.1,182,2,3249.2,74,5,3249.3,178,5
11536,2025-12-30 14:58:23+05:30,3248.9,1,3252.41,1914789,81511.0,108068.0,3250.0,3267.5,3239.8,3251.5,46370100,3576.6,2926.4,4322.95,2866.6,3247.5,69,5,3247.4,30,3,3247.3,214,6,3247.2,109,6,3247.1,534,5,3248.9,46,3,3249.0,20,1,3249.1,182,2,3249.2,74,5,3249.3,178,5
11536,2025-12-30 14:58:24+05:30,3248.9,22,3252.41,1914825,82138.0,107873.0,3250.0,3267.5,3239.8,3251.5,46370100,3576.6,2926.4,4322.95,2866.6,3247.6,138,5,3247.5,152,7,3247.4,81,3,3247.3,256,7,3247.2,145,8,3249.0,20,1,3249.1,32,1,3249.2,21,1,3249.3,46,2,3249.4,84,4
11536,2025-12-30 14:58:24+05:30,3248.9,22,3252.41,1914825,82138.0,107873.0,3250.0,3267.5,3239.8,3251.5,46370100,3576.6,2926.4,4322.95,2866.6,3247.6,138,5,3247.5,152,7,3247.4,81,3,3247.3,256,7,3247.2,145,8,3249.0,20,1,3249.1,32,1,3249.2,21,1,3249.3,46,2,3249.4,84,4
11536,2025-12-30 14:58:25+05:30,3249.0,1,3252.41,1914826,82350.0,107824.0,3250.0,3267.5,3239.8,3251.5,46370100,3576.6,2926.4,4322.95,2866.6,3247.7,10,1,3247.6,142,5,3247.5,170,8,3247.4,81,3,3247.3,256,7,3249.0,19,1,3249.1,32,1,3249.2,21,1,3249.3,32,1,3249.4,74,3
11536,2025-12-30 14:58:25+05:30,3249.0,1,3252.41,1914826,82350.0,107824.0,3250.0,3267.5,3239.8,3251.5,46370100,3576.6,2926.4,4322.95,2866.6,3247.7,10,1,3247.6,142,5,3247.5,170,8,3247.4,81,3,3247.3,256,7,3249.0,19,1,3249.1,32,1,3249.2,21,1,3249.3,32,1,3249.4,74,3
11536,2025-12-30 14:58:26+05:30,3249.0,1,3252.41,1914826,82008.0,107840.0,3250.0,3267.5,3239.8,3251.5,46370100,3576.6,2926.4,4322.95,2866.6,3247.7,17,2,3247.6,142,5,3247.5,170,8,3247.4,81,3,3247.3,256,7,3249.0,27,3,3249.1,32,1,3249.2,21,1,3249.3,32,1,3249.4,74,3
11536,2025-12-30 14:58:26+05:30,3247.8,4,3252.41,1914826,82008.0,107840.0,3250.0,3267.5,3239.8,3251.5,46370100,3576.6,2926.4,4322.95,2866.6,3247.7,17,2,3247.6,142,5,3247.5,170,8,3247.4,81,3,3247.3,256,7,3249.0,27,3,3249.1,32,1,3249.2,21,1,3249.3,32,1,3249.4,74,3
11536,2025-12-30 14:58:27+05:30,3249.0,1,3252.41,1914996,82671.0,107733.0,3250.0,3267.5,3239.8,3251.5,46370100,3576.6,2926.4,4322.95,2866.6,3247.9,63,3,3247.8,107,3,3247.7,31,3,3247.6,94,4,3247.5,251,11,3249.0,7,2,3249.2,31,2,3249.3,32,1,3249.4,20,1,3249.5,1,1
11536,2025-12-30 14:58:27+05:30,3249.0,1,3252.41,1914996,82671.0,107733.0,3250.0,3267.5,3239.8,3251.5,46370100,3576.6,2926.4,4322.95,2866.6,3247.9,63,3,3247.8,107,3,3247.7,31,3,3247.6,94,4,3247.5,251,11,3249.0,7,2,3249.2,31,2,3249.3,32,1,3249.4,20,1,3249.5,1,1
11536,2025-12-30 14:58:28+05:30,3248.0,3,3252.41,1915002,82634.0,107475.0,3250.0,3267.5,3239.8,3251.5,46370100,3576.6,2926.4,4322.95,2866.6,3248.0,60,3,3247.9,206,5,3247.8,76,2,3247.7,59,4,3247.6,94,4,3249.0,19,3,3249.2,21,1,3249.4,20,1,3249.5,1,1,3249.6,28,2
11536,2025-12-30 14:58:28+05:30,3248.0,3,3252.41,1915002,82634.0,107475.0,3250.0,3267.5,3239.8,3251.5,46370100,3576.6,2926.4,4322.95,2866.6,3248.0,60,3,3247.9,206,5,3247.8,76,2,3247.7,59,4,3247.6,94,4,3249.0,19,3,3249.2,21,1,3249.4,20,1,3249.5,1,1,3249.6,28,2
11536,2025-12-30 14:58:29+05:30,3248.0,11,3252.41,1915042,82615.0,107560.0,3250.0,3267.5,3239.8,3251.5,46370100,3576.6,2926.4,4322.95,2866.6,3248.0,32,2,3247.9,175,4,3247.8,76,2,3247.7,59,4,3247.6,33,3,3249.0,22,3,3249.2,32,2,3249.4,20,1,3249.5,1,1,3249.6,47,2
11536,2025-12-30 14:58:29+05:30,3248.0,11,3252.41,1915042,82615.0,107560.0,3250.0,3267.5,3239.8,3251.5,46370100,3576.6,2926.4,4322.95,2866.6,3248.0,32,2,3247.9,175,4,3247.8,76,2,3247.7,59,4,3247.6,33,3,3249.0,22,3,3249.2,32,2,3249.4,20,1,3249.5,1,1,3249.6,47,2
11536,2025-12-30 14:58:30+05:30,3248.0,11,3252.41,1915042,81537.0,107970.0,3250.0,3267.5,3239.8,3251.5,46370100,3576.6,2926.4,4322.95,2866.6,3248.1,35,1,3247.9,157,3,3247.7,3,1,3247.6,33,3,3247.5,120,7,3249.0,37,5,3249.1,42,2,3249.2,77,3,3249.3,38,2,3249.4,20,1
11536,2025-12-30 14:58:30+05:30,3248.1,155,3252.41,1915042,81537.0,107970.0,3250.0,3267.5,3239.8,3251.5,46370100,3576.6,2926.4,4322.95,2866.6,3248.1,35,1,3247.9,157,3,3247.7,3,1,3247.6,33,3,3247.5,120,7,3249.0,37,5,3249.1,42,2,3249.2,77,3,3249.3,38,2,3249.4,20,1
11536,2025-12-30 14:58:31+05:30,3249.0,1,3252.41,1915199,81599.0,107942.0,3250.0,3267.5,3239.8,3251.5,46370100,3576.6,2926.4,4322.95,2866.6,3248.1,34,1,3247.9,140,2,3247.7,3,1,3247.6,17,2,3247.5,160,8,3249.0,95,6,3249.1,10,1,3249.2,50,3,3249.3,76,3,3249.4,27,2
11536,2025-12-30 14:58:31+05:30,3249.0,1,3252.41,1915199,81599.0,107942.0,3250.0,3267.5,3239.8,3251.5,46370100,3576.6,2926.4,4322.95,2866.6,3248.1,34,1,3247.9,140,2,3247.7,3,1,3247.6,17,2,3247.5,160,8,3249.0,95,6,3249.1,10,1,3249.2,50,3,3249.3,76,3,3249.4,27,2
11536,2025-12-30 14:58:32+05:30,3248.5,31,3252.41,1915248,81563.0,107888.0,3250.0,3267.5,3239.8,3251.5,46370100,3576.6,2926.4,4322.95,2866.6,3248.5,3,1,3247.9,140,2,3247.7,3,1,3247.6,38,3,3247.5,136,7,3249.0,75,4,3249.1,14,2,3249.2,50,3,3249.3,76,3,3249.4,20,1
11536,2025-12-30 14:58:32+05:30,3248.5,31,3252.41,1915248,81563.0,107888.0,3250.0,3267.5,3239.8,3251.5,46370100,3576.6,2926.4,4322.95,2866.6,3248.5,3,1,3247.9,140,2,3247.7,3,1,3247.6,38,3,3247.5,136,7,3249.0,75,4,3249.1,14,2,3249.2,50,3,3249.3,76,3,3249.4,20,1
11536,2025-12-30 14:58:33+05:30,3248.9,1,3252.4,1916327,81391.0,107552.0,3250.0,3267.5,3239.8,3251.5,46370100,3576.6,2926.4,4322.95,2866.6,3247.6,30,3,3247.5,67,2,3247.4,20,2,3247.3,132,3,3247.2,129,6,3248.9,78,3,3249.0,9,1,3249.1,8,2,3249.2,21,1,3249.3,72,2
11536,2025-12-30 14:58:33+05:30,3248.9,1,3252.4,1916327,81391.0,107552.0,3250.0,3267.5,3239.8,3251.5,46370100,3576.6,2926.4,4322.95,2866.6,3247.6,30,3,3247.5,67,2,3247.4,20,2,3247.3,132,3,3247.2,129,6,3248.9,78,3,3249.0,9,1,3249.1,8,2,3249.2,21,1,3249.3,72,2
11536,2025-12-30 14:58:34+05:30,3247.7,31,3252.4,1916508,81663.0,107414.0,3250.0,3267.5,3239.8,3251.5,46370100,3576.6,2926.4,4322.95,2866.6,3247.7,69,4,3247.6,99,5,3247.4,185,5,3247.3,48,3,3247.2,156,6,3249.0,16,2,3249.1,34,3,3249.4,17,1,3249.5,130,5,3249.6,97,3
11536,2025-12-30 14:58:34+05:30,3247.7,31,3252.4,1916508,81663.0,107414.0,3250.0,3267.5,3239.8,3251.5,46370100,3576.6,2926.4,4322.95,2866.6,3247.7,69,4,3247.6,99,5,3247.4,185,5,3247.3,48,3,3247.2,156,6,3249.0,16,2,3249.1,34,3,3249.4,17,1,3249.5,130,5,3249.6,97,3
11536,2025-12-30 14:58:35+05:30,3249.0,1,3252.4,1916510,79295.0,107488.0,3250.0,3267.5,3239.8,3251.5,46370100,3576.6,2926.4,4322.95,2866.6,3247.8,11,2,3247.7,59,3,3247.6,117,5,3247.5,50,1,3247.4,142,4,3249.0,14,2,3249.1,34,3,3249.4,38,2,3249.5,133,6,3249.6,97,3
11536,2025-12-30 14:58:35+05:30,3249.0,1,3252.4,1916510,79295.0,107488.0,3250.0,3267.5,3239.8,3251.5,46370100,3576.6,2926.4,4322.95,2866.6,3247.8,11,2,3247.7,59,3,3247.6,117,5,3247.5,50,1,3247.4,142,4,3249.0,14,2,3249.1,34,3,3249.4,38,2,3249.5,133,6,3249.6,97,3
11536,2025-12-30 14:58:36+05:30,3249.0,1,3252.4,1916510,82459.0,107490.0,3250.0,3267.5,3239.8,3251.5,46370100,3576.6,2926.4,4322.95,2866.6,3247.8,11,2,3247.7,68,4,3247.6,117,5,3247.5,60,2,3247.4,142,4,3249.0,14,2,3249.1,34,3,3249.4,38,2,3249.5,179,7,3249.6,51,2
11536,2025-12-30 14:58:37+05:30,3248.9,8,3252.4,1916518,81208.0,107556.0,3250.0,3267.5,3239.8,3251.5,46370100,3576.6,2926.4,4322.95,2866.6,3247.7,20,2,3247.6,77,4,3247.5,84,3,3247.4,122,3,3247.3,67,3,3248.9,58,3,3249.0,50,3,3249.1,8,2,3249.2,21,1,3249.4,63,3
11536,2025-12-30 14:58:37+05:30,3248.9,8,3252.4,1916518,81208.0,107556.0,3250.0,3267.5,3239.8,3251.5,46370100,3576.6,2926.4,4322.95,2866.6,3247.7,20,2,3247.6,77,4,3247.5,84,3,3247.4,122,3,3247.3,67,3,3248.9,58,3,3249.0,50,3,3249.1,8,2,3249.2,21,1,3249.4,63,3
11536,2025-12-30 14:58:38+05:30,3247.7,4,3252.4,1916679,79374.0,107603.0,3250.0,3267.5,3239.8,3251.5,46370100,3576.6,2926.4,4322.95,2866.6,3247.7,94,4,3247.6,77,4,3247.5,84,3,3247.4,169,4,3247.3,67,3,3248.8,61,1,3248.9,44,4,3249.0,50,3,3249.2,21,1,3249.4,66,3
11536,2025-12-30 14:58:38+05:30,3247.7,4,3252.4,1916679,79374.0,107603.0,3250.0,3267.5,3239.8,3251.5,46370100,3576.6,2926.4,4322.95,2866.6,3247.7,94,4,3247.6,77,4,3247.5,84,3,3247.4,169,4,3247.3,67,3,3248.8,61,1,3248.9,44,4,3249.0,50,3,3249.2,21,1,3249.4,66,3
11536,2025-12-30 14:58:39+05:30,3248.8,7,3252.4,1916804,81547.0,107817.0,3250.0,3267.5,3239.8,3251.5,46370100,3576.6,2926.4,4322.95,2866.6,3247.7,5,1,3247.6,49,3,3247.5,50,2,3247.4,20,2,3247.3,63,2,3248.8,144,5,3248.9,8,2,3249.0,7,1,3249.1,16,1,3249.2,84,3
11536,2025-12-30 14:58:39+05:30,3248.8,7,3252.4,1916804,81547.0,107817.0,3250.0,3267.5,3239.8,3251.5,46370100,3576.6,2926.4,4322.95,2866.6,3247.7,5,1,3247.6,49,3,3247.5,50,2,3247.4,20,2,3247.3,63,2,3248.8,144,5,3248.9,8,2,3249.0,7,1,3249.1,16,1,3249.2,84,3
11536,2025-12-30 14:58:40+05:30,3247.6,1,3252.4,1916905,80573.0,108064.0,3250.0,3267.5,3239.8,3251.5,46370100,3576.6,2926.4,4322.95,2866.6,3247.6,48,3,3247.5,50,2,3247.4,20,2,3247.3,63,2,3247.2,52,3,3248.6,91,2,3248.7,73,3,3248.8,11,1,3248.9,8,2,3249.0,27,2
11536,2025-12-30 14:58:40+05:30,3247.6,1,3252.4,1916905,80573.0,108064.0,3250.0,3267.5,3239.8,3251.5,46370100,3576.6,2926.4,4322.95,2866.6,3247.6,48,3,3247.5,50,2,3247.4,20,2,3247.3,63,2,3247.2,52,3,3248.6,91,2,3248.7,73,3,3248.8,11,1,3248.9,8,2,3249.0,27,2
11536,2025-12-30 14:58:41+05:30,3247.6,1,3252.4,1916905,80573.0,108064.0,3250.0,3267.5,3239.8,3251.5,46370100,3576.6,2926.4,4322.95,2866.6,3247.6,48,3,3247.5,50,2,3247.4,20,2,3247.3,63,2,3247.2,52,3,3248.6,91,2,3248.7,73,3,3248.8,11,1,3248.9,8,2,3249.0,27,2
11536,2025-12-30 14:58:41+05:30,3247.6,1,3252.4,1917055,81088.0,108140.0,3250.0,3267.5,3239.8,3251.5,46370100,3576.6,2926.4,4322.95,2866.6,3247.6,48,3,3247.5,50,2,3247.4,20,2,3247.3,63,2,3247.2,52,3,3248.6,136,4,3248.7,17,1,3248.8,32,2,3248.9,8,2,3249.0,27,2
11536,2025-12-30 14:58:42+05:30,3247.5,40,3252.4,1917055,81088.0,108140.0,3250.0,3267.5,3239.8,3251.5,46370100,3576.6,2926.4,4322.95,2866.6,3247.6,48,3,3247.5,50,2,3247.4,20,2,3247.3,63,2,3247.2,52,3,3248.6,136,4,3248.7,17,1,3248.8,32,2,3248.9,8,2,3249.0,27,2
11536,2025-12-30 14:58:42+05:30,3247.5,40,3252.4,1917262,81784.0,108079.0,3250.0,3267.5,3239.8,3251.5,46370100,3576.6,2926.4,4322.95,2866.6,3247.6,46,1,3247.5,39,2,3247.4,20,2,3247.3,63,2,3247.2,39,3,3248.5,64,2,3248.7,17,1,3248.8,32,2,3248.9,8,2,3249.0,84,4
11536,2025-12-30 14:58:43+05:30,3247.5,5,3252.4,1917262,81784.0,108079.0,3250.0,3267.5,3239.8,3251.5,46370100,3576.6,2926.4,4322.95,2866.6,3247.6,46,1,3247.5,39,2,3247.4,20,2,3247.3,63,2,3247.2,39,3,3248.5,64,2,3248.7,17,1,3248.8,32,2,3248.9,8,2,3249.0,84,4
11536,2025-12-30 14:58:43+05:30,3247.5,5,3252.4,1917317,81777.0,107515.0,3250.0,3267.5,3239.8,3251.5,46370100,3576.6,2926.4,4322.95,2866.6,3247.5,5,1,3247.4,20,2,3247.3,17,1,3247.2,4,1,3247.1,174,7,3248.4,93,3,3248.5,10,1,3248.7,78,2,3248.8,53,3,3248.9,30,3
11536,2025-12-30 14:58:44+05:30,3247.5,50,3252.4,1917317,81777.0,107515.0,3250.0,3267.5,3239.8,3251.5,46370100,3576.6,2926.4,4322.95,2866.6,3247.5,5,1,3247.4,20,2,3247.3,17,1,3247.2,4,1,3247.1,174,7,3248.4,93,3,3248.5,10,1,3248.7,78,2,3248.8,53,3,3248.9,30,3
11536,2025-12-30 14:58:44+05:30,3247.5,50,3252.4,1917367,78859.0,107495.0,3250.0,3267.5,3239.8,3251.5,46370100,3576.6,2926.4,4322.95,2866.6,3247.5,10,1,3247.4,49,3,3247.3,17,1,3247.2,4,1,3247.1,184,7,3248.3,48,4,3248.4,14,1,3248.5,21,2,3248.7,78,2,3248.8,42,2
11536,2025-12-30 14:58:45+05:30,3247.4,9,3252.4,1917367,78859.0,107495.0,3250.0,3267.5,3239.8,3251.5,46370100,3576.6,2926.4,4322.95,2866.6,3247.5,10,1,3247.4,49,3,3247.3,17,1,3247.2,4,1,3247.1,184,7,3248.3,48,4,3248.4,14,1,3248.5,21,2,3248.7,78,2,3248.8,42,2
11536,2025-12-30 14:58:45+05:30,3247.4,9,3252.4,1917418,79663.0,107565.0,3250.0,3267.5,3239.8,3251.5,46370100,3576.6,2926.4,4322.95,2866.6,3247.5,17,1,3247.4,40,3,3247.3,17,1,3247.2,4,1,3247.1,145,6,3248.3,58,5,3248.4,14,1,3248.7,78,2,3248.8,42,2,3248.9,27,2
11536,2025-12-30 14:58:46+05:30,3247.4,6,3252.4,1917418,79663.0,107565.0,3250.0,3267.5,3239.8,3251.5,46370100,3576.6,2926.4,4322.95,2866.6,3247.5,17,1,3247.4,40,3,3247.3,17,1,3247.2,4,1,3247.1,145,6,3248.3,58,5,3248.4,14,1,3248.7,78,2,3248.8,42,2,3248.9,27,2
11536,2025-12-30 14:58:46+05:30,3247.4,6,3252.4,1917624,81746.0,105474.0,3250.0,3267.5,3239.8,3251.5,46370100,3576.6,2926.4,4322.95,2866.6,3247.4,27,3,3247.3,17,1,3247.2,4,1,3247.1,145,6,3247.0,130,6,3248.3,51,5,3248.4,30,1,3248.7,78,2,3248.8,42,2,3248.9,73,3
11536,2025-12-30 14:58:47+05:30,3247.4,23,3252.4,1917624,81746.0,105474.0,3250.0,3267.5,3239.8,3251.5,46370100,3576.6,2926.4,4322.95,2866.6,3247.4,27,3,3247.3,17,1,3247.2,4,1,3247.1,145,6,3247.0,130,6,3248.3,51,5,3248.4,30,1,3248.7,78,2,3248.8,42,2,3248.9,73,3
11536,2025-12-30 14:58:47+05:30,3247.0,5,3252.4,1918579,82146.0,108209.0,3250.0,3267.5,3239.8,3251.5,46370100,3576.6,2926.4,4322.95,2866.6,3246.9,41,3,3246.8,50,1,3246.7,62,4,3246.6,51,5,3246.5,23,1,3247.0,47,1,3248.1,61,1,3248.2,124,3,3248.3,65,5,3248.4,68,2
11536,2025-12-30 14:58:48+05:30,3247.0,33,3252.4,1918579,82146.0,108209.0,3250.0,3267.5,3239.8,3251.5,46370100,3576.6,2926.4,4322.95,2866.6,3246.9,41,3,3246.8,50,1,3246.7,62,4,3246.6,51,5,3246.5,23,1,3247.0,47,1,3248.1,61,1,3248.2,124,3,3248.3,65,5,3248.4,68,2
11536,2025-12-30 14:58:48+05:30,3247.0,33,3252.4,1918709,80752.0,106698.0,3250.0,3267.5,3239.8,3251.5,46370100,3576.6,2926.4,4322.95,2866.6,3246.9,57,3,3246.7,11,2,3246.6,29,4,3246.5,22,1,3246.4,14,1,3247.0,87,2,3247.9,65,2,3248.0,21,1,3248.2,185,7,3248.3,21,4
11536,2025-12-30 14:58:49+05:30,3246.8,8,3252.4,1918709,80752.0,106698.0,3250.0,3267.5,3239.8,3251.5,46370100,3576.6,2926.4,4322.95,2866.6,3246.9,57,3,3246.7,11,2,3246.6,29,4,3246.5,22,1,3246.4,14,1,3247.0,87,2,3247.9,65,2,3248.0,21,1,3248.2,185,7,3248.3,21,4
11536,2025-12-30 14:58:49+05:30,3246.8,8,3252.4,1918886,80855.0,106355.0,3250.0,3267.5,3239.8,3251.5,46370100,3576.6,2926.4,4322.95,2866.6,3246.7,11,2,3246.6,39,4,3246.4,41,2,3246.3,137,5,3246.2,55,2,3247.0,23,3,3247.7,35,1,3247.8,40,2,3247.9,70,2,3248.0,24,2
11536,2025-12-30 14:58:50+05:30,3246.8,4,3252.4,1918886,80855.0,106355.0,3250.0,3267.5,3239.8,3251.5,46370100,3576.6,2926.4,4322.95,2866.6,3246.7,11,2,3246.6,39,4,3246.4,41,2,3246.3,137,5,3246.2,55,2,3247.0,23,3,3247.7,35,1,3247.8,40,2,3247.9,70,2,3248.0,24,2
11536,2025-12-30 14:58:50+05:30,3246.8,4,3252.4,1919160,80813.0,106004.0,3250.0,3267.5,3239.8,3251.5,46370100,3576.6,2926.4,4322.95,2866.6,3246.4,24,2,3246.3,69,4,3246.2,32,1,3246.1,89,4,3246.0,676,12,3246.8,23,4,3247.7,122,2,3247.8,82,2,3247.9,70,2,3248.0,150,5
11536,2025-12-30 14:58:51+05:30,3246.8,7,3252.4,1919160,80813.0,106004.0,3250.0,3267.5,3239.8,3251.5,46370100,3576.6,2926.4,4322.95,2866.6,3246.4,24,2,3246.3,69,4,3246.2,32,1,3246.1,89,4,3246.0,676,12,3246.8,23,4,3247.7,122,2,3247.8,82,2,3247.9,70,2,3248.0,150,5
11536,2025-12-30 14:58:51+05:30,3246.8,7,3252.4,1919231,80662.0,106554.0,3250.0,3267.5,3239.8,3251.5,46370100,3576.6,2926.4,4322.95,2866.6,3246.4,14,1,3246.3,54,3,3246.2,32,1,3246.1,89,4,3246.0,676,12,3246.8,21,4,3247.6,132,4,3247.7,176,3,3247.8,84,3,3247.9,88,2
11536,2025-12-30 14:58:52+05:30,3246.4,1,3252.4,1919231,80662.0,106554.0,3250.0,3267.5,3239.8,3251.5,46370100,3576.6,2926.4,4322.95,2866.6,3246.4,14,1,3246.3,54,3,3246.2,32,1,3246.1,89,4,3246.0,676,12,3246.8,21,4,3247.6,132,4,3247.7,176,3,3247.8,84,3,3247.9,88,2
11536,2025-12-30 14:58:52+05:30,3246.4,1,3252.4,1919481,81058.0,106367.0,3250.0,3267.5,3239.8,3251.5,46370100,3576.6,2926.4,4322.95,2866.6,3247.0,31,1,3246.4,80,4,3246.3,38,3,3246.2,109,4,3246.1,255,5,3247.5,85,5,3247.6,9,1,3247.9,27,1,3248.0,57,2,3248.2,97,4
11536,2025-12-30 14:58:53+05:30,3246.4,2,3252.4,1919481,81058.0,106367.0,3250.0,3267.5,3239.8,3251.5,46370100,3576.6,2926.4,4322.95,2866.6,3247.0,31,1,3246.4,80,4,3246.3,38,3,3246.2,109,4,3246.1,255,5,3247.5,85,5,3247.6,9,1,3247.9,27,1,3248.0,57,2,3248.2,97,4
11536,2025-12-30 14:58:53+05:30,3246.4,2,3252.39,1919531,81036.0,106274.0,3250.0,3267.5,3239.8,3251.5,46370100,3576.6,2926.4,4322.95,2866.6,3246.4,53,3,3246.3,33,3,3246.2,55,3,3246.1,263,5,3246.0,779,15,3247.5,85,5,3247.6,9,1,3247.9,29,2,3248.0,95,4,3248.2,97,4
11536,2025-12-30 14:58:54+05:30,3246.4,36,3252.39,1919531,81036.0,106274.0,3250.0,3267.5,3239.8,3251.5,46370100,3576.6,2926.4,4322.95,2866.6,3246.4,53,3,3246.3,33,3,3246.2,55,3,3246.1,263,5,3246.0,779,15,3247.5,85,5,3247.6,9,1,3247.9,29,2,3248.0,95,4,3248.2,97,4
11536,2025-12-30 14:58:54+05:30,3246.4,36,3252.39,1919772,80918.0,106322.0,3250.0,3267.5,3239.8,3251.5,46370100,3576.6,2926.4,4322.95,2866.6,3246.4,36,5,3246.3,54,3,3246.2,143,5,3246.1,76,3,3246.0,740,14,3247.4,24,3,3247.5,33,1,3247.8,29,1,3247.9,90,3,3248.0,78,3
11536,2025-12-30 14:58:55+05:30,3246.4,26,3252.39,1919824,80780.0,106421.0,3250.0,3267.5,3239.8,3251.5,46370100,3576.6,2926.4,4322.95,2866.6,3246.4,38,1,3246.3,34,2,3246.2,91,3,3246.1,33,2,3246.0,695,13,3247.3,68,3,3247.4,17,2,3247.8,61,1,3247.9,88,2,3248.0,78,3
11536,2025-12-30 14:58:55+05:30,3246.4,26,3252.39,1919824,80780.0,106421.0,3250.0,3267.5,3239.8,3251.5,46370100,3576.6,2926.4,4322.95,2866.6,3246.4,38,1,3246.3,34,2,3246.2,91,3,3246.1,33,2,3246.0,695,13,3247.3,68,3,3247.4,17,2,3247.8,61,1,3247.9,88,2,3248.0,78,3
11536,2025-12-30 14:58:56+05:30,3246.4,50,3252.39,1919874,80898.0,106416.0,3250.0,3267.5,3239.8,3251.5,46370100,3576.6,2926.4,4322.95,2866.6,3246.4,123,3,3246.3,57,2,3246.2,92,2,3246.1,27,1,3246.0,695,13,3247.3,74,4,3247.4,7,1,3247.8,61,1,3247.9,88,2,3248.0,78,3
11536,2025-12-30 14:58:56+05:30,3246.4,50,3252.39,1919874,80898.0,106416.0,3250.0,3267.5,3239.8,3251.5,46370100,3576.6,2926.4,4322.95,2866.6,3246.4,123,3,3246.3,57,2,3246.2,92,2,3246.1,27,1,3246.0,695,13,3247.3,74,4,3247.4,7,1,3247.8,61,1,3247.9,88,2,3248.0,78,3
11536,2025-12-30 14:58:57+05:30,3246.4,12,3252.39,1919874,80898.0,106416.0,3250.0,3267.5,3239.8,3251.5,46370100,3576.6,2926.4,4322.95,2866.6,3246.4,123,3,3246.3,57,2,3246.2,92,2,3246.1,27,1,3246.0,695,13,3247.3,74,4,3247.4,7,1,3247.8,61,1,3247.9,88,2,3248.0,78,3
11536,2025-12-30 14:58:57+05:30,3246.4,12,3252.39,1919933,80938.0,106294.0,3250.0,3267.5,3239.8,3251.5,46370100,3576.6,2926.4,4322.95,2866.6,3246.5,38,1,3246.4,83,3,3246.3,57,2,3246.2,92,2,3246.1,71,2,3247.3,70,4,3247.4,7,1,3247.9,27,1,3248.0,78,3,3248.1,2,1
11536,2025-12-30 14:58:58+05:30,3246.5,64,3252.39,1919933,80938.0,106294.0,3250.0,3267.5,3239.8,3251.5,46370100,3576.6,2926.4,4322.95,2866.6,3246.5,38,1,3246.4,83,3,3246.3,57,2,3246.2,92,2,3246.1,71,2,3247.3,70,4,3247.4,7,1,3247.9,27,1,3248.0,78,3,3248.1,2,1
11536,2025-12-30 14:58:58+05:30,3246.5,64,3252.39,1920139,80919.0,106381.0,3250.0,3267.5,3239.8,3251.5,46370100,3576.6,2926.4,4322.95,2866.6,3246.5,35,1,3246.4,100,5,3246.3,77,3,3246.2,92,2,3246.1,71,2,3247.1,26,3,3247.3,24,1,3247.6,58,2,3247.7,28,1,3247.8,61,1
11536,2025-12-30 14:58:59+05:30,3247.1,1,3252.39,1920139,80919.0,106381.0,3250.0,3267.5,3239.8,3251.5,46370100,3576.6,2926.4,4322.95,2866.6,3246.5,35,1,3246.4,100,5,3246.3,77,3,3246.2,92,2,3246.1,71,2,3247.1,26,3,3247.3,24,1,3247.6,58,2,3247.7,28,1,3247.8,61,1
11536,2025-12-30 14:58:59+05:30,3247.1,1,3252.39,1920194,80901.0,106348.0,3250.0,3267.5,3239.8,3251.5,46370100,3576.6,2926.4,4322.95,2866.6,3246.5,115,6,3246.4,59,3,3246.3,54,1,3246.2,112,3,3246.1,27,1,3247.1,40,4,3247.3,24,1,3247.4,3,1,3247.6,58,2,3247.7,28,1
11536,2025-12-30 14:59:00+05:30,3247.1,1,3252.39,1920194,80901.0,106348.0,3250.0,3267.5,3239.8,3251.5,46370100,3576.6,2926.4,4322.95,2866.6,3246.5,115,6,3246.4,59,3,3246.3,54,1,3246.2,112,3,3246.1,27,1,3247.1,40,4,3247.3,24,1,3247.4,3,1,3247.6,58,2,3247.7,28,1
11536,2025-12-30 14:59:00+05:30,3247.1,1,3252.39,1920195,81066.0,106298.0,3250.0,3267.5,3239.8,3251.5,46370100,3576.6,2926.4,4322.95,2866.6,3246.5,141,5,3246.4,59,3,3246.3,135,3,3246.2,166,4,3246.1,27,1,3247.1,40,4,3247.3,24,1,3247.4,3,1,3247.5,29,1,3247.6,29,1
11536,2025-12-30 14:59:01+05:30,3247.1,2,3252.39,1920195,81066.0,106298.0,3250.0,3267.5,3239.8,3251.5,46370100,3576.6,2926.4,4322.95,2866.6,3246.5,141,5,3246.4,59,3,3246.3,135,3,3246.2,166,4,3246.1,27,1,3247.1,40,4,3247.3,24,1,3247.4,3,1,3247.5,29,1,3247.6,29,1
11536,2025-12-30 14:59:01+05:30,3247.1,2,3252.39,1920359,81149.0,106248.0,3250.0,3267.5,3239.8,3251.5,46370100,3576.6,2926.4,4322.95,2866.6,3246.5,148,6,3246.4,78,4,3246.3,74,2,3246.2,166,4,3246.1,88,2,3247.1,22,3,3248.0,63,3,3248.2,124,5,3248.3,27,1,3248.4,122,3
11536,2025-12-30 14:59:02+05:30,3247.1,11,3252.39,1920359,81149.0,106248.0,3250.0,3267.5,3239.8,3251.5,46370100,3576.6,2926.4,4322.95,2866.6,3246.5,148,6,3246.4,78,4,3246.3,74,2,3246.2,166,4,3246.1,88,2,3247.1,22,3,3248.0,63,3,3248.2,124,5,3248.3,27,1,3248.4,122,3
11536,2025-12-30 14:59:02+05:30,3247.1,6,3252.39,1921616,81216.0,106138.0,3250.0,3267.5,3239.8,3251.5,46370100,3576.6,2926.4,4322.95,2866.6,3246.1,166,7,3246.0,223,5,3245.9,59,4,3245.8,324,8,3245.7,406,9,3247.7,38,3,3248.0,84,3,3248.1,61,1,3248.2,97,4,3248.3,27,1
11536,2025-12-30 14:59:03+05:30,3247.1,6,3252.39,1921616,81216.0,106138.0,3250.0,3267.5,3239.8,3251.5,46370100,3576.6,2926.4,4322.95,2866.6,3246.1,166,7,3246.0,223,5,3245.9,59,4,3245.8,324,8,3245.7,406,9,3247.7,38,3,3248.0,84,3,3248.1,61,1,3248.2,97,4,3248.3,27,1
11536,2025-12-30 14:59:03+05:30,3247.1,6,3252.39,1921616,81342.0,105877.0,3250.0,3267.5,3239.8,3251.5,46370100,3576.6,2926.4,4322.95,2866.6,3246.4,118,5,3246.3,35,2,3246.2,217,5,3246.1,117,3,3246.0,216,9,3247.7,38,3,3247.9,51,2,3248.0,54,1,3248.2,97,4,3248.3,84,3
11536,2025-12-30 14:59:05+05:30,3247.7,7,3252.39,1921655,81553.0,105893.0,3250.0,3267.5,3239.8,3251.5,46370100,3576.6,2926.4,4322.95,2866.6,3247.7,5,1,3246.8,21,1,3246.6,66,3,3246.5,299,4,3246.4,264,6,3247.8,36,4,3247.9,56,2,3248.0,54,1,3248.1,57,3,3248.2,95,4
11536,2025-12-30 14:59:05+05:30,3247.8,1,3252.39,1921655,81553.0,105893.0,3250.0,3267.5,3239.8,3251.5,46370100,3576.6,2926.4,4322.95,2866.6,3247.7,5,1,3246.8,21,1,3246.6,66,3,3246.5,299,4,3246.4,264,6,3247.8,36,4,3247.9,56,2,3248.0,54,1,3248.1,57,3,3248.2,95,4
11536,2025-12-30 14:59:06+05:30,3247.8,1,3252.39,1921657,81624.0,105967.0,3250.0,3267.5,3239.8,3251.5,46370100,3576.6,2926.4,4322.95,2866.6,3247.7,5,1,3246.9,12,1,3246.8,21,1,3246.7,169,1,3246.6,127,4,3247.8,26,3,3247.9,39,2,3248.0,54,1,3248.1,37,2,3248.2,56,2
11536,2025-12-30 14:59:06+05:30,3247.3,148,3252.39,1921657,81624.0,105967.0,3250.0,3267.5,3239.8,3251.5,46370100,3576.6,2926.4,4322.95,2866.6,3247.7,5,1,3246.9,12,1,3246.8,21,1,3246.7,169,1,3246.6,127,4,3247.8,26,3,3247.9,39,2,3248.0,54,1,3248.1,37,2,3248.2,56,2
11536,2025-12-30 14:59:07+05:30,3247.8,8,3252.39,1921871,82497.0,105594.0,3250.0,3267.5,3239.8,3251.5,46370100,3576.6,2926.4,4322.95,2866.6,3247.3,31,1,3247.1,100,4,3247.0,29,3,3246.9,61,4,3246.8,105,3,3247.8,31,4,3247.9,9,1,3248.6,47,2,3248.8,75,2,3248.9,23,2
11536,2025-12-30 14:59:07+05:30,3247.8,8,3252.39,1921871,82497.0,105594.0,3250.0,3267.5,3239.8,3251.5,46370100,3576.6,2926.4,4322.95,2866.6,3247.3,31,1,3247.1,100,4,3247.0,29,3,3246.9,61,4,3246.8,105,3,3247.8,31,4,3247.9,9,1,3248.6,47,2,3248.8,75,2,3248.9,23,2
11536,2025-12-30 14:59:08+05:30,3247.8,4,3252.39,1921925,82386.0,105471.0,3250.0,3267.5,3239.8,3251.5,46370100,3576.6,2926.4,4322.95,2866.6,3247.3,132,5,3247.2,34,2,3247.1,19,2,3247.0,50,3,3246.9,169,7,3247.8,14,2,3247.9,32,3,3248.6,47,2,3248.8,75,2,3248.9,47,4
11536,2025-12-30 14:59:08+05:30,3247.8,4,3252.39,1921925,82386.0,105471.0,3250.0,3267.5,3239.8,3251.5,46370100,3576.6,2926.4,4322.95,2866.6,3247.3,132,5,3247.2,34,2,3247.1,19,2,3247.0,50,3,3246.9,169,7,3247.8,14,2,3247.9,32,3,3248.6,47,2,3248.8,75,2,3248.9,47,4
11536,2025-12-30 14:59:09+05:30,3247.9,5,3252.39,1922268,82939.0,105091.0,3250.0,3267.5,3239.8,3251.5,46370100,3576.6,2926.4,4322.95,2866.6,3247.9,13,1,3247.8,101,4,3247.7,20,1,3247.6,3,1,3247.5,338,6,3248.8,17,2,3248.9,20,1,3249.3,57,2,3249.4,46,2,3249.5,53,2
11536,2025-12-30 14:59:09+05:30,3247.9,5,3252.39,1922268,82939.0,105091.0,3250.0,3267.5,3239.8,3251.5,46370100,3576.6,2926.4,4322.95,2866.6,3247.9,13,1,3247.8,101,4,3247.7,20,1,3247.6,3,1,3247.5,338,6,3248.8,17,2,3248.9,20,1,3249.3,57,2,3249.4,46,2,3249.5,53,2
11536,2025-12-30 14:59:10+05:30,3247.8,4,3252.39,1922268,82939.0,105091.0,3250.0,3267.5,3239.8,3251.5,46370100,3576.6,2926.4,4322.95,2866.6,3247.9,13,1,3247.8,101,4,3247.7,20,1,3247.6,3,1,3247.5,338,6,3248.8,17,2,3248.9,20,1,3249.3,57,2,3249.4,46,2,3249.5,53,2
11536,2025-12-30 14:59:10+05:30,3247.8,4,3252.39,1922490,82606.0,104981.0,3250.0,3267.5,3239.8,3251.5,46370100,3576.6,2926.4,4322.95,2866.6,3248.0,57,2,3247.9,20,1,3247.8,36,3,3247.7,313,6,3247.6,85,3,3249.2,15,2,3249.5,92,3,3249.6,139,5,3249.7,46,1,3249.8,228,5
11536,2025-12-30 14:59:11+05:30,3249.2,1,3252.39,1922490,82606.0,104981.0,3250.0,3267.5,3239.8,3251.5,46370100,3576.6,2926.4,4322.95,2866.6,3248.0,57,2,3247.9,20,1,3247.8,36,3,3247.7,313,6,3247.6,85,3,3249.2,15,2,3249.5,92,3,3249.6,139,5,3249.7,46,1,3249.8,228,5
11536,2025-12-30 14:59:11+05:30,3249.2,7,3252.39,1922626,82853.0,103537.0,3250.0,3267.5,3239.8,3251.5,46370100,3576.6,2926.4,4322.95,2866.6,3248.1,31,1,3248.0,12,2,3247.9,8,1,3247.7,258,4,3247.6,171,7,3249.2,47,3,3249.4,79,2,3249.6,101,3,3249.7,30,2,3249.8,52,3
11536,2025-12-30 14:59:12+05:30,3249.2,7,3252.39,1922626,82853.0,103537.0,3250.0,3267.5,3239.8,3251.5,46370100,3576.6,2926.4,4322.95,2866.6,3248.1,31,1,3248.0,12,2,3247.9,8,1,3247.7,258,4,3247.6,171,7,3249.2,47,3,3249.4,79,2,3249.6,101,3,3249.7,30,2,3249.8,52,3
11536,2025-12-30 14:59:12+05:30,3249.2,7,3252.39,1922626,79739.0,105739.0,3250.0,3267.5,3239.8,3251.5,46370100,3576.6,2926.4,4322.95,2866.6,3248.1,84,2,3248.0,12,2,3247.9,20,1,3247.8,20,1,3247.7,35,3,3249.0,45,3,3249.2,29,1,3249.3,14,1,3249.4,90,4,3249.5,20,2
11536,2025-12-30 14:59:13+05:30,3248.2,1,3252.39,1922626,79739.0,105739.0,3250.0,3267.5,3239.8,3251.5,46370100,3576.6,2926.4,4322.95,2866.6,3248.1,84,2,3248.0,12,2,3247.9,20,1,3247.8,20,1,3247.7,35,3,3249.0,45,3,3249.2,29,1,3249.3,14,1,3249.4,90,4,3249.5,20,2
11536,2025-12-30 14:59:13+05:30,3249.7,18,3252.39,1922729,83339.0,101154.0,3250.0,3267.5,3239.8,3251.5,46370100,3576.6,2926.4,4322.95,2866.6,3248.6,31,1,3248.2,91,3,3248.1,112,6,3248.0,98,4,3247.9,241,5,3249.7,43,2,3249.8,73,3,3249.9,41,2,3250.0,22,1,3250.1,38,3
11536,2025-12-30 14:59:14+05:30,3248.2,1,3252.39,1922729,83339.0,101154.0,3250.0,3267.5,3239.8,3251.5,46370100,3576.6,2926.4,4322.95,2866.6,3248.6,31,1,3248.2,91,3,3248.1,112,6,3248.0,98,4,3247.9,241,5,3249.7,43,2,3249.8,73,3,3249.9,41,2,3250.0,22,1,3250.1,38,3
11536,2025-12-30 14:59:14+05:30,3248.2,1,3252.39,1922885,82573.0,104295.0,3250.0,3267.5,3239.8,3251.5,46370100,3576.6,2926.4,4322.95,2866.6,3248.2,61,3,3248.1,58,3,3248.0,56,2,3247.9,3,1,3247.8,121,5,3249.4,67,3,3249.5,10,1,3249.6,20,2,3249.7,42,2,3249.8,88,5
11536,2025-12-30 14:59:15+05:30,3249.4,1,3252.39,1922885,82573.0,104295.0,3250.0,3267.5,3239.8,3251.5,46370100,3576.6,2926.4,4322.95,2866.6,3248.2,61,3,3248.1,58,3,3248.0,56,2,3247.9,3,1,3247.8,121,5,3249.4,67,3,3249.5,10,1,3249.6,20,2,3249.7,42,2,3249.8,88,5
11536,2025-12-30 14:59:15+05:30,3249.5,8,3252.39,1922986,83119.0,104587.0,3250.0,3267.5,3239.8,3251.5,46370100,3576.6,2926.4,4322.95,2866.6,3248.5,25,1,3248.4,26,1,3248.3,10,1,3248.2,66,3,3248.1,74,4,3249.5,12,2,3249.8,54,3,3249.9,109,4,3250.0,22,1,3250.1,40,3
11536,2025-12-30 14:59:16+05:30,3249.5,1,3252.39,1922986,83119.0,104587.0,3250.0,3267.5,3239.8,3251.5,46370100,3576.6,2926.4,4322.95,2866.6,3248.5,25,1,3248.4,26,1,3248.3,10,1,3248.2,66,3,3248.1,74,4,3249.5,12,2,3249.8,54,3,3249.9,109,4,3250.0,22,1,3250.1,40,3
11536,2025-12-30 14:59:16+05:30,3249.8,38,3252.39,1923037,83131.0,104398.0,3250.0,3267.5,3239.8,3251.5,46370100,3576.6,2926.4,4322.95,2866.6,3248.5,88,3,3248.4,26,1,3248.3,44,1,3248.2,37,3,3248.1,114,5,3249.8,19,4,3249.9,25,1,3250.1,9,2,3250.2,88,3,3250.3,68,2
11536,2025-12-30 14:59:17+05:30,3249.8,7,3252.39,1923037,83131.0,104398.0,3250.0,3267.5,3239.8,3251.5,46370100,3576.6,2926.4,4322.95,2866.6,3248.5,88,3,3248.4,26,1,3248.3,44,1,3248.2,37,3,3248.1,114,5,3249.8,19,4,3249.9,25,1,3250.1,9,2,3250.2,88,3,3250.3,68,2
11536,2025-12-30 14:59:17+05:30,3248.3,5,3252.38,1924173,80103.0,104400.0,3250.0,3267.5,3239.8,3251.5,46370100,3576.6,2926.4,4322.95,2866.6,3248.3,46,3,3248.2,16,1,3248.1,50,2,3248.0,115,5,3247.9,77,2,3249.6,61,4,3249.7,38,2,3249.8,26,1,3249.9,25,1,3250.0,96,3
11536,2025-12-30 14:59:18+05:30,3247.9,14,3252.38,1924173,80103.0,104400.0,3250.0,3267.5,3239.8,3251.5,46370100,3576.6,2926.4,4322.95,2866.6,3248.3,46,3,3248.2,16,1,3248.1,50,2,3248.0,115,5,3247.9,77,2,3249.6,61,4,3249.7,38,2,3249.8,26,1,3249.9,25,1,3250.0,96,3
11536,2025-12-30 14:59:18+05:30,3249.4,1,3252.38,1924378,81453.0,103825.0,3250.0,3267.5,3239.8,3251.5,46370100,3576.6,2926.4,4322.95,2866.6,3248.3,25,1,3248.1,53,2,3248.0,81,2,3247.9,148,4,3247.8,108,4,3249.4,13,2,3249.6,47,3,3249.7,25,1,3249.8,47,2,3249.9,25,1
11536,2025-12-30 14:59:19+05:30,3248.3,4,3252.38,1924378,81453.0,103825.0,3250.0,3267.5,3239.8,3251.5,46370100,3576.6,2926.4,4322.95,2866.6,3248.3,25,1,3248.1,53,2,3248.0,81,2,3247.9,148,4,3247.8,108,4,3249.4,13,2,3249.6,47,3,3249.7,25,1,3249.8,47,2,3249.9,25,1
11536,2025-12-30 14:59:19+05:30,3249.4,17,3252.38,1924467,79342.0,104479.0,3250.0,3267.5,3239.8,3251.5,46370100,3576.6,2926.4,4322.95,2866.6,3248.1,39,2,3248.0,4,1,3247.9,92,3,3247.8,118,5,3247.7,55,2,3249.4,33,3,3249.5,29,1,3249.6,47,3,3249.7,25,1,3249.8,47,2
11536,2025-12-30 14:59:20+05:30,3249.6,2,3252.38,1924467,79342.0,104479.0,3250.0,3267.5,3239.8,3251.5,46370100,3576.6,2926.4,4322.95,2866.6,3248.1,39,2,3248.0,4,1,3247.9,92,3,3247.8,118,5,3247.7,55,2,3249.4,33,3,3249.5,29,1,3249.6,47,3,3249.7,25,1,3249.8,47,2
11536,2025-12-30 14:59:20+05:30,3249.4,9,3252.38,1924564,80034.0,104339.0,3250.0,3267.5,3239.8,3251.5,46370100,3576.6,2926.4,4322.95,2866.6,3248.2,4,1,3248.1,92,3,3248.0,21,1,3247.9,92,3,3247.8,156,5,3249.4,32,3,3249.5,6,2,3249.7,25,1,3249.8,26,1,3249.9,40,2
11536,2025-12-30 14:59:21+05:30,3248.2,7,3252.38,1924564,80034.0,104339.0,3250.0,3267.5,3239.8,3251.5,46370100,3576.6,2926.4,4322.95,2866.6,3248.2,4,1,3248.1,92,3,3248.0,21,1,3247.9,92,3,3247.8,156,5,3249.4,32,3,3249.5,6,2,3249.7,25,1,3249.8,26,1,3249.9,40,2
11536,2025-12-30 14:59:21+05:30,3249.4,15,3252.38,1924728,80358.0,104481.0,3250.0,3267.5,3239.8,3251.5,46370100,3576.6,2926.4,4322.95,2866.6,3248.1,70,3,3248.0,98,3,3247.9,8,1,3247.8,83,3,3247.7,36,2,3249.4,65,4,3249.5,18,3,3249.7,53,2,3249.8,46,2,3249.9,59,4
11536,2025-12-30 14:59:22+05:30,3249.4,1,3252.38,1924728,80358.0,104481.0,3250.0,3267.5,3239.8,3251.5,46370100,3576.6,2926.4,4322.95,2866.6,3248.1,70,3,3248.0,98,3,3247.9,8,1,3247.8,83,3,3247.7,36,2,3249.4,65,4,3249.5,18,3,3249.7,53,2,3249.8,46,2,3249.9,59,4
11536,2025-12-30 14:59:22+05:30,3249.4,11,3252.38,1925117,81130.0,103315.0,3250.0,3267.5,3239.8,3251.5,46370100,3576.6,2926.4,4322.95,2866.6,3248.1,60,2,3248.0,40,3,3247.8,137,5,3247.7,61,2,3247.6,236,5,3249.4,43,3,3249.5,15,3,3249.6,54,1,3249.7,35,2,3249.8,49,2
11536,2025-12-30 14:59:23+05:30,3249.4,1,3252.38,1925117,81130.0,103315.0,3250.0,3267.5,3239.8,3251.5,46370100,3576.6,2926.4,4322.95,2866.6,3248.1,60,2,3248.0,40,3,3247.8,137,5,3247.7,61,2,3247.6,236,5,3249.4,43,3,3249.5,15,3,3249.6,54,1,3249.7,35,2,3249.8,49,2
11536,2025-12-30 14:59:23+05:30,3249.5,5,3252.38,1925168,78065.0,103823.0,3250.0,3267.5,3239.8,3251.5,46370100,3576.6,2926.4,4322.95,2866.6,3248.2,6,2,3248.1,57,1,3248.0,51,4,3247.9,64,2,3247.8,160,6,3249.5,98,8,3249.6,70,2,3249.7,25,1,3249.8,49,2,3249.9,44,3
11536,2025-12-30 14:59:24+05:30,3249.4,11,3252.38,1925168,78065.0,103823.0,3250.0,3267.5,3239.8,3251.5,46370100,3576.6,2926.4,4322.95,2866.6,3248.2,6,2,3248.1,57,1,3248.0,51,4,3247.9,64,2,3247.8,160,6,3249.5,98,8,3249.6,70,2,3249.7,25,1,3249.8,49,2,3249.9,44,3
11536,2025-12-30 14:59:24+05:30,3249.5,9,3252.38,1925253,80436.0,103825.0,3250.0,3267.5,3239.8,3251.5,46370100,3576.6,2926.4,4322.95,2866.6,3248.2,6,2,3248.1,57,1,3248.0,35,3,3247.9,64,2,3247.8,140,5,3249.5,47,5,3249.6,54,1,3249.7,25,1,3249.8,70,3,3249.9,66,4
11536,2025-12-30 14:59:25+05:30,3249.5,1,3252.38,1925253,80436.0,103825.0,3250.0,3267.5,3239.8,3251.5,46370100,3576.6,2926.4,4322.95,2866.6,3248.2,6,2,3248.1,57,1,3248.0,35,3,3247.9,64,2,3247.8,140,5,3249.5,47,5,3249.6,54,1,3249.7,25,1,3249.8,70,3,3249.9,66,4
11536,2025-12-30 14:59:25+05:30,3249.5,4,3252.38,1925313,80356.0,104221.0,3250.0,3267.5,3239.8,3251.5,46370100,3576.6,2926.4,4322.95,2866.6,3248.3,51,2,3248.2,3,1,3248.1,61,1,3248.0,35,3,3247.9,156,2,3249.5,57,5,3249.6,54,1,3249.7,25,1,3249.8,70,3,3249.9,83,5
11536,2025-12-30 14:59:26+05:30,3248.3,50,3252.38,1925313,80356.0,104221.0,3250.0,3267.5,3239.8,3251.5,46370100,3576.6,2926.4,4322.95,2866.6,3248.3,51,2,3248.2,3,1,3248.1,61,1,3248.0,35,3,3247.9,156,2,3249.5,57,5,3249.6,54,1,3249.7,25,1,3249.8,70,3,3249.9,83,5
11536,2025-12-30 14:59:27+05:30,3248.4,4,3252.38,1925477,82631.0,104765.0,3250.0,3267.5,3239.8,3251.5,46370100,3576.6,2926.4,4322.95,2866.6,3248.3,17,2,3248.1,54,1,3247.9,26,1,3247.8,2,1,3247.7,213,2,3248.4,15,2,3249.4,50,2,3249.5,18,2,3249.6,78,3,3249.7,46,1
11536,2025-12-30 14:59:27+05:30,3248.4,14,3252.38,1925477,82631.0,104765.0,3250.0,3267.5,3239.8,3251.5,46370100,3576.6,2926.4,4322.95,2866.6,3248.3,17,2,3248.1,54,1,3247.9,26,1,3247.8,2,1,3247.7,213,2,3248.4,15,2,3249.4,50,2,3249.5,18,2,3249.6,78,3,3249.7,46,1
11536,2025-12-30 14:59:27+05:30,3248.4,14,3252.38,1925506,82230.0,104838.0,3250.0,3267.5,3239.8,3251.5,46370100,3576.6,2926.4,4322.95,2866.6,3248.4,44,2,3248.3,10,1,3248.1,54,1,3247.9,26,1,3247.8,81,2,3248.9,14,2,3249.3,28,1,3249.4,41,2,3249.5,39,3,3249.6,54,1
11536,2025-12-30 14:59:29+05:30,3248.4,1,3252.38,1925546,79440.0,104903.0,3250.0,3267.5,3239.8,3251.5,46370100,3576.6,2926.4,4322.95,2866.6,3248.4,4,2,3248.1,54,1,3247.9,26,1,3247.8,20,1,3247.6,56,4,3248.9,14,2,3249.0,28,1,3249.1,10,1,3249.4,41,2,3249.5,40,4
11536,2025-12-30 14:59:29+05:30,3248.4,1,3252.38,1925546,79440.0,104903.0,3250.0,3267.5,3239.8,3251.5,46370100,3576.6,2926.4,4322.95,2866.6,3248.4,4,2,3248.1,54,1,3247.9,26,1,3247.8,20,1,3247.6,56,4,3248.9,14,2,3249.0,28,1,3249.1,10,1,3249.4,41,2,3249.5,40,4
11536,2025-12-30 14:59:30+05:30,3248.4,1,3252.38,1925546,82264.0,104867.0,3250.0,3267.5,3239.8,3251.5,46370100,3576.6,2926.4,4322.95,2866.6,3248.8,3,1,3248.4,1,1,3248.1,67,2,3248.0,21,1,3247.9,26,1,3248.9,15,2,3249.0,28,1,3249.2,6,1,3249.4,57,3,3249.5,40,4
11536,2025-12-30 14:59:30+05:30,3248.8,156,3252.38,1925546,82264.0,104867.0,3250.0,3267.5,3239.8,3251.5,46370100,3576.6,2926.4,4322.95,2866.6,3248.8,3,1,3248.4,1,1,3248.1,67,2,3248.0,21,1,3247.9,26,1,3248.9,15,2,3249.0,28,1,3249.2,6,1,3249.4,57,3,3249.5,40,4
11536,2025-12-30 14:59:31+05:30,3248.8,38,3252.38,1925797,79840.0,105303.0,3250.0,3267.5,3239.8,3251.5,46370100,3576.6,2926.4,4322.95,2866.6,3248.4,1,1,3248.1,67,2,3247.6,67,3,3247.5,46,2,3247.4,67,3,3248.9,71,8,3249.0,25,2,3249.1,18,1,3249.2,24,2,3249.3,93,4
11536,2025-12-30 14:59:31+05:30,3248.9,1,3252.38,1925797,79840.0,105303.0,3250.0,3267.5,3239.8,3251.5,46370100,3576.6,2926.4,4322.95,2866.6,3248.4,1,1,3248.1,67,2,3247.6,67,3,3247.5,46,2,3247.4,67,3,3248.9,71,8,3249.0,25,2,3249.1,18,1,3249.2,24,2,3249.3,93,4
11536,2025-12-30 14:59:32+05:30,3248.9,2,3252.38,1925800,79767.0,104090.0,3250.0,3267.5,3239.8,3251.5,46370100,3576.6,2926.4,4322.95,2866.6,3248.4,1,1,3248.1,67,2,3247.6,67,3,3247.5,46,2,3247.4,93,4,3248.9,58,6,3249.0,60,5,3249.1,18,1,3249.2,24,2,3249.3,93,4
11536,2025-12-30 14:59:32+05:30,3248.9,2,3252.38,1925800,79767.0,104090.0,3250.0,3267.5,3239.8,3251.5,46370100,3576.6,2926.4,4322.95,2866.6,3248.4,1,1,3248.1,67,2,3247.6,67,3,3247.5,46,2,3247.4,93,4,3248.9,58,6,3249.0,60,5,3249.1,18,1,3249.2,24,2,3249.3,93,4
11536,2025-12-30 14:59:33+05:30,3247.4,23,3252.38,1926431,79046.0,104669.0,3250.0,3267.5,3239.8,3251.5,46370100,3576.6,2926.4,4322.95,2866.6,3247.1,113,7,3247.0,25,2,3246.9,196,3,3246.8,58,4,3246.7,221,3,3247.4,55,3,3248.5,176,3,3248.6,21,1,3248.7,56,2,3248.8,67,2
11536,2025-12-30 14:59:33+05:30,3247.4,23,3252.38,1926431,79046.0,104669.0,3250.0,3267.5,3239.8,3251.5,46370100,3576.6,2926.4,4322.95,2866.6,3247.1,113,7,3247.0,25,2,3246.9,196,3,3246.8,58,4,3246.7,221,3,3247.4,55,3,3248.5,176,3,3248.6,21,1,3248.7,56,2,3248.8,67,2
11536,2025-12-30 14:59:34+05:30,3247.4,11,3252.38,1926431,79046.0,104669.0,3250.0,3267.5,3239.8,3251.5,46370100,3576.6,2926.4,4322.95,2866.6,3247.1,113,7,3247.0,25,2,3246.9,196,3,3246.8,58,4,3246.7,221,3,3247.4,55,3,3248.5,176,3,3248.6,21,1,3248.7,56,2,3248.8,67,2
11536,2025-12-30 14:59:34+05:30,3247.4,11,3252.38,1926642,79778.0,106425.0,3250.0,3267.5,3239.8,3251.5,46370100,3576.6,2926.4,4322.95,2866.6,3247.1,25,5,3247.0,31,1,3246.9,178,2,3246.8,58,4,3246.7,257,4,3247.4,123,3,3248.2,3,1,3248.3,115,2,3248.4,81,2,3248.5,222,4
11536,2025-12-30 14:59:35+05:30,3247.4,1,3252.38,1926642,79778.0,106425.0,3250.0,3267.5,3239.8,3251.5,46370100,3576.6,2926.4,4322.95,2866.6,3247.1,25,5,3247.0,31,1,3246.9,178,2,3246.8,58,4,3246.7,257,4,3247.4,123,3,3248.2,3,1,3248.3,115,2,3248.4,81,2,3248.5,222,4
11536,2025-12-30 14:59:35+05:30,3247.4,1,3252.38,1926645,76623.0,106315.0,3250.0,3267.5,3239.8,3251.5,46370100,3576.6,2926.4,4322.95,2866.6,3247.1,45,5,3247.0,3,1,3246.9,178,2,3246.8,58,4,3246.7,257,4,3247.4,118,3,3247.6,1,1,3248.2,3,1,3248.3,54,1,3248.4,20,1
11536,2025-12-30 14:59:36+05:30,3247.6,1,3252.38,1926645,76623.0,106315.0,3250.0,3267.5,3239.8,3251.5,46370100,3576.6,2926.4,4322.95,2866.6,3247.1,45,5,3247.0,3,1,3246.9,178,2,3246.8,58,4,3246.7,257,4,3247.4,118,3,3247.6,1,1,3248.2,3,1,3248.3,54,1,3248.4,20,1
11536,2025-12-30 14:59:36+05:30,3247.6,1,3252.38,1927067,81839.0,105127.0,3250.0,3267.5,3239.8,3251.5,46370100,3576.6,2926.4,4322.95,2866.6,3247.6,9,1,3247.5,34,2,3247.4,18,1,3247.3,18,1,3247.2,256,4,3248.2,13,2,3248.5,122,2,3248.8,21,1,3248.9,41,2,3249.0,84,4
11536,2025-12-30 14:59:37+05:30,3248.2,2,3252.38,1927067,81839.0,105127.0,3250.0,3267.5,3239.8,3251.5,46370100,3576.6,2926.4,4322.95,2866.6,3247.6,9,1,3247.5,34,2,3247.4,18,1,3247.3,18,1,3247.2,256,4,3248.2,13,2,3248.5,122,2,3248.8,21,1,3248.9,41,2,3249.0,84,4
11536,2025-12-30 14:59:37+05:30,3248.2,2,3252.38,1927075,81890.0,105407.0,3250.0,3267.5,3239.8,3251.5,46370100,3576.6,2926.4,4322.95,2866.6,3247.6,3,1,3247.5,34,2,3247.4,47,1,3247.2,229,4,3247.1,27,3,3248.2,13,2,3248.7,39,1,3248.8,63,3,3248.9,41,2,3249.0,84,4
11536,2025-12-30 14:59:38+05:30,3247.6,100,3252.38,1927075,81890.0,105407.0,3250.0,3267.5,3239.8,3251.5,46370100,3576.6,2926.4,4322.95,2866.6,3247.6,3,1,3247.5,34,2,3247.4,47,1,3247.2,229,4,3247.1,27,3,3248.2,13,2,3248.7,39,1,3248.8,63,3,3248.9,41,2,3249.0,84,4
11536,2025-12-30 14:59:38+05:30,3247.6,100,3252.38,1927235,80796.0,105550.0,3250.0,3267.5,3239.8,3251.5,46370100,3576.6,2926.4,4322.95,2866.6,3247.6,41,1,3247.5,34,2,3247.2,229,4,3247.1,27,3,3247.0,274,4,3248.2,23,4,3248.3,10,1,3248.6,28,1,3248.7,161,3,3248.8,117,4
11536,2025-12-30 14:59:39+05:30,3248.2,27,3252.38,1927235,80796.0,105550.0,3250.0,3267.5,3239.8,3251.5,46370100,3576.6,2926.4,4322.95,2866.6,3247.6,41,1,3247.5,34,2,3247.2,229,4,3247.1,27,3,3247.0,274,4,3248.2,23,4,3248.3,10,1,3248.6,28,1,3248.7,161,3,3248.8,117,4
11536,2025-12-30 14:59:39+05:30,3248.2,23,3252.38,1927346,81564.0,105701.0,3250.0,3267.5,3239.8,3251.5,46370100,3576.6,2926.4,4322.95,2866.6,3247.6,2,1,3247.5,3,1,3247.2,209,3,3247.1,10,3,3247.0,196,2,3248.2,18,3,3248.3,10,1,3248.7,161,3,3248.8,117,4,3248.9,111,4
11536,2025-12-30 14:59:40+05:30,3248.3,7,3252.38,1927346,81564.0,105701.0,3250.0,3267.5,3239.8,3251.5,46370100,3576.6,2926.4,4322.95,2866.6,3247.6,2,1,3247.5,3,1,3247.2,209,3,3247.1,10,3,3247.0,196,2,3248.2,18,3,3248.3,10,1,3248.7,161,3,3248.8,117,4,3248.9,111,4
11536,2025-12-30 14:59:40+05:30,3248.3,7,3252.37,1930509,80791.0,103664.0,3250.0,3267.5,3239.8,3251.5,46370100,3576.6,2926.4,4322.95,2866.6,3248.3,7,1,3248.2,5,1,3248.1,3,1,3247.9,61,2,3247.8,214,3,3249.4,65,3,3249.6,28,1,3249.7,79,4,3249.8,25,1,3249.9,78,4
11536,2025-12-30 14:59:41+05:30,3248.3,5,3252.37,1930509,80791.0,103664.0,3250.0,3267.5,3239.8,3251.5,46370100,3576.6,2926.4,4322.95,2866.6,3248.3,7,1,3248.2,5,1,3248.1,3,1,3247.9,61,2,3247.8,214,3,3249.4,65,3,3249.6,28,1,3249.7,79,4,3249.8,25,1,3249.9,78,4
11536,2025-12-30 14:59:41+05:30,3248.3,5,3252.37,1930615,81950.0,104638.0,3250.0,3267.5,3239.8,3251.5,46370100,3576.6,2926.4,4322.95,2866.6,3248.9,41,1,3248.0,21,1,3247.9,184,2,3247.8,125,3,3247.7,356,6,3249.2,34,2,3249.3,39,1,3249.4,96,4,3249.6,18,1,3249.7,102,5
11536,2025-12-30 14:59:42+05:30,3248.9,4,3252.37,1930615,81950.0,104638.0,3250.0,3267.5,3239.8,3251.5,46370100,3576.6,2926.4,4322.95,2866.6,3248.9,41,1,3248.0,21,1,3247.9,184,2,3247.8,125,3,3247.7,356,6,3249.2,34,2,3249.3,39,1,3249.4,96,4,3249.6,18,1,3249.7,102,5
11536,2025-12-30 14:59:42+05:30,3249.1,3,3252.37,1930775,82250.0,105167.0,3250.0,3267.5,3239.8,3251.5,46370100,3576.6,2926.4,4322.95,2866.6,3248.9,1,1,3248.0,21,1,3247.9,165,1,3247.8,64,2,3247.7,85,4,3249.1,52,4,3249.2,14,1,3249.3,39,1,3249.4,58,3,3249.6,17,1
11536,2025-12-30 14:59:43+05:30,3248.9,1,3252.37,1930775,82250.0,105167.0,3250.0,3267.5,3239.8,3251.5,46370100,3576.6,2926.4,4322.95,2866.6,3248.9,1,1,3248.0,21,1,3247.9,165,1,3247.8,64,2,3247.7,85,4,3249.1,52,4,3249.2,14,1,3249.3,39,1,3249.4,58,3,3249.6,17,1
11536,2025-12-30 14:59:44+05:30,3249.1,2,3252.37,1930778,82896.0,103935.0,3250.0,3267.5,3239.8,3251.5,46370100,3576.6,2926.4,4322.95,2866.6,3248.9,10,2,3248.2,222,3,3248.1,108,3,3248.0,47,5,3247.9,126,3,3249.1,7,1,3249.2,14,1,3249.4,26,1,3249.7,28,1,3250.0,96,4
11536,2025-12-30 14:59:44+05:30,3249.1,2,3252.37,1930778,82896.0,103935.0,3250.0,3267.5,3239.8,3251.5,46370100,3576.6,2926.4,4322.95,2866.6,3248.9,10,2,3248.2,222,3,3248.1,108,3,3248.0,47,5,3247.9,126,3,3249.1,7,1,3249.2,14,1,3249.4,26,1,3249.7,28,1,3250.0,96,4
11536,2025-12-30 14:59:45+05:30,3249.1,1,3252.37,1930798,82590.0,103954.0,3250.0,3267.5,3239.8,3251.5,46370100,3576.6,2926.4,4322.95,2866.6,3248.9,10,2,3248.2,22,1,3248.1,154,1,3248.0,66,6,3247.9,65,2,3249.1,28,4,3249.3,28,1,3249.4,26,1,3249.5,16,1,3250.0,93,4
11536,2025-12-30 14:59:45+05:30,3249.1,1,3252.37,1930798,82590.0,103954.0,3250.0,3267.5,3239.8,3251.5,46370100,3576.6,2926.4,4322.95,2866.6,3248.9,10,2,3248.2,22,1,3248.1,154,1,3248.0,66,6,3247.9,65,2,3249.1,28,4,3249.3,28,1,3249.4,26,1,3249.5,16,1,3250.0,93,4
11536,2025-12-30 14:59:46+05:30,3249.1,1,3252.37,1930798,82734.0,104322.0,3250.0,3267.5,3239.8,3251.5,46370100,3576.6,2926.4,4322.95,2866.6,3249.0,74,1,3248.9,10,2,3248.2,76,2,3248.1,19,1,3248.0,47,5,3249.1,28,4,3249.9,67,2,3250.0,138,7,3250.1,64,2,3250.2,181,3
11536,2025-12-30 14:59:46+05:30,3249.0,82,3252.37,1930798,82734.0,104322.0,3250.0,3267.5,3239.8,3251.5,46370100,3576.6,2926.4,4322.95,2866.6,3249.0,74,1,3248.9,10,2,3248.2,76,2,3248.1,19,1,3248.0,47,5,3249.1,28,4,3249.9,67,2,3250.0,138,7,3250.1,64,2,3250.2,181,3
11536,2025-12-30 14:59:47+05:30,3249.1,2,3252.37,1930965,82785.0,102698.0,3250.0,3267.5,3239.8,3251.5,46370100,3576.6,2926.4,4322.95,2866.6,3249.0,9,1,3248.9,10,2,3248.2,22,1,3248.1,171,1,3248.0,66,6,3249.1,27,4,3249.7,28,1,3249.8,39,1,3249.9,39,1,3250.0,184,8
11536,2025-12-30 14:59:47+05:30,3249.1,2,3252.37,1930965,82785.0,102698.0,3250.0,3267.5,3239.8,3251.5,46370100,3576.6,2926.4,4322.95,2866.6,3249.0,9,1,3248.9,10,2,3248.2,22,1,3248.1,171,1,3248.0,66,6,3249.1,27,4,3249.7,28,1,3249.8,39,1,3249.9,39,1,3250.0,184,8
11536,2025-12-30 14:59:48+05:30,3249.0,7,3252.37,1932075,82648.0,104200.0,3250.0,3267.5,3239.8,3251.5,46370100,3576.6,2926.4,4322.95,2866.6,3249.0,57,1,3248.1,76,4,3248.0,188,4,3247.9,102,4,3247.8,337,8,3249.1,26,4,3249.4,28,1,3249.6,39,1,3249.7,25,1,3249.9,24,1
11536,2025-12-30 14:59:48+05:30,3249.0,7,3252.37,1932075,82648.0,104200.0,3250.0,3267.5,3239.8,3251.5,46370100,3576.6,2926.4,4322.95,2866.6,3249.0,57,1,3248.1,76,4,3248.0,188,4,3247.9,102,4,3247.8,337,8,3249.1,26,4,3249.4,28,1,3249.6,39,1,3249.7,25,1,3249.9,24,1
11536,2025-12-30 14:59:49+05:30,3249.0,39,3252.37,1932114,82614.0,104640.0,3250.0,3267.5,3239.8,3251.5,46370100,3576.6,2926.4,4322.95,2866.6,3248.1,76,4,3248.0,91,5,3247.9,59,3,3247.8,135,6,3247.7,105,6,3249.1,48,5,3249.4,28,1,3249.6,39,1,3249.7,25,1,3249.8,41,3
11536,2025-12-30 14:59:49+05:30,3249.0,39,3252.37,1932114,82614.0,104640.0,3250.0,3267.5,3239.8,3251.5,46370100,3576.6,2926.4,4322.95,2866.6,3248.1,76,4,3248.0,91,5,3247.9,59,3,3247.8,135,6,3247.7,105,6,3249.1,48,5,3249.4,28,1,3249.6,39,1,3249.7,25,1,3249.8,41,3
11536,2025-12-30 14:59:50+05:30,3248.1,1,3252.37,1932269,82799.0,104725.0,3250.0,3267.5,3239.8,3251.5,46370100,3576.6,2926.4,4322.95,2866.6,3248.1,20,3,3248.0,52,3,3247.9,59,3,3247.8,147,7,3247.7,208,5,3248.8,47,3,3249.0,32,1,3249.1,12,1,3249.2,9,2,3249.4,28,1
11536,2025-12-30 14:59:50+05:30,3248.1,1,3252.37,1932269,82799.0,104725.0,3250.0,3267.5,3239.8,3251.5,46370100,3576.6,2926.4,4322.95,2866.6,3248.1,20,3,3248.0,52,3,3247.9,59,3,3247.8,147,7,3247.7,208,5,3248.8,47,3,3249.0,32,1,3249.1,12,1,3249.2,9,2,3249.4,28,1
11536,2025-12-30 14:59:51+05:30,3249.0,7,3252.37,1932323,83029.0,104804.0,3250.0,3267.5,3239.8,3251.5,46370100,3576.6,2926.4,4322.95,2866.6,3248.1,9,2,3248.0,52,3,3247.9,59,3,3247.8,116,6,3247.7,208,5,3248.8,39,3,3249.0,25,1,3249.2,9,2,3249.6,22,1,3249.8,195,7
11536,2025-12-30 14:59:51+05:30,3249.0,7,3252.37,1932323,83029.0,104804.0,3250.0,3267.5,3239.8,3251.5,46370100,3576.6,2926.4,4322.95,2866.6,3248.1,9,2,3248.0,52,3,3247.9,59,3,3247.8,116,6,3247.7,208,5,3248.8,39,3,3249.0,25,1,3249.2,9,2,3249.6,22,1,3249.8,195,7
11536,2025-12-30 14:59:52+05:30,3249.0,7,3252.37,1932323,83029.0,104804.0,3250.0,3267.5,3239.8,3251.5,46370100,3576.6,2926.4,4322.95,2866.6,3248.1,9,2,3248.0,52,3,3247.9,59,3,3247.8,116,6,3247.7,208,5,3248.8,39,3,3249.0,25,1,3249.2,9,2,3249.6,22,1,3249.8,195,7
11536,2025-12-30 14:59:52+05:30,3249.0,7,3252.37,1932323,82981.0,104854.0,3250.0,3267.5,3239.8,3251.5,46370100,3576.6,2926.4,4322.95,2866.6,3248.1,25,2,3248.0,15,1,3247.9,59,3,3247.8,95,5,3247.7,208,5,3248.7,90,3,3248.8,12,1,3249.2,9,2,3249.3,18,1,3249.6,69,3
11536,2025-12-30 14:59:53+05:30,3249.0,7,3252.37,1932323,82928.0,104681.0,3250.0,3267.5,3239.8,3251.5,46370100,3576.6,2926.4,4322.95,2866.6,3248.1,25,2,3248.0,15,1,3247.9,41,2,3247.8,75,4,3247.7,45,3,3248.7,104,4,3249.1,28,1,3249.2,9,2,3249.3,18,1,3249.6,123,4
11536,2025-12-30 14:59:53+05:30,3249.0,7,3252.37,1932323,82928.0,104681.0,3250.0,3267.5,3239.8,3251.5,46370100,3576.6,2926.4,4322.95,2866.6,3248.1,25,2,3248.0,15,1,3247.9,41,2,3247.8,75,4,3247.7,45,3,3248.7,104,4,3249.1,28,1,3249.2,9,2,3249.3,18,1,3249.6,123,4
11536,2025-12-30 14:59:54+05:30,3248.2,156,3252.37,1932515,82880.0,104654.0,3250.0,3267.5,3239.8,3251.5,46370100,3576.6,2926.4,4322.95,2866.6,3248.2,92,1,3248.1,53,2,3248.0,15,1,3247.9,11,1,3247.8,12,2,3248.7,34,2,3248.9,28,1,3249.0,86,2,3249.2,9,2,3249.3,18,1
11536,2025-12-30 14:59:54+05:30,3248.2,156,3252.37,1932515,82880.0,104654.0,3250.0,3267.5,3239.8,3251.5,46370100,3576.6,2926.4,4322.95,2866.6,3248.2,92,1,3248.1,53,2,3248.0,15,1,3247.9,11,1,3247.8,12,2,3248.7,34,2,3248.9,28,1,3249.0,86,2,3249.2,9,2,3249.3,18,1
11536,2025-12-30 14:59:55+05:30,3248.2,156,3252.37,1932515,82880.0,104654.0,3250.0,3267.5,3239.8,3251.5,46370100,3576.6,2926.4,4322.95,2866.6,3248.2,92,1,3248.1,53,2,3248.0,15,1,3247.9,11,1,3247.8,12,2,3248.7,34,2,3248.9,28,1,3249.0,86,2,3249.2,9,2,3249.3,18,1
11536,2025-12-30 14:59:55+05:30,3248.7,1,3252.37,1932516,82940.0,104599.0,3250.0,3267.5,3239.8,3251.5,46370100,3576.6,2926.4,4322.95,2866.6,3248.4,92,1,3248.1,53,2,3248.0,15,1,3247.9,11,1,3247.8,48,3,3248.7,47,3,3248.9,28,1,3249.0,61,1,3249.2,9,2,3249.3,18,1
11536,2025-12-30 14:59:55+05:30,3248.7,1,3252.37,1932516,82940.0,104599.0,3250.0,3267.5,3239.8,3251.5,46370100,3576.6,2926.4,4322.95,2866.6,3248.4,92,1,3248.1,53,2,3248.0,15,1,3247.9,11,1,3247.8,48,3,3248.7,47,3,3248.9,28,1,3249.0,61,1,3249.2,9,2,3249.3,18,1
11536,2025-12-30 14:59:56+05:30,3248.7,1,3252.37,1932516,82940.0,104599.0,3250.0,3267.5,3239.8,3251.5,46370100,3576.6,2926.4,4322.95,2866.6,3248.4,92,1,3248.1,53,2,3248.0,15,1,3247.9,11,1,3247.8,48,3,3248.7,47,3,3248.9,28,1,3249.0,61,1,3249.2,9,2,3249.3,18,1
11536,2025-12-30 14:59:56+05:30,3248.7,1,3252.37,1932517,82940.0,104602.0,3250.0,3267.5,3239.8,3251.5,46370100,3576.6,2926.4,4322.95,2866.6,3248.4,92,1,3248.1,53,2,3248.0,15,1,3247.9,11,1,3247.8,48,3,3248.7,52,5,3248.9,28,1,3249.0,62,2,3249.3,18,1,3249.5,20,1
11536,2025-12-30 14:59:56+05:30,3248.7,1,3252.37,1932517,82940.0,104602.0,3250.0,3267.5,3239.8,3251.5,46370100,3576.6,2926.4,4322.95,2866.6,3248.4,92,1,3248.1,53,2,3248.0,15,1,3247.9,11,1,3247.8,48,3,3248.7,52,5,3248.9,28,1,3249.0,62,2,3249.3,18,1,3249.5,20,1
11536,2025-12-30 14:59:57+05:30,3248.7,1,3252.37,1932517,82940.0,104602.0,3250.0,3267.5,3239.8,3251.5,46370100,3576.6,2926.4,4322.95,2866.6,3248.4,92,1,3248.1,53,2,3248.0,15,1,3247.9,11,1,3247.8,48,3,3248.7,52,5,3248.9,28,1,3249.0,62,2,3249.3,18,1,3249.5,20,1
11536,2025-12-30 14:59:57+05:30,3248.7,10,3252.37,1932527,82948.0,104481.0,3250.0,3267.5,3239.8,3251.5,46370100,3576.6,2926.4,4322.95,2866.6,3248.6,92,1,3248.1,53,2,3248.0,15,1,3247.9,11,1,3247.8,48,3,3248.7,41,5,3248.9,28,1,3249.0,1,1,3249.3,18,1,3249.5,20,1
11536,2025-12-30 14:59:57+05:30,3248.7,10,3252.37,1932527,82948.0,104481.0,3250.0,3267.5,3239.8,3251.5,46370100,3576.6,2926.4,4322.95,2866.6,3248.6,92,1,3248.1,53,2,3248.0,15,1,3247.9,11,1,3247.8,48,3,3248.7,41,5,3248.9,28,1,3249.0,1,1,3249.3,18,1,3249.5,20,1
11536,2025-12-30 14:59:57+05:30,3248.7,10,3252.37,1932527,82948.0,104481.0,3250.0,3267.5,3239.8,3251.5,46370100,3576.6,2926.4,4322.95,2866.6,3248.6,92,1,3248.1,53,2,3248.0,15,1,3247.9,11,1,3247.8,48,3,3248.7,41,5,3248.9,28,1,3249.0,1,1,3249.3,18,1,3249.5,20,1
11536,2025-12-30 14:59:58+05:30,3248.6,51,3252.37,1932527,82948.0,104481.0,3250.0,3267.5,3239.8,3251.5,46370100,3576.6,2926.4,4322.95,2866.6,3248.6,92,1,3248.1,53,2,3248.0,15,1,3247.9,11,1,3247.8,48,3,3248.7,41,5,3248.9,28,1,3249.0,1,1,3249.3,18,1,3249.5,20,1
11536,2025-12-30 14:59:58+05:30,3248.6,51,3252.37,1932683,83001.0,104575.0,3250.0,3267.5,3239.8,3251.5,46370100,3576.6,2926.4,4322.95,2866.6,3248.6,53,2,3248.1,113,4,3248.0,33,2,3247.9,11,1,3247.8,100,5,3248.7,40,5,3249.0,1,1,3249.2,28,1,3249.5,20,1,3249.6,43,2
11536,2025-12-30 14:59:59+05:30,3248.6,51,3252.37,1932683,83001.0,104575.0,3250.0,3267.5,3239.8,3251.5,46370100,3576.6,2926.4,4322.95,2866.6,3248.6,53,2,3248.1,113,4,3248.0,33,2,3247.9,11,1,3247.8,100,5,3248.7,40,5,3249.0,1,1,3249.2,28,1,3249.5,20,1,3249.6,43,2
11536,2025-12-30 14:59:59+05:30,3248.6,39,3252.37,1932683,83001.0,104575.0,3250.0,3267.5,3239.8,3251.5,46370100,3576.6,2926.4,4322.95,2866.6,3248.6,53,2,3248.1,113,4,3248.0,33,2,3247.9,11,1,3247.8,100,5,3248.7,40,5,3249.0,1,1,3249.2,28,1,3249.5,20,1,3249.6,43,2
11536,2025-12-30 14:59:59+05:30,3248.6,39,3252.37,1932774,82919.0,104746.0,3250.0,3267.5,3239.8,3251.5,46370100,3576.6,2926.4,4322.95,2866.6,3248.6,74,4,3248.1,21,2,3248.0,83,3,3247.9,11,1,3247.8,100,5,3248.7,33,4,3249.0,1,1,3249.2,28,1,3249.5,20,1,3249.6,43,2
11536,2025-12-30 14:59:59+05:30,3248.6,39,3252.37,1932774,82919.0,104746.0,3250.0,3267.5,3239.8,3251.5,46370100,3576.6,2926.4,4322.95,2866.6,3248.6,74,4,3248.1,21,2,3248.0,83,3,3247.9,11,1,3247.8,100,5,3248.7,33,4,3249.0,1,1,3249.2,28,1,3249.5,20,1,3249.6,43,2
11536,2025-12-30 15:00:00+05:30,3248.6,1,3252.37,1932774,82919.0,104746.0,3250.0,3267.5,3239.8,3251.5,46370100,3576.6,2926.4,4322.95,2866.6,3248.6,74,4,3248.1,21,2,3248.0,83,3,3247.9,11,1,3247.8,100,5,3248.7,33,4,3249.0,1,1,3249.2,28,1,3249.5,20,1,3249.6,43,2
11536,2025-12-30 15:00:00+05:30,3248.6,12,3252.36,1933867,78830.0,99536.0,3250.0,3267.5,3239.8,3251.5,46370100,3576.6,2926.4,4322.95,2866.6,3248.6,6,1,3248.5,42,1,3248.2,7,1,3248.1,7,1,3248.0,34,2,3248.7,278,9,3248.8,1,1,3248.9,4,1,3249.0,1,1,3249.2,17,2
11536,2025-12-30 15:00:00+05:30,3248.6,12,3252.36,1933867,78830.0,99536.0,3250.0,3267.5,3239.8,3251.5,46370100,3576.6,2926.4,4322.95,2866.6,3248.6,6,1,3248.5,42,1,3248.2,7,1,3248.1,7,1,3248.0,34,2,3248.7,278,9,3248.8,1,1,3248.9,4,1,3249.0,1,1,3249.2,17,2
11536,2025-12-30 15:00:01+05:30,3248.6,12,3252.36,1933867,78830.0,99536.0,3250.0,3267.5,3239.8,3251.5,46370100,3576.6,2926.4,4322.95,2866.6,3248.6,6,1,3248.5,42,1,3248.2,7,1,3248.1,7,1,3248.0,34,2,3248.7,278,9,3248.8,1,1,3248.9,4,1,3249.0,1,1,3249.2,17,2
11536,2025-12-30 15:00:01+05:30,3248.6,6,3252.36,1933867,78830.0,99536.0,3250.0,3267.5,3239.8,3251.5,46370100,3576.6,2926.4,4322.95,2866.6,3248.6,6,1,3248.5,42,1,3248.2,7,1,3248.1,7,1,3248.0,34,2,3248.7,278,9,3248.8,1,1,3248.9,4,1,3249.0,1,1,3249.2,17,2
11536,2025-12-30 15:00:01+05:30,3248.6,6,3252.36,1934784,78097.0,103079.0,3250.0,3267.5,3239.8,3251.5,46370100,3576.6,2926.4,4322.95,2866.6,3248.1,7,1,3248.0,15,1,3247.9,11,1,3247.8,12,2,3247.7,8,1,3248.6,49,3,3248.7,250,11,3248.8,16,3,3248.9,12,1,3249.0,19,2
11536,2025-12-30 15:00:02+05:30,3248.6,6,3252.36,1934784,78097.0,103079.0,3250.0,3267.5,3239.8,3251.5,46370100,3576.6,2926.4,4322.95,2866.6,3248.1,7,1,3248.0,15,1,3247.9,11,1,3247.8,12,2,3247.7,8,1,3248.6,49,3,3248.7,250,11,3248.8,16,3,3248.9,12,1,3249.0,19,2
11536,2025-12-30 15:00:02+05:30,3248.2,1,3252.36,1934784,78097.0,103079.0,3250.0,3267.5,3239.8,3251.5,46370100,3576.6,2926.4,4322.95,2866.6,3248.1,7,1,3248.0,15,1,3247.9,11,1,3247.8,12,2,3247.7,8,1,3248.6,49,3,3248.7,250,11,3248.8,16,3,3248.9,12,1,3249.0,19,2
11536,2025-12-30 15:00:02+05:30,3246.7,20,3252.36,1935572,74641.0,103153.0,3250.0,3267.5,3239.8,3251.5,46370100,3576.6,2926.4,4322.95,2866.6,3246.6,23,3,3246.4,20,1,3246.2,22,1,3246.1,301,2,3246.0,310,5,3246.7,83,1,3247.7,27,1,3247.8,14,1,3247.9,51,4,3248.0,107,2
11536,2025-12-30 15:00:03+05:30,3246.1,1,3252.36,1935572,74641.0,103153.0,3250.0,3267.5,3239.8,3251.5,46370100,3576.6,2926.4,4322.95,2866.6,3246.6,23,3,3246.4,20,1,3246.2,22,1,3246.1,301,2,3246.0,310,5,3246.7,83,1,3247.7,27,1,3247.8,14,1,3247.9,51,4,3248.0,107,2
11536,2025-12-30 15:00:03+05:30,3246.1,1,3252.36,1935572,74641.0,103153.0,3250.0,3267.5,3239.8,3251.5,46370100,3576.6,2926.4,4322.95,2866.6,3246.6,23,3,3246.4,20,1,3246.2,22,1,3246.1,301,2,3246.0,310,5,3246.7,83,1,3247.7,27,1,3247.8,14,1,3247.9,51,4,3248.0,107,2
11536,2025-12-30 15:00:03+05:30,3246.5,1,3252.36,1936294,77674.0,107408.0,3250.0,3267.5,3239.8,3251.5,46370100,3576.6,2926.4,4322.95,2866.6,3246.1,9,2,3246.0,270,3,3245.9,27,2,3245.7,56,4,3245.6,19,1,3246.5,89,3,3246.7,13,1,3246.8,17,2,3246.9,3472,5,3247.0,20,1
11536,2025-12-30 15:00:04+05:30,3245.5,57,3252.36,1936294,77674.0,107408.0,3250.0,3267.5,3239.8,3251.5,46370100,3576.6,2926.4,4322.95,2866.6,3246.1,9,2,3246.0,270,3,3245.9,27,2,3245.7,56,4,3245.6,19,1,3246.5,89,3,3246.7,13,1,3246.8,17,2,3246.9,3472,5,3247.0,20,1
11536,2025-12-30 15:00:04+05:30,3246.0,1,3252.36,1937027,69921.0,109185.0,3250.0,3267.5,3239.8,3251.5,46370100,3576.6,2926.4,4322.95,2866.6,3245.5,143,1,3245.3,4,1,3245.2,4,1,3245.1,36,4,3245.0,348,31,3246.0,21,2,3246.2,1,1,3246.3,61,4,3246.4,28,2,3246.5,61,1
11536,2025-12-30 15:00:05+05:30,3246.0,1,3252.36,1937027,69921.0,109185.0,3250.0,3267.5,3239.8,3251.5,46370100,3576.6,2926.4,4322.95,2866.6,3245.5,143,1,3245.3,4,1,3245.2,4,1,3245.1,36,4,3245.0,348,31,3246.0,21,2,3246.2,1,1,3246.3,61,4,3246.4,28,2,3246.5,61,1
11536,2025-12-30 15:00:05+05:30,3245.5,10,3252.36,1937027,69921.0,109185.0,3250.0,3267.5,3239.8,3251.5,46370100,3576.6,2926.4,4322.95,2866.6,3245.5,143,1,3245.3,4,1,3245.2,4,1,3245.1,36,4,3245.0,348,31,3246.0,21,2,3246.2,1,1,3246.3,61,4,3246.4,28,2,3246.5,61,1
11536,2025-12-30 15:00:05+05:30,3245.1,1,3252.35,1937960,76746.0,109237.0,3250.0,3267.5,3239.8,3251.5,46370100,3576.6,2926.4,4322.95,2866.6,3244.6,3,1,3244.5,5,1,3244.4,36,3,3244.3,32,1,3244.2,24,2,3245.1,40,4,3245.2,48,4,3245.3,17,2,3245.4,16,1,3245.5,102,3
11536,2025-12-30 15:00:06+05:30,3245.6,7,3252.35,1937960,76746.0,109237.0,3250.0,3267.5,3239.8,3251.5,46370100,3576.6,2926.4,4322.95,2866.6,3244.6,3,1,3244.5,5,1,3244.4,36,3,3244.3,32,1,3244.2,24,2,3245.1,40,4,3245.2,48,4,3245.3,17,2,3245.4,16,1,3245.5,102,3
11536,2025-12-30 15:00:06+05:30,3244.6,1,3252.35,1939797,75904.0,109775.0,3250.0,3267.5,3239.8,3251.5,46370100,3576.6,2926.4,4322.95,2866.6,3243.8,42,3,3243.7,8,1,3243.6,40,2,3243.5,34,1,3243.4,82,4,3244.7,28,2,3245.0,6,1,3245.1,2,1,3245.2,16,1,3245.3,26,1
11536,2025-12-30 15:00:06+05:30,3244.6,1,3252.35,1939797,75904.0,109775.0,3250.0,3267.5,3239.8,3251.5,46370100,3576.6,2926.4,4322.95,2866.6,3243.8,42,3,3243.7,8,1,3243.6,40,2,3243.5,34,1,3243.4,82,4,3244.7,28,2,3245.0,6,1,3245.1,2,1,3245.2,16,1,3245.3,26,1
11536,2025-12-30 15:00:07+05:30,3245.0,1,3252.35,1939797,75904.0,109775.0,3250.0,3267.5,3239.8,3251.5,46370100,3576.6,2926.4,4322.95,2866.6,3243.8,42,3,3243.7,8,1,3243.6,40,2,3243.5,34,1,3243.4,82,4,3244.7,28,2,3245.0,6,1,3245.1,2,1,3245.2,16,1,3245.3,26,1
11536,2025-12-30 15:00:07+05:30,3245.0,1,3252.35,1939799,71846.0,109541.0,3250.0,3267.5,3239.8,3251.5,46370100,3576.6,2926.4,4322.95,2866.6,3243.9,61,3,3243.8,269,9,3243.7,78,4,3243.6,77,3,3243.5,70,2,3245.0,25,2,3245.3,26,1,3245.5,3,1,3245.7,74,2,3245.8,168,3
11536,2025-12-30 15:00:08+05:30,3243.9,30,3252.35,1939799,71846.0,109541.0,3250.0,3267.5,3239.8,3251.5,46370100,3576.6,2926.4,4322.95,2866.6,3243.9,61,3,3243.8,269,9,3243.7,78,4,3243.6,77,3,3243.5,70,2,3245.0,25,2,3245.3,26,1,3245.5,3,1,3245.7,74,2,3245.8,168,3
11536,2025-12-30 15:00:08+05:30,3243.9,30,3252.35,1939799,71846.0,109541.0,3250.0,3267.5,3239.8,3251.5,46370100,3576.6,2926.4,4322.95,2866.6,3243.9,61,3,3243.8,269,9,3243.7,78,4,3243.6,77,3,3243.5,70,2,3245.0,25,2,3245.3,26,1,3245.5,3,1,3245.7,74,2,3245.8,168,3
11536,2025-12-30 15:00:08+05:30,3243.8,1,3252.35,1939845,77702.0,107629.0,3250.0,3267.5,3239.8,3251.5,46370100,3576.6,2926.4,4322.95,2866.6,3243.8,43,4,3243.7,8,1,3243.6,44,1,3243.4,27,3,3243.3,62,3,3243.9,32,4,3244.5,7,3,3244.7,4,1,3245.1,88,2,3245.2,66,2
11536,2025-12-30 15:00:09+05:30,3243.9,8,3252.35,1939845,77702.0,107629.0,3250.0,3267.5,3239.8,3251.5,46370100,3576.6,2926.4,4322.95,2866.6,3243.8,43,4,3243.7,8,1,3243.6,44,1,3243.4,27,3,3243.3,62,3,3243.9,32,4,3244.5,7,3,3244.7,4,1,3245.1,88,2,3245.2,66,2
11536,2025-12-30 15:00:09+05:30,3243.9,3,3252.35,1939954,77533.0,108976.0,3250.0,3267.5,3239.8,3251.5,46370100,3576.6,2926.4,4322.95,2866.6,3243.9,12,3,3243.8,257,6,3243.7,52,2,3243.5,31,2,3243.4,27,3,3244.5,25,4,3244.7,4,1,3245.1,27,1,3245.2,66,2,3245.5,57,2
11536,2025-12-30 15:00:10+05:30,3243.9,3,3252.35,1939954,77533.0,108976.0,3250.0,3267.5,3239.8,3251.5,46370100,3576.6,2926.4,4322.95,2866.6,3243.9,12,3,3243.8,257,6,3243.7,52,2,3243.5,31,2,3243.4,27,3,3244.5,25,4,3244.7,4,1,3245.1,27,1,3245.2,66,2,3245.5,57,2
11536,2025-12-30 15:00:10+05:30,3243.9,30,3252.35,1939954,77533.0,108976.0,3250.0,3267.5,3239.8,3251.5,46370100,3576.6,2926.4,4322.95,2866.6,3243.9,12,3,3243.8,257,6,3243.7,52,2,3243.5,31,2,3243.4,27,3,3244.5,25,4,3244.7,4,1,3245.1,27,1,3245.2,66,2,3245.5,57,2
11536,2025-12-30 15:00:10+05:30,3243.4,5,3252.33,1942586,76376.0,107279.0,3250.0,3267.5,3239.8,3251.5,46370100,3576.6,2926.4,4322.95,2866.6,3243.2,4,1,3243.1,43,2,3243.0,224,16,3242.8,21,2,3242.7,32,2,3243.8,38,2,3243.9,127,6,3244.2,9,1,3244.5,19,6,3244.6,90,5
11536,2025-12-30 15:00:11+05:30,3243.1,23,3252.33,1942586,76376.0,107279.0,3250.0,3267.5,3239.8,3251.5,46370100,3576.6,2926.4,4322.95,2866.6,3243.2,4,1,3243.1,43,2,3243.0,224,16,3242.8,21,2,3242.7,32,2,3243.8,38,2,3243.9,127,6,3244.2,9,1,3244.5,19,6,3244.6,90,5
11536,2025-12-30 15:00:11+05:30,3243.1,23,3252.33,1943118,77369.0,108736.0,3250.0,3267.5,3239.8,3251.5,46370100,3576.6,2926.4,4322.95,2866.6,3243.4,152,1,3243.1,75,2,3243.0,237,17,3242.8,7,1,3242.7,3,1,3243.7,24,1,3243.8,9,1,3243.9,113,4,3244.1,3,1,3244.2,50,2
11536,2025-12-30 15:00:12+05:30,3243.1,23,3252.33,1943118,77369.0,108736.0,3250.0,3267.5,3239.8,3251.5,46410350,3576.6,2926.4,4322.95,2866.6,3243.4,152,1,3243.1,75,2,3243.0,237,17,3242.8,7,1,3242.7,3,1,3243.7,24,1,3243.8,9,1,3243.9,113,4,3244.1,3,1,3244.2,50,2
11536,2025-12-30 15:00:12+05:30,3243.4,42,3252.33,1943118,77369.0,108736.0,3250.0,3267.5,3239.8,3251.5,46410350,3576.6,2926.4,4322.95,2866.6,3243.4,152,1,3243.1,75,2,3243.0,237,17,3242.8,7,1,3242.7,3,1,3243.7,24,1,3243.8,9,1,3243.9,113,4,3244.1,3,1,3244.2,50,2
11536,2025-12-30 15:00:12+05:30,3243.1,1,3252.33,1943330,77211.0,107402.0,3250.0,3267.5,3239.8,3251.5,46410350,3576.6,2926.4,4322.95,2866.6,3243.1,105,2,3243.0,219,16,3242.7,23,2,3242.6,34,4,3242.5,16,4,3243.4,56,2,3243.8,9,1,3243.9,106,3,3244.0,1,1,3244.1,3,1
11536,2025-12-30 15:00:13+05:30,3243.7,28,3252.33,1943330,77211.0,107402.0,3250.0,3267.5,3239.8,3251.5,46410350,3576.6,2926.4,4322.95,2866.6,3243.1,105,2,3243.0,219,16,3242.7,23,2,3242.6,34,4,3242.5,16,4,3243.4,56,2,3243.8,9,1,3243.9,106,3,3244.0,1,1,3244.1,3,1
11536,2025-12-30 15:00:13+05:30,3243.6,2,3252.33,1943672,78081.0,107146.0,3250.0,3267.5,3239.8,3251.5,46410350,3576.6,2926.4,4322.95,2866.6,3243.6,178,1,3243.4,79,1,3243.3,82,2,3243.2,20,1,3243.1,341,5,3243.9,122,3,3244.0,13,2,3244.1,3,1,3244.2,10,1,3244.5,2,2
11536,2025-12-30 15:00:14+05:30,3243.6,2,3252.33,1943672,78081.0,107146.0,3250.0,3267.5,3239.8,3251.5,46410350,3576.6,2926.4,4322.95,2866.6,3243.6,178,1,3243.4,79,1,3243.3,82,2,3243.2,20,1,3243.1,341,5,3243.9,122,3,3244.0,13,2,3244.1,3,1,3244.2,10,1,3244.5,2,2
11536,2025-12-30 15:00:14+05:30,3243.4,9,3252.33,1943672,78081.0,107146.0,3250.0,3267.5,3239.8,3251.5,46410350,3576.6,2926.4,4322.95,2866.6,3243.6,178,1,3243.4,79,1,3243.3,82,2,3243.2,20,1,3243.1,341,5,3243.9,122,3,3244.0,13,2,3244.1,3,1,3244.2,10,1,3244.5,2,2
11536,2025-12-30 15:00:14+05:30,3243.9,12,3252.33,1944002,77336.0,108182.0,3250.0,3267.5,3239.8,3251.5,46410350,3576.6,2926.4,4322.95,2866.6,3243.6,49,1,3243.2,47,1,3243.1,242,2,3243.0,222,17,3242.8,96,3,3243.9,11,1,3244.0,48,5,3244.1,4,2,3244.2,27,2,3244.3,17,1
11536,2025-12-30 15:00:15+05:30,3244.0,1,3252.33,1944002,77336.0,108182.0,3250.0,3267.5,3239.8,3251.5,46410350,3576.6,2926.4,4322.95,2866.6,3243.6,49,1,3243.2,47,1,3243.1,242,2,3243.0,222,17,3242.8,96,3,3243.9,11,1,3244.0,48,5,3244.1,4,2,3244.2,27,2,3244.3,17,1
11536,2025-12-30 15:00:15+05:30,3243.5,8,3252.32,1945969,78565.0,107922.0,3250.0,3267.5,3239.8,3251.5,46410350,3576.6,2926.4,4322.95,2866.6,3243.1,312,3,3243.0,219,16,3242.9,50,2,3242.8,50,2,3242.7,47,3,3243.5,16,2,3243.6,293,5,3243.7,1,1,3243.9,1,1,3244.0,47,5
11536,2025-12-30 15:00:16+05:30,3243.1,16,3252.32,1945969,78565.0,107922.0,3250.0,3267.5,3239.8,3251.5,46410350,3576.6,2926.4,4322.95,2866.6,3243.1,312,3,3243.0,219,16,3242.9,50,2,3242.8,50,2,3242.7,47,3,3243.5,16,2,3243.6,293,5,3243.7,1,1,3243.9,1,1,3244.0,47,5
11536,2025-12-30 15:00:16+05:30,3243.6,8,3252.32,1946228,77536.0,107741.0,3250.0,3267.5,3239.8,3251.5,46410350,3576.6,2926.4,4322.95,2866.6,3243.1,342,3,3243.0,219,16,3242.9,55,3,3242.8,50,2,3242.7,161,6,3243.6,210,7,3243.9,1,1,3244.0,86,8,3244.2,47,3,3244.4,35,2
11536,2025-12-30 15:00:17+05:30,3243.6,8,3252.32,1946228,77536.0,107741.0,3250.0,3267.5,3239.8,3251.5,46410350,3576.6,2926.4,4322.95,2866.6,3243.1,342,3,3243.0,219,16,3242.9,55,3,3242.8,50,2,3242.7,161,6,3243.6,210,7,3243.9,1,1,3244.0,86,8,3244.2,47,3,3244.4,35,2
11536,2025-12-30 15:00:17+05:30,3243.6,1,3252.31,1947288,78481.0,106774.0,3250.0,3267.5,3239.8,3251.5,46410350,3576.6,2926.4,4322.95,2866.6,3243.0,54,3,3242.9,11,1,3242.7,69,4,3242.6,40,5,3242.5,42,5,3243.6,222,8,3243.8,288,2,3243.9,51,2,3244.0,56,5,3244.2,47,3
11536,2025-12-30 15:00:18+05:30,3243.0,34,3252.31,1947288,78481.0,106774.0,3250.0,3267.5,3239.8,3251.5,46410350,3576.6,2926.4,4322.95,2866.6,3243.0,54,3,3242.9,11,1,3242.7,69,4,3242.6,40,5,3242.5,42,5,3243.6,222,8,3243.8,288,2,3243.9,51,2,3244.0,56,5,3244.2,47,3
11536,2025-12-30 15:00:18+05:30,3243.0,1,3252.31,1947567,78607.0,107819.0,3250.0,3267.5,3239.8,3251.5,46410350,3576.6,2926.4,4322.95,2866.6,3243.0,121,3,3242.9,72,2,3242.7,49,3,3242.6,11,4,3242.5,16,4,3243.3,3459,3,3243.6,172,6,3243.7,46,1,3243.8,310,4,3243.9,50,1
11536,2025-12-30 15:00:19+05:30,3243.0,1,3252.31,1947567,78607.0,107819.0,3250.0,3267.5,3239.8,3251.5,46410350,3576.6,2926.4,4322.95,2866.6,3243.0,121,3,3242.9,72,2,3242.7,49,3,3242.6,11,4,3242.5,16,4,3243.3,3459,3,3243.6,172,6,3243.7,46,1,3243.8,310,4,3243.9,50,1
11536,2025-12-30 15:00:19+05:30,3243.0,165,3252.31,1948144,78217.0,107962.0,3250.0,3267.5,3239.8,3251.5,46410350,3576.6,2926.4,4322.95,2866.6,3242.9,72,2,3242.7,46,2,3242.6,6,2,3242.5,13,3,3242.4,2,1,3243.2,40,2,3243.3,3454,3,3243.5,7,1,3243.6,186,7,3243.7,24,1
11536,2025-12-30 15:00:20+05:30,3242.3,144,3252.31,1948144,78217.0,107962.0,3250.0,3267.5,3239.8,3251.5,46410350,3576.6,2926.4,4322.95,2866.6,3242.9,72,2,3242.7,46,2,3242.6,6,2,3242.5,13,3,3242.4,2,1,3243.2,40,2,3243.3,3454,3,3243.5,7,1,3243.6,186,7,3243.7,24,1
11536,2025-12-30 15:00:20+05:30,3242.7,130,3252.3,1949587,77285.0,109073.0,3250.0,3267.5,3239.8,3251.5,46410350,3576.6,2926.4,4322.95,2866.6,3242.2,4,2,3242.1,1,1,3242.0,318,23,3241.8,5,2,3241.7,25,3,3242.7,16,1,3242.8,62,3,3242.9,67,7,3243.0,1,1,3243.1,16,2
11536,2025-12-30 15:00:21+05:30,3242.3,11,3252.3,1949587,77285.0,109073.0,3250.0,3267.5,3239.8,3251.5,46410350,3576.6,2926.4,4322.95,2866.6,3242.2,4,2,3242.1,1,1,3242.0,318,23,3241.8,5,2,3241.7,25,3,3242.7,16,1,3242.8,62,3,3242.9,67,7,3243.0,1,1,3243.1,16,2
11536,2025-12-30 15:00:21+05:30,3241.6,20,3252.29,1951710,70921.0,107896.0,3250.0,3267.5,3239.8,3251.5,46410350,3576.6,2926.4,4322.95,2866.6,3241.4,5,1,3241.2,15,2,3241.1,50,3,3241.0,299,33,3240.9,108,6,3242.4,38,2,3242.5,26,2,3242.6,61,1,3242.7,54,2,3242.8,134,3
11536,2025-12-30 15:00:22+05:30,3242.0,2,3252.29,1951710,70921.0,107896.0,3250.0,3267.5,3239.8,3251.5,46410350,3576.6,2926.4,4322.95,2866.6,3241.4,5,1,3241.2,15,2,3241.1,50,3,3241.0,299,33,3240.9,108,6,3242.4,38,2,3242.5,26,2,3242.6,61,1,3242.7,54,2,3242.8,134,3
11536,2025-12-30 15:00:22+05:30,3241.4,13,3252.29,1952355,77192.0,108081.0,3250.0,3267.5,3239.8,3251.5,46410350,3576.6,2926.4,4322.95,2866.6,3241.5,22,1,3241.4,126,5,3241.3,136,3,3241.2,88,2,3241.1,76,4,3242.5,16,1,3242.6,37,4,3242.7,59,3,3242.8,68,4,3242.9,12,3
11536,2025-12-30 15:00:23+05:30,3241.5,6,3252.29,1952355,77192.0,108081.0,3250.0,3267.5,3239.8,3251.5,46410350,3576.6,2926.4,4322.95,2866.6,3241.5,22,1,3241.4,126,5,3241.3,136,3,3241.2,88,2,3241.1,76,4,3242.5,16,1,3242.6,37,4,3242.7,59,3,3242.8,68,4,3242.9,12,3
11536,2025-12-30 15:00:23+05:30,3241.5,11,3252.29,1952374,77252.0,105313.0,3250.0,3267.5,3239.8,3251.5,46410350,3576.6,2926.4,4322.95,2866.6,3241.5,235,4,3241.4,61,3,3241.3,128,3,3241.2,119,3,3241.1,76,4,3242.5,37,2,3242.6,4,2,3242.7,59,3,3242.8,38,2,3242.9,10,2
11536,2025-12-30 15:00:24+05:30,3242.5,23,3252.29,1952374,77252.0,105313.0,3250.0,3267.5,3239.8,3251.5,46410350,3576.6,2926.4,4322.95,2866.6,3241.5,235,4,3241.4,61,3,3241.3,128,3,3241.2,119,3,3241.1,76,4,3242.5,37,2,3242.6,4,2,3242.7,59,3,3242.8,38,2,3242.9,10,2
11536,2025-12-30 15:00:24+05:30,3242.5,1,3252.29,1952442,76162.0,105651.0,3250.0,3267.5,3239.8,3251.5,46410350,3576.6,2926.4,4322.95,2866.6,3241.6,22,1,3241.5,724,7,3241.4,153,5,3241.3,161,3,3241.2,119,3,3242.5,9,2,3242.6,17,3,3242.7,62,3,3242.8,48,3,3242.9,12,2
11536,2025-12-30 15:00:25+05:30,3241.6,14,3252.29,1952442,76162.0,105651.0,3250.0,3267.5,3239.8,3251.5,46410350,3576.6,2926.4,4322.95,2866.6,3241.6,22,1,3241.5,724,7,3241.4,153,5,3241.3,161,3,3241.2,119,3,3242.5,9,2,3242.6,17,3,3242.7,62,3,3242.8,48,3,3242.9,12,2
11536,2025-12-30 15:00:25+05:30,3241.6,1,3252.27,1954792,76362.0,106682.0,3250.0,3267.5,3239.8,3251.5,46410350,3576.6,2926.4,4322.95,2866.6,3241.6,97,6,3241.5,733,7,3241.4,108,5,3241.3,75,1,3241.2,194,5,3242.4,33,2,3242.5,21,2,3242.6,27,3,3242.7,57,2,3242.8,21,1
11536,2025-12-30 15:00:26+05:30,3241.6,24,3252.27,1954792,76362.0,106682.0,3250.0,3267.5,3239.8,3251.5,46410350,3576.6,2926.4,4322.95,2866.6,3241.6,97,6,3241.5,733,7,3241.4,108,5,3241.3,75,1,3241.2,194,5,3242.4,33,2,3242.5,21,2,3242.6,27,3,3242.7,57,2,3242.8,21,1
11536,2025-12-30 15:00:26+05:30,3241.6,8,3252.27,1955032,78074.0,108362.0,3250.0,3267.5,3239.8,3251.5,46410350,3576.6,2926.4,4322.95,2866.6,3241.5,590,4,3241.4,62,2,3241.3,75,1,3241.2,71,2,3241.1,90,5,3241.6,12,3,3242.3,16,2,3242.4,47,4,3242.5,15,1,3242.6,49,4
11536,2025-12-30 15:00:27+05:30,3241.6,22,3252.27,1955032,78074.0,108362.0,3250.0,3267.5,3239.8,3251.5,46410350,3576.6,2926.4,4322.95,2866.6,3241.5,590,4,3241.4,62,2,3241.3,75,1,3241.2,71,2,3241.1,90,5,3241.6,12,3,3242.3,16,2,3242.4,47,4,3242.5,15,1,3242.6,49,4
11536,2025-12-30 15:00:27+05:30,3241.5,5,3252.27,1955194,78162.0,106657.0,3250.0,3267.5,3239.8,3251.5,46410350,3576.6,2926.4,4322.95,2866.6,3241.6,1,1,3241.5,730,6,3241.4,136,5,3241.3,75,1,3241.2,88,2,3242.3,44,3,3242.4,72,4,3242.5,15,1,3242.6,49,4,3242.7,47,1
11536,2025-12-30 15:00:28+05:30,3241.9,30,3252.27,1955194,78162.0,106657.0,3250.0,3267.5,3239.8,3251.5,46410350,3576.6,2926.4,4322.95,2866.6,3241.6,1,1,3241.5,730,6,3241.4,136,5,3241.3,75,1,3241.2,88,2,3242.3,44,3,3242.4,72,4,3242.5,15,1,3242.6,49,4,3242.7,47,1
11536,2025-12-30 15:00:29+05:30,3241.9,10,3252.27,1955273,79012.0,104310.0,3250.0,3267.5,3239.8,3251.5,46410350,3576.6,2926.4,4322.95,2866.6,3241.9,407,1,3241.6,182,5,3241.5,769,8,3241.4,223,7,3241.3,130,3,3242.2,105,6,3242.3,22,3,3242.4,65,3,3242.6,16,2,3242.7,47,1
11536,2025-12-30 15:00:29+05:30,3242.2,1,3252.27,1955273,79012.0,104310.0,3250.0,3267.5,3239.8,3251.5,46410350,3576.6,2926.4,4322.95,2866.6,3241.9,407,1,3241.6,182,5,3241.5,769,8,3241.4,223,7,3241.3,130,3,3242.2,105,6,3242.3,22,3,3242.4,65,3,3242.6,16,2,3242.7,47,1
11536,2025-12-30 15:00:30+05:30,3242.2,6,3252.27,1955492,77686.0,104074.0,3250.0,3267.5,3239.8,3251.5,46410350,3576.6,2926.4,4322.95,2866.6,3242.0,239,4,3241.9,426,2,3241.8,53,2,3241.6,232,6,3241.5,637,8,3242.2,51,5,3242.3,23,4,3242.4,55,2,3242.6,16,2,3242.7,59,2
11536,2025-12-30 15:00:30+05:30,3242.1,1,3252.27,1955492,77686.0,104074.0,3250.0,3267.5,3239.8,3251.5,46410350,3576.6,2926.4,4322.95,2866.6,3242.0,239,4,3241.9,426,2,3241.8,53,2,3241.6,232,6,3241.5,637,8,3242.2,51,5,3242.3,23,4,3242.4,55,2,3242.6,16,2,3242.7,59,2
11536,2025-12-30 15:00:31+05:30,3242.2,10,3252.27,1956288,75488.0,105816.0,3250.0,3267.5,3239.8,3251.5,46410350,3576.6,2926.4,4322.95,2866.6,3242.0,225,7,3241.9,468,2,3241.8,24,1,3241.7,24,1,3241.6,68,2,3242.1,22,2,3242.2,296,11,3242.3,17,3,3242.4,64,3,3242.6,17,3
11536,2025-12-30 15:00:32+05:30,3242.1,30,3252.26,1956481,78766.0,104543.0,3250.0,3267.5,3239.8,3251.5,46410350,3576.6,2926.4,4322.95,2866.6,3242.1,130,1,3242.0,145,7,3241.9,468,2,3241.7,33,1,3241.6,68,2,3242.2,331,14,3242.3,1,1,3242.4,66,3,3242.5,1,1,3242.6,3,1
11536,2025-12-30 15:00:32+05:30,3242.1,30,3252.26,1956481,78766.0,104543.0,3250.0,3267.5,3239.8,3251.5,46410350,3576.6,2926.4,4322.95,2866.6,3242.1,130,1,3242.0,145,7,3241.9,468,2,3241.7,33,1,3241.6,68,2,3242.2,331,14,3242.3,1,1,3242.4,66,3,3242.5,1,1,3242.6,3,1
11536,2025-12-30 15:00:33+05:30,3242.0,5,3252.26,1957559,78363.0,105663.0,3250.0,3267.5,3239.8,3251.5,46410350,3576.6,2926.4,4322.95,2866.6,3242.0,54,1,3241.9,303,2,3241.6,49,1,3241.5,473,3,3241.4,145,4,3242.1,82,4,3242.2,388,14,3242.3,1,1,3242.4,58,3,3242.5,7,1
11536,2025-12-30 15:00:34+05:30,3241.9,37,3252.25,1959165,77480.0,102127.0,3250.0,3267.5,3239.8,3251.5,46410350,3576.6,2926.4,4322.95,2866.6,3241.5,334,3,3241.4,62,2,3241.3,42,1,3241.1,127,6,3241.0,333,35,3241.9,2074,2,3242.0,25,1,3242.1,77,6,3242.2,377,11,3242.3,2,2
11536,2025-12-30 15:00:34+05:30,3241.9,1,3252.25,1959165,77480.0,102127.0,3250.0,3267.5,3239.8,3251.5,46410350,3576.6,2926.4,4322.95,2866.6,3241.5,334,3,3241.4,62,2,3241.3,42,1,3241.1,127,6,3241.0,333,35,3241.9,2074,2,3242.0,25,1,3242.1,77,6,3242.2,377,11,3242.3,2,2
11536,2025-12-30 15:00:35+05:30,3241.9,1,3252.25,1959172,77597.0,104448.0,3250.0,3267.5,3239.8,3251.5,46410350,3576.6,2926.4,4322.95,2866.6,3241.5,333,3,3241.4,62,2,3241.3,42,1,3241.2,31,1,3241.1,153,7,3241.9,42,2,3242.0,25,1,3242.1,2100,5,3242.2,357,9,3242.3,1,1
11536,2025-12-30 15:00:36+05:30,3241.5,6,3252.25,1959172,77597.0,104448.0,3250.0,3267.5,3239.8,3251.5,46410350,3576.6,2926.4,4322.95,2866.6,3241.5,333,3,3241.4,62,2,3241.3,42,1,3241.2,31,1,3241.1,153,7,3241.9,42,2,3242.0,25,1,3242.1,2100,5,3242.2,357,9,3242.3,1,1
11536,2025-12-30 15:00:36+05:30,3241.5,80,3252.25,1959480,77659.0,103392.0,3250.0,3267.5,3239.8,3251.5,46410350,3576.6,2926.4,4322.95,2866.6,3241.5,200,3,3241.4,62,2,3241.2,24,1,3241.1,99,6,3241.0,364,36,3241.9,45,3,3242.0,26,2,3242.1,2100,4,3242.2,365,8,3242.3,1,1
11536,2025-12-30 15:00:37+05:30,3241.5,1,3252.25,1959491,77955.0,104436.0,3250.0,3267.5,3239.8,3251.5,46410350,3576.6,2926.4,4322.95,2866.6,3241.5,374,5,3241.4,62,2,3241.2,61,2,3241.1,99,6,3241.0,364,36,3241.9,153,5,3242.0,26,2,3242.1,2100,4,3242.2,355,7,3242.3,1,1
11536,2025-12-30 15:00:38+05:30,3241.7,2,3252.25,1959491,77955.0,104436.0,3250.0,3267.5,3239.8,3251.5,46410350,3576.6,2926.4,4322.95,2866.6,3241.5,374,5,3241.4,62,2,3241.2,61,2,3241.1,99,6,3241.0,364,36,3241.9,153,5,3242.0,26,2,3242.1,2100,4,3242.2,355,7,3242.3,1,1
11536,2025-12-30 15:00:38+05:30,3241.5,39,3252.25,1959722,77726.0,104512.0,3250.0,3267.5,3239.8,3251.5,46410350,3576.6,2926.4,4322.95,2866.6,3241.5,128,2,3241.4,62,2,3241.1,69,5,3241.0,332,35,3240.9,129,6,3241.7,129,5,3241.9,134,5,3242.0,38,2,3242.1,2169,4,3242.2,398,4
11536,2025-12-30 15:00:39+05:30,3241.7,32,3252.25,1959722,77726.0,104512.0,3250.0,3267.5,3239.8,3251.5,46410350,3576.6,2926.4,4322.95,2866.6,3241.5,128,2,3241.4,62,2,3241.1,69,5,3241.0,332,35,3240.9,129,6,3241.7,129,5,3241.9,134,5,3242.0,38,2,3242.1,2169,4,3242.2,398,4
11536,2025-12-30 15:00:39+05:30,3241.5,2,3252.25,1959803,77698.0,105052.0,3250.0,3267.5,3239.8,3251.5,46410350,3576.6,2926.4,4322.95,2866.6,3241.5,121,2,3241.4,62,2,3241.1,69,5,3241.0,311,35,3240.9,130,6,3241.7,158,7,3241.8,1,1,3241.9,134,5,3242.0,38,2,3242.1,2129,3
11536,2025-12-30 15:00:40+05:30,3241.5,74,3252.25,1959803,77698.0,105052.0,3250.0,3267.5,3239.8,3251.5,46410350,3576.6,2926.4,4322.95,2866.6,3241.5,121,2,3241.4,62,2,3241.1,69,5,3241.0,311,35,3240.9,130,6,3241.7,158,7,3241.8,1,1,3241.9,134,5,3242.0,38,2,3242.1,2129,3
11536,2025-12-30 15:00:40+05:30,3241.5,1,3252.24,1961271,78038.0,104844.0,3250.0,3267.5,3239.8,3251.5,46410350,3576.6,2926.4,4322.95,2866.6,3241.4,62,2,3241.1,199,4,3241.0,482,34,3240.9,99,5,3240.8,78,3,3241.5,204,7,3241.6,4,2,3241.7,165,9,3241.8,1,1,3241.9,105,2
11536,2025-12-30 15:00:41+05:30,3241.5,13,3252.24,1961271,78038.0,104844.0,3250.0,3267.5,3239.8,3251.5,46410350,3576.6,2926.4,4322.95,2866.6,3241.4,62,2,3241.1,199,4,3241.0,482,34,3240.9,99,5,3240.8,78,3,3241.5,204,7,3241.6,4,2,3241.7,165,9,3241.8,1,1,3241.9,105,2
11536,2025-12-30 15:00:42+05:30,3241.5,13,3252.24,1961543,78138.0,102686.0,3250.0,3267.5,3239.8,3251.5,46410350,3576.6,2926.4,4322.95,2866.6,3241.4,20,1,3241.2,175,1,3241.1,24,3,3241.0,482,34,3240.9,87,5,3241.5,303,5,3241.6,4,2,3241.7,165,9,3241.8,3,2,3241.9,115,3
11536,2025-12-30 15:00:42+05:30,3241.2,95,3252.24,1961543,78138.0,102686.0,3250.0,3267.5,3239.8,3251.5,46410350,3576.6,2926.4,4322.95,2866.6,3241.4,20,1,3241.2,175,1,3241.1,24,3,3241.0,482,34,3240.9,87,5,3241.5,303,5,3241.6,4,2,3241.7,165,9,3241.8,3,2,3241.9,115,3
11536,2025-12-30 15:00:43+05:30,3241.4,3,3252.23,1962225,78163.0,104144.0,3250.0,3267.5,3239.8,3251.5,46410350,3576.6,2926.4,4322.95,2866.6,3241.4,140,1,3241.2,199,2,3241.1,48,4,3241.0,331,34,3240.9,144,6,3241.5,237,4,3241.6,1,1,3241.7,165,9,3241.8,3,2,3241.9,115,3
11536,2025-12-30 15:00:43+05:30,3241.4,20,3252.23,1962225,78163.0,104144.0,3250.0,3267.5,3239.8,3251.5,46410350,3576.6,2926.4,4322.95,2866.6,3241.4,140,1,3241.2,199,2,3241.1,48,4,3241.0,331,34,3240.9,144,6,3241.5,237,4,3241.6,1,1,3241.7,165,9,3241.8,3,2,3241.9,115,3
11536,2025-12-30 15:00:44+05:30,3241.4,1,3252.23,1962724,75877.0,104899.0,3250.0,3267.5,3239.8,3251.5,46410350,3576.6,2926.4,4322.95,2866.6,3241.0,250,17,3240.9,228,4,3240.8,45,3,3240.7,1,1,3240.6,43,3,3241.4,28,3,3241.5,284,4,3241.6,3,2,3241.7,147,5,3241.8,1,1
11536,2025-12-30 15:00:44+05:30,3241.0,6,3252.23,1962724,75877.0,104899.0,3250.0,3267.5,3239.8,3251.5,46410350,3576.6,2926.4,4322.95,2866.6,3241.0,250,17,3240.9,228,4,3240.8,45,3,3240.7,1,1,3240.6,43,3,3241.4,28,3,3241.5,284,4,3241.6,3,2,3241.7,147,5,3241.8,1,1
11536,2025-12-30 15:00:45+05:30,3241.4,7,3252.23,1962931,77504.0,103726.0,3250.0,3267.5,3239.8,3251.5,46410350,3576.6,2926.4,4322.95,2866.6,3241.0,410,11,3240.9,76,4,3240.8,86,4,3240.7,31,3,3240.6,126,6,3241.4,30,3,3241.5,297,5,3241.6,15,3,3241.7,147,5,3241.8,15,1
11536,2025-12-30 15:00:45+05:30,3241.0,16,3252.23,1962931,77504.0,103726.0,3250.0,3267.5,3239.8,3251.5,46410350,3576.6,2926.4,4322.95,2866.6,3241.0,410,11,3240.9,76,4,3240.8,86,4,3240.7,31,3,3240.6,126,6,3241.4,30,3,3241.5,297,5,3241.6,15,3,3241.7,147,5,3241.8,15,1
11536,2025-12-30 15:00:46+05:30,3241.2,9,3252.23,1963353,77539.0,102269.0,3250.0,3267.5,3239.8,3251.5,46410350,3576.6,2926.4,4322.95,2866.6,3241.2,126,1,3241.0,609,7,3240.9,138,5,3240.8,53,4,3240.7,59,3,3241.3,130,6,3241.4,36,5,3241.5,296,4,3241.6,12,1,3241.7,37,2
11536,2025-12-30 15:00:46+05:30,3241.3,1,3252.23,1963353,77539.0,102269.0,3250.0,3267.5,3239.8,3251.5,46410350,3576.6,2926.4,4322.95,2866.6,3241.2,126,1,3241.0,609,7,3240.9,138,5,3240.8,53,4,3240.7,59,3,3241.3,130,6,3241.4,36,5,3241.5,296,4,3241.6,12,1,3241.7,37,2
11536,2025-12-30 15:00:47+05:30,3241.2,90,3252.23,1963458,77539.0,104835.0,3250.0,3267.5,3239.8,3251.5,46410350,3576.6,2926.4,4322.95,2866.6,3241.2,130,3,3241.1,59,1,3241.0,590,6,3240.9,52,3,3240.8,27,3,3241.3,134,7,3241.4,20,2,3241.5,301,5,3241.6,12,1,3241.7,39,2
11536,2025-12-30 15:00:48+05:30,3241.0,30,3252.23,1963458,77539.0,104835.0,3250.0,3267.5,3239.8,3251.5,46410350,3576.6,2926.4,4322.95,2866.6,3241.2,130,3,3241.1,59,1,3241.0,590,6,3240.9,52,3,3240.8,27,3,3241.3,134,7,3241.4,20,2,3241.5,301,5,3241.6,12,1,3241.7,39,2
11536,2025-12-30 15:00:48+05:30,3241.2,1,3252.22,1964580,77376.0,105239.0,3250.0,3267.5,3239.8,3251.5,46410350,3576.6,2926.4,4322.95,2866.6,3241.0,318,7,3240.9,52,3,3240.8,25,1,3240.7,176,2,3240.6,70,3,3241.2,38,5,3241.3,132,7,3241.4,18,2,3241.5,290,4,3241.6,12,1
11536,2025-12-30 15:00:49+05:30,3241.2,16,3252.22,1964684,77265.0,105561.0,3250.0,3267.5,3239.8,3251.5,46410350,3576.6,2926.4,4322.95,2866.6,3241.2,122,1,3241.0,274,6,3240.9,52,3,3240.8,26,2,3240.7,1,1,3241.3,153,7,3241.4,2063,3,3241.5,290,4,3241.6,15,2,3241.7,28,1
11536,2025-12-30 15:00:50+05:30,3241.2,74,3252.22,1964684,77265.0,105561.0,3250.0,3267.5,3239.8,3251.5,46410350,3576.6,2926.4,4322.95,2866.6,3241.2,122,1,3241.0,274,6,3240.9,52,3,3240.8,26,2,3240.7,1,1,3241.3,153,7,3241.4,2063,3,3241.5,290,4,3241.6,15,2,3241.7,28,1
11536,2025-12-30 15:00:50+05:30,3241.2,1,3252.22,1965262,77205.0,105707.0,3250.0,3267.5,3239.8,3251.5,46410350,3576.6,2926.4,4322.95,2866.6,3241.0,324,6,3240.9,52,3,3240.8,26,2,3240.7,205,4,3240.6,46,3,3241.2,316,8,3241.3,197,6,3241.4,2142,4,3241.5,68,3,3241.6,15,2
11536,2025-12-30 15:00:51+05:30,3241.1,1,3252.22,1965415,76826.0,105956.0,3250.0,3267.5,3239.8,3251.5,46410350,3576.6,2926.4,4322.95,2866.6,3241.0,444,6,3240.9,52,3,3240.8,26,2,3240.7,176,2,3240.6,2,1,3241.1,141,5,3241.2,316,8,3241.3,123,4,3241.4,2125,3,3241.5,69,4
11536,2025-12-30 15:00:52+05:30,3240.7,1,3252.22,1965415,76826.0,105956.0,3250.0,3267.5,3239.8,3251.5,46410350,3576.6,2926.4,4322.95,2866.6,3241.0,444,6,3240.9,52,3,3240.8,26,2,3240.7,176,2,3240.6,2,1,3241.1,141,5,3241.2,316,8,3241.3,123,4,3241.4,2125,3,3241.5,69,4
11536,2025-12-30 15:00:52+05:30,3240.7,1,3252.21,1966917,75177.0,108061.0,3250.0,3267.5,3239.8,3251.5,46410350,3576.6,2926.4,4322.95,2866.6,3240.5,20,2,3240.4,9,1,3240.3,28,2,3240.2,3,2,3240.1,78,8,3240.7,43,2,3240.8,18,1,3241.0,59,3,3241.1,886,8,3241.2,593,7
11536,2025-12-30 15:00:53+05:30,3240.5,1,3252.21,1966917,75177.0,108061.0,3250.0,3267.5,3239.8,3251.5,46410350,3576.6,2926.4,4322.95,2866.6,3240.5,20,2,3240.4,9,1,3240.3,28,2,3240.2,3,2,3240.1,78,8,3240.7,43,2,3240.8,18,1,3241.0,59,3,3241.1,886,8,3241.2,593,7
11536,2025-12-30 15:00:54+05:30,3240.5,1,3252.21,1966919,75264.0,106910.0,3250.0,3267.5,3239.8,3251.5,46410350,3576.6,2926.4,4322.95,2866.6,3240.5,132,8,3240.4,9,1,3240.3,28,2,3240.2,3,2,3240.1,83,9,3240.8,38,2,3241.0,2,2,3241.1,856,6,3241.2,586,7,3241.3,174,3
11536,2025-12-30 15:00:54+05:30,3240.7,35,3252.21,1966919,75264.0,106910.0,3250.0,3267.5,3239.8,3251.5,46410350,3576.6,2926.4,4322.95,2866.6,3240.5,132,8,3240.4,9,1,3240.3,28,2,3240.2,3,2,3240.1,83,9,3240.8,38,2,3241.0,2,2,3241.1,856,6,3241.2,586,7,3241.3,174,3
11536,2025-12-30 15:00:55+05:30,3240.7,1,3252.2,1967198,75571.0,105956.0,3250.0,3267.5,3239.8,3251.5,46410350,3576.6,2926.4,4322.95,2866.6,3240.5,65,1,3240.4,9,1,3240.3,28,2,3240.2,3,2,3240.1,83,9,3240.7,70,2,3240.8,27,2,3240.9,1,1,3241.0,1,1,3241.1,847,5
11536,2025-12-30 15:00:55+05:30,3240.3,5,3252.2,1967198,75571.0,105956.0,3250.0,3267.5,3239.8,3251.5,46410350,3576.6,2926.4,4322.95,2866.6,3240.5,65,1,3240.4,9,1,3240.3,28,2,3240.2,3,2,3240.1,83,9,3240.7,70,2,3240.8,27,2,3240.9,1,1,3241.0,1,1,3241.1,847,5
11536,2025-12-30 15:00:56+05:30,3240.4,4,3252.2,1967339,75857.0,107933.0,3250.0,3267.5,3239.8,3251.5,46410350,3576.6,2926.4,4322.95,2866.6,3240.3,22,2,3240.2,3,2,3240.1,245,8,3240.0,3698,218,3239.9,22,2,3240.4,41,3,3240.5,20,3,3240.6,33,2,3240.7,286,2,3240.8,9,1
11536,2025-12-30 15:00:56+05:30,3240.2,2,3252.2,1967339,75857.0,107933.0,3250.0,3267.5,3239.8,3251.5,46410350,3576.6,2926.4,4322.95,2866.6,3240.3,22,2,3240.2,3,2,3240.1,245,8,3240.0,3698,218,3239.9,22,2,3240.4,41,3,3240.5,20,3,3240.6,33,2,3240.7,286,2,3240.8,9,1
11536,2025-12-30 15:00:57+05:30,3240.3,28,3252.2,1967724,76492.0,105840.0,3250.0,3267.5,3239.8,3251.5,46410350,3576.6,2926.4,4322.95,2866.6,3240.3,784,1,3240.1,245,8,3240.0,3647,216,3239.9,20,1,3239.8,37,6,3240.4,80,7,3240.5,1,1,3240.6,29,2,3240.7,286,2,3240.8,21,2
11536,2025-12-30 15:00:57+05:30,3240.4,3,3252.2,1967724,76492.0,105840.0,3250.0,3267.5,3239.8,3251.5,46410350,3576.6,2926.4,4322.95,2866.6,3240.3,784,1,3240.1,245,8,3240.0,3647,216,3239.9,20,1,3239.8,37,6,3240.4,80,7,3240.5,1,1,3240.6,29,2,3240.7,286,2,3240.8,21,2
11536,2025-12-30 15:00:58+05:30,3240.3,156,3252.2,1967913,77306.0,104470.0,3250.0,3267.5,3239.8,3251.5,46410350,3576.6,2926.4,4322.95,2866.6,3240.3,1086,3,3240.2,54,2,3240.1,415,10,3240.0,3701,218,3239.9,20,1,3240.4,84,7,3240.5,2,2,3240.6,49,4,3240.7,286,2,3240.9,13,1
11536,2025-12-30 15:00:58+05:30,3240.4,1,3252.2,1967913,77306.0,104470.0,3250.0,3267.5,3239.8,3251.5,46410350,3576.6,2926.4,4322.95,2866.6,3240.3,1086,3,3240.2,54,2,3240.1,415,10,3240.0,3701,218,3239.9,20,1,3240.4,84,7,3240.5,2,2,3240.6,49,4,3240.7,286,2,3240.9,13,1
11536,2025-12-30 15:00:59+05:30,3240.4,1,3252.2,1967956,77960.0,106855.0,3250.0,3267.5,3239.8,3251.5,46410350,3576.6,2926.4,4322.95,2866.6,3240.3,1225,8,3240.2,255,4,3240.1,243,9,3240.0,3732,219,3239.9,234,4,3240.4,94,7,3240.5,13,3,3240.6,39,3,3240.7,286,2,3240.9,13,1
11536,2025-12-30 15:00:59+05:30,3240.4,1,3252.2,1967956,77960.0,106855.0,3250.0,3267.5,3239.8,3251.5,46410350,3576.6,2926.4,4322.95,2866.6,3240.3,1225,8,3240.2,255,4,3240.1,243,9,3240.0,3732,219,3239.9,234,4,3240.4,94,7,3240.5,13,3,3240.6,39,3,3240.7,286,2,3240.9,13,1
11536,2025-12-30 15:01:00+05:30,3240.2,15,3252.2,1967956,77960.0,106855.0,3250.0,3267.5,3239.8,3251.5,46410350,3576.6,2926.4,4322.95,2866.6,3240.3,1225,8,3240.2,255,4,3240.1,243,9,3240.0,3732,219,3239.9,234,4,3240.4,94,7,3240.5,13,3,3240.6,39,3,3240.7,286,2,3240.9,13,1
11536,2025-12-30 15:01:00+05:30,3240.3,1,3252.18,1971973,77230.0,106000.0,3250.0,3267.5,3239.8,3251.5,46410350,3576.6,2926.4,4322.95,2866.6,3240.2,68,2,3240.1,214,8,3240.0,3703,218,3239.9,221,3,3239.8,143,8,3240.3,2,1,3240.4,11,3,3240.6,2,1,3240.7,248,2,3240.8,11,1
11536,2025-12-30 15:01:01+05:30,3240.3,6,3252.17,1972542,77506.0,104908.0,3250.0,3267.5,3239.8,3251.5,46410350,3576.6,2926.4,4322.95,2866.6,3240.3,5,2,3240.2,135,4,3240.1,214,8,3240.0,3848,220,3239.9,221,3,3240.4,54,2,3240.6,2,1,3240.7,249,3,3240.8,21,3,3240.9,13,1
11536,2025-12-30 15:01:02+05:30,3240.3,13,3252.17,1972542,77506.0,104908.0,3250.0,3267.5,3239.8,3251.5,46410350,3576.6,2926.4,4322.95,2866.6,3240.3,5,2,3240.2,135,4,3240.1,214,8,3240.0,3848,220,3239.9,221,3,3240.4,54,2,3240.6,2,1,3240.7,249,3,3240.8,21,3,3240.9,13,1
11536,2025-12-30 15:01:02+05:30,3240.3,34,3252.17,1973214,78354.0,106345.0,3250.0,3267.5,3239.8,3251.5,46410350,3576.6,2926.4,4322.95,2866.6,3240.3,513,3,3240.2,126,4,3240.1,288,11,3240.0,4032,221,3239.9,59,3,3240.4,187,2,3240.5,16,2,3240.7,250,4,3240.8,20,2,3240.9,13,1
11536,2025-12-30 15:01:03+05:30,3240.3,50,3252.16,1974815,76585.0,104710.0,3250.0,3267.5,3239.8,3251.5,46410350,3576.6,2926.4,4322.95,2866.6,3240.3,384,2,3240.2,9,1,3240.1,214,8,3240.0,3817,219,3239.9,20,1,3240.4,43,2,3240.5,16,2,3240.6,2046,2,3240.7,248,4,3240.8,20,2
11536,2025-12-30 15:01:04+05:30,3240.4,30,3252.16,1974815,76585.0,104710.0,3250.0,3267.5,3239.8,3251.5,46410350,3576.6,2926.4,4322.95,2866.6,3240.3,384,2,3240.2,9,1,3240.1,214,8,3240.0,3817,219,3239.9,20,1,3240.4,43,2,3240.5,16,2,3240.6,2046,2,3240.7,248,4,3240.8,20,2
11536,2025-12-30 15:01:04+05:30,3240.4,30,3252.16,1974974,76603.0,105890.0,3250.0,3267.5,3239.8,3251.5,46410350,3576.6,2926.4,4322.95,2866.6,3240.3,257,3,3240.2,45,1,3240.1,214,8,3240.0,3783,218,3239.9,51,2,3240.4,29,3,3240.5,16,2,3240.6,2047,3,3240.7,246,2,3240.8,20,2
11536,2025-12-30 15:01:05+05:30,3240.3,35,3252.15,1975976,74725.0,106131.0,3250.0,3267.5,3239.8,3251.5,46410350,3576.6,2926.4,4322.95,2866.6,3240.2,140,1,3240.1,245,9,3240.0,3802,218,3239.9,20,1,3239.8,258,8,3240.3,174,4,3240.4,16,1,3240.5,28,4,3240.6,2056,3,3240.7,1,1
11536,2025-12-30 15:01:06+05:30,3240.2,16,3252.15,1975976,74725.0,106131.0,3250.0,3267.5,3239.8,3251.5,46410350,3576.6,2926.4,4322.95,2866.6,3240.2,140,1,3240.1,245,9,3240.0,3802,218,3239.9,20,1,3239.8,258,8,3240.3,174,4,3240.4,16,1,3240.5,28,4,3240.6,2056,3,3240.7,1,1
11536,2025-12-30 15:01:07+05:30,3240.3,1,3252.15,1976190,74801.0,106023.0,3250.0,3267.5,3239.8,3251.5,46410350,3576.6,2926.4,4322.95,2866.6,3240.2,120,1,3240.1,245,9,3240.0,3842,219,3239.9,221,3,3239.8,89,7,3240.3,237,5,3240.4,1,1,3240.5,27,3,3240.6,2066,4,3240.7,1,1
11536,2025-12-30 15:01:08+05:30,3240.2,2,3252.15,1976205,75428.0,105974.0,3250.0,3267.5,3239.8,3251.5,46410350,3576.6,2926.4,4322.95,2866.6,3240.2,142,1,3240.1,400,11,3240.0,4277,219,3239.9,221,3,3239.8,89,7,3240.3,290,6,3240.5,27,3,3240.6,2080,5,3240.7,1,1,3240.9,13,1
11536,2025-12-30 15:01:08+05:30,3240.3,1,3252.15,1976205,75428.0,105974.0,3250.0,3267.5,3239.8,3251.5,46410350,3576.6,2926.4,4322.95,2866.6,3240.2,142,1,3240.1,400,11,3240.0,4277,219,3239.9,221,3,3239.8,89,7,3240.3,290,6,3240.5,27,3,3240.6,2080,5,3240.7,1,1,3240.9,13,1
11536,2025-12-30 15:01:09+05:30,3240.2,1,3252.15,1976286,75318.0,106126.0,3250.0,3267.5,3239.8,3251.5,46410350,3576.6,2926.4,4322.95,2866.6,3240.2,63,2,3240.1,396,10,3240.0,4277,219,3239.9,195,2,3239.8,52,6,3240.3,288,5,3240.4,27,3,3240.5,11,1,3240.6,2070,4,3240.7,1,1
11536,2025-12-30 15:01:09+05:30,3240.3,1,3252.15,1976286,75318.0,106126.0,3250.0,3267.5,3239.8,3251.5,46410350,3576.6,2926.4,4322.95,2866.6,3240.2,63,2,3240.1,396,10,3240.0,4277,219,3239.9,195,2,3239.8,52,6,3240.3,288,5,3240.4,27,3,3240.5,11,1,3240.6,2070,4,3240.7,1,1
11536,2025-12-30 15:01:10+05:30,3240.5,31,3252.13,1979526,74476.0,102646.0,3250.0,3267.5,3239.8,3251.5,46410350,3576.6,2926.4,4322.95,2866.6,3240.5,295,6,3240.4,474,4,3240.3,223,6,3240.2,335,6,3240.1,327,11,3240.6,9,1,3241.1,650,1,3241.2,302,1,3241.3,74,2,3241.4,195,1
11536,2025-12-30 15:01:10+05:30,3240.6,49,3252.13,1979526,74476.0,102646.0,3250.0,3267.5,3239.8,3251.5,46410350,3576.6,2926.4,4322.95,2866.6,3240.5,295,6,3240.4,474,4,3240.3,223,6,3240.2,335,6,3240.1,327,11,3240.6,9,1,3241.1,650,1,3241.2,302,1,3241.3,74,2,3241.4,195,1
11536,2025-12-30 15:01:11+05:30,3240.5,1,3252.13,1980206,76129.0,102835.0,3250.0,3267.5,3239.8,3251.5,46410350,3576.6,2926.4,4322.95,2866.6,3240.6,123,1,3240.5,1,1,3240.4,138,2,3240.3,8,2,3240.2,452,4,3240.9,1,1,3241.1,650,1,3241.2,302,1,3241.3,95,3,3241.4,195,1
11536,2025-12-30 15:01:11+05:30,3240.7,15,3252.13,1980206,76129.0,102835.0,3250.0,3267.5,3239.8,3251.5,46410350,3576.6,2926.4,4322.95,2866.6,3240.6,123,1,3240.5,1,1,3240.4,138,2,3240.3,8,2,3240.2,452,4,3240.9,1,1,3241.1,650,1,3241.2,302,1,3241.3,95,3,3241.4,195,1
11536,2025-12-30 15:01:12+05:30,3240.6,18,3252.13,1980268,74602.0,100828.0,3250.0,3267.5,3239.8,3251.5,46410350,3576.6,2926.4,4322.95,2866.6,3240.6,268,7,3240.5,43,2,3240.4,479,4,3240.3,239,3,3240.2,176,5,3240.8,1,1,3240.9,15,1,3241.1,651,2,3241.2,302,1,3241.3,72,1
11536,2025-12-30 15:01:12+05:30,3240.6,18,3252.13,1980268,74602.0,100828.0,3250.0,3267.5,3239.8,3251.5,46410350,3576.6,2926.4,4322.95,2866.6,3240.6,268,7,3240.5,43,2,3240.4,479,4,3240.3,239,3,3240.2,176,5,3240.8,1,1,3240.9,15,1,3241.1,651,2,3241.2,302,1,3241.3,72,1
11536,2025-12-30 15:01:13+05:30,3242.2,1,3252.13,1980268,74602.0,100828.0,3250.0,3267.5,3239.8,3251.5,46410350,3576.6,2926.4,4322.95,2866.6,3240.6,268,7,3240.5,43,2,3240.4,479,4,3240.3,239,3,3240.2,176,5,3240.8,1,1,3240.9,15,1,3241.1,651,2,3241.2,302,1,3241.3,72,1
11536,2025-12-30 15:01:13+05:30,3242.2,1,3252.12,1981615,79642.0,95966.0,3250.0,3267.5,3239.8,3251.5,46410350,3576.6,2926.4,4322.95,2866.6,3242.4,46,1,3242.3,131,4,3242.2,27,1,3242.1,238,3,3242.0,85,3,3242.9,15,1,3243.9,82,3,3244.0,26,2,3244.3,102,1,3244.4,19,1
11536,2025-12-30 15:01:14+05:30,3242.4,142,3252.12,1981615,79642.0,95966.0,3250.0,3267.5,3239.8,3251.5,46410350,3576.6,2926.4,4322.95,2866.6,3242.4,46,1,3242.3,131,4,3242.2,27,1,3242.1,238,3,3242.0,85,3,3242.9,15,1,3243.9,82,3,3244.0,26,2,3244.3,102,1,3244.4,19,1
11536,2025-12-30 15:01:14+05:30,3242.4,142,3252.12,1981817,79299.0,100712.0,3250.0,3267.5,3239.8,3251.5,46410350,3576.6,2926.4,4322.95,2866.6,3242.4,2,2,3242.2,147,1,3242.1,66,1,3242.0,262,5,3241.9,305,4,3243.6,118,3,3243.7,81,4,3243.9,112,4,3244.0,72,3,3244.1,183,4
11536,2025-12-30 15:01:15+05:30,3242.4,16,3252.12,1981817,79299.0,100712.0,3250.0,3267.5,3239.8,3251.5,46410350,3576.6,2926.4,4322.95,2866.6,3242.4,2,2,3242.2,147,1,3242.1,66,1,3242.0,262,5,3241.9,305,4,3243.6,118,3,3243.7,81,4,3243.9,112,4,3244.0,72,3,3244.1,183,4
11536,2025-12-30 15:01:15+05:30,3243.5,16,3252.12,1982565,75606.0,98955.0,3250.0,3267.5,3239.8,3251.5,46410350,3576.6,2926.4,4322.95,2866.6,3242.4,161,9,3242.2,282,3,3242.1,251,3,3242.0,218,4,3241.9,60,1,3243.5,51,3,3243.6,25,3,3243.8,57,2,3243.9,177,7,3244.0,26,2
11536,2025-12-30 15:01:16+05:30,3243.8,267,3252.12,1982565,75606.0,98955.0,3250.0,3267.5,3239.8,3251.5,46410350,3576.6,2926.4,4322.95,2866.6,3242.4,161,9,3242.2,282,3,3242.1,251,3,3242.0,218,4,3241.9,60,1,3243.5,51,3,3243.6,25,3,3243.8,57,2,3243.9,177,7,3244.0,26,2
11536,2025-12-30 15:01:16+05:30,3243.6,8,3252.11,1983572,73613.0,98964.0,3250.0,3267.5,3239.8,3251.5,46410350,3576.6,2926.4,4322.95,2866.6,3242.4,179,10,3242.3,174,2,3242.2,175,1,3242.1,251,3,3242.0,43,3,3243.6,14,1,3243.7,158,7,3243.8,831,4,3243.9,132,4,3244.0,106,4
11536,2025-12-30 15:01:17+05:30,3243.6,8,3252.11,1983572,73613.0,98964.0,3250.0,3267.5,3239.8,3251.5,46410350,3576.6,2926.4,4322.95,2866.6,3242.4,179,10,3242.3,174,2,3242.2,175,1,3242.1,251,3,3242.0,43,3,3243.6,14,1,3243.7,158,7,3243.8,831,4,3243.9,132,4,3244.0,106,4
11536,2025-12-30 15:01:17+05:30,3242.1,63,3252.11,1984631,75595.0,98572.0,3250.0,3267.5,3239.8,3251.5,46410350,3576.6,2926.4,4322.95,2866.6,3242.4,1,1,3242.2,13,1,3242.1,47,3,3242.0,22,2,3241.9,83,2,3243.4,35,3,3243.5,72,3,3243.6,128,3,3243.7,118,3,3243.8,817,4
11536,2025-12-30 15:01:18+05:30,3242.9,54,3252.11,1984631,75595.0,98572.0,3250.0,3267.5,3239.8,3251.5,46410350,3576.6,2926.4,4322.95,2866.6,3242.4,1,1,3242.2,13,1,3242.1,47,3,3242.0,22,2,3241.9,83,2,3243.4,35,3,3243.5,72,3,3243.6,128,3,3243.7,118,3,3243.8,817,4
11536,2025-12-30 15:01:19+05:30,3242.9,144,3252.1,1985545,73829.0,99804.0,3250.0,3267.5,3239.8,3251.5,46410350,3576.6,2926.4,4322.95,2866.6,3242.4,54,3,3242.2,10,1,3241.7,175,1,3241.6,231,3,3241.5,43,1,3243.2,18,1,3243.3,130,5,3243.4,80,4,3243.5,288,11,3243.6,864,4
11536,2025-12-30 15:01:19+05:30,3242.9,144,3252.1,1985545,73829.0,99804.0,3250.0,3267.5,3239.8,3251.5,46410350,3576.6,2926.4,4322.95,2866.6,3242.4,54,3,3242.2,10,1,3241.7,175,1,3241.6,231,3,3241.5,43,1,3243.2,18,1,3243.3,130,5,3243.4,80,4,3243.5,288,11,3243.6,864,4
11536,2025-12-30 15:01:20+05:30,3242.9,144,3252.1,1985545,74934.0,100100.0,3250.0,3267.5,3239.8,3251.5,46410350,3576.6,2926.4,4322.95,2866.6,3242.4,54,3,3242.3,213,1,3242.2,10,1,3241.8,175,1,3241.7,206,2,3242.8,7,1,3243.1,66,2,3243.2,110,3,3243.3,85,3,3243.4,62,3
11536,2025-12-30 15:01:20+05:30,3242.3,15,3252.1,1985545,74934.0,100100.0,3250.0,3267.5,3239.8,3251.5,46410350,3576.6,2926.4,4322.95,2866.6,3242.4,54,3,3242.3,213,1,3242.2,10,1,3241.8,175,1,3241.7,206,2,3242.8,7,1,3243.1,66,2,3243.2,110,3,3243.3,85,3,3243.4,62,3
11536,2025-12-30 15:01:21+05:30,3242.6,4,3252.1,1986710,74538.0,98547.0,3250.0,3267.5,3239.8,3251.5,46410350,3576.6,2926.4,4322.95,2866.6,3242.6,11,2,3242.4,40,1,3242.3,147,3,3242.2,30,2,3242.1,20,1,3242.8,284,4,3242.9,2,1,3243.1,39,1,3243.2,117,4,3243.3,123,3
11536,2025-12-30 15:01:21+05:30,3242.6,3,3252.1,1986710,74538.0,98547.0,3250.0,3267.5,3239.8,3251.5,46410350,3576.6,2926.4,4322.95,2866.6,3242.6,11,2,3242.4,40,1,3242.3,147,3,3242.2,30,2,3242.1,20,1,3242.8,284,4,3242.9,2,1,3243.1,39,1,3243.2,117,4,3243.3,123,3
11536,2025-12-30 15:01:22+05:30,3242.8,4,3252.1,1986868,75078.0,99504.0,3250.0,3267.5,3239.8,3251.5,46410350,3576.6,2926.4,4322.95,2866.6,3242.6,11,3,3242.4,41,2,3242.3,147,3,3242.2,30,2,3242.1,20,1,3242.8,293,6,3242.9,2,1,3243.1,77,3,3243.2,102,2,3243.3,63,2
11536,2025-12-30 15:01:22+05:30,3242.8,1,3252.1,1986868,75078.0,99504.0,3250.0,3267.5,3239.8,3251.5,46410350,3576.6,2926.4,4322.95,2866.6,3242.6,11,3,3242.4,41,2,3242.3,147,3,3242.2,30,2,3242.1,20,1,3242.8,293,6,3242.9,2,1,3243.1,77,3,3243.2,102,2,3243.3,63,2
11536,2025-12-30 15:01:23+05:30,3242.6,6,3252.09,1987060,75249.0,100469.0,3250.0,3267.5,3239.8,3251.5,46410350,3576.6,2926.4,4322.95,2866.6,3242.7,8,1,3242.6,261,3,3242.3,31,2,3242.2,30,2,3242.1,20,1,3242.8,355,7,3243.1,67,3,3243.2,33,1,3243.3,57,2,3243.4,137,4
11536,2025-12-30 15:01:23+05:30,3242.6,6,3252.09,1987060,75249.0,100469.0,3250.0,3267.5,3239.8,3251.5,46410350,3576.6,2926.4,4322.95,2866.6,3242.7,8,1,3242.6,261,3,3242.3,31,2,3242.2,30,2,3242.1,20,1,3242.8,355,7,3243.1,67,3,3243.2,33,1,3243.3,57,2,3243.4,137,4
11536,2025-12-30 15:01:24+05:30,3242.8,35,3252.09,1987278,75362.0,100666.0,3250.0,3267.5,3239.8,3251.5,46410350,3576.6,2926.4,4322.95,2866.6,3242.7,229,3,3242.6,261,3,3242.4,55,3,3242.3,29,2,3242.2,61,3,3242.8,175,7,3243.0,1,1,3243.1,39,1,3243.2,33,1,3243.3,46,2
11536,2025-12-30 15:01:24+05:30,3242.8,35,3252.09,1987278,75362.0,100666.0,3250.0,3267.5,3239.8,3251.5,46410350,3576.6,2926.4,4322.95,2866.6,3242.7,229,3,3242.6,261,3,3242.4,55,3,3242.3,29,2,3242.2,61,3,3242.8,175,7,3243.0,1,1,3243.1,39,1,3243.2,33,1,3243.3,46,2
11536,2025-12-30 15:01:25+05:30,3242.7,1,3252.09,1987278,75362.0,100666.0,3250.0,3267.5,3239.8,3251.5,46410350,3576.6,2926.4,4322.95,2866.6,3242.7,229,3,3242.6,261,3,3242.4,55,3,3242.3,29,2,3242.2,61,3,3242.8,175,7,3243.0,1,1,3243.1,39,1,3243.2,33,1,3243.3,46,2
11536,2025-12-30 15:01:25+05:30,3242.8,10,3252.09,1988308,75304.0,99325.0,3250.0,3267.5,3239.8,3251.5,46410350,3576.6,2926.4,4322.95,2866.6,3242.7,1,1,3242.6,261,3,3242.5,11,1,3242.4,13,1,3242.3,43,2,3242.8,138,2,3243.0,1,1,3243.1,49,2,3243.2,33,1,3243.3,36,1
11536,2025-12-30 15:01:26+05:30,3242.7,9,3252.09,1988308,75304.0,99325.0,3250.0,3267.5,3239.8,3251.5,46410350,3576.6,2926.4,4322.95,2866.6,3242.7,1,1,3242.6,261,3,3242.5,11,1,3242.4,13,1,3242.3,43,2,3242.8,138,2,3243.0,1,1,3243.1,49,2,3243.2,33,1,3243.3,36,1
11536,2025-12-30 15:01:26+05:30,3242.8,1,3252.09,1988522,75180.0,100559.0,3250.0,3267.5,3239.8,3251.5,46410350,3576.6,2926.4,4322.95,2866.6,3242.7,39,2,3242.6,214,3,3242.5,11,1,3242.4,24,2,3242.3,21,2,3242.8,145,2,3242.9,1,1,3243.1,39,1,3243.2,33,1,3243.3,36,1
11536,2025-12-30 15:01:27+05:30,3242.8,9,3252.09,1988522,75180.0,100559.0,3250.0,3267.5,3239.8,3251.5,46410350,3576.6,2926.4,4322.95,2866.6,3242.7,39,2,3242.6,214,3,3242.5,11,1,3242.4,24,2,3242.3,21,2,3242.8,145,2,3242.9,1,1,3243.1,39,1,3243.2,33,1,3243.3,36,1
11536,2025-12-30 15:01:27+05:30,3242.8,2,3252.09,1988533,75270.0,99976.0,3250.0,3267.5,3239.8,3251.5,46410350,3576.6,2926.4,4322.95,2866.6,3242.7,62,4,3242.6,201,2,3242.5,11,1,3242.4,13,1,3242.3,16,1,3242.8,150,3,3242.9,2,2,3243.1,39,1,3243.2,33,1,3243.3,36,1
11536,2025-12-30 15:01:28+05:30,3242.7,7,3252.09,1988533,75270.0,99976.0,3250.0,3267.5,3239.8,3251.5,46410350,3576.6,2926.4,4322.95,2866.6,3242.7,62,4,3242.6,201,2,3242.5,11,1,3242.4,13,1,3242.3,16,1,3242.8,150,3,3242.9,2,2,3243.1,39,1,3243.2,33,1,3243.3,36,1
11536,2025-12-30 15:01:29+05:30,3242.7,1,3252.09,1988604,75445.0,100633.0,3250.0,3267.5,3239.8,3251.5,46410350,3576.6,2926.4,4322.95,2866.6,3242.7,72,2,3242.6,201,2,3242.5,11,1,3242.4,13,1,3242.3,16,1,3242.8,169,6,3242.9,1,1,3243.1,49,2,3243.2,33,1,3243.3,36,1
11536,2025-12-30 15:01:30+05:30,3242.7,1,3252.09,1988605,75940.0,100324.0,3250.0,3267.5,3239.8,3251.5,46410350,3576.6,2926.4,4322.95,2866.6,3242.7,638,6,3242.6,175,1,3242.4,13,1,3242.3,16,1,3242.2,20,1,3242.8,189,8,3242.9,1,1,3243.1,39,1,3243.2,33,1,3243.3,105,3
11536,2025-12-30 15:01:30+05:30,3242.6,174,3252.09,1988605,75940.0,100324.0,3250.0,3267.5,3239.8,3251.5,46410350,3576.6,2926.4,4322.95,2866.6,3242.7,638,6,3242.6,175,1,3242.4,13,1,3242.3,16,1,3242.2,20,1,3242.8,189,8,3242.9,1,1,3243.1,39,1,3243.2,33,1,3243.3,105,3
11536,2025-12-30 15:01:31+05:30,3242.7,10,3252.08,1989846,75040.0,101121.0,3250.0,3267.5,3239.8,3251.5,46410350,3576.6,2926.4,4322.95,2866.6,3242.4,13,1,3242.3,16,1,3242.2,20,1,3242.1,30,2,3242.0,200,3,3242.7,84,8,3242.8,227,15,3242.9,50,3,3243.0,167,4,3243.1,90,5
11536,2025-12-30 15:01:31+05:30,3242.4,11,3252.08,1989846,75040.0,101121.0,3250.0,3267.5,3239.8,3251.5,46410350,3576.6,2926.4,4322.95,2866.6,3242.4,13,1,3242.3,16,1,3242.2,20,1,3242.1,30,2,3242.0,200,3,3242.7,84,8,3242.8,227,15,3242.9,50,3,3243.0,167,4,3243.1,90,5
11536,2025-12-30 15:01:32+05:30,3242.4,20,3252.08,1989914,70444.0,101630.0,3250.0,3267.5,3239.8,3251.5,46410350,3576.6,2926.4,4322.95,2866.6,3242.4,14,2,3242.3,16,1,3242.2,30,2,3242.1,30,2,3242.0,200,3,3242.5,1,1,3242.6,18,1,3242.7,116,14,3242.8,252,16,3242.9,61,3
11536,2025-12-30 15:01:33+05:30,3241.0,3,3252.07,1991309,70463.0,101807.0,3250.0,3267.5,3239.8,3251.5,46410350,3576.6,2926.4,4322.95,2866.6,3241.0,36,1,3240.8,100,2,3240.7,382,3,3240.6,80,3,3240.5,72,2,3242.3,22,1,3242.4,167,8,3242.5,156,4,3242.6,59,2,3242.7,100,13
11536,2025-12-30 15:01:33+05:30,3241.0,31,3252.07,1991309,70463.0,101807.0,3250.0,3267.5,3239.8,3251.5,46410350,3576.6,2926.4,4322.95,2866.6,3241.0,36,1,3240.8,100,2,3240.7,382,3,3240.6,80,3,3240.5,72,2,3242.3,22,1,3242.4,167,8,3242.5,156,4,3242.6,59,2,3242.7,100,13
11536,2025-12-30 15:01:34+05:30,3241.2,1,3252.07,1991581,73843.0,102153.0,3250.0,3267.5,3239.8,3251.5,46410350,3576.6,2926.4,4322.95,2866.6,3241.2,80,1,3241.0,53,2,3240.8,58,1,3240.7,8,1,3240.6,39,3,3242.0,24,2,3242.1,45,2,3242.2,848,5,3242.4,137,6,3242.5,185,4
11536,2025-12-30 15:01:35+05:30,3241.1,70,3252.07,1991581,73843.0,102153.0,3250.0,3267.5,3239.8,3251.5,46410350,3576.6,2926.4,4322.95,2866.6,3241.2,80,1,3241.0,53,2,3240.8,58,1,3240.7,8,1,3240.6,39,3,3242.0,24,2,3242.1,45,2,3242.2,848,5,3242.4,137,6,3242.5,185,4
11536,2025-12-30 15:01:35+05:30,3241.1,70,3252.07,1991782,72083.0,102049.0,3250.0,3267.5,3239.8,3251.5,46410350,3576.6,2926.4,4322.95,2866.6,3241.1,89,1,3241.0,53,2,3240.8,58,1,3240.6,38,2,3240.4,255,4,3241.2,8,1,3241.8,60,3,3242.0,88,4,3242.1,63,2,3242.2,852,5
11536,2025-12-30 15:01:36+05:30,3241.1,1,3252.07,1991917,70567.0,101488.0,3250.0,3267.5,3239.8,3251.5,46410350,3576.6,2926.4,4322.95,2866.6,3241.0,53,2,3240.8,93,2,3240.6,69,3,3240.4,224,3,3240.3,48,3,3241.1,41,1,3241.2,21,2,3241.4,15,1,3241.5,14,2,3241.7,27,1
11536,2025-12-30 15:01:37+05:30,3241.1,13,3252.07,1991917,70567.0,101488.0,3250.0,3267.5,3239.8,3251.5,46410350,3576.6,2926.4,4322.95,2866.6,3241.0,53,2,3240.8,93,2,3240.6,69,3,3240.4,224,3,3240.3,48,3,3241.1,41,1,3241.2,21,2,3241.4,15,1,3241.5,14,2,3241.7,27,1
11536,2025-12-30 15:01:37+05:30,3241.1,13,3252.07,1991981,73903.0,100831.0,3250.0,3267.5,3239.8,3251.5,46410350,3576.6,2926.4,4322.95,2866.6,3241.0,66,3,3240.8,124,3,3240.7,44,1,3240.6,244,4,3240.5,81,3,3241.1,93,2,3241.2,5,1,3241.4,15,1,3241.5,14,2,3241.8,11,1
11536,2025-12-30 15:01:38+05:30,3241.0,175,3252.06,1993264,72437.0,99135.0,3250.0,3267.5,3239.8,3251.5,46410350,3576.6,2926.4,4322.95,2866.6,3240.6,49,2,3240.5,54,2,3240.4,224,3,3240.3,223,4,3240.2,36,3,3241.0,404,2,3241.1,4,1,3241.2,5,1,3241.4,15,1,3241.5,14,2
11536,2025-12-30 15:01:39+05:30,3240.8,2,3252.06,1993264,72437.0,99135.0,3250.0,3267.5,3239.8,3251.5,46410350,3576.6,2926.4,4322.95,2866.6,3240.6,49,2,3240.5,54,2,3240.4,224,3,3240.3,223,4,3240.2,36,3,3241.0,404,2,3241.1,4,1,3241.2,5,1,3241.4,15,1,3241.5,14,2
11536,2025-12-30 15:01:39+05:30,3240.8,6,3252.06,1993347,73842.0,100914.0,3250.0,3267.5,3239.8,3251.5,46410350,3576.6,2926.4,4322.95,2866.6,3240.6,452,6,3240.5,185,2,3240.4,219,5,3240.3,270,6,3240.2,36,3,3240.8,2,1,3241.0,404,2,3241.1,17,2,3241.2,5,1,3241.3,10,1
11536,2025-12-30 15:01:40+05:30,3240.9,3,3252.05,1995553,70869.0,101752.0,3250.0,3267.5,3239.8,3251.5,46410350,3576.6,2926.4,4322.95,2866.6,3240.9,55,1,3240.8,40,1,3240.7,8,1,3240.5,69,3,3240.4,383,5,3241.0,248,3,3241.1,17,2,3241.2,14,2,3241.3,10,1,3241.4,15,1
11536,2025-12-30 15:01:41+05:30,3240.9,15,3252.05,1995553,70869.0,101752.0,3250.0,3267.5,3239.8,3251.5,46410350,3576.6,2926.4,4322.95,2866.6,3240.9,55,1,3240.8,40,1,3240.7,8,1,3240.5,69,3,3240.4,383,5,3241.0,248,3,3241.1,17,2,3241.2,14,2,3241.3,10,1,3241.4,15,1
11536,2025-12-30 15:01:41+05:30,3240.9,3,3252.05,1995765,73054.0,100722.0,3250.0,3267.5,3239.8,3251.5,46410350,3576.6,2926.4,4322.95,2866.6,3240.7,16,2,3240.6,62,3,3240.5,38,2,3240.4,414,6,3240.3,48,3,3240.9,1,1,3241.0,253,4,3241.1,17,2,3241.3,19,2,3241.4,16,2
11536,2025-12-30 15:01:42+05:30,3240.7,4,3252.05,1996036,72760.0,101975.0,3250.0,3267.5,3239.8,3251.5,46410350,3576.6,2926.4,4322.95,2866.6,3240.6,42,3,3240.5,10,1,3240.4,367,5,3240.3,51,4,3240.2,41,3,3240.7,4,1,3241.0,258,6,3241.1,17,2,3241.3,10,1,3241.4,15,1
11536,2025-12-30 15:01:43+05:30,3240.7,38,3252.05,1996036,72760.0,101975.0,3250.0,3267.5,3239.8,3251.5,46410350,3576.6,2926.4,4322.95,2866.6,3240.6,42,3,3240.5,10,1,3240.4,367,5,3240.3,51,4,3240.2,41,3,3240.7,4,1,3241.0,258,6,3241.1,17,2,3241.3,10,1,3241.4,15,1
11536,2025-12-30 15:01:43+05:30,3240.6,287,3252.04,1996652,73089.0,102576.0,3250.0,3267.5,3239.8,3251.5,46410350,3576.6,2926.4,4322.95,2866.6,3240.5,10,1,3240.4,406,6,3240.3,51,4,3240.2,41,3,3240.1,292,11,3240.6,400,1,3240.7,12,1,3240.9,1,1,3241.0,268,6,3241.1,17,2
11536,2025-12-30 15:01:44+05:30,3240.6,180,3252.04,1996652,73089.0,102576.0,3250.0,3267.5,3239.8,3251.5,46410350,3576.6,2926.4,4322.95,2866.6,3240.5,10,1,3240.4,406,6,3240.3,51,4,3240.2,41,3,3240.1,292,11,3240.6,400,1,3240.7,12,1,3240.9,1,1,3241.0,268,6,3241.1,17,2
11536,2025-12-30 15:01:44+05:30,3240.5,1,3252.04,1997119,72914.0,102550.0,3250.0,3267.5,3239.8,3251.5,46410350,3576.6,2926.4,4322.95,2866.6,3240.5,139,5,3240.4,368,5,3240.3,79,5,3240.2,262,6,3240.1,292,11,3240.6,400,1,3240.7,12,1,3240.8,11,2,3240.9,9,1,3241.0,249,4
11536,2025-12-30 15:01:45+05:30,3240.5,14,3252.04,1997119,72914.0,102550.0,3250.0,3267.5,3239.8,3251.5,46410350,3576.6,2926.4,4322.95,2866.6,3240.5,139,5,3240.4,368,5,3240.3,79,5,3240.2,262,6,3240.1,292,11,3240.6,400,1,3240.7,12,1,3240.8,11,2,3240.9,9,1,3241.0,249,4
11536,2025-12-30 15:01:45+05:30,3240.5,7,3252.04,1997224,73672.0,102967.0,3250.0,3267.5,3239.8,3251.5,46410350,3576.6,2926.4,4322.95,2866.6,3240.5,654,9,3240.4,155,3,3240.3,51,4,3240.2,419,7,3240.1,160,11,3240.6,618,5,3240.7,12,1,3240.8,1,1,3240.9,9,1,3241.0,249,4
11536,2025-12-30 15:01:46+05:30,3240.5,1,3252.04,1997224,73672.0,102967.0,3250.0,3267.5,3239.8,3251.5,46410350,3576.6,2926.4,4322.95,2866.6,3240.5,654,9,3240.4,155,3,3240.3,51,4,3240.2,419,7,3240.1,160,11,3240.6,618,5,3240.7,12,1,3240.8,1,1,3240.9,9,1,3241.0,249,4
11536,2025-12-30 15:01:47+05:30,3240.5,33,3252.04,1998149,67871.0,102480.0,3250.0,3267.5,3239.8,3251.5,46410350,3576.6,2926.4,4322.95,2866.6,3240.4,224,5,3240.3,226,5,3240.2,266,7,3240.1,71,8,3240.0,3929,220,3240.5,230,1,3240.6,674,7,3240.7,12,1,3240.8,20,2,3240.9,9,1
11536,2025-12-30 15:01:48+05:30,3240.5,1,3252.03,1999260,72872.0,102208.0,3250.0,3267.5,3239.8,3251.5,46410350,3576.6,2926.4,4322.95,2866.6,3240.4,42,1,3240.3,329,7,3240.2,76,6,3240.1,246,9,3240.0,3934,221,3240.5,687,4,3240.6,684,8,3240.7,12,1,3240.8,11,1,3241.0,226,1
11536,2025-12-30 15:01:48+05:30,3240.5,1,3252.03,1999260,72872.0,102208.0,3250.0,3267.5,3239.8,3251.5,46410350,3576.6,2926.4,4322.95,2866.6,3240.4,42,1,3240.3,329,7,3240.2,76,6,3240.1,246,9,3240.0,3934,221,3240.5,687,4,3240.6,684,8,3240.7,12,1,3240.8,11,1,3241.0,226,1
11536,2025-12-30 15:01:49+05:30,3240.3,1,3252.03,1999347,73078.0,102763.0,3250.0,3267.5,3239.8,3251.5,46410350,3576.6,2926.4,4322.95,2866.6,3240.3,503,8,3240.2,69,5,3240.1,71,8,3240.0,3898,220,3239.9,48,2,3240.4,5,2,3240.5,685,4,3240.6,692,6,3240.7,761,4,3240.8,11,1
11536,2025-12-30 15:01:50+05:30,3240.3,6,3252.03,1999379,71743.0,102601.0,3250.0,3267.5,3239.8,3251.5,46410350,3576.6,2926.4,4322.95,2866.6,3240.3,911,11,3240.2,66,5,3240.1,71,8,3240.0,3898,220,3239.9,48,2,3240.4,31,4,3240.5,674,3,3240.6,692,6,3240.7,761,4,3240.8,11,1
11536,2025-12-30 15:01:50+05:30,3240.4,9,3252.03,1999379,71743.0,102601.0,3250.0,3267.5,3239.8,3251.5,46410350,3576.6,2926.4,4322.95,2866.6,3240.3,911,11,3240.2,66,5,3240.1,71,8,3240.0,3898,220,3239.9,48,2,3240.4,31,4,3240.5,674,3,3240.6,692,6,3240.7,761,4,3240.8,11,1
11536,2025-12-30 15:01:51+05:30,3240.3,1,3252.02,2000227,73188.0,102808.0,3250.0,3267.5,3239.8,3251.5,46410350,3576.6,2926.4,4322.95,2866.6,3240.3,498,12,3240.2,58,4,3240.1,79,9,3240.0,3867,219,3239.9,20,1,3240.4,38,5,3240.5,674,3,3240.6,692,6,3240.7,761,4,3240.8,1,1
11536,2025-12-30 15:01:52+05:30,3240.4,1,3252.02,2000592,71296.0,103083.0,3250.0,3267.5,3239.8,3251.5,46410350,3576.6,2926.4,4322.95,2866.6,3240.4,55,2,3240.3,404,11,3240.2,58,4,3240.1,79,9,3240.0,3898,220,3240.5,674,3,3240.6,682,5,3240.7,761,4,3240.8,1,1,3241.0,226,1
11536,2025-12-30 15:01:52+05:30,3240.5,1,3252.02,2000592,71296.0,103083.0,3250.0,3267.5,3239.8,3251.5,46410350,3576.6,2926.4,4322.95,2866.6,3240.4,55,2,3240.3,404,11,3240.2,58,4,3240.1,79,9,3240.0,3898,220,3240.5,674,3,3240.6,682,5,3240.7,761,4,3240.8,1,1,3241.0,226,1
11536,2025-12-30 15:01:53+05:30,3240.4,6,3252.02,2000616,73206.0,104826.0,3250.0,3267.5,3239.8,3251.5,46410350,3576.6,2926.4,4322.95,2866.6,3240.4,32,2,3240.3,399,10,3240.2,15,3,3240.1,71,8,3240.0,3867,219,3240.5,673,3,3240.6,682,5,3240.7,761,4,3240.8,1,1,3241.0,226,1
11536,2025-12-30 15:01:54+05:30,3240.3,9,3252.02,2000776,73087.0,105706.0,3250.0,3267.5,3239.8,3251.5,46410350,3576.6,2926.4,4322.95,2866.6,3240.4,50,1,3240.3,351,8,3240.2,30,5,3240.1,149,11,3240.0,3867,219,3240.5,592,5,3240.6,682,5,3240.7,761,4,3240.8,1,1,3241.0,226,1
11536,2025-12-30 15:01:54+05:30,3240.5,36,3252.02,2000776,73087.0,105706.0,3250.0,3267.5,3239.8,3251.5,46410350,3576.6,2926.4,4322.95,2866.6,3240.4,50,1,3240.3,351,8,3240.2,30,5,3240.1,149,11,3240.0,3867,219,3240.5,592,5,3240.6,682,5,3240.7,761,4,3240.8,1,1,3241.0,226,1
11536,2025-12-30 15:01:55+05:30,3240.5,5,3252.02,2001151,71068.0,105484.0,3250.0,3267.5,3239.8,3251.5,46410350,3576.6,2926.4,4322.95,2866.6,3240.4,116,5,3240.3,356,9,3240.2,48,4,3240.1,118,10,3240.0,3898,220,3240.5,374,4,3240.6,682,5,3240.7,776,6,3241.0,226,1,3241.1,13,1
11536,2025-12-30 15:01:56+05:30,3240.3,11,3252.01,2001800,72817.0,105385.0,3250.0,3267.5,3239.8,3251.5,46410350,3576.6,2926.4,4322.95,2866.6,3240.3,304,9,3240.2,15,3,3240.1,82,9,3240.0,3892,220,3239.9,36,2,3240.4,65,2,3240.5,368,5,3240.6,453,6,3240.7,775,5,3241.0,226,1
11536,2025-12-30 15:01:56+05:30,3240.3,1,3252.01,2001800,72817.0,105385.0,3250.0,3267.5,3239.8,3251.5,46410350,3576.6,2926.4,4322.95,2866.6,3240.3,304,9,3240.2,15,3,3240.1,82,9,3240.0,3892,220,3239.9,36,2,3240.4,65,2,3240.5,368,5,3240.6,453,6,3240.7,775,5,3241.0,226,1
11536,2025-12-30 15:01:57+05:30,3240.3,2,3252.01,2002822,72327.0,105738.0,3250.0,3267.5,3239.8,3251.5,46410350,3576.6,2926.4,4322.95,2866.6,3240.2,14,3,3240.1,85,10,3240.0,3717,219,3239.9,33,2,3239.8,196,6,3240.3,351,3,3240.4,237,2,3240.5,367,4,3240.6,453,6,3240.7,775,5
11536,2025-12-30 15:01:58+05:30,3240.0,91,3252.01,2002822,72327.0,105738.0,3250.0,3267.5,3239.8,3251.5,46410350,3576.6,2926.4,4322.95,2866.6,3240.2,14,3,3240.1,85,10,3240.0,3717,219,3239.9,33,2,3239.8,196,6,3240.3,351,3,3240.4,237,2,3240.5,367,4,3240.6,453,6,3240.7,775,5
11536,2025-12-30 15:01:58+05:30,3240.0,91,3252.01,2003109,72073.0,105980.0,3250.0,3267.5,3239.8,3251.5,46410350,3576.6,2926.4,4322.95,2866.6,3240.0,3557,213,3239.9,195,2,3239.8,21,5,3239.6,38,5,3239.5,192,3,3240.3,419,6,3240.4,237,2,3240.5,353,3,3240.6,453,6,3240.7,775,5
11536,2025-12-30 15:01:59+05:30,3240.0,3,3252.0,2003800,71331.0,105823.0,3250.0,3267.5,3239.8,3251.5,46410350,3576.6,2926.4,4322.95,2866.6,3240.0,2928,159,3239.9,195,2,3239.8,21,5,3239.6,35,4,3239.5,185,2,3240.3,427,5,3240.4,237,2,3240.5,353,3,3240.6,460,7,3240.7,775,5
11536,2025-12-30 15:02:00+05:30,3240.0,15,3252.0,2003800,71331.0,105823.0,3250.0,3267.5,3239.8,3251.5,46410350,3576.6,2926.4,4322.95,2866.6,3240.0,2928,159,3239.9,195,2,3239.8,21,5,3239.6,35,4,3239.5,185,2,3240.3,427,5,3240.4,237,2,3240.5,353,3,3240.6,460,7,3240.7,775,5
11536,2025-12-30 15:02:00+05:30,3240.3,36,3252.0,2004553,71457.0,105928.0,3250.0,3267.5,3239.8,3251.5,46410350,3576.6,2926.4,4322.95,2866.6,3240.2,1,1,3240.0,2834,119,3239.9,309,3,3239.8,75,6,3239.6,35,4,3240.3,591,11,3240.4,267,3,3240.5,353,3,3240.6,453,6,3240.7,775,5
11536,2025-12-30 15:02:01+05:30,3240.3,28,3251.98,2006787,69310.0,105587.0,3250.0,3267.5,3239.8,3251.5,46410350,3576.6,2926.4,4322.95,2866.6,3240.1,87,2,3240.0,1037,32,3239.9,309,3,3239.8,75,6,3239.6,35,4,3240.2,50,4,3240.3,506,14,3240.4,278,4,3240.5,352,2,3240.6,443,5
11536,2025-12-30 15:02:02+05:30,3240.2,1,3251.98,2006787,69310.0,105587.0,3250.0,3267.5,3239.8,3251.5,46410350,3576.6,2926.4,4322.95,2866.6,3240.1,87,2,3240.0,1037,32,3239.9,309,3,3239.8,75,6,3239.6,35,4,3240.2,50,4,3240.3,506,14,3240.4,278,4,3240.5,352,2,3240.6,443,5
11536,2025-12-30 15:02:02+05:30,3240.0,4,3251.97,2008338,69231.0,105343.0,3250.0,3267.5,3239.8,3251.5,46410350,3576.6,2926.4,4322.95,2866.6,3240.0,830,12,3239.9,134,2,3239.8,111,7,3239.7,175,1,3239.6,98,6,3240.2,18,2,3240.3,412,13,3240.4,248,3,3240.5,352,2,3240.6,428,4
11536,2025-12-30 15:02:03+05:30,3239.9,2,3251.96,2011427,64261.0,103512.0,3250.0,3267.5,3239.7,3251.5,46410350,3576.6,2926.4,4322.95,2866.6,3239.6,249,7,3239.5,10,1,3239.4,31,1,3239.3,16,1,3239.2,28,1,3239.9,23,1,3240.0,34,2,3240.1,4,1,3240.2,15,2,3240.3,344,13
11536,2025-12-30 15:02:04+05:30,3240.2,20,3251.96,2011427,64261.0,103512.0,3250.0,3267.5,3239.7,3251.5,46410350,3576.6,2926.4,4322.95,2866.6,3239.6,249,7,3239.5,10,1,3239.4,31,1,3239.3,16,1,3239.2,28,1,3239.9,23,1,3240.0,34,2,3240.1,4,1,3240.2,15,2,3240.3,344,13
11536,2025-12-30 15:02:04+05:30,3240.3,1,3251.95,2011716,65861.0,104643.0,3250.0,3267.5,3239.7,3251.5,46410350,3576.6,2926.4,4322.95,2866.6,3240.2,3,1,3240.1,40,1,3240.0,5,1,3239.6,260,7,3239.5,10,1,3240.3,382,15,3240.4,971,3,3240.5,304,1,3240.6,491,4,3240.7,60,2
11536,2025-12-30 15:02:05+05:30,3240.1,1,3251.95,2012126,68000.0,105512.0,3250.0,3267.5,3239.6,3251.5,46410350,3576.6,2926.4,4322.95,2866.6,3239.6,236,6,3239.5,10,1,3239.1,90,4,3239.0,166,22,3238.9,117,3,3240.1,180,4,3240.2,249,4,3240.3,197,14,3240.4,799,3,3240.5,382,3
11536,2025-12-30 15:02:06+05:30,3239.6,20,3251.95,2012126,68000.0,105512.0,3250.0,3267.5,3239.6,3251.5,46410350,3576.6,2926.4,4322.95,2866.6,3239.6,236,6,3239.5,10,1,3239.1,90,4,3239.0,166,22,3238.9,117,3,3240.1,180,4,3240.2,249,4,3240.3,197,14,3240.4,799,3,3240.5,382,3
11536,2025-12-30 15:02:06+05:30,3239.6,3,3251.95,2012386,67382.0,105957.0,3250.0,3267.5,3239.6,3251.5,46410350,3576.6,2926.4,4322.95,2866.6,3239.6,258,6,3239.2,22,1,3239.1,76,4,3239.0,166,22,3238.9,100,3,3240.0,10,1,3240.1,163,4,3240.2,247,3,3240.3,183,12,3240.4,799,3
11536,2025-12-30 15:02:07+05:30,3239.6,2,3251.95,2012386,67382.0,105957.0,3250.0,3267.5,3239.6,3251.5,46410350,3576.6,2926.4,4322.95,2866.6,3239.6,258,6,3239.2,22,1,3239.1,76,4,3239.0,166,22,3238.9,100,3,3240.0,10,1,3240.1,163,4,3240.2,247,3,3240.3,183,12,3240.4,799,3
11536,2025-12-30 15:02:07+05:30,3239.6,2,3251.95,2012391,67045.0,104887.0,3250.0,3267.5,3239.6,3251.5,46410350,3576.6,2926.4,4322.95,2866.6,3239.6,254,6,3239.1,2,2,3239.0,341,23,3238.9,71,2,3238.8,49,2,3239.9,56,2,3240.0,35,3,3240.1,173,5,3240.2,252,2,3240.3,249,13
11536,2025-12-30 15:02:08+05:30,3239.9,4,3251.95,2012391,67045.0,104887.0,3250.0,3267.5,3239.6,3251.5,46410350,3576.6,2926.4,4322.95,2866.6,3239.6,254,6,3239.1,2,2,3239.0,341,23,3238.9,71,2,3238.8,49,2,3239.9,56,2,3240.0,35,3,3240.1,173,5,3240.2,252,2,3240.3,249,13
11536,2025-12-30 15:02:08+05:30,3239.6,38,3251.95,2012467,64919.0,104497.0,3250.0,3267.5,3239.6,3251.5,46410350,3576.6,2926.4,4322.95,2866.6,3239.6,223,6,3239.4,169,1,3239.3,175,1,3239.1,2,2,3239.0,341,23,3239.8,9,3,3239.9,61,2,3240.0,9,2,3240.1,170,5,3240.2,252,2
11536,2025-12-30 15:02:09+05:30,3239.8,1,3251.95,2012467,64919.0,104497.0,3250.0,3267.5,3239.6,3251.5,46410350,3576.6,2926.4,4322.95,2866.6,3239.6,223,6,3239.4,169,1,3239.3,175,1,3239.1,2,2,3239.0,341,23,3239.8,9,3,3239.9,61,2,3240.0,9,2,3240.1,170,5,3240.2,252,2
11536,2025-12-30 15:02:09+05:30,3239.8,1,3251.95,2012557,68133.0,105072.0,3250.0,3267.5,3239.6,3251.5,46410350,3576.6,2926.4,4322.95,2866.6,3239.6,225,8,3239.5,177,2,3239.4,28,1,3239.3,268,4,3239.1,199,4,3239.8,41,1,3239.9,72,3,3240.0,9,2,3240.1,173,5,3240.2,262,3
11536,2025-12-30 15:02:10+05:30,3239.7,59,3251.95,2012557,68133.0,105072.0,3250.0,3267.5,3239.6,3251.5,46410350,3576.6,2926.4,4322.95,2866.6,3239.6,225,8,3239.5,177,2,3239.4,28,1,3239.3,268,4,3239.1,199,4,3239.8,41,1,3239.9,72,3,3240.0,9,2,3240.1,173,5,3240.2,262,3
11536,2025-12-30 15:02:10+05:30,3239.6,1,3251.94,2013436,67668.0,104936.0,3250.0,3267.5,3239.5,3251.5,46410350,3576.6,2926.4,4322.95,2866.6,3239.6,349,1,3239.5,153,1,3239.1,166,3,3239.0,165,21,3238.9,82,3,3239.7,150,4,3239.8,297,4,3239.9,61,2,3240.0,40,3,3240.1,99,4
11536,2025-12-30 15:02:11+05:30,3239.6,16,3251.94,2013474,65924.0,104820.0,3250.0,3267.5,3239.5,3251.5,46410350,3576.6,2926.4,4322.95,2866.6,3239.6,486,4,3239.2,164,1,3239.1,2,2,3239.0,165,21,3238.9,141,5,3239.7,182,6,3239.8,308,5,3239.9,58,2,3240.0,43,5,3240.1,86,3
11536,2025-12-30 15:02:12+05:30,3239.6,13,3251.94,2013474,65924.0,104820.0,3250.0,3267.5,3239.5,3251.5,46410350,3576.6,2926.4,4322.95,2866.6,3239.6,486,4,3239.2,164,1,3239.1,2,2,3239.0,165,21,3238.9,141,5,3239.7,182,6,3239.8,308,5,3239.9,58,2,3240.0,43,5,3240.1,86,3
11536,2025-12-30 15:02:12+05:30,3239.6,5,3251.94,2013541,68279.0,104878.0,3250.0,3267.5,3239.5,3251.5,46410350,3576.6,2926.4,4322.95,2866.6,3239.6,500,7,3239.3,11,1,3239.2,164,1,3239.1,34,4,3239.0,165,21,3239.7,190,7,3239.8,295,3,3239.9,58,2,3240.0,21,4,3240.1,44,3
11536,2025-12-30 15:02:13+05:30,3239.8,20,3251.94,2013541,68279.0,104878.0,3250.0,3267.5,3239.5,3251.5,46410350,3576.6,2926.4,4322.95,2866.6,3239.6,500,7,3239.3,11,1,3239.2,164,1,3239.1,34,4,3239.0,165,21,3239.7,190,7,3239.8,295,3,3239.9,58,2,3240.0,21,4,3240.1,44,3
11536,2025-12-30 15:02:13+05:30,3239.8,238,3251.93,2015257,66930.0,104226.0,3250.0,3267.5,3239.5,3251.5,46410350,3576.6,2926.4,4322.95,2866.6,3239.7,103,2,3239.6,93,6,3239.5,206,2,3239.4,44,2,3239.3,70,2,3239.8,18,2,3239.9,58,2,3240.0,19,3,3240.1,28,3,3240.2,247,2
11536,2025-12-30 15:02:14+05:30,3239.7,145,3251.93,2015257,66930.0,104226.0,3250.0,3267.5,3239.5,3251.5,46410350,3576.6,2926.4,4322.95,2866.6,3239.7,103,2,3239.6,93,6,3239.5,206,2,3239.4,44,2,3239.3,70,2,3239.8,18,2,3239.9,58,2,3240.0,19,3,3240.1,28,3,3240.2,247,2
11536,2025-12-30 15:02:14+05:30,3239.7,1,3251.93,2015640,67416.0,103952.0,3250.0,3267.5,3239.5,3251.5,46410350,3576.6,2926.4,4322.95,2866.6,3239.7,23,1,3239.6,89,4,3239.5,175,1,3239.4,31,1,3239.2,34,2,3239.8,150,4,3239.9,112,3,3240.0,12,2,3240.1,40,3,3240.2,269,3
11536,2025-12-30 15:02:15+05:30,3239.7,37,3251.93,2015640,67416.0,103952.0,3250.0,3267.5,3239.5,3251.5,46410350,3576.6,2926.4,4322.95,2866.6,3239.7,23,1,3239.6,89,4,3239.5,175,1,3239.4,31,1,3239.2,34,2,3239.8,150,4,3239.9,112,3,3240.0,12,2,3240.1,40,3,3240.2,269,3
11536,2025-12-30 15:02:16+05:30,3239.7,2,3251.93,2015933,68444.0,103869.0,3250.0,3267.5,3239.5,3251.5,46410350,3576.6,2926.4,4322.95,2866.6,3239.6,48,2,3239.5,175,1,3239.4,41,1,3239.3,22,1,3239.2,34,2,3239.7,244,3,3239.8,167,7,3239.9,114,4,3240.0,10,1,3240.1,26,2
11536,2025-12-30 15:02:16+05:30,3239.6,8,3251.93,2015933,68444.0,103869.0,3250.0,3267.5,3239.5,3251.5,46410350,3576.6,2926.4,4322.95,2866.6,3239.6,48,2,3239.5,175,1,3239.4,41,1,3239.3,22,1,3239.2,34,2,3239.7,244,3,3239.8,167,7,3239.9,114,4,3240.0,10,1,3240.1,26,2
11536,2025-12-30 15:02:17+05:30,3239.6,5,3251.93,2016126,68621.0,104454.0,3250.0,3267.5,3239.5,3251.5,46410350,3576.6,2926.4,4322.95,2866.6,3239.6,38,2,3239.5,229,2,3239.3,22,1,3239.2,192,3,3239.1,193,4,3239.7,110,2,3239.8,169,8,3239.9,112,3,3240.0,10,1,3240.1,26,2
11536,2025-12-30 15:02:18+05:30,3239.6,5,3251.92,2018129,68720.0,102477.0,3250.0,3267.5,3239.5,3251.5,46410350,3576.6,2926.4,4322.95,2866.6,3239.6,263,4,3239.5,54,1,3239.4,105,4,3239.3,68,2,3239.2,31,1,3239.7,8,1,3239.8,271,5,3239.9,76,3,3240.0,116,2,3240.1,13,1
11536,2025-12-30 15:02:18+05:30,3239.6,15,3251.92,2018129,68720.0,102477.0,3250.0,3267.5,3239.5,3251.5,46410350,3576.6,2926.4,4322.95,2866.6,3239.6,263,4,3239.5,54,1,3239.4,105,4,3239.3,68,2,3239.2,31,1,3239.7,8,1,3239.8,271,5,3239.9,76,3,3240.0,116,2,3240.1,13,1
11536,2025-12-30 15:02:19+05:30,3239.8,161,3251.91,2018794,68280.0,101160.0,3250.0,3267.5,3239.5,3251.5,46410350,3576.6,2926.4,4322.95,2866.6,3239.6,66,5,3239.5,59,2,3239.4,75,2,3239.2,14,1,3239.1,109,5,3239.8,106,4,3239.9,811,5,3240.0,116,2,3240.1,13,1,3240.2,11,1
11536,2025-12-30 15:02:20+05:30,3240.0,10,3251.89,2021927,69183.0,100930.0,3250.0,3267.5,3239.5,3251.5,46410350,3576.6,2926.4,4322.95,2866.6,3239.9,8,1,3239.8,807,2,3239.6,116,6,3239.5,54,1,3239.4,41,1,3240.0,116,2,3240.1,13,1,3240.2,11,1,3240.3,116,2,3240.5,304,1
11536,2025-12-30 15:02:20+05:30,3240.3,16,3251.89,2021927,69183.0,100930.0,3250.0,3267.5,3239.5,3251.5,46410350,3576.6,2926.4,4322.95,2866.6,3239.9,8,1,3239.8,807,2,3239.6,116,6,3239.5,54,1,3239.4,41,1,3240.0,116,2,3240.1,13,1,3240.2,11,1,3240.3,116,2,3240.5,304,1
11536,2025-12-30 15:02:21+05:30,3240.0,8,3251.89,2021927,69183.0,100930.0,3250.0,3267.5,3239.5,3251.5,46410350,3576.6,2926.4,4322.95,2866.6,3239.9,8,1,3239.8,807,2,3239.6,116,6,3239.5,54,1,3239.4,41,1,3240.0,116,2,3240.1,13,1,3240.2,11,1,3240.3,116,2,3240.5,304,1
11536,2025-12-30 15:02:21+05:30,3240.3,3,3251.89,2022924,69506.0,102716.0,3250.0,3267.5,3239.5,3251.5,46410350,3576.6,2926.4,4322.95,2866.6,3240.0,125,3,3239.9,85,5,3239.8,778,2,3239.7,74,2,3239.6,153,8,3240.3,377,2,3240.5,315,2,3240.6,414,2,3240.7,3,2,3240.9,26,1
11536,2025-12-30 15:02:22+05:30,3240.3,387,3251.89,2022924,69506.0,102716.0,3250.0,3267.5,3239.5,3251.5,46410350,3576.6,2926.4,4322.95,2866.6,3240.0,125,3,3239.9,85,5,3239.8,778,2,3239.7,74,2,3239.6,153,8,3240.3,377,2,3240.5,315,2,3240.6,414,2,3240.7,3,2,3240.9,26,1
11536,2025-12-30 15:02:22+05:30,3240.0,10,3251.88,2023903,69468.0,101742.0,3250.0,3267.5,3239.5,3251.5,46410350,3576.6,2926.4,4322.95,2866.6,3240.0,378,3,3239.9,87,7,3239.7,63,1,3239.6,25,3,3239.5,73,2,3240.3,13,1,3240.5,315,2,3240.6,415,3,3240.7,2,1,3240.9,26,1
11536,2025-12-30 15:02:23+05:30,3240.3,175,3251.88,2023903,69468.0,101742.0,3250.0,3267.5,3239.5,3251.5,46410350,3576.6,2926.4,4322.95,2866.6,3240.0,378,3,3239.9,87,7,3239.7,63,1,3239.6,25,3,3239.5,73,2,3240.3,13,1,3240.5,315,2,3240.6,415,3,3240.7,2,1,3240.9,26,1
11536,2025-12-30 15:02:23+05:30,3240.3,175,3251.87,2026140,70048.0,100164.0,3250.0,3267.5,3239.5,3251.5,46410350,3576.6,2926.4,4322.95,2866.6,3240.0,433,6,3239.9,87,7,3239.8,72,2,3239.7,107,3,3239.6,129,5,3240.3,177,1,3240.5,315,2,3240.6,415,3,3240.7,2,1,3240.9,26,1
11536,2025-12-30 15:02:24+05:30,3240.5,175,3251.87,2026140,70048.0,100164.0,3250.0,3267.5,3239.5,3251.5,46410350,3576.6,2926.4,4322.95,2866.6,3240.0,433,6,3239.9,87,7,3239.8,72,2,3239.7,107,3,3239.6,129,5,3240.3,177,1,3240.5,315,2,3240.6,415,3,3240.7,2,1,3240.9,26,1
11536,2025-12-30 15:02:24+05:30,3240.3,1,3251.87,2026743,67143.0,102977.0,3250.0,3267.5,3239.5,3251.5,46410350,3576.6,2926.4,4322.95,2866.6,3240.3,19,2,3240.2,175,1,3240.0,368,12,3239.9,123,3,3239.8,41,1,3240.5,1345,2,3240.6,415,3,3240.7,3,2,3240.9,26,1,3241.0,226,1
11536,2025-12-30 15:02:25+05:30,3240.5,74,3251.87,2026743,67143.0,102977.0,3250.0,3267.5,3239.5,3251.5,46410350,3576.6,2926.4,4322.95,2866.6,3240.3,19,2,3240.2,175,1,3240.0,368,12,3239.9,123,3,3239.8,41,1,3240.5,1345,2,3240.6,415,3,3240.7,3,2,3240.9,26,1,3241.0,226,1
11536,2025-12-30 15:02:25+05:30,3240.5,74,3251.86,2027014,68771.0,103437.0,3250.0,3267.5,3239.5,3251.5,46410350,3576.6,2926.4,4322.95,2866.6,3240.3,182,3,3240.2,175,1,3240.0,198,11,3239.9,115,2,3239.8,98,4,3240.5,1105,3,3240.6,415,3,3240.7,3,2,3240.9,26,1,3241.0,226,1
11536,2025-12-30 15:02:26+05:30,3240.5,9,3251.85,2028984,68822.0,102021.0,3250.0,3267.5,3239.5,3251.5,46410350,3576.6,2926.4,4322.95,2866.6,3240.3,224,3,3240.0,217,10,3239.9,52,1,3239.8,130,4,3239.7,39,2,3240.5,391,1,3240.6,416,4,3240.7,1,1,3240.9,26,1,3241.0,226,1
11536,2025-12-30 15:02:27+05:30,3240.6,1,3251.85,2028984,68822.0,102021.0,3250.0,3267.5,3239.5,3251.5,46410350,3576.6,2926.4,4322.95,2866.6,3240.3,224,3,3240.0,217,10,3239.9,52,1,3239.8,130,4,3239.7,39,2,3240.5,391,1,3240.6,416,4,3240.7,1,1,3240.9,26,1,3241.0,226,1
11536,2025-12-30 15:02:27+05:30,3240.6,172,3251.85,2029721,70520.0,101503.0,3250.0,3267.5,3239.5,3251.5,46410350,3576.6,2926.4,4322.95,2866.6,3240.5,60,3,3240.4,40,1,3240.3,228,2,3240.2,28,1,3240.1,48,1,3240.6,178,4,3240.7,1,1,3240.8,10,1,3240.9,26,1,3241.0,226,1
11536,2025-12-30 15:02:28+05:30,3240.6,19,3251.85,2029721,70520.0,101503.0,3250.0,3267.5,3239.5,3251.5,46410350,3576.6,2926.4,4322.95,2866.6,3240.5,60,3,3240.4,40,1,3240.3,228,2,3240.2,28,1,3240.1,48,1,3240.6,178,4,3240.7,1,1,3240.8,10,1,3240.9,26,1,3241.0,226,1
11536,2025-12-30 15:02:28+05:30,3240.6,27,3251.84,2030689,71193.0,100387.0,3250.0,3267.5,3239.5,3251.5,46410350,3576.6,2926.4,4322.95,2866.6,3240.6,229,5,3240.5,194,6,3240.4,161,5,3240.3,405,14,3240.2,59,2,3241.0,226,1,3241.2,12,1,3241.8,20,1,3242.0,42,3,3242.2,21,1
11536,2025-12-30 15:02:29+05:30,3240.8,525,3251.83,2033006,68684.0,100795.0,3250.0,3267.5,3239.5,3251.5,46410350,3576.6,2926.4,4322.95,2866.6,3240.6,1,1,3240.5,140,4,3240.3,293,12,3240.2,11,1,3240.1,3,1,3240.8,400,1,3241.0,84,2,3241.2,12,1,3241.9,217,2,3242.0,195,5
11536,2025-12-30 15:02:30+05:30,3240.6,9,3251.83,2033006,68684.0,100795.0,3250.0,3267.5,3239.5,3251.5,46410350,3576.6,2926.4,4322.95,2866.6,3240.6,1,1,3240.5,140,4,3240.3,293,12,3240.2,11,1,3240.1,3,1,3240.8,400,1,3241.0,84,2,3241.2,12,1,3241.9,217,2,3242.0,195,5
11536,2025-12-30 15:02:31+05:30,3240.6,37,3251.83,2033382,69398.0,101943.0,3250.0,3267.5,3239.5,3251.5,46410350,3576.6,2926.4,4322.95,2866.6,3240.3,193,9,3240.2,11,1,3240.0,106,5,3239.9,52,1,3239.7,3,1,3240.6,66,9,3240.8,423,11,3240.9,45,1,3241.0,214,8,3241.1,110,2
11536,2025-12-30 15:02:32+05:30,3240.3,4,3251.83,2033425,69422.0,102180.0,3250.0,3267.5,3239.5,3251.5,46410350,3576.6,2926.4,4322.95,2866.6,3240.3,158,2,3240.2,21,2,3240.0,95,4,3239.9,52,1,3239.7,3,1,3240.6,60,8,3240.7,10,1,3240.8,425,12,3240.9,44,3,3241.0,190,7
11536,2025-12-30 15:02:32+05:30,3240.2,10,3251.83,2033425,69422.0,102180.0,3250.0,3267.5,3239.5,3251.5,46410350,3576.6,2926.4,4322.95,2866.6,3240.3,158,2,3240.2,21,2,3240.0,95,4,3239.9,52,1,3239.7,3,1,3240.6,60,8,3240.7,10,1,3240.8,425,12,3240.9,44,3,3241.0,190,7
11536,2025-12-30 15:02:33+05:30,3240.0,1,3251.83,2033961,68732.0,102783.0,3250.0,3267.5,3239.5,3251.5,46410350,3576.6,2926.4,4322.95,2866.6,3239.9,28,1,3239.6,7,2,3239.5,305,2,3239.2,19,1,3239.1,2,2,3240.0,24,1,3240.3,121,8,3240.4,79,2,3240.5,15,1,3240.6,73,11
11536,2025-12-30 15:02:34+05:30,3239.9,10,3251.82,2034325,65514.0,101698.0,3250.0,3267.5,3239.5,3251.5,46410350,3576.6,2926.4,4322.95,2866.6,3239.9,24,1,3239.5,174,1,3239.1,2,2,3239.0,176,23,3238.9,96,3,3240.0,126,3,3240.1,36,2,3240.2,89,4,3240.3,121,5,3240.5,43,2
11536,2025-12-30 15:02:34+05:30,3239.9,24,3251.82,2034325,65514.0,101698.0,3250.0,3267.5,3239.5,3251.5,46410350,3576.6,2926.4,4322.95,2866.6,3239.9,24,1,3239.5,174,1,3239.1,2,2,3239.0,176,23,3238.9,96,3,3240.0,126,3,3240.1,36,2,3240.2,89,4,3240.3,121,5,3240.5,43,2
11536,2025-12-30 15:02:35+05:30,3239.9,16,3251.82,2034604,69032.0,102328.0,3250.0,3267.5,3239.5,3251.5,46410350,3576.6,2926.4,4322.95,2866.6,3239.9,3,1,3239.8,63,1,3239.5,174,1,3239.2,4,1,3239.1,15,3,3240.0,360,3,3240.2,36,3,3240.3,53,3,3240.5,50,3,3240.6,56,7
11536,2025-12-30 15:02:36+05:30,3239.9,10,3251.82,2034604,69032.0,102328.0,3250.0,3267.5,3239.5,3251.5,46410350,3576.6,2926.4,4322.95,2866.6,3239.9,3,1,3239.8,63,1,3239.5,174,1,3239.2,4,1,3239.1,15,3,3240.0,360,3,3240.2,36,3,3240.3,53,3,3240.5,50,3,3240.6,56,7
11536,2025-12-30 15:02:36+05:30,3239.9,1,3251.82,2034655,67926.0,100994.0,3250.0,3267.5,3239.5,3251.5,46410350,3576.6,2926.4,4322.95,2866.6,3239.9,254,2,3239.8,63,1,3239.5,174,1,3239.2,32,2,3239.1,62,4,3240.0,358,3,3240.1,1,1,3240.3,5,2,3240.5,15,1,3240.6,35,6
11536,2025-12-30 15:02:37+05:30,3239.9,1,3251.82,2034680,69850.0,102877.0,3250.0,3267.5,3239.5,3251.5,46410350,3576.6,2926.4,4322.95,2866.6,3239.9,69,4,3239.8,298,2,3239.6,174,1,3239.4,47,2,3239.3,4,1,3240.0,406,4,3240.1,2,2,3240.3,5,2,3240.4,9,1,3240.6,27,5
11536,2025-12-30 15:02:38+05:30,3240.0,7,3251.82,2034680,69850.0,102877.0,3250.0,3267.5,3239.5,3251.5,46410350,3576.6,2926.4,4322.95,2866.6,3239.9,69,4,3239.8,298,2,3239.6,174,1,3239.4,47,2,3239.3,4,1,3240.0,406,4,3240.1,2,2,3240.3,5,2,3240.4,9,1,3240.6,27,5
11536,2025-12-30 15:02:38+05:30,3240.0,7,3251.82,2034984,69192.0,102879.0,3250.0,3267.5,3239.5,3251.5,46410350,3576.6,2926.4,4322.95,2866.6,3239.8,285,2,3239.6,174,1,3239.3,64,1,3239.1,82,5,3239.0,289,26,3240.0,413,5,3240.1,20,4,3240.3,14,2,3240.6,18,3,3240.8,429,7
11536,2025-12-30 15:02:39+05:30,3240.0,2,3251.82,2035313,69686.0,103531.0,3250.0,3267.5,3239.5,3251.5,46410350,3576.6,2926.4,4322.95,2866.6,3239.8,272,2,3239.5,4,1,3239.4,16,1,3239.2,50,2,3239.1,146,6,3240.0,425,7,3240.1,20,4,3240.3,14,2,3240.6,30,4,3240.8,418,3
11536,2025-12-30 15:02:40+05:30,3240.0,40,3251.82,2035313,69686.0,103531.0,3250.0,3267.5,3239.5,3251.5,46410350,3576.6,2926.4,4322.95,2866.6,3239.8,272,2,3239.5,4,1,3239.4,16,1,3239.2,50,2,3239.1,146,6,3240.0,425,7,3240.1,20,4,3240.3,14,2,3240.6,30,4,3240.8,418,3
11536,2025-12-30 15:02:40+05:30,3240.0,1,3251.81,2036032,69027.0,102232.0,3250.0,3267.5,3239.5,3251.5,46410350,3576.6,2926.4,4322.95,2866.6,3239.9,14,2,3239.8,220,1,3239.2,31,1,3239.1,15,3,3239.0,271,25,3240.0,387,9,3240.1,30,5,3240.3,18,2,3240.4,7,1,3240.6,52,3
11536,2025-12-30 15:02:41+05:30,3239.9,15,3251.8,2037888,69240.0,102476.0,3250.0,3267.5,3239.5,3251.5,46410350,3576.6,2926.4,4322.95,2866.6,3239.9,331,3,3239.8,154,3,3239.6,11,1,3239.4,52,3,3239.3,155,3,3240.0,81,7,3240.1,30,5,3240.3,18,2,3240.4,1,1,3240.6,15,2
11536,2025-12-30 15:02:42+05:30,3240.0,1,3251.8,2037888,69240.0,102476.0,3250.0,3267.5,3239.5,3251.5,46410350,3576.6,2926.4,4322.95,2866.6,3239.9,331,3,3239.8,154,3,3239.6,11,1,3239.4,52,3,3239.3,155,3,3240.0,81,7,3240.1,30,5,3240.3,18,2,3240.4,1,1,3240.6,15,2
11536,2025-12-30 15:02:43+05:30,3239.9,5,3251.8,2038139,69017.0,100725.0,3250.0,3267.5,3239.5,3251.5,46410350,3576.6,2926.4,4322.95,2866.6,3239.9,149,4,3239.8,185,4,3239.6,31,1,3239.4,31,1,3239.3,64,1,3240.0,83,7,3240.1,29,4,3240.3,15,2,3240.5,7,1,3240.6,15,2
11536,2025-12-30 15:02:44+05:30,3239.9,4,3251.8,2038314,66691.0,102712.0,3250.0,3267.5,3239.5,3251.5,46410350,3576.6,2926.4,4322.95,2866.6,3239.9,102,7,3239.8,230,5,3239.7,31,1,3239.6,11,1,3239.4,60,2,3240.0,220,3,3240.1,21,3,3240.3,15,2,3240.6,12,1,3240.8,21,1
11536,2025-12-30 15:02:44+05:30,3240.0,8,3251.8,2038314,66691.0,102712.0,3250.0,3267.5,3239.5,3251.5,46410350,3576.6,2926.4,4322.95,2866.6,3239.9,102,7,3239.8,230,5,3239.7,31,1,3239.6,11,1,3239.4,60,2,3240.0,220,3,3240.1,21,3,3240.3,15,2,3240.6,12,1,3240.8,21,1
11536,2025-12-30 15:02:45+05:30,3240.2,48,3251.79,2039814,69919.0,100429.0,3250.0,3267.5,3239.5,3251.5,46410350,3576.6,2926.4,4322.95,2866.6,3240.1,82,4,3240.0,1,1,3239.9,314,11,3239.8,247,5,3239.7,5,2,3241.0,33,1,3241.6,86,4,3241.8,21,1,3241.9,94,2,3242.0,85,4
11536,2025-12-30 15:02:46+05:30,3241.2,8,3251.76,2047423,70221.0,97265.0,3250.0,3267.5,3239.5,3251.5,46410350,3576.6,2926.4,4322.95,2866.6,3241.2,39,1,3241.1,27,2,3241.0,56,5,3240.9,141,3,3240.8,173,4,3242.6,86,4,3242.7,148,6,3242.8,78,2,3243.0,66,2,3243.1,63,2
11536,2025-12-30 15:02:46+05:30,3246.5,91,3251.76,2047423,70221.0,97265.0,3250.0,3267.5,3239.5,3251.5,46410350,3576.6,2926.4,4322.95,2866.6,3241.2,39,1,3241.1,27,2,3241.0,56,5,3240.9,141,3,3240.8,173,4,3242.6,86,4,3242.7,148,6,3242.8,78,2,3243.0,66,2,3243.1,63,2
11536,2025-12-30 15:02:47+05:30,3242.8,43,3251.72,2060764,69475.0,92720.0,3250.0,3267.5,3239.5,3251.5,46410350,3576.6,2926.4,4322.95,2866.6,3242.4,106,3,3242.3,44,2,3242.2,79,3,3242.1,62,2,3242.0,264,3,3243.8,52,3,3243.9,108,3,3244.2,55,3,3244.3,72,3,3244.4,46,1
11536,2025-12-30 15:02:48+05:30,3244.3,1,3251.72,2060764,69475.0,92720.0,3250.0,3267.5,3239.5,3251.5,46410350,3576.6,2926.4,4322.95,2866.6,3242.4,106,3,3242.3,44,2,3242.2,79,3,3242.1,62,2,3242.0,264,3,3243.8,52,3,3243.9,108,3,3244.2,55,3,3244.3,72,3,3244.4,46,1
11536,2025-12-30 15:02:48+05:30,3244.3,1,3251.7,2067258,69718.0,92899.0,3250.0,3267.5,3239.5,3251.5,46410350,3576.6,2926.4,4322.95,2866.6,3243.0,43,1,3242.9,71,2,3242.8,107,2,3242.5,256,3,3242.4,198,6,3244.3,127,5,3244.4,116,3,3244.6,109,4,3244.7,89,2,3244.8,40,2
11536,2025-12-30 15:02:49+05:30,3244.3,8,3251.7,2067308,71890.0,90739.0,3250.0,3267.5,3239.5,3251.5,46410350,3576.6,2926.4,4322.95,2866.6,3243.7,71,1,3243.0,212,5,3242.9,224,6,3242.8,107,2,3242.7,46,2,3244.3,65,4,3244.6,87,2,3244.8,85,3,3244.9,74,2,3245.0,33,3
11536,2025-12-30 15:02:50+05:30,3244.2,4,3251.7,2067308,71890.0,90739.0,3250.0,3267.5,3239.5,3251.5,46410350,3576.6,2926.4,4322.95,2866.6,3243.7,71,1,3243.0,212,5,3242.9,224,6,3242.8,107,2,3242.7,46,2,3244.3,65,4,3244.6,87,2,3244.8,85,3,3244.9,74,2,3245.0,33,3
11536,2025-12-30 15:02:50+05:30,3244.2,1,3251.68,2072117,69483.0,91687.0,3250.0,3267.5,3239.5,3251.5,46410350,3576.6,2926.4,4322.95,2866.6,3244.0,34,1,3243.7,535,3,3243.5,123,4,3243.4,73,2,3243.3,93,2,3244.2,1,1,3245.0,13,1,3245.2,60,2,3245.3,59,2,3245.4,33,1
11536,2025-12-30 15:02:51+05:30,3244.0,17,3251.68,2073477,69444.0,93541.0,3250.0,3267.5,3239.5,3251.5,46410350,3576.6,2926.4,4322.95,2866.6,3244.0,104,5,3243.9,54,3,3243.8,155,1,3243.7,554,4,3243.6,41,1,3245.2,59,4,3245.4,40,2,3245.6,27,1,3245.7,30,1,3245.8,3,1
11536,2025-12-30 15:02:52+05:30,3244.0,1,3251.68,2073477,69444.0,93541.0,3250.0,3267.5,3239.5,3251.5,46410350,3576.6,2926.4,4322.95,2866.6,3244.0,104,5,3243.9,54,3,3243.8,155,1,3243.7,554,4,3243.6,41,1,3245.2,59,4,3245.4,40,2,3245.6,27,1,3245.7,30,1,3245.8,3,1
11536,2025-12-30 15:02:52+05:30,3244.1,2,3251.68,2073523,70531.0,93696.0,3250.0,3267.5,3239.5,3251.5,46410350,3576.6,2926.4,4322.95,2866.6,3244.1,41,1,3244.0,154,9,3243.9,54,3,3243.8,21,1,3243.7,555,5,3245.2,26,3,3245.4,10,1,3245.6,27,1,3245.7,30,1,3245.9,22,1
11536,2025-12-30 15:02:53+05:30,3244.1,2,3251.68,2073523,70531.0,93696.0,3250.0,3267.5,3239.5,3251.5,46410350,3576.6,2926.4,4322.95,2866.6,3244.1,41,1,3244.0,154,9,3243.9,54,3,3243.8,21,1,3243.7,555,5,3245.2,26,3,3245.4,10,1,3245.6,27,1,3245.7,30,1,3245.9,22,1
11536,2025-12-30 15:02:53+05:30,3244.6,45,3251.68,2073523,70531.0,93696.0,3250.0,3267.5,3239.5,3251.5,46410350,3576.6,2926.4,4322.95,2866.6,3244.1,41,1,3244.0,154,9,3243.9,54,3,3243.8,21,1,3243.7,555,5,3245.2,26,3,3245.4,10,1,3245.6,27,1,3245.7,30,1,3245.9,22,1
11536,2025-12-30 15:02:53+05:30,3244.6,45,3251.68,2073574,70028.0,93640.0,3250.0,3267.5,3239.5,3251.5,46410350,3576.6,2926.4,4322.95,2866.6,3244.1,12,1,3244.0,143,9,3243.9,61,3,3243.8,81,3,3243.7,609,7,3245.2,50,5,3245.3,1,1,3245.4,26,1,3245.5,30,1,3245.6,27,1
11536,2025-12-30 15:02:54+05:30,3245.2,1,3251.68,2073574,70028.0,93640.0,3250.0,3267.5,3239.5,3251.5,46410350,3576.6,2926.4,4322.95,2866.6,3244.1,12,1,3244.0,143,9,3243.9,61,3,3243.8,81,3,3243.7,609,7,3245.2,50,5,3245.3,1,1,3245.4,26,1,3245.5,30,1,3245.6,27,1
11536,2025-12-30 15:02:54+05:30,3245.2,1,3251.68,2073574,70028.0,93640.0,3250.0,3267.5,3239.5,3251.5,46410350,3576.6,2926.4,4322.95,2866.6,3244.1,12,1,3244.0,143,9,3243.9,61,3,3243.8,81,3,3243.7,609,7,3245.2,50,5,3245.3,1,1,3245.4,26,1,3245.5,30,1,3245.6,27,1
11536,2025-12-30 15:02:55+05:30,3245.2,1,3251.68,2073894,66679.0,94208.0,3250.0,3267.5,3239.5,3251.5,46410350,3576.6,2926.4,4322.95,2866.6,3244.1,14,2,3244.0,50,3,3243.9,63,3,3243.8,60,2,3243.7,608,6,3245.2,39,4,3245.3,1,1,3245.4,33,2,3245.5,52,2,3245.6,27,1
11536,2025-12-30 15:02:55+05:30,3244.6,69,3251.68,2073894,66679.0,94208.0,3250.0,3267.5,3239.5,3251.5,46410350,3576.6,2926.4,4322.95,2866.6,3244.1,14,2,3244.0,50,3,3243.9,63,3,3243.8,60,2,3243.7,608,6,3245.2,39,4,3245.3,1,1,3245.4,33,2,3245.5,52,2,3245.6,27,1
11536,2025-12-30 15:02:56+05:30,3245.1,12,3251.68,2074012,72066.0,93425.0,3250.0,3267.5,3239.5,3251.5,46410350,3576.6,2926.4,4322.95,2866.6,3245.0,30,1,3244.6,10,1,3244.4,43,1,3244.3,104,2,3244.2,104,2,3245.3,1,1,3245.7,12,1,3245.8,14,1,3246.0,5,1,3246.1,6,1
11536,2025-12-30 15:02:56+05:30,3245.1,12,3251.68,2074012,72066.0,93425.0,3250.0,3267.5,3239.5,3251.5,46410350,3576.6,2926.4,4322.95,2866.6,3245.0,30,1,3244.6,10,1,3244.4,43,1,3244.3,104,2,3244.2,104,2,3245.3,1,1,3245.7,12,1,3245.8,14,1,3246.0,5,1,3246.1,6,1
11536,2025-12-30 15:02:56+05:30,3244.9,9,3251.68,2074012,72066.0,93425.0,3250.0,3267.5,3239.5,3251.5,46410350,3576.6,2926.4,4322.95,2866.6,3245.0,30,1,3244.6,10,1,3244.4,43,1,3244.3,104,2,3244.2,104,2,3245.3,1,1,3245.7,12,1,3245.8,14,1,3246.0,5,1,3246.1,6,1
11536,2025-12-30 15:02:57+05:30,3245.2,9,3251.68,2074156,72073.0,95379.0,3250.0,3267.5,3239.5,3251.5,46410350,3576.6,2926.4,4322.95,2866.6,3245.1,30,1,3245.0,476,1,3244.6,29,1,3244.5,48,1,3244.4,11,1,3245.2,4,1,3245.3,1,1,3245.7,38,2,3245.8,14,1,3246.2,27,2
11536,2025-12-30 15:02:57+05:30,3245.2,9,3251.68,2074156,72073.0,95379.0,3250.0,3267.5,3239.5,3251.5,46410350,3576.6,2926.4,4322.95,2866.6,3245.1,30,1,3245.0,476,1,3244.6,29,1,3244.5,48,1,3244.4,11,1,3245.2,4,1,3245.3,1,1,3245.7,38,2,3245.8,14,1,3246.2,27,2
11536,2025-12-30 15:02:57+05:30,3245.2,9,3251.68,2074156,72073.0,95379.0,3250.0,3267.5,3239.5,3251.5,46410350,3576.6,2926.4,4322.95,2866.6,3245.1,30,1,3245.0,476,1,3244.6,29,1,3244.5,48,1,3244.4,11,1,3245.2,4,1,3245.3,1,1,3245.7,38,2,3245.8,14,1,3246.2,27,2
11536,2025-12-30 15:02:58+05:30,3245.2,9,3251.68,2074156,72073.0,95379.0,3250.0,3267.5,3239.5,3251.5,46410350,3576.6,2926.4,4322.95,2866.6,3245.1,30,1,3245.0,476,1,3244.6,29,1,3244.5,48,1,3244.4,11,1,3245.2,4,1,3245.3,1,1,3245.7,38,2,3245.8,14,1,3246.2,27,2
11536,2025-12-30 15:02:58+05:30,3245.3,1,3251.68,2074157,72839.0,93909.0,3250.0,3267.5,3239.5,3251.5,46410350,3576.6,2926.4,4322.95,2866.6,3245.2,31,2,3245.1,731,4,3245.0,484,3,3244.6,15,1,3244.5,79,2,3245.3,5,1,3245.5,13,1,3245.6,9,1,3245.7,38,2,3245.8,14,1
11536,2025-12-30 15:02:58+05:30,3245.3,30,3251.68,2074157,72839.0,93909.0,3250.0,3267.5,3239.5,3251.5,46410350,3576.6,2926.4,4322.95,2866.6,3245.2,31,2,3245.1,731,4,3245.0,484,3,3244.6,15,1,3244.5,79,2,3245.3,5,1,3245.5,13,1,3245.6,9,1,3245.7,38,2,3245.8,14,1
11536,2025-12-30 15:02:58+05:30,3245.3,30,3251.68,2074157,72839.0,93909.0,3250.0,3267.5,3239.5,3251.5,46410350,3576.6,2926.4,4322.95,2866.6,3245.2,31,2,3245.1,731,4,3245.0,484,3,3244.6,15,1,3244.5,79,2,3245.3,5,1,3245.5,13,1,3245.6,9,1,3245.7,38,2,3245.8,14,1
11536,2025-12-30 15:02:59+05:30,3245.2,1,3251.68,2074444,72022.0,94728.0,3250.0,3267.5,3239.5,3251.5,46410350,3576.6,2926.4,4322.95,2866.6,3245.2,6,1,3245.1,623,5,3245.0,499,4,3244.6,30,2,3244.5,83,3,3245.3,18,2,3245.4,9,2,3245.6,9,1,3245.7,38,2,3245.8,14,1
11536,2025-12-30 15:02:59+05:30,3245.2,1,3251.68,2074444,72022.0,94728.0,3250.0,3267.5,3239.5,3251.5,46410350,3576.6,2926.4,4322.95,2866.6,3245.2,6,1,3245.1,623,5,3245.0,499,4,3244.6,30,2,3244.5,83,3,3245.3,18,2,3245.4,9,2,3245.6,9,1,3245.7,38,2,3245.8,14,1
11536,2025-12-30 15:03:00+05:30,3245.2,1,3251.68,2074444,72022.0,94728.0,3250.0,3267.5,3239.5,3251.5,46410350,3576.6,2926.4,4322.95,2866.6,3245.2,6,1,3245.1,623,5,3245.0,499,4,3244.6,30,2,3244.5,83,3,3245.3,18,2,3245.4,9,2,3245.6,9,1,3245.7,38,2,3245.8,14,1
11536,2025-12-30 15:03:00+05:30,3245.2,5,3251.67,2076432,73045.0,91601.0,3250.0,3267.5,3239.5,3251.5,46410350,3576.6,2926.4,4322.95,2866.6,3245.1,438,4,3245.0,498,3,3244.6,30,2,3244.5,19,2,3244.4,15,2,3245.2,1,1,3245.3,17,2,3245.4,9,2,3245.6,9,1,3245.7,4,1
11536,2025-12-30 15:03:00+05:30,3245.2,1,3251.67,2076432,73045.0,91601.0,3250.0,3267.5,3239.5,3251.5,46410350,3576.6,2926.4,4322.95,2866.6,3245.1,438,4,3245.0,498,3,3244.6,30,2,3244.5,19,2,3244.4,15,2,3245.2,1,1,3245.3,17,2,3245.4,9,2,3245.6,9,1,3245.7,4,1
11536,2025-12-30 15:03:01+05:30,3245.2,1,3251.67,2076432,73045.0,91601.0,3250.0,3267.5,3239.5,3251.5,46410350,3576.6,2926.4,4322.95,2866.6,3245.1,438,4,3245.0,498,3,3244.6,30,2,3244.5,19,2,3244.4,15,2,3245.2,1,1,3245.3,17,2,3245.4,9,2,3245.6,9,1,3245.7,4,1
11536,2025-12-30 15:03:01+05:30,3245.2,1,3251.66,2078587,73520.0,94955.0,3250.0,3267.5,3239.5,3251.5,46410350,3576.6,2926.4,4322.95,2866.6,3245.1,1124,7,3245.0,498,3,3244.6,30,2,3244.5,29,3,3244.4,15,2,3245.2,201,8,3245.3,219,8,3245.4,9,2,3245.5,30,1,3245.6,41,3
11536,2025-12-30 15:03:01+05:30,3245.2,1,3251.66,2078587,73520.0,94955.0,3250.0,3267.5,3239.5,3251.5,46410350,3576.6,2926.4,4322.95,2866.6,3245.1,1124,7,3245.0,498,3,3244.6,30,2,3244.5,29,3,3244.4,15,2,3245.2,201,8,3245.3,219,8,3245.4,9,2,3245.5,30,1,3245.6,41,3
11536,2025-12-30 15:03:02+05:30,3245.1,9,3251.66,2079302,73291.0,93521.0,3250.0,3267.5,3239.5,3251.5,46410350,3576.6,2926.4,4322.95,2866.6,3245.1,1087,11,3245.0,498,3,3244.9,10,1,3244.6,30,2,3244.5,19,2,3245.2,93,9,3245.3,228,10,3245.5,2,1,3245.6,79,4,3245.8,14,1
11536,2025-12-30 15:03:02+05:30,3245.1,9,3251.66,2079302,73291.0,93521.0,3250.0,3267.5,3239.5,3251.5,46410350,3576.6,2926.4,4322.95,2866.6,3245.1,1087,11,3245.0,498,3,3244.9,10,1,3244.6,30,2,3244.5,19,2,3245.2,93,9,3245.3,228,10,3245.5,2,1,3245.6,79,4,3245.8,14,1
11536,2025-12-30 15:03:02+05:30,3245.1,9,3251.66,2079302,73291.0,93521.0,3250.0,3267.5,3239.5,3251.5,46410350,3576.6,2926.4,4322.95,2866.6,3245.1,1087,11,3245.0,498,3,3244.9,10,1,3244.6,30,2,3244.5,19,2,3245.2,93,9,3245.3,228,10,3245.5,2,1,3245.6,79,4,3245.8,14,1
11536,2025-12-30 15:03:03+05:30,3245.1,9,3251.66,2079302,73291.0,93521.0,3250.0,3267.5,3239.5,3251.5,46410350,3576.6,2926.4,4322.95,2866.6,3245.1,1087,11,3245.0,498,3,3244.9,10,1,3244.6,30,2,3244.5,19,2,3245.2,93,9,3245.3,228,10,3245.5,2,1,3245.6,79,4,3245.8,14,1
11536,2025-12-30 15:03:03+05:30,3245.3,4,3251.65,2082728,72843.0,95133.0,3250.0,3267.5,3239.5,3251.5,46410350,3576.6,2926.4,4322.95,2866.6,3245.2,171,1,3245.1,308,10,3245.0,498,3,3244.9,10,1,3244.7,32,2,3245.3,204,7,3245.5,14,1,3245.6,21,3,3246.0,25,1,3246.1,24,1
11536,2025-12-30 15:03:04+05:30,3245.3,1,3251.65,2083013,73103.0,95426.0,3250.0,3267.5,3239.5,3251.5,46410350,3576.6,2926.4,4322.95,2866.6,3245.2,118,3,3245.1,350,12,3245.0,498,3,3244.9,39,2,3244.7,32,2,3245.3,207,7,3245.5,16,2,3245.6,19,2,3245.8,4,1,3245.9,30,1
11536,2025-12-30 15:03:04+05:30,3245.3,1,3251.65,2083013,73103.0,95426.0,3250.0,3267.5,3239.5,3251.5,46410350,3576.6,2926.4,4322.95,2866.6,3245.2,118,3,3245.1,350,12,3245.0,498,3,3244.9,39,2,3244.7,32,2,3245.3,207,7,3245.5,16,2,3245.6,19,2,3245.8,4,1,3245.9,30,1
11536,2025-12-30 15:03:04+05:30,3245.3,7,3251.65,2083013,73103.0,95426.0,3250.0,3267.5,3239.5,3251.5,46410350,3576.6,2926.4,4322.95,2866.6,3245.2,118,3,3245.1,350,12,3245.0,498,3,3244.9,39,2,3244.7,32,2,3245.3,207,7,3245.5,16,2,3245.6,19,2,3245.8,4,1,3245.9,30,1
11536,2025-12-30 15:03:05+05:30,3245.2,16,3251.64,2084802,73314.0,94400.0,3250.0,3267.5,3239.5,3251.5,46410350,3576.6,2926.4,4322.95,2866.6,3245.2,213,5,3245.1,311,9,3245.0,498,3,3244.9,68,3,3244.8,41,1,3245.3,43,6,3245.5,30,3,3245.6,19,2,3245.9,4,1,3246.0,25,1
11536,2025-12-30 15:03:06+05:30,3245.2,16,3251.64,2084802,73314.0,94400.0,3250.0,3267.5,3239.5,3251.5,46410350,3576.6,2926.4,4322.95,2866.6,3245.2,213,5,3245.1,311,9,3245.0,498,3,3244.9,68,3,3244.8,41,1,3245.3,43,6,3245.5,30,3,3245.6,19,2,3245.9,4,1,3246.0,25,1
11536,2025-12-30 15:03:06+05:30,3245.3,1,3251.64,2084802,73314.0,94400.0,3250.0,3267.5,3239.5,3251.5,46410350,3576.6,2926.4,4322.95,2866.6,3245.2,213,5,3245.1,311,9,3245.0,498,3,3244.9,68,3,3244.8,41,1,3245.3,43,6,3245.5,30,3,3245.6,19,2,3245.9,4,1,3246.0,25,1
11536,2025-12-30 15:03:06+05:30,3245.3,1,3251.64,2085124,73226.0,92729.0,3250.0,3267.5,3239.5,3251.5,46410350,3576.6,2926.4,4322.95,2866.6,3245.2,3,2,3245.1,336,10,3245.0,543,4,3244.9,74,4,3244.8,111,2,3245.3,50,8,3245.5,32,3,3245.6,19,2,3246.0,25,1,3246.2,2,1
11536,2025-12-30 15:03:07+05:30,3245.3,1,3251.64,2085124,73226.0,92729.0,3250.0,3267.5,3239.5,3251.5,46410350,3576.6,2926.4,4322.95,2866.6,3245.2,3,2,3245.1,336,10,3245.0,543,4,3244.9,74,4,3244.8,111,2,3245.3,50,8,3245.5,32,3,3245.6,19,2,3246.0,25,1,3246.2,2,1
11536,2025-12-30 15:03:07+05:30,3245.3,8,3251.64,2085132,73287.0,94486.0,3250.0,3267.5,3239.5,3251.5,46410350,3576.6,2926.4,4322.95,2866.6,3245.2,67,3,3245.1,242,8,3245.0,508,4,3244.9,69,3,3244.8,111,2,3245.3,52,9,3245.5,28,2,3245.6,24,4,3245.9,4,1,3246.0,25,1
11536,2025-12-30 15:03:08+05:30,3245.2,30,3251.64,2085132,73287.0,94486.0,3250.0,3267.5,3239.5,3251.5,46410350,3576.6,2926.4,4322.95,2866.6,3245.2,67,3,3245.1,242,8,3245.0,508,4,3244.9,69,3,3244.8,111,2,3245.3,52,9,3245.5,28,2,3245.6,24,4,3245.9,4,1,3246.0,25,1
11536,2025-12-30 15:03:08+05:30,3245.2,2,3251.64,2085206,73524.0,94482.0,3250.0,3267.5,3239.5,3251.5,46410350,3576.6,2926.4,4322.95,2866.6,3245.2,159,8,3245.1,240,7,3245.0,508,4,3244.9,71,3,3244.8,41,1,3245.3,50,8,3245.5,28,2,3245.6,24,4,3245.9,4,1,3246.0,25,1
11536,2025-12-30 15:03:09+05:30,3245.2,2,3251.64,2085206,73524.0,94482.0,3250.0,3267.5,3239.5,3251.5,46410350,3576.6,2926.4,4322.95,2866.6,3245.2,159,8,3245.1,240,7,3245.0,508,4,3244.9,71,3,3244.8,41,1,3245.3,50,8,3245.5,28,2,3245.6,24,4,3245.9,4,1,3246.0,25,1
11536,2025-12-30 15:03:10+05:30,3245.6,1,3251.64,2085466,72094.0,93953.0,3250.0,3267.5,3239.5,3251.5,46410350,3576.6,2926.4,4322.95,2866.6,3245.4,36,1,3245.3,67,6,3245.2,466,10,3245.1,300,9,3245.0,623,6,3245.6,22,3,3246.0,25,1,3246.2,2,1,3246.5,1,1,3246.9,65,2
11536,2025-12-30 15:03:10+05:30,3245.3,15,3251.64,2085466,72094.0,93953.0,3250.0,3267.5,3239.5,3251.5,46410350,3576.6,2926.4,4322.95,2866.6,3245.4,36,1,3245.3,67,6,3245.2,466,10,3245.1,300,9,3245.0,623,6,3245.6,22,3,3246.0,25,1,3246.2,2,1,3246.5,1,1,3246.9,65,2
11536,2025-12-30 15:03:10+05:30,3245.3,15,3251.64,2085466,72094.0,93953.0,3250.0,3267.5,3239.5,3251.5,46410350,3576.6,2926.4,4322.95,2866.6,3245.4,36,1,3245.3,67,6,3245.2,466,10,3245.1,300,9,3245.0,623,6,3245.6,22,3,3246.0,25,1,3246.2,2,1,3246.5,1,1,3246.9,65,2
11536,2025-12-30 15:03:11+05:30,3245.5,2,3251.64,2086158,72955.0,93699.0,3250.0,3267.5,3239.5,3251.5,46410350,3576.6,2926.4,4322.95,2866.6,3245.5,5,1,3245.3,438,3,3245.2,466,10,3245.1,269,8,3245.0,623,6,3245.6,24,5,3246.0,26,2,3246.2,2,1,3246.5,1,1,3246.8,48,1
11536,2025-12-30 15:03:12+05:30,3245.6,1,3251.64,2086269,74820.0,94061.0,3250.0,3267.5,3239.5,3251.5,46410350,3576.6,2926.4,4322.95,2866.6,3245.5,8,1,3245.4,254,2,3245.3,438,3,3245.2,484,10,3245.1,269,8,3245.6,13,4,3245.8,9,2,3245.9,1,1,3246.0,25,1,3246.1,11,1
11536,2025-12-30 15:03:12+05:30,3245.6,1,3251.64,2086269,74820.0,94061.0,3250.0,3267.5,3239.5,3251.5,46047400,3576.6,2926.4,4322.95,2866.6,3245.5,8,1,3245.4,254,2,3245.3,438,3,3245.2,484,10,3245.1,269,8,3245.6,13,4,3245.8,9,2,3245.9,1,1,3246.0,25,1,3246.1,11,1
11536,2025-12-30 15:03:12+05:30,3245.6,11,3251.64,2086269,74820.0,94061.0,3250.0,3267.5,3239.5,3251.5,46047400,3576.6,2926.4,4322.95,2866.6,3245.5,8,1,3245.4,254,2,3245.3,438,3,3245.2,484,10,3245.1,269,8,3245.6,13,4,3245.8,9,2,3245.9,1,1,3246.0,25,1,3246.1,11,1
11536,2025-12-30 15:03:13+05:30,3245.5,5,3251.64,2086343,75723.0,94059.0,3250.0,3267.5,3239.5,3251.5,46047400,3576.6,2926.4,4322.95,2866.6,3245.5,582,5,3245.4,472,5,3245.3,697,4,3245.2,363,7,3245.1,269,8,3245.6,10,1,3245.8,9,2,3245.9,1,1,3246.0,25,1,3246.2,10,1
11536,2025-12-30 15:03:14+05:30,3245.6,29,3251.64,2086850,71956.0,93400.0,3250.0,3267.5,3239.5,3251.5,46047400,3576.6,2926.4,4322.95,2866.6,3245.7,91,3,3245.6,52,3,3245.5,1013,11,3245.4,257,6,3245.3,866,9,3246.9,26,1,3247.0,15,1,3247.3,36,4,3247.5,11,2,3247.6,82,2
11536,2025-12-30 15:03:14+05:30,3245.6,29,3251.64,2086850,71956.0,93400.0,3250.0,3267.5,3239.5,3251.5,46047400,3576.6,2926.4,4322.95,2866.6,3245.7,91,3,3245.6,52,3,3245.5,1013,11,3245.4,257,6,3245.3,866,9,3246.9,26,1,3247.0,15,1,3247.3,36,4,3247.5,11,2,3247.6,82,2
11536,2025-12-30 15:03:15+05:30,3245.6,29,3251.64,2086850,71956.0,93400.0,3250.0,3267.5,3239.5,3251.5,46047400,3576.6,2926.4,4322.95,2866.6,3245.7,91,3,3245.6,52,3,3245.5,1013,11,3245.4,257,6,3245.3,866,9,3246.9,26,1,3247.0,15,1,3247.3,36,4,3247.5,11,2,3247.6,82,2
11536,2025-12-30 15:03:15+05:30,3245.9,16,3251.64,2086968,75518.0,88710.0,3250.0,3267.5,3239.5,3251.5,46047400,3576.6,2926.4,4322.95,2866.6,3246.9,8,1,3246.4,43,1,3246.3,43,1,3246.2,43,1,3246.1,113,2,3247.0,15,1,3247.3,3,3,3247.5,30,3,3247.6,13,1,3247.9,82,2
11536,2025-12-30 15:03:16+05:30,3246.4,1,3251.64,2087107,72323.0,91582.0,3250.0,3267.5,3239.5,3251.5,46047400,3576.6,2926.4,4322.95,2866.6,3246.3,2,1,3246.0,72,2,3245.9,65,2,3245.8,366,4,3245.7,215,8,3246.4,2,1,3246.9,42,5,3247.0,16,2,3247.3,2,2,3247.5,37,3
11536,2025-12-30 15:03:16+05:30,3246.4,1,3251.64,2087107,72323.0,91582.0,3250.0,3267.5,3239.5,3251.5,46047400,3576.6,2926.4,4322.95,2866.6,3246.3,2,1,3246.0,72,2,3245.9,65,2,3245.8,366,4,3245.7,215,8,3246.4,2,1,3246.9,42,5,3247.0,16,2,3247.3,2,2,3247.5,37,3
11536,2025-12-30 15:03:17+05:30,3246.4,115,3251.64,2088306,73917.0,92658.0,3250.0,3267.5,3239.5,3251.5,46047400,3576.6,2926.4,4322.95,2866.6,3246.4,110,1,3246.3,2,1,3246.0,46,2,3245.9,224,3,3245.8,256,7,3246.9,22,3,3247.0,18,4,3247.5,11,2,3247.6,24,2,3247.7,27,1
11536,2025-12-30 15:03:18+05:30,3247.0,1,3251.64,2088306,73917.0,92658.0,3250.0,3267.5,3239.5,3251.5,46047400,3576.6,2926.4,4322.95,2866.6,3246.4,110,1,3246.3,2,1,3246.0,46,2,3245.9,224,3,3245.8,256,7,3246.9,22,3,3247.0,18,4,3247.5,11,2,3247.6,24,2,3247.7,27,1
11536,2025-12-30 15:03:18+05:30,3246.9,39,3251.63,2088779,75220.0,92279.0,3250.0,3267.5,3239.5,3251.5,46047400,3576.6,2926.4,4322.95,2866.6,3246.9,328,1,3246.4,689,8,3246.3,251,7,3246.2,86,2,3246.1,82,2,3247.0,61,5,3247.5,20,2,3247.6,13,1,3247.8,1,1,3247.9,54,1
11536,2025-12-30 15:03:19+05:30,3247.0,1,3251.63,2088981,75017.0,92608.0,3250.0,3267.5,3239.5,3251.5,46047400,3576.6,2926.4,4322.95,2866.6,3246.9,484,6,3246.5,88,3,3246.4,681,8,3246.3,251,7,3246.2,96,3,3247.0,14,4,3247.3,13,1,3247.5,1,1,3247.8,1,1,3247.9,54,1
11536,2025-12-30 15:03:20+05:30,3247.0,5,3251.63,2088981,75017.0,92608.0,3250.0,3267.5,3239.5,3251.5,46047400,3576.6,2926.4,4322.95,2866.6,3246.9,484,6,3246.5,88,3,3246.4,681,8,3246.3,251,7,3246.2,96,3,3247.0,14,4,3247.3,13,1,3247.5,1,1,3247.8,1,1,3247.9,54,1
11536,2025-12-30 15:03:20+05:30,3246.9,16,3251.63,2089754,75182.0,93140.0,3250.0,3267.5,3239.5,3251.5,46047400,3576.6,2926.4,4322.95,2866.6,3246.9,597,14,3246.6,29,1,3246.5,95,3,3246.4,608,5,3246.3,180,4,3247.0,14,4,3247.3,13,1,3247.5,7,2,3247.6,14,1,3247.8,1,1
11536,2025-12-30 15:03:22+05:30,3246.9,1,3251.63,2091827,74471.0,93284.0,3250.0,3267.5,3239.5,3251.5,46047400,3576.6,2926.4,4322.95,2866.6,3246.9,208,5,3246.5,3,1,3246.4,506,4,3246.3,67,2,3246.2,73,3,3247.0,33,7,3247.2,20,2,3247.3,29,3,3247.5,1,1,3247.7,29,1
11536,2025-12-30 15:03:22+05:30,3246.4,13,3251.63,2091827,74471.0,93284.0,3250.0,3267.5,3239.5,3251.5,46047400,3576.6,2926.4,4322.95,2866.6,3246.9,208,5,3246.5,3,1,3246.4,506,4,3246.3,67,2,3246.2,73,3,3247.0,33,7,3247.2,20,2,3247.3,29,3,3247.5,1,1,3247.7,29,1
11536,2025-12-30 15:03:22+05:30,3246.9,57,3251.62,2092913,70797.0,94059.0,3250.0,3267.5,3239.5,3251.5,46047400,3576.6,2926.4,4322.95,2866.6,3246.9,113,2,3246.4,373,4,3246.3,14,2,3246.2,10,1,3246.0,65,2,3247.0,48,8,3247.1,1,1,3247.3,29,3,3247.5,1,1,3247.6,25,1
11536,2025-12-30 15:03:24+05:30,3247.0,1,3251.62,2092921,74165.0,93878.0,3250.0,3267.5,3239.5,3251.5,46047400,3576.6,2926.4,4322.95,2866.6,3246.9,207,5,3246.8,10,1,3246.7,1,1,3246.5,11,2,3246.4,371,3,3247.0,42,7,3247.1,11,2,3247.2,11,1,3247.3,16,2,3247.4,6,1
11536,2025-12-30 15:03:24+05:30,3247.0,1,3251.62,2092921,74165.0,93878.0,3250.0,3267.5,3239.5,3251.5,46047400,3576.6,2926.4,4322.95,2866.6,3246.9,207,5,3246.8,10,1,3246.7,1,1,3246.5,11,2,3246.4,371,3,3247.0,42,7,3247.1,11,2,3247.2,11,1,3247.3,16,2,3247.4,6,1
11536,2025-12-30 15:03:25+05:30,3247.0,1,3251.62,2093088,74720.0,91966.0,3250.0,3267.5,3239.5,3251.5,46047400,3576.6,2926.4,4322.95,2866.6,3246.9,661,8,3246.8,10,1,3246.7,1,1,3246.5,11,2,3246.4,390,5,3247.0,28,6,3247.1,11,2,3247.2,1,1,3247.3,15,1,3247.5,1,1
11536,2025-12-30 15:03:26+05:30,3246.9,24,3251.62,2093243,73022.0,92825.0,3250.0,3267.5,3239.5,3251.5,46047400,3576.6,2926.4,4322.95,2866.6,3246.9,604,7,3246.8,168,2,3246.7,1,1,3246.5,11,2,3246.4,374,4,3247.0,343,8,3247.1,19,4,3247.2,39,2,3247.3,15,1,3247.5,35,2
11536,2025-12-30 15:03:26+05:30,3247.0,5,3251.62,2093243,73022.0,92825.0,3250.0,3267.5,3239.5,3251.5,46047400,3576.6,2926.4,4322.95,2866.6,3246.9,604,7,3246.8,168,2,3246.7,1,1,3246.5,11,2,3246.4,374,4,3247.0,343,8,3247.1,19,4,3247.2,39,2,3247.3,15,1,3247.5,35,2
11536,2025-12-30 15:03:27+05:30,3246.9,41,3251.62,2094537,74392.0,94245.0,3250.0,3267.5,3239.5,3251.5,46047400,3576.6,2926.4,4322.95,2866.6,3246.9,97,4,3246.8,168,2,3246.7,1,1,3246.5,11,2,3246.4,361,2,3247.0,251,6,3247.1,19,4,3247.3,15,1,3247.4,6,1,3247.5,1,1
11536,2025-12-30 15:03:28+05:30,3246.9,3,3251.62,2094589,72580.0,94306.0,3250.0,3267.5,3239.5,3251.5,46047400,3576.6,2926.4,4322.95,2866.6,3246.9,237,5,3246.8,10,1,3246.7,1,1,3246.5,11,2,3246.4,361,2,3247.0,273,9,3247.1,18,3,3247.2,6,1,3247.3,15,1,3247.5,35,2
11536,2025-12-30 15:03:28+05:30,3247.0,1,3251.62,2094589,72580.0,94306.0,3250.0,3267.5,3239.5,3251.5,46047400,3576.6,2926.4,4322.95,2866.6,3246.9,237,5,3246.8,10,1,3246.7,1,1,3246.5,11,2,3246.4,361,2,3247.0,273,9,3247.1,18,3,3247.2,6,1,3247.3,15,1,3247.5,35,2
11536,2025-12-30 15:03:29+05:30,3246.9,1,3251.62,2094632,74561.0,93682.0,3250.0,3267.5,3239.5,3251.5,46047400,3576.6,2926.4,4322.95,2866.6,3246.9,635,8,3246.8,10,1,3246.7,1,1,3246.5,11,2,3246.4,361,2,3247.0,257,7,3247.1,18,3,3247.2,39,2,3247.3,15,1,3247.5,35,2
11536,2025-12-30 15:03:30+05:30,3246.9,24,3251.61,2098853,73677.0,93787.0,3250.0,3267.5,3239.5,3251.5,46047400,3576.6,2926.4,4322.95,2866.6,3246.9,7,3,3246.8,10,1,3246.7,1,1,3246.5,11,2,3246.4,364,3,3247.0,10,3,3247.1,29,5,3247.3,28,2,3247.5,24,2,3247.8,35,2
11536,2025-12-30 15:03:30+05:30,3246.9,1,3251.61,2098853,73677.0,93787.0,3250.0,3267.5,3239.5,3251.5,46047400,3576.6,2926.4,4322.95,2866.6,3246.9,7,3,3246.8,10,1,3246.7,1,1,3246.5,11,2,3246.4,364,3,3247.0,10,3,3247.1,29,5,3247.3,28,2,3247.5,24,2,3247.8,35,2
11536,2025-12-30 15:03:31+05:30,3246.9,8,3251.61,2099102,70513.0,94915.0,3250.0,3267.5,3239.5,3251.5,46047400,3576.6,2926.4,4322.95,2866.6,3246.7,1,1,3246.6,10,1,3246.5,11,2,3246.4,361,2,3246.3,14,2,3246.8,1,1,3246.9,99,9,3247.0,49,7,3247.1,31,5,3247.3,937,4
11536,2025-12-30 15:03:32+05:30,3246.7,15,3251.61,2099867,71456.0,95803.0,3250.0,3267.5,3239.5,3251.5,46047400,3576.6,2926.4,4322.95,2866.6,3246.7,106,1,3246.6,4,1,3246.5,7,2,3246.4,371,3,3246.3,15,3,3246.8,9,3,3246.9,84,10,3247.0,14,5,3247.1,24,4,3247.2,34,1
11536,2025-12-30 15:03:32+05:30,3246.4,29,3251.61,2099867,71456.0,95803.0,3250.0,3267.5,3239.5,3251.5,46047400,3576.6,2926.4,4322.95,2866.6,3246.7,106,1,3246.6,4,1,3246.5,7,2,3246.4,371,3,3246.3,15,3,3246.8,9,3,3246.9,84,10,3247.0,14,5,3247.1,24,4,3247.2,34,1
11536,2025-12-30 15:03:33+05:30,3246.7,3,3251.61,2101457,72535.0,95762.0,3250.0,3267.5,3239.5,3251.5,46047400,3576.6,2926.4,4322.95,2866.6,3246.3,1,1,3245.9,1,1,3245.8,10,2,3245.7,73,2,3245.6,23,2,3246.7,28,2,3246.8,75,6,3246.9,1030,12,3247.0,52,7,3247.1,57,3
11536,2025-12-30 15:03:34+05:30,3245.7,2,3251.61,2101457,72535.0,95762.0,3250.0,3267.5,3239.5,3251.5,46047400,3576.6,2926.4,4322.95,2866.6,3246.3,1,1,3245.9,1,1,3245.8,10,2,3245.7,73,2,3245.6,23,2,3246.7,28,2,3246.8,75,6,3246.9,1030,12,3247.0,52,7,3247.1,57,3
11536,2025-12-30 15:03:34+05:30,3245.7,2,3251.6,2101723,72248.0,94838.0,3250.0,3267.5,3239.5,3251.5,46047400,3576.6,2926.4,4322.95,2866.6,3245.7,9,1,3245.6,52,3,3245.5,287,4,3245.4,106,4,3245.3,519,5,3246.3,3,2,3246.5,1,1,3246.7,14,1,3246.8,45,5,3246.9,990,9
11536,2025-12-30 15:03:35+05:30,3245.6,2,3251.6,2101747,72103.0,95852.0,3250.0,3267.5,3239.5,3251.5,46047400,3576.6,2926.4,4322.95,2866.6,3245.6,31,2,3245.5,149,3,3245.4,37,2,3245.3,478,5,3245.2,141,5,3246.3,17,3,3246.5,1,1,3246.7,84,3,3246.8,103,6,3246.9,945,7
11536,2025-12-30 15:03:36+05:30,3246.3,1,3251.6,2101747,72103.0,95852.0,3250.0,3267.5,3239.5,3251.5,46047400,3576.6,2926.4,4322.95,2866.6,3245.6,31,2,3245.5,149,3,3245.4,37,2,3245.3,478,5,3245.2,141,5,3246.3,17,3,3246.5,1,1,3246.7,84,3,3246.8,103,6,3246.9,945,7
11536,2025-12-30 15:03:36+05:30,3245.6,9,3251.6,2101805,72172.0,95901.0,3250.0,3267.5,3239.5,3251.5,46047400,3576.6,2926.4,4322.95,2866.6,3245.6,28,5,3245.5,149,3,3245.4,37,2,3245.3,513,5,3245.2,82,4,3246.3,62,2,3246.4,1,1,3246.7,75,2,3246.8,102,5,3246.9,984,11
11536,2025-12-30 15:03:37+05:30,3245.6,11,3251.6,2101823,72343.0,95956.0,3250.0,3267.5,3239.5,3251.5,46047400,3576.6,2926.4,4322.95,2866.6,3245.6,83,7,3245.5,146,4,3245.4,37,2,3245.3,544,6,3245.2,82,4,3246.3,127,4,3246.4,1,1,3246.5,10,1,3246.7,71,2,3246.8,101,4
11536,2025-12-30 15:03:38+05:30,3245.6,10,3251.6,2101823,72343.0,95956.0,3250.0,3267.5,3239.5,3251.5,46047400,3576.6,2926.4,4322.95,2866.6,3245.6,83,7,3245.5,146,4,3245.4,37,2,3245.3,544,6,3245.2,82,4,3246.3,127,4,3246.4,1,1,3246.5,10,1,3246.7,71,2,3246.8,101,4
11536,2025-12-30 15:03:39+05:30,3246.2,20,3251.6,2102544,72940.0,94128.0,3250.0,3267.5,3239.5,3251.5,46047400,3576.6,2926.4,4322.95,2866.6,3246.2,276,1,3245.6,235,3,3245.5,211,6,3245.4,197,7,3245.3,588,8,3246.3,127,4,3246.5,21,2,3246.7,10,1,3246.8,104,3,3246.9,960,7
11536,2025-12-30 15:03:40+05:30,3246.2,11,3251.6,2102928,73691.0,95046.0,3250.0,3267.5,3239.5,3251.5,46047400,3576.6,2926.4,4322.95,2866.6,3246.2,246,6,3246.1,108,3,3246.0,172,5,3245.9,50,2,3245.8,127,4,3246.5,23,3,3246.7,9,1,3246.9,956,5,3247.0,14,1,3247.3,3,3
11536,2025-12-30 15:03:40+05:30,3246.5,23,3251.6,2102928,73691.0,95046.0,3250.0,3267.5,3239.5,3251.5,46047400,3576.6,2926.4,4322.95,2866.6,3246.2,246,6,3246.1,108,3,3246.0,172,5,3245.9,50,2,3245.8,127,4,3246.5,23,3,3246.7,9,1,3246.9,956,5,3247.0,14,1,3247.3,3,3
11536,2025-12-30 15:03:41+05:30,3246.3,1,3251.6,2103469,74169.0,95406.0,3250.0,3267.5,3239.5,3251.5,46047400,3576.6,2926.4,4322.95,2866.6,3246.3,6,1,3246.2,657,6,3246.1,180,4,3246.0,105,2,3245.9,81,3,3246.5,12,2,3246.7,47,5,3246.9,939,3,3247.0,14,1,3247.3,3,3
11536,2025-12-30 15:03:42+05:30,3246.3,2,3251.6,2103717,74213.0,95204.0,3250.0,3267.5,3239.5,3251.5,46047400,3576.6,2926.4,4322.95,2866.6,3246.3,105,5,3246.2,620,6,3246.1,111,3,3246.0,242,5,3245.9,66,3,3246.5,17,2,3246.7,17,2,3246.8,1,1,3246.9,938,2,3247.0,14,1
11536,2025-12-30 15:03:42+05:30,3246.7,12,3251.6,2103717,74213.0,95204.0,3250.0,3267.5,3239.5,3251.5,46047400,3576.6,2926.4,4322.95,2866.6,3246.3,105,5,3246.2,620,6,3246.1,111,3,3246.0,242,5,3245.9,66,3,3246.5,17,2,3246.7,17,2,3246.8,1,1,3246.9,938,2,3247.0,14,1
11536,2025-12-30 15:03:43+05:30,3247.0,10,3251.6,2105356,71174.0,91675.0,3250.0,3267.5,3239.5,3251.5,46047400,3576.6,2926.4,4322.95,2866.6,3247.0,98,4,3246.9,30,2,3246.8,95,4,3246.7,103,4,3246.6,172,7,3247.9,54,1,3248.4,26,2,3248.8,131,2,3248.9,72,2,3249.0,120,2
11536,2025-12-30 15:03:44+05:30,3247.1,1,3251.59,2105722,72192.0,91982.0,3250.0,3267.5,3239.5,3251.5,46047400,3576.6,2926.4,4322.95,2866.6,3247.1,38,3,3247.0,57,3,3246.9,101,3,3246.8,111,4,3246.7,145,2,3248.4,95,3,3248.5,71,3,3248.6,103,4,3248.7,47,2,3248.8,111,3
11536,2025-12-30 15:03:44+05:30,3248.4,1,3251.59,2105722,72192.0,91982.0,3250.0,3267.5,3239.5,3251.5,46047400,3576.6,2926.4,4322.95,2866.6,3247.1,38,3,3247.0,57,3,3246.9,101,3,3246.8,111,4,3246.7,145,2,3248.4,95,3,3248.5,71,3,3248.6,103,4,3248.7,47,2,3248.8,111,3
11536,2025-12-30 15:03:45+05:30,3247.8,16,3251.59,2105782,74920.0,92731.0,3250.0,3267.5,3239.5,3251.5,46047400,3576.6,2926.4,4322.95,2866.6,3247.8,49,1,3247.6,43,1,3247.5,43,1,3247.4,119,4,3247.3,72,3,3248.9,104,4,3249.0,66,3,3249.1,80,2,3249.2,102,4,3249.3,143,4
11536,2025-12-30 15:03:46+05:30,3247.8,9,3251.59,2106203,74420.0,94094.0,3250.0,3267.5,3239.5,3251.5,46047400,3576.6,2926.4,4322.95,2866.6,3247.8,76,8,3247.4,44,2,3247.3,45,2,3247.2,47,2,3247.1,677,4,3248.6,21,2,3248.7,113,6,3248.8,40,2,3248.9,192,6,3249.0,168,6
11536,2025-12-30 15:03:46+05:30,3247.8,9,3251.59,2106203,74420.0,94094.0,3250.0,3267.5,3239.5,3251.5,46047400,3576.6,2926.4,4322.95,2866.6,3247.8,76,8,3247.4,44,2,3247.3,45,2,3247.2,47,2,3247.1,677,4,3248.6,21,2,3248.7,113,6,3248.8,40,2,3248.9,192,6,3249.0,168,6
11536,2025-12-30 15:03:47+05:30,3247.3,76,3251.59,2106921,73787.0,93405.0,3250.0,3267.5,3239.5,3251.5,46047400,3576.6,2926.4,4322.95,2866.6,3247.2,73,3,3247.1,510,3,3247.0,47,2,3246.9,193,6,3246.8,91,2,3247.3,30,1,3248.6,47,1,3248.7,4,2,3248.9,72,3,3249.0,106,3
11536,2025-12-30 15:03:48+05:30,3248.0,1,3251.59,2106921,73787.0,93405.0,3250.0,3267.5,3239.5,3251.5,46047400,3576.6,2926.4,4322.95,2866.6,3247.2,73,3,3247.1,510,3,3247.0,47,2,3246.9,193,6,3246.8,91,2,3247.3,30,1,3248.6,47,1,3248.7,4,2,3248.9,72,3,3249.0,106,3
11536,2025-12-30 15:03:48+05:30,3247.3,1,3251.59,2107402,72509.0,93759.0,3250.0,3267.5,3239.5,3251.5,46047400,3576.6,2926.4,4322.95,2866.6,3247.3,103,6,3247.2,123,6,3247.1,609,5,3247.0,125,4,3246.9,259,8,3248.0,2,1,3248.6,47,1,3248.7,7,3,3248.9,58,2,3249.0,60,2
11536,2025-12-30 15:03:49+05:30,3247.3,2,3251.59,2107434,73149.0,94050.0,3250.0,3267.5,3239.5,3251.5,46047400,3576.6,2926.4,4322.95,2866.6,3247.4,53,4,3247.3,607,5,3247.2,196,7,3247.1,633,6,3247.0,82,3,3248.0,2,1,3248.6,47,1,3248.9,58,2,3249.0,50,1,3249.3,58,2
11536,2025-12-30 15:03:50+05:30,3247.4,30,3251.59,2107434,73149.0,94050.0,3250.0,3267.5,3239.5,3251.5,46047400,3576.6,2926.4,4322.95,2866.6,3247.4,53,4,3247.3,607,5,3247.2,196,7,3247.1,633,6,3247.0,82,3,3248.0,2,1,3248.6,47,1,3248.9,58,2,3249.0,50,1,3249.3,58,2
11536,2025-12-30 15:03:51+05:30,3247.3,1,3251.59,2107769,72331.0,94032.0,3250.0,3267.5,3239.5,3251.5,46047400,3576.6,2926.4,4322.95,2866.6,3247.3,486,3,3247.2,102,5,3247.1,505,2,3247.0,15,2,3246.9,180,5,3247.4,15,3,3247.8,2,1,3248.0,243,3,3248.1,1,1,3248.5,1,1
11536,2025-12-30 15:03:52+05:30,3247.3,16,3251.59,2108286,72194.0,92883.0,3250.0,3267.5,3239.5,3251.5,46047400,3576.6,2926.4,4322.95,2866.6,3247.3,447,2,3247.2,98,3,3247.1,505,2,3247.0,13,1,3246.9,151,4,3247.4,12,3,3247.7,2,1,3247.9,2,1,3248.0,243,3,3248.1,1,1
11536,2025-12-30 15:03:52+05:30,3247.3,343,3251.59,2108286,72194.0,92883.0,3250.0,3267.5,3239.5,3251.5,46047400,3576.6,2926.4,4322.95,2866.6,3247.3,447,2,3247.2,98,3,3247.1,505,2,3247.0,13,1,3246.9,151,4,3247.4,12,3,3247.7,2,1,3247.9,2,1,3248.0,243,3,3248.1,1,1
11536,2025-12-30 15:03:53+05:30,3247.3,2,3251.59,2108676,71777.0,94483.0,3250.0,3267.5,3239.5,3251.5,46047400,3576.6,2926.4,4322.95,2866.6,3247.3,57,2,3247.2,98,3,3247.1,515,3,3247.0,13,1,3246.9,155,4,3247.4,67,4,3247.7,2,1,3247.8,10,1,3247.9,14,2,3248.0,243,3
11536,2025-12-30 15:03:54+05:30,3247.3,3,3251.59,2108728,71952.0,94484.0,3250.0,3267.5,3239.5,3251.5,46047400,3576.6,2926.4,4322.95,2866.6,3247.3,27,2,3247.2,268,4,3247.1,515,3,3247.0,13,1,3246.9,155,4,3247.4,66,4,3247.6,2,1,3247.7,16,2,3247.8,10,1,3247.9,12,1
11536,2025-12-30 15:03:54+05:30,3247.4,1,3251.59,2108728,71952.0,94484.0,3250.0,3267.5,3239.5,3251.5,46047400,3576.6,2926.4,4322.95,2866.6,3247.3,27,2,3247.2,268,4,3247.1,515,3,3247.0,13,1,3246.9,155,4,3247.4,66,4,3247.6,2,1,3247.7,16,2,3247.8,10,1,3247.9,12,1
11536,2025-12-30 15:03:55+05:30,3247.9,1,3251.59,2109494,71443.0,94368.0,3250.0,3267.5,3239.5,3251.5,46047400,3576.6,2926.4,4322.95,2866.6,3247.4,15,2,3247.3,52,2,3247.2,168,3,3247.1,515,3,3247.0,13,1,3247.9,12,2,3248.0,298,6,3248.1,1,1,3248.3,145,5,3248.5,158,4
11536,2025-12-30 15:03:56+05:30,3247.5,11,3251.59,2109573,71064.0,94493.0,3250.0,3267.5,3239.5,3251.5,46047400,3576.6,2926.4,4322.95,2866.6,3247.5,1,1,3247.4,373,8,3247.3,176,3,3247.2,143,3,3247.1,516,4,3247.9,20,3,3248.0,278,7,3248.1,29,1,3248.2,38,1,3248.3,105,2
11536,2025-12-30 15:03:56+05:30,3247.5,11,3251.59,2109573,71064.0,94493.0,3250.0,3267.5,3239.5,3251.5,46047400,3576.6,2926.4,4322.95,2866.6,3247.5,1,1,3247.4,373,8,3247.3,176,3,3247.2,143,3,3247.1,516,4,3247.9,20,3,3248.0,278,7,3248.1,29,1,3248.2,38,1,3248.3,105,2
11536,2025-12-30 15:03:57+05:30,3247.9,9,3251.59,2109582,72253.0,94347.0,3250.0,3267.5,3239.5,3251.5,46047400,3576.6,2926.4,4322.95,2866.6,3247.6,124,1,3247.5,43,2,3247.4,373,8,3247.3,52,2,3247.2,154,4,3247.9,55,3,3248.0,279,7,3248.1,30,3,3248.4,31,1,3248.5,59,2
11536,2025-12-30 15:03:58+05:30,3247.9,1,3251.59,2109990,72233.0,95020.0,3250.0,3267.5,3239.5,3251.5,46047400,3576.6,2926.4,4322.95,2866.6,3247.6,139,2,3247.5,43,2,3247.4,372,7,3247.3,70,3,3247.2,113,3,3247.9,79,5,3248.0,279,7,3248.1,59,4,3248.2,36,1,3248.3,84,3
11536,2025-12-30 15:03:58+05:30,3247.9,1,3251.59,2109990,72233.0,95020.0,3250.0,3267.5,3239.5,3251.5,46047400,3576.6,2926.4,4322.95,2866.6,3247.6,139,2,3247.5,43,2,3247.4,372,7,3247.3,70,3,3247.2,113,3,3247.9,79,5,3248.0,279,7,3248.1,59,4,3248.2,36,1,3248.3,84,3
11536,2025-12-30 15:03:59+05:30,3247.6,39,3251.59,2110029,72179.0,92249.0,3250.0,3267.5,3239.5,3251.5,46047400,3576.6,2926.4,4322.95,2866.6,3247.8,85,1,3247.6,232,9,3247.5,43,2,3247.4,294,4,3247.3,70,3,3247.9,88,6,3248.0,300,7,3248.1,59,4,3248.2,67,2,3248.3,36,1
11536,2025-12-30 15:04:00+05:30,3247.8,1,3251.59,2110029,72179.0,92249.0,3250.0,3267.5,3239.5,3251.5,46047400,3576.6,2926.4,4322.95,2866.6,3247.8,85,1,3247.6,232,9,3247.5,43,2,3247.4,294,4,3247.3,70,3,3247.9,88,6,3248.0,300,7,3248.1,59,4,3248.2,67,2,3248.3,36,1
11536,2025-12-30 15:04:00+05:30,3247.8,1,3251.58,2111248,71760.0,92281.0,3250.0,3267.5,3239.5,3251.5,46047400,3576.6,2926.4,4322.95,2866.6,3247.6,15,1,3247.5,43,2,3247.4,292,2,3247.3,82,4,3247.2,113,3,3247.8,303,10,3247.9,281,11,3248.0,38,4,3248.1,56,4,3248.3,31,1
11536,2025-12-30 15:04:01+05:30,3247.3,12,3251.58,2113091,71247.0,95040.0,3250.0,3267.5,3239.5,3251.5,46047400,3576.6,2926.4,4322.95,2866.6,3247.3,35,3,3247.2,113,3,3247.1,516,4,3247.0,13,1,3246.9,14,2,3247.6,1,1,3247.7,31,1,3247.8,385,12,3247.9,270,11,3248.0,47,3
11536,2025-12-30 15:04:02+05:30,3247.0,12,3251.58,2113091,71247.0,95040.0,3250.0,3267.5,3239.5,3251.5,46047400,3576.6,2926.4,4322.95,2866.6,3247.3,35,3,3247.2,113,3,3247.1,516,4,3247.0,13,1,3246.9,14,2,3247.6,1,1,3247.7,31,1,3247.8,385,12,3247.9,270,11,3248.0,47,3
11536,2025-12-30 15:04:02+05:30,3247.3,1,3251.58,2114944,69603.0,94166.0,3250.0,3267.5,3239.5,3251.5,46047400,3576.6,2926.4,4322.95,2866.6,3247.0,24,2,3246.9,14,2,3246.8,1,1,3246.3,7,2,3246.2,132,3,3247.3,88,4,3247.4,29,1,3247.5,32,1,3247.6,76,8,3247.7,46,1
11536,2025-12-30 15:04:03+05:30,3247.3,12,3251.58,2115691,69872.0,95441.0,3250.0,3267.5,3239.5,3251.5,46047400,3576.6,2926.4,4322.95,2866.6,3247.0,83,4,3246.9,14,2,3246.8,1,1,3246.3,109,3,3246.2,161,4,3247.3,2,1,3247.4,31,1,3247.5,34,1,3247.6,32,1,3247.7,38,1
11536,2025-12-30 15:04:04+05:30,3247.0,1,3251.58,2115691,69872.0,95441.0,3250.0,3267.5,3239.5,3251.5,46047400,3576.6,2926.4,4322.95,2866.6,3247.0,83,4,3246.9,14,2,3246.8,1,1,3246.3,109,3,3246.2,161,4,3247.3,2,1,3247.4,31,1,3247.5,34,1,3247.6,32,1,3247.7,38,1
11536,2025-12-30 15:04:05+05:30,3247.0,1,3251.58,2115821,69890.0,95547.0,3250.0,3267.5,3239.5,3251.5,46047400,3576.6,2926.4,4322.95,2866.6,3247.0,55,3,3246.9,14,2,3246.8,1,1,3246.3,7,2,3246.2,132,3,3247.3,25,4,3247.4,31,1,3247.5,35,2,3247.6,42,2,3247.7,38,1
11536,2025-12-30 15:04:06+05:30,3247.0,33,3251.57,2118161,69951.0,94863.0,3250.0,3267.5,3239.5,3251.5,46047400,3576.6,2926.4,4322.95,2866.6,3246.9,9,2,3246.8,1,1,3246.3,7,2,3246.2,132,3,3246.1,38,2,3247.5,41,2,3247.6,43,4,3247.7,38,1,3247.8,337,7,3247.9,165,8
11536,2025-12-30 15:04:06+05:30,3246.9,1,3251.57,2118161,69951.0,94863.0,3250.0,3267.5,3239.5,3251.5,46047400,3576.6,2926.4,4322.95,2866.6,3246.9,9,2,3246.8,1,1,3246.3,7,2,3246.2,132,3,3246.1,38,2,3247.5,41,2,3247.6,43,4,3247.7,38,1,3247.8,337,7,3247.9,165,8
11536,2025-12-30 15:04:07+05:30,3246.9,1,3251.57,2118359,70439.0,95839.0,3250.0,3267.5,3239.5,3251.5,46047400,3576.6,2926.4,4322.95,2866.6,3246.2,109,3,3246.1,38,2,3246.0,52,5,3245.8,34,1,3245.7,153,3,3246.9,7,3,3247.0,1,1,3247.2,31,1,3247.3,31,1,3247.4,21,1
11536,2025-12-30 15:04:08+05:30,3246.3,30,3251.57,2118678,70862.0,95210.0,3250.0,3267.5,3239.5,3251.5,46047400,3576.6,2926.4,4322.95,2866.6,3246.3,89,2,3246.2,600,4,3246.1,38,2,3246.0,26,4,3245.9,13,1,3246.9,15,1,3247.0,1,1,3247.1,31,1,3247.2,31,1,3247.4,55,5
11536,2025-12-30 15:04:08+05:30,3246.6,3,3251.57,2118678,70862.0,95210.0,3250.0,3267.5,3239.5,3251.5,46047400,3576.6,2926.4,4322.95,2866.6,3246.3,89,2,3246.2,600,4,3246.1,38,2,3246.0,26,4,3245.9,13,1,3246.9,15,1,3247.0,1,1,3247.1,31,1,3247.2,31,1,3247.4,55,5
11536,2025-12-30 15:04:09+05:30,3246.6,1,3251.57,2118771,70942.0,94842.0,3250.0,3267.5,3239.5,3251.5,46047400,3576.6,2926.4,4322.95,2866.6,3246.3,108,3,3246.2,600,4,3246.1,38,2,3246.0,7,3,3245.9,63,2,3246.6,9,3,3246.9,15,1,3247.0,1,1,3247.1,31,1,3247.3,31,1
11536,2025-12-30 15:04:10+05:30,3246.3,1340,3251.56,2120516,70281.0,95223.0,3250.0,3267.5,3239.5,3251.5,46047400,3576.6,2926.4,4322.95,2866.6,3246.2,432,3,3246.1,38,2,3246.0,7,3,3245.9,33,2,3245.8,67,3,3246.3,245,1,3246.4,1,1,3246.6,58,4,3246.9,9,1,3247.0,1,1
11536,2025-12-30 15:04:10+05:30,3246.3,75,3251.56,2120516,70281.0,95223.0,3250.0,3267.5,3239.5,3251.5,46047400,3576.6,2926.4,4322.95,2866.6,3246.2,432,3,3246.1,38,2,3246.0,7,3,3245.9,33,2,3245.8,67,3,3246.3,245,1,3246.4,1,1,3246.6,58,4,3246.9,9,1,3247.0,1,1
11536,2025-12-30 15:04:11+05:30,3246.6,15,3251.56,2122961,70888.0,94699.0,3250.0,3267.5,3239.5,3251.5,46047400,3576.6,2926.4,4322.95,2866.6,3246.6,99,1,3246.3,10,1,3246.2,501,6,3246.1,38,2,3246.0,7,3,3246.9,31,4,3247.2,17,1,3247.3,17,2,3247.5,82,2,3247.6,111,3
11536,2025-12-30 15:04:12+05:30,3246.6,13,3251.56,2123004,71426.0,95160.0,3250.0,3267.5,3239.5,3251.5,46047400,3576.6,2926.4,4322.95,2866.6,3246.6,58,3,3246.2,501,6,3246.1,108,4,3246.0,40,4,3245.9,33,2,3246.8,1,1,3246.9,5,2,3247.1,1,1,3247.4,11,1,3247.5,78,2
11536,2025-12-30 15:04:12+05:30,3246.8,1,3251.56,2123004,71426.0,95160.0,3250.0,3267.5,3239.5,3251.5,46047400,3576.6,2926.4,4322.95,2866.6,3246.6,58,3,3246.2,501,6,3246.1,108,4,3246.0,40,4,3245.9,33,2,3246.8,1,1,3246.9,5,2,3247.1,1,1,3247.4,11,1,3247.5,78,2
11536,2025-12-30 15:04:13+05:30,3246.6,10,3251.56,2123044,71529.0,94718.0,3250.0,3267.5,3239.5,3251.5,46047400,3576.6,2926.4,4322.95,2866.6,3246.6,71,5,3246.3,29,1,3246.2,532,7,3246.1,38,2,3246.0,46,5,3246.9,22,4,3247.2,1,1,3247.6,106,3,3247.7,61,3,3247.8,88,3
11536,2025-12-30 15:04:14+05:30,3246.5,48,3251.56,2123044,71529.0,94718.0,3250.0,3267.5,3239.5,3251.5,46047400,3576.6,2926.4,4322.95,2866.6,3246.6,71,5,3246.3,29,1,3246.2,532,7,3246.1,38,2,3246.0,46,5,3246.9,22,4,3247.2,1,1,3247.6,106,3,3247.7,61,3,3247.8,88,3
11536,2025-12-30 15:04:14+05:30,3246.5,48,3251.56,2123247,71751.0,94738.0,3250.0,3267.5,3239.5,3251.5,46047400,3576.6,2926.4,4322.95,2866.6,3246.6,58,3,3246.5,112,2,3246.3,29,1,3246.2,494,5,3246.1,38,2,3246.9,12,3,3247.1,1,1,3247.5,61,1,3247.6,106,3,3247.7,61,3
11536,2025-12-30 15:04:15+05:30,3246.9,2,3251.56,2123307,71778.0,95013.0,3250.0,3267.5,3239.5,3251.5,46047400,3576.6,2926.4,4322.95,2866.6,3246.6,128,5,3246.5,112,2,3246.4,1,1,3246.2,492,5,3246.1,67,3,3246.9,281,5,3247.1,20,3,3247.5,17,1,3247.6,84,3,3247.7,61,3
11536,2025-12-30 15:04:16+05:30,3246.6,1,3251.56,2123307,71778.0,95013.0,3250.0,3267.5,3239.5,3251.5,46047400,3576.6,2926.4,4322.95,2866.6,3246.6,128,5,3246.5,112,2,3246.4,1,1,3246.2,492,5,3246.1,67,3,3246.9,281,5,3247.1,20,3,3247.5,17,1,3247.6,84,3,3247.7,61,3
11536,2025-12-30 15:04:16+05:30,3246.6,1,3251.56,2123468,71541.0,95053.0,3250.0,3267.5,3239.5,3251.5,46047400,3576.6,2926.4,4322.95,2866.6,3246.5,89,2,3246.4,1,1,3246.2,463,4,3246.1,67,3,3246.0,44,5,3246.6,1,1,3246.7,1,1,3246.9,312,8,3247.1,27,2,3247.3,13,1
11536,2025-12-30 15:04:17+05:30,3246.2,56,3251.55,2124536,70970.0,94911.0,3250.0,3267.5,3239.5,3251.5,46047400,3576.6,2926.4,4322.95,2866.6,3246.5,8,1,3246.2,454,5,3246.1,88,3,3246.0,10,4,3245.9,102,5,3246.6,9,2,3246.7,1,1,3246.9,312,8,3247.0,17,1,3247.1,10,1
11536,2025-12-30 15:04:18+05:30,3246.6,1,3251.55,2124536,70970.0,94911.0,3250.0,3267.5,3239.5,3251.5,46047400,3576.6,2926.4,4322.95,2866.6,3246.5,8,1,3246.2,454,5,3246.1,88,3,3246.0,10,4,3245.9,102,5,3246.6,9,2,3246.7,1,1,3246.9,312,8,3247.0,17,1,3247.1,10,1
11536,2025-12-30 15:04:18+05:30,3246.5,31,3251.55,2124796,71482.0,94919.0,3250.0,3267.5,3239.5,3251.5,46047400,3576.6,2926.4,4322.95,2866.6,3246.5,143,2,3246.2,346,5,3246.1,67,3,3246.0,44,5,3245.9,168,7,3246.6,23,4,3246.7,20,2,3246.9,293,6,3247.0,17,1,3247.1,10,1
11536,2025-12-30 15:04:20+05:30,3246.5,17,3251.55,2124833,71519.0,94950.0,3250.0,3267.5,3239.5,3251.5,46047400,3576.6,2926.4,4322.95,2866.6,3246.5,108,4,3246.4,31,1,3246.2,348,5,3246.1,38,2,3246.0,77,6,3246.6,30,5,3246.7,31,4,3246.9,296,6,3247.0,17,1,3247.1,21,2
11536,2025-12-30 15:04:20+05:30,3246.7,8,3251.55,2124833,71519.0,94950.0,3250.0,3267.5,3239.5,3251.5,46047400,3576.6,2926.4,4322.95,2866.6,3246.5,108,4,3246.4,31,1,3246.2,348,5,3246.1,38,2,3246.0,77,6,3246.6,30,5,3246.7,31,4,3246.9,296,6,3247.0,17,1,3247.1,21,2
11536,2025-12-30 15:04:21+05:30,3246.7,3,3251.55,2126052,71687.0,94951.0,3250.0,3267.5,3239.5,3251.5,46047400,3576.6,2926.4,4322.95,2866.6,3246.6,358,2,3246.5,41,1,3246.2,218,5,3246.1,108,4,3246.0,41,5,3246.7,38,5,3246.9,287,5,3247.1,22,3,3247.2,10,1,3247.3,13,1
11536,2025-12-30 15:04:22+05:30,3246.6,31,3251.55,2126350,71602.0,94947.0,3250.0,3267.5,3239.5,3251.5,46047400,3576.6,2926.4,4322.95,2866.6,3246.6,138,6,3246.5,103,3,3246.2,189,4,3246.1,72,3,3246.0,73,6,3246.7,18,3,3246.9,332,9,3247.0,1,1,3247.1,11,1,3247.2,10,1
11536,2025-12-30 15:04:22+05:30,3246.6,13,3251.55,2126350,71602.0,94947.0,3250.0,3267.5,3239.5,3251.5,46047400,3576.6,2926.4,4322.95,2866.6,3246.6,138,6,3246.5,103,3,3246.2,189,4,3246.1,72,3,3246.0,73,6,3246.7,18,3,3246.9,332,9,3247.0,1,1,3247.1,11,1,3247.2,10,1
11536,2025-12-30 15:04:23+05:30,3246.6,1,3251.55,2127211,71775.0,93866.0,3250.0,3267.5,3239.5,3251.5,46047400,3576.6,2926.4,4322.95,2866.6,3246.6,488,7,3246.5,173,4,3246.4,41,1,3246.3,5,1,3246.2,225,6,3246.9,277,3,3247.1,11,1,3247.2,11,2,3247.3,13,1,3247.7,26,1
11536,2025-12-30 15:04:24+05:30,3247.8,15,3251.54,2129942,72577.0,93114.0,3250.0,3267.5,3239.5,3251.5,46047400,3576.6,2926.4,4322.95,2866.6,3247.8,24,2,3246.9,163,2,3246.8,139,4,3246.7,203,5,3246.6,1239,14,3247.9,2,1,3248.5,107,4,3248.6,130,3,3248.7,26,1,3248.8,158,4
11536,2025-12-30 15:04:24+05:30,3247.8,407,3251.54,2129942,72577.0,93114.0,3250.0,3267.5,3239.5,3251.5,46047400,3576.6,2926.4,4322.95,2866.6,3247.8,24,2,3246.9,163,2,3246.8,139,4,3246.7,203,5,3246.6,1239,14,3247.9,2,1,3248.5,107,4,3248.6,130,3,3248.7,26,1,3248.8,158,4
11536,2025-12-30 15:04:25+05:30,3247.9,14,3251.54,2130414,72241.0,93501.0,3250.0,3267.5,3239.5,3251.5,46047400,3576.6,2926.4,4322.95,2866.6,3247.8,32,5,3246.9,176,2,3246.8,139,4,3246.7,203,5,3246.6,1171,13,3247.9,3,2,3248.0,29,1,3248.2,19,2,3248.3,29,1,3248.4,51,3
11536,2025-12-30 15:04:26+05:30,3248.2,1,3251.54,2130761,72668.0,93849.0,3250.0,3267.5,3239.5,3251.5,46047400,3576.6,2926.4,4322.95,2866.6,3248.0,4,1,3247.9,77,3,3247.8,192,13,3246.9,200,2,3246.8,139,4,3248.2,79,4,3248.4,26,2,3248.5,39,1,3248.6,91,2,3248.7,26,1
11536,2025-12-30 15:04:26+05:30,3248.0,17,3251.54,2130761,72668.0,93849.0,3250.0,3267.5,3239.5,3251.5,46047400,3576.6,2926.4,4322.95,2866.6,3248.0,4,1,3247.9,77,3,3247.8,192,13,3246.9,200,2,3246.8,139,4,3248.2,79,4,3248.4,26,2,3248.5,39,1,3248.6,91,2,3248.7,26,1
11536,2025-12-30 15:04:27+05:30,3248.3,8,3251.54,2130921,72543.0,92426.0,3250.0,3267.5,3239.5,3251.5,46047400,3576.6,2926.4,4322.95,2866.6,3248.2,4,1,3248.1,59,1,3248.0,37,2,3247.9,19,3,3247.8,168,11,3248.3,43,3,3248.4,56,2,3248.6,19,1,3248.7,26,1,3248.8,162,4
11536,2025-12-30 15:04:28+05:30,3248.1,22,3251.54,2130921,72543.0,92426.0,3250.0,3267.5,3239.5,3251.5,46047400,3576.6,2926.4,4322.95,2866.6,3248.2,4,1,3248.1,59,1,3248.0,37,2,3247.9,19,3,3247.8,168,11,3248.3,43,3,3248.4,56,2,3248.6,19,1,3248.7,26,1,3248.8,162,4
11536,2025-12-30 15:04:28+05:30,3248.1,24,3251.54,2130995,72803.0,93288.0,3250.0,3267.5,3239.5,3251.5,46047400,3576.6,2926.4,4322.95,2866.6,3248.2,184,11,3248.1,13,1,3248.0,45,3,3247.9,19,3,3247.8,6,1,3248.3,10,1,3248.6,2,1,3248.9,54,2,3249.0,118,5,3249.1,110,3
11536,2025-12-30 15:04:30+05:30,3248.2,1,3251.54,2130996,73272.0,93235.0,3250.0,3267.5,3239.5,3251.5,46047400,3576.6,2926.4,4322.95,2866.6,3248.2,644,12,3248.0,45,3,3247.9,19,3,3247.8,11,2,3247.6,83,2,3248.3,10,1,3248.9,63,2,3249.0,51,2,3249.1,36,1,3249.2,2,1
11536,2025-12-30 15:04:30+05:30,3248.2,1,3251.54,2130996,73272.0,93235.0,3250.0,3267.5,3239.5,3251.5,46047400,3576.6,2926.4,4322.95,2866.6,3248.2,644,12,3248.0,45,3,3247.9,19,3,3247.8,11,2,3247.6,83,2,3248.3,10,1,3248.9,63,2,3249.0,51,2,3249.1,36,1,3249.2,2,1
11536,2025-12-30 15:04:31+05:30,3248.1,10,3251.54,2132323,71779.0,92693.0,3250.0,3267.5,3239.5,3251.5,46047400,3576.6,2926.4,4322.95,2866.6,3248.1,51,1,3247.8,6,1,3247.3,14,2,3247.2,20,2,3247.0,26,3,3248.2,41,6,3248.3,28,5,3248.4,20,4,3248.6,34,1,3248.8,33,2
11536,2025-12-30 15:04:32+05:30,3248.1,2,3251.54,2132361,72374.0,92276.0,3250.0,3267.5,3239.5,3251.5,46047400,3576.6,2926.4,4322.95,2866.6,3248.1,14,1,3248.0,1,1,3247.8,6,1,3247.3,14,2,3247.2,20,2,3248.2,19,7,3248.3,28,5,3248.4,20,4,3248.6,34,1,3248.8,95,3
11536,2025-12-30 15:04:32+05:30,3246.9,13,3251.54,2132361,72374.0,92276.0,3250.0,3267.5,3239.5,3251.5,46047400,3576.6,2926.4,4322.95,2866.6,3248.1,14,1,3248.0,1,1,3247.8,6,1,3247.3,14,2,3247.2,20,2,3248.2,19,7,3248.3,28,5,3248.4,20,4,3248.6,34,1,3248.8,95,3
11536,2025-12-30 15:04:33+05:30,3246.7,4,3251.54,2132993,71574.0,92750.0,3250.0,3267.5,3239.5,3251.5,46047400,3576.6,2926.4,4322.95,2866.6,3246.7,68,7,3246.6,375,4,3246.5,52,1,3246.4,246,8,3246.3,32,1,3246.9,18,1,3247.2,2,1,3247.8,53,2,3248.0,2,1,3248.1,48,2
11536,2025-12-30 15:04:34+05:30,3246.7,23,3251.54,2133696,70497.0,92861.0,3250.0,3267.5,3239.5,3251.5,46047400,3576.6,2926.4,4322.95,2866.6,3246.7,319,12,3246.6,548,8,3246.5,81,2,3246.4,228,7,3246.3,144,3,3247.8,33,2,3248.0,2,1,3248.1,4,1,3248.2,6,5,3248.3,32,7
11536,2025-12-30 15:04:34+05:30,3246.7,114,3251.54,2133696,70497.0,92861.0,3250.0,3267.5,3239.5,3251.5,46047400,3576.6,2926.4,4322.95,2866.6,3246.7,319,12,3246.6,548,8,3246.5,81,2,3246.4,228,7,3246.3,144,3,3247.8,33,2,3248.0,2,1,3248.1,4,1,3248.2,6,5,3248.3,32,7
11536,2025-12-30 15:04:35+05:30,3247.8,17,3251.53,2134969,73884.0,93141.0,3250.0,3267.5,3239.5,3251.5,46047400,3576.6,2926.4,4322.95,2866.6,3247.8,379,2,3247.4,3,1,3247.3,3,1,3247.1,50,2,3247.0,242,3,3247.9,1,1,3248.1,4,1,3248.2,5,4,3248.3,32,7,3248.9,87,3
11536,2025-12-30 15:04:36+05:30,3247.8,10,3251.53,2135048,73885.0,93423.0,3250.0,3267.5,3239.5,3251.5,46047400,3576.6,2926.4,4322.95,2866.6,3247.8,301,3,3247.4,3,1,3247.3,3,1,3247.0,214,2,3246.9,151,4,3247.9,1,1,3248.1,14,2,3248.2,4,3,3248.3,28,6,3248.7,29,1
11536,2025-12-30 15:04:36+05:30,3247.9,1,3251.53,2135048,73885.0,93423.0,3250.0,3267.5,3239.5,3251.5,46047400,3576.6,2926.4,4322.95,2866.6,3247.8,301,3,3247.4,3,1,3247.3,3,1,3247.0,214,2,3246.9,151,4,3247.9,1,1,3248.1,14,2,3248.2,4,3,3248.3,28,6,3248.7,29,1
11536,2025-12-30 15:04:37+05:30,3248.1,5,3251.53,2135364,73981.0,93558.0,3250.0,3267.5,3239.5,3251.5,46047400,3576.6,2926.4,4322.95,2866.6,3247.8,473,6,3247.7,154,1,3247.4,3,1,3247.3,3,1,3247.0,198,2,3247.9,15,1,3248.1,5,2,3248.2,3,2,3248.3,62,7,3248.7,50,2
11536,2025-12-30 15:04:38+05:30,3247.8,155,3251.53,2135551,73842.0,92548.0,3250.0,3267.5,3239.5,3251.5,46047400,3576.6,2926.4,4322.95,2866.6,3247.8,334,7,3247.7,154,1,3247.3,3,1,3247.1,3,1,3247.0,198,2,3247.9,23,4,3248.1,4,1,3248.2,51,4,3248.3,30,4,3248.7,42,2
11536,2025-12-30 15:04:38+05:30,3247.8,155,3251.53,2135551,73842.0,92548.0,3250.0,3267.5,3239.5,3251.5,46047400,3576.6,2926.4,4322.95,2866.6,3247.8,334,7,3247.7,154,1,3247.3,3,1,3247.1,3,1,3247.0,198,2,3247.9,23,4,3248.1,4,1,3248.2,51,4,3248.3,30,4,3248.7,42,2
11536,2025-12-30 15:04:39+05:30,3247.9,1,3251.53,2135665,73625.0,92373.0,3250.0,3267.5,3239.5,3251.5,46047400,3576.6,2926.4,4322.95,2866.6,3247.8,450,9,3247.3,3,1,3247.1,3,1,3247.0,198,2,3246.9,203,5,3247.9,16,5,3248.1,26,3,3248.2,17,3,3248.5,26,1,3248.7,42,2
11536,2025-12-30 15:04:40+05:30,3247.9,40,3251.53,2135665,73625.0,92373.0,3250.0,3267.5,3239.5,3251.5,46047400,3576.6,2926.4,4322.95,2866.6,3247.8,450,9,3247.3,3,1,3247.1,3,1,3247.0,198,2,3246.9,203,5,3247.9,16,5,3248.1,26,3,3248.2,17,3,3248.5,26,1,3248.7,42,2
11536,2025-12-30 15:04:40+05:30,3247.9,40,3251.53,2136893,70315.0,93989.0,3250.0,3267.5,3239.5,3251.5,46047400,3576.6,2926.4,4322.95,2866.6,3247.8,122,1,3247.7,68,1,3247.0,53,2,3246.9,249,3,3246.8,117,4,3247.9,175,7,3248.1,18,2,3248.2,15,2,3248.3,21,2,3248.4,95,3
11536,2025-12-30 15:04:41+05:30,3247.9,1,3251.53,2137036,69570.0,93493.0,3250.0,3267.5,3239.5,3251.5,46047400,3576.6,2926.4,4322.95,2866.6,3247.8,699,5,3247.7,68,1,3247.0,43,1,3246.9,167,3,3246.8,198,9,3247.9,195,8,3248.1,27,3,3248.2,14,1,3248.3,1,1,3248.5,29,1
11536,2025-12-30 15:04:42+05:30,3247.9,1,3251.53,2137036,69570.0,93493.0,3250.0,3267.5,3239.5,3251.5,46047400,3576.6,2926.4,4322.95,2866.6,3247.8,699,5,3247.7,68,1,3247.0,43,1,3246.9,167,3,3246.8,198,9,3247.9,195,8,3248.1,27,3,3248.2,14,1,3248.3,1,1,3248.5,29,1
11536,2025-12-30 15:04:42+05:30,3247.8,1,3251.53,2137961,71962.0,94041.0,3250.0,3267.5,3239.5,3251.5,46047400,3576.6,2926.4,4322.95,2866.6,3247.8,486,6,3247.7,68,1,3247.6,10,1,3247.1,3,1,3247.0,11,1,3247.9,294,9,3248.1,39,4,3248.2,42,3,3248.6,18,1,3248.7,122,3
11536,2025-12-30 15:04:43+05:30,3247.8,2,3251.53,2139069,71696.0,94105.0,3250.0,3267.5,3239.5,3251.5,46047400,3576.6,2926.4,4322.95,2866.6,3247.8,56,3,3247.7,86,2,3247.6,10,1,3247.1,3,1,3247.0,11,1,3247.9,154,9,3248.1,36,3,3248.2,80,5,3248.3,42,2,3248.4,93,3
11536,2025-12-30 15:04:44+05:30,3247.8,30,3251.53,2139069,71696.0,94105.0,3250.0,3267.5,3239.5,3251.5,46047400,3576.6,2926.4,4322.95,2866.6,3247.8,56,3,3247.7,86,2,3247.6,10,1,3247.1,3,1,3247.0,11,1,3247.9,154,9,3248.1,36,3,3248.2,80,5,3248.3,42,2,3248.4,93,3
11536,2025-12-30 15:04:44+05:30,3247.8,1,3251.53,2139279,71999.0,93123.0,3250.0,3267.5,3239.5,3251.5,46047400,3576.6,2926.4,4322.95,2866.6,3247.8,4,2,3247.7,86,2,3247.6,21,2,3246.9,95,2,3246.8,123,4,3247.9,347,8,3248.1,64,5,3248.2,54,3,3248.4,91,3,3248.5,45,2
11536,2025-12-30 15:04:45+05:30,3247.8,1,3251.53,2139343,71386.0,94714.0,3250.0,3267.5,3239.5,3251.5,46047400,3576.6,2926.4,4322.95,2866.6,3247.8,245,2,3247.7,86,2,3247.6,21,2,3246.9,95,2,3246.8,196,6,3247.9,305,8,3248.1,37,4,3248.2,14,1,3248.3,29,1,3248.4,74,3
11536,2025-12-30 15:04:46+05:30,3247.9,1,3251.53,2139343,71386.0,94714.0,3250.0,3267.5,3239.5,3251.5,46047400,3576.6,2926.4,4322.95,2866.6,3247.8,245,2,3247.7,86,2,3247.6,21,2,3246.9,95,2,3246.8,196,6,3247.9,305,8,3248.1,37,4,3248.2,14,1,3248.3,29,1,3248.4,74,3
11536,2025-12-30 15:04:46+05:30,3247.8,1,3251.52,2139829,72819.0,92803.0,3250.0,3267.5,3239.5,3251.5,46047400,3576.6,2926.4,4322.95,2866.6,3247.8,390,1,3247.7,15,1,3247.6,21,2,3246.9,130,3,3246.8,208,6,3247.9,294,11,3248.1,36,3,3248.2,14,1,3248.5,45,2,3248.6,34,1
11536,2025-12-30 15:04:47+05:30,3247.8,17,3251.52,2141061,72026.0,94668.0,3250.0,3267.5,3239.5,3251.5,46047400,3576.6,2926.4,4322.95,2866.6,3247.8,36,4,3247.7,27,2,3247.6,21,2,3247.4,11,1,3247.1,3,1,3247.9,294,11,3248.1,36,3,3248.2,14,1,3248.5,45,2,3248.6,65,2
11536,2025-12-30 15:04:48+05:30,3247.9,1,3251.52,2141061,72026.0,94668.0,3250.0,3267.5,3239.5,3251.5,46047400,3576.6,2926.4,4322.95,2866.6,3247.8,36,4,3247.7,27,2,3247.6,21,2,3247.4,11,1,3247.1,3,1,3247.9,294,11,3248.1,36,3,3248.2,14,1,3248.5,45,2,3248.6,65,2
11536,2025-12-30 15:04:49+05:30,3247.8,30,3251.52,2141174,72978.0,94008.0,3250.0,3267.5,3239.5,3251.5,46047400,3576.6,2926.4,4322.95,2866.6,3247.8,337,3,3247.7,27,2,3247.6,44,3,3247.4,26,2,3247.3,29,1,3247.9,288,9,3248.0,1,1,3248.1,36,3,3248.2,14,1,3248.5,12,1
11536,2025-12-30 15:04:50+05:30,3247.8,7,3251.52,2141184,73037.0,94097.0,3250.0,3267.5,3239.5,3251.5,46047400,3576.6,2926.4,4322.95,2866.6,3247.8,367,4,3247.7,178,3,3247.6,44,3,3247.4,26,2,3247.3,30,2,3247.9,280,7,3248.0,1,1,3248.1,36,3,3248.2,14,1,3248.5,12,1
11536,2025-12-30 15:04:50+05:30,3247.8,74,3251.52,2141184,73037.0,94097.0,3250.0,3267.5,3239.5,3251.5,46047400,3576.6,2926.4,4322.95,2866.6,3247.8,367,4,3247.7,178,3,3247.6,44,3,3247.4,26,2,3247.3,30,2,3247.9,280,7,3248.0,1,1,3248.1,36,3,3248.2,14,1,3248.5,12,1
11536,2025-12-30 15:04:51+05:30,3247.8,238,3251.52,2143592,72703.0,93077.0,3250.0,3267.5,3239.5,3251.5,46047400,3576.6,2926.4,4322.95,2866.6,3247.7,147,4,3247.6,98,4,3247.4,26,2,3247.1,3,1,3246.9,52,1,3247.8,10,3,3247.9,75,5,3248.0,1,1,3248.1,48,4,3248.2,15,2
11536,2025-12-30 15:04:52+05:30,3247.7,30,3251.52,2143815,72352.0,93084.0,3250.0,3267.5,3239.5,3251.5,46047400,3576.6,2926.4,4322.95,2866.6,3247.7,287,5,3247.6,98,4,3247.4,26,2,3247.1,57,2,3246.9,52,1,3247.8,51,3,3247.9,73,4,3248.0,1,1,3248.1,49,5,3248.2,14,1
11536,2025-12-30 15:04:52+05:30,3247.7,30,3251.52,2143815,72352.0,93084.0,3250.0,3267.5,3239.5,3251.5,46047400,3576.6,2926.4,4322.95,2866.6,3247.7,287,5,3247.6,98,4,3247.4,26,2,3247.1,57,2,3246.9,52,1,3247.8,51,3,3247.9,73,4,3248.0,1,1,3248.1,49,5,3248.2,14,1
11536,2025-12-30 15:04:53+05:30,3247.8,8,3251.52,2144164,72706.0,94241.0,3250.0,3267.5,3239.5,3251.5,46047400,3576.6,2926.4,4322.95,2866.6,3247.8,151,1,3247.7,93,4,3247.6,98,4,3247.4,26,2,3247.1,3,1,3247.9,83,4,3248.1,27,2,3248.2,46,3,3248.4,42,2,3248.5,12,1
11536,2025-12-30 15:04:54+05:30,3247.9,1,3251.52,2144648,70018.0,94654.0,3250.0,3267.5,3239.5,3251.5,46047400,3576.6,2926.4,4322.95,2866.6,3247.7,93,4,3247.6,98,4,3247.4,26,2,3246.8,99,5,3246.7,160,6,3247.9,73,5,3248.0,10,1,3248.1,44,5,3248.2,45,2,3248.3,80,3
11536,2025-12-30 15:04:54+05:30,3247.9,1,3251.52,2144648,70018.0,94654.0,3250.0,3267.5,3239.5,3251.5,46047400,3576.6,2926.4,4322.95,2866.6,3247.7,93,4,3247.6,98,4,3247.4,26,2,3246.8,99,5,3246.7,160,6,3247.9,73,5,3248.0,10,1,3248.1,44,5,3248.2,45,2,3248.3,80,3
11536,2025-12-30 15:04:55+05:30,3247.7,1,3251.52,2144703,69953.0,94619.0,3250.0,3267.5,3239.5,3251.5,46047400,3576.6,2926.4,4322.95,2866.6,3247.7,61,4,3247.6,98,4,3247.4,26,2,3246.8,268,5,3246.7,160,6,3247.9,49,4,3248.0,10,1,3248.1,37,4,3248.2,45,2,3248.3,40,2
11536,2025-12-30 15:04:56+05:30,3247.7,1,3251.52,2144703,69953.0,94619.0,3250.0,3267.5,3239.5,3251.5,46047400,3576.6,2926.4,4322.95,2866.6,3247.7,61,4,3247.6,98,4,3247.4,26,2,3246.8,268,5,3246.7,160,6,3247.9,49,4,3248.0,10,1,3248.1,37,4,3248.2,45,2,3248.3,40,2
11536,2025-12-30 15:04:56+05:30,3247.7,1,3251.52,2144796,72323.0,94114.0,3250.0,3267.5,3239.5,3251.5,46047400,3576.6,2926.4,4322.95,2866.6,3247.7,84,4,3247.6,98,4,3247.4,26,2,3246.9,3,1,3246.8,79,3,3247.9,82,7,3248.0,1,1,3248.1,36,3,3248.2,45,2,3248.3,11,1
11536,2025-12-30 15:04:57+05:30,3247.9,1,3251.52,2144812,72353.0,94457.0,3250.0,3267.5,3239.5,3251.5,46047400,3576.6,2926.4,4322.95,2866.6,3247.7,64,4,3247.6,169,5,3247.4,26,2,3247.0,12,1,3246.9,32,2,3247.9,124,8,3248.0,1,1,3248.1,55,3,3248.2,45,2,3248.3,11,1
11536,2025-12-30 15:04:58+05:30,3247.6,41,3251.52,2144812,72353.0,94457.0,3250.0,3267.5,3239.5,3251.5,46047400,3576.6,2926.4,4322.95,2866.6,3247.7,64,4,3247.6,169,5,3247.4,26,2,3247.0,12,1,3246.9,32,2,3247.9,124,8,3248.0,1,1,3248.1,55,3,3248.2,45,2,3248.3,11,1
11536,2025-12-30 15:04:58+05:30,3247.9,1,3251.52,2145055,72050.0,94114.0,3250.0,3267.5,3239.5,3251.5,46047400,3576.6,2926.4,4322.95,2866.6,3247.8,84,1,3247.7,67,2,3247.6,64,3,3247.4,26,2,3247.0,12,1,3247.9,124,9,3248.1,24,2,3248.2,45,2,3248.3,34,1,3248.4,73,3
11536,2025-12-30 15:04:59+05:30,3247.8,4,3251.52,2145055,72050.0,94114.0,3250.0,3267.5,3239.5,3251.5,46047400,3576.6,2926.4,4322.95,2866.6,3247.8,84,1,3247.7,67,2,3247.6,64,3,3247.4,26,2,3247.0,12,1,3247.9,124,9,3248.1,24,2,3248.2,45,2,3248.3,34,1,3248.4,73,3
11536,2025-12-30 15:04:59+05:30,3247.8,2,3251.52,2145172,70923.0,93930.0,3250.0,3267.5,3239.5,3251.5,46047400,3576.6,2926.4,4322.95,2866.6,3247.8,386,5,3247.7,68,3,3247.6,34,2,3247.4,26,2,3247.0,78,2,3247.9,108,6,3248.1,60,4,3248.2,14,1,3248.4,42,2,3248.5,12,1
11536,2025-12-30 15:05:00+05:30,3247.9,1,3251.52,2145172,70923.0,93930.0,3250.0,3267.5,3239.5,3251.5,46047400,3576.6,2926.4,4322.95,2866.6,3247.8,386,5,3247.7,68,3,3247.6,34,2,3247.4,26,2,3247.0,78,2,3247.9,108,6,3248.1,60,4,3248.2,14,1,3248.4,42,2,3248.5,12,1
11536,2025-12-30 15:05:01+05:30,3247.8,15,3251.51,2146042,70580.0,94381.0,3250.0,3267.5,3239.5,3251.5,46047400,3576.6,2926.4,4322.95,2866.6,3247.8,111,6,3247.7,68,3,3247.6,29,2,3247.4,18,2,3247.0,12,1,3247.9,257,15,3248.1,60,4,3248.2,54,3,3248.3,1,1,3248.4,98,4
11536,2025-12-30 15:05:02+05:30,3247.8,84,3251.51,2147092,68787.0,93925.0,3250.0,3267.5,3239.5,3251.5,46047400,3576.6,2926.4,4322.95,2866.6,3247.8,101,6,3247.7,66,1,3247.6,29,2,3247.4,18,2,3247.0,12,1,3247.9,83,12,3248.0,3,1,3248.1,34,3,3248.2,74,4,3248.3,29,1
11536,2025-12-30 15:05:02+05:30,3247.7,123,3251.51,2147092,68787.0,93925.0,3250.0,3267.5,3239.5,3251.5,46047400,3576.6,2926.4,4322.95,2866.6,3247.8,101,6,3247.7,66,1,3247.6,29,2,3247.4,18,2,3247.0,12,1,3247.9,83,12,3248.0,3,1,3248.1,34,3,3248.2,74,4,3248.3,29,1
11536,2025-12-30 15:05:03+05:30,3247.7,123,3251.51,2148718,69228.0,93340.0,3250.0,3267.5,3239.5,3251.5,46047400,3576.6,2926.4,4322.95,2866.6,3247.7,123,1,3247.6,9,1,3247.4,13,2,3247.0,12,1,3246.8,56,4,3247.8,31,4,3247.9,72,13,3248.0,16,2,3248.1,88,6,3248.2,72,4
11536,2025-12-30 15:05:04+05:30,3247.8,1,3251.51,2149010,70835.0,94924.0,3250.0,3267.5,3239.5,3251.5,46047400,3576.6,2926.4,4322.95,2866.6,3247.8,455,4,3247.7,64,2,3247.6,67,1,3247.5,82,1,3247.4,13,2,3247.9,199,7,3248.0,26,3,3248.1,35,4,3248.2,81,4,3248.3,14,1
11536,2025-12-30 15:05:04+05:30,3247.8,1,3251.51,2149010,70835.0,94924.0,3250.0,3267.5,3239.5,3251.5,46047400,3576.6,2926.4,4322.95,2866.6,3247.8,455,4,3247.7,64,2,3247.6,67,1,3247.5,82,1,3247.4,13,2,3247.9,199,7,3248.0,26,3,3248.1,35,4,3248.2,81,4,3248.3,14,1
11536,2025-12-30 15:05:05+05:30,3247.8,12,3251.51,2150767,70361.0,94556.0,3250.0,3267.5,3239.5,3251.5,46047400,3576.6,2926.4,4322.95,2866.6,3247.8,617,5,3247.7,64,2,3247.6,67,1,3247.5,82,1,3247.4,13,2,3247.9,33,5,3248.0,26,3,3248.1,35,4,3248.2,26,2,3248.4,74,3
11536,2025-12-30 15:05:06+05:30,3247.9,1,3251.51,2151127,70755.0,94786.0,3250.0,3267.5,3239.5,3251.5,46047400,3576.6,2926.4,4322.95,2866.6,3247.8,920,9,3247.7,106,3,3247.6,83,3,3247.4,24,3,3247.1,29,1,3247.9,168,6,3248.0,17,3,3248.1,34,3,3248.2,26,2,3248.4,73,3
11536,2025-12-30 15:05:06+05:30,3247.9,1,3251.51,2151127,70755.0,94786.0,3250.0,3267.5,3239.5,3251.5,46047400,3576.6,2926.4,4322.95,2866.6,3247.8,920,9,3247.7,106,3,3247.6,83,3,3247.4,24,3,3247.1,29,1,3247.9,168,6,3248.0,17,3,3248.1,34,3,3248.2,26,2,3248.4,73,3
11536,2025-12-30 15:05:07+05:30,3248.1,3,3251.5,2153925,69273.0,93467.0,3250.0,3267.5,3239.5,3251.5,46047400,3576.6,2926.4,4322.95,2866.6,3248.0,123,1,3247.9,65,1,3247.8,865,10,3247.7,105,2,3247.6,83,3,3248.1,26,3,3248.2,26,2,3248.4,11,1,3248.5,12,1,3248.6,31,1
11536,2025-12-30 15:05:08+05:30,3248.1,1,3251.5,2153925,69273.0,93467.0,3250.0,3267.5,3239.5,3251.5,46047400,3576.6,2926.4,4322.95,2866.6,3248.0,123,1,3247.9,65,1,3247.8,865,10,3247.7,105,2,3247.6,83,3,3248.1,26,3,3248.2,26,2,3248.4,11,1,3248.5,12,1,3248.6,31,1
11536,2025-12-30 15:05:08+05:30,3248.1,1,3251.5,2153983,69907.0,93720.0,3250.0,3267.5,3239.5,3251.5,46047400,3576.6,2926.4,4322.95,2866.6,3248.0,116,4,3247.9,107,2,3247.8,864,9,3247.7,105,2,3247.6,16,2,3248.1,28,4,3248.2,26,2,3248.4,11,1,3248.5,39,2,3248.8,62,2
11536,2025-12-30 15:05:09+05:30,3248.2,14,3251.5,2154412,71389.0,91837.0,3250.0,3267.5,3239.5,3251.5,46047400,3576.6,2926.4,4322.95,2866.6,3248.2,67,1,3248.1,28,5,3248.0,223,12,3247.9,42,1,3247.8,823,5,3248.4,78,2,3248.5,12,1,3248.9,52,3,3249.0,141,3,3249.1,200,2
11536,2025-12-30 15:05:10+05:30,3248.2,15,3251.5,2154412,71389.0,91837.0,3250.0,3267.5,3239.5,3251.5,46047400,3576.6,2926.4,4322.95,2866.6,3248.2,67,1,3248.1,28,5,3248.0,223,12,3247.9,42,1,3247.8,823,5,3248.4,78,2,3248.5,12,1,3248.9,52,3,3249.0,141,3,3249.1,200,2
11536,2025-12-30 15:05:10+05:30,3248.4,15,3251.5,2155166,70547.0,92222.0,3250.0,3267.5,3239.5,3251.5,46047400,3576.6,2926.4,4322.95,2866.6,3248.4,95,1,3248.2,20,6,3248.1,55,6,3248.0,352,10,3247.9,2,1,3248.5,21,2,3248.6,7,1,3248.8,29,1,3248.9,49,5,3249.0,243,5
11536,2025-12-30 15:05:12+05:30,3248.7,16,3251.5,2155224,71247.0,92626.0,3250.0,3267.5,3239.5,3251.5,46047400,3576.6,2926.4,4322.95,2866.6,3248.7,107,1,3248.6,4,1,3248.5,1,1,3248.4,52,3,3248.2,20,6,3248.8,9,1,3248.9,25,2,3249.0,141,3,3249.1,175,1,3249.3,16,1
11536,2025-12-30 15:05:12+05:30,3248.8,2,3251.5,2155224,71247.0,92626.0,3250.0,3267.5,3239.5,3251.5,46047400,3576.6,2926.4,4322.95,2866.6,3248.7,107,1,3248.6,4,1,3248.5,1,1,3248.4,52,3,3248.2,20,6,3248.8,9,1,3248.9,25,2,3249.0,141,3,3249.1,175,1,3249.3,16,1
11536,2025-12-30 15:05:13+05:30,3248.7,6,3251.5,2155282,71460.0,93621.0,3250.0,3267.5,3239.5,3251.5,46047400,3576.6,2926.4,4322.95,2866.6,3248.7,216,9,3248.6,4,1,3248.5,1,1,3248.4,52,3,3248.2,20,6,3248.8,7,2,3248.9,24,1,3249.0,141,3,3249.1,202,3,3249.2,31,1
11536,2025-12-30 15:05:14+05:30,3248.9,30,3251.5,2155364,71791.0,93617.0,3250.0,3267.5,3239.5,3251.5,46047400,3576.6,2926.4,4322.95,2866.6,3248.9,53,2,3248.8,1,1,3248.7,184,11,3248.4,52,3,3248.2,18,4,3249.0,151,4,3249.1,179,2,3249.2,36,2,3249.3,1,1,3249.4,84,5
11536,2025-12-30 15:05:14+05:30,3249.0,1,3251.5,2155364,71791.0,93617.0,3250.0,3267.5,3239.5,3251.5,46047400,3576.6,2926.4,4322.95,2866.6,3248.9,53,2,3248.8,1,1,3248.7,184,11,3248.4,52,3,3248.2,18,4,3249.0,151,4,3249.1,179,2,3249.2,36,2,3249.3,1,1,3249.4,84,5
11536,2025-12-30 15:05:15+05:30,3248.9,13,3251.5,2155663,70972.0,93575.0,3250.0,3267.5,3239.5,3251.5,46047400,3576.6,2926.4,4322.95,2866.6,3248.9,47,3,3248.7,94,9,3248.4,51,2,3248.2,38,3,3248.1,12,2,3249.0,19,2,3249.1,196,4,3249.2,37,3,3249.4,55,4,3249.5,416,1
11536,2025-12-30 15:05:16+05:30,3249.0,30,3251.5,2156006,71396.0,93786.0,3250.0,3267.5,3239.5,3251.5,46047400,3576.6,2926.4,4322.95,2866.6,3249.0,84,1,3248.9,400,6,3248.7,131,9,3248.4,60,3,3248.2,113,2,3249.1,205,6,3249.2,10,1,3249.3,1,1,3249.4,55,4,3249.5,416,1
11536,2025-12-30 15:05:16+05:30,3249.1,1,3251.5,2156006,71396.0,93786.0,3250.0,3267.5,3239.5,3251.5,46047400,3576.6,2926.4,4322.95,2866.6,3249.0,84,1,3248.9,400,6,3248.7,131,9,3248.4,60,3,3248.2,113,2,3249.1,205,6,3249.2,10,1,3249.3,1,1,3249.4,55,4,3249.5,416,1
11536,2025-12-30 15:05:17+05:30,3249.0,17,3251.5,2156083,71880.0,93296.0,3250.0,3267.5,3239.5,3251.5,46047400,3576.6,2926.4,4322.95,2866.6,3249.0,129,10,3248.9,456,9,3248.7,107,5,3248.6,10,1,3248.4,3,1,3249.1,135,3,3249.2,2,2,3249.4,5,1,3249.5,442,2,3249.6,47,2
11536,2025-12-30 15:05:18+05:30,3248.7,7,3251.5,2157576,71244.0,93058.0,3250.0,3267.5,3239.5,3251.5,46047400,3576.6,2926.4,4322.95,2866.6,3248.9,56,1,3248.7,3,1,3248.6,10,1,3248.4,3,1,3248.2,113,2,3249.1,89,3,3249.2,34,4,3249.3,12,1,3249.4,43,3,3249.5,437,2
11536,2025-12-30 15:05:18+05:30,3249.1,1,3251.5,2157576,71244.0,93058.0,3250.0,3267.5,3239.5,3251.5,46047400,3576.6,2926.4,4322.95,2866.6,3248.9,56,1,3248.7,3,1,3248.6,10,1,3248.4,3,1,3248.2,113,2,3249.1,89,3,3249.2,34,4,3249.3,12,1,3249.4,43,3,3249.5,437,2
11536,2025-12-30 15:05:19+05:30,3248.9,16,3251.5,2157633,71262.0,93193.0,3250.0,3267.5,3239.5,3251.5,46047400,3576.6,2926.4,4322.95,2866.6,3248.9,95,3,3248.8,9,1,3248.7,3,1,3248.4,3,1,3248.2,113,2,3249.1,98,4,3249.2,9,2,3249.3,21,2,3249.4,75,4,3249.5,437,2
11536,2025-12-30 15:05:20+05:30,3248.0,5,3251.49,2158327,70480.0,95191.0,3250.0,3267.5,3239.5,3251.5,46047400,3576.6,2926.4,4322.95,2866.6,3247.9,1,1,3247.8,414,3,3247.7,193,2,3247.6,63,3,3247.4,43,4,3248.0,19,2,3248.1,1,1,3248.2,7,1,3248.7,21,1,3248.8,153,2
11536,2025-12-30 15:05:20+05:30,3248.0,5,3251.49,2158327,70480.0,95191.0,3250.0,3267.5,3239.5,3251.5,46047400,3576.6,2926.4,4322.95,2866.6,3247.9,1,1,3247.8,414,3,3247.7,193,2,3247.6,63,3,3247.4,43,4,3248.0,19,2,3248.1,1,1,3248.2,7,1,3248.7,21,1,3248.8,153,2
11536,2025-12-30 15:05:21+05:30,3248.9,2,3251.49,2158854,69317.0,92234.0,3250.0,3267.5,3239.5,3251.5,46047400,3576.6,2926.4,4322.95,2866.6,3248.0,13,2,3247.8,414,3,3247.7,193,2,3247.6,63,3,3247.4,130,6,3248.9,17,2,3249.0,25,3,3249.1,444,4,3249.2,367,6,3249.3,316,3
11536,2025-12-30 15:05:22+05:30,3249.0,29,3251.49,2160400,71715.0,95362.0,3250.0,3267.5,3239.5,3251.5,46047400,3576.6,2926.4,4322.95,2866.6,3249.0,429,2,3248.0,23,3,3247.8,414,3,3247.7,193,2,3247.6,586,5,3249.1,406,8,3249.2,294,3,3249.3,282,1,3249.4,434,8,3249.5,545,2
11536,2025-12-30 15:05:22+05:30,3249.0,29,3251.49,2160400,71715.0,95362.0,3250.0,3267.5,3239.5,3251.5,46047400,3576.6,2926.4,4322.95,2866.6,3249.0,429,2,3248.0,23,3,3247.8,414,3,3247.7,193,2,3247.6,586,5,3249.1,406,8,3249.2,294,3,3249.3,282,1,3249.4,434,8,3249.5,545,2
11536,2025-12-30 15:05:23+05:30,3249.0,5,3251.49,2160412,71422.0,93720.0,3250.0,3267.5,3239.5,3251.5,46047400,3576.6,2926.4,4322.95,2866.6,3249.0,430,4,3248.6,25,1,3248.5,25,1,3248.1,27,1,3248.0,159,5,3249.1,321,5,3249.2,287,2,3249.3,350,2,3249.4,308,4,3249.5,545,2
11536,2025-12-30 15:05:24+05:30,3249.1,1,3251.49,2160412,71422.0,93720.0,3250.0,3267.5,3239.5,3251.5,46047400,3576.6,2926.4,4322.95,2866.6,3249.0,430,4,3248.6,25,1,3248.5,25,1,3248.1,27,1,3248.0,159,5,3249.1,321,5,3249.2,287,2,3249.3,350,2,3249.4,308,4,3249.5,545,2
11536,2025-12-30 15:05:24+05:30,3249.0,1,3251.49,2160562,72335.0,94964.0,3250.0,3267.5,3239.5,3251.5,46047400,3576.6,2926.4,4322.95,2866.6,3249.0,910,7,3248.8,235,1,3248.6,25,1,3248.5,25,1,3248.1,27,1,3249.1,264,6,3249.2,287,2,3249.3,352,3,3249.4,306,3,3249.5,545,2
11536,2025-12-30 15:05:26+05:30,3249.0,15,3251.49,2160675,72425.0,95105.0,3250.0,3267.5,3239.5,3251.5,46047400,3576.6,2926.4,4322.95,2866.6,3249.0,964,14,3248.9,235,1,3248.4,29,1,3248.3,31,1,3248.2,31,1,3249.1,248,6,3249.2,287,2,3249.3,352,3,3249.4,306,3,3249.5,545,2
11536,2025-12-30 15:05:26+05:30,3249.0,20,3251.49,2160675,72425.0,95105.0,3250.0,3267.5,3239.5,3251.5,46047400,3576.6,2926.4,4322.95,2866.6,3249.0,964,14,3248.9,235,1,3248.4,29,1,3248.3,31,1,3248.2,31,1,3249.1,248,6,3249.2,287,2,3249.3,352,3,3249.4,306,3,3249.5,545,2
11536,2025-12-30 15:05:27+05:30,3249.1,9,3251.49,2160899,70840.0,91466.0,3250.0,3267.5,3239.5,3251.5,46047400,3576.6,2926.4,4322.95,2866.6,3249.0,802,15,3248.9,235,1,3248.6,29,1,3248.5,90,2,3248.3,3,1,3249.1,249,7,3249.2,289,3,3249.3,350,2,3249.4,306,3,3249.5,545,2
11536,2025-12-30 15:05:28+05:30,3249.0,1,3251.49,2160938,71968.0,93853.0,3250.0,3267.5,3239.5,3251.5,46047400,3576.6,2926.4,4322.95,2866.6,3249.0,1013,18,3248.9,25,1,3248.8,25,1,3248.7,25,1,3248.6,29,1,3249.1,262,8,3249.2,287,2,3249.3,294,2,3249.4,306,3,3249.5,129,1
11536,2025-12-30 15:05:28+05:30,3249.0,1,3251.49,2160938,71968.0,93853.0,3250.0,3267.5,3239.5,3251.5,46047400,3576.6,2926.4,4322.95,2866.6,3249.0,1013,18,3248.9,25,1,3248.8,25,1,3248.7,25,1,3248.6,29,1,3249.1,262,8,3249.2,287,2,3249.3,294,2,3249.4,306,3,3249.5,129,1
11536,2025-12-30 15:05:29+05:30,3249.1,5,3251.49,2161487,71919.0,92705.0,3250.0,3267.5,3239.5,3251.5,46047400,3576.6,2926.4,4322.95,2866.6,3249.1,218,1,3249.0,859,15,3248.3,143,4,3248.2,67,2,3248.1,58,2,3249.2,287,2,3249.3,294,2,3249.4,306,3,3249.5,129,1,3249.6,31,1
11536,2025-12-30 15:05:30+05:30,3249.1,3,3251.49,2162356,71165.0,93415.0,3250.0,3267.5,3239.5,3251.5,46047400,3576.6,2926.4,4322.95,2866.6,3249.1,148,2,3249.0,758,9,3248.3,67,3,3248.2,34,1,3248.1,59,3,3249.2,470,6,3249.3,318,3,3249.4,306,3,3249.5,155,2,3249.8,31,1
11536,2025-12-30 15:05:30+05:30,3249.2,1,3251.49,2162356,71165.0,93415.0,3250.0,3267.5,3239.5,3251.5,46047400,3576.6,2926.4,4322.95,2866.6,3249.1,148,2,3249.0,758,9,3248.3,67,3,3248.2,34,1,3248.1,59,3,3249.2,470,6,3249.3,318,3,3249.4,306,3,3249.5,155,2,3249.8,31,1
11536,2025-12-30 15:05:31+05:30,3249.1,13,3251.49,2162889,72122.0,91085.0,3250.0,3267.5,3239.5,3251.5,46047400,3576.6,2926.4,4322.95,2866.6,3249.1,262,5,3249.0,768,9,3248.3,32,1,3248.1,1,1,3248.0,153,3,3249.2,528,13,3249.3,302,3,3249.4,335,4,3249.5,205,2,3249.6,43,3
11536,2025-12-30 15:05:32+05:30,3249.1,2,3251.49,2162889,72122.0,91085.0,3250.0,3267.5,3239.5,3251.5,46047400,3576.6,2926.4,4322.95,2866.6,3249.1,262,5,3249.0,768,9,3248.3,32,1,3248.1,1,1,3248.0,153,3,3249.2,528,13,3249.3,302,3,3249.4,335,4,3249.5,205,2,3249.6,43,3
11536,2025-12-30 15:05:32+05:30,3249.2,1,3251.49,2164012,71373.0,93135.0,3250.0,3267.5,3239.5,3251.5,46047400,3576.6,2926.4,4322.95,2866.6,3249.1,38,5,3249.0,768,9,3248.9,29,1,3248.3,32,1,3248.1,1,1,3249.2,518,13,3249.3,302,3,3249.4,335,4,3249.5,130,2,3249.6,93,2
11536,2025-12-30 15:05:33+05:30,3249.2,2,3251.49,2164054,71751.0,95208.0,3250.0,3267.5,3239.5,3251.5,46047400,3576.6,2926.4,4322.95,2866.6,3249.1,86,5,3249.0,768,9,3248.9,29,1,3248.3,32,1,3248.1,1,1,3249.2,551,17,3249.3,292,2,3249.4,1191,6,3249.5,130,2,3249.6,93,2
11536,2025-12-30 15:05:34+05:30,3249.0,9,3251.49,2164054,71751.0,95208.0,3250.0,3267.5,3239.5,3251.5,46047400,3576.6,2926.4,4322.95,2866.6,3249.1,86,5,3249.0,768,9,3248.9,29,1,3248.3,32,1,3248.1,1,1,3249.2,551,17,3249.3,292,2,3249.4,1191,6,3249.5,130,2,3249.6,93,2
11536,2025-12-30 15:05:34+05:30,3249.2,213,3251.48,2167416,71840.0,93862.0,3250.0,3267.5,3239.5,3251.5,46047400,3576.6,2926.4,4322.95,2866.6,3249.1,485,1,3249.0,497,4,3248.9,83,2,3248.3,134,2,3248.1,1,1,3249.2,71,6,3249.3,282,1,3249.4,1192,7,3249.5,129,1,3249.6,31,1
11536,2025-12-30 15:05:35+05:30,3249.1,5,3251.48,2167438,71905.0,94052.0,3250.0,3267.5,3239.5,3251.5,46047400,3576.6,2926.4,4322.95,2866.6,3249.1,466,3,3249.0,497,4,3248.9,83,2,3248.3,134,2,3248.1,9,2,3249.2,78,8,3249.3,282,1,3249.4,1192,7,3249.5,134,2,3249.6,31,1
11536,2025-12-30 15:05:36+05:30,3249.2,1,3251.48,2167438,71905.0,94052.0,3250.0,3267.5,3239.5,3251.5,46047400,3576.6,2926.4,4322.95,2866.6,3249.1,466,3,3249.0,497,4,3248.9,83,2,3248.3,134,2,3248.1,9,2,3249.2,78,8,3249.3,282,1,3249.4,1192,7,3249.5,134,2,3249.6,31,1
11536,2025-12-30 15:05:36+05:30,3249.2,8,3251.48,2167915,70160.0,94078.0,3250.0,3267.5,3239.5,3251.5,46047400,3576.6,2926.4,4322.95,2866.6,3249.1,38,4,3249.0,497,4,3248.9,83,2,3248.3,134,2,3248.1,9,2,3249.2,68,8,3249.3,283,2,3249.4,1191,6,3249.5,134,2,3249.6,110,3
11536,2025-12-30 15:05:37+05:30,3249.2,5,3251.48,2168064,70659.0,94505.0,3250.0,3267.5,3239.5,3251.5,46047400,3576.6,2926.4,4322.95,2866.6,3249.1,62,5,3249.0,497,4,3248.9,83,2,3248.3,134,2,3248.1,9,2,3249.2,213,7,3249.3,283,2,3249.4,1191,6,3249.5,134,2,3249.6,110,3
11536,2025-12-30 15:05:38+05:30,3249.1,127,3251.48,2168064,70659.0,94505.0,3250.0,3267.5,3239.5,3251.5,46047400,3576.6,2926.4,4322.95,2866.6,3249.1,62,5,3249.0,497,4,3248.9,83,2,3248.3,134,2,3248.1,9,2,3249.2,213,7,3249.3,283,2,3249.4,1191,6,3249.5,134,2,3249.6,110,3
11536,2025-12-30 15:05:38+05:30,3249.1,1,3251.48,2168295,69384.0,94210.0,3250.0,3267.5,3239.5,3251.5,46047400,3576.6,2926.4,4322.95,2866.6,3249.1,164,2,3249.0,497,4,3248.9,83,2,3248.3,134,2,3248.1,9,2,3249.2,205,5,3249.3,314,4,3249.4,1192,7,3249.5,134,2,3249.6,141,4
11536,2025-12-30 15:05:39+05:30,3249.1,1,3251.48,2168369,71242.0,94791.0,3250.0,3267.5,3239.5,3251.5,46047400,3576.6,2926.4,4322.95,2866.6,3249.1,451,3,3249.0,708,6,3248.9,83,2,3248.6,29,1,3248.5,30,1,3249.2,146,6,3249.3,290,3,3249.4,1163,6,3249.5,134,2,3249.6,130,3
11536,2025-12-30 15:05:40+05:30,3249.3,40,3251.48,2168369,71242.0,94791.0,3250.0,3267.5,3239.5,3251.5,46047400,3576.6,2926.4,4322.95,2866.6,3249.1,451,3,3249.0,708,6,3248.9,83,2,3248.6,29,1,3248.5,30,1,3249.2,146,6,3249.3,290,3,3249.4,1163,6,3249.5,134,2,3249.6,130,3
11536,2025-12-30 15:05:40+05:30,3249.2,16,3251.48,2169813,71919.0,94146.0,3250.0,3267.5,3239.5,3251.5,46047400,3576.6,2926.4,4322.95,2866.6,3249.2,400,4,3249.1,523,5,3249.0,708,6,3248.9,83,2,3248.4,34,1,3249.3,246,4,3249.4,1190,7,3249.5,134,2,3249.6,99,2,3249.7,1,1
11536,2025-12-30 15:05:41+05:30,3249.2,90,3251.48,2170039,71406.0,93900.0,3250.0,3267.5,3239.5,3251.5,46047400,3576.6,2926.4,4322.95,2866.6,3249.2,386,6,3249.1,586,7,3249.0,503,5,3248.9,83,2,3248.5,6,1,3249.3,293,5,3249.4,1176,6,3249.5,134,2,3249.6,111,3,3249.7,1,1
11536,2025-12-30 15:05:42+05:30,3249.2,2,3251.48,2170039,71406.0,93900.0,3250.0,3267.5,3239.5,3251.5,46047400,3576.6,2926.4,4322.95,2866.6,3249.2,386,6,3249.1,586,7,3249.0,503,5,3248.9,83,2,3248.5,6,1,3249.3,293,5,3249.4,1176,6,3249.5,134,2,3249.6,111,3,3249.7,1,1
11536,2025-12-30 15:05:43+05:30,3249.2,5,3251.48,2170268,71822.0,93354.0,3250.0,3267.5,3239.5,3251.5,46047400,3576.6,2926.4,4322.95,2866.6,3249.2,520,11,3249.1,514,5,3249.0,503,5,3248.9,83,2,3248.4,46,2,3249.3,300,7,3249.4,1149,5,3249.5,134,2,3249.6,112,4,3249.7,12,1
11536,2025-12-30 15:05:44+05:30,3249.4,39,3251.48,2170963,72056.0,93223.0,3250.0,3267.5,3239.5,3251.5,46047400,3576.6,2926.4,4322.95,2866.6,3249.3,23,1,3249.2,847,10,3249.1,514,5,3249.0,503,5,3248.9,114,3,3249.4,829,4,3249.5,134,2,3249.6,81,3,3249.8,21,2,3249.9,6,2
11536,2025-12-30 15:05:44+05:30,3249.6,11,3251.48,2170963,72056.0,93223.0,3250.0,3267.5,3239.5,3251.5,46047400,3576.6,2926.4,4322.95,2866.6,3249.3,23,1,3249.2,847,10,3249.1,514,5,3249.0,503,5,3248.9,114,3,3249.4,829,4,3249.5,134,2,3249.6,81,3,3249.8,21,2,3249.9,6,2
11536,2025-12-30 15:05:45+05:30,3249.6,30,3251.48,2172492,72558.0,92151.0,3250.0,3267.5,3239.5,3251.5,46047400,3576.6,2926.4,4322.95,2866.6,3249.6,294,3,3249.5,29,1,3249.4,63,2,3249.3,426,7,3249.2,876,11,3250.6,32,3,3250.7,52,2,3250.9,216,3,3251.0,1519,7,3251.2,144,6
11536,2025-12-30 15:05:46+05:30,3250.7,1,3251.48,2172983,71473.0,91879.0,3250.0,3267.5,3239.5,3251.5,46047400,3576.6,2926.4,4322.95,2866.6,3249.6,255,11,3249.5,84,2,3249.4,78,2,3249.3,321,4,3249.2,788,7,3250.7,197,6,3250.9,250,5,3251.0,1519,7,3251.1,46,1,3251.2,78,5
11536,2025-12-30 15:05:46+05:30,3250.7,1,3251.48,2172983,71473.0,91879.0,3250.0,3267.5,3239.5,3251.5,46047400,3576.6,2926.4,4322.95,2866.6,3249.6,255,11,3249.5,84,2,3249.4,78,2,3249.3,321,4,3249.2,788,7,3250.7,197,6,3250.9,250,5,3251.0,1519,7,3251.1,46,1,3251.2,78,5
11536,2025-12-30 15:05:47+05:30,3250.0,1,3251.48,2173169,71610.0,92385.0,3250.0,3267.5,3239.5,3251.5,46047400,3576.6,2926.4,4322.95,2866.6,3250.0,156,1,3249.6,402,18,3249.5,76,3,3249.4,78,2,3249.3,181,3,3250.7,36,6,3250.9,179,4,3251.0,1553,8,3251.1,175,1,3251.2,99,6
11536,2025-12-30 15:05:48+05:30,3250.0,16,3251.48,2174275,70910.0,92542.0,3250.0,3267.5,3239.5,3251.5,46047400,3576.6,2926.4,4322.95,2866.6,3250.0,467,1,3249.6,665,17,3249.5,44,2,3249.4,41,2,3249.3,256,3,3250.7,24,5,3250.8,8,2,3250.9,14,3,3251.0,1718,9,3251.2,215,5
11536,2025-12-30 15:05:48+05:30,3250.7,1,3251.48,2174275,70910.0,92542.0,3250.0,3267.5,3239.5,3251.5,46047400,3576.6,2926.4,4322.95,2866.6,3250.0,467,1,3249.6,665,17,3249.5,44,2,3249.4,41,2,3249.3,256,3,3250.7,24,5,3250.8,8,2,3250.9,14,3,3251.0,1718,9,3251.2,215,5
11536,2025-12-30 15:05:49+05:30,3250.5,20,3251.48,2177430,71742.0,89770.0,3250.0,3267.5,3239.5,3251.5,46047400,3576.6,2926.4,4322.95,2866.6,3250.2,60,3,3250.1,241,5,3250.0,667,14,3249.9,196,4,3249.8,67,2,3251.0,175,1,3251.6,24,2,3251.7,62,3,3252.0,225,4,3252.1,73,3
11536,2025-12-30 15:05:50+05:30,3250.2,4,3251.48,2177430,71742.0,89770.0,3250.0,3267.5,3239.5,3251.5,46047400,3576.6,2926.4,4322.95,2866.6,3250.2,60,3,3250.1,241,5,3250.0,667,14,3249.9,196,4,3249.8,67,2,3251.0,175,1,3251.6,24,2,3251.7,62,3,3252.0,225,4,3252.1,73,3
11536,2025-12-30 15:05:50+05:30,3250.2,4,3251.48,2177789,71525.0,91852.0,3250.0,3267.5,3239.5,3251.5,46047400,3576.6,2926.4,4322.95,2866.6,3250.2,3,1,3250.1,31,1,3250.0,641,13,3249.9,139,3,3249.8,34,1,3250.3,13,2,3251.0,156,3,3251.2,25,1,3251.4,80,3,3251.5,71,2
11536,2025-12-30 15:05:51+05:30,3250.3,2,3251.48,2177909,71785.0,91703.0,3250.0,3267.5,3239.5,3251.5,46047400,3576.6,2926.4,4322.95,2866.6,3250.2,50,3,3250.0,669,13,3249.9,110,2,3249.7,50,2,3249.6,577,7,3250.3,24,2,3250.6,14,1,3250.7,1,1,3251.0,331,4,3251.1,35,1
11536,2025-12-30 15:05:52+05:30,3250.2,8,3251.48,2177909,71785.0,91703.0,3250.0,3267.5,3239.5,3251.5,46047400,3576.6,2926.4,4322.95,2866.6,3250.2,50,3,3250.0,669,13,3249.9,110,2,3249.7,50,2,3249.6,577,7,3250.3,24,2,3250.6,14,1,3250.7,1,1,3251.0,331,4,3251.1,35,1
11536,2025-12-30 15:05:52+05:30,3250.0,14,3251.48,2178187,71129.0,91691.0,3250.0,3267.5,3239.5,3251.5,46047400,3576.6,2926.4,4322.95,2866.6,3250.0,676,7,3249.9,63,2,3249.8,72,3,3249.7,56,3,3249.6,486,5,3250.2,6,2,3250.3,61,3,3250.5,15,2,3250.6,14,1,3251.0,319,2
11536,2025-12-30 15:05:53+05:30,3250.3,1,3251.48,2178242,72108.0,90376.0,3250.0,3267.5,3239.5,3251.5,46047400,3576.6,2926.4,4322.95,2866.6,3250.1,489,1,3250.0,562,7,3249.9,187,4,3249.8,100,3,3249.7,72,4,3250.3,62,4,3250.5,14,1,3250.6,15,2,3250.9,175,1,3251.0,144,1
11536,2025-12-30 15:05:54+05:30,3250.3,1,3251.48,2178242,72108.0,90376.0,3250.0,3267.5,3239.5,3251.5,46047400,3576.6,2926.4,4322.95,2866.6,3250.1,489,1,3250.0,562,7,3249.9,187,4,3249.8,100,3,3249.7,72,4,3250.3,62,4,3250.5,14,1,3250.6,15,2,3250.9,175,1,3251.0,144,1
11536,2025-12-30 15:05:54+05:30,3250.3,1,3251.48,2178242,72108.0,90376.0,3250.0,3267.5,3239.5,3251.5,46047400,3576.6,2926.4,4322.95,2866.6,3250.1,489,1,3250.0,562,7,3249.9,187,4,3249.8,100,3,3249.7,72,4,3250.3,62,4,3250.5,14,1,3250.6,15,2,3250.9,175,1,3251.0,144,1
11536,2025-12-30 15:05:54+05:30,3250.1,17,3251.48,2178447,71975.0,91656.0,3250.0,3267.5,3239.5,3251.5,46047400,3576.6,2926.4,4322.95,2866.6,3250.1,417,4,3250.0,517,7,3249.9,187,4,3249.8,54,3,3249.7,46,2,3250.3,60,4,3250.5,15,2,3250.6,14,1,3250.9,175,1,3251.0,144,1
11536,2025-12-30 15:05:55+05:30,3250.1,17,3251.48,2178447,71975.0,91656.0,3250.0,3267.5,3239.5,3251.5,46047400,3576.6,2926.4,4322.95,2866.6,3250.1,417,4,3250.0,517,7,3249.9,187,4,3249.8,54,3,3249.7,46,2,3250.3,60,4,3250.5,15,2,3250.6,14,1,3250.9,175,1,3251.0,144,1
11536,2025-12-30 15:05:55+05:30,3250.1,1,3251.48,2178488,72055.0,91728.0,3250.0,3267.5,3239.5,3251.5,46047400,3576.6,2926.4,4322.95,2866.6,3250.1,412,5,3250.0,606,7,3249.9,148,4,3249.8,34,2,3249.7,46,2,3250.3,318,6,3250.5,15,2,3250.6,14,1,3250.9,175,1,3251.0,144,1
11536,2025-12-30 15:05:56+05:30,3250.1,11,3251.48,2178488,72055.0,91728.0,3250.0,3267.5,3239.5,3251.5,46047400,3576.6,2926.4,4322.95,2866.6,3250.1,412,5,3250.0,606,7,3249.9,148,4,3249.8,34,2,3249.7,46,2,3250.3,318,6,3250.5,15,2,3250.6,14,1,3250.9,175,1,3251.0,144,1
11536,2025-12-30 15:05:56+05:30,3250.1,11,3251.48,2178488,72055.0,91728.0,3250.0,3267.5,3239.5,3251.5,46047400,3576.6,2926.4,4322.95,2866.6,3250.1,412,5,3250.0,606,7,3249.9,148,4,3249.8,34,2,3249.7,46,2,3250.3,318,6,3250.5,15,2,3250.6,14,1,3250.9,175,1,3251.0,144,1
11536,2025-12-30 15:05:56+05:30,3250.1,17,3251.48,2178572,71488.0,91877.0,3250.0,3267.5,3239.5,3251.5,46047400,3576.6,2926.4,4322.95,2866.6,3250.1,341,8,3250.0,606,7,3249.9,72,3,3249.8,82,3,3249.7,46,2,3250.3,308,6,3250.4,1,1,3250.5,14,1,3250.6,14,1,3250.9,175,1
11536,2025-12-30 15:05:57+05:30,3250.1,17,3251.48,2178572,71488.0,91877.0,3250.0,3267.5,3239.5,3251.5,46047400,3576.6,2926.4,4322.95,2866.6,3250.1,341,8,3250.0,606,7,3249.9,72,3,3249.8,82,3,3249.7,46,2,3250.3,308,6,3250.4,1,1,3250.5,14,1,3250.6,14,1,3250.9,175,1
11536,2025-12-30 15:05:57+05:30,3250.3,3,3251.48,2178577,71523.0,91784.0,3250.0,3267.5,3239.5,3251.5,46047400,3576.6,2926.4,4322.95,2866.6,3250.1,342,9,3250.0,673,8,3249.9,72,3,3249.8,82,3,3249.7,46,2,3250.3,366,8,3250.4,1,1,3250.6,14,1,3250.7,10,1,3250.8,20,1
11536,2025-12-30 15:05:58+05:30,3250.1,9,3251.48,2178577,71523.0,91784.0,3250.0,3267.5,3239.5,3251.5,46047400,3576.6,2926.4,4322.95,2866.6,3250.1,342,9,3250.0,673,8,3249.9,72,3,3249.8,82,3,3249.7,46,2,3250.3,366,8,3250.4,1,1,3250.6,14,1,3250.7,10,1,3250.8,20,1
11536,2025-12-30 15:05:58+05:30,3250.1,9,3251.48,2178577,71523.0,91784.0,3250.0,3267.5,3239.5,3251.5,46047400,3576.6,2926.4,4322.95,2866.6,3250.1,342,9,3250.0,673,8,3249.9,72,3,3249.8,82,3,3249.7,46,2,3250.3,366,8,3250.4,1,1,3250.6,14,1,3250.7,10,1,3250.8,20,1
11536,2025-12-30 15:05:58+05:30,3250.1,1,3251.48,2178821,72246.0,92027.0,3250.0,3267.5,3239.5,3251.5,46047400,3576.6,2926.4,4322.95,2866.6,3250.1,590,11,3250.0,673,8,3249.9,43,2,3249.8,49,2,3249.7,46,2,3250.3,375,9,3250.6,14,1,3250.8,20,1,3250.9,175,1,3251.0,144,1
11536,2025-12-30 15:05:59+05:30,3250.1,1,3251.48,2178821,72246.0,92027.0,3250.0,3267.5,3239.5,3251.5,46047400,3576.6,2926.4,4322.95,2866.6,3250.1,590,11,3250.0,673,8,3249.9,43,2,3249.8,49,2,3249.7,46,2,3250.3,375,9,3250.6,14,1,3250.8,20,1,3250.9,175,1,3251.0,144,1
11536,2025-12-30 15:05:59+05:30,3250.3,1,3251.48,2178822,72473.0,91944.0,3250.0,3267.5,3239.5,3251.5,46047400,3576.6,2926.4,4322.95,2866.6,3250.1,683,13,3250.0,673,8,3249.9,43,2,3249.8,49,2,3249.7,82,3,3250.3,359,8,3250.6,14,1,3250.8,20,1,3250.9,175,1,3251.0,144,1
11536,2025-12-30 15:06:00+05:30,3250.3,1,3251.48,2178822,72473.0,91944.0,3250.0,3267.5,3239.5,3251.5,46047400,3576.6,2926.4,4322.95,2866.6,3250.1,683,13,3250.0,673,8,3249.9,43,2,3249.8,49,2,3249.7,82,3,3250.3,359,8,3250.6,14,1,3250.8,20,1,3250.9,175,1,3251.0,144,1
11536,2025-12-30 15:06:00+05:30,3250.1,6,3251.47,2182124,68212.0,92023.0,3250.0,3267.5,3239.5,3251.5,46047400,3576.6,2926.4,4322.95,2866.6,3250.1,13,1,3250.0,105,1,3249.9,23,2,3249.8,1,1,3249.6,428,3,3250.2,16,3,3250.3,552,14,3250.5,54,2,3250.6,61,4,3250.8,48,2
11536,2025-12-30 15:06:01+05:30,3250.1,6,3251.47,2182124,68212.0,92023.0,3250.0,3267.5,3239.5,3251.5,46047400,3576.6,2926.4,4322.95,2866.6,3250.1,13,1,3250.0,105,1,3249.9,23,2,3249.8,1,1,3249.6,428,3,3250.2,16,3,3250.3,552,14,3250.5,54,2,3250.6,61,4,3250.8,48,2
11536,2025-12-30 15:06:01+05:30,3250.0,8,3251.47,2182721,69737.0,91954.0,3250.0,3267.5,3239.5,3251.5,46047400,3576.6,2926.4,4322.95,2866.6,3250.0,17,3,3249.9,23,2,3249.8,1,1,3249.6,428,3,3249.5,12,1,3250.1,47,5,3250.2,76,7,3250.3,434,12,3250.4,12,2,3250.5,21,1
11536,2025-12-30 15:06:02+05:30,3249.6,102,3251.47,2182721,69737.0,91954.0,3250.0,3267.5,3239.5,3251.5,46047400,3576.6,2926.4,4322.95,2866.6,3250.0,17,3,3249.9,23,2,3249.8,1,1,3249.6,428,3,3249.5,12,1,3250.1,47,5,3250.2,76,7,3250.3,434,12,3250.4,12,2,3250.5,21,1
11536,2025-12-30 15:06:02+05:30,3249.6,102,3251.47,2182721,69737.0,91954.0,3250.0,3267.5,3239.5,3251.5,46047400,3576.6,2926.4,4322.95,2866.6,3250.0,17,3,3249.9,23,2,3249.8,1,1,3249.6,428,3,3249.5,12,1,3250.1,47,5,3250.2,76,7,3250.3,434,12,3250.4,12,2,3250.5,21,1
11536,2025-12-30 15:06:03+05:30,3250.1,32,3251.47,2184313,69004.0,92589.0,3250.0,3267.5,3239.5,3251.5,46047400,3576.6,2926.4,4322.95,2866.6,3250.1,52,1,3250.0,7,1,3249.6,333,3,3249.5,12,1,3249.4,18,2,3250.2,87,8,3250.3,432,11,3250.4,11,1,3250.5,22,2,3250.6,48,2
11536,2025-12-30 15:06:03+05:30,3250.1,32,3251.47,2184313,69004.0,92589.0,3250.0,3267.5,3239.5,3251.5,46047400,3576.6,2926.4,4322.95,2866.6,3250.1,52,1,3250.0,7,1,3249.6,333,3,3249.5,12,1,3249.4,18,2,3250.2,87,8,3250.3,432,11,3250.4,11,1,3250.5,22,2,3250.6,48,2
11536,2025-12-30 15:06:04+05:30,3250.1,12,3251.47,2184362,69788.0,93063.0,3250.0,3267.5,3239.5,3251.5,46047400,3576.6,2926.4,4322.95,2866.6,3250.1,7,2,3250.0,11,5,3249.6,333,3,3249.5,12,1,3249.4,18,2,3250.2,82,7,3250.3,432,11,3250.4,1152,3,3250.5,21,1,3250.6,60,2
11536,2025-12-30 15:06:04+05:30,3250.1,12,3251.47,2184362,69788.0,93063.0,3250.0,3267.5,3239.5,3251.5,46047400,3576.6,2926.4,4322.95,2866.6,3250.1,7,2,3250.0,11,5,3249.6,333,3,3249.5,12,1,3249.4,18,2,3250.2,82,7,3250.3,432,11,3250.4,1152,3,3250.5,21,1,3250.6,60,2
11536,2025-12-30 15:06:04+05:30,3250.2,1,3251.47,2184362,69788.0,93063.0,3250.0,3267.5,3239.5,3251.5,46047400,3576.6,2926.4,4322.95,2866.6,3250.1,7,2,3250.0,11,5,3249.6,333,3,3249.5,12,1,3249.4,18,2,3250.2,82,7,3250.3,432,11,3250.4,1152,3,3250.5,21,1,3250.6,60,2
11536,2025-12-30 15:06:05+05:30,3250.1,12,3251.47,2184928,68097.0,93048.0,3250.0,3267.5,3239.5,3251.5,46047400,3576.6,2926.4,4322.95,2866.6,3250.1,172,6,3250.0,10,4,3249.6,333,3,3249.5,49,2,3249.4,41,3,3250.3,319,12,3250.4,1140,1,3250.5,22,2,3250.6,14,1,3250.8,46,1
11536,2025-12-30 15:06:05+05:30,3250.1,12,3251.47,2184928,68097.0,93048.0,3250.0,3267.5,3239.5,3251.5,46047400,3576.6,2926.4,4322.95,2866.6,3250.1,172,6,3250.0,10,4,3249.6,333,3,3249.5,49,2,3249.4,41,3,3250.3,319,12,3250.4,1140,1,3250.5,22,2,3250.6,14,1,3250.8,46,1
11536,2025-12-30 15:06:06+05:30,3250.0,9,3251.47,2186919,68336.0,93825.0,3250.0,3267.5,3239.5,3251.5,46047400,3576.6,2926.4,4322.95,2866.6,3250.0,10,1,3249.6,435,3,3249.5,12,1,3249.4,18,2,3249.3,40,1,3250.1,176,5,3250.2,200,5,3250.3,43,7,3250.4,1140,1,3250.5,21,1
11536,2025-12-30 15:06:06+05:30,3250.1,1,3251.47,2186919,68336.0,93825.0,3250.0,3267.5,3239.5,3251.5,46047400,3576.6,2926.4,4322.95,2866.6,3250.0,10,1,3249.6,435,3,3249.5,12,1,3249.4,18,2,3249.3,40,1,3250.1,176,5,3250.2,200,5,3250.3,43,7,3250.4,1140,1,3250.5,21,1
11536,2025-12-30 15:06:07+05:30,3250.1,1,3251.47,2186919,68336.0,93825.0,3250.0,3267.5,3239.5,3251.5,46047400,3576.6,2926.4,4322.95,2866.6,3250.0,10,1,3249.6,435,3,3249.5,12,1,3249.4,18,2,3249.3,40,1,3250.1,176,5,3250.2,200,5,3250.3,43,7,3250.4,1140,1,3250.5,21,1
11536,2025-12-30 15:06:07+05:30,3249.9,30,3251.47,2186960,69084.0,93459.0,3250.0,3267.5,3239.5,3251.5,46047400,3576.6,2926.4,4322.95,2866.6,3249.6,435,3,3249.5,23,2,3249.4,18,2,3249.3,40,1,3249.2,337,4,3250.1,181,5,3250.2,200,5,3250.3,43,7,3250.4,1140,1,3250.5,21,1
11536,2025-12-30 15:06:08+05:30,3249.9,22,3251.47,2187030,69690.0,93710.0,3250.0,3267.5,3239.5,3251.5,46047400,3576.6,2926.4,4322.95,2866.6,3249.7,67,1,3249.6,435,3,3249.5,23,2,3249.4,18,2,3249.3,40,1,3249.9,23,3,3250.0,10,2,3250.1,165,4,3250.2,191,3,3250.3,41,5
11536,2025-12-30 15:06:08+05:30,3249.9,22,3251.47,2187030,69690.0,93710.0,3250.0,3267.5,3239.5,3251.5,46047400,3576.6,2926.4,4322.95,2866.6,3249.7,67,1,3249.6,435,3,3249.5,23,2,3249.4,18,2,3249.3,40,1,3249.9,23,3,3250.0,10,2,3250.1,165,4,3250.2,191,3,3250.3,41,5
11536,2025-12-30 15:06:08+05:30,3249.9,22,3251.47,2187030,69690.0,93710.0,3250.0,3267.5,3239.5,3251.5,46047400,3576.6,2926.4,4322.95,2866.6,3249.7,67,1,3249.6,435,3,3249.5,23,2,3249.4,18,2,3249.3,40,1,3249.9,23,3,3250.0,10,2,3250.1,165,4,3250.2,191,3,3250.3,41,5
11536,2025-12-30 15:06:09+05:30,3249.7,6,3251.47,2187355,68098.0,93845.0,3250.0,3267.5,3239.5,3251.5,46047400,3576.6,2926.4,4322.95,2866.6,3249.7,10,6,3249.6,388,3,3249.5,12,1,3249.4,18,2,3249.3,40,1,3249.9,21,1,3250.0,15,2,3250.1,200,7,3250.2,191,3,3250.3,55,3
11536,2025-12-30 15:06:10+05:30,3249.6,1,3251.47,2187355,68098.0,93845.0,3250.0,3267.5,3239.5,3251.5,46047400,3576.6,2926.4,4322.95,2866.6,3249.7,10,6,3249.6,388,3,3249.5,12,1,3249.4,18,2,3249.3,40,1,3249.9,21,1,3250.0,15,2,3250.1,200,7,3250.2,191,3,3250.3,55,3
11536,2025-12-30 15:06:10+05:30,3249.8,1,3251.47,2187991,69239.0,93387.0,3250.0,3267.5,3239.5,3251.5,46047400,3576.6,2926.4,4322.95,2866.6,3249.6,525,5,3249.5,13,2,3249.4,18,2,3249.3,40,1,3249.2,375,5,3249.8,12,2,3249.9,7,1,3250.0,15,2,3250.1,212,8,3250.2,206,4
11536,2025-12-30 15:06:10+05:30,3249.8,1,3251.47,2187991,69239.0,93387.0,3250.0,3267.5,3239.5,3251.5,46047400,3576.6,2926.4,4322.95,2866.6,3249.6,525,5,3249.5,13,2,3249.4,18,2,3249.3,40,1,3249.2,375,5,3249.8,12,2,3249.9,7,1,3250.0,15,2,3250.1,212,8,3250.2,206,4
11536,2025-12-30 15:06:11+05:30,3249.6,15,3251.47,2188632,68329.0,93548.0,3250.0,3267.5,3239.5,3251.5,46047400,3576.6,2926.4,4322.95,2866.6,3249.6,118,4,3249.5,13,2,3249.4,7,1,3249.3,40,1,3249.2,337,4,3249.8,86,5,3249.9,28,3,3250.0,15,2,3250.1,160,4,3250.2,242,6
11536,2025-12-30 15:06:12+05:30,3249.7,2,3251.47,2188632,68329.0,93548.0,3250.0,3267.5,3239.5,3251.5,46047400,3576.6,2926.4,4322.95,2866.6,3249.6,118,4,3249.5,13,2,3249.4,7,1,3249.3,40,1,3249.2,337,4,3249.8,86,5,3249.9,28,3,3250.0,15,2,3250.1,160,4,3250.2,242,6
11536,2025-12-30 15:06:12+05:30,3249.7,2,3251.47,2188632,68329.0,93548.0,3250.0,3267.5,3239.5,3251.5,46047400,3576.6,2926.4,4322.95,2866.6,3249.6,118,4,3249.5,13,2,3249.4,7,1,3249.3,40,1,3249.2,337,4,3249.8,86,5,3249.9,28,3,3250.0,15,2,3250.1,160,4,3250.2,242,6
11536,2025-12-30 15:06:12+05:30,3249.6,5,3251.47,2188712,68421.0,93729.0,3250.0,3267.5,3239.5,3251.5,46047400,3576.6,2926.4,4322.95,2866.6,3249.6,147,5,3249.5,13,2,3249.4,7,1,3249.3,40,1,3249.2,337,4,3249.7,47,2,3249.8,96,6,3249.9,28,3,3250.0,28,4,3250.1,205,6
11536,2025-12-30 15:06:13+05:30,3249.6,1,3251.47,2188726,68369.0,91761.0,3250.0,3267.5,3239.5,3251.5,46047400,3576.6,2926.4,4322.95,2866.6,3249.6,134,5,3249.5,89,3,3249.4,7,1,3249.3,40,1,3249.2,337,4,3249.7,68,4,3249.8,81,5,3249.9,21,2,3250.0,15,2,3250.1,205,6
11536,2025-12-30 15:06:14+05:30,3249.6,1,3251.47,2188726,68369.0,91761.0,3250.0,3267.5,3239.5,3251.5,46074175,3576.6,2926.4,4322.95,2866.6,3249.6,134,5,3249.5,89,3,3249.4,7,1,3249.3,40,1,3249.2,337,4,3249.7,68,4,3249.8,81,5,3249.9,21,2,3250.0,15,2,3250.1,205,6
11536,2025-12-30 15:06:14+05:30,3249.6,3,3251.47,2188726,68369.0,91761.0,3250.0,3267.5,3239.5,3251.5,46074175,3576.6,2926.4,4322.95,2866.6,3249.6,134,5,3249.5,89,3,3249.4,7,1,3249.3,40,1,3249.2,337,4,3249.7,68,4,3249.8,81,5,3249.9,21,2,3250.0,15,2,3250.1,205,6
11536,2025-12-30 15:06:15+05:30,3249.7,1,3251.47,2189503,67445.0,93919.0,3250.0,3267.5,3239.5,3251.5,46074175,3576.6,2926.4,4322.95,2866.6,3249.5,34,2,3249.4,7,1,3249.3,40,1,3249.2,337,4,3249.1,44,2,3249.7,63,8,3249.8,74,5,3249.9,161,6,3250.0,46,2,3250.1,185,4
11536,2025-12-30 15:06:16+05:30,3249.4,1,3251.47,2190221,67665.0,94648.0,3250.0,3267.5,3239.5,3251.5,46074175,3576.6,2926.4,4322.95,2866.6,3249.3,40,1,3249.2,337,4,3249.1,44,2,3249.0,66,3,3248.9,51,3,3249.4,37,6,3249.5,249,6,3249.6,204,5,3249.7,105,7,3249.8,73,4
11536,2025-12-30 15:06:16+05:30,3249.2,6,3251.47,2190221,67665.0,94648.0,3250.0,3267.5,3239.5,3251.5,46074175,3576.6,2926.4,4322.95,2866.6,3249.3,40,1,3249.2,337,4,3249.1,44,2,3249.0,66,3,3248.9,51,3,3249.4,37,6,3249.5,249,6,3249.6,204,5,3249.7,105,7,3249.8,73,4
11536,2025-12-30 15:06:16+05:30,3249.2,6,3251.47,2190221,67665.0,94648.0,3250.0,3267.5,3239.5,3251.5,46074175,3576.6,2926.4,4322.95,2866.6,3249.3,40,1,3249.2,337,4,3249.1,44,2,3249.0,66,3,3248.9,51,3,3249.4,37,6,3249.5,249,6,3249.6,204,5,3249.7,105,7,3249.8,73,4
11536,2025-12-30 15:06:17+05:30,3249.2,2,3251.47,2190878,68684.0,93425.0,3250.0,3267.5,3239.5,3251.5,46074175,3576.6,2926.4,4322.95,2866.6,3249.1,44,2,3249.0,66,3,3248.9,51,3,3248.8,53,2,3248.5,39,2,3249.2,9,2,3249.4,12,2,3249.5,251,5,3249.6,216,5,3249.7,80,6
11536,2025-12-30 15:06:18+05:30,3248.3,1,3251.47,2192090,67480.0,95332.0,3250.0,3267.5,3239.5,3251.5,46074175,3576.6,2926.4,4322.95,2866.6,3248.0,185,3,3247.8,400,1,3247.7,4,1,3247.6,34,1,3247.4,82,3,3248.3,14,2,3248.5,105,1,3248.7,1161,2,3249.0,28,1,3249.1,46,1
11536,2025-12-30 15:06:18+05:30,3248.3,1,3251.47,2192090,67480.0,95332.0,3250.0,3267.5,3239.5,3251.5,46074175,3576.6,2926.4,4322.95,2866.6,3248.0,185,3,3247.8,400,1,3247.7,4,1,3247.6,34,1,3247.4,82,3,3248.3,14,2,3248.5,105,1,3248.7,1161,2,3249.0,28,1,3249.1,46,1
11536,2025-12-30 15:06:19+05:30,3248.1,17,3251.47,2192179,67323.0,95436.0,3250.0,3267.5,3239.5,3251.5,46074175,3576.6,2926.4,4322.95,2866.6,3248.1,120,2,3248.0,177,6,3247.8,400,1,3247.7,4,1,3247.6,34,1,3248.2,24,2,3248.3,61,4,3248.5,105,1,3248.6,28,1,3248.7,1161,2
11536,2025-12-30 15:06:20+05:30,3248.1,14,3251.47,2192535,67579.0,95860.0,3250.0,3267.5,3239.5,3251.5,46074175,3576.6,2926.4,4322.95,2866.6,3248.1,32,1,3248.0,177,6,3247.8,400,1,3247.6,34,1,3247.4,82,3,3248.2,17,3,3248.3,68,4,3248.5,105,1,3248.6,30,1,3248.7,1161,2
11536,2025-12-30 15:06:20+05:30,3248.0,6,3251.47,2192535,67579.0,95860.0,3250.0,3267.5,3239.5,3251.5,46074175,3576.6,2926.4,4322.95,2866.6,3248.1,32,1,3248.0,177,6,3247.8,400,1,3247.6,34,1,3247.4,82,3,3248.2,17,3,3248.3,68,4,3248.5,105,1,3248.6,30,1,3248.7,1161,2
11536,2025-12-30 15:06:21+05:30,3248.0,11,3251.46,2194008,67558.0,96166.0,3250.0,3267.5,3239.5,3251.5,46074175,3576.6,2926.4,4322.95,2866.6,3248.0,62,3,3247.8,400,1,3247.4,4,2,3247.3,52,1,3247.2,26,3,3248.1,203,7,3248.2,286,5,3248.3,54,4,3248.4,32,1,3248.5,1,1
11536,2025-12-30 15:06:22+05:30,3247.3,12,3251.46,2194694,65909.0,95865.0,3250.0,3267.5,3239.5,3251.5,46074175,3576.6,2926.4,4322.95,2866.6,3247.3,40,1,3247.2,1,1,3247.0,50,1,3246.9,52,1,3246.8,161,3,3248.0,15,2,3248.1,270,11,3248.2,286,4,3248.3,56,6,3248.4,45,2
11536,2025-12-30 15:06:22+05:30,3248.0,1,3251.46,2194694,65909.0,95865.0,3250.0,3267.5,3239.5,3251.5,46074175,3576.6,2926.4,4322.95,2866.6,3247.3,40,1,3247.2,1,1,3247.0,50,1,3246.9,52,1,3246.8,161,3,3248.0,15,2,3248.1,270,11,3248.2,286,4,3248.3,56,6,3248.4,45,2
11536,2025-12-30 15:06:23+05:30,3247.8,23,3251.46,2194742,66009.0,95463.0,3250.0,3267.5,3239.5,3251.5,46074175,3576.6,2926.4,4322.95,2866.6,3247.4,45,1,3247.3,34,2,3247.2,10,2,3247.0,81,2,3246.9,83,2,3247.8,21,2,3248.0,59,4,3248.1,263,11,3248.2,246,2,3248.3,20,4
11536,2025-12-30 15:06:24+05:30,3247.4,1,3251.46,2194742,66009.0,95463.0,3250.0,3267.5,3239.5,3251.5,46074175,3576.6,2926.4,4322.95,2866.6,3247.4,45,1,3247.3,34,2,3247.2,10,2,3247.0,81,2,3246.9,83,2,3247.8,21,2,3248.0,59,4,3248.1,263,11,3248.2,246,2,3248.3,20,4
11536,2025-12-30 15:06:24+05:30,3247.8,1,3251.46,2194823,66186.0,95804.0,3250.0,3267.5,3239.5,3251.5,46074175,3576.6,2926.4,4322.95,2866.6,3247.4,86,4,3247.3,34,2,3247.2,10,2,3247.0,50,1,3246.9,83,2,3247.8,42,3,3247.9,9,1,3248.0,50,4,3248.1,254,8,3248.2,246,2
11536,2025-12-30 15:06:25+05:30,3247.3,1,3251.46,2195269,66322.0,95433.0,3250.0,3267.5,3239.5,3251.5,46074175,3576.6,2926.4,4322.95,2866.6,3247.2,10,2,3247.1,31,1,3247.0,82,2,3246.9,87,3,3246.8,19,1,3247.3,28,2,3247.4,66,3,3247.5,1,1,3247.7,173,2,3247.8,44,3
11536,2025-12-30 15:06:26+05:30,3247.2,1,3251.46,2195269,66322.0,95433.0,3250.0,3267.5,3239.5,3251.5,46074175,3576.6,2926.4,4322.95,2866.6,3247.2,10,2,3247.1,31,1,3247.0,82,2,3246.9,87,3,3246.8,19,1,3247.3,28,2,3247.4,66,3,3247.5,1,1,3247.7,173,2,3247.8,44,3
11536,2025-12-30 15:06:26+05:30,3247.2,7,3251.46,2195500,66203.0,94198.0,3250.0,3267.5,3239.5,3251.5,46074175,3576.6,2926.4,4322.95,2866.6,3246.9,69,3,3246.8,34,1,3246.7,47,4,3246.6,430,4,3246.5,168,4,3247.2,4,3,3247.3,34,6,3247.4,56,1,3247.5,11,1,3247.6,31,3
11536,2025-12-30 15:06:28+05:30,3247.3,4,3251.46,2195624,66755.0,95219.0,3250.0,3267.5,3239.5,3251.5,46074175,3576.6,2926.4,4322.95,2866.6,3247.2,1,1,3247.0,46,2,3246.9,454,4,3246.8,72,2,3246.7,43,3,3247.3,62,4,3247.4,77,3,3247.5,24,2,3247.6,11,1,3247.7,183,3
11536,2025-12-30 15:06:28+05:30,3246.9,17,3251.46,2195624,66755.0,95219.0,3250.0,3267.5,3239.5,3251.5,46074175,3576.6,2926.4,4322.95,2866.6,3247.2,1,1,3247.0,46,2,3246.9,454,4,3246.8,72,2,3246.7,43,3,3247.3,62,4,3247.4,77,3,3247.5,24,2,3247.6,11,1,3247.7,183,3
11536,2025-12-30 15:06:29+05:30,3247.2,26,3251.46,2195741,66715.0,95201.0,3250.0,3267.5,3239.5,3251.5,46074175,3576.6,2926.4,4322.95,2866.6,3246.9,501,6,3246.8,32,1,3246.7,37,2,3246.6,468,5,3246.5,168,4,3247.2,36,5,3247.3,125,5,3247.4,66,2,3247.5,24,2,3247.6,24,2
11536,2025-12-30 15:06:30+05:30,3246.9,31,3251.46,2195819,66675.0,95155.0,3250.0,3267.5,3239.5,3251.5,46074175,3576.6,2926.4,4322.95,2866.6,3246.9,259,2,3246.8,171,4,3246.7,37,2,3246.6,468,5,3246.5,168,4,3247.1,19,3,3247.2,39,4,3247.3,110,4,3247.4,56,1,3247.5,24,2
11536,2025-12-30 15:06:30+05:30,3246.9,1,3251.46,2195819,66675.0,95155.0,3250.0,3267.5,3239.5,3251.5,46074175,3576.6,2926.4,4322.95,2866.6,3246.9,259,2,3246.8,171,4,3246.7,37,2,3246.6,468,5,3246.5,168,4,3247.1,19,3,3247.2,39,4,3247.3,110,4,3247.4,56,1,3247.5,24,2
11536,2025-12-30 15:06:31+05:30,3246.8,10,3251.46,2196351,66146.0,94081.0,3250.0,3267.5,3239.5,3251.5,46074175,3576.6,2926.4,4322.95,2866.6,3246.8,56,2,3246.6,402,3,3246.5,53,2,3246.4,110,4,3246.2,164,3,3246.9,179,12,3247.1,189,5,3247.2,46,6,3247.3,111,5,3247.4,66,2
11536,2025-12-30 15:06:32+05:30,3246.8,1,3251.46,2196647,66205.0,94416.0,3250.0,3267.5,3239.5,3251.5,46074175,3576.6,2926.4,4322.95,2866.6,3246.8,145,4,3246.6,362,2,3246.5,115,4,3246.4,43,2,3246.3,7,1,3246.9,369,13,3247.1,190,5,3247.2,30,6,3247.3,56,3,3247.4,76,3
11536,2025-12-30 15:06:32+05:30,3246.2,13,3251.46,2196647,66205.0,94416.0,3250.0,3267.5,3239.5,3251.5,46074175,3576.6,2926.4,4322.95,2866.6,3246.8,145,4,3246.6,362,2,3246.5,115,4,3246.4,43,2,3246.3,7,1,3246.9,369,13,3247.1,190,5,3247.2,30,6,3247.3,56,3,3247.4,76,3
11536,2025-12-30 15:06:33+05:30,3246.9,1,3251.45,2198296,66281.0,95414.0,3250.0,3267.5,3239.5,3251.5,46074175,3576.6,2926.4,4322.95,2866.6,3246.8,6,1,3246.4,97,4,3246.3,31,1,3246.2,71,3,3246.1,94,3,3246.9,347,13,3247.0,1,1,3247.1,201,6,3247.2,30,6,3247.3,52,1
11536,2025-12-30 15:06:34+05:30,3246.7,30,3251.45,2199054,65696.0,95028.0,3250.0,3267.5,3239.5,3251.5,46074175,3576.6,2926.4,4322.95,2866.6,3246.7,8,1,3246.2,129,6,3246.1,53,2,3246.0,34,3,3245.9,1,1,3246.8,10,1,3246.9,121,6,3247.0,2,2,3247.1,1374,10,3247.2,19,4
11536,2025-12-30 15:06:34+05:30,3246.8,116,3251.45,2199054,65696.0,95028.0,3250.0,3267.5,3239.5,3251.5,46074175,3576.6,2926.4,4322.95,2866.6,3246.7,8,1,3246.2,129,6,3246.1,53,2,3246.0,34,3,3245.9,1,1,3246.8,10,1,3246.9,121,6,3247.0,2,2,3247.1,1374,10,3247.2,19,4
11536,2025-12-30 15:06:35+05:30,3246.7,11,3251.45,2199459,68205.0,94289.0,3250.0,3267.5,3239.5,3251.5,46074175,3576.6,2926.4,4322.95,2866.6,3246.7,51,2,3246.6,31,1,3246.5,92,2,3246.4,75,3,3246.3,33,1,3246.9,140,8,3247.0,1,1,3247.1,1360,9,3247.2,19,4,3247.3,66,2
11536,2025-12-30 15:06:36+05:30,3246.7,19,3251.45,2199566,68211.0,93913.0,3250.0,3267.5,3239.5,3251.5,46074175,3576.6,2926.4,4322.95,2866.6,3246.7,67,4,3246.6,97,2,3246.5,26,1,3246.4,75,3,3246.3,33,1,3246.8,189,3,3246.9,122,8,3247.0,15,2,3247.1,1185,6,3247.2,19,4
11536,2025-12-30 15:06:36+05:30,3246.7,2,3251.45,2199566,68211.0,93913.0,3250.0,3267.5,3239.5,3251.5,46074175,3576.6,2926.4,4322.95,2866.6,3246.7,67,4,3246.6,97,2,3246.5,26,1,3246.4,75,3,3246.3,33,1,3246.8,189,3,3246.9,122,8,3247.0,15,2,3247.1,1185,6,3247.2,19,4
11536,2025-12-30 15:06:37+05:30,3246.7,9,3251.45,2199674,68178.0,94295.0,3250.0,3267.5,3239.5,3251.5,46074175,3576.6,2926.4,4322.95,2866.6,3246.6,135,4,3246.4,31,1,3246.2,85,3,3246.1,53,2,3246.0,94,6,3246.7,1,1,3246.8,189,4,3246.9,123,6,3247.0,15,2,3247.1,1175,5
11536,2025-12-30 15:06:38+05:30,3246.6,31,3251.45,2199707,68504.0,94679.0,3250.0,3267.5,3239.5,3251.5,46074175,3576.6,2926.4,4322.95,2866.6,3246.6,480,6,3246.4,40,2,3246.3,12,1,3246.2,85,3,3246.1,53,2,3246.7,1,1,3246.8,189,4,3246.9,122,5,3247.0,14,1,3247.1,1184,6
11536,2025-12-30 15:06:38+05:30,3246.6,22,3251.45,2199707,68504.0,94679.0,3250.0,3267.5,3239.5,3251.5,46074175,3576.6,2926.4,4322.95,2866.6,3246.6,480,6,3246.4,40,2,3246.3,12,1,3246.2,85,3,3246.1,53,2,3246.7,1,1,3246.8,189,4,3246.9,122,5,3247.0,14,1,3247.1,1184,6
11536,2025-12-30 15:06:39+05:30,3246.7,1,3251.45,2199945,68766.0,94329.0,3250.0,3267.5,3239.5,3251.5,46074175,3576.6,2926.4,4322.95,2866.6,3246.6,573,11,3246.5,7,1,3246.4,71,3,3246.3,33,1,3246.2,85,3,3246.7,71,6,3246.8,188,3,3246.9,117,5,3247.0,28,2,3247.1,1173,4
11536,2025-12-30 15:06:40+05:30,3246.7,16,3251.44,2202844,68275.0,93466.0,3250.0,3267.5,3239.5,3251.5,46074175,3576.6,2926.4,4322.95,2866.6,3246.6,192,6,3246.5,63,2,3246.4,102,4,3246.3,99,2,3246.2,88,4,3246.7,6,3,3246.9,97,2,3247.0,28,2,3247.1,1173,4,3247.2,12,2
11536,2025-12-30 15:06:40+05:30,3246.6,40,3251.44,2202844,68275.0,93466.0,3250.0,3267.5,3239.5,3251.5,46074175,3576.6,2926.4,4322.95,2866.6,3246.6,192,6,3246.5,63,2,3246.4,102,4,3246.3,99,2,3246.2,88,4,3246.7,6,3,3246.9,97,2,3247.0,28,2,3247.1,1173,4,3247.2,12,2
11536,2025-12-30 15:06:41+05:30,3246.8,3,3251.44,2205201,68336.0,92329.0,3250.0,3267.5,3239.5,3251.5,46074175,3576.6,2926.4,4322.95,2866.6,3246.8,92,4,3246.7,63,2,3246.6,84,5,3246.5,70,2,3246.4,71,3,3247.0,13,2,3247.1,1184,5,3247.2,12,2,3247.3,2,2,3247.6,13,3
11536,2025-12-30 15:06:42+05:30,3247.0,1,3251.44,2205497,68706.0,93130.0,3250.0,3267.5,3239.5,3251.5,46074175,3576.6,2926.4,4322.95,2866.6,3247.0,122,1,3246.8,449,6,3246.7,3,1,3246.6,84,5,3246.5,70,2,3247.1,1184,5,3247.2,12,2,3247.3,3,3,3247.4,1,1,3247.6,11,1
11536,2025-12-30 15:06:42+05:30,3247.1,4,3251.44,2205497,68706.0,93130.0,3250.0,3267.5,3239.5,3251.5,46074175,3576.6,2926.4,4322.95,2866.6,3247.0,122,1,3246.8,449,6,3246.7,3,1,3246.6,84,5,3246.5,70,2,3247.1,1184,5,3247.2,12,2,3247.3,3,3,3247.4,1,1,3247.6,11,1
11536,2025-12-30 15:06:43+05:30,3247.0,4,3251.44,2205524,68728.0,93720.0,3250.0,3267.5,3239.5,3251.5,46074175,3576.6,2926.4,4322.95,2866.6,3247.0,201,4,3246.8,449,6,3246.7,3,1,3246.6,94,6,3246.5,70,2,3247.1,1227,6,3247.2,13,3,3247.3,15,4,3247.4,1,1,3247.6,11,1
11536,2025-12-30 15:06:44+05:30,3247.0,21,3251.44,2205790,68700.0,93484.0,3250.0,3267.5,3239.5,3251.5,46074175,3576.6,2926.4,4322.95,2866.6,3247.0,80,6,3246.8,449,6,3246.7,3,1,3246.6,84,4,3246.5,70,2,3247.1,1149,6,3247.2,13,3,3247.3,16,5,3247.6,11,1,3248.4,71,2
11536,2025-12-30 15:06:44+05:30,3247.0,21,3251.44,2205790,68700.0,93484.0,3250.0,3267.5,3239.5,3251.5,46074175,3576.6,2926.4,4322.95,2866.6,3247.0,80,6,3246.8,449,6,3246.7,3,1,3246.6,84,4,3246.5,70,2,3247.1,1149,6,3247.2,13,3,3247.3,16,5,3247.6,11,1,3248.4,71,2
11536,2025-12-30 15:06:45+05:30,3247.1,370,3251.44,2206240,68889.0,92976.0,3250.0,3267.5,3239.5,3251.5,46074175,3576.6,2926.4,4322.95,2866.6,3247.0,160,10,3246.9,32,1,3246.8,438,6,3246.7,59,2,3246.6,84,4,3247.1,964,7,3247.2,13,3,3247.3,16,5,3247.6,24,2,3248.4,25,1
11536,2025-12-30 15:06:46+05:30,3247.0,6,3251.43,2210370,68462.0,91256.0,3250.0,3267.5,3239.5,3251.5,46074175,3576.6,2926.4,4322.95,2866.6,3247.0,138,5,3246.9,28,1,3246.8,382,5,3246.7,127,2,3246.6,106,4,3247.5,3,1,3248.0,1,1,3248.4,47,2,3248.5,170,3,3248.6,32,1
11536,2025-12-30 15:06:46+05:30,3247.0,1,3251.43,2210370,68462.0,91256.0,3250.0,3267.5,3239.5,3251.5,46074175,3576.6,2926.4,4322.95,2866.6,3247.0,138,5,3246.9,28,1,3246.8,382,5,3246.7,127,2,3246.6,106,4,3247.5,3,1,3248.0,1,1,3248.4,47,2,3248.5,170,3,3248.6,32,1
11536,2025-12-30 15:06:47+05:30,3247.3,9,3251.43,2210389,69527.0,91137.0,3250.0,3267.5,3239.5,3251.5,46074175,3576.6,2926.4,4322.95,2866.6,3247.3,259,6,3247.2,3,1,3247.1,24,2,3247.0,727,10,3246.9,32,1,3247.5,13,2,3248.5,156,2,3248.7,27,1,3248.9,31,1,3249.0,105,2
11536,2025-12-30 15:06:48+05:30,3248.4,1,3251.43,2211629,69671.0,92679.0,3250.0,3267.5,3239.5,3251.5,46074175,3576.6,2926.4,4322.95,2866.6,3247.9,93,1,3247.5,61,2,3247.4,3,1,3247.3,364,4,3247.2,573,3,3248.4,9,3,3248.5,164,3,3248.7,42,2,3248.9,24,1,3249.1,85,2
11536,2025-12-30 15:06:48+05:30,3248.4,1,3251.43,2211629,69671.0,92679.0,3250.0,3267.5,3239.5,3251.5,46074175,3576.6,2926.4,4322.95,2866.6,3247.9,93,1,3247.5,61,2,3247.4,3,1,3247.3,364,4,3247.2,573,3,3248.4,9,3,3248.5,164,3,3248.7,42,2,3248.9,24,1,3249.1,85,2
11536,2025-12-30 15:06:49+05:30,3248.4,1,3251.43,2211678,69681.0,91693.0,3250.0,3267.5,3239.5,3251.5,46074175,3576.6,2926.4,4322.95,2866.6,3247.9,53,1,3247.8,227,1,3247.5,1,1,3247.4,3,1,3247.3,113,4,3248.4,17,4,3248.5,180,4,3248.6,32,1,3248.7,63,3,3248.8,33,1
11536,2025-12-30 15:06:50+05:30,3248.0,2,3251.43,2211678,69681.0,91693.0,3250.0,3267.5,3239.5,3251.5,46074175,3576.6,2926.4,4322.95,2866.6,3247.9,53,1,3247.8,227,1,3247.5,1,1,3247.4,3,1,3247.3,113,4,3248.4,17,4,3248.5,180,4,3248.6,32,1,3248.7,63,3,3248.8,33,1
11536,2025-12-30 15:06:50+05:30,3247.8,16,3251.43,2212231,69507.0,89153.0,3250.0,3267.5,3239.5,3251.5,46074175,3576.6,2926.4,4322.95,2866.6,3247.8,78,1,3247.5,1,1,3247.4,3,1,3247.3,35,3,3247.2,31,1,3248.0,53,4,3248.1,9,2,3248.4,1,1,3248.5,156,2,3248.6,38,1
11536,2025-12-30 15:06:51+05:30,3248.2,16,3251.43,2212378,69950.0,93638.0,3250.0,3267.5,3239.5,3251.5,46074175,3576.6,2926.4,4322.95,2866.6,3248.2,101,1,3248.1,1,1,3247.9,3,3,3247.8,156,6,3247.5,78,1,3248.4,21,3,3248.5,156,2,3248.6,52,2,3248.7,15,2,3248.8,72,2
11536,2025-12-30 15:06:52+05:30,3248.2,14,3251.43,2212378,69950.0,93638.0,3250.0,3267.5,3239.5,3251.5,46074175,3576.6,2926.4,4322.95,2866.6,3248.2,101,1,3248.1,1,1,3247.9,3,3,3247.8,156,6,3247.5,78,1,3248.4,21,3,3248.5,156,2,3248.6,52,2,3248.7,15,2,3248.8,72,2
11536,2025-12-30 15:06:53+05:30,3248.2,6,3251.43,2212432,69934.0,93773.0,3250.0,3267.5,3239.5,3251.5,46074175,3576.6,2926.4,4322.95,2866.6,3248.2,85,2,3248.1,1,1,3247.9,3,3,3247.8,156,6,3247.5,78,1,3248.4,20,3,3248.5,156,2,3248.6,52,2,3248.7,42,4,3248.8,104,3
11536,2025-12-30 15:06:54+05:30,3248.3,202,3251.42,2214557,68715.0,93876.0,3250.0,3267.5,3239.5,3251.5,46074175,3576.6,2926.4,4322.95,2866.6,3248.3,24,1,3248.2,4,4,3247.8,156,6,3247.4,3,1,3247.3,10,1,3248.4,28,5,3248.5,156,2,3248.6,34,2,3248.8,3,1,3248.9,79,3
11536,2025-12-30 15:06:54+05:30,3248.4,1,3251.42,2214557,68715.0,93876.0,3250.0,3267.5,3239.5,3251.5,46074175,3576.6,2926.4,4322.95,2866.6,3248.3,24,1,3248.2,4,4,3247.8,156,6,3247.4,3,1,3247.3,10,1,3248.4,28,5,3248.5,156,2,3248.6,34,2,3248.8,3,1,3248.9,79,3
11536,2025-12-30 15:06:55+05:30,3248.4,2,3251.42,2214750,67271.0,93740.0,3250.0,3267.5,3239.5,3251.5,46074175,3576.6,2926.4,4322.95,2866.6,3248.3,144,8,3248.2,4,4,3247.8,97,2,3247.6,9,1,3247.5,31,1,3248.4,77,7,3248.5,166,3,3248.6,2,1,3248.7,36,1,3248.8,3,1
11536,2025-12-30 15:06:56+05:30,3248.3,13,3251.42,2215271,67073.0,92764.0,3250.0,3267.5,3239.5,3251.5,46074175,3576.6,2926.4,4322.95,2866.6,3248.3,48,6,3248.2,4,4,3247.8,97,2,3247.6,9,1,3247.4,3,1,3248.5,157,4,3248.6,13,3,3248.7,32,1,3248.8,32,1,3248.9,84,4
11536,2025-12-30 15:06:56+05:30,3248.3,10,3251.42,2215271,67073.0,92764.0,3250.0,3267.5,3239.5,3251.5,46074175,3576.6,2926.4,4322.95,2866.6,3248.3,48,6,3248.2,4,4,3247.8,97,2,3247.6,9,1,3247.4,3,1,3248.5,157,4,3248.6,13,3,3248.7,32,1,3248.8,32,1,3248.9,84,4
11536,2025-12-30 15:06:57+05:30,3248.4,1,3251.42,2215312,66180.0,93829.0,3250.0,3267.5,3239.5,3251.5,46074175,3576.6,2926.4,4322.95,2866.6,3248.3,109,12,3248.1,10,1,3247.8,97,2,3247.4,3,1,3247.3,88,2,3248.4,18,4,3248.5,145,4,3248.6,32,1,3248.7,11,1,3248.9,103,5
11536,2025-12-30 15:06:58+05:30,3248.3,23,3251.42,2215364,67577.0,93770.0,3250.0,3267.5,3239.5,3251.5,46074175,3576.6,2926.4,4322.95,2866.6,3248.3,69,7,3248.2,6,1,3248.1,10,1,3247.8,97,2,3247.4,3,1,3248.4,62,3,3248.5,155,4,3248.8,35,2,3248.9,84,4,3249.0,36,1
11536,2025-12-30 15:06:58+05:30,3248.1,81,3251.42,2215364,67577.0,93770.0,3250.0,3267.5,3239.5,3251.5,46074175,3576.6,2926.4,4322.95,2866.6,3248.3,69,7,3248.2,6,1,3248.1,10,1,3247.8,97,2,3247.4,3,1,3248.4,62,3,3248.5,155,4,3248.8,35,2,3248.9,84,4,3249.0,36,1
11536,2025-12-30 15:06:59+05:30,3248.3,35,3251.42,2215569,69668.0,94230.0,3250.0,3267.5,3239.5,3251.5,46074175,3576.6,2926.4,4322.95,2866.6,3248.3,313,1,3248.1,11,2,3247.8,97,2,3247.4,64,2,3247.3,653,4,3248.4,60,2,3248.5,133,2,3248.9,1,1,3249.2,62,2,3249.3,108,3
11536,2025-12-30 15:07:00+05:30,3247.8,30,3251.42,2215923,69248.0,94531.0,3250.0,3267.5,3239.5,3251.5,46074175,3576.6,2926.4,4322.95,2866.6,3247.8,67,2,3247.3,10,1,3247.2,17,1,3247.0,31,1,3246.9,43,1,3248.3,227,9,3248.4,280,8,3248.5,213,3,3248.6,36,1,3248.7,77,2
11536,2025-12-30 15:07:00+05:30,3247.6,1,3251.42,2215923,69248.0,94531.0,3250.0,3267.5,3239.5,3251.5,46074175,3576.6,2926.4,4322.95,2866.6,3247.8,67,2,3247.3,10,1,3247.2,17,1,3247.0,31,1,3246.9,43,1,3248.3,227,9,3248.4,280,8,3248.5,213,3,3248.6,36,1,3248.7,77,2
11536,2025-12-30 15:07:01+05:30,3247.8,10,3251.42,2216464,68850.0,94212.0,3250.0,3267.5,3239.5,3251.5,46074175,3576.6,2926.4,4322.95,2866.6,3247.7,1,1,3247.0,121,4,3246.9,51,2,3246.8,145,5,3246.7,153,3,3247.8,37,5,3248.0,2,2,3248.3,197,9,3248.4,274,9,3248.5,154,4
11536,2025-12-30 15:07:02+05:30,3248.2,3,3251.42,2217030,69961.0,93829.0,3250.0,3267.5,3239.5,3251.5,46074175,3576.6,2926.4,4322.95,2866.6,3247.8,4,1,3247.4,112,1,3247.3,90,2,3247.2,31,1,3247.1,12,1,3248.2,33,4,3248.3,193,9,3248.4,259,8,3248.5,203,2,3248.6,6,1
11536,2025-12-30 15:07:02+05:30,3247.8,30,3251.42,2217030,69961.0,93829.0,3250.0,3267.5,3239.5,3251.5,46074175,3576.6,2926.4,4322.95,2866.6,3247.8,4,1,3247.4,112,1,3247.3,90,2,3247.2,31,1,3247.1,12,1,3248.2,33,4,3248.3,193,9,3248.4,259,8,3248.5,203,2,3248.6,6,1
11536,2025-12-30 15:07:03+05:30,3247.8,2,3251.42,2218158,70209.0,93792.0,3250.0,3267.5,3239.5,3251.5,46074175,3576.6,2926.4,4322.95,2866.6,3247.8,157,1,3247.4,112,1,3247.3,149,5,3247.2,31,1,3247.1,48,2,3248.0,7,1,3248.2,51,3,3248.3,213,10,3248.4,252,7,3248.5,123,1
11536,2025-12-30 15:07:04+05:30,3247.8,1,3251.42,2218221,70050.0,92603.0,3250.0,3267.5,3239.5,3251.5,46074175,3576.6,2926.4,4322.95,2866.6,3247.8,98,3,3247.7,112,1,3247.4,6,1,3247.3,186,6,3247.2,31,1,3248.0,5,1,3248.2,48,2,3248.3,209,8,3248.4,252,7,3248.5,123,1
11536,2025-12-30 15:07:04+05:30,3247.8,1,3251.42,2218221,70050.0,92603.0,3250.0,3267.5,3239.5,3251.5,46074175,3576.6,2926.4,4322.95,2866.6,3247.8,98,3,3247.7,112,1,3247.4,6,1,3247.3,186,6,3247.2,31,1,3248.0,5,1,3248.2,48,2,3248.3,209,8,3248.4,252,7,3248.5,123,1
11536,2025-12-30 15:07:05+05:30,3248.0,1,3251.42,2218468,70546.0,93299.0,3250.0,3267.5,3239.5,3251.5,46074175,3576.6,2926.4,4322.95,2866.6,3248.0,1,1,3247.8,318,9,3247.7,141,2,3247.6,71,3,3247.5,93,2,3248.3,81,8,3248.4,251,6,3248.5,123,1,3248.9,1,1,3249.0,11,1
11536,2025-12-30 15:07:06+05:30,3247.8,9,3251.41,2220029,70211.0,91667.0,3250.0,3267.5,3239.5,3251.5,46074175,3576.6,2926.4,4322.95,2866.6,3247.8,160,3,3247.6,31,1,3247.5,31,1,3247.4,62,2,3247.2,34,2,3247.9,104,1,3248.0,1,1,3248.2,35,1,3248.3,753,10,3248.4,358,5
11536,2025-12-30 15:07:06+05:30,3247.9,1,3251.41,2220029,70211.0,91667.0,3250.0,3267.5,3239.5,3251.5,46074175,3576.6,2926.4,4322.95,2866.6,3247.8,160,3,3247.6,31,1,3247.5,31,1,3247.4,62,2,3247.2,34,2,3247.9,104,1,3248.0,1,1,3248.2,35,1,3248.3,753,10,3248.4,358,5
11536,2025-12-30 15:07:07+05:30,3247.8,1,3251.41,2220054,69990.0,94280.0,3250.0,3267.5,3239.5,3251.5,46074175,3576.6,2926.4,4322.95,2866.6,3247.8,539,6,3247.7,71,2,3247.5,31,1,3247.4,68,3,3247.3,17,1,3247.9,106,2,3248.2,35,1,3248.3,763,11,3248.4,358,5,3248.5,414,3
11536,2025-12-30 15:07:08+05:30,3247.8,159,3251.41,2220752,68435.0,94091.0,3250.0,3267.5,3239.5,3251.5,46074175,3576.6,2926.4,4322.95,2866.6,3247.7,40,1,3247.2,3,1,3247.0,23,1,3246.8,115,5,3246.7,249,7,3247.9,108,3,3248.1,10,1,3248.2,35,1,3248.3,774,12,3248.4,432,7
11536,2025-12-30 15:07:08+05:30,3247.8,159,3251.41,2220752,68435.0,94091.0,3250.0,3267.5,3239.5,3251.5,46074175,3576.6,2926.4,4322.95,2866.6,3247.7,40,1,3247.2,3,1,3247.0,23,1,3246.8,115,5,3246.7,249,7,3247.9,108,3,3248.1,10,1,3248.2,35,1,3248.3,774,12,3248.4,432,7
11536,2025-12-30 15:07:09+05:30,3247.7,3,3251.41,2220864,68890.0,93988.0,3250.0,3267.5,3239.5,3251.5,46074175,3576.6,2926.4,4322.95,2866.6,3247.7,6,1,3247.5,97,1,3247.3,31,1,3247.2,65,3,3247.0,23,1,3247.8,7,2,3247.9,154,4,3248.0,9,2,3248.1,21,2,3248.2,105,2
11536,2025-12-30 15:07:10+05:30,3247.7,26,3251.41,2221361,69507.0,94851.0,3250.0,3267.5,3239.5,3251.5,46074175,3576.6,2926.4,4322.95,2866.6,3247.5,23,1,3247.4,31,1,3247.2,58,4,3247.1,17,1,3247.0,31,1,3247.7,112,4,3247.8,1,1,3247.9,328,6,3248.0,978,3,3248.1,11,1
11536,2025-12-30 15:07:10+05:30,3247.7,26,3251.41,2221361,69507.0,94851.0,3250.0,3267.5,3239.5,3251.5,46074175,3576.6,2926.4,4322.95,2866.6,3247.5,23,1,3247.4,31,1,3247.2,58,4,3247.1,17,1,3247.0,31,1,3247.7,112,4,3247.8,1,1,3247.9,328,6,3248.0,978,3,3248.1,11,1
11536,2025-12-30 15:07:11+05:30,3247.5,13,3251.41,2221782,68799.0,95652.0,3250.0,3267.5,3239.5,3251.5,46074175,3576.6,2926.4,4322.95,2866.6,3247.5,70,2,3247.2,10,1,3246.8,79,3,3246.7,133,3,3246.6,21,1,3247.7,147,7,3247.8,1,1,3247.9,314,5,3248.0,992,4,3248.1,116,4
11536,2025-12-30 15:07:12+05:30,3247.5,15,3251.41,2222198,68650.0,94171.0,3250.0,3267.5,3239.5,3251.5,46074175,3576.6,2926.4,4322.95,2866.6,3247.5,12,1,3247.2,10,1,3247.0,3,1,3246.9,32,1,3246.8,117,4,3247.7,201,7,3247.8,14,4,3247.9,314,5,3248.0,993,5,3248.1,125,4
11536,2025-12-30 15:07:12+05:30,3247.5,15,3251.41,2222198,68650.0,94171.0,3250.0,3267.5,3239.5,3251.5,46074175,3576.6,2926.4,4322.95,2866.6,3247.5,12,1,3247.2,10,1,3247.0,3,1,3246.9,32,1,3246.8,117,4,3247.7,201,7,3247.8,14,4,3247.9,314,5,3248.0,993,5,3248.1,125,4
11536,2025-12-30 15:07:13+05:30,3247.2,1,3251.41,2222217,68542.0,95399.0,3250.0,3267.5,3239.5,3251.5,46074175,3576.6,2926.4,4322.95,2866.6,3247.2,13,2,3246.8,51,2,3246.7,127,2,3246.5,256,3,3246.4,231,6,3247.6,10,1,3247.7,191,9,3247.8,39,6,3247.9,313,5,3248.0,1024,4
11536,2025-12-30 15:07:14+05:30,3247.2,8,3251.41,2222217,68542.0,95399.0,3250.0,3267.5,3239.5,3251.5,46074175,3576.6,2926.4,4322.95,2866.6,3247.2,13,2,3246.8,51,2,3246.7,127,2,3246.5,256,3,3246.4,231,6,3247.6,10,1,3247.7,191,9,3247.8,39,6,3247.9,313,5,3248.0,1024,4
11536,2025-12-30 15:07:14+05:30,3247.2,8,3251.41,2222408,68768.0,95498.0,3250.0,3267.5,3239.5,3251.5,46074175,3576.6,2926.4,4322.95,2866.6,3247.4,1,1,3247.2,81,3,3247.0,31,1,3246.9,32,1,3246.8,148,5,3247.6,27,4,3247.7,191,9,3247.8,26,6,3247.9,312,4,3248.0,969,1
11536,2025-12-30 15:07:15+05:30,3247.4,3,3251.41,2222551,68634.0,94255.0,3250.0,3267.5,3239.5,3251.5,46074175,3576.6,2926.4,4322.95,2866.6,3247.4,4,1,3247.2,11,2,3247.0,31,1,3246.9,14,1,3246.8,115,4,3247.5,53,1,3247.6,56,6,3247.7,77,5,3247.8,37,5,3247.9,303,3
11536,2025-12-30 15:07:16+05:30,3247.3,10,3251.41,2222551,68634.0,94255.0,3250.0,3267.5,3239.5,3251.5,46074175,3576.6,2926.4,4322.95,2866.6,3247.4,4,1,3247.2,11,2,3247.0,31,1,3246.9,14,1,3246.8,115,4,3247.5,53,1,3247.6,56,6,3247.7,77,5,3247.8,37,5,3247.9,303,3
11536,2025-12-30 15:07:17+05:30,3247.4,35,3251.41,2222746,68786.0,95973.0,3250.0,3267.5,3239.5,3251.5,46074175,3576.6,2926.4,4322.95,2866.6,3247.3,36,1,3247.2,3,2,3247.1,40,2,3247.0,63,2,3246.9,14,1,3247.4,11,1,3247.5,116,3,3247.6,46,5,3247.7,76,4,3247.8,24,3
11536,2025-12-30 15:07:17+05:30,3247.1,304,3251.41,2223569,68138.0,95496.0,3250.0,3267.5,3239.5,3251.5,46074175,3576.6,2926.4,4322.95,2866.6,3246.7,25,1,3246.6,60,2,3246.5,58,2,3246.4,69,5,3246.3,36,1,3246.9,106,1,3247.0,1,1,3247.3,411,2,3247.4,30,3,3247.5,115,2
11536,2025-12-30 15:07:18+05:30,3246.5,10,3251.41,2223569,68138.0,95496.0,3250.0,3267.5,3239.5,3251.5,46074175,3576.6,2926.4,4322.95,2866.6,3246.7,25,1,3246.6,60,2,3246.5,58,2,3246.4,69,5,3246.3,36,1,3246.9,106,1,3247.0,1,1,3247.3,411,2,3247.4,30,3,3247.5,115,2
11536,2025-12-30 15:07:19+05:30,3246.7,1,3251.41,2223738,67726.0,96837.0,3250.0,3267.5,3239.5,3251.5,46074175,3576.6,2926.4,4322.95,2866.6,3246.4,1,1,3246.1,91,2,3246.0,21,5,3245.9,72,3,3245.8,57,2,3246.7,13,2,3246.8,4,1,3246.9,121,2,3247.0,969,1,3247.3,562,5
11536,2025-12-30 15:07:19+05:30,3246.7,35,3251.41,2223738,67726.0,96837.0,3250.0,3267.5,3239.5,3251.5,46074175,3576.6,2926.4,4322.95,2866.6,3246.4,1,1,3246.1,91,2,3246.0,21,5,3245.9,72,3,3245.8,57,2,3246.7,13,2,3246.8,4,1,3246.9,121,2,3247.0,969,1,3247.3,562,5
11536,2025-12-30 15:07:20+05:30,3246.4,29,3251.41,2224003,67930.0,96589.0,3250.0,3267.5,3239.5,3251.5,46074175,3576.6,2926.4,4322.95,2866.6,3246.4,45,3,3246.3,14,1,3246.2,81,3,3246.1,85,2,3246.0,86,7,3246.8,10,2,3246.9,121,2,3247.0,969,1,3247.3,470,6,3247.4,76,4
11536,2025-12-30 15:07:20+05:30,3246.4,39,3251.41,2224003,67930.0,96589.0,3250.0,3267.5,3239.5,3251.5,46074175,3576.6,2926.4,4322.95,2866.6,3246.4,45,3,3246.3,14,1,3246.2,81,3,3246.1,85,2,3246.0,86,7,3246.8,10,2,3246.9,121,2,3247.0,969,1,3247.3,470,6,3247.4,76,4
11536,2025-12-30 15:07:21+05:30,3246.1,15,3251.41,2224640,67282.0,96824.0,3250.0,3267.5,3239.5,3251.5,46074175,3576.6,2926.4,4322.95,2866.6,3246.1,39,1,3246.0,60,6,3245.8,94,4,3245.7,99,3,3245.6,213,8,3246.4,377,6,3246.6,78,4,3246.8,17,4,3246.9,24,2,3247.0,969,1
11536,2025-12-30 15:07:22+05:30,3246.1,1,3251.41,2224682,67318.0,96843.0,3250.0,3267.5,3239.5,3251.5,46074175,3576.6,2926.4,4322.95,2866.6,3246.1,36,3,3246.0,60,6,3245.8,94,4,3245.7,58,2,3245.6,159,7,3246.3,82,1,3246.4,385,6,3246.6,79,5,3246.7,10,1,3246.8,28,4
11536,2025-12-30 15:07:22+05:30,3246.1,294,3251.41,2224682,67318.0,96843.0,3250.0,3267.5,3239.5,3251.5,46074175,3576.6,2926.4,4322.95,2866.6,3246.1,36,3,3246.0,60,6,3245.8,94,4,3245.7,58,2,3245.6,159,7,3246.3,82,1,3246.4,385,6,3246.6,79,5,3246.7,10,1,3246.8,28,4
11536,2025-12-30 15:07:23+05:30,3245.8,1,3251.4,2225182,67181.0,96482.0,3250.0,3267.5,3239.5,3251.5,46074175,3576.6,2926.4,4322.95,2866.6,3245.8,48,4,3245.7,91,2,3245.6,94,5,3245.5,15,2,3245.4,84,3,3246.0,7,1,3246.1,41,1,3246.3,91,3,3246.4,343,5,3246.5,10,1
11536,2025-12-30 15:07:24+05:30,3246.0,30,3251.4,2225932,67334.0,93416.0,3250.0,3267.5,3239.5,3251.5,46074175,3576.6,2926.4,4322.95,2866.6,3246.0,4,1,3245.8,223,5,3245.7,60,2,3245.6,89,5,3245.5,67,3,3246.3,47,2,3246.4,235,3,3246.5,20,3,3246.6,78,4,3246.8,45,5
11536,2025-12-30 15:07:24+05:30,3246.0,1,3251.4,2225932,67334.0,93416.0,3250.0,3267.5,3239.5,3251.5,46074175,3576.6,2926.4,4322.95,2866.6,3246.0,4,1,3245.8,223,5,3245.7,60,2,3245.6,89,5,3245.5,67,3,3246.3,47,2,3246.4,235,3,3246.5,20,3,3246.6,78,4,3246.8,45,5
11536,2025-12-30 15:07:25+05:30,3246.0,2,3251.4,2225951,67475.0,95952.0,3250.0,3267.5,3239.5,3251.5,46074175,3576.6,2926.4,4322.95,2866.6,3246.0,1,1,3245.8,266,7,3245.7,60,2,3245.6,103,6,3245.5,70,4,3246.1,10,1,3246.3,46,3,3246.4,232,3,3246.5,31,3,3246.6,87,4
11536,2025-12-30 15:07:25+05:30,3246.0,6,3251.4,2225951,67475.0,95952.0,3250.0,3267.5,3239.5,3251.5,46074175,3576.6,2926.4,4322.95,2866.6,3246.0,1,1,3245.8,266,7,3245.7,60,2,3245.6,103,6,3245.5,70,4,3246.1,10,1,3246.3,46,3,3246.4,232,3,3246.5,31,3,3246.6,87,4
11536,2025-12-30 15:07:26+05:30,3246.0,9,3251.4,2226299,67443.0,94758.0,3250.0,3267.5,3239.5,3251.5,46074175,3576.6,2926.4,4322.95,2866.6,3246.0,84,3,3245.9,30,1,3245.8,266,7,3245.7,38,2,3245.6,98,6,3246.1,22,2,3246.2,65,3,3246.3,45,2,3246.4,232,3,3246.5,40,4
11536,2025-12-30 15:07:27+05:30,3246.0,126,3251.4,2226544,67505.0,95910.0,3250.0,3267.5,3239.5,3251.5,46074175,3576.6,2926.4,4322.95,2866.6,3246.0,53,1,3245.8,220,4,3245.7,34,2,3245.6,89,5,3245.5,50,4,3246.1,150,6,3246.2,54,2,3246.3,39,1,3246.4,232,3,3246.5,21,2
11536,2025-12-30 15:07:27+05:30,3246.0,317,3251.4,2226544,67505.0,95910.0,3250.0,3267.5,3239.5,3251.5,46074175,3576.6,2926.4,4322.95,2866.6,3246.0,53,1,3245.8,220,4,3245.7,34,2,3245.6,89,5,3245.5,50,4,3246.1,150,6,3246.2,54,2,3246.3,39,1,3246.4,232,3,3246.5,21,2
11536,2025-12-30 15:07:28+05:30,3245.8,30,3251.4,2227161,67202.0,96590.0,3250.0,3267.5,3239.5,3251.5,46074175,3576.6,2926.4,4322.95,2866.6,3245.8,253,3,3245.7,18,2,3245.6,121,5,3245.5,37,3,3245.4,71,3,3246.0,401,2,3246.1,159,7,3246.2,53,1,3246.3,39,1,3246.4,241,4
11536,2025-12-30 15:07:29+05:30,3246.0,1,3251.4,2227204,67435.0,97151.0,3250.0,3267.5,3239.5,3251.5,46074175,3576.6,2926.4,4322.95,2866.6,3245.8,283,6,3245.7,18,2,3245.6,89,4,3245.5,4,2,3245.4,71,3,3246.0,405,2,3246.1,152,5,3246.2,80,3,3246.3,54,2,3246.4,229,3
11536,2025-12-30 15:07:29+05:30,3246.0,1,3251.4,2227204,67435.0,97151.0,3250.0,3267.5,3239.5,3251.5,46074175,3576.6,2926.4,4322.95,2866.6,3245.8,283,6,3245.7,18,2,3245.6,89,4,3245.5,4,2,3245.4,71,3,3246.0,405,2,3246.1,152,5,3246.2,80,3,3246.3,54,2,3246.4,229,3
11536,2025-12-30 15:07:30+05:30,3245.8,11,3251.4,2228137,67065.0,96736.0,3250.0,3267.5,3239.5,3251.5,46074175,3576.6,2926.4,4322.95,2866.6,3245.7,49,3,3245.6,5,1,3245.5,12,3,3245.4,29,1,3245.3,53,2,3245.8,295,5,3245.9,49,2,3246.0,427,7,3246.1,94,4,3246.2,39,3
11536,2025-12-30 15:07:31+05:30,3245.7,13,3251.4,2228137,67065.0,96736.0,3250.0,3267.5,3239.5,3251.5,46074175,3576.6,2926.4,4322.95,2866.6,3245.7,49,3,3245.6,5,1,3245.5,12,3,3245.4,29,1,3245.3,53,2,3245.8,295,5,3245.9,49,2,3246.0,427,7,3246.1,94,4,3246.2,39,3
11536,2025-12-30 15:07:31+05:30,3245.7,4,3251.4,2228700,66978.0,97075.0,3250.0,3267.5,3239.5,3251.5,46074175,3576.6,2926.4,4322.95,2866.6,3245.7,179,4,3245.3,77,3,3245.2,97,4,3245.1,70,4,3245.0,101,7,3245.8,236,7,3245.9,49,2,3246.0,424,8,3246.1,95,5,3246.2,39,3
11536,2025-12-30 15:07:32+05:30,3245.7,2,3251.39,2230224,65733.0,96690.0,3250.0,3267.5,3239.5,3251.5,46074175,3576.6,2926.4,4322.95,2866.6,3245.7,6,1,3245.4,204,3,3245.2,48,2,3245.0,60,2,3244.9,59,3,3245.8,320,10,3245.9,49,2,3246.0,425,8,3246.1,74,3,3246.2,49,4
11536,2025-12-30 15:07:33+05:30,3245.8,2,3251.39,2230224,65733.0,96690.0,3250.0,3267.5,3239.5,3251.5,46074175,3576.6,2926.4,4322.95,2866.6,3245.7,6,1,3245.4,204,3,3245.2,48,2,3245.0,60,2,3244.9,59,3,3245.8,320,10,3245.9,49,2,3246.0,425,8,3246.1,74,3,3246.2,49,4
11536,2025-12-30 15:07:33+05:30,3245.7,30,3251.39,2230301,67197.0,95609.0,3250.0,3267.5,3239.5,3251.5,46074175,3576.6,2926.4,4322.95,2866.6,3245.7,2,1,3245.4,233,4,3245.3,31,1,3245.2,63,2,3245.1,75,4,3245.8,293,11,3245.9,60,3,3246.0,1391,8,3246.1,74,3,3246.2,74,5
11536,2025-12-30 15:07:35+05:30,3245.8,1,3251.39,2231243,67231.0,96752.0,3250.0,3267.5,3239.5,3251.5,46074175,3576.6,2926.4,4322.95,2866.6,3245.7,1,1,3245.4,59,3,3245.3,31,1,3245.2,63,2,3245.1,75,4,3245.8,138,8,3245.9,58,3,3246.0,1406,9,3246.1,73,2,3246.2,49,3
11536,2025-12-30 15:07:35+05:30,3245.2,3,3251.39,2231243,67231.0,96752.0,3250.0,3267.5,3239.5,3251.5,46074175,3576.6,2926.4,4322.95,2866.6,3245.7,1,1,3245.4,59,3,3245.3,31,1,3245.2,63,2,3245.1,75,4,3245.8,138,8,3245.9,58,3,3246.0,1406,9,3246.1,73,2,3246.2,49,3
11536,2025-12-30 15:07:36+05:30,3245.2,21,3251.39,2231424,67069.0,97731.0,3250.0,3267.5,3239.5,3251.5,46074175,3576.6,2926.4,4322.95,2866.6,3245.2,4,2,3245.1,70,4,3245.0,38,1,3244.9,24,1,3244.8,136,6,3245.7,380,3,3245.8,137,7,3245.9,9,1,3246.0,1405,8,3246.1,119,3
11536,2025-12-30 15:07:37+05:30,3245.2,14,3251.39,2232320,67134.0,98145.0,3250.0,3267.5,3239.5,3251.5,46074175,3576.6,2926.4,4322.95,2866.6,3245.1,41,3,3244.9,39,2,3244.8,38,3,3244.7,46,3,3244.6,91,3,3245.2,410,3,3245.7,391,4,3245.8,142,8,3245.9,46,1,3246.0,1484,9
11536,2025-12-30 15:07:37+05:30,3245.1,7,3251.39,2232320,67134.0,98145.0,3250.0,3267.5,3239.5,3251.5,46074175,3576.6,2926.4,4322.95,2866.6,3245.1,41,3,3244.9,39,2,3244.8,38,3,3244.7,46,3,3244.6,91,3,3245.2,410,3,3245.7,391,4,3245.8,142,8,3245.9,46,1,3246.0,1484,9
11536,2025-12-30 15:07:38+05:30,3245.1,156,3251.38,2232515,67215.0,98337.0,3250.0,3267.5,3239.5,3251.5,46074175,3576.6,2926.4,4322.95,2866.6,3245.1,93,3,3245.0,31,1,3244.8,61,3,3244.7,54,4,3244.6,91,3,3245.2,470,5,3245.7,402,5,3245.8,138,9,3245.9,66,3,3246.0,1473,8
11536,2025-12-30 15:07:39+05:30,3245.2,35,3251.38,2232770,67449.0,97902.0,3250.0,3267.5,3239.5,3251.5,46074175,3576.6,2926.4,4322.95,2866.6,3245.1,101,6,3245.0,200,1,3244.9,39,2,3244.8,76,4,3244.7,20,2,3245.2,279,10,3245.3,16,2,3245.4,14,2,3245.5,26,2,3245.6,25,1
11536,2025-12-30 15:07:39+05:30,3245.2,36,3251.38,2232770,67449.0,97902.0,3250.0,3267.5,3239.5,3251.5,46074175,3576.6,2926.4,4322.95,2866.6,3245.1,101,6,3245.0,200,1,3244.9,39,2,3244.8,76,4,3244.7,20,2,3245.2,279,10,3245.3,16,2,3245.4,14,2,3245.5,26,2,3245.6,25,1
11536,2025-12-30 15:07:40+05:30,3245.1,74,3251.38,2233178,67312.0,97840.0,3250.0,3267.5,3239.5,3251.5,46074175,3576.6,2926.4,4322.95,2866.6,3245.0,336,3,3244.8,31,1,3244.7,17,2,3244.6,62,2,3244.5,69,2,3245.1,165,5,3245.2,260,13,3245.3,16,2,3245.4,14,2,3245.5,26,2
11536,2025-12-30 15:07:41+05:30,3245.0,13,3251.38,2233574,65859.0,97900.0,3250.0,3267.5,3239.5,3251.5,46074175,3576.6,2926.4,4322.95,2866.6,3245.0,253,6,3244.8,31,1,3244.7,51,3,3244.6,60,2,3244.5,102,3,3245.1,434,7,3245.2,238,12,3245.3,16,2,3245.4,14,2,3245.5,28,3
11536,2025-12-30 15:07:41+05:30,3245.0,13,3251.38,2233574,65859.0,97900.0,3250.0,3267.5,3239.5,3251.5,46074175,3576.6,2926.4,4322.95,2866.6,3245.0,253,6,3244.8,31,1,3244.7,51,3,3244.6,60,2,3244.5,102,3,3245.1,434,7,3245.2,238,12,3245.3,16,2,3245.4,14,2,3245.5,28,3
11536,2025-12-30 15:07:42+05:30,3245.0,21,3251.38,2234276,66478.0,98283.0,3250.0,3267.5,3239.5,3251.5,46074175,3576.6,2926.4,4322.95,2866.6,3245.0,169,5,3244.7,37,2,3244.4,31,1,3244.2,89,3,3244.1,609,4,3245.1,464,8,3245.2,223,11,3245.3,16,2,3245.4,16,3,3245.5,26,2
11536,2025-12-30 15:07:43+05:30,3245.0,1,3251.38,2234276,66478.0,98283.0,3250.0,3267.5,3239.5,3251.5,46074175,3576.6,2926.4,4322.95,2866.6,3245.0,169,5,3244.7,37,2,3244.4,31,1,3244.2,89,3,3244.1,609,4,3245.1,464,8,3245.2,223,11,3245.3,16,2,3245.4,16,3,3245.5,26,2
11536,2025-12-30 15:07:43+05:30,3245.0,12,3251.38,2234389,66309.0,98484.0,3250.0,3267.5,3239.5,3251.5,46074175,3576.6,2926.4,4322.95,2866.6,3245.0,56,3,3244.7,6,1,3244.4,31,1,3244.2,55,2,3244.1,105,3,3245.1,529,11,3245.2,202,7,3245.3,16,2,3245.4,16,3,3245.5,26,2
11536,2025-12-30 15:07:44+05:30,3244.9,10,3251.38,2234669,66288.0,98202.0,3250.0,3267.5,3239.5,3251.5,46074175,3576.6,2926.4,4322.95,2866.6,3244.9,50,1,3244.7,6,1,3244.6,31,1,3244.4,31,1,3244.3,37,1,3245.0,1,1,3245.1,557,14,3245.2,232,7,3245.4,62,3,3245.5,26,2
11536,2025-12-30 15:07:45+05:30,3244.9,1,3251.38,2234669,66288.0,98202.0,3250.0,3267.5,3239.5,3251.5,46074175,3576.6,2926.4,4322.95,2866.6,3244.9,50,1,3244.7,6,1,3244.6,31,1,3244.4,31,1,3244.3,37,1,3245.0,1,1,3245.1,557,14,3245.2,232,7,3245.4,62,3,3245.5,26,2
11536,2025-12-30 15:07:45+05:30,3244.8,1,3251.38,2235368,66155.0,98678.0,3250.0,3267.5,3239.5,3251.5,46074175,3576.6,2926.4,4322.95,2866.6,3244.8,20,1,3244.1,52,1,3244.0,158,6,3243.9,39,2,3243.8,182,6,3244.9,640,8,3245.0,201,3,3245.1,358,12,3245.2,315,8,3245.4,126,2
11536,2025-12-30 15:07:47+05:30,3245.0,13,3251.36,2240633,67750.0,97773.0,3250.0,3267.5,3239.5,3251.5,46074175,3576.6,2926.4,4322.95,2866.6,3244.9,303,5,3244.8,89,5,3244.7,28,1,3244.6,136,6,3244.5,31,1,3245.0,179,2,3245.1,352,10,3245.2,207,5,3245.5,13,1,3245.6,25,1
11536,2025-12-30 15:07:47+05:30,3244.9,175,3251.36,2240633,67750.0,97773.0,3250.0,3267.5,3239.5,3251.5,46074175,3576.6,2926.4,4322.95,2866.6,3244.9,303,5,3244.8,89,5,3244.7,28,1,3244.6,136,6,3244.5,31,1,3245.0,179,2,3245.1,352,10,3245.2,207,5,3245.5,13,1,3245.6,25,1
11536,2025-12-30 15:07:48+05:30,3244.9,22,3251.35,2243624,67547.0,96223.0,3250.0,3267.5,3239.5,3251.5,46074175,3576.6,2926.4,4322.95,2866.6,3244.9,153,1,3244.7,110,3,3244.6,11,1,3244.4,87,3,3244.3,588,3,3245.0,309,1,3245.1,242,11,3245.2,235,6,3245.5,13,1,3245.6,50,2
11536,2025-12-30 15:07:49+05:30,3244.9,1,3251.35,2243710,66914.0,96935.0,3250.0,3267.5,3239.5,3251.5,46074175,3576.6,2926.4,4322.95,2866.6,3244.9,139,5,3244.8,34,1,3244.6,80,3,3244.4,87,3,3244.3,56,1,3245.0,416,3,3245.1,173,9,3245.2,1218,7,3245.5,13,1,3245.6,96,3
11536,2025-12-30 15:07:49+05:30,3244.9,1,3251.35,2243710,66914.0,96935.0,3250.0,3267.5,3239.5,3251.5,46074175,3576.6,2926.4,4322.95,2866.6,3244.9,139,5,3244.8,34,1,3244.6,80,3,3244.4,87,3,3244.3,56,1,3245.0,416,3,3245.1,173,9,3245.2,1218,7,3245.5,13,1,3245.6,96,3
11536,2025-12-30 15:07:50+05:30,3244.4,1,3251.35,2244192,66814.0,96814.0,3250.0,3267.5,3239.5,3251.5,46074175,3576.6,2926.4,4322.95,2866.6,3244.4,116,4,3244.2,141,5,3244.1,74,2,3244.0,185,8,3243.9,548,3,3244.9,1,1,3245.0,241,3,3245.1,157,7,3245.2,1218,7,3245.4,11,1
11536,2025-12-30 15:07:51+05:30,3244.4,1,3251.35,2245016,67665.0,97550.0,3250.0,3267.5,3239.5,3251.5,46074175,3576.6,2926.4,4322.95,2866.6,3244.3,329,8,3244.2,149,4,3244.1,92,3,3244.0,744,12,3243.9,35,2,3244.4,30,3,3244.5,1,1,3244.7,12,1,3244.8,1,1,3244.9,33,5
11536,2025-12-30 15:07:51+05:30,3244.4,4,3251.35,2245016,67665.0,97550.0,3250.0,3267.5,3239.5,3251.5,46074175,3576.6,2926.4,4322.95,2866.6,3244.3,329,8,3244.2,149,4,3244.1,92,3,3244.0,744,12,3243.9,35,2,3244.4,30,3,3244.5,1,1,3244.7,12,1,3244.8,1,1,3244.9,33,5
11536,2025-12-30 15:07:52+05:30,3244.4,1,3251.35,2245731,67304.0,97342.0,3250.0,3267.5,3239.5,3251.5,46074175,3576.6,2926.4,4322.95,2866.6,3244.2,257,3,3244.1,92,3,3244.0,663,10,3243.9,44,3,3243.8,210,5,3244.3,1,1,3244.4,399,1,3244.5,1,1,3244.6,1,1,3244.7,12,1
11536,2025-12-30 15:07:53+05:30,3244.2,10,3251.35,2245811,66438.0,98014.0,3250.0,3267.5,3239.5,3251.5,46074175,3576.6,2926.4,4322.95,2866.6,3244.2,177,1,3244.1,126,3,3244.0,41,4,3243.9,12,2,3243.8,65,2,3244.4,503,2,3244.5,1,1,3244.7,13,2,3244.9,31,4,3245.0,268,6
11536,2025-12-30 15:07:53+05:30,3244.2,10,3251.35,2245811,66438.0,98014.0,3250.0,3267.5,3239.5,3251.5,46074175,3576.6,2926.4,4322.95,2866.6,3244.2,177,1,3244.1,126,3,3244.0,41,4,3243.9,12,2,3243.8,65,2,3244.4,503,2,3244.5,1,1,3244.7,13,2,3244.9,31,4,3245.0,268,6
11536,2025-12-30 15:07:54+05:30,3244.4,1,3251.34,2246209,66518.0,97371.0,3250.0,3267.5,3239.5,3251.5,46074175,3576.6,2926.4,4322.95,2866.6,3244.2,187,1,3244.1,52,1,3244.0,227,6,3243.9,1,1,3243.7,87,3,3244.3,91,1,3244.4,306,4,3244.5,13,3,3244.6,14,2,3244.7,12,1
11536,2025-12-30 15:07:55+05:30,3244.2,16,3251.34,2246258,66646.0,97808.0,3250.0,3267.5,3239.5,3251.5,46074175,3576.6,2926.4,4322.95,2866.6,3244.2,160,1,3244.1,52,1,3244.0,216,5,3243.9,11,1,3243.7,98,3,3244.3,71,2,3244.4,316,5,3244.5,13,3,3244.6,24,3,3244.7,12,1
11536,2025-12-30 15:07:55+05:30,3244.2,16,3251.34,2246258,66646.0,97808.0,3250.0,3267.5,3239.5,3251.5,46074175,3576.6,2926.4,4322.95,2866.6,3244.2,160,1,3244.1,52,1,3244.0,216,5,3243.9,11,1,3243.7,98,3,3244.3,71,2,3244.4,316,5,3244.5,13,3,3244.6,24,3,3244.7,12,1
11536,2025-12-30 15:07:56+05:30,3244.3,1,3251.34,2246322,66786.0,98376.0,3250.0,3267.5,3239.5,3251.5,46074175,3576.6,2926.4,4322.95,2866.6,3244.2,187,6,3244.1,52,1,3244.0,420,7,3243.8,25,2,3243.7,67,2,3244.3,84,4,3244.4,313,6,3244.5,11,1,3244.6,14,2,3244.7,12,1
11536,2025-12-30 15:07:57+05:30,3244.3,95,3251.34,2246546,67364.0,97696.0,3250.0,3267.5,3239.5,3251.5,46074175,3576.6,2926.4,4322.95,2866.6,3244.3,92,1,3244.2,452,9,3244.1,101,4,3244.0,739,10,3243.8,46,2,3244.4,313,6,3244.6,23,3,3244.7,12,1,3244.8,47,3,3244.9,22,2
11536,2025-12-30 15:07:57+05:30,3244.3,95,3251.34,2246546,67364.0,97696.0,3250.0,3267.5,3239.5,3251.5,46074175,3576.6,2926.4,4322.95,2866.6,3244.3,92,1,3244.2,452,9,3244.1,101,4,3244.0,739,10,3243.8,46,2,3244.4,313,6,3244.6,23,3,3244.7,12,1,3244.8,47,3,3244.9,22,2
11536,2025-12-30 15:07:58+05:30,3244.3,1,3251.34,2246828,67582.0,96472.0,3250.0,3267.5,3239.5,3251.5,46074175,3576.6,2926.4,4322.95,2866.6,3244.3,64,2,3244.2,381,7,3244.1,238,3,3244.0,530,8,3243.9,32,1,3244.4,312,5,3244.5,16,2,3244.6,14,2,3244.7,12,1,3244.8,47,3
11536,2025-12-30 15:07:59+05:30,3244.3,91,3251.34,2246828,67582.0,96472.0,3250.0,3267.5,3239.5,3251.5,46074175,3576.6,2926.4,4322.95,2866.6,3244.3,64,2,3244.2,381,7,3244.1,238,3,3244.0,530,8,3243.9,32,1,3244.4,312,5,3244.5,16,2,3244.6,14,2,3244.7,12,1,3244.8,47,3
11536,2025-12-30 15:07:59+05:30,3244.3,91,3251.34,2247023,67657.0,97532.0,3250.0,3267.5,3239.5,3251.5,46074175,3576.6,2926.4,4322.95,2866.6,3244.3,173,7,3244.2,348,3,3244.1,402,3,3244.0,355,7,3243.8,65,2,3244.4,373,6,3244.5,16,2,3244.6,14,2,3244.7,12,1,3244.8,38,2
11536,2025-12-30 15:08:00+05:30,3244.3,16,3251.34,2247791,67548.0,98087.0,3250.0,3267.5,3239.5,3251.5,46074175,3576.6,2926.4,4322.95,2866.6,3244.3,138,3,3244.2,347,2,3244.1,402,3,3244.0,276,4,3243.9,34,1,3244.4,799,16,3244.5,16,2,3244.6,14,2,3244.7,12,1,3244.8,42,3
11536,2025-12-30 15:08:01+05:30,3244.4,1,3251.34,2247791,67548.0,98087.0,3250.0,3267.5,3239.5,3251.5,46074175,3576.6,2926.4,4322.95,2866.6,3244.3,138,3,3244.2,347,2,3244.1,402,3,3244.0,276,4,3243.9,34,1,3244.4,799,16,3244.5,16,2,3244.6,14,2,3244.7,12,1,3244.8,42,3
11536,2025-12-30 15:08:01+05:30,3244.3,2,3251.34,2248208,68298.0,98316.0,3250.0,3267.5,3239.5,3251.5,46074175,3576.6,2926.4,4322.95,2866.6,3244.3,648,8,3244.2,347,2,3244.1,676,5,3244.0,276,4,3243.7,67,2,3244.4,1037,18,3244.5,16,2,3244.6,14,2,3244.7,12,1,3244.8,39,3
11536,2025-12-30 15:08:02+05:30,3244.2,1,3251.33,2251123,65688.0,99590.0,3250.0,3267.5,3239.5,3251.5,46074175,3576.6,2926.4,4322.95,2866.6,3243.5,11,1,3243.3,1,1,3243.0,7,2,3242.9,52,1,3242.8,44,2,3244.2,129,4,3244.3,509,3,3244.4,1120,20,3244.5,48,3,3244.6,165,7
11536,2025-12-30 15:08:03+05:30,3243.9,2,3251.33,2251123,65688.0,99590.0,3250.0,3267.5,3239.5,3251.5,46074175,3576.6,2926.4,4322.95,2866.6,3243.5,11,1,3243.3,1,1,3243.0,7,2,3242.9,52,1,3242.8,44,2,3244.2,129,4,3244.3,509,3,3244.4,1120,20,3244.5,48,3,3244.6,165,7
11536,2025-12-30 15:08:03+05:30,3243.9,2,3251.33,2252002,65996.0,98305.0,3250.0,3267.5,3239.5,3251.5,46074175,3576.6,2926.4,4322.95,2866.6,3243.5,58,3,3243.3,1,1,3243.2,20,1,3243.1,29,3,3243.0,175,3,3243.9,31,2,3244.1,100,1,3244.2,63,4,3244.3,33,1,3244.4,1071,17
11536,2025-12-30 15:08:04+05:30,3244.4,28,3251.33,2252404,66222.0,97881.0,3250.0,3267.5,3239.5,3251.5,46074175,3576.6,2926.4,4322.95,2866.6,3243.6,87,4,3243.4,28,1,3243.3,30,2,3243.2,52,2,3243.1,25,2,3244.4,1014,16,3244.5,18,3,3244.6,1087,5,3244.7,12,1,3244.8,38,2
11536,2025-12-30 15:08:05+05:30,3243.6,5,3251.33,2252404,66222.0,97881.0,3250.0,3267.5,3239.5,3251.5,46074175,3576.6,2926.4,4322.95,2866.6,3243.6,87,4,3243.4,28,1,3243.3,30,2,3243.2,52,2,3243.1,25,2,3244.4,1014,16,3244.5,18,3,3244.6,1087,5,3244.7,12,1,3244.8,38,2
11536,2025-12-30 15:08:05+05:30,3243.6,1,3251.33,2252460,66554.0,97747.0,3250.0,3267.5,3239.5,3251.5,46074175,3576.6,2926.4,4322.95,2866.6,3243.6,127,5,3243.5,219,3,3243.4,28,1,3243.3,1,1,3243.2,20,1,3244.3,176,3,3244.4,750,13,3244.5,16,2,3244.6,1065,4,3244.7,58,2
11536,2025-12-30 15:08:06+05:30,3243.6,7,3251.32,2252834,64822.0,98380.0,3250.0,3267.5,3239.5,3251.5,46074175,3576.6,2926.4,4322.95,2866.6,3243.6,31,1,3243.5,54,1,3243.3,1,1,3243.0,7,2,3242.8,31,1,3244.1,4,1,3244.2,82,2,3244.3,169,3,3244.4,878,15,3244.5,16,2
11536,2025-12-30 15:08:07+05:30,3244.1,1,3251.32,2252834,64822.0,98380.0,3250.0,3267.5,3239.5,3251.5,46074175,3576.6,2926.4,4322.95,2866.6,3243.6,31,1,3243.5,54,1,3243.3,1,1,3243.0,7,2,3242.8,31,1,3244.1,4,1,3244.2,82,2,3244.3,169,3,3244.4,878,15,3244.5,16,2
11536,2025-12-30 15:08:07+05:30,3244.2,3,3251.32,2252845,65171.0,98383.0,3250.0,3267.5,3239.5,3251.5,46074175,3576.6,2926.4,4322.95,2866.6,3243.6,84,3,3243.3,1,1,3243.0,7,2,3242.8,31,1,3242.7,698,3,3244.2,77,1,3244.3,169,3,3244.4,878,15,3244.5,16,2,3244.6,1065,4
11536,2025-12-30 15:08:08+05:30,3244.2,1,3251.32,2253275,65184.0,98517.0,3250.0,3267.5,3239.5,3251.5,46074175,3576.6,2926.4,4322.95,2866.6,3243.6,174,2,3243.5,65,1,3243.3,1,1,3243.0,7,2,3242.9,164,1,3244.2,19,3,3244.3,258,5,3244.4,864,15,3244.5,46,1,3244.6,1065,4
11536,2025-12-30 15:08:09+05:30,3244.3,29,3251.32,2253275,65184.0,98517.0,3250.0,3267.5,3239.5,3251.5,46074175,3576.6,2926.4,4322.95,2866.6,3243.6,174,2,3243.5,65,1,3243.3,1,1,3243.0,7,2,3242.9,164,1,3244.2,19,3,3244.3,258,5,3244.4,864,15,3244.5,46,1,3244.6,1065,4
11536,2025-12-30 15:08:09+05:30,3243.7,1,3251.32,2254747,64879.0,98881.0,3250.0,3267.5,3239.5,3251.5,46074175,3576.6,2926.4,4322.95,2866.6,3243.6,108,4,3243.5,65,1,3243.3,1,1,3243.1,56,3,3243.0,7,2,3243.7,399,1,3244.2,4,1,3244.3,359,8,3244.4,777,11,3244.6,1065,4
11536,2025-12-30 15:08:11+05:30,3243.5,16,3251.32,2255248,65042.0,99285.0,3250.0,3267.5,3239.5,3251.5,46074175,3576.6,2926.4,4322.95,2866.6,3243.0,7,2,3242.9,16,1,3242.7,27,1,3242.6,225,5,3242.5,133,3,3243.5,5,1,3243.6,139,6,3243.7,415,4,3243.9,78,3,3244.0,2,1
11536,2025-12-30 15:08:11+05:30,3243.0,15,3251.32,2255248,65042.0,99285.0,3250.0,3267.5,3239.5,3251.5,46074175,3576.6,2926.4,4322.95,2866.6,3243.0,7,2,3242.9,16,1,3242.7,27,1,3242.6,225,5,3242.5,133,3,3243.5,5,1,3243.6,139,6,3243.7,415,4,3243.9,78,3,3244.0,2,1
11536,2025-12-30 15:08:12+05:30,3243.6,15,3251.31,2255981,65930.0,98636.0,3250.0,3267.5,3239.5,3251.5,46074175,3576.6,2926.4,4322.95,2866.6,3243.2,175,1,3243.1,30,1,3243.0,103,3,3242.9,31,1,3242.8,61,1,3243.6,275,4,3243.7,413,3,3243.9,11,4,3244.0,15,3,3244.1,243,7
11536,2025-12-30 15:08:13+05:30,3243.2,5,3251.31,2256381,65380.0,98265.0,3250.0,3267.5,3239.5,3251.5,46074175,3576.6,2926.4,4322.95,2866.6,3243.2,110,2,3243.0,71,3,3242.6,226,5,3242.5,55,2,3242.4,45,2,3243.6,292,5,3243.7,396,1,3243.8,942,3,3243.9,87,5,3244.0,59,3
11536,2025-12-30 15:08:13+05:30,3243.2,1,3251.31,2256381,65380.0,98265.0,3250.0,3267.5,3239.5,3251.5,46074175,3576.6,2926.4,4322.95,2866.6,3243.2,110,2,3243.0,71,3,3242.6,226,5,3242.5,55,2,3242.4,45,2,3243.6,292,5,3243.7,396,1,3243.8,942,3,3243.9,87,5,3244.0,59,3
11536,2025-12-30 15:08:14+05:30,3243.2,175,3251.31,2257366,61683.0,100786.0,3250.0,3267.5,3239.5,3251.5,46074175,3576.6,2926.4,4322.95,2866.6,3243.1,175,1,3243.0,71,3,3242.6,30,2,3242.5,52,1,3242.1,556,2,3243.2,22,1,3243.4,1,1,3243.5,2,1,3243.6,312,7,3243.7,405,3
11536,2025-12-30 15:08:15+05:30,3243.2,34,3251.3,2258226,62897.0,97979.0,3250.0,3267.5,3239.5,3251.5,46074175,3576.6,2926.4,4322.95,2866.6,3242.7,175,1,3242.6,93,5,3242.5,52,2,3242.3,57,2,3242.2,37,1,3243.2,32,2,3243.3,1,1,3243.4,12,2,3243.5,161,4,3243.6,387,8
11536,2025-12-30 15:08:15+05:30,3242.7,3,3251.3,2258226,62897.0,97979.0,3250.0,3267.5,3239.5,3251.5,46074175,3576.6,2926.4,4322.95,2866.6,3242.7,175,1,3242.6,93,5,3242.5,52,2,3242.3,57,2,3242.2,37,1,3243.2,32,2,3243.3,1,1,3243.4,12,2,3243.5,161,4,3243.6,387,8
11536,2025-12-30 15:08:16+05:30,3243.0,14,3251.3,2258398,66093.0,98908.0,3250.0,3267.5,3239.5,3251.5,46074175,3576.6,2926.4,4322.95,2866.6,3243.0,6,1,3242.7,2,2,3242.6,30,2,3242.2,180,2,3242.1,31,3,3243.1,4,2,3243.2,32,2,3243.3,1,1,3243.4,11,1,3243.5,162,5
11536,2025-12-30 15:08:17+05:30,3243.0,60,3251.3,2258522,64639.0,99645.0,3250.0,3267.5,3239.5,3251.5,46074175,3576.6,2926.4,4322.95,2866.6,3243.0,202,2,3242.9,175,1,3242.8,2,1,3242.7,1,1,3242.6,30,2,3243.1,1,1,3243.2,32,2,3243.3,11,1,3243.4,11,1,3243.5,161,5
11536,2025-12-30 15:08:17+05:30,3242.6,2,3251.3,2258522,64639.0,99645.0,3250.0,3267.5,3239.5,3251.5,46074175,3576.6,2926.4,4322.95,2866.6,3243.0,202,2,3242.9,175,1,3242.8,2,1,3242.7,1,1,3242.6,30,2,3243.1,1,1,3243.2,32,2,3243.3,11,1,3243.4,11,1,3243.5,161,5
11536,2025-12-30 15:08:18+05:30,3243.2,37,3251.3,2260583,66326.0,98285.0,3250.0,3267.5,3239.5,3251.5,46074175,3576.6,2926.4,4322.95,2866.6,3243.0,83,5,3242.4,24,2,3242.3,34,2,3242.2,33,1,3242.1,108,5,3243.2,400,1,3243.4,981,3,3243.5,161,5,3243.6,306,6,3243.7,518,7
11536,2025-12-30 15:08:19+05:30,3243.2,175,3251.3,2260799,67303.0,100080.0,3250.0,3267.5,3239.5,3251.5,46074175,3576.6,2926.4,4322.95,2866.6,3243.0,280,11,3242.9,43,1,3242.8,2,1,3242.7,138,2,3242.5,37,1,3243.2,249,3,3243.4,996,4,3243.5,1081,5,3243.6,305,5,3243.7,473,6
11536,2025-12-30 15:08:19+05:30,3243.2,175,3251.3,2260799,67303.0,100080.0,3250.0,3267.5,3239.5,3251.5,46074175,3576.6,2926.4,4322.95,2866.6,3243.0,280,11,3242.9,43,1,3242.8,2,1,3242.7,138,2,3242.5,37,1,3243.2,249,3,3243.4,996,4,3243.5,1081,5,3243.6,305,5,3243.7,473,6
11536,2025-12-30 15:08:20+05:30,3243.0,1,3251.29,2261750,64222.0,98810.0,3250.0,3267.5,3239.5,3251.5,46074175,3576.6,2926.4,4322.95,2866.6,3242.8,175,1,3242.7,92,1,3242.4,44,2,3242.1,53,2,3242.0,68,3,3243.0,277,6,3243.1,8,2,3243.2,270,7,3243.3,67,2,3243.4,1055,6
11536,2025-12-30 15:08:21+05:30,3242.7,2,3251.29,2261750,64222.0,98810.0,3250.0,3267.5,3239.5,3251.5,46074175,3576.6,2926.4,4322.95,2866.6,3242.8,175,1,3242.7,92,1,3242.4,44,2,3242.1,53,2,3242.0,68,3,3243.0,277,6,3243.1,8,2,3243.2,270,7,3243.3,67,2,3243.4,1055,6
11536,2025-12-30 15:08:21+05:30,3242.1,14,3251.29,2262777,66089.0,99985.0,3250.0,3267.5,3239.5,3251.5,46074175,3576.6,2926.4,4322.95,2866.6,3242.1,64,3,3241.7,116,3,3241.6,18,2,3241.5,38,2,3241.4,236,4,3242.7,13,2,3243.0,366,9,3243.1,75,5,3243.2,246,5,3243.3,82,5
11536,2025-12-30 15:08:22+05:30,3242.2,1,3251.29,2263188,66899.0,99262.0,3250.0,3267.5,3239.5,3251.5,46074175,3576.6,2926.4,4322.95,2866.6,3242.3,174,1,3242.2,32,2,3242.1,370,1,3242.0,31,1,3241.8,133,2,3243.0,364,6,3243.1,72,5,3243.2,288,5,3243.3,83,6,3243.4,1052,6
11536,2025-12-30 15:08:23+05:30,3242.9,1,3251.29,2263188,66899.0,99262.0,3250.0,3267.5,3239.5,3251.5,46074175,3576.6,2926.4,4322.95,2866.6,3242.3,174,1,3242.2,32,2,3242.1,370,1,3242.0,31,1,3241.8,133,2,3243.0,364,6,3243.1,72,5,3243.2,288,5,3243.3,83,6,3243.4,1052,6
11536,2025-12-30 15:08:23+05:30,3243.0,10,3251.29,2263380,67106.0,99873.0,3250.0,3267.5,3239.5,3251.5,46074175,3576.6,2926.4,4322.95,2866.6,3242.9,167,1,3242.7,175,1,3242.3,34,4,3242.1,383,2,3242.0,31,1,3243.0,489,8,3243.1,75,5,3243.2,288,5,3243.3,13,3,3243.4,998,4
11536,2025-12-30 15:08:25+05:30,3243.0,1,3251.28,2263557,67522.0,99805.0,3250.0,3267.5,3239.5,3251.5,46074175,3576.6,2926.4,4322.95,2866.6,3242.9,119,3,3242.7,175,1,3242.3,3,3,3242.1,383,2,3242.0,31,1,3243.0,452,8,3243.1,75,5,3243.2,314,7,3243.3,70,3,3243.4,1041,5
11536,2025-12-30 15:08:25+05:30,3242.9,39,3251.28,2263557,67522.0,99805.0,3250.0,3267.5,3239.5,3251.5,46074175,3576.6,2926.4,4322.95,2866.6,3242.9,119,3,3242.7,175,1,3242.3,3,3,3242.1,383,2,3242.0,31,1,3243.0,452,8,3243.1,75,5,3243.2,314,7,3243.3,70,3,3243.4,1041,5
11536,2025-12-30 15:08:26+05:30,3242.9,41,3251.28,2263803,67080.0,100019.0,3250.0,3267.5,3239.5,3251.5,46074175,3576.6,2926.4,4322.95,2866.6,3242.2,162,1,3242.1,414,3,3241.9,1,1,3241.8,136,3,3241.7,29,1,3242.9,105,5,3243.0,660,8,3243.1,75,5,3243.2,359,7,3243.3,103,4
11536,2025-12-30 15:08:27+05:30,3242.3,175,3251.28,2264356,68138.0,99868.0,3250.0,3267.5,3239.5,3251.5,46074175,3576.6,2926.4,4322.95,2866.6,3242.2,794,7,3242.1,364,3,3242.0,31,1,3241.8,14,1,3241.7,33,1,3242.3,44,3,3242.4,1,1,3242.6,11,1,3242.8,13,1,3242.9,121,8
11536,2025-12-30 15:08:27+05:30,3242.3,2,3251.28,2264356,68138.0,99868.0,3250.0,3267.5,3239.5,3251.5,46074175,3576.6,2926.4,4322.95,2866.6,3242.2,794,7,3242.1,364,3,3242.0,31,1,3241.8,14,1,3241.7,33,1,3242.3,44,3,3242.4,1,1,3242.6,11,1,3242.8,13,1,3242.9,121,8
11536,2025-12-30 15:08:28+05:30,3242.3,50,3251.28,2264609,68117.0,99320.0,3250.0,3267.5,3239.5,3251.5,46074175,3576.6,2926.4,4322.95,2866.6,3242.2,670,6,3242.1,424,3,3242.0,31,1,3241.8,45,2,3241.7,33,1,3242.3,309,4,3242.6,11,1,3242.8,13,1,3242.9,152,11,3243.0,512,4
11536,2025-12-30 15:08:29+05:30,3242.3,175,3251.28,2264609,68117.0,99320.0,3250.0,3267.5,3239.5,3251.5,46074175,3576.6,2926.4,4322.95,2866.6,3242.2,670,6,3242.1,424,3,3242.0,31,1,3241.8,45,2,3241.7,33,1,3242.3,309,4,3242.6,11,1,3242.8,13,1,3242.9,152,11,3243.0,512,4
11536,2025-12-30 15:08:29+05:30,3242.3,175,3251.28,2265177,68040.0,99541.0,3250.0,3267.5,3239.5,3251.5,46074175,3576.6,2926.4,4322.95,2866.6,3242.2,673,7,3242.1,347,2,3242.0,67,2,3241.9,11,1,3241.7,33,1,3242.3,212,4,3242.6,32,4,3242.7,9,1,3242.8,23,2,3242.9,105,7
11536,2025-12-30 15:08:30+05:30,3242.2,1,3251.27,2266921,67677.0,99560.0,3250.0,3267.5,3239.5,3251.5,46074175,3576.6,2926.4,4322.95,2866.6,3242.1,344,1,3241.9,175,1,3241.6,68,3,3241.5,3,1,3241.4,65,2,3242.2,384,9,3242.3,279,6,3242.4,21,3,3242.6,38,5,3242.7,11,1
11536,2025-12-30 15:08:31+05:30,3242.1,4,3251.27,2266921,67677.0,99560.0,3250.0,3267.5,3239.5,3251.5,46074175,3576.6,2926.4,4322.95,2866.6,3242.1,344,1,3241.9,175,1,3241.6,68,3,3241.5,3,1,3241.4,65,2,3242.2,384,9,3242.3,279,6,3242.4,21,3,3242.6,38,5,3242.7,11,1
11536,2025-12-30 15:08:31+05:30,3242.1,4,3251.27,2267059,68084.0,98817.0,3250.0,3267.5,3239.5,3251.5,46074175,3576.6,2926.4,4322.95,2866.6,3242.1,327,3,3242.0,175,1,3241.9,103,1,3241.6,32,2,3241.5,3,1,3242.2,379,12,3242.3,284,8,3242.4,34,4,3242.5,72,2,3242.6,40,6
11536,2025-12-30 15:08:32+05:30,3241.0,2,3251.27,2267830,67001.0,98831.0,3250.0,3267.5,3239.5,3251.5,46074175,3576.6,2926.4,4322.95,2866.6,3241.0,533,4,3240.8,65,2,3240.7,33,1,3240.6,67,2,3240.5,165,4,3241.5,105,1,3241.8,2,1,3242.1,103,4,3242.2,376,11,3242.3,388,10
11536,2025-12-30 15:08:33+05:30,3241.1,1,3251.27,2267830,67001.0,98831.0,3250.0,3267.5,3239.5,3251.5,46074175,3576.6,2926.4,4322.95,2866.6,3241.0,533,4,3240.8,65,2,3240.7,33,1,3240.6,67,2,3240.5,165,4,3241.5,105,1,3241.8,2,1,3242.1,103,4,3242.2,376,11,3242.3,388,10
11536,2025-12-30 15:08:34+05:30,3241.8,171,3251.26,2269714,65155.0,97196.0,3250.0,3267.5,3239.5,3251.5,46074175,3576.6,2926.4,4322.95,2866.6,3241.7,33,1,3241.6,208,3,3241.5,176,2,3241.4,31,1,3241.2,64,2,3241.8,798,1,3241.9,10,1,3242.0,13,1,3242.1,36,5,3242.2,395,10
11536,2025-12-30 15:08:35+05:30,3241.6,1,3251.26,2270745,68385.0,97700.0,3250.0,3267.5,3239.5,3251.5,46074175,3576.6,2926.4,4322.95,2866.6,3241.5,212,2,3241.4,31,1,3241.2,66,2,3241.1,19,1,3241.0,658,6,3241.6,40,1,3241.7,64,2,3241.8,2,1,3241.9,10,1,3242.0,25,2
11536,2025-12-30 15:08:35+05:30,3241.4,5,3251.26,2270745,68385.0,97700.0,3250.0,3267.5,3239.5,3251.5,46074175,3576.6,2926.4,4322.95,2866.6,3241.5,212,2,3241.4,31,1,3241.2,66,2,3241.1,19,1,3241.0,658,6,3241.6,40,1,3241.7,64,2,3241.8,2,1,3241.9,10,1,3242.0,25,2
11536,2025-12-30 15:08:36+05:30,3241.4,30,3251.25,2271906,66613.0,97198.0,3250.0,3267.5,3239.5,3251.5,46074175,3576.6,2926.4,4322.95,2866.6,3241.4,80,4,3241.3,176,2,3241.2,70,2,3241.1,33,1,3241.0,646,7,3241.5,121,2,3241.6,40,1,3241.7,77,5,3241.9,19,2,3242.0,25,2
11536,2025-12-30 15:08:37+05:30,3241.4,94,3251.25,2272541,68336.0,96599.0,3250.0,3267.5,3239.5,3251.5,46074175,3576.6,2926.4,4322.95,2866.6,3241.4,200,3,3241.3,104,2,3241.2,36,1,3241.0,609,4,3240.9,11,1,3241.5,673,4,3241.6,291,2,3241.7,351,6,3241.8,13,1,3241.9,20,2
11536,2025-12-30 15:08:37+05:30,3241.4,94,3251.25,2272541,68336.0,96599.0,3250.0,3267.5,3239.5,3251.5,46074175,3576.6,2926.4,4322.95,2866.6,3241.4,200,3,3241.3,104,2,3241.2,36,1,3241.0,609,4,3240.9,11,1,3241.5,673,4,3241.6,291,2,3241.7,351,6,3241.8,13,1,3241.9,20,2
11536,2025-12-30 15:08:38+05:30,3242.1,16,3251.23,2276197,69322.0,94753.0,3250.0,3267.5,3239.5,3251.5,46074175,3576.6,2926.4,4322.95,2866.6,3241.9,310,6,3241.8,67,2,3241.7,68,2,3241.6,326,6,3241.5,34,1,3242.2,260,3,3242.3,9,3,3242.8,17,1,3243.0,20,1,3243.2,19,2
11536,2025-12-30 15:08:39+05:30,3243.0,2,3251.22,2278114,70901.0,93243.0,3250.0,3267.5,3239.5,3251.5,46074175,3576.6,2926.4,4322.95,2866.6,3242.2,97,5,3242.1,192,5,3242.0,133,5,3241.9,752,5,3241.8,206,7,3243.0,18,1,3243.2,2,1,3243.4,25,1,3243.6,17,1,3243.9,137,3
11536,2025-12-30 15:08:39+05:30,3243.0,2,3251.22,2278114,70901.0,93243.0,3250.0,3267.5,3239.5,3251.5,46074175,3576.6,2926.4,4322.95,2866.6,3242.2,97,5,3242.1,192,5,3242.0,133,5,3241.9,752,5,3241.8,206,7,3243.0,18,1,3243.2,2,1,3243.4,25,1,3243.6,17,1,3243.9,137,3
11536,2025-12-30 15:08:40+05:30,3242.3,40,3251.22,2278531,67445.0,92268.0,3250.0,3267.5,3239.5,3251.5,46074175,3576.6,2926.4,4322.95,2866.6,3242.2,8,2,3242.0,7,2,3241.9,217,4,3241.8,151,4,3241.7,175,1,3242.3,4,2,3242.6,1,1,3243.0,16,1,3243.2,2,1,3243.5,128,3
11536,2025-12-30 15:08:41+05:30,3242.2,5,3251.22,2278531,67445.0,92268.0,3250.0,3267.5,3239.5,3251.5,46074175,3576.6,2926.4,4322.95,2866.6,3242.2,8,2,3242.0,7,2,3241.9,217,4,3241.8,151,4,3241.7,175,1,3242.3,4,2,3242.6,1,1,3243.0,16,1,3243.2,2,1,3243.5,128,3
11536,2025-12-30 15:08:41+05:30,3242.2,5,3251.22,2278998,70344.0,94628.0,3250.0,3267.5,3239.5,3251.5,46074175,3576.6,2926.4,4322.95,2866.6,3242.3,40,3,3242.2,130,8,3242.0,101,3,3241.9,319,5,3241.8,880,7,3243.0,17,2,3243.3,34,1,3243.6,43,1,3243.8,40,1,3243.9,162,5
11536,2025-12-30 15:08:42+05:30,3242.4,12,3251.22,2279203,70370.0,94323.0,3250.0,3267.5,3239.5,3251.5,46074175,3576.6,2926.4,4322.95,2866.6,3242.4,21,1,3242.3,204,8,3242.2,100,7,3242.0,70,2,3241.9,454,4,3243.0,10,1,3243.2,1,1,3243.3,34,1,3243.6,108,3,3243.8,104,3
11536,2025-12-30 15:08:43+05:30,3242.4,1,3251.22,2279203,70370.0,94323.0,3250.0,3267.5,3239.5,3251.5,46074175,3576.6,2926.4,4322.95,2866.6,3242.4,21,1,3242.3,204,8,3242.2,100,7,3242.0,70,2,3241.9,454,4,3243.0,10,1,3243.2,1,1,3243.3,34,1,3243.6,108,3,3243.8,104,3
11536,2025-12-30 15:08:43+05:30,3242.4,1,3251.22,2279210,70930.0,92977.0,3250.0,3267.5,3239.5,3251.5,46074175,3576.6,2926.4,4322.95,2866.6,3242.9,66,1,3242.5,75,2,3242.4,414,3,3242.3,276,7,3242.2,305,7,3243.0,10,1,3243.3,1,1,3243.4,35,1,3243.6,38,1,3243.8,40,1
11536,2025-12-30 15:08:45+05:30,3244.2,1,3251.22,2279328,70827.0,93623.0,3250.0,3267.5,3239.5,3251.5,46074175,3576.6,2926.4,4322.95,2866.6,3243.0,2,2,3242.9,145,6,3242.6,507,2,3242.5,135,4,3242.4,522,6,3244.2,126,4,3244.3,72,3,3244.4,149,5,3244.5,9,2,3244.6,102,3
11536,2025-12-30 15:08:45+05:30,3243.0,2,3251.22,2279328,70827.0,93623.0,3250.0,3267.5,3239.5,3251.5,46074175,3576.6,2926.4,4322.95,2866.6,3243.0,2,2,3242.9,145,6,3242.6,507,2,3242.5,135,4,3242.4,522,6,3244.2,126,4,3244.3,72,3,3244.4,149,5,3244.5,9,2,3244.6,102,3
11536,2025-12-30 15:08:46+05:30,3243.0,1,3251.22,2279566,70866.0,94248.0,3250.0,3267.5,3239.5,3251.5,46074175,3576.6,2926.4,4322.95,2866.6,3243.0,75,3,3242.9,88,2,3242.7,1,1,3242.6,37,2,3242.4,414,3,3243.2,13,1,3243.6,35,1,3243.8,31,1,3244.0,5,2,3244.1,119,2
11536,2025-12-30 15:08:47+05:30,3243.0,1,3251.22,2279783,71244.0,93289.0,3250.0,3267.5,3239.5,3251.5,46074175,3576.6,2926.4,4322.95,2866.6,3243.0,284,3,3242.6,77,3,3242.5,316,3,3242.4,434,5,3242.3,234,4,3243.2,20,2,3243.8,31,1,3244.0,34,5,3244.1,150,3,3244.2,120,5
11536,2025-12-30 15:08:47+05:30,3242.9,936,3251.22,2279783,71244.0,93289.0,3250.0,3267.5,3239.5,3251.5,46074175,3576.6,2926.4,4322.95,2866.6,3243.0,284,3,3242.6,77,3,3242.5,316,3,3242.4,434,5,3242.3,234,4,3243.2,20,2,3243.8,31,1,3244.0,34,5,3244.1,150,3,3244.2,120,5
11536,2025-12-30 15:08:48+05:30,3243.0,21,3251.21,2280872,69789.0,91891.0,3250.0,3267.5,3239.5,3251.5,46074175,3576.6,2926.4,4322.95,2866.6,3243.0,584,4,3242.9,236,1,3242.8,1,1,3242.7,1,1,3242.6,15,1,3243.2,20,2,3244.0,67,5,3244.1,150,3,3244.2,158,6,3244.3,63,3
11536,2025-12-30 15:08:49+05:30,3243.0,3,3251.21,2281121,70631.0,93664.0,3250.0,3267.5,3239.5,3251.5,46074175,3576.6,2926.4,4322.95,2866.6,3243.0,747,6,3242.9,11,1,3242.8,1,1,3242.6,53,2,3242.5,579,3,3244.0,92,7,3244.1,3,1,3244.2,146,4,3244.3,35,2,3244.4,170,5
11536,2025-12-30 15:08:49+05:30,3243.0,3,3251.21,2281121,70631.0,93664.0,3250.0,3267.5,3239.5,3251.5,46074175,3576.6,2926.4,4322.95,2866.6,3243.0,747,6,3242.9,11,1,3242.8,1,1,3242.6,53,2,3242.5,579,3,3244.0,92,7,3244.1,3,1,3244.2,146,4,3244.3,35,2,3244.4,170,5
11536,2025-12-30 15:08:50+05:30,3243.1,29,3251.21,2281395,71005.0,93139.0,3250.0,3267.5,3239.5,3251.5,46074175,3576.6,2926.4,4322.95,2866.6,3243.0,780,10,3242.9,11,1,3242.8,75,4,3242.7,11,1,3242.6,78,3,3243.1,15,2,3243.5,1,1,3244.0,256,4,3244.3,108,3,3244.4,28,3
11536,2025-12-30 15:08:51+05:30,3243.1,79,3251.21,2281992,70874.0,94155.0,3250.0,3267.5,3239.5,3251.5,46074175,3576.6,2926.4,4322.95,2866.6,3243.1,237,2,3243.0,474,7,3242.9,11,1,3242.8,1,1,3242.6,15,1,3243.5,2,2,3243.9,42,2,3244.0,357,7,3244.1,62,2,3244.2,43,1
11536,2025-12-30 15:08:51+05:30,3243.1,79,3251.21,2281992,70874.0,94155.0,3250.0,3267.5,3239.5,3251.5,46074175,3576.6,2926.4,4322.95,2866.6,3243.1,237,2,3243.0,474,7,3242.9,11,1,3242.8,1,1,3242.6,15,1,3243.5,2,2,3243.9,42,2,3244.0,357,7,3244.1,62,2,3244.2,43,1
11536,2025-12-30 15:08:52+05:30,3243.1,14,3251.21,2282055,71308.0,94782.0,3250.0,3267.5,3239.5,3251.5,46074175,3576.6,2926.4,4322.95,2866.6,3243.1,664,5,3243.0,473,6,3242.9,11,1,3242.8,1,1,3242.6,15,1,3243.5,45,1,3243.8,1,1,3243.9,53,3,3244.0,366,8,3244.1,95,3
11536,2025-12-30 15:08:53+05:30,3243.5,2,3251.21,2282055,71308.0,94782.0,3250.0,3267.5,3239.5,3251.5,46074175,3576.6,2926.4,4322.95,2866.6,3243.1,664,5,3243.0,473,6,3242.9,11,1,3242.8,1,1,3242.6,15,1,3243.5,45,1,3243.8,1,1,3243.9,53,3,3244.0,366,8,3244.1,95,3
11536,2025-12-30 15:08:53+05:30,3243.3,2,3251.21,2282071,71507.0,93256.0,3250.0,3267.5,3239.5,3251.5,46074175,3576.6,2926.4,4322.95,2866.6,3243.3,307,4,3243.1,682,13,3243.0,518,7,3242.9,38,3,3242.8,288,4,3243.5,59,3,3243.8,1,1,3244.0,286,7,3244.2,11,1,3244.3,1,1
11536,2025-12-30 15:08:55+05:30,3243.5,1,3251.21,2282294,71569.0,93268.0,3250.0,3267.5,3239.5,3251.5,46074175,3576.6,2926.4,4322.95,2866.6,3243.3,121,3,3243.2,69,1,3243.1,650,12,3243.0,564,7,3242.9,71,4,3243.5,23,4,3243.7,1,1,3244.0,286,7,3244.2,11,1,3244.3,1,1
11536,2025-12-30 15:08:55+05:30,3243.5,1,3251.21,2282294,71569.0,93268.0,3250.0,3267.5,3239.5,3251.5,46074175,3576.6,2926.4,4322.95,2866.6,3243.3,121,3,3243.2,69,1,3243.1,650,12,3243.0,564,7,3242.9,71,4,3243.5,23,4,3243.7,1,1,3244.0,286,7,3244.2,11,1,3244.3,1,1
11536,2025-12-30 15:08:55+05:30,3243.5,16,3251.21,2282294,71569.0,93268.0,3250.0,3267.5,3239.5,3251.5,46074175,3576.6,2926.4,4322.95,2866.6,3243.3,121,3,3243.2,69,1,3243.1,650,12,3243.0,564,7,3242.9,71,4,3243.5,23,4,3243.7,1,1,3244.0,286,7,3244.2,11,1,3244.3,1,1
11536,2025-12-30 15:08:56+05:30,3243.5,2,3251.21,2282498,71579.0,92253.0,3250.0,3267.5,3239.5,3251.5,46074175,3576.6,2926.4,4322.95,2866.6,3243.4,54,1,3243.3,68,3,3243.2,80,2,3243.1,638,10,3243.0,564,7,3243.5,4,1,3243.7,1,1,3243.8,75,2,3244.0,263,4,3244.2,11,1
11536,2025-12-30 15:08:57+05:30,3243.4,1,3251.21,2282549,72644.0,93496.0,3250.0,3267.5,3239.5,3251.5,46074175,3576.6,2926.4,4322.95,2866.6,3243.4,806,14,3243.3,105,4,3243.2,115,3,3243.1,547,3,3243.0,580,9,3243.6,20,4,3243.7,15,1,3243.8,85,3,3244.0,245,1,3244.2,11,1
11536,2025-12-30 15:08:57+05:30,3243.4,1,3251.21,2282549,72644.0,93496.0,3250.0,3267.5,3239.5,3251.5,46074175,3576.6,2926.4,4322.95,2866.6,3243.4,806,14,3243.3,105,4,3243.2,115,3,3243.1,547,3,3243.0,580,9,3243.6,20,4,3243.7,15,1,3243.8,85,3,3244.0,245,1,3244.2,11,1
11536,2025-12-30 15:08:57+05:30,3243.6,1,3251.21,2282549,72644.0,93496.0,3250.0,3267.5,3239.5,3251.5,46074175,3576.6,2926.4,4322.95,2866.6,3243.4,806,14,3243.3,105,4,3243.2,115,3,3243.1,547,3,3243.0,580,9,3243.6,20,4,3243.7,15,1,3243.8,85,3,3244.0,245,1,3244.2,11,1
11536,2025-12-30 15:08:58+05:30,3243.5,21,3251.21,2282876,73524.0,93397.0,3250.0,3267.5,3239.5,3251.5,46074175,3576.6,2926.4,4322.95,2866.6,3243.5,215,1,3243.4,856,15,3243.3,122,4,3243.2,147,4,3243.1,548,4,3243.8,86,3,3244.0,257,2,3244.2,11,1,3244.3,1,1,3244.4,8,1
11536,2025-12-30 15:08:58+05:30,3243.5,21,3251.21,2282876,73524.0,93397.0,3250.0,3267.5,3239.5,3251.5,46074175,3576.6,2926.4,4322.95,2866.6,3243.5,215,1,3243.4,856,15,3243.3,122,4,3243.2,147,4,3243.1,548,4,3243.8,86,3,3244.0,257,2,3244.2,11,1,3244.3,1,1,3244.4,8,1
11536,2025-12-30 15:08:59+05:30,3243.8,14,3251.21,2283028,73570.0,91378.0,3250.0,3267.5,3239.5,3251.5,46074175,3576.6,2926.4,4322.95,2866.6,3243.7,33,1,3243.6,117,4,3243.5,366,9,3243.4,893,16,3243.3,77,4,3243.8,51,2,3244.0,245,1,3244.2,11,1,3244.3,1,1,3244.4,8,1
11536,2025-12-30 15:08:59+05:30,3243.8,14,3251.21,2283028,73570.0,91378.0,3250.0,3267.5,3239.5,3251.5,46074175,3576.6,2926.4,4322.95,2866.6,3243.7,33,1,3243.6,117,4,3243.5,366,9,3243.4,893,16,3243.3,77,4,3243.8,51,2,3244.0,245,1,3244.2,11,1,3244.3,1,1,3244.4,8,1
11536,2025-12-30 15:08:59+05:30,3244.2,20,3251.21,2283028,73570.0,91378.0,3250.0,3267.5,3239.5,3251.5,46074175,3576.6,2926.4,4322.95,2866.6,3243.7,33,1,3243.6,117,4,3243.5,366,9,3243.4,893,16,3243.3,77,4,3243.8,51,2,3244.0,245,1,3244.2,11,1,3244.3,1,1,3244.4,8,1
11536,2025-12-30 15:09:00+05:30,3243.7,2,3251.19,2287444,72945.0,92215.0,3250.0,3267.5,3239.5,3251.5,46074175,3576.6,2926.4,4322.95,2866.6,3243.7,479,20,3243.6,34,1,3243.5,97,7,3243.4,746,8,3243.3,91,3,3243.8,231,5,3244.3,2,1,3244.4,8,1,3245.1,8,1,3245.4,123,3
11536,2025-12-30 15:09:00+05:30,3243.7,2,3251.19,2287444,72945.0,92215.0,3250.0,3267.5,3239.5,3251.5,46074175,3576.6,2926.4,4322.95,2866.6,3243.7,479,20,3243.6,34,1,3243.5,97,7,3243.4,746,8,3243.3,91,3,3243.8,231,5,3244.3,2,1,3244.4,8,1,3245.1,8,1,3245.4,123,3
11536,2025-12-30 15:09:01+05:30,3243.7,2,3251.19,2287444,72945.0,92215.0,3250.0,3267.5,3239.5,3251.5,46074175,3576.6,2926.4,4322.95,2866.6,3243.7,479,20,3243.6,34,1,3243.5,97,7,3243.4,746,8,3243.3,91,3,3243.8,231,5,3244.3,2,1,3244.4,8,1,3245.1,8,1,3245.4,123,3
11536,2025-12-30 15:09:01+05:30,3243.8,3,3251.19,2288685,72960.0,93245.0,3250.0,3267.5,3239.5,3251.5,46074175,3576.6,2926.4,4322.95,2866.6,3243.8,86,7,3243.7,448,18,3243.6,34,1,3243.5,115,7,3243.4,705,6,3244.3,1,1,3244.4,12,3,3244.7,1,1,3244.8,2,1,3245.0,71,2
11536,2025-12-30 15:09:01+05:30,3243.8,1,3251.19,2288685,72960.0,93245.0,3250.0,3267.5,3239.5,3251.5,46074175,3576.6,2926.4,4322.95,2866.6,3243.8,86,7,3243.7,448,18,3243.6,34,1,3243.5,115,7,3243.4,705,6,3244.3,1,1,3244.4,12,3,3244.7,1,1,3244.8,2,1,3245.0,71,2
11536,2025-12-30 15:09:02+05:30,3243.8,1,3251.19,2288685,72960.0,93245.0,3250.0,3267.5,3239.5,3251.5,46074175,3576.6,2926.4,4322.95,2866.6,3243.8,86,7,3243.7,448,18,3243.6,34,1,3243.5,115,7,3243.4,705,6,3244.3,1,1,3244.4,12,3,3244.7,1,1,3244.8,2,1,3245.0,71,2
11536,2025-12-30 15:09:02+05:30,3244.0,1058,3251.18,2289971,72330.0,94837.0,3250.0,3267.5,3239.5,3251.5,46074175,3576.6,2926.4,4322.95,2866.6,3244.0,369,1,3243.8,218,15,3243.7,739,20,3243.6,66,2,3243.5,133,4,3244.2,1,1,3244.4,22,4,3244.5,1,1,3244.8,2,1,3245.1,92,2
11536,2025-12-30 15:09:03+05:30,3244.0,1058,3251.18,2289971,72330.0,94837.0,3250.0,3267.5,3239.5,3251.5,46074175,3576.6,2926.4,4322.95,2866.6,3244.0,369,1,3243.8,218,15,3243.7,739,20,3243.6,66,2,3243.5,133,4,3244.2,1,1,3244.4,22,4,3244.5,1,1,3244.8,2,1,3245.1,92,2
11536,2025-12-30 15:09:03+05:30,3244.3,1,3251.18,2290239,73232.0,93627.0,3250.0,3267.5,3239.5,3251.5,46074175,3576.6,2926.4,4322.95,2866.6,3244.2,4,2,3244.1,218,2,3244.0,627,18,3243.9,10,1,3243.8,311,17,3244.3,7,2,3244.8,2,1,3245.0,39,1,3245.1,50,3,3245.2,63,2
11536,2025-12-30 15:09:03+05:30,3244.3,1,3251.18,2290239,73232.0,93627.0,3250.0,3267.5,3239.5,3251.5,46074175,3576.6,2926.4,4322.95,2866.6,3244.2,4,2,3244.1,218,2,3244.0,627,18,3243.9,10,1,3243.8,311,17,3244.3,7,2,3244.8,2,1,3245.0,39,1,3245.1,50,3,3245.2,63,2
11536,2025-12-30 15:09:04+05:30,3244.3,1,3251.18,2290239,73232.0,93627.0,3250.0,3267.5,3239.5,3251.5,46074175,3576.6,2926.4,4322.95,2866.6,3244.2,4,2,3244.1,218,2,3244.0,627,18,3243.9,10,1,3243.8,311,17,3244.3,7,2,3244.8,2,1,3245.0,39,1,3245.1,50,3,3245.2,63,2
11536,2025-12-30 15:09:04+05:30,3244.1,12,3251.18,2290338,73236.0,91257.0,3250.0,3267.5,3239.5,3251.5,46074175,3576.6,2926.4,4322.95,2866.6,3244.1,278,3,3244.0,627,18,3243.9,10,1,3243.8,242,16,3243.7,313,4,3244.3,7,2,3244.8,2,1,3245.0,39,1,3245.1,47,2,3245.3,74,3
11536,2025-12-30 15:09:05+05:30,3244.1,12,3251.18,2290338,73236.0,91257.0,3250.0,3267.5,3239.5,3251.5,46074175,3576.6,2926.4,4322.95,2866.6,3244.1,278,3,3244.0,627,18,3243.9,10,1,3243.8,242,16,3243.7,313,4,3244.3,7,2,3244.8,2,1,3245.0,39,1,3245.1,47,2,3245.3,74,3
11536,2025-12-30 15:09:05+05:30,3244.8,5,3251.18,2290338,73236.0,91257.0,3250.0,3267.5,3239.5,3251.5,46074175,3576.6,2926.4,4322.95,2866.6,3244.1,278,3,3244.0,627,18,3243.9,10,1,3243.8,242,16,3243.7,313,4,3244.3,7,2,3244.8,2,1,3245.0,39,1,3245.1,47,2,3245.3,74,3
11536,2025-12-30 15:09:05+05:30,3244.8,5,3251.18,2290338,73236.0,91257.0,3250.0,3267.5,3239.5,3251.5,46074175,3576.6,2926.4,4322.95,2866.6,3244.1,278,3,3244.0,627,18,3243.9,10,1,3243.8,242,16,3243.7,313,4,3244.3,7,2,3244.8,2,1,3245.0,39,1,3245.1,47,2,3245.3,74,3
11536,2025-12-30 15:09:06+05:30,3244.8,9,3251.18,2290507,72137.0,93958.0,3250.0,3267.5,3239.5,3251.5,46074175,3576.6,2926.4,4322.95,2866.6,3244.7,8,1,3244.3,25,3,3244.2,374,5,3244.1,81,7,3244.0,636,19,3244.8,2,1,3245.1,8,1,3245.2,35,1,3245.4,39,2,3245.5,3,1
11536,2025-12-30 15:09:07+05:30,3244.8,9,3251.18,2290507,72137.0,93958.0,3250.0,3267.5,3239.5,3251.5,46074175,3576.6,2926.4,4322.95,2866.6,3244.7,366,18,3244.3,25,3,3244.2,306,4,3244.1,10,8,3244.0,9,1,3244.8,73,3,3244.9,32,2,3245.0,35,1,3245.1,8,1,3245.2,144,4
11536,2025-12-30 15:09:07+05:30,3244.7,3,3251.18,2291097,71353.0,94510.0,3250.0,3267.5,3239.5,3251.5,46074175,3576.6,2926.4,4322.95,2866.6,3244.7,366,18,3244.3,25,3,3244.2,306,4,3244.1,10,8,3244.0,9,1,3244.8,73,3,3244.9,32,2,3245.0,35,1,3245.1,8,1,3245.2,144,4
11536,2025-12-30 15:09:07+05:30,3244.3,38,3251.18,2291097,71353.0,94510.0,3250.0,3267.5,3239.5,3251.5,46074175,3576.6,2926.4,4322.95,2866.6,3244.7,366,18,3244.3,25,3,3244.2,306,4,3244.1,10,8,3244.0,9,1,3244.8,73,3,3244.9,32,2,3245.0,35,1,3245.1,8,1,3245.2,144,4
11536,2025-12-30 15:09:08+05:30,3244.9,30,3251.18,2293009,70860.0,93942.0,3250.0,3267.5,3239.5,3251.5,46074175,3576.6,2926.4,4322.95,2866.6,3244.9,152,2,3244.8,16,2,3244.7,103,1,3244.3,148,2,3244.2,130,5,3245.1,8,1,3245.2,71,2,3245.3,3,1,3245.4,70,3,3245.5,3,1
11536,2025-12-30 15:09:08+05:30,3244.9,30,3251.18,2293009,70860.0,93942.0,3250.0,3267.5,3239.5,3251.5,46074175,3576.6,2926.4,4322.95,2866.6,3244.9,152,2,3244.8,16,2,3244.7,103,1,3244.3,148,2,3244.2,130,5,3245.1,8,1,3245.2,71,2,3245.3,3,1,3245.4,70,3,3245.5,3,1
11536,2025-12-30 15:09:09+05:30,3245.0,138,3251.17,2293580,70155.0,94418.0,3250.0,3267.5,3239.5,3251.5,46074175,3576.6,2926.4,4322.95,2866.6,3244.9,237,7,3244.7,5,4,3244.3,11,1,3244.2,105,4,3244.0,12,2,3245.1,27,4,3245.3,77,3,3245.4,112,4,3245.5,20,2,3245.6,196,4
11536,2025-12-30 15:09:09+05:30,3245.1,2,3251.17,2293580,70155.0,94418.0,3250.0,3267.5,3239.5,3251.5,46074175,3576.6,2926.4,4322.95,2866.6,3244.9,237,7,3244.7,5,4,3244.3,11,1,3244.2,105,4,3244.0,12,2,3245.1,27,4,3245.3,77,3,3245.4,112,4,3245.5,20,2,3245.6,196,4
11536,2025-12-30 15:09:10+05:30,3245.1,2,3251.17,2293580,70155.0,94418.0,3250.0,3267.5,3239.5,3251.5,46074175,3576.6,2926.4,4322.95,2866.6,3244.9,237,7,3244.7,5,4,3244.3,11,1,3244.2,105,4,3244.0,12,2,3245.1,27,4,3245.3,77,3,3245.4,112,4,3245.5,20,2,3245.6,196,4
11536,2025-12-30 15:09:10+05:30,3245.1,1,3251.17,2293844,70555.0,93712.0,3250.0,3267.5,3239.5,3251.5,46074175,3576.6,2926.4,4322.95,2866.6,3244.9,87,4,3244.8,250,2,3244.7,11,2,3244.2,2,2,3244.1,3,1,3245.1,1,1,3245.3,38,1,3245.4,15,2,3245.5,36,2,3245.6,135,3
11536,2025-12-30 15:09:11+05:30,3244.9,231,3251.17,2294655,70792.0,94650.0,3250.0,3267.5,3239.5,3251.5,46074175,3576.6,2926.4,4322.95,2866.6,3244.9,354,2,3244.8,19,1,3244.7,11,2,3244.2,1,1,3244.0,12,2,3245.1,16,3,3245.2,31,1,3245.4,129,5,3245.5,39,3,3245.6,184,5
11536,2025-12-30 15:09:11+05:30,3244.9,158,3251.17,2294655,70792.0,94650.0,3250.0,3267.5,3239.5,3251.5,46074175,3576.6,2926.4,4322.95,2866.6,3244.9,354,2,3244.8,19,1,3244.7,11,2,3244.2,1,1,3244.0,12,2,3245.1,16,3,3245.2,31,1,3245.4,129,5,3245.5,39,3,3245.6,184,5
11536,2025-12-30 15:09:12+05:30,3244.9,158,3251.17,2294655,70792.0,94650.0,3250.0,3267.5,3239.5,3251.5,46074175,3576.6,2926.4,4322.95,2866.6,3244.9,354,2,3244.8,19,1,3244.7,11,2,3244.2,1,1,3244.0,12,2,3245.1,16,3,3245.2,31,1,3245.4,129,5,3245.5,39,3,3245.6,184,5
11536,2025-12-30 15:09:12+05:30,3245.1,2,3251.17,2295735,71288.0,94114.0,3250.0,3267.5,3239.5,3251.5,46074175,3576.6,2926.4,4322.95,2866.6,3244.9,609,3,3244.8,19,1,3244.7,2,1,3244.2,1,1,3244.0,96,3,3245.1,23,3,3245.4,36,3,3245.5,83,4,3245.6,55,2,3245.7,184,5
11536,2025-12-30 15:09:13+05:30,3245.1,2,3251.17,2295735,71288.0,94114.0,3250.0,3267.5,3239.5,3251.5,46074175,3576.6,2926.4,4322.95,2866.6,3244.9,609,3,3244.8,19,1,3244.7,2,1,3244.2,1,1,3244.0,96,3,3245.1,23,3,3245.4,36,3,3245.5,83,4,3245.6,55,2,3245.7,184,5
11536,2025-12-30 15:09:13+05:30,3245.0,1,3251.17,2295744,71273.0,95437.0,3250.0,3267.5,3239.5,3251.5,46074175,3576.6,2926.4,4322.95,2866.6,3245.0,60,1,3244.9,680,6,3244.8,19,1,3244.7,2,1,3244.2,1,1,3245.1,10,2,3245.3,903,2,3245.4,41,3,3245.5,76,2,3245.6,55,2
11536,2025-12-30 15:09:13+05:30,3245.0,1,3251.17,2295744,71273.0,95437.0,3250.0,3267.5,3239.5,3251.5,46074175,3576.6,2926.4,4322.95,2866.6,3245.0,60,1,3244.9,680,6,3244.8,19,1,3244.7,2,1,3244.2,1,1,3245.1,10,2,3245.3,903,2,3245.4,41,3,3245.5,76,2,3245.6,55,2
11536,2025-12-30 15:09:14+05:30,3245.1,1,3251.17,2296201,71460.0,95388.0,3250.0,3267.5,3239.5,3251.5,46074175,3576.6,2926.4,4322.95,2866.6,3245.0,270,1,3244.9,680,6,3244.8,19,1,3244.7,2,1,3244.2,1,1,3245.1,48,4,3245.3,873,2,3245.4,96,4,3245.5,108,3,3245.6,122,4
11536,2025-12-30 15:09:15+05:30,3245.1,1,3251.17,2296201,71460.0,95388.0,3250.0,3267.5,3239.5,3251.5,46143475,3576.6,2926.4,4322.95,2866.6,3245.0,270,1,3244.9,680,6,3244.8,19,1,3244.7,2,1,3244.2,1,1,3245.1,48,4,3245.3,873,2,3245.4,96,4,3245.5,108,3,3245.6,122,4
11536,2025-12-30 15:09:15+05:30,3245.0,3,3251.17,2296201,71460.0,95388.0,3250.0,3267.5,3239.5,3251.5,46143475,3576.6,2926.4,4322.95,2866.6,3245.0,270,1,3244.9,680,6,3244.8,19,1,3244.7,2,1,3244.2,1,1,3245.1,48,4,3245.3,873,2,3245.4,96,4,3245.5,108,3,3245.6,122,4
11536,2025-12-30 15:09:15+05:30,3245.0,44,3251.17,2296308,71298.0,95421.0,3250.0,3267.5,3239.5,3251.5,46143475,3576.6,2926.4,4322.95,2866.6,3245.0,225,4,3244.9,680,6,3244.7,2,1,3244.2,1,1,3244.0,13,3,3245.1,350,6,3245.3,904,3,3245.4,96,4,3245.5,108,3,3245.6,122,4
11536,2025-12-30 15:09:17+05:30,3245.1,8,3251.17,2296367,71500.0,92866.0,3250.0,3267.5,3239.5,3251.5,46143475,3576.6,2926.4,4322.95,2866.6,3245.0,318,11,3244.9,646,5,3244.7,2,1,3244.0,97,4,3243.9,63,4,3245.1,329,7,3245.2,43,4,3245.3,871,1,3245.4,75,3,3245.5,66,1
11536,2025-12-30 15:09:17+05:30,3245.1,8,3251.17,2296367,71500.0,92866.0,3250.0,3267.5,3239.5,3251.5,46143475,3576.6,2926.4,4322.95,2866.6,3245.0,318,11,3244.9,646,5,3244.7,2,1,3244.0,97,4,3243.9,63,4,3245.1,329,7,3245.2,43,4,3245.3,871,1,3245.4,75,3,3245.5,66,1
11536,2025-12-30 15:09:17+05:30,3245.0,124,3251.17,2296367,71500.0,92866.0,3250.0,3267.5,3239.5,3251.5,46143475,3576.6,2926.4,4322.95,2866.6,3245.0,318,11,3244.9,646,5,3244.7,2,1,3244.0,97,4,3243.9,63,4,3245.1,329,7,3245.2,43,4,3245.3,871,1,3245.4,75,3,3245.5,66,1
11536,2025-12-30 15:09:18+05:30,3245.0,124,3251.16,2297602,71857.0,93734.0,3250.0,3267.5,3239.5,3251.5,46143475,3576.6,2926.4,4322.95,2866.6,3245.0,667,7,3244.9,646,5,3244.7,2,1,3244.4,38,1,3244.2,31,1,3245.1,154,6,3245.2,11,3,3245.3,871,1,3245.4,1,1,3245.7,11,1
11536,2025-12-30 15:09:19+05:30,3245.0,30,3251.16,2297863,71820.0,93919.0,3250.0,3267.5,3239.5,3251.5,46143475,3576.6,2926.4,4322.95,2866.6,3245.0,519,9,3244.9,657,6,3244.8,11,2,3244.7,2,1,3244.3,38,1,3245.1,208,7,3245.2,9,2,3245.3,871,1,3245.4,1,1,3245.7,196,5
11536,2025-12-30 15:09:19+05:30,3245.0,2,3251.16,2297863,71820.0,93919.0,3250.0,3267.5,3239.5,3251.5,46143475,3576.6,2926.4,4322.95,2866.6,3245.0,519,9,3244.9,657,6,3244.8,11,2,3244.7,2,1,3244.3,38,1,3245.1,208,7,3245.2,9,2,3245.3,871,1,3245.4,1,1,3245.7,196,5
11536,2025-12-30 15:09:20+05:30,3245.0,1,3251.16,2298085,71392.0,94464.0,3250.0,3267.5,3239.5,3251.5,46143475,3576.6,2926.4,4322.95,2866.6,3245.0,339,9,3244.9,657,6,3244.8,11,2,3244.7,2,1,3244.1,41,2,3245.1,209,7,3245.2,41,3,3245.3,871,1,3245.4,37,2,3245.7,177,5
11536,2025-12-30 15:09:21+05:30,3245.0,8,3251.16,2299028,71524.0,94368.0,3250.0,3267.5,3239.5,3251.5,46143475,3576.6,2926.4,4322.95,2866.6,3245.0,294,4,3244.9,647,5,3244.8,11,2,3244.7,2,1,3244.2,44,1,3245.1,174,6,3245.2,9,2,3245.3,871,1,3245.4,1,1,3245.5,65,2
11536,2025-12-30 15:09:21+05:30,3245.1,2,3251.16,2299028,71524.0,94368.0,3250.0,3267.5,3239.5,3251.5,46143475,3576.6,2926.4,4322.95,2866.6,3245.0,294,4,3244.9,647,5,3244.8,11,2,3244.7,2,1,3244.2,44,1,3245.1,174,6,3245.2,9,2,3245.3,871,1,3245.4,1,1,3245.5,65,2
11536,2025-12-30 15:09:22+05:30,3245.0,1,3251.16,2299233,71963.0,93456.0,3250.0,3267.5,3239.5,3251.5,46143475,3576.6,2926.4,4322.95,2866.6,3245.0,311,8,3244.9,672,6,3244.8,11,2,3244.5,75,2,3244.4,31,1,3245.1,222,7,3245.2,9,2,3245.3,871,1,3245.4,2,2,3245.7,11,1
11536,2025-12-30 15:09:23+05:30,3245.1,32,3251.15,2303428,72622.0,93468.0,3250.0,3267.5,3239.5,3251.5,46143475,3576.6,2926.4,4322.95,2866.6,3245.0,482,14,3244.9,827,8,3244.8,57,3,3244.7,76,4,3244.6,45,2,3245.1,9,1,3246.2,103,3,3246.3,127,4,3246.4,70,2,3246.5,207,2
11536,2025-12-30 15:09:23+05:30,3245.0,1,3251.15,2303428,72622.0,93468.0,3250.0,3267.5,3239.5,3251.5,46143475,3576.6,2926.4,4322.95,2866.6,3245.0,482,14,3244.9,827,8,3244.8,57,3,3244.7,76,4,3244.6,45,2,3245.1,9,1,3246.2,103,3,3246.3,127,4,3246.4,70,2,3246.5,207,2
11536,2025-12-30 15:09:24+05:30,3245.4,17,3251.15,2303531,72409.0,90473.0,3250.0,3267.5,3239.5,3251.5,46143475,3576.6,2926.4,4322.95,2866.6,3245.9,123,1,3245.4,44,1,3245.3,251,2,3245.2,550,2,3245.1,142,6,3246.3,1,1,3246.5,155,2,3246.6,1,1,3246.8,33,1,3247.0,124,15
11536,2025-12-30 15:09:25+05:30,3246.3,1,3251.15,2303680,71918.0,93337.0,3250.0,3267.5,3239.5,3251.5,46143475,3576.6,2926.4,4322.95,2866.6,3246.1,123,1,3245.9,200,6,3245.3,212,3,3245.2,130,3,3245.1,726,7,3246.3,1,1,3246.5,132,2,3246.6,30,1,3246.7,129,4,3246.8,80,3
11536,2025-12-30 15:09:25+05:30,3246.3,1,3251.15,2303680,71918.0,93337.0,3250.0,3267.5,3239.5,3251.5,46143475,3576.6,2926.4,4322.95,2866.6,3246.1,123,1,3245.9,200,6,3245.3,212,3,3245.2,130,3,3245.1,726,7,3246.3,1,1,3246.5,132,2,3246.6,30,1,3246.7,129,4,3246.8,80,3
11536,2025-12-30 15:09:26+05:30,3246.4,3,3251.15,2303916,69155.0,92582.0,3250.0,3267.5,3239.5,3251.5,46143475,3576.6,2926.4,4322.95,2866.6,3246.4,9,2,3246.3,2,2,3246.1,138,6,3245.9,240,7,3245.3,175,4,3246.5,150,3,3246.6,30,1,3246.7,75,3,3246.8,115,4,3246.9,134,3
11536,2025-12-30 15:09:27+05:30,3246.5,3,3251.15,2303916,69155.0,92582.0,3250.0,3267.5,3239.5,3251.5,46143475,3576.6,2926.4,4322.95,2866.6,3246.4,9,2,3246.3,2,2,3246.1,138,6,3245.9,240,7,3245.3,175,4,3246.5,150,3,3246.6,30,1,3246.7,75,3,3246.8,115,4,3246.9,134,3
11536,2025-12-30 15:09:27+05:30,3246.5,3,3251.15,2304019,72975.0,92316.0,3250.0,3267.5,3239.5,3251.5,46143475,3576.6,2926.4,4322.95,2866.6,3246.5,256,5,3246.4,9,3,3246.3,2,2,3246.1,138,6,3245.9,117,5,3246.7,1,1,3246.8,83,3,3247.0,124,15,3247.1,36,1,3247.2,143,5
11536,2025-12-30 15:09:28+05:30,3246.5,39,3251.15,2304128,72885.0,92173.0,3250.0,3267.5,3239.5,3251.5,46143475,3576.6,2926.4,4322.95,2866.6,3246.5,811,11,3246.4,5,2,3246.3,2,2,3246.1,138,6,3246.0,44,1,3246.8,40,3,3247.0,124,15,3247.2,82,3,3247.3,15,3,3247.4,198,5
11536,2025-12-30 15:09:29+05:30,3246.8,50,3251.15,2304128,72885.0,92173.0,3250.0,3267.5,3239.5,3251.5,46143475,3576.6,2926.4,4322.95,2866.6,3246.5,811,11,3246.4,5,2,3246.3,2,2,3246.1,138,6,3246.0,44,1,3246.8,40,3,3247.0,124,15,3247.2,82,3,3247.3,15,3,3247.4,198,5
11536,2025-12-30 15:09:29+05:30,3246.7,122,3251.15,2304518,72650.0,92981.0,3250.0,3267.5,3239.5,3251.5,46143475,3576.6,2926.4,4322.95,2866.6,3246.7,122,1,3246.5,705,14,3246.4,5,2,3246.1,102,4,3245.9,58,2,3246.9,126,7,3247.0,96,14,3247.1,40,2,3247.2,115,4,3247.3,68,4
11536,2025-12-30 15:09:30+05:30,3246.7,15,3251.14,2306213,72146.0,93080.0,3250.0,3267.5,3239.5,3251.5,46143475,3576.6,2926.4,4322.95,2866.6,3246.7,6,1,3246.6,123,1,3246.5,700,17,3246.4,5,2,3246.1,56,2,3246.9,136,13,3247.0,96,14,3247.1,40,2,3247.2,160,5,3247.3,68,4
11536,2025-12-30 15:09:31+05:30,3246.7,5,3251.14,2306213,72146.0,93080.0,3250.0,3267.5,3239.5,3251.5,46143475,3576.6,2926.4,4322.95,2866.6,3246.7,6,1,3246.6,123,1,3246.5,700,17,3246.4,5,2,3246.1,56,2,3246.9,136,13,3247.0,96,14,3247.1,40,2,3247.2,160,5,3247.3,68,4
11536,2025-12-30 15:09:31+05:30,3246.7,5,3251.14,2306355,72253.0,92673.0,3250.0,3267.5,3239.5,3251.5,46143475,3576.6,2926.4,4322.95,2866.6,3246.7,120,9,3246.5,615,10,3246.4,14,2,3246.1,47,1,3245.9,59,3,3246.9,389,11,3247.0,358,14,3247.1,298,2,3247.2,342,4,3247.3,72,3
11536,2025-12-30 15:09:33+05:30,3246.7,5,3251.14,2308580,72348.0,93328.0,3250.0,3267.5,3239.5,3251.5,46143475,3576.6,2926.4,4322.95,2866.6,3246.7,306,2,3246.6,71,1,3246.5,363,1,3246.4,14,2,3245.9,59,3,3246.9,411,11,3247.0,414,17,3247.1,308,3,3247.2,400,6,3247.3,107,4
11536,2025-12-30 15:09:33+05:30,3246.9,1,3251.14,2308580,72348.0,93328.0,3250.0,3267.5,3239.5,3251.5,46143475,3576.6,2926.4,4322.95,2866.6,3246.7,306,2,3246.6,71,1,3246.5,363,1,3246.4,14,2,3245.9,59,3,3246.9,411,11,3247.0,414,17,3247.1,308,3,3247.2,400,6,3247.3,107,4
11536,2025-12-30 15:09:34+05:30,3246.7,1,3251.14,2308842,72212.0,93073.0,3250.0,3267.5,3239.5,3251.5,46143475,3576.6,2926.4,4322.95,2866.6,3246.7,374,5,3246.6,71,1,3246.5,374,3,3246.4,37,4,3245.9,59,3,3246.9,166,8,3247.0,397,17,3247.1,309,4,3247.2,378,4,3247.3,47,3
11536,2025-12-30 15:09:35+05:30,3246.9,6,3251.14,2309172,72810.0,89786.0,3250.0,3267.5,3239.5,3251.5,46143475,3576.6,2926.4,4322.95,2866.6,3246.8,71,1,3246.7,367,9,3246.6,83,2,3246.5,374,3,3246.4,27,3,3246.9,30,7,3247.0,366,16,3247.1,300,3,3247.2,305,2,3247.3,12,2
11536,2025-12-30 15:09:35+05:30,3246.9,7,3251.14,2309172,72810.0,89786.0,3250.0,3267.5,3239.5,3251.5,46143475,3576.6,2926.4,4322.95,2866.6,3246.8,71,1,3246.7,367,9,3246.6,83,2,3246.5,374,3,3246.4,27,3,3246.9,30,7,3247.0,366,16,3247.1,300,3,3247.2,305,2,3247.3,12,2
11536,2025-12-30 15:09:36+05:30,3246.8,10,3251.14,2309303,72816.0,89077.0,3250.0,3267.5,3239.5,3251.5,46143475,3576.6,2926.4,4322.95,2866.6,3246.8,317,7,3246.7,362,11,3246.6,83,2,3246.5,374,3,3246.4,27,3,3246.9,31,6,3247.0,368,18,3247.1,289,1,3247.2,305,2,3247.3,12,2
11536,2025-12-30 15:09:37+05:30,3246.9,8,3251.14,2309534,73814.0,92360.0,3250.0,3267.5,3239.5,3251.5,46143475,3576.6,2926.4,4322.95,2866.6,3246.8,659,9,3246.7,561,12,3246.6,83,2,3246.5,509,6,3246.4,27,3,3246.9,28,5,3247.0,368,18,3247.1,289,1,3247.2,305,2,3247.3,12,2
11536,2025-12-30 15:09:37+05:30,3246.9,8,3251.14,2309534,73814.0,92360.0,3250.0,3267.5,3239.5,3251.5,46143475,3576.6,2926.4,4322.95,2866.6,3246.8,659,9,3246.7,561,12,3246.6,83,2,3246.5,509,6,3246.4,27,3,3246.9,28,5,3247.0,368,18,3247.1,289,1,3247.2,305,2,3247.3,12,2
11536,2025-12-30 15:09:38+05:30,3246.9,1,3251.14,2309732,74122.0,92311.0,3250.0,3267.5,3239.5,3251.5,46143475,3576.6,2926.4,4322.95,2866.6,3246.8,769,16,3246.7,520,8,3246.6,83,2,3246.5,458,4,3246.4,27,3,3246.9,95,9,3247.0,359,15,3247.1,289,1,3247.2,305,2,3247.3,12,2
11536,2025-12-30 15:09:39+05:30,3246.9,2,3251.14,2309732,74122.0,92311.0,3250.0,3267.5,3239.5,3251.5,46143475,3576.6,2926.4,4322.95,2866.6,3246.8,769,16,3246.7,520,8,3246.6,83,2,3246.5,458,4,3246.4,27,3,3246.9,95,9,3247.0,359,15,3247.1,289,1,3247.2,305,2,3247.3,12,2
11536,2025-12-30 15:09:39+05:30,3246.9,2,3251.14,2310378,74689.0,90241.0,3250.0,3267.5,3239.5,3251.5,46143475,3576.6,2926.4,4322.95,2866.6,3246.9,126,3,3246.8,1123,21,3246.7,216,5,3246.6,175,5,3246.5,557,7,3247.0,51,12,3247.1,289,1,3247.2,305,2,3247.3,12,2,3247.9,2,1
11536,2025-12-30 15:09:40+05:30,3246.9,1,3251.13,2311055,74202.0,91866.0,3250.0,3267.5,3239.5,3251.5,46143475,3576.6,2926.4,4322.95,2866.6,3246.8,1007,21,3246.7,185,4,3246.6,71,1,3246.5,374,3,3246.4,27,3,3246.9,1,1,3247.0,325,15,3247.1,289,1,3247.2,305,2,3247.3,12,2
11536,2025-12-30 15:09:41+05:30,3246.9,1,3251.13,2311055,74202.0,91866.0,3250.0,3267.5,3239.5,3251.5,46143475,3576.6,2926.4,4322.95,2866.6,3246.8,1007,21,3246.7,185,4,3246.6,71,1,3246.5,374,3,3246.4,27,3,3246.9,1,1,3247.0,325,15,3247.1,289,1,3247.2,305,2,3247.3,12,2
11536,2025-12-30 15:09:41+05:30,3246.9,1,3251.13,2311197,74208.0,91919.0,3250.0,3267.5,3239.5,3251.5,46143475,3576.6,2926.4,4322.95,2866.6,3246.9,208,2,3246.8,732,21,3246.7,185,4,3246.6,71,1,3246.5,458,4,3247.0,325,15,3247.1,298,2,3247.2,305,2,3247.3,13,3,3247.6,40,2
11536,2025-12-30 15:09:43+05:30,3246.9,5,3251.13,2311406,74720.0,91618.0,3250.0,3267.5,3239.5,3251.5,46143475,3576.6,2926.4,4322.95,2866.6,3246.9,837,11,3246.8,727,16,3246.7,185,4,3246.6,71,1,3246.5,374,3,3247.0,347,17,3247.1,298,2,3247.2,305,2,3247.3,13,3,3247.6,1,1
11536,2025-12-30 15:09:43+05:30,3247.0,128,3251.13,2311406,74720.0,91618.0,3250.0,3267.5,3239.5,3251.5,46143475,3576.6,2926.4,4322.95,2866.6,3246.9,837,11,3246.8,727,16,3246.7,185,4,3246.6,71,1,3246.5,374,3,3247.0,347,17,3247.1,298,2,3247.2,305,2,3247.3,13,3,3247.6,1,1
11536,2025-12-30 15:09:44+05:30,3247.0,32,3251.13,2313773,74759.0,92109.0,3250.0,3267.5,3239.5,3251.5,46143475,3576.6,2926.4,4322.95,2866.6,3246.9,758,12,3246.8,753,15,3246.7,185,4,3246.6,180,3,3246.5,406,4,3247.0,258,6,3247.1,352,3,3247.2,359,3,3247.3,13,3,3247.6,1,1
11536,2025-12-30 15:09:45+05:30,3247.0,1,3251.13,2313805,74768.0,91623.0,3250.0,3267.5,3239.5,3251.5,46143475,3576.6,2926.4,4322.95,2866.6,3246.9,851,18,3246.8,664,12,3246.7,185,4,3246.6,71,1,3246.5,483,5,3247.0,252,6,3247.1,357,4,3247.2,360,4,3247.3,12,2,3247.6,30,4
11536,2025-12-30 15:09:45+05:30,3247.0,6,3251.13,2313805,74768.0,91623.0,3250.0,3267.5,3239.5,3251.5,46143475,3576.6,2926.4,4322.95,2866.6,3246.9,851,18,3246.8,664,12,3246.7,185,4,3246.6,71,1,3246.5,483,5,3247.0,252,6,3247.1,357,4,3247.2,360,4,3247.3,12,2,3247.6,30,4
11536,2025-12-30 15:09:46+05:30,3247.0,1,3251.13,2314214,74550.0,90467.0,3250.0,3267.5,3239.5,3251.5,46143475,3576.6,2926.4,4322.95,2866.6,3246.9,701,20,3246.8,642,11,3246.7,185,4,3246.6,102,2,3246.5,483,5,3247.0,331,8,3247.1,357,4,3247.2,360,4,3247.3,12,2,3247.6,32,5
11536,2025-12-30 15:09:47+05:30,3247.0,77,3251.13,2314812,74089.0,91758.0,3250.0,3267.5,3239.5,3251.5,46143475,3576.6,2926.4,4322.95,2866.6,3246.9,539,21,3246.8,642,11,3246.7,185,4,3246.6,96,2,3246.5,502,6,3247.0,181,4,3247.1,358,5,3247.2,359,3,3247.3,12,2,3247.6,32,5
11536,2025-12-30 15:09:47+05:30,3247.0,9,3251.13,2314812,74089.0,91758.0,3250.0,3267.5,3239.5,3251.5,46143475,3576.6,2926.4,4322.95,2866.6,3246.9,539,21,3246.8,642,11,3246.7,185,4,3246.6,96,2,3246.5,502,6,3247.0,181,4,3247.1,358,5,3247.2,359,3,3247.3,12,2,3247.6,32,5
11536,2025-12-30 15:09:48+05:30,3246.9,1,3251.12,2316079,74069.0,89220.0,3250.0,3267.5,3239.5,3251.5,46143475,3576.6,2926.4,4322.95,2866.6,3246.9,64,5,3246.8,642,11,3246.7,217,6,3246.6,97,3,3246.5,502,5,3247.0,9,3,3247.1,357,4,3247.2,359,3,3247.3,12,2,3247.6,32,5
11536,2025-12-30 15:09:49+05:30,3247.0,24,3251.12,2316149,74152.0,90569.0,3250.0,3267.5,3239.5,3251.5,46143475,3576.6,2926.4,4322.95,2866.6,3247.0,148,2,3246.9,125,7,3246.8,642,11,3246.7,126,5,3246.6,57,3,3247.1,358,5,3247.2,349,2,3247.3,30,4,3247.6,39,4,3248.0,3,2
11536,2025-12-30 15:09:49+05:30,3247.1,3,3251.12,2316149,74152.0,90569.0,3250.0,3267.5,3239.5,3251.5,46143475,3576.6,2926.4,4322.95,2866.6,3247.0,148,2,3246.9,125,7,3246.8,642,11,3246.7,126,5,3246.6,57,3,3247.1,358,5,3247.2,349,2,3247.3,30,4,3247.6,39,4,3248.0,3,2
11536,2025-12-30 15:09:50+05:30,3247.1,20,3251.12,2317048,74114.0,88908.0,3250.0,3267.5,3239.5,3251.5,46143475,3576.6,2926.4,4322.95,2866.6,3247.0,132,1,3246.9,145,6,3246.8,642,11,3246.7,126,5,3246.6,63,3,3247.1,101,7,3247.2,349,2,3247.3,30,4,3247.4,15,1,3247.6,39,4
11536,2025-12-30 15:09:51+05:30,3247.1,2,3251.12,2317127,74019.0,91665.0,3250.0,3267.5,3239.5,3251.5,46143475,3576.6,2926.4,4322.95,2866.6,3247.0,87,3,3246.9,143,6,3246.8,673,12,3246.7,126,5,3246.6,73,4,3247.1,100,8,3247.2,349,2,3247.3,30,4,3247.4,15,1,3247.5,1,1
11536,2025-12-30 15:09:51+05:30,3247.1,2,3251.12,2317127,74019.0,91665.0,3250.0,3267.5,3239.5,3251.5,46143475,3576.6,2926.4,4322.95,2866.6,3247.0,87,3,3246.9,143,6,3246.8,673,12,3246.7,126,5,3246.6,73,4,3247.1,100,8,3247.2,349,2,3247.3,30,4,3247.4,15,1,3247.5,1,1
11536,2025-12-30 15:09:52+05:30,3247.0,1,3251.12,2317366,73588.0,92509.0,3250.0,3267.5,3239.5,3251.5,46143475,3576.6,2926.4,4322.95,2866.6,3247.0,651,5,3246.9,195,4,3246.8,631,10,3246.7,126,5,3246.6,11,2,3247.1,21,3,3247.2,349,2,3247.3,30,4,3247.4,87,4,3247.5,46,2
11536,2025-12-30 15:09:53+05:30,3247.0,1,3251.12,2317366,73588.0,92509.0,3250.0,3267.5,3239.5,3251.5,46143475,3576.6,2926.4,4322.95,2866.6,3247.0,651,5,3246.9,195,4,3246.8,631,10,3246.7,126,5,3246.6,11,2,3247.1,21,3,3247.2,349,2,3247.3,30,4,3247.4,87,4,3247.5,46,2
11536,2025-12-30 15:09:53+05:30,3247.0,1,3251.12,2317544,73540.0,92686.0,3250.0,3267.5,3239.5,3251.5,46143475,3576.6,2926.4,4322.95,2866.6,3247.0,552,5,3246.9,195,4,3246.8,631,10,3246.7,126,5,3246.6,11,2,3247.1,11,2,3247.2,380,3,3247.3,48,6,3247.4,120,5,3247.5,46,2
11536,2025-12-30 15:09:54+05:30,3247.0,1,3251.12,2317770,73657.0,92498.0,3250.0,3267.5,3239.5,3251.5,46143475,3576.6,2926.4,4322.95,2866.6,3247.0,366,6,3246.9,195,4,3246.8,631,10,3246.7,126,5,3246.6,11,2,3247.1,12,2,3247.2,380,3,3247.3,17,6,3247.4,50,2,3247.5,54,3
11536,2025-12-30 15:09:55+05:30,3247.1,16,3251.12,2317770,73657.0,92498.0,3250.0,3267.5,3239.5,3251.5,46143475,3576.6,2926.4,4322.95,2866.6,3247.0,366,6,3246.9,195,4,3246.8,631,10,3246.7,126,5,3246.6,11,2,3247.1,12,2,3247.2,380,3,3247.3,17,6,3247.4,50,2,3247.5,54,3
11536,2025-12-30 15:09:55+05:30,3247.2,1,3251.12,2318061,72882.0,92512.0,3250.0,3267.5,3239.5,3251.5,46143475,3576.6,2926.4,4322.95,2866.6,3247.1,34,3,3247.0,342,10,3246.9,195,4,3246.8,631,10,3246.7,126,5,3247.2,366,3,3247.3,5,4,3247.4,49,3,3247.6,102,4,3247.7,55,3
11536,2025-12-30 15:09:57+05:30,3247.2,10,3251.12,2318288,73379.0,91039.0,3250.0,3267.5,3239.5,3251.5,46143475,3576.6,2926.4,4322.95,2866.6,3247.1,703,5,3247.0,342,10,3246.9,195,4,3246.8,631,10,3246.7,172,6,3247.2,162,2,3247.3,6,5,3247.4,15,1,3247.6,36,2,3247.7,11,1
11536,2025-12-30 15:09:57+05:30,3247.2,2,3251.12,2318288,73379.0,91039.0,3250.0,3267.5,3239.5,3251.5,46143475,3576.6,2926.4,4322.95,2866.6,3247.1,703,5,3247.0,342,10,3246.9,195,4,3246.8,631,10,3246.7,172,6,3247.2,162,2,3247.3,6,5,3247.4,15,1,3247.6,36,2,3247.7,11,1
11536,2025-12-30 15:09:58+05:30,3247.1,5,3251.12,2318301,73602.0,92256.0,3250.0,3267.5,3239.5,3251.5,46143475,3576.6,2926.4,4322.95,2866.6,3247.1,837,9,3247.0,308,9,3246.9,195,4,3246.8,639,11,3246.7,172,6,3247.2,160,2,3247.3,5,4,3247.4,15,1,3247.6,36,2,3247.7,11,1
11536,2025-12-30 15:09:59+05:30,3247.1,1,3251.12,2318536,73135.0,91511.0,3250.0,3267.5,3239.5,3251.5,46143475,3576.6,2926.4,4322.95,2866.6,3247.1,827,9,3247.0,307,8,3246.9,195,4,3246.8,631,10,3246.7,126,5,3247.2,228,4,3247.3,4,3,3247.4,48,2,3247.6,118,5,3247.7,64,4
11536,2025-12-30 15:09:59+05:30,3247.2,1,3251.12,2318536,73135.0,91511.0,3250.0,3267.5,3239.5,3251.5,46143475,3576.6,2926.4,4322.95,2866.6,3247.1,827,9,3247.0,307,8,3246.9,195,4,3246.8,631,10,3246.7,126,5,3247.2,228,4,3247.3,4,3,3247.4,48,2,3247.6,118,5,3247.7,64,4
11536,2025-12-30 15:10:00+05:30,3246.8,30,3251.11,2321930,65992.0,90916.0,3250.0,3267.5,3239.5,3251.5,46143475,3576.6,2926.4,4322.95,2866.6,3246.8,184,5,3246.7,126,5,3246.6,11,2,3246.5,57,2,3246.4,27,3,3247.0,58,2,3247.1,215,5,3247.2,448,9,3247.3,4,3,3247.4,79,3
11536,2025-12-30 15:10:01+05:30,3246.9,5,3251.11,2323780,67693.0,90732.0,3250.0,3267.5,3239.5,3251.5,46143475,3576.6,2926.4,4322.95,2866.6,3246.9,23,2,3246.8,33,3,3246.7,112,6,3246.6,11,2,3246.5,57,2,3247.0,33,1,3247.1,69,5,3247.2,370,12,3247.3,4,3,3247.4,130,5
11536,2025-12-30 15:10:01+05:30,3246.9,4,3251.11,2323780,67693.0,90732.0,3250.0,3267.5,3239.5,3251.5,46143475,3576.6,2926.4,4322.95,2866.6,3246.9,23,2,3246.8,33,3,3246.7,112,6,3246.6,11,2,3246.5,57,2,3247.0,33,1,3247.1,69,5,3247.2,370,12,3247.3,4,3,3247.4,130,5
11536,2025-12-30 15:10:02+05:30,3246.9,2,3251.11,2324234,67912.0,89632.0,3250.0,3267.5,3239.5,3251.5,46143475,3576.6,2926.4,4322.95,2866.6,3246.9,30,1,3246.8,25,4,3246.7,112,6,3246.6,11,2,3246.5,57,2,3247.0,64,4,3247.1,40,5,3247.2,432,14,3247.3,5,3,3247.4,88,4
11536,2025-12-30 15:10:03+05:30,3246.8,10,3251.11,2326397,67421.0,91553.0,3250.0,3267.5,3239.5,3251.5,46143475,3576.6,2926.4,4322.95,2866.6,3246.4,27,3,3246.1,11,1,3246.0,5,1,3245.9,18,1,3245.8,1,1,3246.8,66,4,3246.9,7,2,3247.0,95,5,3247.1,42,5,3247.2,367,11
11536,2025-12-30 15:10:03+05:30,3246.4,139,3251.11,2326397,67421.0,91553.0,3250.0,3267.5,3239.5,3251.5,46143475,3576.6,2926.4,4322.95,2866.6,3246.4,27,3,3246.1,11,1,3246.0,5,1,3245.9,18,1,3245.8,1,1,3246.8,66,4,3246.9,7,2,3247.0,95,5,3247.1,42,5,3247.2,367,11
11536,2025-12-30 15:10:04+05:30,3246.4,1,3251.11,2326699,67590.0,91296.0,3250.0,3267.5,3239.5,3251.5,46143475,3576.6,2926.4,4322.95,2866.6,3246.3,194,1,3245.9,18,1,3245.8,1,1,3245.7,189,2,3245.5,10,1,3246.5,1,1,3246.7,32,1,3246.8,37,3,3246.9,52,3,3247.0,43,4
11536,2025-12-30 15:10:05+05:30,3246.3,1,3251.11,2326967,67666.0,89179.0,3250.0,3267.5,3239.5,3251.5,46143475,3576.6,2926.4,4322.95,2866.6,3246.3,6,1,3245.9,18,1,3245.8,195,3,3245.7,220,3,3245.6,25,1,3246.5,48,1,3246.7,245,1,3246.9,207,4,3247.0,14,2,3247.1,109,4
11536,2025-12-30 15:10:05+05:30,3246.3,1,3251.11,2326967,67666.0,89179.0,3250.0,3267.5,3239.5,3251.5,46143475,3576.6,2926.4,4322.95,2866.6,3246.3,6,1,3245.9,18,1,3245.8,195,3,3245.7,220,3,3245.6,25,1,3246.5,48,1,3246.7,245,1,3246.9,207,4,3247.0,14,2,3247.1,109,4
11536,2025-12-30 15:10:06+05:30,3246.3,1,3251.1,2327168,66526.0,91996.0,3250.0,3267.5,3239.5,3251.5,46143475,3576.6,2926.4,4322.95,2866.6,3245.8,241,4,3245.7,63,2,3245.6,87,3,3245.5,10,1,3245.4,281,4,3246.3,5,3,3246.5,69,2,3246.7,245,1,3246.9,191,3,3247.0,14,2
11536,2025-12-30 15:10:07+05:30,3246.3,5,3251.1,2327168,66526.0,91996.0,3250.0,3267.5,3239.5,3251.5,46143475,3576.6,2926.4,4322.95,2866.6,3245.8,241,4,3245.7,63,2,3245.6,87,3,3245.5,10,1,3245.4,281,4,3246.3,5,3,3246.5,69,2,3246.7,245,1,3246.9,191,3,3247.0,14,2
11536,2025-12-30 15:10:07+05:30,3246.3,5,3251.1,2327190,66822.0,91774.0,3250.0,3267.5,3239.5,3251.5,46143475,3576.6,2926.4,4322.95,2866.6,3245.8,315,7,3245.7,200,3,3245.6,137,5,3245.5,54,2,3245.4,144,3,3246.3,49,4,3246.5,69,2,3246.7,245,1,3246.9,211,5,3247.0,26,2
11536,2025-12-30 15:10:08+05:30,3246.1,1,3251.1,2327621,66852.0,91165.0,3250.0,3267.5,3239.5,3251.5,46143475,3576.6,2926.4,4322.95,2866.6,3245.8,110,5,3245.7,78,3,3245.6,43,2,3245.5,31,1,3245.4,34,2,3246.1,1,1,3246.3,48,5,3246.4,8,2,3246.5,69,2,3246.7,264,3
11536,2025-12-30 15:10:09+05:30,3246.1,9,3251.1,2327621,66852.0,91165.0,3250.0,3267.5,3239.5,3251.5,46143475,3576.6,2926.4,4322.95,2866.6,3245.8,110,5,3245.7,78,3,3245.6,43,2,3245.5,31,1,3245.4,34,2,3246.1,1,1,3246.3,48,5,3246.4,8,2,3246.5,69,2,3246.7,264,3
11536,2025-12-30 15:10:10+05:30,3245.8,3,3251.1,2327700,66979.0,91702.0,3250.0,3267.5,3239.5,3251.5,46143475,3576.6,2926.4,4322.95,2866.6,3245.8,318,11,3245.7,78,3,3245.6,74,3,3245.4,34,2,3245.3,52,1,3246.2,17,2,3246.3,48,5,3246.4,8,2,3246.5,69,2,3246.7,264,3
11536,2025-12-30 15:10:11+05:30,3245.9,1,3251.1,2328368,66748.0,93115.0,3250.0,3267.5,3239.5,3251.5,46143475,3576.6,2926.4,4322.95,2866.6,3245.9,6,1,3245.8,295,4,3245.7,78,3,3245.6,40,2,3245.4,3,1,3246.2,215,6,3246.3,33,4,3246.4,841,3,3246.5,90,4,3246.6,20,2
11536,2025-12-30 15:10:11+05:30,3245.9,15,3251.1,2328368,66748.0,93115.0,3250.0,3267.5,3239.5,3251.5,46143475,3576.6,2926.4,4322.95,2866.6,3245.9,6,1,3245.8,295,4,3245.7,78,3,3245.6,40,2,3245.4,3,1,3246.2,215,6,3246.3,33,4,3246.4,841,3,3246.5,90,4,3246.6,20,2
11536,2025-12-30 15:10:12+05:30,3245.9,1,3251.1,2328581,67103.0,93523.0,3250.0,3267.5,3239.5,3251.5,46143475,3576.6,2926.4,4322.95,2866.6,3245.8,287,6,3245.7,78,3,3245.6,49,3,3245.4,63,3,3245.3,52,1,3246.2,295,9,3246.3,1,1,3246.4,841,3,3246.5,91,5,3246.7,245,1
11536,2025-12-30 15:10:13+05:30,3246.2,162,3251.1,2328782,67475.0,92149.0,3250.0,3267.5,3239.5,3251.5,46143475,3576.6,2926.4,4322.95,2866.6,3245.9,247,5,3245.8,501,7,3245.7,78,3,3245.6,104,4,3245.5,33,1,3246.2,132,8,3246.3,1,1,3246.4,841,3,3246.5,91,5,3246.7,245,1
11536,2025-12-30 15:10:13+05:30,3246.1,1,3251.1,2328782,67475.0,92149.0,3250.0,3267.5,3239.5,3251.5,46143475,3576.6,2926.4,4322.95,2866.6,3245.9,247,5,3245.8,501,7,3245.7,78,3,3245.6,104,4,3245.5,33,1,3246.2,132,8,3246.3,1,1,3246.4,841,3,3246.5,91,5,3246.7,245,1
11536,2025-12-30 15:10:14+05:30,3246.1,155,3251.1,2328979,67230.0,92950.0,3250.0,3267.5,3239.5,3251.5,46143475,3576.6,2926.4,4322.95,2866.6,3246.1,25,2,3245.9,250,5,3245.8,303,7,3245.7,68,3,3245.6,104,4,3246.2,142,9,3246.3,9,3,3246.4,834,2,3246.5,80,3,3246.6,12,1
11536,2025-12-30 15:10:15+05:30,3246.7,16,3251.09,2335891,68637.0,87862.0,3250.0,3267.5,3239.5,3251.5,46143475,3576.6,2926.4,4322.95,2866.6,3246.7,4,1,3246.6,75,3,3246.5,26,1,3246.4,130,4,3246.3,30,1,3246.9,11,1,3247.0,17,2,3247.3,4,3,3247.6,15,1,3248.0,18,2
11536,2025-12-30 15:10:15+05:30,3246.7,16,3251.09,2335891,68637.0,87862.0,3250.0,3267.5,3239.5,3251.5,46143475,3576.6,2926.4,4322.95,2866.6,3246.7,4,1,3246.6,75,3,3246.5,26,1,3246.4,130,4,3246.3,30,1,3246.9,11,1,3247.0,17,2,3247.3,4,3,3247.6,15,1,3248.0,18,2
11536,2025-12-30 15:10:16+05:30,3246.7,1,3251.09,2336003,68595.0,89129.0,3250.0,3267.5,3239.5,3251.5,46143475,3576.6,2926.4,4322.95,2866.6,3246.4,44,3,3246.3,62,1,3246.2,238,4,3246.1,309,11,3246.0,295,6,3246.7,8,2,3246.9,11,1,3247.0,17,2,3247.3,4,3,3247.6,15,1
11536,2025-12-30 15:10:17+05:30,3246.4,10,3251.08,2337083,68082.0,89641.0,3250.0,3267.5,3239.5,3251.5,46143475,3576.6,2926.4,4322.95,2866.6,3246.4,195,10,3246.3,8,1,3246.2,207,2,3246.1,240,9,3246.0,49,2,3246.7,3,2,3246.9,11,1,3247.0,18,3,3247.3,3,2,3247.6,99,2
11536,2025-12-30 15:10:17+05:30,3246.4,10,3251.08,2337083,68082.0,89641.0,3250.0,3267.5,3239.5,3251.5,46143475,3576.6,2926.4,4322.95,2866.6,3246.4,195,10,3246.3,8,1,3246.2,207,2,3246.1,240,9,3246.0,49,2,3246.7,3,2,3246.9,11,1,3247.0,18,3,3247.3,3,2,3247.6,99,2
11536,2025-12-30 15:10:18+05:30,3246.4,22,3251.08,2337312,69190.0,89883.0,3250.0,3267.5,3239.5,3251.5,46143475,3576.6,2926.4,4322.95,2866.6,3246.4,365,11,3246.3,151,3,3246.2,254,4,3246.1,236,5,3246.0,262,5,3247.0,18,3,3247.3,3,2,3247.6,15,1,3247.7,66,2,3247.8,43,3
11536,2025-12-30 15:10:19+05:30,3247.0,61,3251.08,2337312,69190.0,89883.0,3250.0,3267.5,3239.5,3251.5,46143475,3576.6,2926.4,4322.95,2866.6,3246.4,365,11,3246.3,151,3,3246.2,254,4,3246.1,236,5,3246.0,262,5,3247.0,18,3,3247.3,3,2,3247.6,15,1,3247.7,66,2,3247.8,43,3
11536,2025-12-30 15:10:19+05:30,3247.0,61,3251.08,2337449,69359.0,89920.0,3250.0,3267.5,3239.5,3251.5,46143475,3576.6,2926.4,4322.95,2866.6,3246.9,1,1,3246.5,10,2,3246.4,118,9,3246.3,372,5,3246.2,176,2,3247.0,17,2,3247.3,55,4,3247.5,16,1,3247.6,56,2,3247.8,73,3
11536,2025-12-30 15:10:21+05:30,3247.0,1,3251.08,2338173,68829.0,90102.0,3250.0,3267.5,3239.5,3251.5,46143475,3576.6,2926.4,4322.95,2866.6,3247.0,38,3,3246.9,1,1,3246.4,175,3,3246.3,223,3,3246.2,180,4,3247.3,26,3,3247.4,31,1,3247.5,55,2,3247.6,148,3,3247.7,80,4
11536,2025-12-30 15:10:21+05:30,3247.0,1,3251.08,2338173,68829.0,90102.0,3250.0,3267.5,3239.5,3251.5,46143475,3576.6,2926.4,4322.95,2866.6,3247.0,38,3,3246.9,1,1,3246.4,175,3,3246.3,223,3,3246.2,180,4,3247.3,26,3,3247.4,31,1,3247.5,55,2,3247.6,148,3,3247.7,80,4
11536,2025-12-30 15:10:22+05:30,3247.1,1,3251.08,2338199,68685.0,90137.0,3250.0,3267.5,3239.5,3251.5,46143475,3576.6,2926.4,4322.95,2866.6,3247.0,238,5,3246.9,25,3,3246.5,2,1,3246.4,20,2,3246.3,8,2,3247.1,69,3,3247.2,28,1,3247.3,16,2,3247.4,31,2,3247.5,55,2
11536,2025-12-30 15:10:23+05:30,3247.2,6,3251.08,2338558,68147.0,90433.0,3250.0,3267.5,3239.5,3251.5,46143475,3576.6,2926.4,4322.95,2866.6,3247.2,18,1,3247.1,1,1,3247.0,56,5,3246.9,25,3,3246.7,2,1,3247.3,16,2,3247.4,28,1,3247.6,31,2,3247.7,43,2,3247.8,93,4
11536,2025-12-30 15:10:23+05:30,3247.3,1,3251.08,2338558,68147.0,90433.0,3250.0,3267.5,3239.5,3251.5,46143475,3576.6,2926.4,4322.95,2866.6,3247.2,18,1,3247.1,1,1,3247.0,56,5,3246.9,25,3,3246.7,2,1,3247.3,16,2,3247.4,28,1,3247.6,31,2,3247.7,43,2,3247.8,93,4
11536,2025-12-30 15:10:24+05:30,3247.3,1,3251.08,2338800,68447.0,90743.0,3250.0,3267.5,3239.5,3251.5,46143475,3576.6,2926.4,4322.95,2866.6,3247.3,7,1,3247.2,89,3,3247.0,116,2,3246.9,24,2,3246.4,11,1,3247.5,32,1,3247.6,143,6,3247.7,43,3,3247.8,124,5,3247.9,102,5
11536,2025-12-30 15:10:25+05:30,3247.4,13,3251.08,2339146,68553.0,91722.0,3250.0,3267.5,3239.5,3251.5,46143475,3576.6,2926.4,4322.95,2866.6,3247.3,4,3,3247.2,89,3,3247.0,116,2,3246.8,10,1,3246.4,11,1,3247.4,92,5,3247.5,63,3,3247.6,143,8,3247.7,44,2,3247.8,125,5
11536,2025-12-30 15:10:25+05:30,3247.3,1,3251.08,2339146,68553.0,91722.0,3250.0,3267.5,3239.5,3251.5,46143475,3576.6,2926.4,4322.95,2866.6,3247.3,4,3,3247.2,89,3,3247.0,116,2,3246.8,10,1,3246.4,11,1,3247.4,92,5,3247.5,63,3,3247.6,143,8,3247.7,44,2,3247.8,125,5
11536,2025-12-30 15:10:26+05:30,3247.3,9,3251.08,2341373,68693.0,91826.0,3250.0,3267.5,3239.5,3251.5,46143475,3576.6,2926.4,4322.95,2866.6,3247.3,108,2,3247.2,91,4,3247.0,17,2,3246.7,13,1,3246.4,11,1,3247.6,64,5,3247.7,31,2,3247.8,165,6,3247.9,53,3,3248.0,83,4
11536,2025-12-30 15:10:27+05:30,3247.6,9,3251.08,2341382,68338.0,89812.0,3250.0,3267.5,3239.5,3251.5,46143475,3576.6,2926.4,4322.95,2866.6,3247.3,278,9,3247.2,2,1,3247.0,7,1,3246.8,10,1,3246.7,13,1,3247.6,31,3,3247.7,1,1,3247.8,76,3,3247.9,53,3,3248.0,83,4
11536,2025-12-30 15:10:27+05:30,3247.6,2,3251.08,2341382,68338.0,89812.0,3250.0,3267.5,3239.5,3251.5,46143475,3576.6,2926.4,4322.95,2866.6,3247.3,278,9,3247.2,2,1,3247.0,7,1,3246.8,10,1,3246.7,13,1,3247.6,31,3,3247.7,1,1,3247.8,76,3,3247.9,53,3,3248.0,83,4
11536,2025-12-30 15:10:28+05:30,3247.3,2,3251.08,2341715,68039.0,92254.0,3250.0,3267.5,3239.5,3251.5,46143475,3576.6,2926.4,4322.95,2866.6,3247.3,4,3,3247.2,11,2,3247.0,11,2,3246.7,13,1,3246.6,175,1,3247.6,73,7,3247.7,31,2,3247.8,104,5,3247.9,95,4,3248.0,83,4
11536,2025-12-30 15:10:29+05:30,3247.2,1,3251.08,2341728,68048.0,92133.0,3250.0,3267.5,3239.5,3251.5,46143475,3576.6,2926.4,4322.95,2866.6,3247.2,10,2,3247.0,11,2,3246.7,13,1,3246.6,175,1,3246.4,11,1,3247.3,13,2,3247.4,28,1,3247.6,54,5,3247.7,1,1,3247.8,136,6
11536,2025-12-30 15:10:29+05:30,3247.2,1,3251.08,2341728,68048.0,92133.0,3250.0,3267.5,3239.5,3251.5,46143475,3576.6,2926.4,4322.95,2866.6,3247.2,10,2,3247.0,11,2,3246.7,13,1,3246.6,175,1,3246.4,11,1,3247.3,13,2,3247.4,28,1,3247.6,54,5,3247.7,1,1,3247.8,136,6
11536,2025-12-30 15:10:30+05:30,3247.0,13,3251.08,2342125,68043.0,89306.0,3250.0,3267.5,3239.5,3251.5,46143475,3576.6,2926.4,4322.95,2866.6,3246.6,99,1,3246.4,11,1,3246.3,188,4,3246.2,14,4,3246.1,110,4,3247.0,31,2,3247.2,253,6,3247.3,67,6,3247.5,13,1,3247.6,66,4
11536,2025-12-30 15:10:31+05:30,3246.6,7,3251.08,2342125,68043.0,89306.0,3250.0,3267.5,3239.5,3251.5,46143475,3576.6,2926.4,4322.95,2866.6,3246.6,99,1,3246.4,11,1,3246.3,188,4,3246.2,14,4,3246.1,110,4,3247.0,31,2,3247.2,253,6,3247.3,67,6,3247.5,13,1,3247.6,66,4
11536,2025-12-30 15:10:31+05:30,3246.6,7,3251.08,2342584,68234.0,91473.0,3250.0,3267.5,3239.5,3251.5,46143475,3576.6,2926.4,4322.95,2866.6,3246.7,76,1,3246.5,71,1,3246.4,11,1,3246.3,8,2,3246.2,13,3,3247.0,56,3,3247.1,28,1,3247.2,256,8,3247.3,128,9,3247.4,130,5
11536,2025-12-30 15:10:32+05:30,3246.6,6,3251.07,2343937,67724.0,90893.0,3250.0,3267.5,3239.5,3251.5,46143475,3576.6,2926.4,4322.95,2866.6,3246.6,101,1,3246.5,81,2,3246.4,11,1,3246.3,8,2,3246.2,188,4,3246.7,8,2,3247.0,31,3,3247.2,254,7,3247.3,97,8,3247.4,96,3
11536,2025-12-30 15:10:33+05:30,3246.7,2,3251.07,2343937,67724.0,90893.0,3250.0,3267.5,3239.5,3251.5,46143475,3576.6,2926.4,4322.95,2866.6,3246.6,101,1,3246.5,81,2,3246.4,11,1,3246.3,8,2,3246.2,188,4,3246.7,8,2,3247.0,31,3,3247.2,254,7,3247.3,97,8,3247.4,96,3
11536,2025-12-30 15:10:34+05:30,3247.0,140,3251.07,2344200,68376.0,91842.0,3250.0,3267.5,3239.5,3251.5,46143475,3576.6,2926.4,4322.95,2866.6,3246.6,68,1,3246.5,82,3,3246.4,16,2,3246.3,8,2,3246.2,187,3,3247.0,21,1,3247.1,12,1,3247.2,253,6,3247.3,114,9,3247.4,76,3
11536,2025-12-30 15:10:35+05:30,3246.8,1,3251.07,2344402,68460.0,92021.0,3250.0,3267.5,3239.5,3251.5,46143475,3576.6,2926.4,4322.95,2866.6,3246.6,78,2,3246.5,21,3,3246.4,16,2,3246.3,8,2,3246.2,187,3,3246.8,6,2,3247.0,36,3,3247.1,12,1,3247.2,253,6,3247.3,113,8
11536,2025-12-30 15:10:35+05:30,3246.6,5,3251.07,2344402,68460.0,92021.0,3250.0,3267.5,3239.5,3251.5,46143475,3576.6,2926.4,4322.95,2866.6,3246.6,78,2,3246.5,21,3,3246.4,16,2,3246.3,8,2,3246.2,187,3,3246.8,6,2,3247.0,36,3,3247.1,12,1,3247.2,253,6,3247.3,113,8
11536,2025-12-30 15:10:36+05:30,3246.6,5,3251.07,2344425,68223.0,90349.0,3250.0,3267.5,3239.5,3251.5,46143475,3576.6,2926.4,4322.95,2866.6,3246.6,58,3,3246.5,64,5,3246.4,16,2,3246.3,8,2,3246.2,187,3,3246.8,63,4,3247.0,36,3,3247.1,22,2,3247.2,252,5,3247.3,141,10
11536,2025-12-30 15:10:37+05:30,3246.8,29,3251.07,2344637,68210.0,91866.0,3250.0,3267.5,3239.5,3251.5,46143475,3576.6,2926.4,4322.95,2866.6,3246.8,14,1,3246.6,429,6,3246.5,64,5,3246.4,48,3,3246.3,8,2,3247.0,22,2,3247.1,33,3,3247.2,252,5,3247.3,93,7,3247.4,11,1
11536,2025-12-30 15:10:37+05:30,3247.2,121,3251.07,2344637,68210.0,91866.0,3250.0,3267.5,3239.5,3251.5,46143475,3576.6,2926.4,4322.95,2866.6,3246.8,14,1,3246.6,429,6,3246.5,64,5,3246.4,48,3,3246.3,8,2,3247.0,22,2,3247.1,33,3,3247.2,252,5,3247.3,93,7,3247.4,11,1
11536,2025-12-30 15:10:38+05:30,3247.0,32,3251.07,2346600,68364.0,91420.0,3250.0,3267.5,3239.5,3251.5,46143475,3576.6,2926.4,4322.95,2866.6,3247.0,141,1,3246.8,97,3,3246.7,566,4,3246.6,393,5,3246.5,25,5,3247.1,2,1,3247.2,125,2,3247.3,91,6,3247.4,22,2,3247.5,13,1
11536,2025-12-30 15:10:39+05:30,3247.0,12,3251.07,2347894,67784.0,91016.0,3250.0,3267.5,3239.5,3251.5,46143475,3576.6,2926.4,4322.95,2866.6,3247.1,175,1,3247.0,10,2,3246.9,82,1,3246.8,130,7,3246.7,41,1,3247.3,95,5,3247.4,22,2,3247.5,13,1,3247.6,44,3,3247.7,49,2
11536,2025-12-30 15:10:39+05:30,3247.1,1,3251.07,2347894,67784.0,91016.0,3250.0,3267.5,3239.5,3251.5,46143475,3576.6,2926.4,4322.95,2866.6,3247.1,175,1,3247.0,10,2,3246.9,82,1,3246.8,130,7,3246.7,41,1,3247.3,95,5,3247.4,22,2,3247.5,13,1,3247.6,44,3,3247.7,49,2
11536,2025-12-30 15:10:40+05:30,3247.1,1,3251.07,2348160,67508.0,91117.0,3250.0,3267.5,3239.5,3251.5,46143475,3576.6,2926.4,4322.95,2866.6,3247.1,223,3,3247.0,92,3,3246.8,130,7,3246.6,355,5,3246.5,23,4,3247.2,11,2,3247.3,29,4,3247.4,40,4,3247.5,13,1,3247.6,77,4
11536,2025-12-30 15:10:41+05:30,3247.1,15,3251.06,2348711,68426.0,91146.0,3250.0,3267.5,3239.5,3251.5,46143475,3576.6,2926.4,4322.95,2866.6,3247.1,579,11,3247.0,238,3,3246.8,97,3,3246.7,259,2,3246.6,400,5,3247.2,74,5,3247.3,31,5,3247.4,68,5,3247.5,44,2,3247.6,58,4
11536,2025-12-30 15:10:41+05:30,3247.1,15,3251.06,2348711,68426.0,91146.0,3250.0,3267.5,3239.5,3251.5,46143475,3576.6,2926.4,4322.95,2866.6,3247.1,579,11,3247.0,238,3,3246.8,97,3,3246.7,259,2,3246.6,400,5,3247.2,74,5,3247.3,31,5,3247.4,68,5,3247.5,44,2,3247.6,58,4
11536,2025-12-30 15:10:42+05:30,3247.1,100,3251.06,2349016,68110.0,91294.0,3250.0,3267.5,3239.5,3251.5,46143475,3576.6,2926.4,4322.95,2866.6,3247.1,380,13,3247.0,238,3,3246.8,97,3,3246.6,354,4,3246.5,13,3,3247.2,56,3,3247.3,57,6,3247.4,40,4,3247.5,14,2,3247.6,88,4
11536,2025-12-30 15:10:43+05:30,3247.2,4,3251.06,2349082,68286.0,91159.0,3250.0,3267.5,3239.5,3251.5,46143475,3576.6,2926.4,4322.95,2866.6,3247.2,23,1,3247.1,319,14,3247.0,238,3,3246.8,126,4,3246.6,365,5,3247.3,31,5,3247.4,40,4,3247.5,13,1,3247.6,56,4,3247.7,31,1
11536,2025-12-30 15:10:43+05:30,3247.2,4,3251.06,2349082,68286.0,91159.0,3250.0,3267.5,3239.5,3251.5,46143475,3576.6,2926.4,4322.95,2866.6,3247.2,23,1,3247.1,319,14,3247.0,238,3,3246.8,126,4,3246.6,365,5,3247.3,31,5,3247.4,40,4,3247.5,13,1,3247.6,56,4,3247.7,31,1
11536,2025-12-30 15:10:44+05:30,3247.4,1,3251.06,2349341,68168.0,91056.0,3250.0,3267.5,3239.5,3251.5,46143475,3576.6,2926.4,4322.95,2866.6,3247.3,29,5,3247.2,26,4,3247.1,467,10,3247.0,74,3,3246.8,87,4,3247.4,15,3,3247.5,26,1,3247.6,48,4,3247.8,82,3,3247.9,27,2
11536,2025-12-30 15:10:45+05:30,3247.4,44,3251.06,2349341,68168.0,91056.0,3250.0,3267.5,3239.5,3251.5,46143475,3576.6,2926.4,4322.95,2866.6,3247.3,29,5,3247.2,26,4,3247.1,467,10,3247.0,74,3,3246.8,87,4,3247.4,15,3,3247.5,26,1,3247.6,48,4,3247.8,82,3,3247.9,27,2
11536,2025-12-30 15:10:45+05:30,3247.4,44,3251.06,2349517,68266.0,90094.0,3250.0,3267.5,3239.5,3251.5,46143475,3576.6,2926.4,4322.95,2866.6,3247.4,39,2,3247.3,649,8,3247.2,4,4,3247.1,248,6,3247.0,74,3,3247.6,49,4,3247.7,27,1,3247.8,87,4,3247.9,27,2,3248.0,100,4
11536,2025-12-30 15:10:46+05:30,3247.6,8,3251.06,2349763,68597.0,90301.0,3250.0,3267.5,3239.5,3251.5,46143475,3576.6,2926.4,4322.95,2866.6,3247.5,230,2,3247.4,117,6,3247.3,476,9,3247.2,44,5,3247.1,233,4,3247.6,32,3,3247.7,1,1,3247.9,11,1,3248.0,36,2,3248.3,6,1
11536,2025-12-30 15:10:47+05:30,3247.6,8,3251.06,2349763,68597.0,90301.0,3250.0,3267.5,3239.5,3251.5,46143475,3576.6,2926.4,4322.95,2866.6,3247.5,230,2,3247.4,117,6,3247.3,476,9,3247.2,44,5,3247.1,233,4,3247.6,32,3,3247.7,1,1,3247.9,11,1,3248.0,36,2,3248.3,6,1
11536,2025-12-30 15:10:48+05:30,3247.6,8,3251.06,2351111,68786.0,91609.0,3250.0,3267.5,3239.5,3251.5,46143475,3576.6,2926.4,4322.95,2866.6,3247.6,10,3,3247.5,176,2,3247.3,430,6,3247.2,11,1,3247.1,214,4,3247.7,16,4,3247.9,53,3,3248.0,123,5,3248.1,21,1,3248.2,64,2
11536,2025-12-30 15:10:49+05:30,3247.4,1,3251.06,2351229,68350.0,91916.0,3250.0,3267.5,3239.5,3251.5,46143475,3576.6,2926.4,4322.95,2866.6,3247.4,9,1,3247.3,404,4,3247.2,11,1,3247.1,214,4,3247.0,82,3,3247.7,48,4,3247.8,27,1,3247.9,97,5,3248.0,123,5,3248.1,32,1
11536,2025-12-30 15:10:49+05:30,3247.7,4,3251.06,2351229,68350.0,91916.0,3250.0,3267.5,3239.5,3251.5,46143475,3576.6,2926.4,4322.95,2866.6,3247.4,9,1,3247.3,404,4,3247.2,11,1,3247.1,214,4,3247.0,82,3,3247.7,48,4,3247.8,27,1,3247.9,97,5,3248.0,123,5,3248.1,32,1
11536,2025-12-30 15:10:50+05:30,3247.7,4,3251.06,2351237,68612.0,91858.0,3250.0,3267.5,3239.5,3251.5,46143475,3576.6,2926.4,4322.95,2866.6,3247.4,85,2,3247.3,403,3,3247.2,11,1,3247.1,214,4,3247.0,82,3,3247.7,51,4,3247.8,27,1,3247.9,97,5,3248.0,123,5,3248.1,32,1
11536,2025-12-30 15:10:51+05:30,3247.3,1,3251.06,2351562,68511.0,90291.0,3250.0,3267.5,3239.5,3251.5,46143475,3576.6,2926.4,4322.95,2866.6,3247.3,315,3,3247.2,11,1,3247.1,214,4,3247.0,82,3,3246.8,30,2,3247.4,51,7,3247.5,1,1,3247.6,65,3,3247.7,85,5,3247.8,104,5
11536,2025-12-30 15:10:51+05:30,3247.3,16,3251.06,2351562,68511.0,90291.0,3250.0,3267.5,3239.5,3251.5,46143475,3576.6,2926.4,4322.95,2866.6,3247.3,315,3,3247.2,11,1,3247.1,214,4,3247.0,82,3,3246.8,30,2,3247.4,51,7,3247.5,1,1,3247.6,65,3,3247.7,85,5,3247.8,104,5
11536,2025-12-30 15:10:52+05:30,3247.3,30,3251.06,2351633,68337.0,91367.0,3250.0,3267.5,3239.5,3251.5,46143475,3576.6,2926.4,4322.95,2866.6,3247.3,288,5,3247.2,11,1,3247.1,214,4,3247.0,257,4,3246.8,30,2,3247.4,92,7,3247.5,1,1,3247.6,94,4,3247.7,49,5,3247.8,102,4
11536,2025-12-30 15:10:53+05:30,3247.3,6,3251.06,2352024,68264.0,91238.0,3250.0,3267.5,3239.5,3251.5,46143475,3576.6,2926.4,4322.95,2866.6,3247.3,99,2,3247.2,11,1,3247.1,214,4,3247.0,257,4,3246.8,30,2,3247.4,86,5,3247.5,1,1,3247.6,65,3,3247.7,18,3,3247.8,164,5
11536,2025-12-30 15:10:53+05:30,3247.3,6,3251.06,2352024,68264.0,91238.0,3250.0,3267.5,3239.5,3251.5,46143475,3576.6,2926.4,4322.95,2866.6,3247.3,99,2,3247.2,11,1,3247.1,214,4,3247.0,257,4,3246.8,30,2,3247.4,86,5,3247.5,1,1,3247.6,65,3,3247.7,18,3,3247.8,164,5
11536,2025-12-30 15:10:54+05:30,3247.4,1,3251.06,2352249,68565.0,91060.0,3250.0,3267.5,3239.5,3251.5,46143475,3576.6,2926.4,4322.95,2866.6,3247.3,41,2,3247.2,12,2,3247.1,389,5,3247.0,82,3,3246.8,30,2,3247.4,45,3,3247.5,1,1,3247.6,77,5,3247.7,26,3,3247.8,91,3
11536,2025-12-30 15:10:55+05:30,3247.3,16,3251.06,2352290,68542.0,93139.0,3250.0,3267.5,3239.5,3251.5,46143475,3576.6,2926.4,4322.95,2866.6,3247.3,69,4,3247.2,11,1,3247.1,214,4,3247.0,257,4,3246.8,30,2,3247.4,359,7,3247.5,26,1,3247.6,93,5,3247.7,53,4,3247.8,61,2
11536,2025-12-30 15:10:55+05:30,3247.3,7,3251.06,2352290,68542.0,93139.0,3250.0,3267.5,3239.5,3251.5,46143475,3576.6,2926.4,4322.95,2866.6,3247.3,69,4,3247.2,11,1,3247.1,214,4,3247.0,257,4,3246.8,30,2,3247.4,359,7,3247.5,26,1,3247.6,93,5,3247.7,53,4,3247.8,61,2
11536,2025-12-30 15:10:56+05:30,3247.3,1,3251.06,2352359,68455.0,93073.0,3250.0,3267.5,3239.5,3251.5,46143475,3576.6,2926.4,4322.95,2866.6,3247.3,56,4,3247.2,11,1,3247.1,212,4,3247.0,257,4,3246.8,30,2,3247.4,375,8,3247.5,2,1,3247.6,65,3,3247.7,23,2,3247.8,132,4
11536,2025-12-30 15:10:57+05:30,3247.4,1,3251.06,2353209,68999.0,92135.0,3250.0,3267.5,3239.5,3251.5,46143475,3576.6,2926.4,4322.95,2866.6,3247.3,554,7,3247.2,11,1,3247.1,212,4,3247.0,257,4,3246.8,30,2,3247.4,93,5,3247.5,2,1,3247.6,67,3,3247.7,30,2,3247.8,64,2
11536,2025-12-30 15:10:57+05:30,3247.4,1,3251.06,2353209,68999.0,92135.0,3250.0,3267.5,3239.5,3251.5,46143475,3576.6,2926.4,4322.95,2866.6,3247.3,554,7,3247.2,11,1,3247.1,212,4,3247.0,257,4,3246.8,30,2,3247.4,93,5,3247.5,2,1,3247.6,67,3,3247.7,30,2,3247.8,64,2
11536,2025-12-30 15:10:58+05:30,3247.3,40,3251.06,2353494,68930.0,92828.0,3250.0,3267.5,3239.5,3251.5,46143475,3576.6,2926.4,4322.95,2866.6,3247.3,329,5,3247.2,51,2,3247.1,212,4,3247.0,257,4,3246.8,30,2,3247.4,282,6,3247.6,13,1,3247.7,20,1,3247.9,31,2,3248.0,110,3
11536,2025-12-30 15:10:59+05:30,3247.4,1,3251.06,2353494,68930.0,92828.0,3250.0,3267.5,3239.5,3251.5,46143475,3576.6,2926.4,4322.95,2866.6,3247.3,329,5,3247.2,51,2,3247.1,212,4,3247.0,257,4,3246.8,30,2,3247.4,282,6,3247.6,13,1,3247.7,20,1,3247.9,31,2,3248.0,110,3
11536,2025-12-30 15:10:59+05:30,3247.4,1,3251.06,2354234,68946.0,92282.0,3250.0,3267.5,3239.5,3251.5,46143475,3576.6,2926.4,4322.95,2866.6,3247.3,368,6,3247.2,146,4,3247.1,416,6,3247.0,82,3,3246.8,30,2,3247.4,132,5,3247.6,13,1,3247.7,31,2,3247.9,31,2,3248.0,476,3
11536,2025-12-30 15:11:00+05:30,3247.3,15,3251.05,2355076,68624.0,93090.0,3250.0,3267.5,3239.5,3251.5,46143475,3576.6,2926.4,4322.95,2866.6,3247.3,53,4,3247.2,120,3,3247.1,387,5,3247.0,82,3,3246.8,30,2,3247.4,509,15,3247.5,34,3,3247.6,50,3,3247.7,34,3,3247.8,46,2
11536,2025-12-30 15:11:01+05:30,3247.3,7,3251.05,2355076,68624.0,93090.0,3250.0,3267.5,3239.5,3251.5,46143475,3576.6,2926.4,4322.95,2866.6,3247.3,53,4,3247.2,120,3,3247.1,387,5,3247.0,82,3,3246.8,30,2,3247.4,509,15,3247.5,34,3,3247.6,50,3,3247.7,34,3,3247.8,46,2
11536,2025-12-30 15:11:01+05:30,3247.3,9,3251.05,2355667,68697.0,93084.0,3250.0,3267.5,3239.5,3251.5,46143475,3576.6,2926.4,4322.95,2866.6,3247.3,105,6,3247.2,120,3,3247.1,387,5,3247.0,82,3,3246.8,30,2,3247.4,496,15,3247.5,8,2,3247.6,97,6,3247.7,34,3,3247.8,47,3
11536,2025-12-30 15:11:02+05:30,3246.8,1,3251.05,2358443,66202.0,92836.0,3250.0,3267.5,3239.5,3251.5,46143475,3576.6,2926.4,4322.95,2866.6,3246.8,30,2,3246.6,17,2,3246.5,2,1,3246.4,27,3,3246.3,9,3,3247.3,123,6,3247.4,513,18,3247.5,17,4,3247.6,84,7,3247.7,109,5
11536,2025-12-30 15:11:03+05:30,3247.4,2,3251.05,2358443,66202.0,92836.0,3250.0,3267.5,3239.5,3251.5,46143475,3576.6,2926.4,4322.95,2866.6,3246.8,30,2,3246.6,17,2,3246.5,2,1,3246.4,27,3,3246.3,9,3,3247.3,123,6,3247.4,513,18,3247.5,17,4,3247.6,84,7,3247.7,109,5
11536,2025-12-30 15:11:03+05:30,3246.8,2,3251.05,2359220,66196.0,92729.0,3250.0,3267.5,3239.5,3251.5,46143475,3576.6,2926.4,4322.95,2866.6,3246.8,68,3,3246.6,17,2,3246.5,2,1,3246.4,27,3,3246.3,9,3,3247.3,67,6,3247.4,497,17,3247.5,62,7,3247.6,156,8,3247.7,63,4
11536,2025-12-30 15:11:05+05:30,3247.3,1,3251.05,2359538,67258.0,92827.0,3250.0,3267.5,3239.5,3251.5,46143475,3576.6,2926.4,4322.95,2866.6,3246.8,131,5,3246.6,17,2,3246.5,2,1,3246.4,27,3,3246.3,9,3,3247.4,588,16,3247.5,35,5,3247.6,111,8,3247.7,63,4,3247.8,207,5
11536,2025-12-30 15:11:05+05:30,3246.8,4,3251.05,2359538,67258.0,92827.0,3250.0,3267.5,3239.5,3251.5,46143475,3576.6,2926.4,4322.95,2866.6,3246.8,131,5,3246.6,17,2,3246.5,2,1,3246.4,27,3,3246.3,9,3,3247.4,588,16,3247.5,35,5,3247.6,111,8,3247.7,63,4,3247.8,207,5
11536,2025-12-30 15:11:06+05:30,3246.8,58,3251.05,2360352,67251.0,93408.0,3250.0,3267.5,3239.5,3251.5,46143475,3576.6,2926.4,4322.95,2866.6,3246.8,65,3,3246.6,16,3,3246.5,2,1,3246.4,27,3,3246.3,9,3,3247.3,238,5,3247.4,430,11,3247.5,343,7,3247.6,390,7,3247.7,252,6
11536,2025-12-30 15:11:07+05:30,3246.9,8,3251.04,2361891,63964.0,94701.0,3250.0,3267.5,3239.5,3251.5,46143475,3576.6,2926.4,4322.95,2866.6,3245.9,3,1,3245.6,28,1,3245.5,34,1,3245.2,17,1,3245.1,1,1,3246.9,90,5,3247.0,68,2,3247.1,75,3,3247.2,230,4,3247.3,442,9
11536,2025-12-30 15:11:07+05:30,3245.9,1,3251.04,2361891,63964.0,94701.0,3250.0,3267.5,3239.5,3251.5,46143475,3576.6,2926.4,4322.95,2866.6,3245.9,3,1,3245.6,28,1,3245.5,34,1,3245.2,17,1,3245.1,1,1,3246.9,90,5,3247.0,68,2,3247.1,75,3,3247.2,230,4,3247.3,442,9
11536,2025-12-30 15:11:08+05:30,3246.7,1,3251.04,2361904,64990.0,95043.0,3250.0,3267.5,3239.5,3251.5,46143475,3576.6,2926.4,4322.95,2866.6,3246.0,79,1,3245.9,2,1,3245.8,154,1,3245.2,56,2,3245.1,26,2,3246.7,25,1,3246.8,309,5,3246.9,33,2,3247.0,136,4,3247.1,75,3
11536,2025-12-30 15:11:09+05:30,3246.0,25,3251.04,2362380,66550.0,94312.0,3250.0,3267.5,3239.5,3251.5,46143475,3576.6,2926.4,4322.95,2866.6,3245.8,124,1,3245.6,6,1,3245.5,4,1,3245.2,2,1,3245.1,1,1,3246.0,72,4,3246.2,52,2,3246.4,61,5,3246.6,29,1,3246.7,132,2
11536,2025-12-30 15:11:09+05:30,3246.0,2,3251.04,2362380,66550.0,94312.0,3250.0,3267.5,3239.5,3251.5,46143475,3576.6,2926.4,4322.95,2866.6,3245.8,124,1,3245.6,6,1,3245.5,4,1,3245.2,2,1,3245.1,1,1,3246.0,72,4,3246.2,52,2,3246.4,61,5,3246.6,29,1,3246.7,132,2
11536,2025-12-30 15:11:10+05:30,3246.0,7,3251.04,2362511,66567.0,96370.0,3250.0,3267.5,3239.5,3251.5,46143475,3576.6,2926.4,4322.95,2866.6,3245.8,7,1,3245.6,130,2,3245.5,4,1,3245.2,2,1,3245.1,1,1,3246.0,43,3,3246.2,811,2,3246.4,33,4,3246.5,132,2,3246.6,57,2
11536,2025-12-30 15:11:11+05:30,3245.6,1,3251.04,2363017,66572.0,95816.0,3250.0,3267.5,3239.5,3251.5,46143475,3576.6,2926.4,4322.95,2866.6,3245.6,30,2,3245.5,4,1,3245.2,2,1,3245.1,11,2,3245.0,35,3,3245.8,8,2,3245.9,188,3,3246.0,77,6,3246.2,901,4,3246.3,58,3
11536,2025-12-30 15:11:11+05:30,3245.8,31,3251.04,2363017,66572.0,95816.0,3250.0,3267.5,3239.5,3251.5,46143475,3576.6,2926.4,4322.95,2866.6,3245.6,30,2,3245.5,4,1,3245.2,2,1,3245.1,11,2,3245.0,35,3,3245.8,8,2,3245.9,188,3,3246.0,77,6,3246.2,901,4,3246.3,58,3
11536,2025-12-30 15:11:12+05:30,3245.8,31,3251.04,2363204,63262.0,93328.0,3250.0,3267.5,3239.5,3251.5,46143475,3576.6,2926.4,4322.95,2866.6,3245.8,15,1,3245.6,364,5,3245.5,4,1,3245.2,2,1,3245.1,11,2,3245.9,188,3,3246.0,46,4,3246.1,27,1,3246.2,786,2,3246.3,12,2
11536,2025-12-30 15:11:13+05:30,3245.6,5,3251.04,2363259,65914.0,95542.0,3250.0,3267.5,3239.5,3251.5,46143475,3576.6,2926.4,4322.95,2866.6,3245.6,334,4,3245.5,4,1,3245.2,11,2,3245.1,1,1,3245.0,35,3,3245.8,2,1,3245.9,263,5,3246.0,30,2,3246.1,28,2,3246.2,796,2
11536,2025-12-30 15:11:13+05:30,3245.8,9,3251.04,2363259,65914.0,95542.0,3250.0,3267.5,3239.5,3251.5,46143475,3576.6,2926.4,4322.95,2866.6,3245.6,334,4,3245.5,4,1,3245.2,11,2,3245.1,1,1,3245.0,35,3,3245.8,2,1,3245.9,263,5,3246.0,30,2,3246.1,28,2,3246.2,796,2
11536,2025-12-30 15:11:14+05:30,3245.7,22,3251.04,2363570,66683.0,95698.0,3250.0,3267.5,3239.5,3251.5,46143475,3576.6,2926.4,4322.95,2866.6,3245.7,132,1,3245.6,88,5,3245.5,4,1,3245.2,11,2,3245.1,1,1,3245.9,263,5,3246.0,1,1,3246.1,46,4,3246.2,796,2,3246.3,55,4
11536,2025-12-30 15:11:15+05:30,3245.7,7,3251.04,2363763,63406.0,94834.0,3250.0,3267.5,3239.5,3251.5,46143475,3576.6,2926.4,4322.95,2866.6,3245.7,161,2,3245.6,88,5,3245.5,4,1,3245.2,2,1,3245.1,1,1,3245.8,17,4,3245.9,273,6,3246.0,28,3,3246.1,29,1,3246.2,895,4
11536,2025-12-30 15:11:15+05:30,3245.7,24,3251.04,2363763,63406.0,94834.0,3250.0,3267.5,3239.5,3251.5,46143475,3576.6,2926.4,4322.95,2866.6,3245.7,161,2,3245.6,88,5,3245.5,4,1,3245.2,2,1,3245.1,1,1,3245.8,17,4,3245.9,273,6,3246.0,28,3,3246.1,29,1,3246.2,895,4
11536,2025-12-30 15:11:16+05:30,3245.5,9,3251.04,2365371,66728.0,95616.0,3250.0,3267.5,3239.5,3251.5,46143475,3576.6,2926.4,4322.95,2866.6,3245.5,4,1,3245.4,11,1,3245.2,2,1,3245.1,1,1,3245.0,35,3,3245.7,205,5,3245.8,13,6,3245.9,98,6,3246.0,74,3,3246.1,29,1
11536,2025-12-30 15:11:17+05:30,3245.5,1,3251.03,2365496,66399.0,94698.0,3250.0,3267.5,3239.5,3251.5,46143475,3576.6,2926.4,4322.95,2866.6,3245.5,20,1,3245.4,83,2,3245.2,2,1,3245.1,1,1,3245.0,35,3,3245.7,142,5,3245.8,22,6,3245.9,93,6,3246.0,38,2,3246.1,27,2
11536,2025-12-30 15:11:17+05:30,3245.7,1,3251.03,2365496,66399.0,94698.0,3250.0,3267.5,3239.5,3251.5,46143475,3576.6,2926.4,4322.95,2866.6,3245.5,20,1,3245.4,83,2,3245.2,2,1,3245.1,1,1,3245.0,35,3,3245.7,142,5,3245.8,22,6,3245.9,93,6,3246.0,38,2,3246.1,27,2
11536,2025-12-30 15:11:18+05:30,3245.7,1,3251.03,2366556,63749.0,95541.0,3250.0,3267.5,3239.5,3251.5,46143475,3576.6,2926.4,4322.95,2866.6,3245.5,52,2,3245.2,16,1,3245.1,16,1,3245.0,61,1,3244.7,1,1,3245.7,236,7,3245.8,33,7,3245.9,83,5,3246.1,48,3,3246.2,911,4
11536,2025-12-30 15:11:19+05:30,3245.4,30,3251.03,2366834,63645.0,95375.0,3250.0,3267.5,3239.5,3251.5,46143475,3576.6,2926.4,4322.95,2866.6,3245.4,10,1,3245.1,16,1,3245.0,61,1,3244.7,1,1,3244.6,6,1,3245.5,22,2,3245.7,192,6,3245.8,50,8,3245.9,860,6,3246.1,12,1
11536,2025-12-30 15:11:19+05:30,3245.4,2,3251.03,2366834,63645.0,95375.0,3250.0,3267.5,3239.5,3251.5,46143475,3576.6,2926.4,4322.95,2866.6,3245.4,10,1,3245.1,16,1,3245.0,61,1,3244.7,1,1,3244.6,6,1,3245.5,22,2,3245.7,192,6,3245.8,50,8,3245.9,860,6,3246.1,12,1
11536,2025-12-30 15:11:20+05:30,3245.4,22,3251.03,2367104,64434.0,92604.0,3250.0,3267.5,3239.5,3251.5,46143475,3576.6,2926.4,4322.95,2866.6,3245.0,12,1,3244.8,3,1,3244.7,1,1,3244.6,37,2,3244.4,133,2,3245.4,1,1,3245.5,28,3,3245.7,103,4,3245.8,54,7,3245.9,870,7
11536,2025-12-30 15:11:21+05:30,3245.3,1,3251.03,2367777,67245.0,95794.0,3250.0,3267.5,3239.5,3251.5,46143475,3576.6,2926.4,4322.95,2866.6,3245.3,172,1,3244.7,38,2,3244.6,6,1,3244.4,161,4,3244.3,61,2,3245.4,234,10,3245.5,28,3,3245.6,11,1,3245.7,94,4,3245.8,52,7
11536,2025-12-30 15:11:21+05:30,3245.3,15,3251.03,2367777,67245.0,95794.0,3250.0,3267.5,3239.5,3251.5,46143475,3576.6,2926.4,4322.95,2866.6,3245.3,172,1,3244.7,38,2,3244.6,6,1,3244.4,161,4,3244.3,61,2,3245.4,234,10,3245.5,28,3,3245.6,11,1,3245.7,94,4,3245.8,52,7
11536,2025-12-30 15:11:22+05:30,3245.3,1,3251.02,2370680,67366.0,95650.0,3250.0,3267.5,3239.5,3251.5,46143475,3576.6,2926.4,4322.95,2866.6,3245.3,495,9,3245.2,24,1,3245.1,20,2,3245.0,235,3,3244.9,27,1,3245.5,26,2,3245.6,21,2,3245.7,94,4,3245.8,35,5,3245.9,857,4
11536,2025-12-30 15:11:23+05:30,3245.4,93,3251.02,2371060,68152.0,94375.0,3250.0,3267.5,3239.5,3251.5,46143475,3576.6,2926.4,4322.95,2866.6,3245.3,467,8,3245.2,31,1,3245.0,238,4,3244.9,27,1,3244.8,56,2,3245.4,8,1,3245.5,1,1,3245.6,40,4,3245.7,95,5,3245.8,12,1
11536,2025-12-30 15:11:23+05:30,3245.4,93,3251.02,2371060,68152.0,94375.0,3250.0,3267.5,3239.5,3251.5,46143475,3576.6,2926.4,4322.95,2866.6,3245.3,467,8,3245.2,31,1,3245.0,238,4,3244.9,27,1,3244.8,56,2,3245.4,8,1,3245.5,1,1,3245.6,40,4,3245.7,95,5,3245.8,12,1
11536,2025-12-30 15:11:24+05:30,3245.3,85,3251.02,2371183,67770.0,95224.0,3250.0,3267.5,3239.5,3251.5,46143475,3576.6,2926.4,4322.95,2866.6,3245.3,422,11,3245.2,118,1,3244.9,27,1,3244.8,27,1,3244.7,52,3,3245.4,9,1,3245.5,3,2,3245.6,24,4,3245.7,94,4,3245.8,12,1
11536,2025-12-30 15:11:25+05:30,3245.4,5,3251.02,2371209,68056.0,93942.0,3250.0,3267.5,3239.5,3251.5,46143475,3576.6,2926.4,4322.95,2866.6,3245.3,421,11,3245.2,118,1,3244.9,27,1,3244.8,27,1,3244.7,125,3,3245.4,4,1,3245.5,3,2,3245.6,24,4,3245.7,94,4,3245.8,12,1
11536,2025-12-30 15:11:25+05:30,3245.3,16,3251.02,2371209,68056.0,93942.0,3250.0,3267.5,3239.5,3251.5,46143475,3576.6,2926.4,4322.95,2866.6,3245.3,421,11,3245.2,118,1,3244.9,27,1,3244.8,27,1,3244.7,125,3,3245.4,4,1,3245.5,3,2,3245.6,24,4,3245.7,94,4,3245.8,12,1
11536,2025-12-30 15:11:26+05:30,3245.3,9,3251.02,2371439,67675.0,95005.0,3250.0,3267.5,3239.5,3251.5,46143475,3576.6,2926.4,4322.95,2866.6,3245.3,763,12,3245.2,69,1,3244.7,36,2,3244.6,83,5,3244.5,118,2,3245.4,25,3,3245.5,4,3,3245.6,23,3,3245.7,94,4,3245.8,12,1
11536,2025-12-30 15:11:27+05:30,3245.4,3,3251.02,2371647,68412.0,94119.0,3250.0,3267.5,3239.5,3251.5,46143475,3576.6,2926.4,4322.95,2866.6,3245.4,45,1,3245.3,645,12,3245.2,123,2,3244.9,31,1,3244.8,15,1,3245.5,4,3,3245.6,35,4,3245.7,94,4,3245.8,12,1,3245.9,868,5
11536,2025-12-30 15:11:27+05:30,3245.4,1,3251.02,2371647,68412.0,94119.0,3250.0,3267.5,3239.5,3251.5,46143475,3576.6,2926.4,4322.95,2866.6,3245.4,45,1,3245.3,645,12,3245.2,123,2,3244.9,31,1,3244.8,15,1,3245.5,4,3,3245.6,35,4,3245.7,94,4,3245.8,12,1,3245.9,868,5
11536,2025-12-30 15:11:28+05:30,3245.4,5,3251.02,2371683,66623.0,95570.0,3250.0,3267.5,3239.5,3251.5,46143475,3576.6,2926.4,4322.95,2866.6,3245.4,12,4,3245.3,644,11,3245.2,123,2,3244.9,95,2,3244.8,15,1,3245.5,65,5,3245.6,35,4,3245.7,94,4,3245.8,12,1,3245.9,868,5
11536,2025-12-30 15:11:29+05:30,3245.4,1,3251.02,2371825,68371.0,95254.0,3250.0,3267.5,3239.5,3251.5,46143475,3576.6,2926.4,4322.95,2866.6,3245.4,193,3,3245.3,597,10,3245.2,123,2,3244.9,95,2,3244.7,119,2,3245.5,64,4,3245.6,35,4,3245.7,94,4,3245.8,12,1,3245.9,868,5
11536,2025-12-30 15:11:29+05:30,3245.4,1,3251.02,2371825,68371.0,95254.0,3250.0,3267.5,3239.5,3251.5,46143475,3576.6,2926.4,4322.95,2866.6,3245.4,193,3,3245.3,597,10,3245.2,123,2,3244.9,95,2,3244.7,119,2,3245.5,64,4,3245.6,35,4,3245.7,94,4,3245.8,12,1,3245.9,868,5
11536,2025-12-30 15:11:30+05:30,3245.5,1,3251.02,2372595,67642.0,95261.0,3250.0,3267.5,3239.5,3251.5,46143475,3576.6,2926.4,4322.95,2866.6,3245.4,77,6,3245.3,554,5,3245.2,123,2,3245.0,29,1,3244.8,29,1,3245.5,10,5,3245.6,35,4,3245.7,94,4,3245.8,12,1,3245.9,868,5
11536,2025-12-30 15:11:31+05:30,3245.4,4,3251.02,2372595,67642.0,95261.0,3250.0,3267.5,3239.5,3251.5,46143475,3576.6,2926.4,4322.95,2866.6,3245.4,77,6,3245.3,554,5,3245.2,123,2,3245.0,29,1,3244.8,29,1,3245.5,10,5,3245.6,35,4,3245.7,94,4,3245.8,12,1,3245.9,868,5
11536,2025-12-30 15:11:31+05:30,3245.4,4,3251.02,2372714,68548.0,95330.0,3250.0,3267.5,3239.5,3251.5,46143475,3576.6,2926.4,4322.95,2866.6,3245.4,581,4,3245.3,545,5,3245.2,123,2,3245.1,44,2,3244.8,29,1,3245.5,67,8,3245.6,24,4,3245.7,94,4,3245.8,12,1,3245.9,870,6
11536,2025-12-30 15:11:32+05:30,3245.4,1,3251.01,2373817,68354.0,95157.0,3250.0,3267.5,3239.5,3251.5,46143475,3576.6,2926.4,4322.95,2866.6,3245.4,21,3,3245.3,545,5,3245.2,123,2,3245.0,86,2,3244.8,29,1,3245.5,75,9,3245.6,24,4,3245.7,94,4,3245.8,14,2,3245.9,883,6
11536,2025-12-30 15:11:33+05:30,3245.5,1,3251.01,2373817,68354.0,95157.0,3250.0,3267.5,3239.5,3251.5,46143475,3576.6,2926.4,4322.95,2866.6,3245.4,21,3,3245.3,545,5,3245.2,123,2,3245.0,86,2,3244.8,29,1,3245.5,75,9,3245.6,24,4,3245.7,94,4,3245.8,14,2,3245.9,883,6
11536,2025-12-30 15:11:33+05:30,3245.5,1,3251.01,2373864,68444.0,95496.0,3250.0,3267.5,3239.5,3251.5,46143475,3576.6,2926.4,4322.95,2866.6,3245.4,4,1,3245.3,545,5,3245.2,123,2,3245.0,86,2,3244.6,18,2,3245.5,74,8,3245.6,24,4,3245.7,966,7,3245.8,14,2,3245.9,126,5
11536,2025-12-30 15:11:34+05:30,3245.3,49,3251.01,2374278,67473.0,95239.0,3250.0,3267.5,3239.5,3251.5,46143475,3576.6,2926.4,4322.95,2866.6,3245.3,408,3,3245.2,123,2,3245.0,86,2,3244.6,18,2,3244.4,104,3,3245.5,95,7,3245.6,25,1,3245.7,904,6,3245.8,140,7,3245.9,124,5
11536,2025-12-30 15:11:35+05:30,3245.3,16,3251.01,2374278,67473.0,95239.0,3250.0,3267.5,3239.5,3251.5,46143475,3576.6,2926.4,4322.95,2866.6,3245.3,408,3,3245.2,123,2,3245.0,86,2,3244.6,18,2,3244.4,104,3,3245.5,95,7,3245.6,25,1,3245.7,904,6,3245.8,140,7,3245.9,124,5
11536,2025-12-30 15:11:36+05:30,3245.5,9,3251.01,2374325,67842.0,93322.0,3250.0,3267.5,3239.5,3251.5,46143475,3576.6,2926.4,4322.95,2866.6,3245.3,413,6,3245.2,255,3,3245.0,86,2,3244.6,18,2,3244.5,29,1,3245.5,82,8,3245.6,21,2,3245.7,869,4,3245.8,105,4,3245.9,82,3
11536,2025-12-30 15:11:37+05:30,3245.5,9,3251.01,2374375,68077.0,95432.0,3250.0,3267.5,3239.5,3251.5,46143475,3576.6,2926.4,4322.95,2866.6,3245.3,406,7,3245.2,255,3,3245.0,86,2,3244.6,18,2,3244.4,104,3,3245.5,57,7,3245.6,23,3,3245.7,867,3,3245.8,107,4,3245.9,82,3
11536,2025-12-30 15:11:37+05:30,3245.5,9,3251.01,2374375,68077.0,95432.0,3250.0,3267.5,3239.5,3251.5,46143475,3576.6,2926.4,4322.95,2866.6,3245.3,406,7,3245.2,255,3,3245.0,86,2,3244.6,18,2,3244.4,104,3,3245.5,57,7,3245.6,23,3,3245.7,867,3,3245.8,107,4,3245.9,82,3
11536,2025-12-30 15:11:38+05:30,3245.3,30,3251.01,2374405,68081.0,95472.0,3250.0,3267.5,3239.5,3251.5,46143475,3576.6,2926.4,4322.95,2866.6,3245.3,509,9,3245.2,123,2,3245.0,86,2,3244.7,15,1,3244.6,18,2,3245.5,125,8,3245.6,23,3,3245.7,893,4,3245.8,52,2,3245.9,82,3
11536,2025-12-30 15:11:39+05:30,3245.5,5,3251.01,2374720,67385.0,95897.0,3250.0,3267.5,3239.5,3251.5,46143475,3576.6,2926.4,4322.95,2866.6,3245.3,379,9,3245.2,123,2,3245.1,13,1,3245.0,86,2,3244.6,18,2,3245.5,17,3,3245.6,21,2,3245.7,888,4,3245.8,80,3,3245.9,113,4
11536,2025-12-30 15:11:39+05:30,3245.4,78,3251.01,2374720,67385.0,95897.0,3250.0,3267.5,3239.5,3251.5,46143475,3576.6,2926.4,4322.95,2866.6,3245.3,379,9,3245.2,123,2,3245.1,13,1,3245.0,86,2,3244.6,18,2,3245.5,17,3,3245.6,21,2,3245.7,888,4,3245.8,80,3,3245.9,113,4
11536,2025-12-30 15:11:40+05:30,3245.4,417,3251.01,2375622,67466.0,96212.0,3250.0,3267.5,3239.5,3251.5,46143475,3576.6,2926.4,4322.95,2866.6,3245.4,132,1,3245.3,337,13,3245.2,123,2,3245.1,13,1,3245.0,86,2,3245.6,39,4,3245.7,888,4,3245.8,43,2,3245.9,138,4,3246.0,519,4
11536,2025-12-30 15:11:41+05:30,3245.5,15,3251.01,2375723,68176.0,95428.0,3250.0,3267.5,3239.5,3251.5,46143475,3576.6,2926.4,4322.95,2866.6,3245.5,8,1,3245.4,189,5,3245.3,336,12,3245.2,133,3,3245.1,13,1,3245.6,11,2,3245.7,888,4,3245.8,34,3,3245.9,82,3,3246.0,606,6
11536,2025-12-30 15:11:41+05:30,3245.6,1,3251.01,2375723,68176.0,95428.0,3250.0,3267.5,3239.5,3251.5,46143475,3576.6,2926.4,4322.95,2866.6,3245.5,8,1,3245.4,189,5,3245.3,336,12,3245.2,133,3,3245.1,13,1,3245.6,11,2,3245.7,888,4,3245.8,34,3,3245.9,82,3,3246.0,606,6
11536,2025-12-30 15:11:42+05:30,3245.6,3,3251.01,2376040,64809.0,94154.0,3250.0,3267.5,3239.5,3251.5,46143475,3576.6,2926.4,4322.95,2866.6,3245.5,4,1,3245.4,92,3,3245.3,336,12,3245.2,133,3,3245.1,13,1,3245.6,45,6,3245.7,888,4,3245.8,102,4,3245.9,124,6,3246.0,636,6
11536,2025-12-30 15:11:43+05:30,3245.5,1,3251.01,2376049,66667.0,95720.0,3250.0,3267.5,3239.5,3251.5,46143475,3576.6,2926.4,4322.95,2866.6,3245.5,200,7,3245.4,95,3,3245.3,287,9,3245.2,133,3,3245.1,13,1,3245.6,5,2,3245.7,911,5,3245.8,67,5,3245.9,111,5,3246.0,665,7
11536,2025-12-30 15:11:43+05:30,3245.5,1,3251.01,2376049,66667.0,95720.0,3250.0,3267.5,3239.5,3251.5,46143475,3576.6,2926.4,4322.95,2866.6,3245.5,200,7,3245.4,95,3,3245.3,287,9,3245.2,133,3,3245.1,13,1,3245.6,5,2,3245.7,911,5,3245.8,67,5,3245.9,111,5,3246.0,665,7
11536,2025-12-30 15:11:44+05:30,3245.6,12,3251.01,2376476,65938.0,95621.0,3250.0,3267.5,3239.5,3251.5,46143475,3576.6,2926.4,4322.95,2866.6,3245.6,9,1,3245.5,207,10,3245.4,71,1,3245.3,285,7,3245.2,133,3,3245.7,621,2,3245.8,35,2,3245.9,83,4,3246.0,530,6,3246.1,45,2
11536,2025-12-30 15:11:45+05:30,3245.6,9,3251.01,2376476,65938.0,95621.0,3250.0,3267.5,3239.5,3251.5,46143475,3576.6,2926.4,4322.95,2866.6,3245.6,9,1,3245.5,207,10,3245.4,71,1,3245.3,285,7,3245.2,133,3,3245.7,621,2,3245.8,35,2,3245.9,83,4,3246.0,530,6,3246.1,45,2
11536,2025-12-30 15:11:45+05:30,3245.6,9,3251.01,2377218,67731.0,94886.0,3250.0,3267.5,3239.5,3251.5,46143475,3576.6,2926.4,4322.95,2866.6,3245.6,94,9,3245.5,257,6,3245.4,82,2,3245.3,257,6,3245.2,123,2,3245.7,809,7,3245.8,12,1,3245.9,83,4,3246.0,584,5,3246.1,89,4
11536,2025-12-30 15:11:47+05:30,3245.7,8,3251.01,2377587,68285.0,95729.0,3250.0,3267.5,3239.5,3251.5,46143475,3576.6,2926.4,4322.95,2866.6,3245.6,130,6,3245.5,202,4,3245.4,82,2,3245.3,257,6,3245.2,123,2,3245.7,797,8,3245.8,14,3,3245.9,82,3,3246.0,530,5,3246.1,12,1
11536,2025-12-30 15:11:47+05:30,3245.3,1,3251.01,2377587,68285.0,95729.0,3250.0,3267.5,3239.5,3251.5,46143475,3576.6,2926.4,4322.95,2866.6,3245.6,130,6,3245.5,202,4,3245.4,82,2,3245.3,257,6,3245.2,123,2,3245.7,797,8,3245.8,14,3,3245.9,82,3,3246.0,530,5,3246.1,12,1
11536,2025-12-30 15:11:48+05:30,3245.3,1,3251.0,2378845,67921.0,94967.0,3250.0,3267.5,3239.5,3251.5,46143475,3576.6,2926.4,4322.95,2866.6,3245.6,143,2,3245.4,1,1,3245.3,77,3,3245.2,123,2,3245.1,13,1,3245.7,598,8,3245.8,14,3,3245.9,82,3,3246.0,498,4,3246.1,12,1
11536,2025-12-30 15:11:49+05:30,3245.6,4,3251.0,2378958,67839.0,96396.0,3250.0,3267.5,3239.5,3251.5,46143475,3576.6,2926.4,4322.95,2866.6,3245.6,89,6,3245.4,14,2,3245.3,77,3,3245.2,123,2,3245.0,115,3,3245.7,587,7,3245.8,22,3,3245.9,1443,5,3246.0,498,4,3246.1,116,3
11536,2025-12-30 15:11:49+05:30,3245.6,8,3251.0,2378958,67839.0,96396.0,3250.0,3267.5,3239.5,3251.5,46143475,3576.6,2926.4,4322.95,2866.6,3245.6,89,6,3245.4,14,2,3245.3,77,3,3245.2,123,2,3245.0,115,3,3245.7,587,7,3245.8,22,3,3245.9,1443,5,3246.0,498,4,3246.1,116,3
11536,2025-12-30 15:11:50+05:30,3245.6,2,3251.0,2379165,68333.0,95236.0,3250.0,3267.5,3239.5,3251.5,46143475,3576.6,2926.4,4322.95,2866.6,3245.6,121,1,3245.5,77,2,3245.4,14,2,3245.3,77,3,3245.2,152,3,3245.7,586,6,3245.8,22,3,3245.9,1443,5,3246.0,498,4,3246.1,12,1
11536,2025-12-30 15:11:51+05:30,3245.6,1,3251.0,2379815,68039.0,96128.0,3250.0,3267.5,3239.5,3251.5,46143475,3576.6,2926.4,4322.95,2866.6,3245.6,37,2,3245.5,26,1,3245.4,14,2,3245.3,77,3,3245.2,123,2,3245.7,468,7,3245.8,21,2,3245.9,1443,5,3246.0,499,5,3246.1,12,1
11536,2025-12-30 15:11:51+05:30,3245.6,17,3251.0,2379815,68039.0,96128.0,3250.0,3267.5,3239.5,3251.5,46143475,3576.6,2926.4,4322.95,2866.6,3245.6,37,2,3245.5,26,1,3245.4,14,2,3245.3,77,3,3245.2,123,2,3245.7,468,7,3245.8,21,2,3245.9,1443,5,3246.0,499,5,3246.1,12,1
11536,2025-12-30 15:11:52+05:30,3245.7,3,3251.0,2379868,68357.0,96198.0,3250.0,3267.5,3239.5,3251.5,46143475,3576.6,2926.4,4322.95,2866.6,3245.6,124,3,3245.5,16,1,3245.4,45,3,3245.3,77,3,3245.2,123,2,3245.7,471,9,3245.8,21,2,3245.9,1443,5,3246.0,499,5,3246.1,12,1
11536,2025-12-30 15:11:53+05:30,3245.7,1,3251.0,2379898,68287.0,95070.0,3250.0,3267.5,3239.5,3251.5,46143475,3576.6,2926.4,4322.95,2866.6,3245.6,226,6,3245.5,51,2,3245.4,14,2,3245.3,79,4,3245.2,123,2,3245.7,520,10,3245.8,21,2,3245.9,1443,5,3246.0,499,5,3246.1,12,1
11536,2025-12-30 15:11:53+05:30,3245.7,1,3251.0,2379898,68287.0,95070.0,3250.0,3267.5,3239.5,3251.5,46143475,3576.6,2926.4,4322.95,2866.6,3245.6,226,6,3245.5,51,2,3245.4,14,2,3245.3,79,4,3245.2,123,2,3245.7,520,10,3245.8,21,2,3245.9,1443,5,3246.0,499,5,3246.1,12,1
11536,2025-12-30 15:11:54+05:30,3245.7,1,3251.0,2380123,68301.0,96632.0,3250.0,3267.5,3239.5,3251.5,46143475,3576.6,2926.4,4322.95,2866.6,3245.6,55,2,3245.5,35,1,3245.4,14,2,3245.3,77,3,3245.2,123,2,3245.7,496,12,3245.8,9,1,3245.9,1444,6,3246.0,498,4,3246.1,12,1
11536,2025-12-30 15:11:55+05:30,3245.6,1,3251.0,2382120,68098.0,93956.0,3250.0,3267.5,3239.5,3251.5,46143475,3576.6,2926.4,4322.95,2866.6,3245.4,71,5,3245.3,281,5,3245.2,302,6,3245.1,45,2,3245.0,260,6,3245.6,122,3,3245.7,31,5,3245.8,10,2,3245.9,1443,5,3246.0,498,4
11536,2025-12-30 15:11:55+05:30,3245.6,1,3251.0,2382120,68098.0,93956.0,3250.0,3267.5,3239.5,3251.5,46143475,3576.6,2926.4,4322.95,2866.6,3245.4,71,5,3245.3,281,5,3245.2,302,6,3245.1,45,2,3245.0,260,6,3245.6,122,3,3245.7,31,5,3245.8,10,2,3245.9,1443,5,3246.0,498,4
11536,2025-12-30 15:11:55+05:30,3245.6,3,3251.0,2382120,68098.0,93956.0,3250.0,3267.5,3239.5,3251.5,46143475,3576.6,2926.4,4322.95,2866.6,3245.4,71,5,3245.3,281,5,3245.2,302,6,3245.1,45,2,3245.0,260,6,3245.6,122,3,3245.7,31,5,3245.8,10,2,3245.9,1443,5,3246.0,498,4
11536,2025-12-30 15:11:56+05:30,3245.6,9,3251.0,2382357,68611.0,94985.0,3250.0,3267.5,3239.5,3251.5,46143475,3576.6,2926.4,4322.95,2866.6,3245.4,377,6,3245.3,447,6,3245.2,247,6,3245.1,58,3,3245.0,260,6,3245.6,103,2,3245.7,11,5,3245.8,9,1,3245.9,1443,5,3246.0,498,4
11536,2025-12-30 15:11:57+05:30,3245.6,1,3251.0,2382357,68611.0,94985.0,3250.0,3267.5,3239.5,3251.5,46143475,3576.6,2926.4,4322.95,2866.6,3245.4,377,6,3245.3,447,6,3245.2,247,6,3245.1,58,3,3245.0,260,6,3245.6,103,2,3245.7,11,5,3245.8,9,1,3245.9,1443,5,3246.0,498,4
11536,2025-12-30 15:11:57+05:30,3245.4,2,3251.0,2382369,68626.0,95413.0,3250.0,3267.5,3239.5,3251.5,46143475,3576.6,2926.4,4322.95,2866.6,3245.4,368,5,3245.3,455,7,3245.2,247,6,3245.1,45,2,3245.0,260,6,3245.6,138,2,3245.7,11,5,3245.8,9,1,3245.9,1443,5,3246.0,498,4
11536,2025-12-30 15:11:57+05:30,3245.4,2,3251.0,2382369,68626.0,95413.0,3250.0,3267.5,3239.5,3251.5,46143475,3576.6,2926.4,4322.95,2866.6,3245.4,368,5,3245.3,455,7,3245.2,247,6,3245.1,45,2,3245.0,260,6,3245.6,138,2,3245.7,11,5,3245.8,9,1,3245.9,1443,5,3246.0,498,4
11536,2025-12-30 15:11:58+05:30,3245.6,1,3250.99,2383001,68634.0,95473.0,3250.0,3267.5,3239.5,3251.5,46143475,3576.6,2926.4,4322.95,2866.6,3245.5,199,6,3245.4,144,3,3245.3,541,8,3245.2,247,6,3245.1,48,3,3245.6,255,2,3245.7,9,3,3245.9,1443,5,3246.0,498,4,3246.1,12,1
11536,2025-12-30 15:11:59+05:30,3245.6,1,3250.99,2383001,68634.0,95473.0,3250.0,3267.5,3239.5,3251.5,46143475,3576.6,2926.4,4322.95,2866.6,3245.5,199,6,3245.4,144,3,3245.3,541,8,3245.2,247,6,3245.1,48,3,3245.6,255,2,3245.7,9,3,3245.9,1443,5,3246.0,498,4,3246.1,12,1
11536,2025-12-30 15:11:59+05:30,3245.6,1,3250.99,2383001,68634.0,95473.0,3250.0,3267.5,3239.5,3251.5,46143475,3576.6,2926.4,4322.95,2866.6,3245.5,199,6,3245.4,144,3,3245.3,541,8,3245.2,247,6,3245.1,48,3,3245.6,255,2,3245.7,9,3,3245.9,1443,5,3246.0,498,4,3246.1,12,1
11536,2025-12-30 15:11:59+05:30,3245.6,1,3250.99,2383001,68684.0,95188.0,3250.0,3267.5,3239.5,3251.5,46143475,3576.6,2926.4,4322.95,2866.6,3245.5,245,8,3245.4,144,3,3245.3,541,8,3245.2,247,6,3245.1,48,3,3245.6,255,2,3245.7,10,4,3245.9,1443,5,3246.0,498,4,3246.1,12,1
11536,2025-12-30 15:12:00+05:30,3245.6,1,3250.99,2383001,68684.0,95188.0,3250.0,3267.5,3239.5,3251.5,46143475,3576.6,2926.4,4322.95,2866.6,3245.5,245,8,3245.4,144,3,3245.3,541,8,3245.2,247,6,3245.1,48,3,3245.6,255,2,3245.7,10,4,3245.9,1443,5,3246.0,498,4,3246.1,12,1
11536,2025-12-30 15:12:00+05:30,3245.6,37,3250.99,2383774,68573.0,95481.0,3250.0,3267.5,3239.5,3251.5,46143475,3576.6,2926.4,4322.95,2866.6,3245.5,69,1,3245.4,154,4,3245.3,460,8,3245.2,305,6,3245.1,74,3,3245.6,409,10,3245.7,9,3,3245.9,1443,5,3246.0,499,5,3246.1,12,1
11536,2025-12-30 15:12:01+05:30,3245.6,37,3250.99,2383774,68573.0,95481.0,3250.0,3267.5,3239.5,3251.5,46143475,3576.6,2926.4,4322.95,2866.6,3245.5,69,1,3245.4,154,4,3245.3,460,8,3245.2,305,6,3245.1,74,3,3245.6,409,10,3245.7,9,3,3245.9,1443,5,3246.0,499,5,3246.1,12,1
11536,2025-12-30 15:12:01+05:30,3245.5,5,3250.99,2383774,68573.0,95481.0,3250.0,3267.5,3239.5,3251.5,46143475,3576.6,2926.4,4322.95,2866.6,3245.5,69,1,3245.4,154,4,3245.3,460,8,3245.2,305,6,3245.1,74,3,3245.6,409,10,3245.7,9,3,3245.9,1443,5,3246.0,499,5,3246.1,12,1
11536,2025-12-30 15:12:02+05:30,3245.5,15,3250.99,2384262,68637.0,95012.0,3250.0,3267.5,3239.5,3251.5,46143475,3576.6,2926.4,4322.95,2866.6,3245.5,148,4,3245.4,72,3,3245.3,418,5,3245.2,188,4,3245.1,32,1,3245.6,395,12,3245.7,9,3,3245.8,11,1,3245.9,1444,6,3246.0,498,4
11536,2025-12-30 15:12:02+05:30,3245.5,15,3250.99,2384262,68637.0,95012.0,3250.0,3267.5,3239.5,3251.5,46143475,3576.6,2926.4,4322.95,2866.6,3245.5,148,4,3245.4,72,3,3245.3,418,5,3245.2,188,4,3245.1,32,1,3245.6,395,12,3245.7,9,3,3245.8,11,1,3245.9,1444,6,3246.0,498,4
11536,2025-12-30 15:12:03+05:30,3245.5,3,3250.99,2385619,68417.0,96084.0,3250.0,3267.5,3239.5,3251.5,46143475,3576.6,2926.4,4322.95,2866.6,3245.5,409,7,3245.3,246,1,3245.2,106,3,3245.1,13,1,3245.0,143,4,3245.6,370,15,3245.7,1,1,3245.8,11,1,3245.9,1444,6,3246.0,498,4
11536,2025-12-30 15:12:03+05:30,3245.5,3,3250.99,2385619,68417.0,96084.0,3250.0,3267.5,3239.5,3251.5,46143475,3576.6,2926.4,4322.95,2866.6,3245.5,409,7,3245.3,246,1,3245.2,106,3,3245.1,13,1,3245.0,143,4,3245.6,370,15,3245.7,1,1,3245.8,11,1,3245.9,1444,6,3246.0,498,4
11536,2025-12-30 15:12:03+05:30,3245.6,2,3250.99,2385619,68417.0,96084.0,3250.0,3267.5,3239.5,3251.5,46143475,3576.6,2926.4,4322.95,2866.6,3245.5,409,7,3245.3,246,1,3245.2,106,3,3245.1,13,1,3245.0,143,4,3245.6,370,15,3245.7,1,1,3245.8,11,1,3245.9,1444,6,3246.0,498,4
11536,2025-12-30 15:12:04+05:30,3245.5,30,3250.99,2385716,68639.0,96399.0,3250.0,3267.5,3239.5,3251.5,46143475,3576.6,2926.4,4322.95,2866.6,3245.5,355,8,3245.4,134,1,3245.3,254,2,3245.2,106,3,3245.1,13,1,3245.6,372,15,3245.7,1,1,3245.8,1,1,3245.9,1443,5,3246.0,498,4
11536,2025-12-30 15:12:04+05:30,3245.5,30,3250.99,2385716,68639.0,96399.0,3250.0,3267.5,3239.5,3251.5,46143475,3576.6,2926.4,4322.95,2866.6,3245.5,355,8,3245.4,134,1,3245.3,254,2,3245.2,106,3,3245.1,13,1,3245.6,372,15,3245.7,1,1,3245.8,1,1,3245.9,1443,5,3246.0,498,4
11536,2025-12-30 15:12:05+05:30,3245.6,1,3250.99,2385957,68677.0,95233.0,3250.0,3267.5,3239.5,3251.5,46143475,3576.6,2926.4,4322.95,2866.6,3245.5,475,10,3245.4,134,1,3245.3,246,1,3245.2,75,2,3245.1,26,2,3245.6,401,17,3245.8,1,1,3245.9,1443,5,3246.0,498,4,3246.1,12,1
11536,2025-12-30 15:12:05+05:30,3245.6,1,3250.99,2385957,68677.0,95233.0,3250.0,3267.5,3239.5,3251.5,46143475,3576.6,2926.4,4322.95,2866.6,3245.5,475,10,3245.4,134,1,3245.3,246,1,3245.2,75,2,3245.1,26,2,3245.6,401,17,3245.8,1,1,3245.9,1443,5,3246.0,498,4,3246.1,12,1
11536,2025-12-30 15:12:05+05:30,3245.5,4,3250.99,2385957,68677.0,95233.0,3250.0,3267.5,3239.5,3251.5,46143475,3576.6,2926.4,4322.95,2866.6,3245.5,475,10,3245.4,134,1,3245.3,246,1,3245.2,75,2,3245.1,26,2,3245.6,401,17,3245.8,1,1,3245.9,1443,5,3246.0,498,4,3246.1,12,1
11536,2025-12-30 15:12:06+05:30,3245.5,4,3250.99,2385957,68677.0,95233.0,3250.0,3267.5,3239.5,3251.5,46143475,3576.6,2926.4,4322.95,2866.6,3245.5,475,10,3245.4,134,1,3245.3,246,1,3245.2,75,2,3245.1,26,2,3245.6,401,17,3245.8,1,1,3245.9,1443,5,3246.0,498,4,3246.1,12,1
11536,2025-12-30 15:12:06+05:30,3245.6,1,3250.98,2388459,68335.0,95833.0,3250.0,3267.5,3239.5,3251.5,46143475,3576.6,2926.4,4322.95,2866.6,3245.6,123,2,3245.5,88,3,3245.4,91,3,3245.3,277,2,3245.2,138,4,3245.8,12,1,3245.9,1447,5,3246.0,487,4,3246.1,23,2,3246.2,22,2
11536,2025-12-30 15:12:06+05:30,3245.6,1,3250.98,2388459,68335.0,95833.0,3250.0,3267.5,3239.5,3251.5,46143475,3576.6,2926.4,4322.95,2866.6,3245.6,123,2,3245.5,88,3,3245.4,91,3,3245.3,277,2,3245.2,138,4,3245.8,12,1,3245.9,1447,5,3246.0,487,4,3246.1,23,2,3246.2,22,2
11536,2025-12-30 15:12:07+05:30,3245.8,1,3250.98,2388660,69080.0,95431.0,3250.0,3267.5,3239.5,3251.5,46143475,3576.6,2926.4,4322.95,2866.6,3245.8,151,1,3245.6,336,6,3245.5,228,4,3245.4,58,2,3245.3,363,3,3245.9,1426,6,3246.0,475,2,3246.1,23,2,3246.2,22,2,3246.3,23,2
11536,2025-12-30 15:12:07+05:30,3245.8,10,3250.98,2388660,69080.0,95431.0,3250.0,3267.5,3239.5,3251.5,46143475,3576.6,2926.4,4322.95,2866.6,3245.8,151,1,3245.6,336,6,3245.5,228,4,3245.4,58,2,3245.3,363,3,3245.9,1426,6,3246.0,475,2,3246.1,23,2,3246.2,22,2,3246.3,23,2
11536,2025-12-30 15:12:08+05:30,3245.8,10,3250.98,2388660,69080.0,95431.0,3250.0,3267.5,3239.5,3251.5,46143475,3576.6,2926.4,4322.95,2866.6,3245.8,141,1,3245.6,336,6,3245.5,190,5,3245.4,58,2,3245.3,363,3,3245.9,1041,5,3246.0,475,2,3246.1,23,2,3246.2,22,2,3246.3,23,2
11536,2025-12-30 15:12:08+05:30,3245.9,1,3250.98,2389080,69727.0,94564.0,3250.0,3267.5,3239.5,3251.5,46143475,3576.6,2926.4,4322.95,2866.6,3245.8,141,1,3245.6,336,6,3245.5,190,5,3245.4,58,2,3245.3,363,3,3245.9,1041,5,3246.0,475,2,3246.1,23,2,3246.2,22,2,3246.3,23,2
11536,2025-12-30 15:12:08+05:30,3245.8,175,3250.98,2389080,69727.0,94564.0,3250.0,3267.5,3239.5,3251.5,46143475,3576.6,2926.4,4322.95,2866.6,3245.8,141,1,3245.6,336,6,3245.5,190,5,3245.4,58,2,3245.3,363,3,3245.9,1041,5,3246.0,475,2,3246.1,23,2,3246.2,22,2,3246.3,23,2
11536,2025-12-30 15:12:09+05:30,3245.8,175,3250.97,2392130,68284.0,93020.0,3250.0,3267.5,3239.5,3251.5,46143475,3576.6,2926.4,4322.95,2866.6,3245.6,6,1,3245.4,109,5,3245.3,159,2,3245.2,282,5,3245.1,185,5,3245.8,348,3,3245.9,97,1,3246.0,344,3,3246.1,23,2,3246.2,22,2
11536,2025-12-30 15:12:09+05:30,3245.8,175,3250.97,2392130,68284.0,93020.0,3250.0,3267.5,3239.5,3251.5,46143475,3576.6,2926.4,4322.95,2866.6,3245.6,6,1,3245.4,109,5,3245.3,159,2,3245.2,282,5,3245.1,185,5,3245.8,348,3,3245.9,97,1,3246.0,344,3,3246.1,23,2,3246.2,22,2
11536,2025-12-30 15:12:10+05:30,3245.8,35,3250.97,2392513,69359.0,92260.0,3250.0,3267.5,3239.5,3251.5,46143475,3576.6,2926.4,4322.95,2866.6,3245.8,42,1,3245.6,98,8,3245.5,191,3,3245.4,278,5,3245.3,245,3,3245.9,97,1,3246.0,344,3,3246.1,23,2,3246.2,22,2,3246.3,23,2
11536,2025-12-30 15:12:10+05:30,3245.8,25,3250.97,2392513,69359.0,92260.0,3250.0,3267.5,3239.5,3251.5,46143475,3576.6,2926.4,4322.95,2866.6,3245.8,42,1,3245.6,98,8,3245.5,191,3,3245.4,278,5,3245.3,245,3,3245.9,97,1,3246.0,344,3,3246.1,23,2,3246.2,22,2,3246.3,23,2
11536,2025-12-30 15:12:11+05:30,3245.8,10,3250.97,2393148,68640.0,90464.0,3250.0,3267.5,3239.5,3251.5,46143475,3576.6,2926.4,4322.95,2866.6,3245.7,208,3,3245.6,57,1,3245.5,75,2,3245.4,62,2,3245.3,141,2,3245.8,36,3,3245.9,1,1,3246.0,560,6,3246.1,23,2,3246.2,23,3
11536,2025-12-30 15:12:11+05:30,3245.8,10,3250.97,2393148,68640.0,90464.0,3250.0,3267.5,3239.5,3251.5,46143475,3576.6,2926.4,4322.95,2866.6,3245.7,208,3,3245.6,57,1,3245.5,75,2,3245.4,62,2,3245.3,141,2,3245.8,36,3,3245.9,1,1,3246.0,560,6,3246.1,23,2,3246.2,23,3
11536,2025-12-30 15:12:12+05:30,3245.7,30,3250.97,2393281,68870.0,93196.0,3250.0,3267.5,3239.5,3251.5,46143475,3576.6,2926.4,4322.95,2866.6,3245.7,412,8,3245.6,160,3,3245.5,104,3,3245.4,93,3,3245.3,173,3,3245.8,43,2,3245.9,1,1,3246.0,560,6,3246.1,24,3,3246.2,22,2
11536,2025-12-30 15:12:12+05:30,3245.8,5,3250.97,2393281,68870.0,93196.0,3250.0,3267.5,3239.5,3251.5,46143475,3576.6,2926.4,4322.95,2866.6,3245.7,412,8,3245.6,160,3,3245.5,104,3,3245.4,93,3,3245.3,173,3,3245.8,43,2,3245.9,1,1,3246.0,560,6,3246.1,24,3,3246.2,22,2
11536,2025-12-30 15:12:13+05:30,3245.8,5,3250.97,2393281,68870.0,93196.0,3250.0,3267.5,3239.5,3251.5,46143475,3576.6,2926.4,4322.95,2866.6,3245.7,412,8,3245.6,160,3,3245.5,104,3,3245.4,93,3,3245.3,173,3,3245.8,43,2,3245.9,1,1,3246.0,560,6,3246.1,24,3,3246.2,22,2
11536,2025-12-30 15:12:13+05:30,3246.0,136,3250.97,2393531,69661.0,92286.0,3250.0,3267.5,3239.5,3251.5,46143475,3576.6,2926.4,4322.95,2866.6,3245.8,203,3,3245.7,324,7,3245.6,222,5,3245.5,147,3,3245.4,71,3,3246.0,424,6,3246.1,23,2,3246.2,22,2,3246.3,24,3,3246.7,52,1
11536,2025-12-30 15:12:14+05:30,3245.9,76,3250.97,2393803,69652.0,92827.0,3250.0,3267.5,3239.5,3251.5,46143475,3576.6,2926.4,4322.95,2866.6,3245.9,99,1,3245.8,371,5,3245.7,160,7,3245.6,190,4,3245.5,160,4,3246.0,439,7,3246.1,23,2,3246.2,23,3,3246.3,23,2,3247.0,54,7
11536,2025-12-30 15:12:14+05:30,3245.9,76,3250.97,2393803,69652.0,92827.0,3250.0,3267.5,3239.5,3251.5,46143475,3576.6,2926.4,4322.95,2866.6,3245.9,99,1,3245.8,371,5,3245.7,160,7,3245.6,190,4,3245.5,160,4,3246.0,439,7,3246.1,23,2,3246.2,23,3,3246.3,23,2,3247.0,54,7
11536,2025-12-30 15:12:14+05:30,3246.0,1,3250.97,2393803,69652.0,92827.0,3250.0,3267.5,3239.5,3251.5,46143475,3576.6,2926.4,4322.95,2866.6,3245.9,99,1,3245.8,371,5,3245.7,160,7,3245.6,190,4,3245.5,160,4,3246.0,439,7,3246.1,23,2,3246.2,23,3,3246.3,23,2,3247.0,54,7
11536,2025-12-30 15:12:15+05:30,3246.0,9,3250.97,2395384,69903.0,91308.0,3250.0,3267.5,3239.5,3251.5,46143475,3576.6,2926.4,4322.95,2866.6,3245.9,359,7,3245.8,422,4,3245.7,261,7,3245.6,159,3,3245.5,121,3,3246.0,257,2,3246.1,23,2,3246.2,23,3,3246.3,23,2,3247.0,54,7
11536,2025-12-30 15:12:15+05:30,3246.0,9,3250.97,2395384,69903.0,91308.0,3250.0,3267.5,3239.5,3251.5,46228875,3576.6,2926.4,4322.95,2866.6,3245.9,359,7,3245.8,422,4,3245.7,261,7,3245.6,159,3,3245.5,121,3,3246.0,257,2,3246.1,23,2,3246.2,23,3,3246.3,23,2,3247.0,54,7
11536,2025-12-30 15:12:16+05:30,3245.9,8,3250.97,2395483,69818.0,92033.0,3250.0,3267.5,3239.5,3251.5,46228875,3576.6,2926.4,4322.95,2866.6,3245.9,380,11,3245.8,425,5,3245.7,182,4,3245.6,159,3,3245.5,104,3,3246.0,255,4,3246.1,24,3,3246.2,22,2,3246.3,23,2,3246.9,27,1
11536,2025-12-30 15:12:16+05:30,3246.0,2,3250.97,2395483,69818.0,92033.0,3250.0,3267.5,3239.5,3251.5,46228875,3576.6,2926.4,4322.95,2866.6,3245.9,380,11,3245.8,425,5,3245.7,182,4,3245.6,159,3,3245.5,104,3,3246.0,255,4,3246.1,24,3,3246.2,22,2,3246.3,23,2,3246.9,27,1
11536,2025-12-30 15:12:17+05:30,3245.8,75,3250.96,2396552,68048.0,92746.0,3250.0,3267.5,3239.5,3251.5,46228875,3576.6,2926.4,4322.95,2866.6,3245.8,187,2,3245.7,224,5,3245.6,132,3,3245.5,1,1,3245.4,29,1,3246.0,278,5,3246.1,13,2,3246.2,22,2,3246.3,35,3,3246.9,147,4
11536,2025-12-30 15:12:18+05:30,3245.8,75,3250.96,2396552,68048.0,92746.0,3250.0,3267.5,3239.5,3251.5,46228875,3576.6,2926.4,4322.95,2866.6,3245.8,187,2,3245.7,224,5,3245.6,132,3,3245.5,1,1,3245.4,29,1,3246.0,278,5,3246.1,13,2,3246.2,22,2,3246.3,35,3,3246.9,147,4
11536,2025-12-30 15:12:18+05:30,3245.9,39,3250.96,2396780,68214.0,93266.0,3250.0,3267.5,3239.5,3251.5,46228875,3576.6,2926.4,4322.95,2866.6,3245.9,20,1,3245.8,234,3,3245.7,225,6,3245.6,129,2,3245.5,3,1,3246.0,293,8,3246.1,12,1,3246.2,22,2,3246.3,35,3,3246.9,178,4
11536,2025-12-30 15:12:18+05:30,3245.9,39,3250.96,2396780,68214.0,93266.0,3250.0,3267.5,3239.5,3251.5,46228875,3576.6,2926.4,4322.95,2866.6,3245.9,20,1,3245.8,234,3,3245.7,225,6,3245.6,129,2,3245.5,3,1,3246.0,293,8,3246.1,12,1,3246.2,22,2,3246.3,35,3,3246.9,178,4
11536,2025-12-30 15:12:19+05:30,3245.9,2,3250.96,2396816,68265.0,92263.0,3250.0,3267.5,3239.5,3251.5,46228875,3576.6,2926.4,4322.95,2866.6,3245.9,49,6,3245.8,322,4,3245.7,228,7,3245.6,129,2,3245.4,28,1,3246.0,287,5,3246.2,11,1,3246.3,35,3,3246.5,13,1,3246.6,12,1
11536,2025-12-30 15:12:20+05:30,3245.9,96,3250.96,2396816,68265.0,92263.0,3250.0,3267.5,3239.5,3251.5,46228875,3576.6,2926.4,4322.95,2866.6,3245.9,49,6,3245.8,322,4,3245.7,228,7,3245.6,129,2,3245.4,28,1,3246.0,287,5,3246.2,11,1,3246.3,35,3,3246.5,13,1,3246.6,12,1
11536,2025-12-30 15:12:21+05:30,3245.9,1,3250.96,2397423,68467.0,92609.0,3250.0,3267.5,3239.5,3251.5,46228875,3576.6,2926.4,4322.95,2866.6,3245.8,409,6,3245.7,279,7,3245.6,159,3,3245.4,29,1,3245.2,121,6,3245.9,218,7,3246.0,33,4,3246.1,16,2,3246.2,11,1,3246.3,37,4
11536,2025-12-30 15:12:22+05:30,3245.9,1,3250.96,2397794,68217.0,93209.0,3250.0,3267.5,3239.5,3251.5,46228875,3576.6,2926.4,4322.95,2866.6,3245.8,268,4,3245.7,340,8,3245.6,159,3,3245.5,30,2,3245.4,29,1,3245.9,309,5,3246.0,19,3,3246.1,16,2,3246.2,13,2,3246.3,35,3
11536,2025-12-30 15:12:22+05:30,3245.8,13,3250.96,2397794,68217.0,93209.0,3250.0,3267.5,3239.5,3251.5,46228875,3576.6,2926.4,4322.95,2866.6,3245.8,268,4,3245.7,340,8,3245.6,159,3,3245.5,30,2,3245.4,29,1,3245.9,309,5,3246.0,19,3,3246.1,16,2,3246.2,13,2,3246.3,35,3
11536,2025-12-30 15:12:23+05:30,3245.8,7,3250.96,2398336,68773.0,92655.0,3250.0,3267.5,3239.5,3251.5,46228875,3576.6,2926.4,4322.95,2866.6,3245.8,321,3,3245.7,340,8,3245.6,190,4,3245.5,121,4,3245.4,31,1,3245.9,267,4,3246.0,19,3,3246.1,16,2,3246.2,13,2,3246.3,35,3
11536,2025-12-30 15:12:24+05:30,3245.8,14,3250.96,2398351,68806.0,92653.0,3250.0,3267.5,3239.5,3251.5,46228875,3576.6,2926.4,4322.95,2866.6,3245.8,307,4,3245.7,340,8,3245.6,159,3,3245.5,90,3,3245.4,31,1,3245.9,272,4,3246.0,12,2,3246.1,16,2,3246.2,13,2,3246.3,35,3
11536,2025-12-30 15:12:24+05:30,3245.9,1,3250.96,2398351,68806.0,92653.0,3250.0,3267.5,3239.5,3251.5,46228875,3576.6,2926.4,4322.95,2866.6,3245.8,307,4,3245.7,340,8,3245.6,159,3,3245.5,90,3,3245.4,31,1,3245.9,272,4,3246.0,12,2,3246.1,16,2,3246.2,13,2,3246.3,35,3
11536,2025-12-30 15:12:25+05:30,3245.9,1,3250.95,2403886,68205.0,91951.0,3250.0,3267.5,3239.5,3251.5,46228875,3576.6,2926.4,4322.95,2866.6,3245.7,173,1,3245.2,65,3,3245.1,224,3,3245.0,92,4,3244.9,449,6,3245.9,169,2,3246.0,12,2,3246.1,26,3,3246.2,11,1,3246.3,35,3
11536,2025-12-30 15:12:26+05:30,3245.8,15,3250.95,2403975,68353.0,91032.0,3250.0,3267.5,3239.5,3251.5,46228875,3576.6,2926.4,4322.95,2866.6,3245.8,111,1,3245.7,134,3,3245.5,1,1,3245.4,64,2,3245.3,29,1,3245.9,163,4,3246.0,12,2,3246.1,26,3,3246.2,11,1,3246.3,35,3
11536,2025-12-30 15:12:26+05:30,3245.9,9,3250.95,2403975,68353.0,91032.0,3250.0,3267.5,3239.5,3251.5,46228875,3576.6,2926.4,4322.95,2866.6,3245.8,111,1,3245.7,134,3,3245.5,1,1,3245.4,64,2,3245.3,29,1,3245.9,163,4,3246.0,12,2,3246.1,26,3,3246.2,11,1,3246.3,35,3
11536,2025-12-30 15:12:27+05:30,3245.9,9,3250.95,2404182,67949.0,91120.0,3250.0,3267.5,3239.5,3251.5,46228875,3576.6,2926.4,4322.95,2866.6,3245.8,8,1,3245.7,206,5,3245.6,30,1,3245.2,30,2,3245.1,206,2,3245.9,187,8,3246.0,12,2,3246.1,9,1,3246.2,11,1,3246.3,35,3
11536,2025-12-30 15:12:28+05:30,3245.9,1,3250.95,2404234,67904.0,92522.0,3250.0,3267.5,3239.5,3251.5,46228875,3576.6,2926.4,4322.95,2866.6,3245.8,10,2,3245.7,206,5,3245.3,1,1,3245.1,175,1,3245.0,344,3,3245.9,193,9,3246.0,13,3,3246.1,64,2,3246.2,11,1,3246.3,35,3
11536,2025-12-30 15:12:28+05:30,3245.9,1,3250.95,2404234,67904.0,92522.0,3250.0,3267.5,3239.5,3251.5,46228875,3576.6,2926.4,4322.95,2866.6,3245.8,10,2,3245.7,206,5,3245.3,1,1,3245.1,175,1,3245.0,344,3,3245.9,193,9,3246.0,13,3,3246.1,64,2,3246.2,11,1,3246.3,35,3
11536,2025-12-30 15:12:29+05:30,3245.8,1,3250.95,2404275,67308.0,92621.0,3250.0,3267.5,3239.5,3251.5,46228875,3576.6,2926.4,4322.95,2866.6,3245.8,37,5,3245.7,204,3,3245.2,1,1,3245.1,175,1,3245.0,427,3,3245.9,192,9,3246.0,37,4,3246.2,55,3,3246.3,35,3,3246.4,43,2
11536,2025-12-30 15:12:30+05:30,3245.7,1,3250.95,2404583,67143.0,92636.0,3250.0,3267.5,3239.5,3251.5,46228875,3576.6,2926.4,4322.95,2866.6,3245.7,16,2,3245.1,175,1,3245.0,5,1,3244.9,1,1,3244.8,192,3,3245.8,114,9,3245.9,89,10,3246.0,1,1,3246.1,19,1,3246.2,86,4
11536,2025-12-30 15:12:30+05:30,3245.7,1,3250.95,2404583,67143.0,92636.0,3250.0,3267.5,3239.5,3251.5,46228875,3576.6,2926.4,4322.95,2866.6,3245.7,16,2,3245.1,175,1,3245.0,5,1,3244.9,1,1,3244.8,192,3,3245.8,114,9,3245.9,89,10,3246.0,1,1,3246.1,19,1,3246.2,86,4
11536,2025-12-30 15:12:31+05:30,3245.7,63,3250.95,2404855,65905.0,92073.0,3250.0,3267.5,3239.5,3251.5,46228875,3576.6,2926.4,4322.95,2866.6,3245.1,194,2,3245.0,23,2,3244.9,19,1,3244.8,20,2,3244.7,19,1,3245.8,236,14,3245.9,86,11,3246.0,78,4,3246.1,104,4,3246.2,130,5
11536,2025-12-30 15:12:32+05:30,3245.1,2,3250.94,2406387,66165.0,93516.0,3250.0,3267.5,3239.5,3251.5,46228875,3576.6,2926.4,4322.95,2866.6,3245.1,43,5,3245.0,44,3,3244.9,38,2,3244.8,20,2,3244.7,19,1,3245.6,64,5,3245.7,45,4,3245.8,226,12,3245.9,62,9,3246.0,74,4
11536,2025-12-30 15:12:32+05:30,3245.1,2,3250.94,2406387,66165.0,93516.0,3250.0,3267.5,3239.5,3251.5,46228875,3576.6,2926.4,4322.95,2866.6,3245.1,43,5,3245.0,44,3,3244.9,38,2,3244.8,20,2,3244.7,19,1,3245.6,64,5,3245.7,45,4,3245.8,226,12,3245.9,62,9,3246.0,74,4
11536,2025-12-30 15:12:33+05:30,3245.1,1,3250.94,2406450,66282.0,93051.0,3250.0,3267.5,3239.5,3251.5,46228875,3576.6,2926.4,4322.95,2866.6,3245.1,116,6,3245.0,44,3,3244.9,38,2,3244.8,20,2,3244.7,19,1,3245.6,93,5,3245.7,45,4,3245.8,182,9,3245.9,62,9,3246.0,63,2
11536,2025-12-30 15:12:34+05:30,3245.1,1,3250.94,2406450,66282.0,93051.0,3250.0,3267.5,3239.5,3251.5,46228875,3576.6,2926.4,4322.95,2866.6,3245.1,116,6,3245.0,44,3,3244.9,38,2,3244.8,20,2,3244.7,19,1,3245.6,93,5,3245.7,45,4,3245.8,182,9,3245.9,62,9,3246.0,63,2
11536,2025-12-30 15:12:34+05:30,3245.6,5,3250.94,2406909,66529.0,92158.0,3250.0,3267.5,3239.5,3251.5,46228875,3576.6,2926.4,4322.95,2866.6,3245.1,28,4,3245.0,44,3,3244.9,38,2,3244.8,20,2,3244.7,19,1,3245.6,66,5,3245.7,34,3,3245.8,240,11,3245.9,98,8,3246.0,95,3
11536,2025-12-30 15:12:36+05:30,3245.6,1,3250.94,2406967,65726.0,93433.0,3250.0,3267.5,3239.5,3251.5,46228875,3576.6,2926.4,4322.95,2866.6,3245.1,241,6,3245.0,44,3,3244.9,38,2,3244.8,20,2,3244.7,19,1,3245.6,349,8,3245.7,9,2,3245.8,239,10,3245.9,47,5,3246.0,95,3
11536,2025-12-30 15:12:36+05:30,3245.6,7,3250.94,2406967,65726.0,93433.0,3250.0,3267.5,3239.5,3251.5,46228875,3576.6,2926.4,4322.95,2866.6,3245.1,241,6,3245.0,44,3,3244.9,38,2,3244.8,20,2,3244.7,19,1,3245.6,349,8,3245.7,9,2,3245.8,239,10,3245.9,47,5,3246.0,95,3
11536,2025-12-30 15:12:37+05:30,3245.6,7,3250.94,2407017,67000.0,93109.0,3250.0,3267.5,3239.5,3251.5,46228875,3576.6,2926.4,4322.95,2866.6,3245.1,264,8,3245.0,44,3,3244.9,38,2,3244.8,20,2,3244.7,19,1,3245.6,393,10,3245.7,38,4,3245.8,257,10,3245.9,68,6,3246.0,95,3
11536,2025-12-30 15:12:38+05:30,3245.1,31,3250.94,2407223,67215.0,92840.0,3250.0,3267.5,3239.5,3251.5,46228875,3576.6,2926.4,4322.95,2866.6,3245.1,278,9,3245.0,44,3,3244.9,38,2,3244.8,20,2,3244.7,213,3,3245.3,10,3,3245.4,1,1,3245.6,273,9,3245.7,33,1,3245.8,102,4
11536,2025-12-30 15:12:38+05:30,3245.2,2,3250.94,2407223,67215.0,92840.0,3250.0,3267.5,3239.5,3251.5,46228875,3576.6,2926.4,4322.95,2866.6,3245.1,278,9,3245.0,44,3,3244.9,38,2,3244.8,20,2,3244.7,213,3,3245.3,10,3,3245.4,1,1,3245.6,273,9,3245.7,33,1,3245.8,102,4
11536,2025-12-30 15:12:39+05:30,3245.3,7,3250.94,2407645,67570.0,93494.0,3250.0,3267.5,3239.5,3251.5,46228875,3576.6,2926.4,4322.95,2866.6,3245.2,13,1,3245.1,238,12,3245.0,44,3,3244.9,38,2,3244.8,39,3,3245.3,4,2,3245.4,11,1,3245.5,11,1,3245.6,303,10,3245.7,43,2
11536,2025-12-30 15:12:40+05:30,3245.2,12,3250.94,2408033,67003.0,93496.0,3250.0,3267.5,3239.5,3251.5,46228875,3576.6,2926.4,4322.95,2866.6,3245.1,378,13,3245.0,44,3,3244.9,38,2,3244.8,194,2,3244.7,19,1,3245.2,30,2,3245.3,11,3,3245.4,8,1,3245.5,11,1,3245.6,275,10
11536,2025-12-30 15:12:40+05:30,3245.1,3,3250.94,2408033,67003.0,93496.0,3250.0,3267.5,3239.5,3251.5,46228875,3576.6,2926.4,4322.95,2866.6,3245.1,378,13,3245.0,44,3,3244.9,38,2,3244.8,194,2,3244.7,19,1,3245.2,30,2,3245.3,11,3,3245.4,8,1,3245.5,11,1,3245.6,275,10
11536,2025-12-30 15:12:41+05:30,3245.3,52,3250.94,2408954,67666.0,93005.0,3250.0,3267.5,3239.5,3251.5,46228875,3576.6,2926.4,4322.95,2866.6,3245.3,99,1,3245.1,299,9,3245.0,44,3,3244.9,38,2,3244.8,98,3,3245.4,11,1,3245.5,11,1,3245.6,278,11,3245.7,12,1,3246.1,34,1
11536,2025-12-30 15:12:42+05:30,3245.4,1,3250.93,2409330,67642.0,90679.0,3250.0,3267.5,3239.5,3251.5,46228875,3576.6,2926.4,4322.95,2866.6,3245.4,42,2,3245.3,175,2,3245.2,40,1,3245.1,261,5,3245.0,44,3,3245.5,7,1,3245.6,272,9,3245.7,12,1,3245.8,24,3,3245.9,21,2
11536,2025-12-30 15:12:42+05:30,3245.5,1,3250.93,2409330,67642.0,90679.0,3250.0,3267.5,3239.5,3251.5,46228875,3576.6,2926.4,4322.95,2866.6,3245.4,42,2,3245.3,175,2,3245.2,40,1,3245.1,261,5,3245.0,44,3,3245.5,7,1,3245.6,272,9,3245.7,12,1,3245.8,24,3,3245.9,21,2
11536,2025-12-30 15:12:43+05:30,3245.6,52,3250.93,2409437,67881.0,92886.0,3250.0,3267.5,3239.5,3251.5,46228875,3576.6,2926.4,4322.95,2866.6,3245.5,53,1,3245.4,73,4,3245.3,264,4,3245.2,40,1,3245.1,323,6,3245.6,220,9,3245.7,12,1,3245.8,23,2,3245.9,22,3,3246.1,13,1
11536,2025-12-30 15:12:44+05:30,3245.6,87,3250.93,2409799,67562.0,93415.0,3250.0,3267.5,3239.5,3251.5,46228875,3576.6,2926.4,4322.95,2866.6,3245.5,132,4,3245.4,214,3,3245.3,4,2,3245.2,40,1,3245.1,182,5,3245.6,317,9,3245.7,12,1,3245.8,24,3,3245.9,21,2,3246.1,13,1
11536,2025-12-30 15:12:44+05:30,3245.6,87,3250.93,2409799,67562.0,93415.0,3250.0,3267.5,3239.5,3251.5,46228875,3576.6,2926.4,4322.95,2866.6,3245.5,132,4,3245.4,214,3,3245.3,4,2,3245.2,40,1,3245.1,182,5,3245.6,317,9,3245.7,12,1,3245.8,24,3,3245.9,21,2,3246.1,13,1
11536,2025-12-30 15:12:45+05:30,3245.5,1,3250.93,2412584,68086.0,91337.0,3250.0,3267.5,3239.5,3251.5,46228875,3576.6,2926.4,4322.95,2866.6,3245.4,289,7,3245.3,30,2,3245.2,165,4,3245.1,176,4,3245.0,75,5,3245.5,46,2,3245.7,1,1,3245.8,23,2,3245.9,32,3,3246.1,13,1
11536,2025-12-30 15:12:46+05:30,3245.5,8,3250.93,2412584,68086.0,91337.0,3250.0,3267.5,3239.5,3251.5,46228875,3576.6,2926.4,4322.95,2866.6,3245.4,289,7,3245.3,30,2,3245.2,165,4,3245.1,176,4,3245.0,75,5,3245.5,46,2,3245.7,1,1,3245.8,23,2,3245.9,32,3,3246.1,13,1
11536,2025-12-30 15:12:46+05:30,3245.8,5,3250.93,2412956,68451.0,92768.0,3250.0,3267.5,3239.5,3251.5,46228875,3576.6,2926.4,4322.95,2866.6,3245.4,520,4,3245.3,30,2,3245.2,167,3,3245.1,147,3,3245.0,73,5,3245.8,18,2,3245.9,32,3,3246.1,13,1,3246.5,3,2,3246.6,31,1
11536,2025-12-30 15:12:48+05:30,3245.4,3,3250.92,2414025,68023.0,92906.0,3250.0,3267.5,3239.5,3251.5,46228875,3576.6,2926.4,4322.95,2866.6,3245.4,171,1,3245.2,10,1,3245.1,172,4,3245.0,103,6,3244.9,157,5,3245.8,17,2,3245.9,21,2,3246.1,13,1,3246.5,14,3,3246.6,117,2
11536,2025-12-30 15:12:48+05:30,3245.4,39,3250.92,2414025,68023.0,92906.0,3250.0,3267.5,3239.5,3251.5,46228875,3576.6,2926.4,4322.95,2866.6,3245.4,171,1,3245.2,10,1,3245.1,172,4,3245.0,103,6,3244.9,157,5,3245.8,17,2,3245.9,21,2,3246.1,13,1,3246.5,14,3,3246.6,117,2
11536,2025-12-30 15:12:49+05:30,3245.4,39,3250.92,2414095,67954.0,92920.0,3250.0,3267.5,3239.5,3251.5,46228875,3576.6,2926.4,4322.95,2866.6,3245.4,155,5,3245.3,7,1,3245.2,10,1,3245.1,213,4,3245.0,103,6,3245.8,31,3,3245.9,21,2,3246.1,13,1,3246.5,14,3,3246.6,117,2
11536,2025-12-30 15:12:50+05:30,3245.8,30,3250.92,2414170,67901.0,90644.0,3250.0,3267.5,3239.5,3251.5,46228875,3576.6,2926.4,4322.95,2866.6,3245.8,101,1,3245.7,7,1,3245.4,185,7,3245.2,39,2,3245.1,213,4,3245.9,21,2,3246.1,13,1,3246.5,46,4,3246.8,121,3,3247.0,762,14
11536,2025-12-30 15:12:50+05:30,3245.4,10,3250.92,2414170,67901.0,90644.0,3250.0,3267.5,3239.5,3251.5,46228875,3576.6,2926.4,4322.95,2866.6,3245.8,101,1,3245.7,7,1,3245.4,185,7,3245.2,39,2,3245.1,213,4,3245.9,21,2,3246.1,13,1,3246.5,46,4,3246.8,121,3,3247.0,762,14
11536,2025-12-30 15:12:51+05:30,3245.8,39,3250.92,2414546,67677.0,90587.0,3250.0,3267.5,3239.5,3251.5,46228875,3576.6,2926.4,4322.95,2866.6,3245.6,20,1,3245.4,144,6,3245.2,10,1,3245.1,61,2,3245.0,48,5,3245.8,6,3,3245.9,9,1,3246.1,13,1,3246.2,14,2,3246.3,11,1
11536,2025-12-30 15:12:52+05:30,3245.4,4,3250.92,2414614,67668.0,92662.0,3250.0,3267.5,3239.5,3251.5,46228875,3576.6,2926.4,4322.95,2866.6,3245.5,147,1,3245.4,153,4,3245.2,39,2,3245.1,91,3,3245.0,104,6,3245.8,2,2,3245.9,9,1,3246.1,14,2,3246.2,13,1,3246.3,11,1
11536,2025-12-30 15:12:52+05:30,3245.5,2,3250.92,2414614,67668.0,92662.0,3250.0,3267.5,3239.5,3251.5,46228875,3576.6,2926.4,4322.95,2866.6,3245.5,147,1,3245.4,153,4,3245.2,39,2,3245.1,91,3,3245.0,104,6,3245.8,2,2,3245.9,9,1,3246.1,14,2,3246.2,13,1,3246.3,11,1
11536,2025-12-30 15:12:53+05:30,3245.8,1,3250.92,2414874,67908.0,94173.0,3250.0,3267.5,3239.5,3251.5,46228875,3576.6,2926.4,4322.95,2866.6,3245.5,209,4,3245.4,123,3,3245.2,39,2,3245.1,352,5,3245.0,104,6,3245.8,1,1,3245.9,9,1,3246.1,14,2,3246.2,13,1,3246.3,11,1
11536,2025-12-30 15:12:54+05:30,3245.9,1,3250.92,2415065,68179.0,93230.0,3250.0,3267.5,3239.5,3251.5,46228875,3576.6,2926.4,4322.95,2866.6,3245.8,194,3,3245.5,145,3,3245.4,42,3,3245.3,147,1,3245.2,38,2,3245.9,64,2,3246.1,14,2,3246.2,13,1,3246.3,11,1,3246.5,25,4
11536,2025-12-30 15:12:54+05:30,3245.8,1,3250.92,2415065,68179.0,93230.0,3250.0,3267.5,3239.5,3251.5,46228875,3576.6,2926.4,4322.95,2866.6,3245.8,194,3,3245.5,145,3,3245.4,42,3,3245.3,147,1,3245.2,38,2,3245.9,64,2,3246.1,14,2,3246.2,13,1,3246.3,11,1,3246.5,25,4
11536,2025-12-30 15:12:55+05:30,3245.9,1,3250.92,2415109,68261.0,93323.0,3250.0,3267.5,3239.5,3251.5,46228875,3576.6,2926.4,4322.95,2866.6,3245.8,370,6,3245.6,29,1,3245.5,112,2,3245.4,54,3,3245.3,28,1,3245.9,121,5,3246.1,14,2,3246.2,13,1,3246.3,11,1,3246.5,42,5
11536,2025-12-30 15:12:56+05:30,3245.9,1,3250.92,2415258,68684.0,93398.0,3250.0,3267.5,3239.5,3251.5,46228875,3576.6,2926.4,4322.95,2866.6,3245.8,693,6,3245.7,33,1,3245.6,54,1,3245.5,112,2,3245.4,54,3,3245.9,89,6,3246.0,1,1,3246.1,13,1,3246.2,13,1,3246.3,11,1
11536,2025-12-30 15:12:56+05:30,3245.9,8,3250.92,2415258,68684.0,93398.0,3250.0,3267.5,3239.5,3251.5,46228875,3576.6,2926.4,4322.95,2866.6,3245.8,693,6,3245.7,33,1,3245.6,54,1,3245.5,112,2,3245.4,54,3,3245.9,89,6,3246.0,1,1,3246.1,13,1,3246.2,13,1,3246.3,11,1
11536,2025-12-30 15:12:57+05:30,3245.9,6,3250.92,2415578,68951.0,93447.0,3250.0,3267.5,3239.5,3251.5,46228875,3576.6,2926.4,4322.95,2866.6,3245.9,172,3,3245.8,476,5,3245.7,93,2,3245.6,71,2,3245.5,93,3,3246.0,2,2,3246.1,13,1,3246.2,13,1,3246.3,11,1,3246.5,23,3
11536,2025-12-30 15:12:58+05:30,3245.9,39,3250.92,2415578,68951.0,93447.0,3250.0,3267.5,3239.5,3251.5,46228875,3576.6,2926.4,4322.95,2866.6,3245.9,172,3,3245.8,476,5,3245.7,93,2,3245.6,71,2,3245.5,93,3,3246.0,2,2,3246.1,13,1,3246.2,13,1,3246.3,11,1,3246.5,23,3
11536,2025-12-30 15:12:58+05:30,3245.9,39,3250.92,2415806,69031.0,93319.0,3250.0,3267.5,3239.5,3251.5,46228875,3576.6,2926.4,4322.95,2866.6,3245.9,184,5,3245.8,493,6,3245.6,130,4,3245.5,62,2,3245.4,161,4,3246.0,1,1,3246.1,12,1,3246.2,13,1,3246.3,21,2,3246.5,23,3
11536,2025-12-30 15:13:00+05:30,3246.1,1,3250.92,2415983,68834.0,92612.0,3250.0,3267.5,3239.5,3251.5,46228875,3576.6,2926.4,4322.95,2866.6,3245.9,171,5,3245.8,529,5,3245.6,199,4,3245.5,31,2,3245.4,62,3,3246.1,11,1,3246.3,21,2,3246.4,12,1,3246.5,23,3,3246.6,12,1
11536,2025-12-30 15:13:00+05:30,3245.9,1,3250.92,2415983,68834.0,92612.0,3250.0,3267.5,3239.5,3251.5,46228875,3576.6,2926.4,4322.95,2866.6,3245.9,171,5,3245.8,529,5,3245.6,199,4,3245.5,31,2,3245.4,62,3,3246.1,11,1,3246.3,21,2,3246.4,12,1,3246.5,23,3,3246.6,12,1
11536,2025-12-30 15:13:01+05:30,3245.9,99,3250.92,2416914,68845.0,93159.0,3250.0,3267.5,3239.5,3251.5,46228875,3576.6,2926.4,4322.95,2866.6,3245.9,239,4,3245.8,529,5,3245.6,199,4,3245.5,43,2,3245.4,10,2,3246.0,164,8,3246.1,277,5,3246.3,21,2,3246.4,13,2,3246.5,23,3
11536,2025-12-30 15:13:02+05:30,3245.9,31,3250.92,2417250,69174.0,92972.0,3250.0,3267.5,3239.5,3251.5,46228875,3576.6,2926.4,4322.95,2866.6,3245.9,801,11,3245.8,529,5,3245.6,228,5,3245.5,19,2,3245.4,5,1,3246.0,212,9,3246.1,277,5,3246.3,22,3,3246.4,12,1,3246.5,23,3
11536,2025-12-30 15:13:02+05:30,3246.0,91,3250.92,2417250,69174.0,92972.0,3250.0,3267.5,3239.5,3251.5,46228875,3576.6,2926.4,4322.95,2866.6,3245.9,801,11,3245.8,529,5,3245.6,228,5,3245.5,19,2,3245.4,5,1,3246.0,212,9,3246.1,277,5,3246.3,22,3,3246.4,12,1,3246.5,23,3
11536,2025-12-30 15:13:03+05:30,3245.9,1,3250.91,2418744,67130.0,93418.0,3250.0,3267.5,3239.5,3251.5,46228875,3576.6,2926.4,4322.95,2866.6,3245.9,391,11,3245.8,532,6,3245.6,101,3,3245.5,51,3,3245.4,5,1,3246.0,102,11,3246.1,254,2,3246.2,10,1,3246.3,22,3,3246.4,23,2
11536,2025-12-30 15:13:04+05:30,3245.9,26,3250.91,2418803,68612.0,91313.0,3250.0,3267.5,3239.5,3251.5,46228875,3576.6,2926.4,4322.95,2866.6,3245.9,367,11,3245.8,604,7,3245.6,276,4,3245.5,51,3,3245.4,5,1,3246.0,97,10,3246.1,254,2,3246.2,11,2,3246.3,21,2,3246.4,23,2
11536,2025-12-30 15:13:04+05:30,3246.0,10,3250.91,2418803,68612.0,91313.0,3250.0,3267.5,3239.5,3251.5,46228875,3576.6,2926.4,4322.95,2866.6,3245.9,367,11,3245.8,604,7,3245.6,276,4,3245.5,51,3,3245.4,5,1,3246.0,97,10,3246.1,254,2,3246.2,11,2,3246.3,21,2,3246.4,23,2
11536,2025-12-30 15:13:05+05:30,3245.9,1,3250.91,2419657,68997.0,94383.0,3250.0,3267.5,3239.5,3251.5,46228875,3576.6,2926.4,4322.95,2866.6,3245.9,264,10,3245.8,815,9,3245.6,135,5,3245.5,221,3,3245.4,33,2,3246.0,232,8,3246.1,255,3,3246.2,966,4,3246.3,11,1,3246.4,23,2
11536,2025-12-30 15:13:06+05:30,3246.0,1,3250.91,2420747,68981.0,94261.0,3250.0,3267.5,3239.5,3251.5,46228875,3576.6,2926.4,4322.95,2866.6,3245.9,193,5,3245.8,709,8,3245.7,5,1,3245.6,130,4,3245.5,46,2,3246.0,218,4,3246.1,256,4,3246.2,965,3,3246.3,11,1,3246.4,23,2
11536,2025-12-30 15:13:06+05:30,3246.0,8,3250.91,2420747,68981.0,94261.0,3250.0,3267.5,3239.5,3251.5,46228875,3576.6,2926.4,4322.95,2866.6,3245.9,193,5,3245.8,709,8,3245.7,5,1,3245.6,130,4,3245.5,46,2,3246.0,218,4,3246.1,256,4,3246.2,965,3,3246.3,11,1,3246.4,23,2
11536,2025-12-30 15:13:07+05:30,3246.0,1,3250.91,2420757,69861.0,94588.0,3250.0,3267.5,3239.5,3251.5,46228875,3576.6,2926.4,4322.95,2866.6,3245.9,326,6,3245.8,781,8,3245.7,11,2,3245.6,130,4,3245.5,77,3,3246.0,223,5,3246.1,256,4,3246.2,965,3,3246.3,11,1,3246.4,23,2
11536,2025-12-30 15:13:08+05:30,3245.9,15,3250.91,2421186,69337.0,94044.0,3250.0,3267.5,3239.5,3251.5,46228875,3576.6,2926.4,4322.95,2866.6,3245.9,222,9,3245.8,956,9,3245.7,13,2,3245.6,159,5,3245.5,252,4,3246.0,269,7,3246.1,255,3,3246.2,965,3,3246.3,11,1,3246.4,23,2
11536,2025-12-30 15:13:08+05:30,3245.9,4,3250.91,2421186,69337.0,94044.0,3250.0,3267.5,3239.5,3251.5,46228875,3576.6,2926.4,4322.95,2866.6,3245.9,222,9,3245.8,956,9,3245.7,13,2,3245.6,159,5,3245.5,252,4,3246.0,269,7,3246.1,255,3,3246.2,965,3,3246.3,11,1,3246.4,23,2
11536,2025-12-30 15:13:09+05:30,3245.9,1,3250.91,2421357,69417.0,94075.0,3250.0,3267.5,3239.5,3251.5,46228875,3576.6,2926.4,4322.95,2866.6,3245.9,304,8,3245.8,884,9,3245.7,18,3,3245.6,159,5,3245.5,252,4,3246.0,230,7,3246.1,254,2,3246.2,953,2,3246.3,11,1,3246.4,23,2
11536,2025-12-30 15:13:10+05:30,3245.8,7,3250.91,2421357,69417.0,94075.0,3250.0,3267.5,3239.5,3251.5,46228875,3576.6,2926.4,4322.95,2866.6,3245.9,304,8,3245.8,884,9,3245.7,18,3,3245.6,159,5,3245.5,252,4,3246.0,230,7,3246.1,254,2,3246.2,953,2,3246.3,11,1,3246.4,23,2
11536,2025-12-30 15:13:10+05:30,3245.8,16,3250.9,2424054,67569.0,94565.0,3250.0,3267.5,3239.5,3251.5,46228875,3576.6,2926.4,4322.95,2866.6,3245.8,647,7,3245.7,24,3,3245.6,101,3,3245.5,221,3,3245.4,89,4,3245.9,184,5,3246.0,106,6,3246.1,9,1,3246.2,965,3,3246.3,25,2
11536,2025-12-30 15:13:12+05:30,3245.8,11,3250.9,2424506,68594.0,96259.0,3250.0,3267.5,3239.5,3251.5,46228875,3576.6,2926.4,4322.95,2866.6,3245.8,248,7,3245.7,24,3,3245.6,101,3,3245.5,221,3,3245.4,34,2,3245.9,1021,7,3246.0,397,7,3246.1,118,2,3246.2,1055,4,3246.3,85,4
11536,2025-12-30 15:13:12+05:30,3245.8,1,3250.9,2424506,68594.0,96259.0,3250.0,3267.5,3239.5,3251.5,46228875,3576.6,2926.4,4322.95,2866.6,3245.8,248,7,3245.7,24,3,3245.6,101,3,3245.5,221,3,3245.4,34,2,3245.9,1021,7,3246.0,397,7,3246.1,118,2,3246.2,1055,4,3246.3,85,4
11536,2025-12-30 15:13:13+05:30,3245.8,3,3250.9,2424928,68379.0,96231.0,3250.0,3267.5,3239.5,3251.5,46228875,3576.6,2926.4,4322.95,2866.6,3245.8,193,6,3245.7,58,4,3245.6,101,3,3245.5,221,3,3245.4,5,1,3245.9,987,9,3246.0,395,6,3246.1,109,1,3246.2,1057,5,3246.3,25,2
11536,2025-12-30 15:13:14+05:30,3245.8,30,3250.9,2425155,68897.0,95015.0,3250.0,3267.5,3239.5,3251.5,46228875,3576.6,2926.4,4322.95,2866.6,3245.8,282,8,3245.7,82,5,3245.6,101,3,3245.5,221,3,3245.4,34,2,3245.9,875,7,3246.0,395,6,3246.1,111,2,3246.2,1055,4,3246.3,25,2
11536,2025-12-30 15:13:14+05:30,3245.8,15,3250.9,2425155,68897.0,95015.0,3250.0,3267.5,3239.5,3251.5,46228875,3576.6,2926.4,4322.95,2866.6,3245.8,282,8,3245.7,82,5,3245.6,101,3,3245.5,221,3,3245.4,34,2,3245.9,875,7,3246.0,395,6,3246.1,111,2,3246.2,1055,4,3246.3,25,2
11536,2025-12-30 15:13:15+05:30,3245.9,1,3250.9,2425313,68170.0,95411.0,3250.0,3267.5,3239.5,3251.5,46228875,3576.6,2926.4,4322.95,2866.6,3245.8,408,7,3245.7,24,3,3245.6,101,3,3245.5,277,5,3245.4,5,1,3245.9,900,7,3246.0,353,5,3246.1,111,2,3246.2,1055,4,3246.3,25,2
11536,2025-12-30 15:13:16+05:30,3245.8,10,3250.9,2425470,68726.0,96032.0,3250.0,3267.5,3239.5,3251.5,46228875,3576.6,2926.4,4322.95,2866.6,3245.8,496,12,3245.7,24,3,3245.6,101,3,3245.5,248,4,3245.4,5,1,3245.9,865,9,3246.0,355,6,3246.1,120,2,3246.2,1055,4,3246.3,25,2
11536,2025-12-30 15:13:16+05:30,3245.9,9,3250.9,2425470,68726.0,96032.0,3250.0,3267.5,3239.5,3251.5,46228875,3576.6,2926.4,4322.95,2866.6,3245.8,496,12,3245.7,24,3,3245.6,101,3,3245.5,248,4,3245.4,5,1,3245.9,865,9,3246.0,355,6,3246.1,120,2,3246.2,1055,4,3246.3,25,2
11536,2025-12-30 15:13:17+05:30,3245.9,1,3250.9,2425480,69221.0,95771.0,3250.0,3267.5,3239.5,3251.5,46228875,3576.6,2926.4,4322.95,2866.6,3245.8,836,17,3245.7,78,4,3245.6,101,3,3245.5,248,4,3245.4,34,2,3245.9,870,10,3246.0,355,6,3246.1,120,2,3246.2,1055,4,3246.3,25,2
11536,2025-12-30 15:13:18+05:30,3245.9,1,3250.9,2426828,68638.0,95180.0,3250.0,3267.5,3239.5,3251.5,46228875,3576.6,2926.4,4322.95,2866.6,3245.8,16,4,3245.7,118,5,3245.6,101,3,3245.5,221,3,3245.4,5,1,3245.9,870,12,3246.0,353,5,3246.1,109,1,3246.2,1055,4,3246.3,85,3
11536,2025-12-30 15:13:18+05:30,3245.8,23,3250.9,2426828,68638.0,95180.0,3250.0,3267.5,3239.5,3251.5,46228875,3576.6,2926.4,4322.95,2866.6,3245.8,16,4,3245.7,118,5,3245.6,101,3,3245.5,221,3,3245.4,5,1,3245.9,870,12,3246.0,353,5,3246.1,109,1,3246.2,1055,4,3246.3,85,3
11536,2025-12-30 15:13:19+05:30,3246.0,84,3250.89,2430042,68809.0,92064.0,3250.0,3267.5,3239.5,3251.5,46228875,3576.6,2926.4,4322.95,2866.6,3246.3,175,1,3246.0,91,1,3245.9,282,5,3245.8,28,4,3245.7,543,8,3246.6,52,3,3246.9,3,2,3247.0,142,11,3247.2,19,1,3247.3,232,2
11536,2025-12-30 15:13:20+05:30,3246.3,14,3250.89,2430875,66781.0,93052.0,3250.0,3267.5,3239.5,3251.5,46228875,3576.6,2926.4,4322.95,2866.6,3246.3,96,3,3245.9,220,2,3245.8,16,2,3245.7,27,4,3245.6,491,5,3246.6,1,1,3246.9,18,4,3247.0,142,11,3247.1,35,2,3247.2,116,4
11536,2025-12-30 15:13:20+05:30,3246.3,15,3250.89,2430875,66781.0,93052.0,3250.0,3267.5,3239.5,3251.5,46228875,3576.6,2926.4,4322.95,2866.6,3246.3,96,3,3245.9,220,2,3245.8,16,2,3245.7,27,4,3245.6,491,5,3246.6,1,1,3246.9,18,4,3247.0,142,11,3247.1,35,2,3247.2,116,4
11536,2025-12-30 15:13:21+05:30,3246.5,15,3250.89,2431016,68758.0,93745.0,3250.0,3267.5,3239.5,3251.5,46228875,3576.6,2926.4,4322.95,2866.6,3246.5,29,1,3246.3,60,3,3246.1,23,1,3246.0,261,2,3245.9,191,3,3246.6,1,1,3246.9,3,2,3247.0,143,12,3247.2,50,2,3247.3,200,1
11536,2025-12-30 15:13:22+05:30,3246.5,10,3250.89,2431016,68758.0,93745.0,3250.0,3267.5,3239.5,3251.5,46228875,3576.6,2926.4,4322.95,2866.6,3246.5,29,1,3246.3,60,3,3246.1,23,1,3246.0,261,2,3245.9,191,3,3246.6,1,1,3246.9,3,2,3247.0,143,12,3247.2,50,2,3247.3,200,1
11536,2025-12-30 15:13:22+05:30,3246.5,1,3250.89,2431237,67365.0,93973.0,3250.0,3267.5,3239.5,3251.5,46228875,3576.6,2926.4,4322.95,2866.6,3246.5,72,2,3246.3,70,4,3246.1,23,1,3246.0,175,1,3245.9,277,4,3246.6,1,1,3246.8,38,2,3246.9,4,3,3247.0,177,12,3247.2,85,3
11536,2025-12-30 15:13:24+05:30,3246.5,6,3250.89,2431243,68794.0,94297.0,3250.0,3267.5,3239.5,3251.5,46228875,3576.6,2926.4,4322.95,2866.6,3246.5,132,7,3246.3,73,5,3246.1,198,2,3245.9,277,4,3245.8,112,4,3246.6,1,1,3246.7,8,2,3246.8,15,1,3246.9,4,3,3247.0,142,11
11536,2025-12-30 15:13:24+05:30,3246.6,1,3250.89,2431243,68794.0,94297.0,3250.0,3267.5,3239.5,3251.5,46228875,3576.6,2926.4,4322.95,2866.6,3246.5,132,7,3246.3,73,5,3246.1,198,2,3245.9,277,4,3245.8,112,4,3246.6,1,1,3246.7,8,2,3246.8,15,1,3246.9,4,3,3247.0,142,11
11536,2025-12-30 15:13:25+05:30,3246.6,1,3250.89,2431517,68994.0,94361.0,3250.0,3267.5,3239.5,3251.5,46228875,3576.6,2926.4,4322.95,2866.6,3246.5,186,10,3246.3,13,2,3246.1,175,1,3245.9,214,4,3245.8,112,4,3246.6,339,3,3246.7,8,2,3246.8,47,3,3246.9,38,3,3247.0,142,11
11536,2025-12-30 15:13:26+05:30,3246.5,16,3250.89,2431618,69175.0,94718.0,3250.0,3267.5,3239.5,3251.5,46228875,3576.6,2926.4,4322.95,2866.6,3246.5,460,10,3246.3,188,3,3246.1,23,1,3246.0,91,1,3245.9,191,3,3246.6,594,7,3246.7,9,3,3246.8,84,4,3246.9,1,1,3247.0,178,12
11536,2025-12-30 15:13:26+05:30,3246.5,9,3250.89,2431618,69175.0,94718.0,3250.0,3267.5,3239.5,3251.5,46228875,3576.6,2926.4,4322.95,2866.6,3246.5,460,10,3246.3,188,3,3246.1,23,1,3246.0,91,1,3245.9,191,3,3246.6,594,7,3246.7,9,3,3246.8,84,4,3246.9,1,1,3247.0,178,12
11536,2025-12-30 15:13:27+05:30,3246.3,1,3250.89,2432293,68416.0,95528.0,3250.0,3267.5,3239.5,3251.5,46228875,3576.6,2926.4,4322.95,2866.6,3246.3,79,2,3246.0,91,1,3245.9,191,3,3245.8,21,3,3245.7,25,4,3246.5,322,5,3246.6,312,7,3246.7,9,3,3246.8,115,5,3246.9,42,3
11536,2025-12-30 15:13:28+05:30,3246.5,2,3250.89,2432771,68547.0,95322.0,3250.0,3267.5,3239.5,3251.5,46228875,3576.6,2926.4,4322.95,2866.6,3246.3,2,1,3246.1,175,1,3245.9,212,4,3245.8,112,4,3245.7,25,4,3246.5,354,6,3246.6,287,5,3246.7,18,4,3246.8,84,4,3246.9,43,3
11536,2025-12-30 15:13:28+05:30,3246.1,40,3250.89,2432771,68547.0,95322.0,3250.0,3267.5,3239.5,3251.5,46228875,3576.6,2926.4,4322.95,2866.6,3246.3,2,1,3246.1,175,1,3245.9,212,4,3245.8,112,4,3245.7,25,4,3246.5,354,6,3246.6,287,5,3246.7,18,4,3246.8,84,4,3246.9,43,3
11536,2025-12-30 15:13:29+05:30,3246.1,1,3250.89,2432893,68452.0,95590.0,3250.0,3267.5,3239.5,3251.5,46228875,3576.6,2926.4,4322.95,2866.6,3246.3,1,1,3246.1,74,1,3245.9,201,3,3245.8,20,2,3245.7,199,4,3246.4,415,5,3246.5,23,3,3246.6,323,5,3246.7,27,5,3246.8,84,4
11536,2025-12-30 15:13:30+05:30,3246.3,1,3250.89,2433314,67151.0,94532.0,3250.0,3267.5,3239.5,3251.5,46228875,3576.6,2926.4,4322.95,2866.6,3246.3,36,1,3246.1,74,1,3246.0,30,1,3245.9,26,2,3245.8,20,2,3246.4,41,5,3246.5,32,3,3246.6,286,4,3246.7,27,5,3246.8,47,3
11536,2025-12-30 15:13:30+05:30,3245.9,1,3250.89,2433314,67151.0,94532.0,3250.0,3267.5,3239.5,3251.5,46228875,3576.6,2926.4,4322.95,2866.6,3246.3,36,1,3246.1,74,1,3246.0,30,1,3245.9,26,2,3245.8,20,2,3246.4,41,5,3246.5,32,3,3246.6,286,4,3246.7,27,5,3246.8,47,3
11536,2025-12-30 15:13:31+05:30,3245.9,1,3250.88,2433760,68150.0,95748.0,3250.0,3267.5,3239.5,3251.5,46228875,3576.6,2926.4,4322.95,2866.6,3245.8,9,2,3245.7,24,3,3245.6,47,2,3245.5,46,2,3245.4,5,1,3245.9,60,8,3246.0,72,7,3246.1,8,1,3246.2,89,5,3246.3,42,9
11536,2025-12-30 15:13:32+05:30,3245.9,5,3250.88,2434185,68677.0,94563.0,3250.0,3267.5,3239.5,3251.5,46228875,3576.6,2926.4,4322.95,2866.6,3245.9,8,1,3245.8,240,3,3245.7,24,3,3245.6,47,2,3245.5,46,2,3246.0,17,3,3246.1,8,1,3246.2,23,2,3246.3,101,12,3246.4,104,6
11536,2025-12-30 15:13:32+05:30,3245.5,5,3250.88,2434185,68677.0,94563.0,3250.0,3267.5,3239.5,3251.5,46228875,3576.6,2926.4,4322.95,2866.6,3245.9,8,1,3245.8,240,3,3245.7,24,3,3245.6,47,2,3245.5,46,2,3246.0,17,3,3246.1,8,1,3246.2,23,2,3246.3,101,12,3246.4,104,6
11536,2025-12-30 15:13:33+05:30,3245.5,2,3250.88,2435289,68681.0,95221.0,3250.0,3267.5,3239.5,3251.5,46228875,3576.6,2926.4,4322.95,2866.6,3245.5,24,2,3245.4,191,3,3245.3,13,2,3245.2,45,3,3245.1,246,4,3245.9,25,2,3246.0,4,2,3246.1,23,2,3246.2,64,3,3246.3,111,11
11536,2025-12-30 15:13:34+05:30,3245.5,100,3250.88,2435733,68246.0,94682.0,3250.0,3267.5,3239.5,3251.5,46228875,3576.6,2926.4,4322.95,2866.6,3245.5,294,4,3245.4,91,3,3245.3,18,3,3245.2,45,3,3245.1,246,4,3246.3,72,9,3246.4,71,5,3246.5,213,6,3246.6,399,7,3246.7,160,3
11536,2025-12-30 15:13:34+05:30,3245.5,100,3250.88,2435733,68246.0,94682.0,3250.0,3267.5,3239.5,3251.5,46228875,3576.6,2926.4,4322.95,2866.6,3245.5,294,4,3245.4,91,3,3245.3,18,3,3245.2,45,3,3245.1,246,4,3246.3,72,9,3246.4,71,5,3246.5,213,6,3246.6,399,7,3246.7,160,3
11536,2025-12-30 15:13:35+05:30,3245.5,1,3250.87,2438165,68263.0,93751.0,3250.0,3267.5,3239.5,3251.5,46228875,3576.6,2926.4,4322.95,2866.6,3245.4,210,4,3245.3,49,4,3245.2,26,2,3245.1,246,4,3245.0,250,7,3245.5,1,1,3246.3,75,6,3246.4,71,5,3246.5,213,6,3246.6,90,3
11536,2025-12-30 15:13:36+05:30,3246.3,30,3250.87,2438571,69606.0,93659.0,3250.0,3267.5,3239.5,3251.5,46228875,3576.6,2926.4,4322.95,2866.6,3245.8,124,1,3245.6,175,1,3245.5,2,2,3245.4,100,4,3245.3,733,7,3246.3,27,4,3246.4,71,5,3246.5,113,4,3246.6,75,2,3246.7,25,1
11536,2025-12-30 15:13:36+05:30,3246.3,8,3250.87,2438571,69606.0,93659.0,3250.0,3267.5,3239.5,3251.5,46228875,3576.6,2926.4,4322.95,2866.6,3245.8,124,1,3245.6,175,1,3245.5,2,2,3245.4,100,4,3245.3,733,7,3246.3,27,4,3246.4,71,5,3246.5,113,4,3246.6,75,2,3246.7,25,1
11536,2025-12-30 15:13:37+05:30,3246.3,8,3250.87,2438579,70124.0,94919.0,3250.0,3267.5,3239.5,3251.5,46228875,3576.6,2926.4,4322.95,2866.6,3245.8,499,3,3245.6,103,1,3245.5,2,2,3245.4,294,6,3245.3,18,3,3246.0,1500,1,3246.3,33,5,3246.4,71,5,3246.5,122,5,3246.6,126,2
11536,2025-12-30 15:13:38+05:30,3245.9,1,3250.87,2438579,70124.0,94919.0,3250.0,3267.5,3239.5,3251.5,46228875,3576.6,2926.4,4322.95,2866.6,3245.8,499,3,3245.6,103,1,3245.5,2,2,3245.4,294,6,3245.3,18,3,3246.0,1500,1,3246.3,33,5,3246.4,71,5,3246.5,122,5,3246.6,126,2
11536,2025-12-30 15:13:38+05:30,3245.9,1,3250.87,2438820,69700.0,94682.0,3250.0,3267.5,3239.5,3251.5,46228875,3576.6,2926.4,4322.95,2866.6,3245.8,307,3,3245.6,103,1,3245.5,1,1,3245.4,275,5,3245.3,18,3,3245.9,1,1,3246.0,1512,2,3246.3,35,5,3246.4,172,7,3246.5,200,7
11536,2025-12-30 15:13:40+05:30,3245.9,4,3250.87,2439070,69661.0,94171.0,3250.0,3267.5,3239.5,3251.5,46228875,3576.6,2926.4,4322.95,2866.6,3245.8,413,7,3245.6,103,1,3245.5,175,1,3245.4,72,4,3245.3,18,3,3245.9,5,2,3246.0,1573,4,3246.3,32,4,3246.4,147,4,3246.5,121,4
11536,2025-12-30 15:13:40+05:30,3245.8,9,3250.87,2439070,69661.0,94171.0,3250.0,3267.5,3239.5,3251.5,46228875,3576.6,2926.4,4322.95,2866.6,3245.8,413,7,3245.6,103,1,3245.5,175,1,3245.4,72,4,3245.3,18,3,3245.9,5,2,3246.0,1573,4,3246.3,32,4,3246.4,147,4,3246.5,121,4
11536,2025-12-30 15:13:40+05:30,3245.8,9,3250.87,2439786,69849.0,94177.0,3250.0,3267.5,3239.5,3251.5,46228875,3576.6,2926.4,4322.95,2866.6,3245.8,657,4,3245.6,103,1,3245.5,175,1,3245.4,72,4,3245.3,17,2,3246.0,1561,3,3246.1,20,2,3246.3,29,2,3246.4,203,8,3246.5,99,2
11536,2025-12-30 15:13:42+05:30,3245.9,1,3250.87,2439912,67330.0,91519.0,3250.0,3267.5,3239.5,3251.5,46228875,3576.6,2926.4,4322.95,2866.6,3245.9,325,1,3245.8,566,6,3245.7,91,1,3245.6,103,1,3245.5,175,1,3246.0,1570,4,3246.1,20,2,3246.3,62,4,3246.4,178,5,3246.5,101,2
11536,2025-12-30 15:13:42+05:30,3245.9,1,3250.87,2439912,67330.0,91519.0,3250.0,3267.5,3239.5,3251.5,46228875,3576.6,2926.4,4322.95,2866.6,3245.9,325,1,3245.8,566,6,3245.7,91,1,3245.6,103,1,3245.5,175,1,3246.0,1570,4,3246.1,20,2,3246.3,62,4,3246.4,178,5,3246.5,101,2
11536,2025-12-30 15:13:43+05:30,3246.0,1,3250.87,2440129,70298.0,93719.0,3250.0,3267.5,3239.5,3251.5,46228875,3576.6,2926.4,4322.95,2866.6,3245.9,157,2,3245.8,568,8,3245.7,100,2,3245.6,103,1,3245.5,175,1,3246.0,1583,5,3246.1,20,2,3246.3,30,3,3246.4,147,4,3246.5,132,3
11536,2025-12-30 15:13:44+05:30,3245.9,30,3250.87,2440391,70291.0,93236.0,3250.0,3267.5,3239.5,3251.5,46228875,3576.6,2926.4,4322.95,2866.6,3245.9,258,4,3245.8,544,6,3245.7,9,1,3245.6,103,1,3245.5,175,1,3246.0,1365,6,3246.1,30,4,3246.2,1,1,3246.3,29,2,3246.4,73,3
11536,2025-12-30 15:13:44+05:30,3245.9,15,3250.87,2440391,70291.0,93236.0,3250.0,3267.5,3239.5,3251.5,46228875,3576.6,2926.4,4322.95,2866.6,3245.9,258,4,3245.8,544,6,3245.7,9,1,3245.6,103,1,3245.5,175,1,3246.0,1365,6,3246.1,30,4,3246.2,1,1,3246.3,29,2,3246.4,73,3
11536,2025-12-30 15:13:45+05:30,3246.0,1,3250.87,2440488,70648.0,93727.0,3250.0,3267.5,3239.5,3251.5,46228875,3576.6,2926.4,4322.95,2866.6,3245.9,788,10,3245.8,541,3,3245.6,103,1,3245.5,185,2,3245.4,56,4,3246.0,1363,6,3246.1,22,4,3246.2,1,1,3246.3,29,2,3246.4,73,3
11536,2025-12-30 15:13:46+05:30,3245.9,9,3250.87,2441773,70456.0,92313.0,3250.0,3267.5,3239.5,3251.5,46228875,3576.6,2926.4,4322.95,2866.6,3245.9,366,11,3245.8,541,3,3245.7,10,1,3245.6,103,1,3245.5,175,1,3246.0,419,9,3246.1,23,5,3246.3,29,2,3246.4,73,3,3246.5,90,1
11536,2025-12-30 15:13:46+05:30,3246.0,8,3250.87,2441773,70456.0,92313.0,3250.0,3267.5,3239.5,3251.5,46228875,3576.6,2926.4,4322.95,2866.6,3245.9,366,11,3245.8,541,3,3245.7,10,1,3245.6,103,1,3245.5,175,1,3246.0,419,9,3246.1,23,5,3246.3,29,2,3246.4,73,3,3246.5,90,1
11536,2025-12-30 15:13:47+05:30,3245.9,15,3250.87,2441801,70465.0,93220.0,3250.0,3267.5,3239.5,3251.5,46228875,3576.6,2926.4,4322.95,2866.6,3245.9,384,14,3245.8,636,5,3245.7,10,1,3245.6,103,1,3245.5,175,1,3246.0,408,9,3246.1,23,5,3246.3,29,2,3246.4,73,3,3246.5,130,2
11536,2025-12-30 15:13:48+05:30,3246.0,1,3250.87,2442904,69818.0,93199.0,3250.0,3267.5,3239.5,3251.5,46228875,3576.6,2926.4,4322.95,2866.6,3245.9,49,2,3245.8,410,3,3245.6,103,1,3245.5,175,1,3245.4,26,3,3246.0,408,10,3246.1,22,4,3246.3,29,2,3246.4,104,4,3246.5,251,5
11536,2025-12-30 15:13:48+05:30,3245.9,31,3250.87,2442904,69818.0,93199.0,3250.0,3267.5,3239.5,3251.5,46228875,3576.6,2926.4,4322.95,2866.6,3245.9,49,2,3245.8,410,3,3245.6,103,1,3245.5,175,1,3245.4,26,3,3246.0,408,10,3246.1,22,4,3246.3,29,2,3246.4,104,4,3246.5,251,5
11536,2025-12-30 15:13:49+05:30,3246.0,1,3250.86,2443037,69880.0,92178.0,3250.0,3267.5,3239.5,3251.5,46228875,3576.6,2926.4,4322.95,2866.6,3245.9,19,3,3245.8,451,4,3245.6,103,1,3245.5,175,1,3245.4,26,3,3246.0,464,11,3246.1,21,3,3246.3,29,2,3246.4,114,5,3246.5,251,4
11536,2025-12-30 15:13:50+05:30,3245.9,1,3250.86,2443527,70115.0,93713.0,3250.0,3267.5,3239.5,3251.5,46228875,3576.6,2926.4,4322.95,2866.6,3245.8,454,5,3245.7,198,2,3245.6,139,2,3245.5,17,1,3245.4,201,4,3245.9,45,3,3246.0,711,10,3246.1,30,5,3246.3,29,2,3246.4,73,3
11536,2025-12-30 15:13:50+05:30,3245.9,1,3250.86,2443527,70115.0,93713.0,3250.0,3267.5,3239.5,3251.5,46228875,3576.6,2926.4,4322.95,2866.6,3245.8,454,5,3245.7,198,2,3245.6,139,2,3245.5,17,1,3245.4,201,4,3245.9,45,3,3246.0,711,10,3246.1,30,5,3246.3,29,2,3246.4,73,3
11536,2025-12-30 15:13:51+05:30,3245.8,16,3250.86,2443907,70116.0,92951.0,3250.0,3267.5,3239.5,3251.5,46228875,3576.6,2926.4,4322.95,2866.6,3245.8,428,5,3245.7,198,2,3245.6,139,2,3245.5,17,1,3245.4,201,4,3245.9,45,1,3246.0,614,8,3246.1,30,5,3246.2,2,1,3246.3,29,2
11536,2025-12-30 15:13:52+05:30,3245.8,1,3250.86,2443907,70116.0,92951.0,3250.0,3267.5,3239.5,3251.5,46228875,3576.6,2926.4,4322.95,2866.6,3245.8,428,5,3245.7,198,2,3245.6,139,2,3245.5,17,1,3245.4,201,4,3245.9,45,1,3246.0,614,8,3246.1,30,5,3246.2,2,1,3246.3,29,2
11536,2025-12-30 15:13:53+05:30,3245.8,6,3250.86,2444660,69885.0,92263.0,3250.0,3267.5,3239.5,3251.5,46228875,3576.6,2926.4,4322.95,2866.6,3245.8,38,4,3245.7,198,2,3245.6,139,2,3245.5,17,1,3245.4,201,4,3245.9,40,4,3246.0,553,6,3246.1,59,5,3246.2,2,1,3246.3,29,2
11536,2025-12-30 15:13:54+05:30,3245.9,5,3250.86,2444665,69510.0,94029.0,3250.0,3267.5,3239.5,3251.5,46228875,3576.6,2926.4,4322.95,2866.6,3245.8,118,7,3245.7,23,1,3245.6,139,2,3245.5,17,1,3245.4,26,3,3245.9,158,10,3246.0,547,6,3246.1,21,5,3246.2,134,3,3246.3,29,2
11536,2025-12-30 15:13:54+05:30,3245.8,9,3250.86,2444665,69510.0,94029.0,3250.0,3267.5,3239.5,3251.5,46228875,3576.6,2926.4,4322.95,2866.6,3245.8,118,7,3245.7,23,1,3245.6,139,2,3245.5,17,1,3245.4,26,3,3245.9,158,10,3246.0,547,6,3246.1,21,5,3246.2,134,3,3246.3,29,2
11536,2025-12-30 15:13:55+05:30,3245.8,9,3250.86,2444934,69021.0,93955.0,3250.0,3267.5,3239.5,3251.5,46228875,3576.6,2926.4,4322.95,2866.6,3245.8,50,3,3245.7,23,1,3245.6,139,2,3245.5,17,1,3245.4,26,3,3245.9,128,7,3246.0,548,7,3246.1,21,5,3246.2,89,2,3246.3,29,2
11536,2025-12-30 15:13:56+05:30,3245.9,2,3250.86,2445257,69627.0,92834.0,3250.0,3267.5,3239.5,3251.5,46228875,3576.6,2926.4,4322.95,2866.6,3245.8,101,4,3245.7,96,2,3245.6,139,2,3245.5,17,1,3245.4,26,3,3245.9,46,6,3246.0,549,7,3246.1,24,3,3246.3,50,2,3246.4,73,3
11536,2025-12-30 15:13:56+05:30,3246.0,9,3250.86,2445257,69627.0,92834.0,3250.0,3267.5,3239.5,3251.5,46228875,3576.6,2926.4,4322.95,2866.6,3245.8,101,4,3245.7,96,2,3245.6,139,2,3245.5,17,1,3245.4,26,3,3245.9,46,6,3246.0,549,7,3246.1,24,3,3246.3,50,2,3246.4,73,3
11536,2025-12-30 15:13:57+05:30,3246.0,9,3250.86,2445618,69951.0,92749.0,3250.0,3267.5,3239.5,3251.5,46228875,3576.6,2926.4,4322.95,2866.6,3245.9,6,1,3245.8,74,4,3245.7,96,2,3245.6,139,2,3245.5,17,1,3246.0,540,7,3246.1,15,1,3246.3,13,1,3246.4,73,3,3246.6,23,2
11536,2025-12-30 15:13:58+05:30,3245.9,1,3250.86,2445807,69671.0,92303.0,3250.0,3267.5,3239.5,3251.5,46228875,3576.6,2926.4,4322.95,2866.6,3245.9,29,1,3245.7,54,2,3245.6,139,2,3245.5,17,1,3245.4,26,3,3246.0,538,7,3246.1,15,1,3246.3,13,1,3246.4,73,3,3246.6,54,3
11536,2025-12-30 15:13:58+05:30,3245.9,29,3250.86,2445807,69671.0,92303.0,3250.0,3267.5,3239.5,3251.5,46228875,3576.6,2926.4,4322.95,2866.6,3245.9,29,1,3245.7,54,2,3245.6,139,2,3245.5,17,1,3245.4,26,3,3246.0,538,7,3246.1,15,1,3246.3,13,1,3246.4,73,3,3246.6,54,3
11536,2025-12-30 15:13:59+05:30,3246.0,1,3250.86,2446102,69673.0,93021.0,3250.0,3267.5,3239.5,3251.5,46228875,3576.6,2926.4,4322.95,2866.6,3245.9,10,1,3245.8,36,2,3245.7,33,2,3245.6,201,4,3245.5,17,1,3246.0,331,5,3246.1,15,1,3246.3,13,1,3246.4,73,3,3246.6,23,2
11536,2025-12-30 15:14:00+05:30,3245.9,1,3250.86,2446495,69501.0,92036.0,3250.0,3267.5,3239.5,3251.5,46228875,3576.6,2926.4,4322.95,2866.6,3245.8,173,1,3245.7,23,1,3245.6,139,2,3245.5,17,1,3245.4,28,4,3245.9,374,9,3246.0,99,8,3246.1,15,1,3246.3,13,1,3246.4,73,3
11536,2025-12-30 15:14:00+05:30,3245.8,52,3250.86,2446495,69501.0,92036.0,3250.0,3267.5,3239.5,3251.5,46228875,3576.6,2926.4,4322.95,2866.6,3245.8,173,1,3245.7,23,1,3245.6,139,2,3245.5,17,1,3245.4,28,4,3245.9,374,9,3246.0,99,8,3246.1,15,1,3246.3,13,1,3246.4,73,3
11536,2025-12-30 15:14:01+05:30,3245.8,26,3250.86,2447439,69522.0,92922.0,3250.0,3267.5,3239.5,3251.5,46228875,3576.6,2926.4,4322.95,2866.6,3245.8,123,1,3245.7,23,1,3245.6,139,2,3245.5,17,1,3245.4,26,3,3245.9,459,10,3246.0,83,9,3246.1,15,1,3246.3,73,2,3246.4,104,4
11536,2025-12-30 15:14:02+05:30,3245.8,1,3250.85,2449330,69699.0,92830.0,3250.0,3267.5,3239.5,3251.5,46228875,3576.6,2926.4,4322.95,2866.6,3245.8,119,3,3245.7,23,1,3245.6,140,3,3245.5,17,1,3245.4,28,4,3245.9,388,11,3246.0,81,8,3246.1,15,1,3246.2,25,3,3246.3,13,1
11536,2025-12-30 15:14:02+05:30,3245.8,1,3250.85,2449330,69699.0,92830.0,3250.0,3267.5,3239.5,3251.5,46228875,3576.6,2926.4,4322.95,2866.6,3245.8,119,3,3245.7,23,1,3245.6,140,3,3245.5,17,1,3245.4,28,4,3245.9,388,11,3246.0,81,8,3246.1,15,1,3246.2,25,3,3246.3,13,1
11536,2025-12-30 15:14:03+05:30,3245.8,44,3250.85,2449460,69783.0,93336.0,3250.0,3267.5,3239.5,3251.5,46228875,3576.6,2926.4,4322.95,2866.6,3245.8,161,5,3245.7,42,2,3245.6,140,3,3245.5,19,2,3245.4,26,3,3245.9,378,11,3246.0,73,7,3246.1,26,2,3246.2,13,2,3246.3,73,2
11536,2025-12-30 15:14:04+05:30,3245.8,1,3250.85,2449460,69783.0,93336.0,3250.0,3267.5,3239.5,3251.5,46228875,3576.6,2926.4,4322.95,2866.6,3245.8,161,5,3245.7,42,2,3245.6,140,3,3245.5,19,2,3245.4,26,3,3245.9,378,11,3246.0,73,7,3246.1,26,2,3246.2,13,2,3246.3,73,2
11536,2025-12-30 15:14:04+05:30,3245.9,57,3250.85,2449786,69766.0,94481.0,3250.0,3267.5,3239.5,3251.5,46228875,3576.6,2926.4,4322.95,2866.6,3245.8,239,6,3245.7,42,2,3245.6,140,3,3245.5,19,2,3245.4,26,3,3245.9,1037,13,3246.0,369,6,3246.1,143,4,3246.2,12,1,3246.3,73,2
11536,2025-12-30 15:14:06+05:30,3245.9,73,3250.85,2451697,69626.0,94032.0,3250.0,3267.5,3239.5,3251.5,46228875,3576.6,2926.4,4322.95,2866.6,3245.8,33,4,3245.7,44,3,3245.6,140,3,3245.5,17,1,3245.4,26,3,3245.9,725,11,3246.0,370,7,3246.1,131,2,3246.2,12,1,3246.3,89,2
11536,2025-12-30 15:14:06+05:30,3245.9,8,3250.85,2451697,69626.0,94032.0,3250.0,3267.5,3239.5,3251.5,46228875,3576.6,2926.4,4322.95,2866.6,3245.8,33,4,3245.7,44,3,3245.6,140,3,3245.5,17,1,3245.4,26,3,3245.9,725,11,3246.0,370,7,3246.1,131,2,3246.2,12,1,3246.3,89,2
11536,2025-12-30 15:14:07+05:30,3245.8,1,3250.85,2451956,69820.0,93880.0,3250.0,3267.5,3239.5,3251.5,46228875,3576.6,2926.4,4322.95,2866.6,3245.8,439,2,3245.7,30,2,3245.6,140,3,3245.5,19,2,3245.4,26,3,3245.9,728,11,3246.0,370,7,3246.1,131,2,3246.2,12,1,3246.3,13,1
11536,2025-12-30 15:14:08+05:30,3245.8,8,3250.85,2452404,69254.0,94012.0,3250.0,3267.5,3239.5,3251.5,46228875,3576.6,2926.4,4322.95,2866.6,3245.8,28,1,3245.7,30,2,3245.6,140,3,3245.5,19,2,3245.4,26,3,3245.9,765,14,3246.0,369,6,3246.1,131,2,3246.2,12,1,3246.3,28,2
11536,2025-12-30 15:14:08+05:30,3245.8,10,3250.85,2452404,69254.0,94012.0,3250.0,3267.5,3239.5,3251.5,46228875,3576.6,2926.4,4322.95,2866.6,3245.8,28,1,3245.7,30,2,3245.6,140,3,3245.5,19,2,3245.4,26,3,3245.9,765,14,3246.0,369,6,3246.1,131,2,3246.2,12,1,3246.3,28,2
11536,2025-12-30 15:14:09+05:30,3245.8,10,3250.85,2452462,69544.0,93616.0,3250.0,3267.5,3239.5,3251.5,46228875,3576.6,2926.4,4322.95,2866.6,3245.8,146,3,3245.7,30,2,3245.6,140,3,3245.5,19,2,3245.4,26,3,3245.9,759,12,3246.0,372,6,3246.1,131,2,3246.2,12,1,3246.3,28,2
11536,2025-12-30 15:14:10+05:30,3245.8,30,3250.84,2453860,68544.0,94014.0,3250.0,3267.5,3239.5,3251.5,46228875,3576.6,2926.4,4322.95,2866.6,3245.7,30,2,3245.6,140,3,3245.5,17,1,3245.4,26,3,3245.3,38,4,3245.8,137,4,3245.9,480,11,3246.0,383,7,3246.1,217,3,3246.2,46,2
11536,2025-12-30 15:14:10+05:30,3245.7,14,3250.84,2453860,68544.0,94014.0,3250.0,3267.5,3239.5,3251.5,46228875,3576.6,2926.4,4322.95,2866.6,3245.7,30,2,3245.6,140,3,3245.5,17,1,3245.4,26,3,3245.3,38,4,3245.8,137,4,3245.9,480,11,3246.0,383,7,3246.1,217,3,3246.2,46,2
11536,2025-12-30 15:14:11+05:30,3245.7,12,3250.84,2454157,69539.0,94029.0,3250.0,3267.5,3239.5,3251.5,46228875,3576.6,2926.4,4322.95,2866.6,3245.7,483,5,3245.6,140,3,3245.5,17,1,3245.4,28,4,3245.3,43,5,3245.8,73,5,3245.9,455,8,3246.0,383,7,3246.1,131,2,3246.2,73,3
11536,2025-12-30 15:14:12+05:30,3245.7,2,3250.84,2454649,69388.0,94318.0,3250.0,3267.5,3239.5,3251.5,46228875,3576.6,2926.4,4322.95,2866.6,3245.7,67,2,3245.6,179,4,3245.5,17,1,3245.4,28,4,3245.3,43,5,3245.8,267,5,3245.9,445,7,3246.0,414,8,3246.1,132,3,3246.2,103,3
11536,2025-12-30 15:14:12+05:30,3245.7,5,3250.84,2454649,69388.0,94318.0,3250.0,3267.5,3239.5,3251.5,46228875,3576.6,2926.4,4322.95,2866.6,3245.7,67,2,3245.6,179,4,3245.5,17,1,3245.4,28,4,3245.3,43,5,3245.8,267,5,3245.9,445,7,3246.0,414,8,3246.1,132,3,3246.2,103,3
11536,2025-12-30 15:14:13+05:30,3245.8,69,3250.84,2454747,69544.0,94217.0,3250.0,3267.5,3239.5,3251.5,46228875,3576.6,2926.4,4322.95,2866.6,3245.7,86,2,3245.6,179,4,3245.5,17,1,3245.4,28,4,3245.3,43,5,3245.8,212,5,3245.9,443,6,3246.0,372,6,3246.1,167,4,3246.2,103,3
11536,2025-12-30 15:14:14+05:30,3245.7,44,3250.84,2454747,69544.0,94217.0,3250.0,3267.5,3239.5,3251.5,46228875,3576.6,2926.4,4322.95,2866.6,3245.7,86,2,3245.6,179,4,3245.5,17,1,3245.4,28,4,3245.3,43,5,3245.8,212,5,3245.9,443,6,3246.0,372,6,3246.1,167,4,3246.2,103,3
11536,2025-12-30 15:14:14+05:30,3245.7,44,3250.84,2455205,69515.0,93487.0,3250.0,3267.5,3239.5,3251.5,46228875,3576.6,2926.4,4322.95,2866.6,3245.7,6,1,3245.6,158,4,3245.5,17,1,3245.4,28,4,3245.3,38,4,3245.8,87,8,3245.9,435,4,3246.0,395,6,3246.1,143,3,3246.2,103,3
11536,2025-12-30 15:14:15+05:30,3245.8,1,3250.84,2455318,69673.0,94415.0,3250.0,3267.5,3239.5,3251.5,46228875,3576.6,2926.4,4322.95,2866.6,3245.7,145,3,3245.6,158,4,3245.5,17,1,3245.4,28,4,3245.3,38,4,3245.8,560,11,3245.9,454,5,3246.0,364,5,3246.1,128,2,3246.2,103,3
11536,2025-12-30 15:14:16+05:30,3245.7,1,3250.84,2455318,69673.0,94415.0,3250.0,3267.5,3239.5,3251.5,46228875,3576.6,2926.4,4322.95,2866.6,3245.7,145,3,3245.6,158,4,3245.5,17,1,3245.4,28,4,3245.3,38,4,3245.8,560,11,3245.9,454,5,3246.0,364,5,3246.1,128,2,3246.2,103,3
11536,2025-12-30 15:14:17+05:30,3245.7,1,3250.84,2455474,69554.0,96585.0,3250.0,3267.5,3239.5,3251.5,46228875,3576.6,2926.4,4322.95,2866.6,3245.7,110,4,3245.6,239,5,3245.5,17,1,3245.4,28,4,3245.3,38,4,3245.8,640,14,3245.9,454,6,3246.0,1311,7,3246.1,128,2,3246.2,178,5
11536,2025-12-30 15:14:18+05:30,3245.7,20,3250.84,2456553,69984.0,96984.0,3250.0,3267.5,3239.5,3251.5,46228875,3576.6,2926.4,4322.95,2866.6,3245.7,562,6,3245.6,247,4,3245.5,17,1,3245.4,28,4,3245.3,38,4,3245.8,621,13,3245.9,427,5,3246.0,1263,6,3246.1,147,3,3246.2,60,1
11536,2025-12-30 15:14:18+05:30,3245.7,2,3250.84,2456553,69984.0,96984.0,3250.0,3267.5,3239.5,3251.5,46228875,3576.6,2926.4,4322.95,2866.6,3245.7,562,6,3245.6,247,4,3245.5,17,1,3245.4,28,4,3245.3,38,4,3245.8,621,13,3245.9,427,5,3246.0,1263,6,3246.1,147,3,3246.2,60,1
11536,2025-12-30 15:14:19+05:30,3245.7,2,3250.84,2456865,69694.0,95606.0,3250.0,3267.5,3239.5,3251.5,46228875,3576.6,2926.4,4322.95,2866.6,3245.7,341,6,3245.6,301,5,3245.5,17,1,3245.4,28,4,3245.3,38,4,3245.8,639,13,3245.9,445,5,3246.0,1263,6,3246.1,128,2,3246.2,60,1
11536,2025-12-30 15:14:20+05:30,3245.7,13,3250.84,2457088,69658.0,96738.0,3250.0,3267.5,3239.5,3251.5,46228875,3576.6,2926.4,4322.95,2866.6,3245.7,207,8,3245.6,245,4,3245.5,17,1,3245.4,28,4,3245.3,38,4,3245.8,684,17,3245.9,416,3,3246.0,1263,6,3246.1,128,2,3246.2,91,2
11536,2025-12-30 15:14:20+05:30,3245.7,15,3250.84,2457088,69658.0,96738.0,3250.0,3267.5,3239.5,3251.5,46228875,3576.6,2926.4,4322.95,2866.6,3245.7,207,8,3245.6,245,4,3245.5,17,1,3245.4,28,4,3245.3,38,4,3245.8,684,17,3245.9,416,3,3246.0,1263,6,3246.1,128,2,3246.2,91,2
11536,2025-12-30 15:14:21+05:30,3245.7,84,3250.83,2458419,69674.0,96011.0,3250.0,3267.5,3239.5,3251.5,46228875,3576.6,2926.4,4322.95,2866.6,3245.7,63,3,3245.6,237,4,3245.5,17,1,3245.4,28,4,3245.3,38,4,3245.8,361,13,3245.9,416,3,3246.0,1263,6,3246.1,128,2,3246.2,92,3
11536,2025-12-30 15:14:22+05:30,3245.7,14,3250.83,2458637,69547.0,95420.0,3250.0,3267.5,3239.5,3251.5,46228875,3576.6,2926.4,4322.95,2866.6,3245.7,191,3,3245.6,237,4,3245.5,17,1,3245.4,28,4,3245.3,38,4,3245.8,356,12,3245.9,416,3,3246.0,1263,6,3246.1,160,4,3246.2,122,3
11536,2025-12-30 15:14:22+05:30,3245.7,1,3250.83,2458637,69547.0,95420.0,3250.0,3267.5,3239.5,3251.5,46228875,3576.6,2926.4,4322.95,2866.6,3245.7,191,3,3245.6,237,4,3245.5,17,1,3245.4,28,4,3245.3,38,4,3245.8,356,12,3245.9,416,3,3246.0,1263,6,3246.1,160,4,3246.2,122,3
11536,2025-12-30 15:14:23+05:30,3245.7,6,3250.83,2461657,69895.0,95904.0,3250.0,3267.5,3239.5,3251.5,46228875,3576.6,2926.4,4322.95,2866.6,3245.7,184,5,3245.6,306,5,3245.5,17,1,3245.4,28,4,3245.3,38,4,3245.8,34,5,3245.9,418,5,3246.0,1305,6,3246.1,129,3,3246.3,26,2
11536,2025-12-30 15:14:24+05:30,3245.8,8,3250.83,2461978,70108.0,95618.0,3250.0,3267.5,3239.5,3251.5,46228875,3576.6,2926.4,4322.95,2866.6,3245.8,170,5,3245.7,163,9,3245.6,306,5,3245.5,17,1,3245.4,59,6,3245.9,214,5,3246.0,1305,6,3246.1,129,3,3246.3,26,2,3246.4,27,2
11536,2025-12-30 15:14:24+05:30,3245.8,20,3250.83,2461978,70108.0,95618.0,3250.0,3267.5,3239.5,3251.5,46228875,3576.6,2926.4,4322.95,2866.6,3245.8,170,5,3245.7,163,9,3245.6,306,5,3245.5,17,1,3245.4,59,6,3245.9,214,5,3246.0,1305,6,3246.1,129,3,3246.3,26,2,3246.4,27,2
11536,2025-12-30 15:14:25+05:30,3245.9,1,3250.83,2462085,69830.0,93491.0,3250.0,3267.5,3239.5,3251.5,46228875,3576.6,2926.4,4322.95,2866.6,3245.8,210,7,3245.7,163,9,3245.6,237,4,3245.5,17,1,3245.4,28,4,3245.9,199,6,3246.0,1305,6,3246.1,129,3,3246.3,26,2,3246.4,27,2
11536,2025-12-30 15:14:26+05:30,3245.9,1,3250.83,2462085,69830.0,93491.0,3250.0,3267.5,3239.5,3251.5,46228875,3576.6,2926.4,4322.95,2866.6,3245.8,210,7,3245.7,163,9,3245.6,237,4,3245.5,17,1,3245.4,28,4,3245.9,199,6,3246.0,1305,6,3246.1,129,3,3246.3,26,2,3246.4,27,2
11536,2025-12-30 15:14:26+05:30,3245.9,9,3250.82,2462326,69833.0,96226.0,3250.0,3267.5,3239.5,3251.5,46228875,3576.6,2926.4,4322.95,2866.6,3245.8,264,11,3245.7,110,4,3245.6,237,4,3245.5,17,1,3245.4,28,4,3245.9,188,8,3246.0,1306,7,3246.1,128,2,3246.3,26,2,3246.4,109,3
11536,2025-12-30 15:14:27+05:30,3245.9,1,3250.82,2462605,67292.0,93214.0,3250.0,3267.5,3239.5,3251.5,46228875,3576.6,2926.4,4322.95,2866.6,3245.8,190,9,3245.7,110,4,3245.6,237,4,3245.5,17,1,3245.4,28,4,3245.9,11,2,3246.0,1306,7,3246.1,128,2,3246.3,26,2,3246.4,97,4
11536,2025-12-30 15:14:28+05:30,3245.8,16,3250.82,2462605,67292.0,93214.0,3250.0,3267.5,3239.5,3251.5,46228875,3576.6,2926.4,4322.95,2866.6,3245.8,190,9,3245.7,110,4,3245.6,237,4,3245.5,17,1,3245.4,28,4,3245.9,11,2,3246.0,1306,7,3246.1,128,2,3246.3,26,2,3246.4,97,4
11536,2025-12-30 15:14:29+05:30,3245.8,1,3250.82,2462676,69946.0,96597.0,3250.0,3267.5,3239.5,3251.5,46228875,3576.6,2926.4,4322.95,2866.6,3245.8,737,10,3245.7,109,3,3245.6,237,4,3245.5,17,1,3245.4,28,4,3245.9,42,5,3246.0,1305,6,3246.1,128,2,3246.2,69,2,3246.3,26,2
11536,2025-12-30 15:14:30+05:30,3245.9,155,3250.82,2463344,70323.0,95980.0,3250.0,3267.5,3239.5,3251.5,46228875,3576.6,2926.4,4322.95,2866.6,3245.9,69,1,3245.8,668,12,3245.7,109,3,3245.6,237,4,3245.5,17,1,3246.0,1176,7,3246.1,159,3,3246.2,46,1,3246.3,26,2,3246.4,124,6
11536,2025-12-30 15:14:31+05:30,3246.1,2,3250.82,2465267,71838.0,93015.0,3250.0,3267.5,3239.5,3251.5,46228875,3576.6,2926.4,4322.95,2866.6,3245.9,134,2,3245.8,624,8,3245.7,109,3,3245.6,237,4,3245.5,1692,2,3246.1,148,3,3246.2,31,1,3246.3,27,3,3246.4,97,4,3246.5,12,1
11536,2025-12-30 15:14:31+05:30,3245.9,2,3250.82,2465267,71838.0,93015.0,3250.0,3267.5,3239.5,3251.5,46228875,3576.6,2926.4,4322.95,2866.6,3245.9,134,2,3245.8,624,8,3245.7,109,3,3245.6,237,4,3245.5,1692,2,3246.1,148,3,3246.2,31,1,3246.3,27,3,3246.4,97,4,3246.5,12,1
11536,2025-12-30 15:14:32+05:30,3246.1,13,3250.82,2465509,71941.0,94491.0,3250.0,3267.5,3239.5,3251.5,46228875,3576.6,2926.4,4322.95,2866.6,3246.1,110,1,3246.0,71,1,3245.9,89,2,3245.8,626,10,3245.7,109,3,3246.2,1,1,3246.3,26,2,3246.4,109,5,3246.5,13,2,3246.6,120,5
11536,2025-12-30 15:14:33+05:30,3246.1,32,3250.82,2466653,71727.0,94502.0,3250.0,3267.5,3239.5,3251.5,46228875,3576.6,2926.4,4322.95,2866.6,3246.2,123,1,3246.1,356,3,3245.9,12,2,3245.7,96,3,3245.6,249,5,3246.3,62,4,3246.4,27,2,3246.5,44,2,3246.6,125,6,3246.7,33,2
11536,2025-12-30 15:14:33+05:30,3246.3,2,3250.82,2466653,71727.0,94502.0,3250.0,3267.5,3239.5,3251.5,46228875,3576.6,2926.4,4322.95,2866.6,3246.2,123,1,3246.1,356,3,3245.9,12,2,3245.7,96,3,3245.6,249,5,3246.3,62,4,3246.4,27,2,3246.5,44,2,3246.6,125,6,3246.7,33,2
11536,2025-12-30 15:14:34+05:30,3246.1,63,3250.82,2467072,71573.0,94694.0,3250.0,3267.5,3239.5,3251.5,46228875,3576.6,2926.4,4322.95,2866.6,3246.1,293,3,3245.9,12,2,3245.7,97,4,3245.6,335,6,3245.5,1693,3,3246.6,62,4,3246.7,91,4,3246.8,46,1,3246.9,71,5,3247.0,397,15
11536,2025-12-30 15:14:35+05:30,3246.6,1,3250.82,2467092,70906.0,94347.0,3250.0,3267.5,3239.5,3251.5,46228875,3576.6,2926.4,4322.95,2866.6,3246.1,328,7,3245.9,12,2,3245.7,97,4,3245.6,335,6,3245.5,1693,3,3246.6,47,4,3246.8,93,2,3246.9,71,5,3247.0,397,15,3247.1,171,3
11536,2025-12-30 15:14:35+05:30,3246.6,3,3250.82,2467092,70906.0,94347.0,3250.0,3267.5,3239.5,3251.5,46228875,3576.6,2926.4,4322.95,2866.6,3246.1,328,7,3245.9,12,2,3245.7,97,4,3245.6,335,6,3245.5,1693,3,3246.6,47,4,3246.8,93,2,3246.9,71,5,3247.0,397,15,3247.1,171,3
11536,2025-12-30 15:14:36+05:30,3246.8,8,3250.82,2467361,72074.0,94049.0,3250.0,3267.5,3239.5,3251.5,46228875,3576.6,2926.4,4322.95,2866.6,3246.6,8,1,3246.1,247,7,3245.7,199,5,3245.6,365,7,3245.5,1711,5,3246.8,67,2,3246.9,17,4,3247.0,398,15,3247.1,129,3,3247.2,77,4
11536,2025-12-30 15:14:37+05:30,3246.8,1,3250.82,2467361,72074.0,94049.0,3250.0,3267.5,3239.5,3251.5,46228875,3576.6,2926.4,4322.95,2866.6,3246.6,8,1,3246.1,247,7,3245.7,199,5,3245.6,365,7,3245.5,1711,5,3246.8,67,2,3246.9,17,4,3247.0,398,15,3247.1,129,3,3247.2,77,4
11536,2025-12-30 15:14:37+05:30,3246.8,1,3250.82,2467362,70733.0,93754.0,3250.0,3267.5,3239.5,3251.5,46228875,3576.6,2926.4,4322.95,2866.6,3246.8,122,1,3246.6,89,3,3246.5,175,1,3246.3,1,1,3246.1,195,7,3246.9,21,4,3247.0,368,15,3247.1,9,1,3247.2,80,3,3247.3,42,1
11536,2025-12-30 15:14:39+05:30,3246.9,1,3250.81,2467588,72272.0,92761.0,3250.0,3267.5,3239.5,3251.5,46228875,3576.6,2926.4,4322.95,2866.6,3246.8,429,2,3246.6,89,3,3246.5,175,1,3246.3,1,1,3246.1,5,5,3246.9,27,6,3247.0,325,13,3247.1,9,1,3247.2,106,5,3247.3,57,2
11536,2025-12-30 15:14:39+05:30,3246.9,18,3250.81,2467588,72272.0,92761.0,3250.0,3267.5,3239.5,3251.5,46228875,3576.6,2926.4,4322.95,2866.6,3246.8,429,2,3246.6,89,3,3246.5,175,1,3246.3,1,1,3246.1,5,5,3246.9,27,6,3247.0,325,13,3247.1,9,1,3247.2,106,5,3247.3,57,2
11536,2025-12-30 15:14:40+05:30,3246.8,1,3250.81,2468697,71340.0,94528.0,3250.0,3267.5,3239.5,3251.5,46228875,3576.6,2926.4,4322.95,2866.6,3246.8,222,2,3246.6,81,2,3246.3,1,1,3246.1,2,2,3246.0,1,1,3247.0,281,13,3247.1,40,2,3247.2,63,3,3247.3,105,4,3247.4,97,3
11536,2025-12-30 15:14:41+05:30,3246.8,1,3250.81,2469115,72005.0,94212.0,3250.0,3267.5,3239.5,3251.5,46228875,3576.6,2926.4,4322.95,2866.6,3246.8,319,5,3246.3,1,1,3246.1,11,3,3246.0,1,1,3245.9,1,1,3246.9,112,7,3247.0,510,16,3247.1,9,1,3247.2,129,5,3247.3,45,3
11536,2025-12-30 15:14:41+05:30,3246.6,123,3250.81,2469115,72005.0,94212.0,3250.0,3267.5,3239.5,3251.5,46228875,3576.6,2926.4,4322.95,2866.6,3246.8,319,5,3246.3,1,1,3246.1,11,3,3246.0,1,1,3245.9,1,1,3246.9,112,7,3247.0,510,16,3247.1,9,1,3247.2,129,5,3247.3,45,3
11536,2025-12-30 15:14:42+05:30,3245.7,67,3250.81,2471774,71131.0,93837.0,3250.0,3267.5,3239.5,3251.5,46228875,3576.6,2926.4,4322.95,2866.6,3245.7,131,2,3245.6,71,4,3245.5,1774,5,3245.4,236,5,3245.3,181,6,3246.9,66,6,3247.0,539,17,3247.1,64,3,3247.2,87,4,3247.3,31,1
11536,2025-12-30 15:14:43+05:30,3246.3,1,3250.81,2471797,71702.0,94301.0,3250.0,3267.5,3239.5,3251.5,46228875,3576.6,2926.4,4322.95,2866.6,3245.7,220,5,3245.6,140,4,3245.5,1822,6,3245.4,223,5,3245.3,313,6,3246.3,2,2,3246.6,2,1,3246.9,57,5,3247.0,539,17,3247.1,107,3
11536,2025-12-30 15:14:43+05:30,3245.7,11,3250.81,2471797,71702.0,94301.0,3250.0,3267.5,3239.5,3251.5,46228875,3576.6,2926.4,4322.95,2866.6,3245.7,220,5,3245.6,140,4,3245.5,1822,6,3245.4,223,5,3245.3,313,6,3246.3,2,2,3246.6,2,1,3246.9,57,5,3247.0,539,17,3247.1,107,3
11536,2025-12-30 15:14:44+05:30,3246.3,1,3250.81,2471842,69591.0,94413.0,3250.0,3267.5,3239.5,3251.5,46228875,3576.6,2926.4,4322.95,2866.6,3245.7,711,6,3245.6,206,4,3245.5,2303,6,3245.4,228,6,3245.3,342,7,3246.3,2,2,3246.4,9,2,3246.5,2,1,3246.9,29,3,3247.0,532,15
11536,2025-12-30 15:14:45+05:30,3246.3,2,3250.81,2471911,73438.0,94334.0,3250.0,3267.5,3239.5,3251.5,46228875,3576.6,2926.4,4322.95,2866.6,3245.9,23,1,3245.8,294,5,3245.7,890,11,3245.6,206,4,3245.5,2403,8,3246.3,7,3,3246.4,9,2,3246.5,2,1,3246.9,36,3,3247.0,532,15
11536,2025-12-30 15:14:45+05:30,3245.9,45,3250.81,2471911,73438.0,94334.0,3250.0,3267.5,3239.5,3251.5,46228875,3576.6,2926.4,4322.95,2866.6,3245.9,23,1,3245.8,294,5,3245.7,890,11,3245.6,206,4,3245.5,2403,8,3246.3,7,3,3246.4,9,2,3246.5,2,1,3246.9,36,3,3247.0,532,15
11536,2025-12-30 15:14:46+05:30,3246.0,9,3250.81,2472236,73436.0,94508.0,3250.0,3267.5,3239.5,3251.5,46228875,3576.6,2926.4,4322.95,2866.6,3246.0,61,1,3245.9,224,6,3245.8,45,3,3245.7,1118,12,3245.6,206,4,3246.3,24,7,3246.4,11,3,3246.9,36,3,3247.0,550,14,3247.1,120,3
11536,2025-12-30 15:14:47+05:30,3246.0,1,3250.81,2472246,73435.0,93483.0,3250.0,3267.5,3239.5,3251.5,46228875,3576.6,2926.4,4322.95,2866.6,3246.0,255,7,3245.9,190,7,3245.8,45,3,3245.7,942,10,3245.6,138,4,3246.3,160,8,3246.4,11,3,3246.5,21,1,3246.7,13,1,3246.9,31,2
11536,2025-12-30 15:14:47+05:30,3246.3,100,3250.81,2472246,73435.0,93483.0,3250.0,3267.5,3239.5,3251.5,46228875,3576.6,2926.4,4322.95,2866.6,3246.0,255,7,3245.9,190,7,3245.8,45,3,3245.7,942,10,3245.6,138,4,3246.3,160,8,3246.4,11,3,3246.5,21,1,3246.7,13,1,3246.9,31,2
11536,2025-12-30 15:14:48+05:30,3246.3,1,3250.81,2472478,74149.0,93008.0,3250.0,3267.5,3239.5,3251.5,46228875,3576.6,2926.4,4322.95,2866.6,3246.1,51,3,3246.0,787,12,3245.9,478,9,3245.8,161,5,3245.7,769,9,3246.3,50,7,3246.4,9,2,3246.5,31,2,3246.7,13,1,3246.9,31,2
11536,2025-12-30 15:14:49+05:30,3246.3,3,3250.81,2472478,74149.0,93008.0,3250.0,3267.5,3239.5,3251.5,46228875,3576.6,2926.4,4322.95,2866.6,3246.1,51,3,3246.0,787,12,3245.9,478,9,3245.8,161,5,3245.7,769,9,3246.3,50,7,3246.4,9,2,3246.5,31,2,3246.7,13,1,3246.9,31,2
11536,2025-12-30 15:14:49+05:30,3246.3,3,3250.81,2472518,74236.0,91429.0,3250.0,3267.5,3239.5,3251.5,46228875,3576.6,2926.4,4322.95,2866.6,3246.1,154,3,3246.0,788,13,3245.9,211,5,3245.8,311,6,3245.7,607,5,3246.3,37,4,3246.4,9,2,3246.5,31,2,3246.7,13,1,3246.9,41,3
11536,2025-12-30 15:14:51+05:30,3246.0,2,3250.8,2473883,74200.0,92782.0,3250.0,3267.5,3239.5,3251.5,46228875,3576.6,2926.4,4322.95,2866.6,3246.0,1049,10,3245.9,211,5,3245.8,45,3,3245.7,957,7,3245.6,138,4,3246.1,188,6,3246.2,2,2,3246.3,108,9,3246.4,12,1,3246.5,32,3
11536,2025-12-30 15:14:51+05:30,3246.0,17,3250.8,2473883,74200.0,92782.0,3250.0,3267.5,3239.5,3251.5,46228875,3576.6,2926.4,4322.95,2866.6,3246.0,1049,10,3245.9,211,5,3245.8,45,3,3245.7,957,7,3245.6,138,4,3246.1,188,6,3246.2,2,2,3246.3,108,9,3246.4,12,1,3246.5,32,3
11536,2025-12-30 15:14:52+05:30,3246.0,17,3250.8,2474021,74056.0,93764.0,3250.0,3267.5,3239.5,3251.5,46228875,3576.6,2926.4,4322.95,2866.6,3246.0,1025,7,3245.9,211,5,3245.8,45,3,3245.7,957,7,3245.6,138,4,3246.1,105,5,3246.2,3,3,3246.3,106,7,3246.4,13,2,3246.5,50,4
11536,2025-12-30 15:14:53+05:30,3246.0,2,3250.8,2474509,73870.0,95096.0,3250.0,3267.5,3239.5,3251.5,46228875,3576.6,2926.4,4322.95,2866.6,3246.0,774,5,3245.9,359,6,3245.8,45,3,3245.7,607,5,3245.6,313,5,3246.1,78,5,3246.2,3,3,3246.3,103,5,3246.4,13,2,3246.5,50,4
11536,2025-12-30 15:14:53+05:30,3246.0,15,3250.8,2474509,73870.0,95096.0,3250.0,3267.5,3239.5,3251.5,46228875,3576.6,2926.4,4322.95,2866.6,3246.0,774,5,3245.9,359,6,3245.8,45,3,3245.7,607,5,3245.6,313,5,3246.1,78,5,3246.2,3,3,3246.3,103,5,3246.4,13,2,3246.5,50,4
11536,2025-12-30 15:14:54+05:30,3246.1,245,3250.8,2475768,75061.0,93656.0,3250.0,3267.5,3239.5,3251.5,46228875,3576.6,2926.4,4322.95,2866.6,3246.0,619,7,3245.9,434,8,3245.8,109,5,3245.7,639,6,3245.6,379,7,3246.1,245,1,3246.2,14,4,3246.3,104,6,3246.4,12,1,3246.5,40,3
11536,2025-12-30 15:14:55+05:30,3246.5,1,3250.8,2476816,73459.0,93440.0,3250.0,3267.5,3239.5,3251.5,46228875,3576.6,2926.4,4322.95,2866.6,3246.7,1,1,3246.2,213,4,3246.1,46,3,3246.0,982,9,3245.9,461,8,3247.0,255,12,3247.3,2,1,3247.7,20,1,3247.8,43,2,3247.9,42,2
11536,2025-12-30 15:14:55+05:30,3247.0,4,3250.8,2476816,73459.0,93440.0,3250.0,3267.5,3239.5,3251.5,46228875,3576.6,2926.4,4322.95,2866.6,3246.7,1,1,3246.2,213,4,3246.1,46,3,3246.0,982,9,3245.9,461,8,3247.0,255,12,3247.3,2,1,3247.7,20,1,3247.8,43,2,3247.9,42,2
11536,2025-12-30 15:14:56+05:30,3246.7,11,3250.8,2476914,74923.0,93516.0,3250.0,3267.5,3239.5,3251.5,46228875,3576.6,2926.4,4322.95,2866.6,3246.7,67,3,3246.4,32,1,3246.3,32,1,3246.2,138,1,3246.1,183,2,3247.0,251,13,3247.2,14,1,3247.4,20,1,3247.5,38,1,3247.7,51,2
11536,2025-12-30 15:14:56+05:30,3246.7,11,3250.8,2476914,74923.0,93516.0,3250.0,3267.5,3239.5,3251.5,46228875,3576.6,2926.4,4322.95,2866.6,3246.7,67,3,3246.4,32,1,3246.3,32,1,3246.2,138,1,3246.1,183,2,3247.0,251,13,3247.2,14,1,3247.4,20,1,3247.5,38,1,3247.7,51,2
11536,2025-12-30 15:14:57+05:30,3247.0,2,3250.8,2477022,73488.0,92509.0,3250.0,3267.5,3239.5,3251.5,46228875,3576.6,2926.4,4322.95,2866.6,3246.7,97,3,3246.4,12,1,3246.2,138,1,3246.1,117,4,3246.0,521,5,3247.0,239,13,3247.4,20,1,3247.6,26,1,3247.7,140,4,3247.8,81,3
11536,2025-12-30 15:14:57+05:30,3246.7,2,3250.8,2477022,73488.0,92509.0,3250.0,3267.5,3239.5,3251.5,46228875,3576.6,2926.4,4322.95,2866.6,3246.7,97,3,3246.4,12,1,3246.2,138,1,3246.1,117,4,3246.0,521,5,3247.0,239,13,3247.4,20,1,3247.6,26,1,3247.7,140,4,3247.8,81,3
11536,2025-12-30 15:14:58+05:30,3246.7,2,3250.8,2477022,73488.0,92509.0,3250.0,3267.5,3239.5,3251.5,46228875,3576.6,2926.4,4322.95,2866.6,3246.7,97,3,3246.4,12,1,3246.2,138,1,3246.1,117,4,3246.0,521,5,3247.0,239,13,3247.4,20,1,3247.6,26,1,3247.7,140,4,3247.8,81,3
11536,2025-12-30 15:14:58+05:30,3246.7,1,3250.8,2477236,71906.0,94007.0,3250.0,3267.5,3239.5,3251.5,46228875,3576.6,2926.4,4322.95,2866.6,3246.7,42,1,3246.5,1,1,3246.4,12,1,3246.2,138,1,3246.1,56,3,3247.0,274,15,3247.1,12,1,3247.2,43,1,3247.4,20,1,3247.5,31,1
11536,2025-12-30 15:14:58+05:30,3246.7,39,3250.8,2477236,71906.0,94007.0,3250.0,3267.5,3239.5,3251.5,46228875,3576.6,2926.4,4322.95,2866.6,3246.7,42,1,3246.5,1,1,3246.4,12,1,3246.2,138,1,3246.1,56,3,3247.0,274,15,3247.1,12,1,3247.2,43,1,3247.4,20,1,3247.5,31,1
11536,2025-12-30 15:14:59+05:30,3246.7,39,3250.8,2477275,74837.0,94290.0,3250.0,3267.5,3239.5,3251.5,46228875,3576.6,2926.4,4322.95,2866.6,3246.7,49,2,3246.5,1,1,3246.4,12,1,3246.2,138,1,3246.1,24,2,3247.0,274,15,3247.2,43,1,3247.4,15,1,3247.6,65,2,3247.7,121,4
11536,2025-12-30 15:14:59+05:30,3246.7,39,3250.8,2477275,74837.0,94290.0,3250.0,3267.5,3239.5,3251.5,46228875,3576.6,2926.4,4322.95,2866.6,3246.7,49,2,3246.5,1,1,3246.4,12,1,3246.2,138,1,3246.1,24,2,3247.0,274,15,3247.2,43,1,3247.4,15,1,3247.6,65,2,3247.7,121,4
11536,2025-12-30 15:15:00+05:30,3247.0,1,3250.8,2478024,70108.0,92113.0,3250.0,3267.5,3239.5,3251.5,46228875,3576.6,2926.4,4322.95,2866.6,3246.8,287,1,3246.7,70,6,3246.5,1,1,3246.4,12,1,3246.1,264,4,3247.0,515,23,3247.1,39,2,3247.2,111,3,3247.3,14,1,3247.4,158,3
11536,2025-12-30 15:15:00+05:30,3247.0,1,3250.8,2478024,70108.0,92113.0,3250.0,3267.5,3239.5,3251.5,46228875,3576.6,2926.4,4322.95,2866.6,3246.8,287,1,3246.7,70,6,3246.5,1,1,3246.4,12,1,3246.1,264,4,3247.0,515,23,3247.1,39,2,3247.2,111,3,3247.3,14,1,3247.4,158,3
11536,2025-12-30 15:15:01+05:30,3247.0,28,3250.8,2478292,70178.0,91770.0,3250.0,3267.5,3239.5,3251.5,46228875,3576.6,2926.4,4322.95,2866.6,3246.9,38,1,3246.8,240,4,3246.7,73,6,3246.5,1,1,3246.4,12,1,3247.0,418,21,3247.1,39,2,3247.2,94,3,3247.3,50,2,3247.4,85,3
11536,2025-12-30 15:15:01+05:30,3247.0,28,3250.8,2478292,70178.0,91770.0,3250.0,3267.5,3239.5,3251.5,46228875,3576.6,2926.4,4322.95,2866.6,3246.9,38,1,3246.8,240,4,3246.7,73,6,3246.5,1,1,3246.4,12,1,3247.0,418,21,3247.1,39,2,3247.2,94,3,3247.3,50,2,3247.4,85,3
11536,2025-12-30 15:15:01+05:30,3246.9,9,3250.8,2478292,70178.0,91770.0,3250.0,3267.5,3239.5,3251.5,46228875,3576.6,2926.4,4322.95,2866.6,3246.9,38,1,3246.8,240,4,3246.7,73,6,3246.5,1,1,3246.4,12,1,3247.0,418,21,3247.1,39,2,3247.2,94,3,3247.3,50,2,3247.4,85,3
11536,2025-12-30 15:15:02+05:30,3246.9,9,3250.8,2478292,70178.0,91770.0,3250.0,3267.5,3239.5,3251.5,46228875,3576.6,2926.4,4322.95,2866.6,3246.9,38,1,3246.8,240,4,3246.7,73,6,3246.5,1,1,3246.4,12,1,3247.0,418,21,3247.1,39,2,3247.2,94,3,3247.3,50,2,3247.4,85,3
11536,2025-12-30 15:15:02+05:30,3246.9,32,3250.8,2478725,69687.0,91987.0,3250.0,3267.5,3239.5,3251.5,46228875,3576.6,2926.4,4322.95,2866.6,3246.9,10,2,3246.8,191,6,3246.7,73,6,3246.5,1,1,3246.4,12,1,3247.0,369,21,3247.1,49,4,3247.2,112,3,3247.3,51,3,3247.4,203,5
11536,2025-12-30 15:15:03+05:30,3247.0,1,3250.8,2478725,69687.0,91987.0,3250.0,3267.5,3239.5,3251.5,46228875,3576.6,2926.4,4322.95,2866.6,3246.9,10,2,3246.8,191,6,3246.7,73,6,3246.5,1,1,3246.4,12,1,3247.0,369,21,3247.1,49,4,3247.2,112,3,3247.3,51,3,3247.4,203,5
11536,2025-12-30 15:15:04+05:30,3247.0,2,3250.79,2479005,69708.0,91893.0,3250.0,3267.5,3239.5,3251.5,46228875,3576.6,2926.4,4322.95,2866.6,3246.9,3,3,3246.8,189,8,3246.7,72,5,3246.4,12,1,3246.1,126,3,3247.0,258,16,3247.1,10,2,3247.3,1,1,3247.4,136,3,3247.5,52,2
11536,2025-12-30 15:15:04+05:30,3247.0,2,3250.79,2479005,69708.0,91893.0,3250.0,3267.5,3239.5,3251.5,46228875,3576.6,2926.4,4322.95,2866.6,3246.9,3,3,3246.8,189,8,3246.7,72,5,3246.4,12,1,3246.1,126,3,3247.0,258,16,3247.1,10,2,3247.3,1,1,3247.4,136,3,3247.5,52,2
11536,2025-12-30 15:15:05+05:30,3247.0,2,3250.79,2479005,69708.0,91893.0,3250.0,3267.5,3239.5,3251.5,46228875,3576.6,2926.4,4322.95,2866.6,3246.9,3,3,3246.8,189,8,3246.7,72,5,3246.4,12,1,3246.1,126,3,3247.0,258,16,3247.1,10,2,3247.3,1,1,3247.4,136,3,3247.5,52,2
11536,2025-12-30 15:15:05+05:30,3246.9,1,3250.79,2479083,70089.0,92466.0,3250.0,3267.5,3239.5,3251.5,46228875,3576.6,2926.4,4322.95,2866.6,3246.9,429,5,3246.8,160,6,3246.7,72,5,3246.4,12,1,3246.1,126,3,3247.0,354,19,3247.1,40,3,3247.2,1,1,3247.4,128,3,3247.5,52,2
11536,2025-12-30 15:15:05+05:30,3246.9,1,3250.79,2479083,70089.0,92466.0,3250.0,3267.5,3239.5,3251.5,46228875,3576.6,2926.4,4322.95,2866.6,3246.9,429,5,3246.8,160,6,3246.7,72,5,3246.4,12,1,3246.1,126,3,3247.0,354,19,3247.1,40,3,3247.2,1,1,3247.4,128,3,3247.5,52,2
11536,2025-12-30 15:15:05+05:30,3246.9,55,3250.79,2479083,70089.0,92466.0,3250.0,3267.5,3239.5,3251.5,46228875,3576.6,2926.4,4322.95,2866.6,3246.9,429,5,3246.8,160,6,3246.7,72,5,3246.4,12,1,3246.1,126,3,3247.0,354,19,3247.1,40,3,3247.2,1,1,3247.4,128,3,3247.5,52,2
11536,2025-12-30 15:15:06+05:30,3246.9,1,3250.79,2481339,69052.0,92868.0,3250.0,3267.5,3239.5,3251.5,46228875,3576.6,2926.4,4322.95,2866.6,3246.8,79,3,3246.7,53,4,3246.6,10,1,3246.4,12,1,3246.2,29,1,3246.9,82,3,3247.0,311,12,3247.1,41,4,3247.3,19,1,3247.4,15,1
11536,2025-12-30 15:15:06+05:30,3246.9,1,3250.79,2481339,69052.0,92868.0,3250.0,3267.5,3239.5,3251.5,46228875,3576.6,2926.4,4322.95,2866.6,3246.8,79,3,3246.7,53,4,3246.6,10,1,3246.4,12,1,3246.2,29,1,3246.9,82,3,3247.0,311,12,3247.1,41,4,3247.3,19,1,3247.4,15,1
11536,2025-12-30 15:15:07+05:30,3246.9,30,3250.79,2481574,69284.0,92545.0,3250.0,3267.5,3239.5,3251.5,46228875,3576.6,2926.4,4322.95,2866.6,3246.8,292,10,3246.7,93,5,3246.4,12,1,3246.1,146,4,3246.0,258,4,3246.9,80,6,3247.0,315,14,3247.1,55,4,3247.4,111,2,3247.5,10,1
11536,2025-12-30 15:15:07+05:30,3246.9,30,3250.79,2481574,69284.0,92545.0,3250.0,3267.5,3239.5,3251.5,46228875,3576.6,2926.4,4322.95,2866.6,3246.8,292,10,3246.7,93,5,3246.4,12,1,3246.1,146,4,3246.0,258,4,3246.9,80,6,3247.0,315,14,3247.1,55,4,3247.4,111,2,3247.5,10,1
11536,2025-12-30 15:15:07+05:30,3246.8,1,3250.79,2481574,69284.0,92545.0,3250.0,3267.5,3239.5,3251.5,46228875,3576.6,2926.4,4322.95,2866.6,3246.8,292,10,3246.7,93,5,3246.4,12,1,3246.1,146,4,3246.0,258,4,3246.9,80,6,3247.0,315,14,3247.1,55,4,3247.4,111,2,3247.5,10,1
11536,2025-12-30 15:15:08+05:30,3246.8,58,3250.79,2481963,66981.0,92415.0,3250.0,3267.5,3239.5,3251.5,46228875,3576.6,2926.4,4322.95,2866.6,3246.8,101,6,3246.7,93,5,3246.6,41,2,3246.4,42,2,3246.3,19,1,3246.9,85,9,3247.0,311,12,3247.1,54,3,3247.4,15,1,3247.5,10,1
11536,2025-12-30 15:15:08+05:30,3246.8,58,3250.79,2481963,66981.0,92415.0,3250.0,3267.5,3239.5,3251.5,46228875,3576.6,2926.4,4322.95,2866.6,3246.8,101,6,3246.7,93,5,3246.6,41,2,3246.4,42,2,3246.3,19,1,3246.9,85,9,3247.0,311,12,3247.1,54,3,3247.4,15,1,3247.5,10,1
11536,2025-12-30 15:15:09+05:30,3246.9,1,3250.79,2482065,71609.0,92582.0,3250.0,3267.5,3239.5,3251.5,46228875,3576.6,2926.4,4322.95,2866.6,3246.8,483,6,3246.7,230,7,3246.6,12,2,3246.4,42,2,3246.3,157,2,3246.9,43,9,3247.0,317,11,3247.1,56,3,3247.4,15,1,3247.5,10,1
11536,2025-12-30 15:15:09+05:30,3246.8,1,3250.79,2482065,71609.0,92582.0,3250.0,3267.5,3239.5,3251.5,46228875,3576.6,2926.4,4322.95,2866.6,3246.8,483,6,3246.7,230,7,3246.6,12,2,3246.4,42,2,3246.3,157,2,3246.9,43,9,3247.0,317,11,3247.1,56,3,3247.4,15,1,3247.5,10,1
11536,2025-12-30 15:15:10+05:30,3246.8,1,3250.79,2482065,71609.0,92582.0,3250.0,3267.5,3239.5,3251.5,46228875,3576.6,2926.4,4322.95,2866.6,3246.8,483,6,3246.7,230,7,3246.6,12,2,3246.4,42,2,3246.3,157,2,3246.9,43,9,3247.0,317,11,3247.1,56,3,3247.4,15,1,3247.5,10,1
11536,2025-12-30 15:15:10+05:30,3246.9,20,3250.79,2482950,71408.0,93222.0,3250.0,3267.5,3239.5,3251.5,46228875,3576.6,2926.4,4322.95,2866.6,3246.8,106,5,3246.7,230,7,3246.6,10,1,3246.4,61,3,3246.3,138,1,3246.9,35,7,3247.0,317,11,3247.1,57,4,3247.4,15,1,3247.5,42,2
11536,2025-12-30 15:15:11+05:30,3246.9,4,3250.79,2483279,71414.0,91205.0,3250.0,3267.5,3239.5,3251.5,46228875,3576.6,2926.4,4322.95,2866.6,3246.8,176,9,3246.7,240,7,3246.6,49,3,3246.4,55,3,3246.3,174,2,3246.9,8,3,3247.0,317,11,3247.1,58,4,3247.2,16,2,3247.3,1,1
11536,2025-12-30 15:15:11+05:30,3246.9,4,3250.79,2483279,71414.0,91205.0,3250.0,3267.5,3239.5,3251.5,46228875,3576.6,2926.4,4322.95,2866.6,3246.8,176,9,3246.7,240,7,3246.6,49,3,3246.4,55,3,3246.3,174,2,3246.9,8,3,3247.0,317,11,3247.1,58,4,3247.2,16,2,3247.3,1,1
11536,2025-12-30 15:15:11+05:30,3246.9,1,3250.79,2483279,71414.0,91205.0,3250.0,3267.5,3239.5,3251.5,46228875,3576.6,2926.4,4322.95,2866.6,3246.8,176,9,3246.7,240,7,3246.6,49,3,3246.4,55,3,3246.3,174,2,3246.9,8,3,3247.0,317,11,3247.1,58,4,3247.2,16,2,3247.3,1,1
11536,2025-12-30 15:15:12+05:30,3246.8,2,3250.79,2483333,71303.0,90174.0,3250.0,3267.5,3239.5,3251.5,46228875,3576.6,2926.4,4322.95,2866.6,3246.8,176,6,3246.7,240,7,3246.6,10,1,3246.4,12,1,3246.1,158,4,3246.9,21,3,3247.0,317,11,3247.1,55,4,3247.2,17,3,3247.5,41,2
11536,2025-12-30 15:15:13+05:30,3246.8,2,3250.79,2483333,71303.0,90174.0,3250.0,3267.5,3239.5,3251.5,46228875,3576.6,2926.4,4322.95,2866.6,3246.8,176,6,3246.7,240,7,3246.6,10,1,3246.4,12,1,3246.1,158,4,3246.9,21,3,3247.0,317,11,3247.1,55,4,3247.2,17,3,3247.5,41,2
11536,2025-12-30 15:15:13+05:30,3246.8,25,3250.79,2483511,71368.0,92782.0,3250.0,3267.5,3239.5,3251.5,46228875,3576.6,2926.4,4322.95,2866.6,3246.8,60,2,3246.7,324,8,3246.6,10,1,3246.4,12,1,3246.1,126,3,3246.9,25,3,3247.0,354,12,3247.1,82,5,3247.2,60,5,3247.3,32,1
11536,2025-12-30 15:15:13+05:30,3246.8,25,3250.79,2483511,71368.0,92782.0,3250.0,3267.5,3239.5,3251.5,46228875,3576.6,2926.4,4322.95,2866.6,3246.8,60,2,3246.7,324,8,3246.6,10,1,3246.4,12,1,3246.1,126,3,3246.9,25,3,3247.0,354,12,3247.1,82,5,3247.2,60,5,3247.3,32,1
11536,2025-12-30 15:15:14+05:30,3246.9,1,3250.79,2483700,68897.0,93282.0,3250.0,3267.5,3239.5,3251.5,46228875,3576.6,2926.4,4322.95,2866.6,3246.8,188,3,3246.7,324,8,3246.6,10,1,3246.4,12,1,3246.1,126,3,3246.9,109,8,3247.0,338,10,3247.1,110,8,3247.2,89,5,3247.3,50,3
11536,2025-12-30 15:15:15+05:30,3246.9,1,3250.79,2483700,68897.0,93282.0,3250.0,3267.5,3239.5,3251.5,46228875,3576.6,2926.4,4322.95,2866.6,3246.8,188,3,3246.7,324,8,3246.6,10,1,3246.4,12,1,3246.1,126,3,3246.9,109,8,3247.0,338,10,3247.1,110,8,3247.2,89,5,3247.3,50,3
11536,2025-12-30 15:15:15+05:30,3246.8,12,3250.79,2483700,68897.0,93282.0,3250.0,3267.5,3239.5,3251.5,46228875,3576.6,2926.4,4322.95,2866.6,3246.8,188,3,3246.7,324,8,3246.6,10,1,3246.4,12,1,3246.1,126,3,3246.9,109,8,3247.0,338,10,3247.1,110,8,3247.2,89,5,3247.3,50,3
11536,2025-12-30 15:15:16+05:30,3246.8,1,3250.78,2485719,69529.0,93392.0,3250.0,3267.5,3239.5,3251.5,46228875,3576.6,2926.4,4322.95,2866.6,3246.7,73,1,3246.4,12,1,3246.1,126,3,3246.0,91,2,3245.9,11,1,3246.8,125,6,3246.9,83,6,3247.0,168,12,3247.1,179,8,3247.2,86,5
11536,2025-12-30 15:15:16+05:30,3246.8,1,3250.78,2485719,69529.0,93392.0,3250.0,3267.5,3239.5,3251.5,46301325,3576.6,2926.4,4322.95,2866.6,3246.7,73,1,3246.4,12,1,3246.1,126,3,3246.0,91,2,3245.9,11,1,3246.8,125,6,3246.9,83,6,3247.0,168,12,3247.1,179,8,3247.2,86,5
11536,2025-12-30 15:15:17+05:30,3246.8,8,3250.78,2485792,69736.0,94135.0,3250.0,3267.5,3239.5,3251.5,46301325,3576.6,2926.4,4322.95,2866.6,3246.7,20,2,3246.4,12,1,3246.1,126,3,3246.0,91,2,3245.9,11,1,3246.8,353,7,3246.9,46,7,3247.0,133,10,3247.1,224,10,3247.2,86,5
11536,2025-12-30 15:15:17+05:30,3246.8,8,3250.78,2485792,69736.0,94135.0,3250.0,3267.5,3239.5,3251.5,46301325,3576.6,2926.4,4322.95,2866.6,3246.7,20,2,3246.4,12,1,3246.1,126,3,3246.0,91,2,3245.9,11,1,3246.8,353,7,3246.9,46,7,3247.0,133,10,3247.1,224,10,3247.2,86,5
11536,2025-12-30 15:15:18+05:30,3246.7,11,3250.78,2485823,70123.0,94188.0,3250.0,3267.5,3239.5,3251.5,46301325,3576.6,2926.4,4322.95,2866.6,3246.7,341,7,3246.4,12,1,3246.1,126,3,3246.0,91,2,3245.9,11,1,3246.8,299,6,3246.9,97,9,3247.0,129,10,3247.1,128,6,3247.2,59,4
11536,2025-12-30 15:15:18+05:30,3246.7,11,3250.78,2485823,70123.0,94188.0,3250.0,3267.5,3239.5,3251.5,46301325,3576.6,2926.4,4322.95,2866.6,3246.7,341,7,3246.4,12,1,3246.1,126,3,3246.0,91,2,3245.9,11,1,3246.8,299,6,3246.9,97,9,3247.0,129,10,3247.1,128,6,3247.2,59,4
11536,2025-12-30 15:15:19+05:30,3246.7,30,3250.78,2486116,69833.0,93820.0,3250.0,3267.5,3239.5,3251.5,46301325,3576.6,2926.4,4322.95,2866.6,3246.7,120,3,3246.6,51,1,3246.4,12,1,3246.1,113,2,3246.0,91,2,3246.8,315,6,3246.9,121,8,3247.0,198,12,3247.1,128,6,3247.2,156,6
11536,2025-12-30 15:15:19+05:30,3246.7,1,3250.78,2486116,69833.0,93820.0,3250.0,3267.5,3239.5,3251.5,46301325,3576.6,2926.4,4322.95,2866.6,3246.7,120,3,3246.6,51,1,3246.4,12,1,3246.1,113,2,3246.0,91,2,3246.8,315,6,3246.9,121,8,3247.0,198,12,3247.1,128,6,3247.2,156,6
11536,2025-12-30 15:15:20+05:30,3246.7,13,3250.78,2486824,69965.0,93398.0,3250.0,3267.5,3239.5,3251.5,46301325,3576.6,2926.4,4322.95,2866.6,3246.6,50,1,3246.4,12,1,3246.1,113,2,3246.0,91,2,3245.9,11,1,3246.7,31,2,3246.8,228,4,3246.9,52,5,3247.0,149,12,3247.1,90,6
11536,2025-12-30 15:15:21+05:30,3246.8,2,3250.78,2487295,70857.0,90690.0,3250.0,3267.5,3239.5,3251.5,46301325,3576.6,2926.4,4322.95,2866.6,3246.7,16,2,3246.6,47,1,3246.4,45,2,3246.1,113,2,3246.0,121,3,3246.8,212,4,3246.9,36,3,3247.0,109,11,3247.1,69,5,3247.2,36,3
11536,2025-12-30 15:15:21+05:30,3246.7,8,3250.78,2487295,70857.0,90690.0,3250.0,3267.5,3239.5,3251.5,46301325,3576.6,2926.4,4322.95,2866.6,3246.7,16,2,3246.6,47,1,3246.4,45,2,3246.1,113,2,3246.0,121,3,3246.8,212,4,3246.9,36,3,3247.0,109,11,3247.1,69,5,3247.2,36,3
11536,2025-12-30 15:15:22+05:30,3246.7,1,3250.78,2488198,70784.0,92720.0,3250.0,3267.5,3239.5,3251.5,46301325,3576.6,2926.4,4322.95,2866.6,3246.7,1,1,3246.4,25,2,3246.1,113,2,3246.0,91,2,3245.9,11,1,3246.8,43,4,3246.9,869,5,3247.0,188,14,3247.1,69,5,3247.2,101,4
11536,2025-12-30 15:15:23+05:30,3246.8,4,3250.78,2488263,68268.0,93511.0,3250.0,3267.5,3239.5,3251.5,46301325,3576.6,2926.4,4322.95,2866.6,3246.8,51,1,3246.7,45,1,3246.4,12,1,3246.1,113,2,3246.0,121,3,3246.9,863,4,3247.0,110,12,3247.1,68,4,3247.2,23,3,3247.3,27,2
11536,2025-12-30 15:15:23+05:30,3246.9,4,3250.78,2488263,68268.0,93511.0,3250.0,3267.5,3239.5,3251.5,46301325,3576.6,2926.4,4322.95,2866.6,3246.8,51,1,3246.7,45,1,3246.4,12,1,3246.1,113,2,3246.0,121,3,3246.9,863,4,3247.0,110,12,3247.1,68,4,3247.2,23,3,3247.3,27,2
11536,2025-12-30 15:15:24+05:30,3246.9,1,3250.78,2488446,72186.0,93816.0,3250.0,3267.5,3239.5,3251.5,46301325,3576.6,2926.4,4322.95,2866.6,3246.8,450,4,3246.7,45,1,3246.4,12,1,3246.3,30,1,3246.1,113,2,3246.9,887,5,3247.0,110,12,3247.1,69,5,3247.2,21,2,3247.3,58,3
11536,2025-12-30 15:15:24+05:30,3246.9,1,3250.78,2488446,72186.0,93816.0,3250.0,3267.5,3239.5,3251.5,46301325,3576.6,2926.4,4322.95,2866.6,3246.8,450,4,3246.7,45,1,3246.4,12,1,3246.3,30,1,3246.1,113,2,3246.9,887,5,3247.0,110,12,3247.1,69,5,3247.2,21,2,3247.3,58,3
11536,2025-12-30 15:15:25+05:30,3246.9,4,3250.78,2489430,72926.0,92623.0,3250.0,3267.5,3239.5,3251.5,46301325,3576.6,2926.4,4322.95,2866.6,3246.8,486,7,3246.7,45,1,3246.6,33,1,3246.4,105,3,3246.3,32,1,3246.9,27,3,3247.0,110,12,3247.1,69,5,3247.2,21,2,3247.3,13,1
11536,2025-12-30 15:15:27+05:30,3247.0,7,3250.78,2490026,74551.0,92698.0,3250.0,3267.5,3239.5,3251.5,46301325,3576.6,2926.4,4322.95,2866.6,3246.8,858,16,3246.7,66,2,3246.6,128,3,3246.4,169,5,3246.3,177,3,3247.0,45,5,3247.1,68,4,3247.2,21,2,3247.3,13,1,3247.4,12,1
11536,2025-12-30 15:15:27+05:30,3247.0,1,3250.78,2490026,74551.0,92698.0,3250.0,3267.5,3239.5,3251.5,46301325,3576.6,2926.4,4322.95,2866.6,3246.8,858,16,3246.7,66,2,3246.6,128,3,3246.4,169,5,3246.3,177,3,3247.0,45,5,3247.1,68,4,3247.2,21,2,3247.3,13,1,3247.4,12,1
11536,2025-12-30 15:15:28+05:30,3247.0,1,3250.78,2490332,73491.0,92028.0,3250.0,3267.5,3239.5,3251.5,46301325,3576.6,2926.4,4322.95,2866.6,3247.0,30,3,3246.9,163,3,3246.8,771,15,3246.7,132,3,3246.6,96,3,3247.2,66,3,3247.3,13,1,3247.4,12,1,3247.5,10,1,3247.6,24,2
11536,2025-12-30 15:15:28+05:30,3247.2,45,3250.78,2490332,73491.0,92028.0,3250.0,3267.5,3239.5,3251.5,46301325,3576.6,2926.4,4322.95,2866.6,3247.0,30,3,3246.9,163,3,3246.8,771,15,3246.7,132,3,3246.6,96,3,3247.2,66,3,3247.3,13,1,3247.4,12,1,3247.5,10,1,3247.6,24,2
11536,2025-12-30 15:15:29+05:30,3247.2,45,3250.78,2490467,69822.0,90385.0,3250.0,3267.5,3239.5,3251.5,46301325,3576.6,2926.4,4322.95,2866.6,3247.0,18,4,3246.9,51,1,3246.8,736,12,3246.7,66,2,3246.5,138,1,3247.4,12,1,3247.5,10,1,3247.6,24,2,3247.7,20,1,3247.8,13,2
11536,2025-12-30 15:15:30+05:30,3247.3,30,3250.78,2490508,73975.0,92319.0,3250.0,3267.5,3239.5,3251.5,46301325,3576.6,2926.4,4322.95,2866.6,3247.3,10,1,3247.0,653,10,3246.8,427,8,3246.7,73,3,3246.6,33,2,3247.4,22,4,3247.5,10,1,3247.6,24,2,3247.7,20,1,3247.8,13,2
11536,2025-12-30 15:15:30+05:30,3247.0,17,3250.78,2490508,73975.0,92319.0,3250.0,3267.5,3239.5,3251.5,46301325,3576.6,2926.4,4322.95,2866.6,3247.3,10,1,3247.0,653,10,3246.8,427,8,3246.7,73,3,3246.6,33,2,3247.4,22,4,3247.5,10,1,3247.6,24,2,3247.7,20,1,3247.8,13,2
11536,2025-12-30 15:15:31+05:30,3247.3,3,3250.77,2491569,74287.0,93671.0,3250.0,3267.5,3239.5,3251.5,46301325,3576.6,2926.4,4322.95,2866.6,3247.0,652,10,3246.9,52,3,3246.8,438,8,3246.7,86,2,3246.6,87,5,3247.3,65,5,3247.4,259,6,3247.5,10,1,3247.6,51,5,3247.7,22,2
11536,2025-12-30 15:15:32+05:30,3247.3,14,3250.77,2491661,74811.0,91851.0,3250.0,3267.5,3239.5,3251.5,46301325,3576.6,2926.4,4322.95,2866.6,3247.0,858,12,3246.9,51,3,3246.8,449,9,3246.7,54,1,3246.6,44,3,3247.3,79,5,3247.4,291,8,3247.5,10,1,3247.6,47,6,3247.7,40,2
11536,2025-12-30 15:15:32+05:30,3247.2,5,3250.77,2491661,74811.0,91851.0,3250.0,3267.5,3239.5,3251.5,46301325,3576.6,2926.4,4322.95,2866.6,3247.0,858,12,3246.9,51,3,3246.8,449,9,3246.7,54,1,3246.6,44,3,3247.3,79,5,3247.4,291,8,3247.5,10,1,3247.6,47,6,3247.7,40,2
11536,2025-12-30 15:15:33+05:30,3249.1,21,3250.77,2497825,74787.0,91998.0,3250.0,3267.5,3239.5,3251.5,46301325,3576.6,2926.4,4322.95,2866.6,3247.3,242,1,3247.2,3,1,3247.1,82,2,3247.0,1114,18,3246.9,96,5,3249.1,282,10,3249.2,56,2,3249.3,81,2,3249.4,237,5,3249.5,52,1
11536,2025-12-30 15:15:34+05:30,3247.8,155,3250.77,2497988,74806.0,91527.0,3250.0,3267.5,3239.5,3251.5,46301325,3576.6,2926.4,4322.95,2866.6,3247.8,23,1,3247.5,42,1,3247.4,58,1,3247.3,157,3,3247.2,124,3,3248.2,4,1,3248.9,31,1,3249.0,92,2,3249.1,261,6,3249.2,36,2
11536,2025-12-30 15:15:34+05:30,3247.4,43,3250.77,2497988,74806.0,91527.0,3250.0,3267.5,3239.5,3251.5,46301325,3576.6,2926.4,4322.95,2866.6,3247.8,23,1,3247.5,42,1,3247.4,58,1,3247.3,157,3,3247.2,124,3,3248.2,4,1,3248.9,31,1,3249.0,92,2,3249.1,261,6,3249.2,36,2
11536,2025-12-30 15:15:35+05:30,3248.2,4,3250.77,2498194,74190.0,91505.0,3250.0,3267.5,3239.5,3251.5,46301325,3576.6,2926.4,4322.95,2866.6,3247.8,588,2,3247.3,105,4,3247.2,3,1,3247.1,324,3,3247.0,301,12,3248.2,29,2,3248.8,130,6,3248.9,203,4,3249.0,95,2,3249.1,225,5
11536,2025-12-30 15:15:36+05:30,3248.2,1,3250.77,2498398,74088.0,92471.0,3250.0,3267.5,3239.5,3251.5,46301325,3576.6,2926.4,4322.95,2866.6,3247.8,613,4,3247.6,25,1,3247.3,105,4,3247.2,20,2,3247.1,34,1,3248.2,37,1,3248.4,113,4,3248.6,78,3,3248.7,79,2,3248.8,68,3
11536,2025-12-30 15:15:36+05:30,3247.8,1,3250.77,2498398,74088.0,92471.0,3250.0,3267.5,3239.5,3251.5,46301325,3576.6,2926.4,4322.95,2866.6,3247.8,613,4,3247.6,25,1,3247.3,105,4,3247.2,20,2,3247.1,34,1,3248.2,37,1,3248.4,113,4,3248.6,78,3,3248.7,79,2,3248.8,68,3
11536,2025-12-30 15:15:37+05:30,3247.8,1,3250.77,2498409,74474.0,93688.0,3250.0,3267.5,3239.5,3251.5,46301325,3576.6,2926.4,4322.95,2866.6,3247.8,870,17,3247.6,25,1,3247.3,135,3,3247.2,36,2,3247.1,142,2,3248.2,101,3,3248.3,39,1,3248.4,111,3,3248.5,7,1,3248.6,68,2
11536,2025-12-30 15:15:38+05:30,3247.8,1,3250.77,2498409,74474.0,93688.0,3250.0,3267.5,3239.5,3251.5,46301325,3576.6,2926.4,4322.95,2866.6,3247.8,870,17,3247.6,25,1,3247.3,135,3,3247.2,36,2,3247.1,142,2,3248.2,101,3,3248.3,39,1,3248.4,111,3,3248.5,7,1,3248.6,68,2
11536,2025-12-30 15:15:39+05:30,3247.8,1,3250.77,2498636,74306.0,94551.0,3250.0,3267.5,3239.5,3251.5,46301325,3576.6,2926.4,4322.95,2866.6,3247.8,945,21,3247.6,33,2,3247.5,1675,1,3247.3,102,1,3247.2,3,1,3248.2,95,3,3248.3,98,1,3248.4,87,3,3248.6,32,1,3248.7,112,3
11536,2025-12-30 15:15:40+05:30,3247.9,29,3250.77,2498967,74384.0,94214.0,3250.0,3267.5,3239.5,3251.5,46301325,3576.6,2926.4,4322.95,2866.6,3247.9,201,3,3247.8,871,21,3247.6,66,3,3247.5,1675,1,3247.4,35,1,3248.1,7,1,3248.2,21,2,3248.3,98,1,3248.4,80,2,3248.6,7,1
11536,2025-12-30 15:15:40+05:30,3248.1,15,3250.77,2498967,74384.0,94214.0,3250.0,3267.5,3239.5,3251.5,46301325,3576.6,2926.4,4322.95,2866.6,3247.9,201,3,3247.8,871,21,3247.6,66,3,3247.5,1675,1,3247.4,35,1,3248.1,7,1,3248.2,21,2,3248.3,98,1,3248.4,80,2,3248.6,7,1
11536,2025-12-30 15:15:41+05:30,3248.1,2,3250.77,2499550,74661.0,94286.0,3250.0,3267.5,3239.5,3251.5,46301325,3576.6,2926.4,4322.95,2866.6,3248.1,30,2,3247.9,143,5,3247.8,879,21,3247.6,33,2,3247.5,1686,2,3248.3,46,1,3248.4,80,2,3248.6,31,1,3248.7,1,1,3248.9,62,2
11536,2025-12-30 15:15:42+05:30,3248.2,31,3250.77,2499604,74372.0,93968.0,3250.0,3267.5,3239.5,3251.5,46301325,3576.6,2926.4,4322.95,2866.6,3248.2,112,2,3248.1,22,2,3248.0,11,1,3247.9,86,6,3247.8,678,20,3248.3,32,1,3248.4,81,3,3248.6,1,1,3248.9,12,1,3249.0,179,3
11536,2025-12-30 15:15:42+05:30,3248.2,5,3250.77,2499604,74372.0,93968.0,3250.0,3267.5,3239.5,3251.5,46301325,3576.6,2926.4,4322.95,2866.6,3248.2,112,2,3248.1,22,2,3248.0,11,1,3247.9,86,6,3247.8,678,20,3248.3,32,1,3248.4,81,3,3248.6,1,1,3248.9,12,1,3249.0,179,3
11536,2025-12-30 15:15:43+05:30,3248.2,5,3250.77,2499780,74424.0,93274.0,3250.0,3267.5,3239.5,3251.5,46301325,3576.6,2926.4,4322.95,2866.6,3248.2,408,15,3248.1,22,2,3248.0,11,1,3247.9,96,7,3247.8,487,11,3248.3,31,1,3248.4,81,3,3248.6,1,1,3248.9,12,1,3249.0,149,2
11536,2025-12-30 15:15:44+05:30,3248.3,1,3250.77,2499859,74609.0,94454.0,3250.0,3267.5,3239.5,3251.5,46301325,3576.6,2926.4,4322.95,2866.6,3248.3,16,2,3248.2,531,22,3248.1,8,1,3248.0,11,1,3247.9,72,5,3248.4,91,4,3248.6,1,1,3248.7,11,1,3248.9,12,1,3249.1,44,2
11536,2025-12-30 15:15:44+05:30,3248.4,15,3250.77,2499859,74609.0,94454.0,3250.0,3267.5,3239.5,3251.5,46301325,3576.6,2926.4,4322.95,2866.6,3248.3,16,2,3248.2,531,22,3248.1,8,1,3248.0,11,1,3247.9,72,5,3248.4,91,4,3248.6,1,1,3248.7,11,1,3248.9,12,1,3249.1,44,2
11536,2025-12-30 15:15:45+05:30,3248.3,12,3250.77,2500030,74561.0,93143.0,3250.0,3267.5,3239.5,3251.5,46301325,3576.6,2926.4,4322.95,2866.6,3248.3,142,5,3248.2,434,21,3248.1,19,2,3248.0,11,1,3247.9,56,4,3248.4,38,4,3248.6,1,1,3248.9,12,1,3249.1,44,2,3249.3,23,3
11536,2025-12-30 15:15:46+05:30,3248.3,9,3250.76,2500603,75161.0,93217.0,3250.0,3267.5,3239.5,3251.5,46301325,3576.6,2926.4,4322.95,2866.6,3248.3,458,15,3248.2,690,14,3248.1,11,1,3247.9,42,3,3247.8,598,9,3248.4,3,2,3248.5,20,5,3248.9,12,1,3249.1,44,2,3249.2,180,3
11536,2025-12-30 15:15:46+05:30,3248.4,1,3250.76,2500603,75161.0,93217.0,3250.0,3267.5,3239.5,3251.5,46301325,3576.6,2926.4,4322.95,2866.6,3248.3,458,15,3248.2,690,14,3248.1,11,1,3247.9,42,3,3247.8,598,9,3248.4,3,2,3248.5,20,5,3248.9,12,1,3249.1,44,2,3249.2,180,3
11536,2025-12-30 15:15:47+05:30,3248.5,1,3250.76,2500626,75500.0,93878.0,3250.0,3267.5,3239.5,3251.5,46301325,3576.6,2926.4,4322.95,2866.6,3248.4,14,3,3248.3,992,27,3248.2,497,6,3248.1,11,1,3248.0,1709,2,3248.5,8,4,3248.9,21,2,3249.1,44,2,3249.2,34,2,3249.3,13,1
11536,2025-12-30 15:15:48+05:30,3248.4,1,3250.76,2500626,75500.0,93878.0,3250.0,3267.5,3239.5,3251.5,46301325,3576.6,2926.4,4322.95,2866.6,3248.4,14,3,3248.3,992,27,3248.2,497,6,3248.1,11,1,3248.0,1709,2,3248.5,8,4,3248.9,21,2,3249.1,44,2,3249.2,34,2,3249.3,13,1
11536,2025-12-30 15:15:48+05:30,3248.5,1,3250.76,2500704,73085.0,94007.0,3250.0,3267.5,3239.5,3251.5,46301325,3576.6,2926.4,4322.95,2866.6,3248.4,157,7,3248.3,974,24,3248.2,497,6,3248.1,11,1,3248.0,1823,3,3248.5,20,4,3248.9,12,1,3249.1,44,2,3249.3,12,1,3249.4,98,1
11536,2025-12-30 15:15:49+05:30,3248.4,2,3250.76,2500723,75028.0,94401.0,3250.0,3267.5,3239.5,3251.5,46301325,3576.6,2926.4,4322.95,2866.6,3248.4,752,19,3248.3,681,15,3248.2,530,7,3248.0,1823,3,3247.9,46,4,3248.5,64,3,3248.6,1,1,3248.7,5,1,3248.9,18,2,3249.1,44,2
11536,2025-12-30 15:15:50+05:30,3248.4,12,3250.76,2500723,75028.0,94401.0,3250.0,3267.5,3239.5,3251.5,46301325,3576.6,2926.4,4322.95,2866.6,3248.4,752,19,3248.3,681,15,3248.2,530,7,3248.0,1823,3,3247.9,46,4,3248.5,64,3,3248.6,1,1,3248.7,5,1,3248.9,18,2,3249.1,44,2
11536,2025-12-30 15:15:51+05:30,3248.4,1,3250.76,2501720,75523.0,94807.0,3250.0,3267.5,3239.5,3251.5,46301325,3576.6,2926.4,4322.95,2866.6,3248.4,333,19,3248.3,449,3,3248.2,523,8,3248.0,1675,1,3247.9,15,1,3248.5,12,2,3248.6,1,1,3248.7,5,1,3248.8,15,1,3248.9,13,2
11536,2025-12-30 15:15:52+05:30,3248.4,19,3250.76,2501859,73549.0,95039.0,3250.0,3267.5,3239.5,3251.5,46301325,3576.6,2926.4,4322.95,2866.6,3248.4,859,20,3248.3,363,2,3248.2,491,8,3248.0,1675,1,3247.9,15,1,3248.5,31,4,3248.6,32,2,3248.7,5,1,3248.8,99,5,3248.9,60,3
11536,2025-12-30 15:15:52+05:30,3248.4,1,3250.76,2501859,73549.0,95039.0,3250.0,3267.5,3239.5,3251.5,46301325,3576.6,2926.4,4322.95,2866.6,3248.4,859,20,3248.3,363,2,3248.2,491,8,3248.0,1675,1,3247.9,15,1,3248.5,31,4,3248.6,32,2,3248.7,5,1,3248.8,99,5,3248.9,60,3
11536,2025-12-30 15:15:53+05:30,3248.5,2,3250.76,2502061,73522.0,95366.0,3250.0,3267.5,3239.5,3251.5,46301325,3576.6,2926.4,4322.95,2866.6,3248.4,876,8,3248.3,363,2,3248.2,492,9,3248.0,1675,1,3247.9,15,1,3248.5,28,4,3248.6,7,2,3248.7,5,1,3248.8,94,5,3248.9,60,3
11536,2025-12-30 15:15:54+05:30,3248.4,52,3250.76,2502353,73571.0,94822.0,3250.0,3267.5,3239.5,3251.5,46301325,3576.6,2926.4,4322.95,2866.6,3248.4,870,7,3248.3,363,2,3248.2,492,9,3248.0,1675,1,3247.9,15,1,3248.8,56,3,3248.9,26,2,3249.0,67,3,3249.1,44,2,3249.2,123,4
11536,2025-12-30 15:15:54+05:30,3248.4,1,3250.76,2502353,73571.0,94822.0,3250.0,3267.5,3239.5,3251.5,46301325,3576.6,2926.4,4322.95,2866.6,3248.4,870,7,3248.3,363,2,3248.2,492,9,3248.0,1675,1,3247.9,15,1,3248.8,56,3,3248.9,26,2,3249.0,67,3,3249.1,44,2,3249.2,123,4
11536,2025-12-30 15:15:55+05:30,3248.8,6,3250.76,2502408,73824.0,95642.0,3250.0,3267.5,3239.5,3251.5,46301325,3576.6,2926.4,4322.95,2866.6,3248.4,868,7,3248.3,363,2,3248.2,492,9,3248.0,1675,1,3247.9,15,1,3248.8,314,5,3248.9,47,2,3249.0,116,4,3249.1,51,2,3249.2,127,4
11536,2025-12-30 15:15:56+05:30,3248.7,11,3250.76,2502505,73216.0,95425.0,3250.0,3267.5,3239.5,3251.5,46301325,3576.6,2926.4,4322.95,2866.6,3248.7,11,1,3248.6,499,2,3248.4,595,10,3248.3,365,3,3248.2,466,7,3248.8,310,5,3248.9,48,3,3249.0,115,3,3249.1,51,2,3249.2,203,5
11536,2025-12-30 15:15:56+05:30,3248.8,1,3250.76,2502505,73216.0,95425.0,3250.0,3267.5,3239.5,3251.5,46301325,3576.6,2926.4,4322.95,2866.6,3248.7,11,1,3248.6,499,2,3248.4,595,10,3248.3,365,3,3248.2,466,7,3248.8,310,5,3248.9,48,3,3249.0,115,3,3249.1,51,2,3249.2,203,5
11536,2025-12-30 15:15:57+05:30,3248.8,2,3250.76,2502520,73000.0,94022.0,3250.0,3267.5,3239.5,3251.5,46301325,3576.6,2926.4,4322.95,2866.6,3248.7,101,2,3248.6,499,2,3248.4,595,10,3248.3,328,3,3248.2,444,6,3248.8,346,8,3248.9,54,4,3249.0,115,3,3249.1,51,2,3249.2,203,5
11536,2025-12-30 15:15:58+05:30,3248.6,28,3250.76,2504698,72183.0,96343.0,3250.0,3267.5,3239.5,3251.5,46301325,3576.6,2926.4,4322.95,2866.6,3248.6,62,3,3248.4,623,11,3248.3,347,4,3248.2,444,6,3248.0,1675,1,3248.7,62,6,3248.8,391,10,3248.9,63,4,3249.0,115,3,3249.1,107,3
11536,2025-12-30 15:15:58+05:30,3248.7,16,3250.76,2504698,72183.0,96343.0,3250.0,3267.5,3239.5,3251.5,46301325,3576.6,2926.4,4322.95,2866.6,3248.6,62,3,3248.4,623,11,3248.3,347,4,3248.2,444,6,3248.0,1675,1,3248.7,62,6,3248.8,391,10,3248.9,63,4,3249.0,115,3,3249.1,107,3
11536,2025-12-30 15:15:59+05:30,3248.6,7,3250.76,2504738,72342.0,96351.0,3250.0,3267.5,3239.5,3251.5,46301325,3576.6,2926.4,4322.95,2866.6,3248.6,99,8,3248.5,71,1,3248.4,620,8,3248.3,347,4,3248.2,444,6,3248.7,50,6,3248.8,343,7,3248.9,71,5,3249.0,194,5,3249.1,107,3
11536,2025-12-30 15:16:00+05:30,3248.6,1,3250.76,2504738,72342.0,96351.0,3250.0,3267.5,3239.5,3251.5,46301325,3576.6,2926.4,4322.95,2866.6,3248.6,99,8,3248.5,71,1,3248.4,620,8,3248.3,347,4,3248.2,444,6,3248.7,50,6,3248.8,343,7,3248.9,71,5,3249.0,194,5,3249.1,107,3
11536,2025-12-30 15:16:00+05:30,3248.6,1,3250.76,2505986,72332.0,94325.0,3250.0,3267.5,3239.5,3251.5,46301325,3576.6,2926.4,4322.95,2866.6,3248.5,93,2,3248.4,609,7,3248.3,347,4,3248.2,444,6,3248.1,10,1,3248.6,32,5,3248.7,78,8,3248.8,612,11,3248.9,33,4,3249.0,157,4
11536,2025-12-30 15:16:01+05:30,3248.5,20,3250.76,2507514,72284.0,95576.0,3250.0,3267.5,3239.5,3251.5,46301325,3576.6,2926.4,4322.95,2866.6,3248.5,230,2,3248.4,136,4,3248.3,347,4,3248.2,444,6,3248.1,10,1,3248.6,1081,9,3248.7,98,10,3248.8,644,11,3248.9,68,6,3249.0,195,5
11536,2025-12-30 15:16:02+05:30,3248.5,2,3250.76,2507514,72284.0,95576.0,3250.0,3267.5,3239.5,3251.5,46301325,3576.6,2926.4,4322.95,2866.6,3248.5,230,2,3248.4,136,4,3248.3,347,4,3248.2,444,6,3248.1,10,1,3248.6,1081,9,3248.7,98,10,3248.8,644,11,3248.9,68,6,3249.0,195,5
11536,2025-12-30 15:16:03+05:30,3248.5,2,3250.76,2507834,72906.0,96541.0,3250.0,3267.5,3239.5,3251.5,46301325,3576.6,2926.4,4322.95,2866.6,3248.5,469,7,3248.4,218,5,3248.3,347,4,3248.2,524,8,3248.1,50,2,3248.6,1072,9,3248.7,108,11,3248.8,566,9,3248.9,66,5,3249.0,151,3
11536,2025-12-30 15:16:04+05:30,3248.5,30,3250.76,2507919,73004.0,96769.0,3250.0,3267.5,3239.5,3251.5,46301325,3576.6,2926.4,4322.95,2866.6,3248.5,474,9,3248.4,136,4,3248.3,347,4,3248.2,524,8,3248.1,50,2,3248.6,1050,8,3248.7,105,10,3248.8,566,9,3248.9,143,7,3249.0,151,3
11536,2025-12-30 15:16:04+05:30,3248.5,12,3250.76,2507919,73004.0,96769.0,3250.0,3267.5,3239.5,3251.5,46301325,3576.6,2926.4,4322.95,2866.6,3248.5,474,9,3248.4,136,4,3248.3,347,4,3248.2,524,8,3248.1,50,2,3248.6,1050,8,3248.7,105,10,3248.8,566,9,3248.9,143,7,3249.0,151,3
11536,2025-12-30 15:16:05+05:30,3248.5,8,3250.76,2509908,72083.0,97525.0,3250.0,3267.5,3239.5,3251.5,46301325,3576.6,2926.4,4322.95,2866.6,3248.5,306,6,3248.4,136,4,3248.3,347,4,3248.2,524,8,3248.1,50,2,3248.6,1044,10,3248.7,150,10,3248.8,415,9,3248.9,65,4,3249.0,73,2
11536,2025-12-30 15:16:06+05:30,3248.4,9,3250.75,2512819,72178.0,96769.0,3250.0,3267.5,3239.5,3251.5,46301325,3576.6,2926.4,4322.95,2866.6,3248.4,140,4,3248.3,347,4,3248.2,524,8,3248.1,50,2,3248.0,1749,3,3248.5,34,4,3248.6,796,7,3248.7,153,12,3248.8,164,6,3248.9,57,4
11536,2025-12-30 15:16:06+05:30,3248.4,1,3250.75,2512819,72178.0,96769.0,3250.0,3267.5,3239.5,3251.5,46301325,3576.6,2926.4,4322.95,2866.6,3248.4,140,4,3248.3,347,4,3248.2,524,8,3248.1,50,2,3248.0,1749,3,3248.5,34,4,3248.6,796,7,3248.7,153,12,3248.8,164,6,3248.9,57,4
11536,2025-12-30 15:16:07+05:30,3248.4,1,3250.75,2512846,72160.0,96870.0,3250.0,3267.5,3239.5,3251.5,46301325,3576.6,2926.4,4322.95,2866.6,3248.4,122,4,3248.3,347,4,3248.2,524,8,3248.1,50,2,3248.0,1749,3,3248.5,104,7,3248.6,781,7,3248.7,166,11,3248.8,200,7,3248.9,57,4
11536,2025-12-30 15:16:08+05:30,3248.5,20,3250.75,2513921,73202.0,95297.0,3250.0,3267.5,3239.5,3251.5,46301325,3576.6,2926.4,4322.95,2866.6,3248.5,611,2,3248.4,471,6,3248.3,347,4,3248.2,524,8,3248.1,50,2,3248.6,799,8,3248.7,148,7,3248.8,124,4,3248.9,17,2,3249.0,35,1
11536,2025-12-30 15:16:08+05:30,3248.5,1,3250.75,2513921,73202.0,95297.0,3250.0,3267.5,3239.5,3251.5,46301325,3576.6,2926.4,4322.95,2866.6,3248.5,611,2,3248.4,471,6,3248.3,347,4,3248.2,524,8,3248.1,50,2,3248.6,799,8,3248.7,148,7,3248.8,124,4,3248.9,17,2,3249.0,35,1
11536,2025-12-30 15:16:09+05:30,3248.6,2,3250.75,2514039,73149.0,96432.0,3250.0,3267.5,3239.5,3251.5,46301325,3576.6,2926.4,4322.95,2866.6,3248.5,575,3,3248.4,472,7,3248.3,347,4,3248.2,524,8,3248.1,50,2,3248.6,747,11,3248.7,148,5,3248.8,201,6,3248.9,17,2,3249.0,66,2
11536,2025-12-30 15:16:10+05:30,3248.6,74,3250.75,2514738,72425.0,94728.0,3250.0,3267.5,3239.5,3251.5,46301325,3576.6,2926.4,4322.95,2866.6,3248.5,56,4,3248.4,471,6,3248.3,347,4,3248.2,524,8,3248.1,50,2,3248.6,636,11,3248.7,148,5,3248.8,152,5,3248.9,6,1,3249.0,55,2
11536,2025-12-30 15:16:10+05:30,3248.5,14,3250.75,2514738,72425.0,94728.0,3250.0,3267.5,3239.5,3251.5,46301325,3576.6,2926.4,4322.95,2866.6,3248.5,56,4,3248.4,471,6,3248.3,347,4,3248.2,524,8,3248.1,50,2,3248.6,636,11,3248.7,148,5,3248.8,152,5,3248.9,6,1,3249.0,55,2
11536,2025-12-30 15:16:11+05:30,3248.5,16,3250.75,2514785,69015.0,96627.0,3250.0,3267.5,3239.5,3251.5,46301325,3576.6,2926.4,4322.95,2866.6,3248.5,149,4,3248.4,133,5,3248.3,347,4,3248.2,524,8,3248.1,50,2,3248.6,681,11,3248.7,148,5,3248.8,194,6,3248.9,6,1,3249.0,57,3
11536,2025-12-30 15:16:12+05:30,3248.5,2,3250.75,2514785,69015.0,96627.0,3250.0,3267.5,3239.5,3251.5,46301325,3576.6,2926.4,4322.95,2866.6,3248.5,149,4,3248.4,133,5,3248.3,347,4,3248.2,524,8,3248.1,50,2,3248.6,681,11,3248.7,148,5,3248.8,194,6,3248.9,6,1,3249.0,57,3
11536,2025-12-30 15:16:12+05:30,3248.5,5,3250.75,2514853,70386.0,96113.0,3250.0,3267.5,3239.5,3251.5,46301325,3576.6,2926.4,4322.95,2866.6,3248.5,120,4,3248.4,133,5,3248.3,347,4,3248.2,524,8,3248.1,50,2,3248.6,695,13,3248.7,148,5,3248.8,191,6,3248.9,8,2,3249.0,55,2
11536,2025-12-30 15:16:14+05:30,3248.5,14,3250.75,2514971,70546.0,96129.0,3250.0,3267.5,3239.5,3251.5,46301325,3576.6,2926.4,4322.95,2866.6,3248.5,288,5,3248.4,133,5,3248.3,347,4,3248.2,524,8,3248.1,50,2,3248.6,686,13,3248.7,94,4,3248.8,196,6,3248.9,83,4,3249.0,20,1
11536,2025-12-30 15:16:14+05:30,3248.5,59,3250.75,2514971,70546.0,96129.0,3250.0,3267.5,3239.5,3251.5,46301325,3576.6,2926.4,4322.95,2866.6,3248.5,288,5,3248.4,133,5,3248.3,347,4,3248.2,524,8,3248.1,50,2,3248.6,686,13,3248.7,94,4,3248.8,196,6,3248.9,83,4,3249.0,20,1
11536,2025-12-30 15:16:15+05:30,3248.6,1,3250.75,2515242,70490.0,93908.0,3250.0,3267.5,3239.5,3251.5,46301325,3576.6,2926.4,4322.95,2866.6,3248.5,185,7,3248.4,172,6,3248.3,347,4,3248.2,524,8,3248.1,50,2,3248.6,621,7,3248.7,103,6,3248.8,126,5,3248.9,74,3,3249.0,59,2
11536,2025-12-30 15:16:16+05:30,3248.5,9,3250.75,2516540,70567.0,93678.0,3250.0,3267.5,3239.5,3251.5,46301325,3576.6,2926.4,4322.95,2866.6,3248.5,95,11,3248.4,161,6,3248.3,347,4,3248.2,562,9,3248.1,67,3,3248.6,1,1,3248.7,29,4,3248.8,126,5,3248.9,6,1,3249.0,20,1
11536,2025-12-30 15:16:16+05:30,3248.7,1,3250.75,2516540,70567.0,93678.0,3250.0,3267.5,3239.5,3251.5,46301325,3576.6,2926.4,4322.95,2866.6,3248.5,95,11,3248.4,161,6,3248.3,347,4,3248.2,562,9,3248.1,67,3,3248.6,1,1,3248.7,29,4,3248.8,126,5,3248.9,6,1,3249.0,20,1
11536,2025-12-30 15:16:17+05:30,3248.5,67,3250.75,2516956,70454.0,93625.0,3250.0,3267.5,3239.5,3251.5,46301325,3576.6,2926.4,4322.95,2866.6,3248.5,14,4,3248.4,122,4,3248.3,347,4,3248.2,538,9,3248.1,67,3,3248.7,27,4,3248.8,124,4,3248.9,6,1,3249.0,20,1,3249.1,27,2
11536,2025-12-30 15:16:18+05:30,3248.4,54,3250.75,2517144,70747.0,93795.0,3250.0,3267.5,3239.5,3251.5,46301325,3576.6,2926.4,4322.95,2866.6,3248.5,1,1,3248.4,373,6,3248.3,347,4,3248.2,524,8,3248.1,67,3,3248.7,42,5,3248.8,125,5,3248.9,6,1,3249.0,48,2,3249.1,27,2
11536,2025-12-30 15:16:18+05:30,3248.4,2,3250.75,2517144,70747.0,93795.0,3250.0,3267.5,3239.5,3251.5,46301325,3576.6,2926.4,4322.95,2866.6,3248.5,1,1,3248.4,373,6,3248.3,347,4,3248.2,524,8,3248.1,67,3,3248.7,42,5,3248.8,125,5,3248.9,6,1,3249.0,48,2,3249.1,27,2
11536,2025-12-30 15:16:19+05:30,3248.4,25,3250.75,2517222,71210.0,92898.0,3250.0,3267.5,3239.5,3251.5,46301325,3576.6,2926.4,4322.95,2866.6,3248.4,652,6,3248.3,347,4,3248.2,524,8,3248.1,50,2,3248.0,74,2,3248.5,2,1,3248.7,42,5,3248.8,125,5,3248.9,68,3,3249.0,70,3
11536,2025-12-30 15:16:20+05:30,3248.4,39,3250.75,2518649,70397.0,95174.0,3250.0,3267.5,3239.5,3251.5,46301325,3576.6,2926.4,4322.95,2866.6,3248.3,347,4,3248.2,555,9,3248.1,50,2,3248.0,74,2,3247.9,20,2,3248.4,376,1,3248.8,261,4,3248.9,103,4,3249.0,70,3,3249.1,49,3
11536,2025-12-30 15:16:20+05:30,3248.3,15,3250.75,2518649,70397.0,95174.0,3250.0,3267.5,3239.5,3251.5,46301325,3576.6,2926.4,4322.95,2866.6,3248.3,347,4,3248.2,555,9,3248.1,50,2,3248.0,74,2,3247.9,20,2,3248.4,376,1,3248.8,261,4,3248.9,103,4,3249.0,70,3,3249.1,49,3
11536,2025-12-30 15:16:21+05:30,3248.4,2,3250.75,2518945,72452.0,94603.0,3250.0,3267.5,3239.5,3251.5,46301325,3576.6,2926.4,4322.95,2866.6,3248.3,488,5,3248.2,524,8,3248.1,59,3,3248.0,105,3,3247.9,20,2,3248.4,127,3,3248.5,1,1,3248.7,46,1,3248.8,262,5,3248.9,27,3
11536,2025-12-30 15:16:22+05:30,3248.3,13,3250.75,2519173,72429.0,91519.0,3250.0,3267.5,3239.5,3251.5,46301325,3576.6,2926.4,4322.95,2866.6,3248.3,385,6,3248.2,524,8,3248.1,152,6,3248.0,74,2,3247.9,20,2,3248.4,127,3,3248.5,1,1,3248.7,14,3,3248.8,259,3,3248.9,27,3
11536,2025-12-30 15:16:22+05:30,3248.3,1,3250.75,2519173,72429.0,91519.0,3250.0,3267.5,3239.5,3251.5,46301325,3576.6,2926.4,4322.95,2866.6,3248.3,385,6,3248.2,524,8,3248.1,152,6,3248.0,74,2,3247.9,20,2,3248.4,127,3,3248.5,1,1,3248.7,14,3,3248.8,259,3,3248.9,27,3
11536,2025-12-30 15:16:23+05:30,3248.3,1,3250.75,2519181,72437.0,92501.0,3250.0,3267.5,3239.5,3251.5,46301325,3576.6,2926.4,4322.95,2866.6,3248.3,253,6,3248.2,649,9,3248.1,112,4,3248.0,74,2,3247.9,20,2,3248.4,133,5,3248.5,1,1,3248.6,769,1,3248.7,14,3,3248.8,268,4
11536,2025-12-30 15:16:24+05:30,3248.4,1,3250.75,2519181,72437.0,92501.0,3250.0,3267.5,3239.5,3251.5,46301325,3576.6,2926.4,4322.95,2866.6,3248.3,253,6,3248.2,649,9,3248.1,112,4,3248.0,74,2,3247.9,20,2,3248.4,133,5,3248.5,1,1,3248.6,769,1,3248.7,14,3,3248.8,268,4
11536,2025-12-30 15:16:24+05:30,3248.4,1,3250.75,2519405,73174.0,92062.0,3250.0,3267.5,3239.5,3251.5,46301325,3576.6,2926.4,4322.95,2866.6,3248.3,775,10,3248.2,689,10,3248.1,121,5,3248.0,143,4,3247.9,68,4,3248.4,28,4,3248.5,10,2,3248.6,770,2,3248.7,24,3,3248.8,259,3
11536,2025-12-30 15:16:26+05:30,3248.4,2,3250.75,2519553,73408.0,92220.0,3250.0,3267.5,3239.5,3251.5,46301325,3576.6,2926.4,4322.95,2866.6,3248.3,847,9,3248.2,601,10,3248.1,164,7,3248.0,256,6,3247.9,54,3,3248.4,34,5,3248.5,9,1,3248.6,783,3,3248.7,24,3,3248.8,259,3
11536,2025-12-30 15:16:26+05:30,3248.4,9,3250.75,2519553,73408.0,92220.0,3250.0,3267.5,3239.5,3251.5,46301325,3576.6,2926.4,4322.95,2866.6,3248.3,847,9,3248.2,601,10,3248.1,164,7,3248.0,256,6,3247.9,54,3,3248.4,34,5,3248.5,9,1,3248.6,783,3,3248.7,24,3,3248.8,259,3
11536,2025-12-30 15:16:27+05:30,3248.3,1,3250.75,2519760,73364.0,91686.0,3250.0,3267.5,3239.5,3251.5,46301325,3576.6,2926.4,4322.95,2866.6,3248.3,804,13,3248.2,576,10,3248.1,124,6,3248.0,143,4,3247.9,54,3,3248.4,22,5,3248.5,13,3,3248.6,782,2,3248.7,24,3,3248.8,259,3
11536,2025-12-30 15:16:31+05:30,3248.3,4,3250.75,2521620,72635.0,94194.0,3250.0,3267.5,3239.5,3251.5,46301325,3576.6,2926.4,4322.95,2866.6,3248.3,458,16,3248.2,564,9,3248.1,183,5,3248.0,74,2,3247.9,20,2,3248.4,193,13,3248.5,47,5,3248.6,769,1,3248.7,47,3,3248.8,109,7
11536,2025-12-30 15:16:32+05:30,3248.3,5,3250.75,2521620,72635.0,94194.0,3250.0,3267.5,3239.5,3251.5,46301325,3576.6,2926.4,4322.95,2866.6,3248.3,458,16,3248.2,564,9,3248.1,183,5,3248.0,74,2,3247.9,20,2,3248.4,193,13,3248.5,47,5,3248.6,769,1,3248.7,47,3,3248.8,109,7
11536,2025-12-30 15:16:38+05:30,3248.3,26,3250.74,2523039,72397.0,94348.0,3250.0,3267.5,3239.5,3251.5,46301325,3576.6,2926.4,4322.95,2866.6,3248.3,409,10,3248.2,654,11,3248.1,220,5,3248.0,109,3,3247.9,20,2,3248.4,312,8,3248.5,33,6,3248.6,769,1,3248.7,13,2,3248.8,14,2
11536,2025-12-30 15:16:40+05:30,3248.3,1,3250.74,2523039,72397.0,94348.0,3250.0,3267.5,3239.5,3251.5,46301325,3576.6,2926.4,4322.95,2866.6,3248.3,409,10,3248.2,654,11,3248.1,220,5,3248.0,109,3,3247.9,20,2,3248.4,312,8,3248.5,33,6,3248.6,769,1,3248.7,13,2,3248.8,14,2
11536,2025-12-30 15:16:45+05:30,3248.5,3,3250.74,2525798,71437.0,93021.0,3250.0,3267.5,3239.5,3251.5,46301325,3576.6,2926.4,4322.95,2866.6,3248.4,163,2,3248.3,32,2,3248.2,94,4,3248.1,231,6,3248.0,74,2,3248.5,287,7,3248.6,815,3,3248.7,15,2,3248.8,102,6,3248.9,32,3
11536,2025-12-30 15:16:48+05:30,3248.4,1,3250.74,2525798,71437.0,93021.0,3250.0,3267.5,3239.5,3251.5,46301325,3576.6,2926.4,4322.95,2866.6,3248.4,163,2,3248.3,32,2,3248.2,94,4,3248.1,231,6,3248.0,74,2,3248.5,287,7,3248.6,815,3,3248.7,15,2,3248.8,102,6,3248.9,32,3
11536,2025-12-30 15:16:52+05:30,3248.4,12,3250.74,2528288,71010.0,94591.0,3250.0,3267.5,3239.5,3251.5,46301325,3576.6,2926.4,4322.95,2866.6,3248.4,12,1,3248.2,72,3,3248.1,223,5,3248.0,74,2,3247.9,20,2,3248.5,308,12,3248.6,769,1,3248.7,61,3,3248.8,92,6,3248.9,63,4
11536,2025-12-30 15:16:56+05:30,3248.4,9,3250.74,2528288,71010.0,94591.0,3250.0,3267.5,3239.5,3251.5,46301325,3576.6,2926.4,4322.95,2866.6,3248.4,12,1,3248.2,72,3,3248.1,223,5,3248.0,74,2,3247.9,20,2,3248.5,308,12,3248.6,769,1,3248.7,61,3,3248.8,92,6,3248.9,63,4
11536,2025-12-30 15:16:59+05:30,3248.2,11,3250.74,2529998,68479.0,94514.0,3250.0,3267.5,3239.5,3251.5,46301325,3576.6,2926.4,4322.95,2866.6,3248.2,46,2,3248.1,183,4,3248.0,74,2,3247.9,20,2,3247.8,60,3,3248.4,251,3,3248.5,129,8,3248.6,890,6,3248.7,39,2,3248.8,12,2
11536,2025-12-30 15:17:04+05:30,3248.3,1,3250.74,2529998,68479.0,94514.0,3250.0,3267.5,3239.5,3251.5,46301325,3576.6,2926.4,4322.95,2866.6,3248.2,46,2,3248.1,183,4,3248.0,74,2,3247.9,20,2,3247.8,60,3,3248.4,251,3,3248.5,129,8,3248.6,890,6,3248.7,39,2,3248.8,12,2
11536,2025-12-30 15:17:06+05:30,3248.2,30,3250.73,2533714,70436.0,95892.0,3250.0,3267.5,3239.5,3251.5,46301325,3576.6,2926.4,4322.95,2866.6,3248.2,243,9,3248.1,328,6,3248.0,74,2,3247.9,32,3,3247.8,60,3,3248.3,174,6,3248.4,83,9,3248.5,170,8,3248.6,979,8,3248.7,126,4
11536,2025-12-30 15:17:12+05:30,3248.2,3,3250.73,2533714,70436.0,95892.0,3250.0,3267.5,3239.5,3251.5,46301325,3576.6,2926.4,4322.95,2866.6,3248.2,243,9,3248.1,328,6,3248.0,74,2,3247.9,32,3,3247.8,60,3,3248.3,174,6,3248.4,83,9,3248.5,170,8,3248.6,979,8,3248.7,126,4
11536,2025-12-30 15:17:13+05:30,3248.2,3,3250.73,2536970,70434.0,96359.0,3250.0,3267.5,3239.5,3251.5,46301325,3576.6,2926.4,4322.95,2866.6,3248.2,368,5,3248.1,376,6,3248.0,128,3,3247.9,32,3,3247.8,60,3,3248.3,536,13,3248.4,49,2,3248.5,130,4,3248.6,969,8,3248.7,80,5
11536,2025-12-30 15:17:20+05:30,3248.2,2,3250.73,2538548,70845.0,96488.0,3250.0,3267.5,3239.5,3251.5,46301325,3576.6,2926.4,4322.95,2866.6,3248.2,775,14,3248.1,375,5,3248.0,128,3,3247.9,20,2,3247.8,60,3,3248.3,253,15,3248.4,9,3,3248.5,850,6,3248.6,954,6,3248.7,65,4
11536,2025-12-30 15:17:20+05:30,3248.1,1,3250.73,2538548,70845.0,96488.0,3250.0,3267.5,3239.5,3251.5,46301325,3576.6,2926.4,4322.95,2866.6,3248.2,775,14,3248.1,375,5,3248.0,128,3,3247.9,20,2,3247.8,60,3,3248.3,253,15,3248.4,9,3,3248.5,850,6,3248.6,954,6,3248.7,65,4
11536,2025-12-30 15:17:27+05:30,3248.3,2,3250.73,2538548,70845.0,96488.0,3250.0,3267.5,3239.5,3251.5,46301325,3576.6,2926.4,4322.95,2866.6,3248.2,775,14,3248.1,375,5,3248.0,128,3,3247.9,20,2,3247.8,60,3,3248.3,253,15,3248.4,9,3,3248.5,850,6,3248.6,954,6,3248.7,65,4
11536,2025-12-30 15:17:28+05:30,3248.3,2,3250.73,2542098,70074.0,96271.0,3250.0,3267.5,3239.5,3251.5,46301325,3576.6,2926.4,4322.95,2866.6,3248.2,2,2,3248.1,325,5,3248.0,128,3,3247.9,20,2,3247.8,60,3,3248.3,164,12,3248.4,19,4,3248.5,829,6,3248.6,907,5,3248.7,98,4
11536,2025-12-30 15:17:34+05:30,3248.3,1,3250.73,2542098,70074.0,96271.0,3250.0,3267.5,3239.5,3251.5,46301325,3576.6,2926.4,4322.95,2866.6,3248.2,2,2,3248.1,325,5,3248.0,128,3,3247.9,20,2,3247.8,60,3,3248.3,164,12,3248.4,19,4,3248.5,829,6,3248.6,907,5,3248.7,98,4
11536,2025-12-30 15:17:34+05:30,3248.3,1,3250.72,2544449,69616.0,96031.0,3250.0,3267.5,3239.5,3251.5,46301325,3576.6,2926.4,4322.95,2866.6,3248.2,54,1,3248.0,60,4,3247.9,29,3,3247.8,91,4,3247.7,52,1,3248.3,72,7,3248.4,28,4,3248.5,830,7,3248.6,918,6,3248.7,36,2
11536,2025-12-30 15:17:41+05:30,3248.0,4,3250.72,2544449,69616.0,96031.0,3250.0,3267.5,3239.5,3251.5,46301325,3576.6,2926.4,4322.95,2866.6,3248.2,54,1,3248.0,60,4,3247.9,29,3,3247.8,91,4,3247.7,52,1,3248.3,72,7,3248.4,28,4,3248.5,830,7,3248.6,918,6,3248.7,36,2
11536,2025-12-30 15:17:41+05:30,3248.0,4,3250.72,2546563,68557.0,96297.0,3250.0,3267.5,3239.5,3251.5,46301325,3576.6,2926.4,4322.95,2866.6,3248.0,46,1,3247.8,25,2,3247.7,52,1,3247.6,31,3,3247.5,45,2,3248.2,226,10,3248.3,389,15,3248.4,88,6,3248.5,854,8,3248.6,995,8
11536,2025-12-30 15:17:48+05:30,3248.0,1,3250.72,2549140,67857.0,97123.0,3250.0,3267.5,3239.5,3251.5,46301325,3576.6,2926.4,4322.95,2866.6,3247.9,74,4,3247.7,9,1,3247.6,10,2,3247.5,10,1,3247.4,12,1,3248.0,47,6,3248.1,167,4,3248.2,814,5,3248.3,910,13,3248.4,73,5
11536,2025-12-30 15:17:49+05:30,3247.9,21,3250.72,2549140,67857.0,97123.0,3250.0,3267.5,3239.5,3251.5,46301325,3576.6,2926.4,4322.95,2866.6,3247.9,74,4,3247.7,9,1,3247.6,10,2,3247.5,10,1,3247.4,12,1,3248.0,47,6,3248.1,167,4,3248.2,814,5,3248.3,910,13,3248.4,73,5
11536,2025-12-30 15:17:55+05:30,3248.0,1,3250.72,2551842,68472.0,95917.0,3250.0,3267.5,3239.5,3251.5,46301325,3576.6,2926.4,4322.95,2866.6,3247.3,60,4,3247.2,99,5,3247.1,349,3,3247.0,147,8,3246.9,400,7,3248.0,87,5,3248.1,132,6,3248.2,843,6,3248.3,865,7,3248.4,27,4
11536,2025-12-30 15:17:57+05:30,3248.0,1,3250.72,2551842,68472.0,95917.0,3250.0,3267.5,3239.5,3251.5,46301325,3576.6,2926.4,4322.95,2866.6,3247.3,60,4,3247.2,99,5,3247.1,349,3,3247.0,147,8,3246.9,400,7,3248.0,87,5,3248.1,132,6,3248.2,843,6,3248.3,865,7,3248.4,27,4
11536,2025-12-30 15:17:57+05:30,3248.1,1599,3250.72,2551842,68472.0,95917.0,3250.0,3267.5,3239.5,3251.5,46301325,3576.6,2926.4,4322.95,2866.6,3247.3,60,4,3247.2,99,5,3247.1,349,3,3247.0,147,8,3246.9,400,7,3248.0,87,5,3248.1,132,6,3248.2,843,6,3248.3,865,7,3248.4,27,4
11536,2025-12-30 15:17:59+05:30,3248.1,1599,3250.72,2551842,68472.0,95917.0,3250.0,3267.5,3239.5,3251.5,46301325,3576.6,2926.4,4322.95,2866.6,3247.3,60,4,3247.2,99,5,3247.1,349,3,3247.0,147,8,3246.9,400,7,3248.0,87,5,3248.1,132,6,3248.2,843,6,3248.3,865,7,3248.4,27,4
11536,2025-12-30 15:18:00+05:30,3248.1,1599,3250.72,2551842,68472.0,95917.0,3250.0,3267.5,3239.5,3251.5,46301325,3576.6,2926.4,4322.95,2866.6,3247.3,60,4,3247.2,99,5,3247.1,349,3,3247.0,147,8,3246.9,400,7,3248.0,87,5,3248.1,132,6,3248.2,843,6,3248.3,865,7,3248.4,27,4
11536,2025-12-30 15:18:01+05:30,3248.1,1599,3250.72,2551842,68472.0,95917.0,3250.0,3267.5,3239.5,3251.5,46301325,3576.6,2926.4,4322.95,2866.6,3247.3,60,4,3247.2,99,5,3247.1,349,3,3247.0,147,8,3246.9,400,7,3248.0,87,5,3248.1,132,6,3248.2,843,6,3248.3,865,7,3248.4,27,4
11536,2025-12-30 15:18:02+05:30,3247.8,2,3250.71,2557644,69383.0,94512.0,3250.0,3267.5,3239.5,3251.5,46301325,3576.6,2926.4,4322.95,2866.6,3247.8,29,5,3247.6,35,2,3247.4,331,5,3247.3,505,10,3247.2,222,6,3248.1,279,4,3248.2,190,2,3248.4,46,9,3248.5,164,8,3248.6,84,2
11536,2025-12-30 15:18:02+05:30,3247.8,2,3250.71,2557644,69383.0,94512.0,3250.0,3267.5,3239.5,3251.5,46301325,3576.6,2926.4,4322.95,2866.6,3247.8,29,5,3247.6,35,2,3247.4,331,5,3247.3,505,10,3247.2,222,6,3248.1,279,4,3248.2,190,2,3248.4,46,9,3248.5,164,8,3248.6,84,2
11536,2025-12-30 15:18:03+05:30,3247.8,2,3250.71,2557644,69383.0,94512.0,3250.0,3267.5,3239.5,3251.5,46301325,3576.6,2926.4,4322.95,2866.6,3247.8,29,5,3247.6,35,2,3247.4,331,5,3247.3,505,10,3247.2,222,6,3248.1,279,4,3248.2,190,2,3248.4,46,9,3248.5,164,8,3248.6,84,2
11536,2025-12-30 15:18:04+05:30,3247.8,2,3250.71,2557644,69383.0,94512.0,3250.0,3267.5,3239.5,3251.5,46301325,3576.6,2926.4,4322.95,2866.6,3247.8,29,5,3247.6,35,2,3247.4,331,5,3247.3,505,10,3247.2,222,6,3248.1,279,4,3248.2,190,2,3248.4,46,9,3248.5,164,8,3248.6,84,2
11536,2025-12-30 15:18:04+05:30,3248.1,1,3250.71,2557644,69383.0,94512.0,3250.0,3267.5,3239.5,3251.5,46301325,3576.6,2926.4,4322.95,2866.6,3247.8,29,5,3247.6,35,2,3247.4,331,5,3247.3,505,10,3247.2,222,6,3248.1,279,4,3248.2,190,2,3248.4,46,9,3248.5,164,8,3248.6,84,2
11536,2025-12-30 15:18:05+05:30,3248.1,1,3250.71,2557644,69383.0,94512.0,3250.0,3267.5,3239.5,3251.5,46301325,3576.6,2926.4,4322.95,2866.6,3247.8,29,5,3247.6,35,2,3247.4,331,5,3247.3,505,10,3247.2,222,6,3248.1,279,4,3248.2,190,2,3248.4,46,9,3248.5,164,8,3248.6,84,2
11536,2025-12-30 15:18:06+05:30,3248.1,1,3250.71,2557644,69383.0,94512.0,3250.0,3267.5,3239.5,3251.5,46301325,3576.6,2926.4,4322.95,2866.6,3247.8,29,5,3247.6,35,2,3247.4,331,5,3247.3,505,10,3247.2,222,6,3248.1,279,4,3248.2,190,2,3248.4,46,9,3248.5,164,8,3248.6,84,2
11536,2025-12-30 15:18:07+05:30,3248.1,1,3250.71,2557644,69383.0,94512.0,3250.0,3267.5,3239.5,3251.5,46301325,3576.6,2926.4,4322.95,2866.6,3247.8,29,5,3247.6,35,2,3247.4,331,5,3247.3,505,10,3247.2,222,6,3248.1,279,4,3248.2,190,2,3248.4,46,9,3248.5,164,8,3248.6,84,2
11536,2025-12-30 15:18:09+05:30,3248.1,1,3250.71,2557644,69383.0,94512.0,3250.0,3267.5,3239.5,3251.5,46301325,3576.6,2926.4,4322.95,2866.6,3247.8,29,5,3247.6,35,2,3247.4,331,5,3247.3,505,10,3247.2,222,6,3248.1,279,4,3248.2,190,2,3248.4,46,9,3248.5,164,8,3248.6,84,2
11536,2025-12-30 15:18:09+05:30,3247.9,1,3250.7,2562277,69445.0,95006.0,3250.0,3267.5,3239.5,3251.5,46301325,3576.6,2926.4,4322.95,2866.6,3247.9,86,3,3247.8,867,17,3247.7,37,1,3247.6,218,6,3247.5,136,2,3248.0,23,2,3248.1,108,6,3248.4,40,5,3248.5,164,8,3248.6,95,3
11536,2025-12-30 15:18:10+05:30,3247.9,1,3250.7,2562277,69445.0,95006.0,3250.0,3267.5,3239.5,3251.5,46301325,3576.6,2926.4,4322.95,2866.6,3247.9,86,3,3247.8,867,17,3247.7,37,1,3247.6,218,6,3247.5,136,2,3248.0,23,2,3248.1,108,6,3248.4,40,5,3248.5,164,8,3248.6,95,3
11536,2025-12-30 15:18:12+05:30,3247.9,1,3250.7,2562277,69445.0,95006.0,3250.0,3267.5,3239.5,3251.5,46301325,3576.6,2926.4,4322.95,2866.6,3247.9,86,3,3247.8,867,17,3247.7,37,1,3247.6,218,6,3247.5,136,2,3248.0,23,2,3248.1,108,6,3248.4,40,5,3248.5,164,8,3248.6,95,3
11536,2025-12-30 15:18:13+05:30,3248.0,10,3250.7,2562277,69445.0,95006.0,3250.0,3267.5,3239.5,3251.5,46301325,3576.6,2926.4,4322.95,2866.6,3247.9,86,3,3247.8,867,17,3247.7,37,1,3247.6,218,6,3247.5,136,2,3248.0,23,2,3248.1,108,6,3248.4,40,5,3248.5,164,8,3248.6,95,3
11536,2025-12-30 15:18:14+05:30,3248.0,10,3250.7,2562277,69445.0,95006.0,3250.0,3267.5,3239.5,3251.5,46301325,3576.6,2926.4,4322.95,2866.6,3247.9,86,3,3247.8,867,17,3247.7,37,1,3247.6,218,6,3247.5,136,2,3248.0,23,2,3248.1,108,6,3248.4,40,5,3248.5,164,8,3248.6,95,3
11536,2025-12-30 15:18:15+05:30,3248.0,10,3250.7,2562277,69445.0,95006.0,3250.0,3267.5,3239.5,3251.5,46301325,3576.6,2926.4,4322.95,2866.6,3247.9,86,3,3247.8,867,17,3247.7,37,1,3247.6,218,6,3247.5,136,2,3248.0,23,2,3248.1,108,6,3248.4,40,5,3248.5,164,8,3248.6,95,3
11536,2025-12-30 15:18:16+05:30,3247.9,3,3250.7,2564224,71019.0,95105.0,3250.0,3267.5,3239.5,3251.5,46301325,3576.6,2926.4,4322.95,2866.6,3247.9,824,17,3247.8,721,7,3247.7,31,1,3247.6,1,1,3247.5,238,2,3248.0,53,2,3248.1,190,9,3248.2,6,2,3248.3,23,3,3248.4,40,5
11536,2025-12-30 15:18:17+05:30,3247.9,3,3250.7,2564224,71019.0,95105.0,3250.0,3267.5,3239.5,3251.5,46307800,3576.6,2926.4,4322.95,2866.6,3247.9,824,17,3247.8,721,7,3247.7,31,1,3247.6,1,1,3247.5,238,2,3248.0,53,2,3248.1,190,9,3248.2,6,2,3248.3,23,3,3248.4,40,5
11536,2025-12-30 15:18:19+05:30,3247.9,3,3250.7,2564224,71019.0,95105.0,3250.0,3267.5,3239.5,3251.5,46307800,3576.6,2926.4,4322.95,2866.6,3247.9,824,17,3247.8,721,7,3247.7,31,1,3247.6,1,1,3247.5,238,2,3248.0,53,2,3248.1,190,9,3248.2,6,2,3248.3,23,3,3248.4,40,5
11536,2025-12-30 15:18:20+05:30,3248.0,38,3250.7,2564224,71019.0,95105.0,3250.0,3267.5,3239.5,3251.5,46307800,3576.6,2926.4,4322.95,2866.6,3247.9,824,17,3247.8,721,7,3247.7,31,1,3247.6,1,1,3247.5,238,2,3248.0,53,2,3248.1,190,9,3248.2,6,2,3248.3,23,3,3248.4,40,5
11536,2025-12-30 15:18:23+05:30,3247.9,6,3250.7,2566000,71162.0,95713.0,3250.0,3267.5,3239.5,3251.5,46307800,3576.6,2926.4,4322.95,2866.6,3247.9,721,13,3247.8,1068,9,3247.6,32,2,3247.5,366,3,3247.4,332,5,3248.0,50,4,3248.1,83,7,3248.2,31,3,3248.3,36,5,3248.4,27,4
11536,2025-12-30 15:18:27+05:30,3248.0,16,3250.7,2566000,71162.0,95713.0,3250.0,3267.5,3239.5,3251.5,46307800,3576.6,2926.4,4322.95,2866.6,3247.9,721,13,3247.8,1068,9,3247.6,32,2,3247.5,366,3,3247.4,332,5,3248.0,50,4,3248.1,83,7,3248.2,31,3,3248.3,36,5,3248.4,27,4
11536,2025-12-30 15:18:29+05:30,3247.9,29,3250.7,2570269,68788.0,95136.0,3250.0,3267.5,3239.5,3251.5,46307800,3576.6,2926.4,4322.95,2866.6,3247.9,670,9,3247.8,824,8,3247.6,67,3,3247.5,355,3,3247.4,295,4,3248.0,79,4,3248.1,24,4,3248.2,12,1,3248.3,14,2,3248.4,27,4
11536,2025-12-30 15:18:34+05:30,3247.9,1,3250.7,2570269,68788.0,95136.0,3250.0,3267.5,3239.5,3251.5,46307800,3576.6,2926.4,4322.95,2866.6,3247.9,670,9,3247.8,824,8,3247.6,67,3,3247.5,355,3,3247.4,295,4,3248.0,79,4,3248.1,24,4,3248.2,12,1,3248.3,14,2,3248.4,27,4
11536,2025-12-30 15:18:36+05:30,3248.0,15,3250.69,2572343,70846.0,94478.0,3250.0,3267.5,3239.5,3251.5,46307800,3576.6,2926.4,4322.95,2866.6,3247.9,250,12,3247.8,883,9,3247.7,176,2,3247.6,104,4,3247.5,55,3,3248.0,1,1,3248.3,13,1,3248.5,124,7,3248.6,73,1,3249.0,7,4
11536,2025-12-30 15:18:42+05:30,3248.0,5,3250.69,2572343,70846.0,94478.0,3250.0,3267.5,3239.5,3251.5,46307800,3576.6,2926.4,4322.95,2866.6,3247.9,250,12,3247.8,883,9,3247.7,176,2,3247.6,104,4,3247.5,55,3,3248.0,1,1,3248.3,13,1,3248.5,124,7,3248.6,73,1,3249.0,7,4
11536,2025-12-30 15:18:43+05:30,3248.0,1,3250.69,2575857,71613.0,95066.0,3250.0,3267.5,3239.5,3251.5,46307800,3576.6,2926.4,4322.95,2866.6,3248.0,239,7,3247.9,529,8,3247.8,1018,10,3247.7,146,3,3247.6,109,6,3248.5,9,1,3248.6,1,1,3248.8,12,2,3248.9,25,1,3249.0,68,7
11536,2025-12-30 15:18:49+05:30,3248.4,23,3250.69,2576948,72478.0,94219.0,3250.0,3267.5,3239.5,3251.5,46307800,3576.6,2926.4,4322.95,2866.6,3248.4,226,7,3248.3,24,4,3248.2,74,3,3248.1,222,4,3248.0,918,19,3248.7,2,2,3248.8,11,1,3248.9,25,1,3249.0,68,7,3249.1,41,4
11536,2025-12-30 15:18:49+05:30,3248.4,23,3250.69,2576948,72478.0,94219.0,3250.0,3267.5,3239.5,3251.5,46307800,3576.6,2926.4,4322.95,2866.6,3248.4,226,7,3248.3,24,4,3248.2,74,3,3248.1,222,4,3248.0,918,19,3248.7,2,2,3248.8,11,1,3248.9,25,1,3249.0,68,7,3249.1,41,4
11536,2025-12-30 15:18:56+05:30,3248.4,4,3250.69,2578838,70916.0,93149.0,3250.0,3267.5,3239.5,3251.5,46307800,3576.6,2926.4,4322.95,2866.6,3248.4,378,9,3248.1,138,1,3248.0,425,5,3247.9,419,3,3247.8,193,3,3248.7,222,8,3248.8,12,2,3248.9,19,1,3249.0,100,8,3249.1,41,4
11536,2025-12-30 15:18:57+05:30,3248.7,2,3250.69,2578838,70916.0,93149.0,3250.0,3267.5,3239.5,3251.5,46307800,3576.6,2926.4,4322.95,2866.6,3248.4,378,9,3248.1,138,1,3248.0,425,5,3247.9,419,3,3247.8,193,3,3248.7,222,8,3248.8,12,2,3248.9,19,1,3249.0,100,8,3249.1,41,4
11536,2025-12-30 15:19:03+05:30,3248.5,25,3250.69,2581240,71308.0,93235.0,3250.0,3267.5,3239.5,3251.5,46307800,3576.6,2926.4,4322.95,2866.6,3248.5,43,3,3248.4,671,16,3248.1,193,3,3248.0,464,7,3247.9,432,4,3248.6,179,8,3248.7,356,13,3248.8,71,5,3248.9,35,2,3249.0,152,10
11536,2025-12-30 15:19:04+05:30,3248.6,1,3250.69,2581240,71308.0,93235.0,3250.0,3267.5,3239.5,3251.5,46307800,3576.6,2926.4,4322.95,2866.6,3248.5,43,3,3248.4,671,16,3248.1,193,3,3248.0,464,7,3247.9,432,4,3248.6,179,8,3248.7,356,13,3248.8,71,5,3248.9,35,2,3249.0,152,10
11536,2025-12-30 15:19:10+05:30,3249.6,13,3250.68,2588473,71985.0,90425.0,3250.0,3267.5,3239.5,3251.5,46307800,3576.6,2926.4,4322.95,2866.6,3249.6,81,1,3249.4,123,1,3249.2,19,3,3248.7,232,3,3248.6,220,7,3249.9,139,5,3250.0,296,12,3250.1,39,1,3250.2,191,6,3250.3,92,2
11536,2025-12-30 15:19:12+05:30,3249.8,5,3250.68,2588473,71985.0,90425.0,3250.0,3267.5,3239.5,3251.5,46307800,3576.6,2926.4,4322.95,2866.6,3249.6,81,1,3249.4,123,1,3249.2,19,3,3248.7,232,3,3248.6,220,7,3249.9,139,5,3250.0,296,12,3250.1,39,1,3250.2,191,6,3250.3,92,2
11536,2025-12-30 15:19:17+05:30,3249.7,140,3250.68,2590250,70574.0,91163.0,3250.0,3267.5,3239.5,3251.5,46307800,3576.6,2926.4,4322.95,2866.6,3249.8,123,1,3249.7,340,1,3249.6,290,19,3249.4,86,2,3249.2,28,3,3249.9,223,9,3250.0,259,12,3250.1,34,1,3250.2,105,4,3250.3,92,2
11536,2025-12-30 15:19:20+05:30,3249.8,1,3250.68,2590250,70574.0,91163.0,3250.0,3267.5,3239.5,3251.5,46307800,3576.6,2926.4,4322.95,2866.6,3249.8,123,1,3249.7,340,1,3249.6,290,19,3249.4,86,2,3249.2,28,3,3249.9,223,9,3250.0,259,12,3250.1,34,1,3250.2,105,4,3250.3,92,2
11536,2025-12-30 15:19:24+05:30,3249.8,43,3250.68,2592286,70519.0,93609.0,3250.0,3267.5,3239.5,3251.5,46307800,3576.6,2926.4,4322.95,2866.6,3249.8,645,12,3249.7,381,3,3249.6,289,4,3249.4,86,2,3249.2,28,3,3249.9,43,6,3250.0,304,13,3250.1,930,4,3250.2,48,4,3250.3,96,3
11536,2025-12-30 15:19:28+05:30,3249.7,2,3250.68,2592286,70519.0,93609.0,3250.0,3267.5,3239.5,3251.5,46307800,3576.6,2926.4,4322.95,2866.6,3249.8,645,12,3249.7,381,3,3249.6,289,4,3249.4,86,2,3249.2,28,3,3249.9,43,6,3250.0,304,13,3250.1,930,4,3250.2,48,4,3250.3,96,3
11536,2025-12-30 15:19:30+05:30,3249.4,30,3250.68,2598513,69655.0,95394.0,3250.0,3267.5,3239.5,3251.5,46307800,3576.6,2926.4,4322.95,2866.6,3249.4,13,2,3249.2,28,3,3249.1,12,1,3249.0,1,1,3248.8,17,1,3249.6,111,8,3249.7,36,3,3249.8,1123,14,3249.9,239,16,3250.0,441,17
11536,2025-12-30 15:19:36+05:30,3249.5,7,3250.68,2598513,69655.0,95394.0,3250.0,3267.5,3239.5,3251.5,46307800,3576.6,2926.4,4322.95,2866.6,3249.4,13,2,3249.2,28,3,3249.1,12,1,3249.0,1,1,3248.8,17,1,3249.6,111,8,3249.7,36,3,3249.8,1123,14,3249.9,239,16,3250.0,441,17
11536,2025-12-30 15:19:37+05:30,3249.5,38,3250.68,2600222,70384.0,97172.0,3250.0,3267.5,3239.5,3251.5,46307800,3576.6,2926.4,4322.95,2866.6,3249.5,160,1,3249.4,15,5,3249.3,95,3,3249.2,5,1,3248.6,129,5,3249.6,1031,12,3249.7,126,4,3249.8,1106,8,3249.9,169,12,3250.0,496,16
11536,2025-12-30 15:19:44+05:30,3249.6,1,3250.68,2602194,70205.0,95579.0,3250.0,3267.5,3239.5,3251.5,46307800,3576.6,2926.4,4322.95,2866.6,3249.5,9,1,3249.4,3,1,3249.3,104,3,3249.2,5,1,3248.6,128,4,3249.6,897,16,3249.7,60,3,3249.8,1041,6,3249.9,133,7,3250.0,480,16
11536,2025-12-30 15:19:44+05:30,3249.5,4,3250.68,2602194,70205.0,95579.0,3250.0,3267.5,3239.5,3251.5,46307800,3576.6,2926.4,4322.95,2866.6,3249.5,9,1,3249.4,3,1,3249.3,104,3,3249.2,5,1,3248.6,128,4,3249.6,897,16,3249.7,60,3,3249.8,1041,6,3249.9,133,7,3250.0,480,16
11536,2025-12-30 15:19:51+05:30,3249.5,84,3250.67,2603932,70324.0,95382.0,3250.0,3267.5,3239.5,3251.5,46307800,3576.6,2926.4,4322.95,2866.6,3249.3,61,1,3248.6,306,8,3248.5,70,4,3248.4,95,7,3248.3,59,2,3249.5,149,10,3249.6,755,15,3249.7,59,2,3249.8,1047,4,3249.9,57,6
11536,2025-12-30 15:19:51+05:30,3249.3,1,3250.67,2603932,70324.0,95382.0,3250.0,3267.5,3239.5,3251.5,46307800,3576.6,2926.4,4322.95,2866.6,3249.3,61,1,3248.6,306,8,3248.5,70,4,3248.4,95,7,3248.3,59,2,3249.5,149,10,3249.6,755,15,3249.7,59,2,3249.8,1047,4,3249.9,57,6
11536,2025-12-30 15:19:57+05:30,3249.3,2,3250.67,2605069,68508.0,95777.0,3250.0,3267.5,3239.5,3251.5,46307800,3576.6,2926.4,4322.95,2866.6,3248.6,37,4,3248.5,96,3,3248.4,32,5,3248.2,113,1,3248.1,31,1,3249.3,8,1,3249.4,198,7,3249.5,110,6,3249.6,734,6,3249.7,158,4
11536,2025-12-30 15:19:59+05:30,3248.6,3,3250.67,2605069,68508.0,95777.0,3250.0,3267.5,3239.5,3251.5,46307800,3576.6,2926.4,4322.95,2866.6,3248.6,37,4,3248.5,96,3,3248.4,32,5,3248.2,113,1,3248.1,31,1,3249.3,8,1,3249.4,198,7,3249.5,110,6,3249.6,734,6,3249.7,158,4
11536,2025-12-30 15:20:04+05:30,3248.8,136,3250.67,2609611,69526.0,94636.0,3250.0,3267.5,3239.5,3251.5,46307800,3576.6,2926.4,4322.95,2866.6,3248.6,262,1,3248.5,425,9,3248.4,14,3,3248.3,233,4,3248.2,69,3,3248.8,222,3,3248.9,40,5,3249.0,114,3,3249.1,34,4,3249.2,214,3
11536,2025-12-30 15:20:07+05:30,3248.6,1,3250.67,2609611,69526.0,94636.0,3250.0,3267.5,3239.5,3251.5,46307800,3576.6,2926.4,4322.95,2866.6,3248.6,262,1,3248.5,425,9,3248.4,14,3,3248.3,233,4,3248.2,69,3,3248.8,222,3,3248.9,40,5,3249.0,114,3,3249.1,34,4,3249.2,214,3
11536,2025-12-30 15:20:13+05:30,3248.6,5,3250.67,2613129,68402.0,93349.0,3250.0,3267.5,3239.5,3251.5,46307800,3576.6,2926.4,4322.95,2866.6,3248.6,102,2,3248.5,251,1,3248.4,11,1,3248.3,5,1,3248.2,25,2,3248.7,20,5,3248.8,539,11,3248.9,29,2,3249.0,104,2,3249.1,125,7
11536,2025-12-30 15:20:16+05:30,3248.5,1,3250.67,2613129,68402.0,93349.0,3250.0,3267.5,3239.5,3251.5,46307800,3576.6,2926.4,4322.95,2866.6,3248.6,102,2,3248.5,251,1,3248.4,11,1,3248.3,5,1,3248.2,25,2,3248.7,20,5,3248.8,539,11,3248.9,29,2,3249.0,104,2,3249.1,125,7
11536,2025-12-30 15:20:21+05:30,3248.6,1,3250.66,2618720,67519.0,95270.0,3250.0,3267.5,3239.5,3251.5,46307800,3576.6,2926.4,4322.95,2866.6,3248.6,70,1,3248.3,6,1,3248.2,13,2,3248.1,49,3,3248.0,47,5,3248.7,207,6,3248.8,650,10,3248.9,285,1,3249.0,488,3,3249.1,78,5
11536,2025-12-30 15:20:25+05:30,3248.7,12,3250.66,2618720,67519.0,95270.0,3250.0,3267.5,3239.5,3251.5,46307800,3576.6,2926.4,4322.95,2866.6,3248.6,70,1,3248.3,6,1,3248.2,13,2,3248.1,49,3,3248.0,47,5,3248.7,207,6,3248.8,650,10,3248.9,285,1,3249.0,488,3,3249.1,78,5
11536,2025-12-30 15:20:28+05:30,3248.7,2,3250.66,2620258,68741.0,96483.0,3250.0,3267.5,3239.5,3251.5,46307800,3576.6,2926.4,4322.95,2866.6,3248.7,18,1,3248.6,84,3,3248.3,6,1,3248.2,13,2,3248.1,60,4,3248.8,403,5,3248.9,316,4,3249.0,1305,7,3249.1,59,4,3249.2,59,2
11536,2025-12-30 15:20:29+05:30,3248.7,4,3250.66,2620258,68741.0,96483.0,3250.0,3267.5,3239.5,3251.5,46307800,3576.6,2926.4,4322.95,2866.6,3248.7,18,1,3248.6,84,3,3248.3,6,1,3248.2,13,2,3248.1,60,4,3248.8,403,5,3248.9,316,4,3249.0,1305,7,3249.1,59,4,3249.2,59,2
11536,2025-12-30 15:20:29+05:30,3248.7,8,3250.66,2620519,69081.0,96296.0,3250.0,3267.5,3239.5,3251.5,46307800,3576.6,2926.4,4322.95,2866.6,3248.7,274,2,3248.6,84,3,3248.3,6,1,3248.2,13,2,3248.1,63,4,3248.8,344,7,3248.9,305,3,3249.0,1305,7,3249.1,31,3,3249.2,41,2
11536,2025-12-30 15:20:30+05:30,3248.6,30,3250.66,2621079,68833.0,97364.0,3250.0,3267.5,3239.5,3251.5,46307800,3576.6,2926.4,4322.95,2866.6,3248.2,11,2,3248.1,43,3,3248.0,50,6,3247.9,188,3,3247.8,1,1,3248.6,77,4,3248.7,437,9,3248.8,373,11,3248.9,551,5,3249.0,1465,8
11536,2025-12-30 15:20:31+05:30,3248.6,30,3250.66,2621079,68833.0,97364.0,3250.0,3267.5,3239.5,3251.5,46307800,3576.6,2926.4,4322.95,2866.6,3248.2,11,2,3248.1,43,3,3248.0,50,6,3247.9,188,3,3247.8,1,1,3248.6,77,4,3248.7,437,9,3248.8,373,11,3248.9,551,5,3249.0,1465,8
11536,2025-12-30 15:20:31+05:30,3248.2,2,3250.66,2621294,68994.0,97441.0,3250.0,3267.5,3239.5,3251.5,46307800,3576.6,2926.4,4322.95,2866.6,3248.2,20,2,3248.1,24,1,3248.0,50,6,3247.9,188,3,3247.8,1,1,3248.6,108,8,3248.7,451,11,3248.8,363,10,3248.9,551,5,3249.0,1465,8
11536,2025-12-30 15:20:32+05:30,3248.2,13,3250.66,2621294,68994.0,97441.0,3250.0,3267.5,3239.5,3251.5,46307800,3576.6,2926.4,4322.95,2866.6,3248.2,20,2,3248.1,24,1,3248.0,50,6,3247.9,188,3,3247.8,1,1,3248.6,108,8,3248.7,451,11,3248.8,363,10,3248.9,551,5,3249.0,1465,8
11536,2025-12-30 15:20:33+05:30,3248.2,5,3250.66,2621749,68840.0,97496.0,3250.0,3267.5,3239.5,3251.5,46307800,3576.6,2926.4,4322.95,2866.6,3248.2,2,1,3248.1,31,1,3248.0,50,6,3247.9,188,3,3247.8,1,1,3248.6,103,7,3248.7,473,11,3248.8,342,9,3248.9,558,6,3249.0,1372,9
11536,2025-12-30 15:20:34+05:30,3248.6,2,3250.66,2621749,68840.0,97496.0,3250.0,3267.5,3239.5,3251.5,46307800,3576.6,2926.4,4322.95,2866.6,3248.2,2,1,3248.1,31,1,3248.0,50,6,3247.9,188,3,3247.8,1,1,3248.6,103,7,3248.7,473,11,3248.8,342,9,3248.9,558,6,3249.0,1372,9
11536,2025-12-30 15:20:34+05:30,3248.6,7,3250.66,2622044,69205.0,96326.0,3250.0,3267.5,3239.5,3251.5,46307800,3576.6,2926.4,4322.95,2866.6,3248.3,39,1,3248.2,136,4,3248.1,70,2,3248.0,51,7,3247.9,1,1,3248.6,23,3,3248.7,483,11,3248.8,1143,10,3248.9,495,3,3249.0,504,6
11536,2025-12-30 15:20:35+05:30,3248.3,30,3250.66,2622305,69405.0,96830.0,3250.0,3267.5,3239.5,3251.5,46307800,3576.6,2926.4,4322.95,2866.6,3248.3,442,2,3248.2,119,6,3248.1,70,2,3248.0,51,7,3247.9,1,1,3248.6,174,6,3248.7,491,11,3248.8,1099,9,3248.9,485,2,3249.0,525,7
11536,2025-12-30 15:20:36+05:30,3248.5,38,3250.66,2622305,69405.0,96830.0,3250.0,3267.5,3239.5,3251.5,46307800,3576.6,2926.4,4322.95,2866.6,3248.3,442,2,3248.2,119,6,3248.1,70,2,3248.0,51,7,3247.9,1,1,3248.6,174,6,3248.7,491,11,3248.8,1099,9,3248.9,485,2,3249.0,525,7
11536,2025-12-30 15:20:36+05:30,3248.3,30,3250.66,2622436,69416.0,97498.0,3250.0,3267.5,3239.5,3251.5,46307800,3576.6,2926.4,4322.95,2866.6,3248.3,491,6,3248.2,110,4,3248.1,70,2,3248.0,51,7,3247.9,1,1,3248.5,104,1,3248.6,175,7,3248.7,309,8,3248.8,1098,8,3248.9,485,2
11536,2025-12-30 15:20:37+05:30,3248.3,3,3250.66,2622490,69645.0,97596.0,3250.0,3267.5,3239.5,3251.5,46307800,3576.6,2926.4,4322.95,2866.6,3248.3,619,7,3248.2,110,4,3248.1,70,2,3248.0,51,7,3247.9,1,1,3248.5,108,2,3248.6,176,8,3248.7,309,8,3248.8,1093,7,3248.9,485,2
11536,2025-12-30 15:20:38+05:30,3248.3,1,3250.66,2622490,69645.0,97596.0,3250.0,3267.5,3239.5,3251.5,46307800,3576.6,2926.4,4322.95,2866.6,3248.3,619,7,3248.2,110,4,3248.1,70,2,3248.0,51,7,3247.9,1,1,3248.5,108,2,3248.6,176,8,3248.7,309,8,3248.8,1093,7,3248.9,485,2
11536,2025-12-30 15:20:38+05:30,3248.3,151,3250.66,2622694,69612.0,97619.0,3250.0,3267.5,3239.5,3251.5,46307800,3576.6,2926.4,4322.95,2866.6,3248.3,520,10,3248.2,266,3,3248.1,79,3,3248.0,51,7,3247.9,1,1,3248.5,180,9,3248.6,175,7,3248.7,278,8,3248.8,1081,5,3248.9,285,1
11536,2025-12-30 15:20:39+05:30,3248.4,1,3250.66,2622897,69550.0,97606.0,3250.0,3267.5,3239.5,3251.5,46307800,3576.6,2926.4,4322.95,2866.6,3248.4,174,1,3248.3,493,10,3248.2,91,2,3248.1,79,3,3248.0,51,7,3248.5,179,8,3248.6,175,7,3248.7,273,6,3248.8,1075,3,3248.9,285,1
11536,2025-12-30 15:20:40+05:30,3248.4,77,3250.66,2622897,69550.0,97606.0,3250.0,3267.5,3239.5,3251.5,46307800,3576.6,2926.4,4322.95,2866.6,3248.4,174,1,3248.3,493,10,3248.2,91,2,3248.1,79,3,3248.0,51,7,3248.5,179,8,3248.6,175,7,3248.7,273,6,3248.8,1075,3,3248.9,285,1
11536,2025-12-30 15:20:40+05:30,3248.4,1,3250.66,2625678,69168.0,97636.0,3250.0,3267.5,3239.5,3251.5,46307800,3576.6,2926.4,4322.95,2866.6,3248.3,178,7,3248.2,91,2,3248.1,79,3,3248.0,51,7,3247.9,1,1,3248.4,55,4,3248.5,208,10,3248.6,175,7,3248.7,28,5,3248.8,1075,3
11536,2025-12-30 15:20:41+05:30,3248.3,4,3250.66,2626090,69188.0,97230.0,3250.0,3267.5,3239.5,3251.5,46307800,3576.6,2926.4,4322.95,2866.6,3248.3,69,1,3248.2,91,2,3248.1,79,3,3248.0,51,7,3247.9,16,2,3248.4,54,4,3248.5,192,9,3248.6,57,4,3248.7,27,4,3248.8,1076,4
11536,2025-12-30 15:20:42+05:30,3248.3,4,3250.66,2626090,69188.0,97230.0,3250.0,3267.5,3239.5,3251.5,46307800,3576.6,2926.4,4322.95,2866.6,3248.3,69,1,3248.2,91,2,3248.1,79,3,3248.0,51,7,3247.9,16,2,3248.4,54,4,3248.5,192,9,3248.6,57,4,3248.7,27,4,3248.8,1076,4
11536,2025-12-30 15:20:42+05:30,3248.4,1,3250.66,2626579,69207.0,97243.0,3250.0,3267.5,3239.5,3251.5,46307800,3576.6,2926.4,4322.95,2866.6,3248.3,73,1,3248.2,91,2,3248.1,79,3,3248.0,51,7,3247.9,31,3,3248.4,44,3,3248.5,192,9,3248.6,56,3,3248.7,52,7,3248.8,1075,3
11536,2025-12-30 15:20:43+05:30,3248.3,41,3250.66,2626643,68795.0,97330.0,3250.0,3267.5,3239.5,3251.5,46307800,3576.6,2926.4,4322.95,2866.6,3248.3,10,1,3248.2,91,2,3248.1,79,3,3248.0,51,7,3247.9,31,3,3248.4,50,4,3248.5,193,8,3248.6,55,2,3248.7,75,7,3248.8,1132,5
11536,2025-12-30 15:20:44+05:30,3248.5,2,3250.66,2626643,68795.0,97330.0,3250.0,3267.5,3239.5,3251.5,46307800,3576.6,2926.4,4322.95,2866.6,3248.3,10,1,3248.2,91,2,3248.1,79,3,3248.0,51,7,3247.9,31,3,3248.4,50,4,3248.5,193,8,3248.6,55,2,3248.7,75,7,3248.8,1132,5
11536,2025-12-30 15:20:44+05:30,3248.3,1,3250.66,2627022,68892.0,97353.0,3250.0,3267.5,3239.5,3251.5,46307800,3576.6,2926.4,4322.95,2866.6,3248.2,162,3,3248.1,79,3,3248.0,51,7,3247.9,31,3,3247.8,176,2,3248.3,21,1,3248.4,82,2,3248.5,297,8,3248.6,47,1,3248.7,40,5
11536,2025-12-30 15:20:45+05:30,3248.2,1,3250.66,2627366,68920.0,97004.0,3250.0,3267.5,3239.5,3251.5,46307800,3576.6,2926.4,4322.95,2866.6,3248.2,4,1,3248.1,79,3,3248.0,51,7,3247.9,31,3,3247.8,1,1,3248.3,48,2,3248.4,82,2,3248.5,108,7,3248.6,47,1,3248.7,40,5
11536,2025-12-30 15:20:46+05:30,3248.2,1,3250.66,2627366,68920.0,97004.0,3250.0,3267.5,3239.5,3251.5,46307800,3576.6,2926.4,4322.95,2866.6,3248.2,4,1,3248.1,79,3,3248.0,51,7,3247.9,31,3,3247.8,1,1,3248.3,48,2,3248.4,82,2,3248.5,108,7,3248.6,47,1,3248.7,40,5
11536,2025-12-30 15:20:47+05:30,3248.2,9,3250.65,2627755,68950.0,97041.0,3250.0,3267.5,3239.5,3251.5,46307800,3576.6,2926.4,4322.95,2866.6,3248.2,79,2,3248.1,18,2,3248.0,51,7,3247.9,31,3,3247.8,1,1,3248.3,54,5,3248.4,82,2,3248.5,99,6,3248.6,47,1,3248.7,134,7
11536,2025-12-30 15:20:48+05:30,3248.2,1,3250.65,2627755,68950.0,97041.0,3250.0,3267.5,3239.5,3251.5,46307800,3576.6,2926.4,4322.95,2866.6,3248.2,79,2,3248.1,18,2,3248.0,51,7,3247.9,31,3,3247.8,1,1,3248.3,54,5,3248.4,82,2,3248.5,99,6,3248.6,47,1,3248.7,134,7
11536,2025-12-30 15:20:48+05:30,3248.2,1,3250.65,2627756,68725.0,96988.0,3250.0,3267.5,3239.5,3251.5,46307800,3576.6,2926.4,4322.95,2866.6,3248.2,195,6,3248.1,31,5,3248.0,51,7,3247.9,31,3,3247.8,1,1,3248.3,87,8,3248.4,82,2,3248.5,99,6,3248.6,47,1,3248.7,121,6
11536,2025-12-30 15:20:49+05:30,3248.3,1,3250.65,2627934,68998.0,96967.0,3250.0,3267.5,3239.5,3251.5,46307800,3576.6,2926.4,4322.95,2866.6,3248.2,133,6,3248.1,33,6,3248.0,51,7,3247.9,31,3,3247.8,1,1,3248.3,96,10,3248.4,82,2,3248.5,880,5,3248.6,47,1,3248.7,111,5
11536,2025-12-30 15:20:50+05:30,3248.2,3,3250.65,2627934,68998.0,96967.0,3250.0,3267.5,3239.5,3251.5,46307800,3576.6,2926.4,4322.95,2866.6,3248.2,133,6,3248.1,33,6,3248.0,51,7,3247.9,31,3,3247.8,1,1,3248.3,96,10,3248.4,82,2,3248.5,880,5,3248.6,47,1,3248.7,111,5
11536,2025-12-30 15:20:50+05:30,3248.2,7,3250.65,2628034,68998.0,97070.0,3250.0,3267.5,3239.5,3251.5,46307800,3576.6,2926.4,4322.95,2866.6,3248.2,187,6,3248.1,33,6,3248.0,51,7,3247.9,31,3,3247.8,14,2,3248.3,189,9,3248.4,74,1,3248.5,894,6,3248.6,47,1,3248.7,27,4
11536,2025-12-30 15:20:51+05:30,3248.2,8,3250.65,2630557,69228.0,95723.0,3250.0,3267.5,3239.5,3251.5,46307800,3576.6,2926.4,4322.95,2866.6,3248.2,518,7,3248.1,11,3,3248.0,51,7,3247.9,34,4,3247.8,48,3,3248.4,25,1,3248.5,883,4,3248.6,47,1,3248.7,29,5,3248.8,487,4
11536,2025-12-30 15:20:52+05:30,3248.2,3,3250.65,2630557,69228.0,95723.0,3250.0,3267.5,3239.5,3251.5,46307800,3576.6,2926.4,4322.95,2866.6,3248.2,518,7,3248.1,11,3,3248.0,51,7,3247.9,34,4,3247.8,48,3,3248.4,25,1,3248.5,883,4,3248.6,47,1,3248.7,29,5,3248.8,487,4
11536,2025-12-30 15:20:52+05:30,3248.4,10,3250.65,2630618,69542.0,96206.0,3250.0,3267.5,3239.5,3251.5,46307800,3576.6,2926.4,4322.95,2866.6,3248.2,482,7,3248.1,11,3,3248.0,51,7,3247.9,243,6,3247.8,117,3,3248.4,13,1,3248.5,883,4,3248.6,47,1,3248.7,29,5,3248.8,487,4
11536,2025-12-30 15:20:53+05:30,3248.3,6,3250.65,2630642,69386.0,95248.0,3250.0,3267.5,3239.5,3251.5,46307800,3576.6,2926.4,4322.95,2866.6,3248.3,151,1,3248.2,526,8,3248.1,11,3,3248.0,51,7,3247.9,68,5,3248.4,30,2,3248.5,883,4,3248.6,47,1,3248.7,29,5,3248.8,287,3
11536,2025-12-30 15:20:54+05:30,3248.4,1,3250.65,2630642,69386.0,95248.0,3250.0,3267.5,3239.5,3251.5,46307800,3576.6,2926.4,4322.95,2866.6,3248.3,151,1,3248.2,526,8,3248.1,11,3,3248.0,51,7,3247.9,68,5,3248.4,30,2,3248.5,883,4,3248.6,47,1,3248.7,29,5,3248.8,287,3
11536,2025-12-30 15:20:54+05:30,3248.4,1,3250.65,2630875,66260.0,95205.0,3250.0,3267.5,3239.5,3251.5,46307800,3576.6,2926.4,4322.95,2866.6,3248.3,14,1,3248.2,467,3,3248.1,180,3,3248.0,64,8,3247.9,31,3,3248.4,41,4,3248.5,880,4,3248.6,49,2,3248.7,27,4,3248.8,287,3
11536,2025-12-30 15:20:55+05:30,3248.5,175,3250.65,2632263,69126.0,92381.0,3250.0,3267.5,3239.5,3251.5,46307800,3576.6,2926.4,4322.95,2866.6,3248.3,573,6,3248.2,683,6,3248.1,158,5,3248.0,351,10,3247.9,77,5,3248.5,31,1,3248.7,23,5,3248.8,287,3,3248.9,296,2,3249.0,396,3
11536,2025-12-30 15:20:56+05:30,3248.5,127,3250.65,2632263,69126.0,92381.0,3250.0,3267.5,3239.5,3251.5,46307800,3576.6,2926.4,4322.95,2866.6,3248.3,573,6,3248.2,683,6,3248.1,158,5,3248.0,351,10,3247.9,77,5,3248.5,31,1,3248.7,23,5,3248.8,287,3,3248.9,296,2,3249.0,396,3
11536,2025-12-30 15:20:56+05:30,3248.3,41,3250.65,2632541,70023.0,93723.0,3250.0,3267.5,3239.5,3251.5,46307800,3576.6,2926.4,4322.95,2866.6,3248.3,530,8,3248.2,467,3,3248.1,113,3,3248.0,135,8,3247.9,276,7,3248.5,139,2,3248.6,2,1,3248.7,21,4,3248.8,287,3,3248.9,296,2
11536,2025-12-30 15:20:57+05:30,3248.5,2,3250.65,2632544,70341.0,93445.0,3250.0,3267.5,3239.5,3251.5,46307800,3576.6,2926.4,4322.95,2866.6,3248.3,575,10,3248.2,487,3,3248.1,126,4,3248.0,135,8,3247.9,263,6,3248.5,159,4,3248.6,2,1,3248.7,21,4,3248.8,287,3,3248.9,296,2
11536,2025-12-30 15:20:58+05:30,3248.5,2,3250.65,2632544,70341.0,93445.0,3250.0,3267.5,3239.5,3251.5,46307800,3576.6,2926.4,4322.95,2866.6,3248.3,575,10,3248.2,487,3,3248.1,126,4,3248.0,135,8,3247.9,263,6,3248.5,159,4,3248.6,2,1,3248.7,21,4,3248.8,287,3,3248.9,296,2
11536,2025-12-30 15:20:58+05:30,3248.5,2,3250.65,2632544,70341.0,93445.0,3250.0,3267.5,3239.5,3251.5,46307800,3576.6,2926.4,4322.95,2866.6,3248.3,575,10,3248.2,487,3,3248.1,126,4,3248.0,135,8,3247.9,263,6,3248.5,159,4,3248.6,2,1,3248.7,21,4,3248.8,287,3,3248.9,296,2
11536,2025-12-30 15:20:58+05:30,3248.3,40,3250.65,2632771,69981.0,93860.0,3250.0,3267.5,3239.5,3251.5,46307800,3576.6,2926.4,4322.95,2866.6,3248.3,448,13,3248.2,487,3,3248.1,113,3,3248.0,135,8,3247.9,236,6,3248.5,178,9,3248.7,21,4,3248.8,287,3,3248.9,296,2,3249.0,396,3
11536,2025-12-30 15:20:59+05:30,3248.3,2,3250.65,2632773,70517.0,93968.0,3250.0,3267.5,3239.5,3251.5,46307800,3576.6,2926.4,4322.95,2866.6,3248.3,510,14,3248.2,598,3,3248.1,147,4,3248.0,190,10,3247.9,186,5,3248.5,176,8,3248.7,21,4,3248.8,287,3,3248.9,296,2,3249.0,396,3
11536,2025-12-30 15:20:59+05:30,3248.3,2,3250.65,2632773,70517.0,93968.0,3250.0,3267.5,3239.5,3251.5,46307800,3576.6,2926.4,4322.95,2866.6,3248.3,510,14,3248.2,598,3,3248.1,147,4,3248.0,190,10,3247.9,186,5,3248.5,176,8,3248.7,21,4,3248.8,287,3,3248.9,296,2,3249.0,396,3
11536,2025-12-30 15:21:00+05:30,3248.3,1,3250.65,2632773,70517.0,93968.0,3250.0,3267.5,3239.5,3251.5,46307800,3576.6,2926.4,4322.95,2866.6,3248.3,510,14,3248.2,598,3,3248.1,147,4,3248.0,190,10,3247.9,186,5,3248.5,176,8,3248.7,21,4,3248.8,287,3,3248.9,296,2,3249.0,396,3
11536,2025-12-30 15:21:00+05:30,3248.5,15,3250.65,2638312,70142.0,92398.0,3250.0,3267.5,3239.5,3251.5,46307800,3576.6,2926.4,4322.95,2866.6,3248.5,41,2,3248.3,514,16,3248.2,437,3,3248.1,166,6,3248.0,619,11,3248.7,1,1,3248.8,14,2,3248.9,296,2,3249.0,396,3,3249.1,11,1
11536,2025-12-30 15:21:01+05:30,3248.5,15,3250.65,2638312,70142.0,92398.0,3250.0,3267.5,3239.5,3251.5,46307800,3576.6,2926.4,4322.95,2866.6,3248.5,41,2,3248.3,514,16,3248.2,437,3,3248.1,166,6,3248.0,619,11,3248.7,1,1,3248.8,14,2,3248.9,296,2,3249.0,396,3,3249.1,11,1
11536,2025-12-30 15:21:01+05:30,3248.8,1,3250.65,2639023,69822.0,91253.0,3250.0,3267.5,3239.5,3251.5,46307800,3576.6,2926.4,4322.95,2866.6,3248.6,39,1,3248.4,21,2,3248.3,382,16,3248.2,623,3,3248.1,168,7,3248.8,2,1,3248.9,16,2,3249.0,396,3,3249.1,12,2,3249.2,11,1
11536,2025-12-30 15:21:02+05:30,3248.6,50,3250.65,2639023,69822.0,91253.0,3250.0,3267.5,3239.5,3251.5,46307800,3576.6,2926.4,4322.95,2866.6,3248.6,39,1,3248.4,21,2,3248.3,382,16,3248.2,623,3,3248.1,168,7,3248.8,2,1,3248.9,16,2,3249.0,396,3,3249.1,12,2,3249.2,11,1
11536,2025-12-30 15:21:02+05:30,3248.6,50,3250.65,2639023,69822.0,91253.0,3250.0,3267.5,3239.5,3251.5,46307800,3576.6,2926.4,4322.95,2866.6,3248.6,39,1,3248.4,21,2,3248.3,382,16,3248.2,623,3,3248.1,168,7,3248.8,2,1,3248.9,16,2,3249.0,396,3,3249.1,12,2,3249.2,11,1
11536,2025-12-30 15:21:03+05:30,3248.6,6,3250.65,2639355,69892.0,92451.0,3250.0,3267.5,3239.5,3251.5,46307800,3576.6,2926.4,4322.95,2866.6,3248.6,156,10,3248.5,80,2,3248.4,21,2,3248.3,380,14,3248.2,437,4,3248.7,1,1,3248.8,1,1,3248.9,17,3,3249.0,397,4,3249.1,11,1
11536,2025-12-30 15:21:03+05:30,3248.6,6,3250.65,2639355,69892.0,92451.0,3250.0,3267.5,3239.5,3251.5,46307800,3576.6,2926.4,4322.95,2866.6,3248.6,156,10,3248.5,80,2,3248.4,21,2,3248.3,380,14,3248.2,437,4,3248.7,1,1,3248.8,1,1,3248.9,17,3,3249.0,397,4,3249.1,11,1
11536,2025-12-30 15:21:04+05:30,3248.8,2,3250.65,2639479,70031.0,92624.0,3250.0,3267.5,3239.5,3251.5,46307800,3576.6,2926.4,4322.95,2866.6,3248.7,1,1,3248.6,430,18,3248.5,80,2,3248.4,30,4,3248.3,232,11,3248.8,5,1,3248.9,17,3,3249.0,396,3,3249.1,12,2,3249.2,11,1
11536,2025-12-30 15:21:04+05:30,3248.8,2,3250.65,2639479,70031.0,92624.0,3250.0,3267.5,3239.5,3251.5,46307800,3576.6,2926.4,4322.95,2866.6,3248.7,1,1,3248.6,430,18,3248.5,80,2,3248.4,30,4,3248.3,232,11,3248.8,5,1,3248.9,17,3,3249.0,396,3,3249.1,12,2,3249.2,11,1
11536,2025-12-30 15:21:04+05:30,3248.8,2,3250.65,2639479,70031.0,92624.0,3250.0,3267.5,3239.5,3251.5,46307800,3576.6,2926.4,4322.95,2866.6,3248.7,1,1,3248.6,430,18,3248.5,80,2,3248.4,30,4,3248.3,232,11,3248.8,5,1,3248.9,17,3,3249.0,396,3,3249.1,12,2,3249.2,11,1
11536,2025-12-30 15:21:05+05:30,3249.0,10,3250.64,2640066,70636.0,91033.0,3250.0,3267.5,3239.5,3251.5,46307800,3576.6,2926.4,4322.95,2866.6,3248.8,20,2,3248.7,535,5,3248.6,661,19,3248.5,160,3,3248.4,33,4,3249.0,10,1,3249.1,11,1,3249.2,23,3,3249.4,13,1,3249.7,7,2
11536,2025-12-30 15:21:05+05:30,3249.0,10,3250.64,2640066,70636.0,91033.0,3250.0,3267.5,3239.5,3251.5,46307800,3576.6,2926.4,4322.95,2866.6,3248.8,20,2,3248.7,535,5,3248.6,661,19,3248.5,160,3,3248.4,33,4,3249.0,10,1,3249.1,11,1,3249.2,23,3,3249.4,13,1,3249.7,7,2
11536,2025-12-30 15:21:06+05:30,3249.0,1,3250.64,2640066,70636.0,91033.0,3250.0,3267.5,3239.5,3251.5,46307800,3576.6,2926.4,4322.95,2866.6,3248.8,20,2,3248.7,535,5,3248.6,661,19,3248.5,160,3,3248.4,33,4,3249.0,10,1,3249.1,11,1,3249.2,23,3,3249.4,13,1,3249.7,7,2
11536,2025-12-30 15:21:06+05:30,3249.0,5,3250.64,2640118,70898.0,92240.0,3250.0,3267.5,3239.5,3251.5,46307800,3576.6,2926.4,4322.95,2866.6,3249.0,2,1,3248.9,61,1,3248.8,41,9,3248.7,546,6,3248.6,625,14,3249.1,11,1,3249.2,24,4,3249.4,13,1,3249.7,7,2,3249.9,67,3
11536,2025-12-30 15:21:06+05:30,3249.0,5,3250.64,2640118,70898.0,92240.0,3250.0,3267.5,3239.5,3251.5,46307800,3576.6,2926.4,4322.95,2866.6,3249.0,2,1,3248.9,61,1,3248.8,41,9,3248.7,546,6,3248.6,625,14,3249.1,11,1,3249.2,24,4,3249.4,13,1,3249.7,7,2,3249.9,67,3
11536,2025-12-30 15:21:07+05:30,3249.0,5,3250.64,2640118,70898.0,92240.0,3250.0,3267.5,3239.5,3251.5,46307800,3576.6,2926.4,4322.95,2866.6,3249.0,2,1,3248.9,61,1,3248.8,41,9,3248.7,546,6,3248.6,625,14,3249.1,11,1,3249.2,24,4,3249.4,13,1,3249.7,7,2,3249.9,67,3
11536,2025-12-30 15:21:07+05:30,3249.1,1,3250.64,2640510,70607.0,91154.0,3250.0,3267.5,3239.5,3251.5,46307800,3576.6,2926.4,4322.95,2866.6,3249.0,119,5,3248.9,64,1,3248.8,33,8,3248.7,535,5,3248.6,455,9,3249.1,11,2,3249.2,23,3,3249.4,13,1,3249.7,7,2,3249.9,67,3
11536,2025-12-30 15:21:08+05:30,3249.1,1,3250.64,2640510,70607.0,91154.0,3250.0,3267.5,3239.5,3251.5,46307800,3576.6,2926.4,4322.95,2866.6,3249.0,119,5,3248.9,64,1,3248.8,33,8,3248.7,535,5,3248.6,455,9,3249.1,11,2,3249.2,23,3,3249.4,13,1,3249.7,7,2,3249.9,67,3
11536,2025-12-30 15:21:08+05:30,3249.1,1,3250.64,2640510,70607.0,91154.0,3250.0,3267.5,3239.5,3251.5,46307800,3576.6,2926.4,4322.95,2866.6,3249.0,119,5,3248.9,64,1,3248.8,33,8,3248.7,535,5,3248.6,455,9,3249.1,11,2,3249.2,23,3,3249.4,13,1,3249.7,7,2,3249.9,67,3
11536,2025-12-30 15:21:08+05:30,3249.0,9,3250.64,2640899,67218.0,92311.0,3250.0,3267.5,3239.5,3251.5,46307800,3576.6,2926.4,4322.95,2866.6,3249.0,65,4,3248.8,33,8,3248.7,540,3,3248.6,325,5,3248.5,160,3,3249.1,11,2,3249.2,23,3,3249.3,1,1,3249.4,25,2,3249.7,7,2
11536,2025-12-30 15:21:08+05:30,3249.0,9,3250.64,2640899,67218.0,92311.0,3250.0,3267.5,3239.5,3251.5,46307800,3576.6,2926.4,4322.95,2866.6,3249.0,65,4,3248.8,33,8,3248.7,540,3,3248.6,325,5,3248.5,160,3,3249.1,11,2,3249.2,23,3,3249.3,1,1,3249.4,25,2,3249.7,7,2
11536,2025-12-30 15:21:09+05:30,3249.0,1,3250.64,2641079,70157.0,93500.0,3250.0,3267.5,3239.5,3251.5,46307800,3576.6,2926.4,4322.95,2866.6,3248.9,201,1,3248.8,27,2,3248.7,532,2,3248.6,325,5,3248.5,80,2,3249.0,977,1,3249.1,26,4,3249.2,23,3,3249.3,1,1,3249.4,25,2
11536,2025-12-30 15:21:10+05:30,3249.0,1,3250.64,2641079,70157.0,93500.0,3250.0,3267.5,3239.5,3251.5,46307800,3576.6,2926.4,4322.95,2866.6,3248.9,201,1,3248.8,27,2,3248.7,532,2,3248.6,325,5,3248.5,80,2,3249.0,977,1,3249.1,26,4,3249.2,23,3,3249.3,1,1,3249.4,25,2
11536,2025-12-30 15:21:10+05:30,3249.0,202,3250.64,2641079,70157.0,93500.0,3250.0,3267.5,3239.5,3251.5,46307800,3576.6,2926.4,4322.95,2866.6,3248.9,201,1,3248.8,27,2,3248.7,532,2,3248.6,325,5,3248.5,80,2,3249.0,977,1,3249.1,26,4,3249.2,23,3,3249.3,1,1,3249.4,25,2
11536,2025-12-30 15:21:10+05:30,3248.9,417,3250.64,2642038,69922.0,92931.0,3250.0,3267.5,3239.5,3251.5,46307800,3576.6,2926.4,4322.95,2866.6,3248.9,397,5,3248.8,27,2,3248.7,540,3,3248.6,313,4,3248.5,94,3,3249.0,692,3,3249.1,26,4,3249.2,12,2,3249.3,1,1,3249.4,25,2
11536,2025-12-30 15:21:11+05:30,3248.9,15,3250.64,2642376,70050.0,92655.0,3250.0,3267.5,3239.5,3251.5,46307800,3576.6,2926.4,4322.95,2866.6,3248.9,351,9,3248.7,532,2,3248.6,313,4,3248.5,94,3,3248.4,202,3,3249.0,437,7,3249.1,26,4,3249.2,11,1,3249.3,1,1,3249.4,26,3
11536,2025-12-30 15:21:11+05:30,3248.9,15,3250.64,2642376,70050.0,92655.0,3250.0,3267.5,3239.5,3251.5,46307800,3576.6,2926.4,4322.95,2866.6,3248.9,351,9,3248.7,532,2,3248.6,313,4,3248.5,94,3,3248.4,202,3,3249.0,437,7,3249.1,26,4,3249.2,11,1,3249.3,1,1,3249.4,26,3
11536,2025-12-30 15:21:12+05:30,3248.9,1,3250.64,2642376,70050.0,92655.0,3250.0,3267.5,3239.5,3251.5,46307800,3576.6,2926.4,4322.95,2866.6,3248.9,351,9,3248.7,532,2,3248.6,313,4,3248.5,94,3,3248.4,202,3,3249.0,437,7,3249.1,26,4,3249.2,11,1,3249.3,1,1,3249.4,26,3
11536,2025-12-30 15:21:12+05:30,3248.9,1,3250.64,2642937,70646.0,92096.0,3250.0,3267.5,3239.5,3251.5,46307800,3576.6,2926.4,4322.95,2866.6,3249.0,1,1,3248.9,647,12,3248.8,201,1,3248.7,541,3,3248.6,323,5,3249.1,27,4,3249.3,1,1,3249.4,26,3,3249.7,16,2,3249.9,67,3
11536,2025-12-30 15:21:13+05:30,3248.9,1,3250.64,2642937,70646.0,92096.0,3250.0,3267.5,3239.5,3251.5,46307800,3576.6,2926.4,4322.95,2866.6,3249.0,1,1,3248.9,647,12,3248.8,201,1,3248.7,541,3,3248.6,323,5,3249.1,27,4,3249.3,1,1,3249.4,26,3,3249.7,16,2,3249.9,67,3
11536,2025-12-30 15:21:13+05:30,3249.1,1,3250.64,2643411,71387.0,91099.0,3250.0,3267.5,3239.5,3251.5,46307800,3576.6,2926.4,4322.95,2866.6,3249.0,429,4,3248.9,370,5,3248.8,332,3,3248.7,541,3,3248.6,313,4,3249.1,56,4,3249.3,1,1,3249.4,26,3,3249.7,16,2,3249.9,67,3
11536,2025-12-30 15:21:14+05:30,3249.0,1,3250.64,2643411,71387.0,91099.0,3250.0,3267.5,3239.5,3251.5,46307800,3576.6,2926.4,4322.95,2866.6,3249.0,429,4,3248.9,370,5,3248.8,332,3,3248.7,541,3,3248.6,313,4,3249.1,56,4,3249.3,1,1,3249.4,26,3,3249.7,16,2,3249.9,67,3
11536,2025-12-30 15:21:14+05:30,3249.0,153,3250.64,2643604,71843.0,91896.0,3250.0,3267.5,3239.5,3251.5,46307800,3576.6,2926.4,4322.95,2866.6,3249.0,368,6,3248.9,370,5,3248.8,332,3,3248.7,541,3,3248.6,313,4,3249.1,56,4,3249.3,2,2,3249.4,25,2,3249.7,16,2,3249.9,67,3
11536,2025-12-30 15:21:15+05:30,3249.0,153,3250.64,2643604,71843.0,91896.0,3250.0,3267.5,3239.5,3251.5,46307800,3576.6,2926.4,4322.95,2866.6,3249.0,368,6,3248.9,370,5,3248.8,332,3,3248.7,541,3,3248.6,313,4,3249.1,56,4,3249.3,2,2,3249.4,25,2,3249.7,16,2,3249.9,67,3
11536,2025-12-30 15:21:15+05:30,3249.1,2,3250.64,2643665,71863.0,92245.0,3250.0,3267.5,3239.5,3251.5,46307800,3576.6,2926.4,4322.95,2866.6,3249.0,553,11,3248.9,368,3,3248.8,131,2,3248.7,532,2,3248.6,313,4,3249.1,31,3,3249.3,2,2,3249.4,25,2,3249.7,41,3,3249.9,67,3
11536,2025-12-30 15:21:16+05:30,3249.0,44,3250.64,2643665,71863.0,92245.0,3250.0,3267.5,3239.5,3251.5,46307800,3576.6,2926.4,4322.95,2866.6,3249.0,553,11,3248.9,368,3,3248.8,131,2,3248.7,532,2,3248.6,313,4,3249.1,31,3,3249.3,2,2,3249.4,25,2,3249.7,41,3,3249.9,67,3
11536,2025-12-30 15:21:16+05:30,3249.0,44,3250.64,2643665,71863.0,92245.0,3250.0,3267.5,3239.5,3251.5,46307800,3576.6,2926.4,4322.95,2866.6,3249.0,553,11,3248.9,368,3,3248.8,131,2,3248.7,532,2,3248.6,313,4,3249.1,31,3,3249.3,2,2,3249.4,25,2,3249.7,41,3,3249.9,67,3
11536,2025-12-30 15:21:16+05:30,3249.0,10,3250.64,2643758,71836.0,92209.0,3250.0,3267.5,3239.5,3251.5,46307800,3576.6,2926.4,4322.95,2866.6,3249.0,583,15,3248.9,301,2,3248.8,131,2,3248.7,532,2,3248.6,313,4,3249.1,100,7,3249.2,1,1,3249.3,1,1,3249.4,25,2,3249.7,41,3
11536,2025-12-30 15:21:17+05:30,3249.0,1,3250.64,2643760,71966.0,92322.0,3250.0,3267.5,3239.5,3251.5,46307800,3576.6,2926.4,4322.95,2866.6,3249.0,604,20,3248.9,337,3,3248.8,143,3,3248.7,567,3,3248.6,313,4,3249.1,100,7,3249.2,1,1,3249.3,1,1,3249.4,25,2,3249.7,41,3
11536,2025-12-30 15:21:18+05:30,3249.0,1,3250.64,2643760,71966.0,92322.0,3250.0,3267.5,3239.5,3251.5,46307800,3576.6,2926.4,4322.95,2866.6,3249.0,604,20,3248.9,337,3,3248.8,143,3,3248.7,567,3,3248.6,313,4,3249.1,100,7,3249.2,1,1,3249.3,1,1,3249.4,25,2,3249.7,41,3
11536,2025-12-30 15:21:18+05:30,3249.0,1,3250.64,2643760,71966.0,92322.0,3250.0,3267.5,3239.5,3251.5,46583950,3576.6,2926.4,4322.95,2866.6,3249.0,604,20,3248.9,337,3,3248.8,143,3,3248.7,567,3,3248.6,313,4,3249.1,100,7,3249.2,1,1,3249.3,1,1,3249.4,25,2,3249.7,41,3
11536,2025-12-30 15:21:18+05:30,3249.0,1,3250.64,2644000,71722.0,92387.0,3250.0,3267.5,3239.5,3251.5,46583950,3576.6,2926.4,4322.95,2866.6,3249.0,468,18,3248.9,337,3,3248.8,133,3,3248.7,567,3,3248.6,313,4,3249.1,98,8,3249.3,16,2,3249.4,25,2,3249.7,41,3,3249.8,9,1
11536,2025-12-30 15:21:19+05:30,3249.1,1,3250.64,2644000,71722.0,92387.0,3250.0,3267.5,3239.5,3251.5,46583950,3576.6,2926.4,4322.95,2866.6,3249.0,468,18,3248.9,337,3,3248.8,133,3,3248.7,567,3,3248.6,313,4,3249.1,98,8,3249.3,16,2,3249.4,25,2,3249.7,41,3,3249.8,9,1
11536,2025-12-30 15:21:19+05:30,3249.0,2,3250.64,2644043,72231.0,92357.0,3250.0,3267.5,3239.5,3251.5,46583950,3576.6,2926.4,4322.95,2866.6,3249.0,968,18,3248.9,337,3,3248.8,133,3,3248.7,567,3,3248.6,313,4,3249.1,77,6,3249.3,16,2,3249.4,25,2,3249.7,41,3,3249.9,67,3
11536,2025-12-30 15:21:20+05:30,3249.0,2,3250.64,2644043,72231.0,92357.0,3250.0,3267.5,3239.5,3251.5,46583950,3576.6,2926.4,4322.95,2866.6,3249.0,968,18,3248.9,337,3,3248.8,133,3,3248.7,567,3,3248.6,313,4,3249.1,77,6,3249.3,16,2,3249.4,25,2,3249.7,41,3,3249.9,67,3
11536,2025-12-30 15:21:21+05:30,3249.0,2,3250.64,2644043,72231.0,92357.0,3250.0,3267.5,3239.5,3251.5,46583950,3576.6,2926.4,4322.95,2866.6,3249.0,968,18,3248.9,337,3,3248.8,133,3,3248.7,567,3,3248.6,313,4,3249.1,77,6,3249.3,16,2,3249.4,25,2,3249.7,41,3,3249.9,67,3
11536,2025-12-30 15:21:21+05:30,3249.0,2,3250.64,2645280,72007.0,92012.0,3250.0,3267.5,3239.5,3251.5,46583950,3576.6,2926.4,4322.95,2866.6,3249.0,540,11,3248.9,337,3,3248.8,133,3,3248.7,567,3,3248.6,313,4,3249.1,136,7,3249.3,16,2,3249.4,25,2,3249.5,1,1,3249.6,6,1
11536,2025-12-30 15:21:22+05:30,3249.0,15,3250.64,2646912,71829.0,92075.0,3250.0,3267.5,3239.5,3251.5,46583950,3576.6,2926.4,4322.95,2866.6,3249.0,437,13,3248.9,337,3,3248.8,133,3,3248.7,567,3,3248.6,313,4,3249.1,227,3,3249.3,16,2,3249.4,25,2,3249.5,1,1,3249.7,163,4
11536,2025-12-30 15:21:23+05:30,3249.0,13,3250.64,2646912,71829.0,92075.0,3250.0,3267.5,3239.5,3251.5,46583950,3576.6,2926.4,4322.95,2866.6,3249.0,437,13,3248.9,337,3,3248.8,133,3,3248.7,567,3,3248.6,313,4,3249.1,227,3,3249.3,16,2,3249.4,25,2,3249.5,1,1,3249.7,163,4
11536,2025-12-30 15:21:23+05:30,3249.0,6,3250.64,2647179,70765.0,92845.0,3250.0,3267.5,3239.5,3251.5,46583950,3576.6,2926.4,4322.95,2866.6,3249.0,541,17,3248.9,410,4,3248.8,133,3,3248.7,567,3,3248.6,421,5,3249.1,233,5,3249.3,712,3,3249.4,26,3,3249.7,163,4,3249.8,59,2
11536,2025-12-30 15:21:24+05:30,3249.1,145,3250.64,2647360,71615.0,92787.0,3250.0,3267.5,3239.5,3251.5,46583950,3576.6,2926.4,4322.95,2866.6,3249.0,495,17,3248.9,536,5,3248.8,133,3,3248.7,567,3,3248.6,427,6,3249.1,84,5,3249.2,8,2,3249.3,713,4,3249.4,25,2,3249.7,41,3
11536,2025-12-30 15:21:25+05:30,3249.0,1,3250.64,2647360,71615.0,92787.0,3250.0,3267.5,3239.5,3251.5,46583950,3576.6,2926.4,4322.95,2866.6,3249.0,495,17,3248.9,536,5,3248.8,133,3,3248.7,567,3,3248.6,427,6,3249.1,84,5,3249.2,8,2,3249.3,713,4,3249.4,25,2,3249.7,41,3
11536,2025-12-30 15:21:25+05:30,3249.0,12,3250.64,2648016,71950.0,92970.0,3250.0,3267.5,3239.5,3251.5,46583950,3576.6,2926.4,4322.95,2866.6,3249.0,153,10,3248.9,536,5,3248.8,143,4,3248.7,590,4,3248.6,421,5,3249.1,198,6,3249.2,31,3,3249.3,743,5,3249.4,25,2,3249.7,41,3
11536,2025-12-30 15:21:26+05:30,3249.0,15,3250.64,2648016,71950.0,92970.0,3250.0,3267.5,3239.5,3251.5,46583950,3576.6,2926.4,4322.95,2866.6,3249.0,153,10,3248.9,536,5,3248.8,143,4,3248.7,590,4,3248.6,421,5,3249.1,198,6,3249.2,31,3,3249.3,743,5,3249.4,25,2,3249.7,41,3
11536,2025-12-30 15:21:26+05:30,3250.0,40,3250.64,2650368,71912.0,89756.0,3250.0,3267.5,3239.5,3251.5,46583950,3576.6,2926.4,4322.95,2866.6,3249.0,170,7,3248.9,589,5,3248.8,143,4,3248.7,590,4,3248.6,617,5,3250.0,119,3,3250.1,5,1,3250.2,34,1,3250.3,6,1,3250.4,38,1
11536,2025-12-30 15:21:27+05:30,3250.0,2,3250.64,2650375,72350.0,90552.0,3250.0,3267.5,3239.5,3251.5,46583950,3576.6,2926.4,4322.95,2866.6,3249.0,165,7,3248.9,589,5,3248.8,215,5,3248.7,590,4,3248.6,617,5,3250.0,118,4,3250.1,11,2,3250.2,34,1,3250.4,75,2,3250.6,245,4
11536,2025-12-30 15:21:28+05:30,3249.0,2,3250.64,2650375,72350.0,90552.0,3250.0,3267.5,3239.5,3251.5,46583950,3576.6,2926.4,4322.95,2866.6,3249.0,165,7,3248.9,589,5,3248.8,215,5,3248.7,590,4,3248.6,617,5,3250.0,118,4,3250.1,11,2,3250.2,34,1,3250.4,75,2,3250.6,245,4
11536,2025-12-30 15:21:33+05:30,3249.9,3,3250.64,2651828,72467.0,91213.0,3250.0,3267.5,3239.5,3251.5,46583950,3576.6,2926.4,4322.95,2866.6,3249.5,98,7,3249.3,11,2,3249.2,1,1,3249.0,651,13,3248.9,662,7,3249.9,92,4,3250.0,117,11,3250.1,41,2,3250.2,120,4,3250.3,44,1
11536,2025-12-30 15:21:35+05:30,3249.9,5,3250.64,2651828,72467.0,91213.0,3250.0,3267.5,3239.5,3251.5,46583950,3576.6,2926.4,4322.95,2866.6,3249.5,98,7,3249.3,11,2,3249.2,1,1,3249.0,651,13,3248.9,662,7,3249.9,92,4,3250.0,117,11,3250.1,41,2,3250.2,120,4,3250.3,44,1
11536,2025-12-30 15:21:40+05:30,3249.6,2,3250.64,2654530,71743.0,92145.0,3250.0,3267.5,3239.5,3251.5,46583950,3576.6,2926.4,4322.95,2866.6,3249.5,7,1,3249.3,499,3,3249.2,19,2,3249.0,977,8,3248.9,107,3,3249.6,1,1,3249.7,50,6,3249.8,63,2,3249.9,138,8,3250.0,51,4
11536,2025-12-30 15:21:42+05:30,3249.6,1,3250.64,2654530,71743.0,92145.0,3250.0,3267.5,3239.5,3251.5,46583950,3576.6,2926.4,4322.95,2866.6,3249.5,7,1,3249.3,499,3,3249.2,19,2,3249.0,977,8,3248.9,107,3,3249.6,1,1,3249.7,50,6,3249.8,63,2,3249.9,138,8,3250.0,51,4
11536,2025-12-30 15:21:47+05:30,3249.5,1,3250.64,2655529,71083.0,93561.0,3250.0,3267.5,3239.5,3251.5,46583950,3576.6,2926.4,4322.95,2866.6,3249.5,115,10,3249.3,542,3,3249.2,34,3,3249.0,779,9,3248.9,308,5,3249.6,365,11,3249.7,12,2,3249.8,68,3,3249.9,78,6,3250.0,79,4
11536,2025-12-30 15:21:50+05:30,3249.5,2,3250.64,2655529,71083.0,93561.0,3250.0,3267.5,3239.5,3251.5,46583950,3576.6,2926.4,4322.95,2866.6,3249.5,115,10,3249.3,542,3,3249.2,34,3,3249.0,779,9,3248.9,308,5,3249.6,365,11,3249.7,12,2,3249.8,68,3,3249.9,78,6,3250.0,79,4
11536,2025-12-30 15:21:54+05:30,3249.4,19,3250.64,2658708,70033.0,94940.0,3250.0,3267.5,3239.5,3251.5,46583950,3576.6,2926.4,4322.95,2866.6,3249.3,44,3,3249.2,34,3,3249.0,779,9,3248.9,108,4,3248.8,62,5,3249.4,10,1,3249.5,612,3,3249.6,406,14,3249.7,13,1,3249.8,114,5
11536,2025-12-30 15:21:57+05:30,3249.2,33,3250.64,2658708,70033.0,94940.0,3250.0,3267.5,3239.5,3251.5,46583950,3576.6,2926.4,4322.95,2866.6,3249.3,44,3,3249.2,34,3,3249.0,779,9,3248.9,108,4,3248.8,62,5,3249.4,10,1,3249.5,612,3,3249.6,406,14,3249.7,13,1,3249.8,114,5
11536,2025-12-30 15:22:01+05:30,3248.9,2,3250.63,2661704,69711.0,92835.0,3250.0,3267.5,3239.5,3251.5,46583950,3576.6,2926.4,4322.95,2866.6,3248.9,132,3,3248.8,16,2,3248.7,59,3,3248.6,21,4,3248.5,187,4,3249.1,11,1,3249.2,269,6,3249.3,65,9,3249.4,115,8,3249.5,626,5
11536,2025-12-30 15:22:04+05:30,3249.0,1,3250.63,2661704,69711.0,92835.0,3250.0,3267.5,3239.5,3251.5,46583950,3576.6,2926.4,4322.95,2866.6,3248.9,132,3,3248.8,16,2,3248.7,59,3,3248.6,21,4,3248.5,187,4,3249.1,11,1,3249.2,269,6,3249.3,65,9,3249.4,115,8,3249.5,626,5
11536,2025-12-30 15:22:08+05:30,3248.9,1,3250.63,2663581,68963.0,92903.0,3250.0,3267.5,3239.5,3251.5,46583950,3576.6,2926.4,4322.95,2866.6,3248.9,16,2,3248.8,16,2,3248.7,59,3,3248.6,21,4,3248.5,27,2,3249.0,228,6,3249.1,16,1,3249.2,70,2,3249.3,117,8,3249.4,219,10
11536,2025-12-30 15:22:12+05:30,3248.8,15,3250.63,2663581,68963.0,92903.0,3250.0,3267.5,3239.5,3251.5,46583950,3576.6,2926.4,4322.95,2866.6,3248.9,16,2,3248.8,16,2,3248.7,59,3,3248.6,21,4,3248.5,27,2,3249.0,228,6,3249.1,16,1,3249.2,70,2,3249.3,117,8,3249.4,219,10
11536,2025-12-30 15:22:15+05:30,3248.8,1,3250.63,2666436,68227.0,96400.0,3250.0,3267.5,3239.5,3251.5,46583950,3576.6,2926.4,4322.95,2866.6,3248.3,28,2,3248.2,36,2,3248.1,17,2,3248.0,137,8,3247.9,1,1,3248.8,10,2,3248.9,442,14,3249.0,1005,9,3249.1,256,5,3249.2,106,3
11536,2025-12-30 15:22:20+05:30,3248.3,175,3250.63,2666436,68227.0,96400.0,3250.0,3267.5,3239.5,3251.5,46583950,3576.6,2926.4,4322.95,2866.6,3248.3,28,2,3248.2,36,2,3248.1,17,2,3248.0,137,8,3247.9,1,1,3248.8,10,2,3248.9,442,14,3249.0,1005,9,3249.1,256,5,3249.2,106,3
11536,2025-12-30 15:22:21+05:30,3248.0,4,3250.63,2668956,67267.0,97847.0,3250.0,3267.5,3239.5,3251.5,46583950,3576.6,2926.4,4322.95,2866.6,3248.0,33,2,3247.9,1,1,3247.6,29,3,3247.5,12,2,3247.4,102,1,3248.3,202,7,3248.4,44,4,3248.5,712,6,3248.6,67,3,3248.7,311,4
11536,2025-12-30 15:22:28+05:30,3248.0,33,3250.63,2668956,67267.0,97847.0,3250.0,3267.5,3239.5,3251.5,46583950,3576.6,2926.4,4322.95,2866.6,3248.0,33,2,3247.9,1,1,3247.6,29,3,3247.5,12,2,3247.4,102,1,3248.3,202,7,3248.4,44,4,3248.5,712,6,3248.6,67,3,3248.7,311,4
11536,2025-12-30 15:22:28+05:30,3248.2,1,3250.63,2670247,67036.0,96817.0,3250.0,3267.5,3239.5,3251.5,46583950,3576.6,2926.4,4322.95,2866.6,3248.0,61,2,3247.9,51,1,3247.4,80,3,3247.2,26,2,3247.1,103,3,3248.2,293,4,3248.3,254,8,3248.5,670,3,3248.7,138,2,3248.8,326,8
11536,2025-12-30 15:22:35+05:30,3248.0,1,3250.62,2673146,66660.0,97502.0,3250.0,3267.5,3239.5,3251.5,46583950,3576.6,2926.4,4322.95,2866.6,3247.4,40,5,3247.2,68,3,3247.1,170,3,3247.0,489,11,3246.9,39,1,3248.0,176,8,3248.1,809,8,3248.2,361,12,3248.3,96,2,3248.4,211,2
11536,2025-12-30 15:22:36+05:30,3247.5,1,3250.62,2673146,66660.0,97502.0,3250.0,3267.5,3239.5,3251.5,46583950,3576.6,2926.4,4322.95,2866.6,3247.4,40,5,3247.2,68,3,3247.1,170,3,3247.0,489,11,3246.9,39,1,3248.0,176,8,3248.1,809,8,3248.2,361,12,3248.3,96,2,3248.4,211,2
11536,2025-12-30 15:22:42+05:30,3247.3,16,3250.62,2675960,66928.0,98718.0,3250.0,3267.5,3239.5,3251.5,46583950,3576.6,2926.4,4322.95,2866.6,3247.3,26,1,3247.1,12,1,3247.0,355,10,3246.9,201,2,3246.8,204,6,3247.7,127,8,3247.8,25,2,3247.9,57,5,3248.0,1117,11,3248.1,1110,5
11536,2025-12-30 15:22:44+05:30,3247.5,11,3250.62,2675960,66928.0,98718.0,3250.0,3267.5,3239.5,3251.5,46583950,3576.6,2926.4,4322.95,2866.6,3247.3,26,1,3247.1,12,1,3247.0,355,10,3246.9,201,2,3246.8,204,6,3247.7,127,8,3247.8,25,2,3247.9,57,5,3248.0,1117,11,3248.1,1110,5
11536,2025-12-30 15:22:48+05:30,3247.2,23,3250.62,2680071,66041.0,98109.0,3250.0,3267.5,3239.5,3251.5,46583950,3576.6,2926.4,4322.95,2866.6,3247.2,34,1,3247.0,164,8,3246.9,92,4,3246.8,79,4,3246.7,109,4,3247.4,13,2,3247.5,660,3,3247.6,52,5,3247.7,12,2,3247.8,210,2
11536,2025-12-30 15:22:51+05:30,3247.3,1,3250.62,2680071,66041.0,98109.0,3250.0,3267.5,3239.5,3251.5,46583950,3576.6,2926.4,4322.95,2866.6,3247.2,34,1,3247.0,164,8,3246.9,92,4,3246.8,79,4,3246.7,109,4,3247.4,13,2,3247.5,660,3,3247.6,52,5,3247.7,12,2,3247.8,210,2
11536,2025-12-30 15:22:55+05:30,3247.3,1,3250.61,2683257,66968.0,96396.0,3250.0,3267.5,3239.5,3251.5,46583950,3576.6,2926.4,4322.95,2866.6,3247.3,43,2,3247.2,36,4,3247.1,127,3,3247.0,228,4,3246.9,168,4,3247.6,10,2,3247.7,12,2,3247.8,11,2,3247.9,33,2,3248.0,806,3
11536,2025-12-30 15:22:58+05:30,3247.6,1,3250.61,2683257,66968.0,96396.0,3250.0,3267.5,3239.5,3251.5,46583950,3576.6,2926.4,4322.95,2866.6,3247.3,43,2,3247.2,36,4,3247.1,127,3,3247.0,228,4,3246.9,168,4,3247.6,10,2,3247.7,12,2,3247.8,11,2,3247.9,33,2,3248.0,806,3
11536,2025-12-30 15:23:02+05:30,3247.4,6,3250.61,2686022,62571.0,96600.0,3250.0,3267.5,3239.5,3251.5,46583950,3576.6,2926.4,4322.95,2866.6,3247.3,251,7,3247.1,74,1,3247.0,175,1,3246.9,22,2,3246.8,43,3,3247.4,9,3,3247.5,275,4,3247.6,381,18,3247.7,1,1,3247.8,566,1
11536,2025-12-30 15:23:05+05:30,3247.5,11,3250.61,2686022,62571.0,96600.0,3250.0,3267.5,3239.5,3251.5,46583950,3576.6,2926.4,4322.95,2866.6,3247.3,251,7,3247.1,74,1,3247.0,175,1,3246.9,22,2,3246.8,43,3,3247.4,9,3,3247.5,275,4,3247.6,381,18,3247.7,1,1,3247.8,566,1
11536,2025-12-30 15:23:08+05:30,3247.4,1,3250.6,2690466,66695.0,96358.0,3250.0,3267.5,3239.5,3251.5,46583950,3576.6,2926.4,4322.95,2866.6,3247.3,240,5,3247.2,80,2,3247.1,74,1,3247.0,350,2,3246.9,63,4,3247.4,62,2,3247.5,47,2,3247.6,653,11,3247.7,15,1,3247.8,21,2
11536,2025-12-30 15:23:12+05:30,3247.3,22,3250.6,2690466,66695.0,96358.0,3250.0,3267.5,3239.5,3251.5,46583950,3576.6,2926.4,4322.95,2866.6,3247.3,240,5,3247.2,80,2,3247.1,74,1,3247.0,350,2,3246.9,63,4,3247.4,62,2,3247.5,47,2,3247.6,653,11,3247.7,15,1,3247.8,21,2
11536,2025-12-30 15:23:15+05:30,3247.6,2,3250.6,2694569,67019.0,96673.0,3250.0,3267.5,3239.5,3251.5,46583950,3576.6,2926.4,4322.95,2866.6,3247.3,231,3,3247.2,8,1,3247.1,184,2,3247.0,309,2,3246.9,22,2,3247.6,165,4,3247.7,15,1,3247.8,12,2,3247.9,22,1,3248.0,637,5
11536,2025-12-30 15:23:20+05:30,3247.5,175,3250.6,2694569,67019.0,96673.0,3250.0,3267.5,3239.5,3251.5,46583950,3576.6,2926.4,4322.95,2866.6,3247.3,231,3,3247.2,8,1,3247.1,184,2,3247.0,309,2,3246.9,22,2,3247.6,165,4,3247.7,15,1,3247.8,12,2,3247.9,22,1,3248.0,637,5
11536,2025-12-30 15:23:22+05:30,3247.5,15,3250.6,2696414,67205.0,97850.0,3250.0,3267.5,3239.5,3251.5,46583950,3576.6,2926.4,4322.95,2866.6,3247.5,391,5,3247.4,6,2,3247.3,326,7,3247.2,92,1,3247.1,109,2,3247.6,60,1,3247.8,917,2,3247.9,38,3,3248.0,637,5,3248.1,339,2
11536,2025-12-30 15:23:27+05:30,3247.6,14,3250.6,2696414,67205.0,97850.0,3250.0,3267.5,3239.5,3251.5,46583950,3576.6,2926.4,4322.95,2866.6,3247.5,391,5,3247.4,6,2,3247.3,326,7,3247.2,92,1,3247.1,109,2,3247.6,60,1,3247.8,917,2,3247.9,38,3,3248.0,637,5,3248.1,339,2
11536,2025-12-30 15:23:28+05:30,3247.5,1,3250.59,2697267,66709.0,98225.0,3250.0,3267.5,3239.5,3251.5,46583950,3576.6,2926.4,4322.95,2866.6,3247.5,1088,15,3247.4,7,3,3247.3,292,3,3247.2,92,1,3247.1,134,3,3247.6,40,1,3247.8,1094,3,3247.9,37,2,3248.0,637,5,3248.1,339,2
11536,2025-12-30 15:23:29+05:30,3247.5,40,3250.59,2697267,66709.0,98225.0,3250.0,3267.5,3239.5,3251.5,46583950,3576.6,2926.4,4322.95,2866.6,3247.5,1088,15,3247.4,7,3,3247.3,292,3,3247.2,92,1,3247.1,134,3,3247.6,40,1,3247.8,1094,3,3247.9,37,2,3248.0,637,5,3248.1,339,2
11536,2025-12-30 15:23:29+05:30,3247.5,40,3250.59,2697338,67880.0,98117.0,3250.0,3267.5,3239.5,3251.5,46583950,3576.6,2926.4,4322.95,2866.6,3247.5,1029,16,3247.4,7,3,3247.3,292,3,3247.2,92,1,3247.1,134,3,3247.6,40,2,3247.8,1094,3,3247.9,37,2,3248.0,637,5,3248.1,339,2
11536,2025-12-30 15:23:30+05:30,3247.5,30,3250.59,2699355,66974.0,98375.0,3250.0,3267.5,3239.5,3251.5,46583950,3576.6,2926.4,4322.95,2866.6,3247.5,265,3,3247.4,7,3,3247.3,292,3,3247.2,92,1,3247.1,134,3,3247.6,62,6,3247.7,1,1,3247.8,1200,4,3247.9,37,2,3248.0,438,5
11536,2025-12-30 15:23:31+05:30,3247.5,11,3250.59,2699355,66974.0,98375.0,3250.0,3267.5,3239.5,3251.5,46583950,3576.6,2926.4,4322.95,2866.6,3247.5,265,3,3247.4,7,3,3247.3,292,3,3247.2,92,1,3247.1,134,3,3247.6,62,6,3247.7,1,1,3247.8,1200,4,3247.9,37,2,3248.0,438,5
11536,2025-12-30 15:23:31+05:30,3247.5,8,3250.59,2700165,66880.0,97740.0,3250.0,3267.5,3239.5,3251.5,46583950,3576.6,2926.4,4322.95,2866.6,3247.5,169,5,3247.4,7,3,3247.3,292,3,3247.2,92,1,3247.1,134,3,3247.6,77,8,3247.7,1,1,3247.8,1210,5,3247.9,49,3,3248.0,439,6
11536,2025-12-30 15:23:32+05:30,3247.6,4,3250.59,2700165,66880.0,97740.0,3250.0,3267.5,3239.5,3251.5,46583950,3576.6,2926.4,4322.95,2866.6,3247.5,169,5,3247.4,7,3,3247.3,292,3,3247.2,92,1,3247.1,134,3,3247.6,77,8,3247.7,1,1,3247.8,1210,5,3247.9,49,3,3248.0,439,6
11536,2025-12-30 15:23:32+05:30,3247.6,2,3250.59,2700240,66969.0,97744.0,3250.0,3267.5,3239.5,3251.5,46583950,3576.6,2926.4,4322.95,2866.6,3247.5,207,9,3247.4,27,4,3247.3,312,4,3247.2,103,2,3247.1,134,3,3247.6,78,11,3247.7,2,2,3247.8,1210,5,3247.9,50,4,3248.0,438,5
11536,2025-12-30 15:23:33+05:30,3247.6,1,3250.59,2700302,67074.0,97726.0,3250.0,3267.5,3239.5,3251.5,46583950,3576.6,2926.4,4322.95,2866.6,3247.5,312,10,3247.4,27,4,3247.3,313,5,3247.2,103,2,3247.1,133,2,3247.6,113,12,3247.7,2,2,3247.8,1200,4,3247.9,50,4,3248.0,438,5
11536,2025-12-30 15:23:34+05:30,3247.8,227,3250.59,2700302,67074.0,97726.0,3250.0,3267.5,3239.5,3251.5,46583950,3576.6,2926.4,4322.95,2866.6,3247.5,312,10,3247.4,27,4,3247.3,313,5,3247.2,103,2,3247.1,133,2,3247.6,113,12,3247.7,2,2,3247.8,1200,4,3247.9,50,4,3248.0,438,5
11536,2025-12-30 15:23:34+05:30,3247.8,1,3250.59,2701706,67366.0,97263.0,3250.0,3267.5,3239.5,3251.5,46583950,3576.6,2926.4,4322.95,2866.6,3247.5,640,10,3247.4,27,4,3247.3,313,5,3247.2,303,3,3247.1,169,3,3247.8,970,4,3247.9,49,3,3248.0,439,6,3248.1,11,1,3248.2,89,4
11536,2025-12-30 15:23:35+05:30,3247.5,27,3250.59,2702976,66771.0,97147.0,3250.0,3267.5,3239.5,3251.5,46583950,3576.6,2926.4,4322.95,2866.6,3247.4,27,4,3247.3,313,5,3247.2,103,2,3247.1,133,2,3247.0,175,1,3247.5,220,2,3247.7,1,1,3247.8,722,4,3247.9,22,1,3248.0,438,5
11536,2025-12-30 15:23:36+05:30,3247.3,32,3250.59,2702976,66771.0,97147.0,3250.0,3267.5,3239.5,3251.5,46583950,3576.6,2926.4,4322.95,2866.6,3247.4,27,4,3247.3,313,5,3247.2,103,2,3247.1,133,2,3247.0,175,1,3247.5,220,2,3247.7,1,1,3247.8,722,4,3247.9,22,1,3248.0,438,5
11536,2025-12-30 15:23:36+05:30,3247.7,2,3250.59,2704470,67613.0,97010.0,3250.0,3267.5,3239.5,3251.5,46583950,3576.6,2926.4,4322.95,2866.6,3247.5,244,1,3247.4,301,3,3247.3,241,3,3247.2,103,2,3247.1,133,2,3247.7,22,2,3247.8,701,3,3247.9,22,1,3248.0,413,4,3248.1,11,1
11536,2025-12-30 15:23:37+05:30,3247.5,3,3250.59,2704473,67795.0,96979.0,3250.0,3267.5,3239.5,3251.5,46583950,3576.6,2926.4,4322.95,2866.6,3247.6,1,1,3247.5,244,2,3247.4,393,4,3247.3,244,4,3247.2,103,2,3247.7,22,2,3247.8,701,3,3247.9,22,1,3248.0,413,4,3248.1,11,1
11536,2025-12-30 15:23:38+05:30,3247.6,3,3250.59,2704473,67795.0,96979.0,3250.0,3267.5,3239.5,3251.5,46583950,3576.6,2926.4,4322.95,2866.6,3247.6,1,1,3247.5,244,2,3247.4,393,4,3247.3,244,4,3247.2,103,2,3247.7,22,2,3247.8,701,3,3247.9,22,1,3248.0,413,4,3248.1,11,1
11536,2025-12-30 15:23:38+05:30,3247.7,5,3250.59,2704691,67242.0,97057.0,3250.0,3267.5,3239.5,3251.5,46583950,3576.6,2926.4,4322.95,2866.6,3247.5,244,2,3247.4,531,4,3247.3,244,4,3247.2,11,1,3247.1,133,2,3247.6,4,1,3247.7,18,1,3247.8,701,3,3247.9,22,1,3248.0,413,4
11536,2025-12-30 15:23:39+05:30,3247.8,19,3250.59,2704691,67242.0,97057.0,3250.0,3267.5,3239.5,3251.5,46583950,3576.6,2926.4,4322.95,2866.6,3247.5,244,2,3247.4,531,4,3247.3,244,4,3247.2,11,1,3247.1,133,2,3247.6,4,1,3247.7,18,1,3247.8,701,3,3247.9,22,1,3248.0,413,4
11536,2025-12-30 15:23:40+05:30,3247.5,56,3250.59,2705004,68232.0,97042.0,3250.0,3267.5,3239.5,3251.5,46583950,3576.6,2926.4,4322.95,2866.6,3247.5,442,5,3247.4,278,3,3247.3,244,4,3247.2,354,3,3247.1,133,2,3247.8,681,4,3247.9,22,1,3248.0,413,4,3248.1,11,1,3248.2,102,6
11536,2025-12-30 15:23:40+05:30,3247.5,11,3250.59,2705004,68232.0,97042.0,3250.0,3267.5,3239.5,3251.5,46583950,3576.6,2926.4,4322.95,2866.6,3247.5,442,5,3247.4,278,3,3247.3,244,4,3247.2,354,3,3247.1,133,2,3247.8,681,4,3247.9,22,1,3248.0,413,4,3248.1,11,1,3248.2,102,6
11536,2025-12-30 15:23:41+05:30,3247.7,2,3250.58,2705762,67484.0,97064.0,3250.0,3267.5,3239.5,3251.5,46583950,3576.6,2926.4,4322.95,2866.6,3247.7,6,1,3247.5,495,7,3247.4,278,3,3247.3,247,5,3247.2,155,3,3247.8,605,5,3247.9,22,1,3248.0,413,4,3248.1,11,1,3248.2,103,7
11536,2025-12-30 15:23:42+05:30,3248.0,54,3250.58,2707232,68434.0,94442.0,3250.0,3267.5,3239.5,3251.5,46583950,3576.6,2926.4,4322.95,2866.6,3247.9,250,1,3247.8,161,2,3247.7,301,4,3247.5,695,9,3247.4,471,7,3248.8,2,1,3248.9,20,1,3249.0,50,1,3249.3,1,1,3249.6,17,1
11536,2025-12-30 15:23:42+05:30,3248.0,54,3250.58,2707232,68434.0,94442.0,3250.0,3267.5,3239.5,3251.5,46583950,3576.6,2926.4,4322.95,2866.6,3247.9,250,1,3247.8,161,2,3247.7,301,4,3247.5,695,9,3247.4,471,7,3248.8,2,1,3248.9,20,1,3249.0,50,1,3249.3,1,1,3249.6,17,1
11536,2025-12-30 15:23:43+05:30,3247.8,1,3250.58,2707465,68704.0,95082.0,3250.0,3267.5,3239.5,3251.5,46583950,3576.6,2926.4,4322.95,2866.6,3247.8,357,3,3247.7,302,5,3247.5,697,10,3247.4,696,5,3247.3,502,8,3248.8,1,1,3248.9,42,2,3249.0,50,1,3249.1,38,1,3249.2,37,1
11536,2025-12-30 15:23:44+05:30,3248.8,1,3250.58,2707465,68704.0,95082.0,3250.0,3267.5,3239.5,3251.5,46583950,3576.6,2926.4,4322.95,2866.6,3247.8,357,3,3247.7,302,5,3247.5,697,10,3247.4,696,5,3247.3,502,8,3248.8,1,1,3248.9,42,2,3249.0,50,1,3249.1,38,1,3249.2,37,1
11536,2025-12-30 15:23:44+05:30,3248.3,30,3250.58,2707504,68901.0,95031.0,3250.0,3267.5,3239.5,3251.5,46583950,3576.6,2926.4,4322.95,2866.6,3248.3,223,1,3248.0,617,4,3247.8,105,2,3247.7,104,5,3247.6,256,2,3248.9,10,1,3249.0,50,1,3249.3,1,1,3249.6,10,1,3249.7,218,3
11536,2025-12-30 15:23:45+05:30,3249.9,1,3250.58,2707567,66989.0,90548.0,3250.0,3267.5,3239.5,3251.5,46583950,3576.6,2926.4,4322.95,2866.6,3248.9,14,3,3248.3,654,8,3248.1,326,5,3248.0,459,3,3247.9,199,4,3249.9,142,5,3250.0,646,8,3250.1,35,1,3250.2,78,3,3250.3,199,3
11536,2025-12-30 15:23:46+05:30,3249.8,9,3250.58,2707567,66989.0,90548.0,3250.0,3267.5,3239.5,3251.5,46583950,3576.6,2926.4,4322.95,2866.6,3248.9,14,3,3248.3,654,8,3248.1,326,5,3248.0,459,3,3247.9,199,4,3249.9,142,5,3250.0,646,8,3250.1,35,1,3250.2,78,3,3250.3,199,3
11536,2025-12-30 15:23:46+05:30,3249.8,1,3250.58,2708853,69011.0,91198.0,3250.0,3267.5,3239.5,3251.5,46583950,3576.6,2926.4,4322.95,2866.6,3249.8,68,2,3249.2,200,1,3248.9,425,6,3248.8,43,1,3248.7,299,3,3249.9,3,1,3250.2,50,2,3250.3,59,4,3250.4,37,1,3250.5,73,3
11536,2025-12-30 15:23:47+05:30,3250.0,1,3250.58,2708957,69214.0,91696.0,3250.0,3267.5,3239.5,3251.5,46583950,3576.6,2926.4,4322.95,2866.6,3249.9,21,2,3249.8,70,4,3249.1,263,3,3249.0,61,1,3248.9,408,4,3250.0,8,2,3250.2,13,1,3250.3,37,6,3250.4,37,1,3250.5,62,2
11536,2025-12-30 15:23:48+05:30,3250.0,2,3250.58,2708957,69214.0,91696.0,3250.0,3267.5,3239.5,3251.5,46583950,3576.6,2926.4,4322.95,2866.6,3249.9,21,2,3249.8,70,4,3249.1,263,3,3249.0,61,1,3248.9,408,4,3250.0,8,2,3250.2,13,1,3250.3,37,6,3250.4,37,1,3250.5,62,2
11536,2025-12-30 15:23:48+05:30,3250.0,1,3250.58,2709126,69396.0,92673.0,3250.0,3267.5,3239.5,3251.5,46583950,3576.6,2926.4,4322.95,2866.6,3249.9,57,4,3249.8,158,10,3249.6,1,1,3249.5,1,1,3249.4,227,2,3250.0,47,3,3250.2,13,1,3250.3,25,5,3250.4,15,1,3250.6,79,3
11536,2025-12-30 15:23:49+05:30,3249.9,1,3250.58,2709216,69781.0,89797.0,3250.0,3267.5,3239.5,3251.5,46583950,3576.6,2926.4,4322.95,2866.6,3249.9,309,12,3249.8,209,10,3249.6,1,1,3249.5,1,1,3249.4,227,2,3250.0,11,4,3250.2,13,1,3250.3,25,5,3250.6,47,3,3250.8,38,2
11536,2025-12-30 15:23:50+05:30,3249.9,4,3250.58,2709216,69781.0,89797.0,3250.0,3267.5,3239.5,3251.5,46583950,3576.6,2926.4,4322.95,2866.6,3249.9,309,12,3249.8,209,10,3249.6,1,1,3249.5,1,1,3249.4,227,2,3250.0,11,4,3250.2,13,1,3250.3,25,5,3250.6,47,3,3250.8,38,2
11536,2025-12-30 15:23:50+05:30,3250.0,245,3250.58,2710962,67757.0,91993.0,3250.0,3267.5,3239.5,3251.5,46583950,3576.6,2926.4,4322.95,2866.6,3249.9,226,1,3249.8,243,9,3249.6,1,1,3249.5,1,1,3249.4,227,2,3250.0,246,2,3250.1,11,1,3250.3,10,2,3250.5,18,1,3250.6,146,3
11536,2025-12-30 15:23:51+05:30,3249.9,17,3250.58,2711083,68128.0,92943.0,3250.0,3267.5,3239.5,3251.5,46583950,3576.6,2926.4,4322.95,2866.6,3249.9,800,9,3249.8,278,4,3249.6,1,1,3249.5,1,1,3249.4,227,2,3250.0,196,4,3250.1,11,1,3250.3,10,2,3250.4,1,1,3250.5,18,1
11536,2025-12-30 15:23:52+05:30,3250.0,1,3250.58,2711083,68128.0,92943.0,3250.0,3267.5,3239.5,3251.5,46583950,3576.6,2926.4,4322.95,2866.6,3249.9,800,9,3249.8,278,4,3249.6,1,1,3249.5,1,1,3249.4,227,2,3250.0,196,4,3250.1,11,1,3250.3,10,2,3250.4,1,1,3250.5,18,1
11536,2025-12-30 15:23:53+05:30,3249.9,3,3250.58,2711223,67707.0,91432.0,3250.0,3267.5,3239.5,3251.5,46583950,3576.6,2926.4,4322.95,2866.6,3249.9,754,10,3249.8,278,4,3249.6,1,1,3249.5,1,1,3249.4,227,2,3250.0,103,4,3250.1,22,2,3250.3,2,2,3250.6,26,2,3250.7,24,1
11536,2025-12-30 15:23:53+05:30,3249.9,3,3250.58,2711223,67707.0,91432.0,3250.0,3267.5,3239.5,3251.5,46583950,3576.6,2926.4,4322.95,2866.6,3249.9,754,10,3249.8,278,4,3249.6,1,1,3249.5,1,1,3249.4,227,2,3250.0,103,4,3250.1,22,2,3250.3,2,2,3250.6,26,2,3250.7,24,1
11536,2025-12-30 15:23:54+05:30,3250.0,4,3250.58,2711504,68087.0,92988.0,3250.0,3267.5,3239.5,3251.5,46583950,3576.6,2926.4,4322.95,2866.6,3249.9,478,2,3249.8,278,4,3249.6,40,2,3249.5,56,2,3249.4,272,3,3250.0,99,5,3250.1,22,2,3250.3,14,3,3250.5,18,1,3250.6,26,2
11536,2025-12-30 15:23:54+05:30,3250.0,4,3250.58,2711504,68087.0,92988.0,3250.0,3267.5,3239.5,3251.5,46583950,3576.6,2926.4,4322.95,2866.6,3249.9,478,2,3249.8,278,4,3249.6,40,2,3249.5,56,2,3249.4,272,3,3250.0,99,5,3250.1,22,2,3250.3,14,3,3250.5,18,1,3250.6,26,2
11536,2025-12-30 15:23:55+05:30,3250.0,1,3250.58,2711504,68087.0,92988.0,3250.0,3267.5,3239.5,3251.5,46583950,3576.6,2926.4,4322.95,2866.6,3249.9,478,2,3249.8,278,4,3249.6,40,2,3249.5,56,2,3249.4,272,3,3250.0,99,5,3250.1,22,2,3250.3,14,3,3250.5,18,1,3250.6,26,2
11536,2025-12-30 15:23:55+05:30,3250.0,14,3250.58,2711708,67858.0,92941.0,3250.0,3267.5,3239.5,3251.5,46583950,3576.6,2926.4,4322.95,2866.6,3249.9,293,3,3249.8,278,4,3249.6,40,2,3249.5,56,2,3249.4,272,3,3250.0,131,7,3250.1,22,2,3250.2,1,1,3250.3,13,2,3250.5,18,1
11536,2025-12-30 15:23:56+05:30,3249.0,16,3250.58,2711708,67858.0,92941.0,3250.0,3267.5,3239.5,3251.5,46583950,3576.6,2926.4,4322.95,2866.6,3249.9,293,3,3249.8,278,4,3249.6,40,2,3249.5,56,2,3249.4,272,3,3250.0,131,7,3250.1,22,2,3250.2,1,1,3250.3,13,2,3250.5,18,1
11536,2025-12-30 15:23:56+05:30,3249.0,21,3250.58,2714643,65325.0,93831.0,3250.0,3267.5,3239.5,3251.5,46583950,3576.6,2926.4,4322.95,2866.6,3249.0,53,2,3248.9,25,2,3248.8,73,3,3248.7,39,2,3248.4,60,2,3249.9,28,5,3250.0,168,8,3250.1,64,3,3250.2,105,2,3250.3,108,3
11536,2025-12-30 15:23:57+05:30,3249.9,22,3250.58,2714733,66335.0,92599.0,3250.0,3267.5,3239.5,3251.5,46583950,3576.6,2926.4,4322.95,2866.6,3249.0,293,3,3248.9,4,1,3248.8,73,3,3248.7,67,3,3248.6,155,1,3250.0,116,6,3250.1,31,3,3250.2,105,2,3250.3,1,1,3250.4,49,2
11536,2025-12-30 15:23:58+05:30,3249.9,3,3250.58,2714733,66335.0,92599.0,3250.0,3267.5,3239.5,3251.5,46583950,3576.6,2926.4,4322.95,2866.6,3249.0,293,3,3248.9,4,1,3248.8,73,3,3248.7,67,3,3248.6,155,1,3250.0,116,6,3250.1,31,3,3250.2,105,2,3250.3,1,1,3250.4,49,2
11536,2025-12-30 15:23:58+05:30,3249.9,1,3250.58,2714925,65971.0,92555.0,3250.0,3267.5,3239.5,3251.5,46583950,3576.6,2926.4,4322.95,2866.6,3248.9,114,2,3248.8,56,2,3248.7,67,3,3248.5,94,1,3248.4,60,2,3249.9,19,3,3250.0,149,7,3250.1,59,4,3250.2,116,3,3250.3,56,3
11536,2025-12-30 15:23:59+05:30,3249.9,1,3250.58,2714925,65971.0,92555.0,3250.0,3267.5,3239.5,3251.5,46583950,3576.6,2926.4,4322.95,2866.6,3248.9,114,2,3248.8,56,2,3248.7,67,3,3248.5,94,1,3248.4,60,2,3249.9,19,3,3250.0,149,7,3250.1,59,4,3250.2,116,3,3250.3,56,3
11536,2025-12-30 15:23:59+05:30,3248.9,1,3250.58,2714965,66184.0,91638.0,3250.0,3267.5,3239.5,3251.5,46583950,3576.6,2926.4,4322.95,2866.6,3249.0,100,1,3248.9,75,3,3248.8,56,2,3248.7,67,3,3248.4,218,3,3249.9,84,4,3250.0,149,7,3250.1,37,1,3250.2,116,3,3250.3,56,3
11536,2025-12-30 15:24:00+05:30,3248.9,29,3250.58,2714965,66184.0,91638.0,3250.0,3267.5,3239.5,3251.5,46583950,3576.6,2926.4,4322.95,2866.6,3249.0,100,1,3248.9,75,3,3248.8,56,2,3248.7,67,3,3248.4,218,3,3249.9,84,4,3250.0,149,7,3250.1,37,1,3250.2,116,3,3250.3,56,3
11536,2025-12-30 15:24:00+05:30,3249.0,1,3250.58,2715618,67945.0,93195.0,3250.0,3267.5,3239.5,3251.5,46583950,3576.6,2926.4,4322.95,2866.6,3248.9,132,2,3248.8,56,2,3248.7,39,2,3248.3,162,4,3248.2,83,2,3249.0,89,5,3249.5,7,1,3249.8,38,2,3249.9,141,10,3250.0,328,9
11536,2025-12-30 15:24:00+05:30,3249.0,1,3250.58,2715618,67945.0,93195.0,3250.0,3267.5,3239.5,3251.5,46583950,3576.6,2926.4,4322.95,2866.6,3248.9,132,2,3248.8,56,2,3248.7,39,2,3248.3,162,4,3248.2,83,2,3249.0,89,5,3249.5,7,1,3249.8,38,2,3249.9,141,10,3250.0,328,9
11536,2025-12-30 15:24:01+05:30,3248.9,1,3250.58,2715618,67945.0,93195.0,3250.0,3267.5,3239.5,3251.5,46583950,3576.6,2926.4,4322.95,2866.6,3248.9,132,2,3248.8,56,2,3248.7,39,2,3248.3,162,4,3248.2,83,2,3249.0,89,5,3249.5,7,1,3249.8,38,2,3249.9,141,10,3250.0,328,9
11536,2025-12-30 15:24:01+05:30,3248.9,11,3250.58,2716179,68125.0,93047.0,3250.0,3267.5,3239.5,3251.5,46583950,3576.6,2926.4,4322.95,2866.6,3248.9,83,5,3248.8,56,2,3248.7,39,2,3248.3,32,3,3248.2,44,2,3249.0,205,4,3249.4,3,2,3249.5,7,1,3249.7,172,3,3249.8,38,2
11536,2025-12-30 15:24:02+05:30,3248.9,11,3250.58,2716179,68125.0,93047.0,3250.0,3267.5,3239.5,3251.5,46583950,3576.6,2926.4,4322.95,2866.6,3248.9,83,5,3248.8,56,2,3248.7,39,2,3248.3,32,3,3248.2,44,2,3249.0,205,4,3249.4,3,2,3249.5,7,1,3249.7,172,3,3249.8,38,2
11536,2025-12-30 15:24:02+05:30,3248.9,1,3250.58,2716750,67786.0,93780.0,3250.0,3267.5,3239.5,3251.5,46583950,3576.6,2926.4,4322.95,2866.6,3248.9,331,6,3248.8,67,3,3248.7,39,2,3248.6,53,2,3248.4,5,1,3249.0,179,6,3249.1,45,3,3249.2,41,2,3249.3,2,1,3249.4,38,2
11536,2025-12-30 15:24:03+05:30,3248.9,18,3250.58,2716750,67786.0,93780.0,3250.0,3267.5,3239.5,3251.5,46583950,3576.6,2926.4,4322.95,2866.6,3248.9,331,6,3248.8,67,3,3248.7,39,2,3248.6,53,2,3248.4,5,1,3249.0,179,6,3249.1,45,3,3249.2,41,2,3249.3,2,1,3249.4,38,2
11536,2025-12-30 15:24:03+05:30,3248.9,18,3250.58,2716750,67786.0,93780.0,3250.0,3267.5,3239.5,3251.5,46583950,3576.6,2926.4,4322.95,2866.6,3248.9,331,6,3248.8,67,3,3248.7,39,2,3248.6,53,2,3248.4,5,1,3249.0,179,6,3249.1,45,3,3249.2,41,2,3249.3,2,1,3249.4,38,2
11536,2025-12-30 15:24:03+05:30,3249.0,2,3250.58,2717757,68368.0,92400.0,3250.0,3267.5,3239.5,3251.5,46583950,3576.6,2926.4,4322.95,2866.6,3249.0,235,2,3248.9,363,9,3248.8,67,3,3248.7,39,2,3248.6,53,2,3249.1,8,2,3249.2,1,1,3249.4,3,2,3249.6,50,2,3249.7,40,1
11536,2025-12-30 15:24:04+05:30,3249.0,2,3250.58,2717757,68368.0,92400.0,3250.0,3267.5,3239.5,3251.5,46583950,3576.6,2926.4,4322.95,2866.6,3249.0,235,2,3248.9,363,9,3248.8,67,3,3248.7,39,2,3248.6,53,2,3249.1,8,2,3249.2,1,1,3249.4,3,2,3249.6,50,2,3249.7,40,1
11536,2025-12-30 15:24:05+05:30,3248.9,93,3250.58,2718650,68283.0,94368.0,3250.0,3267.5,3239.5,3251.5,46583950,3576.6,2926.4,4322.95,2866.6,3248.9,281,8,3248.8,67,3,3248.7,39,2,3248.6,53,2,3248.4,22,2,3249.6,46,3,3249.7,36,1,3249.8,38,2,3249.9,76,7,3250.0,309,8
11536,2025-12-30 15:24:05+05:30,3248.9,93,3250.58,2718650,68283.0,94368.0,3250.0,3267.5,3239.5,3251.5,46583950,3576.6,2926.4,4322.95,2866.6,3248.9,281,8,3248.8,67,3,3248.7,39,2,3248.6,53,2,3248.4,22,2,3249.6,46,3,3249.7,36,1,3249.8,38,2,3249.9,76,7,3250.0,309,8
11536,2025-12-30 15:24:05+05:30,3248.9,93,3250.58,2718650,68283.0,94368.0,3250.0,3267.5,3239.5,3251.5,46583950,3576.6,2926.4,4322.95,2866.6,3248.9,281,8,3248.8,67,3,3248.7,39,2,3248.6,53,2,3248.4,22,2,3249.6,46,3,3249.7,36,1,3249.8,38,2,3249.9,76,7,3250.0,309,8
11536,2025-12-30 15:24:06+05:30,3248.9,1,3250.58,2719022,67495.0,94541.0,3250.0,3267.5,3239.5,3251.5,46583950,3576.6,2926.4,4322.95,2866.6,3248.9,105,3,3248.8,67,3,3248.7,39,2,3248.6,53,2,3248.4,5,1,3249.5,153,3,3249.6,73,5,3249.7,38,2,3249.8,108,2,3249.9,80,6
11536,2025-12-30 15:24:06+05:30,3248.9,1,3250.58,2719022,67495.0,94541.0,3250.0,3267.5,3239.5,3251.5,46583950,3576.6,2926.4,4322.95,2866.6,3248.9,105,3,3248.8,67,3,3248.7,39,2,3248.6,53,2,3248.4,5,1,3249.5,153,3,3249.6,73,5,3249.7,38,2,3249.8,108,2,3249.9,80,6
11536,2025-12-30 15:24:07+05:30,3248.9,1,3250.58,2719022,67495.0,94541.0,3250.0,3267.5,3239.5,3251.5,46583950,3576.6,2926.4,4322.95,2866.6,3248.9,105,3,3248.8,67,3,3248.7,39,2,3248.6,53,2,3248.4,5,1,3249.5,153,3,3249.6,73,5,3249.7,38,2,3249.8,108,2,3249.9,80,6
11536,2025-12-30 15:24:07+05:30,3248.9,1,3250.58,2719439,67404.0,95107.0,3250.0,3267.5,3239.5,3251.5,46583950,3576.6,2926.4,4322.95,2866.6,3248.9,6,1,3248.8,67,3,3248.7,39,2,3248.6,53,2,3248.4,5,1,3249.5,164,3,3249.6,66,5,3249.7,36,1,3249.8,108,2,3249.9,91,7
11536,2025-12-30 15:24:07+05:30,3248.9,1,3250.58,2719439,67404.0,95107.0,3250.0,3267.5,3239.5,3251.5,46583950,3576.6,2926.4,4322.95,2866.6,3248.9,6,1,3248.8,67,3,3248.7,39,2,3248.6,53,2,3248.4,5,1,3249.5,164,3,3249.6,66,5,3249.7,36,1,3249.8,108,2,3249.9,91,7
11536,2025-12-30 15:24:08+05:30,3248.9,1,3250.58,2719439,67404.0,95107.0,3250.0,3267.5,3239.5,3251.5,46583950,3576.6,2926.4,4322.95,2866.6,3248.9,6,1,3248.8,67,3,3248.7,39,2,3248.6,53,2,3248.4,5,1,3249.5,164,3,3249.6,66,5,3249.7,36,1,3249.8,108,2,3249.9,91,7
11536,2025-12-30 15:24:08+05:30,3248.9,20,3250.58,2719498,68321.0,95090.0,3250.0,3267.5,3239.5,3251.5,46583950,3576.6,2926.4,4322.95,2866.6,3248.9,232,4,3248.8,67,3,3248.7,39,2,3248.6,53,2,3248.4,5,1,3249.2,38,2,3249.5,178,4,3249.6,101,7,3249.7,51,2,3249.8,108,2
11536,2025-12-30 15:24:09+05:30,3248.9,20,3250.58,2719498,68321.0,95090.0,3250.0,3267.5,3239.5,3251.5,46583950,3576.6,2926.4,4322.95,2866.6,3248.9,232,4,3248.8,67,3,3248.7,39,2,3248.6,53,2,3248.4,5,1,3249.2,38,2,3249.5,178,4,3249.6,101,7,3249.7,51,2,3249.8,108,2
11536,2025-12-30 15:24:09+05:30,3249.1,1,3250.58,2719498,68321.0,95090.0,3250.0,3267.5,3239.5,3251.5,46583950,3576.6,2926.4,4322.95,2866.6,3248.9,232,4,3248.8,67,3,3248.7,39,2,3248.6,53,2,3248.4,5,1,3249.2,38,2,3249.5,178,4,3249.6,101,7,3249.7,51,2,3249.8,108,2
11536,2025-12-30 15:24:09+05:30,3248.9,1,3250.58,2719563,68200.0,94956.0,3250.0,3267.5,3239.5,3251.5,46583950,3576.6,2926.4,4322.95,2866.6,3248.9,191,4,3248.8,67,3,3248.7,39,2,3248.6,53,2,3248.4,5,1,3249.1,6,2,3249.2,78,3,3249.3,52,2,3249.4,40,1,3249.5,176,4
11536,2025-12-30 15:24:09+05:30,3248.9,1,3250.58,2719563,68200.0,94956.0,3250.0,3267.5,3239.5,3251.5,46583950,3576.6,2926.4,4322.95,2866.6,3248.9,191,4,3248.8,67,3,3248.7,39,2,3248.6,53,2,3248.4,5,1,3249.1,6,2,3249.2,78,3,3249.3,52,2,3249.4,40,1,3249.5,176,4
11536,2025-12-30 15:24:10+05:30,3249.0,16,3250.58,2720250,67140.0,94847.0,3250.0,3267.5,3239.5,3251.5,46583950,3576.6,2926.4,4322.95,2866.6,3249.0,8,1,3248.9,34,1,3248.8,67,3,3248.7,39,2,3248.6,53,2,3249.1,92,7,3249.2,76,3,3249.3,52,2,3249.4,40,1,3249.5,263,6
11536,2025-12-30 15:24:11+05:30,3249.0,16,3250.58,2720250,67140.0,94847.0,3250.0,3267.5,3239.5,3251.5,46583950,3576.6,2926.4,4322.95,2866.6,3249.0,8,1,3248.9,34,1,3248.8,67,3,3248.7,39,2,3248.6,53,2,3249.1,92,7,3249.2,76,3,3249.3,52,2,3249.4,40,1,3249.5,263,6
11536,2025-12-30 15:24:11+05:30,3249.0,8,3250.58,2720250,67140.0,94847.0,3250.0,3267.5,3239.5,3251.5,46583950,3576.6,2926.4,4322.95,2866.6,3249.0,8,1,3248.9,34,1,3248.8,67,3,3248.7,39,2,3248.6,53,2,3249.1,92,7,3249.2,76,3,3249.3,52,2,3249.4,40,1,3249.5,263,6
11536,2025-12-30 15:24:11+05:30,3249.0,5,3250.58,2720426,68103.0,93437.0,3250.0,3267.5,3239.5,3251.5,46583950,3576.6,2926.4,4322.95,2866.6,3249.0,117,3,3248.9,41,2,3248.8,67,3,3248.7,39,2,3248.6,53,2,3249.1,148,9,3249.2,63,3,3249.3,49,2,3249.4,50,2,3249.5,252,6
11536,2025-12-30 15:24:12+05:30,3249.0,13,3250.58,2720527,68173.0,95111.0,3250.0,3267.5,3239.5,3251.5,46583950,3576.6,2926.4,4322.95,2866.6,3249.0,145,6,3248.9,7,1,3248.8,56,2,3248.7,39,2,3248.6,53,2,3249.1,90,7,3249.2,39,3,3249.4,68,4,3249.5,173,4,3249.6,64,3
11536,2025-12-30 15:24:12+05:30,3249.0,13,3250.58,2720527,68173.0,95111.0,3250.0,3267.5,3239.5,3251.5,46583950,3576.6,2926.4,4322.95,2866.6,3249.0,145,6,3248.9,7,1,3248.8,56,2,3248.7,39,2,3248.6,53,2,3249.1,90,7,3249.2,39,3,3249.4,68,4,3249.5,173,4,3249.6,64,3
11536,2025-12-30 15:24:13+05:30,3249.0,5,3250.58,2720527,68173.0,95111.0,3250.0,3267.5,3239.5,3251.5,46583950,3576.6,2926.4,4322.95,2866.6,3249.0,145,6,3248.9,7,1,3248.8,56,2,3248.7,39,2,3248.6,53,2,3249.1,90,7,3249.2,39,3,3249.4,68,4,3249.5,173,4,3249.6,64,3
11536,2025-12-30 15:24:13+05:30,3249.0,22,3250.58,2721332,67524.0,95162.0,3250.0,3267.5,3239.5,3251.5,46583950,3576.6,2926.4,4322.95,2866.6,3249.0,103,5,3248.9,7,1,3248.8,56,2,3248.7,39,2,3248.6,53,2,3249.1,122,9,3249.2,45,3,3249.4,69,4,3249.5,261,5,3249.6,64,3
11536,2025-12-30 15:24:14+05:30,3249.0,22,3250.58,2721332,67524.0,95162.0,3250.0,3267.5,3239.5,3251.5,46583950,3576.6,2926.4,4322.95,2866.6,3249.0,103,5,3248.9,7,1,3248.8,56,2,3248.7,39,2,3248.6,53,2,3249.1,122,9,3249.2,45,3,3249.4,69,4,3249.5,261,5,3249.6,64,3
11536,2025-12-30 15:24:14+05:30,3248.8,9,3250.58,2722036,67271.0,94870.0,3250.0,3267.5,3239.5,3251.5,46583950,3576.6,2926.4,4322.95,2866.6,3248.8,47,2,3248.7,39,2,3248.6,53,2,3248.4,5,1,3248.3,32,3,3249.1,105,7,3249.2,54,5,3249.3,78,4,3249.4,57,2,3249.5,261,5
11536,2025-12-30 15:24:15+05:30,3249.0,33,3250.58,2722036,67271.0,94870.0,3250.0,3267.5,3239.5,3251.5,46583950,3576.6,2926.4,4322.95,2866.6,3248.8,47,2,3248.7,39,2,3248.6,53,2,3248.4,5,1,3248.3,32,3,3249.1,105,7,3249.2,54,5,3249.3,78,4,3249.4,57,2,3249.5,261,5
11536,2025-12-30 15:24:15+05:30,3248.9,44,3250.58,2722178,67357.0,94882.0,3250.0,3267.5,3239.5,3251.5,46583950,3576.6,2926.4,4322.95,2866.6,3248.9,42,1,3248.8,49,2,3248.7,39,2,3248.6,53,2,3248.4,5,1,3249.0,388,5,3249.1,114,7,3249.2,55,6,3249.3,77,3,3249.4,57,2
11536,2025-12-30 15:24:16+05:30,3248.9,44,3250.58,2722178,67357.0,94882.0,3250.0,3267.5,3239.5,3251.5,46583950,3576.6,2926.4,4322.95,2866.6,3248.9,42,1,3248.8,49,2,3248.7,39,2,3248.6,53,2,3248.4,5,1,3249.0,388,5,3249.1,114,7,3249.2,55,6,3249.3,77,3,3249.4,57,2
11536,2025-12-30 15:24:16+05:30,3248.9,1,3250.58,2722233,68000.0,94726.0,3250.0,3267.5,3239.5,3251.5,46583950,3576.6,2926.4,4322.95,2866.6,3248.9,125,3,3248.8,49,2,3248.7,39,2,3248.6,53,2,3248.4,5,1,3249.0,394,8,3249.1,88,5,3249.2,43,3,3249.3,77,3,3249.4,57,2
11536,2025-12-30 15:24:17+05:30,3248.9,1,3250.58,2722233,68000.0,94726.0,3250.0,3267.5,3239.5,3251.5,46583950,3576.6,2926.4,4322.95,2866.6,3248.9,125,3,3248.8,49,2,3248.7,39,2,3248.6,53,2,3248.4,5,1,3249.0,394,8,3249.1,88,5,3249.2,43,3,3249.3,77,3,3249.4,57,2
11536,2025-12-30 15:24:17+05:30,3248.9,1,3250.58,2722233,68000.0,94726.0,3250.0,3267.5,3239.5,3251.5,46583950,3576.6,2926.4,4322.95,2866.6,3248.9,125,3,3248.8,49,2,3248.7,39,2,3248.6,53,2,3248.4,5,1,3249.0,394,8,3249.1,88,5,3249.2,43,3,3249.3,77,3,3249.4,57,2
11536,2025-12-30 15:24:18+05:30,3248.9,1,3250.58,2722235,68018.0,94735.0,3250.0,3267.5,3239.5,3251.5,46583950,3576.6,2926.4,4322.95,2866.6,3248.9,182,6,3248.8,49,2,3248.7,39,2,3248.6,53,2,3248.4,5,1,3249.0,410,10,3249.1,59,4,3249.2,43,3,3249.3,45,2,3249.4,57,2
11536,2025-12-30 15:24:18+05:30,3248.9,1,3250.58,2722235,68018.0,94735.0,3250.0,3267.5,3239.5,3251.5,46583950,3576.6,2926.4,4322.95,2866.6,3248.9,182,6,3248.8,49,2,3248.7,39,2,3248.6,53,2,3248.4,5,1,3249.0,410,10,3249.1,59,4,3249.2,43,3,3249.3,45,2,3249.4,57,2
11536,2025-12-30 15:24:19+05:30,3249.0,1,3250.58,2722235,68018.0,94735.0,3250.0,3267.5,3239.5,3251.5,46583950,3576.6,2926.4,4322.95,2866.6,3248.9,182,6,3248.8,49,2,3248.7,39,2,3248.6,53,2,3248.4,5,1,3249.0,410,10,3249.1,59,4,3249.2,43,3,3249.3,45,2,3249.4,57,2
11536,2025-12-30 15:24:19+05:30,3249.0,1,3250.58,2722785,67769.0,91436.0,3250.0,3267.5,3239.5,3251.5,46583950,3576.6,2926.4,4322.95,2866.6,3248.9,54,4,3248.8,49,2,3248.7,39,2,3248.6,53,2,3248.4,5,1,3249.0,405,11,3249.1,58,3,3249.2,24,3,3249.3,9,1,3249.4,17,1
11536,2025-12-30 15:24:19+05:30,3249.0,1,3250.58,2722785,67769.0,91436.0,3250.0,3267.5,3239.5,3251.5,46631025,3576.6,2926.4,4322.95,2866.6,3248.9,54,4,3248.8,49,2,3248.7,39,2,3248.6,53,2,3248.4,5,1,3249.0,405,11,3249.1,58,3,3249.2,24,3,3249.3,9,1,3249.4,17,1
11536,2025-12-30 15:24:20+05:30,3248.9,21,3250.58,2722785,67769.0,91436.0,3250.0,3267.5,3239.5,3251.5,46631025,3576.6,2926.4,4322.95,2866.6,3248.9,54,4,3248.8,49,2,3248.7,39,2,3248.6,53,2,3248.4,5,1,3249.0,405,11,3249.1,58,3,3249.2,24,3,3249.3,9,1,3249.4,17,1
11536,2025-12-30 15:24:20+05:30,3248.9,1,3250.58,2723337,65512.0,94300.0,3250.0,3267.5,3239.5,3251.5,46631025,3576.6,2926.4,4322.95,2866.6,3248.8,26,2,3248.7,39,2,3248.6,53,2,3248.4,5,1,3248.3,32,3,3248.9,175,4,3249.0,394,11,3249.1,77,5,3249.2,61,4,3249.3,108,2
11536,2025-12-30 15:24:21+05:30,3248.8,8,3250.58,2724036,65020.0,93862.0,3250.0,3267.5,3239.5,3251.5,46631025,3576.6,2926.4,4322.95,2866.6,3248.8,66,1,3248.7,61,4,3248.6,62,3,3248.4,5,1,3248.3,32,3,3248.9,185,10,3249.0,359,11,3249.1,69,4,3249.2,61,3,3249.3,109,3
11536,2025-12-30 15:24:21+05:30,3248.8,8,3250.58,2724036,65020.0,93862.0,3250.0,3267.5,3239.5,3251.5,46631025,3576.6,2926.4,4322.95,2866.6,3248.8,66,1,3248.7,61,4,3248.6,62,3,3248.4,5,1,3248.3,32,3,3248.9,185,10,3249.0,359,11,3249.1,69,4,3249.2,61,3,3249.3,109,3
11536,2025-12-30 15:24:22+05:30,3248.7,4,3250.58,2724036,65020.0,93862.0,3250.0,3267.5,3239.5,3251.5,46631025,3576.6,2926.4,4322.95,2866.6,3248.8,66,1,3248.7,61,4,3248.6,62,3,3248.4,5,1,3248.3,32,3,3248.9,185,10,3249.0,359,11,3249.1,69,4,3249.2,61,3,3249.3,109,3
11536,2025-12-30 15:24:22+05:30,3248.8,8,3250.57,2724779,64462.0,94917.0,3250.0,3267.5,3239.5,3251.5,46631025,3576.6,2926.4,4322.95,2866.6,3248.6,23,3,3248.4,5,1,3248.3,32,3,3248.0,301,3,3247.8,101,2,3248.8,39,2,3248.9,502,12,3249.0,685,13,3249.1,216,9,3249.2,76,3
11536,2025-12-30 15:24:23+05:30,3248.7,6,3250.57,2725118,64459.0,95290.0,3250.0,3267.5,3239.5,3251.5,46631025,3576.6,2926.4,4322.95,2866.6,3248.7,9,2,3248.6,24,3,3248.4,5,1,3248.3,32,3,3248.2,18,1,3248.8,22,2,3248.9,464,8,3249.0,662,12,3249.1,159,7,3249.2,76,3
11536,2025-12-30 15:24:24+05:30,3248.8,4,3250.57,2725118,64459.0,95290.0,3250.0,3267.5,3239.5,3251.5,46631025,3576.6,2926.4,4322.95,2866.6,3248.7,9,2,3248.6,24,3,3248.4,5,1,3248.3,32,3,3248.2,18,1,3248.8,22,2,3248.9,464,8,3249.0,662,12,3249.1,159,7,3249.2,76,3
11536,2025-12-30 15:24:24+05:30,3248.6,4,3250.57,2725157,65582.0,95472.0,3250.0,3267.5,3239.5,3251.5,46631025,3576.6,2926.4,4322.95,2866.6,3248.6,58,3,3248.5,10,1,3248.4,5,1,3248.3,32,3,3248.2,59,2,3248.8,15,3,3248.9,474,9,3249.0,663,13,3249.1,112,4,3249.2,40,2
11536,2025-12-30 15:24:25+05:30,3248.7,5,3250.57,2725254,67275.0,95121.0,3250.0,3267.5,3239.5,3251.5,46631025,3576.6,2926.4,4322.95,2866.6,3248.6,168,5,3248.5,10,1,3248.4,5,1,3248.3,32,3,3248.2,59,2,3248.7,287,5,3248.8,68,2,3248.9,370,9,3249.0,416,10,3249.1,63,2
11536,2025-12-30 15:24:26+05:30,3248.6,3,3250.57,2725254,67275.0,95121.0,3250.0,3267.5,3239.5,3251.5,46631025,3576.6,2926.4,4322.95,2866.6,3248.6,168,5,3248.5,10,1,3248.4,5,1,3248.3,32,3,3248.2,59,2,3248.7,287,5,3248.8,68,2,3248.9,370,9,3249.0,416,10,3249.1,63,2
11536,2025-12-30 15:24:26+05:30,3248.5,156,3250.57,2725670,64386.0,93951.0,3250.0,3267.5,3239.5,3251.5,46631025,3576.6,2926.4,4322.95,2866.6,3248.5,59,1,3248.4,5,1,3248.3,32,3,3248.2,59,2,3248.0,339,5,3248.6,22,3,3248.7,285,5,3248.8,48,1,3248.9,404,8,3249.0,431,10
11536,2025-12-30 15:24:27+05:30,3248.5,156,3250.57,2725670,64386.0,93951.0,3250.0,3267.5,3239.5,3251.5,46631025,3576.6,2926.4,4322.95,2866.6,3248.5,59,1,3248.4,5,1,3248.3,32,3,3248.2,59,2,3248.0,339,5,3248.6,22,3,3248.7,285,5,3248.8,48,1,3248.9,404,8,3249.0,431,10
11536,2025-12-30 15:24:27+05:30,3248.6,2,3250.57,2725706,67252.0,93734.0,3250.0,3267.5,3239.5,3251.5,46631025,3576.6,2926.4,4322.95,2866.6,3248.5,246,3,3248.4,5,1,3248.3,32,3,3248.2,59,2,3248.0,339,5,3248.6,21,4,3248.7,286,6,3248.8,48,1,3248.9,368,7,3249.0,386,7
11536,2025-12-30 15:24:28+05:30,3248.6,2,3250.57,2725706,67252.0,93734.0,3250.0,3267.5,3239.5,3251.5,46631025,3576.6,2926.4,4322.95,2866.6,3248.5,246,3,3248.4,5,1,3248.3,32,3,3248.2,59,2,3248.0,339,5,3248.6,21,4,3248.7,286,6,3248.8,48,1,3248.9,368,7,3249.0,386,7
11536,2025-12-30 15:24:28+05:30,3248.5,1,3250.57,2725879,65507.0,94901.0,3250.0,3267.5,3239.5,3251.5,46631025,3576.6,2926.4,4322.95,2866.6,3248.5,132,3,3248.4,5,1,3248.3,32,3,3248.2,59,2,3248.0,339,5,3248.6,34,5,3248.7,295,6,3248.8,65,3,3248.9,368,6,3249.0,517,6
11536,2025-12-30 15:24:29+05:30,3248.6,1,3250.57,2725879,65507.0,94901.0,3250.0,3267.5,3239.5,3251.5,46631025,3576.6,2926.4,4322.95,2866.6,3248.5,132,3,3248.4,5,1,3248.3,32,3,3248.2,59,2,3248.0,339,5,3248.6,34,5,3248.7,295,6,3248.8,65,3,3248.9,368,6,3249.0,517,6
11536,2025-12-30 15:24:29+05:30,3248.5,2,3250.57,2725988,64395.0,95145.0,3250.0,3267.5,3239.5,3251.5,46631025,3576.6,2926.4,4322.95,2866.6,3248.5,64,2,3248.4,5,1,3248.3,32,3,3248.2,59,2,3248.0,339,5,3248.6,85,7,3248.7,286,6,3248.8,605,5,3248.9,404,7,3249.0,517,6
11536,2025-12-30 15:24:31+05:30,3248.5,1,3250.57,2726793,67072.0,95457.0,3250.0,3267.5,3239.5,3251.5,46631025,3576.6,2926.4,4322.95,2866.6,3248.3,31,3,3248.2,59,2,3248.0,339,5,3247.8,100,1,3247.6,31,4,3248.4,10,1,3248.5,200,5,3248.6,87,10,3248.7,278,6,3248.8,774,7
11536,2025-12-30 15:24:31+05:30,3248.5,1,3250.57,2726793,67072.0,95457.0,3250.0,3267.5,3239.5,3251.5,46631025,3576.6,2926.4,4322.95,2866.6,3248.3,31,3,3248.2,59,2,3248.0,339,5,3247.8,100,1,3247.6,31,4,3248.4,10,1,3248.5,200,5,3248.6,87,10,3248.7,278,6,3248.8,774,7
11536,2025-12-30 15:24:32+05:30,3248.3,4,3250.57,2727055,65649.0,95085.0,3250.0,3267.5,3239.5,3251.5,46631025,3576.6,2926.4,4322.95,2866.6,3248.3,19,3,3248.2,59,2,3248.0,339,5,3247.8,100,1,3247.6,29,3,3248.5,226,4,3248.6,87,10,3248.7,277,5,3248.8,570,5,3248.9,356,4
11536,2025-12-30 15:24:33+05:30,3248.3,2,3250.57,2727055,65649.0,95085.0,3250.0,3267.5,3239.5,3251.5,46631025,3576.6,2926.4,4322.95,2866.6,3248.3,19,3,3248.2,59,2,3248.0,339,5,3247.8,100,1,3247.6,29,3,3248.5,226,4,3248.6,87,10,3248.7,277,5,3248.8,570,5,3248.9,356,4
11536,2025-12-30 15:24:33+05:30,3248.3,5,3250.57,2727265,66878.0,95437.0,3250.0,3267.5,3239.5,3251.5,46631025,3576.6,2926.4,4322.95,2866.6,3248.3,8,1,3248.2,52,2,3248.0,339,5,3247.8,100,1,3247.6,29,3,3248.5,240,6,3248.6,95,7,3248.7,303,4,3248.8,774,7,3248.9,438,6
11536,2025-12-30 15:24:34+05:30,3248.2,19,3250.57,2727950,66876.0,95964.0,3250.0,3267.5,3239.5,3251.5,46631025,3576.6,2926.4,4322.95,2866.6,3248.3,2,2,3248.2,40,2,3248.0,339,5,3247.8,100,1,3247.6,29,3,3248.5,600,8,3248.6,79,8,3248.7,257,3,3248.8,84,2,3248.9,392,5
11536,2025-12-30 15:24:35+05:30,3248.3,1,3250.57,2727950,66876.0,95964.0,3250.0,3267.5,3239.5,3251.5,46631025,3576.6,2926.4,4322.95,2866.6,3248.3,2,2,3248.2,40,2,3248.0,339,5,3247.8,100,1,3247.6,29,3,3248.5,600,8,3248.6,79,8,3248.7,257,3,3248.8,84,2,3248.9,392,5
11536,2025-12-30 15:24:35+05:30,3248.3,45,3250.57,2727997,67113.0,96415.0,3250.0,3267.5,3239.5,3251.5,46631025,3576.6,2926.4,4322.95,2866.6,3248.2,76,3,3248.0,340,6,3247.8,100,1,3247.6,12,2,3247.5,182,6,3248.3,202,2,3248.5,625,11,3248.6,78,7,3248.8,84,2,3248.9,392,5
11536,2025-12-30 15:24:36+05:30,3248.3,1,3250.57,2728059,66551.0,94438.0,3250.0,3267.5,3239.5,3251.5,46631025,3576.6,2926.4,4322.95,2866.6,3248.2,368,5,3248.0,543,7,3247.8,100,1,3247.6,12,2,3247.5,182,6,3248.3,218,2,3248.4,1,1,3248.5,599,7,3248.6,77,6,3248.8,168,3
11536,2025-12-30 15:24:37+05:30,3248.3,1,3250.57,2728059,66551.0,94438.0,3250.0,3267.5,3239.5,3251.5,46631025,3576.6,2926.4,4322.95,2866.6,3248.2,368,5,3248.0,543,7,3247.8,100,1,3247.6,12,2,3247.5,182,6,3248.3,218,2,3248.4,1,1,3248.5,599,7,3248.6,77,6,3248.8,168,3
11536,2025-12-30 15:24:37+05:30,3248.2,1,3250.57,2728061,68017.0,96257.0,3250.0,3267.5,3239.5,3251.5,46631025,3576.6,2926.4,4322.95,2866.6,3248.2,432,7,3248.0,543,7,3247.8,100,1,3247.6,12,2,3247.5,182,6,3248.3,275,4,3248.4,1,1,3248.5,592,7,3248.6,77,6,3248.8,193,4
11536,2025-12-30 15:24:38+05:30,3248.2,39,3250.57,2728289,66546.0,95862.0,3250.0,3267.5,3239.5,3251.5,46631025,3576.6,2926.4,4322.95,2866.6,3248.2,242,6,3248.0,543,7,3247.8,100,1,3247.6,12,2,3247.5,182,6,3248.3,292,8,3248.5,588,6,3248.6,75,5,3248.8,109,3,3248.9,365,6
11536,2025-12-30 15:24:39+05:30,3248.2,85,3250.57,2728289,66546.0,95862.0,3250.0,3267.5,3239.5,3251.5,46631025,3576.6,2926.4,4322.95,2866.6,3248.2,242,6,3248.0,543,7,3247.8,100,1,3247.6,12,2,3247.5,182,6,3248.3,292,8,3248.5,588,6,3248.6,75,5,3248.8,109,3,3248.9,365,6
11536,2025-12-30 15:24:39+05:30,3248.2,10,3250.57,2728614,63527.0,96023.0,3250.0,3267.5,3239.5,3251.5,46631025,3576.6,2926.4,4322.95,2866.6,3248.2,132,6,3248.1,59,1,3248.0,542,6,3247.8,100,1,3247.6,12,2,3248.3,181,12,3248.4,16,2,3248.5,588,6,3248.6,65,3,3248.8,109,3
11536,2025-12-30 15:24:41+05:30,3248.2,2,3250.57,2729084,65360.0,96258.0,3250.0,3267.5,3239.5,3251.5,46631025,3576.6,2926.4,4322.95,2866.6,3248.1,44,1,3248.0,542,6,3247.8,100,1,3247.6,12,2,3247.5,182,6,3248.2,269,8,3248.3,300,11,3248.4,52,3,3248.5,566,4,3248.6,102,4
11536,2025-12-30 15:24:41+05:30,3248.2,6,3250.57,2729084,65360.0,96258.0,3250.0,3267.5,3239.5,3251.5,46631025,3576.6,2926.4,4322.95,2866.6,3248.1,44,1,3248.0,542,6,3247.8,100,1,3247.6,12,2,3247.5,182,6,3248.2,269,8,3248.3,300,11,3248.4,52,3,3248.5,566,4,3248.6,102,4
11536,2025-12-30 15:24:42+05:30,3248.1,1,3250.57,2729174,65854.0,96164.0,3250.0,3267.5,3239.5,3251.5,46631025,3576.6,2926.4,4322.95,2866.6,3248.1,259,8,3248.0,492,5,3247.8,100,1,3247.6,12,2,3247.5,182,6,3248.2,263,7,3248.3,300,11,3248.4,16,2,3248.5,530,4,3248.6,65,3
11536,2025-12-30 15:24:43+05:30,3248.1,1,3250.57,2729174,65854.0,96164.0,3250.0,3267.5,3239.5,3251.5,46631025,3576.6,2926.4,4322.95,2866.6,3248.1,259,8,3248.0,492,5,3247.8,100,1,3247.6,12,2,3247.5,182,6,3248.2,263,7,3248.3,300,11,3248.4,16,2,3248.5,530,4,3248.6,65,3
11536,2025-12-30 15:24:43+05:30,3248.1,1,3250.57,2729776,67033.0,96007.0,3250.0,3267.5,3239.5,3251.5,46631025,3576.6,2926.4,4322.95,2866.6,3248.1,83,3,3248.0,492,5,3247.8,100,1,3247.6,12,2,3247.5,148,5,3248.2,217,7,3248.3,291,9,3248.4,52,3,3248.5,567,5,3248.6,65,3
11536,2025-12-30 15:24:44+05:30,3248.1,3,3250.57,2730106,66973.0,96093.0,3250.0,3267.5,3239.5,3251.5,46631025,3576.6,2926.4,4322.95,2866.6,3248.1,21,2,3248.0,492,5,3247.8,100,1,3247.6,12,2,3247.5,148,5,3248.2,215,5,3248.3,300,8,3248.4,17,3,3248.5,519,2,3248.6,101,4
11536,2025-12-30 15:24:45+05:30,3248.1,85,3250.57,2730106,66973.0,96093.0,3250.0,3267.5,3239.5,3251.5,46631025,3576.6,2926.4,4322.95,2866.6,3248.1,21,2,3248.0,492,5,3247.8,100,1,3247.6,12,2,3247.5,148,5,3248.2,215,5,3248.3,300,8,3248.4,17,3,3248.5,519,2,3248.6,101,4
11536,2025-12-30 15:24:45+05:30,3248.1,85,3250.57,2730259,67170.0,96028.0,3250.0,3267.5,3239.5,3251.5,46631025,3576.6,2926.4,4322.95,2866.6,3248.0,491,5,3247.8,100,1,3247.6,12,2,3247.5,148,5,3247.4,64,3,3248.2,169,5,3248.3,307,9,3248.4,1,1,3248.5,519,2,3248.6,65,3
11536,2025-12-30 15:24:46+05:30,3248.0,31,3250.57,2733392,65902.0,95795.0,3250.0,3267.5,3239.5,3251.5,46631025,3576.6,2926.4,4322.95,2866.6,3248.0,64,2,3247.8,100,1,3247.6,12,2,3247.5,148,5,3247.4,62,2,3248.1,93,1,3248.2,87,6,3248.3,62,8,3248.4,36,1,3248.5,556,3
11536,2025-12-30 15:24:47+05:30,3248.0,1,3250.57,2733392,65902.0,95795.0,3250.0,3267.5,3239.5,3251.5,46631025,3576.6,2926.4,4322.95,2866.6,3248.0,64,2,3247.8,100,1,3247.6,12,2,3247.5,148,5,3247.4,62,2,3248.1,93,1,3248.2,87,6,3248.3,62,8,3248.4,36,1,3248.5,556,3
11536,2025-12-30 15:24:47+05:30,3248.0,1,3250.57,2733602,66296.0,96043.0,3250.0,3267.5,3239.5,3251.5,46631025,3576.6,2926.4,4322.95,2866.6,3248.0,13,3,3247.9,127,2,3247.8,107,3,3247.7,37,1,3247.6,27,3,3248.1,131,7,3248.2,72,4,3248.3,53,8,3248.5,687,3,3248.6,101,4
11536,2025-12-30 15:24:48+05:30,3248.0,17,3250.57,2734360,67499.0,95146.0,3250.0,3267.5,3239.5,3251.5,46631025,3576.6,2926.4,4322.95,2866.6,3248.0,43,2,3247.9,144,3,3247.8,121,5,3247.7,37,1,3247.6,78,5,3248.1,12,1,3248.2,57,3,3248.3,68,9,3248.5,504,1,3248.6,77,4
11536,2025-12-30 15:24:49+05:30,3248.1,1,3250.57,2734360,67499.0,95146.0,3250.0,3267.5,3239.5,3251.5,46631025,3576.6,2926.4,4322.95,2866.6,3248.0,43,2,3247.9,144,3,3247.8,121,5,3247.7,37,1,3247.6,78,5,3248.1,12,1,3248.2,57,3,3248.3,68,9,3248.5,504,1,3248.6,77,4
11536,2025-12-30 15:24:49+05:30,3248.1,1,3250.57,2734585,66301.0,95083.0,3250.0,3267.5,3239.5,3251.5,46631025,3576.6,2926.4,4322.95,2866.6,3248.0,7,2,3247.9,144,3,3247.8,109,4,3247.7,37,1,3247.6,144,6,3248.1,50,1,3248.2,5,1,3248.3,568,8,3248.6,77,4,3248.8,25,1
11536,2025-12-30 15:24:50+05:30,3248.1,15,3250.56,2736340,63979.0,94305.0,3250.0,3267.5,3239.5,3251.5,46631025,3576.6,2926.4,4322.95,2866.6,3248.0,45,2,3247.9,73,3,3247.8,155,6,3247.7,74,2,3247.6,284,6,3248.6,77,4,3248.7,1,1,3248.8,25,1,3248.9,317,3,3249.0,320,4
11536,2025-12-30 15:24:51+05:30,3248.6,1,3250.56,2736340,63979.0,94305.0,3250.0,3267.5,3239.5,3251.5,46631025,3576.6,2926.4,4322.95,2866.6,3248.0,45,2,3247.9,73,3,3247.8,155,6,3247.7,74,2,3247.6,284,6,3248.6,77,4,3248.7,1,1,3248.8,25,1,3248.9,317,3,3249.0,320,4
11536,2025-12-30 15:24:51+05:30,3248.1,4,3250.56,2736412,67499.0,94903.0,3250.0,3267.5,3239.5,3251.5,46631025,3576.6,2926.4,4322.95,2866.6,3248.1,116,2,3248.0,171,1,3247.9,111,2,3247.8,134,4,3247.7,37,1,3248.5,2,1,3248.6,118,6,3248.7,1,1,3248.8,25,1,3248.9,317,3
11536,2025-12-30 15:24:52+05:30,3248.1,14,3250.56,2736459,67370.0,95092.0,3250.0,3267.5,3239.5,3251.5,46631025,3576.6,2926.4,4322.95,2866.6,3248.1,69,2,3248.0,171,1,3247.9,123,2,3247.8,134,4,3247.7,111,2,3248.4,1,1,3248.5,23,3,3248.6,118,6,3248.7,3,2,3248.8,25,1
11536,2025-12-30 15:24:53+05:30,3248.1,7,3250.56,2736459,67370.0,95092.0,3250.0,3267.5,3239.5,3251.5,46631025,3576.6,2926.4,4322.95,2866.6,3248.1,69,2,3248.0,171,1,3247.9,123,2,3247.8,134,4,3247.7,111,2,3248.4,1,1,3248.5,23,3,3248.6,118,6,3248.7,3,2,3248.8,25,1
11536,2025-12-30 15:24:53+05:30,3248.1,157,3250.56,2736735,67463.0,94768.0,3250.0,3267.5,3239.5,3251.5,46631025,3576.6,2926.4,4322.95,2866.6,3248.1,117,2,3248.0,171,1,3247.9,123,2,3247.8,134,4,3247.7,111,2,3248.4,1,1,3248.5,23,3,3248.6,106,5,3248.7,3,2,3248.8,25,1
11536,2025-12-30 15:24:54+05:30,3248.1,3,3250.56,2736932,67459.0,94738.0,3250.0,3267.5,3239.5,3251.5,46631025,3576.6,2926.4,4322.95,2866.6,3248.1,118,2,3248.0,171,1,3247.9,123,2,3247.8,134,4,3247.7,37,1,3248.5,21,3,3248.6,106,5,3248.7,3,2,3248.8,25,1,3248.9,317,3
11536,2025-12-30 15:24:55+05:30,3248.1,3,3250.56,2736932,67459.0,94738.0,3250.0,3267.5,3239.5,3251.5,46631025,3576.6,2926.4,4322.95,2866.6,3248.1,118,2,3248.0,171,1,3247.9,123,2,3247.8,134,4,3247.7,37,1,3248.5,21,3,3248.6,106,5,3248.7,3,2,3248.8,25,1,3248.9,317,3
11536,2025-12-30 15:24:55+05:30,3248.1,6,3250.56,2736963,67171.0,94794.0,3250.0,3267.5,3239.5,3251.5,46631025,3576.6,2926.4,4322.95,2866.6,3248.1,107,2,3248.0,171,1,3247.9,86,1,3247.8,88,2,3247.7,37,1,3248.4,2,1,3248.5,6,2,3248.6,107,5,3248.8,25,1,3248.9,317,3
11536,2025-12-30 15:24:56+05:30,3248.1,30,3250.56,2737326,65176.0,94718.0,3250.0,3267.5,3239.5,3251.5,46631025,3576.6,2926.4,4322.95,2866.6,3248.4,1,1,3248.1,96,7,3248.0,207,2,3247.9,86,1,3247.8,88,2,3248.9,236,3,3249.0,320,4,3249.1,39,2,3249.2,77,3,3249.3,72,2
11536,2025-12-30 15:24:57+05:30,3248.4,4,3250.56,2737326,65176.0,94718.0,3250.0,3267.5,3239.5,3251.5,46631025,3576.6,2926.4,4322.95,2866.6,3248.4,1,1,3248.1,96,7,3248.0,207,2,3247.9,86,1,3247.8,88,2,3248.9,236,3,3249.0,320,4,3249.1,39,2,3249.2,77,3,3249.3,72,2
11536,2025-12-30 15:24:58+05:30,3248.9,2,3250.56,2737333,66267.0,94559.0,3250.0,3267.5,3239.5,3251.5,46631025,3576.6,2926.4,4322.95,2866.6,3248.4,429,2,3248.2,40,1,3248.1,173,9,3248.0,207,2,3247.9,86,1,3248.9,234,3,3249.0,320,4,3249.1,39,2,3249.2,77,3,3249.4,170,2
11536,2025-12-30 15:24:59+05:30,3248.5,2,3250.56,2737562,68036.0,94757.0,3250.0,3267.5,3239.5,3251.5,46631025,3576.6,2926.4,4322.95,2866.6,3248.5,72,1,3248.4,242,2,3248.2,40,1,3248.1,141,8,3248.0,171,1,3248.8,1,1,3248.9,246,4,3249.0,320,4,3249.1,28,1,3249.2,77,3
11536,2025-12-30 15:24:59+05:30,3248.5,2,3250.56,2737562,68036.0,94757.0,3250.0,3267.5,3239.5,3251.5,46631025,3576.6,2926.4,4322.95,2866.6,3248.5,72,1,3248.4,242,2,3248.2,40,1,3248.1,141,8,3248.0,171,1,3248.8,1,1,3248.9,246,4,3249.0,320,4,3249.1,28,1,3249.2,77,3
11536,2025-12-30 15:25:00+05:30,3248.7,7,3250.56,2737873,68382.0,91262.0,3250.0,3267.5,3239.5,3251.5,46631025,3576.6,2926.4,4322.95,2866.6,3248.6,722,3,3248.5,445,10,3248.4,285,3,3248.3,43,1,3248.2,40,1,3248.9,17,2,3249.0,320,4,3249.1,28,1,3249.2,25,1,3249.5,11,1
11536,2025-12-30 15:25:01+05:30,3248.9,5,3250.56,2737873,68382.0,91262.0,3250.0,3267.5,3239.5,3251.5,46631025,3576.6,2926.4,4322.95,2866.6,3248.6,722,3,3248.5,445,10,3248.4,285,3,3248.3,43,1,3248.2,40,1,3248.9,17,2,3249.0,320,4,3249.1,28,1,3249.2,25,1,3249.5,11,1
11536,2025-12-30 15:25:01+05:30,3249.0,50,3250.56,2740922,66670.0,93294.0,3250.0,3267.5,3239.5,3251.5,46631025,3576.6,2926.4,4322.95,2866.6,3249.0,81,3,3248.9,281,10,3248.8,358,3,3248.7,70,5,3248.6,127,3,3249.5,11,1,3249.6,1,1,3249.8,10,1,3250.0,225,4,3250.1,25,1
11536,2025-12-30 15:25:02+05:30,3249.4,21,3250.56,2741044,66385.0,93441.0,3250.0,3267.5,3239.5,3251.5,46631025,3576.6,2926.4,4322.95,2866.6,3249.4,193,3,3249.3,43,1,3249.2,43,1,3249.1,43,1,3249.0,107,2,3249.5,15,3,3249.8,11,2,3249.9,2,1,3250.0,225,4,3250.1,25,1
11536,2025-12-30 15:25:03+05:30,3249.4,31,3250.56,2741044,66385.0,93441.0,3250.0,3267.5,3239.5,3251.5,46631025,3576.6,2926.4,4322.95,2866.6,3249.4,193,3,3249.3,43,1,3249.2,43,1,3249.1,43,1,3249.0,107,2,3249.5,15,3,3249.8,11,2,3249.9,2,1,3250.0,225,4,3250.1,25,1
11536,2025-12-30 15:25:03+05:30,3249.4,31,3250.56,2741378,67963.0,93568.0,3250.0,3267.5,3239.5,3251.5,46631025,3576.6,2926.4,4322.95,2866.6,3249.4,514,2,3249.0,73,1,3248.9,169,6,3248.8,283,1,3248.6,3,2,3249.5,10,2,3249.8,28,3,3249.9,2,1,3250.0,225,4,3250.1,154,3
11536,2025-12-30 15:25:04+05:30,3249.5,24,3250.56,2741463,68579.0,94395.0,3250.0,3267.5,3239.5,3251.5,46631025,3576.6,2926.4,4322.95,2866.6,3249.5,28,3,3249.4,755,14,3249.3,35,1,3249.2,35,1,3249.0,75,2,3249.9,2,1,3250.0,225,4,3250.1,26,2,3250.3,1,1,3250.4,2,1
11536,2025-12-30 15:25:05+05:30,3251.1,38,3250.56,2741463,68579.0,94395.0,3250.0,3267.5,3239.5,3251.5,46631025,3576.6,2926.4,4322.95,2866.6,3249.5,28,3,3249.4,755,14,3249.3,35,1,3249.2,35,1,3249.0,75,2,3249.9,2,1,3250.0,225,4,3250.1,26,2,3250.3,1,1,3250.4,2,1
11536,2025-12-30 15:25:05+05:30,3251.1,38,3250.56,2742102,68959.0,92170.0,3250.0,3267.5,3239.5,3251.5,46631025,3576.6,2926.4,4322.95,2866.6,3249.9,47,3,3249.8,32,1,3249.7,252,1,3249.5,53,3,3249.4,792,16,3250.0,1,1,3251.1,240,3,3251.3,346,5,3251.4,168,1,3251.5,41,2
11536,2025-12-30 15:25:06+05:30,3250.0,156,3250.56,2742683,68923.0,93174.0,3250.0,3267.5,3239.5,3251.5,46631025,3576.6,2926.4,4322.95,2866.6,3250.0,94,1,3249.9,23,5,3249.7,252,1,3249.5,52,2,3249.4,658,11,3251.1,295,5,3251.2,32,1,3251.3,120,3,3251.4,168,1,3251.5,272,3
11536,2025-12-30 15:25:07+05:30,3251.1,1,3250.56,2742683,68923.0,93174.0,3250.0,3267.5,3239.5,3251.5,46631025,3576.6,2926.4,4322.95,2866.6,3250.0,94,1,3249.9,23,5,3249.7,252,1,3249.5,52,2,3249.4,658,11,3251.1,295,5,3251.2,32,1,3251.3,120,3,3251.4,168,1,3251.5,272,3
11536,2025-12-30 15:25:07+05:30,3251.1,1,3250.56,2742814,68981.0,92447.0,3250.0,3267.5,3239.5,3251.5,46631025,3576.6,2926.4,4322.95,2866.6,3250.0,119,3,3249.9,187,19,3249.7,252,1,3249.5,51,1,3249.4,514,2,3251.1,120,4,3251.2,24,1,3251.3,42,2,3251.4,203,2,3251.5,226,2
11536,2025-12-30 15:25:08+05:30,3250.0,30,3250.56,2743057,69093.0,92419.0,3250.0,3267.5,3239.5,3251.5,46631025,3576.6,2926.4,4322.95,2866.6,3250.0,610,6,3249.9,316,19,3249.7,286,2,3249.5,51,1,3249.4,40,2,3251.1,23,1,3251.2,72,2,3251.3,5,1,3251.4,168,1,3251.5,252,3
11536,2025-12-30 15:25:09+05:30,3251.2,41,3250.56,2743057,69093.0,92419.0,3250.0,3267.5,3239.5,3251.5,46631025,3576.6,2926.4,4322.95,2866.6,3250.0,610,6,3249.9,316,19,3249.7,286,2,3249.5,51,1,3249.4,40,2,3251.1,23,1,3251.2,72,2,3251.3,5,1,3251.4,168,1,3251.5,252,3
11536,2025-12-30 15:25:09+05:30,3251.2,41,3250.56,2743710,69043.0,91833.0,3250.0,3267.5,3239.5,3251.5,46631025,3576.6,2926.4,4322.95,2866.6,3250.1,34,1,3250.0,885,25,3249.9,149,2,3249.7,34,1,3249.5,51,1,3251.2,123,4,3251.3,78,1,3251.4,168,1,3251.5,84,3,3251.6,383,5
11536,2025-12-30 15:25:10+05:30,3250.3,15,3250.56,2743957,68449.0,92691.0,3250.0,3267.5,3239.5,3251.5,46631025,3576.6,2926.4,4322.95,2866.6,3250.3,68,2,3250.1,80,2,3250.0,885,25,3249.9,149,2,3249.7,34,1,3251.2,64,4,3251.3,78,1,3251.4,168,1,3251.5,52,2,3251.6,212,2
11536,2025-12-30 15:25:11+05:30,3251.2,1,3250.56,2743957,68449.0,92691.0,3250.0,3267.5,3239.5,3251.5,46631025,3576.6,2926.4,4322.95,2866.6,3250.3,68,2,3250.1,80,2,3250.0,885,25,3249.9,149,2,3249.7,34,1,3251.2,64,4,3251.3,78,1,3251.4,168,1,3251.5,52,2,3251.6,212,2
11536,2025-12-30 15:25:11+05:30,3251.2,1,3250.56,2743963,68837.0,90603.0,3250.0,3267.5,3239.5,3251.5,46631025,3576.6,2926.4,4322.95,2866.6,3250.3,119,4,3250.1,80,2,3250.0,885,25,3249.9,149,2,3249.7,34,1,3251.2,69,6,3251.3,78,1,3251.4,168,1,3251.5,52,2,3251.6,201,2
11536,2025-12-30 15:25:12+05:30,3250.9,1,3250.56,2744248,68748.0,90909.0,3250.0,3267.5,3239.5,3251.5,46631025,3576.6,2926.4,4322.95,2866.6,3250.3,240,22,3250.1,80,2,3250.0,707,6,3249.9,149,2,3249.5,2,1,3250.9,53,1,3251.2,24,5,3251.4,61,1,3251.5,159,5,3251.6,6,1
11536,2025-12-30 15:25:13+05:30,3250.9,51,3250.56,2744248,68748.0,90909.0,3250.0,3267.5,3239.5,3251.5,46631025,3576.6,2926.4,4322.95,2866.6,3250.3,240,22,3250.1,80,2,3250.0,707,6,3249.9,149,2,3249.5,2,1,3250.9,53,1,3251.2,24,5,3251.4,61,1,3251.5,159,5,3251.6,6,1
11536,2025-12-30 15:25:13+05:30,3250.3,4,3250.56,2744569,68603.0,90239.0,3250.0,3267.5,3239.5,3251.5,46631025,3576.6,2926.4,4322.95,2866.6,3250.3,110,3,3250.1,80,2,3250.0,681,5,3249.9,149,2,3249.5,29,2,3250.9,2,1,3251.2,24,5,3251.4,67,2,3251.5,152,4,3251.6,98,1
11536,2025-12-30 15:25:14+05:30,3250.3,36,3250.56,2744772,68054.0,89722.0,3250.0,3267.5,3239.5,3251.5,46631025,3576.6,2926.4,4322.95,2866.6,3250.3,557,4,3250.1,80,2,3250.0,681,5,3249.9,159,3,3249.5,27,2,3250.9,64,2,3251.1,1,1,3251.2,23,4,3251.4,67,2,3251.5,48,2
11536,2025-12-30 15:25:15+05:30,3250.3,35,3250.56,2744772,68054.0,89722.0,3250.0,3267.5,3239.5,3251.5,46631025,3576.6,2926.4,4322.95,2866.6,3250.3,557,4,3250.1,80,2,3250.0,681,5,3249.9,159,3,3249.5,27,2,3250.9,64,2,3251.1,1,1,3251.2,23,4,3251.4,67,2,3251.5,48,2
11536,2025-12-30 15:25:15+05:30,3250.9,2,3250.56,2744866,68589.0,88218.0,3250.0,3267.5,3239.5,3251.5,46631025,3576.6,2926.4,4322.95,2866.6,3250.3,1015,7,3250.1,80,2,3250.0,407,4,3249.9,159,3,3249.7,212,1,3250.9,25,2,3251.1,1,1,3251.2,17,3,3251.4,6,1,3251.5,48,2
11536,2025-12-30 15:25:16+05:30,3250.9,62,3250.56,2746242,66286.0,89156.0,3250.0,3267.5,3239.5,3251.5,46631025,3576.6,2926.4,4322.95,2866.6,3250.3,342,5,3250.2,10,1,3250.1,80,2,3250.0,407,4,3249.9,117,1,3250.9,32,2,3251.0,1,1,3251.2,16,2,3251.4,61,1,3251.5,38,1
11536,2025-12-30 15:25:17+05:30,3250.9,1,3250.56,2746242,66286.0,89156.0,3250.0,3267.5,3239.5,3251.5,46631025,3576.6,2926.4,4322.95,2866.6,3250.3,342,5,3250.2,10,1,3250.1,80,2,3250.0,407,4,3249.9,117,1,3250.9,32,2,3251.0,1,1,3251.2,16,2,3251.4,61,1,3251.5,38,1
11536,2025-12-30 15:25:17+05:30,3250.9,1,3250.56,2746243,66222.0,87288.0,3250.0,3267.5,3239.5,3251.5,46631025,3576.6,2926.4,4322.95,2866.6,3250.3,342,5,3250.2,10,1,3250.1,80,2,3250.0,407,4,3249.9,117,1,3250.9,78,4,3251.0,1,1,3251.2,16,2,3251.4,61,1,3251.5,38,1
11536,2025-12-30 15:25:18+05:30,3250.9,2,3250.56,2746471,65875.0,90052.0,3250.0,3267.5,3239.5,3251.5,46631025,3576.6,2926.4,4322.95,2866.6,3250.4,35,1,3250.3,234,11,3250.2,10,1,3250.1,80,2,3250.0,407,4,3250.9,94,8,3251.2,6,1,3251.4,61,1,3251.5,128,2,3251.6,100,2
11536,2025-12-30 15:25:19+05:30,3250.9,1,3250.56,2746471,65875.0,90052.0,3250.0,3267.5,3239.5,3251.5,46631025,3576.6,2926.4,4322.95,2866.6,3250.4,35,1,3250.3,234,11,3250.2,10,1,3250.1,80,2,3250.0,407,4,3250.9,94,8,3251.2,6,1,3251.4,61,1,3251.5,128,2,3251.6,100,2
11536,2025-12-30 15:25:19+05:30,3250.4,1,3250.56,2746511,66197.0,90275.0,3250.0,3267.5,3239.5,3251.5,46631025,3576.6,2926.4,4322.95,2866.6,3250.4,317,4,3250.3,212,10,3250.2,10,1,3250.1,80,2,3250.0,277,2,3250.9,74,4,3251.2,15,2,3251.4,61,1,3251.5,128,2,3251.6,100,2
11536,2025-12-30 15:25:21+05:30,3251.2,30,3250.56,2746896,63543.0,88374.0,3250.0,3267.5,3239.5,3251.5,46631025,3576.6,2926.4,4322.95,2866.6,3250.4,285,9,3250.3,189,7,3250.2,10,1,3250.1,80,2,3250.0,277,2,3250.9,1,1,3251.6,64,1,3251.7,168,1,3251.8,9,1,3251.9,309,8
11536,2025-12-30 15:25:21+05:30,3251.2,30,3250.56,2746896,63543.0,88374.0,3250.0,3267.5,3239.5,3251.5,46631025,3576.6,2926.4,4322.95,2866.6,3250.4,285,9,3250.3,189,7,3250.2,10,1,3250.1,80,2,3250.0,277,2,3250.9,1,1,3251.6,64,1,3251.7,168,1,3251.8,9,1,3251.9,309,8
11536,2025-12-30 15:25:22+05:30,3250.4,2,3250.56,2746904,62983.0,87971.0,3250.0,3267.5,3239.5,3251.5,46631025,3576.6,2926.4,4322.95,2866.6,3250.4,496,20,3250.3,129,3,3250.2,43,3,3250.1,83,3,3250.0,282,3,3250.9,15,2,3251.2,1,1,3251.6,125,2,3251.8,83,3,3251.9,63,6
11536,2025-12-30 15:25:23+05:30,3250.4,1,3250.56,2746904,62983.0,87971.0,3250.0,3267.5,3239.5,3251.5,46631025,3576.6,2926.4,4322.95,2866.6,3250.4,496,20,3250.3,129,3,3250.2,43,3,3250.1,83,3,3250.0,282,3,3250.9,15,2,3251.2,1,1,3251.6,125,2,3251.8,83,3,3251.9,63,6
11536,2025-12-30 15:25:23+05:30,3250.4,1,3250.56,2747106,62930.0,88698.0,3250.0,3267.5,3239.5,3251.5,46631025,3576.6,2926.4,4322.95,2866.6,3250.4,321,21,3250.3,69,2,3250.2,3,1,3250.1,139,4,3250.0,282,3,3250.8,1,1,3250.9,15,2,3251.1,1,1,3251.6,125,2,3251.8,227,4
11536,2025-12-30 15:25:24+05:30,3250.4,11,3250.56,2747344,62330.0,88123.0,3250.0,3267.5,3239.5,3251.5,46631025,3576.6,2926.4,4322.95,2866.6,3250.4,367,23,3250.3,142,4,3250.2,8,2,3250.1,139,4,3250.0,277,2,3251.8,47,2,3251.9,53,5,3252.0,442,6,3252.2,36,2,3252.3,414,3
11536,2025-12-30 15:25:25+05:30,3251.8,1,3250.56,2747344,62330.0,88123.0,3250.0,3267.5,3239.5,3251.5,46631025,3576.6,2926.4,4322.95,2866.6,3250.4,367,23,3250.3,142,4,3250.2,8,2,3250.1,139,4,3250.0,277,2,3251.8,47,2,3251.9,53,5,3252.0,442,6,3252.2,36,2,3252.3,414,3
11536,2025-12-30 15:25:25+05:30,3251.9,5,3250.56,2747567,60454.0,88172.0,3250.0,3267.5,3239.5,3251.5,46631025,3576.6,2926.4,4322.95,2866.6,3251.8,8,1,3250.6,194,3,3250.5,170,2,3250.4,786,20,3250.3,72,3,3251.9,44,5,3252.0,442,6,3252.2,10,2,3252.3,168,1,3252.4,7,2
11536,2025-12-30 15:25:26+05:30,3250.4,1,3250.56,2747812,61280.0,83532.0,3250.0,3267.5,3239.5,3251.5,46631025,3576.6,2926.4,4322.95,2866.6,3250.4,827,8,3250.3,72,3,3250.2,35,2,3250.1,83,3,3250.0,277,2,3250.6,1,1,3251.9,42,4,3252.0,590,7,3252.2,1,1,3252.3,427,4
11536,2025-12-30 15:25:27+05:30,3250.4,1,3250.56,2747812,61280.0,83532.0,3250.0,3267.5,3239.5,3251.5,46631025,3576.6,2926.4,4322.95,2866.6,3250.4,827,8,3250.3,72,3,3250.2,35,2,3250.1,83,3,3250.0,277,2,3250.6,1,1,3251.9,42,4,3252.0,590,7,3252.2,1,1,3252.3,427,4
11536,2025-12-30 15:25:27+05:30,3252.0,83,3250.56,2748097,60753.0,88079.0,3250.0,3267.5,3239.5,3251.5,46631025,3576.6,2926.4,4322.95,2866.6,3250.6,37,3,3250.5,52,2,3250.4,870,9,3250.3,72,3,3250.2,33,2,3252.0,245,5,3252.2,1,1,3252.3,13,1,3252.4,1,1,3252.7,378,3
11536,2025-12-30 15:25:32+05:30,3251.0,10,3250.56,2748097,60753.0,88079.0,3250.0,3267.5,3239.5,3251.5,46631025,3576.6,2926.4,4322.95,2866.6,3250.6,37,3,3250.5,52,2,3250.4,870,9,3250.3,72,3,3250.2,33,2,3252.0,245,5,3252.2,1,1,3252.3,13,1,3252.4,1,1,3252.7,378,3
11536,2025-12-30 15:25:33+05:30,3252.1,2,3250.56,2750590,59899.0,87076.0,3250.0,3267.5,3239.5,3251.5,46631025,3576.6,2926.4,4322.95,2866.6,3251.0,52,1,3250.9,97,1,3250.8,134,3,3250.7,99,1,3250.6,361,12,3252.1,176,6,3252.2,1,1,3252.3,5,1,3252.6,33,2,3252.7,115,3
11536,2025-12-30 15:25:39+05:30,3252.1,1,3250.56,2750590,59899.0,87076.0,3250.0,3267.5,3239.5,3251.5,46631025,3576.6,2926.4,4322.95,2866.6,3251.0,52,1,3250.9,97,1,3250.8,134,3,3250.7,99,1,3250.6,361,12,3252.1,176,6,3252.2,1,1,3252.3,5,1,3252.6,33,2,3252.7,115,3
11536,2025-12-30 15:25:40+05:30,3252.0,15,3250.56,2752505,61571.0,89130.0,3250.0,3267.5,3239.5,3251.5,46631025,3576.6,2926.4,4322.95,2866.6,3252.0,221,1,3251.5,24,1,3251.4,1,1,3251.2,216,1,3251.1,10,1,3252.6,34,2,3252.7,66,2,3252.8,398,3,3252.9,4,1,3253.0,346,4
11536,2025-12-30 15:25:47+05:30,3252.6,9,3250.56,2754389,61584.0,86171.0,3250.0,3267.5,3239.5,3251.5,46631025,3576.6,2926.4,4322.95,2866.6,3252.3,224,4,3252.1,105,3,3252.0,422,16,3251.8,67,2,3251.6,1,1,3252.6,109,3,3252.7,1,1,3252.8,22,2,3253.0,190,5,3253.4,349,4
11536,2025-12-30 15:25:47+05:30,3252.6,9,3250.56,2754389,61584.0,86171.0,3250.0,3267.5,3239.5,3251.5,46631025,3576.6,2926.4,4322.95,2866.6,3252.3,224,4,3252.1,105,3,3252.0,422,16,3251.8,67,2,3251.6,1,1,3252.6,109,3,3252.7,1,1,3252.8,22,2,3253.0,190,5,3253.4,349,4
11536,2025-12-30 15:25:54+05:30,3252.1,10,3250.57,2755948,62006.0,86921.0,3250.0,3267.5,3239.5,3251.5,46631025,3576.6,2926.4,4322.95,2866.6,3252.1,199,3,3252.0,332,4,3251.6,4,2,3251.5,2,2,3251.4,4,2,3252.6,162,5,3252.7,1,1,3252.8,14,3,3253.0,183,5,3253.1,64,1
11536,2025-12-30 15:25:55+05:30,3252.6,11,3250.57,2755948,62006.0,86921.0,3250.0,3267.5,3239.5,3251.5,46631025,3576.6,2926.4,4322.95,2866.6,3252.1,199,3,3252.0,332,4,3251.6,4,2,3251.5,2,2,3251.4,4,2,3252.6,162,5,3252.7,1,1,3252.8,14,3,3253.0,183,5,3253.1,64,1
11536,2025-12-30 15:26:01+05:30,3252.1,5,3250.57,2757828,57080.0,84986.0,3250.0,3267.5,3239.5,3251.5,46631025,3576.6,2926.4,4322.95,2866.6,3252.1,132,2,3252.0,213,6,3251.5,79,4,3251.4,27,3,3251.3,102,1,3252.6,28,6,3252.8,9,1,3252.9,17,3,3253.0,184,6,3253.2,5,1
11536,2025-12-30 15:26:02+05:30,3252.1,30,3250.57,2757828,57080.0,84986.0,3250.0,3267.5,3239.5,3251.5,46631025,3576.6,2926.4,4322.95,2866.6,3252.1,132,2,3252.0,213,6,3251.5,79,4,3251.4,27,3,3251.3,102,1,3252.6,28,6,3252.8,9,1,3252.9,17,3,3253.0,184,6,3253.2,5,1
11536,2025-12-30 15:26:08+05:30,3252.1,76,3250.57,2759589,55843.0,85304.0,3250.0,3267.5,3239.5,3251.5,46631025,3576.6,2926.4,4322.95,2866.6,3252.1,62,3,3252.0,174,3,3251.5,4,4,3251.4,5,3,3251.3,27,1,3252.6,19,2,3252.7,175,1,3252.8,3,1,3252.9,3,1,3253.0,135,2
11536,2025-12-30 15:26:10+05:30,3252.1,1,3250.57,2759589,55843.0,85304.0,3250.0,3267.5,3239.5,3251.5,46631025,3576.6,2926.4,4322.95,2866.6,3252.1,62,3,3252.0,174,3,3251.5,4,4,3251.4,5,3,3251.3,27,1,3252.6,19,2,3252.7,175,1,3252.8,3,1,3252.9,3,1,3253.0,135,2
11536,2025-12-30 15:26:16+05:30,3252.1,184,3250.57,2761815,54724.0,85113.0,3250.0,3267.5,3239.5,3251.5,46631025,3576.6,2926.4,4322.95,2866.6,3252.0,104,1,3251.4,2,2,3251.1,25,1,3251.0,3,1,3250.9,325,3,3252.5,2,1,3252.6,248,5,3252.7,339,2,3252.8,644,4,3252.9,278,2
11536,2025-12-30 15:26:18+05:30,3252.0,30,3250.57,2761815,54724.0,85113.0,3250.0,3267.5,3239.5,3251.5,46631025,3576.6,2926.4,4322.95,2866.6,3252.0,104,1,3251.4,2,2,3251.1,25,1,3251.0,3,1,3250.9,325,3,3252.5,2,1,3252.6,248,5,3252.7,339,2,3252.8,644,4,3252.9,278,2
11536,2025-12-30 15:26:23+05:30,3252.1,42,3250.57,2763970,55283.0,85208.0,3250.0,3267.5,3239.5,3251.5,46631025,3576.6,2926.4,4322.95,2866.6,3252.1,41,1,3252.0,47,7,3251.5,1,1,3251.4,2,1,3251.2,2,1,3252.6,26,2,3252.7,531,2,3252.8,297,3,3252.9,445,4,3253.0,81,1
11536,2025-12-30 15:26:26+05:30,3251.3,3,3250.57,2763970,55283.0,85208.0,3250.0,3267.5,3239.5,3251.5,46631025,3576.6,2926.4,4322.95,2866.6,3252.1,41,1,3252.0,47,7,3251.5,1,1,3251.4,2,1,3251.2,2,1,3252.6,26,2,3252.7,531,2,3252.8,297,3,3252.9,445,4,3253.0,81,1
11536,2025-12-30 15:26:31+05:30,3251.3,43,3250.57,2765578,54528.0,85453.0,3250.0,3267.5,3239.5,3251.5,46631025,3576.6,2926.4,4322.95,2866.6,3251.3,10,1,3251.1,1,1,3251.0,85,3,3250.9,32,2,3250.8,2,1,3252.1,1,1,3252.6,58,3,3252.7,467,6,3252.8,277,2,3252.9,303,3
11536,2025-12-30 15:26:33+05:30,3252.4,1,3250.57,2765578,54528.0,85453.0,3250.0,3267.5,3239.5,3251.5,46631025,3576.6,2926.4,4322.95,2866.6,3251.3,10,1,3251.1,1,1,3251.0,85,3,3250.9,32,2,3250.8,2,1,3252.1,1,1,3252.6,58,3,3252.7,467,6,3252.8,277,2,3252.9,303,3
11536,2025-12-30 15:26:38+05:30,3251.3,50,3250.57,2767401,54226.0,84090.0,3250.0,3267.5,3239.5,3251.5,46631025,3576.6,2926.4,4322.95,2866.6,3251.3,135,6,3251.2,1,1,3251.0,3,1,3250.9,34,1,3250.8,202,2,3252.6,56,4,3252.7,42,2,3252.8,503,4,3252.9,444,3,3253.0,81,1
11536,2025-12-30 15:26:41+05:30,3251.3,1,3250.57,2767401,54226.0,84090.0,3250.0,3267.5,3239.5,3251.5,46631025,3576.6,2926.4,4322.95,2866.6,3251.3,135,6,3251.2,1,1,3251.0,3,1,3250.9,34,1,3250.8,202,2,3252.6,56,4,3252.7,42,2,3252.8,503,4,3252.9,444,3,3253.0,81,1
11536,2025-12-30 15:26:45+05:30,3252.8,2,3250.57,2768692,54747.0,84236.0,3250.0,3267.5,3239.5,3251.5,46631025,3576.6,2926.4,4322.95,2866.6,3251.3,611,8,3251.2,220,4,3251.1,32,2,3251.0,38,3,3250.9,36,3,3252.8,38,1,3252.9,275,1,3253.0,82,2,3253.1,200,1,3253.2,4,1
11536,2025-12-30 15:26:51+05:30,3251.7,1,3250.57,2768692,54747.0,84236.0,3250.0,3267.5,3239.5,3251.5,46631025,3576.6,2926.4,4322.95,2866.6,3251.3,611,8,3251.2,220,4,3251.1,32,2,3251.0,38,3,3250.9,36,3,3252.8,38,1,3252.9,275,1,3253.0,82,2,3253.1,200,1,3253.2,4,1
11536,2025-12-30 15:26:52+05:30,3252.9,112,3250.57,2769978,54703.0,81227.0,3250.0,3267.5,3239.5,3251.5,46631025,3576.6,2926.4,4322.95,2866.6,3251.7,191,2,3251.5,326,3,3251.4,41,2,3251.3,341,11,3251.2,135,1,3252.9,258,5,3253.0,82,2,3253.2,5,2,3253.4,50,3,3253.5,3,1
11536,2025-12-30 15:27:00+05:30,3251.9,11,3250.57,2772871,53657.0,80497.0,3250.0,3267.5,3239.5,3251.5,46631025,3576.6,2926.4,4322.95,2866.6,3251.5,381,5,3251.4,39,2,3251.3,245,2,3251.2,135,1,3251.1,171,2,3251.7,5,2,3252.2,11,1,3252.6,4,1,3252.8,1,1,3252.9,15,1
11536,2025-12-30 15:27:00+05:30,3251.9,11,3250.57,2772871,53657.0,80497.0,3250.0,3267.5,3239.5,3251.5,46631025,3576.6,2926.4,4322.95,2866.6,3251.5,381,5,3251.4,39,2,3251.3,245,2,3251.2,135,1,3251.1,171,2,3251.7,5,2,3252.2,11,1,3252.6,4,1,3252.8,1,1,3252.9,15,1
11536,2025-12-30 15:27:01+05:30,3251.9,11,3250.57,2772871,53657.0,80497.0,3250.0,3267.5,3239.5,3251.5,46631025,3576.6,2926.4,4322.95,2866.6,3251.5,381,5,3251.4,39,2,3251.3,245,2,3251.2,135,1,3251.1,171,2,3251.7,5,2,3252.2,11,1,3252.6,4,1,3252.8,1,1,3252.9,15,1
11536,2025-12-30 15:27:02+05:30,3251.7,3,3250.57,2772871,53657.0,80497.0,3250.0,3267.5,3239.5,3251.5,46631025,3576.6,2926.4,4322.95,2866.6,3251.5,381,5,3251.4,39,2,3251.3,245,2,3251.2,135,1,3251.1,171,2,3251.7,5,2,3252.2,11,1,3252.6,4,1,3252.8,1,1,3252.9,15,1
11536,2025-12-30 15:27:03+05:30,3251.7,3,3250.57,2772871,53657.0,80497.0,3250.0,3267.5,3239.5,3251.5,46631025,3576.6,2926.4,4322.95,2866.6,3251.5,381,5,3251.4,39,2,3251.3,245,2,3251.2,135,1,3251.1,171,2,3251.7,5,2,3252.2,11,1,3252.6,4,1,3252.8,1,1,3252.9,15,1
11536,2025-12-30 15:27:04+05:30,3251.7,3,3250.57,2772871,53657.0,80497.0,3250.0,3267.5,3239.5,3251.5,46631025,3576.6,2926.4,4322.95,2866.6,3251.5,381,5,3251.4,39,2,3251.3,245,2,3251.2,135,1,3251.1,171,2,3251.7,5,2,3252.2,11,1,3252.6,4,1,3252.8,1,1,3252.9,15,1
11536,2025-12-30 15:27:05+05:30,3251.7,3,3250.57,2772871,53657.0,80497.0,3250.0,3267.5,3239.5,3251.5,46631025,3576.6,2926.4,4322.95,2866.6,3251.5,381,5,3251.4,39,2,3251.3,245,2,3251.2,135,1,3251.1,171,2,3251.7,5,2,3252.2,11,1,3252.6,4,1,3252.8,1,1,3252.9,15,1
11536,2025-12-30 15:27:07+05:30,3251.7,3,3250.57,2772871,53657.0,80497.0,3250.0,3267.5,3239.5,3251.5,46631025,3576.6,2926.4,4322.95,2866.6,3251.5,381,5,3251.4,39,2,3251.3,245,2,3251.2,135,1,3251.1,171,2,3251.7,5,2,3252.2,11,1,3252.6,4,1,3252.8,1,1,3252.9,15,1
11536,2025-12-30 15:27:07+05:30,3251.7,57,3250.58,2774575,52772.0,79686.0,3250.0,3267.5,3239.5,3251.5,46631025,3576.6,2926.4,4322.95,2866.6,3251.7,78,3,3251.6,96,3,3251.5,622,16,3251.4,93,3,3251.3,250,3,3252.2,16,1,3252.3,20,1,3253.8,39,2,3253.9,25,1,3254.0,175,1
11536,2025-12-30 15:27:08+05:30,3251.7,57,3250.58,2774575,52772.0,79686.0,3250.0,3267.5,3239.5,3251.5,46631025,3576.6,2926.4,4322.95,2866.6,3251.7,78,3,3251.6,96,3,3251.5,622,16,3251.4,93,3,3251.3,250,3,3252.2,16,1,3252.3,20,1,3253.8,39,2,3253.9,25,1,3254.0,175,1
11536,2025-12-30 15:27:09+05:30,3251.7,57,3250.58,2774575,52772.0,79686.0,3250.0,3267.5,3239.5,3251.5,46631025,3576.6,2926.4,4322.95,2866.6,3251.7,78,3,3251.6,96,3,3251.5,622,16,3251.4,93,3,3251.3,250,3,3252.2,16,1,3252.3,20,1,3253.8,39,2,3253.9,25,1,3254.0,175,1
11536,2025-12-30 15:27:10+05:30,3251.9,13,3250.58,2774575,52772.0,79686.0,3250.0,3267.5,3239.5,3251.5,46631025,3576.6,2926.4,4322.95,2866.6,3251.7,78,3,3251.6,96,3,3251.5,622,16,3251.4,93,3,3251.3,250,3,3252.2,16,1,3252.3,20,1,3253.8,39,2,3253.9,25,1,3254.0,175,1
11536,2025-12-30 15:27:10+05:30,3251.9,13,3250.58,2774575,52772.0,79686.0,3250.0,3267.5,3239.5,3251.5,46631025,3576.6,2926.4,4322.95,2866.6,3251.7,78,3,3251.6,96,3,3251.5,622,16,3251.4,93,3,3251.3,250,3,3252.2,16,1,3252.3,20,1,3253.8,39,2,3253.9,25,1,3254.0,175,1
11536,2025-12-30 15:27:11+05:30,3251.9,13,3250.58,2774575,52772.0,79686.0,3250.0,3267.5,3239.5,3251.5,46631025,3576.6,2926.4,4322.95,2866.6,3251.7,78,3,3251.6,96,3,3251.5,622,16,3251.4,93,3,3251.3,250,3,3252.2,16,1,3252.3,20,1,3253.8,39,2,3253.9,25,1,3254.0,175,1
11536,2025-12-30 15:27:13+05:30,3251.9,13,3250.58,2774575,52772.0,79686.0,3250.0,3267.5,3239.5,3251.5,46631025,3576.6,2926.4,4322.95,2866.6,3251.7,78,3,3251.6,96,3,3251.5,622,16,3251.4,93,3,3251.3,250,3,3252.2,16,1,3252.3,20,1,3253.8,39,2,3253.9,25,1,3254.0,175,1
11536,2025-12-30 15:27:14+05:30,3253.7,28,3250.58,2775821,52955.0,78785.0,3250.0,3267.5,3239.5,3251.5,46631025,3576.6,2926.4,4322.95,2866.6,3251.9,292,6,3251.8,200,1,3251.7,616,15,3251.6,416,3,3251.5,289,9,3253.4,175,1,3253.7,26,2,3253.8,10,1,3254.2,24,3,3254.3,46,1
11536,2025-12-30 15:27:14+05:30,3253.7,28,3250.58,2775821,52955.0,78785.0,3250.0,3267.5,3239.5,3251.5,46631025,3576.6,2926.4,4322.95,2866.6,3251.9,292,6,3251.8,200,1,3251.7,616,15,3251.6,416,3,3251.5,289,9,3253.4,175,1,3253.7,26,2,3253.8,10,1,3254.2,24,3,3254.3,46,1
11536,2025-12-30 15:27:16+05:30,3253.7,28,3250.58,2775821,52955.0,78785.0,3250.0,3267.5,3239.5,3251.5,46631025,3576.6,2926.4,4322.95,2866.6,3251.9,292,6,3251.8,200,1,3251.7,616,15,3251.6,416,3,3251.5,289,9,3253.4,175,1,3253.7,26,2,3253.8,10,1,3254.2,24,3,3254.3,46,1
11536,2025-12-30 15:27:18+05:30,3253.7,28,3250.58,2775821,52955.0,78785.0,3250.0,3267.5,3239.5,3251.5,46631025,3576.6,2926.4,4322.95,2866.6,3251.9,292,6,3251.8,200,1,3251.7,616,15,3251.6,416,3,3251.5,289,9,3253.4,175,1,3253.7,26,2,3253.8,10,1,3254.2,24,3,3254.3,46,1
11536,2025-12-30 15:27:20+05:30,3253.7,28,3250.58,2775821,52955.0,78785.0,3250.0,3267.5,3239.5,3251.5,46739875,3576.6,2926.4,4322.95,2866.6,3251.9,292,6,3251.8,200,1,3251.7,616,15,3251.6,416,3,3251.5,289,9,3253.4,175,1,3253.7,26,2,3253.8,10,1,3254.2,24,3,3254.3,46,1
11536,2025-12-30 15:27:20+05:30,3254.5,90,3250.58,2775821,52955.0,78785.0,3250.0,3267.5,3239.5,3251.5,46739875,3576.6,2926.4,4322.95,2866.6,3251.9,292,6,3251.8,200,1,3251.7,616,15,3251.6,416,3,3251.5,289,9,3253.4,175,1,3253.7,26,2,3253.8,10,1,3254.2,24,3,3254.3,46,1
11536,2025-12-30 15:27:22+05:30,3254.5,90,3250.58,2775821,52955.0,78785.0,3250.0,3267.5,3239.5,3251.5,46739875,3576.6,2926.4,4322.95,2866.6,3251.9,292,6,3251.8,200,1,3251.7,616,15,3251.6,416,3,3251.5,289,9,3253.4,175,1,3253.7,26,2,3253.8,10,1,3254.2,24,3,3254.3,46,1
11536,2025-12-30 15:27:22+05:30,3252.6,13,3250.58,2777902,53480.0,79226.0,3250.0,3267.5,3239.5,3251.5,46739875,3576.6,2926.4,4322.95,2866.6,3252.6,395,4,3252.4,80,2,3252.3,15,3,3252.0,61,2,3251.9,847,24,3253.4,1,1,3253.7,1,1,3254.5,175,1,3254.8,216,1,3254.9,1183,2
11536,2025-12-30 15:27:28+05:30,3253.5,1,3250.58,2777902,53480.0,79226.0,3250.0,3267.5,3239.5,3251.5,46739875,3576.6,2926.4,4322.95,2866.6,3252.6,395,4,3252.4,80,2,3252.3,15,3,3252.0,61,2,3251.9,847,24,3253.4,1,1,3253.7,1,1,3254.5,175,1,3254.8,216,1,3254.9,1183,2
11536,2025-12-30 15:27:28+05:30,3253.5,1,3250.58,2778706,53063.0,78842.0,3250.0,3267.5,3239.5,3251.5,46739875,3576.6,2926.4,4322.95,2866.6,3253.5,87,2,3253.4,47,2,3253.0,553,5,3252.9,34,1,3252.7,74,2,3254.1,225,1,3254.8,18,2,3254.9,1173,2,3255.0,212,15,3255.1,175,1
11536,2025-12-30 15:27:29+05:30,3253.5,28,3250.58,2778706,53063.0,78842.0,3250.0,3267.5,3239.5,3251.5,46739875,3576.6,2926.4,4322.95,2866.6,3253.5,87,2,3253.4,47,2,3253.0,553,5,3252.9,34,1,3252.7,74,2,3254.1,225,1,3254.8,18,2,3254.9,1173,2,3255.0,212,15,3255.1,175,1
11536,2025-12-30 15:27:29+05:30,3254.1,8,3250.58,2778754,53102.0,77608.0,3250.0,3267.5,3239.5,3251.5,46739875,3576.6,2926.4,4322.95,2866.6,3253.5,749,25,3253.4,46,1,3253.0,553,5,3252.9,34,1,3252.7,80,3,3254.1,216,1,3254.8,18,2,3254.9,1173,2,3255.0,212,15,3255.1,175,1
11536,2025-12-30 15:27:30+05:30,3253.5,11,3250.58,2778754,53102.0,77608.0,3250.0,3267.5,3239.5,3251.5,46739875,3576.6,2926.4,4322.95,2866.6,3253.5,749,25,3253.4,46,1,3253.0,553,5,3252.9,34,1,3252.7,80,3,3254.1,216,1,3254.8,18,2,3254.9,1173,2,3255.0,212,15,3255.1,175,1
11536,2025-12-30 15:27:30+05:30,3253.5,4,3250.58,2778945,53007.0,79277.0,3250.0,3267.5,3239.5,3251.5,46739875,3576.6,2926.4,4322.95,2866.6,3253.5,583,14,3253.4,46,1,3253.0,553,5,3252.9,34,1,3252.8,27,1,3254.1,211,1,3254.8,18,2,3254.9,1173,2,3255.0,212,15,3255.1,175,1
11536,2025-12-30 15:27:31+05:30,3253.8,4,3250.58,2778945,53007.0,79277.0,3250.0,3267.5,3239.5,3251.5,46739875,3576.6,2926.4,4322.95,2866.6,3253.5,583,14,3253.4,46,1,3253.0,553,5,3252.9,34,1,3252.8,27,1,3254.1,211,1,3254.8,18,2,3254.9,1173,2,3255.0,212,15,3255.1,175,1
11536,2025-12-30 15:27:31+05:30,3253.8,4,3250.58,2780196,53085.0,77291.0,3250.0,3267.5,3239.5,3251.5,46739875,3576.6,2926.4,4322.95,2866.6,3253.8,38,1,3253.6,55,2,3253.5,954,16,3253.0,578,6,3252.9,34,1,3254.9,705,3,3255.0,212,15,3255.1,177,2,3255.3,778,2,3255.7,12,2
11536,2025-12-30 15:27:32+05:30,3253.8,1,3250.58,2780196,53085.0,77291.0,3250.0,3267.5,3239.5,3251.5,46739875,3576.6,2926.4,4322.95,2866.6,3253.8,38,1,3253.6,55,2,3253.5,954,16,3253.0,578,6,3252.9,34,1,3254.9,705,3,3255.0,212,15,3255.1,177,2,3255.3,778,2,3255.7,12,2
11536,2025-12-30 15:27:32+05:30,3254.1,1,3250.58,2780281,53127.0,78799.0,3250.0,3267.5,3239.5,3251.5,46739875,3576.6,2926.4,4322.95,2866.6,3253.8,589,14,3253.7,83,1,3253.6,46,1,3253.5,440,4,3253.1,46,1,3254.1,5,2,3254.3,200,1,3254.9,706,4,3255.0,212,15,3255.1,2,1
11536,2025-12-30 15:27:33+05:30,3254.3,130,3250.58,2780281,53127.0,78799.0,3250.0,3267.5,3239.5,3251.5,46739875,3576.6,2926.4,4322.95,2866.6,3253.8,589,14,3253.7,83,1,3253.6,46,1,3253.5,440,4,3253.1,46,1,3254.1,5,2,3254.3,200,1,3254.9,706,4,3255.0,212,15,3255.1,2,1
11536,2025-12-30 15:27:33+05:30,3254.6,1,3250.58,2781015,52844.0,79100.0,3250.0,3267.5,3239.5,3251.5,46739875,3576.6,2926.4,4322.95,2866.6,3254.6,19,1,3254.0,46,1,3253.9,55,2,3253.8,565,12,3253.7,84,1,3254.9,623,3,3255.0,212,15,3255.1,177,2,3255.3,778,2,3255.7,12,2
11536,2025-12-30 15:27:34+05:30,3253.8,18,3250.58,2781015,52844.0,79100.0,3250.0,3267.5,3239.5,3251.5,46739875,3576.6,2926.4,4322.95,2866.6,3254.6,19,1,3254.0,46,1,3253.9,55,2,3253.8,565,12,3253.7,84,1,3254.9,623,3,3255.0,212,15,3255.1,177,2,3255.3,778,2,3255.7,12,2
11536,2025-12-30 15:27:34+05:30,3254.9,2,3250.58,2782177,51981.0,77345.0,3250.0,3267.5,3239.5,3251.5,46739875,3576.6,2926.4,4322.95,2866.6,3254.0,9,1,3253.9,4,1,3253.8,107,2,3253.5,422,2,3253.2,5,1,3254.9,609,3,3255.0,212,15,3255.1,177,2,3255.3,789,3,3255.7,1,1
11536,2025-12-30 15:27:35+05:30,3254.0,9,3250.58,2782177,51981.0,77345.0,3250.0,3267.5,3239.5,3251.5,46739875,3576.6,2926.4,4322.95,2866.6,3254.0,9,1,3253.9,4,1,3253.8,107,2,3253.5,422,2,3253.2,5,1,3254.9,609,3,3255.0,212,15,3255.1,177,2,3255.3,789,3,3255.7,1,1
11536,2025-12-30 15:27:36+05:30,3254.0,9,3250.58,2782186,52141.0,76731.0,3250.0,3267.5,3239.5,3251.5,46739875,3576.6,2926.4,4322.95,2866.6,3254.1,96,2,3254.0,30,5,3253.9,4,1,3253.8,57,1,3253.5,422,2,3254.9,609,3,3255.0,222,16,3255.1,2,1,3255.3,778,2,3255.7,12,2
11536,2025-12-30 15:27:37+05:30,3254.9,14,3250.58,2782200,51674.0,78120.0,3250.0,3267.5,3239.5,3251.5,46739875,3576.6,2926.4,4322.95,2866.6,3254.1,435,4,3254.0,30,5,3253.9,4,1,3253.8,57,1,3253.4,5,1,3254.9,595,3,3255.0,222,16,3255.1,13,2,3255.3,778,2,3255.7,1,1
11536,2025-12-30 15:27:37+05:30,3254.9,8,3250.58,2782200,51674.0,78120.0,3250.0,3267.5,3239.5,3251.5,46739875,3576.6,2926.4,4322.95,2866.6,3254.1,435,4,3254.0,30,5,3253.9,4,1,3253.8,57,1,3253.4,5,1,3254.9,595,3,3255.0,222,16,3255.1,13,2,3255.3,778,2,3255.7,1,1
11536,2025-12-30 15:27:38+05:30,3254.9,78,3250.59,2782721,51886.0,77612.0,3250.0,3267.5,3239.5,3251.5,46739875,3576.6,2926.4,4322.95,2866.6,3254.4,9,1,3254.3,4,1,3254.2,115,2,3254.1,436,5,3254.0,21,4,3254.9,88,4,3255.0,222,16,3255.1,2,1,3255.3,778,2,3255.7,12,2
11536,2025-12-30 15:27:38+05:30,3254.9,78,3250.59,2782721,51886.0,77612.0,3250.0,3267.5,3239.5,3251.5,46739875,3576.6,2926.4,4322.95,2866.6,3254.4,9,1,3254.3,4,1,3254.2,115,2,3254.1,436,5,3254.0,21,4,3254.9,88,4,3255.0,222,16,3255.1,2,1,3255.3,778,2,3255.7,12,2
11536,2025-12-30 15:27:39+05:30,3254.2,1,3250.59,2782721,51886.0,77612.0,3250.0,3267.5,3239.5,3251.5,46739875,3576.6,2926.4,4322.95,2866.6,3254.4,9,1,3254.3,4,1,3254.2,115,2,3254.1,436,5,3254.0,21,4,3254.9,88,4,3255.0,222,16,3255.1,2,1,3255.3,778,2,3255.7,12,2
11536,2025-12-30 15:27:39+05:30,3254.2,1,3250.59,2783005,50349.0,77378.0,3250.0,3267.5,3239.5,3251.5,46739875,3576.6,2926.4,4322.95,2866.6,3254.2,89,2,3254.1,413,5,3254.0,73,1,3253.5,6,2,3252.7,73,2,3254.4,4,1,3254.9,25,3,3255.0,222,16,3255.1,2,1,3255.3,789,3
11536,2025-12-30 15:27:40+05:30,3254.2,1,3250.59,2783005,50349.0,77378.0,3250.0,3267.5,3239.5,3251.5,46739875,3576.6,2926.4,4322.95,2866.6,3254.2,89,2,3254.1,413,5,3254.0,73,1,3253.5,6,2,3252.7,73,2,3254.4,4,1,3254.9,25,3,3255.0,222,16,3255.1,2,1,3255.3,789,3
11536,2025-12-30 15:27:40+05:30,3254.3,4,3250.59,2783060,50505.0,74656.0,3250.0,3267.5,3239.5,3251.5,46739875,3576.6,2926.4,4322.95,2866.6,3254.2,321,5,3254.1,341,3,3254.0,107,2,3253.5,6,2,3252.7,72,2,3254.3,3,1,3254.4,4,1,3254.9,25,3,3255.0,222,16,3255.1,2,1
11536,2025-12-30 15:27:41+05:30,3254.4,16,3250.59,2783060,50505.0,74656.0,3250.0,3267.5,3239.5,3251.5,46739875,3576.6,2926.4,4322.95,2866.6,3254.2,321,5,3254.1,341,3,3254.0,107,2,3253.5,6,2,3252.7,72,2,3254.3,3,1,3254.4,4,1,3254.9,25,3,3255.0,222,16,3255.1,2,1
11536,2025-12-30 15:27:41+05:30,3254.4,9,3250.59,2783315,50542.0,76384.0,3250.0,3267.5,3239.5,3251.5,46739875,3576.6,2926.4,4322.95,2866.6,3254.4,67,5,3254.3,1,1,3254.2,392,6,3254.1,338,1,3254.0,33,1,3255.0,222,16,3255.3,778,2,3255.4,1,1,3255.7,12,2,3255.8,11,1
11536,2025-12-30 15:27:42+05:30,3255.0,9,3250.59,2783315,50542.0,76384.0,3250.0,3267.5,3239.5,3251.5,46739875,3576.6,2926.4,4322.95,2866.6,3254.4,67,5,3254.3,1,1,3254.2,392,6,3254.1,338,1,3254.0,33,1,3255.0,222,16,3255.3,778,2,3255.4,1,1,3255.7,12,2,3255.8,11,1
11536,2025-12-30 15:27:42+05:30,3254.4,6,3250.59,2784292,50894.0,76349.0,3250.0,3267.5,3239.5,3251.5,46739875,3576.6,2926.4,4322.95,2866.6,3254.4,327,7,3254.3,2,1,3254.2,386,5,3254.1,338,1,3254.0,37,2,3255.0,2,1,3255.3,779,3,3255.7,11,2,3255.8,11,1,3256.0,12,2
11536,2025-12-30 15:27:43+05:30,3254.4,1,3250.59,2784292,50894.0,76349.0,3250.0,3267.5,3239.5,3251.5,46739875,3576.6,2926.4,4322.95,2866.6,3254.4,327,7,3254.3,2,1,3254.2,386,5,3254.1,338,1,3254.0,37,2,3255.0,2,1,3255.3,779,3,3255.7,11,2,3255.8,11,1,3256.0,12,2
11536,2025-12-30 15:27:43+05:30,3254.4,1,3250.59,2784313,50860.0,76349.0,3250.0,3267.5,3239.5,3251.5,46739875,3576.6,2926.4,4322.95,2866.6,3254.4,290,4,3254.3,1,1,3254.2,386,5,3254.1,338,1,3254.0,37,2,3255.0,2,1,3255.3,779,3,3255.7,11,2,3255.8,11,1,3256.0,1,1
11536,2025-12-30 15:27:44+05:30,3254.7,3,3250.59,2784313,50860.0,76349.0,3250.0,3267.5,3239.5,3251.5,46739875,3576.6,2926.4,4322.95,2866.6,3254.4,290,4,3254.3,1,1,3254.2,386,5,3254.1,338,1,3254.0,37,2,3255.0,2,1,3255.3,779,3,3255.7,11,2,3255.8,11,1,3256.0,1,1
11536,2025-12-30 15:27:44+05:30,3255.0,1,3250.59,2784334,50782.0,76095.0,3250.0,3267.5,3239.5,3251.5,46739875,3576.6,2926.4,4322.95,2866.6,3255.0,22,2,3254.7,47,1,3254.4,326,5,3254.2,353,3,3254.1,364,2,3255.3,778,2,3255.5,1,1,3255.7,11,2,3255.8,11,1,3256.0,1,1
11536,2025-12-30 15:27:45+05:30,3255.0,10,3250.59,2784334,50782.0,76095.0,3250.0,3267.5,3239.5,3251.5,46739875,3576.6,2926.4,4322.95,2866.6,3255.0,22,2,3254.7,47,1,3254.4,326,5,3254.2,353,3,3254.1,364,2,3255.3,778,2,3255.5,1,1,3255.7,11,2,3255.8,11,1,3256.0,1,1
11536,2025-12-30 15:27:45+05:30,3254.4,42,3250.59,2785023,50278.0,76213.0,3250.0,3267.5,3239.5,3251.5,46739875,3576.6,2926.4,4322.95,2866.6,3254.4,54,1,3254.3,1,1,3254.2,311,2,3254.1,338,1,3254.0,64,4,3255.3,722,2,3255.7,11,2,3255.8,11,1,3256.0,12,2,3256.9,340,1
11536,2025-12-30 15:27:46+05:30,3254.4,42,3250.59,2785023,50278.0,76213.0,3250.0,3267.5,3239.5,3251.5,46739875,3576.6,2926.4,4322.95,2866.6,3254.4,54,1,3254.3,1,1,3254.2,311,2,3254.1,338,1,3254.0,64,4,3255.3,722,2,3255.7,11,2,3255.8,11,1,3256.0,12,2,3256.9,340,1
11536,2025-12-30 15:27:47+05:30,3254.4,1,3250.59,2785181,50770.0,76087.0,3250.0,3267.5,3239.5,3251.5,46739875,3576.6,2926.4,4322.95,2866.6,3254.4,445,3,3254.3,1,1,3254.2,311,2,3254.1,338,1,3254.0,110,5,3255.3,767,3,3255.7,1,1,3255.8,22,2,3256.0,1,1,3256.3,2,1
11536,2025-12-30 15:27:47+05:30,3254.4,1,3250.59,2785181,50770.0,76087.0,3250.0,3267.5,3239.5,3251.5,46739875,3576.6,2926.4,4322.95,2866.6,3254.4,445,3,3254.3,1,1,3254.2,311,2,3254.1,338,1,3254.0,110,5,3255.3,767,3,3255.7,1,1,3255.8,22,2,3256.0,1,1,3256.3,2,1
11536,2025-12-30 15:27:48+05:30,3254.9,1,3250.59,2785182,50591.0,76092.0,3250.0,3267.5,3239.5,3251.5,46739875,3576.6,2926.4,4322.95,2866.6,3254.4,446,4,3254.3,1,1,3254.2,311,2,3254.1,338,1,3254.0,64,4,3255.3,772,5,3255.7,1,1,3255.8,22,2,3256.0,1,1,3256.3,2,1
11536,2025-12-30 15:27:48+05:30,3254.9,1,3250.59,2785182,50591.0,76092.0,3250.0,3267.5,3239.5,3251.5,46739875,3576.6,2926.4,4322.95,2866.6,3254.4,446,4,3254.3,1,1,3254.2,311,2,3254.1,338,1,3254.0,64,4,3255.3,772,5,3255.7,1,1,3255.8,22,2,3256.0,1,1,3256.3,2,1
11536,2025-12-30 15:27:49+05:30,3255.0,400,3250.59,2785624,50757.0,74691.0,3250.0,3267.5,3239.5,3251.5,46739875,3576.6,2926.4,4322.95,2866.6,3254.4,437,6,3254.2,311,2,3254.1,338,1,3254.0,64,4,3253.9,5,1,3255.3,770,5,3255.4,1,1,3255.7,1,1,3255.8,22,2,3256.0,1,1
11536,2025-12-30 15:27:49+05:30,3255.0,400,3250.59,2785624,50757.0,74691.0,3250.0,3267.5,3239.5,3251.5,46739875,3576.6,2926.4,4322.95,2866.6,3254.4,437,6,3254.2,311,2,3254.1,338,1,3254.0,64,4,3253.9,5,1,3255.3,770,5,3255.4,1,1,3255.7,1,1,3255.8,22,2,3256.0,1,1
11536,2025-12-30 15:27:50+05:30,3254.4,1,3250.59,2785624,50757.0,74691.0,3250.0,3267.5,3239.5,3251.5,46739875,3576.6,2926.4,4322.95,2866.6,3254.4,437,6,3254.2,311,2,3254.1,338,1,3254.0,64,4,3253.9,5,1,3255.3,770,5,3255.4,1,1,3255.7,1,1,3255.8,22,2,3256.0,1,1
11536,2025-12-30 15:27:50+05:30,3254.4,16,3250.59,2786092,50704.0,76139.0,3250.0,3267.5,3239.5,3251.5,46739875,3576.6,2926.4,4322.95,2866.6,3254.4,384,7,3254.2,311,2,3254.1,338,1,3254.0,64,4,3253.9,5,1,3255.3,458,5,3255.4,1,1,3255.5,10,1,3255.7,1,1,3255.8,22,2
11536,2025-12-30 15:27:51+05:30,3254.4,31,3250.59,2786092,50704.0,76139.0,3250.0,3267.5,3239.5,3251.5,46739875,3576.6,2926.4,4322.95,2866.6,3254.4,384,7,3254.2,311,2,3254.1,338,1,3254.0,64,4,3253.9,5,1,3255.3,458,5,3255.4,1,1,3255.5,10,1,3255.7,1,1,3255.8,22,2
11536,2025-12-30 15:27:51+05:30,3254.4,31,3250.59,2786137,50682.0,73930.0,3250.0,3267.5,3239.5,3251.5,46739875,3576.6,2926.4,4322.95,2866.6,3254.4,811,10,3254.2,311,2,3254.1,338,1,3254.0,69,5,3253.3,46,1,3255.0,54,1,3255.3,468,5,3255.4,3,2,3255.5,21,2,3255.7,1,1
11536,2025-12-30 15:27:52+05:30,3254.4,2,3250.59,2786137,50682.0,73930.0,3250.0,3267.5,3239.5,3251.5,46739875,3576.6,2926.4,4322.95,2866.6,3254.4,811,10,3254.2,311,2,3254.1,338,1,3254.0,69,5,3253.3,46,1,3255.0,54,1,3255.3,468,5,3255.4,3,2,3255.5,21,2,3255.7,1,1
11536,2025-12-30 15:27:52+05:30,3254.4,14,3250.59,2786964,48914.0,75656.0,3250.0,3267.5,3239.5,3251.5,46739875,3576.6,2926.4,4322.95,2866.6,3254.4,270,2,3254.2,311,2,3254.1,338,1,3254.0,69,5,3253.3,46,1,3255.0,106,3,3255.3,466,5,3255.4,1,1,3255.5,10,1,3255.7,1,1
11536,2025-12-30 15:27:53+05:30,3254.4,2,3250.59,2786964,48914.0,75656.0,3250.0,3267.5,3239.5,3251.5,46739875,3576.6,2926.4,4322.95,2866.6,3254.4,270,2,3254.2,311,2,3254.1,338,1,3254.0,69,5,3253.3,46,1,3255.0,106,3,3255.3,466,5,3255.4,1,1,3255.5,10,1,3255.7,1,1
11536,2025-12-30 15:27:53+05:30,3254.4,1,3250.59,2787151,50313.0,75753.0,3250.0,3267.5,3239.5,3251.5,46739875,3576.6,2926.4,4322.95,2866.6,3254.4,267,2,3254.2,311,2,3254.1,338,1,3254.0,69,5,3253.3,46,1,3255.0,19,2,3255.3,363,3,3255.5,21,2,3255.7,1,1,3255.8,39,2
11536,2025-12-30 15:27:54+05:30,3255.0,3,3250.59,2787151,50313.0,75753.0,3250.0,3267.5,3239.5,3251.5,46739875,3576.6,2926.4,4322.95,2866.6,3254.4,267,2,3254.2,311,2,3254.1,338,1,3254.0,69,5,3253.3,46,1,3255.0,19,2,3255.3,363,3,3255.5,21,2,3255.7,1,1,3255.8,39,2
11536,2025-12-30 15:27:54+05:30,3254.4,156,3250.59,2787363,50127.0,74175.0,3250.0,3267.5,3239.5,3251.5,46739875,3576.6,2926.4,4322.95,2866.6,3254.4,81,3,3254.2,311,2,3254.1,338,1,3254.0,69,5,3253.3,46,1,3255.0,16,2,3255.2,2,1,3255.3,361,2,3255.5,21,2,3255.7,1,1
11536,2025-12-30 15:27:55+05:30,3255.3,14,3250.59,2787363,50127.0,74175.0,3250.0,3267.5,3239.5,3251.5,46739875,3576.6,2926.4,4322.95,2866.6,3254.4,81,3,3254.2,311,2,3254.1,338,1,3254.0,69,5,3253.3,46,1,3255.0,16,2,3255.2,2,1,3255.3,361,2,3255.5,21,2,3255.7,1,1
11536,2025-12-30 15:27:55+05:30,3254.4,1,3250.59,2787402,49807.0,74137.0,3250.0,3267.5,3239.5,3251.5,46739875,3576.6,2926.4,4322.95,2866.6,3254.4,115,4,3254.2,311,2,3254.1,338,1,3254.0,68,4,3253.3,46,1,3255.3,341,2,3255.5,10,1,3255.7,12,2,3255.8,39,2,3256.0,1,1
11536,2025-12-30 15:27:56+05:30,3255.3,221,3250.59,2787402,49807.0,74137.0,3250.0,3267.5,3239.5,3251.5,46739875,3576.6,2926.4,4322.95,2866.6,3254.4,115,4,3254.2,311,2,3254.1,338,1,3254.0,68,4,3253.3,46,1,3255.3,341,2,3255.5,10,1,3255.7,12,2,3255.8,39,2,3256.0,1,1
11536,2025-12-30 15:27:56+05:30,3255.3,221,3250.59,2787640,49965.0,74186.0,3250.0,3267.5,3239.5,3251.5,46739875,3576.6,2926.4,4322.95,2866.6,3254.4,99,4,3254.2,311,2,3254.1,338,1,3254.0,68,4,3253.3,46,1,3255.3,119,2,3255.5,10,1,3255.7,12,2,3255.8,39,2,3256.0,1,1
11536,2025-12-30 15:27:57+05:30,3254.4,3,3250.59,2787640,49965.0,74186.0,3250.0,3267.5,3239.5,3251.5,46739875,3576.6,2926.4,4322.95,2866.6,3254.4,99,4,3254.2,311,2,3254.1,338,1,3254.0,68,4,3253.3,46,1,3255.3,119,2,3255.5,10,1,3255.7,12,2,3255.8,39,2,3256.0,1,1
11536,2025-12-30 15:27:57+05:30,3254.4,2,3250.59,2787645,51635.0,73913.0,3250.0,3267.5,3239.5,3251.5,46739875,3576.6,2926.4,4322.95,2866.6,3254.4,323,7,3254.2,311,2,3254.1,338,1,3254.0,68,4,3253.3,46,1,3255.3,119,2,3255.5,10,1,3255.7,12,2,3255.8,39,2,3256.0,1,1
11536,2025-12-30 15:27:58+05:30,3254.4,2,3250.59,2787645,51635.0,73913.0,3250.0,3267.5,3239.5,3251.5,46739875,3576.6,2926.4,4322.95,2866.6,3254.4,323,7,3254.2,311,2,3254.1,338,1,3254.0,68,4,3253.3,46,1,3255.3,119,2,3255.5,10,1,3255.7,12,2,3255.8,39,2,3256.0,1,1
11536,2025-12-30 15:27:59+05:30,3254.4,3,3250.59,2787685,51466.0,73938.0,3250.0,3267.5,3239.5,3251.5,46739875,3576.6,2926.4,4322.95,2866.6,3254.4,329,6,3254.2,311,2,3254.1,343,2,3254.0,63,3,3253.3,46,1,3255.3,144,4,3255.5,10,1,3255.7,12,2,3255.8,39,2,3256.0,1,1
11536,2025-12-30 15:27:59+05:30,3254.4,3,3250.59,2787685,51466.0,73938.0,3250.0,3267.5,3239.5,3251.5,46739875,3576.6,2926.4,4322.95,2866.6,3254.4,329,6,3254.2,311,2,3254.1,343,2,3254.0,63,3,3253.3,46,1,3255.3,144,4,3255.5,10,1,3255.7,12,2,3255.8,39,2,3256.0,1,1
11536,2025-12-30 15:28:00+05:30,3255.5,5,3250.59,2787948,51629.0,72489.0,3250.0,3267.5,3239.5,3251.5,46739875,3576.6,2926.4,4322.95,2866.6,3254.4,317,6,3254.2,311,2,3254.1,343,2,3254.0,63,3,3253.3,46,1,3255.5,240,2,3255.7,1,1,3255.8,39,2,3256.0,12,2,3256.9,2,1
11536,2025-12-30 15:28:00+05:30,3254.4,25,3250.59,2787948,51629.0,72489.0,3250.0,3267.5,3239.5,3251.5,46739875,3576.6,2926.4,4322.95,2866.6,3254.4,317,6,3254.2,311,2,3254.1,343,2,3254.0,63,3,3253.3,46,1,3255.5,240,2,3255.7,1,1,3255.8,39,2,3256.0,12,2,3256.9,2,1
11536,2025-12-30 15:28:01+05:30,3254.6,27,3250.62,2797524,48725.0,67946.0,3250.0,3267.5,3239.5,3251.5,46739875,3576.6,2926.4,4322.95,2866.6,3254.9,340,1,3254.5,611,4,3253.4,1,1,3253.2,1,1,3252.6,1,1,3256.1,166,1,3256.8,7,1,3258.4,46,1,3258.5,27,1,3258.8,175,1
11536,2025-12-30 15:28:01+05:30,3254.8,47,3250.62,2797524,48725.0,67946.0,3250.0,3267.5,3239.5,3251.5,46739875,3576.6,2926.4,4322.95,2866.6,3254.9,340,1,3254.5,611,4,3253.4,1,1,3253.2,1,1,3252.6,1,1,3256.1,166,1,3256.8,7,1,3258.4,46,1,3258.5,27,1,3258.8,175,1
11536,2025-12-30 15:28:02+05:30,3254.4,9,3250.63,2799396,48155.0,68960.0,3250.0,3267.5,3239.5,3251.5,46739875,3576.6,2926.4,4322.95,2866.6,3254.4,24,2,3253.6,6,1,3253.5,30,1,3253.4,1,1,3253.2,1,1,3254.8,294,3,3255.4,46,1,3255.5,178,2,3255.7,263,1,3256.0,159,1
11536,2025-12-30 15:28:02+05:30,3254.4,1,3250.63,2799396,48155.0,68960.0,3250.0,3267.5,3239.5,3251.5,46739875,3576.6,2926.4,4322.95,2866.6,3254.4,24,2,3253.6,6,1,3253.5,30,1,3253.4,1,1,3253.2,1,1,3254.8,294,3,3255.4,46,1,3255.5,178,2,3255.7,263,1,3256.0,159,1
11536,2025-12-30 15:28:03+05:30,3253.5,1,3250.63,2799396,48155.0,68960.0,3250.0,3267.5,3239.5,3251.5,46739875,3576.6,2926.4,4322.95,2866.6,3254.4,24,2,3253.6,6,1,3253.5,30,1,3253.4,1,1,3253.2,1,1,3254.8,294,3,3255.4,46,1,3255.5,178,2,3255.7,263,1,3256.0,159,1
11536,2025-12-30 15:28:03+05:30,3254.4,1,3250.63,2799644,49611.0,68510.0,3250.0,3267.5,3239.5,3251.5,46739875,3576.6,2926.4,4322.95,2866.6,3253.5,30,2,3253.4,1,1,3253.2,1,1,3252.8,1,1,3252.7,46,1,3254.4,277,3,3254.8,178,2,3254.9,263,1,3255.2,46,1,3255.3,4,2
11536,2025-12-30 15:28:04+05:30,3254.4,2,3250.63,2799644,49611.0,68510.0,3250.0,3267.5,3239.5,3251.5,46739875,3576.6,2926.4,4322.95,2866.6,3253.5,30,2,3253.4,1,1,3253.2,1,1,3252.8,1,1,3252.7,46,1,3254.4,277,3,3254.8,178,2,3254.9,263,1,3255.2,46,1,3255.3,4,2
11536,2025-12-30 15:28:04+05:30,3254.4,2,3250.63,2799696,49655.0,68462.0,3250.0,3267.5,3239.5,3251.5,46739875,3576.6,2926.4,4322.95,2866.6,3253.5,30,2,3253.4,1,1,3253.2,1,1,3252.8,1,1,3252.7,46,1,3254.4,229,3,3254.8,178,2,3254.9,263,1,3255.2,46,1,3255.3,4,2
11536,2025-12-30 15:28:05+05:30,3253.5,1,3250.63,2799726,49320.0,68459.0,3250.0,3267.5,3239.5,3251.5,46739875,3576.6,2926.4,4322.95,2866.6,3253.5,31,2,3253.4,1,1,3252.6,1,1,3252.4,1,1,3252.1,46,1,3254.4,229,3,3254.8,224,3,3254.9,263,1,3255.3,1,1,3255.9,340,1
11536,2025-12-30 15:28:06+05:30,3254.3,30,3250.63,2799726,49320.0,68459.0,3250.0,3267.5,3239.5,3251.5,46739875,3576.6,2926.4,4322.95,2866.6,3253.5,31,2,3253.4,1,1,3252.6,1,1,3252.4,1,1,3252.1,46,1,3254.4,229,3,3254.8,224,3,3254.9,263,1,3255.3,1,1,3255.9,340,1
11536,2025-12-30 15:28:06+05:30,3254.3,30,3250.63,2799757,49289.0,68104.0,3250.0,3267.5,3239.5,3251.5,46739875,3576.6,2926.4,4322.95,2866.6,3253.4,1,1,3252.8,45,1,3252.7,1,1,3252.6,1,1,3252.4,1,1,3254.2,195,2,3254.4,20,3,3254.8,178,2,3254.9,263,1,3255.9,46,1
11536,2025-12-30 15:28:07+05:30,3253.5,1,3250.63,2799757,49289.0,68104.0,3250.0,3267.5,3239.5,3251.5,46739875,3576.6,2926.4,4322.95,2866.6,3253.4,1,1,3252.8,45,1,3252.7,1,1,3252.6,1,1,3252.4,1,1,3254.2,195,2,3254.4,20,3,3254.8,178,2,3254.9,263,1,3255.9,46,1
11536,2025-12-30 15:28:07+05:30,3253.5,1,3250.63,2799758,49612.0,68444.0,3250.0,3267.5,3239.5,3251.5,46739875,3576.6,2926.4,4322.95,2866.6,3253.5,15,2,3253.4,1,1,3252.7,45,1,3252.6,1,1,3252.4,1,1,3254.2,195,2,3254.4,20,3,3254.8,178,2,3254.9,263,1,3255.8,46,1
11536,2025-12-30 15:28:08+05:30,3254.4,14,3250.63,2799758,49612.0,68444.0,3250.0,3267.5,3239.5,3251.5,46739875,3576.6,2926.4,4322.95,2866.6,3253.5,15,2,3253.4,1,1,3252.7,45,1,3252.6,1,1,3252.4,1,1,3254.2,195,2,3254.4,20,3,3254.8,178,2,3254.9,263,1,3255.8,46,1
11536,2025-12-30 15:28:08+05:30,3254.4,14,3250.63,2800022,49796.0,68637.0,3250.0,3267.5,3239.5,3251.5,46739875,3576.6,2926.4,4322.95,2866.6,3254.4,8,1,3253.5,16,3,3253.4,1,1,3252.7,45,1,3252.6,1,1,3254.9,249,2,3255.0,425,2,3255.8,46,1,3255.9,340,1,3256.0,159,1
11536,2025-12-30 15:28:09+05:30,3254.4,1,3250.63,2800022,49796.0,68637.0,3250.0,3267.5,3239.5,3251.5,46739875,3576.6,2926.4,4322.95,2866.6,3254.4,8,1,3253.5,16,3,3253.4,1,1,3252.7,45,1,3252.6,1,1,3254.9,249,2,3255.0,425,2,3255.8,46,1,3255.9,340,1,3256.0,159,1
11536,2025-12-30 15:28:09+05:30,3254.4,8,3250.63,2800106,49772.0,68241.0,3250.0,3267.5,3239.5,3251.5,46739875,3576.6,2926.4,4322.95,2866.6,3253.5,45,1,3253.4,1,1,3252.6,1,1,3252.4,1,1,3252.0,10,1,3254.4,165,2,3254.9,16,1,3255.0,425,2,3256.0,159,1,3256.8,46,1
11536,2025-12-30 15:28:10+05:30,3253.5,3,3250.63,2800106,49772.0,68241.0,3250.0,3267.5,3239.5,3251.5,46739875,3576.6,2926.4,4322.95,2866.6,3253.5,45,1,3253.4,1,1,3252.6,1,1,3252.4,1,1,3252.0,10,1,3254.4,165,2,3254.9,16,1,3255.0,425,2,3256.0,159,1,3256.8,46,1
11536,2025-12-30 15:28:10+05:30,3253.5,1,3250.63,2800127,49763.0,68590.0,3250.0,3267.5,3239.5,3251.5,46739875,3576.6,2926.4,4322.95,2866.6,3252.7,29,1,3252.6,1,1,3252.4,1,1,3252.0,10,1,3251.9,19,1,3253.5,157,1,3253.6,441,3,3254.4,4,1,3254.9,340,1,3255.5,46,1
11536,2025-12-30 15:28:11+05:30,3253.5,30,3250.63,2800127,49763.0,68590.0,3250.0,3267.5,3239.5,3251.5,46739875,3576.6,2926.4,4322.95,2866.6,3252.7,29,1,3252.6,1,1,3252.4,1,1,3252.0,10,1,3251.9,19,1,3253.5,157,1,3253.6,441,3,3254.4,4,1,3254.9,340,1,3255.5,46,1
11536,2025-12-30 15:28:11+05:30,3252.6,1,3250.63,2800172,49766.0,68535.0,3250.0,3267.5,3239.5,3251.5,46739875,3576.6,2926.4,4322.95,2866.6,3252.0,10,1,3251.9,19,1,3251.7,5,1,3251.6,98,1,3251.5,11,10,3252.6,116,2,3253.6,441,3,3254.8,46,1,3254.9,340,1,3255.0,1675,1
11536,2025-12-30 15:28:12+05:30,3252.6,1,3250.63,2800172,49766.0,68535.0,3250.0,3267.5,3239.5,3251.5,46739875,3576.6,2926.4,4322.95,2866.6,3252.0,10,1,3251.9,19,1,3251.7,5,1,3251.6,98,1,3251.5,11,10,3252.6,116,2,3253.6,441,3,3254.8,46,1,3254.9,340,1,3255.0,1675,1
11536,2025-12-30 15:28:13+05:30,3252.6,2,3250.63,2800190,49861.0,68536.0,3250.0,3267.5,3239.5,3251.5,46739875,3576.6,2926.4,4322.95,2866.6,3252.0,45,3,3251.9,17,2,3251.7,5,1,3251.6,98,1,3251.5,11,10,3252.6,117,2,3253.6,441,3,3254.8,46,1,3254.9,340,1,3255.0,1675,1
11536,2025-12-30 15:28:13+05:30,3252.6,2,3250.63,2800190,49861.0,68536.0,3250.0,3267.5,3239.5,3251.5,46739875,3576.6,2926.4,4322.95,2866.6,3252.0,45,3,3251.9,17,2,3251.7,5,1,3251.6,98,1,3251.5,11,10,3252.6,117,2,3253.6,441,3,3254.8,46,1,3254.9,340,1,3255.0,1675,1
11536,2025-12-30 15:28:14+05:30,3252.6,5,3250.63,2800195,49622.0,68671.0,3250.0,3267.5,3239.5,3251.5,46739875,3576.6,2926.4,4322.95,2866.6,3252.0,45,3,3251.9,16,1,3251.7,5,1,3251.6,98,1,3251.5,12,11,3252.6,126,3,3253.6,441,3,3254.8,47,2,3254.9,340,1,3255.0,1875,2
11536,2025-12-30 15:28:14+05:30,3252.6,5,3250.63,2800195,49622.0,68671.0,3250.0,3267.5,3239.5,3251.5,46739875,3576.6,2926.4,4322.95,2866.6,3252.0,45,3,3251.9,16,1,3251.7,5,1,3251.6,98,1,3251.5,12,11,3252.6,126,3,3253.6,441,3,3254.8,47,2,3254.9,340,1,3255.0,1875,2
11536,2025-12-30 15:28:15+05:30,3252.0,23,3250.63,2800195,49622.0,68671.0,3250.0,3267.5,3239.5,3251.5,46739875,3576.6,2926.4,4322.95,2866.6,3252.0,45,3,3251.9,16,1,3251.7,5,1,3251.6,98,1,3251.5,12,11,3252.6,126,3,3253.6,441,3,3254.8,47,2,3254.9,340,1,3255.0,1875,2
11536,2025-12-30 15:28:15+05:30,3252.0,23,3250.63,2800218,49502.0,68692.0,3250.0,3267.5,3239.5,3251.5,46739875,3576.6,2926.4,4322.95,2866.6,3252.0,22,3,3251.9,16,1,3251.7,5,1,3251.5,12,11,3251.1,1172,1,3252.6,122,2,3253.6,441,3,3254.7,386,2,3254.8,201,2,3255.0,1675,1
11536,2025-12-30 15:28:16+05:30,3252.6,15,3250.63,2800233,49677.0,68674.0,3250.0,3267.5,3239.5,3251.5,46739875,3576.6,2926.4,4322.95,2866.6,3252.0,22,3,3251.9,16,1,3251.7,5,1,3251.5,12,11,3251.2,137,2,3252.6,107,2,3252.7,16,1,3252.8,425,2,3254.7,246,2,3254.8,1,1
11536,2025-12-30 15:28:16+05:30,3252.6,15,3250.63,2800233,49677.0,68674.0,3250.0,3267.5,3239.5,3251.5,46739875,3576.6,2926.4,4322.95,2866.6,3252.0,22,3,3251.9,16,1,3251.7,5,1,3251.5,12,11,3251.2,137,2,3252.6,107,2,3252.7,16,1,3252.8,425,2,3254.7,246,2,3254.8,1,1
11536,2025-12-30 15:28:17+05:30,3252.6,2,3250.63,2800233,49677.0,68674.0,3250.0,3267.5,3239.5,3251.5,46739875,3576.6,2926.4,4322.95,2866.6,3252.0,22,3,3251.9,16,1,3251.7,5,1,3251.5,12,11,3251.2,137,2,3252.6,107,2,3252.7,16,1,3252.8,425,2,3254.7,246,2,3254.8,1,1
11536,2025-12-30 15:28:17+05:30,3252.6,2,3250.63,2800240,49890.0,68620.0,3250.0,3267.5,3239.5,3251.5,46739875,3576.6,2926.4,4322.95,2866.6,3252.0,181,4,3251.9,70,2,3251.7,5,1,3251.6,29,1,3251.5,12,11,3252.6,151,4,3252.7,17,2,3252.8,425,2,3254.5,46,1,3254.6,340,1
11536,2025-12-30 15:28:18+05:30,3252.6,2,3250.63,2800240,49943.0,68890.0,3250.0,3267.5,3239.5,3251.5,46739875,3576.6,2926.4,4322.95,2866.6,3252.0,189,9,3251.9,70,2,3251.7,5,1,3251.6,29,1,3251.5,12,11,3252.6,151,4,3252.7,17,2,3252.8,425,2,3254.3,46,1,3254.4,340,1
11536,2025-12-30 15:28:19+05:30,3252.6,1,3250.63,2800240,49943.0,68890.0,3250.0,3267.5,3239.5,3251.5,46739875,3576.6,2926.4,4322.95,2866.6,3252.0,189,9,3251.9,70,2,3251.7,5,1,3251.6,29,1,3251.5,12,11,3252.6,151,4,3252.7,17,2,3252.8,425,2,3254.3,46,1,3254.4,340,1
11536,2025-12-30 15:28:19+05:30,3252.6,1,3250.63,2800282,49923.0,68887.0,3250.0,3267.5,3239.5,3251.5,46739875,3576.6,2926.4,4322.95,2866.6,3252.0,168,7,3251.9,70,2,3251.7,5,1,3251.6,29,1,3251.5,12,11,3252.6,148,4,3252.7,17,2,3252.8,425,2,3254.3,46,1,3254.4,340,1
11536,2025-12-30 15:28:20+05:30,3252.6,4,3250.63,2800282,49923.0,68887.0,3250.0,3267.5,3239.5,3251.5,46739875,3576.6,2926.4,4322.95,2866.6,3252.0,168,7,3251.9,70,2,3251.7,5,1,3251.6,29,1,3251.5,12,11,3252.6,148,4,3252.7,17,2,3252.8,425,2,3254.3,46,1,3254.4,340,1
11536,2025-12-30 15:28:20+05:30,3252.6,4,3250.63,2800290,49962.0,68881.0,3250.0,3267.5,3239.5,3251.5,46739875,3576.6,2926.4,4322.95,2866.6,3252.0,165,7,3251.9,70,2,3251.7,5,1,3251.6,29,1,3251.5,12,11,3252.6,142,3,3252.7,17,2,3252.8,425,2,3254.3,46,1,3254.4,340,1
11536,2025-12-30 15:28:21+05:30,3252.0,1,3250.63,2800290,49962.0,68881.0,3250.0,3267.5,3239.5,3251.5,46739875,3576.6,2926.4,4322.95,2866.6,3252.0,165,7,3251.9,70,2,3251.7,5,1,3251.6,29,1,3251.5,12,11,3252.6,142,3,3252.7,17,2,3252.8,425,2,3254.3,46,1,3254.4,340,1
11536,2025-12-30 15:28:21+05:30,3252.0,1,3250.63,2800296,49957.0,68882.0,3250.0,3267.5,3239.5,3251.5,46739875,3576.6,2926.4,4322.95,2866.6,3252.0,160,7,3251.9,70,2,3251.7,5,1,3251.6,29,1,3251.5,12,10,3252.6,143,4,3252.7,17,2,3252.8,425,2,3254.3,46,1,3254.4,340,1
11536,2025-12-30 15:28:22+05:30,3252.3,1,3250.63,2800296,49957.0,68882.0,3250.0,3267.5,3239.5,3251.5,46739875,3576.6,2926.4,4322.95,2866.6,3252.0,160,7,3251.9,70,2,3251.7,5,1,3251.6,29,1,3251.5,12,10,3252.6,143,4,3252.7,17,2,3252.8,425,2,3254.3,46,1,3254.4,340,1
11536,2025-12-30 15:28:22+05:30,3252.3,1,3250.63,2800300,50278.0,68878.0,3250.0,3267.5,3239.5,3251.5,46739875,3576.6,2926.4,4322.95,2866.6,3252.3,321,1,3252.1,108,1,3252.0,160,7,3251.9,70,2,3251.8,29,1,3252.6,140,4,3252.7,16,1,3252.8,425,2,3254.7,386,2,3254.8,201,2
11536,2025-12-30 15:28:23+05:30,3252.3,4,3250.63,2800300,50278.0,68878.0,3250.0,3267.5,3239.5,3251.5,46739875,3576.6,2926.4,4322.95,2866.6,3252.3,321,1,3252.1,108,1,3252.0,160,7,3251.9,70,2,3251.8,29,1,3252.6,140,4,3252.7,16,1,3252.8,425,2,3254.7,386,2,3254.8,201,2
11536,2025-12-30 15:28:23+05:30,3252.3,4,3250.63,2800346,50239.0,68876.0,3250.0,3267.5,3239.5,3251.5,46739875,3576.6,2926.4,4322.95,2866.6,3252.3,275,1,3252.1,108,1,3252.0,167,8,3251.9,70,2,3251.7,5,1,3252.6,138,3,3252.7,16,1,3252.8,425,2,3254.7,386,2,3254.8,201,2
11536,2025-12-30 15:28:24+05:30,3252.6,5,3250.63,2800346,50239.0,68876.0,3250.0,3267.5,3239.5,3251.5,46739875,3576.6,2926.4,4322.95,2866.6,3252.3,275,1,3252.1,108,1,3252.0,167,8,3251.9,70,2,3251.7,5,1,3252.6,138,3,3252.7,16,1,3252.8,425,2,3254.7,386,2,3254.8,201,2
11536,2025-12-30 15:28:24+05:30,3252.6,5,3250.63,2800353,50237.0,68873.0,3250.0,3267.5,3239.5,3251.5,46739875,3576.6,2926.4,4322.95,2866.6,3252.3,275,3,3252.0,165,6,3251.9,70,2,3251.7,5,1,3251.5,12,10,3252.6,133,3,3252.7,16,1,3252.8,425,2,3254.3,46,1,3254.4,2,1
11536,2025-12-30 15:28:25+05:30,3252.3,1,3250.63,2800353,50237.0,68873.0,3250.0,3267.5,3239.5,3251.5,46739875,3576.6,2926.4,4322.95,2866.6,3252.3,275,3,3252.0,165,6,3251.9,70,2,3251.7,5,1,3251.5,12,10,3252.6,133,3,3252.7,16,1,3252.8,425,2,3254.3,46,1,3254.4,2,1
11536,2025-12-30 15:28:25+05:30,3252.3,1,3250.63,2800354,50236.0,68873.0,3250.0,3267.5,3239.5,3251.5,46739875,3576.6,2926.4,4322.95,2866.6,3252.3,274,3,3252.0,185,7,3251.9,70,2,3251.7,5,1,3251.5,12,10,3252.6,133,3,3252.7,16,1,3252.8,425,2,3254.3,46,1,3254.4,2,1
11536,2025-12-30 15:28:26+05:30,3252.6,3,3250.63,2800354,50236.0,68873.0,3250.0,3267.5,3239.5,3251.5,46739875,3576.6,2926.4,4322.95,2866.6,3252.3,274,3,3252.0,185,7,3251.9,70,2,3251.7,5,1,3251.5,12,10,3252.6,133,3,3252.7,16,1,3252.8,425,2,3254.3,46,1,3254.4,2,1
11536,2025-12-30 15:28:26+05:30,3252.6,3,3250.63,2800363,50236.0,68870.0,3250.0,3267.5,3239.5,3251.5,46739875,3576.6,2926.4,4322.95,2866.6,3252.3,300,7,3252.1,1172,1,3252.0,159,4,3251.9,70,2,3251.7,5,1,3252.6,130,4,3252.7,16,1,3252.8,425,2,3254.3,46,1,3254.4,2,1
11536,2025-12-30 15:28:27+05:30,3253.0,138,3250.63,2800363,50236.0,68870.0,3250.0,3267.5,3239.5,3251.5,46739875,3576.6,2926.4,4322.95,2866.6,3252.3,300,7,3252.1,1172,1,3252.0,159,4,3251.9,70,2,3251.7,5,1,3252.6,130,4,3252.7,16,1,3252.8,425,2,3254.3,46,1,3254.4,2,1
11536,2025-12-30 15:28:27+05:30,3253.0,138,3250.63,2800631,51208.0,68831.0,3250.0,3267.5,3239.5,3251.5,46739875,3576.6,2926.4,4322.95,2866.6,3252.4,525,3,3252.3,294,7,3252.1,1655,2,3252.0,159,4,3251.9,70,2,3253.0,92,1,3253.1,16,1,3253.2,425,2,3254.4,2,1,3254.8,1,1
11536,2025-12-30 15:28:28+05:30,3252.4,3,3250.63,2800631,51208.0,68831.0,3250.0,3267.5,3239.5,3251.5,46739875,3576.6,2926.4,4322.95,2866.6,3252.4,525,3,3252.3,294,7,3252.1,1655,2,3252.0,159,4,3251.9,70,2,3253.0,92,1,3253.1,16,1,3253.2,425,2,3254.4,2,1,3254.8,1,1
11536,2025-12-30 15:28:28+05:30,3252.4,40,3250.63,2800674,49543.0,68833.0,3250.0,3267.5,3239.5,3251.5,46739875,3576.6,2926.4,4322.95,2866.6,3252.4,532,10,3252.3,263,4,3252.1,1655,2,3252.0,158,4,3251.9,70,2,3253.0,92,1,3253.1,16,1,3253.2,425,2,3254.4,2,1,3254.8,1,1
11536,2025-12-30 15:28:29+05:30,3252.4,40,3250.63,2800674,49543.0,68833.0,3250.0,3267.5,3239.5,3251.5,46739875,3576.6,2926.4,4322.95,2866.6,3252.4,532,10,3252.3,263,4,3252.1,1655,2,3252.0,158,4,3251.9,70,2,3253.0,92,1,3253.1,16,1,3253.2,425,2,3254.4,2,1,3254.8,1,1
11536,2025-12-30 15:28:30+05:30,3253.0,1,3250.63,2800704,51119.0,68805.0,3250.0,3267.5,3239.5,3251.5,46739875,3576.6,2926.4,4322.95,2866.6,3252.7,1,1,3252.5,2,1,3252.4,532,12,3252.3,260,1,3252.2,1,1,3253.0,78,2,3253.1,16,1,3253.2,425,2,3254.4,2,1,3254.8,47,2
11536,2025-12-30 15:28:30+05:30,3253.0,1,3250.63,2800704,51119.0,68805.0,3250.0,3267.5,3239.5,3251.5,46739875,3576.6,2926.4,4322.95,2866.6,3252.7,1,1,3252.5,2,1,3252.4,532,12,3252.3,260,1,3252.2,1,1,3253.0,78,2,3253.1,16,1,3253.2,425,2,3254.4,2,1,3254.8,47,2
11536,2025-12-30 15:28:31+05:30,3253.0,1,3250.63,2800728,51197.0,68806.0,3250.0,3267.5,3239.5,3251.5,46739875,3576.6,2926.4,4322.95,2866.6,3252.7,79,2,3252.5,2,1,3252.4,532,12,3252.3,260,1,3252.2,1,1,3253.0,54,2,3253.1,16,1,3253.2,425,2,3254.4,2,1,3254.8,1,1
11536,2025-12-30 15:28:31+05:30,3253.0,1,3250.63,2800728,51197.0,68806.0,3250.0,3267.5,3239.5,3251.5,46739875,3576.6,2926.4,4322.95,2866.6,3252.7,79,2,3252.5,2,1,3252.4,532,12,3252.3,260,1,3252.2,1,1,3253.0,54,2,3253.1,16,1,3253.2,425,2,3254.4,2,1,3254.8,1,1
11536,2025-12-30 15:28:32+05:30,3253.2,201,3250.63,2801000,49476.0,68656.0,3250.0,3267.5,3239.5,3251.5,46739875,3576.6,2926.4,4322.95,2866.6,3252.9,27,1,3252.8,420,2,3252.7,98,7,3252.6,2,2,3252.5,29,1,3253.5,230,1,3253.6,224,2,3254.0,1,1,3254.4,2,1,3254.7,46,1
11536,2025-12-30 15:28:32+05:30,3253.2,201,3250.63,2801000,49476.0,68656.0,3250.0,3267.5,3239.5,3251.5,46739875,3576.6,2926.4,4322.95,2866.6,3252.9,27,1,3252.8,420,2,3252.7,98,7,3252.6,2,2,3252.5,29,1,3253.5,230,1,3253.6,224,2,3254.0,1,1,3254.4,2,1,3254.7,46,1
11536,2025-12-30 15:28:33+05:30,3253.3,2,3250.63,2801015,47112.0,68716.0,3250.0,3267.5,3239.5,3251.5,46739875,3576.6,2926.4,4322.95,2866.6,3253.3,90,2,3253.2,29,2,3252.9,12,3,3252.8,342,1,3252.7,101,10,3253.5,279,2,3253.6,224,2,3253.9,11,1,3254.0,1,1,3254.4,2,1
11536,2025-12-30 15:28:33+05:30,3253.3,2,3250.63,2801015,47112.0,68716.0,3250.0,3267.5,3239.5,3251.5,46739875,3576.6,2926.4,4322.95,2866.6,3253.3,90,2,3253.2,29,2,3252.9,12,3,3252.8,342,1,3252.7,101,10,3253.5,279,2,3253.6,224,2,3253.9,11,1,3254.0,1,1,3254.4,2,1
11536,2025-12-30 15:28:34+05:30,3253.5,2,3250.63,2801015,47112.0,68716.0,3250.0,3267.5,3239.5,3251.5,46739875,3576.6,2926.4,4322.95,2866.6,3253.3,90,2,3253.2,29,2,3252.9,12,3,3252.8,342,1,3252.7,101,10,3253.5,279,2,3253.6,224,2,3253.9,11,1,3254.0,1,1,3254.4,2,1
11536,2025-12-30 15:28:34+05:30,3253.5,2,3250.63,2801020,48527.0,68538.0,3250.0,3267.5,3239.5,3251.5,46739875,3576.6,2926.4,4322.95,2866.6,3253.4,106,3,3253.3,40,5,3253.2,28,1,3252.9,12,3,3252.8,342,1,3253.5,274,2,3253.6,224,2,3253.9,11,1,3254.0,1,1,3254.4,2,1
11536,2025-12-30 15:28:35+05:30,3253.4,1,3250.63,2801020,48527.0,68538.0,3250.0,3267.5,3239.5,3251.5,46739875,3576.6,2926.4,4322.95,2866.6,3253.4,106,3,3253.3,40,5,3253.2,28,1,3252.9,12,3,3252.8,342,1,3253.5,274,2,3253.6,224,2,3253.9,11,1,3254.0,1,1,3254.4,2,1
11536,2025-12-30 15:28:35+05:30,3253.4,1,3250.63,2801022,48521.0,68713.0,3250.0,3267.5,3239.5,3251.5,46739875,3576.6,2926.4,4322.95,2866.6,3253.4,104,2,3253.3,45,9,3253.2,28,1,3252.9,12,3,3252.8,342,1,3253.5,274,2,3253.6,224,2,3253.9,11,1,3254.0,1,1,3254.4,2,1
11536,2025-12-30 15:28:36+05:30,3253.4,3,3250.63,2801022,48521.0,68713.0,3250.0,3267.5,3239.5,3251.5,46739875,3576.6,2926.4,4322.95,2866.6,3253.4,104,2,3253.3,45,9,3253.2,28,1,3252.9,12,3,3252.8,342,1,3253.5,274,2,3253.6,224,2,3253.9,11,1,3254.0,1,1,3254.4,2,1
11536,2025-12-30 15:28:36+05:30,3253.5,2,3250.63,2801108,48488.0,68630.0,3250.0,3267.5,3239.5,3251.5,46739875,3576.6,2926.4,4322.95,2866.6,3253.4,130,4,3253.3,45,9,3252.9,11,2,3252.8,342,1,3252.7,58,1,3253.5,191,2,3253.6,224,2,3253.9,11,1,3254.0,1,1,3254.4,2,1
11536,2025-12-30 15:28:37+05:30,3253.4,1,3250.63,2801108,48488.0,68630.0,3250.0,3267.5,3239.5,3251.5,46739875,3576.6,2926.4,4322.95,2866.6,3253.4,130,4,3253.3,45,9,3252.9,11,2,3252.8,342,1,3252.7,58,1,3253.5,191,2,3253.6,224,2,3253.9,11,1,3254.0,1,1,3254.4,2,1
11536,2025-12-30 15:28:37+05:30,3253.6,162,3250.63,2801524,47725.0,68404.0,3250.0,3267.5,3239.5,3251.5,46739875,3576.6,2926.4,4322.95,2866.6,3253.4,552,13,3253.0,3,1,3252.9,1,1,3252.6,1,1,3252.3,29,1,3253.9,214,2,3254.0,1,1,3254.4,2,1,3254.7,46,1,3254.8,1,1
11536,2025-12-30 15:28:38+05:30,3253.5,12,3250.63,2801524,47725.0,68404.0,3250.0,3267.5,3239.5,3251.5,46739875,3576.6,2926.4,4322.95,2866.6,3253.4,552,13,3253.0,3,1,3252.9,1,1,3252.6,1,1,3252.3,29,1,3253.9,214,2,3254.0,1,1,3254.4,2,1,3254.7,46,1,3254.8,1,1
11536,2025-12-30 15:28:38+05:30,3253.5,9,3250.63,2801697,47374.0,68383.0,3250.0,3267.5,3239.5,3251.5,46739875,3576.6,2926.4,4322.95,2866.6,3253.4,432,11,3252.9,1,1,3252.6,6,2,3252.5,122,1,3252.1,1172,1,3253.5,182,1,3253.9,11,1,3254.0,1,1,3254.4,2,1,3254.7,46,1
11536,2025-12-30 15:28:39+05:30,3253.5,2,3250.63,2801697,47374.0,68383.0,3250.0,3267.5,3239.5,3251.5,46739875,3576.6,2926.4,4322.95,2866.6,3253.4,432,11,3252.9,1,1,3252.6,6,2,3252.5,122,1,3252.1,1172,1,3253.5,182,1,3253.9,11,1,3254.0,1,1,3254.4,2,1,3254.7,46,1
11536,2025-12-30 15:28:39+05:30,3253.5,3,3250.63,2801741,47335.0,68378.0,3250.0,3267.5,3239.5,3251.5,46739875,3576.6,2926.4,4322.95,2866.6,3253.4,393,8,3252.9,1,1,3252.6,6,2,3252.5,122,1,3252.1,1201,2,3253.5,177,1,3253.9,11,1,3254.0,1,1,3254.4,2,1,3254.8,1,1
11536,2025-12-30 15:28:40+05:30,3253.5,3,3250.63,2801741,47335.0,68378.0,3250.0,3267.5,3239.5,3251.5,46739875,3576.6,2926.4,4322.95,2866.6,3253.4,393,8,3252.9,1,1,3252.6,6,2,3252.5,122,1,3252.1,1201,2,3253.5,177,1,3253.9,11,1,3254.0,1,1,3254.4,2,1,3254.8,1,1
11536,2025-12-30 15:28:40+05:30,3253.5,3,3250.63,2801741,47507.0,68380.0,3250.0,3267.5,3239.5,3251.5,46739875,3576.6,2926.4,4322.95,2866.6,3253.4,390,7,3252.9,1,1,3252.6,6,2,3252.5,122,1,3252.1,1172,1,3253.5,177,1,3253.9,11,1,3254.0,1,1,3254.4,2,1,3254.7,46,1
11536,2025-12-30 15:28:41+05:30,3253.5,3,3250.63,2801741,47507.0,68380.0,3250.0,3267.5,3239.5,3251.5,46739875,3576.6,2926.4,4322.95,2866.6,3253.4,390,7,3252.9,1,1,3252.6,6,2,3252.5,122,1,3252.1,1172,1,3253.5,177,1,3253.9,11,1,3254.0,1,1,3254.4,2,1,3254.7,46,1
11536,2025-12-30 15:28:42+05:30,3253.9,10,3250.63,2801953,47533.0,68192.0,3250.0,3267.5,3239.5,3251.5,46739875,3576.6,2926.4,4322.95,2866.6,3253.9,450,1,3253.5,1,1,3253.4,40,6,3252.9,1,1,3252.6,228,4,3254.0,1,1,3254.4,2,1,3254.8,1,1,3255.0,1947,3,3255.5,340,1
11536,2025-12-30 15:28:42+05:30,3253.9,10,3250.63,2801953,47533.0,68192.0,3250.0,3267.5,3239.5,3251.5,46739875,3576.6,2926.4,4322.95,2866.6,3253.9,450,1,3253.5,1,1,3253.4,40,6,3252.9,1,1,3252.6,228,4,3254.0,1,1,3254.4,2,1,3254.8,1,1,3255.0,1947,3,3255.5,340,1
11536,2025-12-30 15:28:43+05:30,3253.9,1,3250.63,2801966,47252.0,67852.0,3250.0,3267.5,3239.5,3251.5,46739875,3576.6,2926.4,4322.95,2866.6,3253.9,437,1,3253.6,1,1,3253.5,1,1,3253.4,40,6,3253.2,75,1,3254.0,1,1,3254.4,2,1,3254.8,1,1,3254.9,46,1,3255.0,1947,3
11536,2025-12-30 15:28:43+05:30,3253.9,1,3250.63,2801966,47252.0,67852.0,3250.0,3267.5,3239.5,3251.5,46739875,3576.6,2926.4,4322.95,2866.6,3253.9,437,1,3253.6,1,1,3253.5,1,1,3253.4,40,6,3253.2,75,1,3254.0,1,1,3254.4,2,1,3254.8,1,1,3254.9,46,1,3255.0,1947,3
11536,2025-12-30 15:28:44+05:30,3254.4,479,3250.63,2802448,47558.0,67849.0,3250.0,3267.5,3239.5,3251.5,46739875,3576.6,2926.4,4322.95,2866.6,3254.4,479,1,3253.9,40,6,3253.6,1,1,3253.2,75,1,3253.1,122,1,3254.8,1,1,3255.0,1947,3,3255.2,175,1,3255.9,46,1,3256.0,762,4
11536,2025-12-30 15:28:44+05:30,3254.4,479,3250.63,2802448,47558.0,67849.0,3250.0,3267.5,3239.5,3251.5,46739875,3576.6,2926.4,4322.95,2866.6,3254.4,479,1,3253.9,40,6,3253.6,1,1,3253.2,75,1,3253.1,122,1,3254.8,1,1,3255.0,1947,3,3255.2,175,1,3255.9,46,1,3256.0,762,4
11536,2025-12-30 15:28:45+05:30,3254.4,479,3250.63,2802448,47559.0,67249.0,3250.0,3267.5,3239.5,3251.5,46739875,3576.6,2926.4,4322.95,2866.6,3254.4,479,1,3253.9,40,6,3253.7,75,1,3253.6,123,2,3252.9,1,1,3254.8,1,1,3254.9,46,1,3255.0,1947,3,3255.1,175,1,3256.0,762,4
11536,2025-12-30 15:28:46+05:30,3254.4,1,3250.63,2802448,47559.0,67249.0,3250.0,3267.5,3239.5,3251.5,46739875,3576.6,2926.4,4322.95,2866.6,3254.4,479,1,3253.9,40,6,3253.7,75,1,3253.6,123,2,3252.9,1,1,3254.8,1,1,3254.9,46,1,3255.0,1947,3,3255.1,175,1,3256.0,762,4
11536,2025-12-30 15:28:46+05:30,3254.4,1,3250.63,2804363,46927.0,65372.0,3250.0,3267.5,3239.5,3251.5,46739875,3576.6,2926.4,4322.95,2866.6,3254.4,86,7,3254.3,5,1,3253.7,75,1,3253.6,123,2,3252.9,1,1,3255.0,257,3,3256.0,562,3,3257.8,18,1,3257.9,7,1,3258.4,201,2
11536,2025-12-30 15:28:47+05:30,3254.4,1,3250.63,2804363,46927.0,65372.0,3250.0,3267.5,3239.5,3251.5,46739875,3576.6,2926.4,4322.95,2866.6,3254.4,86,7,3254.3,5,1,3253.7,75,1,3253.6,123,2,3252.9,1,1,3255.0,257,3,3256.0,562,3,3257.8,18,1,3257.9,7,1,3258.4,201,2
11536,2025-12-30 15:28:47+05:30,3254.4,1,3250.63,2804364,46597.0,65371.0,3250.0,3267.5,3239.5,3251.5,46739875,3576.6,2926.4,4322.95,2866.6,3254.4,39,5,3254.3,5,1,3254.0,46,1,3253.9,3,1,3253.7,197,2,3255.0,83,3,3255.2,175,1,3256.0,562,3,3257.8,225,3,3258.3,10,1
11536,2025-12-30 15:28:48+05:30,3255.0,1,3250.63,2804365,46772.0,65370.0,3250.0,3267.5,3239.5,3251.5,46739875,3576.6,2926.4,4322.95,2866.6,3254.4,39,5,3254.3,5,1,3254.0,46,1,3253.9,3,1,3253.7,197,2,3255.0,82,3,3255.1,175,1,3256.0,562,3,3257.8,225,3,3258.3,10,1
11536,2025-12-30 15:28:49+05:30,3254.3,3,3250.63,2804365,46772.0,65370.0,3250.0,3267.5,3239.5,3251.5,46739875,3576.6,2926.4,4322.95,2866.6,3254.4,39,5,3254.3,5,1,3254.0,46,1,3253.9,3,1,3253.7,197,2,3255.0,82,3,3255.1,175,1,3256.0,562,3,3257.8,225,3,3258.3,10,1
11536,2025-12-30 15:28:49+05:30,3254.3,2,3250.63,2804439,46557.0,65339.0,3250.0,3267.5,3239.5,3251.5,46739875,3576.6,2926.4,4322.95,2866.6,3254.0,46,1,3253.9,3,1,3253.6,1,1,3253.4,15,1,3253.3,122,1,3255.0,51,2,3255.1,175,1,3256.0,562,3,3257.1,23,2,3257.2,200,1
11536,2025-12-30 15:28:50+05:30,3255.0,11,3250.63,2804439,46557.0,65339.0,3250.0,3267.5,3239.5,3251.5,46739875,3576.6,2926.4,4322.95,2866.6,3254.0,46,1,3253.9,3,1,3253.6,1,1,3253.4,15,1,3253.3,122,1,3255.0,51,2,3255.1,175,1,3256.0,562,3,3257.1,23,2,3257.2,200,1
11536,2025-12-30 15:28:50+05:30,3255.0,3,3250.63,2804463,46558.0,65345.0,3250.0,3267.5,3239.5,3251.5,46739875,3576.6,2926.4,4322.95,2866.6,3254.0,46,1,3253.9,3,1,3253.6,1,1,3253.5,2,1,3253.4,212,3,3255.0,37,2,3255.2,175,1,3256.0,562,3,3257.0,28,1,3257.1,5,1
11536,2025-12-30 15:28:51+05:30,3253.4,33,3250.63,2804463,46558.0,65345.0,3250.0,3267.5,3239.5,3251.5,46739875,3576.6,2926.4,4322.95,2866.6,3254.0,46,1,3253.9,3,1,3253.6,1,1,3253.5,2,1,3253.4,212,3,3255.0,37,2,3255.2,175,1,3256.0,562,3,3257.0,28,1,3257.1,5,1
11536,2025-12-30 15:28:51+05:30,3253.4,33,3250.63,2804645,44690.0,64135.0,3250.0,3267.5,3239.5,3251.5,46739875,3576.6,2926.4,4322.95,2866.6,3254.0,18,1,3253.9,5,1,3253.3,122,1,3252.9,1,1,3252.6,106,3,3255.0,30,2,3255.1,175,1,3256.0,562,3,3257.0,53,2,3257.3,6,1
11536,2025-12-30 15:28:52+05:30,3254.0,10,3250.63,2804645,44690.0,64135.0,3250.0,3267.5,3239.5,3251.5,46739875,3576.6,2926.4,4322.95,2866.6,3254.0,18,1,3253.9,5,1,3253.3,122,1,3252.9,1,1,3252.6,106,3,3255.0,30,2,3255.1,175,1,3256.0,562,3,3257.0,53,2,3257.3,6,1
11536,2025-12-30 15:28:52+05:30,3255.0,1,3250.63,2804656,44855.0,64120.0,3250.0,3267.5,3239.5,3251.5,46739875,3576.6,2926.4,4322.95,2866.6,3254.0,8,1,3253.9,5,1,3253.4,122,1,3252.9,1,1,3252.6,106,3,3255.0,29,2,3255.1,175,1,3256.0,562,3,3257.0,46,1,3257.1,7,1
11536,2025-12-30 15:28:53+05:30,3255.0,1,3250.63,2804656,44855.0,64120.0,3250.0,3267.5,3239.5,3251.5,46739875,3576.6,2926.4,4322.95,2866.6,3254.0,8,1,3253.9,5,1,3253.4,122,1,3252.9,1,1,3252.6,106,3,3255.0,29,2,3255.1,175,1,3256.0,562,3,3257.0,46,1,3257.1,7,1
11536,2025-12-30 15:28:54+05:30,3255.0,71,3250.63,2804756,44679.0,63990.0,3250.0,3267.5,3239.5,3251.5,46739875,3576.6,2926.4,4322.95,2866.6,3254.0,8,1,3253.9,5,1,3253.4,122,1,3252.9,1,1,3252.6,106,3,3255.0,104,1,3256.0,562,3,3257.0,46,1,3257.1,7,1,3257.3,4,1
11536,2025-12-30 15:28:54+05:30,3255.0,71,3250.63,2804756,44679.0,63990.0,3250.0,3267.5,3239.5,3251.5,46739875,3576.6,2926.4,4322.95,2866.6,3254.0,8,1,3253.9,5,1,3253.4,122,1,3252.9,1,1,3252.6,106,3,3255.0,104,1,3256.0,562,3,3257.0,46,1,3257.1,7,1,3257.3,4,1
11536,2025-12-30 15:28:55+05:30,3253.9,2,3250.63,2804767,44844.0,63993.0,3250.0,3267.5,3239.5,3251.5,46739875,3576.6,2926.4,4322.95,2866.6,3253.9,3,1,3253.4,122,1,3252.9,1,1,3252.6,106,3,3252.3,5,1,3255.1,103,1,3256.0,562,3,3257.0,52,2,3257.1,7,1,3257.6,12,1
11536,2025-12-30 15:28:55+05:30,3253.4,12,3250.63,2804767,44844.0,63993.0,3250.0,3267.5,3239.5,3251.5,46739875,3576.6,2926.4,4322.95,2866.6,3253.9,3,1,3253.4,122,1,3252.9,1,1,3252.6,106,3,3252.3,5,1,3255.1,103,1,3256.0,562,3,3257.0,52,2,3257.1,7,1,3257.6,12,1
11536,2025-12-30 15:28:56+05:30,3253.4,2,3250.63,2804784,44840.0,64003.0,3250.0,3267.5,3239.5,3251.5,46739875,3576.6,2926.4,4322.95,2866.6,3252.9,1,1,3252.8,122,1,3252.6,106,3,3252.3,5,1,3252.1,1172,1,3255.0,12,2,3255.1,103,1,3256.0,562,3,3257.0,46,1,3257.1,11,2
11536,2025-12-30 15:28:56+05:30,3253.4,2,3250.63,2804784,44840.0,64003.0,3250.0,3267.5,3239.5,3251.5,46739875,3576.6,2926.4,4322.95,2866.6,3252.9,1,1,3252.8,122,1,3252.6,106,3,3252.3,5,1,3252.1,1172,1,3255.0,12,2,3255.1,103,1,3256.0,562,3,3257.0,46,1,3257.1,11,2
11536,2025-12-30 15:28:57+05:30,3253.4,2,3250.63,2804784,44841.0,64251.0,3250.0,3267.5,3239.5,3251.5,46739875,3576.6,2926.4,4322.95,2866.6,3253.4,3,1,3252.9,1,1,3252.6,106,3,3252.4,122,1,3252.3,5,1,3255.0,162,3,3255.6,103,1,3255.7,100,1,3256.0,562,3,3256.9,246,2
11536,2025-12-30 15:28:58+05:30,3253.4,2,3250.63,2804784,44841.0,64251.0,3250.0,3267.5,3239.5,3251.5,46739875,3576.6,2926.4,4322.95,2866.6,3253.4,3,1,3252.9,1,1,3252.6,106,3,3252.4,122,1,3252.3,5,1,3255.0,162,3,3255.6,103,1,3255.7,100,1,3256.0,562,3,3256.9,246,2
11536,2025-12-30 15:28:58+05:30,3253.4,2,3250.63,2804786,44739.0,64189.0,3250.0,3267.5,3239.5,3251.5,46739875,3576.6,2926.4,4322.95,2866.6,3253.4,76,2,3252.9,123,2,3252.6,106,3,3252.3,5,1,3252.1,1172,1,3255.0,162,3,3255.6,103,1,3256.0,562,3,3256.2,46,1,3256.3,50,1
11536,2025-12-30 15:28:59+05:30,3253.4,15,3250.63,2804786,44739.0,64189.0,3250.0,3267.5,3239.5,3251.5,46739875,3576.6,2926.4,4322.95,2866.6,3253.4,76,2,3252.9,123,2,3252.6,106,3,3252.3,5,1,3252.1,1172,1,3255.0,162,3,3255.6,103,1,3256.0,562,3,3256.2,46,1,3256.3,50,1
11536,2025-12-30 15:28:59+05:30,3253.4,10,3250.63,2804812,44720.0,64141.0,3250.0,3267.5,3239.5,3251.5,46739875,3576.6,2926.4,4322.95,2866.6,3253.4,50,1,3252.9,123,2,3252.6,106,3,3252.3,5,1,3252.1,1172,1,3255.0,162,3,3255.6,103,1,3256.0,562,3,3256.3,12,1,3256.9,46,1
11536,2025-12-30 15:29:00+05:30,3255.0,1,3250.63,2804812,44720.0,64141.0,3250.0,3267.5,3239.5,3251.5,46739875,3576.6,2926.4,4322.95,2866.6,3253.4,50,1,3252.9,123,2,3252.6,106,3,3252.3,5,1,3252.1,1172,1,3255.0,162,3,3255.6,103,1,3256.0,562,3,3256.3,12,1,3256.9,46,1
11536,2025-12-30 15:29:00+05:30,3255.0,1,3250.63,2804813,44270.0,64129.0,3250.0,3267.5,3239.5,3251.5,46739875,3576.6,2926.4,4322.95,2866.6,3254.0,100,1,3253.4,50,1,3253.0,122,1,3252.9,1,1,3252.6,6,2,3255.0,161,3,3255.1,103,1,3256.0,562,3,3256.9,47,2,3257.0,5,1
11536,2025-12-30 15:29:01+05:30,3254.9,1,3250.63,2804813,44270.0,64129.0,3250.0,3267.5,3239.5,3251.5,46739875,3576.6,2926.4,4322.95,2866.6,3254.0,100,1,3253.4,50,1,3253.0,122,1,3252.9,1,1,3252.6,6,2,3255.0,161,3,3255.1,103,1,3256.0,562,3,3256.9,47,2,3257.0,5,1
11536,2025-12-30 15:29:01+05:30,3254.0,44,3250.63,2804884,42625.0,64237.0,3250.0,3267.5,3239.5,3251.5,46739875,3576.6,2926.4,4322.95,2866.6,3254.0,30,1,3253.6,122,1,3253.4,50,1,3252.9,1,1,3252.6,6,2,3254.9,262,3,3255.0,167,4,3255.9,46,1,3256.0,503,3,3256.9,1,1
11536,2025-12-30 15:29:02+05:30,3254.0,3,3250.63,2804884,42625.0,64237.0,3250.0,3267.5,3239.5,3251.5,46739875,3576.6,2926.4,4322.95,2866.6,3254.0,30,1,3253.6,122,1,3253.4,50,1,3252.9,1,1,3252.6,6,2,3254.9,262,3,3255.0,167,4,3255.9,46,1,3256.0,503,3,3256.9,1,1
11536,2025-12-30 15:29:02+05:30,3254.0,3,3250.63,2804887,44110.0,64008.0,3250.0,3267.5,3239.5,3251.5,46739875,3576.6,2926.4,4322.95,2866.6,3254.1,73,1,3254.0,27,1,3253.8,122,1,3253.4,50,1,3252.9,1,1,3254.9,160,2,3255.0,167,4,3256.0,503,3,3256.9,46,1,3257.0,6,2
11536,2025-12-30 15:29:03+05:30,3254.9,4,3250.63,2804887,44110.0,64008.0,3250.0,3267.5,3239.5,3251.5,46739875,3576.6,2926.4,4322.95,2866.6,3254.1,73,1,3254.0,27,1,3253.8,122,1,3253.4,50,1,3252.9,1,1,3254.9,160,2,3255.0,167,4,3256.0,503,3,3256.9,46,1,3257.0,6,2
11536,2025-12-30 15:29:03+05:30,3254.9,4,3250.63,2804891,44110.0,64010.0,3250.0,3267.5,3239.5,3251.5,46739875,3576.6,2926.4,4322.95,2866.6,3254.1,73,1,3254.0,27,1,3253.8,122,1,3253.4,50,1,3252.9,1,1,3254.9,156,2,3255.0,567,5,3256.0,103,2,3256.9,46,1,3257.0,6,2
11536,2025-12-30 15:29:04+05:30,3254.9,3,3250.63,2804891,44110.0,64010.0,3250.0,3267.5,3239.5,3251.5,46739875,3576.6,2926.4,4322.95,2866.6,3254.1,73,1,3254.0,27,1,3253.8,122,1,3253.4,50,1,3252.9,1,1,3254.9,156,2,3255.0,567,5,3256.0,103,2,3256.9,46,1,3257.0,6,2
11536,2025-12-30 15:29:04+05:30,3254.1,2,3250.63,2804896,44133.0,64006.0,3250.0,3267.5,3239.5,3251.5,46739875,3576.6,2926.4,4322.95,2866.6,3254.1,71,1,3254.0,27,1,3253.9,122,1,3253.4,50,1,3252.9,1,1,3254.9,152,1,3255.0,567,5,3256.0,103,2,3256.9,46,1,3257.0,6,2
11536,2025-12-30 15:29:05+05:30,3254.1,2,3250.63,2804896,44133.0,64006.0,3250.0,3267.5,3239.5,3251.5,46739875,3576.6,2926.4,4322.95,2866.6,3254.1,71,1,3254.0,27,1,3253.9,122,1,3253.4,50,1,3252.9,1,1,3254.9,152,1,3255.0,567,5,3256.0,103,2,3256.9,46,1,3257.0,6,2
11536,2025-12-30 15:29:06+05:30,3254.1,1,3250.63,2804897,44162.0,62956.0,3250.0,3267.5,3239.5,3251.5,46739875,3576.6,2926.4,4322.95,2866.6,3254.1,70,1,3254.0,47,2,3253.9,122,1,3253.4,50,1,3253.0,1,1,3254.9,152,1,3255.0,567,5,3256.0,103,2,3256.9,46,1,3257.0,6,2
11536,2025-12-30 15:29:06+05:30,3254.1,1,3250.63,2804897,44162.0,62956.0,3250.0,3267.5,3239.5,3251.5,46739875,3576.6,2926.4,4322.95,2866.6,3254.1,70,1,3254.0,47,2,3253.9,122,1,3253.4,50,1,3253.0,1,1,3254.9,152,1,3255.0,567,5,3256.0,103,2,3256.9,46,1,3257.0,6,2
11536,2025-12-30 15:29:07+05:30,3254.1,1,3250.63,2804897,44082.0,62956.0,3250.0,3267.5,3239.5,3251.5,46739875,3576.6,2926.4,4322.95,2866.6,3254.1,70,1,3254.0,169,3,3253.4,50,1,3253.0,1,1,3252.6,36,3,3254.9,152,1,3255.0,567,5,3256.0,103,2,3256.9,46,1,3257.0,6,2
11536,2025-12-30 15:29:08+05:30,3254.1,40,3250.63,2804937,44042.0,62956.0,3250.0,3267.5,3239.5,3251.5,46739875,3576.6,2926.4,4322.95,2866.6,3254.1,30,1,3254.0,169,3,3253.4,50,1,3253.2,5,1,3253.0,1,1,3254.9,152,1,3255.0,567,5,3256.0,103,2,3256.9,46,1,3257.0,6,2
11536,2025-12-30 15:29:08+05:30,3254.1,40,3250.63,2804937,44042.0,62956.0,3250.0,3267.5,3239.5,3251.5,46739875,3576.6,2926.4,4322.95,2866.6,3254.1,30,1,3254.0,169,3,3253.4,50,1,3253.2,5,1,3253.0,1,1,3254.9,152,1,3255.0,567,5,3256.0,103,2,3256.9,46,1,3257.0,6,2
11536,2025-12-30 15:29:09+05:30,3254.9,30,3250.63,2804967,43662.0,63101.0,3250.0,3267.5,3239.5,3251.5,46739875,3576.6,2926.4,4322.95,2866.6,3254.0,169,3,3253.4,50,1,3253.2,5,1,3253.0,1,1,3252.6,31,2,3254.9,122,1,3255.0,567,5,3255.7,175,1,3255.9,46,1,3256.0,103,2
11536,2025-12-30 15:29:09+05:30,3254.9,30,3250.63,2804967,43662.0,63101.0,3250.0,3267.5,3239.5,3251.5,46739875,3576.6,2926.4,4322.95,2866.6,3254.0,169,3,3253.4,50,1,3253.2,5,1,3253.0,1,1,3252.6,31,2,3254.9,122,1,3255.0,567,5,3255.7,175,1,3255.9,46,1,3256.0,103,2
11536,2025-12-30 15:29:10+05:30,3254.9,1,3250.63,2805143,43472.0,63100.0,3250.0,3267.5,3239.5,3251.5,46739875,3576.6,2926.4,4322.95,2866.6,3253.4,44,1,3253.2,5,1,3253.0,3,2,3252.6,31,2,3252.4,10,1,3254.9,121,1,3255.0,567,5,3255.4,46,1,3255.5,175,1,3256.0,103,2
11536,2025-12-30 15:29:10+05:30,3254.9,1,3250.63,2805143,43472.0,63100.0,3250.0,3267.5,3239.5,3251.5,46739875,3576.6,2926.4,4322.95,2866.6,3253.4,44,1,3253.2,5,1,3253.0,3,2,3252.6,31,2,3252.4,10,1,3254.9,121,1,3255.0,567,5,3255.4,46,1,3255.5,175,1,3256.0,103,2
11536,2025-12-30 15:29:11+05:30,3253.4,44,3250.63,2805232,40056.0,59518.0,3250.0,3267.5,3239.5,3251.5,46739875,3576.6,2926.4,4322.95,2866.6,3253.2,127,2,3253.0,3,2,3252.6,31,2,3252.4,10,1,3252.3,5,1,3253.4,37,1,3255.0,567,5,3255.5,175,1,3256.0,103,2,3256.9,46,1
11536,2025-12-30 15:29:11+05:30,3253.4,44,3250.63,2805232,40056.0,59518.0,3250.0,3267.5,3239.5,3251.5,46739875,3576.6,2926.4,4322.95,2866.6,3253.2,127,2,3253.0,3,2,3252.6,31,2,3252.4,10,1,3252.3,5,1,3253.4,37,1,3255.0,567,5,3255.5,175,1,3256.0,103,2,3256.9,46,1
11536,2025-12-30 15:29:12+05:30,3253.2,1,3250.63,2805232,40056.0,59518.0,3250.0,3267.5,3239.5,3251.5,46739875,3576.6,2926.4,4322.95,2866.6,3253.2,127,2,3253.0,3,2,3252.6,31,2,3252.4,10,1,3252.3,5,1,3253.4,37,1,3255.0,567,5,3255.5,175,1,3256.0,103,2,3256.9,46,1
11536,2025-12-30 15:29:12+05:30,3253.2,1,3250.63,2805311,40052.0,59345.0,3250.0,3267.5,3239.5,3251.5,46739875,3576.6,2926.4,4322.95,2866.6,3253.4,1,1,3253.0,3,2,3252.8,122,1,3252.6,31,2,3252.4,10,1,3255.0,567,5,3255.5,175,1,3255.9,40,1,3256.0,103,2,3256.9,46,1
11536,2025-12-30 15:29:13+05:30,3253.2,1,3250.63,2805311,40076.0,59316.0,3250.0,3267.5,3239.5,3251.5,46739875,3576.6,2926.4,4322.95,2866.6,3253.4,1,1,3253.1,122,1,3253.0,34,3,3252.6,31,2,3252.4,10,1,3255.0,567,5,3255.5,175,1,3256.0,116,3,3256.5,46,1,3256.6,4,1
11536,2025-12-30 15:29:14+05:30,3255.0,1,3250.63,2805313,40071.0,59304.0,3250.0,3267.5,3239.5,3251.5,46739875,3576.6,2926.4,4322.95,2866.6,3254.1,5,1,3253.8,122,1,3253.4,1,1,3253.0,34,3,3252.6,31,2,3255.0,565,4,3255.5,175,1,3256.0,103,2,3256.9,52,2,3257.0,6,2
11536,2025-12-30 15:29:14+05:30,3255.0,1,3250.63,2805313,40071.0,59304.0,3250.0,3267.5,3239.5,3251.5,46739875,3576.6,2926.4,4322.95,2866.6,3254.1,5,1,3253.8,122,1,3253.4,1,1,3253.0,34,3,3252.6,31,2,3255.0,565,4,3255.5,175,1,3256.0,103,2,3256.9,52,2,3257.0,6,2
11536,2025-12-30 15:29:15+05:30,3254.1,4,3250.63,2805317,40067.0,59337.0,3250.0,3267.5,3239.5,3251.5,46739875,3576.6,2926.4,4322.95,2866.6,3254.1,1,1,3253.9,122,1,3253.4,1,1,3253.0,34,3,3252.6,31,2,3254.9,35,1,3255.0,565,4,3255.5,175,1,3255.9,46,1,3256.0,103,2
11536,2025-12-30 15:29:15+05:30,3254.1,4,3250.63,2805317,40067.0,59337.0,3250.0,3267.5,3239.5,3251.5,46739875,3576.6,2926.4,4322.95,2866.6,3254.1,1,1,3253.9,122,1,3253.4,1,1,3253.0,34,3,3252.6,31,2,3254.9,35,1,3255.0,565,4,3255.5,175,1,3255.9,46,1,3256.0,103,2
11536,2025-12-30 15:29:16+05:30,3254.9,2,3250.63,2805319,40065.0,59335.0,3250.0,3267.5,3239.5,3251.5,46739875,3576.6,2926.4,4322.95,2866.6,3254.1,1,1,3254.0,122,1,3253.4,1,1,3253.0,34,3,3252.6,31,2,3254.9,33,1,3255.0,565,4,3255.5,175,1,3255.9,46,1,3256.0,103,2
11536,2025-12-30 15:29:16+05:30,3254.9,2,3250.63,2805319,40065.0,59335.0,3250.0,3267.5,3239.5,3251.5,46739875,3576.6,2926.4,4322.95,2866.6,3254.1,1,1,3254.0,122,1,3253.4,1,1,3253.0,34,3,3252.6,31,2,3254.9,33,1,3255.0,565,4,3255.5,175,1,3255.9,46,1,3256.0,103,2
11536,2025-12-30 15:29:17+05:30,3255.0,50,3250.63,2805411,39802.0,59243.0,3250.0,3267.5,3239.5,3251.5,46739875,3576.6,2926.4,4322.95,2866.6,3254.9,4,1,3254.1,123,2,3253.4,1,1,3253.0,34,3,3252.6,31,2,3255.0,506,3,3255.6,175,1,3256.0,103,2,3256.8,46,1,3256.9,4,1
11536,2025-12-30 15:29:17+05:30,3255.0,50,3250.63,2805411,39802.0,59243.0,3250.0,3267.5,3239.5,3251.5,46739875,3576.6,2926.4,4322.95,2866.6,3254.9,4,1,3254.1,123,2,3253.4,1,1,3253.0,34,3,3252.6,31,2,3255.0,506,3,3255.6,175,1,3256.0,103,2,3256.8,46,1,3256.9,4,1
11536,2025-12-30 15:29:18+05:30,3255.0,1,3250.63,2805415,39983.0,59239.0,3250.0,3267.5,3239.5,3251.5,46739875,3576.6,2926.4,4322.95,2866.6,3254.9,126,2,3254.1,1,1,3253.4,1,1,3253.2,2,1,3253.0,1206,4,3255.0,502,3,3255.6,175,1,3256.0,103,2,3256.9,46,1,3257.0,5,1
11536,2025-12-30 15:29:18+05:30,3255.0,1,3250.63,2805415,39983.0,59239.0,3250.0,3267.5,3239.5,3251.5,46739875,3576.6,2926.4,4322.95,2866.6,3254.9,126,2,3254.1,1,1,3253.4,1,1,3253.2,2,1,3253.0,1206,4,3255.0,502,3,3255.6,175,1,3256.0,103,2,3256.9,46,1,3257.0,5,1
11536,2025-12-30 15:29:19+05:30,3255.0,5,3250.63,2805420,39810.0,59234.0,3250.0,3267.5,3239.5,3251.5,46739875,3576.6,2926.4,4322.95,2866.6,3254.9,126,2,3254.1,1,1,3253.4,1,1,3253.2,2,1,3253.0,1206,4,3255.0,497,3,3255.5,4,1,3255.6,175,1,3256.0,103,2,3256.9,46,1
11536,2025-12-30 15:29:19+05:30,3255.0,5,3250.63,2805420,39810.0,59234.0,3250.0,3267.5,3239.5,3251.5,46739875,3576.6,2926.4,4322.95,2866.6,3254.9,126,2,3254.1,1,1,3253.4,1,1,3253.2,2,1,3253.0,1206,4,3255.0,497,3,3255.5,4,1,3255.6,175,1,3256.0,103,2,3256.9,46,1
11536,2025-12-30 15:29:20+05:30,3255.0,5,3250.63,2805420,39985.0,59234.0,3250.0,3267.5,3239.5,3251.5,46739875,3576.6,2926.4,4322.95,2866.6,3254.9,126,2,3254.1,1,1,3253.4,1,1,3253.2,2,1,3253.0,1206,4,3255.0,497,3,3255.5,4,1,3255.6,175,1,3256.0,103,2,3256.9,46,1
11536,2025-12-30 15:29:21+05:30,3254.0,15,3250.63,2805420,39985.0,59234.0,3250.0,3267.5,3239.5,3251.5,46739875,3576.6,2926.4,4322.95,2866.6,3254.9,126,2,3254.1,1,1,3253.4,1,1,3253.2,2,1,3253.0,1206,4,3255.0,497,3,3255.5,4,1,3255.6,175,1,3256.0,103,2,3256.9,46,1
11536,2025-12-30 15:29:21+05:30,3254.0,15,3250.63,2805562,39802.0,59218.0,3250.0,3267.5,3239.5,3251.5,46739875,3576.6,2926.4,4322.95,2866.6,3253.9,122,1,3253.4,1,1,3253.2,2,1,3253.0,1206,4,3252.6,31,2,3254.0,384,1,3255.0,97,2,3255.5,4,1,3255.6,175,1,3256.0,103,2
11536,2025-12-30 15:29:22+05:30,3254.0,1,3250.63,2805562,39802.0,59218.0,3250.0,3267.5,3239.5,3251.5,46739875,3576.6,2926.4,4322.95,2866.6,3253.9,122,1,3253.4,1,1,3253.2,2,1,3253.0,1206,4,3252.6,31,2,3254.0,384,1,3255.0,97,2,3255.5,4,1,3255.6,175,1,3256.0,103,2
11536,2025-12-30 15:29:22+05:30,3254.0,1,3250.63,2805563,39277.0,59217.0,3250.0,3267.5,3239.5,3251.5,46739875,3576.6,2926.4,4322.95,2866.6,3253.8,122,1,3253.4,1,1,3253.2,2,1,3253.0,1206,4,3252.6,31,2,3254.0,383,1,3255.0,97,2,3255.5,4,1,3255.6,175,1,3256.0,103,2
11536,2025-12-30 15:29:23+05:30,3253.0,30,3250.63,2805563,39277.0,59217.0,3250.0,3267.5,3239.5,3251.5,46739875,3576.6,2926.4,4322.95,2866.6,3253.8,122,1,3253.4,1,1,3253.2,2,1,3253.0,1206,4,3252.6,31,2,3254.0,383,1,3255.0,97,2,3255.5,4,1,3255.6,175,1,3256.0,103,2
11536,2025-12-30 15:29:23+05:30,3253.0,30,3250.63,2805773,39072.0,59027.0,3250.0,3267.5,3239.5,3251.5,46739875,3576.6,2926.4,4322.95,2866.6,3253.1,10,1,3253.0,1121,2,3252.6,31,2,3252.4,10,1,3252.3,5,1,3254.0,383,1,3255.0,97,2,3255.6,175,1,3256.0,103,2,3256.6,46,1
11536,2025-12-30 15:29:24+05:30,3253.0,138,3250.63,2805773,39072.0,59027.0,3250.0,3267.5,3239.5,3251.5,46739875,3576.6,2926.4,4322.95,2866.6,3253.1,10,1,3253.0,1121,2,3252.6,31,2,3252.4,10,1,3252.3,5,1,3254.0,383,1,3255.0,97,2,3255.6,175,1,3256.0,103,2,3256.6,46,1
11536,2025-12-30 15:29:24+05:30,3253.0,138,3250.63,2806111,38908.0,58826.0,3250.0,3267.5,3239.5,3251.5,46739875,3576.6,2926.4,4322.95,2866.6,3253.0,803,2,3252.6,31,2,3252.4,10,1,3252.3,5,1,3252.0,39,4,3254.0,383,1,3255.0,97,2,3255.6,175,1,3255.9,46,1,3256.0,103,2
11536,2025-12-30 15:29:25+05:30,3253.0,138,3250.63,2806111,38929.0,58746.0,3250.0,3267.5,3239.5,3251.5,46739875,3576.6,2926.4,4322.95,2866.6,3253.0,803,2,3252.6,31,2,3252.4,111,2,3252.3,5,1,3252.0,39,4,3254.0,383,1,3255.0,97,2,3255.6,175,1,3255.9,46,1,3256.0,103,2
11536,2025-12-30 15:29:26+05:30,3253.0,138,3250.63,2806111,38760.0,58751.0,3250.0,3267.5,3239.5,3251.5,46739875,3576.6,2926.4,4322.95,2866.6,3253.0,803,2,3252.6,31,2,3252.5,106,2,3252.4,10,1,3252.0,39,4,3254.0,383,1,3255.0,102,3,3255.6,175,1,3255.9,46,1,3256.0,103,2
11536,2025-12-30 15:29:27+05:30,3254.0,10,3250.63,2806121,38760.0,58741.0,3250.0,3267.5,3239.5,3251.5,46739875,3576.6,2926.4,4322.95,2866.6,3253.0,803,2,3252.8,101,1,3252.6,31,2,3252.5,5,1,3252.4,10,1,3254.0,373,1,3255.0,102,3,3255.1,175,1,3255.9,46,1,3256.0,103,2
11536,2025-12-30 15:29:28+05:30,3253.0,3,3250.63,2806121,38760.0,58741.0,3250.0,3267.5,3239.5,3251.5,46739875,3576.6,2926.4,4322.95,2866.6,3253.0,803,2,3252.8,101,1,3252.6,31,2,3252.5,5,1,3252.4,10,1,3254.0,373,1,3255.0,102,3,3255.1,175,1,3255.9,46,1,3256.0,103,2
11536,2025-12-30 15:29:28+05:30,3253.0,3,3250.63,2806129,38913.0,58739.0,3250.0,3267.5,3239.5,3251.5,46739875,3576.6,2926.4,4322.95,2866.6,3253.0,928,4,3252.6,1,1,3252.5,5,1,3252.4,10,1,3252.0,39,4,3254.0,371,1,3255.0,102,3,3255.6,175,1,3256.0,103,2,3256.4,46,1
11536,2025-12-30 15:29:29+05:30,3254.0,10,3250.63,2806139,38913.0,58723.0,3250.0,3267.5,3239.5,3251.5,46739875,3576.6,2926.4,4322.95,2866.6,3253.0,931,5,3252.6,1,1,3252.5,5,1,3252.4,10,1,3252.0,39,4,3254.0,361,1,3255.0,102,3,3255.6,175,1,3256.0,103,2,3256.2,4,1
11536,2025-12-30 15:29:30+05:30,3254.0,5,3250.63,2806139,38913.0,58723.0,3250.0,3267.5,3239.5,3251.5,46739875,3576.6,2926.4,4322.95,2866.6,3253.0,931,5,3252.6,1,1,3252.5,5,1,3252.4,10,1,3252.0,39,4,3254.0,361,1,3255.0,102,3,3255.6,175,1,3256.0,103,2,3256.2,4,1
11536,2025-12-30 15:29:30+05:30,3253.0,168,3250.63,2806312,38754.0,58539.0,3250.0,3267.5,3239.5,3251.5,46739875,3576.6,2926.4,4322.95,2866.6,3253.0,767,6,3252.6,1,1,3252.5,5,1,3252.4,10,1,3252.0,39,4,3254.0,356,1,3255.0,102,3,3255.6,175,1,3256.0,103,2,3256.9,46,1
11536,2025-12-30 15:29:31+05:30,3253.0,168,3250.63,2806312,38754.0,58539.0,3250.0,3267.5,3239.5,3251.5,46739875,3576.6,2926.4,4322.95,2866.6,3253.0,767,6,3252.6,1,1,3252.5,5,1,3252.4,10,1,3252.0,39,4,3254.0,356,1,3255.0,102,3,3255.6,175,1,3256.0,103,2,3256.9,46,1
11536,2025-12-30 15:29:31+05:30,3253.0,168,3250.63,2806312,38659.0,58539.0,3250.0,3267.5,3239.5,3251.5,46739875,3576.6,2926.4,4322.95,2866.6,3253.5,89,1,3253.0,676,6,3252.6,1,1,3252.5,5,1,3252.4,10,1,3254.0,356,1,3255.0,102,3,3255.6,175,1,3255.9,46,1,3256.0,103,2
11536,2025-12-30 15:29:33+05:30,3254.0,101,3250.63,2806413,37084.0,58088.0,3250.0,3267.5,3239.5,3251.5,46739875,3576.6,2926.4,4322.95,2866.6,3253.5,89,1,3253.0,679,7,3252.6,1,1,3252.5,5,1,3252.4,10,1,3254.0,255,1,3255.0,102,3,3255.6,175,1,3256.0,103,2,3256.2,4,1
11536,2025-12-30 15:29:33+05:30,3254.0,101,3250.63,2806413,37084.0,58088.0,3250.0,3267.5,3239.5,3251.5,46739875,3576.6,2926.4,4322.95,2866.6,3253.5,89,1,3253.0,679,7,3252.6,1,1,3252.5,5,1,3252.4,10,1,3254.0,255,1,3255.0,102,3,3255.6,175,1,3256.0,103,2,3256.2,4,1
11536,2025-12-30 15:29:34+05:30,3254.0,20,3250.63,2806437,37064.0,58064.0,3250.0,3267.5,3239.5,3251.5,46739875,3576.6,2926.4,4322.95,2866.6,3253.5,89,1,3253.0,679,7,3252.6,1,1,3252.5,5,1,3252.4,10,1,3254.0,231,1,3255.0,102,3,3255.6,175,1,3256.0,107,3,3257.7,46,1
11536,2025-12-30 15:29:34+05:30,3254.0,20,3250.63,2806437,37064.0,58064.0,3250.0,3267.5,3239.5,3251.5,46739875,3576.6,2926.4,4322.95,2866.6,3253.5,89,1,3253.0,679,7,3252.6,1,1,3252.5,5,1,3252.4,10,1,3254.0,231,1,3255.0,102,3,3255.6,175,1,3256.0,107,3,3257.7,46,1
11536,2025-12-30 15:29:35+05:30,3254.0,20,3250.63,2806437,36889.0,58064.0,3250.0,3267.5,3239.5,3251.5,46739875,3576.6,2926.4,4322.95,2866.6,3253.5,89,1,3253.0,679,7,3252.6,1,1,3252.5,5,1,3252.4,10,1,3254.0,231,1,3255.0,107,4,3255.6,175,1,3255.9,4,1,3256.0,103,2
11536,2025-12-30 15:29:36+05:30,3254.0,1,3250.63,2806438,36889.0,58063.0,3250.0,3267.5,3239.5,3251.5,46739875,3576.6,2926.4,4322.95,2866.6,3253.5,91,2,3253.0,679,7,3252.6,1,1,3252.5,5,1,3252.4,10,1,3254.0,230,1,3255.0,107,4,3255.6,175,1,3255.9,4,1,3256.0,103,2
11536,2025-12-30 15:29:36+05:30,3254.0,1,3250.63,2806438,36889.0,58063.0,3250.0,3267.5,3239.5,3251.5,46739875,3576.6,2926.4,4322.95,2866.6,3253.5,91,2,3253.0,679,7,3252.6,1,1,3252.5,5,1,3252.4,10,1,3254.0,230,1,3255.0,107,4,3255.6,175,1,3255.9,4,1,3256.0,103,2
11536,2025-12-30 15:29:37+05:30,3254.0,10,3250.63,2806438,36889.0,58063.0,3250.0,3267.5,3239.5,3251.5,46739875,3576.6,2926.4,4322.95,2866.6,3253.5,91,2,3253.0,679,7,3252.6,1,1,3252.5,5,1,3252.4,10,1,3254.0,230,1,3255.0,107,4,3255.6,175,1,3255.9,4,1,3256.0,103,2
11536,2025-12-30 15:29:37+05:30,3254.0,10,3250.63,2806448,36883.0,58053.0,3250.0,3267.5,3239.5,3251.5,46739875,3576.6,2926.4,4322.95,2866.6,3253.5,91,2,3253.0,679,7,3252.6,1,1,3252.5,5,1,3252.4,10,1,3254.0,220,1,3255.0,107,4,3255.6,179,2,3256.0,103,2,3257.7,46,1
11536,2025-12-30 15:29:38+05:30,3254.0,10,3250.63,2806448,36883.0,58053.0,3250.0,3267.5,3239.5,3251.5,46739875,3576.6,2926.4,4322.95,2866.6,3253.5,91,2,3253.0,694,8,3252.6,1,1,3252.5,5,1,3252.4,10,1,3254.0,220,1,3254.9,4,1,3255.0,107,4,3255.6,175,1,3256.0,103,2
11536,2025-12-30 15:29:39+05:30,3254.0,30,3250.63,2806448,36883.0,58053.0,3250.0,3267.5,3239.5,3251.5,46739875,3576.6,2926.4,4322.95,2866.6,3253.5,91,2,3253.0,694,8,3252.6,1,1,3252.5,5,1,3252.4,10,1,3254.0,220,1,3254.9,4,1,3255.0,107,4,3255.6,175,1,3256.0,103,2
11536,2025-12-30 15:29:39+05:30,3253.5,11,3250.63,2806494,36852.0,58018.0,3250.0,3267.5,3239.5,3251.5,46739875,3576.6,2926.4,4322.95,2866.6,3253.5,85,3,3253.0,664,7,3252.6,1,1,3252.4,10,1,3252.0,1,1,3254.0,185,1,3254.9,4,1,3255.0,107,4,3256.0,278,3,3257.7,46,1
11536,2025-12-30 15:29:40+05:30,3254.0,5,3250.63,2806494,36852.0,58018.0,3250.0,3267.5,3239.5,3251.5,46739875,3576.6,2926.4,4322.95,2866.6,3253.5,85,3,3253.0,664,7,3252.6,1,1,3252.4,10,1,3252.0,1,1,3254.0,185,1,3254.9,4,1,3255.0,107,4,3256.0,278,3,3257.7,46,1
11536,2025-12-30 15:29:40+05:30,3254.0,5,3250.63,2806504,36326.0,58013.0,3250.0,3267.5,3239.5,3251.5,46739875,3576.6,2926.4,4322.95,2866.6,3253.5,80,3,3253.0,664,7,3252.6,1,1,3252.4,10,1,3252.0,1,1,3254.0,180,1,3254.9,4,1,3255.0,107,4,3255.6,175,1,3256.0,103,2
11536,2025-12-30 15:29:41+05:30,3253.5,3,3250.63,2806504,36326.0,58013.0,3250.0,3267.5,3239.5,3251.5,46739875,3576.6,2926.4,4322.95,2866.6,3253.5,80,3,3253.0,664,7,3252.6,1,1,3252.4,10,1,3252.0,1,1,3254.0,180,1,3254.9,4,1,3255.0,107,4,3255.6,175,1,3256.0,103,2
11536,2025-12-30 15:29:41+05:30,3253.5,22,3250.63,2806530,36125.0,58013.0,3250.0,3267.5,3239.5,3251.5,46739875,3576.6,2926.4,4322.95,2866.6,3253.5,54,3,3253.0,664,7,3252.6,1,1,3252.4,10,1,3252.0,1,1,3254.0,180,1,3254.9,4,1,3255.0,107,4,3255.6,175,1,3256.0,103,2
11536,2025-12-30 15:29:42+05:30,3253.5,22,3250.63,2806530,36125.0,58013.0,3250.0,3267.5,3239.5,3251.5,46739875,3576.6,2926.4,4322.95,2866.6,3253.5,54,3,3253.0,664,7,3252.6,1,1,3252.4,10,1,3252.0,1,1,3254.0,180,1,3254.9,4,1,3255.0,107,4,3255.6,175,1,3256.0,103,2
11536,2025-12-30 15:29:42+05:30,3253.5,22,3250.63,2806530,36300.0,58038.0,3250.0,3267.5,3239.5,3251.5,46739875,3576.6,2926.4,4322.95,2866.6,3253.5,54,3,3253.0,664,7,3252.6,1,1,3252.4,10,1,3252.0,1,1,3254.0,180,1,3254.9,29,2,3255.0,107,4,3255.6,175,1,3256.0,103,2
11536,2025-12-30 15:29:43+05:30,3254.0,5,3250.63,2806535,36311.0,58032.0,3250.0,3267.5,3239.5,3251.5,46739875,3576.6,2926.4,4322.95,2866.6,3253.5,54,3,3253.0,664,7,3252.6,1,1,3252.4,10,1,3252.0,1,1,3254.0,175,1,3254.9,29,2,3255.0,107,4,3255.6,175,1,3256.0,103,2
11536,2025-12-30 15:29:44+05:30,3255.0,66,3250.63,2806535,36311.0,58032.0,3250.0,3267.5,3239.5,3251.5,46739875,3576.6,2926.4,4322.95,2866.6,3253.5,54,3,3253.0,664,7,3252.6,1,1,3252.4,10,1,3252.0,1,1,3254.0,175,1,3254.9,29,2,3255.0,107,4,3255.6,175,1,3256.0,103,2
11536,2025-12-30 15:29:44+05:30,3253.5,5,3250.64,2806894,36279.0,57839.0,3250.0,3267.5,3239.5,3251.5,46739875,3576.6,2926.4,4322.95,2866.6,3253.0,694,8,3252.6,1,1,3252.4,10,1,3252.0,2,2,3251.9,16,1,3253.5,76,1,3254.9,1,1,3255.0,41,4,3255.6,175,1,3256.0,103,2
11536,2025-12-30 15:29:45+05:30,3253.5,2,3250.64,2806894,36279.0,57839.0,3250.0,3267.5,3239.5,3251.5,46739875,3576.6,2926.4,4322.95,2866.6,3253.0,694,8,3252.6,1,1,3252.4,10,1,3252.0,2,2,3251.9,16,1,3253.5,76,1,3254.9,1,1,3255.0,41,4,3255.6,175,1,3256.0,103,2
11536,2025-12-30 15:29:46+05:30,3253.5,42,3250.64,2807016,36024.0,57717.0,3250.0,3267.5,3239.5,3251.5,46739875,3576.6,2926.4,4322.95,2866.6,3254.0,531,1,3253.0,75,7,3252.6,1,1,3252.4,10,1,3252.0,2,2,3255.0,41,4,3255.9,1,1,3256.0,278,3,3259.0,25,1,3260.0,10,1
11536,2025-12-30 15:29:46+05:30,3254.0,10,3250.64,2807016,36024.0,57717.0,3250.0,3267.5,3239.5,3251.5,46739875,3576.6,2926.4,4322.95,2866.6,3254.0,531,1,3253.0,75,7,3252.6,1,1,3252.4,10,1,3252.0,2,2,3255.0,41,4,3255.9,1,1,3256.0,278,3,3259.0,25,1,3260.0,10,1
11536,2025-12-30 15:29:47+05:30,3254.0,10,3250.64,2807026,36014.0,57717.0,3250.0,3267.5,3239.5,3251.5,46739875,3576.6,2926.4,4322.95,2866.6,3254.0,524,2,3253.0,72,6,3252.6,1,1,3252.4,10,1,3252.0,2,2,3254.9,1,1,3255.0,41,4,3255.9,175,1,3256.0,103,2,3259.0,25,1
11536,2025-12-30 15:29:48+05:30,3254.0,10,3250.64,2807026,36016.0,57717.0,3250.0,3267.5,3239.5,3251.5,46739875,3576.6,2926.4,4322.95,2866.6,3254.0,524,2,3253.5,2,1,3253.0,72,6,3252.6,1,1,3252.4,10,1,3254.9,1,1,3255.0,41,4,3255.9,175,1,3256.0,103,2,3259.0,25,1
11536,2025-12-30 15:29:49+05:30,3255.0,10,3250.64,2807074,36139.0,57707.0,3250.0,3267.5,3239.5,3251.5,46739875,3576.6,2926.4,4322.95,2866.6,3254.0,486,2,3253.5,2,1,3253.0,62,5,3252.6,1,1,3252.4,10,1,3254.9,1,1,3255.0,34,5,3256.0,275,2,3259.0,25,1,3260.0,10,1
11536,2025-12-30 15:29:49+05:30,3255.0,10,3250.64,2807074,36139.0,57707.0,3250.0,3267.5,3239.5,3251.5,46739875,3576.6,2926.4,4322.95,2866.6,3254.0,486,2,3253.5,2,1,3253.0,62,5,3252.6,1,1,3252.4,10,1,3254.9,1,1,3255.0,34,5,3256.0,275,2,3259.0,25,1,3260.0,10,1
11536,2025-12-30 15:29:50+05:30,3254.0,3,3250.64,2807083,36130.0,57706.0,3250.0,3267.5,3239.5,3251.5,46739875,3576.6,2926.4,4322.95,2866.6,3254.1,1,1,3254.0,478,2,3253.5,2,1,3253.0,62,5,3252.6,1,1,3255.0,34,5,3255.9,175,1,3256.0,100,1,3259.0,25,1,3260.0,10,1
11536,2025-12-30 15:29:50+05:30,3254.0,3,3250.64,2807083,36130.0,57706.0,3250.0,3267.5,3239.5,3251.5,46739875,3576.6,2926.4,4322.95,2866.6,3254.1,1,1,3254.0,478,2,3253.5,2,1,3253.0,62,5,3252.6,1,1,3255.0,34,5,3255.9,175,1,3256.0,100,1,3259.0,25,1,3260.0,10,1
11536,2025-12-30 15:29:51+05:30,3254.0,3,3250.64,2807083,34517.0,57706.0,3250.0,3267.5,3239.5,3251.5,46739875,3576.6,2926.4,4322.95,2866.6,3254.1,1,1,3254.0,478,2,3253.5,2,1,3253.0,62,5,3252.6,1,1,3255.0,34,5,3255.9,175,1,3256.0,100,1,3259.0,25,1,3260.0,10,1
11536,2025-12-30 15:29:52+05:30,3254.0,3,3250.64,2807083,35737.0,57706.0,3250.0,3267.5,3239.5,3251.5,46739875,3576.6,2926.4,4322.95,2866.6,3254.1,1,1,3254.0,478,2,3253.5,2,1,3253.0,62,5,3252.6,1,1,3255.0,34,5,3255.9,175,1,3256.0,100,1,3259.0,25,1,3260.0,10,1
11536,2025-12-30 15:29:53+05:30,3254.0,3,3250.64,2807083,35737.0,57706.0,3250.0,3267.5,3239.5,3251.5,46739875,3576.6,2926.4,4322.95,2866.6,3254.1,1,1,3254.0,478,2,3253.5,2,1,3253.0,62,5,3252.6,1,1,3255.0,134,6,3255.9,175,1,3259.0,25,1,3260.0,10,1,3263.0,25,1
11536,2025-12-30 15:29:54+05:30,3254.1,1,3250.64,2807083,35737.0,57706.0,3250.0,3267.5,3239.5,3251.5,46739875,3576.6,2926.4,4322.95,2866.6,3254.1,1,1,3254.0,478,2,3253.5,2,1,3253.0,62,5,3252.6,1,1,3255.0,134,6,3255.9,175,1,3259.0,25,1,3260.0,10,1,3263.0,25,1
11536,2025-12-30 15:29:54+05:30,3254.1,1,3250.64,2807084,35737.0,57706.0,3250.0,3267.5,3239.5,3251.5,46739875,3576.6,2926.4,4322.95,2866.6,3254.1,1,1,3254.0,478,2,3253.5,2,1,3253.0,62,5,3252.6,1,1,3255.0,134,6,3255.9,175,1,3259.0,25,1,3260.0,10,1,3263.0,25,1
11536,2025-12-30 15:29:55+05:30,3254.1,1,3250.64,2807084,35917.0,57531.0,3250.0,3267.5,3239.5,3251.5,46739875,3576.6,2926.4,4322.95,2866.6,3254.1,1,1,3254.0,483,3,3253.5,2,1,3253.0,62,5,3252.6,1,1,3255.0,134,6,3259.0,25,1,3260.0,10,1,3263.0,25,1,3263.9,12,1
11536,2025-12-30 15:29:56+05:30,3254.1,1,3250.64,2807084,35742.0,57531.0,3250.0,3267.5,3239.5,3251.5,46739875,3576.6,2926.4,4322.95,2866.6,3254.1,1,1,3254.0,483,3,3253.5,2,1,3253.0,62,5,3252.6,1,1,3255.0,134,6,3259.0,25,1,3260.0,10,1,3263.0,25,1,3263.9,12,1
11536,2025-12-30 15:29:57+05:30,3254.1,1,3250.64,2807084,35567.0,57531.0,3250.0,3267.5,3239.5,3251.5,46739875,3576.6,2926.4,4322.95,2866.6,3254.1,1,1,3254.0,483,3,3253.5,2,1,3253.0,62,5,3252.6,1,1,3255.0,134,6,3259.0,25,1,3260.0,10,1,3263.0,25,1,3263.9,12,1
11536,2025-12-30 15:29:58+05:30,3255.0,9,3250.64,2807084,35567.0,57531.0,3250.0,3267.5,3239.5,3251.5,46739875,3576.6,2926.4,4322.95,2866.6,3254.1,1,1,3254.0,483,3,3253.5,2,1,3253.0,62,5,3252.6,1,1,3255.0,134,6,3259.0,25,1,3260.0,10,1,3263.0,25,1,3263.9,12,1
11536,2025-12-30 15:29:58+05:30,3255.0,4,3250.64,2807103,35557.0,57512.0,3250.0,3267.5,3239.5,3251.5,46739875,3576.6,2926.4,4322.95,2866.6,3254.0,484,4,3253.5,2,1,3253.0,62,5,3252.6,1,1,3252.4,10,1,3255.0,115,5,3259.0,25,1,3260.0,10,1,3263.0,25,1,3263.9,12,1
11536,2025-12-30 15:29:59+05:30,3255.0,4,3250.64,2807103,35557.0,57512.0,3250.0,3267.5,3239.5,3251.5,46739875,3576.6,2926.4,4322.95,2866.6,3254.0,484,4,3253.5,2,1,3253.0,62,5,3252.6,1,1,3252.4,10,1,3255.0,115,5,3259.0,25,1,3260.0,10,1,3263.0,25,1,3263.9,12,1
11536,2025-12-30 15:29:59+05:30,3255.0,4,3250.64,2807103,35129.0,57512.0,3250.0,3267.5,3239.5,3251.5,46739875,3576.6,2926.4,4322.95,2866.6,3254.0,489,5,3253.5,2,1,3253.0,62,5,3252.6,1,1,3252.4,10,1,3255.0,115,5,3259.0,25,1,3260.0,10,1,3263.0,25,1,3263.9,12,1
